9.157364e-21 0.62367165 0.7392867 0.7799708 0.9075971 0.9182105 0.8745299 0.9713623 0.93460304 0.8347882 0.8746077 0.8835175 0.969827 0.7006981 0.9724968 0.9216487 0.9083379 0.91391575 0.048403412 0.9681688 0.93220115 0.9874223 0.041950602 0.9224753 0.8269172 0.97819805 0.88635087 0.82236236 0.40601173 0.19640079 0.5982343 0.8996158 0.98372 0.638582 0.96643126 0.95622516 0.85118824 0.9191216 0.35906956 0.03253385 0.06811946 0.008751955 0.030170685 0.95106965 0.7242019 0.9801765 0.057756037 0.20556624 0.9984134 0.8306894 0.007891267 0.6121171 0.010522934 0.19110724 0.8221728 0.94448483 0.98919356 0.94879264 0.89895487 0.1300778 0.99297434 0.9688324 0.68575233 0.694897 0.13635068 0.5907399 0.019386925 0.9861655 0.13834126 0.94040036 0.8371739 0.50387347 0.51717645 0.004429317 0.06389845 0.0021485626 0.0005633568 0.9979776 0.00035678592 0.8461776 0.9828742 0.97389597 0.7821991 0.19667646 0.34646937 0.99818957 0.09111978 0.99831975 0.98091304 0.0002277873 0.123222984 0.4383779 0.98361385 0.07061518 0.7775962 0.9652638 0.9997305 0.06445107 0.00014444962 0.9663125 0.0007514017
0.62367165 2.1638046e-18 0.98668325 0.95789486 0.7980752 0.24081348 0.078200266 0.015756043 0.37355724 0.39851367 0.35532808 0.003272841 0.7230901 0.1495218 0.5147153 0.028312895 0.062827446 0.13882129 0.01559359 0.14499095 0.017930534 0.14154908 0.035843883 0.025312046 0.005860459 0.00081011775 0.001057001 0.0010977688 0.0038967358 0.06192779 0.0006549469 0.0066404315 0.0006677766 0.00038256924 5.149083e-06 4.68388e-05 0.0006401632 7.658963e-05 0.012447949 0.00037459465 0.0071890904 0.019802233 0.00013586179 0.00093156117 0.00012089123 0.008777386 5.8103295e-05 0.00013430906 0.032137576 6.1992057e-07 0.0005939909 5.026153e-05 1.4573901e-05 2.4706865e-06 9.392359e-08 0.0001282065 0.0031809313 0.00056214654 5.0754574e-05 1.3907006e-05 0.00035203283 0.00012112353 8.678514e-06 8.5685155e-05 5.3101157e-06 1.6934381e-06 5.1497996e-06 1.21052335e-05 5.7870607e-06 1.1873411e-06 5.5099586e-06 2.4854316e-07 2.2951419e-05 2.3121668e-06 5.5893397e-06 3.8093422e-06 0.00017961604 0.0013724159 2.4089918e-06 3.9717885e-05 2.5727963e-05 2.3883527e-05 6.0628104e-06 2.3675209e-07 1.0262982e-09 0.0017387033 1.2729569e-06 0.0006952362 5.5227658e-05 1.1357225e-07 1.4598966e-09 2.1120789e-08 7.9679136e-05 2.1435355e-08 2.9608648e-08 1.9239578e-06 0.00032171965 6.66595e-08 4.666184e-09 1.5603629e-06 4.945326e-06
0.7392867 0.98668325 1.4054985e-17 0.3244416 0.30988353 0.87029827 0.5098496 0.39382952 0.8198764 0.46052808 0.38225865 0.032965023 0.81313455 0.40574047 0.38328776 0.000672657 0.008077001 0.037855327 0.05043827 0.3229347 0.005374799 0.055846296 0.045028564 0.20373163 0.00052658893 3.246097e-05 9.5871794e-05 0.013632403 0.051149663 0.042907096 0.005663489 0.0031949314 0.0068061533 6.2890604e-06 0.00030841227 5.2753404e-07 0.003776421 5.223315e-06 0.0056159897 0.004783822 0.0011286015 0.0061207986 0.004252509 0.00040793009 5.7054476e-06 0.0055319536 0.00053960225 0.0008263756 0.020034542 2.0065738e-05 1.3445559e-05 4.2868956e-07 0.00013525019 5.273273e-07 5.711387e-06 0.00077114074 0.0019271312 0.005181459 8.5563566e-05 9.509361e-05 5.9668662e-05 3.6155685e-05 5.9463982e-05 3.3689926e-06 3.6609865e-05 1.9778587e-05 4.5776866e-05 5.6469664e-05 9.983152e-07 7.525541e-06 5.285937e-05 6.6168195e-06 1.7746299e-06 1.0431631e-05 9.0329394e-08 8.852974e-06 1.1864849e-05 0.0060347696 8.3967244e-08 2.6837597e-06 7.384539e-06 0.00013708233 6.9354355e-05 3.0205817e-06 2.0845006e-08 0.0018498924 9.8739655e-08 0.00045486543 1.697669e-05 3.2156393e-07 1.3285989e-10 5.6186455e-09 0.0007922432 1.4722144e-07 2.6893015e-06 2.272352e-05 0.0015576689 6.1477436e-07 5.366607e-09 0.00032557716 8.3517225e-06
0.7799708 0.95789486 0.3244416 4.470281e-16 0.9735149 0.028813643 0.022835396 0.0007010907 0.0816218 0.3154697 0.3111474 0.0006492801 0.60944176 0.17803651 0.7787691 0.5236692 0.23612382 0.4088642 0.020349722 0.042730737 0.05820801 0.24155016 0.08196654 0.0043294546 0.111388415 0.025738774 0.049273618 0.00023463352 0.00096159056 0.11788932 0.0001770301 0.013385868 0.00022602455 0.0033861808 1.3401866e-07 0.0003735921 5.287273e-05 0.001210266 0.12021735 0.00038152758 0.08380622 0.07769775 1.5779244e-05 0.0034528025 0.00021967574 0.017104907 3.4980552e-05 1.727063e-05 0.057448976 1.1670312e-07 0.011523366 0.00013358601 3.3593708e-06 4.909933e-05 2.2999632e-08 1.6120997e-05 0.004008053 7.574203e-05 7.675824e-07 7.1110924e-07 0.0004744575 0.00033979685 1.3146367e-06 0.00013526024 3.3661054e-06 8.724666e-07 1.1210263e-05 7.7554466e-07 2.2926808e-05 1.2268184e-07 3.1017422e-07 1.01276875e-07 6.496805e-05 6.2722775e-06 8.4634685e-06 1.3908397e-05 0.0006902536 0.0009653523 6.371869e-05 6.214916e-05 5.1772695e-05 3.6183503e-06 7.358026e-07 4.8961897e-07 1.4097268e-10 0.0037114152 3.614791e-06 0.0006644698 6.317256e-05 7.666566e-08 2.8071787e-09 4.212058e-07 3.492355e-05 5.629751e-08 4.9392217e-08 2.1763668e-05 0.0003428809 1.632314e-06 4.362948e-08 7.640472e-06 3.1869327e-05
0.9075971 0.7980752 0.30988353 0.9735149 2.5805862e-16 0.02225459 0.006524837 0.0004699648 0.049371835 0.7536259 0.7498203 0.0004947272 0.80144227 0.053554375 0.74823415 0.26690406 0.59246093 0.6626187 0.003967252 0.1062674 0.318163 0.63637125 0.011409908 0.010825108 0.038996506 0.02751292 0.017125383 0.00017142123 0.00042629408 0.0715219 0.00022156978 0.041013796 0.00028814268 0.0029688417 1.0045017e-06 0.0005022136 8.737455e-05 0.0021782762 0.10778196 0.00016909659 0.029015992 0.018930012 4.8407084e-05 0.0058048847 0.00036606495 0.028454307 4.7980604e-05 4.0676252e-05 0.10390375 1.9026066e-07 0.003061294 0.00019416606 5.443075e-06 5.2313335e-05 7.246068e-08 0.00011050268 0.011188467 0.00041162386 2.0653615e-06 1.5591194e-06 0.0006528348 0.0004297502 2.5359554e-06 0.0001422481 2.9994717e-06 1.2620969e-06 5.583581e-06 2.8799598e-06 7.128985e-05 1.7156881e-07 1.2006775e-06 2.8568035e-08 7.849838e-05 2.423412e-06 1.3148054e-05 5.0219533e-06 0.00025734576 0.0014617436 1.2162397e-05 7.903479e-05 0.00011230719 9.223696e-06 3.2549208e-06 1.6082974e-07 4.0070796e-09 0.003595659 7.3161655e-06 0.001324189 0.00016125756 1.4974363e-07 8.853054e-09 9.549388e-08 0.00029477273 1.14757796e-07 3.8592876e-08 8.363898e-05 0.0008397483 5.403574e-07 3.1967904e-08 8.09131e-06 2.8808181e-05
0.9182105 0.24081348 0.87029827 0.028813643 0.02225459 6.8769804e-17 0.7837961 0.91129565 0.9615354 0.052531928 0.047851432 0.44526947 0.7715292 0.45535955 0.07163733 6.240836e-05 0.00042845504 0.0033403132 0.041927256 0.6897899 0.0019677537 0.014215677 0.01801451 0.5704483 0.00020369046 4.126469e-06 3.7182665e-05 0.16025138 0.26008132 0.004452857 0.059999123 0.0021740529 0.05100476 8.112101e-06 0.013506259 8.589976e-07 0.08575897 2.5676745e-06 0.00038385586 0.0046728356 9.939462e-05 0.0013246172 0.018055368 0.00021665232 3.3036567e-06 0.006622006 0.0080155665 0.012697971 0.037627414 9.8373705e-05 3.376184e-06 4.7116566e-07 0.0021728165 6.0138075e-07 2.541404e-05 0.001971427 0.0035884054 0.009082021 0.0009979369 0.0026010864 3.5689776e-05 1.6065667e-05 4.6671725e-05 4.78932e-07 0.00015266277 1.9479208e-05 0.0006372562 9.226155e-05 2.3976809e-06 6.8664645e-05 5.1507843e-05 7.267342e-06 7.674624e-07 0.0002179839 2.409464e-07 7.34514e-05 5.5050554e-05 0.010991286 7.4851897e-07 2.5971933e-06 4.0368272e-06 0.00020162387 0.000109574066 9.619909e-06 6.458014e-08 0.0022882542 4.399586e-07 0.00046555477 1.5615979e-05 6.384478e-07 3.5046677e-10 2.8644789e-09 0.0009933938 1.3543436e-06 1.8821694e-06 1.9637857e-06 0.0016290343 1.643648e-05 4.137893e-08 0.00027341253 1.099411e-05
0.8745299 0.078200266 0.5098496 0.022835396 0.006524837 0.7837961 4.5188212e-15 0.944722 0.6596889 0.005356855 0.0053962492 0.9563503 0.25742564 0.94327444 0.024438035 0.00017965595 0.00011143651 0.0008490107 0.25816333 0.11034204 0.00023713772 0.002383728 0.07486694 0.067031614 0.00020163618 2.657415e-06 3.9257367e-05 0.46707684 0.63238364 0.007823177 0.1720598 0.00042649652 0.01299855 2.6784821e-06 0.006038843 1.6041637e-08 0.12799302 1.8651142e-06 0.00014842713 0.03104034 0.00015920082 0.0021607517 0.026589517 3.450921e-05 4.971264e-07 0.0010836957 0.009582281 0.017617127 0.0051561366 0.00031886582 2.104153e-05 7.711031e-08 0.003759867 1.1838755e-06 0.00017750938 0.0010827642 0.000299753 0.0046688775 0.0012710142 0.0046385853 9.113029e-06 2.9743322e-05 7.140668e-05 1.5112266e-06 0.00035851815 2.4811503e-05 0.0011656154 8.943985e-05 3.0313229e-06 0.0002967064 9.43517e-05 2.4711258e-05 3.0727435e-06 0.0008001865 1.2721468e-07 0.0003264334 0.00012392117 0.0052043614 2.3749631e-07 7.0341366e-06 7.5840035e-07 7.4675285e-05 0.00019312596 2.7060974e-05 2.585392e-07 0.00074650726 6.2875756e-07 0.00037617877 1.8388015e-05 7.574499e-07 1.3563586e-08 7.2292536e-08 0.0006277804 1.2327052e-06 1.46311795e-05 2.1055883e-05 0.0006643256 0.00040339562 4.961789e-08 0.00033760074 1.1598691e-05
0.9713623 0.015756043 0.39382952 0.0007010907 0.0004699648 0.91129565 0.944722 1.9392625e-15 0.8374796 0.006225924 0.0058977436 0.9088342 0.63133436 0.44674644 0.0030833655 8.9225585e-07 8.135646e-06 0.00022114968 0.025404004 0.65230775 6.378782e-05 0.0011825279 0.008616256 0.55069375 1.0841606e-05 7.42045e-08 3.2061652e-07 0.5622643 0.3391937 0.00051593315 0.25379488 0.0002635086 0.111153975 1.1117489e-07 0.3186639 1.3303847e-09 0.3227426 4.2512372e-08 5.1569083e-07 0.0042593824 7.3873143e-06 6.974523e-05 0.021052638 1.9236231e-05 4.078849e-08 0.0010817286 0.03298448 0.05071113 0.025404798 0.014813302 4.681707e-06 3.3166108e-09 0.0065277284 1.6790752e-07 0.00069207454 0.010662699 0.00046662556 0.025615448 0.01601483 0.018896386 4.30343e-06 4.417321e-06 0.00035259395 8.767725e-08 0.0011520779 0.00022889875 0.0032562297 0.0007629424 4.045747e-07 0.00082113646 0.0005646393 0.00016219917 8.5789104e-08 0.001651642 9.121371e-09 0.0002983268 5.8869396e-06 0.026788952 1.6459755e-07 1.2391425e-07 2.1395012e-07 0.00039946585 0.00015753646 0.00011349859 3.1387447e-07 0.0014005089 1.7621123e-07 0.0003723882 5.5087285e-06 3.901579e-06 2.0602407e-10 1.0821673e-08 0.0028682547 8.0631935e-06 1.26485575e-05 6.6511675e-06 0.0035249512 0.00019854568 1.0681746e-06 0.0007717781 4.0166527e-05
0.93460304 0.37355724 0.8198764 0.0816218 0.049371835 0.9615354 0.6596889 0.8374796 8.820993e-17 0.08162038 0.069398895 0.4309302 0.8701196 0.40050882 0.19019277 0.00016546973 0.0004145673 0.003973692 0.02881078 0.7511995 0.00065921585 0.018864691 0.019809496 0.6024251 0.00024976608 2.0280399e-05 4.147943e-05 0.18533723 0.2475128 0.010910645 0.060360074 0.002420434 0.10103678 8.379567e-06 0.03215373 1.4800959e-06 0.10119064 9.792716e-06 0.00045464686 0.003958935 0.0002446338 0.0013525444 0.013943062 0.00020586266 5.236602e-06 0.008524658 0.00476122 0.009962333 0.07084998 0.00048278595 2.7829424e-06 4.5864698e-07 0.0006984327 4.9613607e-07 5.106472e-05 0.0033816611 0.005124332 0.016945401 0.0013022093 0.0015621186 7.3489384e-05 2.4845383e-05 0.00013446475 6.341128e-07 0.00013651521 6.06142e-05 0.0003552982 0.0003202045 1.4293087e-06 0.00036462094 8.655392e-05 2.3616105e-05 3.636361e-07 0.00013091194 1.1488197e-07 8.9236986e-05 8.665356e-06 0.023298832 8.653109e-08 1.3652847e-06 9.700528e-06 0.0003085579 0.0001279428 2.6033073e-05 1.6149087e-06 0.0051229685 4.151995e-07 0.0014519625 5.2483138e-05 5.358175e-07 1.040338e-10 3.3948666e-09 0.004472752 5.538512e-06 1.2843442e-05 8.583102e-06 0.0059867245 2.4518837e-05 1.6377886e-08 0.00097553246 9.346272e-06
0.8347882 0.39851367 0.46052808 0.3154697 0.7536259 0.052531928 0.005356855 0.006225924 0.08162038 1.995217e-17 0.98665696 0.0016274055 0.8874269 0.014270084 0.22406842 0.029266905 0.12878019 0.33885235 0.0009656699 0.25038502 0.1601013 0.80431587 0.002213303 0.067078695 0.004806731 0.0060023856 0.0028130563 0.000546671 0.00043091367 0.003504921 0.00034340253 0.09057264 0.0022375535 0.0008339454 1.8627758e-05 0.000623596 0.00033112682 0.00036977386 0.0053216596 3.7591446e-05 0.0017625539 0.001642031 1.3989638e-05 0.00485753 0.00035151874 0.09202948 2.1978962e-05 3.3891836e-05 0.25812864 3.2359326e-06 4.198507e-05 0.00011998912 4.1915996e-06 2.2513508e-05 7.391856e-07 0.00022397193 0.021730296 0.002361381 1.5781741e-05 1.8391996e-05 0.00040058463 3.1811873e-05 1.8768619e-06 8.997493e-06 5.11005e-06 2.4894753e-06 8.389617e-06 1.5701246e-05 1.991585e-05 2.3552263e-06 2.957253e-06 7.616573e-08 1.4205634e-05 6.3144453e-06 2.8245793e-06 6.1344404e-06 7.126823e-05 0.007476751 2.5378883e-06 2.106478e-05 4.3417946e-05 3.8848288e-05 8.266893e-06 8.782409e-07 4.5298574e-08 0.006774241 2.9170744e-06 0.0048169326 0.00015040637 3.1385918e-07 1.2556547e-08 1.3466712e-08 0.0034491196 7.018885e-08 2.563406e-07 6.656697e-05 0.004946425 9.383286e-07 1.981607e-08 7.580035e-05 7.0065594e-06
0.8746077 0.35532808 0.38225865 0.3111474 0.7498203 0.047851432 0.0053962492 0.0058977436 0.069398895 0.98665696 1.9005914e-17 0.0014427674 0.8377814 0.014533639 0.23262964 0.038817644 0.16208509 0.41377273 0.00076739397 0.19314852 0.22263317 0.8395814 0.0016515065 0.06392659 0.0063362597 0.011236447 0.0046976586 0.00031296062 0.0002631718 0.0026345546 0.00032168496 0.14305037 0.001901323 0.0009002385 1.1659577e-05 0.0007320088 0.00020779588 0.0005523772 0.006594687 2.0913774e-05 0.0025167079 0.002096105 8.115204e-06 0.007288165 0.00036587563 0.13234259 2.2460046e-05 3.682536e-05 0.306641 2.494892e-06 3.9956663e-05 0.00013481094 2.5680908e-06 1.4469467e-05 6.4691807e-07 0.00023046821 0.03550674 0.0024837758 9.277617e-06 1.7772036e-05 0.0005682476 6.234334e-05 4.4481094e-06 2.0735888e-05 6.4205547e-06 4.044461e-06 8.937585e-06 1.5715119e-05 1.3329745e-05 1.4286531e-06 2.779961e-06 9.975903e-08 1.9827085e-05 3.2951864e-06 3.5184016e-06 5.3070885e-06 1.956698e-05 0.009253411 1.1949966e-06 3.669813e-05 4.8557715e-05 3.7831975e-05 9.946294e-06 6.4850866e-07 2.059952e-08 0.012160538 3.5610574e-06 0.0074245464 0.0003086035 1.7844418e-07 5.3677542e-09 4.851566e-08 0.0050453944 1.3961488e-07 1.7799886e-07 0.000114233524 0.0067296983 4.3227683e-07 6.6310104e-09 7.779196e-05 4.25762e-06
0.8835175 0.003272841 0.032965023 0.0006492801 0.0004947272 0.44526947 0.9563503 0.9088342 0.4309302 0.0016274055 0.0014427674 5.293608e-15 0.093312465 0.6944564 0.0008547565 5.7606685e-06 1.759837e-05 8.2039645e-05 0.041199315 0.084555335 5.343907e-05 0.00014325703 0.010151391 0.046533998 1.071675e-05 1.6824477e-07 2.2972758e-06 0.96670175 0.6721717 0.00096838863 0.6711394 6.392722e-05 0.025666734 1.7633841e-06 0.057471063 3.1781788e-09 0.5615524 2.4183754e-07 2.246899e-06 0.013051403 1.8245546e-05 8.079207e-05 0.056317393 5.5007336e-06 2.5747548e-07 0.00027081204 0.057784393 0.10822203 0.0043611773 0.011994667 1.2600643e-06 3.587584e-08 0.01318047 3.7817074e-07 0.001208611 0.00391118 9.053367e-05 0.010422871 0.01747168 0.02810737 3.5176602e-06 1.20568775e-05 0.00037159372 2.5009345e-07 0.0019837394 0.0002470272 0.0067403535 0.00033264956 4.1576217e-07 0.0013073192 0.00023260142 0.0005543832 5.7677744e-07 0.0035075257 1.2388388e-07 0.00095729786 9.983833e-06 0.006798679 2.3359941e-07 1.9508425e-06 4.6573945e-07 0.00029459372 0.0002967313 0.00027378957 5.193121e-06 0.0002938331 9.722892e-07 0.00020920148 2.5734084e-06 1.2722522e-05 1.5693542e-08 1.6688534e-07 0.0008633236 3.192064e-05 2.3461907e-05 1.8224868e-05 0.0013017679 0.0001991738 3.952625e-06 0.00089966954 2.922082e-05
0.969827 0.7230901 0.81313455 0.60944176 0.80144227 0.7715292 0.25742564 0.63133436 0.8701196 0.8874269 0.8377814 0.093312465 6.2593236e-15 0.18255581 0.44136658 0.020548668 0.027529232 0.12892036 0.004754103 0.8873088 0.040400118 0.5305788 0.0063840407 0.70434415 0.0022918745 0.0011483347 0.0018739908 0.02793718 0.022638723 0.008827186 0.0064734765 0.017908618 0.09384063 0.00034921835 0.008552788 0.00027351893 0.005970794 0.00033388083 0.0022038985 0.00037607257 0.00037911415 0.000891308 0.0005544908 0.0012261005 0.00015117026 0.038141485 0.00055896415 0.0007943509 0.33133385 0.00048037773 6.2774834e-06 1.8122022e-05 0.00022818017 4.129642e-06 4.2016873e-05 0.0019315812 0.01526898 0.013974291 0.00024888464 0.00037071397 0.000104306324 4.7812333e-05 2.6120984e-05 6.5785957e-06 5.787092e-05 5.5988923e-05 0.00020177852 0.00020993914 1.1853528e-05 8.596664e-05 3.2915763e-05 1.218047e-05 2.3649834e-06 3.4289085e-05 3.769343e-07 7.481358e-05 1.510625e-05 0.0152683975 4.6457365e-07 6.8278564e-06 1.1345762e-05 0.00014798912 2.6761576e-05 8.266128e-06 5.9193953e-06 0.009769916 8.0020545e-06 0.0034681563 4.3120428e-05 1.1645803e-06 1.1402051e-08 1.3269802e-07 0.009181316 5.985337e-05 3.686494e-06 7.3976254e-05 0.010968407 0.00012360416 4.852749e-07 0.00039421636 3.907334e-05
0.7006981 0.1495218 0.40574047 0.17803651 0.053554375 0.45535955 0.94327444 0.44674644 0.40050882 0.014270084 0.014533639 0.6944564 0.18255581 8.642567e-16 0.19353558 0.0005693637 0.0010190723 0.0024073848 0.9648841 0.07354354 0.001163696 0.0016883902 0.8308276 0.015390122 0.00023706966 2.6109228e-05 3.743471e-05 0.260455 0.82270855 0.14885488 0.06882491 4.2178384e-05 0.002709341 3.5579985e-06 0.0019399051 6.1625013e-07 0.012469056 9.636e-07 0.0008269141 0.88236266 0.00048313112 0.0140131535 0.12543234 4.9829458e-05 8.5694876e-07 0.00029613764 0.003674809 0.0037890852 0.0022266123 0.0001711801 0.0002064385 1.15854796e-07 0.0063652517 3.6371966e-07 1.6449932e-05 0.00050464575 0.00026841564 0.0017569375 0.00032928682 0.0012969662 6.195102e-06 1.757975e-05 3.860201e-06 1.1406554e-06 8.945307e-05 1.7921164e-05 0.00036249126 3.2038424e-05 1.027717e-06 8.540973e-05 5.7205452e-06 5.319082e-06 6.4809507e-07 0.00074586686 6.9297855e-08 0.00089179777 0.002351613 0.00096249144 4.3828513e-07 2.0142168e-06 4.593088e-07 3.158895e-05 1.2811783e-05 1.0670816e-05 2.7259355e-07 0.00081084465 3.2626792e-07 0.00027141446 1.6803438e-05 9.58627e-06 3.0121514e-09 6.055931e-07 0.00031942644 2.0598627e-07 8.690333e-06 8.0671125e-05 0.0006138023 0.00089339854 2.5702177e-06 0.0009180975 2.8235494e-05
0.9724968 0.5147153 0.38328776 0.7787691 0.74823415 0.07163733 0.024438035 0.0030833655 0.19019277 0.22406842 0.23262964 0.0008547565 0.44136658 0.19353558 9.089621e-17 0.33590403 0.28445047 0.5810579 0.10736793 0.08484298 0.07020394 0.053877443 0.4231431 0.0010154198 0.20211282 0.07300872 0.052183837 0.00010115251 0.0038171466 0.9945746 0.0002233819 0.0095283445 0.00036723458 0.020559236 2.6856105e-06 0.0055924007 8.368087e-05 0.08426441 0.26692092 0.036308534 0.37909135 0.47002104 0.0004021509 0.00090922904 0.0016336254 0.013688826 2.8153243e-05 6.762928e-06 0.034921616 1.710272e-06 0.21442144 3.9806506e-05 1.0542505e-05 0.0015036112 1.1744099e-07 0.00040463053 0.003387453 0.0030789096 1.7624798e-06 1.5542048e-05 0.0005123531 0.00037955533 6.148665e-05 0.00027005636 2.9122768e-06 7.0283636e-06 1.9437013e-05 3.052251e-05 1.0487843e-05 1.3802504e-07 8.900415e-06 9.970146e-07 0.0002056623 3.0864543e-05 3.8661784e-07 7.291581e-05 0.040981088 0.026963934 0.002743021 0.0002617908 0.00015004247 3.43786e-05 4.6970938e-05 9.553979e-08 1.4324089e-08 0.004661212 2.013709e-05 0.009536317 0.00032442354 7.5439075e-06 1.5460665e-07 2.0057454e-05 0.0015957749 5.348062e-07 6.3755404e-05 0.0023424942 0.002898617 6.91638e-05 5.1838133e-06 0.0048468034 0.0021161945
0.9216487 0.028312895 0.000672657 0.5236692 0.26690406 6.240836e-05 0.00017965595 8.9225585e-07 0.00016546973 0.029266905 0.038817644 5.7606685e-06 0.020548668 0.0005693637 0.33590403 8.675822e-18 0.8499154 0.51383436 8.577934e-05 0.0008446585 0.33967796 0.06668393 0.00057963183 1.4236529e-05 0.9477851 0.94811285 0.8856139 1.4397251e-06 7.707995e-06 0.0037902943 3.8806497e-06 0.089948125 2.5212346e-05 0.44798428 1.6724117e-08 0.44866586 3.0877131e-06 0.22768034 0.40852186 8.90917e-06 0.18580449 0.014946244 3.4769982e-07 0.07294057 0.21644439 0.056265317 7.2520825e-06 1.16940755e-05 0.06704073 4.1773744e-09 0.007979636 0.035205334 5.6131773e-07 0.039136548 1.686901e-09 3.5593018e-06 0.04295043 0.00014889074 2.5146358e-07 4.5855054e-06 0.02331531 0.0101261055 3.8375845e-07 0.0031167911 4.2233064e-06 1.7003116e-07 1.2796788e-05 1.1878706e-07 0.0011117968 4.12963e-08 1.6480206e-07 1.7415193e-08 0.0010254408 3.2573273e-06 5.94949e-05 2.4284336e-05 3.6249316e-05 0.0016746944 1.5611586e-05 0.00076559983 0.0013095983 2.9212254e-06 1.0227101e-06 4.1284747e-07 5.0505156e-10 0.015340616 7.950845e-06 0.0058994293 0.00063963956 7.1359195e-06 3.0145156e-08 3.553063e-07 0.0006893787 7.724426e-08 4.0277783e-08 0.00075789075 0.0018148357 0.00016902856 3.5124746e-08 2.0368757e-06 9.795696e-06
0.9083379 0.062827446 0.008077001 0.23612382 0.59246093 0.00042845504 0.00011143651 8.135646e-06 0.0004145673 0.12878019 0.16208509 1.759837e-05 0.027529232 0.0010190723 0.28445047 0.8499154 7.799964e-15 0.9601639 0.00042370835 0.0019972313 0.9283468 0.44075987 0.00053422304 0.0007910956 0.27730358 0.81902057 0.44251254 1.122862e-06 5.5547835e-06 0.0011161824 2.214633e-06 0.43278605 0.000110290006 0.051500544 5.7945382e-08 0.20542498 6.0015436e-06 0.045907658 0.11986385 1.3356328e-05 0.035110474 0.0036650302 1.5075216e-06 0.19058576 0.05044066 0.12083536 8.426872e-06 5.7387356e-06 0.17255066 2.5919044e-07 0.0007173776 0.01952699 2.5386219e-06 0.002266661 2.6428975e-08 1.07632495e-05 0.047420625 0.00013702102 1.9962988e-07 2.644588e-07 0.02029976 0.0067498386 3.1662023e-07 0.0021023098 1.2157207e-06 2.725065e-07 6.1398896e-06 3.2784712e-07 0.00075790763 1.2088176e-06 4.5261086e-08 1.3123255e-08 0.0003156481 2.879023e-06 0.00013901603 9.611876e-06 6.0102477e-05 0.0010306163 3.302635e-05 0.00032707877 0.00068475015 8.601822e-07 7.0080125e-07 4.4841101e-07 7.655628e-10 0.030717801 4.2392072e-05 0.0079192445 0.0005809764 1.030744e-06 1.9455409e-07 2.195886e-06 0.00028609452 3.0898738e-07 6.029479e-09 0.0004532142 0.0011964056 1.0700741e-06 3.9553548e-08 7.5004596e-07 4.8583566e-05
0.91391575 0.13882129 0.037855327 0.4088642 0.6626187 0.0033403132 0.0008490107 0.00022114968 0.003973692 0.33885235 0.41377273 8.2039645e-05 0.12892036 0.0024073848 0.5810579 0.51383436 0.9601639 4.212808e-15 0.00025646304 0.013065949 0.9591836 0.82273346 0.00042447663 0.0044197156 0.1589695 0.379815 0.10673945 1.1667353e-05 1.4780625e-05 0.0024661631 5.955856e-06 0.48378956 0.00046113774 0.025282191 3.6273332e-06 0.09389649 5.4522975e-06 0.060914394 0.11770671 1.1198628e-05 0.021435233 0.0030204915 1.2918912e-06 0.09344263 0.011718588 0.14611563 2.745284e-06 2.1678602e-06 0.28288132 1.4381687e-06 0.00044483048 0.0033848388 1.455685e-06 0.00063923467 1.4249378e-07 3.8569902e-05 0.06715867 0.00035571604 3.4945668e-07 7.172739e-07 0.004097263 0.0011416889 9.236058e-07 0.00016512655 7.3027155e-07 1.7514327e-06 3.0806657e-06 5.049818e-06 0.00028157097 4.4773327e-07 8.795366e-07 2.5598798e-08 0.00016907677 3.587591e-06 2.4021909e-05 1.0527544e-05 2.5313006e-05 0.0024871712 1.47496885e-05 0.00030357897 0.00017765503 1.266054e-05 4.0651603e-06 1.1863095e-07 8.6077545e-09 0.026120527 1.9745587e-05 0.009464203 0.00041675047 1.046852e-06 2.9784408e-08 1.1894775e-06 0.0027370472 2.2206297e-07 5.642608e-08 0.00033757612 0.00392302 3.6982267e-06 9.6717805e-08 4.333988e-05 2.431001e-05
0.048403412 0.01559359 0.05043827 0.020349722 0.003967252 0.041927256 0.25816333 0.025404004 0.02881078 0.0009656699 0.00076739397 0.041199315 0.004754103 0.9648841 0.10736793 8.577934e-05 0.00042370835 0.00025646304 4.0674298e-15 0.0026382606 0.00030529688 0.0003026375 0.99504477 0.00105701 0.0002477378 1.4484515e-05 4.26053e-05 0.008856272 0.13547842 0.09498015 0.0020441732 5.8480808e-05 0.0003974955 2.4275976e-05 0.0009744325 1.094047e-06 0.00029665293 2.8166414e-06 0.00021378134 0.43071514 0.00020113373 0.0009621808 0.0035605142 4.404968e-05 3.9701963e-06 7.464268e-05 0.00012678502 0.00014137026 0.00025405522 0.00017781282 9.037986e-05 4.9006167e-06 0.00015336073 8.421871e-07 1.794059e-05 0.00033913288 9.8242446e-05 0.0002702604 0.00012436135 0.00017585256 1.0226267e-05 4.52865e-05 4.8518745e-05 6.8209745e-05 3.373949e-05 5.0081002e-05 7.079155e-05 0.00011846607 7.644853e-06 4.1715626e-05 2.6394306e-05 7.8398276e-05 1.3000688e-05 5.1269322e-05 3.0956976e-06 0.00011645559 5.1064962e-05 0.0005010501 6.5607367e-07 4.459843e-05 9.297864e-06 0.0002225212 0.00025814612 5.7875473e-06 1.6726464e-06 0.001029203 2.9278159e-08 9.044228e-05 0.00010514587 4.1978637e-06 6.417518e-08 5.457877e-07 0.00013212883 6.398448e-09 2.3362036e-05 3.9462804e-05 0.00028545244 1.6570873e-05 4.6500097e-07 0.0002796247 1.6613043e-05
0.9681688 0.14499095 0.3229347 0.042730737 0.1062674 0.6897899 0.11034204 0.65230775 0.7511995 0.25038502 0.19314852 0.084555335 0.8873088 0.07354354 0.08484298 0.0008446585 0.0019972313 0.013065949 0.0026382606 5.9553914e-17 0.00496029 0.03720245 0.0009824948 0.9726573 0.0004193979 0.00016258293 0.00031748458 0.037148952 0.019238107 0.002934627 0.013497985 0.022698985 0.4952859 0.00012744266 0.1921501 3.579377e-05 0.01851081 5.9891117e-05 0.000733605 0.00019165246 0.00017610533 0.0021347546 0.00031892845 0.0011882288 8.159893e-05 0.062445413 0.0011321065 0.0025662498 0.4739993 0.003550371 6.680314e-06 1.9576964e-05 0.00013034188 9.096558e-06 0.0009263445 0.01682951 0.031484406 0.07510543 0.0033171 0.0011684311 0.00042847218 0.00012938146 0.0005408702 1.6875352e-05 0.0002532345 0.0002982093 0.00022151611 0.0013996611 1.8614119e-05 0.0005897634 0.00046781925 9.895888e-05 1.9678044e-05 2.4440604e-05 4.009754e-06 2.873925e-05 0.00015029366 0.08909664 4.9929995e-06 2.7739694e-05 0.00012025408 0.0005943779 0.000329186 2.8822607e-05 4.6405453e-06 0.034170263 4.351634e-06 0.0076191756 0.00035914645 2.5185109e-06 3.4304324e-09 1.9210728e-07 0.026707793 4.4334745e-05 6.876065e-05 0.00024980443 0.021536302 0.00027099962 3.0695054e-07 0.0014119948 6.9105256e-05
0.93220115 0.017930534 0.005374799 0.05820801 0.318163 0.0019677537 0.00023713772 6.378782e-05 0.00065921585 0.1601013 0.22263317 5.343907e-05 0.040400118 0.001163696 0.07020394 0.33967796 0.9283468 0.9591836 0.00030529688 0.00496029 2.2445007e-15 0.78047913 0.00040793902 0.0018743563 0.059419617 0.3878541 0.12836605 2.5190918e-06 1.298344e-05 0.00033786177 2.5191641e-06 0.8528471 0.00016890849 0.0140600465 5.04984e-07 0.08659447 2.3094088e-05 0.010145457 0.026470972 1.9061521e-05 0.005360136 0.0010309693 1.6313879e-06 0.5047474 0.015262792 0.39149377 9.239226e-06 8.04634e-06 0.29520428 4.7006336e-07 0.0002885981 0.006288479 1.3189441e-06 0.0005983819 1.7110393e-07 8.662394e-05 0.17379372 0.00029745037 3.3968263e-07 5.579011e-07 0.050523315 0.007333606 2.5596428e-06 0.0032824231 1.6003102e-06 3.7454051e-06 2.482865e-06 7.302934e-06 0.0010137236 7.170188e-07 7.873935e-07 3.6672777e-08 0.0009844099 3.280384e-06 0.0002182716 1.1689895e-05 1.2505e-05 0.0026021495 1.1511667e-05 0.00077499246 0.0013541325 1.972086e-05 2.7667393e-06 1.0962256e-06 2.719733e-08 0.0862008 8.993517e-05 0.023169996 0.0013654673 1.2886783e-06 7.688741e-07 3.5736502e-05 0.0045034713 1.0702292e-06 9.646743e-08 0.0013957854 0.0059189554 2.145975e-05 4.07501e-07 6.7202886e-06 5.9095782e-05
0.9874223 0.14154908 0.055846296 0.24155016 0.63637125 0.014215677 0.002383728 0.0011825279 0.018864691 0.80431587 0.8395814 0.00014325703 0.5305788 0.0016883902 0.053877443 0.06668393 0.44075987 0.82273346 0.0003026375 0.03720245 0.78047913 1.0689089e-16 0.0003268056 0.013476909 0.013899959 0.042709958 0.012692784 3.6064943e-05 4.41305e-05 0.00027446038 5.5087265e-05 0.68987626 0.0039740657 0.0013783129 1.915663e-05 0.004027103 3.27092e-05 0.0009678762 0.0020995748 2.971548e-05 0.000400053 0.00011270729 3.815825e-06 0.035073616 0.0010584308 0.57075304 3.4204655e-05 4.881066e-05 0.83473176 4.9197547e-06 3.8018186e-06 0.00034371164 7.559572e-06 0.0001497557 2.037771e-06 0.0007062435 0.22265609 0.005023168 9.705363e-07 1.7100894e-06 0.00115577 0.00021786461 1.1240668e-05 6.592573e-05 3.832967e-06 1.684914e-05 3.912138e-06 4.305821e-05 9.5260715e-05 1.5134781e-06 1.1350772e-05 1.2683677e-06 9.712437e-05 1.1979748e-06 7.908371e-07 2.38288e-06 1.6027402e-06 0.01399439 1.0438099e-07 0.00010734369 7.202296e-05 6.3661355e-05 1.2573844e-05 7.5272385e-07 4.465544e-08 0.08314222 5.630213e-06 0.03659674 0.00034140993 5.7406214e-07 3.2066218e-08 7.1293044e-07 0.027306003 2.1643793e-06 1.2090194e-06 0.0006278738 0.024694335 1.8337563e-05 2.2047904e-07 0.00020768077 5.029648e-05
0.041950602 0.035843883 0.045028564 0.08196654 0.011409908 0.01801451 0.07486694 0.008616256 0.019809496 0.002213303 0.0016515065 0.010151391 0.0063840407 0.8308276 0.4231431 0.00057963183 0.00053422304 0.00042447663 0.99504477 0.0009824948 0.00040793902 0.0003268056 1.1141766e-16 0.00060831395 0.0009812302 5.3098705e-05 0.00018593033 0.0005769254 0.028384196 0.7312942 0.00034947207 8.78576e-05 4.1084517e-05 0.00014619304 0.00013176969 5.8095166e-06 0.00010608713 3.3783435e-05 0.0013257262 0.9801767 0.0017474988 0.022798799 0.0005823452 2.3991483e-05 1.4978577e-05 8.102928e-05 3.4049997e-05 3.265033e-05 0.00012463835 4.4178712e-05 0.001372961 4.4021776e-06 3.5518202e-05 3.2817636e-06 5.438074e-06 3.7118927e-05 2.435338e-05 2.511008e-05 2.3411305e-05 1.6068565e-05 2.6680027e-05 6.8791735e-05 8.485581e-06 6.645534e-05 2.6402111e-05 5.4394536e-06 1.4224328e-05 2.1273669e-05 3.9524175e-06 1.5911664e-05 1.1475102e-05 8.403919e-06 1.838144e-05 6.7246738e-06 1.5323353e-06 6.8780784e-05 0.0013942801 0.00028682916 1.01966725e-05 2.5149258e-05 1.4378651e-05 3.530709e-05 3.454003e-05 5.023565e-07 1.3236219e-07 0.0006972883 5.4575413e-08 2.5574602e-05 0.0002725321 2.5070045e-07 3.429479e-08 1.0506046e-06 4.6504865e-06 4.4239674e-09 5.8849805e-06 8.153371e-06 5.844457e-05 1.0345839e-06 3.636073e-07 0.00011363808 2.927806e-05
0.9224753 0.025312046 0.20373163 0.0043294546 0.010825108 0.5704483 0.067031614 0.55069375 0.6024251 0.067078695 0.06392659 0.046533998 0.70434415 0.015390122 0.0010154198 1.4236529e-05 0.0007910956 0.0044197156 0.00105701 0.9726573 0.0018743563 0.013476909 0.00060831395 5.263041e-16 2.6757365e-05 2.7331657e-06 3.5822355e-05 0.04415605 0.007768387 8.64616e-05 0.012690793 0.0071403827 0.9191365 1.1193765e-06 0.812796 4.3543298e-07 0.015261205 9.943107e-06 1.8959234e-05 5.8462407e-05 6.7862575e-06 0.00029114078 0.00019527804 0.0003410115 2.3075365e-06 0.020620884 0.000975733 0.002134027 0.18651345 0.20469818 6.08447e-07 1.202218e-07 8.156361e-05 4.6769165e-07 0.014184842 0.16701321 0.009776845 0.16561595 0.008302922 0.0022072522 1.1077464e-05 2.6716834e-06 0.013028708 1.474073e-07 0.000194092 0.014324782 0.000256648 0.0369814 3.7886766e-06 0.002983887 0.0048975074 0.0024709683 9.767798e-07 6.3735395e-05 3.7143305e-08 2.0900394e-05 3.6488564e-05 0.109448045 1.0013797e-06 2.3472169e-06 2.036314e-06 0.005113175 0.0031302122 5.594991e-05 0.0003177293 0.025968961 1.3435381e-07 0.007026772 4.3409913e-05 3.877487e-06 2.6271728e-11 1.31984095e-08 0.0592563 5.879111e-05 0.0001496031 1.04195315e-05 0.028155157 9.72444e-05 6.372084e-08 0.002377743 2.846536e-05
0.8269172 0.005860459 0.00052658893 0.111388415 0.038996506 0.00020369046 0.00020163618 1.0841606e-05 0.00024976608 0.004806731 0.0063362597 1.071675e-05 0.0022918745 0.00023706966 0.20211282 0.9477851 0.27730358 0.1589695 0.0002477378 0.0004193979 0.059419617 0.013899959 0.0009812302 2.6757365e-05 2.9270011e-15 0.58221763 0.95013946 1.707464e-06 9.108016e-06 0.008520695 5.368756e-06 0.025634464 6.135602e-05 0.91307473 4.8299125e-07 0.40284604 3.0385354e-06 0.6863664 0.625515 9.8941426e-05 0.45685855 0.053546995 3.7104996e-06 0.043580674 0.43787733 0.01683662 9.861666e-06 1.2058189e-05 0.013321905 9.666659e-07 0.032881174 0.07408057 9.843193e-06 0.19540697 7.797343e-08 2.32839e-05 0.012372899 6.264736e-05 1.022165e-06 3.6282378e-07 0.009235368 0.0067483042 5.114716e-06 0.004843112 1.603487e-05 1.8246285e-06 1.5877044e-05 8.215927e-07 0.0034055097 4.27082e-06 5.685153e-07 4.0842576e-07 0.0011372921 1.27964095e-05 0.00019599897 0.00044750026 0.001269739 0.00095914735 0.0001470105 0.0007477499 0.0015278688 6.8986765e-06 3.3073313e-05 4.7777853e-06 5.9389595e-08 0.004965972 7.7906516e-05 0.0022285103 0.0006080712 3.45256e-05 1.5526115e-06 2.8966517e-06 0.00032517317 2.488025e-06 8.047054e-06 0.00047500487 0.0010828215 0.00049534 2.3891191e-06 0.00016482416 0.00028858185
0.97819805 0.00081011775 3.246097e-05 0.025738774 0.02751292 4.126469e-06 2.657415e-06 7.42045e-08 2.0280399e-05 0.0060023856 0.011236447 1.6824477e-07 0.0011483347 2.6109228e-05 0.07300872 0.94811285 0.81902057 0.379815 1.4484515e-05 0.00016258293 0.3878541 0.042709958 5.3098705e-05 2.7331657e-06 0.58221763 7.506043e-16 0.915856 3.4185526e-08 6.9038e-07 0.00027543135 1.3821274e-07 0.25948775 1.0110163e-05 0.34731826 6.9942114e-09 0.7637776 2.7382703e-07 0.3598178 0.21814407 1.2587612e-06 0.04755428 0.0008461036 7.748775e-08 0.7713939 0.35338545 0.14178431 2.4214046e-06 1.0505996e-06 0.101122916 6.167439e-09 0.0005481238 0.17133453 2.327686e-07 0.06062107 1.0566308e-09 1.3653173e-06 0.18607654 0.000107075284 4.378638e-08 2.2233951e-07 0.28414053 0.085841365 3.179357e-08 0.023843082 1.4945145e-07 3.4224215e-08 8.165271e-07 4.0301146e-08 0.015168755 2.7043235e-08 1.2594828e-08 4.369442e-09 0.005795269 5.9465174e-07 0.00088901975 3.9145375e-06 7.2048965e-06 0.00053225027 2.3125197e-06 0.0012340134 0.0064128754 1.965411e-07 2.8318578e-07 2.0920973e-07 9.232143e-10 0.08100093 0.000101610014 0.039210573 0.008893891 7.055908e-07 2.5235968e-07 8.465016e-05 0.0016181687 8.646444e-08 4.596105e-08 0.004607094 0.003949389 2.5566776e-05 1.7934413e-07 1.7886545e-06 1.3513343e-05
0.88635087 0.001057001 9.5871794e-05 0.049273618 0.017125383 3.7182665e-05 3.9257367e-05 3.2061652e-07 4.147943e-05 0.0028130563 0.0046976586 2.2972758e-06 0.0018739908 3.743471e-05 0.052183837 0.8856139 0.44251254 0.10673945 4.26053e-05 0.00031748458 0.12836605 0.012692784 0.00018593033 3.5822355e-05 0.95013946 0.915856 2.4122152e-17 4.2741675e-07 3.4720824e-06 0.00067529 4.204124e-07 0.05684738 4.586665e-06 0.81113833 4.2094573e-08 0.8571499 3.2813882e-06 0.28164878 0.330996 1.1901328e-05 0.105219305 0.0068785157 2.1755397e-06 0.16276819 0.849174 0.047662955 3.6148424e-06 8.657138e-06 0.03050027 3.8989157e-08 0.0027719303 0.25173938 1.0601925e-06 0.24332125 3.3299852e-09 1.4565363e-06 0.04108894 5.1603643e-06 6.349891e-07 1.5762076e-06 0.11035817 0.06708946 1.6761233e-07 0.042583134 1.0695926e-06 2.4688575e-07 8.461686e-06 9.482233e-08 0.01284544 8.6598584e-07 4.9566143e-08 1.3588056e-08 0.008702173 4.0418487e-05 0.0026657113 0.0002098869 5.9900423e-05 0.00075689034 6.7431442e-06 0.0034201252 0.0071442346 1.3337826e-06 3.750838e-06 4.3800353e-07 1.27240805e-08 0.01927759 0.00017800117 0.0066595837 0.00476168 4.0968273e-05 1.313063e-06 6.2462066e-05 0.0009619381 9.578356e-08 4.2727896e-07 0.0009989856 0.0018309037 0.00026687756 1.3983461e-07 9.521553e-06 4.0147224e-05
0.82236236 0.0010977688 0.013632403 0.00023463352 0.00017142123 0.16025138 0.46707684 0.5622643 0.18533723 0.000546671 0.00031296062 0.96670175 0.02793718 0.260455 0.00010115251 1.4397251e-06 1.122862e-06 1.1667353e-05 0.008856272 0.037148952 2.5190918e-06 3.6064943e-05 0.0005769254 0.04415605 1.707464e-06 3.4185526e-08 4.2741675e-07 1.06606654e-16 0.9443421 0.000121314624 0.9766141 4.5628826e-06 0.017325692 1.7009408e-07 0.02132073 2.8819882e-09 0.7725527 1.11515334e-07 8.80921e-07 0.05825385 3.192825e-07 7.4134136e-06 0.11472995 4.786035e-06 1.3285452e-07 2.1221007e-05 0.16337432 0.22386888 0.00095958024 0.0020637338 8.9759894e-08 1.3608175e-09 0.061167147 4.4002073e-07 0.00048170378 0.0021708366 2.0004556e-05 0.0063277264 0.0058048293 0.02374949 5.8698777e-07 1.12972075e-05 5.7051355e-05 1.4129026e-07 0.0027395152 1.8848343e-05 0.005409107 7.1217204e-05 1.1472567e-06 7.5464595e-05 7.5407035e-05 3.5392957e-05 5.3318064e-07 0.0027621442 1.7199369e-08 0.0012427464 4.3203636e-06 0.0037584242 3.341885e-08 2.6295982e-06 6.761441e-07 4.2441505e-05 4.794754e-05 6.5223044e-06 6.195468e-08 0.00031094003 5.2253256e-07 0.00032522122 1.51974455e-05 3.84587e-06 1.4751974e-08 4.5991455e-09 0.00055899506 2.2684922e-06 1.7643077e-06 2.9880217e-05 0.00041320987 0.0001390289 2.5038986e-07 0.00021856946 7.348927e-06
0.40601173 0.0038967358 0.051149663 0.00096159056 0.00042629408 0.26008132 0.63238364 0.3391937 0.2475128 0.00043091367 0.0002631718 0.6721717 0.022638723 0.82270855 0.0038171466 7.707995e-06 5.5547835e-06 1.4780625e-05 0.13547842 0.019238107 1.298344e-05 4.41305e-05 0.028384196 0.007768387 9.108016e-06 6.9038e-07 3.4720824e-06 0.9443421 4.1705449e-16 0.0028548185 0.91929746 1.9460688e-06 0.0007103681 4.2507244e-07 0.0013927418 7.49027e-08 0.64279705 2.1619233e-07 2.1094986e-06 0.913481 1.5585692e-06 8.872944e-05 0.9374606 6.022583e-07 1.0008781e-07 8.968579e-06 0.62068576 0.27017358 4.8889626e-05 0.00013426167 1.48664e-06 1.9558367e-08 0.7007836 2.6633938e-07 2.6337682e-05 0.00018543877 4.1788153e-06 0.00025086754 0.00042372188 0.012437066 4.845874e-06 4.4189375e-05 2.4718413e-06 3.5609165e-07 0.00063766376 1.3582187e-06 0.0039846636 3.367794e-06 1.6853921e-06 5.6356308e-05 8.895587e-06 7.672069e-07 1.952138e-06 0.0050652428 7.690731e-08 0.02154101 3.555582e-05 0.0006716487 8.953828e-08 1.2992308e-05 7.584529e-06 1.2121973e-05 1.050834e-06 1.938606e-06 9.182589e-09 0.00017280063 1.5141986e-06 4.1165426e-05 1.3959704e-05 4.93092e-06 1.7387536e-09 7.330144e-07 2.0703304e-05 8.2889613e-07 4.298301e-07 4.3288906e-05 0.00018096973 0.0006033757 2.1219012e-06 0.00012856879 1.0435523e-05
0.19640079 0.06192779 0.042907096 0.11788932 0.0715219 0.004452857 0.007823177 0.00051593315 0.010910645 0.003504921 0.0026345546 0.00096838863 0.008827186 0.14885488 0.9945746 0.0037902943 0.0011161824 0.0024661631 0.09498015 0.002934627 0.00033786177 0.00027446038 0.7312942 8.64616e-05 0.008520695 0.00027543135 0.00067529 0.000121314624 0.0028548185 3.5175202e-13 0.000106788946 2.0952042e-05 4.225899e-05 0.0010318358 0.00017135144 5.8488393e-05 0.00039767424 0.0045688446 0.11971828 0.09379558 0.2520461 0.9530933 0.0005021058 3.2349315e-05 6.273184e-05 2.8643046e-05 4.348968e-05 0.00013854829 0.00019398596 1.9591645e-05 0.23523118 3.6625386e-06 7.671478e-05 5.954877e-05 5.2717523e-06 0.00020465274 3.7557656e-05 0.00019379311 3.6885795e-06 7.419485e-05 6.533987e-05 0.000108650456 3.9901144e-05 3.4896486e-05 1.2693399e-05 1.5243997e-05 0.00022396061 0.00017815537 4.75182e-06 1.329444e-05 7.468227e-05 3.966315e-05 1.4104134e-05 0.00039717357 5.464958e-08 0.0011230479 0.0751791 0.0008577983 0.0017461285 2.391808e-05 3.0505082e-05 0.00012729604 0.0003912614 1.1377411e-05 1.2631228e-06 0.0011864573 1.2757148e-05 0.00027822686 0.00043544444 8.823831e-05 5.2594288e-08 2.362559e-05 1.9863877e-05 6.797405e-06 0.0012105921 0.00011621683 0.00019955843 5.0509618e-05 5.4129123e-06 0.012421704 0.0009975287
0.5982343 0.0006549469 0.005663489 0.0001770301 0.00022156978 0.059999123 0.1720598 0.25379488 0.060360074 0.00034340253 0.00032168496 0.6711394 0.0064734765 0.06882491 0.0002233819 3.8806497e-06 2.214633e-06 5.955856e-06 0.0020441732 0.013497985 2.5191641e-06 5.5087265e-05 0.00034947207 0.012690793 5.368756e-06 1.3821274e-07 4.204124e-07 0.9766141 0.91929746 0.000106788946 2.283771e-16 5.322783e-07 0.0101979375 2.886827e-07 0.06906181 6.8455734e-09 0.9609166 1.4330341e-07 5.6995254e-06 0.104925655 6.485179e-07 1.0915202e-05 0.19900447 1.2581744e-06 1.0942957e-07 6.3690163e-06 0.48370695 0.50520825 0.0003180009 0.010288365 4.650968e-07 1.1984238e-08 0.2311384 2.280828e-07 0.0025448347 0.0019604103 9.411422e-06 0.0025679355 0.018011848 0.075583294 1.8788501e-06 4.816902e-06 0.00020235393 3.3745857e-07 0.0063493494 0.00010776269 0.014933727 0.00028008965 1.710843e-06 0.0020995107 0.0002390131 0.000230137 7.8964115e-07 0.009234404 4.388939e-08 0.0060289768 1.02735585e-05 0.0012115929 2.0588689e-07 2.3467512e-06 7.5133323e-07 0.0001296919 0.00013112811 8.2935956e-05 1.4007834e-07 0.0004099221 9.0171164e-07 9.614741e-05 6.6030084e-06 6.170543e-06 1.1581143e-08 1.3959697e-08 9.432605e-05 2.2630493e-06 5.5996534e-06 1.7689562e-06 0.00027935524 0.00025124222 1.492581e-06 0.00014567641 6.187974e-06
