2.4501205e-15 0.9113237 0.2068788 0.16503426 0.88729787 0.54426783 0.8349062 0.948939 0.98366195 0.79466224 0.9918441 0.9149777 0.99975324 0.88382995 0.94593835 0.9493028 0.12285587 0.92009723 0.9986218 0.9994779 0.9398547 0.7378779 0.91392833 0.8509934 0.98797584 0.9977476 0.0076491013 0.0010607443 0.9073482 0.9997614 0.22860564 0.010335115 0.9839534 0.8494196 0.031667322 0.9997417 0.7112689 0.9789947 0.907725 0.999313 0.9378349 0.936986 0.9843685 0.99885494 0.8916348 0.0001938406 0.98366344 0.97336847 0.14429224 0.68275154 0.737515 0.9745662 0.94431806 0.5150188 0.61087024 0.7848413 0.9918282 0.9724271 0.9724626 0.009161951 0.45674363 0.53436196 0.9170055 0.084035434 0.07640157 0.97151875 0.5436668 0.9114892 0.6617746 0.8607467 0.96329886 0.8676833 0.9307256 0.026095236 0.008775925 0.35113046 0.9367763 0.0022055532 0.0008341713 0.32076162 0.5828727 0.18213387 0.18241547 0.65432256 0.054959774 0.10115416 0.09303969 0.47931096 0.27673894 0.36955494 0.050532736 0.516394 0.050162964 0.03799753 0.00019615697 0.00019321733 0.02989464 0.5166563 0.07780257 0.05781941 0.048915945
0.9113237 1.9392654e-12 0.49685985 0.1759786 0.99355876 0.9723821 0.11523064 0.4087246 0.0055011753 0.00080772315 0.8473109 0.14941736 0.9699336 0.00063970365 0.005765335 0.0038864703 0.16481358 0.027772447 0.018186636 0.0147481 0.001997153 0.00035979383 0.00022388971 0.010032056 0.0006394082 0.0047580716 0.00028249837 5.2586343e-05 0.00035292853 0.0029169647 0.008600064 3.8949263e-05 8.517539e-05 0.00021252003 2.718332e-05 0.003241307 0.00022977426 0.0019555367 1.010491e-05 0.00053636334 1.1603658e-05 1.3156583e-05 1.007129e-06 7.443767e-05 8.7718706e-07 0.0001332857 6.5436307e-06 7.2460407e-06 4.6225236e-06 8.401131e-06 1.20467175e-05 1.5209124e-06 4.3442196e-06 6.255133e-06 1.9024672e-07 1.534826e-08 5.9637885e-05 3.0823805e-05 1.6357087e-07 4.811067e-06 2.6115603e-07 0.00017634094 8.386066e-06 1.5223613e-05 0.00032651247 1.9812947e-05 1.8668306e-05 2.4364573e-07 2.5969516e-07 2.7031103e-07 2.1810886e-06 4.8842535e-06 1.49310135e-05 1.1203259e-06 1.7535854e-08 2.5281845e-06 0.000103968065 3.907054e-07 4.302275e-05 5.642412e-07 2.0276877e-05 6.6008365e-06 1.4747459e-06 3.93677e-07 2.37218e-08 3.2551645e-05 4.9841883e-06 2.8243098e-06 2.919553e-07 1.4261897e-07 8.325138e-06 1.3859941e-06 1.1621139e-06 1.6819895e-06 1.833562e-07 9.092351e-06 2.852347e-06 1.2588057e-08 7.1625607e-07 2.759632e-06 7.0785777e-06
0.2068788 0.49685985 5.28621e-12 0.99996614 0.037828073 0.016956182 0.9991459 0.0008837715 0.018923469 0.06289994 0.0041981325 0.00024708797 0.2411622 0.0011258387 7.3483985e-05 2.521985e-05 0.00015505355 0.0077533517 0.004973603 1.7877446e-05 0.0020451578 1.092966e-05 9.66754e-06 2.0610105e-05 1.1741928e-05 0.0008950351 2.8918494e-06 1.532209e-07 2.2272204e-06 6.753212e-05 0.004269153 2.8158987e-05 1.44226815e-05 0.00011911259 1.5868089e-06 0.0007845321 3.341473e-05 0.00035515288 8.533836e-06 3.9842245e-05 7.639985e-06 1.0910873e-05 8.414208e-06 1.588798e-05 4.7311783e-06 1.0777392e-07 1.2137242e-05 3.0240824e-05 1.3311686e-06 4.034778e-05 7.136508e-05 3.218439e-06 9.577726e-06 1.6718992e-05 1.1663915e-05 3.0476972e-06 2.6565498e-05 5.3553096e-05 2.1829967e-06 3.17652e-08 2.235318e-05 0.00016895134 4.523093e-06 0.00015981996 7.713366e-05 1.42718045e-05 1.2121585e-06 1.0336377e-05 3.059248e-05 1.6658742e-06 1.36876115e-05 1.4310349e-05 2.2227962e-06 7.183946e-07 2.0603599e-07 8.832225e-07 3.836586e-05 2.9400766e-08 9.439296e-06 1.2176655e-06 3.3052657e-07 3.5137946e-06 4.656061e-06 3.3445478e-06 7.482588e-08 1.3486127e-05 2.437952e-05 1.5420254e-06 3.5561463e-06 1.4621017e-06 9.86707e-07 5.7067507e-07 8.040437e-07 1.0567896e-06 1.2558822e-08 3.6402594e-06 6.5774785e-08 4.0931344e-08 1.4146244e-07 5.006832e-08 3.9678548e-07
0.16503426 0.1759786 0.99996614 2.9211494e-12 0.17380539 0.9998321 0.008399201 0.003761892 0.00087086926 0.0021025406 0.0056824707 0.0016505963 0.061101176 0.00011855807 0.00019982504 0.000114437644 0.0006549082 0.00023078448 0.00020300533 0.00028820615 0.00024009969 2.569246e-05 2.0438583e-05 0.00017446079 6.0371152e-05 5.7046345e-05 7.055602e-06 6.113401e-07 1.2454834e-05 0.00014607249 0.00022712829 1.6865995e-06 3.972929e-05 0.0006067302 1.668186e-06 9.605887e-05 6.4756314e-05 6.894891e-05 1.6636382e-05 4.705123e-05 1.8467748e-05 1.4863175e-05 1.3837115e-05 1.6374926e-05 5.485128e-06 4.065393e-06 1.4190876e-05 1.0288775e-05 2.5162384e-05 7.218469e-05 2.9115396e-05 1.9905908e-06 9.231044e-06 2.1267067e-06 3.824609e-06 9.185174e-07 2.8267514e-06 8.447479e-06 1.4065195e-05 3.7658992e-08 1.0727936e-05 7.050037e-05 3.9714155e-06 0.00014247741 3.285442e-05 3.4973261e-06 1.6493799e-06 1.2959923e-05 7.679574e-05 1.8921778e-06 2.2408483e-05 9.082246e-06 5.4651505e-06 7.1168245e-07 1.1328775e-07 3.936637e-06 6.035607e-05 1.9148235e-08 1.1941911e-06 2.9004195e-06 8.0616053e-07 2.7184538e-05 5.0713907e-06 1.1047697e-06 1.9767289e-07 5.5318746e-05 3.3881523e-05 2.897058e-06 1.309785e-06 6.641593e-07 1.5858182e-06 6.6648914e-07 6.4726675e-07 1.1129366e-06 1.6700551e-09 1.268709e-06 4.859086e-08 7.47145e-08 2.0894593e-07 3.7599996e-08 4.600115e-07
0.88729787 0.99355876 0.037828073 0.17380539 5.642799e-09 0.96957695 0.03214734 0.93592 0.0011287113 0.0006081219 0.84328693 0.9423521 0.60120183 0.00036097976 0.29877436 0.07857861 0.7453739 0.0033236514 0.008259249 0.093958415 0.0013303952 0.020947713 0.006150436 0.1325815 0.0088807065 0.00050248276 0.0022423663 0.0019139166 0.005968323 0.009123543 0.00030537898 7.4498203e-06 0.002328843 9.6688724e-05 0.00023745366 0.0009952737 0.0010732757 0.0009053622 0.00014535364 0.0014222532 0.00073667464 0.00024726475 0.00014819886 0.00020894445 0.0001901291 0.0011796241 0.00050748506 1.4797579e-05 1.0848339e-05 0.000520987 3.2544103e-05 0.00012347019 5.9811885e-07 1.371569e-07 5.371923e-05 2.8307059e-06 4.0636583e-05 1.3249658e-05 5.501043e-06 6.1608407e-06 2.7352453e-05 0.00013855608 7.1335286e-05 0.00010897568 8.747335e-05 6.016312e-06 1.3132258e-06 3.3109605e-05 8.076268e-06 4.0228402e-05 1.6603475e-05 2.0129984e-05 4.1700787e-05 4.7957874e-05 1.3213992e-06 3.089656e-05 0.00019417403 7.1772683e-07 1.7581511e-05 8.571952e-06 9.879419e-06 3.4988825e-05 2.9846908e-06 1.6551083e-05 3.6703028e-07 0.0001718445 2.7155493e-05 3.1076922e-06 3.9974344e-07 1.5831193e-06 9.741895e-06 4.1728195e-05 0.00020492577 1.230486e-05 5.8146196e-07 1.4162429e-05 3.271425e-05 1.0081856e-07 8.963142e-06 1.7631395e-05 1.8235463e-06
0.54426783 0.9723821 0.016956182 0.9998321 0.96957695 2.924345e-11 0.0019706683 0.059221458 0.00015410609 0.00048481513 0.057772696 0.1374437 0.24785139 0.00017555348 0.004786469 0.0011313731 0.8461477 0.00021755691 0.00017870535 0.00409061 0.00025941286 0.00011363592 6.4445754e-05 0.00068225875 0.00030242253 7.489092e-06 0.00027058614 8.1545644e-05 0.00010327671 0.00025558088 2.4154575e-05 2.46373e-05 0.00020429179 0.0015530706 2.8917542e-05 6.7940964e-05 0.00022044616 6.4386377e-06 2.1137234e-06 2.2388233e-05 9.893986e-06 1.5489799e-05 1.0091283e-05 2.4950016e-06 2.4222475e-06 0.0027439143 1.9412393e-05 2.4360298e-07 7.2752505e-07 2.0332549e-05 4.6699013e-05 1.13529e-06 2.1907017e-07 1.72902e-06 5.1232803e-07 1.4861784e-07 1.1065886e-06 8.187936e-06 1.0571132e-06 3.1568555e-07 4.785656e-06 4.1161027e-05 6.637588e-06 7.736097e-06 2.4072397e-06 5.1127454e-06 1.5121364e-06 1.8797496e-06 1.0068548e-05 2.1714986e-07 4.350978e-06 9.2315236e-07 8.668873e-07 1.1731456e-06 1.0211768e-08 2.4130275e-06 5.17437e-06 1.7296896e-06 1.0566239e-05 4.6241217e-07 2.1148333e-07 7.723807e-06 1.1938488e-07 4.0811837e-08 1.9996115e-08 1.2914772e-06 8.4947425e-07 1.18952684e-07 1.7761292e-07 2.6250175e-08 4.8116794e-07 1.1761338e-07 5.3761692e-08 4.9477194e-07 8.089326e-08 2.3818916e-06 2.1918595e-07 8.510669e-09 2.6002328e-07 2.1047369e-07 7.1016966e-06
0.8349062 0.11523064 0.9991459 0.008399201 0.03214734 0.0019706683 8.346732e-11 0.004767397 0.8910663 0.9765452 0.028528878 0.0039574285 0.8710218 0.50385123 0.0007894161 0.00037450157 0.00026572074 0.5625459 0.29787713 0.001992438 0.1468524 9.893831e-05 9.683332e-05 0.00015440563 0.00036431177 0.03370422 3.3793167e-05 1.4272281e-07 4.479902e-06 0.0013057953 0.3495679 0.0022626547 0.00016161366 0.013375487 2.0581389e-05 0.004036344 0.0002039453 0.00221175 1.9104953e-06 0.00073814276 2.1807587e-05 1.3226883e-05 5.482984e-06 7.5181706e-05 2.886567e-06 2.4586905e-07 3.867676e-05 0.00071674015 1.5042414e-06 3.923433e-06 0.002222578 3.6113483e-06 0.00033554918 0.0004722188 6.449536e-07 4.075892e-07 6.545731e-05 0.00020462464 8.51876e-06 5.086204e-07 6.699003e-05 0.00083872216 1.5417783e-06 3.454645e-05 0.0004347185 0.00021738517 0.00010990562 6.4151927e-06 3.7245976e-05 1.2783363e-06 1.4084618e-05 4.7027524e-06 5.4775014e-06 1.7420374e-06 3.4235262e-07 9.638546e-07 0.00048496656 2.3526266e-06 9.598112e-05 5.5912806e-06 5.320327e-05 2.9306705e-06 9.030882e-06 1.0813798e-05 7.054482e-07 6.421901e-06 1.572017e-05 3.517097e-06 0.00016969626 1.4543169e-06 4.8152555e-07 1.2930719e-06 4.895371e-06 3.8934851e-07 1.04342774e-07 0.00015172645 2.2448353e-07 9.1980417e-07 4.5013916e-08 2.0049619e-08 6.3386037e-06
0.948939 0.4087246 0.0008837715 0.003761892 0.93592 0.059221458 0.004767397 1.2514513e-08 0.00079691823 0.000309778 0.97961575 0.98010373 0.34344155 9.411983e-05 0.9340534 0.3487598 0.12665978 0.0029351532 0.0041750153 0.3583526 0.00051329844 0.017289402 0.008350179 0.51789767 0.024213908 0.0004425207 0.0044227173 0.000660682 0.10625624 0.01762516 0.00020330891 1.5577632e-05 0.0023247136 0.00012852368 0.0026842167 0.0018573178 0.017123964 0.0011695739 0.001262109 0.0013843819 0.0008079412 0.00069376384 8.198943e-05 0.0002593827 0.00010859524 0.00027444182 0.00042719895 5.2370815e-06 1.9845662e-05 0.00058346253 1.8975694e-05 0.00011977612 2.7792373e-06 3.7416885e-06 0.000121555626 3.7901907e-06 0.00017878597 7.2863218e-06 6.027516e-06 1.73107e-05 1.3703845e-05 7.227851e-05 8.3735875e-05 7.4736985e-05 5.8666296e-06 5.991736e-06 1.969587e-06 2.7675429e-05 3.234905e-06 2.7454036e-05 7.919232e-05 1.8957262e-05 1.8841765e-05 2.3849387e-05 1.7880411e-07 7.391892e-05 6.227203e-05 4.025636e-06 5.6971538e-05 1.4331011e-05 9.942571e-07 0.0001127188 7.793939e-06 2.1629772e-05 4.6556426e-08 2.6915248e-05 8.730697e-06 5.0845433e-06 1.7460766e-07 1.3241157e-07 1.7207138e-05 7.043602e-06 3.4124132e-06 1.1732e-05 3.0628297e-07 1.5221937e-06 3.0082117e-06 1.2531717e-07 4.3803343e-06 1.4837144e-05 1.4243666e-06
0.98366195 0.0055011753 0.018923469 0.00087086926 0.0011287113 0.00015410609 0.8910663 0.00079691823 2.228868e-09 0.9968985 0.015210184 0.00021202811 0.7266635 0.45618594 6.5649176e-05 5.3482607e-05 6.8323025e-05 0.9041334 0.7727272 0.0008602265 0.71350116 2.5433752e-05 2.7797265e-05 2.7995502e-06 0.000224775 0.3890557 1.6471407e-05 1.2119798e-07 1.4052804e-07 0.0016521161 0.06305825 0.0028972323 6.803926e-05 0.012947558 3.2471264e-06 0.010368939 5.798217e-05 0.016154764 1.073165e-07 0.0020366271 1.1833478e-05 1.8184528e-06 3.441178e-06 0.00041752824 1.5028126e-05 6.6006254e-09 6.4099615e-05 0.0009483768 1.0863309e-07 1.5043089e-06 0.0014713799 2.1889662e-05 0.0003375943 0.00029514605 3.1015264e-07 1.1217387e-07 0.0011067443 0.0001747832 3.4619632e-07 4.6442395e-07 2.9474966e-06 0.0004779611 2.765042e-05 8.8302625e-07 0.0004705292 0.00020579259 3.5043322e-05 1.0984771e-05 7.253273e-06 4.258795e-07 3.749077e-05 2.919517e-05 1.201383e-06 3.114473e-07 1.0335045e-07 2.894854e-06 0.00049485697 5.5598978e-08 1.18184125e-05 2.7161252e-06 4.45111e-06 9.993802e-07 4.9532696e-06 1.061887e-05 1.5308433e-07 6.0792503e-05 1.4371414e-05 5.9120723e-08 4.3203123e-05 8.267097e-08 1.0338704e-05 2.4311958e-05 4.334197e-06 7.900988e-06 3.0507343e-09 2.3181294e-05 1.9838667e-06 1.4185426e-08 8.792314e-07 7.6855265e-08 1.5363988e-06
0.79466224 0.00080772315 0.06289994 0.0021025406 0.0006081219 0.00048481513 0.9765452 0.000309778 0.9968985 6.273931e-11 0.004642894 0.000435937 0.2793655 0.9897163 3.874879e-05 9.9216006e-05 0.0002019878 0.55389595 0.40115032 0.00034570802 0.34172305 1.4579809e-05 1.2364064e-05 1.8886958e-05 6.752305e-05 0.09428768 5.6611483e-05 3.2490948e-07 2.2811857e-06 0.0005601286 0.107073896 0.2003596 9.834903e-05 0.03785304 3.147885e-05 0.0046576797 3.3305096e-05 0.003386413 5.186358e-07 0.00047054782 2.1766697e-05 7.3001984e-06 5.1433403e-06 0.00028300233 2.17894e-05 2.042917e-07 1.4973364e-05 0.0004925856 4.259652e-07 4.9206254e-05 0.0010901649 8.723847e-06 0.00042902966 0.0042934 1.9982122e-06 8.7696996e-08 0.0007247171 0.00035875483 2.2322452e-06 3.7411069e-06 1.956318e-06 0.00060038373 5.0283343e-05 8.6244645e-06 0.0024523141 0.0013733127 0.0002805754 5.245759e-06 7.1499653e-06 4.301251e-06 5.4445845e-05 7.125321e-05 1.1662001e-05 8.428187e-07 5.9869757e-07 5.225308e-06 0.00045457834 7.373951e-07 8.537186e-05 1.7669801e-06 4.3901724e-05 3.1782747e-06 6.7050973e-06 7.4815252e-06 4.691629e-08 6.5216234e-05 1.6417991e-05 1.8993899e-06 5.9364145e-05 2.6131124e-07 1.722648e-05 1.4248834e-05 1.4736163e-05 3.8842507e-05 2.2897646e-08 0.00029730942 1.4861339e-06 1.7128353e-07 3.7318725e-07 1.8988719e-06 4.654074e-05
0.9918441 0.8473109 0.0041981325 0.0056824707 0.84328693 0.057772696 0.028528878 0.97961575 0.015210184 0.004642894 3.78058e-12 0.5478931 0.9645873 0.0007066869 0.84899354 0.6615549 0.028492026 0.04284197 0.03562958 0.5127462 0.001058453 0.015584067 0.015125347 0.16454507 0.0053277835 0.0058025247 0.00078867003 0.00016642181 0.040920436 0.013010307 0.0010622238 2.4772891e-05 0.0007666991 0.0001471672 0.001608471 0.0060320273 0.017786138 0.002776228 0.0042935284 0.002957219 0.00037646355 0.0007526787 1.3302049e-05 0.00024571287 1.9106858e-05 1.3510611e-05 0.0004827717 9.986551e-05 3.1093037e-05 0.00047436365 6.1810824e-05 5.5539283e-05 0.00014703658 0.00043132316 7.652728e-05 5.4165835e-06 0.00016635866 5.8449084e-05 7.486857e-06 4.3292353e-06 1.241551e-05 7.788415e-05 6.100821e-05 5.6914847e-05 0.0003944845 2.8397006e-05 4.2618444e-06 1.081846e-05 4.326934e-07 3.6758743e-06 4.3266646e-06 2.5959293e-05 7.637689e-06 2.3527647e-05 9.215053e-08 2.5008463e-05 4.1793555e-05 1.0197074e-06 4.2502466e-05 6.174711e-06 6.18447e-06 1.49825055e-05 2.752613e-05 3.5071607e-05 5.9435262e-08 3.925349e-06 6.314687e-06 3.7869734e-07 1.2501899e-05 1.9748447e-07 2.9024393e-06 4.2894476e-07 6.6544885e-07 1.791789e-06 5.802089e-07 2.1241344e-06 2.4202467e-07 1.7063675e-07 3.916877e-07 1.5586757e-07 1.1961549e-06
0.9149777 0.14941736 0.00024708797 0.0016505963 0.9423521 0.1374437 0.0039574285 0.98010373 0.00021202811 0.000435937 0.5478931 1.5222589e-06 0.19304122 0.00015259175 0.7685507 0.32977706 0.99585515 0.0013550272 0.0033186614 0.18168324 0.0003185895 0.014826757 0.013565775 0.8083812 0.020994259 0.00046055217 0.07998525 0.020679282 0.04638769 0.009112322 0.00016779076 2.2971235e-05 0.0013435299 0.00023739183 0.01260915 0.0026892605 0.019913072 0.0018111622 0.0005703588 0.0018871799 0.00082388823 0.0011935667 0.00029492742 0.0002137514 0.00014297437 0.008557766 0.00032499086 2.0937901e-05 5.8427628e-05 0.0023938587 0.00016099925 0.00017153307 2.2109833e-05 2.8062223e-06 0.00030477907 0.00010280366 6.876111e-05 2.0191492e-05 7.720285e-05 3.559765e-05 2.76433e-05 0.00010257273 7.0645074e-05 0.0001723584 0.00016735207 1.2130772e-05 9.021895e-06 0.000107690255 7.755262e-05 4.3944492e-05 0.00010416944 2.5414913e-05 1.9398754e-05 6.3303332e-06 2.2865984e-06 2.2775544e-05 0.0004735065 5.760128e-05 0.00043515302 5.49088e-06 1.6940545e-05 3.9732473e-05 1.4847343e-06 6.3826636e-05 1.7069829e-07 0.0006188105 4.1041047e-05 2.3512473e-06 4.3608566e-06 3.4309195e-07 5.7999212e-05 1.8534427e-05 3.177773e-05 6.719888e-05 3.5337493e-08 1.8846977e-05 1.6295073e-05 2.7498683e-07 1.5442033e-06 4.334087e-05 4.8140228e-06
0.99975324 0.9699336 0.2411622 0.061101176 0.60120183 0.24785139 0.8710218 0.34344155 0.7266635 0.2793655 0.9645873 0.19304122 5.24122e-13 0.12243679 0.08962177 0.042824794 0.004088208 0.28036883 0.5882715 0.29100385 0.022254728 0.0047449265 0.00893745 0.050102852 0.021298666 0.26798826 3.3915047e-05 4.7545374e-05 0.013945808 0.019238763 0.0064654592 9.0916794e-05 0.006125768 0.030134512 0.00053136394 0.020054532 0.0027651514 0.02341741 0.007155707 0.0060240915 0.0015238182 0.0019352984 0.00056737714 0.00054587726 0.00017255361 1.2266529e-06 0.004446445 0.007459145 2.691486e-05 0.0003668384 0.0017774183 0.001174058 0.012718968 0.013583783 0.00012150811 6.104499e-05 0.0009500438 0.012651242 9.28619e-05 3.7868558e-06 3.0479983e-05 0.0014900302 0.0010491909 9.852053e-05 0.0012312873 0.00013655322 5.6773515e-05 0.00027204366 1.7039599e-06 0.00052408164 0.00073364 0.0001948773 0.00043880485 1.4060017e-05 5.1288634e-07 0.00034380215 0.001422536 2.6731627e-07 4.8812293e-05 0.00012448037 1.7015105e-05 0.00013785437 9.644578e-05 0.00027967728 3.1722897e-07 3.604524e-05 3.3316977e-05 4.7725935e-06 0.000619294 4.9608883e-05 1.2323391e-05 1.5492076e-05 4.688841e-05 1.9668587e-05 2.624242e-06 9.334403e-05 5.6048435e-07 5.41701e-07 4.428242e-06 1.640475e-07 1.6082608e-05
0.88382995 0.00063970365 0.0011258387 0.00011855807 0.00036097976 0.00017555348 0.50385123 9.411983e-05 0.45618594 0.9897163 0.0007066869 0.00015259175 0.12243679 2.5358497e-11 2.6227758e-06 8.357858e-06 0.00012197645 0.69628 0.49205175 3.0780506e-05 0.53432924 8.284244e-07 1.1009632e-06 3.8868425e-06 3.9898882e-06 0.025414 4.5016048e-05 1.1618263e-07 2.15597e-06 4.3680466e-05 0.99836504 0.73050976 6.641387e-06 0.09109658 0.00011514639 0.0031848727 0.00034328905 0.0019985032 6.6507647e-07 2.7211072e-05 6.285265e-06 5.778695e-06 8.845788e-07 1.4058168e-05 1.4266233e-06 1.4081239e-08 2.145131e-06 0.00095334067 8.382239e-07 7.416861e-05 0.0037184265 3.1616505e-06 0.00030237035 0.0025978636 2.9421385e-06 4.8615175e-07 8.600067e-05 0.00034056752 1.6528944e-06 3.9715746e-06 5.4297825e-06 0.0006179359 5.68257e-06 1.3283516e-05 0.0048012333 0.0006279673 0.00010368231 5.323573e-06 2.6133144e-05 2.2987178e-06 6.366013e-05 1.6185899e-05 1.6432347e-06 5.63504e-07 9.812999e-07 1.4408466e-05 0.003888697 1.2299064e-05 0.00024590318 9.356572e-06 2.694134e-05 1.1770967e-05 4.8302813e-05 0.00021470651 1.0064963e-06 0.00013398909 0.000106805644 2.337453e-06 8.477797e-05 8.3257305e-07 8.1983875e-05 8.652107e-05 3.775812e-05 2.3122428e-05 3.433026e-08 0.0002687968 6.0695324e-06 4.8766715e-06 2.3849489e-06 2.0433893e-06 0.00010885032
0.94593835 0.005765335 7.3483985e-05 0.00019982504 0.29877436 0.004786469 0.0007894161 0.9340534 6.5649176e-05 3.874879e-05 0.84899354 0.7685507 0.08962177 2.6227758e-06 8.391735e-14 0.9833218 0.022010867 0.00015373371 0.00015609241 0.84154505 9.405715e-06 0.2886832 0.09434009 0.95858324 0.04204234 1.0611823e-05 0.004896758 0.0005777549 0.89178103 0.015317861 0.00014630992 1.2759301e-07 0.0028717457 5.539307e-07 0.05673451 0.00041942307 0.6895119 0.00016207145 0.020553248 0.0007744513 0.0015841615 0.0027544266 7.492211e-05 0.00011288986 2.7314967e-05 0.0004960446 0.00031705308 3.6218438e-08 0.00022201797 0.0024495283 2.9148705e-07 3.720991e-05 2.3209262e-08 3.1605712e-08 0.00024357827 8.536791e-06 1.5972875e-05 1.2503652e-07 7.31672e-07 0.0001530698 4.3903605e-05 2.203894e-06 9.192784e-06 6.821637e-05 8.534426e-07 2.822227e-09 3.6169888e-07 8.486556e-07 1.8791707e-06 1.9658562e-06 1.8586278e-06 2.5222855e-07 9.179166e-07 2.8291908e-05 4.764083e-07 3.037898e-06 4.0037907e-07 5.4893985e-06 2.185801e-06 2.0605653e-06 7.076498e-08 2.644485e-05 9.085018e-08 5.85053e-07 1.4654388e-07 5.2659693e-06 2.712818e-07 7.58221e-07 4.6270486e-08 2.228391e-06 5.0830117e-06 4.748074e-08 5.0321574e-07 2.7012422e-07 3.018458e-07 4.2746784e-08 6.280154e-08 3.6896452e-08 3.2597373e-07 7.4864244e-07 9.652835e-08
0.9493028 0.0038864703 2.521985e-05 0.000114437644 0.07857861 0.0011313731 0.00037450157 0.3487598 5.3482607e-05 9.9216006e-05 0.6615549 0.32977706 0.042824794 8.357858e-06 0.9833218 1.5139766e-11 0.0033901713 0.00021891344 0.00019879863 0.95920527 4.676836e-05 0.96844065 0.82719845 0.8710254 0.254719 0.00011655136 0.006660591 0.00028287552 0.7960049 0.032447055 2.2437148e-06 2.237997e-07 0.011948138 7.703269e-06 0.03953559 0.0012424956 0.5958349 0.0006689807 0.07544058 0.0028813623 0.0038106905 0.005484224 0.00026875196 0.00031354435 0.00019214659 0.00036819425 0.0011374196 2.0491258e-07 0.0005927302 0.0053011603 3.843771e-07 0.00014358638 2.4181472e-07 7.367912e-09 0.0003451999 5.016642e-05 5.4708165e-05 1.8955932e-06 1.5373318e-05 0.00032250115 8.379131e-05 6.9365037e-06 3.729784e-05 0.00014356518 3.3616027e-07 4.4037726e-08 1.5636991e-07 2.0638978e-05 6.653737e-06 3.0807674e-05 6.1414357e-06 2.5262711e-06 1.0103658e-05 1.1879137e-05 2.504309e-07 4.274059e-06 1.0562969e-06 1.3721226e-05 2.1037606e-06 1.5094069e-05 2.0971753e-07 2.0187545e-05 7.366009e-07 5.165875e-06 5.345415e-07 2.9938474e-06 1.1101168e-06 8.3270237e-07 2.477856e-07 1.0293217e-06 3.1058612e-06 6.2497696e-07 9.326989e-07 8.7617735e-08 7.9742904e-07 9.639988e-09 2.4602997e-07 1.401092e-07 1.1793783e-06 6.2425556e-07 2.4246116e-08
0.12285587 0.16481358 0.00015505355 0.0006549082 0.7453739 0.8461477 0.00026572074 0.12665978 6.8323025e-05 0.0002019878 0.028492026 0.99585515 0.004088208 0.00012197645 0.022010867 0.0033901713 1.5860659e-10 5.0915918e-05 8.7902095e-05 0.0008922223 1.0634511e-06 6.4086285e-05 1.947676e-05 0.0010075984 2.8574428e-05 8.253745e-06 0.0009159435 0.99986434 0.0005980807 2.0403002e-05 7.996066e-06 2.3862285e-05 1.5433958e-05 2.051167e-05 0.00030497473 7.981344e-05 0.0024217856 4.623714e-06 2.5485298e-05 1.0698388e-05 1.9887448e-06 2.719246e-06 6.2505086e-07 1.9463592e-07 3.1311032e-07 0.02535551 6.5145273e-06 9.719655e-07 2.1961636e-05 2.5066674e-05 1.3709624e-07 4.1257508e-07 4.9281392e-05 6.941384e-07 3.0967635e-06 1.667959e-07 7.412883e-08 1.34631755e-05 1.581822e-07 5.977494e-05 7.7164265e-07 1.1115104e-05 6.328646e-07 2.3870343e-05 6.29011e-06 4.4314397e-06 1.0742027e-06 1.141446e-07 3.609682e-06 3.9879286e-08 7.3489623e-06 1.1788895e-07 4.0128942e-08 2.3559319e-06 4.879053e-08 5.663821e-07 7.5037187e-06 1.8242769e-06 2.153807e-05 2.9088585e-07 2.797722e-06 8.29539e-07 9.937012e-08 7.2795257e-07 9.023645e-07 1.1548481e-05 5.0672234e-06 4.10055e-08 4.0052823e-06 7.879361e-08 1.4375779e-06 4.5335935e-07 7.642009e-08 3.5664068e-06 3.0586715e-08 1.1411386e-06 1.0713468e-07 2.1155758e-07 1.9992042e-07 2.267133e-07 9.390716e-07
0.92009723 0.027772447 0.0077533517 0.00023078448 0.0033236514 0.00021755691 0.5625459 0.0029351532 0.9041334 0.55389595 0.04284197 0.0013550272 0.28036883 0.69628 0.00015373371 0.00021891344 5.0915918e-05 3.3126349e-12 0.9915059 0.0016707741 0.9855036 3.545742e-05 0.00014615945 6.0704846e-05 0.0009287966 0.7554785 1.8469431e-06 3.7066253e-05 0.000112177026 0.00023617918 0.07513948 0.045597773 0.00032618505 0.81029624 4.1163974e-05 0.009769323 0.0002565374 0.014275747 8.689148e-06 8.4558334e-05 5.8496316e-05 2.4223087e-05 5.5935183e-05 0.00022261607 8.881389e-06 6.0810386e-08 9.167505e-05 0.43797305 4.8622684e-07 5.308784e-06 0.064165495 0.0002163459 0.49909663 0.4386969 2.194971e-06 5.782518e-07 0.0009680031 0.1763111 3.721049e-06 1.2525439e-06 4.508137e-06 0.0035117376 0.00017171181 1.1545002e-05 0.028631685 0.0058003115 0.00075693656 1.464998e-06 1.0434493e-06 3.5827477e-05 0.00062354316 5.4531214e-05 6.629146e-05 2.1578048e-06 1.5660555e-07 6.3669904e-05 0.0008962167 1.8067628e-07 0.00019460113 9.894099e-06 5.610261e-05 4.1772414e-06 3.4015142e-05 5.894589e-05 6.215624e-08 1.9598747e-05 1.5434856e-05 9.160858e-06 0.0030887988 9.547176e-06 2.4903825e-06 9.980977e-06 0.0002144677 1.6474802e-05 1.4088116e-06 1.0663898e-05 5.155148e-07 6.664688e-07 8.580507e-06 7.698227e-07 5.0625018e-05
0.9986218 0.018186636 0.004973603 0.00020300533 0.008259249 0.00017870535 0.29787713 0.0041750153 0.7727272 0.40115032 0.03562958 0.0033186614 0.5882715 0.49205175 0.00015609241 0.00019879863 8.7902095e-05 0.9915059 8.025566e-11 0.0016646776 0.81954014 4.451553e-05 0.00011627736 0.00022587393 0.001060545 0.81880146 1.6855809e-05 3.867643e-05 0.00014260615 0.0014400877 0.030397503 0.0037810556 0.00029131633 0.45972294 3.7093305e-05 0.029405244 0.00022487062 0.04459629 8.2904835e-06 0.00027777668 5.7200188e-05 2.233673e-05 3.579589e-05 0.0002890104 1.4088097e-05 2.7429994e-08 7.845288e-05 0.11660608 6.824823e-08 4.7716608e-06 0.01094927 8.831812e-05 0.21838972 0.11208118 4.095341e-06 1.1290708e-06 0.0011915867 0.10051346 3.07679e-06 6.015064e-07 5.497524e-06 0.0027803641 9.589383e-05 1.4449782e-06 0.006841017 0.003386174 0.0007289398 5.2009835e-07 3.5577867e-07 3.734384e-06 0.0004837005 5.354768e-05 8.6950995e-06 1.1449724e-06 1.8086092e-07 9.4014875e-05 0.0007334364 1.620627e-07 8.2268336e-05 2.603604e-06 0.00011495591 4.7041314e-07 8.243841e-06 4.9003902e-05 1.7535042e-07 3.7193354e-06 3.4005068e-06 5.724903e-07 0.002477881 4.8209045e-06 9.981095e-07 1.7942317e-05 0.000109823784 4.3795612e-06 3.2530977e-07 1.0068548e-05 6.185051e-07 5.389637e-07 3.5421606e-06 2.2185553e-07 1.415665e-05
0.9994779 0.0147481 1.7877446e-05 0.00028820615 0.093958415 0.00409061 0.001992438 0.3583526 0.0008602265 0.00034570802 0.5127462 0.18168324 0.29100385 3.0780506e-05 0.84154505 0.95920527 0.0008922223 0.0016707741 0.0016646776 8.1920506e-16 8.294014e-05 0.9121823 0.9171244 0.68085355 0.83198595 0.0009857989 0.0009924506 2.279119e-05 0.64836377 0.25583166 9.1515714e-05 1.3090181e-06 0.02998544 2.2461652e-05 0.019538669 0.004152576 0.18957241 0.0016187637 0.27830797 0.0058299783 0.0063194884 0.05054887 0.0005373858 0.0003618164 0.0006471091 2.091132e-05 0.0015934133 2.6290454e-05 0.0007345235 0.007100522 3.193993e-06 0.00020762593 8.2386305e-06 6.78439e-07 0.00078015774 0.00023812488 0.0002154256 2.0139776e-05 9.553466e-05 0.0001964833 9.8536046e-05 1.744474e-05 0.00018599084 6.235589e-05 3.797871e-05 2.1192377e-06 2.966598e-07 0.00028642706 1.4922414e-05 7.555582e-05 5.7051434e-06 1.3103953e-05 0.000121735546 5.80664e-05 8.430481e-06 1.0421747e-05 7.6269534e-06 7.2693038e-06 3.365948e-06 6.0366656e-05 3.272015e-07 1.8908926e-05 9.76162e-06 9.484834e-05 3.602158e-06 3.4907448e-06 2.950537e-06 3.2911555e-07 3.178017e-06 3.2198789e-06 1.3508464e-06 6.5526483e-06 1.8115576e-07 3.187893e-07 3.7599243e-06 6.465172e-07 5.010039e-07 1.17442006e-07 1.3951047e-06 2.361945e-08 6.857836e-08
0.9398547 0.001997153 0.0020451578 0.00024009969 0.0013303952 0.00025941286 0.1468524 0.00051329844 0.71350116 0.34172305 0.001058453 0.0003185895 0.022254728 0.53432924 9.405715e-06 4.676836e-05 1.0634511e-06 0.9855036 0.81954014 8.294014e-05 1.0114525e-10 8.994116e-07 1.35062955e-05 6.2998447e-07 0.00012493468 0.6259084 3.230755e-08 4.136581e-07 6.2472066e-07 0.0001921169 0.06220856 0.07655287 4.2365926e-05 0.98601574 3.2974465e-06 0.0112404 3.3319902e-05 0.015943024 4.5574595e-08 0.00032179974 1.030828e-05 5.8537476e-06 7.626685e-06 0.0011517982 3.280381e-06 5.7439724e-09 5.9054542e-05 0.5584508 2.5490145e-08 1.2247745e-06 0.29634473 0.0002104748 0.80962574 0.85415316 1.427932e-07 1.2248006e-07 0.0019944448 0.13031909 1.3956636e-06 2.420016e-07 3.4914225e-07 0.005388713 0.00031141928 5.90818e-07 0.08367888 0.036466915 0.020066475 1.3931503e-06 3.6671432e-07 1.8454863e-05 0.0015049641 0.00018732018 0.00015039634 1.0632737e-06 2.7390053e-08 7.551261e-05 0.0008908219 2.1404551e-08 0.0025172732 1.2538258e-05 0.002898734 1.9560084e-06 0.00011612653 0.0003027521 2.067202e-08 3.526947e-05 3.494784e-05 1.8836959e-06 0.0296818 4.711511e-06 2.7531e-06 0.00014737858 0.0005799092 3.832717e-05 1.8269571e-07 0.00022144409 9.4143803e-07 3.8955835e-07 8.695863e-06 1.3693793e-06 0.00446411
0.7378779 0.00035979383 1.092966e-05 2.569246e-05 0.020947713 0.00011363592 9.893831e-05 0.017289402 2.5433752e-05 1.4579809e-05 0.015584067 0.014826757 0.0047449265 8.284244e-07 0.2886832 0.96844065 6.4086285e-05 3.545742e-05 4.451553e-05 0.9121823 8.994116e-07 2.8945496e-12 0.9981272 0.49101493 0.86852807 6.7439605e-06 0.00027198347 3.3915353e-06 0.6454206 0.06597945 2.0095947e-06 5.1198985e-08 0.09994911 5.4443444e-07 0.022795659 0.0006353399 0.9245194 0.00029951156 0.88519067 0.002047618 0.2623292 0.56758624 0.0022715905 0.00041438863 0.00088451017 6.8594254e-06 0.0026302366 3.8067817e-08 0.010625526 0.21722285 1.557077e-07 0.0005028553 2.4965196e-08 1.1538935e-09 0.027000373 0.008658273 0.00011343626 1.8270373e-07 0.00014222422 0.00033777108 0.0009647209 2.5370719e-07 4.1138308e-05 0.0004973692 4.9745273e-07 1.5155845e-09 1.0790572e-08 4.880522e-05 2.184297e-05 0.00011355044 4.2202546e-06 2.6223706e-06 4.0293096e-05 2.9720355e-05 7.962318e-06 2.1518883e-06 1.5312855e-07 0.000103872226 8.7250817e-07 2.1592283e-05 3.799359e-09 9.684477e-05 6.5362826e-08 8.497437e-06 1.3205223e-06 1.6233913e-05 3.145154e-07 2.696843e-07 2.0777318e-09 4.0432362e-05 1.4985208e-05 2.7270355e-07 6.356777e-08 2.4808566e-07 1.18826265e-05 1.8234114e-09 9.459707e-08 4.479575e-07 1.8712109e-06 1.513538e-07 2.8686016e-09
0.91392833 0.00022388971 9.66754e-06 2.0438583e-05 0.006150436 6.4445754e-05 9.683332e-05 0.008350179 2.7797265e-05 1.2364064e-05 0.015125347 0.013565775 0.00893745 1.1009632e-06 0.09434009 0.82719845 1.947676e-05 0.00014615945 0.00011627736 0.9171244 1.35062955e-05 0.9981272 1.11062765e-11 0.37427875 0.97177637 0.00013201384 0.0006134224 8.445271e-06 0.5327287 0.10821803 2.9778926e-06 1.9734176e-07 0.18725324 1.1395377e-06 0.008999253 0.00081297674 0.42881763 0.00062987994 0.7142669 0.004012195 0.30978724 0.34536564 0.0018624526 0.00056584144 0.0010214138 7.682104e-06 0.004845207 4.5421277e-07 0.0033955895 0.08750149 9.585026e-08 0.00048081068 9.9056734e-08 1.4173195e-09 0.007668494 0.0011551566 0.00021197877 2.0513712e-06 0.00013523806 0.00035236485 0.000253227 4.3717455e-06 0.00010801755 0.00021342405 1.1405303e-06 3.5410427e-08 4.4565585e-08 0.00013824076 2.330916e-05 0.00018426136 1.5188998e-05 1.7903414e-05 9.947968e-05 3.5397683e-05 1.146577e-05 1.0326642e-05 2.2942743e-06 4.0717976e-05 8.889807e-07 5.951306e-05 1.424084e-08 4.4607837e-05 3.6212793e-07 6.442525e-06 3.8037226e-06 1.1979879e-05 7.6968405e-07 6.314443e-07 5.3694237e-07 1.251618e-05 1.0852696e-05 1.9371198e-06 7.7232744e-07 1.9787095e-07 9.82946e-06 9.062376e-09 3.7026186e-07 5.460058e-07 5.2226474e-06 3.064092e-07 1.0832123e-08
0.8509934 0.010032056 2.0610105e-05 0.00017446079 0.1325815 0.00068225875 0.00015440563 0.51789767 2.7995502e-06 1.8886958e-05 0.16454507 0.8083812 0.050102852 3.8868425e-06 0.95858324 0.8710254 0.0010075984 6.0704846e-05 0.00022587393 0.68085355 6.2998447e-07 0.49101493 0.37427875 1.2273361e-10 0.29188752 6.951235e-05 0.9999749 0.00016431189 0.5096388 0.015507087 3.015486e-07 2.9939702e-06 0.011899231 8.006036e-05 0.93437624 0.0019374109 0.46991137 0.0002870133 0.039897732 0.00528002 0.0074090427 0.004681453 0.00029409045 0.00031363886 0.0004641519 0.0019287162 0.0012010509 3.108663e-05 0.0021198555 0.004803828 1.2442267e-06 0.00015608779 3.5034234e-05 2.5093632e-07 0.0005133053 0.0002106899 2.4804713e-05 2.3199239e-06 0.00019651945 0.0084868 0.00019944219 0.00011433969 1.8355706e-05 0.00012669631 6.3705165e-06 7.8382715e-07 4.1333283e-07 7.359515e-05 6.2686035e-05 8.265096e-06 1.3303723e-05 7.0782575e-05 6.3567945e-06 7.600291e-06 7.558638e-07 1.704181e-06 3.8424118e-05 3.1202737e-05 5.83228e-05 1.1830991e-06 7.5532336e-07 9.549389e-06 8.052811e-06 6.1349497e-06 8.658958e-07 7.206109e-05 3.557671e-05 4.2990922e-07 1.158638e-06 3.1628582e-07 2.8881832e-06 1.2157259e-05 2.9034056e-06 1.8176284e-05 5.9821406e-07 1.1816005e-06 2.7531996e-06 9.213998e-08 6.253305e-07 3.906704e-07 1.2026123e-07
0.98797584 0.0006394082 1.1741928e-05 6.0371152e-05 0.0088807065 0.00030242253 0.00036431177 0.024213908 0.000224775 6.752305e-05 0.0053277835 0.020994259 0.021298666 3.9898882e-06 0.04204234 0.254719 2.8574428e-05 0.0009287966 0.001060545 0.83198595 0.00012493468 0.86852807 0.97177637 0.29188752 1.2034934e-11 0.0006236606 0.00038930308 4.9331024e-06 0.58395594 0.83310616 6.0297272e-05 9.933823e-07 0.90812784 1.3173671e-05 0.021577079 0.004438806 0.6300828 0.00302701 0.9430179 0.049681634 0.46735778 0.77359635 0.022020565 0.0018326 0.009886272 1.2576399e-05 0.072743796 1.9617297e-05 0.047257256 0.2686969 5.4352945e-06 0.0033070238 2.7775309e-06 2.0924555e-08 0.0770008 0.02012749 0.0007467981 3.4195917e-05 0.0028129944 0.0030148148 0.0055647916 5.460595e-05 0.0010771496 0.0017508225 1.1922299e-05 3.371578e-07 2.4137717e-07 0.00426643 0.0005887544 0.00117261 7.721021e-05 9.9493154e-05 0.00054458284 0.00043901204 7.590937e-05 0.0002833926 3.8245125e-05 0.0002686269 8.3098416e-07 0.0012295237 8.63214e-08 0.0006349382 3.7468784e-05 0.000278538 0.00015594972 0.00012743524 1.1033235e-05 1.5529144e-05 2.9367336e-06 0.00018791905 0.00021767082 5.057367e-05 5.0746467e-06 1.4843463e-06 2.1222484e-05 4.1123144e-08 5.8184105e-06 2.9535915e-06 2.5693118e-05 4.7919402e-06 3.068768e-09
0.9977476 0.0047580716 0.0008950351 5.7046345e-05 0.00050248276 7.489092e-06 0.03370422 0.0004425207 0.3890557 0.09428768 0.0058025247 0.00046055217 0.26798826 0.025414 1.0611823e-05 0.00011655136 8.253745e-06 0.7554785 0.81880146 0.0009857989 0.6259084 6.7439605e-06 0.00013201384 6.951235e-05 0.0006236606 3.1637097e-14 6.242689e-08 6.219849e-07 9.3774084e-05 0.00045945976 0.00021754112 0.00020440659 0.00017278547 0.49985525 3.4109357e-06 0.45731515 0.0001345887 0.72025 2.1083983e-06 0.0013572322 1.3187486e-05 4.8205093e-06 6.972129e-05 0.008058896 5.1186635e-06 5.422527e-10 0.00031187164 0.95260453 2.0445113e-07 2.437938e-07 0.4660455 0.00073592825 0.8917473 0.7549278 3.0680394e-07 6.727089e-07 0.014130342 0.91317856 1.6167045e-05 4.486486e-08 7.83101e-07 0.27882677 0.001952502 6.898482e-07 0.00472808 0.29994112 0.1827343 1.964964e-06 3.6969624e-07 0.0003763526 0.0071628112 0.0024227607 0.00070527266 1.2627176e-07 4.874932e-08 0.0008922052 0.026851578 4.471559e-09 0.00019614669 8.5885345e-05 0.069055736 9.160666e-06 0.0007590755 0.0013754477 2.3120453e-08 0.0001208745 0.00027971275 5.9045815e-05 0.06197438 3.2103202e-05 6.8406243e-06 0.0004394347 0.0053646592 0.00017647722 1.7206226e-08 5.3614727e-05 1.6409163e-05 9.662355e-07 5.233784e-05 7.029606e-07 0.0009343969
0.0076491013 0.00028249837 2.8918494e-06 7.055602e-06 0.0022423663 0.00027058614 3.3793167e-05 0.0044227173 1.6471407e-05 5.6611483e-05 0.00078867003 0.07998525 3.3915047e-05 4.5016048e-05 0.004896758 0.006660591 0.0009159435 1.8469431e-06 1.6855809e-05 0.0009924506 3.230755e-08 0.00027198347 0.0006134224 0.9999749 0.00038930308 6.242689e-08 8.290799e-12 0.00037517256 0.041440684 2.6464755e-05 4.380242e-06 1.031035e-06 5.0371946e-05 7.798427e-05 0.0591048 4.2008298e-05 0.010993036 1.7087541e-06 0.00010522482 2.1441623e-05 2.4731864e-05 3.9042538e-05 5.3661856e-06 7.389259e-06 4.112001e-06 0.9998871 4.967655e-06 7.173009e-06 7.735835e-05 4.7328816e-05 1.8419836e-05 3.6075483e-06 2.248424e-05 7.2217777e-06 1.4523662e-05 2.236729e-06 5.070117e-07 2.886219e-05 1.0237137e-05 0.0008113479 4.1017454e-05 1.9713449e-05 2.801238e-06 9.806296e-06 0.00039231507 4.9631526e-06 1.3515367e-05 2.335395e-07 7.640982e-06 2.2528198e-07 1.5000684e-06 3.6996394e-07 1.1746133e-06 3.2498696e-07 2.6950664e-07 1.7405935e-07 6.895884e-07 2.8041009e-06 7.144874e-06 1.3628638e-06 6.117119e-06 1.9872003e-07 3.3176218e-06 2.2233771e-06 3.1087728e-07 2.626435e-06 1.3399744e-05 4.333806e-07 4.4355284e-06 6.818798e-06 4.015216e-07 4.067503e-06 3.9449066e-07 6.3256596e-07 1.2279561e-07 4.151613e-06 1.04092116e-07 1.4718585e-06 1.1825886e-07 8.748615e-08 1.2103911e-06
0.0010607443 5.2586343e-05 1.532209e-07 6.113401e-07 0.0019139166 8.1545644e-05 1.4272281e-07 0.000660682 1.2119798e-07 3.2490948e-07 0.00016642181 0.020679282 4.7545374e-05 1.1618263e-07 0.0005777549 0.00028287552 0.99986434 3.7066253e-05 3.867643e-05 2.279119e-05 4.136581e-07 3.3915353e-06 8.445271e-06 0.00016431189 4.9331024e-06 6.219849e-07 0.00037517256 6.1171867e-18 1.2795627e-05 7.2095427e-06 3.3301582e-08 1.5053464e-08 1.7648597e-06 2.6850333e-07 3.270778e-06 2.7334172e-05 2.9297502e-05 4.565359e-06 7.918593e-08 1.647447e-05 7.1270745e-07 1.489033e-07 1.2895642e-07 9.77407e-07 2.3188899e-07 0.99999994 1.1825317e-06 5.4279985e-07 3.7989047e-08 1.1927115e-06 7.964106e-07 1.8426563e-07 1.137336e-06 2.0367686e-08 7.058143e-07 9.5623655e-08 1.2446948e-07 4.289314e-08 1.0958763e-08 7.639139e-08 1.0413819e-07 2.9517204e-07 2.7269326e-08 3.736409e-07 3.519098e-07 9.391822e-08 5.878482e-09 1.4196992e-07 3.8426585e-08 6.388153e-10 2.6349197e-08 4.983473e-07 4.440198e-09 5.852471e-09 1.993117e-10 1.0098536e-08 3.824709e-07 6.6245853e-10 1.9388061e-07 2.080333e-09 1.4270232e-08 2.0168134e-08 4.040767e-08 3.6220428e-07 3.063998e-11 4.6862453e-08 4.5202447e-07 3.3204715e-09 2.6682484e-08 1.2638819e-08 5.734397e-08 3.1667216e-07 4.328038e-08 2.2413086e-08 2.9335576e-11 1.8767313e-08 2.0360527e-09 5.1546216e-09 2.804535e-09 5.598937e-10 2.5501912e-08
0.9073482 0.00035292853 2.2272204e-06 1.2454834e-05 0.005968323 0.00010327671 4.479902e-06 0.10625624 1.4052804e-07 2.2811857e-06 0.040920436 0.04638769 0.013945808 2.15597e-06 0.89178103 0.7960049 0.0005980807 0.000112177026 0.00014260615 0.64836377 6.2472066e-07 0.6454206 0.5327287 0.5096388 0.58395594 9.3774084e-05 0.041440684 1.2795627e-05 2.7042021e-10 0.010422416 3.091151e-08 3.65304e-06 0.00905592 0.0002347985 0.99930185 0.0007906302 0.97995627 0.00015217351 0.043565866 0.002822381 0.003797842 0.0058506085 0.0005360913 5.654409e-05 0.00034409683 0.0005116941 0.0006830547 6.6468806e-06 0.004814381 0.008170581 3.8494372e-06 8.494752e-05 2.8350719e-06 1.9432598e-09 0.0005323089 0.00022789268 1.568667e-05 1.15343376e-07 7.86694e-05 0.0528327 0.00040820445 2.0144194e-05 4.102723e-05 8.7531014e-05 3.6174738e-06 1.0320311e-07 1.2755616e-07 0.000109705914 8.302142e-05 3.687273e-05 1.933094e-05 2.661703e-05 3.475626e-05 6.9268126e-06 1.8228081e-07 3.704604e-05 0.00017455532 0.00016326146 2.976297e-06 1.5230701e-05 1.8375586e-07 0.00054571487 1.7154928e-06 2.8074749e-06 1.4459135e-07 7.48038e-05 4.640861e-05 1.4872567e-06 5.347898e-09 3.2785476e-08 5.5228713e-05 2.1949216e-05 1.4382238e-06 9.49072e-06 1.0923856e-07 8.3263764e-08 1.2202694e-06 6.3818995e-08 1.8836007e-06 2.1083955e-05 2.1573776e-09
0.9997614 0.0029169647 6.753212e-05 0.00014607249 0.009123543 0.00025558088 0.0013057953 0.01762516 0.0016521161 0.0005601286 0.013010307 0.009112322 0.019238763 4.3680466e-05 0.015317861 0.032447055 2.0403002e-05 0.00023617918 0.0014400877 0.25583166 0.0001921169 0.06597945 0.10821803 0.015507087 0.83310616 0.00045945976 2.6464755e-05 7.2095427e-06 0.010422416 7.8227675e-13 0.00027362045 0.00045879203 0.96237147 0.00036660262 0.0013745804 0.0067300317 0.013955148 0.0018532164 0.1821278 0.31077826 0.6255197 0.29348877 0.9421439 0.030804237 0.34660646 4.2081015e-06 0.79041743 0.000222029 0.003246523 0.057664398 6.5095934e-05 0.72430325 0.00040272353 0.0002634395 0.0517185 0.09818294 0.001099691 0.00015967918 0.29284272 9.2827446e-05 0.04379048 0.00023809834 0.01464457 0.0031767054 0.00094973214 4.3372547e-05 8.5879565e-06 0.11600494 0.038491044 0.25427127 0.0017924702 0.0003815869 0.07685384 0.00086269365 0.00053118553 0.0010497734 0.0001609245 5.2989282e-05 0.00014892752 0.0052962536 4.219562e-06 0.0022969462 6.578191e-05 0.00031360297 0.0011884986 0.00018773026 2.3028528e-05 0.00013648227 0.0009509053 0.0071773794 0.00027354996 0.00057166244 8.853068e-06 1.0092419e-05 3.5250603e-05 1.2233099e-05 1.5682315e-05 9.781418e-05 0.00012682915 3.5414974e-05 3.6370096e-05
