9.259365e-15 0.060247254 0.8832728 0.9597998 0.7452541 0.6366029 0.91221255 0.021351965 0.7712177 0.74925846 0.31604144 0.20265655 0.8889653 0.051173095 0.66031796 0.16901425 0.46758163 0.6918934 0.0003245981 0.6395739 0.6362805 0.81305254 0.44282994 0.7988406 0.8335296 0.86323863 0.9152725 0.77942985 0.94042057 0.9701309 0.98647994 0.99481755 0.97851086 0.32307753 0.9464628 0.99708074 0.7985211 0.66550046 0.93034405 0.8305554 0.9176403 0.99599606 0.9424787 0.7717437 0.004374678 0.0034420448 0.9974491 0.99994344 0.78926474 0.7552285 0.34103608 0.96260166 0.85343677 0.6986648 0.14388 0.65993464 0.011175643 0.93951905 0.9775816 0.9995558 0.67795277 0.19881621 0.99998474 0.8076925 1.5300246e-05 0.9975784 0.9662625 0.96205235 0.9666193 0.8716838 0.90306324 0.2524987 0.8927694 0.9705722 0.96308756 0.986129 0.55809045 0.99969006 0.2716129 0.8377807 0.83171964 0.8064182 0.8091023 0.05779365 0.7140276 0.02148345 0.9335282 0.948313 0.8557374 0.8363381 0.7119114 0.8673613 0.0019524833 0.6317691 0.7791839 0.06853514 0.11351932 0.03592032 0.04140053 0.7080628 0.46442237
0.060247254 3.125962e-11 0.9050822 0.9995271 0.047350254 0.0041034846 0.015029454 0.40307772 0.0018751527 0.97683376 0.00013800629 7.860077e-05 0.0031089834 0.8711852 0.00022956486 1.4181053e-05 3.9420676e-05 0.00013749422 0.007919584 0.0068635847 2.0744726e-05 0.006362855 0.0014746512 0.021231458 0.002672239 2.821108e-05 0.00046402952 5.0321334e-05 0.00016268312 3.4556862e-05 0.0060367095 0.00029597725 0.0014392379 9.537165e-06 0.088222235 0.0020736225 0.0062112967 7.11014e-06 1.557637e-05 2.1406748e-05 1.570087e-05 0.00016718458 0.0006331738 3.804579e-06 0.00079021114 0.005340362 0.00011625119 0.0011449486 4.1765006e-06 0.0032472059 8.358778e-07 4.954937e-06 0.007102997 1.6123894e-06 7.1369635e-07 2.232109e-06 1.0357793e-06 9.184757e-06 2.3410435e-05 0.0011248256 0.00029109555 2.0194677e-06 0.0022263532 5.6809827e-06 6.882738e-05 0.00043462543 1.1556783e-06 7.712021e-05 2.2729977e-05 1.4041284e-05 1.7666902e-06 9.894455e-05 8.036098e-07 5.317555e-06 2.0568446e-06 2.297266e-05 8.600559e-05 0.00031729418 9.83141e-06 1.9857162e-06 7.937155e-06 3.8420135e-06 3.5198652e-06 1.2498896e-05 2.2221475e-06 0.00024648922 3.2320295e-05 2.91108e-06 1.2880842e-05 3.8428566e-06 2.4001415e-07 2.499231e-06 7.961738e-05 4.1711488e-07 3.5650515e-07 5.747795e-06 3.092012e-06 3.3173146e-06 6.25876e-08 1.8099161e-08 7.430744e-07
0.8832728 0.9050822 2.39497e-12 0.9572966 0.95651436 0.055689342 0.9668614 0.048231725 0.15555935 0.051667064 0.00014692753 2.5221221e-05 0.09877633 0.0065168273 0.0009576846 2.560926e-05 5.0311784e-05 0.00038515872 6.335036e-05 0.7525479 2.3557779e-05 0.6498264 0.0052684783 0.15626562 0.10263984 2.6403874e-05 0.005268092 1.0275675e-05 0.0006500425 2.9635275e-05 0.53708744 0.0009927308 0.012866031 4.829321e-06 0.025356563 0.07993263 0.0043678847 9.1843765e-07 4.374458e-07 2.3833843e-06 2.2996956e-06 0.00010042413 0.0034753426 3.1839218e-07 0.00092536747 0.00023561498 1.0890362e-05 0.012244371 2.5477702e-06 0.01169576 1.8967226e-07 9.0146483e-07 0.009238517 5.0322393e-07 1.7575566e-06 1.7242497e-06 7.0217467e-09 6.839597e-07 1.3072648e-07 0.0005780847 0.001841275 1.7212676e-06 0.022657188 6.7607766e-07 2.1184223e-07 2.0259771e-05 1.529578e-07 3.5658488e-06 4.5775073e-07 4.3155725e-07 1.6074112e-07 0.00010996422 8.3567016e-08 5.178262e-07 1.7090475e-06 5.751301e-07 0.0003161241 0.00017893063 9.2564545e-07 3.1764472e-08 1.4335092e-06 4.520426e-07 1.3588302e-06 4.7957692e-05 3.1307238e-07 4.1790405e-05 2.1695012e-05 1.5431999e-07 1.2917833e-07 1.548593e-07 5.3883005e-09 2.5799534e-07 2.407491e-07 2.7368174e-08 4.3176573e-08 4.6229798e-07 3.3030803e-06 2.5188074e-05 7.343402e-09 2.4499038e-09 3.142646e-08
0.9597998 0.9995271 0.9572966 1.6566958e-12 0.029011054 0.0005229234 0.20119081 0.0018211915 0.010305849 0.026507288 5.483944e-05 7.753062e-06 0.018507259 0.14417876 0.0005274383 9.356894e-06 2.1171825e-05 0.000248977 2.8565191e-05 0.53974515 1.0734767e-06 0.56121045 9.212654e-06 0.7271044 0.46132335 9.145879e-06 0.004698803 5.9858934e-08 0.00043810633 1.3692338e-05 0.5366732 0.0005053166 0.009766957 8.899311e-08 0.03728817 0.42839321 0.0444703 1.0884901e-07 4.1662208e-08 1.4925096e-08 3.487524e-06 0.00019316925 0.078719854 3.2854963e-08 0.00050365605 0.0018550324 2.9031746e-05 0.038050618 3.788855e-07 0.0021653417 2.506721e-08 7.192995e-07 0.061187506 4.1931366e-07 1.5618957e-07 7.551163e-08 6.6304196e-08 3.69439e-07 1.8669508e-06 0.003719923 0.0034503222 1.9391583e-08 0.16546395 1.6765092e-08 2.2462264e-06 0.00073707313 1.1417307e-08 3.4610064e-05 6.786273e-07 6.775341e-08 2.2262095e-06 1.3327876e-07 6.1869207e-07 6.530302e-08 8.262857e-08 1.176958e-06 0.0011950987 0.00085135474 1.3698553e-07 1.1302514e-08 4.2885613e-08 5.0313485e-08 2.5990602e-07 1.1141742e-05 1.5039295e-07 0.0019349128 0.0013012162 7.180031e-08 1.5989937e-06 1.0437303e-07 7.826037e-09 3.0683293e-07 2.3955428e-07 1.5485996e-08 6.768535e-08 2.7697263e-07 4.3370977e-07 1.6967526e-07 1.6528297e-08 1.8166838e-09 1.8480151e-09
0.7452541 0.047350254 0.95651436 0.029011054 5.540049e-12 0.98877454 0.981629 0.019591399 0.77752656 0.0039047473 0.013364402 0.0032408433 0.52688384 0.0011229087 0.036964748 0.00014485711 0.0017324863 0.010170107 0.00014156521 0.04140373 0.00018302402 0.11210487 0.0077761104 0.001122717 0.0017894241 5.219568e-05 0.120853685 6.4241926e-06 0.009177374 0.0002848137 0.29921857 0.010357277 0.05830554 1.8502486e-06 0.0014054059 0.013908001 0.00039522763 1.5713372e-06 4.240946e-07 4.014621e-06 1.0310798e-05 0.00022511887 0.00030758398 4.3261213e-07 3.9023084e-06 8.068885e-06 4.767451e-05 0.008206375 7.876455e-06 0.00065187475 3.847108e-07 1.4194319e-06 0.0010004205 2.0934915e-06 6.599398e-07 1.267433e-06 3.4901692e-08 1.150025e-06 4.878874e-07 0.00020658111 0.00051884627 3.1047093e-06 0.005416277 3.291712e-08 2.1392175e-07 6.119062e-06 3.2662765e-08 3.197266e-06 3.6310868e-07 3.780485e-07 3.2293306e-07 3.332079e-05 1.1978942e-07 5.222794e-07 7.6618113e-07 2.2728148e-06 4.484253e-06 0.00013097501 4.0394283e-07 5.6604378e-08 2.881924e-06 1.2259289e-06 1.2124625e-06 1.1225584e-05 3.2955714e-07 1.8215189e-05 3.2186265e-06 2.4953286e-07 4.7190852e-07 3.791624e-07 1.0615136e-08 3.0260598e-08 5.9529658e-08 1.0171535e-07 6.700047e-08 2.027648e-08 7.4988548e-06 3.0068293e-06 4.9744746e-09 3.6461572e-09 3.4179186e-07
0.6366029 0.0041034846 0.055689342 0.0005229234 0.98877454 1.6907606e-12 0.5069409 0.9951128 0.74665195 4.5974575e-05 0.21501856 0.12972668 0.21240795 9.3318034e-05 0.18121016 0.012386416 0.039765276 0.06935706 0.12140511 0.00040446615 0.039267153 0.0019755655 0.19403939 3.9670304e-05 0.00014855119 0.006626716 0.04623312 0.0025281992 0.02686235 0.002046104 0.017542211 0.019865077 0.019953217 0.00023648347 0.00025046305 0.00045997056 1.8589426e-05 3.116688e-06 1.0298558e-06 5.3406843e-06 1.6180806e-05 0.000119067954 9.024318e-05 2.7343583e-07 8.3738263e-07 1.1115284e-05 1.5267873e-05 0.0012368157 9.138777e-07 1.3865224e-05 3.0712656e-07 4.999477e-07 4.5320376e-05 1.1346318e-06 8.9498e-06 4.027855e-08 2.3658484e-05 8.8757196e-07 1.455379e-07 5.654285e-05 8.082641e-06 1.1967198e-06 0.00027175143 4.032729e-06 6.226036e-06 1.7701727e-06 1.0562954e-05 4.288607e-06 1.9620898e-06 8.7385723e-07 6.2590686e-07 1.4685811e-05 7.7355617e-07 8.141048e-06 2.6315022e-06 1.6116823e-06 1.5432486e-05 2.7633549e-05 2.3199782e-05 1.9242111e-06 2.2214801e-06 2.4697276e-06 6.948166e-07 3.3310876e-05 2.1638384e-06 2.673174e-06 2.502483e-07 8.9512037e-07 7.550784e-09 1.9690742e-06 5.5059296e-08 1.2471979e-06 5.8747617e-07 8.7944704e-07 2.3681519e-08 1.1009212e-06 1.0792431e-05 1.7853482e-06 3.6178687e-07 1.1268676e-08 1.15334686e-07
0.91221255 0.015029454 0.9668614 0.20119081 0.981629 0.5069409 4.832319e-12 0.011251206 0.87180513 0.029888695 0.0035587677 0.00029299108 0.9042144 0.0030886645 0.027645696 0.00011451517 0.0008714704 0.0055953646 3.217667e-05 0.7981355 2.2251812e-05 0.7091789 0.0011759517 0.015285794 0.024026373 4.4630942e-05 0.3198355 5.175295e-07 0.014049766 0.00021404494 0.86187047 0.0122617055 0.29028872 4.5184387e-07 0.00081938267 0.22461815 0.0012790236 3.7573056e-07 1.3547665e-07 4.457672e-08 1.0503467e-05 0.00033814527 0.005793912 3.9213884e-07 0.00016371047 1.38302275e-05 4.754257e-05 0.081802964 2.5168038e-06 0.0007567579 3.3836926e-07 6.929584e-07 0.001568035 7.080829e-07 1.0509824e-06 1.4027738e-07 9.396512e-09 4.6038323e-07 5.385835e-07 0.0018507199 0.0003144082 1.6076412e-07 0.027162312 1.8467475e-08 2.1783464e-08 0.00021546074 1.8930495e-08 1.5978665e-05 3.2470476e-07 9.126596e-08 6.4364605e-07 7.834237e-07 9.900253e-08 3.1042043e-07 6.833498e-08 4.512505e-07 1.798794e-05 0.00029275368 1.4770022e-06 9.538903e-08 9.2942024e-08 1.3902616e-07 5.945964e-08 2.1524138e-06 4.7610147e-08 4.097855e-05 5.1412928e-05 8.7645994e-08 4.789907e-06 1.5167112e-07 6.40707e-09 5.5559333e-08 3.0288996e-09 1.5962586e-08 1.2468536e-07 2.4399208e-08 1.10357605e-05 1.118174e-06 1.515573e-09 1.5866666e-08 4.8355076e-07
0.021351965 0.40307772 0.048231725 0.0018211915 0.019591399 0.9951128 0.011251206 1.1798567e-13 0.07088565 0.00015490133 0.0105418265 0.014193034 0.0035275593 0.0002909859 0.003575965 0.0027577197 0.0038428828 0.0027378944 0.9999087 4.647084e-05 0.003071777 0.00015794036 0.056059122 5.0486888e-05 1.0528911e-05 0.0027804435 0.001453485 0.00037065422 0.0018555622 0.0009159645 0.00039695186 0.0015099497 0.0008487888 0.0018072637 0.0005336034 6.500015e-05 3.6193804e-05 4.05748e-06 2.3004448e-07 6.4085584e-06 1.6606872e-06 7.697387e-06 6.239259e-05 3.183562e-08 8.545127e-07 0.00011859234 9.829704e-06 1.9066776e-05 2.1373845e-07 2.3415737e-06 8.3357676e-08 9.5354096e-08 2.0772562e-05 7.306379e-07 6.730724e-08 5.37116e-07 5.2995296e-05 2.8657772e-07 1.9005358e-07 7.895482e-06 9.362206e-06 1.1800887e-07 7.811245e-05 4.894803e-07 0.027339032 2.7786277e-06 1.2463728e-06 1.273502e-06 4.146896e-06 2.5200916e-06 2.4980395e-06 5.23069e-07 1.3112997e-06 2.199107e-06 9.083389e-06 2.0775724e-06 9.357103e-07 1.5806966e-06 1.9191632e-05 2.0113059e-07 4.0010905e-06 1.359604e-06 9.916535e-06 3.4741893e-06 3.656126e-07 4.4028387e-05 1.3304522e-07 2.3661508e-07 9.005498e-09 2.4047625e-07 3.88576e-08 2.4559017e-07 1.8771905e-05 8.8942835e-09 9.664622e-09 2.1315095e-07 3.8676664e-08 3.297838e-07 1.9077115e-08 4.586949e-10 3.8690345e-10
0.7712177 0.0018751527 0.15555935 0.010305849 0.77752656 0.74665195 0.87180513 0.07088565 7.3407097e-10 0.00264001 0.9125956 0.42231768 0.98349667 0.00010164424 0.9536756 0.056158785 0.52431446 0.5419925 0.0015036183 0.00384381 0.07136253 0.0065941582 0.12574242 0.00018744527 0.00044431534 0.006724546 0.4864045 0.012042182 0.34191725 0.013171009 0.10380552 0.19373785 0.100724116 0.0003210512 0.00039955962 0.0036358621 0.00028126716 1.16479305e-05 3.1356394e-05 2.0394422e-05 4.5537778e-05 0.001343751 0.00016744372 4.1472013e-06 1.6506474e-05 1.2263425e-05 0.0001791755 0.01225513 3.3236481e-06 0.00013135465 1.0744902e-05 2.3502541e-06 0.0008362526 3.9423476e-06 3.7781335e-06 1.2186762e-06 4.6398723e-06 7.94912e-07 7.7777406e-07 0.00030430942 8.869982e-05 1.2829254e-05 0.003461201 2.8799911e-07 7.4326647e-07 2.5902316e-05 5.0135117e-08 7.986498e-07 2.4036046e-07 1.2289784e-06 1.7662883e-07 6.071535e-06 1.2068566e-07 5.5627754e-07 3.1896172e-07 8.43379e-07 6.328948e-07 9.019628e-05 1.5274272e-06 3.0369145e-07 1.0098672e-06 1.0950397e-06 1.6847268e-06 1.0742884e-05 2.434992e-07 4.1311803e-05 4.809241e-06 5.4237326e-08 4.567012e-07 1.8419466e-07 2.7603086e-08 3.1884962e-08 6.493497e-07 1.4852688e-07 5.0248843e-08 2.2784604e-07 3.0183128e-06 2.430607e-05 5.6087867e-08 3.3437406e-08 8.6883233e-07
0.74925846 0.97683376 0.051667064 0.026507288 0.0039047473 4.5974575e-05 0.029888695 0.00015490133 0.00264001 1.780052e-12 3.0714647e-05 4.2612086e-05 0.0022952678 0.9998043 9.9317396e-05 1.0959658e-05 3.7564228e-06 1.7367933e-05 3.2140422e-05 0.13370472 2.7716396e-07 0.17993127 2.1202284e-06 0.77953327 0.33154604 8.9292655e-07 0.00045292228 7.4043896e-08 1.3540679e-05 8.255874e-07 0.056738716 5.5836263e-05 0.0016646904 1.10726894e-07 0.33815372 0.120711744 0.08912783 1.21972255e-08 5.770307e-08 3.96832e-09 6.1600804e-07 4.851726e-05 0.07584719 1.15587724e-07 0.00038900913 0.0006965124 2.2508315e-05 0.012974213 6.6107424e-07 0.00056464685 8.4805936e-07 1.6553878e-07 0.07591989 3.237388e-07 7.7461476e-07 1.9688628e-07 7.1477467e-07 7.752674e-07 2.5312606e-06 0.0013664305 0.0031818594 3.6324306e-07 0.09736965 9.5166905e-09 2.9267467e-06 0.00037617912 1.638998e-08 2.9850737e-05 4.109339e-06 6.842744e-08 2.2887996e-06 1.5541166e-06 4.1750928e-07 3.339642e-08 9.2438874e-08 2.4730602e-06 0.0029467943 0.0011677778 4.3641517e-06 2.6995925e-08 2.3058094e-08 1.273516e-07 7.0114446e-08 5.270252e-05 7.7935965e-08 0.012203324 0.0020708132 1.6205159e-07 7.2738703e-07 9.4975155e-07 1.9273874e-07 2.623823e-07 6.565806e-07 2.3195014e-08 1.8932978e-07 1.2418516e-07 2.602282e-07 1.0517465e-06 3.7779134e-08 3.30527e-08 2.8844354e-09
0.31604144 0.00013800629 0.00014692753 5.483944e-05 0.013364402 0.21501856 0.0035587677 0.0105418265 0.9125956 3.0714647e-05 4.9977123e-11 0.9866357 0.15755668 2.4924817e-05 0.7358585 0.75255024 0.9827476 0.5939272 0.0031189884 9.183185e-05 0.33207744 0.00021086437 0.13732217 3.8191e-05 5.2126234e-05 0.46428218 0.17192623 0.030718207 0.41619787 0.08678365 0.00079731125 0.11753199 0.010553893 0.0036014558 5.0761402e-05 0.00032049714 3.5521996e-05 0.00038453095 0.00023922109 0.00013249628 0.00072235585 0.003960508 4.8550864e-05 2.2487373e-05 9.933558e-07 2.765977e-06 0.00035910262 0.00448825 1.4425226e-05 1.1622192e-06 8.26277e-06 7.886647e-06 1.1082113e-05 1.016001e-05 2.8398697e-06 2.4461908e-06 2.8314931e-05 4.504527e-06 3.20517e-06 0.000286682 9.4140705e-06 3.934389e-06 0.00047944818 3.2664124e-07 3.3987897e-07 2.053124e-05 2.1251971e-07 8.027056e-06 4.690925e-07 1.4298322e-06 6.7951134e-07 2.0146722e-06 2.4290912e-07 7.31859e-07 2.7201676e-07 2.5841544e-07 1.2112826e-06 4.7679237e-05 1.4352403e-05 8.669584e-07 1.0679555e-06 6.213251e-07 1.3574183e-06 2.9512197e-05 3.2308614e-07 4.1485877e-05 9.618196e-07 7.5843765e-08 6.2619347e-07 5.3009296e-07 3.0291666e-08 1.11840166e-07 1.76614e-07 2.463577e-07 1.7297044e-08 4.6809213e-08 8.059318e-06 1.1209269e-05 8.074096e-08 1.6948324e-08 1.6895238e-07
0.20265655 7.860077e-05 2.5221221e-05 7.753062e-06 0.0032408433 0.12972668 0.00029299108 0.014193034 0.42231768 4.2612086e-05 0.9866357 4.5499765e-10 0.025031459 4.8256585e-05 0.22346455 0.99519557 0.63552463 0.19004571 0.014384098 2.6792066e-05 0.8388523 7.464161e-05 0.36810184 2.8353845e-05 2.5370573e-05 0.5556963 0.04165896 0.07870488 0.2644552 0.08200381 0.0003185333 0.07100282 0.0048527173 0.011581504 7.5694596e-05 0.00014808655 6.288716e-05 0.0012459427 0.00023960034 0.00031600503 0.001361609 0.010430414 9.4048235e-05 2.421648e-05 5.53677e-06 2.9348103e-06 0.0008932362 0.002571202 2.2733186e-05 1.9914871e-06 2.3600413e-05 1.6792144e-05 7.329347e-05 1.7921693e-05 2.7348003e-06 2.7167573e-06 7.7863806e-05 7.734357e-06 9.064136e-06 0.00026865024 4.2507186e-06 1.0403844e-05 0.00032941153 3.3369156e-07 4.559464e-06 2.2738997e-05 6.9841235e-08 6.8854188e-06 7.2808933e-07 5.20274e-07 9.104389e-07 1.1915911e-05 2.9315274e-07 4.117037e-07 8.9395587e-07 2.5203221e-06 1.918443e-06 3.5400655e-05 1.9314946e-05 5.704014e-07 1.1590176e-05 8.455518e-07 4.716519e-06 8.1162136e-05 3.7539996e-07 0.00014860333 5.9351976e-07 2.2256862e-07 8.185754e-07 6.7488463e-07 2.4736826e-08 1.6768652e-07 2.3914101e-06 7.1558213e-07 4.1718664e-08 4.9141397e-07 5.7775264e-06 2.9945399e-05 5.880324e-08 2.2459648e-08 3.2113553e-07
0.8889653 0.0031089834 0.09877633 0.018507259 0.52688384 0.21240795 0.9042144 0.0035275593 0.98349667 0.0022952678 0.15755668 0.025031459 4.7257165e-10 0.00021569738 0.75114626 0.0046977596 0.108741164 0.4818735 4.9431404e-05 0.16219102 0.0042120004 0.11408436 0.0030329595 0.002460793 0.0041245283 0.0031507486 0.97860223 0.00074414106 0.39414465 0.0094513185 0.75105417 0.34596866 0.71138185 9.392691e-06 0.0004891922 0.038865514 0.00086049776 1.7200444e-05 3.5794452e-05 1.3253589e-05 0.00029496005 0.0037156702 0.0019191494 9.017568e-06 1.40813945e-05 1.4456496e-06 0.0008388966 0.127581 1.5685577e-05 1.9314502e-05 4.9050677e-06 2.3440773e-05 0.0013087986 2.1027518e-06 6.74434e-06 1.3220521e-06 1.6950725e-07 1.4475656e-06 6.655336e-06 0.003959851 0.0005767368 2.0595003e-06 0.02194148 2.3538497e-08 6.062232e-08 0.0003463339 2.0146182e-08 1.9853404e-05 1.0825308e-06 2.683725e-07 1.7493244e-06 8.3730515e-07 1.5722314e-07 4.7289112e-07 1.2081301e-07 6.794511e-07 4.5583445e-05 0.00035036958 3.0686772e-07 5.618147e-07 6.918022e-07 1.3988483e-06 1.662214e-07 9.065886e-07 3.6478022e-07 4.1268297e-05 0.00033372515 9.6163205e-08 2.6499558e-05 8.91421e-08 7.802651e-09 1.2238987e-08 5.634819e-09 1.4254209e-08 1.5148875e-06 5.0745353e-08 4.04185e-06 7.860347e-07 5.6191308e-08 1.17325925e-07 1.4211968e-06
0.051173095 0.8711852 0.0065168273 0.14417876 0.0011229087 9.3318034e-05 0.0030886645 0.0002909859 0.00010164424 0.9998043 2.4924817e-05 4.8256585e-05 0.00021569738 1.08223685e-13 3.1517928e-05 1.1639757e-05 2.8621514e-06 2.3126555e-05 0.0016430861 0.0022801368 3.3498614e-05 0.005252488 0.00025770187 0.06409542 0.013758631 1.6991738e-05 5.9944654e-05 1.372213e-05 2.0624475e-05 6.689144e-06 0.0009304687 7.323666e-05 0.00030152375 1.870145e-05 0.644883 0.0013890457 0.01882193 1.1071829e-06 1.40406155e-05 3.3141954e-05 1.7781979e-06 3.696947e-06 0.0016708641 4.03558e-06 0.89155424 0.751275 4.4660555e-06 0.0003577884 6.049823e-07 0.08807199 2.0394548e-06 6.130735e-07 0.08583832 2.1753083e-07 1.1025713e-07 2.2490225e-07 6.6675014e-08 7.1703107e-07 1.2723026e-06 0.000567811 0.0014682731 2.4633105e-06 0.009609773 7.556238e-07 1.086447e-05 4.638012e-05 7.516471e-07 5.857528e-06 2.4330757e-06 1.1270412e-05 2.3288874e-07 8.748011e-05 9.373246e-08 9.6619915e-06 3.8951657e-06 9.941965e-07 0.000615473 5.264812e-05 6.877701e-06 6.5281137e-07 9.475843e-06 4.144904e-06 2.6569756e-05 1.0952751e-05 2.4830769e-07 0.0032449693 4.344497e-06 1.6713952e-07 1.3701742e-07 5.430925e-07 5.7324065e-08 6.1479193e-07 0.0005852006 7.989971e-09 1.03853095e-08 1.4153625e-07 2.7039471e-08 9.0447367e-07 2.417603e-07 5.3287486e-08 5.0967316e-07
0.66031796 0.00022956486 0.0009576846 0.0005274383 0.036964748 0.18121016 0.027645696 0.003575965 0.9536756 9.9317396e-05 0.7358585 0.22346455 0.75114626 3.1517928e-05 3.93159e-10 0.070452936 0.9451077 0.9890297 0.00040653042 0.0011096576 0.08002532 0.001120092 0.061723903 0.00013857894 0.00012643907 0.095398776 0.6990991 0.019346341 0.81939656 0.220797 0.01502135 0.41163498 0.11728203 0.0009976162 8.75437e-05 0.0010610351 0.00015342027 8.927734e-05 0.00011958082 9.161344e-05 0.00045582338 0.007505692 0.00012620163 1.7683109e-05 1.6461662e-06 2.028244e-06 0.00069134816 0.016703852 8.590996e-06 4.520348e-07 6.0870852e-06 8.992912e-06 9.893274e-05 2.860803e-06 3.1847037e-06 3.1011805e-07 1.07959495e-05 4.488401e-07 1.1352726e-06 0.0008801129 1.7784194e-05 2.5205748e-06 0.0020806459 9.620944e-08 8.0560056e-08 0.0001525379 2.146334e-08 3.0281647e-06 1.396563e-07 2.635494e-07 1.6565737e-07 1.2857308e-06 5.69958e-08 5.9583734e-08 5.010586e-08 5.2146714e-07 3.4324773e-07 0.00013858886 8.1809617e-07 1.0959647e-07 2.7793607e-07 1.02609555e-07 8.531996e-08 2.3552711e-06 6.306634e-08 1.2636849e-05 8.654728e-06 1.9735579e-08 6.231463e-07 6.685266e-08 4.5855164e-09 9.7266316e-08 1.2597111e-08 2.8316212e-08 3.0269028e-08 8.204401e-07 8.4055665e-07 3.898626e-06 8.309654e-08 7.3347093e-09 7.112059e-08
0.16901425 1.4181053e-05 2.560926e-05 9.356894e-06 0.00014485711 0.012386416 0.00011451517 0.0027577197 0.056158785 1.0959658e-05 0.75255024 0.99519557 0.0046977596 1.1639757e-05 0.070452936 1.2338112e-11 0.7555185 0.07118178 0.0028923845 5.2832507e-05 0.98412406 9.734089e-05 0.22644304 2.0264893e-05 8.275499e-06 0.8428979 0.013630284 0.17622434 0.126174 0.1548533 8.949975e-05 0.032047786 0.0022217873 0.011335796 8.51857e-05 4.879214e-05 8.134692e-06 0.018335087 0.0026892181 0.007198125 0.005782312 0.014397767 3.843185e-05 0.00041151338 5.5018955e-07 1.1131913e-06 0.0026158951 0.0025736555 0.00021026256 1.7190038e-06 9.1310845e-05 0.00019463064 9.073174e-06 6.235892e-05 4.847192e-06 3.0471238e-05 0.00030204034 9.607935e-06 2.7417955e-05 0.00040160608 9.135283e-07 8.952241e-06 5.926255e-05 1.3193629e-06 1.1603182e-05 0.000100585625 3.578346e-07 3.1572774e-05 7.609996e-06 1.0486492e-05 2.9103721e-06 2.2342163e-05 1.9472106e-06 1.9811575e-06 1.4406727e-06 4.9231057e-06 1.925506e-07 1.1788705e-05 1.5837286e-05 2.3382331e-06 5.2325336e-06 1.2432434e-06 7.497639e-06 3.1571628e-05 2.0765979e-06 7.5814736e-05 9.583935e-07 2.6799898e-06 4.324603e-07 3.1731017e-06 1.4541554e-07 1.6826915e-07 1.3566827e-07 8.146783e-07 8.533395e-08 7.2151585e-07 4.2691504e-06 4.4759454e-07 1.4895656e-07 6.587711e-08 1.6470857e-07
0.46758163 3.9420676e-05 5.0311784e-05 2.1171825e-05 0.0017324863 0.039765276 0.0008714704 0.0038428828 0.52431446 3.7564228e-06 0.9827476 0.63552463 0.108741164 2.8621514e-06 0.9451077 0.7555185 4.722567e-12 0.9574651 0.0013589527 6.838397e-05 0.5058026 9.285402e-05 0.15530384 7.520699e-06 2.4606095e-05 0.9256819 0.2748027 0.08998735 0.6730446 0.66695803 0.0007315936 0.27199042 0.01929762 0.011063007 4.613909e-06 0.00016347943 1.3937224e-05 0.0025989353 0.0016072067 0.0012650585 0.0030087556 0.025663218 1.5170931e-05 0.00018918407 3.60846e-08 6.0286686e-07 0.0024602024 0.008483616 4.06431e-05 8.290546e-08 3.400217e-05 9.591204e-05 9.7014445e-06 1.0617513e-05 5.807013e-06 3.419743e-06 0.00018679534 4.1206727e-06 1.0926857e-05 0.00063028286 1.0238634e-06 2.7198448e-06 0.00036185174 3.6874098e-07 4.9870954e-07 0.00013161181 1.2503962e-07 2.7589233e-05 2.1468807e-06 4.2538107e-07 1.0067469e-06 2.124888e-06 1.1179666e-07 3.5323927e-07 3.0452828e-08 1.2619308e-06 2.382465e-07 5.3056636e-05 1.4137013e-06 1.0810395e-07 1.7574033e-07 2.6807555e-07 2.128688e-07 1.362418e-06 2.150324e-07 5.3302074e-06 2.4009555e-06 1.1549605e-07 5.7924165e-08 7.930277e-08 6.209554e-09 3.26218e-08 1.5997058e-08 3.213847e-08 9.936153e-09 3.5529817e-07 6.5673746e-08 1.8631435e-07 3.4989807e-08 4.4397237e-09 2.2263963e-08
0.6918934 0.00013749422 0.00038515872 0.000248977 0.010170107 0.06935706 0.0055953646 0.0027378944 0.5419925 1.7367933e-05 0.5939272 0.19004571 0.4818735 2.3126555e-05 0.9890297 0.07118178 0.9574651 8.6914545e-11 0.00045857532 0.0004812623 0.14090587 0.00034624504 0.07399309 7.484669e-05 6.723369e-05 0.28049493 0.7419212 0.04781237 0.931006 0.54515094 0.00424424 0.50904036 0.10785888 0.0041178325 2.5003359e-05 0.00028928506 6.871391e-05 0.0005846966 0.0007344026 0.0006177948 0.0026151307 0.02718141 8.156477e-05 8.011474e-05 4.9230187e-07 1.9791069e-06 0.0021462012 0.023170857 4.8034173e-05 1.3614068e-07 4.9096143e-05 5.6172747e-05 0.00011620975 7.132272e-06 1.1766331e-05 1.8534505e-06 2.2901218e-05 1.5747771e-06 5.302015e-06 0.0016764727 3.3496488e-06 3.7076065e-06 0.0018044969 1.7521285e-07 1.6079845e-07 0.00017553674 4.677717e-08 2.639554e-05 9.2295073e-07 2.5474483e-07 7.2811645e-07 1.764927e-06 1.5476732e-07 1.4672722e-07 3.4321353e-08 7.441211e-07 1.5272094e-07 0.00015115742 7.0556456e-07 7.4836585e-08 2.803479e-07 1.3364023e-07 9.3814734e-08 1.4398898e-06 9.259804e-08 1.2524419e-05 3.431885e-05 4.9596128e-08 8.970226e-07 5.492168e-08 1.1001445e-08 2.4134218e-07 9.691405e-09 1.9613918e-08 2.5040248e-07 2.2987113e-06 3.1408794e-07 8.570909e-07 2.1136183e-08 2.0640698e-08 2.1336979e-07
0.0003245981 0.007919584 6.335036e-05 2.8565191e-05 0.00014156521 0.12140511 3.217667e-05 0.9999087 0.0015036183 3.2140422e-05 0.0031189884 0.014384098 4.9431404e-05 0.0016430861 0.00040653042 0.0028923845 0.0013589527 0.00045857532 1.8693768e-14 1.6029979e-05 0.022638941 2.63693e-05 0.9080901 0.00016374263 5.898382e-06 0.001000535 5.089805e-05 0.069670185 0.00010795894 0.00026416456 1.521436e-06 0.00015163707 0.00029037215 0.9393184 0.0017621715 1.6749257e-06 9.023461e-06 0.0031424498 0.0003007452 0.00974257 6.1257386e-05 3.5410143e-05 5.9540957e-06 0.00012232197 6.185526e-08 1.2423386e-05 6.504077e-05 3.3845095e-05 9.488927e-06 1.0568568e-05 0.0006332662 1.3030776e-05 7.6233286e-05 1.0951979e-05 2.2154683e-05 8.726218e-06 0.61867994 3.2984312e-06 1.1596391e-05 0.00013409453 1.9719108e-07 8.517985e-05 2.7045737e-06 2.4231717e-06 0.90503865 5.506904e-05 4.534307e-07 3.866448e-05 3.1966276e-05 9.1385555e-06 2.1400124e-06 0.01607275 9.143402e-06 2.0333355e-06 1.4967767e-05 1.636848e-05 4.4681533e-07 7.020863e-07 0.00013509278 4.7984017e-06 7.050151e-05 0.00010619137 0.00015253879 0.001681714 1.5175952e-05 0.002317496 1.5309139e-08 6.276798e-07 5.239502e-07 2.9748242e-06 1.1250829e-06 2.2756624e-06 0.05309534 3.9486295e-07 7.404461e-08 2.0661291e-05 3.6657536e-08 5.9926447e-06 7.1123036e-06 2.870876e-07 2.3262236e-07
0.6395739 0.0068635847 0.7525479 0.53974515 0.04140373 0.00040446615 0.7981355 4.647084e-05 0.00384381 0.13370472 9.183185e-05 2.6792066e-05 0.16219102 0.0022801368 0.0011096576 5.2832507e-05 6.838397e-05 0.0004812623 1.6029979e-05 1.34040366e-11 1.515485e-05 0.9978461 6.5859963e-06 0.083755486 0.84674436 1.5398187e-05 0.016622467 2.8812067e-06 0.00022081629 4.1144507e-05 0.9444645 0.001055872 0.084545925 7.0229426e-08 0.00933216 0.8516195 0.014040242 3.9765598e-07 8.141668e-06 1.2958377e-07 1.1303286e-05 0.00044316595 0.021224894 1.5143632e-06 0.00061753293 1.040704e-05 0.00027408949 0.07477774 1.0553806e-06 0.0011356961 3.724928e-07 3.6853448e-06 0.054506864 3.7101228e-07 2.3049015e-06 5.0893554e-08 5.6953525e-08 1.579112e-07 1.2353615e-06 0.002838684 0.00096647657 1.201544e-07 0.028679306 3.1222367e-08 6.1316385e-10 0.0007758995 7.378446e-09 1.8691519e-05 8.530007e-07 2.037771e-08 1.7057438e-06 3.0583564e-08 1.8874694e-07 4.470776e-08 1.7681817e-08 5.988274e-06 7.3984334e-06 9.773623e-05 3.8757472e-07 1.5099424e-07 2.202784e-08 4.385542e-08 1.6014286e-07 5.707878e-07 2.5949449e-08 1.7398194e-06 0.00017554495 1.1623151e-07 9.261713e-06 6.866737e-08 5.0957247e-09 3.4311473e-08 7.844946e-08 2.1260634e-08 3.4622073e-07 5.258098e-07 3.522807e-06 6.874595e-09 3.1774258e-10 2.9924525e-09 2.5162153e-08
0.6362805 2.0744726e-05 2.3557779e-05 1.0734767e-06 0.00018302402 0.039267153 2.2251812e-05 0.003071777 0.07136253 2.7716396e-07 0.33207744 0.8388523 0.0042120004 3.3498614e-05 0.08002532 0.98412406 0.5058026 0.14090587 0.022638941 1.515485e-05 7.1326484e-13 1.0089724e-05 0.7994314 5.6631156e-06 1.1748474e-06 0.9344542 0.013947485 0.9721243 0.31399462 0.433616 7.749023e-05 0.111484334 0.003270387 0.18680976 3.427326e-05 2.311996e-05 1.3035766e-06 0.5044679 0.07387622 0.58403045 0.07100233 0.20895858 3.0274357e-05 0.006248515 1.5476289e-07 1.868414e-07 0.03264745 0.006725047 0.0012972605 5.436723e-07 0.0005048626 0.001386363 4.0184364e-06 0.00031919134 5.6303557e-05 9.69528e-05 0.015820976 7.642721e-05 9.240297e-05 0.0012657042 1.0986746e-06 8.495148e-05 0.0004408259 1.8425625e-06 3.58106e-05 4.81078e-05 5.2862237e-07 2.129019e-05 1.2450701e-05 1.7268974e-06 5.870504e-07 4.9777354e-05 8.8782843e-07 1.368981e-06 2.0589682e-06 1.8108985e-06 1.2121302e-07 5.0379003e-05 9.047114e-06 1.3991672e-06 7.1401814e-06 4.1150647e-06 9.753161e-06 4.514317e-05 1.3195619e-06 6.551864e-05 1.3969898e-06 3.6492355e-07 4.3976644e-07 1.9006518e-07 2.3810692e-08 2.81465e-07 7.996596e-07 1.15332156e-07 2.948669e-08 2.8874867e-06 5.5150945e-06 6.043814e-07 1.1940925e-07 6.7273707e-09 1.2494819e-07
0.81305254 0.006362855 0.6498264 0.56121045 0.11210487 0.0019755655 0.7091789 0.00015794036 0.0065941582 0.17993127 0.00021086437 7.464161e-05 0.11408436 0.005252488 0.001120092 9.734089e-05 9.285402e-05 0.00034624504 2.63693e-05 0.9978461 1.0089724e-05 1.398488e-12 5.7870086e-05 0.07591243 0.7315209 2.8932382e-05 0.01663712 2.1661594e-06 0.000661307 5.0926163e-05 0.9449016 0.00269472 0.13174985 1.5624275e-07 0.008715701 0.88489395 0.010049412 1.8012172e-06 2.0029e-06 3.9411765e-07 3.0975447e-05 0.0012728998 0.03226032 4.0010827e-06 0.0010245752 1.8727133e-05 0.0002787607 0.14245348 1.8203624e-05 0.0009902356 1.5650053e-06 1.5338053e-05 0.050291535 6.5019435e-07 2.085083e-06 1.772706e-07 6.6178984e-08 4.3637124e-07 2.6126777e-06 0.00656308 0.0008537569 1.9725353e-07 0.05690044 4.6952547e-08 1.5735717e-08 0.001196409 7.563079e-09 5.856866e-05 1.8676453e-06 2.4556217e-08 6.721231e-06 1.9211755e-07 2.5768796e-07 2.3107315e-08 2.8061471e-08 3.482283e-06 2.4019917e-05 0.00071148603 3.8368748e-07 6.898492e-08 2.0358247e-08 6.45698e-08 2.0249668e-07 4.9899984e-07 3.7637662e-08 1.2922504e-05 0.0008416303 1.1832723e-07 3.44402e-05 5.442219e-08 1.5164616e-08 5.4828007e-08 5.461996e-07 7.881552e-09 1.0458672e-06 7.736587e-07 1.6191325e-06 1.6462094e-07 1.5272908e-09 1.2943377e-08 6.6525374e-08
0.44282994 0.0014746512 0.0052684783 9.212654e-06 0.0077761104 0.19403939 0.0011759517 0.056059122 0.12574242 2.1202284e-06 0.13732217 0.36810184 0.0030329595 0.00025770187 0.061723903 0.22644304 0.15530384 0.07399309 0.9080901 6.5859963e-06 0.7994314 5.7870086e-05 6.023895e-12 2.4696806e-06 1.1617284e-06 0.62056607 0.0051275883 0.9842141 0.07383998 0.11846255 0.00035713246 0.046900757 0.004432867 0.9885415 0.0007532628 0.0005744702 1.4624596e-05 0.32359725 0.10578567 0.62929654 0.034442477 0.10340531 0.00011957582 0.025472404 1.3975202e-06 5.487711e-05 0.013317434 0.0029468 0.00042395227 2.8239669e-05 0.005096447 0.00039547894 4.4964556e-05 0.00012379583 0.00020501255 3.5673133e-05 0.048211418 7.5050716e-06 1.4620607e-05 0.0012029463 8.220453e-06 0.0005606494 0.0019130873 3.2993135e-05 0.001308529 0.00012373872 7.675638e-06 1.5342604e-05 5.253326e-07 1.9164214e-05 9.66747e-07 0.0002475616 1.862496e-06 3.9413273e-05 6.206394e-05 1.3355927e-06 8.481976e-07 0.0002734712 2.6948612e-05 1.4464038e-06 1.4183392e-05 3.1704553e-06 1.1275734e-05 0.00012134447 3.163578e-06 0.0006609243 7.4242243e-06 1.1932343e-07 3.92712e-06 9.911765e-07 2.862401e-07 6.701182e-07 0.0019667847 1.1640706e-06 4.9942304e-07 6.5668706e-07 1.0276405e-06 1.8314722e-05 9.3356925e-07 2.1131078e-07 5.5253236e-06
0.7988406 0.021231458 0.15626562 0.7271044 0.001122717 3.9670304e-05 0.015285794 5.0486888e-05 0.00018744527 0.77953327 3.8191e-05 2.8353845e-05 0.002460793 0.06409542 0.00013857894 2.0264893e-05 7.520699e-06 7.484669e-05 0.00016374263 0.083755486 5.6631156e-06 0.07591243 2.4696806e-06 8.443008e-12 0.99344057 1.8445035e-06 0.00036544964 1.9388672e-07 3.4901874e-05 4.551227e-06 0.05683731 0.00016070121 0.0012862878 1.03414735e-07 0.7653082 0.68697953 0.9673764 1.8584764e-07 2.5265745e-06 7.0454047e-07 1.7541475e-06 2.5934398e-05 0.80185825 9.708742e-07 0.014178722 0.00037777537 1.4250439e-05 0.013026198 8.240481e-07 0.14188455 3.2362689e-06 8.036565e-07 0.68564034 1.3044601e-07 2.5963514e-06 1.7766797e-07 3.7162454e-07 1.3707623e-07 2.4503012e-07 0.0006447848 0.033121325 4.7905373e-06 0.05564328 5.286765e-08 2.432694e-07 6.7733745e-05 3.3089902e-09 1.0296485e-06 4.1988108e-07 2.4930569e-07 6.148004e-08 1.788645e-05 7.4084014e-08 9.254384e-08 1.799857e-08 1.0366179e-07 8.319603e-05 5.9339745e-05 1.7158378e-06 1.7599392e-07 2.4344834e-07 3.3689167e-07 6.355519e-07 8.711401e-06 2.4542171e-08 0.00022664337 7.630173e-05 3.152173e-08 2.6451623e-06 3.7407496e-08 1.679248e-09 7.76419e-08 1.3386614e-07 2.4366745e-08 3.5533716e-07 6.886423e-08 7.002901e-07 3.3741128e-07 6.8482603e-10 4.5286736e-08 2.2630234e-06
0.8335296 0.002672239 0.10263984 0.46132335 0.0017894241 0.00014855119 0.024026373 1.0528911e-05 0.00044431534 0.33154604 5.2126234e-05 2.5370573e-05 0.0041245283 0.013758631 0.00012643907 8.275499e-06 2.4606095e-05 6.723369e-05 5.898382e-06 0.84674436 1.1748474e-06 0.7315209 1.1617284e-06 0.99344057 1.5995339e-13 4.260016e-06 0.001123238 1.7683428e-07 8.78907e-05 3.23344e-06 0.30141252 0.00018990369 0.004016323 3.4398493e-08 0.07128629 0.9681409 0.5036546 7.8830254e-07 4.338508e-07 5.1444584e-08 3.7915354e-06 7.671983e-05 0.7740722 1.2814733e-06 0.0030187634 6.7589084e-05 2.059918e-05 0.04045634 1.8400355e-06 0.036592066 6.71543e-07 9.0541874e-07 0.21632749 5.6761138e-08 5.4917257e-07 4.285471e-08 2.7880827e-08 4.3009884e-08 3.0298847e-07 0.0027329407 0.008897887 3.6732368e-07 0.0688155 1.1968841e-08 6.882073e-09 0.0004912717 1.3145043e-09 1.1286977e-05 1.308884e-07 1.0618984e-08 2.1010908e-07 1.8852676e-07 2.326493e-08 1.1231189e-08 1.11926735e-08 2.1213762e-07 7.050898e-05 0.0004172195 1.1427138e-07 1.4458451e-08 3.671029e-08 5.2811316e-08 7.117799e-08 9.2312325e-07 2.1008773e-08 0.00010061613 0.00026070452 1.907664e-08 1.5239853e-05 1.9106245e-08 6.662841e-10 5.051703e-09 3.2715997e-09 3.0358285e-09 3.5342597e-07 2.3892444e-08 2.506201e-07 6.233968e-08 5.6527283e-10 4.4901562e-09 1.0671212e-07
0.86323863 2.821108e-05 2.6403874e-05 9.145879e-06 5.219568e-05 0.006626716 4.4630942e-05 0.0027804435 0.006724546 8.9292655e-07 0.46428218 0.5556963 0.0031507486 1.6991738e-05 0.095398776 0.8428979 0.9256819 0.28049493 0.001000535 1.5398187e-05 0.9344542 2.8932382e-05 0.62056607 1.8445035e-06 4.260016e-06 2.4930993e-11 0.02390381 0.7958974 0.6050137 0.9907348 0.00015445467 0.29466337 0.005185154 0.22339754 6.722497e-05 0.00010412693 4.883024e-06 0.07683999 0.1389736 0.08356827 0.13682987 0.35320258 2.394949e-05 0.004232883 4.8520842e-08 4.624442e-06 0.05768541 0.01893709 0.0005851406 3.3730893e-07 0.0007655933 0.001299912 4.2390577e-05 0.00016376436 0.00014584143 6.374099e-05 0.0023822768 5.0487077e-05 0.00016569572 0.006229182 1.8134841e-06 9.432291e-05 0.0017593428 5.895778e-06 6.2047216e-06 0.00043540561 8.719093e-07 0.000101671285 1.0277636e-05 7.345585e-06 1.0061465e-05 3.4989458e-05 1.8648313e-06 2.9899213e-06 6.792502e-07 9.068088e-06 1.9540161e-07 0.0005131709 7.809192e-06 2.3314662e-06 4.2942465e-06 1.4007393e-05 1.2346861e-05 2.0519064e-05 3.895493e-06 2.8385064e-05 0.00015142377 8.0560403e-07 8.400041e-06 1.6832654e-06 1.211379e-07 9.176536e-08 1.4832412e-06 3.5796054e-07 4.3578257e-06 3.0409444e-06 2.1387616e-06 4.5168817e-06 1.3248375e-06 1.1406528e-07 8.729622e-06
0.9152725 0.00046402952 0.005268092 0.004698803 0.120853685 0.04623312 0.3198355 0.001453485 0.4864045 0.00045292228 0.17192623 0.04165896 0.97860223 5.9944654e-05 0.6990991 0.013630284 0.2748027 0.7419212 5.089805e-05 0.016622467 0.013947485 0.01663712 0.0051275883 0.00036544964 0.001123238 0.02390381 2.4750512e-12 0.0045283874 0.72487766 0.06461345 0.23626338 0.7906414 0.97568554 0.0001189176 0.00018472619 0.005263547 0.00032633537 0.00026508063 0.00077766296 0.00014254687 0.00067190715 0.0066672033 0.00025462257 0.00010571273 1.8216231e-05 2.07373e-06 0.0027659426 0.2508333 4.1098585e-05 1.67648e-05 4.2832955e-05 7.817608e-05 0.00053884403 1.0009354e-05 5.0200715e-06 1.4312387e-06 2.5444997e-06 1.5853825e-06 1.3033486e-05 0.015271682 0.00027840017 1.4038171e-06 0.009898806 5.164268e-08 4.777992e-07 0.0012216074 2.6201606e-08 2.9254728e-05 7.7361e-07 2.8307477e-07 2.3884904e-06 3.0305625e-06 5.389786e-07 1.6904553e-07 2.5691538e-08 3.8770727e-06 9.543725e-06 0.0008669766 6.9250194e-07 2.8840174e-07 1.794543e-07 3.751412e-07 1.2282571e-07 6.576227e-07 3.9707658e-07 3.0502375e-05 0.0004936832 9.513374e-08 5.6560537e-05 1.9466526e-07 1.1301953e-08 9.625184e-08 9.090074e-09 1.5525204e-07 4.8626002e-06 1.6271354e-06 5.1160447e-07 3.388782e-07 9.005793e-08 6.290788e-08 2.3899577e-06
0.77942985 5.0321334e-05 1.0275675e-05 5.9858934e-08 6.4241926e-06 0.0025281992 5.175295e-07 0.00037065422 0.012042182 7.4043896e-08 0.030718207 0.07870488 0.00074414106 1.372213e-05 0.019346341 0.17622434 0.08998735 0.04781237 0.069670185 2.8812067e-06 0.9721243 2.1661594e-06 0.9842141 1.9388672e-07 1.7683428e-07 0.7958974 0.0045283874 4.2421358e-14 0.113998115 0.21022919 1.3571809e-05 0.05064485 0.0017982181 0.3238053 1.640217e-05 1.5109782e-05 3.3535528e-07 0.78324795 0.2897521 0.94868916 0.22249041 0.30499688 7.917398e-05 0.09668933 1.1629621e-06 7.601614e-07 0.09991861 0.0079287775 0.0065283473 3.6133158e-06 0.017480064 0.0052623427 2.618296e-07 0.0021750992 0.0002655024 0.00030555468 0.026062796 9.5122e-05 0.0002787312 0.0037455517 7.3968595e-06 0.0006321074 0.0020022145 1.3431256e-05 9.214548e-05 0.00062495255 1.63052e-06 0.00015212693 9.984927e-06 5.5836445e-06 1.341507e-06 0.00018445597 8.194275e-07 3.7715201e-06 2.2017228e-05 2.169014e-06 8.73381e-08 0.000526025 6.817271e-06 2.3298402e-07 1.7481821e-06 5.0080615e-07 1.4084275e-06 4.3456927e-05 1.9489651e-07 0.00013915436 4.8062357e-05 3.1404888e-08 3.530074e-06 2.0484126e-07 2.302487e-08 9.880516e-07 0.00026749852 4.5236924e-08 6.5162794e-08 4.052478e-05 1.0960573e-06 1.129222e-05 5.5731484e-06 9.112242e-09 4.000722e-07
0.94042057 0.00016268312 0.0006500425 0.00043810633 0.009177374 0.02686235 0.014049766 0.0018555622 0.34191725 1.3540679e-05 0.41619787 0.2644552 0.39414465 2.0624475e-05 0.81939656 0.126174 0.6730446 0.931006 0.00010795894 0.00022081629 0.31399462 0.000661307 0.07383998 3.4901874e-05 8.78907e-05 0.6050137 0.72487766 0.113998115 7.833462e-12 0.9317651 0.009128665 0.9833396 0.33404592 0.008915873 3.1377782e-05 0.0005076835 0.00011911327 0.006476775 0.029270995 0.007113379 0.0076431115 0.14000574 7.171174e-05 0.0024100952 6.189999e-06 7.972036e-06 0.020256504 0.24152279 0.00016704497 3.3355363e-06 0.00037145804 0.0008332717 0.00021060693 7.227114e-05 4.7210302e-05 1.4358672e-05 2.5202324e-05 1.2212876e-05 6.5043125e-05 0.03147181 6.665117e-06 8.003566e-06 0.006343448 1.5532692e-06 1.9789293e-06 0.0014457281 2.642037e-07 4.5550198e-05 5.448061e-06 1.3952218e-06 5.3713934e-06 1.5881285e-05 1.35688e-06 9.547718e-07 2.2605502e-07 8.986748e-06 2.769486e-07 0.0015674145 9.21801e-07 1.9710997e-06 8.555956e-07 1.5020568e-06 2.9015965e-07 7.6731015e-07 1.7047564e-06 1.6126025e-05 0.0012812907 2.8218344e-07 3.389856e-05 4.1803716e-07 2.3657636e-08 2.5651426e-07 1.5203199e-07 2.9504287e-07 3.7153616e-06 1.8956467e-05 1.0439448e-06 1.1320702e-06 3.624188e-07 6.764921e-08 3.927416e-06
0.9701309 3.4556862e-05 2.9635275e-05 1.3692338e-05 0.0002848137 0.002046104 0.00021404494 0.0009159645 0.013171009 8.255874e-07 0.08678365 0.08200381 0.0094513185 6.689144e-06 0.220797 0.1548533 0.66695803 0.54515094 0.00026416456 4.1144507e-05 0.433616 5.0926163e-05 0.11846255 4.551227e-06 3.23344e-06 0.9907348 0.06461345 0.21022919 0.9317651 2.188274e-12 0.00036265896 0.75249624 0.04436452 0.049228385 3.9443185e-06 7.0759896e-05 1.3022639e-05 0.05223556 0.17127539 0.030508624 0.3505147 0.8463514 2.0178688e-05 0.015830975 2.0365384e-07 9.217901e-06 0.196275 0.19160521 0.002489262 9.544544e-08 0.0019527954 0.006494953 2.3061057e-05 0.0006674981 0.00020954032 0.000118752585 0.00026631032 3.8598384e-05 0.00026671673 0.09187407 1.7299205e-06 0.00018271306 0.0068686167 7.614838e-06 3.0591355e-06 0.0040327297 1.4163488e-06 0.00046595407 4.817782e-05 4.4822655e-06 2.0183077e-05 6.251582e-05 4.948015e-06 3.6883473e-06 1.303328e-06 1.6917907e-05 1.8048858e-07 0.0017332202 1.3212064e-06 5.288037e-06 4.5501856e-06 1.0718559e-05 7.8284035e-07 2.1514925e-06 5.316845e-06 4.5355464e-06 0.0021461 7.1086174e-07 0.000113142916 6.773878e-07 3.096173e-08 2.9407988e-07 4.458276e-08 1.4719153e-07 1.19338e-05 8.351364e-06 3.2211135e-06 9.167084e-07 9.4615835e-08 3.5316734e-08 1.372381e-06
