9.78105e-19 0.96161056 0.97565943 0.9399787 0.93578327 0.9633723 0.996277 0.8490411 0.97344977 0.99940205 0.9987407 0.8828825 0.8298903 0.84684145 0.9998817 0.7520035 0.75610477 0.896692 0.6451753 0.20133868 0.13680132 0.7786372 0.36215922 0.54307526 0.469322 0.37485278 0.7707847 0.2845419 0.92875475 0.8010066 0.67481256 0.83994424 0.97182053 0.6801067 0.26008582 0.102069765 0.60364187 0.9137974 0.7617062 0.56526935 0.20901997 0.07040136 0.25491297 0.118175365 0.9969058 0.00102716 0.9481424 0.0009611244 0.9999812 3.619864e-05 0.98225224 0.18358287 0.97358537 0.42177695 0.4978503 0.95935684 0.023688333 2.7995706e-05 0.9269125 0.8907602 0.997541 0.83894235 0.015347999 0.018747255 0.91489637 0.007077215 0.9999768 0.9752636 0.036759976 0.9088666 0.1286018 0.97376466 0.9045614 0.9266408 0.9465917 0.97382855 0.8793918 0.8713075 0.8292626 0.46419328 0.7441546 0.46415022 0.89624923 0.3691545 0.947229 0.78748363 0.9869232 0.06423442 0.049247276 0.5315564 0.90400404 0.1726388 0.07310937 0.35730618 0.7923498 0.19429445 0.00070076087 0.44977272 0.004748326 0.31086507 0.020429313
0.96161056 5.877716e-14 0.82854277 0.96900123 0.9453035 0.40343398 0.603883 0.66774046 0.09369641 0.6160366 0.1281502 0.15956448 0.05609875 0.27229318 0.009722094 0.19652194 0.16787083 0.010078585 0.06264484 0.0013809588 0.0009987466 0.06430724 0.023537245 0.06047821 0.017397251 0.002417261 0.06486469 0.0022231378 0.069081165 0.029983124 0.0229212 0.059988096 0.003876343 0.01645149 0.0041770223 0.0011359187 0.04793259 0.011841468 0.0034258703 0.009522021 0.0012238171 0.0008619958 0.0012957484 0.00090694026 0.0002831365 9.480476e-07 0.00015809092 3.603149e-05 1.0968881e-05 2.2613192e-06 1.3812921e-05 7.931658e-05 1.2216591e-05 2.7774117e-06 0.00027709088 4.159563e-06 1.2552219e-05 5.0558145e-07 1.411461e-06 5.450925e-06 9.109896e-07 3.9321344e-06 1.06619755e-05 4.629808e-06 5.5897285e-06 2.985556e-06 0.00032773946 2.567858e-06 1.7609876e-06 3.006018e-06 3.934284e-06 9.063319e-07 1.1255208e-06 1.1651402e-06 2.1486053e-06 1.9717595e-06 3.0362571e-05 4.148273e-06 2.0291695e-07 9.705456e-07 6.2099565e-09 3.3142143e-07 1.4947041e-07 7.079884e-07 7.3458403e-07 1.6612416e-06 1.4209203e-08 4.1655812e-06 6.2498856e-08 3.1212318e-07 1.6618152e-06 9.7890734e-08 6.897824e-07 1.1633005e-06 3.1802e-08 4.7606676e-07 2.546363e-07 2.4674523e-07 5.7822254e-09 3.1952418e-08 3.3609234e-07
0.97565943 0.82854277 2.2013897e-12 0.57183343 0.77075714 0.5529924 0.06843633 0.97516334 0.022596808 0.47794867 0.14678174 0.04012902 0.0047354894 0.66994077 0.001775602 0.72185624 0.3126387 0.0742891 0.52688265 0.0045427955 0.0051237307 0.506412 0.22729236 0.26134115 0.16537406 0.01856032 0.2930366 0.015762595 0.47731614 0.015225799 0.009612573 0.3517027 0.000762974 0.13023509 0.031585075 0.012306868 0.14726786 0.24136962 0.0012013905 0.013832874 0.0005387929 0.0065491498 0.0006895441 0.0062424196 2.1827436e-05 3.8046972e-05 5.0424455e-06 5.205152e-05 1.3951353e-06 2.4486042e-06 5.7275685e-07 1.21591265e-05 7.671759e-08 1.4996128e-07 0.00010506468 5.6395315e-08 6.2020295e-06 3.1975926e-06 4.5195097e-08 2.0729026e-07 1.04820124e-07 2.0105001e-07 7.171805e-06 1.6777569e-06 5.1893704e-07 3.1894515e-06 6.9075606e-05 3.0556e-07 5.1261736e-07 3.8216172e-07 2.5599725e-06 7.9950055e-08 3.092459e-07 2.3997728e-07 3.0375227e-07 1.1909475e-06 1.0215418e-05 2.8301524e-06 1.2849407e-07 1.0062679e-06 5.802786e-09 3.2434977e-07 1.3719996e-07 3.097474e-07 2.3157737e-07 2.4003495e-07 1.0201777e-09 4.3885543e-06 7.8403804e-07 8.109099e-08 2.306545e-07 2.254037e-08 1.2857088e-06 5.017482e-06 4.7970903e-09 1.5201793e-07 5.3813395e-08 1.3890402e-08 2.3168383e-09 2.898539e-08 9.096097e-08
0.9399787 0.96900123 0.57183343 6.6025375e-13 0.17027229 0.071323216 0.6525337 0.85279346 0.38240436 0.08147351 0.012484637 0.72735584 0.4410783 0.7263559 0.04501163 0.40271547 0.92328143 0.0043953843 0.17241858 0.00033183052 0.0003808205 0.32046548 0.053741198 0.034287706 0.05490962 0.0021604993 0.65427953 0.0035495756 0.27349678 0.1595043 0.15128909 0.4508986 0.01728275 0.18472512 0.03694495 0.010421938 0.2875747 0.1180069 0.014684756 0.18322851 0.007240118 0.012859971 0.00574659 0.006378578 0.00039149766 2.2576978e-05 9.620473e-05 0.0001350589 0.00016864695 3.7151135e-06 1.381055e-05 0.00020740644 4.0174396e-06 3.4264942e-06 0.0005371852 1.8318467e-06 6.8027034e-06 2.743057e-06 1.9067274e-06 5.228753e-06 8.393186e-06 5.6231893e-06 8.2223705e-05 2.901807e-05 6.050986e-06 3.5772748e-05 0.000945859 1.3298694e-06 1.0273627e-05 1.5992782e-05 2.2375554e-05 1.00275065e-05 4.2743056e-07 3.6295285e-07 7.6403154e-07 5.8176674e-06 1.498122e-05 8.534243e-06 1.6042564e-07 1.3388127e-06 5.3789355e-09 4.0280068e-07 8.976794e-08 4.7034902e-07 7.77473e-07 7.4623176e-07 1.248978e-07 1.4989938e-05 2.3748648e-06 1.7143323e-07 9.390044e-07 1.6740323e-07 1.0981452e-05 6.793303e-06 8.855862e-08 2.7244488e-07 2.1512687e-06 6.4196206e-07 8.015558e-08 4.931712e-07 6.760226e-08
0.93578327 0.9453035 0.77075714 0.17027229 1.3274711e-11 0.5350706 0.38187617 0.27160022 0.023554932 0.98622054 0.82917154 0.06370642 0.030501645 0.16606674 0.013705377 0.20389351 0.0426841 0.16431804 0.12298777 0.010426163 0.0042354716 0.049000032 0.05307675 0.20199485 0.013695041 0.0374045 0.017820435 0.00735888 0.09938192 0.016679091 0.018313456 0.019735761 0.02048938 0.007514401 0.008142847 0.0008477744 0.013589075 0.015314852 0.0051332973 0.0025402568 0.0019336594 0.00022965748 0.0007864277 0.0011356111 0.002439279 3.5438638e-06 0.0008029728 0.00017833147 0.00682035 6.965885e-06 0.00024129653 0.0006942778 0.0003819435 9.537603e-06 0.00046914912 0.0005906724 4.780736e-05 5.994579e-07 0.00018800957 0.00072166143 0.003618059 0.0004539376 4.2696985e-05 8.415336e-05 0.0010766772 5.573624e-05 0.00083523925 0.00018698873 1.9056431e-05 0.0015186138 0.00020645683 0.00013323996 0.00024949777 0.00022038605 0.00011083852 0.00030421454 0.00058894954 0.0002365261 0.00015715082 0.00011650669 6.525894e-06 3.2004773e-05 0.00012350424 2.1337268e-05 0.00028911183 0.00018067536 1.0914072e-06 5.694934e-06 5.0075698e-05 5.469194e-05 0.00019219809 2.2377966e-05 1.7772545e-05 6.11037e-05 1.151591e-06 1.2639839e-05 5.3741037e-06 8.886988e-06 2.6698417e-06 3.4284603e-05 5.2631426e-06
0.9633723 0.40343398 0.5529924 0.071323216 0.5350706 2.814587e-10 0.042320944 0.12895544 0.0055465605 0.053548858 0.97433585 0.050894935 0.009923111 0.08371099 0.0019147235 0.09555179 0.013666346 0.9786083 0.07389619 0.17764412 0.08627844 0.052784946 0.03358225 0.26975822 0.023874044 0.2757907 0.01273682 0.0871871 0.1480787 0.019405788 0.01095092 0.03180375 0.0059846584 0.008480194 0.004490804 0.0013516761 0.019563658 0.45744783 0.0044455756 0.0024936087 0.0021949327 0.00074117904 0.0013055549 0.01217103 0.00093144743 4.9436025e-05 0.0002025279 0.00013907158 6.381216e-05 6.2774834e-06 0.00011649113 0.00021598989 0.00014299195 3.2176076e-06 0.0004993657 5.7704376e-05 1.749432e-05 1.0883779e-05 3.328112e-05 0.00010008796 5.437916e-05 8.190713e-05 0.00013710702 0.00011721471 0.00018025265 0.000105821775 1.8432039e-06 7.928739e-05 1.3097755e-05 1.3238518e-05 7.816603e-05 1.5166237e-06 0.00014882642 6.682987e-05 1.7441163e-05 0.0001121612 4.1915497e-05 3.8277198e-05 7.1466184e-06 2.9849713e-05 1.9375013e-07 5.9159015e-06 3.8161347e-06 2.3720565e-07 2.2855616e-05 1.4964563e-06 3.134506e-07 1.5898999e-05 2.0275678e-05 1.3365764e-06 3.834715e-06 9.692026e-07 1.0433761e-05 3.7930964e-05 8.953697e-07 1.0424487e-06 5.1744803e-07 2.9593392e-07 7.389224e-08 3.4453815e-06 5.150568e-07
0.996277 0.603883 0.06843633 0.6525337 0.38187617 0.042320944 5.878714e-14 0.08705304 0.9654234 0.20754652 0.034578502 0.7299582 0.78298056 0.08745627 0.70558316 0.028640725 0.2775767 0.0011816339 0.009993612 0.00029127547 0.00035185795 0.024455085 0.00765629 0.009639158 0.008783117 0.0011632683 0.097490974 0.0011040987 0.013896493 0.3839148 0.28260234 0.054251235 0.18364412 0.014132929 0.0026856726 0.0011332197 0.061572924 0.00070400455 0.12391521 0.121598795 0.023916077 0.0012234087 0.0113510005 0.00014823166 0.008106762 4.876639e-06 0.0017408038 6.7576904e-05 0.0035338018 4.2338397e-06 0.0001724995 0.0009635858 0.00023967872 9.282041e-06 0.0016142535 0.00016270873 0.00015185746 1.3250639e-06 6.876013e-05 0.00013027279 0.00025112776 9.956843e-05 0.00010988791 7.3179974e-05 0.00014224458 2.1795571e-05 0.010854017 8.487204e-05 1.1456972e-05 0.00061446585 0.00014216756 0.00059473346 1.6138392e-05 1.4034685e-05 1.5186478e-05 7.438118e-05 0.0003662015 0.000111220026 1.2182613e-06 2.532015e-05 1.8976914e-08 2.7707817e-06 1.0603584e-06 9.0694397e-07 1.4204902e-05 3.4637317e-06 1.2991882e-06 7.487849e-06 1.1007544e-06 1.1682779e-06 3.65746e-06 1.3528248e-07 4.6141067e-06 9.076662e-06 2.4397652e-06 9.634796e-07 5.813269e-06 2.4721207e-05 2.0222755e-08 6.0572705e-07 1.747211e-07
0.8490411 0.66774046 0.97516334 0.85279346 0.27160022 0.12895544 0.08705304 1.0965474e-12 0.050242603 0.1319183 0.019487815 0.116167575 0.021570418 0.9710445 0.005108876 0.7997121 0.46918315 0.005887836 0.44404495 0.0014315917 0.002837961 0.42397502 0.10520997 0.17087041 0.10816043 0.0036786397 0.2449774 0.010542486 0.19001609 0.013854757 0.013021125 0.18308721 0.0014425379 0.08761854 0.026314685 0.0073703695 0.12028168 0.088251166 0.0018838182 0.018949285 0.0006875934 0.002746577 0.0006425538 0.003035842 1.7180575e-05 1.4328059e-05 7.849198e-06 7.59589e-05 5.9188083e-06 4.9981844e-07 9.862384e-07 2.556066e-05 2.7573054e-07 1.6607942e-07 7.9887606e-05 1.1902576e-07 8.848876e-07 4.202685e-07 8.354518e-08 1.7749626e-07 1.2189255e-07 1.15044564e-07 3.4650336e-06 8.1358746e-07 6.311487e-07 1.6671935e-06 0.00023066124 4.3817565e-07 2.0601729e-07 3.6954748e-07 1.4785128e-06 5.8137342e-08 1.2790734e-07 8.072741e-08 3.066708e-07 1.9212882e-06 8.668708e-07 4.6810333e-06 1.09758176e-07 3.749252e-07 2.2010067e-09 1.0839053e-07 4.879304e-08 8.7759574e-08 4.2813636e-07 1.8880564e-07 7.238812e-09 3.620708e-06 2.3657175e-07 2.9168406e-08 2.0045614e-07 3.484409e-08 4.805722e-07 1.6015546e-06 2.0930662e-08 6.227859e-08 6.815599e-08 1.3986075e-07 2.4249205e-09 9.7725085e-08 1.0552456e-08
0.97344977 0.09369641 0.022596808 0.38240436 0.023554932 0.0055465605 0.9654234 0.050242603 1.6270859e-13 0.02342284 0.0024347634 0.83421034 0.9223634 0.08676474 0.71297723 0.02560598 0.3780924 0.00058491854 0.020809356 8.278061e-05 5.6228433e-05 0.05391301 0.008737223 0.0051308554 0.016010934 0.00038331645 0.30592266 0.00071946176 0.0375332 0.71470755 0.6798559 0.25568378 0.3017465 0.052125584 0.007748698 0.005058839 0.29940072 0.014218918 0.3943431 0.6708981 0.14421614 0.019954937 0.08664163 0.0030443454 0.012285936 1.1597518e-05 0.003154477 0.00024166593 0.0027138237 4.8778065e-06 0.00038769175 0.0021942973 0.00072765176 6.33303e-05 0.0069819535 0.00037854153 4.851199e-05 4.2871516e-06 0.00018802535 0.00019998384 0.00048429827 0.0003225325 0.0005455484 4.6681467e-05 0.00013445488 8.20871e-06 0.018660424 4.1747226e-05 8.041967e-06 0.0011300037 4.9444792e-05 0.0015914951 1.5812415e-05 8.6457185e-06 3.3040244e-05 0.00016082538 0.0004602841 0.00015002172 3.543056e-06 3.3940963e-05 2.6746036e-07 2.9442547e-06 7.3051433e-06 1.2522142e-06 2.138404e-05 6.3819243e-06 1.2742826e-05 6.538559e-06 7.778781e-05 3.0951367e-06 1.7744653e-05 9.1230766e-07 8.09801e-06 3.763406e-05 4.0320137e-06 3.1269537e-06 1.7720216e-05 2.0625666e-06 6.8158556e-07 3.1313343e-06 3.698052e-07
0.99940205 0.6160366 0.47794867 0.08147351 0.98622054 0.053548858 0.20754652 0.1319183 0.02342284 1.1831276e-11 0.44752595 0.049310006 0.030796528 0.07701726 0.016780477 0.08675901 0.034349676 0.039254863 0.050433725 0.0042435457 0.0020068043 0.024389546 0.029728288 0.06011178 0.010462684 0.01806044 0.012776552 0.004898484 0.022322815 0.014508455 0.010892099 0.010882541 0.020496223 0.0075859763 0.006840374 0.0010017973 0.0061564073 0.002967913 0.006679725 0.002824977 0.0031117466 0.00012913578 0.0012755246 0.00023155964 0.0036441016 3.5092216e-05 0.0013539079 0.00030521536 0.0047635315 9.7580414e-05 0.00034064433 0.0011624184 0.00063193653 0.000123808 0.0020974216 0.00051942456 0.00032836708 5.153013e-06 0.0003549372 0.000578416 0.0011568224 0.00057268474 0.0019393752 0.00017030357 0.0012175512 0.000106048275 0.00092546863 0.00024602236 0.00017207624 0.00071779155 0.00065227185 0.0003285011 0.00048398683 0.0002534321 0.0002158052 0.00020266292 0.0014050145 0.00051189004 0.00018675241 0.0003949641 6.525219e-05 0.00025520043 9.050665e-05 0.00017279715 0.00020683442 0.00029757863 1.7891559e-06 0.00020920884 7.259442e-05 6.1958846e-05 0.0002988006 1.5231716e-05 7.5449905e-05 0.0002240982 1.6194398e-06 1.8825798e-05 1.0227291e-05 1.7252096e-05 3.0210083e-06 4.8364072e-05 2.1675965e-05
0.9987407 0.1281502 0.14678174 0.012484637 0.82917154 0.97433585 0.034578502 0.019487815 0.0024347634 0.44752595 3.8388392e-13 0.01854288 0.005012298 0.017903876 0.0019169141 0.021587715 0.0046907756 0.8239729 0.01188723 0.04057965 0.006606684 0.0050727455 0.008810719 0.04444783 0.0038567202 0.0517254 0.0027909614 0.0052524977 0.0102571715 0.00541274 0.0041729435 0.0019098835 0.0024818284 0.0016915998 0.0013032423 0.0001611358 0.0019790155 0.019615918 0.001199238 0.0003354169 0.0005792868 5.6642428e-05 0.00023814556 0.0012004371 0.00077615294 1.9648724e-06 0.00034664862 5.6971974e-05 0.00012904887 1.2409406e-06 8.42764e-05 0.00017039829 0.00010820943 1.3631874e-06 0.0002038683 7.64267e-05 9.012165e-07 2.3047157e-07 8.697351e-05 0.00018669064 3.50795e-05 0.00017170722 4.5280435e-06 2.332228e-05 0.00029658474 8.339458e-06 1.3784161e-06 4.6274443e-05 9.780998e-07 1.7462668e-05 3.7140067e-05 2.354483e-06 9.8612094e-05 5.1815226e-05 1.7303257e-05 0.00011826829 1.8431188e-05 4.3506065e-05 1.9791512e-05 2.7716447e-05 6.021762e-07 4.8610377e-06 6.359239e-06 6.0643976e-07 2.802725e-05 4.474198e-06 1.1333378e-07 1.4650867e-07 4.4951398e-07 6.422514e-06 1.1590574e-05 5.6035503e-07 1.4155427e-06 4.9111995e-06 6.067377e-07 9.094862e-07 6.4999526e-09 5.738445e-08 4.600286e-09 2.9198327e-06 1.4366836e-07
0.8828825 0.15956448 0.04012902 0.72735584 0.06370642 0.050894935 0.7299582 0.116167575 0.83421034 0.049310006 0.01854288 4.9549763e-13 0.9885565 0.13291624 0.38957348 0.029571876 0.86743647 4.4014658e-05 0.016708968 0.00016362041 0.000107848544 0.07257927 0.00434839 0.004335053 0.009427723 0.00033140293 0.34824473 0.000814753 0.024739262 0.60012174 0.53424275 0.24603312 0.07214208 0.08036892 0.010811815 0.007905534 0.40946126 0.00464236 0.09035295 0.6459668 0.036631774 0.021933958 0.021343293 0.002069687 0.00094168325 3.2712633e-05 0.00022434325 0.00088040443 0.00049760507 9.944922e-07 2.217834e-05 0.00038997526 1.3827946e-05 5.5242904e-06 0.0019062713 2.2957163e-06 2.0954341e-05 1.6362868e-06 2.1555836e-06 7.1089125e-06 9.484007e-06 6.283796e-06 0.0005465039 4.7100643e-06 7.785434e-06 2.5575762e-06 0.0021317203 1.7938013e-06 1.5958798e-06 1.3991774e-05 1.1556997e-05 2.9893468e-05 2.1869256e-07 1.2645044e-07 1.2705433e-06 1.149212e-05 8.908245e-06 1.3999048e-05 8.885623e-08 7.715441e-07 3.922402e-09 4.9900333e-08 6.862651e-08 1.1071211e-07 5.2246526e-07 3.8512636e-07 2.6877973e-07 6.3729505e-07 1.5550003e-06 3.262491e-08 2.5920033e-07 3.0878276e-08 3.5072475e-07 4.493978e-07 1.8570306e-07 1.2544385e-08 6.990684e-07 2.6639562e-08 1.35194185e-08 1.2369098e-07 8.83081e-09
0.8298903 0.05609875 0.0047354894 0.4410783 0.030501645 0.009923111 0.78298056 0.021570418 0.9223634 0.030796528 0.005012298 0.9885565 7.1413294e-14 0.04615538 0.7363769 0.008574152 0.59174246 2.148578e-05 0.0076191537 4.3699674e-05 3.6100762e-05 0.029119404 0.0027109773 0.0020005158 0.003271566 0.00019092296 0.14577863 0.0003655021 0.003809326 0.7797641 0.7557805 0.08618783 0.24295022 0.022480235 0.0028292176 0.002473964 0.15730974 0.0012175756 0.25174013 0.46599653 0.100842305 0.0054951785 0.029401215 0.0007535714 0.0024237754 1.7731187e-05 0.00031587033 0.00040245938 0.0013226524 1.64605e-06 9.4985386e-05 0.0008946272 0.00013201937 8.418944e-06 0.002958123 1.5806898e-05 2.9850878e-05 2.9509563e-06 3.146459e-05 2.0184965e-05 5.255441e-05 5.1788404e-05 0.0006721664 2.7365108e-05 4.696453e-05 1.2895222e-05 0.0027173704 6.2593936e-06 1.7180919e-05 0.00014393106 0.0001859518 0.00011874534 3.19569e-06 2.377566e-06 7.372134e-06 3.5773704e-05 0.00010149419 9.638408e-05 2.197589e-06 2.039378e-05 1.9276666e-07 9.678005e-07 1.6012642e-06 1.4779799e-06 2.1225467e-06 1.563497e-06 3.1385757e-06 7.36307e-06 5.998866e-06 1.3942229e-06 2.6000457e-06 1.1596507e-06 3.9108886e-06 5.987138e-06 1.5021743e-06 2.405641e-07 4.925764e-06 2.7978274e-07 2.3657084e-07 2.766713e-06 2.9743805e-07
0.84684145 0.27229318 0.66994077 0.7263559 0.16606674 0.08371099 0.08745627 0.9710445 0.08676474 0.07701726 0.017903876 0.13291624 0.04615538 2.6913112e-11 0.008006071 0.97699803 0.8567972 0.0009601404 0.4510581 0.00046412466 0.00090006896 0.6095626 0.11134245 0.10276794 0.10252429 0.003565368 0.3198575 0.017006079 0.30544993 0.0055552316 0.00640858 0.19476683 0.0007340319 0.12205489 0.051144455 0.022792991 0.17812699 0.21987356 0.0009858023 0.029209688 0.00054642913 0.012875397 0.00081488973 0.0073231114 0.00012449046 0.00011369575 6.1588995e-05 0.0002916599 6.782925e-06 9.858469e-06 4.7149265e-06 0.00012185229 8.797606e-07 1.4516323e-05 0.0003418307 8.427129e-08 6.5069394e-06 1.7214105e-06 8.8461206e-08 1.7999388e-07 1.4653493e-07 3.0526058e-07 3.5184705e-05 1.2061655e-06 2.9508283e-07 1.7425211e-06 0.000552749 5.891233e-07 2.3071897e-07 6.987858e-07 5.313781e-07 5.1131724e-07 1.2502733e-07 1.1500321e-07 8.1665644e-07 2.0397612e-05 1.8297654e-06 1.5616246e-05 1.1956669e-06 2.6626028e-06 2.5930898e-08 5.78484e-07 8.5338155e-07 2.4526216e-06 3.1724755e-06 7.79733e-06 2.202836e-07 2.1942416e-05 1.1924448e-07 4.2286806e-07 2.6509201e-06 5.5121813e-08 2.64286e-06 2.0525945e-06 9.2220904e-07 1.4573867e-06 3.958519e-07 3.0949095e-06 5.700044e-09 1.2278367e-07 4.120181e-08
0.9998817 0.009722094 0.001775602 0.04501163 0.013705377 0.0019147235 0.70558316 0.005108876 0.71297723 0.016780477 0.0019169141 0.38957348 0.7363769 0.008006071 1.6334192e-14 0.0014676857 0.024891403 3.2675965e-05 0.00095714774 2.7058859e-05 3.2894986e-05 0.0013224821 0.00051348057 0.000496196 0.0010139677 3.4670582e-05 0.010253865 9.155771e-05 0.00017650852 0.64084303 0.5530227 0.00584344 0.9765478 0.0016203622 0.0003732198 0.00023603825 0.016611429 0.00086578395 0.69834584 0.1867049 0.21337095 0.0011307114 0.11935915 5.768099e-05 0.24366319 8.448212e-06 0.05356694 9.4898554e-05 0.08453946 9.252999e-06 0.019798554 0.017857553 0.019661041 0.0019422247 0.15018073 0.013265977 0.0014733353 8.471965e-06 0.0047788266 0.00494643 0.014449631 0.0050907787 0.002725221 0.001665849 0.0039237193 0.00044265002 0.18795538 0.0012684084 0.00044070443 0.007988746 0.000901529 0.020142233 0.0016383684 0.00081549573 0.0009166067 0.0028561093 0.0042601465 0.0028135127 0.0005496203 0.00043322155 0.00016869103 0.0004180109 0.0003184516 4.7349855e-05 0.00027251831 0.00016023369 0.000951789 0.00014954705 0.00019742377 0.00013522439 0.00022398711 2.3220546e-05 0.00012385809 0.00065629365 0.00013668899 5.1729912e-05 3.3743672e-05 5.226272e-05 3.1800514e-06 6.1674575e-05 1.1429263e-05
0.7520035 0.19652194 0.72185624 0.40271547 0.20389351 0.09555179 0.028640725 0.7997121 0.02560598 0.08675901 0.021587715 0.029571876 0.008574152 0.97699803 0.0014676857 1.3872952e-12 0.2689536 0.00057029026 0.97823733 0.00021098006 0.00059351296 0.8472159 0.40810552 0.24865918 0.2949085 0.0028965664 0.13595617 0.018855909 0.28632423 0.00038237628 0.00031148523 0.06650452 7.029486e-05 0.06990962 0.02274685 0.007262576 0.05858001 0.13848567 9.608572e-05 0.00223303 4.786439e-05 0.002462867 8.535191e-05 0.001971504 6.0748253e-06 1.1027628e-05 3.4232735e-06 7.380523e-05 1.4470426e-06 1.1333968e-06 6.665331e-07 2.6107933e-05 8.449352e-07 2.219367e-06 3.533064e-05 1.01905655e-07 4.588226e-06 2.9011898e-07 8.3996724e-08 7.2110886e-08 3.8160067e-08 1.0284095e-07 1.9923039e-06 1.7180976e-06 1.5408e-07 3.2192615e-06 0.00047894756 2.3069015e-07 7.3181404e-08 4.1007203e-07 4.835762e-07 8.589705e-07 4.5004043e-08 4.5971394e-08 8.68802e-08 2.5539007e-06 3.9366932e-06 6.1175037e-06 1.670194e-07 1.156867e-06 1.4063067e-08 2.3223222e-07 1.5982977e-07 4.4398007e-07 3.076451e-07 2.7047029e-06 3.76041e-07 3.4678335e-06 1.3202112e-08 5.1392095e-07 1.5271418e-06 8.097909e-08 2.373506e-06 1.3488267e-06 8.88235e-07 2.2161582e-06 1.4861784e-07 1.7423831e-06 4.77878e-09 2.640022e-07 4.5436482e-07
0.75610477 0.16787083 0.3126387 0.92328143 0.0426841 0.013666346 0.2775767 0.46918315 0.3780924 0.034349676 0.0046907756 0.86743647 0.59174246 0.8567972 0.024891403 0.2689536 1.4929309e-12 8.367313e-05 0.1334133 0.00013045169 0.00020669737 0.80269885 0.037844807 0.023101063 0.13451569 0.0006063973 0.9812762 0.009482873 0.105956174 0.06697138 0.1616331 0.30801815 0.0019269566 0.12582457 0.025379213 0.012846315 0.13081825 0.03405726 0.009476866 0.085072696 0.0018701799 0.012627189 0.0018603447 0.0015730999 6.767157e-05 3.8039456e-05 3.0352643e-05 0.00033629354 3.4033474e-05 1.6786132e-06 6.770362e-06 5.216836e-05 8.054977e-06 1.9025998e-05 0.0001397631 1.2392861e-06 2.1282292e-05 9.917769e-07 4.0883947e-06 1.1309965e-06 1.5361527e-06 2.4777535e-06 8.9197936e-05 4.30874e-06 3.615015e-06 4.7608605e-06 0.0015590779 1.4113182e-06 7.7625054e-07 1.1901169e-05 4.1874882e-06 9.989794e-06 3.962738e-07 3.9849422e-07 1.2037914e-06 3.1945717e-06 1.2362425e-05 4.2754987e-06 6.677871e-07 1.7306697e-06 9.0921596e-08 3.978512e-06 7.949704e-07 8.547145e-06 8.8390925e-07 1.2361742e-05 1.7475752e-06 1.2862625e-05 3.225694e-08 2.6159498e-07 4.571189e-06 4.09202e-07 2.9232096e-06 2.5392442e-06 3.56606e-06 1.0854461e-06 5.360227e-08 1.0979167e-05 2.972293e-09 3.3924397e-07 5.061198e-07
0.896692 0.010078585 0.0742891 0.0043953843 0.16431804 0.9786083 0.0011816339 0.005887836 0.00058491854 0.039254863 0.8239729 4.4014658e-05 2.148578e-05 0.0009601404 3.2675965e-05 0.00057029026 8.367313e-05 4.805611e-11 0.0008747378 0.97845984 0.54580986 0.00018394162 0.0012425603 0.012952282 0.0006904458 0.051815625 4.947234e-05 0.009177342 0.0005081175 5.6592415e-07 2.541834e-06 0.00017987454 1.3116012e-06 0.00020899368 0.00025893067 8.725897e-05 0.00025056984 0.09155505 1.7567531e-07 5.7270026e-06 4.039249e-08 5.380783e-05 2.14257e-07 0.0046610897 4.856144e-06 2.7828086e-05 6.8910515e-07 3.4552068e-06 5.45086e-07 2.365352e-07 1.7277434e-07 1.2062737e-06 1.6899523e-07 3.4375878e-07 5.572564e-06 7.1353746e-08 1.3261648e-06 9.268936e-09 5.6193693e-07 1.9180523e-07 1.4834815e-08 1.4075123e-07 2.740522e-07 1.3025142e-06 1.232964e-06 1.24466e-06 3.8870317e-06 1.3156294e-07 5.6347897e-08 9.4212275e-08 9.3536056e-07 2.7249726e-08 1.3801254e-07 1.10689726e-07 4.2591407e-07 3.3626466e-06 2.9209273e-06 2.9956122e-06 5.0039034e-07 2.97805e-07 3.7474695e-08 1.4680119e-06 3.8130295e-07 4.0374775e-06 8.4853056e-08 2.8199847e-06 1.7516455e-09 2.9936919e-05 2.226479e-10 3.2869647e-07 2.7467845e-06 5.3204286e-07 6.0385025e-07 2.0030993e-07 1.14721415e-08 1.1679626e-06 1.5780521e-09 1.945987e-08 5.1806278e-11 2.7370664e-09 3.772067e-08
0.6451753 0.06264484 0.52688265 0.17241858 0.12298777 0.07389619 0.009993612 0.44404495 0.020809356 0.050433725 0.01188723 0.016708968 0.0076191537 0.4510581 0.00095714774 0.97823733 0.1334133 0.0008747378 3.134165e-11 0.0012574625 0.0049338653 0.8451943 0.9566326 0.5185508 0.6767527 0.010111727 0.12858467 0.0923261 0.5180456 0.000121280966 0.00019728731 0.10930996 2.9056866e-05 0.12524773 0.07453677 0.017889934 0.15099037 0.55358785 3.2503252e-05 0.0071397284 1.3516036e-05 0.008589146 4.8314425e-05 0.004739804 1.0425968e-06 4.163014e-05 8.439204e-07 0.00011713313 2.6444923e-07 1.1608988e-06 1.0545239e-07 9.245308e-06 1.7272986e-07 3.454839e-07 2.4291216e-05 4.0155665e-08 2.4892142e-06 6.4151044e-07 4.1350606e-08 7.329622e-08 3.3139504e-08 4.0295223e-08 7.551336e-06 1.756243e-06 1.9917843e-07 1.7357225e-06 0.00035014574 1.0592369e-07 7.321631e-08 1.9686732e-07 1.0010638e-06 8.928764e-07 2.593807e-08 2.0596378e-08 4.526592e-08 2.6223556e-06 1.5952818e-06 2.938011e-06 3.282429e-07 1.6294118e-06 1.0083505e-08 6.337839e-07 9.46662e-08 2.2812021e-07 3.9999208e-07 1.3158848e-06 7.930473e-08 1.4427097e-05 9.01672e-09 3.066144e-07 7.222022e-07 2.4931663e-07 4.863268e-06 1.1706122e-06 2.8159712e-07 4.0371984e-07 3.5693535e-08 4.7377046e-07 3.4768655e-09 2.5800026e-07 2.45828e-07
0.20133868 0.0013809588 0.0045427955 0.00033183052 0.010426163 0.17764412 0.00029127547 0.0014315917 8.278061e-05 0.0042435457 0.04057965 0.00016362041 4.3699674e-05 0.00046412466 2.7058859e-05 0.00021098006 0.00013045169 0.97845984 0.0012574625 1.8509411e-11 0.99887383 0.00012455304 0.01121642 0.054236427 0.0010129046 0.37527573 6.39776e-05 0.0590707 0.00051299646 8.987365e-06 2.1481681e-05 4.287182e-05 3.9968495e-06 0.00013306687 0.0002576815 4.7953803e-05 6.224336e-05 0.058166016 1.6002828e-06 8.693947e-06 1.8322013e-06 1.7985403e-05 4.7102526e-06 0.004501382 4.9219275e-06 3.1934553e-05 1.6504372e-06 7.2621597e-06 1.1212402e-07 1.614041e-07 1.5035401e-06 7.910676e-06 8.6205625e-07 3.3759234e-06 0.00016588497 6.957336e-07 1.8847903e-06 2.2509653e-08 2.12472e-06 1.6462268e-07 6.070493e-08 2.0593895e-07 3.1916866e-07 1.7643262e-06 1.7952235e-06 1.9605e-06 3.4633385e-06 1.57155e-06 2.8113854e-07 4.1842505e-08 3.709541e-06 2.2327582e-08 1.6136278e-06 1.9153351e-06 1.6190228e-06 1.1062947e-05 4.0341138e-06 2.148797e-05 1.1085458e-06 1.8733662e-06 3.7579273e-08 5.773481e-07 3.2344502e-07 2.080453e-06 2.9765397e-07 2.0721347e-06 2.120846e-09 6.827843e-06 3.850872e-10 2.6550046e-07 4.7224887e-07 3.161432e-07 2.7371524e-07 2.6390734e-07 6.2558096e-09 8.5004025e-08 2.881415e-10 8.437289e-09 1.1677842e-10 1.0506466e-08 1.5103593e-08
0.13680132 0.0009987466 0.0051237307 0.0003808205 0.0042354716 0.08627844 0.00035185795 0.002837961 5.6228433e-05 0.0020068043 0.006606684 0.000107848544 3.6100762e-05 0.00090006896 3.2894986e-05 0.00059351296 0.00020669737 0.54580986 0.0049338653 0.99887383 7.221425e-12 0.0005618127 0.047769926 0.16781957 0.004926805 0.9827308 9.009192e-05 0.18976995 0.005018468 2.1317232e-05 3.4993394e-05 0.00023254508 3.7841735e-06 0.00034469116 0.0012235072 0.00016524171 0.00027741215 0.16339044 3.496996e-06 7.933387e-06 3.7274033e-06 3.0448115e-05 2.3072812e-06 0.00823479 1.0792359e-05 5.406028e-05 1.5459214e-06 1.0468785e-05 5.8863867e-07 2.7488878e-07 6.9857657e-07 4.2164206e-06 2.4874228e-06 2.6396597e-07 0.0001905359 3.8909684e-07 4.3926977e-07 4.5212165e-08 5.685606e-08 2.2086648e-07 1.16869295e-07 1.7907563e-07 8.875626e-07 6.1127247e-07 6.420258e-07 4.2935727e-07 1.577303e-05 1.2464691e-06 1.0597967e-07 6.116074e-08 1.1465316e-06 3.1716766e-08 3.0325788e-07 5.1771855e-07 5.520164e-07 1.4855919e-05 2.587232e-07 6.892902e-06 5.2556106e-07 6.192919e-07 6.037906e-08 2.3095387e-07 2.5868718e-07 2.6495437e-07 3.3349846e-07 4.9714635e-07 2.267443e-08 5.020768e-07 3.0087105e-10 2.0523603e-07 1.0355033e-07 3.6313065e-08 3.0972714e-08 4.336623e-08 1.1854607e-08 2.1520195e-08 1.4683295e-10 1.0442456e-08 2.5667255e-11 1.02275e-08 8.103962e-09
0.7786372 0.06430724 0.506412 0.32046548 0.049000032 0.052784946 0.024455085 0.42397502 0.05391301 0.024389546 0.0050727455 0.07257927 0.029119404 0.6095626 0.0013224821 0.8472159 0.80269885 0.00018394162 0.8451943 0.00012455304 0.0005618127 5.588033e-14 0.49022025 0.19116126 0.9890952 0.00069591386 0.80849624 0.03311546 0.7383626 0.0013167523 0.0072479453 0.25446635 0.00016017837 0.28431153 0.1314634 0.032513093 0.19843298 0.3900852 0.00023933566 0.018659381 0.00018045098 0.024002291 0.00021968204 0.0026258067 1.09257835e-05 0.0001081036 1.0285959e-05 0.00023675674 9.589343e-06 1.4810602e-06 1.0067948e-06 1.6554874e-05 1.1705239e-06 2.6012785e-06 9.0152935e-05 1.6494546e-07 4.631822e-06 1.3576165e-06 2.6316314e-07 2.3265119e-07 8.3685364e-08 2.1999934e-07 3.6456462e-05 3.2590117e-06 5.88449e-07 6.598237e-06 0.00082332303 7.156006e-07 2.0097095e-06 7.1623083e-07 5.6731706e-06 2.6709677e-06 1.587503e-07 1.077692e-07 4.4573815e-07 3.97151e-06 6.234007e-07 1.141287e-05 4.1320317e-07 2.8107593e-06 4.859751e-09 1.2439315e-06 1.5865751e-07 6.6435314e-07 7.562495e-07 4.5827865e-06 2.6526712e-07 1.5650388e-05 4.58182e-08 1.7228263e-06 9.499807e-07 8.7752176e-07 1.8116098e-05 3.7310379e-06 3.0857333e-07 9.0904297e-07 7.820147e-08 1.043293e-06 2.655297e-08 7.9441105e-07 6.2323097e-06
0.36215922 0.023537245 0.22729236 0.053741198 0.05307675 0.03358225 0.00765629 0.10520997 0.008737223 0.029728288 0.008810719 0.00434839 0.0027109773 0.11134245 0.00051348057 0.40810552 0.037844807 0.0012425603 0.9566326 0.01121642 0.047769926 0.49022025 8.4877927e-13 0.9886494 0.8940314 0.09209743 0.04519698 0.39613563 0.57057947 0.00011256347 0.000119934884 0.049428783 2.785934e-05 0.08077168 0.060589887 0.011328664 0.068496995 0.47986388 3.7726913e-05 0.0017858534 9.718983e-06 0.011010443 7.821147e-06 0.005416716 2.212292e-06 0.00018422691 1.8293501e-06 0.00036105205 2.8905242e-07 3.6464025e-06 5.8737925e-07 5.6408276e-06 7.4381313e-07 3.8795486e-07 4.9782743e-06 4.3745057e-08 2.3250593e-07 1.0560291e-06 2.7882582e-08 1.2547922e-07 8.0900975e-08 5.252472e-08 1.3633721e-06 1.1179602e-07 2.7976378e-07 2.3274661e-07 0.0002532456 2.9704455e-07 1.7610498e-08 1.2719222e-07 1.4426614e-07 1.5969066e-07 5.745422e-08 4.466276e-08 1.5198255e-07 6.0228563e-06 1.0716043e-07 3.2049898e-06 4.2968747e-07 1.3083355e-06 4.202765e-09 1.04048446e-07 6.47816e-08 9.953363e-08 4.782209e-07 2.4978118e-07 3.5319633e-08 4.576554e-06 1.1222495e-08 8.611683e-08 4.884344e-07 1.0391953e-07 3.6679862e-07 4.8790366e-07 2.6793649e-07 2.0645148e-08 3.5804653e-09 4.4980613e-08 8.5674723e-10 1.0941824e-08 1.4669902e-08
0.54307526 0.06047821 0.26134115 0.034287706 0.20199485 0.26975822 0.009639158 0.17087041 0.0051308554 0.06011178 0.04444783 0.004335053 0.0020005158 0.10276794 0.000496196 0.24865918 0.023101063 0.012952282 0.5185508 0.054236427 0.16781957 0.19116126 0.9886494 4.096781e-12 0.5271337 0.537164 0.0107327225 0.9950608 0.19258365 8.294086e-05 0.00012646223 0.008667944 7.5488447e-06 0.012565174 0.017944278 0.0048186528 0.016612371 0.58374333 1.6566893e-05 0.00089593045 9.086933e-06 0.004167817 1.4269749e-05 0.008449252 2.3375642e-06 0.00021627493 6.12776e-07 0.00091127644 4.7287443e-07 1.0086675e-05 1.6193817e-07 8.348107e-06 3.3666626e-07 3.545133e-07 5.6362223e-05 3.0335492e-08 8.849543e-07 3.5683836e-06 2.0004201e-08 1.0042704e-07 8.034017e-08 7.467517e-08 2.854426e-06 1.2623461e-06 3.5102104e-08 2.1868036e-06 0.00028952517 2.5336502e-07 7.743618e-08 6.670388e-08 3.550027e-06 4.4158745e-07 1.8201523e-07 1.2225436e-07 2.572747e-07 1.2387586e-05 1.1214178e-07 4.901505e-06 8.6008373e-07 5.6415e-06 7.872722e-08 8.236819e-07 5.15504e-07 1.443757e-07 3.2341973e-07 1.8300156e-07 9.111412e-08 4.4403873e-06 4.2224762e-08 7.5330837e-07 9.745096e-07 4.3483206e-07 2.746693e-06 5.6642364e-07 5.9072367e-08 1.3607475e-07 8.579626e-09 4.559355e-08 6.818105e-09 1.15889264e-07 4.6116476e-08
0.469322 0.017397251 0.16537406 0.05490962 0.013695041 0.023874044 0.008783117 0.10816043 0.016010934 0.010462684 0.0038567202 0.009427723 0.003271566 0.10252429 0.0010139677 0.2949085 0.13451569 0.0006904458 0.6767527 0.0010129046 0.004926805 0.9890952 0.8940314 0.5271337 4.508635e-12 0.0064520403 0.416633 0.2362394 0.88104534 0.0007358244 0.0012663476 0.27429673 8.2872546e-05 0.32623488 0.22140884 0.055479046 0.08968224 0.4103851 0.00020237516 0.008760147 7.147433e-05 0.015775245 5.8410078e-05 0.004802433 6.769219e-06 0.00030099598 7.119673e-06 0.0011332538 2.6046148e-06 2.1260314e-06 2.8271934e-06 1.763708e-05 2.4792803e-06 1.6660299e-06 5.23088e-05 8.70728e-08 3.8479284e-06 2.0967163e-06 5.5679635e-08 1.4609456e-07 1.8619996e-07 5.0897633e-08 1.9052088e-05 1.9164809e-06 7.904858e-07 1.790718e-06 0.00019658264 5.3412776e-07 5.199635e-07 3.2948265e-07 4.2117667e-06 4.3096847e-08 1.7306292e-07 7.448172e-08 9.644071e-07 9.243968e-06 2.0108685e-07 9.847606e-06 1.2645812e-06 6.5536738e-06 8.420875e-09 1.2287734e-06 1.8013415e-07 2.210123e-07 7.2854215e-07 2.2115198e-06 7.545908e-08 1.5393063e-05 4.9102344e-08 2.7670993e-07 8.4030734e-07 4.7292627e-07 3.1104025e-06 2.8229958e-06 5.7679836e-07 1.1333239e-07 2.1691793e-08 4.5509037e-07 3.617644e-09 3.6050668e-07 2.4692292e-07
0.37485278 0.002417261 0.01856032 0.0021604993 0.0374045 0.2757907 0.0011632683 0.0036786397 0.00038331645 0.01806044 0.0517254 0.00033140293 0.00019092296 0.003565368 3.4670582e-05 0.0028965664 0.0006063973 0.051815625 0.010111727 0.37527573 0.9827308 0.00069591386 0.09209743 0.537164 0.0064520403 1.6670442e-13 0.00015620931 0.998845 0.0011002071 3.459219e-06 5.2083074e-06 0.00022463055 1.17919214e-07 0.00014991374 0.00030654087 0.00016538675 0.00014639477 0.066735804 7.366768e-07 7.789347e-06 8.332593e-07 4.515122e-05 1.1842968e-06 0.0032366673 1.1920577e-06 2.1236352e-05 5.2289545e-07 8.217644e-05 1.2410968e-08 2.1923715e-07 1.6421468e-07 1.8264928e-06 4.2330785e-07 2.591962e-08 1.8270975e-06 2.0112434e-08 2.2104139e-07 1.0482227e-08 1.636833e-08 3.2847566e-08 2.071607e-08 6.1231596e-08 8.314474e-08 1.924423e-07 1.6410656e-08 1.6717476e-07 8.681395e-06 4.4429363e-08 1.0382953e-08 1.0808389e-08 3.214223e-07 3.7907398e-08 1.7535676e-07 9.225481e-08 2.325263e-07 1.9571223e-06 2.515606e-08 3.8532772e-07 3.056594e-07 5.2295724e-07 9.3034735e-09 1.8426844e-07 6.954388e-08 1.2745984e-07 8.745862e-08 7.595364e-08 1.2806736e-09 1.2439472e-07 7.5194784e-10 5.207344e-08 4.3491312e-08 9.572366e-08 3.598693e-08 7.051828e-08 1.162549e-09 2.9181816e-08 3.7587815e-11 3.7524084e-10 1.0501187e-10 2.3811783e-08 2.0221858e-09
0.7707847 0.06486469 0.2930366 0.65427953 0.017820435 0.01273682 0.097490974 0.2449774 0.30592266 0.012776552 0.0027909614 0.34824473 0.14577863 0.3198575 0.010253865 0.13595617 0.9812762 4.947234e-05 0.12858467 6.39776e-05 9.009192e-05 0.80849624 0.04519698 0.0107327225 0.416633 0.00015620931 1.3478975e-11 0.004344158 0.64114505 0.058525532 0.20434096 0.9563169 0.0009980262 0.75767165 0.09987417 0.24004017 0.48771176 0.035169948 0.00367689 0.38215017 0.0019759133 0.06247408 0.0022575066 0.0014714755 0.0001231522 8.9675916e-05 0.0001181622 0.0007916824 3.1853222e-05 5.5539463e-06 4.1092586e-05 3.211386e-05 1.8420997e-05 1.7178969e-05 9.246908e-05 3.5772766e-06 1.561854e-05 1.3307638e-06 3.827645e-06 1.967428e-06 4.0679724e-06 2.8550578e-06 6.9916714e-05 6.3809384e-06 2.9770151e-06 3.2815635e-06 0.0013639353 3.476685e-06 6.338192e-08 8.155384e-06 2.6271414e-06 3.7917637e-06 4.912195e-07 5.758315e-07 1.8194833e-06 1.7126133e-05 3.1175712e-06 1.1199782e-05 7.788749e-07 1.8952172e-06 2.2133932e-08 7.95979e-06 8.193267e-07 7.0280284e-06 1.8984969e-06 3.3777316e-05 1.7852938e-06 2.013511e-05 3.0233755e-09 4.3528016e-07 8.37669e-06 9.537944e-07 6.6504e-06 1.2640977e-06 6.7579635e-06 2.462181e-06 7.8420136e-08 9.801377e-06 1.2979787e-09 8.6598284e-08 7.271622e-07
0.2845419 0.0022231378 0.015762595 0.0035495756 0.00735888 0.0871871 0.0011040987 0.010542486 0.00071946176 0.004898484 0.0052524977 0.000814753 0.0003655021 0.017006079 9.155771e-05 0.018855909 0.009482873 0.009177342 0.0923261 0.0590707 0.18976995 0.03311546 0.39613563 0.9950608 0.2362394 0.998845 0.004344158 7.2515523e-13 0.092217326 0.00018162308 0.00022702174 0.003839324 6.0695616e-06 0.004882438 0.013850602 0.0045814584 0.0012610473 0.51809096 2.242272e-05 9.716736e-05 1.3082413e-05 0.000923236 6.701729e-06 0.015242589 2.0535275e-05 0.00016404588 4.601447e-06 0.00049891067 2.83523e-07 1.07671e-05 1.4819955e-06 3.9002475e-06 5.6697627e-06 1.7413599e-06 1.8678679e-06 2.2024349e-07 6.067041e-07 1.5559779e-06 6.26177e-08 1.7684253e-07 5.0610414e-08 1.4205335e-07 6.2823796e-07 1.6870652e-07 1.6940865e-07 3.8416454e-07 2.4757068e-05 5.0996874e-07 7.161498e-08 1.0405202e-07 7.521455e-07 7.8683684e-08 5.8605144e-07 1.988225e-06 1.2623967e-06 1.4281458e-05 2.0012711e-08 3.5780438e-06 1.7295478e-06 2.2314343e-06 2.503219e-08 3.071113e-07 7.0909994e-07 1.6335045e-07 2.2936715e-07 5.2401714e-07 1.3284273e-09 9.3918715e-07 1.3839276e-09 1.6906745e-07 4.4732354e-07 3.3719846e-08 4.1320174e-08 4.0549654e-08 1.3279364e-08 8.476651e-08 4.8273836e-11 3.121711e-09 9.701808e-11 7.0594273e-09 7.031956e-10
0.92875475 0.069081165 0.47731614 0.27349678 0.09938192 0.1480787 0.013896493 0.19001609 0.0375332 0.022322815 0.0102571715 0.024739262 0.003809326 0.30544993 0.00017650852 0.28632423 0.105956174 0.0005081175 0.5180456 0.00051299646 0.005018468 0.7383626 0.57057947 0.19258365 0.88104534 0.0011002071 0.64114505 0.092217326 5.5991822e-14 1.8570856e-05 8.67185e-05 0.64831126 8.735619e-06 0.9310449 0.93841773 0.23077895 0.09500472 0.9260044 6.297046e-07 0.0028050102 2.4385358e-07 0.009868397 2.6498585e-06 0.0041799895 5.8006425e-08 0.00017804277 7.898154e-08 0.00012595479 1.2684275e-07 1.5831843e-06 3.0591323e-08 1.1608004e-06 2.0369045e-08 2.0883967e-08 1.554359e-05 2.1360413e-09 4.887091e-08 6.683592e-07 6.908469e-09 9.2109715e-09 4.2369956e-09 7.317885e-09 6.732714e-06 3.790572e-07 1.641955e-08 7.0848955e-07 4.4158158e-05 1.500937e-08 2.9728033e-09 1.6193809e-08 8.602342e-08 4.735825e-09 4.78357e-08 1.390111e-08 2.1242272e-08 1.2491025e-06 4.81967e-09 1.2799411e-07 7.8537795e-08 1.1605811e-06 1.5269276e-08 3.1127705e-08 1.099866e-07 2.5502061e-08 1.4141186e-07 1.4767296e-07 1.5281526e-10 7.290614e-07 3.3067127e-09 1.2057774e-07 5.4729895e-08 4.1319723e-07 4.4761714e-07 3.829432e-07 1.0347979e-08 9.907979e-08 5.574527e-09 1.7337142e-08 1.7262691e-09 2.3332653e-08 4.9572105e-08
0.8010066 0.029983124 0.015225799 0.1595043 0.016679091 0.019405788 0.3839148 0.013854757 0.71470755 0.014508455 0.00541274 0.60012174 0.7797641 0.0055552316 0.64084303 0.00038237628 0.06697138 5.6592415e-07 0.000121280966 8.987365e-06 2.1317232e-05 0.0013167523 0.00011256347 8.294086e-05 0.0007358244 3.459219e-06 0.058525532 0.00018162308 1.8570856e-05 2.616773e-13 0.9984728 0.007093263 0.5976047 0.00072623225 0.0007128384 0.0027743212 0.028832482 5.084347e-05 0.19147843 0.76549363 0.24421012 0.0052703125 0.10864967 7.680907e-05 0.00065651746 5.1796454e-05 0.0003668919 0.0046644094 0.00065568864 8.6376585e-06 7.5523196e-05 8.615376e-05 8.402161e-05 2.9861185e-05 0.0023359454 1.1866433e-05 3.0903957e-05 2.7660005e-06 2.0948986e-05 4.968731e-06 7.3238307e-06 5.670335e-06 0.003439471 1.8745537e-05 8.050914e-06 8.562368e-06 0.003773415 9.778396e-07 7.039609e-07 2.9389132e-06 1.0154178e-05 4.6830332e-06 1.4075324e-07 2.0223035e-07 2.4057042e-06 1.5734906e-06 4.3072937e-06 7.3246624e-06 1.4345041e-07 1.4324158e-06 7.4108706e-09 5.438569e-07 4.268568e-08 4.954793e-07 4.8310206e-08 1.559741e-06 3.531977e-06 5.8472356e-06 5.0521002e-08 1.9059829e-07 2.4127752e-07 1.0404245e-06 1.7674872e-06 1.5132761e-06 1.8348732e-06 1.0885316e-07 1.3069742e-07 4.3388303e-07 1.2590164e-07 3.96671e-06 1.0417897e-06
