2.7107805e-18 0.86686164 0.82224 0.7335128 0.6201022 0.7981295 0.8584262 0.9998683 0.47320798 0.9595673 0.99459165 0.9319867 0.99581057 0.75851977 0.47350305 0.91822207 0.83738625 0.8211795 0.948281 0.75878894 0.9465211 0.98560745 0.8023641 0.7078231 0.7651266 0.6776136 0.18848237 0.58519226 0.41501436 0.37307912 0.9883129 0.28420568 0.91873604 0.024482494 0.45592418 0.06555513 0.9066305 0.18116154 0.7180414 0.99907404 0.05323067 0.43650842 0.95700526 0.9158255 0.975555 0.1365739 0.9999804 0.31220624 0.15999156 0.2619425 0.95511174 0.018493902 0.9987868 0.8762068 0.9178364 0.0064011007 0.8831951 0.84922695 0.026775336 0.92077166 0.15070699 0.014273937 0.99760884 0.00089085766 0.9724875 0.11584465 1.8352415e-05 0.881705 0.979564 0.0014386587 0.8935369 0.9706017 0.90090126 0.7362777 0.73996794 0.830706 0.92875475 5.225176e-05 0.9370011 0.76719016 0.91366273 0.23240396 0.3538286 0.81251425 0.82926226 0.00505951 0.9289337 0.9626753 0.9021242 0.9157273 0.6618113 0.82029706 0.9999667 0.021090955 0.6947165 0.00063246227 0.94044685 0.17126511 0.015655875 0.5303687 0.3679183
0.86686164 4.675869e-16 0.2773927 0.20432985 0.9957326 0.36903372 0.19832742 0.88955474 0.9648298 0.5450772 0.22231016 0.039983824 0.06038611 0.010011684 0.33340815 0.01654072 0.0019568808 0.004855705 0.008675321 0.0018264068 0.002660764 0.010827209 0.00018112666 0.00026158066 0.00026632022 5.8150465e-05 0.0021032162 0.00015263482 0.00023618416 0.0010683484 0.000744425 3.1174717e-05 4.6081635e-07 0.0010602032 0.0006370383 0.00015198685 0.005896839 2.3176852e-05 0.10851898 0.011529704 0.0002582185 3.0555213e-05 0.0050851065 1.3829884e-07 0.0059440318 4.073675e-06 0.032866683 3.2304303e-07 8.713964e-07 1.1615815e-05 0.0009962504 0.00037829485 0.001934053 0.0001057446 0.0005795409 9.7424665e-05 0.00023384874 0.0002595854 7.397731e-05 4.1293093e-05 6.0999486e-05 0.016381826 0.0003674842 0.00061258086 7.775765e-06 4.337253e-06 9.2714646e-07 4.849871e-05 1.9362988e-05 1.0115955e-06 8.40547e-07 4.575638e-06 6.842042e-07 7.5307385e-06 4.574058e-06 3.80784e-07 2.124866e-06 1.1822227e-06 0.00011011995 2.4202686e-06 5.6706955e-07 5.363083e-07 9.3428366e-07 1.3795819e-05 6.559072e-07 2.2192557e-05 3.84269e-07 8.0080514e-05 3.0281587e-06 1.0957709e-06 7.543357e-07 4.0929162e-06 0.008715211 4.439646e-06 5.8089165e-05 2.263321e-08 6.5263116e-06 4.5335135e-08 6.16422e-08 5.794981e-08 1.0044863e-06
0.82224 0.2773927 5.2075664e-14 0.99768084 0.25687107 0.7229205 0.5421582 0.7466163 0.17917407 0.7044497 0.33714968 0.14087363 0.00048243202 0.064232446 0.6765671 0.030413233 0.006383574 0.0116492305 0.0002904336 0.052405536 0.01170365 0.030636832 0.00034202487 0.0016358173 0.010375116 9.7184886e-05 0.00011318501 0.0013860564 0.00070659013 0.034647617 7.42818e-05 6.9102025e-05 1.8376832e-05 4.653794e-05 2.3250326e-05 0.001998525 0.010718447 0.00056103873 0.003672136 0.0110793505 0.004544702 7.1249204e-05 0.013402851 5.5086525e-07 6.645166e-05 1.5933834e-05 0.0009576375 3.295554e-06 3.6314345e-06 0.00018722749 1.5316069e-05 2.2457325e-05 0.0047127763 0.00011941001 2.6438216e-05 1.3198493e-05 9.63605e-06 1.46486045e-05 1.4801607e-06 1.0967281e-05 2.0986508e-06 0.0033797042 2.0272315e-05 0.0034804705 8.869398e-07 3.4972712e-05 1.8886461e-06 6.1659666e-06 2.882449e-06 2.9458937e-05 1.2802059e-07 1.2172568e-06 8.387856e-08 2.1123954e-06 9.711251e-07 4.191783e-08 1.9048744e-07 1.4708216e-06 5.820325e-06 7.246866e-07 3.7881957e-08 3.903408e-07 1.5060164e-07 5.4719617e-06 1.08856064e-07 7.666047e-06 2.2081855e-08 8.42422e-06 1.164267e-06 1.07709816e-07 1.6693602e-06 1.2092178e-06 0.0037642496 3.7340599e-06 7.888993e-06 4.3482586e-09 1.8703331e-06 5.728286e-08 1.2922521e-06 1.2233024e-06 2.0273939e-07
0.7335128 0.20432985 0.99768084 1.7559262e-14 0.25048319 0.7499154 0.5507328 0.6714068 0.20443456 0.6809627 0.28421322 0.14811324 0.00023339513 0.13826631 0.8421166 0.03737257 0.007581206 0.013983384 0.0002483673 0.1606737 0.0092354035 0.026545215 0.00038275027 0.0071639554 0.06297559 0.00019059585 0.0001067418 0.006251317 0.0011909618 0.10067563 3.845088e-05 0.00010543586 8.211886e-05 3.804512e-05 1.1568688e-05 0.0064018397 0.015581594 0.0009915751 0.0028611037 0.010063193 0.015683163 8.0269296e-05 0.011668077 1.4123536e-06 7.195424e-05 2.2872495e-05 0.00050415995 3.848666e-06 9.120228e-06 0.00016760876 7.5042485e-06 1.9356658e-05 0.0054439693 5.515723e-05 1.3428208e-05 1.1334709e-05 5.4539564e-06 4.393848e-06 5.632638e-07 1.101658e-05 3.3150644e-07 0.0028727043 6.6067e-06 0.02461112 8.3443143e-07 3.277471e-05 2.6285225e-06 8.1137805e-06 3.1707061e-06 6.653277e-05 1.507781e-07 1.6827292e-06 2.6079302e-08 1.2560081e-06 5.3748187e-07 1.8052619e-08 1.6099025e-07 1.3359163e-06 8.313334e-06 1.2044592e-07 1.20912995e-08 1.5542078e-07 6.2031766e-08 7.425162e-07 3.0281846e-08 3.879551e-06 1.0525019e-08 3.4944956e-06 1.1711977e-07 2.9103665e-08 1.4912058e-07 2.0814424e-07 0.0021742333 2.9061398e-06 4.9350033e-06 1.6168616e-09 7.1911873e-06 4.8525468e-08 2.3156257e-07 1.2924869e-07 3.22564e-07
0.6201022 0.9957326 0.25687107 0.25048319 5.1021817e-13 0.242821 0.104377836 0.679178 0.9845063 0.44801012 0.09895377 0.018223835 0.0074092257 0.0028274765 0.521331 0.008918071 0.0013635076 0.0019617614 0.001930895 0.0030423168 0.00094782165 0.004743913 6.8820744e-05 0.00027381413 0.00038253897 1.2842585e-05 0.0006736755 6.912022e-05 0.00010145964 0.0029595369 0.0003981252 1.0999142e-05 2.1348787e-07 0.00028928122 0.00019970484 0.00018628674 0.0061756386 2.9811703e-05 0.07075185 0.0073241494 0.0010412991 1.3341307e-05 0.0032550453 3.5901095e-08 0.00093088933 1.0241355e-05 0.005456215 5.17052e-07 1.8847167e-06 6.7044075e-06 0.00019360913 0.00016414117 0.0018603749 2.873988e-05 0.000119293225 1.7111668e-05 6.7408706e-05 7.667353e-05 1.785259e-05 3.288304e-05 2.3580793e-05 0.014102574 6.728911e-05 0.0036844434 1.0124076e-05 5.0928666e-06 2.5230495e-06 5.8387523e-05 9.881256e-06 5.856819e-06 1.9985057e-06 1.0552301e-05 1.5379321e-06 1.1953846e-05 9.040016e-06 5.973134e-07 2.9680234e-06 1.3217558e-06 6.777381e-05 1.438811e-06 2.24344e-07 2.842803e-07 8.9870514e-07 1.9155727e-06 1.8766563e-06 7.42627e-06 5.1383375e-07 7.9400896e-05 2.1648523e-06 7.671345e-07 2.5595293e-07 7.3351924e-07 0.0065071983 7.9797974e-07 5.359936e-06 4.218723e-09 1.6087746e-05 6.714094e-08 4.5429655e-08 1.2307852e-07 1.1473071e-06
0.7981295 0.36903372 0.7229205 0.7499154 0.242821 8.850533e-14 0.990952 0.8686401 0.08434489 0.9056282 0.7431114 0.4416269 0.0022006242 0.639828 0.37101048 0.07629092 0.040706594 0.017756758 0.0004055732 0.11269721 0.0022387628 0.0139309 0.008158614 0.03020174 0.06958131 0.006714393 0.0010695304 0.02382002 0.0019732742 0.06813277 0.0001309218 0.0016664844 0.0024043042 6.31616e-05 1.8779498e-05 0.0013318317 0.015029032 0.0016793483 0.005564474 0.02059383 0.00336431 0.0011032011 0.0041869152 1.093333e-05 8.970602e-05 1.8149694e-05 0.0018754561 8.430703e-05 1.784515e-05 0.00017911552 1.5752046e-05 2.0912157e-05 0.0034855541 0.0013251308 4.4388817e-05 7.5801463e-06 2.0453226e-05 6.54984e-05 1.4643393e-05 5.6841447e-05 5.3051073e-05 0.0004897134 4.682348e-05 0.00019261059 7.811679e-06 0.0003528274 3.9552398e-07 6.647664e-05 3.32108e-05 1.156326e-05 2.1664691e-06 4.6046425e-06 1.2929993e-06 1.5145705e-05 4.6223076e-06 6.1175126e-07 2.4812057e-06 1.2226166e-06 9.663858e-05 2.239403e-06 1.0972726e-06 1.0521649e-06 6.0724856e-06 1.616743e-05 1.2637844e-06 1.3223099e-05 1.0466533e-06 6.631226e-05 6.8108307e-06 5.014303e-07 9.2763815e-07 3.6056842e-06 0.0022840924 2.4623007e-06 9.785622e-06 2.792537e-08 2.116636e-06 1.2359613e-06 4.778273e-06 1.4995134e-06 7.582196e-07
0.8584262 0.19832742 0.5421582 0.5507328 0.104377836 0.990952 3.5229184e-13 0.50157875 0.054476988 0.7975304 0.65216035 0.7179939 0.00082825735 0.8690609 0.5704153 0.21430513 0.10388707 0.08148664 0.00022070427 0.3075181 0.017847298 0.08292938 0.024548221 0.06077004 0.20959683 0.014281072 0.00032131522 0.0708378 0.0074447854 0.2359028 4.429621e-05 0.0026376306 0.026014931 1.5996884e-05 8.08658e-06 0.005661688 0.03703381 0.007035462 0.005286953 0.038243778 0.01861801 0.0021548818 0.022218846 1.7652426e-05 1.3675373e-05 3.501356e-05 0.00043564715 0.00014543628 5.098219e-05 0.00029823405 2.747982e-06 4.5374027e-06 0.014346813 0.0039684116 1.8569359e-06 1.3831448e-06 4.6047217e-06 5.521784e-06 8.7947046e-07 6.2912322e-06 8.908724e-07 0.00046208312 1.1412783e-05 0.00041577235 1.3232731e-06 0.000998478 3.811375e-07 9.307837e-06 1.2936967e-05 3.0786905e-05 1.739797e-07 8.9050377e-07 8.8089614e-08 4.587966e-07 1.0742914e-07 6.912304e-09 7.824608e-08 9.998834e-07 1.7691695e-05 6.50977e-08 7.944675e-08 5.0710902e-08 1.3851511e-06 1.6586503e-06 3.4001837e-07 2.3809785e-06 4.842837e-07 2.2741537e-05 2.7742562e-06 6.4503536e-09 2.6435178e-08 9.173823e-08 0.0019587388 3.212859e-07 2.0442987e-07 1.2840643e-08 1.1111681e-07 1.13052685e-07 1.5104912e-07 7.9559115e-08 2.265243e-08
0.9998683 0.88955474 0.7466163 0.6714068 0.679178 0.8686401 0.50157875 1.1726191e-13 0.43222585 0.9169677 0.9102244 0.0841523 0.3296635 0.027942818 0.14868735 0.04784882 0.0100155035 0.0056697605 0.10664171 0.006636883 0.0011118504 0.0053326203 0.0018737558 0.0017642153 0.0029038487 0.0012515667 0.025868269 0.001955972 0.0008001781 0.005191965 0.03853318 0.00046010767 0.0001353365 0.0020488943 0.005020378 0.00015844108 0.029652532 0.00025547046 0.36468306 0.029139552 0.00046051107 0.00031820204 0.001439491 4.4383018e-05 0.04100148 2.4463341e-05 0.20874591 1.3143503e-05 1.647268e-05 7.1629234e-05 0.032200024 0.0011528466 0.0018001302 0.0006856754 0.014035529 0.00032060815 0.01334256 0.013107642 0.0003127267 0.007702642 0.0004195843 0.0022914042 0.022321645 5.666782e-05 0.0025631695 2.4717716e-05 7.3419706e-06 0.0028958232 0.004535277 5.5789233e-06 0.0028595703 0.0014354251 0.0011601204 0.0006855629 0.00043978012 0.00030609043 0.00073663995 1.4160537e-05 0.014554111 0.00012972395 0.0003020435 6.283602e-05 0.00025798957 0.0067145173 0.00023574465 0.00020489411 0.00082035066 0.028771764 0.00061445846 0.0002845346 0.00013521948 0.000108909386 0.28368294 9.608159e-05 0.00019628572 3.2801179e-06 0.0022978787 0.000121002646 0.00010361983 0.00019192956 2.5331214e-05
0.47320798 0.9648298 0.17917407 0.20443456 0.9845063 0.08434489 0.054476988 0.43222585 9.298075e-14 0.23391443 0.028618352 0.010138484 0.021456646 0.0026114734 0.94796026 0.004194387 0.0015264421 0.0015531884 0.00515838 0.0033371006 0.0008445578 0.0042164573 0.00018209849 0.00024110262 0.0010769966 5.4246615e-05 0.0025999367 0.00031408542 5.525179e-05 0.014683886 0.0012223358 7.8750345e-06 4.147917e-06 0.0011488455 0.00043272256 0.0003663529 0.0012110517 6.673555e-05 0.44663474 0.0027848023 0.005633436 1.8038001e-05 0.0013989591 1.17391956e-07 0.0022330428 3.816178e-06 0.0040712967 9.15577e-07 2.400145e-06 5.1118586e-06 0.0004851035 0.0004780171 0.00045149718 0.00016090179 0.00014088547 9.51318e-05 0.00016421398 0.00012353451 3.54699e-05 2.3214232e-05 2.5601104e-05 0.3686703 0.00010997534 0.14086932 1.2831297e-05 3.0154488e-05 3.5233632e-05 0.00012909208 8.365669e-05 4.104042e-05 3.391348e-06 2.6179416e-05 2.490411e-06 1.8779498e-05 1.3898931e-05 4.4165526e-07 4.9750565e-06 2.6348484e-05 5.1457864e-05 5.816294e-07 6.5830363e-07 6.1140423e-07 4.890448e-06 2.9487169e-06 3.980629e-06 3.3051776e-05 1.6907046e-06 1.9265586e-05 1.9896136e-06 2.1356442e-07 3.692262e-07 3.8549936e-07 0.0041748863 1.130891e-06 4.2587812e-06 4.1492974e-08 1.6779786e-05 1.5849162e-07 1.7141116e-07 1.7376031e-07 9.914346e-07
0.9595673 0.5450772 0.7044497 0.6809627 0.44801012 0.9056282 0.7975304 0.9169677 0.23391443 5.614485e-14 0.96849513 0.43689188 0.011047498 0.39289117 0.6193839 0.09756439 0.07645603 0.034322646 0.0026293062 0.24296106 0.011539372 0.012298618 0.021396872 0.04795871 0.1807899 0.019898813 0.0022611392 0.0520766 0.01108916 0.17400649 0.00038114534 0.0047614877 0.032341737 8.67161e-05 8.562332e-05 0.0025853463 0.013045985 0.0042877775 0.018843792 0.016528852 0.0134018995 0.0023381165 0.0017626774 0.00029892856 0.0005105184 5.325439e-05 0.004000656 0.0002277119 5.867684e-05 0.0003751538 0.00034478403 5.698996e-05 0.0013975656 0.01436292 0.00016698189 9.983109e-06 0.000165283 0.00026423787 6.3033276e-06 0.00011406893 2.608964e-05 0.00048596825 0.00038908666 0.00012640592 2.5064499e-05 0.0015271883 2.1835945e-06 0.00011159498 0.00014273296 8.1271155e-06 8.869056e-06 2.6756114e-05 4.1697663e-06 2.93799e-05 4.639757e-06 1.8650306e-06 4.6413593e-06 4.444628e-06 0.00065623387 1.5702302e-06 1.02969225e-05 1.526753e-06 1.7717815e-05 0.00028361919 1.9817257e-05 3.0513955e-05 2.700972e-05 0.0011950303 4.973797e-05 4.287699e-06 1.1880373e-05 2.012937e-05 0.0159343 1.8940547e-05 2.0114592e-05 6.476305e-07 9.484822e-06 8.119005e-06 1.5384347e-05 1.507672e-05 1.798644e-06
0.99459165 0.22231016 0.33714968 0.28421322 0.09895377 0.7431114 0.65216035 0.9102244 0.028618352 0.96849513 1.2214002e-13 0.6581413 0.007607653 0.26015687 0.107785895 0.58515763 0.06814281 0.054428585 0.0020313768 0.05853257 0.032809116 0.11861173 0.02188725 0.017950816 0.028295515 0.008377158 0.0011729931 0.010079772 0.00631873 0.020736462 0.0002578528 0.004464193 0.01147019 0.00014892325 3.1350894e-05 0.0006591175 0.31825542 0.0014441275 0.0026695938 0.14901543 0.000514287 0.004816824 0.020225825 0.0006359997 0.00035266255 0.0001773155 0.005048903 0.00077576115 0.00015721617 0.00075282005 0.00018343377 3.7169826e-05 0.025538942 0.0006711278 0.000101156766 1.5097525e-05 0.00015390517 0.00017308215 2.7790398e-05 0.00016990758 4.3712967e-05 7.662601e-05 0.00043956374 5.9803904e-05 0.00010291332 6.739714e-05 4.767414e-07 9.8106786e-05 0.00012510065 3.0348806e-06 1.5316202e-05 1.0421966e-05 1.192048e-05 1.5143654e-05 2.1854717e-06 1.3191459e-07 1.550194e-06 1.4490353e-06 0.0010109422 7.969638e-07 9.4803306e-07 1.0972904e-06 2.9312483e-05 0.00042503804 5.9747836e-06 1.2489553e-05 2.995757e-05 0.0010236561 5.128123e-06 3.2427704e-07 9.1367815e-07 1.3561839e-06 0.016543102 4.3006235e-06 8.723671e-06 1.5324046e-07 4.478304e-06 2.6650807e-07 3.975345e-06 7.395173e-08 1.054264e-06
0.9319867 0.039983824 0.14087363 0.14811324 0.018223835 0.4416269 0.7179939 0.0841523 0.010138484 0.43689188 0.6581413 3.2863775e-13 0.00043264084 0.9014642 0.1785527 0.96941596 0.6546291 0.76443887 9.6220785e-05 0.5888207 0.4633722 0.6053937 0.35716143 0.30857104 0.3693545 0.18594308 0.0002789551 0.1566276 0.04937035 0.14150175 1.8710994e-05 0.040781938 0.25232273 1.4878889e-05 4.1798276e-06 0.0074606217 0.102666765 0.021802155 0.0009520178 0.06720131 0.010183777 0.025925072 0.03032598 0.003211031 2.8305117e-06 0.0004384093 0.00018360338 0.0027534508 0.00029204012 0.0034151988 1.7143773e-06 2.142043e-05 0.010004688 0.1340685 2.1885353e-06 6.3009684e-05 5.269632e-06 1.0810478e-05 1.3633455e-05 5.9294184e-06 7.660873e-06 0.0001271684 9.332306e-06 0.0001011803 9.4101796e-07 0.006128684 1.3659853e-06 6.7054366e-06 4.0255627e-06 1.2227899e-05 5.3021483e-07 1.5867288e-06 5.74003e-07 1.2592583e-06 1.5625146e-06 3.3560784e-08 1.8872264e-07 4.887352e-06 1.9199062e-05 4.3525776e-07 2.0008217e-07 1.0620596e-06 1.8372755e-06 1.1114882e-05 3.946547e-07 3.7279221e-06 8.6394004e-07 1.816031e-05 1.784737e-06 1.4786885e-07 1.5566309e-06 1.0763357e-06 0.0014581626 3.914844e-06 6.09027e-07 4.2614442e-07 2.4368944e-07 1.04742576e-07 1.1501555e-06 2.9295433e-07 4.3285812e-07
0.99581057 0.06038611 0.00048243202 0.00023339513 0.0074092257 0.0022006242 0.00082825735 0.3296635 0.021456646 0.011047498 0.007607653 0.00043264084 3.9620046e-13 6.1383005e-05 0.00040954445 0.00037262196 0.00014123484 1.5933789e-05 0.97901565 0.0001265363 1.3138476e-05 0.00023069733 5.9287395e-06 7.7543045e-06 1.6126303e-05 4.6758728e-07 0.9258236 1.6433819e-06 7.4566087e-06 2.356771e-05 0.44343472 1.7798317e-06 6.873707e-08 0.45462716 0.5639877 1.38189025e-05 0.0015635494 2.2138645e-06 0.53629035 0.0026211794 6.773081e-06 2.4554183e-06 0.0005773 4.451725e-06 0.05745265 8.959518e-06 0.12313812 1.4564627e-06 3.013676e-06 1.9738505e-05 0.014130241 0.19578737 0.0006422306 3.124237e-05 0.0034948827 0.20740567 0.0008609701 0.00048478716 0.23668289 0.0003448526 0.22673704 0.00043972625 0.00018094365 3.549233e-05 0.00014191153 9.624409e-07 7.554415e-07 0.038200885 0.0012723827 3.6196838e-07 3.3395805e-05 0.00010340265 5.3856115e-06 0.00049895514 6.955797e-05 3.6443496e-05 2.5949885e-05 2.4038284e-06 0.0002873644 1.6038144e-05 1.6530506e-06 8.576699e-05 0.006204781 7.048077e-06 1.0253028e-06 0.016157592 1.4581472e-06 0.0010066932 2.077494e-05 1.1970593e-07 4.4036515e-06 1.3712677e-06 0.020280225 8.584129e-05 1.3380035e-06 4.3617983e-05 5.309665e-06 2.5061524e-06 4.4675955e-05 8.2474735e-08 3.471263e-07
0.75851977 0.010011684 0.064232446 0.13826631 0.0028274765 0.639828 0.8690609 0.027942818 0.0026114734 0.39289117 0.26015687 0.9014642 6.1383005e-05 1.8788658e-12 0.0770125 0.31372267 0.8992839 0.5369351 2.5888214e-05 0.9810916 0.2828121 0.2878725 0.27530116 0.8160727 0.32123947 0.122622624 3.335287e-05 0.15301064 0.14347869 0.10404557 5.632233e-06 0.03632935 0.12165562 3.049045e-05 1.2918991e-05 0.012292616 0.021552878 0.02592007 0.0002179579 0.022244373 0.012683817 0.014113264 0.010021834 5.0363873e-05 4.070522e-06 9.771451e-05 3.861326e-05 0.00042842785 6.929076e-05 0.0056996457 1.4579845e-06 6.680493e-06 0.0043816566 0.036562897 3.304148e-06 1.2145464e-05 1.3480566e-06 3.0008794e-06 4.1887424e-06 3.2201858e-06 2.2612414e-06 6.9796464e-05 1.4807467e-06 0.0002636295 1.250565e-06 0.0010664066 6.0888067e-07 2.0751406e-06 1.2095845e-06 2.4743918e-05 2.5889545e-07 1.127746e-06 2.0483148e-07 8.152371e-07 1.0314005e-05 3.5263176e-07 6.594465e-07 7.1521987e-07 9.192188e-06 1.3420527e-05 5.10766e-07 3.088482e-06 7.326646e-08 1.502041e-06 1.6739995e-06 3.2956137e-08 4.1101129e-07 5.1503002e-06 1.9947186e-06 2.919901e-07 2.489848e-06 2.883912e-06 0.0010624336 1.6945398e-06 6.1769783e-06 6.0709766e-09 5.1665447e-06 2.2514891e-08 2.122398e-07 1.5680148e-07 5.424891e-06
0.47350305 0.33340815 0.6765671 0.8421166 0.521331 0.37101048 0.5704153 0.14868735 0.94796026 0.6193839 0.107785895 0.1785527 0.00040954445 0.0770125 2.3233357e-08 0.012899043 0.022065183 0.017118411 0.00022820476 0.30193537 0.010561204 0.021667218 0.0015807999 0.01823985 0.30776092 0.0044513284 0.000386235 0.10474874 0.005259314 0.9228 4.4618e-05 0.0007723536 0.0035042188 9.368077e-05 8.264241e-05 0.17994155 0.0012850953 0.013353413 0.023696309 0.0027762756 0.93730456 0.0006079013 0.0014430655 4.4075214e-06 5.923939e-05 5.3286167e-06 0.00080450275 2.235219e-06 4.4075928e-06 8.301398e-05 9.319543e-06 3.7978454e-05 0.0003141304 0.018097362 3.1561245e-05 3.064668e-05 2.4623723e-05 1.1895031e-05 3.1263125e-06 3.6567349e-06 1.5986277e-06 0.32714108 1.3433395e-05 0.7813382 2.765254e-06 0.004532347 7.91022e-05 2.5649002e-05 8.387061e-05 0.016075278 9.467862e-07 7.786469e-05 5.239677e-07 1.7473985e-06 4.191555e-06 5.9815534e-07 2.739451e-05 0.00014644518 1.1374264e-05 1.7870824e-06 3.4882391e-06 2.167761e-06 3.205621e-07 4.7267765e-08 2.7381877e-06 6.8905884e-08 2.0442508e-06 3.6110167e-05 3.7575533e-05 4.8162934e-07 2.0129751e-07 4.6544756e-06 0.003705919 5.1797815e-06 1.3104121e-06 1.2081371e-07 1.4373338e-06 4.287703e-08 3.1428903e-07 5.8738425e-07 6.156932e-07
0.91822207 0.01654072 0.030413233 0.03737257 0.008918071 0.07629092 0.21430513 0.04784882 0.004194387 0.09756439 0.58515763 0.96941596 0.00037262196 0.31372267 0.012899043 3.6212821e-13 0.29732513 0.5726902 0.0002475727 0.079313815 0.71833605 0.96224564 0.25024155 0.06896921 0.031951778 0.09371351 0.00025162086 0.01429921 0.015089492 0.017022338 2.3135575e-05 0.023551766 0.094058454 2.1636457e-05 4.5247198e-06 0.0012007222 0.7998827 0.0047947885 0.00074948976 0.34038988 0.0006493172 0.039508563 0.18099046 0.009941985 1.1134488e-05 0.00076582766 0.00015184516 0.003368074 0.00064855604 0.0021807975 6.8131562e-06 5.4889742e-06 0.06402819 0.023926593 2.9019466e-06 1.2739848e-05 5.9277504e-06 8.333916e-06 7.963351e-06 1.5805661e-05 3.6600493e-06 1.38253745e-05 2.1474349e-05 5.4219872e-05 2.6756943e-06 0.0010617053 7.8327645e-07 5.8087635e-06 2.1752453e-06 3.2205087e-06 3.4886895e-07 8.545868e-07 2.5560362e-07 6.070907e-07 8.058238e-07 2.3329319e-08 1.7715094e-07 5.7309285e-07 2.3871047e-05 2.6604542e-07 1.1116196e-07 5.8648027e-07 8.5525863e-07 2.0024025e-05 3.1225062e-07 4.4451386e-07 1.1152719e-06 7.868031e-06 5.9852914e-07 5.4268884e-08 3.0351484e-07 2.3512258e-07 0.00085234374 3.5322682e-07 8.461552e-07 3.2544733e-08 3.711087e-08 4.1613365e-08 4.771813e-07 8.083218e-08 2.1333643e-07
0.83738625 0.0019568808 0.006383574 0.007581206 0.0013635076 0.040706594 0.10388707 0.0100155035 0.0015264421 0.07645603 0.06814281 0.6546291 0.00014123484 0.8992839 0.022065183 0.29732513 2.848936e-11 0.96615005 8.257237e-05 0.29652104 0.6189295 0.4358731 0.96381146 0.6333528 0.16731599 0.4868338 9.9239194e-05 0.11192327 0.10824923 0.08872378 6.004859e-06 0.10446606 0.3152895 1.858971e-05 1.4408081e-05 0.016433565 0.09600981 0.03990462 0.0008029683 0.051868364 0.009165605 0.08116132 0.058690898 0.0009816374 1.0371276e-06 0.0007943506 8.663745e-06 0.0037996697 0.00033069827 0.015293477 1.8697632e-07 2.9490125e-06 0.01584262 0.20847657 2.2188894e-07 2.6635298e-06 2.5841985e-07 5.779552e-07 6.332202e-07 3.2593707e-07 2.8897304e-07 3.484866e-05 1.6491605e-07 0.00030461635 6.325623e-07 0.00518852 3.2910848e-06 5.5649643e-06 3.182163e-06 0.00012499857 1.2309425e-07 1.0451294e-06 9.627094e-08 1.4892963e-06 2.8645243e-06 1.9487776e-07 1.7987967e-06 1.0992636e-06 1.9077443e-06 3.7956493e-06 7.6262586e-07 5.184001e-06 1.1284701e-06 5.2965987e-07 1.5314353e-06 2.6239265e-08 1.4311617e-07 3.5441963e-07 3.0591196e-05 1.090121e-07 1.3520889e-06 1.1076296e-06 0.00054572895 1.0728687e-06 1.2875862e-06 4.7819007e-08 2.4413467e-07 8.628943e-09 1.1801922e-07 3.0342392e-07 2.5041718e-06
0.8211795 0.004855705 0.0116492305 0.013983384 0.0019617614 0.017756758 0.08148664 0.0056697605 0.0015531884 0.034322646 0.054428585 0.76443887 1.5933789e-05 0.5369351 0.017118411 0.5726902 0.96615005 1.283944e-12 7.5511775e-06 0.20427796 0.97549665 0.5807805 0.7884394 0.3782234 0.117164895 0.42787504 3.3375716e-05 0.075611606 0.0868404 0.0552927 1.2168703e-06 0.087108456 0.21438932 1.1564214e-06 2.5573408e-07 0.0052172123 0.14499338 0.018836724 9.558086e-05 0.06804194 0.0022729135 0.12377119 0.05421176 0.0068051303 2.9507777e-07 0.002149464 1.0274911e-05 0.0038164626 0.00087893894 0.0070898775 1.3113716e-07 8.255339e-07 0.014781565 0.0761631 1.1247509e-07 3.4406596e-06 1.7269427e-07 1.7604025e-07 3.0891783e-07 7.7953774e-07 1.5139928e-07 2.6807438e-06 1.6608543e-07 8.788911e-05 2.9075744e-07 0.0024633377 2.9360152e-07 2.5312388e-06 1.6157327e-06 1.2905729e-05 8.030463e-08 2.1717949e-07 4.2548063e-08 2.8036584e-07 4.487875e-07 1.331467e-08 9.76539e-08 4.1354295e-07 7.762802e-07 1.105102e-07 8.615593e-08 1.5479476e-07 1.4500603e-07 1.3250227e-07 4.1823434e-08 1.823436e-07 2.2974412e-07 6.030977e-08 6.059073e-07 9.104303e-09 1.8814903e-07 2.2793732e-07 0.00017927872 4.4327436e-07 2.3053795e-07 5.0691177e-08 7.519324e-09 1.4259049e-08 3.4888643e-08 2.3392856e-08 1.9344031e-07
0.948281 0.008675321 0.0002904336 0.0002483673 0.001930895 0.0004055732 0.00022070427 0.10664171 0.00515838 0.0026293062 0.0020313768 9.6220785e-05 0.97901565 2.5888214e-05 0.00022820476 0.0002475727 8.257237e-05 7.5511775e-06 2.7002592e-10 0.00015670335 3.7842458e-06 0.00011913736 4.4909125e-06 8.789074e-06 8.295086e-06 5.193039e-07 0.91595656 2.2715383e-06 9.923886e-06 5.1218767e-06 0.8444062 1.1419398e-06 9.507823e-08 0.35984513 0.94592124 4.023352e-06 0.0006855728 3.393949e-06 0.23124284 0.0013770845 3.6014847e-06 7.8650703e-07 0.00018136745 3.8999886e-07 0.19315775 1.4846506e-06 0.17739943 7.117035e-07 1.078186e-06 2.1307749e-06 0.041454922 0.12364053 0.0004323717 2.0204154e-06 0.010438356 0.22228678 0.0028376891 0.001265607 0.4114949 0.0008822439 0.46853566 0.00021459309 0.0018270575 1.7411998e-05 0.0006951576 1.8851793e-07 1.0873794e-06 0.09906165 0.011540121 1.352172e-07 0.0005094608 0.0006288734 8.6833774e-05 0.002276295 0.00043697536 0.00025966484 0.0002529277 3.5600963e-06 0.0008493131 0.00016463532 3.66128e-05 0.00015839002 0.015285349 4.973313e-05 2.8819337e-05 0.06412891 2.8443164e-05 0.0030418786 0.0002427136 3.301855e-06 5.8632704e-05 2.9396802e-05 0.012455761 0.00023327763 1.8340657e-05 0.00013371259 3.5247176e-05 3.2466047e-05 0.00016078888 3.6605604e-07 2.7465726e-06
0.75878894 0.0018264068 0.052405536 0.1606737 0.0030423168 0.11269721 0.3075181 0.006636883 0.0033371006 0.24296106 0.05853257 0.5888207 0.0001265363 0.9810916 0.30193537 0.079313815 0.29652104 0.20427796 0.00015670335 3.647927e-11 0.24529502 0.26065737 0.1324736 0.84537613 0.9531829 0.13887703 3.5217672e-05 0.78529507 0.46666834 0.5082225 6.144754e-05 0.049259078 0.6238677 2.841608e-05 2.2450236e-05 0.24167383 0.008197723 0.1061374 0.0001361635 0.007835654 0.06058905 0.01103059 0.007587887 3.577309e-05 1.5995434e-05 7.709874e-05 5.547555e-05 0.00010991546 4.0164956e-05 0.0033343772 7.516977e-06 1.0907668e-05 0.002053185 0.04541949 7.879039e-06 1.1473865e-05 3.3665162e-06 5.7753173e-06 6.327476e-07 6.1886117e-06 2.5569009e-06 5.4208605e-05 6.7699357e-06 0.0007801741 3.9881074e-06 0.000995359 3.3449528e-06 3.6677745e-06 5.764873e-06 0.00012891761 5.8148635e-07 3.8081362e-06 2.8276747e-07 1.9081772e-06 2.1403339e-05 4.1761834e-07 1.6239496e-06 9.722261e-07 1.51883605e-05 1.4147822e-05 7.3339686e-07 4.3792315e-06 5.055831e-08 1.5439456e-06 3.8519747e-06 1.0310349e-08 3.492408e-07 3.1365828e-06 1.1778541e-06 4.1619498e-07 1.152824e-06 1.703687e-06 0.0012009066 7.383592e-07 9.281413e-06 1.1213183e-09 2.628114e-06 8.411563e-09 1.9227554e-07 3.2149693e-08 1.9053234e-05
0.9465211 0.002660764 0.01170365 0.0092354035 0.00094782165 0.0022387628 0.017847298 0.0011118504 0.0008445578 0.011539372 0.032809116 0.4633722 1.3138476e-05 0.2828121 0.010561204 0.71833605 0.6189295 0.97549665 3.7842458e-06 0.24529502 1.4955955e-12 0.81741357 0.69096273 0.39982465 0.23991892 0.529694 5.3877025e-06 0.10290486 0.11705551 0.06478157 5.0046435e-07 0.16006744 0.46240738 3.6904655e-06 1.1315871e-07 0.0075257677 0.63241863 0.018117385 0.00010732279 0.26711357 0.0032400275 0.17900662 0.39670956 0.085137956 2.9021402e-08 0.0039342544 1.226088e-06 0.013282484 0.0025418429 0.012077628 3.02789e-08 5.318729e-07 0.09419525 0.22917959 2.6209204e-08 1.380151e-06 1.1614852e-07 9.379327e-08 2.7441496e-07 3.2427585e-07 3.2672784e-07 3.6203417e-06 9.136976e-08 3.1000538e-05 1.3120322e-07 0.004178519 6.061234e-07 9.3723133e-07 3.5524366e-07 1.582311e-05 4.748653e-08 7.99031e-08 3.5039896e-08 1.449427e-07 1.6016865e-07 6.2514802e-09 6.145261e-08 8.789472e-07 1.7243032e-07 6.722115e-08 5.352718e-08 2.327231e-07 1.9665528e-07 8.951955e-07 8.0716475e-08 2.0356393e-07 2.5169965e-07 3.6139976e-08 1.0184965e-06 5.73142e-09 2.836953e-07 1.04342774e-07 5.510592e-05 1.2326342e-07 3.0203213e-07 5.630629e-09 8.240546e-10 2.713702e-08 8.052826e-08 2.755732e-08 2.1437756e-09
0.98560745 0.010827209 0.030636832 0.026545215 0.004743913 0.0139309 0.08292938 0.0053326203 0.0042164573 0.012298618 0.11861173 0.6053937 0.00023069733 0.2878725 0.021667218 0.96224564 0.4358731 0.5807805 0.00011913736 0.26065737 0.81741357 7.0557915e-13 0.4485502 0.2993167 0.22341552 0.24226286 7.9848076e-05 0.109061204 0.08306855 0.0643205 8.42198e-06 0.0668158 0.41357836 2.2492179e-05 4.606672e-06 0.005751096 0.8662114 0.018810214 0.00040418273 0.49473178 0.0049660266 0.069705725 0.4094923 0.08276224 1.0289457e-06 0.0023153324 9.88711e-06 0.008647872 0.002558368 0.006812991 8.706081e-07 3.7587986e-06 0.21437354 0.13957323 6.4160594e-07 6.1527967e-06 4.6554296e-06 3.492843e-06 5.4159736e-06 7.1711283e-06 3.3459899e-06 1.8537432e-05 1.6320462e-06 4.12964e-05 4.7975345e-07 0.005849735 1.768111e-06 2.7253834e-06 4.035149e-06 2.5590829e-05 3.8276357e-07 5.121273e-07 3.8654596e-07 1.1859945e-06 4.5117946e-07 2.1404551e-08 1.26957e-07 7.799263e-06 1.1359197e-05 1.7129317e-07 1.85865e-07 2.4700903e-06 2.598494e-06 4.0054143e-05 8.585676e-07 9.993607e-06 3.5144415e-06 1.5806587e-06 1.0934524e-06 6.103046e-08 1.9316963e-06 2.779578e-07 0.00027573702 6.3477836e-07 1.1165213e-06 3.511885e-08 2.5841072e-09 2.11631e-07 1.374689e-06 3.081114e-07 3.7914973e-09
0.8023641 0.00018112666 0.00034202487 0.00038275027 6.8820744e-05 0.008158614 0.024548221 0.0018737558 0.00018209849 0.021396872 0.02188725 0.35716143 5.9287395e-06 0.27530116 0.0015807999 0.25024155 0.96381146 0.7884394 4.4909125e-06 0.1324736 0.69096273 0.4485502 4.953524e-12 0.84186375 0.07490537 0.97651726 2.5331792e-05 0.07976068 0.32921058 0.03543478 8.9379137e-07 0.42139575 0.34893656 9.575927e-06 2.2452325e-06 0.0071142004 0.13182127 0.02490632 8.868484e-05 0.05974609 0.002012152 0.23058367 0.070415325 0.00068069255 4.708346e-07 0.00061155995 1.6928989e-06 0.0034150928 0.00021339717 0.014958622 1.18712876e-07 4.3864584e-06 0.019663183 0.19494927 1.4491245e-07 1.0300311e-05 1.04718595e-07 1.6265898e-07 6.3042916e-07 1.777461e-07 5.1732866e-07 2.3047587e-06 5.768261e-08 8.375057e-05 2.0847837e-07 0.001966674 3.744285e-07 1.5420459e-06 5.540021e-07 5.70436e-06 4.1493212e-08 9.688453e-08 3.223252e-08 1.8893316e-07 8.8447587e-07 1.8679383e-07 2.7072355e-07 2.6513408e-07 1.0482817e-06 1.1171134e-06 1.3060597e-07 1.5796085e-06 8.191005e-08 4.2240617e-07 2.1566332e-07 1.2725828e-08 1.2586142e-07 1.0919216e-06 4.248311e-06 2.6189227e-07 2.3884152e-06 4.20564e-07 0.0003846019 4.3940798e-07 2.839794e-06 3.7681676e-09 1.083609e-06 7.491209e-09 4.586988e-08 1.192198e-07 3.875113e-06
0.7078231 0.00026158066 0.0016358173 0.0071639554 0.00027381413 0.03020174 0.06077004 0.0017642153 0.00024110262 0.04795871 0.017950816 0.30857104 7.7543045e-06 0.8160727 0.01823985 0.06896921 0.6333528 0.3782234 8.789074e-06 0.84537613 0.39982465 0.2993167 0.84186375 2.4122373e-14 0.31284666 0.8525126 1.0897552e-05 0.35781312 0.990851 0.10230445 1.3226486e-06 0.46758235 0.7838395 2.874603e-06 1.4954875e-06 0.030785069 0.02512749 0.13006012 9.3780705e-05 0.014706444 0.02482078 0.15851271 0.03500655 9.021375e-05 8.975805e-07 0.0003741011 1.0774598e-05 0.0005475277 5.0108756e-05 0.026335027 1.3717379e-07 1.6553303e-06 0.004262721 0.34231243 3.5303722e-07 3.4722518e-06 3.0491177e-07 2.8574044e-07 1.2391598e-06 4.4244527e-07 6.740697e-07 1.2125048e-05 1.2866366e-07 0.00039215793 3.8130185e-07 0.0013903902 4.5995054e-07 1.7088665e-06 5.4001896e-07 0.00014296864 1.11071046e-07 4.872904e-07 6.607115e-08 2.5970482e-07 1.2762874e-06 2.5464148e-08 4.5881978e-07 5.512889e-07 3.9852424e-07 5.028564e-07 1.1579095e-07 6.354143e-07 8.7163855e-08 4.3790973e-08 6.673191e-07 1.3508877e-08 1.3676741e-07 8.756758e-07 3.2074634e-06 3.0792248e-07 2.6156467e-06 2.1190558e-06 0.00053740526 1.2003122e-06 2.2870825e-06 3.286861e-09 8.149122e-07 1.3236915e-07 9.59275e-07 4.018618e-07 9.706215e-07
0.7651266 0.00026632022 0.010375116 0.06297559 0.00038253897 0.06958131 0.20959683 0.0029038487 0.0010769966 0.1807899 0.028295515 0.3693545 1.6126303e-05 0.32123947 0.30776092 0.031951778 0.16731599 0.117164895 8.295086e-06 0.9531829 0.23991892 0.22341552 0.07490537 0.31284666 1.2309046e-13 0.095517695 1.1833942e-05 0.9918787 0.29780492 0.77022296 1.2328228e-06 0.04150391 0.7997812 1.6123834e-06 1.1180215e-06 0.70616955 0.008134235 0.47178087 0.0004308785 0.007509723 0.2467386 0.009372925 0.015367947 0.00014860221 3.6453227e-07 0.00029199832 1.1678919e-05 0.0002726842 3.6016994e-05 0.004033516 3.391375e-07 1.62142e-05 0.001205027 0.38285932 1.98894e-06 7.433601e-05 2.4812968e-07 4.937218e-07 9.3370465e-07 1.883095e-07 2.7116944e-06 7.470065e-05 6.085599e-08 0.00028619744 6.546863e-08 0.004464457 1.7898848e-06 1.6049995e-06 1.8639086e-06 0.0002203812 9.8700106e-08 1.4031485e-07 9.3016155e-08 1.4415798e-06 1.0300503e-06 1.178622e-07 9.2804703e-07 5.8475202e-06 1.0844242e-07 4.165627e-07 2.8390642e-07 1.1021357e-06 4.4552988e-07 6.40986e-08 1.2803025e-07 2.8861308e-07 5.214513e-07 3.9732845e-07 7.766976e-06 3.725315e-07 2.281832e-06 6.348692e-07 0.00094623165 3.7043371e-06 3.7971336e-06 7.771549e-09 2.2463495e-07 5.860307e-07 2.572714e-06 3.926888e-06 2.5713513e-07
0.6776136 5.8150465e-05 9.7184886e-05 0.00019059585 1.2842585e-05 0.006714393 0.014281072 0.0012515667 5.4246615e-05 0.019898813 0.008377158 0.18594308 4.6758728e-07 0.122622624 0.0044513284 0.09371351 0.4868338 0.42787504 5.193039e-07 0.13887703 0.529694 0.24226286 0.97651726 0.8525126 0.095517695 9.151609e-12 5.376436e-06 0.12845263 0.71399355 0.073394254 5.5985907e-08 0.9581888 0.5309728 2.811215e-06 1.7889161e-07 0.016020902 0.09066968 0.059340365 3.070018e-05 0.03784155 0.007934682 0.47349712 0.064058125 0.00061941415 6.741323e-08 0.0049678693 2.614461e-07 0.010538219 0.0011199735 0.07075224 2.4928843e-08 1.3070136e-06 0.0120609505 0.50430864 6.037134e-08 2.077061e-06 9.170027e-08 4.3460712e-08 7.8860374e-08 1.3483553e-07 2.3781475e-07 4.012286e-06 2.4739236e-08 0.00017282007 5.1565515e-08 0.00415259 3.683909e-07 4.5136542e-07 3.0308385e-07 3.686257e-05 1.1315154e-08 3.578126e-08 1.2413951e-08 2.617105e-07 5.851785e-07 5.195826e-08 1.4920009e-07 5.3335106e-07 1.4015798e-07 1.4406253e-07 4.086044e-08 8.0596675e-07 4.4973834e-08 5.7595976e-08 3.7240984e-08 5.2444404e-09 2.108727e-07 4.5777605e-07 8.956215e-07 5.1396334e-08 8.9061416e-07 3.5247137e-07 0.0002552922 3.3235418e-07 8.149876e-07 2.19215e-09 1.644325e-07 5.9971126e-09 2.3132054e-08 9.6661566e-08 4.897647e-07
0.18848237 0.0021032162 0.00011318501 0.0001067418 0.0006736755 0.0010695304 0.00032131522 0.025868269 0.0025999367 0.0022611392 0.0011729931 0.0002789551 0.9258236 3.335287e-05 0.000386235 0.00025162086 9.9239194e-05 3.3375716e-05 0.91595656 3.5217672e-05 5.3877025e-06 7.9848076e-05 2.5331792e-05 1.0897552e-05 1.1833942e-05 5.376436e-06 2.5121794e-14 1.610354e-05 2.1147811e-05 8.976469e-06 0.28823522 4.689411e-06 1.745703e-06 0.99678886 0.89093614 4.049986e-05 0.00079553016 3.874868e-05 0.6504781 0.0012140212 1.6319444e-05 1.4202301e-05 0.00017791206 1.5456958e-06 0.07883704 2.421758e-06 0.022917906 1.6884021e-06 1.1824454e-05 5.205646e-06 0.00921606 0.60306644 0.00015740535 1.018161e-05 0.004572037 0.31490657 0.00089135946 0.00059178745 0.11704167 0.00023201454 0.065079264 0.0016386084 0.00033177828 4.289695e-06 0.00016379762 2.429397e-07 1.2074777e-06 0.0078893555 0.0015186326 3.3307234e-08 0.00021399246 0.0004524297 9.432147e-05 0.00043112595 0.0001576412 9.691384e-06 8.605161e-05 3.8443392e-07 0.0002504905 9.32089e-05 3.4092868e-06 6.49169e-05 0.0011071725 1.1250201e-05 3.8426864e-05 0.02992467 2.088578e-06 0.0003434762 2.349201e-06 2.5327336e-06 5.8532783e-06 2.0241723e-06 0.0031712733 0.0003508273 3.17165e-06 0.00085641287 7.5454977e-06 2.6180373e-08 1.3352998e-06 6.069185e-08 4.1841195e-06
0.58519226 0.00015263482 0.0013860564 0.006251317 6.912022e-05 0.02382002 0.0708378 0.001955972 0.00031408542 0.0520766 0.010079772 0.1566276 1.6433819e-06 0.15301064 0.10474874 0.01429921 0.11192327 0.075611606 2.2715383e-06 0.78529507 0.10290486 0.109061204 0.07976068 0.35781312 0.9918787 0.12845263 1.610354e-05 2.6884623e-12 0.38358557 0.49569502 1.9018613e-07 0.076788075 0.95151216 3.4412112e-06 6.411594e-07 0.8668145 0.004638333 0.81987154 5.424444e-05 0.0062240544 0.091618024 0.017499771 0.0049747913 0.00019856462 8.4813244e-08 0.0005062058 2.1092108e-06 0.00016716226 0.00014653655 0.004684832 6.450923e-08 3.8612798e-06 0.0014736509 0.29819158 4.7725274e-07 1.950051e-05 6.4600464e-08 6.08148e-08 7.647686e-07 9.349445e-08 1.1578405e-06 3.530871e-05 2.5222601e-08 0.00048342635 1.303052e-08 0.003909345 1.3897201e-06 3.585251e-06 9.3463564e-07 0.00020030796 2.25405e-08 7.17268e-08 6.875238e-09 1.0935609e-06 5.078086e-07 3.167137e-08 7.4204337e-07 4.9315454e-06 3.2177052e-08 1.5568409e-07 1.488854e-07 4.878972e-07 1.8586198e-07 1.08852465e-08 6.9835906e-08 4.682736e-07 1.4239107e-07 2.625943e-07 1.6003819e-06 2.6490864e-07 9.632728e-07 1.5375149e-07 0.0005706937 1.1231132e-05 2.29564e-06 1.34601885e-08 5.5052467e-08 7.055474e-08 1.1725975e-06 1.1981072e-06 2.2547304e-07
0.41501436 0.00023618416 0.00070659013 0.0011909618 0.00010145964 0.0019732742 0.0074447854 0.0008001781 5.525179e-05 0.01108916 0.00631873 0.04937035 7.4566087e-06 0.14347869 0.005259314 0.015089492 0.10824923 0.0868404 9.923886e-06 0.46666834 0.11705551 0.08306855 0.32921058 0.990851 0.29780492 0.71399355 2.1147811e-05 0.38358557 5.4901665e-12 0.047353156 3.939653e-06 0.9144173 0.8778604 4.9737564e-06 1.7586331e-06 0.042143237 0.007552317 0.1758409 7.7004974e-05 0.007242611 0.014242606 0.49747202 0.014193928 0.00040396175 2.1174721e-06 0.003393655 4.071729e-06 0.004760525 0.0005417256 0.19717194 1.3752496e-07 2.8833317e-06 0.0027655233 0.4382064 1.2233671e-07 2.933098e-06 2.4164274e-07 1.2136906e-07 1.9354247e-06 8.0150505e-07 2.1839733e-06 7.103667e-06 1.8261733e-07 0.0012085164 4.1827442e-07 0.0026341514 8.4997026e-07 6.1809674e-06 2.853294e-06 0.00031081372 1.1960083e-07 1.2354392e-06 6.114791e-08 1.6541071e-06 3.1489642e-06 5.4204023e-08 1.5080449e-06 1.0023075e-06 3.5373046e-07 4.6868962e-07 1.664533e-07 6.388918e-07 2.3805164e-07 4.146497e-08 1.2369164e-06 6.5201334e-08 3.3702665e-07 2.5286234e-08 2.3319687e-06 1.5676828e-07 4.1391976e-07 1.2334967e-06 0.0001701638 1.2067018e-06 1.4690762e-06 1.3500524e-09 4.00953e-07 7.2108975e-08 4.4736666e-07 1.9887797e-07 2.9555133e-06
0.37307912 0.0010683484 0.034647617 0.10067563 0.0029595369 0.06813277 0.2359028 0.005191965 0.014683886 0.17400649 0.020736462 0.14150175 2.356771e-05 0.10404557 0.9228 0.017022338 0.08872378 0.0552927 5.1218767e-06 0.5082225 0.06478157 0.0643205 0.03543478 0.10230445 0.77022296 0.073394254 8.976469e-06 0.49569502 0.047353156 6.060286e-13 7.872493e-07 0.03055817 0.06954956 3.6345043e-06 7.472373e-07 0.9242575 0.004892578 0.19707088 0.00016804907 0.004290987 0.99454343 0.0063861897 0.0060449075 7.395001e-05 2.1267147e-06 0.00010406597 9.9305944e-05 5.144162e-05 2.5543795e-05 0.0004339727 1.6974642e-06 3.120897e-06 0.0016652826 0.015998907 2.6061452e-06 4.0250175e-06 1.0353903e-06 5.400084e-06 6.946951e-08 1.4288936e-07 1.7093114e-08 0.00029641538 2.8522777e-07 0.0040438096 1.073939e-07 0.0008357345 2.377566e-06 2.2013029e-07 3.1176305e-06 0.0013758478 1.04880115e-07 8.159927e-08 4.4115154e-08 1.8036538e-07 9.339326e-07 3.1052494e-07 1.6600682e-06 2.5295424e-06 3.511357e-07 6.2262234e-07 1.6260759e-06 1.0383671e-07 2.6528218e-08 1.7165613e-08 2.8072887e-07 4.8264706e-08 2.3385967e-06 8.815173e-06 2.2082975e-06 5.669657e-07 4.4852476e-07 8.4268515e-07 0.0014950099 6.428118e-07 1.7138476e-06 2.1694689e-08 2.0127332e-07 1.5651036e-08 7.6580605e-08 2.0241539e-07 3.2382744e-07
0.9883129 0.000744425 7.42818e-05 3.845088e-05 0.0003981252 0.0001309218 4.429621e-05 0.03853318 0.0012223358 0.00038114534 0.0002578528 1.8710994e-05 0.44343472 5.632233e-06 4.4618e-05 2.3135575e-05 6.004859e-06 1.2168703e-06 0.8444062 6.144754e-05 5.0046435e-07 8.42198e-06 8.9379137e-07 1.3226486e-06 1.2328228e-06 5.5985907e-08 0.28823522 1.9018613e-07 3.939653e-06 7.872493e-07 4.4108276e-11 5.142695e-07 6.949932e-08 0.025455514 0.99297726 1.7269172e-06 0.0002675452 4.5242297e-07 0.009637484 0.00028582534 6.4070764e-07 1.7303718e-07 8.454172e-05 1.1211141e-07 0.783625 8.812907e-07 0.4095962 3.5331206e-07 7.735429e-07 2.248719e-06 0.21529211 0.014258706 5.077893e-05 5.1054883e-07 0.08238136 0.04911851 0.010827736 0.0072959326 0.20531951 0.0024095597 0.4470823 6.2077845e-05 0.0054408475 5.9145477e-06 0.002164427 1.0151862e-07 6.460001e-07 0.39459372 0.08662909 1.6689393e-07 0.002615036 0.0018803485 0.00021160815 0.014383692 0.0032068964 0.0012011552 0.0005780313 1.931873e-06 0.0016818976 0.0004492457 0.00012547188 0.0020889784 0.067696735 0.00025376753 7.921e-05 0.09673772 8.486574e-05 0.0059646135 0.00051519566 2.4772326e-05 0.0001443952 7.62266e-05 0.017445283 0.0023623644 9.596071e-05 0.00020784265 0.00014407704 0.0002445974 0.0005587758 8.652219e-06 7.374032e-06
