5.9451975e-25 0.9954551 0.8306825 0.98339456 0.9479383 0.76204747 0.99966466 0.8919882 0.78783983 0.94612473 0.977702 0.5324838 0.8949528 0.27278605 0.28600386 0.7545483 0.48286638 0.9958965 0.99403065 0.70512354 0.95858467 0.689326 0.997912 0.902843 0.69241154 0.74966365 0.5823024 0.6927364 0.8369146 0.18175687 0.87583697 0.9219218 0.7168373 0.6380843 0.48005715 0.46290213 0.2227443 0.2882952 0.4943016 0.37570623 0.13839798 0.40866002 0.3399401 0.039781168 0.14714797 0.3833844 0.0742124 0.36155605 0.5104772 0.054995198 0.095982246 0.3131115 0.1518123 0.03903099 0.5400337 0.22010012 0.09278561 0.85135424 0.9537123 0.97996974 0.26154268 0.9937385 0.061353143 0.054345608 0.046363566 0.98437023 0.092014864 0.0155524295 0.0029628552 0.044190582 0.014007534 0.004131271 0.52009666 0.00042938767 0.009403913 0.95304626 0.98840463 0.99995387 0.6495774 0.019285727 0.005636994 0.04845244 0.04424362 0.94350976 0.97126645 0.24996999 0.013867057 0.00015296327 0.056279603 0.2043785 0.02458914 0.4036915 0.028909685 0.96906567 0.00060055155 1.6389098e-05 0.99981177 0.0018567173 6.215925e-05 1.858979e-06 0.15458934
0.9954551 3.8702515e-18 0.92364013 0.29106125 0.069724135 0.37454835 0.12209978 0.062795885 0.32982683 0.2461263 0.00036503878 0.2440007 0.0025086324 0.10106119 0.08887212 0.1438801 0.10649181 9.3015675e-05 0.023327231 0.027370434 0.11426326 0.01401856 0.73674405 0.00075241923 0.03775952 0.00018851677 0.061154123 0.057431053 3.549555e-05 0.020790046 0.00014772078 5.198423e-06 0.00022701589 5.863245e-06 0.004346157 0.0013317054 0.024039472 0.0071702097 0.000104108854 0.00016455902 0.014051058 5.123452e-05 1.5938e-05 0.009105585 0.004140075 0.05144933 0.005350029 5.0641365e-06 2.5832514e-06 0.0003270981 0.000100240315 8.498061e-06 0.021606935 0.0006299998 0.015410311 1.0725256e-05 4.362235e-05 0.00055197807 0.0006795591 0.0034737093 2.0332054e-06 0.0026260973 0.025851233 0.003973901 6.4596876e-05 1.5533655e-06 2.107724e-05 0.0005668071 0.00242205 8.4133455e-05 0.004055018 0.002261973 0.0012038014 0.0013566266 1.5639467e-05 9.818288e-05 0.00042272094 0.025978643 0.00021138284 2.6835152e-05 0.00029970272 0.00030868946 2.947651e-08 0.00014588122 0.00096480333 6.928627e-05 0.0008613544 4.942945e-06 8.683535e-05 0.00024213675 0.0002608366 1.5920497e-05 8.903365e-05 0.00063396135 0.0010397614 2.9349349e-05 0.0062012495 7.46968e-07 0.00025626767 2.6483314e-05 5.102037e-05
0.8306825 0.92364013 4.2444202e-17 0.30427343 0.049626227 0.8735312 0.070772626 0.060545657 0.68500715 0.12179937 0.00051418913 0.43737736 0.0023159585 0.22219002 0.19408031 0.2894012 0.078054704 0.00046235204 0.013941932 0.021855874 0.03841266 0.009881017 0.29908097 0.00074802444 0.01446333 0.00010023802 0.05863558 0.16999853 4.9957645e-05 0.012884567 8.3014216e-05 1.9879872e-05 0.000298706 3.0118663e-06 0.004521761 0.0013655518 0.016601173 0.0026933763 0.000117569376 0.00010332006 0.012767538 4.02477e-05 5.8203473e-06 0.011587829 0.004022848 0.068352096 0.008843744 2.5835693e-06 2.5457666e-06 0.00022691481 4.8093396e-05 4.942464e-06 0.023692502 0.00027935632 0.0046870555 7.0315077e-06 2.7296219e-05 0.00071535807 0.0011198096 0.0029139507 7.053957e-07 0.0036769423 0.0770517 0.02317833 2.4275027e-05 6.300175e-05 3.2647742e-05 0.00025471245 0.0058612972 1.6972612e-05 0.0031694532 0.0040700855 0.0014596999 0.002519211 2.0567056e-06 0.00012493586 0.0008974064 0.008533353 0.0001364496 6.2827835e-06 9.892802e-05 0.0001349003 3.842796e-07 9.6720076e-05 0.0016923817 5.404894e-05 0.00030347795 0.00012305852 2.8435705e-05 8.782895e-05 0.00026356062 1.0333942e-05 2.1324511e-05 0.0005532751 0.0004575542 0.00025885092 0.0038433517 6.3758225e-06 0.000333429 5.1832227e-05 3.375761e-05
0.98339456 0.29106125 0.30427343 7.630145e-18 0.9151753 0.08882736 0.80442315 0.76733375 0.4262762 0.012235003 0.013457194 0.17827636 0.040824465 0.090266116 0.1054238 0.06889402 0.012806866 0.011135619 0.0017413717 0.34169644 0.006324508 0.19449075 0.13820986 0.02825896 0.0017615464 0.0031752484 0.2922914 0.11027085 0.0010853034 0.1030453 0.006094637 0.00025320597 0.011883245 0.00029375855 0.06254622 0.030099556 0.113229714 0.04276946 0.004778736 0.004168938 0.08416539 0.0007585831 0.00031894183 0.035502907 0.033365693 0.016018108 0.03416338 7.374802e-05 5.038372e-05 0.0038850605 0.0015065364 0.00026549454 0.005413383 0.0025693367 0.0004576074 6.677706e-05 0.00038317137 0.0047883294 0.00011383018 0.0012964183 0.00012233772 0.0007873398 0.10297743 0.067331456 0.00030804955 0.0001809202 0.00017794702 0.00042807948 0.0030381023 0.00016472154 8.541518e-05 0.0049168332 0.00021749943 0.0003686025 3.455996e-05 3.999629e-06 0.003867101 0.02622975 1.1995528e-05 1.5328726e-05 0.0003425676 1.46074935e-05 4.5643578e-08 8.762277e-06 0.0003109765 2.5371842e-06 8.524852e-05 0.00016838466 1.1164701e-06 1.2299175e-06 1.1651985e-05 1.1932865e-07 7.3244274e-07 2.0024789e-05 0.0001970224 9.1459966e-05 0.00078702375 1.787448e-07 0.00022536977 1.6398337e-05 8.322324e-07
0.9479383 0.069724135 0.049626227 0.9151753 1.20791894e-17 0.021927428 0.76928973 0.8622707 0.15382145 0.0007560322 0.1410445 0.04172181 0.3914044 0.025193071 0.03728758 0.017480332 0.0027294531 0.07245745 0.00053301244 0.21719621 0.0005589823 0.27278194 0.042406432 0.38781306 0.0002863514 0.03529618 0.28502944 0.034003377 0.019197693 0.06676172 0.057785634 0.0032269713 0.07317914 0.008104485 0.20633824 0.12565815 0.09325768 0.14660485 0.027474042 0.02250671 0.156994 0.008809383 0.005100427 0.0142994495 0.09331515 0.0018406665 0.027728561 0.00036059902 0.00036058592 0.0103458995 0.0075069624 0.0038266906 0.0010465431 0.0063984096 6.852629e-05 0.0007075949 0.0019879183 0.008968259 6.756494e-06 0.00050884654 0.000557003 0.00023407722 0.015928824 0.046052698 0.0016034375 0.00063904293 0.00064492814 0.0010770556 0.0016652502 0.000577303 6.047865e-06 0.004251664 0.00018086171 0.00017984537 9.276878e-05 2.1368799e-06 0.0056601116 0.008281516 5.501793e-06 7.6413075e-05 0.0003091243 1.292158e-05 3.8391144e-07 2.8280376e-06 4.2411688e-05 6.9793134e-07 3.713217e-05 0.00051889353 5.991488e-07 3.320272e-07 2.7799344e-06 4.2724942e-08 8.149817e-08 4.6741543e-06 6.528051e-05 0.0002554661 0.00023442239 5.881309e-07 0.000762177 4.731194e-05 3.2733914e-07
0.76204747 0.37454835 0.8735312 0.08882736 0.021927428 2.1935273e-15 0.01893411 0.02226565 0.67995185 0.28653863 0.0001586921 0.6320051 0.00015509629 0.4866516 0.3693695 0.84801257 0.502882 0.00036421712 0.018736066 0.0071840896 0.040352006 0.001914594 0.32407933 1.6107258e-05 0.03915951 9.746179e-06 0.04851401 0.28328726 5.327362e-06 0.014225964 6.202526e-06 1.5919367e-06 1.2729379e-05 4.3139883e-07 0.0005609833 0.0001818772 0.021444801 0.0009346237 9.223661e-06 1.5786725e-05 0.006851146 1.20448685e-05 1.91979e-06 0.025638998 0.0017526316 0.27500996 0.012438685 1.951397e-06 7.3805327e-06 0.00017720612 4.8617218e-05 4.3930017e-06 0.16881047 0.00051930296 0.009218759 2.7806e-06 1.1547909e-05 0.00026595625 0.00092835067 0.0045817117 6.1831224e-07 0.0071669314 0.12360245 0.012815958 4.3010587e-06 0.00012497423 5.2427336e-06 8.5644795e-05 0.01990082 2.002117e-06 0.0050527756 0.0059753596 0.00068837777 0.01457079 5.1605125e-06 0.00018834228 0.00036277968 0.0006961305 0.00017085637 1.7858421e-06 2.7304275e-06 4.0374798e-05 5.8241096e-07 0.00016673318 0.0021397066 0.00014174909 0.0004398156 1.4615664e-06 0.00015712324 0.00028574603 0.00020322364 6.7358196e-05 3.6897738e-05 0.001326869 0.00093452336 5.668741e-06 0.0043464517 4.6691446e-07 0.00031030754 7.2760906e-07 0.00023137244
0.99966466 0.12209978 0.070772626 0.80442315 0.76928973 0.01893411 1.6256681e-17 0.34011072 0.14863211 0.0074274857 0.61120844 0.03591076 0.42440483 0.021254355 0.03148178 0.014771368 0.0088245105 0.13203445 0.0060546147 0.1319499 0.009169684 0.20467423 0.11061825 0.33868077 0.0015150855 0.06434812 0.1580515 0.018842528 0.077937625 0.026304895 0.09736484 0.016237067 0.08655523 0.027301077 0.1166277 0.06429745 0.028210362 0.06748637 0.035294723 0.026821025 0.03936582 0.021434875 0.016793411 0.0060700164 0.03589464 0.0047909147 0.011912413 0.0038265411 0.0019305415 0.007309663 0.0051781344 0.008437452 0.0008535668 0.0039782044 0.0005862955 0.0027172174 0.0051250774 0.009178091 0.00038901935 0.002231178 0.005680065 0.0004120679 0.004345987 0.015700193 0.003932281 8.229502e-05 0.0015662215 0.0015497233 0.0007307547 0.001276892 1.3424417e-05 0.0026760122 0.00060600846 0.00022504719 0.0001836102 4.88673e-05 0.005154301 0.062737264 0.00012201392 0.00042585967 0.0009872088 6.156342e-06 1.4320655e-05 8.2220104e-05 0.00022236466 3.288611e-05 2.1965929e-05 0.00077246665 8.47485e-06 2.8957309e-05 6.2652407e-06 7.4924094e-07 1.9803717e-06 3.261536e-06 0.00014831734 0.00023768905 0.00027345296 2.0680018e-05 0.002401092 8.07685e-05 8.897869e-06
0.8919882 0.062795885 0.060545657 0.76733375 0.8622707 0.02226565 0.34011072 3.1242389e-15 0.4545423 0.00041409134 0.04984415 0.16893598 0.26710582 0.11571205 0.17724507 0.030610211 0.0037809673 0.026064774 0.00019246241 0.76326907 0.00012618864 0.81711125 0.017219534 0.5126924 0.00027167212 0.10193625 0.6800756 0.082418315 0.02032157 0.3027896 0.21024619 0.0010289821 0.3500034 0.0055317064 0.5969885 0.37193024 0.3957794 0.41908696 0.1074475 0.09258637 0.47291026 0.013665798 0.0043231896 0.08516156 0.3493688 0.0050923666 0.11587366 0.00024113548 0.00036578233 0.054140516 0.027341932 0.00958954 0.0025182946 0.031541288 0.00095532375 0.0015522223 0.004193817 0.002159595 6.9239272e-06 0.00022646728 0.00096715294 6.045815e-05 0.10506133 0.15656531 0.002384833 0.0007741374 0.00086726446 0.0029533172 0.00573904 0.0019039277 6.092431e-05 0.017028727 0.00013523457 0.00057715795 0.0001497487 7.5272565e-06 0.0032529025 0.0006855058 6.926109e-05 0.00020748755 0.00046067842 3.4101766e-05 1.0806952e-05 1.6995644e-05 6.5910455e-05 6.932371e-06 0.000104152445 0.0002215024 6.8912714e-06 5.773803e-06 2.7362552e-05 1.5459376e-06 2.2481531e-06 1.4841504e-05 7.2302995e-05 0.0003322447 0.000116172174 0.00011512364 0.00052326336 1.7901348e-05 2.8453624e-06
0.78783983 0.32982683 0.68500715 0.4262762 0.15382145 0.67995185 0.14863211 0.4545423 2.9845246e-16 0.00532149 0.00207543 0.8856506 0.0025983455 0.65951407 0.67889583 0.53894985 0.02520581 0.0028871275 0.000459068 0.21982765 0.00060577044 0.060823828 0.10217178 0.00030799344 0.0017880228 4.160236e-05 0.37499684 0.61710435 1.0902021e-05 0.09358144 3.5949903e-05 5.0356237e-05 0.00012407445 2.0953212e-06 0.004857484 0.00051198597 0.103528775 0.0053525628 4.2003835e-06 7.374327e-06 0.051304895 5.921682e-06 9.634015e-07 0.09397811 0.008890851 0.043797508 0.04477124 1.587323e-05 8.251596e-06 0.0003138136 3.048568e-05 2.0058055e-06 0.028234497 0.000853884 0.00011499878 1.6354677e-06 5.0763338e-05 0.0012084069 9.293982e-06 0.0006664266 1.0035251e-06 0.00018086033 0.12990691 0.065724075 3.3717777e-05 0.00057734404 3.2857627e-06 0.0005282165 0.015140898 9.212338e-06 0.00020876898 0.0145890815 1.3712697e-05 0.004662048 1.0021714e-05 8.2863613e-07 0.00043564342 0.0005577219 2.989505e-06 2.8227453e-06 1.0696573e-05 5.183322e-07 4.6252744e-08 3.9414417e-06 7.3921874e-05 2.6653263e-06 2.714353e-05 4.9772916e-06 1.5213548e-06 3.1408006e-06 3.7819043e-06 2.159432e-07 2.0470708e-07 2.7312282e-05 2.10992e-05 4.6876853e-06 0.0016865234 1.3457334e-07 0.0003879982 6.344824e-07 2.1519952e-06
0.94612473 0.2461263 0.12179937 0.012235003 0.0007560322 0.28653863 0.0074274857 0.00041409134 0.00532149 7.873024e-15 5.0296844e-06 0.007486519 2.0057587e-05 0.007367626 0.006205382 0.3372822 0.9404934 4.738776e-05 0.263274 0.00013944902 0.47197512 4.217086e-05 0.4967684 1.6707778e-06 0.81517327 8.916731e-07 0.00035766268 0.0357878 1.2665998e-07 0.00040070072 1.3310101e-06 2.992624e-07 1.3350681e-06 2.1189988e-08 2.6999263e-05 1.2085669e-05 0.001624701 9.492553e-05 3.7169752e-07 7.404055e-07 0.0005591244 3.4981716e-07 6.035131e-08 0.002176672 0.000171365 0.23260832 0.0018097059 6.399843e-08 3.626503e-08 1.8096618e-05 2.1101725e-06 1.4300292e-07 0.23828071 2.3448307e-05 0.10838285 1.203691e-07 1.2079718e-06 0.00039568532 0.01771106 0.03154943 1.12655115e-07 0.037996463 0.0266261 0.0051959525 1.9830288e-06 3.7271846e-05 4.91887e-07 3.536536e-05 0.0026297776 9.2487335e-07 0.029179752 0.0013898188 0.0042809886 0.0033101917 9.934402e-07 0.0016528955 0.0009871302 0.0023680574 0.0008058785 4.237841e-07 5.96717e-06 0.00051221356 9.866354e-09 0.0034667198 0.0073703346 0.00045436033 0.0038576934 8.789451e-06 0.0001457826 0.00034046915 0.0005366701 0.00018036994 0.00014452609 0.0021382247 0.001275481 6.4124647e-06 0.0077842423 9.222332e-08 0.00025668886 2.6537427e-06 0.00023116884
0.977702 0.00036503878 0.00051418913 0.013457194 0.1410445 0.0001586921 0.61120844 0.04984415 0.00207543 5.0296844e-06 7.209849e-16 0.00028912316 0.9374837 0.0002851496 0.00073772436 0.00016495389 2.042288e-05 0.7841882 1.0893452e-06 0.008431439 2.4142082e-06 0.025766207 0.0027212591 0.4580238 4.1835105e-05 0.23277764 0.0076690717 0.00011495645 0.36369413 0.0024200482 0.19396369 0.15268515 0.14718954 0.21529649 0.09561344 0.09920894 0.0040274467 0.06905282 0.089321144 0.062053524 0.01400489 0.0841802 0.094289795 3.7071204e-05 0.026995212 1.9376104e-05 0.0009421755 0.0062310235 0.0040162145 0.011379279 0.019312501 0.043965165 4.070586e-05 0.0019612163 1.0935853e-05 0.03725268 0.041056145 0.020596636 2.2838316e-07 1.2489649e-05 0.062723994 7.097366e-07 9.385694e-05 0.00069725007 0.006466295 0.0010134993 0.008259202 0.00054411794 3.6253154e-05 0.009111161 4.5090158e-07 0.00014710503 1.38177165e-05 1.2071829e-06 0.00081883464 1.9565531e-08 0.008535115 0.00614385 4.0729427e-07 0.0033899192 0.002764346 2.6731396e-07 2.0854302e-05 1.5679593e-07 7.4200796e-07 4.880579e-08 3.0618678e-06 4.1799136e-05 4.9090637e-08 4.256681e-08 3.4428226e-08 1.281585e-09 7.3967206e-09 1.3383312e-08 1.1658215e-06 6.3950415e-06 9.211381e-06 5.3805343e-06 4.6911442e-05 3.0594915e-06 2.5627912e-08
0.5324838 0.2440007 0.43737736 0.17827636 0.04172181 0.6320051 0.03591076 0.16893598 0.8856506 0.007486519 0.00028912316 3.466351e-16 0.0007608095 0.8888425 0.85757947 0.65544283 0.05945378 0.00052542886 0.0010836846 0.06497269 0.0017702074 0.01252199 0.05988249 0.00011248621 0.0032140012 5.0946273e-05 0.09388833 0.5905648 1.5014288e-05 0.042705845 1.9050218e-05 1.6652397e-05 7.139081e-05 8.2423196e-07 0.00080543855 0.00015187066 0.036426563 0.0008070025 3.681656e-06 6.1701485e-06 0.015755255 2.963594e-06 8.945153e-07 0.06015617 0.0023824405 0.040052492 0.020178225 3.190839e-06 2.7363294e-06 0.0002161774 3.802774e-05 1.009665e-06 0.019889764 0.00062020536 0.00028346287 4.0888332e-07 6.9738676e-06 0.0003098226 2.7292652e-05 0.0010657026 2.3721924e-07 0.00051289296 0.115410976 0.05173981 1.0882804e-05 0.00010269625 1.2963416e-06 0.0003230176 0.010869306 6.843972e-06 0.0004928489 0.009399108 2.861345e-05 0.0032459456 5.173884e-07 2.3652598e-05 0.00032425128 0.00020090236 2.7238126e-05 1.9432332e-06 2.0616571e-05 1.8251558e-06 1.7351168e-08 5.4279215e-05 0.000233182 1.5428117e-05 3.0042456e-05 3.0098576e-05 4.0469954e-06 9.423188e-06 2.497357e-05 1.6456514e-06 1.8813154e-06 2.3721066e-05 3.201045e-05 8.836804e-06 0.002037167 1.864032e-07 0.00052666804 2.1724547e-06 8.614739e-06
0.8949528 0.0025086324 0.0023159585 0.040824465 0.3914044 0.00015509629 0.42440483 0.26710582 0.0025983455 2.0057587e-05 0.9374837 0.0007608095 2.3514527e-16 0.0009326101 0.001670633 0.0001791466 5.971608e-05 0.40000618 4.8068478e-06 0.012843799 7.557946e-07 0.047801852 0.0046073426 0.8343612 1.6466713e-05 0.4311435 0.018438488 0.00019173363 0.56593573 0.0057217763 0.30570891 0.19099893 0.2651749 0.26381242 0.18622576 0.17124286 0.007766987 0.12712152 0.11383317 0.08268633 0.036509316 0.110221274 0.13726825 0.00038454944 0.06488427 3.1246447e-05 0.0018502823 0.0057963324 0.005086862 0.020956062 0.0386252 0.050693773 1.2419772e-05 0.0070855287 1.9271614e-05 0.028301165 0.0634061 0.02039432 1.5644017e-07 4.8583614e-05 0.04677505 3.863523e-06 0.000101453064 0.0037913425 0.0055114017 0.0024000558 0.009614183 0.0011605663 0.00016064022 0.0068628252 5.9226422e-06 0.00054632226 2.5035331e-05 1.43071e-05 0.0012951306 2.522952e-07 0.0123022385 0.0024071664 4.3636496e-07 0.0030581253 0.0018739033 1.2476287e-06 8.782476e-05 4.1920853e-07 7.3467754e-06 1.6394881e-07 1.3052442e-05 0.00012277602 6.0752654e-08 1.4865782e-07 4.1134382e-07 3.0359573e-08 2.0483393e-08 4.01101e-07 1.3131931e-06 0.00013703488 0.000121573015 0.00017481121 0.00012986976 1.540183e-05 1.0945233e-07
0.27278605 0.10106119 0.22219002 0.090266116 0.025193071 0.4866516 0.021254355 0.11571205 0.65951407 0.007367626 0.0002851496 0.8888425 0.0009326101 3.868396e-16 0.94826955 0.69913775 0.05378298 0.0005142762 0.0012667075 0.042276904 0.0021807507 0.011064546 0.024806287 0.00023291085 0.005357054 7.0786016e-05 0.07351497 0.723271 2.5469992e-05 0.0396039 3.0269652e-05 5.6074583e-05 0.00012660258 1.0379588e-06 0.0009314506 0.00021131431 0.035103507 0.00074924034 6.1209294e-06 5.5230366e-06 0.014572632 4.604476e-06 1.3234232e-06 0.064094685 0.0020646036 0.049785335 0.018162943 2.3994035e-06 9.91287e-07 0.00022291754 5.9690115e-05 1.5020266e-06 0.025639884 0.0004883858 0.00025267794 9.571805e-07 9.645981e-06 0.00015355815 6.261803e-05 0.0011854931 2.3325482e-07 0.000593008 0.1320062 0.060183194 1.0064161e-05 8.4690844e-05 1.0752553e-06 0.00021491526 0.018213158 4.8253896e-06 0.000416796 0.011498578 4.4056527e-05 0.00499396 8.0359634e-08 4.4944234e-05 0.00026556695 0.00011310139 5.9871527e-05 2.9665289e-06 1.8915869e-05 2.5203944e-06 8.138505e-09 5.5591107e-05 0.00028709022 3.1542284e-05 2.8194378e-05 7.0224305e-05 5.172106e-06 1.4443191e-05 2.928119e-05 3.5864005e-06 1.5161595e-06 1.9584135e-05 2.7938095e-05 5.152698e-06 0.0017041966 9.754705e-08 0.00061024824 2.6666714e-06 1.1681324e-05
0.28600386 0.08887212 0.19408031 0.1054238 0.03728758 0.3693695 0.03148178 0.17724507 0.67889583 0.006205382 0.00073772436 0.85757947 0.001670633 0.94826955 1.5052606e-15 0.6273833 0.033655167 0.0008233812 0.0008897008 0.068473525 0.0012011293 0.014583421 0.017821545 0.00060501415 0.0025507158 0.00011587232 0.13219595 0.88444746 7.2467905e-05 0.075793795 6.738699e-05 0.00022401786 0.0003074306 1.7744912e-06 0.0017668024 0.00033666802 0.07166183 0.0011825714 6.093416e-06 8.1362205e-06 0.019578166 7.754535e-06 1.7655516e-06 0.111795954 0.0035094647 0.05799082 0.041369077 5.9043923e-06 1.7113031e-06 0.00023894907 5.722496e-05 1.966008e-06 0.028419765 0.00051769963 0.00015767699 1.1058195e-06 7.681247e-06 0.00015670185 6.346349e-05 0.0008852642 3.0081816e-07 0.00039287255 0.16895315 0.09424237 2.423975e-05 0.00010471147 1.2858976e-06 0.00039988913 0.028992618 7.4763334e-06 0.00015376229 0.01903826 4.207032e-05 0.007118136 9.066201e-08 4.1228996e-05 0.00013920189 9.63827e-05 7.500725e-05 3.928862e-06 2.7789683e-05 2.142712e-06 9.404133e-09 4.6502137e-05 0.00024427942 3.7425794e-05 2.8720457e-05 7.862934e-05 5.4343463e-06 1.0314298e-05 1.479295e-05 4.744734e-06 7.5406956e-07 2.3597195e-05 2.0462863e-05 6.299589e-06 0.0014718868 1.13064225e-07 0.00072385056 1.5319029e-06 7.961354e-06
0.7545483 0.1438801 0.2894012 0.06889402 0.017480332 0.84801257 0.014771368 0.030610211 0.53894985 0.3372822 0.00016495389 0.65544283 0.0001791466 0.69913775 0.6273833 4.8123547e-14 0.89176065 0.00021018615 0.021805113 0.01432597 0.014338688 0.001832566 0.115140714 6.3642714e-05 0.09984305 1.1831302e-05 0.07493726 0.8463561 6.0360762e-06 0.021086058 5.2621635e-06 3.793586e-06 1.3581662e-05 1.3360773e-07 0.00061305927 0.000114311995 0.0430926 0.0003108697 1.9179324e-06 3.8646544e-06 0.006598067 1.5047494e-06 1.8419922e-07 0.07346629 0.00104427 0.65329367 0.019351503 4.8331884e-07 3.1380682e-07 9.336254e-05 4.1094763e-06 1.9845622e-07 0.485222 6.75597e-05 0.0061124866 6.9213975e-08 8.956037e-07 2.954954e-05 0.0006936713 0.0036744887 7.6858e-09 0.004048955 0.3939032 0.065533295 2.2599133e-06 2.5825188e-05 5.9060335e-07 8.434668e-05 0.085989155 9.55218e-07 0.0076271878 0.01910784 0.0008153667 0.028117416 1.15071884e-07 0.0003037078 0.0008422333 0.00017808692 0.00021082054 2.408219e-07 2.389208e-06 6.4848114e-06 1.9682111e-09 0.00067973824 0.0011842066 0.00026743882 0.00022620546 8.203591e-06 8.929078e-05 0.00010862145 4.3080436e-05 8.906923e-05 3.881305e-06 0.00023538568 0.00080831343 1.1784591e-05 0.001985265 9.900385e-08 0.0007073709 4.2366042e-07 4.219778e-05
0.48286638 0.10649181 0.078054704 0.012806866 0.0027294531 0.502882 0.0088245105 0.0037809673 0.02520581 0.9404934 2.042288e-05 0.05945378 5.971608e-05 0.05378298 0.033655167 0.89176065 1.1660802e-16 8.7129505e-05 0.08381621 0.0027271216 0.16255601 0.00041711808 0.156611 3.7996822e-05 0.7851366 6.8170684e-06 0.0040330794 0.13102943 1.3194731e-05 0.0028796413 8.84921e-06 1.2740038e-06 1.2720412e-05 2.7385025e-07 0.0002533369 6.548653e-05 0.0030841068 9.43544e-05 1.540889e-06 3.4445238e-06 0.0008213961 1.2449627e-06 2.5952508e-07 0.010638732 0.00013152638 0.65759575 0.0014946507 5.095925e-07 1.7725047e-07 1.1209901e-05 1.6053255e-06 3.180881e-07 0.5001489 1.7535996e-05 0.06940611 1.8414514e-07 1.8217959e-06 4.810028e-05 0.0062054344 0.0103091085 6.508988e-08 0.01659341 0.096490845 0.005846584 3.6913224e-07 2.8195936e-05 7.7819186e-07 3.252586e-05 0.03166361 3.577029e-07 0.071883366 0.002634105 0.0050974567 0.016869986 1.3533272e-08 0.0018935925 0.0011542041 0.00039106183 0.00075448863 9.21787e-07 5.4077473e-06 0.00038691075 2.4757443e-09 0.0032457921 0.0045199245 0.0003714545 0.002338318 1.0518557e-06 0.00014237758 0.000464663 0.0004493691 0.00034265532 0.00010071828 0.0015379566 0.004178162 4.395394e-06 0.004841694 3.8351168e-08 0.00011150508 1.4752446e-07 0.00020717832
0.9958965 9.3015675e-05 0.00046235204 0.011135619 0.07245745 0.00036421712 0.13203445 0.026064774 0.0028871275 4.738776e-05 0.7841882 0.00052542886 0.40000618 0.0005142762 0.0008233812 0.00021018615 8.7129505e-05 9.395268e-18 2.357189e-05 0.004994081 1.7903465e-05 0.023673575 0.0066106073 0.24462856 4.9516708e-05 0.20271353 0.006126396 0.00013203474 0.44228974 0.0018270889 0.1802144 0.8746849 0.10250114 0.3003958 0.03955977 0.049988315 0.0032181893 0.02483365 0.070198596 0.04351654 0.0073693786 0.12115869 0.15850492 0.00021496673 0.011586985 0.00014254157 0.0015410243 0.03869474 0.036687255 0.004731914 0.007987459 0.034805264 5.2452666e-05 0.0018614379 2.0210467e-05 0.047385626 0.036180906 0.09009091 4.096735e-06 4.4419518e-05 0.1362147 4.2237452e-06 0.00020277778 0.0014450803 0.005303198 0.00080561684 0.017684098 0.00078702794 0.0003639381 0.004331121 5.1253727e-07 0.0017074469 2.6528864e-05 4.4036282e-05 0.002316947 1.2976317e-06 0.024684282 0.016029177 2.313914e-06 0.0043012355 0.0015444516 3.6385968e-06 0.0007857582 5.7571015e-07 6.008293e-07 1.9615835e-07 3.143286e-05 0.00030484854 4.7384837e-08 1.06640506e-07 5.9031794e-07 4.8823434e-10 2.2203821e-07 3.3298453e-09 9.467316e-06 0.00010757232 3.4499153e-06 0.0003192029 0.00049305585 3.2079148e-05 4.1432635e-08
0.99403065 0.023327231 0.013941932 0.0017413717 0.00053301244 0.018736066 0.0060546147 0.00019246241 0.000459068 0.263274 1.0893452e-06 0.0010836846 4.8068478e-06 0.0012667075 0.0008897008 0.021805113 0.08381621 2.357189e-05 4.613025e-17 3.527192e-05 0.90832967 5.708605e-06 0.71718943 9.120493e-07 0.425754 1.7030753e-07 7.261284e-05 0.0010614 1.2373665e-07 5.9760572e-05 2.6542023e-07 3.295243e-08 3.672971e-07 9.618353e-09 5.565596e-06 3.8055512e-06 0.00021513118 1.0725082e-05 2.281337e-07 4.5384948e-07 2.8042146e-05 1.5857236e-07 3.6012338e-08 7.692079e-05 7.776617e-06 0.030994846 0.00011478139 7.3457973e-09 2.670207e-09 1.1883709e-06 1.881813e-07 4.086636e-08 0.0292449 7.913204e-06 0.36660087 9.8473514e-08 2.5102331e-06 0.011603626 0.43582454 0.20542887 6.385077e-08 0.23282917 0.00043201106 3.3843853e-06 1.0074974e-07 9.813505e-07 3.4195277e-06 5.0131725e-06 0.00021350489 2.1616016e-07 0.029990366 2.272354e-05 0.12886932 0.00012200496 1.1535883e-06 0.015573148 0.0023668723 0.21987177 0.013187102 1.2029635e-07 2.3692996e-06 0.014242146 3.793646e-09 0.01595593 0.059197206 0.0030804474 0.016225249 2.8398724e-06 0.001708747 0.0018488086 0.0051740496 0.0014465197 0.0008016825 0.04019988 0.0006976964 1.1588447e-06 0.38867342 2.0306232e-09 0.000110114495 5.065491e-07 0.0006141641
0.70512354 0.027370434 0.021855874 0.34169644 0.21719621 0.0071840896 0.1319499 0.76326907 0.21982765 0.00013944902 0.008431439 0.06497269 0.012843799 0.042276904 0.068473525 0.01432597 0.0027271216 0.004994081 3.527192e-05 6.089484e-17 7.013623e-05 0.9831467 0.0065601645 0.012761926 0.00030717885 0.0023787806 0.65512407 0.06782879 0.00031544015 0.28691202 0.0056468323 0.00011370736 0.028392987 0.00018291462 0.2562841 0.100127876 0.30389583 0.13427724 0.011431788 0.01054025 0.28999642 0.0009529393 0.00018147455 0.080348276 0.15085925 0.0062023196 0.09806732 1.8327684e-05 2.2401176e-05 0.02229223 0.009875323 0.0014167341 0.0045018946 0.017321214 0.00017025389 0.0003549802 0.0006247625 0.0002612511 4.090216e-06 0.000104059625 3.831401e-05 4.025638e-05 0.12626232 0.15718058 0.0014148429 0.00010401139 0.00011209244 0.0029874605 0.011063813 0.00044993428 4.5424786e-05 0.01548159 1.6944083e-05 0.00027125143 1.7837323e-05 1.0541339e-05 0.00039997153 4.4843622e-05 1.5027784e-05 0.00014125921 0.00015624374 4.0187197e-06 5.1823157e-08 1.9395018e-05 2.4687022e-05 3.9601296e-06 2.339267e-05 2.4187491e-05 7.605291e-07 1.2197459e-06 2.3418874e-05 4.4601495e-07 3.058125e-07 1.8339143e-06 2.179929e-05 1.5413452e-05 0.0001465891 6.319299e-07 0.00027147634 2.2698232e-06 7.3237356e-07
0.95858467 0.11426326 0.03841266 0.006324508 0.0005589823 0.040352006 0.009169684 0.00012618864 0.00060577044 0.47197512 2.4142082e-06 0.0017702074 7.557946e-07 0.0021807507 0.0012011293 0.014338688 0.16255601 1.7903465e-05 0.90832967 7.013623e-05 1.0956316e-16 5.4692855e-06 0.5410218 3.646738e-07 0.91491455 4.4353925e-08 5.0873983e-05 0.000509182 1.6301429e-07 9.633299e-05 1.2501671e-07 1.8951992e-08 1.3479118e-07 3.795477e-09 2.212545e-06 1.3583948e-06 0.00019831955 3.6245635e-06 9.5676384e-08 2.853494e-07 1.1963256e-05 1.2146168e-07 2.1579877e-08 5.7625348e-05 2.2961106e-06 0.04077892 1.2777386e-05 4.631514e-09 5.4365906e-10 1.5049991e-06 1.8455336e-07 8.675799e-08 0.014771108 3.997189e-06 0.63831586 3.6746843e-07 3.3352057e-06 0.0025069583 0.49444962 0.29852015 9.106704e-08 0.3548642 0.000593466 1.7217973e-05 2.6953546e-07 3.9752592e-07 6.0056323e-06 3.695553e-05 0.00023085116 6.226054e-08 0.056871906 3.315504e-05 0.21434456 0.00017490826 3.2989644e-07 0.049965095 0.002611811 0.16334459 0.042102687 3.9833958e-07 1.343747e-05 0.03590074 7.0217467e-09 0.031484768 0.14583866 0.010750936 0.029553032 5.0397604e-05 0.005052863 0.002754994 0.007850059 0.0050559137 0.00088384823 0.103260756 0.0008522678 2.7006523e-05 0.3690413 1.0975247e-08 2.976449e-05 1.7922025e-06 0.0012244288
0.689326 0.01401856 0.009881017 0.19449075 0.27278194 0.001914594 0.20467423 0.81711125 0.060823828 4.217086e-05 0.025766207 0.01252199 0.047801852 0.011064546 0.014583421 0.001832566 0.00041711808 0.023673575 5.708605e-06 0.9831467 5.4692855e-06 1.8116357e-16 0.004868707 0.058269918 0.00012828589 0.014348928 0.35122907 0.0178143 0.0016212928 0.10464658 0.030012032 0.00052139885 0.103747055 0.00069624477 0.25411287 0.13392027 0.13449253 0.14011937 0.03329433 0.027395543 0.1625633 0.006429783 0.00094395486 0.02122663 0.114419594 0.00094157417 0.027002947 0.00012300337 9.946412e-05 0.030600317 0.016076213 0.0050148442 0.0011060126 0.0146562485 6.4926426e-05 0.0011171008 0.0015495155 0.0016156104 1.4911894e-06 6.838658e-05 0.0002479186 1.0502586e-05 0.033691194 0.056308344 0.0040803007 0.0006176393 0.000302454 0.0022144949 0.0022230835 0.0012345403 1.1133416e-05 0.005090133 6.767018e-06 8.349999e-05 0.0001564319 1.6766135e-06 0.0005026076 4.9986666e-05 5.3676245e-06 0.00027966898 0.00037296503 1.1813527e-06 6.8539356e-07 9.913934e-06 1.1189255e-05 1.2387414e-06 8.68938e-06 6.4508095e-05 1.4031767e-07 2.8085688e-07 5.2235937e-06 6.573892e-08 5.7264074e-08 4.375159e-07 6.4136516e-06 3.9152867e-05 0.00016568354 2.362833e-06 0.00014903351 5.1467264e-06 7.485172e-08
0.997912 0.73674405 0.29908097 0.13820986 0.042406432 0.32407933 0.11061825 0.017219534 0.10217178 0.4967684 0.0027212591 0.05988249 0.0046073426 0.024806287 0.017821545 0.115140714 0.156611 0.0066106073 0.71718943 0.0065601645 0.5410218 0.004868707 1.2476279e-09 0.0014813831 0.11387915 0.0006379433 0.0064919465 0.015614967 0.00037174366 0.0023751922 0.00053205 0.0018983334 0.0007294718 0.00012762267 0.0014000435 0.00103671 0.0027743636 0.0013791585 0.0006482264 0.0005452462 0.0015344823 0.00028779227 0.00024034845 0.0028705176 0.0015377953 0.041057277 0.0019445107 0.00038436413 0.00029510158 0.0007226438 0.0006312053 0.00012755525 0.00875251 0.0014435913 0.03439397 0.0003165096 0.0009574476 0.047173414 0.100047745 0.087962575 0.0008864029 0.12993786 0.008929403 0.0039740964 0.0004868141 2.2477057e-05 0.0013735249 0.0023315065 0.0062500713 0.00039336237 0.0038749531 0.012226791 0.017290745 0.0021640009 0.0012938066 0.025133625 0.00635182 0.68603194 0.0062714615 0.00035487625 0.0024327904 0.0023872815 8.433172e-05 0.006098378 0.040842127 0.0017498585 0.0017758686 0.007099472 0.0010452889 0.0012696447 0.0009482759 0.0006435028 0.00053204014 0.024504762 0.002066669 0.00046614674 0.21843804 0.0006400814 0.0028703806 0.00021408188 0.0013907178
0.902843 0.00075241923 0.00074802444 0.02825896 0.38781306 1.6107258e-05 0.33868077 0.5126924 0.00030799344 1.6707778e-06 0.4580238 0.00011248621 0.8343612 0.00023291085 0.00060501415 6.3642714e-05 3.7996822e-05 0.24462856 9.120493e-07 0.012761926 3.646738e-07 0.058269918 0.0014813831 1.0252385e-15 1.3610538e-05 0.90731776 0.028554985 0.00020460278 0.3093424 0.0079802675 0.62208855 0.07804376 0.55345845 0.24826854 0.44479662 0.42077664 0.020640766 0.28146395 0.37873194 0.30084628 0.09451802 0.30019143 0.23369671 0.0005939821 0.14642029 2.9387102e-05 0.0074081523 0.004863243 0.0040117796 0.05924397 0.11028113 0.13935724 2.4211124e-05 0.029280165 1.5401112e-05 0.094982825 0.07653159 0.010549778 3.4109505e-07 5.528238e-06 0.030258771 2.1612925e-07 9.616602e-05 0.006580535 0.020883631 0.001966899 0.025759371 0.00654423 4.0081424e-05 0.02710371 2.992426e-06 0.00035518908 6.2752447e-06 8.328689e-06 0.0005450751 9.8130585e-08 0.0027679468 0.00030856585 6.7868035e-07 0.014820105 0.004219987 4.4944534e-07 2.4206438e-05 5.4854677e-08 4.4124732e-07 1.8475271e-07 1.704268e-05 0.00016804185 6.909725e-08 2.024934e-07 1.3632108e-06 1.1790829e-07 4.6484555e-08 1.6651126e-07 4.091285e-06 2.7986147e-05 6.569227e-05 0.00046155113 0.0002179766 5.5219675e-06 2.5883816e-07
0.69241154 0.03775952 0.01446333 0.0017615464 0.0002863514 0.03915951 0.0015150855 0.00027167212 0.0017880228 0.81517327 4.1835105e-05 0.0032140012 1.6466713e-05 0.005357054 0.0025507158 0.09984305 0.7851366 4.9516708e-05 0.425754 0.00030717885 0.91491455 0.00012828589 0.11387915 1.3610538e-05 3.747503e-13 3.007608e-05 0.0002438358 0.0056487955 1.7305583e-05 0.000325784 1.1726294e-05 5.201929e-06 5.9788877e-06 1.2991188e-06 2.8619508e-05 1.4349091e-05 0.0007113799 3.8925868e-05 2.343229e-06 4.222634e-06 0.00014512357 1.9019666e-05 1.0390051e-05 0.0007623751 3.6749017e-05 0.23376667 0.00049888046 5.612035e-06 4.0585096e-06 1.6705588e-05 2.150044e-06 2.024624e-06 0.30837595 6.9176334e-05 0.92150044 1.9184108e-05 2.5121046e-05 2.8944884e-05 0.17901799 0.07731374 4.3015157e-07 0.08551276 0.0052885995 0.00045127334 7.6086275e-07 0.00021439652 4.3765238e-05 7.1243834e-05 0.0029454108 6.2089504e-07 0.24923456 0.0002455957 0.12535244 0.0030727247 3.437703e-05 0.021826396 0.0005622672 0.00057055516 0.013775731 2.7397966e-06 1.1535317e-05 0.018902298 1.3283135e-07 0.018157054 0.048753552 0.0073401905 0.037471615 5.600687e-05 0.0053559025 0.0047847186 0.008712619 0.0035306017 0.0021990372 0.009951623 0.02671257 5.4727265e-05 0.015144147 9.269626e-07 0.00018881456 5.77875e-06 0.002604523
0.74966365 0.00018851677 0.00010023802 0.0031752484 0.03529618 9.746179e-06 0.06434812 0.10193625 4.160236e-05 8.916731e-07 0.23277764 5.0946273e-05 0.4311435 7.0786016e-05 0.00011587232 1.1831302e-05 6.8170684e-06 0.20271353 1.7030753e-07 0.0023787806 4.4353925e-08 0.014348928 0.0006379433 0.90731776 3.007608e-05 8.510097e-17 0.0025330673 4.5740428e-05 0.46076408 0.0012235907 0.8207803 0.118986614 0.5629896 0.35273778 0.23838317 0.27979627 0.002753275 0.13010208 0.37431112 0.26710656 0.01550365 0.7496327 0.53504664 0.000119527926 0.037705645 1.3834541e-05 0.0006354207 0.0048502227 0.0050235824 0.028011879 0.076453716 0.155479 1.6416287e-05 0.0082560405 1.8759718e-05 0.10117238 0.18531752 0.0078051756 1.13516926e-07 9.67305e-07 0.06261117 1.4160429e-07 5.146738e-05 0.0004935187 0.010154658 0.001990237 0.03551713 0.002047618 5.3797263e-05 0.022826321 2.6413632e-06 6.317105e-05 2.7900883e-06 6.8070512e-06 0.002102012 3.9113974e-07 0.0015436645 2.5913754e-05 2.7640453e-07 0.02230026 0.0060136765 1.391981e-07 3.8722745e-05 4.7080002e-07 3.9589384e-07 4.6531062e-07 1.7384627e-06 0.00049752416 3.8445133e-08 1.8015322e-07 8.1760476e-07 5.5563465e-08 1.27088e-08 9.847065e-09 3.952084e-07 2.4055289e-05 7.3066934e-05 0.0032212075 0.00014749626 7.7287e-06 5.6540923e-08
0.5823024 0.061154123 0.05863558 0.2922914 0.28502944 0.04851401 0.1580515 0.6800756 0.37499684 0.00035766268 0.0076690717 0.09388833 0.018438488 0.07351497 0.13219595 0.07493726 0.0040330794 0.006126396 7.261284e-05 0.65512407 5.0873983e-05 0.35122907 0.0064919465 0.028554985 0.0002438358 0.0025330673 2.2238046e-18 0.5139042 0.0006038417 0.9638113 0.0014730844 0.00022392602 0.0054194964 0.0002517531 0.063873194 0.01719993 0.57541746 0.07081522 0.00037102166 0.0011278047 0.4799677 0.00018830349 6.3946245e-05 0.19940178 0.12765153 0.0032501488 0.12755357 3.682325e-05 1.3281096e-05 0.0049134768 0.0015992073 8.955542e-05 0.001508117 0.010398438 8.4816376e-05 1.4346203e-05 7.23949e-05 0.00031595497 2.2809704e-06 0.00030685446 2.3764505e-06 6.150307e-05 0.069059 0.1126137 0.00042460635 0.00019713253 8.492446e-06 0.002760696 0.0109540485 0.00020961885 6.7549125e-05 0.014629772 5.204862e-06 0.0013566175 2.6551124e-06 2.4193132e-06 0.00010375165 5.23664e-05 8.662151e-06 3.2212472e-05 0.000121930054 2.8394976e-07 8.612767e-08 8.655734e-06 1.7486915e-05 7.5496373e-06 2.9321498e-06 6.208205e-05 1.4018198e-06 3.3929073e-06 7.5010435e-06 1.6918455e-07 1.8810577e-07 2.5838426e-06 5.863699e-06 7.8755875e-05 0.00039019497 4.249095e-07 0.000501209 1.5678778e-06 1.3197367e-06
0.6927364 0.057431053 0.16999853 0.11027085 0.034003377 0.28328726 0.018842528 0.082418315 0.61710435 0.0357878 0.00011495645 0.5905648 0.00019173363 0.723271 0.88444746 0.8463561 0.13102943 0.00013203474 0.0010614 0.06782879 0.000509182 0.0178143 0.015614967 0.00020460278 0.0056487955 4.5740428e-05 0.5139042 3.8613927e-16 6.420689e-06 0.50858694 2.190662e-05 7.753809e-06 4.066671e-05 2.3451841e-07 0.0060667237 0.00038201438 0.56072754 0.0018458022 3.9645356e-06 8.084283e-06 0.1557065 1.7063733e-06 9.969645e-08 0.8814799 0.021568257 0.5732427 0.34478685 5.369024e-07 1.2736568e-07 0.00023860043 1.6014852e-05 5.131202e-07 0.39634776 0.0011629617 0.0008188678 3.3574602e-07 8.739422e-07 7.439994e-06 3.0157364e-05 0.00063797185 1.5948526e-08 0.00033860386 0.57612604 0.44039336 1.7090646e-05 1.9149653e-05 1.1127944e-06 0.0013580653 0.2607539 8.821387e-06 0.0019936594 0.15169188 2.6258029e-05 0.0822709 6.862373e-07 5.7815803e-05 4.9999013e-05 4.498806e-05 5.419423e-05 1.0665597e-05 1.9217692e-05 2.1836381e-06 3.820899e-09 3.4117933e-05 0.00017673221 2.620197e-05 2.720142e-05 9.493685e-05 9.995503e-06 1.9403806e-05 2.3078854e-05 2.4859795e-05 6.5300185e-07 5.3997883e-05 0.0003349949 5.631483e-05 0.00082503457 1.0311388e-05 0.009412106 2.753386e-06 9.855611e-06
0.8369146 3.549555e-05 4.9957645e-05 0.0010853034 0.019197693 5.327362e-06 0.077937625 0.02032157 1.0902021e-05 1.2665998e-07 0.36369413 1.5014288e-05 0.56593573 2.5469992e-05 7.2467905e-05 6.0360762e-06 1.3194731e-05 0.44228974 1.2373665e-07 0.00031544015 1.6301429e-07 0.0016212928 0.00037174366 0.3093424 1.7305583e-05 0.46076408 0.0006038417 6.420689e-06 2.6189856e-16 0.00037746527 0.27990225 0.8162267 0.1261937 0.94288796 0.09072826 0.087609634 0.00092056114 0.044896603 0.12681283 0.07519629 0.0033013958 0.33460006 0.63095933 3.9496503e-05 0.008903417 1.4935586e-05 0.0003374554 0.036652856 0.03675191 0.011365814 0.024486633 0.07318613 1.483665e-05 0.002345361 1.7468947e-05 0.14740114 0.23628967 0.036947373 8.454288e-08 1.9864094e-06 0.30716813 8.5254236e-08 1.8731884e-05 8.156322e-05 0.002801205 0.011101365 0.107135065 0.0010721151 9.351403e-05 0.021004327 9.374838e-06 0.00015383224 1.40751235e-05 8.579403e-06 0.003166062 1.2005096e-07 0.0052096946 9.403029e-05 6.5636397e-07 0.026515264 0.0032406547 1.3749512e-06 0.0005194137 3.568439e-07 3.1302017e-07 5.51837e-07 9.107946e-06 0.0007674372 1.4873213e-07 1.709001e-07 7.348243e-07 2.732514e-08 4.2511882e-08 1.1988582e-08 2.4846536e-06 2.4993678e-05 3.842005e-05 0.0031188785 0.00028349666 2.0458065e-05 7.5838265e-08
0.18175687 0.020790046 0.012884567 0.1030453 0.06676172 0.014225964 0.026304895 0.3027896 0.09358144 0.00040070072 0.0024200482 0.042705845 0.0057217763 0.0396039 0.075793795 0.021086058 0.0028796413 0.0018270889 5.9760572e-05 0.28691202 9.633299e-05 0.10464658 0.0023751922 0.0079802675 0.000325784 0.0012235907 0.9638113 0.50858694 0.00037746527 7.0608766e-18 0.0012772026 0.00016878612 0.0070938277 8.386142e-05 0.053798243 0.017717944 0.8517896 0.06288614 0.0005863531 0.0009603872 0.6626511 0.00011912576 3.447056e-05 0.47944912 0.2637183 0.0061766757 0.29329368 2.5412317e-05 1.1159683e-05 0.0073501584 0.0021313026 7.954414e-05 0.002205775 0.017567743 7.363762e-05 1.5172972e-05 3.195378e-05 5.0267423e-05 2.8741401e-06 0.0001109595 4.0085894e-07 9.107959e-05 0.10841738 0.12893564 0.00093765964 7.7863435e-05 4.824166e-06 0.0041861353 0.015427322 0.00010230788 1.1793597e-05 0.014849695 6.605597e-06 0.0013943831 2.8540683e-07 3.56935e-06 3.4915127e-05 8.435299e-06 4.247582e-06 1.3491672e-05 4.8627044e-05 3.422756e-07 1.6774656e-08 1.3311338e-05 2.3003462e-05 6.4847995e-06 1.6801283e-06 7.230561e-05 9.610404e-07 2.310203e-06 1.307129e-05 6.1207743e-07 2.8963217e-07 1.4910913e-06 2.5718089e-06 2.360881e-05 0.00043385517 3.838796e-07 0.00051003514 1.0147445e-06 1.0135133e-06
0.87583697 0.00014772078 8.3014216e-05 0.006094637 0.057785634 6.202526e-06 0.09736484 0.21024619 3.5949903e-05 1.3310101e-06 0.19396369 1.9050218e-05 0.30570891 3.0269652e-05 6.738699e-05 5.2621635e-06 8.84921e-06 0.1802144 2.6542023e-07 0.0056468323 1.2501671e-07 0.030012032 0.00053205 0.62208855 1.1726294e-05 0.8207803 0.0014730844 2.190662e-05 0.27990225 0.0012772026 8.48646e-18 0.048691355 0.89991146 0.3124518 0.2739301 0.32165056 0.0033495722 0.1303707 0.4865717 0.3955599 0.017077476 0.9344636 0.37053397 0.00020797213 0.04222611 1.42509e-05 0.0016814684 0.010839649 0.007473582 0.04202315 0.13597769 0.28910643 4.9713617e-06 0.020640468 7.2995363e-06 0.19060735 0.057666227 0.0049629607 3.07346e-07 7.604058e-07 0.016272962 1.769792e-07 0.00041931428 0.005268524 0.04357972 0.0018595703 0.026366156 0.010007055 8.084055e-05 0.082526036 2.8466754e-06 0.000261449 1.471867e-06 5.599066e-06 0.0012653003 8.802965e-08 0.0008904801 3.7762948e-05 5.4289615e-07 0.06422681 0.018172108 6.200327e-08 3.1626263e-05 1.0367286e-07 2.9572936e-07 3.6419726e-07 7.0492763e-07 0.001403528 8.5247244e-08 7.088413e-08 1.8616088e-07 1.2258027e-08 5.273851e-09 1.592737e-08 2.251733e-07 0.00010135027 4.6712154e-05 0.009004253 0.00019895908 1.2343846e-05 3.4604795e-08
