2.1964799e-18 0.8456652 0.81163305 0.8439063 0.27699512 0.43794644 0.72331744 0.43460023 0.7750763 0.17961906 0.35226172 0.91984 0.18775354 0.33932033 0.80384785 0.89489126 0.7893978 0.61388874 0.9408961 0.18035907 0.9323279 0.07949498 0.85110426 0.80631167 0.41907287 0.9157492 0.89394766 0.98455477 0.6535719 0.76498705 0.052505694 0.9609523 0.44273126 0.95469797 0.9943111 0.8951088 0.99868983 0.26415473 0.7342362 0.99890393 0.31425622 0.973436 0.08753608 0.9998608 0.0013816234 0.0007164395 1.7763667e-05 4.5625544e-05 0.012086927 0.99523854 0.46553883 0.9401477 0.17370883 0.021579219 0.9813722 0.48191974 0.016975487 0.9999795 0.9739739 0.95364064 0.0049136197 0.91725576 0.023845538 0.8900783 0.8421462 0.1433637 0.9970864 0.91618645 0.973711 0.88926154 0.97898686 0.8971986 0.8909521 0.96994525 0.9999631 0.75776756 0.93513817 0.73537016 0.83801717 0.93260044 0.39191204 0.9656231 0.8246011 0.25020877 0.77367866 0.91750854 0.0056216344 0.82746875 0.93362314 0.9075197 0.018931372 0.00048109939 0.9150831 0.69327706 0.81719667 0.9424298 0.710408 0.19026981 0.016700117 0.6224976 0.37777776
0.8456652 5.2492033e-13 0.9481008 0.8022771 0.97826624 0.8482523 0.22335514 0.5282934 0.22340785 0.008604776 0.013480984 0.0014685224 0.0018904167 0.092715874 0.7214802 0.59729445 0.10331553 0.14076446 0.7952738 0.07728941 0.31066346 0.021595 0.027189014 0.010123364 0.09982425 0.23008765 0.6233598 0.4612649 0.00029846054 0.00012381499 0.0088706 0.026862342 0.0038326238 0.18012145 0.01915983 0.2047074 0.03632226 1.3243191e-05 3.299169e-05 0.07179594 5.445945e-05 1.7091706e-05 0.0058227987 0.00080109166 5.0714127e-05 9.63952e-05 2.7167667e-07 3.0262922e-07 2.0490936e-06 2.4173585e-07 1.8336881e-05 3.4857567e-07 2.2570036e-06 2.4966319e-06 3.9731617e-08 6.778069e-08 1.0795811e-06 6.4182376e-07 4.2561858e-08 9.44092e-09 7.918258e-07 1.6736882e-08 5.7557315e-08 3.7737152e-08 3.0978033e-08 1.05447164e-07 4.0014378e-08 7.994564e-08 4.029953e-08 2.3301801e-07 1.4661138e-07 3.836549e-09 4.2093267e-09 7.6234725e-09 0.00028690245 6.3292525e-08 1.560904e-07 2.6842653e-07 1.7075745e-08 7.1763886e-08 3.9754656e-08 2.3628223e-07 8.1114045e-08 4.873303e-07 1.3859234e-07 1.7888572e-08 1.0234426e-08 3.4817713e-08 2.414511e-07 6.1285374e-07 1.6235198e-07 1.0083595e-09 3.0412256e-08 3.889321e-07 9.3891884e-08 4.3606686e-08 1.0743565e-06 1.4832694e-08 1.9570345e-08 1.4417812e-07 7.399533e-08
0.81163305 0.9481008 5.9072965e-14 0.69857556 0.47332203 0.98322487 0.70675325 0.2137413 0.82366645 0.0004017957 0.0005588568 0.0001206031 5.7209578e-05 0.036497902 0.40921423 0.7777146 0.25990468 0.30939966 0.499202 0.14406656 0.30186236 0.045980126 0.06858367 0.024078026 0.14965053 0.09060025 0.48447856 0.3704422 0.0045801764 0.0012503302 0.02324 0.055987667 0.017595544 0.046101294 0.017718688 0.033841975 0.005498775 0.00013620374 0.00019266698 0.01723686 0.000112807305 8.3739054e-05 0.002126439 0.0011413286 0.00014930907 0.0001876148 4.416982e-07 4.2635418e-07 1.240488e-05 3.3847177e-06 3.6637706e-05 5.5513838e-06 1.0518293e-05 5.68308e-06 9.273171e-07 1.0355571e-06 2.0410835e-06 7.86551e-06 6.732313e-07 1.031903e-07 3.43281e-06 4.834452e-07 1.3488396e-06 2.934708e-07 3.073844e-07 1.3906745e-06 1.1999008e-07 4.5653704e-07 3.4642122e-07 2.8938464e-06 4.0276612e-07 7.0249385e-08 5.5977573e-08 3.1068018e-07 0.0006495539 5.8009493e-07 5.87943e-07 2.9688017e-06 2.7905777e-08 3.598664e-07 1.7374988e-07 1.2140986e-06 2.2521002e-07 1.0768163e-06 1.078443e-06 1.12770344e-07 4.3645297e-08 6.458707e-07 1.7292335e-07 4.7185345e-06 1.2783912e-06 2.658255e-09 2.9998336e-07 2.2927693e-06 1.0179479e-06 5.8136493e-07 3.7697223e-06 5.274581e-07 2.1746769e-06 9.400052e-07 8.858536e-07
0.8439063 0.8022771 0.69857556 5.4108367e-12 0.15859656 0.15783887 0.9508246 0.11497005 0.4989742 0.00088687177 0.0041007716 0.00070232205 0.00037874302 0.0140724275 0.9728119 0.4407958 0.303097 0.19816007 0.6623562 0.07658177 0.68354803 0.034199607 0.136943 0.034464985 0.18536393 0.32548162 0.3459564 0.4475702 0.007424313 0.006559605 0.010889533 0.06392295 0.032344762 0.043010313 0.050165623 0.09017926 0.014707819 0.0007401655 0.0011586249 0.047976155 0.0009956155 0.00047777942 0.0069767185 0.0049555944 0.00013283764 0.00034071147 1.0292146e-06 6.285598e-07 5.9388945e-05 7.223387e-05 0.00024297694 3.927444e-05 0.00010403114 1.5014832e-05 2.6283622e-06 5.561362e-06 3.7620475e-06 4.545618e-06 8.155443e-07 1.3241144e-07 6.424511e-06 3.6522403e-07 5.8428236e-07 2.4531184e-07 3.148422e-07 1.6174656e-06 2.417119e-07 2.9242676e-07 7.885041e-07 1.1443017e-05 3.3974175e-06 9.3348866e-08 6.952372e-08 4.310538e-07 0.00031693972 1.9842644e-06 1.8802265e-06 3.8902435e-06 2.845168e-07 1.6500186e-06 3.1261936e-06 1.621083e-07 2.738633e-07 2.317989e-06 1.166165e-06 4.3997116e-07 3.9082668e-08 5.93826e-07 1.2185023e-07 2.9958997e-05 2.220438e-06 9.645106e-08 2.0996967e-07 2.0783799e-07 5.245241e-07 6.4419595e-08 6.1690923e-07 1.8477374e-08 2.5254243e-07 4.4613492e-07 1.4922933e-06
0.27699512 0.97826624 0.47332203 0.15859656 6.0318824e-13 0.89356494 0.03957246 0.98387134 0.06504802 0.045454323 0.107777625 0.0010094345 0.013549605 0.3471833 0.09037428 0.4565781 0.049976744 0.07207866 0.14624019 0.04524613 0.031772237 0.011332953 0.0042759846 0.002734291 0.041628577 0.024893582 0.45341465 0.06262446 0.000116877265 8.922184e-05 0.0071508805 0.005959928 0.001294828 0.020278748 0.0052302717 0.024545992 0.0076433844 1.0624805e-05 4.8026064e-05 0.018202897 9.5260575e-06 2.2506209e-05 0.0034152018 0.0004685837 0.00023941211 0.00060389034 1.9047028e-06 3.9589304e-07 8.916909e-07 1.0207534e-06 2.6872506e-06 2.1947178e-06 5.678231e-06 4.1657898e-07 5.117372e-07 2.5488407e-07 1.3535656e-07 2.3162751e-07 8.8421945e-07 6.356291e-08 1.8155356e-07 7.8361076e-08 2.6056977e-08 1.4825588e-07 7.3437e-08 1.4098029e-07 1.1466109e-07 2.7031027e-07 2.7963497e-07 1.8623558e-06 1.1408382e-06 3.1471266e-08 1.9512237e-08 1.3199804e-07 0.00016753972 2.2007215e-07 1.4076063e-07 7.0513477e-07 3.156872e-08 2.8914562e-07 4.756703e-08 6.930447e-08 3.082467e-08 2.2070603e-07 1.0778071e-07 4.6940904e-08 3.5650376e-09 8.436891e-08 1.6770873e-07 4.7824506e-07 4.4182337e-07 4.728232e-10 6.929958e-08 1.9597903e-07 2.2900694e-07 7.3870105e-08 3.232076e-07 5.11014e-09 8.462544e-09 4.636537e-08 4.158395e-07
0.43794644 0.8482523 0.98322487 0.15783887 0.89356494 3.6090445e-12 0.120175935 0.529871 0.44879162 0.0038575428 0.0068321493 0.0007764161 0.00072465424 0.22134382 0.09453308 0.90328044 0.25746804 0.35812664 0.12119139 0.20750642 0.039945763 0.057826042 0.008464721 0.0027556075 0.076054916 0.01839228 0.54817474 0.08629412 0.00092539046 0.0005934991 0.0154904 0.012655279 0.006789394 0.015542361 0.00693332 0.008993341 0.0037650699 4.3006712e-05 0.0001783245 0.008944766 2.7438096e-05 3.887482e-05 0.003892294 0.00079195615 0.0003998203 0.0011617334 8.8065553e-07 7.1678835e-07 1.1422866e-05 2.0739951e-06 2.5094469e-05 5.702684e-06 9.12356e-06 1.5910837e-06 1.6308513e-06 6.5628456e-07 6.929994e-07 1.5747546e-06 1.0762157e-06 6.796024e-08 9.541965e-07 5.217843e-08 4.509132e-07 2.1068256e-07 7.858619e-08 7.43428e-07 2.1147184e-07 4.6367424e-07 3.151423e-07 2.8515992e-06 1.3332459e-06 5.3010435e-08 3.3840465e-08 7.002741e-07 0.00022147069 1.4099447e-06 5.2654394e-07 2.8390466e-06 5.790296e-08 1.1699882e-06 1.4655814e-07 3.1840116e-08 3.745476e-08 4.6363047e-07 3.740773e-07 1.2790515e-07 1.08768674e-07 3.8268323e-07 2.3259616e-07 1.5364809e-06 7.258846e-07 1.5583114e-09 1.0149501e-07 2.6450877e-07 6.1686865e-07 2.3527556e-07 9.768768e-07 7.1466935e-08 3.2401616e-07 2.4113055e-07 2.4608805e-06
0.72331744 0.22335514 0.70675325 0.9508246 0.03957246 0.120175935 2.4328896e-12 0.019087048 0.9808739 0.00013717098 0.00043312222 6.844922e-05 8.656184e-05 0.008050082 0.56254727 0.1077467 0.23528022 0.1004431 0.29532325 0.02252006 0.8787685 0.012887196 0.86745936 0.63359815 0.08931471 0.31464186 0.033740327 0.29581133 0.09968238 0.05200438 0.00687823 0.3304846 0.05067938 0.008468169 0.16902208 0.024242282 0.0040592453 0.0017164453 0.0063902102 0.019310355 0.0015199765 0.0015310718 0.0007780042 0.016987413 5.042284e-05 0.00021161643 7.3219553e-07 4.9774223e-07 5.410758e-05 5.620055e-05 9.9500656e-05 3.5005778e-05 3.4636643e-05 2.8043483e-05 5.748326e-06 2.35598e-05 9.071192e-06 4.9347043e-05 5.5739824e-06 1.2500391e-06 1.2981819e-05 3.2977139e-06 2.5977035e-06 2.2255622e-06 3.0487379e-06 5.971901e-06 1.9749136e-06 2.9664614e-06 1.1506689e-06 3.926637e-06 1.3944848e-06 2.4075416e-07 1.6575788e-07 1.0708836e-06 0.0010651295 1.8060229e-06 8.221025e-06 1.6004042e-05 5.2494295e-07 1.1140207e-06 7.219856e-08 3.1798995e-06 3.7819873e-06 4.6301434e-06 1.4134012e-05 9.795832e-07 4.4425043e-08 2.0841944e-06 5.8846524e-07 2.7100293e-06 2.2266918e-06 4.651717e-09 2.836623e-07 2.4267285e-06 2.091462e-06 3.334732e-06 5.3210147e-06 3.2731243e-08 3.5076656e-07 2.7627038e-07 4.4413655e-06
0.43460023 0.5282934 0.2137413 0.11497005 0.98387134 0.529871 0.019087048 6.0727387e-12 0.015784008 0.17258812 0.61488086 0.006062606 0.070236854 0.9849555 0.1242257 0.23598178 0.010494557 0.020140221 0.18606952 0.023982823 0.025612108 0.00700942 0.0032410398 0.0015185036 0.011906018 0.033976037 0.5840884 0.06452189 0.000121095116 0.00011007345 0.0037986373 0.00290782 0.000862428 0.122045964 0.0044722594 0.079862386 0.024567757 9.867856e-06 5.696632e-05 0.020732706 1.4110687e-05 6.7782053e-06 0.0089602405 0.0003634061 0.00032031044 0.0015063934 5.194513e-06 3.02718e-06 2.2430559e-06 3.2833884e-06 9.104772e-05 1.4327451e-06 2.1918093e-05 1.949706e-06 2.7982063e-07 2.0366006e-07 2.5314682e-06 9.2657194e-07 6.159621e-07 6.315277e-08 5.31858e-06 8.526595e-08 3.7847565e-07 2.2087998e-07 1.5367806e-07 2.254089e-06 1.4036331e-07 1.0985976e-07 3.7163093e-07 3.1145937e-06 5.883808e-06 1.2756212e-07 1.7999268e-07 2.5378e-07 0.00019041944 5.4646006e-07 1.4312981e-07 1.575973e-06 1.7007575e-07 4.1878656e-07 9.3504656e-07 1.3939191e-07 2.2028107e-07 3.7434458e-07 2.314524e-07 1.3435509e-07 1.3618626e-07 2.4167616e-07 5.685511e-07 5.460868e-06 6.4925835e-06 5.0340987e-10 8.006226e-07 9.32457e-07 2.4260999e-07 1.4659132e-08 4.1652393e-06 9.765428e-08 2.3708816e-08 7.8613067e-07 1.9840928e-07
0.7750763 0.22340785 0.82366645 0.4989742 0.06504802 0.44879162 0.9808739 0.015784008 6.363439e-11 0.00013704298 0.00019508817 5.5652374e-05 6.686455e-05 0.004988164 0.22280248 0.61897194 0.96116865 0.7859505 0.28361762 0.10784582 0.57845193 0.26277742 0.32956177 0.14748625 0.5206533 0.10125014 0.06156277 0.30338457 0.12779708 0.039878353 0.057035044 0.25128722 0.33431718 0.008837681 0.058829896 0.010994803 0.0025614586 0.0016457576 0.0017823476 0.009661697 0.0018858205 0.00074513134 0.0011307097 0.007229727 0.00013227784 0.00076639204 4.0036825e-06 6.7586046e-07 5.599934e-05 0.00012436183 6.57666e-05 0.00020103384 3.8253333e-05 3.8286067e-05 5.386888e-05 2.8052951e-05 1.37790685e-05 5.4928783e-05 1.7427747e-05 5.397278e-06 1.1532512e-05 5.56378e-06 8.0045317e-07 3.7106413e-06 5.500875e-06 5.3501612e-06 7.1239047e-06 4.438833e-06 3.2631883e-06 5.722089e-06 5.516236e-06 5.023929e-07 2.9223187e-07 2.4605404e-06 0.0010971184 2.3830003e-06 1.21442e-05 2.0894933e-05 5.1600074e-07 1.8634571e-06 6.439834e-08 2.360871e-06 2.5266972e-06 5.976761e-06 1.5137344e-05 1.5223011e-06 1.2647693e-08 3.487684e-06 4.5305555e-07 1.5593544e-06 1.7746131e-06 1.4412244e-09 6.936236e-07 1.4797048e-06 2.3699304e-06 2.7996489e-06 1.0200689e-05 1.0783824e-08 3.0238255e-07 4.60842e-08 2.5077721e-05
0.17961906 0.008604776 0.0004017957 0.00088687177 0.045454323 0.0038575428 0.00013717098 0.17258812 0.00013704298 8.65641e-12 0.89511454 0.42568612 0.9985255 0.16608028 0.0030336755 0.005033329 0.00027406702 0.0004568999 0.005416853 0.0012912138 0.0006493451 0.00019962982 0.000105190804 3.9015547e-05 0.00012467675 0.0010837074 0.19160809 0.0028754645 2.1526079e-05 1.640799e-05 2.5365176e-05 7.126164e-05 6.771634e-06 0.07077061 0.00027065788 0.0038708865 0.007049559 3.8430035e-06 7.91051e-06 0.0020590185 1.4299673e-06 2.492136e-06 0.0071706334 4.3355627e-05 8.56613e-05 1.6640093e-05 1.2450998e-07 2.816582e-08 4.1842924e-07 1.0343022e-05 0.00027120722 2.4769006e-06 2.5267168e-06 5.6173064e-07 1.0865397e-06 4.7556534e-07 5.534117e-07 1.5408993e-06 2.955691e-06 5.825742e-07 4.0905064e-07 1.04838115e-07 4.830161e-07 5.7028615e-07 3.2658735e-07 1.9977892e-06 5.6249615e-07 1.847727e-06 7.1213327e-07 8.0413465e-06 8.884268e-06 2.1726402e-07 3.330935e-07 2.8699947e-07 2.5156072e-05 4.9965166e-07 1.8100033e-07 8.499199e-07 2.7395578e-07 6.657637e-07 4.218548e-08 5.943719e-08 1.2553483e-06 2.0572615e-07 2.5825724e-07 1.741839e-07 6.3141925e-08 5.10066e-07 1.3772828e-07 9.564624e-07 8.29564e-08 3.3327775e-11 2.1997752e-07 1.8264696e-07 1.6532942e-07 1.22523e-08 2.6160537e-06 6.0362213e-09 2.3850089e-09 9.798498e-10 4.90138e-09
0.35226172 0.013480984 0.0005588568 0.0041007716 0.107777625 0.0068321493 0.00043312222 0.61488086 0.00019508817 0.89511454 4.8897914e-13 0.055294108 0.38927063 0.9978645 0.0044848504 0.0012830142 0.00031014363 0.00021834986 0.019963397 0.00033242887 0.0036249736 0.00016691854 0.00035563044 0.00020436566 6.83025e-05 0.0046603563 0.07658367 0.012119852 4.47886e-06 6.9993266e-06 2.2401111e-05 0.0003601931 4.592048e-06 0.18473338 0.0010579161 0.020045493 0.039823074 8.227704e-07 2.3882194e-06 0.011792046 1.223026e-06 8.852551e-08 0.0023704153 3.071295e-05 3.373765e-05 7.709755e-05 7.1872655e-08 1.01649755e-08 4.1090843e-08 2.3602045e-06 1.4334065e-06 1.5382417e-06 3.0234958e-06 3.3199242e-07 3.766145e-07 1.6984826e-08 2.6020535e-07 2.6470747e-08 7.857791e-07 5.3558633e-08 5.182802e-07 3.016908e-08 7.0246166e-08 9.238494e-08 1.4765803e-07 1.3584583e-06 7.744549e-08 3.4262293e-08 5.4167234e-08 5.432888e-07 1.1022387e-06 3.454269e-07 1.5112923e-07 3.4074648e-07 9.752668e-06 2.1207003e-07 2.068981e-08 8.077081e-07 4.9328477e-08 8.273261e-07 5.3973417e-09 5.6590338e-08 8.270551e-08 6.68839e-08 1.0765601e-07 4.5437716e-08 6.646703e-08 1.7027408e-07 3.480749e-08 1.171942e-07 1.8081384e-07 1.9641806e-12 4.3044267e-08 1.2893378e-07 5.7352395e-08 1.8812498e-09 1.5593952e-07 2.2618094e-09 3.3625998e-09 2.226824e-09 1.5469158e-09
0.91984 0.0014685224 0.0001206031 0.00070232205 0.0010094345 0.0007764161 6.844922e-05 0.006062606 5.5652374e-05 0.42568612 0.055294108 3.6061012e-11 0.9932216 0.006295551 0.007344545 0.000291256 0.00015342349 0.00015844607 0.098952614 0.0002242977 0.003933532 7.053911e-05 3.7971826e-05 2.179424e-05 0.0001110282 0.012039828 0.10108965 0.09052476 1.657371e-06 5.155384e-07 3.2201446e-05 0.00034704438 4.040486e-06 0.97278595 0.00074641756 0.13445096 0.7276196 4.6460265e-08 3.1167284e-07 0.040607285 1.2392076e-07 4.4532894e-07 0.0034432744 1.623808e-05 1.8869638e-05 1.6766885e-06 2.3967571e-08 3.1253506e-09 1.3894211e-07 3.263344e-06 7.5386506e-06 4.6113374e-07 1.3316397e-06 1.42239e-06 8.466843e-08 2.483702e-07 1.3958246e-06 3.7031904e-07 1.9977635e-07 8.25306e-08 9.72698e-07 6.912318e-07 2.8069942e-07 2.8278933e-07 1.7997087e-07 2.1532126e-06 1.8589185e-08 7.497842e-07 6.35583e-08 8.3700326e-07 5.359897e-07 6.298471e-08 6.025481e-08 1.6440147e-07 3.6885406e-06 1.3965149e-07 1.008526e-07 1.4593643e-06 5.849941e-08 5.9551206e-07 2.4233678e-08 3.680915e-08 2.1322487e-06 4.305033e-07 2.1581177e-06 1.6986617e-07 1.0120075e-08 2.3385142e-06 6.2183396e-08 1.1180375e-06 2.8435581e-06 4.9649524e-11 1.8385515e-08 7.1110713e-07 1.2508077e-07 2.9939655e-09 2.1440314e-07 3.621821e-09 1.9793218e-08 4.3448263e-09 8.7436686e-10
0.18775354 0.0018904167 5.7209578e-05 0.00037874302 0.013549605 0.00072465424 8.656184e-05 0.070236854 6.686455e-05 0.9985255 0.38927063 0.9932216 1.2470318e-11 0.06264631 0.0013381733 0.0004665666 3.5962763e-05 0.0001247882 0.0036003035 0.00025219622 0.00037581677 4.913155e-05 0.00016321724 3.7072015e-05 2.9679115e-05 0.00097122206 0.049725596 0.0032630782 6.727933e-06 3.094803e-06 7.5470525e-06 6.6997505e-05 5.0695967e-06 0.11133725 0.00021133787 0.007351647 0.029335724 8.47537e-07 2.7699814e-06 0.0031136984 1.6660616e-06 1.910499e-06 0.0027683731 2.3274019e-05 3.0869433e-05 5.4402058e-06 4.4099846e-08 6.743481e-09 1.3241196e-07 3.0207489e-06 0.00017892329 1.3907741e-06 7.837185e-06 1.6454114e-06 8.282008e-07 1.4810191e-06 1.1861392e-06 1.2734576e-07 7.310297e-07 6.724453e-07 1.3272277e-06 9.826783e-07 7.992258e-07 2.7879537e-07 1.9066792e-07 5.9820813e-06 7.860478e-08 1.4914981e-06 6.830803e-07 8.385514e-06 5.963228e-06 1.6651514e-06 9.355765e-07 5.998623e-07 4.006929e-06 1.423044e-06 3.7420342e-08 8.1839113e-07 2.8897082e-07 1.9012257e-06 2.903624e-08 2.6582514e-08 3.4891907e-06 8.414059e-07 1.6718552e-06 6.8035945e-07 5.4936347e-08 3.6870824e-07 2.6779354e-08 9.5229376e-07 9.4317693e-07 9.354581e-12 6.790595e-08 2.3026988e-07 2.5778505e-07 4.357723e-09 1.4615489e-07 4.8253916e-09 1.2837875e-08 1.0398665e-09 1.873969e-09
0.33932033 0.092715874 0.036497902 0.0140724275 0.3471833 0.22134382 0.008050082 0.9849555 0.004988164 0.16608028 0.9978645 0.006295551 0.06264631 3.1768529e-12 0.00781948 0.079293355 0.0038142207 0.0047869114 0.014946037 0.010793291 0.004419083 0.0033687954 0.0005775649 0.00027828367 0.00053689326 0.0029279303 0.54261905 0.008876892 0.00013707762 0.000112984526 0.00056902604 0.000535675 8.615228e-05 0.07462541 0.0008418162 0.0038879034 0.0043360456 8.368098e-06 2.2928294e-05 0.0036695823 4.419298e-06 3.868832e-06 0.009024137 8.3222694e-05 0.0002070124 0.00075283373 4.668822e-06 3.2463353e-07 5.1697606e-07 2.2983308e-05 4.572614e-06 4.417747e-06 5.1142088e-06 8.4963625e-07 2.70749e-06 1.0714516e-06 5.4114435e-07 8.277191e-07 4.98119e-06 4.275639e-07 1.0780687e-06 1.1487299e-07 5.2746867e-07 3.7272906e-07 2.2036365e-07 3.703984e-06 1.6853045e-07 4.420775e-07 4.969188e-07 5.3177178e-06 9.048175e-06 8.751875e-07 1.8226665e-06 2.8553163e-06 1.9230745e-05 1.2488999e-06 9.040334e-08 1.4924585e-06 2.2108587e-07 2.2345307e-06 9.1652886e-08 3.9875253e-08 3.0367522e-07 2.143265e-07 1.665724e-07 1.0012385e-06 2.1084554e-07 8.908452e-07 6.1402613e-07 8.6252084e-07 4.82767e-07 5.204195e-12 2.5158903e-07 5.6244602e-08 5.1626536e-08 5.250366e-09 5.534877e-07 1.1805411e-09 2.770096e-09 5.0925575e-09 1.449302e-08
0.80384785 0.7214802 0.40921423 0.9728119 0.09037428 0.09453308 0.56254727 0.1242257 0.22280248 0.0030336755 0.0044848504 0.007344545 0.0013381733 0.00781948 6.319731e-13 0.17299707 0.12712222 0.080812946 0.9802947 0.021228477 0.81335914 0.007421729 0.09925709 0.018520972 0.080721594 0.6056194 0.1112785 0.5567778 0.010450832 0.013275336 0.002223883 0.041055184 0.018108014 0.04439399 0.054299608 0.1428973 0.012546207 0.0009208957 0.0018958403 0.066199295 0.000704197 0.0007886884 0.0020646334 0.0031350101 1.7983739e-05 7.1946146e-05 2.293973e-07 2.97585e-07 2.9878688e-06 8.510065e-06 4.3482753e-05 4.847825e-06 2.1995234e-05 9.136573e-07 6.781369e-07 1.7502846e-07 1.1679303e-06 5.1934135e-06 2.55579e-07 1.1006845e-07 4.162734e-06 8.659432e-08 2.3575578e-07 1.050579e-07 8.276216e-08 2.2152655e-07 1.258476e-07 4.5177583e-07 2.1125435e-07 2.3825366e-06 9.917078e-07 4.572784e-08 2.4652751e-08 1.6254286e-07 0.00017226851 2.0078406e-07 5.024331e-07 2.93273e-07 1.1275168e-08 7.9325616e-08 1.2202071e-07 4.398392e-08 1.2113027e-07 1.6306981e-07 8.967689e-08 5.4451366e-08 1.4731961e-07 3.0992982e-08 1.3754541e-07 3.4171723e-07 4.6727038e-07 5.106352e-08 7.004304e-09 1.5702535e-07 1.7039007e-07 4.632636e-09 1.9453275e-07 1.4988771e-08 3.6072556e-08 2.58542e-08 1.5906369e-07
0.89489126 0.59729445 0.7777146 0.4407958 0.4565781 0.90328044 0.1077467 0.23598178 0.61897194 0.005033329 0.0012830142 0.000291256 0.0004665666 0.079293355 0.17299707 6.092828e-14 0.6919987 0.92966515 0.4291395 0.92021155 0.22634014 0.30084312 0.016909935 0.0029749833 0.052511193 0.0867414 0.93009 0.36830348 4.383934e-05 1.3885893e-05 0.008645691 0.026041083 0.0022551997 0.09554947 0.0083562685 0.054643188 0.007927386 1.5899909e-07 5.938877e-07 0.013855338 1.3612934e-06 4.887683e-06 0.0022143142 0.00011110596 0.00023419736 0.00010442656 4.819698e-07 2.8748076e-07 2.7483127e-06 3.049933e-08 4.647082e-06 7.270628e-08 1.6994386e-06 9.982433e-08 3.5998053e-08 8.033339e-09 3.5730739e-07 1.4010786e-07 1.6835429e-08 2.5016522e-09 7.585602e-07 7.445256e-09 6.9215393e-09 2.2263835e-08 9.167697e-09 7.2445204e-08 9.635263e-09 1.8479984e-08 2.3544422e-08 6.423591e-08 5.912272e-07 3.5486693e-08 5.658081e-09 1.7183794e-08 4.2534215e-05 3.6875697e-08 2.0622165e-08 3.6635583e-08 7.786298e-09 6.7860626e-08 3.0531925e-08 7.217457e-09 1.8927058e-09 8.101659e-09 1.4079143e-08 5.7705606e-08 9.68583e-08 4.2500776e-08 1.1143219e-07 2.8209598e-07 1.5691883e-06 3.5392564e-10 3.9489322e-08 2.3196428e-08 3.1465923e-08 9.405329e-10 2.5747156e-07 5.3362037e-08 4.0124352e-08 2.486189e-08 3.722877e-08
0.7893978 0.10331553 0.25990468 0.303097 0.049976744 0.25746804 0.23528022 0.010494557 0.96116865 0.00027406702 0.00031014363 0.00015342349 3.5962763e-05 0.0038142207 0.12712222 0.6919987 2.5136221e-14 0.98813033 0.25598603 0.37868023 0.36244348 0.7346347 0.20715299 0.07981289 0.75393265 0.040202383 0.45174327 0.24434964 0.03694895 0.0064574764 0.23969749 0.17606689 0.29237357 0.015813759 0.027146205 0.009290177 0.0011497411 0.00023260717 0.0002607351 0.0073587433 0.0006526318 0.00038449868 0.0037299513 0.0026357886 0.00024075291 0.0002757399 1.8779559e-06 4.1649932e-06 8.356459e-05 1.110883e-05 0.00025860145 1.0750264e-05 1.034616e-05 1.7150674e-06 1.041442e-06 1.0791747e-06 1.8156621e-05 1.033002e-05 4.102445e-07 2.2681299e-07 4.0797815e-05 1.7026637e-06 5.2353465e-07 2.1410646e-07 2.878739e-07 3.8006112e-06 5.6741435e-08 1.1236166e-07 7.4803616e-08 2.324987e-06 2.3922382e-06 9.315926e-08 1.2045511e-07 7.010375e-08 0.00093813275 1.2364483e-06 9.51862e-08 5.688336e-07 7.825847e-08 6.4144433e-07 4.7228133e-07 4.37892e-07 8.4700744e-08 1.2865538e-06 4.1841247e-07 2.822634e-07 2.2084141e-07 1.0725797e-07 5.069159e-07 8.9506275e-06 5.167387e-06 9.055326e-09 3.842422e-07 1.8863565e-06 6.3301553e-07 2.676632e-07 2.8056577e-06 9.658734e-07 3.0216393e-06 3.9810852e-06 2.5636018e-07
0.61388874 0.14076446 0.30939966 0.19816007 0.07207866 0.35812664 0.1004431 0.020140221 0.7859505 0.0004568999 0.00021834986 0.00015844607 0.0001247882 0.0047869114 0.080812946 0.92966515 0.98813033 1.0373906e-12 0.105272695 0.77829456 0.14487159 0.8910428 0.07391646 0.026075402 0.4477536 0.01717327 0.34130457 0.11828155 0.0020981126 0.0006371714 0.07705986 0.048261024 0.08853395 0.0049353875 0.009998564 0.0049419627 0.001700055 2.9924275e-05 0.000113243856 0.0066972855 0.00013988605 0.000101544916 0.0036304467 0.0014998589 0.00020445844 0.00036715897 1.1432267e-06 3.903023e-06 3.261373e-05 1.1041387e-06 3.947888e-05 1.7041615e-06 1.0154178e-05 2.3542202e-06 1.1417432e-07 5.240676e-07 4.696111e-06 1.3549017e-06 8.772945e-08 4.414226e-08 1.635882e-05 2.716927e-07 4.997551e-07 3.7426695e-08 3.191295e-08 1.7686592e-06 1.9108906e-08 5.4074945e-08 1.1550084e-08 3.2378312e-06 9.571093e-07 1.9878003e-08 6.9194677e-09 3.8569627e-08 0.00071154954 6.9521894e-07 2.1527132e-08 2.6225894e-07 2.4336929e-08 4.1561196e-07 2.139993e-07 2.514372e-07 1.6791368e-08 5.07014e-07 9.590329e-08 1.0094536e-07 5.720401e-07 5.144772e-08 8.900567e-08 1.7485155e-06 1.3221625e-05 1.2109002e-08 1.4983834e-07 7.5015834e-07 8.453902e-08 3.9736616e-08 1.7768114e-06 1.0830248e-07 1.1234245e-06 1.2878503e-06 1.7432264e-07
0.9408961 0.7952738 0.499202 0.6623562 0.14624019 0.12119139 0.29532325 0.18606952 0.28361762 0.005416853 0.019963397 0.098952614 0.0036003035 0.014946037 0.9802947 0.4291395 0.25598603 0.105272695 4.9085643e-13 0.018842401 0.4874366 0.01015967 0.021918735 0.0026673798 0.08845656 0.744939 0.31304345 0.83110464 0.0075035198 0.012528481 0.0033831561 0.01563782 0.0104130665 0.3774296 0.03819961 0.64053863 0.07974712 0.00029000518 0.00068571663 0.2546665 0.00038756643 0.0002558982 0.0035314218 0.00071411615 1.9419671e-05 2.1907832e-05 5.294897e-07 4.802634e-07 1.9002977e-06 7.3464257e-06 5.007374e-05 2.7814433e-06 4.765521e-06 2.8422135e-06 3.2680015e-07 7.866253e-08 5.7095434e-07 8.3757106e-07 2.2686674e-08 1.9488436e-08 1.161674e-06 2.0421094e-08 1.8040355e-07 7.237076e-08 5.5255075e-08 3.6014688e-07 6.7618245e-08 2.0524428e-07 1.0221343e-07 6.496575e-07 2.1697991e-07 2.6288054e-08 2.7655892e-08 4.345906e-08 4.4737473e-05 7.136163e-08 1.3401878e-07 9.284723e-08 3.3150735e-09 3.472109e-08 1.2636161e-07 2.2274794e-08 7.056756e-07 1.8207042e-07 3.0919768e-08 3.721457e-08 1.4182108e-07 4.965178e-08 1.2327105e-07 7.4761647e-07 1.0664823e-07 3.828026e-09 4.0458397e-09 1.6764606e-07 4.591268e-08 4.5284362e-10 1.4434707e-07 2.3013058e-08 6.404031e-08 2.2023139e-08 1.4388347e-09
0.18035907 0.07728941 0.14406656 0.07658177 0.04524613 0.20750642 0.02252006 0.023982823 0.10784582 0.0012912138 0.00033242887 0.0002242977 0.00025219622 0.010793291 0.021228477 0.92021155 0.37868023 0.77829456 0.018842401 4.4383662e-14 0.02581952 0.9976649 0.007585593 0.0024232988 0.13055544 0.0054525556 0.6887961 0.02024832 0.00069561624 0.00051064254 0.034807634 0.0048895325 0.013456124 0.002310558 0.0013974045 0.0040912814 0.0011729355 1.7842036e-05 6.576259e-05 0.004124612 3.6903934e-05 3.2367552e-05 0.0055008363 0.00028753464 0.0014971637 0.00057730795 6.2151e-07 1.6589936e-06 3.3214186e-05 2.059188e-06 5.4830884e-06 4.595474e-06 4.080365e-05 3.6359709e-06 2.6540528e-07 3.9034265e-07 2.1596268e-06 1.3566781e-06 3.8694174e-07 2.7690831e-08 6.7396845e-06 3.6085376e-07 1.5823186e-07 8.8593214e-07 6.121288e-07 2.421758e-06 1.4552776e-07 2.3841788e-07 1.2811219e-07 1.1408589e-06 2.8042718e-06 7.4285043e-07 1.530725e-07 2.1051102e-07 0.00022021652 6.8629686e-07 4.079487e-08 1.0757312e-06 1.1713665e-07 8.86233e-07 4.261377e-08 9.324264e-08 4.8025495e-08 3.3318375e-07 1.7194816e-07 2.6315738e-07 7.984289e-07 8.235751e-07 7.609208e-07 2.0255065e-06 4.999937e-06 3.2124345e-10 2.6716285e-07 4.956064e-07 1.958266e-07 6.192325e-08 3.067005e-06 2.1799103e-07 1.8908744e-07 3.8266867e-07 5.594788e-07
0.9323279 0.31066346 0.30186236 0.68354803 0.031772237 0.039945763 0.8787685 0.025612108 0.57845193 0.0006493451 0.0036249736 0.003933532 0.00037581677 0.004419083 0.81335914 0.22634014 0.36244348 0.14487159 0.4874366 0.02581952 2.871968e-13 0.01097143 0.771663 0.51945907 0.1959499 0.9739773 0.19198117 0.6215242 0.14587554 0.16324817 0.009209524 0.45568144 0.18008924 0.02770847 0.5901505 0.11741073 0.009121768 0.009132427 0.017533524 0.059349623 0.0072181807 0.012047156 0.0052454066 0.038506195 2.297279e-05 8.593557e-05 1.3200665e-06 3.184467e-06 0.00012964442 0.00037702493 0.0005195135 0.00010852702 0.00027926255 2.1261398e-05 1.6547392e-05 6.1156784e-06 3.18022e-05 0.00015593054 3.009885e-06 1.8882157e-06 7.4022406e-05 2.5249606e-06 1.5471744e-05 5.545262e-06 9.572265e-06 1.589477e-05 1.0827296e-05 4.8052116e-06 1.0547176e-06 7.5194503e-06 3.8924477e-06 4.4791605e-07 5.3103054e-07 1.2293992e-06 0.0015810373 1.5839981e-06 1.9613424e-05 1.3279215e-06 2.3924775e-08 1.9637734e-07 1.4534822e-06 1.6874323e-05 1.43605075e-05 1.4914298e-06 4.118847e-07 2.433775e-07 2.1382987e-06 3.8665178e-07 7.209814e-07 9.903064e-07 3.0480462e-06 4.3559038e-07 1.525921e-07 2.0857235e-06 8.1345473e-07 1.647645e-07 4.3363363e-07 6.603928e-08 7.963909e-07 2.900028e-07 4.112285e-07
0.07949498 0.021595 0.045980126 0.034199607 0.011332953 0.057826042 0.012887196 0.00700942 0.26277742 0.00019962982 0.00016691854 7.053911e-05 4.913155e-05 0.0033687954 0.007421729 0.30084312 0.7346347 0.8910428 0.01015967 0.9976649 0.01097143 7.5094295e-14 0.007888186 0.0024193998 0.9265502 0.0021605643 0.74248606 0.008233769 0.0056063198 0.0018329268 0.8318615 0.0038071035 0.21417966 0.00056863035 0.0007730182 0.0006405901 0.00017408568 0.00017186286 0.0002077588 0.001117503 0.00031913593 4.4825963e-05 0.013918323 0.00018570316 0.006776299 0.011774297 1.489937e-06 5.0728754e-06 0.00014712832 1.3868808e-05 6.1300198e-06 5.73873e-06 5.5797034e-05 1.3423553e-06 1.7097044e-06 1.7474669e-06 2.9713906e-06 2.1110945e-06 2.3648977e-06 1.2965387e-07 1.3158176e-05 3.580715e-07 1.3854207e-06 2.4407527e-07 2.2243961e-07 9.049323e-06 2.1102419e-07 1.7083148e-07 1.6699359e-07 7.72193e-06 4.4604285e-06 6.59151e-07 3.0527283e-07 9.4353487e-07 0.00026061755 5.065117e-06 6.572462e-08 5.636375e-06 4.6505374e-07 2.348437e-06 1.2228155e-07 1.839025e-08 2.7471147e-08 4.06843e-06 1.3009326e-06 2.228815e-07 9.2540097e-07 7.271664e-07 6.158377e-07 1.2505924e-06 1.0836116e-05 2.7092317e-09 2.897181e-07 9.167977e-07 3.245419e-07 7.203968e-08 2.3700748e-06 8.500926e-07 7.985195e-07 5.759949e-06 1.3297578e-06
0.85110426 0.027189014 0.06858367 0.136943 0.0042759846 0.008464721 0.86745936 0.0032410398 0.32956177 0.000105190804 0.00035563044 3.7971826e-05 0.00016321724 0.0005775649 0.09925709 0.016909935 0.20715299 0.07391646 0.021918735 0.007585593 0.771663 0.007888186 8.0099284e-13 0.992036 0.26848602 0.26403046 0.005104909 0.11573276 0.48479265 0.5605064 0.0177371 0.8431991 0.5570033 0.031800985 0.6645815 0.05199058 0.019347988 0.04214423 0.09281195 0.048813086 0.026691254 0.07439469 0.0011094508 0.36996955 4.8277852e-05 0.00043375295 5.3356774e-07 1.0985364e-06 0.00032029857 0.00071861903 0.0012815259 0.00024396581 0.0003373587 2.861143e-05 3.6897036e-05 1.05752315e-05 8.93848e-06 0.00041661895 1.57202e-05 2.655173e-06 2.1677588e-06 2.1484004e-06 1.2622643e-06 6.1388587e-06 5.8620153e-06 1.785677e-06 1.5194982e-05 6.5574427e-06 1.0429947e-06 9.630015e-06 8.398495e-06 1.8028385e-07 8.6827015e-08 8.369275e-07 0.0020600683 3.6368846e-07 2.3022776e-05 6.7159895e-08 3.08513e-09 5.8153095e-08 9.914469e-07 2.5032512e-05 3.3773015e-06 6.791268e-08 6.478383e-08 4.9272714e-08 3.124271e-06 2.9789194e-07 2.9546464e-07 1.2980178e-06 4.1470565e-07 2.3270477e-08 4.320679e-09 1.6365489e-08 4.3716945e-08 1.0980236e-07 2.6567622e-07 1.4450161e-07 1.5801321e-07 7.3748765e-08 1.9532942e-08
0.80631167 0.010123364 0.024078026 0.034464985 0.002734291 0.0027556075 0.63359815 0.0015185036 0.14748625 3.9015547e-05 0.00020436566 2.179424e-05 3.7072015e-05 0.00027828367 0.018520972 0.0029749833 0.07981289 0.026075402 0.0026673798 0.0024232988 0.51945907 0.0024193998 0.992036 1.502927e-13 0.117182985 0.08930702 0.0022806672 0.01700728 0.7145168 0.77846223 0.0042010783 0.9110867 0.42477491 0.0049048294 0.7544368 0.019936671 0.00388097 0.12779503 0.28605193 0.02269028 0.06070593 0.24879189 0.0005042436 0.7363068 2.0933408e-05 0.0001827068 6.204831e-07 1.2703675e-06 0.00034627787 0.0015155985 0.0018870296 0.00035275926 0.0008097346 3.9215607e-05 0.00012920711 1.3546413e-05 2.181185e-05 0.0013175098 0.000112336435 1.3201287e-05 9.535912e-06 4.1419502e-05 1.31861025e-05 2.4428115e-05 5.8100963e-05 9.644826e-05 6.0452097e-05 5.1244682e-05 6.033129e-06 6.0849234e-05 2.5176547e-05 2.4029114e-06 1.2158227e-06 2.3683554e-06 0.0024318083 1.5188128e-05 9.931152e-05 3.3753151e-06 6.5998387e-07 1.7212004e-06 4.0291347e-06 8.901794e-05 2.1467878e-05 1.1081779e-06 1.791044e-06 7.608656e-07 9.803724e-06 5.840768e-07 6.3168886e-07 3.6432532e-06 1.409001e-06 2.1268544e-08 4.502549e-07 5.767785e-07 3.3326335e-06 1.9939046e-06 7.008979e-06 9.913352e-07 4.832606e-06 1.2203254e-06 5.8567826e-07
0.41907287 0.09982425 0.14965053 0.18536393 0.041628577 0.076054916 0.08931471 0.011906018 0.5206533 0.00012467675 6.83025e-05 0.0001110282 2.9679115e-05 0.00053689326 0.080721594 0.052511193 0.75393265 0.4477536 0.08845656 0.13055544 0.1959499 0.9265502 0.26848602 0.117182985 3.9691522e-13 0.030454744 0.014541279 0.08304178 0.07581725 0.023598213 0.9946484 0.20372619 0.92044413 0.007313686 0.025255034 0.007838595 0.0017473705 0.0029592195 0.0014362138 0.0054259575 0.010865741 0.0033946552 0.00040645426 0.007423573 0.0010553017 0.0032913345 2.5548243e-06 1.5055174e-06 0.00032200082 2.25532e-05 0.0001084064 9.348305e-06 1.2567743e-05 3.5562146e-06 7.1260547e-07 5.8740886e-07 3.6975464e-06 8.509817e-05 2.8258319e-06 1.7284281e-06 2.9593944e-06 2.3932398e-06 4.2301505e-08 1.3446372e-06 5.1459847e-06 1.9715864e-08 4.4604047e-07 1.5576711e-07 1.2350804e-07 5.445518e-07 5.3085564e-06 1.1572737e-07 3.5037225e-08 7.4812746e-08 0.0018789872 2.295468e-07 4.210624e-07 1.3275417e-06 3.1772126e-07 1.8051121e-06 3.304615e-08 9.451439e-06 5.804627e-08 1.0017126e-07 1.0583963e-06 2.2720042e-06 3.874984e-08 4.5360846e-07 3.1988063e-06 3.6903843e-06 5.442341e-07 1.6326268e-08 6.5990264e-07 4.8568694e-07 8.4760825e-07 2.0281635e-07 1.4260423e-06 2.8587003e-08 7.8289965e-08 4.103502e-07 2.1218493e-07
0.9157492 0.23008765 0.09060025 0.32548162 0.024893582 0.01839228 0.31464186 0.033976037 0.10125014 0.0010837074 0.0046603563 0.012039828 0.00097122206 0.0029279303 0.6056194 0.0867414 0.040202383 0.01717327 0.744939 0.0054525556 0.9739773 0.0021605643 0.26403046 0.08930702 0.030454744 3.0157785e-13 0.03299943 0.9636395 0.027714688 0.031993616 0.00072960224 0.11365077 0.014628607 0.20017914 0.5969371 0.81790173 0.058895167 0.003863527 0.0072183837 0.3306977 0.0025101781 0.012088022 0.0011643999 0.025232254 5.966538e-06 5.9123573e-05 1.0735391e-06 5.895539e-07 1.1481462e-05 0.00037458588 0.00057281536 0.000295714 0.00027039266 2.3736116e-05 2.4760939e-05 6.0184007e-06 9.999269e-06 0.00014837916 1.4324001e-05 7.908987e-06 1.6245267e-05 3.3602516e-06 9.32101e-06 5.992325e-06 7.021543e-06 5.6471413e-06 2.169671e-05 1.4538185e-05 3.0352248e-06 9.831551e-06 2.5318402e-06 3.881525e-07 2.7941797e-07 8.0791375e-07 0.0007483206 7.241547e-07 2.4268082e-05 6.8776643e-07 1.981592e-08 1.8799943e-07 8.125166e-07 5.7124494e-06 2.2688397e-05 7.955976e-07 2.4923796e-07 1.1514928e-07 4.5308533e-07 2.6526664e-07 8.574335e-07 5.510029e-07 5.2267455e-07 4.548966e-08 5.028672e-08 3.8517078e-07 2.2511553e-07 3.892154e-08 7.616715e-07 4.333812e-08 7.3106725e-07 1.02159824e-07 2.0214975e-07
0.89394766 0.6233598 0.48447856 0.3459564 0.45341465 0.54817474 0.033740327 0.5840884 0.06156277 0.19160809 0.07658367 0.10108965 0.049725596 0.54261905 0.1112785 0.93009 0.45174327 0.34130457 0.31304345 0.6887961 0.19198117 0.74248606 0.005104909 0.0022806672 0.014541279 0.03299943 6.948765e-12 0.18124567 5.4817843e-05 9.133985e-05 0.4025673 0.013370552 0.016267609 0.4415716 0.0005278323 0.012885433 0.021151977 3.0222978e-05 0.00017875152 0.0028626483 0.00016216654 9.672607e-05 0.99591964 0.00048594992 0.006989075 0.00054497534 7.24009e-07 3.6829974e-06 0.00019447296 2.8812823e-05 0.0018635889 2.6918647e-06 1.2213213e-05 1.2280054e-05 5.624082e-07 3.1077053e-07 8.290582e-07 2.7910198e-06 3.3925833e-08 1.7214522e-09 1.8936409e-07 3.7432177e-09 1.083529e-07 1.9956214e-07 1.8667433e-07 1.02447245e-07 2.1543276e-08 1.1407125e-07 2.2487596e-08 4.347195e-06 2.0707965e-05 6.339969e-08 1.6384706e-07 3.0106428e-06 1.8609293e-05 1.4554935e-08 3.4035318e-07 1.6137655e-07 3.423851e-08 1.606517e-06 4.2427783e-07 5.983927e-07 8.656344e-08 2.6643308e-09 8.586261e-08 6.2377803e-06 6.1351395e-09 1.974618e-06 4.886937e-06 2.8158784e-06 2.3163548e-07 2.0376185e-09 4.8023935e-08 4.0497364e-10 4.534817e-09 2.325619e-08 5.4902935e-06 8.7995655e-10 1.4168404e-10 5.523798e-09 8.735405e-09
0.98455477 0.4612649 0.3704422 0.4475702 0.06262446 0.08629412 0.29581133 0.06452189 0.30338457 0.0028754645 0.012119852 0.09052476 0.0032630782 0.008876892 0.5567778 0.36830348 0.24434964 0.11828155 0.83110464 0.02024832 0.6215242 0.008233769 0.11573276 0.01700728 0.08304178 0.9636395 0.18124567 5.4798386e-13 0.022621233 0.03147585 0.0053613805 0.018429356 0.021027345 0.41991752 0.1460394 0.88210595 0.20226613 0.0018115621 0.0038146065 0.47748455 0.0021956738 0.0039428403 0.0048295264 0.0029980205 3.34805e-05 3.273148e-05 1.4614438e-06 4.8050415e-06 1.4911191e-05 0.00020085025 0.00014754213 0.00011316029 5.2175077e-05 1.5896148e-05 8.677538e-06 4.5209886e-06 3.3436834e-06 9.167046e-06 1.1386165e-06 1.0085679e-06 4.848976e-06 6.8303666e-07 4.9146574e-06 4.7027656e-06 3.5554717e-06 5.4348234e-06 1.6171819e-06 5.224561e-06 5.985845e-07 2.6899888e-06 3.731497e-06 4.0333498e-07 4.2913052e-07 5.1136544e-07 0.00027179264 1.1220292e-06 9.889157e-06 3.4477034e-07 2.1674754e-08 1.228877e-07 2.0054324e-06 1.1127413e-06 3.6884758e-05 2.6885527e-06 1.8069507e-07 1.9448636e-07 7.272479e-06 8.7375804e-07 3.4520679e-06 8.6018457e-07 6.044864e-07 3.4922934e-08 5.7146995e-08 1.8152041e-06 2.6651213e-07 1.8343087e-09 9.79189e-07 1.8866199e-07 1.434918e-06 2.327766e-07 3.189851e-09
0.6535719 0.00029846054 0.0045801764 0.007424313 0.000116877265 0.00092539046 0.09968238 0.000121095116 0.12779708 2.1526079e-05 4.47886e-06 1.657371e-06 6.727933e-06 0.00013707762 0.010450832 4.383934e-05 0.03694895 0.0020981126 0.0075035198 0.00069561624 0.14587554 0.0056063198 0.48479265 0.7145168 0.07581725 0.027714688 5.4817843e-05 0.022621233 1.451877e-13 0.99865043 0.009869758 0.65423834 0.82470584 0.006937457 0.20849961 0.008608429 0.0030577956 0.15816566 0.13182347 0.0072963634 0.12432961 0.37014264 3.01356e-05 0.47431722 7.347992e-05 0.018434783 2.5038735e-06 1.6553571e-06 0.0020616632 0.00014495704 0.0010786494 0.00024538033 4.4996304e-05 7.612972e-06 2.204269e-05 8.826706e-06 1.4377637e-05 0.00024263444 5.3751828e-05 5.4421316e-06 6.8082586e-06 1.0788016e-05 2.6488843e-07 7.384102e-06 6.628283e-06 8.184926e-07 3.235232e-06 6.696669e-06 8.702968e-07 8.324615e-06 2.3272898e-06 1.3632544e-07 2.977021e-08 1.893223e-06 0.0022985798 1.2301932e-06 1.5538543e-06 4.3133053e-07 2.5460896e-08 2.6697793e-07 8.567824e-08 1.3236985e-06 8.729901e-07 1.563277e-07 1.2639235e-07 2.186205e-08 3.438954e-06 4.0045983e-08 2.1779142e-08 1.5182843e-07 5.95342e-06 1.4028232e-09 4.2214776e-08 9.505557e-08 1.752277e-07 2.38847e-06 3.6999559e-06 1.18524866e-07 3.099557e-07 2.1550419e-07 2.0050508e-07
0.76498705 0.00012381499 0.0012503302 0.006559605 8.922184e-05 0.0005934991 0.05200438 0.00011007345 0.039878353 1.640799e-05 6.9993266e-06 5.155384e-07 3.094803e-06 0.000112984526 0.013275336 1.3885893e-05 0.0064574764 0.0006371714 0.012528481 0.00051064254 0.16324817 0.0018329268 0.5605064 0.77846223 0.023598213 0.031993616 9.133985e-05 0.03147585 0.99865043 5.9823056e-13 0.0035713352 0.67802906 0.6978436 0.012870229 0.28358144 0.009907202 0.004438197 0.18929115 0.19447036 0.01046646 0.12242838 0.62750715 3.3477532e-05 0.53135043 3.9662358e-05 0.0042523285 3.9218467e-06 2.2017198e-06 0.0026013814 0.0003772112 0.0017714691 0.00029127355 5.7215904e-05 1.4964956e-05 5.5892153e-05 1.695003e-05 1.7378505e-05 0.0007042876 6.030325e-05 1.389608e-05 7.0924366e-06 2.5016549e-05 4.8356833e-07 8.5285965e-06 9.86493e-06 1.8853368e-06 1.217031e-05 1.0353523e-05 5.385249e-07 5.575849e-06 1.8157909e-06 6.919075e-08 5.5245383e-08 8.8066395e-07 0.0034869772 1.2312836e-06 1.1725417e-06 9.0216145e-07 4.1649812e-08 2.4287553e-07 1.1611152e-07 2.1028159e-06 4.6051173e-06 2.5781384e-07 6.604429e-07 3.5843758e-08 8.868422e-06 1.602501e-07 2.6577748e-08 1.1449222e-06 2.5261697e-06 2.7017133e-09 1.0971004e-07 7.1344124e-07 7.789418e-07 5.485287e-07 3.883245e-06 9.7612755e-08 1.0481766e-06 1.1324418e-06 8.65608e-08
