2.3146774e-25 0.00160974 0.0074009774 0.0010502932 0.003022696 0.09722155 0.08562396 0.88512325 0.33979446 0.20718946 0.16841386 0.9985755 0.79044294 0.022224635 0.9973133 0.81226915 0.38269225 0.75312257 0.96467143 0.0011721778 7.8890356e-05 0.21360804 0.62673396 0.9960971 0.055065744 0.17471586 0.7841771 0.64929676 0.2959521 0.030070705 0.83679533 0.98887515 0.61440796 0.048558637 0.1836057 0.50335336 0.3745878 0.9654499 0.37878487 0.9569502 0.6053231 0.84775376 0.039497353 0.06716988 0.002724353 0.6249407 0.9734989 0.8613048 0.054240488 0.03252535 0.9833605 6.680795e-05 0.00916602 0.9999136 0.90032893 0.03548417 0.8776495 4.409188e-05 0.8301797 0.774538 0.15121606 0.059436806 0.8740841 0.9998004 0.12811927 0.7773537 0.0678745 0.16491523 0.3351235 0.9896829 0.8813541 0.063998684 0.7031687 0.14048652 0.2009048 0.99992365 0.10422894 0.07009205 0.01511175 0.21272686 0.025997112 0.32170346 0.1241789 0.01027919 0.9221683 0.04736474 0.14411925 2.6185433e-05 0.07305931 0.13886294 0.049247652 0.0073622493 0.9978106 7.279817e-07 0.7370926 0.992565 0.004202535 0.017727368 0.009757126 0.9557778 0.19947357
0.00160974 3.8206826e-19 0.98662585 0.60485524 0.20393053 0.3157432 0.06954543 0.052998677 0.0006189524 6.459835e-05 0.0013602767 0.001255137 0.0002471931 0.00042829796 9.707623e-05 2.112062e-05 0.0001549059 7.728181e-05 2.0341092e-06 0.00023094409 0.0003236189 2.921125e-06 1.4831322e-06 3.5855762e-06 7.7609155e-05 6.054452e-07 0.053206753 2.2657368e-07 5.2254873e-06 4.6413634e-06 2.543239e-07 4.0723563e-07 1.2595218e-07 1.4223249e-06 4.5766324e-08 4.667468e-08 2.057133e-08 0.003432357 3.1826468e-07 1.0142423e-06 3.226783e-08 3.7595956e-07 1.1675723e-07 2.909319e-07 0.0015053098 5.1114705e-07 2.6609516e-07 2.3195932e-07 2.4250568e-07 4.3996847e-06 6.124106e-08 0.00032175618 0.0020398295 2.9636405e-05 1.7657241e-07 2.3611803e-05 1.2192812e-07 0.0005398679 6.4729726e-08 9.889934e-07 9.333854e-08 2.6887514e-07 1.9755022e-07 0.00097622036 1.4995077e-06 1.4053521e-08 1.3141221e-07 0.00474656 1.0759832e-07 1.9057547e-08 8.8099526e-08 1.5838848e-08 8.047939e-09 4.955469e-07 4.1106986e-08 0.00012280201 3.255045e-08 0.0004883965 1.3750214e-07 6.2423764e-09 4.4221706e-09 1.5895774e-08 0.0018262345 1.7421737e-08 0.00039948185 1.890936e-07 0.00014439547 1.6762559e-09 1.5173121e-08 2.0846704e-09 6.426913e-08 1.8161304e-08 4.9810574e-06 8.257318e-10 0.0012848625 0.00025226886 1.0230783e-07 7.7110127e-07 0.0006284717 1.3050294e-08 5.4374667e-08
0.0074009774 0.98662585 1.264565e-18 0.05654222 0.036513835 0.87171763 0.033477936 0.043067455 0.0015973409 0.00023709204 0.0012595947 0.0041213566 0.00032877846 0.00024455378 0.00018605716 5.0127783e-05 0.00012870497 4.5370023e-05 5.1043176e-06 0.000103012586 9.271969e-05 6.86914e-06 1.1254785e-05 4.323117e-06 4.7350757e-05 4.04202e-06 0.26496023 2.963899e-06 4.473127e-06 4.757057e-06 8.8102354e-07 1.5448986e-06 1.3592384e-06 6.516354e-06 6.5559146e-07 6.516793e-07 4.983221e-07 0.027035188 8.1465504e-07 3.005578e-05 6.9590124e-06 6.973405e-07 9.0088565e-07 2.192816e-06 0.0050341403 3.6826111e-06 3.989205e-07 8.5519264e-07 9.564371e-08 2.8350612e-06 4.3916355e-08 0.0017127498 0.018525565 0.00032605787 2.7455866e-07 1.7336655e-05 1.7442625e-07 0.0032268728 1.1002185e-07 2.1396797e-06 1.1512215e-07 3.267428e-07 1.0451154e-06 0.00323892 3.1551112e-06 8.707662e-08 1.6126339e-06 0.0499238 4.5187753e-07 6.588227e-08 2.6551618e-07 1.3994027e-07 1.689059e-08 1.2369453e-07 3.8849058e-07 4.6018446e-05 3.0870254e-07 0.0070297383 5.1490527e-08 3.3295866e-08 6.540099e-08 1.6834058e-07 0.015681816 1.5358853e-07 0.0016399145 2.0098024e-07 0.0008457576 2.2495907e-09 2.9278047e-08 3.0175629e-09 1.12626005e-07 8.4108784e-08 4.6976693e-06 6.920796e-10 0.0035082146 0.00036390324 5.6554303e-08 2.0178677e-06 0.0018641887 7.368872e-08 1.3625291e-07
0.0010502932 0.60485524 0.05654222 4.6342966e-17 0.95461404 0.30535194 0.24016318 0.05314437 0.0012311364 0.00013080712 0.00573817 0.0012051844 0.00044461456 0.001873929 9.9096855e-05 3.0583582e-05 0.0003676255 0.000107504944 1.3547861e-05 0.0011991889 0.08518232 1.3364623e-05 4.113556e-05 1.2372426e-05 0.0006317786 1.597766e-05 0.051274914 8.410486e-06 0.00014361009 4.634983e-05 6.554773e-06 1.1337303e-05 1.5638318e-05 1.1009974e-05 2.7568858e-06 2.4309672e-06 3.0380718e-06 0.003959947 3.92896e-06 5.029742e-06 4.407187e-07 0.00043756227 6.0678717e-06 1.19516135e-05 0.009324202 7.488578e-06 4.146339e-06 4.9816936e-06 3.7867476e-06 0.0003771745 0.000112650676 0.002937326 0.013455033 0.0010857376 2.0601163e-05 0.0057582688 3.8816772e-05 0.0051104673 1.4330013e-05 0.0001268266 2.3910166e-05 9.814984e-05 9.3767114e-05 0.0054198215 2.4108364e-05 0.000101496524 5.1459897e-06 0.004555548 1.0292117e-06 0.00010286799 2.878149e-05 7.471315e-06 4.2081112e-07 0.00015639563 5.017891e-07 0.11599264 5.1507677e-06 0.0019676785 0.0009342316 6.969302e-07 3.3204304e-07 8.246706e-07 0.008338246 5.8701603e-06 0.0015733857 2.6028342e-06 0.00041271007 1.2904387e-07 3.4564523e-06 1.6151496e-07 8.854832e-06 3.0280653e-05 0.00023983466 8.857382e-06 0.0008202262 0.0008135026 8.296958e-05 9.567342e-05 0.0018818761 1.413919e-07 4.4960147e-05
0.003022696 0.20393053 0.036513835 0.95461404 2.144592e-18 0.4318366 0.93640167 0.478042 0.026160674 0.0051162387 0.1015591 0.010170931 0.002512801 0.012487376 0.0011219683 0.00017076872 0.0007009621 0.0005263436 1.9520196e-05 0.00034801065 0.0030480623 1.6566955e-05 1.8558852e-05 9.207515e-06 0.0002693136 3.3900544e-06 0.015171453 2.4102374e-06 9.213726e-06 4.6087284e-06 1.5962099e-06 4.168367e-06 2.0984567e-06 1.0584181e-05 2.425212e-07 1.4392315e-07 1.14457336e-07 0.0010613429 9.372339e-07 2.2908744e-06 6.232901e-07 9.5351055e-07 1.9206772e-07 6.4272297e-07 0.0031618527 2.0043483e-06 4.358214e-07 5.7053796e-07 4.2837243e-07 1.3157134e-05 1.384885e-07 0.00049919955 0.005306773 4.1785544e-05 2.589093e-07 0.00011943574 3.3196645e-07 0.0015023821 1.8997314e-07 1.6719445e-06 3.8411727e-07 2.817372e-06 1.0493999e-06 0.00068995316 1.9219224e-06 3.128572e-07 4.3595816e-07 0.0017174826 6.35747e-07 1.6693913e-07 1.8681948e-07 5.4620088e-08 9.571051e-08 5.3118074e-06 2.6789482e-07 0.0012125697 5.981351e-08 0.00024903065 1.4221636e-06 5.55765e-08 1.3628364e-08 1.0036117e-07 0.0011178836 3.6251542e-08 0.0005457977 1.7917402e-07 0.00018488693 1.510705e-08 2.700154e-08 2.0078282e-08 1.1467006e-07 1.2177821e-07 1.1052043e-05 1.8113667e-08 0.0007093131 0.00034679292 7.163288e-08 1.8243117e-06 0.0002119333 1.4686196e-08 1.4215715e-07
0.09722155 0.3157432 0.87171763 0.30535194 0.4318366 8.6303305e-19 0.61492735 0.7963882 0.026214676 0.0032827593 0.06024884 0.09649213 0.0030116767 0.0025513729 0.0068756263 0.00025949752 0.0030047756 0.0007082724 3.7877755e-05 0.00027426914 0.00037068815 1.5800237e-05 8.525604e-06 2.6437967e-05 0.00029660796 5.727953e-06 0.8995757 4.292838e-06 5.70898e-06 2.7554217e-06 1.2670004e-06 9.707418e-07 3.8206767e-07 1.4050111e-07 2.0391795e-07 1.0580557e-07 7.2651936e-08 0.07428258 3.3759296e-08 8.0223304e-05 1.7424986e-07 2.7115186e-06 1.7365413e-07 1.0458427e-07 0.05515675 1.1092195e-06 4.180405e-08 1.3655099e-06 1.5048181e-08 1.0906394e-06 2.3185766e-08 0.0013529643 0.18374817 0.0017618479 1.8652592e-07 6.2590184e-06 2.4755934e-07 0.0008034454 1.4305796e-08 1.8867675e-07 1.0725572e-07 1.6474975e-07 9.418964e-08 0.028757278 2.9204662e-07 3.287571e-08 5.8827894e-09 0.2550535 6.220546e-08 1.9662338e-09 1.3530176e-08 5.2793695e-08 5.3815934e-09 9.665691e-07 1.7652265e-08 3.6635924e-05 2.8912232e-06 0.07643717 5.6922866e-09 1.1967898e-09 1.0340319e-09 2.6890167e-08 0.1902408 5.186308e-09 0.009499496 6.483299e-09 0.0023934706 3.1650443e-10 4.3203983e-09 7.5180434e-10 2.8102876e-08 1.8493877e-08 1.021778e-06 2.758632e-10 0.013060569 0.0020069554 1.0628239e-09 8.9813534e-07 0.0011951836 4.294928e-09 1.1900096e-08
0.08562396 0.06954543 0.033477936 0.24016318 0.93640167 0.61492735 5.239372e-20 0.9366341 0.4862573 0.30390432 0.61926484 0.21694855 0.110792056 0.14487588 0.09498697 0.012986409 0.04661412 0.01636301 0.00068240456 0.005218687 0.008883893 0.00024830003 0.00014196581 0.0008872072 0.0035778345 9.7814365e-05 0.033747748 2.1855622e-05 0.00015784339 4.631775e-05 5.541905e-06 0.00019019005 2.9342185e-05 2.8427272e-05 9.1065607e-07 1.9006862e-07 2.0845872e-07 0.008091946 1.5822861e-06 0.00037929465 5.9310783e-05 4.0359455e-06 3.827548e-07 3.2485124e-07 0.00060398655 1.1772247e-05 8.263157e-06 2.296588e-06 2.3710945e-06 9.52252e-05 5.7458383e-06 0.00084932207 0.0013159859 0.00015160236 1.1125078e-06 0.0007143992 7.2245496e-07 0.0010317689 9.386687e-07 5.939883e-06 3.862294e-07 4.0365745e-07 3.0991064e-06 0.0022601045 9.0282686e-07 2.5331792e-07 1.2254796e-07 0.007879059 1.2270115e-07 3.055529e-06 2.4394615e-07 4.410565e-08 1.9389217e-08 2.5794652e-06 3.7430908e-08 0.0002472478 1.7083988e-08 0.0012847534 2.1955343e-06 1.3285118e-08 1.6002918e-08 1.140066e-08 0.0005681173 4.45814e-08 0.001233201 1.1872822e-08 0.00058211974 1.8060781e-08 2.4111822e-08 5.891402e-09 4.7325678e-08 3.6408128e-09 1.4413619e-05 1.8690118e-08 0.0028137981 0.0005577432 2.8619082e-08 1.9466302e-07 0.00048171618 6.4923573e-09 6.195325e-08
0.88512325 0.052998677 0.043067455 0.05314437 0.478042 0.7963882 0.9366341 5.522429e-20 0.6065419 0.14143652 0.2961475 0.9044896 0.044634808 0.042713657 0.19620486 0.0042411224 0.022852294 0.0061505768 0.0002998431 0.0033109228 0.001855311 0.00023380571 6.0220667e-05 0.00056488253 0.0036775735 8.34095e-05 0.15550077 1.8523073e-06 9.1058486e-05 0.00024848455 1.5853863e-07 3.2676664e-06 1.3636062e-06 1.4756287e-05 1.0548397e-07 3.103972e-08 2.876229e-08 0.039599236 1.5941205e-07 0.0008849324 0.00024857462 8.165832e-07 7.4933e-08 7.210251e-08 0.0020114488 1.5046331e-06 1.4749308e-07 2.2134196e-07 5.4074303e-07 8.95446e-06 1.512957e-06 0.0009071613 0.0013966375 0.0014210864 1.9727571e-07 9.2672744e-05 6.3995984e-08 0.0011950412 1.3072848e-07 5.467692e-07 1.0682168e-07 2.2181129e-07 3.6184312e-07 0.012049637 1.5697128e-07 6.173209e-08 2.0363101e-08 0.015623778 1.0396131e-08 1.1331596e-07 1.7416355e-08 1.5060069e-08 8.7504926e-10 7.984114e-07 2.1264683e-09 0.00015160555 4.4296268e-08 0.0046574664 7.059162e-08 5.4518545e-10 5.5389454e-10 6.2190336e-10 0.008546469 6.2489165e-09 0.005193396 4.7320956e-09 0.0023506265 5.262386e-09 3.0539482e-09 3.2142428e-10 1.7295186e-09 2.6830582e-08 1.0311555e-05 4.9261133e-09 0.0074144816 0.0031038332 2.3863794e-08 3.9201524e-08 0.00043467144 1.1621537e-10 4.578568e-09
0.33979446 0.0006189524 0.0015973409 0.0012311364 0.026160674 0.026214676 0.4862573 0.6065419 4.2443975e-20 0.9784021 0.42640907 0.47027266 0.33535022 0.12824461 0.40876305 0.037389886 0.19231196 0.07911661 0.0034544722 0.003584891 0.001905447 0.0018110276 0.00048413014 0.0013056869 0.04281095 0.00058044004 0.006875459 0.00012348962 0.0017454743 0.0021584101 9.406084e-06 0.00010262175 0.0001070464 0.001636188 4.579036e-05 8.401555e-06 1.5427895e-05 0.0027319218 6.134952e-05 0.00044242296 0.000979318 7.368019e-05 5.479678e-05 9.064312e-05 0.00072788104 0.0001058471 2.4153884e-05 8.142772e-06 8.846299e-06 0.00015904376 3.3650416e-05 0.0006675894 0.00030224002 0.001963334 7.8045905e-06 0.0010749146 4.5883007e-06 0.0006004327 6.771666e-06 1.6954427e-05 2.3387172e-06 1.5392403e-05 2.4119101e-05 0.0018582656 2.053226e-05 1.7026947e-06 1.315238e-05 0.001748308 1.8063245e-06 2.4466528e-06 3.1391442e-06 3.035801e-06 3.6224865e-08 2.3185363e-05 8.922644e-07 0.0011053936 1.3197066e-06 0.00035885302 9.588949e-06 6.630319e-08 4.4914032e-07 4.915585e-08 0.00058406126 6.9309584e-07 0.0013003689 1.3651916e-07 0.00039587726 1.03888226e-07 2.1022493e-07 2.8094249e-08 7.033935e-08 8.8088484e-07 0.00027057325 3.2083662e-08 0.0014926842 0.0008468512 4.5822667e-06 4.770059e-06 0.0019737952 8.658371e-09 6.7241544e-08
0.20718946 6.459835e-05 0.00023709204 0.00013080712 0.0051162387 0.0032827593 0.30390432 0.14143652 0.9784021 3.1767732e-20 0.49933484 0.25296226 0.73935366 0.1749872 0.37979934 0.14400437 0.30982617 0.27021995 0.010486878 0.0054398566 0.0016536972 0.00447914 0.00075093075 0.0020374237 0.11414997 0.00072096114 0.001968678 0.0002230343 0.0058890968 0.00400483 3.0237481e-05 0.00015569413 0.00013326397 0.002223338 4.579512e-05 1.4747157e-05 1.7937047e-05 0.0020245838 0.00021307262 0.00049157965 0.0012419205 0.00013234801 7.3638184e-05 0.0002186931 0.00040039423 0.00032036792 2.7344342e-05 8.638368e-06 5.575533e-05 0.0011331467 2.2222206e-05 0.00013243008 4.0648058e-05 0.0012543886 6.3421476e-06 0.010915589 9.200714e-06 5.6945948e-05 3.6096958e-06 3.415775e-05 5.791207e-06 2.1899352e-05 1.3343252e-05 0.0011596032 2.1980535e-05 1.8123604e-06 1.1520804e-05 0.000619561 3.3131948e-06 2.1244018e-06 3.3427714e-06 4.3011983e-06 6.6893605e-08 0.00014715218 1.2694677e-06 0.002061903 7.105757e-07 9.992249e-05 1.3537064e-05 1.480335e-07 3.1666403e-07 8.533607e-08 9.7430144e-05 2.4390425e-07 0.00094323093 5.892551e-08 0.00011670775 1.7630099e-07 1.0321038e-07 6.143691e-08 8.3691916e-08 5.647941e-07 0.0003108475 9.777089e-09 0.00059213827 0.00038282492 1.5021154e-06 2.711552e-06 0.0002044832 2.2255046e-08 1.4926613e-07
0.16841386 0.0013602767 0.0012595947 0.00573817 0.1015591 0.06024884 0.61926484 0.2961475 0.42640907 0.49933484 1.211906e-18 0.13170016 0.30547428 0.9778531 0.17829292 0.07420057 0.6099709 0.22139496 0.0016147972 0.03178864 0.04829376 0.0009191374 0.00016375467 0.00043199174 0.085255906 0.00014507708 0.0014512289 2.2407887e-05 0.0005945973 0.00077509 1.06520565e-05 7.2749666e-05 5.0990802e-05 0.00016223337 2.1140036e-06 5.03185e-07 7.8990246e-07 0.00066910987 1.5892609e-06 6.8229315e-07 1.4740401e-06 1.627175e-05 1.5025553e-06 8.932132e-06 0.0011340332 1.5185131e-05 1.7514694e-06 1.4582708e-06 7.1123573e-06 0.00051238533 1.9394331e-07 0.0008198306 0.000121410456 0.00021133889 2.7691823e-07 0.004059468 7.4248857e-07 0.0009481832 3.5828907e-07 2.6545276e-06 5.333663e-07 6.118338e-06 1.914873e-06 0.001395468 2.2298473e-06 1.1460806e-07 1.5023016e-06 0.0012927299 2.879873e-07 3.8750525e-07 5.0740437e-07 2.4573427e-07 1.2712557e-08 4.7652165e-06 1.6282179e-07 0.0033468131 2.3018714e-07 0.00045263232 3.0641636e-06 9.277342e-08 9.540686e-08 4.9673286e-08 0.0006978348 1.68772e-07 0.0007311628 1.4834583e-07 0.00030331218 2.8872387e-08 4.1300318e-08 2.8379256e-08 6.069914e-08 1.4875562e-06 7.5537675e-05 2.2550553e-09 0.0018894408 0.00054311013 1.4294095e-06 1.1497064e-05 0.00018157148 3.1526104e-09 2.6713748e-08
0.9985755 0.001255137 0.0041213566 0.0012051844 0.010170931 0.09649213 0.21694855 0.9044896 0.47027266 0.25296226 0.13170016 8.983714e-19 0.22268282 0.04821572 0.6122265 0.06130953 0.11580938 0.08549812 0.016359836 0.0030861031 0.0012754077 0.0062494455 0.0013798202 0.0044107847 0.0112391785 0.0011009005 0.0582712 0.00035279943 0.0046763974 0.0032268388 5.4376465e-05 0.00019338602 0.00029187943 0.0012980099 0.00019793541 0.00010345917 7.098084e-05 0.012790151 0.00020339077 0.0012748243 0.000933345 3.6211e-05 8.9155925e-05 3.8839098e-05 0.0013964879 9.533278e-05 8.4450185e-05 1.0246406e-05 0.0001270066 0.00057676726 8.925179e-05 0.0012329817 0.0011498996 0.05912324 1.2705572e-05 0.0009743466 5.639698e-06 0.00047461005 2.3545572e-06 9.811253e-06 2.0249245e-05 1.4854517e-05 1.4474427e-06 0.0097780805 1.328045e-05 8.376014e-07 5.547335e-06 0.011531825 2.0166501e-06 7.854764e-07 1.2875671e-07 7.06094e-06 1.3472796e-07 9.685937e-05 1.6011268e-06 0.017684149 5.906392e-06 0.0100801075 1.23376785e-05 6.243904e-08 3.9232586e-07 4.226709e-07 0.0077323765 2.7316387e-06 0.0154591575 1.5565329e-06 0.0023681105 3.7908572e-07 5.78088e-07 3.592925e-08 4.221764e-06 7.1469935e-06 0.0008554946 1.0070848e-06 0.0042086635 0.006432623 7.989591e-07 3.9985443e-05 0.00032614308 3.690713e-09 2.8323575e-07
0.79044294 0.0002471931 0.00032877846 0.00044461456 0.002512801 0.0030116767 0.110792056 0.044634808 0.33535022 0.73935366 0.30547428 0.22268282 1.5815574e-19 0.14790496 0.86982244 0.8981002 0.5633759 0.71928805 0.35445273 0.006812877 0.001211322 0.12344854 0.028945196 0.05689557 0.29684523 0.023132434 0.0038552843 0.00420062 0.11965003 0.07378641 0.0014013641 0.0035008886 0.004027268 0.05027202 0.0026308175 0.0014513491 0.0016517853 0.0034034806 0.002888108 0.011688781 0.01511624 0.0015096689 0.0034540903 0.0039574686 0.00082328735 0.0024145548 0.0011204456 0.00026166026 0.0011182296 0.00843322 0.0018891093 0.00090693723 0.00017821774 0.0073901154 0.00027265897 0.040601466 0.00019949183 0.00042422104 5.6613426e-05 0.0002510772 0.00018949807 0.0014413242 0.00032234003 0.0017911836 0.0006570097 0.00010356806 0.0008401299 0.0013811168 4.0998486e-05 0.00011397345 9.670596e-05 0.00021244911 1.9176546e-06 0.001141683 3.7853628e-05 0.0036575405 2.7532116e-05 0.0005043842 0.0004992188 5.1045513e-06 1.5146412e-05 2.0675177e-06 0.00069881213 2.1608063e-05 0.0016958738 7.6186325e-07 0.0008094883 9.751176e-07 6.3599487e-06 8.5471646e-07 3.5348985e-06 1.5298889e-05 0.0015337485 3.2851753e-07 0.0027305882 0.0014183853 2.2584754e-05 1.5724128e-05 0.0012184887 3.3714815e-07 3.3446083e-06
0.022224635 0.00042829796 0.00024455378 0.001873929 0.012487376 0.0025513729 0.14487588 0.042713657 0.12824461 0.1749872 0.9778531 0.04821572 0.14790496 5.069041e-19 0.08487371 0.046086982 0.94230014 0.25249764 0.0045725317 0.45333955 0.3091449 0.0034343952 0.001351772 0.0010136081 0.44523916 0.0008884739 0.00035932474 0.0005501878 0.009633961 0.01530515 0.0005243739 0.00056160666 0.0005929238 0.0036887436 7.407488e-05 3.293111e-05 5.1999777e-05 0.00046165302 8.770197e-05 7.182309e-05 1.7962777e-05 0.00058867695 4.3557044e-05 9.046678e-05 0.00010474513 7.335522e-05 2.2417247e-05 1.4905434e-05 0.00015862552 0.0029051316 1.806179e-05 0.00020027644 2.5178228e-05 0.00047380594 2.092255e-05 0.010697767 4.2560223e-05 6.2910614e-05 1.0311359e-05 3.5310793e-05 6.132352e-06 0.00016081036 6.308809e-05 0.00045078943 2.7308613e-05 3.5334963e-06 1.0287402e-05 0.0003220288 5.1492693e-06 2.1268821e-05 2.2982675e-05 9.735194e-07 9.757631e-07 0.0001891864 1.7197796e-06 0.03451318 1.029357e-06 0.00015217163 9.24443e-05 6.312034e-07 1.1623922e-06 1.6308124e-06 0.00040601337 1.1780967e-06 0.00057044526 2.030727e-06 0.000116627525 1.6717364e-07 8.0451923e-07 3.3987507e-07 2.8155187e-06 5.335751e-06 0.0003257946 2.3351991e-07 0.0004373372 0.0003259985 3.0866697e-05 8.0511956e-05 0.0001159988 3.1484882e-07 1.7587454e-06
0.9973133 9.707623e-05 0.00018605716 9.9096855e-05 0.0011219683 0.0068756263 0.09498697 0.19620486 0.40876305 0.37979934 0.17829292 0.6122265 0.86982244 0.08487371 1.3704832e-21 0.7682441 0.4862709 0.6235697 0.66805005 0.0026353148 0.00045006155 0.2234751 0.05273508 0.3291807 0.13285545 0.025316224 0.023167698 0.007390659 0.11172511 0.041903872 0.0016769045 0.0044926587 0.0037765668 0.016630331 0.0031284932 0.0012636295 0.0012623149 0.0079880105 0.0008666675 0.042062473 0.027065204 0.00042818274 0.0008568835 0.0005975277 5.8187077e-05 0.0010292039 0.00045539538 5.0528935e-05 0.00022942196 0.00247115 0.0005269792 0.00010070504 8.8762776e-05 0.06726386 2.0674754e-05 0.007134981 2.1355609e-05 7.824172e-05 2.3953107e-06 3.936879e-05 3.098582e-05 2.9598814e-05 3.0599206e-06 0.0049044816 5.2640287e-05 1.3746024e-06 2.3806439e-05 0.000840043 5.326836e-07 2.8932423e-06 9.794621e-08 5.166032e-06 7.43866e-08 0.00010015202 2.7930977e-07 0.010272751 2.447787e-06 0.00074140815 4.8176575e-05 2.5491019e-08 1.047172e-07 6.366763e-08 0.0015351701 1.7730703e-06 0.0025163945 3.6577006e-08 0.000892985 1.0551852e-08 1.7716361e-07 7.738934e-09 1.6262472e-07 6.7248504e-07 0.0011675078 4.2405777e-09 0.0015976037 0.002070363 1.2704852e-06 4.5924508e-06 2.258234e-05 1.4097677e-09 5.9805416e-08
0.81226915 2.112062e-05 5.0127783e-05 3.0583582e-05 0.00017076872 0.00025949752 0.012986409 0.0042411224 0.037389886 0.14400437 0.07420057 0.06130953 0.8981002 0.046086982 0.7682441 3.2788689e-18 0.60068333 0.8730056 0.88607407 0.0018195251 0.00034163255 0.51816595 0.35708967 0.45502123 0.33347023 0.19713686 0.0019556922 0.069126934 0.39297763 0.1571458 0.027742248 0.07642591 0.0490717 0.21807586 0.020070259 0.015946712 0.013959566 0.0013876401 0.03174891 0.07373326 0.07374652 0.0052698003 0.01152706 0.016604824 7.272733e-05 0.009279369 0.011602521 0.0008431925 0.028450673 0.050705813 0.010069788 0.00013587838 1.2766643e-05 0.016426325 0.0007862758 0.1329722 0.0004932898 2.152953e-05 0.00015712189 0.00070283364 0.0013737574 0.0065450985 0.00023025004 0.0015775153 0.0008901705 9.531833e-05 0.0007397593 0.00037028344 9.659831e-05 9.3415176e-05 3.0618514e-05 0.00014255407 3.4602785e-06 0.0056113233 1.7354967e-05 0.009157985 5.171921e-05 0.00012261923 0.0041074627 2.788971e-06 1.0086396e-05 1.8911858e-06 8.6072294e-05 5.597272e-06 0.00083035004 4.78543e-07 0.00023938908 0.00010242698 2.1351038e-06 1.2767865e-06 3.4320863e-06 3.0004358e-06 0.0013278779 1.960509e-06 0.0014819716 0.0010572938 7.295945e-06 1.059812e-05 0.00011134047 3.4348614e-07 3.8320204e-06
0.38269225 0.0001549059 0.00012870497 0.0003676255 0.0007009621 0.0030047756 0.04661412 0.022852294 0.19231196 0.30982617 0.6099709 0.11580938 0.5633759 0.94230014 0.4862709 0.60068333 5.521571e-18 0.9081457 0.2836894 0.09572025 0.02872338 0.22315222 0.05379568 0.019061632 0.8594449 0.068127155 0.0006615751 0.0063290787 0.7374373 0.33335987 0.0013486603 0.0026138541 0.0056234845 0.27027512 0.0022010608 0.00041417533 0.0005032628 0.000764524 0.0007722586 0.0023779178 0.0023661014 0.001865158 0.00066694984 0.001020319 0.000107860265 0.0015069784 0.00031235383 0.0001248137 0.004302967 0.0699867 0.00015767067 0.00015578531 2.3197481e-05 0.0018651534 3.491969e-05 0.17800611 9.822557e-05 4.7677102e-05 1.24753515e-05 5.237269e-05 0.00011377515 0.0021292071 2.2516557e-05 0.0010973804 0.0001994574 4.5344955e-06 0.0001343335 0.00049050024 1.1211222e-06 1.1674486e-05 1.0787419e-05 7.2701846e-06 1.408432e-07 0.0022995095 9.035805e-07 0.019399473 2.5561314e-05 0.00016939131 0.00030481105 7.6218737e-07 2.135173e-06 5.0226885e-07 0.000121749246 1.5619739e-06 0.0011644444 3.3542613e-06 0.00030570742 1.441296e-05 5.7912536e-07 4.8269567e-07 1.2063773e-06 8.438912e-06 0.00034714586 3.3171168e-07 0.003140726 0.0018373213 2.0690672e-05 2.5576166e-05 9.309337e-06 4.3675442e-08 6.4638033e-07
0.75312257 7.728181e-05 4.5370023e-05 0.000107504944 0.0005263436 0.0007082724 0.01636301 0.0061505768 0.07911661 0.27021995 0.22139496 0.08549812 0.71928805 0.25249764 0.6235697 0.8730056 0.9081457 2.3584137e-17 0.5405609 0.01214027 0.0037224921 0.8991035 0.31728116 0.12815924 0.48379803 0.4218023 0.0013787008 0.030436119 0.68989164 0.17922121 0.008073586 0.017398022 0.021405797 0.22203599 0.0074919397 0.001534338 0.0012390417 0.0010079102 0.0025107996 0.022617431 0.01171078 0.0014167859 0.0027688271 0.0023407477 3.4464876e-05 0.0023050744 0.0009530625 0.00019420254 0.0065653846 0.033644717 0.004385871 0.00036131745 5.998568e-06 0.004428331 0.00020657695 0.02747132 0.00012953406 6.0336617e-05 0.000102494305 7.684863e-05 8.9178284e-05 0.0006492163 0.0001303568 0.0009739824 0.000115289666 4.5236604e-05 0.000111406975 0.0003103478 1.7422352e-06 8.9305606e-05 2.8455726e-05 1.1295484e-05 4.922183e-07 0.0008691688 9.315744e-07 0.006838192 3.3247193e-06 0.00015152835 0.00025056125 8.7924985e-07 2.6171215e-06 1.4679173e-07 8.397554e-05 4.0814875e-06 0.0009684579 4.307435e-07 0.00015794081 7.3793644e-06 1.1880957e-06 3.9278524e-07 3.186928e-06 3.878859e-06 0.00028755222 7.836575e-07 0.0020027657 0.001141 6.0817815e-06 1.8127259e-05 3.0502579e-05 1.9594373e-07 2.2263305e-06
0.96467143 2.0341092e-06 5.1043176e-06 1.3547861e-05 1.9520196e-05 3.7877755e-05 0.00068240456 0.0002998431 0.0034544722 0.010486878 0.0016147972 0.016359836 0.35445273 0.0045725317 0.66805005 0.88607407 0.2836894 0.5405609 2.3661714e-18 0.00015275962 2.2015736e-05 0.4949054 0.59590936 0.8733893 0.1597175 0.25402996 0.0018396751 0.25551614 0.4910332 0.1444714 0.11252202 0.43138164 0.09980057 0.20042297 0.060128264 0.072042525 0.054751102 0.0007132008 0.09097766 0.19909798 0.18570936 0.009009253 0.02077943 0.020438833 2.7870685e-05 0.016416445 0.022596603 0.0012005619 0.018460747 0.031713795 0.022380134 0.00011579985 7.0670835e-06 0.07269982 0.00050710014 0.05194313 0.00022941692 1.0680539e-05 0.00027590245 0.00035821943 0.0012882686 0.0038703922 5.473859e-05 0.0013229098 0.0008312259 2.7117527e-05 0.00047391688 0.0002917673 3.689654e-05 9.199866e-05 6.588968e-06 3.9749753e-05 1.0617548e-06 0.0047332817 9.898733e-06 0.011269913 3.2899352e-05 0.00013632928 0.003344546 6.772554e-07 4.098572e-06 5.6279447e-07 7.8949284e-05 1.6652142e-05 0.0006684265 3.8443721e-07 0.00042341105 6.6779605e-05 4.8851716e-06 1.2372951e-06 2.9988194e-06 5.487221e-06 0.0020322315 2.1549176e-06 0.0008439065 0.0009044898 1.0233819e-05 1.2176266e-05 2.3540955e-05 8.444377e-08 1.9229562e-06
0.0011721778 0.00023094409 0.000103012586 0.0011991889 0.00034801065 0.00027426914 0.005218687 0.0033109228 0.003584891 0.0054398566 0.03178864 0.0030861031 0.006812877 0.45333955 0.0026353148 0.0018195251 0.09572025 0.01214027 0.00015275962 6.4684502e-21 0.8207513 0.0007057911 0.00036841937 5.4027034e-05 0.39087364 0.000167077 0.00031880013 6.203056e-05 0.0010873292 0.005088148 1.9196592e-05 7.5272496e-06 3.633969e-05 0.0001959016 1.7848706e-05 8.568953e-06 8.971916e-06 0.00034366705 5.8182604e-06 2.712522e-06 4.033848e-06 5.942903e-06 1.3277322e-05 2.317393e-05 0.00020858292 1.5849902e-05 9.0652895e-07 3.3008794e-06 8.56303e-06 0.00037852165 4.4441467e-07 4.1729156e-05 7.055175e-05 0.00013890855 2.7458238e-06 0.0077548707 2.8942607e-06 5.552885e-05 1.0605263e-06 8.547817e-07 5.9871184e-07 1.1291422e-05 1.6673937e-06 0.0005894297 6.9494354e-06 3.378018e-07 1.6210823e-06 0.00022791352 1.2155684e-07 2.6127535e-07 6.596931e-07 1.6966169e-07 1.4933349e-07 3.2442601e-06 9.522184e-07 0.005533906 3.4445236e-08 5.2737563e-05 6.8627564e-06 5.565747e-07 1.5661362e-07 1.04775935e-07 0.00026846072 2.0119963e-07 0.0005571749 3.494579e-08 0.00013399866 5.2889845e-08 8.805668e-08 2.493687e-07 2.7940544e-07 2.950824e-08 3.222375e-05 1.0483906e-08 0.00026563788 0.00034587854 3.991056e-08 6.450293e-07 1.3001178e-06 1.32932785e-08 9.349374e-08
7.8890356e-05 0.0003236189 9.271969e-05 0.08518232 0.0030480623 0.00037068815 0.008883893 0.001855311 0.001905447 0.0016536972 0.04829376 0.0012754077 0.001211322 0.3091449 0.00045006155 0.00034163255 0.02872338 0.0037224921 2.2015736e-05 0.8207513 2.965065e-22 4.673769e-05 1.33559715e-05 1.1224824e-05 0.16606356 2.023385e-06 0.00010610867 2.224427e-06 0.00015623613 0.0015435395 2.34453e-06 7.0783244e-07 5.0838185e-07 3.7670037e-05 1.9032582e-07 1.8324923e-07 8.939614e-08 0.00024473062 1.2457436e-07 5.403247e-06 1.9278443e-06 7.9887303e-07 1.498552e-07 3.1738358e-07 0.0002949302 1.051265e-06 2.5971175e-07 3.8212383e-07 5.1172724e-06 0.0037249424 7.978432e-08 0.00013685909 2.1795697e-05 0.00020871047 5.0372086e-07 0.06253638 3.127993e-07 3.3636232e-05 4.906001e-07 2.8160463e-07 7.4567896e-07 2.4282921e-05 2.7898327e-06 0.00033218387 5.584292e-07 1.5802088e-07 1.0929608e-07 8.707351e-05 9.727634e-08 2.4740004e-07 2.7559463e-07 1.3589118e-08 4.1292363e-08 5.0821095e-06 1.7800889e-07 0.005693067 1.6263571e-07 1.1693854e-05 1.2212084e-05 7.87867e-08 8.780022e-09 1.211242e-08 5.47101e-05 1.2777e-08 0.00017701762 7.088167e-09 1.4607673e-05 6.250437e-07 3.1198537e-09 2.6568523e-08 2.7125425e-08 2.0147556e-07 9.706645e-06 9.183552e-07 5.9494956e-05 6.775572e-05 1.04479994e-07 5.2473126e-07 1.3137569e-06 2.9437506e-09 7.498372e-09
0.21360804 2.921125e-06 6.86914e-06 1.3364623e-05 1.6566955e-05 1.5800237e-05 0.00024830003 0.00023380571 0.0018110276 0.00447914 0.0009191374 0.0062494455 0.12344854 0.0034343952 0.2234751 0.51816595 0.22315222 0.8991035 0.4949054 0.0007057911 4.673769e-05 1.16036694e-20 0.8708073 0.29408088 0.16050868 0.9218807 0.00019259973 0.3234164 0.7134861 0.11799708 0.14167984 0.12865038 0.35554603 0.2215622 0.06253866 0.04308343 0.034093596 0.00013218228 0.06341256 0.03229439 0.039221913 0.012501197 0.013390785 0.033955205 8.241546e-06 0.018645357 0.010059005 0.0013771771 0.041107193 0.037834615 0.006329178 4.197714e-05 2.1392827e-07 0.004469976 0.0005682888 0.037092328 0.00043180818 3.2255184e-06 0.00024397351 0.00057956995 0.0019177598 0.009663438 0.00028421837 0.00048339774 0.00087792275 5.8481484e-05 0.00077408535 2.0686666e-05 2.7811026e-05 5.3213622e-05 6.554539e-05 0.000102560894 3.7430589e-06 0.008907604 8.325908e-06 0.007419305 0.000109168424 8.08429e-06 0.005087008 3.874123e-06 4.5153743e-06 1.9946692e-06 4.5163474e-06 1.1936594e-06 0.00060484017 1.5085081e-06 2.0611067e-05 0.00022144745 5.956995e-07 5.0856323e-07 4.428474e-06 8.389921e-06 0.00072213815 2.2564914e-06 0.00037664708 0.0008228556 3.1338754e-05 6.0671282e-05 7.442265e-06 3.2539756e-07 1.4252253e-06
0.62673396 1.4831322e-06 1.1254785e-05 4.113556e-05 1.8558852e-05 8.525604e-06 0.00014196581 6.0220667e-05 0.00048413014 0.00075093075 0.00016375467 0.0013798202 0.028945196 0.001351772 0.05273508 0.35708967 0.05379568 0.31728116 0.59590936 0.00036841937 1.33559715e-05 0.8708073 1.4452085e-19 0.4904381 0.10534396 0.8736493 0.00025571033 0.91209406 0.6282233 0.17557128 0.54854065 0.4595743 0.8504236 0.39436078 0.25606257 0.22114792 0.20463149 6.645255e-05 0.34014523 0.07502142 0.08139737 0.116039485 0.092703365 0.1380797 1.6705175e-05 0.06579227 0.04908125 0.0057595 0.11743299 0.08541094 0.018092323 0.00034434913 5.311182e-07 0.007110469 0.0024145972 0.08650985 0.0015195468 2.3369968e-05 0.0012329981 0.002071884 0.023127062 0.024040423 0.0008805884 0.00016932654 0.005226724 0.00020064368 0.0023540151 9.8388715e-05 0.00060659886 7.648226e-05 0.00017031236 0.00076818955 2.0926322e-05 0.05588291 9.743684e-05 0.0055764294 0.0013652601 3.836846e-05 0.02523212 3.9438313e-05 4.0582796e-05 3.8151848e-06 1.8772416e-06 2.0983138e-05 0.0003761 2.6421342e-06 0.00015895444 0.0009882539 6.460996e-06 5.0176445e-06 9.602054e-06 8.146745e-05 0.0010804022 1.6962758e-05 0.00021800178 0.0005111359 0.0005122585 6.5853594e-05 4.261469e-05 3.4829353e-07 2.8888196e-06
0.9960971 3.5855762e-06 4.323117e-06 1.2372426e-05 9.207515e-06 2.6437967e-05 0.0008872072 0.00056488253 0.0013056869 0.0020374237 0.00043199174 0.0044107847 0.05689557 0.0010136081 0.3291807 0.45502123 0.019061632 0.12815924 0.8733893 5.4027034e-05 1.1224824e-05 0.29408088 0.4904381 1.2348246e-17 0.0047716815 0.18056346 0.0024203013 0.3947184 0.231006 0.039405674 0.3587468 0.86142755 0.17970002 0.063941665 0.10303834 0.099019215 0.07179089 0.00047306574 0.06298569 0.34866476 0.25368813 0.058099557 0.02228312 0.018598674 2.658689e-05 0.045872644 0.15270129 0.008653857 0.012239164 0.012192452 0.086851686 0.00029171247 2.4528836e-06 0.3079599 0.0031729916 0.005748437 0.0007337138 5.795962e-05 0.001848255 0.0008680803 0.0029433959 0.0031750908 0.0005105014 0.00061892025 0.0016165035 5.0892224e-05 0.0003973857 0.0005897305 9.777445e-05 0.00019016718 2.4517669e-05 6.355077e-05 1.3985583e-05 0.009956155 2.1312577e-05 0.024775364 0.0005347866 0.00027243674 0.004654722 4.7427343e-06 1.7109114e-06 3.865893e-06 0.0008670019 9.4237275e-06 0.00080210954 2.8716495e-06 0.00033056427 7.830322e-05 4.5240554e-06 4.2797005e-06 5.2197247e-06 2.9875457e-05 0.003986575 1.1514676e-05 3.363145e-05 0.0005394752 4.544481e-05 4.788854e-05 6.839288e-06 2.4282528e-07 2.6542593e-06
0.055065744 7.7609155e-05 4.7350757e-05 0.0006317786 0.0002693136 0.00029660796 0.0035778345 0.0036775735 0.04281095 0.11414997 0.085255906 0.0112391785 0.29684523 0.44523916 0.13285545 0.33347023 0.8594449 0.48379803 0.1597175 0.39087364 0.16606356 0.16050868 0.10534396 0.0047716815 9.751433e-19 0.07926449 9.940733e-05 0.012133828 0.62289494 0.9690485 0.00330011 0.0014382403 0.02407436 0.75770223 0.009868963 0.003343757 0.0037674785 0.00014786709 0.012019 0.00017780215 0.00018040366 0.017022384 0.008475044 0.0044573327 1.893401e-05 0.0019614976 0.0008795174 0.0004664056 0.056321792 0.1830126 0.00013761451 0.00025032027 6.802207e-07 0.00048153545 0.00012080927 0.2561198 0.0012318863 8.728599e-06 3.288178e-05 0.00084981223 0.0027603484 0.022683006 0.00011678102 0.00051022856 0.00039097382 1.9669844e-05 0.00051394646 8.836294e-05 0.00019526052 1.3499264e-05 8.181322e-05 0.00012122164 8.8952174e-07 0.0059620654 3.833272e-05 0.06471178 0.0008944749 3.459168e-05 0.0034292943 1.4441427e-05 2.0638703e-05 2.2678381e-05 3.7123424e-05 3.0288189e-05 0.0005323571 2.4697663e-05 4.4327942e-05 0.00054315594 1.4022851e-06 3.3739632e-06 0.00027407877 9.3016824e-05 0.00038607867 4.2727857e-05 0.0007113558 0.0006502905 5.494398e-05 0.00071745925 2.6878145e-06 6.461739e-07 2.2919417e-05
0.17471586 6.054452e-07 4.04202e-06 1.597766e-05 3.3900544e-06 5.727953e-06 9.7814365e-05 8.34095e-05 0.00058044004 0.00072096114 0.00014507708 0.0011009005 0.023132434 0.0008884739 0.025316224 0.19713686 0.068127155 0.4218023 0.25402996 0.000167077 2.023385e-06 0.9218807 0.8736493 0.18056346 0.07926449 1.672868e-19 8.808445e-05 0.42411938 0.9418787 0.0999442 0.20320767 0.12089907 0.76877886 0.26944238 0.19180548 0.19055793 0.13052484 2.8809525e-05 0.22657189 0.0280067 0.02378152 0.060348723 0.036103107 0.06977389 3.01542e-05 0.032084372 0.023188185 0.0036100973 0.10845201 0.075841695 0.006683781 5.616439e-05 4.6130046e-07 0.003124277 0.0015030772 0.04905757 0.0012966199 1.2947638e-06 0.00067503983 0.0023171382 0.023097306 0.023535985 0.00054051203 0.00017225617 0.0027572215 0.00010042326 0.000800259 1.9518744e-05 0.00034102253 5.0402312e-05 0.00014253531 0.0002206567 3.0054893e-05 0.0289713 8.727762e-05 0.0072733336 0.0010451738 1.16341635e-05 0.013719723 3.0872936e-05 1.2600482e-05 9.885734e-06 1.5260789e-06 2.187634e-06 0.0004428806 1.8383255e-06 2.7762664e-05 0.0007818376 2.4735248e-06 4.7282865e-06 4.795163e-06 3.35903e-05 0.0006866148 2.4922524e-06 2.137519e-05 0.00046044387 8.9990586e-05 2.5872887e-05 2.5899387e-06 9.4101523e-07 3.2445882e-06
0.7841771 0.053206753 0.26496023 0.051274914 0.015171453 0.8995757 0.033747748 0.15550077 0.006875459 0.001968678 0.0014512289 0.0582712 0.0038552843 0.00035932474 0.023167698 0.0019556922 0.0006615751 0.0013787008 0.0018396751 0.00031880013 0.00010610867 0.00019259973 0.00025571033 0.0024203013 9.940733e-05 8.808445e-05 2.1307783e-14 0.00034614533 0.00020184414 0.00013029094 0.000136338 0.00038749975 7.4419986e-05 0.00016509804 0.00013009588 3.4318982e-05 3.4691024e-05 0.96299684 4.6961304e-05 0.012255825 0.0072701843 0.00020534208 9.5378986e-05 6.537415e-05 0.011774684 0.00022966713 0.0004183525 0.00011468467 0.00016878227 0.0005365646 0.00044831054 0.00045758556 0.007675375 0.008666006 8.188566e-05 0.0037088073 1.6934067e-05 0.0006374686 8.356435e-05 4.1325206e-05 0.00022089589 0.00027241517 8.593352e-05 0.40687498 8.126329e-05 5.4061693e-06 2.2932034e-05 0.023297545 3.617108e-06 1.0849042e-05 3.0753e-06 1.004464e-05 5.911968e-07 0.004131474 2.7182577e-06 0.002234351 0.00060908165 0.005393358 0.00089904986 4.4721267e-07 1.9940776e-06 1.5105732e-07 0.003624125 7.707524e-06 0.024371777 1.2824239e-05 0.0028168925 2.0971955e-05 5.110369e-07 4.403386e-08 2.2097702e-06 5.8780453e-05 0.001964346 4.624982e-05 0.0063398075 0.009174966 0.00042402223 0.00020755544 0.00052996236 2.3389688e-08 5.008888e-07
0.64929676 2.2657368e-07 2.963899e-06 8.410486e-06 2.4102374e-06 4.292838e-06 2.1855622e-05 1.8523073e-06 0.00012348962 0.0002230343 2.2407887e-05 0.00035279943 0.00420062 0.0005501878 0.007390659 0.069126934 0.0063290787 0.030436119 0.25551614 6.203056e-05 2.224427e-06 0.3234164 0.91209406 0.3947184 0.012133828 0.42411938 0.00034614533 3.2269728e-20 0.36115515 0.05639903 0.92222023 0.58685225 0.89117247 0.18021055 0.2452778 0.26207358 0.2301522 5.532835e-05 0.28147218 0.11446268 0.09808998 0.12805592 0.09094429 0.09848116 2.5063902e-05 0.08800132 0.107712604 0.014531983 0.061620723 0.01735977 0.036983836 0.00019543937 1.836136e-07 0.019947443 0.0030173142 0.0083063 0.001541599 4.2635884e-06 0.0021825682 0.0030182279 0.018058106 0.013260082 0.0009336482 8.831796e-05 0.0061808527 0.00016595506 0.0024105525 0.00022486203 0.0008405964 0.00019407607 0.00015446218 0.0011101207 1.4896183e-05 0.03818716 9.2800714e-05 0.005976878 0.002500045 3.9097566e-05 0.019112282 5.1982122e-05 3.9419436e-05 2.5639476e-06 6.3853395e-06 2.7208995e-05 0.0002499112 3.2918974e-06 0.00012019573 0.00047932242 1.35871815e-05 3.8454928e-06 4.2889587e-06 0.00011663855 0.0017972469 1.0291837e-05 9.174467e-05 0.00029802992 0.00051358296 5.0817827e-05 2.3182729e-05 9.28506e-08 1.0452958e-06
0.2959521 5.2254873e-06 4.473127e-06 0.00014361009 9.213726e-06 5.70898e-06 0.00015784339 9.1058486e-05 0.0017454743 0.0058890968 0.0005945973 0.0046763974 0.11965003 0.009633961 0.11172511 0.39297763 0.7374373 0.68989164 0.4910332 0.0010873292 0.00015623613 0.7134861 0.6282233 0.231006 0.62289494 0.9418787 0.00020184414 0.36115515 5.8008344e-18 0.4925883 0.2591475 0.12416933 0.6099657 0.7961185 0.46029398 0.38125226 0.38671222 8.4349485e-05 0.61929405 0.04305818 0.03240919 0.23444784 0.0973045 0.13310039 4.1048013e-05 0.042950656 0.023851441 0.0051380116 0.31880608 0.18327598 0.010614401 0.00022760053 7.411352e-07 0.0038944196 0.0031797257 0.12603526 0.0037663896 3.2928492e-06 0.0013395848 0.003762066 0.025721075 0.05499528 0.0009701796 0.00026841924 0.0031789267 0.00029223374 0.0014911761 0.00012974547 0.00019105464 0.00015716984 0.00021711583 0.0002149083 7.4060645e-06 0.02289842 2.0122576e-05 0.030350221 0.0008935677 6.3812826e-05 0.01631063 1.1070155e-05 1.17708105e-05 3.0111164e-06 2.5318652e-05 7.771828e-06 0.0006622663 1.3272018e-05 6.666195e-05 0.0034755564 5.9721915e-06 3.1412105e-06 3.1613992e-05 0.00021182014 0.0004508814 1.4000942e-05 0.0008219635 0.0010048286 0.00029986826 0.0004041515 2.278718e-06 1.1843872e-06 4.492714e-05
0.030070705 4.6413634e-06 4.757057e-06 4.634983e-05 4.6087284e-06 2.7554217e-06 4.631775e-05 0.00024848455 0.0021584101 0.00400483 0.00077509 0.0032268388 0.07378641 0.01530515 0.041903872 0.1571458 0.33335987 0.17922121 0.1444714 0.005088148 0.0015435395 0.11799708 0.17557128 0.039405674 0.9690485 0.0999442 0.00013029094 0.05639903 0.4925883 1.1113013e-19 0.022332557 0.01517848 0.08662176 0.9718567 0.024830913 0.016062437 0.018554311 0.00016617346 0.053532943 0.0020906855 0.0022129654 0.017245797 0.022254493 0.02537305 2.6175247e-05 0.008616108 0.0023115508 0.0014925078 0.15892346 0.18761805 0.0007274009 2.5949863e-05 8.311608e-07 0.0007287441 0.0008682062 0.18459477 0.0011849308 1.1429182e-06 0.00023419468 0.00070936006 0.012529263 0.05660595 0.00019135003 0.00026251658 0.0004870992 3.0821455e-05 0.00027717045 2.687877e-05 2.4229255e-05 3.5258807e-05 0.00012698455 5.5241773e-05 2.583754e-06 0.038148295 7.668621e-06 0.011785346 0.0008199482 1.6515907e-05 0.01561618 8.7745775e-06 2.9771088e-06 2.687171e-06 1.6703062e-06 3.52822e-06 0.00042747712 3.1122777e-06 5.661569e-05 0.0015025891 2.2567433e-06 2.347387e-06 9.832433e-06 0.00015057156 0.000638215 7.3137766e-05 0.00039118234 0.0009888937 9.289068e-05 0.0001669058 1.780306e-07 1.4843498e-07 7.971489e-06
