3.3049072e-29 0.018155687 0.0022031262 0.0011936242 0.001388118 0.062578455 0.002193973 0.102654964 0.12668203 0.0063292473 0.00044993518 0.009544596 0.0028471334 0.0016967611 8.392335e-05 0.024743993 0.048619147 0.010658704 0.001129102 8.52028e-06 0.016739214 0.009369682 0.0018389121 0.0034190847 0.3784115 0.20965122 4.978875e-05 0.45156205 0.007199491 0.04389853 0.032303356 0.0022543762 0.1815806 0.0051537035 4.6392975e-06 0.010160413 0.0061150077 2.2551035e-08 0.06564655 6.3486375e-05 0.85377455 6.7297233e-06 0.035836432 7.500131e-05 0.024646744 0.5636926 1.1737695e-09 0.024353452 0.68697304 9.2213435e-05 0.6575495 0.00153967 3.194322e-06 0.006139179 0.0014021373 0.007411533 0.0048799333 0.5233861 0.9832212 0.00079733215 0.21971092 0.0142997345 0.061511435 0.87670463 8.621483e-05 0.8196783 2.1222905e-07 0.605459 9.001539e-05 0.10948041 3.3632302e-06 6.34368e-07 0.0045688665 1.0559926e-08 2.6485936e-09 0.055588465 0.00019508519 1.1148748e-05 0.9398917 1.597222e-05 5.031721e-05 7.887576e-05 0.84807545 0.65378773 0.96966845 0.13007559 8.249517e-12 0.85666925 4.9117265e-05 3.9078403e-09 0.9958273 2.501281e-12 6.0385963e-12 1.1178481e-09 1.1168051e-07 5.740884e-07 9.180378e-10 0.9990694 1.9861742e-12 5.701955e-10 0.04175111
0.018155687 1.4558655e-19 0.71896034 0.38379097 0.30560547 0.34306276 0.6070821 0.479191 0.41627413 0.10407064 0.04896988 0.51714987 0.18692614 0.085704654 0.017071921 0.07817935 0.17984429 0.0965122 0.07945967 0.0995635 0.07791711 0.035728917 0.010905829 0.047322337 0.06290066 0.10690519 0.21813433 0.13085048 0.011900399 0.0236224 0.019120654 0.1987152 0.05736035 0.011446265 0.0013504243 0.0049369503 0.05600543 0.00025237328 0.002673005 0.16788018 0.10818493 0.014954635 0.0065068724 0.0008690279 0.0011879534 0.011851714 0.00013003558 0.0023104874 0.070073985 0.060852777 0.042777024 0.023243083 0.048205156 0.008147837 0.008763293 0.0022280437 0.0005534168 0.010501489 0.09674702 0.0005805884 0.008628854 0.002583785 0.0021123826 0.007669134 0.0009403218 0.0219641 0.014355546 0.013492611 0.0085988585 0.0028381574 9.754273e-05 0.0053680087 0.00012203731 0.0025654193 0.002009681 0.0015256016 0.00029202283 0.0051106694 0.003644409 9.005618e-05 0.00017468404 0.0018105819 0.02344955 0.0032976277 0.0065398565 0.0039909575 0.00017966384 0.010937759 0.00021555818 0.0003971552 0.013999316 0.00025876577 0.000115152536 0.00022305237 8.86975e-06 1.0307474e-05 0.00019892132 0.0014186924 6.4905284e-06 3.4316072e-05 0.0021072468
0.0022031262 0.71896034 8.642973e-21 0.670365 0.30884212 0.49474832 0.31678554 0.51907516 0.5126181 0.169636 0.06523398 0.20322877 0.12556711 0.08303319 0.032948907 0.13734739 0.33134285 0.0996154 0.09473285 0.05066063 0.099549375 0.0730362 0.020247987 0.08383918 0.079633065 0.14355966 0.09060491 0.20424102 0.024207657 0.032142967 0.038391884 0.075535044 0.08162432 0.017186647 0.002614162 0.008645926 0.036435913 0.00018755272 0.004361682 0.068525285 0.15008682 0.006917027 0.0104782805 0.0013282053 0.001235652 0.018666862 9.357175e-05 0.0041270675 0.106881104 0.02751736 0.05567565 0.02172521 0.021563811 0.005720862 0.0077572716 0.0022803952 0.0005730355 0.017114135 0.11237046 0.0007911665 0.015021616 0.0034466863 0.0014553249 0.011247397 0.0004959566 0.03192024 0.0040909187 0.019725915 0.003299493 0.004695054 4.880228e-05 0.0017783245 0.000267953 0.00081748515 0.0005283364 0.0015316107 0.00028124033 0.003994282 0.0051726336 7.583932e-05 0.00024041106 0.0002491207 0.020204712 0.0025563622 0.005294236 0.0037080913 7.018761e-05 0.00870612 0.00025166862 0.00010956967 0.0111599015 6.0267605e-05 3.8279974e-05 3.545698e-05 6.232446e-06 5.25392e-06 4.1292664e-05 0.0003167551 2.1563524e-06 6.280124e-06 0.0010634863
0.0011936242 0.38379097 0.670365 3.8478914e-25 0.27124447 0.7729772 0.20623928 0.55652124 0.7262131 0.31696796 0.07735231 0.11038854 0.0891512 0.046972677 0.038473867 0.35115305 0.62810117 0.05691478 0.05740722 0.05313703 0.06286217 0.16724661 0.030936955 0.14137675 0.21376468 0.35591394 0.059990555 0.46677268 0.044472974 0.0026808055 0.0494573 0.03324793 0.043785334 0.000932447 0.00062285754 0.0011305956 0.0056427135 4.109733e-05 0.00030636258 0.0376609 0.29038006 0.0030489129 0.010601366 0.0009959175 6.805646e-05 0.028167987 9.066281e-06 0.0030711147 0.15454175 0.0018471739 0.023353228 0.004016938 0.011462563 0.0009982114 0.0018264723 0.0016352144 2.3214589e-05 0.0045496956 0.17837867 2.8313474e-05 0.0014072258 0.0004910769 0.0007310032 0.010147484 7.792903e-05 0.022425344 0.0006340279 0.006397336 0.0011542378 0.0008175702 2.8705763e-06 0.00011840936 1.6998172e-05 6.0833794e-05 6.260143e-05 8.835098e-05 8.6824744e-05 0.0005103702 0.0024758629 4.4495814e-06 1.05949675e-05 6.511854e-05 0.014095901 0.00016935499 0.004111372 0.0020966227 2.0764264e-05 0.010303097 3.0432204e-05 2.020641e-06 0.0069991234 2.1279645e-06 9.296282e-07 6.515618e-07 8.050219e-07 2.0031759e-07 8.9713984e-07 0.00018069241 6.273449e-08 3.7668562e-07 4.0182695e-05
0.001388118 0.30560547 0.30884212 0.27124447 7.181825e-23 0.16335268 0.34130794 0.045942783 0.24792282 0.6623916 0.7771068 0.059112057 0.0020328683 0.0010334129 0.59152716 0.17764384 0.2159598 0.002744888 0.0010847643 0.3742408 0.0066149402 0.22736903 0.2969835 0.015403441 0.18847609 0.15096606 0.10462035 0.12125228 0.1779 0.00015201425 0.0057784035 0.013200912 0.004569472 0.000112760186 0.06628467 8.385007e-05 0.0012061732 0.006382536 7.366572e-05 0.023239272 0.07102279 0.074913 0.0106706135 0.02552308 1.8343317e-05 0.009944915 0.00078278815 0.005416352 0.014620371 0.00095003704 0.0026624063 0.00090096134 0.010636288 8.92021e-05 0.00041254013 0.0028984924 2.2786668e-05 0.00082385796 0.034031272 2.6644939e-05 0.0005230009 0.00023902427 0.002049469 0.0026362422 3.2841104e-05 0.0004413934 0.0002565442 0.00047920045 0.00061823684 7.4690324e-05 4.9448586e-06 4.4877124e-05 5.869402e-07 6.864062e-05 0.00048472913 6.316401e-05 0.0025111637 0.00030827054 0.00011222433 2.7452397e-06 6.0988687e-06 8.5509804e-05 0.0005533922 0.00015440605 0.0001834749 0.0042366856 4.388979e-05 0.00052348245 0.0051679513 1.0442003e-05 0.00060412596 9.007392e-06 3.807123e-06 9.742271e-07 6.437725e-07 3.059064e-07 2.4041767e-06 5.060928e-05 1.4785194e-07 3.9259234e-07 5.138991e-06
0.062578455 0.34306276 0.49474832 0.7729772 0.16335268 5.2565207e-23 0.26858962 0.75096875 0.8316125 0.19721588 0.05337467 0.17316382 0.08109277 0.057100892 0.028880263 0.12655134 0.47907242 0.06619459 0.03887288 0.05897456 0.14524752 0.050957467 0.018114949 0.15766351 0.10827509 0.25911054 0.098899014 0.42674905 0.013123777 0.0055222553 0.063860275 0.047300413 0.13956943 0.0026044485 0.0023090183 0.0026925416 0.0099002225 0.00018334827 0.00039804378 0.078029245 0.29308614 0.0127193155 0.0048124394 0.0024597743 7.1098315e-05 0.01202624 4.1640786e-05 0.0032197624 0.32737634 0.018729692 0.08691756 0.0055250768 0.020739777 0.0005863439 0.0019091396 0.0009626884 9.520754e-06 0.010806145 0.09904729 2.7863112e-05 0.0028638593 0.0008242663 0.00032412357 0.011975488 9.095729e-05 0.04709812 0.002641231 0.020399794 0.0014445023 0.0005551617 3.088651e-05 0.00066211977 1.0138937e-05 0.0005793365 0.00036175255 0.00013857789 5.226237e-05 0.0011917491 0.0023002718 1.27611165e-05 2.4603453e-06 0.00011362691 0.032808207 0.00014570907 0.008374769 0.0010070475 8.833952e-05 0.023718486 3.8001348e-05 1.2494366e-05 0.029218834 9.533915e-05 3.8182807e-05 7.575868e-06 1.3946438e-05 7.338845e-07 1.719413e-05 0.00023794555 9.01455e-06 2.6861744e-06 9.142063e-05
0.002193973 0.6070821 0.31678554 0.20623928 0.34130794 0.26858962 2.8341474e-21 0.17590243 0.40988475 0.09255412 0.15115148 0.77033025 0.040952694 0.022065388 0.07112115 0.037575103 0.17617041 0.014608552 0.021957241 0.7768952 0.013883664 0.03150561 0.021938942 0.017919755 0.05371399 0.07433027 0.6406024 0.07194013 0.033734433 0.0022099589 0.005546902 0.22210833 0.006898851 0.0014582016 0.008668969 0.00057643873 0.020649066 0.00198526 0.00015475677 0.29144895 0.024438545 0.19038403 0.0028419127 0.007376382 8.85514e-05 0.002867714 0.0007584131 0.0019809261 0.013099219 0.04723921 0.0044357846 0.013358858 0.13077123 0.001527573 0.0035252485 0.0012481392 7.311796e-05 0.00033677256 0.011099053 4.8232756e-05 0.0011716677 0.0014261341 0.0009306458 0.0013839318 4.1392927e-05 0.00073069445 0.0092365695 0.0009213419 0.006542165 0.0003745984 8.855888e-06 0.0021399015 9.4477394e-07 0.0019944725 0.0072703375 0.0002915954 0.0028958414 0.0026887308 0.00045389522 1.571404e-05 8.416672e-06 9.696408e-05 0.0026803592 0.001425544 0.00037406487 0.0045747086 0.00046486265 0.0019940282 0.0053427303 0.00015408656 0.0006106287 0.00026709907 2.3934053e-05 1.6147662e-05 3.795099e-06 2.3065816e-06 2.2458697e-05 0.0001237281 5.746233e-06 1.1570392e-06 0.0001211412
0.102654964 0.479191 0.51907516 0.55652124 0.045942783 0.75096875 0.17590243 7.0089655e-21 0.6703635 0.053984575 0.007767098 0.36428607 0.39427578 0.39672905 0.0048078313 0.035791237 0.20245256 0.513906 0.32181165 0.024911843 0.65432364 0.01363635 0.0031810268 0.47019678 0.021072047 0.054218076 0.061190948 0.113225564 0.0016333783 0.19084264 0.24953331 0.18723735 0.49305817 0.0693396 0.0006559398 0.041068487 0.099026576 7.451857e-05 0.011816999 0.049618855 0.04915717 0.0022368866 0.0006068257 0.00044042378 0.002187678 0.00205926 3.5614903e-05 0.00029001982 0.4054825 0.09545234 0.3687112 0.06766538 0.011336515 0.014148431 0.017227313 7.33134e-05 0.00092625304 0.071819514 0.014263934 0.002916713 0.022320822 0.0023001083 9.217225e-06 0.0008902738 0.0036057997 0.2492329 0.02311734 0.1477969 0.011082082 0.0018428384 0.000854127 0.010167789 7.7211684e-05 0.0044745626 0.00012265313 0.0012022317 4.237492e-06 0.014053779 0.013742501 9.396135e-05 7.806322e-05 0.001382612 0.11186734 0.0007790135 0.0394972 3.557444e-05 0.00013266761 0.021954559 6.0704187e-06 0.0009143861 0.029213948 0.00034352418 0.00019757859 0.00092062046 7.947703e-05 6.300118e-06 0.0006271706 0.0025902267 4.981254e-05 5.2621213e-05 0.0013325361
0.12668203 0.41627413 0.5126181 0.7262131 0.24792282 0.8316125 0.40988475 0.6703635 3.3074524e-23 0.31428024 0.09316436 0.21437591 0.080737285 0.06431102 0.064743504 0.25103375 0.57026106 0.05068511 0.034058046 0.111302674 0.096546784 0.123726495 0.042597476 0.0916231 0.23851027 0.3570343 0.16886687 0.5220205 0.03166734 0.0040522 0.038874328 0.048466604 0.09699392 0.0019035535 0.0068266196 0.0018653482 0.006610636 0.0005927917 0.00029029598 0.11906782 0.3664784 0.01902444 0.008028489 0.0063395016 6.8638525e-05 0.020257821 0.000114735216 0.005875037 0.3602838 0.013980644 0.08905695 0.0042010243 0.026461167 0.00048198938 0.0025940374 0.0020610932 8.4378735e-06 0.008457439 0.1650349 2.3701188e-05 0.0023200999 0.00055298547 0.0007689966 0.016151536 0.000102199156 0.04829097 0.0027058178 0.01947903 0.0019583146 0.00044413697 3.5208002e-05 0.00071685476 7.642397e-06 0.0006781888 0.0007169832 0.00011057763 0.00037579885 0.0011714057 0.0017005024 1.3723922e-05 4.4674694e-06 0.00016324417 0.0297656 0.00019681563 0.007696162 0.0035841302 0.00014791857 0.025867159 0.0007109079 1.8313045e-05 0.03306642 0.00013484553 5.7045425e-05 1.4473083e-05 1.5229232e-05 6.303919e-07 3.1595395e-05 0.00020832705 1.7356291e-05 2.8111695e-06 9.8295954e-05
0.0063292473 0.10407064 0.169636 0.31696796 0.6623916 0.19721588 0.09255412 0.053984575 0.31428024 2.0714926e-19 0.43371913 0.02392044 0.0048253234 0.0021886523 0.47081214 0.8037365 0.36874658 0.0026194926 0.0030863504 0.08339883 0.010974831 0.65176046 0.5613531 0.019008158 0.38426015 0.20903969 0.024774965 0.21008329 0.40239385 0.0004176401 0.0061064065 0.009348385 0.007498087 0.0003344031 0.073113814 0.0005708229 0.0023619093 0.004763986 0.00035176068 0.010334469 0.1208368 0.019784069 0.034443434 0.022777172 0.00019489923 0.038062893 0.0012575663 0.012289029 0.015217714 0.0010728842 0.0025013853 0.0021547452 0.0035535805 0.00061361934 0.0018719517 0.009796024 0.00018139581 0.000666591 0.110059395 0.0001778483 0.0012458006 0.0008539218 0.005424509 0.014941534 0.00034029075 0.00094070344 0.00019373898 0.0012402635 0.0008471408 0.0004817304 5.2813513e-05 4.6330253e-05 1.3648598e-05 0.00017557776 0.0006278005 0.00010047145 0.0053117876 0.00035078748 0.00041765385 4.515962e-05 7.103752e-05 0.00019081609 0.0017434604 0.00018729946 0.0002706024 0.008235025 0.000109329914 0.0028850632 0.0042293826 6.6224825e-06 0.0021204783 2.9341958e-05 7.76445e-06 5.767353e-06 2.0528538e-05 5.691085e-06 1.9664816e-05 0.00013823668 5.955587e-07 6.169708e-06 0.00013891967
0.00044993518 0.04896988 0.06523398 0.07735231 0.7771068 0.05337467 0.15115148 0.007767098 0.09316436 0.43371913 1.8668259e-25 0.0059484267 4.193053e-05 1.6052727e-05 0.7713379 0.10553433 0.07964233 2.939027e-05 1.7446439e-05 0.29006964 0.00053582166 0.17435007 0.43153507 0.0014992232 0.09794613 0.0645842 0.042417746 0.054534122 0.19897334 1.0716739e-05 0.00026465172 0.00067862746 0.00018862341 4.4670433e-06 0.12806757 8.276675e-06 5.4086995e-05 0.016506564 3.9078614e-06 0.0073820753 0.035274558 0.10134173 0.016096633 0.057793114 8.1079975e-07 0.01436044 0.001957316 0.009885268 0.0037397996 3.3487562e-05 0.00029699857 0.00012105759 0.0039567533 1.3447817e-05 6.233371e-05 0.009700335 2.7135154e-06 0.000118383956 0.031460926 2.5726652e-06 6.552983e-05 1.6629116e-05 0.007542815 0.0043209763 8.906753e-07 4.5291512e-05 7.481711e-06 2.8947643e-05 2.9290853e-05 5.694332e-06 9.061084e-08 1.0715906e-06 1.6275587e-08 2.4618264e-06 3.816289e-05 2.3256125e-06 0.0024689084 7.5218245e-06 1.1657953e-05 1.0992201e-07 5.2742945e-07 2.2970983e-06 0.00010578908 6.061706e-06 1.2654637e-05 0.0048978436 4.0667696e-06 0.00019295198 0.0046667033 3.746907e-07 0.00014327424 1.4921653e-06 3.0193334e-07 1.6768196e-08 1.1785327e-08 1.269395e-08 1.5861433e-08 1.5484704e-05 2.874703e-09 2.4422475e-09 9.685281e-07
0.009544596 0.51714987 0.20322877 0.11038854 0.059112057 0.17316382 0.77033025 0.36428607 0.21437591 0.02392044 0.0059484267 2.3310937e-20 0.4016327 0.31939474 0.0010799839 0.017036475 0.04061776 0.11515307 0.17615497 0.27743685 0.039029874 0.006853267 0.0032535044 0.021874243 0.013893485 0.014425783 0.5740008 0.013554505 0.00460546 0.01864192 0.009224343 0.6972919 0.016164143 0.018692136 0.0007005845 0.0056777606 0.1645956 0.00027193263 0.0014781345 0.4299691 0.007824229 0.05921629 0.0017320857 0.00063034054 0.0009707836 0.0014956724 0.00016626492 0.00091356406 0.011759764 0.33309433 0.005625826 0.19794688 0.14823638 0.020929225 0.057192095 0.0008563786 0.0003665018 0.0025633953 0.0054187053 0.00037339923 0.0030158572 0.002672772 0.0004453156 0.0007027378 0.00025669302 0.0014305633 0.04651283 0.003170011 0.028592551 0.0006806305 7.8515e-05 0.018464683 1.7762379e-05 0.009452463 0.010300248 0.001183584 0.0012331993 0.016863085 0.0015870467 8.6524946e-05 2.6894822e-05 0.004940148 0.0025909718 0.0017413051 0.0010315481 0.0025560525 0.00073240476 0.0041758274 0.00069196225 0.0009634089 0.0005679534 0.0014956553 0.00014702018 0.00019188144 2.0247024e-05 3.0371551e-05 0.00031481177 0.0011804429 3.0187719e-05 2.4280147e-05 0.0009356618
0.0028471334 0.18692614 0.12556711 0.0891512 0.0020328683 0.08109277 0.040952694 0.39427578 0.080737285 0.0048253234 4.193053e-05 0.4016327 3.8382283e-26 0.8952812 9.649385e-06 0.0024276744 0.036093596 0.24228251 0.40443102 0.0031386747 0.2482117 0.0012157701 4.2708263e-05 0.06089388 0.0029033988 0.013327344 0.04024367 0.020800617 0.0006741974 0.108030155 0.03246842 0.4172549 0.1641404 0.046290364 2.2334707e-05 0.03794284 0.2707929 3.2723587e-05 0.026392857 0.06288322 0.009955529 0.00054651353 0.00026345585 1.7024795e-05 0.0058484524 0.0005195179 6.7284786e-06 0.000148575 0.054552034 0.16095401 0.07939157 0.1411845 0.014733031 0.02109149 0.04752412 3.4365723e-05 0.0017571236 0.020323126 0.004323915 0.0028376325 0.010266331 0.0021848318 2.2699282e-05 0.00038511227 0.00076240924 0.0232393 0.013664866 0.019979173 0.03644701 0.0022481843 5.836865e-05 0.024497898 0.0005354853 0.0038382623 0.00077704614 0.0027595602 2.024496e-05 0.030305594 0.00704842 8.1887534e-05 0.00035388675 0.0023215367 0.004433776 0.001222422 0.0031015784 0.00043055858 1.4438949e-05 0.0008629894 5.240574e-06 0.0007767027 0.00046432123 0.00053675426 0.00013129377 4.846981e-05 2.7924946e-06 1.9548597e-06 1.8001552e-05 0.00025468695 6.2233294e-06 1.2207349e-06 0.00019558947
0.0016967611 0.085704654 0.08303319 0.046972677 0.0010334129 0.057100892 0.022065388 0.39672905 0.06431102 0.0021886523 1.6052727e-05 0.31939474 0.8952812 3.2606962e-25 4.464616e-06 0.000861021 0.011199462 0.4936453 0.60190815 0.0010912284 0.33733916 0.0005177717 1.7420816e-05 0.05896257 0.00078918046 0.002627544 0.024205083 0.007227039 0.00021573667 0.16835308 0.046614554 0.46167076 0.17409131 0.07922249 9.949274e-06 0.08877779 0.36091834 1.46394e-05 0.046657275 0.045329306 0.0035865135 0.00025386777 0.00018265731 6.1005735e-06 0.007830136 0.00037264757 1.1310306e-05 0.00017353783 0.0487038 0.24502482 0.097538255 0.19703975 0.00855883 0.045496736 0.10302357 2.4503526e-05 0.0034407468 0.036709126 0.0013807266 0.0060280343 0.016307265 0.0028360256 9.823519e-06 0.000332766 0.002175929 0.029523375 0.0148491785 0.025555832 0.06426815 0.0038331796 0.00022031355 0.030722523 0.0014366097 0.0061158943 0.00022398752 0.0032405697 2.8706775e-06 0.045086835 0.00737608 0.00012442813 0.0011646375 0.0055724024 0.002108105 0.002769007 0.0029277853 6.097692e-05 3.424428e-05 0.0015423152 5.7425186e-06 0.003084563 0.00044340864 0.0009831636 0.00041868933 0.0002559316 1.3879155e-05 1.002135e-05 0.00015023578 0.00025343357 8.007884e-05 1.1333704e-05 0.0008874768
8.392335e-05 0.017071921 0.032948907 0.038473867 0.59152716 0.028880263 0.07112115 0.0048078313 0.064743504 0.47081214 0.7713379 0.0010799839 9.649385e-06 4.464616e-06 4.1697918e-26 0.09395788 0.051950052 3.876174e-06 1.982197e-06 0.22814706 6.435356e-05 0.21813229 0.7471396 0.00062564405 0.09090364 0.046965644 0.011481813 0.03356973 0.37262145 2.3351356e-06 7.878893e-05 8.168497e-05 6.341443e-05 1.3358233e-06 0.2911636 1.0548251e-06 2.1110674e-05 0.07516719 7.060822e-07 0.0011361203 0.021171452 0.06584068 0.026150262 0.1726058 1.4541304e-07 0.021656996 0.011854468 0.016359812 0.0018589197 8.664001e-06 0.00013080137 4.384248e-05 0.00040172713 7.1128525e-06 1.9044332e-05 0.032579657 4.3820782e-07 1.5067319e-05 0.025591217 3.347156e-07 1.0919107e-05 5.328038e-06 0.02461555 0.00926709 1.2571914e-07 1.6212716e-05 4.8422435e-06 3.820978e-06 3.2123492e-06 1.8817171e-06 1.2156071e-08 4.9164292e-08 3.3979435e-09 8.8482517e-07 8.349239e-06 1.1949476e-06 0.007194532 4.569796e-07 1.9589356e-06 3.917544e-08 3.1576064e-08 7.6423895e-08 1.1490224e-05 1.9785048e-06 5.2656983e-06 0.0070046126 1.821056e-06 0.00021133508 0.0101658935 2.943279e-09 4.4156135e-05 2.2296845e-07 1.1707471e-08 1.6173482e-10 2.279036e-09 3.0580984e-09 2.4947464e-10 4.0153523e-06 3.197883e-11 4.6733402e-11 3.0303745e-08
0.024743993 0.07817935 0.13734739 0.35115305 0.17764384 0.12655134 0.037575103 0.035791237 0.25103375 0.8037365 0.10553433 0.017036475 0.0024276744 0.000861021 0.09395788 2.6402222e-23 0.6343731 0.0008098096 0.00086890615 0.024629015 0.0048695635 0.83398676 0.11019962 0.019070895 0.6288118 0.5761442 0.010908586 0.48149884 0.3966839 0.00011185068 0.0041632922 0.0036020759 0.0029539312 8.4838946e-05 0.017400851 0.0001197696 0.0010410266 0.0009710007 6.678508e-05 0.004704054 0.39539284 0.008566106 0.17016064 0.006759898 4.161311e-05 0.22839387 7.534809e-05 0.022121519 0.055271555 0.00054492697 0.0027651594 0.0010246016 0.0011529413 0.0002909201 0.00024020068 0.009710414 6.437959e-05 0.0011100768 0.35473976 6.896581e-05 0.00036212674 0.00024682915 0.0035181893 0.04775667 8.668964e-05 0.001907606 3.2570963e-05 0.0020832906 0.00012411953 0.00020566407 8.146033e-06 4.4405056e-06 1.4896841e-06 1.4360755e-05 5.867438e-05 8.751378e-06 0.002119234 3.33648e-05 0.0003885616 7.4976106e-06 1.4709766e-05 3.9263956e-05 0.005484268 6.387566e-05 0.00034122894 0.01174254 8.767693e-06 0.009659049 0.0014901218 6.095296e-07 0.01629423 1.3075759e-06 1.7129049e-06 7.0200866e-07 1.187937e-06 2.6809087e-07 2.115942e-06 0.00012654619 5.358295e-08 3.238024e-07 1.1504359e-05
0.048619147 0.17984429 0.33134285 0.62810117 0.2159598 0.47907242 0.17617041 0.20245256 0.57026106 0.36874658 0.07964233 0.04061776 0.036093596 0.011199462 0.051950052 0.6343731 8.828376e-22 0.010679965 0.00386593 0.03477095 0.02105109 0.35907015 0.061031755 0.07137307 0.5788236 0.7543193 0.029024359 0.7447857 0.066935726 0.0004207895 0.02738204 0.008143631 0.0240841 0.00010454135 0.0064015347 0.00029213875 0.00074116356 0.0004170419 4.6588077e-05 0.010667327 0.57778305 0.0047123134 0.017723545 0.0032580036 1.7837987e-05 0.050207864 5.7010995e-05 0.005576676 0.22476071 0.00030745493 0.021551413 0.00068427913 0.0041425354 9.060674e-05 0.00033138873 0.0019678401 3.5173352e-06 0.0012513143 0.23624614 6.031294e-06 0.0002682153 0.00010544008 0.000486685 0.022262141 6.868142e-05 0.012223212 0.0001248919 0.0041503157 0.00012664436 5.2374136e-05 2.4765804e-05 1.5016423e-05 1.9927563e-06 5.9195845e-05 0.0003486139 1.2082593e-05 0.00022204002 4.1166288e-05 0.00014021581 8.17108e-06 1.6193006e-06 2.3638526e-05 0.02025026 1.0257454e-05 0.0020405047 0.0016465471 0.00012909947 0.022595216 0.00019587041 1.2717385e-06 0.030232675 3.4278033e-05 1.0733626e-05 3.5990056e-06 7.1585564e-06 3.844948e-07 6.6616226e-06 6.305495e-05 5.1641014e-06 7.6671915e-07 4.4705253e-06
0.010658704 0.0965122 0.0996154 0.05691478 0.002744888 0.06619459 0.014608552 0.513906 0.05068511 0.0026194926 2.939027e-05 0.11515307 0.24228251 0.4936453 3.876174e-06 0.0008098096 0.010679965 1.3753788e-23 0.7245419 0.0011261662 0.79374605 0.00032554116 7.7879624e-05 0.16112944 0.00045995187 0.0015528478 0.016787503 0.0075780004 0.00017391973 0.57446295 0.1102372 0.10947549 0.39310142 0.27433014 2.5247668e-05 0.2030615 0.23216574 3.3911878e-05 0.21078005 0.020152917 0.007289492 0.00034456345 0.00014553979 1.5277908e-05 0.048556056 0.0007061998 2.1666809e-05 4.667373e-05 0.16474402 0.08625491 0.3906499 0.095401786 0.0036033124 0.07062568 0.06326235 2.9060415e-05 0.0116153015 0.22898944 0.0073416005 0.020555772 0.11290661 0.016529514 6.5367635e-06 0.0005578105 0.009398386 0.17773367 0.0038430365 0.31026015 0.038404014 0.013131833 0.0016235836 0.016470348 0.0033981353 0.0020049806 9.5973795e-05 0.012816873 7.812e-06 0.033568136 0.070727065 0.00085856277 0.0044889306 0.00750167 0.031620376 0.005497299 0.04269416 0.0004697269 3.5475564e-06 0.008309065 1.1586806e-05 0.0028979133 0.0036194704 0.00013947682 0.0003319752 0.0008063889 8.67995e-05 2.844376e-05 0.00035021908 0.0027856682 2.6296922e-05 2.1433161e-05 0.0015927751
0.001129102 0.07945967 0.09473285 0.05740722 0.0010847643 0.03887288 0.021957241 0.32181165 0.034058046 0.0030863504 1.7446439e-05 0.17615497 0.40443102 0.60190815 1.982197e-06 0.00086890615 0.00386593 0.7245419 8.0788014e-25 0.0021233975 0.43493542 0.00036358516 5.389884e-05 0.07052894 0.00024301329 0.0011055127 0.035195913 0.003404211 0.00030591182 0.4158223 0.043031525 0.2072354 0.2574075 0.3022458 4.2015167e-06 0.3477288 0.46168602 1.5831125e-05 0.19893979 0.035575528 0.0021467335 0.00049630436 0.00020038897 1.6590893e-05 0.07187121 0.0003484663 2.0389385e-05 7.794799e-05 0.048376143 0.15204038 0.09942336 0.18306606 0.006200232 0.1243965 0.14076261 3.245679e-05 0.020210797 0.08749823 0.0011411164 0.031707503 0.05639702 0.015542435 3.9713696e-06 0.00022149012 0.022174243 0.03930595 0.012837909 0.06081182 0.09936665 0.008686961 0.0058050617 0.03966604 0.0040801843 0.0048697586 5.5146083e-05 0.009789492 4.4184126e-06 0.07260558 0.013192159 0.0027887993 0.005078663 0.014502514 0.002459751 0.007991318 0.0039756163 2.9383937e-05 1.0153113e-05 0.0020610448 1.9941194e-06 0.009565071 0.00041091174 0.00044846427 0.0006808094 0.00300572 0.00035099665 0.00019835397 0.0009945289 0.00030206225 0.00011527042 8.299696e-05 0.0063079153
8.52028e-06 0.0995635 0.05066063 0.05313703 0.3742408 0.05897456 0.7768952 0.024911843 0.111302674 0.08339883 0.29006964 0.27743685 0.0031386747 0.0010912284 0.22814706 0.024629015 0.03477095 0.0011261662 0.0021233975 1.8932833e-24 0.0023653412 0.03531199 0.07527164 0.0013733349 0.06398771 0.024764301 0.5923314 0.016948398 0.042662017 0.0006153906 0.001105207 0.042806897 0.0010190358 0.00012741762 0.013391717 0.00013133136 0.0013721581 0.004042988 7.568672e-05 0.22000645 0.009471602 0.68359137 0.0025824804 0.012875366 1.1592552e-05 0.0025672829 0.001266638 0.0017223188 0.0030755936 0.0036314924 0.00058123545 0.0017327409 0.101894476 0.0003327949 0.0008129353 0.0017786662 2.4587585e-05 0.0001320452 0.0063913264 1.5868582e-05 0.00052562106 0.00019427812 0.002326954 0.0022201766 2.4892108e-05 0.0003493018 0.0027257202 4.324781e-05 0.00084401196 0.00020324088 1.4573757e-06 0.000102597 1.0884729e-06 0.00052707474 0.0036112252 2.1285136e-05 0.0019373028 0.00024988162 0.00012347997 3.432689e-06 1.5988747e-06 2.0192952e-05 2.5344285e-05 0.00010557461 3.646366e-05 0.006252575 0.00054825767 0.00039320244 0.006808471 1.9285944e-06 7.010967e-05 0.00025794774 2.0779448e-06 2.5101244e-07 1.3184177e-07 3.9752481e-07 6.6013683e-07 3.0353132e-05 6.568199e-07 1.2998431e-07 2.2889319e-05
0.016739214 0.07791711 0.099549375 0.06286217 0.0066149402 0.14524752 0.013883664 0.65432364 0.096546784 0.010974831 0.00053582166 0.039029874 0.2482117 0.33733916 6.435356e-05 0.0048695635 0.02105109 0.79374605 0.43493542 0.0023653412 1.4085901e-17 0.001671099 0.00024127604 0.19360691 0.002340959 0.0076465495 0.006368856 0.01857997 0.0005510311 0.55093324 0.3565964 0.03902561 0.8628123 0.26241747 8.614169e-05 0.15807869 0.08474865 2.1553009e-05 0.14372987 0.0038923796 0.008897882 0.00029094706 0.00018401042 1.7595232e-05 0.049682554 0.00064240367 3.819894e-05 4.9263253e-05 0.17899156 0.043820035 0.5338883 0.06599029 0.0005820545 0.060734503 0.04960798 5.9149177e-05 0.028330749 0.19701323 0.0019124233 0.037602946 0.14906162 0.019908478 9.191127e-06 0.0002095765 0.025560092 0.22348224 0.0008770127 0.24041522 0.046586197 0.023061292 0.012104058 0.008259194 0.0056907027 0.0012979195 7.399008e-05 0.01592403 2.0720725e-05 0.028556498 0.07122625 0.0035539023 0.005379183 0.011737821 0.08467535 0.014300825 0.058260813 0.00012273739 9.879565e-05 0.018929785 1.5660436e-05 0.003098415 0.011553093 0.00041122735 0.00017550627 0.0020950325 0.0012901337 0.0003105059 0.0013959944 0.008401385 0.00015844274 0.0002642414 0.010111776
0.009369682 0.035728917 0.0730362 0.16724661 0.22736903 0.050957467 0.03150561 0.01363635 0.123726495 0.65176046 0.17435007 0.006853267 0.0012157701 0.0005177717 0.21813229 0.83398676 0.35907015 0.00032554116 0.00036358516 0.03531199 0.001671099 2.6778522e-24 0.3245504 0.009953312 0.7413929 0.40506515 0.006242125 0.28338948 0.8003353 6.4450294e-05 0.001297995 0.0019621078 0.0006279038 3.6232002e-05 0.047598828 4.9062113e-05 0.0005126009 0.0039809034 2.3696284e-05 0.00209555 0.2127706 0.005601985 0.233485 0.02704068 1.369094e-05 0.26873922 0.00025612768 0.06915865 0.022740984 0.00026105234 0.0011001641 0.0009990253 0.0008107739 0.00016833986 0.00033933634 0.0248359 3.2501925e-05 0.00036704727 0.31106335 3.4457247e-05 4.9499617e-05 9.477565e-05 0.0078468025 0.06456249 5.954831e-05 0.00039255945 2.7580785e-05 0.0010961938 4.6024714e-05 1.801072e-05 2.0960244e-06 3.2335233e-06 1.9202413e-07 5.0300773e-06 9.103704e-05 1.3931556e-06 0.006014892 2.5970732e-05 5.141641e-05 2.0011014e-06 7.15816e-06 1.146413e-05 0.0008146368 1.1995403e-05 0.00011417613 0.01307997 1.2209335e-05 0.005153814 0.0045192284 3.397484e-07 0.007959741 2.1148362e-06 3.517031e-07 2.5136887e-07 6.891255e-07 1.7024031e-07 8.7911997e-07 6.3753694e-05 1.6800977e-08 1.6616495e-07 4.3050696e-07
0.0018389121 0.010905829 0.020247987 0.030936955 0.2969835 0.018114949 0.021938942 0.0031810268 0.042597476 0.5613531 0.43153507 0.0032535044 4.2708263e-05 1.7420816e-05 0.7471396 0.11019962 0.061031755 7.7879624e-05 5.389884e-05 0.07527164 0.00024127604 0.3245504 5.792287e-22 0.0016199072 0.13267966 0.07863032 0.011192506 0.048473734 0.653981 3.4301578e-05 0.0001619809 0.00037628625 0.00014025767 1.0511293e-05 0.7957394 1.4743346e-05 0.00021824785 0.09504737 4.0286313e-06 0.0018026015 0.031353384 0.042250656 0.12404097 0.53886646 7.240974e-07 0.09094959 0.0067104558 0.11024656 0.003739698 0.00015279213 0.00034740946 0.00044555712 0.0014016761 6.995179e-05 0.00020310738 0.14725862 3.994742e-06 3.322645e-05 0.05379382 4.0397927e-06 1.5912545e-05 6.9608777e-06 0.16489126 0.049041245 1.4714388e-06 2.3777486e-05 4.485034e-05 6.796293e-05 8.068544e-05 5.472134e-06 3.4829753e-07 2.4005112e-06 1.7164073e-08 5.6702816e-06 0.00012042382 1.4303205e-06 0.024541931 1.17936415e-05 8.131953e-06 1.3697051e-07 9.031493e-08 4.716748e-06 3.2882406e-05 3.9470315e-06 2.9719204e-06 0.058180064 9.785855e-06 0.0004370741 0.028173214 2.7354486e-07 0.00065426953 1.7853926e-06 1.2411496e-07 2.8404003e-08 5.1915656e-08 4.298774e-08 6.2781176e-08 1.527964e-05 1.0401124e-09 1.7835392e-08 4.6231117e-09
0.0034190847 0.047322337 0.08383918 0.14137675 0.015403441 0.15766351 0.017919755 0.47019678 0.0916231 0.019008158 0.0014992232 0.021874243 0.06089388 0.05896257 0.00062564405 0.019070895 0.07137307 0.16112944 0.07052894 0.0013733349 0.19360691 0.009953312 0.0016199072 8.8698586e-23 0.03269103 0.042659268 0.003962268 0.13727215 0.0037352555 0.08204528 0.80118126 0.008663577 0.18648805 0.031437278 0.00014166813 0.008971527 0.011402053 5.1819377e-05 0.010512998 0.0019559627 0.07176553 0.00010806937 0.00084424217 8.453761e-05 0.002154592 0.0021001345 6.230952e-05 0.00045488664 0.34514996 0.004718967 0.28046647 0.0077889394 0.00041572913 0.0050197826 0.004657313 0.00014986642 0.0024227768 0.04224027 0.03755406 0.002050989 0.025137842 0.0029453235 0.0001847727 0.0026056324 0.0022713435 0.18214408 8.345103e-05 0.06646954 0.0043259035 0.005163183 0.0002601864 0.00013441386 0.00029665293 1.9161345e-05 4.5645254e-05 0.0027644897 2.8671524e-05 0.0018742419 0.032633305 0.0002840718 0.00027559427 0.0006654578 0.0957794 0.0038946464 0.037563246 0.0004107482 3.0721854e-05 0.0287693 0.000100118974 3.385888e-05 0.018126024 3.6078116e-05 6.4134438e-06 2.7888342e-05 9.1707494e-05 5.331934e-05 7.3945994e-05 0.0032394805 4.624345e-06 7.460044e-06 0.0024455367
0.3784115 0.06290066 0.079633065 0.21376468 0.18847609 0.10827509 0.05371399 0.021072047 0.23851027 0.38426015 0.09794613 0.013893485 0.0029033988 0.00078918046 0.09090364 0.6288118 0.5788236 0.00045995187 0.00024301329 0.06398771 0.002340959 0.7413929 0.13267966 0.03269103 5.6191706e-24 0.76835805 0.020234581 0.719061 0.38552603 7.416259e-05 0.0063706203 0.001098448 0.0017774861 4.2577845e-05 0.027055757 4.1335374e-05 0.00035854225 0.0023784041 1.2220542e-05 0.0042126547 0.66397077 0.009025949 0.13754638 0.016136866 5.8960986e-06 0.22168174 0.00028748313 0.04335721 0.13543287 6.205961e-05 0.005362956 0.0002656214 0.0022633064 6.4554566e-05 0.00016045893 0.016694712 5.8098935e-06 0.0013221739 0.5225708 1.2074633e-05 3.6628026e-05 2.6253672e-05 0.0059964815 0.06817115 1.43393645e-05 0.0018307816 2.7625645e-05 0.0037852547 3.7560556e-05 4.7687126e-06 2.0200494e-06 5.3304944e-07 1.2280405e-07 3.2806372e-06 0.0001228395 4.7220746e-07 0.0051307725 9.737911e-06 0.00020636882 6.490711e-07 1.6071451e-06 1.9035362e-05 0.013688662 1.8297286e-06 0.00029379636 0.007983662 8.964552e-06 0.029576411 0.0070352177 4.2499664e-07 0.07029086 2.9909281e-06 7.8489757e-07 3.2884793e-07 5.8000757e-07 3.832645e-08 8.7439406e-07 3.5607227e-05 8.752371e-08 2.7270121e-07 2.1101835e-07
0.20965122 0.10690519 0.14355966 0.35591394 0.15096606 0.25911054 0.07433027 0.054218076 0.3570343 0.20903969 0.0645842 0.014425783 0.013327344 0.002627544 0.046965644 0.5761442 0.7543193 0.0015528478 0.0011055127 0.024764301 0.0076465495 0.40506515 0.07863032 0.042659268 0.76835805 1.4648667e-21 0.015642324 0.8331531 0.17166017 0.0001283877 0.013809082 0.0021444305 0.0074786944 5.931989e-05 0.014032712 0.00020868993 0.00036450967 0.0006831377 3.782992e-05 0.0028802701 0.8534937 0.005611182 0.090107776 0.008009541 1.826837e-05 0.24142703 0.000104587016 0.022654977 0.32928622 0.00016601046 0.01067355 0.0006273573 0.0021687164 0.00014024136 0.00035401262 0.0114400815 1.1913604e-05 0.0018033924 0.55857086 2.2708788e-05 0.00014714783 0.00012961635 0.0030062234 0.09523959 6.8969886e-05 0.0092376275 5.63547e-05 0.004520144 0.00024554136 7.413791e-05 1.5363103e-05 1.286695e-06 2.5375618e-06 1.7781547e-05 0.00026063118 1.0221518e-05 0.0027444025 2.8025597e-05 0.00025016558 1.6670845e-05 7.123592e-06 9.558806e-05 0.031760056 6.5925756e-06 0.0014059898 0.006983289 0.00010144871 0.070637375 0.0036973495 7.7706756e-07 0.07925699 1.7521103e-05 1.253739e-06 2.489105e-06 6.9110038e-06 1.6108609e-07 8.097509e-06 6.918399e-05 1.0851935e-06 9.881063e-07 2.9235246e-06
4.978875e-05 0.21813433 0.09060491 0.059990555 0.10462035 0.098899014 0.6406024 0.061190948 0.16886687 0.024774965 0.042417746 0.5740008 0.04024367 0.024205083 0.011481813 0.010908586 0.029024359 0.016787503 0.035195913 0.5923314 0.006368856 0.006242125 0.011192506 0.003962268 0.020234581 0.015642324 2.9025263e-24 0.014670505 0.008619112 0.00353785 0.002292975 0.44517103 0.0024525365 0.001198076 0.0020671433 0.0009966034 0.026165165 0.00044627776 0.00017970255 0.6883429 0.007161762 0.5846461 0.0011347277 0.0030461447 0.00012489394 0.0012538647 0.00019320995 0.0007511795 0.0039324802 0.09785216 0.0020475516 0.025245737 0.43025687 0.0017519717 0.012048511 0.0010173962 0.00011258763 0.00026116415 0.002645832 0.00013511405 0.002508014 0.00035594465 0.001242978 0.0016436665 0.00014625161 0.00069930445 0.039697867 0.00045922343 0.0054559545 0.0003598918 1.8358649e-05 0.002889327 1.6900775e-06 0.008322539 0.03275363 0.00016857217 0.0010457939 0.0022553715 0.00021061939 1.7503684e-05 2.8854633e-06 0.0001418014 6.971218e-05 0.0003092349 0.00011203527 0.0049113664 0.004802708 0.000324448 0.0018290031 3.7732672e-05 0.00020318777 0.0018115621 1.7715922e-05 2.9906168e-06 1.0876873e-06 3.4009315e-06 3.4932493e-06 4.0278766e-05 3.5334492e-06 4.6803387e-07 0.00017413283
0.45156205 0.13085048 0.20424102 0.46677268 0.12125228 0.42674905 0.07194013 0.113225564 0.5220205 0.21008329 0.054534122 0.013554505 0.020800617 0.007227039 0.03356973 0.48149884 0.7447857 0.0075780004 0.003404211 0.016948398 0.01857997 0.28338948 0.048473734 0.13727215 0.719061 0.8331531 0.014670505 1.2440506e-22 0.110619836 0.00034990575 0.052611556 0.0036755854 0.029001916 9.847836e-05 0.0070452145 0.00018932339 0.0005488768 0.00031635238 5.7374255e-05 0.0042113615 0.8528149 0.005968545 0.030184584 0.006541791 1.394233e-05 0.09658051 0.00012726583 0.010896207 0.4609088 0.0008143451 0.02969551 0.0012568007 0.0038798267 0.00020958106 0.0003521208 0.0049331244 1.1592034e-05 0.001867764 0.46035078 2.4980764e-05 0.00010374501 2.609367e-05 0.0015314085 0.03895954 0.00011311983 0.02815774 0.00026729397 0.00939099 0.0004234874 1.7889284e-05 1.2012392e-05 1.5111006e-05 1.8457986e-06 2.9521936e-05 0.00013908047 1.1403374e-05 0.0014184117 0.00011349014 0.00047980566 1.0604883e-05 1.373619e-05 0.00014329092 0.07212206 3.162257e-06 0.0058915997 0.0025930405 3.2225686e-05 0.10776369 0.0022132217 1.0564339e-06 0.13276704 8.5109405e-06 5.5816776e-07 2.2074341e-06 1.7622191e-06 1.2838836e-07 4.07953e-06 0.00047295727 2.5050159e-07 9.002827e-07 1.96458e-06
0.007199491 0.011900399 0.024207657 0.044472974 0.1779 0.013123777 0.033734433 0.0016333783 0.03166734 0.40239385 0.19897334 0.00460546 0.0006741974 0.00021573667 0.37262145 0.3966839 0.066935726 0.00017391973 0.00030591182 0.042662017 0.0005510311 0.8003353 0.653981 0.0037352555 0.38552603 0.17166017 0.008619112 0.110619836 2.3914842e-22 7.61936e-05 0.0002873836 0.00079269515 8.0630976e-05 5.117739e-05 0.28375185 1.7077009e-05 0.0001759529 0.039635174 8.309885e-06 0.002661208 0.079068065 0.012156688 0.5351438 0.31032467 3.008275e-06 0.5080859 0.0051163435 0.44857928 0.008328978 0.00025564496 0.00024045898 0.00075329945 0.0021520967 8.934666e-05 0.00035551732 0.34599435 5.3254644e-05 5.073957e-05 0.18063569 4.2215124e-05 1.2183478e-05 2.3384862e-05 0.17292234 0.40090823 2.69672e-05 0.00019071839 7.482964e-05 5.2865922e-05 2.6821872e-05 3.0298688e-06 4.70834e-06 3.2060168e-06 3.8482472e-08 6.7158103e-06 0.00043264416 6.5988877e-07 0.040063962 9.857547e-06 6.544498e-06 1.9090637e-06 2.1231644e-06 4.0066e-06 0.00021991513 3.4290765e-06 1.6408287e-05 0.08783587 2.4782013e-05 0.0027487243 0.025244847 2.7818558e-07 0.0028475325 1.485883e-06 4.612833e-07 6.8005626e-08 7.216569e-07 1.9190165e-07 1.9123007e-07 3.0995882e-06 5.5378386e-09 4.1199004e-07 6.3812147e-09
0.04389853 0.0236224 0.032142967 0.0026808055 0.00015201425 0.0055222553 0.0022099589 0.19084264 0.0040522 0.0004176401 1.0716739e-05 0.01864192 0.108030155 0.16835308 2.3351356e-06 0.00011185068 0.0004207895 0.57446295 0.4158223 0.0006153906 0.55093324 6.4450294e-05 3.4301578e-05 0.08204528 7.416259e-05 0.0001283877 0.00353785 0.00034990575 7.61936e-05 1.03285804e-22 0.07452563 0.030392494 0.4007739 0.65422624 9.275617e-06 0.44764766 0.15660603 3.0198173e-05 0.7345662 0.005904013 0.0008510746 6.477293e-05 8.6027736e-05 9.978493e-06 0.2781509 0.00014645566 4.196037e-05 3.8234e-05 0.08256547 0.039870653 0.3237045 0.06672216 0.00040866173 0.10191506 0.07415514 1.50633105e-05 0.06745482 0.4587335 0.0019297979 0.07700696 0.34304518 0.11648556 3.0001554e-06 0.00025073314 0.051364306 0.20836687 0.0014699087 0.49586335 0.081950895 0.07251899 0.02087373 0.018349964 0.015120356 0.001491839 1.5111828e-05 0.05871473 9.445717e-06 0.06617008 0.16832277 0.004226556 0.012417879 0.029121632 0.034607243 0.043851785 0.0751325 7.849433e-05 1.5868356e-05 0.0066077365 2.6389474e-05 0.007761785 0.004333294 0.00023515773 0.00021944186 0.0031920276 0.0013083575 0.0006393966 0.0026116055 0.010371396 0.0002883766 0.0004997096 0.017244635
0.032303356 0.019120654 0.038391884 0.0494573 0.0057784035 0.063860275 0.005546902 0.24953331 0.038874328 0.0061064065 0.00026465172 0.009224343 0.03246842 0.046614554 7.878893e-05 0.0041632922 0.02738204 0.1102372 0.043031525 0.001105207 0.3565964 0.001297995 0.0001619809 0.80118126 0.0063706203 0.013809082 0.002292975 0.052611556 0.0002873836 0.07452563 1.8338425e-25 0.0030013705 0.6957805 0.032209918 5.7253183e-05 0.0067171943 0.005842621 8.386529e-06 0.009300743 0.0012339138 0.034422014 0.00013647732 3.272296e-05 1.9869865e-05 0.0025918342 9.726406e-05 2.5896681e-05 2.0019575e-05 0.5038762 0.0027470696 0.690476 0.005099827 0.00036866803 0.0030851671 0.0018427938 6.771343e-06 0.0012234543 0.060769625 0.0084150685 0.0011769525 0.019174546 0.001049808 9.323255e-07 0.000107722306 0.0009896473 0.38873133 0.00015875658 0.17324793 0.003156949 0.0021282712 0.00030680382 0.00022055783 7.25767e-05 3.6497757e-05 2.9110815e-05 0.0011870423 3.5489977e-06 0.0020498696 0.04853994 0.0002791491 0.0002798886 0.0013278248 0.13288558 0.0017033136 0.07115467 3.7059006e-05 8.348888e-06 0.037939068 1.1762482e-05 0.00012754236 0.029040582 2.873481e-05 9.35693e-06 0.000113109374 2.7052974e-05 2.6503767e-06 0.00020608441 0.007782509 4.4232484e-06 2.3256913e-05 0.0004350769
