4.94239e-26 0.06499613 0.08222015 0.23777305 0.03118338 0.2182007 0.028999683 0.008868554 0.5184997 0.08502182 0.0107248835 0.041742265 0.008820438 0.065522395 0.6027461 0.0010264554 0.00389449 0.0011997652 0.00023309016 0.037979424 0.0025007771 0.03967461 8.2400096e-05 0.00043960236 0.040215384 0.038516287 0.53658456 0.40260497 5.4528362e-05 0.0065170047 0.01286708 1.3742389e-05 2.4527375e-05 0.968465 0.0001551614 0.004209932 1.7687739e-06 4.082825e-05 0.6258501 5.4390853e-06 0.015773287 0.000871539 1.2725555e-05 3.518105e-05 6.682009e-06 6.643873e-05 0.7696973 3.468017e-05 0.017924018 9.723906e-08 0.00020692081 1.2210656e-06 1.307481e-06 7.731067e-06 0.010217499 0.23378949 0.001798362 1.13350765e-07 0.0030219867 1.2217599e-06 5.0294297e-08 7.735908e-09 0.12531836 1.17318095e-07 3.7768237e-09 1.8723862e-09 1.9427484e-09 0.7944912 1.6376871e-06 0.00010935223 0.9878737 1.9079689e-05 0.2883121 5.569397e-06 0.70218724 1.6805698e-05 0.009798954 1.4933994e-10 2.840322e-06 0.9932438 4.616682e-06 0.93590057 0.11233302 4.5996653e-06 3.9401785e-10 0.01130665 2.3710163e-07 0.0014394608 0.93774825 4.4306005e-05 9.438022e-09 0.99217755 0.18997037 2.9646296e-11 1.8522929e-08 7.9090574e-11 0.94849336 8.734943e-08 0.980695 1.2866236e-12 0.6436405
0.06499613 2.276774e-19 0.6203232 0.55569774 0.34318265 0.48873624 0.7884803 0.7509801 0.31698126 0.06690817 0.70176125 0.099525176 0.044671886 0.12594168 0.1514538 0.19589125 0.14971185 0.3990156 0.3558405 0.039689463 0.49286127 0.008877274 0.2052529 0.27735162 0.014853378 0.014572458 0.033124506 0.0076251323 0.031515602 0.04282132 0.0015124017 0.10986531 0.15851888 0.19164695 0.14238277 0.013933704 0.0070926067 0.11683714 0.03662252 0.027805142 0.0017445971 0.13244618 0.014293273 0.1318223 0.0031414803 0.047348786 0.0012903976 0.0015365448 0.00038600469 0.0020758712 0.0043947785 0.043900337 0.025369262 0.038574874 3.9852657e-05 0.0001345339 8.5043896e-05 0.0044782753 0.001087684 0.019194942 0.0006779492 0.0042835246 0.00043113893 0.023959469 0.0047681155 0.015165824 0.006526169 0.00068846805 0.0002481717 0.0030380157 0.002675179 7.190574e-05 0.0004216246 0.009397687 0.0024603528 0.0030332315 4.239725e-05 0.0012913037 0.0008640691 0.042768043 4.2913507e-05 0.0016547282 1.5483627e-05 0.00030530183 0.0023147748 3.9487317e-05 5.7250294e-05 2.0817224e-05 0.003296315 6.5806407e-06 0.0006597287 0.004743677 0.0021959753 0.00023567813 0.00021462954 0.00036356747 0.0030821601 1.3555278e-05 0.0024525807 0.0006105889 0.0001790887
0.08222015 0.6203232 1.8940177e-19 0.618668 0.15879181 0.31078044 0.108402684 0.28009963 0.47131416 0.080624215 0.20888317 0.06399005 0.029715378 0.05267078 0.09951891 0.07563041 0.03723625 0.1556259 0.06206125 0.027711196 0.20030396 0.008325921 0.05210959 0.1018537 0.007462126 0.0054833847 0.05161475 0.0047487332 0.021274766 0.011517856 0.0014577898 0.028046427 0.03919318 0.22447072 0.04725472 0.0046387604 0.0062163547 0.050396763 0.015206355 0.020173404 0.0019302433 0.10104403 0.011671672 0.07168005 0.0017985636 0.045021027 0.0004535618 0.00077685644 0.00032559363 0.0029631166 0.0048709665 0.021978872 0.022740785 0.048381712 1.0654496e-05 5.343071e-05 0.0002160323 0.007880204 0.00077784876 0.01229421 0.00097620033 0.0053562243 8.9167486e-05 0.026171498 0.0040562055 0.009683772 0.0029167826 0.00016147115 0.00016620706 0.0023831562 0.001591546 0.00017533463 0.00011965145 0.0072876047 0.0030014105 0.0021989092 1.6247157e-05 0.0004285819 0.0017426742 0.055095278 0.000107582164 0.0020142235 1.5600623e-06 0.0005990968 0.0016079074 9.4023435e-06 0.00011174429 2.993265e-06 0.0024820603 8.656997e-06 0.0011161504 0.0048232484 0.0018822263 0.00033978213 0.0005663324 0.0010689634 0.0046105883 8.118575e-05 0.0035652474 0.00040281378 2.7660151e-05
0.23777305 0.55569774 0.618668 1.1537727e-20 0.1778004 0.5446321 0.12379542 0.26838872 0.7480555 0.07346305 0.17800228 0.05939832 0.028245697 0.055679027 0.1719591 0.061727617 0.03880572 0.13799636 0.071376674 0.025164492 0.16869324 0.006849474 0.0372016 0.07256298 0.0076553817 0.0045306724 0.06114118 0.004331705 0.013070424 0.010789865 0.0013703977 0.025777962 0.026364109 0.370109 0.03260738 0.0044053723 0.0030713873 0.03182844 0.047057047 0.011960822 0.0014866343 0.075813405 0.008721157 0.03658924 0.00085887354 0.031015918 0.0008177842 0.00042631966 0.00014739136 0.00085532357 0.004724575 0.011602404 0.011957581 0.02250744 2.9718058e-05 9.51927e-05 9.717209e-05 0.0032055234 0.00085014454 0.007876474 0.0002653738 0.0031018048 0.00024080617 0.015619675 0.0017790732 0.006613682 0.0016135009 0.00040760907 8.609709e-05 0.003837358 0.0032449192 0.00012758943 0.00025644514 0.0025542919 0.004562809 0.0014525297 6.127229e-05 0.00022878766 0.0013347745 0.15908943 8.917769e-05 0.004378891 3.989287e-06 0.00028871675 0.00067113043 3.3640226e-06 7.161298e-05 1.1741296e-06 0.0025114233 7.707635e-06 0.0010624422 0.0083196 0.00080843334 0.00018890461 0.00079445355 0.001025881 0.009357501 5.63303e-05 0.0059096515 0.000115823495 3.2552078e-05
0.03118338 0.34318265 0.15879181 0.1778004 1.0085895e-22 0.8102066 0.5972032 0.055965293 0.06842287 0.007688903 0.17349277 0.011552354 0.0056367978 0.24485336 0.4764876 0.014402369 0.153654 0.040881556 0.21404077 0.08714002 0.10091059 0.024988296 0.06614125 0.07611505 0.033160325 0.027975146 0.011983474 0.027144106 0.0040848795 0.041241206 0.0051052426 0.06106417 0.05659719 0.04279566 0.054419525 0.021020994 0.0013627112 0.055960864 0.12114751 0.018839601 0.009214008 0.04150498 0.01761554 0.059361495 0.00013935597 0.012588225 0.0025362978 0.00018526783 0.0019261667 0.0003408614 0.014228868 0.019790899 0.006613004 0.0145589765 9.408861e-05 0.0002848721 0.00019723049 0.00063517626 0.004510703 0.014679016 0.00013873154 0.00039921413 0.0013352934 0.014467239 0.0006162654 0.0058483686 0.003645916 0.0016195982 2.8768838e-05 0.0097955065 0.00982322 0.00050639553 0.0006582437 0.022398224 0.0020621805 0.013019392 7.631534e-05 0.00038184444 0.002644142 0.039813533 0.00026766385 0.0041243667 2.5396086e-05 0.00076505094 0.0011789808 0.00010484947 5.4124193e-05 2.8728042e-05 0.011422503 8.1636335e-06 0.001151818 0.010751023 0.00036070962 0.00036994336 0.0001899861 0.000461176 0.0052853827 3.444056e-05 0.0015106569 0.00043832176 0.0002599622
0.2182007 0.48873624 0.31078044 0.5446321 0.8102066 2.1612843e-22 0.4145886 0.07564502 0.29938853 0.016767096 0.12714896 0.0134286955 0.0071870578 0.11334367 0.53713334 0.013661204 0.061767187 0.034530517 0.17637385 0.03994585 0.08086807 0.0099531505 0.0411855 0.04062298 0.024419792 0.008772378 0.023259403 0.015039548 0.0039631845 0.016826717 0.004204269 0.0252811 0.02058272 0.14637177 0.02085419 0.008243409 0.0014668392 0.017202366 0.13435446 0.0046184 0.0037749554 0.028815785 0.005489912 0.024855051 0.00010714107 0.007179265 0.0034137624 0.0004503419 0.0007907083 0.00022984613 0.008952169 0.0072603044 0.007026099 0.0095218215 0.00010332882 0.00038352414 0.00025223012 0.0016363454 0.0023803965 0.0048581134 5.858598e-05 0.00071836234 0.0012326479 0.008423526 0.00037450675 0.0031419946 0.0010049306 0.0028528194 4.701118e-05 0.007337303 0.0150989145 0.00023888868 0.0016374023 0.0039692614 0.003962138 0.0036655862 0.00012779524 8.535126e-05 0.0019009929 0.13483839 0.0001897699 0.0078049675 3.5225836e-05 0.00040097767 0.0004157864 1.6193419e-05 0.00015822786 9.763968e-06 0.009150443 8.433972e-06 0.00092111126 0.012405107 0.00054668635 0.00017728523 0.00032621616 0.00076857174 0.009555904 4.097597e-05 0.004575531 6.3122156e-05 0.00018419792
0.028999683 0.7884803 0.108402684 0.12379542 0.5972032 0.4145886 1.5348509e-21 0.15125142 0.08497568 0.010442398 0.6485021 0.015237465 0.0046962923 0.18819584 0.14569332 0.028627796 0.4675528 0.09524906 0.806493 0.033934012 0.30011874 0.006004762 0.23909764 0.16536315 0.01326888 0.020776454 0.01590389 0.0074045956 0.0039921068 0.053720493 0.001721775 0.21603231 0.17169291 0.07913294 0.1354154 0.019405702 0.0011714118 0.10162464 0.093979366 0.048298355 0.002299583 0.078075364 0.041634526 0.09534794 5.728825e-05 0.010538168 0.0046741706 5.3699925e-05 0.00037875894 0.00013960271 0.004433761 0.048951156 0.005398805 0.011938463 0.000102666 0.00020850614 0.0001190247 0.00018112996 0.0013872392 0.050714616 6.489301e-05 0.0007734006 0.0010461855 0.013168617 0.0015219318 0.011247253 0.016754253 0.0022297655 2.2903489e-05 0.005500042 0.011612256 8.018789e-05 0.0004653754 0.026980357 0.0012328211 0.007864614 4.6375964e-05 0.0032042812 0.0012281162 0.04435629 3.1139774e-05 0.0054346193 1.9154111e-05 0.00021030525 0.007932502 1.4864905e-05 5.4126675e-05 1.8670542e-06 0.0066945464 1.310477e-06 0.00075067155 0.0077223615 0.0025759698 0.0011489704 0.00011755547 0.00036603282 0.006089309 1.8338708e-06 0.0009410283 0.00022611122 0.00024011823
0.008868554 0.7509801 0.28009963 0.26838872 0.055965293 0.07564502 0.15125142 1.9881777e-21 0.2933762 0.09033135 0.58606386 0.13833731 0.0945338 0.03631166 0.059050675 0.24259515 0.036555935 0.38672453 0.08424672 0.00497537 0.27429447 0.0005715224 0.07901673 0.14309457 0.0036980845 0.0016267622 0.053525425 0.0012740997 0.02729798 0.009527567 0.0003226082 0.038815666 0.0668396 0.34094557 0.06639789 0.0019716797 0.006026525 0.081132144 0.018469388 0.015746625 0.00014151445 0.16328867 0.010553566 0.10165685 0.0008963727 0.0529382 0.0013035468 0.0008333166 5.4307486e-05 0.001409196 0.000740533 0.037070736 0.022671506 0.039122272 1.5266023e-05 0.00012777856 2.2267477e-05 0.0050885263 0.00013015978 0.016086835 0.00028822786 0.0056970124 0.00033399262 0.019872107 0.0033221035 0.010896809 0.00306545 0.00035124813 0.0003511028 0.0006985799 0.0022172483 4.1582127e-05 0.0004133218 0.0035462948 0.0041997223 0.0008622445 2.9621771e-05 0.00077643094 0.0003271948 0.036148835 2.0146173e-05 0.0014623571 4.1524486e-06 5.0776845e-05 0.00076710095 4.9779108e-05 2.1127691e-05 8.698964e-06 0.0023650334 8.224193e-06 0.0001648402 0.0041032033 0.0087265475 4.2907366e-05 6.937348e-05 0.00011283001 0.0070247785 7.094088e-06 0.0041451217 0.00013303821 9.683286e-05
0.5184997 0.31698126 0.47131416 0.7480555 0.06842287 0.29938853 0.08497568 0.2933762 1.385021e-20 0.21867856 0.19974497 0.14915547 0.09133368 0.028367903 0.05547984 0.15453185 0.027085768 0.1994666 0.04482095 0.008209278 0.18386744 0.00336486 0.03635095 0.08758508 0.002728174 0.0025150462 0.14397308 0.0013002722 0.03619267 0.00461873 0.0006716105 0.01940563 0.025582088 0.509595 0.026218433 0.0026583862 0.006296415 0.024080964 0.013050739 0.014889423 0.0012395333 0.09166496 0.0059297383 0.04128653 0.0012751062 0.054529898 0.00038583906 0.0006597083 0.000109235596 0.0022264135 0.0031809995 0.021782499 0.018164331 0.046073083 1.5217328e-05 4.62008e-05 6.5449814e-05 0.0047325664 0.00039987694 0.008344824 0.00023364746 0.00727273 5.1949017e-05 0.018550644 0.0029163766 0.006614095 0.0014194956 8.794721e-05 0.00015170447 0.000674508 0.0013425143 5.3889948e-05 5.4848693e-05 0.003951949 0.0018403787 0.00038570788 4.9551454e-06 8.7650296e-05 0.00066925003 0.2713877 3.3715685e-05 0.0018195563 9.316419e-07 0.00014423969 0.0010536661 4.3687092e-07 4.178889e-05 2.714301e-07 0.0010364415 1.6817185e-06 0.00081041333 0.0041242093 0.0007462588 0.00030854438 0.0005387125 0.0010332922 0.0060165906 2.849608e-05 0.0044163004 0.0001528147 2.3232551e-05
0.08502182 0.06690817 0.080624215 0.07346305 0.007688903 0.016767096 0.010442398 0.09033135 0.21867856 8.526759e-19 0.031099372 0.394767 0.66134787 0.004781186 0.008151361 0.1948019 0.0035023012 0.06957648 0.0057189395 0.0014520829 0.024441395 0.0009386741 0.007677872 0.016043248 0.002049347 0.0007002241 0.72520643 0.00045129404 0.25063282 0.0014862694 0.000660185 0.003424162 0.008655447 0.6921138 0.010099415 0.0007380906 0.051410947 0.012204587 0.0010809669 0.0039569703 0.0005140735 0.1608561 0.0023257558 0.022867452 0.024106279 0.17349394 0.00014172799 0.00890003 7.8276506e-05 0.016942525 0.0015171611 0.01315149 0.050740372 0.07755757 7.914592e-06 8.777465e-06 3.3738845e-05 0.04171028 0.00043807938 0.0034873998 0.0053144963 0.016919702 4.0599785e-05 0.016744398 0.005649078 0.008292976 0.0008525117 1.5889147e-05 0.005214742 0.00061935984 0.00020690444 7.1380404e-05 2.530253e-05 0.0012991492 0.03513541 0.0003111696 2.373839e-06 5.425686e-05 0.00045351422 0.03796506 2.901965e-05 0.00025931245 6.735672e-07 3.573183e-05 0.00021051436 1.546591e-06 3.263931e-05 3.018458e-07 0.0004631069 1.2463382e-06 8.2006794e-05 0.0011477522 0.025139723 4.4429307e-05 0.00013781953 0.0001019692 0.0016717295 1.14700915e-05 0.01887676 2.88073e-05 1.7749956e-06
0.0107248835 0.70176125 0.20888317 0.17800228 0.17349277 0.12714896 0.6485021 0.58606386 0.19974497 0.031099372 9.998939e-22 0.05976497 0.021480741 0.09123576 0.11445978 0.0972029 0.11753228 0.36690304 0.4110266 0.019043196 0.48126036 0.0012653196 0.23248404 0.33179846 0.0057012653 0.0109096095 0.027851466 0.0023367787 0.009904911 0.04336453 0.00067434687 0.14753652 0.18893404 0.15131125 0.18782647 0.01665232 0.003018828 0.18409818 0.045575265 0.055101547 0.0009430227 0.17970888 0.04574148 0.16465208 8.591665e-05 0.03331894 0.0034559302 0.00019828399 0.00015584863 0.0006930606 0.0036177468 0.08773792 0.021993697 0.044644002 6.236183e-05 0.00026390594 9.190895e-05 0.0031279859 0.0006637269 0.07233973 0.00014236821 0.004352711 0.00090821163 0.04056677 0.0049350346 0.027242323 0.016003799 0.0011364735 0.00012709238 0.0052205813 0.0035862126 0.00010413447 0.0005077447 0.027138116 0.002230729 0.013337242 6.0801085e-05 0.0028505824 0.0016727358 0.028743302 3.8555525e-05 0.0018572505 1.0313071e-05 0.00012704755 0.0070727686 3.299427e-05 8.212348e-05 3.8619573e-06 0.0032132273 7.5037265e-06 0.00045358925 0.005316585 0.009242558 0.00048412321 0.0001793444 0.0002809492 0.009085495 6.506481e-06 0.0025232434 0.0003210861 0.00035822627
0.041742265 0.099525176 0.06399005 0.05939832 0.011552354 0.0134286955 0.015237465 0.13833731 0.14915547 0.394767 0.05976497 5.5857536e-21 0.72131413 0.008847127 0.011268607 0.4120983 0.010954644 0.12663405 0.0055812174 0.0051009525 0.048878837 0.0021097332 0.0140320035 0.042209234 0.0053223274 0.0024185684 0.23231184 0.0014109085 0.25722113 0.0053685205 0.0015353853 0.010919722 0.017517788 0.60957396 0.017705495 0.004108734 0.076292954 0.035366256 0.0014083422 0.010284113 0.00038933812 0.29941535 0.00946201 0.08140721 0.007943786 0.28933427 0.00041713973 0.006352556 5.9544847e-05 0.019504875 0.0037586286 0.03715756 0.13749897 0.23644497 4.6111705e-05 3.671693e-05 0.00010980913 0.06636644 0.000396561 0.016991545 0.00472932 0.05004025 0.00020093782 0.04291302 0.01626072 0.01463347 0.0031296972 4.3514443e-05 0.0075424374 0.004161234 0.00034483452 7.3002084e-05 0.00015919763 0.012785524 0.012202526 0.002228418 1.2143934e-05 0.00048352065 0.0015336848 0.02056617 3.055449e-05 0.0003625082 5.1391285e-06 0.00011566122 0.00076227216 2.0790726e-06 4.860419e-05 7.6156107e-07 0.0010098042 1.8977495e-06 0.00046031325 0.0022397237 0.026803005 0.0001105441 0.00027914485 0.000245588 0.0030462926 8.683647e-06 0.011092783 0.00014565462 9.984852e-06
0.008820438 0.044671886 0.029715378 0.028245697 0.0056367978 0.0071870578 0.0046962923 0.0945338 0.09133368 0.66134787 0.021480741 0.72131413 1.5354775e-21 0.0030466588 0.005595316 0.29076228 0.003921621 0.06975749 0.0035636495 0.0013008123 0.018890161 0.0008691763 0.0075312173 0.0139848245 0.0017843593 0.00069821364 0.48094308 0.000540259 0.31154823 0.0008764718 0.00042007558 0.005323764 0.011030822 0.5649259 0.01094188 0.00047911317 0.074007146 0.01575712 0.0002845973 0.0058022337 0.00011773846 0.19801147 0.0037668082 0.031171314 0.030479863 0.20133285 7.570463e-05 0.01090548 3.6889647e-05 0.030951465 0.0008140652 0.015721882 0.06359403 0.088903375 4.7757035e-06 6.365421e-06 2.3793886e-05 0.050507445 0.00014397333 0.0067568007 0.005584244 0.016387256 2.1933442e-05 0.02066181 0.004814659 0.009051551 0.0017660148 6.087776e-06 0.010194257 0.0003809172 7.02958e-05 3.9782142e-05 1.6202332e-05 0.0031305973 0.024719652 0.00035515035 2.8786415e-06 0.0001838315 0.00029008844 0.011810182 8.613048e-06 7.807439e-05 9.415475e-07 4.8799306e-05 0.0005259638 1.5539181e-06 1.3721474e-05 3.153762e-07 0.00014669582 8.649945e-07 0.0001694204 0.00056873634 0.026575673 8.429086e-05 0.00011560962 0.00022073333 0.00033954903 7.707193e-06 0.009049069 0.00010393198 8.3780435e-07
0.065522395 0.12594168 0.05267078 0.055679027 0.24485336 0.11334367 0.18819584 0.03631166 0.028367903 0.004781186 0.09123576 0.008847127 0.0030466588 6.905594e-21 0.5855184 0.002773005 0.65956175 0.014851572 0.11590162 0.77442896 0.05662003 0.4032599 0.079924405 0.042582914 0.42750996 0.24834397 0.008632509 0.28580213 0.0013091718 0.18033232 0.07868586 0.09208545 0.0644964 0.024143564 0.03250745 0.08332086 0.00029721248 0.012908851 0.63320225 0.037424054 0.0831788 0.021625321 0.07361956 0.0053393277 9.563689e-06 0.0018066406 0.054743912 0.00011002969 0.028719643 4.668962e-05 0.04653129 0.007009237 0.0009182043 0.0009667361 0.0028889992 0.0044804453 0.008657811 2.9886058e-05 0.02968974 0.008339125 3.3045755e-05 6.378234e-05 0.0060945433 0.0013121411 8.923758e-05 0.0008293327 0.0036694526 0.00957765 1.5521435e-06 0.031551976 0.15958524 0.003427931 0.0037891213 0.024339892 0.00088282925 0.013411233 0.0007611002 0.0003691613 0.0049751424 0.047312032 0.001290413 0.03318408 0.00023398771 0.0015929209 0.0007626336 0.00045683628 0.0003207641 0.0001491777 0.047827583 6.182132e-05 0.000851998 0.043652188 0.0003421999 0.0005592513 0.00025214526 0.00028292384 0.031767484 4.5908462e-05 0.00066414033 0.0008131679 0.0024872082
0.6027461 0.1514538 0.09951891 0.1719591 0.4764876 0.53713334 0.14569332 0.059050675 0.05547984 0.008151361 0.11445978 0.011268607 0.005595316 0.5855184 6.898907e-21 0.007871965 0.17333274 0.01617644 0.068420134 0.3139295 0.04485212 0.15664205 0.030019382 0.024063764 0.20900592 0.053382054 0.007245219 0.3054233 0.001881784 0.034931865 0.02512758 0.0150244245 0.012455555 0.01351056 0.009024683 0.02132645 0.00053552457 0.006687855 0.8145315 0.009622203 0.020458164 0.007938738 0.007986354 0.013279129 1.4972121e-05 0.0013804645 0.0137821445 2.7530148e-05 0.0043748426 5.7102574e-05 0.011531012 0.0052557946 0.00073188386 0.005730112 0.0005835549 0.0015011082 0.0009792325 5.5603097e-05 0.007197576 0.0048915097 1.6317468e-05 0.00017498033 0.0020716342 0.012474056 0.00014799745 0.0024279603 0.0017024002 0.0029484206 4.9683024e-07 0.003502717 0.13877003 0.00017307061 0.0020241677 0.00810054 0.00029311265 0.0014235022 0.00014094541 0.00035462392 0.0014010799 0.2261385 0.0002013606 0.008766038 7.678929e-05 0.00033402417 0.0003010356 2.4484396e-05 5.0016755e-05 1.0652767e-05 0.021920552 5.3646972e-06 0.0003711105 0.10606368 1.4962086e-05 0.00031633757 0.00031431977 0.00080956164 0.011878595 8.380237e-06 0.0003787432 0.0014736592 0.0009341104
0.0010264554 0.19589125 0.07563041 0.061727617 0.014402369 0.013661204 0.028627796 0.24259515 0.15453185 0.1948019 0.0972029 0.4120983 0.29076228 0.002773005 0.007871965 3.8280024e-21 0.0043233237 0.49318218 0.009814446 0.0003785946 0.11760864 0.00014286819 0.025583323 0.07878206 0.00082260685 0.00034488647 0.06489654 0.00013086812 0.19734977 0.0015463653 0.00025525008 0.009390189 0.021456499 0.32684833 0.038460534 0.00043334058 0.056702096 0.07712545 0.0010216895 0.006456759 5.812795e-05 0.27984205 0.0047180397 0.10878777 0.0013087068 0.2318594 0.0002944359 0.0011985091 4.460915e-05 0.010767111 0.00029353815 0.046643585 0.09330171 0.10695014 1.5870502e-05 8.188839e-05 9.232774e-05 0.034567628 0.0001044424 0.015675895 0.001615471 0.02324644 0.00024136351 0.047006175 0.017142197 0.025783114 0.0040645367 5.1395185e-05 0.0026103817 0.0006912022 0.00038705324 6.384021e-05 0.00018149219 0.0032030253 0.006665188 0.0010583263 1.2118158e-05 0.0021430117 0.0005852796 0.010376303 2.7534006e-05 0.00047027954 4.575524e-06 0.000104630126 0.0011061181 1.17843665e-05 6.4166095e-05 2.4973676e-06 0.0011960554 5.1093143e-06 0.00020614243 0.00250899 0.02160979 6.003963e-05 0.00026445242 0.00027438137 0.0034234321 1.5649402e-05 0.0038641018 0.00035911132 1.0341908e-05
0.00389449 0.14971185 0.03723625 0.03880572 0.153654 0.061767187 0.4675528 0.036555935 0.027085768 0.0035023012 0.11753228 0.010954644 0.003921621 0.65956175 0.17333274 0.0043233237 1.3616341e-22 0.0243359 0.5152705 0.33897585 0.104979046 0.06799983 0.17920281 0.08909509 0.07848912 0.35939622 0.006173622 0.04519229 0.0011504556 0.5863645 0.013125855 0.5247608 0.25843653 0.019123174 0.13509984 0.25284484 0.00024346959 0.086872004 0.18978249 0.19352052 0.034607187 0.049339883 0.3512924 0.057152405 9.2560396e-07 0.0017206344 0.02577945 3.690823e-05 0.00536601 5.2121268e-05 0.07952105 0.03717392 0.003387967 0.004023312 0.0007127204 0.0022906833 0.0017360629 0.00019092057 0.018085983 0.06619639 2.2624612e-05 0.0003521744 0.0034893043 0.012424797 0.00068997685 0.010069155 0.023111172 0.0088481605 7.113816e-06 0.16175953 0.0121496925 0.001767978 0.0015470638 0.10409817 0.0008044226 0.08446106 0.0006658625 0.0021540516 0.021255543 0.010144538 0.0002879817 0.0052886754 8.235226e-05 0.003181233 0.008563243 0.00021038431 0.00067251583 4.421926e-05 0.008615935 2.5145304e-05 0.011607561 0.0102355415 0.0022827857 0.0029570796 0.0022037744 0.0031755317 0.011636234 5.1672072e-05 0.0006222662 0.00049344014 0.0026076185
0.0011997652 0.3990156 0.1556259 0.13799636 0.040881556 0.034530517 0.09524906 0.38672453 0.1994666 0.06957648 0.36690304 0.12663405 0.06975749 0.014851572 0.01617644 0.49318218 0.0243359 2.0776543e-22 0.094639316 0.0015464975 0.63821036 0.00029055387 0.12583505 0.42245775 0.0019025065 0.0010770453 0.028978333 0.00018047112 0.03352525 0.008054962 0.00019412235 0.046688356 0.08626261 0.1966187 0.117442004 0.0020031524 0.009723736 0.13930643 0.003767705 0.01420342 8.004517e-05 0.29217115 0.021390323 0.16982181 0.00014088333 0.07523375 0.0005686607 0.00032952023 2.5657151e-05 0.0012357198 0.00067316525 0.057922244 0.04810423 0.088167734 1.1975036e-05 9.539354e-05 3.6991496e-05 0.0104468055 0.00010665511 0.036807787 0.00013658435 0.015659811 0.00019647187 0.055993296 0.015914656 0.03478294 0.007031783 7.8264704e-05 0.0006031579 0.001857431 0.00058375834 4.303383e-05 0.00032495058 0.008206296 0.001482571 0.0024801425 2.3850545e-05 0.002168613 0.000603028 0.008922062 8.3919695e-06 0.00043382164 5.4968637e-06 7.990331e-05 0.0018176658 7.2664407e-06 2.1882399e-05 7.227968e-07 0.0013297002 2.1373487e-06 0.00029473595 0.001373654 0.009513089 3.9306182e-05 0.00029315488 0.00025427365 0.004845126 4.7901126e-06 0.0014297969 0.00028607732 3.3210265e-05
0.00023309016 0.3558405 0.06206125 0.071376674 0.21404077 0.17637385 0.806493 0.08424672 0.04482095 0.0057189395 0.4110266 0.0055812174 0.0035636495 0.11590162 0.068420134 0.009814446 0.5152705 0.094639316 3.9438605e-26 0.026927862 0.5687842 0.0034400513 0.6373142 0.41842836 0.0101734195 0.02058587 0.0054101776 0.0026931362 0.0008215575 0.06579993 0.0013420111 0.4874676 0.4213698 0.036526766 0.2630667 0.018190635 0.000113913906 0.17585476 0.025318308 0.09544063 0.0010714511 0.08082983 0.0828805 0.14474773 2.2900224e-06 0.00196352 0.0022197724 3.07271e-05 0.00016985364 4.3050823e-05 0.002790216 0.06243045 0.001912509 0.010743157 8.404853e-05 0.00027950286 6.87636e-05 7.656757e-05 0.0007066141 0.1110099 1.8792398e-05 0.00016326239 0.00063608185 0.021997718 0.00027382665 0.017302698 0.015858721 0.0006116224 1.32300875e-05 0.008039974 0.0012533477 5.9789763e-05 0.0005670547 0.04786105 0.0007683431 0.019450491 6.2628846e-05 0.0026932657 0.0010300891 0.0111885145 1.8934279e-05 0.00069770607 1.109512e-05 7.1480536e-05 0.011238075 2.8084243e-05 2.1740703e-05 1.6848168e-06 0.0009959881 1.3261358e-06 0.00028948902 0.0021361825 0.003251527 0.0007782691 0.00010876377 0.00021875234 0.0018423342 3.4964726e-06 0.00053071446 0.00015233264 0.00033918416
0.037979424 0.039689463 0.027711196 0.025164492 0.08714002 0.03994585 0.033934012 0.00497537 0.008209278 0.0014520829 0.019043196 0.0051009525 0.0013008123 0.77442896 0.3139295 0.0003785946 0.33897585 0.0015464975 0.026927862 1.9413873e-22 0.010619174 0.84603935 0.020931859 0.008477206 0.6702661 0.41891587 0.004971578 0.38628295 9.587637e-05 0.23681267 0.47895345 0.035020445 0.024018051 0.008597849 0.011012469 0.21848956 4.770039e-05 0.006934223 0.36743125 0.041860722 0.27377033 0.014399346 0.13631786 0.0046814173 2.6769715e-07 0.00028247168 0.31563434 5.0025365e-06 0.1265009 5.389018e-06 0.22882585 0.003569728 0.0005047081 0.00059397134 0.062042575 0.034388345 0.06428399 5.3130134e-06 0.10800232 0.005812112 2.580459e-06 8.828911e-06 0.031485207 0.0007896209 2.3863274e-06 0.00017109164 0.00178064 0.04701902 7.5926954e-07 0.20562972 0.09078643 0.029292077 0.0143968 0.07638369 0.00025837863 0.105702944 0.004460165 1.3774483e-05 0.0535531 0.012759177 0.008755532 0.07277722 0.0026573897 0.01422808 0.00036093328 0.0020130447 0.0063014943 0.00025951234 0.07447488 0.000656478 0.017843042 0.033908747 0.00013706298 0.000546221 0.0028082852 0.0057899957 0.052627765 0.00022618218 0.00016426378 0.00023300394 0.0154334735
0.0025007771 0.49286127 0.20030396 0.16869324 0.10091059 0.08086807 0.30011874 0.27429447 0.18386744 0.024441395 0.48126036 0.048878837 0.018890161 0.05662003 0.04485212 0.11760864 0.104979046 0.63821036 0.5687842 0.010619174 6.4916796e-23 0.0017544236 0.51996857 0.6646295 0.00695803 0.008184331 0.01513049 0.0013056233 0.006494099 0.037513074 0.0009129078 0.17120624 0.23737231 0.124936715 0.2640221 0.011683353 0.0014222104 0.20791014 0.009984581 0.04073492 0.00049238146 0.22111642 0.043086357 0.19917282 1.1908038e-05 0.018553402 0.0024911712 0.00014179912 0.000112419606 0.00020725616 0.0020760545 0.08195603 0.014066617 0.044904802 9.329161e-05 0.000269532 5.458341e-05 0.0010988046 0.00025970326 0.059829526 7.793505e-05 0.0018142905 0.0006110132 0.038671903 0.0033813966 0.024392087 0.009458532 0.0010256125 0.00019800113 0.003746997 0.0012026184 4.681214e-05 0.0021134242 0.025008388 0.0013067893 0.010304109 5.9976337e-05 0.0024430598 0.00082142005 0.011604053 1.0070738e-05 0.00059804786 1.7404791e-05 7.2033676e-05 0.0051635527 6.510602e-06 1.7933304e-05 1.2199715e-06 0.0010850611 1.9942943e-06 0.00022228387 0.001024953 0.008383332 6.096529e-05 0.00014985271 8.937462e-05 0.0047063916 4.4830604e-06 0.00093913253 4.379263e-05 0.00029628113
0.03967461 0.008877274 0.008325921 0.006849474 0.024988296 0.0099531505 0.006004762 0.0005715224 0.00336486 0.0009386741 0.0012653196 0.0021097332 0.0008691763 0.4032599 0.15664205 0.00014286819 0.06799983 0.00029055387 0.0034400513 0.84603935 0.0017544236 3.5510767e-21 0.0025265445 0.0012299012 0.7172493 0.39200863 0.0026635556 0.32606736 9.9594254e-05 0.09786833 0.57029194 0.0067106956 0.0029430743 0.0029142748 0.0012077731 0.11945829 5.46825e-05 0.001133964 0.24250543 0.00928375 0.28890195 0.006368218 0.03401014 0.001984992 1.0732484e-06 0.0001485832 0.44364533 2.302162e-06 0.17566112 4.937903e-06 0.17503406 0.0009660227 0.0004321718 0.0002521056 0.10447104 0.09757569 0.10008068 1.15543535e-05 0.11469103 0.0017496775 2.5222723e-06 1.6228667e-05 0.061536103 0.00029189058 3.847921e-06 3.6449685e-05 0.00031115208 0.083949186 6.044051e-07 0.16749798 0.05421194 0.03846048 0.024266846 0.035100445 0.00026452052 0.04218376 0.0074329884 4.625924e-06 0.06869511 0.007721227 0.017463693 0.09504924 0.004873871 0.02663467 7.844031e-05 0.0037465843 0.008437906 0.0010937273 0.058049876 0.0034804307 0.009210498 0.024961187 0.00016574882 0.00015863491 0.006089675 0.0059431954 0.034224782 0.0006105766 0.00057294895 8.589862e-05 0.010869213
8.2400096e-05 0.2052529 0.05210959 0.0372016 0.06614125 0.0411855 0.23909764 0.07901673 0.03635095 0.007677872 0.23248404 0.0140320035 0.0075312173 0.079924405 0.030019382 0.025583323 0.17920281 0.12583505 0.6373142 0.020931859 0.51996857 0.0025265445 4.8971637e-25 0.63365585 0.009752004 0.014550865 0.006214102 0.0019447759 0.0023461685 0.049927678 0.0016245903 0.46281025 0.53615415 0.025768805 0.40910113 0.019683981 0.00039659184 0.25050122 0.0065214313 0.10702592 0.001095151 0.1110887 0.06696586 0.18641034 1.5794699e-06 0.0063111503 0.0025597299 2.6859245e-05 0.00013670293 8.2913175e-05 0.0033571485 0.08426239 0.004833376 0.026823038 0.00017263723 0.00063861534 0.000104406245 0.00038453826 0.00047249714 0.11877282 2.453292e-05 0.00043161574 0.0010712723 0.0331364 0.0018847553 0.027218666 0.016983112 0.0009867593 3.623079e-05 0.00956826 0.0006952011 8.121836e-05 0.0015695185 0.057928197 0.0007219298 0.02057562 5.9145514e-05 0.0046088765 0.0008380702 0.00560381 1.3815278e-05 0.00036130243 2.8971865e-05 6.4469175e-05 0.008412468 1.6877477e-05 2.0353638e-05 1.4851223e-06 0.0003603357 1.3277847e-06 0.0004151053 0.00075777073 0.003956768 0.0013771397 7.1097296e-05 0.0001190884 0.0010396153 2.0393927e-06 0.00028606507 0.00021782034 0.00055998005
0.00043960236 0.27735162 0.1018537 0.07256298 0.07611505 0.04062298 0.16536315 0.14309457 0.08758508 0.016043248 0.33179846 0.042209234 0.0139848245 0.042582914 0.024063764 0.07878206 0.08909509 0.42245775 0.41842836 0.008477206 0.6646295 0.0012299012 0.63365585 3.4144456e-24 0.0036331273 0.0070355493 0.013342732 0.000716265 0.005978423 0.04353936 0.00036274665 0.3593003 0.49076313 0.050809618 0.50528306 0.01593465 0.0021755598 0.36582124 0.0060306103 0.075226 0.00035508414 0.22195509 0.074042186 0.30175397 4.482329e-06 0.028495919 0.001767951 7.856024e-05 6.8441914e-05 0.00026371775 0.0018072051 0.15508851 0.023141932 0.070042804 3.401264e-05 0.00035799932 4.1151332e-05 0.0022535485 0.00019316263 0.1166314 6.5716136e-05 0.0042042607 0.00031941212 0.0644769 0.008080156 0.03747978 0.01741727 0.000647603 9.5426025e-05 0.005160242 0.001029555 2.3052236e-05 0.00064160925 0.029407531 0.0008461367 0.013098738 1.950946e-05 0.0062248074 0.0003311559 0.0055909 3.223858e-06 0.0005762672 8.965202e-06 4.059131e-05 0.0076370966 7.77914e-06 3.099183e-06 1.4874157e-06 0.0009278736 7.238467e-07 0.00016249194 0.00065638404 0.006404615 0.00036796517 2.2862463e-05 3.9952927e-05 0.0021920833 9.795149e-07 0.000219908 0.00024753963 0.00024485344
0.040215384 0.014853378 0.007462126 0.0076553817 0.033160325 0.024419792 0.01326888 0.0036980845 0.002728174 0.002049347 0.0057012653 0.0053223274 0.0017843593 0.42750996 0.20900592 0.00082260685 0.07848912 0.0019025065 0.0101734195 0.6702661 0.00695803 0.7172493 0.009752004 0.0036331273 4.3295638e-20 0.18287377 0.001280724 0.8846787 0.00023227511 0.08590962 0.6830076 0.013072313 0.007247683 0.0021585438 0.0038795362 0.08088637 0.00023503057 0.0016851535 0.23974735 0.010936867 0.2248323 0.009167336 0.027202189 0.0015165744 7.251765e-06 0.00036972066 0.5560397 4.1475356e-05 0.2674042 4.9348742e-05 0.11668775 0.0011131776 0.0011922556 0.00080535415 0.28944644 0.14419086 0.14074652 0.00012434072 0.08867268 0.0019361227 1.699668e-05 7.311147e-05 0.13987072 0.0005934889 1.8784245e-05 0.00016777604 0.00041603175 0.101435825 4.126819e-06 0.07165503 0.041803055 0.02633936 0.03839184 0.013444854 0.0002695572 0.018204102 0.016448593 1.6000959e-05 0.022974074 0.0032799288 0.016501896 0.08128421 0.008901523 0.010760044 0.00016082585 0.0071396464 0.003540442 0.0030783163 0.052947998 0.006238733 0.006657641 0.02034544 7.0539034e-05 0.00022876126 0.0017931175 0.003214113 0.038433142 0.0014506476 0.00027989954 0.00011318728 0.018881945
0.038516287 0.014572458 0.0054833847 0.0045306724 0.027975146 0.008772378 0.020776454 0.0016267622 0.0025150462 0.0007002241 0.0109096095 0.0024185684 0.00069821364 0.24834397 0.053382054 0.00034488647 0.35939622 0.0010770453 0.02058587 0.41891587 0.008184331 0.39200863 0.014550865 0.0070355493 0.18287377 6.4705294e-19 0.0019572338 0.10509387 0.00015415756 0.4698756 0.13366657 0.041965228 0.024592476 0.004347121 0.0103919655 0.44500056 0.00010068793 0.007072843 0.14770658 0.045373835 0.46038914 0.010080747 0.2330065 0.0047917077 4.8965916e-07 0.0004950276 0.21085322 3.513024e-06 0.09795641 2.3067014e-05 0.37636644 0.0056619146 0.0007443238 0.0017483939 0.018841196 0.036796384 0.06555959 2.3247976e-05 0.253839 0.011536429 2.1574542e-05 4.5683144e-05 0.015996953 0.0019087207 3.62756e-05 0.0006275323 0.0050166086 0.028225055 6.5461677e-07 0.34419394 0.027026573 0.042844318 0.008031066 0.09824646 0.00034057515 0.2008213 0.0028110773 6.9902446e-05 0.11472502 0.0034098513 0.012994008 0.02880324 0.0014215853 0.023180643 0.00066310936 0.0013663876 0.008777335 0.00024144432 0.019263443 0.001153313 0.035967767 0.01101778 0.0002843675 0.0019175266 0.010518313 0.010983495 0.018432986 0.0002200066 0.000202391 0.00032069406 0.006916351
0.53658456 0.033124506 0.05161475 0.06114118 0.011983474 0.023259403 0.01590389 0.053525425 0.14397308 0.72520643 0.027851466 0.23231184 0.48094308 0.008632509 0.007245219 0.06489654 0.006173622 0.028978333 0.0054101776 0.004971578 0.01513049 0.0026635556 0.006214102 0.013342732 0.001280724 0.0019572338 8.3332135e-18 0.0012237857 0.11955171 0.002797658 0.00074855826 0.003119591 0.005977354 0.71408623 0.007445084 0.0021377127 0.020876901 0.0056574354 0.004193943 0.0029581585 0.0012884394 0.04424139 0.0014921683 0.008167049 0.05704849 0.06903058 0.00038531632 0.016482402 6.741649e-05 0.015512537 0.0036651213 0.005548444 0.022192411 0.016475353 8.884124e-06 8.366906e-05 0.00010080284 0.013860579 0.00026005518 0.002167945 0.0033459866 0.008435834 1.0900514e-05 0.012943855 0.0027512405 0.0063814525 0.0009996648 6.630866e-05 0.0031859344 0.0007316773 0.0005337945 0.000104014965 0.00011829841 0.0011399667 0.104420096 0.00046385766 1.6153344e-05 0.00033497927 0.0003761551 0.12769318 7.960606e-05 0.0015034041 1.761827e-05 7.791744e-05 0.000407184 9.1457434e-07 0.00012060633 2.3165713e-07 0.0003842954 4.061227e-06 0.0002635463 0.0009277706 0.014388097 7.7624034e-05 0.00016870243 0.00024542783 0.008457624 1.4783163e-05 0.11155926 6.648957e-05 1.0175223e-05
0.40260497 0.0076251323 0.0047487332 0.004331705 0.027144106 0.015039548 0.0074045956 0.0012740997 0.0013002722 0.00045129404 0.0023367787 0.0014109085 0.000540259 0.28580213 0.3054233 0.00013086812 0.04519229 0.00018047112 0.0026931362 0.38628295 0.0013056233 0.32606736 0.0019447759 0.000716265 0.8846787 0.10509387 0.0012237857 1.701473e-22 9.879319e-05 0.03504698 0.2998764 0.0026497436 0.001525156 0.0014696249 0.0006657003 0.03329685 3.2048814e-05 0.0004899072 0.513565 0.003178972 0.091869414 0.003591478 0.012261137 0.00074627664 2.9633637e-07 4.4593668e-05 0.5821567 4.222735e-06 0.047713526 5.6687627e-06 0.035659913 0.00037748058 9.933208e-05 0.00025486745 0.059223637 0.08136859 0.020730693 6.8934214e-06 0.027845398 0.00061512017 1.1268967e-06 8.827026e-06 0.072181605 0.00016336955 2.7802182e-06 3.5989215e-05 9.535716e-05 0.09059729 7.498086e-07 0.023027113 0.18062368 0.0029220672 0.027649382 0.0013892517 4.0714713e-05 0.0020065594 0.004387515 2.6481962e-06 0.004283659 0.00820274 0.002848801 0.2164634 0.002308033 0.0015455944 9.2622695e-06 0.0017512441 0.00040730985 0.0006889403 0.16645297 0.0014117026 0.00031482708 0.10024188 6.801259e-07 4.101405e-05 0.0005052287 7.355395e-05 0.10185741 4.391558e-05 0.0001343972 1.8945788e-05 0.0074674617
5.4528362e-05 0.031515602 0.021274766 0.013070424 0.0040848795 0.0039631845 0.0039921068 0.02729798 0.03619267 0.25063282 0.009904911 0.25722113 0.31154823 0.0013091718 0.001881784 0.19734977 0.0011504556 0.03352525 0.0008215575 9.587637e-05 0.006494099 9.9594254e-05 0.0023461685 0.005978423 0.00023227511 0.00015415756 0.11955171 9.879319e-05 2.9716034e-19 0.00037392558 9.286278e-05 0.0010142018 0.003961437 0.14441927 0.005296958 0.0001750566 0.36858514 0.010521374 0.00020225305 0.0009718136 2.5985422e-05 0.14563864 0.0005043977 0.023676498 0.014279867 0.28693378 0.00016646118 0.011786014 1.2951633e-05 0.19768673 0.0001434851 0.016498465 0.07761017 0.05905632 4.223701e-06 2.4905501e-05 1.4016214e-05 0.09606994 7.96568e-05 0.00695169 0.05077162 0.028524067 1.557827e-05 0.020584894 0.0082834 0.009117311 0.0008335387 1.2268582e-05 0.05555567 0.00027766015 0.00017423532 1.4604568e-05 6.5455783e-06 0.0017854898 0.020617552 0.0003860897 3.444729e-07 0.0005085567 0.00018660002 0.0052822228 5.7842476e-06 0.0001944837 5.0326855e-07 3.8117938e-05 0.00040433503 1.6334789e-06 4.268939e-06 3.758105e-07 0.00046333196 6.182008e-07 1.5630028e-05 0.0004700961 0.049858294 1.5568068e-05 7.7509e-05 3.5279794e-05 0.0006220426 1.4111056e-06 0.017758036 8.33714e-05 2.6088418e-07
0.0065170047 0.04282132 0.011517856 0.010789865 0.041241206 0.016826717 0.053720493 0.009527567 0.00461873 0.0014862694 0.04336453 0.0053685205 0.0008764718 0.18033232 0.034931865 0.0015463653 0.5863645 0.008054962 0.06579993 0.23681267 0.037513074 0.09786833 0.049927678 0.04353936 0.08590962 0.4698756 0.002797658 0.03504698 0.00037392558 1.666103e-21 0.036954977 0.17776872 0.108528964 0.0032390389 0.075836286 0.6516803 8.185801e-05 0.10848838 0.039545048 0.13417009 0.15696885 0.049449444 0.40303814 0.041412584 9.629036e-07 0.0018414225 0.022544429 7.568834e-06 0.019936923 1.9238376e-05 0.35625163 0.021979889 0.001224371 0.0023444083 0.004311328 0.0040770452 0.0140569955 1.1992568e-05 0.07997563 0.04359379 5.435438e-05 2.234604e-05 0.006461277 0.0029287054 2.8975044e-05 0.0021690393 0.017443826 0.00482493 4.175461e-06 0.35834226 0.004284916 0.011883206 0.0021622144 0.16007623 0.00029028743 0.26985747 0.0017891485 0.00096391066 0.07643998 0.0024490634 0.001352574 0.005158074 0.0004446884 0.013998227 0.008320413 0.0004031599 0.0022781729 0.00016346897 0.008359804 0.0001700282 0.0480076 0.005525877 0.0025651918 0.0054300213 0.009634139 0.008038218 0.010009798 6.0687886e-05 0.00028733455 0.0014538068 0.0034387656
0.01286708 0.0015124017 0.0014577898 0.0013703977 0.0051052426 0.004204269 0.001721775 0.0003226082 0.0006716105 0.000660185 0.00067434687 0.0015353853 0.00042007558 0.07868586 0.02512758 0.00025525008 0.013125855 0.00019412235 0.0013420111 0.47895345 0.0009129078 0.57029194 0.0016245903 0.00036274665 0.6830076 0.13366657 0.00074855826 0.2998764 9.286278e-05 0.036954977 1.5860086e-21 0.001993953 0.0014011522 0.0006368783 0.000455916 0.05638146 9.947314e-05 0.00020207373 0.06759993 0.0028433953 0.42734733 0.0018216727 0.012025851 0.0003630784 1.4112994e-06 9.7636366e-05 0.42524433 3.1701165e-06 0.5506597 1.0508286e-05 0.13925645 0.00022570361 0.00011280075 7.0294125e-05 0.61371773 0.20971537 0.37973905 1.8714993e-05 0.15753186 0.0006200203 4.3487876e-06 1.4304903e-05 0.15017484 0.00018821175 1.8502857e-06 5.6993493e-05 0.00020907303 0.15212989 5.701491e-07 0.07062712 0.017797224 0.08862204 0.07201409 0.008775386 0.00017934985 0.01081874 0.03622614 2.4459646e-06 0.04584907 0.001422169 0.06726025 0.061551888 0.014866294 0.031749025 8.533352e-05 0.020530656 0.018180525 0.007367344 0.029030701 0.035093326 0.00538063 0.011335915 1.4316354e-05 0.00013000533 0.006795892 0.0034934161 0.030814337 0.0022494004 8.411982e-05 1.5818252e-05 0.019450571
