4.5754472e-26 2.5536377e-08 0.00040622771 6.150696e-06 0.005571924 0.0024301053 0.0060379305 4.0566056e-06 0.002924777 0.030822253 0.03244373 0.00068617746 0.17725311 0.014983921 0.00015796055 0.0017554204 0.00054165506 0.021360504 6.614849e-07 0.03999561 0.0009605691 0.25162405 1.16749646e-07 0.02749697 0.0022706215 0.0010259846 0.010204494 0.07120098 1.00551815e-05 7.2766143e-06 2.4542067e-07 0.017232602 0.0009960314 0.06099004 0.13095133 0.18771793 0.014032558 0.06545718 0.2844273 0.19874771 1.0084582e-06 0.14721602 0.2955219 0.00077695533 0.014972845 0.13055277 0.0011902375 0.0006658996 1.8356654e-05 0.11193574 0.00011521251 0.002102292 0.0350427 6.4021447e-06 0.47401786 0.45946544 0.25825027 0.13725626 0.6424347 0.00047578785 8.6728414e-07 0.3127175 1.7339553e-12 0.008717086 0.8126537 0.8616306 1.6414132e-08 0.024887728 1.4058985e-07 0.00021550781 0.089056775 0.11624921 6.2745105e-13 0.3812461 0.0005595693 0.9916837 0.568821 0.5630298 0.02969866 2.1803e-08 5.2377885e-07 6.6002416e-05 0.00015876567 0.0003386505 0.99780416 0.2938214 0.006977494 6.0147913e-06 0.99676156 0.0056818556 0.98483723 1.3336096e-06 0.0005556424 1.9228929e-07 0.7452105 0.84603924 6.80597e-09 0.2063476 0.034889024 0.8979186 0.98509675
2.5536377e-08 3.9242933e-25 0.24382943 0.7107913 0.08362808 0.030486397 0.017524589 0.12678586 0.00794629 0.0075186263 0.0010375258 0.012167039 0.0084581 0.0003063819 0.0017162848 0.00028909286 0.004334741 2.2955686e-05 0.006690624 0.00020513323 3.2452892e-05 0.011622476 0.00017538396 4.4161925e-06 1.2324449e-05 8.7027565e-06 1.902462e-05 0.0066642603 1.36409335e-05 3.7656405e-06 4.729051e-05 1.9729935e-06 2.3542078e-05 0.00037743401 9.63001e-05 0.0014919783 6.7582982e-06 0.00029615994 0.0013849406 3.9761584e-05 4.0060618e-06 0.0007072241 0.0026987344 1.9575864e-05 0.00012735045 0.0039967564 0.0003459701 0.0022455251 0.0037629863 0.00028567357 0.0006166852 1.1253104e-06 4.4218716e-05 0.0031293603 0.00032228528 6.2759726e-05 0.00067111757 0.0032179712 0.00016062199 3.2892212e-06 6.179491e-07 0.0002849077 3.0388816e-07 1.042648e-05 0.0014378021 0.0015211068 1.972397e-06 0.00038436853 4.4458804e-07 4.562652e-06 0.00995607 0.008635719 4.067103e-08 3.289455e-05 6.673058e-05 0.0070705023 0.0057441653 0.0067881416 0.0024229917 2.946998e-07 3.8158046e-07 5.1959546e-06 1.3189862e-05 1.2456122e-06 0.0009980709 0.00022281129 0.0075608455 1.7130077e-06 0.0019807778 2.6287342e-05 0.0003387009 1.4893631e-06 3.3400504e-06 1.9707885e-07 0.00015614109 0.008060457 1.933138e-09 3.782043e-05 1.4227516e-05 2.767791e-05 0.007553368
0.00040622771 0.24382943 2.5125706e-23 0.25878036 0.47011673 0.71605134 0.11614901 0.41204965 0.49913272 0.3115428 0.020168712 0.015693882 0.40668973 0.0031328027 0.0011438718 0.00064081344 0.10516606 0.00038166915 0.002702768 0.01508722 0.00014183103 0.2574338 4.924794e-05 0.0007079594 7.034388e-05 2.3445802e-05 0.0008053656 0.14721358 4.4828786e-05 4.7804995e-05 3.3139175e-05 5.750701e-06 6.3343046e-05 0.008552277 0.000105642896 0.032778583 3.0390991e-05 0.001987974 0.020433307 0.00044378065 5.4279863e-06 0.0052865725 0.047255162 7.660373e-05 0.00019884566 0.028560515 0.0008602118 0.0033335667 0.0012683817 0.0015258105 0.00037480454 5.8481837e-06 5.6452976e-05 0.00335936 0.001508263 9.525681e-05 0.00084110396 0.013998908 0.00096907007 4.0839564e-06 1.3739814e-06 0.00025714532 5.325609e-08 1.46554785e-05 0.0010912492 0.0029838171 1.2480892e-06 0.00015586006 9.664392e-07 8.82594e-06 0.0046743066 0.006857209 2.563082e-10 6.231193e-06 8.829824e-05 0.020142796 0.02049829 0.022703646 0.0018538147 4.612943e-07 1.7775824e-06 3.615287e-06 1.1575771e-05 8.324706e-07 0.000682443 0.00025826826 0.0021031871 9.46797e-07 0.0030311611 1.7712646e-05 0.000107457076 1.7761496e-07 9.5121914e-07 3.4274972e-08 3.2982098e-05 0.0045560696 2.2113825e-10 1.1475342e-05 2.449641e-06 5.622835e-06 0.009238897
6.150696e-06 0.7107913 0.25878036 1.9682384e-23 0.44626996 0.105781935 0.28205144 0.016577696 0.03060134 0.18513061 0.0846064 0.2984065 0.117446795 0.07567417 0.07803401 0.054989383 0.0043258704 0.009868021 0.1776629 0.011455755 0.008938277 0.08128634 0.0449367 0.0016956304 0.0025557515 0.0017353197 0.0053401454 0.037586942 0.0036804453 0.0012703749 0.0108683165 0.0006144148 0.0019641202 0.0047250595 0.0013607807 0.03486827 0.00043467726 0.0020143755 0.019566005 0.00113096 0.00067888276 0.007293904 0.012004143 0.0020528228 0.0006323217 0.008976765 0.00071106246 0.0016256518 0.005336314 0.0014631153 0.0006032232 0.00013531598 0.0001214459 0.0015965101 0.0051852698 0.00034962708 0.0015905172 0.009856459 0.0004941074 0.00010899313 0.00014844598 0.0015150089 3.0819529e-06 0.00034837265 0.0046147304 0.0032883887 4.7295154e-05 0.0010201419 2.8093193e-05 0.00020431478 0.017258598 0.009810374 3.9005794e-09 0.00028483514 0.0011164916 0.035725348 0.013525669 0.021925805 0.0018948506 2.1711107e-06 3.76135e-05 6.395094e-05 9.633482e-05 2.5164638e-05 0.0010988627 0.00059896405 0.0023842144 3.5449033e-05 0.0019108964 0.00020880344 0.000466039 1.602547e-05 5.423922e-05 1.9636116e-06 0.0005578876 0.013022721 2.0345205e-08 0.00017470753 0.0001352783 9.3741e-05 0.01677979
0.005571924 0.08362808 0.47011673 0.44626996 8.1745745e-22 0.35959125 0.8268719 0.0074247094 0.10275053 0.6177256 0.41298893 0.25877678 0.47258347 0.13832797 0.06736857 0.059325397 0.008973538 0.034989603 0.07508329 0.12247953 0.021147309 0.2199717 0.008240261 0.016394157 0.015164459 0.007319213 0.028395683 0.027485998 0.0026366408 0.0033319253 0.0031587787 0.0028080295 0.007153824 0.08029304 0.005549648 0.13076909 0.0030370029 0.03175946 0.10291297 0.009179356 0.0001433724 0.04660139 0.020294668 0.005727145 0.009603855 0.021068906 0.00082021253 0.003430171 0.0041057765 0.015671896 0.0005369933 0.0007373997 0.0002033737 0.0043152994 0.020400105 0.002285515 0.008339847 0.01291696 0.006512872 0.0001436816 0.00031259342 0.0077525084 1.1326578e-06 0.00013887795 0.014710917 0.018724523 6.3551306e-05 0.0009257444 0.00011137118 0.00010945438 0.002940795 0.0067281583 4.557005e-09 0.000451613 0.0010737651 0.029864408 0.013184828 0.010178402 0.0026641677 1.3827115e-05 5.9264876e-05 3.1748772e-05 0.00020764969 7.5060166e-06 0.013687246 0.0055016233 0.0020894737 1.0557013e-05 0.014821407 0.0006986959 0.0024133106 1.1059296e-05 8.1970975e-05 4.563323e-06 0.0011480724 0.0036253226 1.7039307e-08 0.00031314424 0.00033480168 0.00021506206 0.0065018726
0.0024301053 0.030486397 0.71605134 0.105781935 0.35959125 1.2779567e-22 0.11860958 0.22362716 0.60670394 0.40568352 0.037876382 0.008554681 0.60064703 0.0055532665 0.0009053554 0.0005083356 0.20056719 0.001968501 0.00067444274 0.030490091 0.00024039867 0.44637373 5.2910207e-05 0.002116486 0.00031152682 7.17222e-05 0.0036061348 0.35642183 2.7506609e-05 2.8130078e-05 5.799429e-05 4.305645e-05 0.00026804398 0.025717657 0.00041387323 0.09428631 0.00013911256 0.0060382755 0.047100734 0.00070718204 2.8558147e-06 0.02176343 0.10277436 0.0005394893 0.0008013007 0.057894357 0.0018871512 0.008034356 0.0016084632 0.0038640504 0.0011049093 4.479921e-05 8.32581e-05 0.0034469066 0.005383571 0.00017448874 0.0019657009 0.024927922 0.0011024674 2.3788712e-05 3.8857456e-06 0.00081133586 1.3345816e-08 3.0427038e-05 0.0038144959 0.0043101376 1.3758943e-06 0.0001677122 9.3363343e-07 2.009362e-05 0.0113223335 0.016412625 1.9285776e-10 2.9617051e-05 0.00011646292 0.06955423 0.053573225 0.06507214 0.002241028 2.084451e-06 7.67274e-06 1.06028e-05 4.3369524e-05 3.4657473e-06 0.0011443836 0.000234173 0.0027912927 3.830186e-06 0.0031326865 8.253339e-05 0.00043788578 8.765807e-07 1.2797336e-05 1.4635756e-07 0.00023141812 0.004566836 2.5805252e-10 2.521314e-05 1.5546999e-05 2.7128803e-05 0.011539902
0.0060379305 0.017524589 0.11614901 0.28205144 0.8268719 0.11860958 1.2762563e-22 0.0012046179 0.01886436 0.6289471 0.68438417 0.3842231 0.4135581 0.43555826 0.22211447 0.2805183 0.004372077 0.12082024 0.16225591 0.19644107 0.14584985 0.12323904 0.064472914 0.041276198 0.0782101 0.05429052 0.07292863 0.0069399453 0.028086837 0.034775857 0.02425803 0.028650122 0.055670127 0.20016739 0.033620737 0.09837376 0.035858013 0.096659645 0.10946326 0.021607386 0.0059981174 0.06852775 0.006670698 0.030810598 0.0333017 0.005064156 0.0001972115 0.0014906918 0.0010220081 0.027426332 0.00010603351 0.01921861 0.0030613071 0.0006514021 0.022783415 0.006087022 0.02105968 0.005130244 0.011820989 0.0019062868 0.0025364175 0.017389188 1.4068937e-05 0.00023230768 0.026305515 0.028299043 0.00017628395 0.001359649 0.0001972591 0.0001547528 0.0027615807 0.008963193 1.9564562e-08 0.00083092874 0.0009244524 0.013364923 0.0072948956 0.005222797 0.0013399431 1.4604929e-05 6.1888335e-05 2.427512e-05 0.00019014798 1.3046243e-05 0.029446188 0.0054886607 0.0009847147 5.8421856e-06 0.020592168 0.00063335645 0.0037965926 7.1862924e-06 5.6735465e-05 4.4383887e-06 0.0014518101 0.0020056562 8.137004e-08 0.0004293082 0.00041360725 0.0004385555 0.0037964713
4.0566056e-06 0.12678586 0.41204965 0.016577696 0.0074247094 0.22362716 0.0012046179 4.75134e-21 0.46983993 0.0019649474 0.00014779124 0.00038221735 0.009293221 4.0637944e-05 2.2523e-05 6.741015e-06 0.5884453 6.3371053e-06 0.0001182233 4.8293234e-05 4.5623956e-06 0.03403428 1.1732553e-06 2.7536908e-06 1.9598979e-06 1.8458337e-06 5.2274363e-06 0.123897254 8.699629e-06 3.0128513e-06 5.5783967e-06 9.052719e-07 2.278906e-05 5.3685282e-05 2.8295522e-05 0.00057669525 1.9010651e-05 0.00012416285 0.0005734909 1.149395e-05 1.107636e-06 6.782534e-05 0.016819105 3.1428004e-05 1.7991664e-05 0.004550227 0.0035245728 0.018173002 0.037708446 4.443808e-05 0.008966037 1.3123756e-06 5.385825e-05 0.020934919 2.8286595e-05 6.612492e-06 9.707872e-05 0.0034107293 1.2970396e-05 4.4275407e-06 1.161138e-06 5.479095e-06 1.2572867e-08 7.670179e-06 4.3080105e-05 0.00024398956 1.6220969e-06 0.00015140629 4.830604e-07 4.653943e-06 0.0036805714 0.0026454374 4.230947e-09 7.70393e-06 2.414117e-05 0.010273271 0.013855596 0.016794965 0.0036224318 4.9982566e-07 3.6023172e-07 1.0183061e-06 6.0068633e-06 2.1779778e-07 0.00019931498 6.496732e-05 0.0042144815 9.2638726e-07 0.00020879546 1.8988205e-05 7.634562e-05 2.3218051e-06 4.2721686e-06 5.4025463e-08 6.380698e-05 0.0030737622 1.739981e-09 2.1231815e-05 1.3294186e-05 1.50805145e-05 0.005926968
0.002924777 0.00794629 0.49913272 0.03060134 0.10275053 0.60670394 0.01886436 0.46983993 2.9803272e-23 0.11796143 0.006294005 0.0004958741 0.5159741 0.0005512547 0.00013053395 4.3552434e-05 0.6679817 0.0002709001 0.00019845067 0.007376709 6.112049e-05 0.6855567 9.030236e-06 0.00071242475 4.814351e-05 1.8406981e-05 0.0006633583 0.645074 4.929319e-05 7.095763e-05 6.9229136e-05 1.3622395e-05 0.00014949872 0.0095902765 6.815564e-05 0.0777346 5.4918935e-05 0.00072318024 0.036697347 0.00040233275 7.507802e-07 0.007192358 0.18682286 5.552673e-05 0.00012650446 0.10774312 0.018977026 0.039418366 0.0003467402 0.0005763986 0.0042220927 8.311732e-06 3.5462996e-05 0.0025989776 0.0019554945 8.072962e-05 0.00077024836 0.043543532 0.0003504797 2.8909833e-06 4.6177693e-06 0.00018802447 1.286636e-08 2.8474985e-06 0.001684653 0.0026265958 4.522349e-07 2.9832692e-05 9.729616e-07 5.2633986e-06 0.016070694 0.013687606 4.1218407e-11 1.6212178e-05 2.7578e-05 0.066026576 0.078935176 0.10706249 0.0010543937 1.5288903e-06 6.808924e-07 1.835062e-06 1.03148695e-05 6.1878296e-07 0.0007072704 0.00044555502 0.00087316125 6.156908e-07 0.0011959499 5.204502e-05 0.00014233278 4.2535672e-07 7.340942e-06 2.0710353e-07 0.000100064855 0.0036647716 1.0172242e-09 1.3499432e-05 1.7834856e-05 1.0880033e-05 0.011170539
0.030822253 0.0075186263 0.3115428 0.18513061 0.6177256 0.40568352 0.6289471 0.0019649474 0.11796143 4.5236908e-20 0.7003915 0.2861338 0.88151425 0.29777426 0.14405957 0.14775124 0.004893397 0.13193738 0.05229451 0.47720614 0.067348026 0.37639886 0.026569644 0.10142156 0.06856672 0.02989023 0.0965809 0.016155865 0.016688926 0.0187148 0.009068511 0.017077085 0.014524037 0.46636158 0.017503876 0.3551436 0.018621186 0.15760693 0.30703706 0.025604973 0.00028282966 0.18722942 0.012440121 0.0041358974 0.032538816 0.019190209 0.0012600302 0.0023914606 0.00028189956 0.030813992 0.000116446034 0.0048773903 0.002167597 0.00038374274 0.09508037 0.0061744167 0.042859755 0.018322557 0.0137442835 0.0006468281 0.0009022837 0.023543816 5.4828683e-06 6.701495e-05 0.053616095 0.037122063 3.665105e-05 0.00038736913 5.7468933e-05 3.496691e-05 0.009531862 0.030402023 5.85282e-08 0.0011176086 0.00039684097 0.08178999 0.028996227 0.016866803 0.0024542187 9.920706e-06 6.629684e-05 1.6781883e-05 5.4318105e-05 6.5007252e-06 0.06460671 0.009096836 0.0010145084 1.4635339e-05 0.10725304 0.0006051621 0.0046453695 1.23280815e-05 8.3671126e-05 2.5628158e-06 0.0014004041 0.007792825 1.16679235e-08 0.0009481073 0.0004959608 0.00040281704 0.008093884
0.03244373 0.0010375258 0.020168712 0.0846064 0.41298893 0.037876382 0.68438417 0.00014779124 0.006294005 0.7003915 8.380861e-21 0.42853492 0.33219093 0.8145077 0.33099 0.5288969 0.00049855915 0.68609303 0.084001906 0.46222755 0.36161456 0.048952483 0.06815897 0.17857802 0.18534039 0.120033965 0.16901655 0.0006481696 0.09192658 0.09283136 0.053222045 0.09581505 0.14421593 0.4316488 0.12531635 0.066907965 0.07471389 0.22933958 0.16970469 0.059609182 0.022212837 0.11796343 0.00111835 0.038844347 0.02894236 0.0014434791 2.8690723e-05 0.00039396566 2.295074e-05 0.031151123 5.0113317e-06 0.043809436 0.004422517 6.2612955e-05 0.04178446 0.0067653675 0.07693357 0.0033980934 0.010619013 0.005685452 0.0021106577 0.030354822 8.1434855e-06 0.0006028681 0.054511353 0.08308505 0.00036480912 0.00021604795 0.00032986957 0.00013788763 0.0002456955 0.0066356743 3.975026e-08 0.0010059495 0.00036932065 0.0073369816 0.005604486 0.005049522 0.0003490955 7.223014e-05 0.00012335156 3.630007e-05 1.9419189e-05 1.3965297e-05 0.0835635 0.012278813 0.00023232008 1.6301494e-05 0.016156675 0.0003103401 0.0043242406 2.9837274e-05 4.630618e-05 4.6610297e-05 0.0017014011 0.0019076617 4.4371336e-07 0.001842654 0.0008803151 0.0030642718 0.0030778323
0.00068617746 0.012167039 0.015693882 0.2984065 0.25877678 0.008554681 0.3842231 0.00038221735 0.0004958741 0.2861338 0.42853492 1.9726291e-22 0.1093417 0.5213668 0.71942556 0.55201894 0.00020675198 0.08410355 0.40017542 0.1437094 0.15380725 0.025693808 0.23664513 0.029980002 0.03831985 0.042091012 0.04158139 0.0007177102 0.09342193 0.0467096 0.11463501 0.017163005 0.03373333 0.034498576 0.011434176 0.035484955 0.0086793015 0.016166493 0.03199272 0.0070366133 0.031790536 0.010596564 0.0013695197 0.01377698 0.007044371 0.001024564 2.0522824e-05 1.6538303e-05 0.00021982538 0.007541811 3.4628814e-05 0.0041419463 0.00023194018 0.00013693572 0.003436456 0.0006294095 0.009368905 0.0007922832 0.002789769 0.0008335494 0.0016842554 0.0023861206 4.204393e-05 0.0008813319 0.0039115245 0.012014537 0.00092663604 0.0008091248 0.0004922918 0.00025801023 0.0008216041 0.0017280327 1.1319039e-08 0.0003274589 0.0010311777 0.006829368 0.002161736 0.003144973 5.5063367e-05 5.8284513e-06 6.8018955e-05 4.6405075e-05 0.00015603914 3.805437e-05 0.0019136821 0.00029527134 4.9237093e-05 7.1934237e-06 0.004618448 0.0002304594 0.00030983385 4.524849e-06 2.5721536e-05 1.6817619e-06 0.00024355574 0.00043529057 1.0248907e-07 8.835502e-05 8.750531e-05 1.928991e-05 0.0017934792
0.17725311 0.0084581 0.40668973 0.117446795 0.47258347 0.60064703 0.4135581 0.009293221 0.5159741 0.88151425 0.33219093 0.1093417 1.8779803e-20 0.05531113 0.027886648 0.008464418 0.05771307 0.037611146 0.023800686 0.3673497 0.012556945 0.69993764 0.008385426 0.036717065 0.022357883 0.0036562886 0.039095372 0.19252242 0.0016297585 0.0027315023 0.0019394343 0.0028828916 0.003121975 0.48696968 0.0032281054 0.65180045 0.0025734615 0.08923893 0.5319696 0.013154175 2.6015054e-05 0.24842629 0.075318635 0.0009911275 0.010875948 0.07869929 0.009000309 0.009268186 0.0003238628 0.021259744 0.00068837055 0.00071981485 0.00022348101 0.0013168143 0.15546703 0.0015592133 0.04147166 0.072614044 0.0060551027 0.00025366544 0.00076916383 0.023039151 6.465394e-07 6.123536e-05 0.048242927 0.025807584 1.8576508e-05 0.00013162388 0.00014127202 0.0001312983 0.05852142 0.071869686 1.09957385e-08 0.00034005116 0.00049910625 0.41028184 0.16460872 0.15118329 0.0037477813 3.498956e-05 0.0004878958 5.823554e-05 0.00014956802 2.5273153e-05 0.036477663 0.0024474908 0.001562315 2.9710378e-05 0.23188096 0.0003099018 0.0016821733 3.468798e-05 5.242986e-05 1.1534711e-05 0.0011422291 0.02376758 3.6614207e-08 0.00011607904 0.000220389 0.00018866877 0.029233795
0.014983921 0.0003063819 0.0031328027 0.07567417 0.13832797 0.0055532665 0.43555826 4.0637944e-05 0.0005512547 0.29777426 0.8145077 0.5213668 0.05531113 3.4202797e-20 0.46810597 0.6471574 9.791414e-05 0.5167897 0.20109977 0.24086568 0.5457927 0.007987725 0.16527194 0.09547944 0.15763603 0.15377419 0.103986345 8.939295e-05 0.17378286 0.14407106 0.16313145 0.07677544 0.18362187 0.24198262 0.076297246 0.015689064 0.05456047 0.096471034 0.034628227 0.02828046 0.05574493 0.01158362 0.00029482113 0.03110528 0.010518133 0.00042478234 4.2100382e-05 0.0003521366 6.395106e-05 0.009442228 7.197115e-06 0.03847992 0.002345559 9.4194096e-05 0.0034573413 0.001927417 0.02219703 0.00080246764 0.0024418395 0.0025581168 0.0039571137 0.003504986 3.8142298e-05 0.0004483114 0.0062193996 0.026495975 0.0013016773 0.00027975967 0.00037316713 7.00172e-05 0.00041629624 0.002460578 6.344663e-08 0.0007328064 0.00016131155 0.003197553 0.0015860436 0.0013183267 0.0003117521 2.1864e-05 6.200424e-05 2.3586057e-05 1.3134269e-05 7.996296e-06 0.007769858 0.0024291764 0.00018246598 8.355627e-06 0.005411406 0.00028613297 0.0017929652 2.0356512e-05 3.2859745e-05 2.3120932e-05 0.00042748605 0.0011124029 5.851629e-07 0.0005416504 0.0004841726 0.00017574712 0.0012782
0.00015796055 0.0017162848 0.0011438718 0.07803401 0.06736857 0.0009053554 0.22211447 2.2523e-05 0.00013053395 0.14405957 0.33099 0.71942556 0.027886648 0.46810597 4.860576e-24 0.65318966 7.0295364e-06 0.12993823 0.42092398 0.09404155 0.2751651 0.0030405591 0.44032773 0.039632652 0.062540695 0.04528992 0.058403626 0.00011900064 0.2628088 0.10020668 0.43410072 0.030434115 0.070698895 0.0388172 0.023525205 0.007094681 0.018659074 0.015595582 0.012403386 0.007829984 0.103803486 0.003628764 0.000120160425 0.05467629 0.0027287984 0.0001405615 2.7429967e-06 4.2393585e-06 8.558527e-07 0.002786358 1.0340907e-06 0.0101184305 0.0010515675 3.7328758e-07 0.0021408014 0.00039742456 0.005054248 4.8590933e-05 0.0010247462 0.0014404401 0.002813943 0.0018106572 6.930517e-05 0.00066849124 0.002729898 0.008504528 0.0010998757 0.0006780717 9.145422e-05 0.00026082937 6.866262e-05 0.00032788422 1.0372017e-06 0.00025074292 0.0010693948 0.00983853 0.00064254215 0.0016000608 1.7246394e-06 2.0005652e-06 6.791191e-06 6.0379385e-05 0.0003274111 5.157661e-05 0.002114727 0.00020059089 1.0006681e-07 3.8078388e-06 0.007991291 0.0003150866 0.0001230428 3.45086e-06 3.2038333e-05 1.1517054e-06 0.00016933784 1.5836169e-05 1.6010819e-07 0.00012235055 0.00024115757 3.1266274e-05 0.00032160463
0.0017554204 0.00028909286 0.00064081344 0.054989383 0.059325397 0.0005083356 0.2805183 6.741015e-06 4.3552434e-05 0.14775124 0.5288969 0.55201894 0.008464418 0.6471574 0.65318966 8.6212646e-23 6.1592254e-06 0.3884725 0.21975483 0.23192191 0.50483495 0.004393733 0.24062887 0.10116588 0.14759716 0.13506557 0.15402098 0.00012076563 0.2876009 0.21499228 0.24458767 0.06155775 0.16214699 0.12306765 0.047151994 0.004871998 0.043859977 0.066146694 0.008927155 0.018890873 0.08167925 0.0033790413 7.740691e-05 0.039196048 0.011500016 2.5187135e-05 4.8552437e-07 7.5787652e-06 3.0142771e-06 0.008021597 9.897474e-07 0.04536678 0.00072684477 7.7817e-06 0.0010311321 0.00080386316 0.005728937 2.8585548e-05 0.0020252413 0.0017589645 0.0071254815 0.0008690196 0.00012301064 0.00028473086 0.0026645078 0.009286107 0.0018854331 0.00032070387 0.00025041623 0.00012372503 4.538218e-05 0.00016774722 2.736187e-07 0.0002605395 0.00033040633 0.0011771058 0.00022214359 0.00027949942 2.2463495e-05 2.2402362e-06 8.517355e-06 9.09066e-06 1.7820594e-05 4.246201e-06 0.0013028075 0.0007187804 5.2247975e-07 9.435241e-07 0.00029589512 6.510363e-05 0.0003740672 9.706298e-07 3.423293e-06 7.7606035e-07 0.00013778314 4.2514832e-05 1.7178115e-07 5.616927e-05 2.9086674e-05 1.1105166e-05 0.00017937587
0.00054165506 0.004334741 0.10516606 0.0043258704 0.008973538 0.20056719 0.004372077 0.5884453 0.6679817 0.004893397 0.00049855915 0.00020675198 0.05771307 9.791414e-05 7.0295364e-06 6.1592254e-06 9.2208373e-23 4.3462147e-05 8.5546024e-05 0.0006461736 1.677657e-05 0.30948326 3.1407553e-06 9.2727736e-05 1.7160419e-05 1.2088771e-05 7.6723554e-05 0.677695 7.696889e-06 5.642894e-06 9.367634e-06 8.920384e-06 4.1501366e-06 0.000247868 2.5136505e-05 0.009843781 7.757762e-05 0.00011591399 0.0030885187 0.0001142964 5.1822786e-07 0.0002526382 0.09261216 1.9147352e-05 8.3389925e-05 0.025129573 0.120767936 0.18690419 0.008155549 9.3325325e-05 0.06577105 8.914856e-06 7.755122e-05 0.021696853 8.551332e-05 3.944471e-05 0.00037654236 0.018794578 0.00011141812 4.0956215e-06 3.2246112e-06 4.224074e-05 3.6045784e-09 1.0397405e-05 0.00035136554 0.0008003673 6.446557e-08 0.00014377438 3.3785597e-07 1.0541429e-05 0.05022709 0.010381357 8.451518e-11 8.87825e-05 5.706224e-05 0.019868292 0.035899766 0.0428711 0.005748089 4.290511e-07 7.891081e-07 3.7742082e-06 2.3704468e-05 1.8723285e-06 0.0001045235 0.00021928329 0.0027299253 3.1070197e-06 0.00014853915 0.0001563451 3.9892773e-05 1.8438403e-06 1.2142416e-05 2.1095597e-07 9.833402e-05 0.005023786 6.719913e-11 1.994613e-05 3.833872e-05 3.182113e-05 0.008766357
0.021360504 2.2955686e-05 0.00038166915 0.009868021 0.034989603 0.001968501 0.12082024 6.3371053e-06 0.0002709001 0.13193738 0.68609303 0.08410355 0.037611146 0.5167897 0.12993823 0.3884725 4.3462147e-05 1.2665901e-22 0.0163208 0.3250957 0.6085614 0.005693626 0.02152425 0.47731492 0.8386408 0.3997701 0.8446302 2.2016726e-05 0.2149533 0.2543819 0.04785645 0.18035692 0.2533763 0.3429813 0.33672515 0.017097153 0.109038346 0.33686048 0.031871937 0.08849845 0.052692875 0.04959885 0.00028271854 0.10454921 0.0373002 0.0004898979 3.4928598e-06 3.786598e-05 1.0724954e-06 0.037300527 4.428083e-07 0.08613782 0.024054991 1.1872954e-05 0.028989427 0.009788459 0.17807342 0.00045622763 0.020518534 0.015612741 0.007511058 0.0540146 6.5912186e-06 0.0019344044 0.06470942 0.105379276 0.002227778 0.00032578743 0.0016236902 0.0006254286 0.00013815642 0.0017556562 4.1329892e-07 0.0020665973 0.0006793643 0.0016794148 0.0007786366 0.000799577 5.307349e-05 0.000112322734 0.00011199179 8.51308e-05 7.9826e-05 4.0798008e-05 0.0720622 0.012065022 2.2270686e-05 2.2225195e-05 0.0052071214 0.0007266625 0.0076831602 1.0221917e-05 3.633425e-05 5.4477838e-05 0.0021598823 0.00061893236 3.1626157e-06 0.002877969 0.00081582327 0.0012963966 0.0014312757
6.614849e-07 0.006690624 0.002702768 0.1776629 0.07508329 0.00067444274 0.16225591 0.0001182233 0.00019845067 0.05229451 0.084001906 0.40017542 0.023800686 0.20109977 0.42092398 0.21975483 8.5546024e-05 0.0163208 3.0456487e-27 0.018280469 0.05051605 0.005861208 0.7027093 0.0013267038 0.006630129 0.0050723683 0.0037970124 0.00056536 0.03354249 0.010844146 0.05858559 0.001654456 0.0038455867 0.0031064095 0.0012374002 0.0035030697 0.0011650169 0.0036616153 0.0012421497 0.00053539564 0.055302087 0.00073411025 0.000550319 0.0033638896 0.00020960846 0.0010826037 8.995099e-06 1.4506815e-05 3.265179e-05 0.00076127436 2.2761508e-06 0.00026337392 0.00027391285 4.637946e-05 0.0004084967 9.696954e-05 0.00080537563 0.0007806772 0.00017759608 5.083004e-05 0.00010918436 0.0002597555 8.7519e-05 0.00032627 0.00093924144 0.0015465157 4.2153053e-05 0.00042596672 6.9611497e-06 5.306423e-05 0.0006664041 0.0023258512 1.4800894e-07 5.258554e-05 8.587339e-05 0.040927235 0.005000503 0.007721471 1.6414531e-05 1.4974585e-06 3.382662e-06 1.9209741e-05 2.2516644e-05 3.1327593e-06 0.001258903 0.00014417629 2.1902568e-05 3.637001e-06 0.005872653 3.7161284e-05 2.0623453e-05 9.413438e-07 1.8511223e-06 8.913275e-08 4.5119585e-05 0.00018528565 1.7600784e-09 5.9631224e-05 1.758359e-05 1.4844619e-05 0.0011238788
0.03999561 0.00020513323 0.01508722 0.011455755 0.12247953 0.030490091 0.19644107 4.8293234e-05 0.007376709 0.47720614 0.46222755 0.1437094 0.3673497 0.24086568 0.09404155 0.23192191 0.0006461736 0.3250957 0.018280469 2.776032e-23 0.14354035 0.056869134 0.016494052 0.89582926 0.06491855 0.056436818 0.25582227 0.002055687 0.049244367 0.028545454 0.017369434 0.042463385 0.03615293 0.78722984 0.05510649 0.10785844 0.02836616 0.28307724 0.16687217 0.054847114 0.0097737545 0.258991 0.0012834995 0.014864311 0.017497994 0.002799983 2.832606e-05 0.00033560037 1.4524465e-05 0.036381446 5.517867e-06 0.011316331 0.006938294 3.5614634e-05 0.17638172 0.0054227063 0.16280234 0.0039819647 0.020058474 0.001409916 0.00028348775 0.089881174 2.2185984e-06 0.0003766341 0.11024115 0.12656577 6.888194e-05 0.00040631572 5.905392e-05 0.00019396764 0.00087082613 0.008880339 7.769849e-08 0.0012909367 0.0006910532 0.03656097 0.009550455 0.005687209 0.0005977654 6.363194e-06 6.095363e-06 3.6715355e-05 0.00011447127 1.8763996e-05 0.16805877 0.00959411 0.00013457239 6.4187793e-06 0.106344804 0.00037318014 0.009692212 5.3965573e-06 3.960789e-05 2.8017912e-06 0.0031835001 0.0008653007 1.4670371e-07 0.0018959587 0.00074690394 0.0025259762 0.005737601
0.0009605691 3.2452892e-05 0.00014183103 0.008938277 0.021147309 0.00024039867 0.14584985 4.5623956e-06 6.112049e-05 0.067348026 0.36161456 0.15380725 0.012556945 0.5457927 0.2751651 0.50483495 1.677657e-05 0.6085614 0.05051605 0.14354035 4.365922e-26 0.0041029444 0.07600432 0.07485323 0.5266693 0.76286626 0.2634834 4.4372602e-05 0.5188461 0.60376906 0.16970772 0.23295854 0.5554606 0.13718563 0.21837464 0.009615149 0.21246752 0.1311467 0.009736128 0.055016264 0.09416039 0.0134748975 0.00060428673 0.15972427 0.037414394 0.00014731563 8.8027764e-07 2.8046454e-05 1.6731647e-06 0.023243101 2.6993055e-07 0.17547625 0.037649922 4.4494373e-06 0.003146626 0.014116886 0.022136308 5.6699067e-05 0.014757859 0.033365082 0.032096896 0.006126858 6.227316e-05 0.0030700576 0.009774938 0.018157732 0.0054721865 0.0010744631 0.0035199006 0.0019900084 8.459931e-05 0.00056926865 6.5210543e-06 0.0029181668 0.0011716833 0.00043781247 0.00036056255 0.0007009781 8.053656e-06 0.00011652314 0.00010416596 0.00013194057 0.00018807198 0.0001082407 0.0040593226 0.011947438 4.98196e-06 3.7580085e-05 0.0005173855 0.0022594123 0.005262686 2.348454e-05 0.00013175425 6.0576294e-05 0.0022564055 0.0003472149 1.928213e-05 0.0035996921 0.0010606407 0.0010919685 0.000526102
0.25162405 0.011622476 0.2574338 0.08128634 0.2199717 0.44637373 0.12323904 0.03403428 0.6855567 0.37639886 0.048952483 0.025693808 0.69993764 0.007987725 0.0030405591 0.004393733 0.30948326 0.005693626 0.005861208 0.056869134 0.0041029444 1.4030175e-18 0.0006437652 0.008725 0.002546681 0.0005716349 0.0078814365 0.6583644 0.00031787477 0.000985884 0.00023116799 0.0006301194 0.0012312896 0.14171216 0.00053980766 0.63862705 0.00025955096 0.013705285 0.36383072 0.0017836678 1.9687615e-05 0.17282557 0.30360344 0.001027032 0.00072856137 0.19024082 0.062309865 0.05308028 0.0009823969 0.0017598019 0.008675953 0.0007178334 5.6211382e-05 0.004371481 0.0664521 0.00017620847 0.0085730115 0.19955514 0.00043888856 0.0002224268 0.00014582877 0.0048980284 1.2257793e-06 4.4105545e-05 0.019217946 0.0050952765 6.262564e-06 5.1883515e-05 8.586688e-06 1.1737584e-05 0.10196308 0.13692136 6.94548e-08 8.306459e-05 0.00012131369 0.44077313 0.34505108 0.39518556 0.0076895086 2.9159744e-05 5.3925887e-05 4.763531e-06 1.764938e-05 4.1758794e-06 0.0074331583 0.00037866575 0.006607239 1.057385e-05 0.14465326 4.0699844e-05 0.00011374933 3.055478e-05 3.691699e-05 8.4006815e-06 5.513451e-05 0.045415584 1.1906618e-07 1.2687143e-05 4.913488e-05 1.4458323e-05 0.07594406
1.16749646e-07 0.00017538396 4.924794e-05 0.0449367 0.008240261 5.2910207e-05 0.064472914 1.1732553e-06 9.030236e-06 0.026569644 0.06815897 0.23664513 0.008385426 0.16527194 0.44032773 0.24062887 3.1407553e-06 0.02152425 0.7027093 0.016494052 0.07600432 0.0006437652 6.6171997e-28 0.005007895 0.00912363 0.007855436 0.0111262305 5.329926e-05 0.1145738 0.027027823 0.6950167 0.0023348709 0.013063626 0.004352744 0.0023934878 0.00036652744 0.0015253072 0.0037544838 0.00038201822 0.0005670788 0.18029194 0.0007049233 0.00010190552 0.013261017 0.00022886644 0.00011487262 1.0866521e-07 2.7480357e-07 7.514138e-08 0.000699921 3.5012036e-08 0.0003954041 0.00021669365 5.0668297e-07 0.0006967758 8.0777514e-05 0.0015398087 3.7104837e-05 0.00026345334 6.505547e-05 0.00035630225 0.000132584 0.00033316898 5.712485e-05 0.001896701 0.0016527268 0.0001810752 0.00039059142 2.1078959e-06 1.1380048e-05 7.067937e-05 0.00093273155 2.1865242e-06 6.9412126e-05 3.7498532e-05 0.02327242 0.0016919822 0.0017036961 2.5672446e-07 8.9504134e-08 4.128663e-07 2.1536314e-06 1.1138725e-05 1.5553265e-06 0.0022459738 9.5622614e-05 4.9197965e-08 2.0356646e-07 0.039506376 3.464682e-05 1.0292308e-05 8.647829e-08 3.8846597e-06 2.6318858e-08 3.16517e-05 5.5168177e-05 3.695882e-10 3.2261232e-05 1.19690185e-05 1.0951582e-05 0.00018973133
0.02749697 4.4161925e-06 0.0007079594 0.0016956304 0.016394157 0.002116486 0.041276198 2.7536908e-06 0.00071242475 0.10142156 0.17857802 0.029980002 0.036717065 0.09547944 0.039632652 0.10116588 9.2727736e-05 0.47731492 0.0013267038 0.89582926 0.07485323 0.008725 0.005007895 8.34244e-25 0.14409515 0.05047512 0.8299018 8.1936276e-05 0.04128565 0.034529176 0.009386483 0.05066319 0.05511281 0.6355383 0.17566875 0.028209344 0.05039006 0.69509536 0.04152775 0.09309375 0.01331367 0.08682764 0.00017608852 0.04242664 0.03422007 0.00045797788 2.2243505e-06 2.7018015e-05 4.8946026e-07 0.05220924 5.663815e-07 0.02667367 0.018457854 5.4768902e-06 0.0625938 0.013720376 0.34160542 0.0008467171 0.039254468 0.004266194 0.00050795666 0.15149008 1.5802246e-06 0.0015073391 0.20561893 0.19447045 0.00021900533 0.0004903667 0.00010814536 0.00056765205 0.00017124429 0.0028298318 2.2558189e-07 0.0017998692 0.0007426557 0.005989155 0.0011579748 0.00076924195 4.0557297e-05 7.093296e-06 2.0195112e-05 0.00010831691 0.0001230935 6.0634033e-05 0.17145088 0.011592129 8.626899e-06 1.7306607e-05 0.019140445 0.00048054635 0.022159403 7.69909e-06 2.800935e-05 5.527152e-06 0.0047445553 0.00020095469 3.5954943e-07 0.0025176306 0.0009786504 0.002374687 0.0017756266
0.0022706215 1.2324449e-05 7.034388e-05 0.0025557515 0.015164459 0.00031152682 0.0782101 1.9598979e-06 4.814351e-05 0.06856672 0.18534039 0.03831985 0.022357883 0.15763603 0.062540695 0.14759716 1.7160419e-05 0.8386408 0.006630129 0.06491855 0.5266693 0.002546681 0.00912363 0.14409515 5.118963e-26 0.5201134 0.54328805 7.919772e-06 0.13740219 0.2368558 0.017370624 0.8228036 0.3312937 0.20063294 0.40865684 0.012558165 0.22834142 0.2686985 0.015401626 0.06587436 0.01962677 0.030987196 0.00010816104 0.1234102 0.06808409 0.00026362648 1.1925534e-06 6.0345366e-05 5.1560824e-07 0.048213325 5.431427e-07 0.17732246 0.088513434 8.660589e-06 0.011886567 0.026392736 0.059388075 7.6963275e-05 0.027502919 0.045544732 0.01633514 0.020973556 6.3193015e-06 0.007682325 0.030493012 0.05443284 0.0039564534 0.0022346575 0.0042881127 0.0034708828 0.00010484247 0.0010887077 1.4688101e-06 0.0098281205 0.0024356577 0.0011078273 0.00080063986 0.0007807167 3.660079e-05 0.00031651382 0.00018609354 0.00030120413 0.00031119483 0.00023112829 0.04017014 0.036975786 7.500313e-06 0.00010411014 0.0027042208 0.0044497666 0.021796526 4.522707e-05 0.00013804382 0.000101008685 0.00799781 0.00037281073 8.988068e-06 0.010672852 0.002810549 0.0067302277 0.0012223066
0.0010259846 8.7027565e-06 2.3445802e-05 0.0017353197 0.007319213 7.17222e-05 0.05429052 1.8458337e-06 1.8406981e-05 0.02989023 0.120033965 0.042091012 0.0036562886 0.15377419 0.04528992 0.13506557 1.2088771e-05 0.3997701 0.0050723683 0.056436818 0.76286626 0.0005716349 0.007855436 0.05047512 0.5201134 9.3575036e-24 0.24834092 7.0193405e-06 0.11718161 0.23316243 0.01992678 0.36703646 0.41397175 0.09792107 0.27369657 0.0028292313 0.19271028 0.16285516 0.008939564 0.071297295 0.032063182 0.0166128 0.0001756461 0.12666889 0.049066693 8.548429e-05 7.7222643e-07 2.4205467e-05 7.8454667e-07 0.03934332 6.5419175e-07 0.18753566 0.09685432 1.4346942e-05 0.0052214153 0.022778219 0.036465082 6.1635415e-05 0.018926866 0.04852488 0.017101366 0.007894195 2.4212002e-05 0.012240552 0.012244786 0.02950907 0.0052887355 0.0046808193 0.004913617 0.0034973014 0.00013628068 0.00075725524 4.9709256e-06 0.014075804 0.002445825 0.0011882634 0.00067025854 0.000934147 4.615253e-05 0.00013783162 0.00027894313 0.00038241275 0.00036139032 0.00034181098 0.01064395 0.028083859 2.7055763e-05 0.00017794686 0.0005601438 0.0046018646 0.010899969 0.00012602712 0.00059534464 0.00016386199 0.0038021654 0.00074549025 2.0481724e-05 0.008799198 0.0025289156 0.0029440583 0.0009991443
0.010204494 1.902462e-05 0.0008053656 0.0053401454 0.028395683 0.0036061348 0.07292863 5.2274363e-06 0.0006633583 0.0965809 0.16901655 0.04158139 0.039095372 0.103986345 0.058403626 0.15402098 7.6723554e-05 0.8446302 0.0037970124 0.25582227 0.2634834 0.0078814365 0.0111262305 0.8299018 0.54328805 0.24834092 2.459164e-24 2.1700269e-05 0.089960925 0.18286583 0.017735584 0.17541523 0.16266209 0.2576168 0.4759843 0.021302307 0.12589292 0.5756387 0.02194365 0.09888389 0.015389044 0.05014188 0.00026101997 0.096177086 0.06837855 0.0004991079 4.58495e-06 6.018869e-05 1.5254095e-06 0.051213533 1.7012875e-06 0.12452814 0.05583576 1.9555115e-05 0.0300398 0.027981635 0.19946636 0.0005269227 0.032100275 0.029704036 0.010242533 0.075738244 5.5777637e-06 0.009191191 0.08590516 0.14702511 0.0018408477 0.0020350388 0.0025577764 0.005106056 0.00014571089 0.002022951 9.997557e-07 0.0058289273 0.005136988 0.0027648585 0.0010052512 0.0007532118 0.00017095463 0.00018349047 0.00025027632 0.0006748348 0.0010202323 0.00068602926 0.13146901 0.030803328 2.7737366e-05 0.00013302031 0.007705551 0.0026975356 0.023943206 5.7214485e-05 0.00029205516 0.00014100471 0.007251959 0.00034081933 3.5647645e-06 0.007610309 0.002858105 0.0048774234 0.0017818029
0.07120098 0.0066642603 0.14721358 0.037586942 0.027485998 0.35642183 0.0069399453 0.123897254 0.645074 0.016155865 0.0006481696 0.0007177102 0.19252242 8.939295e-05 0.00011900064 0.00012076563 0.677695 2.2016726e-05 0.00056536 0.002055687 4.4372602e-05 0.6583644 5.329926e-05 8.1936276e-05 7.919772e-06 7.0193405e-06 2.1700269e-05 6.2098095e-22 1.3606906e-05 1.5032283e-05 1.1082832e-05 3.531391e-06 2.4315921e-05 0.0038872415 6.375999e-06 0.20695473 1.4095543e-05 0.00015628993 0.056735147 2.9475967e-05 1.0399245e-06 0.008780321 0.6152944 1.1908265e-05 1.4391259e-05 0.4293682 0.23384611 0.23525228 0.001345074 7.3188836e-05 0.06325858 3.5556175e-06 9.176956e-06 0.01617631 0.0038609742 9.970492e-06 0.0007762932 0.5054267 1.6494185e-05 1.9090783e-06 8.949228e-06 1.9416893e-05 6.4867045e-08 9.5629e-07 0.0019441518 0.00035633927 1.0722013e-07 1.124973e-05 2.4997445e-07 2.4982348e-06 0.56131184 0.23354499 5.580482e-10 1.296762e-06 1.2045581e-05 0.4545036 0.53718287 0.5886122 0.010964954 5.773288e-07 6.1019375e-07 4.6456614e-07 1.4116035e-06 1.641364e-07 0.0006695019 4.147223e-05 0.0034608876 3.0456678e-07 0.017979462 9.331372e-06 3.9062907e-05 3.008371e-07 1.4751496e-06 4.9763446e-07 2.5520078e-05 0.11872672 6.529414e-09 3.6330978e-06 1.33814065e-05 3.646837e-06 0.07009679
1.00551815e-05 1.36409335e-05 4.4828786e-05 0.0036804453 0.0026366408 2.7506609e-05 0.028086837 8.699629e-06 4.929319e-05 0.016688926 0.09192658 0.09342193 0.0016297585 0.17378286 0.2628088 0.2876009 7.696889e-06 0.2149533 0.03354249 0.049244367 0.5188461 0.00031787477 0.1145738 0.04128565 0.13740219 0.11718161 0.089960925 1.3606906e-05 1.6126421e-24 0.83229816 0.4492016 0.0630965 0.40557066 0.02774748 0.09849474 0.00063708966 0.052766137 0.049662657 0.00042506823 0.03423674 0.36681047 0.0026472618 6.67302e-05 0.20525888 0.006809288 1.841871e-05 1.8411984e-07 1.9298436e-06 1.817538e-07 0.0076942216 9.3154114e-08 0.051923394 0.011645531 6.467527e-07 0.00073504343 0.0016797625 0.008073105 1.8058983e-05 0.0018674976 0.012413611 0.021356145 0.0018044978 0.0007466372 0.002341104 0.003352276 0.008364728 0.0065907845 0.0047450913 0.0018221316 0.0007488185 2.4691706e-05 0.00044852673 0.000104651575 0.0018021779 0.0024969273 0.00085112295 6.119106e-05 0.0002689861 2.6411442e-06 2.4259176e-05 2.9198927e-05 0.00014925183 0.0015024473 0.00020371437 0.0018647711 0.0018228502 5.4819566e-07 1.6827735e-05 0.00047044462 0.0013295233 0.0025274218 1.52210005e-05 0.0006970616 9.384006e-06 0.0013923735 9.262574e-05 1.9778142e-06 0.0007308683 0.0009856942 0.00049091765 0.00024897963
7.2766143e-06 3.7656405e-06 4.7804995e-05 0.0012703749 0.0033319253 2.8130078e-05 0.034775857 3.0128513e-06 7.095763e-05 0.0187148 0.09283136 0.0467096 0.0027315023 0.14407106 0.10020668 0.21499228 5.642894e-06 0.2543819 0.010844146 0.028545454 0.60376906 0.000985884 0.027027823 0.034529176 0.2368558 0.23316243 0.18286583 1.5032283e-05 0.83229816 1.00381256e-26 0.07901009 0.12658991 0.5708157 0.023314714 0.13024758 0.0019461479 0.13471834 0.068218045 0.00038940887 0.045527145 0.09315084 0.001927827 0.00071124296 0.2769396 0.0125489235 2.7620954e-05 3.8005496e-08 1.4100576e-06 3.9100044e-08 0.008507497 5.290486e-07 0.13565424 0.03185199 4.167693e-07 0.0008555798 0.005474546 0.0073764804 1.6786957e-05 0.0036665583 0.02379451 0.018566644 0.0022738099 0.0002109207 0.004861675 0.0062244576 0.005025013 0.0047261505 0.0068153176 0.0016169731 0.0009450024 6.239491e-05 0.0003961735 6.603742e-05 0.0043988544 0.001900172 0.00091522787 0.00014248054 0.0004699166 6.9977514e-06 1.10130295e-05 1.5938622e-05 0.00015794624 0.0006685259 0.000325233 0.002079972 0.006554443 2.875057e-07 1.1617112e-05 0.00024473973 0.0017587591 0.0052299798 7.737219e-06 0.00042778745 7.3893575e-06 0.0030719629 0.00036571253 1.7903935e-06 0.0014377397 0.00080554385 0.00093050185 0.001068596
2.4542067e-07 4.729051e-05 3.3139175e-05 0.0108683165 0.0031587787 5.799429e-05 0.02425803 5.5783967e-06 6.9229136e-05 0.009068511 0.053222045 0.11463501 0.0019394343 0.16313145 0.43410072 0.24458767 9.367634e-06 0.04785645 0.05858559 0.017369434 0.16970772 0.00023116799 0.6950167 0.009386483 0.017370624 0.01992678 0.017735584 1.1082832e-05 0.4492016 0.07901009 3.7445418e-26 0.012077214 0.07496442 0.007833681 0.01507764 0.00015819226 0.0065142424 0.012166291 0.00019648761 0.0034005265 0.58404976 0.00041737096 2.1423964e-05 0.05623199 0.0005429265 1.7728513e-05 3.613507e-07 7.600621e-07 8.866201e-09 0.0008621002 6.9939475e-08 0.006100638 0.0011287985 3.898209e-08 0.00063355913 0.0001880648 0.0013108673 3.8709564e-05 0.00022120093 0.0004665092 0.0038587768 0.00024199896 0.0011719415 0.00041020956 0.0029686561 0.0013737135 0.0015215357 0.0005728415 0.00018322904 8.400598e-05 4.907391e-05 0.00043663412 4.9061226e-05 0.00016835642 0.00029725756 0.012983138 0.00036315233 0.0006721132 7.044431e-07 2.2742781e-06 2.0791858e-06 2.396137e-05 9.539599e-05 1.8025052e-05 0.0036449372 0.00018559054 7.3367424e-08 3.850502e-06 0.009865029 0.00014136959 5.5232405e-05 2.627054e-06 2.6196074e-05 3.455577e-07 5.4578202e-05 3.0885127e-05 9.6744195e-08 0.00017302537 0.00019511534 3.337428e-05 0.00023054735
