1.689087e-24 0.49876726 0.4504941 0.5136217 0.5039804 0.6617738 0.23941867 0.24333178 0.18603908 0.23668401 0.7940104 0.5062838 0.879448 0.58513814 0.255613 0.7401936 0.39353105 0.18168284 0.488295 0.11897874 0.8500089 0.32866085 0.06815424 0.9141842 0.9079501 0.4609727 0.28297853 0.39260495 0.7949023 0.8461141 0.28388777 0.48221707 0.10951544 0.14276987 0.10613859 0.8424453 0.5195653 0.05253197 0.9151118 0.9731118 0.11546008 0.2195584 0.8679158 0.017056584 0.10565726 0.88544196 0.98421806 0.9677825 0.11976773 0.9082309 0.008830735 0.030835394 0.33877453 0.008077147 0.94396406 0.55398834 0.99200565 0.013506135 0.93037796 0.4249689 0.46978766 0.12946296 0.9991322 0.03264805 0.056629345 0.08624492 0.0015524798 0.038155563 0.99950206 0.99686396 0.55124575 0.011133681 1.2944577e-06 6.0937502e-05 3.8013855e-05 0.89215106 0.47914946 0.99174255 0.99106085 0.00028137985 0.49675202 2.9378596e-06 1.5381875e-06 0.8985512 0.99897784 0.0056813383 0.0029542919 0.7125461 0.11665695 0.9976906 0.0036387586 0.004630835 0.9759413 0.9965351 0.25714105 0.9603538 0.9999179 0.68514043 0.26722637 0.028628996 0.9957873
0.49876726 5.2628768e-17 0.94423944 0.82149136 0.7469083 0.70736855 0.49749643 0.31013238 0.538823 0.39569125 0.24591954 0.35503218 0.3929763 0.05395701 0.051913723 0.13653085 0.07857271 0.38814536 0.13225053 0.02432182 0.14181879 0.032409076 0.0036127595 0.29993954 0.21768346 0.017307252 0.090106465 0.0006313657 0.00060307706 0.0016268623 0.00034484372 0.0005453855 0.0015578584 0.034636304 0.07543211 0.029732032 0.019400388 0.0003485855 0.098327175 0.06278627 0.0065549086 0.00019543564 0.00026652985 0.01587317 0.0697685 6.440962e-05 0.047182467 0.066789225 0.0038658008 0.0035760659 3.3341643e-05 0.0071746623 3.2903114e-05 0.003525953 0.0056204177 7.233141e-05 0.0030579898 0.0011819067 3.648526e-05 0.0013815569 0.00060065923 9.5769545e-05 0.004081422 8.98979e-06 0.059708428 1.0919705e-06 0.00011540175 0.0003802022 0.045518298 0.036596823 1.4039959e-05 0.0056488817 1.1949014e-05 0.0003280672 8.015298e-08 3.2878472e-06 5.086828e-06 0.0012403019 3.7442694e-06 7.2891686e-05 6.84579e-05 3.7795967e-06 4.418217e-05 0.00049507077 0.0012436521 3.5147647e-07 2.37104e-06 2.98653e-06 1.7296683e-06 0.00026701373 1.1517955e-06 1.8646697e-06 5.5201435e-05 0.00013014377 6.405412e-06 2.6372292e-05 1.642977e-05 8.2648476e-05 2.998109e-07 1.6322353e-07 2.4659714e-06
0.4504941 0.94423944 1.2960321e-16 0.6672901 0.50319445 0.4707645 0.84517676 0.68567467 0.66646314 0.6352736 0.31275183 0.22790648 0.22161038 0.1512951 0.1917672 0.22752829 0.2835585 0.62789613 0.039268184 0.12734549 0.08166371 0.0067680287 0.028122794 0.19736761 0.26764777 0.0031906914 0.10776257 0.001866125 0.00236849 0.009479772 0.0013612981 0.0022099128 0.00027233336 0.020176347 0.13710372 0.012738337 0.003458908 6.097448e-05 0.06774527 0.075483575 0.0019495519 5.3064636e-05 0.00064848555 0.015005822 0.17576319 0.00018682581 0.061123103 0.04395641 0.0201512 0.007273385 5.4290263e-06 0.02864276 0.00013115049 0.003257486 0.0032683758 0.00014320061 0.0066248584 0.0031362914 9.099347e-05 0.00082664983 0.00034542527 0.00016984425 0.0084885815 1.77734e-06 0.120234616 4.0435677e-07 9.8835706e-05 0.0010529263 0.043083243 0.022061722 1.65704e-05 0.014623856 2.0468855e-05 0.0007296186 6.420872e-08 9.4026755e-06 6.480607e-06 0.0008096613 1.129753e-05 0.0001420174 0.00011652514 5.1731067e-06 4.2335756e-05 0.0004955578 0.0015594779 3.5966124e-07 1.8918945e-06 4.376305e-06 1.5020295e-06 0.00020112073 2.9807652e-06 2.2826787e-06 9.228214e-05 0.00020907303 1.2338573e-05 8.290884e-05 2.236073e-05 0.00026992403 4.3019998e-07 2.9229656e-07 8.559111e-06
0.5136217 0.82149136 0.6672901 1.4014777e-17 0.9478189 0.79513025 0.21837074 0.053392794 0.5825573 0.35463563 0.04783725 0.6037108 0.51744425 0.0023561432 0.0015070136 0.01358272 0.0029370866 0.33334175 0.42215845 0.0012174699 0.20866545 0.2072299 0.0001173402 0.25627717 0.046265163 0.04004369 0.27578384 4.0320003e-05 3.679464e-05 8.657257e-05 3.5686302e-05 4.9140646e-05 0.01368123 0.1675599 0.14965619 0.041806396 0.037387487 0.0035135115 0.067788005 0.018922286 0.082190394 0.0011170892 3.73199e-05 0.071141034 0.01799715 2.760018e-05 0.010741815 0.063907124 0.0005176599 0.0004036142 6.787958e-05 0.00133156 5.8229793e-06 0.021353947 0.00956033 1.2185059e-05 0.00046450485 0.00014739754 6.8948157e-06 0.002802414 0.0012986902 5.968115e-06 0.0008016538 0.0029132215 0.25972533 1.360429e-06 0.0022876717 9.0023816e-05 0.024941124 0.04455386 1.4192987e-05 0.0042493953 0.0001262487 0.00059839786 7.960523e-07 2.328724e-06 3.0733472e-06 0.0024510107 1.3428265e-06 8.221383e-05 1.6701399e-05 7.190749e-06 5.4508033e-05 0.0004673522 0.0010056788 2.8002216e-07 1.5690656e-06 2.7191056e-06 2.1389963e-06 0.00015856624 6.554483e-07 1.0729292e-06 6.01634e-06 2.9880986e-05 2.6429204e-06 7.021135e-06 1.2203376e-05 1.0103186e-05 2.064449e-07 6.6345564e-08 5.3601786e-07
0.5039804 0.7469083 0.50319445 0.9478189 4.123069e-18 0.8575 0.11462117 0.022961244 0.5218164 0.20998204 0.036519006 0.6006546 0.61214674 0.0006459616 0.0007279363 0.007375078 0.001372285 0.16851513 0.54704314 0.00043449926 0.2865678 0.2548001 6.490631e-05 0.26165375 0.03566794 0.07769534 0.13069692 3.2733602e-05 1.4037254e-05 1.7095945e-05 2.993238e-05 3.3123437e-05 0.020391975 0.116831765 0.046715967 0.047038943 0.046082698 0.005630485 0.06280369 0.0144821005 0.066880785 0.001668696 1.0536886e-05 0.03112488 0.0043148426 7.575211e-06 0.005455604 0.051506218 0.0002568091 0.00017552184 0.00037813094 0.00031876424 1.5076681e-06 0.0094867395 0.01038304 5.062471e-06 0.0001484498 9.803533e-05 2.636755e-06 0.0033245056 0.0018514437 3.991323e-06 0.0002493377 0.002997343 0.059029184 2.0031443e-06 0.00077926356 5.3742962e-05 0.020473184 0.04186714 1.0503577e-05 0.0020295288 2.4069148e-05 0.00053357595 6.1634296e-07 7.7798626e-07 2.7226579e-06 0.0029204665 5.6998925e-07 7.5253585e-05 6.266286e-06 1.0418667e-05 6.056907e-05 0.0005292545 0.0011427107 1.146589e-07 1.2530099e-06 1.2213033e-06 1.1638718e-06 0.00012353934 3.1802014e-07 3.7745622e-07 3.3478668e-06 1.2109435e-05 8.672751e-07 3.273952e-06 8.658715e-06 4.4092994e-06 4.8078466e-08 1.524925e-08 2.4044758e-07
0.6617738 0.70736855 0.4707645 0.79513025 0.8575 5.1248868e-17 0.13084474 0.058167875 0.33832666 0.12298986 0.12041169 0.3587365 0.927413 0.004759433 0.005553928 0.01992073 0.0078821285 0.10484825 0.64424264 0.0022677192 0.55862653 0.08504964 0.00035409463 0.5137629 0.14158343 0.10589485 0.021562386 0.00013674403 3.2199576e-05 6.547317e-05 7.7233264e-05 8.084264e-05 0.039488606 0.02702625 0.0127001945 0.055321667 0.0522115 0.006193728 0.2036726 0.040831536 0.011399199 0.0027156114 8.26739e-06 0.0071708146 0.005454108 2.804879e-06 0.010365316 0.121348225 0.0004943932 0.00039629784 0.00056257343 0.0006207992 6.1615397e-06 0.0022012675 0.017241752 9.395683e-06 0.00028106335 0.00020376664 4.5511274e-06 0.0021693814 0.0017021671 1.6011965e-05 0.0002915954 6.5990265e-05 0.009683315 5.557613e-06 0.00016123266 4.8506576e-05 0.047679063 0.07313695 9.007821e-06 0.0012333245 2.1007265e-05 0.00068493397 2.0848493e-07 5.1769285e-07 2.9194011e-06 0.0036770806 4.385335e-07 7.9269244e-05 1.1553627e-05 7.817164e-06 3.9032446e-05 0.0024592183 0.0012345255 7.769971e-07 3.533224e-06 6.8827825e-07 1.1128325e-06 0.000850604 7.1939206e-07 1.720726e-06 1.193455e-05 1.746155e-05 1.5441416e-06 8.228509e-06 3.5292313e-05 2.3478078e-06 3.6560195e-08 5.851983e-08 4.2687412e-07
0.23941867 0.49749643 0.84517676 0.21837074 0.11462117 0.13084474 2.905439e-17 0.94569016 0.45614642 0.654773 0.22991392 0.02971457 0.0735882 0.15130782 0.3277198 0.23339708 0.5969099 0.7953708 0.0024775942 0.36988667 0.032553576 0.00043623376 0.07840141 0.096703835 0.22353351 0.0005010174 0.074026175 0.003152283 0.01106661 0.011969345 0.002473984 0.0037277413 6.8091584e-05 0.0044573015 0.15692064 0.0048415028 0.0008437504 2.8695787e-05 0.032620467 0.052100047 0.00052038126 1.6974376e-05 0.0014225332 0.005146194 0.20462963 0.00096179 0.0450327 0.017664216 0.031162443 0.00864194 2.3142804e-06 0.038583808 0.00011319268 0.0026097118 0.0015407326 0.0002627322 0.007290445 0.003652868 0.00020196506 0.0007976687 0.00030094458 0.00022752979 0.011938416 1.4036751e-06 0.111779414 6.0616566e-07 6.208951e-05 0.0013880426 0.02921312 0.010374137 3.1222055e-05 0.033394407 3.238395e-05 0.0013688565 7.2729854e-08 1.8371977e-05 6.3922243e-06 0.00072145666 2.3228207e-05 0.000520285 0.00012209237 7.317198e-06 5.7208596e-05 0.00030887735 0.0024966989 2.0841836e-07 1.3123068e-06 6.74333e-06 2.0350426e-06 9.6098905e-05 1.3308387e-06 1.2205383e-06 0.00014478268 0.00041967258 2.126298e-05 0.00012229235 1.7035662e-05 0.00035347638 4.4007274e-07 1.3995495e-07 2.5169584e-05
0.24333178 0.31013238 0.68567467 0.053392794 0.022961244 0.058167875 0.94569016 8.191666e-18 0.04295883 0.20612392 0.35837632 0.00028785403 0.023356007 0.47351494 0.69200647 0.3838335 0.90070075 0.46278906 0.00032954756 0.6379947 0.010296379 2.4623865e-05 0.37997296 0.044671077 0.30837536 0.00012265278 0.0063933344 0.016611358 0.12479441 0.050643507 0.013347155 0.014472049 8.87972e-06 0.00033244057 0.032674007 0.0012078504 0.00023262162 4.1624166e-06 0.01746644 0.08171593 6.586685e-05 1.8972048e-06 0.003149924 0.0005241541 0.2696865 0.0021673094 0.076293826 0.00593981 0.100950316 0.01568492 4.3558416e-07 0.07790315 0.00015157895 0.000115198774 0.00037252216 0.00055835524 0.01330568 0.010198063 0.00027232166 0.00016689576 6.89144e-05 0.00050193636 0.015048141 1.1146153e-07 0.010538057 1.9298353e-07 5.1708134e-06 0.0056305225 0.028236227 0.0062199477 4.2942203e-05 0.047039628 2.944597e-06 0.0002829972 4.3591366e-09 2.200285e-05 1.659276e-05 0.00030096897 1.7302944e-05 0.00038278915 0.00018013272 3.2576165e-06 1.7017084e-05 0.00018525423 0.0020608837 2.7468386e-07 2.7179806e-06 9.867603e-06 1.8210819e-06 6.374336e-05 1.1106018e-06 6.2233084e-07 0.00020164657 0.0003417567 3.3929737e-05 0.00016794221 1.3296012e-05 0.00038212238 4.4545214e-07 1.2602608e-07 3.7957885e-05
0.18603908 0.538823 0.66646314 0.5825573 0.5218164 0.33832666 0.45614642 0.04295883 1.7919764e-18 0.9275934 0.012550359 0.9003058 0.31898585 0.0002798886 0.00030860177 0.004365684 0.0015076597 0.82509136 0.21464969 0.0005356666 0.14257495 0.337123 3.4764977e-05 0.09444592 0.008661602 0.02460138 0.49757424 1.9012738e-05 5.911548e-06 6.38968e-05 2.5677298e-05 4.8212703e-05 0.006037812 0.3181663 0.27841341 0.028404498 0.023620859 0.0035885407 0.024463356 0.004333371 0.057693608 0.0007111876 3.207965e-06 0.1051174 0.0028605498 4.4795092e-06 0.0021741204 0.019196877 0.000121916215 4.3540433e-05 4.941411e-05 9.5978015e-05 1.2286351e-06 0.025616905 0.005721463 1.7414047e-06 5.5860022e-05 8.5755375e-05 3.4064497e-06 0.0010153127 0.0004337813 3.0392396e-06 0.00013447039 0.0007538176 0.20498508 9.3394334e-07 0.0030495394 1.922574e-05 0.0061699376 0.014451472 3.2058642e-06 0.00088315684 0.000590935 0.0024307796 4.663359e-07 5.141808e-07 1.291061e-06 0.002156842 1.9077413e-07 4.151172e-05 5.1285383e-06 1.6276344e-05 0.00011130374 0.00017348984 0.0024183134 4.5886683e-08 1.6687737e-07 3.9749483e-07 7.5853126e-07 2.3504548e-05 1.511556e-07 3.4235657e-07 2.1780319e-05 2.921798e-05 7.884808e-07 9.809915e-06 1.9877928e-06 2.002243e-06 5.4196967e-09 2.1699231e-09 1.5102476e-07
0.23668401 0.39569125 0.6352736 0.35463563 0.20998204 0.12298986 0.654773 0.20612392 0.9275934 6.730805e-18 0.044114526 0.3873625 0.09395017 0.0032911808 0.005711293 0.02328953 0.017849067 0.94435537 0.02443364 0.008322738 0.047065765 0.025568267 0.0007721017 0.06832209 0.03312368 0.0058089416 0.41031694 0.00021682594 0.00024632283 0.0012366559 0.00026351862 0.0004151554 0.00063356094 0.10268522 0.37594897 0.009409333 0.005047084 0.00026778004 0.018513596 0.012770509 0.011069956 0.0001601214 0.00022890662 0.051370148 0.03827815 0.00021639523 0.010831847 0.01176686 0.0019470965 0.0009370495 5.703e-06 0.0018936729 2.8522998e-05 0.015940843 0.0019395935 9.8695455e-05 0.0009498295 0.000677668 5.5968587e-05 0.0008992231 0.00025350897 6.382749e-05 0.0014918027 5.9996437e-06 0.22876455 8.613618e-07 0.0018905926 0.00042678032 0.01214467 0.009709409 3.263548e-05 0.0099627515 0.0005203793 0.0023630415 6.7314915e-07 6.9977577e-06 8.182644e-06 0.0011416258 3.949735e-06 0.000103208185 0.0001300837 1.176926e-05 0.00013352603 0.00029591544 0.0020692083 9.605689e-08 6.511015e-07 7.211915e-06 7.6166752e-06 6.753277e-05 1.3861318e-06 3.407317e-06 0.00022583085 0.0003036731 1.0140204e-05 4.9155035e-05 7.1093054e-06 0.00017638248 2.958862e-07 1.6148832e-07 1.04758765e-05
0.7940104 0.24591954 0.31275183 0.04783725 0.036519006 0.12041169 0.22991392 0.35837632 0.012550359 0.044114526 1.2350506e-17 0.0020634984 0.015089256 0.5250485 0.31059542 0.9664328 0.30320862 0.033898674 0.0013485696 0.088501625 0.0074509867 0.00036257802 0.03536203 0.024624784 0.82310337 0.00016132109 0.0022437568 0.019277448 0.03043371 0.061720826 0.01197011 0.015779208 0.00033459582 0.0006396777 0.0022439943 0.00047850967 5.4778855e-05 0.00013409377 0.029349668 0.17815866 0.000113311915 9.3607e-05 0.00082384737 0.0004298586 0.062766284 0.00054631865 0.16688791 0.025387863 0.031376556 0.012058914 0.00011418941 0.02269523 8.83028e-05 0.00010987637 0.00042238986 0.00041049463 0.008443138 0.0032756731 1.6355278e-05 0.000105883155 0.00016218323 0.0005542944 0.027173705 3.3141163e-07 0.0013328914 1.1457611e-06 1.3158239e-05 0.0025751432 0.16199434 0.02327647 7.010995e-05 0.005809803 4.034202e-06 0.00015396009 3.089442e-08 1.2514461e-05 3.6086443e-05 0.0011897092 8.2642755e-06 9.936098e-05 5.641455e-05 1.1397286e-05 2.9190629e-05 0.0009697037 0.0032966372 9.531746e-06 4.7334863e-05 2.7288359e-05 1.5581063e-05 0.0005968184 1.595389e-05 1.8984401e-05 8.409576e-05 6.6611115e-05 2.2760541e-05 5.126248e-05 7.043122e-05 3.1318526e-05 8.265052e-07 2.630216e-07 1.3022688e-05
0.5062838 0.35503218 0.22790648 0.6037108 0.6006546 0.3587365 0.02971457 0.00028785403 0.9003058 0.3873625 0.0020634984 5.0603827e-20 0.4861406 6.804429e-06 5.2601818e-06 0.00036769942 3.0768504e-05 0.2694304 0.567579 2.9562323e-06 0.21985711 0.9624934 1.9764671e-07 0.103095435 0.0024408381 0.14373523 0.4067035 5.181325e-07 4.4511303e-08 1.0882331e-06 8.372748e-07 1.3587344e-06 0.06708504 0.5470441 0.07881197 0.05890923 0.11570522 0.02961985 0.026183562 0.0018860651 0.4091516 0.0055342945 5.305099e-08 0.2117061 5.1541258e-05 2.7175386e-07 0.0003711714 0.039505422 3.0466888e-06 1.1735586e-06 0.00079654483 5.481896e-06 5.169245e-08 0.04031257 0.017045772 2.7330782e-07 1.5352886e-06 4.8587012e-06 6.837891e-08 0.0074930433 0.0024369713 1.1304212e-07 3.3790013e-05 0.018957874 0.19451246 1.9925965e-06 0.008913594 4.5209904e-07 0.006509768 0.041937273 3.3652114e-07 2.6828347e-05 0.00061844266 0.0013130092 9.595078e-06 2.2622821e-07 8.4030845e-08 0.0065281666 8.402568e-09 1.0932892e-05 5.6788616e-07 2.4210672e-06 2.338446e-05 0.00024273025 0.0007888927 2.4844685e-08 1.0431253e-07 3.0113392e-07 3.203922e-07 4.7882146e-05 1.1639768e-07 2.2062963e-07 1.3656963e-06 7.654344e-06 3.909887e-07 7.564898e-07 1.1164515e-05 2.2250433e-07 2.6734124e-09 7.395867e-11 4.8123788e-08
0.879448 0.3929763 0.22161038 0.51744425 0.61214674 0.927413 0.0735882 0.023356007 0.31898585 0.09395017 0.015089256 0.4861406 1.1829351e-16 0.0006903682 0.0011973393 0.0022424005 0.0031899568 0.068424165 0.88458854 0.0017302054 0.84202284 0.3156392 0.00021928329 0.60032105 0.053184178 0.32969558 0.09482243 0.000116611394 2.5276073e-05 3.234148e-05 5.7679226e-05 4.5481745e-05 0.118366756 0.13285734 0.021277249 0.1445647 0.1765162 0.023735404 0.2394666 0.022462329 0.08671862 0.008743701 1.2311632e-05 0.027723359 0.004022027 3.0049746e-06 0.003490732 0.16418436 0.00039303125 0.000120715406 0.00054765877 0.0006662471 5.6627646e-06 0.00879156 0.025710402 1.438577e-05 0.00014034491 0.00039880144 5.1304364e-06 0.0052288277 0.004077518 1.51759805e-05 0.0002654568 0.004133165 0.024651334 1.3420449e-05 0.0017334045 5.3218242e-05 0.047657385 0.11950896 1.2978711e-05 0.0018910976 1.2601888e-05 0.000246154 4.1043177e-06 2.0454795e-06 4.076757e-06 0.0039109 1.0462792e-06 5.650263e-05 1.2526688e-05 1.4653579e-05 6.539118e-05 0.0029158774 0.0008349354 1.056164e-06 4.439832e-06 9.568916e-06 2.9609216e-06 0.0013547868 3.004734e-06 5.744337e-06 2.93434e-06 1.4902917e-05 1.2145659e-05 2.658363e-06 6.0074286e-05 5.481044e-06 1.5541232e-07 7.216841e-08 4.4257865e-07
0.58513814 0.05395701 0.1512951 0.0023561432 0.0006459616 0.004759433 0.15130782 0.47351494 0.0002798886 0.0032911808 0.5250485 6.804429e-06 0.0006903682 2.2923747e-18 0.9604094 0.7407087 0.58017105 0.009727451 4.8679987e-05 0.23068897 0.0007857713 2.6195785e-06 0.2994136 0.0040266654 0.43313938 2.161513e-05 0.00011409493 0.21177855 0.5402067 0.43989554 0.116679855 0.12523097 3.945778e-06 2.3524975e-05 0.0011829418 4.815306e-05 7.85071e-06 5.7971693e-06 0.0038646031 0.08157157 9.190304e-06 7.3572755e-07 0.035197817 9.586394e-05 0.12358839 0.015583584 0.18356049 0.0008548417 0.10342841 0.059274744 1.9250094e-06 0.051571146 0.00031646978 4.001642e-05 3.9687027e-05 0.0023619724 0.041737556 0.013207983 0.00014270887 1.0068818e-05 1.0390021e-05 0.0010374092 0.039246354 2.784368e-08 0.0005469093 5.575806e-08 5.252492e-06 0.021366788 0.04995423 0.003258886 0.00010364129 0.048349474 1.4290974e-06 0.00011619223 4.192661e-09 6.265537e-05 4.710264e-05 0.00016067208 1.9934414e-05 0.00020907163 0.00011687626 3.0503522e-06 1.587989e-05 0.00026793484 0.003636875 1.5778484e-06 6.431393e-05 2.0791114e-05 3.8349776e-06 0.00021542213 5.7682223e-06 1.5560203e-05 0.0002992292 0.00032912954 5.5227396e-05 5.3381664e-05 9.3157185e-05 0.00012032348 9.166132e-07 2.5528425e-07 5.1517323e-05
0.255613 0.051913723 0.1917672 0.0015070136 0.0007279363 0.005553928 0.3277198 0.69200647 0.00030860177 0.005711293 0.31059542 5.2601818e-06 0.0011973393 0.9604094 1.3081261e-17 0.441561 0.8617513 0.024044173 3.329871e-05 0.503992 0.00080028945 1.4333738e-06 0.56064624 0.003919837 0.21395665 1.6523485e-05 0.000212889 0.16852856 0.55821186 0.20444396 0.09368962 0.096023224 1.6637213e-06 2.0055159e-05 0.0018426346 0.000105436164 1.238781e-05 2.0041361e-06 0.0041949973 0.047518935 9.7691545e-06 6.564948e-07 0.0154118305 4.6336216e-05 0.18649796 0.0064818445 0.099300385 0.0013089146 0.15714292 0.033458803 1.9790207e-07 0.1003385 0.0004484273 2.1731292e-05 0.000101602556 0.001354865 0.026621472 0.02527108 0.0001510505 6.7515866e-06 7.420897e-06 0.00091794203 0.039715078 1.1312499e-08 0.00070200604 5.3749183e-08 3.0595324e-06 0.033001777 0.024282565 0.0024983934 0.00014120413 0.06007698 2.4852482e-06 0.00013153993 5.5360405e-10 5.0195904e-05 2.049245e-05 7.5730335e-05 5.4227938e-05 0.00028916178 9.1117305e-05 3.4630516e-06 2.2514881e-05 0.00011374586 0.0023438751 1.57847e-06 7.380734e-05 4.5986108e-05 5.230219e-06 0.000115888564 5.2949854e-06 4.970077e-06 0.0003107903 0.00046295387 2.8951425e-05 0.00026306644 1.2543244e-05 0.00012324161 1.2521665e-06 6.071793e-07 6.9493064e-05
0.7401936 0.13653085 0.22752829 0.01358272 0.007375078 0.01992073 0.23339708 0.3838335 0.004365684 0.02328953 0.9664328 0.00036769942 0.0022424005 0.7407087 0.441561 3.799307e-17 0.36487135 0.022885805 0.00014827774 0.15955356 0.0010896181 5.9325543e-05 0.10007541 0.0062427795 0.79593813 3.376643e-05 0.0006998999 0.08484638 0.10159283 0.1846207 0.04712275 0.058237102 5.781818e-05 0.00022648867 0.001696893 5.4648983e-05 1.881625e-05 2.8567098e-05 0.006687167 0.11712594 8.064012e-05 1.20704535e-05 0.0030337377 0.00050166686 0.13592884 0.0028300625 0.23392116 0.0049084653 0.09986107 0.027869651 9.794295e-06 0.06470975 0.000495417 9.172052e-05 7.166975e-05 0.0011385037 0.017697435 0.009465065 3.2847525e-05 9.611783e-06 2.2068227e-05 0.0011619756 0.058494132 1.06493744e-07 0.0008435645 1.0488432e-07 8.214192e-06 0.009913439 0.10481871 0.0036773102 0.00016363681 0.022321805 2.877335e-06 0.00014459336 1.3876077e-08 6.418323e-05 9.2537266e-05 0.00028244933 2.8508639e-05 0.00025679122 0.00019697729 1.1196375e-05 6.15388e-05 0.00022938935 0.0034514114 2.104978e-05 0.0001752096 6.482248e-05 3.382577e-05 0.0004573727 6.45912e-05 8.994802e-05 0.0001781559 0.00013869768 4.5721765e-05 9.1353875e-05 9.0971174e-05 7.673578e-05 7.470253e-06 1.8557639e-06 4.2904663e-05
0.39353105 0.07857271 0.2835585 0.0029370866 0.001372285 0.0078821285 0.5969099 0.90070075 0.0015076597 0.017849067 0.30320862 3.0768504e-05 0.0031899568 0.58017105 0.8617513 0.36487135 1.02865785e-16 0.09558222 0.00017781997 0.875487 0.0023668914 8.149826e-06 0.7774415 0.010007874 0.22520389 2.7566377e-05 0.0013806613 0.07995605 0.56438214 0.17295499 0.051568646 0.057311017 8.144045e-06 0.0001830385 0.010584535 0.00028163998 2.27465e-05 9.042982e-06 0.0047790315 0.05208531 8.658644e-05 3.2614832e-06 0.022638757 0.0003995074 0.4071054 0.010956441 0.073389634 0.0016475525 0.29004276 0.026077075 4.3766073e-07 0.25756592 0.0007542808 0.00019211454 0.00021173066 0.0016328364 0.017633667 0.049607 0.0008025388 1.0563177e-05 4.7449776e-06 0.0012869707 0.037220888 1.1636327e-07 0.033156972 2.0441719e-07 1.967566e-05 0.062382568 0.022868564 0.0037311628 0.00030476454 0.20706545 1.1816452e-05 0.0006395066 2.950171e-08 9.1524096e-05 0.00015168292 0.00022383977 8.633043e-05 0.0020328187 0.0002694207 1.0553379e-05 5.4017557e-05 0.00013284157 0.00213189 4.3122914e-06 0.00011112281 0.00010165906 1.4306923e-05 0.00019541234 8.024072e-06 1.2235621e-05 0.0003118276 0.0010722787 0.000113285336 0.00041210226 4.6789595e-05 0.00045116295 4.3129535e-06 1.8023494e-06 0.00020790727
0.18168284 0.38814536 0.62789613 0.33334175 0.16851513 0.10484825 0.7953708 0.46278906 0.82509136 0.94435537 0.033898674 0.2694304 0.068424165 0.009727451 0.024044173 0.022885805 0.09558222 8.436173e-18 0.0054174084 0.112348504 0.020410376 0.0050932067 0.005513499 0.033841647 0.023903428 0.0007252443 0.6572372 0.00036368988 0.00014731534 0.0015019123 0.00044175173 0.00088453747 6.140291e-05 0.13206667 0.61035204 0.0023990434 0.000601791 3.417339e-05 0.0076624374 0.0067878864 0.0057477704 3.8970702e-05 0.00018287136 0.069938295 0.19964123 0.0002257669 0.006927642 0.004977121 0.004503733 0.00074473134 2.83984e-06 0.0060977126 3.677703e-05 0.021113513 0.0011039298 5.2244384e-05 0.0007717609 0.00096227723 0.000106350286 0.00010149284 4.722201e-05 3.465888e-05 0.0018742455 1.4287943e-05 0.35714552 6.3335614e-07 0.0031097753 0.00038136207 0.008624214 0.0047953003 6.599474e-05 0.014049813 0.000753135 0.0060782563 2.6954406e-06 5.04208e-06 3.573003e-05 0.0006355071 8.026459e-06 0.00061558845 0.00016739198 2.3750472e-05 0.00025767263 0.000382479 0.0030666734 2.554796e-07 7.5822675e-07 2.444302e-06 2.8297358e-05 4.5729437e-05 3.549861e-06 4.9243877e-06 0.00025136542 0.0005013945 9.555292e-06 0.00013751665 1.0240887e-05 0.00016379856 5.553049e-07 5.134835e-07 1.9464596e-05
0.488295 0.13225053 0.039268184 0.42215845 0.54704314 0.64424264 0.0024775942 0.00032954756 0.21464969 0.02443364 0.0013485696 0.567579 0.88458854 4.8679987e-05 3.329871e-05 0.00014827774 0.00017781997 0.0054174084 1.2660523e-17 3.91123e-05 0.72629803 0.6611526 2.941538e-06 0.28216523 0.0038609155 0.9232267 0.035911623 4.1240532e-06 5.2355557e-07 6.3046677e-06 3.5422759e-06 5.8648166e-06 0.5523078 0.13591608 0.00452475 0.270247 0.33505714 0.08278468 0.08724018 0.0034486195 0.12779734 0.13189828 4.1089447e-07 0.02397824 9.875025e-05 1.5194624e-06 0.00069510133 0.11504114 1.4284891e-05 1.432306e-05 0.004550275 2.683569e-05 2.8773582e-07 0.008274272 0.11826142 6.3394106e-07 5.9730796e-06 9.977085e-06 2.9318238e-07 0.0216085 0.019790838 4.1538962e-07 6.477397e-05 0.030348709 0.026102964 3.5901186e-05 0.001815386 4.2094257e-06 0.019369075 0.1700987 2.6356413e-06 0.00021486505 4.2795145e-05 0.0005001543 5.0851113e-06 1.5912255e-07 5.286572e-07 0.012816403 1.0769358e-07 1.7694461e-05 1.6767827e-06 6.7768146e-06 5.7354777e-05 0.0031798196 0.0007438725 4.2166814e-08 6.3456916e-08 1.3100486e-06 8.8982466e-07 0.0008171648 2.7126086e-07 4.282352e-07 5.024859e-07 1.2830092e-06 6.412951e-07 2.0002658e-06 7.815159e-06 5.7133594e-08 2.0705158e-09 1.1144441e-09 5.5152594e-09
0.11897874 0.02432182 0.12734549 0.0012174699 0.00043449926 0.0022677192 0.36988667 0.6379947 0.0005356666 0.008322738 0.088501625 2.9562323e-06 0.0017302054 0.23068897 0.503992 0.15955356 0.875487 0.112348504 3.91123e-05 3.3277222e-18 0.0009907201 8.405943e-07 0.97267544 0.005727672 0.07793365 5.015798e-06 0.0015552584 0.027274707 0.46716002 0.044474084 0.01675311 0.016064636 1.3424603e-06 0.00015530588 0.016216043 0.0002176397 5.3936246e-06 1.6525398e-06 0.0018662452 0.013760298 2.1645084e-05 7.6598826e-07 0.008509651 0.00022066325 0.5750928 0.007145628 0.025636228 0.00068576506 0.29350483 0.011206317 1.1572958e-07 0.30140525 0.00082061667 0.0001538173 0.00028245605 0.0007020016 0.0062006935 0.06275717 0.0009589462 2.160383e-06 7.534097e-07 0.0010595284 0.02102107 3.300023e-08 0.03140385 3.6124057e-08 1.0064527e-05 0.03827784 0.007419574 0.0020565449 0.00011682267 0.19009197 1.279148e-05 0.0009592023 2.8482887e-08 3.4309396e-05 4.6183617e-05 8.2685845e-05 5.430676e-05 0.003127643 0.00012509181 2.4777832e-05 0.000106668114 5.8993417e-05 0.0017695323 1.5051211e-06 4.3627093e-05 1.6777996e-05 8.603655e-06 4.8909027e-05 5.0884387e-06 3.3682213e-06 0.0002200876 0.0006317533 8.331831e-05 8.998681e-05 1.5347303e-05 0.00033162552 4.7778485e-06 5.3172425e-07 0.00010971523
0.8500089 0.14181879 0.08166371 0.20866545 0.2865678 0.55862653 0.032553576 0.010296379 0.14257495 0.047065765 0.0074509867 0.21985711 0.84202284 0.0007857713 0.00080028945 0.0010896181 0.0023668914 0.020410376 0.72629803 0.0009907201 3.4741334e-17 0.12270439 0.00012508585 0.89466244 0.040646352 0.5775865 0.015541561 0.00012713918 9.144937e-06 2.4652154e-05 7.298935e-05 5.484393e-05 0.15929285 0.033799022 0.0030957435 0.50294584 0.34303442 0.02530278 0.58688813 0.03094495 0.027814811 0.02683593 1.0126153e-05 0.0064553334 0.0004945828 1.1266774e-06 0.003675594 0.3257097 0.00016683053 0.00015914557 0.0019601802 0.00018050641 4.9349655e-06 0.0015132393 0.13546048 8.188772e-06 0.00016256231 0.00010638651 2.0628872e-06 0.008084911 0.009133046 1.1080168e-05 0.00018047885 0.0006096793 0.0016121044 5.2150997e-05 0.00011287371 2.5567582e-05 0.07754134 0.27891695 1.47551345e-05 0.0002385727 2.189077e-05 0.00027737432 7.3466595e-07 1.5316523e-07 2.6564244e-06 0.011696492 2.5706183e-07 2.8554377e-05 8.002581e-06 2.4795132e-05 5.5468514e-05 0.01189645 0.00065088645 1.143579e-06 3.70118e-06 1.4223385e-06 4.852492e-06 0.0042108814 2.328089e-06 3.8272983e-06 2.265755e-06 2.358256e-06 2.6679406e-06 3.0515682e-06 6.945464e-05 9.4389316e-07 4.5507363e-08 2.3169413e-08 2.6981565e-08
0.32866085 0.032409076 0.0067680287 0.2072299 0.2548001 0.08504964 0.00043623376 2.4623865e-05 0.337123 0.025568267 0.00036257802 0.9624934 0.3156392 2.6195785e-06 1.4333738e-06 5.9325543e-05 8.149826e-06 0.0050932067 0.6611526 8.405943e-07 0.12270439 6.577868e-19 1.4998044e-07 0.058964267 0.00049187324 0.4709188 0.15222503 2.3017725e-07 7.2936803e-09 8.346423e-07 5.943172e-07 1.0095349e-06 0.82100606 0.73074126 0.0061815605 0.102450125 0.2818132 0.9084354 0.019332496 0.00029766178 0.77777153 0.23199856 1.53099e-08 0.21792032 2.5380616e-05 1.210776e-07 4.9851988e-05 0.03134427 1.4098774e-06 6.557446e-07 0.028457703 4.102244e-06 1.3594712e-07 0.036306698 0.060040884 2.8993202e-07 9.874525e-07 1.6818099e-06 1.00102504e-07 0.047604457 0.025502047 1.4296283e-07 1.0848857e-05 0.17217636 0.044201367 5.638045e-05 0.0091603 6.318533e-07 0.0019121086 0.044108193 4.936154e-07 5.3176564e-06 0.00083394983 0.0008453931 0.00039282592 4.939344e-08 2.7562892e-08 0.0313581 3.1366199e-09 4.6249133e-06 8.117948e-07 4.437703e-06 3.3670476e-05 0.0005884266 0.0006233481 1.0712788e-08 1.4959639e-08 7.508494e-08 8.085644e-07 7.03249e-05 1.1108418e-07 2.1237423e-07 4.0849744e-07 3.0585406e-06 4.5963614e-07 2.8000667e-07 3.7939121e-06 5.5581584e-08 2.9809666e-10 8.300434e-12 1.0092851e-09
0.06815424 0.0036127595 0.028122794 0.0001173402 6.490631e-05 0.00035409463 0.07840141 0.37997296 3.4764977e-05 0.0007721017 0.03536203 1.9764671e-07 0.00021928329 0.2994136 0.56064624 0.10007541 0.7774415 0.005513499 2.941538e-06 0.97267544 0.00012508585 1.4998044e-07 7.422858e-19 0.0005335248 0.046134397 4.3976354e-07 5.3401116e-05 0.12698644 0.88172513 0.10310404 0.07648229 0.06070694 3.850944e-07 3.6346868e-05 0.0008655062 1.6161019e-05 5.6277247e-07 2.3169136e-07 0.00018590622 0.007949482 4.9180985e-06 2.9171898e-07 0.040491533 5.0344857e-05 0.3878268 0.016657948 0.02250273 4.027335e-05 0.34950376 0.02142032 1.9664224e-08 0.124114126 0.006774254 3.5301906e-05 5.704129e-05 0.0037183515 0.009595884 0.10906703 0.0011385065 3.377419e-07 1.3651629e-07 0.010948457 0.020898508 1.4427874e-08 0.0003476408 1.914831e-08 4.7200374e-06 0.06349969 0.005439986 0.00033561175 0.00025188952 0.06603772 2.9808052e-06 0.00037831397 5.24802e-10 7.461841e-05 0.00022995358 2.4458e-05 6.113075e-05 0.0011783851 0.00020525164 8.208609e-06 4.015557e-05 1.1473361e-05 0.002129793 2.4192186e-06 9.0018395e-05 6.37678e-05 1.2820594e-05 6.597536e-05 8.326917e-06 3.4596285e-06 0.0002843062 0.0009220447 6.609022e-05 0.00021434459 5.039099e-06 0.00026923785 2.5052323e-06 3.9051582e-07 0.0002256851
0.9141842 0.29993954 0.19736761 0.25627717 0.26165375 0.5137629 0.096703835 0.044671077 0.09444592 0.06832209 0.024624784 0.103095435 0.60032105 0.0040266654 0.003919837 0.0062427795 0.010007874 0.033841647 0.28216523 0.005727672 0.89466244 0.058964267 0.0005335248 3.0811792e-16 0.2851482 0.14531033 0.011632378 0.00040951182 5.8710313e-05 8.679825e-05 0.00015861599 0.00014470606 0.048374273 0.011844077 0.004436485 0.2395517 0.18184532 0.009322291 0.87309414 0.15106553 0.0041286815 0.005440754 2.9202325e-05 0.0027757331 0.0020026164 3.7391164e-06 0.022354132 0.4760529 0.00010260277 0.00068544433 0.0002925611 0.00054069946 7.762769e-06 0.0008274619 0.044545673 3.6995058e-05 0.00055689673 0.00010518228 1.4766993e-06 0.0023615027 0.003068912 3.442923e-05 0.0017984041 1.52242965e-05 0.0013876541 1.8118824e-05 3.9119423e-05 3.2638218e-05 0.22557363 0.21181391 1.3329466e-05 0.00021257496 3.7975678e-06 5.253226e-05 4.782314e-07 1.2756632e-06 9.496949e-06 0.0070231576 3.3332773e-07 3.771803e-05 5.3998345e-05 1.7047167e-05 8.4430045e-05 0.009744122 0.0018130546 1.4471502e-06 8.387913e-06 2.496613e-06 2.3134992e-06 0.006626447 2.5359625e-06 9.256847e-06 7.857443e-06 4.2093056e-06 5.1764628e-06 8.714853e-07 0.0008734536 1.091388e-05 1.7555247e-06 3.8905378e-07 7.2031264e-07
0.9079501 0.21768346 0.26764777 0.046265163 0.03566794 0.14158343 0.22353351 0.30837536 0.008661602 0.03312368 0.82310337 0.0024408381 0.053184178 0.43313938 0.21395665 0.79593813 0.22520389 0.023903428 0.0038609155 0.07793365 0.040646352 0.00049187324 0.046134397 0.2851482 5.3199625e-16 0.00092028244 0.0007392477 0.098410845 0.048217308 0.30698475 0.066347405 0.113708556 0.00073659606 0.00040298863 0.0015025468 0.005702878 0.0012315533 7.255283e-05 0.12081776 0.90333295 3.6406225e-05 0.0002407954 0.010956111 0.0003163189 0.06031427 0.014777878 0.7392607 0.055377975 0.032248303 0.06329537 5.1301162e-05 0.012365633 0.00096103776 8.520325e-05 0.00085154024 0.003009532 0.0564772 0.003362801 0.00031352584 0.00019641811 0.0002600939 0.00040784435 0.096749306 2.442078e-07 0.00041030988 1.0211756e-05 3.859476e-06 0.0023244908 0.2629918 0.030754235 0.00030235565 0.0028857305 1.0962178e-05 0.00022272843 9.362864e-08 0.00042855434 0.0002151074 0.0021161714 0.00028702206 8.530813e-05 0.0008032352 2.2788256e-05 0.00022102466 0.0027249611 0.017294912 6.354586e-05 0.00042536162 0.0001663174 1.61011e-05 0.004098107 5.4431875e-05 0.00012246822 0.0006573946 0.00025531655 6.557622e-05 0.00012067168 0.0014241037 4.702638e-05 1.479252e-06 1.2809102e-06 8.153305e-05
0.4609727 0.017307252 0.0031906914 0.04004369 0.07769534 0.10589485 0.0005010174 0.00012265278 0.02460138 0.0058089416 0.00016132109 0.14373523 0.32969558 2.161513e-05 1.6523485e-05 3.376643e-05 2.7566377e-05 0.0007252443 0.9232267 5.015798e-06 0.5775865 0.4709188 4.3976354e-07 0.14531033 0.00092028244 3.8016973e-18 0.0041516414 1.6091328e-06 2.1785915e-08 1.0250114e-06 1.336454e-06 2.6565128e-06 0.7603287 0.035202954 0.0004888856 0.5768649 0.82261044 0.21284583 0.110933386 0.0017182017 0.053147323 0.64957917 5.160704e-08 0.0047173738 2.7088836e-05 1.0745741e-07 0.00017361132 0.112755604 1.118463e-06 1.1159826e-06 0.021370173 2.4746234e-05 1.2118828e-07 0.0015747992 0.5859588 2.7929326e-07 1.3737232e-06 2.2817494e-06 1.204998e-07 0.072764225 0.12449482 3.3967225e-07 1.7985729e-05 0.027557356 0.00014761658 0.00041543762 0.0003598832 6.2078374e-07 0.009723152 0.27714217 1.1518349e-06 3.535841e-05 3.6853144e-05 0.00035608842 2.7227947e-05 7.2591644e-09 1.7873712e-07 0.049314667 3.3369233e-08 9.3473245e-06 7.10533e-07 1.98125e-06 1.968923e-05 0.0132468175 0.000640522 1.7877488e-08 6.7837206e-08 1.5093751e-07 4.3036536e-07 0.002923883 1.6038403e-07 6.41086e-07 1.4406774e-07 2.1135531e-07 7.907742e-08 4.6779917e-07 1.1606148e-05 3.186223e-08 2.8920527e-10 2.114576e-10 2.15704e-09
0.28297853 0.090106465 0.10776257 0.27578384 0.13069692 0.021562386 0.074026175 0.0063933344 0.49757424 0.41031694 0.0022437568 0.4067035 0.09482243 0.00011409493 0.000212889 0.0006998999 0.0013806613 0.6572372 0.035911623 0.0015552584 0.015541561 0.15222503 5.3401116e-05 0.011632378 0.0007392477 0.0041516414 5.925117e-17 1.8075763e-05 3.883019e-06 3.6995483e-05 1.6747334e-05 1.8156568e-05 0.0023087277 0.7378826 0.9799194 0.002418031 0.005991428 0.0030602987 0.0040625622 0.0009389678 0.20498419 0.00077330216 2.6793994e-06 0.62300587 0.011592444 6.4671076e-07 0.0004017666 0.004637504 6.855721e-05 5.801367e-06 1.2002131e-05 0.0003174558 1.5093284e-06 0.13020033 0.0003756 1.3180746e-05 1.4467026e-05 2.712006e-05 2.8781117e-06 0.00024887302 5.5848035e-05 3.4326595e-06 4.164479e-05 0.0011382285 0.4532866 4.24394e-07 0.015054838 2.5498597e-05 0.0035940993 0.008115065 1.4897182e-06 0.0005736238 0.0020693631 0.0049681133 5.3508167e-05 1.1936663e-06 6.258925e-07 0.0020606439 1.8334143e-08 1.2673876e-05 3.4423335e-06 9.76677e-06 6.574284e-05 9.600318e-05 0.0014398159 2.9165793e-08 6.556661e-08 9.556618e-07 5.7002867e-06 2.9637453e-05 3.712967e-06 5.9017466e-06 8.2725914e-05 0.00015167307 1.173069e-05 1.5461788e-05 2.631747e-05 3.3380646e-05 6.471763e-08 1.1043635e-09 1.6954468e-06
0.39260495 0.0006313657 0.001866125 4.0320003e-05 3.2733602e-05 0.00013674403 0.003152283 0.016611358 1.9012738e-05 0.00021682594 0.019277448 5.181325e-07 0.000116611394 0.21177855 0.16852856 0.08484638 0.07995605 0.00036368988 4.1240532e-06 0.027274707 0.00012713918 2.3017725e-07 0.12698644 0.00040951182 0.098410845 1.6091328e-06 1.8075763e-05 3.437843e-15 0.88419694 0.76588583 0.94877833 0.856814 8.8907734e-07 5.018381e-06 0.00023705202 5.5758683e-05 1.4778051e-06 1.1674938e-06 0.0011259783 0.026946733 5.0536432e-06 5.4622456e-07 0.60438555 2.7714148e-05 0.06451832 0.4490616 0.13956068 0.00043357763 0.16125245 0.3261984 7.796095e-08 0.06335641 0.014358263 6.9266944e-06 6.3227104e-05 0.050430685 0.13632655 0.040888146 0.005977135 1.2700563e-06 1.0599296e-06 0.012658658 0.23005334 6.462878e-09 8.13835e-05 1.485761e-08 2.1440162e-06 0.092700355 0.028556421 0.0013749043 0.0014271375 0.0412197 3.383433e-06 9.298836e-05 1.08758e-09 0.00096795056 0.00039011773 4.075228e-05 0.00063754065 0.0004146355 0.00057756976 7.1740624e-06 4.4849785e-05 9.107864e-05 0.009718141 7.885345e-06 0.00018915538 0.0006241119 4.00078e-05 0.00031754936 3.053407e-05 1.9938143e-05 0.00076451123 0.0018558482 0.00025220585 0.00029216325 0.00020897815 0.00029585365 3.1224437e-05 2.7089982e-06 0.0007138431
0.7949023 0.00060307706 0.00236849 3.679464e-05 1.4037254e-05 3.2199576e-05 0.01106661 0.12479441 5.911548e-06 0.00024632283 0.03043371 4.4511303e-08 2.5276073e-05 0.5402067 0.55821186 0.10159283 0.56438214 0.00014731534 5.2355557e-07 0.46716002 9.144937e-06 7.2936803e-09 0.88172513 5.8710313e-05 0.048217308 2.1785915e-08 3.883019e-06 0.88419694 9.3971364e-17 0.6548519 0.7309427 0.5940012 1.7953107e-08 1.4795172e-06 0.00010807701 1.0882322e-06 2.3767678e-08 4.922688e-08 6.484871e-05 0.014719752 1.069107e-06 2.1292898e-08 0.7811819 5.470125e-06 0.3696039 0.28678685 0.09288599 6.6823435e-05 0.5686345 0.17646475 1.3755526e-07 0.25528246 0.23733696 5.7710945e-06 1.5764391e-06 0.10601937 0.07615909 0.25577617 0.029082732 6.2835085e-08 3.413679e-08 0.14964297 0.26529607 2.6348193e-08 0.0006582622 6.6179204e-09 9.209162e-07 0.41163236 0.01604477 0.0003102312 0.0019164261 0.16163664 9.887691e-07 7.6218894e-05 1.1698247e-09 0.00080471503 0.0045555327 1.2388024e-05 0.0013485979 0.002216464 0.0009168943 2.803395e-06 4.577676e-06 5.8970545e-06 0.0073707392 0.00023697133 0.0011571838 0.00031796392 2.2607228e-05 0.000120691824 2.216673e-05 2.746451e-05 0.00089298154 0.001924603 0.000106477346 0.00034355055 0.00019040618 0.00097385934 4.0618957e-05 8.516941e-06 0.0010064575
0.8461141 0.0016268623 0.009479772 8.657257e-05 1.7095945e-05 6.547317e-05 0.011969345 0.050643507 6.38968e-05 0.0012366559 0.061720826 1.0882331e-06 3.234148e-05 0.43989554 0.20444396 0.1846207 0.17295499 0.0015019123 6.3046677e-06 0.044474084 2.4652154e-05 8.346423e-07 0.10310404 8.679825e-05 0.30698475 1.0250114e-06 3.6995483e-05 0.76588583 0.6548519 4.755305e-16 0.7441652 0.92318493 4.4283897e-06 4.0630716e-06 0.0006712277 3.158408e-06 3.9386555e-07 4.0637574e-06 0.0009329442 0.09432105 3.4767115e-06 8.0991873e-07 0.49844915 6.3071064e-05 0.04266419 0.68172455 0.39664954 0.0008678162 0.112217605 0.72791696 5.3877334e-06 0.026912395 0.033218026 5.301119e-06 7.772658e-06 0.02636974 0.32001933 0.017579459 0.0060194517 9.9061e-06 1.1059382e-05 0.01980611 0.42289582 1.7125716e-08 2.6597032e-05 1.525851e-07 2.4444116e-06 0.067808546 0.0960717 0.002568679 0.0015567668 0.014107216 3.4816267e-07 8.000109e-06 1.8278277e-08 0.0009601295 0.0005518407 0.0005486795 0.00076767994 4.531381e-05 0.00034247318 2.9226073e-06 9.034095e-06 0.0007294039 0.02448605 1.1383005e-06 0.0001634972 0.0003095875 4.8252373e-06 0.0010844462 1.1009428e-05 5.360394e-05 0.0011113092 0.0008841547 0.0004188585 0.00023642935 0.00087087264 0.00042627758 1.8369858e-05 8.548514e-06 0.0005559093
0.28388777 0.00034484372 0.0013612981 3.5686302e-05 2.993238e-05 7.7233264e-05 0.002473984 0.013347155 2.5677298e-05 0.00026351862 0.01197011 8.372748e-07 5.7679226e-05 0.116679855 0.09368962 0.04712275 0.051568646 0.00044175173 3.5422759e-06 0.01675311 7.298935e-05 5.943172e-07 0.07648229 0.00015861599 0.066347405 1.336454e-06 1.6747334e-05 0.94877833 0.7309427 0.7441652 1.8359308e-15 0.8637486 1.1254596e-06 7.461361e-06 0.00020615855 2.0382873e-05 8.6226504e-07 9.1275234e-07 0.00063684 0.018450178 4.2976144e-06 3.69446e-07 0.6465392 3.1082393e-05 0.04450948 0.5152839 0.11186105 9.919614e-05 0.11105834 0.37802985 8.2581614e-08 0.032699212 0.016631918 4.823158e-06 1.4147904e-05 0.06282499 0.15225552 0.021907069 0.0067346385 5.320094e-07 7.824552e-07 0.014110714 0.18343544 4.4323034e-09 2.9492443e-05 1.2818718e-08 1.5823978e-06 0.06880058 0.01938784 0.00089583005 0.0029325623 0.021594124 2.4473038e-06 5.2244784e-05 4.7811116e-10 0.0014928045 0.00066987035 2.0871335e-05 0.00072660326 0.00022420296 0.00083440123 6.9674925e-06 4.585333e-05 5.855247e-05 0.010735864 7.022842e-06 0.00022676685 0.0004941896 3.330678e-05 0.0003322054 3.5529683e-05 2.330867e-05 0.0008943285 0.001739647 0.00021816255 0.00032090058 0.00019162925 0.00030271598 3.1724892e-05 2.7138387e-06 0.00097467
