2.295723e-21 0.40230992 0.77427423 0.010782104 0.9489787 0.07373563 0.6244801 0.18873204 0.97181815 0.58453125 0.844174 0.5809813 0.830973 0.9585016 0.31639835 0.9209183 0.9713543 0.4552661 0.5244022 0.6462295 0.9539625 0.9638125 0.930041 0.21039422 0.95091486 0.8287486 0.9471894 0.9797668 0.96239406 0.8602075 0.36271822 0.40995374 0.87240493 0.9433165 0.55993974 0.21956412 0.9006189 0.20376909 0.69639903 0.5827951 0.8438882 0.9454787 0.9645138 0.8945131 0.83765614 0.27976337 0.9081442 0.9663179 0.9454245 0.94419706 0.4940182 0.09717416 0.98041075 0.020330008 0.18024667 0.16149311 0.99999297 0.78612083 0.93859977 0.06886451 0.86240613 0.67754805 0.11007658 0.7938176 0.9996753 0.34281406 0.86626935 0.9117191 0.053337373 0.028761296 0.13352151 0.28687415 0.9236928 0.27831286 0.37674475 0.6551349 0.82561195 0.0011538899 0.9799105 0.9234499 0.0849663 0.008064612 0.037421163 0.064361446 0.025173359 0.9999275 0.714704 0.24789731 0.00032153807 0.7799919 0.8588606 0.7349827 0.98626477 0.0016462584 0.023293657 7.2195257e-06 0.010203122 0.9999696 0.9996622 0.016878959 0.304252
0.40230992 3.679895e-13 0.9377447 0.9749489 0.3200474 0.9421323 0.36846972 0.8988121 0.004400461 0.0059483694 0.033852275 0.122663 0.0005941331 0.24447615 0.0062454115 3.580623e-05 0.0008063132 5.582031e-06 1.1705635e-05 0.022790011 1.7609264e-05 0.015477478 9.776434e-06 4.629598e-05 0.0029991646 1.5769796e-05 2.7259488e-05 2.412313e-05 0.0004459329 2.4126268e-06 1.0229485e-05 6.7879346e-06 5.0047103e-05 4.8607317e-06 2.112166e-06 1.0246866e-05 1.2752503e-05 1.36778235e-05 3.3385487e-07 3.2567773e-06 4.7385678e-05 0.00015966699 4.6089506e-05 4.6470657e-07 4.1835124e-06 0.0016603041 9.74372e-07 2.2952776e-05 6.5250766e-05 2.5177399e-06 0.00032947783 0.0009718382 0.014960877 5.942294e-05 1.2804698e-05 3.1971167e-06 0.0024981552 5.6132956e-07 9.744329e-06 0.024000159 7.0851115e-07 1.5135826e-07 3.9205606e-06 3.4198652e-07 6.2045206e-06 5.2421883e-06 2.1152703e-06 3.4071178e-05 5.1224433e-06 2.7999642e-06 0.007079074 0.0013007082 6.4009723e-06 0.0013466785 0.53095347 1.9174333e-06 1.8212131e-07 4.8531604e-07 6.0331666e-07 1.950356e-05 2.8056027e-07 2.958251e-08 0.002315137 3.8343233e-06 0.00026144276 0.005490226 2.7461734e-05 4.5014605e-08 0.0028022828 0.00045902072 6.0090692e-06 5.357296e-07 4.7050332e-07 0.0016121044 0.00040863914 2.2963395e-05 0.0003783026 0.00015459054 0.0007273583 7.42814e-08 4.5686082e-08
0.77427423 0.9377447 1.1207552e-14 0.36141723 0.9851989 0.28233737 0.59863776 0.033211872 0.112903014 0.22383744 0.19329128 0.11435643 0.04421191 0.10424505 0.15448068 0.00023573883 0.0037518993 0.000115750176 4.292153e-05 0.15489227 3.4083103e-05 0.28647792 1.2945064e-05 3.3797714e-05 0.09473525 2.586081e-06 3.010716e-05 4.1434752e-05 0.009766258 2.2992988e-06 2.2498537e-06 1.6667752e-06 9.063353e-05 2.3632292e-06 1.6029931e-07 0.00021826074 1.1597729e-05 3.8559624e-06 5.725097e-08 5.624806e-07 0.0005423325 0.00070451875 1.7165261e-05 9.523342e-08 4.916436e-07 0.005863956 3.3009815e-07 6.6839493e-07 2.2863289e-05 4.4564675e-07 9.496737e-05 0.0011980057 0.0039896294 4.6647292e-05 4.6458874e-07 2.667008e-07 0.0039221128 7.011846e-08 1.428848e-06 0.0007434919 2.5357943e-07 2.0956987e-08 1.2492389e-07 1.1988027e-07 1.0971841e-05 1.6718687e-07 2.2146402e-07 2.251646e-06 9.542429e-07 2.0623247e-06 0.008247463 0.002158687 2.522009e-07 0.0016816674 0.8817524 3.813933e-08 3.87877e-08 7.947043e-07 2.5632718e-07 3.557227e-05 6.8330576e-07 2.245665e-08 0.0037604123 1.9309261e-06 0.0008234687 0.003277131 6.662661e-05 7.2358572e-09 0.0014784079 0.00022757232 1.608911e-07 6.4566317e-09 1.4784291e-07 9.000415e-05 3.0882475e-05 1.6467661e-06 1.3278272e-05 0.0002129733 0.0003547876 2.3518605e-09 5.4724967e-09
0.010782104 0.9749489 0.36141723 4.275952e-15 0.0645228 0.99762076 0.24293223 0.71883583 0.00070146855 0.0007490546 0.0041649346 0.02475491 8.2707214e-05 0.01795955 0.00060383906 1.6860988e-05 6.633611e-05 9.032389e-06 1.9489828e-06 0.0016327188 8.921193e-06 0.0010819545 1.7779216e-06 1.7274337e-05 0.00031060097 1.2246519e-06 6.6131356e-06 1.2719963e-05 0.00029942245 4.520883e-07 5.548155e-06 3.3539927e-06 4.0326468e-05 5.497763e-07 2.9303646e-07 7.855686e-07 2.6606026e-06 1.9903728e-06 5.1760328e-08 1.9897539e-06 8.363132e-05 9.812129e-05 2.7408735e-06 2.3679385e-07 9.789584e-07 0.00016207052 2.80187e-07 4.2257197e-06 4.2176416e-05 2.8238617e-07 0.00056123326 0.005348797 0.011843371 0.00026373766 9.963321e-07 8.47512e-07 0.00059127435 1.0163118e-07 2.335051e-06 0.007079176 7.4574544e-08 1.4604266e-08 5.4034942e-08 3.7302836e-08 1.4805759e-06 4.610533e-07 2.0445911e-07 8.485493e-06 3.7711125e-05 1.50323685e-05 0.00032191607 0.0001109739 3.837063e-06 0.00016628997 0.012246175 6.474479e-08 1.14436425e-08 4.231886e-06 1.6699376e-07 1.006684e-05 2.8070477e-07 1.2168736e-08 0.00015860358 6.2312427e-07 2.2097964e-05 0.001807893 0.0001541918 7.792765e-08 0.00017031153 0.0004579023 1.8613649e-06 1.820878e-07 8.246561e-08 6.311992e-05 4.0574296e-06 2.06137e-07 1.3990825e-05 5.686124e-05 0.00020455559 1.2387195e-09 2.419808e-07
0.9489787 0.3200474 0.9851989 0.0645228 2.3357463e-15 0.22326118 0.6929108 0.0013678347 0.5929338 0.6273677 0.30108732 0.064019695 0.38344985 0.038104817 0.41031593 0.004698382 0.044719532 0.0020014737 0.0014936404 0.26521277 0.00043784236 0.76059 9.707762e-05 0.00065612403 0.5039457 1.0996742e-05 0.00013747496 0.0007277485 0.13321431 5.5780774e-06 2.036727e-05 6.456007e-06 0.0016277949 7.762569e-06 4.861897e-07 0.0052246833 0.00018022498 0.0001532378 8.254386e-07 3.4405857e-05 0.008620842 0.018347355 0.0001858915 2.364583e-07 7.672838e-07 0.021151667 8.8359826e-07 2.131714e-06 0.000666989 5.4161006e-07 9.074424e-05 0.0007976531 0.008688652 0.00014709774 3.6736558e-06 2.3305215e-06 0.015566259 1.1359815e-07 2.5310217e-06 0.00020040579 4.5171763e-07 6.179771e-08 1.6923871e-06 2.3691132e-07 0.0012372334 1.0652462e-07 4.5815696e-07 3.3635108e-05 4.3881046e-05 1.6315304e-05 0.0073430887 0.0023848752 4.9893504e-07 0.007317308 0.85719323 1.5327176e-07 2.9801924e-07 7.925011e-07 5.565776e-06 0.0004784901 8.1034144e-05 1.4686539e-07 0.011592544 1.6006987e-05 0.0038356348 0.008020116 0.00063929165 3.1468385e-08 0.00049935427 0.0012751847 4.7668345e-06 1.7940375e-08 2.0485857e-06 0.00063694053 0.00020395599 5.264001e-06 5.140543e-05 0.00088191626 0.0007849396 1.1599409e-07 9.161036e-09
0.07373563 0.9421323 0.28233737 0.99762076 0.22326118 1.34561e-13 0.74645585 0.7930132 0.0031001577 0.00358833 0.043721203 0.23732395 0.00030957922 0.25152537 0.0019512707 6.569758e-05 0.00017915858 2.362667e-05 1.8257939e-05 0.0053312276 4.288454e-05 0.011468288 9.447167e-06 0.00018147852 0.0019276487 9.169853e-06 3.7869737e-05 3.945998e-05 0.0016730388 4.466639e-06 1.3048596e-05 1.5846298e-06 4.993016e-05 3.941686e-06 8.664781e-07 5.920987e-06 6.3493853e-06 1.00181105e-05 9.889906e-07 2.409796e-06 0.000539857 0.0005540687 4.889394e-06 1.2802054e-06 5.79029e-06 0.00034470973 1.8818716e-06 6.492757e-06 5.6568628e-05 1.5221007e-06 0.0015765744 0.013473902 0.12202314 0.0016548663 0.00011671709 2.8449172e-06 0.0073749432 9.682094e-07 8.902554e-06 0.016718961 8.9237574e-07 8.090915e-08 2.9818895e-07 5.014394e-07 6.0946827e-06 8.3829906e-07 1.1856348e-06 7.794734e-06 0.00031687412 0.0005340873 0.00034860478 7.046528e-05 2.5902402e-06 7.059657e-05 0.06190655 9.374462e-08 7.893366e-08 0.00043538815 3.9690167e-07 8.2529456e-05 9.218832e-08 1.783108e-07 1.700007e-05 1.9497276e-05 2.054982e-06 0.013741893 0.0011904616 2.5608333e-07 9.474194e-05 0.0029168255 3.5940218e-06 1.7415608e-06 1.186886e-08 0.0003638146 8.506482e-07 1.4333949e-07 3.9532188e-05 0.0001942594 0.0007246013 2.5748235e-09 2.092194e-06
0.6244801 0.36846972 0.59863776 0.24293223 0.6929108 0.74645585 7.502605e-13 0.012211368 0.064124756 0.016580954 0.9943052 0.8042984 0.0066710166 0.32101536 0.008559353 0.00031320335 0.007169936 0.00012357833 7.846589e-05 0.0064586587 7.121659e-05 0.26971218 5.0893148e-05 6.998383e-05 0.09420187 2.8194567e-05 7.471504e-05 0.00015670841 0.03421775 1.5621265e-05 1.825181e-05 3.0805968e-05 0.0007194731 1.4820387e-05 1.8169188e-06 4.9108134e-05 9.3142e-05 2.0126172e-06 4.112946e-06 9.0263393e-07 0.003633441 0.0055238884 0.0006955914 2.0775801e-06 3.2427182e-05 0.00027024344 8.544194e-06 1.40227385e-05 0.0008138619 6.4888823e-06 0.00069709454 0.005205796 0.025889724 0.00028035635 3.747079e-05 5.5087285e-06 0.015863605 1.813965e-06 1.4905333e-05 0.00029221314 4.1985486e-06 2.4276252e-07 3.039393e-06 4.4331687e-06 0.0015508026 2.5587264e-07 4.3014115e-06 0.00021352156 8.38731e-05 9.299802e-05 0.003883851 0.00029246794 3.343371e-06 0.00012476156 0.022213284 3.2068837e-07 3.3556626e-06 6.386972e-06 1.7134873e-05 0.0010847906 9.374387e-09 5.6801532e-08 0.000103835584 8.1667444e-05 3.1924017e-05 0.0057071326 0.00047927952 5.5051237e-07 3.1305551e-06 0.00056838285 2.5408378e-06 1.0711635e-06 7.3080346e-06 4.250806e-05 2.7994192e-06 1.05208294e-07 1.5687394e-06 0.0032248453 0.0008921746 3.2596486e-08 2.8591654e-07
0.18873204 0.8988121 0.033211872 0.71883583 0.0013678347 0.7930132 0.012211368 2.0531265e-12 0.00018612656 0.00065263396 0.0043450794 0.031065645 2.6598376e-05 0.116428114 0.002102735 5.9533636e-06 2.9512872e-05 8.50314e-07 2.9886854e-07 0.00271539 3.0111137e-06 0.0016093801 7.6157784e-07 3.607287e-06 0.00049854204 4.5533827e-07 7.966382e-06 7.4621435e-06 0.0001709781 5.495115e-07 4.3856385e-06 1.4588774e-06 3.616734e-05 1.2147137e-06 2.474963e-07 3.959756e-06 4.988202e-06 1.4391992e-06 1.5317369e-07 2.5002356e-07 7.8186305e-05 0.00021269378 1.3707507e-05 3.7701807e-07 1.5010895e-07 0.00016022297 3.101976e-07 2.3898804e-06 2.5635187e-05 5.8009823e-07 0.00031590258 0.04988459 0.11359338 0.0014216402 1.3447963e-06 7.312506e-07 0.0010978149 3.5280027e-07 1.9753354e-06 0.9937527 7.8422494e-07 7.933212e-08 2.4151245e-06 5.450382e-07 4.1024494e-05 5.6225906e-07 1.976402e-06 6.4250135e-06 0.00029844802 0.00023554466 0.0032707972 1.8398101e-05 6.2991415e-07 8.781949e-05 0.054900505 3.6417197e-07 8.081712e-07 0.0012325497 1.1527476e-05 6.492197e-05 7.8673213e-07 2.316674e-06 0.00046576618 2.8690121e-05 4.722021e-05 0.007318776 0.0010846354 3.0046323e-07 0.0008681143 0.0026956478 2.6099183e-06 2.6917246e-07 3.6310398e-06 0.00013661665 1.3087829e-05 9.836596e-06 8.854659e-05 0.0010365057 0.002700386 3.8519136e-07 4.5700574e-07
0.97181815 0.004400461 0.112903014 0.00070146855 0.5929338 0.0031001577 0.064124756 0.00018612656 6.3872065e-16 0.7965429 0.080004975 0.0140220355 0.95330507 0.0027396195 0.4964374 0.69772583 0.88417906 0.5368666 0.44496024 0.5167437 0.27444085 0.562682 0.18364874 0.2167961 0.59583694 0.0069071753 0.09049945 0.11366744 0.5373604 0.0020081387 0.004530389 0.00096815417 0.017079601 0.00054532726 8.9729634e-05 0.15804473 0.0019672236 0.0019175651 6.7339347e-06 0.00052652764 0.07835164 0.20072876 0.004214484 4.5831052e-06 3.3321838e-05 0.2694327 6.8672666e-06 3.573136e-05 0.00802507 1.3210237e-06 1.4510413e-05 7.399135e-05 0.0014820358 1.6766224e-05 3.4293007e-05 3.946045e-06 0.02189747 1.9270216e-07 8.051882e-06 2.7250765e-06 5.189841e-07 5.852083e-08 3.7282825e-07 2.3538263e-07 0.005366642 6.405436e-08 1.6273502e-07 3.762566e-05 1.0468096e-05 5.058467e-05 0.048516665 0.0016681199 3.09994e-06 0.14476675 0.28394204 5.0707203e-09 1.9632633e-08 1.0015521e-07 4.0563696e-06 0.00020745273 5.474457e-06 1.2927235e-09 0.10959605 1.1262058e-06 0.003714253 0.0022985055 7.105073e-05 1.8921427e-09 2.6351388e-06 0.0009909654 5.0570196e-07 5.583133e-10 1.9494317e-07 0.0029805494 0.00056275993 1.3739209e-06 4.846489e-06 0.00019707123 0.00037944008 6.6903643e-09 1.0798545e-07
0.58453125 0.0059483694 0.22383744 0.0007490546 0.6273677 0.00358833 0.016580954 0.00065263396 0.7965429 3.8175877e-15 0.013788546 0.0019655218 0.96023124 7.5844386e-05 0.9818333 0.21597503 0.14189017 0.4302187 0.07981212 0.7851041 0.09185678 0.13831505 0.027112434 0.23378518 0.13194084 0.00031634 0.009459182 0.011588719 0.04051202 0.00049648853 0.0002369013 9.6465745e-05 0.0006046594 0.00013508402 1.9952007e-05 0.23562922 8.540818e-05 0.010704933 4.842756e-06 0.00019702653 0.0012556992 0.0026443806 8.5611806e-05 5.8318096e-06 5.733643e-06 0.17422499 3.2992268e-06 2.4171535e-05 0.00021545251 4.82064e-07 1.5858467e-06 3.6354027e-06 7.742758e-05 5.980504e-07 1.5553627e-05 2.541095e-06 0.0003793876 2.6586255e-07 1.1140042e-05 4.0935935e-05 6.3386364e-07 3.356994e-08 1.6026913e-06 6.517824e-07 4.6977926e-05 4.535745e-08 6.9601106e-07 2.527583e-07 5.468761e-07 9.59576e-07 0.025817465 0.005774866 3.2438967e-07 0.046705104 0.26419023 5.113708e-09 1.1799721e-08 1.4547026e-08 2.0107879e-07 4.1144604e-06 9.3503426e-05 6.4545254e-09 0.040644925 2.605375e-06 0.0052094413 0.002020696 6.879794e-06 9.945388e-09 1.5099209e-05 0.00017968663 1.777322e-07 2.2546734e-08 2.0774424e-07 0.004565173 0.0005317429 8.741902e-06 0.00023988132 0.000100800156 0.00011386025 4.2817778e-08 9.005999e-08
0.844174 0.033852275 0.19329128 0.0041649346 0.30108732 0.043721203 0.9943052 0.0043450794 0.080004975 0.013788546 2.9569747e-13 0.6501205 0.0096573215 0.20402183 0.0060730358 0.0012434103 0.009147563 0.00021779521 0.00019442118 0.0046865544 0.00029176424 0.90413886 0.00011138551 0.00026658984 0.7452267 2.6162792e-05 0.00019120648 0.0008076204 0.40806037 2.612741e-05 3.0003659e-05 1.2306655e-05 0.0031315512 2.9352233e-05 2.7754522e-06 8.711571e-05 0.00017312722 1.8013145e-05 6.459068e-06 7.700555e-07 0.03740395 0.06879181 0.0022916961 2.7811861e-06 4.31513e-06 0.00034983235 6.9549187e-06 1.5561227e-05 0.003859259 4.2737947e-06 0.0013436401 0.0063054496 0.17324102 0.0010205584 2.0903274e-06 3.1801696e-06 0.31343567 1.8954958e-06 9.00966e-06 0.00043559476 2.531106e-06 2.1476805e-07 5.2969733e-07 1.4016646e-06 0.011456497 2.6414048e-07 7.7323233e-07 0.0013819601 0.000535146 0.00045867547 0.0016363307 8.585587e-05 4.156676e-06 6.340687e-05 0.018043317 1.1458873e-07 5.2924563e-08 1.56294e-05 1.2643721e-05 0.004502524 5.697751e-07 4.414175e-08 0.0002660387 9.1116164e-07 5.650328e-05 0.065171525 0.0030344033 2.1402673e-08 4.9033e-06 0.0028599754 1.4299221e-06 7.686104e-10 1.1023396e-06 2.4842968e-05 8.9910895e-07 8.606137e-07 4.834574e-06 0.007818366 0.0027846508 6.819461e-08 4.8950763e-08
0.5809813 0.122663 0.11435643 0.02475491 0.064019695 0.23732395 0.8042984 0.031065645 0.0140220355 0.0019655218 0.6501205 2.4805467e-09 0.0011289578 0.99856335 0.0011112418 0.00029873164 0.0018735672 0.00016022268 9.7637385e-05 0.001317827 0.00010611677 0.068926975 5.25474e-05 6.757496e-05 0.029415326 2.8350867e-05 8.07069e-05 0.00011611535 0.015312392 2.926913e-05 2.8751394e-05 1.7797513e-05 0.0005036366 2.2470287e-05 2.2768324e-06 1.1987296e-05 3.860262e-05 1.4048899e-06 6.8345794e-06 6.749928e-07 0.0031683033 0.0058224574 0.00023306327 4.545419e-06 4.275494e-06 0.00011697729 8.623592e-06 1.13710985e-05 0.0011621562 4.52927e-06 0.0011941275 0.010612736 0.07210805 0.0020719136 2.8545514e-06 5.318397e-06 0.10175328 2.19646e-06 6.393218e-06 0.0018621695 1.9508109e-06 1.5004454e-07 9.948253e-07 2.379823e-06 0.0013377565 2.3901183e-07 1.6299169e-06 0.00049688236 0.0010708392 0.0006386232 0.0012808094 8.7423316e-05 8.561282e-06 0.0001074747 0.0057835774 1.1686996e-07 1.9355603e-07 0.0009790509 5.0009057e-06 0.001466572 4.9608852e-06 1.1635062e-07 0.000895863 4.6581056e-07 0.00039592595 0.059242595 0.003026991 8.673482e-08 7.21425e-05 0.0026669067 5.065677e-06 4.8115414e-09 1.5890623e-06 7.30647e-05 9.373489e-06 3.8378887e-05 7.439398e-06 0.0060670995 0.004722019 3.5747558e-08 2.0915218e-06
0.830973 0.0005941331 0.04421191 8.2707214e-05 0.38344985 0.00030957922 0.0066710166 2.6598376e-05 0.95330507 0.96023124 0.0096573215 0.0011289578 1.4934099e-15 1.8192188e-05 0.5571722 0.71042717 0.59211797 0.9264332 0.7737741 0.20597951 0.4772804 0.121419266 0.28674623 0.55960643 0.19116552 0.027567022 0.1749098 0.120645195 0.1799738 0.019942747 0.007290146 0.0017205122 0.008329515 0.0012932491 7.04061e-05 0.26783696 0.0018844643 0.055415384 1.1244346e-05 0.0021017967 0.01821719 0.026447626 0.0012276373 5.8702058e-06 5.9198924e-06 0.18676317 8.2715615e-06 0.00010970309 0.0014794446 5.834811e-07 3.2340736e-07 1.2710232e-06 2.6807018e-05 6.0696163e-07 4.018162e-05 6.6510593e-06 0.0008051168 2.7674375e-07 8.744146e-06 1.5490559e-06 8.2692304e-07 3.6106425e-08 1.3069974e-06 3.0084627e-07 0.0003514116 3.7419987e-08 5.845081e-07 2.1482651e-06 5.656528e-07 1.4339889e-06 0.037789058 0.0086126 3.7287307e-07 0.05385317 0.022850372 1.1230396e-08 3.954917e-08 1.5231665e-08 5.03716e-07 2.553478e-05 0.0003112646 6.169392e-09 0.0332549 2.9408143e-06 0.0070589073 0.00084829115 1.35020455e-05 1.8094433e-08 1.1401258e-06 0.0002952243 3.29006e-07 5.973413e-09 1.2703427e-07 0.003093952 0.000581635 6.829207e-07 3.7160826e-05 0.00025519554 9.262557e-05 1.25917055e-08 2.7260018e-08
0.9585016 0.24447615 0.10424505 0.01795955 0.038104817 0.25152537 0.32101536 0.116428114 0.0027396195 7.5844386e-05 0.20402183 0.99856335 1.8192188e-05 1.6463301e-11 3.8340913e-05 4.420718e-06 0.00012423901 6.935845e-07 2.9071268e-06 0.00016976667 7.823281e-06 0.03267718 7.91887e-07 2.2976988e-06 0.009069328 2.6317557e-06 7.984986e-06 2.55464e-05 0.0076181325 1.6117345e-06 9.427264e-07 2.2184113e-07 8.942526e-05 2.6401594e-06 5.8373573e-08 2.6687587e-07 5.784236e-06 3.553331e-07 2.4376195e-07 4.950511e-08 0.002621342 0.003951048 1.908109e-05 1.5951227e-07 2.7089868e-07 2.1037486e-06 1.8240551e-07 2.1782678e-06 0.00027969884 4.320407e-07 0.00836618 0.025464615 0.29420337 0.00731271 3.3658438e-07 1.1193385e-07 0.11606399 2.8827596e-08 5.902002e-07 0.0031195788 3.939333e-08 3.069634e-09 9.907544e-08 3.9882938e-08 0.00023653646 4.326509e-09 4.7138112e-08 3.432553e-05 0.001308436 0.0007762092 6.359872e-05 2.5842997e-05 2.0004145e-06 1.4104242e-05 0.0032367185 4.1446366e-09 3.2079173e-09 0.0013689029 5.2415935e-08 0.0002987049 2.0242216e-07 9.333471e-10 4.708045e-05 5.9283096e-08 5.370243e-05 0.35539952 0.008855032 2.8190007e-08 6.137741e-06 0.007871143 2.0166028e-07 4.7726862e-09 1.1363715e-07 2.744046e-06 6.740334e-06 1.0972934e-06 8.56434e-07 0.0011969516 0.017186845 1.1488016e-08 5.3649503e-05
0.31639835 0.0062454115 0.15448068 0.00060383906 0.41031593 0.0019512707 0.008559353 0.002102735 0.4964374 0.9818333 0.0060730358 0.0011112418 0.5571722 3.8340913e-05 3.1651778e-17 0.074561745 0.03587555 0.0852302 0.021313973 0.99016947 0.02723598 0.05619365 0.006458973 0.08311174 0.05193644 0.00012927502 0.002292974 0.0023469585 0.009372755 0.00019458016 8.50933e-05 3.616475e-05 0.00011486538 6.379792e-05 7.0882247e-06 0.5509164 1.3369939e-05 0.004418015 5.9706995e-06 7.067108e-05 0.00023487574 0.00041504475 4.1881773e-05 7.1149157e-06 8.00691e-06 0.31792483 3.3824138e-06 2.3413448e-05 0.0001008041 7.2170366e-07 1.9382544e-06 4.0793357e-06 0.00014753116 3.0619682e-07 2.0928479e-05 2.3298703e-06 9.7349155e-05 4.9431213e-07 8.5868105e-06 9.770342e-05 8.7766983e-07 6.0125885e-08 2.2285208e-06 7.135637e-07 7.6247356e-06 3.810292e-07 6.721574e-07 2.0852193e-07 1.4570212e-06 1.0681928e-06 0.016113145 0.006732918 1.1733079e-06 0.04170435 0.2577594 3.037614e-08 4.5453215e-09 2.2891838e-08 5.961283e-08 3.1237823e-06 0.00014034746 2.6013577e-08 0.039159022 5.7257957e-06 0.008019647 0.0015162687 6.122056e-06 2.3152316e-08 0.00011437339 0.00018115794 5.323251e-07 2.8324154e-08 1.3947276e-07 0.0052996385 0.0012478018 4.3263277e-05 0.0002572103 7.5956144e-05 0.0001554477 2.584948e-07 3.3860331e-07
0.9209183 3.580623e-05 0.00023573883 1.6860988e-05 0.004698382 6.569758e-05 0.00031320335 5.9533636e-06 0.69772583 0.21597503 0.0012434103 0.00029873164 0.71042717 4.420718e-06 0.074561745 2.1467224e-16 0.92767483 0.65624446 0.9700535 0.07948613 0.6541493 0.013169967 0.53658456 0.35912302 0.045915 0.18331237 0.207081 0.17458846 0.082635306 0.037031546 0.07981605 0.043008342 0.01697428 0.010794279 0.0012803092 0.22215413 0.005540127 0.05541928 0.000341394 0.01176696 0.01455402 0.027768739 0.0052667554 6.8802724e-06 5.4094937e-05 0.3691555 1.0286569e-05 4.021467e-05 0.0034331132 4.9814707e-06 2.0956707e-06 2.8699975e-05 2.4138753e-05 4.075679e-05 6.369147e-05 7.636197e-06 0.0015125223 1.09853886e-07 2.6648154e-06 1.577837e-07 2.3044345e-07 5.962488e-08 1.4905524e-06 2.9293116e-07 0.0016686713 6.8672996e-08 3.7392005e-07 7.1115195e-05 1.5941467e-05 1.2963384e-05 0.18944703 0.005464599 5.6227464e-07 0.25625476 0.00032595338 7.1086643e-09 1.0933068e-07 8.0147174e-08 9.173268e-07 0.00020146952 0.000121052966 6.4930505e-09 0.20083442 1.5212156e-06 0.050461043 0.0004126635 1.6531712e-05 2.8589113e-09 6.463353e-07 6.576052e-05 1.439561e-07 2.159707e-10 3.6260897e-07 0.002292156 0.0075178593 1.2477298e-06 2.9444527e-05 0.00027030736 3.2904245e-05 7.493843e-08 3.1010483e-08
0.9713543 0.0008063132 0.0037518993 6.633611e-05 0.044719532 0.00017915858 0.007169936 2.9512872e-05 0.88417906 0.14189017 0.009147563 0.0018735672 0.59211797 0.00012423901 0.03587555 0.92767483 8.760903e-16 0.3159382 0.66831076 0.024895102 0.76066595 0.105578706 0.7280813 0.11048596 0.502454 0.3542956 0.47651848 0.62849784 0.82964516 0.102009125 0.054546975 0.04227229 0.35721925 0.03305483 0.001464359 0.07749962 0.076405786 0.009062149 0.00022322261 0.0011248502 0.35821375 0.4391808 0.06112644 2.586852e-05 0.00010582803 0.088766344 3.0409632e-05 9.058695e-05 0.041772947 1.0514541e-05 1.3086818e-05 0.00013047931 0.00032436167 5.1582438e-06 6.9320304e-05 1.102193e-05 0.01464591 5.160076e-07 5.386269e-06 1.328627e-06 1.0052761e-06 1.2634608e-07 4.2962927e-07 3.5804655e-07 0.025761772 1.0546506e-07 3.6471693e-07 0.00053990236 1.0139043e-05 2.7579263e-05 0.021218989 0.00080796855 7.8346625e-07 0.020006964 8.445389e-05 5.5261262e-09 2.5142975e-07 9.8866664e-08 1.6342916e-05 0.0010583444 2.804962e-06 1.667353e-09 0.016165098 2.375216e-06 0.0018816026 0.002030242 0.00013905633 3.3175658e-09 1.3816306e-07 0.00095932075 7.7867736e-07 2.1148876e-09 7.120756e-07 0.0004912185 6.602703e-05 7.563779e-07 1.5596586e-05 0.0007729372 0.00031866273 3.061123e-08 1.5726272e-07
0.4552661 5.582031e-06 0.000115750176 9.032389e-06 0.0020014737 2.362667e-05 0.00012357833 8.50314e-07 0.5368666 0.4302187 0.00021779521 0.00016022268 0.9264332 6.935845e-07 0.0852302 0.65624446 0.3159382 1.2318135e-17 0.8971393 0.02307602 0.5243541 0.003221739 0.3956667 0.9863747 0.0076229004 0.24112222 0.30673122 0.25574282 0.014386698 0.07169615 0.072898544 0.03592506 0.009502863 0.024275487 0.0039242604 0.57623607 0.0039401753 0.32995105 0.0012635308 0.07441437 0.0027918224 0.004042618 0.0015455965 0.0006063785 0.000115250536 0.24950874 0.00020765424 0.0013564493 0.002006417 4.694528e-05 1.1965285e-07 6.44723e-07 4.5868965e-06 1.3128168e-07 4.129676e-05 1.3014781e-05 0.00016377404 3.5742244e-06 9.621354e-05 5.513559e-08 7.52552e-06 6.718242e-07 1.8001455e-06 9.998792e-06 0.00017371385 1.0167138e-06 1.1701762e-05 1.9708825e-05 3.6709366e-07 5.916954e-07 0.17323956 0.02969171 5.002308e-06 0.109363586 6.224134e-05 3.3172813e-07 8.6060635e-07 7.385007e-09 1.2716537e-06 5.0647282e-05 0.0016408218 6.7142736e-08 0.062346384 2.598427e-06 0.027486864 9.269308e-05 2.1589308e-06 6.497688e-08 1.3498362e-07 1.5390804e-05 9.536889e-07 1.4272191e-08 2.0374048e-07 0.0024658318 0.0055777906 2.3340836e-07 0.00010221601 6.141421e-05 1.8188673e-06 9.599279e-08 1.2112552e-09
0.5244022 1.1705635e-05 4.292153e-05 1.9489828e-06 0.0014936404 1.8257939e-05 7.846589e-05 2.9886854e-07 0.44496024 0.07981212 0.00019442118 9.7637385e-05 0.7737741 2.9071268e-06 0.021313973 0.9700535 0.66831076 0.8971393 2.0940587e-17 0.0072356383 0.82853913 0.0026528155 0.7936707 0.5235785 0.005413377 0.79800105 0.36822754 0.15217255 0.01899032 0.10495245 0.6430088 0.50879735 0.015600038 0.03628663 0.11194248 0.23635209 0.0067339195 0.16189004 0.008122851 0.19047837 0.0053759394 0.010103852 0.004641831 0.0009974812 0.0014807665 0.09883998 0.00028187563 0.00082820834 0.003877861 6.573011e-05 2.6415157e-07 3.1978288e-07 3.472866e-07 8.601521e-08 0.0005718386 7.3730516e-05 0.00050032884 1.5247841e-06 5.009581e-05 2.1844292e-08 2.6674572e-06 2.8923716e-07 3.2750418e-06 2.604868e-06 0.001509694 1.5132206e-07 2.2602862e-06 0.00024445562 1.0186155e-07 1.1817893e-07 0.12940529 0.025457159 6.3612524e-06 0.03586966 9.686985e-06 1.8581705e-08 1.6058344e-07 3.1988365e-10 9.0440034e-07 0.000228553 0.00024809266 7.611661e-09 0.016873728 6.9138778e-06 0.006910029 0.00013229236 5.373327e-07 8.03504e-09 7.905057e-08 2.866284e-06 6.530688e-08 1.048402e-09 4.238997e-07 0.00040768975 0.002903237 3.353988e-07 1.1668131e-05 0.00016610074 2.117979e-06 9.463637e-09 2.160124e-09
0.6462295 0.022790011 0.15489227 0.0016327188 0.26521277 0.0053312276 0.0064586587 0.00271539 0.5167437 0.7851041 0.0046865544 0.001317827 0.20597951 0.00016976667 0.99016947 0.07948613 0.024895102 0.02307602 0.0072356383 3.4332245e-18 0.03500379 0.05514162 0.009177806 0.034674067 0.039892044 0.00024980563 0.0039083497 0.0037346252 0.003828107 0.00047061377 0.00010414887 4.2619078e-05 3.7573383e-05 6.7976995e-05 5.0601443e-06 0.83937556 5.9968415e-06 0.0043504015 3.8704893e-06 0.00011491042 3.0017198e-05 0.00015334963 2.2369259e-05 1.4977578e-05 8.413623e-06 0.8484843 3.8631765e-06 2.3781226e-05 2.0526171e-05 2.0195273e-06 4.9934107e-07 1.4337285e-05 0.00017355588 2.3996125e-07 3.81768e-05 2.9237476e-06 0.0001525593 8.2470365e-07 1.5429925e-05 0.00028717757 1.6404837e-06 2.983901e-07 3.5137039e-06 9.241045e-07 1.8567385e-05 1.0733171e-06 1.6725729e-06 2.391758e-07 7.40097e-07 3.2118837e-06 0.06233976 0.040415358 8.28893e-07 0.15479478 0.786601 1.5308535e-07 4.7727795e-08 8.979774e-08 3.7309186e-07 6.7937176e-06 0.0021627827 3.9234063e-08 0.16252005 1.1158022e-05 0.036532722 0.0024027168 2.5643596e-05 2.1157962e-08 0.002155259 0.00018131312 1.2647961e-06 7.578809e-08 3.8983394e-06 0.016979089 0.0045097326 0.00025542566 0.0007667236 0.0001205286 0.00019950628 2.5951085e-06 1.88535e-07
0.9539625 1.7609264e-05 3.4083103e-05 8.921193e-06 0.00043784236 4.288454e-05 7.121659e-05 3.0111137e-06 0.27444085 0.09185678 0.00029176424 0.00010611677 0.4772804 7.823281e-06 0.02723598 0.6541493 0.76066595 0.5243541 0.82853913 0.03500379 1.06049e-15 0.00124983 0.9766328 0.4788502 0.0061666253 0.71987855 0.46846172 0.46456268 0.02986583 0.14931397 0.45348185 0.37252566 0.05504233 0.09755227 0.05403914 0.38986292 0.02428237 0.12160033 0.009364295 0.08728841 0.010094687 0.018608643 0.012889089 0.00036433767 0.0016515853 0.54847044 0.0002566108 0.000514694 0.0045810584 9.660659e-05 3.7506557e-06 1.1777142e-05 1.1727649e-05 1.0455026e-05 0.00033072382 7.114091e-05 0.0012309103 1.0490927e-06 1.4123152e-05 7.7256345e-08 1.6121602e-06 1.5843125e-06 1.4982091e-05 2.1535718e-06 0.0022640005 1.096533e-06 1.9655827e-06 0.00030858646 4.493303e-06 5.872137e-06 0.41538388 0.053661432 4.1796e-06 0.52049917 3.557936e-05 4.874049e-08 3.6660626e-07 3.5493326e-08 4.7886647e-06 0.00037271387 0.000115909235 2.4978819e-08 0.4033684 8.1199805e-06 0.10443284 0.0002412551 3.9660486e-06 2.3069752e-08 7.605218e-07 2.0524429e-05 3.605899e-07 1.7344013e-09 1.8433024e-06 0.0037976953 0.042935207 2.1828282e-06 5.192306e-05 0.0004238104 1.0735091e-05 1.6870958e-07 1.0869687e-08
0.9638125 0.015477478 0.28647792 0.0010819545 0.76059 0.011468288 0.26971218 0.0016093801 0.562682 0.13831505 0.90413886 0.068926975 0.121419266 0.03267718 0.05619365 0.013169967 0.105578706 0.003221739 0.0026528155 0.05514162 0.00124983 8.2427186e-13 0.0014768023 0.0007953629 0.9765997 0.00070286245 0.0007152858 0.005690155 0.4227156 0.0003942551 0.00029390762 0.00031452728 0.013174476 0.00020751862 0.00016761593 0.0010871525 0.0011864239 5.583994e-05 9.3614406e-05 9.089243e-05 0.026436858 0.057014618 0.0058224383 1.4389392e-05 6.553414e-05 0.0027330879 1.1887739e-05 2.6741087e-05 0.0042855167 6.038096e-06 0.0047752983 0.0028839407 0.057077374 0.0020027799 1.0225457e-05 8.1572125e-06 0.77447945 4.2186628e-07 1.7790306e-06 0.00020603687 7.071031e-07 7.331199e-07 5.9906165e-06 4.3377506e-07 0.010442583 3.1844866e-07 3.722407e-07 0.0005771932 0.0013551544 0.00034268 0.0040120664 0.0005306322 1.3979168e-05 0.004567481 0.056800358 4.3560632e-08 1.9327233e-07 1.6666585e-05 1.1680412e-05 0.002038198 1.23755535e-05 1.5945089e-08 0.008436772 1.0988433e-06 0.0006835708 0.035341255 0.002444464 2.2565935e-07 5.986867e-05 0.0011520026 3.6446847e-06 8.1966384e-10 7.77469e-06 0.00013948667 5.776615e-05 2.4690778e-06 5.227244e-05 0.0018563687 0.0029195542 5.1550154e-07 6.867696e-05
0.930041 9.776434e-06 1.2945064e-05 1.7779216e-06 9.707762e-05 9.447167e-06 5.0893148e-05 7.6157784e-07 0.18364874 0.027112434 0.00011138551 5.25474e-05 0.28674623 7.91887e-07 0.006458973 0.53658456 0.7280813 0.3956667 0.7936707 0.009177806 0.9766328 0.0014768023 2.7678137e-17 0.33169803 0.0066258125 0.8697342 0.82304066 0.60929126 0.03976152 0.5296267 0.47084832 0.49223113 0.15119301 0.27494743 0.23252735 0.25281927 0.06470871 0.12067316 0.085217156 0.17558669 0.020367771 0.021188302 0.023229329 0.0038338795 0.012004435 0.29028112 0.0020991294 0.0021082398 0.010413215 0.00039978465 4.2187716e-07 1.482969e-05 4.6129717e-06 2.9708153e-06 0.0005591402 0.00013861014 0.0007017734 3.0676779e-06 3.5106143e-05 1.485249e-07 3.1303196e-06 7.3873525e-07 3.3741308e-06 3.488036e-06 0.0037146036 4.3883014e-07 2.151283e-06 0.0013479113 5.4543546e-07 1.1356549e-06 0.28317758 0.058887348 3.1300594e-06 0.24127313 3.041294e-05 4.2195456e-08 4.5190336e-07 1.8384847e-08 2.7106355e-05 0.0010844555 0.00034646635 9.2878054e-08 0.12283581 4.192731e-06 0.03664224 0.0001842754 2.0333538e-05 7.513877e-09 1.3721683e-07 1.1113058e-05 7.9023397e-07 7.288851e-10 3.8311655e-06 0.0007945922 0.009501516 3.7875907e-07 0.000109294466 0.00035324472 7.1051845e-06 1.0130276e-07 1.2349668e-08
0.21039422 4.629598e-05 3.3797714e-05 1.7274337e-05 0.00065612403 0.00018147852 6.998383e-05 3.607287e-06 0.2167961 0.23378518 0.00026658984 6.757496e-05 0.55960643 2.2976988e-06 0.08311174 0.35912302 0.11048596 0.9863747 0.5235785 0.034674067 0.4788502 0.0007953629 0.33169803 1.3168535e-16 0.0022825722 0.19184163 0.32265484 0.28167823 0.00314153 0.102266826 0.15810762 0.08283108 0.006684772 0.045977265 0.023189416 0.88389367 0.0023941488 0.9385434 0.0062360493 0.62505555 0.0006892518 0.000796449 0.0012523112 0.009881747 0.0017831925 0.29897004 0.002579896 0.011074771 0.0014621981 0.0005116221 3.6770714e-07 1.1191587e-06 9.776186e-07 1.15429984e-07 0.0025704212 8.742873e-05 0.0002630386 4.4149987e-05 0.00056707935 2.173612e-07 4.813837e-05 5.0834233e-06 1.9319108e-05 4.1804236e-05 0.00014130112 1.8006736e-05 5.1982766e-05 2.0785643e-05 2.3841652e-07 4.026321e-07 0.17616534 0.13295159 0.0001139151 0.095866516 2.5224203e-05 2.0536381e-06 3.5859387e-06 4.080154e-09 4.502878e-06 3.1785185e-05 0.020145763 3.6761915e-07 0.047416106 2.0516014e-05 0.025579853 6.7843066e-05 1.10251875e-07 1.5629952e-07 3.391252e-07 4.3674363e-06 5.7884467e-06 2.3826424e-07 2.7546755e-06 0.001596281 0.010933264 8.732332e-07 0.00085356756 4.6550504e-05 1.2720479e-06 4.0896543e-06 7.193086e-10
0.95091486 0.0029991646 0.09473525 0.00031060097 0.5039457 0.0019276487 0.09420187 0.00049854204 0.59583694 0.13194084 0.7452267 0.029415326 0.19116552 0.009069328 0.05193644 0.045915 0.502454 0.0076229004 0.005413377 0.039892044 0.0061666253 0.9765997 0.0066258125 0.0022825722 3.1618501e-15 0.0017608771 0.0060013984 0.03357532 0.91985416 0.0020448945 0.0007650174 0.00059987896 0.06745443 0.0012420343 0.00014608113 0.0016178369 0.005425901 0.00011390456 0.00018041416 0.00022065545 0.097864956 0.14657417 0.02718648 4.8451922e-05 0.00010365828 0.0033827224 3.2448588e-05 9.265853e-05 0.011457203 2.4724955e-05 0.0034916028 0.0023186735 0.03943463 0.0016145207 1.6451564e-05 1.6039965e-05 0.849401 1.2532729e-06 5.751436e-06 0.00023035877 3.2725284e-06 7.2763953e-07 4.6549017e-06 1.2419329e-06 0.036547717 3.1841648e-07 7.9815715e-07 0.0035557025 0.0008656139 0.00022171457 0.005971782 0.0005189143 1.2720266e-05 0.009307949 0.013429502 5.8351308e-08 5.5311045e-07 6.079045e-06 5.3937045e-05 0.0069291196 1.5429603e-05 4.058424e-08 0.010276676 1.1759595e-06 0.0010563836 0.025807453 0.0023850445 1.7498641e-07 8.905403e-05 0.0007849744 1.5399908e-05 1.2659319e-09 2.5911802e-05 0.00032644116 6.648241e-05 7.708869e-06 5.8217607e-05 0.0033618691 0.0022224435 1.3312125e-07 4.5230092e-05
0.8287486 1.5769796e-05 2.586081e-06 1.2246519e-06 1.0996742e-05 9.169853e-06 2.8194567e-05 4.5533827e-07 0.0069071753 0.00031634 2.6162792e-05 2.8350867e-05 0.027567022 2.6317557e-06 0.00012927502 0.18331237 0.3542956 0.24112222 0.79800105 0.00024980563 0.71987855 0.00070286245 0.8697342 0.19184163 0.0017608771 7.58121e-15 0.77839977 0.33775026 0.013027441 0.74705905 0.930231 0.9344013 0.07830359 0.62862647 0.9006628 0.071768045 0.08631377 0.20861991 0.7015475 0.64020103 0.015910208 0.013938116 0.013632931 0.2427715 0.5886105 0.023600567 0.1409573 0.12929855 0.0077537396 0.008069767 1.4416217e-07 4.7461202e-07 5.1557354e-06 3.236405e-08 0.012761969 0.0023949766 0.00079211924 0.0011266501 0.002221994 1.240649e-07 0.00019716844 1.9864598e-05 3.3325556e-05 0.0001095119 0.0028191246 7.198056e-06 5.451271e-05 0.0027407366 6.56472e-08 4.4254568e-07 0.16585423 0.09125791 0.00013635127 0.021236021 1.4499153e-05 5.5953133e-06 1.5331167e-05 4.38156e-09 0.00014224037 0.0010258667 0.0038746502 2.4532005e-07 0.005057855 8.858718e-06 0.004484419 0.00034946858 1.8152421e-06 6.3753056e-08 2.5493597e-08 7.34493e-05 1.599089e-05 6.4699734e-08 1.9029998e-06 0.00018098265 0.004016697 5.127677e-08 0.00090438366 0.00019347364 4.357668e-06 2.2441665e-08 3.3208516e-09
0.9471894 2.7259488e-05 3.010716e-05 6.6131356e-06 0.00013747496 3.7869737e-05 7.471504e-05 7.966382e-06 0.09049945 0.009459182 0.00019120648 8.07069e-05 0.1749098 7.984986e-06 0.002292974 0.207081 0.47651848 0.30673122 0.36822754 0.0039083497 0.46846172 0.0007152858 0.82304066 0.32265484 0.0060013984 0.77839977 6.507993e-16 0.8385124 0.07206857 0.94235444 0.53217965 0.5049345 0.489646 0.84374475 0.3725154 0.18499 0.43524373 0.18728478 0.20955603 0.28146774 0.055218883 0.05541567 0.076124124 0.022971923 0.09538942 0.1588706 0.026116235 0.031843506 0.01606256 0.006492185 1.1530351e-06 3.5930676e-05 1.5165593e-05 8.29742e-06 0.0013924874 0.0003165899 0.0013640017 2.0355017e-05 0.00014109066 5.5936994e-07 2.45252e-05 5.974835e-06 4.495504e-05 2.0329118e-05 0.0070342678 4.0835394e-06 1.3497848e-05 0.002107931 1.1405759e-06 3.3126012e-06 0.32101354 0.08012004 6.795986e-06 0.20308104 9.0331174e-05 2.268554e-07 2.312019e-06 9.7708494e-08 0.00017907044 0.0029946514 0.00026959012 1.9119632e-07 0.043477144 1.789751e-05 0.018847922 0.0004162931 3.7927344e-05 7.410974e-08 3.5041683e-07 4.1650987e-05 4.337794e-06 1.2931361e-08 1.4479033e-05 0.00080384704 0.006000543 9.095173e-07 0.00021276256 0.001259095 1.8090233e-05 2.917201e-07 8.98063e-08
0.9797668 2.412313e-05 4.1434752e-05 1.2719963e-05 0.0007277485 3.945998e-05 0.00015670841 7.4621435e-06 0.11366744 0.011588719 0.0008076204 0.00011611535 0.120645195 2.55464e-05 0.0023469585 0.17458846 0.62849784 0.25574282 0.15217255 0.0037346252 0.46456268 0.005690155 0.60929126 0.28167823 0.03357532 0.33775026 0.8385124 1.8669625e-16 0.20697995 0.3420117 0.13484578 0.119507134 0.9501401 0.43302837 0.04159816 0.1611471 0.87192005 0.04466654 0.016912933 0.05066219 0.118617244 0.1613711 0.27589273 0.008858424 0.0048292247 0.19777898 0.006105821 0.006600934 0.054886717 0.0021634686 5.8939563e-06 5.127974e-05 0.00010288515 1.9579393e-05 0.00046351267 0.00031574984 0.010315785 3.652183e-06 2.537989e-05 2.0094842e-07 3.4780612e-06 1.6565446e-06 4.3154083e-05 2.7494057e-06 0.026685745 5.2266563e-07 1.1878259e-06 0.0035714463 2.2347715e-06 1.0452544e-05 0.13880739 0.014224676 7.3840183e-06 0.19578558 0.00017332083 1.1080358e-07 2.5386035e-07 4.4406687e-07 0.000107239925 0.0066595525 9.204527e-05 9.3132435e-08 0.0819576 6.522472e-06 0.014180094 0.0007175145 4.37672e-05 1.9319264e-08 2.395875e-06 7.992525e-05 1.5169541e-05 1.7069648e-09 7.292787e-06 0.0026420916 0.005041287 2.1503377e-06 2.4218536e-05 0.002437277 5.323733e-05 5.498937e-07 7.43815e-08
0.96239406 0.0004459329 0.009766258 0.00029942245 0.13321431 0.0016730388 0.03421775 0.0001709781 0.5373604 0.04051202 0.40806037 0.015312392 0.1799738 0.0076181325 0.009372755 0.082635306 0.82964516 0.014386698 0.01899032 0.003828107 0.02986583 0.4227156 0.03976152 0.00314153 0.91985416 0.013027441 0.07206857 0.20697995 5.4584085e-18 0.016333614 0.0030902305 0.0023060518 0.32246232 0.022434106 0.00023253975 0.0018561084 0.108050115 0.00024628668 0.000652888 0.0001382073 0.89366597 0.91645867 0.22433442 0.00032858632 4.1782438e-05 0.003664408 0.00030131417 0.0013800972 0.12359786 0.0005229655 0.0010300896 0.00042402203 0.008674055 0.00027311963 1.52227285e-05 2.8033348e-05 0.82393265 7.076931e-06 4.6450547e-05 4.1831274e-05 5.554328e-06 4.98957e-07 2.2904442e-06 9.490911e-06 0.15100986 1.1501309e-07 9.179328e-06 0.024062904 0.00017124966 4.6402907e-05 0.007513566 0.00046869586 2.0752743e-05 0.012495149 0.001581633 1.4879257e-07 1.4228391e-06 5.6903766e-09 0.00049428415 0.028229026 2.207831e-05 4.567746e-08 0.009299222 4.992683e-07 0.0006936302 0.00755125 0.00073896185 1.1707299e-07 1.0185573e-05 0.0002761304 3.3093882e-05 4.869806e-10 3.1087908e-05 0.0005269024 1.0649447e-05 3.0501778e-06 1.2483766e-05 0.018671047 0.00014818854 1.1203483e-08 2.2482986e-06
0.8602075 2.4126268e-06 2.2992988e-06 4.520883e-07 5.5780774e-06 4.466639e-06 1.5621265e-05 5.495115e-07 0.0020081387 0.00049648853 2.612741e-05 2.926913e-05 0.019942747 1.6117345e-06 0.00019458016 0.037031546 0.102009125 0.07169615 0.10495245 0.00047061377 0.14931397 0.0003942551 0.5296267 0.102266826 0.0020448945 0.74705905 0.94235444 0.3420117 0.016333614 4.128721e-17 0.46873713 0.49695835 0.19799453 0.97804415 0.5237126 0.05278936 0.22656275 0.1244374 0.63822263 0.33153173 0.018008763 0.020572996 0.03269641 0.15638293 0.3529536 0.03320501 0.14502712 0.101914555 0.0062032104 0.029297462 2.5403764e-07 1.3672444e-06 1.8850221e-06 2.6219115e-07 0.009225874 0.0019708527 0.00084141607 0.00035271738 0.0016300181 5.4030814e-08 9.121571e-05 2.2261724e-05 8.5875276e-05 0.00011018625 0.004850531 3.0211406e-06 2.4294828e-05 0.0048833694 5.809655e-08 2.2075383e-07 0.16380611 0.11362287 6.3498366e-05 0.048728507 1.9034056e-05 8.866016e-07 6.434997e-06 6.108901e-09 0.00037072404 0.0025127232 0.0008026092 3.592403e-07 0.015390226 7.9069505e-06 0.00923355 0.0001653869 8.764183e-06 9.414006e-08 3.7781586e-08 9.646873e-06 6.4130395e-06 2.229864e-08 2.2682165e-05 0.00010836825 0.005175301 5.1552732e-08 0.00020862727 0.0012948251 3.9149745e-06 2.1307352e-07 6.115208e-09
0.36271822 1.0229485e-05 2.2498537e-06 5.548155e-06 2.036727e-05 1.3048596e-05 1.825181e-05 4.3856385e-06 0.004530389 0.0002369013 3.0003659e-05 2.8751394e-05 0.007290146 9.427264e-07 8.50933e-05 0.07981605 0.054546975 0.072898544 0.6430088 0.00010414887 0.45348185 0.00029390762 0.47084832 0.15810762 0.0007650174 0.930231 0.53217965 0.13484578 0.0030902305 0.46873713 1.374817e-16 0.98336196 0.027362997 0.42172426 0.96381956 0.02869291 0.03773983 0.28655976 0.4123047 0.6459555 0.0040235654 0.0043203295 0.005714166 0.27382138 0.63544035 0.0044352137 0.18429719 0.17379901 0.0021552548 0.019136092 5.5065702e-06 6.609702e-07 2.527905e-06 2.690734e-07 0.02180427 0.002892361 0.0009180436 0.0034126767 0.011288479 1.0197133e-06 0.0010114862 5.5767192e-05 0.00016702538 0.0010998199 0.00062646135 2.883638e-05 0.00025986254 0.0015177624 8.20981e-07 1.6071008e-06 0.037424613 0.044366006 0.00047496732 0.00829608 2.0101686e-05 1.3019337e-05 2.6488113e-05 4.6267288e-09 0.00014802555 0.0006524249 0.002123051 2.3152921e-07 0.0020462153 3.090886e-06 0.0019240169 0.00013828704 3.7976676e-07 1.6185558e-07 2.2566472e-07 3.2614246e-06 2.6607891e-05 1.2137183e-07 5.6533218e-06 0.00020019262 0.0017705816 2.1147466e-07 0.00020495724 0.00021134956 6.798166e-07 1.1635917e-07 5.638568e-10
