1.0497996e-30 0.0002548621 0.03090224 0.00017645316 0.009416949 0.005750183 0.002236009 0.0005164151 0.0059907422 0.007714518 0.00013972352 0.0015917091 8.5843785e-06 0.0002788434 0.003452799 0.0041331337 0.0024439082 0.0021362852 3.2357984e-05 0.1017553 0.16777468 0.13731134 0.019139016 1.8614153e-07 0.00081495964 0.0060775788 0.016283875 0.0009910607 7.2377073e-09 0.07014266 0.0042153895 1.9336307e-05 0.000709933 0.036115054 1.8385894e-05 0.17952578 0.012615609 0.0081124 0.012508608 2.7625415e-08 0.18011409 0.004328103 0.26867342 0.016538456 0.009258649 1.1926769e-05 0.5556516 0.00012367619 0.00015745444 0.0027148619 0.04282129 0.13321313 0.5815499 0.001705133 0.0010844498 0.2570214 5.167919e-10 0.005062266 0.0004525557 0.048864122 3.0399077e-09 1.3681504e-05 0.9261248 0.7412922 0.00037375782 0.02478732 1.9578963e-05 3.0869316e-05 0.0057179085 8.5756965e-06 0.87020504 0.91765106 4.703553e-07 0.036818232 0.49751565 0.04678115 0.16888179 0.9974733 0.026235022 0.00016899292 0.00033633973 1.7416362e-07 0.97737384 1.0600298e-06 5.509692e-11 6.872917e-09 4.0816153e-10 0.12141559 0.2220973 0.9379728 0.8532265 8.0314997e-13 5.825737e-07 6.638421e-05 1.8843669e-07 8.5599595e-06 7.5345985e-13 0.090180576 0.51919943 0.9759336 1.6254074e-10
0.0002548621 2.2565203e-22 0.40539858 0.75389856 0.101619884 0.082185954 0.30588493 0.31406033 0.079208456 0.002871762 0.29712474 0.014878598 0.702971 0.29771295 0.00078014465 0.06671782 0.0040012244 0.03653342 0.21409723 0.047346484 0.08745862 0.012310506 0.0015338619 0.018452192 0.0023708425 0.1138531 0.0007694687 0.0055502383 0.01408026 0.019277029 0.0004882966 0.04423469 0.0067659253 0.0009818345 0.0077201156 0.00052847073 0.000448755 6.826441e-05 0.0006409686 0.05612572 0.03184901 0.021093484 0.01278119 0.0043537095 3.575781e-05 0.00088823924 0.014255688 0.0005414208 0.03249351 0.0004958384 9.547955e-05 9.569605e-05 0.003424528 1.0393827e-05 0.00044043612 0.0014193032 0.008201966 0.00010425779 5.2313712e-06 0.0029465905 0.00066936616 7.992186e-06 0.009391407 0.004410295 0.00012143246 0.0018879035 0.00050522626 0.0014820811 0.0019342374 2.1102207e-06 0.000104784296 0.00030898815 0.00011185218 0.0025029127 8.821744e-05 0.00035199657 0.00021505059 0.0030231224 3.0481317e-07 1.6103695e-05 0.0028906881 1.0786392e-05 0.0017812703 0.00050796004 5.1429113e-05 4.854911e-05 2.2951132e-05 6.5032895e-05 0.00019879693 7.4552765e-05 0.00071140606 8.796202e-06 8.333161e-08 0.024235835 5.9720605e-06 9.759488e-08 5.468813e-07 0.014098211 0.00012771788 0.0001150737 9.627181e-07
0.03090224 0.40539858 6.6176784e-21 0.6926277 0.3121107 0.46787322 0.072865345 0.0092610605 0.20740011 0.23686925 0.0010635051 0.6019392 0.06747636 0.57114094 0.117546946 0.021130143 0.09192161 0.069113106 0.31169355 0.17612214 0.22848003 0.34808555 0.088398874 0.00043667955 0.21408936 0.005408684 0.1530269 0.008344665 0.000108782864 0.057794273 0.121404365 0.0006317452 0.006123391 0.029479505 0.17618565 0.034492973 0.0066636787 0.032167435 0.012126565 0.02597464 0.03583728 0.003282434 0.018096706 0.035920203 0.013082809 0.05546258 0.018530138 0.04279417 0.00082741305 0.021812813 0.0006552471 0.0015960649 0.021408878 0.00064068293 0.022095539 0.037006263 0.0017473304 0.0005951366 5.551339e-05 0.003206852 0.0040418375 0.00016729224 0.014859144 0.0041581537 0.0017548804 0.001623863 0.011403532 0.00935342 0.0009973821 3.256526e-06 0.005512172 0.015129797 0.00043553745 0.0007148596 0.0033813398 0.0022111142 0.002284698 0.010354283 2.3452176e-05 4.3809916e-05 0.0015630148 0.00017323541 0.002290454 0.0037368424 0.000448102 0.0017578963 0.00019590234 0.0006149671 0.0013510019 0.004269581 0.0108226305 4.322315e-05 1.5414166e-06 0.0014655298 2.615491e-05 5.509861e-07 4.310458e-06 0.007801362 0.00044496858 0.0029521459 1.2109355e-05
0.00017645316 0.75389856 0.6926277 5.7373854e-26 0.14173116 0.14959848 0.11949424 0.060710486 0.15746741 0.04049297 0.021348117 0.22792469 0.36726204 0.71084297 0.019570641 0.033656225 0.05790159 0.052931886 0.4461284 0.05347442 0.08905856 0.03657043 0.026794674 0.0022773538 0.044829905 0.014273025 0.023624534 0.0027245972 0.0005059913 0.018972348 0.015957072 0.0036873873 0.0027995799 0.00880908 0.1083392 0.004688012 0.0025036754 0.0061405166 0.0023555805 0.08042177 0.017541945 0.00755187 0.008552074 0.016607065 0.0007442311 0.013349931 0.013113367 0.00971569 0.005274509 0.0074683167 0.00016195959 0.00027032176 0.009076416 0.00010777553 0.007906498 0.011017501 0.011062589 0.000112871014 3.8883984e-05 0.0014509201 0.004594206 1.486896e-05 0.0072590476 0.0017532025 0.00043215777 0.00079803134 0.0056728 0.005154529 0.0015241867 1.430034e-06 0.00082606246 0.0005384156 0.00013443797 0.00076618855 0.00058173155 0.0007351717 0.0009451052 0.0026140125 2.239117e-06 5.878278e-06 0.00054855476 1.4672666e-05 0.0016981784 0.00081465003 0.00020401263 5.8608668e-05 6.340312e-05 0.0005097505 0.00056580175 0.0001653713 0.0005868725 1.7535913e-05 2.9378498e-07 0.0049154265 2.1238166e-06 1.0973745e-07 9.592997e-07 0.0068083894 0.00022002799 0.00021021061 4.1701742e-07
0.009416949 0.101619884 0.3121107 0.14173116 7.160355e-22 0.7695338 0.31053898 0.042930447 0.55550975 0.0756754 0.022071313 0.030193778 0.035378348 0.055680867 0.03180204 0.101405434 0.034642905 0.3612265 0.03870453 0.21362919 0.25462162 0.2962266 0.04414209 0.00023328386 0.011763287 0.0070800437 0.015998548 0.022760032 0.00012034804 0.1568216 0.00788541 0.0009532947 0.0118757235 0.040510327 0.013809288 0.0058310875 0.005483735 0.003064329 0.003745409 0.0025640617 0.05187495 0.007894218 0.048731737 0.0718172 0.0018628087 0.0040329816 0.073908225 0.0055932435 0.001612309 0.0025767693 0.00042002072 0.0012542336 0.038425628 0.00023619586 0.003555601 0.0426822 0.00032414705 0.0004338177 0.00031120345 0.007134535 0.00024181185 0.00019398467 0.08665899 0.0174009 0.0005566995 0.0026835373 0.0006809201 0.0012794372 0.0029735724 6.945113e-05 0.018887792 0.042442128 0.0001503569 0.0020518382 0.0044780895 0.0042236233 0.0047639 0.062292982 6.8961475e-05 7.666702e-05 0.0001208049 2.0853247e-05 0.010483398 0.00058296643 3.9835064e-05 4.9229347e-05 5.1313664e-06 0.0017592588 0.0034334555 0.0046017217 0.013355119 8.606856e-06 2.0544373e-06 0.00011479541 1.598153e-05 2.1191327e-06 9.2659747e-07 0.0030552263 0.0052484544 0.004286077 2.5484703e-06
0.005750183 0.082185954 0.46787322 0.14959848 0.7695338 3.0942302e-23 0.20332095 0.041705117 0.5707565 0.17176571 0.010263566 0.101060405 0.021038914 0.05644189 0.082818754 0.06314686 0.06517087 0.33863285 0.03581928 0.19925003 0.23511311 0.4340376 0.110800296 0.00015351702 0.04807125 0.008696747 0.049029265 0.015909813 6.0835424e-05 0.10865753 0.030267607 0.0007301535 0.008185064 0.10397092 0.021108888 0.025244012 0.010186594 0.010759941 0.008862711 0.003421081 0.03883525 0.0056472416 0.031197272 0.113356344 0.005618124 0.0088228695 0.053702705 0.010204859 0.00086477643 0.0072429497 0.0007336953 0.0034059207 0.06080147 0.00063213607 0.0065162275 0.05665041 0.00023159053 0.00049624045 0.0004203194 0.003792073 0.00032485236 0.00014832414 0.063682474 0.009270007 0.0006963098 0.0017823372 0.0010812305 0.0020745373 0.002487398 1.6239039e-05 0.036659464 0.06034738 0.00011360049 0.00097617885 0.015440253 0.006732468 0.010422455 0.030378591 8.381241e-05 4.2584827e-05 2.0216481e-05 9.770711e-06 0.0066632046 0.00061527063 3.5327907e-05 4.9718143e-05 3.8991166e-06 0.0033910137 0.0031452999 0.008350501 0.016074613 1.1118868e-05 1.8606798e-06 5.453507e-05 7.0447973e-06 1.9554805e-06 1.3190322e-06 0.0010694554 0.0027281009 0.0020521006 8.829084e-07
0.002236009 0.30588493 0.072865345 0.11949424 0.31053898 0.20332095 2.2965276e-22 0.76863766 0.38896254 0.0037663411 0.5714595 0.005235157 0.19003391 0.018324072 0.0013315168 0.63878876 0.0018477334 0.31367272 0.022614723 0.107579105 0.20826375 0.03340746 0.0008671479 0.027684322 0.00145465 0.32430938 0.0014100873 0.05774644 0.0040520863 0.1101203 0.00090872287 0.09520821 0.056019217 0.0042077582 0.00035766914 4.2204618e-05 0.00013904758 0.00021729106 4.274987e-05 0.0034107184 0.10917956 0.0927047 0.07557012 0.027273992 3.3788303e-05 2.432875e-05 0.08642552 0.00016695769 0.030611278 0.00033996688 3.274809e-05 5.0398325e-05 0.008373205 8.898072e-06 0.0007361715 0.0035627882 0.00018552155 3.2640834e-05 1.7319982e-05 0.008537585 3.498903e-05 2.9992643e-05 0.059060533 0.014793106 0.000269262 0.0046662292 0.0001707609 0.0014816783 0.005147043 1.0339576e-06 0.0002684707 0.0038790924 0.00022094457 0.0016867188 0.00020867663 0.0006310425 0.00015438176 0.033988073 6.3344436e-07 1.7083037e-05 0.0024560343 4.617512e-05 0.0067688907 0.0004712547 2.4101675e-05 2.4758672e-05 1.985135e-06 6.623825e-05 0.00019252977 0.00023041874 0.0003559263 7.59581e-07 2.7516916e-07 0.00837467 6.173486e-06 1.5261581e-07 3.8264364e-08 0.008913306 4.2933607e-05 0.00016914723 1.7094419e-06
0.0005164151 0.31406033 0.0092610605 0.060710486 0.042930447 0.041705117 0.76863766 6.060858e-26 0.09650453 3.904082e-05 0.75306886 0.00018976789 0.22760451 0.008545865 2.118075e-05 0.39179447 9.276886e-05 0.06253563 0.017111897 0.032108273 0.06639768 0.0055191205 1.9534315e-05 0.038204044 4.8208658e-05 0.41336736 2.8718565e-05 0.021431437 0.009150648 0.031358883 3.851995e-05 0.17565508 0.030067546 0.00027987765 1.4705026e-05 9.27683e-06 1.4548101e-05 1.2039986e-05 4.1509643e-06 0.0020363969 0.06354729 0.12158737 0.027684327 0.0020563935 3.5356336e-06 3.3986844e-06 0.035023633 1.2652671e-05 0.055259682 8.2117054e-05 1.4098009e-06 4.968873e-06 0.0012699012 1.9662032e-06 3.9161605e-05 0.00022272185 3.426313e-05 3.075734e-06 5.71273e-07 0.010147601 1.3965356e-06 7.2016707e-07 0.026165197 0.019475998 1.6084201e-05 0.008343603 3.2939265e-06 5.3243628e-05 0.011031895 1.650612e-08 1.2392561e-05 0.0005078242 2.2032636e-06 0.0044282633 4.0288254e-05 0.00013297376 2.4854273e-05 0.018566307 6.832712e-09 1.0834252e-06 0.0019941926 4.2798126e-07 0.0053505925 1.3297687e-05 1.6200747e-06 4.9572935e-07 1.024703e-07 6.256589e-06 1.3395578e-05 2.8670265e-05 3.039357e-05 4.391719e-08 5.371892e-09 0.0076271794 7.281952e-08 3.9474166e-09 5.903041e-10 0.008239066 4.32468e-06 5.2164876e-05 4.8567577e-09
0.0059907422 0.079208456 0.20740011 0.15746741 0.55550975 0.5707565 0.38896254 0.09650453 4.966191e-23 0.0935586 0.05450576 0.046356887 0.025020367 0.030013263 0.05202845 0.2753483 0.06283499 0.626083 0.023077305 0.4068902 0.43016556 0.5174101 0.071629286 0.00045936098 0.016951755 0.01527372 0.015317781 0.041687097 3.4707668e-05 0.32359406 0.008979282 0.0014799103 0.020964887 0.06400913 0.004214813 0.011777256 0.0034191806 0.0023475494 0.003787689 0.00319064 0.09169154 0.017345868 0.10898186 0.13941872 0.0009155724 0.00094171596 0.17532888 0.0013893967 0.00092515 0.0007525591 0.00017434536 0.0009591524 0.06492835 3.3879394e-05 0.001143693 0.04288218 0.00023684661 6.609413e-05 0.000118912714 0.006592931 0.00014971587 7.6910444e-05 0.14299445 0.018795948 0.00026332948 0.002829848 0.000243727 0.00026988436 0.0031155027 8.285843e-06 0.024498703 0.07909676 7.141819e-05 0.0008405029 0.0040720985 0.0017004132 0.0026441864 0.04144185 1.4252981e-05 6.426877e-06 0.00015415269 9.0543035e-06 0.008018961 0.00014354696 9.146202e-06 2.2793796e-05 3.8216757e-07 0.00037692374 0.0008882723 0.0031396747 0.009864145 3.296431e-06 5.609039e-06 0.000117231364 6.87778e-06 4.0787424e-07 4.3524363e-07 0.0009996976 0.00025066186 0.0002656589 7.6020854e-07
0.007714518 0.002871762 0.23686925 0.04049297 0.0756754 0.17176571 0.0037663411 3.904082e-05 0.0935586 1.8618902e-25 6.550686e-06 0.104065634 0.0012433735 0.042302854 0.9411979 0.003989915 0.3658097 0.10179562 0.021751838 0.085865825 0.1105572 0.45268562 0.3666175 1.540377e-05 0.07888665 4.4199867e-05 0.2557872 0.0023825993 6.6253942e-06 0.036853246 0.07535689 3.2802727e-05 0.0007653009 0.3224223 0.032974526 0.14772254 0.071247205 0.05245347 0.047392856 0.001516955 0.006508039 0.00024290533 0.007850672 0.23609008 0.031583346 0.027598979 0.019010877 0.05964528 2.2575536e-05 0.049250033 0.005360617 0.025513088 0.12651555 0.0052588307 0.06371169 0.244001 2.5858235e-05 0.0067982576 0.0018189785 0.0011394232 0.0007162697 0.00073847367 0.014180952 0.0020158447 0.007200672 0.0002960758 0.021470688 0.020589361 8.172144e-05 3.3491935e-05 0.09963137 0.055444498 0.00052442413 6.885022e-05 0.06481035 0.016256938 0.039292622 0.009158903 0.00091041607 0.0012023189 2.8412376e-06 0.00011086189 0.001584197 0.0031016865 0.00022412045 0.00091245264 0.00028017888 0.010407779 0.012928915 0.030129896 0.014894728 8.700271e-05 8.43564e-07 2.1836682e-05 3.6031837e-05 7.1548726e-07 6.9935954e-06 0.0011349956 0.0042534946 0.01258876 5.1222332e-06
0.00013972352 0.29712474 0.0010635051 0.021348117 0.022071313 0.010263566 0.5714595 0.75306886 0.05450576 6.550686e-06 2.9691099e-27 2.4111261e-05 0.1881659 0.0011195212 7.707576e-06 0.42770237 1.51093645e-05 0.020283442 0.0031501672 0.012540967 0.036408182 0.002381332 6.876088e-06 0.1041002 7.771279e-06 0.70586455 5.085072e-06 0.011595628 0.028822405 0.014259794 8.993787e-06 0.37758344 0.028316792 7.7990444e-05 7.0740703e-06 5.047434e-06 1.4886987e-06 2.06445e-06 1.0868309e-06 0.00014058469 0.050585967 0.22170772 0.021285858 0.0004369032 1.8327081e-06 1.0502008e-06 0.022811709 3.737794e-06 0.17962018 2.2131791e-05 1.9146987e-07 8.792423e-07 0.00046469332 7.2470596e-07 1.0024705e-05 6.8708076e-05 2.4263468e-06 5.8778096e-07 6.835661e-08 0.011734177 5.5509577e-07 9.9051256e-08 0.010694998 0.019385546 1.2364611e-06 0.011795448 8.5667915e-07 3.523069e-06 0.022736073 7.955073e-09 2.6702594e-06 4.1252515e-05 1.3792122e-07 0.014611436 7.666186e-06 5.1917767e-05 7.211041e-06 0.008462763 3.6264575e-10 8.374621e-08 0.004491941 3.2442227e-08 0.0061139115 1.2336703e-07 2.1076653e-07 1.2660364e-08 8.687767e-09 2.112184e-06 1.8182742e-06 8.19456e-06 5.0901617e-06 2.6983606e-09 2.0200654e-09 0.011523938 5.66321e-09 1.4329629e-09 5.474015e-11 0.012157591 4.519107e-07 5.0856226e-05 9.1723046e-11
0.0015917091 0.014878598 0.6019392 0.22792469 0.030193778 0.101060405 0.005235157 0.00018976789 0.046356887 0.104065634 2.4111261e-05 1.0279481e-23 0.006381946 0.50060683 0.09149882 0.0027824051 0.07687334 0.010353272 0.13725963 0.027321907 0.028722094 0.06698477 0.046406783 5.630689e-05 0.8357811 0.00027094406 0.19406268 0.00035421285 2.7805163e-05 0.004255377 0.39705867 0.00019587151 0.0006894109 0.013789691 0.3413794 0.027531963 0.008269164 0.1809716 0.012366642 0.016397465 0.0019461359 0.00026455734 0.0013699332 0.008398079 0.02427752 0.15338787 0.0026438583 0.19164166 0.00012939825 0.10561812 0.0010677774 0.003163424 0.0028429318 0.0037421475 0.10189404 0.010364292 0.0025183177 0.0033927779 0.0005481238 0.00040927075 0.008056983 0.0003353206 0.0013637898 0.0005059647 0.005216035 0.00012770997 0.06031059 0.028803302 0.00027194456 2.5734735e-05 0.0016454593 0.0011998272 0.0016086964 6.540103e-05 0.0032710326 0.0027273688 0.002112734 0.00041082656 3.2829328e-05 8.6422115e-05 0.00011196136 0.00022206968 0.00020045396 0.008465662 0.001376925 0.0018466588 0.0012205279 0.0005835586 0.0022413402 0.0009945047 0.00033630282 0.0002211425 1.7255196e-06 0.0003585727 2.4665487e-05 1.3163731e-06 1.4079461e-05 0.0009739676 0.00073742436 0.00025745257 2.5317375e-05
8.5843785e-06 0.702971 0.06747636 0.36726204 0.035378348 0.021038914 0.19003391 0.22760451 0.025020367 0.0012433735 0.1881659 0.006381946 5.1304516e-21 0.24099188 0.00036452393 0.016532006 0.0007937493 0.0056953696 0.39073965 0.012399779 0.0164143 0.003176328 0.00030874158 0.03705774 0.002320472 0.097397126 0.0011410794 0.0018037073 0.044009864 0.0067308503 0.0011644093 0.066692695 0.0023200181 0.0006115897 0.007459223 0.00020845186 0.0003335193 0.0006448147 9.773175e-05 0.12091108 0.012748344 0.01393381 0.008098563 0.0015834132 0.0001750678 0.0014641614 0.0067964434 0.0010971832 0.109693274 0.003995259 5.5906225e-05 0.00010452122 0.0013284263 3.056297e-05 0.0030613597 0.00076393835 0.080747366 0.00013255606 6.574372e-05 0.0052345707 0.0073654586 8.775761e-05 0.0052508274 0.0038622085 0.0016630068 0.004801847 0.00061718497 0.0046462025 0.014499154 1.3146336e-05 5.3800697e-05 0.00061708794 0.00064100657 0.024543473 8.9494795e-05 0.00016620262 0.00015800107 0.0038219586 5.1068713e-07 5.9372383e-06 0.021746762 0.00018178737 0.0056440085 0.0005192876 0.00018772863 0.0002939561 7.785497e-05 0.00022536033 3.9699746e-05 0.00014350316 0.002109738 0.00019589842 6.550608e-07 0.07539283 3.7907386e-05 1.2747523e-06 9.0765265e-05 0.20037317 0.00031996975 0.0054975143 7.2254425e-06
0.0002788434 0.29771295 0.57114094 0.71084297 0.055680867 0.05644189 0.018324072 0.008545865 0.030013263 0.042302854 0.0011195212 0.50060683 0.24099188 4.4096148e-23 0.019560264 0.0040125293 0.045183208 0.00411701 0.758146 0.014582774 0.019550288 0.009780215 0.0154020665 0.00017283589 0.18020087 0.0010777703 0.028346797 0.0012048074 3.7506936e-05 0.0027615018 0.044292726 0.00023645167 0.0007903717 0.0031966232 0.44826838 0.0023841544 0.0020435445 0.021318002 0.0015477921 0.20185837 0.002423411 0.0009681725 0.0012314863 0.0022713533 0.001139597 0.10485541 0.0024332164 0.036680475 0.000649881 0.018305037 0.00013703578 0.00018554949 0.0015239998 0.0001651045 0.023100534 0.003659793 0.050800294 7.143018e-05 5.91119e-05 0.00044006854 0.022225441 2.0306989e-05 0.0012281215 0.0003718286 0.0005034236 0.0005579533 0.015845696 0.009827188 0.0007754597 2.8450636e-06 0.00019589954 4.0455085e-05 0.0002428525 0.00020181644 0.00021331702 0.00038114228 0.0004505217 0.00090475456 5.8584914e-07 1.2876095e-06 6.223279e-05 2.40297e-05 0.00036404622 0.0033850456 0.0010931966 0.0012394198 0.0005395745 0.00029215513 0.00012647851 5.682427e-05 0.00039540033 9.659094e-05 2.366784e-06 0.0002976161 5.4095217e-06 5.5326973e-07 3.457415e-06 0.000948252 0.00015688562 0.00016238443 5.3875715e-07
0.003452799 0.00078014465 0.117546946 0.019570641 0.03180204 0.082818754 0.0013315168 2.118075e-05 0.05202845 0.9411979 7.707576e-06 0.09149882 0.00036452393 0.019560264 8.458087e-25 0.002354049 0.579298 0.037893087 0.012347545 0.04582479 0.05547927 0.29839954 0.50847906 6.6660778e-06 0.12274928 3.55873e-05 0.29590347 0.00068502576 2.037236e-05 0.008972772 0.09343125 3.5365392e-05 0.000370489 0.28301162 0.032095283 0.17235391 0.10310757 0.08313122 0.062697664 0.0003413945 0.002435912 8.002066e-05 0.0019349771 0.12869233 0.048058555 0.04281234 0.0048534507 0.08740315 4.257102e-05 0.08147901 0.005793241 0.033643316 0.0671486 0.010385917 0.104714595 0.12501729 4.20384e-05 0.007237194 0.005004023 0.0006968582 0.0002735539 0.0016761778 0.005691096 0.0009058135 0.013374946 0.00015082349 0.048993193 0.02682407 0.00013299417 0.00028451966 0.062781714 0.03618062 0.00066420145 7.031592e-05 0.039790485 0.013920568 0.038739797 0.00405787 0.0013927665 0.0012927367 1.971205e-06 0.00011543676 0.0012102341 0.004048994 0.0003976515 0.0010051329 0.0006541765 0.0178794 0.013308884 0.016692983 0.010028335 0.00020680403 1.4311004e-05 4.9885684e-06 0.00010548092 9.950184e-06 5.461361e-05 0.00022910448 0.0060655572 0.004595021 7.97706e-05
0.0041331337 0.06671782 0.021130143 0.033656225 0.101405434 0.06314686 0.63878876 0.39179447 0.2753483 0.003989915 0.42770237 0.0027824051 0.016532006 0.0040125293 0.002354049 7.5403723e-22 0.0040750727 0.47121337 0.0037682294 0.19073673 0.25871974 0.035709124 0.001510569 0.007338794 0.0014386409 0.5872511 0.000959045 0.5642217 0.0024753173 0.3503367 0.0003446903 0.07921782 0.37054032 0.0099059865 9.291603e-05 0.00022082406 0.00071842235 0.00012433314 0.00036107682 0.0010400496 0.38329586 0.4630043 0.18651593 0.034257833 0.0001588099 9.198621e-05 0.16851166 0.00038264864 0.033424404 0.00052763324 0.00011641584 0.0002534657 0.008744058 0.00014660617 0.00039233678 0.003882803 0.00017243139 0.00044219624 0.0011133114 0.06079773 0.00014719008 7.0550945e-05 0.18258053 0.15506962 0.00068061164 0.016544718 3.5115685e-05 4.7502366e-05 0.020254914 2.733631e-05 0.0002796087 0.010000724 5.1094194e-05 0.0035716915 0.0001468229 0.0014616334 0.00014877647 0.1923775 3.5232806e-06 8.222473e-05 0.0033043048 1.7437853e-05 0.022008447 9.196226e-05 1.1797984e-05 1.8138041e-06 6.12325e-07 0.000100743935 0.000412152 0.00032208406 0.0005024679 3.2259106e-07 1.2242886e-06 0.0019364052 1.8537661e-05 1.4987314e-06 8.147797e-08 0.019041969 0.00040007054 0.00024774676 1.7144002e-06
0.0024439082 0.0040012244 0.09192161 0.05790159 0.034642905 0.06517087 0.0018477334 9.276886e-05 0.06283499 0.3658097 1.51093645e-05 0.07687334 0.0007937493 0.045183208 0.579298 0.0040750727 1.2995927e-22 0.04058919 0.01565206 0.040722176 0.0405505 0.22160594 0.80081624 3.664347e-05 0.0722131 0.00016812905 0.34721547 0.0019100964 7.0989576e-05 0.0102414 0.12065333 5.5834396e-05 0.0010509229 0.2840116 0.020084534 0.35713628 0.22801735 0.119343184 0.22683007 0.0014585783 0.0029390382 6.183689e-05 0.0030606855 0.16118464 0.118714765 0.03981411 0.005702894 0.091131516 0.00018870097 0.12639645 0.039962202 0.112433314 0.069862016 0.04663959 0.11831171 0.10803489 0.00015417652 0.033485767 0.046193924 0.0014297157 0.0010646802 0.02309079 0.0057848706 0.0014979634 0.038331237 0.00042382296 0.035929523 0.06921158 0.00056650286 0.0059400676 0.059948925 0.03279708 0.012906106 0.00020498481 0.07864997 0.041051198 0.09832016 0.0030021376 0.0041898894 0.008903014 7.922001e-06 0.0037182649 0.0010934671 0.020168476 0.000447211 0.009810651 0.0018692028 0.048326418 0.026361004 0.03645164 0.017221553 0.0012658349 0.0007775072 1.8068078e-05 0.0021105984 0.0005714714 0.0004846106 0.000267001 0.02425492 0.009266573 0.0011163717
0.0021362852 0.03653342 0.069113106 0.052931886 0.3612265 0.33863285 0.31367272 0.06253563 0.626083 0.10179562 0.020283442 0.010353272 0.0056953696 0.00411701 0.037893087 0.47121337 0.04058919 6.752692e-25 0.0026722697 0.7757972 0.6869115 0.53379905 0.042125415 2.004615e-05 0.0020157523 0.009697111 0.0045618 0.16514939 5.6662275e-06 0.62249774 0.0017518046 0.00040942905 0.06699194 0.05147457 8.336099e-05 0.0016486142 0.0017571647 0.00035019018 0.00083448004 0.00036246394 0.30864078 0.028184785 0.32546622 0.27517745 0.00026897658 2.9074192e-05 0.34004232 0.00023687487 0.00045836042 0.0002991222 4.7753736e-05 0.00020197721 0.076263115 8.54862e-06 0.0011980206 0.036440816 0.00014229395 4.291449e-05 3.7294565e-05 0.009720125 0.00010556183 1.0934884e-05 0.20557311 0.031015836 0.00021571938 0.0032177472 2.424962e-05 0.0001263952 0.002357295 2.6875682e-06 0.022010518 0.10071269 7.85178e-06 0.0007824609 0.0038149739 0.0006520277 0.0010796951 0.116464704 2.9056951e-05 1.1800696e-05 8.845603e-05 2.792548e-06 0.010930522 1.643281e-05 1.8409623e-06 9.21634e-07 8.659746e-08 0.00074833375 0.0008042132 0.0047819335 0.00911619 2.3695539e-07 5.954973e-07 6.175856e-05 2.00699e-06 5.35537e-07 5.996357e-09 0.0014740282 0.0012726656 0.0016538606 2.5301526e-08
3.2357984e-05 0.21409723 0.31169355 0.4461284 0.03870453 0.03581928 0.022614723 0.017111897 0.023077305 0.021751838 0.0031501672 0.13725963 0.39073965 0.758146 0.012347545 0.0037682294 0.01565206 0.0026722697 1.9769922e-21 0.010819768 0.011001396 0.005837948 0.004951761 0.00021830697 0.10649871 0.002124177 0.015421292 0.00040349163 7.8759476e-05 0.0026899902 0.02956799 0.00081332726 0.0005377262 0.0002924699 0.52718306 0.0019678269 0.0015566347 0.01737074 0.0021384845 0.53482985 0.0032788143 0.0010091346 0.0018804636 0.0017339416 0.0016808466 0.1401756 0.004065791 0.03783759 0.0010839462 0.019099185 7.43146e-05 9.5744064e-05 0.001356972 0.0002453698 0.02167858 0.00070892385 0.26144528 0.00025287224 0.00036398083 0.0010629469 0.14408058 0.00025965448 0.0013863082 0.0004491348 0.004510907 0.0008273361 0.011100201 0.010006377 0.0014759306 2.753629e-05 0.0003409014 0.00021820999 0.0006329371 0.00059689576 0.0004492804 0.00042023466 0.0007318123 0.0008040637 1.3605834e-06 4.790816e-06 0.0005743661 8.568475e-05 0.00081174955 0.0021017776 0.003181799 0.00051176583 0.0010958055 0.00020595556 0.0002470868 0.0001163103 0.0019248902 0.0009868661 1.2722164e-06 0.0011596933 2.2037017e-05 3.5852665e-07 4.266393e-05 0.0025757104 0.00016221835 0.0012123407 1.9068437e-06
0.1017553 0.047346484 0.17612214 0.05347442 0.21362919 0.19925003 0.107579105 0.032108273 0.4068902 0.085865825 0.012540967 0.027321907 0.012399779 0.014582774 0.04582479 0.19073673 0.040722176 0.7757972 0.010819768 7.416818e-22 0.84763443 0.7678104 0.06974216 0.00014181399 0.008895482 0.014373924 0.015293734 0.061230604 3.8516973e-05 0.58044463 0.0068078176 0.0015911977 0.021323908 0.15046057 0.004286947 0.013768389 0.004507888 0.0013065133 0.0027732712 0.0020407012 0.14687186 0.016671777 0.21942039 0.4063166 0.0007509568 0.0007834928 0.4077266 0.0011663837 0.0014267628 0.00066229375 0.00029227385 0.0012263629 0.20103392 7.6837205e-05 0.0023103112 0.13552025 0.00058855483 6.388547e-05 0.00031665788 0.0064726467 0.0004744026 0.00046544516 0.30296844 0.025347253 0.00038014833 0.0031690118 0.00027877185 0.00066866656 0.0032868742 7.5565986e-05 0.07225159 0.3486084 9.190274e-05 0.00056362525 0.01671288 0.0041690455 0.0042263344 0.1763071 6.34457e-05 4.5493175e-06 2.469133e-05 4.26155e-05 0.029903425 0.00019753074 3.320941e-05 1.6442593e-05 8.6026256e-07 0.0008570334 0.0016461123 0.01731563 0.03880639 1.4640965e-05 3.0225687e-05 3.040218e-05 2.8501081e-05 4.814197e-06 4.282905e-06 0.00080219336 0.00066686305 0.0026628352 8.413711e-06
0.16777468 0.08745862 0.22848003 0.08905856 0.25462162 0.23511311 0.20826375 0.06639768 0.43016556 0.1105572 0.036408182 0.028722094 0.0164143 0.019550288 0.05547927 0.25871974 0.0405505 0.6869115 0.011001396 0.84763443 2.0330113e-23 0.66182244 0.06788762 0.00030606854 0.00817959 0.027628355 0.009699622 0.10374225 8.9276306e-05 0.65190667 0.0036682002 0.0036787172 0.03786823 0.09621623 0.0036449097 0.008610575 0.0014485435 0.0005776367 0.0010103871 0.0029033297 0.23655744 0.01742322 0.3610787 0.27711397 0.00047608855 0.0005877048 0.4958945 0.00049914647 0.0042475257 0.00025106475 0.0001436424 0.0004810721 0.15037164 2.4286559e-05 0.0008122254 0.09968331 0.0014834054 3.2810116e-05 0.00019152365 0.010828268 0.00055261166 0.00032015165 0.37311321 0.039027296 0.0002557269 0.005801008 0.000107269596 0.00053044426 0.0056697605 6.585328e-05 0.05312051 0.358946 5.613157e-05 0.00086267886 0.0118421 0.0020427534 0.002125258 0.25970498 5.4487085e-05 2.7095875e-06 8.5705346e-05 2.916592e-05 0.07466903 8.3782914e-05 1.976473e-05 7.3946803e-06 9.734879e-07 0.00046024876 0.0013496033 0.01186528 0.042290557 2.1299287e-05 3.9238505e-05 0.00013099825 1.9806295e-05 2.9630119e-06 4.127776e-06 0.004650585 0.00014822077 0.0010717869 1.0986878e-05
0.13731134 0.012310506 0.34808555 0.03657043 0.2962266 0.4340376 0.03340746 0.0055191205 0.5174101 0.45268562 0.002381332 0.06698477 0.003176328 0.009780215 0.29839954 0.035709124 0.22160594 0.53379905 0.005837948 0.7678104 0.66182244 3.4640684e-21 0.5040125 3.4538512e-05 0.03835294 0.00057234516 0.09791202 0.010222367 1.7632774e-05 0.1665794 0.038757287 5.3271662e-05 0.005966815 0.66849095 0.007773515 0.17778102 0.0696116 0.0095715225 0.03988898 0.0008137586 0.034625992 0.00028157767 0.0557991 0.7103388 0.013153955 0.0048647714 0.074166894 0.008612477 6.1501545e-05 0.006136548 0.0016718953 0.007963731 0.5324641 0.002533234 0.00713947 0.40998706 0.000469436 0.0007569066 0.0031459625 0.00094245624 0.0008131209 0.0027531697 0.05222302 0.0071761264 0.0018024571 0.00022364581 0.0013618623 0.004177955 0.00016242704 6.943848e-05 0.37102348 0.4230235 0.0006383282 1.4960904e-05 0.05879863 0.011939134 0.03802807 0.03324552 0.00017927737 3.9070805e-05 2.655215e-07 0.00025883733 0.0021493095 0.0015468079 0.00034572158 0.0002869818 3.8178874e-05 0.00912659 0.0047799163 0.053476457 0.1527321 0.00025462086 0.00024403284 2.087794e-07 9.529179e-05 3.0988747e-05 2.025473e-05 1.3746019e-05 0.0020582105 0.009898928 1.6915053e-05
0.019139016 0.0015338619 0.088398874 0.026794674 0.04414209 0.110800296 0.0008671479 1.9534315e-05 0.071629286 0.3666175 6.876088e-06 0.046406783 0.00030874158 0.0154020665 0.50847906 0.001510569 0.80081624 0.042125415 0.004951761 0.06974216 0.06788762 0.5040125 4.840078e-23 1.3668305e-05 0.04476306 2.4325176e-05 0.23927969 0.00040852165 1.5174996e-05 0.009989844 0.08030178 3.063113e-05 0.00026412625 0.8263305 0.008722508 0.75671065 0.26564637 0.06979738 0.29468867 0.00025176845 0.0019391597 1.5064631e-05 0.0015575604 0.38331887 0.10695572 0.017725727 0.007517641 0.04353393 1.6430366e-05 0.0652032 0.028921315 0.14800543 0.23559411 0.0312118 0.06390593 0.5604567 1.2716312e-05 0.015968818 0.02432838 0.00033660012 0.00017246445 0.00750226 0.014706591 0.0016037885 0.015039268 4.959204e-05 0.010450292 0.021059133 2.865157e-05 0.0013156339 0.4168065 0.23788635 0.0034796689 6.496821e-06 0.34152597 0.05396051 0.13571078 0.007947044 0.004307417 0.003293966 1.3109747e-06 0.0012062491 0.0017152475 0.007010069 5.0941322e-05 0.0021238946 0.00022749312 0.030552365 0.040773485 0.16694406 0.09113992 0.00016791689 9.634025e-05 3.1061218e-06 0.00027047857 2.890993e-05 5.8380178e-05 5.7305024e-05 0.01293074 0.024254348 0.0003267321
1.8614153e-07 0.018452192 0.00043667955 0.0022773538 0.00023328386 0.00015351702 0.027684322 0.038204044 0.00045936098 1.540377e-05 0.1041002 5.630689e-05 0.03705774 0.00017283589 6.6660778e-06 0.007338794 3.664347e-05 2.004615e-05 0.00021830697 0.00014181399 0.00030606854 3.4538512e-05 1.3668305e-05 9.135997e-24 7.441062e-05 0.13811184 0.00014276903 0.00017599536 0.34878948 0.00015405673 5.0671777e-05 0.18956915 0.0007443373 6.5527292e-06 2.1519305e-05 7.419892e-06 3.1515087e-06 1.124722e-05 6.456103e-05 0.00013196436 0.0016233536 0.020529388 0.00027043113 3.176119e-05 8.28099e-05 7.793731e-06 0.00027636832 5.3603475e-05 0.100839324 7.831063e-05 2.7291649e-06 4.091203e-06 2.770844e-05 1.5144628e-06 0.000505299 1.0754631e-05 2.536433e-05 7.4741583e-06 5.120729e-06 0.0007657495 8.311312e-06 1.7434252e-06 0.00080170843 0.0008110821 0.0001358759 0.002276214 4.4130247e-05 0.00043824906 0.0134394765 4.1117363e-07 1.4465141e-06 7.8761053e-07 6.6385696e-06 0.013277449 3.7985985e-05 7.047334e-05 9.6826625e-06 0.00079218234 1.6588345e-07 9.783396e-07 0.0040535005 4.0855085e-07 0.00092152116 0.0001039762 4.873891e-06 3.0903426e-05 6.579198e-06 6.369223e-06 2.3626794e-06 2.5234165e-05 4.0699066e-05 1.4035245e-07 1.0413615e-08 0.020836618 2.9497113e-07 1.517263e-08 6.906707e-08 0.03081347 8.905292e-07 0.00029421275 7.613886e-08
0.00081495964 0.0023708425 0.21408936 0.044829905 0.011763287 0.04807125 0.00145465 4.8208658e-05 0.016951755 0.07888665 7.771279e-06 0.8357811 0.002320472 0.18020087 0.12274928 0.0014386409 0.0722131 0.0020157523 0.10649871 0.008895482 0.00817959 0.03835294 0.04476306 7.441062e-05 1.3383467e-23 0.00011643227 0.21912219 0.00028931873 0.00013793499 0.00094120024 0.5927216 7.019793e-05 0.0001825948 0.01301835 0.55268717 0.028452212 0.012686557 0.32316345 0.014284347 0.021721635 0.0008402481 0.00014973585 0.0004322868 0.0053532524 0.033201404 0.4888355 0.00091428007 0.5472954 0.00012488953 0.24358736 0.002365093 0.005496618 0.0023702243 0.005526457 0.24277808 0.012513793 0.0023515783 0.0045368248 0.001236762 0.00030419364 0.0145627055 0.0005331377 0.00045609492 0.00019643684 0.01222661 0.00010440296 0.18706474 0.047901873 0.00054973643 6.2025596e-05 0.0010713368 0.00034971893 0.0024015922 0.00012599948 0.0019439933 0.002971119 0.002195302 0.00022983608 0.000116304866 0.00012599888 8.633396e-05 0.0004381575 0.00013688755 0.016499387 0.0041603735 0.0058270902 0.00440043 0.001016629 0.0026264717 0.0008056164 0.00037716088 0.001955425 1.0214463e-05 0.00019620486 7.978977e-05 3.1991663e-06 0.00013346836 0.00013435875 0.0016734664 0.0005382973 9.0429516e-05
0.0060775788 0.1138531 0.005408684 0.014273025 0.0070800437 0.008696747 0.32430938 0.41336736 0.01527372 4.4199867e-05 0.70586455 0.00027094406 0.097397126 0.0010777703 3.55873e-05 0.5872511 0.00016812905 0.009697111 0.002124177 0.014373924 0.027628355 0.00057234516 2.4325176e-05 0.13811184 0.00011643227 8.669055e-22 9.8773235e-05 0.040008172 0.021208292 0.014593515 0.00016964432 0.7809577 0.0849079 0.000109274784 7.713977e-05 4.840253e-06 1.3056338e-05 4.4715467e-05 7.0984797e-06 0.00089226564 0.09043857 0.5970757 0.028447954 0.00032236215 1.23806185e-05 2.0274598e-05 0.020026047 3.5159985e-05 0.49480823 0.00016232654 1.3402013e-06 1.7979359e-06 0.0007022712 3.1329025e-06 0.00012945502 0.00018157426 0.00010165548 3.5063633e-06 1.2136147e-06 0.071069084 2.6885848e-05 1.973114e-06 0.023776375 0.08754556 7.964741e-06 0.10337275 3.4341378e-05 0.00014443583 0.2174445 1.0421349e-07 1.2473745e-05 0.0001867469 9.366169e-06 0.14051853 1.9928808e-05 5.9774426e-05 1.5190837e-05 0.03365796 3.4705974e-09 1.7860319e-07 0.021437917 3.166074e-06 0.077572785 3.308855e-05 3.5975265e-06 3.2974435e-06 4.3818486e-07 6.586895e-06 1.2093838e-06 2.7407183e-05 8.237616e-06 2.1187982e-07 1.5313499e-07 0.025940957 2.015209e-07 2.7243072e-08 7.893256e-09 0.090121396 3.0627466e-06 0.00010439948 3.223707e-08
0.016283875 0.0007694687 0.1530269 0.023624534 0.015998548 0.049029265 0.0014100873 2.8718565e-05 0.015317781 0.2557872 5.085072e-06 0.19406268 0.0011410794 0.028346797 0.29590347 0.000959045 0.34721547 0.0045618 0.015421292 0.015293734 0.009699622 0.09791202 0.23927969 0.00014276903 0.21912219 9.8773235e-05 3.71788e-20 0.00078202336 6.634971e-05 0.003817345 0.5035377 7.4821146e-05 0.00019107286 0.1495786 0.04599845 0.2565316 0.36325392 0.4869676 0.15898655 0.0019676203 0.0009918645 2.6972857e-05 0.0012654554 0.03598158 0.5662598 0.06258689 0.0008963262 0.199409 0.00014503364 0.365185 0.049409833 0.09221148 0.032901637 0.092695296 0.27878505 0.13541685 6.659009e-05 0.04266595 0.11171062 0.00072623085 0.0014795561 0.042662185 0.0014150535 0.0009496932 0.113384515 0.00011005423 0.05202474 0.10008234 0.00036844678 0.0035637636 0.037525736 0.01649774 0.029168453 0.00029088574 0.052541375 0.014425783 0.027229792 0.0017207738 0.0044059497 0.003926027 0.00013995037 0.0111992005 0.001260353 0.034516886 0.0012379137 0.016350523 0.0026561664 0.010961033 0.02745896 0.030596562 0.013594208 0.0004839291 0.00023508258 0.0001075277 0.0012530154 6.1006584e-05 0.0003867825 0.0010978237 0.007902039 0.012189804 0.0012235667
0.0009910607 0.0055502383 0.008344665 0.0027245972 0.022760032 0.015909813 0.05774644 0.021431437 0.041687097 0.0023825993 0.011595628 0.00035421285 0.0018037073 0.0012048074 0.00068502576 0.5642217 0.0019100964 0.16514939 0.00040349163 0.061230604 0.10374225 0.010222367 0.00040852165 0.00017599536 0.00028931873 0.040008172 0.00078202336 7.1681596e-25 1.5939959e-05 0.34747007 0.00031664 0.0032975539 0.641135 0.0017126239 7.365293e-05 8.9151064e-05 0.00033327035 0.000108922686 0.00024359384 0.00028805502 0.47254056 0.21036458 0.22410232 0.014552265 0.00029082055 1.8315366e-05 0.1627431 0.00014939453 0.0012623401 0.0005840011 1.9788135e-05 6.914673e-05 0.00274015 0.0001915054 0.00027242972 0.0013346251 4.6518904e-05 0.00010908986 0.00032403396 0.06946531 4.1453688e-05 5.409819e-05 0.14921941 0.17519416 0.0002569617 0.0076706004 1.1007297e-05 7.5916316e-05 0.0056577744 8.848172e-06 0.00029682723 0.007313857 1.0266428e-05 0.00050268386 7.887215e-05 0.00024935268 0.00020747926 0.14572366 9.150734e-07 1.4597465e-05 0.00020715361 3.5999838e-06 0.013151867 6.689756e-06 1.2731401e-06 1.5180221e-07 2.2747282e-07 0.00018481271 0.000122029516 0.00016344669 0.00039527685 7.075823e-08 1.4681505e-06 8.074362e-05 5.2290065e-06 2.9530833e-07 1.2097158e-08 0.004643297 0.00014893421 0.00013832939 8.109501e-08
7.2377073e-09 0.01408026 0.000108782864 0.0005059913 0.00012034804 6.0835424e-05 0.0040520863 0.009150648 3.4707668e-05 6.6253942e-06 0.028822405 2.7805163e-05 0.044009864 3.7506936e-05 2.037236e-05 0.0024753173 7.0989576e-05 5.6662275e-06 7.8759476e-05 3.8516973e-05 8.9276306e-05 1.7632774e-05 1.5174996e-05 0.34878948 0.00013793499 0.021208292 6.634971e-05 1.5939959e-05 1.725875e-23 3.0284144e-05 0.00010330587 0.08125964 0.00022393157 6.481891e-05 1.0219618e-05 1.1931e-05 5.600927e-05 3.2499534e-05 4.8347887e-05 0.00016192406 0.00071827776 0.009102958 8.308613e-05 9.699547e-06 4.1625535e-05 7.2240096e-06 4.8144426e-05 5.0435494e-05 0.028246976 0.00010970717 3.626336e-05 0.00019710357 4.9979753e-05 3.3193212e-06 0.0004399582 7.2808594e-05 0.00015925898 1.6241733e-05 3.0478225e-06 0.00038976205 4.515101e-05 1.3785843e-06 0.0002663007 0.0003871523 4.1972296e-05 0.0008522828 1.4154246e-05 5.94298e-05 0.0049877414 5.120045e-08 1.1007133e-06 1.0282096e-05 1.6559901e-06 0.0046857214 4.1607876e-05 0.00018864428 4.794568e-06 0.00050515955 9.989213e-08 1.9840295e-06 0.0034247825 7.497127e-07 0.00033117578 4.326734e-06 2.6843688e-06 1.3941324e-06 1.0093992e-06 2.5065312e-05 4.1568705e-06 0.0002316789 0.0012150758 4.487252e-06 5.9705116e-08 0.022574289 2.920639e-07 1.821677e-07 5.2288397e-07 0.035874743 3.5253913e-06 0.004673602 1.1203126e-07
0.07014266 0.019277029 0.057794273 0.018972348 0.1568216 0.10865753 0.1101203 0.031358883 0.32359406 0.036853246 0.014259794 0.004255377 0.0067308503 0.0027615018 0.008972772 0.3503367 0.0102414 0.62249774 0.0026899902 0.58044463 0.65190667 0.1665794 0.009989844 0.00015405673 0.00094120024 0.014593515 0.003817345 0.34747007 3.0284144e-05 1.4710151e-21 0.00078391767 0.002639227 0.14840455 0.025088506 0.0001880266 0.0011273435 0.0005167895 0.00020282535 0.00013129791 0.0016372813 0.6754169 0.048020486 0.8296141 0.2046404 0.00013275175 1.9269206e-05 0.7949079 0.00010381766 0.0018143744 0.00016220566 3.4942772e-05 6.54137e-05 0.061517376 2.0696394e-05 0.00029633456 0.017200062 0.00044441622 2.9538889e-05 0.00026605066 0.023254892 0.00037454197 0.00022859617 0.608879 0.07401389 0.00017514228 0.007245471 1.0276919e-05 0.0001242204 0.005539163 5.32016e-05 0.011729678 0.18451062 2.8911227e-05 0.0009212751 0.0023797825 0.00063386705 0.00029460833 0.41049853 2.019646e-05 7.951224e-06 0.0001758705 1.6642824e-05 0.036157474 7.6228556e-05 1.5160358e-05 1.3354297e-06 7.8361717e-07 4.7026966e-05 0.0002991496 0.0026417363 0.011510494 9.539467e-06 5.5570304e-06 0.00022307428 1.5514162e-05 9.852091e-07 1.4319186e-06 0.0037058217 7.3520365e-05 0.00078087416 4.321097e-06
0.0042153895 0.0004882966 0.121404365 0.015957072 0.00788541 0.030267607 0.00090872287 3.851995e-05 0.008979282 0.07535689 8.993787e-06 0.39705867 0.0011644093 0.044292726 0.09343125 0.0003446903 0.12065333 0.0017518046 0.02956799 0.0068078176 0.0036682002 0.038757287 0.08030178 5.0671777e-05 0.5927216 0.00016964432 0.5035377 0.00031664 0.00010330587 0.00078391767 1.39675e-23 7.6307915e-05 0.0002962574 0.04531471 0.17423134 0.0674343 0.048129063 0.8454821 0.046964735 0.0046478068 0.00084946305 0.00010436055 0.00058558444 0.0072262734 0.14671774 0.20881984 0.00050839235 0.4725618 6.5185144e-05 0.45560074 0.00932438 0.018686717 0.0089147175 0.014573292 0.42550203 0.031735606 0.0001296166 0.009860487 0.015074169 0.0006331967 0.0029409546 0.005578514 0.0005746113 0.0006847145 0.07200604 0.00015494964 0.20632158 0.10858166 0.00038377073 0.00022717964 0.004820477 0.0013265938 0.016974013 0.00012239782 0.0069544516 0.004031151 0.004762675 0.000812512 0.00085574016 0.00036286307 7.987961e-05 0.003774428 0.0005888656 0.052799456 0.002149994 0.016333707 0.0052771927 0.0033424993 0.009740963 0.0036813528 0.0039416244 0.001122936 7.0855413e-06 6.988525e-05 0.00018206236 7.3789565e-06 0.00019630481 0.0003108718 0.0014031626 0.0016590537 0.00043921013
