3.098243e-25 0.00037017785 0.011710655 0.013118484 0.012957774 0.02013627 1.2721134e-06 0.0045989905 0.001616388 0.0017993769 0.00012909675 0.028157076 0.07802052 0.00018489714 0.0034770898 1.24176225e-08 0.00048383797 0.069174685 0.05147923 0.0002038885 0.002390569 6.085236e-09 0.000103015445 0.03370029 4.2328043e-05 0.0050385157 0.00019737273 0.00063905335 1.2685148e-07 0.044622976 2.5336527e-07 0.094907284 0.03628928 3.4455306e-07 0.008338814 0.22539909 4.951987e-05 0.028309628 1.6226259e-06 0.00045762945 0.042472385 0.271395 9.057918e-05 0.14105581 0.001051558 0.34800166 0.0115854265 3.690961e-08 0.0044876444 0.067538165 0.024498722 0.4231274 3.016809e-07 0.0003574405 0.21822841 0.6975462 0.003258457 0.00059840933 8.324404e-05 0.00014582071 1.4511892e-07 7.74099e-06 0.39032358 0.28234565 8.8856025e-09 0.031624667 8.275979e-08 0.177354 0.7891329 2.8948029e-05 0.00014378934 0.23885638 0.38460276 0.04388012 1.4563933e-06 0.011682719 0.8661674 0.32348338 1.5480209e-06 3.3407567e-12 0.17826927 0.4422683 5.347031e-09 4.3779173e-13 0.25267068 0.00011729097 0.99690294 0.64289576 1.322861e-05 0.00013013558 0.86992127 1.5270354e-08 2.5806509e-08 0.0024691438 8.187713e-07 0.088362455 0.9883521 0.0024721455 0.9824708 0.9952642 3.4852597e-08
0.00037017785 1.9088042e-22 0.4946539 0.1814024 0.6325438 0.057847235 0.4809922 0.02476604 0.057604007 0.030720165 0.50700194 0.037569802 0.22077891 0.2650859 0.012896096 0.15434723 0.31800267 0.04807459 0.4690089 0.046101127 0.0022627516 0.060099717 0.012529562 0.001564812 0.0065094293 0.0006350137 0.004003635 0.056089766 0.017766276 0.052338958 0.0061387685 0.00941497 0.0025410696 0.0024440435 0.0033056806 0.084776916 0.0029534213 0.0002644282 0.005246535 0.001018619 0.0035724423 0.0010988974 0.0073016784 0.085937336 0.00040787022 0.15340917 0.004579233 1.1663069e-05 0.00015091371 0.02630953 0.00026573875 0.00301148 0.0007602571 7.468633e-05 0.0002387097 0.012872621 0.0004148669 0.0004606382 0.00013548088 0.00012429104 0.0002049336 0.0004752321 0.019123973 0.0031740253 0.0002540809 0.00023050119 0.00029090515 0.0029826977 0.004566786 2.3324481e-05 4.214031e-05 0.023256002 0.01422893 0.00024307123 1.235936e-05 5.3437077e-05 0.0030428374 0.00079583563 6.222597e-05 1.4289938e-06 0.0002573848 0.0033872544 2.9024864e-06 4.438598e-09 0.00012301275 7.443603e-05 0.00070217776 0.00017899292 1.5092154e-05 0.00089946575 0.02084642 8.300104e-06 2.3547624e-05 0.00774548 2.2298261e-06 0.0001566887 8.160037e-06 0.008899198 0.013169326 0.0018332615 6.2090044e-07
0.011710655 0.4946539 7.170335e-21 0.641662 0.6882026 0.72412467 0.09282268 0.3148858 0.5610396 0.36303005 0.03856406 0.30781007 0.5428622 0.48022905 0.15938006 0.0039910814 0.030174974 0.39535317 0.16173902 0.38040492 0.037905063 0.0024027308 0.08285657 0.020006027 0.124921024 0.0216655 0.03180951 0.004221396 0.0895222 0.21761435 0.060601994 0.070862025 0.009802047 0.030492852 0.015540197 0.012980061 0.01960796 0.0056437044 0.00012009375 0.013749527 0.007495902 0.0069110338 0.0010565948 0.030841136 0.0020753841 0.07537312 0.001130395 0.001542399 0.0011068442 0.060480982 0.0005202679 0.004823998 0.0016723035 0.00018799219 0.0010272687 0.1130829 0.0006254916 0.00036886462 8.580954e-05 0.00014569268 0.00065103045 0.0007671986 0.027920278 0.030980015 0.00025740004 0.00032123676 0.00033444873 0.0034152784 0.051063467 3.069772e-05 4.495174e-05 0.010255097 0.019359395 0.0005080489 2.5888903e-05 0.00014685203 0.025429375 0.0018079584 0.000121837766 6.1707196e-06 0.0009931428 0.0058733923 3.2164387e-06 8.254094e-09 0.00056120194 8.103924e-05 0.012884621 0.0011528786 8.908907e-06 0.0016030758 0.00934881 1.2206856e-05 6.119865e-05 0.003111855 2.7795818e-06 0.00029950385 0.0011680913 0.005503542 0.01624014 0.024227478 1.4892851e-06
0.013118484 0.1814024 0.641662 6.0221416e-18 0.19929868 0.4752201 0.07260518 0.15174745 0.5532992 0.49177247 0.0066120108 0.15672734 0.27451327 0.46948054 0.3009202 0.0009796207 0.0030557944 0.25436077 0.032523993 0.35510686 0.043591417 0.0018392426 0.19391142 0.023388281 0.1458619 0.02936779 0.066779755 0.0008514363 0.13045058 0.073397875 0.14365391 0.03414952 0.0059014885 0.086944915 0.011211229 0.0024987115 0.03342157 0.010065833 0.00020610508 0.027493134 0.004599188 0.004415305 0.0006118368 0.0031277698 0.0058741285 0.012526892 0.00012162832 0.015900722 0.003355191 0.01931461 0.001174095 0.0030744744 0.006826871 0.0008334167 0.002663549 0.028206402 0.0008362546 0.00059402746 0.00052592944 0.00031403455 0.004338403 0.005304245 0.0059183994 0.00976001 0.004193603 0.00043471414 0.0026944117 0.0057405704 0.017876161 0.00021122182 8.471169e-05 0.01030843 0.014790102 0.0007492993 0.00023576154 0.0005336976 0.0049686036 0.0010005308 0.000482966 0.0001520415 0.00023520166 0.004031005 5.5336794e-05 3.269532e-07 0.00026450463 0.00022527759 0.0028775618 0.00034547917 8.2060375e-05 0.0011173949 0.012745969 0.00024959297 0.00061975484 0.005113212 3.312445e-05 0.00041258492 0.00047705098 0.0074677784 0.010836072 0.016056664 8.833843e-05
0.012957774 0.6325438 0.6882026 0.19929868 1.03293687e-22 0.2637472 0.093127035 0.0738516 0.15960352 0.053484015 0.37044927 0.1914704 0.734691 0.27924135 0.028712302 0.02057515 0.41784254 0.40556896 0.7279216 0.08270277 0.007963447 0.0025262472 0.0065764226 0.004330795 0.013447695 0.0039415644 0.0071341577 0.09411798 0.009529107 0.40930513 0.00549395 0.05648533 0.0064943954 0.001028593 0.009372837 0.13532022 0.005701557 0.000540609 0.001249646 0.0018544187 0.0074707703 0.0024227086 0.0112295905 0.13779634 0.00020010347 0.2427498 0.010198302 1.7155133e-05 0.00012817203 0.14649527 0.00015613857 0.0036774753 0.00029229923 2.977593e-05 0.00056864496 0.053492475 0.00021398187 0.00023556578 3.6807556e-05 5.550016e-05 7.124642e-05 0.00013625715 0.0585835 0.024954412 3.14462e-05 0.0001057576 4.8391157e-05 0.0019512232 0.018632885 8.065462e-06 1.8030776e-05 0.03455041 0.049094804 0.0001838897 3.7495722e-06 7.249873e-05 0.038673602 0.00053653267 1.2183119e-05 1.9389319e-07 0.00024911758 0.004024304 1.7895134e-07 3.6297119e-09 0.00012560381 1.8780214e-05 0.010114954 0.00035092485 1.2707778e-05 0.008793523 0.032540753 6.690422e-07 2.8177237e-06 0.009208751 1.8338288e-06 5.4378437e-05 7.643785e-05 0.006629409 0.055338524 0.007138006 6.6911205e-08
0.02013627 0.057847235 0.72412467 0.4752201 0.2637472 5.1062822e-20 0.005780942 0.68475205 0.5655358 0.50648904 0.004206489 0.7950029 0.5521545 0.22086121 0.3675889 0.00013525909 0.0033029295 0.6214597 0.021883942 0.31178913 0.20315649 9.3399416e-05 0.37297708 0.15087213 0.21965508 0.14742662 0.19779901 0.0009099 0.019198466 0.3096947 0.05365263 0.2816165 0.04490571 0.07594031 0.0535061 0.001957958 0.07820562 0.067803234 9.350284e-06 0.11088759 0.022769466 0.024644734 0.0003508342 0.0058283852 0.021585548 0.0133858165 0.00020355046 0.018427748 0.0084412545 0.042005118 0.0015207296 0.010660655 0.007202479 0.0026568994 0.0049628783 0.23854154 0.0026084664 0.0013433095 0.00075138087 0.0006418024 0.004649343 0.004401895 0.015081005 0.06925118 0.0029935306 0.00059806526 0.0027465273 0.010656346 0.14259537 0.00018180732 7.771832e-05 0.0076681906 0.013917813 0.0017194451 8.749529e-05 0.0006560349 0.039589226 0.0030223802 0.0007687293 5.1541847e-05 0.0011221144 0.010590382 3.1376763e-05 4.820015e-07 0.0008851983 0.00016400364 0.022420676 0.0014779505 1.397461e-05 0.00023444273 0.0072794366 7.1165676e-05 0.0002787033 0.000945212 1.5692714e-05 0.0002029101 0.0012339451 0.0027647808 0.009266944 0.023653299 8.560376e-06
1.2721134e-06 0.4809922 0.09282268 0.07260518 0.093127035 0.005780942 1.5528646e-23 0.0032460801 0.045474615 0.008303588 0.27967006 0.0017660056 0.011280554 0.3752078 0.0015683611 0.19734469 0.058999002 0.0026136274 0.060656548 0.09840464 0.00010863388 0.5211708 0.0024439907 4.1924133e-05 0.0037085563 3.0211711e-05 0.00052560127 0.012143228 0.22132595 0.001521064 0.024285592 0.00019811463 2.409632e-05 0.004276031 5.0151546e-05 0.005981956 0.00074599666 6.0943723e-05 0.00513202 8.272181e-05 6.0068665e-05 4.7925318e-05 0.0028609724 0.0041991337 2.7460006e-05 0.0027714123 0.0010098105 7.8985695e-06 5.8749574e-05 0.001024821 9.018509e-05 8.0858445e-05 9.58954e-05 2.4617268e-05 4.189192e-05 0.00024763338 0.00013968116 0.00023899876 3.108693e-05 4.4416047e-05 1.155324e-05 3.49082e-05 0.0011011797 0.0005516068 8.1922684e-05 0.000116463474 3.745846e-05 0.00023557634 0.00048152026 4.225921e-06 1.8268578e-05 0.009818668 0.006654242 3.4945544e-05 1.5231054e-06 1.0429563e-05 0.00019260655 3.420133e-05 3.6554131e-06 1.4579915e-06 1.9438625e-05 8.6680295e-05 1.6293224e-07 1.4402707e-09 1.8614512e-05 1.5282425e-05 3.8038805e-05 1.3206967e-05 4.877151e-06 0.0007581087 0.014184686 1.9849257e-07 8.2797175e-07 0.0055639273 1.775059e-07 2.9713256e-06 2.3165658e-06 0.00394613 0.0046557323 0.00019229251 1.03298765e-08
0.0045989905 0.02476604 0.3148858 0.15174745 0.0738516 0.68475205 0.0032460801 5.0386636e-24 0.18900858 0.5192025 0.00016994162 0.72940296 0.28944397 0.05074906 0.6519628 2.6242358e-05 0.00015050423 0.43022108 0.011082092 0.13378972 0.7273173 2.938657e-05 0.42047527 0.39955804 0.16937062 0.18860762 0.35784057 0.00014497791 0.0027653214 0.23418462 0.017776046 0.3838279 0.054221522 0.034055438 0.111994475 0.0009772533 0.085891314 0.17371957 6.4835567e-06 0.21155976 0.035427574 0.07433954 0.00013389878 0.0041030245 0.07477617 0.0077085868 1.3152192e-05 0.01635122 0.023340037 0.045909986 0.0047731586 0.020949269 0.020167725 0.009401901 0.0231437 0.09292509 0.0042861355 0.0030783177 0.0025787668 0.0014246098 0.012535861 0.0072232042 0.019552253 0.04363502 0.007862878 0.0026832875 0.004126566 0.03786544 0.119671665 0.0007712698 0.0005650162 0.0035446195 0.004000789 0.0077770036 0.00027570862 0.0030604827 0.02827105 0.010283563 0.0009079263 7.796955e-05 0.0032515223 0.042096473 0.00024412014 2.249459e-06 0.002989196 0.00016929329 0.015662678 0.005323513 2.02043e-05 3.8731094e-05 0.004329397 5.3147745e-05 7.793029e-05 0.00050655357 6.505463e-06 0.00038378613 0.0011448464 0.0008725395 0.00520657 0.02669867 2.3091203e-05
0.001616388 0.057604007 0.5610396 0.5532992 0.15960352 0.5655358 0.045474615 0.18900858 1.4449906e-23 0.57746005 0.00012504088 0.37072748 0.30920956 0.60436285 0.29404804 5.620093e-05 8.946211e-05 0.31398052 0.002890643 0.6105975 0.057982888 3.62765e-05 0.39150086 0.040493965 0.32841414 0.021649567 0.1093299 6.664664e-05 0.19840422 0.0749134 0.24968465 0.04060653 0.010340577 0.2219432 0.020597702 0.00016993028 0.033692498 0.0037874524 7.390968e-07 0.04393923 0.004992712 0.0040807487 6.97964e-05 0.00090936734 0.0049812314 0.0016152908 1.5747352e-06 0.058379862 0.0008125353 0.0040160134 0.00031810586 0.0023300694 0.008475274 0.000121354075 0.00067225454 0.00821346 0.00020407565 0.00017761592 0.00011363808 6.652021e-05 0.0008504397 0.0006497134 0.0018759184 0.0031457185 0.001861974 7.4392396e-05 0.0001944681 0.0015309886 0.004372682 2.7304732e-05 1.28555985e-05 0.0013528166 0.00040320793 7.071801e-05 8.1928965e-06 5.4572633e-05 0.0015120162 0.00043655795 5.1873772e-05 0.00042611762 1.9172587e-05 0.00078821887 1.6818741e-06 2.3646315e-08 2.3592267e-05 8.058389e-06 0.0012806226 3.7879847e-05 7.3404055e-07 4.3204873e-06 0.00022980823 3.1713382e-06 1.9748788e-05 0.00046257983 1.3206954e-07 1.1531577e-05 4.5050765e-06 0.0007531799 0.0024128377 0.00084201 4.2796898e-07
0.0017993769 0.030720165 0.36303005 0.49177247 0.053484015 0.50648904 0.008303588 0.5192025 0.57746005 2.7846973e-23 0.00014681015 0.408228 0.14111656 0.22967602 0.7204717 6.519372e-05 8.784922e-05 0.25809905 0.004564026 0.31070903 0.2590623 3.008113e-05 0.6101896 0.12685277 0.4420844 0.08233314 0.4459 0.00020210438 0.057159875 0.070704795 0.13495952 0.114124864 0.031758934 0.23058902 0.063643456 0.00049522286 0.15858346 0.07144964 5.727849e-06 0.20958148 0.01593193 0.032217786 0.00018783448 0.0018210266 0.07289301 0.0020957459 5.5983023e-06 0.08213057 0.01682889 0.007497278 0.0019364976 0.008550468 0.057622988 0.005470736 0.0045208833 0.01378346 0.0018506979 0.0018036349 0.001385687 0.00092026143 0.022012955 0.0082635395 0.0029822837 0.005988438 0.022268951 0.0009879298 0.0033856719 0.010434066 0.015456931 0.00043239316 0.00013859612 0.0023042632 0.00097077055 0.002811624 0.00014497004 0.0010996003 0.0030769915 0.0034563967 0.0008293999 0.0008700898 0.00071355246 0.010873691 0.00022281572 1.3608865e-05 0.00073792663 0.00016186216 0.0024056267 0.001124234 3.9087367e-06 8.551173e-06 0.0011780064 5.9102433e-05 8.0132086e-05 0.0005701146 1.7504275e-06 0.00019536502 0.00018741436 0.00037208805 0.0008309493 0.0064966627 2.3873621e-05
0.00012909675 0.50700194 0.03856406 0.0066120108 0.37044927 0.004206489 0.27967006 0.00016994162 0.00012504088 0.00014681015 4.1108808e-26 0.002035433 0.021403898 0.0029166602 3.2844237e-05 0.3619821 0.65942293 0.003948651 0.42318252 6.613631e-05 9.445249e-06 0.10105562 2.9713243e-05 2.877652e-05 2.1157695e-05 6.7787482e-06 1.5709904e-05 0.48452225 0.00017031236 0.005546981 6.9443345e-06 0.0013144594 4.5505567e-05 2.5943378e-05 0.00019772071 0.28505626 6.3854946e-05 0.000108857166 0.1876788 1.6815093e-05 0.00018028052 0.00022749964 0.121512145 0.04165452 6.761593e-06 0.056024574 0.05028107 3.525766e-07 1.6672753e-05 0.0055560316 1.9300765e-05 0.00026261824 6.8339077e-06 2.9197101e-06 6.0820923e-05 0.0005311344 9.894694e-06 8.899218e-06 1.3302513e-06 1.4443375e-06 6.043492e-07 7.7666454e-07 0.0043038037 0.00053152157 1.8050105e-06 1.9026995e-05 1.1678032e-06 0.00044000414 0.0009896549 1.3292018e-07 8.1922207e-07 0.08508903 0.03259598 1.6240929e-05 4.1150685e-08 5.2427135e-06 0.00066111056 0.00014629541 3.268277e-08 6.012288e-07 1.0931298e-05 0.0003683414 2.153353e-09 9.665095e-10 9.131063e-06 2.7831945e-06 0.00020524887 1.1564109e-05 6.5105525e-08 0.002653013 0.02743443 5.789674e-09 3.1630922e-08 0.008695469 4.4221453e-09 7.4705696e-07 4.6406404e-07 0.0026288999 0.008934067 0.00038674197 3.3764347e-10
0.028157076 0.037569802 0.30781007 0.15672734 0.1914704 0.7950029 0.0017660056 0.72940296 0.37072748 0.408228 0.002035433 3.0541045e-21 0.62631696 0.059991874 0.30292025 3.4560617e-05 0.0019895986 0.7942664 0.029568423 0.14529872 0.33985403 1.4245818e-05 0.36738098 0.4180464 0.11627432 0.36934143 0.23823848 0.0005912208 0.0031130498 0.46077064 0.019426947 0.65867275 0.1386508 0.02886688 0.18723713 0.0016193294 0.10921209 0.27039677 1.8041209e-06 0.25992158 0.08920587 0.114052646 0.00025383002 0.0085981395 0.072698034 0.017026218 0.00010999988 0.007256944 0.031250063 0.08041631 0.0052377037 0.04059728 0.008501628 0.010111684 0.022285676 0.45000717 0.0086912075 0.004520452 0.0019987947 0.003488063 0.0035618474 0.0072989357 0.025508054 0.17282291 0.0026464744 0.0036295762 0.0031266275 0.055966962 0.3797267 0.00079718925 0.00069022365 0.010564996 0.0116932355 0.0063934783 0.00043874292 0.0024970726 0.12346523 0.01050441 0.0019338501 5.421227e-05 0.0032358097 0.036897022 5.0978007e-05 1.7753614e-06 0.0042581744 0.00044563616 0.122318886 0.0049743834 7.4087664e-05 0.00017894019 0.0074102962 8.059884e-05 0.00020449764 0.00061659084 5.0215294e-05 0.0005337469 0.0032196506 0.0021043578 0.021143876 0.06323825 1.5533233e-05
0.07802052 0.22077891 0.5428622 0.27451327 0.734691 0.5521545 0.011280554 0.28944397 0.30920956 0.14111656 0.021403898 0.62631696 6.5897195e-20 0.216632 0.09066957 0.00056009967 0.03369666 0.8661508 0.38378754 0.1433458 0.05138932 0.0002639505 0.03271973 0.04836162 0.05181181 0.042540994 0.015590555 0.007693799 0.015294498 0.7313502 0.021085294 0.42063472 0.033005763 0.008218757 0.041681163 0.036015548 0.01579818 0.009782384 0.00019606401 0.013878415 0.032424085 0.01630413 0.0034609076 0.07975206 0.0020978577 0.14289464 0.00384256 0.00048574558 0.0022828684 0.27483493 0.0009879109 0.019644862 0.0016634564 0.0004563229 0.0013961216 0.39293927 0.0011782895 0.0008461024 0.0001838536 0.0003531556 0.0006979034 0.00077509 0.11904126 0.13910103 0.0003798912 0.0004795369 0.00024462564 0.008117879 0.098919995 5.4382846e-05 0.00019219039 0.020762589 0.0387665 0.0018770852 3.83779e-05 0.00071097707 0.17432554 0.0039901338 9.959834e-05 1.7245746e-05 0.002660886 0.01249503 3.0765468e-06 1.8216892e-07 0.0018741839 0.0002281436 0.06211634 0.002696918 4.4048422e-05 0.003418532 0.03441784 1.661008e-05 0.00021044571 0.004769288 9.429822e-06 0.00021663123 0.001861618 0.004322075 0.11511831 0.04631653 1.9322783e-06
0.00018489714 0.2650859 0.48022905 0.46948054 0.27924135 0.22086121 0.3752078 0.05074906 0.60436285 0.22967602 0.0029166602 0.059991874 0.216632 7.6784455e-24 0.09679823 0.0032649052 0.0013157519 0.08826808 0.07305762 0.73625964 0.0094254585 0.0053734765 0.09884347 0.005695068 0.11213367 0.0025914707 0.022119619 0.00128521 0.32111445 0.039515365 0.22567207 0.007852907 0.0034940513 0.09053873 0.003558364 0.002328588 0.011340716 0.00092897646 0.0005613539 0.0038092062 0.0021885429 0.0008446658 0.0008813026 0.0076134955 0.0008893636 0.011539675 0.00011673758 0.020885808 0.0015003032 0.016216671 0.0005413984 0.0008978143 0.0027680008 0.00039052515 0.00028833508 0.008525096 0.0007556304 0.0008551198 0.00047955103 0.00018626543 0.0010794166 0.0012135825 0.009196859 0.0057874285 0.0013301885 0.0002625321 0.00034626716 0.0019720737 0.009142504 0.00011948018 0.00013020175 0.007597419 0.006438785 0.00020238964 2.3395256e-05 7.438494e-05 0.007886926 0.0006757442 0.00019364532 0.00013651859 0.00018991635 0.0011276865 4.2413362e-06 3.0781838e-08 0.000113735005 4.1363965e-05 0.0016808857 8.74726e-05 2.7283504e-06 1.5135814e-05 0.011967296 9.386575e-06 2.220293e-05 0.0023803804 5.268003e-08 6.0190378e-06 2.1511764e-06 0.003130939 0.04082077 0.00076465745 4.6719236e-07
0.0034770898 0.012896096 0.15938006 0.3009202 0.028712302 0.3675889 0.0015683611 0.6519628 0.29404804 0.7204717 3.2844237e-05 0.30292025 0.09066957 0.09679823 1.7088036e-22 3.8744245e-05 5.7575744e-05 0.17924243 0.0016946807 0.14101964 0.55415344 3.664113e-05 0.55144686 0.20289084 0.24534798 0.18063633 0.5920944 6.8463254e-05 0.0062835696 0.058951337 0.038843833 0.10173635 0.026792893 0.081055366 0.053603876 0.00035592084 0.21922238 0.15746774 5.192408e-06 0.3536185 0.013450228 0.040173803 0.00014070071 0.0018018571 0.13243744 0.002552704 4.9861997e-06 0.03328284 0.03929943 0.0115158465 0.0054872977 0.0059492122 0.06241305 0.02227405 0.01972482 0.025831154 0.006857497 0.004711617 0.006833778 0.0035029594 0.033577375 0.021353371 0.0056314273 0.007941536 0.024524683 0.004337003 0.010136144 0.026174681 0.021244958 0.0019850233 0.0007037143 0.0028301908 0.0008011868 0.0104739545 0.0008339697 0.0032432596 0.005274527 0.008601966 0.002159493 0.0004089229 0.0029882211 0.017130839 0.000849764 1.9754325e-05 0.0024473614 0.00074283744 0.0027358155 0.0026389428 5.794564e-05 1.5669355e-05 0.0019751352 0.00022006284 0.0002835732 0.00036999822 5.714643e-05 0.0004700977 0.00047924885 0.00033783054 0.0013428158 0.009482429 0.00020076675
1.24176225e-08 0.15434723 0.0039910814 0.0009796207 0.02057515 0.00013525909 0.19734469 2.6242358e-05 5.620093e-05 6.519372e-05 0.3619821 3.4560617e-05 0.00056009967 0.0032649052 3.8744245e-05 5.483054e-26 0.07924495 5.886404e-05 0.024539063 3.09766e-05 1.874796e-06 0.49023724 2.4519306e-05 5.6976614e-06 1.2986846e-05 2.1656638e-06 9.7694065e-06 0.029195733 7.985874e-05 7.579652e-05 2.9767882e-06 1.549531e-05 3.1784416e-06 6.6501266e-06 7.42285e-06 0.008956619 2.0166877e-05 4.0051662e-05 0.049044054 9.920347e-06 2.8190505e-05 1.0538564e-05 0.008179711 0.0021541133 5.267828e-06 0.0021870853 0.0018097569 1.5629556e-08 1.4678726e-05 0.00052653765 2.6606775e-05 1.12075495e-05 6.810248e-07 1.4956771e-06 5.97606e-06 6.635003e-05 1.1638447e-05 1.6736985e-05 1.4655052e-06 2.1590029e-06 3.05831e-08 8.409976e-07 0.0005417987 7.887207e-05 7.1486156e-08 1.4608341e-05 4.6335117e-07 2.3693347e-05 0.00016680507 2.5895866e-07 2.0469292e-06 0.018860392 0.009706091 9.300437e-06 7.882398e-08 4.6690448e-06 4.1701744e-05 9.0765225e-06 3.6514965e-08 2.2197986e-08 3.8766843e-06 3.955327e-05 5.175327e-10 4.4550474e-11 5.765582e-06 7.825254e-07 3.3681283e-06 3.712365e-06 1.4588822e-07 0.0006140212 0.01439192 8.460813e-10 7.615901e-09 0.006252602 3.7250056e-09 3.3067664e-07 7.0614654e-08 0.003930279 0.002040815 8.133803e-05 3.743037e-10
0.00048383797 0.31800267 0.030174974 0.0030557944 0.41784254 0.0033029295 0.058999002 0.00015050423 8.946211e-05 8.784922e-05 0.65942293 0.0019895986 0.03369666 0.0013157519 5.7575744e-05 0.07924495 2.0103284e-25 0.003566453 0.617799 4.9025024e-05 9.119724e-06 0.0054558455 3.6067762e-05 4.814746e-05 2.4520545e-05 4.372033e-06 5.48546e-05 0.53638947 5.133559e-06 0.02776472 7.2018213e-07 0.001604646 4.2325417e-05 3.5644414e-06 0.00016997581 0.47123712 7.229878e-05 2.4234292e-05 0.069461666 1.6968792e-05 0.0002233527 6.035204e-05 0.12239304 0.12716131 6.1919945e-06 0.13679251 0.06426596 1.4911261e-07 2.2098523e-06 0.01559716 7.611426e-06 4.686543e-05 5.4498746e-06 5.6190316e-07 3.8136986e-05 0.00059918506 3.599486e-06 4.6666005e-06 1.1675817e-06 2.4344135e-07 4.6197098e-07 1.8691919e-06 0.0072253984 0.00067092944 9.57406e-07 4.677646e-06 2.5533432e-06 7.483163e-05 0.0013737325 1.0861652e-07 4.0978156e-07 0.16288826 0.059442006 7.657834e-06 1.5508016e-08 5.2099176e-06 0.0015214689 3.1781397e-05 7.748597e-08 3.0805097e-08 7.183127e-06 0.00018714073 3.5076655e-09 1.01745085e-10 7.0087513e-06 3.824917e-07 0.00011732274 9.890373e-06 3.7807755e-08 0.0011629667 0.027652768 2.2434172e-08 9.554398e-08 0.00681787 2.9067813e-09 1.5244548e-07 8.702531e-08 0.002094798 0.016172415 0.00039257365 7.292383e-10
0.069174685 0.04807459 0.39535317 0.25436077 0.40556896 0.6214597 0.0026136274 0.43022108 0.31398052 0.25809905 0.003948651 0.7942664 0.8661508 0.08826808 0.17924243 5.886404e-05 0.003566453 5.7861756e-20 0.07397458 0.13115501 0.1507804 6.5194465e-05 0.11275062 0.1744135 0.075424805 0.15566786 0.06379635 0.0013999861 0.0045297286 0.6350321 0.021885846 0.55769783 0.07745608 0.018445445 0.08404958 0.0042721666 0.019134946 0.06961168 3.8480935e-06 0.06363462 0.057708114 0.044484947 0.0005546905 0.015486367 0.011396079 0.04692335 0.0003696436 0.000662519 0.0057771443 0.13379048 0.0010318506 0.038062077 0.0020376325 0.0016830215 0.0037901818 0.48490754 0.002068727 0.0009931214 0.0003345802 0.0004491191 0.00062194944 0.0014602381 0.05920923 0.188969 0.0005602511 0.00040114406 0.000377866 0.022421783 0.2677108 0.00015611043 9.8092845e-05 0.009531443 0.010929959 0.0013170342 8.8501e-05 0.0005156948 0.22873412 0.004860199 0.0002762168 0.00012937233 0.0010058846 0.026376715 8.93658e-06 2.144372e-06 0.001158031 0.000113855254 0.17761329 0.0015530485 2.2343398e-05 0.00030896222 0.009240037 3.6647136e-05 0.00016350983 0.000521608 1.1494323e-05 0.0001261327 0.0007680145 0.001323648 0.04219699 0.029432593 4.6155287e-06
0.05147923 0.4690089 0.16173902 0.032523993 0.7279216 0.021883942 0.060656548 0.011082092 0.002890643 0.004564026 0.42318252 0.029568423 0.38378754 0.07305762 0.0016946807 0.024539063 0.617799 0.07397458 1.7801254e-21 0.0047113625 0.0002799719 0.002278151 0.0011108116 0.00023814736 0.0019557774 0.00011908873 0.0006494519 0.34173235 0.001859652 0.4783871 0.0003767638 0.026891634 0.00089017017 0.0002123045 0.0013421071 0.45381528 0.0011400172 3.183822e-05 0.0024737387 0.0002256427 0.001658066 0.00029352272 0.033702973 0.45779356 2.0941614e-05 0.50767875 0.05834595 1.1444342e-06 4.8277875e-06 0.2637566 4.182379e-06 0.00082051026 2.0710946e-05 3.4569437e-06 2.8855447e-05 0.011001579 3.9765846e-06 2.7075948e-05 1.2029083e-05 6.777132e-06 1.976304e-06 1.7668057e-05 0.105864204 0.008839561 6.748593e-06 1.0900077e-05 3.9103314e-05 0.00016324075 0.0030322713 4.954793e-07 7.98948e-06 0.077254005 0.07730401 2.975298e-06 4.0219e-07 6.7402566e-06 0.01564869 5.76948e-05 7.060442e-06 6.7171334e-07 9.194477e-06 0.0005930047 1.6175899e-07 2.1763729e-09 7.0496294e-06 1.0615629e-05 0.0018697804 7.07924e-06 3.4251786e-07 0.002461234 0.07067089 5.538589e-07 7.098263e-06 0.0059930254 3.5962688e-07 3.8886114e-06 1.9854066e-07 0.010263644 0.07789987 0.000498572 1.2814164e-07
0.0002038885 0.046101127 0.38040492 0.35510686 0.08270277 0.31178913 0.09840464 0.13378972 0.6105975 0.31070903 6.613631e-05 0.14529872 0.1433458 0.73625964 0.14101964 3.09766e-05 4.9025024e-05 0.13115501 0.0047113625 3.2706887e-24 0.031344257 0.00016651009 0.22306544 0.021321077 0.33054236 0.007679398 0.074464045 7.019692e-05 0.3885884 0.02675967 0.3528155 0.017754132 0.0051742815 0.33419937 0.00852695 0.00021014149 0.033543643 0.0072513367 2.8836093e-06 0.01465773 0.0028779127 0.0022695747 6.930702e-05 0.0013359947 0.0018278837 0.0015936153 2.313616e-06 0.09505921 0.0029910638 0.008298715 0.0015578271 0.0022509817 0.0046428675 0.00048724582 0.0008270256 0.0057401676 0.00085936143 0.0016582051 0.0003622307 0.00044166434 0.0009775544 0.00020603609 0.0038270794 0.0073973644 0.0021280125 0.00018997902 6.6032e-05 0.001996025 0.011590365 9.200156e-05 0.00027897212 0.0004490356 0.0002571873 0.00022245842 2.3008859e-05 0.00011856496 0.006078932 0.0018123735 4.560884e-05 0.00046067446 0.0001518369 0.0010157184 1.4833599e-06 7.35724e-07 9.600291e-05 6.036729e-05 0.005650522 0.00010998772 3.7266107e-06 6.0653684e-07 0.00027333535 1.2323774e-06 5.115677e-06 3.0083567e-05 7.07469e-08 2.1982726e-06 1.2066236e-06 6.2906734e-06 0.0033831755 0.0007084328 6.491126e-07
0.002390569 0.0022627516 0.037905063 0.043591417 0.007963447 0.20315649 0.00010863388 0.7273173 0.057982888 0.2590623 9.445249e-06 0.33985403 0.05138932 0.0094254585 0.55415344 1.874796e-06 9.119724e-06 0.1507804 0.0002799719 0.031344257 2.521393e-24 3.0771334e-06 0.41376144 0.7908178 0.13280958 0.8442518 0.6103305 1.7871822e-05 0.00023223502 0.04786486 0.0031864753 0.15318736 0.0923064 0.018591579 0.11316165 7.2410774e-05 0.38465846 0.24271359 5.864747e-07 0.41115916 0.03319877 0.07617352 1.618167e-05 0.0006802593 0.12287498 0.0017113741 9.856761e-07 0.015223253 0.035176113 0.00866684 0.005418682 0.013787646 0.036801934 0.016396986 0.037348066 0.028531475 0.0062906086 0.0024810475 0.0061297445 0.002269857 0.02299355 0.017489593 0.0045112125 0.01915034 0.0135799805 0.006115232 0.011306197 0.034486603 0.057945073 0.0034221546 0.00045737423 0.0011958095 0.0006908898 0.008668163 0.0013098462 0.0026190155 0.013547022 0.006467334 0.0022094003 3.708917e-05 0.0037543636 0.02218875 0.00092561636 4.1096405e-06 0.0027578145 0.00024177773 0.008048758 0.0044010887 3.1628857e-05 3.5430862e-06 0.0011612066 0.00023538702 0.00016200315 1.0537519e-05 1.1707745e-05 0.00034355908 0.00084444263 4.4601835e-05 0.0019191934 0.03504327 1.6812062e-05
6.085236e-09 0.060099717 0.0024027308 0.0018392426 0.0025262472 9.3399416e-05 0.5211708 2.938657e-05 3.62765e-05 3.008113e-05 0.10105562 1.4245818e-05 0.0002639505 0.0053734765 3.664113e-05 0.49023724 0.0054558455 6.5194465e-05 0.002278151 0.00016651009 3.0771334e-06 1.5540711e-26 4.8217436e-07 1.28345655e-05 1.5453894e-06 5.168577e-07 3.204354e-06 0.003232617 0.00015442977 5.1412982e-05 3.1079767e-06 3.5585995e-06 8.324249e-06 2.3493915e-06 2.620673e-06 0.00037443195 3.1114425e-05 3.1563393e-06 0.039522465 2.3053445e-07 7.3872156e-06 1.540133e-05 0.0040717493 0.0011516912 1.0423815e-07 0.00029125632 0.00016856605 6.6557476e-08 1.4762627e-06 0.00016443354 2.275735e-05 4.2530864e-06 4.0949693e-08 5.1429378e-08 1.6419464e-05 3.1633957e-05 2.5264155e-06 4.9198015e-06 6.345462e-08 1.7442926e-07 2.4246611e-09 1.7777214e-08 7.062317e-05 1.0940136e-06 1.0494129e-08 3.3588392e-06 1.7964137e-08 1.210757e-06 3.4428474e-05 3.9934296e-09 5.3730145e-07 0.0014416832 0.0011223087 3.9123634e-07 8.310439e-10 5.192014e-07 3.1896188e-06 1.6278639e-07 9.207928e-10 1.72654e-08 6.3058616e-07 7.792981e-06 4.310646e-12 1.2272033e-09 1.8463019e-06 9.1994046e-08 7.107489e-06 6.0857324e-06 2.3337016e-08 0.00017276075 0.0028436286 2.9168973e-11 9.897316e-10 0.0028587456 8.056843e-10 5.8931807e-08 5.1736247e-06 0.0017956792 0.0011247897 0.0013439085 1.1116471e-11
0.000103015445 0.012529562 0.08285657 0.19391142 0.0065764226 0.37297708 0.0024439907 0.42047527 0.39150086 0.6101896 2.9713243e-05 0.36738098 0.03271973 0.09884347 0.55144686 2.4519306e-05 3.6067762e-05 0.11275062 0.0011108116 0.22306544 0.41376144 4.8217436e-07 6.742522e-26 0.2091534 0.84176195 0.13588701 0.7162847 1.5113571e-05 0.016004974 0.034404002 0.0745079 0.07871433 0.047200132 0.18371221 0.04927388 0.00033877586 0.36231226 0.12525044 7.965538e-08 0.37308162 0.010612432 0.02204445 2.0459878e-05 0.0045101284 0.11819295 0.00079408014 1.1520591e-06 0.13053422 0.055071555 0.003755739 0.016894072 0.004846448 0.08309291 0.01678743 0.010126589 0.00745394 0.012275008 0.009153532 0.0047631795 0.005058236 0.03410971 0.0072930558 0.003854597 0.0058246297 0.030737417 0.0041390974 0.0042597502 0.0094674025 0.008204297 0.0011180866 0.0016296792 0.0032273545 7.046716e-05 0.004115228 0.00024192303 0.001994417 0.004169898 0.00548317 0.00044194853 0.0015935537 0.001343004 0.008146512 0.00040024435 0.00022769826 0.0010716607 0.00039221536 0.0029641355 0.0016645499 6.693091e-05 5.0713084e-06 0.0017522299 2.4790548e-05 2.5644504e-05 0.00012334391 7.003553e-06 0.00011926264 4.5387806e-05 1.1606647e-05 0.00027537675 0.002302819 1.676496e-05
0.03370029 0.001564812 0.020006027 0.023388281 0.004330795 0.15087213 4.1924133e-05 0.39955804 0.040493965 0.12685277 2.877652e-05 0.4180464 0.04836162 0.005695068 0.20289084 5.6976614e-06 4.814746e-05 0.1744135 0.00023814736 0.021321077 0.7908178 1.28345655e-05 0.2091534 1.1176345e-21 0.06382086 0.7912618 0.28110817 1.9443447e-05 0.00019749852 0.059741877 0.0010722311 0.30403686 0.5650986 0.013705899 0.51335275 1.7374276e-05 0.21685138 0.3931989 4.926353e-07 0.2401582 0.21121898 0.2212473 2.0843545e-05 0.00037204 0.12037477 0.001150899 1.1306828e-06 0.0056068227 0.078418076 0.007474209 0.026645632 0.06774232 0.03391489 0.034723345 0.051813636 0.12800768 0.022861276 0.008883324 0.017233457 0.011616033 0.02364868 0.014643082 0.0035186738 0.04058897 0.014715645 0.010856838 0.008807022 0.049450304 0.3450223 0.0074047935 0.0022482164 0.00040862532 0.0011150311 0.010455676 0.004329273 0.0044962997 0.014583316 0.009746914 0.006751294 1.764152e-05 0.0050324174 0.046892025 0.0017106235 2.569764e-06 0.0045761857 0.0010098336 0.022623222 0.006263222 0.00011035313 4.018413e-06 0.0004430227 0.00051432033 0.0010476381 1.1734103e-05 8.07417e-05 0.0007997371 0.0058648926 4.3154738e-05 0.0023724553 0.12158482 7.983201e-05
4.2328043e-05 0.0065094293 0.124921024 0.1458619 0.013447695 0.21965508 0.0037085563 0.16937062 0.32841414 0.4420844 2.1157695e-05 0.11627432 0.05181181 0.11213367 0.24534798 1.2986846e-05 2.4520545e-05 0.075424805 0.0019557774 0.33054236 0.13280958 1.5453894e-06 0.84176195 0.06382086 1.0930264e-24 0.030084727 0.32338724 2.3466204e-05 0.06009841 0.017300833 0.16236708 0.027491057 0.015485688 0.45005852 0.0129346745 0.00018033796 0.15977713 0.042580727 1.0650508e-06 0.13255998 0.004614838 0.008253942 1.8028815e-05 0.0010569092 0.042067524 0.0006096052 9.661101e-07 0.24728295 0.019025927 0.005100578 0.008496356 0.0034823976 0.053847402 0.0040154597 0.0030077617 0.0031854575 0.0064260964 0.007614668 0.0015961737 0.0024336944 0.014259711 0.0016924776 0.0037981786 0.0045053824 0.021442186 0.0019630687 0.0016999689 0.0063592875 0.010530709 0.00029941218 0.002023969 0.000339596 9.491585e-05 0.0014988622 7.6287324e-05 0.0015783248 0.0035240857 0.0019258948 0.00015165152 0.0034664716 0.0006493327 0.004977185 0.00019445052 0.00026677805 0.00057908264 0.0007924997 0.002038232 0.0010106192 0.00011969128 1.1114314e-06 0.00038208396 5.4986876e-06 6.4860674e-06 1.6563637e-05 3.6257595e-06 5.6268073e-05 2.2024367e-05 9.0110126e-07 0.00027408035 0.0042209392 5.4548514e-06
0.0050385157 0.0006350137 0.0216655 0.02936779 0.0039415644 0.14742662 3.0211711e-05 0.18860762 0.021649567 0.08233314 6.7787482e-06 0.36934143 0.042540994 0.0025914707 0.18063633 2.1656638e-06 4.372033e-06 0.15566786 0.00011908873 0.007679398 0.8442518 5.168577e-07 0.13588701 0.7912618 0.030084727 2.5105763e-24 0.31500468 1.0565554e-05 9.5574935e-05 0.053053457 0.00029721617 0.28291994 0.18307592 0.0043579424 0.31478617 1.5196806e-05 0.23504299 0.6509263 3.7038018e-07 0.42119497 0.07816812 0.28358185 1.1785141e-05 0.0004934192 0.1681676 0.00093648885 5.203221e-07 0.0038435184 0.1017924 0.009107 0.059050377 0.043369465 0.021201372 0.0421894 0.15046257 0.040563457 0.03117227 0.0131986905 0.018319696 0.0104 0.017288603 0.022475492 0.009608141 0.038128972 0.010548339 0.028955728 0.008216692 0.14054962 0.12732366 0.008802991 0.004533646 0.0019741086 0.0004609329 0.03165905 0.0033662245 0.017370509 0.033862486 0.026145248 0.0039978544 2.1000755e-05 0.013832742 0.090222806 0.0015276101 2.7273488e-06 0.0091015 0.003940429 0.018882502 0.015046628 0.00034756772 1.3461495e-05 0.0018242858 0.00036139824 0.00043596735 0.00013571468 6.17856e-05 0.0024792722 0.005874426 9.951973e-05 0.0032282132 0.10076745 7.7293604e-05
0.00019737273 0.004003635 0.03180951 0.066779755 0.0071341577 0.19779901 0.00052560127 0.35784057 0.1093299 0.4459 1.5709904e-05 0.23823848 0.015590555 0.022119619 0.5920944 9.7694065e-06 5.48546e-05 0.06379635 0.0006494519 0.074464045 0.6103305 3.204354e-06 0.7162847 0.28110817 0.32338724 0.31500468 1.0465839e-24 2.4239242e-05 0.0015000479 0.011757897 0.016035972 0.03969558 0.04217285 0.07727224 0.03865137 0.0004210245 0.8118466 0.20841569 1.529441e-07 0.5195537 0.006474178 0.028686171 7.209456e-05 0.0014386944 0.27993137 0.00032232 2.063639e-06 0.05760994 0.14176238 0.0023667626 0.044639543 0.0036749635 0.14447771 0.056807503 0.03679242 0.005211476 0.037802797 0.01801616 0.020357348 0.012231724 0.075386785 0.03487016 0.0018432788 0.0031507204 0.06989796 0.019732721 0.028294165 0.018937591 0.0082878675 0.007549454 0.0039108307 0.0032135444 0.0003735054 0.009197586 0.0015463411 0.010252452 0.0014967624 0.007917239 0.0035078968 0.0010128355 0.004094584 0.007867747 0.0066515007 0.00020294474 0.0020182952 0.0023434514 0.0007713135 0.0021932211 0.000102488244 1.3423867e-05 0.0010718191 0.0003513317 0.00013532193 0.00045995828 4.0951512e-05 0.0014704886 0.00050853536 7.3875366e-05 0.0004445353 0.009959456 0.00022683389
0.00063905335 0.056089766 0.004221396 0.0008514363 0.09411798 0.0009099 0.012143228 0.00014497791 6.664664e-05 0.00020210438 0.48452225 0.0005912208 0.007693799 0.00128521 6.8463254e-05 0.029195733 0.53638947 0.0013999861 0.34173235 7.019692e-05 1.7871822e-05 0.003232617 1.5113571e-05 1.9443447e-05 2.3466204e-05 1.0565554e-05 2.4239242e-05 2.6262196e-23 1.7315027e-05 0.007836666 1.8463707e-06 0.0009851172 3.8669274e-05 8.7643075e-06 8.738222e-05 0.6482758 1.5398233e-05 9.590801e-05 0.2039777 9.292351e-06 0.00018287048 5.209135e-05 0.60138106 0.088605426 3.0240637e-06 0.060142115 0.29677022 4.911386e-08 4.6982027e-06 0.0058430587 3.6623904e-05 0.0001083972 6.865718e-07 5.703095e-07 4.373991e-05 0.0004499959 1.1369276e-05 8.971506e-06 5.1690256e-07 4.2454863e-07 4.6109527e-08 5.33017e-07 0.004801165 0.00036810277 3.6880394e-07 1.0878175e-05 8.075402e-07 0.00021315005 0.0005174215 4.5222517e-08 9.105631e-07 0.26543382 0.16207427 1.072898e-05 6.8164665e-09 3.8362696e-06 0.0008444825 0.00012501192 2.4686207e-08 1.4215512e-09 1.428455e-05 0.00021056234 5.9884453e-10 2.305318e-11 5.897049e-06 2.4885687e-06 9.0321526e-05 9.501905e-06 1.9662865e-07 0.024221728 0.04572976 2.408786e-09 2.0278376e-08 0.04088561 1.26313955e-08 1.227101e-06 3.6746087e-08 0.021380747 0.01248332 0.00011489551 1.4113544e-10
1.2685148e-07 0.017766276 0.0895222 0.13045058 0.009529107 0.019198466 0.22132595 0.0027653214 0.19840422 0.057159875 0.00017031236 0.0031130498 0.015294498 0.32111445 0.0062835696 7.985874e-05 5.133559e-06 0.0045297286 0.001859652 0.3885884 0.00023223502 0.00015442977 0.016004974 0.00019749852 0.06009841 9.5574935e-05 0.0015000479 1.7315027e-05 1.698208e-26 0.0014241432 0.66101843 0.00017868966 6.5152206e-05 0.09990913 0.000101134094 4.7088357e-05 0.0008064036 0.000106829684 2.6217716e-05 0.00030921277 0.00025344518 0.00012891737 0.00018882698 0.0013882795 9.72649e-05 0.00048811018 3.7273463e-08 0.08074678 0.00013289668 0.0052248845 7.3584684e-05 4.5859848e-05 0.00024032967 4.9289003e-05 4.490645e-05 0.0004995236 6.729816e-05 7.8292775e-05 0.00013783966 1.8120967e-05 1.6541175e-05 2.6002777e-05 0.003214737 0.0026921784 0.00015214608 3.456787e-05 9.038042e-06 0.00019961153 0.001688254 2.2981272e-05 6.492974e-06 0.0005913479 0.0005350014 4.5852892e-05 1.8218186e-06 1.3596333e-05 0.0028116067 8.922635e-05 2.8012971e-06 5.2108346e-05 3.6914145e-05 0.00018265139 4.9508323e-08 2.466799e-08 3.410873e-05 9.4555634e-07 6.4059524e-05 2.5864867e-05 3.1842256e-07 4.5816896e-06 0.00078087114 9.596295e-08 1.4483942e-06 0.00027833515 1.2150461e-08 7.4157067e-09 2.8891721e-08 0.0005087585 0.0013209501 2.6060172e-05 3.3703946e-09
0.044622976 0.052338958 0.21761435 0.073397875 0.40930513 0.3096947 0.001521064 0.23418462 0.0749134 0.070704795 0.005546981 0.46077064 0.7313502 0.039515365 0.058951337 7.579652e-05 0.02776472 0.6350321 0.4783871 0.02675967 0.04786486 5.1412982e-05 0.034404002 0.059741877 0.017300833 0.053053457 0.011757897 0.007836666 0.0014241432 1.6250263e-21 0.0025383704 0.7342313 0.115828685 0.0014652942 0.06101498 0.1470555 0.003758449 0.016816994 4.4520966e-05 0.018536646 0.07342983 0.037217166 0.0014674675 0.21248186 0.0028976093 0.31465104 0.010130114 4.2721014e-05 0.0045182 0.55485976 0.0014817795 0.063502856 0.0010741875 0.0019116529 0.0029715723 0.5766241 0.0019836116 0.0018036866 0.0011639458 0.00071869267 0.00027845064 0.004576336 0.29997596 0.3109468 0.00015741948 0.0022817648 0.0013438573 0.009391625 0.16906555 0.00022501886 0.00020490917 0.054470073 0.062854394 0.0010389031 0.0002403063 0.0007297999 0.36124995 0.0034298734 0.00031562912 1.1020268e-05 0.0012587452 0.009883638 1.9723473e-05 8.817282e-08 0.00050941954 4.3969012e-05 0.14821321 0.00072779955 1.4518565e-05 0.004160016 0.03122697 8.514574e-05 0.00024735933 0.0024701352 1.0164535e-05 2.4294273e-05 0.0002856695 0.015338334 0.152561 0.015521861 7.862765e-06
2.5336527e-07 0.0061387685 0.060601994 0.14365391 0.00549395 0.05365263 0.024285592 0.017776046 0.24968465 0.13495952 6.9443345e-06 0.019426947 0.021085294 0.22567207 0.038843833 2.9767882e-06 7.2018213e-07 0.021885846 0.0003767638 0.3528155 0.0031864753 3.1079767e-06 0.0745079 0.0010722311 0.16236708 0.00029721617 0.016035972 1.8463707e-06 0.66101843 0.0025383704 5.534557e-27 0.0009390802 0.0005290614 0.55511427 0.0003212723 1.3145558e-05 0.008335245 0.00038505386 2.9088278e-07 0.0019815972 0.0011062258 0.00024421446 9.186343e-06 0.00065827597 0.00019092459 0.0013912431 2.8042049e-08 0.11992758 0.00020805861 0.014847917 0.00016256123 0.00058864243 0.0008459935 4.717128e-05 8.406721e-05 0.0071751447 0.00013138546 0.00018583568 6.3040396e-05 2.0048177e-05 1.4513236e-05 1.060097e-05 0.0062567503 0.016572487 0.0005376344 7.368454e-05 3.0045535e-06 0.00027737988 0.01898184 1.2016014e-05 1.0488033e-05 0.00015701944 0.00011343474 7.020114e-05 5.735406e-07 1.2712661e-05 0.011773156 0.00036995145 6.8847316e-07 0.0011842699 6.0254963e-05 0.00065378024 1.3009759e-08 2.875607e-06 4.7446e-05 7.290885e-07 0.008043226 5.1023828e-05 2.7013297e-07 1.0548316e-07 9.979726e-05 1.0045074e-08 1.4695743e-07 3.9568868e-06 4.855433e-09 3.999003e-08 1.8178795e-07 3.6667432e-06 0.0008172078 0.00012359295 3.35057e-09
