5.2997234e-25 0.021388765 0.0038639323 0.047631886 0.011681555 0.00055782514 0.004689183 0.019647297 0.0007803576 0.00029894453 0.007878476 0.06877494 0.00021720881 0.00015893109 5.8175538e-05 0.08855059 0.0009932679 0.00020711824 0.0365527 0.19429408 0.026399098 4.1388543e-07 0.0026988413 2.1137062e-07 9.449785e-05 1.4933042e-06 9.4283973e-07 0.0036120773 0.19249055 1.7024452e-07 0.041380595 0.054514576 8.920431e-07 0.05986171 0.00016014645 3.939416e-08 1.2011276e-06 0.019742407 0.002295108 1.9935905e-08 0.004255643 0.0006661979 0.011625237 0.03252632 8.772407e-05 1.6311897e-05 0.30614117 2.5811824e-08 0.0038206722 0.24587595 0.04883609 0.18464877 0.42404655 3.237985e-08 0.080459096 5.9302767e-12 4.1596846e-05 2.3957332e-08 2.8942116e-13 2.323123e-08 0.0015230788 8.175834e-08 0.032275546 0.00012290008 0.026200179 0.004651303 0.2023452 0.077732876 3.9317597e-06 0.5507913 5.9847145e-09 0.34156638 3.261902e-05 1.0797634e-06 0.7848056 0.5911714 1.4553665e-07 5.5913307e-07 0.33455852 0.0003323325 0.2407876 0.00021459903 5.5812467e-05 0.5699973 0.12475916 0.1563829 0.971701 0.28435108 0.3669046 0.46810383 0.37023547 0.8243334 8.202786e-06 0.975039 0.988737 3.0645142e-06 0.7116943 0.000120121236 0.049565352 0.9724477 2.6367272e-06
0.021388765 1.0925544e-18 0.4554444 0.46321604 0.66019386 0.45630488 0.52467436 0.21868291 0.41748717 0.2129955 0.07322803 0.39856791 0.21539794 0.1470563 0.09389617 0.11909866 0.025451588 0.048370898 0.21783134 0.25908262 0.03294791 0.13322558 0.018388797 0.03328077 0.002184711 0.017693477 0.024709051 0.016164796 0.054308992 0.0028570667 0.004351532 0.008630805 0.0080550965 0.042385593 0.018392645 0.028644392 0.007721518 0.003457132 0.003839106 0.008277441 0.0017639545 0.0057157497 0.0008414101 0.039180893 0.0039936914 0.005517118 0.039012942 5.038453e-05 0.00019372713 0.0100646475 0.0027029174 0.050196815 0.0089163575 3.9372248e-05 0.0011763971 0.0015513721 0.0004119948 8.3514875e-05 1.0546176e-05 0.00047674967 8.437242e-05 0.0005877805 0.0011735284 0.00011994598 0.009393588 0.00011501653 0.017742174 0.0019622985 0.00027107223 0.011994026 3.6994297e-06 0.0013849491 1.0817439e-05 6.0380826e-05 0.005334854 0.002543533 7.273429e-06 7.628277e-06 0.00053904933 2.7931808e-05 0.0008633751 0.00017194041 2.6154037e-05 0.0014360632 0.0006370994 0.00038357152 0.005098643 0.026859606 0.007746559 0.005774616 0.003260759 0.00023032822 1.1967535e-05 0.0131662665 0.00040487348 7.356189e-05 0.005516268 0.00079918856 0.0002669855 0.005279061 1.592299e-05
0.0038639323 0.4554444 4.8574457e-23 0.2235703 0.6151316 0.63120025 0.23215088 0.57706535 0.51024604 0.69205743 0.34719416 0.22664522 0.11268114 0.07083571 0.40758356 0.05080652 0.009133441 0.30382118 0.23781061 0.42820683 0.18609037 0.16835411 0.25116804 0.02030215 0.00037615543 0.0050768764 0.1451165 0.21759728 0.039857507 0.00066076865 0.08405796 0.0054233065 0.074802406 0.011553335 0.21880595 0.0776948 0.10896816 0.09022098 0.08716685 0.038030755 0.03487069 0.11274533 0.02044652 0.083586 0.05075907 0.057425704 0.09611024 0.011756798 0.0036758361 0.0733663 0.03412544 0.036936592 0.01767421 8.6378444e-05 0.0014724272 0.0019030654 9.7688244e-05 0.0015473966 0.0004099311 0.00020880003 0.0026991116 0.0028560776 0.007375172 2.7608998e-05 0.00437681 0.003899342 0.0178689 0.011964027 0.0011718174 0.03217785 5.864473e-05 0.004380907 0.00037918196 0.00055423734 0.0045503723 0.0085067665 8.8583074e-05 8.131546e-05 0.0066428445 0.0007603652 0.0036923687 0.00021651598 0.00073305774 0.004617818 0.000538318 0.0035915864 0.007867004 0.01740755 0.003641567 0.0027982958 0.0043588984 0.0007052612 4.5972338e-05 0.01276909 0.0047179675 4.433207e-06 0.005773033 0.00032050206 0.00029972673 0.005829094 8.281463e-05
0.047631886 0.46321604 0.2235703 1.8475501e-16 0.48619485 0.22160313 0.59378654 0.0805537 0.29245028 0.0871105 0.028001126 0.524412 0.3543128 0.41586474 0.02505702 0.49149418 0.4055116 0.021857642 0.21481766 0.12535961 0.0058096647 0.093022496 0.010494711 0.08185355 0.08837162 0.09567943 0.012295101 0.004749381 0.1652585 0.056531783 0.0046862797 0.12882155 0.005579954 0.23764472 0.015956655 0.011382741 0.0081528155 0.004574399 0.0041060857 0.0029956012 0.0021987718 0.0059753396 0.0009798597 0.022568164 0.0107472455 0.010387541 0.025864385 0.00021458758 0.00040817625 0.0070206327 0.0027327412 0.090822555 0.003819131 0.0018136495 0.035371535 0.00034369066 0.01338054 0.0013602333 2.5010381e-06 0.006641251 0.00084922736 0.0027627803 0.0021131996 0.0032642297 0.06556215 0.00041262567 0.017792117 0.0034779403 0.004334766 0.007892212 0.00035670903 0.0027970592 8.618919e-05 0.00092185516 0.008919905 0.0024567256 0.00011082563 4.048843e-05 0.0015937795 0.0001460243 0.0020254864 0.0017374444 0.00014601175 0.0019820658 0.0067667086 0.0011523454 0.008725465 0.08936059 0.023184733 0.039937116 0.01313482 0.0006826369 4.138219e-05 0.03386322 0.0011156657 0.0008224814 0.006958661 0.0036277939 0.0018029386 0.016512608 3.6065525e-05
0.011681555 0.66019386 0.6151316 0.48619485 1.6637324e-23 0.5586759 0.58550775 0.7861496 0.5146534 0.28080824 0.31613988 0.82880896 0.27894196 0.13896087 0.23227334 0.464735 0.14213037 0.15998794 0.72618365 0.6146267 0.12809558 0.098513834 0.1900858 0.025218897 0.018810142 0.0063003977 0.03225283 0.041286927 0.30104193 0.0035292483 0.014813493 0.10799449 0.010761932 0.32330647 0.04291624 0.028555673 0.013197187 0.021375807 0.013011654 0.0057767946 0.007221489 0.009897409 0.003876587 0.14757721 0.010770229 0.015289132 0.087078035 1.6962094e-05 0.00039927868 0.048519347 0.0071395445 0.34548283 0.03376617 7.329039e-05 0.010120681 0.0008506908 0.003333608 0.000108985136 3.453342e-06 6.070774e-05 5.23069e-05 0.00059597375 0.0029994475 0.0014835086 0.081736155 0.00025935724 0.11071331 0.011903254 0.00038339358 0.04587363 2.3357102e-06 0.012185276 3.679171e-06 6.9617636e-05 0.050349027 0.01684584 1.5874476e-06 2.649113e-06 0.0031973594 1.7282544e-05 0.0067692134 0.0012744692 7.670443e-06 0.011705173 0.0057348786 0.002476726 0.026648778 0.078274004 0.10393174 0.02361028 0.010785698 0.0027822738 1.4760826e-06 0.06850063 0.0040579853 4.0313083e-05 0.029639492 0.00087338575 0.0016806925 0.035214037 4.304403e-06
0.00055782514 0.45630488 0.63120025 0.22160313 0.5586759 4.0770053e-27 0.39780846 0.3500309 0.89555407 0.35064155 0.18537916 0.22515067 0.16191956 0.13905491 0.13016225 0.03861424 0.0022796625 0.08674758 0.14693321 0.31279266 0.088137574 0.16187023 0.061736725 0.055555858 5.8615267e-05 0.021492876 0.088932715 0.03173213 0.024205089 3.5674733e-05 0.015660139 0.0028781968 0.04607247 0.009025506 0.037471067 0.14303187 0.023065846 0.018237527 0.010148893 0.03201143 0.0036919937 0.0044051516 0.002638067 0.08297415 0.0018878899 0.0048312494 0.07878117 0.0005921617 0.00014150151 0.014929485 0.003720246 0.024444573 0.011335153 1.4853376e-06 0.00019312854 0.0049034455 1.4021682e-05 4.110456e-06 0.00025370633 2.889404e-06 1.8830988e-05 1.2391958e-05 0.00036596568 2.7980462e-07 0.0030911798 5.6785917e-05 0.0049493937 0.00153339 1.8661132e-05 0.0074214567 2.355435e-08 0.0008327469 1.6697329e-06 7.2227767e-06 0.0051269573 0.00625073 3.9327622e-07 1.0067901e-06 0.00021982453 3.8781486e-06 0.00028867464 1.610321e-06 1.2661693e-06 0.0008698782 1.1757952e-05 3.8265374e-05 0.003869316 0.0046047796 0.0011115508 0.00076363684 0.0010378188 4.3809876e-05 2.6884436e-07 0.0072092786 0.00019912272 7.9916525e-08 0.0049633374 1.6353587e-06 1.7520157e-06 0.0028561838 1.9878127e-07
0.004689183 0.52467436 0.23215088 0.59378654 0.58550775 0.39780846 9.934301e-23 0.094101846 0.44748253 0.07622735 0.022352336 0.46952543 0.53610563 0.50180346 0.015692702 0.3083538 0.15426023 0.0077929557 0.31027007 0.09655666 0.0022586382 0.2069927 0.0016121974 0.20628293 0.017035475 0.2233224 0.007312647 0.00041969056 0.16645135 0.038752824 0.0009909177 0.0743212 0.002628281 0.2625369 0.0037544386 0.045136686 0.0019966362 0.00017014497 0.00044700524 0.0024020069 0.00014674717 0.00043274957 6.572497e-05 0.019960133 0.0015699264 0.0024841288 0.030881193 1.5007703e-05 6.7323715e-05 0.0020002553 0.00015533403 0.037080407 0.0017453153 9.244624e-05 0.0058045085 0.0006913545 0.00036263562 4.422563e-05 4.372698e-07 0.00031534 2.1214975e-05 0.00035783547 0.00013048018 8.7665016e-05 0.015022197 2.5265757e-05 0.0063313213 0.00032282915 0.00047623343 0.0018745145 5.5837622e-06 9.5759955e-05 2.8550905e-06 0.00015199975 0.0029670512 0.00086231576 1.0132934e-05 4.762659e-06 1.041992e-05 5.1469024e-06 8.112662e-05 0.00010671473 1.7124752e-06 0.00011517131 0.00038848582 3.9668674e-05 0.0017280097 0.00993634 0.00255723 0.0036334218 0.0011631668 1.1168594e-05 5.160239e-07 0.012370611 1.5620953e-05 4.028061e-05 0.0104826735 0.00047489686 4.4871816e-05 0.014138234 3.1053978e-07
0.019647297 0.21868291 0.57706535 0.0805537 0.7861496 0.3500309 0.094101846 1.904846e-23 0.28149074 0.37145752 0.9071804 0.26212156 0.03691307 0.012645077 0.29491824 0.030203857 0.0057386025 0.11771055 0.38621387 0.7760246 0.23974657 0.031503554 0.08730996 0.002571267 0.0006302667 0.00015466308 0.026292322 0.055878036 0.07559771 0.00020026766 0.04334118 0.0073288935 0.009225566 0.034846313 0.045968335 0.01045807 0.015669774 0.022445658 0.022303054 0.0054606576 0.010195764 0.023345245 0.0071173925 0.213738 0.011641206 0.010777771 0.15043823 0.00032776353 0.0015957278 0.14839819 0.024484666 0.21754095 0.055316605 7.979125e-06 0.0015383225 6.269338e-05 0.00020069249 0.00022985382 9.831542e-06 1.1180445e-05 0.0002866265 0.0007308108 0.0082964515 1.960398e-05 0.011441709 0.0012750363 0.129943 0.023146076 0.00038292384 0.075213574 1.0696543e-05 0.016932704 3.4650486e-05 0.00019563331 0.054735295 0.02961488 1.6533257e-05 9.682266e-06 0.004760393 8.3814564e-05 0.008355181 8.306633e-05 6.079227e-05 0.019721823 0.0007400656 0.0023052557 0.038403254 0.049052764 0.031586744 0.012451202 0.00826391 0.0009580285 2.61538e-06 0.049059007 0.009062058 5.609089e-07 0.018382289 0.00016959402 9.293835e-05 0.020742297 8.77631e-06
0.0007803576 0.41748717 0.51024604 0.29245028 0.5146534 0.89555407 0.44748253 0.28149074 1.1958652e-25 0.29169407 0.10715457 0.3116409 0.2975834 0.20089261 0.094172314 0.08507485 0.01125828 0.05088765 0.20062314 0.2033678 0.0370972 0.4716724 0.026326817 0.17401882 0.00041225617 0.097615026 0.08701762 0.010091405 0.040394668 0.00047664784 0.014172462 0.0053958297 0.028262874 0.027367987 0.017824987 0.25929874 0.012975922 0.0077119074 0.004396378 0.0239666 0.0025052147 0.0011739605 0.0023711296 0.027348667 0.0007522797 0.002844083 0.063445374 0.0012630494 0.001040975 0.009061612 0.004209049 0.02189803 0.0069282176 5.5415803e-05 0.00078225305 0.0042951847 4.243592e-05 3.3540262e-05 0.0008551454 3.033693e-05 7.7628174e-05 9.478451e-05 0.0011503409 5.7675734e-06 0.0016287827 0.0006645756 0.0056468267 0.001271476 3.4683977e-05 0.0062802294 3.744228e-07 0.0017522809 1.961928e-05 1.08792965e-05 0.0046828617 0.004322674 5.802222e-07 1.2643569e-06 0.00027940507 3.979603e-05 0.0013262946 1.690204e-05 1.50885e-05 0.0019496543 0.00021709285 0.00015690013 0.0054715187 0.0064381897 0.0017448427 0.0023705205 0.0027902722 9.377891e-05 6.211373e-07 0.03328304 0.00056697475 1.7510067e-06 0.0061147134 6.0939565e-06 6.702502e-06 0.0024238224 1.1054773e-07
0.00029894453 0.2129955 0.69205743 0.0871105 0.28080824 0.35064155 0.07622735 0.37145752 0.29169407 1.0355334e-21 0.33116034 0.081750005 0.0371229 0.026044518 0.5990884 0.023767183 0.004415119 0.4486278 0.07209418 0.29685545 0.13936798 0.07175653 0.30146012 0.008050359 0.00040503356 0.0033531277 0.48813546 0.19797081 0.014941399 0.0005980884 0.16012232 0.0036125546 0.21644406 0.006693834 0.25701523 0.074206464 0.18415351 0.13726556 0.1244715 0.17533118 0.06537297 0.12703441 0.055003304 0.061224017 0.054799844 0.07568941 0.05478713 0.055797465 0.012640152 0.10291415 0.07123488 0.008600547 0.01440572 4.237057e-05 0.0006847289 0.0018034381 0.00025332725 0.011933647 0.0010666293 0.00020638063 0.012688965 0.006593705 0.019417407 1.2273334e-05 0.0025832343 0.011202335 0.004646484 0.010955568 0.0044329725 0.016517097 0.0003839175 0.0037716774 0.0029196881 0.0021269796 0.0018001604 0.0055268235 0.00039764732 0.00026960296 0.008384783 0.0017021135 0.0023076048 0.00012972072 0.0023496058 0.002775753 0.0001015428 0.0058303033 0.010436798 0.006644698 0.0027416989 0.0022149596 0.005309058 0.0015450917 0.00015837401 0.008556896 0.009016851 5.0586627e-06 0.003072889 0.00032575888 6.5198634e-05 0.014317427 0.00020743177
0.007878476 0.07322803 0.34719416 0.028001126 0.31613988 0.18537916 0.022352336 0.9071804 0.10715457 0.33116034 4.8127684e-25 0.0714809 0.004631597 0.0027531711 0.39158744 0.012318375 0.0011205958 0.15027246 0.1843999 0.6931373 0.79926366 0.006703289 0.1395686 0.00032544558 4.890833e-05 3.6715424e-05 0.041423902 0.080707476 0.039012156 1.7966973e-05 0.109362915 0.0013788962 0.010815931 0.015263623 0.05751267 0.002309017 0.014532391 0.052090835 0.039685838 0.009249934 0.025231674 0.042397954 0.016405629 0.24572627 0.02378036 0.016513523 0.12845786 0.00032694466 0.005138291 0.26584956 0.07538705 0.14507203 0.18722834 4.4924545e-06 0.00027559872 1.3177842e-05 0.000104682615 0.00022696027 4.9763944e-06 4.216497e-06 0.0013343438 0.0009721139 0.031044513 3.8605394e-06 0.005756737 0.0056831157 0.125205 0.06259256 0.00072716095 0.12130937 9.509157e-06 0.031325642 0.000110860514 0.00026921756 0.07533209 0.048753522 1.4811202e-05 2.7032602e-05 0.008217064 0.00023962434 0.014885683 2.3804962e-05 0.0001460796 0.025529709 0.0003101404 0.0044799773 0.074363194 0.029916095 0.014939959 0.005048097 0.0043327506 0.0028655177 1.1807788e-05 0.056394342 0.018433677 1.8153398e-07 0.017845996 6.3404994e-05 4.250388e-05 0.01973863 3.552003e-05
0.06877494 0.39856791 0.22664522 0.524412 0.82880896 0.22515067 0.46952543 0.26212156 0.3116409 0.081750005 0.0714809 2.1067321e-19 0.27851498 0.19251457 0.057883643 0.69776416 0.32508457 0.03183264 0.65178925 0.27335083 0.024137702 0.06623636 0.012786426 0.056579627 0.065144196 0.044708893 0.00384372 0.0032746783 0.39064288 0.011358423 0.0025561855 0.26946887 0.0015300743 0.4708672 0.0073133274 0.006189731 0.0011083 0.0013374211 0.002575391 0.00050814124 0.0010256774 0.002758318 0.0005568251 0.047817614 0.0042736093 0.0049354937 0.046160452 2.1973849e-05 0.00022432614 0.009309 0.0014256664 0.2720494 0.0101085305 0.0005555139 0.021223871 7.256452e-05 0.005591884 0.0002191635 7.2252044e-07 0.001312464 3.201637e-05 0.0012914354 0.0007611909 0.0038152144 0.118131675 0.0002068498 0.05461414 0.0013048466 0.00062213955 0.016319295 5.255381e-05 0.002729194 8.0389e-06 0.00020455032 0.024228403 0.005371432 1.5873591e-05 1.1766836e-05 0.0004799372 6.1837185e-05 0.0017184321 0.0016332523 4.5063938e-05 0.0034479552 0.0059280107 0.0004139676 0.014417492 0.18583293 0.07571227 0.0536801 0.017838473 0.00014147183 1.3053152e-05 0.109145686 0.0011454684 0.00019696547 0.028973352 0.0021122375 0.002184339 0.023575217 2.2476503e-05
0.00021720881 0.21539794 0.11268114 0.3543128 0.27894196 0.16191956 0.53610563 0.03691307 0.2975834 0.0371229 0.004631597 0.27851498 1.3829217e-25 0.516358 0.001751696 0.17686434 0.08657553 0.0007564721 0.18118776 0.022779007 0.00055574306 0.33189297 0.0005964815 0.31463465 0.00446779 0.40254503 0.0028871095 0.00062752276 0.07725568 0.025391243 0.0014503807 0.06148165 0.00115959 0.112023205 0.0013736754 0.096994705 0.00032384708 0.0004718503 0.00060965086 0.0012349517 0.0003255508 0.0006529652 0.00034952772 0.0043919883 0.0013076827 0.0012956156 0.008234129 1.1268273e-05 0.0004287804 0.0018775766 0.00081833976 0.009800739 0.0007827221 5.9330527e-05 0.01114592 0.0009458067 0.00016314456 3.933498e-05 1.9798524e-06 0.00029061842 3.1278112e-05 0.00046594275 0.00024458248 8.114576e-06 0.012749026 0.00017291702 0.003992145 0.00040047744 0.00016924275 0.00314846 1.3697737e-06 0.00023773462 5.32849e-06 1.6818205e-05 0.003632767 0.0027606038 7.4808787e-07 8.9490703e-07 2.3819837e-05 1.5954773e-05 0.00078995083 3.681054e-05 6.3428124e-06 0.0008031536 0.00084737025 7.1377435e-06 0.0046176356 0.015618155 0.008914568 0.007329764 0.0029657132 9.903417e-06 1.2638331e-07 0.028531665 0.00010361183 5.9552174e-05 0.010796973 3.690988e-05 4.169713e-05 0.010982635 1.9095099e-08
0.00015893109 0.1470563 0.07083571 0.41586474 0.13896087 0.13905491 0.50180346 0.012645077 0.20089261 0.026044518 0.0027531711 0.19251457 0.516358 1.5084281e-22 0.001996556 0.26237565 0.2720437 0.0017919329 0.10359729 0.01291587 0.0005941906 0.13064717 0.0017384097 0.17498088 0.071407095 0.26221392 0.004472067 0.0017813517 0.11279836 0.19056988 0.0013712265 0.25703433 0.0013688474 0.18246387 0.005979259 0.016569138 0.00093476364 0.0017193886 0.0036388957 0.0011383913 0.0011085898 0.0027953952 0.00063105783 0.003883558 0.00341543 0.0031296003 0.007850493 2.8218912e-05 0.00044894012 0.0014319269 0.0007195451 0.010979463 0.0012477661 0.0028029124 0.11044042 0.0005750109 0.0061426223 0.00012388277 1.3163993e-06 0.0074616703 0.0002732986 0.00129887 0.00036392163 0.0010907815 0.031006841 0.00018950438 0.0048698587 0.000743101 0.0015277835 0.0027477376 1.5402595e-05 0.00029960068 3.182407e-05 0.00017478902 0.0026889874 0.0028009405 1.1206907e-05 6.512198e-06 6.572397e-05 3.2501954e-05 0.0008121286 0.0010058841 3.5601017e-05 0.00058233936 0.005276685 7.315276e-05 0.0028513516 0.02464171 0.029702732 0.05591436 0.019637613 7.85266e-05 2.2294485e-07 0.016781364 5.0238526e-05 0.0020452156 0.017309397 0.002436509 0.0012082547 0.02777253 8.702084e-08
5.8175538e-05 0.09389617 0.40758356 0.02505702 0.23227334 0.13016225 0.015692702 0.29491824 0.094172314 0.5990884 0.39158744 0.057883643 0.001751696 0.001996556 1.9559735e-28 0.007995156 0.0005300958 0.8291239 0.107837774 0.28901836 0.39701486 0.006326161 0.47247142 0.00020359606 1.901357e-05 2.8587618e-05 0.10660353 0.18238807 0.020360291 3.6481295e-05 0.17045003 0.0016799066 0.05054875 0.005212159 0.12301832 0.004290289 0.06605893 0.0949217 0.057300154 0.02160176 0.03767635 0.04944783 0.024815762 0.08460868 0.023224175 0.025433917 0.046529956 0.0040431074 0.010137362 0.12713504 0.052435894 0.027873535 0.046125673 6.6065354e-06 0.00028314514 0.00010141921 5.876577e-05 0.0024918925 2.4495348e-05 8.791602e-07 0.002004185 0.0015415351 0.023513764 2.1612832e-06 0.0026266607 0.0120286085 0.026321633 0.0213502 0.0011170082 0.0438878 4.2297535e-05 0.016667938 0.00015839243 0.00020279945 0.011579102 0.018203964 4.8465005e-05 2.8410226e-05 0.00986949 0.00019753714 0.010933827 2.4675159e-05 7.300362e-05 0.014628871 0.0002042694 0.0054169386 0.020383745 0.0042523993 0.0042435904 0.0018262903 0.0023227336 0.0041560642 3.9754605e-07 0.0069594346 0.013513802 4.272649e-08 0.005503258 3.9257215e-05 2.0756246e-05 0.008386866 1.4736943e-06
0.08855059 0.11909866 0.05080652 0.49149418 0.464735 0.03861424 0.3083538 0.030203857 0.08507485 0.023767183 0.012318375 0.69776416 0.17686434 0.26237565 0.007995156 3.723685e-20 0.6659797 0.005604144 0.41379255 0.061611205 0.0017471804 0.02189856 0.0019051182 0.020966401 0.24887298 0.026441006 0.0023961288 0.00040353165 0.23765609 0.032757152 0.0007191953 0.51549083 0.0004017015 0.5274939 0.0036150205 0.0004521752 0.00067206065 0.00027927748 0.00038983996 0.0001757954 0.00022092454 0.00061962305 0.0001720644 0.020921845 0.0029529412 0.0031211444 0.013267457 3.4807324e-06 9.301629e-05 0.0026536395 0.00033445033 0.116825886 0.0033848006 0.0031079415 0.0785371 9.791942e-06 0.028069686 0.000106531275 6.260671e-08 0.0023537064 3.707442e-05 0.0009465056 0.00037803105 0.016067088 0.13762063 6.305303e-05 0.019147752 0.000855601 0.0009562681 0.005268858 1.0725562e-05 0.0010373903 8.03499e-06 0.000229369 0.0087599335 0.002156113 8.562859e-06 6.3996176e-06 0.00010229325 1.802261e-05 0.0013364892 0.004511352 1.6806724e-05 0.0016183585 0.011156992 0.00015360165 0.007260602 0.11098906 0.07976199 0.09787781 0.032605335 9.6180505e-05 5.12173e-06 0.04493475 0.000111851965 0.0013264584 0.017629439 0.0052242596 0.003175818 0.033100884 7.0025912e-06
0.0009932679 0.025451588 0.009133441 0.4055116 0.14213037 0.0022796625 0.15426023 0.0057386025 0.01125828 0.004415119 0.0011205958 0.32508457 0.08657553 0.2720437 0.0005300958 0.6659797 1.5233376e-27 0.00028928064 0.2141737 0.023187872 0.000100717996 0.0022893688 0.00042010244 0.0022198 0.6581416 0.00986973 0.0005706526 6.2161846e-05 0.11767154 0.24842986 0.00015687336 0.71155 6.462436e-05 0.37610254 0.0003614062 5.906713e-06 0.00010559817 0.00020791838 8.7998225e-05 9.49316e-05 9.840016e-05 6.739161e-05 7.927938e-05 0.011587376 0.00011452281 0.00012425228 0.009234166 7.4216814e-08 2.7341343e-05 0.0016909958 0.00011114686 0.024171354 0.0015065536 0.014059803 0.306271 4.306074e-06 0.055658128 1.8963146e-06 4.667359e-09 0.004807437 9.309008e-06 4.6555608e-05 0.00016359062 0.022218369 0.081891134 3.2288594e-05 0.003368161 0.0006674309 2.4463341e-05 0.0025038891 1.9299854e-08 0.00015803002 1.4583445e-06 4.2171605e-06 0.0026467976 0.00046877543 4.5717986e-08 1.24455e-07 1.24805765e-05 1.6410236e-06 0.00013448528 0.003478508 1.2608024e-06 0.00013965997 0.014792719 2.7103382e-05 0.0035444726 0.02874231 0.050154943 0.10122811 0.038048968 1.7401722e-05 1.3800701e-07 0.009157859 1.293561e-05 0.0020313314 0.0069716536 0.004190409 0.0022808642 0.017609335 8.7671246e-08
0.00020711824 0.048370898 0.30382118 0.021857642 0.15998794 0.08674758 0.0077929557 0.11771055 0.05088765 0.4486278 0.15027246 0.03183264 0.0007564721 0.0017919329 0.8291239 0.005604144 0.00028928064 1.0948787e-25 0.05462611 0.24669753 0.28399163 0.0032290644 0.6846176 8.313456e-05 1.6541206e-05 3.894536e-05 0.17530444 0.39938194 0.007551416 5.4832166e-05 0.29552725 0.00044248078 0.18573026 0.00086544635 0.3197826 0.0076627224 0.19751857 0.21675016 0.20082158 0.069158055 0.11878646 0.2106115 0.11828836 0.051475357 0.0886127 0.09184592 0.0381659 0.02355795 0.051671397 0.21403912 0.15285714 0.018400269 0.034444045 4.6211308e-06 0.00011855614 0.00024060142 7.4131836e-05 0.015306405 9.3097944e-05 9.043296e-07 0.027268974 0.012484647 0.05828968 1.645857e-06 0.00024099043 0.041845597 0.011159716 0.031787015 0.011467986 0.035378013 0.001103132 0.024585173 0.0015625677 0.002038123 0.010296532 0.022618577 0.0006647068 0.00043550695 0.023942063 0.002622022 0.014766764 5.4848247e-06 0.0010852951 0.01904253 2.6488566e-05 0.013358966 0.026962394 0.0014724826 0.0010754877 0.0003635508 0.0029525612 0.0035184945 4.4149338e-06 0.0024201176 0.020813817 2.2795154e-08 0.003021043 7.469434e-06 4.5538277e-06 0.005187694 8.602449e-06
0.0365527 0.21783134 0.23781061 0.21481766 0.72618365 0.14693321 0.31027007 0.38621387 0.20062314 0.07209418 0.1843999 0.65178925 0.18118776 0.10359729 0.107837774 0.41379255 0.2141737 0.05462611 1.1810649e-22 0.4951578 0.06977341 0.022290556 0.02724164 0.014456469 0.025873333 0.0055404357 0.0015436461 0.0060845497 0.6847628 0.0021380319 0.0037644238 0.2494783 0.00049824326 0.69371414 0.0040316777 0.00093801285 0.0010048429 0.004846704 0.0031365412 0.0003374319 0.001286999 0.0015097186 0.000830735 0.18583332 0.0024257915 0.004415538 0.11288156 3.6228632e-06 0.00023869626 0.01377581 0.0039724023 0.56375253 0.032690056 3.725692e-05 0.023939306 6.5494055e-06 0.0015551628 6.823628e-05 1.404533e-07 2.8973549e-05 3.0024868e-05 0.00042156968 0.0013247998 0.0024661701 0.30692878 0.000107875996 0.18014078 0.004559943 0.0001724906 0.046853658 3.7185341e-06 0.005947791 8.030616e-06 5.324358e-05 0.06719323 0.013097013 1.609997e-06 4.5844213e-06 0.00072579604 1.643101e-05 0.004853196 0.0011374521 3.2454718e-05 0.0070273983 0.006036554 0.00055863964 0.023919059 0.24325313 0.15900841 0.045201067 0.017112184 0.00018749088 4.4758194e-06 0.18873069 0.0009399793 2.947518e-05 0.07688122 0.00074316305 0.0015346424 0.058418486 4.873998e-06
0.19429408 0.25908262 0.42820683 0.12535961 0.6146267 0.31279266 0.09655666 0.7760246 0.2033678 0.29685545 0.6931373 0.27335083 0.022779007 0.01291587 0.28901836 0.061611205 0.023187872 0.24669753 0.4951578 2.052119e-21 0.5375308 0.0135840345 0.44817263 0.0014962801 0.0036158357 0.00027664387 0.026567405 0.2524944 0.16834351 0.00020977945 0.15408525 0.004327424 0.011025679 0.06741075 0.054515585 0.0055651846 0.018799907 0.11848452 0.12294443 0.009056062 0.0703626 0.08753335 0.022920005 0.5308227 0.040068425 0.027745498 0.5782913 0.0009095812 0.0085205445 0.19477843 0.05481566 0.40650207 0.24771261 1.9818483e-05 0.00082748086 9.183562e-05 0.00012577954 0.0017348763 3.9720384e-05 8.9660694e-05 0.0019500586 0.0024544445 0.019978538 0.0001737957 0.016180683 0.0034729906 0.29865247 0.026109902 0.0025433428 0.13506533 0.00088134705 0.024121435 0.0002244828 0.0010839337 0.16036758 0.036358163 9.353249e-05 3.9978884e-05 0.0059237387 0.000839914 0.007541107 0.00020083608 0.0004555198 0.010524138 0.0004359574 0.004552786 0.073070616 0.091250755 0.009627628 0.006320809 0.0033330359 0.000899875 2.8345677e-05 0.230924 0.00642401 1.2357384e-06 0.01781899 0.00016342316 6.538556e-05 0.010165341 4.97162e-05
0.026399098 0.03294791 0.18609037 0.0058096647 0.12809558 0.088137574 0.0022586382 0.23974657 0.0370972 0.13936798 0.79926366 0.024137702 0.00055574306 0.0005941906 0.39701486 0.0017471804 0.000100717996 0.28399163 0.06977341 0.5375308 9.2361714e-26 0.0016590197 0.49078086 0.000112433656 5.12257e-06 1.6087946e-05 0.033714518 0.19711614 0.009114646 1.3659536e-05 0.54253393 6.0862112e-05 0.0123179 0.0021606046 0.056265157 0.00022159156 0.01347502 0.13536716 0.10204569 0.010347152 0.081267215 0.08216455 0.05622643 0.3020151 0.045821127 0.023767285 0.12068643 0.0010272001 0.022204442 0.6346931 0.13943478 0.07299077 0.6047556 4.689317e-06 3.624966e-05 2.831489e-06 3.0406298e-05 0.0012398472 1.8452988e-06 2.1802337e-06 0.0037552498 0.002320482 0.05541419 8.910092e-07 0.0010942547 0.012742315 0.1704138 0.063204736 0.0025029234 0.49743137 9.487105e-05 0.05486013 0.000692899 0.001471578 0.13257718 0.13208094 8.146209e-05 9.716376e-05 0.02054272 0.0008825957 0.026507288 8.068516e-06 0.0004636891 0.044280477 3.7662496e-05 0.014024077 0.23627447 0.0330978 0.0075552515 0.0023954597 0.00085272506 0.0068074833 1.370501e-05 0.06474115 0.051847275 1.9072528e-08 0.02073627 1.8852172e-05 9.33139e-06 0.0068297093 2.8040487e-05
4.1388543e-07 0.13322558 0.16835411 0.093022496 0.098513834 0.16187023 0.2069927 0.031503554 0.4716724 0.07175653 0.006703289 0.06623636 0.33189297 0.13064717 0.006326161 0.02189856 0.0022893688 0.0032290644 0.022290556 0.0135840345 0.0016590197 3.1119444e-27 0.0016949296 0.60805064 0.00012173845 0.2374329 0.012324614 0.00028281022 0.0054258956 0.0011257088 0.0024951384 0.001596561 0.0016833082 0.0040648044 0.0014243821 0.48083898 0.0003482288 0.00037301396 0.00041267055 0.0049277805 0.0001373354 0.00015955191 0.00038360537 0.0018949853 0.00019044978 0.00017722978 0.0041006175 3.066416e-05 8.607402e-05 0.0008942616 0.0010654364 0.0029541946 0.00054638274 2.3351167e-05 0.0005335568 0.0045789205 1.9189161e-05 1.4121421e-06 8.715459e-05 2.3843244e-05 1.1638491e-05 1.40664815e-05 0.00030184656 1.7548575e-07 0.003979664 7.572195e-05 0.003024384 0.00010679994 2.3014618e-06 0.0014014388 1.0129402e-08 0.0001518934 5.6295715e-07 6.040933e-07 0.0032907212 0.0019824437 4.1116632e-08 6.0198296e-08 2.9425213e-05 1.3970165e-06 0.0001910614 4.183393e-06 1.367075e-06 0.00033322108 5.334279e-05 2.4677134e-05 0.0029705495 0.033882383 0.0053253965 0.0015752392 0.0006864766 5.8801083e-07 4.459254e-08 0.07990215 1.53939e-05 8.350548e-07 0.012352349 2.8680258e-06 6.5770746e-07 0.0015674414 6.234595e-09
0.0026988413 0.018388797 0.25116804 0.010494711 0.1900858 0.061736725 0.0016121974 0.08730996 0.026326817 0.30146012 0.1395686 0.012786426 0.0005964815 0.0017384097 0.47247142 0.0019051182 0.00042010244 0.6846176 0.02724164 0.44817263 0.49078086 0.0016949296 3.3889455e-25 0.0003105974 5.7101704e-05 0.00013729138 0.111335285 0.6973559 0.002916182 0.00022937884 0.66485256 3.915936e-05 0.12321163 0.0017776148 0.39850816 0.002892325 0.13811474 0.5042732 0.40359992 0.04874052 0.25900564 0.3414608 0.23251215 0.12823348 0.18993583 0.18132092 0.057317544 0.023389254 0.09128525 0.5236483 0.46456364 0.020980684 0.09477745 1.1481878e-05 3.495107e-05 0.00023398326 2.6609794e-05 0.03291501 9.88836e-05 1.1466383e-05 0.029204616 0.03212913 0.15546694 2.9458586e-06 0.00032766632 0.03862213 0.024363732 0.07217948 0.014393628 0.1335303 0.0035279577 0.074728176 0.0019205464 0.0032951694 0.01830867 0.07770648 0.0017389469 0.0007379168 0.060615826 0.0021612206 0.037372008 6.287363e-06 0.0011644182 0.06348208 3.2768367e-05 0.041588478 0.057530496 0.0030746828 0.0012094035 0.0007922855 0.0039650314 0.015116456 8.801891e-06 0.0053914776 0.08719053 1.13015396e-07 0.004594764 1.392273e-05 2.683857e-06 0.006805601 3.745339e-05
2.1137062e-07 0.03328077 0.02030215 0.08185355 0.025218897 0.055555858 0.20628293 0.002571267 0.17401882 0.008050359 0.00032544558 0.056579627 0.31463465 0.17498088 0.00020359606 0.020966401 0.0022198 8.313456e-05 0.014456469 0.0014962801 0.000112433656 0.60805064 0.0003105974 4.1478353e-26 0.00011610804 0.70198196 0.0009170295 9.3233975e-05 0.0047730966 0.0023746982 0.00025538058 0.0032070694 3.2023272e-05 0.0041540074 0.00019158084 0.15564452 3.6789414e-05 0.0001335249 0.00024814802 0.00024252848 9.549439e-05 0.0001370631 9.95746e-05 0.00048532768 0.00017555531 8.3467974e-05 0.001246893 1.9274499e-07 2.0920716e-05 0.00032930094 0.00020187689 0.0024663196 0.0002947761 1.6510758e-05 0.0005562235 0.0017950705 5.0894437e-06 4.7358863e-06 1.4723963e-06 1.1273229e-05 2.9344144e-05 2.6884385e-05 0.00013336542 1.4913152e-07 0.0029486213 5.4261105e-05 0.00113864 0.00017825005 1.4453938e-05 0.0014110135 2.2503126e-08 0.00029729525 4.8365987e-06 2.5630434e-06 0.0015711568 0.00091564003 1.6161966e-08 6.0854596e-08 2.8388342e-05 4.5144784e-06 0.00021474788 1.446884e-06 3.2898045e-06 0.00042610423 8.8460576e-05 1.02732165e-05 0.0013250159 0.0122007 0.003258485 0.0010456468 0.0009480219 3.2274184e-07 1.4057596e-08 0.0063628876 2.5582385e-05 1.31026145e-05 0.008169059 1.4184218e-05 3.865919e-06 0.005125544 2.9367515e-09
9.449785e-05 0.002184711 0.00037615543 0.08837162 0.018810142 5.8615267e-05 0.017035475 0.0006302667 0.00041225617 0.00040503356 4.890833e-05 0.065144196 0.00446779 0.071407095 1.901357e-05 0.24887298 0.6581416 1.6541206e-05 0.025873333 0.0036158357 5.12257e-06 0.00012173845 5.7101704e-05 0.00011610804 5.104297e-27 0.0006359742 0.00010224243 6.7102856e-06 0.0439806 0.2831606 4.405569e-05 0.6258527 5.4219686e-06 0.115668245 1.732259e-05 2.2217428e-06 2.1602209e-05 2.824182e-05 1.2587786e-05 1.8557348e-05 1.44847245e-05 4.0755012e-06 7.960936e-06 0.0011428306 5.9819045e-06 1.405936e-05 0.0011714465 4.7108898e-08 7.0123683e-06 0.0004778387 0.00010810195 0.0061163814 4.8500053e-05 0.06026846 0.44051477 6.8711347e-07 0.28269792 1.3459895e-06 9.818723e-10 0.023344478 3.8150554e-07 1.1130242e-05 3.6207617e-05 0.14224526 0.04094694 4.9888254e-06 0.0007425597 0.0001738902 1.3699696e-06 0.0013380738 1.2964502e-08 2.3770388e-05 5.3512583e-08 3.1998238e-07 0.0009636088 0.0003588135 3.2679342e-08 5.6974713e-08 4.453449e-06 3.5962967e-07 0.00017643902 0.021481683 2.0836826e-07 0.00019307862 0.07635648 3.0316726e-06 0.0020604632 0.011593279 0.035419483 0.20718631 0.10516914 5.99069e-06 5.092434e-08 0.004537987 9.90712e-06 0.005488396 0.0045674895 0.006444824 0.0052410765 0.018257106 1.7195958e-08
1.4933042e-06 0.017693477 0.0050768764 0.09567943 0.0063003977 0.021492876 0.2233224 0.00015466308 0.097615026 0.0033531277 3.6715424e-05 0.044708893 0.40254503 0.26221392 2.8587618e-05 0.026441006 0.00986973 3.894536e-05 0.0055404357 0.00027664387 1.6087946e-05 0.2374329 0.00013729138 0.70198196 0.0006359742 4.6698584e-25 0.0009373511 3.4078294e-05 0.002704547 0.052412517 0.00010725312 0.0069703073 6.0704333e-05 0.0076191137 0.00042297802 0.10106273 6.487623e-05 7.229726e-05 0.00031028566 0.00016907627 6.35698e-05 0.00023825958 5.2396867e-05 0.0002679535 0.0002156698 9.933644e-05 0.00024296324 1.3170742e-07 1.1109794e-05 0.00016162723 0.00016327592 0.0013065027 0.00012082576 0.00016418907 0.0015782872 0.00019487285 8.666558e-05 2.0923596e-06 7.771227e-08 0.00027934296 2.5568068e-05 4.1103405e-05 0.0001035818 1.612188e-06 0.0035011992 2.1719192e-05 0.00041387798 9.90637e-05 3.23791e-05 0.0003658069 2.2095085e-08 0.000121688536 9.257051e-06 6.046112e-06 0.00043742312 0.00035264774 4.0784446e-08 1.3576067e-07 3.245107e-05 1.5554436e-06 8.790008e-05 3.067507e-05 4.8241795e-06 0.00023375488 0.0002458251 2.0052385e-05 0.0005443424 0.024609728 0.007147751 0.011378904 0.0038307384 6.2396094e-07 4.5969117e-08 0.0018782553 3.5155742e-06 0.00013756807 0.005727891 0.00023907285 6.7153596e-05 0.008568238 3.525897e-09
9.4283973e-07 0.024709051 0.1451165 0.012295101 0.03225283 0.088932715 0.007312647 0.026292322 0.08701762 0.48813546 0.041423902 0.00384372 0.0028871095 0.004472067 0.10660353 0.0023961288 0.0005706526 0.17530444 0.0015436461 0.026567405 0.033714518 0.012324614 0.111335285 0.0009170295 0.00010224243 0.0009373511 2.843185e-24 0.061886862 0.00046202098 0.000109407 0.06512999 0.00034025684 0.33753043 0.00031673154 0.10700517 0.027829243 0.123582445 0.045054663 0.04245578 0.74046993 0.01821824 0.03582367 0.009799028 0.0032451483 0.022640305 0.02440013 0.005830565 0.045001734 0.003119567 0.017074967 0.011067898 0.0015999739 0.002007035 1.0796518e-05 5.7306228e-05 0.0014680357 1.6416458e-05 0.0037711987 0.0013316405 2.7413273e-07 0.0044757323 0.003540123 0.002867274 8.429617e-07 9.4057476e-05 0.004913617 0.0015239636 0.0037472274 0.0023309127 0.006781891 0.00021893307 0.0010676038 0.00066051126 0.00077516574 0.0013176831 0.005481272 0.00025181074 0.00029100338 0.0026306193 0.0014257529 0.002935909 9.122006e-07 0.0012977778 0.0034002867 1.4346025e-05 0.001866618 0.005791249 0.0018251054 0.00096069917 0.000281597 0.0010237743 0.00039416185 7.32818e-05 0.0048097074 0.0015026235 1.2631733e-08 0.0028027869 2.4542078e-06 1.3166153e-06 0.0011836991 2.07708e-05
0.0036120773 0.016164796 0.21759728 0.004749381 0.041286927 0.03173213 0.00041969056 0.055878036 0.010091405 0.19797081 0.080707476 0.0032746783 0.00062752276 0.0017813517 0.18238807 0.00040353165 6.2161846e-05 0.39938194 0.0060845497 0.2524944 0.19711614 0.00028281022 0.6973559 9.3233975e-05 6.7102856e-06 3.4078294e-05 0.061886862 1.2172544e-23 0.00086739555 1.1598127e-05 0.5438764 6.840233e-06 0.0999437 0.00016055063 0.5201458 0.00011003262 0.21272284 0.5923047 0.6069611 0.03030304 0.4511241 0.56463605 0.34179112 0.093056165 0.39085972 0.34819108 0.041185655 0.06452593 0.14675957 0.45992944 0.3730976 0.0065109944 0.073604904 2.3912255e-06 7.137818e-06 2.5854462e-05 8.964646e-06 0.06865627 2.1516475e-05 3.9196613e-07 0.14134406 0.07805864 0.20363875 4.925186e-08 4.2318035e-05 0.062146638 0.017971491 0.12986408 0.057258625 0.11416477 0.011473342 0.09162659 0.0032908071 0.012910513 0.013941319 0.07374056 0.0065388465 0.001554059 0.06685046 0.003157092 0.042292923 3.297505e-07 0.0021885678 0.06852939 1.25950755e-05 0.04602824 0.04675998 0.0017527839 0.0006918069 0.00039589684 0.001316272 0.020012897 2.443161e-05 0.0027355012 0.10093212 2.6411742e-08 0.003790941 7.6221395e-06 2.2793765e-06 0.0056967493 7.235355e-05
0.19249055 0.054308992 0.039857507 0.1652585 0.30104193 0.024205089 0.16645135 0.07559771 0.040394668 0.014941399 0.039012156 0.39064288 0.07725568 0.11279836 0.020360291 0.23765609 0.11767154 0.007551416 0.6847628 0.16834351 0.009114646 0.0054258956 0.002916182 0.0047730966 0.0439806 0.002704547 0.00046202098 0.00086739555 2.939488e-23 0.002935016 0.00093088276 0.24184754 0.00016185953 0.8477363 0.0008455523 1.6786813e-05 0.00010562245 0.00046905875 0.00067679514 4.2889977e-05 0.00050538505 0.0010776361 0.0001348688 0.17350551 0.0028046211 0.0012125326 0.09993121 2.4620497e-06 0.00014806013 0.003457615 0.00053292955 0.7163605 0.019261273 5.4646636e-05 0.06544311 2.1948601e-06 0.0028769113 2.9202994e-05 1.5400964e-07 0.0001022435 8.953427e-06 0.00020686322 0.00045538062 0.0026646985 0.6806026 0.00013146104 0.1790087 0.001708052 8.842061e-05 0.011391037 2.5372542e-06 0.0014086047 5.70362e-06 5.340376e-05 0.06604902 0.0056193885 2.1080223e-06 1.5553933e-06 0.00023832821 2.5178395e-05 0.0015578503 0.0010438708 2.594041e-05 0.0025172192 0.01206783 0.00015856956 0.021600073 0.4761067 0.3587225 0.21338072 0.06929422 1.2569314e-05 4.221925e-06 0.26229978 3.9875697e-05 1.7118084e-05 0.09753363 0.0017752524 0.0015667257 0.19012278 1.9087797e-06
1.7024452e-07 0.0028570667 0.00066076865 0.056531783 0.0035292483 3.5674733e-05 0.038752824 0.00020026766 0.00047664784 0.0005980884 1.7966973e-05 0.011358423 0.025391243 0.19056988 3.6481295e-05 0.032757152 0.24842986 5.4832166e-05 0.0021380319 0.00020977945 1.3659536e-05 0.0011257088 0.00022937884 0.0023746982 0.2831606 0.052412517 0.000109407 1.1598127e-05 0.002935016 6.2182385e-25 0.00010306988 0.11410435 4.2190836e-06 0.006826793 4.54442e-05 4.149349e-06 3.394501e-05 5.6557084e-05 2.0514897e-05 3.8328995e-05 3.38368e-05 9.07751e-06 4.1377378e-05 5.6856305e-05 1.2152959e-05 3.5321238e-05 7.513605e-05 1.088461e-07 1.95148e-05 0.00022502121 0.00012090909 0.00035557972 1.353638e-05 0.15156826 0.065074734 1.9557754e-06 0.26470178 2.0460805e-06 1.1398762e-09 0.44551772 1.1653302e-06 4.587264e-06 5.7859717e-05 0.030503694 0.002973412 1.2924661e-05 4.978856e-05 0.00011286509 7.229037e-07 0.00042521342 2.316243e-08 1.3023397e-05 8.658739e-08 1.0868863e-07 7.853057e-05 0.00013338005 6.1553345e-09 8.991852e-09 1.4537193e-06 8.996056e-07 5.0111288e-05 0.0042848177 5.867174e-07 1.8897192e-05 0.007764062 4.441971e-06 0.0005819477 0.001976338 0.0065368577 0.027564349 0.010363645 1.471194e-05 5.082216e-08 0.00040632192 6.5775357e-06 0.009036746 0.0014095698 0.0026649719 0.003019292 0.007874924 2.382941e-08
0.041380595 0.004351532 0.08405796 0.0046862797 0.014813493 0.015660139 0.0009909177 0.04334118 0.014172462 0.16012232 0.109362915 0.0025561855 0.0014503807 0.0013712265 0.17045003 0.0007191953 0.00015687336 0.29552725 0.0037644238 0.15408525 0.54253393 0.0024951384 0.66485256 0.00025538058 4.405569e-05 0.00010725312 0.06512999 0.5438764 0.00093088276 0.00010306988 1.6034059e-22 2.5537607e-05 0.072119504 0.00040459962 0.22519916 0.00034375768 0.09097053 0.79418486 0.43093392 0.02901517 0.5366298 0.29825762 0.64930844 0.1031151 0.17696805 0.13049498 0.028443005 0.011180713 0.20529634 0.7904505 0.5077572 0.01120709 0.0984949 1.3927086e-05 4.791366e-05 2.624411e-05 0.00016828865 0.025679283 1.975005e-05 2.4105007e-05 0.055997845 0.035343707 0.28893718 1.9424764e-05 0.00021343748 0.086665764 0.03559321 0.19826643 0.022848124 0.3717979 0.003100357 0.2532857 0.00594814 0.011816902 0.033808533 0.26163664 0.0032152904 0.0022258384 0.0710025 0.007000672 0.14466317 2.8528493e-05 0.0064235623 0.16171159 0.00010023659 0.045027804 0.122002296 0.0036629548 0.0019037497 0.0009897705 0.0005969288 0.04186171 0.0002357723 0.012521559 0.28495285 3.4034525e-08 0.006332553 5.589007e-05 2.1387812e-05 0.004608834 0.00047684924
