6.639383e-18 0.9333136 0.9653839 0.97676593 0.94706446 0.9747401 0.95551264 0.9534892 0.90830433 0.9358285 0.91420835 0.9744231 0.94412977 0.93516725 0.517518 0.95597214 0.8770305 0.9484765 0.93281025 0.9098719 0.94095796 0.93750656 0.90514225 0.9561987 0.88150704 0.92188627 0.86718494 0.86089796 0.9606227 0.9482765 0.54863316 0.7436794 0.9802227 0.9120285 0.99850553 0.9210483 0.6683043 0.17619185 0.19337131 0.7050794 0.16871938 0.9302544 0.48188266 0.8669298 0.12741768 0.9997659 0.06677453 0.64737743 0.8737782 0.5406508 0.98007476 0.5047019 0.17999259 0.4495869 0.2181237 0.7992842 0.1999744 0.10696531 0.7709508 0.93700343 0.99504143 0.061074216 0.031510614 0.31136817 0.23741548 0.09265758 0.009952676 0.20593417 0.024910571 0.09798959 0.009103844 0.9738595 0.5471419 0.71723473 0.062089365 0.9999866 0.037322793 0.35649058 0.05573221 0.94067365 0.8647441 0.07472978 0.09854418 0.017242605 0.9261165 0.5668859 0.054796793 0.03272201 0.004965967 0.9824115 0.6558201 0.35136485 0.99996305 0.60753214 0.99994385 0.00041980986 0.041672517 0.033891313 0.11407318 0.007573441 0.00012895833
0.9333136 2.8848436e-16 0.95401436 0.9358612 0.67043835 0.15433118 0.23557776 0.6317902 0.26121125 0.058394853 0.016694497 0.021309923 0.5412722 0.25440925 0.018447878 0.40770578 0.37646523 0.09931814 0.17096706 0.0036334358 0.27492398 0.15429525 0.0013077562 0.00084452645 0.00029636815 0.06435283 0.09194167 0.031287313 0.0007763373 0.021722354 0.030106496 7.209746e-05 0.013753948 0.009162995 0.10428585 5.573518e-05 0.002604256 0.015380768 0.009193781 3.1455504e-05 0.012773652 0.051740807 3.4546945e-05 0.01051899 0.000980956 0.021733817 9.544004e-05 0.004237498 0.00011990011 0.0066155395 3.6830235e-05 0.014462833 0.00039696906 0.0018565907 0.0019850507 0.0015868619 0.016106477 0.0027015607 3.395793e-05 0.00028270643 0.033118553 0.00015541789 0.0003235442 0.0013484404 3.0011042e-05 0.0001900189 0.00023810763 6.1295514e-06 7.072273e-05 0.0008836375 3.8994236e-05 1.3227293e-06 2.1107111e-05 0.014100403 0.00018305841 0.01562711 3.6381698e-06 0.011720784 0.00027339274 3.7038197e-05 1.1482886e-05 7.951463e-05 4.0994302e-05 1.1392339e-07 0.00046653434 1.18932725e-07 4.9099657e-07 1.5637454e-05 9.94342e-06 1.7500803e-06 1.7422453e-06 3.0544625e-06 0.00096907606 6.0493613e-07 0.00029933194 0.00021252348 7.434423e-07 3.90138e-05 1.068759e-05 9.1578436e-08 8.20738e-08
0.9653839 0.95401436 1.5169958e-13 0.43689904 0.5786902 0.079670414 0.037972543 0.76974267 0.4285719 0.060952783 0.050482426 0.0022370745 0.77237517 0.57872367 0.031047154 0.27075514 0.2105213 0.42967957 0.17312284 0.00020964546 0.10314362 0.012650566 0.0007757449 0.00034662778 2.9010294e-05 0.034353446 0.30984008 0.25381947 3.0170453e-05 0.016191682 0.20790705 6.0901835e-05 0.00037986823 0.14208141 0.05560829 5.912005e-06 0.017869905 0.044782203 0.023947828 3.648872e-06 0.04019424 0.012986278 4.1902465e-05 0.0029874207 0.0007539948 0.013557485 6.337724e-05 0.001297099 2.7234672e-05 0.04675175 1.6319085e-05 0.16519995 0.0007057467 0.035239574 0.003409658 0.00043761128 0.1426827 0.014818142 7.5509547e-06 0.00010829687 0.006917469 7.273718e-05 0.0005350333 0.010106829 1.11196205e-05 0.00011543158 0.00012760781 1.9616773e-05 1.7385066e-05 0.0071892785 2.4980096e-05 1.1137461e-07 8.5842674e-07 0.5040522 0.0019280963 0.005458911 4.301932e-06 0.43169388 0.00043060683 1.2050526e-06 9.182256e-05 0.00048193056 3.861466e-05 3.7126395e-07 0.0005208507 2.8425305e-08 4.698068e-08 3.8172957e-06 4.0476654e-05 9.105679e-08 1.1009995e-07 2.8921895e-07 0.00071977265 6.5110115e-08 5.299151e-05 0.00024636116 3.9382084e-07 3.5351062e-05 1.8966432e-05 3.3972327e-08 5.5079425e-09
0.97676593 0.9358612 0.43689904 4.3465845e-16 0.21866046 0.088170275 0.17970191 0.19812077 0.09271778 0.03146818 0.015913503 0.022633264 0.099534445 0.06825703 0.015022432 0.25910172 0.6600703 0.042284444 0.26426864 0.00573279 0.9022408 0.60178417 0.0040343427 0.0016296163 0.0013423631 0.021722531 0.04743369 0.017431047 0.0026078385 0.009618304 0.015509608 0.00010472854 0.038212232 0.0063664718 0.5022599 0.00014805887 0.004354418 0.010371021 0.0058497186 8.175035e-05 0.009955334 0.306073 1.309296e-05 0.0033665036 0.000854814 0.054482833 4.069181e-05 0.0032742221 0.0004403028 0.006571605 0.00023306528 0.0134109445 0.0006165176 0.0026018256 0.0016787599 0.0009000291 0.0091439085 0.0021771933 1.1169707e-06 0.00015871404 0.13241348 5.457227e-05 0.0003189245 0.0012169273 6.2293384e-06 0.00026275602 0.00015175612 4.1025096e-06 5.8302776e-05 0.00045999337 9.773823e-06 6.5125023e-06 0.000107714506 0.0060605938 9.2139504e-05 0.117051564 5.6614226e-07 0.0017726216 7.157105e-05 0.00012841416 1.0062521e-05 2.2142727e-05 1.4327568e-05 1.5165202e-07 4.6001198e-05 6.240142e-08 1.689063e-07 2.280495e-05 1.5713598e-06 3.588357e-08 5.280671e-07 7.7337546e-07 0.00031840787 3.2896617e-07 0.0009994255 7.4778625e-05 7.2638323e-07 1.971532e-06 8.949406e-08 1.0373768e-08 9.83464e-09
0.94706446 0.67043835 0.5786902 0.21866046 1.6701298e-15 0.45925638 0.25619358 0.87878627 0.95420676 0.5192772 0.43931434 0.07711023 0.04498264 0.37041536 0.7210333 0.008846063 0.041550796 0.17199448 0.020788003 0.0057999874 0.05821334 0.07322127 0.019867962 0.0045894017 0.00035611168 0.0005402833 0.63295 0.024287239 0.0004995655 9.874064e-05 0.067588426 0.00085050624 0.00091684534 0.0011528379 0.02732972 2.1528338e-05 0.22090492 0.17007254 0.20197561 1.5586966e-05 0.18848245 0.026967168 0.00016911062 3.9042163e-05 0.005696097 0.001572476 0.0002775238 2.50865e-05 4.0624072e-05 0.0032258988 9.084152e-06 0.058658596 0.033333644 0.27754375 4.252359e-05 2.571653e-05 0.10172564 0.10981399 8.72512e-06 1.6993723e-06 0.0053432984 4.431273e-05 6.5331483e-06 0.0005011727 1.3854413e-05 6.211175e-06 2.4381055e-05 5.2003394e-05 2.972177e-07 0.00043823107 1.2691173e-05 3.6665313e-07 7.3449683e-06 0.2627273 0.00017632195 0.0014518885 7.312692e-06 0.24285993 0.002358407 5.0043877e-06 6.076367e-06 0.07479835 2.7045892e-06 2.787914e-07 1.04619985e-05 2.1199652e-08 4.2843432e-08 8.9420955e-06 0.0002895147 1.1751954e-07 3.4149244e-07 1.2626953e-06 0.00021816148 1.2798421e-07 0.00020286751 0.00025285344 8.724616e-07 4.0659143e-07 1.4469536e-07 2.7068365e-08 2.4367594e-07
0.9747401 0.15433118 0.079670414 0.088170275 0.45925638 5.649788e-13 0.9436002 0.16942242 0.28311738 0.84965795 0.6125853 0.4945247 0.0016828087 0.03388326 0.40047237 0.0010852253 0.007013105 0.019024566 0.00205064 0.12099813 0.015892938 0.1926135 0.32727492 0.197021 0.018831607 0.0001360743 0.3064551 0.0013903253 0.013666111 1.29950095e-05 0.009882689 0.06276835 0.006848611 0.00017116818 0.024042947 0.00042313774 0.54786146 0.12461019 0.29586574 0.00048014213 0.13475254 0.03685397 0.018239466 1.2002223e-05 0.0926027 0.0006921148 0.008435359 2.4252608e-05 0.00028091707 0.0011002307 8.2967206e-05 0.02856371 0.18188986 0.46762484 3.447572e-05 1.8841251e-06 0.0609843 0.21203762 0.00010089585 8.8722786e-08 0.013023894 0.00052146 1.8280065e-05 8.344411e-05 0.00022316432 4.5326665e-06 0.00015780171 0.00029683433 1.6186755e-06 0.00021622896 2.2291786e-05 4.506796e-06 5.0769486e-05 0.2227813 0.00019804756 0.003837415 5.7862362e-05 0.061727785 0.039231397 1.3231943e-05 0.00020753169 0.22320145 8.435773e-06 7.935729e-05 5.2304607e-05 4.3977656e-07 2.298946e-06 2.2040927e-05 0.00069498166 1.1429666e-07 8.3159057e-07 3.2827343e-06 0.00015959195 5.926657e-07 0.000255393 0.00021271144 2.9738994e-06 3.9402616e-06 2.0845164e-06 8.306422e-08 5.3877153e-07
0.95551264 0.23557776 0.037972543 0.17970191 0.25619358 0.9436002 2.042027e-16 0.031066757 0.09347463 0.72250843 0.3640852 0.82969016 0.00011544227 0.004466218 0.20861234 0.0008573277 0.009460507 0.0020942176 0.0027521069 0.50029373 0.03821318 0.7204364 0.34357706 0.31530237 0.09734388 6.497481e-05 0.077682905 5.4048112e-05 0.059969608 1.9000838e-06 0.0012028873 0.04622393 0.060065806 1.0418648e-05 0.044519506 0.0028186582 0.23502639 0.041541785 0.10746238 0.004054266 0.037051026 0.106034994 0.0065239747 6.910483e-06 0.05165205 0.00092693965 0.0069579347 5.1553175e-06 0.0008823963 2.7845263e-05 0.00019844233 0.00096516445 0.0666105 0.10135531 6.307061e-06 1.6494602e-06 0.00499445 0.027967475 0.00011273192 4.4519112e-08 0.03907455 0.000599374 4.6149034e-06 1.04102655e-05 0.000121081604 2.2286163e-06 4.7635785e-05 9.460471e-05 1.3537671e-07 1.7213457e-05 5.484427e-06 3.2796456e-06 8.50696e-05 0.0057717445 2.117465e-05 0.0052352343 2.1160298e-05 0.00056585355 0.005111313 3.1707983e-05 4.3407716e-05 0.011347883 8.6095685e-07 3.6974122e-06 1.7871464e-05 1.9901134e-07 5.1156644e-07 1.8054436e-05 1.1724561e-05 2.6710424e-07 1.4707949e-06 3.3119848e-06 9.701495e-05 5.883513e-07 0.00090453844 3.528932e-05 1.373617e-06 1.2658373e-06 5.1030884e-07 5.7728833e-08 3.8537584e-07
0.9534892 0.6317902 0.76974267 0.19812077 0.87878627 0.16942242 0.031066757 3.2150901e-13 0.91903144 0.106002584 0.085087426 0.0054059178 0.52105457 0.81833816 0.2946329 0.064898916 0.113581724 0.49320528 0.07735578 0.00029964786 0.06434681 0.011586802 0.0006966144 0.0003983666 5.4215478e-05 0.006306533 0.8016703 0.24303308 5.760309e-05 0.001820221 0.31012487 9.4122704e-05 0.00018870312 0.064012446 0.031059299 6.7202886e-06 0.10088271 0.16661699 0.14669424 3.4793252e-06 0.2126799 0.0117754135 8.119845e-05 0.00049922307 0.0013904909 0.0034921772 0.00023439668 0.00037014435 1.3915642e-05 0.05627652 1.2436756e-05 0.25834703 0.00900963 0.24321648 0.00068785285 0.00011888959 0.28102353 0.10849621 5.171405e-06 2.0158397e-05 0.0040436727 8.494451e-05 8.912566e-05 0.013882618 2.3465509e-05 3.0454443e-05 7.861899e-05 0.00011485695 2.8156717e-06 0.005212696 2.8315932e-05 1.08492905e-07 1.3234043e-06 0.5971892 0.0011669985 0.0021667401 8.656337e-06 0.5034806 0.000537011 6.359199e-07 7.1027457e-06 0.034622915 2.8122866e-05 1.4494651e-06 5.1766678e-05 9.693809e-09 4.3757492e-08 6.1571227e-06 0.00064915285 6.540948e-08 1.7675032e-07 6.012391e-07 0.00033874935 1.2396757e-07 5.1894694e-05 0.0007763514 9.1135195e-07 3.4113716e-06 8.355439e-07 1.690935e-08 6.339631e-08
0.90830433 0.26121125 0.4285719 0.09271778 0.95420676 0.28311738 0.09347463 0.91903144 4.4814175e-14 0.28933418 0.26540062 0.036215026 0.079894036 0.5809674 0.7030812 0.008302852 0.019063214 0.28301525 0.012246957 0.002209549 0.019014144 0.016189676 0.011485235 0.0023832142 0.00023334882 0.00087155105 0.84404165 0.04857852 0.00032221124 0.00035781294 0.14819546 0.00075146946 0.00054131245 0.0042143753 0.011610423 2.2097858e-05 0.26889527 0.26538402 0.25798237 1.1792539e-05 0.29715654 0.0057896893 0.00021726268 8.481823e-05 0.008085413 0.0011948223 0.0004712156 8.009854e-05 3.2659424e-05 0.011642118 1.908595e-05 0.10696095 0.04189384 0.30671862 6.550777e-05 2.5512973e-05 0.16919267 0.15852426 9.119636e-06 3.680736e-06 0.0018860428 8.579244e-05 6.877412e-06 0.0015774874 2.26712e-05 6.989681e-06 3.563104e-05 7.849464e-05 4.424305e-07 0.0009807016 2.4067498e-05 6.0853876e-07 6.2674035e-06 0.4070381 0.00023655835 0.0012992799 8.627285e-06 0.30897248 0.004605912 1.4860092e-06 1.37788575e-05 0.11564662 6.988814e-06 6.93238e-07 3.1006496e-06 2.9230952e-08 1.1700534e-07 8.147028e-06 0.0008537182 5.005399e-08 1.9351248e-07 9.2308017e-07 8.120464e-05 1.3363807e-07 5.1625186e-05 0.0006946762 1.1929458e-06 4.1622715e-07 1.287459e-07 8.625256e-09 1.0614191e-07
0.9358285 0.058394853 0.060952783 0.03146818 0.5192772 0.84965795 0.72250843 0.106002584 0.28933418 2.5276835e-15 0.9347877 0.5723961 0.00044245672 0.020423168 0.8741297 0.00029500618 0.0015708857 0.008431881 0.0007288807 0.20576735 0.0052955314 0.09974388 0.5339004 0.24262536 0.025687948 4.4003576e-05 0.37671354 0.000360184 0.011542961 3.1650598e-06 0.003751445 0.082650945 0.0043421015 3.9834606e-05 0.006769042 0.00023353049 0.59993446 0.15167764 0.28941134 0.0005444517 0.17958516 0.015547104 0.01532397 6.2058984e-06 0.12232729 0.00026129145 0.011277574 2.4915228e-06 0.0001351259 0.00017099899 3.7245092e-05 0.009398256 0.26183513 0.4787035 1.314816e-06 9.585955e-07 0.048670847 0.17566372 4.2417025e-05 2.7466434e-08 0.0024447264 0.00027831257 1.0607224e-06 3.7457212e-05 8.995867e-05 8.2639633e-07 3.794243e-05 0.0002595391 6.264816e-08 7.304457e-05 6.649201e-06 2.7579931e-06 5.7224854e-05 0.146971 7.011035e-05 0.0006576968 1.2187872e-05 0.047980785 0.07349159 1.8935056e-05 2.7900365e-05 0.22192626 1.3218604e-06 1.6243917e-05 4.2693255e-06 5.2248637e-08 2.450986e-07 1.4910794e-05 0.0011411316 1.804717e-07 9.130631e-07 2.905979e-06 4.6088408e-05 4.600655e-07 0.00015407907 0.00020753307 2.1943977e-06 3.5643714e-07 1.1697979e-07 3.4382484e-08 3.8468292e-07
0.91420835 0.016694497 0.050482426 0.015913503 0.43931434 0.6125853 0.3640852 0.085087426 0.26540062 0.9347877 2.6510012e-15 0.449498 0.00026064436 0.02442584 0.9673924 0.00023370273 0.001043397 0.0145583525 0.00039546913 0.057850074 0.0022352173 0.02650476 0.28124103 0.09293001 0.0061948984 1.921498e-05 0.4172007 0.0003127291 0.0042916494 2.1616831e-06 0.00592575 0.035026573 0.0011665663 2.3800785e-05 0.0027293123 4.4415327e-05 0.6825932 0.15820564 0.31368354 8.449602e-05 0.18930501 0.0039526895 0.010397928 3.6541794e-06 0.08829999 0.00016738352 0.0078005735 1.8816867e-06 3.525084e-05 0.00016286878 1.4419271e-05 0.013947244 0.22601567 0.5068072 1.0506898e-06 6.169198e-07 0.06139763 0.20573361 1.609066e-05 1.645755e-08 0.0008385331 0.00014544862 6.4715624e-07 4.931891e-05 4.0009625e-05 4.3525984e-07 2.1194492e-05 0.00015659952 6.972278e-08 0.00010929072 8.458564e-06 1.2956926e-06 1.9294692e-05 0.39975482 6.461234e-05 0.0005846372 7.420309e-06 0.16427699 0.07128515 4.3635773e-06 3.142992e-05 0.33424598 2.0287525e-06 1.3128632e-05 1.6668262e-06 2.8116867e-08 2.3111559e-07 7.664388e-06 0.0025899797 4.676923e-08 3.617065e-07 7.965519e-07 2.5894806e-05 2.0234032e-07 7.567113e-05 0.00030303834 8.162881e-07 1.8327071e-07 5.089191e-08 1.7000806e-08 1.3554063e-07
0.9744231 0.021309923 0.0022370745 0.022633264 0.07711023 0.4945247 0.82969016 0.0054059178 0.036215026 0.5723961 0.449498 4.105736e-13 0.00014508994 0.0013906687 0.1853407 0.00018295701 0.001917149 0.0009561783 0.00043781355 0.8904461 0.0048459903 0.5198662 0.6867355 0.77010995 0.42889085 1.9651918e-05 0.09884128 0.00022409757 0.32559228 1.4193236e-06 0.0010907461 0.50904286 0.08869123 8.0097016e-05 0.008234735 0.01902076 0.56517166 0.052590676 0.16568169 0.023872297 0.06613649 0.058443654 0.19510838 2.3311727e-06 0.2844501 0.0003997412 0.099461146 6.5533914e-06 0.0045061535 0.00024482913 0.0010824566 0.0028583927 0.43206406 0.38043973 1.657029e-05 2.6116848e-07 0.010486668 0.1017634 0.0007490014 1.6079253e-08 0.018019913 0.0015020891 1.888267e-05 8.604078e-05 0.00079679093 7.440945e-06 0.00034844223 0.0027586825 1.8826667e-06 3.546215e-05 6.09718e-05 5.000135e-05 0.0003342992 0.05066622 6.1079525e-05 0.003870846 0.00022068153 0.0015179052 0.12658966 8.11469e-05 0.00062663737 0.22125599 3.589526e-05 0.0012511073 1.936201e-05 1.9542325e-05 5.8974172e-05 0.00023928338 0.00018592537 2.6037949e-06 1.8724366e-05 4.0136583e-05 6.9889116e-05 5.0944013e-06 0.0007532017 5.9892423e-05 4.1933326e-05 5.9836907e-06 2.0139823e-06 2.418802e-07 2.2932754e-05
0.94412977 0.5412722 0.77237517 0.099534445 0.04498264 0.0016828087 0.00011544227 0.52105457 0.079894036 0.00044245672 0.00026064436 0.00014508994 1.2400893e-15 0.7337027 0.00081549573 0.78609216 0.4031697 0.71764076 0.48874983 1.0408359e-05 0.07279466 0.0007030076 8.867322e-06 1.8853485e-05 4.2175548e-06 0.4425229 0.079892226 0.88243824 3.7186119e-06 0.49832603 0.6324799 1.3540297e-06 9.973155e-06 0.9412137 0.04448132 3.6084896e-07 5.1214203e-05 0.0058185305 0.0005552965 3.8843618e-07 0.006887114 0.002318805 6.311288e-07 0.13948877 5.931972e-05 0.054049563 6.8374743e-06 0.116528004 5.611312e-06 0.31074727 1.1893358e-06 0.19093342 0.000105873056 0.0008579742 0.17250714 0.02677281 0.043518562 0.001193873 1.791894e-07 0.005616396 0.0017340427 2.591446e-06 0.016481182 0.15324503 1.5616416e-06 0.0019321764 0.0045277914 2.1960692e-05 0.00039818924 0.03946724 0.0003750264 2.1824844e-08 9.0774655e-08 0.060237646 0.0072286413 0.0008179477 3.376314e-07 0.10577235 2.8479847e-06 1.5381471e-07 4.3013145e-07 8.320471e-06 1.863451e-05 2.1426363e-08 0.0003871174 1.8889224e-09 1.6123378e-09 5.8977967e-06 5.5043542e-06 6.7610344e-09 2.0000767e-08 9.1089625e-08 0.0008934058 1.0103333e-08 9.753125e-06 0.000112675385 2.2555348e-07 1.261079e-06 5.3548625e-08 7.3399953e-10 4.000319e-10
0.93516725 0.25440925 0.57872367 0.06825703 0.37041536 0.03388326 0.004466218 0.81833816 0.5809674 0.020423168 0.02442584 0.0013906687 0.7337027 8.472758e-15 0.12209798 0.03502339 0.05109081 0.95934284 0.03382391 7.299519e-05 0.022605915 0.0037337183 0.00017559066 6.9729394e-05 1.016599e-05 0.0062897326 0.82396966 0.48356262 2.6064596e-05 0.003062116 0.7560315 1.7382928e-05 4.7913578e-05 0.11383603 0.011351753 1.7436348e-06 0.023284085 0.19134338 0.10496073 7.778038e-07 0.20197695 0.003935196 9.634635e-06 0.0002945457 0.00028255253 0.0015032514 5.738394e-05 0.00032245653 4.327465e-06 0.13645905 3.4109034e-06 0.35537234 0.0036809912 0.21133685 0.00030577942 8.162867e-05 0.28145385 0.09732206 1.7159426e-06 1.7961784e-05 0.0017572552 1.5563126e-05 1.2405662e-05 0.020353569 1.352766e-06 1.0926731e-05 1.636506e-05 3.8206155e-05 1.2576203e-06 0.0055784076 1.7875826e-05 3.7807894e-08 2.0799591e-06 0.5582023 0.002842101 0.00058455806 3.306153e-06 0.5703328 0.00066002796 4.796391e-07 8.978031e-07 0.03334343 3.5614376e-06 8.714786e-07 8.533397e-06 2.8588025e-09 2.8585367e-08 1.0777045e-05 0.0007525495 3.7713335e-08 1.8954098e-07 4.1589465e-07 0.00016129555 6.4832534e-08 4.786471e-05 0.0018735852 5.322129e-07 5.8868414e-07 6.24942e-08 1.8349573e-08 2.7169867e-07
0.517518 0.018447878 0.031047154 0.015022432 0.7210333 0.40047237 0.20861234 0.2946329 0.7030812 0.8741297 0.9673924 0.1853407 0.00081549573 0.12209798 2.4459345e-17 0.0005663038 0.0015647718 0.039435036 0.0006597394 0.02693095 0.0033462467 0.014413538 0.3730453 0.0530822 0.0034302904 8.4079635e-05 0.79704016 0.0016384606 0.0025622759 1.4859759e-05 0.021558037 0.034405716 0.00091725116 3.0114252e-05 0.0030945202 8.58187e-05 0.8197733 0.461761 0.6572976 0.00015044151 0.42608264 0.0025235394 0.0037371062 6.0750453e-06 0.15798974 0.00013364833 0.015736341 1.354195e-06 8.928329e-05 0.00011573956 1.4444429e-05 0.0115283355 0.13276036 0.24874501 8.4500607e-07 6.674458e-07 0.029139163 0.0975821 6.4056926e-06 6.7388946e-08 0.0007771106 8.716125e-05 2.7346272e-07 1.1050009e-05 7.792e-06 1.07630335e-07 4.956303e-06 9.209122e-06 2.046132e-09 8.060195e-06 1.1000669e-06 1.3788998e-06 9.686606e-06 0.02342005 2.8603929e-05 0.000385458 4.3879834e-07 0.0063347123 0.015476726 4.0033615e-06 3.269786e-06 0.04269866 1.9806502e-07 6.269446e-07 1.3655114e-06 6.615472e-09 1.6201161e-08 3.911243e-06 0.00052950945 1.0399904e-07 1.5462982e-07 3.728841e-07 1.2633921e-05 1.0967781e-07 3.8940016e-05 3.261989e-05 1.5919967e-07 4.6503708e-08 1.2793315e-08 1.9349973e-09 6.713476e-09
0.95597214 0.40770578 0.27075514 0.25910172 0.008846063 0.0010852253 0.0008573277 0.064898916 0.008302852 0.00029500618 0.00023370273 0.00018295701 0.78609216 0.03502339 0.0005663038 5.8649627e-17 0.87202847 0.037290614 0.870158 5.3521082e-05 0.107533455 0.03568595 5.250797e-05 3.7126254e-05 1.772008e-05 0.94015145 0.0036095483 0.15234499 3.755597e-05 0.596196 0.028538814 7.4103314e-06 0.00074484746 0.38267022 0.16145986 5.452755e-06 8.979453e-05 0.00061722234 0.00019272284 3.89989e-06 0.0007866756 0.053839356 4.282011e-06 0.18960205 6.0115028e-05 0.8257881 9.470405e-06 0.07648059 5.4993572e-05 0.20480938 2.0312877e-05 0.043757822 5.9574104e-05 0.000103843304 0.069787286 0.038092643 0.0070821936 0.00018473306 6.605414e-06 0.017271696 0.037344273 7.4004194e-05 0.015848916 0.16727328 7.867236e-06 0.017837938 0.0052755023 1.1972021e-05 0.0018357887 0.025045212 0.0005916348 1.5861545e-07 4.820491e-06 0.004940749 0.0011912497 0.044024553 1.2306597e-07 0.0071249343 8.0155856e-05 2.8252098e-06 2.8438617e-06 7.2329576e-06 0.00011603576 1.0648317e-07 0.0005682511 9.508943e-09 9.731587e-08 2.3883069e-05 4.895142e-06 2.4235389e-08 2.6190028e-07 2.137693e-08 0.0023172763 1.9783895e-08 4.0591076e-05 0.00016716975 4.4972722e-08 1.3773313e-05 5.2404685e-06 2.8361184e-08 1.8618211e-08
0.8770305 0.37646523 0.2105213 0.6600703 0.041550796 0.007013105 0.009460507 0.113581724 0.019063214 0.0015708857 0.001043397 0.001917149 0.4031697 0.05109081 0.0015647718 0.87202847 6.1517766e-17 0.030092703 0.98081565 0.00039648343 0.80988455 0.21931462 0.0002758696 0.00019035336 0.00020602037 0.109882 0.009854193 0.05908557 0.00030049548 0.034123365 0.017106498 1.2943126e-05 0.002495123 0.061704572 0.54354644 5.637529e-05 0.00034061738 0.0028246078 0.0013416195 1.424529e-05 0.0028516224 0.19410796 1.2017824e-05 0.012586414 0.00024074328 0.49356627 1.7561519e-05 0.010087157 0.00012079637 0.03550718 5.9827005e-05 0.014846976 6.814512e-05 0.00020183799 0.0054793465 0.0041137487 0.0023662956 0.00014187147 2.8175975e-06 0.0031749425 0.087861635 9.43329e-05 0.0012771849 0.008518627 1.5124155e-05 0.0063073295 0.00075832667 9.718224e-06 0.0011004091 0.0015820826 0.00015049476 6.065378e-06 5.1074505e-05 0.0019261519 0.000121614634 0.13298705 2.2184282e-07 0.0006145326 3.9792954e-05 8.60021e-06 4.27999e-06 1.9348988e-06 9.539026e-07 1.3295891e-08 0.0001472704 4.9718376e-09 2.8366122e-07 9.783159e-06 8.894556e-07 7.157074e-08 1.0196705e-06 3.927502e-08 0.00038253094 4.0798685e-08 0.00030341776 0.00020982488 9.914496e-09 7.495133e-07 2.0434702e-07 4.0206093e-08 2.2159108e-08
0.9484765 0.09931814 0.42967957 0.042284444 0.17199448 0.019024566 0.0020942176 0.49320528 0.28301525 0.008431881 0.0145583525 0.0009561783 0.71764076 0.95934284 0.039435036 0.037290614 0.030092703 5.0035995e-14 0.02376098 3.2697662e-05 0.011381802 0.0010070509 0.000110649475 5.835307e-05 1.41920245e-05 0.005971281 0.65838265 0.5430922 2.392141e-05 0.004783149 0.83278316 2.1138192e-05 3.2920943e-05 0.1511801 0.0069013583 2.7165709e-06 0.010086781 0.1179104 0.05236809 8.8447166e-07 0.15218775 0.0013900945 1.578653e-05 0.000498517 0.00032969218 0.0023467315 7.400392e-05 0.00049814826 1.4386792e-06 0.18774527 2.5973666e-06 0.396477 0.0022592286 0.16527711 0.001089829 0.00014718754 0.30307543 0.09626444 1.3573109e-06 2.78214e-05 0.0011133242 3.8967137e-05 6.325811e-05 0.048844337 3.0237004e-06 3.0661675e-05 2.9483977e-05 3.396331e-05 7.3419083e-06 0.014326674 4.061838e-05 3.2168586e-08 4.7097427e-07 0.79891914 0.007016065 0.0010307245 1.2387887e-06 0.732543 0.0010337369 3.0099466e-07 8.984193e-06 0.04874868 9.871009e-06 1.1420651e-06 3.6033518e-05 2.7035343e-08 1.8207302e-07 1.2306033e-05 0.0014306057 1.6178651e-08 1.0768784e-07 1.7359733e-07 0.0001831024 6.5724244e-08 3.366277e-05 0.0032860702 3.1104838e-07 1.3086612e-06 1.993411e-07 1.0361567e-08 6.074385e-08
0.93281025 0.17096706 0.17312284 0.26426864 0.020788003 0.00205064 0.0027521069 0.07735578 0.012246957 0.0007288807 0.00039546913 0.00043781355 0.48874983 0.03382391 0.0006597394 0.870158 0.98081565 0.02376098 2.1682997e-18 0.0002666338 0.35145843 0.038028173 0.00010706069 0.000100369834 8.675424e-05 0.19163091 0.005491616 0.066317126 2.7831216e-05 0.07141433 0.0143354405 8.427178e-06 0.00032815262 0.09334548 0.24142107 5.5893456e-06 0.00024017363 0.0010511003 0.00079966016 4.44481e-06 0.0012908641 0.04411447 7.0486753e-06 0.027418105 0.00013766321 0.8016071 1.8253168e-05 0.013517921 1.4031901e-05 0.051832236 6.8378395e-06 0.014060509 0.00011687203 9.82284e-05 0.008366049 0.01062116 0.0026713791 0.00015045803 9.4863174e-07 0.00655528 0.026079047 5.595375e-05 0.0017423102 0.013158705 9.661457e-06 0.0072208447 0.000848971 8.087706e-06 0.00066241727 0.0018331618 0.000168641 5.664766e-07 2.940671e-06 0.0026290528 0.00017122434 0.066633694 3.6289663e-08 0.0007938632 1.9329409e-05 1.3709538e-06 1.5666315e-06 3.4818098e-07 3.4931697e-06 2.2824521e-08 0.0009783261 3.5923475e-09 1.0790248e-07 8.710222e-06 1.7921778e-07 2.0042851e-08 4.4516932e-07 5.897386e-08 0.0022235683 3.1429455e-08 8.099335e-05 2.6624466e-05 9.687081e-09 4.6715097e-05 5.7025213e-06 2.4600988e-08 6.397011e-08
0.9098719 0.0036334358 0.00020964546 0.00573279 0.0057999874 0.12099813 0.50029373 0.00029964786 0.002209549 0.20576735 0.057850074 0.8904461 1.0408359e-05 7.299519e-05 0.02693095 5.3521082e-05 0.00039648343 3.2697662e-05 0.0002666338 4.1396679e-16 0.0021492501 0.29082835 0.62986845 0.89520586 0.8984961 9.366089e-06 0.0033548442 2.457685e-05 0.6412287 4.1795025e-07 6.6852495e-05 0.584779 0.22873999 6.944414e-06 0.005177984 0.15769644 0.22627133 0.0073407567 0.03321808 0.30830094 0.00705488 0.046024438 0.23021074 6.7537974e-07 0.20413679 0.00022946244 0.11558036 6.392575e-07 0.010535918 3.093297e-05 0.005783481 0.00030336107 0.25997657 0.075133085 8.966557e-07 7.540857e-08 0.0005353918 0.012091637 0.0068591484 4.9420366e-09 0.01947228 0.011060923 1.9285835e-06 5.235214e-06 0.003120192 9.942788e-07 4.363879e-05 0.008641656 6.47606e-08 8.144558e-06 5.7911466e-06 0.00010846648 0.00067359995 0.0017386187 5.272743e-06 0.0032203426 0.00026580057 4.9070775e-05 0.06462593 0.00015987956 0.00042453085 0.044974845 2.0255018e-07 0.0013802341 6.242645e-07 1.6090922e-05 1.9450068e-05 5.1588515e-05 1.0791298e-05 1.0764702e-06 9.76745e-06 3.4765508e-05 6.215915e-06 5.473011e-06 0.0011657793 1.998092e-06 1.0590572e-05 3.4221654e-07 5.58185e-08 2.8228382e-07 6.702272e-06
0.94095796 0.27492398 0.10314362 0.9022408 0.05821334 0.015892938 0.03821318 0.06434681 0.019014144 0.0052955314 0.0022352173 0.0048459903 0.07279466 0.022605915 0.0033462467 0.107533455 0.80988455 0.011381802 0.35145843 0.0021492501 1.4534042e-16 0.517444 0.0008616503 0.0007993928 0.0009495275 0.012074197 0.016706163 0.007895644 0.0024263272 0.0045686834 0.008914624 0.00013759929 0.012470821 0.0044453726 0.95571727 0.0008967058 0.0011028186 0.0039257295 0.0018481546 0.00017951723 0.003282243 0.4059689 2.870717e-05 0.0019162535 0.00037163237 0.0881538 5.85039e-05 0.001395665 0.0012042136 0.0030978909 0.0012964004 0.006499384 0.00027460308 0.00063141243 0.0007248536 0.0010135331 0.0040668864 0.0006721062 7.356091e-05 0.00079493865 0.20236392 0.0001551577 0.00017537242 0.0011048261 8.698521e-05 0.00080584816 0.00035140087 7.511097e-05 0.00021937156 0.00045759694 7.341506e-05 0.00021395145 0.00033900532 0.0017056282 2.1292242e-05 0.31829578 1.2159928e-05 0.00086563866 7.48816e-05 0.0004979103 2.3366627e-05 7.084369e-05 1.8740695e-05 1.9846911e-07 0.00019095428 5.109599e-07 2.753339e-06 3.4372504e-05 4.6313357e-06 8.6734335e-06 5.3062206e-05 3.6269148e-06 0.00064783986 1.2075635e-05 0.0068247127 0.00010491399 8.279536e-07 1.3432972e-05 1.1217279e-05 1.5426012e-07 3.7049324e-07
0.93750656 0.15429525 0.012650566 0.60178417 0.07322127 0.1926135 0.7204364 0.011586802 0.016189676 0.09974388 0.02650476 0.5198662 0.0007030076 0.0037337183 0.014413538 0.03568595 0.21931462 0.0010070509 0.038028173 0.29082835 0.517444 6.543042e-16 0.034796517 0.08346622 0.14466518 0.0060811765 0.0068251872 3.122542e-05 0.37114397 0.0006763254 0.00016731361 0.010310716 0.7648901 3.032491e-06 0.45560175 0.07936059 0.011619466 0.0025094864 0.005987202 0.005189213 0.0011494631 0.97741944 0.0024227998 0.00082420727 0.0064173476 0.026873704 0.0016074742 0.000114183524 0.027432943 4.7631993e-06 0.08633478 5.861644e-05 0.0029207119 0.0013552101 9.702245e-05 0.00013445309 9.94775e-05 0.00026735722 0.0033914906 1.3681009e-05 0.3339433 0.002039805 1.0213363e-05 6.509475e-07 0.00067433267 6.925624e-06 1.3939004e-05 0.00017041535 5.4426994e-07 2.4844426e-06 4.2917286e-06 0.0037325665 0.0042131315 0.00022276836 1.6005704e-07 0.42434987 5.725111e-05 1.8514867e-05 8.984575e-05 0.0073208255 0.0009224735 0.00025178795 1.1621832e-05 7.71875e-06 7.504159e-05 8.431418e-05 7.698867e-05 5.797858e-05 1.8261585e-06 6.1398285e-05 0.00018302051 1.6250751e-05 5.7786758e-05 3.6559068e-05 0.020853588 5.674301e-06 9.2969026e-07 0.00011445675 2.2342909e-05 4.4098775e-07 1.5465703e-06
0.90514225 0.0013077562 0.0007757449 0.0040343427 0.019867962 0.32727492 0.34357706 0.0006966144 0.011485235 0.5339004 0.28124103 0.6867355 8.867322e-06 0.00017559066 0.3730453 5.250797e-05 0.0002758696 0.000110649475 0.00010706069 0.62986845 0.0008616503 0.034796517 2.783657e-15 0.94572306 0.36776674 9.470548e-06 0.028900636 1.6241285e-05 0.1753153 5.8816227e-07 8.6279564e-05 0.936975 0.013419177 3.143551e-06 0.0016315079 0.008565265 0.6703283 0.048615757 0.18120928 0.037750896 0.061262947 0.006606961 0.40998352 1.1347964e-06 0.5191683 9.507294e-05 0.21285187 2.0215805e-07 0.0011845155 1.9839776e-05 0.00053435506 0.0005322497 0.47678253 0.42968193 1.9743457e-07 1.0354045e-07 0.005240447 0.1159925 0.00023124492 4.069631e-09 0.0019490799 0.002881809 1.2744756e-07 6.1161854e-06 0.00040953176 2.2074393e-07 8.579828e-06 0.005616348 1.2347596e-08 2.2292741e-05 2.309835e-06 2.713825e-05 0.00015479766 0.05005469 1.0199901e-05 0.0007797985 5.1110906e-05 0.0012048603 0.20989703 3.5494122e-05 9.551634e-05 0.2908396 1.4317234e-06 0.001769654 1.8818286e-06 2.4889397e-07 4.349391e-07 2.226338e-05 0.001027304 4.4969573e-07 1.5097157e-06 2.6895223e-06 1.2620457e-05 8.6960654e-07 0.00017067802 1.1165175e-05 1.5893927e-06 9.11475e-08 1.826817e-08 7.5371474e-08 4.781242e-07
0.9561987 0.00084452645 0.00034662778 0.0016296163 0.0045894017 0.197021 0.31530237 0.0003983666 0.0023832142 0.24262536 0.09293001 0.77010995 1.8853485e-05 6.9729394e-05 0.0530822 3.7126254e-05 0.00019035336 5.835307e-05 0.000100369834 0.89520586 0.0007993928 0.08346622 0.94572306 4.9684285e-15 0.6929155 1.0029649e-05 0.005613376 2.1856704e-05 0.62528545 4.5146012e-07 8.930024e-05 0.8778064 0.05624293 5.4293578e-06 0.0019200025 0.09082673 0.4893337 0.012670495 0.0740368 0.24975897 0.015543672 0.014621961 0.49923274 1.2119863e-06 0.40999123 0.00017270901 0.26515433 6.0711096e-07 0.0077706543 4.1298455e-05 0.0029269967 0.0005272804 0.4927184 0.31287226 2.759394e-07 1.1935495e-07 0.0017107321 0.055912536 0.0023725922 4.902867e-09 0.005994812 0.011242593 7.349645e-07 7.9534e-06 0.0030966236 1.267433e-06 3.5689536e-05 0.026693566 8.630922e-08 3.0237396e-05 1.1695124e-05 0.00016751111 0.00051755575 0.014438089 1.2661168e-05 0.0011750582 0.00045106356 0.00067033205 0.27290958 0.00013473818 0.0004980295 0.33071652 8.257241e-06 0.017536366 3.6432114e-06 3.5703404e-06 7.695303e-06 9.564049e-05 0.00018720428 1.9976653e-06 1.9131072e-05 2.1376496e-05 2.3691382e-05 6.586631e-06 0.00058887934 2.3472928e-06 9.651972e-06 3.7079863e-07 7.60061e-08 4.3592243e-07 3.6315491e-06
0.88150704 0.00029636815 2.9010294e-05 0.0013423631 0.00035611168 0.018831607 0.09734388 5.4215478e-05 0.00023334882 0.025687948 0.0061948984 0.42889085 4.2175548e-06 1.016599e-05 0.0034302904 1.772008e-05 0.00020602037 1.41920245e-05 8.675424e-05 0.8984961 0.0009495275 0.14466518 0.36776674 0.6929155 7.286942e-15 5.468368e-06 0.0002435502 1.4037187e-05 0.92104256 1.1789717e-07 2.5607405e-05 0.6198695 0.41286832 2.0191767e-06 0.002484117 0.68164325 0.07075194 0.0007214626 0.004202226 0.7990679 0.0010409119 0.031910725 0.388837 8.722519e-07 0.14540294 0.00025840916 0.13934888 1.1878599e-06 0.06513354 9.001896e-06 0.036731467 0.00013099074 0.19235377 0.013993696 9.93461e-07 4.1512447e-08 0.0003044113 0.0028333017 0.07695363 1.6737416e-09 0.020183237 0.0674253 2.5231748e-06 2.668032e-06 0.028540378 1.0661299e-06 0.00021254578 0.11743627 1.10192595e-07 9.65464e-06 2.6122754e-05 0.00034156593 0.0020094425 0.00030440174 4.2570064e-06 0.0031895067 0.00081174454 9.153331e-06 0.07451984 0.00024118334 0.0012541235 0.017655915 4.6810105e-06 0.005739338 7.2729614e-07 0.00010227042 5.4297023e-05 0.00027149057 8.023703e-06 1.6663438e-05 0.000119381424 9.276117e-05 1.13513015e-05 3.364265e-05 0.0016772149 1.2087922e-06 3.9498085e-05 1.049387e-06 1.6057702e-07 2.7275232e-06 3.3259133e-05
0.92188627 0.06435283 0.034353446 0.021722531 0.0005402833 0.0001360743 6.497481e-05 0.006306533 0.00087155105 4.4003576e-05 1.921498e-05 1.9651918e-05 0.4425229 0.0062897326 8.4079635e-05 0.94015145 0.109882 0.005971281 0.19163091 9.366089e-06 0.012074197 0.0060811765 9.470548e-06 1.0029649e-05 5.468368e-06 3.9834008e-14 0.00032089508 0.045528274 4.824216e-06 0.9796319 0.0067648925 1.4082541e-06 8.214055e-05 0.31561348 0.040869977 1.3663866e-06 1.7157325e-05 8.664294e-05 1.5560054e-05 2.0341886e-06 0.00016598465 0.018043818 3.5498033e-06 0.4982924 3.651363e-05 0.82041615 6.291928e-06 0.13302955 1.6204927e-05 0.1204056 5.912084e-06 0.016071906 4.7707206e-05 1.9864938e-05 0.16894345 0.09509211 0.0024167963 3.5739056e-05 8.791031e-07 0.046108894 0.011016476 5.9167454e-05 0.049925044 0.15392782 2.481885e-06 0.02491112 0.019940391 1.6009919e-05 0.0013815734 0.017804617 0.0023141592 7.798385e-08 2.6728121e-06 0.0054863184 0.0012968499 0.025955835 7.482431e-08 0.010061475 0.00026133007 9.5187244e-07 5.173719e-06 9.851486e-06 0.0001386982 1.8507179e-06 0.0016846 3.2407225e-08 1.879444e-07 7.0957016e-05 1.8583531e-06 4.5349402e-08 9.077055e-07 5.566745e-07 0.0056367116 1.1866466e-07 1.6915877e-05 0.00022510815 1.9873917e-07 6.4577835e-05 2.8839653e-05 1.4425596e-07 1.2987786e-07
0.86718494 0.09194167 0.30984008 0.04743369 0.63295 0.3064551 0.077682905 0.8016703 0.84404165 0.37671354 0.4172007 0.09884128 0.079892226 0.82396966 0.79704016 0.0036095483 0.009854193 0.65838265 0.005491616 0.0033548442 0.016706163 0.0068251872 0.028900636 0.005613376 0.0002435502 0.00032089508 3.7904538e-14 0.098727256 0.00017966023 6.5947555e-05 0.8233962 0.00033781794 7.680445e-05 0.0019035672 0.0055632642 5.1464317e-06 0.7568227 0.92700833 0.9039949 1.1546466e-05 0.90754426 0.0029676387 5.798378e-05 4.6818794e-05 0.00847102 0.00043625454 0.000586059 7.5780685e-05 9.043077e-06 0.006345702 2.5194487e-07 0.12695679 0.027998906 0.4975703 6.9469374e-06 1.6450325e-05 0.16966726 0.17977963 8.081426e-07 5.016671e-07 0.0006026059 4.174014e-05 2.1796143e-06 0.0003385128 2.2158838e-06 1.3193315e-06 2.217265e-05 3.6869562e-05 1.3016832e-08 0.0002161838 6.773055e-06 6.971613e-08 2.6081518e-06 0.091450535 0.00045416216 0.0016306344 4.1941684e-07 0.13348508 0.0040566814 2.3915127e-06 1.0350507e-06 0.09365921 2.6373524e-05 1.396318e-07 1.6420106e-05 1.2144159e-08 3.4073542e-09 5.0363756e-06 0.0014069668 3.471879e-07 2.7215156e-06 1.5001814e-06 0.00020177524 5.753419e-07 4.4172433e-05 0.00077879213 4.1310028e-07 2.7079898e-07 1.852604e-08 8.519779e-09 2.190642e-08
0.86089796 0.031287313 0.25381947 0.017431047 0.024287239 0.0013903253 5.4048112e-05 0.24303308 0.04857852 0.000360184 0.0003127291 0.00022409757 0.88243824 0.48356262 0.0016384606 0.15234499 0.05908557 0.5430922 0.066317126 2.457685e-05 0.007895644 3.122542e-05 1.6241285e-05 2.1856704e-05 1.4037187e-05 0.045528274 0.098727256 2.6412164e-14 2.1834549e-06 0.061401892 0.9661861 1.7452553e-06 2.3615823e-06 0.8585985 0.0042727967 2.3998825e-07 0.0001624337 0.012353669 0.0018835847 2.3271201e-07 0.019529475 0.00021385538 1.3420815e-06 0.012872193 8.1159276e-05 0.002954785 3.646425e-05 0.012826986 6.9601566e-07 0.5251485 3.6911956e-07 0.48986453 0.00023845167 0.014536605 0.028191287 0.0023061947 0.2177261 0.015167806 2.0476e-07 0.00042073187 0.00043578426 1.5345706e-05 0.0014568246 0.2748174 1.0128263e-06 0.00014766333 0.00039241233 2.2019329e-05 4.625626e-05 0.05231106 7.028139e-05 1.1396006e-08 1.7827526e-07 0.42815003 0.028232474 0.0005212296 5.488631e-07 0.5402051 0.0006756021 9.877073e-08 8.034833e-07 0.00084689027 1.877916e-05 1.6033312e-07 4.280682e-05 3.9409542e-09 1.863235e-08 2.4946765e-05 0.00037897172 2.6741583e-08 8.8914376e-08 2.3996034e-07 0.0003116207 3.1676926e-08 9.0688045e-06 0.0034758318 2.6548935e-07 1.4416031e-06 1.05733136e-07 2.9735916e-09 7.9695e-09
0.9606227 0.0007763373 3.0170453e-05 0.0026078385 0.0004995655 0.013666111 0.059969608 5.760309e-05 0.00032221124 0.011542961 0.0042916494 0.32559228 3.7186119e-06 2.6064596e-05 0.0025622759 3.755597e-05 0.00030049548 2.392141e-05 2.7831216e-05 0.6412287 0.0024263272 0.37114397 0.1753153 0.62528545 0.92104256 4.824216e-06 0.00017966023 2.1834549e-06 6.10821e-14 8.770775e-07 2.344862e-05 0.2478753 0.9111449 9.380905e-07 0.0028943892 0.916624 0.014641838 0.00027553484 0.00096935383 0.5163273 0.00025260568 0.13581932 0.19391762 1.9465608e-06 0.03681172 4.1468e-05 0.06417677 3.2732619e-06 0.12157238 5.3372987e-06 0.08571933 0.00012020878 0.106657736 0.006810428 2.300426e-06 9.505104e-08 0.00029721332 0.001217956 0.046258282 7.2247426e-09 0.07113548 0.024717532 3.929462e-06 4.2386027e-06 0.018655263 6.7872764e-07 5.6197125e-05 0.15746696 7.9234276e-08 3.9142822e-05 1.1457408e-05 0.0009723787 0.0024147748 0.0007377047 6.818148e-06 0.009924166 0.0013696178 1.5487747e-05 0.03823034 0.0007055509 0.0011619151 0.0024639524 7.304094e-07 0.005547536 9.490884e-06 0.00021694734 0.00011926388 0.0002468588 3.290592e-06 4.624872e-05 0.0001874054 5.2585245e-05 1.8330291e-05 0.00012884387 0.0031736302 9.139675e-07 3.821665e-05 8.14135e-06 1.4607875e-06 1.1714162e-06 2.18901e-05
0.9482765 0.021722354 0.016191682 0.009618304 9.874064e-05 1.29950095e-05 1.9000838e-06 0.001820221 0.00035781294 3.1650598e-06 2.1616831e-06 1.4193236e-06 0.49832603 0.003062116 1.4859759e-05 0.596196 0.034123365 0.004783149 0.07141433 4.1795025e-07 0.0045686834 0.0006763254 5.8816227e-07 4.5146012e-07 1.1789717e-07 0.9796319 6.5947555e-05 0.061401892 8.770775e-07 4.753034e-14 0.0058000656 1.07430566e-07 3.5942276e-06 0.5878851 0.012916639 3.805344e-08 2.6676428e-06 1.9064395e-05 4.3725872e-06 1.287831e-07 3.1879932e-05 0.0028026265 3.0776044e-07 0.92152613 7.0778156e-06 0.62810034 1.0906103e-06 0.44476396 1.8027259e-06 0.24995673 9.31733e-08 0.016760867 7.438639e-06 3.7218265e-06 0.4392465 0.15872934 0.0014658323 1.434381e-05 1.04880115e-07 0.08822756 0.0026191291 2.834922e-05 0.16016367 0.28285727 4.335989e-07 0.049178377 0.051637214 1.2429015e-05 0.0031779674 0.04771918 0.00796935 2.2179565e-09 1.7878759e-07 0.011209089 0.0058839936 0.009541624 8.500999e-09 0.008508247 0.00016988376 2.0795912e-07 9.022265e-06 1.0497118e-05 0.00013976563 1.123449e-06 0.0015541174 3.144119e-09 2.3716643e-08 4.7925638e-05 8.614324e-07 2.1147184e-09 2.9303967e-08 1.1487029e-08 0.005153588 2.5355718e-09 3.976456e-06 8.929061e-05 1.2806352e-08 1.0032863e-05 4.6157484e-06 8.452208e-08 4.302096e-08
0.54863316 0.030106496 0.20790705 0.015509608 0.067588426 0.009882689 0.0012028873 0.31012487 0.14819546 0.003751445 0.00592575 0.0010907461 0.6324799 0.7560315 0.021558037 0.028538814 0.017106498 0.83278316 0.0143354405 6.6852495e-05 0.008914624 0.00016731361 8.6279564e-05 8.930024e-05 2.5607405e-05 0.0067648925 0.8233962 0.9661861 2.344862e-05 0.0058000656 4.0806223e-16 5.268747e-06 6.071779e-06 0.65996057 0.0034836482 7.1376235e-07 0.0052667055 0.36451122 0.109443605 5.920916e-07 0.5013934 0.0001708003 4.5386355e-06 0.0011127488 0.00027360217 0.0016925043 7.640528e-05 0.0011738302 2.0661182e-06 0.6243131 8.335701e-07 0.8376103 0.0009592375 0.10500178 0.0056616045 0.0003674432 0.50169605 0.08745791 2.8280255e-07 6.124944e-05 0.00032388105 1.0512546e-05 0.00010899907 0.1101519 5.807249e-07 4.3005442e-05 6.043452e-05 7.324368e-06 4.7630133e-06 0.024950076 1.5010766e-05 6.682244e-08 1.0259249e-06 0.14263703 0.0044155275 0.00045577314 4.7093252e-07 0.13750328 0.0015008362 6.987358e-07 6.6428726e-07 0.0050752596 1.7867902e-05 1.3526403e-07 1.6943437e-05 4.578743e-09 3.1533517e-08 1.4618543e-05 0.0005619327 5.4361085e-08 1.5052237e-07 4.1043546e-07 0.00014914398 4.690833e-08 1.0146395e-05 0.0022871438 2.1713828e-07 3.0012384e-07 4.9049454e-08 2.0041313e-09 1.35309e-08
