2.0472086e-21 0.03419041 0.0027398835 0.025684634 3.915406e-05 0.07451026 9.070064e-05 0.057700288 0.19663163 0.21556501 0.29414213 0.36405215 0.051765546 0.51787895 0.019699864 0.11993935 0.6732681 0.41593224 0.34649593 0.0004511311 0.39888674 0.20924117 0.27585366 0.5408452 0.0004644506 0.4919539 0.6138959 0.57665545 0.19159323 0.5916438 0.49886554 0.6081079 0.5306747 0.3487443 0.49052376 0.60883456 0.120569915 0.014908477 0.6776498 0.47816086 0.83713824 0.3341013 0.3095434 0.08593588 0.37298256 0.8005425 0.8839766 0.7251761 0.8454178 0.37735793 0.76553404 0.9481228 0.9529223 0.9344942 0.79203516 0.94849914 0.9255184 0.69327503 0.80296737 0.78805554 0.9653163 0.79417956 0.927616 0.5494496 0.98739636 0.8924132 0.9884364 0.99133706 0.94193953 0.9919906 0.6696595 0.9164915 0.93356615 0.99013036 0.99822 0.9972617 0.9993635 0.99971145 0.9746254 0.80453575 0.8772959 0.5278075 0.9195712 0.9752379 0.9218783 0.060786597 0.9991928 0.01141178 0.035887428 0.02506617 0.99999815 0.9998775 0.99784297 0.9575525 0.22295564 0.6805315 5.857414e-05 0.044815194 0.009408261 0.0016189171 0.005920742
0.03419041 7.471277e-16 0.9723805 0.69669384 0.04628006 0.32970676 0.00037158487 0.34995708 0.7640502 0.11564136 0.0014349495 0.007023553 0.35311085 0.19514224 0.16776112 0.04044869 0.016545411 5.546328e-05 0.0008824311 0.00019944827 2.608414e-05 0.1194383 0.06753981 1.2333439e-06 1.4828014e-06 5.5819196e-06 0.0002993071 0.00020032629 1.9208612e-06 1.2092622e-05 8.543697e-06 0.01305263 8.202138e-06 4.6796652e-07 1.6545647e-06 0.00026064162 3.1744246e-06 4.83629e-06 7.29725e-07 0.01171304 0.0016651581 3.7586028e-07 9.034869e-08 6.831308e-08 1.2555277e-08 1.6686002e-07 0.00045394 2.557565e-07 0.008454338 5.183381e-07 1.1568863e-07 2.3123708e-05 0.00023648077 1.3862976e-07 7.293054e-09 1.3398038e-06 0.00822292 9.464395e-09 0.0063531254 1.9332052e-08 5.197471e-08 1.3672098e-09 6.144452e-06 1.0074406e-09 0.0011549148 2.2720796e-08 1.0083105e-07 5.8865753e-06 2.9514604e-06 9.520413e-07 1.1751129e-10 1.7960602e-07 4.435642e-10 1.2351087e-07 0.0012046258 0.20951067 2.0313381e-07 0.0004245282 2.3379878e-08 2.9327119e-08 5.6702537e-10 1.027588e-07 1.253608e-09 0.013054964 7.990109e-09 1.2398093e-07 8.7550286e-11 7.66335e-08 8.755773e-07 6.974908e-07 0.005925778 0.0010327868 8.6647606e-10 2.2687583e-08 2.4912658e-10 1.675014e-11 9.9129885e-08 2.2305055e-07 1.5011753e-07 1.1223229e-07 2.118687e-07
0.0027398835 0.9723805 1.1809423e-16 0.95082986 0.67682976 0.8456192 0.030452807 0.5001241 0.18873549 0.030246532 0.026029512 0.0086546745 0.00488766 0.016094299 0.0016217032 0.0013654158 0.0069935657 0.0014768699 0.0017891861 0.0018198851 0.00072915916 0.00025295283 0.0012472343 5.228715e-05 4.211769e-05 1.6831604e-05 0.00039157495 0.00014596358 0.0001336352 9.681859e-06 2.5494974e-05 0.0008520609 7.684903e-06 8.546957e-06 3.9404626e-05 9.337866e-05 1.6797847e-05 0.00010387847 2.103545e-05 0.00030229654 0.00027356352 3.2304644e-05 7.695398e-06 3.2196935e-05 6.199165e-07 7.789488e-06 0.0001466042 1.0734936e-05 0.00014460177 2.5363603e-05 8.984109e-06 3.681384e-05 5.1016967e-05 2.3276539e-06 1.3852846e-06 2.4922036e-05 3.550168e-05 9.4006884e-07 4.7900874e-05 2.4532815e-06 7.607144e-06 3.5555056e-06 5.060817e-05 2.4561373e-06 0.00024563668 5.231393e-07 1.3070143e-05 7.867326e-06 8.83887e-06 1.8783869e-05 2.2520807e-07 2.830212e-06 3.1278645e-07 1.4745892e-05 0.0005955832 0.00056642614 1.106168e-05 0.00032730872 5.354306e-06 2.1020069e-05 2.529705e-07 2.0825028e-05 1.7805736e-06 0.0006926258 2.7469657e-06 1.7207326e-06 1.1785957e-06 8.066801e-06 2.4056299e-05 0.00014682318 0.0082155485 3.3763565e-05 6.8477226e-07 1.5728821e-05 9.2872875e-07 5.8516736e-07 2.919294e-05 2.7346389e-06 1.6039376e-06 3.941746e-06 2.1959582e-05
0.025684634 0.69669384 0.95082986 9.0637224e-17 0.04740194 0.8974146 0.0046923547 0.9462769 0.4789639 0.2724747 0.2223307 0.123267464 0.008288978 0.057749644 0.001012905 0.0032697492 0.04379436 0.019402118 0.017584277 0.00028152962 0.010361875 0.00013920933 0.0030753473 0.00087815215 5.9259673e-05 0.0005751982 0.0040067323 0.0017156474 0.0005011249 0.00025479577 0.00057699886 0.0038459438 0.00015872404 0.00011696178 0.000243737 0.0011514534 0.00039710727 6.601413e-05 0.00014692907 0.0012127969 0.0025450226 0.000116769195 7.7350465e-05 9.409067e-05 7.174049e-06 3.7316877e-05 0.0007726221 0.00010842129 0.0015024107 2.4840741e-05 4.857083e-05 0.00029138022 0.00026717142 7.617765e-06 1.611411e-05 7.765801e-05 0.00018305561 1.2191371e-05 0.00030277143 1.1957996e-05 1.1595429e-05 6.3655793e-06 0.00035280702 1.5452698e-06 0.0010006524 3.6075826e-06 0.00013559927 0.00028852327 1.7717799e-05 0.00015083126 6.5287855e-07 1.2352513e-05 1.5230038e-06 4.659874e-05 0.0019889877 0.00039388562 1.6697848e-05 0.0027423983 6.679722e-06 6.477234e-06 2.8201154e-07 1.744082e-06 1.1914746e-06 0.0009840148 9.400398e-06 5.038323e-07 5.502e-07 3.399589e-06 4.413018e-06 1.5501786e-05 0.011240304 1.5622592e-05 2.918591e-06 3.1994885e-05 3.9829443e-05 3.070526e-06 1.8605468e-06 2.0839906e-07 2.783533e-07 1.7393747e-06 3.791644e-06
3.915406e-05 0.04628006 0.67682976 0.04740194 8.4227226e-20 0.922729 0.99111825 0.031061292 0.0033866842 0.00088176236 0.009405945 0.0014321264 0.00011640873 0.00050611387 0.00036384285 4.3494616e-05 0.00018781603 0.00067803485 0.00073810294 0.09886666 0.00022273096 2.4521994e-05 1.1738647e-05 4.339669e-06 1.0487633e-05 1.9499312e-06 1.1533997e-05 3.511108e-06 1.1710559e-05 1.6507065e-06 1.4148571e-06 7.456495e-06 5.952094e-07 4.0228437e-07 3.642815e-06 4.986496e-07 0.00014740907 0.00014713379 1.5742124e-06 2.452666e-06 3.2863895e-06 1.3593157e-07 1.6405032e-07 7.349011e-08 4.852538e-08 1.1079259e-07 4.5445217e-06 1.5900962e-06 1.8889001e-06 1.0109989e-07 4.7844986e-07 6.313925e-07 1.5834228e-06 1.1090818e-08 2.0353231e-07 5.865647e-07 1.384176e-05 1.874514e-07 1.0392162e-05 4.8136945e-07 1.0345004e-07 6.818004e-08 3.5277928e-06 6.175093e-08 1.8712477e-05 2.0960666e-08 8.6939673e-07 8.6587187e-07 1.4187654e-07 1.383873e-06 4.031637e-08 3.4905432e-07 1.8558966e-08 3.934777e-07 4.6346027e-05 0.0006798942 8.0993885e-07 1.1648107e-05 4.4519774e-07 1.3513554e-06 2.14356e-08 4.639014e-06 3.2002188e-08 4.1262112e-05 8.3561e-07 5.6922214e-09 1.0874565e-07 2.316208e-06 4.134503e-07 2.5319246e-06 1.775198e-05 1.1753865e-06 7.554992e-07 1.7776096e-06 8.8463537e-07 1.8132168e-07 2.6807134e-06 2.2083373e-08 5.7065304e-08 1.5204475e-07 3.4625145e-07
0.07451026 0.32970676 0.8456192 0.8974146 0.922729 9.1209514e-17 0.94731027 0.66669023 0.08820091 0.09707996 0.66371006 0.2835933 0.0014682927 0.020605035 6.5033973e-06 0.002048691 0.08631975 0.1781183 0.1324364 0.041944735 0.12981635 9.477081e-06 0.0013583077 0.045351237 0.011330506 0.01398119 0.02154026 0.0047999145 0.018958554 0.0049776863 0.0021715271 0.00652433 0.00065417594 0.0009378384 0.004595729 0.0007369617 0.017953694 0.010768184 0.0012374952 0.0005280672 0.0019987184 0.0005371786 0.00018529734 0.00023249097 8.7695e-06 2.3191622e-05 0.0006410011 2.1205447e-05 0.0005201679 0.00069658016 2.8605386e-06 0.0002430265 0.00013656613 0.0001005371 3.8563947e-05 0.0002585588 8.061514e-05 1.0311752e-05 0.0001674493 3.4328298e-06 5.5675814e-06 1.2889468e-05 0.00015806919 7.925447e-06 0.00237365 2.9326782e-06 0.00015714408 0.0001381721 5.1362356e-05 6.413056e-05 1.2061737e-06 1.1870893e-05 7.461891e-07 2.924566e-05 0.0031862673 0.0016256357 4.518547e-05 0.0046356157 2.9490588e-05 5.6923172e-06 9.1261404e-07 4.3725922e-06 9.924922e-07 0.0009147969 1.0930453e-05 6.6592753e-07 5.380755e-06 0.0002888484 7.586431e-06 8.6730324e-05 0.042128853 6.3455445e-05 0.00037300345 8.1190934e-05 0.00020336671 6.350405e-05 6.1903233e-06 1.2641284e-07 1.0520263e-06 6.8164186e-06 2.3947068e-05
9.070064e-05 0.00037158487 0.030452807 0.0046923547 0.99111825 0.94731027 2.780192e-19 0.0017209732 0.00019485537 0.00014608001 0.0037240777 0.000435567 4.696209e-06 5.71509e-05 3.4797384e-07 3.2959028e-06 7.2284856e-05 0.001957075 0.00028761034 0.51476747 0.00030938679 1.6361917e-06 3.491797e-06 0.00091253966 0.0014381292 1.8396697e-05 1.1164941e-05 5.4775223e-06 0.00075725594 3.8661365e-06 3.474547e-06 1.26131545e-05 1.2156789e-06 1.8077495e-06 8.603636e-05 3.585942e-06 0.0044954186 0.011876289 1.448239e-05 1.5633389e-06 1.4717974e-05 9.239826e-06 4.0374275e-06 4.4531857e-06 5.459808e-07 9.743368e-07 8.7428525e-06 1.7057071e-05 7.190365e-06 3.6940853e-06 3.5401245e-06 5.846032e-06 2.017204e-06 3.613872e-07 8.5253555e-07 1.2726685e-05 4.8320994e-06 7.134643e-07 2.191541e-06 3.230281e-06 1.6065445e-06 5.369229e-07 8.395044e-06 2.5012553e-06 1.5285004e-05 1.7431542e-08 1.577397e-06 5.877205e-07 2.3910894e-07 1.5979981e-06 2.6654953e-07 1.9202314e-06 1.0463694e-07 6.5163016e-07 2.1273141e-05 1.7836712e-05 3.2144806e-07 1.3397304e-05 5.4605766e-06 1.291813e-05 6.5566354e-08 1.893836e-05 6.6201586e-08 4.0232928e-05 1.2993375e-05 1.9694205e-07 9.755985e-07 5.950375e-05 1.5348187e-06 9.853825e-06 0.00030214724 5.155077e-06 1.2872971e-05 8.184201e-05 7.632083e-06 2.034961e-06 4.660776e-05 3.536947e-07 6.0688234e-07 1.37767565e-05 6.6429834e-06
0.057700288 0.34995708 0.5001241 0.9462769 0.031061292 0.66669023 0.0017209732 1.497803e-15 0.9480423 0.91705185 0.6619233 0.5976239 0.018185623 0.28990227 0.00050980906 0.0035919233 0.194849 0.10406233 0.14914139 0.00020476225 0.051208317 0.00019303923 0.0017927806 0.0007409978 1.5773736e-05 0.0016439975 0.014685596 0.0050200834 0.0003894793 0.0010559193 0.0015942052 0.016619002 0.0004867558 0.00027932835 0.0007284707 0.002652703 0.00020877515 1.6522034e-05 0.0003168164 0.0036745253 0.008497543 9.379502e-05 0.00012288087 0.00016997938 1.9094217e-05 0.000118033924 0.0016368964 0.00048626008 0.0029148683 4.8094866e-05 0.0001512715 0.00041306074 0.00046080386 5.8793707e-06 4.0241444e-05 0.000121272285 0.0002632898 1.7208631e-05 0.00042339775 1.7068103e-05 1.7750524e-05 3.8880273e-05 0.0005451999 4.4746116e-06 0.0008427339 1.918786e-05 0.0002507733 0.00052063464 5.3986347e-05 0.00023301304 1.3697796e-05 3.7301572e-05 1.7453858e-05 0.00014701961 0.0012883387 0.0001881642 7.7195844e-05 0.0009748726 3.5894836e-06 2.7212382e-06 4.1658473e-06 1.3753211e-06 4.1949024e-06 0.00046829466 2.310506e-05 4.185889e-07 6.53057e-06 2.5764361e-06 3.845874e-06 1.6232227e-05 0.027753053 1.1246189e-05 9.325385e-06 0.00012186647 9.870685e-05 1.2992694e-05 3.0199192e-06 3.5984684e-07 9.373859e-07 5.779643e-06 1.0388941e-05
0.19663163 0.7640502 0.18873549 0.4789639 0.0033866842 0.08820091 0.00019485537 0.9480423 2.5805087e-15 0.9726022 0.058688883 0.13114193 0.2716629 0.76141727 0.025842395 0.06563613 0.30971515 0.005442524 0.040624034 3.271051e-05 0.0060485145 0.00059068773 0.027826663 7.776284e-06 1.6915675e-06 4.4944663e-05 0.019160334 0.015743546 1.7489918e-05 8.9531924e-05 0.0013354946 0.091818444 0.00010112965 1.4241621e-05 1.6841494e-05 0.0033705947 4.9998994e-06 4.331701e-06 5.1830175e-06 0.03571392 0.041607294 7.549964e-07 7.227789e-07 2.3694986e-06 2.0822662e-07 6.9976676e-07 0.010417472 1.4057846e-05 0.05647498 6.553151e-07 1.9685294e-06 0.0013968428 0.0066381614 6.894309e-08 3.744496e-07 3.5461765e-06 0.0055274055 2.1074645e-07 0.012163946 1.5249522e-07 1.2132195e-07 4.848354e-07 0.00060501526 1.4636734e-07 0.0049691815 1.5692878e-07 1.4227177e-05 0.0016553894 1.0238928e-06 6.386777e-06 7.924229e-08 4.0001575e-07 7.367874e-08 2.4852293e-06 0.003403352 0.0034853416 4.8713864e-06 0.00033669983 2.7974417e-08 7.086102e-08 1.0786395e-08 6.880659e-08 1.5545754e-07 0.001113793 2.1588164e-07 8.712082e-08 1.2255362e-08 5.403425e-07 7.879869e-07 1.1404694e-06 0.0056885406 8.9658126e-05 8.654941e-08 3.9513548e-06 5.011201e-07 5.1825232e-08 1.1498412e-07 7.666946e-08 1.832286e-07 2.1685103e-07 2.3304425e-07
0.21556501 0.11564136 0.030246532 0.2724747 0.00088176236 0.09707996 0.00014608001 0.91705185 0.9726022 3.3643325e-16 0.42544088 0.6349185 0.06853731 0.7264007 0.0032076505 0.02612569 0.5157382 0.13970613 0.37097645 6.245623e-05 0.057119656 8.0122e-05 0.005503184 0.00017976889 1.7884004e-06 0.00094111986 0.06723325 0.04717868 6.898173e-05 0.00091217074 0.008835002 0.176957 0.00063565257 0.00013604044 0.00024039017 0.015238692 1.2608801e-05 5.4470065e-06 9.373403e-05 0.044522498 0.10609186 2.1474232e-06 7.5647067e-06 4.4137337e-06 2.0440793e-06 3.152582e-06 0.02491953 0.0003534226 0.0374392 3.9626136e-07 4.092887e-05 0.0055553773 0.006385547 8.0459934e-08 9.237447e-06 5.148545e-05 0.0022170676 3.4542247e-06 0.0043429006 1.3488202e-06 7.3498904e-07 1.5039445e-06 0.0021620463 2.778009e-07 0.0041087535 7.148271e-07 0.00016351262 0.0032415758 3.9203774e-06 6.36919e-05 5.0093416e-07 5.5517276e-06 4.299158e-07 1.283689e-05 0.0050704386 0.00094132277 7.1721474e-06 0.00061656936 2.4499236e-08 8.9348404e-08 6.93079e-08 7.818327e-08 7.411129e-08 0.000763496 5.04715e-06 3.8857454e-08 1.0914442e-07 1.5742262e-06 1.6477173e-07 3.3501516e-07 0.005557171 3.5023208e-05 4.586772e-07 3.9067286e-06 9.465511e-06 5.8024824e-07 1.9036322e-07 4.6215096e-08 1.3365182e-07 2.5261372e-07 7.747382e-07
0.29414213 0.0014349495 0.026029512 0.2223307 0.009405945 0.66371006 0.0037240777 0.6619233 0.058688883 0.42544088 2.0004998e-16 0.9883509 0.0001589135 0.014381416 1.2141485e-06 0.00019685504 0.103327654 0.5312133 0.18477571 0.0014384221 0.2277437 4.4327476e-07 4.9002076e-05 0.079205774 0.0001247185 0.06837692 0.049517628 0.014115587 0.012181074 0.035424974 0.021060536 0.0068778656 0.009999517 0.007970482 0.016249314 0.0057395957 0.0031628043 0.00039648972 0.002148456 0.0005558812 0.02175996 0.00074499595 0.00043245044 0.00031714863 0.0002640278 0.00047215595 0.0036203612 0.003285329 0.001893663 2.3361748e-05 0.0005961949 0.0021458871 0.0010233985 2.779016e-05 0.00022278323 0.0007811125 7.6542965e-05 0.00014276386 0.0004902851 0.00014567518 9.09854e-05 7.9120684e-05 0.00094042235 1.080788e-05 0.0008244345 1.1964443e-05 0.00092926755 0.0019369269 6.0142956e-05 0.0010816671 2.599933e-05 1.5750229e-05 1.0060295e-05 0.00023272987 0.0044752713 0.00021517079 0.00026344755 0.0035554993 2.8271397e-06 3.034646e-06 7.3464603e-06 2.4215105e-06 5.409207e-06 0.00015325984 5.68748e-05 4.686131e-07 5.2272817e-06 3.0264226e-05 5.303466e-06 3.714878e-05 0.007366076 1.4788254e-05 9.200845e-06 0.00015323647 5.920155e-05 1.78411e-05 1.9997899e-05 1.9684724e-07 6.888959e-08 8.687992e-07 2.561473e-07
0.36405215 0.007023553 0.0086546745 0.123267464 0.0014321264 0.2835933 0.000435567 0.5976239 0.13114193 0.6349185 0.9883509 7.189742e-17 0.0014927291 0.12043586 1.7964834e-05 0.0015746698 0.27856818 0.5008653 0.3810095 0.00020391049 0.22133493 1.5262783e-06 0.00052216643 0.0031616117 8.303722e-06 0.018884126 0.04606691 0.025544789 0.00042861662 0.013658749 0.01300162 0.035816863 0.0050747655 0.0018694426 0.002774755 0.010631543 0.0002533009 3.4301283e-05 0.00072029594 0.0035328886 0.046293613 3.9934606e-05 0.00017461443 3.6143858e-05 8.143537e-05 7.958102e-05 0.00824175 0.0016706361 0.0066681253 3.1424152e-06 0.00030541568 0.002721977 0.0023678825 1.5938782e-06 4.9093425e-05 0.00016422918 0.00036738926 2.6213042e-05 0.0012755289 1.283098e-05 1.248347e-05 7.822654e-06 0.0011892123 9.589128e-07 0.0009629501 8.92529e-07 0.0007078575 0.0026596629 3.2460398e-06 0.00028969144 9.922688e-07 3.8084922e-06 1.3851247e-06 4.082023e-05 0.0056962497 0.0002980322 1.35439595e-05 0.0019337866 1.0484272e-07 9.3144166e-08 4.0401176e-07 9.559794e-08 4.257317e-07 0.00023097868 9.893931e-06 3.4666165e-08 4.7608762e-07 1.440293e-05 5.51797e-07 3.7253135e-06 0.00485662 3.824425e-05 6.2484764e-07 1.7773766e-05 1.14500035e-05 2.0807427e-06 1.7699787e-06 7.3833625e-08 5.6050123e-08 9.330576e-07 5.4938835e-07
0.051765546 0.35311085 0.00488766 0.008288978 0.00011640873 0.0014682927 4.696209e-06 0.018185623 0.2716629 0.06853731 0.0001589135 0.0014927291 2.200937e-15 0.8551769 0.7166709 0.97385585 0.01781909 3.4455144e-05 0.00093141425 2.6532746e-06 9.20803e-05 0.04389342 0.8100021 1.6968735e-06 1.1252021e-06 8.720553e-06 0.00068690063 0.001065255 1.2123706e-05 4.811764e-06 5.2308744e-05 0.050201572 1.0804088e-05 2.4542173e-06 3.9917186e-06 0.0014318355 1.3678782e-06 1.23119735e-05 4.0646373e-06 0.095195 0.0036156152 1.8688177e-06 6.8600366e-07 2.1628834e-06 2.7503404e-07 1.4137146e-06 0.0029902938 5.098662e-05 0.022632658 1.029896e-06 8.551751e-06 0.0004193025 0.004757552 4.2569006e-08 7.7661343e-07 1.1757862e-05 0.016805692 1.1557025e-06 0.012669981 3.3855151e-06 3.7422808e-06 3.726431e-07 0.0007296711 2.3273685e-07 0.014030518 2.6973396e-07 1.4957565e-05 0.0005988055 4.481158e-06 8.6138525e-06 3.9894577e-08 1.2587672e-06 1.149337e-07 1.2557864e-06 0.003274018 0.003747656 2.5134573e-06 0.00022993273 1.10396435e-07 1.7888746e-06 3.1974125e-08 1.2679044e-06 6.5735904e-08 0.0012442666 3.7466782e-07 5.4557095e-08 1.17214185e-07 6.3538215e-07 7.7491404e-07 1.8994116e-06 0.016817518 4.7854253e-05 3.4459955e-08 2.131843e-07 2.1267692e-08 1.9309048e-09 5.773819e-08 1.1304906e-08 4.258222e-09 4.5120508e-08 4.944953e-08
0.51787895 0.19514224 0.016094299 0.057749644 0.00050611387 0.020605035 5.71509e-05 0.28990227 0.76141727 0.7264007 0.014381416 0.12043586 0.8551769 5.3825704e-16 0.027226852 0.7747426 0.9634246 0.0038078423 0.25525513 5.0832587e-06 0.016582653 0.00027656712 0.16919118 6.9869816e-06 2.4232434e-06 0.00013306725 0.15746732 0.17666315 5.8787487e-06 0.0007363193 0.016205678 0.71849066 0.0011780822 1.1297681e-05 5.694087e-06 0.035175562 1.3954733e-06 9.798696e-06 3.1938923e-06 0.38615143 0.19900109 1.9522355e-07 3.6951508e-07 4.1098974e-07 9.417545e-08 6.4760945e-07 0.080316685 0.00016817475 0.2308901 1.07036435e-07 1.0229485e-05 0.030902838 0.06138908 8.796096e-09 2.3040896e-07 2.389804e-05 0.017649861 2.9243375e-07 0.021821598 2.0614367e-07 3.5280567e-07 3.0398846e-07 0.007832448 7.850664e-08 0.037364367 8.8331554e-08 8.4890744e-05 0.015686722 1.5207789e-06 2.4872317e-05 4.061475e-08 1.2573312e-06 2.8447541e-08 5.170192e-06 0.0143180275 0.0033784695 3.136882e-06 0.0008190475 3.4334238e-09 4.2246512e-08 3.2316225e-09 5.721385e-08 2.172902e-08 0.0010983594 3.1238434e-07 3.402386e-09 2.168534e-08 1.4043367e-06 9.870933e-08 5.1242824e-07 0.00928033 5.6536155e-05 2.9711552e-08 4.9593973e-07 1.4056465e-07 5.6037046e-09 2.9375948e-07 5.2381925e-09 7.3286266e-09 2.2571863e-08 1.2058595e-08
0.019699864 0.16776112 0.0016217032 0.001012905 0.00036384285 6.5033973e-06 3.4797384e-07 0.00050980906 0.025842395 0.0032076505 1.2141485e-06 1.7964834e-05 0.7166709 0.027226852 3.0975093e-18 0.1644202 0.00070023944 1.1540857e-06 3.364759e-05 1.1245058e-06 1.345883e-06 0.98602563 0.922834 7.3306745e-07 1.9344789e-07 3.8484842e-07 2.9918167e-05 0.00015131896 1.2093492e-06 2.9052654e-07 4.8802863e-06 0.0038265996 6.2466114e-07 1.17270766e-07 2.1315664e-07 0.0001516349 8.427101e-07 4.6993405e-06 1.6917262e-07 0.013554395 0.0005090009 1.8585861e-07 1.7744084e-08 1.4975576e-07 1.872191e-08 2.2120248e-07 0.0006180537 3.7520924e-05 0.002663145 1.2711206e-07 1.7170903e-06 9.093638e-05 0.0005900388 1.5263627e-08 1.1049462e-07 4.3495966e-06 0.013119272 1.10753284e-07 0.006215622 3.9047035e-07 1.0839781e-06 9.836291e-07 0.000855165 8.9056286e-08 0.0023719645 1.2055014e-07 7.270625e-05 0.0004978526 6.7084335e-07 9.8914015e-06 3.672794e-08 7.0930486e-07 1.7990394e-07 1.1138725e-05 0.0011421647 0.0307364 2.6228306e-06 0.00020841649 1.7058153e-06 1.1814626e-05 3.8713715e-08 1.0230153e-06 5.4379857e-08 0.0031501672 2.7147682e-06 4.679375e-07 2.0228572e-07 5.308855e-08 8.899277e-08 1.9887872e-07 0.0017751802 0.00065448356 1.5091662e-09 3.8442494e-08 2.7383654e-10 1.165759e-10 1.4422371e-08 3.7676376e-08 1.32516345e-08 4.771831e-09 5.7203266e-08
0.11993935 0.04044869 0.0013654158 0.0032697492 4.3494616e-05 0.002048691 3.2959028e-06 0.0035919233 0.06563613 0.02612569 0.00019685504 0.0015746698 0.97385585 0.7747426 0.1644202 3.1087143e-14 0.062167846 0.00016739134 0.0033671248 3.9561132e-06 0.0004043059 0.0031773646 0.952614 1.2872013e-05 6.6312546e-06 4.1007715e-05 0.002565139 0.004493863 1.3242016e-05 3.5818426e-05 0.00032103923 0.49574277 4.3650736e-05 1.5486654e-05 7.269567e-06 0.0061998563 1.2487196e-05 1.3702748e-05 9.49897e-06 0.68874466 0.027730828 7.886011e-07 7.341883e-07 2.2051197e-06 4.0067437e-07 1.9043125e-06 0.045228187 0.00015438662 0.19008479 6.4352884e-07 1.3917381e-05 0.006103778 0.053814434 7.8513045e-09 1.8074876e-06 8.140377e-05 0.08417727 1.3329409e-06 0.030641722 1.8110782e-06 2.2092686e-06 1.6003636e-06 0.01103663 3.9380427e-07 0.089778505 3.178152e-07 0.00019377998 0.009092221 2.4046835e-06 6.142634e-05 3.3691452e-07 5.0313292e-06 1.9021496e-07 5.6776626e-06 0.015378914 0.005568391 6.343823e-06 0.0009350338 1.197407e-08 6.41828e-07 3.008088e-08 2.5882264e-07 7.146366e-08 0.002662311 9.424738e-07 2.7939597e-08 6.4242904e-08 1.3527965e-05 4.76942e-07 8.232712e-07 0.00336902 0.00022506587 2.8478692e-07 1.5154077e-06 1.2442521e-07 9.488453e-09 2.0185828e-07 2.820684e-08 1.6876099e-08 3.0392442e-07 4.981152e-08
0.6732681 0.016545411 0.0069935657 0.04379436 0.00018781603 0.08631975 7.2284856e-05 0.194849 0.30971515 0.5157382 0.103327654 0.27856818 0.01781909 0.9634246 0.00070023944 0.062167846 8.817254e-18 0.19919623 0.9356031 2.6534151e-05 0.33313808 1.0315165e-05 0.0026576207 2.876862e-05 1.6642274e-06 0.016467853 0.6353006 0.63067436 8.444008e-06 0.07458814 0.31189698 0.6491072 0.060677204 0.00021325011 1.2462082e-05 0.261204 5.4555694e-06 4.359617e-06 1.1023958e-05 0.09089001 0.3665939 3.8849913e-07 3.3582575e-07 5.3974094e-07 5.087995e-07 8.9325357e-07 0.15475951 0.0010957428 0.106714435 1.7776026e-08 3.6752874e-05 0.07997974 0.03182007 1.6880605e-08 2.800334e-07 0.00013166519 0.0022768108 3.854133e-07 0.0041607856 4.3682465e-07 7.6054937e-07 9.03587e-08 0.0139331855 2.284094e-08 0.009698606 2.0059403e-07 0.00069677515 0.02788996 1.8198963e-06 0.00033007032 5.6905964e-08 2.11848e-06 6.168936e-08 1.0116915e-05 0.018577173 0.0006954159 1.2941904e-05 0.003024097 1.6607543e-09 1.3018521e-08 1.2028067e-08 2.158947e-08 1.7108574e-08 0.0003997166 5.157602e-07 1.2058152e-09 7.1306125e-08 1.9023284e-06 3.6398564e-08 4.3973964e-07 0.008298126 6.052588e-05 4.6585473e-08 3.5346238e-07 1.9093103e-07 9.227042e-09 9.962588e-07 1.0258714e-09 4.0741583e-09 4.1935824e-08 4.31414e-09
0.41593224 5.546328e-05 0.0014768699 0.019402118 0.00067803485 0.1781183 0.001957075 0.10406233 0.005442524 0.13970613 0.5312133 0.5008653 3.4455144e-05 0.0038078423 1.1540857e-06 0.00016739134 0.19919623 2.1024483e-16 0.83976024 0.0006638775 0.9566177 2.1947228e-07 0.00010576033 0.111907035 0.00012531904 0.80927825 0.20499763 0.08027084 0.00782859 0.45995912 0.23907568 0.010642842 0.17428665 0.3648258 0.1922456 0.06993978 0.0065863715 0.00091010926 0.039790474 0.00081161055 0.03454559 0.0019712567 0.0073626526 0.0005567664 0.004876904 0.005885641 0.012092173 0.026317758 0.0008289234 0.00016313647 0.008115425 0.015338583 0.0012084747 0.000225327 0.0005433398 0.004267798 3.77258e-05 0.0007631101 8.344386e-05 0.0014010306 0.001074477 0.00027628898 0.0050057843 8.7591055e-05 0.0020332793 0.000291178 0.0038359312 0.004302747 0.00063793233 0.0048239636 2.866239e-05 0.000411047 3.623798e-05 0.00089363504 0.0074501624 0.00011766337 0.0014755324 0.006960503 2.0362404e-06 7.801949e-06 3.0584193e-05 5.8461374e-06 2.6003741e-05 0.00060060824 9.918847e-05 1.2285659e-06 8.516028e-05 0.000113172166 0.00012446624 0.00027928574 0.02278749 9.453201e-05 3.4367917e-05 0.00010234476 5.2079577e-05 1.9165656e-05 1.2699855e-05 2.9876853e-07 7.489971e-06 3.803641e-05 2.5076739e-05
0.34649593 0.0008824311 0.0017891861 0.017584277 0.00073810294 0.1324364 0.00028761034 0.14914139 0.040624034 0.37097645 0.18477571 0.3810095 0.00093141425 0.25525513 3.364759e-05 0.0033671248 0.9356031 0.83976024 2.2104774e-16 8.542659e-05 0.9402195 1.8560949e-06 0.0006586496 0.0013477642 7.1480167e-06 0.42908004 0.5488125 0.48440927 0.00025467816 0.4997753 0.4889503 0.22430645 0.25215006 0.012312438 0.0011682061 0.23722498 9.61884e-05 0.000118701624 0.00057943567 0.015862841 0.15719153 2.4040268e-05 4.2675205e-05 1.2911022e-05 4.684103e-05 0.00010970372 0.06679834 0.008623042 0.01458495 7.147712e-07 0.0013563809 0.035141684 0.0079748165 1.3205488e-06 1.442454e-05 0.0011508096 0.0004977486 1.4304563e-05 0.00036939196 1.2249387e-05 2.9625273e-05 1.067078e-06 0.011079155 6.7785766e-07 0.0039958498 7.2440157e-06 0.0020344472 0.0075012445 2.23231e-05 0.0009998716 1.3125208e-06 5.579948e-05 1.5557032e-06 8.690867e-05 0.008145564 0.00027262646 9.364281e-05 0.0023960765 2.1417986e-08 2.3055425e-07 2.598344e-07 4.4743916e-07 1.8831021e-07 0.00035065386 1.113574e-05 2.0449e-08 1.6949763e-06 7.786191e-06 4.5243462e-07 1.5624886e-05 0.007207375 1.9401048e-05 2.9807637e-07 1.2821041e-06 3.8179473e-06 1.9751424e-07 3.82655e-06 1.0633232e-08 6.86379e-08 3.092645e-07 5.1648766e-07
0.0004511311 0.00019944827 0.0018198851 0.00028152962 0.09886666 0.041944735 0.51476747 0.00020476225 3.271051e-05 6.245623e-05 0.0014384221 0.00020391049 2.6532746e-06 5.0832587e-06 1.1245058e-06 3.9561132e-06 2.6534151e-05 0.0006638775 8.542659e-05 1.1879172e-18 0.00011182252 3.070312e-06 6.3608704e-06 0.0013576458 0.9994969 8.689466e-05 1.4029882e-05 6.8035592e-06 0.0015368379 3.9358954e-05 8.50991e-06 1.8831635e-05 1.1142997e-05 3.6125733e-05 0.0002808581 1.4737105e-05 0.19719334 0.5358066 8.842423e-05 3.0225585e-06 3.258261e-05 9.219136e-05 2.0420679e-05 0.000115687035 4.1157e-06 9.2800055e-06 2.5235438e-05 2.7763168e-05 1.347764e-05 0.00029716772 2.9122339e-05 1.139183e-05 3.3681154e-06 4.6774812e-06 3.2740454e-06 2.756932e-05 9.049573e-06 2.8170386e-06 1.7390954e-05 6.596928e-06 2.883007e-06 6.8464357e-07 2.0803293e-05 5.847805e-06 2.1769396e-05 1.6902652e-07 6.3282455e-06 1.3431019e-06 5.0096455e-06 8.809122e-06 2.3075365e-06 1.576425e-05 3.6184002e-07 1.0679866e-05 6.430767e-05 0.00031033182 1.1363411e-05 0.00019484124 1.8695566e-05 4.97208e-05 2.739187e-07 0.00011911497 1.3417424e-06 0.00042949166 2.4087658e-05 0.00024895705 9.796799e-06 0.002986053 0.0015527989 0.003514413 0.02129228 3.9238206e-05 4.54688e-06 0.00015800605 1.3213292e-05 4.5225818e-07 0.0033891902 4.3900174e-05 0.0001686077 0.00024367865 0.00047430844
0.39888674 2.608414e-05 0.00072915916 0.010361875 0.00022273096 0.12981635 0.00030938679 0.051208317 0.0060485145 0.057119656 0.2277437 0.22133493 9.20803e-05 0.016582653 1.345883e-06 0.0004043059 0.33313808 0.9566177 0.9402195 0.00011182252 1.2458495e-16 5.439238e-07 0.0001526424 0.018965973 1.2657027e-05 0.66752124 0.28370228 0.16358922 0.0021595075 0.5287516 0.36208066 0.032324668 0.27865556 0.1418533 0.016327424 0.07547869 0.0030495818 0.00030505125 0.0114480285 0.0030647994 0.05422014 0.0005255346 0.0010800549 0.00034417986 0.0015947616 0.0022286922 0.01775458 0.033390213 0.0044273003 4.5775952e-05 0.0076885256 0.035436317 0.0034026483 9.178353e-05 0.00019829761 0.005417003 0.000132209 0.000249341 0.00025525907 0.00041543978 0.00051343674 3.972781e-05 0.010695789 1.24993485e-05 0.0017217274 9.410529e-05 0.006887935 0.009805974 0.00011318134 0.00519885 2.9676172e-05 0.00029203898 1.8972456e-05 0.0005849052 0.008692439 0.0001684992 0.00049623573 0.0056702713 2.3785307e-07 7.4776904e-07 1.1216028e-05 7.368917e-07 5.3980857e-06 0.0003007452 4.358634e-05 2.2870269e-07 5.4089332e-06 0.0001218688 6.0507264e-06 0.00012173299 0.0087929405 5.0162736e-05 5.308779e-06 1.15173325e-05 1.7844079e-05 1.2503456e-06 3.8704006e-06 2.638717e-08 9.204446e-07 5.762383e-06 2.8376635e-06
0.20924117 0.1194383 0.00025295283 0.00013920933 2.4521994e-05 9.477081e-06 1.6361917e-06 0.00019303923 0.00059068773 8.0122e-05 4.4327476e-07 1.5262783e-06 0.04389342 0.00027656712 0.98602563 0.0031773646 1.0315165e-05 2.1947228e-07 1.8560949e-06 3.070312e-06 5.439238e-07 6.8590304e-18 0.34922928 5.036149e-08 9.624391e-07 1.3112165e-07 1.0392544e-06 3.1251382e-06 3.3132043e-08 3.5631174e-07 8.185051e-07 0.00028236612 8.3021416e-07 3.941114e-08 1.1510606e-08 1.7985112e-05 1.9715712e-08 6.008473e-06 2.169225e-08 0.006299986 0.00017869954 2.1054102e-08 2.027295e-09 4.914036e-09 1.6009839e-09 1.7262469e-08 0.00023983192 1.2134922e-06 0.0028758168 4.797301e-09 2.7032458e-08 3.774509e-05 0.0005664499 7.089958e-11 7.1841055e-10 1.0623595e-06 0.21277343 1.5138337e-09 0.049706597 7.4984285e-09 5.5043014e-08 5.2814313e-09 0.0006496431 4.651626e-10 0.008586713 2.7367256e-10 5.329765e-08 0.00076816464 3.9867516e-07 1.00528e-06 1.2575709e-10 5.3568874e-07 8.116034e-11 3.3199225e-08 0.0067580994 0.8904694 9.772024e-08 0.000117439275 4.4553667e-09 1.5821275e-08 2.41395e-10 5.2983107e-09 2.6328825e-10 0.044928737 6.0603904e-09 1.1956753e-07 6.1356475e-11 1.7098461e-08 1.04999955e-08 4.6831246e-09 0.00031195104 0.055514902 1.1179393e-10 3.7763606e-10 1.6026368e-13 4.018136e-14 6.803984e-09 7.159965e-09 2.080686e-09 1.3415686e-09 2.606427e-09
0.27585366 0.06753981 0.0012472343 0.0030753473 1.1738647e-05 0.0013583077 3.491797e-06 0.0017927806 0.027826663 0.005503184 4.9002076e-05 0.00052216643 0.8100021 0.16919118 0.922834 0.952614 0.0026576207 0.00010576033 0.0006586496 6.3608704e-06 0.0001526424 0.34922928 1.2753076e-14 5.8484857e-06 4.6263344e-06 2.746485e-05 0.00021096495 0.00045866478 4.023778e-06 3.8996764e-05 8.186317e-05 0.095720865 3.795137e-05 7.912329e-06 2.7044578e-06 0.0010513313 2.1059789e-06 1.256513e-05 5.2353585e-06 0.5963073 0.0045065125 7.342324e-07 2.7534978e-07 9.0539965e-07 1.6916117e-07 1.1547484e-06 0.0090593705 5.234453e-05 0.17865539 4.8451784e-07 5.3603962e-06 0.001380903 0.026795203 3.776615e-09 4.386824e-07 2.6908447e-05 0.4317124 3.9607167e-07 0.18602307 9.441119e-07 8.663864e-07 1.8616639e-07 0.005872233 3.0819322e-08 0.25343177 1.0538886e-07 0.00014112052 0.005974946 1.2033645e-06 2.0284344e-05 2.730444e-09 4.7928654e-07 2.4295277e-08 5.924283e-07 0.018275918 0.13578409 3.8681478e-07 0.00064519973 2.496985e-09 3.5899674e-07 6.579643e-10 2.8831169e-08 2.8556417e-09 0.009903465 2.4109812e-07 3.2495365e-08 5.2802225e-09 8.436968e-07 1.567629e-07 6.150361e-08 0.003035603 0.00079247175 4.995497e-09 1.0780374e-07 7.0447087e-10 7.2251793e-10 1.6914544e-08 1.4067896e-08 9.188476e-09 5.2857168e-08 1.7304172e-08
0.5408452 1.2333439e-06 5.228715e-05 0.00087815215 4.339669e-06 0.045351237 0.00091253966 0.0007409978 7.776284e-06 0.00017976889 0.079205774 0.0031616117 1.6968735e-06 6.9869816e-06 7.3306745e-07 1.2872013e-05 2.876862e-05 0.111907035 0.0013477642 0.0013576458 0.018965973 5.036149e-08 5.8484857e-06 1.2476098e-15 0.0010711553 0.15213358 0.0031608762 0.00064520683 0.98073673 0.04461689 0.01635143 7.085099e-05 0.04545611 0.22971365 0.6407704 0.0032967303 0.30682346 0.027091686 0.4907221 4.2738843e-06 0.0029038016 0.8136353 0.40050784 0.38669547 0.13981934 0.17804834 0.00055524375 0.15369064 4.643042e-06 0.3068806 0.13204542 0.0012547319 9.993067e-05 0.5921887 0.13879961 0.011819282 6.7916703e-06 0.116740815 2.9491881e-05 0.09483345 0.067477666 0.0149550475 0.0005020991 0.016860794 0.00015488316 0.02981062 0.008324325 0.0003117622 0.0020917405 0.019964073 0.0013516238 0.0032787137 0.00025585815 0.0027702707 0.001965759 0.0006142271 0.0063269543 0.007102689 0.00040651282 0.00021274816 8.093528e-05 0.0002214971 0.002168278 0.0003117509 0.0006712193 2.692516e-05 7.8430654e-05 0.009682141 0.0004516682 0.0018082808 0.046825845 0.00016753156 3.756876e-05 7.1099064e-05 0.00034986105 4.9688566e-05 9.565974e-05 4.3915122e-07 2.1202022e-06 9.930258e-06 5.5868036e-06
0.0004644506 1.4828014e-06 4.211769e-05 5.9259673e-05 1.0487633e-05 0.011330506 0.0014381292 1.5773736e-05 1.6915675e-06 1.7884004e-06 0.0001247185 8.303722e-06 1.1252021e-06 2.4232434e-06 1.9344789e-07 6.6312546e-06 1.6642274e-06 0.00012531904 7.1480167e-06 0.9994969 1.2657027e-05 9.624391e-07 4.6263344e-06 0.0010711553 2.6761756e-18 1.7978717e-05 2.6455937e-06 3.3444394e-06 0.0027172097 4.209683e-06 1.5254386e-06 2.378464e-06 2.8041113e-06 1.24931275e-05 0.00017594283 6.3408766e-06 0.135946 0.921105 3.6501027e-05 1.5232275e-06 7.622772e-06 0.0002677282 2.5860552e-05 0.00024128731 3.8441467e-06 1.0892813e-05 5.666654e-06 4.883115e-05 2.3975847e-06 0.0005113399 1.838579e-05 2.4431808e-06 2.7425758e-06 1.0677871e-05 1.3754136e-05 5.482315e-06 2.5847373e-06 9.747183e-06 5.050839e-06 7.060442e-06 3.9209567e-06 1.5300258e-05 9.587606e-06 2.1539798e-05 5.627196e-06 1.5353545e-06 3.7669015e-06 1.6461082e-06 2.5462862e-06 1.2915025e-05 4.210763e-06 3.269629e-05 5.136735e-07 1.122536e-05 2.0564828e-05 0.0001419191 2.8105704e-05 3.520424e-05 0.00010298293 0.00013550426 1.8397302e-06 0.00028318676 1.8581679e-05 5.9972044e-05 2.726076e-05 0.0016114488 1.5593254e-05 0.018060189 0.0029024244 0.0073099905 0.011622791 3.2280586e-05 7.2509833e-06 0.00021920718 8.877437e-05 2.3716495e-05 0.0055470443 0.000114951625 0.00096386054 0.00033087432 0.0028857277
0.4919539 5.5819196e-06 1.6831604e-05 0.0005751982 1.9499312e-06 0.01398119 1.8396697e-05 0.0016439975 4.4944663e-05 0.00094111986 0.06837692 0.018884126 8.720553e-06 0.00013306725 3.8484842e-07 4.1007715e-05 0.016467853 0.80927825 0.42908004 8.689466e-05 0.66752124 1.3112165e-07 2.746485e-05 0.15213358 1.7978717e-05 8.141705e-16 0.16302662 0.068431474 0.028518343 0.8167863 0.4382815 0.0013584067 0.57821697 0.96882224 0.5336719 0.08311875 0.013963347 0.00096683786 0.586258 0.00020770097 0.05884247 0.0070758145 0.07262124 0.0013188774 0.1842672 0.1895267 0.020918248 0.28797436 0.00080784067 0.0007768454 0.18668696 0.12280507 0.002287661 0.01977393 0.0049186363 0.16700697 0.00024697676 0.004131896 0.00035083265 0.0049825516 0.0090267835 0.00015120674 0.026617637 7.160526e-05 0.001523904 0.00068796205 0.042489666 0.020045975 0.00071810075 0.050868995 0.00017153635 0.0058051064 0.00010089373 0.0049841106 0.009639438 0.00015994863 0.005062999 0.014099872 1.1081981e-06 7.034582e-07 4.4515444e-05 5.496022e-07 1.8756427e-05 0.0006316211 0.00029599163 1.9471946e-07 4.736932e-05 0.0003327035 7.66966e-06 0.00013009252 0.011193605 0.000116568146 8.743745e-06 1.6386988e-05 1.43325415e-05 3.2053688e-06 4.472368e-06 8.8335215e-09 7.561298e-07 4.2030597e-06 1.6848763e-06
0.6138959 0.0002993071 0.00039157495 0.0040067323 1.1533997e-05 0.02154026 1.1164941e-05 0.014685596 0.019160334 0.06723325 0.049517628 0.04606691 0.00068690063 0.15746732 2.9918167e-05 0.002565139 0.6353006 0.20499763 0.5488125 1.4029882e-05 0.28370228 1.0392544e-06 0.00021096495 0.0031608762 2.6455937e-06 0.16302662 6.3833554e-17 0.9669843 0.00037761417 0.4182422 0.73906744 0.5091924 0.49091974 0.012435478 0.0007721536 0.7871807 0.0006872217 5.168592e-05 0.0004147789 0.028160606 0.5070288 1.96321e-05 2.7687283e-05 2.6490488e-05 3.5908823e-05 0.00010339694 0.17459533 0.05411078 0.03266007 2.06737e-06 0.005835919 0.28528804 0.019289345 1.8575577e-06 7.761525e-06 0.011409612 0.0011829232 8.624193e-06 0.0011965738 9.71434e-06 2.1338019e-05 1.9059295e-06 0.042975023 7.914083e-07 0.006408036 1.1840806e-05 0.009784695 0.030395415 2.8598173e-05 0.0063561746 1.6024712e-06 0.00017808487 4.732645e-06 0.000361956 0.020172687 0.00031103668 0.00027502398 0.008650408 1.0925328e-08 7.9137465e-08 6.320787e-07 8.192521e-08 2.9202545e-07 0.00047605904 1.3634196e-05 1.7392319e-08 2.0093971e-06 1.5636619e-05 2.5303132e-07 1.3782301e-05 0.003906956 4.793396e-05 1.3525359e-07 4.127486e-07 2.6435723e-07 3.477106e-08 2.703947e-06 3.3419536e-09 1.2428173e-07 2.1058574e-07 2.627589e-07
0.57665545 0.00020032629 0.00014596358 0.0017156474 3.511108e-06 0.0047999145 5.4775223e-06 0.0050200834 0.015743546 0.04717868 0.014115587 0.025544789 0.001065255 0.17666315 0.00015131896 0.004493863 0.63067436 0.08027084 0.48440927 6.8035592e-06 0.16358922 3.1251382e-06 0.00045866478 0.00064520683 3.3444394e-06 0.068431474 0.9669843 3.74786e-17 0.000114952716 0.24015725 0.67769456 0.60957956 0.4137838 0.005493141 0.00029023786 0.8597511 0.00018811342 3.2797412e-05 0.00023517296 0.05648298 0.6054216 1.16783385e-05 1.7926666e-05 1.6001295e-05 2.0358102e-05 5.3473283e-05 0.22125345 0.04016097 0.043325372 1.3545812e-06 0.0039107995 0.2788123 0.022135625 6.7949634e-07 4.120637e-06 0.008378952 0.0012854447 3.899403e-06 0.0011243533 4.1768867e-06 6.333758e-06 9.031627e-07 0.046689555 4.4154874e-07 0.008163564 5.2011455e-06 0.006531153 0.032303497 1.4865813e-05 0.0036699814 6.254343e-07 8.4772466e-05 1.9522868e-06 0.00013837795 0.020266084 0.00036436197 0.00014375724 0.007371224 5.7198104e-09 6.1929036e-08 3.1359414e-07 5.9430274e-08 1.449759e-07 0.00064116425 7.2909934e-06 5.5425935e-09 9.0070523e-07 4.719668e-06 1.770756e-07 5.7570987e-06 0.0034014704 5.5571338e-05 6.1825055e-08 1.7282228e-07 5.0107488e-08 1.3402139e-08 9.3700515e-07 2.072357e-09 6.951855e-08 1.2620468e-07 2.3769323e-07
0.19159323 1.9208612e-06 0.0001336352 0.0005011249 1.1710559e-05 0.018958554 0.00075725594 0.0003894793 1.7489918e-05 6.898173e-05 0.012181074 0.00042861662 1.2123706e-05 5.8787487e-06 1.2093492e-06 1.3242016e-05 8.444008e-06 0.00782859 0.00025467816 0.0015368379 0.0021595075 3.3132043e-08 4.023778e-06 0.98073673 0.0027172097 0.028518343 0.00037761417 0.000114952716 3.825531e-16 0.007822882 0.0011934751 7.142446e-05 0.0050325324 0.03266259 0.2463327 0.0008176673 0.7311146 0.10337311 0.1809852 1.4254897e-05 0.0025353993 0.9017106 0.07017657 0.7960179 0.018572757 0.016358236 0.0005575416 0.01113141 2.9356965e-05 0.5259439 0.0132107865 0.0012415155 0.00014850331 0.19828004 0.03778778 0.005075039 6.08246e-06 0.019653387 6.928329e-05 0.018163897 0.01786005 0.00919563 0.00041137682 0.023150492 0.00019183497 0.0068273754 0.0036020605 0.00017493278 0.0037561078 0.0070152287 0.0010156633 0.0013710592 0.00078635494 0.0022806302 0.0006704292 0.00024878187 0.003530706 0.0036272781 0.0033200528 0.0026903958 0.0003080522 0.0018999724 0.005906896 0.00014990903 0.0008800226 0.0010377797 0.0005094484 0.030092282 0.002052259 0.009098814 0.047343448 8.7959794e-05 0.00019474019 0.0010628961 0.0013136636 7.9980004e-05 0.0007692735 2.2768725e-05 2.777151e-05 0.00024830876 1.546152e-05
0.5916438 1.2092622e-05 9.681859e-06 0.00025479577 1.6507065e-06 0.0049776863 3.8661365e-06 0.0010559193 8.9531924e-05 0.00091217074 0.035424974 0.013658749 4.811764e-06 0.0007363193 2.9052654e-07 3.5818426e-05 0.07458814 0.45995912 0.4997753 3.9358954e-05 0.5287516 3.5631174e-07 3.8996764e-05 0.04461689 4.209683e-06 0.8167863 0.4182422 0.24015725 0.007822882 4.8485214e-16 0.89307415 0.004932482 0.960113 0.5899356 0.09043347 0.2993083 0.004060552 0.0002704048 0.16433358 0.00030311002 0.12148945 0.0009859686 0.0069912216 0.00035217067 0.02854592 0.04330126 0.053774893 0.27963457 0.0016216909 0.00010521187 0.13014807 0.18567458 0.004561302 0.00056915794 0.0008541987 0.18761371 0.00043199272 0.0007689882 0.00045395622 0.001326974 0.0044728843 5.348914e-05 0.04558786 3.7423506e-05 0.003310083 0.00026816057 0.051651802 0.034195885 0.00046506553 0.050931357 0.000109546585 0.0044143638 0.00010682897 0.0037000193 0.015995117 0.0001501335 0.0060298536 0.020717528 6.78997e-07 7.3360036e-07 5.5369466e-05 4.9175804e-07 8.476805e-06 0.0013717138 0.00024069713 8.630857e-08 3.4820056e-05 4.1650193e-05 3.2607868e-06 4.386849e-05 0.006516914 9.002964e-05 8.937193e-06 1.4341812e-05 1.0985053e-05 1.9564413e-06 1.8857575e-06 1.8558753e-08 7.4411895e-07 3.2947842e-06 1.9390604e-06
