1.2545173e-12 0.95069253 0.6446523 0.8750851 0.9671671 0.9618872 0.86328167 0.9803805 0.04535977 0.9400734 0.9712817 0.21116379 0.80105287 0.004297869 0.5315857 0.38849813 0.35794735 0.82280064 0.5621643 0.74929744 0.6914892 0.11842603 0.95988196 0.0019829534 0.97997975 0.9557068 0.9309343 0.5659864 0.8073235 0.9035125 0.12946816 0.9405347 0.8925644 0.04655772 0.991004 0.716616 0.7418192 0.28706706 0.003943523 0.8988642 0.4988561 0.93313277 0.9270035 0.392243 0.93951225 0.93549407 0.13530844 0.018675905 0.9778539 0.96228915 0.97647977 0.058045354 0.14147119 0.00010827095 0.44760737 0.0152746085 0.91314626 0.9275632 0.6675468 0.9774321 0.90098596 0.64475024 0.9281146 0.6200028 0.7637197 0.9397022 0.95562726 0.8851018 0.992976 0.96589154 0.9593493 0.9231637 0.8293321 0.90472746 0.8424724 0.6931877 0.74597204 0.7924872 0.9881971 0.951096 0.9369505 0.16819942 0.24846995 0.8750845 0.9887521 0.3501067 0.9379437 0.39307272 0.9990485 0.5550416 0.1603401 0.0048047444 0.9999836 0.9901846 0.0002727968 0.96955425 0.9994828 0.9999142 0.7423082 0.80253476 1.890725e-05
0.95069253 5.1869403e-13 0.9047917 0.31881613 0.9498011 0.96673596 0.44231918 0.012772189 0.88493884 0.008292652 0.864181 0.2914634 0.9868534 0.76180387 0.0046380367 0.009314635 0.00866427 0.0044926093 0.008670486 0.00030326124 0.0016706623 0.015480734 0.00035497526 0.0001977624 0.000935929 0.06838261 0.09614315 0.004848089 0.0002657575 5.2204514e-06 0.0071556764 0.00016456374 0.0072497325 0.0007708216 6.63536e-06 0.002078621 0.0021099646 0.0036784909 4.361674e-05 2.3950677e-05 0.00023726665 2.7397906e-05 0.0006367249 3.425189e-05 1.25196e-06 0.007330029 0.00083708763 7.7011755e-06 0.00079588074 0.0298074 1.1292866e-05 2.1965656e-05 7.419054e-05 2.2082766e-06 1.5530848e-05 7.2498146e-06 8.636538e-06 7.1282943e-06 8.20776e-05 0.058275443 1.9837116e-06 2.0167552e-05 0.012485423 2.6442515e-06 1.959811e-05 1.5221798e-07 6.8258545e-05 2.7253207e-06 0.0015540463 0.010853877 0.0026846533 5.0524403e-07 6.778689e-08 2.2893117e-05 1.8074367e-07 8.8963117e-07 1.1382925e-05 5.299876e-06 0.004264646 8.651653e-07 0.0327769 6.873468e-09 2.2900638e-06 9.18597e-07 0.0026344543 2.9403725e-07 3.3694472e-05 5.329442e-07 0.022024792 1.9156985e-06 7.3856194e-07 6.741655e-07 0.010110083 0.00014439024 6.620623e-07 1.5268848e-05 0.004688658 0.002148128 2.1441758e-06 1.4913047e-06 4.3059853e-09
0.6446523 0.9047917 2.8686957e-12 0.9985185 0.96582395 0.69439596 0.81483394 0.9482605 0.024332024 0.60934556 0.2613042 0.008952352 0.059082713 0.0008405735 0.0035058886 0.0065877684 0.0024971918 0.15433477 0.0027245532 0.05847663 0.017493872 0.008241625 0.024182674 1.1202806e-05 0.19319257 0.0014326858 0.22034076 0.0002716118 0.0037616373 0.0012969099 0.010090149 0.009226948 0.00047957213 0.0015754194 0.000392946 0.000636385 0.005731552 0.0041979565 4.5571733e-06 0.00048555544 0.060036957 0.0054417658 0.0015986903 0.000111937756 0.00012979945 0.024337925 0.0011495377 5.696448e-05 2.3235209e-05 0.0014107934 0.00034493598 5.7778044e-07 3.414345e-07 3.82765e-07 2.3295648e-05 1.3581404e-05 0.00012379266 0.00051355106 0.00058856915 0.017342553 0.000592245 0.0002296597 0.011741363 1.3925533e-05 2.8353168e-05 6.206002e-07 0.00015072829 1.3630673e-05 0.0018101977 0.002235585 0.00341506 2.2408676e-05 1.4409758e-05 5.652271e-06 2.5678678e-06 4.9628376e-05 2.4755675e-05 3.168584e-06 0.0039005359 4.1124733e-07 0.0013334706 4.1341244e-07 7.84605e-07 2.5003133e-06 0.0006329595 5.206577e-07 2.299596e-07 5.9416674e-08 0.0015373458 2.3581332e-07 6.455292e-08 1.2480666e-06 0.0044574607 5.66274e-07 1.3557215e-09 6.41319e-07 0.0008884367 0.0001159654 1.2934055e-07 4.6333594e-06 2.3816756e-06
0.8750851 0.31881613 0.9985185 3.865129e-12 0.45359677 0.14394292 0.9912453 0.7011764 0.0022211669 0.14876446 0.49381307 0.00034643494 0.12413279 0.00019129786 9.023689e-05 0.00017178076 6.992659e-05 0.015650174 0.00016583355 0.004265594 0.0010346205 0.007641927 0.0028603699 4.325653e-06 0.009434072 0.0005928961 0.7594755 1.5451726e-06 0.00043083704 0.00026728224 0.0066954438 0.009731821 0.00013041649 0.0014606734 5.5672812e-05 2.0105808e-05 0.00360499 0.0035032397 4.8261168e-06 0.00014579165 0.045853607 0.004022516 0.011741543 9.8804136e-05 2.0794048e-05 0.11835629 0.001160059 6.5151485e-06 3.5849744e-06 0.001589652 0.000281644 1.5858188e-07 4.46263e-07 1.4144038e-06 1.8521474e-05 6.2368345e-06 4.4680044e-05 0.00070380553 0.00058747735 0.09731255 0.000118280135 5.2669413e-05 0.08709928 9.417325e-05 1.2971819e-05 1.3906613e-06 0.00020767345 2.9832509e-06 0.009320198 0.00577512 0.018461915 1.7858404e-06 5.394041e-06 9.343291e-07 2.7608169e-06 3.729485e-05 2.4349803e-05 2.3625803e-06 0.01929942 2.5299595e-08 0.006304963 9.64003e-08 1.8363671e-07 1.9714548e-06 0.0016493801 3.076241e-08 7.3539286e-07 7.935038e-09 0.002154589 2.3332879e-08 7.494429e-08 4.0031188e-07 0.018573195 4.79322e-06 3.0568386e-09 5.579703e-07 0.0033614687 0.000407827 3.243429e-09 9.686934e-07 1.1645275e-07
0.9671671 0.9498011 0.96582395 0.45359677 9.3371904e-14 0.088963844 0.46834522 0.55222476 0.0037989249 0.56538624 0.44279036 0.0021304947 0.97145635 0.003656456 8.68829e-05 0.0001780117 2.7653981e-05 0.8708375 0.00024855518 0.016439889 0.08282099 0.7631128 0.004146033 5.438219e-06 0.02753207 0.0016043407 0.23213924 1.2006946e-06 0.0032156492 0.0010269244 0.4696865 0.7154871 0.00029273218 0.86590004 0.00018131538 1.4770706e-05 0.7638792 0.9031401 2.1950766e-05 0.0013860121 0.00625423 0.0067470265 0.003934672 0.0027767643 0.000112488444 0.075443804 0.68977016 0.007406732 1.3794609e-05 0.0016933277 0.00029459654 6.673949e-07 5.0092394e-06 1.4676039e-07 0.0012952331 0.004635481 9.779263e-05 0.0012234502 0.0005481327 0.012422787 9.993454e-06 0.00023153557 0.055400893 0.00017860107 8.796499e-05 1.6939324e-06 0.00017334284 1.776469e-06 0.007224982 0.002605447 0.011790837 7.931579e-06 8.195721e-07 1.3883656e-05 3.6601646e-06 6.2839586e-06 0.00011069633 7.405824e-06 0.032893006 1.4131412e-07 0.02493462 1.6825093e-06 5.605704e-07 1.0090417e-05 0.003612341 2.7416447e-06 2.03649e-05 1.6357119e-07 0.007012677 2.7000602e-05 7.992514e-06 1.1239537e-06 0.015042911 1.8005912e-05 1.2150878e-08 3.780857e-05 0.0046888995 0.0012563047 8.492277e-06 3.6181293e-06 1.369506e-06
0.9618872 0.96673596 0.69439596 0.14394292 0.088963844 5.2182223e-15 0.45383835 0.0020803104 0.6570964 0.00041292093 0.97522414 0.9425246 0.1133087 0.027466798 0.77132565 0.8536852 0.52508914 0.0005562725 0.5500647 4.909165e-05 4.1705287e-05 0.0008001827 2.1258844e-05 0.004198065 5.7533587e-05 0.44766927 0.26447043 0.08477467 1.1541544e-05 2.1419826e-06 0.0027708479 3.44948e-05 0.048951622 1.3157813e-05 2.5596466e-07 0.0022787114 0.0003270981 0.00077348325 0.00024549503 1.1294928e-06 0.0009217229 3.287382e-05 0.00047901834 1.8002623e-06 4.2445149e-07 0.061326496 0.00072711415 1.5242913e-06 4.60602e-05 0.16724922 7.2695974e-07 2.053305e-06 3.3195931e-06 3.6490776e-06 4.9276923e-07 4.6823254e-07 9.396566e-07 1.489864e-05 4.9256207e-05 0.80078584 5.170362e-07 9.980001e-05 0.06817207 1.1071422e-07 5.5050397e-05 6.4630012e-09 0.00043154764 3.2749338e-07 0.003206976 0.102926105 0.036491305 8.228237e-07 4.9731582e-08 4.3978034e-07 8.432836e-08 6.97945e-06 5.7810153e-06 1.5475013e-06 0.0609077 9.013797e-09 0.13525526 7.340643e-09 3.2429128e-07 1.4946328e-07 0.05265224 1.0405083e-07 6.423176e-06 2.2592852e-07 0.053825885 3.2290487e-08 4.746695e-09 1.1054794e-07 0.01734328 7.77416e-05 2.2201034e-08 1.5822651e-06 0.032808974 0.0010615089 3.9162978e-07 4.0176715e-07 4.898072e-09
0.86328167 0.44231918 0.81483394 0.9912453 0.46834522 0.45383835 1.4704132e-12 0.21053557 0.0043639103 0.0395294 0.9728754 0.0015351049 0.07795957 0.00013079276 0.00072943524 0.0004592318 0.00039792727 0.0052782777 0.0009883622 0.0015545118 0.00045028605 0.0029114026 0.0013885457 3.625839e-06 0.004312082 0.004333383 0.9837055 7.724346e-06 0.00041979086 8.114357e-05 0.0029239873 0.0006505051 0.0005959829 0.00038372702 1.514712e-05 7.288008e-05 0.00041504894 0.0016584819 4.466865e-06 1.4248482e-05 0.043785535 0.0011667709 0.0055815345 1.3418594e-05 3.3066466e-05 0.21857497 0.0010075965 8.829097e-06 1.916416e-05 0.0028451493 8.546514e-05 3.50965e-07 1.0470337e-06 1.09532536e-07 2.1849764e-05 1.3260156e-06 1.2044845e-05 0.00031853755 0.0006683115 0.4644596 2.144776e-05 0.00010375709 0.11075826 1.5710279e-05 2.75525e-05 5.2487394e-07 0.00039379759 3.7951602e-06 0.0068052444 0.013233093 0.037012372 2.043218e-06 2.2953256e-07 2.511968e-07 1.0186131e-06 4.297055e-05 1.0497649e-05 4.1227086e-06 0.06515249 1.7581499e-08 0.023359092 3.4463834e-08 2.0071091e-07 1.612431e-06 0.010346358 3.576374e-07 1.5530779e-06 6.75127e-08 0.007780153 4.6892854e-08 7.650922e-08 3.934822e-07 0.012309838 4.458081e-06 1.1230499e-09 2.8597015e-06 0.015613322 0.0004136132 6.028113e-08 1.3586202e-06 1.91235e-07
0.9803805 0.012772189 0.9482605 0.7011764 0.55222476 0.0020803104 0.21053557 3.8275362e-13 4.429511e-05 0.97698295 0.004677615 8.45941e-06 0.0017719701 3.7865348e-06 2.192053e-06 1.650195e-06 1.2023825e-06 0.6575235 1.8279759e-06 0.68485856 0.3365781 0.0032623175 0.70308083 2.3525087e-07 0.94315565 1.90806e-05 0.6785207 7.326083e-09 0.16208933 0.23105407 0.0044107027 0.7530554 6.1125174e-06 0.031966027 0.0368284 3.781453e-08 0.33722445 0.10965072 6.351544e-07 0.13647719 0.7610663 0.6555512 0.29178178 0.029396063 0.061209887 0.63887435 0.038466927 0.00078709284 6.5521355e-08 4.6840276e-05 0.06470315 7.32339e-08 2.0503317e-09 1.8433332e-09 0.0054581277 0.0015717952 0.0006681168 0.032006666 0.034233738 0.003269509 0.001726407 0.0023692898 0.48281404 0.007390455 0.00083800784 0.0069617173 0.004931468 9.516401e-05 0.22587955 0.00014990303 0.17816705 2.4164274e-05 1.2148683e-05 1.5973072e-07 0.00048766928 0.00040889642 0.0001519725 3.299285e-05 0.07351565 1.2909329e-08 0.0018433165 3.420182e-05 1.0433572e-05 4.0708615e-05 0.0027405603 0.0006535387 1.928634e-05 8.9141045e-05 0.0001918926 8.091745e-07 6.236548e-08 7.518953e-05 0.15571763 2.2991006e-05 6.404254e-07 8.533115e-07 0.0045630704 0.00326394 2.067632e-06 1.286108e-07 1.4929653e-06
0.04535977 0.88493884 0.024332024 0.0022211669 0.0037989249 0.6570964 0.0043639103 4.429511e-05 2.904288e-16 7.842882e-06 0.02195444 0.9977286 0.0045818016 0.9996776 0.0017754579 0.045395054 0.0053598215 1.4822435e-05 0.0006602782 3.2830866e-07 1.0244729e-06 4.8764417e-05 4.0280068e-07 0.0036813754 7.802544e-06 0.0022030275 0.00053126336 0.0058283326 2.283678e-06 6.426472e-08 7.384173e-06 2.1830394e-07 0.00012321917 1.5003381e-07 2.800278e-07 0.00019739175 5.789371e-07 1.0339117e-05 3.738327e-05 3.048915e-08 1.9438744e-06 4.3222448e-07 1.4507222e-06 3.694379e-07 1.4040955e-08 5.6447483e-05 1.9435556e-06 3.816829e-08 1.1711208e-05 0.00041493576 2.4586286e-06 3.6987277e-08 5.0630473e-07 3.378379e-07 2.2000941e-07 8.888094e-09 1.88458e-06 9.004338e-07 2.186617e-07 0.0010852878 2.1854378e-08 6.67968e-07 4.1976702e-05 6.324522e-08 1.2498751e-07 3.957043e-09 1.5122489e-06 2.5733373e-06 6.597878e-06 0.00022226649 2.3253166e-05 5.638641e-07 1.1587595e-08 6.3037083e-07 1.28417685e-08 8.05106e-08 2.9195346e-06 1.8720898e-07 6.509388e-05 3.6973596e-08 0.00025833008 7.024721e-09 7.392691e-08 1.2714601e-07 0.00033671103 2.5874131e-08 2.6433362e-08 2.171253e-08 7.075794e-05 9.653554e-08 5.4533134e-09 5.5524374e-08 2.661459e-05 1.0033053e-07 1.3273972e-08 1.6700554e-07 0.000114779425 6.597378e-07 1.2295264e-07 1.575683e-06 2.0462374e-09
0.9400734 0.008292652 0.60934556 0.14876446 0.56538624 0.00041292093 0.0395294 0.97698295 7.842882e-06 1.09758455e-17 0.0034286322 4.4125488e-07 5.498093e-05 6.1470487e-06 6.9885175e-07 7.005981e-07 5.77613e-07 0.9671869 5.3415147e-06 0.95537144 0.7649562 0.0016242609 0.55578 9.8193304e-08 0.88848823 9.574657e-06 0.12742957 1.8324773e-08 0.290759 0.070996344 0.0028123697 0.6328395 2.3639686e-06 0.06408894 0.0029288256 4.828872e-07 0.334493 0.24422568 1.8063545e-07 0.06234538 0.15823585 0.23761278 0.12172472 0.04384951 0.00285519 0.14561822 0.103267066 0.003797985 2.4494764e-07 0.00014343695 0.006015988 1.1430249e-08 1.3078433e-07 1.456171e-08 0.008414193 0.0038242792 0.00014232802 0.011789787 0.014290411 0.003190766 0.00014929469 0.00073744263 0.117762625 0.0033026477 0.00021900889 0.00062723464 0.0003223646 2.3666381e-07 0.06744371 0.0008295542 0.055458944 2.8772428e-07 4.7072795e-08 4.5306695e-08 4.591978e-06 2.8384454e-06 3.2755072e-06 2.4434522e-07 0.024650987 2.809084e-10 0.007657394 3.794149e-07 2.635332e-08 3.858324e-06 0.002664211 1.8754852e-05 3.1120624e-07 6.6503964e-07 0.0021328863 2.9863232e-09 1.5788778e-08 2.1208916e-06 0.017286748 1.291938e-06 1.1232105e-09 1.4262062e-07 0.0031403063 0.00054724346 3.884582e-06 4.879937e-08 1.143341e-08
0.9712817 0.864181 0.2613042 0.49381307 0.44279036 0.97522414 0.9728754 0.004677615 0.02195444 0.0034286322 3.0284904e-12 0.08432684 0.2878631 0.0013343215 0.06063493 0.03235251 0.026562175 0.0016169244 0.079249255 0.0001265293 0.00012607605 0.002322624 7.631352e-05 0.00017745608 8.098871e-05 0.30082202 0.86219627 0.0034847448 8.939231e-06 9.4081065e-07 0.0022003711 4.7489455e-05 0.0363777 8.624797e-05 1.4604886e-07 0.0024400016 0.000164405 0.001570756 9.7308875e-05 3.3474467e-07 0.005824304 4.6398924e-05 0.00038571196 1.5857728e-06 4.0287637e-07 0.29941815 0.0012398986 1.3348808e-06 0.00021031368 0.30853498 3.987345e-07 1.406938e-05 3.5780395e-05 5.3772746e-05 4.2395104e-07 1.1409578e-06 3.9629046e-07 8.434776e-06 1.6992482e-05 0.9379906 4.4199447e-07 2.4438157e-05 0.25733346 8.0692433e-07 5.1678307e-06 1.878393e-08 5.07133e-05 3.8569863e-07 0.001853426 0.48638195 0.14525607 6.3680865e-08 9.997309e-09 4.6347242e-08 1.0881309e-07 1.057337e-06 7.0996197e-07 7.7394657e-07 0.26517016 9.589132e-10 0.28641084 1.6768324e-08 4.1513555e-08 5.554044e-07 0.17300367 8.349743e-07 3.865246e-07 8.113075e-08 0.20052506 1.8681563e-08 2.0390697e-08 2.8341242e-07 0.010847901 1.7740353e-05 9.266461e-09 1.7731027e-06 0.14783385 0.0002801233 4.456091e-08 1.9557687e-07 1.0641186e-08
0.21116379 0.2914634 0.008952352 0.00034643494 0.0021304947 0.9425246 0.0015351049 8.45941e-06 0.9977286 4.4125488e-07 0.08432684 5.939613e-13 0.0008047894 0.6203677 0.33154488 0.98567885 0.5531324 3.9688102e-06 0.19263758 6.505752e-07 2.7181363e-06 8.429903e-06 3.3198464e-08 0.67714304 3.1436906e-07 0.29510596 0.00057220814 0.8727867 1.4014073e-07 9.658282e-09 3.2441443e-07 1.3854873e-07 0.09899215 1.544967e-07 5.304803e-09 0.11783633 3.173536e-07 4.9743307e-06 0.0289762 2.4508491e-08 4.1894353e-05 4.4846442e-07 1.9087834e-06 5.7191265e-08 2.4774685e-09 0.0001878524 5.701249e-06 1.4152626e-07 0.00023541485 0.04470443 2.717313e-07 5.355271e-06 5.489103e-05 0.00096125 4.116222e-08 1.1238073e-07 1.5902395e-07 4.1440976e-06 9.991323e-07 0.030969037 1.29481e-07 2.1017333e-06 0.0005318395 1.0251009e-09 6.167877e-08 5.5045767e-11 1.0867128e-06 3.2764596e-08 0.00017380797 0.00785016 0.0004673125 1.1726988e-07 1.4714787e-09 2.6803729e-08 6.968232e-09 5.131914e-08 5.9546687e-06 4.4420023e-07 0.000680849 5.3348574e-09 0.010048957 2.3691186e-08 2.3573891e-07 4.1446228e-08 0.005408439 2.3501787e-09 2.6950035e-08 9.239441e-09 0.0039025673 2.0981384e-08 8.5430194e-08 7.48069e-08 0.00019463156 3.357327e-08 2.455686e-09 1.7136598e-08 0.0005467137 6.6857374e-06 2.5374213e-08 4.888249e-07 1.1989078e-09
0.80105287 0.9868534 0.059082713 0.12413279 0.97145635 0.1133087 0.07795957 0.0017719701 0.0045818016 5.498093e-05 0.2878631 0.0008047894 1.4323677e-12 0.049702946 4.2481715e-05 0.0002505696 3.941594e-05 0.0022131912 5.895685e-05 1.8446018e-06 1.2472676e-05 0.9997784 2.3095884e-06 0.00013713188 1.5024616e-05 0.0017275905 0.0060147746 0.00013969328 1.7664611e-06 9.0835755e-07 0.07425636 4.139202e-05 0.00013728942 0.011469211 8.530468e-06 0.00015777748 0.01639142 0.025848795 7.366108e-05 5.3684306e-07 1.4635548e-05 1.0435239e-06 2.424837e-07 6.011993e-06 2.4692354e-06 0.00023366572 0.024460908 8.24019e-05 2.1700826e-05 0.0009359468 5.4059194e-07 1.2126434e-07 5.25795e-06 1.7898763e-06 1.0429056e-05 2.8348086e-05 5.449404e-07 9.459247e-06 1.3048795e-07 0.0011775835 2.9607295e-06 1.2858578e-07 0.00020460728 9.804608e-07 1.0031786e-08 1.5534157e-08 1.7894784e-08 4.2168907e-08 6.3566436e-06 0.00089636625 1.7708171e-05 5.134394e-07 8.708871e-07 1.2056199e-07 4.0980247e-08 6.056534e-08 5.017733e-07 6.1282273e-09 0.00064152514 2.764156e-07 0.010029483 3.151187e-08 9.224913e-09 8.182855e-06 0.0002594683 3.9792134e-08 1.4248847e-07 2.145012e-08 0.006742077 2.2407573e-06 6.810063e-08 3.615289e-07 5.296155e-05 8.211841e-08 5.620438e-08 2.2896336e-06 0.00076028507 8.309746e-07 2.1801295e-08 7.2863253e-07 1.8142815e-08
0.004297869 0.76180387 0.0008405735 0.00019129786 0.003656456 0.027466798 0.00013079276 3.7865348e-06 0.9996776 6.1470487e-06 0.0013343215 0.6203677 0.049702946 8.847356e-15 0.0002789567 0.019542241 0.0013037359 0.000113957256 0.00014533437 1.0019271e-06 1.1720017e-06 0.00055080355 4.4569097e-07 0.99957377 5.0037653e-07 0.00021359875 2.870211e-05 0.045298234 1.2007804e-06 1.6449336e-07 0.00016392561 9.395527e-07 3.486498e-05 1.3133097e-06 1.4445476e-07 0.00022166657 4.8139077e-06 4.3733235e-05 0.16216691 4.603749e-07 1.0400436e-06 1.1977502e-07 8.228638e-07 2.042844e-06 1.2893065e-06 7.642513e-06 2.355553e-05 8.092752e-08 3.2702508e-06 3.836553e-05 2.5242143e-06 2.1839128e-08 4.2726406e-08 6.2668423e-06 1.8329598e-06 2.1734076e-08 2.2327104e-05 3.8519524e-06 3.1272802e-07 7.3752875e-05 6.347172e-07 4.2059605e-07 1.1927683e-06 1.2299669e-06 3.0228912e-07 1.431918e-07 9.477014e-07 3.776233e-07 3.1694394e-06 2.1259451e-05 1.9408255e-06 1.3771762e-07 2.2977302e-07 9.395123e-07 3.6989834e-07 1.15583205e-07 2.5688157e-06 2.894256e-07 1.2417753e-06 1.0352702e-07 3.722865e-05 2.2567773e-08 4.1509458e-07 2.590629e-07 2.457748e-05 1.3687239e-08 3.1570348e-08 1.5087461e-07 4.7853823e-06 1.9392235e-06 8.221605e-08 6.0114616e-09 1.2351871e-06 4.8132144e-08 1.6183149e-09 1.1508428e-07 3.3727829e-06 2.9258729e-08 1.1220725e-07 1.4013033e-05 7.950218e-09
0.5315857 0.0046380367 0.0035058886 9.023689e-05 8.68829e-05 0.77132565 0.00072943524 2.192053e-06 0.0017754579 6.9885175e-07 0.06063493 0.33154488 4.2481715e-05 0.0002789567 9.416887e-14 0.57119167 0.9980095 7.838784e-06 0.9968966 1.0163725e-06 5.887403e-07 6.5825748e-06 9.117705e-08 0.0008530793 7.780809e-08 0.70451593 0.00069528667 0.2960678 7.0728254e-07 9.391034e-08 4.141073e-07 1.15203875e-07 0.39331266 4.138872e-08 1.3240115e-08 0.3152484 3.4512396e-07 3.5439955e-06 0.00070269563 2.240266e-08 9.119163e-05 1.4404145e-06 2.2082952e-06 8.709788e-08 6.434812e-08 0.0004088824 3.7847726e-06 1.6208188e-07 2.9636747e-05 0.20123868 1.5214505e-08 1.8188291e-06 5.6736517e-06 0.0001978186 1.945093e-06 3.4202597e-07 5.3645742e-08 2.467924e-06 9.5357603e-07 0.29037002 1.3446494e-07 6.359229e-07 0.0006620459 5.195062e-08 5.698406e-08 7.2200407e-10 1.7449938e-06 1.1510452e-08 5.007508e-05 0.022345137 0.00030956356 7.471493e-08 4.179917e-09 3.485208e-07 4.2108046e-09 3.8196717e-07 4.9239577e-07 3.2101042e-08 0.0010659429 7.1737993e-09 0.024245752 1.3670819e-09 8.0290384e-08 2.2204729e-07 0.009764234 1.7791374e-10 3.525233e-08 6.8735956e-10 0.010769935 1.4804699e-06 3.3235736e-07 5.8058967e-09 0.000325091 1.1244785e-07 1.6618784e-10 6.0466305e-06 0.0014089932 6.7926544e-06 1.1609673e-08 2.46619e-06 2.5914915e-09
0.38849813 0.009314635 0.0065877684 0.00017178076 0.0001780117 0.8536852 0.0004592318 1.650195e-06 0.045395054 7.005981e-07 0.03235251 0.98567885 0.0002505696 0.019542241 0.57119167 1.4329587e-11 0.9875108 2.5412488e-05 0.4104326 4.3708033e-06 8.3434825e-06 5.3203808e-06 2.0376788e-07 0.089854665 6.267074e-08 0.541184 0.0001380354 0.97833854 1.7508923e-07 9.540158e-08 3.4955822e-06 5.678483e-07 0.3046446 1.1559737e-06 5.163677e-08 0.3346933 1.026219e-05 0.00016986659 0.0320438 1.5676633e-07 2.3122582e-05 2.0701762e-07 1.5407816e-06 2.074824e-06 4.4332783e-08 6.877436e-05 1.4500231e-05 8.237609e-06 0.00013167885 0.1668292 2.4890184e-07 1.2559559e-05 3.2692205e-05 0.013022572 9.3487097e-07 2.5081824e-06 8.92466e-07 1.3582563e-06 6.494123e-07 0.048204146 2.2236338e-06 3.1814802e-06 0.000113849936 5.324898e-08 1.13113934e-07 3.682423e-09 1.496071e-06 3.7264877e-07 2.0679014e-05 0.018961452 9.693347e-05 3.996653e-07 3.530832e-08 6.2606e-06 4.7977245e-08 1.4794459e-07 2.9621135e-06 5.6318882e-08 0.0002545393 1.9341533e-08 0.015425667 6.3494787e-07 2.4620954e-07 2.4244569e-06 0.0026106269 6.9337482e-09 7.7425355e-09 2.2479318e-08 0.009829672 7.621016e-07 3.1173613e-07 2.7848128e-07 6.055359e-05 1.01667055e-07 4.7138922e-08 4.1628296e-06 0.0004908215 4.5586203e-06 4.1783885e-08 2.1121375e-06 1.9856667e-08
0.35794735 0.00866427 0.0024971918 6.992659e-05 2.7653981e-05 0.52508914 0.00039792727 1.2023825e-06 0.0053598215 5.77613e-07 0.026562175 0.5531324 3.941594e-05 0.0013037359 0.9980095 0.9875108 3.4873122e-13 1.39287995e-05 0.73399174 4.5137102e-07 8.252792e-08 2.5430054e-06 2.8733286e-08 0.0076270774 5.5890737e-08 0.4237123 0.00033282602 0.94255906 1.3118232e-07 2.6037949e-08 5.381943e-07 7.226276e-08 0.25158364 2.5534268e-07 2.139757e-08 0.6736442 5.774456e-07 1.3183912e-05 0.004831625 1.2052664e-08 1.530255e-05 1.6495584e-07 4.1745588e-07 2.4752558e-07 6.380013e-08 0.00014687625 2.4780134e-06 3.0805114e-07 0.00017504791 0.115685925 2.8398805e-08 4.784522e-05 7.273524e-05 0.0045010233 2.494045e-08 2.3993312e-07 5.7481728e-08 3.142186e-07 1.7253721e-07 0.05648953 2.5804306e-07 5.767576e-07 0.0002593775 6.3167676e-09 1.8557303e-08 1.9754652e-10 5.915352e-07 1.1555063e-08 3.1344018e-05 0.018882811 0.00016666642 2.8239679e-08 6.754848e-09 3.5611436e-07 5.6339697e-09 8.388785e-08 1.5311191e-07 5.5533556e-09 0.00033699453 8.130278e-10 0.016724376 6.958975e-09 6.4812006e-08 3.754553e-08 0.004373635 3.472973e-10 7.684423e-09 3.3876849e-10 0.010435862 1.0273112e-08 2.7098794e-08 2.6019913e-09 6.7444074e-05 2.2015158e-08 1.4503071e-10 8.1263056e-07 0.0006826086 3.4602451e-06 9.1305924e-10 3.601197e-07 3.043648e-10
0.82280064 0.0044926093 0.15433477 0.015650174 0.8708375 0.0005562725 0.0052782777 0.6575235 1.4822435e-05 0.9671869 0.0016169244 3.9688102e-06 0.0022131912 0.000113957256 7.838784e-06 2.5412488e-05 1.39287995e-05 2.6539396e-12 3.9642105e-06 0.35746953 0.9890598 0.3149623 0.027512558 2.196464e-06 0.22807479 8.889874e-05 0.0048607904 4.958171e-06 0.079526015 0.89164793 0.012740523 0.9565301 1.9239957e-05 0.24415661 0.0012571514 3.7091695e-06 0.69547236 0.44000354 2.1233768e-06 0.17518109 0.006450342 0.030396283 0.010668523 0.14039193 0.0029112997 0.013426166 0.24156179 0.007996693 9.301687e-06 9.469886e-05 0.0012724156 2.6584198e-07 4.2760647e-08 4.6829953e-07 0.010178301 0.0062453225 0.000117688396 0.0015021471 0.00047981297 0.0004566479 0.0004576897 5.9302805e-05 0.010535058 0.0058744317 1.944378e-05 0.0006636772 4.668187e-05 2.3348216e-06 0.008659219 0.00018437646 0.0024713464 3.858946e-06 8.573596e-06 1.6167594e-06 1.2853907e-05 2.3612176e-06 2.8057725e-06 1.7923769e-06 0.004254233 1.8119705e-07 0.0009816173 1.706913e-05 1.1931279e-06 4.182043e-05 0.00033339814 7.779985e-06 7.2346054e-08 2.7409571e-06 0.0012772854 9.986175e-06 1.6889062e-06 2.3676937e-06 0.005366468 1.5864497e-07 1.625068e-08 7.011228e-07 0.00095834734 0.0001503305 1.5504276e-06 4.2383985e-07 8.0276756e-08
0.5621643 0.008670486 0.0027245532 0.00016583355 0.00024855518 0.5500647 0.0009883622 1.8279759e-06 0.0006602782 5.3415147e-06 0.079249255 0.19263758 5.895685e-05 0.00014533437 0.9968966 0.4104326 0.73399174 3.9642105e-06 1.0692225e-13 9.2699e-07 8.0930266e-07 2.022133e-06 2.7624037e-07 0.00045713264 8.601735e-08 0.9957574 0.0009339795 0.22856064 3.1316017e-07 7.2046284e-08 9.221246e-07 1.00279074e-07 0.6318815 3.9918326e-08 4.793846e-08 0.40107778 5.650694e-07 2.7804062e-06 0.0003529864 1.4871361e-08 6.995293e-05 1.6961178e-06 4.7274525e-06 3.9655752e-08 1.2566292e-07 0.00049125747 7.4789073e-06 3.5924593e-08 0.00021820227 0.29065752 2.3928655e-08 2.4524943e-05 8.064178e-06 0.00012521964 2.2074498e-07 9.3831204e-08 1.3368496e-07 8.714828e-07 1.7350936e-06 0.38252857 2.8044283e-07 1.6744419e-06 0.0012805816 4.871974e-09 2.4494855e-07 1.6405007e-10 5.744392e-06 1.4203784e-08 8.288653e-05 0.059052207 0.0009943786 5.0857846e-08 2.618146e-09 9.517531e-08 3.2466478e-09 1.6010628e-06 2.9712473e-07 3.9491958e-08 0.0025863058 2.6238802e-09 0.051650204 2.66269e-09 5.5292187e-08 4.11045e-07 0.023327826 2.576484e-09 2.0966342e-08 2.2480595e-09 0.023309434 3.1962617e-07 4.0738186e-08 2.2104695e-08 0.00028300722 5.3993627e-08 4.5042962e-11 1.3850441e-06 0.0021601182 1.4813406e-05 5.272342e-09 1.8975214e-06 3.9401056e-09
0.74929744 0.00030326124 0.05847663 0.004265594 0.016439889 4.909165e-05 0.0015545118 0.68485856 3.2830866e-07 0.95537144 0.0001265293 6.505752e-07 1.8446018e-06 1.0019271e-06 1.0163725e-06 4.3708033e-06 4.5137102e-07 0.35746953 9.2699e-07 1.5445815e-12 0.99838233 4.4099655e-05 0.79228956 3.7440387e-07 0.6328239 1.3398185e-05 0.0033005995 1.8979512e-07 0.9368396 0.766513 1.619317e-05 0.31123358 8.58419e-06 0.00059766625 0.067002214 5.9342636e-07 0.07615872 0.030154232 1.0970937e-06 0.120378725 0.010054037 0.12469434 0.008337355 0.022015452 0.025676858 0.007428909 0.008538827 0.0005909294 1.469004e-07 1.938727e-05 0.057098147 7.0637105e-09 1.06468505e-08 2.6876425e-08 0.01948618 0.0005588306 0.0048049805 0.009968663 0.0043248204 0.00049850397 0.0074649625 0.0006408803 0.006208069 0.0055273925 0.00029428123 0.0026207208 0.00070839934 0.00019342512 0.022606632 7.14592e-05 0.0016044975 5.2281513e-05 0.00078278256 7.1364025e-06 0.00041457065 0.00012730916 0.00018124381 6.197013e-05 0.0017596508 1.4951211e-06 0.0004894993 3.1931508e-05 1.421809e-05 0.00018069362 0.00011077966 0.00022720583 1.8077972e-05 1.1841755e-05 6.147644e-05 1.0716514e-05 1.9642202e-06 8.826605e-06 0.014209593 1.4596601e-05 9.833612e-08 7.681629e-06 0.0007647646 0.0008181267 2.2239039e-05 5.917087e-06 5.014095e-06
0.6914892 0.0016706623 0.017493872 0.0010346205 0.08282099 4.1705287e-05 0.00045028605 0.3365781 1.0244729e-06 0.7649562 0.00012607605 2.7181363e-06 1.2472676e-05 1.1720017e-06 5.887403e-07 8.3434825e-06 8.252792e-08 0.9890598 8.0930266e-07 0.99838233 2.9321867e-15 0.0016741928 0.10031961 1.4059482e-07 0.15184006 1.752839e-05 0.00043701968 3.47515e-08 0.30747247 0.845807 0.000518924 0.8454908 4.894736e-06 0.014785632 0.008230676 8.623353e-08 0.52091753 0.23148078 6.2355793e-06 0.31199655 0.0015083672 0.01140828 0.0019499424 0.21046302 0.039979853 0.0024113827 0.07724437 0.0037200241 4.885316e-06 3.0396845e-05 0.0025950493 1.3235575e-07 5.1930613e-08 1.6158728e-08 0.08630897 0.00523906 0.00027841984 0.0010548575 0.00023200526 3.5314162e-05 0.00030701427 6.993125e-05 0.002663281 0.015532967 3.5434026e-05 0.0038346457 9.205782e-05 2.6681823e-06 0.003075231 6.7994342e-06 0.0005532387 2.3515433e-06 1.0609092e-05 1.9282642e-07 0.00043173984 1.2760971e-05 1.0465371e-05 7.293208e-07 0.0003206225 3.556589e-07 7.864404e-05 1.2933829e-06 3.2205808e-05 6.243134e-05 1.7160794e-05 0.0007672448 4.2241e-06 3.3575277e-05 1.6291066e-05 1.1471809e-05 2.3245339e-07 2.2574824e-05 0.001153379 1.9414624e-06 1.0233768e-07 5.2774845e-07 0.00017724177 0.00011221523 3.486621e-05 8.239408e-06 3.1096533e-05
0.11842603 0.015480734 0.008241625 0.007641927 0.7631128 0.0008001827 0.0029114026 0.0032623175 4.8764417e-05 0.0016242609 0.002322624 8.429903e-06 0.9997784 0.00055080355 6.5825748e-06 5.3203808e-06 2.5430054e-06 0.3149623 2.022133e-06 4.4099655e-05 0.0016741928 6.4984884e-17 3.155507e-05 1.0595295e-06 0.00015594823 1.3592302e-05 0.00047385614 2.1108046e-06 1.8601077e-05 1.876888e-05 0.9990971 0.005865324 1.677709e-06 0.15370649 4.248259e-06 1.3524939e-06 0.13831846 0.055453256 6.5341237e-07 0.00012603254 1.4985578e-05 2.5849576e-07 5.5276005e-06 0.00069386145 3.886227e-06 4.13502e-05 0.055585288 0.0014899747 1.3716699e-05 3.0286985e-06 1.0219939e-05 6.824158e-08 1.3429488e-07 2.8219365e-09 5.5666493e-05 0.0010685761 2.0846219e-06 1.4670449e-06 4.210413e-08 6.786141e-06 3.7212706e-07 2.4704377e-07 3.7693397e-05 7.617903e-06 5.7594654e-08 2.552089e-08 1.2762924e-06 1.615772e-07 2.3998725e-06 1.1015036e-05 9.889383e-06 1.2914046e-06 3.960373e-07 2.0894902e-06 8.306291e-09 6.82767e-09 1.980051e-06 7.080414e-08 7.232064e-05 2.2611928e-07 0.00014188974 1.4963879e-06 1.0519746e-07 1.9510137e-06 9.7372695e-06 2.2228588e-07 4.6088157e-08 5.9483348e-08 0.00010668094 9.5221753e-07 4.4385576e-08 2.871002e-07 6.7197316e-06 8.826773e-08 1.2075052e-08 5.0849987e-08 6.165252e-05 3.921695e-07 2.1709832e-09 5.720597e-07 6.129609e-08
0.95988196 0.00035497526 0.024182674 0.0028603699 0.004146033 2.1258844e-05 0.0013885457 0.70308083 4.0280068e-07 0.55578 7.631352e-05 3.3198464e-08 2.3095884e-06 4.4569097e-07 9.117705e-08 2.0376788e-07 2.8733286e-08 0.027512558 2.7624037e-07 0.79228956 0.10031961 3.155507e-05 1.485377e-10 2.521677e-07 0.9776036 7.754208e-06 0.018295188 7.986909e-09 0.9928559 0.637916 3.0842136e-06 0.2456309 2.100681e-06 0.00032590242 0.47952726 4.391476e-08 0.07009625 0.012962761 6.553282e-07 0.39914474 0.16403556 0.82159644 0.15646547 0.045701303 0.27691227 0.02778112 0.0031985017 0.0003609302 1.1154873e-07 2.2254018e-05 0.4990473 1.4368878e-07 2.486085e-08 2.9974583e-08 0.06583291 0.001220667 0.031158783 0.22990637 0.1801348 0.0006226863 0.037294514 0.009077147 0.04467668 0.0640385 0.0035585503 0.08654933 0.007683808 0.00024810497 0.4355086 8.636015e-05 0.014393162 0.00010182129 0.0007447583 1.5072334e-05 0.0021920071 0.0005681067 0.00038199633 5.9557286e-05 0.0065086037 3.4951833e-07 0.0036765162 1.92738e-05 6.732002e-06 0.0012952765 0.0015144795 0.002163681 0.000648531 0.0005747472 0.00040214308 5.423262e-06 2.3753118e-07 2.2432901e-05 0.10037755 0.00028154947 3.0226737e-08 0.00010645218 0.0011174732 0.0053820643 0.00021801986 5.1614525e-06 1.8209709e-06
0.0019829534 0.0001977624 1.1202806e-05 4.325653e-06 5.438219e-06 0.004198065 3.625839e-06 2.3525087e-07 0.0036813754 9.8193304e-08 0.00017745608 0.67714304 0.00013713188 0.99957377 0.0008530793 0.089854665 0.0076270774 2.196464e-06 0.00045713264 3.7440387e-07 1.4059482e-07 1.0595295e-06 2.521677e-07 3.420049e-14 1.1192061e-07 0.0011507218 4.4701333e-06 0.4068246 5.5254127e-08 1.187862e-08 4.6695314e-07 4.147614e-07 0.00023230923 1.1890794e-08 4.723937e-08 0.0019374405 6.5969436e-07 3.5149305e-06 0.99988383 1.2829119e-07 3.6234968e-07 6.644329e-09 3.3960664e-08 1.7550465e-07 1.6505206e-08 1.3361621e-06 9.890547e-07 8.414778e-08 1.9777832e-05 0.00020914242 1.0540026e-06 9.972351e-07 9.516574e-07 6.372391e-05 3.8834896e-06 2.076664e-07 1.6126493e-06 2.2736113e-07 2.6320267e-08 8.982056e-05 3.0628456e-08 5.4234427e-08 2.7250296e-06 2.504591e-07 4.761859e-08 8.908205e-09 4.630112e-08 7.2523136e-07 2.1057158e-06 4.3684133e-05 1.0577955e-05 1.1296987e-06 1.6359178e-07 7.227875e-06 1.7934958e-07 2.0083148e-08 2.4134438e-06 2.1158824e-07 4.9628493e-06 1.7468696e-07 0.0003551774 3.606291e-07 7.889163e-07 6.26049e-07 0.0003511212 5.150035e-08 1.16355e-08 1.0309647e-07 3.0024037e-05 1.7704454e-07 2.1361439e-08 2.2952621e-07 1.3497853e-06 1.2120417e-08 9.801405e-08 7.631613e-07 2.5673575e-05 2.4743306e-07 1.0240383e-06 3.400834e-06 1.7414951e-09
0.97997975 0.000935929 0.19319257 0.009434072 0.02753207 5.7533587e-05 0.004312082 0.94315565 7.802544e-06 0.88848823 8.098871e-05 3.1436906e-07 1.5024616e-05 5.0037653e-07 7.780809e-08 6.267074e-08 5.5890737e-08 0.22807479 8.601735e-08 0.6328239 0.15184006 0.00015594823 0.9776036 1.1192061e-07 1.1581341e-12 8.4098315e-07 0.09513535 4.7488142e-09 0.6142949 0.5392299 6.254987e-05 0.3604739 2.0816012e-07 0.0007009079 0.57981664 1.924677e-08 0.06794936 0.011314179 1.114668e-06 0.2124386 0.7133253 0.9148797 0.20045102 0.014820142 0.23279202 0.08009428 0.0030177615 0.0002260709 3.50105e-08 2.6560115e-06 0.661541 3.4776116e-07 1.463332e-08 3.9522158e-07 0.00733534 0.00037804927 0.032875057 0.27259782 0.17782074 0.00014541118 0.062336765 0.014605961 0.08039911 0.0221585 0.00865172 0.07422524 0.019378962 0.00072561234 0.60632694 1.7448534e-05 0.026682062 7.852069e-05 0.00078512303 3.5745516e-06 0.012827947 0.0061902944 0.0012407699 0.00022498451 0.010230516 7.058664e-08 0.00032985193 0.000113365415 0.00021576177 0.00034630118 0.00060082163 0.00157197 0.00054751046 0.00071507506 3.1087344e-05 3.8010976e-06 9.1896857e-07 7.61376e-05 0.21681912 0.0013012298 6.7563036e-07 9.410264e-06 0.0010005909 0.0132553475 5.2739124e-05 1.2631638e-06 1.6583133e-06
0.9557068 0.06838261 0.0014326858 0.0005928961 0.0016043407 0.44766927 0.004333383 1.90806e-05 0.0022030275 9.574657e-06 0.30082202 0.29510596 0.0017275905 0.00021359875 0.70451593 0.541184 0.4237123 8.889874e-05 0.9957574 1.3398185e-05 1.752839e-05 1.3592302e-05 7.754208e-06 0.0011507218 8.4098315e-07 1.1167016e-09 0.003458329 0.32827345 3.5174521e-06 8.48739e-07 3.297621e-05 1.3295429e-05 0.9402224 2.8982297e-06 2.3951566e-07 0.093927324 2.0271716e-05 0.00022318386 0.0011083784 2.022344e-07 4.936342e-05 2.0010557e-06 7.456591e-05 1.1330304e-06 6.2377114e-07 0.0027138963 0.00020380376 3.4075904e-06 0.0038588322 0.9228003 1.4472668e-07 0.00043222864 7.556556e-05 5.1974388e-05 8.838806e-07 1.04118135e-05 5.7087163e-07 3.126447e-06 4.7445164e-06 0.9111784 1.7912721e-07 1.8618079e-05 0.012833972 1.4092993e-06 3.5331527e-06 2.5452553e-07 3.3474375e-05 2.0546126e-07 0.000141263 0.5694989 0.010948826 5.3971934e-07 9.8232455e-08 3.4095973e-07 5.6997862e-08 3.3979231e-06 1.646708e-06 1.0157911e-06 0.03559211 1.4042964e-08 0.46622923 1.7705146e-07 8.4711036e-07 2.3168737e-05 0.21418393 3.2242252e-07 1.4993146e-06 4.8149246e-07 0.18473428 8.954072e-07 7.744726e-08 2.691898e-06 0.0015276757 1.1365596e-06 5.1944976e-08 1.103222e-06 0.039393228 0.00015511095 2.2027056e-07 1.4276208e-06 7.529255e-09
0.9309343 0.09614315 0.22034076 0.7594755 0.23213924 0.26447043 0.9837055 0.6785207 0.00053126336 0.12742957 0.86219627 0.00057220814 0.0060147746 2.870211e-05 0.00069528667 0.0001380354 0.00033282602 0.0048607904 0.0009339795 0.0033005995 0.00043701968 0.00047385614 0.018295188 4.4701333e-06 0.09513535 0.003458329 1.5337254e-12 1.4446125e-05 0.0008919143 0.00022495042 0.0010611658 0.0015674138 0.0008356013 0.0003569353 0.00021695375 0.00025246717 0.00080405176 0.0032441767 3.2884353e-05 3.4270124e-05 0.8112182 0.100021645 0.3493962 9.609126e-06 0.000102458835 0.98721755 0.0016869078 3.66253e-05 0.00015656622 0.0037619276 0.0011129451 2.4857673e-06 2.2777404e-06 5.8006947e-07 3.924075e-05 5.4416582e-06 5.2352265e-05 0.0022467407 0.0077418503 0.8398091 5.211058e-05 0.00045662263 0.53780055 1.8789835e-05 8.977835e-05 6.68804e-06 0.001146733 1.3865673e-05 0.045127396 0.021899782 0.2523912 2.7579638e-06 1.6823161e-07 1.685588e-06 3.458101e-06 0.0002285576 5.1726256e-05 8.537007e-05 0.2921834 3.697613e-08 0.042077694 2.2386503e-07 3.3158614e-07 8.8637836e-07 0.029665777 1.4762389e-06 2.746604e-06 3.212121e-07 0.01645713 9.449067e-08 1.4095971e-07 5.4691674e-07 0.05910922 1.2674869e-05 2.0980895e-09 5.6412473e-06 0.07491546 0.0012803281 1.0168699e-06 6.813445e-07 1.6817522e-08
0.5659864 0.004848089 0.0002716118 1.5451726e-06 1.2006946e-06 0.08477467 7.724346e-06 7.326083e-09 0.0058283326 1.8324773e-08 0.0034847448 0.8727867 0.00013969328 0.045298234 0.2960678 0.97833854 0.94255906 4.958171e-06 0.22856064 1.8979512e-07 3.47515e-08 2.1108046e-06 7.986909e-09 0.4068246 4.7488142e-09 0.32827345 1.4446125e-05 3.9497716e-14 2.4620832e-09 2.9029653e-08 1.1741855e-06 6.721372e-08 0.41246447 8.044781e-08 2.192707e-08 0.9981941 1.2185297e-06 5.280833e-05 0.85596246 1.0530989e-07 9.184625e-08 8.976994e-09 1.9361094e-08 7.014883e-08 3.6934054e-08 1.7278333e-06 9.498692e-07 2.8927124e-08 0.0034902296 0.21335025 2.599826e-07 0.029675147 0.0037440408 0.6262022 1.9898316e-06 1.2070868e-07 4.7792867e-07 7.450403e-08 3.1006804e-09 0.007876219 1.7161872e-07 1.8051034e-08 1.4150171e-05 4.940091e-07 9.831714e-09 8.2344503e-10 3.9049215e-08 1.1592166e-07 7.890043e-07 0.017479021 6.74435e-05 2.2727473e-08 1.7991559e-09 6.6025456e-07 6.002471e-08 6.7723825e-08 1.1503393e-07 2.66757e-07 0.00017883185 2.3303646e-09 0.025873816 2.7895626e-07 5.595769e-07 4.2937776e-07 0.0017365133 7.474332e-11 9.777407e-09 1.24999e-10 0.012243045 1.436661e-06 2.5847066e-07 1.7827696e-09 8.748783e-06 1.3682305e-08 2.233856e-09 7.113412e-07 0.00013400466 3.2980658e-08 1.1230868e-08 9.992858e-07 5.504354e-08
0.8073235 0.0002657575 0.0037616373 0.00043083704 0.0032156492 1.1541544e-05 0.00041979086 0.16208933 2.283678e-06 0.290759 8.939231e-06 1.4014073e-07 1.7664611e-06 1.2007804e-06 7.0728254e-07 1.7508923e-07 1.3118232e-07 0.079526015 3.1316017e-07 0.9368396 0.30747247 1.8601077e-05 0.9928559 5.5254127e-08 0.6142949 3.5174521e-06 0.0008919143 2.4620832e-09 8.145216e-12 0.97111654 1.4317034e-07 0.31154028 1.784053e-06 1.0942394e-05 0.9261812 2.4814943e-08 0.07259952 0.0040596672 5.4586417e-07 0.58474594 0.01356833 0.311906 0.013938781 0.06739237 0.75820917 0.00200141 0.00090677326 0.00062060775 4.5575447e-07 9.151148e-06 0.30821145 3.9547194e-07 1.1404308e-07 1.6550853e-08 0.10805398 0.0017963488 0.028664894 0.07573059 0.031873245 3.5610556e-05 0.027868183 0.0026893413 0.0033601462 0.24783646 0.00170803 0.20336376 0.0037430467 0.00054193306 0.078225255 4.440616e-06 0.0013506399 0.00027562393 0.001961294 2.7963206e-05 0.035070226 0.0006182486 0.00032223613 0.00012661683 0.00075647427 1.4345794e-05 0.00026502882 0.00018787477 4.7831854e-05 0.0020251854 0.0002541822 0.014146366 0.00042114596 0.0018628383 2.937318e-05 7.2321436e-06 3.935445e-07 7.107011e-05 0.018792978 0.00019706017 1.6476842e-07 0.00013930668 0.00052138325 0.0013336912 0.00065946014 1.9988765e-05 1.4111009e-05
0.9035125 5.2204514e-06 0.0012969099 0.00026728224 0.0010269244 2.1419826e-06 8.114357e-05 0.23105407 6.426472e-08 0.070996344 9.4081065e-07 9.658282e-09 9.0835755e-07 1.6449336e-07 9.391034e-08 9.540158e-08 2.6037949e-08 0.89164793 7.2046284e-08 0.766513 0.845807 1.876888e-05 0.637916 1.187862e-08 0.5392299 8.48739e-07 0.00022495042 2.9029653e-08 0.97111654 4.242824e-14 2.187321e-06 0.78494006 2.8995356e-07 0.00093511265 0.5881279 2.8083049e-08 0.32216483 0.069196604 9.677746e-07 0.9940762 0.005500721 0.1548065 0.0075193294 0.37494949 0.69134647 0.0006664158 0.025595427 0.0034179566 1.2809178e-07 1.0568007e-06 0.11570678 7.642997e-09 3.0391032e-08 8.168016e-10 0.43239263 0.012655351 0.014786244 0.020800764 0.0070609776 1.0896751e-05 0.008878891 0.00048668985 0.0015811766 0.35358906 0.00026926634 0.065763086 0.000555834 0.00013926535 0.03333577 1.4983184e-06 0.00068145216 0.0001309519 0.00040421067 1.5562775e-06 0.0012856238 0.00010740902 0.00015610148 1.4682632e-05 0.0004965278 8.9349726e-07 0.00042326108 0.0004712376 1.1807912e-05 0.0010555407 0.00012650204 0.009130715 9.98529e-06 0.00084991805 8.806673e-05 8.185828e-06 9.678015e-07 2.4112687e-05 0.014897654 3.7749137e-06 1.9209244e-07 2.0071e-05 0.00028313734 0.000949235 0.00038890398 2.3253642e-06 3.4575569e-06
