1.0515537e-25 2.2090143e-09 7.486667e-09 1.970718e-06 2.20773e-07 1.05916826e-07 0.00019754957 0.00017635674 2.6668835e-07 1.2133041e-05 0.00026130068 0.006583014 0.017381646 0.074501775 0.036632683 0.118517116 9.859516e-07 0.011830457 0.0028839821 0.0042244988 0.61199677 0.001980678 0.82829326 0.31335387 0.027030317 0.32624206 0.26138514 7.892899e-08 0.24006122 0.003649955 0.64396834 0.003524464 0.15240714 0.13990335 1.455851e-05 4.7386267e-05 0.013958416 0.29512146 0.115453035 0.09727381 0.43944842 0.8467131 0.016371673 0.4457312 0.5618482 0.20220974 0.0018495413 0.098402455 0.020581242 0.6744795 0.046881158 0.9589115 0.094280764 0.1405007 0.72258884 0.029546315 0.022630084 0.15144141 0.17704996 0.07743328 0.35330728 0.4314671 0.00022587564 0.890475 0.72105753 0.30014536 0.0040351874 0.010107176 0.5177553 0.009655416 0.019853096 0.48354328 0.014285961 0.78738153 0.6958489 0.36847243 0.7596544 0.7192223 0.38978928 0.02476263 0.8777212 0.015167359 0.7562999 0.84376687 0.18596017 0.93486816 0.96406025 0.999104 0.9848055 0.60479707 0.0029908996 0.95762515 0.75378025 0.018680712 0.9928956 0.0077566532 0.8333215 0.044723053 0.9936952 0.9997905 0.8556179
2.2090143e-09 1.5993924e-22 0.5819397 0.40731126 0.0031492678 0.0020095946 0.050783798 0.03712818 0.015743652 0.012758361 0.0017598226 0.06631992 0.032492675 0.0055922894 0.039663874 0.00441321 1.1571809e-05 0.0005248867 0.0009561833 0.0006405137 5.1199597e-05 1.6060185e-05 0.00052364456 0.00010829243 4.5669185e-06 3.929038e-06 8.308237e-06 1.7917386e-05 1.6017646e-05 0.00013220093 1.5150832e-05 2.0730045e-06 1.1410112e-06 1.3592067e-05 1.17883566e-07 1.2075472e-07 7.009329e-07 1.265862e-05 1.113966e-05 2.5593441e-05 3.0585843e-06 2.339634e-06 2.0514221e-06 1.1596528e-06 9.038646e-06 8.671937e-06 4.9238122e-05 1.07039305e-05 2.280879e-06 6.634107e-06 1.8646786e-06 7.668209e-05 4.88478e-06 3.2592652e-05 2.919049e-05 9.4557945e-06 4.4237336e-06 6.3457956e-06 2.3111295e-05 2.3259186e-06 1.8855327e-06 1.4829823e-06 3.2982484e-08 8.202802e-06 7.775431e-06 9.895911e-06 1.46203485e-08 9.1412126e-08 9.743206e-06 2.9399255e-06 8.462601e-07 7.020753e-06 7.306814e-08 4.7316157e-06 9.913457e-07 2.2881582e-06 4.1579533e-06 8.0642275e-07 7.5262515e-06 8.846661e-08 1.8363525e-06 2.8145735e-08 1.2425423e-05 2.2328798e-06 1.4064195e-06 1.0567559e-05 2.3273988e-06 0.000102186284 4.6301875e-06 2.5882055e-06 1.8090215e-05 0.0003648166 4.617074e-06 6.5841186e-06 0.000117967524 1.3733047e-05 7.0261653e-06 5.7929283e-05 5.1988145e-06 0.0001365298 2.0647453e-06
7.486667e-09 0.5819397 2.3627414e-20 0.22064394 0.00011895752 7.40006e-05 0.024044845 0.010136183 0.5432387 0.057318717 0.016180791 0.078649506 0.012346385 0.0028469365 0.019875007 0.0012579759 0.0030679181 0.0010720905 0.006694776 0.0002635604 6.868397e-05 0.00056504796 0.00023876615 0.00036062137 0.00010468202 2.0912716e-05 6.674268e-05 9.689813e-06 0.0003573127 2.959331e-05 5.532389e-06 2.6965014e-05 8.768346e-06 3.9466267e-05 2.1190235e-06 2.0994196e-06 8.208558e-07 1.35516975e-05 4.00776e-05 6.0294566e-05 5.521625e-06 2.9735736e-06 3.3864642e-06 1.5626727e-06 3.9209194e-06 9.893486e-06 8.423422e-05 1.7054126e-05 3.1125537e-06 1.5035954e-05 2.3142495e-06 5.0239774e-05 1.0801141e-05 0.00019013057 7.65517e-06 5.8849864e-06 2.9409293e-06 6.7094984e-06 8.743958e-05 3.0230055e-06 1.3570962e-06 5.568702e-06 7.763986e-07 4.008066e-05 4.170459e-06 1.3198771e-05 3.354159e-08 1.15343155e-07 6.364608e-06 2.4763265e-06 1.3101546e-06 5.0506223e-06 5.9312305e-07 6.7126734e-06 1.4781576e-06 1.1231571e-05 1.2012759e-05 5.257657e-07 2.3405926e-05 8.7896936e-08 1.8880446e-06 9.605652e-08 2.251675e-05 1.7454991e-05 1.1596286e-06 4.0215127e-05 4.3805135e-06 9.003076e-05 1.7031341e-05 3.7291345e-06 3.604696e-05 0.00046911422 1.665675e-05 1.2938078e-05 0.00017464289 1.6959213e-05 3.0737283e-06 6.729752e-05 1.5054218e-05 0.0017598388 6.567463e-06
1.970718e-06 0.40731126 0.22064394 2.6394695e-21 0.010767939 0.003918746 0.21287185 0.124852836 0.009724964 0.056111712 0.024649957 0.28888333 0.115000024 0.045908783 0.26749423 0.033101227 9.074506e-06 0.009757404 0.0031371037 0.000993068 0.0008461932 6.991391e-05 0.0019304284 0.000536359 3.710721e-05 5.0957424e-06 3.7444336e-06 7.438494e-05 5.6095174e-05 0.0004461167 7.9108235e-05 8.8239285e-06 1.209156e-05 5.8890846e-06 1.9205845e-06 1.2377991e-06 6.6814704e-07 4.953603e-05 1.4923383e-05 2.0693236e-05 1.5062835e-05 4.5205966e-06 5.5332623e-07 1.589639e-05 1.44134965e-05 1.3581469e-05 0.00011148913 1.0458498e-05 7.369371e-06 7.942327e-06 7.463482e-06 0.0001709602 5.054602e-06 4.5017507e-05 7.4832515e-06 5.021393e-06 4.3437017e-06 2.4472245e-06 2.3948141e-05 1.1646425e-06 2.274043e-07 1.380076e-06 7.012903e-08 1.36347935e-05 3.880302e-06 1.1677415e-05 1.0684776e-07 1.5617967e-06 1.2391792e-05 3.624152e-06 1.2365791e-06 4.4905833e-06 3.9093686e-07 3.91059e-06 3.7753316e-06 7.659408e-07 1.8865777e-06 2.2003248e-07 9.5342966e-07 1.9984019e-07 2.6837904e-06 2.7085203e-08 8.035036e-06 6.403665e-06 7.2996306e-07 2.1389444e-05 1.1650229e-05 7.1723225e-05 1.9736493e-05 2.940192e-06 1.9416782e-05 0.00052821526 9.807997e-06 5.1543593e-06 0.00033784666 4.4596523e-05 7.2244434e-06 9.941339e-05 1.3480122e-05 0.00048837584 1.4119537e-06
2.20773e-07 0.0031492678 0.00011895752 0.010767939 1.7380484e-19 0.88082886 0.15190277 0.5676979 6.581137e-06 1.8793831e-05 1.8669757e-06 0.0026899802 0.22873886 0.018283335 0.00778005 0.026616262 1.8585888e-08 0.0001252262 1.4809945e-05 0.058189277 1.9719522e-05 5.729008e-06 0.00024068747 3.3802487e-05 9.014215e-06 3.9098068e-06 6.1388528e-06 0.015701711 5.1258003e-06 0.0030244216 3.613352e-05 2.6742503e-06 7.2805433e-06 1.0373437e-05 8.67573e-07 4.0466423e-07 4.9655216e-07 1.7782717e-05 4.472532e-05 3.3891836e-05 1.955907e-05 4.316608e-06 1.0341055e-06 8.799784e-06 1.01196365e-05 1.3476831e-05 0.0004382524 4.3638893e-06 5.2407536e-06 3.1839827e-05 9.398726e-07 0.00028878916 1.5727899e-06 1.8975532e-05 4.762929e-05 2.7878343e-05 2.5839438e-06 1.0033189e-05 3.1490017e-05 4.246701e-07 3.612938e-07 3.4977631e-06 1.4400051e-08 7.892663e-05 0.000109571454 4.0046732e-05 2.2258613e-08 1.1487583e-07 3.7145168e-05 4.403916e-06 1.6399369e-07 2.2294847e-05 2.431976e-08 1.9716965e-05 2.0758355e-06 6.29083e-06 5.242883e-06 1.3838329e-05 3.3921584e-05 9.0386266e-08 2.076683e-06 8.761035e-09 9.640371e-06 1.1018914e-05 7.4855216e-06 2.8045888e-05 0.00012724023 4.2956704e-05 4.3493324e-05 4.74135e-06 1.298858e-05 0.0003316935 6.8598805e-05 9.29746e-07 0.00014418316 6.980681e-06 6.6465764e-06 4.4842556e-05 7.464827e-06 0.00015054154 7.138625e-07
1.05916826e-07 0.0020095946 7.40006e-05 0.003918746 0.88082886 9.923175e-21 0.048879374 0.31990883 3.0137194e-06 1.1928133e-05 1.0768943e-06 0.0008106553 0.10721918 0.009574545 0.006950275 0.017318653 4.629509e-09 2.3345801e-05 1.7423315e-06 0.06324101 3.420911e-06 1.5958713e-07 0.00028535962 1.2752764e-06 9.695977e-08 1.391052e-07 2.9785443e-07 0.14904356 2.1960189e-07 0.0031709727 3.6204317e-06 1.1471228e-07 3.6106232e-07 9.0943155e-07 2.7815334e-08 1.7122513e-08 1.0301096e-07 1.3063208e-06 1.2742103e-06 5.838543e-06 7.946202e-07 2.1133152e-07 8.128471e-08 3.594428e-07 3.1684615e-07 1.4345088e-06 0.0007864716 8.1562047e-07 3.6694926e-06 1.2637723e-06 3.892962e-07 0.0003315433 3.7702955e-07 1.2959867e-06 2.6152391e-05 2.1607875e-05 1.1164318e-06 2.6882154e-07 5.0353137e-06 2.8269316e-08 5.0241848e-08 2.1031177e-07 4.569722e-09 4.2877793e-05 1.6509213e-05 1.6454835e-06 3.2824503e-09 1.2612161e-08 2.5293446e-06 2.3685836e-06 9.523646e-09 2.263073e-06 1.748778e-09 8.065965e-07 1.2569984e-07 4.6604515e-07 1.1000145e-06 3.6936556e-06 4.4642884e-06 1.37204e-09 8.740827e-08 5.016022e-10 9.034977e-07 4.5612687e-06 6.736083e-07 1.2449508e-06 0.00017134375 3.877953e-06 1.317394e-06 9.53547e-07 2.8497194e-05 0.00012724592 3.3847919e-06 4.437176e-07 3.0748204e-05 3.3042113e-06 4.4601921e-07 2.3028286e-05 7.581379e-07 1.2467264e-05 3.763522e-08
0.00019754957 0.050783798 0.024044845 0.21287185 0.15190277 0.048879374 1.8054799e-18 0.7703262 0.00049215497 0.017069675 0.002340287 0.14148493 0.8122133 0.4210976 0.46684414 0.38809898 2.722175e-06 0.0071596764 0.00015329816 0.04198141 0.0022376988 1.0682322e-05 0.009062702 0.0010438255 3.943918e-05 8.887065e-06 7.288894e-06 0.00018514367 2.0891826e-05 0.0022539182 0.0002175544 1.6029878e-06 0.00025649433 3.0085218e-06 7.752918e-07 7.1414706e-07 9.467613e-08 1.8561595e-05 6.339371e-06 0.00016704705 6.0032207e-06 8.932639e-05 2.4038846e-07 5.7458656e-06 1.3616764e-06 2.0367892e-05 0.00013579559 1.09799e-05 6.5812746e-06 3.726461e-06 3.098802e-06 0.0011960485 3.2561582e-07 4.891497e-06 7.560484e-05 2.7807022e-05 2.3356456e-06 1.8976264e-06 1.1278067e-05 9.604553e-08 2.9105013e-07 1.269742e-05 1.0412866e-07 0.0029903208 2.4033183e-05 4.2410493e-06 1.780021e-07 1.2468584e-07 6.187918e-05 7.3942074e-06 1.3828367e-07 1.200472e-05 2.348128e-08 0.00025977558 2.9644352e-05 9.131237e-06 3.4946124e-06 4.1813528e-05 9.378772e-06 6.209119e-08 2.3130942e-05 5.6606284e-09 2.3743958e-06 6.529739e-05 1.6669198e-06 4.6565736e-05 0.0003475079 0.0001449869 9.137701e-06 1.8672838e-06 1.0312805e-05 0.0012465286 2.8027746e-06 6.890329e-07 0.00048735386 2.5787765e-06 5.4307276e-07 2.4023031e-05 9.284432e-06 0.00050060207 3.6112002e-08
0.00017635674 0.03712818 0.010136183 0.124852836 0.5676979 0.31990883 0.7703262 1.9841294e-16 8.849991e-05 0.0026907655 0.00016339666 0.03337693 0.80843025 0.30300492 0.2037402 0.33550674 1.2709613e-06 0.0036997725 0.000105439976 0.1589024 0.0011152582 4.220289e-05 0.00923587 0.00047192324 5.491443e-05 2.1027148e-05 2.3577242e-05 0.003311098 1.32408295e-05 0.0076914444 0.00015398799 8.990511e-06 0.0003270797 1.370084e-05 8.774436e-06 4.990548e-06 1.9021996e-06 9.3412506e-05 1.0635937e-05 0.000669086 4.8582635e-05 7.6867545e-05 2.729253e-06 2.0091666e-05 3.3600838e-05 5.7252037e-05 0.00049093575 2.0445796e-05 2.087215e-05 6.265698e-05 7.4068626e-06 0.0024517856 3.7395016e-06 2.3629194e-05 8.3806175e-05 0.00011921214 9.036008e-06 1.2915517e-05 4.3429583e-05 1.6811125e-06 4.0056184e-06 2.9454975e-05 3.2554905e-07 0.0016582186 0.00021817877 0.0001244571 3.1584727e-07 8.718253e-07 0.00043806894 1.1151491e-05 6.3802906e-07 0.00011534002 2.389266e-07 0.00020630978 3.500608e-05 1.2052819e-05 4.346669e-06 0.00022246329 3.595978e-05 4.456408e-07 3.6448782e-05 1.2152704e-07 6.902579e-06 4.1062343e-05 1.3139931e-05 0.00011202491 0.00087170815 0.00016781107 9.3937975e-05 1.2327294e-05 3.5481127e-05 0.00080149743 4.071778e-05 2.1145881e-06 0.0003514116 1.0428389e-05 3.1012307e-05 3.459983e-05 1.6883176e-05 0.0011037331 1.4800281e-06
2.6668835e-07 0.015743652 0.5432387 0.009724964 6.581137e-06 3.0137194e-06 0.00049215497 8.849991e-05 1.3881949e-20 0.48068377 0.20520756 0.11325124 9.0259695e-05 7.120723e-05 0.0047384105 3.3767043e-05 0.54541916 0.0019549616 0.08731372 1.467799e-06 0.0001474763 0.00617656 0.00019731742 0.0007160563 3.3949673e-05 0.00010206085 1.6810749e-05 5.2575238e-06 0.00090963324 2.2806398e-06 9.307912e-07 0.000279769 2.829404e-07 7.2149945e-05 0.00017423664 0.00026001674 5.5928963e-06 5.774579e-06 4.8825445e-06 2.5562938e-06 9.858265e-07 2.392043e-07 3.6654353e-06 9.1932314e-08 8.923732e-07 7.737823e-06 9.871649e-06 7.6113092e-06 3.571694e-07 2.2064573e-06 1.7552636e-06 4.322216e-05 4.0723467e-06 3.8115768e-06 9.646561e-06 8.998621e-07 2.4116113e-07 2.4694405e-06 2.5714742e-05 1.6383293e-06 5.5373453e-06 2.6297474e-07 1.8114428e-06 3.566667e-05 4.7859844e-06 1.417e-06 4.0712493e-07 2.0992111e-08 4.507537e-07 2.733089e-07 1.745558e-06 6.252428e-07 2.3284208e-07 9.744158e-07 2.1001973e-07 1.7464748e-05 9.599408e-06 2.504156e-07 5.268566e-06 2.3953876e-07 1.7942794e-07 1.05002e-07 1.1024179e-05 2.3990773e-05 1.2808434e-07 2.6183934e-05 4.82767e-07 8.650222e-06 1.4753535e-06 3.0619055e-06 5.515931e-06 9.7534365e-05 4.6480147e-07 1.8360214e-06 2.0447005e-05 5.0830017e-06 2.5682623e-06 2.7447699e-05 6.553129e-06 0.0003565509 4.379156e-06
1.2133041e-05 0.012758361 0.057318717 0.056111712 1.8793831e-05 1.1928133e-05 0.017069675 0.0026907655 0.48068377 4.72713e-22 0.7972032 0.69800264 0.0056783184 0.0051141162 0.4307607 0.002206624 0.066772625 0.1627447 0.40076023 0.00010549209 0.0059836935 0.02818532 0.0064873146 0.034085415 0.009556933 0.004679177 0.00231138 6.8824545e-07 0.0060358606 3.279097e-05 2.5030891e-05 0.0012860737 2.6154186e-05 0.0006481442 0.00018711021 0.00024364147 4.6374636e-05 1.8766288e-05 0.00059778075 7.3835395e-06 0.0008406064 0.00043262064 5.062876e-06 0.00012703263 0.00015202309 4.9816654e-06 1.9089637e-06 5.616902e-06 5.107324e-07 0.00015389784 2.1500873e-06 0.00023682087 1.2572502e-05 3.9505185e-06 9.634984e-06 3.5579817e-06 1.7832593e-07 1.7838013e-06 0.00022653924 2.6510718e-06 2.8609631e-05 4.1194016e-05 9.882123e-08 0.0007224227 6.216988e-06 3.7127759e-06 3.38811e-07 3.5421508e-08 5.030018e-07 1.3242616e-06 6.672332e-07 6.974769e-07 3.5276935e-07 3.1649164e-05 4.1659428e-06 7.686915e-05 3.0205289e-05 7.417334e-07 1.5982071e-06 2.21595e-07 4.669035e-06 4.793709e-08 4.94855e-05 0.0006223158 1.4510986e-06 0.00020022909 1.2325983e-06 2.8356575e-05 1.7223613e-06 1.1672951e-05 2.1274245e-06 0.000116463256 5.245276e-07 3.9576662e-07 3.1529264e-05 4.753767e-07 1.1258499e-05 8.6759525e-07 1.5203561e-05 0.00027268237 7.4026354e-07
0.00026130068 0.0017598226 0.016180791 0.024649957 1.8669757e-06 1.0768943e-06 0.002340287 0.00016339666 0.20520756 0.7972032 1.8255385e-23 0.64540154 0.0008320028 0.0011046202 0.27809155 0.0002979879 0.12249648 0.20612676 0.6675154 7.380519e-06 0.06812111 0.24565959 0.03146541 0.22567208 0.06921 0.07921762 0.029918678 7.0375274e-09 0.19027576 1.5418613e-05 5.433246e-05 0.08001175 7.416302e-05 0.020616004 0.005862625 0.010238837 0.005236263 3.435966e-05 0.015440754 8.300467e-06 0.0057162647 0.0013698627 0.00046755525 0.0006106732 0.0020707115 4.5696954e-05 8.3301694e-07 4.72451e-06 2.1814202e-07 0.00035160658 6.716435e-07 6.406967e-05 0.0017963336 5.153219e-06 1.6849108e-05 1.1306973e-05 4.783714e-07 5.3450153e-06 0.0011816091 4.5521883e-05 0.00023323447 3.3145396e-05 9.4185737e-07 0.0016319639 2.789656e-05 7.708247e-07 2.9562377e-06 1.25324515e-08 4.1386133e-07 3.1585946e-06 9.613599e-06 2.804206e-07 5.550158e-07 6.753627e-06 2.9628507e-06 0.0006236136 0.0002591026 3.0842446e-07 7.730628e-07 1.5927005e-06 4.57038e-07 6.4928685e-08 3.8880273e-05 0.004060767 3.3215076e-07 0.00048028107 3.7773677e-07 1.0868926e-05 1.729296e-07 2.2120355e-05 1.2050227e-06 6.663557e-05 8.089218e-08 1.0645481e-06 3.416472e-05 3.0578914e-07 6.0533985e-06 2.4364192e-06 5.341726e-05 0.00090072287 2.2990169e-07
0.006583014 0.06631992 0.078649506 0.28888333 0.0026899802 0.0008106553 0.14148493 0.03337693 0.11325124 0.69800264 0.64540154 7.165229e-19 0.064525254 0.06701424 0.9250682 0.04862356 0.023954568 0.5414565 0.2551626 0.0040019895 0.07689688 0.059586506 0.044044428 0.14567362 0.10288283 0.03735731 0.028147547 5.6523086e-06 0.029075664 0.0012344635 0.0017642212 0.004712572 0.002399795 0.0032699113 0.0005163793 6.385672e-05 0.0005812031 0.00074634707 0.0023180752 0.00077846285 0.009574495 0.006020729 6.5400774e-05 0.0030731584 0.0014916616 0.00021211062 0.0002812607 0.0001758675 5.449259e-05 0.001402489 4.761049e-05 0.0013393504 0.00025053712 0.00011781664 6.288536e-05 0.00014191125 5.9076905e-05 1.6419213e-05 0.00035282248 2.9498688e-05 3.0732903e-05 0.00017460626 5.179655e-07 0.011994834 2.3473836e-05 9.385842e-06 3.7748148e-07 9.671301e-06 1.0758642e-05 4.297383e-05 1.4682829e-05 4.8898273e-06 4.1149315e-06 1.3502714e-05 4.362616e-06 0.00017100811 7.138121e-05 6.5477536e-07 1.9395823e-06 1.6873701e-06 2.3419266e-06 9.4357404e-08 1.461e-05 0.0020360958 2.3757866e-06 0.00037308494 7.291014e-06 9.2296046e-05 2.107964e-06 1.0250121e-05 0.0001658432 0.00016346165 6.4928224e-07 1.7458487e-05 7.209409e-05 4.6661084e-05 1.962799e-06 4.4396482e-05 9.821785e-06 0.0047968533 3.332724e-07
0.017381646 0.032492675 0.012346385 0.115000024 0.22873886 0.10721918 0.8122133 0.80843025 9.0259695e-05 0.0056783184 0.0008320028 0.064525254 7.5270457e-20 0.9039196 0.49969932 0.894196 2.1395615e-06 0.014068542 0.00025140186 0.44446218 0.04044303 3.9213064e-05 0.13522395 0.01011929 0.00038638292 0.00012609096 0.0002141317 0.0032589901 9.683831e-05 0.07648239 0.003525992 2.5251713e-05 0.008254396 1.2297915e-05 1.4129301e-06 1.2908345e-06 7.523829e-07 0.0018519851 1.4237723e-05 0.010931418 3.0906696e-05 0.0014325185 7.602955e-07 0.0001158099 4.1514333e-05 0.00095555664 0.009019974 0.00047673486 0.00023521176 1.0703094e-05 0.00020225592 0.010579424 2.3994376e-06 0.00028294837 0.0013320552 0.0013146875 9.4945455e-05 5.570075e-05 3.4351764e-05 2.9287526e-07 8.578678e-07 0.00030342065 1.9913864e-08 0.021806084 0.00041184766 0.00013634503 1.3007036e-07 2.4022243e-06 0.00067277823 5.8523656e-05 3.772493e-07 6.137001e-05 2.119538e-07 0.0030347116 0.0004626747 1.548142e-06 8.1178626e-07 0.0010749453 1.9667998e-06 5.194349e-08 0.00015476548 4.6117243e-09 1.3642905e-06 2.3373714e-05 2.9724872e-06 2.9592518e-05 0.012423849 0.0017619564 7.5481175e-06 3.459039e-07 0.00013764392 0.006579748 1.5644888e-06 1.3586384e-06 0.0044892537 7.558051e-06 6.319638e-08 5.239157e-05 3.306347e-07 0.0012353781 1.0674911e-08
0.074501775 0.0055922894 0.0028469365 0.045908783 0.018283335 0.009574545 0.4210976 0.30300492 7.120723e-05 0.0051141162 0.0011046202 0.06701424 0.9039196 9.791685e-20 0.6047236 0.974627 3.8529276e-07 0.03947876 0.0009092625 0.27750757 0.13735007 3.693488e-05 0.3684567 0.052520066 0.0020028742 0.00039471404 0.00060896436 0.00020075528 0.00010037749 0.05550002 0.013760284 9.172677e-06 0.037337326 7.954645e-06 1.000059e-06 1.407211e-06 1.3804888e-07 0.0052574286 9.218696e-05 0.028692553 0.00047543863 0.006629949 8.1348264e-07 0.0006966306 0.000118460644 0.0013736807 0.007768558 0.0004300386 0.00015946414 8.072403e-06 0.00013256604 0.023426488 3.2447026e-06 0.00059127127 0.0015755757 0.0014604199 7.188003e-05 0.00011324861 9.77572e-05 1.27668e-07 8.5977535e-07 0.0027073212 9.604988e-09 0.025451152 0.0008841581 0.00016547936 5.035436e-07 4.088313e-06 0.00054935674 6.4912005e-05 1.7521067e-07 5.4513854e-05 7.0642265e-08 0.0016695571 0.00030271168 4.678177e-06 6.0450765e-07 0.0004849925 2.9217993e-06 7.720877e-08 0.00028589976 1.3262887e-08 7.942482e-07 4.9617207e-05 1.711441e-05 5.9791415e-05 0.0063661323 0.0018708747 3.8111737e-06 2.4023558e-07 9.278152e-05 0.0072483434 3.4387047e-06 2.9329217e-06 0.0072319233 4.4926605e-06 1.5215325e-07 3.220676e-05 5.9471523e-07 0.0014228983 6.1100542e-09
0.036632683 0.039663874 0.019875007 0.26749423 0.00778005 0.006950275 0.46684414 0.2037402 0.0047384105 0.4307607 0.27809155 0.9250682 0.49969932 0.6047236 1.4536167e-21 0.506279 0.00025416937 0.9231348 0.07623787 0.020299518 0.31831118 0.014009974 0.26571998 0.28324017 0.09697061 0.013828283 0.013018835 8.888752e-06 0.009440752 0.01738288 0.006670415 0.0017860348 0.017780192 0.00097276585 0.00012494624 1.29727105e-05 8.977757e-05 0.0025708564 0.0017091528 0.009949985 0.013064716 0.019157214 1.0247803e-05 0.007153534 0.0011789465 0.0027585367 0.005195945 0.0012711947 0.00030415566 0.002036027 0.00042301993 0.0077187354 0.00011978469 0.002712494 0.0017077589 0.00057045295 9.289679e-05 0.00025404384 0.000596208 5.703816e-06 1.4750455e-06 0.0021245226 9.077967e-08 0.015165247 0.0007900649 0.0005683468 2.3458148e-07 1.334982e-05 0.00025192942 0.00010253595 1.6321326e-05 2.9611943e-05 2.1446951e-06 0.001913265 0.0002138456 7.3258605e-05 1.0190945e-05 0.000120823104 3.4192572e-06 3.2777274e-07 0.00017256448 4.03456e-08 4.9111713e-06 0.0012908796 4.0520255e-05 0.0005638959 0.00054934004 0.0010227945 1.31793495e-05 4.8288653e-06 0.00093282893 0.0030479303 4.847774e-06 6.8450136e-05 0.0007979776 0.000298702 2.1230308e-06 0.0005314491 6.0992065e-06 0.0018004873 4.7545606e-07
0.118517116 0.00441321 0.0012579759 0.033101227 0.026616262 0.017318653 0.38809898 0.33550674 3.3767043e-05 0.002206624 0.0002979879 0.04862356 0.894196 0.974627 0.506279 4.0501428e-19 1.1914137e-07 0.027514907 0.00048751396 0.39820498 0.17450087 2.1176631e-05 0.49380133 0.04618704 0.003287109 0.00065466954 0.00062324974 0.00030166295 0.000103121994 0.10672944 0.04962003 2.745292e-06 0.102954485 4.8830707e-06 8.833219e-07 7.602963e-07 1.8891639e-07 0.016330982 6.0208436e-05 0.05539471 0.0005025142 0.0066288146 9.6624e-07 0.0009532611 7.302158e-05 0.0035811956 0.0059136436 0.00071317324 0.00025895043 4.543781e-06 0.0002013729 0.024670344 2.0682908e-06 0.0016073087 0.0020523823 0.0017098978 0.0001094288 0.00015115252 2.6657292e-05 1.4898113e-07 2.1441735e-06 0.0030014033 5.7750937e-09 0.011685121 0.00090911554 0.0006766274 2.7433748e-07 1.6893991e-06 0.001232384 3.9330742e-05 1.638102e-07 0.00011662386 7.531715e-08 0.0017051835 0.0003650562 2.3876273e-06 2.7737337e-07 0.00078859966 7.726755e-06 7.903579e-08 0.00034755265 1.2245384e-08 5.528425e-07 4.675414e-05 1.0895628e-05 6.382896e-05 0.0043554557 0.0016437984 5.4385146e-06 1.5343672e-07 0.00030099365 0.006325539 5.502691e-06 4.1103267e-06 0.0040788073 6.586782e-06 9.023986e-08 2.1418551e-05 4.32575e-07 0.000522629 4.986672e-09
9.859516e-07 1.1571809e-05 0.0030679181 9.074506e-06 1.8585888e-08 4.629509e-09 2.722175e-06 1.2709613e-06 0.54541916 0.066772625 0.12249648 0.023954568 2.1395615e-06 3.8529276e-07 0.00025416937 1.1914137e-07 2.9518849e-21 0.00021241164 0.18961863 5.181149e-08 0.00013516663 0.08187604 5.876185e-05 0.0032233493 0.000645213 0.0029243836 0.0004485248 7.894611e-09 0.039412055 2.7255155e-06 1.7765808e-06 0.0844964 6.3808676e-07 0.0033557508 0.03468693 0.10532198 0.00196746 0.000100283345 8.897907e-05 3.278462e-05 8.498394e-06 2.956325e-06 0.00055450114 3.6940412e-07 1.704385e-05 0.00046076567 1.7069846e-05 0.0002771884 4.3194057e-05 8.621281e-06 0.00016994016 2.9679935e-05 0.00012634396 0.00011787305 0.00025876873 7.83584e-06 1.3729026e-05 5.2642845e-05 7.5759956e-05 4.0978586e-05 0.00036467274 7.333199e-07 0.0001285672 6.763908e-06 2.8926395e-05 7.3656615e-06 2.098608e-05 1.2502597e-06 3.349329e-06 1.2243587e-06 0.00036682558 1.1470265e-05 3.2102453e-06 2.147189e-07 2.6434333e-07 8.2685525e-05 3.1326832e-05 3.3451678e-07 2.807677e-05 4.176246e-06 6.384834e-08 4.997646e-07 2.1230439e-05 8.116075e-05 4.7468516e-06 2.9015859e-05 1.5421472e-08 6.090427e-07 1.1021062e-06 1.1694924e-05 3.5924113e-06 8.8209964e-07 2.1074254e-06 4.222336e-06 1.1248159e-06 5.6491905e-07 5.4045972e-06 2.0638201e-06 2.6862783e-05 1.8073248e-05 2.9176977e-06
0.011830457 0.0005248867 0.0010720905 0.009757404 0.0001252262 2.3345801e-05 0.0071596764 0.0036997725 0.0019549616 0.1627447 0.20612676 0.5414565 0.014068542 0.03947876 0.9231348 0.027514907 0.00021241164 9.10771e-23 0.21115194 0.003367899 0.46542925 0.045744438 0.2920895 0.7865365 0.4470409 0.15350516 0.10823604 3.7508218e-07 0.13275771 0.005194974 0.047391977 0.03065485 0.047583405 0.027110029 0.0017577044 0.0002515791 0.0036571764 0.015457675 0.026356922 0.016084457 0.07388291 0.027945744 0.0015345261 0.014179019 0.0059317825 0.0050915554 0.000751378 0.0007445914 0.0002388944 0.005956996 0.00032916942 0.010996302 0.00329472 0.0014625768 0.0024486065 0.0004648015 0.00030053846 0.0002865027 0.0039141295 0.00048037636 0.00026275025 0.011226811 9.693966e-07 0.012004967 0.00056908734 0.000120275414 4.284446e-06 2.2718817e-05 0.00035578597 0.00013234069 0.00012541888 8.184794e-05 0.000101971345 0.002130642 0.0007716299 0.0024040223 0.00042530504 0.00012644258 4.9695387e-05 1.0261269e-05 0.0011770553 3.461435e-07 8.3393585e-05 0.0042032707 6.7252615e-05 0.0055312077 9.996251e-05 0.001962031 0.00020963464 2.301428e-05 0.0007735338 0.0017897211 5.7029e-05 3.3585875e-05 0.0011124719 0.00031868005 3.1072348e-05 0.0003473358 0.00049714546 0.017849034 3.898661e-07
0.0028839821 0.0009561833 0.006694776 0.0031371037 1.4809945e-05 1.7423315e-06 0.00015329816 0.000105439976 0.08731372 0.40076023 0.6675154 0.2551626 0.00025140186 0.0009092625 0.07623787 0.00048751396 0.18961863 0.21115194 1.0053206e-22 5.3008157e-06 0.061137356 0.9416082 0.025709752 0.39890215 0.25205457 0.3240536 0.098280735 4.8684994e-09 0.5837542 4.830597e-06 0.00031347765 0.49868014 5.632547e-05 0.08042083 0.039999522 0.029605877 0.018988097 0.00011638209 0.030268079 1.235295e-05 0.02166869 0.0012714008 0.0066939523 0.0020749716 0.0012419075 4.0653682e-05 1.2030495e-05 6.542985e-05 3.5724556e-06 0.0042017153 9.340186e-06 0.00040029455 0.0040041464 2.6891796e-05 0.0004385103 6.560562e-05 7.269824e-06 3.2479427e-05 0.0015488508 0.0017332045 0.0013258633 7.696459e-05 2.6639173e-05 0.001359207 0.00010001248 2.9984135e-06 2.7062059e-05 1.3107509e-06 3.5807156e-05 2.5826788e-05 0.001006135 9.793323e-06 0.00033230652 3.491466e-05 6.9544276e-06 0.0013202749 0.0019510689 9.019709e-06 1.28094e-05 7.487382e-05 2.4486858e-06 2.359112e-05 0.0011514907 0.00874702 2.2787082e-05 0.0019915632 1.6157352e-05 7.395805e-05 6.3857296e-06 8.0841324e-05 0.00036313155 0.00015401338 2.2725155e-06 0.00012776064 0.00012207654 0.00041167942 0.0001533619 0.00084210763 0.0004456217 0.003436569 3.0758279e-06
0.0042244988 0.0006405137 0.0002635604 0.000993068 0.058189277 0.06324101 0.04198141 0.1589024 1.467799e-06 0.00010549209 7.380519e-06 0.0040019895 0.44446218 0.27750757 0.020299518 0.39820498 5.181149e-08 0.003367899 5.3008157e-06 1.6902241e-21 0.010503452 2.058512e-05 0.025676446 0.004989908 0.0008326699 4.443774e-05 0.00010241614 0.01745868 1.31347815e-05 0.95209795 0.021930229 5.576067e-06 0.06772215 9.387739e-06 4.875288e-07 2.7373773e-07 8.756742e-07 0.022739938 3.120513e-06 0.19733317 0.00011065179 0.00020559288 3.2176658e-06 6.8265974e-05 6.4830766e-07 0.04213573 0.22284847 0.018964343 0.017863039 1.9376482e-06 0.010813186 0.003920075 1.6537365e-06 0.010287962 0.012039431 0.023913076 0.009636281 0.004296695 4.553194e-06 5.7951847e-06 1.9131353e-06 0.00022932746 3.365014e-08 0.00025318062 0.004669392 0.0014870053 1.9734459e-07 0.00014714684 0.0010657667 0.00069005945 2.423643e-06 0.00012522191 7.4968557e-07 0.00043162642 0.00013085328 5.068574e-07 7.693531e-07 0.00042790925 7.950678e-06 4.5306243e-07 0.00016257362 5.4911833e-08 1.7544419e-06 1.8849915e-06 3.330427e-05 3.9020946e-05 0.0012389856 9.7298755e-05 1.40121765e-05 2.987215e-07 0.0005103125 0.0009558825 5.405154e-06 4.394122e-05 0.00045685784 0.0001444105 5.1964923e-07 0.0004895871 4.6535231e-07 4.6855865e-05 4.268788e-08
0.61199677 5.1199597e-05 6.868397e-05 0.0008461932 1.9719522e-05 3.420911e-06 0.0022376988 0.0011152582 0.0001474763 0.0059836935 0.06812111 0.07689688 0.04044303 0.13735007 0.31831118 0.17450087 0.00013516663 0.46542925 0.061137356 0.010503452 1.1216012e-23 0.03751114 0.9820079 0.89922506 0.5022332 0.22004639 0.29252172 1.967353e-06 0.345279 0.027747884 0.35998368 0.018138848 0.29114434 0.06520702 0.000435488 9.641479e-05 0.0075159674 0.13951367 0.038394555 0.1618269 0.059945047 0.27506104 5.9315422e-05 0.043754674 0.016298784 0.029737204 0.0004305581 0.00864915 0.0037243494 0.011035846 0.004915975 0.28842932 0.0031664758 0.040356632 0.02990648 0.004541587 0.0029761796 0.0029075386 0.0033769396 0.000112263086 7.172876e-05 0.09047962 5.1598573e-08 0.025207486 0.0033824397 0.038339976 1.6492376e-07 0.0003942308 0.029354531 0.0007287601 6.308761e-05 0.0101729445 0.00017363783 0.0368662 0.043688368 0.0010055422 0.0003274408 0.0060790046 0.0027897586 1.3783529e-06 0.025232203 1.6312782e-07 0.00013177811 0.0011355028 0.0006141383 0.0017415102 0.0018572938 0.007237726 0.0014389111 3.3676162e-05 0.004563107 0.019450527 0.0017473804 0.00031769538 0.010170368 0.0021474941 2.363902e-05 0.002794902 0.00017305823 0.018797562 7.162048e-07
0.001980678 1.6060185e-05 0.00056504796 6.991391e-05 5.729008e-06 1.5958713e-07 1.0682322e-05 4.220289e-05 0.00617656 0.02818532 0.24565959 0.059586506 3.9213064e-05 3.693488e-05 0.014009974 2.1176631e-05 0.08187604 0.045744438 0.9416082 2.058512e-05 0.03751114 1.2894643e-22 0.02939688 0.21654929 0.15791358 0.22350615 0.09325161 1.5696887e-09 0.7002918 0.00018642076 0.0010184816 0.66260886 0.0003869309 0.2757158 0.038819734 0.076653756 0.12667742 0.00050780404 0.20079029 0.0005744466 0.09631738 0.019437551 0.10238258 0.02146012 0.04215056 0.0032302148 8.312948e-05 0.0016488131 0.000376189 0.033688646 0.00070789526 0.0015131598 0.115952 0.00030982908 0.0017947161 0.00066519954 0.00034103816 0.00030042185 0.044159364 0.021539306 0.014950287 0.0017691283 0.00057112245 0.0045943963 0.00035130978 4.7861966e-05 0.0013708591 0.00013242857 0.0001829235 0.0007045221 0.0031314094 6.6146466e-05 0.0024825325 0.00010513484 3.5330537e-05 0.015427272 0.010006692 2.3325305e-05 4.3321448e-05 0.002720072 2.6536303e-05 0.0004589463 0.007318958 0.0066581713 5.4099943e-05 0.008917706 3.231256e-05 0.00056383107 1.2893243e-05 0.0032438736 0.00111558 0.00029663366 6.00068e-06 0.00026263576 0.0006356435 0.00014957301 0.0015507945 0.0005288786 0.0021553596 0.010750597 0.0008772624
0.82829326 0.00052364456 0.00023876615 0.0019304284 0.00024068747 0.00028535962 0.009062702 0.00923587 0.00019731742 0.0064873146 0.03146541 0.044044428 0.13522395 0.3684567 0.26571998 0.49380133 5.876185e-05 0.2920895 0.025709752 0.025676446 0.9820079 0.02939688 1.788055e-20 0.60751003 0.29131395 0.11091512 0.06413755 1.3193598e-05 0.08336767 0.07209864 0.7046037 0.006741164 0.6526528 0.0065015624 0.00032635214 0.00014588122 0.00019887752 0.3810646 0.011230485 0.4729787 0.06821443 0.34826013 3.3748307e-05 0.08496959 0.0048121777 0.12702702 0.017907362 0.06187929 0.031266376 0.0018304838 0.03257415 0.48138064 0.0004377743 0.093743205 0.086764894 0.05433925 0.035149824 0.014859293 0.0012923466 4.147223e-05 2.5300815e-05 0.16351719 2.2149571e-07 0.016529916 0.016163804 0.051335353 4.458208e-06 0.0055688694 0.04380536 0.006256712 4.77357e-05 0.010025801 7.903012e-05 0.04686558 0.08157931 0.00089013705 0.00018727231 0.0044140727 0.0062876963 1.7161391e-06 0.04701699 1.7374376e-07 2.8753671e-05 0.0019986946 0.0046351585 0.0016901712 0.0027267835 0.0058666384 0.0022517622 9.14857e-05 0.015476232 0.012649922 0.011619162 0.0010717056 0.019018816 0.009175921 1.6222693e-05 0.012963961 0.00013997612 0.009089768 3.9507876e-07
0.31335387 0.00010829243 0.00036062137 0.000536359 3.3802487e-05 1.2752764e-06 0.0010438255 0.00047192324 0.0007160563 0.034085415 0.22567208 0.14567362 0.01011929 0.052520066 0.28324017 0.04618704 0.0032233493 0.7865365 0.39890215 0.004989908 0.89922506 0.21654929 0.60751003 3.092922e-22 0.9315236 0.6068583 0.5476183 3.0641548e-08 0.46206042 0.007366554 0.09585771 0.091218576 0.13212396 0.14235151 0.006570721 0.0030388734 0.020185182 0.037339233 0.21972252 0.03478813 0.20565154 0.3000012 0.0029315923 0.04539347 0.054071683 0.007905093 0.00014182778 0.0016231058 0.0003935029 0.05935164 0.00042630703 0.16345635 0.018642964 0.009279537 0.013295683 0.00031540796 0.00013484385 0.001258807 0.021201886 0.00061434426 0.00095960073 0.0664267 1.699784e-06 0.053838227 0.006354265 0.010949672 1.9470202e-05 5.121879e-05 0.008020392 8.3301544e-05 0.00026379095 0.0029164085 0.00018312826 0.017521555 0.012534468 0.008599862 0.0025434762 0.0018895895 0.0016021291 8.380948e-06 0.0052671623 7.262038e-07 0.0020128689 0.009108095 0.0010722117 0.012661537 0.0008685242 0.011421348 0.00028764244 0.00015365996 0.0023317954 0.013863447 6.39585e-05 0.00018872222 0.007596814 0.0010920493 0.00028922796 0.0008441463 0.00053359783 0.04048663 5.8306196e-06
0.027030317 4.5669185e-06 0.00010468202 3.710721e-05 9.014215e-06 9.695977e-08 3.943918e-05 5.491443e-05 3.3949673e-05 0.009556933 0.06921 0.10288283 0.00038638292 0.0020028742 0.09697061 0.003287109 0.000645213 0.4470409 0.25205457 0.0008326699 0.5022332 0.15791358 0.29131395 0.9315236 2.062129e-24 0.8523757 0.7832604 4.5431867e-10 0.4890041 0.0013400109 0.056024957 0.16880523 0.09143566 0.2877706 0.016375273 0.015880262 0.082975775 0.029646883 0.48937774 0.015288847 0.35331026 0.21291637 0.026220182 0.088397555 0.17466965 0.002581977 7.4064174e-06 0.00016860738 7.3998867e-06 0.086874984 1.4273956e-05 0.07447232 0.09510416 0.0025366943 0.0016011187 0.00011695163 3.079924e-05 0.000110002824 0.093884654 0.0039121164 0.0051052817 0.061975278 2.9946784e-06 0.05297271 0.0032854122 0.0025767055 0.0003045774 1.2905638e-06 0.0047281655 4.1124582e-05 0.000713116 0.002359615 0.00092527614 0.012866946 0.0070022284 0.022487229 0.0066930647 0.0009740391 0.00081236754 0.00026868252 0.0030606575 8.611404e-06 0.0027573833 0.010356214 0.00036414503 0.027368046 0.00074234384 0.010113125 0.00051211537 0.0006888644 0.0002611335 0.0032362505 0.00013483007 3.4448292e-06 0.0044189254 2.4951312e-05 0.0009193762 4.8789207e-05 0.004692431 0.019585267 1.282117e-05
0.32624206 3.929038e-06 2.0912716e-05 5.0957424e-06 3.9098068e-06 1.391052e-07 8.887065e-06 2.1027148e-05 0.00010206085 0.004679177 0.07921762 0.03735731 0.00012609096 0.00039471404 0.013828283 0.00065466954 0.0029243836 0.15350516 0.3240536 4.443774e-05 0.22004639 0.22350615 0.11091512 0.6068583 0.8523757 8.7019594e-21 0.9820412 1.7634902e-08 0.6419827 6.554176e-05 0.0060611395 0.23701641 0.0246906 0.4339437 0.042911515 0.019949444 0.11498571 0.0038943004 0.56824344 0.0016631219 0.19778459 0.2118492 0.043927997 0.046413984 0.22706877 0.0007647311 2.26489e-05 0.00035389027 0.00012683557 0.16643932 9.049249e-05 0.02523842 0.12585974 0.00048104496 0.0012525668 0.00010814185 8.1530714e-05 7.065295e-05 0.18571863 0.003609646 0.011382041 0.023159606 2.3563327e-05 0.06015998 0.0008824244 0.0010394949 0.001918605 6.1374216e-05 0.002018205 0.00033974194 0.0013558498 0.00083953806 0.0011225431 0.0010257601 0.0009760872 0.040864307 0.008098741 0.00012194691 0.00026242822 0.00044671076 0.00028775193 2.1989928e-05 0.002039386 0.018890295 0.00013940329 0.030134948 0.0003196056 0.0031623777 3.0943564e-05 0.0025705192 9.9677214e-05 0.0016798528 6.267123e-06 9.194275e-06 0.0024148761 1.2559584e-05 0.00070825184 4.9075596e-05 0.005866115 0.06668329 3.8578735e-05
0.26138514 8.308237e-06 6.674268e-05 3.7444336e-06 6.1388528e-06 2.9785443e-07 7.288894e-06 2.3577242e-05 1.6810749e-05 0.00231138 0.029918678 0.028147547 0.0002141317 0.00060896436 0.013018835 0.00062324974 0.0004485248 0.10823604 0.098280735 0.00010241614 0.29252172 0.09325161 0.06413755 0.5476183 0.7832604 0.9820412 1.6801836e-20 3.5697415e-08 0.48187348 6.452311e-05 0.015302333 0.11817802 0.020749882 0.33609444 0.024637097 0.013020808 0.07584415 0.0064521083 0.5170242 0.003702651 0.3716923 0.32832697 0.03037891 0.15058568 0.40176937 0.0007185172 1.0252613e-05 0.00031314304 7.527274e-05 0.20033462 4.0000163e-05 0.05081631 0.07059784 0.0009919652 0.0011336132 0.00021872458 0.00012617023 7.1983675e-05 0.11315238 0.0038765667 0.006072761 0.04616342 1.0893728e-05 0.06685735 0.0010048511 0.0030683016 0.0016061411 1.1615539e-05 0.0037789554 0.0001038963 0.0016686799 0.0015058089 0.0019946625 0.005017425 0.0026833378 0.02189714 0.004145495 0.00021515889 0.0004464199 0.00028675803 0.0013297135 1.614694e-05 0.0016115741 0.01802416 5.5008044e-05 0.0171966 0.0006864114 0.0049900934 0.00012570195 0.0017988388 7.241347e-05 0.0028640847 2.110693e-05 1.9558909e-06 0.0037616012 9.465393e-06 0.00047421368 5.102412e-05 0.0024717236 0.07237369 5.5832752e-05
7.892899e-08 1.7917386e-05 9.689813e-06 7.438494e-05 0.015701711 0.14904356 0.00018514367 0.003311098 5.2575238e-06 6.8824545e-07 7.0375274e-09 5.6523086e-06 0.0032589901 0.00020075528 8.888752e-06 0.00030166295 7.894611e-09 3.7508218e-07 4.8684994e-09 0.01745868 1.967353e-06 1.5696887e-09 1.3193598e-05 3.0641548e-08 4.5431867e-10 1.7634902e-08 3.5697415e-08 2.934197e-25 3.8666985e-09 0.039506376 2.357069e-06 6.812473e-10 3.1235886e-06 2.694565e-09 3.509422e-11 2.2980753e-10 1.6015848e-10 1.626168e-05 1.5844823e-09 0.0001599732 1.3071312e-09 2.4545577e-09 1.3104414e-09 5.5322795e-11 1.577636e-10 1.6497363e-05 0.5474894 4.3983568e-05 0.00044736007 2.4102553e-10 4.044432e-05 9.262487e-05 1.8447951e-10 4.5644776e-07 7.874693e-05 0.0013432223 0.00025387187 1.896456e-06 4.3219459e-10 5.0929433e-10 4.1922502e-10 1.0048332e-08 4.2596718e-11 1.3576981e-06 4.753613e-05 7.651695e-08 6.127753e-11 2.9863835e-05 2.3093617e-06 0.00026756103 5.2295546e-10 1.3862467e-06 4.9023546e-12 2.3056414e-07 1.25523805e-08 1.6834394e-09 3.3444854e-09 6.9273316e-05 1.5131144e-06 1.8089893e-10 1.686104e-08 2.1636845e-11 4.229487e-09 3.881862e-09 4.428377e-06 1.4391952e-08 1.6849639e-05 9.921213e-07 1.742176e-07 1.710983e-10 0.0012890046 0.00026711408 1.9570822e-07 5.736413e-05 2.6434234e-05 4.1603307e-05 8.151177e-10 0.00024548004 2.3538158e-10 5.948988e-06 1.6285502e-11
0.24006122 1.6017646e-05 0.0003573127 5.6095174e-05 5.1258003e-06 2.1960189e-07 2.0891826e-05 1.32408295e-05 0.00090963324 0.0060358606 0.19027576 0.029075664 9.683831e-05 0.00010037749 0.009440752 0.000103121994 0.039412055 0.13275771 0.5837542 1.31347815e-05 0.345279 0.7002918 0.08336767 0.46206042 0.4890041 0.6419827 0.48187348 3.8666985e-09 1.4577313e-21 3.753853e-05 0.0013197148 0.83593196 0.00640125 0.9331889 0.20916735 0.12984282 0.49405402 0.00066823914 0.7718154 0.00047949367 0.3097792 0.07832407 0.18717617 0.07164254 0.19458628 0.00061327417 3.734133e-05 0.00042572993 0.00023981705 0.08984132 0.00018217822 0.005102459 0.39735228 0.00031993585 0.0035479544 0.000702841 0.0001494333 0.0006710744 0.088737294 0.036113393 0.035243575 0.0075408695 0.0007087863 0.032335944 0.0034645963 0.00060291326 0.0016784973 2.212198e-05 0.0022173931 0.0005910917 0.0057677827 0.0011677372 0.0053454316 0.0011128295 0.00065604335 0.032429993 0.025515633 0.0004893712 0.0005033149 0.0013233356 0.0004220631 0.00027401317 0.018899186 0.01910078 9.263926e-05 0.021829523 0.0003003714 0.0017015196 4.554792e-06 0.0027020606 0.002207265 0.0016523595 3.8289113e-06 5.1220253e-05 0.0009881917 0.0005401735 0.0013960822 0.0010973997 0.009103054 0.023901438 0.00018822288
0.003649955 0.00013220093 2.959331e-05 0.0004461167 0.0030244216 0.0031709727 0.0022539182 0.0076914444 2.2806398e-06 3.279097e-05 1.5418613e-05 0.0012344635 0.07648239 0.05550002 0.01738288 0.10672944 2.7255155e-06 0.005194974 4.830597e-06 0.95209795 0.027747884 0.00018642076 0.07209864 0.007366554 0.0013400109 6.554176e-05 6.452311e-05 0.039506376 3.753853e-05 4.578182e-21 0.01544895 8.03734e-05 0.036303654 7.500675e-05 2.2305512e-06 5.9111085e-06 2.6241309e-05 0.036272533 2.1957634e-05 0.24057677 1.3613239e-05 0.00051590096 3.9665232e-05 4.113599e-05 4.471515e-06 0.33257797 0.545819 0.17803091 0.0927616 0.00013274746 0.08232496 0.014093756 5.0917783e-06 0.05196611 0.07808184 0.09900647 0.05324065 0.02037528 2.035168e-05 7.0881404e-05 4.282091e-05 0.0019482899 2.848942e-07 0.0010342209 0.011407992 0.020631738 3.287134e-05 0.0050508995 0.009877064 0.006667397 0.00013285334 0.005044165 5.4099396e-06 0.0013292425 0.00050959055 1.1232476e-06 3.4231693e-06 0.003059101 0.0013192246 4.634879e-06 0.00044991262 8.7912906e-07 6.692487e-06 1.0060055e-05 0.0014755275 0.00019864399 0.0021668423 0.00029555502 0.00028617942 2.2059808e-07 0.0026071297 0.0018552731 0.00023583348 0.0003516659 0.0017121227 0.00078486814 1.7301284e-06 0.0019192868 4.964629e-06 0.000108614295 6.2968707e-07
