7.562024e-32 0.7351618 0.7132951 0.93739444 0.97273374 0.9029177 0.8109619 0.7045411 0.95435244 0.86779904 0.36590543 0.5398826 0.89103544 0.8716741 0.91133493 0.9426616 0.8457952 0.45319945 0.4994061 0.12708907 0.78552604 0.9661877 0.47354266 0.9560764 0.5186551 0.9964256 0.43220815 0.6128022 0.68049985 0.99335915 0.9670707 0.13336863 0.9952258 0.6200075 0.047491737 0.8573047 0.9926196 0.08617041 0.58685195 0.59093624 0.8562138 0.007293237 0.01010629 0.45257017 0.71875703 0.22025776 0.008537923 0.2517152 0.7710472 0.011242202 0.9835654 0.0056753834 0.06605508 0.999761 0.9001329 0.9878103 0.09907587 0.99348754 0.028612634 0.04238616 0.023969272 0.0005415972 0.0021108543 0.0012534206 0.10004805 0.001991251 0.1378069 0.98405886 0.00025037088 0.71545553 0.0036280912 0.029565781 0.98015255 0.0002192009 2.8683447e-05 0.00044753414 5.9985316e-05 0.0004253103 1.6262417e-06 0.997365 0.0032164543 3.890093e-05 0.0018147016 0.0025338898 0.00013674088 0.99792546 0.0005767857 0.007901264 0.0033786132 0.9977502 0.001232035 0.00032041586 9.977189e-06 0.84743655 0.22956741 0.00011325865 0.00037459942 3.4166707e-05 3.8863067e-07 9.750237e-07 1.4887113e-06
0.7351618 1.94946e-16 0.93347794 0.18342789 0.4159997 0.81523347 0.4045628 0.3238964 0.20315011 0.29149812 0.38411057 0.21480115 0.01343685 0.008516913 0.025148872 0.024155498 0.0032932374 0.5677905 0.00502381 0.24900974 0.25947985 0.4163691 0.0062138466 0.003865086 0.15204863 0.52839226 0.005205483 0.0012045271 0.0062051183 0.12113399 0.00081650855 0.0028053606 0.38503247 0.0019198533 0.0026689766 4.7355723e-05 0.012216151 0.0029020617 3.024896e-05 1.5400172e-05 0.00018664077 0.0015472888 0.0021250646 0.00055716553 5.4622737e-06 0.0002068703 0.0094372 0.00091810006 5.0307153e-06 0.0034995284 0.00093509484 0.0028147777 0.0004195401 0.10846388 2.462538e-06 1.8868343e-05 5.6890804e-05 0.07329872 0.00010903587 1.2411378e-05 2.0042442e-05 0.0002751347 5.5068776e-05 6.713982e-05 1.5126686e-06 0.00015938007 1.4731983e-06 2.1880553e-06 7.2818446e-05 0.027857093 8.883498e-06 3.4662546e-07 1.7732232e-07 0.00018804632 0.00014970031 1.6086671e-05 1.9116791e-05 1.3583748e-05 6.0502447e-05 0.00093767385 3.4737135e-07 5.162351e-05 7.73582e-07 4.091624e-06 5.2791183e-06 0.00039196896 5.6753456e-06 1.8092968e-06 3.7087946e-06 0.029053975 4.1505446e-06 1.6975711e-06 3.104687e-05 3.083533e-07 0.06383432 2.215756e-05 5.4415186e-06 9.489978e-06 0.00010620536 2.8687068e-06 3.2018797e-06
0.7132951 0.93347794 3.893662e-19 0.64275 0.51993304 0.36551905 0.42087224 0.2597053 0.3748333 0.3273525 0.11284285 0.06294068 0.2992276 0.12847915 0.120918564 0.14072387 0.07208342 0.22622758 0.10821651 0.25829217 0.074850194 0.3692115 0.074107945 0.036390763 0.13913588 0.47214392 0.08765228 0.014977263 0.028791662 0.32244167 0.018075723 0.018003963 0.42287624 0.011571231 0.010627694 0.00046549176 0.087440096 0.0083375415 0.00036855237 0.00012640159 0.0006979623 0.0028497765 0.0049391827 0.0035235095 4.112909e-05 0.0006186836 0.0022276945 0.005204785 6.245421e-05 0.00027174415 0.02313058 0.0007765469 0.00071404537 0.19701639 5.6063032e-05 0.0004056813 0.00016252852 0.036147345 0.0001142258 0.00021780019 5.9291666e-05 0.0002354656 0.0004479142 0.00021838569 1.5378435e-05 0.00043573874 1.4353004e-05 0.00027224922 4.664596e-05 0.014365927 1.8408966e-05 2.957154e-06 0.00017817662 0.00014836714 0.000124317 3.2036623e-05 5.929028e-06 3.090095e-05 3.1052674e-05 0.014421837 5.0142817e-06 4.981478e-05 1.00930165e-05 2.1346996e-05 1.0560719e-05 0.0052598366 1.6747126e-05 6.0632876e-05 8.9514215e-06 0.010506843 2.690887e-06 2.6957955e-06 2.5707333e-05 1.0095711e-05 0.009085119 2.0736758e-05 6.9268126e-06 2.472762e-05 1.782134e-05 5.977291e-06 3.133871e-06
0.93739444 0.18342789 0.64275 2.2101548e-18 0.67929417 0.07408481 0.17100114 0.23207313 0.34380564 0.23152804 0.011403591 0.0067513287 0.5597645 0.4615564 0.32376426 0.60627836 0.28784716 0.09587966 0.16535595 0.06619511 0.009265827 0.09783901 0.16225265 0.25282368 0.08076028 0.41698018 0.14128575 0.057169028 0.10202516 0.704088 0.15473396 0.03763146 0.53492016 0.038223352 0.020496795 0.009912063 0.43973422 0.016337268 0.0041958573 0.002673793 0.0017004026 0.005016128 0.0047234898 0.016866032 0.0005381877 0.0029102277 0.00016114117 0.0105669815 0.00071844214 2.7316479e-05 0.191836 0.00010442775 0.004495301 0.31873935 0.00030912398 0.0023292475 0.00019731028 0.025303286 0.00075391255 5.7770885e-05 0.0001406932 4.9189082e-05 0.00013434056 0.00018116173 5.765833e-05 0.00031924158 4.065593e-05 0.0018173278 1.6691398e-05 0.005370443 4.779952e-05 1.3919173e-05 0.0028966768 0.0001300186 5.3877153e-05 4.143325e-05 1.8344876e-05 3.22922e-05 1.9553267e-05 0.0835876 1.3065706e-05 6.0994713e-05 9.340827e-06 0.00018347453 1.29683185e-05 0.062875606 2.0425661e-05 0.00015827254 7.5783864e-05 0.021792099 9.104655e-06 3.1478414e-06 3.476163e-05 1.8685994e-05 0.0035066225 8.91887e-06 1.0116297e-05 7.221116e-06 2.1551159e-05 1.4482996e-05 1.8422777e-06
0.97273374 0.4159997 0.51993304 0.67929417 2.3879143e-19 0.086290725 0.0969352 0.8857857 0.32351187 0.2137197 0.029959036 0.008628283 0.109709084 0.304809 0.5336282 0.28440514 0.04926723 0.28291398 0.024248825 0.2948347 0.0042241486 0.04392873 0.16556914 0.100566715 0.5671159 0.33991525 0.032741502 0.008950888 0.37309402 0.33322814 0.012956933 0.045496628 0.30256608 0.019307123 0.06388579 0.0009872846 0.1074487 0.104619585 6.5638655e-05 3.9207753e-05 0.00060638314 0.02732194 0.11051338 0.012352067 1.3975663e-05 0.0010625455 0.019193266 0.04047311 4.460409e-05 0.0046050847 0.019729206 0.027196346 0.012554028 0.08386298 2.1152075e-06 5.5832643e-05 1.2435571e-05 0.017189402 0.002468781 5.0257408e-05 0.0006638921 0.0021317375 0.0013416766 0.0017251173 4.8227804e-08 0.0065613785 4.8457747e-07 0.0002650048 0.0005856635 0.0061697783 0.00050018 1.2820448e-07 6.894609e-05 0.0015231884 0.00013488036 0.00040892564 0.0002555214 0.0004162768 0.00015725291 0.0023801648 2.1025792e-06 0.0002883326 1.5249449e-05 3.8785856e-06 0.0001478709 0.0015149923 4.038808e-05 2.927097e-07 2.119636e-06 0.0023861832 1.5831849e-05 2.232375e-06 2.1012173e-05 1.03013855e-08 0.029104862 9.22367e-06 5.572415e-06 1.4117476e-06 3.6080284e-05 3.9180336e-06 8.9996075e-07
0.9029177 0.81523347 0.36551905 0.07408481 0.086290725 1.3370195e-16 0.43302804 0.066180214 0.1473454 0.25589055 0.09116279 0.17817211 0.0024379012 0.00068078307 0.0010529388 0.0045417016 0.000264601 0.18143272 0.0008843743 0.0566757 0.29103512 0.8245853 0.0005602629 0.001536051 0.009644863 0.6634333 0.00030857674 4.347757e-05 0.00018082342 0.024126904 8.1811886e-05 0.00015352419 0.30965015 0.00020854808 0.00015347677 2.9901037e-06 0.0021727916 0.00020952453 1.9743993e-06 1.3515823e-06 3.0225257e-05 6.857323e-05 4.107002e-05 3.1099946e-05 1.0264846e-06 1.6103219e-05 0.0013367172 2.7292339e-05 8.1472723e-07 0.000154263 2.0390144e-05 0.00031183148 2.4256791e-05 0.11528316 3.9267135e-07 6.2412937e-07 4.2413812e-06 0.13119954 7.234992e-06 9.09027e-06 2.8472432e-06 9.8934725e-05 3.1648076e-05 1.9096147e-05 4.831656e-08 0.00012516508 1.6808423e-07 1.5682316e-07 2.0967114e-05 0.03714604 3.6483536e-06 5.830358e-08 1.8310065e-08 0.00016428149 4.3038017e-05 3.281465e-05 6.1520045e-06 3.495754e-05 1.9603214e-05 0.0019979228 5.767169e-07 9.278002e-05 4.402829e-06 2.2338488e-06 3.3058997e-05 0.0005131643 9.587935e-06 1.0018431e-06 2.378643e-06 0.082744345 8.857205e-06 7.3283786e-06 5.1802534e-05 4.7902812e-08 0.04479442 2.4679228e-05 7.3296023e-06 1.1249193e-05 2.921001e-05 5.635085e-06 5.1115658e-06
0.8109619 0.4045628 0.42087224 0.17100114 0.0969352 0.43302804 2.1985361e-16 0.061064012 0.62951267 0.7206417 0.013692326 0.012860033 0.0065928595 0.006447486 0.010550205 0.028501783 0.0041201897 0.05755302 0.004808918 0.026349178 0.0120846275 0.4756183 0.005203381 0.0060071424 0.017593512 0.63148844 0.0048268167 0.0023473883 0.0031679317 0.09526329 0.0032013718 0.0020754247 0.28077468 0.0025833354 0.0021007136 0.00016946225 0.0071542086 0.0023098078 7.749932e-05 6.846502e-05 0.0007619894 0.0008887493 0.0006375717 0.001143873 1.6543729e-05 0.0002985155 0.0027913114 0.0014899442 2.0644864e-05 0.00020040254 0.00066121056 0.0048861783 0.00060887606 0.12365622 5.2715163e-06 5.048082e-05 4.8615224e-05 0.011411615 0.00019964998 0.00032640193 0.00024361105 0.0018739541 0.0007712995 0.0007574283 4.5857637e-06 0.0019844791 3.7573936e-06 1.2488304e-05 0.00012215457 0.007572781 9.234007e-05 1.734384e-06 1.075955e-06 0.0006722491 0.0001680779 0.00030254314 0.00012936689 0.0004096673 6.712715e-05 0.006489709 1.2747675e-05 0.00040501577 0.00022369337 2.2664739e-05 0.00029207548 0.0023718793 0.000606688 6.4824994e-06 1.0905182e-05 0.013799439 2.3703065e-05 0.00043076903 0.00029350483 2.550925e-07 0.0067648347 0.0004480003 6.479709e-05 7.602252e-05 1.3494245e-05 4.499864e-06 2.3819586e-05
0.7045411 0.3238964 0.2597053 0.23207313 0.8857857 0.066180214 0.061064012 4.3402726e-23 0.15001912 0.1281684 0.08642565 0.023852818 0.058175225 0.04558171 0.12858298 0.0707609 0.0064982926 0.5947905 0.00556597 0.54221207 0.005826715 0.031254586 0.03668548 0.0117590455 0.8457217 0.20054293 0.0037113512 8.8417066e-05 0.13007438 0.057060882 0.00022036649 0.005316539 0.063955516 0.00032107902 0.017057536 4.550967e-06 0.009626968 0.067447715 3.231182e-07 2.459727e-07 2.4971796e-06 0.019047167 0.19533168 0.00024390046 2.6959443e-08 6.8163467e-06 0.118165515 0.0027017447 6.626348e-08 0.11243297 0.00091678504 0.14852896 0.0007435036 0.01330696 6.25637e-09 1.5098192e-06 3.5809663e-08 0.005180824 5.0804836e-05 8.03124e-07 5.9629606e-06 0.037174046 0.00083690364 0.0028090929 3.885749e-10 0.01559339 1.9997668e-09 4.0875993e-06 0.012674109 0.005177653 0.000109323235 1.7549998e-09 1.2905563e-06 0.008061313 0.0081055015 0.00059940916 0.0018161471 0.000649056 0.0020438924 0.00030812007 6.288472e-08 0.0018238692 2.690266e-06 3.7798037e-07 0.00077156146 0.0002056631 2.2668024e-05 1.9268958e-08 2.322914e-07 0.001672112 4.8267107e-06 5.999032e-06 0.00022607003 7.479174e-09 0.028371666 2.4204519e-05 1.3885158e-06 3.735481e-06 8.23751e-05 1.3369926e-05 8.908019e-07
0.95435244 0.20315011 0.3748333 0.34380564 0.32351187 0.1473454 0.62951267 0.15001912 2.1326913e-16 0.82483137 0.004064004 0.0018590102 0.024766752 0.037556287 0.061827295 0.06954745 0.014855326 0.049323644 0.003114557 0.026791232 0.0020892962 0.24355803 0.020177694 0.013996325 0.025815861 0.5566901 0.0036264446 0.0011736997 0.0148660885 0.21977 0.0116022155 0.001741968 0.31011987 0.0014857209 0.00228387 0.000116431824 0.029103884 0.003980723 1.5943273e-05 1.153193e-05 0.0006724912 0.00074745005 0.0010232945 0.0005094812 1.0177843e-05 0.00013457137 0.0003693377 0.0010214888 1.5677246e-05 2.5668163e-05 0.0044418382 0.0017317702 0.00023972009 0.15651263 1.3142249e-05 8.120341e-05 4.9701816e-06 0.011150774 0.00011513067 1.3392079e-05 3.33676e-05 0.00024889628 9.404384e-05 0.00015454278 2.042764e-06 0.0005729792 2.3157527e-06 0.0003261583 6.8070156e-05 0.0046573887 0.00033844096 7.7745966e-07 0.00019807268 0.00074409985 6.6489825e-05 0.00020057827 0.00040505134 0.0002643067 2.331692e-05 0.015052527 2.2169552e-06 0.00036290614 4.100189e-05 1.5346703e-05 0.00021299665 0.004849867 0.00016027449 2.6453918e-06 1.9262096e-05 0.024624472 1.624632e-05 7.17038e-05 0.00022337891 1.709736e-07 0.0038870173 0.00024200103 2.0450085e-05 1.4182513e-05 4.8071615e-05 3.0515102e-06 1.1831917e-06
0.86779904 0.29149812 0.3273525 0.23152804 0.2137197 0.25589055 0.7206417 0.1281684 0.82483137 3.120759e-16 0.005671851 0.0034171871 0.008238363 0.01651272 0.045823462 0.028258678 0.0062873904 0.086437024 0.0016106315 0.03205817 0.0051806853 0.29689625 0.008883956 0.0068418877 0.023518551 0.60824335 0.0020010776 0.0009576636 0.010903535 0.16454248 0.005444842 0.0022719947 0.3426225 0.0015141199 0.0029238942 0.00034325354 0.010439515 0.00207679 7.380854e-05 5.6516215e-05 0.00064137066 0.00086429284 0.0007063139 0.00042601078 1.684779e-05 0.00012566203 0.0004214475 0.0006231413 1.9880707e-05 2.390057e-05 0.0017967816 0.0006648447 0.0007030434 0.15052435 7.0809547e-06 7.179768e-05 1.560843e-05 0.024073767 0.00032201465 2.9530045e-05 8.22121e-05 0.00011661239 0.000134276 0.00014645218 1.7169165e-06 0.00029641256 1.4459982e-06 0.000102447215 2.8574754e-05 0.0052633383 0.0006380595 2.749522e-07 1.3496368e-05 0.00044749666 4.5558412e-05 0.0001069157 0.00010733663 0.000120629564 1.5034936e-05 0.0117836315 5.872636e-06 0.00027143362 5.597382e-05 2.7840137e-05 0.00014452485 0.0045171496 0.00037954556 5.8584105e-06 1.929357e-05 0.039395776 2.106247e-05 9.226437e-05 0.00013297236 2.187832e-08 0.0028844539 0.00016278369 2.6178515e-05 9.342012e-06 4.658741e-05 1.3101097e-06 3.3860122e-06
0.36590543 0.38411057 0.11284285 0.011403591 0.029959036 0.09116279 0.013692326 0.08642565 0.004064004 0.005671851 3.0688957e-17 0.77816015 0.003973918 0.0015692655 0.0028196475 0.002451318 0.0005539155 0.79386765 0.0030157808 0.19286932 0.27389124 0.024472125 0.0019822274 0.0010757842 0.109818585 0.03301322 0.0021974144 0.00063131395 0.0013132434 0.004233192 0.00019701206 0.0013203468 0.022276735 0.0008002196 0.0011279655 9.049612e-05 0.0010668751 0.0016222764 9.428693e-05 2.4274264e-05 6.9705e-05 0.0008821585 0.004272458 0.00013244043 6.9267003e-06 5.2267707e-05 0.03432254 0.00015404543 2.1800433e-05 0.15933147 1.5181742e-05 0.010544678 7.8788995e-05 0.01671516 1.0774249e-05 6.769042e-05 2.9579682e-05 0.06750079 1.2724598e-05 3.765813e-06 3.6159838e-06 0.0046432526 4.036798e-05 7.836703e-05 3.7574152e-06 0.00028534766 5.657442e-06 6.7850156e-06 0.0028357466 0.14910193 8.547096e-06 3.4497523e-07 8.469189e-07 0.0001953069 0.00048389498 1.2662002e-05 7.1593444e-05 8.909927e-06 0.0012382071 7.202056e-05 1.0280385e-06 1.3426761e-05 1.4817623e-06 8.3880764e-07 2.5420184e-06 0.00032399409 8.8861964e-07 3.4678848e-07 7.317892e-07 0.0052785194 3.552506e-06 2.7485444e-07 5.846182e-06 2.5399571e-09 0.5912432 2.7636327e-06 8.129069e-06 2.8145737e-06 0.00013690632 1.0356728e-06 3.5294264e-07
0.5398826 0.21480115 0.06294068 0.0067513287 0.008628283 0.17817211 0.012860033 0.023852818 0.0018590102 0.0034171871 0.77816015 4.8960973e-18 0.003074665 0.00037406557 0.0004885705 0.0020630527 0.00013763919 0.1088401 0.00051488914 0.041680317 0.8769759 0.055698402 0.0006318253 0.0007339136 0.007762044 0.045925543 0.00060076895 7.066198e-05 0.00028479414 0.0034098274 0.00010843494 0.000111018686 0.026419844 0.0002553857 0.00010534098 5.29886e-06 0.0011665168 0.0006340872 7.636758e-06 2.42161e-06 8.343976e-06 0.00016216452 0.0003797827 2.5949565e-05 1.6014429e-06 1.5372541e-05 0.0029651504 3.33704e-05 2.8049299e-06 0.008719082 9.870652e-06 0.0004113364 2.1354163e-05 0.04227109 2.1225152e-07 1.2856204e-06 3.8232597e-06 0.17248052 2.1884475e-06 1.998095e-07 9.822159e-08 0.00042957216 3.0377414e-06 1.3697157e-05 3.393431e-08 6.653753e-05 1.6063231e-07 4.0578684e-07 0.000782961 0.21547763 1.7575113e-06 4.138633e-09 5.894504e-09 0.00019105407 0.00020274355 3.0668473e-06 1.7317505e-05 1.7162586e-06 0.0004847462 0.00026896608 1.08607196e-07 1.5859443e-05 8.166997e-08 3.0942616e-07 2.2176005e-06 0.00027967512 4.537932e-07 3.192659e-08 7.2430694e-08 0.074385054 1.2063035e-06 2.2195021e-08 4.4140557e-05 1.7563283e-10 0.4196868 1.6792721e-07 5.669427e-08 2.5172824e-07 0.0004573609 1.4436034e-06 4.12519e-08
0.89103544 0.01343685 0.2992276 0.5597645 0.109709084 0.0024379012 0.0065928595 0.058175225 0.024766752 0.008238363 0.003973918 0.003074665 3.8949263e-18 0.48109847 0.17453542 0.64447075 0.8643954 0.009190778 0.32506138 0.017631346 0.0029413 0.004418011 0.14865433 0.7337444 0.013282598 0.015333368 0.18420205 0.111050084 0.07148888 0.39101198 0.63433224 0.072192326 0.07327162 0.111729614 0.028473008 0.07171352 0.4542037 0.014662345 0.016170178 0.009823857 0.014411773 0.00969727 0.004320352 0.044384133 0.0033197107 0.012207969 0.00040701727 0.030705959 0.002964705 1.2635476e-05 0.25689572 0.0004533676 0.013015842 0.05764514 0.0011469845 0.0060656588 0.001757271 0.0007885955 0.0020732172 0.00016160596 0.00022162661 0.0002598229 0.0013512383 0.0013980615 0.000185947 0.0019975076 8.4673164e-05 0.0022296668 6.2245796e-05 0.000982123 0.00018708933 9.046928e-05 0.0013696942 0.00047376618 6.368886e-05 7.55435e-05 2.7164764e-05 5.8455054e-05 1.45838285e-05 0.090707205 1.7129956e-05 6.133718e-05 1.6343492e-05 0.00030909482 1.9165347e-05 0.029711409 3.139679e-05 6.3381776e-05 9.960158e-05 0.0024422016 2.4299277e-05 2.6995824e-06 0.00013577862 0.00017538847 0.0007340581 4.6684922e-06 5.4740494e-06 2.2322292e-05 1.1543142e-05 3.8410467e-06 4.675358e-06
0.8716741 0.008516913 0.12847915 0.4615564 0.304809 0.00068078307 0.006447486 0.04558171 0.037556287 0.01651272 0.0015692655 0.00037406557 0.48109847 4.3911965e-17 0.78022164 0.32283944 0.63644284 0.0071786013 0.84305316 0.014348647 0.00032359237 0.0021878616 0.71293175 0.29645786 0.040254846 0.021433413 0.5182645 0.16114847 0.35466737 0.23575766 0.20309821 0.32626295 0.0412001 0.20715426 0.1759868 0.021042842 0.2028334 0.09048098 0.003404521 0.0016474158 0.0057391054 0.073985785 0.028724952 0.08078906 0.0007425378 0.00592657 0.00066942396 0.22871405 0.0013491672 2.5991721e-05 0.10543022 0.0024246976 0.028959444 0.011383474 0.00014957787 0.0017508017 0.00072089 6.737497e-05 0.00384963 0.0003150436 0.0009031472 0.0002062209 0.0029754841 0.0054624574 8.860881e-06 0.0083471965 1.02094955e-05 0.0008785408 2.5587828e-05 0.00046208184 0.0007497954 8.636011e-06 0.00076274155 0.00086229795 5.4247957e-05 0.00036960197 0.000118315445 0.00030688194 1.29148275e-05 0.0042698774 6.392011e-06 0.00026753935 2.9338826e-05 1.7821612e-05 7.5384465e-05 0.0037155019 7.262766e-05 9.04601e-06 1.36050885e-05 0.00066094 1.4480649e-05 5.341464e-06 3.705459e-05 3.3470844e-06 0.0013051964 9.596076e-06 7.54285e-06 6.711796e-06 3.7331465e-05 2.4701421e-06 2.6530165e-06
0.91133493 0.025148872 0.120918564 0.32376426 0.5336282 0.0010529388 0.010550205 0.12858298 0.061827295 0.045823462 0.0028196475 0.0004885705 0.17453542 0.78022164 5.7905946e-19 0.2226655 0.15518065 0.0085391365 0.08655863 0.022446953 0.00017015196 0.003077273 0.86706 0.16484939 0.144221 0.03739043 0.07718873 0.022088528 0.6062834 0.10409388 0.03497942 0.2679462 0.028284365 0.035861704 0.1782686 0.0040663783 0.061231345 0.12666771 0.00059189607 0.00025009786 0.001944723 0.09666349 0.09653599 0.02732145 0.00013280039 0.0024684998 0.003345366 0.16502284 0.00029588834 7.982494e-05 0.02257917 0.011950365 0.022855384 0.006251827 1.6562359e-05 0.0004857083 4.588285e-05 8.737172e-05 0.0034083477 0.0001268173 0.0007841824 0.0007504006 0.007748033 0.01148546 1.5027423e-07 0.025990492 4.1985066e-07 0.0005782742 3.8234146e-05 0.00057872717 0.0023011516 2.9234312e-07 0.00028715347 0.0045379004 0.00010917727 0.001338008 0.00047535723 0.0013691627 1.7045299e-05 0.0024617093 6.12436e-07 0.0008488031 1.147624e-05 7.475709e-07 0.000431974 0.001798815 5.3820255e-05 1.6615705e-07 9.1740645e-07 0.0007260491 1.0276851e-05 2.4150302e-06 8.899086e-05 3.0599247e-07 0.0016026425 5.1518678e-06 3.4190975e-06 1.803904e-06 1.0924731e-05 2.9283046e-06 5.1732127e-07
0.9426616 0.024155498 0.14072387 0.60627836 0.28440514 0.0045417016 0.028501783 0.0707609 0.06954745 0.028258678 0.002451318 0.0020630527 0.64447075 0.32283944 0.2226655 2.7346824e-16 0.2887594 0.0094684595 0.09352965 0.009676691 0.003310345 0.011249265 0.12868455 0.792587 0.012745866 0.05199026 0.08127552 0.057855677 0.061609253 0.5900803 0.32331422 0.0339171 0.1453528 0.03890981 0.017469464 0.01849563 0.39696768 0.012286809 0.0025485836 0.0020815795 0.00806834 0.0052932994 0.0020324807 0.015618296 0.0007407837 0.004793961 9.987627e-05 0.0139819505 0.0008737569 1.5972058e-06 0.14732185 0.00025394987 0.00280397 0.113047294 0.00015718275 0.0026498449 0.0001735615 0.005149793 0.00040570603 4.116747e-05 4.165234e-05 5.942697e-05 5.0826115e-05 0.00017047307 9.471119e-06 0.00034441464 1.3337528e-05 0.0010360838 4.4893754e-06 0.0020307493 3.975389e-05 9.867725e-06 0.0004882698 0.00011428811 2.03361e-05 1.5972204e-05 4.629766e-05 1.03994e-05 1.6725139e-06 0.050640028 3.36179e-06 5.259181e-05 1.057271e-05 5.8391255e-05 2.648849e-05 0.020792708 1.720832e-05 1.5435076e-05 3.9517978e-05 0.03359751 2.7693673e-05 2.346635e-06 0.00012009203 1.0495236e-05 0.0014355975 1.094349e-05 1.8608316e-05 9.485373e-06 4.0198025e-05 8.943418e-06 2.7001488e-06
0.8457952 0.0032932374 0.07208342 0.28784716 0.04926723 0.000264601 0.0041201897 0.0064982926 0.014855326 0.0062873904 0.0005539155 0.00013763919 0.8643954 0.63644284 0.15518065 0.2887594 1.0854555e-17 0.0011112106 0.9122837 0.0036043266 0.00023950163 0.0023432171 0.11358311 0.4556863 0.0059236255 0.02349799 0.17801772 0.17191306 0.15188928 0.1740527 0.38495946 0.14856647 0.047759973 0.094672024 0.090625286 0.074555606 0.1556022 0.035257265 0.011736729 0.0049886447 0.011586796 0.032428075 0.00466099 0.07455051 0.0017809083 0.009563484 0.00020022945 0.12821722 0.0017975416 7.613142e-07 0.10826645 0.0004597298 0.019001963 0.029255247 0.00015161277 0.003908959 0.00056308176 6.8287e-05 0.0026070913 0.00012092974 0.00018844182 4.850713e-05 0.0015437418 0.001846989 5.014803e-06 0.0036402144 8.776075e-06 0.00050326233 2.1054035e-05 0.00012324561 0.00041271347 4.805477e-06 0.00028229368 0.0008988514 1.4593471e-05 0.00010713474 3.6065525e-05 6.8421934e-05 5.0474296e-06 0.014609229 9.3505287e-07 0.00011756972 1.6967546e-05 1.4650951e-05 4.758893e-05 0.005675663 2.6042659e-05 1.4991559e-06 8.706508e-06 0.0009984771 8.058696e-06 2.0033317e-06 5.0992014e-05 1.7968747e-06 0.00032483996 3.7452478e-06 1.7991622e-06 2.8315026e-06 3.088928e-05 8.140935e-07 1.4830007e-06
0.45319945 0.5677905 0.22622758 0.09587966 0.28291398 0.18143272 0.05755302 0.5947905 0.049323644 0.086437024 0.79386765 0.1088401 0.009190778 0.0071786013 0.0085391365 0.0094684595 0.0011112106 2.2217842e-20 0.0025147307 0.8230054 0.020369763 0.03268852 0.0021782762 0.0023521625 0.6682721 0.13919003 0.0006245343 2.9495539e-05 0.005192604 0.0065558297 0.00012509801 0.00041522193 0.042153135 0.00011264175 0.0008244619 1.6988384e-05 0.00090396404 0.002450569 3.3210754e-06 4.1707135e-06 6.1922246e-06 0.0011777789 0.024735717 2.4799107e-05 2.9462024e-07 4.6179807e-06 0.28798687 0.00012054183 9.0532626e-07 0.4717953 9.366482e-06 0.11055895 7.878915e-05 0.01619762 4.0721778e-07 7.708847e-06 2.290597e-06 0.028190838 1.19253355e-05 1.3000719e-06 3.5707665e-06 0.035610806 4.7752957e-05 8.864824e-05 6.439834e-08 0.00046633085 1.8573247e-07 4.0537418e-07 0.022624267 0.042742696 1.0440927e-05 7.759478e-09 2.1984204e-07 0.0013269051 0.008238724 4.4969274e-05 0.0005856003 4.2006577e-05 0.0066958615 0.000115136616 2.4283455e-07 0.00024084361 2.8180677e-06 1.7526793e-06 2.0074733e-05 0.00020098592 1.1425165e-05 1.0519284e-07 9.1941473e-07 0.0014617373 2.1833757e-06 6.0865445e-06 0.00010172433 1.7933772e-08 0.14619231 1.7348597e-05 7.0055e-07 2.1600677e-06 0.00026590074 2.9418072e-06 8.6093877e-07
0.4994061 0.00502381 0.10821651 0.16535595 0.024248825 0.0008843743 0.004808918 0.00556597 0.003114557 0.0016106315 0.0030157808 0.00051488914 0.32506138 0.84305316 0.08655863 0.09352965 0.9122837 0.0025147307 1.4205256e-18 0.008058708 0.00081796566 0.0028470834 0.08225997 0.10849771 0.009480663 0.0044058366 0.563712 0.570058 0.08370518 0.059789144 0.26568 0.1601372 0.012315803 0.12050864 0.090121694 0.10030035 0.11050436 0.031114457 0.021156391 0.009714597 0.020913342 0.04228883 0.009910358 0.078467436 0.001932107 0.017417347 0.00013039894 0.12973692 0.0024737753 6.1360024e-06 0.09507713 0.0010750027 0.034089305 0.0050755525 0.00045280845 0.0063287737 0.0034135948 2.7307728e-05 0.006471702 0.0008553432 0.0019332066 0.00010445734 0.0036549289 0.0056143855 5.2779727e-05 0.007950372 5.555083e-05 0.00275354 1.4759934e-05 0.00016331223 0.0010478385 8.7304754e-05 0.001194835 0.0016600736 6.557202e-05 0.0003306633 6.9527996e-05 0.00031490365 2.1081241e-05 0.01312409 1.6569531e-05 0.00035732397 6.909254e-05 0.00032715237 8.875034e-05 0.006204627 9.961221e-05 3.998289e-05 0.0001249827 0.00017099001 4.1807227e-05 2.4794848e-05 9.8655364e-05 2.6723474e-05 0.00063088635 1.7424056e-05 8.644919e-06 1.2023362e-05 4.742207e-05 7.249897e-06 4.9949235e-06
0.12708907 0.24900974 0.25829217 0.06619511 0.2948347 0.0566757 0.026349178 0.54221207 0.026791232 0.03205817 0.19286932 0.041680317 0.017631346 0.014348647 0.022446953 0.009676691 0.0036043266 0.8230054 0.008058708 1.3233505e-22 0.007380365 0.0150998505 0.011561216 0.0025155668 0.79754853 0.037677597 0.0057618674 0.0004775216 0.017230581 0.0073250365 0.00019887484 0.0034529176 0.017962813 0.00083797984 0.0052631907 1.4157148e-05 0.0012344889 0.013884379 1.8438306e-05 6.449755e-06 2.5858826e-05 0.0048405468 0.08579883 0.00021295603 9.647365e-07 1.3408539e-05 0.24120942 0.0012432336 1.4115498e-06 0.21992686 1.1730467e-05 0.08972732 0.00026354453 0.007119256 1.9581416e-06 6.1253795e-06 1.3059309e-06 0.0028405306 2.757721e-05 4.006073e-06 7.213724e-06 0.01758624 0.0007671332 0.0025740457 2.7345723e-07 0.006800057 2.3710592e-07 4.1051203e-06 0.009789165 0.009108147 2.4391336e-05 2.2826447e-07 1.3423028e-06 0.0075574066 0.010970509 0.00054792105 0.0033487196 0.00076126895 0.0022485037 0.00026642287 9.415332e-07 0.002425816 8.660936e-06 1.0821448e-06 0.00028675364 0.00043330278 2.5372266e-05 2.5731444e-07 9.2786473e-07 0.00079365534 3.7960185e-06 7.4015657e-06 0.00053458085 3.1112108e-07 0.04233896 3.459224e-05 2.652918e-06 7.113769e-06 0.00016980084 2.2374383e-05 1.6282947e-06
0.78552604 0.25947985 0.074850194 0.009265827 0.0042241486 0.29103512 0.0120846275 0.005826715 0.0020892962 0.0051806853 0.27389124 0.8769759 0.0029413 0.00032359237 0.00017015196 0.003310345 0.00023950163 0.020369763 0.00081796566 0.007380365 3.1001255e-16 0.1718864 0.00014618706 0.001954568 0.002305731 0.047990922 0.00033986865 8.27398e-05 6.193876e-05 0.00955501 0.00021357453 4.841669e-05 0.07986313 0.00023087121 2.9520415e-05 3.3319488e-05 0.0024492652 0.00016708161 3.410378e-05 1.264969e-05 4.685989e-05 9.9778124e-05 0.0002090822 6.3560765e-05 8.233478e-06 1.3114029e-05 0.00090416323 2.7976623e-05 8.057981e-06 0.00096223457 3.813659e-05 0.00029111467 0.00013546717 0.15442546 2.5142244e-06 5.0904337e-06 4.1431886e-06 0.42780083 2.9848288e-05 2.4625615e-06 8.237852e-06 0.00034249047 0.00014207036 0.00032739207 1.3912232e-07 0.000406606 3.580196e-07 3.7579258e-07 0.00042117952 0.39797565 4.4036788e-05 8.60672e-09 2.120846e-09 0.00077084475 0.00067334983 6.194502e-05 8.244239e-05 3.9975646e-05 0.00046027722 0.0007061596 1.5913357e-06 0.0001619959 1.2682449e-05 2.3867096e-06 7.6835735e-05 0.000519434 2.6537467e-05 2.3753302e-07 6.3231926e-07 0.12527712 1.5862863e-05 2.2778227e-06 0.00018175841 1.1585704e-10 0.43244615 4.5531588e-06 3.1896445e-07 4.014433e-06 0.00072838215 9.819041e-06 7.3316255e-07
0.9661877 0.4163691 0.3692115 0.09783901 0.04392873 0.8245853 0.4756183 0.031254586 0.24355803 0.29689625 0.024472125 0.055698402 0.004418011 0.0021878616 0.003077273 0.011249265 0.0023432171 0.03268852 0.0028470834 0.0150998505 0.1718864 2.2798355e-17 0.0016177912 0.007232327 0.005142431 0.6401937 0.00089864014 0.00032822083 0.00046513186 0.03943547 0.00093275553 7.92177e-05 0.3526867 0.00030574764 0.00013976336 3.0740965e-05 0.0053315912 0.00040932736 4.7005175e-05 3.3191074e-05 0.00015591863 5.738711e-05 4.8901285e-05 4.4416214e-05 4.7052352e-05 8.389449e-06 0.00096479454 1.8729204e-05 2.5453892e-05 0.00023519898 0.00042265322 0.00051687233 1.358945e-05 0.13686796 1.0324485e-05 1.0138037e-05 2.021815e-06 0.09309931 7.789185e-06 7.3749325e-06 3.7488285e-06 0.00025664945 2.874424e-05 2.0635278e-05 6.4616705e-07 8.607394e-05 1.0518286e-06 4.4270046e-06 6.100495e-05 0.02919426 8.634752e-06 8.908839e-08 1.4532758e-06 0.00010274327 1.0864407e-05 1.2235632e-05 1.6041815e-05 1.7206303e-05 1.2691802e-05 0.018329872 1.8208633e-06 2.7245165e-05 8.070301e-06 8.6522635e-07 2.2608738e-05 0.004641026 7.35014e-06 7.9394454e-07 4.907396e-07 0.10226891 1.5666383e-05 6.3363373e-06 1.2426668e-05 2.8951849e-08 0.035110977 1.9480567e-05 1.0397436e-05 9.855798e-06 4.107188e-06 1.5284851e-06 9.124007e-07
0.47354266 0.0062138466 0.074107945 0.16225265 0.16556914 0.0005602629 0.005203381 0.03668548 0.020177694 0.008883956 0.0019822274 0.0006318253 0.14865433 0.71293175 0.86706 0.12868455 0.11358311 0.0021782762 0.08225997 0.011561216 0.00014618706 0.0016177912 9.7367406e-21 0.10364727 0.07951373 0.0080959415 0.09606412 0.030833445 0.6891949 0.04206315 0.04425428 0.639053 0.006260469 0.058358103 0.30785686 0.010274157 0.035681345 0.123754926 0.0023794589 0.0010132688 0.003231438 0.18524638 0.05236553 0.02840724 0.00071764685 0.002730933 0.0024608043 0.18615533 0.00089652534 6.358259e-05 0.01723018 0.007104864 0.025877075 0.003315011 7.779218e-05 0.001325089 0.00013896379 6.409136e-05 0.003449271 0.0002539622 0.00066624495 0.00082048087 0.01111039 0.020331506 4.237948e-06 0.019673372 9.067948e-06 0.0012104333 3.287868e-05 0.00045156307 0.0025691257 6.448894e-06 0.0011056894 0.0031931207 0.0001585242 0.0012227445 0.00049127196 0.0011788425 1.8421733e-05 0.0016836557 1.1152076e-05 0.0010403616 1.9204172e-05 3.3751978e-05 0.00029834104 0.0027884736 0.0002524956 2.0921723e-06 2.712963e-05 0.00029431743 3.2231954e-05 1.5392478e-05 0.00033607165 2.0515487e-05 0.00036968308 5.500904e-05 3.447388e-05 3.0632244e-05 1.5583784e-05 6.27138e-06 3.4435616e-06
0.9560764 0.003865086 0.036390763 0.25282368 0.100566715 0.001536051 0.0060071424 0.0117590455 0.013996325 0.0068418877 0.0010757842 0.0007339136 0.7337444 0.29645786 0.16484939 0.792587 0.4556863 0.0023521625 0.10849771 0.0025155668 0.001954568 0.007232327 0.10364727 4.9506773e-17 0.004762605 0.02095764 0.087855056 0.100815766 0.04898425 0.46513194 0.58557534 0.040149238 0.060758613 0.052007105 0.023655238 0.035771225 0.588065 0.008029691 0.004501294 0.0028963438 0.01493622 0.0058226683 0.0010529207 0.02133086 0.0018703333 0.0071194973 5.73609e-05 0.020502005 0.0025807326 1.3444642e-06 0.2577553 0.00038891233 0.0035752216 0.109291956 0.0008215367 0.0073295296 0.00045005063 0.0034873616 0.0007666779 3.734062e-05 7.4271455e-05 9.551233e-05 0.0001489231 0.00043754428 3.260872e-05 0.00026946393 4.3282016e-05 0.0025232795 5.564513e-06 0.0016040966 9.929154e-05 4.093816e-05 0.0018642537 0.00019014778 7.041107e-05 4.1501746e-05 0.00029040233 2.3638526e-05 4.0720597e-06 0.06533636 6.7640567e-06 5.2488795e-05 2.0229634e-05 0.00017611642 3.8353937e-05 0.02376435 6.989358e-05 2.6115331e-05 0.00012189947 0.046556693 8.88052e-05 9.755971e-06 0.000121940866 4.484854e-05 0.00057076773 2.5854708e-05 4.5325996e-05 2.285141e-05 0.00025651124 8.956049e-06 7.4585855e-06
0.5186551 0.15204863 0.13913588 0.08076028 0.5671159 0.009644863 0.017593512 0.8457217 0.025815861 0.023518551 0.109818585 0.007762044 0.013282598 0.040254846 0.144221 0.012745866 0.0059236255 0.6682721 0.009480663 0.79754853 0.002305731 0.005142431 0.07951373 0.004762605 1.9429091e-19 0.027775379 0.015165478 0.0016949668 0.6566462 0.005805995 0.0006711003 0.027533399 0.0083724335 0.0053720516 0.080755286 5.754934e-05 0.0020937633 0.35192928 2.6344338e-05 1.1083329e-05 7.8369565e-05 0.0926267 0.69596106 0.003174738 1.4069024e-06 0.00012218626 0.4572737 0.02311822 1.7021426e-06 0.20002404 0.00012882348 0.40859497 0.006255322 0.0057381536 1.0674515e-06 3.15363e-05 4.4487857e-07 0.0013471859 0.00037140757 2.9903774e-06 3.3295888e-05 0.07237892 0.01095175 0.0281277 1.9748502e-07 0.05649314 2.2589347e-08 1.0425168e-05 0.021916864 0.0056878873 0.001239343 1.5936327e-07 3.436816e-06 0.03365479 0.025588954 0.005793751 0.010070148 0.0075389966 0.0028393364 0.0003663185 3.7375958e-07 0.006945895 2.6251493e-05 7.5702496e-06 0.0034331882 0.00042454622 0.0002261867 5.0351815e-07 5.0323474e-06 0.0009150111 1.0552785e-05 9.125757e-05 0.0023531476 1.148552e-06 0.022951677 0.00013715123 1.2057521e-05 3.2884796e-05 0.00037176991 0.00048913667 7.477752e-06
0.9964256 0.52839226 0.47214392 0.41698018 0.33991525 0.6634333 0.63148844 0.20054293 0.5566901 0.60824335 0.03301322 0.045925543 0.015333368 0.021433413 0.03739043 0.05199026 0.02349799 0.13919003 0.0044058366 0.037677597 0.047990922 0.6401937 0.0080959415 0.02095764 0.027775379 6.255232e-18 0.004138618 0.0028679862 0.0065506403 0.14934126 0.0057222997 0.00081656233 0.45608845 0.001438084 0.0018712252 0.0006017047 0.008079366 0.004155908 0.0001119337 9.4413714e-05 0.001131841 0.0014445063 0.00080676854 0.0006040156 3.79757e-05 0.00027415692 0.004378816 0.0005891858 3.8284317e-05 0.0029951127 0.0019038913 0.0065911813 0.00052439113 0.16217837 5.5934917e-05 0.00015722202 1.0993795e-05 0.06347482 0.00046429137 6.720934e-05 0.00020773643 0.0030886617 0.00035790252 0.00039307625 9.0517517e-07 0.0011054111 2.836424e-06 6.5462365e-05 0.0024110917 0.0139676165 0.00030691386 5.4171366e-08 1.9736954e-06 0.00093995867 0.00035063011 8.029916e-05 0.00083192263 9.842607e-05 0.0012414971 0.011351461 1.6364787e-06 0.00024629373 3.2068594e-05 1.9073422e-06 5.9069695e-05 0.0033534667 0.000102849255 1.0861368e-06 2.117672e-06 0.08798937 6.140024e-06 2.3030309e-05 0.00020991854 9.040761e-09 0.0062889173 7.3923926e-05 2.1187518e-05 2.8964696e-06 0.0004924151 2.6302403e-06 1.3388413e-07
0.43220815 0.005205483 0.08765228 0.14128575 0.032741502 0.00030857674 0.0048268167 0.0037113512 0.0036264446 0.0020010776 0.0021974144 0.00060076895 0.18420205 0.5182645 0.07718873 0.08127552 0.17801772 0.0006245343 0.563712 0.0057618674 0.00033986865 0.00089864014 0.09606412 0.087855056 0.015165478 0.004138618 7.3099123e-22 0.894598 0.056940023 0.033203505 0.23647256 0.22300822 0.0054550595 0.8835915 0.09679532 0.2700867 0.051767025 0.028479083 0.04724043 0.036189556 0.13605484 0.05080928 0.016465826 0.26076934 0.0095401555 0.0985514 0.0005550577 0.18355896 0.009553903 1.0371291e-05 0.071381 0.0018132293 0.089287646 0.004302581 0.0013326016 0.014312246 0.018646836 5.0688186e-06 0.035437815 0.006232299 0.0076820683 0.00023068787 0.02111343 0.019709077 0.0003815396 0.010742864 0.0009903791 0.008481529 2.7093849e-05 0.0001330991 0.012493892 0.00023669848 0.010697073 0.0015746842 8.0972575e-05 0.0016551559 8.359998e-05 0.0013371228 4.673936e-06 0.010002103 0.0008833144 0.0006344855 0.0006808902 0.002072704 0.00028658498 0.010200728 0.0009930528 0.0003310135 0.0011001116 0.00021396676 0.00044113168 0.000112288035 0.0001694645 0.0004105136 0.00025118547 0.00011988182 8.9388166e-05 7.7743156e-05 7.903212e-06 4.7570666e-06 9.25668e-06
0.6128022 0.0012045271 0.014977263 0.057169028 0.008950888 4.347757e-05 0.0023473883 8.8417066e-05 0.0011736997 0.0009576636 0.00063131395 7.066198e-05 0.111050084 0.16114847 0.022088528 0.057855677 0.17191306 2.9495539e-05 0.570058 0.0004775216 8.27398e-05 0.00032822083 0.030833445 0.100815766 0.0016949668 0.0028679862 0.894598 3.5814e-21 0.027909463 0.029425409 0.31655434 0.10013902 0.0036904218 0.67941755 0.04566579 0.67566127 0.072113834 0.010313283 0.123129025 0.08022022 0.28945148 0.026176462 0.0028532573 0.22650321 0.028239872 0.11442307 5.3772128e-05 0.13479313 0.026910407 1.3323195e-06 0.12680203 0.0001508491 0.07764958 0.0016036767 0.0045996006 0.032931503 0.025041077 1.3817814e-06 0.038739987 0.0063106236 0.0064700637 1.2456972e-05 0.014597523 0.011251329 0.00018787282 0.0033311052 0.0004914421 0.011265647 5.5315554e-06 2.743524e-05 0.009093865 0.00012333674 0.016994316 0.0004529055 9.452024e-06 0.00090632925 3.6725232e-05 0.00063876633 1.0677946e-06 0.011089905 0.00042837797 0.00021620627 0.0005499208 0.0014552244 0.00014510308 0.012949121 0.00036317934 0.0004103199 0.00091012096 9.915831e-05 0.00027409522 3.0428926e-05 4.7296104e-05 0.00026161937 9.813335e-05 3.4324225e-05 6.1549945e-05 1.819892e-05 4.6458413e-06 2.789737e-06 4.5251472e-06
0.68049985 0.0062051183 0.028791662 0.10202516 0.37309402 0.00018082342 0.0031679317 0.13007438 0.0148660885 0.010903535 0.0013132434 0.00028479414 0.07148888 0.35466737 0.6062834 0.061609253 0.15188928 0.005192604 0.08370518 0.017230581 6.193876e-05 0.00046513186 0.6891949 0.04898425 0.6566462 0.0065506403 0.056940023 0.027909463 1.0513754e-21 0.011111263 0.0096160155 0.6473242 0.0043581673 0.035611834 0.74700063 0.006885653 0.007082735 0.7568646 0.00056935044 0.0007958147 0.0023748253 0.5944034 0.58769435 0.02361591 0.00015859527 0.00069649913 0.015608558 0.43853626 0.0002400461 0.00024488286 0.0028268578 0.06693134 0.032607265 0.0031686903 1.0546125e-05 0.00036143445 5.2064406e-06 2.727678e-05 0.0035301233 8.692641e-05 0.00081363606 0.005266163 0.027751839 0.052458197 3.7935898e-08 0.11250342 1.0966317e-07 0.00018146 0.00018041536 0.00043284515 0.0046499637 5.2606328e-08 6.005721e-05 0.019764693 0.0024123809 0.0048900633 0.003828558 0.005506923 4.795092e-05 0.00071857753 8.0810906e-08 0.0036482946 3.05982e-05 1.5687006e-06 0.0014093673 0.0010660503 8.85243e-05 2.0329155e-07 1.2939047e-06 0.0006880726 3.2536204e-06 9.052957e-06 0.0016510262 8.929951e-08 0.000671714 7.600908e-06 8.930948e-06 1.366018e-06 1.2771111e-05 0.0003323816 2.1847806e-07
0.99335915 0.12113399 0.32244167 0.704088 0.33322814 0.024126904 0.09526329 0.057060882 0.21977 0.16454248 0.004233192 0.0034098274 0.39101198 0.23575766 0.10409388 0.5900803 0.1740527 0.0065558297 0.059789144 0.0073250365 0.00955501 0.03943547 0.04206315 0.46513194 0.005805995 0.14934126 0.033203505 0.029425409 0.011111263 9.466634e-20 0.2018671 0.0048304778 0.31210217 0.011112784 0.0035080926 0.008305793 0.48541707 0.0022700268 0.002094036 0.0018893821 0.0048931586 0.0018655725 0.00021228445 0.0036170876 0.001501172 0.001161044 0.00018407394 0.0018469669 0.001900219 7.816583e-06 0.15671091 0.00036316653 0.00085811625 0.31143156 0.000930151 0.004734448 9.754831e-05 0.01703997 0.00037653177 3.2306027e-05 2.9614455e-05 0.00041811116 8.206202e-05 0.00014463901 0.00020880582 0.00024802287 6.847886e-05 0.0010637083 3.6876703e-05 0.0026987602 2.8334109e-05 4.0732655e-05 0.0005030666 0.00028247654 0.00013944291 1.1924107e-05 0.0005111961 1.2247003e-05 1.17896825e-05 0.1449402 8.59175e-06 7.631432e-05 1.1453682e-05 0.0001408633 3.173447e-06 0.037576303 4.150693e-05 3.3084954e-05 0.00010709878 0.25934145 9.032079e-06 1.3621992e-05 5.3245458e-05 0.00011381053 0.00084032863 1.6499518e-05 4.5829285e-05 8.157399e-06 8.533002e-05 3.7080658e-06 9.349601e-07
0.9670707 0.00081650855 0.018075723 0.15473396 0.012956933 8.1811886e-05 0.0032013718 0.00022036649 0.0116022155 0.005444842 0.00019701206 0.00010843494 0.63433224 0.20309821 0.03497942 0.32331422 0.38495946 0.00012509801 0.26568 0.00019887484 0.00021357453 0.00093275553 0.04425428 0.58557534 0.0006711003 0.0057222997 0.23647256 0.31655434 0.0096160155 0.2018671 2.1430064e-17 0.03202117 0.026059628 0.17774154 0.010514728 0.51589096 0.62215775 0.0022376848 0.37893015 0.2532709 0.19024517 0.0039170138 6.0669023e-05 0.06901171 0.24806495 0.035356004 2.202626e-05 0.020911328 0.24717501 5.2972155e-07 0.74405175 0.0005101714 0.015815033 0.04327987 0.03275314 0.4521629 0.008767886 0.00010002154 0.0064294366 0.0012470911 0.001062285 0.0008074228 0.00084123673 0.000577202 0.0046621747 0.0004640944 0.0019354507 0.05507653 4.004328e-06 6.108826e-05 0.0007297918 0.0015106944 0.14039609 0.00018997051 0.00011005445 7.7827055e-05 0.00043408445 6.6523564e-05 6.119129e-07 0.18960527 0.00023005469 0.00011468116 0.00019503533 0.0015098786 1.5094458e-05 0.14244458 3.3353725e-05 0.00025242553 0.0009926296 0.0024701613 0.00010431628 6.2427375e-06 0.00082429056 0.003268616 1.84935e-05 1.858377e-05 5.3675813e-05 2.4426068e-05 4.4308246e-05 1.5449552e-05 5.8425535e-06
