3.495578e-31 0.00014961553 2.5086332e-05 9.690298e-05 0.00031444928 0.0013966523 0.0002074189 0.002904281 3.1999382e-06 5.259437e-09 0.007666293 0.026312146 0.009203241 2.2347126e-09 7.6467964e-05 0.0005633154 3.013867e-07 0.014332045 0.054151043 0.035900757 0.109844275 0.010376531 0.120212555 0.061470672 0.25366652 0.10970273 0.16628154 0.034242895 0.34586826 9.927753e-07 7.4311586e-08 0.40953884 0.072435506 0.28465846 0.50280434 0.076713346 0.00532577 0.8366274 0.009473919 0.55156934 0.4120312 0.12041529 0.12243367 0.23178416 0.8737744 0.63709503 0.8375657 0.23542778 0.19550411 0.014814955 8.105903e-07 0.015855731 0.5199889 0.21644394 0.20325568 2.5710142e-06 0.28320932 0.68929845 0.7837913 0.4387405 0.3816182 6.6892746e-05 0.7967449 0.47242433 0.81917 2.935958e-08 0.19792005 0.41462666 0.4856964 8.9084097e-07 0.9700222 0.78488714 0.13433768 0.024710413 2.4386405e-05 0.59236777 0.45570132 0.92760396 9.214368e-06 0.9385143 0.38664123 0.95912904 0.44639656 0.99495447 0.6438502 0.8823416 0.90367424 0.852948 0.9082918 0.21457875 0.99056494 0.9765809 0.9677795 0.935655 0.7644792 0.9974019 0.9845038 0.9527418 0.9436839 0.9754784 0.99996275
0.00014961553 7.444384e-18 0.83883595 0.3916334 0.779219 0.7100565 0.24191578 0.43827814 0.012228745 0.0008522869 0.2432254 0.5246936 0.3222939 0.00203126 0.009406412 0.0032980288 0.008837206 0.15797372 0.13594316 0.0033315327 0.25539172 0.03487932 0.009413335 0.052418448 0.10541139 0.03040335 0.055960733 0.019564318 0.016140334 4.288572e-05 0.00010489578 0.0009416271 0.0002659933 0.0012172215 0.02473498 0.0053096376 3.8332102e-05 0.00807826 1.0243279e-05 0.0089322515 0.0014693461 0.00058475765 0.0026063805 2.1858905e-06 0.0050949412 0.00052929163 0.0002556857 0.0012896404 5.8846075e-05 1.4814623e-05 1.2320493e-08 2.368832e-06 0.00021659365 0.000243863 1.191165e-05 5.434781e-08 0.00018874487 0.0002817004 0.00033436838 0.00021275283 5.3671814e-05 2.9573556e-07 0.0001804854 6.739939e-05 0.00012867454 6.487546e-08 0.00013010902 3.58644e-05 0.00017328249 2.125495e-07 0.0008068886 0.0007714279 9.168904e-05 1.0279192e-07 1.5952469e-06 7.5318453e-06 5.2944884e-05 0.0016451016 5.5184006e-07 3.751602e-05 0.0001863674 3.499376e-05 1.5251892e-05 3.0425472e-05 6.190457e-05 2.7506763e-05 0.000106414205 5.281734e-05 8.9512294e-05 2.2212715e-05 0.00082320924 0.00024110469 0.0002483436 2.111591e-05 1.8683391e-05 5.1807697e-06 0.0001471731 3.372408e-05 2.0229576e-05 2.0592874e-05 0.0022142888
2.5086332e-05 0.83883595 8.4503396e-19 0.10056452 0.8542386 0.3250494 0.79377025 0.113303654 0.19886509 0.0008156622 0.3472757 0.3084092 0.3224728 0.0014409092 0.15186656 0.04755509 0.17608856 0.039606523 0.076084204 0.01939204 0.066540994 0.008819479 0.015322266 0.015698921 0.02369866 0.010841122 0.02093212 0.004641957 0.007126552 0.00038533524 0.001092531 0.0029714955 0.000506398 0.0015497528 0.007201297 0.0011829012 4.2910844e-05 0.0027647822 8.2652106e-05 0.0028892444 0.00069794763 0.000107388325 0.002314796 3.1255822e-06 0.003147298 0.00025063843 0.00016122896 0.0007106134 3.100527e-05 1.0813447e-05 5.2189577e-08 1.7389501e-06 0.0002772823 0.00015940561 1.6438798e-05 1.6060704e-07 4.1648287e-05 0.00024835163 0.00040775427 8.0096404e-05 1.9627758e-05 2.455232e-07 4.6066216e-05 2.710602e-05 7.834999e-05 9.578575e-08 5.0415627e-05 9.971673e-06 8.0580925e-05 8.5909346e-07 0.0003243252 0.00085108523 4.2553078e-05 2.0163144e-07 2.8675936e-06 5.7909365e-06 2.4887171e-05 0.0014352225 4.0640575e-07 7.726872e-06 9.533151e-05 5.7112948e-06 1.044274e-05 1.1221795e-05 6.490219e-06 9.9755525e-06 7.726074e-05 3.3509827e-05 5.7916714e-06 4.1174026e-05 0.0002678135 7.507044e-05 7.16446e-05 8.111505e-06 8.5927495e-06 3.822853e-07 1.6341139e-05 5.555181e-06 5.3754006e-06 4.6272603e-06 0.00023576715
9.690298e-05 0.3916334 0.10056452 4.753205e-22 0.05873712 0.36587325 0.004815775 0.583577 6.030595e-05 0.006148694 0.0010433369 0.42451873 0.064826615 0.062617235 3.9351522e-07 3.5208805e-07 0.00013167637 0.18763115 0.025224688 1.4707626e-06 0.59449774 0.21081665 5.748464e-06 0.07660264 0.2669839 0.023378577 0.06450005 0.1689301 0.008833671 9.7021555e-08 2.1894736e-07 2.594265e-06 7.754537e-07 2.1109836e-06 0.110816024 0.00074613397 4.6162675e-08 0.0049436074 1.8262838e-08 0.044904504 0.0008266802 2.5734623e-06 0.0053128544 6.413171e-09 0.006133777 7.778569e-06 8.5340595e-05 0.0060597938 8.168106e-07 2.07137e-08 2.456e-09 5.40686e-10 1.7546761e-06 1.4432382e-05 6.792563e-08 8.349826e-10 0.00028341613 0.00014447125 5.011681e-06 0.00021267594 4.4280412e-05 7.8240175e-10 5.5239484e-06 2.6930984e-05 2.5705864e-05 1.6963742e-09 8.773535e-05 5.6700144e-05 4.0271967e-05 1.0129827e-08 0.00014645455 2.6741165e-05 0.00077562284 7.921591e-10 2.2464874e-08 2.9179438e-07 1.6414805e-06 9.744529e-05 5.6806386e-09 5.0423873e-06 0.00012101845 5.805903e-05 4.915274e-05 6.1787546e-07 1.1750217e-05 7.1365735e-06 9.16823e-05 8.115069e-05 0.00017264941 1.4745083e-06 0.014571061 0.00027848198 0.00016542556 2.7887156e-06 7.8676817e-07 8.395872e-05 0.0014305414 0.0001496144 1.0610721e-05 1.6726712e-05 0.15096417
0.00031444928 0.779219 0.8542386 0.05873712 2.4934778e-20 0.48030654 0.74604595 0.17739432 0.17297082 6.473199e-05 0.63786817 0.5326895 0.6148229 3.849189e-05 0.29468244 0.26004416 0.0232412 0.06092318 0.17397729 0.12693211 0.0772162 0.0041389675 0.08637854 0.048962094 0.0920135 0.049686294 0.046961468 0.00038682902 0.028300893 0.00017435917 4.096843e-05 0.034141663 0.005759719 0.008183 0.025119219 0.0040928717 0.00025109109 0.013350191 0.0004619375 0.0056021805 0.0008306498 0.0010873162 0.00024857486 1.39972435e-05 0.0042755967 0.002563008 0.00038913323 0.0006173448 3.394469e-05 1.8266594e-05 3.1118813e-07 5.6643416e-06 0.0011745143 2.1776084e-05 2.6572923e-05 2.186079e-07 9.934263e-06 0.00016958415 0.00087469193 0.00011575072 3.7381005e-06 2.0367202e-06 0.00042639265 6.125064e-06 8.92112e-05 1.309133e-08 1.30082535e-05 2.0525054e-05 4.8199327e-05 4.2388191e-07 0.0017784474 0.00054946024 2.7850576e-05 6.9425755e-07 5.993851e-06 3.3857832e-06 1.34941665e-05 0.0017500854 3.5336362e-07 3.5243243e-05 3.0342717e-05 7.163668e-05 1.2781724e-05 8.105207e-05 2.7981292e-05 4.24341e-05 0.00012862473 0.00011109907 9.144768e-05 7.9415695e-06 0.0007012375 0.000110319466 0.00018559145 5.7777164e-05 2.0371717e-05 6.419073e-06 1.5711836e-05 0.0001501759 3.3875902e-05 3.9017854e-05 0.0009195082
0.0013966523 0.7100565 0.3250494 0.36587325 0.48030654 1.9463128e-20 0.124909826 0.913427 0.0031573346 0.00018065968 0.211827 0.73570734 0.3966276 0.0005274514 0.0024439627 0.0029292237 9.157928e-05 0.38673282 0.24041812 0.011768908 0.55707663 0.099324845 0.04913807 0.14319797 0.32234588 0.09764317 0.24370645 0.026557662 0.08508503 2.219932e-06 3.022302e-06 0.0025004505 0.0017576625 0.006579829 0.10085625 0.05311944 5.8766444e-05 0.05868027 4.0572672e-06 0.04558748 0.009729956 0.012515148 0.0063111866 2.1845317e-06 0.0110984435 0.008267772 0.0035570185 0.007853042 0.0011796191 3.3414074e-06 1.4409969e-08 9.073688e-07 0.0018127839 0.0020400218 9.576776e-06 1.8266672e-08 0.0007709359 0.0010372963 0.0013465302 0.0010012562 9.964091e-05 1.14764475e-07 0.0010645948 7.961783e-05 0.00061159267 4.396008e-09 0.00041865263 7.8786674e-05 0.0006006071 1.924743e-08 0.0008769959 0.0017126951 0.00018377733 5.2170368e-08 2.35082e-07 4.453723e-07 0.00035799504 0.0016736923 4.2445446e-08 0.0002020433 0.00028975526 0.00011842833 2.1581187e-05 4.5226748e-06 9.6477605e-05 7.858856e-05 0.00014921556 0.00019482731 5.388548e-05 1.255938e-05 0.0005409468 9.971819e-05 0.00031545942 9.6405965e-05 8.73771e-06 9.881266e-06 0.00014525968 0.000101606536 3.7575242e-05 4.8485163e-05 0.002503044
0.0002074189 0.24191578 0.79377025 0.004815775 0.74604595 0.124909826 1.4922778e-21 0.01713798 0.6156884 3.4472272e-05 0.7063445 0.32024446 0.45866132 1.3760828e-05 0.6241215 0.39715248 0.3103236 0.0124850655 0.13344732 0.20637546 0.029849367 0.00041889903 0.09259702 0.03900578 0.08125311 0.038264282 0.019753428 0.00023110866 0.029915527 0.0007335102 0.0007310328 0.065654345 0.014923776 0.009990211 0.0358442 0.00023348171 0.0001852772 0.005663219 0.0018005759 0.00409254 0.0004799164 0.000121052966 0.00026945592 2.7496484e-05 0.0041082734 0.0010536154 6.808801e-05 0.00031851052 2.0975975e-05 3.9149618e-05 4.7540752e-07 1.5799966e-05 0.0006110831 9.826442e-06 3.3702443e-05 1.7072849e-06 8.516941e-06 0.0001359411 0.00034626253 0.000103275226 1.9053507e-05 5.525985e-07 1.3888901e-05 3.156151e-05 6.0698883e-05 7.11499e-08 3.8103324e-05 3.037837e-06 6.2557454e-05 5.0315e-07 0.0011338704 0.0012659002 2.0588985e-05 2.119267e-07 3.1285138e-06 1.883799e-05 8.621232e-06 0.0018196864 2.9541226e-07 1.0258275e-05 2.2930306e-05 5.7338834e-06 1.200575e-05 4.787169e-05 3.7788434e-06 1.1931092e-05 3.3554596e-05 6.379962e-05 8.21724e-06 8.676747e-05 0.00024809432 2.0475863e-05 0.00027246636 1.9492794e-05 2.7905635e-05 3.4128554e-06 1.8420309e-05 1.619257e-05 1.115931e-05 1.0352901e-05 0.00022392858
0.002904281 0.43827814 0.113303654 0.583577 0.17739432 0.913427 0.01713798 2.8514442e-21 0.0002716685 0.000351079 0.040431134 0.62563133 0.17464352 0.0014645483 4.024582e-05 3.2341883e-05 3.987347e-06 0.61529136 0.14646544 0.00022503002 0.7480617 0.2925854 0.007206691 0.16749412 0.40407005 0.09366168 0.3366037 0.117667586 0.09029791 1.4952971e-07 5.366455e-07 4.316828e-05 8.560041e-06 0.0010894373 0.13284974 0.05302363 2.6234836e-06 0.06669003 1.0314505e-07 0.09801122 0.011671977 0.0056967596 0.016177628 3.6784026e-08 0.021768415 0.003382188 0.003288942 0.0056463177 0.00047539102 3.6016098e-07 2.757706e-10 7.4480866e-08 6.802389e-05 0.00032780136 1.3750149e-07 3.6774234e-10 0.00077445165 0.00041420784 0.00026257618 0.00023984151 7.488467e-05 3.194381e-09 0.0004265175 7.886312e-05 0.00057208864 2.3524335e-10 0.00036295858 7.5079246e-05 0.00022262924 1.0802799e-09 0.0001209422 0.0002600175 0.0003301915 4.835729e-09 1.23345085e-08 1.316221e-08 6.692956e-05 0.00021022005 3.0301879e-09 0.00014539383 0.00031423286 0.00010937017 5.0420098e-05 3.9576662e-07 6.2135834e-05 5.7724297e-05 0.00013230409 0.00020006587 8.470911e-05 7.502105e-07 0.00023748964 0.00017193532 0.00015730767 3.4015302e-05 1.6364195e-06 5.4436652e-05 0.00024251321 0.00013745332 4.604193e-05 5.2937412e-05 0.0026662555
3.1999382e-06 0.012228745 0.19886509 6.030595e-05 0.17297082 0.0031573346 0.6156884 0.0002716685 8.640525e-23 3.1342533e-06 0.24849425 0.023200741 0.10034056 8.603282e-07 0.5861643 0.1095125 0.72488344 1.3457387e-05 0.010911098 0.07738297 0.0012155238 1.5004211e-05 0.008816001 0.0015163496 0.0060798717 0.0015676755 7.277291e-05 3.088327e-05 0.0008713611 0.00087640603 0.0011274681 0.01038715 0.0054792496 0.0013002988 0.0026617092 2.4838775e-05 7.692056e-05 0.00013882272 0.0028290614 0.00031295433 2.8907587e-05 2.6383083e-05 2.0920375e-05 4.7896712e-05 0.0014253313 4.901437e-05 5.9300514e-06 0.00010185558 3.7879215e-06 4.744193e-05 1.5778619e-06 2.3797244e-05 0.0002579711 1.3179915e-05 3.2671604e-05 1.8912073e-06 2.5194537e-05 0.0001422629 9.058584e-05 0.00023152739 0.000118604316 7.460969e-08 2.562244e-06 0.00011698511 1.9444818e-05 7.739291e-08 6.878938e-05 4.793485e-06 0.00035104618 7.6353916e-07 0.00018622864 0.00077415997 6.0252805e-06 1.0954764e-06 2.1032793e-06 1.1804884e-05 8.3150535e-06 0.00032201342 1.3626058e-07 3.3325923e-06 6.9073954e-05 1.6911738e-06 9.521707e-06 4.368734e-05 9.532728e-06 2.5191532e-05 4.3134372e-05 4.069185e-05 4.287041e-06 4.617054e-05 2.5340321e-05 1.03589055e-05 0.0001220102 1.8879484e-05 8.870164e-06 6.1752496e-07 3.2944167e-06 2.2546242e-06 2.4654942e-06 3.0485376e-06 1.25450515e-05
5.259437e-09 0.0008522869 0.0008156622 0.006148694 6.473199e-05 0.00018065968 3.4472272e-05 0.000351079 3.1342533e-06 1.43495e-22 0.00012509755 0.00037022764 5.2271444e-05 0.4130726 9.826774e-07 5.2504663e-07 0.033759896 3.9335468e-05 9.110605e-06 3.987552e-06 0.00047248232 0.00018029065 3.6701766e-07 3.6859067e-06 2.1475718e-05 3.9101874e-06 5.561404e-06 0.00016646039 7.6846356e-07 1.0264778e-06 2.4976356e-07 2.0010443e-06 4.6156892e-05 2.1664878e-06 1.3043979e-05 2.5251762e-05 2.2406131e-07 7.535114e-06 2.5555478e-06 7.208763e-05 3.789025e-05 8.214381e-06 1.055183e-05 4.3501706e-07 7.4551404e-05 2.111936e-06 4.5973306e-05 4.0418386e-06 8.909586e-08 3.851859e-05 1.517768e-06 5.752404e-05 2.0437667e-05 1.1583143e-06 1.3573679e-06 2.0473842e-06 7.7017893e-07 3.8636575e-05 9.750418e-06 6.469724e-05 9.384016e-06 5.893928e-06 1.8095545e-07 6.1434093e-06 6.4267297e-06 1.2463519e-07 2.459332e-06 5.620985e-06 3.2502028e-06 9.588706e-07 0.00032646608 0.00019528791 3.6374502e-05 3.0333524e-08 3.5827593e-06 3.2086107e-06 1.8268203e-08 0.0008690648 4.3134617e-07 6.104313e-07 9.704961e-06 1.2448357e-06 3.1584368e-05 3.6513004e-05 5.8395034e-07 5.1316302e-08 5.9429203e-06 1.2397791e-06 6.93927e-06 3.9876663e-06 0.0013741661 7.5240346e-06 1.5166755e-06 7.432165e-08 4.3706114e-06 3.2343437e-06 2.9191075e-05 3.5854922e-07 4.9784046e-07 1.09560936e-07 0.004282279
0.007666293 0.2432254 0.3472757 0.0010433369 0.63786817 0.211827 0.7063445 0.040431134 0.24849425 0.00012509755 2.1962096e-20 0.49726012 0.8446209 1.7765462e-05 0.4824747 0.58140796 0.029722774 0.036003742 0.42426226 0.69997233 0.055385083 0.0012465209 0.4697011 0.092000075 0.12819117 0.08855291 0.06724345 5.78691e-05 0.045724016 0.0007936687 0.0011187063 0.21215963 0.12324272 0.06981049 0.066452116 0.029164081 0.0098432265 0.0340617 0.013900654 0.012192948 0.0053205583 0.030371714 2.00246e-05 0.0012049039 0.0032380538 0.008292303 0.0017378902 0.0005878287 0.00089282537 4.733076e-05 2.2864588e-06 5.534294e-06 0.024025755 0.00016369298 9.451858e-05 2.0622854e-06 1.0512415e-05 7.4855976e-05 0.004798736 0.00017736842 3.493023e-06 2.9703466e-07 0.000559098 5.038446e-06 0.0001031699 7.4038354e-07 3.5036492e-06 5.9917934e-06 1.2699927e-05 1.5428491e-06 0.007493483 0.0017501264 5.5667766e-07 1.6934915e-06 2.5482611e-06 7.913385e-06 8.48599e-05 0.002883373 1.1974619e-06 5.1082887e-05 1.8420362e-05 4.556484e-05 1.1560674e-06 0.00013895213 2.062072e-05 1.5010194e-05 8.217162e-06 3.6564194e-05 4.240255e-05 1.557995e-05 0.00011216826 1.5671641e-05 5.0295093e-05 3.6894995e-05 4.129298e-05 9.611989e-07 5.861764e-06 0.0007174911 3.1504227e-05 2.0494717e-05 0.000104566476
0.026312146 0.5246936 0.3084092 0.42451873 0.5326895 0.73570734 0.32024446 0.62563133 0.023200741 0.00037022764 0.49726012 2.0233886e-21 0.8488744 0.00023531004 0.016571263 0.016176987 0.0003746838 0.6798902 0.7761616 0.088356175 0.58021045 0.06627296 0.45160374 0.4571414 0.6035376 0.4203941 0.5025471 0.0038744726 0.36477578 4.393548e-07 1.4122041e-06 0.0066542136 0.0019428416 0.028962482 0.20396549 0.090265214 0.00015438088 0.28683814 3.5474955e-06 0.047953695 0.0317139 0.054646656 8.9239875e-05 2.9548156e-07 0.009936245 0.047976606 0.0106885545 0.00062366447 0.0034295479 1.0927419e-07 3.316739e-08 7.36019e-08 0.00060540345 0.0022518954 5.529728e-07 6.0567618e-09 3.706007e-05 0.00022314981 0.004400461 8.0360755e-05 7.1406853e-06 6.093378e-09 0.0027725596 1.4455014e-05 0.00022705681 8.417422e-09 1.669046e-05 6.1004866e-06 1.7518898e-05 1.3142468e-08 0.0004338434 0.00066942046 2.8505606e-06 8.088443e-09 7.4852004e-08 3.4652615e-08 0.0006422769 0.0013338845 4.3527745e-08 0.00041075822 0.0001529538 0.00029780946 4.346582e-06 3.6758674e-06 4.8771573e-05 1.7293869e-05 1.0157703e-05 3.900688e-05 3.1977223e-05 1.641958e-06 0.00052847376 2.6407577e-05 9.663986e-05 1.7281141e-05 1.1178286e-06 5.0999283e-06 7.0310816e-05 0.00013489104 3.9279912e-05 3.3356846e-05 0.00067511195
0.009203241 0.3222939 0.3224728 0.064826615 0.6148229 0.3966276 0.45866132 0.17464352 0.10034056 5.2271444e-05 0.8446209 0.8488744 5.216791e-22 3.14352e-05 0.19578196 0.26426467 0.0076688854 0.19306403 0.72413397 0.6270348 0.12016627 0.0047676056 0.60955757 0.20564736 0.25811204 0.22464693 0.19286343 0.00033618242 0.11350566 1.586498e-05 0.00024201671 0.15961514 0.043443877 0.09264415 0.095813274 0.062299974 0.0051226565 0.110962085 0.002047617 0.029117059 0.02053945 0.054673962 4.450543e-05 0.00010633477 0.008123122 0.02904074 0.008332892 0.0008416027 0.0025699663 7.061991e-06 2.4822093e-06 2.1103556e-06 0.016845366 0.0035833186 5.7665642e-05 1.4808314e-06 4.3950735e-05 0.00011912384 0.009875888 0.000115779534 4.163806e-06 1.778012e-07 0.002723484 1.3087255e-05 0.00019347161 2.1844158e-07 1.9980476e-05 1.1363704e-05 2.1092159e-05 1.3318901e-06 0.007731459 0.0032916958 8.6220496e-07 3.0963045e-07 1.6271479e-06 1.0343742e-05 0.00034488481 0.0050388547 2.1059586e-06 0.00014942631 0.00010086853 0.000394241 1.9640197e-06 0.000553831 2.5489042e-05 2.9879078e-05 6.712929e-06 2.6305424e-05 0.00016863697 2.2881524e-05 0.0005849671 9.55583e-06 0.00015190353 7.957533e-05 2.1956315e-05 6.7938663e-06 1.3668436e-05 0.00045563298 5.2484786e-05 9.365325e-05 0.000639431
2.2347126e-09 0.00203126 0.0014409092 0.062617235 3.849189e-05 0.0005274514 1.3760828e-05 0.0014645483 8.603282e-07 0.4130726 1.7765462e-05 0.00023531004 3.14352e-05 3.8817154e-23 4.345104e-07 5.5217253e-08 0.0017284688 5.1350704e-05 4.1030344e-06 7.4833974e-07 0.0011489524 0.0027606513 1.630978e-07 8.142632e-06 3.82204e-05 6.856404e-06 9.254571e-06 0.0055905376 1.1505482e-06 1.69002e-07 6.2007636e-08 9.130623e-07 2.0432813e-05 6.7743105e-07 3.526207e-05 1.3342222e-05 1.17537475e-07 2.1973954e-05 1.0281428e-07 0.00010333394 5.16979e-05 8.071533e-06 0.0002786573 2.0953519e-07 9.245815e-05 7.903305e-07 1.4887817e-05 4.635465e-05 4.992487e-07 7.561548e-06 3.1697898e-06 3.4317545e-05 2.5189e-06 6.3845994e-07 2.8026582e-07 1.5673157e-06 6.6372904e-06 2.6560938e-05 4.520611e-07 4.931256e-05 6.5913564e-06 3.558458e-07 2.440958e-07 1.3046848e-06 6.297391e-06 4.2197794e-08 1.6922604e-05 6.8889267e-06 1.2185913e-06 3.3825668e-07 2.4303496e-05 3.3453005e-06 0.0010575934 4.0079144e-08 6.319744e-07 6.1130805e-07 2.1384965e-08 1.6539549e-05 2.6186254e-07 2.221121e-07 3.1487856e-05 3.0087826e-06 1.9383073e-05 5.694326e-06 1.51376325e-05 2.7423206e-07 1.02309195e-05 5.5022074e-06 3.8851176e-05 6.822749e-07 0.00026358452 5.1940795e-05 1.597883e-05 3.4076467e-07 3.921624e-07 2.3916361e-06 0.0013339035 5.9485733e-06 5.6886543e-06 2.5190895e-06 0.0004571884
7.6467964e-05 0.009406412 0.15186656 3.9351522e-07 0.29468244 0.0024439627 0.6241215 4.024582e-05 0.5861643 9.826774e-07 0.4824747 0.016571263 0.19578196 4.345104e-07 2.5435206e-20 0.8534339 0.48724055 1.0706769e-05 0.020487607 0.453086 0.00023225253 4.5001e-06 0.034600105 0.00201683 0.003956997 0.0026996508 0.00013373887 2.5418972e-06 0.00061583094 0.044361692 0.019280044 0.06715372 0.15214676 0.0052675265 0.00059331465 3.388602e-05 0.0032074237 0.00022964107 0.32151675 4.3069755e-05 7.676274e-06 7.248595e-05 1.0932413e-05 0.0027582604 0.00032335205 0.00022902257 6.077462e-06 1.7062146e-05 5.70356e-06 0.00044641053 0.00014769543 0.00028540316 0.001088866 7.0519563e-06 0.00042138444 0.00016976279 3.6739607e-06 2.1399483e-05 5.6461104e-05 2.4037103e-05 6.2871895e-06 2.2943495e-05 8.141157e-06 1.5985921e-05 3.676262e-05 1.999582e-05 2.8439215e-06 2.486495e-06 7.515719e-05 0.0001377399 0.0003472076 0.00014662449 8.78212e-06 4.1090552e-05 0.00010237991 0.00012394293 3.2116784e-06 0.0002385349 4.162297e-06 1.389942e-05 3.315975e-05 8.461153e-06 1.8801334e-06 0.00030170294 1.739724e-05 5.2309995e-05 8.259694e-05 3.855729e-05 1.6577877e-05 9.203499e-05 1.1539135e-05 1.44608175e-05 0.00034691484 5.8720896e-05 4.824996e-05 1.6027326e-06 1.1081727e-06 3.007459e-05 9.237949e-06 1.46873235e-05 5.8792143e-06
0.0005633154 0.0032980288 0.04755509 3.5208805e-07 0.26004416 0.0029292237 0.39715248 3.2341883e-05 0.1095125 5.2504663e-07 0.58140796 0.016176987 0.26426467 5.5217253e-08 0.8534339 3.1878745e-24 0.04847319 0.00013097338 0.05690846 0.8056187 0.00027853934 1.3567014e-06 0.19232294 0.006198231 0.0050349347 0.006404539 0.0006286986 1.4593351e-06 0.0043243296 0.014381746 0.002917488 0.17563033 0.35620794 0.017808447 0.0072736004 0.0027069352 0.021984737 0.006057144 0.46047154 0.0004330654 0.0003980768 0.0039356104 1.8495907e-06 0.011111565 0.0008583892 0.0011139071 0.00010453387 0.00020131876 4.2076135e-05 0.00041447478 4.7911704e-05 0.00017569367 0.013701515 5.2961423e-06 0.0024433779 6.872544e-05 1.213436e-05 1.4792048e-05 0.000152495 4.5095276e-05 9.366544e-06 3.530492e-06 8.5439015e-06 5.3429976e-06 1.0564194e-05 2.366046e-06 4.3428904e-06 3.9684924e-06 1.08587e-05 1.6822967e-05 0.006713042 0.00035621496 3.2543946e-07 2.4055242e-05 2.0267753e-05 0.00025764658 3.497363e-06 0.0007299704 3.156839e-06 1.5190193e-06 3.3650897e-05 1.8474513e-05 1.1923044e-06 0.0010992738 5.323243e-06 7.503984e-06 2.457589e-05 7.078092e-06 3.2764616e-05 0.0001566119 8.396437e-06 4.0394957e-06 1.8718812e-05 6.2973604e-06 0.00011277837 3.6200277e-08 2.1110148e-07 3.07254e-05 2.6765595e-06 7.627208e-06 8.951601e-06
3.013867e-07 0.008837206 0.17608856 0.00013167637 0.0232412 9.157928e-05 0.3103236 3.987347e-06 0.72488344 0.033759896 0.029722774 0.0003746838 0.0076688854 0.0017284688 0.48724055 0.04847319 7.429961e-21 1.5613058e-07 0.00016899357 0.005745702 0.00014495551 6.689303e-06 6.4718595e-05 1.0019525e-05 7.452262e-05 6.5096583e-06 1.5224231e-06 6.5414406e-06 7.69844e-07 0.1716092 0.71652436 0.00021812509 8.9528e-05 1.861997e-06 9.826845e-06 5.427963e-07 4.154138e-07 4.073337e-06 0.030578207 4.066058e-05 1.2751347e-05 2.7176021e-08 6.7894425e-06 1.9992322e-06 0.0004853066 6.3334704e-07 1.12615e-06 5.4822203e-06 3.6356866e-08 2.52478e-06 0.00042677464 4.1779786e-06 3.6695765e-06 2.426063e-07 7.9614637e-07 0.00013374587 1.6569545e-07 1.786487e-05 4.7809986e-06 3.6415129e-06 1.317629e-06 1.1237731e-05 9.596368e-08 2.9932048e-06 1.6152043e-06 1.2624189e-05 3.7816895e-07 1.6627165e-07 2.2133768e-06 3.745728e-05 0.00021372325 1.2065712e-05 3.2260737e-05 1.8319679e-07 5.778946e-05 3.3991853e-07 2.2712435e-08 2.5913334e-05 7.905536e-07 1.4909541e-07 5.4213046e-07 2.784603e-07 9.476845e-08 3.352325e-05 2.1913537e-07 5.0967657e-07 1.0331602e-06 2.106763e-07 7.4869234e-07 1.8905085e-07 0.00015656323 8.212166e-09 4.5934407e-06 4.0679234e-07 6.337663e-07 2.6768834e-08 5.2893e-07 2.5492866e-08 3.9420616e-08 5.9976415e-08 0.00019787862
0.014332045 0.15797372 0.039606523 0.18763115 0.06092318 0.38673282 0.0124850655 0.61529136 1.3457387e-05 3.9335468e-05 0.036003742 0.6798902 0.19306403 5.1350704e-05 1.0706769e-05 0.00013097338 1.5613058e-07 1.2483908e-22 0.4515744 0.000683126 0.9220074 0.30526248 0.043931697 0.3840089 0.61710864 0.3128016 0.75539494 0.064542286 0.3651773 7.637649e-09 1.574121e-08 0.00010679392 9.347529e-06 0.004501429 0.2543178 0.17193426 9.771367e-07 0.26999092 6.987295e-08 0.18677305 0.059271604 0.043126754 0.0066135116 1.2708292e-08 0.039110634 0.007489689 0.015069532 0.012114404 0.004046888 5.1090705e-08 1.1255589e-09 1.646339e-08 8.830511e-06 0.0013885782 1.7792818e-08 4.125548e-10 0.0010275886 0.00037293427 0.00042801007 0.0007781266 3.628086e-05 2.8213336e-09 0.00095764984 2.8996797e-05 0.0005581664 9.839082e-10 0.00040003523 0.0002309333 0.00012293231 3.2001803e-09 2.0182557e-05 5.5647764e-05 0.00011250133 1.6627765e-09 3.3191057e-08 2.5956812e-09 0.00068498135 0.00020735839 1.5620967e-09 0.0003245888 0.0007540614 0.00027461487 4.066097e-05 1.794851e-07 0.00022409222 0.00016019412 0.00014706422 0.0002695518 0.0002030216 3.2683346e-07 0.00031337905 0.00029061484 0.0002652622 0.00011501961 2.3081066e-06 3.4056864e-06 0.0004399339 0.00024169288 0.00010535023 0.00025195032 0.00037878458
0.054151043 0.13594316 0.076084204 0.025224688 0.17397729 0.24041812 0.13344732 0.14646544 0.010911098 9.110605e-06 0.42426226 0.7761616 0.72413397 4.1030344e-06 0.020487607 0.05690846 0.00016899357 0.4515744 1.3227905e-22 0.28697416 0.18188442 0.0110955015 0.92823845 0.6173965 0.59745556 0.6721078 0.46367723 0.00013225868 0.37498397 8.6736617e-07 3.7871232e-06 0.059591338 0.01333438 0.16346838 0.11033504 0.07045541 0.006308009 0.25541452 5.8129506e-05 0.037475646 0.04184064 0.09919799 9.971258e-05 3.9667808e-05 0.017652899 0.07511552 0.025144996 0.00096312317 0.010932815 2.8592783e-06 1.3191051e-06 1.0159646e-06 0.0076557826 0.0060280887 2.2511233e-05 4.2316134e-07 0.00021780227 0.0006780271 0.017329162 0.00020937812 3.595337e-05 9.941769e-08 0.0045914007 0.00010298597 0.00057742605 1.575284e-07 6.5966866e-05 1.9206278e-05 6.1798455e-05 5.1071e-07 0.0010434553 0.0034182959 1.5423783e-06 3.771076e-07 1.4567933e-06 3.3137005e-06 0.00150188 0.0038113685 8.133687e-07 0.001528448 0.0005257935 0.00056751893 7.922771e-06 0.00012561925 8.369443e-05 0.00015658159 1.8071334e-05 6.2654835e-05 6.7338355e-05 1.4023995e-05 0.00270834 1.8144556e-05 0.00033871268 0.00012600765 2.3102615e-05 0.00012331357 1.3364202e-05 0.00018925821 0.00013408891 0.0002015606 0.0007288695
0.035900757 0.0033315327 0.01939204 1.4707626e-06 0.12693211 0.011768908 0.20637546 0.00022503002 0.07738297 3.987552e-06 0.69997233 0.088356175 0.6270348 7.4833974e-07 0.453086 0.8056187 0.005745702 0.000683126 0.28697416 1.0515971e-19 0.00092124613 1.6329406e-05 0.8866602 0.044919256 0.025945256 0.06709765 0.0018731098 3.2188734e-07 0.015511222 0.010278871 0.0116938595 0.7864239 0.77054876 0.408432 0.010378129 0.0048033767 0.25953928 0.012868806 0.4624755 0.00051335816 0.0012673467 0.057327002 5.253855e-06 0.07989738 0.0010941201 0.016570915 0.0007371578 2.4848514e-05 0.0026371966 0.008919288 0.0003724484 0.0042780056 0.14207424 0.00066569675 0.010162612 0.00033195238 4.783452e-06 7.765187e-05 0.010292644 2.0822128e-05 1.8215364e-05 0.000118182936 0.00044208302 2.4000865e-05 6.701611e-05 4.4445325e-05 2.7454778e-06 2.7860042e-06 1.2802708e-05 0.00016897793 0.08052395 0.0071922927 3.2968396e-06 0.0005679382 0.00020786306 0.0035758882 0.00020460162 0.01919365 0.00016610834 3.396619e-05 3.3713917e-05 8.17445e-05 3.2307182e-06 0.005232362 3.13245e-05 1.01184305e-05 6.4257856e-06 1.1993734e-05 3.5051078e-05 0.002134955 0.0016439395 7.618615e-06 2.374653e-05 7.492178e-06 0.0016959627 9.407657e-05 1.0535147e-05 0.0002008581 3.387868e-05 2.3759578e-05 0.00089577545
0.109844275 0.25539172 0.066540994 0.59449774 0.0772162 0.55707663 0.029849367 0.7480617 0.0012155238 0.00047248232 0.055385083 0.58021045 0.12016627 0.0011489524 0.00023225253 0.00027853934 0.00014495551 0.9220074 0.18188442 0.00092124613 1.1340964e-21 0.549971 0.019028 0.21514629 0.56040156 0.113825165 0.87941885 0.35962868 0.2434155 7.7657605e-06 3.2612284e-06 0.0001892631 0.0002789761 0.0031838466 0.33552784 0.2913308 6.7560113e-06 0.2653831 4.4403507e-05 0.49170178 0.21081275 0.11332443 0.2966248 5.101767e-08 0.2239348 0.004850563 0.15612994 0.062298592 0.007271693 6.2422615e-08 1.7884002e-08 4.7444434e-08 2.8092438e-05 0.020367593 3.0878826e-07 1.1509596e-08 0.014999205 0.0042003393 0.0017026193 0.004930516 0.0013587384 6.2965015e-08 0.0027739455 0.0011600844 0.0022312738 3.6780357e-09 0.0051647397 0.004090891 0.0025026274 1.967139e-08 9.459243e-05 0.0013069222 0.01478779 6.8828876e-09 1.9288031e-07 3.049456e-08 0.002038092 0.00092583976 9.950344e-08 0.0014126608 0.0023692762 0.0014326496 0.0028444168 3.7691993e-07 0.0011164128 0.00081048557 0.0027646518 0.00096071564 0.0036426713 1.8529115e-06 0.0013021596 0.0020879668 0.00094572915 0.00050730235 4.218303e-06 0.00021932574 0.005333684 0.0014861488 0.00032117215 0.00032258945 0.00071103463
0.010376531 0.03487932 0.008819479 0.21081665 0.0041389675 0.099324845 0.00041889903 0.2925854 1.5004211e-05 0.00018029065 0.0012465209 0.06627296 0.0047676056 0.0027606513 4.5001e-06 1.3567014e-06 6.689303e-06 0.30526248 0.0110955015 1.6329406e-05 0.549971 7.449885e-21 0.00018585942 0.010050873 0.046418857 0.002399684 0.35073754 0.95669127 0.0058805915 2.3226803e-06 9.111078e-07 1.96877e-06 5.200466e-06 6.7332505e-05 0.060161218 0.08696759 1.6982698e-07 0.0068274564 1.3299398e-05 0.34322342 0.084995635 0.007716181 0.40165517 4.2952493e-08 0.09783573 0.00021118355 0.010600086 0.07609166 0.0028377431 1.3654618e-06 1.3744241e-08 5.3569335e-07 3.0165042e-05 0.006313808 2.0709307e-07 4.7650666e-08 0.014717977 0.0042287596 0.00025445168 0.004608281 0.0022544481 1.8379177e-07 0.00044253757 0.0029178718 0.000930968 1.8347112e-09 0.007015667 0.0024820108 0.004450942 6.6545773e-09 0.00012283961 0.001131569 0.057384633 1.9862085e-08 5.0724445e-08 8.8932916e-07 0.00070211646 0.000330909 1.4210125e-08 0.0004380564 0.0035854464 0.0010384192 0.004887075 1.0367662e-05 0.001149745 0.00070126186 0.0058752494 0.0018805424 0.002098101 1.1863265e-05 0.00044555753 0.004968504 0.0020054309 0.00027939866 3.1782351e-06 6.4651846e-05 0.013573842 0.0012716362 0.00068247586 0.0004247299 0.0010385945
0.120212555 0.009413335 0.015322266 5.748464e-06 0.08637854 0.04913807 0.09259702 0.007206691 0.008816001 3.6701766e-07 0.4697011 0.45160374 0.60955757 1.630978e-07 0.034600105 0.19232294 6.4718595e-05 0.043931697 0.92823845 0.8866602 0.019028 0.00018585942 7.17731e-22 0.4081274 0.28848723 0.5187022 0.103817105 3.7483977e-07 0.33292174 7.349485e-05 2.6825379e-05 0.6214097 0.27557173 0.637147 0.07435425 0.07153214 0.06301149 0.21129905 0.0048967837 0.0018199538 0.016363416 0.24347126 1.7490274e-06 0.004218293 0.0012863227 0.08910021 0.009969942 3.8647853e-05 0.017154912 0.00045532503 5.652616e-06 0.00019309098 0.18014553 0.010431479 0.0013091326 2.8922754e-05 1.8172854e-05 0.00017573638 0.058909003 2.2296952e-05 1.1390862e-05 1.3596222e-06 0.0026990254 3.7715297e-05 0.00026193465 2.602725e-06 6.993602e-06 2.5606807e-06 2.0387208e-05 1.4789747e-05 0.012428175 0.02779107 6.956335e-07 3.2836342e-05 3.5725498e-05 0.00027116842 0.0020673512 0.024587026 1.12859325e-05 0.00022033414 0.00014964507 0.00017256875 4.94468e-06 0.0014275229 6.710955e-05 5.9789872e-05 1.0622536e-05 2.8849641e-05 1.5369962e-05 0.0005091099 0.013664168 1.248685e-05 8.0425074e-05 3.1937387e-05 0.0007494551 0.0004844003 7.971237e-06 0.00011438386 9.7320015e-05 6.9005815e-05 0.00343067
0.061470672 0.052418448 0.015698921 0.07660264 0.048962094 0.14319797 0.03900578 0.16749412 0.0015163496 3.6859067e-06 0.092000075 0.4571414 0.20564736 8.142632e-06 0.00201683 0.006198231 1.0019525e-05 0.3840089 0.6173965 0.044919256 0.21514629 0.010050873 0.4081274 7.4816035e-23 0.84661585 0.9155794 0.640851 0.00033488407 0.7000391 2.10926e-07 1.7137266e-06 0.0040190937 0.0017739584 0.05167604 0.19987813 0.07626882 0.0011389457 0.46020335 1.3332632e-05 0.04787939 0.044885464 0.08297081 0.00044715338 3.8162657e-06 0.019109633 0.07949895 0.053811047 0.0013813882 0.0098739145 7.3431227e-07 2.3705711e-07 7.277839e-07 0.003838156 0.012409443 1.477365e-05 1.1401122e-07 0.00026045676 0.0016612791 0.015407952 0.00055962155 0.00012965605 2.0054285e-08 0.0091568455 0.00043273903 0.0016695149 2.6934616e-08 7.706991e-05 2.7465663e-05 0.00014282214 1.8215587e-07 0.00017643346 0.0029831016 7.08346e-06 2.98371e-07 4.7104433e-07 1.5351524e-06 0.0029163656 0.0024839903 2.1699584e-07 0.0039054845 0.0022005034 0.00068100024 4.5917834e-05 7.437785e-05 0.00028487455 0.00039898194 7.45121e-05 0.00015938189 0.000111497844 5.387713e-06 0.0048006037 9.3114286e-05 0.0009006173 0.0003207748 9.793613e-06 0.00087832974 1.8277153e-05 0.0007759487 0.00040607995 0.00055677415 0.0015076274
0.25366652 0.10541139 0.02369866 0.2669839 0.0920135 0.32234588 0.08125311 0.40407005 0.0060798717 2.1475718e-05 0.12819117 0.6035376 0.25811204 3.82204e-05 0.003956997 0.0050349347 7.452262e-05 0.61710864 0.59745556 0.025945256 0.56040156 0.046418857 0.28848723 0.84661585 6.0320384e-22 0.7321036 0.9122617 0.003110134 0.7623185 3.2918996e-07 7.544289e-06 0.00095759326 0.00058603444 0.02505946 0.44507366 0.19293222 0.0003112355 0.6058148 1.454333e-05 0.13507336 0.12056229 0.116679356 0.0030795748 1.0826774e-06 0.055494152 0.062050894 0.15810053 0.004404889 0.0115995435 3.0850833e-07 2.9123422e-07 2.4866006e-07 0.000896914 0.017614212 2.812596e-06 4.4544173e-08 0.0009635932 0.0053696316 0.013822239 0.0015342326 0.00058961863 1.941364e-08 0.014111482 0.0010355148 0.003583669 1.172828e-08 0.00046726887 0.00019014778 0.0006305095 3.837897e-08 0.00012863846 0.0020137394 0.000111868285 5.8693992e-08 1.981729e-07 2.502208e-07 0.003748221 0.0016989585 6.7963086e-08 0.0064741257 0.0046526096 0.002602714 0.0003089236 1.4547421e-05 0.0011425139 0.00083000364 0.000201551 0.00057370536 0.0014278897 1.0475432e-06 0.005413334 0.0006676674 0.0013836665 0.00064172345 2.5890226e-06 0.0010395136 0.00038846838 0.004760673 0.0010890446 0.0013019119 0.0018054033
0.10970273 0.03040335 0.010841122 0.023378577 0.049686294 0.09764317 0.038264282 0.09366168 0.0015676755 3.9101874e-06 0.08855291 0.4203941 0.22464693 6.856404e-06 0.0026996508 0.006404539 6.5096583e-06 0.3128016 0.6721078 0.06709765 0.113825165 0.002399684 0.5187022 0.9155794 0.7321036 2.2644005e-23 0.57178485 0.00015923695 0.87914747 5.289744e-07 3.305532e-06 0.008606233 0.0028704945 0.107227616 0.15980528 0.06414856 0.002132687 0.56782216 9.814909e-05 0.014412954 0.021616824 0.13430302 3.2801352e-05 3.3742064e-05 0.0051383744 0.14133534 0.036797304 0.00035202564 0.01715088 5.18731e-06 7.4489e-07 4.668608e-06 0.006340902 0.014252771 3.6174308e-05 6.0858343e-07 0.00013251916 0.0011161626 0.025809608 0.0002595448 8.129003e-05 9.755989e-08 0.018697457 0.0004899722 0.0011310139 1.1018356e-07 4.9317874e-05 9.509194e-06 8.210602e-05 1.1893312e-06 0.00021574162 0.004477585 3.2681621e-06 1.8334335e-06 1.5081313e-06 7.634267e-06 0.0035282052 0.0023479604 1.3944981e-06 0.0038546852 0.0031315973 0.0005720093 7.7858014e-05 0.00020471442 0.00037693363 0.00035823684 1.729212e-05 9.560355e-05 4.6835536e-05 6.405549e-05 0.008788769 4.1188163e-05 0.0006345051 0.00021526808 5.331446e-05 0.0013906972 9.096818e-06 0.0007860506 0.00037293325 0.0006395984 0.003133347
0.16628154 0.055960733 0.02093212 0.06450005 0.046961468 0.24370645 0.019753428 0.3366037 7.277291e-05 5.561404e-06 0.06724345 0.5025471 0.19286343 9.254571e-06 0.00013373887 0.0006286986 1.5224231e-06 0.75539494 0.46367723 0.0018731098 0.87941885 0.35073754 0.103817105 0.640851 0.9122617 0.57178485 2.3477822e-20 0.06993179 0.7806696 3.557654e-07 1.0154521e-06 0.00061671843 0.00017871028 0.012888106 0.5912564 0.517015 1.9294553e-06 0.5887309 3.6824687e-07 0.45138055 0.44416997 0.12357653 0.03968145 3.1328366e-08 0.2657655 0.021860857 0.33683863 0.07817126 0.024667824 8.677484e-09 3.8664183e-09 1.3701413e-09 2.9286368e-06 0.059506014 2.7275657e-09 2.5707259e-09 0.0056026448 0.017138364 0.00464915 0.004742981 0.0018103791 7.0399003e-10 0.009853863 0.0015645145 0.008768773 8.544027e-09 0.00089214224 0.0012333081 0.0015159361 1.4690427e-08 9.67097e-06 0.000119458186 0.00015492113 3.7079435e-09 1.2329374e-07 3.4871397e-09 0.006037084 0.00013999 6.897685e-09 0.0063084424 0.0072800643 0.0026659647 9.251054e-05 9.479087e-08 0.00091239956 0.00090705435 0.0007940101 0.00065553235 0.002769955 9.868787e-08 0.0040696235 0.0006734182 0.0008493209 0.0004663562 5.119181e-06 0.00030645845 0.0011603676 0.003024227 0.0007971645 0.0013506354 0.0011745507
0.034242895 0.019564318 0.004641957 0.1689301 0.00038682902 0.026557662 0.00023110866 0.117667586 3.088327e-05 0.00016646039 5.78691e-05 0.0038744726 0.00033618242 0.0055905376 2.5418972e-06 1.4593351e-06 6.5414406e-06 0.064542286 0.00013225868 3.2188734e-07 0.35962868 0.95669127 3.7483977e-07 0.00033488407 0.003110134 0.00015923695 0.06993179 1.6549063e-18 0.00068227213 3.342735e-07 1.3208586e-06 3.2294245e-08 1.7885743e-06 2.9631545e-07 0.01420189 0.010233331 6.266941e-07 0.00084479223 6.743263e-07 0.31716463 0.01683703 3.1474854e-05 0.6915535 4.3795592e-07 0.093784444 3.613135e-05 0.0019138262 0.1700996 4.811092e-05 3.5464332e-06 3.780485e-09 8.3843055e-08 2.0733238e-05 0.0002890945 1.2974205e-07 1.8012857e-08 0.027215194 0.0036962791 3.8159546e-05 0.011176826 0.0028376677 1.0548035e-07 2.9732348e-05 0.0006344933 0.0001245205 1.576166e-09 0.015645398 0.010202757 0.0026776139 3.851565e-09 3.800791e-05 5.6314297e-05 0.3467448 3.7431622e-08 3.5723634e-08 5.771257e-07 3.2997355e-05 4.566927e-06 5.5016427e-09 7.901274e-06 0.0017038018 0.00070253375 0.00959243 1.8734751e-06 0.0010014324 0.00029574506 0.014453981 0.0018132871 0.005982378 6.146198e-08 3.279757e-05 0.0068918187 0.00018342555 0.00015326861 8.68479e-08 4.0565453e-07 0.09033204 0.002458795 0.00016805017 5.666106e-05 0.00030714547
0.34586826 0.016140334 0.007126552 0.008833671 0.028300893 0.08508503 0.029915527 0.09029791 0.0008713611 7.6846356e-07 0.045724016 0.36477578 0.11350566 1.1505482e-06 0.00061583094 0.0043243296 7.69844e-07 0.3651773 0.37498397 0.015511222 0.2434155 0.0058805915 0.33292174 0.7000391 0.7623185 0.87914747 0.7806696 0.00068227213 4.0542634e-22 1.3427932e-06 1.5538601e-06 0.0027761261 0.0013019014 0.09717091 0.44748744 0.25748473 0.00314051 0.9222218 4.129107e-06 0.0678443 0.14742628 0.25508225 0.00019403297 2.6312251e-05 0.021311361 0.12882942 0.14387894 0.0021374598 0.039682698 2.697233e-06 8.1155825e-08 9.078535e-07 0.004275073 0.06712629 2.370485e-05 1.5774098e-07 0.0004627069 0.0044453004 0.032956794 0.000433367 0.0004530964 6.367901e-09 0.043579116 0.0011021021 0.008315181 1.8383446e-08 0.00013417372 2.9290266e-05 0.00015604479 2.51095e-07 5.431085e-05 0.006464923 6.373938e-06 2.2529638e-07 1.0552307e-06 1.5322051e-06 0.0114892945 0.0014467479 2.9715846e-07 0.009650103 0.005220283 0.0024179122 0.00011429444 3.113538e-05 0.0013874172 0.0013733997 4.4598175e-05 0.00018442818 0.00023565679 2.609275e-05 0.018098285 0.000100819576 0.0011525565 0.00063467096 8.513665e-05 0.0042176796 7.323038e-05 0.0020996348 0.00086034543 0.0013628991 0.0051932647
9.927753e-07 4.288572e-05 0.00038533524 9.7021555e-08 0.00017435917 2.219932e-06 0.0007335102 1.4952971e-07 0.00087640603 1.0264778e-06 0.0007936687 4.393548e-07 1.586498e-05 1.69002e-07 0.044361692 0.014381746 0.1716092 7.637649e-09 8.6736617e-07 0.010278871 7.7657605e-06 2.3226803e-06 7.349485e-05 2.10926e-07 3.2918996e-07 5.289744e-07 3.557654e-07 3.342735e-07 1.3427932e-06 1.5895868e-23 0.7480734 0.0012461733 0.031155983 7.3490286e-05 1.0763126e-05 2.9338154e-05 0.00023767498 2.2374232e-05 0.65622073 0.0004750708 1.9533138e-05 3.6280686e-05 0.00014851055 0.0051785246 0.0013996384 8.804418e-06 0.00012983447 0.00051719847 1.2557212e-05 0.000448601 0.019507766 0.0015413227 4.4101344e-05 0.00045945714 4.26571e-05 0.016716419 3.7952384e-05 8.3970255e-05 2.9399887e-05 0.00019660551 1.6270895e-05 0.0064722705 3.0777657e-05 0.00020208702 0.00031183712 0.0010482064 3.828154e-05 1.8067407e-05 0.00011573162 0.001391545 0.00032352848 7.348776e-05 4.486131e-06 3.222028e-05 0.0016283967 7.034338e-06 8.736198e-05 9.6381504e-05 9.5891184e-05 7.4083495e-05 0.00037031696 7.778246e-05 1.7020622e-05 0.0005086268 0.00014971614 0.00018955048 0.00011989704 0.00015874433 3.4031917e-05 6.360619e-05 0.00025506612 3.0489986e-05 0.00066457083 0.00011462267 5.042063e-05 8.746614e-06 2.1547378e-07 1.2343846e-05 3.8638675e-05 7.50655e-05 5.7679837e-05
