1.9403472e-33 0.4196346 0.50513124 0.50983745 0.21008 0.04665674 0.049562804 0.7501467 0.010581125 0.0021049057 0.01614299 0.010331337 0.040173955 0.30740258 0.35505518 0.20560499 0.01729482 0.0034165992 0.78092504 0.6344376 0.0024539228 0.012968801 0.7889257 0.050704505 0.6423034 0.433241 0.010538038 0.8858098 0.027351262 0.0014204083 0.076443076 0.3337605 0.10645609 0.54805887 0.2506756 0.007137363 0.0028747623 0.5079179 0.3237918 0.6820638 0.00061641354 0.0018989607 0.9308062 0.9543764 0.4675682 0.9747366 0.9905341 0.40163034 0.51668733 0.99182564 0.08861248 0.09609968 0.14301649 0.00040121278 0.017981255 0.00058044033 0.0016617258 0.030921858 7.97723e-06 0.0032094312 1.9946463e-06 0.6268399 0.113752745 0.9968581 0.94214123 0.45881054 0.9790806 0.17202817 5.0733237e-05 2.185486e-06 0.09387299 0.052014448 0.9956152 0.006832084 0.99839884 0.001370682 4.3243315e-05 0.02359223 4.3795837e-05 5.943456e-07 0.9965878 0.53085464 0.0554321 0.3190829 2.611974e-05 0.0003862048 1.0105261e-06 5.2181617e-06 0.0018968857 2.873866e-06 0.6939018 0.99404734 0.98398894 1.4077413e-06 2.0598845e-05 0.94112587 0.99893093 0.004768149 4.5162676e-07 0.015688451 3.820143e-08
0.4196346 3.480326e-18 0.8925054 0.13845079 0.19454058 0.4487826 0.25930974 0.1136867 0.35477018 0.23747611 0.18722607 0.104289204 0.047476772 0.03370413 0.0866631 0.036188725 0.10220357 0.0892876 0.051727213 0.023530532 0.06314497 0.10214265 0.024282053 0.012561124 0.0213801 0.02241476 0.018505877 0.073696956 0.044168748 0.07916896 0.037045874 0.02023171 0.034947377 0.026646433 0.03546541 0.004105949 0.005344356 0.004383266 0.0053694984 0.012658424 0.0023028213 0.0016425488 0.034438495 0.004332687 0.000699662 0.068197146 0.058665715 0.0065947305 0.0029041285 0.08043282 0.0036081558 0.002231841 0.00077006035 0.008231288 0.02102902 0.009906824 0.0004826789 0.0013716359 0.0014522985 0.0018325982 0.00064814946 0.0038246713 0.028312262 0.02761694 0.0036604004 0.0011858131 0.0032951632 0.0009081523 0.0007197191 0.00043206976 1.2679486e-05 0.00053265516 0.005884914 3.0472687e-05 0.06162737 0.00041293332 0.00048090098 0.003817671 0.00056252116 0.00014907317 0.0043003433 0.00024632193 9.727654e-06 1.5788313e-06 4.7389607e-05 0.00010914355 2.6417123e-05 0.0001238106 1.7833003e-05 6.2672036e-05 0.06718093 8.420346e-05 4.327285e-05 2.9012705e-05 1.3338163e-05 3.0525276e-05 0.0069773807 4.350501e-06 0.00030234843 1.5385609e-05 0.00015442977
0.50513124 0.8925054 2.500138e-18 0.5257122 0.5287858 0.10602926 0.06060058 0.32203966 0.121715076 0.09656944 0.2179652 0.020940863 0.012055285 0.06120842 0.19381134 0.0668799 0.11544145 0.018390372 0.18113142 0.09134735 0.082570076 0.110003665 0.13541341 0.004934211 0.019107515 0.08189326 0.0014749113 0.089044206 0.07825154 0.016271595 0.07314963 0.060337216 0.087761 0.081960805 0.0871679 0.0008245752 0.00225325 0.024263 0.020654349 0.008284498 0.0005590327 0.00018088431 0.04128552 0.017348226 0.0017452996 0.09164084 0.23703776 0.026550373 0.004170696 0.22625095 0.0050811414 0.0022445777 0.001396958 0.006449174 0.041283257 0.0066916607 2.5135403e-05 0.0041167373 1.6690681e-05 8.83771e-05 0.00018797927 0.0085351635 0.0070285182 0.14580779 0.0061506913 0.0023955568 0.0029924645 0.0010485343 6.0207174e-05 2.7796788e-05 2.8698469e-05 0.0010179795 0.008678846 7.074235e-05 0.1410086 0.0009270904 7.6708784e-05 0.0006968306 0.00020567997 5.989662e-06 0.005712581 0.00033636793 1.1461168e-05 1.3542195e-06 1.2714433e-05 0.00011609399 2.7681483e-06 2.9591927e-05 2.8525199e-05 2.174261e-05 0.022808837 0.00013930083 5.548015e-05 1.3273169e-05 1.1779187e-05 4.5388842e-05 0.01789145 6.2683184e-06 4.3408712e-05 1.1169011e-05 6.4985084e-05
0.50983745 0.13845079 0.5257122 1.4024718e-18 0.8444163 0.011235916 0.004141445 0.7157137 0.016545918 0.023306139 0.07030767 0.0011746639 0.0023565218 0.15907106 0.14546019 0.13323078 0.06265355 0.0018894399 0.3258145 0.3832704 0.036133576 0.041048195 0.62596214 0.0024202631 0.0076468624 0.1219872 0.00016283074 0.032028895 0.037129693 0.0024299256 0.050430674 0.10557721 0.068155095 0.2636163 0.091780186 0.0003124167 0.0008424827 0.04293025 0.040828377 0.0023310338 0.0001481494 6.8836234e-05 0.013214023 0.0477302 0.005457784 0.029943733 0.43180674 0.05349268 0.0077726482 0.4412963 0.007386924 0.005255958 0.003848116 0.002155412 0.018958485 0.0016105861 3.1838736e-05 0.004634559 1.1710682e-05 3.8849175e-05 5.9427417e-05 0.016539315 0.003420797 0.34208515 0.0181706 0.004705505 0.015344602 0.0018736254 2.7850479e-06 1.9223211e-05 0.00011195217 0.0024193088 0.038835354 0.00041640346 0.18063551 0.0015073952 0.00011926559 0.00010162698 0.00031614216 3.1787656e-06 0.02833333 0.00059803395 0.0001519015 2.4898896e-05 1.7576564e-05 0.0001239642 2.4449266e-06 1.4733929e-05 0.00014379564 2.580832e-05 0.018248852 0.0005634057 0.00012222985 1.966842e-05 1.6254053e-05 0.0002479323 0.025693484 5.683554e-05 2.3387383e-05 3.0362977e-05 2.8629525e-05
0.21008 0.19454058 0.5287858 0.8444163 6.052371e-21 0.037950948 0.024111085 0.18008222 0.05067492 0.058129814 0.39173368 0.013244159 0.0043047727 0.06614639 0.7041325 0.04980257 0.3526367 0.012398968 0.48299563 0.22496599 0.1278896 0.13010047 0.17520016 0.0018176052 0.008479608 0.1714264 0.0014893882 0.029719438 0.07212587 0.014971681 0.08767962 0.15382633 0.088121526 0.3400706 0.10747389 0.00057176827 0.0006459958 0.110031135 0.09043662 0.006010537 0.00029223095 0.001585664 0.011116314 0.055474523 0.025138129 0.018262815 0.19918972 0.10396257 0.015965048 0.16398226 0.014734688 0.013035357 0.012361589 0.015187348 0.055903338 0.009204918 0.00032545702 0.010118099 0.00028985945 0.00027697728 0.00022020728 0.036019254 0.008496222 0.10990106 0.023859147 0.022281155 0.022102604 0.009956824 3.179774e-05 0.00020409083 0.0006795474 0.00749991 0.060399245 0.00026781607 0.063888215 0.0022484695 0.00060781837 0.0005947218 0.0017677858 1.6420294e-05 0.040600225 0.006094974 0.000441992 0.00015138954 3.685663e-05 0.00013107271 5.2964956e-06 8.044065e-05 0.00010807844 5.4310232e-05 0.032029513 0.003167196 0.0015521246 2.3460923e-05 1.3836592e-06 0.0013969206 0.018207073 8.419936e-05 4.6227065e-05 0.00025002848 7.336382e-05
0.04665674 0.4487826 0.10602926 0.011235916 0.037950948 7.0494514e-22 0.802048 0.013292912 0.53331727 0.30655652 0.065864876 0.63467014 0.10160414 0.003942581 0.006950523 0.0072975433 0.012707876 0.41762596 0.004267663 0.0041006836 0.011924688 0.007593616 0.0021173682 0.012727336 0.016580923 0.0025664507 0.14829947 0.051608156 0.0032711977 0.15570809 0.0027748423 0.0013726194 0.0013263889 0.0028843302 0.0009510559 0.010159103 0.0026325604 0.0004898965 0.00040651337 0.0035370304 0.0017723098 0.023165235 0.012664008 0.00052903173 1.881887e-05 0.01862025 0.0016375451 0.0017183779 9.534324e-05 0.0025369995 9.539736e-05 5.4235803e-05 2.8615797e-05 0.0043249484 0.001049722 0.008086681 0.000688494 2.1340422e-05 0.0038205427 0.00059567485 0.00031733958 0.0006910911 0.0023100635 0.0005079448 0.00048333095 4.965337e-05 6.83828e-05 1.4917293e-05 0.00071485277 0.0006169608 2.463044e-07 2.7550055e-05 0.0003545603 2.97465e-07 0.002147273 3.2500789e-06 1.7830265e-05 0.00087074976 9.426985e-05 0.00016525148 0.00023483299 3.765364e-06 3.2509544e-07 1.5093521e-07 3.9220786e-06 7.855907e-06 2.678338e-05 7.894801e-05 5.858927e-07 1.0400104e-05 0.0041243113 1.1965269e-06 2.3511048e-07 3.2040666e-06 3.8472658e-07 8.361401e-07 0.0009276649 3.8645013e-07 0.00045382962 8.076634e-07 2.2314225e-05
0.049562804 0.25930974 0.06060058 0.004141445 0.024111085 0.802048 1.4066964e-22 0.0036893697 0.21615109 0.05504985 0.025692282 0.63261163 0.6239304 0.0013355431 0.0016866182 0.0022147715 0.0025961546 0.31138518 0.00072893425 0.0010604848 0.003186384 0.0015891974 0.00028283882 0.1483954 0.052563522 0.0003394317 0.57390594 0.10056418 0.00052865094 0.060302068 0.00025554502 0.00020857475 0.00020786366 0.00050737686 0.00024896036 0.11489563 0.026549125 0.00013482108 0.00012118511 0.027995333 0.02180856 0.119988754 0.042223237 9.5503856e-05 4.3777113e-06 0.049323726 0.0007690135 0.0003146728 2.1932334e-05 0.0015254155 3.0562707e-05 1.3891098e-05 1.0745947e-05 0.00050877064 0.00021375525 0.0010646604 0.016355889 8.2140905e-06 0.004130064 0.0055573275 0.0001463049 0.0001236256 0.00920818 0.00069286034 0.00014296305 1.1285782e-05 5.74759e-05 2.8373574e-06 0.000184287 0.002914647 8.258098e-08 9.225772e-06 0.00044890583 1.1910752e-07 0.0015933758 1.1762589e-06 2.6635753e-06 0.0029596346 2.0962936e-05 2.8283004e-05 0.0002854655 6.6175045e-07 5.285808e-08 1.3724646e-08 5.96186e-07 1.4509686e-06 0.00036221446 1.2142475e-05 3.2898654e-07 2.713764e-06 0.0069058645 3.6023067e-07 5.010175e-08 7.6156476e-07 1.872222e-07 3.6466247e-08 0.001064027 3.209221e-07 0.0006632798 1.0893935e-07 5.553449e-06
0.7501467 0.1136867 0.32203966 0.7157137 0.18008222 0.013292912 0.0036893697 1.4168515e-17 0.013550963 0.019346563 0.048598934 0.0010503067 0.0011466313 0.7259277 0.07458164 0.66294897 0.03825373 0.0022937744 0.14117421 0.22875355 0.022886608 0.023724541 0.5342984 0.0006838358 0.009807142 0.03181115 8.8075045e-05 0.105511494 0.015279847 0.002567185 0.0161064 0.023326023 0.03093469 0.099285804 0.025209982 0.00022273096 0.0003789593 0.013780843 0.004186963 0.0013640727 0.00024331942 8.689251e-05 0.017971836 0.01843688 0.00049936783 0.06551573 0.54373205 0.01752306 0.0010083348 0.6123728 0.001328318 0.00061287836 0.00036029928 0.0014687234 0.01127752 0.0013287355 0.00012747257 0.0019520532 1.7809838e-05 8.151127e-05 4.9117123e-05 0.003631042 0.0024553742 0.3851477 0.0052314214 0.00045275598 0.009081628 9.604622e-05 3.3605036e-05 3.8098093e-05 1.9865089e-05 0.0001692079 0.031549066 0.00010125549 0.17692094 0.0014075607 0.00010025848 9.1912545e-05 0.00025026943 1.3409165e-05 0.024663677 4.7558482e-05 1.2329117e-05 8.555426e-07 2.314831e-05 0.00021883998 3.4574746e-06 9.5837255e-05 7.717738e-05 5.7791385e-05 0.027036728 0.00022744539 1.1341467e-05 3.4588218e-05 2.1201748e-05 8.819183e-06 0.043687046 3.286244e-05 5.2539777e-05 8.946403e-06 7.119059e-05
0.010581125 0.35477018 0.121715076 0.016545918 0.05067492 0.53331727 0.21615109 0.013550963 2.4817949e-21 0.793538 0.24027008 0.42634904 0.009965112 0.0027152423 0.023289347 0.0034443422 0.053149235 0.52161705 0.01557314 0.0083138095 0.03894401 0.040806245 0.004556817 0.0012654772 0.009552878 0.010592775 0.015040473 0.017916825 0.020861346 0.6342744 0.026168592 0.011500739 0.018225364 0.013233622 0.012953975 0.0008829961 0.0011554073 0.0062707528 0.005170875 0.0022869508 0.0007216704 0.0036871587 0.0061802994 0.002634061 0.0009776942 0.0074398313 0.004301032 0.0063624424 0.0019262923 0.0048097027 0.002412076 0.0011616386 0.0012836574 0.044912245 0.015942538 0.054323133 0.0006322418 0.0007233958 0.012045295 0.0010147983 0.0012276203 0.0024386325 0.004095579 0.0015729408 0.0037544265 0.0008835748 0.0016965201 0.0005476175 0.0024013014 0.00041493654 8.8935456e-05 0.0006447599 0.0027846643 2.7370066e-05 0.0032084978 5.2762014e-05 0.0030322247 0.0016127881 0.006184294 0.0008497235 0.002477932 0.00015570482 3.1317333e-05 1.39528365e-05 0.00022011783 9.511288e-06 2.2238552e-05 0.0007557514 2.1903217e-05 0.00029717138 0.0077314177 0.00040159174 6.37734e-05 2.745372e-05 5.289936e-07 4.035255e-05 0.0015177132 2.0942993e-05 0.00041271618 8.453773e-06 4.5246266e-05
0.0021049057 0.23747611 0.09656944 0.023306139 0.058129814 0.30655652 0.05504985 0.019346563 0.793538 8.80624e-23 0.24995372 0.116576105 0.0039238203 0.0047625843 0.027291827 0.0054569826 0.039816607 0.23714939 0.016889628 0.009316656 0.037262946 0.03485054 0.004180496 0.0008390766 0.0049513313 0.015060409 0.0019202058 0.0068743574 0.020701796 0.48502538 0.02932016 0.016087502 0.023778899 0.0108905975 0.02325574 0.000114047165 0.00022442799 0.0036831277 0.0066495156 0.0017718306 8.9676e-05 0.00059379183 0.004162006 0.0013829061 0.0010891801 0.0046688598 0.003773352 0.0054719206 0.0041342056 0.0044577583 0.0038005577 0.0019359991 0.0011151268 0.04376818 0.016852725 0.04490411 6.433515e-05 0.0016390397 0.005170663 5.85814e-05 0.00059812574 0.0005783194 0.00068088074 0.0004285933 0.0014919328 0.0004028879 0.0004452494 0.0003426808 0.0012389052 0.00019525531 5.2305302e-05 0.00042927562 0.00074334804 1.0191286e-05 0.0008813076 3.8399205e-05 0.0021904346 9.189792e-05 0.0047199614 0.00043087773 0.00057358365 9.7735676e-05 5.521202e-05 2.3007455e-05 8.3829436e-05 1.2837246e-05 1.326039e-05 0.00045838533 1.1322328e-05 0.00013783293 0.0008805259 2.6217169e-05 8.0687816e-05 5.4144228e-05 3.1629037e-07 4.4382425e-05 0.00017448791 1.507508e-05 0.00037913062 1.4991716e-06 9.24391e-05
0.01614299 0.18722607 0.2179652 0.07030767 0.39173368 0.065864876 0.025692282 0.048598934 0.24027008 0.24995372 4.5600205e-21 0.03344873 0.0024809586 0.014834266 0.3462426 0.014146698 0.7371535 0.029125951 0.13229428 0.043808673 0.35412255 0.39035732 0.02869029 0.00076160184 0.00544419 0.05226111 0.0014182506 0.013954283 0.1696775 0.10787777 0.18617295 0.052714806 0.12386917 0.056444153 0.08596187 0.00025731142 0.00022263265 0.023193812 0.026078267 0.0019779815 0.00018510799 0.0008101756 0.0039416016 0.005001361 0.009854578 0.004296053 0.01091789 0.02088166 0.010061931 0.008632911 0.0113868825 0.009165154 0.0037372916 0.057346076 0.08621498 0.048619602 0.00025016777 0.0068776524 0.00032641535 0.00016117084 0.0001880987 0.006550749 0.0026207159 0.0030194575 0.00565962 0.005823846 0.0020346236 0.004873894 0.0002603646 6.8905e-05 0.00013528153 0.002927897 0.0017669683 4.5366127e-05 0.002752755 0.001380248 0.0055714375 0.00047871168 0.007396373 2.2668151e-05 0.0019383081 0.0010649371 0.00012285238 0.000107214364 0.00013476322 0.0002291458 9.411063e-06 0.0003332605 4.690907e-05 0.00010381152 0.0047116955 0.0009445254 0.00031486788 4.309868e-05 3.113293e-06 0.00028345615 0.0025749344 2.710036e-05 3.3781216e-05 8.6796266e-05 6.517414e-05
0.010331337 0.104289204 0.020940863 0.0011746639 0.013244159 0.63467014 0.63261163 0.0010503067 0.42634904 0.116576105 0.03344873 3.2936924e-22 0.14386708 0.00034137152 0.0009605296 0.00026527813 0.002736751 0.8033542 0.0002883326 0.00041922135 0.0035011976 0.0027653333 0.00020103651 0.022295067 0.011582404 0.0005518007 0.3204569 0.011455722 0.0012423719 0.3654531 0.0005060492 0.00034805632 0.00042590738 0.00056168943 0.0007989485 0.012931966 0.0052030706 0.0003404347 0.00043674035 0.010472771 0.002797466 0.106692284 0.005132255 0.00011681354 2.5854484e-05 0.0057687643 0.00036632078 0.0004739302 0.00020434812 0.00063566136 0.00016600556 7.9372505e-05 7.506636e-05 0.0014105628 0.0010964975 0.0023714192 0.0025841163 5.1389106e-05 0.11028663 0.00092218147 0.0017823187 0.000539906 0.002582477 0.00029376076 0.00047841892 0.000110786736 0.00024916063 5.6021774e-05 0.00075132074 0.015435778 8.085065e-07 6.7686866e-05 0.00048120422 7.971081e-07 0.0009951148 1.0590765e-05 1.5664258e-05 0.00093308254 0.0001016389 0.00024708066 0.00019761533 8.553547e-06 7.1148975e-07 3.084845e-07 4.453551e-06 6.805279e-06 0.0028822483 3.4976983e-05 1.0002868e-06 9.633028e-06 0.003763322 2.760289e-05 6.202905e-06 8.708626e-06 9.108915e-07 1.618319e-06 8.636418e-05 8.368413e-07 0.0033105344 1.3753487e-06 0.00011075135
0.040173955 0.047476772 0.012055285 0.0023565218 0.0043047727 0.10160414 0.6239304 0.0011466313 0.009965112 0.0039238203 0.0024809586 0.14386708 1.6734736e-20 0.00024451225 0.00012958744 0.0005528117 0.00020632004 0.033878233 8.511773e-05 0.00038515212 0.00048112668 0.00013472726 0.0004132501 0.7938425 0.2305875 2.1712563e-05 0.7072181 0.10224314 7.884921e-05 0.0067895856 1.1378789e-05 2.5684938e-05 2.171569e-05 0.0001970626 6.626896e-05 0.4846582 0.28724104 7.6668555e-05 3.3118635e-05 0.2811416 0.16809434 0.12294411 0.151297 1.13632605e-05 1.6021365e-06 0.12840407 0.0006248379 0.00017257698 8.030226e-06 0.0009895582 1.359741e-05 2.7021426e-06 3.082785e-06 0.00012136334 0.00017249043 0.00019895869 0.12102268 2.4337662e-05 0.0010845929 0.049534105 1.3719106e-05 2.1514299e-05 0.030158726 0.0004922789 4.9845283e-05 2.4438054e-06 2.0985919e-05 7.368883e-07 1.1171928e-05 0.0022743999 1.2383026e-07 6.760919e-07 0.00010001258 1.2126642e-07 0.002650752 3.1308239e-06 3.8228222e-06 0.016638374 1.0204045e-05 4.4154813e-06 4.3792832e-05 4.1529495e-07 2.76034e-08 1.2281288e-08 1.6826395e-06 1.2561505e-06 0.00063721876 7.2409357e-06 4.945135e-07 3.3030615e-06 0.0036571028 6.416331e-08 2.895196e-08 2.5129877e-06 1.2034167e-07 1.8223416e-08 8.9323745e-05 3.325742e-07 0.0002510978 6.1269795e-08 3.8694598e-06
0.30740258 0.03370413 0.06120842 0.15907106 0.06614639 0.003942581 0.0013355431 0.7259277 0.0027152423 0.0047625843 0.014834266 0.00034137152 0.00024451225 1.3876185e-19 0.018610423 0.8516906 0.0063379514 0.0007211592 0.065638974 0.15944898 0.010459172 0.006962939 0.40355426 0.0001624907 0.0064731776 0.023834823 2.0028321e-05 0.048748374 0.005293595 0.00055174966 0.0072795884 0.026770554 0.0064614094 0.09191973 0.011461278 6.119858e-05 4.6064764e-05 0.037502218 0.013910608 0.0009498345 4.6475583e-05 0.00015532988 0.012359042 0.037342206 0.0013086388 0.024221951 0.296929 0.036016747 0.0006474807 0.3795627 0.0012527263 0.00068171637 0.00070581364 6.394551e-05 0.0025473468 5.3557385e-05 6.631612e-05 0.0014555659 0.00010748618 4.912401e-05 1.6151558e-05 0.0051804706 0.00201407 0.16997683 0.007351476 0.00069701835 0.016946178 0.000111455425 1.4589811e-05 0.00019889686 0.00014148181 0.00029990656 0.036456138 0.00021804315 0.12525152 0.0009624263 8.71755e-06 8.798203e-05 1.2841287e-05 1.0824384e-05 0.03834683 0.00023709184 4.901474e-05 4.6997575e-06 4.2604306e-06 0.00023315953 1.3329987e-05 0.00010176635 9.4803494e-05 3.561871e-05 0.012670078 0.0019159573 9.843329e-05 1.6515403e-05 1.8469316e-05 1.4126884e-05 0.048928272 0.00017158249 1.4485968e-05 2.3998735e-05 7.068618e-05
0.35505518 0.0866631 0.19381134 0.14546019 0.7041325 0.006950523 0.0016866182 0.07458164 0.023289347 0.027291827 0.3462426 0.0009605296 0.00012958744 0.018610423 2.0191411e-20 0.014594036 0.63219744 0.0013517895 0.6785189 0.19663996 0.36839387 0.48258057 0.16256012 4.913999e-05 0.00047967004 0.3112164 5.7664843e-06 0.0035279777 0.44094524 0.0066947346 0.4870578 0.22478311 0.52102536 0.38867748 0.47217217 4.0467778e-05 4.8575737e-05 0.12412297 0.102305576 6.1974984e-05 0.00010586094 8.203564e-05 0.0017251413 0.11775218 0.028442094 0.0040961946 0.08959474 0.049846012 0.032317717 0.031387273 0.043053426 0.032660242 0.018236589 0.057725776 0.20919113 0.033722825 6.184786e-05 0.04768998 1.2382832e-06 2.0369891e-05 9.960874e-06 0.010867622 0.00034838542 0.104796246 0.011173411 0.010218444 0.01843354 0.0044208053 8.703491e-05 4.781105e-07 0.00047712808 0.004627895 0.019381512 0.0007189202 0.005374276 0.018052844 0.013413758 2.692241e-05 0.009168826 2.4765816e-06 0.012046081 0.0012574127 0.00018849972 0.00036009165 0.0027006473 0.0039007443 4.982969e-07 0.00036138188 0.0006826834 0.0002696212 0.0022315856 0.00090518524 0.0012867632 0.00017590643 5.1350355e-05 0.001440313 0.034455594 6.942623e-05 2.1211767e-06 0.00013577954 0.00017344781
0.20560499 0.036188725 0.0668799 0.13323078 0.04980257 0.0072975433 0.0022147715 0.66294897 0.0034443422 0.0054569826 0.014146698 0.00026527813 0.0005528117 0.8516906 0.014594036 1.07865606e-19 0.0052904915 0.00063436327 0.050466828 0.12851988 0.0070418064 0.004760346 0.20291919 0.00039114052 0.012213507 0.014396463 1.7221602e-05 0.09401695 0.0025454683 0.00083642645 0.003664483 0.020941919 0.0039603133 0.08470966 0.008664003 6.467004e-05 7.382156e-05 0.022764422 0.008787525 0.0016883394 5.7988815e-05 0.000107748914 0.017481055 0.026687572 0.00073017826 0.040442742 0.22778389 0.024178615 0.00068530603 0.36235154 0.00093486346 0.0005813087 0.0008007472 5.789868e-05 0.001666517 5.5640117e-05 9.4620314e-05 0.00071060186 0.000107137304 5.256303e-05 2.5292034e-05 0.0014631976 0.005643026 0.08618307 0.005123621 0.00036909373 0.010491154 7.211265e-05 6.3818143e-06 0.00012186577 4.929535e-05 0.00012658458 0.02883198 0.000119255354 0.17318891 0.00056904205 1.0456383e-05 0.0002555319 1.3675293e-05 1.3361998e-05 0.028948661 0.00011290524 1.7089587e-05 1.8335523e-06 3.3111764e-06 0.00011358726 1.8921264e-05 7.029473e-05 6.6625726e-05 2.4189705e-05 0.03324735 0.0016101839 0.00010525593 6.077578e-06 7.393446e-06 1.5138166e-05 0.03117979 9.9689e-05 1.1549737e-05 1.1607622e-05 2.6867903e-05
0.01729482 0.10220357 0.11544145 0.06265355 0.3526367 0.012707876 0.0025961546 0.03825373 0.053149235 0.039816607 0.7371535 0.002736751 0.00020632004 0.0063379514 0.63219744 0.0052904915 2.7146752e-23 0.0029692675 0.21972889 0.045526993 0.65675986 0.80440813 0.03501187 5.7125937e-05 0.0026786395 0.074067414 2.5060795e-05 0.005895396 0.5455942 0.01596112 0.35780662 0.0606413 0.22572698 0.0832751 0.12719731 2.1796672e-05 3.0467574e-05 0.026991794 0.026196508 9.2551665e-05 5.52657e-05 0.00017222186 0.0051518288 0.006751706 0.008347523 0.0032784655 0.011733405 0.011866944 0.007365339 0.007530241 0.010681456 0.008035313 0.004321551 0.09783509 0.20805219 0.075331 5.7598427e-05 0.013182557 4.248269e-05 2.9445428e-05 2.1898326e-05 0.005599704 0.00024240642 0.003635725 0.0034759077 0.002843592 0.002591845 0.0017003273 0.00042361484 6.9387143e-06 5.4032553e-05 0.0018278542 0.0034480724 6.9722555e-05 0.001446548 0.00749339 0.025519628 1.2613779e-05 0.018546782 1.5670641e-05 0.003340417 0.0010315401 6.8066656e-05 0.00015254025 0.0036138275 0.0009928346 3.1697145e-06 0.003335117 7.084721e-05 0.0018597831 0.00065598293 0.0010794881 0.00083589496 0.0003081045 1.531147e-05 0.00073106034 0.004441628 1.5749118e-05 5.411805e-05 5.1840336e-05 0.00012297193
0.0034165992 0.0892876 0.018390372 0.0018894399 0.012398968 0.41762596 0.31138518 0.0022937744 0.52161705 0.23714939 0.029125951 0.8033542 0.033878233 0.0007211592 0.0013517895 0.00063436327 0.0029692675 8.2350116e-22 0.00022618563 0.000704565 0.0037413891 0.002762213 0.0005003704 0.008554342 0.008817885 0.000561468 0.097032435 0.007461881 0.0010303741 0.70986927 0.0008422197 0.00047576585 0.0004262812 0.00039346554 0.00026753882 0.0028220403 0.0013799414 0.00028997834 0.0005151249 0.004543727 0.00041271682 0.022216678 0.004785889 0.00018187078 8.489446e-05 0.0056117573 0.00056098035 0.0008709699 0.0001011528 0.0013298296 7.477577e-05 4.2663036e-05 7.250524e-05 0.0072147637 0.0006649814 0.007870553 0.00059462205 2.8120692e-05 0.1757549 0.0002725082 0.0056275725 0.00018112287 0.0026172441 7.554855e-05 0.00039746775 0.0002464782 0.00017117144 0.00013744191 0.0054849116 0.006300551 2.5659683e-06 0.00014724596 0.00017185467 2.2334314e-06 0.0010720302 9.093384e-06 3.76829e-05 0.0007456186 0.0003836456 0.0014845383 6.16781e-05 1.669089e-05 1.7197912e-06 8.3682215e-07 8.870444e-06 4.5821657e-06 0.0016512002 9.605292e-05 1.7725565e-06 3.4110482e-05 0.003987254 8.357332e-06 5.3936556e-06 1.707551e-05 6.02772e-07 9.667023e-06 9.4497e-06 7.567322e-07 0.004470562 1.6496457e-06 8.3272076e-05
0.78092504 0.051727213 0.18113142 0.3258145 0.48299563 0.004267663 0.00072893425 0.14117421 0.01557314 0.016889628 0.13229428 0.0002883326 8.511773e-05 0.065638974 0.6785189 0.050466828 0.21972889 0.00022618563 6.0003115e-18 0.5382544 0.14740579 0.19928563 0.32879657 9.942828e-05 0.00079156685 0.7905029 8.504726e-06 0.0061799577 0.2117616 0.00038503844 0.27834874 0.74250585 0.4045493 0.68432903 0.5654387 2.7372625e-05 6.444992e-05 0.33106878 0.3136163 0.00020284683 4.9608927e-05 1.8039706e-05 0.0026139615 0.3963176 0.11147431 0.0081050405 0.49373057 0.119072735 0.19661917 0.35307762 0.10297235 0.06084734 0.035365447 0.0066202637 0.04976046 0.0025405511 1.8285766e-05 0.02589368 3.6542855e-07 2.7899769e-06 2.3217222e-05 0.06802102 0.00033541943 0.5585062 0.106292665 0.031378247 0.34358218 0.011105818 3.4691898e-06 2.4731722e-07 0.0008866895 0.0104154395 0.40142858 0.00067098445 0.04161131 0.003312513 0.00017134246 4.829867e-05 0.00074643886 1.2090551e-06 0.31789693 0.0042782947 0.0010939584 0.001291465 2.4683937e-05 0.00023632814 5.7063893e-08 2.1556978e-05 0.00013396915 3.1597716e-05 0.002581685 0.018461894 0.011003552 9.28832e-06 1.662287e-05 0.009343141 0.18858543 2.162843e-05 2.05508e-06 0.0003855972 7.793679e-06
0.6344376 0.023530532 0.09134735 0.3832704 0.22496599 0.0041006836 0.0010604848 0.22875355 0.0083138095 0.009316656 0.043808673 0.00041922135 0.00038515212 0.15944898 0.19663996 0.12851988 0.045526993 0.000704565 0.5382544 1.3105636e-17 0.032522827 0.028884793 0.86175823 0.00089064776 0.0026760479 0.22968313 2.3538556e-05 0.012920021 0.027708683 0.00014797218 0.064499505 0.2748981 0.1178269 0.7219503 0.19063796 6.5657434e-05 0.00015378649 0.1531471 0.14543526 0.0012850789 9.1661765e-05 6.789698e-05 0.006717819 0.34955466 0.041536454 0.016557654 0.51955336 0.10726029 0.04014431 0.44503945 0.016701933 0.009374603 0.010293959 0.0009409386 0.0049815113 0.0006140502 4.2394055e-05 0.0054978654 5.9781746e-06 4.7046793e-05 3.4625347e-05 0.071054675 0.0038626061 0.4201102 0.07904202 0.023560809 0.10568042 0.00823816 4.296817e-07 6.0694338e-06 0.00045758515 0.00969499 0.1725438 0.000769766 0.23247807 0.0022268405 1.788258e-05 0.00064781826 5.061855e-05 3.8389408e-06 0.16933823 0.0031196966 0.0005570216 0.00026670325 7.0065594e-06 0.0003141882 5.438035e-07 2.0243202e-05 0.00023566016 1.7716158e-05 0.006936339 0.010374408 0.0039616977 7.931307e-06 2.8777262e-05 0.0011850132 0.0624677 4.5029356e-05 6.7699234e-06 7.456584e-05 1.0594785e-05
0.0024539228 0.06314497 0.082570076 0.036133576 0.1278896 0.011924688 0.003186384 0.022886608 0.03894401 0.037262946 0.35412255 0.0035011976 0.00048112668 0.010459172 0.36839387 0.0070418064 0.65675986 0.0037413891 0.14740579 0.032522827 4.3047346e-25 0.7918591 0.017205302 0.00018691404 0.0020334297 0.079614826 2.9298508e-05 0.0030775077 0.59865934 0.016997056 0.40941536 0.062945426 0.23238039 0.0529254 0.12522422 2.656631e-05 1.8098672e-05 0.031458914 0.03823785 0.00043970696 2.0083235e-05 0.00014349016 0.0045931414 0.0046232142 0.014052819 0.0026819317 0.0061041065 0.015081481 0.016705405 0.0059346464 0.021307005 0.017689815 0.008672016 0.078325346 0.1520212 0.053665437 3.5002842e-05 0.020378813 2.235201e-05 1.8297123e-05 1.4043415e-05 0.0051584705 0.00018719124 0.0015553623 0.004194445 0.0044646338 0.0029938663 0.0027871856 0.00010794278 4.9452597e-06 0.0008974099 0.003924421 0.002936821 0.00020723659 0.00043139065 0.009703781 0.02457736 7.174217e-05 0.017691342 5.9298877e-06 0.0034450695 0.0006160618 0.0005906598 0.0004373672 0.0025821396 0.0015894377 4.2631635e-07 0.0010685292 0.000104449166 0.00036865962 4.6210273e-05 0.00059796835 0.0007458152 0.00010516432 1.8193696e-05 0.0003102694 0.0011135923 0.000100293095 9.984052e-06 5.7493708e-05 0.00014540536
0.012968801 0.10214265 0.110003665 0.041048195 0.13010047 0.007593616 0.0015891974 0.023724541 0.040806245 0.03485054 0.39035732 0.0027653333 0.00013472726 0.006962939 0.48258057 0.004760346 0.80440813 0.002762213 0.19928563 0.028884793 0.7918591 2.267814e-24 0.022327287 4.459707e-05 0.0027427226 0.107443966 3.5213054e-06 0.0041556424 0.8719811 0.020880092 0.54042447 0.08721488 0.29972446 0.07029182 0.1832472 1.0929232e-05 9.919619e-06 0.029033408 0.03930024 3.7122074e-05 1.2381893e-05 4.1763833e-05 0.005873322 0.007737009 0.015531506 0.0033353795 0.0077399015 0.008938486 0.015140744 0.004593746 0.02475357 0.024421532 0.007438856 0.15157299 0.33610824 0.11470382 2.3767238e-05 0.039026905 2.337862e-05 1.5866963e-05 4.088338e-05 0.0066838893 9.3864815e-05 0.0033808886 0.0045770127 0.002574156 0.0025927809 0.001216223 0.0014580867 5.1123557e-06 0.00018181372 0.0021553638 0.0034050536 0.00026142405 0.0006821147 0.025247635 0.05701814 1.2886592e-05 0.039364614 5.655115e-05 0.003100103 0.0007028859 0.0005907217 0.00088564877 0.010129675 0.0033909974 1.5412048e-06 0.009474055 0.00015523274 0.005795636 0.00020985509 0.0007776514 0.0013113593 0.0016637065 6.619802e-05 0.0013343089 0.005137125 4.3443582e-05 5.333673e-05 0.00013634152 0.00048773462
0.7889257 0.024282053 0.13541341 0.62596214 0.17520016 0.0021173682 0.00028283882 0.5342984 0.004556817 0.004180496 0.02869029 0.00020103651 0.0004132501 0.40355426 0.16256012 0.20291919 0.03501187 0.0005003704 0.32879657 0.86175823 0.017205302 0.022327287 2.5054095e-17 0.0010140572 0.002884631 0.15524529 2.7304823e-06 0.018018916 0.022421623 0.00027779947 0.032411028 0.14050683 0.069990024 0.2692461 0.09486378 9.362218e-05 0.0002832297 0.060734764 0.050089754 0.00055329275 6.4967375e-05 3.103734e-05 0.0073665474 0.2136763 0.014790328 0.022473477 0.7365386 0.04370072 0.015612406 0.582323 0.008427416 0.0051304153 0.003643085 0.00036068345 0.0056812945 0.0003339445 1.4486988e-05 0.0023047086 3.463309e-06 1.1825751e-05 1.8918234e-05 0.019623881 0.0013000813 0.6635038 0.023993483 0.00619999 0.06370756 0.0015492438 1.5991125e-06 3.593849e-05 3.1640953e-05 0.0015943047 0.18750684 9.985932e-05 0.29576647 0.00079194445 2.3754108e-06 3.568879e-05 1.2987564e-05 3.9714627e-07 0.16593374 0.00054697634 2.4349245e-05 4.5546135e-06 1.1518778e-06 0.000149286 9.147606e-06 8.440287e-06 8.19401e-05 4.059458e-06 0.001929118 0.0026401635 0.0013924331 3.9586535e-06 9.886173e-05 0.00018731909 0.12611346 1.25274155e-05 1.0536494e-05 1.2380406e-05 1.7296862e-06
0.050704505 0.012561124 0.004934211 0.0024202631 0.0018176052 0.012727336 0.1483954 0.0006838358 0.0012654772 0.0008390766 0.00076160184 0.022295067 0.7938425 0.0001624907 4.913999e-05 0.00039114052 5.7125937e-05 0.008554342 9.942828e-05 0.00089064776 0.00018691404 4.459707e-05 0.0010140572 6.734445e-20 0.21669194 2.017184e-05 0.46056283 0.053052824 1.5261947e-05 0.0020909586 6.4599303e-06 2.6053167e-05 1.0096521e-05 0.00035859627 5.777205e-05 0.61100096 0.6763499 0.0002384874 4.7234345e-05 0.5367425 0.3139932 0.11662543 0.15319547 4.465593e-05 1.2746733e-06 0.13827176 0.0008736394 0.00020196795 5.3827875e-06 0.0010471717 1.2081786e-05 4.6114983e-06 5.741725e-06 0.00011390717 0.00021729812 0.00015217176 0.23123772 1.8915727e-05 0.0012105026 0.20104685 2.4564031e-05 6.092059e-05 0.071343236 0.0011188973 8.899613e-05 3.2667751e-06 8.563312e-05 1.1860634e-06 4.3990785e-05 0.002904191 2.7431446e-07 1.2102942e-06 0.00018575913 3.564596e-07 0.005250069 8.275696e-06 3.0934812e-06 0.062496707 1.5794027e-05 5.3785852e-06 0.00010079257 1.6422446e-06 7.649607e-08 4.556642e-08 1.4274874e-06 1.1465437e-06 0.0014999812 9.987319e-06 7.002e-07 1.7638721e-06 0.006384762 3.188112e-07 3.291185e-08 8.121525e-07 5.5456947e-08 6.5317096e-08 0.00024100009 5.0292357e-07 0.00044384654 1.5904139e-07 2.3491718e-06
0.6423034 0.0213801 0.019107515 0.0076468624 0.008479608 0.016580923 0.052563522 0.009807142 0.009552878 0.0049513313 0.00544419 0.011582404 0.2305875 0.0064731776 0.00047967004 0.012213507 0.0026786395 0.008817885 0.00079156685 0.0026760479 0.0020334297 0.0027427226 0.002884631 0.21669194 1.0726581e-17 0.00017009629 0.10645353 0.8755109 0.00074075547 0.0010690959 0.00031886122 0.00016677723 0.0001699011 0.0006713291 0.00023808538 0.11409852 0.07044234 0.00011273965 4.2471147e-05 0.60267854 0.04608617 0.009957974 0.733715 0.00017737417 1.9128025e-05 0.6283319 0.004186782 9.7545715e-05 5.456415e-05 0.011815472 6.2037245e-05 3.7383306e-05 9.866802e-06 0.00033579982 0.0009878271 0.0002490055 0.032040503 2.281485e-05 0.0020388386 0.045385625 0.0005710092 4.0339466e-05 0.19558227 0.0016703677 0.00020909136 3.2360344e-06 0.00041513165 1.1686144e-06 0.00023966272 0.0032327233 3.001774e-07 5.95298e-07 0.00058547105 3.6706456e-07 0.03451791 1.2669321e-05 6.150617e-05 0.031820685 5.5001856e-05 9.294855e-05 0.0006710721 2.0214436e-07 1.03957e-07 4.866921e-09 1.3844824e-05 0.000119097596 0.00051884656 0.0007740555 1.6929424e-06 0.0002427474 0.0654837 4.7622115e-07 1.04638085e-08 0.00010269019 1.2463573e-06 4.721626e-10 0.0092073195 3.69892e-07 0.00030637986 1.873567e-07 8.212794e-05
0.433241 0.02241476 0.08189326 0.1219872 0.1714264 0.0025664507 0.0003394317 0.03181115 0.010592775 0.015060409 0.05226111 0.0005518007 2.1712563e-05 0.023834823 0.3112164 0.014396463 0.074067414 0.000561468 0.7905029 0.22968313 0.079614826 0.107443966 0.15524529 2.017184e-05 0.00017009629 7.137237e-20 9.8342325e-06 0.0010801859 0.14505185 0.0021750329 0.19872263 0.73860127 0.30359852 0.47669607 0.50908285 3.5918034e-05 5.2109688e-05 0.22813553 0.29799804 3.6827256e-05 4.2884087e-05 8.99603e-05 0.0006476475 0.23890392 0.13490386 0.0021196152 0.17329513 0.12823907 0.17475358 0.060909983 0.15368319 0.11873969 0.0727254 0.015052576 0.08685914 0.0065295584 3.2086275e-05 0.07430531 3.7319203e-06 8.126341e-06 2.433731e-05 0.06481993 0.0001816432 0.18188953 0.09321942 0.03676291 0.17464538 0.018063385 1.6920216e-05 1.9772824e-06 0.0035618353 0.019767605 0.15049931 0.0026279013 0.006441315 0.01450315 0.0014627601 2.2584472e-05 0.0031025426 5.9544536e-06 0.09406524 0.007708672 0.0014477653 0.0029231666 0.00014877888 0.001999357 3.217388e-07 8.0782906e-05 0.000839948 6.339526e-05 0.0005728475 0.017663922 0.014917215 6.160339e-05 4.2640953e-05 0.012348263 0.05681837 0.00044224347 7.994618e-06 0.0010272727 4.4985536e-05
0.010538038 0.018505877 0.0014749113 0.00016283074 0.0014893882 0.14829947 0.57390594 8.8075045e-05 0.015040473 0.0019202058 0.0014182506 0.3204569 0.7072181 2.0028321e-05 5.7664843e-06 1.7221602e-05 2.5060795e-05 0.097032435 8.504726e-06 2.3538556e-05 2.9298508e-05 3.5213054e-06 2.7304823e-06 0.46056283 0.10645353 9.8342325e-06 5.058638e-23 0.01905662 3.1951734e-07 0.013855999 2.991791e-07 8.5313295e-06 5.6614823e-07 5.2906424e-05 1.0819429e-05 0.61487246 0.34589228 9.402371e-06 9.041499e-06 0.39679754 0.25702986 0.7012077 0.06832361 8.48313e-06 2.9609652e-07 0.050789576 3.0039819e-05 1.7686196e-05 3.3676047e-06 3.660152e-05 3.3718309e-06 1.0325533e-06 1.00429e-06 7.264629e-05 6.488997e-05 0.00015390253 0.24784464 1.7736353e-06 0.043384653 0.08076394 7.593753e-05 3.7885318e-06 0.028397402 0.00018196672 1.2684517e-05 7.593865e-06 6.631077e-06 6.5933835e-07 1.6740954e-06 0.08826162 2.1129493e-08 7.718215e-07 1.3298548e-05 8.6920435e-09 0.0007928823 1.595946e-07 1.7720247e-07 0.02162202 4.105602e-06 2.0661873e-06 2.0810069e-06 2.6852408e-07 2.9210495e-08 3.393229e-09 1.6420998e-07 4.816254e-08 0.042445224 2.2715035e-06 3.56708e-08 8.141269e-07 0.0058851135 1.0529642e-07 1.9467072e-08 4.2915298e-07 9.1295345e-09 1.2774223e-08 1.6507962e-06 3.4851535e-08 0.001300315 3.283191e-08 4.7867557e-06
0.8858098 0.073696956 0.089044206 0.032028895 0.029719438 0.051608156 0.10056418 0.105511494 0.017916825 0.0068743574 0.013954283 0.011455722 0.10224314 0.048748374 0.0035279777 0.09401695 0.005895396 0.007461881 0.0061799577 0.012920021 0.0030775077 0.0041556424 0.018018916 0.053052824 0.8755109 0.0010801859 0.01905662 1.6938041e-16 0.001330861 0.0009876885 0.00070068904 0.001125376 0.0006701058 0.0041168393 0.0012536112 0.013622163 0.010203361 0.00067741825 0.00031847708 0.12820213 0.0040249894 0.0012516987 0.5879666 0.0013870355 0.00014922963 0.67278796 0.025864888 0.00063514843 0.00012802055 0.061071146 4.522884e-05 2.0722287e-05 4.169041e-05 0.00010695324 0.0004929409 0.00021928392 0.0017636493 4.949414e-05 9.3769355e-05 0.004507774 0.00010219057 0.00013569099 0.05915839 0.005029063 0.0004544013 1.6451564e-05 0.00089716166 2.7441247e-06 0.00038106905 0.00013955758 3.4213133e-07 3.9959273e-06 0.0022123933 1.024137e-06 0.16228808 0.00010099558 0.00016075178 0.0056162756 0.0004623562 3.8566814e-05 0.0018303887 7.261367e-07 1.97681e-07 1.2131125e-08 4.0198982e-05 0.00043665536 0.0001103984 0.0023615183 3.240367e-06 0.00031173395 0.019701112 1.6625397e-06 8.332302e-08 7.7943594e-05 2.5362044e-06 4.6526845e-09 0.010950283 5.932396e-07 1.9362547e-05 4.8030046e-07 4.4362834e-05
0.027351262 0.044168748 0.07825154 0.037129693 0.07212587 0.0032711977 0.00052865094 0.015279847 0.020861346 0.020701796 0.1696775 0.0012423719 7.884921e-05 0.005293595 0.44094524 0.0025454683 0.5455942 0.0010303741 0.2117616 0.027708683 0.59865934 0.8719811 0.022421623 1.5261947e-05 0.00074075547 0.14505185 3.1951734e-07 0.001330861 4.718552e-23 0.021461483 0.6523896 0.11748792 0.3501461 0.082619205 0.24789192 6.6234993e-06 4.0894943e-06 0.041599665 0.07690296 5.0521157e-06 9.935506e-06 1.7488013e-05 0.0018546203 0.019731645 0.03558051 0.0015785544 0.0077119404 0.010086031 0.044466816 0.003752887 0.06185764 0.070047624 0.014029085 0.1569022 0.4128193 0.11114433 1.2871903e-05 0.08648394 1.7674855e-06 3.1908542e-06 4.3376476e-05 0.0053804037 1.5163394e-05 0.006453791 0.004329209 0.0048596775 0.0038616874 0.0026348273 0.0021573554 1.7668671e-06 0.00087173353 0.0040756087 0.004937417 0.0014275882 0.00035303688 0.042633787 0.079767674 4.478556e-06 0.05579507 0.000107795786 0.0044992943 0.0006076318 0.0015239761 0.0017016754 0.01586216 0.009544861 7.1568115e-07 0.010544286 0.00046304349 0.011150035 5.22717e-05 0.00075878535 0.0011639375 0.00514507 0.0002978177 0.0017145826 0.013003726 0.00013965425 2.2095519e-05 0.00022013797 0.0010806738
0.0014204083 0.07916896 0.016271595 0.0024299256 0.014971681 0.15570809 0.060302068 0.002567185 0.6342744 0.48502538 0.10787777 0.3654531 0.0067895856 0.00055174966 0.0066947346 0.00083642645 0.01596112 0.70986927 0.00038503844 0.00014797218 0.016997056 0.020880092 0.00027779947 0.0020909586 0.0010690959 0.0021750329 0.013855999 0.0009876885 0.021461483 3.6740287e-22 0.009519516 0.0006916816 0.00245431 6.0060414e-05 0.003094135 0.0010601704 0.0007681712 0.000173774 0.0003549968 0.0013873351 0.00028080482 0.016282773 0.004072116 0.00013964079 0.00011150529 0.0034439478 0.000103905215 0.00033160718 0.00048305717 0.00035504313 0.0009067296 0.00048128155 0.00022633691 0.23497958 0.053827222 0.31878343 0.00090766704 0.00041766916 0.5794932 0.00028284828 0.15387596 6.619941e-05 0.0030761065 1.1374666e-05 0.00044927205 0.00019465534 6.923144e-05 0.00010422261 0.22112502 0.018007478 1.6096725e-05 7.106218e-05 0.00017930727 8.282486e-06 0.00014490851 7.432133e-05 0.0024569621 0.0011519109 0.008172136 0.04643218 0.00010323988 6.226188e-05 1.8658731e-05 1.8902525e-05 0.000332615 1.9805446e-05 0.00054234127 0.0042345105 2.3638457e-05 0.00050703855 0.0015017511 0.00018457705 3.9746228e-05 0.00014677376 2.3964215e-06 0.00010562597 3.4640393e-06 1.7040958e-05 0.005293552 3.7394411e-06 0.00035388028
0.076443076 0.037045874 0.07314963 0.050430674 0.08767962 0.0027748423 0.00025554502 0.0161064 0.026168592 0.02932016 0.18617295 0.0005060492 1.1378789e-05 0.0072795884 0.4870578 0.003664483 0.35780662 0.0008422197 0.27834874 0.064499505 0.40941536 0.54042447 0.032411028 6.4599303e-06 0.00031886122 0.19872263 2.991791e-07 0.00070068904 0.6523896 0.009519516 5.7094234e-24 0.1651424 0.71039397 0.15435028 0.5312193 9.785957e-06 1.3800292e-05 0.07857637 0.13613018 1.9339966e-06 4.679884e-05 2.5255807e-05 0.0007911711 0.029280327 0.06134156 0.0009877601 0.014939248 0.042257328 0.087220736 0.0057550957 0.14986539 0.12663388 0.04622155 0.12578449 0.3981454 0.07631963 1.4526183e-05 0.19138345 8.613667e-07 4.150342e-06 9.598712e-06 0.021870824 3.3365086e-05 0.006011064 0.012328865 0.013788763 0.00949022 0.008847308 0.00021289269 4.3517724e-07 0.0019757098 0.010635685 0.006949887 0.0036324447 0.00032560946 0.06574665 0.061892845 3.9019733e-06 0.041322723 1.8127259e-05 0.0052820044 0.0025579168 0.0013822659 0.0024681196 0.013651345 0.012603369 8.8262976e-07 0.0045026015 0.0010729098 0.0065316604 9.709696e-05 0.0013930799 0.0031405624 0.0027002096 0.00031736045 0.004002982 0.009403964 0.00032309617 7.5231587e-06 0.0003447574 0.0009234677
