8.982419e-25 0.17717145 0.11559386 0.060508773 0.09219576 0.056079242 0.619978 0.14413346 0.0067313667 0.345866 0.040660866 0.64771235 0.0029243056 0.7243743 0.4166889 0.0456142 0.005708752 0.07556729 0.4993454 0.00036901224 0.0073010586 0.0005266369 0.09105554 0.7772792 0.19699779 0.838634 0.033372503 0.79024154 0.004452543 0.001745709 0.5558857 5.1545187e-05 0.0062062778 0.008361418 0.63346595 0.11747958 0.0031717634 0.00057410187 0.48990333 0.002054652 0.031156596 2.389698e-06 0.19024193 6.39452e-07 0.014649486 0.27559045 0.014202946 0.6963497 2.3937992e-06 0.19958887 0.903228 0.0004112101 0.00012709589 0.0019578738 0.95132583 0.71521676 0.46091482 5.7330166e-05 0.577178 0.5101867 0.88332504 1.3891754e-06 0.8305992 0.6074973 1.9792586e-07 0.000113281225 0.0034675347 0.9286979 0.7755626 0.7172057 0.9293201 0.1871681 0.008489309 2.6675016e-07 1.8364066e-08 0.00043257876 0.85693246 0.22912659 1.4201083e-05 1.6423339e-06 2.5818375e-08 4.2307272e-10 0.0032488753 0.95096916 0.0016463045 0.99767196 0.9330011 0.9997105 0.0070169177 0.9997539 4.2316392e-10 0.44877964 0.006038437 0.97361267 0.0018163619 0.013412077 0.045008525 0.9991823 0.15035702 0.00820758 0.9856152
0.17717145 7.959482e-22 0.9488666 0.84351283 0.4339319 0.51676816 0.56835425 0.30194876 0.15738717 0.11326995 0.16441673 0.22783872 0.15215558 0.15045452 0.10428442 0.06401986 0.28046697 0.05522828 0.25508183 0.15214843 0.2156223 0.055753168 0.08597575 0.09149906 0.04021095 0.066044435 0.037256055 0.051496685 0.023286166 0.026263 0.04140212 0.025509357 0.018049205 0.039421123 0.040198606 0.025037404 0.0018451326 0.002855589 0.012362532 0.015227636 0.011361976 0.0008152792 0.04686757 0.0010997549 0.0023252957 0.011470086 0.0016132332 0.064826064 0.0010094272 0.012307801 0.006966446 0.000675508 0.000108629414 0.0006245733 0.0025247706 0.00693983 0.023152761 1.3761116e-05 0.006217036 0.0019330885 0.07981788 0.0024033037 0.004177224 0.0026654622 8.165187e-05 5.972417e-05 0.00025770656 0.00680176 0.004529981 0.004135426 0.00430103 0.0052252933 0.005109005 8.801157e-05 5.1776307e-05 0.0003048317 0.0020782838 0.00092584983 5.887465e-05 1.0536594e-05 3.633962e-07 6.167528e-07 3.269317e-05 0.011385201 0.00014477716 0.0015243009 0.0022857788 0.004200233 5.7432303e-06 0.0034185988 2.1965395e-06 4.6115798e-05 0.0008404657 0.004505984 7.632713e-05 2.243746e-05 0.0020721043 0.0017587052 0.0010306231 0.0013284542 3.9547253e-06
0.11559386 0.9488666 1.232107e-21 0.29022336 0.9447078 0.3389934 0.26698938 0.08096554 0.10621975 0.116374 0.58347154 0.08515107 0.06300711 0.050002582 0.040253684 0.020723652 0.13837735 0.020885687 0.7216842 0.070019916 0.06844107 0.024540588 0.11607536 0.33134788 0.11642423 0.2840538 0.05633373 0.011487404 0.012860811 0.02732061 0.032354664 0.008249756 0.031209042 0.008554114 0.026874883 0.108690806 0.004036629 0.0015759408 0.011944345 0.0028492669 0.039509255 0.0001778576 0.025646212 6.210591e-05 0.012439373 0.028717307 0.0072343717 0.1558103 8.901226e-05 0.005872807 0.0035407613 0.0034659805 6.283392e-05 0.0011320406 0.0009649441 0.007806624 0.03589913 2.321419e-05 0.0192579 0.0007528682 0.10870057 0.000799482 0.004421429 0.002272458 3.1841133e-05 9.2489274e-05 0.00043386532 0.0037903304 0.011009587 0.012265203 0.0042395536 0.020390289 0.00460854 9.645488e-05 7.3416035e-05 0.00017295757 0.0014194923 0.0048245206 0.00010399911 1.3096819e-05 7.127268e-08 1.6395867e-07 5.4583823e-05 0.017375488 4.6331137e-05 0.0014831861 0.017255338 0.009855494 6.7053634e-07 0.0017979557 2.8298723e-06 1.5409589e-05 0.0019782465 0.014673619 7.260214e-06 5.4993016e-06 0.010844952 0.00438078 0.0035140393 0.0018564634 1.5617526e-07
0.060508773 0.84351283 0.29022336 7.348825e-24 0.17632616 0.1781185 0.8248763 0.93375224 0.07594212 0.3101348 0.24845442 0.33625728 0.089923374 0.32715902 0.500372 0.417211 0.2723281 0.30109975 0.101192415 0.1339409 0.2580184 0.04806769 0.21498626 0.03228235 0.015513965 0.123244844 0.018945698 0.19178934 0.019182326 0.017677985 0.22007625 0.025709275 0.008001137 0.08906761 0.054545283 0.005506781 0.0003191968 0.0008578622 0.026929397 0.057468597 0.0028525065 0.0002467562 0.15527283 0.0015378267 0.0002114772 0.0019198587 0.00017593411 0.047651887 0.0004690731 0.024854222 0.014845554 3.4054676e-05 9.469303e-06 6.812309e-05 0.01555524 0.017094601 0.022326754 6.9557575e-07 0.009519347 0.0085271 0.020336742 0.0014919001 0.0056690983 0.008412235 4.3714095e-05 1.5707724e-06 2.443669e-05 0.015760137 0.0061110235 0.00697056 0.0093164565 0.0012894276 0.0050081983 8.553387e-05 4.9490787e-05 0.0001556447 0.009172167 0.00047334234 1.4987021e-05 2.8026623e-06 1.8966358e-07 3.7076415e-08 1.5460933e-05 0.009268775 0.0001200073 0.009643742 0.0010405084 0.007343438 3.498884e-06 0.010701487 2.7934257e-07 0.00027467142 0.000120489516 0.006415194 0.00011019361 1.5095494e-05 0.0010038869 0.0027298927 0.0002564119 8.4195904e-05 3.4398458e-06
0.09219576 0.4339319 0.9447078 0.17632616 3.6244476e-20 0.6006724 0.090938255 0.05433447 0.7287658 0.05859223 0.3630365 0.0384381 0.28615788 0.02631387 0.024576554 0.025725178 0.23346153 0.022458933 0.14443304 0.1886551 0.12321548 0.07932185 0.05111508 0.7280779 0.5648403 0.11006303 0.39033362 0.0060087685 0.06748401 0.14033483 0.01889823 0.038808245 0.16359445 0.0071984474 0.012785455 0.35325426 0.026524931 0.018018179 0.0071393615 0.0014276474 0.13272585 0.0076826285 0.024240706 0.0020292627 0.03969707 0.06818045 0.038536422 0.050692324 0.0025540155 0.0016803271 0.0011349755 0.01831888 0.003353929 0.0069763353 0.000113060945 0.0060788603 0.01910743 0.0017514955 0.0064548594 0.0002653389 0.10083935 0.0018283449 0.0009750721 0.0006178466 4.436753e-05 0.0011828939 0.0028472855 0.0017679796 0.004866145 0.002930773 0.0024342583 0.024099322 0.0029033863 0.00018320649 0.0003190958 0.00044540822 0.00046023598 0.0030316089 0.000500726 0.00014686142 6.8155605e-06 1.2563997e-06 0.0014770037 0.004298896 0.00012616301 0.00060781464 0.0034890596 0.0038190018 2.2332449e-07 0.00043817548 1.0516747e-05 7.0870756e-06 0.0036925569 0.008099382 3.405893e-05 2.927739e-05 0.0037649048 0.0033138858 0.015571426 0.003571657 7.348492e-08
0.056079242 0.51676816 0.3389934 0.1781185 0.6006724 4.7434572e-23 0.108353734 0.07859468 0.90383476 0.05391037 0.11607075 0.079699636 0.9036418 0.06184154 0.0292683 0.03673208 0.2699657 0.030158795 0.04401111 0.3169569 0.20517181 0.32091743 0.019716196 0.16292594 0.11192747 0.0290434 0.115829006 0.014862297 0.15560105 0.055345837 0.00938288 0.10194327 0.040228594 0.015667899 0.012617872 0.041032948 0.007260803 0.022591244 0.0011588222 0.014960227 0.01754525 0.0058909645 0.022039672 0.005962105 0.006080442 0.043098647 0.011206465 0.011478019 0.010631015 0.0018638804 0.0027684935 0.0020683864 0.0017924027 0.0041491617 9.762323e-05 0.0012375991 0.0037431628 0.00046413598 0.00078712817 0.00047612243 0.08346231 0.0035653356 0.0006071142 0.00017203324 2.2506767e-05 0.00022455197 0.0009441066 0.0019516103 0.0005636822 0.00081239775 0.0010463172 0.0042306175 0.0020587004 2.3312094e-05 0.0012263675 0.00013155285 0.0006472054 0.00011235486 7.7725956e-05 7.148602e-06 4.036421e-05 6.395258e-07 0.00014989545 0.0038342103 2.0490084e-05 0.00022937186 0.00010406587 0.00093432644 7.009663e-07 0.00038894216 2.3602247e-06 4.9331237e-07 0.0004656451 0.001149285 5.2099047e-05 1.4163961e-06 0.0006559626 0.00077759696 0.002726721 0.00074199314 3.58514e-09
0.619978 0.56835425 0.26698938 0.8248763 0.090938255 0.108353734 4.6063515e-21 0.59215987 0.060488828 0.91301775 0.1878571 0.8482357 0.05966791 0.8363426 0.3247077 0.164975 0.13618408 0.12426057 0.13564572 0.06644156 0.12461531 0.023167854 0.37973577 0.022591285 0.013647244 0.27727532 0.0076054367 0.1897634 0.00426897 0.0055688717 0.19426076 0.013770799 0.0027743597 0.06230246 0.10943297 0.0074734036 0.00045176464 0.00056596176 0.03622379 0.022466036 0.0038688069 7.876361e-05 0.04301662 0.00020361377 0.00016244034 0.001711517 0.00010959194 0.07162672 0.0002545723 0.013937889 0.017469747 0.0001451107 3.834029e-05 8.407226e-05 0.012591588 0.012934704 0.0449796 5.597069e-06 0.01196833 0.0042084907 0.0100765 0.001257661 0.012285027 0.008470713 3.204246e-05 8.152726e-06 4.6239722e-05 0.011695862 0.0031553209 0.009281573 0.007862886 0.0024370004 0.0028054984 7.7754354e-05 4.028583e-05 0.0002685424 0.008539988 0.0006246395 5.033165e-05 1.5637663e-05 1.8544928e-07 9.334015e-08 3.044306e-05 0.020985985 0.00014356352 0.008613418 0.0024872497 0.015992371 7.465842e-05 0.005994695 1.2869774e-06 6.4619664e-05 0.0010702609 0.0037317786 4.648015e-05 1.7994838e-05 0.0010131283 0.003871605 0.00052895676 0.00057765166 7.0262654e-06
0.14413346 0.30194876 0.08096554 0.93375224 0.05433447 0.07859468 0.59215987 1.8624959e-23 0.025287915 0.21798329 0.094730064 0.2923289 0.03925091 0.46328956 0.8665269 0.6717789 0.17067641 0.5896941 0.044517223 0.081431195 0.17237857 0.028864471 0.32535076 0.0052246833 0.0035090812 0.12735884 0.0038663428 0.43950558 0.003811701 0.0037818705 0.4510431 0.027856763 0.0013759149 0.12559971 0.073941946 0.00030040464 6.4487314e-05 0.00015693664 0.052967284 0.07414787 0.00019642766 3.2825104e-05 0.11068178 0.0016618638 7.961354e-06 0.00031453208 1.48699655e-05 0.020277131 0.00016552482 0.04691637 0.025044877 1.3311928e-06 1.2745676e-06 3.135164e-05 0.024861202 0.017212015 0.021801598 9.657089e-08 0.007098731 0.021203281 0.006913908 0.0020724353 0.004975308 0.013613914 0.0002872351 1.3681411e-07 3.5267654e-05 0.011765256 0.0051457398 0.005796523 0.008393063 0.0005587662 0.001446237 0.0001704724 4.04816e-05 0.00068871427 0.010863363 0.00034386656 7.808917e-06 2.1949816e-06 6.633898e-08 4.2146535e-09 2.204286e-05 0.006995203 0.00047743987 0.013929094 0.0011512876 0.010494141 7.842766e-05 0.008373484 1.5590146e-07 0.001081249 7.1765025e-05 0.0037733214 0.0005538479 0.00021892766 0.0004912504 0.0036394543 0.00021136166 7.418728e-05 4.0078903e-05
0.0067313667 0.15738717 0.10621975 0.07594212 0.7287658 0.90383476 0.060488828 0.025287915 2.3196816e-24 0.02578216 0.08071613 0.027197884 0.76793903 0.019457689 0.010893708 0.013880076 0.10546933 0.010629925 0.01097087 0.21797667 0.057836656 0.17919627 0.0088280365 0.109102994 0.33479017 0.014568505 0.4305285 0.001183497 0.55990595 0.42511353 0.002567693 0.071147494 0.3293417 0.0014240827 0.005193027 0.12061489 0.0854029 0.12962964 0.0024732256 0.0021925014 0.043796875 0.04581623 0.013676053 0.0071846214 0.02468184 0.025532613 0.03493882 0.003988289 0.030831918 0.0016844466 0.00024633788 0.015570758 0.013137025 0.008922601 0.00010839761 0.001083817 0.0026552936 0.0077796117 0.0009218491 9.924373e-05 0.045892693 0.0017392058 0.00017647083 6.847155e-05 2.305548e-06 0.0012648733 0.001224516 0.0006411915 0.00035877942 0.000406251 0.0012055292 0.005604026 0.0015111511 1.9776437e-05 7.210935e-05 0.00012618274 0.0002883824 0.00022064116 0.00021581342 0.00013811282 4.8330323e-05 6.3860643e-06 0.0004569744 0.0005624249 2.8469323e-05 0.00044111378 0.00016940004 0.0009724158 2.3346357e-07 0.0009875707 8.262077e-06 9.204557e-06 0.00062419195 0.0015998724 5.145715e-06 2.6825826e-06 0.0003289632 0.0012779641 0.004866094 0.0002794541 4.0459188e-08
0.345866 0.11326995 0.116374 0.3101348 0.05859223 0.05391037 0.91301775 0.21798329 0.02578216 1.7637963e-19 0.28929085 0.9029026 0.03067549 0.80463994 0.1776438 0.054214295 0.1113024 0.058205288 0.050446626 0.05882976 0.07048995 0.011137595 0.78149617 0.01759082 0.006959093 0.43654427 0.0058594337 0.090747796 0.0018044882 0.0022727412 0.43730313 0.003187235 0.0012283064 0.022620717 0.16714399 0.0062555363 0.00015341528 8.546603e-05 0.14213191 0.012093729 0.0023786593 1.2885682e-05 0.08571203 6.8428984e-05 0.00014738883 0.0009235447 0.00013902491 0.087551944 5.564139e-05 0.021077212 0.04458159 2.0397283e-05 9.706377e-06 2.9821886e-05 0.016616285 0.052686054 0.11755546 1.7739939e-06 0.023173656 0.006540057 0.007106683 0.0003714421 0.03288191 0.025500871 4.024114e-05 1.0021355e-06 4.9266684e-05 0.023090897 0.009683135 0.029047264 0.021678675 0.0014201395 0.0062421425 4.0813065e-05 4.9539995e-05 0.0001697691 0.014251526 0.0010241132 1.5344815e-05 1.2104852e-05 2.0404362e-07 6.568364e-08 2.9645369e-05 0.028670745 0.00016100048 0.015907865 0.0051123635 0.023237001 4.3927015e-05 0.00951382 4.3450297e-07 0.00017328479 0.00050836464 0.008951533 9.046239e-05 3.5494122e-05 0.001840183 0.0077876514 0.00029171052 0.0006783078 2.237931e-05
0.040660866 0.16441673 0.58347154 0.24845442 0.3630365 0.11607075 0.1878571 0.094730064 0.08071613 0.28929085 9.3300984e-23 0.06125576 0.05486886 0.05607646 0.096937716 0.027207494 0.07934719 0.036428854 0.9703131 0.039936934 0.04105258 0.009546722 0.59236723 0.35260567 0.0732795 0.8857378 0.03161323 0.009410132 0.0038500908 0.014118401 0.098835856 0.0006837918 0.013243418 0.0030675014 0.09042978 0.11335762 0.0025673944 0.00015484741 0.10421319 0.0018703582 0.04941966 1.176402e-05 0.046056125 1.0056669e-05 0.005671713 0.04457633 0.0026836551 0.43235147 7.496123e-06 0.0070845317 0.012781635 0.0009242064 6.8209833e-06 0.00035226255 0.0033188956 0.039032906 0.279059 1.2642171e-06 0.14042339 0.000996223 0.08447563 0.00058040436 0.021134889 0.013206339 2.1210404e-05 1.6474903e-06 0.00034253867 0.013232258 0.09224609 0.10922645 0.02200514 0.044788763 0.005696733 0.00020319244 2.6709333e-05 0.00044393077 0.011715017 0.013512448 3.3781183e-05 1.0294027e-05 1.8635832e-08 3.176773e-07 3.3659402e-05 0.051314883 0.000118252385 0.014510054 0.07665564 0.04279697 2.0693965e-07 0.0012206628 6.2695466e-07 0.000123177 0.0066107083 0.050282467 5.426873e-06 1.4409373e-05 0.017267816 0.026143871 0.0019135406 0.0029638316 1.4276637e-07
0.64771235 0.22783872 0.08515107 0.33625728 0.0384381 0.079699636 0.8482357 0.2923289 0.027197884 0.9029026 0.06125576 3.4154574e-19 0.039029155 0.9277191 0.31905556 0.13225377 0.19698781 0.12375871 0.06946718 0.08476639 0.1783844 0.033475544 0.5440351 0.0057253647 0.0038896499 0.23150885 0.0017819065 0.24010608 0.00085098046 0.001356996 0.40259394 0.013936953 0.00043957867 0.05357707 0.19065407 0.002326267 6.758572e-05 5.7032583e-05 0.09143588 0.01924472 0.0009960196 1.9570598e-05 0.053013008 0.00014962537 4.405737e-05 0.0006979536 3.8906386e-05 0.078471586 7.219536e-05 0.029413287 0.05760683 3.5682795e-05 9.747527e-06 3.3341483e-05 0.021109115 0.032881375 0.08008146 2.4593483e-06 0.008180772 0.004315153 0.0059129945 0.00086883607 0.025438104 0.011193979 7.3134695e-05 7.9730427e-07 2.3365534e-05 0.014646468 0.0020966837 0.012719728 0.013156389 0.0011906336 0.0028309964 5.664291e-05 3.686668e-05 0.00037580176 0.012637838 0.000493303 8.707198e-06 4.7192093e-06 6.669994e-08 1.0494434e-07 2.0030577e-05 0.019539041 0.00022988716 0.015336016 0.0016930394 0.016835112 4.8003218e-05 0.004481022 3.4532545e-07 0.00012932139 0.0005290405 0.0038072194 0.00013508312 2.3485927e-05 0.00051861577 0.0042909253 0.0001178489 0.00038468794 2.9618239e-05
0.0029243056 0.15215558 0.06300711 0.089923374 0.28615788 0.9036418 0.05966791 0.03925091 0.76793903 0.03067549 0.05486886 0.039029155 3.7655348e-22 0.042334717 0.028386083 0.03169384 0.28869468 0.026067981 0.006296965 0.6372313 0.25197482 0.66218454 0.014305287 0.03728406 0.09064834 0.014206991 0.12798357 0.0106669655 0.5933086 0.28623065 0.013527837 0.39392102 0.15977998 0.020829428 0.003345518 0.04478473 0.04110984 0.10019043 0.0029375772 0.031294174 0.020313015 0.08882877 0.02932857 0.08125414 0.00842746 0.009650463 0.013005879 0.00093260343 0.15377441 0.0063289185 0.0008714276 0.0047738072 0.013226443 0.0039690738 0.0014907899 0.002451171 0.0024841786 0.0051682894 0.0005799595 0.0008976174 0.016476037 0.016583474 0.0002016854 0.00066143816 0.00025372644 0.0012553256 0.0006582735 0.002075706 0.0006834668 0.0004442033 0.002652463 0.0013806021 0.005734204 0.00011997812 0.0008935885 0.00096321834 0.0015798879 0.0004120551 0.00018911298 0.000100724144 0.0004508724 2.1985943e-05 0.00021649657 0.0010740866 0.00032867657 0.0025681695 0.00027608723 0.0054289675 6.1270093e-06 0.005435057 1.53647e-05 0.00018755168 0.0005414136 0.0009902073 9.647595e-05 3.754129e-05 0.00048036908 0.0024946341 0.0017373814 0.00038174578 2.9036853e-06
0.7243743 0.15045452 0.050002582 0.32715902 0.02631387 0.06184154 0.8363426 0.46328956 0.019457689 0.80463994 0.05607646 0.9277191 0.042334717 1.2223568e-19 0.68280137 0.19393475 0.16879664 0.22195618 0.022660714 0.08670704 0.15308124 0.03432001 0.51925397 0.0012219757 0.0012573006 0.13929844 0.00043617882 0.2979166 0.00042753277 0.0005379588 0.72369003 0.012363275 9.593006e-05 0.0667185 0.17810133 0.0006017652 1.881291e-05 0.00010773597 0.128522 0.028285295 0.00026756816 6.502752e-06 0.11802164 0.00045893868 3.5808946e-06 0.00024805413 9.680788e-06 0.022564463 0.00017380317 0.055429045 0.08600493 1.6196755e-05 5.785279e-06 1.554903e-05 0.056630924 0.066855356 0.09404313 3.9261017e-06 0.004803505 0.009266272 0.0035357198 0.0007296343 0.028480265 0.028271826 3.166767e-05 3.6162993e-07 1.348866e-05 0.029578405 0.0029157952 0.013781513 0.019924957 0.00067584857 0.0026351828 7.903554e-05 4.9746555e-05 0.0005289613 0.024621854 0.00044586102 7.688995e-06 5.5522255e-06 3.061066e-07 8.835716e-08 1.9168145e-05 0.01426186 0.00047577522 0.030785704 0.0013367798 0.019026617 0.00018788644 0.010860007 8.8481676e-07 0.0001741986 0.0011831173 0.0040839817 0.0005007941 0.00017427487 0.00018825232 0.0058570337 0.00019981743 0.00024743742 7.589149e-05
0.4166889 0.10428442 0.040253684 0.500372 0.024576554 0.0292683 0.3247077 0.8665269 0.010893708 0.1776438 0.096937716 0.31905556 0.028386083 0.68280137 2.1606424e-21 0.7695465 0.17752568 0.8475439 0.01755771 0.07652708 0.19283657 0.028603418 0.45193368 0.00065741997 0.0003292752 0.14259264 0.0001821605 0.87235093 0.0006335736 0.00035849778 0.79124 0.02343907 5.5313893e-05 0.183177 0.14699785 1.1055764e-05 2.7744068e-06 2.464101e-05 0.08577492 0.09842868 7.5013654e-06 2.214787e-06 0.31436062 0.001654508 2.5137115e-06 3.0354466e-05 4.2579322e-06 0.016960204 0.00012503863 0.15987569 0.0695626 1.9038094e-06 1.4749639e-06 1.6274154e-05 0.10124332 0.042840376 0.041727945 1.9360884e-07 0.0049211322 0.09862986 0.005243214 0.0019160104 0.011316251 0.019555671 0.000298761 5.0704518e-08 9.770803e-06 0.016050301 0.006675573 0.006543369 0.012621242 0.00024652047 0.010345041 0.0001735155 0.0001653497 0.0014242139 0.021103526 0.00025255364 3.9122724e-06 1.4642395e-06 2.4584372e-07 2.7193286e-08 4.998969e-06 0.009395016 0.0023182565 0.02327499 0.0035820014 0.012655229 0.0009138738 0.01925382 2.6109873e-07 0.0027010029 0.00017076627 0.0025008284 0.0019046458 0.0009206761 0.00012066995 0.0031223367 2.3463428e-05 5.2544732e-05 0.00029883566
0.0456142 0.06401986 0.020723652 0.417211 0.025725178 0.03673208 0.164975 0.6717789 0.013880076 0.054214295 0.027207494 0.13225377 0.03169384 0.19393475 0.7695465 4.5159078e-23 0.16855393 0.9251515 0.0073154825 0.07949766 0.16353665 0.021882256 0.05889086 0.0013744304 0.00047638267 0.024134608 0.0013777931 0.8348926 0.002217943 0.0029390594 0.21784279 0.019219344 0.00058195344 0.37007228 0.023905892 1.6313577e-05 7.070738e-06 0.00010303863 0.015336249 0.17575473 1.641627e-05 9.372715e-05 0.14447771 0.0020419734 5.347631e-06 2.061781e-05 7.634587e-06 0.003624837 0.00025409594 0.083959036 0.01716803 5.57076e-07 1.3130291e-06 6.9625767e-06 0.034682713 0.014894877 0.008870854 6.005597e-08 0.0012814368 0.07378116 0.004186015 0.0069515575 0.0021761283 0.010957344 0.0027772554 2.0735253e-07 1.2249947e-05 0.017422205 0.00177816 0.002680854 0.006187013 7.591936e-05 0.019507576 0.00096283166 0.00028627436 0.0044624754 0.015458015 8.772273e-05 1.882175e-06 1.4249847e-06 2.6229668e-07 3.061181e-08 4.870258e-06 0.0056132157 0.004090585 0.014810491 0.0015206267 0.006139521 0.0008103894 0.010570448 2.0270187e-07 0.008754597 3.477201e-05 0.0018486428 0.0027480454 0.0011943142 0.00012547306 0.002370682 3.7682723e-05 6.440915e-06 0.00021343931
0.005708752 0.28046697 0.13837735 0.2723281 0.23346153 0.2699657 0.13618408 0.17067641 0.10546933 0.1113024 0.07934719 0.19698781 0.28869468 0.16879664 0.17752568 0.16855393 3.1916984e-22 0.12866569 0.0175797 0.41475105 0.9541366 0.36214274 0.04213271 0.018234067 0.014794102 0.0063498635 0.024624225 0.22547607 0.04280294 0.012933187 0.05453624 0.23899923 0.005661337 0.18183522 0.0078816665 0.002688636 0.00041268175 0.003311821 0.0041649584 0.24115254 0.001185661 0.00343749 0.11281686 0.05683212 0.00033713906 0.002307077 0.00044137507 0.002944478 0.014370379 0.027256131 0.0054780818 0.00015466397 0.00010822449 0.0005280765 0.003975514 0.0031835383 0.0029824374 2.1133475e-05 0.00038237867 0.01566255 0.03045897 0.03657867 0.00068671827 0.0024067534 0.007058083 1.0236737e-05 0.00017941387 0.0034658737 0.0033619206 0.0009725772 0.0021155477 0.00092460884 0.02274528 0.0009735269 0.009058161 0.00536753 0.0025837442 0.00019386133 2.6163516e-05 7.5016806e-06 2.8596944e-05 5.9951975e-07 3.1819884e-05 0.0019920762 0.0029412943 0.0022377092 0.0004467604 0.0012079593 8.588674e-05 0.0008454047 4.007422e-06 0.00022218596 0.0009042564 0.000565825 0.0017416996 0.0001003796 0.00015902237 0.00068662653 0.00041254246 0.00038733074 8.662961e-06
0.07556729 0.05522828 0.020885687 0.30109975 0.022458933 0.030158795 0.12426057 0.5896941 0.010629925 0.058205288 0.036428854 0.12375871 0.026067981 0.22195618 0.8475439 0.9251515 0.12866569 6.373461e-22 0.0069692475 0.06332339 0.14653274 0.015913926 0.13249515 0.00060735975 0.00023078955 0.03908466 0.0008377098 0.873532 0.0015262668 0.0018725456 0.4650376 0.017350774 0.00040245632 0.28574458 0.052267134 1.0552292e-05 7.0088518e-06 3.3284745e-05 0.029670322 0.12852328 1.5640942e-05 9.171191e-06 0.19169793 0.0021286274 7.2458333e-06 2.5586996e-05 1.18594635e-05 0.0046998453 0.00014985571 0.10704114 0.03323073 5.10691e-07 6.0753496e-07 9.250159e-06 0.057796393 0.022627356 0.014063325 5.6472274e-08 0.0018349915 0.09505633 0.0060413196 0.0040462683 0.0044066515 0.013791308 0.0018860723 6.7337034e-08 1.0964916e-05 0.016775396 0.0041912864 0.0032819374 0.011315922 6.314714e-05 0.011541876 0.0006314371 0.00022934037 0.0035752407 0.019492833 0.00018259323 1.3474845e-06 9.3677903e-07 2.4035404e-07 2.1505056e-08 4.0828427e-06 0.0069397003 0.004884771 0.019220192 0.001971349 0.0070827752 0.0012864455 0.017826969 7.736901e-08 0.010608763 2.9232475e-05 0.0028203265 0.0047296807 0.0028134026 9.440373e-05 0.0026886824 3.732787e-05 6.0668644e-06 0.0008942684
0.4993454 0.25508183 0.7216842 0.101192415 0.14443304 0.04401111 0.13564572 0.044517223 0.01097087 0.050446626 0.9703131 0.06946718 0.006296965 0.022660714 0.01755771 0.0073154825 0.0175797 0.0069692475 3.2287086e-20 0.018255059 0.012571766 0.005495792 0.04958266 0.28434634 0.04630124 0.6244055 0.008861326 0.0025199573 0.0013673652 0.00352295 0.008252912 0.001446884 0.0058113597 0.0017297944 0.02163301 0.060788438 0.0008724795 0.00041522156 0.002806479 0.00030091245 0.040328793 2.902239e-05 0.0035687953 3.828271e-05 0.009747844 0.042444527 0.0041522277 0.560794 1.3851189e-05 0.0011142051 0.0023161971 0.0015680434 7.626128e-05 0.0010396568 0.00033177738 0.0022419186 0.05319841 3.0175459e-05 0.054749466 0.0002495387 0.16193573 0.00034184047 0.0036723304 0.00090517313 7.2658906e-05 0.00022029023 0.0012370871 0.0030503306 0.025189426 0.027592057 0.002456797 0.047969814 0.0032322006 0.00015849578 0.00012128304 0.00017358849 0.0015783015 0.0136679225 0.0003103025 4.0989024e-05 1.8035094e-07 4.023323e-07 0.00045909977 0.059540864 4.6126308e-05 0.0017686061 0.06422109 0.016018625 1.9461042e-06 0.0022329255 2.0567379e-05 1.3918907e-05 0.015698448 0.06531877 5.3129825e-06 4.3043415e-06 0.032318033 0.017017718 0.010034228 0.0071422285 2.3881293e-07
0.00036901224 0.15214843 0.070019916 0.1339409 0.1886551 0.3169569 0.06644156 0.081431195 0.21797667 0.05882976 0.039936934 0.08476639 0.6372313 0.08670704 0.07652708 0.07949766 0.41475105 0.06332339 0.018255059 9.892305e-27 0.44252622 0.8447176 0.025007844 0.015648786 0.020818893 0.011026584 0.04465368 0.052443314 0.13755871 0.033723257 0.017909128 0.35825965 0.020282445 0.07129286 0.0061755036 0.004345778 0.0008705509 0.011223872 0.0037526828 0.0722071 0.0016244136 0.006588629 0.052245896 0.055851474 0.00046289162 0.0010783048 0.0006072364 0.0032621322 0.037397053 0.02455144 0.0041733175 1.9600933e-05 0.00010478409 0.00011238638 0.0022798735 0.0023923751 0.0069431956 1.3101929e-05 0.00032730532 0.0020733408 0.009288122 0.011021279 0.0005704825 0.0013019734 0.00023664613 4.316731e-06 2.9908524e-05 0.007439998 0.00024608642 0.00059516553 0.004226008 0.00028356537 0.002205406 3.515965e-05 0.0021184732 0.0002320152 0.0028360928 2.2948747e-05 6.535485e-06 6.886472e-07 1.8847794e-06 2.5779107e-08 1.1086118e-05 0.0010301471 2.2886326e-05 0.0017070953 3.4380144e-05 0.00063275365 6.62415e-08 0.0017214542 1.5614816e-07 2.6934069e-05 0.00010207427 0.00058577827 3.02269e-05 3.1302507e-06 0.00018721302 0.0006314669 6.690531e-05 4.8139653e-05 2.9583907e-07
0.0073010586 0.2156223 0.06844107 0.2580184 0.12321548 0.20517181 0.12461531 0.17237857 0.057836656 0.07048995 0.04105258 0.1783844 0.25197482 0.15308124 0.19283657 0.16353665 0.9541366 0.14653274 0.012571766 0.44252622 3.4999054e-21 0.34296116 0.030427376 0.0061243754 0.0061649173 0.0069992137 0.0071974797 0.2543093 0.017474838 0.0113959545 0.05740093 0.3329672 0.0025144394 0.30341277 0.010788624 0.0012882883 6.3113366e-05 0.0011988503 0.0059278016 0.3511102 0.0006679458 0.0050284853 0.15714899 0.10764214 0.00022815776 0.0012860264 0.00030369914 0.0028675476 0.016628308 0.053201083 0.004268927 2.353716e-05 3.0116322e-05 8.253364e-05 0.011235776 0.008534626 0.0043418575 7.815734e-06 0.0005784642 0.018893948 0.042466998 0.11685142 0.0010025103 0.0037498658 0.022990003 1.6132153e-06 2.8041584e-05 0.004092934 0.0024768878 0.0016869495 0.0034266612 0.0013874733 0.043090798 0.004177895 0.012380352 0.014562857 0.0032268465 0.00035497444 1.543075e-05 3.758268e-06 3.2936596e-06 6.936318e-08 5.836144e-06 0.0028346528 0.0060926494 0.0021164992 0.00037365573 0.0006053624 0.0007329026 0.0020413424 9.029852e-07 0.0027538026 0.00027869773 0.0005812449 0.0048524854 0.00037872372 6.618887e-05 0.00058895233 0.00018282147 0.000109724955 0.00010188433
0.0005266369 0.055753168 0.024540588 0.04806769 0.07932185 0.32091743 0.023167854 0.028864471 0.17919627 0.011137595 0.009546722 0.033475544 0.66218454 0.03432001 0.028603418 0.021882256 0.36214274 0.015913926 0.005495792 0.8447176 0.34296116 2.8767184e-26 0.0078687295 0.008868279 0.011347083 0.0030039449 0.029845864 0.011433913 0.21962276 0.042102024 0.0055432557 0.5866796 0.016623488 0.036632363 0.002981125 0.0032451642 0.0022054226 0.024780294 0.00068778323 0.059499077 0.0009456412 0.017253997 0.013205173 0.14534904 0.00062754727 0.0008707245 0.0011024033 0.00040046024 0.118304625 0.0058873277 0.0024060018 0.000102103186 0.0012499499 0.0003619584 0.00029093985 0.0013732695 0.00056787214 0.00025768392 6.8243186e-05 0.0024607752 0.020226924 0.011579505 0.00016785895 0.0015889814 0.00043892683 2.7680393e-05 0.00022493476 0.0035151488 0.00057566876 0.00032022526 0.0009503447 0.00033186155 0.0028981937 5.0951814e-05 0.0041074995 0.00013897997 0.0016151621 0.00031951477 1.614018e-05 4.5997886e-06 0.0022332452 6.6930966e-07 2.2713291e-05 0.0012082323 8.1468694e-05 0.0008704927 1.7125138e-05 0.0005765047 1.2145491e-06 0.0007945627 3.954778e-06 2.3548097e-05 0.000106040185 0.00034684155 0.00012655309 5.7019884e-06 3.8655708e-05 0.00038040293 0.00022577292 6.39995e-05 1.4413737e-06
0.09105554 0.08597575 0.11607536 0.21498626 0.05111508 0.019716196 0.37973577 0.32535076 0.0088280365 0.78149617 0.59236723 0.5440351 0.014305287 0.51925397 0.45193368 0.05889086 0.04213271 0.13249515 0.04958266 0.025007844 0.030427376 0.0078687295 2.5903747e-20 0.01039885 0.0037033465 0.7387365 0.0025483659 0.09459086 0.0015321755 0.00021172663 0.8492512 0.0005734365 0.00029215793 0.005519665 0.8925552 0.0074485703 9.581395e-05 6.022213e-06 0.5711756 0.0024018441 0.002257316 2.323605e-07 0.46024057 1.3565211e-05 0.00018366153 0.0018543869 0.0004100136 0.11503132 1.2136964e-05 0.077469766 0.08060084 1.5688008e-06 1.2405218e-06 4.3938708e-05 0.06382255 0.3519853 0.4033541 2.585372e-07 0.12522885 0.013089965 0.009645259 0.00010817187 0.08748995 0.12702389 4.1438783e-05 7.2291016e-08 1.2124192e-05 0.07669508 0.038522054 0.19236247 0.06271105 0.0017809932 0.011700458 9.010583e-05 4.2144893e-05 0.00028960966 0.047653493 0.0015286193 3.0528142e-06 2.007566e-06 2.43692e-07 2.0126633e-08 2.2558126e-05 0.06736094 0.00041328653 0.0452826 0.014098139 0.1506437 9.675107e-05 0.10819933 2.108902e-07 0.00086784025 0.00039259033 0.015749417 0.000198748 9.589319e-05 0.004725576 0.019894022 0.00014066449 0.0002558145 7.990331e-05
0.7772792 0.09149906 0.33134788 0.03228235 0.7280779 0.16292594 0.022591285 0.0052246833 0.109102994 0.01759082 0.35260567 0.0057253647 0.03728406 0.0012219757 0.00065741997 0.0013744304 0.018234067 0.00060735975 0.28434634 0.015648786 0.0061243754 0.008868279 0.01039885 2.0530259e-22 0.8837089 0.19067316 0.16693391 0.00026304962 0.007301999 0.017789124 0.0014738061 0.012346338 0.028972857 0.00017064011 0.01148586 0.8372921 0.010325697 0.0031429774 0.0011955387 3.575389e-05 0.66661376 0.00041019154 0.0005134507 0.0004068962 0.06549063 0.7269691 0.08845057 0.21406291 0.00046864315 9.824311e-05 0.00044458895 0.03499411 0.0009154405 0.022600977 8.3564155e-06 0.0014993305 0.03287197 0.0016954413 0.011476985 3.4680637e-05 0.3122224 0.00034163077 0.001361611 7.5269454e-05 4.048648e-06 0.0035473707 0.00452537 0.00072725007 0.007771248 0.009040714 0.001882808 0.063603595 0.0003500249 0.00020634678 0.0005237614 7.876932e-05 0.00013794261 0.004444175 0.0020604052 0.0005482882 2.1554859e-05 1.0256567e-06 0.0022999549 0.011594788 4.5852717e-05 0.00026447687 0.00585654 0.0024530827 2.75505e-07 9.847254e-05 5.8819038e-05 3.751239e-06 0.007964628 0.023990925 8.589841e-06 2.4690494e-06 0.006747007 0.0060234684 0.020798964 0.00810324 4.8252925e-08
0.19699779 0.04021095 0.11642423 0.015513965 0.5648403 0.11192747 0.013647244 0.0035090812 0.33479017 0.006959093 0.0732795 0.0038896499 0.09064834 0.0012573006 0.0003292752 0.00047638267 0.014794102 0.00023078955 0.04630124 0.020818893 0.0061649173 0.011347083 0.0037033465 0.8837089 1.1300061e-22 0.013483299 0.9640233 0.00013565799 0.024233136 0.052694075 0.00066216936 0.0069020456 0.14567006 2.0489968e-05 0.0049921144 0.8183901 0.09963426 0.02017335 0.0003790227 1.3994922e-05 0.33785 0.004840639 0.00091990427 0.00032673054 0.31567338 0.33754548 0.37420255 0.025074843 0.0009924236 8.035868e-05 5.104933e-05 0.09259232 0.009179474 0.05367526 5.4009547e-06 0.00062276877 0.0069220695 0.006784728 0.0009028355 1.724614e-05 0.1206319 3.661968e-05 0.0002582882 8.541364e-05 7.1543e-07 0.008283711 0.00875646 0.0003806684 0.00080975314 0.0007065194 0.00065215584 0.015222976 0.00015078524 3.343867e-05 9.436241e-05 2.0503456e-05 9.498612e-05 0.0009925874 0.0015450012 0.000833323 2.9364774e-05 2.9285015e-05 0.003950639 0.002933101 4.649821e-06 0.00028897185 0.00043909872 0.0014008161 1.6239845e-07 0.00018298929 0.00010074355 2.7958042e-06 0.0019307643 0.004110204 3.941915e-06 1.1281794e-06 0.0017048884 0.002582067 0.0087259235 0.00091174326 2.9995e-08
0.838634 0.066044435 0.2840538 0.123244844 0.11006303 0.0290434 0.27727532 0.12735884 0.014568505 0.43654427 0.8857378 0.23150885 0.014206991 0.13929844 0.14259264 0.024134608 0.0063498635 0.03908466 0.6244055 0.011026584 0.0069992137 0.0030039449 0.7387365 0.19067316 0.013483299 8.808101e-20 0.004648425 0.03088979 0.00057874754 0.0015455441 0.1279797 0.0014437179 0.0007885252 0.0019064223 0.29355776 0.025368286 4.3478398e-05 0.000112994974 0.28539222 0.0003939433 0.022195185 7.4685727e-06 0.038793646 9.198647e-05 0.0006294239 0.019643325 0.0008812164 0.877737 1.4476824e-05 0.020071879 0.03370861 0.0005298731 9.661117e-06 0.00029499267 0.008775227 0.083018064 0.77866673 7.877498e-06 0.5658242 0.0028633021 0.15394773 0.0002531828 0.13476999 0.02150928 2.6218317e-05 4.400184e-06 8.579268e-05 0.033948228 0.3633968 0.5083095 0.059636816 0.029963642 0.009587478 0.0012651471 0.00010618166 0.0013335239 0.015892575 0.028173242 0.00022397877 6.186113e-05 2.422126e-07 9.623161e-07 9.6010335e-05 0.3336089 0.00094978785 0.010384034 0.2393662 0.44510198 0.0002825148 0.009090193 5.756451e-06 0.00045006242 0.013223031 0.2003663 0.00021629475 0.00051136606 0.047484223 0.1663721 0.00252525 0.008289548 2.0042164e-06
0.033372503 0.037256055 0.05633373 0.018945698 0.39033362 0.115829006 0.0076054367 0.0038663428 0.4305285 0.0058594337 0.03161323 0.0017819065 0.12798357 0.00043617882 0.0001821605 0.0013777931 0.024624225 0.0008377098 0.008861326 0.04465368 0.0071974797 0.029845864 0.0025483659 0.16693391 0.9640233 0.004648425 1.0520414e-21 8.7720546e-05 0.28995472 0.43340233 0.0017457389 0.026809895 0.74792707 2.9766223e-05 0.0010487703 0.53458524 0.5643439 0.2516405 0.00024439735 1.0896096e-05 0.13097139 0.03648182 0.00055327715 0.0012481054 0.5973688 0.07884175 0.60219514 0.0015247808 0.012115385 7.475845e-05 4.1463885e-05 0.2196806 0.08299412 0.17620823 1.6642029e-05 0.00038640742 0.0017001028 0.047038507 0.00015880111 2.362284e-05 0.03469566 2.025272e-05 5.453403e-05 7.3056624e-05 5.729595e-07 0.035839457 0.015725374 0.00030885616 0.00020661282 0.00033792784 0.0006329788 0.0039866003 0.0004513536 4.0118673e-05 5.1301944e-05 3.507897e-05 8.589403e-05 0.0001076921 0.0039863284 0.0030106213 0.00029056662 0.0005583267 0.0049867732 0.00063254096 3.0021689e-05 0.00017453518 0.00014421134 0.0012936938 2.0023298e-07 0.0001830605 0.0020628895 5.758472e-06 0.0018878676 0.00080652436 2.031435e-05 9.4693205e-06 0.0004393961 0.001702586 0.008566277 0.0014363145 2.486507e-08
0.79024154 0.051496685 0.011487404 0.19178934 0.0060087685 0.014862297 0.1897634 0.43950558 0.001183497 0.090747796 0.009410132 0.24010608 0.0106669655 0.2979166 0.87235093 0.8348926 0.22547607 0.873532 0.0025199573 0.052443314 0.2543093 0.011433913 0.09459086 0.00026304962 0.00013565799 0.03088979 8.7720546e-05 7.7067234e-19 0.00017605361 7.502299e-05 0.7568248 0.015514372 2.44393e-05 0.47082996 0.06418041 6.467879e-05 2.478727e-06 2.093686e-05 0.01964767 0.30273125 2.481401e-05 9.873984e-06 0.64029187 0.0013183228 2.5375437e-05 3.0157333e-05 4.172207e-05 0.0026634857 0.00016371298 0.46280298 0.0831001 9.260247e-06 2.5216805e-06 2.0942094e-05 0.30764174 0.022094643 0.020855315 1.121995e-06 0.00021704275 0.5096765 0.0017546403 0.0038037214 0.007258532 0.018008513 0.0018516371 5.2976395e-07 1.7458087e-05 0.024407918 0.0023322394 0.0013676501 0.01704685 0.00012129148 0.10343364 0.0033349565 0.0010041267 0.014040175 0.054251723 0.00024837628 8.249535e-06 3.9577476e-06 5.053886e-07 2.4404667e-07 2.7558713e-06 0.0051065427 0.01773835 0.0871769 0.001106863 0.005719299 0.019059801 0.23754925 8.2732686e-07 0.050700724 0.00013590377 0.0016048058 0.017241577 0.011737949 2.7802727e-05 0.0011934569 0.00016292455 2.6550351e-05 0.0047873296
0.004452543 0.023286166 0.012860811 0.019182326 0.06748401 0.15560105 0.00426897 0.003811701 0.55990595 0.0018044882 0.0038500908 0.00085098046 0.5933086 0.00042753277 0.0006335736 0.002217943 0.04280294 0.0015262668 0.0013673652 0.13755871 0.017474838 0.21962276 0.0015321755 0.007301999 0.024233136 0.00057874754 0.28995472 0.00017605361 8.609429e-24 0.94695526 0.00093924766 0.1857224 0.58780694 0.00021771713 0.00069818966 0.009689679 0.3566382 0.6515312 5.606116e-05 0.00014556339 0.004322056 0.46685266 0.00035285013 0.033041008 0.01926637 0.0017582283 0.04263762 0.00010070945 0.35564265 8.262719e-05 0.000105697916 0.0059907287 0.100371905 0.013401266 6.9140424e-06 0.00021417541 0.0004398766 0.020268384 9.066678e-06 1.9091158e-05 0.005175646 0.0017201101 7.1818155e-05 3.914932e-05 6.051907e-07 0.0010464608 0.0009042974 0.00015188455 4.7990674e-05 9.562863e-05 0.00025588035 0.00021361891 0.0003460427 2.8340282e-06 0.0006125572 3.6482408e-05 8.2905666e-05 2.0905238e-05 0.00032789577 0.00037496365 0.009076207 0.00045105367 0.00016145315 0.00077954715 1.2631668e-05 0.00019497395 1.1868357e-05 0.00021899217 5.77004e-07 0.00019910258 0.0012369761 1.781681e-06 8.911953e-05 8.4553416e-05 3.592876e-05 1.7417617e-06 1.4442804e-05 0.00013972365 0.0009951034 0.00014729482 1.4945444e-07
0.001745709 0.026263 0.02732061 0.017677985 0.14033483 0.055345837 0.0055688717 0.0037818705 0.42511353 0.0022727412 0.014118401 0.001356996 0.28623065 0.0005379588 0.00035849778 0.0029390594 0.012933187 0.0018725456 0.00352295 0.033723257 0.0113959545 0.042102024 0.00021172663 0.017789124 0.052694075 0.0015455441 0.43340233 7.502299e-05 0.94695526 9.963628e-25 0.00018736771 0.037529003 0.67040414 0.00032401574 0.00050978985 0.029920943 0.46300617 0.81703615 4.1593514e-05 9.2009635e-05 0.010503353 0.22774747 0.00013479331 0.0072542415 0.021238089 0.006775663 0.044488065 0.00027791207 0.17547482 7.243004e-05 0.00019659687 0.011481254 0.14985158 0.020130796 3.4032175e-05 0.00020807092 0.0009792334 0.061290845 5.3113894e-05 4.085283e-05 0.004834402 0.00012682275 6.247726e-05 3.2708514e-05 3.2846805e-07 0.002661066 0.0022202753 0.0002582202 0.000102687634 0.00019300426 0.0006824146 0.0004205903 6.147598e-05 5.979674e-06 2.4823172e-05 4.3345713e-05 0.00021672278 4.6824774e-05 0.00060519995 0.00076285575 0.004172518 0.00057728536 0.000684069 0.00052029936 2.883942e-06 0.00048108125 4.7665642e-05 0.00044380146 9.5961845e-08 0.00060880027 0.0007950967 6.7287738e-06 0.00029811068 0.00031984312 2.337453e-06 6.8506944e-07 0.00030534843 0.00110667 0.0015914526 7.878209e-05 6.016248e-08
0.5558857 0.04140212 0.032354664 0.22007625 0.01889823 0.00938288 0.19426076 0.4510431 0.002567693 0.43730313 0.098835856 0.40259394 0.013527837 0.72369003 0.79124 0.21784279 0.05453624 0.4650376 0.008252912 0.017909128 0.05740093 0.0055432557 0.8492512 0.0014738061 0.00066216936 0.1279797 0.0017457389 0.7568248 0.00093924766 0.00018736771 3.3115132e-18 0.003121387 0.00017511939 0.046314113 0.41363275 9.165966e-05 6.61259e-05 9.7398e-05 0.55893826 0.031960607 9.9733596e-05 1.4787647e-05 0.8163633 0.00075665256 2.3698116e-05 0.000258154 5.661142e-05 0.008393588 0.00021312587 0.56205034 0.60037816 3.330635e-06 2.2812947e-06 6.6155175e-05 0.77283895 0.45065406 0.15797156 1.3095514e-06 0.005178986 0.20614676 0.0021067504 0.0021833351 0.076764844 0.24942186 0.00046372693 6.950065e-08 0.0001545497 0.11977244 0.0035908583 0.024864048 0.08082742 0.0006089295 0.05081372 0.0018230709 0.0013811721 0.004223506 0.15516314 0.0017908291 6.0603972e-05 5.8514335e-05 3.4654072e-06 1.3096101e-06 8.258796e-05 0.021639895 0.004764733 0.15821336 0.0036901857 0.12915887 0.026920596 0.34953767 5.491341e-06 0.016384989 0.00017285321 0.008039522 0.0075910133 0.007434881 0.0004735546 0.01478255 0.00010515449 0.00035139304 0.00296306
5.1545187e-05 0.025509357 0.008249756 0.025709275 0.038808245 0.10194327 0.013770799 0.027856763 0.071147494 0.003187235 0.0006837918 0.013936953 0.39392102 0.012363275 0.02343907 0.019219344 0.23899923 0.017350774 0.001446884 0.35825965 0.3329672 0.5866796 0.0005734365 0.012346338 0.0069020456 0.0014437179 0.026809895 0.015514372 0.1857224 0.037529003 0.003121387 2.803713e-23 0.02351834 0.06320333 0.00019665428 0.0040555075 0.004864194 0.029665854 0.00010386163 0.15312408 0.00078928244 0.017883733 0.009847452 0.7782475 0.0024741231 0.0019063413 0.0026834297 0.000709646 0.08594883 0.0060418644 0.00066158583 5.8547495e-05 0.0014323031 0.0010099454 0.00044793598 0.0007378299 0.0006077054 0.0002181563 9.3687915e-05 0.0067335214 0.03366429 0.11722221 8.2668426e-05 0.0011475437 0.00943047 0.00017463624 0.0007879066 0.0035667336 0.0013101624 0.0007117759 0.0013095065 0.0132886795 0.022564152 0.0008470701 0.029098015 0.0037282445 0.0028551656 0.0005559045 7.743585e-05 1.7671864e-05 0.0020563104 1.8611643e-06 0.00031991908 0.002772303 0.0019510586 0.0019523195 0.00012699654 0.0017302111 0.00015144746 0.00715642 8.721767e-06 0.00096960936 0.002330867 0.00050607015 0.0014617944 0.0003272616 0.00034966707 0.002082631 0.008401981 0.00055717886 0.00011072717
