1.1557899e-28 0.31775427 0.60251456 0.14231771 0.23441406 0.9429615 0.8455632 0.65869576 0.65990156 0.5810127 0.9801101 0.77970123 0.7650021 0.79258645 0.59317344 0.7953724 0.36575755 0.7285935 0.8751527 0.46222946 0.8935896 0.69642967 0.4974612 0.89513886 0.71364325 0.9457538 0.3399231 0.87368417 0.96312004 0.7690669 0.32382965 0.15889023 0.9400582 0.029375415 0.956572 0.038917724 0.048594113 0.27241674 0.9504017 0.9182158 0.97697806 0.42312834 0.63498825 0.009334603 0.19651191 0.7597433 0.98814934 0.7493746 0.0025335732 0.997039 0.0067075123 0.0035737546 0.101786524 0.0027086306 0.90226436 0.01161235 0.75148433 0.9987649 0.0046436843 0.0014243692 0.25176528 0.0030380865 0.997517 0.029386546 0.013639465 0.025748454 0.9645592 0.99685144 0.99990094 0.94389474 0.9966671 6.6795845e-05 0.9686711 0.24454632 0.49130663 0.01951964 0.99947757 0.9837031 0.95312655 0.0010242894 0.998906 0.82210547 0.9883836 0.53443706 0.11421158 0.1139885 0.021722138 0.8757208 0.9999957 0.027737135 0.05078417 0.00036047096 0.8889115 5.0804065e-05 0.9987803 8.644354e-05 0.1237737 0.0016308143 0.0003666619 5.1692823e-05 0.00041602083
0.31775427 2.6766538e-19 0.91511536 0.92976147 0.59013134 0.7539264 0.7823799 0.24687095 0.51718926 0.8873475 0.23897031 0.10215134 0.40217406 0.022664176 0.123161025 0.054422006 0.10071357 0.053670656 0.05632491 0.055812392 0.034635868 0.026691973 0.14132264 0.016694743 0.0026782195 0.005754945 0.05394434 0.001525617 0.13956738 0.0006554164 0.16715446 5.4273572e-05 0.0041694925 0.00067820074 0.0627691 2.0261812e-06 0.040201314 4.1958588e-06 0.002162174 0.0019989377 0.024702007 0.0058201957 5.069807e-05 2.915296e-05 0.002453656 0.0009911378 0.018733766 0.0008936018 2.660321e-06 0.029047582 0.009633226 5.2926606e-07 0.0019525726 6.163985e-06 7.999468e-06 0.0048049255 4.9264922e-06 0.02426798 0.00065014104 0.0007772455 2.0668456e-06 4.5744136e-07 0.006462614 6.0476746e-06 1.4996293e-06 5.29182e-08 1.1471119e-05 0.0037580477 0.018290756 0.000563748 0.0015430647 1.7301985e-05 0.00018144252 7.125729e-07 2.0400034e-06 0.00012364353 0.0036852239 0.0009844245 0.0007987132 2.6290274e-07 0.0015706079 0.00020725244 0.00084264146 0.0001566001 9.096705e-06 1.2350192e-05 1.1166885e-06 1.3229154e-05 0.00042174268 4.907049e-07 4.24357e-06 6.8830744e-08 2.1772253e-06 6.1197334e-06 0.0016996741 5.6556136e-08 1.9013979e-06 2.009654e-06 2.8679683e-06 4.7317758e-07 5.026651e-07
0.60251456 0.91511536 3.8137245e-18 0.9203309 0.46953595 0.38222787 0.4501829 0.29202217 0.5437692 0.9426704 0.12409417 0.044130377 0.12095657 0.022326658 0.1016722 0.045261174 0.05167044 0.020205006 0.01445301 0.014472782 0.011154693 0.006365346 0.058974206 0.04101282 0.0077460455 0.016754339 0.24487728 0.00087573193 0.04449166 0.0011185197 0.69338155 0.0003619617 0.0022362021 0.008177883 0.017530998 3.55385e-05 0.17345035 7.8502715e-05 0.0039620735 0.0028979217 0.0090119075 0.0015822559 0.0009703781 0.00014072217 0.0029396496 0.0006220307 0.017206 0.00036130453 4.127652e-05 0.009563644 0.071375914 6.2657695e-05 0.0044483496 0.00015146565 0.000102048 0.017570674 7.101991e-05 0.007020754 0.006945232 0.005515548 2.1959582e-05 1.842384e-05 0.0027590971 2.3777666e-05 8.021546e-06 1.7389235e-06 0.000110349145 0.003353465 0.0136034805 0.0008708863 0.0016002592 0.00017579239 0.00013392125 8.955092e-06 4.2024763e-05 0.00049345614 0.0029265697 0.0007747245 0.00038820144 2.9960465e-06 0.0014419566 0.00022446655 0.0005749863 2.0951044e-05 2.8690807e-05 1.2983212e-06 3.3144402e-06 5.995554e-06 0.00052958593 3.2526495e-06 1.45900485e-05 6.790455e-07 1.2571993e-06 8.29767e-05 0.0011043205 2.6425585e-07 2.1103076e-06 3.4323223e-06 0.00010748557 1.7998298e-06 2.4359174e-06
0.14231771 0.92976147 0.9203309 1.0212515e-18 0.8120066 0.37129474 0.39007112 0.50367934 0.7378456 0.8891459 0.12280205 0.17849411 0.103691414 0.063238375 0.047481243 0.15604445 0.024891028 0.009471318 0.006006503 0.030048668 0.0069148145 0.008150017 0.064068206 0.029386425 0.006829459 0.027866676 0.06619465 0.00073684397 0.05481215 0.0011532397 0.1582896 0.00021147518 0.003132725 0.00094453077 0.071756646 2.396338e-05 0.039249707 5.342755e-05 0.016894436 0.007671369 0.008427882 0.00092176377 0.0007990777 8.884806e-05 0.0009809874 0.0003741016 0.018449975 0.0004445349 1.6951324e-05 0.015861675 0.005810706 1.18757625e-05 0.0005275027 2.9192523e-05 0.00053829857 0.0031515497 0.00020430484 0.0064979056 0.00045420023 0.0010800257 5.177107e-05 6.8357917e-06 0.004828313 4.3004537e-05 1.2156598e-05 1.338616e-06 0.00017083908 0.0012383128 0.0061361287 0.0031875635 0.00083911064 3.4146968e-05 0.00085072813 2.4814792e-05 0.00015242622 0.00015264793 0.001956574 0.00082879345 0.0007064021 7.428643e-06 0.0016142535 0.0008916838 0.0005431078 0.00011369749 1.8660476e-05 1.7831031e-05 1.599516e-05 1.3778844e-05 0.00042556148 1.5052352e-05 5.5286047e-05 5.714011e-07 4.9147698e-06 4.535953e-06 0.003079077 5.1374946e-07 9.724166e-06 4.2048155e-06 1.3354189e-05 6.3694774e-06 2.3089892e-06
0.23441406 0.59013134 0.46953595 0.8120066 2.1112284e-20 0.08086295 0.0648918 0.96448493 0.8440266 0.5454424 0.11776824 0.22566706 0.020276034 0.12620135 0.009805141 0.31285712 0.0036419334 0.0014954006 0.0019226868 0.013710214 0.0024189663 0.0028931568 0.0110828215 0.08849869 0.046208017 0.06865883 0.22672583 0.00033059137 0.036512338 0.004449414 0.12938128 0.0019451951 0.0012517648 0.003092592 0.058234002 7.0851595e-05 0.05975009 0.00020573099 0.036184907 0.011855546 0.005695274 0.00029006743 0.0018684658 0.00019847223 0.0006887797 3.9911454e-05 0.032781124 3.7301004e-05 2.3889883e-05 0.018318264 0.01455584 4.335292e-06 0.0002631771 2.2258286e-05 0.0013262397 0.001304454 0.00043211554 0.007561768 0.00018105464 0.000996717 7.043384e-05 2.8640845e-06 0.0066401213 3.95121e-05 1.2601949e-05 2.5199954e-06 0.0009284375 0.0007995446 0.007446362 0.0071819224 0.00079381367 4.607351e-05 0.0023046457 1.544643e-05 0.00027684236 2.784221e-05 0.0014597668 0.00045972253 0.00035702914 1.4826614e-06 0.0055091972 0.002563756 0.0002739813 1.248216e-05 2.9820349e-05 7.6030426e-07 8.438172e-06 2.0683835e-06 0.0004479208 3.4750756e-05 0.000111675996 7.130368e-08 3.0791955e-07 1.2498567e-06 0.007115486 1.0141484e-08 3.8471302e-07 4.057977e-07 4.2652073e-06 6.8562105e-07 8.6209803e-07
0.9429615 0.7539264 0.38222787 0.37129474 0.08086295 1.5646181e-18 0.9606003 0.022573395 0.063809395 0.3724803 0.4680191 0.12149259 0.6051585 0.0054381858 0.19060959 0.0028932272 0.11689841 0.1272377 0.31004816 0.19238414 0.1587313 0.12903124 0.06174667 0.0017382167 0.0005967871 0.00085740245 0.026080389 0.016071163 0.42081547 2.5477693e-05 0.073347405 5.412337e-05 0.034289308 0.00012959648 0.06961698 2.7971805e-06 0.0053404407 3.7879179e-06 0.0034164707 0.00010733703 0.17158408 0.0066495575 8.9816194e-07 6.282376e-06 0.0044125365 0.00052205415 0.05080218 0.00047704115 1.9139372e-07 0.099084646 0.0025642097 1.0586384e-08 0.0033088818 5.507182e-07 6.473093e-07 0.004599354 1.7305268e-07 0.17949419 0.00017039358 6.537104e-05 2.3646732e-07 9.440218e-09 0.035272617 2.078668e-06 5.8213493e-07 4.993963e-09 2.7895483e-06 0.059718918 0.28257787 0.0006069194 0.024963506 5.6581575e-07 1.3689674e-05 3.3348936e-08 2.1142847e-07 0.00014349658 0.061981175 0.010313725 0.0036048128 7.699476e-09 0.008366995 4.0657327e-05 0.009408946 4.7476235e-05 6.106586e-06 5.698346e-06 8.2641336e-08 9.6526155e-06 0.0010366214 3.061323e-07 4.132428e-06 3.3995338e-08 1.0303617e-06 7.023789e-07 0.004874642 2.390206e-08 9.608378e-07 6.1681044e-07 4.8012353e-06 3.931489e-08 5.284346e-08
0.8455632 0.7823799 0.4501829 0.39007112 0.0648918 0.9606003 9.012144e-17 0.021972558 0.097844355 0.68347406 0.08666599 0.00953158 0.7914167 0.0016212788 0.36290628 0.0018506926 0.2629454 0.23812243 0.13208835 0.044385627 0.14443761 0.04135025 0.1999451 0.003100449 0.0015897923 0.00091351883 0.08952406 0.006528696 0.08359246 0.00012235172 0.40605977 9.3765506e-05 0.005170254 0.0043506897 0.009011646 4.787345e-06 0.055749383 6.446932e-06 0.0005169322 8.162641e-05 0.029497473 0.008480401 4.0304913e-06 1.001622e-05 0.0111505985 0.0010869285 0.005697991 0.0011336271 4.2332118e-07 0.012973906 0.02205662 2.2374604e-08 0.014877975 2.7046226e-06 5.680124e-07 0.014228658 4.4899724e-07 0.025916222 0.0018571513 0.0020995769 1.9636377e-06 2.0143759e-08 0.0039980626 2.1974154e-06 1.3509276e-06 3.0724706e-08 1.620566e-06 0.027328195 0.041484386 1.8942643e-05 0.010181528 1.1456939e-05 4.385881e-06 6.064082e-08 1.3452767e-07 0.0013389793 0.014111549 0.003963837 0.002323519 1.21992505e-08 0.00089067244 4.7294593e-06 0.0027975354 0.00021748865 1.7491984e-05 5.815232e-06 2.983343e-07 3.2496748e-05 0.00010845458 1.0684328e-07 4.781247e-07 1.9313331e-08 2.5433557e-05 1.050791e-06 0.0008460843 5.446619e-09 3.0045103e-06 1.392397e-06 2.0968933e-05 2.1104038e-08 2.150726e-07
0.65869576 0.24687095 0.29202217 0.50367934 0.96448493 0.022573395 0.021972558 4.0557987e-20 0.9185557 0.33397132 0.10437066 0.2099559 0.002128734 0.2711637 0.002667198 0.45118463 0.000884727 0.00015418268 0.00021583668 0.0020635072 0.000107501655 0.00036342605 0.0017914757 0.16495816 0.081825934 0.11738167 0.28930956 5.925419e-05 0.029443732 0.008350625 0.12678154 0.004966593 7.517059e-05 0.0064947116 0.049028177 0.0001379988 0.062399022 0.00036339238 0.051279057 0.009715538 0.002816562 1.6966464e-05 0.0021099665 0.00014911553 7.547855e-05 1.3229223e-06 0.052984312 8.25926e-07 5.1947485e-05 0.018450314 0.014038534 1.4725571e-05 5.903528e-05 4.107386e-05 0.00085290073 0.0007350042 0.00022745258 0.004893203 0.00029776146 0.00061686046 5.5533565e-05 1.0187359e-05 0.0060460404 2.8010392e-05 1.2622697e-05 4.781281e-06 0.0006042222 0.00040613167 0.007775858 0.00847569 0.00033909004 2.4405297e-05 0.0017540747 1.5509178e-05 0.00031775082 2.2942007e-05 0.0006782606 0.00011870356 0.00022662565 1.5277216e-06 0.007185053 0.0016725651 0.00029231622 5.2975895e-07 5.0744384e-06 5.6193446e-08 8.191404e-06 4.3004714e-08 0.00073669263 3.434429e-05 4.8250236e-05 4.2082956e-07 3.7554337e-08 8.184205e-06 0.010350108 1.05025244e-07 4.9061903e-08 2.6708105e-07 1.0833018e-05 5.6796256e-07 9.896002e-07
0.65990156 0.51718926 0.5437692 0.7378456 0.8440266 0.063809395 0.097844355 0.9185557 2.0673886e-18 0.82882035 0.049512625 0.06572885 0.020073429 0.082902946 0.021381078 0.20641905 0.012882097 0.002413062 0.0017639243 0.0036642142 0.0010201001 0.0020389115 0.013379583 0.19125098 0.18387833 0.04444242 0.7158412 0.0006743674 0.0143377585 0.02854533 0.677768 0.025098085 0.0005038014 0.16006245 0.021269314 0.0010803497 0.54393977 0.0017388235 0.015523889 0.015479834 0.0033304954 0.00032358465 0.0052265096 0.0009134073 0.00052302016 6.918247e-05 0.02668301 7.10067e-05 0.00035551834 0.010469531 0.27622256 0.00030720377 0.0005305836 0.0019196097 0.0027710106 0.0054336293 0.0013573002 0.0046135266 0.00385604 0.023774385 0.00016729767 0.00012004393 0.0041714753 0.00020974563 0.00012250923 1.9680521e-05 0.0020918362 0.0014337668 0.008523218 0.009315199 0.001302097 0.00026768813 0.0037358913 0.00010555719 0.0019954368 5.4884382e-05 0.001527983 0.0005414043 0.00061157346 4.1536887e-06 0.003547787 0.0054110424 0.000660004 5.103626e-06 1.348969e-05 6.9761325e-07 5.8468435e-05 9.113363e-07 0.00032068827 7.986217e-05 0.00011863158 3.7554482e-06 2.7861504e-06 0.00036909527 0.005941053 6.0656004e-07 1.6341535e-06 1.3840868e-06 0.0001610467 1.5369236e-06 8.750702e-06
0.5810127 0.8873475 0.9426704 0.8891459 0.5454424 0.3724803 0.68347406 0.33397132 0.82882035 4.0315794e-21 0.03729182 0.037082743 0.28857896 0.011611951 0.3094969 0.025351087 0.12684739 0.052484855 0.0064855726 0.0058707264 0.0068163737 0.0027749615 0.27743644 0.027892709 0.012460978 0.0063924505 0.3713706 0.00053524505 0.03237088 0.0010951797 0.72759384 0.00024307959 0.000464564 0.0045621633 0.011043458 4.5893908e-06 0.22472028 1.0483582e-05 0.0021570108 0.0014769502 0.005257682 0.0024775516 6.319998e-05 5.2979736e-05 0.0041202214 0.00021222352 0.0093195755 0.00026145048 7.4662858e-06 0.004402094 0.12302483 1.2076158e-06 0.008832322 3.9097566e-05 3.179025e-05 0.036308218 1.05723975e-05 0.0032017308 0.011275842 0.005799321 2.1295784e-06 2.1562907e-06 0.001247314 2.0989971e-06 9.392427e-07 3.3540903e-07 2.5501322e-05 0.0019738162 0.0057190266 0.0013796268 0.0012663348 0.00013059484 0.00014655905 1.4636503e-06 5.8438854e-06 0.0008874327 0.0017159028 0.0006290908 0.0008621142 1.6890157e-06 0.000499135 0.0002857357 0.00061756774 4.8077673e-05 4.1550098e-05 2.280431e-06 3.8510307e-06 3.4729005e-06 0.00013675209 1.2036078e-06 4.4794747e-06 2.227606e-07 1.7743965e-06 2.1235339e-05 0.0017559435 3.7065174e-08 1.2485796e-06 8.581014e-06 0.0001350772 5.921233e-07 3.6446377e-07
0.9801101 0.23897031 0.12409417 0.12280205 0.11776824 0.4680191 0.08666599 0.10437066 0.049512625 0.03729182 1.4820514e-18 0.9590053 0.04058039 0.28649223 0.010309083 0.08748572 0.0046410635 0.004452235 0.03543131 0.046639614 0.0067520053 0.03307019 0.0019675943 0.03204725 0.0034369524 0.1779953 0.011020407 0.0032743348 0.8202238 0.00084801257 0.019734627 0.0004765294 0.03276873 4.033062e-05 0.66270065 4.844962e-05 0.0023410593 2.6353811e-05 0.25808275 0.028415456 0.1320254 0.00082510733 0.00013949638 1.6149588e-05 0.0011290266 0.00012782573 0.3966256 8.387246e-05 3.037346e-07 0.43559474 0.00068618933 6.191132e-08 0.0008472309 3.0826862e-07 0.00023002004 0.005880295 1.2207706e-05 0.24702363 0.000115743984 5.020691e-05 6.80959e-06 1.6405243e-08 0.36459607 1.04893825e-05 1.5178927e-06 3.034516e-08 0.00060730736 0.025695268 0.41828755 0.05006731 0.0065631866 6.1202786e-07 0.007452688 1.0968739e-06 9.476272e-05 4.5552155e-05 0.067108594 0.006786715 0.0049057514 6.744281e-08 0.32643095 0.004621312 0.006663876 1.4768e-05 1.828648e-05 3.5273754e-06 8.6834604e-07 1.3285409e-06 0.066576906 1.4326461e-05 7.692497e-05 6.795178e-07 3.2536096e-07 1.2122469e-07 0.13116808 2.3350864e-08 4.672231e-07 2.581931e-06 7.1881705e-06 7.357846e-08 7.737989e-07
0.77970123 0.10215134 0.044130377 0.17849411 0.22566706 0.12149259 0.00953158 0.2099559 0.06572885 0.037082743 0.9590053 1.460053e-20 0.02295785 0.9416346 0.0028455101 0.3583492 0.0020198522 0.0016271587 0.009410634 0.052373346 0.00402214 0.013480253 0.0032344798 0.057138767 0.011294166 0.35568795 0.04526163 0.0019608636 0.25258213 0.0032978135 0.00968006 0.002712309 0.019647967 0.00056417834 0.5153308 0.00023257479 0.012891091 0.0008516438 0.3156164 0.152456 0.033340927 0.00050561404 0.0041166865 0.00012013133 0.00030481364 7.455845e-05 0.13567282 8.263964e-05 1.3641588e-06 0.11046384 0.0016275707 2.1165565e-07 0.000515899 1.8562224e-06 0.0025942489 0.000844692 0.0006181531 0.050128546 2.5105337e-05 0.00050376775 0.00035452025 2.163305e-07 0.20352319 0.000103691105 1.48707595e-05 3.6933298e-07 0.0014435659 0.0017193024 0.049138084 0.06848917 0.0011780913 1.01883315e-05 0.022717107 2.7699063e-05 0.00060206663 0.0002504062 0.004407666 0.0015711238 0.0020560604 2.8287238e-07 0.08179043 0.010086459 0.00089675584 1.3201453e-05 1.4181487e-05 4.607199e-06 4.756919e-05 1.3547788e-06 0.0049229846 0.00012227404 0.00052328233 1.7776578e-07 7.619643e-07 4.1371416e-07 0.049437527 1.18546515e-08 1.6358234e-06 8.8534225e-06 8.11851e-06 2.3142239e-07 2.168799e-06
0.7650021 0.40217406 0.12095657 0.103691414 0.020276034 0.6051585 0.7914167 0.002128734 0.020073429 0.28857896 0.04058039 0.02295785 1.3810385e-19 0.00283358 0.8831519 0.004678021 0.8244851 0.9290521 0.28301987 0.18048808 0.557396 0.118166916 0.6881311 0.0024451448 0.0003603034 0.00043344576 0.032789174 0.048548587 0.12160687 5.2025272e-05 0.25082293 9.161235e-06 0.03376926 0.00029623733 0.0095054265 1.3154086e-07 0.02785405 2.489664e-07 0.00033568696 2.3061933e-05 0.09198992 0.18590657 5.680433e-07 3.1746665e-06 0.07032873 0.019546812 0.0024138736 0.018661633 1.9087642e-07 0.014696216 0.018476712 9.3488515e-09 0.041419093 7.605878e-07 1.6443296e-07 0.016401414 2.3263145e-07 0.051015537 0.0024759267 0.0011915894 1.0486427e-06 2.919791e-08 0.0029181808 3.069838e-06 5.4806026e-07 5.947742e-09 8.667893e-08 0.077494875 0.07123481 7.786194e-05 0.029757753 7.914449e-06 3.3236288e-06 1.1229781e-07 4.639978e-08 0.0081608975 0.034454424 0.006088116 0.0050502927 1.1427464e-07 0.00032835486 2.9568525e-06 0.010028459 0.00077325164 0.00036912292 7.464817e-05 3.947897e-06 3.5405043e-05 0.00029638995 1.931336e-07 5.051754e-06 4.5405514e-07 4.0319195e-05 2.8328259e-06 0.0012887534 6.952054e-08 4.4326254e-05 1.8000812e-05 9.614103e-06 2.489721e-07 2.7046525e-07
0.79258645 0.022664176 0.022326658 0.063238375 0.12620135 0.0054381858 0.0016212788 0.2711637 0.082902946 0.011611951 0.28649223 0.9416346 0.00283358 6.8012636e-19 0.00094087084 0.95849895 0.000586402 0.0003144073 0.00054143165 0.009967413 0.00018457105 0.002164102 0.00049545505 0.11634063 0.023498924 0.7463936 0.046913985 0.00039892644 0.07447407 0.008663844 0.004664966 0.0059989896 0.002103513 0.0007731104 0.20350578 0.00035498186 0.0059063644 0.0010167744 0.30446753 0.18655364 0.008353181 9.888916e-05 0.009570779 0.00031787448 0.00014890751 7.847731e-06 0.18153505 1.1781153e-05 5.9557315e-06 0.06650924 0.0014698395 6.7802093e-06 0.00011350324 2.78542e-06 0.0114889825 0.00026085274 0.0021351506 0.022463968 4.5760455e-05 0.0004640437 0.0005163824 2.2856325e-06 0.06462425 0.00020816122 3.5593108e-05 4.243529e-06 0.007148838 0.0007116415 0.024283411 0.07677501 0.00043003552 1.1164696e-05 0.034226768 0.0002739672 0.005785792 3.430835e-05 0.0029797605 0.0005170261 0.0009293991 8.323158e-07 0.070193365 0.023710312 0.00043507165 6.900736e-06 1.4629031e-05 9.1760677e-07 0.00016409814 1.2420092e-07 0.007989679 0.00053520856 0.0006254117 9.086582e-07 4.7348405e-07 8.504989e-07 0.06305002 1.5308885e-07 3.1828807e-07 3.6470735e-06 1.5966127e-05 1.2955529e-06 3.166104e-06
0.59317344 0.123161025 0.1016722 0.047481243 0.009805141 0.19060959 0.36290628 0.002667198 0.021381078 0.3094969 0.010309083 0.0028455101 0.8831519 0.00094087084 3.3840756e-17 0.0019128656 0.8890709 0.7815884 0.061464023 0.02303886 0.19966571 0.020285966 0.9113574 0.0043684496 0.0010897912 0.0007419489 0.06689394 0.008324489 0.015622832 0.00024019126 0.73553336 2.236156e-05 0.0030530489 0.0016476648 0.0016878177 9.736513e-07 0.10386249 1.9528957e-06 0.0003156496 0.0002456648 0.009598081 0.12092641 1.883456e-05 1.34922375e-05 0.16517358 0.004072477 0.0012979894 0.011395813 9.02872e-06 0.0035308946 0.06946867 1.6318656e-06 0.18197604 2.4397059e-05 3.5147866e-06 0.103663385 8.4802095e-06 0.0065855547 0.026250802 0.008204423 9.411844e-06 1.373562e-06 0.0012734123 2.3197703e-05 3.3690535e-06 2.485363e-07 1.9421273e-06 0.028470311 0.017671395 8.823209e-05 0.013974464 0.00019102075 3.392658e-06 2.8820477e-06 4.9537844e-06 0.03206829 0.0077660354 0.0041327234 0.001755432 4.4967796e-06 0.00028088756 3.6692112e-05 0.0046623484 0.000569639 0.0014117948 4.2222815e-05 7.678047e-06 0.00011271847 0.0004250502 8.057301e-07 5.9198637e-06 7.3136295e-07 0.00014703281 2.8105089e-05 0.0010896217 5.0783234e-07 0.00010097256 0.00032439784 0.00043509057 2.7230788e-06 2.8513464e-06
0.7953724 0.054422006 0.045261174 0.15604445 0.31285712 0.0028932272 0.0018506926 0.45118463 0.20641905 0.025351087 0.08748572 0.3583492 0.004678021 0.95849895 0.0019128656 6.0447572e-21 0.0012740311 0.0002736541 0.0005200786 0.00741695 1.8792774e-05 0.0022511429 0.0014203683 0.8936459 0.41838443 0.74717826 0.24544793 0.00016137386 0.051231865 0.17428803 0.0063893083 0.14518832 0.0008904661 0.011496534 0.15314475 0.010176568 0.05369855 0.043974973 0.298671 0.4946 0.005891824 2.5080186e-05 0.20710802 0.005410626 0.0002460754 2.8733398e-06 0.13398787 9.009371e-07 0.0005031381 0.048344262 0.00803591 0.0010409893 0.00018766939 2.4097766e-05 0.105440095 0.00230153 0.034392085 0.009763888 0.000103194594 0.004120991 0.002885019 0.00031738434 0.04046307 0.0016093516 0.00096734747 0.000880766 0.04162108 0.00021592581 0.00530445 0.14748311 0.00017047631 0.00010308 0.13640137 0.0020030453 0.055279333 4.76972e-05 0.0008413161 0.0001787986 0.00042747223 4.743349e-06 0.06256846 0.08153439 0.00014854014 1.0765868e-05 2.4327868e-05 2.7428164e-06 0.0008795091 2.3071479e-07 0.0046358127 0.001752167 0.0023866144 8.453491e-06 1.759789e-06 8.016148e-06 0.04757069 1.06472015e-07 3.451072e-07 3.719103e-07 9.145591e-06 2.8141978e-06 1.5459134e-05
0.36575755 0.10071357 0.05167044 0.024891028 0.0036419334 0.11689841 0.2629454 0.000884727 0.012882097 0.12684739 0.0046410635 0.0020198522 0.8244851 0.000586402 0.8890709 0.0012740311 8.133842e-18 0.9435963 0.068715855 0.029572012 0.28913826 0.023269955 0.88705254 0.0020234373 0.00043210108 0.00017777689 0.06295482 0.008183764 0.010778295 6.759894e-05 0.65265304 4.924552e-06 0.0024855898 0.00095070445 0.00059526286 6.143433e-08 0.09601665 1.1008461e-07 7.675913e-05 7.6178636e-05 0.00604249 0.2147002 3.3405663e-06 5.8444207e-06 0.24039587 0.006965752 0.00012107525 0.02242761 1.3083829e-06 0.0013219746 0.06757423 3.6899212e-07 0.2569247 1.4174819e-05 3.5547544e-07 0.11633283 1.788129e-06 0.0032125793 0.026273936 0.009107891 2.3115583e-06 3.6486858e-07 0.00047194638 3.6425204e-06 9.243795e-07 5.815043e-08 1.3362519e-07 0.0285213 0.006896575 6.4615015e-06 0.010365479 0.000109466906 2.106508e-07 1.1775587e-06 9.306288e-07 0.071780935 0.004507787 0.00274173 0.00086478173 9.633179e-07 6.372968e-05 3.619496e-06 0.0031141574 0.00070017733 0.002439712 3.132456e-05 3.143584e-06 0.00011884515 0.00012488286 1.249377e-07 5.837494e-07 2.4425344e-07 8.183678e-05 2.0641695e-05 0.00022970019 2.476271e-07 6.799483e-05 0.0003091116 0.0002539058 5.389899e-07 6.50533e-07
0.7285935 0.053670656 0.020205006 0.009471318 0.0014954006 0.1272377 0.23812243 0.00015418268 0.002413062 0.052484855 0.004452235 0.0016271587 0.9290521 0.0003144073 0.7815884 0.0002736541 0.9435963 8.244872e-17 0.12340146 0.05722015 0.57058334 0.045256168 0.80239755 0.000969947 4.628239e-05 5.903444e-05 0.01893239 0.035449043 0.018782953 5.9604417e-06 0.4114928 5.096265e-07 0.006968616 0.000111780624 0.00068370765 5.1328147e-08 0.023802452 4.083302e-08 2.9743464e-05 1.9831623e-05 0.017530797 0.44885606 2.4729613e-06 1.9035208e-06 0.28630584 0.016110094 8.723809e-05 0.040337585 7.685698e-07 0.0015181764 0.017360149 8.327505e-08 0.22494243 5.4023917e-06 1.0803942e-07 0.04765663 2.093187e-07 0.010110218 0.011372433 0.0019155801 5.497626e-07 7.6031625e-08 0.000563858 1.7014562e-06 2.2277439e-07 2.0931859e-08 9.047821e-08 0.07925741 0.023088071 4.6609825e-06 0.03626768 3.3104614e-05 6.5617904e-08 2.4785345e-07 1.1150853e-07 0.07953404 0.015218041 0.0060091764 0.0017644265 2.396724e-07 4.0015693e-05 4.9143546e-07 0.0062755295 0.0008546212 0.00261354 0.00011164479 1.7847285e-06 0.00025242384 9.406689e-05 3.4288313e-08 4.152807e-07 5.5305684e-08 7.5590135e-05 1.2239693e-05 8.040498e-05 4.433498e-08 0.00017257535 0.0008805573 0.00024547652 6.7965814e-08 2.7658697e-07
0.8751527 0.05632491 0.01445301 0.006006503 0.0019226868 0.31004816 0.13208835 0.00021583668 0.0017639243 0.0064855726 0.03543131 0.009410634 0.28301987 0.00054143165 0.061464023 0.0005200786 0.068715855 0.12340146 2.72798e-18 0.94939965 0.90847987 0.8309874 0.03848796 0.0002478635 4.4350436e-05 0.000115331015 0.008381721 0.4763878 0.29423746 1.31603465e-05 0.092879005 3.6413825e-05 0.101344414 0.00011637199 0.0110244285 1.3549262e-06 0.004339148 3.5120593e-06 0.00059421075 2.148791e-05 0.1261531 0.092493325 3.577164e-06 2.0533444e-06 0.053935677 0.05925048 0.0010605835 0.053689934 2.3277968e-07 0.022026908 0.0036614737 1.9009047e-08 0.016549222 2.1692974e-06 2.9908526e-07 0.01429092 9.554049e-07 0.05840759 0.0008868765 0.00065300375 7.1733657e-06 2.3618547e-08 0.013764753 2.1614462e-06 8.802524e-07 4.299651e-08 2.0932029e-07 0.1167057 0.090100214 4.38849e-05 0.049123928 1.8515804e-05 2.124639e-06 6.0126087e-07 3.2630092e-07 0.0019928317 0.05937246 0.023847817 0.0200395 2.9165972e-07 0.0018747434 3.2987173e-06 0.023458889 0.000840303 0.00093748746 2.6977463e-05 4.4869485e-06 0.0001403844 0.0014338742 1.5489991e-07 8.666691e-07 3.273813e-07 0.0002566208 7.323223e-06 0.00048871356 4.769656e-07 2.1844682e-05 2.5811103e-05 5.4814343e-05 1.0769851e-07 9.515312e-07
0.46222946 0.055812392 0.014472782 0.030048668 0.013710214 0.19238414 0.044385627 0.0020635072 0.0036642142 0.0058707264 0.046639614 0.052373346 0.18048808 0.009967413 0.02303886 0.00741695 0.029572012 0.05722015 0.94939965 2.5512962e-19 0.8592287 0.94031745 0.022558466 0.001267504 0.00015367784 0.00022224466 0.0015523852 0.7409902 0.33606678 5.0107756e-05 0.011097957 5.4185908e-05 0.30640888 9.736034e-06 0.04888123 7.1851923e-07 0.0019513777 2.9934763e-06 0.0012806719 0.00022315556 0.17654628 0.29148838 1.3931258e-05 1.6446206e-06 0.035558164 0.23235807 0.002361498 0.12854739 8.568199e-08 0.061874606 0.002127912 5.158733e-09 0.009774406 1.0513774e-06 6.94814e-07 0.00780847 2.5888696e-06 0.15130788 0.00063576497 0.00041741595 1.5735528e-05 7.719179e-09 0.059630655 4.9020846e-06 8.4960305e-07 2.4512513e-08 8.93263e-07 0.12758291 0.10551365 7.29396e-05 0.060948912 2.0052557e-05 1.4453938e-05 1.0810865e-06 1.0555518e-06 0.00174262 0.10823085 0.041308083 0.09507721 2.0318687e-07 0.0029171999 3.1039886e-05 0.055341285 0.0059551783 0.000833112 0.0005335253 3.3812317e-05 0.00096658117 0.0007409329 2.699613e-06 9.1224465e-06 3.6281443e-07 0.0015378026 2.6124695e-07 0.00049744186 6.8997446e-07 0.00025294028 3.2664902e-05 3.3081138e-05 4.7352108e-07 1.863434e-06
0.8935896 0.034635868 0.011154693 0.0069148145 0.0024189663 0.1587313 0.14443761 0.000107501655 0.0010201001 0.0068163737 0.0067520053 0.00402214 0.557396 0.00018457105 0.19966571 1.8792774e-05 0.28913826 0.57058334 0.90847987 0.8592287 7.4732604e-19 0.64702016 0.31126395 6.236415e-05 1.8927672e-05 2.825183e-06 0.00046643402 0.87470907 0.06772215 2.2073332e-06 0.03509217 2.5000888e-06 0.16672055 8.050838e-06 0.0084701115 1.4975748e-07 0.0009687504 2.6918713e-07 3.8709455e-05 3.3508466e-06 0.08853151 0.5101745 4.413887e-07 2.21403e-07 0.31978786 0.2912431 0.0010831454 0.4242723 1.334427e-07 0.018880282 0.00087000354 3.6108334e-09 0.18636005 1.6588765e-06 1.4917434e-07 0.05219834 7.1381514e-08 0.07317225 0.00052635215 6.711844e-05 1.7931103e-06 1.0072586e-08 0.006385285 1.6910938e-07 6.0274125e-08 4.5408326e-09 3.4931528e-08 0.37956795 0.088392116 8.350659e-07 0.13682093 4.671837e-06 8.192271e-08 2.4122485e-07 6.005013e-08 0.026659284 0.102242105 0.064785495 0.072818376 1.1594201e-07 0.0002737525 6.142914e-07 0.057987876 0.009424433 0.010424856 0.0010524534 1.0916687e-06 0.002092389 5.0240822e-05 2.5607976e-08 2.3327415e-07 2.5107646e-08 0.0030329523 9.3580576e-07 1.1203799e-05 4.9676125e-08 0.0006085005 0.00016227484 6.072259e-06 1.0296239e-08 1.1376673e-07
0.69642967 0.026691973 0.006365346 0.008150017 0.0028931568 0.12903124 0.04135025 0.00036342605 0.0020389115 0.0027749615 0.03307019 0.013480253 0.118166916 0.002164102 0.020285966 0.0022511429 0.023269955 0.045256168 0.8309874 0.94031745 0.64702016 9.336669e-19 0.0109191025 0.0001915538 2.136182e-05 0.00025881513 0.00043974112 0.9201617 0.26322636 9.5253035e-06 0.010215453 1.218047e-05 0.52505565 3.7717684e-06 0.016428284 2.9962308e-07 0.0012353993 2.1699348e-06 0.0008243967 9.790172e-05 0.22572467 0.09888469 6.1743513e-06 3.6584805e-07 0.020763738 0.12853685 0.0011580726 0.07675392 5.6122218e-08 0.031326104 0.0005022495 4.5263397e-09 0.003734137 7.776443e-07 1.627489e-06 0.0015901821 1.584781e-06 0.14643928 0.0001952058 8.2878396e-05 5.9188706e-06 1.6276387e-09 0.025476903 1.725235e-06 2.7841702e-07 3.0496232e-09 1.1291913e-06 0.16734196 0.15452074 5.546042e-05 0.06860267 3.2832727e-06 5.407123e-06 1.4026982e-06 9.599796e-07 0.00036461817 0.1297875 0.037904758 0.054279983 4.3994575e-08 0.0031577637 1.3484764e-05 0.04963071 0.0017576659 0.00015051902 7.3436204e-05 3.3412705e-06 0.00038743284 0.0012153627 2.959737e-07 2.0469606e-06 6.8092454e-08 0.00025841902 4.922625e-07 0.00044124082 6.8298067e-07 2.9076991e-05 4.6875552e-06 1.2973292e-05 4.1196547e-08 5.580437e-07
0.4974612 0.14132264 0.058974206 0.064068206 0.0110828215 0.06174667 0.1999451 0.0017914757 0.013379583 0.27743644 0.0019675943 0.0032344798 0.6881311 0.00049545505 0.9113574 0.0014203683 0.88705254 0.80239755 0.03848796 0.022558466 0.31126395 0.0109191025 1.0756857e-18 0.0017398287 0.0002796447 0.00028932508 0.08302675 0.0037301166 0.0055604815 5.9494498e-05 0.8208905 2.1803896e-06 0.0006186102 0.00014226166 0.00097317045 8.140123e-08 0.27060425 1.5688912e-07 0.0001551278 0.00013042407 0.004288348 0.6104251 3.921252e-06 2.8359343e-06 0.8436587 0.0032366938 0.0002690356 0.031288598 8.248035e-07 0.0006555283 0.16135529 1.903782e-08 0.66097504 5.9385548e-05 9.1618415e-07 0.48576948 3.765023e-06 0.0019699938 0.06787626 0.018958276 3.5482058e-06 1.5061138e-07 0.00019448498 6.2447502e-06 1.947168e-06 2.453164e-08 1.2256567e-06 0.02030489 0.0022822577 1.547024e-05 0.014254109 0.0006715311 4.5266706e-06 4.0696837e-06 2.5455847e-06 0.3060629 0.0034000918 0.003455874 0.0013083457 6.509137e-06 3.9116665e-05 0.0003392742 0.002166576 0.0011771799 0.021568958 0.0003218559 2.7134443e-05 4.8826354e-05 0.00016458712 6.3362704e-06 1.4007768e-05 8.496919e-06 0.00015842037 3.1315332e-05 0.00041400862 4.7349084e-07 0.0002712015 0.013139725 0.0045609693 4.9293735e-06 4.868349e-06
0.89513886 0.016694743 0.04101282 0.029386425 0.08849869 0.0017382167 0.003100449 0.16495816 0.19125098 0.027892709 0.03204725 0.057138767 0.0024451448 0.11634063 0.0043684496 0.8936459 0.0020234373 0.000969947 0.0002478635 0.001267504 6.236415e-05 0.0001915538 0.0017398287 1.0549139e-15 0.9052722 0.51569057 0.40445524 1.333721e-05 0.02282687 0.9486363 0.027568337 0.44340083 1.4630985e-05 0.1084699 0.059193976 0.06088086 0.22387074 0.3787274 0.1795089 0.31645408 0.00044213785 0.00024921313 0.6674566 0.009475357 0.00040279995 2.2157834e-05 0.10692304 1.4583843e-05 0.0006697413 0.018106513 0.025444532 0.002320981 0.0025363932 0.00015380995 0.083819345 0.0065808147 0.050828993 0.00081526005 0.002793154 0.0049985363 0.020652847 0.000755134 0.006480457 0.011365885 0.0060834354 0.0054158126 0.044433992 3.6292317e-05 0.000622422 0.093678966 6.7582565e-05 0.00024093596 0.045507424 0.003303407 0.042483483 0.022528946 3.929722e-05 6.175315e-05 0.00031472262 3.918256e-05 0.049922507 0.030143859 0.0001020404 3.86508e-05 0.00081986457 5.1377515e-06 0.00058771577 3.9977344e-06 0.005847106 0.0010424064 0.0011047308 3.5646146e-06 8.2598635e-06 2.9096771e-05 0.051410865 1.1266334e-06 3.290366e-06 4.727308e-06 0.00015399694 5.221726e-06 2.2689024e-05
0.71364325 0.0026782195 0.0077460455 0.006829459 0.046208017 0.0005967871 0.0015897923 0.081825934 0.18387833 0.012460978 0.0034369524 0.011294166 0.0003603034 0.023498924 0.0010897912 0.41838443 0.00043210108 4.628239e-05 4.4350436e-05 0.00015367784 1.8927672e-05 2.136182e-05 0.0002796447 0.9052722 2.5587843e-17 0.059286173 0.50984687 6.121248e-07 0.0010338309 0.9571499 0.02182113 0.91826427 1.1936582e-06 0.24015878 0.0038937158 0.46722615 0.16888571 0.5470173 0.010608096 0.02867746 4.141251e-05 1.5224542e-05 0.25715536 0.16799639 7.057664e-05 1.4976655e-06 0.010943784 1.5481344e-06 0.033845786 0.0006879413 0.027554741 0.03735171 0.00041359602 0.0064290995 0.006184364 0.002005446 0.0047677495 4.338868e-05 0.0017543634 0.00972184 0.001502721 0.0128264725 0.0005130104 0.0017165941 0.003215042 0.02176617 0.004048967 1.6001983e-05 1.7734012e-05 0.0059361947 7.049956e-05 0.0005963646 0.001103483 7.5606215e-05 0.0011332342 0.0017012227 6.0692023e-06 2.2895889e-05 0.00011720856 0.000143349 0.0024703662 0.0019455095 5.428093e-05 7.203557e-06 0.00012337956 1.1634768e-06 2.1985732e-05 2.0968603e-06 0.0013845761 3.6836704e-05 8.133664e-05 1.0536961e-06 9.696621e-07 0.0003676491 0.0068824748 2.776159e-06 1.4443307e-06 2.0071584e-06 5.397698e-05 7.0452675e-06 1.4549703e-06
0.9457538 0.005754945 0.016754339 0.027866676 0.06865883 0.00085740245 0.00091351883 0.11738167 0.04444242 0.0063924505 0.1779953 0.35568795 0.00043344576 0.7463936 0.0007419489 0.74717826 0.00017777689 5.903444e-05 0.000115331015 0.00022224466 2.825183e-06 0.00025881513 0.00028932508 0.51569057 0.059286173 3.1034235e-18 0.031520527 8.980981e-06 0.049624648 0.07115165 0.003929031 0.008663791 6.674051e-05 0.00092225394 0.2661606 0.0007939885 0.008808404 0.0066873385 0.8873556 0.8860711 0.0038191436 1.3342883e-05 0.20346887 0.00016091559 0.00016658554 9.615721e-07 0.3570281 1.6181562e-07 8.559796e-06 0.102425866 0.001995555 3.0437166e-05 0.00020784205 2.1321583e-05 0.3372678 0.0013898149 0.05529367 0.016820002 0.00022908198 0.0006314639 0.004434351 3.5608555e-05 0.12984313 0.0019665165 0.00089384336 0.00013068416 0.12619078 0.00015142694 0.019686734 0.5696259 3.673409e-05 1.2686128e-05 0.19969054 0.0018608655 0.076756924 0.00033303653 0.0012525686 9.202034e-05 0.00015735552 1.3499721e-06 0.32332662 0.07611931 8.213468e-05 1.4917534e-07 4.3543155e-06 4.3464112e-08 0.00042607318 8.310938e-08 0.04813044 0.0046290266 0.006997488 8.114213e-06 1.2672474e-07 4.858461e-06 0.3423369 2.4916057e-08 5.4087945e-08 0.00088094245 0.0006481554 2.6866238e-07 2.5982921e-05
0.3399231 0.05394434 0.24487728 0.06619465 0.22672583 0.026080389 0.08952406 0.28930956 0.7158412 0.3713706 0.011020407 0.04526163 0.032789174 0.046913985 0.06689394 0.24544793 0.06295482 0.01893239 0.008381721 0.0015523852 0.00046643402 0.00043974112 0.08302675 0.40445524 0.50984687 0.031520527 4.4751242e-17 3.0153022e-05 0.009414287 0.14742203 0.48020124 0.14719689 2.968731e-06 0.9852625 0.010101655 0.021073151 0.78627104 0.022300696 0.012962038 0.014983251 0.0003982794 0.0002700695 0.01937768 0.08801064 0.0036084931 3.357683e-06 0.013870389 3.358466e-05 0.040040646 0.0027237388 0.24847236 0.0041555925 0.010544834 0.15271007 0.009124096 0.06532958 0.009057946 0.00084462954 0.05934699 0.10498398 0.0014835801 0.00052169774 0.0064167352 0.0008522665 0.00026168273 0.00013771796 0.009310802 0.0003462325 0.0003565465 0.006440342 0.00081106013 0.013596029 0.0019725044 0.0007827042 0.0067465305 0.00090639543 0.000116634976 0.0008081705 0.0014064799 9.801157e-05 0.014219752 0.011237914 0.0016323833 7.8851845e-05 0.000182173 1.0204318e-05 0.0003677282 3.634375e-05 0.007502962 0.0005362946 0.000986851 5.4386915e-06 0.00044317864 0.014431964 0.01415692 1.1548713e-05 1.9826706e-05 8.185461e-06 0.0015684919 1.8216875e-05 4.052161e-05
0.87368417 0.001525617 0.00087573193 0.00073684397 0.00033059137 0.016071163 0.006528696 5.925419e-05 0.0006743674 0.00053524505 0.0032743348 0.0019608636 0.048548587 0.00039892644 0.008324489 0.00016137386 0.008183764 0.035449043 0.4763878 0.7409902 0.87470907 0.9201617 0.0037301166 1.333721e-05 6.121248e-07 8.980981e-06 3.0153022e-05 5.3319416e-19 0.029015625 4.2981983e-07 0.0005194454 2.4519022e-07 0.9527895 8.9588553e-07 0.0036760515 1.7433372e-08 3.9383027e-05 4.7499938e-08 3.7688114e-05 4.260272e-06 0.092741676 0.07628176 2.2827398e-06 3.5446444e-08 0.010678788 0.17414601 0.00075569516 0.18912864 2.6155869e-08 0.008085807 2.1575343e-05 8.1217527e-10 0.0019740353 3.736598e-07 6.198529e-08 0.00031035015 1.1619128e-07 0.077777795 1.868284e-05 7.5992043e-06 5.332076e-07 3.963834e-09 0.01114414 9.647074e-08 1.1233761e-08 3.2836653e-09 8.7426606e-08 0.46758267 0.10364054 5.719522e-07 0.16311198 1.6818052e-06 9.3734025e-09 1.902781e-07 1.7757755e-07 0.00065804657 0.17095736 0.03477409 0.037369933 1.0689172e-08 0.0013852463 6.13991e-07 0.051580172 0.0046816585 0.000701754 0.00020036586 2.3256024e-07 0.0023377943 0.000930806 1.4102956e-08 2.2545672e-07 1.878779e-09 0.0015475368 3.445278e-07 1.4512239e-05 1.1072943e-07 0.00023822417 5.1879338e-06 3.6290874e-06 2.3480102e-09 5.80117e-09
0.96312004 0.13956738 0.04449166 0.05481215 0.036512338 0.42081547 0.08359246 0.029443732 0.0143377585 0.03237088 0.8202238 0.25258213 0.12160687 0.07447407 0.015622832 0.051231865 0.010778295 0.018782953 0.29423746 0.33606678 0.06772215 0.26322636 0.0055604815 0.02282687 0.0010338309 0.049624648 0.009414287 0.029015625 1.8427903e-18 0.0004619697 0.0053425645 2.8650586e-05 0.25379002 2.6480257e-05 0.8133793 7.298235e-06 0.0007864581 2.0704074e-05 0.15969482 0.014147771 0.88889074 0.0022956214 0.00031479495 8.846418e-06 0.0013118509 0.005287581 0.27566937 0.0025657727 1.1155623e-06 0.785912 0.00014089797 4.6020153e-07 0.00040884243 1.6700243e-06 0.00026680628 0.00033408467 5.0493916e-05 0.669933 2.2345114e-06 6.36017e-05 3.4916593e-05 1.4187525e-06 0.64087266 3.3577133e-05 8.348529e-06 1.8659362e-06 0.0006619626 0.09851438 0.67322135 0.02201148 0.041538328 2.8474376e-05 0.004271859 1.7538856e-05 3.95274e-05 5.8080077e-05 0.21947366 0.037598528 0.02558429 1.1284162e-06 0.29314366 0.0018027597 0.022416987 0.00030604345 4.0439885e-05 3.559623e-05 1.5393476e-05 0.0005180209 0.067735 2.9029556e-05 0.00017099018 6.6822093e-07 5.440354e-05 3.6776575e-05 0.062023263 6.0029487e-07 6.5199342e-06 7.946661e-06 5.9282505e-05 3.2182613e-06 3.3313624e-06
0.7690669 0.0006554164 0.0011185197 0.0011532397 0.004449414 2.5477693e-05 0.00012235172 0.008350625 0.02854533 0.0010951797 0.00084801257 0.0032978135 5.2025272e-05 0.008663844 0.00024019126 0.17428803 6.759894e-05 5.9604417e-06 1.31603465e-05 5.0107756e-05 2.2073332e-06 9.5253035e-06 5.9494498e-05 0.9486363 0.9571499 0.07115165 0.14742203 4.2981983e-07 0.0004619697 6.3628093e-18 0.002279491 0.7785863 3.5021856e-06 0.033447817 0.001733898 0.37895566 0.028729612 0.88386023 0.010241283 0.03678656 1.13039e-05 8.170269e-06 0.68511885 0.054963227 1.7049411e-05 6.9392195e-07 0.0040604067 6.053193e-07 0.012008419 0.000854871 0.007918232 0.06368971 0.00012128119 0.001182741 0.022601742 0.0003055098 0.026708761 1.9007572e-05 0.0004677548 0.0012137243 0.029515369 0.03654524 0.0006290758 0.03772383 0.051944405 0.17917426 0.005924323 6.6341386e-06 1.760819e-05 0.0089044105 5.51691e-06 7.4644246e-05 0.0023022864 0.0014406502 0.0021214928 0.00023359933 1.4887611e-06 5.2334867e-06 2.9767953e-05 0.0016608546 0.00073901407 0.0021478455 9.671653e-06 1.7881666e-06 6.8396266e-06 1.290893e-07 3.2664e-05 6.2177705e-08 0.0002969708 7.3882125e-05 6.790314e-05 1.7382157e-06 6.011006e-08 0.00010469868 0.0064062127 1.1118294e-05 1.4492045e-07 7.146703e-07 0.000110298424 3.0283914e-05 9.6062395e-06
0.32382965 0.16715446 0.69338155 0.1582896 0.12938128 0.073347405 0.40605977 0.12678154 0.677768 0.72759384 0.019734627 0.00968006 0.25082293 0.004664966 0.73553336 0.0063893083 0.65265304 0.4114928 0.092879005 0.011097957 0.03509217 0.010215453 0.8208905 0.027568337 0.02182113 0.003929031 0.48020124 0.0005194454 0.0053425645 0.002279491 1.7711734e-18 0.0009484695 0.00010038353 0.022715699 0.0010745056 2.0582083e-06 0.96554226 9.23335e-06 0.0006471918 0.0007630388 0.00086883444 0.01077401 0.00010828221 2.5675998e-05 0.0985085 0.00010331385 0.0018703897 0.0020903915 1.8913263e-06 0.0007644671 0.6553027 8.529669e-08 0.32884282 0.0007325172 0.0001705742 0.5979796 6.5883425e-05 0.0004997201 0.3636365 0.18214749 1.414804e-05 5.1709904e-08 0.00014897624 4.960067e-06 2.9928867e-07 3.1710357e-08 0.0016535734 0.0015631393 0.00040740697 0.00014655585 0.001659185 0.008838395 4.3105545e-05 3.0219157e-06 0.00028471975 0.03430222 0.00023124626 0.0008847295 0.0010531894 2.7488355e-07 0.0008361769 0.0024761935 0.00078702194 0.00023944545 6.0458497e-05 3.158247e-05 1.821505e-05 1.4031139e-05 0.0018432639 2.1019749e-05 0.00013193392 6.4317663e-07 9.507783e-05 0.003551712 0.0024105525 2.7371604e-07 9.375938e-06 7.4791176e-05 0.009747848 2.783196e-07 4.025271e-06
