3.7786435e-22 0.99218875 0.93481463 0.9943793 0.9933565 0.919735 0.8496013 0.9268371 0.9834059 0.81960577 0.9817777 0.95994574 0.9832029 0.9854583 0.8822881 0.9998528 0.9605377 0.95469505 0.875406 0.9799578 0.9462989 0.95558727 0.99868727 0.8915056 0.93150926 0.8375466 0.9765035 0.8257228 0.99989915 0.78852576 0.97569716 0.7827098 0.95542395 0.6035343 0.93176514 0.9410061 0.855819 0.9716108 0.83256054 0.67164505 0.9596404 0.8920312 0.9421386 0.83939505 0.9000177 0.99933904 0.74840546 0.87667894 0.85066897 0.6310709 0.484205 0.26979053 0.6215649 0.015766986 0.5835484 0.9395791 0.1505776 0.85380507 0.5106142 0.45050892 0.7237561 0.043638565 0.9960506 0.9323811 0.09819158 0.42004243 0.94316626 0.026479531 0.06274839 0.9337537 0.41028687 0.99826115 0.6526833 0.66176933 0.58039176 0.65778613 0.16723095 0.024987182 0.020921221 0.11762246 0.013020772 0.7693089 0.0025089423 0.005111737 0.0057380605 0.105929025 0.071535595 0.0047985576 0.5286493 0.17854592 0.6249057 0.0054650865 0.00030848966 0.026480595 0.0040380075 0.4269934 0.0026564766 0.00072223117 0.0043050293 0.0022493326 0.21409956
0.99218875 2.3059288e-15 0.95161194 0.84539825 0.7185326 0.8258744 0.78708357 0.6271188 0.3026203 0.5370942 0.05868206 0.023283219 0.63455933 0.29716927 0.2968932 0.24131852 0.05863421 0.27632317 0.0009125135 0.0031952378 0.022070022 0.0018701646 0.0039775316 0.15681016 0.019290395 0.1445299 0.002367098 0.18080536 0.0017001579 0.008952242 0.31812802 0.004575926 0.00061176793 0.101714425 0.05357135 0.0001699836 0.07420816 1.138944e-05 0.00010176518 0.04963204 0.00075278955 0.00017678614 0.0013048429 0.009098792 0.108442396 0.0028389993 0.026535578 0.0013207629 0.0015086909 9.028647e-05 0.0008083974 0.01863717 0.035539195 8.8532404e-05 0.0013562631 0.0005013758 0.00027441117 3.4651891e-06 0.0013268613 5.5862947e-05 0.034042913 0.0020471346 0.0010528237 0.00012204849 0.00027244425 0.033351958 0.00045911464 2.818282e-05 0.00065093295 4.2004092e-05 0.010126777 0.0022573965 3.297835e-05 2.5753286e-06 0.00067686837 1.7027895e-07 1.1002858e-05 0.00042169375 0.00036139463 3.7131707e-05 0.00018954939 6.39502e-07 0.00011718867 0.00015812529 9.3403956e-05 5.544717e-06 0.002068292 4.3583386e-05 4.6914865e-06 1.584206e-05 1.3147853e-05 0.00013311053 1.1424774e-05 2.6293137e-05 1.3893114e-05 5.1384355e-05 3.72191e-05 4.651724e-06 0.00010643837 8.286156e-05 6.652559e-07
0.93481463 0.95161194 5.172617e-16 0.5048381 0.6966764 0.9592037 0.8536418 0.21404561 0.61154014 0.2388632 0.031021519 0.0035655755 0.5227355 0.28462893 0.045042675 0.16516711 0.076022916 0.10528618 0.0002484547 0.00089748815 0.022313174 0.0020964937 0.0009725358 0.009260927 0.0006657802 0.022962447 0.0032420303 0.009889732 0.0031796377 0.00028365653 0.14522445 4.029717e-05 7.7932156e-05 0.036136985 0.009525032 0.0003078261 0.025950043 6.535161e-06 0.00017565044 0.012473129 0.00094710325 0.00047961966 0.0016127542 0.004467583 0.015372272 0.0036785835 0.008137664 1.3919968e-05 0.0015381384 1.762864e-05 8.1780134e-05 0.0028541104 0.0051762555 1.0726075e-05 0.002039703 0.0007938083 0.0006734009 5.126221e-06 0.00017367062 7.152779e-05 0.01040008 0.0005093039 0.0012831483 0.00025359046 2.5495849e-05 0.0035005014 0.0004926889 7.2739367e-06 6.863669e-05 8.857869e-05 0.006420901 0.002462226 0.00024128985 6.701368e-05 0.0007073682 4.229191e-06 0.00010181382 0.00029466793 0.00013071133 1.0469984e-05 0.00047218005 5.8560477e-06 6.4369895e-05 0.00017669817 0.00020727573 2.5312353e-05 0.0018221801 7.6671924e-05 5.476757e-07 3.3634435e-05 2.4757113e-05 0.00039895705 0.00019890255 3.2086213e-05 1.0772543e-05 0.00021902558 3.124237e-05 2.043292e-06 8.1011734e-05 5.4155178e-05 1.0970758e-06
0.9943793 0.84539825 0.5048381 1.3824065e-15 0.88608927 0.41786668 0.5892644 0.82363963 0.10806748 0.83042943 0.12181525 0.21644245 0.43429017 0.28172418 0.8610343 0.1276088 0.018807007 0.3233593 0.007842205 0.006604174 0.011912094 0.0010285651 0.0065560117 0.58178747 0.10967068 0.19371998 0.00036208928 0.5953285 0.00034725515 0.053813096 0.18800884 0.033864845 0.00024537704 0.06815295 0.027630417 0.0007775017 0.04038185 6.151004e-05 0.000521868 0.023568235 0.00036267762 7.338265e-05 0.0016882718 0.004513366 0.1408258 0.004930281 0.017326036 0.024683105 0.001518965 0.0007699146 0.014671101 0.099106714 0.040604368 0.0003844972 0.0012213389 0.00033911492 0.00029300785 2.786032e-05 0.051323276 0.00012391408 0.02774928 0.052934326 0.0001783313 8.585701e-05 0.0054078302 0.087372385 2.7532746e-05 0.00011896807 0.008265325 1.4654558e-05 0.005864116 0.00022135858 3.1343836e-05 2.1037747e-06 0.0007291254 6.8848735e-08 2.0275495e-06 0.00021542107 0.0032808362 3.2888962e-05 0.00022874687 6.558862e-08 0.000120937 0.00057026633 0.00019350741 1.4685525e-06 0.003054629 0.00013217193 1.0344473e-05 2.1927648e-05 1.1681592e-05 0.00039217144 3.245565e-05 2.5759142e-05 4.4932924e-05 7.616298e-06 0.00018684202 2.159982e-05 0.000206764 0.00024098744 3.6022984e-06
0.9933565 0.7185326 0.6966764 0.88608927 2.190417e-15 0.4067296 0.3138286 0.5206209 0.082030356 0.2672486 0.72621495 0.49985018 0.037980936 0.85469466 0.34462675 0.59491366 0.02461644 0.01571127 0.1601434 0.07177169 0.011937614 0.0003759736 0.03805792 0.055902135 0.14565125 0.009168078 0.003144595 0.02576636 0.0007311984 0.07485778 0.015065149 0.012438152 2.0583528e-05 0.011577307 0.0035625591 0.021059796 0.0046909098 0.0005081698 0.020700466 0.0020054108 0.00050115166 0.00038915998 0.026996383 0.0011505648 0.003394953 0.008722849 0.0014364652 0.0049535227 0.0004089292 0.006720549 0.003040034 0.0030953658 0.00084571645 0.0022606668 0.000761061 0.003047497 0.00021662463 0.00016687668 0.014974735 6.7556175e-06 0.0012622498 0.0042284452 0.0026872994 0.002169158 0.0009941002 0.00079032 0.0014871187 0.0005164572 0.0026723982 5.84516e-05 0.0008934991 0.0024329599 0.00010171415 1.6031108e-05 0.0004705725 6.542956e-08 1.4431687e-06 2.965897e-05 0.0005053607 4.4322896e-06 0.00017397862 2.1136579e-07 4.4316002e-06 0.00013091532 1.5643016e-05 2.475957e-07 3.4102868e-05 0.00015786265 5.9466847e-06 8.545852e-07 0.00047077585 4.527573e-06 5.734947e-05 1.1767757e-05 4.3935898e-07 0.00011529802 4.844791e-05 1.1846623e-05 4.3109696e-05 5.485816e-05 7.609516e-08
0.919735 0.8258744 0.9592037 0.41786668 0.4067296 7.73067e-17 0.9761805 0.3779173 0.48510632 0.5332573 0.019332116 0.004452012 0.81879544 0.1334313 0.12510665 0.08231269 0.10464173 0.46154365 0.00022059484 0.0006848196 0.01892789 0.00065038505 0.0009780495 0.03814249 0.00050631707 0.16795394 0.0008404641 0.07606908 0.0016736366 0.00014631006 0.2867822 2.7553919e-05 5.790459e-05 0.1490118 0.021834983 8.356005e-05 0.075861864 1.6246095e-06 8.033685e-05 0.06040206 0.0002285334 0.0001390452 0.00036486567 0.0071090623 0.11232708 0.0020583558 0.0307155 9.10542e-06 0.0013405657 1.0502686e-05 9.837858e-05 0.014260576 0.046074882 2.6263351e-06 0.00086896325 0.00036110607 0.00029926887 3.7214838e-07 0.00016613796 5.254915e-05 0.075168654 0.0027912594 0.00011095538 1.658939e-05 1.5166952e-05 0.04480804 4.657266e-05 2.9976527e-06 5.1933315e-05 7.790543e-06 0.021047654 0.00033375697 2.1134967e-05 6.032704e-06 0.00028727125 9.002891e-08 2.0826706e-06 0.00048534755 0.00037127422 6.092219e-06 0.00036136585 2.4221862e-07 4.832479e-05 0.0015141553 0.00012025925 1.7520073e-06 0.012581127 0.00023069645 1.4566814e-07 9.237244e-06 1.0155568e-06 0.0020635969 0.00018878395 3.9877846e-06 4.235124e-06 7.142932e-06 1.1569713e-05 7.4144134e-07 1.4820062e-05 0.00011367028 3.223423e-07
0.8496013 0.78708357 0.8536418 0.5892644 0.3138286 0.9761805 5.2426617e-16 0.8280589 0.42895836 0.85454017 0.019907711 0.008367465 0.8918522 0.057561416 0.25773215 0.044104356 0.16867581 0.4976746 0.0008928662 0.0011818581 0.014718595 0.00044871902 0.00176838 0.024101922 0.0014908453 0.18595703 0.00053667877 0.092516944 0.0010457331 0.0003942406 0.08477664 4.6930727e-05 6.617827e-05 0.1822695 0.010652017 0.00022302452 0.027406402 1.5559488e-05 0.00024574425 0.04097671 0.000354736 0.00010060385 0.00017458528 0.0043383786 0.055545896 0.0014087156 0.007250552 2.1317415e-05 0.0012955357 2.1085845e-05 0.00047212467 0.015597732 0.015560507 9.701083e-06 0.0009353326 0.00017142482 0.00031054646 1.3909491e-06 0.0009564651 4.1360174e-05 0.013839022 0.0069245715 0.00011119596 1.4177753e-05 5.5894336e-05 0.012928797 4.1099094e-05 3.947487e-06 0.000105067185 4.5913494e-05 0.004615991 0.00022261673 5.5366512e-05 1.723519e-05 0.00024825032 4.9285592e-08 1.5199176e-06 0.00022270868 0.00033960733 2.4785309e-06 0.00035186505 2.8445334e-07 2.9168868e-05 0.0011369565 6.21778e-05 3.3802996e-07 0.009627133 0.0004142835 3.593167e-07 1.1100444e-05 1.372292e-06 0.002763629 0.00042856167 1.1442596e-06 1.5982665e-06 3.559818e-06 3.2093314e-05 1.136385e-06 5.1918482e-06 9.250957e-05 2.4797683e-07
0.9268371 0.6271188 0.21404561 0.82363963 0.5206209 0.3779173 0.8280589 3.6611388e-17 0.010694151 0.96554244 0.080491416 0.15576808 0.4296466 0.10445217 0.8626745 0.057355218 0.0016074083 0.43498376 0.0036847878 0.0015524022 0.00029451985 3.69355e-06 0.0017546344 0.6086072 0.007921492 0.33570656 4.3328724e-05 0.81002396 4.963259e-05 0.008057656 0.03718257 0.001022262 3.098768e-07 0.068891466 0.001482634 0.00059259706 0.0082724495 4.872039e-05 0.00071839354 0.025745206 3.0228584e-06 1.2291771e-05 0.00041921154 0.00041926632 0.1300121 0.0018494064 0.0065853535 0.0005670536 0.00013217282 3.282864e-05 0.002308983 0.12508516 0.027183501 2.5336407e-05 2.506572e-05 0.00015820433 1.6787886e-05 5.178665e-06 0.02304409 2.5583274e-06 0.013926337 0.06594792 1.125924e-05 1.806241e-05 0.00070046587 0.08775635 4.2570736e-07 5.0133087e-05 0.003451446 1.7060681e-07 0.0012208859 2.5409678e-05 1.896869e-07 1.8098962e-07 1.2096958e-05 2.7232605e-10 3.4480074e-08 2.416287e-05 0.009429215 3.6105234e-07 0.00021081933 1.4068371e-09 5.1125994e-06 0.0050214413 1.4278898e-05 6.4816334e-08 0.0046730605 0.002127719 5.374783e-07 1.210148e-07 3.4400344e-07 0.0015672786 0.00021253015 3.685666e-07 1.2385041e-06 1.4103211e-06 0.0002983769 2.724722e-05 3.831947e-06 0.00031349531 1.8690903e-08
0.9834059 0.3026203 0.61154014 0.10806748 0.082030356 0.48510632 0.42895836 0.010694151 3.6687742e-16 0.023779776 0.02339152 0.0004325713 0.30353603 0.24212177 0.0012363611 0.14591809 0.96515733 0.03241242 0.00018486842 0.0006853459 0.8972958 0.5311596 0.0010224453 0.00057636894 7.3580195e-05 0.009778132 0.020475842 0.000990176 0.018786285 3.786197e-05 0.52317226 9.763198e-07 0.09032282 0.0561494 0.46770877 0.00023958183 0.17523965 1.4336015e-05 0.00014997582 0.021483239 0.006127924 0.0015010868 0.001756362 0.15888251 0.0031877551 0.007938848 0.048099127 1.5064694e-08 0.0978995 3.5320545e-06 1.6735174e-06 0.0003211611 0.0035323547 2.1717897e-06 0.036247082 0.0015058902 0.020143088 2.0935456e-06 6.3226644e-06 0.017495982 0.02107193 0.0001101709 0.0022144103 0.0006364869 6.906677e-07 0.00045905466 0.0024407802 1.0715462e-05 3.8178127e-06 0.00015679303 0.078877576 0.0028404156 0.0007715659 0.0004097691 0.005556469 0.00012178839 0.00049299374 0.014663805 2.771481e-05 0.0008103638 0.002985834 7.78879e-06 0.0008456023 6.1953295e-05 0.0005801293 2.8343922e-05 0.007939851 4.0157374e-05 7.1671525e-07 0.008354814 0.00023338398 0.0010877685 0.00010685964 0.0006002211 0.00015780922 0.00024696428 1.6716232e-05 8.6872626e-07 0.00015722457 3.6807138e-05 2.388921e-06
0.81960577 0.5370942 0.2388632 0.83042943 0.2672486 0.5332573 0.85454017 0.96554244 0.023779776 8.850891e-17 0.027848152 0.091713145 0.7114653 0.036053948 0.8373679 0.025211742 0.008521968 0.6106607 0.0024418312 0.002224374 0.0009776215 1.3698188e-05 0.0018508012 0.37455466 0.004357273 0.6460919 5.7045636e-05 0.9178475 5.6601544e-05 0.0043458315 0.015602909 0.00013313656 4.2592336e-07 0.36579907 0.0014943093 0.00025795537 0.00927722 2.3206598e-05 0.00044708414 0.0556256 7.675601e-06 7.2499806e-06 8.128429e-05 0.0006514606 0.24334264 0.0011062131 0.004566161 0.00012460734 0.00015017261 2.757211e-05 0.002642821 0.24745408 0.037929475 1.1900193e-05 4.2892105e-05 9.719054e-05 7.128193e-06 1.4244343e-06 0.025311004 1.0364275e-06 0.010930001 0.15243818 5.2250043e-06 2.7270416e-06 0.000583198 0.08020153 1.466093e-07 1.1310768e-05 0.0037363619 6.964021e-07 0.0010034026 1.6125201e-06 5.624533e-07 2.2810259e-07 3.3863773e-06 3.3301165e-10 6.3772605e-09 3.7208665e-05 0.018413782 8.3603204e-08 0.00012713663 2.1141265e-08 5.6688978e-06 0.008092723 5.449724e-06 5.5819992e-08 0.005125207 0.005381115 7.5961503e-07 2.7451401e-06 1.0742745e-06 0.0059355516 0.0015289241 3.09317e-07 8.1761965e-07 3.1461127e-06 0.0004742465 6.6971705e-05 7.128397e-06 0.0006908391 4.0584376e-07
0.9817777 0.05868206 0.031021519 0.12181525 0.72621495 0.019332116 0.019907711 0.080491416 0.02339152 0.027848152 5.1311493e-16 0.91884536 0.012296186 0.9202819 0.17302485 0.41008458 0.0065500746 0.008369623 0.78978497 0.48528403 0.0023719145 0.0003078102 0.39434144 0.10252932 0.53443605 0.0034534065 0.005492161 0.028744385 0.0012046287 0.3063734 0.010089134 0.29714143 7.0783144e-06 0.0045517767 0.0011888115 0.2518866 0.00096131454 0.0027151764 0.4328865 0.0010619818 0.0009637815 0.0008750987 0.04251012 0.00023557362 0.003797373 0.00985321 0.00027443576 0.375545 4.1719963e-05 0.24159598 0.032585848 0.0005064337 0.00014553811 0.013442828 0.00015455678 0.0014825398 9.6917945e-05 0.0011044842 0.04037982 3.530997e-06 0.00026948113 0.0019384967 0.0031598937 0.0008532876 0.0076424927 0.0002681854 0.000550838 0.010773495 0.008338858 0.00010564127 8.211314e-05 0.002498309 0.00010250917 1.3278486e-05 6.537989e-05 4.616162e-08 2.7454805e-06 4.5708966e-06 0.00010663192 2.8247491e-06 7.074404e-05 8.6411355e-08 1.1533392e-05 0.000116796706 1.2058729e-05 2.5682684e-07 0.00017490576 4.899226e-05 3.767845e-05 2.144515e-06 0.00015894641 4.200275e-06 1.2266676e-05 1.5095248e-05 6.072648e-06 8.0747246e-05 0.00015131506 2.407188e-05 3.1936746e-05 1.1149332e-05 2.0991652e-06
0.95994574 0.023283219 0.0035655755 0.21644245 0.49985018 0.004452012 0.008367465 0.15576808 0.0004325713 0.091713145 0.91884536 2.746017e-14 0.000644095 0.53776944 0.8031385 0.124531165 0.0004743417 0.001205028 0.5783843 0.14002997 1.5276086e-05 7.348454e-07 0.07824059 0.31390896 0.917096 0.001895975 4.1449297e-05 0.06741551 8.896838e-05 0.79223675 9.2932234e-05 0.64530057 3.078547e-07 0.0007939844 5.9725477e-05 0.0025806502 4.0150364e-05 0.00023967415 0.0050864136 6.174873e-05 1.0104708e-05 8.617164e-06 0.005061431 1.0848648e-05 0.00060667354 0.014044534 6.044489e-05 0.4000133 4.9183214e-05 0.020441167 0.056672648 0.0014963793 2.045063e-05 0.0054682037 4.3454733e-05 0.0013092612 5.2915175e-06 0.00017317082 0.12159607 1.7075854e-05 6.1454164e-05 0.013206994 3.2267173e-05 0.00013888165 0.015488796 0.00020010195 1.1068187e-06 0.03741565 0.014284687 8.8781906e-07 2.0465342e-05 1.88962e-05 9.256106e-06 1.0275189e-06 0.00012783974 1.4190495e-07 4.772491e-07 3.6037213e-06 0.0002169993 1.1852517e-06 9.922447e-06 1.4701625e-06 1.3262826e-06 1.9480081e-05 9.161522e-06 2.4885676e-05 6.515071e-05 5.1412095e-05 8.5868105e-06 0.00021343157 1.121359e-05 7.465798e-07 4.7417616e-06 6.378611e-07 2.4598681e-05 3.8710023e-06 7.862522e-05 3.388829e-06 0.00014581459 0.00015634493 2.0448847e-06
0.9832029 0.63455933 0.5227355 0.43429017 0.037980936 0.81879544 0.8918522 0.4296466 0.30353603 0.7114653 0.012296186 0.000644095 1.13726286e-14 0.041266833 0.03958429 0.01150623 0.088268064 0.9315266 8.737597e-05 0.00030260519 0.01095362 0.00016522042 0.00029870085 0.04019902 5.614645e-05 0.7880279 0.00017064449 0.39591584 0.00046980166 5.8272676e-06 0.4931558 1.663347e-06 1.2727511e-05 0.70057225 0.030808836 8.131309e-06 0.25136048 4.9214276e-07 4.005754e-05 0.44325557 5.44703e-05 3.268513e-05 9.091068e-06 0.016723776 0.57814056 0.0011986188 0.122194275 5.021867e-06 0.0026504286 5.764139e-07 2.2935423e-05 0.087293446 0.36564377 5.7209303e-07 0.0010207248 7.0158305e-05 0.00019754392 7.531037e-07 4.3367378e-05 5.4252974e-05 0.26952165 0.0059173782 2.3717674e-05 9.17616e-06 1.5331605e-05 0.260841 9.689323e-06 5.52789e-06 2.9968625e-05 3.0750007e-06 0.050471727 2.6023365e-05 7.3647557e-06 1.718091e-06 5.2387226e-05 3.9590912e-08 5.6277736e-07 0.0018402445 0.0015817793 1.8454025e-06 0.0011922043 1.718082e-07 0.00032928464 0.01835851 0.00036777207 8.28703e-06 0.13061008 0.0037185166 3.359268e-06 0.00019083485 9.049137e-07 0.019332984 0.0013328462 3.2107903e-06 3.8480295e-05 1.4770579e-05 0.00016179794 7.712819e-06 0.00040209337 0.003755504 2.7121067e-07
0.9854583 0.29716927 0.28462893 0.28172418 0.85469466 0.1334313 0.057561416 0.10445217 0.24212177 0.036053948 0.9202819 0.53776944 0.041266833 3.0696118e-12 0.17874704 0.9735811 0.023228372 0.011314713 0.23939034 0.4176967 0.02546446 0.009927778 0.4767932 0.07068829 0.23270053 0.0052340687 0.06511357 0.016588196 0.019697672 0.1449408 0.03321629 0.16611908 0.0008777901 0.0066372375 0.006926602 0.12666021 0.003781394 0.0054792156 0.107703544 0.00065826974 0.009511071 0.0063507333 0.10864432 0.000655628 0.002729596 0.03487284 0.00041191405 0.13857503 0.00053100835 0.101203516 0.006728299 0.00044875368 0.00027052165 0.004651339 0.00067495776 0.017791692 0.00024921005 0.0010319524 0.01814865 7.151708e-05 0.00051126874 0.001023417 0.1123706 0.008407956 0.00242024 0.00016054863 0.04365285 0.002626598 0.0036474739 0.004172034 0.00048828055 0.08713839 0.00079576037 0.00036691915 0.0016219786 0.00037293765 0.00066945073 1.0317654e-05 0.00022457208 0.00010481028 2.126365e-05 2.7727605e-05 9.267005e-06 3.5675686e-05 5.4206866e-06 3.0358779e-05 0.0005307557 1.769819e-05 6.0980175e-05 5.545299e-06 0.0027315621 1.1212809e-05 2.7316307e-06 0.00018029995 1.222801e-06 0.00083599513 0.00013044398 9.994837e-06 3.189143e-05 1.7985918e-05 0.0003904384
0.8822881 0.2968932 0.045042675 0.8610343 0.34462675 0.12510665 0.25773215 0.8626745 0.0012363611 0.8373679 0.17302485 0.8031385 0.03958429 0.17874704 2.100918e-15 0.051914863 0.00018358376 0.025350463 0.06852089 0.021130983 3.458037e-05 7.406481e-08 0.015663804 0.9662574 0.1148836 0.03870261 1.7427845e-05 0.81917804 4.635633e-05 0.42679107 0.00022315854 0.06036593 1.0693578e-08 0.013158994 4.4489178e-05 0.0036061746 0.00023830685 0.00043551793 0.0034942443 0.0018084266 3.7609766e-07 3.9287306e-06 0.002044715 1.178485e-05 0.01902506 0.0062409523 0.0001760244 0.1150913 5.922608e-06 7.537842e-05 0.11241597 0.07595824 0.002023805 0.00017376934 2.9892485e-06 0.000773203 1.7167284e-06 0.0001581971 0.46392274 1.8549473e-07 0.00031344988 0.24484877 3.4733678e-06 0.00010200976 0.02756885 0.011161387 1.5530454e-06 0.0007492839 0.06121646 3.2360575e-07 2.2708984e-05 2.5944715e-05 4.5485044e-07 1.6097614e-07 1.3476966e-06 1.9124464e-09 4.4355108e-08 6.5274537e-07 0.01029069 2.8424763e-08 7.489192e-06 1.1830714e-07 5.7190615e-08 0.0010503929 1.0661391e-06 8.220261e-07 7.08541e-05 0.0007680284 2.632938e-06 5.3642416e-06 1.3272056e-05 1.717312e-05 0.00021749218 1.536092e-07 1.2653406e-07 4.0669813e-05 0.0003177999 2.0600613e-05 1.346722e-05 7.6529905e-05 6.6049104e-08
0.9998528 0.24131852 0.16516711 0.1276088 0.59491366 0.08231269 0.044104356 0.057355218 0.14591809 0.025211742 0.41008458 0.124531165 0.01150623 0.9735811 0.051914863 4.723777e-11 0.031861313 0.0032223074 0.15863848 0.36112702 0.02501853 0.012856611 0.6108183 0.014317994 0.06442746 0.0008278858 0.23395969 0.0023068339 0.08610627 0.03753853 0.0049865833 0.024872866 0.0008444145 0.0035217677 0.00377625 0.28141856 0.0012891048 0.021918422 0.10031221 0.0017196394 0.014347642 0.012916301 0.23715284 0.0015954394 0.0008223865 0.12098119 0.0012177962 0.023593737 0.001556853 0.050740417 0.0011122369 0.00060540513 0.0011509627 0.0114922095 0.001624457 0.08878323 0.0011205606 0.0030803266 0.0015092047 0.00034248937 0.0008054989 0.001081215 0.31831324 0.07823344 0.0008983573 0.00039496238 0.1893696 0.0020399035 0.0019679423 0.012014531 0.0005750852 0.42129543 0.0012770222 0.0016115487 0.0029329276 0.0008209228 0.0028753148 0.00038080092 0.0038381796 0.0004120622 0.0003959012 0.0008028384 0.0007761944 0.002529895 0.00021312994 0.00013944398 0.0010590133 0.0041066497 7.715397e-05 0.0006916459 0.015988978 0.00014896899 0.00024279901 0.0006660693 0.0007892392 0.0015354147 0.003467723 0.00069699815 0.0012350625 0.0015160401 0.0012769037
0.9605377 0.05863421 0.076022916 0.018807007 0.02461644 0.10464173 0.16867581 0.0016074083 0.96515733 0.008521968 0.0065500746 0.0004743417 0.088268064 0.023228372 0.00018358376 0.031861313 4.0177256e-16 0.010116256 0.00018661302 0.0002073471 0.8149218 0.29793382 0.00045332636 0.00018246876 2.003006e-05 0.006648241 0.0031729282 0.00031268137 0.015805028 8.8047545e-06 0.7745513 1.0887657e-06 0.088703975 0.033584535 0.8560868 4.5465786e-05 0.44714805 2.4171316e-06 0.00011237641 0.03011557 0.0010444439 0.000352997 0.00016243244 0.6694963 0.005644127 0.0038592992 0.22919202 1.46106744e-08 0.5402261 3.1261055e-07 1.5885516e-06 0.00031185945 0.0061007254 7.235272e-07 0.30403283 0.0005399714 0.098109834 2.2981247e-07 7.054943e-06 0.1770284 0.09450262 2.3569532e-05 0.00012296267 7.841637e-05 8.711114e-07 0.0013578406 0.00017679238 1.7919958e-06 2.0019413e-06 1.6391677e-05 0.42477858 0.00045777851 7.2870134e-05 2.0375233e-05 0.005551633 5.317535e-06 3.0989067e-05 0.074136265 1.8056518e-05 0.00075369864 0.015245575 3.7471466e-07 0.0024095506 6.6594155e-05 0.0018045192 1.4714437e-05 0.025863534 1.3298345e-05 1.3417622e-05 0.17694072 5.2441837e-06 0.0017609006 0.00013750354 0.00011993064 0.0015323033 6.8340094e-05 1.8779552e-05 1.5092564e-06 0.000471412 5.1088828e-05 5.6631916e-06
0.95469505 0.27632317 0.10528618 0.3233593 0.01571127 0.46154365 0.4976746 0.43498376 0.03241242 0.6106607 0.008369623 0.001205028 0.9315266 0.011314713 0.025350463 0.0032223074 0.010116256 8.058467e-15 5.6566685e-05 0.00022456523 0.0011192928 1.9267773e-05 0.0001597823 0.027232215 5.0707164e-05 0.970664 2.8066332e-05 0.47676066 0.00015020769 2.1649686e-05 0.13905701 1.7025305e-06 6.6738534e-07 0.6305669 0.0076336996 5.474968e-06 0.076003246 7.7871626e-08 1.9717869e-05 0.32100275 3.5698674e-06 4.213124e-06 6.492454e-06 0.0035803553 0.7979185 0.0007988007 0.06937904 3.8861918e-07 0.0003413697 1.7495839e-07 5.0416398e-05 0.25507087 0.54901314 5.023071e-07 8.9639405e-05 4.0181083e-05 2.2000775e-05 5.4854887e-08 0.00014408282 1.4951233e-05 0.3188989 0.008009107 1.6318205e-06 4.4000453e-06 5.008456e-06 0.57048 3.4928945e-07 2.6690425e-06 3.9641294e-05 2.4485e-07 0.019009957 2.6846915e-06 7.942792e-07 8.1607524e-08 4.5393367e-06 3.1527907e-09 4.998502e-08 0.00036420513 0.0027945943 1.6958532e-07 0.0011545626 6.419988e-09 0.00029056106 0.040008962 0.00036631362 9.810069e-07 0.24007033 0.010496143 1.0051351e-06 1.1050863e-05 1.3604483e-06 0.038665157 0.0021573473 1.3079905e-07 4.3906603e-06 1.1805558e-05 0.0002373993 5.5293855e-05 0.00044245564 0.0086098155 2.856046e-08
0.875406 0.0009125135 0.0002484547 0.007842205 0.1601434 0.00022059484 0.0008928662 0.0036847878 0.00018486842 0.0024418312 0.78978497 0.5783843 8.737597e-05 0.23939034 0.06852089 0.15863848 0.00018661302 5.6566685e-05 7.651481e-14 0.95490813 1.4860057e-05 5.029653e-07 0.46117446 0.009508777 0.9291616 0.00014197433 2.2422828e-05 0.0011902401 3.7022342e-05 0.5711903 5.165429e-05 0.74330944 8.5775326e-07 0.00012694376 5.5130356e-05 0.23666954 2.1925493e-05 0.0037784402 0.5034989 2.3163791e-05 1.36495355e-05 1.346455e-05 0.032020964 1.9612733e-05 2.6724236e-05 0.010385005 3.7310434e-05 0.28050822 0.0002932564 0.6647117 0.011257801 6.802506e-05 3.857362e-05 0.09271844 0.00023970364 0.0020596331 5.2194086e-05 0.010042648 0.009824574 1.1050546e-05 1.1826372e-05 0.00096713816 8.8422115e-05 0.0005040664 0.0029055274 1.27974345e-05 2.314e-06 0.29514584 0.002743323 8.173044e-06 9.7941134e-05 0.00020473453 1.1102783e-05 1.4716003e-06 0.00024693768 3.9742908e-08 1.319273e-07 2.9419603e-05 8.526478e-05 1.6505885e-06 2.4101142e-05 1.4164346e-05 1.5641203e-06 1.4358604e-05 2.37805e-05 4.1012405e-05 6.771437e-05 0.00011452411 8.779302e-05 0.0018063884 0.00011607925 4.0015652e-07 4.905625e-06 3.3676786e-06 8.773853e-05 2.5561778e-05 3.2531072e-05 5.2638047e-06 0.0005824801 6.71584e-05 3.3286535e-06
0.9799578 0.0031952378 0.00089748815 0.006604174 0.07177169 0.0006848196 0.0011818581 0.0015524022 0.0006853459 0.002224374 0.48528403 0.14002997 0.00030260519 0.4176967 0.021130983 0.36112702 0.0002073471 0.00022456523 0.95490813 1.1279571e-13 4.819533e-05 4.2667452e-06 0.9678094 0.0344071 0.51339525 0.00032009394 0.00019929046 0.0052637 0.0002821513 0.35095343 0.00031370737 0.2789304 6.564482e-08 0.00023561475 0.00019204071 0.1641976 2.1306398e-05 0.038667195 0.64664733 3.150678e-05 4.4032797e-05 2.450362e-05 0.047733665 4.528689e-05 0.00010517916 0.031370446 6.313124e-05 0.3118236 2.8229193e-05 0.67396843 0.022733536 9.9163124e-05 1.9316438e-05 0.023327641 6.9516536e-05 0.0045873085 2.6043852e-05 0.034925543 0.024085747 2.2653867e-05 4.7943282e-05 0.0005366775 0.00043264971 0.0026892107 0.008620493 3.215698e-05 3.244879e-06 0.06048138 0.00622672 2.4899893e-05 0.00018317804 0.0010304772 3.5643427e-06 7.950268e-08 5.6097153e-05 3.0163598e-09 8.949458e-08 1.2868478e-05 7.031758e-05 1.5303527e-05 1.0379712e-05 2.7966522e-08 2.965802e-06 1.7682705e-05 8.165424e-06 1.0528839e-07 0.00018935498 5.69172e-06 0.003245096 0.00011332757 0.001306291 1.8546918e-06 2.2444042e-06 8.988299e-06 5.9279733e-07 4.965707e-05 4.6085417e-05 6.552111e-06 0.00015322052 3.9951306e-06 1.116353e-06
0.9462989 0.022070022 0.022313174 0.011912094 0.011937614 0.01892789 0.014718595 0.00029451985 0.8972958 0.0009776215 0.0023719145 1.5276086e-05 0.01095362 0.02546446 3.458037e-05 0.02501853 0.8149218 0.0011192928 1.4860057e-05 4.819533e-05 4.891937e-17 0.95842296 0.00011149465 3.2085436e-06 3.1045613e-06 0.0006650213 0.011955535 4.1076368e-05 0.024083007 4.162323e-07 0.44800976 1.0466324e-08 0.48589718 0.010707511 0.810938 4.171783e-06 0.09475853 3.218112e-07 1.3028167e-05 0.007693484 0.014699375 0.0013740037 9.977365e-05 0.53066516 0.0005269001 0.00453942 0.040017996 4.9412996e-10 0.62997246 8.324117e-09 2.7389598e-07 1.119473e-05 0.0013503797 1.8839437e-08 0.65602803 0.00061713613 0.42293194 8.594896e-08 4.2288863e-07 0.49098426 0.011985618 1.2481022e-06 0.00036157804 0.00010752719 3.086597e-08 3.5885267e-05 0.00055206835 1.3355239e-08 1.0981493e-07 0.00012255539 0.1380374 0.00029161316 0.0021118566 0.00047161506 0.1107939 0.00031918738 0.00070112885 0.03633039 7.5741735e-07 0.010138943 0.0038611935 6.38816e-06 0.0008320357 1.0296028e-05 0.00030571263 3.244364e-05 0.0031623943 2.8223685e-06 4.813047e-07 0.12934023 2.1008786e-05 0.000104059916 1.2365879e-05 0.0013671442 0.0004121266 6.19208e-05 4.5760456e-07 5.0918022e-08 2.8775916e-05 1.3527191e-05 2.0909943e-05
0.95558727 0.0018701646 0.0020964937 0.0010285651 0.0003759736 0.00065038505 0.00044871902 3.69355e-06 0.5311596 1.3698188e-05 0.0003078102 7.348454e-07 0.00016522042 0.009927778 7.406481e-08 0.012856611 0.29793382 1.9267773e-05 5.029653e-07 4.2667452e-06 0.95842296 1.03611634e-17 4.3539683e-05 5.984409e-08 4.7925363e-07 5.5887835e-05 0.0604983 1.7163835e-07 0.05181659 6.124187e-08 0.05629986 3.9708695e-10 0.9646751 0.00014969902 0.47349188 4.2413362e-06 0.008030923 5.4467495e-07 3.5555122e-06 0.00040287312 0.2498078 0.014022999 0.00026923604 0.37161046 5.708926e-06 0.0047301836 0.0067113643 2.251444e-10 0.53279746 7.227968e-09 1.7463032e-07 1.2483801e-07 0.0001333934 5.003612e-09 0.6297923 0.0010086878 0.46349078 1.8872227e-07 5.3185946e-08 0.51748055 0.0012601793 9.620834e-08 0.0054243747 0.0003743564 1.535265e-08 5.151767e-07 0.0042170906 4.0444857e-07 1.5818281e-07 0.0007403073 0.047009863 0.003815953 0.04269605 0.0038130097 0.36470523 0.003084636 0.003046929 0.009687849 2.7753504e-07 0.05587406 0.00066424516 7.019692e-05 9.5036674e-05 1.1254795e-05 8.623375e-05 0.00040098227 0.000107355154 3.571461e-06 9.822099e-07 0.11878896 0.00015212939 4.7635717e-06 1.8615175e-06 0.0043170773 9.864154e-05 0.00042514584 5.75405e-07 4.7562224e-08 0.00010821974 7.4481873e-06 5.1097846e-05
0.99868727 0.0039775316 0.0009725358 0.0065560117 0.03805792 0.0009780495 0.00176838 0.0017546344 0.0010224453 0.0018508012 0.39434144 0.07824059 0.00029870085 0.4767932 0.015663804 0.6108183 0.00045332636 0.0001597823 0.46117446 0.9678094 0.00011149465 4.3539683e-05 5.177868e-16 0.028679648 0.22501136 8.910831e-05 0.00094410125 0.0019209714 0.0010915641 0.12408466 0.00018396741 0.13924155 8.524331e-07 7.055942e-05 0.00013084355 0.5367338 8.458338e-06 0.28781065 0.8282548 1.5570755e-05 9.62173e-05 0.00014628677 0.2945054 1.0977473e-05 1.1779546e-05 0.091201186 9.323579e-06 0.13531515 1.854408e-05 0.39163086 0.0074715437 7.092711e-05 5.2384703e-06 0.015097843 3.9477898e-05 0.029817302 1.6521655e-05 0.19145676 0.0045193164 3.5185426e-06 5.185282e-06 0.00020309865 0.0031633084 0.022483043 0.002634155 5.4028296e-06 0.00030384515 0.023950303 0.003115476 0.00016846546 1.42743775e-05 0.0134783685 7.88403e-06 3.8976295e-06 8.4696505e-05 1.08375836e-07 4.6413684e-06 3.707553e-06 0.00014929114 3.0990162e-05 1.7681971e-06 4.3117998e-07 6.0029606e-07 4.2741162e-06 6.491342e-07 1.4720992e-07 3.565791e-06 5.1354195e-06 0.0076451055 2.511203e-06 0.0092710685 2.124585e-07 1.2380328e-06 4.266491e-05 1.3463342e-07 0.00041396797 2.8034738e-05 1.7004584e-06 3.8613667e-05 2.9109287e-07 3.177005e-06
0.8915056 0.15681016 0.009260927 0.58178747 0.055902135 0.03814249 0.024101922 0.6086072 0.00057636894 0.37455466 0.10252932 0.31390896 0.04019902 0.07068829 0.9662574 0.014317994 0.00018246876 0.027232215 0.009508777 0.0344071 3.2085436e-06 5.984409e-08 0.028679648 2.4757026e-16 0.05104684 0.03765312 6.8763893e-06 0.8948769 4.8369977e-05 0.40149063 0.00036244286 0.091952644 1.342811e-08 0.0028153455 1.3797794e-05 0.00023730038 0.00028895197 0.00016987583 0.00018391444 0.0007628012 2.3267305e-06 4.907192e-06 9.83345e-05 6.771266e-06 0.016832689 0.006539446 0.00036644514 0.63000685 1.7869648e-06 8.987279e-06 0.6244634 0.3382887 0.0017320461 5.2840616e-05 1.2527374e-06 0.00014385326 8.4323585e-07 1.2451105e-05 0.9060916 7.608177e-07 0.00028898809 0.82756615 8.81147e-07 7.569138e-06 0.4511536 0.030388443 2.1481563e-08 0.0026157019 0.44889745 2.4686335e-07 2.3856664e-05 1.8985774e-07 4.568362e-07 5.8853846e-08 1.6596597e-06 4.2005588e-10 2.0282126e-08 4.5336972e-07 0.14375682 1.521161e-07 3.242853e-06 2.6851264e-08 2.9397611e-07 0.0030443626 1.8516308e-06 8.114399e-06 6.296884e-05 0.0023738844 6.173504e-06 9.908136e-05 2.8550335e-06 2.001108e-05 8.11756e-05 9.376143e-08 1.4246192e-06 8.139053e-06 0.003893315 0.00039691455 1.961032e-05 0.00032986514 1.0219281e-06
0.93150926 0.019290395 0.0006657802 0.10967068 0.14565125 0.00050631707 0.0014908453 0.007921492 7.3580195e-05 0.004357273 0.53443605 0.917096 5.614645e-05 0.23270053 0.1148836 0.06442746 2.003006e-05 5.0707164e-05 0.9291616 0.51339525 3.1045613e-06 4.7925363e-07 0.22501136 0.05104684 4.262014e-14 8.3271196e-05 2.8101258e-05 0.0014740358 0.00010795483 0.83932924 3.7882933e-06 0.86353374 2.6971725e-07 2.2538085e-05 4.379085e-06 0.040739257 3.922812e-06 0.024309922 0.07331305 1.12105745e-05 4.4354183e-06 1.4683235e-05 0.010395345 3.9925712e-06 4.609291e-06 0.03064647 1.1632788e-05 0.58074266 3.6473311e-06 0.0041853627 0.07170987 9.563838e-05 6.291448e-06 0.022841727 1.2816903e-05 0.0022970263 5.2390096e-06 0.0026604088 0.06367945 4.2769196e-05 2.6634307e-06 0.0032094477 2.1913827e-05 0.0010599465 0.011569505 3.05094e-06 5.8352066e-07 0.70216525 0.0062661883 6.0396055e-06 2.3480854e-06 0.00011477549 3.956314e-06 1.0288427e-06 5.208119e-06 5.4953436e-08 1.7571149e-07 1.0863273e-06 9.673807e-05 3.0354506e-06 2.0852224e-06 2.127383e-05 5.672448e-07 5.661512e-06 1.0101952e-05 1.2642067e-05 1.974729e-06 1.910212e-05 0.00028678047 0.003424479 0.00010924873 5.903384e-08 3.3112397e-06 4.233775e-06 0.00025943786 0.0001030572 0.00025771832 1.2969765e-05 0.00044262043 0.0010648564 4.5702996e-06
0.8375466 0.1445299 0.022962447 0.19371998 0.009168078 0.16795394 0.18595703 0.33570656 0.009778132 0.6460919 0.0034534065 0.001895975 0.7880279 0.0052340687 0.03870261 0.0008278858 0.006648241 0.970664 0.00014197433 0.00032009394 0.0006650213 5.5887835e-05 8.910831e-05 0.03765312 8.3271196e-05 9.2266e-17 1.3967869e-05 0.64925486 6.169281e-05 6.78258e-05 0.03477234 1.4247232e-05 1.9433156e-07 0.88373995 0.0039997995 4.6259725e-06 0.028293023 8.8888237e-07 3.5504858e-05 0.4942683 1.03907e-06 2.434076e-06 7.741499e-06 0.0016280505 0.8907587 0.00029378405 0.043768298 3.2620292e-07 0.00017802579 1.5058066e-07 9.7023745e-05 0.5237978 0.5396295 1.3635047e-06 3.3599168e-05 1.6169915e-05 6.885537e-06 1.6612233e-07 0.00068526424 5.75211e-06 0.2715394 0.034737524 3.9676274e-07 1.4703392e-06 6.872128e-06 0.6332272 2.8461491e-08 1.02715885e-05 6.149667e-05 6.16228e-08 0.010683275 2.5787432e-07 1.105616e-06 7.268229e-08 7.087349e-07 9.137874e-10 8.290099e-09 0.00024676256 0.006606196 4.626007e-08 0.002161842 8.956847e-09 0.00050696864 0.025517302 0.00054685713 1.0743308e-06 0.07069899 0.00848028 2.9911475e-06 1.7348168e-05 5.8217216e-07 0.020232994 0.0026398965 2.419433e-08 9.135881e-06 9.635059e-06 0.00036692322 0.00013235572 0.00047321263 0.007688984 6.014329e-09
0.9765035 0.002367098 0.0032420303 0.00036208928 0.003144595 0.0008404641 0.00053667877 4.3328724e-05 0.020475842 5.7045636e-05 0.005492161 4.1449297e-05 0.00017064449 0.06511357 1.7427845e-05 0.23395969 0.0031729282 2.8066332e-05 2.2422828e-05 0.00019929046 0.011955535 0.0604983 0.00094410125 6.8763893e-06 2.8101258e-05 1.3967869e-05 1.7192413e-12 4.207443e-06 0.9652445 5.2340106e-06 0.0028445537 6.4425586e-07 0.11588256 3.392653e-05 0.0024514303 0.00020991053 0.00021800696 5.843315e-05 7.2180286e-05 2.8681507e-05 0.90186375 0.9652989 0.001133023 0.00051068125 4.875486e-06 0.00070981716 0.00020304116 4.9723263e-07 0.0013095777 3.981989e-06 9.5126535e-07 1.3542789e-06 1.7194065e-05 1.0350694e-06 0.0029939464 0.00065602927 0.0018341272 1.831092e-06 3.8100507e-06 0.007458868 0.0001800616 3.3493802e-06 0.027883137 0.0051637962 4.287603e-07 5.8692535e-06 0.08555933 8.325114e-06 2.3822051e-06 0.5345637 0.0002648972 0.0027796759 0.3234526 0.2490248 0.04183722 0.3059323 0.09340395 1.3850014e-05 5.6623817e-06 0.034650125 1.9703206e-05 0.002625605 2.943303e-06 1.9663787e-05 2.8802945e-06 0.007438324 4.8462418e-05 3.977855e-06 9.958358e-06 0.0020547872 0.00032194986 6.5977304e-07 8.2085967e-07 0.01718428 3.6919403e-06 0.00028563896 3.8307967e-06 5.866363e-07 7.540315e-05 9.410292e-06 0.07154129
0.8257228 0.18080536 0.009889732 0.5953285 0.02576636 0.07606908 0.092516944 0.81002396 0.000990176 0.9178475 0.028744385 0.06741551 0.39591584 0.016588196 0.81917804 0.0023068339 0.00031268137 0.47676066 0.0011902401 0.0052637 4.1076368e-05 1.7163835e-07 0.0019209714 0.8948769 0.0014740358 0.64925486 4.207443e-06 1.3336371e-16 4.48265e-06 0.005497902 0.0007456331 0.00020433488 3.946997e-08 0.080750495 4.3380034e-05 4.034562e-05 0.0025992936 1.9561949e-06 4.459852e-05 0.020269949 2.3148708e-07 2.0708742e-06 1.3436041e-06 1.1464196e-05 0.21748151 0.0006785624 0.000616742 0.00018262319 2.9957753e-06 8.051164e-07 0.023935482 0.97768766 0.022549853 4.4972385e-06 9.173491e-08 1.2739605e-05 4.2131123e-08 8.796751e-07 0.29734313 4.904824e-08 0.001140301 0.86579734 2.6355622e-07 7.915509e-07 0.0047995946 0.26655397 8.4061625e-08 6.9803687e-06 0.02665366 2.1412016e-07 1.46333705e-05 2.2311726e-06 2.4434023e-06 7.400323e-08 2.1630987e-07 9.957478e-09 1.8917385e-07 1.1022755e-06 0.07181215 1.7503707e-08 7.5035874e-05 1.8237706e-08 9.513407e-07 0.008769195 2.2095319e-06 1.2393399e-05 0.0002188212 0.0074980003 2.7873612e-05 3.651241e-07 4.437256e-07 0.0004961328 0.00053839094 5.174404e-08 1.6289107e-07 6.349896e-05 0.0013235982 0.0001464769 1.103957e-05 0.0002921206 6.4417506e-08
0.99989915 0.0017001579 0.0031796377 0.00034725515 0.0007311984 0.0016736366 0.0010457331 4.963259e-05 0.018786285 5.6601544e-05 0.0012046287 8.896838e-05 0.00046980166 0.019697672 4.635633e-05 0.08610627 0.015805028 0.00015020769 3.7022342e-05 0.0002821513 0.024083007 0.05181659 0.0010915641 4.8369977e-05 0.00010795483 6.169281e-05 0.9652445 4.48265e-06 6.124905e-14 1.30741555e-05 0.0029818628 2.219151e-06 0.124726154 5.209155e-05 0.0066138646 8.132019e-05 0.0003154591 9.661093e-05 3.9319002e-05 0.00010576316 0.8244473 0.85675687 0.0012369489 0.0017792345 1.07559445e-05 0.001054167 0.000362833 5.8894837e-08 0.005370487 3.2469827e-05 4.2888874e-07 6.869136e-07 1.0538945e-05 6.059302e-06 0.0050181835 0.0012273997 0.0017412894 3.0836875e-06 6.0287866e-06 0.009539036 3.6658326e-05 1.1796966e-06 0.059867676 0.0073390035 2.435268e-07 3.6852707e-06 0.04888617 2.3766512e-07 3.7289142e-06 0.67318106 0.00027004324 0.009922874 0.31368324 0.30070323 0.077372596 0.3774444 0.06934932 6.919e-05 3.8931958e-05 0.036547568 3.5124227e-05 0.094474345 7.802589e-06 1.098099e-05 1.4856061e-05 0.024330365 3.6796468e-05 4.044291e-06 4.839734e-05 0.0033768236 0.0008891711 2.0703035e-06 7.355767e-07 0.015003017 2.2601063e-05 0.00045733998 4.33085e-06 9.1254606e-07 0.0001690845 3.1341042e-06 0.1393049
0.78852576 0.008952242 0.00028365653 0.053813096 0.07485778 0.00014631006 0.0003942406 0.008057656 3.786197e-05 0.0043458315 0.3063734 0.79223675 5.8272676e-06 0.1449408 0.42679107 0.03753853 8.8047545e-06 2.1649686e-05 0.5711903 0.35095343 4.162323e-07 6.124187e-08 0.12408466 0.40149063 0.83932924 6.78258e-05 5.2340106e-06 0.005497902 1.30741555e-05 2.6466148e-16 1.6078811e-06 0.9879964 7.1162884e-09 1.3097693e-05 1.117121e-06 0.0066558537 1.2773992e-06 0.009424595 0.0056068674 3.1070522e-06 1.8758082e-06 1.0112126e-06 0.0024533903 2.9847575e-07 6.240636e-06 0.017204376 4.77172e-06 0.8665637 1.4026382e-06 0.0007007729 0.413167 0.00048672425 1.1483394e-06 0.0041923416 2.7788105e-06 0.0008458334 1.2514968e-06 0.0009033639 0.10917794 9.512622e-06 3.008437e-07 0.014327363 2.4431506e-06 0.00013762737 0.036623113 2.7142635e-06 2.9141324e-08 0.1246548 0.01755426 1.7614603e-07 1.6677245e-06 4.2410893e-06 1.311436e-06 1.9243697e-07 2.1833425e-06 8.781043e-09 1.1593813e-07 3.1015459e-06 0.0008558686 4.733872e-06 2.914897e-06 4.5822333e-07 5.754788e-08 3.3215172e-05 7.70569e-07 2.7235903e-06 1.5418768e-06 1.0567892e-05 3.83768e-05 0.0024730617 1.0044141e-05 4.731918e-08 7.9161055e-07 7.978677e-06 1.09255125e-05 5.5618334e-06 0.00042806842 2.9249636e-06 0.00010499997 0.00010117296 2.5698044e-05
0.97569716 0.31812802 0.14522445 0.18800884 0.015065149 0.2867822 0.08477664 0.03718257 0.52317226 0.015602909 0.010089134 9.2932234e-05 0.4931558 0.03321629 0.00022315854 0.0049865833 0.7745513 0.13905701 5.165429e-05 0.00031370737 0.44800976 0.05629986 0.00018396741 0.00036244286 3.7882933e-06 0.03477234 0.0028445537 0.0007456331 0.0029818628 1.6078811e-06 7.3090465e-15 9.4241386e-08 0.0044763773 0.39945647 0.7829872 7.55563e-06 0.98469937 1.30974e-06 5.6513793e-05 0.45020097 0.00024248201 0.00022238414 3.702308e-05 0.3503461 0.08268106 0.004472191 0.7018967 7.250558e-09 0.045886144 2.3615033e-08 2.2566947e-07 0.0019195915 0.10182425 2.5100547e-07 0.0054152105 0.00016489332 0.0015939649 2.3462635e-06 1.3026172e-06 0.00058169826 0.616199 7.9645244e-05 2.8716182e-05 2.822163e-05 2.17298e-07 0.05389845 2.2650325e-05 1.663083e-05 3.4240345e-06 1.097528e-06 0.4704766 6.432804e-05 2.3546861e-05 1.242428e-06 0.00029563447 1.5676619e-07 4.5944813e-07 0.04852133 2.1280324e-05 1.9056324e-05 0.024784379 3.7614267e-08 0.0053428854 0.0021636449 0.006222707 7.4760504e-07 0.2647791 0.00021580233 5.828396e-06 0.022167593 2.1363328e-05 0.022665804 0.0007673509 5.5998507e-06 0.003976714 0.00014511777 1.3381535e-05 2.737522e-06 0.014866486 0.0026510302 9.77083e-08
