1.0529591e-24 1.0271306e-05 1.2440647e-07 0.0015797457 2.3093992e-06 4.918148e-05 6.6293476e-05 0.003573591 0.020713279 4.0026403e-06 1.2590572e-09 0.018789703 0.0009139418 3.321053e-06 0.025105523 6.253481e-06 0.0044688336 0.24707682 0.029543016 0.18584388 0.00302105 5.7811388e-11 0.19467652 6.7187866e-05 0.0116363615 0.07349042 0.3978844 0.015064777 1.7136017e-05 1.9065746e-10 0.04076289 0.034473006 0.0039157034 0.23884672 0.099696904 0.7327373 0.013535793 0.63584125 0.23777021 0.35135704 0.9598207 1.6425454e-06 0.00023564778 0.0068973573 0.0049653915 6.964197e-08 0.033152103 0.3640631 0.00957333 0.34018782 1.1994545e-07 0.48610958 0.48106617 0.051623575 0.4513351 0.218892 0.024676202 0.9161658 0.16749217 0.4702314 0.23222542 0.0963045 0.044761527 0.014754587 0.87929994 3.6289613e-05 0.18487525 0.31513542 0.93549085 0.6600317 0.8537572 4.933453e-07 0.88090974 0.83936054 0.9580744 0.18170068 1.6361751e-05 0.006612685 0.5353208 0.671822 0.628708 0.7092447 0.5170315 6.035803e-05 0.9602808 0.8561571 0.17869164 0.050838012 0.8144417 0.99611205 0.9507208 0.36387727 0.5755866 0.9933901 0.9797075 0.78738296 0.00029034223 0.011879032 0.05449799 0.9986599 0.99917877
1.0271306e-05 2.7202872e-20 0.52897084 0.768031 0.12678382 0.25735962 0.068561144 0.05069091 0.18316446 0.31387925 0.058662046 0.017459953 0.0072066523 0.0013102824 0.0082824435 0.0012720722 0.002007441 0.0030107177 0.0017539737 0.0017723867 0.001326442 0.019918712 0.0028786773 0.017101066 0.00012554729 0.00065203645 4.4805493e-05 0.0006434221 0.004011139 0.0690082 9.370525e-05 0.0005377034 0.001238852 6.258824e-05 5.701464e-05 0.0017003387 1.1953995e-05 7.8263765e-06 0.00012069102 1.5841606e-05 3.392197e-05 3.0055207e-05 3.973465e-06 1.4186362e-06 6.5523324e-07 0.00013269277 7.066706e-08 9.25179e-06 2.7994903e-07 1.7432998e-05 0.00017515346 1.0275478e-05 1.3515881e-05 7.847862e-05 5.311818e-06 2.0788715e-05 0.00013800077 1.5332658e-05 1.7553315e-05 3.0577824e-06 5.684408e-06 9.369127e-06 1.379032e-07 2.4559088e-07 6.248584e-05 4.714731e-07 2.7364206e-06 6.59323e-06 0.0005111995 6.46483e-06 4.0001312e-05 2.8681682e-06 2.8998331e-06 4.0139053e-06 5.699925e-07 2.0286414e-05 3.5855656e-08 2.5261745e-06 1.5916201e-07 2.9838397e-06 4.9985165e-06 1.7482345e-05 1.2069826e-06 1.4262594e-07 2.1946247e-05 3.0527092e-06 2.4462772e-06 5.6313926e-05 1.3267645e-06 0.00015466486 4.0905103e-05 1.1746408e-05 4.3316845e-06 1.5115402e-05 1.4016152e-06 1.2249158e-06 4.5737375e-05 3.7861504e-05 1.8677265e-05 6.9566064e-05 0.00014695415
1.2440647e-07 0.52897084 2.554204e-22 0.1790787 0.65365183 0.07507388 0.013812335 0.0010782433 0.004835601 0.026689826 0.35212743 0.0014617937 0.003464147 0.00085707667 7.2716306e-05 0.0018537837 3.1906109e-06 0.00036945945 0.000115238225 2.3517285e-05 3.772285e-05 0.0058726585 4.7136207e-05 0.0007920868 1.3861654e-05 1.4708622e-06 1.0782343e-06 5.9917398e-05 5.8775637e-05 0.05189995 1.9211398e-06 6.423345e-05 5.21795e-05 4.851902e-07 1.6228093e-07 0.00048698403 2.376838e-06 1.512978e-07 1.6234665e-06 5.906578e-06 8.057151e-06 4.27147e-05 6.8963345e-06 4.991659e-07 5.3784333e-07 7.906679e-06 7.7620875e-08 2.0862278e-07 8.249295e-07 1.3154418e-06 6.738354e-06 1.430343e-05 5.2581354e-06 1.006958e-06 8.5250707e-07 6.328257e-06 6.026769e-06 1.1389195e-06 1.2863196e-06 2.8922216e-06 3.480276e-07 4.0774107e-06 2.133928e-07 1.4222137e-06 3.5974666e-05 2.923759e-06 1.222963e-06 7.5698454e-06 0.0025049436 4.5410256e-06 1.394459e-05 3.1007442e-06 3.3039437e-06 4.71615e-06 3.0043572e-07 8.6880045e-06 4.8850427e-07 3.7367687e-07 1.1306698e-06 2.2845145e-06 8.082826e-06 9.389289e-06 8.5247456e-07 3.5618725e-06 2.8402922e-06 3.3607869e-06 1.9928541e-07 3.883382e-06 1.0342494e-06 0.00023039414 0.00037256526 5.749486e-07 4.1407336e-07 1.6978553e-05 5.5602745e-06 2.6417172e-07 3.9873694e-06 1.7359891e-06 1.1893346e-06 1.7422693e-05 0.00011926194
0.0015797457 0.768031 0.1790787 6.190273e-22 0.0772044 0.25421458 0.06540755 0.5620415 0.8977735 0.38983595 0.058938112 0.05551706 0.021884264 0.0025449803 0.11275048 0.00064263685 0.04265401 0.04331707 0.012292447 0.026843818 0.0042442237 0.043201603 0.10384579 0.14496377 0.00034405175 0.0040849475 0.0006807659 0.026107302 0.023908699 0.08110286 0.000112433976 0.033723257 0.03307341 0.001081217 0.00076469715 0.06918223 1.7249266e-05 0.00012652388 2.10553e-05 1.25269025e-05 1.0489793e-05 4.9347163e-06 7.3225383e-06 3.9722413e-06 8.945682e-07 0.0014087197 5.6928656e-08 9.227668e-07 1.15575375e-07 2.8297263e-06 0.0036859845 2.0082955e-06 0.0008090836 0.0008666708 1.699023e-05 7.683456e-07 0.003913172 6.012065e-05 2.2640293e-06 9.855074e-08 1.4634633e-06 2.4224323e-06 8.5370875e-09 4.4703734e-09 1.3003744e-06 6.2493706e-07 4.8398306e-07 0.00022228555 0.002769044 1.6907046e-06 1.4214991e-06 1.8578913e-07 2.9341035e-07 5.1993175e-07 3.548766e-07 0.00016774164 1.1921746e-08 8.562242e-05 2.4386228e-08 6.8471876e-05 2.4915014e-06 7.4665923e-06 4.75054e-07 9.035886e-08 9.903531e-06 1.2728432e-07 1.2832393e-06 0.00019851235 3.8691587e-07 7.204288e-05 1.9088426e-05 4.3945622e-07 4.902334e-07 5.9019352e-05 6.5844864e-07 3.6974035e-07 2.6279273e-05 2.8514403e-05 2.3600933e-05 1.6004087e-05 0.00013873087
2.3093992e-06 0.12678382 0.65365183 0.0772044 1.3471184e-19 0.16248387 0.09057799 0.0009193982 0.0011212757 0.0018458727 0.008461557 0.05222084 0.0902667 0.04223265 0.0023949982 0.18475705 8.765348e-05 0.011145707 0.007837993 0.0034287956 0.012167858 0.00019879028 0.00013940023 7.323743e-05 0.00847793 0.0009340926 6.672355e-06 1.34416105e-05 8.95108e-06 0.008474596 0.00028654863 4.2286807e-05 2.0273437e-05 8.623271e-06 3.4751567e-06 0.00029014598 0.000504132 7.25742e-07 1.7919625e-05 0.00056977576 5.2592136e-06 0.011888674 0.0010435374 0.00015900917 8.445916e-06 1.3444237e-05 4.735191e-06 4.9850682e-06 2.6706261e-06 2.054401e-05 8.302542e-06 7.025217e-05 0.00019938266 0.00015041957 6.2218164e-06 9.809219e-05 0.000107860564 1.28146785e-05 4.192281e-05 2.7211827e-05 2.0364374e-05 3.2184744e-05 2.3348953e-06 8.4684025e-06 6.223618e-05 0.0005513039 1.4448563e-05 0.0008055316 0.0048165577 1.1244882e-05 4.023492e-05 0.00040995746 9.597769e-06 4.4014428e-06 1.2728694e-06 0.0005956919 6.9168386e-06 1.7427796e-05 3.2866214e-06 0.000109390196 3.484414e-05 3.970251e-05 2.7033461e-06 5.1648767e-05 6.0985144e-06 1.8696492e-05 3.821058e-06 0.00059219793 1.1794796e-06 0.00019208979 0.00069035403 5.13063e-05 1.1932934e-05 2.0412948e-05 5.709778e-05 4.3585947e-06 3.5880187e-06 2.9810739e-05 0.00013658567 0.00031809736 0.00033577552
4.918148e-05 0.25735962 0.07507388 0.25421458 0.16248387 6.4570045e-23 0.9518744 0.17450882 0.061286595 0.008969218 0.00843744 0.5594192 0.35335958 0.032619722 0.11854292 0.020667115 0.08492828 0.12479135 0.084733635 0.06043565 0.05911862 0.0008581613 0.012179866 0.0009880366 0.009049906 0.055774577 0.0025600852 0.0008927181 6.469934e-05 0.0028157213 0.007562446 0.002275948 0.0003015502 0.00620405 0.0036321606 0.00857181 0.0017870843 0.0007106022 0.0015758366 0.00081420224 0.00085874175 0.00048586 0.00029503767 0.00013429855 5.456077e-05 8.6997985e-05 5.261055e-06 6.7937144e-05 1.2210634e-06 0.000111670975 3.3971955e-05 0.00013350222 0.00026091543 0.00034828624 0.00013787462 7.843731e-05 9.998473e-05 0.00014217093 2.5689125e-05 5.7779066e-06 7.4733534e-06 1.6484137e-05 4.176733e-07 4.4207158e-07 0.00017558763 1.3524288e-05 1.19227425e-05 6.778602e-05 0.0020952283 0.0003661875 0.00014991232 1.2891772e-06 9.759503e-05 0.00021267695 3.0483252e-06 0.00053399237 1.0662347e-06 2.2063827e-05 7.0019803e-07 4.2132633e-05 0.00043161487 3.9056275e-05 1.6594975e-05 7.322559e-06 3.2425578e-05 8.14408e-05 2.897323e-06 0.00015921463 2.5359153e-05 0.0001203111 0.00037219204 7.3521164e-06 1.8667559e-05 0.00016558164 5.5756045e-06 1.9318279e-05 5.102339e-07 3.5484107e-05 0.00040689754 0.0007669528 0.00020896895
6.6293476e-05 0.068561144 0.013812335 0.06540755 0.09057799 0.9518744 2.2078802e-25 0.03578676 0.025331927 0.001311298 0.0016915014 0.7508498 0.71440494 0.034907438 0.056398667 0.040813558 0.040373974 0.13346134 0.20693167 0.07225312 0.12865752 5.5510107e-05 0.0076809805 0.0004076052 0.079057135 0.19030964 0.013522904 0.0002675618 4.5377375e-05 0.0010713306 0.043893725 0.0009989495 0.00042363504 0.03042279 0.015153429 0.0076509216 0.01855425 0.0029742175 0.03085358 0.011004317 0.006096267 0.002718822 0.003687025 0.0025552092 0.002743056 7.026185e-06 0.0005117085 0.0056610857 0.00024707147 0.0042370027 2.469478e-06 0.0031062346 0.00026459468 0.00077858235 0.00049647124 0.0013339755 0.00014330854 0.00012444665 0.0005590724 0.00020793047 4.1918115e-06 0.0008864773 2.8660834e-05 6.0288934e-05 0.00013059958 0.000109871246 0.00087298517 0.0004751533 0.0017471205 0.00069105614 0.00045623808 1.2877735e-05 0.000117329684 8.509817e-05 2.245298e-05 0.0017795297 4.0831615e-06 4.7991227e-05 1.5650732e-05 6.731621e-05 0.000670233 1.1089555e-05 1.9689664e-05 8.6304535e-06 0.00010242112 0.00040725336 2.6978722e-05 0.0010020925 6.675031e-05 0.00093575596 0.0008663394 1.1976166e-05 9.098414e-06 0.0005286905 2.917051e-05 7.8883695e-06 6.125647e-08 3.5971956e-05 0.00018739128 0.0072050174 0.0017939949
0.003573591 0.05069091 0.0010782433 0.5620415 0.0009193982 0.17450882 0.03578676 6.7010705e-23 0.9310501 0.012413556 0.0012159946 0.1353641 0.029733725 0.0035174391 0.8182391 0.00066821236 0.39566186 0.21979715 0.024398666 0.15867989 0.01529789 0.00031366549 0.76546514 0.006520013 0.0014322764 0.059885323 0.0032574194 0.017646814 0.0032571445 0.0021261743 0.008983775 0.028236957 0.012847976 0.029497903 0.016195072 0.18132147 0.0011348225 0.007227893 0.006428367 0.00042113915 0.0019812079 7.928868e-05 0.000113075075 7.207924e-05 1.7892628e-05 0.00027077354 6.2351637e-06 0.00033568408 6.9279818e-06 0.0005003617 0.00047598642 9.048447e-05 0.009926282 0.012869106 0.0020550105 6.305369e-05 0.0061210203 0.0012590999 0.0011809715 2.229724e-06 0.00091949024 2.566836e-05 3.9008776e-07 2.989563e-07 1.688733e-05 1.3408489e-05 7.575868e-06 0.0029368685 0.007646487 6.658748e-05 9.7135955e-05 1.783126e-06 8.495258e-06 1.2485374e-05 0.0003940728 0.0012409189 1.2739745e-06 0.0015056833 1.7821507e-07 0.0018528375 0.00060412736 0.0001302677 0.00011970954 4.0240657e-06 0.0008383747 2.6178144e-05 0.00042425905 0.0014309407 0.00012874069 0.003428477 0.00061039673 5.047702e-05 0.00013471761 0.0015544851 8.496756e-06 5.6323108e-05 0.00012129021 0.0010093912 0.0010064478 0.00092348654 0.0021688032
0.020713279 0.18316446 0.004835601 0.8977735 0.0011212757 0.061286595 0.025331927 0.9310501 7.0671644e-23 0.45522463 0.010669596 0.03150643 0.0076285293 0.0004901991 0.16101003 6.0057726e-05 0.048913315 0.043160126 0.0035370688 0.03497973 0.0014474257 0.01482745 0.57702214 0.39986417 8.204653e-05 0.0064701997 0.0003793096 0.4685428 0.10772794 0.020418128 0.00040776926 0.4318547 0.31765267 0.0028443 0.004164265 0.43908638 2.3270888e-05 0.00059210614 0.0003550538 4.074631e-06 3.1258107e-05 3.6486704e-06 3.7273144e-06 7.0050896e-06 9.882207e-06 0.007917443 1.3316632e-07 3.0333225e-05 9.255867e-08 3.3878034e-05 0.016325874 4.965752e-06 0.0035528096 0.0044670505 0.00040582407 4.2233914e-06 0.02405598 0.0010878084 3.7038975e-05 9.535988e-07 3.4664536e-05 6.3538064e-06 2.744449e-08 3.1089016e-08 2.1506512e-06 1.3467522e-06 9.3613244e-07 0.0008473589 0.0026293313 6.5922995e-06 8.466666e-06 1.0530742e-06 3.482185e-07 1.4267592e-06 3.859908e-07 0.00058684906 5.3643387e-08 0.00063462317 4.41447e-08 0.00045988304 3.4434845e-05 3.230421e-05 1.7855356e-06 5.0915963e-07 0.00016776964 1.3264944e-05 1.1581658e-05 0.0007786291 2.5099077e-06 0.00034385212 1.3171246e-05 2.9190112e-06 7.250458e-06 0.00065321743 2.57551e-06 2.9773305e-06 0.00041273783 0.00018641702 9.091861e-05 5.8361362e-05 0.00031664185
4.0026403e-06 0.31387925 0.026689826 0.38983595 0.0018458727 0.008969218 0.001311298 0.012413556 0.45522463 3.2494155e-21 0.17698675 0.00035510023 5.6083943e-05 2.6717394e-06 0.0010638718 7.8165685e-06 3.4602934e-05 0.00012742735 1.4320442e-06 5.9906392e-06 5.4809243e-06 0.37457755 0.0029955083 0.42812675 3.2789203e-06 6.1585733e-06 3.19438e-06 0.080747 0.36377463 0.2896233 3.6672536e-06 0.06367759 0.19575356 2.1944436e-06 3.055465e-06 0.024225371 1.4286586e-06 4.646408e-06 3.2572825e-05 1.0783906e-06 2.9643825e-06 1.9140953e-06 2.0033498e-07 7.6749603e-07 3.1526827e-07 0.054626673 3.5446984e-08 1.3991812e-05 2.5280976e-08 2.865474e-05 0.032887675 3.3777494e-06 1.6111037e-05 0.00011430741 1.0880411e-06 6.6201274e-06 0.0029164543 8.188077e-06 2.0437149e-06 1.4697994e-06 1.3727632e-06 1.2266611e-06 2.6345981e-08 8.531183e-08 7.1637733e-06 6.3580285e-07 1.1108773e-06 3.9328806e-06 0.0020711275 1.8571378e-06 7.059445e-06 2.600016e-06 1.7648648e-06 2.9717223e-06 4.7686262e-06 1.1486247e-05 1.8946795e-07 1.6814436e-05 1.5096975e-07 2.6945063e-05 1.6841766e-05 3.7110058e-06 8.0942453e-07 8.557338e-08 1.7155035e-05 8.262408e-06 1.706222e-06 4.8171984e-05 3.0940416e-06 0.00073104084 0.00017501804 4.6193245e-06 5.8587734e-06 0.0004235702 1.9225897e-06 1.3013755e-06 0.00070750184 2.3135091e-05 7.999053e-05 0.00038938774 0.00038564426
1.2590572e-09 0.058662046 0.35212743 0.058938112 0.008461557 0.00843744 0.0016915014 0.0012159946 0.010669596 0.17698675 2.7988642e-21 0.00025735705 0.00025959255 2.8303783e-05 4.1413263e-05 5.3387823e-05 3.9377446e-06 3.3941e-05 2.4157755e-05 4.6712023e-05 1.32657415e-05 0.07359083 8.111393e-05 0.011014885 8.9771365e-06 6.5804024e-06 3.2810876e-06 0.00059892604 0.003522468 0.71517575 2.2878046e-06 0.0008294165 0.0038187432 5.387453e-07 1.062999e-06 0.00073192676 2.6346436e-06 8.7796366e-07 1.4122399e-05 8.683253e-07 1.4082509e-05 9.94915e-06 8.0026535e-07 7.1159764e-07 2.4369666e-07 0.0001779287 1.8672017e-08 6.017818e-07 8.992474e-08 6.229285e-06 0.00020850555 1.1759432e-05 1.0226232e-06 1.8468241e-05 7.906358e-07 6.433211e-06 6.100739e-05 3.168297e-06 6.3262237e-06 4.952955e-07 4.5626866e-06 1.0140518e-06 2.0330077e-08 2.7079898e-07 8.272784e-06 2.700906e-06 7.383753e-07 6.570488e-06 0.0007400462 1.3578483e-06 4.8537695e-06 6.193371e-06 9.784599e-07 4.2659476e-06 6.7041606e-07 3.527455e-05 1.067644e-06 7.544501e-07 3.7550453e-07 2.8445767e-05 8.879855e-06 2.9572473e-06 8.2176194e-07 1.2716809e-05 4.5001907e-06 2.571702e-05 1.210248e-06 1.1743148e-05 1.8571236e-06 0.00015682924 0.00016376717 1.4377405e-05 4.393571e-06 0.0001239759 3.8440407e-06 2.821448e-06 9.9162746e-05 1.5268956e-06 9.0137803e-07 4.772509e-05 0.00023780628
0.018789703 0.017459953 0.0014617937 0.05551706 0.05222084 0.5594192 0.7508498 0.1353641 0.03150643 0.00035510023 0.00025735705 2.5947817e-23 0.78697735 0.11322985 0.28953293 0.16281892 0.22570655 0.5378872 0.9572328 0.3950659 0.47111687 1.9342262e-05 0.1667799 7.619332e-05 0.35216334 0.48616335 0.0377633 0.0013477602 2.8773311e-05 0.0004781774 0.097498566 0.0019495073 0.00049179513 0.05860082 0.020189278 0.09420201 0.03468268 0.011531891 0.08383969 0.017227303 0.02865185 0.0010214254 0.00556411 0.0052247276 0.0074681914 2.3227587e-05 0.00086715276 0.016032081 0.000613662 0.017647825 1.0597908e-05 0.007963237 0.0013712228 0.002729035 0.009657478 0.0028593359 0.0002623829 0.002500957 0.007416624 0.0015037997 0.001475346 0.0014735988 6.1380274e-06 7.460692e-06 0.0009546175 6.8897316e-05 0.0005616656 0.0017556831 0.016190076 0.0011578219 0.0009742342 1.0885108e-05 0.00042757578 0.00027234064 0.00034520798 0.0005748812 1.2279064e-06 2.2793407e-05 7.576786e-06 0.0021951818 0.0014812213 0.00069065765 6.955426e-05 1.953191e-05 0.00054260995 0.00038614662 2.7836473e-05 0.0007287861 0.00017919514 0.003619871 0.0056213797 4.2961903e-05 5.302548e-05 0.001790777 4.6215475e-05 4.548565e-05 1.5016773e-06 0.00011059504 0.00033743467 0.0028755602 0.0016136342
0.0009139418 0.0072066523 0.003464147 0.021884264 0.0902667 0.35335958 0.71440494 0.029733725 0.0076285293 5.6083943e-05 0.00025959255 0.78697735 8.1629244e-21 0.6356167 0.041567698 0.4178855 0.053757884 0.13818155 0.6202878 0.06773225 0.8667482 1.7587832e-05 0.008423844 3.3148273e-05 0.52549934 0.26702958 0.016779292 0.00030368468 2.399416e-05 0.0006203468 0.09153674 0.00055460475 0.00021865618 0.020647973 0.00997805 0.008121282 0.0679372 0.003965614 0.061543897 0.022810528 0.011376619 0.013306561 0.031519074 0.016296653 0.020361038 8.977107e-05 0.003790603 0.010482178 0.002354526 0.013759418 1.3887457e-05 0.017914614 0.0004839372 0.0007618179 0.003986275 0.008116853 0.0008869441 0.0008947603 0.0046904176 0.0033132124 0.00014203122 0.006315738 7.762566e-05 0.00042051284 0.0021373224 0.0013272138 0.0034909816 0.0011369165 0.013399406 0.006489709 0.0015279241 0.00022488092 0.0012948256 0.001060051 0.00062831107 0.0026004452 0.00015338516 0.0003039892 0.00018932574 0.0010267678 0.00334817 0.0002150518 9.996738e-05 0.00084223377 0.0001825509 0.0030721154 6.913182e-05 0.0029542511 0.0002692191 0.0016388028 0.006820958 4.4029985e-05 0.00015094652 0.00074819603 0.0003873996 7.52861e-05 3.6313793e-06 0.00039866817 0.0009088836 0.0043376666 0.001061065
3.321053e-06 0.0013102824 0.00085707667 0.0025449803 0.04223265 0.032619722 0.034907438 0.0035174391 0.0004901991 2.6717394e-06 2.8303783e-05 0.11322985 0.6356167 1.4672516e-25 0.0060985964 0.8998493 0.007983704 0.038461275 0.09616988 0.020677239 0.24280554 2.1508235e-06 0.00037024566 4.6566906e-06 0.29988125 0.063312665 0.003894364 1.5667025e-05 1.4477032e-05 1.5664888e-05 0.023466866 7.378468e-05 3.2937583e-05 0.003121171 0.00017277476 0.00040980428 0.035049334 2.9087727e-05 0.008115182 0.010665734 0.0012589295 0.024294866 0.015485252 0.0084117465 0.007902289 3.001409e-06 0.002366353 0.0007361768 0.0012735416 0.001229326 1.1864905e-07 0.004032868 6.3175146e-05 2.470113e-05 3.3293632e-05 0.0024001624 5.966143e-05 2.58776e-05 8.036742e-05 0.001224116 2.0514967e-06 0.0017277106 0.0003028927 0.0007553767 0.0005262029 0.0011383615 0.0014626771 9.2316644e-05 0.0016055752 0.0012439048 0.0003352055 0.00018579686 9.7106866e-05 0.00011555692 2.5808506e-06 0.00071038055 5.2645104e-05 2.6090162e-05 3.2011485e-05 2.8102597e-05 0.00033091436 1.6338956e-05 5.6206154e-06 0.00010617792 7.6089e-06 0.00012554585 1.6166667e-06 0.00024782002 9.917972e-06 0.00046212215 0.0014200216 4.6958735e-06 1.9840307e-05 0.00014113775 3.3649867e-05 9.628601e-06 1.5918522e-09 5.3097236e-05 0.00036716435 0.0023064334 0.0006224389
0.025105523 0.0082824435 7.2716306e-05 0.11275048 0.0023949982 0.11854292 0.056398667 0.8182391 0.16101003 0.0010638718 4.1413263e-05 0.28953293 0.041567698 0.0060985964 1.4698421e-22 0.0043745274 0.89484835 0.8534375 0.1113949 0.7381053 0.038830742 3.5105975e-05 0.91961604 0.0011048788 0.019494178 0.14789952 0.013625183 0.010395301 0.000104783394 0.0009127568 0.015807569 0.016687375 0.0033414238 0.032221626 0.018716158 0.24533468 0.003681967 0.015678206 0.01902726 0.0008778449 0.008123889 5.0694787e-05 0.000488299 0.00014817639 0.00033314768 1.6193464e-05 2.6563192e-05 0.0036250842 1.2459336e-05 0.0024423809 2.8175238e-05 0.000819015 0.012893085 0.019734744 0.008960501 0.000155657 0.0044986866 0.0071599083 0.0067092595 4.7005888e-05 0.014128737 0.00024924162 8.6565063e-07 2.0109972e-05 0.0001800386 0.0001437345 6.0220267e-05 0.0023286643 0.024879666 0.00016035918 0.00012712948 2.1193096e-05 1.754528e-05 6.9755406e-05 0.000616959 0.00072712416 1.0285704e-05 0.00037354938 1.1021965e-06 0.007275515 0.00053934095 0.0021239116 0.0003123303 2.2194778e-05 0.004939034 0.0006719642 0.00025463034 0.0007657207 0.00055 0.007935408 0.0011748649 0.00017271067 8.645145e-05 0.0069170794 0.00012363787 9.3778384e-05 1.7753402e-05 0.00021550861 0.00036760338 0.003994571 0.0065733376
6.253481e-06 0.0012720722 0.0018537837 0.00064263685 0.18475705 0.020667115 0.040813558 0.00066821236 6.0057726e-05 7.8165685e-06 5.3387823e-05 0.16281892 0.4178855 0.8998493 0.0043745274 4.980914e-23 0.0037826893 0.026480531 0.08537099 0.018534573 0.20352797 9.665484e-06 0.00021692005 1.3259469e-05 0.39480227 0.021529002 0.0012454218 2.4647217e-05 1.3515096e-05 1.9984267e-05 0.017961493 0.00012671672 2.4543893e-05 0.001409581 0.00029719603 0.00030168137 0.07327564 1.0645435e-05 0.0027496917 0.0108260475 0.00035366017 0.1375982 0.09229448 0.0631086 0.023737282 6.7279e-06 0.009126758 0.00015152387 0.0029150448 0.000622182 1.9336065e-07 0.004916739 0.00016272967 0.00024947018 3.1260577e-05 0.0026733493 0.00032662303 2.3530476e-05 5.3052638e-05 0.0020608983 4.9323685e-06 0.0051470213 0.0012080186 0.0035402128 0.0010251309 0.0079637235 0.0034888138 0.0010062162 0.00977464 0.0031459674 0.0006176602 0.003872705 0.00033787303 0.00032679786 3.9944794e-06 0.00363713 6.184786e-05 0.00020784541 0.00016824824 5.747003e-05 0.0006945665 7.523077e-05 1.8711653e-05 0.00023733388 5.7129996e-06 0.00037561683 2.848937e-05 0.004673941 3.1861e-05 0.0002783991 0.0048270538 3.2551616e-05 4.614901e-05 6.4421416e-05 0.00019235212 3.397322e-05 1.7179335e-08 0.00018208685 0.0009567612 0.0010129809 0.00045648287
0.0044688336 0.002007441 3.1906109e-06 0.04265401 8.765348e-05 0.08492828 0.040373974 0.39566186 0.048913315 3.4602934e-05 3.9377446e-06 0.22570655 0.053757884 0.007983704 0.89484835 0.0037826893 4.5869112e-26 0.83477354 0.1469425 0.8797798 0.0618772 1.1322786e-06 0.5873836 3.6865873e-05 0.023158967 0.3083066 0.04917376 0.0017042544 2.8636528e-06 1.9409394e-05 0.04881695 0.0048846826 0.00027220196 0.10589373 0.04468046 0.13110434 0.009942335 0.047910925 0.057989024 0.0050852783 0.032958616 1.1954268e-05 0.00033638367 0.0002365861 6.924855e-05 6.985759e-07 1.5328624e-05 0.013694722 1.1917229e-05 0.011419083 3.1895777e-07 0.007032588 0.014415353 0.03669891 0.009509939 0.0008213785 0.0003502189 0.0103518795 0.014451645 3.7338803e-05 0.013843247 6.16774e-05 1.2252442e-06 2.3931236e-06 0.00054548465 1.3823014e-05 4.1695184e-05 0.0016056617 0.01655707 0.00028205983 0.0007645746 3.9717392e-07 7.938121e-05 0.00015058392 0.001319326 0.00082902744 1.415378e-06 5.0405866e-05 5.193589e-07 0.004223867 0.0015314508 0.0008565554 0.00026199434 2.6069754e-06 0.0031987473 5.3330074e-05 4.7240796e-05 0.00021399329 0.0014183049 0.007710227 0.00017079803 0.00016250403 0.00011540154 0.003150974 8.064796e-07 0.00022172726 7.0996975e-08 0.00022140058 0.00035683427 0.0005978566 0.006321894
0.24707682 0.0030107177 0.00036945945 0.04331707 0.011145707 0.12479135 0.13346134 0.21979715 0.043160126 0.00012742735 3.3941e-05 0.5378872 0.13818155 0.038461275 0.8534375 0.026480531 0.83477354 1.0984488e-22 0.39295575 0.95959216 0.17615825 6.0878574e-06 0.6126007 0.00013030945 0.14313096 0.5944272 0.13564552 0.0021422321 1.177438e-05 0.00011425347 0.09023326 0.0029847235 0.000982851 0.16477203 0.05676813 0.213932 0.021849543 0.15284099 0.2257491 0.026565239 0.10000643 0.0005745732 0.006238048 0.0025267869 0.0041710217 1.4178498e-05 0.00012980959 0.06125878 9.0367874e-05 0.051017106 1.3273296e-05 0.013197274 0.020222027 0.034474317 0.024067493 0.0020264024 0.0005450486 0.028024297 0.018338626 0.00042504474 0.0090104295 0.00039203325 5.5345736e-06 2.249532e-06 0.0012059661 4.5771587e-05 0.00015493768 0.00415697 0.071216196 0.00022258317 0.00070211646 2.3944282e-05 3.308123e-05 3.963067e-05 0.0013773565 0.0011829628 6.8650406e-06 4.3595028e-05 4.0198444e-07 0.016464476 0.0012558788 0.0004898477 9.419976e-05 2.5280217e-05 0.001187047 0.00018265661 0.00013263611 0.0011538024 0.0001650365 0.005353502 0.0028115343 2.970967e-05 1.7651215e-05 0.0027846415 2.2254922e-06 1.4970765e-05 3.229072e-07 0.00040261832 0.00072979915 0.002760954 0.008228435
0.029543016 0.0017539737 0.000115238225 0.012292447 0.007837993 0.084733635 0.20693167 0.024398666 0.0035370688 1.4320442e-06 2.4157755e-05 0.9572328 0.6202878 0.09616988 0.1113949 0.08537099 0.1469425 0.39295575 1.0116655e-20 0.25376016 0.6289116 1.8985007e-06 0.050933503 4.9599016e-06 0.4349496 0.7635421 0.24478595 0.00014241559 6.6410576e-06 5.768137e-05 0.5247479 0.00020761543 5.3982898e-05 0.1774731 0.07782102 0.018102162 0.23162441 0.047438912 0.4882274 0.12618588 0.10802551 0.009675887 0.046358913 0.047582407 0.054128435 6.241175e-05 0.01789168 0.096102685 0.009947343 0.14748862 2.9964297e-06 0.13239641 0.0012014627 0.003343953 0.016676165 0.036481794 0.0005209664 0.006833964 0.039345883 0.00903803 0.0031574054 0.0143827675 0.00018199396 0.00050082075 0.01276441 0.0017449982 0.0073085157 0.0013346091 0.012465346 0.0044975565 0.0072899265 7.2878065e-05 0.0018002015 0.001689031 0.002826544 0.0012856507 2.3391845e-05 0.00017816473 0.00011234673 0.0044257003 0.0053836247 0.00030163303 0.00023978777 4.659856e-05 0.00029298608 0.00063443946 2.6596193e-05 0.0006448356 0.00041198928 0.0040841256 0.003362767 6.988191e-05 0.00025990987 0.0013685569 5.03965e-05 0.00018838991 1.7128859e-07 0.0003459219 0.0012805596 0.0026642361 0.0043221796
0.18584388 0.0017723867 2.3517285e-05 0.026843818 0.0034287956 0.06043565 0.07225312 0.15867989 0.03497973 5.9906392e-06 4.6712023e-05 0.3950659 0.06773225 0.020677239 0.7381053 0.018534573 0.8797798 0.95959216 0.25376016 4.626707e-22 0.101876795 2.5607956e-06 0.46514964 1.740421e-05 0.120838754 0.5207122 0.1506576 0.0016534646 5.148837e-06 0.00013108672 0.06524629 0.0021862253 0.0006291727 0.22852518 0.0833718 0.16606043 0.022436295 0.16200742 0.1604825 0.017786637 0.122622944 0.00028234997 0.011157736 0.005379688 0.0060904566 1.5159736e-05 0.0003174694 0.045382865 0.00012286539 0.024794273 4.988435e-06 0.010197654 0.011059361 0.032013245 0.032985196 0.0016544921 0.00070024945 0.040094495 0.021750297 0.00032223613 0.031159123 0.00042738355 1.16206575e-05 7.5443327e-06 0.0018333149 7.482878e-05 0.00031824663 0.0033761829 0.073141314 0.00013874953 0.0009944909 2.401039e-05 9.9690995e-05 0.00013557225 0.0022274733 0.0016756247 3.1651264e-06 3.2489963e-05 2.0148316e-06 0.012016823 0.0011363571 0.0031152947 0.0014859292 1.8605371e-05 0.002123366 7.279401e-05 0.00028102958 0.0014378809 0.0019723098 0.007292012 0.0008855512 0.0005544533 0.00044989676 0.004197777 2.8721754e-06 0.00052113365 5.273731e-07 0.00038970832 0.000962029 0.00090905477 0.010715106
0.00302105 0.001326442 3.772285e-05 0.0042442237 0.012167858 0.05911862 0.12865752 0.01529789 0.0014474257 5.4809243e-06 1.32657415e-05 0.47111687 0.8667482 0.24280554 0.038830742 0.20352797 0.0618772 0.17615825 0.6289116 0.101876795 3.2340922e-22 5.70461e-06 0.0077824574 9.151e-06 0.92936796 0.53545517 0.09900162 8.20412e-05 5.8060996e-06 9.2125796e-05 0.46569452 0.00016717086 4.0474493e-05 0.072429515 0.03376968 0.003487102 0.33488306 0.013443393 0.3522301 0.15247421 0.04466817 0.024280332 0.104971796 0.081563264 0.07581477 2.80647e-05 0.025187979 0.064211756 0.016132165 0.11717016 4.13071e-06 0.14903826 0.00062309136 0.0015659294 0.01016491 0.036252845 0.0010614188 0.0035191 0.033001494 0.0085855415 0.0009260592 0.022810386 0.0007986849 0.0017584336 0.012940232 0.0018707089 0.011494527 0.0010386619 0.010376298 0.008892148 0.009274543 0.00042686722 0.003442009 0.0030988804 0.002939937 0.0021713737 8.788325e-05 0.00036294246 0.0005106701 0.0017540781 0.007503462 0.0009333277 0.0006135722 0.0003572013 0.00026734752 0.0026714823 5.8953032e-05 0.0017084479 0.0005532719 0.003566152 0.004932397 7.1887844e-05 0.00033802955 0.0015197764 0.00023514492 0.00021954779 2.907971e-07 0.0017080937 0.0044495715 0.007238872 0.0040835785
5.7811388e-11 0.019918712 0.0058726585 0.043201603 0.00019879028 0.0008581613 5.5510107e-05 0.00031366549 0.01482745 0.37457755 0.07359083 1.9342262e-05 1.7587832e-05 2.1508235e-06 3.5105975e-05 9.665484e-06 1.1322786e-06 6.0878574e-06 1.8985007e-06 2.5607956e-06 5.70461e-06 2.2936747e-21 2.5114772e-05 0.048697438 5.7424472e-06 4.7610692e-06 1.0890237e-05 0.00053974224 0.040990837 0.48018524 1.2392118e-06 0.0006012369 0.008757841 1.8045338e-06 8.234486e-07 0.00020758613 1.3972804e-06 1.6144497e-06 8.367148e-06 3.5653322e-06 9.824418e-06 4.3452224e-06 4.877027e-07 2.0993464e-07 2.1213498e-07 0.002525639 7.0411836e-08 2.1823869e-06 5.650452e-07 4.405819e-06 0.0041609863 8.037704e-06 1.7250868e-06 6.1487726e-06 2.459509e-07 1.6983774e-06 0.0002680841 3.1015425e-06 2.0290148e-07 3.0232863e-07 7.066285e-07 6.0923554e-07 7.8688785e-08 1.4272307e-07 1.1586645e-06 1.2445429e-07 1.270759e-06 1.9717725e-06 0.00038492112 1.7756762e-06 1.420228e-06 4.2895294e-07 4.961157e-07 2.4747424e-06 1.4008594e-07 8.678158e-06 2.0778188e-07 1.1047974e-05 3.259439e-07 8.3969053e-07 2.8142647e-06 7.273773e-07 2.404877e-07 9.1029744e-07 5.853789e-07 6.747189e-06 5.179042e-07 1.3836394e-06 1.0027884e-06 7.588071e-05 6.425234e-06 3.9280098e-07 1.259448e-06 9.7059004e-05 9.806566e-08 3.8090786e-07 7.946263e-05 1.4610843e-06 2.1593055e-06 1.0094749e-05 0.00012495136
0.19467652 0.0028786773 4.7136207e-05 0.10384579 0.00013940023 0.012179866 0.0076809805 0.76546514 0.57702214 0.0029955083 8.111393e-05 0.1667799 0.008423844 0.00037024566 0.91961604 0.00021692005 0.5873836 0.6126007 0.050933503 0.46514964 0.0077824574 2.5114772e-05 4.30733e-25 0.013321436 0.0022266153 0.054430064 0.01006506 0.1594589 0.0017405889 0.0004389471 0.002285621 0.13281597 0.036260724 0.040463246 0.032841012 0.9670649 0.00014630267 0.043329667 0.005530008 5.844e-05 0.005598436 5.267951e-05 8.478071e-05 1.7117005e-05 7.0158174e-05 9.90876e-05 1.2398145e-06 0.00042648107 1.0015556e-06 8.57935e-05 0.00015458197 1.2728433e-05 0.089897595 0.11081749 0.0045704176 1.6113281e-05 0.028109288 0.014139913 0.0012806207 1.6632675e-06 0.026552564 8.176536e-06 2.4868815e-08 1.1817634e-07 5.232673e-06 5.4154145e-05 2.2669374e-06 0.0173988 0.06235515 1.733382e-06 4.2350275e-06 3.2555865e-05 7.067795e-07 8.2131453e-07 5.922425e-05 0.0052986993 3.882993e-06 0.0024699671 5.425253e-08 0.006729647 3.2923013e-05 0.005312512 0.0013760618 6.3858697e-06 0.009421172 2.9467254e-05 0.0011344459 0.0029118531 0.0013841344 0.006562267 0.00014222614 0.0011732331 0.00097004225 0.009997454 2.2675495e-06 0.0005047129 0.00020701872 0.0019203431 0.0006156551 0.0004107314 0.008451512
6.7187866e-05 0.017101066 0.0007920868 0.14496377 7.323743e-05 0.0009880366 0.0004076052 0.006520013 0.39986417 0.42812675 0.011014885 7.619332e-05 3.3148273e-05 4.6566906e-06 0.0011048788 1.3259469e-05 3.6865873e-05 0.00013030945 4.9599016e-06 1.740421e-05 9.151e-06 0.048697438 0.013321436 6.305994e-20 1.2186849e-05 9.531811e-06 5.4119882e-06 0.26650366 0.74679923 0.1500665 3.0821645e-06 0.2345719 0.6991714 2.7154933e-06 4.8901775e-06 0.08326919 1.9822405e-06 5.2558344e-06 4.310166e-06 2.1896856e-06 2.004698e-06 3.6666872e-06 1.2171245e-06 1.8264241e-07 2.1086413e-08 0.132587 4.189711e-09 1.5180142e-06 2.8643711e-08 5.1633083e-06 0.090545975 3.0795552e-06 0.00032392025 0.00028025344 5.7767334e-06 1.3266999e-06 0.04503751 6.613051e-05 2.8714717e-06 2.075189e-07 1.7518001e-06 2.2603822e-07 6.1795205e-09 1.0369654e-08 5.8581873e-06 2.4249366e-07 7.95268e-08 5.9758917e-05 0.007789679 6.092541e-07 3.5855387e-06 1.4789777e-07 5.0500176e-07 6.0281457e-07 2.5384512e-07 0.00012557757 2.3809694e-08 0.0002899034 1.5293583e-08 5.4205702e-05 5.6647687e-06 5.563508e-05 2.3293103e-06 1.40717615e-08 3.4476874e-05 1.357164e-07 2.675919e-06 5.2517382e-05 8.259505e-07 0.00020610291 2.2933105e-05 3.361263e-07 5.9066283e-06 0.00017545807 3.1933656e-08 3.52344e-07 0.0026175524 4.3389922e-05 6.0110902e-05 3.3808626e-06 0.00013203826
0.0116363615 0.00012554729 1.3861654e-05 0.00034405175 0.00847793 0.009049906 0.079057135 0.0014322764 8.204653e-05 3.2789203e-06 8.9771365e-06 0.35216334 0.52549934 0.29988125 0.019494178 0.39480227 0.023158967 0.14313096 0.4349496 0.120838754 0.92936796 5.7424472e-06 0.0022266153 1.2186849e-05 1.4597751e-19 0.44650903 0.061866168 8.2384926e-05 1.0752848e-05 3.9746796e-05 0.6373856 0.00024117596 3.254218e-05 0.056194786 0.01426992 0.0009784152 0.64575785 0.011455968 0.32928234 0.38455743 0.017837673 0.14970103 0.5360713 0.4026459 0.2310949 1.08995055e-05 0.1788528 0.04287019 0.09015559 0.0883189 5.453943e-07 0.19759014 0.0015122613 0.0005552107 0.010270019 0.037468452 0.0013220609 0.0015808487 0.013950131 0.01909894 0.000827608 0.03115171 0.00416 0.011180883 0.017118853 0.016869271 0.017125988 0.00683026 0.048459556 0.015333068 0.010105739 0.0031080584 0.007603431 0.004616808 0.002317881 0.008900293 0.0010300336 0.00051024585 0.0012727784 0.0034092192 0.008625978 0.0008918833 0.0006428333 0.0032264723 4.8915375e-05 0.0029429693 8.174707e-05 0.0063179615 0.0002759806 0.0023741277 0.019732809 0.00025902005 0.0012104108 0.00056451984 0.00086229184 0.00035423515 1.518765e-05 0.0018778398 0.007939053 0.00651969 0.001603092
0.07349042 0.00065203645 1.4708622e-06 0.0040849475 0.0009340926 0.055774577 0.19030964 0.059885323 0.0064701997 6.1585733e-06 6.5804024e-06 0.48616335 0.26702958 0.063312665 0.14789952 0.021529002 0.3083066 0.5944272 0.7635421 0.5207122 0.53545517 4.7610692e-06 0.054430064 9.531811e-06 0.44650903 5.4006997e-20 0.9710266 0.00058204314 7.653089e-06 1.4548005e-05 0.67780274 0.002184763 0.00039875714 0.35696292 0.08335134 0.043977983 0.32251784 0.099075 0.7128258 0.39672476 0.2689956 0.0022267767 0.11202372 0.068434596 0.10846159 4.8822835e-06 0.025553964 0.21678865 0.013150506 0.17141841 6.5259786e-07 0.08152936 0.0023604701 0.0075999517 0.029254794 0.021575993 0.0004599708 0.018080635 0.06446112 0.005551522 0.014375622 0.009912787 0.0002543202 8.600559e-05 0.0154890325 0.00021969818 0.0029219484 0.0021831135 0.037650134 0.0030424893 0.007886505 2.8963244e-05 0.0029969797 0.0017510069 0.015500766 0.0022613367 1.806372e-05 3.305143e-05 0.00034266265 0.023239518 0.0048512938 0.004154596 0.0019233663 0.0006495356 0.0016159271 0.00074608985 0.00056649203 0.0019457896 0.0019868643 0.01263509 0.004720569 0.0022813568 0.002056592 0.0034201937 0.0006350657 0.0013230252 3.1256792e-07 0.00015121207 0.0010595275 0.0070691644 0.01270498
0.3978844 4.4805493e-05 1.0782343e-06 0.0006807659 6.672355e-06 0.0025600852 0.013522904 0.0032574194 0.0003793096 3.19438e-06 3.2810876e-06 0.0377633 0.016779292 0.003894364 0.013625183 0.0012454218 0.04917376 0.13564552 0.24478595 0.1506576 0.09900162 1.0890237e-05 0.01006506 5.4119882e-06 0.061866168 0.9710266 1.8626914e-19 0.000121507524 3.2969592e-06 3.9704196e-06 0.36874864 0.00023284824 4.04909e-05 0.7466338 0.2770849 0.0077659506 0.08769455 0.33946347 0.7383747 0.13202915 0.92807907 0.00021933892 0.0040278034 0.0107178185 0.031309154 3.417961e-05 0.0076550785 0.42385858 0.0023179075 0.19103265 7.7726025e-07 0.065454856 0.0019909975 0.0036998978 0.14076678 0.023920247 1.9185261e-05 0.13359939 0.24153702 0.0069843484 0.11152835 0.002916987 0.00011035261 1.2858124e-05 0.041352864 0.00061701256 0.0013337184 0.0015916417 0.0810038 0.0020357629 0.018257566 2.527043e-05 0.007294575 0.0035752764 0.044311486 0.00063654524 1.8481405e-05 1.8804776e-06 8.667732e-05 0.086023234 0.012613864 0.018131567 0.0086152945 0.00012465547 0.012902163 0.0011291376 0.0006851989 0.0010527285 0.006352408 0.049507104 0.016051281 0.0018823304 0.0015537433 0.018785117 0.00010778766 0.0016192978 2.0139149e-08 3.8937083e-05 0.00044700952 0.013838707 0.05682116
0.015064777 0.0006434221 5.9917398e-05 0.026107302 1.34416105e-05 0.0008927181 0.0002675618 0.017646814 0.4685428 0.080747 0.00059892604 0.0013477602 0.00030368468 1.5667025e-05 0.010395301 2.4647217e-05 0.0017042544 0.0021422321 0.00014241559 0.0016534646 8.20412e-05 0.00053974224 0.1594589 0.26650366 8.2384926e-05 0.00058204314 0.000121507524 9.48488e-22 0.1522663 0.0031478384 2.3011338e-05 0.9149365 0.7722034 0.0002489779 0.0006782473 0.6309359 8.841441e-06 0.0007064025 6.5141336e-05 5.9028616e-06 9.723852e-06 1.9496681e-05 3.989239e-05 9.313079e-07 1.9032746e-07 0.008444951 1.1997932e-07 3.3999117e-05 3.2330436e-07 2.0418769e-05 0.012808785 4.504338e-06 0.036629766 0.04221217 0.00017494947 1.2669182e-06 0.3882565 0.0010904939 4.272399e-05 1.6455941e-07 0.00048168216 1.0359739e-06 7.547934e-07 2.7143113e-07 4.380248e-07 7.820446e-06 2.3615904e-07 0.0049551455 0.024098305 8.169159e-07 4.220679e-07 3.8104033e-06 1.14919224e-07 4.717686e-07 2.558579e-06 0.0018423351 1.2560607e-06 0.0054183123 3.3946592e-09 0.00024279392 1.4197744e-06 0.0007120454 8.557769e-05 2.9566522e-06 0.0010849737 1.0782343e-06 0.00017231992 0.000616849 4.1804597e-05 0.0009482664 3.164162e-05 6.9183957e-06 7.8244186e-05 0.00461361 5.093065e-08 1.4993812e-05 0.005736017 0.00038257218 0.0005576671 9.139518e-05 0.0021344128
1.7136017e-05 0.004011139 5.8775637e-05 0.023908699 8.95108e-06 6.469934e-05 4.5377375e-05 0.0032571445 0.10772794 0.36377463 0.003522468 2.8773311e-05 2.399416e-05 1.4477032e-05 0.000104783394 1.3515096e-05 2.8636528e-06 1.177438e-05 6.6410576e-06 5.148837e-06 5.8060996e-06 0.040990837 0.0017405889 0.74679923 1.0752848e-05 7.653089e-06 3.2969592e-06 0.1522663 2.7388648e-19 0.1433456 3.7239138e-06 0.16380979 0.76353735 5.7553093e-06 8.620871e-06 0.04074865 2.884085e-06 5.5368387e-06 3.203526e-06 1.674624e-06 2.0423959e-06 1.2516841e-06 7.1691954e-07 1.0912984e-07 7.032835e-08 0.50253546 1.1996083e-08 6.994339e-07 1.5663549e-08 1.6904451e-06 0.34030646 7.1373313e-07 0.00013764128 0.00032326046 4.3815207e-06 6.657199e-07 0.13078386 5.3390526e-05 1.2862043e-06 4.103063e-07 4.890296e-07 2.628887e-07 1.2436513e-08 3.6187018e-08 1.1137598e-05 2.691704e-07 3.4928811e-07 5.7064797e-05 0.0024343166 4.060317e-06 8.575525e-06 1.2152171e-07 3.3820559e-06 4.316542e-06 2.1387197e-07 9.445073e-05 1.4540582e-07 0.00080023834 5.142418e-08 3.751339e-06 8.1482485e-06 2.0996991e-05 2.6726798e-06 3.7316212e-08 8.382827e-06 1.93584e-06 2.7114434e-06 6.452459e-05 3.0719875e-06 0.00012191284 5.381271e-05 9.055975e-07 1.1709956e-05 0.00052100094 1.15743255e-07 2.9948014e-06 0.030353203 7.37908e-05 7.239193e-05 1.495487e-05 0.00010137434
1.9065746e-10 0.0690082 0.05189995 0.08110286 0.008474596 0.0028157213 0.0010713306 0.0021261743 0.020418128 0.2896233 0.71517575 0.0004781774 0.0006203468 1.5664888e-05 0.0009127568 1.9984267e-05 1.9409394e-05 0.00011425347 5.768137e-05 0.00013108672 9.2125796e-05 0.48018524 0.0004389471 0.1500665 3.9746796e-05 1.4548005e-05 3.9704196e-06 0.0031478384 0.1433456 2.540419e-19 3.4268014e-06 0.0044642566 0.042053428 2.1260007e-06 6.530137e-07 0.0014517831 8.3352626e-07 2.7330666e-06 5.2595647e-06 4.4939478e-07 5.737318e-06 3.6106856e-05 1.1633481e-06 1.4804579e-07 1.242047e-07 0.020739682 4.325859e-08 7.18191e-07 2.2456318e-07 1.573162e-06 0.089842886 4.0583272e-06 0.0001088283 0.00014947446 9.947578e-07 1.316513e-05 0.003009486 3.6161167e-05 1.3864939e-06 3.982655e-07 2.0139834e-05 1.2860878e-06 7.849466e-08 4.9419947e-07 4.3725418e-06 1.7171229e-06 8.0577155e-07 0.00013624261 0.0023077975 1.572466e-06 2.233738e-06 1.0189784e-06 3.9361282e-07 9.2295954e-07 5.491674e-07 0.00086113845 6.6843313e-07 0.00073941617 1.2923459e-06 0.00021161661 1.2513853e-05 3.0554747e-05 3.3380823e-06 7.933357e-06 0.00017107598 6.584398e-05 2.0051506e-05 0.00011639973 2.6019768e-05 0.00058078475 4.271523e-05 1.1875592e-05 2.554092e-05 0.0009229169 3.2510118e-06 9.634967e-06 0.0018493447 0.00013594357 5.609999e-05 0.00011998476 0.0008402032
