6.3764126e-34 0.09728378 0.038269855 0.26913998 0.0051606135 0.06891292 0.064220525 0.04979338 0.046646073 0.045300264 0.118039355 0.23824152 0.8283754 0.015038997 0.003242018 0.0020516652 0.070834205 0.06893007 0.003594132 0.8214286 0.36383075 0.004383272 0.0041365167 0.27201098 0.3699038 0.00019904049 0.0020583274 0.009617699 0.52928966 0.0018384957 0.4975905 0.8536389 0.43976742 0.0051378035 0.0008753954 0.03534098 0.3215163 0.6527286 0.05868103 0.00046618993 0.00046452897 0.00028670827 0.79721576 0.6981207 0.025334345 0.018806376 1.1031782e-05 0.0044962764 0.5748167 0.92736536 0.7243798 0.48096088 0.78630584 2.3565294e-06 0.31544173 0.00714879 0.84130675 6.0780327e-05 0.0057648816 6.4103224e-05 0.59486246 0.66940993 0.8879162 0.35457984 0.70042187 4.2135244e-07 7.753872e-05 0.396834 0.1734007 0.6783758 5.944433e-08 0.92070645 9.865311e-05 0.37327215 0.9784277 1.7616983e-06 0.4317018 2.503249e-07 0.012799558 1.8273064e-10 4.6254036e-06 3.8928873e-09 0.10109568 2.0651882e-08 0.0047735292 0.99242836 0.16296804 0.99376506 0.98833925 0.992381 0.99797845 0.039495744 0.97426754 0.0037849029 0.110607654 0.99865466 0.97971076 6.138297e-06 0.99933165 0.99862665 0.33681476
0.09728378 1.1498259e-22 0.7544916 0.4976728 0.7485678 0.6557921 0.24846315 0.20436582 0.117119804 0.6457349 0.40121594 0.27739826 0.2656854 0.63702744 0.52508587 0.38699576 0.0902465 0.03009573 0.29309627 0.076751046 0.06656292 0.5089919 0.12966992 0.24318805 0.2991615 0.0463251 0.3060036 0.005302902 0.07275354 0.2747062 0.0097683035 0.13785061 0.012811454 0.19760934 0.1475531 0.20324917 0.009942801 0.021170074 0.00033706301 0.0006637209 0.2658296 0.0037095433 0.007468352 0.037141766 0.00020242728 0.00015585337 0.06595654 0.0022656107 0.018168565 0.09322607 0.0032938956 0.018970173 0.09268638 0.001673322 0.036324657 0.0027357775 0.027714372 0.002092842 4.828057e-05 2.105006e-05 0.018875903 0.0418712 0.0039712773 0.0057085697 0.0001882771 0.0087868 8.1901584e-05 0.012218789 0.02932536 0.012624341 0.0028022374 0.010310145 0.0001907819 0.003951745 0.030808754 5.7962546e-07 0.004535484 0.0003480882 7.842639e-05 0.00038318743 0.00010219779 9.233549e-05 0.001573884 0.0024260115 0.00012549807 0.0077999225 3.0428344e-05 0.004547659 0.0025134769 0.005384847 0.007013466 0.0016433187 0.03356672 1.7564056e-06 4.3194177e-05 0.0068972525 0.00094299356 8.23135e-06 0.0044617346 0.003913359 0.0042796843
0.038269855 0.7544916 6.805639e-22 0.44889134 0.54847825 0.66755545 0.109724924 0.09978233 0.11105014 0.6943576 0.5064056 0.2041474 0.22801188 0.4286885 0.25284854 0.14774682 0.021284215 0.0057383394 0.119360946 0.08542004 0.077441834 0.24398404 0.0500815 0.23797987 0.2489729 0.020014336 0.1173387 0.0010730264 0.10527313 0.13132338 0.003450832 0.15277839 0.0056707393 0.052300837 0.024679454 0.13966107 0.0031194733 0.014415855 4.5038672e-05 0.00015673712 0.04536754 0.000759894 0.005284589 0.04228022 0.00016189365 2.481789e-05 0.015171417 0.0012279113 0.014332352 0.09488811 0.0032272495 0.016490584 0.12207719 0.0004625869 0.05801743 0.0012188024 0.031546246 0.00039847867 1.7466482e-05 2.0022784e-05 0.018922597 0.05541838 0.003970041 0.0034554969 7.911963e-05 0.0016077125 6.0903803e-05 0.0103471475 0.036254127 0.010656635 0.00054739485 0.014597967 9.940638e-05 0.0025693576 0.026163746 7.613524e-08 0.002139971 2.1570962e-05 1.9259138e-05 3.509396e-05 6.2687104e-05 1.7659482e-05 0.0012652412 0.00018415294 0.00012041474 0.0076351487 8.132775e-06 0.0038764742 0.0015807003 0.0043619466 0.0052825557 0.0007699381 0.026565228 9.779926e-07 5.4298966e-06 0.0020505842 0.00037641168 6.2753343e-06 0.002922382 0.0026577308 0.0043079574
0.26913998 0.4976728 0.44889134 3.133935e-20 0.14364213 0.6595671 0.21924946 0.1710423 0.7759802 0.36421776 0.74248624 0.7234125 0.42556384 0.04806882 0.11642643 0.15404105 0.14043982 0.04251602 0.17816843 0.18601936 0.1876697 0.17237997 0.13067724 0.10527674 0.16344643 0.003677468 0.13967685 0.01914164 0.30447587 0.14345299 0.029532067 0.5112726 0.03957564 0.0076497947 0.010532939 0.062047075 0.0170387 0.12652992 0.000837031 0.0043251426 0.038896058 0.00834081 0.038995672 0.12393278 0.0017755392 0.00059296336 0.030565485 3.339039e-05 0.039322652 0.0808884 0.012072952 0.035079543 0.08042407 0.00115726 0.03250034 9.877314e-05 0.09411628 0.000100266516 0.00026742122 0.00011108285 0.054830812 0.030746303 0.009625452 0.0023154372 0.00095290795 0.0010643624 1.691162e-05 0.014515306 0.020844223 0.025492333 0.00091954466 0.061436962 4.1586052e-05 0.0007076094 0.1175577 1.94249e-08 0.0012981176 1.639353e-06 3.3798424e-05 5.8049923e-06 1.97817e-05 0.00012252758 0.00034408667 0.00012161986 1.0444045e-05 0.029459335 2.054793e-05 0.012602105 0.0025893995 0.005436532 0.008918863 9.781474e-05 0.03227736 4.9655196e-06 1.738278e-05 0.008845763 0.0006425946 2.1690826e-06 0.0070310314 0.008537155 0.0011525119
0.0051606135 0.7485678 0.54847825 0.14364213 1.5161867e-23 0.38979462 0.115732096 0.0868637 0.038073014 0.4256749 0.1436443 0.056693483 0.07405459 0.509374 0.4509148 0.29367504 0.036641803 0.011005708 0.1692539 0.026815379 0.02210297 0.31253213 0.07425151 0.081213005 0.10421469 0.04191287 0.17552911 0.0037453305 0.022215586 0.14662404 0.0033642184 0.02258719 0.005347991 0.09331622 0.08665035 0.0950431 0.0023385657 0.0034323062 4.1624982e-05 0.00020652576 0.06830367 0.0009321233 0.0010391593 0.0106177 0.00011869937 1.3890595e-05 0.021780565 0.00058757653 0.0048170793 0.012537123 0.00047889363 0.0053541684 0.014853116 0.000672494 0.00912719 0.00041947045 0.0047122436 0.000777347 3.2624475e-06 1.865503e-05 0.0042301407 0.0071211504 0.0010823874 0.0014276679 4.667304e-06 0.003274141 0.00011970531 0.0040631746 0.008089755 0.0022940347 0.0006021552 0.0017593041 4.911699e-05 0.00041456058 0.0061757504 1.4066099e-08 0.00045448708 0.00010020839 2.267331e-06 5.80901e-05 4.2797965e-05 1.2374998e-05 0.00046572663 0.00010226535 1.1302908e-05 0.0020455276 4.0887026e-06 0.0005040539 6.3114625e-05 0.0002519229 0.002095759 0.00019270815 0.00819937 3.6743162e-07 4.7416984e-06 0.00081231096 0.00014813174 1.4312456e-06 0.0018482233 0.0005342664 0.0013044516
0.06891292 0.6557921 0.66755545 0.6595671 0.38979462 2.5458394e-21 0.143032 0.131891 0.25455055 0.76323605 0.80119765 0.3772944 0.29157835 0.25906622 0.20169413 0.15171655 0.06738227 0.011007114 0.14939249 0.14031471 0.1524595 0.21369115 0.08309646 0.32343048 0.35704264 0.010422087 0.11222907 0.0029712308 0.22513191 0.13357103 0.012350459 0.2809883 0.017623557 0.027740462 0.013275063 0.17017083 0.010199586 0.06735986 0.0004860419 0.00067479396 0.0290969 0.0022537473 0.02359363 0.10071201 0.0011018299 0.0001701182 0.013336257 0.0018351917 0.028359493 0.14661632 0.010679965 0.030851977 0.14474449 0.00070369645 0.071602196 0.0018037648 0.07345983 0.00019511962 7.215985e-05 5.7325848e-05 0.041744154 0.06998823 0.011535412 0.005396437 0.0005679534 0.0006841519 5.145889e-05 0.018045004 0.048987657 0.020646714 0.00046469382 0.030130897 9.6421965e-05 0.0043738247 0.07353074 6.029425e-08 0.0038577907 2.6396685e-06 0.00012136149 5.2464297e-06 6.712062e-05 2.3692128e-05 0.0017899208 4.5962828e-05 0.00017871812 0.014219135 4.8123995e-05 0.006192943 0.003105001 0.009393539 0.007580653 0.0009327155 0.052053772 4.494156e-06 3.0319083e-05 0.003987488 0.0009270568 5.3447657e-06 0.0040722867 0.007577083 0.0062836497
0.064220525 0.24846315 0.109724924 0.21924946 0.115732096 0.143032 5.4479933e-23 0.72256356 0.077414654 0.020705711 0.1296363 0.1069405 0.5055617 0.01396775 0.098716244 0.18292607 0.48804638 0.33237725 0.3362537 0.21042933 0.27349395 0.19771299 0.34121126 0.012625069 0.034303643 0.00053962204 0.20209323 0.2785244 0.22665058 0.22889659 0.30479273 0.20718355 0.12246714 0.00049909315 0.0023163185 0.008148979 0.11201594 0.274422 0.023215732 0.05213965 0.018479833 0.04884855 0.08097177 0.11650651 0.04849638 0.007940503 0.043705743 1.065544e-05 0.045247853 0.016719505 0.03275916 0.04175871 0.014808132 0.0046474193 0.010787245 2.0812819e-05 0.024084603 2.6013937e-05 0.0024993909 0.0029039986 0.023283243 0.009587816 0.024112511 0.00042881657 0.0074500986 0.0018097197 8.593651e-06 0.022449818 0.0131205795 0.029335648 0.0020389329 0.027916437 1.7935183e-05 0.00051727885 0.014655866 1.2761856e-07 0.0008895188 1.5579958e-06 0.0029905573 1.5530477e-05 1.2047809e-05 0.00046838622 6.158112e-05 9.305888e-05 9.138655e-07 0.011567039 0.0016016394 0.006390189 0.011242411 0.009348813 0.008454386 5.7812504e-05 0.008733949 0.00024388556 0.0017708425 0.015604598 0.013760573 7.0829367e-07 0.006214357 0.0042428174 0.00058603415
0.04979338 0.20436582 0.09978233 0.1710423 0.0868637 0.131891 0.72256356 1.6329476e-23 0.0752677 0.018139774 0.10921987 0.08132329 0.48775992 0.008213002 0.07661981 0.18027022 0.4979197 0.38489872 0.32268944 0.21296863 0.26027137 0.0964076 0.32873672 0.009301031 0.03212764 7.7632474e-05 0.18534261 0.2944428 0.18244302 0.22538643 0.29381552 0.12669617 0.1174373 0.00030166525 0.00010157486 0.001452957 0.11993867 0.15978888 0.019831005 0.041529812 0.0062476755 0.026419468 0.043460675 0.1247835 0.05238241 0.004022119 0.027989553 3.3215722e-06 0.047406986 0.008752376 0.015197729 0.04361721 0.006370484 0.0018292475 0.005815937 3.253996e-06 0.015923288 9.3114595e-06 0.0005458718 0.00048724463 0.018873887 0.0038623926 0.009685333 0.000107223976 0.006863542 0.00040715895 5.327712e-06 0.027120257 0.010121008 0.02464314 0.00073634385 0.017371982 4.829408e-06 0.0002551885 0.0057701264 9.472101e-10 0.0004114902 5.8567707e-07 0.00029113662 2.4211668e-06 3.1716436e-06 0.0001315738 2.9466353e-05 1.7601693e-05 4.7041763e-07 0.006742839 0.00053927326 0.0023879418 0.0046567135 0.0044392864 0.0057134717 7.735263e-06 0.002756225 2.5170975e-05 0.00052501966 0.0082198195 0.0072425418 1.7821746e-07 0.0041578664 0.0012649408 7.610137e-05
0.046646073 0.117119804 0.11105014 0.7759802 0.038073014 0.25455055 0.077414654 0.0752677 1.9473441e-21 0.08795445 0.5423644 0.6869387 0.14326485 0.0097868405 0.026483523 0.041690297 0.04217716 0.018351398 0.058356423 0.07387463 0.12631649 0.02314589 0.036665037 0.03472488 0.06732041 0.0006339366 0.03899443 0.008411004 0.21432637 0.039381873 0.0074555892 0.39648455 0.017019367 0.00094221183 0.00038776814 0.019713817 0.008365952 0.03036125 0.0007659785 0.0006468157 0.002711948 0.0009264108 0.018949362 0.1320034 0.00091581035 0.00031563878 0.0031644078 1.5704616e-05 0.03588906 0.02375452 0.009157487 0.0420476 0.012331781 0.00019865572 0.024728376 3.479888e-05 0.051001366 2.9241033e-05 0.00010520584 6.479282e-05 0.055499174 0.008228384 0.008273472 0.0011748667 0.0006267757 4.02228e-05 4.090126e-06 0.021740997 0.014827768 0.018897017 0.0001260484 0.0668367 9.281024e-06 0.00028318053 0.059441317 1.0601413e-09 0.0003507664 2.2156796e-07 3.4217384e-05 1.4083301e-07 6.1388064e-06 1.5629998e-05 0.00011189826 3.3714384e-06 1.8626292e-06 0.026072389 2.3921959e-05 0.012140878 0.0024586357 0.006155644 0.008497101 1.5126809e-05 0.024394495 2.4625215e-06 7.5213875e-06 0.0016799386 0.00040875157 1.6595085e-07 0.0044524577 0.008421378 0.0002425056
0.045300264 0.6457349 0.6943576 0.36421776 0.4256749 0.76323605 0.020705711 0.018139774 0.08795445 5.9017354e-21 0.5879484 0.18080339 0.056174304 0.5746503 0.15363172 0.03220918 0.0033904654 0.00071857753 0.012343817 0.038606644 0.027074678 0.07111453 0.0035875123 0.46392974 0.30782622 0.06695472 0.018909471 0.00025593574 0.033137515 0.01290311 0.0009679529 0.04288169 0.0065958593 0.12317727 0.044909377 0.59428173 0.0031208126 0.010209459 5.9481394e-05 1.0883002e-05 0.013426352 0.00011801006 0.0064280787 0.018562205 6.031096e-05 4.4610853e-05 0.0010294194 0.012141121 0.007906982 0.059585597 0.0024473763 0.007508276 0.08723532 8.0580925e-05 0.045985147 0.010721269 0.014232274 0.0012906364 2.6480786e-05 2.362791e-05 0.011445566 0.06375563 0.0070440453 0.015861593 0.0005510221 0.00023309061 0.00025412964 0.011866554 0.04030954 0.0073756995 0.00013446939 0.011545361 0.0005289626 0.0128171425 0.0283056 9.860941e-08 0.010633139 5.8938554e-06 0.00013104659 2.4756962e-06 0.00029603258 2.4442622e-06 0.005736974 2.1269674e-05 0.0016297508 0.00954237 7.450358e-05 0.007481547 0.0034896336 0.014710771 0.016841952 0.0036474757 0.044657696 8.585426e-06 1.126966e-05 0.0021907939 8.125763e-05 7.30546e-05 0.0046079773 0.0064447317 0.013271797
0.118039355 0.40121594 0.5064056 0.74248624 0.1436443 0.80119765 0.1296363 0.10921987 0.5423644 0.5879484 5.1511013e-21 0.73637486 0.15170863 0.05905866 0.085439436 0.10433024 0.0788432 0.014979371 0.0978204 0.07352173 0.122212216 0.06803024 0.045104112 0.31622887 0.4734951 0.0047445865 0.065156065 0.0046461183 0.2773798 0.063416556 0.009053553 0.36633477 0.02252752 0.0083770575 0.0040151477 0.12805143 0.012972253 0.046110075 0.00027556717 0.00056740444 0.0094066225 0.0014722019 0.015131939 0.16202018 0.0007000612 0.00016858536 0.0035876834 0.00079073466 0.032340005 0.07059239 0.0107156355 0.036019232 0.054467738 0.00029190755 0.0726674 0.0009242677 0.08160491 0.00012347703 9.397516e-05 0.00013116412 0.06436727 0.03236287 0.007946396 0.004285529 0.00043413555 7.8639016e-05 2.1581227e-05 0.021230476 0.0450289 0.017655635 0.00019813524 0.049933907 6.6116634e-05 0.0027108493 0.112300105 1.0896298e-08 0.0018657343 5.01187e-07 4.212038e-05 3.200779e-07 3.704215e-05 1.8332405e-05 0.0012548941 8.504774e-06 5.901806e-05 0.02166545 2.5181733e-05 0.010015952 0.0023433825 0.005421944 0.0063116564 0.00051380217 0.06609546 3.0927704e-06 7.952195e-06 0.0019320048 0.00033724884 2.127232e-06 0.004093955 0.010099598 0.0035771641
0.23824152 0.27739826 0.2041474 0.7234125 0.056693483 0.3772944 0.1069405 0.08132329 0.6869387 0.18080339 0.73637486 2.2208172e-21 0.2264258 0.021637145 0.048137948 0.0623736 0.037317485 0.020449502 0.06391172 0.08615073 0.07835347 0.044030726 0.053289924 0.07291684 0.11743795 0.0019253318 0.05378318 0.0066305753 0.16434929 0.052632686 0.004132097 0.54413104 0.012667232 0.00398318 0.0034513718 0.030131858 0.0054031033 0.035953216 0.00026584926 0.0012664931 0.010047706 0.0017572008 0.015964592 0.09266951 0.0010964453 6.944583e-05 0.005661429 4.2195727e-05 0.03552333 0.0573914 0.0060239397 0.035000082 0.04561761 0.00019469451 0.024485495 6.553677e-05 0.086802915 1.9955967e-05 2.6186259e-05 3.203497e-05 0.058739636 0.022519652 0.00834194 0.001813838 7.536131e-05 7.052714e-05 6.776201e-06 0.011288054 0.015947085 0.02198967 0.00024403074 0.05511314 1.50452925e-05 0.00064168 0.13197702 7.694204e-09 0.0010918682 1.1403818e-07 1.6637332e-05 1.9625959e-07 1.1640357e-05 1.7232675e-05 0.0002678587 3.7680834e-06 3.789056e-06 0.03414956 6.626109e-06 0.01490618 0.0024598015 0.0061823213 0.011724333 6.8111585e-05 0.041622844 1.1177774e-06 3.6123338e-06 0.009885258 0.0002307191 8.1180013e-07 0.007574908 0.019392487 0.00058105646
0.8283754 0.2656854 0.22801188 0.42556384 0.07405459 0.29157835 0.5055617 0.48775992 0.14326485 0.056174304 0.15170863 0.2264258 6.594173e-19 0.013145147 0.08447689 0.14846905 0.5404467 0.43327942 0.26037142 0.6092241 0.54911804 0.10839364 0.2951128 0.028843984 0.1156753 0.00011906862 0.15232463 0.25894693 0.38368767 0.18295507 0.6190613 0.48242787 0.3538074 0.00075942813 0.00012090425 0.008351787 0.3430837 0.48599494 0.04140488 0.022011306 0.0014859716 0.019010283 0.3671295 0.20771612 0.04218187 0.009008553 0.006338616 4.7070507e-06 0.25815836 0.042856306 0.13232161 0.16183695 0.022816364 0.00072157127 0.011026173 4.5569864e-06 0.09864053 1.0881725e-05 0.00057381694 0.00082528795 0.08135255 0.013067875 0.19058987 0.00025665067 0.012387403 0.000173303 3.7722614e-06 0.092951104 0.007888144 0.17793918 0.0003365507 0.1349803 1.2017043e-05 0.00011028464 0.09658077 2.6173582e-08 0.00025638746 7.699879e-07 0.00012141925 9.209734e-07 2.6728723e-05 8.6312975e-05 1.7565639e-05 2.048315e-05 8.954687e-07 0.06618888 0.0016453644 0.025525825 0.021458242 0.02934039 0.03294013 7.357234e-05 0.023634713 1.9187733e-05 0.0017057145 0.25088242 0.021290556 7.150088e-06 0.06057299 0.027089873 0.0015284342
0.015038997 0.63702744 0.4286885 0.04806882 0.509374 0.25906622 0.01396775 0.008213002 0.0097868405 0.5746503 0.05905866 0.021637145 0.013145147 6.496808e-23 0.36826545 0.06937593 0.001037376 0.0006064496 0.01508694 0.009032145 0.007989302 0.19640982 0.003469619 0.17194757 0.074203566 0.57149416 0.040016558 7.982173e-05 0.0062595797 0.024182096 0.0007769413 0.0064899256 0.0021984812 0.63840467 0.33852702 0.559752 0.0016496506 0.002325289 6.650257e-05 9.101443e-06 0.060142502 0.00011189741 0.0008031705 0.0054556844 6.0274157e-05 4.268896e-05 0.0043712347 0.015598639 0.0023703407 0.011789847 0.001220628 0.0026518255 0.0153458845 0.00015921099 0.007041067 0.006330908 0.0034716441 0.027176116 1.2049074e-05 9.849635e-06 0.0026990268 0.01198628 0.00096345623 0.008680543 7.7928584e-05 0.00066920154 0.00232063 0.002980103 0.00917954 0.0010074014 0.00022373859 0.0012896952 0.004335444 0.0044686673 0.007947313 3.2675933e-05 0.005174126 9.8607954e-05 3.0485855e-05 3.6034242e-05 0.0024351282 1.51536215e-05 0.0021075404 0.00028128136 0.0010344157 0.0019898026 8.911953e-07 0.0029072722 0.001712887 0.0065437434 0.0056593963 0.0011280049 0.013067644 2.1903916e-06 3.2040853e-06 0.0009434487 4.085863e-05 0.000788046 0.001337948 0.00080904027 0.005958141
0.003242018 0.52508587 0.25284854 0.11642643 0.4509148 0.20169413 0.098716244 0.07661981 0.026483523 0.15363172 0.085439436 0.048137948 0.08447689 0.36826545 2.4757478e-25 0.5042358 0.019505875 0.0032798648 0.23044246 0.013669721 0.005451929 0.6683224 0.080055445 0.057581622 0.046504647 0.036275525 0.22276272 0.0019468262 0.0034336648 0.18229304 0.0017467848 0.008801632 0.0009831776 0.19050899 0.33827734 0.038323853 0.00055162155 0.0018254946 5.7436937e-05 4.0599516e-05 0.20696299 0.0008514116 0.00048613184 0.0057683354 3.0801504e-05 1.5184957e-05 0.025467437 0.0013450099 0.0020528277 0.0062504853 0.00034636294 0.002463696 0.005933975 0.00048911036 0.0015559639 0.0013632214 0.0014392323 0.0046754433 7.5968205e-06 7.1518957e-06 0.0021056456 0.0032586139 0.0007788657 0.0015665381 1.6175514e-05 0.0069263806 0.00044731807 0.0018786576 0.0027837218 0.00067423243 0.0014823943 0.00085915334 0.00012472206 0.0005535099 0.002001197 2.0958996e-07 0.00041624426 0.00019228719 9.156352e-06 9.998149e-05 9.481777e-05 4.4583867e-06 0.0012585872 0.00067218696 1.4792639e-05 0.0015531707 1.1073845e-06 0.0007454455 0.00014694617 0.0006086514 0.0017615958 0.0014068985 0.0016772564 4.074493e-07 1.996593e-06 0.0005515566 0.00010487227 2.37653e-06 0.00069471594 0.000748084 0.0066746217
0.0020516652 0.38699576 0.14774682 0.15404105 0.29367504 0.15171655 0.18292607 0.18027022 0.041690297 0.03220918 0.10433024 0.0623736 0.14846905 0.06937593 0.5042358 7.7832794e-25 0.16734438 0.029920667 0.3422133 0.02101992 0.021024695 0.6098223 0.31039107 0.015390021 0.01468596 0.0012100288 0.39575666 0.04703662 0.011786807 0.34554896 0.015599576 0.017573139 0.0029004128 0.016729305 0.0814897 0.0015023464 0.0021279068 0.0067581027 0.00054392463 0.0066732466 0.16087747 0.023021717 0.0011885943 0.0078088944 0.00045363334 8.387037e-05 0.1156383 3.9673443e-05 0.00207825 0.0044463202 0.0011104103 0.0024887137 0.003095041 0.003189633 0.0009916677 6.129771e-05 0.0014713596 4.3270415e-05 1.3050116e-05 9.607728e-05 0.0021272046 0.0017637401 0.001988575 0.00022364025 7.728133e-06 0.013175142 0.0001613474 0.0027955098 0.002153729 0.0019752178 0.0064168577 0.0019939637 2.3500043e-05 3.8894625e-05 0.0031740677 4.7399458e-09 0.00017027435 0.00012890177 8.688999e-06 0.00014298214 4.3636396e-06 2.7631442e-05 0.00040199945 0.0008595836 2.348538e-06 0.0008643386 4.310047e-06 0.00028057754 0.00014326017 0.00044261644 0.0012532275 8.544118e-05 0.0010235263 4.5053494e-07 9.484812e-06 0.001299958 0.001123093 1.2396188e-07 0.0014263266 0.0014788416 0.00041683755
0.070834205 0.0902465 0.021284215 0.14043982 0.036641803 0.06738227 0.48804638 0.4979197 0.04217716 0.0033904654 0.0788432 0.037317485 0.5404467 0.001037376 0.019505875 0.16734438 2.360811e-22 0.76367086 0.44456065 0.2057076 0.41172022 0.06613318 0.45995435 0.0020502342 0.010411795 4.3158525e-05 0.2524641 0.7598376 0.19351117 0.30149034 0.5626577 0.0630358 0.26158342 6.151157e-05 0.0001369702 0.00454985 0.37335923 0.32950667 0.27424452 0.29810548 0.006640713 0.17901537 0.072416075 0.087714404 0.42570674 0.08474807 0.070313744 2.6029757e-06 0.034174573 0.0031025622 0.0773442 0.03747838 0.0033857785 0.0071625886 0.008002063 3.2284331e-06 0.009474886 2.1319509e-05 0.025426017 0.039603703 0.017499687 0.0032243794 0.031333987 0.0002755057 0.104802 0.0017594318 1.6583504e-05 0.028704897 0.010806975 0.022347784 0.0022591446 0.047658738 1.340845e-05 0.00032431222 0.012231515 4.879816e-08 0.00042435253 1.931024e-06 0.012611212 2.5021536e-05 5.496963e-06 0.0044632903 2.6843627e-05 0.0001628267 8.286337e-07 0.007886835 0.014965814 0.0049890014 0.014653258 0.011643317 0.0073290574 5.5448013e-06 0.0018286812 0.005230182 0.01284544 0.019110873 0.04626115 3.7943514e-07 0.0048667113 0.0014915479 1.5739175e-05
0.06893007 0.03009573 0.0057383394 0.04251602 0.011005708 0.011007114 0.33237725 0.38489872 0.018351398 0.00071857753 0.014979371 0.020449502 0.43327942 0.0006064496 0.0032798648 0.029920667 0.76367086 7.756349e-22 0.23322628 0.111034155 0.27379876 0.008113657 0.2703531 0.00080679357 0.003046098 1.0317506e-05 0.09839851 0.60471106 0.09500852 0.16055414 0.57246447 0.015476535 0.23999278 1.946792e-05 2.4767149e-05 0.0008614913 0.31706765 0.15126812 0.3797457 0.19394046 0.0009461658 0.058266986 0.040665995 0.06318438 0.47396833 0.13054648 0.019550288 1.2545344e-06 0.027734175 0.0010012877 0.07445549 0.028432176 0.0012876973 0.0024664984 0.0025183319 1.3380583e-06 0.0063392604 5.110508e-06 0.051472038 0.031811893 0.01291284 0.0020544806 0.021046393 2.1905262e-05 0.09950062 0.00015210938 3.490988e-06 0.022188643 0.0054324376 0.017088987 0.00082071923 0.015267617 3.2980192e-06 0.00010720005 0.0017651014 2.1535511e-08 0.00020370484 6.0970166e-07 0.018525211 4.423527e-06 2.154079e-06 0.0014317515 6.686228e-06 2.2354356e-05 5.511837e-07 0.005424967 0.01562872 0.0034317889 0.027336255 0.01134228 0.0054600327 1.2070194e-06 0.00087909313 0.008164541 0.014813155 0.02866452 0.042021956 1.3309369e-07 0.0038830952 0.0008033317 2.3767998e-06
0.003594132 0.29309627 0.119360946 0.17816843 0.1692539 0.14939249 0.3362537 0.32268944 0.058356423 0.012343817 0.0978204 0.06391172 0.26037142 0.01508694 0.23044246 0.3422133 0.44456065 0.23322628 1.5184202e-24 0.058013916 0.106099546 0.3494134 0.64019185 0.00879515 0.012804711 0.0002221815 0.4322205 0.3501688 0.03723202 0.46632752 0.11341631 0.031298786 0.028041981 0.0019189547 0.00870048 0.002843389 0.028802428 0.029251887 0.012372297 0.12353717 0.10161748 0.19655727 0.0076117925 0.015541716 0.037864596 0.0030167461 0.18881711 1.8631436e-05 0.0060991487 0.00600573 0.00559194 0.005733542 0.00532971 0.017266285 0.00297272 3.4098935e-05 0.004051423 2.376683e-05 0.0006496676 0.008946847 0.0040056626 0.0048613045 0.0025521903 0.0005830612 0.00084940833 0.018833898 1.5620386e-05 0.0041114422 0.0067778244 0.0026953998 0.010240311 0.0033253222 1.6383097e-05 0.0006965071 0.0032465877 8.243455e-10 0.00063429883 2.6748126e-05 0.0003760968 0.00022510772 1.0345739e-06 0.0034409966 6.0341798e-05 0.00075038767 1.6725377e-06 0.0039489875 0.0002837647 0.0012987001 0.0014114481 0.00091470656 0.0021952058 2.6334594e-05 0.00035893277 1.8174827e-05 0.00017353386 0.0040668007 0.0058817193 6.730775e-08 0.0009173019 0.0019528754 0.00011333429
0.8214286 0.076751046 0.08542004 0.18601936 0.026815379 0.14031471 0.21042933 0.21296863 0.07387463 0.038606644 0.07352173 0.08615073 0.6092241 0.009032145 0.013669721 0.02101992 0.2057076 0.111034155 0.058013916 4.2947793e-17 0.7497471 0.011858063 0.041491147 0.023627488 0.058141045 0.0011082182 0.024985844 0.033359196 0.7516471 0.026547208 0.18890573 0.46752265 0.260794 0.0010297449 0.00029026004 0.032254875 0.17620935 0.47672346 0.0075121257 0.0044831634 0.0008989542 0.0016795734 0.39643252 0.37341815 0.008138603 0.006235327 0.00030462389 4.7837875e-05 0.30368483 0.026087616 0.22622429 0.24026114 0.011155864 0.00036410408 0.028307328 7.500675e-05 0.113233365 6.0867344e-05 0.0026177345 0.0003635638 0.15796842 0.0124112675 0.21478209 0.00079174055 0.014744045 3.6979007e-05 2.7919237e-05 0.19968468 0.026278729 0.24112768 0.0001986976 0.27233943 3.1652457e-05 0.00024672862 0.20411618 1.6187357e-08 0.0005381938 9.4408125e-07 0.0008649801 1.3130053e-06 1.9983543e-05 0.00013842032 0.00030434455 1.5285106e-05 1.757804e-05 0.24005085 0.0015968352 0.13123445 0.040829074 0.14099647 0.19724154 0.00034249603 0.05199921 0.00022742523 0.0002619736 0.16685131 0.008420498 6.8245495e-06 0.20145166 0.14644279 0.0016363432
0.36383075 0.06656292 0.077441834 0.1876697 0.02210297 0.1524595 0.27349395 0.26027137 0.12631649 0.027074678 0.122212216 0.07835347 0.54911804 0.007989302 0.005451929 0.021024695 0.41172022 0.27379876 0.106099546 0.7497471 6.921376e-18 0.0051253145 0.05436069 0.023427209 0.11547336 0.00019196086 0.022189649 0.07919388 0.78365517 0.024724072 0.3054464 0.26169655 0.5207212 0.00061532634 7.812153e-05 0.017194984 0.445602 0.6489029 0.030075876 0.0024011536 0.00012053424 0.0012836457 0.5415673 0.50893694 0.025138749 0.022673473 0.00020157426 3.6199846e-05 0.2337571 0.019365871 0.36355752 0.26016408 0.009115542 0.0008624173 0.04427043 4.1156276e-05 0.1071926 1.8731116e-05 0.0059661805 0.00049950834 0.22112246 0.01156881 0.23844557 0.00060402136 0.10758328 0.00013417986 5.6929416e-06 0.2910206 0.054826587 0.19523934 0.00027994518 0.37351012 1.503032e-05 0.0005487467 0.05971566 3.7459884e-09 0.0010845144 1.2059752e-05 0.0042072646 1.8953567e-06 7.3450456e-06 4.9043403e-05 0.00014162651 1.0796795e-05 3.2985158e-06 0.23388134 0.0037306845 0.1892888 0.058925506 0.28323808 0.28028503 5.6522735e-05 0.041461468 0.0005463497 0.00067930634 0.1543064 0.00987391 1.754472e-06 0.23982188 0.06694605 0.00019012022
0.004383272 0.5089919 0.24398404 0.17237997 0.31253213 0.21369115 0.19771299 0.0964076 0.02314589 0.07111453 0.06803024 0.044030726 0.10839364 0.19640982 0.6683224 0.6098223 0.06613318 0.008113657 0.3494134 0.011858063 0.0051253145 1.0992746e-22 0.20118634 0.02048869 0.02036145 0.008739335 0.43364868 0.014623746 0.0038594762 0.371763 0.008112353 0.007937501 0.0018586705 0.11939641 0.43371096 0.007009651 0.00154334 0.003227616 0.00032404816 0.001999113 0.48218662 0.014292086 0.00088615355 0.0058423285 0.00033730385 8.085551e-05 0.28692815 0.0001556401 0.002333711 0.005957257 0.0006287112 0.0024287233 0.0047341352 0.0029522064 0.0007782275 0.00030809245 0.0024726184 0.0013695146 3.05387e-05 4.4276312e-05 0.0028110356 0.0021613135 0.001775387 0.0011169942 0.00011766697 0.04740913 0.00021707609 0.001945349 0.0016359898 0.0006148357 0.0066715186 0.0013593184 4.4287546e-05 0.00057148444 0.0029866726 3.9317425e-07 0.00064886844 0.0016692736 3.622257e-05 0.0010511955 1.1939925e-05 2.81428e-05 0.000965349 0.0035132016 1.4137438e-05 0.0013781467 7.41951e-06 0.00053096376 0.00023010101 0.00061732746 0.0013173841 0.0005622538 0.0006398842 3.268916e-06 8.809122e-06 0.0008272197 0.00051288493 6.3885096e-07 0.000406837 0.00082897756 0.0072045536
0.0041365167 0.12966992 0.0500815 0.13067724 0.07425151 0.08309646 0.34121126 0.32873672 0.036665037 0.0035875123 0.045104112 0.053289924 0.2951128 0.003469619 0.080055445 0.31039107 0.45995435 0.2703531 0.64019185 0.041491147 0.05436069 0.20118634 9.643101e-23 0.0027032462 0.007641221 4.4885768e-05 0.41987002 0.50381064 0.014528941 0.51463985 0.13942054 0.0142396055 0.024857339 5.0878003e-05 0.0008018739 0.0018943954 0.027807157 0.015995909 0.024876084 0.41002667 0.022711439 0.45778173 0.0051650032 0.014916468 0.05796489 0.0061694426 0.2508291 2.869926e-07 0.009664402 0.0069453414 0.0018771504 0.00900683 0.0061009843 0.06391742 0.005892001 5.62124e-07 0.008459057 8.037623e-07 0.0009886706 0.06620455 0.0065401564 0.004324237 0.0015754894 7.497107e-05 0.0030239907 0.009895134 1.8144364e-07 0.00442265 0.004640477 0.0028137125 0.013876953 0.0027245844 1.8210689e-07 0.0008053476 0.00040021213 6.3802624e-10 0.0003187694 7.4623955e-07 0.00058816205 8.01473e-05 6.395694e-08 0.01695371 7.054142e-06 0.00016106744 1.6482595e-07 0.0037554002 0.0004424177 0.0018886572 0.0011715352 0.0010046604 0.0012737468 1.0862278e-06 8.1396e-05 0.00013891609 0.00039354264 0.0021938987 0.0064135687 5.66321e-09 0.00019938151 0.0006872607 4.606606e-06
0.27201098 0.24318805 0.23797987 0.10527674 0.081213005 0.32343048 0.012625069 0.009301031 0.03472488 0.46392974 0.31622887 0.07291684 0.028843984 0.17194757 0.057581622 0.015390021 0.0020502342 0.00080679357 0.00879515 0.023627488 0.023427209 0.02048869 0.0027032462 6.196419e-21 0.9168682 0.013289199 0.0075734886 0.00024394023 0.052886248 0.008252522 0.0002826552 0.10135763 0.0032149758 0.02491264 0.008996567 0.5979302 0.0017057217 0.0056967274 4.8405003e-05 6.132391e-05 0.004210093 0.00017608183 0.0040888204 0.03708038 7.008494e-05 3.002564e-05 0.00083678635 0.0065749893 0.015402545 0.11351672 0.0006673135 0.017493587 0.14072342 0.00021496508 0.11845265 0.0067812447 0.042595737 0.00063296093 2.3575332e-05 6.1323204e-05 0.037471086 0.15953352 0.0021858509 0.025829678 0.0001961914 0.00013067495 0.00010964964 0.015995072 0.07538989 0.008641326 0.0001322848 0.027111076 0.00038641627 0.024289418 0.17605467 1.00137065e-07 0.0123212235 3.0127565e-06 4.112305e-05 1.487837e-06 0.00019780861 1.0688038e-05 0.005270315 8.0994305e-06 0.0014465405 0.026625987 1.4432093e-05 0.01556755 0.0011346568 0.0058270986 0.013276778 0.0035885202 0.23584642 7.2770445e-06 9.2954133e-07 0.0021186105 7.89074e-06 5.1493254e-05 0.005507012 0.023574047 0.022482866
0.3699038 0.2991615 0.2489729 0.16344643 0.10421469 0.35704264 0.034303643 0.03212764 0.06732041 0.30782622 0.4734951 0.11743795 0.1156753 0.074203566 0.046504647 0.01468596 0.010411795 0.003046098 0.012804711 0.058141045 0.11547336 0.02036145 0.007641221 0.9168682 6.4423714e-21 0.0043902923 0.008874684 0.0007043987 0.20661415 0.0102777975 0.0022434574 0.3666074 0.012953746 0.0032508804 0.0019406398 0.20309897 0.006778525 0.030721119 0.00012368975 0.00032861452 0.002253123 0.0005745529 0.014491302 0.17539324 0.0005435301 9.3149e-05 0.0013048348 0.0017048363 0.052741367 0.23609386 0.005986699 0.05763711 0.21692917 0.00031898046 0.17959319 0.0015664716 0.14604689 7.064978e-05 4.4047123e-05 4.0295752e-05 0.12608713 0.21638025 0.007160308 0.0066031 0.00043639293 0.00014209136 5.926608e-06 0.04451464 0.12117235 0.03017074 0.0001928922 0.11275609 8.018438e-05 0.012283164 0.34139842 7.2283535e-09 0.0062164017 5.2495693e-07 4.786548e-05 4.9739344e-07 8.3624785e-05 7.1151667e-06 0.0030851115 6.961574e-06 0.00043002286 0.096843444 3.3248478e-05 0.041582868 0.0035737408 0.009614448 0.0274201 0.0012253553 0.27910745 7.389802e-06 6.041996e-06 0.0040296596 0.00010250731 4.4577237e-06 0.010741076 0.09873211 0.014466619
0.00019904049 0.0463251 0.020014336 0.003677468 0.04191287 0.010422087 0.00053962204 7.7632474e-05 0.0006339366 0.06695472 0.0047445865 0.0019253318 0.00011906862 0.57149416 0.036275525 0.0012100288 4.3158525e-05 1.0317506e-05 0.0002221815 0.0011082182 0.00019196086 0.008739335 4.4885768e-05 0.013289199 0.0043902923 2.5954722e-25 0.0012838949 1.6171896e-06 0.00037795588 0.00047368644 0.000104039784 0.00028452266 0.00012353038 0.56786865 0.10394912 0.37698656 0.00015611669 9.171432e-05 2.4934411e-06 3.9802097e-07 0.0052317753 8.045583e-07 0.000121921905 0.0007441442 3.7967789e-06 1.6504293e-06 2.4473375e-05 0.019992147 0.0002451801 0.00079689926 7.050789e-05 0.00037753658 0.0010443832 1.1257473e-06 0.0005012241 0.013598707 0.00025971292 0.027680071 4.0142055e-07 1.9106008e-06 0.0002429104 0.0009462822 0.00034322587 0.007979142 3.885342e-06 4.0582214e-05 0.008056076 0.00054527866 0.0005815119 0.00024663666 8.529671e-06 0.00029722185 0.019133212 0.0011833723 0.0006350318 7.3150324e-05 0.0014348147 0.00010698425 4.9656495e-07 1.6155094e-06 0.00401933 5.694777e-08 0.0015864074 2.4157938e-05 0.003507325 0.00072743243 4.4479586e-07 0.00029547667 1.2857941e-05 4.371476e-05 0.0005471164 0.0006021949 0.0015417174 1.861697e-08 2.985435e-07 6.009743e-05 5.5122287e-06 0.0017931293 2.8597842e-05 0.00013294598 0.0021801323
0.0020583274 0.3060036 0.1173387 0.13967685 0.17552911 0.11222907 0.20209323 0.18534261 0.03899443 0.018909471 0.065156065 0.05378318 0.15232463 0.040016558 0.22276272 0.39575666 0.2524641 0.09839851 0.4322205 0.024985844 0.022189649 0.43364868 0.41987002 0.0075734886 0.008874684 0.0012838949 1.8814417e-22 0.17263344 0.008580053 0.57927895 0.037997995 0.01593354 0.0073709814 0.004558812 0.048929594 0.0043424037 0.009142614 0.008663759 0.0055536297 0.054239117 0.20071033 0.23243618 0.0051517454 0.011593357 0.008505237 0.0018065255 0.35029343 6.07703e-05 0.010571507 0.011928891 0.0026945246 0.01067153 0.012290377 0.030559665 0.0043697967 0.00010945678 0.0070970324 2.289399e-05 0.00053087843 0.0023168123 0.0055979155 0.0070922384 0.0030416464 0.00069938955 0.00077158056 0.046715744 1.8770832e-05 0.008985874 0.0055258954 0.005462535 0.012718169 0.0028237673 4.511638e-06 0.00071333646 0.0060220324 6.767447e-09 0.0015135424 0.00041609386 0.00034923464 0.0008748725 3.427662e-07 0.0019655884 0.00047452113 0.0028157362 1.8146666e-05 0.00290891 0.0002116051 0.0018033349 0.0009134535 0.0007164365 0.0018838407 9.808779e-05 0.0011046139 2.3234945e-05 0.00012886882 0.004121215 0.00509722 2.134926e-08 0.00091956696 0.0036953453 0.00061377505
0.009617699 0.005302902 0.0010730264 0.01914164 0.0037453305 0.0029712308 0.2785244 0.2944428 0.008411004 0.00025593574 0.0046461183 0.0066305753 0.25894693 7.982173e-05 0.0019468262 0.04703662 0.7598376 0.60471106 0.3501688 0.033359196 0.07919388 0.014623746 0.50381064 0.00024394023 0.0007043987 1.6171896e-06 0.17263344 4.002096e-22 0.00881775 0.25185645 0.37425393 0.0021998552 0.071822956 1.3450663e-05 4.6058817e-06 0.00026417692 0.1255497 0.030526897 0.26936334 0.49492407 0.0015256344 0.2846254 0.00630656 0.012576034 0.66574144 0.09435716 0.08846409 1.3492642e-06 0.0114777675 0.0008003399 0.005540605 0.012699134 0.0013927412 0.020010592 0.0005053176 8.281274e-07 0.003963646 5.713844e-06 0.028926637 0.20174569 0.007241848 0.0007399407 0.0027625023 9.162615e-06 0.029069634 0.0014953914 1.3123726e-05 0.00704961 0.0011611148 0.0043207374 0.0033042356 0.0022481133 3.6356314e-06 1.5871472e-05 0.00049278594 1.6226576e-09 0.00011496029 1.4148354e-06 0.006593234 1.3134256e-05 2.3575026e-06 0.016685456 8.213049e-06 2.8089493e-05 5.556688e-07 0.00071430753 0.00720632 0.00018087188 0.003475449 0.0016028542 0.00070814707 3.786074e-07 1.8009845e-05 0.0021974135 0.006371863 0.004982364 0.016581278 1.0590511e-07 0.0008145075 1.0923753e-05 1.788947e-07
0.52928966 0.07275354 0.10527313 0.30447587 0.022215586 0.22513191 0.22665058 0.18244302 0.21432637 0.033137515 0.2773798 0.16434929 0.38368767 0.0062595797 0.0034336648 0.011786807 0.19351117 0.09500852 0.03723202 0.7516471 0.78365517 0.0038594762 0.014528941 0.052886248 0.20661415 0.00037795588 0.008580053 0.00881775 5.8715857e-18 0.009665858 0.077666014 0.5453506 0.2938774 0.0005751713 0.00027611305 0.022988748 0.1936933 0.4520969 0.0032024465 0.00045430355 0.00020139845 0.00036181413 0.4061482 0.5503122 0.0030763869 0.006688831 7.059685e-05 8.466098e-05 0.25444445 0.06230939 0.14477776 0.25939688 0.027129123 0.00043923734 0.13144992 0.00010595891 0.17348966 1.1240861e-05 0.0022701093 0.00012883208 0.2804568 0.029739346 0.110238805 0.0021520364 0.024493914 9.3369046e-05 2.5076777e-06 0.28606808 0.06300884 0.18729667 8.5239495e-05 0.43549347 3.8604735e-06 0.0017849721 0.1928579 1.2531706e-09 0.0022615597 5.02813e-06 0.0012637121 7.414039e-07 4.105081e-06 1.2392548e-05 0.00036230395 3.3480455e-06 7.0135725e-06 0.33883306 0.0011202347 0.27482054 0.038837694 0.23577572 0.35461798 0.00018721445 0.13149185 9.320223e-05 4.2624317e-05 0.08211234 0.001759435 1.2567857e-06 0.26406533 0.2038863 0.001111606
0.0018384957 0.2747062 0.13132338 0.14345299 0.14662404 0.13357103 0.22889659 0.22538643 0.039381873 0.01290311 0.063416556 0.052632686 0.18295507 0.024182096 0.18229304 0.34554896 0.30149034 0.16055414 0.46632752 0.026547208 0.024724072 0.371763 0.51463985 0.008252522 0.0102777975 0.00047368644 0.57927895 0.25185645 0.009665858 1.0689219e-22 0.06542486 0.012539478 0.010617133 0.0009260923 0.03197695 0.004944661 0.014573049 0.009737223 0.01274166 0.13560036 0.12551887 0.39103934 0.003965578 0.009986343 0.021671545 0.00403107 0.39992008 1.4347599e-05 0.009319571 0.010906547 0.001950188 0.0079085 0.009284769 0.08559696 0.005216585 2.3352924e-05 0.008331462 4.762223e-06 0.00077479664 0.013217452 0.0051205265 0.0057496484 0.0020065834 0.00058109366 0.0014278134 0.04057025 1.712498e-06 0.004421281 0.0049222796 0.0028493009 0.02411384 0.0021065194 1.6419472e-06 0.0010280509 0.0028424682 3.4121472e-09 0.0018303765 0.00011974219 0.0006259272 0.00067203917 2.8120635e-07 0.00776334 0.00021073631 0.0017417237 3.1907475e-06 0.0050028926 0.00026240342 0.0025952375 0.0009725957 0.0011777453 0.0017008025 2.392682e-05 0.0002528257 6.5754124e-05 0.0001653035 0.0031429038 0.005365852 1.5337548e-08 0.0003996583 0.003542058 0.00017407139
0.4975905 0.0097683035 0.003450832 0.029532067 0.0033642184 0.012350459 0.30479273 0.29381552 0.0074555892 0.0009679529 0.009053553 0.004132097 0.6190613 0.0007769413 0.0017467848 0.015599576 0.5626577 0.57246447 0.11341631 0.18890573 0.3054464 0.008112353 0.13942054 0.0002826552 0.0022434574 0.000104039784 0.037997995 0.37425393 0.077666014 0.06542486 1.472291e-19 0.01840941 0.60315067 2.781779e-05 2.1906702e-05 0.0037033306 0.7799387 0.4413023 0.5967549 0.053850833 0.00024603127 0.025831327 0.24244153 0.07487781 0.45468515 0.33425364 0.0058074486 4.0784778e-07 0.03635441 0.00034988925 0.28499973 0.028646667 0.0003182767 0.0015014024 0.00077558064 4.9006934e-07 0.0040572267 2.626469e-05 0.118945196 0.020006318 0.0074664573 0.00075878284 0.13855915 7.392607e-06 0.31961566 4.8291437e-05 9.530129e-06 0.035382062 0.0026188584 0.032021847 0.00041319098 0.016980425 1.5719226e-05 1.727465e-05 0.0031907705 2.4783533e-08 1.4341908e-05 7.0341525e-07 0.05636055 2.2515967e-06 1.3067674e-05 0.001149341 1.631315e-06 4.3122607e-05 7.434635e-07 0.005260842 0.08040523 0.00381377 0.118034415 0.03559692 0.008029622 8.418892e-07 0.0006019604 0.02070495 0.06113132 0.38974577 0.32052007 3.8332155e-06 0.012394647 0.0016613179 4.176763e-06
0.8536389 0.13785061 0.15277839 0.5112726 0.02258719 0.2809883 0.20718355 0.12669617 0.39648455 0.04288169 0.36633477 0.54413104 0.48242787 0.0064899256 0.008801632 0.017573139 0.0630358 0.015476535 0.031298786 0.46752265 0.26169655 0.007937501 0.0142396055 0.10135763 0.3666074 0.00028452266 0.01593354 0.0021998552 0.5453506 0.012539478 0.01840941 6.942878e-17 0.05832029 0.0003483633 8.0195234e-05 0.016679777 0.017945759 0.11047596 0.00023038358 0.0003352557 3.6145408e-05 0.00016259037 0.0942013 0.31605402 0.0007925296 0.0002920883 4.1873223e-05 8.5495376e-05 0.24385123 0.26015192 0.011358261 0.19123457 0.1612441 0.00010058208 0.114382066 0.00020219287 0.50600433 3.1482814e-05 8.8555884e-05 2.4181933e-05 0.31714755 0.09773476 0.02438886 0.002936392 0.00051843777 1.3964512e-05 1.5414496e-05 0.08093471 0.068574056 0.1683692 0.00016478046 0.27750212 1.289997e-05 0.0029144525 0.4748434 5.1221253e-08 0.001791966 8.047709e-07 3.406432e-05 5.81274e-07 3.447076e-05 3.458921e-05 0.00040041213 4.3510067e-06 1.1812147e-05 0.38677302 4.608937e-05 0.26482433 0.006222096 0.02519515 0.20426722 0.00023628643 0.15228865 9.05952e-06 1.0021761e-05 0.014603357 0.000256113 1.0285646e-05 0.109833896 0.30220702 0.0016817964
