4.6861888e-24 0.06955278 0.033169616 0.031841744 0.6335199 0.0047023967 0.5793429 0.026551416 0.003511249 0.7870545 0.22213612 0.62676525 0.7495453 0.9716616 0.80695194 0.061067693 0.027320834 0.45825273 0.8320696 0.6401511 0.026913965 0.83642495 0.017417112 0.92992467 0.93585384 0.06419782 0.9501932 0.70131403 0.0065764543 0.79929316 0.94429 0.07230658 0.0273921 0.6992209 0.0008554574 0.85114986 0.3919152 0.9253945 0.71387666 0.983628 0.0003207629 0.98323405 0.65274304 0.91594845 0.9448988 0.0011129186 0.06324615 0.9260291 0.99336463 0.979387 0.9606361 0.7644355 0.939858 0.00015083817 4.729861e-06 0.92242396 0.0610901 0.007005521 0.014918922 0.0009046148 0.068569705 0.926227 0.703758 0.9990981 0.03233944 0.977117 0.65951675 0.16047703 0.9058496 0.99777925 0.9796186 0.070988595 0.0067698434 0.40031123 0.9087744 0.80916184 0.9992249 0.97244143 0.8519703 0.0025912558 0.6281397 0.99993986 0.06485931 0.99987876 0.98050904 0.6189537 0.77082944 0.009043181 0.8989947 0.0058386303 0.78737265 0.9997938 0.57872015 0.015716853 0.2645923 0.9826196 0.17623945 0.107018165 1.5619895e-07 3.3826767e-05 0.0013664709
0.06955278 1.4023127e-16 0.32513824 0.4088068 0.9215991 0.027370756 0.41988453 0.9885048 0.002037642 0.08871256 0.77187693 0.04553726 0.05124684 0.37832665 0.16129705 0.00016286755 0.00018492379 0.0716708 0.0007891383 0.01003219 0.00015243526 0.015615087 0.043052465 0.0050366884 0.007014299 0.00010784792 0.0033031846 0.005195742 0.0013773689 0.0006112609 0.0009098436 9.0536945e-05 1.6497945e-05 0.0045626485 0.0016770653 0.00075236865 0.0017064393 0.00011576485 5.5633274e-05 0.002524554 2.8905435e-05 0.0027958485 1.7559325e-05 0.000667241 7.1314054e-05 3.952902e-07 3.842501e-06 0.0013133567 0.0005971002 0.013716224 0.00096043845 6.119479e-05 0.0002977671 4.2860006e-07 3.399777e-06 0.0012749615 6.4586704e-05 3.6416397e-05 1.5454378e-06 5.2307954e-05 1.3893622e-06 0.0010093128 6.9919206e-06 0.0039094086 7.338622e-05 0.0027462048 1.5449288e-05 5.026023e-07 0.00019188985 0.00037654612 0.006056503 1.1738132e-05 7.7148456e-05 1.1193839e-06 0.00047557897 0.00056904997 0.0004598815 0.001596887 0.00048984465 1.6771994e-05 5.5145927e-05 0.00027439365 2.0962545e-06 0.0011354017 0.0023256685 9.916175e-06 6.320088e-05 3.050214e-07 5.452706e-05 2.2767151e-06 1.7651753e-05 0.0016411276 3.6012682e-06 1.4997509e-06 3.745737e-06 0.0015113241 1.8040762e-06 2.1564038e-06 3.4816388e-08 3.9552156e-06 5.378069e-07
0.033169616 0.32513824 1.6586425e-17 0.9944633 0.37746295 0.47185093 0.82791305 0.0059749037 0.05076662 0.36355433 0.007613336 0.6535086 0.58697015 0.08077323 0.00096006214 0.0036007639 0.0026311649 1.0342539e-05 0.017776394 0.09200628 0.00079629757 1.1855675e-05 0.00027947355 0.034799345 0.034306858 0.0005458005 0.007444033 0.000714236 8.660515e-06 3.9957268e-07 0.0014237411 0.00027800142 7.560571e-05 0.0018390217 7.455812e-06 0.00048261235 1.9875097e-05 0.00059145817 0.0012894989 0.0004988138 2.2031889e-05 0.0014187024 0.0001554763 2.9058834e-05 0.001474289 7.5171556e-06 8.387518e-05 7.1198534e-05 0.000346145 0.0010267687 1.27219155e-05 1.4056766e-06 0.0005431733 2.2778696e-07 1.1421696e-06 0.00059817394 2.3596103e-06 8.250278e-07 1.5793794e-06 6.8091254e-07 1.187792e-06 0.001975168 3.6473153e-05 0.00012333202 4.0797013e-06 0.0023013523 6.6378445e-05 1.0064852e-05 6.228516e-05 0.0003527651 0.0014404379 3.0783558e-05 1.5773053e-06 1.5822356e-05 0.00027138184 1.41642395e-05 0.0001760803 0.0005809465 0.00011502982 1.3725479e-07 3.6263733e-05 0.00022918991 1.166199e-05 0.0010412311 8.0673584e-05 1.6240743e-05 8.92001e-06 6.1114184e-07 5.6602465e-05 3.0845167e-06 8.726389e-07 8.294719e-05 1.2370421e-05 2.7583916e-05 5.6972754e-06 0.00038635067 4.438554e-06 6.7634505e-06 9.998757e-09 1.060239e-06 4.3695715e-07
0.031841744 0.4088068 0.9944633 6.7146746e-18 0.54523385 0.11891276 0.84388596 0.0074174656 0.0074017225 0.45611897 0.018675154 0.5108838 0.5666978 0.12818836 0.0018142168 0.0012531127 0.00057002273 4.194649e-05 0.006833179 0.08765266 0.00021334327 2.8819448e-05 0.00028327803 0.020664874 0.022341771 0.00018825357 0.005241501 0.0015016244 8.057458e-06 1.6747244e-06 0.002335568 3.3452096e-05 1.9677236e-05 0.0027037503 4.9184036e-06 0.00095303566 1.64515e-05 0.00071152515 0.0002551688 0.00038772819 3.7456766e-06 0.0009681744 0.00010048582 9.2584756e-05 0.00015694383 1.3361329e-06 4.135974e-05 0.00022490582 0.0005688381 0.0009840161 8.920975e-05 4.5115925e-07 0.00083914667 5.1559418e-08 2.8860234e-07 0.00038860698 1.2152188e-06 2.0760184e-07 4.811849e-07 5.905656e-07 1.9782924e-07 0.0026380392 1.818249e-05 0.00014420721 7.186998e-06 0.0026171643 3.6481397e-05 6.1302703e-06 7.858983e-05 0.00076773186 0.0013881094 2.006587e-05 2.365676e-06 5.503604e-06 0.00019037457 3.1477437e-05 0.0005408841 0.0005498987 7.979928e-05 2.5756512e-07 1.9392668e-05 0.0002791012 1.0734352e-05 0.002297255 0.00012399282 8.985325e-06 2.3449236e-06 6.8367434e-08 2.351899e-05 8.0581924e-07 1.9564206e-06 0.00014046919 6.1704723e-06 1.2108269e-05 9.353213e-07 0.00012352485 2.5130332e-06 6.271434e-06 4.426871e-09 6.1808055e-07 2.3790003e-07
0.6335199 0.9215991 0.37746295 0.54523385 7.1782045e-17 0.023604872 0.751831 0.47459108 0.0016696812 0.63110703 0.79442656 0.04103116 0.23214398 0.97580886 0.5387885 9.884004e-05 0.00017288979 0.015544132 0.00012745603 0.018923549 0.00013284599 0.011099645 0.022723963 0.0018514843 0.006041608 0.000115900395 0.037307717 0.06452672 0.0012722268 0.00039906494 0.051597424 5.264533e-06 9.4480865e-06 0.09046316 0.00015720568 0.012294556 0.000322257 0.0023036515 3.620233e-05 0.011256155 6.443453e-06 0.0011307896 1.1037971e-05 0.0035617962 1.2429702e-05 1.09895176e-07 1.45848435e-05 0.0019039994 0.0015064847 0.0072159953 0.0006830648 2.158631e-05 0.0045848703 2.6324346e-07 2.735535e-07 0.0019100711 6.3921575e-06 9.398583e-07 2.0523282e-06 2.3087086e-05 4.5522492e-07 0.0050282246 4.694078e-06 0.0009535852 2.8401107e-06 0.005730161 3.1756936e-06 1.4906534e-06 0.00045417168 0.003175506 0.0028347205 9.896827e-06 7.756486e-06 1.8917449e-06 0.00018357448 7.168212e-05 0.0025128813 0.00014777489 0.0002106272 1.5994381e-07 1.8997604e-05 0.00083204405 1.8243117e-06 0.0052429163 0.0002635616 2.4809833e-06 5.5504495e-07 2.2585182e-07 5.2991427e-06 2.0912394e-07 5.930419e-06 0.0003276432 1.2752557e-06 1.4133143e-06 1.39677e-06 7.781852e-05 7.9162345e-07 1.9266329e-06 5.0409037e-09 9.962151e-07 1.9893982e-07
0.0047023967 0.027370756 0.47185093 0.11891276 0.023604872 9.514656e-17 0.15916502 0.0014255577 0.99238557 0.010364262 0.0002196171 0.881552 0.1860345 0.004776038 0.00021299015 0.049406145 0.043832347 2.038608e-05 0.05509409 0.028947294 0.0035624842 6.351117e-06 1.5212844e-05 0.070876725 0.01500653 0.009113547 0.00068068824 7.550454e-05 1.7126941e-06 5.1743746e-06 0.0002507379 0.0030530766 0.00047689563 3.599282e-05 3.6316287e-06 0.00011892111 3.1545278e-06 2.0061048e-05 0.00060217455 5.9468297e-05 0.00022133958 8.188058e-05 0.00014803656 7.0546776e-05 3.190755e-05 5.3624954e-05 0.00018449344 0.00031487813 5.612134e-05 0.00017360902 3.657809e-06 1.7881044e-07 3.1593616e-05 4.608315e-06 0.00012745422 2.224867e-05 1.1810794e-07 9.128354e-08 4.937451e-06 3.4753572e-07 7.0929987e-06 0.00056644314 1.766199e-05 1.0194163e-05 1.399117e-07 0.00045092273 1.23409745e-05 6.541472e-06 1.574404e-05 9.1549235e-05 0.0020009892 7.4997133e-06 8.121866e-07 1.5142816e-05 4.958145e-05 1.8150447e-06 4.6178247e-05 7.850744e-05 1.1817791e-05 3.8126694e-07 1.18191665e-05 7.7723365e-05 2.219734e-05 0.00048556726 0.00013529185 1.7239052e-05 3.9094302e-06 3.3951127e-07 2.0463802e-05 2.3540001e-06 2.459204e-07 0.000109650384 2.5636606e-05 3.244783e-06 5.8009914e-06 1.6844224e-05 3.0712113e-06 1.2387716e-05 1.1592332e-07 5.213993e-06 4.9705413e-06
0.5793429 0.41988453 0.82791305 0.84388596 0.751831 0.15916502 8.377817e-15 0.0385709 0.021121163 0.97776204 0.033834055 0.4460372 0.8522626 0.42673364 0.012131942 0.00063940906 0.003183139 0.00016600588 0.008326271 0.10663742 0.00069943216 7.67502e-05 0.001714904 0.05649309 0.046393383 0.0010077013 0.10629228 0.008298114 0.00010767732 2.0848745e-06 0.043645192 0.0001300098 8.9569075e-05 0.037379798 1.7922497e-05 0.0044527105 3.119078e-05 0.013217704 0.00037619815 0.0020716132 4.8475034e-05 0.019153884 6.925e-05 0.0010979363 0.0005677089 9.5806e-07 0.00074787147 0.0009943463 0.0015923064 0.0020078218 0.00014572548 1.6707134e-05 0.006231018 3.1809157e-06 2.556608e-06 0.005989175 8.676834e-06 1.6381402e-06 8.467918e-06 3.3430093e-05 1.6668175e-05 0.007489882 2.75623e-05 0.00025020976 1.3026433e-06 0.007964005 8.855665e-05 4.340577e-05 0.0006760098 0.006147243 0.0021867184 0.00027574121 8.474049e-06 3.188565e-05 0.00043856073 4.120887e-05 0.0034763706 0.0008011814 0.0006708607 2.5465351e-07 0.00018251437 0.0012161302 0.00014526577 0.012385237 9.698599e-05 1.4923839e-05 6.467281e-05 2.0047212e-06 9.611422e-05 7.5781586e-06 2.5286715e-06 9.1611684e-05 1.2151071e-05 0.00032131615 6.450791e-05 0.001410591 1.6500353e-05 4.2065265e-05 6.2233944e-08 3.051644e-06 1.5900576e-05
0.026551416 0.9885048 0.0059749037 0.0074174656 0.47459108 0.0014255577 0.0385709 5.804556e-17 7.283248e-05 0.0043179817 0.78775007 0.0007002061 0.004423717 0.114763945 0.1615469 4.1700887e-06 2.0164482e-06 0.47469208 5.415073e-05 0.00082505343 1.3450439e-06 0.080283664 0.95678794 0.0008292077 0.00089937914 2.8333961e-06 0.0003990691 0.005432712 0.07457928 0.016915387 0.0002338153 1.9130743e-05 2.556669e-06 0.007572026 0.07488865 0.00040079898 0.034964934 1.7713186e-05 3.6809363e-06 0.0036678326 2.0641487e-06 0.001517826 6.614555e-06 0.0016169144 3.0110534e-06 1.383801e-07 2.299207e-06 0.0014196013 0.00026169393 0.017391752 0.006046216 0.0007000699 9.117849e-05 1.7089504e-07 2.8678535e-06 0.001935302 0.00068399595 0.0016343016 4.4941817e-06 0.0025138378 7.4545255e-08 0.00053874403 1.0628711e-06 0.01191702 0.00042966535 0.0013801979 5.7582797e-06 9.4487035e-07 0.00025147115 7.763032e-05 0.0008527808 9.930485e-06 0.00015761219 8.326087e-07 0.0007530919 0.0031795572 0.0002790911 0.00052214996 5.857089e-05 0.00010711032 6.036605e-06 7.301734e-05 1.482151e-06 0.00044388144 0.002156324 1.9981264e-06 2.2985084e-07 1.7030859e-08 4.895852e-06 9.810045e-08 0.00035472348 0.0035761185 6.0872503e-07 2.369483e-06 1.0335119e-06 0.00089453114 6.163818e-07 7.224522e-07 2.4916673e-08 7.7141976e-07 4.728131e-07
0.003511249 0.002037642 0.05076662 0.0074017225 0.0016696812 0.99238557 0.021121163 7.283248e-05 8.196231e-18 0.0018861624 6.3691195e-06 0.862031 0.045955885 0.00082894333 1.700405e-06 0.25766608 0.52482593 3.689028e-07 0.1171232 0.016603516 0.12184524 5.14167e-07 7.0261317e-06 0.04191375 0.008650375 0.37679943 0.00019922834 5.4144657e-06 6.0730906e-07 2.852682e-06 5.3834374e-05 0.06275822 0.038452867 1.4117862e-05 7.4892245e-07 9.976148e-05 2.8810227e-06 6.484135e-05 0.015842961 2.6523678e-05 0.028281363 0.00030915378 0.0012006123 5.686056e-06 0.0027136425 0.0019496384 0.0035910227 3.9296923e-05 2.2399317e-05 6.0256403e-05 5.6071957e-07 1.4164075e-07 1.2010674e-05 0.0002806525 0.0020150624 5.9428832e-05 8.7554255e-08 2.2364748e-08 0.000656938 2.7873117e-08 0.00018895397 0.00036059576 0.00022986085 3.974583e-06 4.797329e-07 0.0003708715 0.00016128572 5.740873e-05 1.6791791e-05 4.3386735e-05 0.0015023383 7.7803015e-05 1.6609066e-07 4.0707375e-05 0.000105904764 5.252579e-07 6.5598765e-06 0.00018313105 8.262463e-06 4.54626e-08 1.4841688e-05 4.1401574e-05 6.410471e-06 0.00028136882 6.2613435e-05 3.123575e-05 3.6974793e-06 1.0477355e-05 2.9257464e-05 1.897935e-05 1.475761e-07 4.2827403e-05 4.3145148e-05 4.8265356e-06 1.4251287e-06 8.456906e-05 1.9569356e-06 8.487224e-06 1.3867532e-06 5.015504e-05 2.6986905e-05
0.7870545 0.08871256 0.36355433 0.45611897 0.63110703 0.010364262 0.97776204 0.0043179817 0.0018861624 3.3218773e-17 0.02524687 0.18420726 0.971999 0.3267521 0.0037376105 0.0001986726 0.00082801806 5.75021e-05 0.0019185456 0.3432699 0.0003163735 8.972681e-05 0.00037432357 0.029278496 0.073483974 0.00022078615 0.75328255 0.011916679 2.3838105e-05 7.707998e-07 0.12629715 7.2337716e-06 2.7739914e-06 0.0173563 4.086804e-06 0.010845584 5.153681e-06 0.09374316 3.0018513e-05 0.002333793 5.7927264e-06 0.026730333 5.184617e-05 0.00081726426 5.5721473e-05 2.5281037e-07 0.00016093109 0.0007608824 0.0023121184 0.0022059393 3.178219e-05 7.259026e-07 0.029695602 4.3620352e-07 3.1328204e-07 0.010353548 3.7488908e-07 2.1827022e-07 7.0169267e-07 1.7971312e-05 1.2191947e-06 0.031347685 3.4590773e-06 8.798069e-05 5.464687e-08 0.01936806 5.12388e-06 1.5941927e-06 0.0010426118 0.011321228 0.0034229408 9.253741e-06 1.4567822e-06 2.7683914e-06 0.00017378676 2.5025782e-05 0.0052355416 0.00013206319 0.0011190552 9.0948646e-08 5.1384013e-05 0.0030191436 2.1753292e-05 0.027120207 1.6768334e-05 3.925098e-06 9.367768e-06 2.8676743e-07 1.9510371e-05 1.9710094e-06 2.1593804e-07 2.0370222e-05 4.997554e-06 2.2546856e-05 9.895185e-06 0.0003899606 3.6911658e-06 1.0857033e-05 2.0783737e-09 4.2450972e-07 1.6216034e-06
0.22213612 0.77187693 0.007613336 0.018675154 0.79442656 0.0002196171 0.033834055 0.78775007 6.3691195e-06 0.02524687 5.1387982e-20 0.00016702569 0.004425384 0.71800166 0.9925778 5.112212e-07 7.176584e-07 0.49453264 1.6473724e-06 0.002502779 5.846188e-06 0.50190806 0.39424843 0.00077900046 0.0006798553 1.408504e-06 0.01660507 0.56796914 0.0312663 0.024344582 0.06623012 1.2697038e-06 1.7989391e-06 0.14095204 0.0013383909 0.021395411 0.009553999 0.00040072654 2.9133964e-06 0.04854469 1.012848e-05 0.0005733362 1.6431956e-06 0.104013175 1.8322406e-07 3.0630385e-08 5.027816e-07 0.01778237 0.0011136348 0.057695396 0.0054650027 1.9563937e-05 0.0027435322 9.633748e-07 7.989423e-07 0.00025957052 1.630056e-05 2.0467555e-06 8.206757e-07 4.4236617e-06 2.0958696e-07 0.0010912175 2.629519e-07 0.009846198 3.926922e-06 0.002943417 8.012627e-07 3.3415983e-08 4.9498154e-05 0.0012387001 0.003420267 4.7405612e-07 4.703008e-06 5.7942398e-08 7.3062506e-06 0.00046169662 0.0023580054 6.617577e-06 2.6666714e-06 1.466588e-07 2.9438192e-08 6.585541e-05 1.2094016e-07 0.0020675464 0.0013817097 3.882114e-07 5.6813096e-09 3.5849435e-08 4.1248694e-07 2.4328284e-07 4.1772034e-07 0.0010298097 2.606671e-07 3.0720534e-07 1.7971651e-07 3.6050974e-07 1.17679576e-07 2.6466975e-07 7.586601e-09 1.888558e-06 5.619881e-08
0.62676525 0.04553726 0.6535086 0.5108838 0.04103116 0.881552 0.4460372 0.0007002061 0.862031 0.18420726 0.00016702569 1.2835649e-15 0.95480734 0.018154068 3.5772373e-05 0.82271105 0.7742801 3.702882e-06 0.8600305 0.5772904 0.4707871 4.297735e-07 9.870082e-05 0.7405164 0.3685212 0.28341395 0.030994646 6.0959414e-05 6.826372e-06 3.305335e-07 0.001372569 0.0768821 0.047791 0.0021673073 8.360744e-06 0.00017801339 3.8247254e-06 0.0040514017 0.028468106 0.00019390754 0.0016127664 0.028450368 0.017986545 7.9751124e-05 0.023656175 0.00174363 0.024895491 0.00013352094 7.985394e-05 0.00064796343 3.1949892e-06 1.1242421e-06 0.0016107751 8.815151e-05 4.9470073e-05 0.006353871 2.5785746e-06 4.0004818e-07 0.00013906456 6.392554e-06 0.0010465053 0.0022935611 0.0006189291 4.3097654e-05 5.8223456e-08 0.0019042128 0.0010715942 0.00073215575 0.00049166195 0.00059507584 0.0006531626 0.00061721116 1.1067468e-06 0.00034206273 0.0011463716 2.8875088e-06 0.00013526075 0.0034156172 0.0005367446 5.6032906e-08 0.00036181897 0.00022999746 0.00055565167 0.003265075 2.8271788e-05 0.00040766096 0.00015019553 7.770298e-05 0.0005722676 4.8966016e-05 2.420699e-07 1.4840286e-05 0.00061696226 0.0005801905 6.0327064e-05 0.00032775823 0.00012211659 0.00015279489 1.0787676e-07 3.783371e-05 0.0001288521
0.7495453 0.05124684 0.58697015 0.5666978 0.23214398 0.1860345 0.8522626 0.004423717 0.045955885 0.971999 0.004425384 0.95480734 2.1728665e-14 0.07039242 0.0005154753 0.010770901 0.019478396 3.1244515e-05 0.042491954 0.87902385 0.008036755 1.7148033e-05 0.00031240657 0.32097515 0.42615336 0.0040106494 0.33720553 0.001776022 3.1739117e-05 9.571942e-07 0.017395666 0.0012090368 0.00026510644 0.004445559 7.351605e-06 0.002866827 2.0528558e-05 0.10005931 0.005031949 0.00069285533 0.0003355663 0.08636721 0.0027665165 0.00023827325 0.012149294 6.3393472e-06 0.0060440805 0.00050119037 0.0013145314 0.0006490058 7.113206e-06 3.9904703e-06 0.014594043 4.804877e-06 2.4596932e-06 0.023985337 4.0316254e-06 8.8894336e-07 2.379259e-05 1.9962648e-05 4.656196e-05 0.015132711 0.000108013635 2.3603634e-05 8.4570667e-07 0.01691904 0.0011375204 9.795616e-05 0.0026412073 0.0075834766 0.0025772424 0.00025004038 2.577783e-06 0.00016330289 0.0024170915 2.0333306e-05 0.0015441548 0.0022941255 0.0035565437 1.0598958e-07 0.0008542399 0.0029340393 0.00019156712 0.016674098 1.9464245e-05 6.07732e-05 0.0010259206 4.0311447e-06 0.0006308872 9.7298525e-06 6.1188024e-07 7.4087484e-06 5.4236938e-05 0.00014565975 0.0004033708 0.006091449 0.000100205805 0.00011594052 2.8570705e-08 4.386065e-06 1.0654363e-05
0.9716616 0.37832665 0.08077323 0.12818836 0.97580886 0.004776038 0.42673364 0.114763945 0.00082894333 0.3267521 0.71800166 0.018154068 0.07039242 2.0360222e-16 0.63376844 4.63102e-05 8.6072374e-05 0.019304624 0.00016976894 0.013546331 5.2892752e-05 0.03789836 0.0062350747 0.0024209844 0.005275243 7.715452e-06 0.6137145 0.6640645 0.0006541653 0.000990527 0.65686333 6.3041566e-06 1.8784916e-06 0.6750077 7.263805e-05 0.31125364 0.0003033457 0.025094321 4.1023573e-06 0.3612074 2.3148498e-06 0.012240087 3.4891307e-06 0.029482864 3.5287417e-06 1.0059459e-07 2.0595476e-06 0.02429276 0.036802594 0.2439035 0.0022473536 3.9003942e-05 0.14962475 9.184257e-08 6.3804424e-07 0.0033889927 9.1620325e-07 2.514125e-07 2.5395576e-07 5.185411e-06 7.8985395e-06 0.07009145 1.5813207e-06 0.014737071 4.7164667e-07 0.12303237 1.5548208e-06 7.973271e-07 0.0002139529 0.070745036 0.033693567 2.6571186e-06 6.1111047e-07 9.389633e-07 1.2032204e-05 7.9486425e-05 0.042920392 1.8194269e-05 4.899273e-05 3.7262708e-07 6.462879e-07 0.003252651 3.3423478e-06 0.10825467 0.0004705101 3.0547917e-06 5.138459e-07 2.3323433e-07 5.940622e-07 4.1781792e-07 3.2460644e-06 0.0007817642 6.690723e-07 1.3951393e-06 1.9825156e-07 4.601506e-05 3.981474e-07 1.9400206e-06 4.656857e-09 1.1677337e-07 9.539648e-08
0.80695194 0.16129705 0.00096006214 0.0018142168 0.5387885 0.00021299015 0.012131942 0.1615469 1.700405e-06 0.0037376105 0.9925778 3.5772373e-05 0.0005154753 0.63376844 6.7126765e-18 3.02018e-07 1.7410742e-06 0.33096886 8.238924e-07 0.00017507112 2.587127e-06 0.3985897 0.06836357 6.6684646e-05 0.00023318776 1.0360343e-06 0.028658438 0.813998 0.0060564284 0.0141148195 0.2578205 1.6928608e-07 4.821909e-07 0.48456815 0.00064953 0.08220333 0.0054142424 0.0008657204 1.4249092e-07 0.25055417 6.5491963e-07 0.0005476971 1.7784937e-07 0.19552551 2.8725834e-08 4.0884274e-09 1.15709156e-07 0.085307635 0.011861563 0.34132227 0.037774578 6.90436e-05 0.0138967065 3.4509817e-08 2.9023963e-07 0.00011942674 2.6162994e-05 7.1429463e-06 7.684222e-08 2.1064317e-05 9.013749e-08 0.0051173386 1.4195003e-07 0.06430731 6.1093187e-06 0.01435226 1.2925942e-07 4.8815014e-08 1.3264931e-05 0.0073085404 0.019159898 2.1017642e-07 7.0618285e-06 3.9758145e-08 3.907086e-06 0.00043306628 0.023138015 2.9104194e-06 1.3634222e-05 6.3728044e-07 4.2630106e-08 0.00026913543 4.2771683e-07 0.011406452 0.005706368 8.979602e-08 5.7037884e-08 2.6250376e-08 1.3027905e-07 4.512894e-08 1.7939221e-05 0.004617138 8.455768e-09 6.543434e-07 1.4313117e-07 2.9766093e-06 5.082943e-08 2.1982483e-07 8.575848e-09 4.192079e-06 2.75871e-07
0.061067693 0.00016286755 0.0036007639 0.0012531127 9.884004e-05 0.049406145 0.00063940906 4.1700887e-06 0.25766608 0.0001986726 5.112212e-07 0.82271105 0.010770901 4.63102e-05 3.02018e-07 6.492913e-17 0.9252927 7.240611e-08 0.9714061 0.06996443 0.93993515 3.3860026e-08 9.953064e-07 0.31272504 0.08800955 0.45544106 0.0033659209 1.1562312e-05 3.732522e-06 9.0134584e-08 0.001583996 0.49969503 0.2038141 0.00020549176 3.6952376e-06 0.0008094868 1.8087222e-06 0.0036885252 0.045722824 1.7818826e-05 0.009054512 0.001953422 0.003337753 0.00019485276 0.015528827 0.014144822 0.040244427 0.000248211 0.0003553863 6.209822e-05 1.3526487e-06 8.956544e-08 0.0006332637 0.0013039038 0.0006171382 0.008062999 2.5592828e-07 2.6242057e-07 0.0025570472 2.730528e-05 0.0054120766 0.002187346 0.00062009506 3.5098558e-06 1.4700944e-07 0.00050580717 0.0028614774 0.002324154 0.0007165359 0.00043817484 0.00044189987 0.0012651881 1.7412253e-06 0.000583865 0.0010997718 2.6172813e-06 6.726672e-05 0.0023154914 0.0006453398 5.662943e-08 0.0009357835 0.0007456996 0.0012407273 0.0010503428 5.581963e-06 0.0003829142 0.00043661482 0.00022685011 0.0010098572 0.0002604369 8.871704e-08 6.372522e-06 0.00028659153 0.0001753209 0.0001418758 0.000446431 0.00015065142 0.0003412628 9.259465e-07 6.1733714e-05 0.0010729216
0.027320834 0.00018492379 0.0026311649 0.00057002273 0.00017288979 0.043832347 0.003183139 2.0164482e-06 0.52482593 0.00082801806 7.176584e-07 0.7742801 0.019478396 8.6072374e-05 1.7410742e-06 0.9252927 2.5318308e-17 1.0017064e-06 0.790123 0.044374175 0.97661793 3.2502663e-07 8.1419284e-07 0.2730646 0.04845228 0.85702866 0.0016609075 5.2258115e-06 1.4572852e-06 1.1067357e-05 0.000115206785 0.6159563 0.26890624 5.029289e-05 1.7167415e-06 0.00029902323 4.8755675e-05 0.0004303504 0.07368881 3.600892e-05 0.03983728 0.0024070425 0.010528178 0.00017068893 0.008091854 0.019007096 0.06134476 7.098612e-05 0.00033462164 0.0001438464 1.1556822e-05 2.3936562e-07 0.00026983445 0.0038024425 0.0027253614 0.0006983574 2.727501e-07 1.570514e-07 0.0052475682 1.0808473e-06 0.002695585 0.0012535173 0.0029422382 1.5695798e-05 2.2975308e-07 0.0010055404 0.00313696 0.0007334347 0.0001478915 0.00035149913 0.0014895472 0.00083512417 3.59788e-06 0.00058763893 0.0008770872 2.5250042e-06 0.00029760276 0.0015159203 0.00011332315 7.3673256e-08 0.00032859042 0.00018979196 0.00027408425 0.00084765797 4.383901e-05 0.0002452161 7.926055e-05 0.00013268596 0.00033526626 0.00025035322 1.3531725e-08 0.00014680148 0.0002773751 9.146537e-05 9.531152e-05 0.00012799844 6.528331e-05 0.00017308397 2.4140904e-06 0.00016856156 0.00060205685
0.45825273 0.0716708 1.0342539e-05 4.194649e-05 0.015544132 2.038608e-05 0.00016600588 0.47469208 3.689028e-07 5.75021e-05 0.49453264 3.702882e-06 3.1244515e-05 0.019304624 0.33096886 7.240611e-08 1.0017064e-06 7.7326465e-17 5.1029446e-08 1.7586306e-05 3.2586727e-06 0.9907522 0.8926274 8.929525e-06 1.5023798e-05 1.2320894e-06 0.00047974847 0.22246845 0.278209 0.75976646 0.0011224268 1.7040609e-06 1.913608e-06 0.05924627 0.08061583 0.0012728233 0.45440102 4.9520106e-05 2.674777e-07 0.030587096 1.1110992e-05 0.00014993091 1.5106453e-07 0.23880684 1.4013666e-08 3.0785127e-08 6.5137914e-07 0.036279522 0.00089755404 0.1723385 0.20219606 0.0066960435 0.0007664567 2.143958e-07 1.1551737e-06 0.00020986848 0.0035652574 0.0018947829 3.9297143e-07 0.0027676327 2.8616844e-08 0.0004326798 1.904662e-07 0.15770239 0.0005386829 0.002350362 2.7875403e-06 2.8556867e-08 0.00015244789 0.0007717476 0.0037937912 1.7103649e-06 0.00029156508 4.392498e-08 8.160504e-06 0.0025966512 0.0054157604 5.5891e-06 8.707007e-06 6.1270794e-06 3.9658858e-08 2.4433522e-05 5.462428e-07 0.0015145163 0.02837105 8.546899e-08 7.543803e-09 6.4368098e-09 4.2684132e-08 3.2753164e-08 0.00044008304 0.015768766 1.1357382e-08 6.576174e-06 1.13924266e-07 8.216604e-08 7.1456434e-08 4.1373306e-07 1.378967e-08 1.6178237e-06 5.157351e-07
0.8320696 0.0007891383 0.017776394 0.006833179 0.00012745603 0.05509409 0.008326271 5.415073e-05 0.1171232 0.0019185456 1.6473724e-06 0.8600305 0.042491954 0.00016976894 8.238924e-07 0.9714061 0.790123 5.1029446e-08 1.0024401e-16 0.2667302 0.8142826 1.1261913e-07 7.3663923e-06 0.9022985 0.39906263 0.46876362 0.009104547 3.2402556e-06 1.2074339e-06 2.3449099e-08 0.000393806 0.33941805 0.31488267 0.00017938271 5.517123e-07 0.00011682691 2.8439771e-07 0.009590487 0.3532324 7.169087e-05 0.018825045 0.035908397 0.07735231 1.238976e-05 0.1479579 0.0337278 0.10881223 1.0436926e-05 8.489543e-05 0.000106640866 3.333738e-07 2.1704706e-08 0.0064287623 0.0029591192 0.0013026509 0.046594445 2.5524116e-07 1.14561516e-07 0.019150222 3.307306e-07 0.061887175 0.008703235 0.021042887 7.423073e-07 4.2874575e-08 0.0051161824 0.01820122 0.027333511 0.0025372715 0.001526729 0.00018377541 0.008346185 4.0666316e-07 0.008095686 0.010285245 8.562797e-07 4.8976002e-05 0.033889607 0.003491784 4.4531937e-08 0.0031982209 0.0026621902 0.004559012 0.010277126 1.250143e-06 0.006329127 0.0033722522 0.0069892253 0.005461215 0.004300514 1.5561537e-07 1.2995525e-06 0.004286328 0.0010742828 0.00079802173 0.008220105 0.0012927873 0.0028241768 9.905481e-07 0.00028943658 0.0030613625
0.6401511 0.01003219 0.09200628 0.08765266 0.018923549 0.028947294 0.10663742 0.00082505343 0.016603516 0.3432699 0.002502779 0.5772904 0.87902385 0.013546331 0.00017507112 0.06996443 0.044374175 1.7586306e-05 0.2667302 1.4277183e-18 0.046435867 5.1858165e-06 1.8438184e-05 0.84463274 0.98519397 0.008662465 0.48059845 0.000909907 1.9228773e-06 2.5165996e-06 0.06705375 0.0075573125 0.000135793 0.001609143 1.1829277e-06 0.0062795947 1.6975218e-05 0.37413642 0.011598475 0.0007816733 6.670323e-05 0.23173179 0.059342798 0.00048617288 0.030646656 1.9065576e-05 0.16994667 0.0010435733 0.0025271107 0.001196381 3.3089668e-06 6.8182516e-08 0.03927009 1.1435445e-05 9.70752e-07 0.09875154 2.2761148e-07 5.276e-07 7.769346e-06 2.0471596e-06 9.7438424e-05 0.085354365 0.00022441217 8.476353e-06 3.4925797e-08 0.024845464 0.008803239 0.00064067653 0.0073947655 0.018598765 0.002021545 0.00021420135 1.4969508e-07 0.000878223 0.009507971 9.154929e-06 0.0027201914 0.007725654 0.006855336 2.519856e-08 0.011445473 0.017986186 0.0002521111 0.044548504 7.4500485e-06 0.00050400296 0.004177774 4.601618e-06 0.0019678888 3.2876246e-06 8.3868764e-07 8.309355e-06 0.0014336336 4.3040272e-05 0.0010210276 0.012839745 0.00078240864 0.0004807208 1.7093367e-09 7.2306186e-08 1.4809232e-06
0.026913965 0.00015243526 0.00079629757 0.00021334327 0.00013284599 0.0035624842 0.00069943216 1.3450439e-06 0.12184524 0.0003163735 5.846188e-06 0.4707871 0.008036755 5.2892752e-05 2.587127e-06 0.93993515 0.97661793 3.2586727e-06 0.8142826 0.046435867 1.117697e-16 3.5267399e-06 3.769525e-06 0.19903773 0.046939563 0.8381213 0.0012640785 7.4076106e-06 3.5371584e-06 1.1240936e-05 0.00044544772 0.74664295 0.26581573 8.726097e-05 1.2838562e-06 0.0008309239 0.00013878156 0.0017767352 0.41846895 0.00010264711 0.06369822 0.001722663 0.04634048 0.00016132678 0.097177565 0.022597628 0.21160032 5.4887416e-05 0.00054914877 0.00018421233 7.782345e-06 3.5767853e-06 0.00070013665 0.0042872825 0.0012827745 0.005211784 5.249918e-06 3.934884e-06 0.014373223 7.965052e-06 0.01805628 0.0018548148 0.030984176 7.758199e-07 3.0618119e-06 0.0015009365 0.029935736 0.009199263 0.0014349165 0.000384326 0.0012743069 0.0068342513 3.4913612e-06 0.0018776124 0.0043995846 1.0169228e-05 9.4995354e-05 0.010391875 0.0009091589 5.733511e-08 0.001780804 0.001369318 0.0013202133 0.0010542475 0.000103878076 0.0014385057 0.0028447178 0.0021137588 0.005699643 0.0007536875 1.4403959e-07 5.8522768e-05 0.0013493929 0.0003208256 0.0008249992 0.0012000056 0.00055646803 0.0010005159 3.874005e-06 0.00050515425 0.0023905234
0.83642495 0.015615087 1.1855675e-05 2.8819448e-05 0.011099645 6.351117e-06 7.67502e-05 0.080283664 5.14167e-07 8.972681e-05 0.50190806 4.297735e-07 1.7148033e-05 0.03789836 0.3985897 3.3860026e-08 3.2502663e-07 0.9907522 1.1261913e-07 5.1858165e-06 3.5267399e-06 3.3985744e-19 0.39519325 1.22914425e-05 1.6302629e-05 2.30162e-06 0.002621797 0.7380526 0.12786116 0.67001474 0.038939536 2.7749124e-06 1.1430594e-05 0.23932827 0.009784419 0.020977791 0.14026788 0.00013665263 1.8544998e-07 0.18878719 2.7209437e-05 3.1416195e-05 8.954033e-08 0.52113974 4.567127e-08 2.789375e-08 1.0182463e-07 0.1987806 0.011260089 0.51748633 0.35019222 0.0042424044 0.005418816 3.6655103e-07 3.8806516e-07 9.357018e-06 0.0010499015 0.0004014022 1.03774745e-07 0.00032805183 1.3471292e-07 0.002899005 3.2614707e-08 0.52910614 0.00015261256 0.013961777 9.1631904e-08 7.1997754e-09 4.0706054e-05 0.0066658137 0.018940784 5.7327238e-08 2.2110191e-05 9.2524735e-09 2.1402166e-06 0.0018030632 0.027613813 1.7207573e-06 1.8757286e-05 5.8704854e-06 3.9294953e-08 0.0001617873 6.995709e-08 0.0068456563 0.047979288 1.8541133e-08 1.7583446e-08 8.099345e-08 2.0324056e-07 2.8992568e-07 0.0001007397 0.032740716 2.5652119e-08 4.24447e-07 2.9346296e-07 4.6366983e-07 4.962556e-08 8.14217e-07 6.169471e-10 6.1637916e-06 3.632846e-07
0.017417112 0.043052465 0.00027947355 0.00028327803 0.022723963 1.5212844e-05 0.001714904 0.95678794 7.0261317e-06 0.00037432357 0.39424843 9.870082e-05 0.00031240657 0.0062350747 0.06836357 9.953064e-07 8.1419284e-07 0.8926274 7.3663923e-06 1.8438184e-05 3.769525e-06 0.39519325 3.1053297e-18 0.00014217093 0.00034623366 1.785866e-06 0.00071192597 0.0021460766 0.97765076 0.5447087 0.00032126342 1.549268e-05 2.257824e-06 0.0004067024 0.4031152 0.00025918908 0.76162666 0.00025814067 1.6071973e-06 0.0013812118 7.4643926e-06 0.0017778989 3.728635e-07 0.012925604 3.3422807e-06 3.0404615e-07 9.244051e-07 0.0013749074 0.00012627062 0.0049467552 0.011503333 0.04235705 0.0008439093 9.56031e-07 4.46123e-07 0.00024815867 0.023194188 0.033878792 1.7705137e-08 0.010951065 2.5187063e-07 0.0019324986 2.6812654e-06 0.008615759 0.0022647334 0.0014504539 9.544431e-07 7.46551e-08 0.00018823329 0.00014801665 0.0036022267 1.6120297e-06 0.00010032198 2.8303e-07 0.000100797944 0.0007502067 0.00014926124 8.4910906e-05 0.0002235347 3.812426e-05 9.919542e-06 0.0007578528 6.8343223e-07 0.00055688823 0.0018373852 2.2167058e-06 1.5442062e-06 4.8215664e-08 9.104603e-06 2.0663083e-07 0.00022748142 0.0003174083 1.5816405e-06 1.5904305e-07 2.5266684e-06 0.003083789 4.097153e-06 1.2930658e-06 7.3997413e-09 7.4111193e-07 6.388927e-08
0.92992467 0.0050366884 0.034799345 0.020664874 0.0018514843 0.070876725 0.05649309 0.0008292077 0.04191375 0.029278496 0.00077900046 0.7405164 0.32097515 0.0024209844 6.6684646e-05 0.31272504 0.2730646 8.929525e-06 0.9022985 0.84463274 0.19903773 1.22914425e-05 0.00014217093 8.244966e-17 0.9839448 0.06700959 0.02225191 6.035584e-05 3.8568138e-05 1.8163183e-07 0.007392498 0.041819364 0.02046357 0.000104967025 2.7550354e-06 0.0024560941 4.998917e-06 0.088301934 0.18195355 0.00015699667 0.00068711984 0.21334675 0.2333411 0.00021385416 0.33783004 0.0031294674 0.305957 0.00012874315 0.002175263 0.0005425673 4.3688672e-07 3.578165e-07 0.016006805 0.00023646475 7.688015e-05 0.11974606 7.835245e-07 8.465604e-07 0.003644442 3.5361122e-06 0.013474993 0.04130447 0.02883897 4.3779724e-07 7.3728216e-08 0.020313065 0.08649045 0.017415062 0.009293637 0.009105063 0.0012523654 0.004834008 5.745038e-08 0.013025621 0.015810993 3.9698325e-06 0.00063540257 0.023216734 0.007487875 1.0562773e-07 0.015212396 0.038124446 0.0041367672 0.02486886 4.155291e-05 0.012204966 0.020807883 0.0018483802 0.0060405945 0.00054741366 4.4436906e-08 2.6364985e-06 0.013832848 0.0008681755 0.0056813546 0.011643388 0.006546734 0.0032651764 1.1337097e-07 1.6607768e-05 0.00045614995
0.93585384 0.007014299 0.034306858 0.022341771 0.006041608 0.01500653 0.046393383 0.00089937914 0.008650375 0.073483974 0.0006798553 0.3685212 0.42615336 0.005275243 0.00023318776 0.08800955 0.04845228 1.5023798e-05 0.39906263 0.98519397 0.046939563 1.6302629e-05 0.00034623366 0.9839448 2.1994515e-15 0.012896743 0.25590715 0.00013023094 8.9195255e-06 1.838115e-06 0.025514178 0.008892848 0.001435573 0.00047438312 4.6680825e-06 0.0030782623 2.0243375e-05 0.5286034 0.029102894 0.00029937734 4.7478814e-05 0.30254266 0.1513379 0.00029462995 0.16959682 0.0005891771 0.1837412 0.00011508292 0.0033207634 0.00046312963 9.5046556e-07 1.0515648e-06 0.03595504 4.296842e-05 1.3651526e-05 0.3194075 1.150105e-06 1.0939071e-06 0.0014230862 7.863601e-07 0.0024671995 0.11598491 0.008285833 5.833175e-07 2.7470534e-07 0.027006367 0.05698014 0.0062436014 0.02498004 0.01786857 0.0015440591 0.00138778 9.76107e-08 0.0074403067 0.028768407 4.1014146e-06 0.0013193989 0.022333974 0.025256272 6.535099e-08 0.01662838 0.09077807 0.0018544196 0.06574537 2.6131202e-05 0.007862444 0.009720111 0.000114056194 0.0044334456 9.547418e-05 6.179771e-08 3.3967083e-06 0.0076172506 0.00025519286 0.0025463337 0.040723063 0.0021008728 0.0013674878 3.8772317e-08 8.802793e-07 2.0188698e-05
0.06419782 0.00010784792 0.0005458005 0.00018825357 0.000115900395 0.009113547 0.0010077013 2.8333961e-06 0.37679943 0.00022078615 1.408504e-06 0.28341395 0.0040106494 7.715452e-06 1.0360343e-06 0.45544106 0.85702866 1.2320894e-06 0.46876362 0.008662465 0.8381213 2.30162e-06 1.785866e-06 0.06700959 0.012896743 7.758951e-15 0.0003364578 3.6935953e-06 4.188359e-06 8.390621e-07 0.00025962698 0.9736544 0.9851718 7.0455935e-05 9.4727847e-07 0.00018679572 4.4809683e-05 7.272213e-05 0.25901458 7.257497e-05 0.60689014 0.0033987206 0.014605879 0.00023349375 0.011856424 0.13264094 0.09852985 0.00016598166 0.00076304347 0.00055876374 2.0658e-05 8.9454693e-07 0.0001062242 0.060871642 0.023043212 0.00016179733 1.4123846e-06 1.0195826e-05 0.054644972 1.8947783e-06 0.06639289 0.0023024827 0.02274008 6.037737e-05 7.210106e-06 0.0008441415 0.0068829055 0.008423695 3.372064e-05 0.00023992549 0.0031868112 0.008272686 6.6257926e-06 0.0025037564 0.0009959175 2.1533501e-06 0.00025063677 0.004490748 0.00019578377 1.5708876e-08 0.0005417798 0.00025238944 0.00092316954 0.0010650848 0.00030644736 0.0015443801 0.00014736495 0.012989406 0.00074628374 0.0018070526 4.4200053e-08 0.00040898458 0.0008605814 0.00030156458 0.00013658787 0.002361184 0.00018612124 0.0005007637 3.5430712e-05 0.0019911749 0.004371321
0.9501932 0.0033031846 0.007444033 0.005241501 0.037307717 0.00068068824 0.10629228 0.0003990691 0.00019922834 0.75328255 0.01660507 0.030994646 0.33720553 0.6137145 0.028658438 0.0033659209 0.0016609075 0.00047974847 0.009104547 0.48059845 0.0012640785 0.002621797 0.00071192597 0.02225191 0.25590715 0.0003364578 2.9990005e-13 0.015345188 0.00041850208 0.0002525098 0.85198325 0.00018080324 0.000100743164 0.08638657 1.0108641e-05 0.3796587 0.001386627 0.9420369 0.00021053845 0.020753369 0.0014978512 0.37195218 0.0058408026 0.002830092 0.007132416 7.449643e-06 0.0011006685 0.003743022 0.0320006 0.0052971677 0.00023825731 6.7219844e-05 0.78647774 1.2833917e-05 3.5013875e-06 0.18210186 5.846124e-05 2.7588942e-05 1.7605487e-05 6.987199e-05 1.7549799e-05 0.39413208 0.0002709642 0.00010027387 2.452589e-06 0.22895664 0.00051131606 7.1953764e-05 0.012369979 0.10873454 0.007577292 0.00042123956 6.061721e-05 0.00019561614 0.008314674 0.00011403575 0.008077155 0.0012838435 0.00737971 6.0509313e-07 0.0017069658 0.026763396 0.00016166546 0.20108931 0.00038692795 0.00016073737 0.00061603595 1.2498014e-05 0.00015570853 3.088196e-06 3.942464e-06 0.00019886425 6.5246844e-05 0.0001976636 0.0013075504 0.0030578014 0.00033475572 6.217496e-05 4.0894978e-08 9.411306e-06 6.174914e-05
0.70131403 0.005195742 0.000714236 0.0015016244 0.06452672 7.550454e-05 0.008298114 0.005432712 5.4144657e-06 0.011916679 0.56796914 6.0959414e-05 0.001776022 0.6640645 0.813998 1.1562312e-05 5.2258115e-06 0.22246845 3.2402556e-06 0.000909907 7.4076106e-06 0.7380526 0.0021460766 6.035584e-05 0.00013023094 3.6935953e-06 0.015345188 6.5575094e-16 0.00094816706 0.10316309 0.31001166 2.5392803e-06 1.088449e-06 0.943593 9.8266624e-05 0.38897896 0.01241943 0.0009961274 7.01057e-06 0.78175056 0.0001731515 0.0001064348 5.797042e-06 0.5995906 5.0929367e-07 8.991326e-08 8.966796e-07 0.41361094 0.25473505 0.7332638 0.03758291 0.0009508214 0.03474051 3.1290583e-07 3.4376993e-07 0.00019547982 0.00022599718 1.9990825e-05 2.3548332e-06 5.2551706e-05 1.8932745e-07 0.0069795703 1.2339826e-06 0.02577288 0.0001729002 0.037081145 8.5250144e-07 1.5087102e-07 0.00021760505 0.014556291 0.10048119 1.046317e-06 6.10167e-05 6.5455373e-07 3.311491e-05 0.0005581396 0.08776122 1.9441555e-05 3.4221393e-05 1.3987816e-06 3.1830658e-07 0.00081973907 4.9055143e-07 0.0112600345 0.0055251634 6.645014e-07 6.3330964e-07 1.384063e-08 2.4764742e-05 7.557604e-08 0.00011345161 0.0025593187 9.352696e-07 3.4198117e-06 1.6848868e-05 9.2438164e-08 7.1755135e-06 2.4893057e-05 1.082965e-07 2.6737914e-06 1.5238037e-07
0.0065764543 0.0013773689 8.660515e-06 8.057458e-06 0.0012722268 1.7126941e-06 0.00010767732 0.07457928 6.0730906e-07 2.3838105e-05 0.0312663 6.826372e-06 3.1739117e-05 0.0006541653 0.0060564284 3.732522e-06 1.4572852e-06 0.278209 1.2074339e-06 1.9228773e-06 3.5371584e-06 0.12786116 0.97765076 3.8568138e-05 8.9195255e-06 4.188359e-06 0.00041850208 0.00094816706 1.1309833e-18 0.31412402 7.510066e-05 2.3952698e-06 3.388154e-06 9.890322e-05 0.9811781 0.00010189319 0.42636076 1.1889281e-05 1.1882344e-05 0.00041099015 8.442296e-07 0.001055275 2.6480698e-06 0.006459644 1.0486592e-07 3.1377763e-08 7.768053e-07 0.0010850342 5.2857355e-05 0.0027710185 0.03464598 0.089305185 9.001033e-05 1.2091294e-07 3.595139e-08 0.0009417555 0.12402677 0.11898572 1.7869179e-07 0.05989542 8.028824e-08 0.0010347882 5.4257393e-06 0.0069641485 0.021637207 0.00018858816 1.3974443e-06 1.3086961e-06 0.00029266518 2.3035227e-05 0.0010723594 9.877342e-07 0.0026163529 5.940702e-07 9.81253e-05 0.008455193 7.743386e-05 2.9809828e-05 0.00024233428 0.0012260344 1.2887435e-06 1.5732978e-05 2.1435258e-06 0.00017748518 0.004958928 3.7661596e-07 3.0845257e-08 2.0458872e-08 3.087049e-05 6.1954786e-08 0.0026662964 0.004219267 1.0269165e-06 5.8183133e-07 1.0112569e-06 0.0004109898 4.2661995e-06 9.211688e-06 5.746446e-10 6.568051e-08 1.7562807e-07
0.79929316 0.0006112609 3.9957268e-07 1.6747244e-06 0.00039906494 5.1743746e-06 2.0848745e-06 0.016915387 2.852682e-06 7.707998e-07 0.024344582 3.305335e-07 9.571942e-07 0.000990527 0.0141148195 9.0134584e-08 1.1067357e-05 0.75976646 2.3449099e-08 2.5165996e-06 1.1240936e-05 0.67001474 0.5447087 1.8163183e-07 1.838115e-06 8.390621e-07 0.0002525098 0.10316309 0.31412402 2.8935974e-14 0.0012676973 5.077646e-07 1.1693808e-05 0.0518647 0.046411492 0.0038104563 0.9797033 1.0182533e-05 4.4048969e-07 0.031287476 0.00016090318 1.4941476e-06 7.8263656e-07 0.5479505 1.88157e-08 1.3836441e-07 3.7267703e-06 0.277342 0.0053816536 0.3566213 0.93810487 0.13470232 0.0015557739 9.4552655e-07 2.869684e-06 1.4020517e-05 0.022906289 0.005338625 1.7491392e-06 0.0021030097 8.6092734e-07 0.0020577651 1.5612032e-07 0.7187399 0.0038553763 0.0030037144 7.2486773e-07 1.0555578e-06 2.0106192e-05 0.001707627 0.015247734 4.0095856e-06 0.00037270907 2.177824e-07 2.869454e-06 0.010657393 0.020201199 9.647953e-07 7.0462756e-06 4.5773548e-05 1.7457538e-07 3.701316e-05 3.453464e-06 0.0015163012 0.2562002 1.9404987e-07 1.4316244e-07 1.1206945e-06 5.0955038e-08 6.219939e-07 0.0013266716 0.09619269 8.011981e-08 4.6156783e-06 8.197042e-07 2.0321616e-07 1.6406659e-07 5.235491e-07 4.0451855e-08 2.2095224e-05 4.8603283e-06
