6.436954e-25 0.0008256871 0.0018957617 9.189805e-06 0.0017551098 0.09077634 0.002257359 0.05421643 0.13912112 0.038965642 0.07820448 0.40803397 0.00075786107 0.20247208 0.22596233 0.0011085892 1.4765029e-05 0.0008679773 0.00355851 0.047849204 0.5154015 0.014255904 0.09354298 0.65511304 0.44102728 0.010908601 0.035240173 0.3280174 0.020062966 0.91534615 0.75674367 0.41052234 0.40367416 0.0016233396 0.20919892 0.7862036 4.5575028e-08 0.29301134 0.04680276 0.47044882 0.06410581 0.8041449 0.5880936 0.45750588 0.091058806 0.022948937 0.002202688 0.9572388 0.44505998 0.012083971 0.4497865 0.099140495 0.83032805 0.32228458 0.8209014 0.66190344 0.79801625 0.50067425 0.7578835 0.9918428 0.44757038 0.00046867266 0.5429479 0.00014186229 0.73294735 0.00039530455 0.18320507 0.088613644 0.93831307 0.23258077 7.243411e-09 1.0108307e-08 0.9522866 2.4592487e-07 0.43746626 0.49847493 0.97314394 5.29186e-08 0.6750416 0.99952966 0.030853905 0.00021147983 0.99912125 0.5960605 0.82283425 0.96824926 0.57093704 0.060172264 0.9325977 0.97180426 0.9997527 0.0106142135 7.534795e-05 0.000745459 0.9963713 0.0050737546 0.9715911 9.3939685e-05 1.3919894e-08 0.0001013434 0.9999791
0.0008256871 1.2384962e-22 0.9875242 0.62810117 0.047307644 0.15941125 0.018123103 0.058896992 0.017210374 0.0267291 0.011698728 0.0021259089 0.007036425 0.017085059 0.01221992 0.005462327 0.0012070225 0.005510085 0.006238712 0.007726376 0.004508247 0.0029022982 0.00255951 0.0009928568 0.0012917576 0.0002961701 0.00078894943 0.0039244415 0.00043877595 0.00071400445 0.003204987 0.001755314 0.00021033957 0.00010734993 0.00040006236 0.00022411723 0.0006308196 0.002352092 0.0025429996 0.00029337243 0.00019544551 1.4696739e-05 1.2364221e-06 1.380939e-05 0.00035302984 0.00220348 0.00015883414 6.993842e-06 3.725202e-05 0.0005831004 2.2446318e-05 0.00015238409 0.00021528102 0.000101390964 6.4987755e-05 1.5573785e-05 2.5775727e-05 9.740873e-06 3.863322e-05 4.543141e-05 5.1768453e-05 3.868938e-05 1.6381895e-05 4.2081156e-05 1.0849373e-05 3.5274144e-05 8.498855e-06 0.0025679283 4.6865407e-06 4.736433e-06 3.2634765e-05 6.5620784e-06 7.2191747e-06 8.456817e-05 1.4142401e-05 4.4510223e-05 0.000117662035 6.4751034e-06 1.9898014e-06 8.1174294e-05 7.88123e-05 0.00041877676 0.0009275259 3.7773535e-07 0.00088127353 3.3828735e-05 1.0737173e-06 1.1782445e-05 3.065128e-06 3.891689e-05 0.0022675863 3.8408834e-07 5.0644867e-05 7.5433677e-06 0.00020573469 1.9409687e-07 6.1580918e-06 1.6759284e-07 1.8844307e-06 4.9721604e-07 0.00030081347
0.0018957617 0.9875242 1.597947e-22 0.68233633 0.05930266 0.5604635 0.03165912 0.28283396 0.14398381 0.27080956 0.09200892 0.023235284 0.009594119 0.05938141 0.10267041 0.008535261 0.0007753292 0.0070519373 0.012854025 0.017221604 0.025546908 0.004925922 0.0062644975 0.006960905 0.0049709613 0.0015197126 0.0018097671 0.019920606 0.0018984014 0.00734039 0.018613981 0.0061280527 0.0013590908 5.628053e-05 0.0012611988 0.0012587494 0.00028768252 0.010736591 0.00998991 0.0014952009 0.00033667215 6.4489155e-05 5.3661856e-06 0.00025724762 0.00075746985 0.025338644 0.000102751415 1.2797104e-05 0.00017855118 0.0008922733 2.9107401e-05 0.0003346274 0.00077514217 0.0001785871 0.00034582676 6.444624e-05 4.908701e-05 2.1564667e-05 3.739839e-05 0.00012373188 6.35775e-05 2.8587156e-05 1.331234e-05 1.7756247e-05 1.5281623e-05 1.7425502e-05 8.647087e-06 0.0138163995 7.237435e-06 0.00021075703 9.003046e-06 3.0380052e-06 1.1403351e-05 1.718672e-05 2.4863019e-05 6.6401495e-05 0.00022250763 2.314523e-06 1.7898523e-06 0.000113680464 3.700459e-05 0.00032248546 0.0011271322 4.4066576e-07 0.0038007875 0.000672563 7.1540614e-07 6.8252106e-05 1.1092951e-05 7.721286e-05 0.0055364827 1.774646e-07 6.927008e-05 1.0350127e-05 0.00016007088 6.5566105e-08 6.740308e-06 2.868949e-07 4.110677e-07 4.979088e-07 0.00029704103
9.189805e-06 0.62810117 0.68233633 1.5614363e-23 0.06712989 0.03179508 0.028576009 0.006021748 0.0011506383 0.004823062 0.001830235 0.00020038761 0.0042536366 0.007137009 0.0014326379 0.0025017934 0.0015061888 0.0028005932 0.0018295946 0.0019246058 0.00026666967 0.0009686741 0.00080419483 8.752844e-05 9.0610716e-05 6.5218475e-05 0.00047709784 0.0004894825 4.936342e-05 8.6909255e-05 0.0006562724 0.00010269312 6.7334884e-05 4.5330795e-05 5.9099162e-05 5.4261516e-05 0.021015488 0.00012838478 0.00021821413 3.3610453e-05 3.450207e-05 2.362932e-06 2.882879e-07 2.8459701e-06 2.124012e-05 0.0011023638 7.066475e-05 6.814959e-07 2.2369313e-06 3.5348163e-05 5.084621e-06 3.262826e-05 1.8699933e-05 4.9640566e-06 4.602004e-06 2.044756e-06 3.455533e-06 1.8390916e-06 3.314617e-06 2.9978659e-05 4.228336e-06 1.0402464e-05 2.3838575e-06 9.280435e-05 1.2120948e-06 1.8667346e-05 5.6386334e-06 0.0002376249 1.515006e-06 8.3664577e-07 3.0731317e-05 3.0579251e-06 9.079514e-07 0.00011405892 1.2683835e-06 5.214998e-06 4.831894e-05 5.398691e-07 1.4855196e-07 4.4481923e-05 6.9009793e-06 6.887701e-05 0.00058940274 4.074681e-08 0.00011615223 8.2639724e-07 2.5411518e-07 1.0160028e-05 3.9033634e-07 3.888811e-06 0.00035381736 2.7439203e-08 3.7735046e-07 7.56965e-08 9.482207e-06 8.692724e-09 2.5123563e-07 4.330579e-09 5.3315165e-07 1.6524988e-08 1.4477583e-05
0.0017551098 0.047307644 0.05930266 0.06712989 1.8022026e-20 0.6291981 0.953882 0.0006394567 0.0047515193 0.0004857611 0.00015590778 0.00067046826 0.4708165 0.49937794 0.02285041 0.33172935 0.16281016 0.25818673 0.22061697 0.16991425 0.016227748 0.097628616 0.08071143 0.0011203366 0.003829449 2.93195e-05 0.020625606 0.00019023067 8.113869e-05 7.5848795e-05 0.00043925803 0.017579483 0.00015279358 0.005991888 0.0019400105 0.00011797461 0.0035214452 0.0027221846 0.004806326 0.0013155316 0.0038073305 0.00020965826 9.4809555e-05 4.308366e-06 0.0012036532 7.98445e-05 0.0016336098 2.8973634e-05 0.00013102547 0.0012219005 4.2123957e-05 0.00015596801 0.00046562628 2.6177691e-05 6.672708e-05 0.00018920138 2.7867445e-05 9.64289e-06 7.1941367e-06 2.6007936e-05 7.151773e-06 2.3101733e-05 3.078958e-05 0.00010735208 4.095089e-05 1.7376035e-05 1.7803384e-05 3.5010355e-05 4.0792092e-05 5.7042507e-06 0.0004180906 4.8403617e-05 2.733563e-05 5.330627e-05 2.305803e-06 8.491321e-06 0.00016702713 2.6661334e-07 1.110908e-06 0.00012090403 4.181967e-05 9.4907795e-05 0.0010835312 1.9873e-06 0.0006551258 6.6553584e-05 8.268012e-06 8.181809e-06 3.681844e-05 6.1953586e-05 0.0005511083 3.300056e-07 2.1462606e-06 3.9265754e-07 5.5987595e-05 1.5617006e-07 1.7810076e-05 2.5207464e-07 7.096337e-07 9.4811264e-07 0.00022058013
0.09077634 0.15941125 0.5604635 0.03179508 0.6291981 8.212254e-18 0.5940175 0.20781098 0.56196535 0.13490742 0.06305864 0.1378097 0.083796345 0.9500026 0.88064575 0.082367204 0.023329956 0.07902671 0.15256684 0.3954879 0.6988652 0.05983018 0.20599888 0.13525161 0.14397363 0.0052058105 0.038507823 0.0049504414 0.0032859764 0.019074049 0.0038427433 0.28898716 0.031196676 0.0011739174 0.07838553 0.013877587 2.8834429e-05 0.12811092 0.10258531 0.032154728 0.011006548 0.006680684 0.0022708888 0.0006175109 0.014738126 0.010396405 0.0014972986 0.0012220304 0.010036382 0.007939121 0.009882459 0.0021091134 0.005036592 0.0024724805 0.0021620174 0.0021506012 0.0020414088 0.00046436617 0.0001687792 0.0007072218 3.1538733e-05 4.4974724e-05 2.563812e-05 0.00016904724 0.00010599509 6.860607e-05 0.00053450797 0.0028097103 0.00035515593 3.567079e-05 0.000111538044 6.135251e-05 0.00015372109 5.717707e-05 0.00021344522 0.00017149857 0.0013862698 1.0221377e-06 1.7857168e-05 0.0010784118 7.901866e-05 0.0012606131 0.0031033952 4.897878e-06 0.009702685 0.0010959973 2.8474944e-05 0.0003222976 3.285592e-05 0.00018364961 0.0048435023 2.0943899e-06 0.0003016431 0.00035718034 0.0005281329 1.8822916e-06 0.005702552 7.745207e-06 4.0501443e-05 0.0001877247 0.0034339908
0.002257359 0.018123103 0.03165912 0.028576009 0.953882 0.5940175 7.123326e-23 0.00065464864 0.0062398864 0.0007317073 0.0001263582 0.0019310941 0.5006343 0.58897215 0.029001163 0.3968866 0.16351461 0.29834452 0.30661434 0.26484102 0.033463564 0.14557791 0.18343046 0.0050711227 0.011137931 9.978953e-05 0.05528657 8.92746e-05 0.00020608521 3.8442256e-05 0.00029744642 0.06412056 0.0015928874 0.012615622 0.009142209 0.00055205123 0.0011863781 0.00769271 0.016084656 0.0045477264 0.010355805 0.00042898837 0.0003732239 6.182362e-07 0.004549513 8.260368e-06 0.0072493004 6.0553648e-05 0.0004861805 0.004903216 0.00020342896 0.0012027358 0.0012874064 0.00016416011 0.00034898627 0.0008041569 0.00039402032 2.9726223e-05 6.191124e-05 1.1553516e-05 6.2683603e-06 1.5299793e-05 1.5656271e-05 0.00025882747 4.7903664e-05 2.0567202e-05 8.6267224e-05 8.253356e-05 0.00012950602 5.8562125e-07 0.00017377897 2.4823456e-05 4.3151653e-05 2.9286832e-05 1.1616785e-06 5.448862e-06 0.00035730534 4.293128e-08 2.1324072e-06 0.00029963042 4.7174388e-05 0.00024215941 0.0031954723 1.9692002e-06 0.0006344649 3.7622718e-05 7.133524e-06 1.0345814e-05 3.405003e-05 5.7259298e-05 0.0017132569 1.5946573e-07 1.211651e-06 7.6027817e-07 0.00027312586 2.4785853e-08 8.182117e-05 8.618173e-08 1.4764423e-07 9.90022e-07 0.0007114884
0.05421643 0.058896992 0.28283396 0.006021748 0.0006394567 0.20781098 0.00065464864 2.1484702e-21 0.39761302 0.9779717 0.9595902 0.5422369 4.192629e-05 0.0048778653 0.17486618 2.5681338e-05 2.1042695e-05 1.3687271e-05 4.978469e-06 0.00027194846 0.05415887 9.158517e-06 0.00013924795 0.12049615 0.032210164 0.24154554 1.4286812e-05 0.5455123 0.17535391 0.31123248 0.35175565 0.00051379966 0.035128772 8.026865e-06 0.019477556 0.029975982 4.6107744e-09 0.010077826 0.0033938214 0.003806254 6.678912e-06 0.0021606486 0.0008854647 0.0108465105 4.551854e-05 0.08673679 1.2851197e-05 0.00040665737 0.006739518 5.667241e-05 0.00039768012 8.04949e-05 0.0101654325 0.0009801653 0.006967905 0.0013736271 0.00029760928 0.00030567503 0.0002806565 0.006658498 0.00027585536 2.4534532e-07 8.2090046e-05 7.2377907e-07 0.000137968 7.251076e-07 0.00010037538 0.004635198 0.00045326512 2.1305364e-05 7.389911e-07 1.3672444e-06 0.00018584295 1.7576219e-06 9.814795e-05 0.00014354737 6.0602815e-05 2.1402387e-08 8.7174135e-07 0.0015677076 2.4845505e-05 0.00035812103 0.0050737737 5.000142e-06 0.0055485424 0.0006887777 6.534075e-05 7.912955e-06 0.00010185286 0.00014292773 0.0107441805 1.1367899e-07 3.866608e-06 1.9798006e-05 2.2097456e-05 3.3095223e-08 2.7536566e-06 2.666629e-07 4.2550604e-07 4.8960947e-06 0.0001557207
0.13912112 0.017210374 0.14398381 0.0011506383 0.0047515193 0.56196535 0.0062398864 0.39761302 1.4543703e-22 0.21973431 0.29340267 0.9795865 0.00032042994 0.045587946 0.7538389 0.00031785175 0.00011787925 0.00025432577 0.0003220506 0.007725079 0.22991095 0.0002327432 0.0046475166 0.3169619 0.2549326 0.009844988 0.00030340013 0.11863357 0.015430612 0.13713673 0.068509586 0.028407382 0.13020244 2.4443498e-05 0.113620274 0.054914176 2.7010294e-08 0.060025577 0.034072462 0.037628744 0.00011701947 0.02287823 0.016766472 0.002266527 0.00034702255 0.013264617 3.278503e-05 0.007003267 0.03839554 0.00027948795 0.010608091 6.863506e-05 0.014838794 0.0019433863 0.039607864 0.011077343 0.007344545 0.00039623646 0.001014479 0.007916469 0.00014880358 1.9510239e-07 0.00010674393 9.716514e-07 0.00054886326 1.267097e-06 5.871899e-05 0.0099148955 0.0023944832 0.00017589517 1.1795402e-06 1.2117298e-06 0.00035447546 9.17675e-07 1.3399336e-05 6.764957e-05 0.000691452 1.4641306e-08 2.516201e-06 0.009677826 0.00013420636 9.278408e-05 0.0101951705 6.953738e-06 0.01264359 0.0028876879 3.4868306e-05 2.9716912e-06 0.00030512834 0.00051296054 0.017145304 1.4411976e-08 1.0679881e-06 9.984165e-06 0.00071188994 5.6633965e-08 0.00022630797 1.15126554e-07 3.5632908e-07 2.5999936e-06 0.003446318
0.038965642 0.0267291 0.27080956 0.004823062 0.0004857611 0.13490742 0.0007317073 0.9779717 0.21973431 1.737841e-21 0.9753069 0.34873143 1.0543198e-05 0.003643276 0.07530774 5.878233e-06 6.3325438e-06 6.019985e-06 3.826287e-06 0.0002694855 0.026645632 4.051054e-06 8.193956e-05 0.029790953 0.010364544 0.22911559 7.788115e-06 0.47381616 0.16062504 0.21046205 0.24526739 0.0015814543 0.012741611 2.1849755e-06 0.0075082867 0.018965406 3.1433516e-09 0.0029739027 0.0010273475 0.00058735575 1.3144675e-06 0.0007723377 0.0003775094 0.00897086 3.191845e-05 0.2573337 4.7589423e-05 0.00019793843 0.004422654 1.5015162e-05 5.884945e-05 1.3881008e-05 0.0071188114 5.3363237e-05 0.0029601494 0.00081654824 2.6397403e-05 8.633195e-06 1.5962902e-05 0.0065609934 6.644124e-06 5.945043e-07 1.2350746e-05 4.2224548e-07 9.167989e-06 7.36197e-07 5.0173552e-05 0.013445611 4.9044997e-05 0.000960925 3.703339e-07 3.8886574e-07 7.617002e-06 5.5961004e-07 1.2279516e-05 3.0991436e-05 6.724591e-06 2.4759723e-08 4.0088955e-07 0.00051866204 0.00031780385 0.00021626154 0.0037256337 5.315499e-07 0.015483539 0.006802292 2.5817883e-06 4.4130706e-05 6.077763e-06 1.9759225e-05 0.013990766 5.1178674e-08 5.464559e-07 4.5230327e-06 1.2514592e-05 3.509722e-08 5.623369e-07 3.083749e-08 1.0983609e-07 9.846112e-08 0.000278999
0.07820448 0.011698728 0.09200892 0.001830235 0.00015590778 0.06305864 0.0001263582 0.9595902 0.29340267 0.9753069 1.5024622e-21 0.47617686 1.1541777e-05 0.0009182617 0.07634707 6.6568723e-06 1.6726422e-05 9.974772e-06 2.7548278e-06 4.0272007e-05 0.029693719 3.3921438e-06 5.0979368e-05 0.09933403 0.019367626 0.35654852 5.1184584e-06 0.6451534 0.2511471 0.3627296 0.39235353 0.00010422726 0.043427717 2.1578378e-06 0.016223755 0.049728297 4.2733967e-09 0.005589591 0.0021695802 0.00171094 3.2015803e-06 0.0035551686 0.000966955 0.045758847 0.00014232218 0.20986086 2.3948094e-05 0.00043361651 0.017108692 0.00014245215 0.0003095066 0.0001484798 0.0071340115 0.00073131727 0.012159332 0.0016128372 0.0004470801 0.0002883502 0.00023814169 0.0113312015 0.00010821458 2.951813e-07 2.387314e-05 1.6198298e-07 4.10777e-05 1.2415781e-07 5.1319756e-05 0.024014898 0.00018687536 0.00065473985 2.0545224e-07 3.820054e-07 0.00011176036 1.4838346e-07 6.82646e-05 0.00015776139 1.96037e-05 1.1944712e-08 4.3770328e-07 0.0011390158 4.3323063e-05 0.0002207289 0.004901757 2.6182024e-06 0.022874089 0.0061197486 1.3884702e-05 7.269394e-06 1.7426699e-05 2.8810653e-05 0.015251741 1.4039517e-07 3.1001143e-06 7.996425e-06 2.9539002e-05 1.2663674e-08 3.3854733e-06 8.4380176e-08 1.0764203e-07 1.423951e-06 0.00017720173
0.40803397 0.0021259089 0.023235284 0.00020038761 0.00067046826 0.1378097 0.0019310941 0.5422369 0.9795865 0.34873143 0.47617686 3.835501e-21 6.145873e-05 0.0047485293 0.5017382 8.738022e-05 2.6246562e-05 6.019259e-05 4.8925867e-05 0.00078030024 0.116179 4.61114e-05 0.0003593566 0.67004824 0.29008716 0.037942614 5.8081627e-05 0.3565615 0.034946244 0.40242952 0.1524758 0.0049978355 0.2856289 3.3261526e-06 0.1490794 0.14937693 1.2819524e-08 0.04682392 0.025920141 0.027505862 1.5845188e-05 0.030816594 0.01704048 0.009478199 0.00015268665 0.022642918 4.3592117e-05 0.007984824 0.07657806 0.000103686754 0.007781596 8.55284e-05 0.01586636 0.0024189719 0.072773166 0.020224279 0.010278679 0.00076542166 0.0014323101 0.017424747 0.00047692333 1.937288e-06 0.00018665467 5.2451213e-07 0.00056613964 1.971515e-06 4.010804e-05 0.026433695 0.002397265 0.0017023091 3.38743e-06 3.1554814e-06 0.0004391982 1.2912482e-06 5.407533e-05 5.004276e-05 0.00033479498 1.9272118e-08 3.4326233e-06 0.009284269 0.00010825866 0.00016565004 0.015545979 9.3640265e-06 0.038647268 0.015713517 0.00019203796 5.960703e-06 0.00030991982 0.00044801075 0.027305197 6.28846e-08 3.2294922e-06 0.000100294914 0.00091461715 6.032542e-08 0.0008645686 1.2830434e-06 1.1462824e-06 1.9672714e-05 0.0031311512
0.00075786107 0.007036425 0.009594119 0.0042536366 0.4708165 0.083796345 0.5006343 4.192629e-05 0.00032042994 1.0543198e-05 1.1541777e-05 6.145873e-05 4.728104e-22 0.46009097 0.0062022693 0.9329908 0.5170614 0.8657824 0.79017925 0.34393376 0.0076847356 0.41981345 0.19857742 0.0003587714 0.0011224921 2.4562733e-06 0.12168063 1.2693969e-05 1.1401742e-05 2.556251e-05 4.1511168e-05 0.04712791 7.6817196e-05 0.08846732 0.0008300247 2.2619628e-05 0.001951643 0.0014092342 0.0031946453 0.0010364776 0.01214836 0.00010327316 0.00042801737 3.2469794e-07 0.0039323242 4.4487924e-06 0.042679176 0.000117225674 0.00010215608 0.0017909426 0.00010538841 0.0002212887 0.0009922178 2.2972989e-05 1.8453366e-05 9.746834e-05 8.315847e-06 7.3550477e-06 5.9598333e-06 2.3104465e-05 2.9776938e-06 0.00011681754 8.441528e-06 0.00063815806 6.1702663e-06 0.000102329344 0.00012835307 2.1405492e-06 2.03297e-05 1.3409466e-06 0.0008185083 8.6365915e-05 1.0266614e-05 0.00012550646 1.0896725e-06 1.909122e-06 6.685582e-05 6.6635124e-07 4.9996436e-07 8.9885354e-05 3.121878e-05 5.7677466e-05 0.0006773837 4.9415235e-07 3.5180077e-05 2.8558065e-06 2.6354603e-06 9.979625e-06 1.3776362e-05 1.6445196e-05 0.00038553152 2.020004e-07 1.2582403e-06 1.0597401e-07 3.433784e-05 3.9185604e-08 2.1134647e-05 1.1797038e-07 6.541419e-07 3.5915667e-07 0.0003563315
0.20247208 0.017085059 0.05938141 0.007137009 0.49937794 0.9500026 0.58897215 0.0048778653 0.045587946 0.003643276 0.0009182617 0.0047485293 0.46009097 4.7497842e-20 0.28058848 0.5244347 0.07077571 0.5241942 0.7821969 0.92744064 0.58398974 0.6522926 0.77957827 0.038100578 0.039031714 0.00047850813 0.37155747 0.00018086325 0.00032225854 0.001120075 0.0002875714 0.5961186 0.006551777 0.03494921 0.025606673 0.0013431705 8.7610104e-05 0.09717488 0.06849409 0.019807776 0.06753 0.003234028 0.003644376 9.056377e-06 0.04569596 0.00044928494 0.014035977 0.0039373296 0.0065553305 0.015071213 0.005423922 0.002469318 0.0103036035 0.0031723154 0.0019502261 0.003066194 0.0015265208 0.0007566024 0.00025810007 0.00010417489 0.000121616155 0.00015971877 2.131579e-05 0.00063202303 0.00016648546 0.00031229574 0.0013050133 0.00085818174 0.00056237075 1.4384625e-06 0.00014425743 2.8974986e-05 0.00020567505 4.591676e-06 5.7931684e-06 7.771521e-05 0.0016702593 7.130324e-07 3.9453034e-06 0.00062890665 0.00039924326 0.00036447667 0.0013010183 2.9806345e-06 0.0045368513 0.00030111484 3.0549185e-05 4.0112092e-05 0.0001154033 0.00030310193 0.002933547 7.96318e-07 2.3367696e-05 3.646578e-05 0.00034853877 5.9354036e-08 0.00021410352 3.6981244e-06 6.462426e-06 3.0470335e-05 0.0008804578
0.22596233 0.01221992 0.10267041 0.0014326379 0.02285041 0.88064575 0.029001163 0.17486618 0.7538389 0.07530774 0.07634707 0.5017382 0.0062022693 0.28058848 1.8361361e-20 0.007620774 0.0014301377 0.0069217454 0.01323804 0.08884947 0.9314144 0.009413676 0.05122286 0.7726023 0.91988856 0.009797514 0.008966357 0.045228153 0.010481629 0.09070514 0.023158249 0.22152664 0.40436637 0.0005750833 0.50856644 0.17495437 1.1760637e-06 0.19982247 0.1852829 0.14242893 0.0071784398 0.1366715 0.08335525 0.0075690844 0.011957788 0.014946443 0.0013853308 0.056426685 0.07862625 0.015605709 0.10887646 0.0067088753 0.052867815 0.03373191 0.0768047 0.023241583 0.043981645 0.0070818597 0.01258717 0.009415885 0.0027285563 3.052382e-05 0.002770786 2.8078513e-05 0.0073552136 4.1042458e-05 0.001571775 0.012199799 0.009773992 0.0006676209 2.4768213e-05 1.4974578e-05 0.0075046746 6.086127e-06 0.0005509092 0.0011967194 0.0034455014 1.4040803e-07 4.2263062e-05 0.014853859 0.0010218985 0.00037631977 0.012186182 7.150911e-05 0.022010576 0.005666466 0.0003404454 0.00028867464 0.001656472 0.0017531767 0.016699346 1.6307705e-06 4.2335032e-05 0.00063779636 0.005008755 9.631158e-07 0.0030126977 1.8808381e-06 3.1014392e-06 1.938971e-05 0.0094428
0.0011085892 0.005462327 0.008535261 0.0025017934 0.33172935 0.082367204 0.3968866 2.5681338e-05 0.00031785175 5.878233e-06 6.6568723e-06 8.738022e-05 0.9329908 0.5244347 0.007620774 5.851046e-23 0.28860444 0.87046486 0.83779395 0.40602204 0.011615268 0.4624861 0.2423759 0.0010091341 0.0019047984 1.2702645e-06 0.14299758 5.022111e-06 9.015986e-06 5.69146e-06 1.9801726e-05 0.062486902 0.000207558 0.06603716 0.0026390797 4.7877766e-05 0.00028060775 0.0016128494 0.005176505 0.0014302217 0.013754537 0.00014903267 0.00054340775 2.4756005e-07 0.0052912533 2.1888336e-06 0.027704362 0.00014411924 9.318517e-05 0.0021532138 0.00026345684 0.0004872753 0.0017752829 6.719767e-05 2.0145078e-05 0.00014121221 2.4471112e-05 2.2276017e-05 3.5287267e-05 9.987547e-06 5.2019636e-06 5.386118e-05 1.6309052e-05 0.0002811781 1.0143154e-05 2.4685114e-05 0.00015391751 8.7581617e-07 4.5488425e-05 8.039336e-08 0.00035208976 2.5247115e-05 1.6381691e-05 2.9609459e-05 2.0755008e-06 5.740673e-06 8.2624676e-05 8.481584e-08 4.0205728e-07 0.00013890975 2.1948486e-05 6.340439e-05 0.0006370639 8.4821136e-07 3.1985852e-05 1.27383e-06 2.478193e-06 1.3295327e-05 1.2750886e-05 1.638544e-05 0.0003376835 5.0251145e-08 3.471743e-07 9.416018e-08 7.69746e-06 8.387932e-09 9.5445175e-06 7.934922e-08 1.3263046e-07 3.1234083e-07 8.605777e-05
1.4765029e-05 0.0012070225 0.0007753292 0.0015061888 0.16281016 0.023329956 0.16351461 2.1042695e-05 0.00011787925 6.3325438e-06 1.6726422e-05 2.6246562e-05 0.5170614 0.07077571 0.0014301377 0.28860444 9.03108e-23 0.39460117 0.21734087 0.03307507 0.0004667008 0.108543955 0.031624474 1.1869178e-06 3.9766815e-05 1.352837e-06 0.030714583 9.578403e-06 5.8732066e-06 2.9003115e-06 2.7405325e-05 0.013734202 1.1197011e-06 0.09553133 2.7297533e-06 1.460821e-06 0.68995816 0.00059621705 0.0006228252 7.110611e-05 0.011140937 2.3244575e-06 1.2657589e-06 9.807969e-08 0.0020119795 4.296465e-07 0.044357073 3.040518e-06 3.3402557e-07 0.0014264104 7.264085e-06 0.00035801518 0.00017677048 1.4732151e-06 1.1106341e-07 1.9637782e-06 8.935314e-07 8.458712e-07 1.0728043e-06 3.4675259e-06 2.9947796e-07 0.000101518584 5.607522e-07 0.0021628814 2.4645712e-07 0.00016085253 2.788398e-05 1.6038656e-06 4.47376e-07 7.505286e-08 0.0006147217 0.00011775015 1.1071016e-06 0.0004970066 2.7582732e-07 5.661941e-07 8.541478e-05 2.3031987e-06 2.7328826e-07 4.828672e-06 5.1658844e-06 4.680611e-05 0.00023738117 4.560094e-08 1.5172869e-05 6.741642e-07 1.3097787e-06 1.19147e-06 4.0798877e-06 4.5077133e-05 0.0006886053 9.930451e-09 2.2448621e-06 3.9193094e-07 7.7636396e-05 6.1957475e-09 1.4422646e-06 1.9538009e-08 4.1634306e-07 4.770468e-08 0.00044345937
0.0008679773 0.005510085 0.0070519373 0.0028005932 0.25818673 0.07902671 0.29834452 1.3687271e-05 0.00025432577 6.019985e-06 9.974772e-06 6.019259e-05 0.8657824 0.5241942 0.0069217454 0.87046486 0.39460117 1.5859534e-22 0.9158238 0.4604453 0.012043021 0.6202961 0.31291488 0.00063526805 0.0022699977 1.8064313e-06 0.2693644 3.5355613e-05 9.429247e-06 2.4565485e-05 9.7688804e-05 0.1334796 8.974496e-05 0.124667585 0.0015220755 2.7043974e-05 0.0013012695 0.0035543921 0.00826752 0.0025499547 0.02854204 0.0001430266 0.0007694489 6.2021803e-07 0.009908874 2.6557327e-06 0.041560575 0.00016612465 0.00016139803 0.004921346 0.00032421446 0.0006698505 0.0028474864 8.5997555e-05 6.5720465e-05 0.00034402992 5.2811854e-05 2.7172926e-05 3.284145e-05 1.1918422e-05 1.7115783e-05 9.3843155e-05 5.850195e-05 0.00067146233 4.7102596e-05 5.537327e-05 0.00011232745 5.929336e-07 0.00014197596 2.45552e-07 0.00027065247 2.5263564e-05 3.4076213e-05 4.6621502e-05 2.6737123e-06 6.8030927e-06 0.00016811879 2.2166583e-07 2.0335215e-06 0.00021154377 5.831757e-05 8.710034e-05 0.0013066131 4.059268e-06 2.2725124e-05 7.080299e-06 1.24373855e-05 2.6243832e-05 6.1493745e-05 6.652947e-05 0.00040601374 3.713142e-07 3.3177085e-07 1.3415139e-07 2.872481e-05 7.956852e-08 2.308616e-05 1.7333728e-07 2.0369171e-07 8.9451015e-07 0.0003696905
0.00355851 0.006238712 0.012854025 0.0018295946 0.22061697 0.15256684 0.30661434 4.978469e-06 0.0003220506 3.826287e-06 2.7548278e-06 4.8925867e-05 0.79017925 0.7821969 0.01323804 0.83779395 0.21734087 0.9158238 2.3468753e-22 0.8159947 0.028808102 0.93114483 0.66477823 0.002120915 0.00373494 1.1523239e-06 0.5923422 4.3785462e-06 5.0355347e-06 8.499625e-06 1.7561351e-05 0.4066145 0.0006775692 0.17515114 0.005041246 0.00019333439 0.00013568375 0.0038320043 0.01213004 0.0023865348 0.100459196 0.00030531114 0.0010105142 1.916235e-07 0.020751836 4.0396576e-06 0.05427592 0.00039174885 0.00028854827 0.009068165 0.0015370151 0.0012968078 0.006189306 0.00015158586 0.00012336073 0.00058916584 0.00028298964 2.221229e-05 9.271465e-05 8.578142e-06 9.529521e-06 8.783137e-05 2.8709308e-05 0.00045498624 6.453972e-05 3.357156e-05 0.00021388721 1.2697692e-06 0.00022053007 5.783088e-08 0.00029307688 2.4503901e-05 3.921366e-05 2.1809981e-05 6.2937042e-06 1.8116494e-05 0.00014002205 6.084241e-08 1.000788e-06 0.00033694215 5.1309333e-05 0.00010413496 0.0009791858 4.811709e-06 3.9356066e-05 9.729597e-07 9.808559e-06 4.2718202e-05 6.567961e-05 0.000103692386 0.0003723378 1.2892258e-07 3.14627e-07 2.805715e-07 2.0494972e-05 1.2794192e-08 5.455567e-05 2.32708e-07 1.7835501e-07 1.8113391e-06 0.0001529843
0.047849204 0.007726376 0.017221604 0.0019246058 0.16991425 0.3954879 0.26484102 0.00027194846 0.007725079 0.0002694855 4.0272007e-05 0.00078030024 0.34393376 0.92744064 0.08884947 0.40602204 0.03307507 0.4604453 0.8159947 5.501415e-23 0.27090013 0.9012184 0.9135431 0.012417837 0.026191244 3.66682e-06 0.7475488 1.4930416e-05 1.19529805e-05 7.505634e-05 2.3294406e-05 0.6704547 0.0055409614 0.075189635 0.021148767 0.0006386689 6.0312427e-06 0.05441173 0.06530982 0.020133572 0.18957527 0.003255145 0.0069363555 1.7149799e-07 0.0495636 6.3444704e-06 0.02220137 0.0020975515 0.0016170965 0.019152198 0.012117881 0.004772904 0.018115208 0.0037415035 0.0008087429 0.0010304261 0.0016870396 0.0004927343 0.0006618007 2.9426787e-05 6.706495e-05 7.9862395e-05 3.5269568e-05 5.3644337e-05 6.313787e-05 2.1445776e-05 0.0012728088 7.368528e-06 0.00023924142 1.3125289e-07 5.526681e-05 7.0906444e-06 0.000101084435 7.5303257e-07 1.1535548e-05 6.882133e-05 0.0004345477 3.4528316e-08 1.2433312e-06 0.0005975308 0.00036699057 8.8237975e-05 0.0010169878 4.9183236e-06 0.0010639082 1.8184192e-05 5.7083375e-06 2.151358e-05 0.00018996742 0.00028708062 0.001255444 9.0670135e-08 8.223546e-07 3.1915056e-06 0.00014684908 1.897601e-08 2.8229595e-05 3.2844832e-07 3.6380916e-07 2.5289899e-06 0.0004102684
0.5154015 0.004508247 0.025546908 0.00026666967 0.016227748 0.6988652 0.033463564 0.05415887 0.22991095 0.026645632 0.029693719 0.116179 0.0076847356 0.58398974 0.9314144 0.011615268 0.0004667008 0.012043021 0.028808102 0.27090013 1.0126775e-19 0.031011816 0.20651242 0.3791882 0.93591976 0.0036236027 0.052165527 0.008426559 0.004770496 0.019884553 0.003914303 0.74045444 0.09719283 0.0003772283 0.32372576 0.022492563 1.0705293e-06 0.53037924 0.34561297 0.41462076 0.03413281 0.047076274 0.19411682 0.0006905282 0.06489601 0.0045339614 0.0008761333 0.07466159 0.052119046 0.05486398 0.06610322 0.01416759 0.19416913 0.036140304 0.040624354 0.016340306 0.02824146 0.009729979 0.012841643 0.0012140936 0.0024681608 0.00015490575 0.0010356832 6.717678e-05 0.0031207604 8.618935e-05 0.0021455188 0.0022791484 0.004924982 0.0001258945 1.26536e-05 3.6086392e-06 0.0068840734 4.081624e-06 0.0005254532 0.002322387 0.0019050355 5.5936727e-07 0.000100948215 0.003764993 0.0019786134 0.00023123588 0.003969278 8.313377e-05 0.010124078 0.0015830084 0.00015286382 0.0006240407 0.0019271467 0.0025614859 0.011254876 1.8343302e-05 5.5188437e-05 0.00038351738 0.0028847815 3.932787e-06 0.0032850003 2.4320398e-05 6.2766753e-06 9.541228e-05 0.009562887
0.014255904 0.0029022982 0.004925922 0.0009686741 0.097628616 0.05983018 0.14557791 9.158517e-06 0.0002327432 4.051054e-06 3.3921438e-06 4.61114e-05 0.41981345 0.6522926 0.009413676 0.4624861 0.108543955 0.6202961 0.93114483 0.9012184 0.031011816 2.3025264e-23 0.9033199 0.0004885209 0.0030962175 1.3313021e-06 0.89672995 7.3326714e-06 1.1341347e-05 9.211275e-06 1.0827595e-05 0.525256 0.00032970787 0.3171655 0.0040103793 8.387429e-05 7.259117e-05 0.0099893 0.019644052 0.0032279745 0.32777038 0.00051043276 0.0014369439 1.3229531e-07 0.04506749 1.4200832e-06 0.100708835 0.0004471762 0.00025556647 0.018831676 0.0027996586 0.0033413584 0.006333206 0.0004414601 0.00015172544 0.00054072554 0.00019495223 2.6476771e-05 4.770416e-05 1.640217e-05 7.904297e-06 0.00025835398 3.2751494e-05 0.0004560893 7.29865e-05 6.944881e-05 0.00091145065 1.4175826e-06 0.00020117885 5.6873057e-07 0.00045680927 4.386611e-05 5.4481112e-05 3.2199758e-05 4.9258206e-06 2.8045219e-05 0.0003435453 2.8632556e-07 1.1402194e-06 0.000616704 0.00028262474 0.00023349997 0.0023080066 4.1916114e-06 1.883264e-05 1.4976713e-06 7.97218e-06 2.3673516e-05 6.308749e-05 0.0002954899 0.0007919305 3.6930476e-07 3.7336151e-06 1.7910954e-06 0.00014873449 1.4489724e-07 0.00011056561 1.8463513e-06 3.0876822e-07 1.306753e-06 0.000980445
0.09354298 0.00255951 0.0062644975 0.00080419483 0.08071143 0.20599888 0.18343046 0.00013924795 0.0046475166 8.193956e-05 5.0979368e-05 0.0003593566 0.19857742 0.77957827 0.05122286 0.2423759 0.031624474 0.31291488 0.66477823 0.9135431 0.20651242 0.9033199 1.3297013e-22 0.0054369806 0.0147034135 8.258532e-06 0.9463545 1.8415569e-05 6.298535e-05 1.5115806e-05 1.2207543e-05 0.8539239 0.0014488745 0.18234846 0.01708967 6.798893e-05 4.5321714e-05 0.0932128 0.08943344 0.024859406 0.48734647 0.0028168953 0.011839831 1.5618643e-07 0.102283165 1.2143331e-05 0.06366606 0.006854378 0.002380636 0.048590004 0.015778622 0.009174288 0.05099698 0.005844151 0.001170595 0.0013622468 0.0023851115 0.0006358357 0.0015447934 2.8049608e-05 0.00022501673 0.00044463348 2.5756832e-05 0.0014117922 0.00010257791 0.0004955722 0.0046275984 1.903491e-05 0.0003912976 7.30932e-07 0.0006286887 8.42224e-05 0.00010571335 1.9188317e-05 1.6560747e-05 0.00019050353 0.0009633689 5.291515e-07 2.4652848e-06 0.0008351229 0.0010238539 0.0007122964 0.0012460888 1.8757329e-06 0.0003319568 1.895936e-05 8.555953e-06 3.9255796e-05 0.0002330457 0.0013876084 0.0013702402 1.0417043e-06 1.5169483e-05 2.1168777e-05 0.0004246414 9.540377e-08 1.7389975e-05 5.794803e-06 9.1458486e-07 4.189669e-06 0.0012402748
0.65511304 0.0009928568 0.006960905 8.752844e-05 0.0011203366 0.13525161 0.0050711227 0.12049615 0.3169619 0.029790953 0.09933403 0.67004824 0.0003587714 0.038100578 0.7726023 0.0010091341 1.1869178e-06 0.00063526805 0.002120915 0.012417837 0.3791882 0.0004885209 0.0054369806 2.2959291e-17 0.92044765 0.009768872 0.0010874863 0.05455194 0.014388482 0.23317285 0.07058719 0.065676235 0.9416264 2.7689698e-06 0.8116456 0.30473322 2.947993e-07 0.10001557 0.07727872 0.09389637 0.00042564044 0.18306217 0.1556676 0.012610473 0.0048234896 0.0037988473 5.4322168e-06 0.13375469 0.3087199 0.0016312692 0.06326294 0.00045787825 0.006221354 0.013158823 0.22724698 0.07616925 0.095846765 0.0019612554 0.014795737 0.035176355 0.0015755433 1.5226423e-06 0.0018435408 1.3177095e-06 0.0075409133 2.35885e-06 6.042334e-05 0.008289863 0.03292781 0.010038354 7.1490936e-06 5.415824e-06 0.013653852 5.835203e-06 0.00021669136 0.0006173931 0.0010958551 4.2058546e-06 7.158634e-05 0.038444776 4.3680884e-05 0.00011893188 0.023932591 8.446331e-05 0.022523245 0.007995656 0.00014606107 0.0005544049 0.001730565 0.0014304693 0.03593014 1.1081954e-05 8.142993e-05 9.046807e-05 0.0018436051 3.805664e-06 0.001765013 5.999198e-06 7.1200943e-06 3.1613265e-05 0.011145129
0.44102728 0.0012917576 0.0049709613 9.0610716e-05 0.003829449 0.14397363 0.011137931 0.032210164 0.2549326 0.010364544 0.019367626 0.29008716 0.0011224921 0.039031714 0.91988856 0.0019047984 3.9766815e-05 0.0022699977 0.00373494 0.026191244 0.93591976 0.0030962175 0.0147034135 0.92044765 2.366467e-20 0.0045657083 0.004416532 0.011239977 0.005210015 0.03639858 0.008255466 0.13725135 0.36543643 0.00014988588 0.91291755 0.12182657 2.612238e-07 0.3979308 0.2535826 0.4833408 0.0036684799 0.16293241 0.37360215 0.003105577 0.016209349 0.0012290787 0.0003107716 0.19171438 0.1190314 0.020296842 0.14481576 0.0049715876 0.033845376 0.038618807 0.09353761 0.0296775 0.07489089 0.008567139 0.025632262 0.00672991 0.003988317 1.886309e-05 0.004595288 8.458523e-06 0.01197831 3.460752e-05 0.0005565142 0.004079951 0.027172586 0.0007140838 4.611173e-06 5.030648e-06 0.013731805 7.0157e-06 0.0014132693 0.0020901193 0.002860217 6.3648963e-07 4.1051342e-05 0.021752315 0.00063293625 0.0002284458 0.012912192 0.00030461574 0.0098021645 0.0043482343 0.00023507362 0.00030554415 0.0029485654 0.0030422749 0.012407337 5.6569843e-06 0.00014637427 0.00030226106 0.0017751195 9.726656e-07 0.0023061067 1.0807746e-05 1.9872375e-06 5.4172375e-05 0.0077563575
0.010908601 0.0002961701 0.0015197126 6.5218475e-05 2.93195e-05 0.0052058105 9.978953e-05 0.24154554 0.009844988 0.22911559 0.35654852 0.037942614 2.4562733e-06 0.00047850813 0.009797514 1.2702645e-06 1.352837e-06 1.8064313e-06 1.1523239e-06 3.66682e-06 0.0036236027 1.3313021e-06 8.258532e-06 0.009768872 0.0045657083 3.5991103e-20 5.4317193e-06 0.43559685 0.995188 0.092197895 0.19068342 0.00017103438 0.00563414 1.4654269e-06 0.004304245 0.015783602 3.837081e-10 0.0002730269 6.91477e-05 0.0002423158 2.497668e-06 0.0009812807 0.00059797545 0.23058502 3.1400235e-05 0.89796925 5.4107422e-05 0.00021410086 0.0016339315 2.1140015e-06 4.0877418e-05 2.1912992e-05 0.0032256665 7.991413e-05 0.0017468163 0.00080777484 8.6870474e-05 4.599225e-05 0.00016779378 0.015431791 0.00016035537 1.5044945e-07 5.428144e-05 3.1059542e-07 4.891495e-05 3.051727e-07 5.732437e-05 0.0559037 9.205053e-05 0.0072420966 3.541502e-08 3.122415e-08 3.091781e-05 5.390413e-07 9.652689e-06 1.1057231e-05 8.104125e-05 2.8528377e-09 1.0454992e-06 0.0014854694 0.00018065519 5.126101e-05 0.008243323 1.7036718e-05 0.016526937 0.009269004 4.933596e-06 3.8280665e-05 0.00011637877 9.8267476e-05 0.019318609 3.7434032e-07 1.5143696e-07 1.1987005e-06 3.2465305e-05 1.12136426e-07 1.5456037e-07 9.893962e-09 2.8872552e-08 5.800366e-08 0.00037149453
0.035240173 0.00078894943 0.0018097671 0.00047709784 0.020625606 0.038507823 0.05528657 1.4286812e-05 0.00030340013 7.788115e-06 5.1184584e-06 5.8081627e-05 0.12168063 0.37155747 0.008966357 0.14299758 0.030714583 0.2693644 0.5923422 0.7475488 0.052165527 0.89672995 0.9463545 0.0010874863 0.004416532 5.4317193e-06 4.3410367e-22 1.7685317e-05 8.720669e-06 7.2059684e-06 1.5207332e-05 0.86909163 0.0005381343 0.36626193 0.005448628 0.00015233933 2.6250742e-05 0.062930524 0.05732 0.022329053 0.7825369 0.0014914605 0.0059934454 1.4227882e-07 0.29247367 4.252229e-07 0.155508 0.0020080144 0.001007858 0.11833464 0.011537854 0.020304052 0.0237263 0.004024882 0.00072125654 0.0013228524 0.0021722114 0.00027382927 0.00044807995 2.952067e-05 0.00014124642 0.0019621162 0.00012236106 0.0018983778 0.00047461208 0.001861706 0.0057578627 3.2399437e-06 0.0011483926 1.2823247e-07 0.0004593459 0.00014156265 0.00038860756 9.601307e-05 8.636642e-05 0.00047921576 0.0012700775 2.3529205e-06 4.022347e-06 0.0008634645 0.001499706 0.0018468773 0.002880884 9.847907e-06 2.649602e-05 1.1213793e-05 3.5428147e-05 8.6658896e-05 0.0004878167 0.0014285074 0.0012217554 2.5552602e-06 5.72871e-05 0.00012927836 0.0005305378 6.267718e-07 0.00012514813 1.1802327e-05 2.461904e-06 1.9065794e-05 0.0016977527
0.3280174 0.0039244415 0.019920606 0.0004894825 0.00019023067 0.0049504414 8.92746e-05 0.5455123 0.11863357 0.47381616 0.6451534 0.3565615 1.2693969e-05 0.00018086325 0.045228153 5.022111e-06 9.578403e-06 3.5355613e-05 4.3785462e-06 1.4930416e-05 0.008426559 7.3326714e-06 1.8415569e-05 0.05455194 0.011239977 0.43559685 1.7685317e-05 1.0995836e-17 0.4081222 0.90260726 0.96804357 8.1017606e-05 0.050979752 2.9883466e-05 0.014632961 0.14367726 1.1999475e-07 0.0023196784 0.0015040401 0.0017130765 9.767152e-06 0.0061576576 0.0022371344 0.5837613 8.234683e-05 0.20339358 4.929093e-05 0.0007248698 0.016768046 0.00023383938 0.0012893409 0.00017430463 0.0017250055 0.0008135061 0.01673848 0.0008811076 0.0008697451 0.00014475574 0.00032660872 0.10630321 0.00015018693 3.0489591e-06 0.000112534166 2.2880272e-06 2.5183797e-05 1.8474698e-06 0.00015166771 0.02551825 0.00032533662 0.006624091 4.0628893e-06 3.7476095e-06 6.544114e-05 1.51026e-06 3.7623184e-05 2.1281117e-05 0.00014001991 1.42924e-07 8.8147056e-07 0.0031500997 8.309778e-05 0.0002907479 0.010514181 2.2833058e-06 0.020701084 0.004389375 4.6011573e-06 2.207951e-05 1.409858e-05 3.7654594e-05 0.009938562 3.3072521e-07 0.00013957423 0.00021133567 1.5550797e-05 6.263956e-08 3.0185747e-06 6.6440225e-06 1.8701903e-06 5.0627674e-05 0.00013249008
0.020062966 0.00043877595 0.0018984014 4.936342e-05 8.113869e-05 0.0032859764 0.00020608521 0.17535391 0.015430612 0.16062504 0.2511471 0.034946244 1.1401742e-05 0.00032225854 0.010481629 9.015986e-06 5.8732066e-06 9.429247e-06 5.0355347e-06 1.19529805e-05 0.004770496 1.1341347e-05 6.298535e-05 0.014388482 0.005210015 0.995188 8.720669e-06 0.4081222 7.131226e-19 0.1290726 0.26748082 5.6771023e-05 0.012507136 1.7858778e-06 0.006636015 0.030230643 4.855306e-08 0.0005042056 0.0003072855 0.00034552976 1.6612077e-05 0.002959476 0.0014380078 0.35806364 7.467764e-05 0.8823853 5.8557045e-05 0.00029669452 0.009327454 1.862005e-05 0.0004197316 0.00016407341 0.0046310425 0.00061959616 0.0055839038 0.0019598335 0.0004922555 0.00022827789 0.0014241445 0.046436414 0.0009413129 6.9286193e-07 0.0003221642 5.307845e-07 0.00026680986 2.6234974e-07 5.981098e-05 0.16475758 0.0003432452 0.048199754 3.857001e-07 3.5709826e-07 0.00019635199 7.6271164e-07 5.9629638e-05 0.00010568119 0.00013498563 1.2737315e-08 2.803395e-06 0.002934542 4.9560127e-05 2.6001264e-05 0.015240233 1.963328e-05 0.11684086 0.035758667 2.9969655e-05 3.6894147e-05 0.00027461146 0.00062564283 0.036114797 5.2130605e-07 2.8528981e-07 1.8530802e-07 0.00011044937 2.5679498e-07 1.3198727e-06 1.64302e-08 4.810369e-08 2.4537314e-07 0.0015535032
0.91534615 0.00071400445 0.00734039 8.6909255e-05 7.5848795e-05 0.019074049 3.8442256e-05 0.31123248 0.13713673 0.21046205 0.3627296 0.40242952 2.556251e-05 0.001120075 0.09070514 5.69146e-06 2.9003115e-06 2.4565485e-05 8.499625e-06 7.505634e-05 0.019884553 9.211275e-06 1.5115806e-05 0.23317285 0.03639858 0.092197895 7.2059684e-06 0.90260726 0.1290726 6.779024e-16 0.91172904 0.00010841064 0.31581607 7.4036944e-07 0.09255543 0.70168805 5.7793613e-08 0.004110966 0.0030771908 0.002782652 6.3384828e-06 0.043424647 0.003884166 0.59074396 6.982516e-05 0.020149548 7.757248e-06 0.0068031223 0.17437688 2.7622587e-05 0.0014229389 1.8309202e-05 0.00096114405 0.0008613245 0.40994817 0.04096743 0.022493428 0.0002015237 0.0010203953 0.43978426 0.00031547144 3.3012036e-06 0.00012151935 1.9731835e-06 0.0008139639 6.574387e-06 1.1626798e-05 0.033578508 0.009007986 0.0120899305 5.651198e-06 6.473566e-06 0.00095094886 3.476141e-06 1.9209814e-05 2.4528192e-05 0.00018771844 9.371213e-07 2.4198623e-06 0.046378423 7.2117773e-06 4.5612796e-05 0.14724123 8.40287e-06 0.06795226 0.011247858 3.8422026e-05 9.260053e-06 0.00011407752 0.00047730512 0.064135194 1.1487448e-06 3.393375e-05 3.2806955e-05 0.000104799685 3.4190433e-07 6.5079826e-06 8.232716e-06 1.2378894e-05 5.3272324e-05 0.0010061581
0.75674367 0.003204987 0.018613981 0.0006562724 0.00043925803 0.0038427433 0.00029744642 0.35175565 0.068509586 0.24526739 0.39235353 0.1524758 4.1511168e-05 0.0002875714 0.023158249 1.9801726e-05 2.7405325e-05 9.7688804e-05 1.7561351e-05 2.3294406e-05 0.003914303 1.0827595e-05 1.2207543e-05 0.07058719 0.008255466 0.19068342 1.5207332e-05 0.96804357 0.26748082 0.91172904 2.279367e-16 0.000176606 0.06920452 2.9342464e-05 0.01390344 0.31781262 7.3035363e-07 0.003172827 0.0014949308 0.0012351377 9.701926e-06 0.008535509 0.0015287286 0.9226804 9.846325e-05 0.083470814 8.418875e-05 0.00082711206 0.050463665 0.0004232225 0.0012364354 8.660907e-05 0.0018139167 0.0012100097 0.094595924 0.005050339 0.00273664 0.00021136955 0.0003461278 0.45797145 0.00031480665 6.5653776e-06 6.414958e-05 6.5421426e-07 9.285792e-05 2.3248451e-06 0.00012751353 0.049946345 0.0009816729 0.031312052 3.1507848e-06 1.48145e-06 0.00022228621 2.5896856e-07 3.3979766e-05 0.00018005473 0.0001079257 1.9839483e-08 2.2415504e-06 0.008086287 8.462279e-05 5.7753703e-05 0.055785988 9.386776e-07 0.08482496 0.030757092 1.3833195e-05 2.2706752e-05 3.11222e-05 8.985972e-05 0.05701697 3.069011e-07 6.922399e-05 6.0224058e-05 0.000111056805 2.521285e-07 4.606268e-06 1.5028147e-06 4.7904596e-06 1.8045519e-05 0.0010509238
