2.9956677e-24 0.106313765 0.0013227615 0.0022096196 4.0667754e-05 0.008975537 0.07190734 0.12011526 0.043408826 0.07541628 0.016855497 0.092174836 0.1046682 0.11032176 2.4465093e-05 0.37965822 0.007768717 0.052740235 0.76667774 0.0058874795 0.5920964 0.1768462 0.7747974 0.22910221 0.0014597473 0.6770912 0.29972756 3.5127006e-05 1.671373e-05 6.157939e-06 0.0003650228 0.0011857531 0.0039038463 0.5060543 0.15423942 0.20555645 0.03288942 0.0024804287 0.3192948 0.10485791 0.22740972 2.38457e-07 0.7439179 1.6642274e-06 0.55251855 0.00035243676 0.8113979 0.053794973 0.64612466 0.8752737 0.977399 0.00018799111 0.4734613 9.087743e-05 0.14197594 0.010035812 0.021838658 0.84804416 0.0003782256 0.07871799 0.003148583 0.0030244202 0.71491784 0.36344448 0.6718678 0.0028216192 0.561989 0.66254354 7.743692e-08 0.00017625217 0.00053098175 0.041869536 0.0030940361 0.9351973 0.80513585 0.94600797 0.0027756323 2.0226961e-08 0.559497 0.9616625 2.608658e-05 0.90607417 6.104716e-10 4.637621e-06 0.82249033 0.95240855 0.7854482 0.020072533 0.9980123 0.9860701 0.9822529 3.1290298e-10 3.8164788e-05 0.011935667 0.03729499 0.9223795 0.7714419 0.9990177 0.99979776 0.99984825 4.9805134e-05
0.106313765 3.6431732e-21 0.8826072 0.8819006 0.5002515 0.7765832 0.5256243 0.71663773 0.49022812 0.43253365 0.69574267 0.24920864 0.29264766 0.5061929 0.23931432 0.33760786 0.18206662 0.2611373 0.37234378 0.053874232 0.17884128 0.1493097 0.15227519 0.38364252 0.019544704 0.23909584 0.09157259 0.20267895 0.008396221 0.013958002 0.18423812 0.003639548 0.0056721563 0.11336094 0.04965097 0.3213246 0.008102773 0.00014807511 0.07910465 0.035545856 0.012328865 0.015924683 0.18002121 0.007791172 0.039824054 0.00033614444 0.009300645 0.020118855 0.017142564 0.014546077 0.016160034 0.007611379 0.00808861 3.8695132e-05 0.005766149 0.0006576868 0.0010049435 0.0073097604 0.00080602453 0.0067779957 0.006775465 0.0001117333 0.009362277 0.006838851 0.003751595 0.0033776853 0.0039104526 0.00810588 1.2725205e-05 1.7100869e-05 0.002144132 0.002330696 0.0003697996 0.0037312305 0.0009862352 0.0062422287 8.336845e-05 1.3981029e-06 0.0022453011 0.0051513277 3.2786795e-06 0.0022643318 3.3686742e-06 6.7752776e-06 0.0023911034 0.00077556836 0.003253596 0.00074398983 0.0013852668 0.0009414817 0.0013305215 2.2811944e-06 0.002304636 6.63906e-05 0.0017140111 0.00065149873 0.00046787906 0.0033742355 0.007441985 0.0007174833 0.00094796665
0.0013227615 0.8826072 4.5200374e-26 0.8694235 0.34808442 0.68748575 0.35283908 0.1294684 0.08037695 0.09540604 0.11463493 0.025821395 0.042303007 0.10615721 0.11745539 0.035275582 0.29524592 0.07926663 0.036130182 0.15988699 0.04275265 0.045713622 0.04731587 0.2744954 0.040364824 0.047261428 0.045217566 0.02343032 0.020032933 0.049642406 0.013442073 0.023751836 0.025436873 0.036374226 0.031225318 0.047889795 0.038229376 0.0015969152 0.019299617 0.06603828 0.03406623 0.004070711 0.0045521976 0.00024355622 0.012320102 0.0016863416 0.013212411 0.00042969713 0.00994907 0.008745585 0.002768431 8.507017e-05 0.005313275 0.00019704248 0.0074369623 0.0007466184 0.0008057632 0.0041796947 0.00038303746 0.0036653061 3.31211e-05 0.00014466728 0.003896043 0.001293727 0.0009388828 1.2711437e-05 0.0021048393 0.0063761426 1.2856947e-05 3.5649395e-05 1.0113172e-05 4.5091e-06 1.638219e-07 0.001349402 0.00047658305 0.0044771545 1.0758519e-05 4.4475937e-07 0.0012513937 0.0045255637 1.781761e-06 0.002823879 5.6018246e-07 2.2480801e-06 0.002398079 2.7618164e-05 0.0016646578 0.0002887666 0.0028753218 0.00017911449 0.0010674129 1.987373e-07 8.230691e-06 1.9824929e-05 1.8016742e-06 5.953781e-05 4.256148e-05 0.0008730831 0.0074995533 5.7896585e-05 1.266688e-05
0.0022096196 0.8819006 0.8694235 4.6695556e-25 0.5401283 0.7703898 0.41211846 0.10535759 0.0488607 0.04818838 0.1196674 0.015699219 0.019653725 0.08013534 0.18332538 0.01932308 0.30326992 0.058328815 0.013061391 0.34201488 0.012965543 0.026980674 0.014039927 0.16782096 0.06387501 0.016960671 0.009808247 0.020813135 0.04178219 0.15194407 0.0119417645 0.058754273 0.025454275 0.0064156773 0.0073345467 0.011367147 0.035705455 0.005396512 0.0037754828 0.017123757 0.025465678 0.004565123 0.005711946 0.00016482746 0.005470131 0.004939343 0.0072994437 0.00078544323 0.0018708898 0.0023385067 0.0004331084 6.247131e-05 0.0005822527 0.0011751709 0.0070992075 0.0028633268 0.0019705077 0.0016723943 0.000602325 0.004242933 6.194006e-05 0.0009690783 0.0012639634 0.0013348765 0.0004198701 4.1807107e-05 0.00063798495 0.0008795217 0.0033259455 0.0003506027 1.6586115e-05 2.260005e-05 9.659582e-07 0.00025053736 9.444461e-05 0.0018723339 0.00021080306 4.2375053e-05 0.0013346608 0.0005760032 8.395805e-06 0.0007157166 9.49417e-06 1.21482435e-05 0.0005640638 2.7641614e-05 0.00027320505 0.00011220208 0.000836847 7.247357e-05 0.00089275214 6.6878547e-06 1.2342374e-05 2.5764572e-05 4.463654e-06 2.041396e-05 4.0526327e-05 0.00066669297 0.0033097637 0.00021075198 1.6439128e-05
4.0667754e-05 0.5002515 0.34808442 0.5401283 6.972238e-23 0.31750518 0.09066927 0.06586885 0.011167408 0.008528276 0.11487257 0.0030213916 0.0061568124 0.016223188 0.7281042 0.0063468246 0.054156467 0.009982329 0.0036821112 0.14782192 0.0031321514 0.002488321 0.0023957838 0.026248036 0.01915122 0.003257567 0.0012085031 0.042001653 0.014990655 0.09896971 0.017036084 0.025400274 0.010269024 0.00089526555 0.00011114792 0.0015960756 0.011036793 0.00069770677 0.0015539397 0.00026419328 0.0046796743 0.015745064 0.004857435 0.0005938249 0.00041011645 0.0019043463 0.0031466212 0.00280796 5.618169e-05 0.00042132215 0.00023822437 0.00039631204 1.6826723e-05 0.00022886078 0.0013920559 0.00039826895 0.0007809847 0.00012183079 0.000102953665 0.00038391168 0.00022798376 0.00016471604 8.635529e-05 0.00030470727 3.358831e-05 0.00047581075 0.00027678348 0.00013479897 0.0009686126 8.4084284e-05 7.20859e-05 8.162602e-05 3.8140734e-05 2.2562645e-05 4.079478e-05 0.0014675158 5.72706e-05 9.049633e-06 0.00015627235 0.0004415818 1.3161709e-06 0.0010059897 1.3077816e-06 1.2694755e-05 0.0005448667 0.00015950401 0.00031703434 8.3943436e-05 0.0011482876 0.00028694348 0.0006995236 2.8173988e-06 1.6416503e-05 2.8858225e-05 1.8147082e-05 0.0002694729 5.6865656e-06 0.00027520448 0.00874227 0.00031893424 3.897479e-05
0.008975537 0.7765832 0.68748575 0.7703898 0.31750518 2.5715783e-21 0.9191144 0.054087486 0.045006383 0.071156725 0.028210543 0.013274955 0.022954402 0.09945103 0.09144151 0.0166723 0.80175173 0.08792781 0.0067141624 0.64968497 0.032820698 0.044822417 0.019081447 0.5557212 0.22780564 0.017674124 0.020304741 0.018612355 0.12550615 0.17415896 0.0085534165 0.17764604 0.116673484 0.016143715 0.024868196 0.019837549 0.1683019 0.030164788 0.0031830189 0.054837048 0.11318378 0.0020796272 0.0025972181 0.00026324036 0.008966327 0.024130136 0.032753397 0.0007128472 0.002847633 0.01824653 0.00065942743 0.00034162457 0.0022433973 0.0057395706 0.03246407 0.012311598 0.010572117 0.0009850503 0.008392435 0.011943485 0.0002707493 0.0045075873 0.002918473 0.006802892 0.00019676513 8.979529e-05 0.0012393795 0.0018402016 0.00055132335 0.002434688 7.4428935e-05 1.1856705e-05 8.29678e-06 0.00015861797 0.0003329892 0.0014215194 0.00038649328 8.929181e-05 0.002396842 0.0018931662 0.00011491227 0.0009522371 3.963899e-05 9.0803456e-05 0.001312541 1.4124675e-05 0.00086848484 0.00091615366 0.0010412659 2.6318901e-05 0.00020824661 1.17155205e-05 3.6764406e-05 0.00020601742 2.741539e-05 0.00018892426 0.00023730061 0.00081138575 0.020868242 0.000112991635 0.00029602242
0.07190734 0.5256243 0.35283908 0.41211846 0.09066927 0.9191144 1.1203237e-21 0.0591781 0.047183786 0.12259637 0.019168347 0.016737211 0.033674613 0.2785265 0.019125974 0.018214766 0.91721123 0.3232564 0.010693182 0.22576056 0.06107914 0.22522551 0.029897565 0.76275593 0.0544398 0.039086305 0.0312709 0.012051223 0.018472686 0.025113266 0.006902346 0.042863805 0.04862239 0.01116367 0.026038809 0.017924104 0.15982084 0.011154475 0.0017835513 0.092740655 0.1778564 0.0031187863 0.002786355 0.00013285194 0.045391448 0.008509375 0.09662096 0.00039442527 0.0154763805 0.022667728 0.00022618736 3.2058597e-05 0.0030720127 0.001978356 0.04288858 0.016158085 0.012044369 0.0019278094 0.006584908 0.0144902645 9.541956e-05 0.007075636 0.0021534243 0.021979745 0.0039970176 6.1620485e-05 0.0006109552 0.0046784114 0.00016854035 0.002992346 2.2421224e-05 1.8208633e-06 2.240623e-06 0.0009165175 0.0006953251 0.0016742296 0.0016654049 7.2466896e-06 0.0070042284 0.0014690525 4.7569323e-05 0.0004884517 1.8864546e-05 0.0001466442 0.0013876513 2.783001e-06 0.002505873 0.0015541879 0.00029127355 5.3118074e-06 0.00011131032 7.5508897e-06 2.567382e-05 0.00028766601 1.0309146e-05 1.8620778e-05 0.0002564432 0.0022857767 0.0046673687 3.072153e-05 2.7847573e-05
0.12011526 0.71663773 0.1294684 0.10535759 0.06586885 0.054087486 0.0591781 3.1586732e-19 0.3702141 0.14080432 0.9814837 0.33073643 0.21844003 0.184953 0.048071448 0.2830226 0.010524991 0.07491919 0.581474 0.0024724228 0.1224877 0.033937998 0.13070971 0.024174154 0.0009227409 0.12519285 0.04110383 0.13358477 6.647246e-05 9.143023e-05 0.34938043 0.00014826842 0.00048676928 0.07928206 0.0070675937 0.3283753 0.00047332587 1.9723906e-05 0.17833506 0.0118792 0.0009590578 0.015561635 0.5654994 0.04978777 0.0065795183 1.2220205e-05 0.0035381403 0.26041457 0.00532927 0.0030635826 0.025384285 0.07497797 0.0016182781 1.1812986e-06 0.00025521967 7.471689e-05 0.00012146188 0.006051777 1.7497507e-05 0.00043512997 0.057401728 1.9345214e-05 0.004555996 0.000959152 0.005377575 0.014538255 0.0026051777 0.0025478157 1.2515498e-07 1.0653748e-06 0.010077138 0.026365234 0.0036621252 0.00087976706 0.00052102405 0.0043015247 1.1396224e-06 7.318573e-08 0.003581812 0.002650106 4.815372e-08 0.007030734 2.8626522e-07 1.6769418e-07 0.0025756084 0.030194646 0.0013846653 3.400126e-05 0.0054470073 0.024815774 0.009156806 1.20987975e-08 0.0036168378 9.91635e-07 0.0024067648 0.0025697225 2.9787873e-06 0.00499789 0.0072370777 0.003923987 0.0014082073
0.043408826 0.49022812 0.08037695 0.0488607 0.011167408 0.045006383 0.047183786 0.3702141 1.948168e-22 0.3373146 0.13180077 0.9441076 0.6615569 0.088602416 0.0031878506 0.8221395 0.022750733 0.030492233 0.7886684 0.0047772275 0.15268146 0.01613885 0.14104441 0.054522775 0.0048962003 0.11928743 0.05972326 0.01254641 0.0006161981 0.00010046532 0.030141694 0.00072353135 0.0030450886 0.22098272 0.09143155 0.19867359 0.0039303955 1.968065e-05 0.07858567 0.03650392 0.0038793145 0.00033568442 0.14356282 0.0012936444 0.016244879 3.768053e-05 0.0032568015 0.019471148 0.024233412 0.028600406 0.076682635 0.0041343756 0.02502507 3.0285932e-07 0.0003048064 3.1586686e-05 3.2372336e-05 0.014599569 2.9511602e-05 0.000529907 0.0032223398 8.810978e-06 0.024834106 0.000158281 0.005556782 0.00077368494 0.019506501 0.015146384 5.4606625e-07 7.969618e-06 0.00079607667 0.0030078518 0.00030383412 0.0045705023 0.004127231 0.015180333 2.4368003e-06 1.26418795e-08 0.00183166 0.014270486 2.4165587e-07 0.0169581 4.3703923e-07 9.163125e-07 0.006911228 0.0031222387 0.0057314727 0.00015744874 0.017427897 0.0026051167 0.018722158 3.9648572e-08 0.00031561288 8.251447e-06 0.0014282097 0.0005280054 4.3994223e-05 0.003094327 0.016601982 0.0029509957 0.0003352106
0.07541628 0.43253365 0.09540604 0.04818838 0.008528276 0.071156725 0.12259637 0.14080432 0.3373146 8.1202166e-22 0.049303383 0.2256214 0.93857914 0.7915766 0.0006466319 0.43375656 0.055821907 0.30688363 0.14007118 0.011257722 0.72475344 0.1845752 0.27774215 0.16921179 0.0088092275 0.2924973 0.3006629 0.0038621954 0.00041867475 6.505095e-05 0.0054831887 0.0009057504 0.00673477 0.14533758 0.18321449 0.11326457 0.014744802 6.6794e-05 0.036259875 0.17378734 0.023282435 9.704317e-05 0.025987402 0.00014806494 0.1118756 3.702859e-05 0.032500397 0.0026780458 0.059351854 0.09560231 0.023157824 0.00022516656 0.02125533 1.6188453e-06 0.007096301 0.0001725314 0.00038245547 0.010718503 0.00016954825 0.0064867665 0.00016684881 3.451905e-05 0.013940489 0.0031007 0.013695225 0.00023506106 0.0059691174 0.017942283 1.4027987e-06 4.0687697e-05 6.830823e-05 0.00020322208 5.130649e-05 0.004276284 0.005795169 0.0074933115 3.8924012e-05 3.2929368e-08 0.0085997265 0.008314602 5.308209e-07 0.0060591516 6.426806e-07 4.43409e-06 0.0073877303 9.2295784e-05 0.013296242 0.0021819158 0.0067814323 7.4646305e-05 0.0035607875 1.2007558e-07 3.089977e-05 4.0394054e-05 5.041409e-05 2.2267393e-05 0.0006236329 0.0062140576 0.010482703 0.00033696272 8.594844e-05
0.016855497 0.69574267 0.11463493 0.1196674 0.11487257 0.028210543 0.019168347 0.9814837 0.13180077 0.049303383 4.83545e-21 0.07228333 0.046391163 0.037807353 0.117212184 0.054826412 0.0030138316 0.015147439 0.19687359 0.0015017125 0.013005884 0.0044633118 0.012031368 0.002965949 0.00041940686 0.014833574 0.009549372 0.30290166 7.3397554e-05 0.00020783016 0.57717425 3.9859195e-05 5.395294e-05 0.014999613 0.001274865 0.13272022 6.6118024e-05 3.5849775e-06 0.046135005 0.001813621 0.000108276115 0.050644558 0.30266804 0.16764265 0.0005504305 9.5301874e-07 0.00020646527 0.3940562 0.0003959103 0.0006272658 0.015122078 0.12470753 9.1341506e-05 4.834701e-07 0.00011400943 6.6357466e-06 6.103006e-06 0.0005051651 6.051661e-06 0.00016413006 0.064428404 1.23239315e-05 0.00032581633 7.341211e-05 3.1649226e-05 0.018645834 0.00018891525 0.00021083181 5.1746343e-07 7.2483795e-07 0.013930682 0.017810095 0.0032706023 6.347372e-05 3.134458e-05 0.0012784627 1.1988512e-06 2.8337338e-08 0.00026039916 0.00057782955 1.0544515e-07 0.00074736425 1.6571646e-07 1.1723343e-07 0.00021368514 0.007764151 4.788502e-05 9.695608e-06 0.0010210285 0.006640159 0.0015843798 8.7331266e-08 0.0111556295 1.0978765e-06 0.0020379112 0.0004473554 1.9030724e-06 0.00012285216 0.0041167904 0.0005875633 0.00251236
0.092174836 0.24920864 0.025821395 0.015699219 0.0030213916 0.013274955 0.016737211 0.33073643 0.9441076 0.2256214 0.07228333 5.895769e-22 0.57774675 0.048603278 0.0011388328 0.90259624 0.007043686 0.022116967 0.8874522 0.0017382365 0.12759583 0.012500667 0.17081101 0.029391449 0.0021679804 0.11702607 0.060840547 0.0072516026 2.0323265e-05 3.805056e-05 0.01690267 0.00011192133 0.00096400455 0.41716725 0.16716346 0.2241145 0.0011050601 4.659632e-06 0.10019786 0.037021965 0.0010117231 0.00034331638 0.22508055 0.00067313696 0.018891815 6.2578238e-06 0.0009566266 0.015457366 0.061208833 0.043489885 0.11039038 0.0030868435 0.036041804 1.5533217e-07 5.291657e-05 9.523469e-06 1.1156171e-05 0.023256173 8.1467715e-06 0.00017933875 0.0029073306 3.817776e-06 0.028828474 3.5965026e-05 0.009105798 0.00043913012 0.017541844 0.01914499 3.443872e-07 2.3083467e-06 0.00074150757 0.0020324283 0.00022309662 0.008985523 0.005581702 0.012819953 2.470691e-06 4.1621044e-09 0.00091868866 0.015198172 2.20474e-07 0.014326038 1.8495949e-07 7.503443e-07 0.0101381065 0.004956923 0.007435275 0.00016549735 0.015883224 0.003246091 0.018844588 9.9923705e-09 0.00023639236 4.26797e-06 0.0012316841 0.00050968246 8.704553e-05 0.0054082894 0.021635914 0.0038776516 0.00034350893
0.1046682 0.29264766 0.042303007 0.019653725 0.0061568124 0.022954402 0.033674613 0.21844003 0.6615569 0.93857914 0.046391163 0.57774675 5.9862845e-22 0.33377755 0.000532973 0.80372465 0.014597182 0.09712214 0.41897845 0.0027519374 0.658974 0.057613757 0.411082 0.057324745 0.002706233 0.31512126 0.25020078 0.0059703044 2.6874517e-05 6.318515e-05 0.007260647 0.0003699444 0.0016703166 0.26849082 0.2666976 0.13646609 0.0038032623 3.3462147e-05 0.05043541 0.091909185 0.0063928105 0.000104552906 0.057392783 0.00013791381 0.08622668 1.5429207e-05 0.0076123155 0.0026140735 0.082441226 0.109708786 0.038226742 0.00033469347 0.03807711 1.7475043e-07 0.0013249938 2.328681e-05 3.2846394e-05 0.0152342245 1.9289431e-05 0.0017166663 0.0002892139 1.3924285e-05 0.015740281 0.00055136776 0.009479635 0.00012608482 0.011451375 0.01894806 3.8383092e-07 3.7103548e-06 0.00019593205 0.0004964916 9.933057e-05 0.006442025 0.006309823 0.008099687 1.2740759e-05 2.8322085e-09 0.0037258219 0.008578167 9.962309e-08 0.006818727 3.204814e-07 1.4877363e-06 0.0072903717 0.00027372612 0.01312357 0.0016136671 0.0067647602 0.00027258383 0.0055118822 3.0351234e-08 6.047672e-05 1.8875578e-05 0.00016631962 3.9259423e-05 0.00046937846 0.005252428 0.01766966 0.00043085474 0.00021951011
0.11032176 0.5061929 0.10615721 0.08013534 0.016223188 0.09945103 0.2785265 0.184953 0.088602416 0.7915766 0.037807353 0.048603278 0.33377755 3.3455496e-21 0.002801006 0.08991018 0.07409199 0.93560874 0.08540515 0.015829142 0.445559 0.66910785 0.11960497 0.46787965 0.011957656 0.16958746 0.11565628 0.013057566 0.0022548428 0.000566958 0.012079316 0.0026803478 0.010844188 0.103617474 0.15723166 0.071671076 0.025041476 0.00042609466 0.016988395 0.114710994 0.051822413 0.00024219195 0.027497575 0.0002919496 0.2144266 0.00023069668 0.048963767 0.001942234 0.05246301 0.102044314 0.006115431 0.0002068703 0.019913 3.5470068e-05 0.014863624 0.0007728129 0.0018783289 0.0099450955 0.0015925792 0.014665205 0.00034517143 0.00042720058 0.011122072 0.008648878 0.030580515 8.292314e-05 0.0038797157 0.01680332 3.0541014e-06 0.00016876825 0.0001049364 0.00017494061 2.1141539e-05 0.0049368017 0.010249711 0.0057924474 6.266224e-05 1.5068697e-07 0.013794282 0.007026766 8.560555e-06 0.0017483947 4.9743967e-06 8.572622e-06 0.008524035 3.6327598e-05 0.012720649 0.0038798377 0.001676304 3.883758e-05 0.000956037 9.101143e-07 2.9190658e-05 5.3259926e-05 0.000115909344 5.8913854e-05 0.0011258243 0.007838265 0.016627222 0.00020762987 0.00016684133
2.4465093e-05 0.23931432 0.11745539 0.18332538 0.7281042 0.09144151 0.019125974 0.048071448 0.0031878506 0.0006466319 0.117212184 0.0011388328 0.000532973 0.002801006 3.3422949e-22 0.00026991862 0.010380376 0.0009929567 0.00021356739 0.038013313 8.147902e-05 6.996954e-05 4.3915752e-05 0.002674674 0.010961995 5.7940386e-05 0.00011576816 0.18527418 0.030454941 0.1366922 0.069356434 0.0057504815 0.0022585571 7.185878e-05 3.67336e-05 0.00037090635 0.000672621 8.394488e-05 0.0005745025 4.8225353e-05 0.0005013589 0.22591782 0.0016364257 0.013854975 4.785129e-05 0.00051717454 0.00041516512 0.0010049046 2.9019951e-05 1.8264505e-05 1.9133844e-05 0.0012508323 7.041439e-06 0.00010057479 2.3687337e-05 9.166193e-05 3.590776e-05 8.414229e-05 8.1204835e-06 3.1660697e-05 0.00022846258 9.560296e-06 2.5543744e-05 4.1616364e-05 6.511494e-05 0.0003433046 0.000119448734 0.00012400582 0.011174722 2.3662751e-05 0.000101769845 5.285584e-05 3.4898883e-05 1.276287e-05 2.0629985e-05 0.00020471442 3.0707397e-06 3.912742e-06 3.5576613e-05 0.00012277062 2.7662972e-07 0.00019269215 1.9407053e-06 6.524787e-06 5.0591476e-05 0.000103071055 8.6924465e-06 8.834209e-06 0.00022586809 0.00015635672 0.00017493311 4.8832637e-05 2.2727852e-05 1.36305825e-05 5.7053858e-05 0.00017786761 3.4725363e-06 4.9397426e-05 0.0051443637 0.00012909134 0.00016530018
0.37965822 0.33760786 0.035275582 0.01932308 0.0063468246 0.0166723 0.018214766 0.2830226 0.8221395 0.43375656 0.054826412 0.90259624 0.80372465 0.08991018 0.00026991862 5.2686742e-20 0.006680299 0.033546057 0.876113 0.0009484017 0.3094547 0.02031941 0.5008612 0.019895729 0.00083020073 0.22658436 0.15600562 0.00412879 4.4434414e-06 2.276473e-05 0.005938739 8.12261e-05 0.00013266229 0.65275943 0.44626784 0.30327478 0.0005551808 2.6497091e-06 0.12352282 0.07894909 0.00116796 0.00039758303 0.1850308 0.00024078114 0.042821903 4.5869183e-06 0.0010058467 0.0075773103 0.1589685 0.1655565 0.122807294 0.0010602422 0.0759083 2.0683193e-07 0.00010063476 9.4444285e-06 1.1763886e-05 0.037286505 2.0628648e-05 0.00019642522 0.0009907915 4.11215e-06 0.04576021 4.8498852e-05 0.013704376 0.0005468584 0.015624815 0.03618643 3.7702995e-07 8.643142e-07 0.00083812885 0.0010741942 0.0003986625 0.015139432 0.008153236 0.013414839 2.6348523e-06 3.5668197e-09 0.0012359018 0.014789833 2.4460704e-07 0.012883369 4.0350199e-07 7.2724407e-07 0.012264612 0.002082175 0.0146323955 0.0008943994 0.013471274 0.0014755676 0.013890113 3.3830975e-08 0.00016258388 6.06436e-06 0.0005109875 0.00020627478 0.00036337442 0.0108778775 0.033163644 0.0014812283 0.00026552263
0.007768717 0.18206662 0.29524592 0.30326992 0.054156467 0.80175173 0.91721123 0.010524991 0.022750733 0.055821907 0.0030138316 0.007043686 0.014597182 0.07409199 0.010380376 0.006680299 3.334754e-23 0.10928898 0.00084152515 0.6215218 0.02216602 0.05457705 0.0069205347 0.86097586 0.39646623 0.010109499 0.010763507 0.00445463 0.10458033 0.054697152 0.00063998165 0.18600585 0.31540075 0.0028417665 0.0055327374 0.0043091495 0.42233703 0.074745536 0.00060245313 0.05397456 0.32112285 0.0002077291 0.00012197495 4.6647783e-05 0.011794082 0.028816063 0.06349133 0.00010272084 0.0031919167 0.0059890896 4.656062e-05 7.4515796e-05 0.0015389865 0.008557002 0.10472577 0.029780757 0.030561814 0.00024070447 0.021575114 0.029591829 4.9727292e-05 0.008276438 0.001063754 0.011838307 0.00026806162 3.4216926e-05 0.00017595188 0.0007758539 3.9457496e-05 0.004695092 6.0663265e-06 1.6114593e-06 9.348906e-07 4.7939902e-05 0.00020249814 0.00041728996 0.00072229834 4.523026e-05 0.0040628025 0.00067743286 0.00030078247 0.00016402318 2.1654085e-05 0.00013118851 0.0005837007 1.9927922e-06 0.0004983397 0.0021438077 0.00036068828 4.660934e-06 2.892965e-05 1.4831309e-06 6.705008e-06 0.00040548173 2.706465e-06 3.141653e-05 9.084935e-05 0.001233635 0.00547345 2.5929205e-05 5.8380007e-05
0.052740235 0.2611373 0.07926663 0.058328815 0.009982329 0.08792781 0.3232564 0.07491919 0.030492233 0.30688363 0.015147439 0.022116967 0.09712214 0.93560874 0.0009929567 0.033546057 0.10928898 2.5227246e-21 0.015121523 0.035617284 0.14643244 0.95781213 0.046210334 0.47072983 0.021348687 0.06916931 0.051525805 0.005914255 0.0022214274 0.0006019248 0.008997283 0.0041391114 0.021786159 0.038113885 0.0648068 0.03084618 0.03879029 0.0017094535 0.0069915154 0.10070602 0.076557525 0.00018647782 0.0030822998 0.00022520844 0.16623588 0.00045937698 0.090561435 0.0017057236 0.02851512 0.0636233 0.0015788699 0.00020932821 0.018035205 7.0789865e-05 0.031056684 0.0023252435 0.006139928 0.004077514 0.0026906114 0.018027684 0.00034130496 0.0009503305 0.008096744 0.01036878 0.017477006 0.00031288335 0.0029553908 0.008034095 7.35811e-07 0.00024960533 0.00019502624 0.00022823173 3.650844e-05 0.001625248 0.004277177 0.00342323 0.00026167498 1.2220657e-07 0.017420776 0.003205733 1.1034286e-05 0.00095213536 4.5732295e-06 1.4935571e-05 0.005466692 3.126305e-05 0.0069545284 0.00846644 0.0012556381 2.1580918e-05 0.00040018442 1.1344208e-06 4.6432255e-05 0.00015138723 0.00010111036 7.486468e-05 0.0014478881 0.006208756 0.0101755485 0.00012321306 0.00015143157
0.76667774 0.37234378 0.036130182 0.013061391 0.0036821112 0.0067141624 0.010693182 0.581474 0.7886684 0.14007118 0.19687359 0.8874522 0.41897845 0.08540515 0.00021356739 0.876113 0.00084152515 0.015121523 1.3247271e-18 0.0002512022 0.10923144 0.007993528 0.26483345 0.0054123863 0.00012951689 0.170128 0.06723467 0.012638874 8.633071e-06 1.922343e-05 0.022920685 0.00016956135 7.432445e-05 0.64949214 0.13755405 0.52573496 0.00017608669 1.1763218e-06 0.35830393 0.010769736 0.00021637026 0.0019282561 0.6635064 0.003000376 0.0047376533 6.6978246e-06 0.0002909909 0.07882582 0.0716635 0.024303885 0.36680186 0.010859463 0.013329879 7.4177234e-07 0.00011981245 3.3140343e-05 2.4031991e-05 0.03740125 2.9348987e-05 6.478855e-05 0.011309891 5.871459e-06 0.013064505 1.5982658e-05 0.0023169536 0.0036044845 0.008264596 0.019107843 4.8394384e-07 4.1040125e-06 0.0035813134 0.009461536 0.0021121227 0.0061912425 0.0009669218 0.011062785 2.094598e-06 5.401969e-08 7.4309144e-05 0.016151799 3.0872698e-07 0.0230741 1.5039674e-06 6.851426e-07 0.0040069693 0.021136263 0.0017163446 9.719262e-06 0.03479392 0.017485032 0.09478246 1.1077484e-07 0.004266249 1.36345e-06 0.00331482 0.002575007 2.1880394e-05 0.0065444927 0.026515847 0.016274435 0.0012068147
0.0058874795 0.053874232 0.15988699 0.34201488 0.14782192 0.64968497 0.22576056 0.0024724228 0.0047772275 0.011257722 0.0015017125 0.0017382365 0.0027519374 0.015829142 0.038013313 0.0009484017 0.6215218 0.035617284 0.0002512022 1.4372172e-23 0.0040990985 0.013807299 0.00021490893 0.18296278 0.901319 0.0007590658 0.003220349 0.00288702 0.57658285 0.44839993 0.00027234634 0.7682147 0.5552129 0.0030197338 0.0038087976 0.00015758605 0.27991286 0.40018246 0.0004567683 0.00740096 0.04336482 0.00063041755 0.0001273802 5.4277475e-06 0.0029657683 0.14937542 0.0076522324 3.069447e-05 0.001027252 0.0010030086 3.054406e-05 2.229708e-05 0.00026688544 0.03700456 0.015851885 0.042603843 0.021108285 0.00017815894 0.008754668 0.004544811 2.4912411e-05 0.015184711 0.00029834473 0.002775365 7.866468e-05 4.5692035e-05 5.7711088e-05 0.0007385258 0.014467613 0.002152368 1.30453245e-05 2.1477367e-06 2.8179577e-06 8.701649e-05 1.0775616e-05 0.00037641183 0.0007931837 0.0022933555 0.00012437487 0.00037715366 0.00018917792 8.217323e-05 0.0005926069 0.00020143358 0.0004941444 4.6923233e-06 0.0001348432 0.0003610257 0.00031681702 9.68185e-06 0.0002563838 0.0010154812 6.476135e-06 0.00015696166 1.5325456e-06 3.579046e-05 1.035217e-05 0.00073052617 0.0019489367 6.31681e-05 1.5439412e-06
0.5920964 0.17884128 0.04275265 0.012965543 0.0031321514 0.032820698 0.06107914 0.1224877 0.15268146 0.72475344 0.013005884 0.12759583 0.658974 0.445559 8.147902e-05 0.3094547 0.02216602 0.14643244 0.10923144 0.0040990985 1.0313551e-20 0.11598137 0.805691 0.056618508 0.00424021 0.8471889 0.9172197 0.0036524674 0.00023177701 0.0001967261 0.0027262478 0.0014106719 0.0035702607 0.08904556 0.30496752 0.06234286 0.0043224744 0.00026093933 0.015886702 0.11905547 0.010760516 0.00027058303 0.008258469 0.000111813686 0.12415685 0.0001001249 0.012895206 0.0009694703 0.09612764 0.14542413 0.017141005 0.00028520045 0.0304326 6.2694303e-06 0.004755248 6.971844e-05 0.00016715063 0.012358276 0.00027078157 0.0048462423 0.00017340567 2.8074255e-05 0.010412301 0.0015803062 0.015578274 0.00023740654 0.006164103 0.016823798 1.8029031e-06 3.9253773e-05 9.745999e-05 0.000100339596 6.1700805e-05 0.00801723 0.005315208 0.005169115 1.0912725e-05 2.0090042e-08 0.003359403 0.0051798555 3.5981716e-06 0.004455582 4.238437e-06 3.7855996e-06 0.0066122627 2.0930176e-05 0.0074250707 0.005533827 0.0052331476 3.0485187e-05 0.0020614509 1.9659886e-07 3.5958856e-05 2.5358162e-05 2.1619378e-05 1.1246115e-05 0.0018991346 0.008870795 0.01744371 0.00062653073 0.00015600298
0.1768462 0.1493097 0.045713622 0.026980674 0.002488321 0.044822417 0.22522551 0.033937998 0.01613885 0.1845752 0.0044633118 0.012500667 0.057613757 0.66910785 6.996954e-05 0.02031941 0.05457705 0.95781213 0.007993528 0.013807299 0.11598137 6.3131327e-23 0.03036846 0.8338357 0.013827328 0.06418156 0.046097804 0.002089069 0.0005444865 0.00010594901 0.0025646682 0.003100687 0.021174563 0.021349033 0.053054377 0.011248707 0.030524917 0.0008810274 0.0016487556 0.5380936 0.11752522 0.0001598166 0.00095706235 5.066337e-05 0.6144738 0.00035377534 0.23358688 0.00014102178 0.025182853 0.16410194 0.000120587596 6.5347784e-05 0.0051997053 5.95528e-05 0.068844184 0.0028926972 0.007491189 0.002506999 0.0030180651 0.037491687 6.0062135e-05 0.00036292747 0.00374352 0.01967242 0.066337205 0.00020599857 0.0008323186 0.010884393 2.1058412e-07 0.0001135682 1.3988438e-05 7.772703e-06 7.808722e-06 0.0011466307 0.008549554 0.0025674053 7.3208736e-05 3.6439896e-08 0.038022533 0.002857658 9.443933e-06 0.0006088752 1.5371156e-06 5.680815e-06 0.009007053 3.3429692e-06 0.012459207 0.024288693 0.0009924199 1.9913389e-06 0.0003262283 1.813663e-07 1.1716167e-05 3.4744397e-05 3.821299e-06 3.5709638e-06 0.0018480382 0.015548425 0.011533915 2.2860435e-05 1.3279196e-05
0.7747974 0.15227519 0.04731587 0.014039927 0.0023957838 0.019081447 0.029897565 0.13070971 0.14104441 0.27774215 0.012031368 0.17081101 0.411082 0.11960497 4.3915752e-05 0.5008612 0.0069205347 0.046210334 0.26483345 0.00021490893 0.805691 0.03036846 1.4269559e-18 0.015084975 0.0004268915 0.9091165 0.82613194 0.0016997728 1.3665855e-05 3.880378e-05 0.0011807248 0.00035322414 0.00013292926 0.5213009 0.65892136 0.15936215 0.00026393164 1.847839e-05 0.042003658 0.04073735 0.0012049355 0.00012641076 0.018917914 3.6872167e-05 0.049555723 1.3571292e-05 0.0013392016 0.0012004772 0.22916813 0.15264326 0.08848783 0.00041769032 0.067639835 2.2131424e-06 0.0007971421 2.0060552e-05 1.0519075e-05 0.06861726 3.67717e-05 0.00085859717 0.00019575014 6.2883228e-06 0.059305217 0.00021314296 0.018325182 5.9622587e-05 0.022328041 0.09221021 6.051347e-07 4.400562e-06 0.0002906528 0.00015974893 8.875508e-05 0.056468632 0.009180835 0.020238455 3.5284554e-06 9.1643395e-09 0.0009772836 0.028641338 9.189948e-07 0.014916705 1.2728511e-06 8.523063e-07 0.017576408 0.00011202651 0.009280791 0.0015157525 0.016397424 0.00022235914 0.012997348 6.260289e-08 5.4531116e-05 4.916744e-06 9.536389e-05 2.7096457e-05 0.00091430364 0.01751326 0.038948216 0.0006262341 0.00013908923
0.22910221 0.38364252 0.2744954 0.16782096 0.026248036 0.5557212 0.76275593 0.024174154 0.054522775 0.16921179 0.002965949 0.029391449 0.057324745 0.46787965 0.002674674 0.019895729 0.86097586 0.47072983 0.0054123863 0.18296278 0.056618508 0.8338357 0.015084975 1.2492783e-20 0.13971601 0.031908277 0.037008394 0.004924297 0.0132265305 0.0024963962 0.0014546582 0.049953364 0.2910767 0.013458131 0.029537672 0.009902478 0.6274248 0.034197893 0.002361882 0.35089085 0.74370134 0.00093539676 0.0011439559 0.00026921267 0.14773448 0.004839261 0.7793214 0.00043887913 0.016656464 0.04422345 8.2089966e-05 0.0005051704 0.005569929 0.0015976432 0.49767482 0.05491292 0.08267446 0.0013123846 0.03746555 0.20390408 0.00018759782 0.010559254 0.0031907056 0.0811864 0.013348988 8.201007e-05 0.00058794254 0.008003933 2.6488376e-06 0.0024603305 3.233812e-05 1.0676689e-05 6.162245e-06 0.000595984 0.0050281975 0.0011595131 0.0017351982 5.534476e-07 0.028801419 0.0016578509 0.00014476002 0.00037141764 8.773899e-06 0.00033767286 0.0033587941 7.324508e-06 0.006609413 0.027121432 0.00052555866 4.685884e-06 6.252238e-05 3.383814e-06 1.3660238e-05 0.0014738798 0.00011949613 1.9501646e-05 0.0025796017 0.0061203353 0.014423027 1.6325142e-05 0.00019263997
0.0014597473 0.019544704 0.040364824 0.06387501 0.01915122 0.22780564 0.0544398 0.0009227409 0.0048962003 0.0088092275 0.00041940686 0.0021679804 0.002706233 0.011957656 0.010961995 0.00083020073 0.39646623 0.021348687 0.00012951689 0.901319 0.00424021 0.013827328 0.0004268915 0.13971601 1.0150193e-23 0.0013264768 0.002422055 0.0008291801 0.22960165 0.19384883 8.07732e-05 0.7555725 0.5972648 0.00013879029 0.0002866443 0.00014659626 0.2748426 0.36883312 0.00011445817 0.01151303 0.057166383 6.475754e-05 4.25006e-05 2.7796693e-06 0.0029161358 0.16675371 0.011709405 1.6696971e-05 0.0009692965 0.0012618335 2.1770062e-05 2.343742e-05 0.00022326903 0.044761546 0.021847235 0.03407998 0.020245554 0.00024603246 0.013081148 0.006496533 3.9788058e-05 0.019985951 0.0004335801 0.0040225354 0.0001965148 1.9281983e-05 0.00015060819 0.0009720578 0.0060334285 0.0031956418 4.035064e-06 7.763098e-07 2.7242723e-07 0.00013356564 0.00011829763 0.00035456216 0.0017929729 0.0021053927 0.0010661164 0.00047202178 0.0005577626 0.00025786486 0.0005370812 0.00031654825 0.00068554597 7.01162e-06 0.00036749087 0.00030645553 0.0006399364 3.0394383e-05 0.00024109594 0.0004662637 2.819458e-06 0.00028962127 1.2009248e-06 4.189148e-05 4.9412174e-05 0.0008832482 0.002833303 9.196253e-05 5.9500144e-06
0.6770912 0.23909584 0.047261428 0.016960671 0.003257567 0.017674124 0.039086305 0.12519285 0.11928743 0.2924973 0.014833574 0.11702607 0.31512126 0.16958746 5.7940386e-05 0.22658436 0.010109499 0.06916931 0.170128 0.0007590658 0.8471889 0.06418156 0.9091165 0.031908277 0.0013264768 1.60116e-18 0.91256857 0.0031077592 7.566457e-05 3.3544995e-05 0.0023624285 0.00045955705 0.0006455013 0.21247827 0.59192634 0.056244794 0.0012902789 0.00010696854 0.023353769 0.054594357 0.0040776576 0.000226665 0.008346111 4.8856065e-05 0.09565336 3.2659766e-05 0.0039666467 0.0017493545 0.22586446 0.22616363 0.029759659 0.0004176202 0.06566992 2.8425304e-06 0.002575288 6.451579e-05 6.264695e-05 0.0453895 0.000103499144 0.0020980607 0.00018109125 1.8322338e-05 0.03186961 0.00075908535 0.026679337 0.00010767402 0.0104164425 0.049854405 3.3423206e-07 1.0948783e-05 0.00016132678 0.00010511368 4.0882915e-05 0.03780146 0.009158797 0.011565748 8.235221e-06 1.7217157e-08 0.001828276 0.016286725 3.5897233e-06 0.006415019 1.1525635e-06 2.5884326e-06 0.010329794 2.709049e-05 0.008882605 0.0029389965 0.0081350375 4.9580074e-05 0.004084416 4.5268425e-08 1.7133583e-05 1.663965e-05 8.79197e-05 9.673922e-06 0.0014100672 0.020110039 0.027186733 0.0004458883 6.2389976e-05
0.29972756 0.09157259 0.045217566 0.009808247 0.0012085031 0.020304741 0.0312709 0.04110383 0.05972326 0.3006629 0.009549372 0.060840547 0.25020078 0.11565628 0.00011576816 0.15600562 0.010763507 0.051525805 0.06723467 0.003220349 0.9172197 0.046097804 0.82613194 0.037008394 0.002422055 0.91256857 1.6523579e-18 0.0010690078 2.9882382e-05 2.9529509e-05 0.001472711 0.0006826834 0.0013124233 0.2671611 0.8116555 0.10288816 0.003748457 9.832699e-05 0.020546585 0.2071338 0.006090767 0.00038306194 0.012207887 8.915524e-05 0.062051527 3.67514e-05 0.013865119 0.0017519457 0.14619942 0.3190063 0.02464454 0.00030641843 0.10601159 1.8502892e-06 0.006440449 0.00013985751 0.00014927062 0.034583125 0.00014662294 0.003772395 0.0002911816 2.3819812e-05 0.037420902 0.0009522825 0.03235591 0.00080042036 0.019559126 0.04516828 1.1702494e-06 8.249472e-06 0.00026308623 0.00030230603 0.00020437597 0.024059536 0.012621169 0.0143437 2.7739137e-05 3.7421344e-08 0.00471497 0.015853692 2.659078e-06 0.008039391 2.853261e-06 1.00973575e-05 0.01686754 0.00017140014 0.01158704 0.0072728894 0.00904218 0.00015749605 0.0043424475 4.6209365e-08 2.6174173e-05 3.7737347e-05 9.657095e-05 3.3858367e-05 0.0017263083 0.015209655 0.02015848 0.0004405286 7.667908e-05
3.5127006e-05 0.20267895 0.02343032 0.020813135 0.042001653 0.018612355 0.012051223 0.13358477 0.01254641 0.0038621954 0.30290166 0.0072516026 0.0059703044 0.013057566 0.18527418 0.00412879 0.00445463 0.005914255 0.012638874 0.00288702 0.0036524674 0.002089069 0.0016997728 0.004924297 0.0008291801 0.0031077592 0.0010690078 6.3620264e-20 0.00017319641 0.0015950863 0.6031619 0.0001284171 7.688924e-05 0.003697404 0.0004691822 0.016417548 0.00018897706 1.5208552e-05 0.013653064 0.0032463048 0.0007614624 0.52532053 0.1013092 0.09946397 0.0030009453 8.376674e-06 0.0034948224 0.15285909 0.00039910924 0.0010938374 0.0040607573 0.05672975 9.6004194e-05 3.1350007e-06 0.00025337265 3.6248246e-05 0.0001244502 0.0009916733 2.4664982e-06 0.000588556 0.027330644 3.4689863e-05 7.004779e-05 0.0013602364 0.00011057901 0.003173574 0.00041368676 0.00013865867 5.529897e-05 2.632933e-06 0.0026063046 0.0066866055 0.0014699957 4.369451e-05 0.00013728497 0.0014541505 2.2024118e-05 2.4597696e-07 0.022072408 0.00047703323 1.4534752e-06 0.0008734266 2.6917724e-06 1.3965464e-06 0.00055271655 0.005493908 7.563354e-05 0.0022253206 0.0011744516 0.006630711 0.0024266315 2.765556e-05 0.001569567 3.806446e-05 0.0005537301 0.00021191833 0.00036950875 0.00018222372 0.0019117037 0.0018975161 0.00031437105
1.671373e-05 0.008396221 0.020032933 0.04178219 0.014990655 0.12550615 0.018472686 6.647246e-05 0.0006161981 0.00041867475 7.3397554e-05 2.0323265e-05 2.6874517e-05 0.0022548428 0.030454941 4.4434414e-06 0.10458033 0.0022214274 8.633071e-06 0.57658285 0.00023177701 0.0005444865 1.3665855e-05 0.0132265305 0.22960165 7.566457e-05 2.9882382e-05 0.00017319641 2.2692298e-27 0.872484 7.9436785e-07 0.69754183 0.13094199 6.503063e-06 1.3616205e-06 4.0148584e-06 0.03927635 0.10020854 3.3193734e-05 5.4142936e-05 0.0068610357 2.556066e-05 4.054911e-06 8.360432e-08 0.00015650904 0.117402755 0.00076908426 3.557164e-06 1.0670765e-05 1.0323648e-05 2.0681564e-06 4.518596e-06 6.943907e-07 0.06431142 0.0025151025 0.005665323 0.0041174167 1.8025172e-05 0.0012353911 0.0005772779 1.2458559e-06 0.0023345836 7.5899993e-06 0.00029417963 4.962144e-06 3.0733825e-06 4.0919285e-06 1.8258008e-05 0.037998628 0.00057905645 1.1725937e-07 2.5246282e-08 1.9089416e-08 3.4073757e-06 3.895329e-06 5.7795136e-05 0.0002775111 0.0021109076 0.000111834044 3.0161505e-05 0.00011971582 9.961582e-05 0.00024152282 2.5311507e-05 5.6338818e-06 4.279906e-07 1.9754864e-06 5.8919386e-06 0.0003671262 1.2119563e-06 0.00018221365 0.0005458349 1.8761945e-08 7.450723e-06 3.11838e-08 2.7538943e-05 5.455296e-07 0.00018542586 0.0013216274 8.987497e-05 2.8666392e-08
6.157939e-06 0.013958002 0.049642406 0.15194407 0.09896971 0.17415896 0.025113266 9.143023e-05 0.00010046532 6.505095e-05 0.00020783016 3.805056e-05 6.318515e-05 0.000566958 0.1366922 2.276473e-05 0.054697152 0.0006019248 1.922343e-05 0.44839993 0.0001967261 0.00010594901 3.880378e-05 0.0024963962 0.19384883 3.3544995e-05 2.9529509e-05 0.0015950863 0.872484 1.1920223e-23 7.001994e-05 0.46633768 0.0727177 5.007372e-06 2.75773e-06 1.2508173e-05 0.010327066 0.044875897 2.0970374e-05 6.8791505e-06 0.0012322647 0.00044089928 1.5149576e-05 1.720539e-06 2.3668075e-05 0.15805781 0.00020881377 2.470763e-05 6.3580924e-06 1.310324e-05 6.416349e-06 1.9220734e-05 1.399992e-06 0.052276626 0.0002755588 0.0067036147 0.005075436 4.8884405e-05 0.00022122647 7.4729505e-05 1.6417946e-05 0.0012004096 1.396145e-05 9.710632e-05 8.476271e-06 1.3965431e-05 2.2178296e-05 5.1852698e-05 0.049930137 0.00037020486 4.581738e-06 1.538687e-07 3.5640144e-07 6.7674437e-06 6.010989e-06 0.00028057405 0.00031971076 0.0011277068 2.27956e-05 5.7305842e-05 6.3171596e-05 0.00024589122 0.00026638323 4.6949845e-05 2.4720688e-05 1.0767284e-05 6.527338e-06 4.9277937e-06 8.55054e-05 1.6695043e-05 0.00017641041 0.0010485677 9.619366e-08 5.3151116e-06 1.0068192e-07 8.348303e-05 2.560887e-07 2.0792224e-05 0.00014316199 3.320032e-05 1.2751566e-07
0.0003650228 0.18423812 0.013442073 0.0119417645 0.017036084 0.0085534165 0.006902346 0.34938043 0.030141694 0.0054831887 0.57717425 0.01690267 0.007260647 0.012079316 0.069356434 0.005938739 0.00063998165 0.008997283 0.022920685 0.00027234634 0.0027262478 0.0025646682 0.0011807248 0.0014546582 8.07732e-05 0.0023624285 0.001472711 0.6031619 7.9436785e-07 7.001994e-05 8.6850135e-21 1.3810826e-05 2.2961072e-05 0.0027309214 0.00028430077 0.026603352 0.00014466273 4.4453486e-06 0.026898019 0.0027000746 0.0004500787 0.54507685 0.26164746 0.46352193 0.004313771 3.9718415e-07 0.00086433033 0.71378005 0.00041026823 0.0013564475 0.002277431 0.37926 7.773559e-05 5.4204023e-08 1.1145367e-05 2.2064985e-05 1.6727285e-05 0.00042363926 4.7405925e-07 0.00012256589 0.15685807 3.4427503e-06 2.944731e-05 0.000115121125 4.921404e-05 0.008096791 7.5623735e-05 8.6391454e-05 2.1838265e-07 3.1127108e-08 0.020354364 0.013180514 0.0073325494 3.720941e-05 0.00014809726 0.00052785344 3.007922e-06 1.3842523e-09 0.015256062 0.00055334845 3.0498168e-08 0.00055936334 1.6319598e-07 7.433498e-08 0.00027887078 0.0051690363 7.050776e-05 0.0021143688 0.001223502 0.0097270515 0.003210342 4.225302e-07 0.007510808 6.77802e-07 0.0006640111 0.00027814833 0.00021474418 0.00013049884 0.0066900277 0.0010303741 0.0019015541
