2.0401398e-34 0.09706702 0.34152263 0.048750084 0.0956249 0.012465541 0.11935625 0.620557 0.002952005 0.30228877 0.50961626 0.030340558 0.036029913 0.038846605 0.0292551 0.7673101 0.006952124 0.7753603 0.7354402 0.83702755 0.40802878 0.06703132 0.92495424 0.57619613 0.64795065 0.7156464 0.002887389 0.8330217 0.010499858 0.019816486 0.09005836 0.005264531 0.018906264 0.009989838 0.0053182407 0.004078132 0.0218307 0.49596888 0.0022601497 0.8141023 0.38204458 0.002221744 0.0008747336 0.96933377 0.55813617 0.8335589 0.6415137 0.24069096 0.06622791 0.14414765 0.9451246 0.711477 0.0016511868 0.0022067754 0.61282676 0.00023286421 0.723871 0.022970624 0.003926746 0.38122758 0.6392544 0.055850066 0.048695967 0.99714744 0.21477497 0.70948607 4.1974978e-05 4.877981e-07 0.00019770884 0.007209124 0.67643815 2.2004129e-07 0.8992039 1.6270733e-06 0.9992135 0.9986596 0.00019553688 0.00017561996 0.9971036 0.13126434 0.99656105 6.727403e-05 0.9982722 4.823264e-06 0.9785115 0.007664268 5.3403505e-07 0.99987274 4.874279e-07 8.2092066e-07 0.54615027 0.99681354 0.76124173 2.797031e-08 0.18943186 2.2439791e-07 0.0033360631 0.0019663488 0.9077231 0.9798316 0.98769355
0.09706702 2.863904e-21 0.33551517 0.15814409 0.8077377 0.19806474 0.022646498 0.51228625 0.091484964 0.0031084337 0.0016094837 0.005622455 0.024483535 0.21334444 0.008694184 0.0027374846 0.07241632 0.38551942 0.0028835875 0.04093546 0.009513721 0.079762876 0.00073929026 0.009640661 0.0014690357 0.0005669512 0.0075755045 0.009115982 0.020156587 0.0019685316 0.0012048885 0.0008558214 4.0288563e-05 0.04603599 0.018266482 0.0004893131 2.6895439e-05 0.03829976 0.0075741895 0.0005618346 0.00010100715 0.00033849 0.0027467015 0.0025319706 0.00026566573 0.0010161211 0.000113918475 4.5499924e-05 0.0061690724 3.7151935e-05 0.0008478451 0.0005399049 6.2423904e-05 3.0435324e-06 5.501849e-05 0.0008215179 0.0062812897 2.481111e-06 0.003629344 5.758881e-05 1.5655784e-06 1.3534127e-06 0.0038984143 0.0115848025 4.208597e-07 0.00064887863 9.305329e-05 0.000100625155 0.0003761944 0.0011423352 5.867533e-07 0.00020521013 3.52803e-05 2.600471e-05 0.0020842534 0.011109955 1.1112566e-06 3.4501275e-07 0.008789629 1.6992881e-06 0.0008088671 8.806123e-06 0.0069776867 1.1029331e-05 0.024508916 3.3677302e-06 7.0657024e-06 0.002325199 8.402184e-05 2.3605128e-06 0.00013553696 0.018960582 0.014729455 4.0805808e-06 0.013080587 1.8408615e-05 1.1262032e-07 1.3472601e-07 1.0747669e-05 1.2218095e-07 4.4177825e-05
0.34152263 0.33551517 8.769704e-22 0.9551857 0.17674686 0.122281045 0.10489334 0.5129942 0.069064565 0.05546004 0.034075994 0.027025243 0.061264634 0.02468514 0.03570827 0.030351076 0.049535688 0.09511503 0.025561988 0.2649269 0.05982382 0.00133614 0.026936326 0.060403623 0.016803192 0.030522224 0.025662359 0.12862517 0.0001859846 0.013929531 0.01948701 0.014823676 0.0052316734 0.0027196778 0.0015257793 0.011436276 0.0024854452 0.005673382 0.038500644 0.010579999 0.003029849 0.0052064066 0.006976565 0.026037296 0.0018317141 0.013650298 0.0015283184 0.0023859101 0.00067310105 0.00044703233 0.0147842 0.0066115186 0.00044470045 0.0002175183 0.0017089506 0.00010575821 0.001627428 2.7967682e-05 0.0008131209 0.00066740165 3.588325e-05 0.00023269793 0.0009799757 0.18194138 5.1889624e-06 0.0053529157 0.0004961953 7.374957e-05 0.0001350911 0.00039545048 2.1609567e-05 1.1751304e-05 0.0011515951 4.1595573e-05 0.016743246 0.04473447 8.396525e-06 2.6349878e-06 0.035771627 3.2101398e-05 0.0035741772 0.00015905696 0.012839861 1.117252e-06 0.025563156 2.1407055e-05 4.384687e-05 0.03598071 1.3168886e-05 4.1192816e-06 0.0007029533 0.03277598 0.011131643 5.215754e-06 0.010665877 2.4064788e-05 1.7244881e-06 2.2897843e-06 9.7897144e-05 1.0433035e-05 0.000724657
0.048750084 0.15814409 0.9551857 4.6893363e-24 0.07586316 0.05563975 0.28988603 0.33580235 0.09981835 0.052391507 0.038220845 0.07746457 0.049060296 0.008178362 0.036734253 0.0542838 0.023075277 0.07865506 0.10465697 0.21636695 0.09563136 0.0006009852 0.10239059 0.17930895 0.10882752 0.06869788 0.025480865 0.0725447 3.5087734e-05 0.015127309 0.024166258 0.0127042215 0.0071244617 0.0010722163 0.00035527718 0.010475692 0.003234492 0.0031136079 0.010389933 0.046351682 0.018804422 0.0035780903 0.0016716705 0.05462033 0.007229662 0.042154755 0.0041070376 0.0045174058 0.00045907765 0.0010162137 0.049098033 0.037438393 0.00014009512 4.1211108e-05 0.0025494343 2.2404274e-05 0.0009867457 2.6903057e-05 0.00041026765 0.0037211508 0.00021779625 0.00014814643 0.00061598956 0.113717265 4.7969534e-05 0.010737452 2.5137153e-05 2.2777804e-05 3.0349862e-05 0.00013233651 0.00016172453 5.573584e-06 0.0038064136 6.8951704e-06 0.03033314 0.04891658 1.3777642e-06 1.3222707e-07 0.043297213 3.6923226e-05 0.0093001975 1.0273391e-05 0.023364088 1.4631347e-07 0.017746583 3.0242296e-05 5.9237605e-06 0.018923355 3.3628837e-06 1.464033e-06 0.0004571784 0.01639386 0.00499928 2.1031377e-07 0.0036875033 1.9390838e-05 3.1001678e-06 2.4135084e-06 0.00015268972 3.9588365e-05 0.0014020939
0.0956249 0.8077377 0.17674686 0.07586316 8.555647e-22 0.17404608 0.00803511 0.5988395 0.04152408 0.00075665896 0.00035024178 0.0018350352 0.012837607 0.3512765 0.0050691427 0.0006663351 0.04959695 0.69748616 0.0016589833 0.026779193 0.011167791 0.12940365 0.00065535423 0.008663028 0.001112107 0.00018441692 0.0021116554 0.011769357 0.037077446 0.0008971133 0.000993112 0.00042392156 6.3498184e-05 0.050961707 0.023521457 0.00021154842 5.2234023e-05 0.068723686 0.0026544202 0.0002913777 0.00017417768 0.0002192076 0.0017972279 0.0017247605 0.00012368386 0.00038268292 3.7993126e-05 0.00015696824 0.008459794 0.00013391115 0.00018843714 0.00040044903 0.00011488588 7.5542684e-06 2.8964738e-05 0.0014210897 0.011105221 1.3673651e-05 0.0040298095 3.1204283e-05 9.129822e-07 8.784406e-06 0.006428946 0.0059223035 7.7129175e-07 0.00053206243 3.266394e-05 2.620467e-05 0.00048641517 0.003000373 1.5757679e-07 6.4946e-05 1.8127676e-05 5.397298e-06 0.0022312216 0.011549022 3.201959e-06 2.5294146e-06 0.008703454 7.617608e-07 0.001338387 1.989034e-05 0.008475344 0.000112535134 0.0153366 1.4953271e-05 5.648294e-06 0.0029675085 8.4787345e-05 1.9261352e-06 4.1983305e-05 0.010008653 0.012045845 4.072067e-06 0.022639362 7.847805e-06 2.8813318e-07 1.0276267e-06 3.1324278e-06 2.9623108e-08 5.210576e-05
0.012465541 0.19806474 0.122281045 0.05563975 0.17404608 2.2698837e-23 0.009086605 0.13777089 0.6354297 0.0040075947 0.005053145 0.0050666053 0.056487907 0.68944454 0.021626906 0.0066623376 0.77393246 0.13049111 0.0035962951 0.011560323 0.0028044018 0.01958085 0.00041288725 0.0038947857 0.0008416524 0.0025979243 0.03418876 0.0027422258 0.008763268 0.016366959 0.010333711 0.011731341 0.0012118027 0.0490303 0.11798175 0.008787991 0.0011997035 0.011968689 0.11136098 0.00052320695 0.0006610062 0.004201479 0.1371116 0.0006630936 0.00043240533 0.00024199963 0.00046610922 0.00038339305 0.0033663705 0.0008250429 0.0001624334 0.00037531822 0.0013995437 1.735179e-05 0.00012053137 0.0005494764 0.0028388505 6.490142e-05 0.0014833305 0.0001757565 5.5249948e-05 1.9954025e-05 0.0014432038 0.00062625116 5.5609057e-06 0.0007455756 0.0064593363 0.012819373 0.0006766919 0.0007379228 1.0228227e-05 0.0039416524 2.2593476e-05 0.0044125016 0.0026561497 0.0010737752 2.1990127e-06 1.0531969e-06 0.0011209715 1.6605929e-05 0.0014071473 2.6495693e-05 0.011878244 0.004835109 0.0049015633 5.128402e-06 2.723753e-05 8.411517e-05 0.0016101822 1.4698708e-06 0.000108685585 0.00434509 0.004985824 0.00034533814 0.007169905 1.5395502e-05 7.56647e-07 3.8671922e-07 1.5132177e-05 2.0863083e-06 0.00012478072
0.11935625 0.022646498 0.10489334 0.28988603 0.00803511 0.009086605 2.1698708e-19 0.09149321 0.020056091 0.9159719 0.46209276 0.5632311 0.097669296 0.000667129 0.09587175 0.20801477 0.0014252111 0.01453603 0.22613998 0.09630337 0.096638344 0.00026709982 0.33189148 0.70271873 0.16994807 0.09356274 0.037167825 0.101092875 1.4191742e-05 0.048589338 0.044948667 0.036278855 0.020717833 0.0005807839 5.8996786e-05 0.019690942 0.0044151386 0.0014481705 0.008949194 0.08281995 0.020521758 0.0024955405 0.002012133 0.108748525 0.017785238 0.057865545 0.01015905 0.018569773 0.0006869377 0.002950152 0.07198541 0.032382023 0.00017250114 0.00021348166 0.007365669 9.46011e-05 0.0005395256 0.0006968768 0.0007413859 0.0066397535 0.00046366968 7.7937875e-05 0.0007750719 0.21840127 6.952336e-05 0.016547259 3.256739e-05 2.7710962e-06 5.2140156e-05 7.0262824e-05 0.0005502148 2.9417174e-06 0.008062167 7.44032e-06 0.07244354 0.07177619 9.845531e-06 3.11495e-06 0.05966336 4.830876e-05 0.021625383 1.0382345e-05 0.06045327 3.6265167e-08 0.008373272 0.00012411727 3.042109e-05 0.064807385 3.3830363e-06 3.7282156e-05 0.0020416842 0.01842257 0.0028583084 1.9972873e-07 0.0024719534 0.00026732485 3.0531987e-06 1.7959523e-05 0.0020642208 0.000104079176 0.008809109
0.620557 0.51228625 0.5129942 0.33580235 0.5988395 0.13777089 0.09149321 1.0783517e-19 0.07905128 0.02253159 0.011191508 0.021463426 0.04882028 0.08708571 0.018232547 0.0059783435 0.039468832 0.9301903 0.010106887 0.3132898 0.23695372 0.06515561 0.01889778 0.07790071 0.010574431 0.001454711 0.012413315 0.15039976 0.011923324 0.0036536134 0.004017605 0.0034124034 0.0003273537 0.0179502 0.0052040457 0.0034863309 0.00043693007 0.12744662 0.006759144 0.0023380362 9.347346e-05 0.00084756094 0.0019201958 0.040467747 0.00038461253 0.0054809535 8.4766e-05 0.0001688845 0.010080242 0.00013621687 0.008484373 0.0033289935 0.00019007869 3.445876e-05 7.7774894e-05 0.0007107567 0.017380685 2.8052402e-06 0.0063474206 5.245126e-05 2.8137335e-06 3.4652219e-06 0.007845366 0.16104467 1.8564037e-07 0.0017334532 9.253675e-05 2.0418262e-05 0.00012867773 0.0012561824 1.7693948e-06 9.3222676e-05 0.000106405896 1.4691275e-05 0.0054813083 0.04484539 1.6362814e-05 1.1273509e-05 0.055732384 3.5798873e-06 0.0006813108 5.347241e-05 0.006848063 2.6476935e-06 0.09208885 7.299105e-06 1.6797336e-05 0.016740324 4.978068e-05 7.5531652e-06 2.3746099e-05 0.10340112 0.02383495 1.7206055e-05 0.016111946 2.8272243e-05 9.940115e-07 1.2989033e-06 5.386341e-06 1.6573797e-07 4.269104e-05
0.002952005 0.091484964 0.069064565 0.09981835 0.04152408 0.6354297 0.020056091 0.07905128 1.03788997e-22 0.008598755 0.0086973645 0.013405644 0.19782649 0.09368819 0.08928856 0.011700882 0.65243345 0.01116804 0.007972334 0.009976529 0.0020633251 0.0015545889 0.0008158477 0.003781138 0.002423024 0.020895325 0.42759773 0.0026162718 0.00041822222 0.08283384 0.043698933 0.18070076 0.01824694 0.007836781 0.019061305 0.23670608 0.018201534 0.0012741995 0.5054409 0.00035947486 0.0019823832 0.09471957 0.5737337 0.00078647677 0.0008611569 0.0008988822 0.00064206077 0.007365694 0.001385911 0.0019431157 0.00035510698 0.00097533246 0.078676865 0.004511363 0.00037995822 9.102168e-05 0.00059539743 0.00019798205 0.00085682585 0.00017048184 3.173022e-05 7.9814505e-05 0.0011392983 0.0012082696 1.3408194e-05 0.0029353995 0.086968504 0.008686625 0.00055631046 0.00058419665 2.387772e-05 0.0023759285 0.00020693366 0.0046028323 0.004339688 0.0026260936 4.6445784e-06 6.93437e-07 0.001200029 3.5230507e-05 0.0019465776 0.0012528689 0.0071623567 0.0007613999 0.00267056 1.6623582e-05 0.00045986945 9.236561e-05 0.0007003777 0.00014869349 7.3690586e-05 0.002445292 0.002895604 0.00049060385 0.012398755 0.0006954086 1.2334691e-05 3.3438234e-06 7.5516786e-05 4.037191e-05 0.0006450736
0.30228877 0.0031084337 0.05546004 0.052391507 0.00075665896 0.0040075947 0.9159719 0.02253159 0.008598755 2.8875143e-19 0.79760647 0.62621385 0.21291971 0.000100643294 0.21233986 0.46382377 0.0013952524 0.0015751107 0.19754574 0.062208246 0.02540326 2.843566e-06 0.34346062 0.22244729 0.1364849 0.19311823 0.042287003 0.05834854 6.2454023e-07 0.062441155 0.08064909 0.043566555 0.031023346 9.727e-05 1.134309e-05 0.029347435 0.023292 6.765364e-05 0.022145435 0.074594796 0.018867997 0.019225555 0.0027961018 0.08914453 0.0056090127 0.043489467 0.005422934 0.015332315 9.91924e-06 0.0039078426 0.10298421 0.018076526 0.0014512863 0.00091934827 0.004738094 4.911928e-05 2.3991619e-05 0.00061071315 3.7231563e-05 0.0022032396 0.00022567282 0.00022222623 3.733446e-05 0.11624101 3.2697037e-05 0.0056789005 6.728732e-05 4.974223e-07 3.716646e-05 1.0294128e-06 0.0002217554 6.586716e-07 0.0065886863 2.8718878e-06 0.05004138 0.020470371 2.180243e-05 1.5102534e-05 0.013951681 8.161684e-05 0.016557457 0.000116986776 0.034646492 1.6677228e-08 0.0005092449 7.508283e-05 2.6528156e-05 0.06768429 1.8070309e-06 3.607375e-05 0.0016229945 0.0024513602 0.00035077328 4.0068426e-07 0.00040922334 7.9486206e-05 2.7971669e-06 9.144318e-06 0.000579308 0.00020456573 0.0032475586
0.50961626 0.0016094837 0.034075994 0.038220845 0.00035024178 0.005053145 0.46209276 0.011191508 0.0086973645 0.79760647 2.008424e-21 0.87295 0.28293097 9.6495365e-05 0.27106702 0.8500148 0.0034557295 0.000860135 0.32948044 0.03260746 0.015773775 4.755463e-07 0.29044682 0.1523471 0.17193323 0.36767444 0.08389416 0.034151 1.0139343e-07 0.10078356 0.16193034 0.09134112 0.061832365 3.0181847e-05 4.814532e-06 0.05860271 0.055423655 2.9803774e-05 0.042124983 0.1066096 0.036763813 0.04365035 0.0047138482 0.0792253 0.011024596 0.05793781 0.010073242 0.035489865 2.0802647e-06 0.0070839403 0.13448234 0.024307393 0.0059562265 0.002834276 0.006927441 2.2248056e-05 9.850369e-06 0.00089191936 1.7659078e-05 0.0027388048 0.00059632794 0.0007571358 9.496035e-06 0.11674221 9.887926e-05 0.0069820904 6.367659e-05 3.4447453e-07 2.4353682e-05 9.2040517e-07 0.0007711388 3.7908723e-07 0.011976441 1.6652625e-06 0.044936944 0.015512929 3.4835102e-05 1.8992805e-05 0.0087374365 0.00019204365 0.017324723 0.00023554105 0.028202217 1.031271e-08 0.00074402074 0.00010298381 2.1930178e-05 0.048185267 6.027496e-07 6.59585e-05 0.0018721714 0.0024845696 0.0004687446 3.9963825e-07 8.551495e-05 5.496892e-05 4.1498442e-06 8.18447e-06 0.00087655534 0.00032935277 0.0031351147
0.030340558 0.005622455 0.027025243 0.07746457 0.0018350352 0.0050666053 0.5632311 0.021463426 0.013405644 0.62621385 0.87295 2.4682088e-21 0.10981581 0.0006483319 0.14060529 0.58831125 0.0019708085 0.004957566 0.28536865 0.033428766 0.04112592 0.00010163289 0.23859945 0.23946302 0.25674558 0.14179018 0.04261003 0.044212185 6.7299857e-06 0.058404375 0.043786276 0.046353232 0.037285827 0.00028255896 4.911216e-05 0.029859895 0.023999946 0.00070376694 0.014112647 0.13599217 0.06127162 0.012036923 0.0037586212 0.07520287 0.028255178 0.07423507 0.021339435 0.030961549 0.00018488536 0.008754042 0.09647214 0.046317782 0.0005364452 0.0007838168 0.011862209 7.271117e-05 0.00021158493 0.0039072707 0.00011286907 0.012981659 0.0023551558 0.0013493833 0.00023447804 0.08150938 0.0008204965 0.014678657 2.633105e-05 2.8843517e-06 6.340983e-05 3.0118588e-05 0.0010574802 7.682565e-06 0.008387438 1.5139698e-05 0.06249684 0.020502819 7.8909165e-05 4.467855e-05 0.015837725 0.0007373993 0.020728119 5.8088717e-05 0.04818362 7.549882e-08 0.0016169307 0.0006112865 7.6044715e-05 0.0248446 3.815443e-06 0.000117654854 0.003174655 0.0028561992 0.0009645185 2.0683845e-07 0.00064317515 0.00030853672 1.837294e-05 0.00015172877 0.0025159637 0.00044062771 0.009071396
0.036029913 0.024483535 0.061264634 0.049060296 0.012837607 0.056487907 0.097669296 0.04882028 0.19782649 0.21291971 0.28293097 0.10981581 8.163263e-22 0.0025617224 0.8660873 0.2266237 0.031140365 0.009412508 0.12088443 0.031986237 0.012401694 0.00019542074 0.07493047 0.051675234 0.07807227 0.35983485 0.39951283 0.024251243 2.4137098e-05 0.30959213 0.29492214 0.26925924 0.15708096 0.00061496475 0.00025585963 0.22770946 0.15848301 0.0006950138 0.17136286 0.021861413 0.017715324 0.12295345 0.044474214 0.020383103 0.016173394 0.01434355 0.014668743 0.035392646 0.00044248038 0.012771198 0.018181574 0.011320488 0.048978966 0.036696937 0.006796369 0.00017710004 0.0002721477 0.0035550245 0.0008064216 0.006968682 0.0025995737 0.0042829183 0.0008841648 0.011619074 0.00038751194 0.009436656 0.009328072 7.727643e-05 0.0007732682 0.0003318606 0.0005636187 1.7255272e-05 0.0032237845 8.909463e-05 0.017314954 0.004465157 0.00012166278 3.44948e-05 0.004857852 0.00057327544 0.007038949 0.007598481 0.020577827 7.877671e-06 0.001865989 0.00013866725 0.00021682223 0.0020435913 5.670842e-05 0.0006664339 0.0018325668 0.0017447853 0.0017939692 1.719759e-05 0.0007845272 0.0008063528 1.8249182e-05 3.8699123e-05 0.0007013903 0.00029150696 0.0026938145
0.038846605 0.21334444 0.02468514 0.008178362 0.3512765 0.68944454 0.000667129 0.08708571 0.09368819 0.000100643294 9.6495365e-05 0.0006483319 0.0025617224 2.8858222e-24 0.00096198637 0.00037382718 0.5820859 0.34273928 0.00012304772 0.0030070003 0.0008699799 0.49168098 4.508272e-05 0.0006375963 7.535218e-05 0.00013619153 0.00059086963 0.0008825489 0.46876663 5.647683e-05 5.271378e-05 2.0913532e-05 1.480974e-06 0.6930104 0.74783045 2.1057469e-05 1.3017603e-06 0.20449832 0.0012166487 0.00019405536 0.00017810831 4.0231525e-06 0.0047591696 0.00013774174 4.2751213e-05 0.00011101222 2.1665692e-05 3.0305238e-05 0.21089087 2.6401505e-05 4.055973e-05 0.00013361164 3.103315e-06 2.550443e-07 8.163765e-06 0.14649214 0.26280305 3.0974843e-06 0.038684808 2.0606527e-05 1.5363609e-06 1.3960901e-07 0.055316854 0.0001692305 1.7380606e-07 0.00016069185 5.3609024e-06 0.028677247 0.07825223 0.02785849 2.9836477e-07 0.019048925 1.7022513e-06 0.001994131 8.657035e-05 0.00022742739 2.1405482e-07 2.628832e-07 0.00020814137 1.7743525e-06 9.8326615e-05 2.5602217e-06 0.0009577503 0.20790099 0.03587188 8.2141725e-07 2.631565e-06 0.0007706904 0.015274987 6.4845885e-08 1.0153026e-05 0.01962938 0.13080569 5.1433726e-05 0.1548889 2.9667383e-06 1.4576695e-07 9.8414006e-08 6.859834e-07 2.0028711e-08 9.9233275e-06
0.0292551 0.008694184 0.03570827 0.036734253 0.0050691427 0.021626906 0.09587175 0.018232547 0.08928856 0.21233986 0.27106702 0.14060529 0.8660873 0.00096198637 9.529633e-22 0.20584588 0.0147023 0.0049254918 0.15026931 0.022022497 0.01403731 0.00010507289 0.10388676 0.07335484 0.116109714 0.39610004 0.33631384 0.020874785 7.594799e-06 0.35097453 0.31888646 0.27799112 0.17116645 0.00032448609 8.159683e-05 0.22385862 0.15663916 0.0008073851 0.13217238 0.050129768 0.041813012 0.11125499 0.029066911 0.028738253 0.025450155 0.025584925 0.022106957 0.04770734 0.00038501478 0.015860604 0.0349417 0.015567148 0.041859124 0.037831403 0.011535968 9.4704636e-05 0.00026097792 0.0056582796 0.00037988523 0.010154256 0.0046816966 0.004348898 0.00070068566 0.009227119 0.0008093509 0.009492727 0.0028551016 5.929486e-06 0.00046666426 8.450416e-05 0.0008687789 9.315456e-06 0.00325616 8.184977e-06 0.014857953 0.0042074695 0.0001707482 8.505987e-05 0.0053058513 0.0012430296 0.0065163327 0.0055286153 0.018239083 6.993891e-07 0.0010835391 0.00041974202 0.000117031086 0.0024613373 1.5078689e-05 0.0006270723 0.0023645686 0.0013872266 0.0007855087 1.0029774e-05 0.0002944244 0.0009391008 2.6822692e-05 7.3503536e-05 0.00078716903 0.00049962936 0.0026126367
0.7673101 0.0027374846 0.030351076 0.0542838 0.0006663351 0.0066623376 0.20801477 0.0059783435 0.011700882 0.46382377 0.8500148 0.58831125 0.2266237 0.00037382718 0.20584588 9.173701e-19 0.004085538 0.0005976425 0.75485206 0.014571437 0.026181467 3.8074536e-06 0.42321464 0.18063861 0.44930893 0.5690224 0.09460791 0.037241995 6.003745e-07 0.16023865 0.23319215 0.12207547 0.124582686 4.534208e-05 4.9359965e-06 0.07129952 0.10228092 8.0751866e-05 0.04252563 0.23802331 0.12697889 0.052447904 0.0023179273 0.115241416 0.0469509 0.12307244 0.042919457 0.13181184 9.1988095e-06 0.032009315 0.22046678 0.07620644 0.007804666 0.011002759 0.028473698 3.693608e-05 3.09959e-05 0.008267292 3.3175187e-05 0.015050043 0.0072048176 0.0072486955 2.142329e-05 0.13187149 0.0014403851 0.026749406 4.8307746e-05 3.3614056e-06 3.7540285e-05 5.3007907e-06 0.0027918424 1.7656408e-06 0.032940596 4.223959e-06 0.10204991 0.023803791 0.0003618937 0.0001953747 0.012005218 0.0012538718 0.04732706 0.00021019277 0.07984987 3.2943692e-08 0.00077550486 0.0010665648 2.0525036e-05 0.06446055 7.4160954e-07 8.5189764e-05 0.0040937616 0.0033719386 0.0005470971 5.505013e-07 0.0003170803 0.00010063428 8.123269e-05 0.00022965597 0.0036273233 0.0037463377 0.0062771095
0.006952124 0.07241632 0.049535688 0.023075277 0.04959695 0.77393246 0.0014252111 0.039468832 0.65243345 0.0013952524 0.0034557295 0.0019708085 0.031140365 0.5820859 0.0147023 0.004085538 3.2485539e-25 0.02741036 0.0014120998 0.0030190411 0.0010320725 0.00603187 6.20605e-05 0.00037953164 0.0003924086 0.0009768583 0.028614463 0.001522638 0.0021132138 0.011152699 0.0101316115 0.0101233395 0.0011885597 0.023002954 0.10405767 0.0111996755 0.0023315365 0.0033964703 0.20114227 0.00033875692 0.000609188 0.010519156 0.28335482 5.0834504e-05 0.00036532927 0.0001487105 0.00038865148 0.00016508199 0.0024915147 0.0007222973 2.0918062e-05 0.0002515328 0.0033805503 0.00010980421 5.7110527e-05 0.00020643181 0.0027122584 6.945695e-05 0.001035468 0.000118866235 2.9180777e-05 1.2191731e-05 0.0016556326 3.937071e-05 8.078248e-06 0.000662405 0.074618936 0.06643566 0.0025503547 0.00067978003 3.0346343e-06 0.023496628 1.3294072e-05 0.03383673 0.00014156481 0.0001412902 6.3766556e-06 5.065532e-06 0.00011289373 1.6686226e-05 0.00021056575 0.00015953626 0.0030406227 0.03467371 0.005781297 2.3866882e-05 0.00037911686 3.7084267e-06 0.01748088 9.214157e-06 4.6727524e-05 0.012941564 0.015215646 0.0033230842 0.008414529 0.0001000326 2.3024563e-06 2.0521659e-06 1.8214425e-05 1.627171e-06 8.114009e-05
0.7753603 0.38551942 0.09511503 0.07865506 0.69748616 0.13049111 0.01453603 0.9301903 0.01116804 0.0015751107 0.000860135 0.004957566 0.009412508 0.34273928 0.0049254918 0.0005976425 0.02741036 1.0415927e-18 0.000675158 0.08112525 0.065751694 0.36072114 0.0013172001 0.014378488 0.0011671572 0.00067540206 0.0010079695 0.03039427 0.08954357 0.0013663106 0.0028030006 0.001256588 0.0002392154 0.061832678 0.019657947 0.00086248387 0.00035072077 0.63405573 0.0029910724 0.0003779357 6.64274e-05 0.0012370627 0.0009839393 0.0053809765 9.0353744e-05 0.0005764352 3.339224e-05 0.00023277783 0.03839856 5.93346e-05 0.0006899588 0.00062619586 0.00041278295 4.8320413e-05 4.100795e-05 0.0029280826 0.07251531 8.744929e-06 0.023743957 4.0698134e-05 5.3303324e-07 1.9033294e-05 0.030632166 0.026206149 1.3712173e-07 0.0005714404 0.00025912852 0.00010696302 0.0012475686 0.0075259726 1.9153123e-07 0.00019884546 1.1456207e-05 4.2147825e-05 0.001978657 0.020979026 1.5560483e-05 2.8709717e-05 0.018233258 1.1482529e-06 0.00046517956 0.00077565905 0.0041515823 0.00017831124 0.062020216 6.135856e-06 7.6740616e-05 0.0058354544 0.0003633555 8.92939e-06 1.1328019e-05 0.03544581 0.036097407 0.00013974165 0.032447178 7.2733914e-05 5.0357386e-07 1.4828934e-06 1.6671902e-06 1.1167022e-08 1.8802382e-05
0.7354402 0.0028835875 0.025561988 0.10465697 0.0016589833 0.0035962951 0.22613998 0.010106887 0.007972334 0.19754574 0.32948044 0.28536865 0.12088443 0.00012304772 0.15026931 0.75485206 0.0014120998 0.000675158 4.729557e-18 0.011857017 0.0419471 2.2513228e-05 0.59548646 0.29617578 0.85582227 0.5688108 0.036508534 0.041494504 5.5765404e-06 0.1334419 0.19581278 0.07657046 0.11938357 0.000170909 1.6417775e-05 0.03279506 0.06300045 0.000111849185 0.0100321565 0.6513114 0.34635636 0.0147459 0.00041424975 0.14712936 0.20719852 0.29531592 0.16954708 0.27433562 0.00012935184 0.042367768 0.33660632 0.25998893 0.0008043517 0.003455894 0.12711264 5.481795e-05 6.0072736e-05 0.017323105 0.00017107843 0.08975216 0.021891242 0.01178707 7.42129e-05 0.17776705 0.005975576 0.14771643 5.1031884e-06 7.0351493e-06 4.7570957e-05 2.4574154e-05 0.0060745133 3.4586483e-06 0.079212725 1.2089993e-05 0.2291232 0.029501267 0.00032883207 0.00017660939 0.014990111 0.0031942597 0.1802057 5.3006566e-05 0.18514453 2.5865742e-08 0.0012888376 0.0030966706 3.941489e-05 0.17288902 2.4813573e-06 1.8732831e-05 0.015954234 0.005964497 0.00090840575 9.355657e-07 0.0014520248 0.00015062183 0.00015290566 0.0006340874 0.008968414 0.00618527 0.028241016
0.83702755 0.04093546 0.2649269 0.21636695 0.026779193 0.011560323 0.09630337 0.3132898 0.009976529 0.062208246 0.03260746 0.033428766 0.031986237 0.0030070003 0.022022497 0.014571437 0.0030190411 0.08112525 0.011857017 3.554821e-19 0.9423914 0.0010817864 0.050550815 0.2090046 0.009551712 0.011139182 0.008657899 0.88552016 8.321238e-05 0.006995787 0.0077946093 0.005142198 0.001998692 0.00072436227 0.00019355079 0.002997343 0.0013368938 0.004796954 0.00595077 0.007788449 0.00035817808 0.0012837437 0.0014183839 0.15308592 0.00047479817 0.008913391 0.00037719935 0.0005759719 0.00066648104 0.00045043317 0.017365018 0.005295541 0.0010794383 0.00019518791 0.0007111914 5.0218216e-05 0.0012719721 6.8288723e-06 0.00068395707 0.0002254003 3.5887493e-05 5.024523e-05 0.0012770796 0.46304116 6.4223186e-06 0.0026389374 0.00045427846 3.0222905e-06 1.5581021e-05 0.00012861319 8.4562325e-06 8.345942e-06 0.0009611042 2.9239288e-06 0.030944746 0.18657605 2.5754522e-05 5.674807e-05 0.1963253 6.2059107e-06 0.0031036644 0.0003771587 0.01388824 2.3432501e-07 0.026187668 2.8595825e-05 2.6285288e-05 0.10387368 3.7631348e-06 3.595347e-05 4.469389e-05 0.043287966 0.004804156 2.6036412e-06 0.0112846 3.449924e-05 1.9043687e-06 4.584159e-06 9.371307e-06 1.2913861e-06 0.00035279995
0.40802878 0.009513721 0.05982382 0.09563136 0.011167791 0.0028044018 0.096638344 0.23695372 0.0020633251 0.02540326 0.015773775 0.04112592 0.012401694 0.0008699799 0.01403731 0.026181467 0.0010320725 0.065751694 0.0419471 0.9423914 3.9846618e-18 0.00063377037 0.09190309 0.2769877 0.049193356 0.014759399 0.0016832462 0.9189035 0.00011825058 0.0018624137 0.0033635255 0.0012182429 0.0010555824 0.0012380915 0.00020455362 0.000772062 0.00047102035 0.003722006 0.0005852221 0.029912692 0.0037415102 0.0001452982 0.0001428393 0.17665447 0.002535478 0.028035784 0.0011960142 0.0011108143 0.00090490864 0.00096013164 0.044904422 0.019810729 4.8327787e-05 0.00017049826 0.0014804715 0.00014722714 0.002152408 0.0001035187 0.0006447366 0.0015260573 0.00011912019 0.00025262783 0.00082519866 0.42666647 3.2273543e-05 0.0081405165 7.824239e-05 2.8820396e-06 2.839446e-05 0.00013027503 5.0601266e-05 2.1185619e-05 0.0017061391 4.291819e-06 0.06417632 0.17738931 6.253765e-05 8.5968444e-05 0.16760945 3.4773235e-05 0.0074290084 4.0669773e-05 0.029109584 7.555286e-07 0.014743475 0.00030331503 3.1089094e-05 0.06408394 3.1242576e-05 0.00016711268 0.000347404 0.02836994 0.004228048 2.135505e-06 0.004233297 0.00021740861 2.0092564e-05 2.9676114e-05 8.889086e-05 6.514416e-06 0.0009651102
0.06703132 0.079762876 0.00133614 0.0006009852 0.12940365 0.01958085 0.00026709982 0.06515561 0.0015545889 2.843566e-06 4.755463e-07 0.00010163289 0.00019542074 0.49168098 0.00010507289 3.8074536e-06 0.00603187 0.36072114 2.2513228e-05 0.0010817864 0.00063377037 2.7609826e-23 5.271014e-06 0.00035227212 2.6857402e-05 8.307294e-06 7.1179726e-05 0.0006298899 0.8763973 1.8239472e-05 1.2618868e-05 2.103846e-05 1.8554827e-06 0.52830774 0.12847802 1.7191212e-05 2.4262517e-06 0.69497186 0.000279899 4.2317348e-05 3.685761e-05 9.56482e-06 0.0002147405 0.00025392807 3.784316e-05 6.163894e-05 1.5344096e-05 1.3400729e-05 0.67324775 7.575146e-06 3.813066e-05 6.9381545e-05 3.500733e-06 3.8326107e-07 3.480427e-06 0.09417019 0.52812654 5.5567835e-07 0.24497104 4.588791e-06 1.8962866e-07 3.2928887e-07 0.30825904 0.00050115836 4.1407276e-08 4.9853603e-05 1.7754519e-05 1.0579559e-05 0.022631023 0.23886505 4.0936495e-08 5.2732237e-05 3.2848354e-06 9.489891e-07 0.00031844733 0.00071842124 3.9919408e-07 1.15453545e-07 0.0006440504 9.889137e-08 7.317851e-05 4.7636945e-06 0.00111045 0.0022189766 0.015690254 3.0185154e-07 1.2002102e-06 0.0008598058 0.0001777269 2.2129205e-08 1.2238567e-06 0.0048783347 0.022450363 2.87628e-07 0.14503255 8.293864e-07 5.5938408e-08 2.0037538e-08 4.401329e-08 3.5526615e-10 3.0886602e-07
0.92495424 0.00073929026 0.026936326 0.10239059 0.00065535423 0.00041288725 0.33189148 0.01889778 0.0008158477 0.34346062 0.29044682 0.23859945 0.07493047 4.508272e-05 0.10388676 0.42321464 6.20605e-05 0.0013172001 0.59548646 0.050550815 0.09190309 5.271014e-06 1.36925275e-17 0.7880941 0.70248556 0.3362283 0.008930561 0.13865212 8.0138733e-07 0.032999888 0.058772977 0.012179536 0.017804991 0.00017078892 3.7081402e-06 0.0034965845 0.003396982 0.00021320883 0.0013773044 0.53741956 0.06751055 0.00047667124 4.6033056e-05 0.39859903 0.08691072 0.49300724 0.07591661 0.08708912 7.287048e-05 0.0075021526 0.7140001 0.3332713 5.578394e-05 0.00015141828 0.072287515 4.1312003e-05 0.00020225265 0.00043624226 0.00014811564 0.023175906 0.0027632902 0.0010012452 0.00016165127 0.7198349 0.0005825882 0.12828813 2.206218e-06 1.0649248e-06 2.4250128e-05 5.8237347e-06 0.0017877003 1.0649552e-06 0.09121997 2.6983314e-06 0.590053 0.3971696 5.763293e-05 5.7000994e-05 0.32436556 0.000540667 0.2839606 3.7424413e-06 0.41163594 2.3278735e-08 0.0061307503 0.00021661306 1.8310974e-06 0.62098116 1.7737806e-06 2.523124e-06 0.004959157 0.053364474 0.0022859434 1.2218247e-07 0.0029128704 8.011998e-06 5.9229246e-06 1.2781212e-05 0.0037383875 0.0036533414 0.013181439
0.57619613 0.009640661 0.060403623 0.17930895 0.008663028 0.0038947857 0.70271873 0.07790071 0.003781138 0.22244729 0.1523471 0.23946302 0.051675234 0.0006375963 0.07335484 0.18063861 0.00037953164 0.014378488 0.29617578 0.2090046 0.2769877 0.00035227212 0.7880941 2.560807e-16 0.3958272 0.10908643 0.011241462 0.4051351 5.189891e-05 0.02182372 0.023526771 0.009729018 0.010295706 0.0018218395 0.00021412128 0.0034548743 0.0018461051 0.006934504 0.0022643642 0.19540447 0.041937664 0.00074509793 0.00018091414 0.8887312 0.047591567 0.17672256 0.0307994 0.046344228 0.0022435281 0.004597787 0.30944926 0.12250836 7.8663696e-05 0.00035713403 0.030289838 0.0003939781 0.0047225435 0.0014961567 0.0006732753 0.018528096 0.0029102364 0.0029144941 0.002622812 0.5069467 0.0006466658 0.042247195 2.608954e-05 1.5330961e-05 5.0922525e-05 4.4902892e-05 0.0012164057 3.807913e-05 0.018258749 1.2608439e-05 0.2238802 0.27191326 5.7003057e-05 2.261219e-05 0.27175766 0.00038381558 0.047581173 4.1151332e-05 0.11405071 4.954273e-07 0.019992314 0.0003583178 1.4973935e-05 0.26522037 2.3459714e-05 0.00015019122 0.0027324064 0.12069865 0.0039051548 1.907814e-07 0.008168599 0.00017960883 1.5203868e-05 4.9227652e-05 0.0026134914 0.00036008543 0.0071425927
0.64795065 0.0014690357 0.016803192 0.10882752 0.001112107 0.0008416524 0.16994807 0.010574431 0.002423024 0.1364849 0.17193323 0.25674558 0.07807227 7.535218e-05 0.116109714 0.44930893 0.0003924086 0.0011671572 0.85582227 0.009551712 0.049193356 2.6857402e-05 0.70248556 0.3958272 9.954583e-18 0.3912652 0.01379994 0.046640724 4.786208e-06 0.08952376 0.11804916 0.03363464 0.089522675 0.00021779875 8.008308e-06 0.009397061 0.028242847 0.00015974452 0.003108481 0.77644295 0.29320776 0.0020759713 0.00018007311 0.15361576 0.29467082 0.4128928 0.221189 0.23910508 0.00013995904 0.044775028 0.42885235 0.34452334 0.00015952911 0.0005828574 0.18198392 1.0223488e-05 0.00011679605 0.0147052305 8.738222e-05 0.12824304 0.029827015 0.004567243 0.00012619946 0.15879717 0.007077529 0.22523423 6.1002306e-06 3.5966652e-06 6.0758857e-06 2.153378e-05 0.00656741 5.6705144e-06 0.10579432 2.4246361e-05 0.33201066 0.026271777 9.668025e-05 4.225927e-05 0.016206738 0.0029456771 0.2406716 2.3331108e-05 0.28615877 2.4694776e-08 0.00081058795 0.0023415147 2.5750767e-05 0.21398263 2.0410873e-06 2.643479e-05 0.020218214 0.006166467 0.0006147275 2.3036127e-07 0.0009788637 0.00018902951 4.7560887e-05 0.00045750267 0.012619869 0.004744639 0.043629702
0.7156464 0.0005669512 0.030522224 0.06869788 0.00018441692 0.0025979243 0.09356274 0.001454711 0.020895325 0.19311823 0.36767444 0.14179018 0.35983485 0.00013619153 0.39610004 0.5690224 0.0009768583 0.00067540206 0.5688108 0.011139182 0.014759399 8.307294e-06 0.3362283 0.10908643 0.3912652 1.9772657e-19 0.26600713 0.024888042 6.3284654e-07 0.5251151 0.70293117 0.39186594 0.56362 4.5495755e-05 9.0880685e-06 0.29337043 0.53661686 8.618269e-05 0.11309128 0.32671934 0.5498216 0.21709265 0.0039297934 0.048659183 0.24680932 0.11253329 0.35382423 0.88768786 5.272429e-05 0.501207 0.18305694 0.060832582 0.05767888 0.101316825 0.153333 3.7489306e-05 0.00039860277 0.12634557 3.933858e-05 0.05957979 0.16401571 0.1571404 4.9648876e-05 0.03674471 0.07488829 0.055480592 0.0006066116 6.8203854e-06 8.3574e-05 1.3534146e-05 0.04092914 2.8264171e-06 0.09675694 1.6929836e-05 0.06490585 0.004969172 0.0029244185 0.0022202032 0.0045888 0.014788247 0.07355867 0.010480625 0.056103848 9.105401e-08 0.0019355946 0.0067491215 0.00010692886 0.01979324 9.170162e-07 0.0025461384 0.01276369 0.0035068619 0.00287224 6.0909583e-06 0.004392677 0.0014041968 0.00041154848 0.0009819848 0.009436265 0.032264557 0.01763027
0.002887389 0.0075755045 0.025662359 0.025480865 0.0021116554 0.03418876 0.037167825 0.012413315 0.42759773 0.042287003 0.08389416 0.04261003 0.39951283 0.00059086963 0.33631384 0.09460791 0.028614463 0.0010079695 0.036508534 0.008657899 0.0016832462 7.1179726e-05 0.008930561 0.011241462 0.01379994 0.26600713 7.573259e-23 0.00436014 5.570388e-05 0.5243467 0.49880642 0.7117025 0.35967672 0.00016035949 0.0005975781 0.68386835 0.45999297 0.00034068414 0.45218575 0.002548964 0.010525062 0.42647618 0.20507288 0.0023010694 0.0048152055 0.0017202586 0.0058654523 0.04222082 0.0005531912 0.019858632 0.0011365045 0.0014322829 0.26749092 0.14523868 0.0015650202 1.4278148e-05 0.00028172648 0.0024317226 0.0002504351 0.0013818993 0.0010728602 0.009971948 0.00027088955 0.00066796644 0.0005524913 0.0033091675 0.028204149 4.8264046e-05 4.4582615e-05 0.00014297517 0.00030383153 9.862963e-06 0.0004378795 0.00023790538 0.013628977 0.00057810405 0.00026337543 7.660745e-05 0.0006743597 0.00035555835 0.0034479536 0.023536671 0.012845165 4.2381845e-07 0.00038821323 9.854141e-05 0.0008804163 0.00019779352 5.5729943e-06 0.003976879 0.0010849396 0.00031227164 0.0007484062 3.3390774e-05 0.0002584003 0.002960007 1.4705881e-05 2.5554002e-05 0.0006856208 0.00037677205 0.0013572613
0.8330217 0.009115982 0.12862517 0.0725447 0.011769357 0.0027422258 0.101092875 0.15039976 0.0026162718 0.05834854 0.034151 0.044212185 0.024251243 0.0008825489 0.020874785 0.037241995 0.001522638 0.03039427 0.041494504 0.88552016 0.9189035 0.0006298899 0.13865212 0.4051351 0.046640724 0.024888042 0.00436014 7.8419845e-19 7.226059e-05 0.003652504 0.0040282668 0.0019568808 0.0006724386 0.0007567864 0.00015274812 0.00065654056 0.00036875316 0.0017049217 0.0014378569 0.03197615 0.0034019002 0.00012092073 0.00044519184 0.33288237 0.0019789578 0.02653907 0.0012820534 0.0018108409 0.0006531022 0.00043936845 0.07530454 0.017974816 0.00013069365 5.3120835e-05 0.0016675369 0.00022148507 0.0011197439 2.8388908e-05 0.00032044796 0.00085472636 4.1044845e-05 3.792503e-05 0.00059080624 0.60553485 9.7047105e-06 0.006900447 0.00011215061 2.0794791e-06 4.3565145e-05 5.0366758e-05 1.5873213e-05 1.0204911e-05 0.0033487673 5.54852e-06 0.09700611 0.21240452 3.4497396e-05 0.000116300645 0.21960759 2.7514816e-05 0.012920946 9.0112706e-05 0.040069055 1.8571341e-06 0.010779887 0.000112707945 4.6152138e-05 0.21677548 1.7348497e-05 4.462115e-05 0.00039890152 0.028846495 0.002948692 1.4199796e-05 0.0043623312 0.00010443492 6.8714858e-06 1.7185359e-05 7.353319e-05 5.1843426e-06 0.0006413202
0.010499858 0.020156587 0.0001859846 3.5087734e-05 0.037077446 0.008763268 1.4191742e-05 0.011923324 0.00041822222 6.2454023e-07 1.0139343e-07 6.7299857e-06 2.4137098e-05 0.46876663 7.594799e-06 6.003745e-07 0.0021132138 0.08954357 5.5765404e-06 8.321238e-05 0.00011825058 0.8763973 8.0138733e-07 5.189891e-05 4.786208e-06 6.3284654e-07 5.570388e-05 7.226059e-05 1.5940984e-23 2.797599e-06 1.3169206e-06 8.893975e-06 2.9870128e-07 0.79719275 0.07733988 1.1611961e-05 5.305856e-07 0.15432881 8.1780534e-05 8.21952e-06 4.2350066e-06 1.0788092e-06 0.00014829499 1.964034e-05 4.8491293e-06 2.578055e-05 3.16109e-06 1.2520925e-06 0.52636784 2.2756515e-06 1.5027281e-05 2.0154417e-05 3.5685247e-07 2.3306946e-08 6.9870106e-07 0.36212534 0.3263952 5.423774e-08 0.19657624 9.798887e-07 3.9481264e-08 3.247752e-08 0.2510545 0.00010918394 7.0339983e-09 2.6413067e-05 5.413981e-06 3.052497e-06 0.021892687 0.2506164 4.9746287e-08 3.440422e-05 1.299317e-06 3.3060823e-07 0.00013191819 0.00028439 3.5870908e-08 8.656307e-09 0.00020045339 6.337793e-08 5.5568e-05 6.915074e-07 0.00070638163 0.0052678483 0.0050771064 2.4987157e-08 1.3909154e-07 0.00024506438 3.6196707e-05 6.751486e-09 2.8209397e-06 0.003161951 0.014888117 6.475356e-08 0.16828321 2.908129e-07 6.759203e-09 1.7380142e-09 1.0786976e-07 3.2814238e-09 7.666101e-07
0.019816486 0.0019685316 0.013929531 0.015127309 0.0008971133 0.016366959 0.048589338 0.0036536134 0.08283384 0.062441155 0.10078356 0.058404375 0.30959213 5.647683e-05 0.35097453 0.16023865 0.011152699 0.0013663106 0.1334419 0.006995787 0.0018624137 1.8239472e-05 0.032999888 0.02182372 0.08952376 0.5251151 0.5243467 0.003652504 2.797599e-06 1.5682105e-24 0.7966325 0.6415937 0.6685194 4.717825e-05 2.6867623e-05 0.5461723 0.64553213 0.00014003649 0.2102073 0.025205415 0.14032976 0.32537296 0.041068956 0.004904708 0.031738915 0.011728405 0.03894351 0.1640712 0.00012291789 0.065849334 0.007938004 0.0068499143 0.17555295 0.18747294 0.008936304 6.227331e-06 6.266816e-05 0.017379265 5.298686e-05 0.009154292 0.007892599 0.07158735 2.086576e-05 0.00071189366 0.0034364313 0.008618504 0.016963795 4.684651e-06 2.5304049e-05 4.653426e-05 0.001497572 3.133934e-06 0.0031594913 2.5033016e-05 0.005739598 0.00037933877 0.0020198869 0.0011346835 0.00041580744 0.002460789 0.004591374 0.027579715 0.00961824 8.040379e-08 0.00013960259 0.000563385 0.0005688153 0.0007336466 3.8500757e-06 0.004144426 0.0025970512 0.00022553449 0.0001317433 1.4030148e-05 3.7059574e-05 0.0027301349 6.6617715e-05 5.8665653e-05 0.0007966443 0.0024116829 0.0021691457
0.09005836 0.0012048885 0.01948701 0.024166258 0.000993112 0.010333711 0.044948667 0.004017605 0.043698933 0.08064909 0.16193034 0.043786276 0.29492214 5.271378e-05 0.31888646 0.23319215 0.0101316115 0.0028030006 0.19581278 0.0077946093 0.0033635255 1.2618868e-05 0.058772977 0.023526771 0.11804916 0.70293117 0.49880642 0.0040282668 1.3169206e-06 0.7966325 4.43194e-24 0.6278568 0.7481222 2.6336274e-05 2.9523933e-05 0.5279453 0.72580034 0.00040571843 0.27851728 0.059614275 0.21631196 0.3894423 0.04066757 0.0057762926 0.05431355 0.019502433 0.07424997 0.33172202 2.6945681e-05 0.14242674 0.015594014 0.011670875 0.20140527 0.28765807 0.020643065 6.28623e-06 0.000107495915 0.036114007 4.5029916e-05 0.014822713 0.027765183 0.25432476 1.69162e-05 0.0017860637 0.011903797 0.010796817 0.017578578 6.2380655e-06 4.7887308e-05 3.643186e-05 0.008531335 2.2279532e-06 0.010631912 0.000110991255 0.007970045 0.0011087009 0.0049511963 0.0053783082 0.0009934681 0.009607578 0.0071851183 0.03593736 0.012455191 4.7700134e-08 0.00024356759 0.0022240167 0.002424937 0.0018036943 2.152738e-06 0.007914669 0.006375674 0.00062428456 0.00020821126 0.00012318205 3.741187e-05 0.0045382725 0.00050775346 0.00031847923 0.002900259 0.011138689 0.005114748
