1.7112752e-23 0.9133694 0.56297 0.7583349 0.9503976 0.16187736 0.7764547 0.49056035 0.348614 0.71081805 0.18832032 0.5769171 0.3961754 0.34593758 0.97207385 0.067284994 0.64869356 0.9019949 0.91650885 0.9732081 0.017701467 0.9040003 0.16886218 0.9298172 0.7113588 0.73367304 0.9253393 0.94224006 0.6775026 0.00021975809 0.9495781 0.007113172 9.661692e-05 0.9575826 0.0034781212 0.77584606 0.8596869 0.909635 0.02430299 0.75198823 0.018330915 0.55939436 0.88950104 0.27717978 0.97074366 0.9608365 0.0016162809 0.015857607 0.99553627 0.0012342599 0.86771715 5.847902e-05 0.971111 0.9744574 0.505505 0.9725709 0.9895371 0.856937 0.926576 0.8080691 0.012531176 0.9488742 0.9705333 0.85036874 0.9757488 0.8605064 0.99320257 0.9408969 0.7920511 0.047247816 0.0010949096 2.651144e-05 0.7405255 0.024162501 0.66016024 0.0073209084 0.75821793 0.90428215 0.89188635 0.99979335 0.5595659 0.9999936 0.99751836 0.009016491 0.9990663 0.03640817 0.029475303 0.9960814 3.7388957e-06 0.36725122 0.004210265 6.360488e-08 0.8571788 0.79464924 0.43658054 0.9995054 0.0028266814 0.26448146 0.8504981 0.97797185 0.0013846831
0.9133694 1.00832096e-13 0.88594484 0.58511424 0.9254703 0.38609836 0.6761147 0.8243425 0.16796803 0.3240111 0.20883285 0.5008693 0.66184294 0.09423005 0.7125758 0.3470957 0.09053301 0.28412148 0.012196407 0.2592827 0.14730617 0.008767297 0.040870573 0.17291987 0.020183401 0.00076573377 0.112939395 0.15229388 0.016192492 0.0042646485 0.0041138213 0.022225376 0.0049696034 0.05920027 0.009252604 0.0039755404 0.0033239254 0.00036170377 0.0027034744 0.0014502984 0.0041857758 0.0002942279 0.0017969998 0.00029907943 0.020316262 0.0056650173 0.000374186 0.0008785091 0.072702326 0.001413603 0.00070549164 4.0194387e-05 0.15659663 0.019219572 0.00015121653 0.009526346 0.016882863 0.0009200766 0.00528861 3.177261e-05 0.0005289543 0.00041838322 0.0028298006 0.00015778138 0.0031224142 0.0020843756 0.004578325 0.000848523 0.000681328 7.397315e-05 6.2900406e-05 8.161796e-06 0.00014559281 0.0003320939 0.00014039685 1.046622e-05 7.645819e-05 0.00035830124 0.0032469176 0.005957257 0.0003655002 0.009627976 0.004914351 2.4182565e-08 0.0015406745 1.5740565e-06 2.7594033e-06 0.0014582739 3.3724592e-07 2.5667796e-07 9.2990484e-07 7.376367e-08 0.00016647117 0.00035190646 3.2167838e-05 0.00042151826 1.1690029e-05 1.622817e-05 0.00015464966 0.00010072838 1.960974e-05
0.56297 0.88594484 2.015299e-15 0.5387445 0.68621147 0.92926294 0.7045241 0.91354406 0.4242211 0.05750902 0.66244453 0.1836697 0.5576421 0.14739618 0.6511279 0.22013013 0.06743846 0.10081865 0.00015693126 0.1881928 0.030619001 0.00019838971 0.00057232386 0.09912721 0.004604154 7.569055e-05 0.03226117 0.12870541 0.00026183 0.0030622517 0.0011875548 0.003215807 0.0029182988 0.00853527 0.022966664 0.00095614226 0.00026529332 2.58794e-05 5.2356236e-06 0.00015389755 0.00015370263 4.446309e-05 0.0014658765 6.2131265e-05 0.003661722 0.003151192 1.2605806e-05 8.911044e-05 0.011390151 0.00018595393 2.3294604e-05 5.380973e-05 0.018222958 0.008081255 3.4423795e-06 0.0020249777 0.003549763 0.00016543975 0.0019834216 3.7710206e-06 1.1463934e-05 0.00026159865 0.000904422 0.00015085643 0.0012946355 0.00015115841 0.0008704284 0.00018418634 5.872924e-05 6.725925e-06 8.099856e-06 1.2881075e-05 0.00031779718 7.74122e-06 4.344568e-06 9.030593e-07 3.0794923e-05 1.6334203e-05 0.0009930395 0.0012314769 2.2249564e-05 0.0023570443 0.0015788502 7.279331e-07 0.00022768695 1.513961e-07 9.603569e-07 0.00015728397 2.6270624e-07 1.0773673e-07 2.050198e-06 1.948088e-07 1.0755687e-05 0.0003520824 7.8194495e-07 5.4145254e-05 5.663243e-07 6.703231e-06 1.7702498e-05 2.2652407e-06 3.090341e-06
0.7583349 0.58511424 0.5387445 3.957565e-16 0.474861 0.014615806 0.007927019 0.12330141 0.0049145664 0.93772495 0.0018381933 0.70712185 0.4375244 0.0003362427 0.8989901 0.0050238413 0.61610025 0.5899729 0.6268037 0.027184237 0.08125441 0.16349758 0.16198197 0.30026597 0.00037028256 0.093667 0.0047029615 0.14911228 0.20749989 2.8433102e-05 0.06340792 0.03559882 0.00076072174 0.025937993 3.5582074e-05 0.00014123389 2.3181094e-05 0.009928687 0.020256242 0.009545142 3.5016112e-06 5.4916e-07 8.475763e-06 1.9422478e-06 0.0010652194 5.8604193e-05 1.628997e-06 8.230008e-06 0.00940239 0.00058847404 0.0019714183 7.6061797e-06 0.22294526 0.008351404 0.0011900223 0.012960487 0.00091821095 0.0018571663 0.03129916 8.790432e-08 2.508546e-06 3.052724e-06 0.00035309733 6.8641043e-06 7.845616e-05 0.010993 0.01117315 1.4997008e-06 4.1381798e-05 1.2373565e-06 6.448499e-08 2.8607406e-06 3.5260153e-05 1.5657406e-05 1.0032389e-06 5.5985237e-07 0.00035387318 0.00034273212 0.011725111 0.00096871384 0.0012553621 0.0034883143 0.014390822 5.9904846e-06 0.0044250507 2.0522234e-07 3.041172e-07 0.0024019505 3.6005244e-07 7.130831e-08 7.449569e-07 1.689826e-08 1.7495155e-05 6.356376e-06 0.00014642451 5.659253e-05 0.00020080448 2.5271493e-07 6.979909e-06 1.5794527e-05 4.55889e-06
0.9503976 0.9254703 0.68621147 0.474861 1.4632718e-14 0.15836029 0.9270712 0.33437386 0.18857002 0.09377249 0.053916916 0.15138471 0.18240814 0.03612596 0.74063617 0.034766845 0.2887646 0.09163349 0.008242729 0.8304424 0.015767744 0.003021445 0.0044292244 0.24211805 0.10922147 0.00030320633 0.5225027 0.2530031 0.001844421 0.0001164145 0.0003763682 0.0033944787 0.0003720588 0.0913357 0.00069125224 0.036235098 0.008631402 0.00029646937 3.8362603e-05 0.00046994886 0.009329388 0.0008376067 0.0027062036 0.0013974716 0.22617891 0.02158328 0.00038843657 0.001542649 0.28902256 9.4799245e-05 0.0006834378 2.2770093e-05 0.13630748 0.058880165 0.00012712559 0.016227376 0.14251636 0.00031265008 0.009943013 1.3423957e-05 0.00017951825 0.0013462591 0.037214205 0.0003162293 0.0118109435 0.0012576551 0.008066086 0.00017364975 0.0026098625 0.00042871866 2.188143e-06 1.7088936e-05 0.0004042317 0.0004979554 0.0001125228 1.209727e-05 4.1515443e-05 0.00015638536 0.005299798 0.09344094 0.0002945308 0.11972774 0.00725382 1.0453222e-07 0.0011466029 1.33335725e-05 4.1019075e-06 0.0005851289 4.1912418e-07 9.2031564e-07 1.1697807e-06 2.4279564e-07 0.0018638466 0.00053071015 2.2402799e-05 0.005203088 3.0371695e-05 7.342955e-05 0.00023556106 9.4747906e-05 5.8424703e-06
0.16187736 0.38609836 0.92926294 0.014615806 0.15836029 1.413107e-15 0.61233324 0.8066164 0.752863 0.0012464911 0.9615507 0.011889435 0.17509034 0.5952257 0.09317183 0.2613162 0.0032837864 0.0017439601 1.918345e-05 0.03834017 0.007402749 3.1795527e-05 0.000106779466 0.0046734083 0.013429713 1.032673e-05 0.014008878 0.013078111 0.00011777026 0.00743196 6.34802e-05 0.00019190724 0.0018156084 0.0002984486 0.06470942 0.0005804489 0.00072530267 2.991236e-06 1.0522881e-06 2.3817449e-05 0.002227246 0.0003301714 0.0006302393 0.00010989859 0.0025809738 0.0045567933 0.000106965985 0.00013207932 0.004005485 2.1647746e-05 3.791626e-06 0.00018539844 0.0011675556 0.0017708972 4.4134325e-07 0.00058654713 0.0010171876 5.179117e-05 0.00015778215 4.138562e-05 1.2825021e-05 0.00026224184 0.000329186 7.078156e-05 0.00054086663 3.2549753e-05 0.00022014658 7.050911e-05 2.9529565e-05 3.372585e-05 0.00014055546 2.1425742e-05 4.0973977e-05 2.8000672e-05 6.865561e-05 8.814987e-06 2.7854437e-06 2.317538e-06 0.00018284137 0.0014121585 2.7987228e-06 0.0019068468 0.0007206336 4.935241e-07 6.275912e-05 4.6209124e-07 4.4970366e-06 9.3122544e-05 4.198092e-06 8.16961e-07 6.367944e-07 4.832938e-06 2.7489284e-06 5.8749014e-05 5.431935e-07 0.000103859544 2.3054281e-07 2.0366453e-07 6.263425e-06 2.0571508e-06 2.015281e-06
0.7764547 0.6761147 0.7045241 0.007927019 0.9270712 0.61233324 9.9892754e-18 0.28407037 0.952076 0.00032780884 0.28931406 0.00464432 0.020095145 0.83238226 0.48591518 0.06129389 0.02201514 0.0072785616 1.0920045e-05 0.6416223 0.0013269215 8.1934895e-06 4.6408945e-06 0.06486117 0.44899473 1.4116696e-06 0.7079037 0.09307314 3.6567067e-06 0.00041173416 7.1995596e-06 7.878059e-05 0.00047872722 0.0017987471 0.039655186 0.025615726 0.012472605 1.0760227e-06 7.209631e-08 8.371204e-06 0.100376695 0.0040456625 0.006485075 0.0022630258 0.16309886 0.11493755 0.00305248 0.0026472243 0.21607985 3.15165e-06 1.64364e-05 0.00078924483 0.003950477 0.011210399 3.6239152e-07 0.00096531265 0.07878191 1.3285491e-05 0.00025164077 7.9543526e-05 0.0007444722 0.0032869556 0.02909889 0.00058619987 0.028109895 2.9255707e-05 4.9447764e-05 0.0010347695 0.0021188932 8.9757545e-05 0.00027812898 0.00014225816 0.00079928385 8.5110914e-05 0.00024881677 2.0984458e-05 5.092434e-06 7.0631627e-06 0.0002123683 0.023591937 4.7972576e-06 0.006682984 0.00025740982 2.833615e-08 7.1311195e-05 2.3744446e-05 1.7184055e-06 2.5442536e-05 4.6256835e-07 1.6252649e-06 3.9869073e-07 4.0478002e-07 0.00084256515 0.0020304862 4.5851974e-07 0.0006195489 4.2350507e-08 6.315756e-05 0.0005424085 9.878218e-05 3.5239564e-06
0.49056035 0.8243425 0.91354406 0.12330141 0.33437386 0.8066164 0.28407037 3.316293e-17 0.38146606 0.060304523 0.881485 0.4979976 0.9230873 0.21590264 0.41027984 0.9164158 0.008953267 0.029975953 1.1307911e-05 0.03425271 0.27057144 1.1057474e-05 0.00037182044 0.016300531 0.0027776367 1.9323797e-06 0.0061378703 0.035143234 0.00010058611 0.12781084 7.62743e-05 0.0050094617 0.03498095 0.0005098477 0.13459332 0.0009482335 0.00026515243 3.4735547e-07 1.5021176e-07 3.3973818e-06 0.0005434904 2.3621218e-05 0.00020974765 8.521336e-06 0.0010654399 0.000736228 1.9726369e-05 1.980773e-05 0.009006968 1.7033875e-05 1.442427e-06 5.470159e-05 0.009023995 0.0015089607 1.9778943e-07 0.00011200493 0.0008575743 0.00010858624 3.6117017e-05 3.508917e-07 1.0133915e-06 3.9301794e-05 7.721971e-05 2.951995e-06 9.003042e-05 1.6652684e-05 9.625769e-05 1.79758e-05 1.291776e-05 5.5851064e-07 7.327583e-06 3.1823115e-06 7.1959306e-07 1.6897197e-06 4.0582017e-07 1.6284292e-07 8.9942536e-05 3.9559436e-06 0.00025737792 0.0012311474 2.2714485e-05 0.00096604205 0.00076351705 4.8733142e-08 0.00013245433 1.5120692e-07 1.8303536e-08 8.349187e-05 1.4965953e-07 1.8964792e-08 9.778693e-09 1.1716943e-08 1.2408827e-06 4.0035353e-05 1.2130553e-07 2.6327085e-05 2.2753336e-07 6.0781744e-08 5.762622e-07 2.0777178e-07 1.0344136e-07
0.348614 0.16796803 0.4242211 0.0049145664 0.18857002 0.752863 0.952076 0.38146606 2.4433538e-15 0.00056170474 0.8144383 0.0030244777 0.022586467 0.97179556 0.07113922 0.10789983 0.0030157866 0.0016008851 3.486505e-05 0.10255377 0.0019572552 6.001782e-05 3.7164373e-05 0.006417699 0.069242954 2.0111678e-05 0.10415492 0.011021883 0.00016850354 0.0035107615 4.463886e-05 5.677276e-05 0.0004675526 0.0003403745 0.1513481 0.00275354 0.0035239412 6.334555e-06 3.8326743e-06 3.670233e-05 0.02499516 0.0026982469 0.0018594533 0.00088974496 0.01583321 0.026007654 0.0010726776 0.0007412657 0.021171095 2.8037333e-05 5.420883e-06 0.0011212945 0.001615293 0.0032367015 1.3619127e-06 0.0009281175 0.008413928 4.1202227e-05 0.00034252708 0.00039533092 0.00012998946 0.0014427545 0.0017738307 0.0004737244 0.0022406287 0.00012446007 0.00016906692 0.0014282772 0.00018001061 0.00043322486 0.00026871226 0.00016242269 0.00042593846 0.00022665008 0.00039142658 0.00011146914 1.2050233e-05 1.6800393e-05 0.00029410978 0.0052234274 4.2131953e-05 0.0052341036 0.0005242173 6.214792e-07 9.963558e-05 7.903844e-06 1.9903735e-05 0.00018318309 5.892838e-06 2.871066e-06 1.631007e-06 2.6716043e-06 2.5289359e-05 0.0003866114 3.451049e-07 0.00020088014 3.9612948e-07 6.4807873e-06 7.2115676e-05 1.7500312e-05 1.7624958e-05
0.71081805 0.3240111 0.05750902 0.93772495 0.09377249 0.0012464911 0.00032780884 0.060304523 0.00056170474 4.2285685e-16 0.00022876018 0.97181815 0.58147377 4.7901056e-05 0.56337184 0.008711601 0.18684772 0.6207079 0.51470387 0.005327474 0.23728661 0.27333048 0.4793074 0.17969845 4.0678115e-05 0.093243 0.00022911212 0.067166746 0.38407412 3.3898523e-05 0.13780725 0.19369748 0.006006898 0.017439693 1.053376e-05 1.6737242e-05 2.629706e-06 0.0053886 0.12439401 0.03286785 8.972018e-08 8.7534225e-08 6.74315e-06 7.980323e-07 0.00023519584 3.72425e-05 8.84845e-08 2.1849523e-06 0.0023434348 0.0031346257 0.009202851 6.084644e-07 0.2601318 0.004272949 0.0009206086 0.0044082445 0.0003305006 0.012635133 0.030039815 2.3854831e-08 3.7973166e-07 1.4441365e-06 0.000113631584 1.1504736e-06 2.2219367e-05 0.016499165 0.009444312 1.7807604e-06 3.3200668e-05 1.7173383e-07 8.471964e-08 2.2385789e-06 2.7882728e-05 5.1568027e-06 6.9327103e-07 1.585849e-07 0.0020161956 0.0004774702 0.025492065 0.0006021895 0.001081436 0.0022266028 0.035474487 1.9667405e-05 0.009597957 2.1468304e-07 1.7268472e-07 0.006039883 4.647935e-07 3.0787402e-09 1.4858128e-07 3.5482092e-08 4.1264298e-06 1.13720525e-05 2.566028e-05 3.1038762e-05 0.0004307606 2.0755196e-07 1.6762776e-06 2.6754033e-06 1.9605e-06
0.18832032 0.20883285 0.66244453 0.0018381933 0.053916916 0.9615507 0.28931406 0.881485 0.8144383 0.00022876018 5.760225e-15 0.003411702 0.120585844 0.9246464 0.03355824 0.67711663 0.0001063788 0.00018400514 3.262874e-06 0.009171699 0.007185258 6.151858e-06 7.465888e-06 0.0012067612 0.012849754 9.095304e-07 0.0056244847 0.0015295569 6.170552e-05 0.024848124 1.574709e-05 2.510845e-05 0.0021576672 0.00010840196 0.56762487 0.0003334611 0.0010439111 1.2821579e-06 1.11720986e-07 2.6189243e-06 0.017743435 0.001787317 0.00042576142 2.2256418e-05 0.0005127632 0.0015831881 0.00067998597 0.00034871366 0.004704765 6.3335156e-06 3.0765964e-06 0.0011446417 0.00032952716 0.00022097322 2.522189e-07 6.508868e-05 0.0012845525 7.4388205e-05 8.468322e-06 2.3495562e-05 2.9752428e-05 5.8990594e-05 3.0658193e-05 1.04401215e-05 0.00011484666 1.7604622e-06 1.6284774e-05 2.7608206e-05 3.125594e-06 1.56059e-05 8.66894e-05 8.217323e-05 1.1366414e-05 2.5299902e-05 1.0075715e-05 9.329788e-06 2.2994534e-05 5.9766585e-06 1.3537012e-05 0.001625042 1.1812823e-05 0.0021758564 0.00045862672 6.4638647e-07 5.4257533e-05 1.1620198e-06 9.338177e-07 0.00010988119 1.4855643e-06 9.863029e-08 7.508536e-08 5.9546323e-07 4.833046e-07 2.3566901e-05 3.3193018e-08 1.8404085e-05 1.4252694e-07 1.7131793e-08 2.0792521e-07 3.6550646e-06 1.8979503e-06
0.5769171 0.5008693 0.1836697 0.70712185 0.15138471 0.011889435 0.00464432 0.4979976 0.0030244777 0.97181815 0.003411702 7.7976655e-17 0.9297196 0.00015616344 0.53938323 0.20306426 0.10722997 0.3205125 0.10886156 0.017324526 0.58043176 0.07204969 0.58670557 0.09504446 0.00021789284 0.015883928 0.0020542091 0.057334278 0.12183096 0.0052792444 0.02408713 0.47732496 0.06812522 0.008682609 9.51898e-05 1.6343225e-05 3.1213553e-06 0.0006218842 0.018602857 0.003174555 1.8817261e-06 1.1854793e-07 1.1982118e-05 8.747043e-07 0.00038191344 0.00013890988 2.8114363e-07 7.8872375e-07 0.0026298377 0.002868814 0.0018081783 5.252209e-07 0.078484945 0.0035282003 0.00033593454 0.0023893735 0.00021422669 0.011267705 0.005001373 1.6993091e-08 9.3738365e-08 8.848003e-06 8.9175985e-05 1.8112424e-06 7.3974315e-06 0.0016378678 0.005591678 1.2302237e-06 4.1075837e-06 9.657052e-08 7.282022e-08 3.0393514e-07 2.6538279e-05 2.526683e-06 1.2677788e-06 5.9393106e-08 0.0004591354 5.5129523e-05 0.005902543 0.00040923638 0.0004065056 0.0015563378 0.014622853 8.2997116e-07 0.0017140873 9.4316555e-08 2.1362757e-07 0.0018375807 2.0679781e-07 3.5674252e-09 1.4592023e-07 6.9941876e-08 2.4299848e-06 0.00015243204 3.7635043e-06 0.00020357026 1.6861277e-05 5.407061e-08 3.4139268e-06 2.2585602e-06 5.638227e-07
0.3961754 0.66184294 0.5576421 0.4375244 0.18240814 0.17509034 0.020095145 0.9230873 0.022586467 0.58147377 0.120585844 0.9297196 2.2710338e-17 0.0037231229 0.45872322 0.87053835 0.019858377 0.08868336 0.0028428424 0.019675503 0.8891683 0.0034935062 0.4103837 0.025117958 0.0004527698 0.0005812114 0.0018461463 0.027733473 0.018837765 0.38345945 0.002790038 0.6495388 0.5173518 0.00081918336 0.008931043 7.13885e-05 2.4897756e-05 6.975324e-06 0.0015222162 0.00019485054 9.547067e-06 5.395068e-07 1.6967288e-05 1.2409992e-05 0.00053564744 0.00050627266 9.706723e-07 3.452914e-06 0.0018228033 0.008347865 3.144779e-05 4.5943852e-05 0.027325071 0.0010196647 3.5955236e-06 0.00031123043 0.00014386766 0.0013768416 0.00024732138 1.9743457e-07 2.9894892e-07 0.000102613536 8.77839e-05 1.8211524e-05 8.236576e-05 0.00013236997 0.00011113776 3.125596e-05 4.0127703e-05 1.782887e-07 2.4045025e-06 9.635619e-06 1.6537626e-05 4.662183e-06 1.8247363e-06 1.3157768e-06 6.386135e-05 2.5743313e-06 0.00030731127 0.00062166003 1.4037818e-05 0.0009625677 0.0010536942 2.5814324e-09 0.00010124159 2.1610926e-07 4.9732627e-08 4.5409754e-05 1.3258234e-06 5.465809e-09 1.585657e-07 1.56002e-07 5.4431507e-07 0.00041908762 7.70709e-08 8.040536e-05 1.1589015e-07 1.3547219e-06 1.4805751e-05 8.0684816e-07 2.4412336e-06
0.34593758 0.09423005 0.14739618 0.0003362427 0.03612596 0.5952257 0.83238226 0.21590264 0.97179556 4.7901056e-05 0.9246464 0.00015616344 0.0037231229 1.0478232e-15 0.008838916 0.18805462 7.296993e-05 6.834844e-05 1.0092722e-06 0.022126712 0.0006007027 4.4910985e-07 6.869229e-07 0.0006064589 0.17793891 4.6398125e-07 0.0598548 0.0006767638 1.26021405e-05 0.0049738325 1.6183344e-06 2.808889e-06 0.00019479814 2.4272273e-05 0.8283978 0.0048310766 0.006644787 4.6075397e-07 6.9220974e-08 2.153987e-06 0.3336571 0.009867979 0.0012713014 0.00025998498 0.004113505 0.019196872 0.006553799 0.0015498888 0.02233172 1.7247776e-06 1.551821e-06 0.008182738 4.77204e-05 0.00030148638 7.169138e-08 6.7607965e-05 0.0069949664 7.5468934e-06 2.598754e-06 0.00013067533 0.0002469589 0.0006026074 0.0004353298 0.00012201625 0.00052069174 1.5232333e-06 2.2349973e-06 0.00054030615 1.7443708e-05 0.00013514703 0.0005284173 0.000852512 9.011795e-05 0.00015478939 0.0001261535 0.00010644791 5.1211587e-06 1.7485422e-06 4.1158496e-06 0.0056098844 2.4769122e-06 0.0045218603 4.310345e-05 1.2009883e-07 1.7504117e-05 7.978821e-06 3.6655367e-06 6.5340064e-05 8.465027e-06 5.860039e-07 1.7076894e-07 1.0537278e-05 1.9237762e-06 0.00010528906 1.5293168e-09 2.5474365e-05 4.8964864e-08 9.0008865e-07 7.3845463e-06 9.3584415e-05 4.176632e-06
0.97207385 0.7125758 0.6511279 0.8989901 0.74063617 0.09317183 0.48591518 0.41027984 0.07113922 0.56337184 0.03355824 0.53938323 0.45872322 0.008838916 1.1824755e-15 0.06888717 0.75514156 0.718485 0.090136565 0.45966163 0.08209507 0.017177956 0.08780281 0.84159195 0.008517953 0.0023028573 0.041397795 0.558399 0.08178011 0.00070234085 0.0065508527 0.014762785 0.0009298774 0.19105852 0.00047795035 0.0046572755 0.0010649767 0.0017445664 0.0020480778 0.00053778745 0.0002123373 5.0947394e-05 0.00089033955 0.0006778829 0.025233842 0.00305077 5.7446687e-05 0.00024616456 0.05376334 0.00018233483 4.6431676e-05 4.670249e-05 0.24220884 0.022320805 4.1060386e-05 0.024307674 0.017904747 0.00023219694 0.012006712 4.845135e-06 3.105602e-05 1.9935442e-05 0.0036463453 5.611002e-06 0.00032121473 0.003045433 0.01190188 5.042159e-05 7.014486e-05 0.00017541442 3.4971094e-06 3.0302144e-05 2.5481046e-05 0.0008190885 7.597918e-05 9.669347e-06 1.29364735e-05 3.187635e-05 0.0059092743 0.014523366 0.00013728366 0.026076136 0.016561633 8.767309e-06 0.0024131807 2.7363829e-05 4.0608284e-06 0.00090329803 1.363791e-06 7.9918465e-07 1.3654748e-06 4.842518e-07 0.0003944651 5.3518375e-05 2.186595e-06 0.0008000285 0.00011524569 3.4541163e-06 1.8674895e-05 1.943186e-05 1.2273861e-05
0.067284994 0.3470957 0.22013013 0.0050238413 0.034766845 0.2613162 0.06129389 0.9164158 0.10789983 0.008711601 0.67711663 0.20306426 0.87053835 0.18805462 0.06888717 1.4891199e-16 0.00020782423 0.00031028182 2.9270077e-05 0.0017421333 0.2748443 4.8335714e-05 0.00044535362 0.00081543357 0.002316568 6.525191e-06 0.00034422224 0.0011092968 9.2852424e-05 0.960829 8.237377e-05 0.009568547 0.3014805 9.064827e-06 0.5200709 6.713669e-05 0.0005245132 7.851668e-08 1.3601351e-07 1.3048851e-06 0.00088753685 0.00011817189 1.2107924e-05 8.268489e-07 0.00031243518 5.882375e-05 7.0420433e-06 4.106569e-06 0.0054055564 0.00018845189 9.641358e-07 0.00095119013 0.0038020913 0.00014603641 1.09403906e-07 1.2121787e-05 0.0001232066 8.736035e-06 1.4832667e-06 4.4624136e-05 1.7443506e-07 2.2338243e-05 4.6174457e-05 2.4531923e-06 0.00018533444 2.587707e-06 3.7326854e-06 0.00013811085 4.2866363e-06 4.0742248e-07 3.0783267e-05 4.5688503e-05 3.1546992e-06 7.807815e-06 5.6356792e-05 2.006875e-06 1.8086084e-06 4.092393e-06 3.8297335e-06 0.00042210415 8.493366e-07 0.0008647897 2.1310321e-05 3.0977365e-09 1.7882272e-05 3.8426276e-07 1.4066374e-07 2.65057e-05 1.3620933e-06 2.640494e-08 7.0548247e-09 8.621524e-07 5.453372e-07 4.3045547e-06 1.37700615e-08 1.0288692e-06 6.8071415e-08 1.1509729e-08 7.271321e-08 9.737613e-06 5.4226565e-08
0.64869356 0.09053301 0.06743846 0.61610025 0.2887646 0.0032837864 0.02201514 0.008953267 0.0030157866 0.18684772 0.0001063788 0.10722997 0.019858377 7.296993e-05 0.75514156 0.00020782423 1.8342918e-16 0.98345155 0.5183966 0.27460808 0.0042045377 0.038172595 0.014965165 0.89914924 0.0009818929 0.029937793 0.026537724 0.32705918 0.043484826 1.3327788e-05 0.06840474 0.0017804184 4.8591766e-05 0.4100992 6.1407623e-06 0.00027592745 1.37074285e-05 0.089163624 0.0029908183 0.012029836 6.0889168e-05 6.442043e-07 0.00065787655 3.3854394e-05 0.014394582 0.00047491843 3.3219573e-07 4.2600404e-06 0.035137054 4.7155136e-05 0.00061837834 4.321643e-07 0.26851904 0.07470053 0.0011038899 0.13358505 0.007458964 0.0007086089 0.14764763 5.1878516e-07 1.3065089e-06 3.447878e-05 0.004343849 5.1734423e-06 8.954584e-05 0.022695184 0.056918554 2.174791e-06 0.00024228993 1.2122608e-05 8.555426e-07 2.3610057e-06 0.00022454275 9.998105e-06 1.2610917e-05 6.332924e-08 0.00012922572 4.573044e-05 0.012993159 0.008418768 0.0005041876 0.017095586 0.011493563 1.3967228e-05 0.0063008694 9.606843e-08 3.5608707e-06 0.0012527149 1.5047615e-07 4.1496517e-07 2.806178e-07 1.1202847e-07 0.0006142821 0.00023405648 5.3254316e-06 0.0014662237 0.0002123857 3.3239874e-06 1.9176812e-05 2.9285195e-06 4.4515997e-07
0.9019949 0.28412148 0.10081865 0.5899729 0.09163349 0.0017439601 0.0072785616 0.029975953 0.0016008851 0.6207079 0.00018400514 0.3205125 0.08868336 6.834844e-05 0.718485 0.00031028182 0.98345155 1.04551045e-13 0.653458 0.011656538 0.013784801 0.4256495 0.15317865 0.7979771 3.7991096e-05 0.13004711 0.0004416789 0.16101715 0.4800447 8.026826e-06 0.3919955 0.007482561 0.000111553796 0.19939615 1.1791781e-06 0.00037597577 1.4180152e-06 0.09779624 0.03294679 0.025935687 3.2464266e-06 1.7723171e-07 1.26876275e-05 1.655121e-05 0.0007656834 1.5722839e-05 4.5170557e-07 1.7820117e-05 0.0040079765 0.00039031942 0.0010692484 1.2257456e-06 0.52933824 0.011222053 0.0012346796 0.030940894 0.000603964 0.0017541242 0.057333495 3.045922e-08 9.139047e-07 2.0426305e-07 8.5501495e-05 6.2203924e-08 2.4871283e-06 0.02075995 0.04306091 1.7532416e-07 3.4804402e-06 3.3772149e-06 1.1867825e-07 1.4757125e-06 5.3467134e-06 1.0119096e-05 3.7247555e-06 2.5102918e-07 0.00022751352 0.0001774092 0.016219454 0.0032291294 0.00062239444 0.017372936 0.04591003 0.00040990865 0.007600191 3.5446984e-08 5.420175e-08 0.0024203635 3.2976132e-08 5.8711644e-09 3.5686638e-09 1.3136935e-07 3.651401e-05 5.0313946e-07 0.00018633685 0.0001046347 0.00086831173 4.021637e-08 1.3195749e-07 6.322098e-08 2.7610682e-07
0.91650885 0.012196407 0.00015693126 0.6268037 0.008242729 1.918345e-05 1.0920045e-05 1.1307911e-05 3.486505e-05 0.51470387 3.262874e-06 0.10886156 0.0028428424 1.0092722e-06 0.090136565 2.9270077e-05 0.5183966 0.653458 6.527927e-18 0.00051574595 0.004355817 0.81725687 0.33871287 0.22616875 2.4170877e-06 0.96635395 0.00010964702 0.026168928 0.73835516 1.0147934e-05 0.90111184 0.007809513 0.00014084706 0.025891894 5.1042784e-06 2.9585449e-06 2.997637e-07 0.28203982 0.22641659 0.6737623 3.0830742e-07 2.0048892e-08 1.8401171e-05 8.586167e-07 0.00010109012 4.2589277e-06 3.2152943e-08 1.161232e-06 0.00080279296 0.0008844233 0.29057598 2.145452e-06 0.56610847 0.0045473315 0.05660194 0.01860473 0.00013891848 0.24537078 0.22024792 1.4679522e-09 1.5654449e-07 2.1300627e-07 2.265119e-05 2.447461e-07 2.3458429e-06 0.11791783 0.040069934 3.061824e-06 2.3830811e-05 4.0784312e-07 5.7433567e-06 1.4413029e-05 3.424242e-05 2.170303e-06 1.1384374e-06 2.5652452e-07 0.0020236813 0.0004947298 0.065556295 0.00066371704 0.0008011421 0.0030762944 0.054183364 3.2493834e-05 0.05291541 3.8481872e-07 2.4869696e-06 0.0117887175 7.3752703e-06 4.31577e-07 1.7937246e-06 4.4828333e-08 4.6961668e-05 2.2872078e-05 5.329435e-06 8.011046e-05 0.0014328272 2.2164015e-06 4.1201815e-06 3.2586136e-06 2.7297572e-05
0.9732081 0.2592827 0.1881928 0.027184237 0.8304424 0.03834017 0.6416223 0.03425271 0.10255377 0.005327474 0.009171699 0.017324526 0.019675503 0.022126712 0.45966163 0.0017421333 0.27460808 0.011656538 0.00051574595 8.691764e-16 0.0009366175 0.0005036313 0.0001467031 0.14712003 0.25049523 4.683219e-05 0.8433493 0.7371305 0.00060557434 2.8540096e-06 9.9844285e-05 6.539791e-05 2.211076e-05 0.25049287 0.0001656281 0.1622124 0.029470075 0.0002390439 2.4914061e-06 3.5423956e-05 0.012419549 0.0074170236 0.07834599 0.020994928 0.86260134 0.49934918 0.00053037517 0.0019715396 0.7321024 4.866887e-06 2.3269293e-05 3.5020153e-06 0.057783943 0.2705114 1.9549985e-05 0.0409218 0.5061389 2.4443498e-05 0.0070121917 0.00074005604 0.00025036777 0.04184693 0.24258578 0.0046056705 0.08015726 0.0013339691 0.012366941 0.00032674175 0.05171323 0.0039159814 7.203907e-06 6.6067373e-06 0.008238493 0.00051832333 0.0035733657 5.4821994e-06 2.5011015e-05 4.0460098e-05 0.004574752 0.44002542 0.00010426405 0.30524936 0.00575085 3.6597157e-07 0.00087928853 8.086423e-05 0.00013569514 0.00016135725 1.9803007e-07 2.8081336e-06 9.513348e-06 2.735399e-07 0.020245563 0.0057091904 4.59024e-06 0.04252394 9.554486e-05 0.001116762 0.0015260703 0.0011775644 6.399623e-06
0.017701467 0.14730617 0.030619001 0.08125441 0.015767744 0.007402749 0.0013269215 0.27057144 0.0019572552 0.23728661 0.007185258 0.58043176 0.8891683 0.0006007027 0.08209507 0.2748443 0.0042045377 0.013784801 0.004355817 0.0009366175 1.375583e-16 0.007106568 0.62974185 0.0026258056 9.9974524e-05 0.0011752438 0.00040228997 0.0016842771 0.0955281 0.21494612 0.005526486 0.94653976 0.9248879 4.4905548e-05 0.001030757 0.00011814721 0.00010461156 6.80197e-06 0.12814105 3.281587e-05 4.6643424e-07 4.1504074e-07 1.4900885e-05 1.8029374e-06 8.274114e-05 0.0002465144 2.650097e-07 1.1070699e-06 0.00011357134 0.13525113 3.3794327e-05 2.6199798e-05 0.0011893398 0.0003958729 2.5759105e-06 0.00017287445 2.2222102e-05 0.0003992636 7.449341e-05 1.0853886e-05 7.9751004e-08 0.00010516271 0.00011606786 0.00019517618 1.7348764e-05 0.00016605813 8.39689e-05 0.00070204487 2.9941088e-05 2.1614935e-06 5.0736935e-06 2.0660424e-05 2.0361793e-05 7.5498965e-06 0.00015620931 1.0752174e-06 4.8504285e-06 1.1585171e-05 0.00021723968 0.00020803006 0.00015241548 0.00045521196 0.00031536346 2.0280648e-07 0.00015877021 7.684471e-06 5.5413574e-07 2.8076049e-05 7.643836e-07 5.976296e-09 3.8453476e-07 3.8438037e-07 5.8263454e-06 4.837399e-05 2.489848e-06 2.0876629e-05 2.425804e-05 2.1277228e-06 1.583836e-05 1.5483618e-06 5.8060857e-07
0.9040003 0.008767297 0.00019838971 0.16349758 0.003021445 3.1795527e-05 8.1934895e-06 1.1057474e-05 6.001782e-05 0.27333048 6.151858e-06 0.07204969 0.0034935062 4.4910985e-07 0.017177956 4.8335714e-05 0.038172595 0.4256495 0.81725687 0.0005036313 0.007106568 8.985203e-16 0.52381945 0.0750664 8.5021065e-06 0.956861 0.00016123634 0.011845274 0.9506465 5.208188e-06 0.7601766 0.053185802 7.6284494e-05 0.0049086926 1.787518e-05 3.118453e-05 1.1785787e-06 0.03972198 0.5876818 0.43406704 4.4724337e-07 3.1338228e-08 1.0536514e-05 2.0237035e-06 7.213638e-05 1.3742139e-05 6.9726106e-08 2.3264333e-06 0.0006470188 0.012053419 0.14827652 1.0436011e-05 0.4668474 0.0018195371 0.017147439 0.001954997 3.3779444e-05 0.28445607 0.08527853 2.785466e-09 5.8970176e-07 5.687344e-07 7.214946e-05 1.4455951e-07 3.4644103e-07 0.043906976 0.024031885 6.5284183e-07 5.587325e-06 1.2148319e-06 3.111586e-06 2.917229e-05 1.8736251e-06 1.2487542e-05 7.3002917e-07 6.518694e-07 0.0097445445 0.0012081643 0.071197435 0.00042206858 0.0015840692 0.0017415393 0.14622496 0.00026465097 0.06402085 1.0603608e-07 2.9584277e-07 0.030363003 3.1630515e-07 2.0009544e-08 3.195466e-07 6.62717e-08 2.6680193e-06 6.4532e-06 2.9503331e-05 5.7142723e-05 0.022628132 6.0550555e-08 4.6846213e-07 8.685522e-07 1.3231734e-06
0.16886218 0.040870573 0.00057232386 0.16198197 0.0044292244 0.000106779466 4.6408945e-06 0.00037182044 3.7164373e-05 0.4793074 7.465888e-06 0.58670557 0.4103837 6.869229e-07 0.08780281 0.00044535362 0.014965165 0.15317865 0.33871287 0.0001467031 0.62974185 0.52381945 4.3844535e-16 0.006979697 5.426583e-06 0.122705795 1.6476168e-05 0.0027064022 0.92093897 0.00022116274 0.17596337 0.94813687 0.21264818 0.000456277 5.0506867e-07 2.3527085e-05 3.6475046e-06 0.00088739634 0.8654297 0.020727072 4.1546507e-08 1.567084e-08 2.3768802e-05 1.8828929e-06 3.4548986e-05 4.7681377e-05 2.150575e-08 6.3693227e-07 0.00013014997 0.4619561 0.020713985 1.2196871e-07 0.023585116 0.00021607908 0.0008663696 0.0002717053 1.4676011e-05 0.025999798 0.0006736787 2.0966394e-07 9.834719e-08 3.1573978e-05 3.6543937e-05 5.396324e-05 1.2895136e-05 0.002333445 0.0009964585 0.0010997513 0.00014179139 1.5508948e-06 1.3037301e-07 1.6157536e-07 0.0002659441 2.9529736e-05 4.4719305e-05 3.2069465e-06 0.0024030781 0.0002310267 0.0015550278 0.00013171643 0.00042803455 0.0003654615 0.0051472047 2.3254983e-05 0.0016188292 2.457434e-05 4.796615e-07 0.0009093735 2.1882366e-08 5.30072e-08 1.384908e-06 2.4060414e-08 4.443899e-06 0.00035983502 2.47384e-05 4.0398405e-05 0.01083632 5.3931412e-06 5.7906913e-05 1.8801279e-06 1.4829653e-06
0.9298172 0.17291987 0.09912721 0.30026597 0.24211805 0.0046734083 0.06486117 0.016300531 0.006417699 0.17969845 0.0012067612 0.09504446 0.025117958 0.0006064589 0.84159195 0.00081543357 0.89914924 0.7979771 0.22616875 0.14712003 0.0026258056 0.0750664 0.006979697 2.76227e-14 0.0011555847 0.016517468 0.008769283 0.9146126 0.035516933 2.0877846e-05 0.0819677 0.0015899249 0.00015406158 0.81650174 6.833367e-06 0.0021484785 0.00012643413 0.06019554 0.0020001018 0.008271976 0.0001571123 4.0556733e-06 0.0012233177 0.00024272148 0.020115837 0.00061268057 1.1933031e-06 0.0002275567 0.049581062 0.00033988114 0.00063014915 7.014027e-06 0.2924149 0.12626974 0.0015958509 0.30285543 0.0067111594 0.0014396406 0.1306723 3.5725989e-06 1.2720168e-05 5.7947793e-05 0.0032648991 2.2683505e-05 0.00018457105 0.02830678 0.06851501 3.5709434e-06 0.00028130657 0.0001479242 3.9769657e-07 2.6526004e-05 0.0004019594 0.00010479479 0.00013258729 1.0753703e-06 0.00041865103 0.0004038252 0.015906265 0.010983301 0.0013211706 0.048755407 0.033400226 0.0002080366 0.0037822113 1.1452596e-06 1.8465196e-05 0.0013615026 3.7383786e-06 2.4425972e-07 1.7913824e-06 1.2445649e-06 0.0006280427 8.3148596e-05 3.352715e-05 0.00094402465 0.0007716222 2.4958176e-06 6.424469e-06 1.007422e-06 3.5643122e-06
0.7113588 0.020183401 0.004604154 0.00037028256 0.10922147 0.013429713 0.44899473 0.0027776367 0.069242954 4.0678115e-05 0.012849754 0.00021789284 0.0004527698 0.17793891 0.008517953 0.002316568 0.0009818929 3.7991096e-05 2.4170877e-06 0.25049523 9.9974524e-05 8.5021065e-06 5.426583e-06 0.0011555847 8.084873e-18 1.7263245e-06 0.90265 0.005938782 2.1797838e-05 0.00012861664 2.0097077e-06 6.7336264e-06 4.082599e-05 0.00020256962 0.050816182 0.74514115 0.95792234 1.1269257e-06 8.037362e-07 7.648659e-06 0.8450396 0.9707791 0.08711948 0.17824212 0.049810644 0.17552905 0.25620508 0.25263017 0.06071009 8.012693e-06 3.743757e-05 0.0079807965 0.00026527207 0.0063213394 7.2284706e-07 0.00040785657 0.037946895 1.0146539e-05 0.00015103046 0.05414455 0.07819757 0.009168101 0.008539617 0.0056624818 0.03998573 1.130749e-05 0.00011155954 0.0025622565 0.0047486746 0.018134248 0.025393486 0.0022845343 0.0017603439 0.008675722 0.014946729 0.0015288694 3.2937692e-06 3.909388e-05 0.00018394356 0.02537652 1.3980902e-05 0.0063071614 0.00021388351 4.422352e-07 7.740049e-05 0.00024165027 0.0002931275 3.635803e-05 5.2196374e-05 5.576551e-06 2.363839e-05 2.8187816e-05 4.1655872e-05 0.00055454206 1.0146574e-06 0.00024220906 1.6117536e-07 3.074587e-06 6.7051424e-06 3.2367814e-06 0.00010321034
0.73367304 0.00076573377 7.569055e-05 0.093667 0.00030320633 1.032673e-05 1.4116696e-06 1.9323797e-06 2.0111678e-05 0.093243 9.095304e-07 0.015883928 0.0005812114 4.6398125e-07 0.0023028573 6.525191e-06 0.029937793 0.13004711 0.96635395 4.683219e-05 0.0011752438 0.956861 0.122705795 0.016517468 1.7263245e-06 1.1085919e-18 7.894729e-06 0.002345222 0.6133143 1.5794953e-06 0.91364855 0.003727407 1.0110674e-05 0.0012854454 5.672989e-07 3.124289e-06 1.8506482e-07 0.31133297 0.28551254 0.66394854 9.976627e-08 1.2779218e-08 3.4651444e-07 1.4478239e-08 6.0052025e-06 4.1488622e-08 2.4281093e-09 2.259518e-07 0.00010357182 0.0005714436 0.5671088 1.0594895e-07 0.17338338 0.0010678574 0.15972444 0.0025991546 8.041675e-06 0.31639305 0.056757227 1.9942628e-09 1.975505e-08 9.751519e-09 2.622981e-06 2.0344535e-09 4.5119645e-08 0.07348646 0.019765612 4.8677776e-08 1.0615523e-06 1.8596527e-08 5.7286445e-07 1.1147339e-06 5.4683255e-08 9.609464e-08 3.728009e-07 8.458687e-09 0.011546577 0.015043184 0.038278863 0.00021127601 0.017676316 0.00064842246 0.05977369 0.001711247 0.07066076 5.9198775e-09 1.2632691e-07 0.026481407 2.1539036e-07 2.4683557e-09 1.191645e-08 3.1250948e-09 6.833461e-07 1.8351452e-07 0.00019939388 1.9841347e-05 0.02590402 4.842402e-09 3.691067e-08 7.483301e-08 8.418309e-08
0.9253393 0.112939395 0.03226117 0.0047029615 0.5225027 0.014008878 0.7079037 0.0061378703 0.10415492 0.00022911212 0.0056244847 0.0020542091 0.0018461463 0.0598548 0.041397795 0.00034422224 0.026537724 0.0004416789 0.00010964702 0.8433493 0.00040228997 0.00016123634 1.6476168e-05 0.008769283 0.90265 7.894729e-06 2.2477202e-17 0.106728554 1.995766e-05 4.4699733e-05 1.679437e-05 1.4484627e-05 0.000144564 0.019041492 0.00057396176 0.9006056 0.51056236 1.1752974e-05 2.4257972e-07 4.2726355e-05 0.061054405 0.064494506 0.7248201 0.61495787 0.4411371 0.78478575 0.004051574 0.02183489 0.321169 7.4794925e-06 2.6991049e-05 0.000116861 0.0041188616 0.10423849 9.963325e-06 0.00894121 0.24823475 1.1171363e-05 0.0032464315 0.090351604 0.005789355 0.04108032 0.069042504 0.0337037 0.22549115 0.00036079527 0.0009850443 0.005820362 0.054550968 0.018057581 0.0016152947 0.00013895969 0.02544691 0.0029565846 0.02084084 0.0002830906 3.702857e-06 5.064424e-05 0.001336899 0.29007417 8.572398e-05 0.17268431 0.0006943917 5.565373e-08 0.00045346166 0.00043476143 0.0005824318 0.00011000545 4.5399347e-06 5.1035848e-05 0.00012816873 9.3260596e-08 0.004147138 0.0033190507 5.483548e-06 0.005965401 9.271293e-06 0.0008827653 0.00029113828 0.0001336704 0.0001189557
0.94224006 0.15229388 0.12870541 0.14911228 0.2530031 0.013078111 0.09307314 0.035143234 0.011021883 0.067166746 0.0015295569 0.057334278 0.027733473 0.0006767638 0.558399 0.0011092968 0.32705918 0.16101715 0.026168928 0.7371305 0.0016842771 0.011845274 0.0027064022 0.9146126 0.005938782 0.002345222 0.106728554 1.2695351e-16 0.0066722385 2.5454474e-05 0.0039846785 0.00069686485 0.00011161072 0.9118896 5.0226527e-06 0.0036842502 0.00021778046 0.0095246555 0.00033541562 0.0017420893 0.00025408866 1.7776749e-05 0.0016068404 0.00027324623 0.32010195 0.012449284 5.2526325e-06 8.065989e-05 0.41443312 0.000120155375 0.00021598741 3.87742e-06 0.15065566 0.73549384 0.00033637372 0.57692206 0.12686692 0.00024567838 0.073364146 4.6757195e-06 2.9769642e-06 0.00036167202 0.049311887 0.00012914021 0.0020079098 0.006672502 0.06728019 6.0936338e-05 0.0022855117 0.00021515787 3.0380124e-07 1.779059e-05 0.001970363 0.00014407595 0.00011212933 1.3147784e-06 3.5828572e-05 0.00010302821 0.011740713 0.14583483 0.00018984845 0.12917888 0.021417424 4.3973773e-06 0.0036082917 3.121021e-05 2.5473246e-05 0.0003775155 6.3888415e-06 2.5027036e-06 5.821563e-06 4.763667e-06 0.012022783 0.0013078996 1.8485448e-06 0.02096882 0.00019382378 0.0007054485 0.0011265846 0.00014150057 1.5896876e-05
0.6775026 0.016192492 0.00026183 0.20749989 0.001844421 0.00011777026 3.6567067e-06 0.00010058611 0.00016850354 0.38407412 6.170552e-05 0.12183096 0.018837765 1.26021405e-05 0.08178011 9.2852424e-05 0.043484826 0.4800447 0.73835516 0.00060557434 0.0955281 0.9506465 0.92093897 0.035516933 2.1797838e-05 0.6133143 1.995766e-05 0.0066722385 1.5952144e-12 7.821136e-05 0.67978895 0.38046613 0.017132506 0.0032443795 1.6201859e-06 4.70524e-05 2.142936e-05 0.023928834 0.9149942 0.34646934 3.342585e-07 2.5739422e-07 1.3232194e-05 4.024492e-06 0.00041116012 6.965104e-05 1.3641115e-07 4.781258e-06 0.00084721827 0.15118577 0.24604489 5.042522e-06 0.22888862 0.0018134015 0.0126348445 0.0022525548 7.436253e-05 0.14183103 0.019361148 1.0437996e-06 1.7844214e-07 7.4781485e-05 0.00011598852 8.896558e-05 0.0001128567 0.0271866 0.005666636 0.00083390286 0.0005264556 2.5157644e-06 2.5286813e-06 2.0474772e-05 0.0002716628 3.1650868e-06 4.664369e-05 3.9217812e-07 0.028922949 0.00510892 0.017717622 0.00037142527 0.008180455 0.00038776625 0.028341493 0.0009752395 0.03426052 2.3342916e-06 5.847395e-07 0.018423839 6.4060316e-07 2.729226e-07 8.237078e-07 7.131901e-09 4.0583374e-05 0.00036186283 0.00026805548 4.1091138e-05 0.078410506 2.5715133e-05 0.000313725 7.853491e-05 4.1468707e-07
0.00021975809 0.0042646485 0.0030622517 2.8433102e-05 0.0001164145 0.00743196 0.00041173416 0.12781084 0.0035107615 3.3898523e-05 0.024848124 0.0052792444 0.38345945 0.0049738325 0.00070234085 0.960829 1.3327788e-05 8.026826e-06 1.0147934e-05 2.8540096e-06 0.21494612 5.208188e-06 0.00022116274 2.0877846e-05 0.00012861664 1.5794953e-06 4.4699733e-05 2.5454474e-05 7.821136e-05 2.474281e-20 1.6705196e-06 0.002091972 0.99088305 5.324108e-07 0.26410022 5.7842888e-05 5.6009914e-05 1.530763e-07 5.0741505e-07 5.150028e-07 0.00015996695 2.1437934e-06 5.897991e-07 9.732966e-07 2.7342528e-06 3.6264044e-07 4.9979826e-06 5.7687394e-06 7.84556e-06 0.0011009639 8.919926e-06 0.00081035995 7.4225005e-05 4.4824833e-06 1.3348344e-07 1.8664504e-06 3.5693806e-06 3.127219e-06 2.8433683e-06 1.94133e-05 9.080484e-07 5.4658854e-06 1.4299842e-05 6.5170066e-06 1.8399522e-05 2.4437518e-06 1.3170932e-05 2.5021714e-06 1.4709801e-06 2.3819644e-06 7.0974033e-06 4.373298e-05 2.7489966e-06 1.2354317e-05 1.1161551e-06 9.096791e-08 2.1882232e-07 5.021175e-07 1.8324389e-06 3.007393e-05 9.8197056e-08 3.2097385e-05 2.58994e-05 1.1743287e-10 7.419156e-06 1.872288e-07 4.6366427e-08 3.385045e-07 5.199177e-06 1.8097323e-09 4.9688893e-09 1.5942278e-06 2.3889336e-07 2.1898076e-07 1.174634e-09 2.364989e-07 3.2680777e-08 7.7427825e-10 1.8857367e-09 2.0483206e-07 1.3677895e-08
0.9495781 0.0041138213 0.0011875548 0.06340792 0.0003763682 6.34802e-05 7.1995596e-06 7.62743e-05 4.463886e-05 0.13780725 1.574709e-05 0.02408713 0.002790038 1.6183344e-06 0.0065508527 8.237377e-05 0.06840474 0.3919955 0.90111184 9.9844285e-05 0.005526486 0.7601766 0.17596337 0.0819677 2.0097077e-06 0.91364855 1.679437e-05 0.0039846785 0.67978895 1.6705196e-06 4.148855e-15 0.0065468955 4.3874057e-05 0.012591497 3.3835947e-06 5.5319297e-06 4.6705757e-08 0.6127142 0.122473255 0.8971973 7.4380034e-07 3.835987e-08 8.2474065e-07 1.25011e-07 5.318293e-05 3.7333725e-06 5.3836266e-07 9.000041e-06 0.001421245 0.0012535898 0.36500755 9.916199e-07 0.4547324 0.0031735303 0.10390081 0.014253151 0.00013417922 0.31045195 0.18211065 4.771949e-09 9.1000584e-07 1.3824959e-08 4.2636943e-06 5.8913456e-09 5.0482504e-07 0.17374678 0.058347687 2.2058307e-06 7.4788824e-07 6.0897645e-07 1.2408312e-05 3.686132e-06 3.2057525e-07 6.141805e-06 3.1521145e-07 6.350599e-07 0.00096647564 0.0013983682 0.099831596 0.0009641865 0.00069264503 0.011973673 0.17222828 0.00043919522 0.19595441 1.9738327e-08 3.7456175e-07 0.022875413 2.429651e-06 2.9688609e-08 1.5000047e-07 1.8661434e-07 2.2935139e-05 2.0247062e-07 0.00032007656 2.4839841e-05 0.0016321624 3.0363526e-07 1.1692833e-06 1.6782529e-06 8.0746895e-06
