4.9174003e-32 0.83243906 0.71716446 0.81747264 0.28093332 0.16636905 0.5761705 0.61770964 0.36198893 0.76605266 0.4798394 0.93415976 0.20847595 0.96449834 0.1781814 0.061461147 0.033854593 0.007467127 0.032555684 0.031181576 0.58185387 0.98387015 0.0040812735 0.014041046 0.85326207 0.0274167 0.008686265 0.0074638766 0.05404437 0.7572312 0.0012837369 0.010683031 0.6717941 0.97500694 0.84598786 0.0020579053 0.56234795 0.8916377 0.45877534 0.9871309 0.0007994809 0.97734374 0.47361585 0.002823711 0.5872764 0.56393707 0.00083295867 0.00073784956 0.1156934 0.29218397 0.2186768 0.00076815696 0.00024231324 0.15267853 0.80374616 0.00029129576 0.9952852 0.0010421495 0.2623066 0.41325605 0.08943027 0.531012 0.97431314 0.00025892325 0.00013886602 0.48753121 0.0039805635 0.0011214896 0.00014142865 5.9536273e-05 0.7941366 0.04307887 0.0020868198 0.6405151 0.99128 0.9998308 0.47403145 0.059351005 0.86314493 0.15712169 0.008511607 0.9999543 0.6257793 0.0031686767 0.8558815 9.360227e-07 0.00073559466 0.00032525163 0.99931693 0.0024391164 0.17082876 9.3898564e-07 3.7737092e-07 0.99989563 1.4765402e-06 7.416655e-05 0.8509194 0.9965271 0.0065899175 0.99835414 6.0999664e-05
0.83243906 3.93447e-18 0.7510558 0.65915906 0.08555313 0.03269968 0.036906157 0.82471514 0.035344094 0.0063915118 0.020131938 0.17442101 0.030696493 0.29996657 0.24203746 0.25525331 0.038175542 0.06532525 0.13723706 0.2521634 0.017022572 0.0059535513 0.030752286 0.06149457 0.0017743155 0.015976662 0.015042445 0.04577015 0.034100775 0.0018151661 0.007286295 0.036676858 0.002003669 0.11187118 0.0006610898 0.014783199 0.004777904 0.0021904733 0.00535697 0.06290862 0.0059697465 0.0030184656 0.0004151443 0.0025820693 0.001087085 0.0006754044 0.011656926 0.0063336245 0.004466637 0.00059775397 0.0011282834 0.0052312147 0.00075007003 0.00093435677 0.027030585 0.0017872488 0.004738035 0.0020570734 0.0014228901 0.00614542 0.0053415024 0.00031698175 0.00033085787 0.00043732635 0.0003174461 0.00016448466 0.00021880741 0.0002492911 6.012483e-05 2.6363918e-05 1.3559881e-05 0.0007533268 0.004371319 5.3859687e-05 0.0279819 0.004515917 0.00016431611 6.669165e-05 1.0761259e-05 0.00032207544 1.1078551e-05 0.004948388 6.1955034e-06 7.278967e-06 0.023552006 0.0002588746 4.910778e-06 5.0153676e-06 0.00038891952 1.33712265e-05 3.058119e-07 6.113789e-06 0.00010870767 0.009484799 4.1003255e-05 1.8584683e-06 0.064708896 7.586985e-05 1.4400601e-06 5.2904503e-05 3.857362e-05
0.71716446 0.7510558 3.2894892e-20 0.9573571 0.033683825 0.01166573 0.007987341 0.20236614 0.03918813 0.0057404824 0.024806771 0.29239476 0.007745931 0.5398054 0.08929615 0.02126564 0.0066162082 0.015397736 0.022946535 0.024738763 0.014701394 0.0029536495 0.0038172014 0.008337471 0.00079225114 0.0057601393 0.0026690147 0.0063965605 0.014829578 0.0008122242 0.00063542835 0.0047906474 0.0011556498 0.14338112 0.0002533705 0.00095741614 0.0032845754 0.001351741 0.0012500382 0.13421032 0.0006207231 0.0020438896 0.00027252172 0.000560859 0.00033854475 0.00014904219 0.0015772686 0.0016245756 0.0007980488 0.0003167113 6.217353e-05 0.00090568134 0.00017154682 5.044598e-05 0.02320842 0.00034883223 0.011561811 0.0006447492 3.7513513e-05 0.0053660716 0.002608856 4.5932462e-05 0.00022494335 0.00011495403 6.2893756e-05 4.8721436e-06 0.00013286373 4.6437744e-05 8.9243495e-06 5.0631537e-05 1.2936814e-06 0.000104806284 0.0010251988 3.877901e-06 0.10500023 0.010409924 3.7206164e-06 1.4687303e-06 2.3381227e-07 2.1982232e-05 8.5825695e-06 0.017070793 1.18105135e-07 2.3198643e-06 0.018130451 4.706142e-05 6.2804297e-06 4.947368e-06 0.00044602607 6.73257e-07 3.3104314e-08 1.915505e-06 4.1735322e-05 0.040953383 7.805379e-06 1.907597e-06 0.06287523 1.0184427e-05 4.878963e-07 5.5128753e-06 6.24532e-05
0.81747264 0.65915906 0.9573571 1.7415469e-18 0.06819469 0.028991533 0.028691191 0.10108837 0.14467844 0.031554192 0.054887723 0.68565315 0.028559033 0.5078867 0.023277247 0.011921044 0.013446156 0.031484816 0.034867372 0.01707517 0.042733394 0.010300641 0.0016388872 0.009099091 0.00762024 0.020520031 0.001179466 0.008304997 0.0075657787 0.0024589405 0.00029271207 0.0018604423 0.0027588538 0.1974273 0.0009815588 0.00033528992 0.01382984 0.0025912952 0.0044678194 0.20770279 0.00030239744 0.004343441 0.0005336998 0.00025918512 0.00060443743 0.00029159203 0.0013169904 0.0019897902 0.0022681109 0.0005239974 0.0003211553 0.0029285979 9.1011614e-05 0.0003523032 0.02903448 0.00014355626 0.02992462 0.0008042082 0.00015581251 0.0044913306 0.001900632 9.036382e-05 0.00079366035 0.00014842204 5.505381e-05 9.558126e-06 0.00016388886 4.4642606e-05 1.1090539e-05 0.000117247684 6.78842e-06 0.00053259503 0.00055888423 7.065042e-06 0.17182605 0.016610613 1.1161449e-05 3.5891685e-06 2.7547596e-06 2.0926302e-05 1.6111082e-05 0.024082066 2.0017818e-07 8.447099e-06 0.02083383 8.424125e-06 9.9931385e-06 8.596774e-06 0.000656995 2.8262634e-06 3.9654317e-08 1.1583608e-06 1.2789588e-05 0.067667186 3.4486225e-06 4.176433e-06 0.061935976 2.1141941e-05 2.3379064e-07 3.6176105e-05 8.8065884e-05
0.28093332 0.08555313 0.033683825 0.06819469 9.296494e-22 0.83472496 0.80351186 0.004892902 0.44596124 0.25830477 0.14463781 0.22064841 0.16882057 0.004797919 0.00088887906 0.0003010953 0.08557706 0.057849444 0.05089593 0.0053189043 0.13845946 0.10098744 3.031856e-05 0.0058382438 0.046229903 0.034316696 2.5749612e-05 0.012542055 0.00015480445 0.010118484 1.3464934e-05 2.5529911e-05 0.0073845787 0.002469212 0.008847966 1.8881392e-05 0.046749584 0.010540114 0.022216959 0.0029006314 0.00010989355 0.020484343 0.013917349 1.203007e-05 0.0099219335 0.006591194 0.00330683 0.005125478 0.010153326 0.004722931 0.0020778729 0.008684526 3.2943302e-05 0.0013127162 0.00092002715 9.932407e-06 0.046889853 0.0057790615 0.00076660543 7.1690396e-05 0.00017030552 0.00062714855 0.0011037219 0.0021488576 0.00046523858 4.799507e-05 0.00048369152 0.00024697394 8.896635e-05 6.1843466e-06 0.00015749258 0.00078750734 8.441866e-06 6.4376945e-05 0.02220137 0.018297326 1.689429e-05 3.097623e-06 4.085645e-05 4.6005276e-05 1.34349975e-05 0.017006509 2.5487086e-06 1.2477226e-06 0.002759664 1.1976355e-06 7.838314e-06 3.7093464e-06 0.0016854397 1.7524019e-06 6.282478e-08 2.3530102e-08 5.875669e-07 0.017395584 2.1817478e-08 1.673677e-06 0.0076706633 0.00068118447 4.5097e-07 0.0001977441 5.9497534e-06
0.16636905 0.03269968 0.01166573 0.028991533 0.83472496 2.3219138e-23 0.8201867 0.0020942464 0.27022612 0.5449426 0.13042508 0.11628036 0.309666 0.0014065879 0.0009783854 0.00018799165 0.07064991 0.029322144 0.025693843 0.002444125 0.19516546 0.09414441 4.028576e-05 0.00312203 0.064740606 0.037814435 2.5994867e-05 0.008195644 0.00019393749 0.009604082 7.546326e-06 3.551641e-05 0.006417167 0.0018415814 0.010955479 5.4005606e-05 0.07106966 0.0077017643 0.03333071 0.0017775988 0.00010682124 0.019758623 0.023298267 1.5796348e-05 0.016929394 0.0149558475 0.0029363094 0.0053128083 0.014332229 0.010490139 0.00857163 0.009580435 3.6851914e-05 0.0051293415 0.00098529 8.344087e-06 0.04354451 0.0074410564 0.002879114 1.4908148e-05 3.7855003e-05 0.0014988079 0.0016972678 0.00274289 0.0007540869 0.00042852486 0.0014024363 0.0011125806 0.00038212765 1.638648e-06 0.0004963282 0.0025941276 1.828765e-05 0.0004256682 0.019933334 0.023590237 0.0001072156 2.0034646e-05 0.00023509962 0.00026541125 7.36101e-05 0.015521993 1.38170835e-05 5.203805e-06 0.0010548041 2.1380865e-06 2.4519259e-05 1.2901951e-05 0.002611938 5.0150616e-06 1.222352e-06 5.090715e-08 1.6552813e-06 0.011783547 1.67996e-08 1.8800823e-05 0.0016297009 0.0014019902 9.1736524e-07 0.000532845 2.1858832e-05
0.5761705 0.036906157 0.007987341 0.028691191 0.80351186 0.8201867 3.6699964e-21 0.000765352 0.13440952 0.52314043 0.13727373 0.14238493 0.8753545 0.0018348314 0.00023183275 0.0002345702 0.43026564 0.13576287 0.16772757 0.0038323533 0.23718567 0.12234415 3.2874384e-05 0.0071164663 0.041622322 0.13940783 7.2035077e-06 0.01788791 2.2785887e-05 0.00866437 1.0475897e-05 3.2301778e-05 0.0065960605 0.00061098376 0.0038014548 5.795249e-05 0.03979776 0.01933311 0.07465698 0.0015631089 0.00024258978 0.027538722 0.005627012 7.6910255e-06 0.003261423 0.0062634256 0.008899334 0.014755832 0.062433187 0.0014896105 0.0170522 0.043701753 0.00017884294 0.0062290663 0.000108321765 4.9141045e-06 0.034611076 0.027754733 0.001430448 3.2266203e-06 1.5104003e-05 0.000491395 0.000779968 0.018099511 0.0067849443 6.2363375e-05 0.00976001 0.0070500374 0.00329505 0.00018148578 9.615116e-05 0.0051483368 6.690081e-06 3.814699e-05 0.01076207 0.017954113 9.309754e-06 1.9555291e-06 0.00011428572 4.982794e-05 4.079007e-05 0.011200717 2.5993393e-06 7.550695e-06 0.0012218923 2.4555704e-06 2.6131947e-05 1.11302725e-05 0.0011994662 1.3732948e-06 1.5407676e-07 1.668683e-07 2.8429548e-07 0.0034760886 1.0882465e-08 7.2328467e-06 0.00032427325 0.00076967163 3.1332985e-07 0.00032192434 3.0090741e-05
0.61770964 0.82471514 0.20236614 0.10108837 0.004892902 0.0020942464 0.000765352 2.8824394e-20 0.0058617448 0.00026730727 0.0010608273 0.032216202 0.0020301598 0.39402854 0.8819506 0.6442234 0.002028688 0.008183753 0.015909458 0.24882601 0.0011545626 0.00029103973 0.37690982 0.027415996 4.8390237e-05 0.003657169 0.35397553 0.010575107 0.3319243 3.5369878e-05 0.16403757 0.28004712 4.236528e-05 0.33171126 2.4837236e-05 0.031475622 0.00036041302 4.964873e-05 0.00015675326 0.07959514 0.0035603784 7.497142e-05 5.4800435e-05 0.06379608 3.673521e-05 1.6735661e-05 0.001432823 0.0019346017 6.207204e-05 0.0001227059 1.4289551e-05 0.00028877953 0.00022747317 1.5766984e-05 0.06535276 0.0129757915 0.0003817283 4.0428546e-05 2.604067e-05 0.021339344 0.045857184 8.631721e-06 2.7972285e-06 3.145244e-05 2.610472e-05 1.0491488e-06 6.762651e-06 2.631058e-06 2.310668e-06 1.5378979e-05 1.4786829e-07 1.98841e-05 0.031487253 2.9871594e-06 0.0073768673 0.00030574764 1.2840607e-06 6.436608e-07 1.508152e-07 4.027475e-06 2.3703018e-07 0.00020153254 1.2053808e-07 7.264753e-07 0.009854841 0.0003257104 2.4380893e-07 4.522004e-07 3.5244468e-06 2.7270903e-07 2.1800545e-08 6.763947e-06 0.00021521862 0.0024576313 0.0005412159 9.970044e-08 0.05529275 6.81674e-07 7.3770565e-08 9.825696e-07 1.9170732e-06
0.36198893 0.035344094 0.03918813 0.14467844 0.44596124 0.27022612 0.13440952 0.0058617448 3.890813e-18 0.4631064 0.93873465 0.8480103 0.09288529 0.009427646 0.004158564 0.0007145058 0.031524073 0.025507817 0.022341605 0.0011434155 0.19880074 0.47568652 0.00010753959 0.00053973455 0.08622442 0.024352506 5.262457e-05 0.001006078 0.0006050337 0.019708784 3.9676583e-05 0.00013640003 0.012731608 0.0081145195 0.010836356 8.822725e-06 0.079856575 0.014088005 0.04097949 0.018040901 2.8337812e-05 0.035907745 0.013410458 8.3861334e-05 0.011280994 0.014373018 0.00087316125 0.0013392591 0.0096025085 0.006040038 0.010154237 0.002537396 2.6923026e-05 0.009146708 0.0029169926 1.0628423e-05 0.10297546 0.0023375545 0.00346378 0.000437872 0.00023058383 0.0010723098 0.007780462 0.0006407309 0.00016324791 0.0005805209 0.00055046333 0.00015560862 3.239995e-05 2.1047663e-06 0.00034380276 0.0016438453 0.00015331247 5.6721183e-05 0.1999213 0.07018225 0.0004378693 9.091722e-05 0.00075196626 0.00031597668 0.000280645 0.06643645 1.3106141e-05 2.8611921e-05 0.00651982 3.5157855e-06 2.7022701e-05 2.2939535e-05 0.013240261 1.4124231e-05 2.206647e-06 2.9792065e-07 2.9296284e-06 0.06981606 1.2197394e-07 7.586945e-06 0.0059248856 0.0017370749 8.597667e-06 0.00058722385 2.3767998e-06
0.76605266 0.0063915118 0.0057404824 0.031554192 0.25830477 0.5449426 0.52314043 0.00026730727 0.4631064 1.2177232e-16 0.6331978 0.2413332 0.55564076 0.0013679311 0.00017106782 0.00016835239 0.11818676 0.048359595 0.03426573 0.00039338018 0.8434711 0.72946054 6.6854285e-05 0.00021233223 0.32965505 0.12304401 1.2177718e-05 0.0008790097 4.056368e-05 0.08230101 3.4783316e-05 3.3871802e-05 0.055205066 0.0008367911 0.03675598 3.5537023e-06 0.20539407 0.072808914 0.2071171 0.0026910296 1.3137662e-05 0.121947445 0.03852108 1.262225e-05 0.03226244 0.054359477 0.0013301835 0.0023698288 0.05458298 0.017377105 0.056103114 0.014787634 8.0588725e-06 0.05149213 0.0001261671 4.3328598e-07 0.21500114 0.017669829 0.016356168 3.612611e-05 0.00016344122 0.006193262 0.011251078 0.0058339606 0.003584874 0.0025795724 0.007241606 0.004612053 0.0014618586 1.1655318e-05 0.004298299 0.0062101325 3.084948e-05 0.00082877604 0.056924295 0.12617396 0.0009912527 0.00047243005 0.0019023177 0.0010934232 0.00042123377 0.046474624 0.00019028691 0.00010088402 0.00020679458 5.3544255e-07 4.42118e-05 2.9484963e-05 0.007194018 5.2336985e-05 1.6280006e-05 1.2323402e-07 4.4680638e-07 0.012331787 1.08297115e-07 4.323773e-06 0.00012653244 0.0027627475 6.8695335e-06 0.001169105 2.582425e-05
0.4798394 0.020131938 0.024806771 0.054887723 0.14463781 0.13042508 0.13727373 0.0010608273 0.93873465 0.6331978 6.168555e-17 0.30621332 0.13740215 0.002821455 0.0004979941 0.0001605044 0.050281428 0.032778934 0.017951775 0.00023551748 0.35001302 0.8931938 6.0729864e-05 0.00027169025 0.24191286 0.058264118 2.7987136e-05 0.0008733037 0.00018170365 0.057623524 5.0623185e-05 5.047779e-05 0.04283828 0.002090233 0.03574364 5.9765957e-06 0.16210176 0.037146658 0.0991274 0.0075433585 2.5905549e-05 0.06935113 0.043910094 7.4495685e-05 0.030546881 0.057502013 0.001584568 0.0025330912 0.024546891 0.020139452 0.037896372 0.0052885916 6.0399718e-05 0.03804592 0.0005876353 3.523257e-06 0.1895242 0.006779576 0.015495024 6.9490416e-05 0.00014772388 0.003954946 0.013766814 0.003077568 0.0009303387 0.0031436102 0.0028834443 0.0011369018 0.00038797435 2.4010938e-05 0.0014750618 0.0069385488 0.00024894992 0.00030935876 0.16781445 0.1422694 0.0012795543 0.00052194786 0.0027832293 0.00089593907 0.00085024105 0.108692385 4.3001626e-05 0.00031500997 0.000776925 3.39259e-06 0.00021189771 0.00010154337 0.022792725 0.00016454759 1.5110805e-05 9.4999064e-07 3.5116404e-06 0.06293943 2.0689266e-07 2.6526788e-05 0.000509908 0.00387885 2.4602363e-05 0.0012469585 3.4704124e-05
0.93415976 0.17442101 0.29239476 0.68565315 0.22064841 0.11628036 0.14238493 0.032216202 0.8480103 0.2413332 0.30621332 5.66673e-21 0.104426794 0.18448627 0.014147055 0.0049034543 0.03994845 0.029734632 0.041347142 0.0028450147 0.30872315 0.15887423 0.0010583834 0.0013367294 0.11489561 0.0335835 0.0005432329 0.0027046101 0.0021519542 0.013473966 5.3413034e-05 0.00053088326 0.008567351 0.14738728 0.012893876 1.4615129e-05 0.10320089 0.011029354 0.044631306 0.33948442 1.725152e-05 0.026914807 0.01443968 8.177835e-05 0.012292242 0.0068171415 0.00021214945 0.00015502679 0.004324922 0.003725637 0.0052321125 0.002503377 5.0722665e-06 0.005381025 0.0381226 1.6219127e-06 0.13199714 0.00040294402 0.0010313129 0.011438125 0.00164342 0.0005557338 0.0027503462 2.0029296e-05 3.9329992e-05 6.541531e-05 3.9081093e-05 1.7941582e-05 1.014239e-05 7.478921e-08 9.2272625e-05 0.00012178862 4.5486868e-05 6.090679e-06 0.7542897 0.19094162 9.1232854e-05 2.7110243e-06 0.00011887314 3.804998e-05 6.6351004e-06 0.22284505 4.8397897e-07 3.542458e-06 0.44984305 8.7585374e-07 8.23308e-07 1.1234008e-06 0.020702869 7.194957e-07 1.4669224e-07 9.133628e-09 6.048542e-07 0.5480889 7.978736e-08 5.8684808e-08 0.17260455 0.00079895 1.6384918e-06 0.00025609444 1.218338e-06
0.20847595 0.030696493 0.007745931 0.028559033 0.16882057 0.309666 0.8753545 0.0020301598 0.09288529 0.55564076 0.13740215 0.104426794 7.204639e-20 0.0022015856 0.00045287388 0.00025010286 0.7646249 0.19312687 0.14814477 0.0031439653 0.66386485 0.102119975 0.000116529794 0.002960625 0.06551601 0.8802336 8.550715e-06 0.019905124 3.6832316e-05 0.015797524 1.7014067e-05 4.336241e-05 0.010009517 0.001095933 0.0075853243 1.4499153e-05 0.14487164 0.019003771 0.35774264 0.0016183391 7.727628e-05 0.02737922 0.024485517 1.2270875e-05 0.014247566 0.034290686 0.0148166865 0.024501296 0.22682321 0.012801111 0.0851328 0.13205682 0.000110672685 0.037869837 0.00017047646 1.8449925e-06 0.026907833 0.09461493 0.013496504 1.1658232e-05 0.00012486642 0.0021033885 0.00047203508 0.058279026 0.023647368 0.0012154479 0.03469718 0.027640734 0.01587373 6.100961e-05 0.00033829655 0.022365525 1.5544125e-05 0.00014787556 0.008113096 0.004448135 0.00043894947 0.0001626107 0.00020811954 0.00050600065 0.00024920006 0.0026475724 3.1298194e-05 1.7345752e-05 0.0003654516 2.8901147e-06 9.324064e-05 3.5930436e-05 0.00038082307 2.4464533e-05 2.3914672e-06 2.4416144e-07 4.2490828e-07 0.00074943295 5.2290513e-08 1.0031017e-05 0.00014743129 0.00036103002 1.3014476e-06 0.00033107947 4.6109246e-05
0.96449834 0.29996657 0.5398054 0.5078867 0.004797919 0.0014065879 0.0018348314 0.39402854 0.009427646 0.0013679311 0.002821455 0.18448627 0.0022015856 1.480175e-19 0.6525828 0.0077655395 0.0006116772 0.0044825203 0.0062061064 0.0063296305 0.0012804583 0.0023156449 0.0032529086 0.0017630296 0.00031983337 0.0019507607 0.019062646 0.00055154867 0.12159302 3.449631e-05 0.0009348381 0.004174735 8.661056e-05 0.7107901 3.6340402e-06 0.00045275688 2.9459525e-05 0.00035253714 0.00024807634 0.59948814 0.00015121682 0.00068013894 1.9549846e-06 0.00234122 9.903365e-07 1.649922e-05 0.00020492049 2.2495522e-05 1.3143415e-05 2.5231939e-06 7.2638596e-07 0.0003077427 1.4035568e-05 3.074958e-07 0.20331496 0.00038359972 0.0020768177 1.86056e-05 2.2279903e-07 0.13475557 0.054542664 5.4520194e-07 3.015765e-07 4.0506716e-06 3.4398329e-06 2.0523487e-07 4.1946328e-07 1.1714508e-06 1.543476e-06 3.5696532e-06 5.327641e-08 1.0616839e-06 0.011197695 2.6174544e-07 0.1645837 0.0013226215 5.144468e-08 1.5265032e-07 2.908783e-09 5.24977e-07 8.351076e-08 0.004978417 1.4465625e-06 4.015528e-08 0.05224519 4.644833e-05 5.8134464e-08 1.9734007e-07 1.2388289e-06 5.1795657e-09 3.571841e-07 2.8981244e-06 4.7998135e-05 0.2615023 8.760827e-05 2.4594938e-08 0.09702116 2.0710391e-07 4.3108625e-07 6.8918766e-08 4.3161385e-06
0.1781814 0.24203746 0.08929615 0.023277247 0.00088887906 0.0009783854 0.00023183275 0.8819506 0.004158564 0.00017106782 0.0004979941 0.014147055 0.00045287388 0.6525828 8.665215e-23 0.085908584 0.0001991303 0.0018054179 0.001256358 0.0208505 0.00026986946 0.00021447506 0.12079765 0.0021581126 1.6500604e-05 0.001062881 0.43315938 0.00070702663 0.7677202 1.28976335e-05 0.052650794 0.056722037 1.7672453e-05 0.53265834 1.2579254e-05 0.0024841195 0.00011450424 2.9004901e-05 5.0293318e-05 0.20133606 0.00013969606 6.119614e-05 2.7108528e-05 0.042589806 7.3659985e-06 2.2965278e-05 6.963165e-05 5.5140456e-05 1.6291982e-05 1.0748694e-05 4.314686e-06 8.0817976e-05 1.8767825e-05 3.3686938e-06 0.18545389 0.0007443092 0.00021455668 4.2663137e-06 1.029708e-05 0.11998924 0.3562441 1.9018278e-06 1.7104587e-07 3.842805e-06 7.559828e-07 1.9638833e-06 3.871255e-07 1.5580765e-07 8.368489e-08 9.1239554e-07 2.1957446e-07 9.5029515e-07 0.054529883 7.503e-07 0.0070227324 4.0350664e-05 5.501523e-07 2.5940062e-07 6.607452e-09 8.3873084e-07 6.2090244e-08 1.52089715e-05 3.4003557e-07 2.9236302e-08 0.017377261 4.209159e-05 1.423701e-08 3.849312e-08 1.1118167e-07 8.392621e-09 1.2668892e-08 3.478056e-07 6.7298104e-05 0.001091689 0.0010364039 2.7348848e-09 0.11337686 4.307663e-08 2.6814673e-08 4.1409567e-08 5.4021007e-07
0.061461147 0.25525331 0.02126564 0.011921044 0.0003010953 0.00018799165 0.0002345702 0.6442234 0.0007145058 0.00016835239 0.0001605044 0.0049034543 0.00025010286 0.0077655395 0.085908584 1.3077285e-22 0.0002406464 0.0021606858 0.006003697 0.81184596 0.000100749596 2.0739903e-05 0.71399724 0.19316134 2.4933996e-05 0.00047598756 0.14273147 0.022808485 0.026612004 3.080907e-06 0.30135065 0.55259156 4.389538e-06 0.009274344 3.8319e-06 0.22547472 2.8829098e-05 4.2489473e-06 2.3774037e-05 0.004297615 0.00891206 3.236158e-06 6.9023813e-06 0.076426215 6.35331e-06 1.1404831e-05 0.00070074375 0.00050333503 2.4002995e-05 9.419863e-06 3.2398882e-06 0.00019632185 0.00042107492 3.7838236e-06 0.0033759912 0.05280219 4.166982e-05 5.9725444e-06 5.9253766e-06 0.0008437009 0.0010172904 1.1988764e-06 1.501857e-07 6.702246e-06 1.1835076e-06 3.2850843e-07 5.07843e-07 3.6388863e-07 2.7085736e-07 2.7148217e-05 1.4586735e-07 8.5786127e-07 0.0044665094 1.0042326e-06 0.00078121305 5.0108618e-05 2.9075383e-07 8.999062e-08 9.532064e-08 5.602765e-07 4.7641212e-08 8.24458e-06 1.2566412e-07 3.6645996e-08 0.0027008422 0.0009715851 7.350384e-08 1.0801532e-07 8.3208795e-07 5.815398e-08 8.039179e-09 1.299615e-05 0.0003018169 0.00010094562 0.0002469351 1.5153809e-07 0.006899809 2.4361218e-06 1.268214e-08 2.1923456e-06 2.2073814e-06
0.033854593 0.038175542 0.0066162082 0.013446156 0.08557706 0.07064991 0.43026564 0.002028688 0.031524073 0.11818676 0.050281428 0.03994845 0.7646249 0.0006116772 0.0001991303 0.0002406464 2.0677551e-22 0.76046383 0.6880732 0.0103135975 0.1396543 0.019770792 2.9787463e-05 0.04127365 0.02738195 0.52097523 6.001504e-06 0.13584954 3.0919487e-05 0.002719495 1.26884015e-05 5.2451516e-05 0.0019088793 0.0008115967 0.0021465442 0.00025165107 0.041403662 0.0030820237 0.06789999 0.0006698505 0.0017290589 0.0038746502 0.008876245 3.4896188e-05 0.0021578225 0.013158561 0.037155267 0.055237953 0.16678108 0.0031151478 0.014127048 0.14568485 0.0013055343 0.0039557684 0.00020438163 9.706396e-06 0.00282004 0.050774973 0.0018418564 3.5466294e-06 9.826915e-05 0.00022467534 4.0489744e-05 0.032968506 0.008453665 0.00015708982 0.014323846 0.011195661 0.005360849 0.001384104 6.4008476e-05 0.011032858 1.6229504e-05 6.187458e-05 0.002925219 0.0032600095 4.2981083e-05 1.3373918e-05 4.7334347e-06 7.5309006e-05 6.133894e-05 0.001289432 9.762243e-06 5.5146206e-06 0.00030791856 5.711959e-06 0.00012400393 4.4711967e-05 0.00018085689 9.882548e-06 3.9864852e-07 2.9995401e-06 3.6309189e-06 0.0007087028 7.8236674e-08 6.2114086e-05 0.00033294095 0.00027291966 4.0085934e-07 0.0002835759 0.00087168114
0.007467127 0.06532525 0.015397736 0.031484816 0.057849444 0.029322144 0.13576287 0.008183753 0.025507817 0.048359595 0.032778934 0.029734632 0.19312687 0.0044825203 0.0018054179 0.0021606858 0.76046383 4.7912365e-21 0.7833352 0.03463636 0.066531874 0.0069639985 0.0002938381 0.10211653 0.013851922 0.13002571 5.2129664e-05 0.23414333 0.00024780774 0.002052162 6.0155522e-05 0.00018165012 0.001420547 0.0032563617 0.0015303406 0.0031052304 0.03323384 0.0017659786 0.03102311 0.0013961224 0.013729107 0.0021330393 0.008555203 9.019396e-05 0.0030136548 0.0072383224 0.04647714 0.066653475 0.048826728 0.0043445304 0.0080353785 0.054426305 0.0058432673 0.004263105 0.00085781515 9.228319e-05 0.0024099287 0.022211954 0.0017407415 0.00014081172 0.0001630853 0.00042888732 0.00012352107 0.010508728 0.0036303254 0.00024233636 0.005866515 0.0032861908 0.0014186837 0.002574841 0.000167931 0.0038471494 0.000100843135 0.0001625172 0.0047276313 0.0015308375 7.737488e-05 2.0047699e-05 5.5421897e-06 0.0001281427 1.9932457e-05 0.0006466572 3.5174842e-05 2.5764512e-06 0.0012987256 9.619656e-05 5.6008685e-05 1.969261e-05 0.000663426 3.608904e-06 3.917156e-06 0.00012370014 1.6089389e-05 0.001074644 5.3112274e-07 3.6573434e-05 0.0042265886 0.0005285919 4.681212e-06 0.0005384071 0.00038884187
0.032555684 0.13723706 0.022946535 0.034867372 0.05089593 0.025693843 0.16772757 0.015909458 0.022341605 0.03426573 0.017951775 0.041347142 0.14814477 0.0062061064 0.001256358 0.006003697 0.6880732 0.7833352 8.805976e-22 0.08716056 0.050753936 0.006824339 0.00055819174 0.41308483 0.0135011915 0.13539147 5.3832162e-05 0.55546093 0.00019998594 0.001742945 9.0520625e-05 0.0008787106 0.0020290217 0.00540475 0.0005819241 0.015783783 0.02078124 0.004990015 0.046721872 0.0029988983 0.05677432 0.004762605 0.0031427122 0.00014639883 0.00056111976 0.005824579 0.12051799 0.121945046 0.08799204 0.0010079002 0.008261254 0.12118637 0.027797073 0.003940995 0.00093984127 0.00040174363 0.0017561519 0.049452096 0.0013155756 0.00012067801 0.00019142505 0.00014267702 5.3825235e-05 0.022976402 0.0061160084 0.00010595993 0.009790229 0.0065880483 0.0029443016 0.008893848 0.00014485036 0.005116087 7.6843724e-05 7.465044e-05 0.005653886 0.002369064 2.0971895e-05 4.997482e-06 5.2469104e-06 2.0595367e-05 3.1381882e-05 0.0010193279 1.6541837e-05 2.15092e-06 0.0057175294 0.00032386003 7.6625794e-05 2.365862e-05 0.00043777804 2.8757302e-06 9.847516e-07 0.00061563635 2.0179632e-05 0.00096858176 5.9176307e-07 1.8161418e-05 0.008987601 0.00032145006 4.2984854e-07 0.0007077984 0.0007586124
0.031181576 0.2521634 0.024738763 0.01707517 0.0053189043 0.002444125 0.0038323533 0.24882601 0.0011434155 0.00039338018 0.00023551748 0.0028450147 0.0031439653 0.0063296305 0.0208505 0.81184596 0.0103135975 0.03463636 0.08716056 3.9733947e-20 0.0009025428 4.8145484e-05 0.3218798 0.68722737 0.00013214344 0.0061330986 0.025980623 0.3071353 0.0092218015 6.287993e-06 0.19086424 0.49908617 4.944642e-06 0.007265063 6.456604e-06 0.5150778 0.00026878223 4.37721e-06 0.00029329554 0.0044586253 0.10834155 2.3640926e-06 5.7335965e-05 0.033183686 4.132658e-05 3.6767982e-05 0.018340813 0.014046497 0.00069605984 3.8520207e-05 2.576381e-05 0.0046891584 0.012938739 2.7663027e-05 0.0016776259 0.16905436 1.0044898e-05 0.0002485789 1.664514e-05 0.0004846406 0.00067573454 4.002346e-06 2.4224659e-07 7.195143e-05 4.3328968e-05 1.4107139e-06 1.2372326e-06 2.4381648e-06 3.560076e-06 0.0010496693 6.0784384e-07 6.6716484e-06 0.002092309 4.1190697e-06 0.0005568915 7.379562e-06 1.0521296e-06 3.586559e-07 1.6289293e-07 3.4414998e-06 9.930531e-08 8.3883407e-07 3.3867337e-07 9.643579e-08 0.003367817 0.0018610146 1.9308368e-07 5.4407275e-07 1.8685771e-06 9.9733164e-08 2.166186e-08 0.0003426432 0.00067596853 5.720063e-05 0.0001302292 1.2047815e-06 0.006619806 2.4822e-06 3.645512e-08 2.771778e-06 7.3971632e-06
0.58185387 0.017022572 0.014701394 0.042733394 0.13845946 0.19516546 0.23718567 0.0011545626 0.19880074 0.8434711 0.35001302 0.30872315 0.66386485 0.0012804583 0.00026986946 0.000100749596 0.1396543 0.066531874 0.050753936 0.0009025428 6.1758066e-17 0.3493739 0.00011800759 0.00087805674 0.7391985 0.28103733 4.4437824e-05 0.005742259 0.00017594233 0.18850192 6.1962746e-05 0.00014625356 0.14202927 0.0033964086 0.14627394 2.0074982e-05 0.8172313 0.13900751 0.68677604 0.0033340342 3.9571532e-05 0.20506266 0.259915 4.6439694e-05 0.15751518 0.3993718 0.0095623 0.01663401 0.16257651 0.05494152 0.2849891 0.04089203 4.4539524e-05 0.25540632 0.00057684793 5.4168577e-06 0.35611856 0.061003316 0.15151352 0.0001333985 0.00081963744 0.017825006 0.05776532 0.021177568 0.008839553 0.027701005 0.04358247 0.02729037 0.0051114783 8.826437e-06 0.021607317 0.057127055 4.2379987e-05 0.0060258904 0.06706251 0.14413801 0.02174265 0.0033212337 0.0072699734 0.0032433388 0.0041751326 0.04851078 0.00085270556 0.0006402123 0.00043919712 1.1358612e-05 0.001593474 0.0007434356 0.026003832 0.0005678554 0.00015181287 7.7863353e-07 3.857077e-06 0.010189993 3.2165107e-07 5.4941043e-05 0.000890407 0.020204037 6.3434265e-05 0.008267892 0.00012320532
0.98387015 0.0059535513 0.0029536495 0.010300641 0.10098744 0.09414441 0.12234415 0.00029103973 0.47568652 0.72946054 0.8931938 0.15887423 0.102119975 0.0023156449 0.00021447506 2.0739903e-05 0.019770792 0.0069639985 0.006824339 4.8145484e-05 0.3493739 2.4813292e-15 4.189871e-05 0.00026839058 0.36310002 0.036989734 2.3516137e-05 0.0006815285 3.548133e-05 0.2447814 0.00013280622 0.0001216499 0.22245519 0.0017332936 0.09914806 2.3294926e-06 0.1780348 0.34377035 0.13549393 0.0044865403 3.6361216e-05 0.38604763 0.031258214 0.00020704599 0.023747178 0.0584152 0.0014379825 0.0025479787 0.020775843 0.011194427 0.030958472 0.0038087324 1.8694871e-05 0.031816214 0.0005089565 2.9132602e-06 0.45972633 0.003607299 0.014462475 0.0004348035 0.00018686324 0.004107192 0.040642105 0.002525639 0.0019302941 0.005286149 0.0047864253 0.0028700042 0.0013092712 9.148863e-06 0.0061923405 0.008029044 0.00017735643 0.0014060668 0.18511915 0.39623618 0.0008813799 0.0005547333 0.0028572152 0.0014544592 0.0014811266 0.23332769 0.00018800385 0.000810905 0.0042287474 2.2143709e-06 0.0005233936 0.0005994515 0.06842512 0.00030803663 0.00010402965 2.3112354e-07 2.6071496e-06 0.16871738 6.528244e-07 0.00020281569 0.00038282108 0.019038463 9.6577955e-05 0.0073778694 0.00019808592
0.0040812735 0.030752286 0.0038172014 0.0016388872 3.031856e-05 4.028576e-05 3.2874384e-05 0.37690982 0.00010753959 6.6854285e-05 6.0729864e-05 0.0010583834 0.000116529794 0.0032529086 0.12079765 0.71399724 2.9787463e-05 0.0002938381 0.00055819174 0.3218798 0.00011800759 4.189871e-05 3.348296e-20 0.034642473 8.4081956e-05 0.00014976627 0.5021187 0.003436374 0.11923508 2.4275027e-05 0.6957912 0.6764563 1.3440559e-05 0.0023135631 3.711454e-05 0.17167386 0.0001598457 4.2308366e-06 1.742135e-05 0.0008854272 0.0012576646 2.3451494e-06 0.00020846417 0.36644518 7.910522e-05 0.00016191002 0.00017193484 0.00016130078 2.1954096e-05 0.00013145589 1.2438964e-05 4.188469e-05 4.5480836e-05 1.8157381e-05 0.0024258136 0.05078713 6.2365434e-06 2.6042817e-06 3.692816e-05 0.0011924728 0.0042470377 1.2485445e-05 1.482103e-06 1.24892085e-05 1.0053421e-06 4.6103246e-06 2.1389474e-06 4.5349518e-07 1.342941e-07 9.657601e-07 3.994342e-06 6.2459417e-06 0.017062904 3.244161e-06 0.0001233772 8.2691207e-07 7.5129847e-06 9.901948e-07 1.9977807e-07 1.9829959e-05 1.1980346e-07 3.554656e-07 1.490281e-06 1.386505e-07 0.000969395 0.0005789051 5.4175803e-08 9.95135e-08 2.8948605e-07 6.5805786e-08 4.7345175e-08 1.3300304e-06 0.0010173118 2.9363488e-05 0.0011917282 7.245709e-08 0.0056610783 6.9978404e-07 1.188325e-07 2.2816567e-07 1.5172507e-05
0.014041046 0.06149457 0.008337471 0.009099091 0.0058382438 0.00312203 0.0071164663 0.027415996 0.00053973455 0.00021233223 0.00027169025 0.0013367294 0.002960625 0.0017630296 0.0021581126 0.19316134 0.04127365 0.10211653 0.41308483 0.68722737 0.00087805674 0.00026839058 0.034642473 1.1360937e-19 0.00020407586 0.0068668383 0.0011768576 0.8671752 0.0014486008 2.2159924e-05 0.017023936 0.21934485 2.4865225e-05 0.0034904056 4.5609863e-06 0.6173894 0.00010246323 4.240477e-05 0.0013006461 0.0032268912 0.5254024 1.26601535e-05 3.667885e-05 0.0061577396 4.2094478e-05 8.574859e-05 0.2125457 0.16453117 0.003141722 8.450344e-05 0.00061954564 0.011724909 0.19639836 0.00022283764 0.0023599954 0.22769196 0.00012102054 0.0025954517 6.104197e-05 0.00078291545 0.001007721 3.1215237e-05 1.1055818e-05 0.0017921275 0.00036967496 1.433719e-05 0.00011517899 0.00014931377 3.9729934e-05 0.00946359 6.0300804e-06 0.0002846049 0.0009186681 8.1816805e-05 0.0014336308 6.03441e-05 1.7457056e-05 1.3697197e-05 2.6689052e-06 4.9711172e-05 2.3946438e-06 4.9428527e-05 1.8735448e-06 7.977888e-07 0.0064408146 0.0029788215 3.8193073e-07 8.5171877e-07 3.1924294e-05 3.015778e-06 4.6500628e-07 0.0019041873 0.0008988963 0.0002492873 4.7111243e-06 2.065746e-06 0.012651061 7.194871e-06 7.574253e-07 5.995426e-05 8.509289e-05
0.85326207 0.0017743155 0.00079225114 0.00762024 0.046229903 0.064740606 0.041622322 4.8390237e-05 0.08622442 0.32965505 0.24191286 0.11489561 0.06551601 0.00031983337 1.6500604e-05 2.4933996e-05 0.02738195 0.013851922 0.0135011915 0.00013214344 0.7391985 0.36310002 8.4081956e-05 0.00020407586 1.5713067e-16 0.033140853 1.9756473e-05 0.0007541653 2.9656818e-05 0.47102123 5.4430006e-05 7.326705e-05 0.34952018 0.0029603993 0.84929895 9.346806e-06 0.7899064 0.31265482 0.4037811 0.0021428494 3.7248396e-05 0.2713345 0.5676738 2.3958673e-05 0.43210116 0.504855 0.0013995275 0.003038659 0.09951756 0.22921766 0.21225451 0.005493222 3.387742e-05 0.24094811 9.1608985e-05 1.2207455e-06 0.4919816 0.00892396 0.22031546 7.2708055e-05 5.1473224e-05 0.08385551 0.28896067 0.0062911725 0.0046230974 0.09352251 0.024062099 0.010576105 0.0031759932 8.79814e-06 0.07988287 0.081093386 3.6827114e-05 0.01757065 0.039695676 0.44662985 0.06700541 0.011336466 0.03265149 0.006925538 0.006489991 0.19073123 0.0044926587 0.0035595244 0.00023182498 2.046788e-05 0.0015665793 0.0011079541 0.15737666 0.0020466542 0.0020698418 1.3928455e-07 1.7457463e-06 0.010879189 1.5924735e-07 5.7399924e-05 0.00010423533 0.057823393 0.00056344626 0.026981717 0.00016383686
0.0274167 0.015976662 0.0057601393 0.020520031 0.034316696 0.037814435 0.13940783 0.003657169 0.024352506 0.12304401 0.058264118 0.0335835 0.8802336 0.0019507607 0.001062881 0.00047598756 0.52097523 0.13002571 0.13539147 0.0061330986 0.28103733 0.036989734 0.00014976627 0.0068668383 0.033140853 1.9057658e-19 2.3254739e-05 0.05605871 0.00023803 0.0064144013 2.5916794e-05 8.062351e-05 0.0041008536 0.001906864 0.0039665783 0.00042181803 0.09271072 0.009407102 0.42913964 0.00092341256 0.0011168233 0.012457858 0.021217948 9.796065e-05 0.009891421 0.04389973 0.07237674 0.14416008 0.6229566 0.01144479 0.16916038 0.4351716 0.0020457306 0.061071146 0.00083652703 1.2137461e-05 0.0043485602 0.33703128 0.024462814 0.00019065494 0.00228327 0.0011559739 8.169883e-05 0.14820254 0.09135148 0.003357542 0.12852652 0.098241396 0.05289359 0.0008414533 0.00041991138 0.10898775 0.00020746856 0.0003311556 0.00049635523 0.0008901643 0.0014619709 0.0009303417 2.5696136e-05 0.0017325393 0.0012816256 0.0002794778 0.0001581197 9.428002e-05 0.000132373 6.7638243e-06 0.00032956924 0.00011749427 0.00013214131 0.00015323616 1.5007403e-05 2.146635e-06 4.5723837e-06 0.00012871 1.9234743e-07 0.0001395162 0.00023247478 0.0006773378 1.571933e-05 0.0007672686 0.0007848943
0.008686265 0.015042445 0.0026690147 0.001179466 2.5749612e-05 2.5994867e-05 7.2035077e-06 0.35397553 5.262457e-05 1.2177718e-05 2.7987136e-05 0.0005432329 8.550715e-06 0.019062646 0.43315938 0.14273147 6.001504e-06 5.2129664e-05 5.3832162e-05 0.025980623 4.4437824e-05 2.3516137e-05 0.5021187 0.0011768576 1.9756473e-05 2.3254739e-05 6.079276e-23 0.0001491737 0.8411533 2.1469432e-05 0.29372013 0.25926983 2.1041671e-05 0.05227969 2.2110677e-05 0.01649844 6.917951e-05 5.654228e-06 7.5398007e-06 0.006902392 3.9693692e-05 3.3902002e-06 2.9117173e-05 0.46223694 3.5349276e-05 6.41817e-05 1.8315559e-05 3.2046522e-05 5.5837622e-06 2.0925563e-05 6.0845723e-06 1.3959679e-05 5.2307623e-06 1.0909987e-05 0.03887133 0.0090298485 1.08747845e-05 1.2517164e-06 3.2895332e-05 0.012495095 0.20511742 4.0699356e-06 1.4439327e-06 1.3495755e-06 3.4736607e-07 2.3240848e-06 3.070533e-07 7.0809406e-08 4.3528576e-08 8.821942e-08 1.6833376e-06 2.5603706e-06 0.351446 7.4970916e-07 0.000509516 1.6443964e-06 2.7089932e-06 1.1616806e-06 3.8068396e-08 3.1601523e-06 4.480491e-08 5.7392197e-07 7.916525e-08 6.512912e-08 0.011406866 0.000114919734 4.579092e-09 8.86468e-09 8.741476e-08 6.600892e-08 6.528903e-09 1.06140895e-07 0.0006879371 0.000114327915 0.019240018 7.525752e-09 0.0443414 3.7794056e-08 4.511956e-08 2.9720226e-08 3.714038e-07
0.0074638766 0.04577015 0.0063965605 0.008304997 0.012542055 0.008195644 0.01788791 0.010575107 0.001006078 0.0008790097 0.0008733037 0.0027046101 0.019905124 0.00055154867 0.00070702663 0.022808485 0.13584954 0.23414333 0.55546093 0.3071353 0.005742259 0.0006815285 0.003436374 0.8671752 0.0007541653 0.05605871 0.0001491737 1.190243e-20 0.00035236788 2.7111733e-05 0.0007532571 0.015912576 1.9475496e-05 0.003010386 7.2866555e-06 0.241982 0.00089203083 9.3852366e-05 0.009070682 0.0019814621 0.5767268 3.325454e-05 7.687773e-05 0.0005729109 6.0743012e-05 0.0005425409 0.50888574 0.47714767 0.029925568 0.00012323153 0.003750835 0.10766234 0.35331225 0.0011597531 0.0017594437 0.033271883 5.2539926e-05 0.016234983 0.00038536612 0.00030337783 0.000991231 7.825807e-05 3.3942792e-06 0.00859677 0.0035019522 2.5466226e-05 0.0019610312 0.002192123 0.0010846587 0.06272551 1.3843147e-05 0.0020418975 0.00031125953 9.802149e-05 0.0009797496 9.166928e-05 2.6090236e-05 1.692225e-05 2.0345574e-06 5.773982e-05 5.3295726e-06 4.6350582e-05 3.28929e-06 1.1826017e-06 0.002966405 0.002242297 5.420495e-06 5.892737e-06 2.7054419e-05 4.6508994e-06 1.1699736e-06 0.00518901 0.0005467223 0.00010637717 5.5633905e-07 2.8758195e-05 0.0051347543 2.0247911e-05 1.0998656e-06 8.317231e-05 0.00089645264
0.05404437 0.034100775 0.014829578 0.0075657787 0.00015480445 0.00019393749 2.2785887e-05 0.3319243 0.0006050337 4.056368e-05 0.00018170365 0.0021519542 3.6832316e-05 0.12159302 0.7677202 0.026612004 3.0919487e-05 0.00024780774 0.00019998594 0.0092218015 0.00017594233 3.548133e-05 0.11923508 0.0014486008 2.9656818e-05 0.00023803 0.8411533 0.00035236788 4.110875e-21 3.177252e-05 0.067649685 0.06678771 2.8715169e-05 0.3070639 3.3616223e-05 0.0049203206 0.00022147177 6.5587437e-06 1.5836864e-05 0.076601796 0.00012068423 8.32872e-06 0.00017141942 0.13157102 0.00010912107 6.830393e-05 0.000117368174 0.00029745465 4.4317247e-05 0.00038585544 1.14877375e-05 0.0001305662 4.2118452e-05 1.5682375e-05 0.2961397 0.0025514956 0.00021851633 1.9673334e-05 4.8765996e-05 0.1784205 0.86511904 3.8675138e-05 3.400591e-06 9.288666e-06 8.8879756e-07 2.0238576e-06 2.3309683e-06 3.4833175e-07 5.3096446e-08 9.131886e-07 1.7122369e-06 2.0108226e-05 0.25647122 2.509635e-06 0.0031017647 1.2239601e-05 8.21579e-06 2.3065202e-06 1.7286926e-07 8.426455e-06 1.4855733e-07 7.923564e-06 3.5493734e-08 1.2523117e-07 0.051437333 3.6000612e-05 1.1613705e-08 9.477817e-09 1.7395926e-07 2.2890059e-07 2.0827386e-09 1.7405803e-07 0.00023656378 0.00060239027 0.007956793 1.3090731e-08 0.14328513 3.4711487e-08 2.3027942e-08 2.914409e-09 9.621073e-08
0.7572312 0.0018151661 0.0008122242 0.0024589405 0.010118484 0.009604082 0.00866437 3.5369878e-05 0.019708784 0.08230101 0.057623524 0.013473966 0.015797524 3.449631e-05 1.28976335e-05 3.080907e-06 0.002719495 0.002052162 0.001742945 6.287993e-06 0.18850192 0.2447814 2.4275027e-05 2.2159924e-05 0.47102123 0.0064144013 2.1469432e-05 2.7111733e-05 3.177252e-05 9.727808e-18 2.1762358e-05 1.3583127e-05 0.8050792 0.0004795163 0.73096013 1.0148713e-06 0.26591197 0.77363604 0.112155244 0.00048431766 2.7219075e-06 0.48823708 0.12718858 7.974561e-06 0.16971786 0.17105342 0.0002536754 0.0010343625 0.0036717455 0.074700795 0.029473545 0.0003889598 1.9639498e-05 0.04716013 0.00012546996 1.3980009e-05 0.42805335 0.0002751486 0.04313555 9.835616e-05 5.3393982e-05 0.028799051 0.34531155 0.00029973587 0.0001815185 0.019946741 0.0013705697 0.00036952426 9.072875e-05 5.743088e-06 0.025129773 0.0053252443 7.532467e-05 0.0032420906 0.039176326 0.19459313 0.022403883 0.002044718 0.0062334132 0.003704403 0.0009919142 0.105046906 0.0014572332 0.0004492956 9.816518e-05 3.156362e-05 0.00011808268 0.00012773687 0.07907298 0.00013690739 0.00037413745 1.3715907e-06 8.26266e-06 0.025355717 3.7315147e-06 8.807866e-05 3.624973e-05 0.01724365 1.5090657e-05 0.0042212894 9.057995e-05
0.0012837369 0.007286295 0.00063542835 0.00029271207 1.3464934e-05 7.546326e-06 1.0475897e-05 0.16403757 3.9676583e-05 3.4783316e-05 5.0623185e-05 5.3413034e-05 1.7014067e-05 0.0009348381 0.052650794 0.30135065 1.26884015e-05 6.0155522e-05 9.0520625e-05 0.19086424 6.1962746e-05 0.00013280622 0.6957912 0.017023936 5.4430006e-05 2.5916794e-05 0.29372013 0.0007532571 0.067649685 2.1762358e-05 5.047365e-22 0.7576661 2.1132628e-05 0.005198183 4.2494234e-05 0.19063695 5.8031852e-05 9.848762e-06 2.931578e-05 0.0006090674 0.00054317253 3.848303e-06 5.3307795e-05 0.5943216 3.8608254e-05 7.7283505e-05 4.774021e-05 6.815811e-05 2.4299788e-05 2.7373879e-05 1.0569635e-05 3.8605747e-05 2.5501296e-05 1.0206069e-05 0.0043440275 0.0916381 8.291227e-06 4.9094947e-06 2.0820638e-05 0.0008624629 0.0015904339 1.3187963e-05 1.0350566e-06 4.7020485e-06 5.389868e-07 5.4684087e-06 9.3537125e-07 3.1036274e-07 9.735319e-08 1.5890903e-07 6.576996e-06 3.0016606e-06 0.02203233 2.4427056e-06 3.8738333e-05 1.040489e-06 7.1941786e-06 5.4686046e-07 7.553496e-08 8.67374e-06 9.229706e-08 4.7407414e-07 1.8742132e-06 1.3017113e-07 0.007831522 0.0012394612 5.8679216e-08 9.394742e-08 2.7192732e-07 1.5702616e-08 1.0940975e-07 2.9357113e-06 0.0060220324 1.9654504e-05 0.005316346 8.0999946e-08 0.018705916 2.1302671e-06 1.055665e-07 2.7147178e-07 4.7752433e-06
