4.6693968e-32 0.7776424 0.5538366 0.7024818 0.89874846 0.71913385 0.8645173 0.93964124 0.937687 0.4575069 0.6307113 0.9284443 0.40460566 0.848749 0.90862375 0.6519195 0.7526835 0.7944879 0.9891557 0.20762256 0.77211 0.92661774 0.4621361 0.12060404 0.98698527 0.9877675 0.23525529 0.4368041 0.9507387 0.35633937 0.6255205 0.98630786 0.38093054 0.07166984 0.8202828 0.5754253 0.020780932 0.9983967 0.5342465 0.60635906 0.9765456 0.52465713 0.97235596 0.021932801 0.7425681 0.59743696 0.0069938162 0.005271054 0.3043782 0.11673864 0.009396038 0.11985166 0.9656801 0.009043953 0.8957538 0.006588334 0.906787 0.04253493 0.98707145 0.058050614 0.0142805055 0.08796451 0.01902697 0.9939818 0.00036753557 0.11697904 0.009125106 5.5322864e-05 0.0026739447 0.001402966 0.99818784 0.9945934 0.0015815727 0.022732122 0.9966666 0.002725594 0.00017295132 1.0543932e-05 0.45400697 2.825153e-06 2.9109899e-05 0.00014781705 0.000112580434 0.0026558635 0.0029116452 3.0637122e-05 0.0016746678 0.0053638127 0.003197835 2.3694793e-05 0.00035005578 0.87620634 0.00041192738 6.237343e-05 1.3867909e-05 0.98487884 0.9151354 1.370403e-05 0.00014129574 1.8209995e-07 2.2790962e-06
0.7776424 2.1999685e-18 0.9039038 0.6403214 0.27537933 0.31303212 0.35379007 0.34949082 0.5650049 0.119184814 0.09707095 0.14556786 0.35390833 0.018914083 0.06386761 0.37923634 0.010413797 0.00551681 0.44979307 0.36406213 0.0583814 0.010975135 0.004886763 0.243407 0.3725303 0.14312276 0.012968808 0.15680334 0.0012975779 0.0052387984 0.0014163995 0.015510282 0.030804768 0.006380419 5.8839683e-05 0.0020472098 0.00623242 0.32032007 4.380052e-05 2.3185827e-05 0.08967947 3.5805256e-06 0.0024365727 0.0073895063 0.00019173401 3.4625464e-06 0.0052677505 0.0027063184 0.0006212567 0.00011735956 0.010687855 0.0011017007 3.2096043e-05 0.007051392 0.026792746 0.0040155496 2.3819462e-06 0.00037336026 4.7586773e-06 1.8898703e-05 7.524662e-05 5.9671675e-07 4.57511e-06 1.3897333e-06 0.0006013424 1.6977104e-06 7.8687135e-06 0.0005149287 1.3922677e-05 2.0874299e-05 0.0034154477 0.062220607 0.0004081229 2.3539856e-07 0.0004053203 1.11396075e-05 0.00014247293 3.0538555e-05 0.023340793 0.00016398408 1.8844497e-05 9.017173e-06 6.0759203e-06 4.7386848e-07 7.5000708e-06 7.7159195e-05 1.0527399e-06 9.813223e-07 3.3670779e-06 6.3495545e-06 1.9005224e-06 1.1772746e-06 1.132338e-06 1.121398e-06 3.2229065e-05 0.012703986 0.00044601713 1.3867452e-06 2.1774827e-06 2.4302826e-05 2.2555287e-07
0.5538366 0.9039038 1.5743943e-19 0.58743215 0.7032412 0.5611689 0.50733006 0.55855674 0.44191232 0.08563984 0.077869065 0.29101247 0.040788706 0.13372514 0.13347651 0.18097368 0.033983894 0.014028772 0.3661497 0.064158104 0.035927393 0.028648533 0.03369098 0.076320715 0.39397854 0.19908877 0.015255909 0.05235845 0.008845161 0.024288353 0.005665315 0.037372187 0.007085214 0.009353156 0.00045073096 0.004753128 0.006453927 0.34176353 0.00023488313 0.00016198725 0.030342016 3.82122e-05 0.007993959 0.0030488386 0.00028147295 2.2251366e-05 0.002110867 0.0022198865 0.0020092078 0.00024255809 0.00067024643 0.0018096766 0.0003606957 0.00012005149 0.02299355 0.0005597603 1.7022343e-05 0.0009848222 4.113858e-05 5.4772376e-05 0.0002666173 2.5880054e-06 9.271483e-05 0.00012618827 0.00018196066 5.2786954e-06 4.267016e-05 6.6528264e-05 0.00010695843 0.00013311816 0.02448278 0.041839752 0.0005252938 6.1067817e-07 0.0024363336 1.931336e-05 0.00012027392 2.6401758e-05 0.016979177 4.5242297e-05 4.6108253e-06 1.797227e-05 1.4019662e-05 7.269997e-06 1.6943357e-05 0.00010150523 2.078374e-05 1.3655954e-05 9.673775e-06 1.439333e-05 1.4932437e-05 1.3659392e-05 1.3307962e-05 2.5720161e-05 4.8244205e-05 0.022265961 0.0010339862 3.4311066e-05 1.2290435e-05 6.785565e-06 3.6607437e-06
0.7024818 0.6403214 0.58743215 4.701643e-16 0.12930897 0.61595744 0.33794743 0.21895011 0.17616647 0.39138645 0.54475707 0.7987623 0.2928934 0.005238278 0.00828176 0.089900784 0.0024537283 0.0008789553 0.5766863 0.14950544 0.0040465696 0.003274183 0.0011604573 0.059474993 0.27891806 0.023671774 0.00073994 0.013457272 0.00013070735 0.00037868938 0.000131802 0.0039232424 0.00028045152 0.00030693758 7.990494e-06 0.00012487953 0.00024236963 0.1450118 8.350082e-06 6.2278004e-06 0.10251553 3.892407e-06 7.098484e-05 0.00030116423 1.8656363e-05 1.7203159e-06 0.00012624112 0.0001390078 4.8816994e-05 7.100375e-06 0.00048120078 4.6179743e-05 8.277069e-06 0.0002934525 0.048665244 0.00060929195 1.4480642e-06 2.5982647e-05 1.556947e-06 2.1910664e-06 6.365063e-06 8.63942e-08 5.3333706e-06 2.2774677e-07 0.00025906973 2.2741924e-07 4.521605e-06 8.840568e-05 6.8384754e-05 6.287055e-05 0.0006027675 0.09133309 0.00037977836 2.1127187e-07 0.00019017662 1.1680166e-05 0.0008871607 0.00012491812 0.03165042 0.00029513505 1.8902201e-05 0.00020324107 0.00023734542 6.838351e-07 6.4808023e-07 0.00060299574 1.25277265e-05 5.8731985e-07 2.6143275e-06 0.0005244506 4.909675e-05 5.417878e-07 6.5600384e-06 5.8578604e-05 0.00021707836 0.08894141 0.00052576774 3.9857634e-05 3.8795897e-05 9.941434e-05 9.207947e-06
0.89874846 0.27537933 0.7032412 0.12930897 1.4612475e-17 0.25446594 0.31849095 0.5423512 0.71054053 0.007139126 0.0074571604 0.07611652 0.014650345 0.54588586 0.637516 0.2503487 0.38052306 0.269076 0.31511733 0.06299647 0.3705049 0.28888538 0.21157598 0.088108934 0.48533773 0.66424996 0.13727033 0.08966167 0.17011464 0.09388958 0.059381068 0.2796316 0.07499385 0.028007302 0.008525341 0.035170663 0.016337322 0.53071386 0.0029504697 0.0016219415 0.01490358 0.00026878735 0.070434734 0.0102376845 0.0020793625 0.00021081312 0.0034000108 0.0038556503 0.017149482 0.0012520449 0.00012016844 0.0069200792 0.0013632787 1.97698e-05 0.007059234 0.00030555407 0.00014912066 0.002474575 0.0012438301 0.00011500524 0.00026144923 1.9848123e-05 1.9624276e-05 0.0040080054 0.0001228709 1.7965243e-05 3.1878415e-05 1.28305255e-05 2.845548e-05 4.2630338e-05 0.11222456 0.047574718 0.00014419621 4.9844734e-06 0.029819164 1.0268073e-05 6.069622e-05 1.6600216e-05 0.0042660884 1.13398e-05 6.689571e-06 7.0940814e-06 5.335497e-06 1.2459432e-05 4.3956356e-05 6.297892e-05 4.881776e-06 3.9374012e-05 2.4921537e-05 5.8256733e-06 2.8398074e-06 2.298252e-05 3.3682118e-06 2.8876573e-06 2.674229e-05 0.013193976 0.0034444274 2.277462e-06 1.5279904e-05 5.1221455e-06 2.6334203e-06
0.71913385 0.31303212 0.5611689 0.61595744 0.25446594 1.1246042e-16 0.8261503 0.75479865 0.1419029 0.018078508 0.009732086 0.51014197 0.015398646 0.009360504 0.022989696 0.062009998 0.0042226324 0.002555281 0.71035606 0.03631518 0.009506506 0.0062999805 0.002723792 0.026695024 0.38973126 0.08537698 0.0025539692 0.011214088 0.0013153654 0.0022400774 0.00091234734 0.0076683406 0.0018506775 0.0010349422 8.6748696e-05 0.001359833 0.0008999622 0.15417938 6.735069e-05 4.3837754e-05 0.013082002 9.425857e-06 0.00052081497 0.0009605301 0.00021580992 5.9958693e-06 0.00027990006 0.00040045378 0.0007906883 6.319064e-05 0.0006692759 0.0011670686 5.2505715e-05 5.0588773e-05 0.006481752 0.0012281847 5.040825e-06 0.00032397866 1.2731675e-05 1.4451513e-05 7.727245e-05 1.5423504e-06 0.0001463388 9.256742e-06 0.00044374072 1.8813154e-06 6.738969e-05 3.195399e-05 0.0004773859 0.0002576407 0.0034701761 0.059405312 0.0007324396 8.142184e-07 0.0008629059 4.357749e-05 0.00041927435 2.6459302e-05 0.0074729975 4.870079e-05 1.1198084e-05 0.00013427548 0.00020915939 8.94712e-06 1.0500353e-05 0.00019584333 8.415761e-05 1.0358224e-05 1.886755e-05 0.00010175829 0.00015565493 5.659626e-07 2.1397154e-05 0.00021351893 4.2891166e-05 0.032983623 0.00029530877 4.8840837e-05 2.4248906e-05 3.6973172e-06 1.9602056e-05
0.8645173 0.35379007 0.50733006 0.33794743 0.31849095 0.8261503 4.0939373e-16 0.90058 0.25655228 0.0033025057 0.0036102708 0.39773318 0.012191279 0.010112725 0.03473671 0.12784311 0.005477264 0.0027444784 0.6760448 0.05498284 0.027610758 0.0075851837 0.0014400807 0.045076013 0.5666595 0.15835196 0.004266546 0.01803021 0.003153627 0.0017643592 0.0010220822 0.011921357 0.004555403 0.0014983857 0.00023821439 0.0017991734 0.0012412912 0.24238613 8.649648e-05 8.359448e-05 0.023830637 1.0458129e-05 0.0015932726 0.0005459741 0.00026123886 7.5891953e-06 0.00032605726 0.0005065506 0.00047228223 6.4728214e-05 0.00010873059 0.0009220605 6.7919784e-05 1.2180098e-05 0.0054585617 0.00028339933 1.3149344e-05 0.000569591 0.00012878662 8.506299e-06 0.00017541174 8.479567e-07 1.581537e-05 7.738418e-05 3.5147616e-05 7.490331e-07 2.457945e-05 9.806801e-06 0.0002899449 0.00023680506 0.007599531 0.09627463 0.00036612502 2.076959e-07 0.0015325143 0.00035158647 0.0002656721 6.2138465e-06 0.0038403014 1.2613731e-05 5.9615504e-06 0.000115912546 0.000105366205 3.3885838e-06 2.0866119e-05 0.00020233636 2.0074407e-05 4.078068e-06 1.690533e-05 0.00013083419 0.00010164559 1.8071884e-07 1.2690096e-05 6.0804625e-05 1.967371e-05 0.03646494 0.0010449082 1.4755078e-05 2.3913157e-05 1.4467275e-05 1.1164713e-06
0.93964124 0.34949082 0.55855674 0.21895011 0.5423512 0.75479865 0.90058 1.1916492e-16 0.32674038 0.0016850387 0.0014446228 0.2613377 0.0073599988 0.034751948 0.085906975 0.15298027 0.013977563 0.005645012 0.5922116 0.037915602 0.045748178 0.014470015 0.0020075147 0.03766294 0.41565573 0.20271336 0.011796 0.016893052 0.0064424095 0.0024510564 0.0007861532 0.026201742 0.00775337 0.0009320371 5.3111922e-05 0.0013981063 0.0011065238 0.20974228 1.5477839e-05 1.17691025e-05 0.013870184 5.000438e-06 0.002086858 0.0016231012 0.00028427885 2.8864156e-06 0.00047369642 0.00044684455 0.0006035817 4.3335665e-05 0.00022574708 0.0021139362 3.8912025e-05 1.7558637e-05 0.004395099 0.0022368387 1.4891082e-05 0.0002912194 0.00024270896 2.8320344e-06 0.00015769144 4.257098e-07 9.992177e-06 0.00021447179 0.00017628376 1.0626017e-06 2.5215519e-05 3.4868637e-05 0.0003986045 0.00022492252 0.008750123 0.05718702 0.0024212857 2.6698024e-07 0.0019151682 0.00019212294 0.00093015016 1.5949798e-05 0.0024936055 1.2646011e-05 0.00011832087 0.00016891252 0.00020928487 2.242021e-06 1.7558237e-05 0.0005228762 4.9995582e-05 3.0521012e-06 2.1800954e-05 0.00015378048 7.228244e-05 6.9624207e-07 1.0303749e-05 6.395118e-05 0.00021156312 0.026900219 0.001317827 1.0509369e-05 1.8128834e-05 8.3618004e-05 5.9184043e-07
0.937687 0.5650049 0.44191232 0.17616647 0.71054053 0.1419029 0.25655228 0.32674038 1.3902577e-18 0.014186613 0.0034460654 0.04420601 0.051758647 0.14871387 0.32057843 0.8452069 0.25441244 0.047111165 0.25340813 0.17698519 0.5413224 0.16461173 0.029605595 0.31082004 0.30313534 0.2839779 0.17838235 0.5419328 0.015301874 0.029510265 0.0112981675 0.09965369 0.3120115 0.05335182 0.0013997805 0.020650882 0.046117537 0.16774155 0.00026517367 0.00021142879 0.011687866 3.1899213e-05 0.019250726 0.06262799 0.0006616732 5.2574564e-05 0.10747516 0.033349723 0.015426757 0.0010421972 0.02339729 0.045593914 0.00030088663 0.0048334613 0.009730652 0.033065163 1.5765976e-05 0.011441375 0.0009212563 3.0239871e-05 0.0024135152 1.5829237e-07 0.00011305341 0.000913948 0.0032731981 7.4504703e-07 0.00078049 0.00044880313 0.0030653896 0.0038806966 0.006070115 0.012290511 0.0076793213 3.9970956e-07 0.0026281392 0.0005805333 0.0009409206 6.873272e-05 0.0118192425 0.00018814714 0.00015057328 0.00044074858 0.00040798416 3.1259012e-06 5.7443476e-06 0.00055733905 9.1115e-06 1.1481127e-06 5.197084e-06 0.00015833716 1.4941825e-05 5.874352e-07 8.63732e-06 6.2663585e-06 8.316612e-05 0.0037371686 0.00023900082 3.1183474e-06 9.040533e-06 1.5041289e-05 3.5027148e-07
0.4575069 0.119184814 0.08563984 0.39138645 0.007139126 0.018078508 0.0033025057 0.0016850387 0.014186613 9.743889e-18 0.95444435 0.060344532 0.8803537 0.006490331 0.0019366961 0.02604117 0.0006566762 0.00019296413 0.02501148 0.07737934 0.0008834901 0.0008054216 0.0012227001 0.018909069 0.022123236 0.0022423815 0.00056285656 0.012741448 0.00022770083 0.0016092474 0.00056524086 0.0019147774 0.0005032957 0.00043332877 1.987534e-05 0.0004969729 0.00034630529 0.04154443 1.51976765e-05 5.214868e-06 0.21930632 2.8056602e-06 8.57418e-05 0.00054275186 3.0430958e-05 7.3572437e-06 0.00062759814 0.00040642166 0.00010823419 1.772253e-05 0.003197873 9.317593e-05 2.3976867e-05 0.008646965 0.2233618 0.0003017634 1.9498307e-06 3.090375e-05 5.337484e-07 4.6874484e-06 4.7312096e-06 1.3991252e-07 8.7542287e-07 2.801843e-07 0.0003531733 5.3211494e-07 2.5761796e-07 0.0007114101 2.2895836e-06 1.9284134e-05 0.00040454097 0.18148929 7.269294e-05 5.8470713e-09 0.0001849319 1.1645203e-06 0.0003603469 0.00014879933 0.3517391 0.0012579387 1.2135367e-05 1.5223677e-06 9.426436e-07 3.4407367e-07 1.9734357e-06 7.953473e-05 1.5684573e-07 1.5793094e-07 8.153459e-07 2.028768e-06 3.391996e-07 2.0158202e-09 1.1448502e-06 3.5799096e-07 6.901371e-05 0.18499717 0.0011658377 3.0077885e-07 3.6734647e-07 0.00024174221 3.4963205e-07
0.6307113 0.09707095 0.077869065 0.54475707 0.0074571604 0.009732086 0.0036102708 0.0014446228 0.0034460654 0.95444435 1.7076425e-16 0.114188276 0.37841037 0.0029464713 0.0028178077 0.0054047727 0.00027059802 0.00012186192 0.026882056 0.011222935 0.00021278711 0.001593503 0.00051263726 0.0028261894 0.05079475 0.0050607887 8.266511e-05 0.0024901463 0.00018199898 0.00043124214 0.00023311397 0.003420257 6.856408e-05 9.730099e-05 4.0608888e-05 0.00023028145 8.018101e-05 0.07481504 5.816627e-05 1.4868037e-05 0.41285506 8.994018e-06 7.712492e-05 0.00015244965 7.087464e-05 9.699151e-06 0.0004858989 0.0002934592 0.00013409645 1.578543e-05 0.00065512146 0.00012709964 2.21354e-05 0.0009241976 0.32061246 0.00016833216 2.8348393e-06 0.00010763666 7.0608286e-07 8.863035e-06 4.2221367e-05 2.0446339e-07 6.3186444e-06 5.7849286e-07 0.00019176141 7.968786e-07 1.3598731e-05 0.00024184713 1.3494823e-05 8.050105e-05 0.0015611274 0.27866215 0.000276798 1.810738e-08 0.000803198 7.38261e-06 0.0004036806 0.00014011357 0.49729344 0.00031557074 4.6889436e-05 2.6334594e-05 1.868708e-05 3.4442708e-06 1.1763976e-05 0.00030678886 3.1598722e-06 1.9969093e-06 5.123323e-06 1.9385772e-05 9.503183e-06 1.0663556e-08 3.3231743e-05 6.6962853e-06 0.00014242185 0.48740825 0.0010649066 3.7894283e-06 1.4940406e-06 0.00027222352 3.8494954e-06
0.9284443 0.14556786 0.29101247 0.7987623 0.07611652 0.51014197 0.39773318 0.2613377 0.04420601 0.060344532 0.114188276 9.431936e-17 0.021198656 0.00494856 0.0064893905 0.017476054 0.002121167 0.001350276 0.7134292 0.0143489 0.0022230858 0.00551575 0.0020270732 0.009123247 0.4714914 0.03940467 0.0010263398 0.0040721083 0.0006369047 0.0006546977 0.0004015724 0.0075194766 0.00045683628 0.00031250427 2.8127397e-05 0.0004553615 0.00020276444 0.15669468 4.725616e-05 3.2012555e-05 0.08447667 3.172937e-05 0.0006919223 0.00017086255 0.00014224919 1.3291206e-05 8.734807e-05 7.209168e-05 8.770725e-05 5.3948743e-06 0.0003736317 0.00014233265 3.7071914e-05 7.2552895e-05 0.029415904 0.00024664516 1.5487569e-05 1.8714796e-05 1.2640828e-05 3.899541e-06 4.699762e-06 5.4639236e-07 9.3218905e-06 5.7995303e-06 0.00014809331 1.2281969e-06 3.3501663e-06 3.1989206e-05 0.00014485062 0.00011223429 0.0051997965 0.091818854 0.00012759163 1.2308638e-07 0.001024629 3.3018918e-05 0.0002130192 6.882524e-06 0.022265347 2.0112617e-05 6.1455835e-06 5.665339e-05 7.671697e-05 1.9295383e-06 1.8428893e-06 9.907295e-05 6.9447515e-06 1.6224249e-06 3.219317e-06 5.4550204e-05 1.6047614e-05 2.617285e-07 1.5649806e-05 6.188786e-05 2.6658334e-05 0.11708797 0.001338648 1.23697e-05 3.128235e-05 3.3784133e-06 3.4531643e-06
0.40460566 0.35390833 0.040788706 0.2928934 0.014650345 0.015398646 0.012191279 0.0073599988 0.051758647 0.8803537 0.37841037 0.021198656 3.1524153e-18 0.0035585486 0.002351328 0.11493785 0.0013142182 0.00018036684 0.038346924 0.6995168 0.0024778198 0.0011694145 0.0012907638 0.17123576 0.024883967 0.001935292 0.00075530185 0.11798871 0.00017613135 0.0005086127 0.00032327062 0.00065491966 0.0006925254 0.0005817296 2.4847612e-05 0.00018860542 0.0008584523 0.029098397 9.809757e-06 4.032656e-06 0.058963552 1.1411419e-06 4.9682123e-05 0.0010540178 3.4573313e-05 2.8578636e-06 0.003939379 0.00059001683 3.6662695e-05 9.062883e-06 0.0461037 6.560686e-05 2.9565295e-05 0.15176234 0.11155636 0.013787147 2.2295262e-06 1.7317272e-05 1.7505592e-06 6.012802e-06 9.011396e-06 1.9983865e-07 2.144321e-06 3.5395199e-06 0.0031483097 1.0144241e-06 1.601014e-06 0.0017725406 7.833374e-06 2.1635693e-05 0.00017880149 0.05144147 9.310051e-05 5.75526e-08 0.0006311253 8.304953e-07 0.00014941818 0.00023449393 0.4891774 0.0020554222 4.2486336e-05 2.4788171e-06 2.121551e-06 4.5601402e-07 8.433983e-07 4.2988133e-05 1.0192699e-06 2.2247629e-07 8.7899247e-07 2.3275209e-06 4.1177435e-07 6.0805284e-08 1.1651646e-06 1.601663e-06 1.0820525e-05 0.044340875 0.0007135651 1.9338418e-06 6.9413213e-06 6.558522e-05 1.4568461e-06
0.848749 0.018914083 0.13372514 0.005238278 0.54588586 0.009360504 0.010112725 0.034751948 0.14871387 0.006490331 0.0029464713 0.00494856 0.0035585486 4.0848098e-17 0.82719123 0.033624545 0.36097986 0.8771968 0.0073829875 0.004483089 0.15511788 0.83265257 0.40246975 0.013186254 0.04071792 0.3706911 0.07500247 0.011607268 0.58804464 0.13644716 0.12545435 0.3435768 0.033703078 0.053647913 0.03737721 0.06778332 0.016753709 0.11274517 0.009912097 0.005382077 0.0011213089 0.0016481717 0.15688924 0.005804406 0.011118832 0.0022913967 0.0022319036 0.0073171984 0.028711924 0.008133541 0.00035182358 0.01583497 0.0042230734 5.391164e-05 0.0020686164 0.0008183643 0.0005696116 0.008070449 0.0037373488 0.0015111426 0.001623232 9.07072e-05 0.0002987969 0.004753178 0.0007555983 8.816135e-05 0.000238363 0.00013286245 0.0004072079 0.00082678004 0.10010758 0.006258783 0.00210618 7.90103e-05 0.01902549 0.00012877827 0.0006314401 0.00017740969 0.0017329003 6.48776e-05 7.0972856e-05 3.9381484e-05 2.7614211e-05 5.4774522e-05 0.0003095376 0.00028221292 2.3984665e-05 7.403667e-05 0.00017155762 4.3244465e-05 1.45829945e-05 0.0002345872 6.496483e-05 1.41086275e-05 0.00019987233 0.0050825686 0.0017940333 2.3392782e-05 1.9987547e-05 1.4644525e-05 1.2092102e-05
0.90862375 0.06386761 0.13347651 0.00828176 0.637516 0.022989696 0.03473671 0.085906975 0.32057843 0.0019366961 0.0028178077 0.0064893905 0.002351328 0.82719123 3.9969784e-14 0.062731855 0.24857554 0.3309424 0.017830582 0.0064367927 0.20829146 0.8361337 0.12364197 0.011475398 0.082920164 0.58982414 0.08450041 0.012904936 0.36865982 0.07262183 0.067154914 0.38024276 0.036162857 0.026421383 0.014794411 0.04195033 0.010184928 0.17057177 0.0027754407 0.0028175442 0.0035631654 0.00061863137 0.10500278 0.0077842725 0.008234653 0.0005089585 0.001743744 0.0058978195 0.013551758 0.0028919387 4.4350436e-05 0.013262302 0.0022686224 4.9585583e-06 0.002160143 0.00083498 0.00037781065 0.0022154187 0.0016378514 0.00016713819 0.00021791986 1.3545445e-05 3.460574e-05 0.00089215976 0.000111887275 1.3625228e-05 2.954196e-05 1.2549132e-05 5.2570645e-05 0.00015462164 0.053276747 0.027910154 0.00095202413 1.2679486e-05 0.008939265 3.7514805e-05 0.00032805183 1.658178e-05 0.0013298846 1.135663e-05 2.2844524e-05 1.5681075e-05 1.1711263e-05 5.7628226e-06 9.4530566e-05 0.00030074862 3.9538086e-06 2.5689886e-05 7.831406e-05 6.833507e-05 7.561028e-06 6.7201516e-05 2.7820126e-05 7.810011e-06 0.0004888504 0.01520753 0.0034675843 8.396782e-06 2.2712034e-05 6.3010644e-05 4.017536e-06
0.6519195 0.37923634 0.18097368 0.089900784 0.2503487 0.062009998 0.12784311 0.15298027 0.8452069 0.02604117 0.0054047727 0.017476054 0.11493785 0.033624545 0.062731855 1.6159322e-22 0.022728393 0.0028219125 0.14976358 0.49533108 0.14785133 0.011592704 0.0039128154 0.55473584 0.040720716 0.027561694 0.031970203 0.8486447 0.0003223769 0.005204522 0.00022282427 0.0060540605 0.09384285 0.0063521806 5.4047778e-06 0.00056412985 0.017953128 0.019779112 5.535864e-07 4.431201e-07 0.0034730486 5.389177e-08 0.0005957899 0.063635945 8.450105e-06 6.7399995e-08 0.1653182 0.025505956 0.00044715317 2.1258386e-06 0.12797387 0.006187573 1.5551649e-06 0.096044555 0.0043143965 0.10483117 2.900176e-08 0.001051741 6.1024593e-06 4.3470664e-08 6.062235e-05 1.5907688e-09 8.0826135e-07 1.0786731e-05 0.028047657 5.3293454e-09 8.201831e-06 0.003842723 0.0027940506 0.0068390276 0.0002049201 0.0078016375 0.0224548 3.8683727e-09 0.00035914197 1.946521e-05 0.0041356157 0.0016371713 0.015912212 0.0023971256 0.00068484194 0.0002565599 0.00028796276 9.647976e-08 4.9253805e-07 0.0014159532 3.1437492e-06 2.5463418e-08 2.6044123e-07 0.00035667708 1.005406e-05 7.6114766e-08 2.25664e-06 1.6034655e-05 0.00058556045 0.0072787665 0.00016955375 1.1127408e-05 2.4426079e-06 4.910214e-05 3.7374426e-07
0.7526835 0.010413797 0.033983894 0.0024537283 0.38052306 0.0042226324 0.005477264 0.013977563 0.25441244 0.0006566762 0.00027059802 0.002121167 0.0013142182 0.36097986 0.24857554 0.022728393 1.1177178e-17 0.6789146 0.006432902 0.0022741072 0.75614375 0.2639161 0.87403595 0.008306047 0.016654607 0.12087832 0.7167207 0.024654914 0.14707458 0.516683 0.21659493 0.113004774 0.24266486 0.35625678 0.009271833 0.16993062 0.12960538 0.009585865 0.0011579826 0.0007082045 8.98545e-05 0.00019102167 0.051723626 0.047129344 0.0040745866 0.00028927595 0.024463717 0.074955635 0.05485457 0.0034745326 0.0006190268 0.16588393 0.0011032737 4.8318063e-05 0.00048179616 0.003277131 6.755866e-05 0.014871415 0.0008902568 0.0004930845 0.0024006166 1.2247043e-06 0.00034163563 0.0011002643 0.00027793302 3.982475e-06 0.00040823015 8.680485e-06 0.0023522275 0.004942585 0.0054171863 0.000832421 0.0056357924 1.8711038e-06 0.002285613 0.00023903933 0.00039573645 1.6905813e-05 0.0007513236 2.1970558e-05 6.406142e-05 0.00012588753 8.76636e-05 4.147102e-06 1.5212279e-05 0.00017964224 1.7219483e-05 3.5791907e-06 1.1521058e-05 6.44211e-05 8.133373e-06 7.660852e-06 6.68635e-06 1.000901e-05 0.00011663587 0.00037936875 0.00019867238 1.3729264e-05 9.304926e-06 1.07012465e-05 2.4157396e-06
0.7944879 0.00551681 0.014028772 0.0008789553 0.269076 0.002555281 0.0027444784 0.005645012 0.047111165 0.00019296413 0.00012186192 0.001350276 0.00018036684 0.8771968 0.3309424 0.0028219125 0.6789146 2.1919267e-18 0.0066537466 0.0001562397 0.13352653 0.5314359 0.896799 0.0012814538 0.019455537 0.11009595 0.09595513 0.0038211257 0.36419106 0.19894047 0.22527145 0.119012505 0.07289009 0.12344625 0.036892727 0.0770179 0.051166654 0.038122635 0.0040885955 0.0017346895 9.346802e-05 0.0003671418 0.07282103 0.015250877 0.0056824787 0.00058922986 0.0036221435 0.023496963 0.042209014 0.0038981147 5.045536e-05 0.1102771 0.0014469489 3.501017e-06 9.0994865e-05 0.0005361994 7.306045e-05 0.011052551 0.0015561227 0.0004564659 0.0013645898 1.045556e-06 8.732416e-05 0.0012093332 4.2328367e-05 6.515037e-06 4.997175e-05 1.0664579e-05 0.00056129834 0.0014716852 0.019824523 0.0020618301 0.0038494682 1.1938131e-06 0.003135931 8.552253e-05 0.00047815003 8.58086e-06 0.00016335941 1.6750193e-05 8.398583e-06 3.2685875e-05 3.081402e-05 1.0654693e-06 1.141851e-05 0.00016733803 3.95485e-06 1.0564762e-06 8.342751e-06 4.0768682e-05 2.9446505e-06 2.9453329e-06 3.9461847e-06 1.9183824e-06 3.650043e-05 0.0011277542 0.00045860614 5.2430632e-06 2.3239677e-06 1.12238395e-05 5.155325e-07
0.9891557 0.44979307 0.3661497 0.5766863 0.31511733 0.71035606 0.6760448 0.5922116 0.25340813 0.02501148 0.026882056 0.7134292 0.038346924 0.0073829875 0.017830582 0.14976358 0.006432902 0.0066537466 2.2480985e-16 0.057896756 0.02236345 0.0122401845 0.0016019129 0.0390643 0.6696707 0.1395642 0.0036607091 0.023011362 0.0024566012 0.0013079726 0.0008745497 0.009865585 0.007855028 0.00078618847 0.00013506367 0.0007640068 0.0009220139 0.2591854 3.9864706e-05 2.0047699e-05 0.06331062 1.7285212e-05 0.0021812334 0.0016109132 0.00056335866 1.27683825e-05 0.00025500677 0.00030595355 0.00025972133 2.5975836e-05 0.0016272998 0.0010515219 6.320359e-05 0.0006291046 0.018384011 0.0040169363 5.200741e-05 0.00034167964 9.972105e-05 6.983085e-06 0.00023982459 7.809433e-07 3.794424e-05 1.686332e-05 0.00051272113 3.9567585e-06 0.0001267514 0.00031474273 0.000248269 0.00017600157 0.005436747 0.16385229 0.0011956528 3.428184e-08 0.0017008617 0.0002577513 0.0006831625 1.0606148e-05 0.0056958315 3.6381756e-05 9.301319e-05 3.146888e-05 3.680317e-05 4.489418e-06 2.2724137e-06 0.00019424793 5.7720277e-05 1.2957236e-06 3.174116e-06 2.134663e-05 5.4431257e-05 1.3926567e-07 2.5107107e-05 3.9653696e-05 3.1173735e-05 0.080793396 0.0070604864 5.9754957e-06 0.00023484508 0.00010660049 4.25845e-07
0.20762256 0.36406213 0.064158104 0.14950544 0.06299647 0.03631518 0.05498284 0.037915602 0.17698519 0.07737934 0.011222935 0.0143489 0.6995168 0.004483089 0.0064367927 0.49533108 0.0022741072 0.0001562397 0.057896756 3.8417814e-22 0.0057211732 0.0015565938 0.0006306466 0.72878397 0.012364318 0.0015571922 0.00075109646 0.5715478 0.00010577809 0.0001476815 1.2075301e-05 0.0002817063 0.0020221525 0.00025043866 1.4392638e-06 1.1658176e-05 0.00073254196 0.011600368 2.3221209e-07 2.5771772e-07 0.0101601025 1.02494155e-07 4.4527906e-06 0.0018564377 1.4602359e-06 1.842978e-07 0.024361165 0.0014288671 7.64634e-06 2.973555e-07 0.23739786 0.00014878981 2.9534704e-06 0.32351956 0.018092763 0.068194024 1.3066939e-07 3.99447e-05 2.5904538e-07 3.1663717e-07 4.95284e-06 1.6332933e-08 5.868316e-07 7.657388e-08 0.019873234 3.325468e-08 1.3837938e-06 0.0057072933 2.3476723e-05 6.947339e-05 3.071605e-05 0.014114732 0.0004911935 2.6170976e-09 7.095133e-05 1.5028177e-06 0.00063609314 0.0020147117 0.085108526 0.0041937535 0.00032598604 1.0486302e-05 1.6813154e-05 5.4452716e-08 3.2497084e-07 0.00015188064 8.0135214e-07 1.7635305e-08 1.7831947e-07 5.153897e-06 1.3787171e-06 4.2727383e-08 6.630315e-07 3.6182569e-06 2.8503719e-05 0.0112683335 2.5045218e-05 1.892039e-06 1.0573149e-06 4.8629874e-05 1.11984676e-07
0.77211 0.0583814 0.035927393 0.0040465696 0.3705049 0.009506506 0.027610758 0.045748178 0.5413224 0.0008834901 0.00021278711 0.0022230858 0.0024778198 0.15511788 0.20829146 0.14785133 0.75614375 0.13352653 0.02236345 0.0057211732 1.169888e-19 0.17296298 0.095157355 0.01945064 0.0150699215 0.073732756 0.83531857 0.18158911 0.028074386 0.08130249 0.030071367 0.03900527 0.6105922 0.31807593 0.0023683398 0.043450676 0.16261101 0.006196751 0.00024358687 0.0001144752 6.556783e-05 6.2670064e-05 0.010481824 0.10988105 0.0022767002 6.5902284e-05 0.105259754 0.12713021 0.023524987 0.0011179816 0.006413193 0.18042071 0.00023130668 0.000236327 0.00033264927 0.0150512485 1.2815766e-05 0.019732289 0.00042250793 2.6261208e-05 0.0023554151 6.6605104e-08 0.00014445857 0.00033334282 0.0013559184 2.2978729e-07 0.00039368027 2.8305269e-05 0.011029397 0.018159913 0.0014007714 0.0020057175 0.028036874 1.576724e-07 0.0011647792 0.0010089845 0.0019702832 3.5777048e-05 0.00078300317 2.341376e-05 0.00018814678 0.0008377805 0.00073655875 9.940655e-07 1.0693528e-06 0.0006359866 1.1252724e-05 1.4972863e-07 1.0398591e-06 0.00016666848 1.7410719e-05 6.698218e-07 7.894947e-06 8.710877e-06 8.004853e-05 0.0011731592 0.00029475588 4.569506e-06 4.1377157e-06 2.8560953e-06 3.3906505e-07
0.92661774 0.010975135 0.028648533 0.003274183 0.28888538 0.0062999805 0.0075851837 0.014470015 0.16461173 0.0008054216 0.001593503 0.00551575 0.0011694145 0.83265257 0.8361337 0.011592704 0.2639161 0.5314359 0.0122401845 0.0015565938 0.17296298 3.9767088e-16 0.15538499 0.0026460101 0.0403478 0.52952594 0.07311387 0.0042191762 0.5237236 0.08566146 0.12855223 0.644023 0.028934028 0.030720867 0.031198047 0.056386624 0.011150678 0.11840924 0.006998764 0.003910361 0.0023690683 0.002091962 0.193178 0.004669835 0.01218932 0.0024080516 0.00076660985 0.005666758 0.022314979 0.0051919697 1.0853864e-05 0.024144506 0.005809786 2.2163972e-06 0.0013098957 0.0004911476 0.0017218975 0.0027182542 0.0053344364 0.00042448044 0.00027468166 3.5891768e-05 2.8028377e-05 0.004169238 5.7529145e-05 3.9409588e-05 2.9905359e-05 4.9481514e-06 0.00010677835 0.00028323807 0.0702429 0.030303843 0.00068378524 4.1787735e-05 0.016466068 3.8530532e-05 0.00014935734 1.7587918e-05 0.00063509296 1.5059546e-05 3.5995978e-05 1.15434605e-05 7.771828e-06 3.9277907e-06 0.000134876 0.00011648025 6.4138717e-06 1.932917e-05 0.00010490758 5.8232155e-05 1.2676234e-05 0.00041339075 4.04682e-05 7.8565445e-06 0.00022894722 0.022938576 0.013673755 7.0566653e-06 2.612218e-05 0.0001188889 2.5029804e-06
0.4621361 0.004886763 0.03369098 0.0011604573 0.21157598 0.002723792 0.0014400807 0.0020075147 0.029605595 0.0012227001 0.00051263726 0.0020270732 0.0012907638 0.40246975 0.12364197 0.0039128154 0.87403595 0.896799 0.0016019129 0.0006306466 0.095157355 0.15538499 2.2038236e-18 0.003465645 0.008673063 0.04944336 0.10297921 0.0082568275 0.26917723 0.52933806 0.65765786 0.091877654 0.051549893 0.14768112 0.09470974 0.14705689 0.05309825 0.0074277516 0.014560539 0.0077971704 4.3680964e-05 0.0008872153 0.06542138 0.016477922 0.019744145 0.001272239 0.007825967 0.033271033 0.064012185 0.013875881 0.00012320472 0.123576805 0.0031956004 1.2285254e-05 0.00021197129 0.0016432616 0.00029825908 0.027107172 0.0029898644 0.0017980619 0.005090939 1.563125e-05 0.001242402 0.0050488934 0.00019635256 4.2506395e-05 0.0015527004 1.4236651e-05 0.0026023802 0.0044723954 0.016488707 0.0003178196 0.0049377577 2.906402e-05 0.0052009798 0.00044988215 0.001163882 3.8480954e-05 0.00044612263 3.5518744e-05 6.984913e-05 0.0001470457 0.00014552064 3.0083944e-05 0.00042992583 0.00043798666 3.289329e-05 4.2451386e-05 0.00014557476 0.000101665566 3.5299316e-05 4.4330143e-05 2.320507e-05 1.9000776e-05 0.0001953775 0.00041006564 0.00019097011 2.3211554e-05 1.4506704e-05 2.0876907e-05 2.8401055e-06
0.12060404 0.243407 0.076320715 0.059474993 0.088108934 0.026695024 0.045076013 0.03766294 0.31082004 0.018909069 0.0028261894 0.009123247 0.17123576 0.013186254 0.011475398 0.55473584 0.008306047 0.0012814538 0.0390643 0.72878397 0.01945064 0.0026460101 0.003465645 1.3395264e-23 0.008709083 0.0034539108 0.0066345604 0.80620843 0.00022068262 0.00203782 0.00037134663 0.00029575915 0.016208615 0.0028332248 9.069972e-06 0.00028348315 0.0053746398 0.0072855093 5.142301e-06 1.8515742e-06 0.0013277557 5.342297e-07 1.4102521e-05 0.01623695 1.055954e-05 8.391429e-07 0.078524776 0.008220638 0.00013658384 1.8905653e-06 0.23794882 0.0016559405 4.799331e-06 0.1792227 0.0063381903 0.07489802 9.1717106e-07 0.00019948593 3.1941272e-06 4.884163e-07 1.9680165e-05 8.119748e-08 2.5219524e-06 2.4594704e-06 0.014788523 4.9960907e-08 3.7232712e-06 0.0044055735 0.001125587 0.003488757 5.0700975e-05 0.0054161944 0.009729241 4.8249245e-08 0.00031247718 1.0982614e-05 0.0044007907 0.004386356 0.041021243 0.0033766034 0.0021907992 0.00037426164 0.00060295465 2.6790582e-07 9.533742e-07 0.001646673 5.583006e-06 1.036948e-07 8.658999e-07 0.00010922664 1.2301387e-05 5.675397e-07 2.5924496e-06 2.8299437e-05 0.000251167 0.007879683 2.3845087e-05 1.866012e-05 3.379699e-06 5.2508472e-05 6.750765e-07
0.98698527 0.3725303 0.39397854 0.27891806 0.48533773 0.38973126 0.5666595 0.41565573 0.30313534 0.022123236 0.05079475 0.4714914 0.024883967 0.04071792 0.082920164 0.040720716 0.016654607 0.019455537 0.6696707 0.012364318 0.0150699215 0.0403478 0.008673063 0.008709083 1.3518132e-19 0.41717514 0.0036694512 0.0055851233 0.012954939 0.003174349 0.0026970736 0.04487578 0.0022861767 0.0008689036 0.00065622723 0.001222408 0.000952784 0.2905363 0.0006355701 0.0006611414 0.052160416 0.0005293416 0.010113231 0.0009422964 0.0012317988 0.0005146994 0.00015113782 0.0005270317 0.0005417698 0.00010251122 0.00019925815 0.00042130504 0.0008755991 2.3502665e-05 0.014636414 0.0003697444 0.00033808933 0.000350346 0.0005446641 2.3986953e-05 0.000110896464 2.1950664e-05 1.945721e-05 7.247371e-05 0.00030925966 1.5631877e-05 3.652833e-05 0.00017404566 0.00010111489 0.00023694016 0.029511284 0.12843533 0.00041634907 1.2760783e-06 0.0033797878 4.7996582e-05 0.0003695155 4.3420056e-05 0.0014271035 7.9538295e-05 0.00012830313 4.6922716e-05 5.7386183e-05 1.0118955e-06 2.7818693e-05 0.00016600222 8.02072e-06 1.32285095e-05 2.084134e-05 6.564185e-05 2.9797551e-05 4.579698e-06 4.6624764e-06 1.0571017e-05 4.6779067e-05 0.08943212 0.012031587 1.6568983e-06 2.4406741e-05 3.2234566e-05 6.4996055e-07
0.9877675 0.14312276 0.19908877 0.023671774 0.66424996 0.08537698 0.15835196 0.20271336 0.2839779 0.0022423815 0.0050607887 0.03940467 0.001935292 0.3706911 0.58982414 0.027561694 0.12087832 0.11009595 0.1395642 0.0015571922 0.073732756 0.52952594 0.04944336 0.0034539108 0.41717514 2.7628122e-18 0.021542752 0.0025915464 0.19466613 0.0216442 0.02322499 0.6440909 0.0055867024 0.0026834018 0.0043464247 0.009464626 0.0014766564 0.40844813 0.0014269117 0.0016976239 0.0120784575 0.00086854276 0.1427892 0.00075347413 0.0024539789 0.00094390265 4.6626836e-05 0.00073702325 0.003230347 0.00047544748 7.46368e-06 0.00083039596 0.0036961646 2.7045091e-06 0.004901273 0.00027578723 0.00052346353 0.00036173963 0.002344915 3.0006519e-05 6.995967e-05 4.933264e-05 2.4788298e-05 0.0009584923 0.00017945886 2.079734e-05 1.241751e-05 6.030035e-06 2.1783642e-05 2.505334e-05 0.17411895 0.23328969 0.0001650472 1.7116825e-05 0.021260604 9.248086e-06 8.375216e-05 3.2650514e-05 0.0007266933 5.474081e-06 9.911623e-05 5.20653e-06 6.930566e-06 3.08312e-06 5.906051e-05 6.970619e-05 3.785462e-06 1.0114185e-05 9.586019e-05 1.0971402e-05 7.838036e-06 0.00013847709 5.940914e-06 4.8822835e-06 8.842077e-05 0.18464719 0.059453726 1.2350611e-06 2.0813968e-05 4.2365562e-05 1.063863e-06
0.23525529 0.012968808 0.015255909 0.00073994 0.13727033 0.0025539692 0.004266546 0.011796 0.17838235 0.00056285656 8.266511e-05 0.0010263398 0.00075530185 0.07500247 0.08450041 0.031970203 0.7167207 0.09595513 0.0036607091 0.00075109646 0.83531857 0.07311387 0.10297921 0.0066345604 0.0036694512 0.021542752 2.9263094e-22 0.08655465 0.020274924 0.10563314 0.03827121 0.01686217 0.74804544 0.6329952 0.004800844 0.048751038 0.3356253 0.002300094 0.0007628172 0.00040498376 1.0779182e-05 0.0001673816 0.007539734 0.10899039 0.0023263614 0.00017268184 0.07200403 0.2287753 0.01983635 0.0012588329 0.0038539572 0.1855799 0.00075429544 4.8993057e-05 0.00010151317 0.011814661 2.2770702e-05 0.021439346 0.0006446797 2.6642829e-05 0.0023780048 6.7684283e-07 0.00017509784 0.0006001507 0.0014455537 2.4011063e-06 0.00057542836 7.56123e-06 0.009386298 0.019628951 0.00068844575 0.0003991184 0.017045388 1.2474502e-06 0.001070757 0.0011285837 0.0015371443 5.939943e-05 0.00021886712 3.6015997e-05 0.00016097745 0.0007061704 0.0007386427 1.9405609e-06 1.6786269e-05 0.0006274725 9.339349e-06 6.9756464e-07 1.4068146e-05 0.00023747495 3.7100486e-05 1.3634782e-05 9.530447e-06 2.8748407e-05 0.00012328888 0.00038716468 4.801233e-05 1.3698737e-05 1.4855777e-05 2.5793915e-06 2.3260118e-06
0.4368041 0.15680334 0.05235845 0.013457272 0.08966167 0.011214088 0.01803021 0.016893052 0.5419328 0.012741448 0.0024901463 0.0040721083 0.11798871 0.011607268 0.012904936 0.8486447 0.024654914 0.0038211257 0.023011362 0.5715478 0.18158911 0.0042191762 0.0082568275 0.80620843 0.0055851233 0.0025915464 0.08655465 1.0506914e-18 0.0014225998 0.013837228 0.0029640605 0.0011185779 0.64911926 0.0729412 9.93065e-05 0.006029115 0.102024816 0.0065933852 3.4145174e-05 1.5429807e-05 0.0014297055 3.587738e-06 0.00013815166 0.3408447 0.00010281855 2.877239e-06 0.7627178 0.18047403 0.0073015457 0.000104696795 0.4281938 0.06584961 3.2246346e-05 0.20732404 0.0038481562 0.34509185 3.4529535e-06 0.013314558 2.0951902e-05 5.749497e-07 0.00045052558 1.9168125e-07 8.525637e-06 1.6891727e-05 0.07534594 4.5513872e-08 7.9172845e-05 0.012370451 0.020526387 0.057935007 0.00010981394 0.0045208707 0.12654169 2.1566063e-07 0.0005544292 0.00049842196 0.029264499 0.008531888 0.015074097 0.004169727 0.009495683 0.0071028415 0.009695285 6.257707e-07 8.027286e-06 0.0075682034 5.4488024e-05 7.991137e-07 7.1058425e-06 0.0029125328 5.9939168e-05 5.7540033e-06 4.8596935e-06 4.353607e-05 0.0031869097 0.0018406315 5.308286e-05 3.2134416e-05 2.334571e-05 0.00025643173 4.742119e-06
0.9507387 0.0012975779 0.008845161 0.00013070735 0.17011464 0.0013153654 0.003153627 0.0064424095 0.015301874 0.00022770083 0.00018199898 0.0006369047 0.00017613135 0.58804464 0.36865982 0.0003223769 0.14707458 0.36419106 0.0024566012 0.00010577809 0.028074386 0.5237236 0.26917723 0.00022068262 0.012954939 0.19466613 0.020274924 0.0014225998 6.020468e-17 0.17468046 0.3632884 0.63766944 0.0069756773 0.020278165 0.53220713 0.16925189 0.0065128445 0.028825147 0.48671344 0.33828124 5.028852e-05 0.23583584 0.7877762 0.0015083218 0.17978358 0.27982205 7.653582e-05 0.003266425 0.0510323 0.019326232 7.362933e-05 0.0151784215 0.3892821 4.133606e-06 0.0001307319 0.0024466298 0.033096068 0.011963206 0.057202037 0.005352494 0.0052487045 0.003609636 0.0010320819 0.10803239 0.00093625847 0.0025971476 0.0009109389 6.353074e-06 0.0002845734 0.0003602744 0.2670807 0.0020472673 0.0003760749 0.001013758 0.192518 0.00010323043 0.00035535087 1.2592386e-05 2.5303567e-05 7.321913e-07 0.0001376749 3.437283e-05 3.3309447e-05 0.00021546402 0.0019395537 0.00032506092 0.0001258346 0.00028163596 0.0014916796 2.5415544e-05 1.302808e-05 0.002399041 6.965742e-05 2.9984234e-05 0.0013860273 0.0008913981 0.0029489195 2.2018592e-05 2.6853355e-05 1.2114391e-05 1.5470372e-05
0.35633937 0.0052387984 0.024288353 0.00037868938 0.09388958 0.0022400774 0.0017643592 0.0024510564 0.029510265 0.0016092474 0.00043124214 0.0006546977 0.0005086127 0.13644716 0.07262183 0.005204522 0.516683 0.19894047 0.0013079726 0.0001476815 0.08130249 0.08566146 0.52933806 0.00203782 0.003174349 0.0216442 0.10563314 0.013837228 0.17468046 2.0438767e-21 0.8837564 0.030863056 0.038087487 0.17015778 0.23049575 0.87052786 0.053168524 0.004315865 0.034400746 0.028356884 7.0750216e-06 0.00596471 0.03387013 0.016962087 0.18827863 0.0071856594 0.015146486 0.04788303 0.21775196 0.10253609 0.0016087502 0.15825444 0.008157529 1.61319e-05 9.389651e-05 0.003403148 0.0012395629 0.08106992 0.005581923 0.01097504 0.037995122 0.0002597181 0.0070371334 0.0077619483 0.00047620392 0.00075839757 0.0067171208 1.9533307e-05 0.015714664 0.016733423 0.008199913 0.000481439 0.0077164755 0.00012209249 0.007614955 0.0032990512 0.0012403368 3.0283194e-05 0.00013213514 1.8430414e-05 5.2011183e-05 0.0013757057 0.0012512683 0.00037067878 0.0014935179 0.00090034324 0.0003675317 0.00022705314 0.0009276834 0.00039182563 0.0002445855 0.00044129364 0.00016036256 9.1747825e-05 0.00011942766 0.0004299558 0.0001500429 9.234879e-05 9.714475e-05 2.5725278e-06 1.0417883e-05
0.6255205 0.0014163995 0.005665315 0.000131802 0.059381068 0.00091234734 0.0010220822 0.0007861532 0.0112981675 0.00056524086 0.00023311397 0.0004015724 0.00032327062 0.12545435 0.067154914 0.00022282427 0.21659493 0.22527145 0.0008745497 1.2075301e-05 0.030071367 0.12855223 0.65765786 0.00037134663 0.0026970736 0.02322499 0.03827121 0.0029640605 0.3632884 0.8837564 1.0249269e-20 0.058369823 0.021642108 0.11241509 0.74957126 0.7910581 0.038693357 0.0022031723 0.13629182 0.11032227 2.7603796e-06 0.020555766 0.087231755 0.008081578 0.483375 0.02301833 0.004581504 0.029921021 0.2688463 0.16534266 0.00016436033 0.16258201 0.022265978 5.8798814e-06 5.7936188e-05 0.0006917996 0.0046969396 0.09688379 0.01071904 0.026086332 0.05502666 0.00021337399 0.01122785 0.011681114 7.263625e-05 0.0010709481 0.0077889618 8.782387e-06 0.017246058 0.017063344 0.0109463 0.00028651144 0.0033576444 0.00011898452 0.010210685 0.0036396626 0.00046452234 9.444987e-06 5.0076844e-05 8.126403e-06 2.413415e-05 0.00076238305 0.00069233385 0.0006160718 0.0020984057 0.0003479098 0.0004692214 0.00048333852 0.0016017891 0.00022888304 0.00013504717 0.00046033607 0.00018543558 5.8496207e-05 6.319413e-05 0.00030934636 0.00020138673 8.932214e-05 0.00012789913 2.4621456e-06 1.0107697e-05
