2.2909872e-31 0.72914684 0.867749 0.94330347 0.9266114 0.13336802 0.060575332 0.54963183 0.042181574 0.79164183 0.96903366 0.8603741 0.35519418 0.29178542 0.6249542 0.2142607 0.34448895 0.705971 0.02381781 0.9505715 0.82599777 0.9377028 0.9454401 0.7879964 0.89038086 0.039346877 0.9652098 0.118076526 0.7410837 0.9364132 0.9501528 0.97066975 0.66967016 0.8144136 0.64383394 0.61591154 0.0930683 0.9152205 0.9946346 0.005983024 0.43115255 0.9947001 0.0535948 0.22833702 0.043773238 0.21797949 0.15025215 0.9959105 0.9356035 0.021789594 0.9897781 0.82905835 0.89437705 0.6247295 0.003595162 0.0032300225 0.004758044 0.03869736 0.001229298 0.90602493 0.8722052 0.9876749 0.001532298 0.5035738 0.3497582 0.0010689348 0.012192879 0.22490947 0.7577163 0.39034754 0.99931467 0.9805094 0.0001541474 0.3425271 0.0019762788 0.004336806 0.998751 0.00021893664 0.00096696464 0.0012243214 0.00010598256 0.9053925 0.00029000518 0.0032963199 0.0016420772 6.4470034e-05 0.99969864 0.016075654 0.82855064 0.0009177101 0.9969182 0.00077960023 0.8632334 1.761989e-06 4.16298e-06 0.99501884 0.0014503101 0.00020385525 2.4319912e-05 0.99978167 0.00012110239
0.72914684 2.3004526e-17 0.9284314 0.72998726 0.8883961 0.8201812 0.608249 0.16935906 0.56339383 0.18454134 0.46214887 0.17402597 0.03712335 0.02589784 0.025828306 0.5305286 0.03529437 0.3198035 0.26913998 0.22293566 0.046392996 0.01694962 0.006969304 0.003925724 0.0070268326 0.017652715 0.019338349 0.0042028474 0.0013892894 0.031544596 0.0007200373 0.0023706402 0.0012986185 0.009661315 0.00054763106 0.000805965 0.0002560693 0.000984656 0.14732437 0.0007353446 0.023313541 0.08872999 5.641224e-05 0.00039060373 0.0007184415 8.56043e-05 0.0005198052 0.010772241 0.005756721 0.00014988915 0.0073566656 0.000111368085 0.00044719182 0.0024709057 6.511965e-05 0.0005273641 0.0037701917 4.4591648e-06 0.0067272955 0.00051793765 0.00059997133 0.0028303904 1.2584395e-06 7.410929e-05 0.00011053841 0.0025860542 1.8971867e-06 0.0001689628 0.0003144415 0.00013070523 0.024773022 0.003570334 1.7894392e-06 6.253926e-05 8.204084e-06 2.8792114e-05 0.010589417 1.0721789e-05 0.00049091486 6.965044e-07 5.882448e-05 0.0016264506 0.0001319119 1.3596866e-05 2.9797206e-05 2.7042426e-05 0.0075462363 6.463128e-06 0.00081286044 1.0301765e-07 0.010284744 9.249461e-06 0.0010886786 2.5858752e-05 9.043715e-06 0.0018810356 1.556023e-05 2.306984e-06 6.659895e-06 0.0025013974 0.0011547222
0.867749 0.9284314 5.129992e-17 0.9155969 0.38488448 0.66583955 0.72537637 0.50937986 0.40093404 0.5351659 0.425934 0.7532928 0.15007718 0.11531973 0.1472468 0.26063022 0.07901511 0.093809545 0.07705875 0.103992224 0.16162048 0.002474168 0.00283909 0.0016034826 0.0249079 0.02134641 0.06532761 0.008895638 0.0008595492 0.017421715 0.00026095228 0.0053937617 0.00013294345 0.0042427788 0.0017273836 0.00049487676 0.00097128743 0.0006070986 0.17501192 0.0013987931 0.008737444 0.17200314 0.00037446356 0.00080486544 0.002044758 0.00032900527 0.0013573118 0.039805718 0.013881227 0.00038895963 0.0036267855 3.214067e-05 0.00019439506 0.0004094585 0.0001665128 0.0013415599 0.0013061103 3.2934695e-05 0.002420367 0.00290591 0.00311453 0.008871659 6.676931e-06 1.835835e-05 3.8678718e-05 0.00051667274 1.0714685e-05 3.7372363e-05 0.00084670866 2.551672e-05 0.03289237 0.008660949 2.762534e-06 1.2520627e-06 1.0725348e-05 4.7494806e-05 0.021179492 1.8558427e-05 0.00023581818 3.298862e-06 1.1827511e-05 0.0009549894 0.0001833661 5.665604e-05 4.0009894e-05 2.2759867e-05 0.005970854 1.4916952e-05 0.0003306639 1.0820662e-08 0.005518707 2.031815e-05 0.00024360618 4.8240254e-05 2.3420864e-05 0.0011320374 4.9976657e-05 9.769043e-06 2.1277827e-05 0.0033233853 0.00088585116
0.94330347 0.72998726 0.9155969 1.4171537e-14 0.6409983 0.1645884 0.1311849 0.0565416 0.09922165 0.04592856 0.9070001 0.6777352 0.023971742 0.01924153 0.02726446 0.10810601 0.00935722 0.094655745 0.017666455 0.51763564 0.22398718 0.01904129 0.018446017 0.007260495 0.007925663 0.0039267684 0.113827206 0.0018370498 0.0021353033 0.10097694 0.0009938059 0.0023517702 0.00060289627 0.021975586 0.0010849194 0.00092853844 0.00025354815 0.0015635054 0.3211026 7.276819e-05 0.013898474 0.42233846 6.27295e-05 0.00032038684 0.00045152495 0.00016391998 0.00059939263 0.044565964 0.020239197 3.7747464e-05 0.017766675 0.000101471356 0.00048588784 0.0015184798 1.3583944e-05 9.642132e-05 0.0010492089 6.9644293e-06 0.0012170473 0.0014187013 0.0013601898 0.013325095 1.0561166e-06 0.00016768949 4.15099e-05 0.0008459024 3.3251476e-06 3.927171e-05 0.00028361808 3.453255e-05 0.11489818 0.0069346195 2.8003208e-07 7.4428544e-06 2.453829e-06 3.7948477e-05 0.039371125 2.9267437e-06 5.5860924e-05 4.994073e-07 9.97795e-06 0.0022193808 3.097143e-05 1.0680743e-05 3.555982e-05 4.229913e-06 0.013919141 6.041616e-06 0.0008476236 6.061307e-08 0.018004008 2.0227462e-06 0.00051781716 1.4043146e-05 7.000715e-06 0.0026336652 8.479013e-06 2.1090477e-06 6.2081776e-06 0.014506248 0.00012455742
0.9266114 0.8883961 0.38488448 0.6409983 5.8432594e-16 0.2923995 0.08575889 0.044526234 0.14972061 0.025277147 0.8862447 0.11192451 0.015443286 0.008614383 0.010820536 0.5024728 0.015278842 0.36840612 0.14723061 0.6217298 0.040181585 0.22707197 0.15659958 0.06732136 0.0019934084 0.0036858635 0.022264311 0.0007865484 0.020836676 0.2748038 0.017608855 0.0011251759 0.024581498 0.052587956 0.0003360385 0.002873148 3.38119e-05 0.00978545 0.4174383 1.3860688e-05 0.07696768 0.23354141 2.7081899e-06 0.00015083542 0.00015857925 2.2581522e-05 0.000139178 0.030264817 0.004140388 5.201607e-06 0.05279797 0.001305065 0.002947955 0.009621836 3.396423e-06 3.4973444e-05 0.0055581597 4.0526166e-07 0.005584239 0.00031120284 0.00017748958 0.0040258206 6.25621e-07 0.0006706466 0.0008072126 0.0016713516 4.965901e-07 0.0006231324 0.0001093221 0.0005516421 0.18859261 0.0007692595 7.26094e-08 0.00016852748 2.6860844e-06 1.7023707e-05 0.031896837 5.953513e-07 0.00014255379 5.0081286e-07 3.2783057e-05 0.013282211 1.5954909e-05 1.3007353e-06 8.587064e-06 5.899124e-06 0.02879023 2.3203268e-06 0.0036678873 1.6631509e-07 0.08708349 2.0826349e-06 0.002921592 3.8476237e-06 3.6817928e-06 0.008853765 3.4768307e-06 6.156468e-07 3.5105825e-06 0.011004228 0.00020112857
0.13336802 0.8201812 0.66583955 0.1645884 0.2923995 6.193565e-19 0.85619074 0.20212173 0.9517163 0.14196284 0.07871203 0.063128434 0.013469206 0.014824797 0.018323591 0.40448245 0.06568475 0.19530983 0.6134704 0.05053015 0.022884278 0.010601073 0.00300692 0.0014790664 0.00620088 0.008249272 0.0077033406 0.0019635921 0.00095400953 0.007823703 0.000555239 0.002800902 0.0011003141 0.0032937115 0.0006057883 0.0008093239 3.6025205e-05 0.00082056737 0.027923461 0.00013039049 0.014193171 0.016543685 1.707411e-05 0.00039789182 0.00016232497 1.437114e-05 0.0005327319 0.0061531113 0.0028781025 1.1308374e-05 0.0016379879 6.442596e-05 0.00019064875 0.00018054186 3.9039707e-05 0.00034411586 0.00064321136 1.0239162e-06 0.002133156 0.0003632287 0.00024184576 0.001364323 8.875457e-07 0.0002957171 0.00015095746 0.0027668541 5.83824e-07 6.5548644e-05 0.0005100926 5.0263203e-05 0.002489413 0.00095461385 9.821772e-07 1.9194578e-05 1.71013e-06 3.9474453e-06 0.004051841 9.721509e-07 0.00077543786 2.136671e-07 1.1591183e-05 0.0011922261 0.00012903164 1.9595502e-06 3.7044892e-06 3.3584706e-06 0.0025032384 2.4482142e-06 0.00042336783 3.8347217e-08 0.0037691498 7.7413256e-07 0.0008930412 4.1234043e-06 5.856184e-07 0.0009820124 1.5360838e-06 9.919362e-08 4.964541e-07 0.00051450945 0.0015619904
0.060575332 0.608249 0.72537637 0.1311849 0.08575889 0.85619074 2.6003263e-19 0.94714826 0.83000207 0.66666764 0.019779844 0.12307378 0.079628654 0.081734024 0.06369418 0.20843011 0.42464757 0.033089153 0.47036412 0.015674349 0.0346982 0.0026930938 0.001544322 0.00083499984 0.014428267 0.059859686 0.011252596 0.014449269 0.0003238832 0.0035718651 0.00017856395 0.007349867 9.3424984e-05 0.0026915197 0.003495516 0.0003217046 0.00024202272 0.0007020003 0.016167935 0.00065193756 0.009226265 0.0159258 0.00040259276 0.0014475727 0.0010447179 0.0004551683 0.0026565006 0.013385575 0.010410798 0.00015440503 0.0005381928 4.6045963e-05 0.00010513092 3.2380365e-05 0.00020365434 0.0011044116 0.0010639646 5.1044368e-05 0.0010459361 0.0036112287 0.0030205662 0.004040764 4.435871e-06 0.00011827529 9.929514e-05 0.00061600516 9.81059e-06 5.6154317e-05 0.0027875896 1.6601212e-05 0.0022253809 0.003808193 2.3724629e-06 1.1925692e-06 4.972879e-06 2.1270524e-05 0.007352163 4.4598246e-06 0.00031642904 6.392203e-07 2.9512798e-06 0.0012092305 6.0020968e-05 1.4349994e-05 8.912433e-06 1.2819067e-05 0.002935548 2.1980388e-05 0.00032336623 4.654479e-08 0.0021400638 4.6956447e-06 0.00022580048 6.9859357e-06 1.1661167e-05 0.00068738655 4.0406476e-06 1.4436214e-06 6.6975567e-06 0.00034101066 0.0011331915
0.54963183 0.16935906 0.50937986 0.0565416 0.044526234 0.20212173 0.94714826 1.8973287e-20 0.33151647 0.8992155 0.01121642 0.06294149 0.25788233 0.2336505 0.16410135 0.05434044 0.86735195 0.0102473255 0.106610045 0.009860703 0.061755195 0.00028408453 0.0003230968 8.425558e-05 0.036500636 0.32758787 0.018972915 0.25074324 3.43038e-05 0.0013183531 1.9555933e-05 0.040116075 8.015429e-06 0.0010262592 0.016053578 3.2686374e-05 0.00421591 5.9293307e-05 0.02686657 0.011646098 0.0014033219 0.020656245 0.0010982301 0.004525285 0.0056793094 0.0017075763 0.007354733 0.03443475 0.014710048 0.0004381799 0.00020964084 1.1792051e-06 3.0675496e-06 4.919283e-07 0.0013909346 0.01629691 0.00013177849 0.00017062108 0.0003861814 0.00663413 0.006680324 0.0073235487 0.00013610818 8.977402e-06 2.54197e-06 0.00035601982 4.0877105e-05 2.3485627e-06 0.0073465304 1.7254324e-06 0.003385964 0.011281801 9.759987e-05 1.6184725e-07 5.8624155e-05 7.698199e-05 0.014190607 1.3501569e-05 0.00052188564 8.254981e-06 5.899521e-07 0.00046101687 0.0013425904 2.1827396e-05 2.6252268e-05 0.00013067844 0.0017354514 3.114301e-05 0.00021710755 1.4863868e-09 0.0017315226 9.893808e-06 8.941571e-05 2.165991e-05 2.2895649e-05 0.00028984674 9.287142e-06 1.3177365e-05 1.3956816e-05 0.00077818934 0.0019143393
0.042181574 0.56339383 0.40093404 0.09922165 0.14972061 0.9517163 0.83000207 0.33151647 1.8830242e-19 0.15312313 0.02328837 0.039212894 0.018738993 0.018090658 0.020391522 0.43115285 0.12337231 0.1507342 0.95030135 0.017943492 0.017072769 0.006705891 0.002454036 0.001600621 0.0031982437 0.02435205 0.0041781184 0.0044258186 0.0005823949 0.0033043663 0.00024456778 0.0053511593 0.0004836703 0.0026897825 0.002095895 0.00059544115 8.458084e-05 0.0005891967 0.011299941 0.00023573296 0.04143276 0.0052224686 4.8748418e-05 0.00073357637 0.00038113643 9.928605e-05 0.00071448984 0.004442408 0.0015659669 2.2619715e-05 0.0008175082 3.7011752e-05 7.044136e-05 8.033777e-05 5.1221676e-05 0.0011626013 0.0014363959 2.592949e-06 0.0033935986 0.00054282096 0.00032729094 0.0010295421 3.9694046e-06 0.00023610712 0.000113288566 0.0028389872 8.7599653e-07 9.228354e-05 0.0015175156 4.325903e-05 0.0013789822 0.0006632346 5.507783e-06 3.3870942e-06 4.208254e-06 5.8070577e-06 0.0031232599 5.341598e-07 0.0015636821 9.847722e-07 3.3283268e-06 0.0012332968 0.00023702445 3.775162e-06 4.651236e-06 9.913727e-06 0.002101938 8.343698e-06 0.0010898166 7.4122035e-08 0.0020173725 3.3031813e-06 0.0003918512 5.755935e-06 5.4817033e-06 0.001080159 2.892304e-06 6.8691827e-07 4.37537e-06 0.00072677963 0.005094419
0.79164183 0.18454134 0.5351659 0.04592856 0.025277147 0.14196284 0.66666764 0.8992155 0.15312313 5.1491245e-18 0.009789841 0.20453055 0.9092825 0.66055274 0.4129052 0.06287974 0.6913019 0.010218795 0.11993472 0.014663066 0.1745491 0.00040440485 0.0006651986 0.00015222824 0.16121173 0.42733988 0.041539654 0.5175565 0.00014029848 0.004557293 0.000105054656 0.11541373 3.5957826e-05 0.002475832 0.07510447 0.000114633935 0.021217836 0.00047806796 0.049525738 0.031172007 0.0012994033 0.056796618 0.016450562 0.025533572 0.059554055 0.012758866 0.035358474 0.11071255 0.08687616 0.0033676005 0.00032206503 1.6268257e-05 2.1527969e-05 3.0409487e-07 0.004993062 0.022229213 0.0005289969 0.0009988834 0.00090361544 0.0159293 0.0115264375 0.01950815 0.00035086746 2.7641721e-05 1.8864133e-05 0.0011466909 0.00014017663 1.1139565e-05 0.018788734 1.0117292e-05 0.006798235 0.03005894 4.598352e-05 8.425735e-07 6.112644e-05 0.00027905355 0.027887054 4.3303276e-05 0.0005411488 4.92032e-05 2.1470935e-06 0.00045899884 0.0002192766 7.034046e-05 9.0046735e-05 0.00035305644 0.0017434662 0.00010487827 0.0001080123 2.330619e-08 0.0026506775 1.705346e-05 1.755899e-05 7.339287e-05 6.543023e-05 0.00013265127 4.434418e-05 2.0524976e-05 3.0059362e-05 0.002406726 0.0009734828
0.96903366 0.46214887 0.425934 0.9070001 0.8862447 0.07871203 0.019779844 0.01121642 0.02328837 0.009789841 2.6770156e-16 0.48235422 0.019408995 0.01619654 0.029240826 0.09550197 0.0026101377 0.29763734 0.0032655562 0.8438825 0.20957501 0.12163338 0.19048645 0.06657017 0.005308349 0.0018044084 0.14878164 0.0012450168 0.009167843 0.310816 0.007004499 0.003172344 0.0027292809 0.06399831 0.0020525 0.0026460376 6.635819e-05 0.005251919 0.54693747 3.12862e-05 0.035007294 0.4964878 2.6731681e-05 0.00029452855 0.0004810262 5.5619956e-05 0.0006344767 0.043333296 0.056215547 4.9094175e-05 0.057550922 0.000848939 0.0020355142 0.0013617323 1.0508907e-05 1.4225142e-05 0.0017300214 5.260618e-06 0.0012886667 0.006478439 0.0072426046 0.045805782 1.1465809e-06 0.0008886133 0.00029406292 0.00043512168 3.691511e-06 0.00019475652 0.00034444948 0.00015102299 0.30544078 0.033324998 9.858703e-08 7.675704e-06 2.601298e-06 3.755339e-05 0.14035359 9.8041455e-06 3.8828734e-05 7.2352924e-07 8.353001e-05 0.011937079 2.7927183e-06 1.972086e-05 0.00020970263 9.5538206e-05 0.04543405 1.9859408e-05 0.0047264234 8.533685e-07 0.06507627 3.106892e-06 0.0014373853 1.0581032e-05 2.2127191e-05 0.0063158134 2.2923548e-05 3.5601438e-06 7.3682186e-06 0.09512274 5.5956043e-05
0.8603741 0.17402597 0.7532928 0.6777352 0.11192451 0.063128434 0.12307378 0.06294149 0.039212894 0.20453055 0.48235422 1.722631e-17 0.26509482 0.30662543 0.91942185 0.051209126 0.004409937 0.025830422 0.010551619 0.28048846 0.9014376 0.0015937247 0.0054371096 0.0023871097 0.2647518 0.0020837288 0.5962396 0.0020543493 0.0018683375 0.036613107 0.0004076534 0.02174985 0.00029455498 0.006324463 0.008069614 0.0008154608 0.00040296823 0.00058730086 0.2927383 5.5072134e-05 0.010350266 0.7742535 0.00034440545 0.0016512735 0.0017664823 0.000788082 0.0036351564 0.23814642 0.333287 0.00013886708 0.0042550713 2.6324122e-05 0.00010381529 0.00051616225 1.4062122e-05 8.7248445e-06 0.00058800954 6.3723e-05 0.00046213204 0.012068037 0.015734594 0.06984322 9.458422e-07 4.427412e-05 6.7649635e-05 0.0004707381 6.84037e-06 3.636337e-05 0.0016815575 1.1637914e-05 0.12120807 0.05692144 1.319819e-07 5.048643e-06 3.1965055e-07 2.5087458e-05 0.16439776 4.1527264e-06 0.00020397601 3.6308475e-07 1.18803155e-05 0.0013739625 5.0187214e-06 7.14896e-05 2.3930195e-05 1.4596303e-06 0.009181168 5.8129724e-05 0.00043612992 1.06824736e-07 0.0055396543 3.987712e-06 6.781312e-05 2.7936774e-06 1.7615268e-06 0.0015402676 3.094483e-05 4.2259995e-07 3.5248536e-06 0.05654676 5.802549e-05
0.35519418 0.03712335 0.15007718 0.023971742 0.015443286 0.013469206 0.079628654 0.25788233 0.018738993 0.9092825 0.019408995 0.26509482 2.7056125e-20 0.90941703 0.54045105 0.043581557 0.102723055 0.0077794115 0.029561251 0.02075281 0.22827014 0.000110717025 0.00017458145 0.00014834564 0.2697117 0.059865315 0.0387437 0.08743377 7.751602e-05 0.0040765144 3.2709137e-05 0.06590154 7.966563e-06 0.0025142923 0.03152463 0.000102576065 0.0021394463 0.00025334393 0.03804888 0.002115932 0.0012585014 0.08159297 0.0060000657 0.013365051 0.013070443 0.0043646386 0.02380287 0.1257057 0.17618583 0.0010571517 0.0005339605 6.014648e-06 1.8097273e-05 1.0563191e-06 0.0012403835 0.002147944 0.00029603683 0.0007299996 0.00018017068 0.01809052 0.01420101 0.025692375 9.921384e-05 1.0054069e-05 7.824303e-06 0.0002740508 0.00017761505 1.6814107e-06 0.02264122 4.4712993e-07 0.011367249 0.03943239 2.5301697e-06 7.004384e-07 6.125499e-05 0.00012412522 0.024762424 2.2783192e-05 0.0008261897 1.5135742e-05 1.6371204e-06 0.000100420766 5.4092357e-05 0.00011690715 6.911402e-05 7.542379e-05 0.0029364596 0.00012677812 0.00010035633 9.136415e-09 0.0014246858 1.2241433e-05 6.478191e-06 3.976162e-05 4.334823e-05 8.08788e-05 5.0965467e-05 5.3725e-06 1.3693956e-05 0.003476692 0.0003364536
0.29178542 0.02589784 0.11531973 0.01924153 0.008614383 0.014824797 0.081734024 0.2336505 0.018090658 0.66055274 0.01619654 0.30662543 0.90941703 2.7431083e-20 0.8697416 0.034696344 0.09238191 0.0059145456 0.017658303 0.015220306 0.23655398 0.0001288172 0.00014636546 0.000192787 0.23556815 0.033547875 0.041255206 0.0697946 8.58842e-05 0.0025765311 2.6154261e-05 0.06282803 7.712017e-06 0.0018606489 0.028444901 9.112416e-05 0.0023984804 0.00010866994 0.033388022 0.0018724401 0.0012048942 0.065365195 0.0053654853 0.009747556 0.011923125 0.0036994005 0.019661894 0.08032222 0.12748176 0.0017063571 0.00041967034 5.892877e-06 1.2998022e-05 9.560926e-06 0.0012694914 0.0012635802 0.00060825184 0.0005738315 0.00023061463 0.021512913 0.015689148 0.019198757 7.0922106e-05 9.477804e-06 9.782598e-06 0.0003131018 0.00017794108 1.9369572e-06 0.015855988 6.390716e-07 0.0081581855 0.046275847 5.9827516e-07 7.6807595e-07 3.5765348e-05 0.00014406357 0.021295203 3.351676e-05 0.00022026712 1.2853344e-05 2.9805522e-06 3.64065e-05 5.5380984e-05 0.000118645614 9.3480856e-05 5.337607e-05 0.0028435176 0.00011475863 5.231882e-05 6.980537e-09 0.0012326636 1.3549308e-05 4.5930337e-06 3.1558084e-05 3.858142e-05 3.5222376e-05 7.936985e-05 8.658896e-06 1.556167e-05 0.0021624514 0.00012783974
0.6249542 0.025828306 0.1472468 0.02726446 0.010820536 0.018323591 0.06369418 0.16410135 0.020391522 0.4129052 0.029240826 0.91942185 0.54045105 0.8697416 4.4565315e-20 0.029274471 0.0561507 0.00570805 0.011729842 0.025227314 0.86114794 4.5162204e-05 0.00021238509 0.00022925375 0.56705385 0.014108433 0.2304138 0.036049478 0.0001202495 0.0062970463 1.1664449e-05 0.08666341 1.5807627e-06 0.00193404 0.030721013 6.827638e-05 0.0014955512 3.605531e-05 0.062379505 0.0010056457 0.00092628447 0.22387491 0.0027773057 0.0076191863 0.007482535 0.0022035432 0.016863793 0.18897352 0.4193319 0.0011361035 0.00028712145 6.339592e-07 2.070138e-06 5.7438497e-06 0.00017159591 0.00011629134 0.00051125366 0.0006786834 0.00016116179 0.04761598 0.029577658 0.05345713 7.860545e-06 1.1371169e-06 3.857901e-06 0.00010737932 8.870311e-05 1.134923e-06 0.018677203 3.8480366e-07 0.02080776 0.060017113 7.4394265e-08 5.677492e-07 2.030419e-06 0.00010069898 0.06713327 1.2113223e-05 9.3609946e-05 2.1797016e-06 2.957749e-06 2.0823023e-05 1.2699395e-05 0.00021134675 2.2843155e-05 5.774987e-06 0.002194108 8.315027e-05 3.6006895e-05 1.545972e-09 0.0011153129 3.867486e-06 2.323777e-06 5.045226e-06 4.257474e-06 4.309671e-05 5.8030193e-05 5.001881e-07 1.6133832e-06 0.0078123733 5.8810292e-05
0.2142607 0.5305286 0.26063022 0.10810601 0.5024728 0.40448245 0.20843011 0.05434044 0.43115285 0.06287974 0.09550197 0.051209126 0.043581557 0.034696344 0.029274471 7.187842e-19 0.025396198 0.9477765 0.94954354 0.28173482 0.029716829 0.1990127 0.1061865 0.05579607 0.00045691818 0.008078873 0.013471449 0.0004825664 0.028807854 0.14733082 0.00980587 0.006142701 0.11409616 0.06112122 0.0013024535 0.0054091793 9.684094e-06 0.0067662094 0.10946503 3.0324116e-05 0.45699024 0.017413102 5.5951105e-06 0.0007292071 9.879019e-05 0.00014180275 0.0006626987 0.0051717707 0.000711498 3.5360315e-06 0.04773221 0.0017778989 0.0019542784 0.07780714 6.9618063e-06 0.00014248135 0.03938962 7.814399e-06 0.025183357 9.1265574e-05 6.1168066e-05 0.0006995166 9.778358e-07 0.004326809 0.0024108698 0.022263473 3.6381177e-06 0.0019066149 0.002906234 0.00118795 0.0063444073 0.0015891853 9.984409e-07 0.0012419377 5.47618e-06 1.3130812e-05 0.0041882233 3.7920818e-06 0.0021800282 6.503798e-07 0.00037247824 0.012100168 0.00036524024 6.5779873e-06 3.2117627e-05 4.6081354e-06 0.013394851 3.1256536e-06 0.008721143 1.096385e-05 0.03934531 4.8452316e-06 0.007161219 2.498049e-06 4.841022e-07 0.010914902 6.274473e-06 2.2599293e-07 1.096396e-06 0.0035136272 0.0023506242
0.34448895 0.03529437 0.07901511 0.00935722 0.015278842 0.06568475 0.42464757 0.86735195 0.12337231 0.6913019 0.0026101377 0.004409937 0.102723055 0.09238191 0.0561507 0.025396198 1.4204397e-17 0.0075248713 0.32870287 0.00433705 0.02107039 0.00012298602 0.00029379188 4.42764e-05 0.03151702 0.87571216 0.0031441378 0.76716536 4.0670475e-05 0.0006593312 4.9152597e-05 0.08444635 8.371044e-06 2.9986379e-05 0.06837247 4.384369e-05 0.2205743 0.000101019185 0.006929965 0.37555408 0.00014436284 0.005793312 0.036925603 0.03079743 0.18797834 0.03458058 0.019614149 0.016919501 0.010653486 0.06380565 1.9185336e-05 2.3097427e-06 2.7927797e-06 2.849431e-07 0.0896653 0.19083221 6.895457e-05 0.0038415873 0.00036933474 0.026291821 0.015930131 0.006777094 0.007506343 1.7713228e-06 1.7621982e-05 0.0007143821 0.0007808857 1.2946076e-05 0.008033939 9.282848e-06 0.0011836975 0.012937314 0.0030595006 2.667775e-06 0.00053065654 0.0005937236 0.013356711 0.00013892006 0.00095336296 0.00026237266 3.8792825e-07 0.00029744784 0.0027070309 4.2387626e-05 0.00037602003 0.005462486 0.00066727784 0.00013549805 0.00013867744 4.0413277e-09 0.00050087407 4.556962e-05 2.1758438e-05 0.00029456956 0.00054006925 0.00020303804 6.034916e-05 0.00031703373 0.00016772484 0.0014537727 0.003688984
0.705971 0.3198035 0.093809545 0.094655745 0.36840612 0.19530983 0.033089153 0.0102473255 0.1507342 0.010218795 0.29763734 0.025830422 0.0077794115 0.0059145456 0.00570805 0.9477765 0.0075248713 7.156136e-18 0.6607456 0.2319214 0.00787698 0.49407455 0.13169426 0.10931992 0.00020713286 0.0017705875 0.0016725722 0.00014365008 0.087204024 0.1482528 0.20488253 0.003208334 0.47931278 0.09758354 0.00019557064 0.040128075 2.8909858e-06 0.05621949 0.099739596 1.4585012e-05 0.7764086 0.009390444 3.1126856e-07 1.10144365e-05 3.538395e-05 3.0390715e-06 9.36124e-06 0.0013227615 0.00016206202 2.9884902e-06 0.10181342 0.0358225 0.019842159 0.2546075 4.276575e-06 6.277229e-05 0.15482536 4.3903526e-07 0.103971936 3.5428046e-05 1.3834607e-05 0.00021527444 1.3577434e-06 0.017662143 0.0296722 0.062114008 1.6917164e-07 0.017914483 5.94094e-05 0.016776036 0.015675254 0.00013177359 4.9238076e-07 0.15813842 5.0087524e-06 1.6826586e-06 0.0016754378 1.9603615e-06 0.005861496 1.1949134e-06 0.012912299 0.021106442 8.553941e-05 2.3008784e-06 4.013411e-06 2.5841766e-05 0.011146484 5.8417487e-07 0.01945587 0.00095879484 0.08207203 3.7422628e-06 0.026188007 1.919237e-06 4.4338006e-07 0.02056449 1.8790022e-06 1.7198124e-06 9.432084e-07 0.003695557 0.004654753
0.02381781 0.26913998 0.07705875 0.017666455 0.14723061 0.6134704 0.47036412 0.106610045 0.95030135 0.11993472 0.0032655562 0.010551619 0.029561251 0.017658303 0.011729842 0.94954354 0.32870287 0.6607456 5.637168e-22 0.0057926686 0.009763185 0.016118715 0.00622311 0.003918587 0.002385644 0.07089939 0.0033753107 0.010641909 0.0041797883 0.0024930916 0.0015908806 0.0120947445 0.00804634 0.0008735278 0.004336672 0.002829334 0.00013849887 0.0041290754 0.004689919 0.0011567889 0.42606002 0.0011433794 4.7332294e-05 0.0015148465 0.0004397147 0.00018858763 0.0005182519 0.0015069734 0.001836722 2.2948461e-05 0.0016398762 0.0003933294 0.0005458903 0.03226858 5.854733e-05 0.002573534 0.10332204 1.4803124e-05 0.11446227 0.0011577639 0.0005238938 0.001408756 1.0200533e-05 0.0016173794 0.00057810574 0.3182528 4.1832454e-06 0.00080160284 0.0016915079 0.00050081837 0.0002221423 0.00014579819 1.9156923e-05 0.0001295673 1.2015892e-06 8.080644e-06 0.0013567656 4.0750797e-07 0.03304097 1.1986547e-06 0.0005678879 0.0012286165 0.010905616 3.0774386e-06 1.846039e-05 5.907513e-06 0.0006206367 3.6720796e-06 0.0008015853 3.933241e-06 0.0007815394 6.5748573e-06 0.0010389606 1.1228701e-05 1.510543e-05 0.0011605624 1.3512742e-06 7.0432753e-07 2.0710373e-05 0.00016586662 0.06336787
0.9505715 0.22293566 0.103992224 0.51763564 0.6217298 0.05053015 0.015674349 0.009860703 0.017943492 0.014663066 0.8438825 0.28048846 0.02075281 0.015220306 0.025227314 0.28173482 0.00433705 0.2319214 0.0057926686 3.049173e-18 0.05261094 0.2799224 0.7289377 0.4466352 0.0047447407 0.00093489693 0.056776956 0.00061677606 0.06880066 0.8194486 0.01178656 0.0026509897 0.013064014 0.33123586 0.0015066499 0.012770661 0.00020250336 0.019941924 0.83615524 1.3529204e-05 0.061445385 0.5423707 0.00015794067 0.000383811 0.00023609068 0.00019321973 0.00084182253 0.020750355 0.019012427 3.2133434e-05 0.10445749 0.0029250975 0.0075945603 0.0071834116 1.8016209e-06 4.517644e-06 0.0013418276 2.0886784e-05 0.0008702454 0.0026910154 0.0035063615 0.02434043 1.3765257e-06 0.0022938664 0.00059844274 8.3477535e-05 5.40149e-06 0.0005790785 0.0002239903 0.00054176536 0.5609549 0.008251286 8.138082e-06 7.4780844e-05 1.5127767e-06 2.5667698e-05 0.115173325 1.4435485e-06 0.00017882655 1.973989e-06 2.7172435e-05 0.014174894 4.0771018e-05 4.1092197e-05 2.8341126e-06 5.849197e-05 0.23671715 0.00010428881 0.013244315 1.8080135e-06 0.10884002 1.3151346e-06 0.0021825982 1.911597e-05 1.8433297e-05 0.011879715 3.813164e-05 6.889484e-06 2.7741491e-05 0.24843478 4.5394e-05
0.82599777 0.046392996 0.16162048 0.22398718 0.040181585 0.022884278 0.0346982 0.061755195 0.017072769 0.1745491 0.20957501 0.9014376 0.22827014 0.23655398 0.86114794 0.029716829 0.02107039 0.00787698 0.009763185 0.05261094 7.835265e-17 0.0005543187 0.0025284826 0.00081084354 0.69626874 0.0032692954 0.91823417 0.0079919575 0.00040566735 0.0168317 4.8950555e-05 0.20903343 1.591602e-05 0.0019693917 0.044101503 0.00010195704 0.000738205 0.00015774286 0.13316813 0.00012176911 0.003445855 0.32370514 0.0011330593 0.006016384 0.0045964518 0.0022368396 0.015952567 0.6218566 0.4107109 0.00026977836 0.001826218 3.4420907e-06 3.3670796e-05 0.00015555165 3.3627446e-05 1.1944856e-05 0.00038825415 0.001247741 0.0016150336 0.082711644 0.08142186 0.10497584 2.0180141e-06 3.6960726e-06 5.212358e-06 0.00038023829 0.00013498525 5.0981876e-06 0.008337702 1.6553932e-06 0.08208116 0.06812522 4.3219276e-07 1.3391217e-06 7.740311e-06 7.9476806e-05 0.12193254 2.8206801e-05 0.00088233186 9.2753335e-06 0.0001071604 0.0007793353 0.0001688468 0.0007970953 7.08031e-05 8.7329405e-05 0.0153873265 0.0011145278 0.0004960985 4.772213e-07 0.0070033236 9.330117e-06 4.182699e-06 3.4443317e-05 3.9026825e-05 0.00041705562 0.00023930824 3.5973706e-05 4.3464173e-05 0.08778043 0.0005072934
0.9377028 0.01694962 0.002474168 0.01904129 0.22707197 0.010601073 0.0026930938 0.00028408453 0.006705891 0.00040440485 0.12163338 0.0015937247 0.000110717025 0.0001288172 4.5162204e-05 0.1990127 0.00012298602 0.49407455 0.016118715 0.2799224 0.0005543187 2.5996852e-16 0.7176873 0.6134708 2.0515818e-05 7.1997136e-05 0.00017127774 2.2657929e-05 0.64408576 0.24821082 0.73751724 7.106927e-06 0.87858206 0.13934232 2.8093953e-06 0.40536848 3.2357073e-06 0.5353447 0.15885302 1.9196214e-06 0.29939175 0.009300322 3.5928397e-06 9.261845e-06 1.6825952e-05 5.313034e-06 7.539607e-06 0.00022331034 1.2676536e-05 3.8677217e-06 0.33015975 0.2748004 0.2968118 0.2816303 6.392639e-06 5.7617513e-06 0.008859741 1.3374306e-06 0.005090546 1.7704783e-06 1.1842064e-06 0.0001267299 7.510108e-07 0.025523432 0.010815336 0.0012100352 5.363523e-07 0.004251402 1.0890943e-05 0.0071373666 0.07616383 2.0723492e-07 4.4439666e-06 0.0016493399 1.0987437e-06 3.3259184e-06 0.0027528952 1.5376052e-06 0.00010189056 7.131439e-07 0.00017545573 0.06054954 9.3075705e-06 4.536372e-06 4.919422e-06 8.9540896e-05 0.046911042 5.9473905e-07 0.015903996 3.491436e-05 0.3083641 2.9562123e-06 0.020019412 1.1958886e-05 1.0118701e-05 0.04382826 1.9955044e-06 6.6300977e-06 8.757447e-06 0.0032608244 0.0005510471
0.9454401 0.006969304 0.00283909 0.018446017 0.15659958 0.00300692 0.001544322 0.0003230968 0.002454036 0.0006651986 0.19048645 0.0054371096 0.00017458145 0.00014636546 0.00021238509 0.1061865 0.00029379188 0.13169426 0.00622311 0.7289377 0.0025284826 0.7176873 3.9745097e-16 0.925247 4.8276794e-05 7.637191e-05 0.00086788624 0.00013230156 0.49808046 0.44310504 0.29292744 5.3583746e-05 0.25172728 0.47098753 1.4613498e-05 0.18185228 5.4140014e-06 0.32377604 0.26273993 2.5959353e-06 0.046683155 0.019626077 3.3037072e-06 1.7400958e-05 4.3331616e-05 8.271759e-06 5.075971e-05 0.00049386383 0.00018359427 3.159357e-06 0.32085556 0.073412 0.1431537 0.042243835 3.860805e-06 2.6000595e-05 0.0025638014 2.2865156e-06 0.0018879854 1.0243368e-05 5.0467506e-06 0.0005156609 1.0427838e-06 0.0061995997 0.000993987 0.00028097464 6.296313e-07 0.000993185 2.7707897e-06 0.0016442648 0.12538892 3.9690585e-05 1.9205398e-05 0.0002824232 1.0282679e-06 4.6218715e-06 0.0067301537 2.6851576e-06 7.113534e-05 4.473686e-06 6.256968e-05 0.027229063 8.4417734e-05 8.683878e-06 9.045725e-06 0.00014383048 0.10771228 3.0461981e-06 0.009959503 2.1889339e-06 0.28393328 6.2732165e-06 0.005523925 4.2026248e-05 2.3460116e-05 0.02106167 2.7969697e-06 2.6435091e-05 5.0181447e-05 0.009213916 0.00012179443
0.7879964 0.003925724 0.0016034826 0.007260495 0.06732136 0.0014790664 0.00083499984 8.425558e-05 0.001600621 0.00015222824 0.06657017 0.0023871097 0.00014834564 0.000192787 0.00022925375 0.05579607 4.42764e-05 0.10931992 0.003918587 0.4466352 0.00081084354 0.6134708 0.925247 3.6729752e-16 6.701729e-06 3.1755102e-05 0.00032958246 5.2658033e-06 0.71462494 0.24233292 0.36871895 3.2134354e-05 0.4299029 0.41319346 1.4643758e-05 0.30826002 4.269293e-06 0.4877691 0.12340379 1.0647167e-06 0.04023255 0.0053052846 6.22189e-07 1.7354207e-05 8.230321e-06 4.6647183e-06 1.7716835e-05 8.925724e-05 1.4395281e-05 9.969299e-07 0.300246 0.053893793 0.12893438 0.017255807 1.1007722e-06 1.9684874e-05 0.0019444308 7.2646014e-07 0.0019473694 2.3269126e-06 1.9640293e-06 0.00010124728 9.620629e-07 0.008405888 0.0025770965 0.0002523112 3.460742e-07 0.001658149 2.1269743e-06 0.0015644084 0.063491516 8.4984777e-07 6.2047566e-06 0.00028640137 1.1578371e-06 4.558003e-06 0.00209859 2.7286768e-07 0.00013295791 1.5112469e-06 4.026824e-05 0.010494302 0.00011854586 1.6384129e-05 4.020575e-06 0.00015963228 0.08811446 2.00059e-06 0.009746853 6.713489e-07 0.23656008 2.4656422e-06 0.0031096449 6.648539e-05 3.3791686e-05 0.010795612 3.3447902e-06 6.732599e-06 4.725066e-05 0.0047892495 0.0001254349
0.89038086 0.0070268326 0.0249079 0.007925663 0.0019934084 0.00620088 0.014428267 0.036500636 0.0031982437 0.16121173 0.005308349 0.2647518 0.2697117 0.23556815 0.56705385 0.00045691818 0.03151702 0.00020713286 0.002385644 0.0047447407 0.69626874 2.0515818e-05 4.8276794e-05 6.701729e-06 1.6232336e-16 0.007429165 0.32383215 0.036028154 6.0368466e-06 0.0014855205 5.693514e-07 0.9035848 1.7208237e-07 3.8330127e-05 0.43220246 1.3534423e-06 0.00753513 2.937686e-06 0.025671305 0.0003019079 0.002402008 0.15331633 0.01971557 0.13805369 0.039572433 0.051641215 0.22051068 0.4387455 0.86712736 0.0019724397 2.6524132e-05 1.8862988e-08 9.004144e-08 3.1087534e-06 0.00021711603 0.00032487343 0.00030054245 0.03623332 0.0008183932 0.6427738 0.65252197 0.3760648 2.5946149e-05 3.0818967e-08 2.0284448e-08 0.0022373754 0.0042596855 8.1778415e-09 0.33823448 2.7085552e-09 0.0101033505 0.49378258 3.7620958e-07 1.6850528e-08 4.6027613e-05 0.0012945238 0.19312379 9.496791e-05 0.0011694529 6.2196246e-05 4.6263517e-06 7.0542096e-06 3.815052e-05 0.0050105345 0.0017371039 4.259892e-05 0.0004394378 0.008210766 1.843044e-06 3.6608188e-09 0.00062419433 0.00019605427 2.0097746e-08 1.0258153e-06 2.9144828e-06 5.6072413e-06 0.0016238769 3.2516928e-05 3.541259e-06 0.035599247 0.0027839034
0.039346877 0.017652715 0.02134641 0.0039267684 0.0036858635 0.008249272 0.059859686 0.32758787 0.02435205 0.42733988 0.0018044084 0.0020837288 0.059865315 0.033547875 0.014108433 0.008078873 0.87571216 0.0017705875 0.07089939 0.00093489693 0.0032692954 7.1997136e-05 7.637191e-05 3.1755102e-05 0.007429165 1.2881986e-18 0.00015980881 0.6605172 6.301816e-05 2.1338243e-05 5.8340935e-05 0.064334296 1.3059914e-05 1.632121e-06 0.051421385 4.909212e-05 0.45244244 2.9368415e-05 0.0008723905 0.94917566 0.00045285618 0.00027230792 0.04102451 0.031049568 0.0930138 0.026748262 0.011589145 0.006373258 0.0006287213 0.08611691 2.4715325e-06 2.3846076e-06 6.3713884e-07 1.7356151e-06 0.29981697 0.69691116 3.4478056e-05 0.0023996895 8.698139e-05 0.0030802488 0.0013186008 0.00056510826 0.037180934 1.8626221e-06 2.7172277e-05 0.0006995683 0.00031313405 5.505315e-06 0.0017914134 1.8654343e-06 0.0004715759 0.0011702053 0.021574842 1.21451385e-05 0.00061219896 0.00022249915 0.0013256441 0.00015726192 0.0018048076 0.00037686012 6.539048e-07 0.00057396473 0.015806364 1.6350381e-05 0.00010942359 0.012934194 0.00028845805 1.6636572e-05 0.00023579683 5.354001e-09 0.00069988926 5.562229e-05 0.00022896337 0.001955671 0.0013536154 0.00050077855 2.8798539e-05 0.00051203975 0.00058132614 0.0024363636 0.0059932424
0.9652098 0.019338349 0.06532761 0.113827206 0.022264311 0.0077033406 0.011252596 0.018972915 0.0041781184 0.041539654 0.14878164 0.5962396 0.0387437 0.041255206 0.2304138 0.013471449 0.0031441378 0.0016725722 0.0033753107 0.056776956 0.91823417 0.00017127774 0.00086788624 0.00032958246 0.32383215 0.00015980881 3.0877883e-18 0.0013514046 8.789573e-05 0.013488945 2.2466878e-05 0.05850793 1.8727767e-06 0.0024446123 0.011076033 2.5569678e-05 0.0004057362 3.577691e-05 0.1361361 1.1086774e-05 0.00070966454 0.7914114 0.0003766273 0.001743649 0.0017278572 0.0010091332 0.006996851 0.8347804 0.5324067 0.00010307343 0.00024069505 1.7923376e-06 5.956214e-06 2.3194803e-05 3.5752028e-06 5.3168606e-06 6.932897e-05 0.00047809392 0.00052429514 0.027336216 0.030683946 0.19693369 2.3646157e-06 5.765783e-07 1.4668713e-06 0.00016296342 2.87543e-05 1.6398236e-06 0.0024452347 8.785718e-07 0.1489566 0.009267156 3.4255646e-07 1.9622588e-07 1.3684642e-06 5.5876164e-05 0.35673946 3.7402328e-06 0.00016164157 2.6392784e-06 3.7980408e-05 0.00014936391 5.1832694e-06 0.00050208904 1.9806504e-05 3.4809448e-06 0.020036276 0.00057565176 1.8862243e-05 7.3001836e-08 0.006527046 3.1189302e-06 1.7612184e-07 2.9049345e-06 2.6692005e-06 3.4647477e-05 0.00022997551 5.8756126e-07 2.521267e-06 0.16237514 9.118546e-05
0.118076526 0.0042028474 0.008895638 0.0018370498 0.0007865484 0.0019635921 0.014449269 0.25074324 0.0044258186 0.5175565 0.0012450168 0.0020543493 0.08743377 0.0697946 0.036049478 0.0004825664 0.76716536 0.00014365008 0.010641909 0.00061677606 0.0079919575 2.2657929e-05 0.00013230156 5.2658033e-06 0.036028154 0.6605172 0.0013514046 1.3914461e-18 1.2498872e-05 2.9299094e-05 1.6565455e-05 0.28475782 3.1893358e-06 6.657453e-07 0.26113835 8.729189e-06 0.96580344 8.792361e-06 0.0009981825 0.51067734 0.00029207073 0.000581371 0.3506403 0.30704373 0.51230335 0.33840066 0.09980641 0.015436682 0.0033325858 0.4705799 5.2723334e-07 9.089771e-07 2.4533432e-07 1.1542508e-06 0.3356595 0.24122302 3.5950193e-06 0.042445276 1.5080989e-05 0.006887649 0.0032804841 0.0023930336 0.059521705 1.1194992e-06 1.30607095e-05 0.00014651616 0.007027717 2.6523942e-06 0.0032589978 7.0762115e-07 0.00031991696 0.001919272 0.0033363577 4.925841e-07 0.009769766 0.004224431 0.0032400494 0.0019321614 0.0007369909 0.002886095 1.4020824e-07 0.0001571153 0.0006940222 3.9428083e-05 0.0004071407 0.013910641 0.00023650602 1.7389162e-05 2.75006e-05 7.965579e-09 0.0005993466 0.00021265385 1.1844024e-05 0.0014372228 0.0015903983 5.6179444e-05 6.629987e-05 0.0012743489 0.001024014 0.0015919224 0.00020570234
0.7410837 0.0013892894 0.0008595492 0.0021353033 0.020836676 0.00095400953 0.0003238832 3.43038e-05 0.0005823949 0.00014029848 0.009167843 0.0018683375 7.751602e-05 8.58842e-05 0.0001202495 0.028807854 4.0670475e-05 0.087204024 0.0041797883 0.06880066 0.00040566735 0.64408576 0.49808046 0.71462494 6.0368466e-06 6.301816e-05 8.789573e-05 1.2498872e-05 9.058779e-17 0.1050212 0.73825973 2.0631245e-05 0.74577117 0.09978669 5.149377e-06 0.7812598 5.3558892e-06 0.74874204 0.02836699 4.2902802e-06 0.06591364 0.00091488275 1.2262072e-06 1.3849617e-05 1.1987684e-05 7.3190477e-06 7.989495e-06 1.9194413e-05 5.5562778e-06 8.4805447e-07 0.21318132 0.25890106 0.33710364 0.040570345 3.4755249e-06 0.00015161016 0.003574506 4.3819279e-07 0.0028309613 1.4765795e-06 7.8917515e-07 5.0982e-05 1.5204628e-06 0.027923746 0.00635568 0.00028458753 3.3343932e-07 0.00299164 4.6441863e-07 0.002467243 0.018549139 2.2360365e-07 7.2819525e-06 0.00072243606 2.4180886e-06 4.3728337e-06 0.0012408 2.676012e-07 8.5726104e-05 3.1130137e-06 0.00023459972 0.011432862 4.007955e-05 1.6594342e-05 2.4697206e-06 0.00027936883 0.0417157 2.3204261e-06 0.006093469 2.4954667e-05 0.20683454 2.0434634e-06 0.0027238985 0.00011498693 5.3236825e-05 0.00947912 3.8688213e-06 3.558691e-06 2.8065982e-05 0.0016357641 0.00019907391
0.9364132 0.031544596 0.017421715 0.10097694 0.2748038 0.007823703 0.0035718651 0.0013183531 0.0033043663 0.004557293 0.310816 0.036613107 0.0040765144 0.0025765311 0.0062970463 0.14733082 0.0006593312 0.1482528 0.0024930916 0.8194486 0.0168317 0.24821082 0.44310504 0.24233292 0.0014855205 2.1338243e-05 0.013488945 2.9299094e-05 0.1050212 7.156106e-19 0.027643193 0.00068331655 0.047819566 0.94497555 7.536943e-05 0.027432185 2.523786e-06 0.042211387 0.59842193 6.4566075e-07 0.031329583 0.119230285 3.7040827e-06 9.286885e-06 1.7966357e-05 7.467162e-06 0.00015296153 0.0045825006 0.005534096 8.2083693e-07 0.19137838 0.004231866 0.01173852 0.017467381 1.3095001e-06 1.3636491e-06 0.0005536023 1.1589663e-06 0.00029972213 0.0014966611 0.0021286113 0.008023853 4.7696426e-07 0.0033651474 0.00062682986 1.7669556e-05 3.2759615e-07 0.0005849244 2.8973773e-05 0.00061372353 0.52277577 0.0030990622 8.91016e-07 0.00014677572 8.667199e-08 1.3162712e-06 0.035089895 1.0776221e-07 3.19355e-05 7.1792124e-07 1.3735314e-05 0.012901301 2.3193432e-05 5.451744e-07 9.588122e-07 4.606672e-06 0.33339623 1.207169e-06 0.012336039 5.57966e-07 0.30347413 3.732324e-07 0.0025795724 3.5063063e-06 6.950287e-07 0.02020816 2.9080792e-07 1.7774586e-06 2.6223831e-06 0.10554127 2.0007265e-05
0.9501528 0.0007200373 0.00026095228 0.0009938059 0.017608855 0.000555239 0.00017856395 1.9555933e-05 0.00024456778 0.000105054656 0.007004499 0.0004076534 3.2709137e-05 2.6154261e-05 1.1664449e-05 0.00980587 4.9152597e-05 0.20488253 0.0015908806 0.01178656 4.8950555e-05 0.73751724 0.29292744 0.36871895 5.693514e-07 5.8340935e-05 2.2466878e-05 1.6565455e-05 0.73825973 0.027643193 2.576905e-14 1.1241681e-06 0.77134866 0.042233154 1.3017915e-06 0.72334915 3.4478796e-06 0.83098346 0.014984436 4.5070797e-06 0.29069027 0.00035601456 4.0270544e-07 1.2542425e-06 2.7131522e-05 6.699099e-07 4.0002874e-07 1.2996869e-05 1.978069e-06 2.7126123e-06 0.19314608 0.55811834 0.5365929 0.20348307 1.5275038e-05 0.00011782957 0.006685276 2.7880097e-07 0.002352342 1.981132e-07 6.249349e-08 8.268729e-06 1.0175194e-05 0.028494954 0.0061829225 0.00033107662 3.043879e-07 0.003390089 5.798046e-07 0.0026368834 0.0073878006 6.8567725e-09 3.9039646e-06 0.001359203 3.7220395e-06 4.4835438e-06 0.00023644624 5.793762e-07 9.5292795e-05 1.2734018e-05 0.00020236686 0.017143628 6.759282e-05 1.0480288e-06 2.3193136e-06 0.00012981083 0.013014198 1.8457168e-07 0.00427211 1.4528053e-05 0.16039015 4.083271e-06 0.006789207 9.869903e-05 2.0588495e-05 0.015955504 5.0340003e-07 5.186044e-06 1.9373518e-05 0.000492825 0.00024432415
