5.120795e-20 0.99651396 0.99900997 0.78567797 0.9121616 0.9999462 0.9991648 0.98437536 0.9999694 0.99675333 0.9960542 0.73905486 0.9414752 0.9807902 0.92734766 0.8386757 0.9836898 0.9795647 0.100260325 0.16054796 0.99296045 0.018728774 0.99156874 0.86275035 0.9942214 0.97219455 0.9718723 0.9157311 0.09329306 0.01226814 0.8972707 0.8961052 0.98560655 0.94634527 0.9657366 0.89195555 0.873399 0.85456765 0.6133084 0.98995656 0.88755167 0.90849406 0.9341388 0.95359904 0.75651187 0.44724226 0.9431354 0.9261256 0.9793426 0.7392636 0.82388777 0.85997945 0.96174896 0.9674154 0.85886854 0.97132236 0.8439206 0.49267852 0.9557451 0.88927424 0.73366296 0.83553374 0.850775 0.9647384 0.462674 0.12851882 0.70869255 0.9086112 0.05281191 0.9368431 0.5916021 0.5565476 0.1524006 0.32065335 0.0038340038 0.8357171 0.41376224 0.6991419 0.54639554 0.30946064 0.6037334 0.1365457 0.5482414 0.49157888 0.1925767 0.031715874 0.018276937 0.037769508 0.42189133 0.051226296 0.0055063423 0.031052114 0.009190537 0.008911283 0.00032595338 0.06026113 0.008905904 6.220579e-05 0.0046714703 0.003539691 0.0018822874
0.99651396 3.771155e-11 0.97798413 0.83966804 0.95094234 0.074045785 0.5670047 0.028838051 0.014839468 0.10647705 0.1612356 0.13205405 0.13270499 0.007176031 0.022482185 0.046756964 0.015597532 0.010762275 0.033117037 0.0067082285 0.031546794 0.005602952 0.009762511 0.020333681 0.009496497 0.11715136 0.0066105262 0.008403054 0.0017039065 0.00062291016 0.0056241383 0.002653548 0.020208001 0.008779868 0.038809903 0.0017120019 0.0051876367 0.00064228 0.0015929688 0.011923489 0.0011436985 0.0096049905 0.014686912 0.008713945 0.0027112293 0.0018375455 0.0077677355 0.04194312 0.009180555 0.0001757302 0.0071031763 0.008740377 0.004165556 0.0065884 0.010850617 0.000878243 0.0053181183 0.00037580618 0.0031106519 0.0022106713 0.0021397625 0.0023480668 0.00046991167 0.030235192 6.120425e-05 0.00067159487 0.00022178795 0.00034538377 1.9120802e-05 0.0014412357 0.0010903602 0.00034129174 0.00029347208 2.6768657e-06 2.7287862e-05 0.011084529 4.6994173e-06 8.403547e-05 0.00015837007 7.165294e-05 0.00014499562 8.269953e-06 0.0009784917 0.00025277387 0.00019700678 0.00012113809 9.625162e-05 9.742995e-07 0.0016542256 1.2826905e-05 1.1753333e-05 1.7940365e-05 7.904534e-07 0.00027673465 8.120599e-08 0.00170611 1.1271659e-05 8.599865e-08 0.00016038641 0.00039793982 8.7176836e-08
0.99900997 0.97798413 5.948223e-11 0.96718955 0.24893418 0.0698618 0.07060228 0.032928698 0.005341533 0.1607898 0.014997567 0.024497276 0.16229904 0.016908323 0.00494697 0.053695105 0.038074825 0.0019309899 0.0048803873 0.00067266694 0.027700683 0.0004404437 0.015753593 0.070592344 0.013054609 0.45393738 0.008918553 0.016218703 0.0001800769 5.895961e-05 0.0024571344 0.003487255 0.006983562 0.026831387 0.01649269 0.0032695637 0.0016072419 0.0012663361 0.0004875751 0.012773732 0.0023262317 0.021022025 0.0541838 0.009376896 0.0018983369 0.005798008 0.020445623 0.21578994 0.010195651 0.0008689778 0.017696826 0.025048718 0.00510433 0.0110508595 0.016220799 0.0022294915 0.004856796 0.00056233286 0.004672392 0.014911306 0.015413507 0.005441099 0.0015497033 0.09401938 0.0001327562 0.0008201195 0.0009624396 0.001410365 0.0001193804 0.0036942565 0.0032091204 0.0006473282 0.001981326 5.940849e-05 5.5465076e-05 0.025260527 0.00015859376 0.000876554 0.0014665574 0.00080590043 0.0017891494 5.9221875e-05 0.0029126198 0.002778722 0.0010501484 0.0010368245 0.00011778788 1.9843998e-05 0.015502304 4.6277488e-05 9.750711e-05 0.00016434763 2.5386063e-05 0.00022032404 2.1694505e-06 0.0046026893 0.00018477607 6.097598e-07 0.00018181355 0.00037001955 2.8048041e-06
0.78567797 0.83966804 0.96718955 2.5332032e-09 0.047013205 0.28505293 0.09523604 0.25282767 0.0016007415 0.66946167 0.024912722 0.013068479 0.9796095 0.10028089 0.0028291058 0.9031627 0.037499797 0.0018965075 0.0017500012 0.00083456526 0.025482943 0.0002711472 0.0024290627 0.33449683 0.0017991667 0.4370084 0.0011105982 0.014444872 0.00014880358 4.6339133e-05 0.0007238568 0.00071663974 0.00101479 0.0038091247 0.0012199013 0.00038909467 0.0003644704 0.00019686011 8.4148785e-05 0.0011476799 0.00031596975 0.0052713887 0.015941702 0.0011446237 0.00017959444 0.003469923 0.0021113162 0.04793275 0.00054275076 7.832339e-05 0.0014171785 0.0019394481 0.00025779186 0.00037389738 0.000667513 8.488572e-05 0.0004016773 2.9557712e-05 4.497494e-05 6.24716e-05 0.0005598842 5.9104124e-05 3.552799e-05 0.0036255333 2.0214331e-06 3.1740477e-05 8.082156e-06 5.0980736e-05 5.647855e-07 0.0001434379 0.00019054243 4.137797e-05 9.013652e-05 8.290277e-08 4.635246e-06 0.0001494779 1.0813205e-06 2.306938e-06 9.986346e-06 9.487508e-06 4.136662e-06 3.1917412e-07 4.0540355e-05 6.635433e-05 1.5878753e-05 2.0919058e-05 3.986372e-05 1.8332315e-07 0.0005826429 7.9522056e-07 4.7283157e-07 7.5427886e-07 2.772935e-07 1.581777e-05 1.5896998e-07 0.0019224677 9.3722946e-07 7.1962646e-08 2.6815429e-05 0.00033073328 1.9922677e-08
0.9121616 0.95094234 0.24893418 0.047013205 1.1779433e-05 0.006925172 0.21489581 0.0007147951 0.0011254319 0.0038745746 0.0075366814 0.9950315 0.009851952 0.00011468139 0.009717126 0.0034231008 0.00019465572 0.00025058992 0.7937611 0.064465106 0.00097287534 0.016432106 0.0001500346 0.00087462267 0.00017216256 0.0067229914 9.9436715e-05 9.569084e-05 0.01045452 0.006527983 0.0005143078 0.00013208298 0.0052483687 0.00023417725 0.054900628 4.4514003e-05 0.0012493248 2.3725546e-05 0.0006770769 0.0005464638 3.5496058e-05 0.00025632244 0.0010907274 0.0005278411 0.0012201625 3.0035091e-05 0.000345563 0.0018415515 0.0005163395 2.0893998e-05 0.00045273398 0.00022481488 0.00018240631 0.00029532766 0.054440293 5.2756277e-05 0.0005433067 0.0003770724 0.0002053693 0.00013139425 5.635739e-05 0.0065105096 3.963449e-05 0.0023016345 9.413667e-06 0.0017640868 2.6503096e-05 3.899115e-05 7.117199e-05 5.6248173e-05 9.435044e-05 1.546232e-05 0.0003765666 8.0247406e-07 0.00010811577 0.0025378573 9.962224e-06 0.00016312684 0.00012135211 0.00012999713 0.00014615973 3.117912e-05 0.00023326695 0.0002970297 0.00010667524 0.00041092062 1.5170786e-05 4.4929902e-06 0.00016163262 1.2003849e-05 4.260276e-06 3.0279754e-05 1.5616619e-05 2.4177138e-05 1.0687049e-05 0.0008733137 2.6285063e-05 4.510885e-06 7.885263e-06 0.00085145456 4.5160464e-06
0.9999462 0.074045785 0.0698618 0.28505293 0.006925172 8.1032424e-11 0.195497 0.98117065 0.12272899 0.7607146 0.17410676 0.009911639 0.010944207 0.47609225 0.043424826 0.11207012 0.26769033 0.27425668 0.00046514586 0.0014820176 0.63184106 0.0004953924 0.14243685 0.076261416 0.21067631 0.0003577437 0.18941203 0.20103514 0.0006931574 0.0003547245 0.018648308 0.1411275 0.005499554 0.22824591 0.00050460873 0.05234939 0.0017999099 0.028095644 0.0010972187 0.1345504 0.027200885 0.11965624 0.032433227 0.025685534 0.00020777308 0.018004797 0.03812351 0.0002442135 0.01266896 0.010131601 0.08441102 0.07464717 0.03148789 0.026395015 3.4059645e-05 0.007971691 0.002364995 0.0004434805 0.0027879472 0.018037392 0.0060664196 0.00024334376 0.004664076 0.033888437 0.00062649633 8.095346e-06 0.0010183309 0.0048710178 3.7567253e-05 0.014650609 0.009791541 0.00468227 0.0006872823 0.000466169 4.1969095e-05 0.005663605 0.00060371554 0.0018421338 0.0006166808 0.0005255702 0.00041429774 0.0011318718 0.0004834554 0.0007607053 0.0022250265 7.928497e-05 0.00031971838 0.00014676998 0.0035687324 0.0005789405 0.00029057547 0.00024096217 8.6802975e-05 0.00024707313 7.679003e-05 0.00014380977 0.00010158366 9.239407e-05 0.00019600065 0.0004715662 2.8351898e-05
0.9991648 0.5670047 0.07060228 0.09523604 0.21489581 0.195497 7.2949554e-14 0.035956103 0.023239056 0.005485958 0.90718526 0.9391394 0.0080183735 0.0011057311 0.57030416 0.0035706863 0.00016066137 0.008380841 0.05082875 0.93250823 0.0011472751 0.026119571 0.00019212496 0.00041683475 0.00032035416 8.560095e-05 0.00054403854 2.3147073e-05 0.14877495 0.036851875 0.0098973 0.00037982455 0.13683023 3.6460428e-05 0.42530268 0.00010460078 0.013567488 6.1578125e-05 0.030613666 0.0007735275 7.5667635e-06 1.2803721e-05 1.0024915e-05 0.003365268 0.051715236 1.625275e-07 6.4441656e-06 6.274682e-06 0.0026235064 4.18863e-06 4.3679197e-06 5.0855255e-07 0.00022877064 0.0005153711 0.38492835 1.713257e-05 0.005673901 0.0020832657 0.0008403972 2.9647615e-06 2.4175108e-07 0.05329359 4.7164513e-06 8.627162e-06 1.2156471e-07 0.0034855988 1.9259487e-07 1.3638085e-05 0.00035660123 1.8380319e-05 4.0009394e-07 7.0765664e-06 0.0016925252 1.5202895e-07 4.747583e-05 0.001459279 3.579624e-06 2.2680068e-05 6.478788e-05 6.702263e-05 0.00023280381 5.573499e-06 0.0004476349 0.00014287377 6.300238e-06 0.00039390253 3.2376565e-07 1.7206456e-06 1.4678088e-06 9.777706e-07 1.4525039e-06 1.1225483e-06 2.4256733e-06 4.85379e-07 1.5839976e-05 5.1490238e-06 2.6284886e-05 2.1774254e-05 1.6965457e-07 1.6027898e-05 1.0975415e-06
0.98437536 0.028838051 0.032928698 0.25282767 0.0007147951 0.98117065 0.035956103 1.7463969e-10 0.023290003 0.628574 0.04090356 0.0027441904 0.0036117965 0.936509 0.012002998 0.20587935 0.25411287 0.0678674 9.5338146e-05 0.0007941631 0.8723177 9.306324e-05 0.20498231 0.13957655 0.32271898 0.000107507505 0.20801601 0.19611032 0.00021079721 5.953997e-05 0.0037344769 0.14283158 0.00094357604 0.6260745 0.00012929314 0.051564287 0.0008653093 0.024248457 0.00011705697 0.2054276 0.0520216 0.25352108 0.057449598 0.008750574 1.2440411e-05 0.008682261 0.18570101 5.3944765e-05 0.0072623054 0.008047173 0.18334658 0.19323152 0.031514406 0.029260153 1.2536021e-05 0.015408861 0.0013548391 4.5523622e-05 0.001757862 0.11975489 0.011868109 1.3602079e-05 0.011385884 0.20630957 0.0015474424 5.989185e-07 0.0070863566 0.0044680815 5.3478807e-06 0.033257745 0.027284438 0.0054480955 2.6826452e-05 0.0001457038 2.1608485e-06 0.004825597 0.00015309754 0.00083059317 0.00034123953 0.0001758197 5.701725e-05 0.0009228681 9.411679e-05 0.00016216283 0.024349822 8.018613e-07 0.0010554608 2.3399005e-05 0.011424754 0.0019013493 0.0002740772 0.00015987223 0.00010935807 0.0001327686 7.2912717e-06 5.2277628e-05 1.1570486e-05 2.5996342e-06 5.1481915e-05 0.00015315245 1.4933853e-06
0.9999694 0.014839468 0.005341533 0.0016007415 0.0011254319 0.12272899 0.023239056 0.023290003 1.35916105e-11 0.0019403491 0.07828602 0.0012408225 9.65762e-05 0.0020930925 0.05207319 0.00018098456 0.0003889984 0.97401285 2.2819004e-05 0.0037458232 0.0024874192 0.00011338888 0.0013476774 0.00012589918 0.0033920049 4.7370836e-06 0.0057600765 6.5787375e-05 0.004629336 0.00013863195 0.8602897 0.005148474 0.5390602 0.0004884158 0.10655576 0.003270343 0.4333346 0.0011269763 0.17425567 0.05552757 0.00016085975 9.656487e-05 3.4002394e-05 0.7856285 0.16863771 1.052488e-06 3.122512e-05 1.1211461e-05 0.13672839 0.00016723305 0.00013529662 1.1497974e-05 0.023015818 0.060047593 0.014730938 0.0017933621 0.5324609 0.27346334 0.19435321 0.0003621749 6.470264e-06 0.16397746 0.0005573813 7.246673e-05 6.4977285e-05 0.007502027 5.0325223e-05 0.008639002 0.030366985 0.011047651 4.9382284e-06 0.00029533976 0.16046321 0.00012137503 0.0026106953 0.14091545 0.0006610964 0.0024580883 0.0032243654 0.0037319278 0.011091403 0.00031003307 0.2439105 0.13219243 8.852734e-05 0.0028749255 8.361055e-06 7.493633e-05 3.4530145e-05 1.7871447e-05 2.1831434e-05 1.2111411e-05 1.8254874e-05 2.74712e-06 3.4960874e-05 2.8733768e-07 0.0044633076 2.3525157e-05 3.184376e-06 8.276075e-06 2.957198e-05
0.99675333 0.10647705 0.1607898 0.66946167 0.0038745746 0.7607146 0.005485958 0.628574 0.0019403491 5.311938e-14 0.0027056977 0.0018865275 0.14461754 0.5142547 0.00049605215 0.4085876 0.95997363 0.00074132654 0.000277608 0.00014818175 0.038495768 6.974816e-05 0.008858156 0.8973232 0.0034872068 0.284526 0.002686687 0.6460424 1.575786e-05 0.00010986685 9.732502e-05 0.0012745043 1.9380557e-05 0.20472983 1.4312108e-05 0.0015679036 3.9755837e-06 0.0012461263 4.329254e-07 0.0013236183 0.0026864614 0.3542624 0.78540087 0.0002838275 2.0927519e-07 0.26676184 0.028364828 0.17217825 0.00010685036 0.001960171 0.17583916 0.2575035 0.00085459836 0.00070793956 1.8115577e-05 0.00061022525 1.237173e-05 1.8816696e-07 3.573395e-05 0.072022766 0.34484306 3.1985132e-06 0.0004017754 0.41298404 8.1533755e-05 6.0989885e-07 0.001328417 0.00017813192 1.0450372e-07 0.0002201346 0.026077727 0.00017759914 3.0775635e-05 2.754337e-06 1.0380969e-05 0.0002600988 7.1368722e-06 1.89438e-05 2.3613991e-05 2.2076561e-05 2.0562613e-05 0.00013318227 1.6007299e-06 1.5939975e-05 0.003013681 3.187183e-06 0.0006741704 1.3165777e-06 0.10406043 2.832398e-05 0.00039874838 1.4875923e-05 8.011584e-06 0.0005629991 7.947677e-06 0.008208895 4.784928e-05 1.797401e-06 0.00067326415 0.0018055624 2.2109737e-06
0.9960542 0.1612356 0.014997567 0.024912722 0.0075366814 0.17410676 0.90718526 0.04090356 0.07828602 0.0027056977 2.4258196e-15 0.009681025 0.00077692646 0.0011004133 0.97976303 0.0016121329 7.767001e-05 0.09942951 5.6040153e-05 0.5024467 0.0017468107 0.0003231896 7.064628e-05 0.0012266255 0.00016699448 4.0307104e-06 0.0005640839 5.2130268e-05 0.039382447 0.0006433126 0.01871836 0.00035896272 0.5880346 0.00010833809 0.6368019 5.8036556e-05 0.040987145 5.350628e-05 0.10092398 0.0013333905 2.013005e-06 1.7616276e-06 7.2082736e-07 0.0017125808 0.089133754 1.2889136e-07 3.879708e-07 1.3243966e-06 0.015487645 3.5232304e-06 1.6799865e-07 2.1321549e-08 8.366148e-05 0.00030660463 0.19404247 4.9016776e-06 0.004797459 0.011180825 0.006639133 1.6875441e-06 4.7432786e-07 0.09871578 7.353382e-07 3.7033357e-07 6.159128e-07 0.0038492302 3.4888228e-07 1.147832e-05 0.0010006366 2.4095366e-06 1.6319926e-07 1.6948115e-06 0.00015103695 5.413792e-07 3.862346e-05 0.0001762493 1.0711318e-06 6.2573286e-06 1.2781347e-05 2.221157e-05 0.00013102035 1.843217e-05 0.00058271905 0.00022761247 5.476436e-06 0.0004855485 5.350067e-07 1.0949237e-06 2.9557555e-06 2.750393e-07 6.76704e-07 2.342725e-07 5.8174064e-06 4.705628e-08 1.330878e-06 1.15917345e-07 4.185468e-06 1.0717541e-06 1.18993306e-07 1.1413682e-06 1.0812144e-06
0.73905486 0.13205405 0.024497276 0.013068479 0.9950315 0.009911639 0.9391394 0.0027441904 0.0012408225 0.0018865275 0.009681025 9.6487526e-11 0.0011557287 0.0003254083 0.014709557 0.0003940574 0.00021307688 8.8714965e-05 0.8757356 0.9118649 0.00024004588 0.14519997 4.2668446e-05 8.313845e-05 2.7487935e-05 0.00013640185 2.334166e-05 6.2572035e-06 0.05486514 0.030588927 7.913902e-05 2.9670342e-05 0.00035233042 2.3878836e-05 0.014334142 6.1226574e-06 0.0001544059 1.5582349e-06 0.00036793237 3.453212e-05 6.1553527e-07 5.96828e-06 6.774922e-06 4.1674786e-05 0.00026586116 4.9714396e-07 2.945434e-06 6.130139e-05 3.3235512e-05 1.4208405e-06 1.2670203e-05 1.3277315e-06 1.2134777e-05 1.7798055e-05 0.06555274 7.711075e-06 2.3314919e-05 2.3160346e-05 6.1913684e-06 1.4893554e-05 4.369455e-07 0.004422222 1.2492026e-06 8.15919e-06 8.767011e-07 0.0019641016 5.6599384e-07 1.5846017e-05 2.3868157e-05 2.1424669e-06 7.555006e-07 1.9826148e-06 4.6595494e-05 7.918892e-07 0.00013473805 3.6389527e-05 1.8838161e-06 2.6240593e-06 8.8216007e-07 1.5353486e-06 4.626409e-06 8.7095884e-08 4.323946e-06 1.4395624e-05 1.2720072e-07 0.00031502798 4.2763529e-07 3.717603e-07 2.1166763e-08 1.3660409e-07 1.4118709e-07 1.3578916e-07 1.439237e-07 2.7240164e-08 2.7701438e-07 3.8576097e-08 2.0236388e-05 9.3287994e-08 5.4467364e-08 8.1615624e-08 4.924512e-07
0.9414752 0.13270499 0.16229904 0.9796095 0.009851952 0.010944207 0.0080183735 0.0036117965 9.65762e-05 0.14461754 0.00077692646 0.0011557287 1.3123564e-14 0.0038314455 5.99753e-05 0.9933745 0.0069408724 7.682836e-06 0.0002632072 3.4849025e-05 0.0002883186 0.000107053245 3.3747147e-05 0.37976372 2.6367247e-06 0.7332313 1.3268417e-06 0.0023683691 1.2767788e-05 5.436703e-05 9.317375e-06 1.1042966e-06 7.8336984e-07 0.0011257469 1.426828e-05 2.3175094e-06 2.5128475e-07 1.6437763e-05 1.2341597e-07 4.094239e-06 2.5543915e-05 0.007853377 0.087401755 6.6865728e-06 2.5943723e-07 0.020134903 5.6076668e-05 0.43206918 1.673065e-07 3.0633117e-05 0.0027021263 0.004938907 2.145799e-05 3.7413886e-06 3.8723888e-07 1.31076e-07 6.199413e-07 4.1683506e-08 3.4154244e-08 0.0005379606 0.012423167 2.160125e-08 1.8146267e-07 0.0011997946 5.9350276e-07 9.30358e-09 9.049793e-07 5.1000814e-07 1.904087e-08 9.479195e-08 8.523413e-05 7.733186e-07 8.3532404e-07 8.0327915e-08 5.7866663e-07 3.267182e-05 1.4120627e-06 1.805688e-07 2.1380468e-07 2.464341e-07 5.0191113e-07 1.935145e-07 1.2045683e-07 1.292362e-06 5.0937797e-06 3.324992e-08 1.7912433e-05 1.220774e-07 0.00050936826 1.8838008e-07 1.660019e-06 5.7067048e-08 2.565935e-07 8.715456e-06 1.5730143e-07 0.005039364 2.3662105e-06 1.1073739e-08 2.5061583e-05 0.00022396276 3.4274127e-08
0.9807902 0.007176031 0.016908323 0.10028089 0.00011468139 0.47609225 0.0011057311 0.936509 0.0020930925 0.5142547 0.0011004133 0.0003254083 0.0038314455 7.428486e-14 0.0003358005 0.27874476 0.48753428 0.003366459 7.162953e-06 5.2533363e-05 0.6854854 3.5342446e-06 0.10792883 0.5675764 0.095217146 0.0011430137 0.050974254 0.83075994 6.0198903e-07 7.3127057e-06 0.00034623282 0.029894598 1.07873575e-05 0.9397278 3.7470858e-05 0.021171797 1.679072e-05 0.013496575 1.1051716e-07 0.019252833 0.061118234 0.68782794 0.1593435 0.00090380764 9.293246e-08 0.02552167 0.19883463 0.0002952282 0.0008176942 0.0064830743 0.3912034 0.3922693 0.0061030732 0.005626907 8.071814e-07 0.01138659 0.00014453726 1.8549349e-07 0.0001384557 0.21496479 0.059687734 1.11350616e-07 0.010180985 0.6333935 0.0011058955 1.7924648e-07 0.007836707 0.0022985567 1.8276647e-07 0.012003341 0.113757156 0.0030023623 5.769535e-07 6.68606e-05 2.727925e-07 0.0007488564 0.00010635861 0.0003363434 6.4264816e-05 4.12426e-05 4.8395214e-05 0.0019234231 1.18076305e-05 0.00013695152 0.030064942 7.148694e-07 0.0019609751 7.936785e-06 0.024411054 0.0013039192 0.00050178147 7.922964e-05 7.7579774e-05 0.00017897347 2.6067779e-05 0.0002699768 3.5172009e-06 1.7777833e-05 7.256605e-05 0.00025582372 3.890273e-06
0.92734766 0.022482185 0.00494697 0.0028291058 0.009717126 0.043424826 0.57030416 0.012002998 0.05207319 0.00049605215 0.97976303 0.014709557 5.99753e-05 0.0003358005 2.3234903e-16 0.00015440694 7.1700006e-06 0.24436136 0.0006250152 0.8718305 0.00054332125 0.0023433666 3.368573e-05 1.2758744e-05 9.0586866e-05 1.0359833e-07 0.00017489876 2.5592865e-06 0.2531573 0.0041927616 0.09043649 0.00021887211 0.9439771 1.2341551e-05 0.8929984 2.6837048e-05 0.30182245 1.3088816e-05 0.4224531 0.0004395315 1.1421396e-07 7.192943e-08 9.49896e-08 0.003696607 0.28723398 1.5680998e-09 5.3815757e-08 9.9527746e-08 0.010023851 5.9196996e-08 7.717281e-09 3.049267e-10 2.332159e-05 0.00016954454 0.22267759 2.880899e-06 0.004369374 0.01200329 0.0018288819 5.1720853e-08 4.259662e-08 0.11695907 5.824603e-07 3.2000237e-08 4.9860187e-08 0.0026589388 3.111227e-08 1.5765564e-06 0.0011970766 8.6930146e-07 6.988944e-09 4.4047832e-07 0.00027159415 1.2483594e-08 3.412441e-05 0.0003937854 1.04899314e-07 2.706407e-07 6.21206e-07 9.302907e-07 1.2015727e-05 1.0159184e-07 0.00024093252 1.635308e-05 7.9665756e-07 0.00023356902 2.461183e-08 7.355615e-08 1.7242503e-07 1.2277729e-08 6.8017005e-09 7.093648e-08 5.684196e-08 6.137108e-08 6.957253e-08 5.771257e-07 3.7415027e-06 3.9161299e-07 1.2924924e-08 4.000507e-06 3.8301917e-07
0.8386757 0.046756964 0.053695105 0.9031627 0.0034231008 0.11207012 0.0035706863 0.20587935 0.00018098456 0.4085876 0.0016121329 0.0003940574 0.9933745 0.27874476 0.00015440694 7.1918846e-16 0.10277948 0.00019635273 9.425906e-05 1.8604696e-05 0.01128624 4.927808e-06 0.0010510006 0.9522129 0.0002703772 0.7882952 0.00012677473 0.089041136 1.0790463e-05 4.1181856e-06 3.7588437e-05 0.00011502609 2.385604e-06 0.0041134036 1.050527e-05 8.041795e-05 3.2186676e-07 0.00012054389 7.720225e-09 7.198622e-05 0.0003705316 0.020050306 0.16223702 2.9970512e-05 5.9369093e-08 0.02601525 0.0007862968 0.15749411 2.4912495e-06 3.9096038e-05 0.005266085 0.03003055 8.953697e-05 3.2325122e-06 3.41441e-07 5.787017e-06 2.684113e-06 1.12835155e-08 5.9421776e-08 0.0001268634 0.0030751463 8.7067995e-08 3.7918755e-06 0.0020100845 7.1546003e-07 2.1608296e-08 3.5137722e-07 1.3926323e-06 1.8220357e-08 2.8585177e-06 0.00016116133 3.9549514e-06 2.1476147e-07 2.950237e-09 9.074939e-08 1.2854004e-05 7.4541695e-08 2.6231758e-08 6.883561e-08 2.5300414e-08 1.1226655e-07 3.339534e-08 2.4248627e-07 1.3239566e-07 2.590634e-05 1.6472003e-07 0.00014544252 9.150995e-09 0.0016219661 6.306983e-08 5.337372e-07 5.8280122e-08 4.0933763e-08 1.9508137e-05 2.2641718e-08 0.0068131955 3.1918248e-08 2.874215e-09 3.4770877e-05 0.00044915214 1.027828e-09
0.9836898 0.015597532 0.038074825 0.037499797 0.00019465572 0.26769033 0.00016066137 0.25411287 0.0003889984 0.95997363 7.767001e-05 0.00021307688 0.0069408724 0.48753428 7.1700006e-06 0.10277948 1.4360005e-12 0.000104314386 3.4599867e-05 4.2020718e-05 0.033079766 2.1942395e-05 0.006236782 0.5496873 0.0020027626 0.035673104 0.0023403238 0.94769835 1.32594805e-05 2.659763e-06 2.2176033e-05 0.00078952004 9.824197e-07 0.31669813 4.270201e-06 0.0014810235 4.477512e-07 0.0017234772 2.0100238e-08 0.0014739677 0.002383279 0.62614787 0.85725814 0.00011879756 5.1472558e-08 0.42984033 0.046443626 0.054472018 0.00010173074 0.0031149324 0.42612997 0.4608655 0.00073890405 0.00055970537 7.5016515e-06 0.0019553436 1.8644366e-06 3.126366e-08 5.713662e-05 0.0808578 0.6598451 1.23488735e-05 0.0018598 0.6402982 0.00019222888 1.3207377e-06 0.005504665 0.0011279726 1.5272532e-07 0.001583672 0.07265823 0.0005435073 6.988141e-06 1.3099131e-05 8.016235e-07 0.0010865352 9.505698e-05 0.00025320504 0.0002088552 0.00021723886 0.00019097356 0.0005810687 1.1976348e-05 5.6218032e-05 0.011641844 8.6279226e-07 0.0015694092 7.6290703e-06 0.28143862 0.00027989072 0.00051783316 0.00017843372 0.00012193272 0.0018103266 1.7072076e-05 0.012402724 1.6711007e-05 1.23484615e-05 0.0011209224 0.0013894696 7.59661e-06
0.9795647 0.010762275 0.0019309899 0.0018965075 0.00025058992 0.27425668 0.008380841 0.0678674 0.97401285 0.00074132654 0.09942951 8.8714965e-05 7.682836e-06 0.003366459 0.24436136 0.00019635273 0.000104314386 2.3156971e-14 6.204118e-06 0.0026949744 0.004773347 1.7473045e-05 0.000788512 0.00010260316 0.0016640492 7.55194e-08 0.0057488373 7.803347e-06 0.0028643224 6.845979e-05 0.9408227 0.004860195 0.4525063 0.00018234247 0.005348353 0.0015522444 0.40239617 0.0008501883 0.1469803 0.06291387 9.527434e-05 9.995932e-06 1.2585549e-06 0.9109978 0.019155173 2.1179596e-07 4.5242623e-06 1.5145574e-07 0.27166095 6.394612e-05 6.2881013e-06 2.6481317e-07 0.0093441205 0.04217178 0.0013568711 0.00043435817 0.4155456 0.15474771 0.17992184 6.138098e-06 3.4450704e-07 0.011158933 0.00012419638 1.7556922e-06 1.34382135e-05 0.00022437877 7.038253e-07 0.0037789303 0.003160359 0.0047481447 1.3282285e-07 0.00012657286 0.020344723 4.4939396e-05 0.00037958013 0.061072398 0.0003632994 0.001662961 0.0027554682 0.0040903958 0.010749218 0.000400052 0.081824146 0.049192943 3.976206e-06 0.00041605753 5.254599e-07 1.7261409e-05 1.4376066e-06 4.023876e-07 4.656342e-07 2.5996874e-07 4.0874475e-06 4.738143e-07 2.809808e-06 8.9458226e-08 0.0020418274 4.904273e-06 3.869469e-07 1.1554898e-06 1.2129801e-05
0.100260325 0.033117037 0.0048803873 0.0017500012 0.7937611 0.00046514586 0.05082875 9.5338146e-05 2.2819004e-05 0.000277608 5.6040153e-05 0.8757356 0.0002632072 7.162953e-06 0.0006250152 9.425906e-05 3.4599867e-05 6.204118e-06 3.4674274e-13 0.046851657 1.3191107e-05 0.9994885 2.1987412e-07 0.00016605036 1.1227126e-07 0.0001769734 1.296608e-07 2.9787475e-06 0.002229431 0.68489206 0.00011170347 1.6669231e-06 2.3768642e-05 3.0940668e-05 0.0008248057 4.3415707e-07 5.9276995e-06 1.2824967e-06 2.1617687e-05 4.5769902e-06 2.5762262e-07 8.136049e-06 2.61134e-06 3.9381226e-05 0.00022698038 6.569252e-07 3.3047485e-07 0.0001220258 1.0666679e-06 9.1692704e-07 3.4678171e-06 8.7907716e-07 1.1451045e-06 8.35136e-07 0.014587461 4.7911885e-07 1.4119672e-06 9.559157e-06 2.4577164e-06 5.070675e-06 1.0193687e-05 0.0025588123 3.8511277e-07 4.533298e-06 7.047018e-07 0.0022452134 1.6562901e-06 2.0342547e-06 0.00023942013 2.980843e-07 8.355092e-08 3.7079718e-07 6.2204665e-05 1.1083931e-07 2.0310863e-05 0.00011319288 4.832367e-06 1.6021893e-07 2.140892e-08 3.1823603e-08 1.7751708e-07 2.1124326e-07 7.219251e-06 2.84519e-07 5.1286725e-07 0.0001254105 4.197293e-09 6.065051e-07 1.9905312e-07 3.162014e-07 7.49594e-09 4.2971585e-08 1.4715069e-07 1.0238292e-08 1.5825087e-07 9.254226e-08 9.5225926e-07 2.1700701e-07 3.1294787e-09 2.610878e-07 9.856277e-08
0.16054796 0.0067082285 0.00067266694 0.00083456526 0.064465106 0.0014820176 0.93250823 0.0007941631 0.0037458232 0.00014818175 0.5024467 0.9118649 3.4849025e-05 5.2533363e-05 0.8718305 1.8604696e-05 4.2020718e-05 0.0026949744 0.046851657 1.2378916e-11 7.951054e-05 0.61148715 9.6507e-06 9.694208e-05 9.69277e-06 8.002971e-06 1.4016734e-05 6.201148e-06 0.99460804 0.51122886 0.0011335071 4.0889896e-05 0.0018076558 6.623733e-06 0.10971637 4.5402203e-06 0.0007076219 6.8996437e-06 0.0016038428 1.12562975e-05 1.9466386e-06 5.9687864e-06 1.1642693e-06 3.7448066e-05 0.0048644627 3.38287e-07 8.3852335e-08 3.6248678e-06 2.1924658e-05 9.5001695e-07 2.4028109e-06 4.2613993e-07 1.6090324e-05 3.1570348e-06 0.116652675 2.6347213e-06 2.7118303e-05 0.00010398959 1.0496638e-05 1.3031005e-06 2.5608758e-06 0.0051767593 4.5734672e-07 2.1734566e-07 6.8374766e-07 0.005131614 3.6662711e-06 1.4582439e-05 0.00013315788 1.2517809e-06 3.2118635e-07 5.241506e-07 3.529925e-05 2.068041e-07 0.00032329993 3.0324549e-05 1.6946512e-06 2.2016022e-06 1.09007104e-07 1.355396e-07 2.617537e-07 3.2238736e-06 3.442703e-05 6.6625053e-06 1.5291872e-07 0.00020312442 2.1165484e-07 3.0007033e-07 3.061843e-07 1.6023552e-06 2.5567675e-07 2.8008816e-07 2.8985212e-07 1.11188676e-07 2.1478288e-06 3.5859692e-08 5.629424e-06 1.4514958e-06 5.90236e-08 3.7449622e-06 6.5197946e-07
0.99296045 0.031546794 0.027700683 0.025482943 0.00097287534 0.63184106 0.0011472751 0.8723177 0.0024874192 0.038495768 0.0017468107 0.00024004588 0.0002883186 0.6854854 0.00054332125 0.01128624 0.033079766 0.004773347 1.3191107e-05 7.951054e-05 1.417187e-13 1.708118e-05 0.92200005 0.014281848 0.7876666 3.4779467e-05 0.825495 0.032208305 4.8834972e-05 1.6679973e-05 0.00023039525 0.63452286 1.4788993e-06 0.5143194 1.528378e-05 0.3068543 4.1282683e-06 0.3496544 6.4361967e-07 0.09095175 0.632024 0.08203562 0.0014224566 0.0008930702 1.284261e-07 0.00085592095 0.46829528 2.745821e-06 0.0007070775 0.14470147 0.049132753 0.017868193 0.0155054005 0.014242091 7.999883e-09 0.093878336 5.468777e-05 3.2508834e-07 0.0002611619 0.12572984 0.0007392255 8.73401e-08 0.053119447 0.014545327 0.008170293 3.865609e-08 0.025658106 0.008307437 1.9475698e-07 0.04326184 0.007137533 0.020343691 8.327703e-06 0.0012633374 1.1193284e-06 0.0015299525 0.0005227093 0.0009965007 0.00061023195 0.000514923 0.00012918345 0.003812488 8.856116e-06 8.387541e-05 0.014628411 7.02443e-08 0.0005400347 8.437636e-05 0.0016742606 0.003584289 0.0004424335 0.0017329821 0.0008601547 0.00020020158 6.226093e-05 2.9876338e-07 5.5651867e-06 2.1505786e-05 2.1465727e-05 0.00032062436 4.2920933e-06
0.018728774 0.005602952 0.0004404437 0.0002711472 0.016432106 0.0004953924 0.026119571 9.306324e-05 0.00011338888 6.974816e-05 0.0003231896 0.14519997 0.000107053245 3.5342446e-06 0.0023433666 4.927808e-06 2.1942395e-05 1.7473045e-05 0.9994885 0.61148715 1.708118e-05 1.6166818e-14 5.038549e-07 1.0835766e-05 8.796181e-07 6.770417e-05 4.0206152e-07 2.0571115e-06 0.032480855 0.969064 9.846146e-05 2.6346813e-06 8.127453e-05 4.050339e-06 0.010779008 2.0340133e-07 1.1952377e-05 4.5186905e-08 0.000101911064 4.6212895e-06 1.7055541e-07 6.6440602e-06 8.598869e-07 2.6098298e-05 0.0004234498 1.4186098e-07 2.413514e-07 0.00013676593 5.541777e-06 5.9859275e-08 1.3859552e-07 2.2696629e-08 1.7390166e-06 3.7805103e-07 0.08826225 9.175788e-07 2.7230603e-06 1.4675409e-05 1.3153924e-05 2.9367643e-06 3.2133787e-06 0.0024253658 3.509573e-07 4.334525e-07 2.0930591e-07 0.0045135105 2.0076618e-06 4.795666e-06 1.3930182e-05 3.6138442e-07 6.698438e-08 2.974769e-07 1.3574625e-06 3.378706e-08 1.5634671e-06 7.4408954e-06 3.0336016e-06 3.1531334e-07 1.0198324e-07 1.797525e-07 6.234387e-07 3.7817635e-08 4.0735704e-06 1.5941275e-06 5.3918274e-07 3.7038728e-05 2.4990735e-08 1.4149428e-07 2.8777496e-08 4.7105935e-08 2.6516934e-08 2.2860203e-08 1.1942885e-07 4.800523e-09 4.079793e-07 4.4897984e-08 5.994345e-07 9.0874096e-08 5.4101426e-09 2.2231025e-07 1.1190226e-07
0.99156874 0.009762511 0.015753593 0.0024290627 0.0001500346 0.14243685 0.00019212496 0.20498231 0.0013476774 0.008858156 7.064628e-05 4.2668446e-05 3.3747147e-05 0.10792883 3.368573e-05 0.0010510006 0.006236782 0.000788512 2.1987412e-07 9.6507e-06 0.92200005 5.038549e-07 1.8220143e-12 0.0023656252 0.67677784 7.907176e-06 0.6371387 0.007926347 4.8391594e-06 2.5889533e-06 4.718996e-05 0.46881843 1.1758698e-06 0.2766974 1.1722263e-06 0.41251266 1.4473725e-06 0.53518003 9.183312e-08 0.11688514 0.8095191 0.055173296 0.0008903081 0.00053457526 4.386621e-08 0.00025438736 0.8698961 4.4706383e-05 0.0013463825 0.59073776 0.046594325 0.025063474 0.026295144 0.02811091 4.77336e-07 0.6498407 2.2398528e-05 4.602489e-07 0.0017368629 0.7891752 0.002525747 3.5093015e-07 0.5121653 0.09890353 0.067807 5.6866065e-07 0.4226693 0.029585987 6.3790516e-08 0.12760217 0.030805698 0.10744425 3.1972324e-06 0.0049142404 3.9104987e-07 0.0020580632 0.0014614767 0.0029323986 0.00069833617 0.00044533965 0.0002039027 0.019085357 1.705307e-05 0.00018687037 0.05953442 7.262987e-07 0.0010793121 0.0006292214 0.0010863849 0.034260534 0.0012696597 0.011679249 0.007933338 7.3922376e-05 0.00014492965 2.0200398e-06 1.6973405e-05 5.253402e-05 2.2152615e-05 0.0002307037 4.5442466e-05
0.86275035 0.020333681 0.070592344 0.33449683 0.00087462267 0.076261416 0.00041683475 0.13957655 0.00012589918 0.8973232 0.0012266255 8.313845e-05 0.37976372 0.5675764 1.2758744e-05 0.9522129 0.5496873 0.00010260316 0.00016605036 9.694208e-05 0.014281848 1.0835766e-05 0.0023656252 9.163608e-12 0.00022503773 0.93794036 0.000283899 0.7103996 2.3929739e-05 0.00010014438 3.1245796e-05 0.00023198755 4.3032987e-06 0.018053155 0.00015581414 0.00022814622 5.1872858e-06 0.0005775007 7.763328e-07 8.412543e-05 0.00080891687 0.20778792 0.8862362 0.00017048459 4.278758e-06 0.56063 0.002846224 0.34996825 2.6078505e-06 0.00062760623 0.04200019 0.2571008 0.00028612564 1.6319662e-05 1.8635985e-05 5.4458775e-05 8.618577e-06 1.014699e-06 2.1040937e-06 0.001497538 0.47491357 1.3306032e-05 9.0508285e-05 0.034057025 0.0002190584 1.4723161e-06 6.6900524e-05 0.00017863192 5.698797e-06 1.3489947e-05 0.004033579 4.8205347e-05 0.00016559965 2.5391907e-06 0.000107130756 0.0029933734 0.00017941573 0.00014095455 8.815412e-05 8.9073226e-05 0.00013845028 5.756286e-06 7.344293e-05 0.0019158423 0.00026168872 1.1443988e-05 0.0017087584 3.6526008e-06 0.13408843 2.794197e-06 6.598473e-05 1.5476007e-05 6.172962e-06 0.0011236795 3.657401e-06 0.12343036 4.2544158e-05 2.0177372e-06 0.0010815455 0.023858676 8.173788e-05
0.9942214 0.009496497 0.013054609 0.0017991667 0.00017216256 0.21067631 0.00032035416 0.32271898 0.0033920049 0.0034872068 0.00016699448 2.7487935e-05 2.6367247e-06 0.095217146 9.0586866e-05 0.0002703772 0.0020027626 0.0016640492 1.1227126e-07 9.69277e-06 0.7876666 8.796181e-07 0.67677784 0.00022503773 2.7765665e-12 4.807299e-07 0.94361603 0.0018130026 8.598135e-06 8.566436e-06 8.086346e-05 0.6859006 1.9145095e-06 0.0914438 5.0764525e-06 0.52822095 4.3591513e-06 0.7095886 4.1711684e-07 0.42141253 0.7400577 0.015658638 8.602577e-05 0.0007364141 3.9241945e-07 2.5644162e-05 0.44469824 1.8258435e-06 0.0019322076 0.41520336 0.015283979 0.007445588 0.09649936 0.046150833 3.6033276e-07 0.8569644 2.530142e-05 8.7617366e-07 0.001834191 0.38769752 0.00034041767 3.8709305e-07 0.66414475 0.019612173 0.08154725 1.9034671e-07 0.13543923 0.07348583 6.408943e-08 0.32682338 0.006583426 0.2868103 2.4848193e-06 0.014581376 5.4361215e-07 0.0018724857 0.0035091818 0.0056076483 0.001258753 0.0005408467 0.0001247975 0.059132263 6.0296547e-06 7.35313e-05 0.008347909 2.5059146e-07 0.00018766116 0.0019071968 0.00012519899 0.050682824 0.00021439468 0.0058481568 0.0016910667 4.1858148e-06 9.741138e-05 3.7933003e-08 2.031375e-05 3.6950456e-05 4.335218e-06 8.348948e-05 1.8551173e-05
0.97219455 0.11715136 0.45393738 0.4370084 0.0067229914 0.0003577437 8.560095e-05 0.000107507505 4.7370836e-06 0.284526 4.0307104e-06 0.00013640185 0.7332313 0.0011430137 1.0359833e-07 0.7882952 0.035673104 7.55194e-08 0.0001769734 8.002971e-06 3.4779467e-05 6.770417e-05 7.907176e-06 0.93794036 4.807299e-07 4.8831995e-14 1.16992965e-07 0.0047396463 3.102503e-05 0.00015194975 2.2075183e-06 9.2841034e-08 1.2037714e-07 0.00029239347 4.2759937e-05 5.940554e-07 3.0413414e-08 3.1136078e-06 4.2382047e-07 6.356413e-08 1.2016712e-05 0.0071572014 0.2771912 4.029888e-06 3.0124809e-06 0.08444693 7.907731e-05 0.9894482 2.2604736e-08 1.01036485e-05 0.0020534522 0.01715462 7.6866735e-07 1.1559302e-07 0.00018179881 6.434822e-07 1.8280674e-07 1.9154712e-07 8.524497e-08 9.1780115e-05 0.034405135 7.150102e-08 5.459936e-06 0.008954547 7.713701e-06 1.4070695e-05 1.3195385e-05 8.91433e-06 3.962523e-07 9.018183e-07 0.00026964257 1.4602952e-05 5.0160637e-05 2.1323094e-08 2.0837433e-06 0.00022069248 1.3304034e-06 2.854516e-06 1.2007026e-06 1.938458e-06 7.7737667e-07 4.87364e-06 2.1510348e-06 5.521244e-05 4.350731e-05 2.3161999e-07 0.00032406795 5.9564813e-06 0.0033205564 1.0968394e-06 7.4201607e-06 4.7561634e-06 5.906059e-06 2.1597287e-05 3.1832767e-06 0.009583964 1.3855183e-06 5.0992085e-06 9.553338e-05 0.0017460993 2.133748e-06
0.9718723 0.0066105262 0.008918553 0.0011105982 9.9436715e-05 0.18941203 0.00054403854 0.20801601 0.0057600765 0.002686687 0.0005640839 2.334166e-05 1.3268417e-06 0.050974254 0.00017489876 0.00012677473 0.0023403238 0.0057488373 1.296608e-07 1.4016734e-05 0.825495 4.0206152e-07 0.6371387 0.000283899 0.94361603 1.16992965e-07 1.6623886e-14 0.0007993155 2.9225127e-06 1.5766541e-06 0.00016052138 0.97911793 2.930475e-06 0.031271145 9.507352e-06 0.67411005 2.6163877e-06 0.67906606 2.6541402e-06 0.4744726 0.59209096 0.0058542476 2.8098924e-05 0.0012464394 1.1393795e-07 9.433663e-06 0.121770404 1.10994584e-07 0.0015231877 0.17863414 0.003393765 0.00075790845 0.062151868 0.029544985 1.4239452e-08 0.5300447 3.1350202e-05 4.131799e-07 0.0007649393 0.057088453 1.3623071e-05 1.8977558e-07 0.22525302 0.001529549 0.01900436 4.944057e-08 0.028294792 0.023712885 1.6980901e-07 0.15091737 0.0008403022 0.101234265 2.0434418e-06 0.0048505194 1.5569047e-07 0.0023498992 0.0010760428 0.0032948803 0.0011905279 0.0008079023 0.00015878385 0.028571155 5.2809005e-06 9.302011e-05 0.0022754283 1.5885986e-08 6.0052174e-05 0.0005297751 2.6871186e-05 0.017392041 6.891473e-05 0.0017441271 0.00028894344 2.5203535e-06 8.314962e-05 2.978452e-08 2.2743975e-06 6.2214756e-05 1.2048137e-06 2.2782822e-05 7.946296e-06
0.9157311 0.008403054 0.016218703 0.014444872 9.569084e-05 0.20103514 2.3147073e-05 0.19611032 6.5787375e-05 0.6460424 5.2130268e-05 6.2572035e-06 0.0023683691 0.83075994 2.5592865e-06 0.089041136 0.94769835 7.803347e-06 2.9787475e-06 6.201148e-06 0.032208305 2.0571115e-06 0.007926347 0.7103996 0.0018130026 0.0047396463 0.0007993155 1.5880553e-13 1.4798926e-06 2.4958226e-06 2.6783036e-06 0.0001064941 3.675576e-08 0.68967235 5.5033306e-06 0.000100578145 2.8063237e-08 0.00026122716 1.5372752e-08 3.4797118e-05 0.0011919116 0.9656067 0.43467507 1.541885e-05 1.9997783e-07 0.17996447 0.01605298 0.00034363658 1.5164305e-07 0.00046639264 0.6122861 0.7776909 5.03199e-05 6.7310198e-06 1.373097e-06 2.283871e-05 1.3221484e-07 3.6475637e-08 8.044106e-08 0.012318745 0.1564269 1.1257431e-06 4.564256e-05 0.32086855 4.886124e-05 3.416506e-08 0.00016006462 2.9842253e-05 4.7707953e-08 6.1713963e-06 0.031339876 2.8746952e-05 1.3635255e-06 7.5228314e-07 1.8256944e-07 0.00018102651 4.3183413e-06 7.2081816e-06 4.1542826e-06 1.9077115e-06 2.5463178e-06 2.3447234e-05 4.397279e-07 3.638635e-06 0.009572618 1.7915488e-07 0.002663079 1.506367e-07 0.0706566 8.462654e-06 0.00018985913 1.708649e-05 5.297519e-05 0.0007619568 3.025451e-06 0.0007712194 6.08811e-07 1.1089952e-06 0.00029214096 0.0012173121 3.7082502e-06
0.09329306 0.0017039065 0.0001800769 0.00014880358 0.01045452 0.0006931574 0.14877495 0.00021079721 0.004629336 1.575786e-05 0.039382447 0.05486514 1.2767788e-05 6.0198903e-07 0.2531573 1.0790463e-05 1.32594805e-05 0.0028643224 0.002229431 0.99460804 4.8834972e-05 0.032480855 4.8391594e-06 2.3929739e-05 8.598135e-06 3.102503e-05 2.9225127e-06 1.4798926e-06 1.0115842e-13 0.98656 0.0066313595 1.5838268e-05 0.01879065 1.2727971e-05 0.5021791 5.0549447e-06 0.005631838 2.8030581e-06 0.010407983 2.6731681e-05 2.6329883e-06 1.3808772e-05 5.7852894e-06 0.00043868914 0.03023997 5.2587194e-07 5.856363e-07 4.9348928e-05 7.6146025e-05 1.0743504e-06 2.353217e-06 1.8582415e-06 1.0793666e-05 5.2757005e-06 0.620392 4.438973e-06 0.00018164543 0.0006658743 5.2217885e-05 1.4421608e-05 6.0668767e-06 0.0069467323 8.1430693e-07 1.1019675e-06 2.358626e-07 0.010940471 1.8593992e-06 5.0634458e-06 0.0002892743 9.728716e-07 2.3547713e-07 6.7603416e-08 4.6635996e-05 2.2821693e-08 0.000109731554 1.9614397e-05 9.1526395e-08 8.20547e-08 2.4078858e-07 1.798969e-07 5.2439907e-07 5.8364805e-07 6.0676426e-05 1.8813495e-06 1.5438344e-07 0.0005350358 2.9151903e-07 1.6140955e-08 1.4418877e-06 1.8914434e-08 1.4211908e-07 1.4590235e-08 3.218669e-08 2.48922e-07 6.125683e-08 1.2970487e-08 3.0855497e-06 2.1488736e-08 1.5091562e-07 4.139006e-08 1.1371304e-07
0.01226814 0.00062291016 5.895961e-05 4.6339133e-05 0.006527983 0.0003547245 0.036851875 5.953997e-05 0.00013863195 0.00010986685 0.0006433126 0.030588927 5.436703e-05 7.3127057e-06 0.0041927616 4.1181856e-06 2.659763e-06 6.845979e-05 0.68489206 0.51122886 1.6679973e-05 0.969064 2.5889533e-06 0.00010014438 8.566436e-06 0.00015194975 1.5766541e-06 2.4958226e-06 0.98656 3.0362564e-13 0.00019900083 7.303785e-06 0.00025741378 2.8234443e-05 0.008397863 1.6029006e-06 0.00032885658 2.195798e-06 0.00038940832 2.171678e-06 2.1514431e-06 1.03243965e-05 1.0096766e-06 0.0001714523 0.00072579086 3.414695e-06 3.3078263e-07 0.00012388786 9.359464e-06 3.2974734e-07 3.6173512e-07 6.420551e-07 4.8427075e-05 9.539272e-07 0.041423924 3.515779e-06 0.00021533953 8.436437e-05 1.175922e-05 1.2928285e-05 8.369396e-05 0.00076750235 1.6237343e-06 2.1969522e-06 1.0230515e-06 0.0011399231 3.4439574e-05 1.4672735e-05 6.302603e-05 6.156122e-07 5.9596886e-07 2.373892e-07 3.502792e-05 4.0182195e-07 2.438695e-06 7.9337915e-05 3.5465075e-06 3.8972094e-06 1.9981827e-07 3.0368493e-08 6.080628e-06 1.0910347e-06 1.1009251e-05 1.4222646e-05 7.6303326e-07 4.2806005e-05 2.1134813e-08 2.3623888e-06 2.0224666e-06 3.796925e-07 2.2487457e-07 2.8165212e-09 5.4820663e-07 1.3723417e-06 1.0051974e-06 3.3017656e-07 1.8269608e-05 6.5023683e-06 4.8549455e-06 7.0818255e-06 6.9907605e-06
