2.9298223e-26 0.95155513 0.102371186 0.2766601 0.15220033 0.06387187 0.40891707 0.15500222 0.91610545 0.9861193 0.92917347 0.4890094 0.9108427 0.86691874 0.78912205 0.6678011 0.061962813 0.9819808 0.022951119 0.87331414 0.69973594 0.9873771 0.9347543 0.016336706 0.8453843 0.8809403 0.20865682 0.8926465 0.8479229 0.8154019 0.961198 0.9236857 0.32236272 0.72347516 0.99467134 0.9056305 0.07229026 0.12008039 0.9430601 0.9918588 0.009902172 0.017943183 0.8056518 0.8748882 0.4352976 0.9930615 0.9269478 0.2070465 0.91052806 0.9465019 0.09020637 0.051828958 0.9308225 0.749579 0.019604852 0.99661565 0.988004 0.82930106 0.32498977 0.0003251648 0.6136928 0.7156387 0.73960114 0.76790214 0.94321495 0.023869962 0.03826055 0.00031740463 0.12265798 1.09859975e-05 0.0002985918 0.028556438 0.24798854 0.99990886 0.9376899 0.018964335 7.4194986e-07 0.99501365 9.8735094e-05 0.034256004 0.9846735 0.87247866 0.018975701 0.65849614 0.094398394 0.0053736917 0.9999969 0.081789464 0.9966554 0.9992887 0.9261076 0.5928364 6.0998286e-06 1.1073228e-05 0.0025214092 0.08042848 0.004764956 0.2505255 0.00060464843 0.99999046 0.00090851315
0.95155513 4.0298484e-14 0.83498365 0.9463235 0.4134837 0.5874938 0.6360135 0.16990599 0.6822273 0.85821736 0.66544986 0.11694641 0.3180729 0.17352039 0.49330473 0.027610121 0.2834929 0.063134156 0.11507773 0.0070471433 0.053065553 0.07016965 0.08417003 0.075559564 0.0006956096 0.00047378882 0.055492524 0.00021457102 0.07184188 0.00052092597 0.011420456 0.02941187 0.00014383157 0.045473054 0.00012600742 0.003436725 0.032350797 3.2945627e-05 0.00020569368 0.0031849304 0.012169208 0.0066653024 3.972073e-05 7.362806e-05 0.0002825242 0.010403522 1.1786839e-05 0.026043057 6.6021016e-06 0.0065801083 0.00013833493 0.0053706025 4.9506484e-06 0.005411197 0.0018047913 0.0020263048 3.014523e-05 2.8314917e-06 0.01643098 6.0857645e-05 1.9405841e-05 0.00027155556 2.3246403e-05 6.238741e-05 3.7719252e-05 0.0017889871 0.0016665879 0.0018842387 0.00049331546 0.00015479545 0.00025184412 0.0006826757 0.00034226815 0.0022212758 1.2800705e-05 0.002875404 1.5581979e-06 0.011015226 4.3287546e-05 1.8956016e-05 0.0087002795 1.2472723e-05 5.9405994e-07 0.00022472184 7.7777787e-07 0.0010966653 0.015154223 2.7564563e-05 0.00011486374 3.6860195e-06 0.00019648086 4.541859e-07 7.837274e-06 1.0950249e-06 0.000666046 0.0004027016 7.5727155e-05 1.6817056e-06 0.00030264154 0.0010194879 0.00022260845
0.102371186 0.83498365 1.0302725e-15 0.3658602 0.394841 0.8851259 0.365154 0.9198527 0.0769314 0.036254317 0.02414526 0.9794117 0.06037658 0.0008036838 0.0035396859 7.745734e-05 0.005752769 0.00019016175 0.00048515553 0.0035932187 0.00017785236 0.00029789808 0.004201888 8.854456e-05 0.0575607 1.36825465e-05 0.00010934879 8.629943e-06 0.0002846231 0.0047959224 0.000105385196 0.0011998117 0.0015627309 0.000118758595 0.0014272723 9.6794356e-05 6.201122e-05 0.00034664304 9.990237e-07 0.0011231432 3.0499057e-05 5.501935e-06 2.1579199e-06 2.1518606e-07 0.00081481633 0.00028797484 1.7764064e-06 3.6982146e-05 0.00020089376 0.0001070755 0.00070505275 2.9506649e-07 2.7471044e-06 2.6144411e-05 2.222597e-06 0.000119548684 2.9052421e-06 1.891846e-06 8.2324805e-06 0.0006508538 1.4980777e-05 0.0013343724 2.0685195e-06 0.00014737759 0.001161652 3.2280403e-07 2.362017e-06 9.2882794e-07 2.8024967e-06 8.033432e-07 7.956522e-07 5.2771898e-06 9.282236e-06 0.0056250426 3.9256674e-06 9.531405e-07 4.4556323e-08 0.00071591977 0.00020109251 1.3135233e-05 0.0009023853 5.9614734e-07 7.322427e-06 0.00041501748 7.3753654e-07 6.605471e-06 0.0009240024 7.5682965e-07 0.002892001 5.5636056e-06 0.0009877286 8.93568e-07 2.9389903e-07 4.127866e-08 3.277954e-06 5.839454e-05 0.00012669919 2.0188131e-06 7.903776e-06 0.00016172898 5.2767423e-06
0.2766601 0.9463235 0.3658602 1.3237825e-18 0.97785574 0.021586826 0.05869429 0.0041289753 0.091274396 0.43911365 0.7254385 0.039992172 0.016468426 0.044106156 0.6491362 0.0063139615 0.21239655 0.1508552 0.26516947 0.00083807856 0.043750774 0.01840485 0.014427368 0.09078032 0.00018892784 0.00067092176 0.034501944 0.0001769474 0.02910879 8.1974256e-05 0.014130652 0.0072528757 6.845947e-05 0.01884839 3.0023722e-07 0.0012337115 0.020643616 8.854385e-06 0.000264999 0.0015325854 0.011405477 0.008954599 0.00010260482 3.4909765e-05 1.5160792e-05 0.0051778974 0.00022823153 0.014937944 9.880742e-07 0.0012885187 5.8911996e-07 0.011234073 6.9477755e-05 0.0011186135 0.001625638 0.0020941137 0.00011702416 4.2758842e-05 0.0039875032 9.887285e-05 5.879234e-05 0.00014782944 3.0081676e-05 1.049285e-06 0.00016489791 0.001154884 0.00019233579 0.0026911001 1.2287177e-05 0.0003129454 0.001417703 0.00019946977 1.6525091e-05 0.0006965602 2.9168739e-06 0.0011114958 3.8067185e-05 0.011446094 3.055289e-05 2.4703425e-06 0.010553657 5.4182397e-07 1.410258e-06 9.985375e-06 1.8204767e-07 0.00018064452 0.012071669 2.8696975e-06 2.2309649e-05 7.5314642e-06 4.705087e-05 2.9635729e-07 0.00011406457 5.2091773e-06 0.00021739886 2.0115137e-06 1.1748161e-06 4.1168758e-07 1.2237254e-05 0.00082611083 2.1268781e-05
0.15220033 0.4134837 0.394841 0.97785574 1.5421425e-18 0.003051614 0.0031562746 0.0009766081 0.0016516483 0.019399973 0.028992342 0.08149173 0.0007129696 0.00034011604 0.2736281 1.9456875e-05 0.9919741 0.00027025424 0.27769154 6.240896e-05 0.014890602 0.0004696758 0.000477998 0.17583402 0.00053532264 2.9705604e-06 0.01703684 1.2005125e-06 0.0090723485 0.00035135652 6.836884e-05 0.00017284957 7.176981e-05 0.0010699945 1.1253421e-05 5.240239e-06 0.048456192 1.9360978e-05 2.9763098e-07 3.640891e-06 0.02219417 0.022380896 1.2759601e-06 5.4037002e-08 5.5601293e-05 0.00035500355 2.287883e-06 0.0011442658 3.1573989e-06 0.00011404967 3.1331865e-06 0.009748912 6.8661802e-06 2.7121017e-05 0.0025621513 0.0013150149 1.1380542e-06 8.1292586e-07 0.0023111473 4.0229017e-05 4.6711799e-07 9.452913e-05 6.42539e-07 2.4289466e-06 8.366515e-05 0.001704264 2.0578257e-06 0.04730319 2.2247102e-07 0.007168223 0.01142009 0.00011817189 1.2570625e-06 0.0013634794 3.171167e-07 0.0044627734 0.0018796944 0.000987374 1.6118014e-05 2.47489e-07 0.0006516159 2.0641918e-08 1.3560301e-06 7.468277e-05 3.0433263e-08 0.00043067313 0.008041124 2.9965253e-07 3.2051412e-05 3.9111274e-06 6.809379e-05 6.895387e-08 0.0006839705 3.65869e-05 0.0018434362 8.516405e-06 1.572805e-06 1.4686427e-07 5.7108427e-06 7.498022e-05 6.994415e-06
0.06387187 0.5874938 0.8851259 0.021586826 0.003051614 1.3768258e-18 0.88189137 0.9795204 0.38622904 0.13933644 0.012951258 0.27672145 0.5758866 0.009124257 0.00025146516 0.0037146371 0.000115954674 0.0013884912 9.495443e-05 0.1786597 1.58669e-05 0.003848898 0.11230179 3.6197655e-06 0.020392733 7.871337e-05 1.3146461e-05 9.8733486e-05 6.5312424e-06 0.001074933 0.0002633468 0.035511196 0.00054937456 7.582103e-05 0.0010624324 0.0060084425 1.8851354e-06 0.00012269689 0.00034790265 0.013171806 1.1302849e-06 4.1807704e-07 1.5633151e-06 1.792925e-05 0.00038458817 0.0023865665 2.5924557e-05 1.5346512e-05 8.752049e-05 9.305196e-05 0.0002743654 8.482098e-09 1.0862232e-05 1.1865346e-05 2.0969242e-06 0.0002971935 3.429085e-05 4.1570987e-05 1.8603906e-06 6.3842774e-05 9.937414e-07 0.00043024047 1.236799e-05 6.488328e-05 0.00025674593 2.8585694e-08 5.991445e-08 4.9190106e-07 4.7099473e-08 1.2805944e-07 8.3505955e-07 3.5368896e-07 5.556257e-06 0.0011501167 3.1122897e-06 1.0389e-07 1.6822613e-09 0.003881592 0.00019907276 2.7476021e-06 0.003215468 1.0204901e-07 1.5427204e-05 0.00014665902 1.0427891e-07 5.3023e-07 0.0022347833 3.8076334e-07 0.0008487613 7.6608904e-07 0.0003720304 4.6328572e-07 2.4702658e-07 4.6087894e-08 3.2194243e-06 5.479973e-06 1.9197919e-06 1.3033094e-06 1.1624364e-06 0.00068554434 2.2622876e-06
0.40891707 0.6360135 0.365154 0.05869429 0.0031562746 0.88189137 4.0683314e-14 0.8371631 0.9720863 0.5244603 0.055715714 0.039507337 0.9041992 0.16120976 0.0052113314 0.058860667 0.00015191367 0.026019568 0.00039807553 0.18426433 0.0001566869 0.06427235 0.29471448 3.0722265e-05 0.010091 0.0005912476 0.00012284453 0.0002798811 0.00014308281 0.0005893895 0.0034262936 0.072851 0.00028218038 0.00047770492 0.0013630966 0.025403155 4.1605654e-05 0.00011213703 0.0013226076 0.014581014 3.297055e-05 7.857742e-06 2.0098889e-05 0.00014902512 0.0003767347 0.008922053 7.6093866e-06 0.00015623315 8.356818e-05 0.00074282713 0.0001576988 1.1950034e-06 3.0469475e-06 0.0001508386 5.9211423e-05 0.0006706003 1.6309876e-05 1.2066207e-05 1.2688209e-05 1.8373274e-05 9.944379e-06 0.00062102807 2.3745557e-05 6.035768e-05 0.00013736996 1.7503908e-06 2.6280136e-06 1.1372919e-07 4.054583e-06 5.8372905e-08 8.0247094e-07 1.0881859e-05 0.00010083467 0.00186172 8.079697e-06 1.5679601e-06 1.2798628e-09 0.0070961043 3.9310038e-05 2.2898052e-05 0.0065636877 7.731716e-06 2.4222936e-06 8.63217e-05 1.5022129e-06 6.224113e-06 0.004917949 1.13172e-05 0.0006730946 3.064501e-07 0.0004773381 2.3771443e-06 1.6767035e-07 2.782616e-08 2.1301676e-06 8.1727385e-06 2.4179133e-06 5.034968e-06 5.8533396e-06 0.0013314227 4.3091463e-06
0.15500222 0.16990599 0.9198527 0.0041289753 0.0009766081 0.9795204 0.8371631 5.629342e-16 0.19993937 0.027592227 0.0057033706 0.70715344 0.67876303 0.0035128498 0.00013602774 0.0013952345 0.000105361476 0.0004079523 6.582502e-05 0.5292685 1.4770706e-05 0.001745 0.1214038 7.2611697e-06 0.304325 2.9280462e-05 3.0031742e-05 2.452382e-05 1.2771708e-05 0.019858154 7.3953815e-05 0.043540325 0.0147707695 8.9068435e-06 0.055872973 0.004905679 9.575343e-06 0.0050084232 6.31557e-05 0.036017008 5.3867625e-06 4.737481e-06 8.092092e-07 7.6163847e-06 0.0030262463 0.003137491 3.545686e-06 6.4343344e-06 0.0014566393 0.00015893928 0.0031390265 4.80341e-08 5.8729374e-06 9.095456e-06 5.462691e-06 0.0004709896 8.178641e-06 5.2056066e-06 4.0545438e-06 0.00046673487 3.104844e-05 0.0042048804 5.815975e-06 0.0006424833 0.0015730916 1.7228861e-07 7.298092e-07 1.3002573e-07 2.5942895e-06 1.6490692e-07 3.6250074e-07 8.646742e-06 3.25618e-05 0.008918284 4.894241e-06 4.101346e-07 3.1232357e-09 0.002958552 0.00067188736 1.6499156e-05 0.0037065493 6.120669e-07 0.00020445531 0.0013711142 3.244806e-07 1.8402515e-06 0.003736962 7.6286955e-07 0.00921981 3.8465564e-06 0.0046217768 3.334366e-06 3.1273936e-07 1.2821572e-07 1.170352e-06 2.8213206e-05 9.073598e-06 1.2065303e-06 7.1064387e-06 0.0007491893 3.0042725e-06
0.91610545 0.6822273 0.0769314 0.091274396 0.0016516483 0.38622904 0.9720863 0.19993937 3.3334717e-14 0.94115186 0.20710573 0.0033289474 0.85225964 0.5455693 0.032090977 0.25785112 0.00022216392 0.12637986 0.0004756241 0.08097873 0.0014212898 0.266551 0.469679 0.0002526664 0.0011390847 0.003062716 0.0008116207 0.0017250854 0.002464507 0.000324621 0.018304193 0.12758464 9.013136e-05 0.006477911 0.00033770103 0.041477833 0.00011941353 6.589669e-05 0.0055071246 0.024899669 4.0870753e-05 3.2912027e-05 0.00018967435 0.0006675872 0.00014320963 0.029788343 3.503537e-05 0.0013245383 1.7302185e-05 0.003862004 5.006744e-05 1.3762376e-05 3.4927964e-06 0.0020720153 6.802868e-05 0.0056319 7.2987124e-05 1.1023905e-05 0.00016187436 3.0142755e-05 0.00012191261 0.00015471427 5.121879e-05 7.5484095e-05 5.1850522e-05 8.128411e-06 1.3603492e-05 2.62628e-06 1.42993795e-05 6.365087e-08 2.3827026e-06 1.0412012e-05 9.150673e-05 0.0021780925 5.7552543e-06 8.3860095e-06 1.0762448e-09 0.020159489 3.991382e-05 2.2811195e-05 0.014235424 2.7229971e-05 4.0961316e-07 0.00022971162 9.241389e-07 1.3492508e-05 0.021599844 8.210589e-06 0.00027297848 1.2805315e-06 0.00023053196 1.1136055e-06 1.9087149e-07 3.3819042e-08 3.0257168e-06 1.0283419e-05 1.8049881e-06 1.6498487e-06 3.038596e-06 0.0020302848 2.1930564e-06
0.9861193 0.85821736 0.036254317 0.43911365 0.019399973 0.13933644 0.5244603 0.027592227 0.94115186 1.9371691e-16 0.78384954 0.00074001163 0.43246078 0.7285742 0.5309434 0.41865638 0.0143067865 0.4465719 0.01639014 0.011411984 0.11060564 0.43168652 0.27557796 0.011860149 0.0010952909 0.0331048 0.0833851 0.017117376 0.24595372 0.00045637728 0.13661522 0.08015844 0.00011124952 0.21137261 0.00029142192 0.037225872 0.021621933 5.0421397e-05 0.019576494 0.017111368 0.0113822855 0.007030304 0.00506806 0.0036239694 8.487836e-05 0.074701175 0.0015240486 0.07866815 2.6423042e-05 0.15152685 0.00011787487 0.018357292 0.00023239144 0.0813484 0.0029322938 0.040945612 0.0047866874 0.00015842837 0.056100607 6.450084e-05 0.0014645035 0.00037321198 0.00012980067 0.00014744549 0.00022327583 0.0017766199 0.008219768 0.0005576352 0.00459487 1.49451735e-05 0.0003161078 0.0013837827 0.002180129 0.0048546195 2.9534129e-05 0.0013694454 5.786134e-08 0.047139227 6.1611434e-05 0.00046654302 0.025815338 0.00024564748 1.1679404e-06 0.00019176347 1.0028281e-05 0.0012851254 0.045836117 0.00013664637 0.00016388013 3.9120132e-05 0.0002008541 1.914842e-06 4.083325e-06 3.953869e-06 0.0007892263 0.00031881867 3.9900384e-05 4.3795653e-06 0.00031592394 0.0021398482 8.767555e-05
0.92917347 0.66544986 0.02414526 0.7254385 0.028992342 0.012951258 0.055715714 0.0057033706 0.20710573 0.78384954 3.8932813e-16 0.0006839049 0.024453262 0.16728942 0.9536626 0.017931499 0.0018096264 0.89704007 0.055971272 0.00094938534 0.23790383 0.060618747 0.0406035 0.011152086 0.0002705312 0.02856473 0.06345088 0.014078139 0.3095564 3.686081e-05 0.70607543 0.0139605915 0.00011030305 0.58433205 4.632462e-06 0.0022871243 0.044155177 0.00012269431 0.0006839907 0.0015113543 0.0029538479 0.0031438558 0.05167414 0.0003419215 0.00011269301 0.008174354 0.005825182 0.21521156 2.5054916e-05 0.1495143 0.0002546138 0.09407948 0.0052450597 0.09054663 0.005107595 0.0065224105 0.0005422135 0.0005372559 0.18370396 0.00040552233 0.0042408677 0.00017225518 0.0007022294 3.263791e-05 4.45129e-05 0.0108705815 0.048242047 0.00037920292 0.014174686 5.238555e-06 0.00013439835 0.0136209745 0.0042181504 0.001231272 0.00012258893 0.0043607485 4.3243826e-08 0.035130303 0.00043639 0.0010745359 0.016324792 1.4789042e-05 4.2962824e-06 1.8410792e-05 9.508804e-06 0.0010921994 0.014386464 9.7697644e-05 4.8151822e-05 3.7143254e-05 6.0156835e-05 1.2232045e-06 4.237734e-06 2.799776e-07 0.000872146 0.00021511826 0.00042625886 2.4033927e-06 0.0002773624 0.00049693877 0.00028751
0.4890094 0.11694641 0.9794117 0.039992172 0.08149173 0.27672145 0.039507337 0.70715344 0.0033289474 0.00074001163 0.0006839049 4.837471e-17 0.014155415 1.1475759e-05 3.4113866e-05 1.675385e-07 0.0014478564 2.111911e-07 1.4798214e-05 0.012001024 8.831152e-06 2.118983e-06 0.0056104725 1.4297913e-06 0.75372285 1.067483e-08 6.4448354e-06 1.32046045e-08 1.2056798e-05 0.16086008 3.8419594e-06 0.002117435 0.40075204 4.7432136e-06 0.04748821 2.5440786e-05 2.0330135e-06 0.040810835 1.12203175e-07 0.0027327568 1.8463336e-06 5.2805e-07 2.4672147e-07 1.3707197e-08 0.0070459167 0.00056521664 1.3157647e-07 2.5741461e-05 0.08041715 6.3019206e-06 0.362712 4.5483134e-07 4.7189053e-07 4.226469e-06 1.0777943e-06 1.6324284e-05 1.3400395e-07 2.6158212e-08 1.3720428e-05 0.29573888 2.2705053e-06 0.03070715 5.3507783e-08 0.0054954514 0.018255815 3.0370074e-05 4.0114162e-05 7.801792e-08 0.00030356072 1.7701153e-08 1.2718264e-07 0.00027764557 2.268424e-05 0.10069594 4.1294648e-08 1.4753072e-06 3.5998309e-09 0.0022363153 0.0063698096 5.309784e-07 0.0008188948 1.1610981e-08 0.00035137642 0.013359608 1.5423414e-08 0.00010787301 0.012464483 3.5794005e-07 0.030839575 1.03827794e-07 0.008786192 4.122034e-09 1.1152762e-06 1.3768887e-07 0.00015343534 0.00062022696 9.556235e-05 4.5931228e-09 0.00011152688 0.00013337305 1.2475221e-05
0.9108427 0.3180729 0.06037658 0.016468426 0.0007129696 0.5758866 0.9041992 0.67876303 0.85225964 0.43246078 0.024453262 0.014155415 1.5580177e-12 0.24512453 0.000373706 0.13406941 8.5389525e-05 0.019523317 1.9773966e-05 0.94430417 5.166705e-05 0.24317108 0.93710196 3.299707e-05 0.022958124 0.0013568905 4.4163673e-05 0.001059277 1.9223136e-05 0.0034748951 0.0007944278 0.2819231 0.0006451539 1.9347854e-05 0.014496451 0.10198686 0.00010129944 0.0005709313 0.0036853608 0.06393644 3.1200445e-05 2.1244678e-05 2.514552e-05 0.00046619077 0.0010404777 0.072036155 1.1063949e-05 1.0089244e-05 0.0004175569 0.0005100371 0.00048500538 3.0562428e-06 4.546828e-06 6.458119e-06 6.483343e-05 0.004202944 4.3243683e-05 1.1294256e-05 1.1401002e-05 2.0988742e-05 4.374187e-05 0.0008756555 4.8110876e-05 0.00024946043 0.0003746241 1.4869669e-05 1.9109182e-06 1.2581845e-07 1.4457783e-05 2.1942006e-08 9.282067e-08 5.9741337e-06 7.56404e-05 0.0047144503 5.3008666e-06 1.8406332e-05 5.8378524e-10 0.023393681 6.6284e-05 6.741385e-05 0.016767936 3.216486e-05 9.200354e-06 0.00045871615 3.3693264e-06 8.748675e-06 0.027336385 1.6983686e-05 0.002848016 8.427225e-06 0.0026888386 1.434879e-05 1.7385844e-07 1.2124902e-08 9.5002963e-07 8.198313e-06 1.3127186e-06 4.103433e-06 1.6953433e-06 0.004889788 1.9293395e-06
0.86691874 0.17352039 0.0008036838 0.044106156 0.00034011604 0.009124257 0.16120976 0.0035128498 0.5455693 0.7285742 0.16728942 1.1475759e-05 0.24512453 3.3243271e-15 0.018531142 0.98631305 0.00015225088 0.7508776 0.0007073139 0.01569853 0.002566026 0.7975327 0.32241774 0.0001994302 8.816e-05 0.40902817 0.001983012 0.36712343 0.003104877 0.00013895094 0.06928862 0.19469346 1.04634855e-05 0.010788306 0.00036775015 0.1706956 0.00040567858 5.8021833e-05 0.15338576 0.02842613 7.945119e-05 2.4188506e-05 0.024466697 0.07461671 0.0005166003 0.1438256 0.016706234 0.002151354 4.609199e-06 0.019215403 0.00012523516 7.4925825e-05 0.0052942415 0.0029867953 0.00012013831 0.07784911 0.027307605 0.0077407435 0.0005871863 3.5887595e-05 0.0055442285 0.0004393668 0.0030267888 0.00016271789 0.00013770575 2.0520905e-05 2.2943977e-05 3.173792e-06 1.5601718e-05 1.7437834e-07 1.1919469e-05 2.9965313e-05 0.0002894418 0.003582948 0.00015647351 8.686803e-06 1.5611853e-09 0.08597911 0.00013123381 0.00023527705 0.0716767 0.00032237536 7.7879616e-07 0.00016683736 3.150747e-05 2.0227879e-05 0.035886023 1.6868837e-05 0.00080086093 0.0006402139 0.0001273547 4.652434e-06 3.888023e-07 7.871595e-08 5.2211735e-06 5.2260752e-06 5.179759e-07 1.6760227e-05 3.4756142e-06 0.010107697 4.404983e-06
0.78912205 0.49330473 0.0035396859 0.6491362 0.2736281 0.00025146516 0.0052113314 0.00013602774 0.032090977 0.5309434 0.9536626 3.4113866e-05 0.000373706 0.018531142 1.3702581e-14 0.0035517355 0.2738922 0.20115301 0.8088156 1.6047492e-05 0.9430838 0.002945197 9.660476e-05 0.60135716 5.020495e-07 0.0012890422 0.7617125 0.0008079035 0.71791446 2.0275988e-07 0.16020818 0.00027427537 6.6622893e-06 0.26249868 5.1774744e-08 3.1329864e-06 0.20282876 2.315383e-07 2.1775772e-05 1.1450439e-05 0.043388553 0.0495799 0.0017573406 1.4474427e-06 1.1416066e-06 0.00011414945 2.945228e-05 0.046020605 1.7325463e-07 0.009680545 5.4022087e-07 0.08493511 1.1657609e-05 0.01402088 0.014181764 0.00014321004 2.1251892e-05 2.317213e-06 0.02545004 0.00038814053 3.949089e-05 1.2170002e-06 2.0059854e-06 4.2597134e-07 2.3270613e-06 0.008570796 0.0035951363 0.0037532304 0.00010947296 0.00025532604 0.0007010299 0.002186071 0.00025031331 0.00012465975 2.5030306e-06 0.003422272 3.2796738e-06 0.0023109193 0.0001410277 7.1392274e-06 0.0010282102 1.01659104e-07 1.7492802e-07 1.1116339e-06 7.59719e-08 0.00063443766 0.00206856 1.0576462e-05 1.0781007e-06 1.5568631e-07 4.06461e-06 6.3507747e-07 4.7092173e-05 6.3238044e-06 0.001091829 1.001239e-05 2.5007948e-06 9.453269e-08 2.3144117e-05 5.5398516e-05 6.765963e-05
0.6678011 0.027610121 7.745734e-05 0.0063139615 1.9456875e-05 0.0037146371 0.058860667 0.0013952345 0.25785112 0.41865638 0.017931499 1.675385e-07 0.13406941 0.98631305 0.0035517355 1.1105655e-16 1.8733232e-06 0.57399666 0.00022437792 0.013257908 0.00042525513 0.9613888 0.28228354 1.6561364e-05 3.4578952e-05 0.46191394 0.00032767476 0.49393964 0.00021682345 0.00010043667 0.025828537 0.22558801 6.3621687e-06 0.0012584348 0.00031751543 0.26579756 2.9310637e-05 4.9724687e-05 0.29357448 0.039616864 4.483001e-06 3.0777028e-06 0.02407872 0.20105435 0.00023861842 0.13537759 0.020343691 0.00022592004 1.8364016e-06 0.0066803466 0.00010959225 6.413691e-07 0.0067461226 0.00044821907 5.935958e-06 0.116217986 0.038647637 0.014999227 1.2633427e-05 2.8993978e-05 0.0051780306 0.00039020908 0.003942205 0.000119698016 6.0481278e-05 2.8056883e-07 1.6034496e-06 1.07719686e-07 3.3027939e-06 4.701974e-09 2.226183e-07 3.3157617e-06 0.00029198805 0.0027771469 0.00044887676 3.0853624e-07 4.3370058e-11 0.10068352 0.00012913813 0.0003015045 0.057249643 0.0011063819 3.685736e-07 0.00013478135 4.9728245e-05 1.7966981e-06 0.031248903 1.8754603e-05 0.0006687045 0.00095124735 0.00014614286 5.1333586e-06 3.590829e-08 2.426868e-09 2.605838e-07 6.811431e-07 6.452892e-08 1.9546369e-05 7.511541e-07 0.010365636 6.2177503e-07
0.061962813 0.2834929 0.005752769 0.21239655 0.9919741 0.000115954674 0.00015191367 0.000105361476 0.00022216392 0.0143067865 0.0018096264 0.0014478564 8.5389525e-05 0.00015225088 0.2738922 1.8733232e-06 2.8748437e-14 0.0001105711 0.83212 9.655805e-05 0.0041853245 5.667344e-05 8.664757e-05 0.86120296 8.067866e-05 6.441309e-06 0.011392216 6.5835127e-07 0.001700187 5.0959246e-05 4.8296042e-05 0.00017595138 0.00014628397 5.1102525e-05 4.7613124e-05 1.4655569e-06 0.06036144 5.5658293e-06 4.188796e-07 3.265416e-05 0.03384893 0.03345865 2.9104126e-07 1.8777439e-07 2.0402964e-05 3.101621e-05 5.775425e-07 0.000120578385 1.3424014e-06 8.962484e-06 8.2422644e-05 0.0027354204 2.4108651e-06 6.609649e-06 0.0053820484 0.0006846221 3.754311e-07 8.1984915e-08 0.00044665177 0.0024745835 9.9696834e-08 5.1820563e-05 1.0804752e-06 6.4580818e-06 1.5103356e-05 0.0011249421 8.485015e-06 0.27270296 5.2199164e-07 0.04526837 0.019634107 7.996391e-05 1.1240442e-05 0.00096243696 2.8185384e-06 0.012905774 0.06414865 0.0021804273 0.00064258295 9.004896e-07 0.0010806866 7.7243345e-07 3.85599e-05 0.00014830264 1.7490157e-08 0.00034485586 0.061101176 1.9529944e-06 0.00023712007 5.6930994e-06 4.185063e-05 1.5846923e-07 0.0046586017 0.00040528434 0.0010816563 2.7895176e-05 2.9837473e-05 1.1087049e-05 6.601705e-06 0.0005731765 1.617758e-05
0.9819808 0.063134156 0.00019016175 0.1508552 0.00027025424 0.0013884912 0.026019568 0.0004079523 0.12637986 0.4465719 0.89704007 2.111911e-07 0.019523317 0.7508776 0.20115301 0.57399666 0.0001105711 1.1732012e-16 0.0027100567 0.001517473 0.040184733 0.4751354 0.0767638 0.0005847437 3.2964734e-05 0.87954354 0.0039758794 0.63785684 0.07959444 2.4057355e-05 0.84245855 0.05642698 1.2435109e-05 0.42749238 2.2833745e-05 0.049428407 0.0012257281 2.4703859e-05 0.038565136 0.0074005267 0.00020561152 0.00031190438 0.80592614 0.04143874 9.7844124e-05 0.12575418 0.35955003 0.1256947 7.0148767e-06 0.41933554 0.0001078866 0.0045960047 0.35066396 0.12847309 0.00070952915 0.17900287 0.22864412 0.25668344 0.032760598 0.00024476822 0.41886416 0.0005474885 0.10273982 4.3238073e-05 0.00012271562 0.001081631 0.013074338 1.41654955e-05 0.023510147 1.9405757e-06 7.693773e-05 0.0011577677 0.032355614 0.003047577 0.011212697 0.00029930455 1.2187109e-08 0.2085824 0.00025828942 0.030043997 0.23051722 0.00933642 8.162162e-06 6.147445e-05 0.0037843797 0.00016229434 0.048954707 0.000630612 3.5974736e-05 0.010289675 1.5601987e-05 8.226222e-05 1.0939807e-05 7.0042483e-06 0.000423067 0.0009946394 0.00016148009 0.00020520973 0.00042115807 0.0070535108 0.00038483547
0.022951119 0.11507773 0.00048515553 0.26516947 0.27769154 9.495443e-05 0.00039807553 6.582502e-05 0.0004756241 0.01639014 0.055971272 1.4798214e-05 1.9773966e-05 0.0007073139 0.8088156 0.00022437792 0.83212 0.0027100567 8.475881e-18 6.2421122e-06 0.26309517 9.670255e-05 7.013141e-05 0.9971313 2.146334e-06 0.00024004425 0.64831775 9.590134e-05 0.08857031 1.8592316e-05 0.0025088214 0.000110899215 2.1375524e-06 0.012455375 2.5512803e-05 2.1437463e-06 0.28337276 7.0088176e-06 1.3626411e-05 4.128609e-05 0.102377504 0.07767506 4.2835978e-05 6.853871e-07 3.8027887e-05 4.54195e-05 9.311721e-05 0.0040444187 7.450652e-06 0.00083381304 4.370257e-06 0.021140875 7.68946e-05 0.00051339925 0.008945364 6.957994e-05 7.225391e-05 4.3912776e-05 0.002802894 0.00017697288 1.6657481e-05 3.2698877e-05 5.5278142e-05 0.00013466303 0.00012784377 0.0012167811 0.00014007227 0.09528955 1.9146184e-05 0.0044150096 0.004602101 0.00030298257 0.00015682683 0.0001768062 9.060925e-05 0.008631196 0.00079060456 0.0013647772 8.250786e-06 3.9579436e-06 0.0016551898 1.2566802e-06 3.3995857e-06 0.00011368544 9.564021e-07 0.00015140773 0.005041371 1.2152124e-05 5.790719e-05 2.571675e-05 0.00022360143 6.5188965e-06 0.00036075036 7.10466e-05 0.00036224918 5.3646463e-06 1.4155345e-06 3.0615374e-06 8.405522e-06 0.0022836043 3.2011638e-05
0.87331414 0.0070471433 0.0035932187 0.00083807856 6.240896e-05 0.1786597 0.18426433 0.5292685 0.08097873 0.011411984 0.00094938534 0.012001024 0.94430417 0.01569853 1.6047492e-05 0.013257908 9.655805e-05 0.001517473 6.2421122e-06 1.01932365e-13 6.4796805e-06 0.038185704 0.7145981 1.0572211e-06 0.73107845 0.00077802903 3.146746e-06 0.0013157782 1.2457026e-06 0.21259138 0.000171006 0.45042437 0.015445607 8.436602e-06 0.81310004 0.08498009 5.817678e-06 0.022472823 0.0029236835 0.9649274 1.5523976e-05 3.0484096e-06 5.3330783e-05 0.0005852949 0.023830688 0.061592307 0.00010670953 7.142881e-07 0.004362787 1.5352249e-05 0.0019091058 1.6031566e-07 8.585033e-06 1.8299381e-06 1.8423921e-06 0.0052999593 0.00017479787 3.5780937e-05 5.5688105e-07 0.0003780583 7.646436e-06 0.019665958 8.051257e-05 0.001978074 0.0270358 3.4946405e-07 3.370885e-08 6.9238905e-07 4.281384e-07 1.7222587e-07 1.0941721e-06 4.564552e-07 4.7518156e-06 0.079483174 8.929185e-06 1.0487156e-06 1.25731e-09 0.04340314 0.0007431641 7.0402634e-06 0.032060534 1.9958214e-05 0.00084894715 0.00836043 4.405042e-06 3.5396822e-06 0.106205665 1.403006e-06 0.19941884 1.1714547e-05 0.048872516 1.0840504e-06 8.8860475e-08 1.9778199e-08 1.3188975e-06 2.808503e-06 2.0564063e-07 1.0899978e-06 3.503577e-07 0.01772767 9.926484e-07
0.69973594 0.053065553 0.00017785236 0.043750774 0.014890602 1.58669e-05 0.0001566869 1.4770706e-05 0.0014212898 0.11060564 0.23790383 8.831152e-06 5.166705e-05 0.002566026 0.9430838 0.00042525513 0.0041853245 0.040184733 0.26309517 6.4796805e-06 1.2524724e-17 0.0005047028 2.0214764e-05 0.21707152 1.1081431e-06 0.0003060805 0.96680284 7.113779e-05 0.9367881 2.0891475e-06 0.048942752 0.00047839357 7.852223e-06 0.25292403 1.995901e-07 8.448759e-06 0.6406198 3.9220863e-06 1.6991642e-05 2.7915987e-05 0.2963487 0.26279715 0.00078705006 2.5239663e-06 1.2964338e-05 1.5510375e-05 0.00023990007 0.045475625 3.9952013e-07 0.008458169 2.3947719e-06 0.46069428 9.631425e-05 0.012760065 0.07098627 0.0002787392 5.1119783e-05 1.1536571e-05 0.06906451 7.101876e-05 0.00036469864 3.9228402e-05 2.0724618e-05 2.5225395e-06 2.617909e-05 0.030975718 0.0033098601 0.117251135 0.000117376236 0.004507742 0.018283345 0.0061485646 0.00034225345 0.00016404603 8.695613e-06 0.14753857 0.00015660744 0.0030220228 6.4090746e-05 2.035754e-05 0.0015181922 1.4234439e-05 3.1209908e-07 8.281783e-06 6.4369516e-07 0.006884523 0.0023419054 4.9001887e-05 1.8638624e-06 5.398938e-07 3.4988573e-06 2.8370735e-06 0.0021316856 0.0002878359 0.01669726 1.9053925e-05 3.4644407e-05 1.7525088e-06 8.069482e-05 0.00018742113 0.00016509632
0.9873771 0.07016965 0.00029789808 0.01840485 0.0004696758 0.003848898 0.06427235 0.001745 0.266551 0.43168652 0.060618747 2.118983e-06 0.24317108 0.7975327 0.002945197 0.9613888 5.667344e-05 0.4751354 9.670255e-05 0.038185704 0.0005047028 3.340304e-16 0.52933 0.00033420863 2.969797e-05 0.39761427 0.00041720358 0.56832844 0.00032136054 1.8503748e-05 0.041759685 0.50375134 5.934586e-07 0.00096830004 0.0002910442 0.57310635 8.337235e-05 3.6160472e-07 0.5941748 0.112445675 0.0001609383 7.912748e-05 0.017876288 0.2398996 7.734223e-06 0.5301897 0.023189554 0.00033508503 1.1318753e-05 0.008000843 2.8646542e-05 3.21787e-05 0.0066483263 0.00017201781 0.00012866288 0.270871 0.035529293 0.00838599 0.00012316572 2.0830072e-05 0.0015217322 0.00013719127 0.001545301 6.5586966e-05 4.693458e-05 7.661165e-06 1.2928839e-05 1.4008141e-07 4.3148175e-06 1.21769785e-08 1.6843131e-07 5.148712e-05 0.0003199493 0.0012304944 8.905641e-05 8.922613e-06 2.3895746e-10 0.39750445 0.00013953443 0.00027411798 0.26324803 0.0005231269 1.8468779e-06 0.00030263574 9.334407e-06 3.6809346e-05 0.27159393 0.00010652468 0.00017746098 0.00010400109 0.00046815688 1.7137669e-05 8.101973e-08 1.2734472e-08 1.0639285e-05 3.333624e-05 2.2644645e-05 8.407359e-06 4.8783045e-06 0.060878363 8.734876e-06
0.9347543 0.08417003 0.004201888 0.014427368 0.000477998 0.11230179 0.29471448 0.1214038 0.469679 0.27557796 0.0406035 0.0056104725 0.93710196 0.32241774 9.660476e-05 0.28228354 8.664757e-05 0.0767638 7.013141e-05 0.7145981 2.0214764e-05 0.52933 2.3282204e-15 7.6804085e-05 0.027762607 0.014774919 4.668557e-05 0.012211275 5.5510973e-06 0.0050368947 0.0040961965 0.9497349 0.00051425194 0.0003296277 0.05194864 0.4362317 1.4140431e-05 0.00054680026 0.038255468 0.3106565 1.4011603e-05 5.6787676e-06 0.00046814533 0.009903196 0.00092395913 0.28492022 0.00017195746 9.662636e-06 0.00018576888 0.0005397824 0.0003091004 2.151593e-06 1.1624592e-05 1.7362583e-05 2.5643916e-05 0.028768683 0.0008476547 6.207577e-05 1.6174008e-06 4.578682e-05 0.00019933455 0.0018535823 0.00028583 0.00032544928 0.001749987 1.9478846e-06 3.6943194e-07 7.060893e-06 3.3085694e-06 3.5392046e-07 2.3637635e-06 9.676824e-07 0.00012526133 0.010664301 9.804098e-06 3.0795875e-06 3.1956546e-09 0.11240335 0.00016774435 0.00027739178 0.0929907 0.00035524621 1.5217431e-05 0.0015978254 2.5076515e-06 1.1251854e-05 0.11273375 9.9894656e-05 0.006503959 1.4282806e-05 0.0049454393 2.6048606e-06 6.0359116e-07 1.5318932e-07 3.2576165e-06 6.0910047e-06 7.137018e-07 1.787321e-06 4.1369503e-06 0.03252932 2.2576148e-06
0.016336706 0.075559564 8.854456e-05 0.09078032 0.17583402 3.6197655e-06 3.0722265e-05 7.2611697e-06 0.0002526664 0.011860149 0.011152086 1.4297913e-06 3.299707e-05 0.0001994302 0.60135716 1.6561364e-05 0.86120296 0.0005847437 0.9971313 1.0572211e-06 0.21707152 0.00033420863 7.6804085e-05 9.4283026e-17 5.8804e-07 7.893163e-06 0.6741279 4.553389e-06 0.11068565 1.2165848e-06 0.00039992004 2.117653e-05 2.1644772e-07 0.003492447 2.5899251e-05 3.1840707e-07 0.27840766 2.7203623e-07 1.6649499e-06 7.7259e-06 0.22052862 0.16503863 1.6642941e-06 4.2662318e-08 2.0443308e-06 4.4205182e-05 6.971012e-05 0.0013397828 5.898106e-08 0.000102029015 3.2529504e-06 0.016485568 7.8357014e-05 1.3512221e-05 0.01032388 0.00012720648 8.068351e-05 3.76347e-05 0.0027860587 3.618197e-05 3.6921726e-06 3.751164e-06 5.6281783e-06 3.9654433e-06 6.4347e-05 0.0007580776 7.4798954e-05 0.14200938 8.038121e-07 0.01382688 0.010923227 0.00020963525 3.738646e-06 9.319415e-05 3.0550847e-05 0.0046182503 0.010236748 0.0015539048 2.7519935e-05 4.8353786e-07 0.0010331813 1.6989502e-07 1.704728e-07 5.818677e-06 8.018356e-08 7.1530725e-05 0.018874072 3.4589993e-07 6.892784e-06 1.3870937e-05 8.399728e-06 6.453966e-07 0.0005643344 6.564723e-05 0.00038123573 2.384984e-07 4.879481e-08 1.2923871e-07 7.9335877e-07 0.0025744787 5.3586787e-06
0.8453843 0.0006956096 0.0575607 0.00018892784 0.00053532264 0.020392733 0.010091 0.304325 0.0011390847 0.0010952909 0.0002705312 0.75372285 0.022958124 8.816e-05 5.020495e-07 3.4578952e-05 8.067866e-05 3.2964734e-05 2.146334e-06 0.73107845 1.1081431e-06 2.969797e-05 0.027762607 5.8804e-07 9.536931e-17 1.559036e-06 2.2607778e-06 1.4226262e-06 3.6559172e-07 0.979113 1.5867749e-05 0.02638879 0.71251756 2.53092e-06 0.796989 0.0006534741 7.809933e-07 0.19115917 1.7882989e-05 0.20446783 1.4540417e-05 3.696857e-07 1.1075873e-06 9.655736e-06 0.12182406 0.004979122 5.3504673e-06 4.1149688e-05 0.2930496 0.00064911693 0.03328413 4.4168786e-08 5.0126137e-06 3.642942e-05 4.919098e-06 0.00030849318 9.3790004e-07 3.2306613e-07 2.892958e-06 0.0043128394 1.9730904e-05 0.14896 9.269153e-06 0.031972487 0.0673491 2.6390544e-06 7.1716e-06 2.4328654e-07 1.5579913e-06 1.1828773e-07 4.1851902e-07 4.3541677e-05 0.00012406059 0.08406876 3.7081297e-06 4.3791246e-07 7.856217e-09 0.02302521 0.00061769906 3.279991e-05 0.010206178 2.1751217e-07 0.00040342027 0.027453285 1.549373e-07 1.9266947e-05 0.068096265 1.0402077e-05 0.004175388 1.7064708e-06 0.009523193 3.5819294e-06 2.1841575e-07 9.94084e-08 8.7327535e-06 0.00031512807 2.2967182e-05 3.2550759e-06 2.3763203e-05 0.0036308882 6.946977e-06
0.8809403 0.00047378882 1.36825465e-05 0.00067092176 2.9705604e-06 7.871337e-05 0.0005912476 2.9280462e-05 0.003062716 0.0331048 0.02856473 1.067483e-08 0.0013568905 0.40902817 0.0012890422 0.46191394 6.441309e-06 0.87954354 0.00024004425 0.00077802903 0.0003060805 0.39761427 0.014774919 7.893163e-06 1.559036e-06 1.9081538e-17 0.000356002 0.98709106 0.0005856182 2.2869244e-05 0.09011243 0.021202706 1.0952997e-06 0.01003708 7.742016e-06 0.027440192 4.4493587e-05 6.1172354e-06 0.26508415 0.0034741033 1.1617998e-05 2.8992995e-06 0.4786855 0.49816597 8.442748e-05 0.04613639 0.4647004 0.0031599447 5.8897734e-07 0.052368347 2.3323635e-05 1.5397205e-05 0.34000483 0.010943655 4.05754e-05 0.17885222 0.35275027 0.42668185 0.00071284786 4.5110635e-05 0.07107883 0.00010546412 0.12448902 3.287761e-05 9.552413e-06 1.9002042e-05 0.00016650642 1.0745829e-06 0.00037840943 6.245881e-08 5.928791e-06 8.924039e-05 0.0015460749 0.00070222694 0.008096791 5.086343e-06 5.758603e-10 0.12692173 0.0003000685 0.0032781463 0.101084895 0.0044352305 1.8307883e-06 4.5660126e-06 0.00090047164 2.684498e-05 0.026660105 0.0001351205 8.982378e-06 0.0034780616 2.39408e-06 7.783893e-05 5.3881007e-07 1.9769347e-07 8.76292e-06 3.363604e-05 8.069578e-06 0.000113695 3.1647865e-05 0.019663798 2.717093e-05
0.20865682 0.055492524 0.00010934879 0.034501944 0.01703684 1.3146461e-05 0.00012284453 3.0031742e-05 0.0008116207 0.0833851 0.06345088 6.4448354e-06 4.4163673e-05 0.001983012 0.7617125 0.00032767476 0.011392216 0.0039758794 0.64831775 3.146746e-06 0.96680284 0.00041720358 4.668557e-05 0.6741279 2.2607778e-06 0.000356002 6.977717e-16 3.7260048e-05 0.927442 1.416804e-06 0.0143821025 0.0003534983 2.510694e-05 0.038554206 5.616864e-06 1.3787271e-05 0.89879924 4.9870107e-07 1.5023727e-05 2.8902241e-05 0.6875272 0.71664625 0.0002807478 1.4198328e-06 1.7845856e-06 0.00026156646 0.00025834932 0.014755676 6.7045187e-07 0.004909278 9.144685e-06 0.6074927 0.00020299992 0.003514321 0.26873642 0.0009932172 8.7469016e-05 1.1416942e-05 0.052275836 0.0006239616 1.3388695e-05 2.4692932e-05 6.0950547e-06 7.874802e-06 8.811932e-05 0.06289898 0.00057433976 0.5254759 9.379663e-05 0.045873936 0.08452507 0.0025816825 0.0001519919 8.289096e-05 3.1240238e-06 0.25717062 0.0011162717 0.0007970265 0.0002205978 1.2176126e-05 0.000709585 6.7616344e-07 1.167957e-06 2.864254e-06 1.7762021e-07 0.0039817425 0.0013603189 1.4853894e-05 3.610288e-06 1.1129848e-05 1.237307e-06 3.3609087e-06 0.004853969 0.0004569439 0.007917425 2.7525055e-05 1.2596565e-05 1.1741597e-06 3.3900174e-05 0.00065760524 8.707326e-05
0.8926465 0.00021457102 8.629943e-06 0.0001769474 1.2005125e-06 9.8733486e-05 0.0002798811 2.452382e-05 0.0017250854 0.017117376 0.014078139 1.32046045e-08 0.001059277 0.36712343 0.0008079035 0.49393964 6.5835127e-07 0.63785684 9.590134e-05 0.0013157782 7.113779e-05 0.56832844 0.012211275 4.553389e-06 1.4226262e-06 0.98709106 3.7260048e-05 3.7573366e-17 8.759598e-05 1.3031125e-05 0.054658372 0.023217829 1.3955504e-06 0.0024729555 2.0570813e-05 0.041839857 5.2168284e-06 6.4658534e-06 0.5588647 0.00625636 2.238361e-06 1.1792624e-06 0.31169203 0.76635283 6.250801e-05 0.04261075 0.48941422 0.0009859015 2.5091094e-07 0.041215386 2.2654927e-05 3.333188e-07 0.3242233 0.0039313138 1.3425647e-05 0.21264341 0.45743552 0.444496 0.00016946791 0.00014175287 0.059651878 4.988285e-05 0.14058669 7.2883064e-05 1.217262e-05 2.5788404e-06 0.00016503068 1.10603416e-07 9.525717e-05 6.4707852e-09 3.80768e-07 3.8958293e-05 0.0014405005 0.00093999907 0.005279121 5.711728e-07 2.1229977e-10 0.13289076 0.00040865142 0.0024550464 0.08818897 0.004479264 3.1828077e-07 2.2062502e-05 0.00045371475 5.864067e-06 0.019607885 0.00016693778 0.00012930091 0.003947779 1.994225e-05 7.9879384e-05 2.371533e-08 1.8967107e-08 1.1950239e-06 1.0898435e-05 1.2514395e-06 8.8135625e-05 5.7585703e-06 0.016437005 4.3227174e-06
0.8479229 0.07184188 0.0002846231 0.02910879 0.0090723485 6.5312424e-06 0.00014308281 1.2771708e-05 0.002464507 0.24595372 0.3095564 1.2056798e-05 1.9223136e-05 0.003104877 0.71791446 0.00021682345 0.001700187 0.07959444 0.08857031 1.2457026e-06 0.9367881 0.00032136054 5.5510973e-06 0.11068565 3.6559172e-07 0.0005856182 0.927442 8.759598e-05 3.0251128e-16 3.8655736e-07 0.23327546 0.0001264726 8.284382e-06 0.66338766 1.369231e-07 3.4396294e-06 0.6527099 6.4753596e-07 2.4418427e-05 2.3619914e-05 0.29740018 0.32027987 0.0033267715 3.9780034e-06 3.3256074e-06 1.1897107e-05 0.00021391493 0.40427217 3.412476e-07 0.04012212 4.8309516e-06 0.87410593 0.00019693203 0.0675931 0.21000294 0.00020409045 4.942311e-05 9.413217e-06 0.44299588 0.00041455997 0.001652674 1.1524904e-05 3.063055e-05 5.9282816e-06 4.0479104e-06 0.14768817 0.03978429 0.09151494 0.0027042571 0.0046886313 0.018366696 0.0438446 0.000985533 0.000118422235 1.3918827e-05 0.2074311 9.761281e-05 0.0031542229 0.00015559421 4.089625e-05 0.0020171474 6.307879e-06 2.171827e-06 3.651438e-06 8.86906e-07 0.030538442 0.002798672 9.125627e-05 1.1485881e-06 3.7393947e-06 4.743496e-07 2.8754505e-06 0.0024904814 0.0002962981 0.03417409 3.631104e-05 0.000112269605 1.4522409e-06 0.00031935243 0.0003321747 0.00061315193
0.8154019 0.00052092597 0.0047959224 8.1974256e-05 0.00035135652 0.001074933 0.0005893895 0.019858154 0.000324621 0.00045637728 3.686081e-05 0.16086008 0.0034748951 0.00013895094 2.0275988e-07 0.00010043667 5.0959246e-05 2.4057355e-05 1.8592316e-05 0.21259138 2.0891475e-06 1.8503748e-05 0.0050368947 1.2165848e-06 0.979113 2.2869244e-05 1.416804e-06 1.3031125e-05 3.8655736e-07 1.0383971e-14 1.6703962e-05 0.0069253636 0.88489926 8.999282e-07 0.86819774 0.000834457 1.3220155e-06 0.62903744 8.079215e-05 0.081117466 2.5385905e-06 2.7125182e-07 1.5252422e-06 2.4815381e-05 0.43716764 0.0016243958 1.9587842e-06 2.425885e-05 0.35313076 0.00038032877 0.05507689 3.5398116e-09 1.2646113e-06 6.3296457e-06 1.0293088e-06 0.00020255744 1.9849153e-06 1.6348938e-06 1.7581921e-06 0.0007451131 8.491118e-06 0.21203248 2.0168683e-05 0.020623038 0.08093865 1.756929e-07 1.0223482e-06 5.9350106e-07 9.446892e-07 7.756611e-08 6.924392e-07 4.4752305e-06 0.0003015545 0.1811228 1.6380042e-06 1.3907508e-07 2.611433e-09 0.013956126 0.00036806293 0.00016511539 0.0068015917 1.7002849e-06 0.0012721571 0.014361111 5.1997637e-07 6.7831584e-06 0.024131732 1.03243765e-05 0.0101053985 1.050234e-06 0.010213841 2.3339624e-06 3.6173577e-07 1.9331142e-07 6.222837e-06 4.2907446e-05 2.044096e-05 7.907478e-06 3.3853295e-05 0.0035799027 2.1847138e-05
0.961198 0.011420456 0.000105385196 0.014130652 6.836884e-05 0.0002633468 0.0034262936 7.3953815e-05 0.018304193 0.13661522 0.70607543 3.8419594e-06 0.0007944278 0.06928862 0.16020818 0.025828537 4.8296042e-05 0.84245855 0.0025088214 0.000171006 0.048942752 0.041759685 0.0040961965 0.00039992004 1.5867749e-05 0.09011243 0.0143821025 0.054658372 0.23327546 1.6703962e-05 6.9285715e-15 0.005837241 0.00020411322 0.82889557 4.254003e-06 0.0028537107 0.0050064838 0.00012687307 0.0087867575 0.00046151306 0.00072701427 0.0032507472 0.62632203 0.007852241 5.970401e-05 0.008764304 0.20034276 0.64865583 5.000655e-05 0.9382956 6.615353e-05 0.0486355 0.30413932 0.8830443 0.0060040466 0.07879616 0.057192154 0.056331474 0.4064535 0.00017507112 0.6392913 0.00044826802 0.029631099 3.3430824e-05 0.00057244586 0.010483882 0.23370667 2.0945748e-05 0.38625938 2.9476062e-06 0.0003063445 0.038495377 0.4935479 0.0010391197 0.014439638 0.005605095 1.3859064e-07 0.06402345 0.0002729009 0.04027894 0.051048037 0.0020031848 9.66001e-06 5.957197e-06 0.004150424 0.0033053164 0.008690678 0.01230691 1.7745939e-05 0.00688088 2.252375e-05 7.96454e-05 1.2189708e-05 4.903132e-06 0.0023021821 0.025025021 0.0028558678 9.2580965e-05 0.0070284978 0.0032863382 0.001971176
