6.648918e-24 0.012534396 0.002166582 0.03351908 2.1623624e-05 0.031846922 0.024536049 1.3787809e-05 0.14041945 0.016305825 0.005982176 0.002244416 0.002361906 9.145028e-05 0.0961883 0.11630818 0.023642141 0.00057163055 0.015492579 3.0117137e-06 0.44095254 0.14756623 0.43353352 0.2259348 0.13385043 0.17951708 0.23807964 0.006878734 0.8050808 0.03781434 0.21723567 0.34602258 0.10312785 0.046846632 0.14703521 0.6079512 0.010986859 0.08054886 0.5677367 0.001990929 0.14967424 1.8241203e-06 0.31835684 0.55358315 0.6884066 0.47967318 0.61609983 0.66415703 2.1531796e-06 1.5015404e-05 0.0002145845 0.21019065 0.121460006 0.6721276 3.3538538e-05 2.069521e-07 0.0023525844 0.58915854 2.2462102e-07 0.5239223 0.75847864 1.1652791e-06 5.638108e-09 0.39482558 0.8829999 0.69994557 0.68369323 0.7028598 0.4971264 0.0519475 0.98931825 0.0023578322 0.3095508 0.95818853 0.9313555 0.9039088 0.96137255 0.0016249188 0.00068950694 0.0030724271 0.98180664 4.2914805e-09 0.9212509 2.2020652e-07 0.9947091 0.9933673 0.2970552 4.871913e-11 7.593637e-05 0.999871 0.99056596 0.12059772 0.7292144 0.9979017 0.078771524 0.95504224 7.85667e-12 1.0205558e-06 0.029638113 0.056080103 0.9813365
0.012534396 1.8003251e-22 0.9211506 0.7497391 0.534994 0.8807386 0.5519625 0.38066754 0.15984279 0.69020957 0.18480392 0.117701344 0.42147726 0.16826968 0.5787599 0.18607491 0.030181592 0.19036652 0.01895472 0.032899562 0.17065246 0.057708364 0.049970824 0.018931683 0.110657685 0.16170217 0.022219544 0.10970753 0.009819936 0.054715842 0.12084611 0.013531385 0.006044922 0.0013654009 0.005951153 0.02582081 0.0006172309 0.029042581 0.0050568203 0.009466563 0.014276537 0.020246398 0.0125242695 0.004116525 0.0019712406 0.0050111795 0.037022557 0.0005877138 0.006773543 0.0016261503 0.0011961374 0.009296771 0.006110138 0.0046390076 4.604133e-06 0.00019322801 0.0020000513 0.0023974036 0.0010533652 0.0002017391 0.0018649277 7.4655527e-06 0.0001720326 0.00062613114 0.0022486816 0.00059406087 0.0011952184 0.000101891914 0.0037949507 0.000113349524 0.00014478544 4.1915457e-05 0.0011278827 0.0011235954 0.0016590925 0.00063978543 0.0015608496 0.00027806478 0.00013851421 9.602709e-05 0.0032364777 3.5969056e-06 0.0017407822 2.1939048e-05 0.0003227839 0.0004962156 0.001466042 0.00020015921 0.0006218815 0.0010525327 0.00082789955 0.0025350198 0.0014225143 0.0011660813 4.5886163e-06 0.00046997285 9.394761e-06 4.8901285e-05 4.429194e-05 4.7185862e-05 1.8768398e-05
0.002166582 0.9211506 2.3596678e-22 0.18185702 0.72482365 0.7441643 0.16364247 0.3259717 0.01642121 0.7969379 0.03737412 0.017006071 0.6695218 0.047382135 0.2300426 0.03595381 0.0038728325 0.48845834 0.004081202 0.010323763 0.043757252 0.009310772 0.0067537534 0.004367193 0.1663577 0.15552029 0.0038339072 0.08830797 0.0032560872 0.068012625 0.02678045 0.0011415589 0.0009593446 0.00022025009 0.00043844903 0.0035816426 0.000106899286 0.0076853433 0.00084815687 0.015209256 0.0016033679 0.07196372 0.0011900553 0.00055236166 0.0002500981 0.0009944113 0.013317098 4.5429337e-05 0.026727686 0.00017418832 0.0060602413 0.014060307 0.0004183804 0.000603907 2.5064032e-06 0.002635884 0.0050957333 0.00033371782 6.192872e-05 8.3512336e-05 0.00027251494 5.669e-06 0.0038987822 0.00013801498 0.00065129687 8.461044e-05 0.00034421828 5.3884087e-05 0.0054314276 2.3279015e-05 4.3195374e-05 1.743476e-05 0.0003520481 0.0009355681 0.00058050285 0.00063811033 0.0008912213 0.0005915082 0.0001826223 3.0836392e-05 0.0013229243 3.8557402e-05 0.00058040576 1.9126603e-05 0.00012633229 0.00039074887 0.00069424935 0.0011608861 0.0006084384 0.00023929845 0.0009143216 0.00075665757 0.00040403975 0.0007205422 1.1896693e-06 0.00017753683 3.634818e-05 4.7958925e-05 1.1600185e-05 9.341843e-06 6.2370664e-06
0.03351908 0.7497391 0.18185702 4.782419e-20 0.08202459 0.555057 0.9331158 0.07774381 0.929281 0.13495593 0.5883508 0.3979313 0.06118986 0.24908502 0.7159925 0.8075245 0.18509638 0.021102654 0.124858126 0.031276893 0.50758976 0.23764731 0.25562868 0.15776381 0.05243191 0.105198435 0.14567338 0.09417416 0.12794271 0.02800809 0.2757231 0.07925364 0.046454668 0.009686516 0.060376048 0.14052862 0.006804683 0.07941306 0.058256004 0.0065880613 0.10538093 3.976086e-05 0.061823566 0.03326603 0.028418703 0.027535144 0.10460837 0.009486261 0.0007526137 0.009733023 0.00014412541 0.0072161155 0.017794807 0.02334796 0.0002643861 1.9076379e-05 0.0010380311 0.01662895 0.00063217914 0.013019903 0.0021378729 1.9158533e-05 7.891537e-06 0.0030933986 0.039550822 0.004277657 0.010617084 0.00020537303 0.0049234442 0.0010888603 0.0011229515 0.00010148916 0.04442087 0.0024183055 0.007956114 0.0023417515 0.0038636213 0.00036838252 0.0003710967 0.000103968065 0.004215428 3.8148974e-06 0.0017953777 7.3935166e-06 0.000727904 0.00434806 0.004528648 6.096953e-05 0.00022710468 0.0039015294 0.0010903467 0.002693845 0.013156985 0.002443441 7.1424965e-06 0.0032012558 5.016403e-07 1.4578059e-05 7.175778e-05 0.00028810996 7.5564625e-05
2.1623624e-05 0.534994 0.72482365 0.08202459 1.5862473e-25 0.15010348 0.12986058 0.8740304 0.016525298 0.15343158 0.0470975 0.020276034 0.24954617 0.044357542 0.053688653 0.016730996 0.006153739 0.19519842 0.008833595 0.030636042 0.012735951 0.0056018326 0.0070632948 0.0007756428 0.021208575 0.020334005 0.0032232308 0.015684316 0.0020327684 0.010812407 0.015551213 0.0009375661 0.0010152349 0.00018606232 0.00032928618 0.000979814 4.1696178e-05 0.0035052267 0.00068425527 0.0060148546 4.403074e-05 0.104173444 0.0003358567 0.0003695426 0.00011669907 6.4485284e-05 0.0012759572 3.872511e-05 0.004126779 0.00068556133 0.0014058577 0.00087702816 1.5445254e-05 7.3995616e-06 1.3280354e-06 0.00063991203 0.0027102896 4.30843e-05 0.00010417282 7.163278e-05 6.5781755e-06 5.358697e-07 0.0016954923 0.00029732534 5.1648232e-05 5.388956e-06 1.4598831e-05 5.1378378e-05 0.0009887691 1.1200615e-05 6.144485e-05 3.0352643e-05 1.1352527e-05 0.00033601382 3.3932454e-05 0.00017416521 0.00011916099 0.00013726403 0.00022705746 8.0682075e-06 0.00018827728 2.3197126e-05 0.00013288019 4.5402676e-06 7.694162e-05 0.00012473992 0.00046247995 0.00015907 0.0002928567 7.899161e-05 0.00031188293 0.00089900655 0.0002450111 0.0004942919 1.4776538e-07 7.400307e-05 8.501927e-06 1.924781e-05 8.279453e-06 1.3817269e-05 5.545584e-06
0.031846922 0.8807386 0.7441643 0.555057 0.15010348 2.4544909e-21 0.2772333 0.08882936 0.06753765 0.9445703 0.056460813 0.032327056 0.50673723 0.05346043 0.7859799 0.25681445 0.008171291 0.28092045 0.008879009 0.005990189 0.26232022 0.039996564 0.020054689 0.018810665 0.41821095 0.4839004 0.009502566 0.20293564 0.016563434 0.22135755 0.17774959 0.0037265525 0.0020467392 0.00036570363 0.0016703366 0.009664559 0.00011581156 0.037208296 0.0013890436 0.016929667 0.017414283 0.008558561 0.0049888683 0.001376226 0.00030583015 0.0082474705 0.13831688 2.7997492e-05 0.0052546845 0.00010162951 0.003134067 0.028826568 0.0015267836 0.0035130763 8.8179087e-07 0.00021779562 0.005018284 0.0004908023 0.00026021918 4.4392204e-05 0.00085558096 3.6450394e-06 0.00014877094 0.00022998406 0.0024386966 0.00026047367 0.001148379 3.2726082e-05 0.009275463 2.1213984e-05 1.2561524e-05 1.4626409e-05 0.0020629994 0.00035647134 0.0014205797 0.00025941362 0.0012704289 0.00065654 0.00019017915 2.7477452e-05 0.0025126655 1.0282076e-05 0.0006407575 1.2218701e-05 7.809873e-05 0.0010259318 0.0012175373 0.00047295747 0.00056837173 0.0011632728 0.0002837558 0.0023208968 0.0014042999 0.0008197551 7.936115e-07 0.00050013827 1.8180359e-05 3.5332723e-05 1.5468986e-05 9.062035e-06 4.6108344e-06
0.024536049 0.5519625 0.16364247 0.9331158 0.12986058 0.2772333 4.9660664e-20 0.2286388 0.92933166 0.08129459 0.8989137 0.72872 0.041071985 0.5708819 0.43035722 0.3680071 0.38314426 0.005571 0.36250058 0.14719802 0.23283428 0.1388582 0.2596747 0.061527465 0.020230673 0.042642348 0.14989671 0.03069037 0.070306405 0.00902308 0.10909075 0.09949732 0.07307078 0.07163441 0.08267659 0.20211118 0.04135956 0.029706912 0.090507135 0.0025521345 0.03548801 0.0005974083 0.049829748 0.055122703 0.065388575 0.010552022 0.07076647 0.030563308 0.00029549302 0.038367733 6.881163e-05 0.0016561087 0.019164221 0.020334316 0.0038499534 3.137886e-05 0.00043136923 0.040639684 0.0020023359 0.022285055 0.0029057313 0.00013269139 2.1322132e-05 0.011517911 0.058473095 0.008148366 0.004364098 0.0017345919 0.0013205521 0.0032294034 0.003259282 0.0012313783 0.028162327 0.0059896717 0.005358434 0.006586943 0.004839324 0.0002499238 0.00010332793 0.0007524544 0.0028540427 8.5892925e-06 0.003374168 3.0288938e-05 0.0050021266 0.0038010736 0.004603315 0.00012085791 0.00021317221 0.0058429446 0.0030295383 0.0014890408 0.028694686 0.008504256 0.00033909746 0.004917131 1.0462571e-06 2.9319024e-05 0.0007182072 0.0010323462 0.00021327919
1.3787809e-05 0.38066754 0.3259717 0.07774381 0.8740304 0.08882936 0.2286388 4.295508e-21 0.024918692 0.09406008 0.15993568 0.041008405 0.13469855 0.15720966 0.019844845 0.003586534 0.0121110715 0.10556828 0.009400927 0.13932966 0.0064679165 0.0006873626 0.0021716782 8.3029736e-05 0.009237337 0.008068783 0.0010263271 0.00027424714 0.0007934196 0.0011203127 0.0039544576 0.0007279974 0.0003995352 0.00022861995 0.00029828728 0.00013924198 0.00014470385 0.0007120749 0.0016930216 0.0003644697 1.8635726e-06 0.16570888 7.71094e-05 6.6599045e-05 4.3266493e-05 7.737913e-06 0.0007718783 0.000108535605 0.0020680039 0.007149677 0.00016467553 0.00072575867 5.4927077e-06 8.568127e-06 0.00011808357 0.00068372855 0.00040271162 8.33137e-05 0.0016188755 9.826409e-05 5.606632e-06 3.037272e-06 0.002720608 0.00021255734 3.083877e-05 3.5722853e-06 1.2672692e-05 0.00012502752 0.001263494 3.76017e-05 2.1933085e-05 0.00011154942 1.9167888e-05 0.0014387595 1.3408372e-05 0.00013653787 9.826756e-05 7.7210134e-05 8.53345e-05 4.885467e-05 6.298949e-05 6.809545e-06 0.00024459063 4.949794e-06 4.0565068e-05 4.1186082e-05 0.00020397565 7.300383e-05 8.605137e-05 1.913983e-05 0.00080666627 0.00016600524 0.00018660876 0.00036995532 5.7807615e-06 3.592797e-05 2.4921287e-06 7.92228e-06 4.9817725e-05 9.07808e-06 1.2497405e-05
0.14041945 0.15984279 0.01642121 0.929281 0.016525298 0.06753765 0.92933166 0.024918692 2.1742042e-19 0.009011917 0.6148482 0.47558764 0.003413097 0.19448096 0.3305467 0.7434166 0.39728096 0.0004911258 0.2761837 0.017539218 0.33451313 0.529016 0.63755274 0.30812755 0.004888441 0.016528223 0.31398022 0.007195534 0.18507853 0.0025631473 0.16035688 0.1645566 0.1014982 0.04286416 0.08227086 0.1946779 0.013220157 0.038340483 0.07683171 0.00021907988 0.114544824 0.00021388047 0.05591134 0.0660187 0.054606095 0.028729944 0.13774276 0.018456228 5.7752597e-05 0.014932887 5.084733e-06 0.0005374624 0.013150418 0.014951063 0.0009770301 5.180987e-06 8.032079e-06 0.009572485 0.0012851896 0.0058765044 0.0058430224 0.00016363556 4.756123e-06 0.0026048685 0.085916445 0.0020707904 0.01807038 0.0010213461 0.0008922925 0.00074544724 0.00026600546 0.00013686718 0.024819225 0.004825008 0.008410365 0.0016597698 0.007463447 0.00022539706 6.127889e-05 6.749349e-05 0.0032640337 2.7993206e-06 0.0057360083 6.4590186e-06 0.00096231065 0.0017210905 0.0011313554 9.035733e-06 0.00010377777 0.0031273775 0.003296079 0.0017097011 0.022051377 0.0024365403 2.0824002e-06 0.0022494227 8.04807e-07 1.0938627e-05 0.00013729584 3.1039235e-05 6.113005e-05
0.016305825 0.69020957 0.7969379 0.13495593 0.15343158 0.9445703 0.08129459 0.09406008 0.009011917 1.8021733e-22 0.005355384 0.0015455072 0.7370458 0.013529017 0.44694453 0.030109733 0.00037908577 0.5817766 0.00018881132 0.00023796303 0.086668134 0.0042044735 0.0015691988 0.001392688 0.6068057 0.54385954 0.00014269594 0.24634373 0.0022824951 0.33436614 0.04838237 0.0002638619 9.246885e-06 1.857679e-05 1.7391301e-05 0.0012569104 6.027137e-06 0.005788458 4.6060064e-05 0.07641645 0.0010235112 0.02357264 0.00028906224 8.8645276e-05 3.0367002e-05 0.00096829963 0.03478104 7.739997e-07 0.027171103 4.309245e-06 0.02318527 0.033931315 8.856238e-05 0.00021924921 3.8482032e-08 0.0019826898 0.014483068 6.3408865e-05 8.268533e-06 4.3794626e-05 0.00016541655 1.0727163e-06 0.00058794476 2.4044508e-05 0.0014497751 3.0722822e-05 0.0001922938 1.7583884e-06 0.01593705 1.1935997e-05 1.8773312e-06 3.4713312e-06 0.0004583086 0.00017488957 0.0002915114 0.00017530251 0.00025816137 0.00034208197 0.00014118433 3.1512322e-06 0.0006009938 3.34292e-05 0.00029785745 1.664949e-05 2.1457807e-05 0.00021128045 0.0023640015 0.00059553626 0.00051791815 0.000560679 0.00044283454 0.0008466251 0.00083418685 0.00092730136 1.5782833e-06 8.9957895e-05 4.436499e-05 4.1606407e-05 1.0150872e-06 2.9474797e-06 1.2289221e-06
0.005982176 0.18480392 0.03737412 0.5883508 0.0470975 0.056460813 0.8989137 0.15993568 0.6148482 0.005355384 7.264507e-25 0.9565402 0.00256424 0.6702414 0.2602879 0.27327028 0.5439806 0.000351806 0.5403198 0.21478745 0.142058 0.14040412 0.2585585 0.031297036 0.0020431927 0.010972869 0.19483218 0.0026171166 0.04570338 0.0018742919 0.06854605 0.19814728 0.14795044 0.21728288 0.116831176 0.18998359 0.253267 0.01860707 0.18322422 0.00019684453 0.021935709 0.0011626888 0.032608345 0.097749166 0.0733657 0.0077936505 0.093072005 0.054197583 2.442488e-05 0.062644735 2.2701415e-06 0.00061640504 0.008449195 0.007672968 0.012843701 2.2484187e-06 2.309365e-05 0.024924748 0.008339805 0.010572076 0.0040443917 0.0006007632 3.0060123e-06 0.009629061 0.08992509 0.0044759563 0.0022631292 0.0067697777 0.0010388041 0.0036119516 0.0024103562 0.0008517189 0.0105638765 0.0151802525 0.0022595224 0.00399464 0.0031430689 5.7781574e-05 2.0972775e-05 0.0007891244 0.0033247499 5.695811e-07 0.0025718827 2.6682842e-06 0.00636452 0.0013627275 0.0014771642 1.3011566e-05 1.4154975e-05 0.0009210669 0.0069069215 0.0004122939 0.031783193 0.0032557468 3.140275e-05 0.0020366882 6.60738e-08 4.4410945e-06 0.001071972 0.0001610246 0.00013456341
0.002244416 0.117701344 0.017006071 0.3979313 0.020276034 0.032327056 0.72872 0.041008405 0.47558764 0.0015455072 0.9565402 3.2428958e-25 0.0011482107 0.43526456 0.1537164 0.21820469 0.43004647 1.7131066e-05 0.45804727 0.08776298 0.08668089 0.11256455 0.2557925 0.04066941 0.0005390699 0.002002315 0.19798669 0.00038676188 0.029598929 0.00015019825 0.032065466 0.16231756 0.13677841 0.13832018 0.11038604 0.15744331 0.13920605 0.012496442 0.20215695 8.063077e-06 0.035801876 2.6982798e-06 0.07416863 0.07198286 0.086881794 0.016903598 0.03631137 0.07626205 3.3751073e-07 0.048243973 5.7207636e-08 2.4390241e-05 0.02101167 0.013030814 0.0067971754 3.283053e-08 1.983623e-06 0.02416048 0.0033484707 0.014537472 0.003923935 0.00014490672 4.0514112e-07 0.01574782 0.007441326 0.013328405 0.0024673655 0.0038691866 5.636733e-05 0.0007457491 0.0029026705 0.0002444512 0.0011365023 0.008740027 0.0030598477 0.003479966 0.004382133 1.0814422e-06 9.330415e-07 0.00015514498 0.0038716658 3.4029007e-08 0.0013406348 3.078466e-08 0.005323439 0.00085272756 1.8654478e-05 2.4456403e-06 3.4169344e-07 0.00032480466 0.0016244833 7.544934e-05 0.0063416273 0.0020066656 1.485249e-07 0.0015582507 8.6409155e-09 3.7224368e-08 0.00018181963 2.4472538e-05 0.00012520328
0.002361906 0.42147726 0.6695218 0.06118986 0.24954617 0.50673723 0.041071985 0.13469855 0.003413097 0.7370458 0.00256424 0.0011482107 6.2686382e-24 0.00539662 0.12720361 0.014942332 0.00051576 0.92376876 0.00054541935 0.00050903467 0.014506014 0.0029663343 0.00089245546 0.0010624483 0.30670884 0.18870926 0.0003360491 0.101543754 0.00043644515 0.15592653 0.010435862 0.000118400785 3.0363268e-05 2.3098957e-05 3.1392865e-05 0.00032211322 2.7331891e-06 0.0071261 8.932877e-05 0.047210123 0.00023560958 0.16862479 0.0002193109 9.147854e-05 1.3624928e-05 0.00030396745 0.007065788 3.3588838e-06 0.14743304 7.360142e-06 0.04584059 0.020692203 7.4007236e-05 4.849691e-05 2.5331934e-07 0.031171147 0.0154666705 5.1617648e-05 1.1412992e-05 2.507544e-06 3.1789463e-05 7.562676e-07 0.012248207 5.1392733e-05 0.0006138748 1.0000995e-05 3.230575e-05 5.8969135e-06 0.004599109 4.575079e-06 3.7551656e-06 1.1464262e-05 6.8101195e-05 9.544869e-05 5.4236425e-05 7.415361e-05 0.0001311131 0.0005239952 0.0003384579 1.4137794e-06 0.00040169133 0.0008518968 0.00029106112 1.6963728e-05 1.3855998e-05 4.457849e-05 0.00064145966 0.0032161856 0.0007193496 0.00010212997 0.0003366897 0.0006774654 0.00025348336 0.000226166 3.63072e-07 2.101566e-05 0.0003348199 9.079661e-05 1.969833e-06 7.857806e-07 1.0387648e-06
9.145028e-05 0.16826968 0.047382135 0.24908502 0.044357542 0.05346043 0.5708819 0.15720966 0.19448096 0.013529017 0.6702414 0.43526456 0.00539662 2.0480658e-23 0.07181337 0.04779441 0.30198267 0.00037093213 0.3460723 0.80560803 0.03793717 0.02303673 0.048960947 0.002388501 0.009449497 0.02074707 0.039687313 0.00057209464 0.010403666 0.0008499245 0.013758237 0.04113543 0.0364327 0.111080855 0.032649603 0.023794902 0.21174152 0.0074218493 0.03794267 0.0001924881 0.0002337065 0.0016469588 0.0049942313 0.018048 0.008455213 0.00026181378 0.014336952 0.024212845 2.0921572e-05 0.15519138 1.2797251e-05 0.00053128315 0.0003228464 0.00078398385 0.026615769 2.4317185e-06 8.160749e-05 0.00450168 0.03702756 0.0072590653 0.00062912534 0.0009452508 4.4674866e-06 0.010508983 0.003427277 0.00024620612 0.0004846175 0.006041729 0.0017710342 0.0072308793 0.0011087616 0.0076850434 0.0020530086 0.007865124 0.00022729837 0.00087987445 0.0005215948 0.00012684912 0.000260238 0.0022982096 0.00081448845 4.158849e-06 0.0013399158 5.5942837e-06 0.0013589981 0.00032773602 0.002730385 5.1010084e-06 3.0537973e-05 0.0004397692 0.003188255 0.0017512591 0.007826571 0.0034793473 9.2513445e-05 0.00023721282 1.0067559e-07 2.7158196e-06 0.0014028784 0.00013320247 0.0005404456
0.0961883 0.5787599 0.2300426 0.7159925 0.053688653 0.7859799 0.43035722 0.019844845 0.3305467 0.44694453 0.2602879 0.1537164 0.12720361 0.07181337 1.2373216e-20 0.57693523 0.03589431 0.043946356 0.016559154 0.0042391573 0.97218007 0.08566602 0.045863442 0.084138006 0.42175466 0.5937437 0.033994984 0.30340794 0.16088478 0.14724295 0.45083103 0.010484928 0.0030797804 0.00023086285 0.0023660236 0.01949125 3.8484406e-05 0.11492564 0.0015033445 0.023101293 0.03896295 0.000106190564 0.007821185 0.0019067831 0.0008392703 0.010683076 0.24852127 0.00017153882 0.0013838679 0.0004418352 0.0007513261 0.03693185 0.0023950418 0.0043041524 4.776591e-06 9.027183e-05 0.0041114227 0.0009915088 0.0005517002 0.00017145753 0.0008777419 1.2216242e-05 1.1588375e-05 0.00015456739 0.020189388 0.0001471345 0.011235342 2.0408354e-05 0.016934885 8.09979e-05 2.4839414e-05 3.7343114e-05 0.026489157 0.0004034249 0.003352367 0.00036912292 0.0022534982 0.0019938475 0.0015383915 3.654568e-05 0.0028632393 4.0430104e-06 0.001294283 1.959968e-05 5.158168e-05 0.0011193765 0.012423849 0.00011775947 0.0013775082 0.0034197546 0.000489878 0.008642067 0.0049230824 0.0019519026 1.013086e-06 0.0016496318 2.3753198e-06 7.6454104e-05 1.0710741e-05 8.8177745e-05 2.2124323e-05
0.11630818 0.18607491 0.03595381 0.8075245 0.016730996 0.25681445 0.3680071 0.003586534 0.7434166 0.030109733 0.27327028 0.21820469 0.014942332 0.04779441 0.57693523 1.950266e-21 0.13475111 0.00082905864 0.062623836 0.0004882978 0.7186704 0.61519545 0.3180522 0.9488012 0.01978879 0.064571485 0.18086399 0.03732907 0.7877392 0.010707678 0.3654189 0.05290689 0.040343847 0.011308112 0.027029285 0.13098127 0.0028058384 0.12040669 0.046778888 0.0032250006 0.3275207 3.5346912e-07 0.06832994 0.016844522 0.025064526 0.15908048 0.117878 0.0068420735 4.676199e-05 0.0042307866 3.0295816e-05 0.0055951006 0.039377928 0.12568308 0.0002758656 8.683208e-06 0.00031991725 0.064487666 0.00029184518 0.0070044487 0.005701432 5.4598353e-05 3.205271e-06 0.0023178943 0.09989567 0.0053243074 0.051865302 0.00020983048 0.007643065 0.0017432708 0.00026943767 0.00017159412 0.13966134 0.0019048383 0.01398399 0.002549765 0.0053947875 0.0012881667 0.00043312056 8.931616e-05 0.011829802 1.4483996e-06 0.003294918 1.2438394e-05 0.0014416872 0.028843688 0.010009164 7.406989e-06 9.342615e-05 0.018833825 0.0013342834 0.005915649 0.02683984 0.0023690683 7.734213e-05 0.008076781 2.7494934e-07 1.9845056e-05 8.034872e-05 0.00022127351 0.00011036103
0.023642141 0.030181592 0.0038728325 0.18509638 0.006153739 0.008171291 0.38314426 0.0121110715 0.39728096 0.00037908577 0.5439806 0.43004647 0.00051576 0.30198267 0.03589431 0.13475111 1.834393e-20 5.6427693e-06 0.96808326 0.044265535 0.037087977 0.12368727 0.32217503 0.028708505 0.00015287257 0.0009109454 0.26604918 0.00018758261 0.020524338 5.432059e-05 0.009979788 0.20186959 0.33293918 0.33921087 0.15945514 0.17714146 0.3174545 0.004982053 0.24665642 7.0453884e-06 0.04066747 1.2062237e-05 0.06771101 0.10100337 0.09657586 0.008653638 0.025760882 0.25180838 1.3156188e-06 0.0604252 2.4905307e-07 2.3682345e-05 0.022050459 0.0075329165 0.0249759 8.6575295e-07 6.766879e-07 0.04258774 0.0043037627 0.04941999 0.0068167998 0.0014980206 3.4700734e-06 0.014288189 0.03958899 0.003983708 0.0039521544 0.007932563 3.8557548e-05 0.003348055 0.0021198867 0.0017870177 0.014048271 0.0057209493 0.0014447006 0.0030474232 0.0027673845 2.2859147e-05 1.075217e-05 0.00074925885 0.0014970772 1.2177479e-06 0.0023044844 8.162679e-07 0.003107051 0.0014549211 7.463058e-05 2.1813921e-06 3.5032447e-06 0.00045706725 0.0025133113 0.00020885062 0.015283446 0.0019263439 8.353058e-05 0.0010087988 9.063539e-08 5.4670454e-07 0.0017473537 0.00043774527 0.00034878965
0.00057163055 0.19036652 0.48845834 0.021102654 0.19519842 0.28092045 0.005571 0.10556828 0.0004911258 0.5817766 0.000351806 1.7131066e-05 0.92376876 0.00037093213 0.043946356 0.00082905864 5.6427693e-06 2.0520785e-22 2.1105207e-06 7.0665856e-06 0.0024982314 0.00013507371 2.7548216e-05 2.688813e-05 0.22091226 0.14588009 3.0386484e-06 0.15841219 6.476416e-05 0.19812045 0.004643374 1.5379146e-06 1.7979622e-07 1.3513677e-07 2.906579e-07 1.6763248e-05 1.9651026e-08 0.0005783972 3.5079718e-06 0.088889554 9.939632e-07 0.27441993 1.15128205e-05 1.0475737e-05 1.1398464e-06 3.7149348e-05 0.002121853 4.3683855e-08 0.34063834 1.7845565e-08 0.120550536 0.028658291 1.0532109e-06 4.4919764e-07 3.3258847e-09 0.07712405 0.021819128 4.8608774e-07 2.1162305e-06 4.0723683e-07 1.1282183e-06 4.4583693e-08 0.029897584 7.2148105e-06 9.7165794e-05 1.7892951e-07 9.206945e-06 5.74228e-07 0.0074107843 8.845497e-08 5.3009018e-08 9.428072e-07 3.1044754e-06 6.226248e-05 8.016645e-06 1.9429847e-06 5.078554e-06 0.00043945186 0.00020164251 2.4833565e-07 2.8988143e-05 0.0013268589 0.00015166511 8.812933e-05 2.0348214e-06 2.3529914e-05 0.00015362626 0.01291268 0.0010576549 3.391917e-06 0.0002069611 6.526022e-05 0.00021599256 1.8010376e-05 5.8905476e-09 3.3822314e-05 0.0008357281 0.00022979443 7.126588e-08 2.3343395e-07 1.3072025e-07
0.015492579 0.01895472 0.004081202 0.124858126 0.008833595 0.008879009 0.36250058 0.009400927 0.2761837 0.00018881132 0.5403198 0.45804727 0.00054541935 0.3460723 0.016559154 0.062623836 0.96808326 2.1105207e-06 1.2537228e-20 0.06954714 0.023477202 0.06726544 0.1978331 0.015199019 4.9176462e-05 0.000440542 0.21485342 9.396594e-05 0.012535102 2.0149979e-05 0.010873194 0.14998627 0.36097658 0.4194 0.1560178 0.1518849 0.371061 0.0042188168 0.21166441 1.1967581e-05 0.031248508 3.4021803e-06 0.06406045 0.07343998 0.09503617 0.007860663 0.01397164 0.22184512 1.7536589e-06 0.098520614 1.5006535e-06 1.2583622e-05 0.026356578 0.011989985 0.039702985 1.9272009e-06 5.9702493e-06 0.061719447 0.0053835455 0.09782301 0.00895255 0.0033428706 3.1678046e-06 0.035279933 0.031524885 0.0092073325 0.0034772325 0.015342716 5.443686e-05 0.0069387243 0.008626747 0.008982417 0.027480206 0.008135844 0.0026863026 0.0060114884 0.003947572 2.7611368e-05 3.810009e-05 0.0027836408 0.0024828676 5.596976e-07 0.0032447602 1.607464e-06 0.0060856603 0.0011099672 0.0005762543 2.4578221e-06 2.4063559e-06 0.00049220596 0.0033811242 0.000135882 0.004670283 0.0041455706 0.00080481434 0.0007884586 2.48784e-08 3.926283e-07 0.0057957713 0.0018561119 0.002049647
3.0117137e-06 0.032899562 0.010323763 0.031276893 0.030636042 0.005990189 0.14719802 0.13932966 0.017539218 0.00023796303 0.21478745 0.08776298 0.00050903467 0.80560803 0.0042391573 0.0004882978 0.044265535 7.0665856e-06 0.06954714 2.80505e-23 0.00031946177 0.00035211374 0.0029685684 3.497468e-05 0.000108724365 0.0001433482 0.0009172884 1.5544865e-07 8.235304e-05 3.4909913e-06 0.000109467845 0.0014596896 0.0015111316 0.018902328 0.001943125 0.00016271416 0.05715535 1.5967498e-05 0.0022936102 6.851038e-06 3.374443e-06 0.0022007804 7.071571e-05 0.00015106893 0.00012247522 6.732631e-06 3.6296846e-05 0.00069997803 2.4331848e-06 0.07772083 7.052961e-07 5.614845e-06 9.177806e-06 1.8282967e-06 0.015967492 3.449488e-06 1.8352817e-05 0.00012542916 0.20676446 0.00018911029 4.073846e-06 0.0028726922 1.2251337e-05 0.0010149328 2.2696382e-05 2.89068e-06 1.7967763e-05 0.00026031202 3.577118e-05 0.0012627176 2.1002095e-05 0.006063594 1.9925274e-05 0.000464911 1.7889932e-05 7.149253e-05 2.4677369e-05 9.459013e-06 1.4316764e-05 0.0012351514 3.1477044e-05 1.4898141e-07 0.00010164336 1.07105464e-07 4.059003e-05 2.5178515e-05 2.6590238e-05 1.913327e-06 2.9878347e-06 3.2166576e-05 0.00044712337 3.8312075e-05 0.00013843959 0.00079955254 3.3666702e-06 2.146321e-05 1.4728779e-08 1.2571961e-07 0.00031579414 2.9421426e-05 6.047672e-05
0.44095254 0.17065246 0.043757252 0.50758976 0.012735951 0.26232022 0.23283428 0.0064679165 0.33451313 0.086668134 0.142058 0.08668089 0.014506014 0.03793717 0.97218007 0.7186704 0.037087977 0.0024982314 0.023477202 0.00031946177 4.7462522e-20 0.10016166 0.05989105 0.21155424 0.13843523 0.2636127 0.032053042 0.10576614 0.929623 0.040638026 0.80529433 0.011395813 0.004171203 0.00062897865 0.0025218553 0.022996923 0.00011581189 0.31502637 0.0021360905 0.005896658 0.12223732 2.3264987e-05 0.012201572 0.0048080212 0.0026230337 0.07944313 0.4471968 0.0002765811 0.0003549377 0.0020889298 0.00016670981 0.015487888 0.0055456087 0.013313372 0.00017505595 2.099661e-05 0.0010034429 0.00204651 0.00073268765 0.0003284798 0.0029058894 0.00014643793 8.011798e-06 0.00046522124 0.16196816 0.0007901237 0.06471077 6.045913e-05 0.018886626 0.0004257687 2.7932554e-05 4.2408286e-05 0.12117132 0.00047998503 0.017232217 0.0005399436 0.008025916 0.0017744871 0.0012261034 3.4412096e-05 0.011300959 1.9986792e-06 0.004671031 2.683702e-05 0.0001253653 0.0075179557 0.007958949 8.000358e-05 0.00029366527 0.009965678 0.001075215 0.0067026084 0.018102048 0.0026622296 6.758634e-06 0.005829708 2.6036237e-06 5.4789565e-05 8.4214325e-06 1.2739909e-05 1.849773e-05
0.14756623 0.057708364 0.009310772 0.23764731 0.0056018326 0.039996564 0.1388582 0.0006873626 0.529016 0.0042044735 0.14040412 0.11256455 0.0029663343 0.02303673 0.08566602 0.61519545 0.12368727 0.00013507371 0.06726544 0.00035211374 0.10016166 4.375372e-20 0.960278 0.9695808 0.0026882708 0.0068730107 0.33947062 0.0042793294 0.18684477 0.00083895295 0.063259624 0.07954346 0.03169887 0.021561328 0.03658473 0.19006175 0.0049095373 0.02122493 0.06295596 0.00038688365 0.22409236 2.1051945e-07 0.08910166 0.045189917 0.05593933 0.17813458 0.024613911 0.01602017 1.5044173e-05 0.002143396 1.2362082e-05 0.00017967787 0.056263067 0.12583074 0.00024546153 8.670507e-06 2.1464928e-05 0.039661143 4.9951355e-05 0.027155098 0.010614816 2.982689e-05 1.7661916e-06 0.0067237965 0.0699559 0.014839615 0.0885433 0.0008471662 0.0004802124 0.001672892 0.001180646 6.7855886e-05 0.04412044 0.008497324 0.026111433 0.009178682 0.01815587 0.00014367022 4.86994e-05 1.5173188e-05 0.017722609 5.2223386e-06 0.017567517 1.2108351e-05 0.008702758 0.012222221 0.0009604504 2.054441e-06 1.2745293e-05 0.026337972 0.010358591 0.0008320849 0.0042673233 0.009038533 6.8630443e-06 0.003321926 7.399476e-08 4.6693917e-06 6.7975445e-05 8.035363e-05 7.4885174e-05
0.43353352 0.049970824 0.0067537534 0.25562868 0.0070632948 0.020054689 0.2596747 0.0021716782 0.63755274 0.0015691988 0.2585585 0.2557925 0.00089245546 0.048960947 0.045863442 0.3180522 0.32217503 2.7548216e-05 0.1978331 0.0029685684 0.05989105 0.960278 9.391137e-20 0.5504349 0.0007132368 0.0027085554 0.8778394 0.0020663806 0.10191382 0.0003812877 0.03744465 0.32214165 0.13048856 0.07386345 0.1167124 0.46957302 0.016495971 0.0153302755 0.22679962 0.00011821495 0.19583271 2.4543237e-07 0.17192616 0.16958334 0.17287838 0.1335177 0.019883618 0.057089705 1.7543765e-06 0.0051292432 1.8414189e-06 3.830422e-05 0.074636124 0.077722706 0.0009635105 8.403455e-06 3.347809e-06 0.087422 0.00010332036 0.06599526 0.021649586 9.228813e-05 5.542079e-06 0.01823991 0.0971207 0.017774276 0.07859994 0.0020749322 0.00011494143 0.0014130629 0.0049301917 0.00019051552 0.023386259 0.021204408 0.03627805 0.015905924 0.03657504 4.619754e-05 2.0487976e-05 0.00023687373 0.01542733 4.4838043e-06 0.054041456 1.0552906e-05 0.012060276 0.004241533 0.0002578708 6.026108e-06 1.36195895e-05 0.03857895 0.01866476 0.00021345276 0.0027595693 0.02160754 9.9940014e-05 0.0009578238 2.7159066e-07 5.366319e-06 0.00020898152 8.580192e-05 0.00042102675
0.2259348 0.018931683 0.004367193 0.15776381 0.0007756428 0.018810665 0.061527465 8.3029736e-05 0.30812755 0.001392688 0.031297036 0.04066941 0.0010624483 0.002388501 0.084138006 0.9488012 0.028708505 2.688813e-05 0.015199019 3.497468e-05 0.21155424 0.9695808 0.5504349 2.4501985e-20 0.0020182596 0.0071919565 0.16250357 0.0025266265 0.48866343 0.00031314304 0.13537908 0.07241568 0.007852173 0.0034960273 0.015841767 0.25860178 0.00028632954 0.03756774 0.040380232 0.00020502762 0.5999707 1.10889e-07 0.11925983 0.06798265 0.04751927 0.53529954 0.044081036 0.00612909 7.85411e-06 0.00052654266 4.0275254e-06 0.00011811557 0.03986373 0.30414224 3.8331553e-05 4.4374324e-06 4.88526e-06 0.018091789 2.7074631e-05 0.006334423 0.013905316 6.4255105e-06 1.864387e-06 0.0032626921 0.22999702 0.009762454 0.2451239 0.00037041694 0.0005657842 0.0008202122 0.00030322684 1.0680548e-05 0.0943281 0.0096733 0.06322948 0.004115385 0.045889564 0.000105334046 0.00010222264 6.528116e-06 0.049928453 2.7892129e-06 0.03761092 1.2835641e-05 0.0074561937 0.030859282 0.0011790827 2.8412837e-06 1.4624513e-05 0.07909732 0.018773882 0.0008394936 0.014275319 0.021177446 8.342703e-06 0.011976391 1.4127868e-07 9.299363e-06 1.8766965e-05 1.6925058e-05 1.2424606e-05
0.13385043 0.110657685 0.1663577 0.05243191 0.021208575 0.41821095 0.020230673 0.009237337 0.004888441 0.6068057 0.0020431927 0.0005390699 0.30670884 0.009449497 0.42175466 0.01978879 0.00015287257 0.22091226 4.9176462e-05 0.000108724365 0.13843523 0.0026882708 0.0007132368 0.0020182596 1.5982336e-22 0.9401899 6.56185e-05 0.760262 0.0064186114 0.9155325 0.23889805 4.3757806e-05 7.657849e-06 1.3287823e-05 1.4655787e-05 0.0009041646 1.8700638e-06 0.030999826 1.5946407e-05 0.41578507 0.0012265918 0.005541387 0.0003263615 7.5649994e-05 1.6440665e-05 0.0036381718 0.317971 5.401493e-07 0.0133732045 9.527857e-06 0.04324137 0.4735233 0.0003337166 0.0012729617 4.7249574e-07 0.0009832587 0.10886808 0.00013881955 0.00010334449 1.3764962e-05 0.00017044412 9.578247e-06 0.00043802863 2.0667441e-05 0.009484117 8.409868e-06 0.0021696908 1.8840426e-06 0.09599862 3.7708983e-06 3.1897756e-07 1.5898369e-06 0.0012934871 6.0154085e-05 0.00066410966 5.1977317e-05 0.00054670253 0.0034921153 0.00068452815 1.3027949e-06 0.0013865733 0.00017842063 0.0008771851 7.670337e-05 4.1919434e-06 0.0002946505 0.0019392929 0.0006158753 0.0008858313 0.0005913125 0.0002528761 0.0011031 0.0023392027 0.00070249854 1.400338e-06 0.00022111382 0.0001679366 7.284727e-05 1.3966622e-06 3.7413156e-07 1.2183466e-07
0.17951708 0.16170217 0.15552029 0.105198435 0.020334005 0.4839004 0.042642348 0.008068783 0.016528223 0.54385954 0.010972869 0.002002315 0.18870926 0.02074707 0.5937437 0.064571485 0.0009109454 0.14588009 0.000440542 0.0001433482 0.2636127 0.0068730107 0.0027085554 0.0071919565 0.9401899 4.8148488e-23 0.0008337251 0.8405159 0.020857874 0.8807607 0.42797676 0.00017573657 6.4228116e-05 7.3449024e-05 9.888133e-05 0.0034515413 4.0634957e-05 0.08322306 5.9564896e-05 0.37127194 0.010819035 0.0032549025 0.001807113 0.0005347124 0.00016407121 0.0153679615 0.52766687 8.221606e-06 0.008277059 2.2134558e-05 0.042001262 0.5508683 0.00068567117 0.0034380686 3.0182827e-07 0.00047844218 0.13039339 0.00036457402 0.00094159786 3.532154e-05 0.0004030649 2.4640145e-05 0.00015371288 0.0001853166 0.0140472455 3.6165653e-05 0.00399033 8.835464e-06 0.09972783 8.464575e-06 3.3804595e-06 1.1934858e-05 0.017492054 0.00042728553 0.0016154842 0.00030233603 0.0008635201 0.002822556 0.00044160936 4.7901904e-06 0.0024172943 4.7910562e-05 0.0009103578 4.5905614e-05 1.8281355e-05 0.0012915414 0.004504349 0.0012515334 0.0007530004 0.0012391817 0.0003205198 0.002633399 0.007980217 0.00084317324 7.2710435e-08 0.0021144324 9.303182e-05 9.183851e-05 4.184079e-06 7.318248e-07 1.8243281e-07
0.23807964 0.022219544 0.0038339072 0.14567338 0.0032232308 0.009502566 0.14989671 0.0010263271 0.31398022 0.00014269594 0.19483218 0.19798669 0.0003360491 0.039687313 0.033994984 0.18086399 0.26604918 3.0386484e-06 0.21485342 0.0009172884 0.032053042 0.33947062 0.8778394 0.16250357 6.56185e-05 0.0008337251 3.3786754e-22 0.00016666036 0.053890765 2.516111e-05 0.022892442 0.9571197 0.4451573 0.08183529 0.25893274 0.6903918 0.03971539 0.008888765 0.6603868 6.5446166e-06 0.3172479 2.1852055e-07 0.32547405 0.24640936 0.48907024 0.07900976 0.0078058904 0.13805941 1.2885234e-06 0.0012130785 1.796281e-07 5.259359e-06 0.12202245 0.084364645 0.00047024095 1.8359341e-06 1.4832002e-06 0.2312198 0.00011858736 0.1809406 0.03495088 2.7837032e-05 2.4783349e-06 0.039529346 0.030859517 0.060630348 0.031811107 0.009332596 1.1957564e-05 0.0011121463 0.012943065 0.0001284612 0.007312365 0.046825785 0.025848929 0.025275165 0.027842935 6.6672415e-06 5.517328e-07 0.0001245945 0.015218186 9.222539e-07 0.040201314 9.078158e-08 0.033694055 0.0064912965 3.6636757e-05 4.503183e-06 4.113409e-06 0.031389046 0.038524207 1.0720808e-05 0.0019383461 0.01931549 3.754129e-05 0.0010189585 8.321708e-08 1.4960993e-06 0.00030832321 7.4040974e-05 0.00066035066
0.006878734 0.10970753 0.08830797 0.09417416 0.015684316 0.20293564 0.03069037 0.00027424714 0.007195534 0.24634373 0.0026171166 0.00038676188 0.101543754 0.00057209464 0.30340794 0.03732907 0.00018758261 0.15841219 9.396594e-05 1.5544865e-07 0.10576614 0.0042793294 0.0020663806 0.0025266265 0.760262 0.8405159 0.00016666036 4.407549e-29 0.0077382005 0.881155 0.19580023 2.119055e-05 1.8270835e-06 7.700692e-06 1.0547448e-06 0.0010439529 4.374996e-07 0.04810726 2.2631648e-05 0.40843067 0.001173431 5.7069115e-06 0.000140895 8.276758e-05 8.3018695e-06 0.0011766809 0.17366615 1.201995e-06 0.002652368 4.6410298e-07 0.03397585 0.36631885 2.2503033e-05 0.00031566017 7.942792e-09 0.00013551213 0.107190765 1.3899877e-06 6.9474834e-07 2.5338602e-07 3.315131e-05 1.2348673e-07 2.6841437e-06 5.247896e-06 0.0011930302 1.2747207e-06 0.0008176438 2.8280213e-06 0.06698956 2.3731301e-08 7.87562e-08 1.0951075e-06 0.00053607905 0.00010118715 0.00044263352 3.6696397e-06 0.00019175668 0.0030300426 0.0016468322 6.9738334e-08 0.0016933664 1.9665249e-05 0.000256923 1.5765903e-05 3.55919e-06 0.00074926316 0.0045848154 4.4036075e-05 0.0009539695 0.00012854108 0.00013842215 0.0022729894 0.0017336004 0.000120486424 3.6020747e-10 0.00027082805 1.7763012e-06 3.408271e-05 5.7569474e-09 3.0025094e-09 1.9596568e-08
0.8050808 0.009819936 0.0032560872 0.12794271 0.0020327684 0.016563434 0.070306405 0.0007934196 0.18507853 0.0022824951 0.04570338 0.029598929 0.00043644515 0.010403666 0.16088478 0.7877392 0.020524338 6.476416e-05 0.012535102 8.235304e-05 0.929623 0.18684477 0.10191382 0.48866343 0.0064186114 0.020857874 0.053890765 0.0077382005 6.0274644e-21 0.0024545745 0.90075195 0.015332901 0.0044822786 0.0011837317 0.0030441715 0.04844141 0.00045176508 0.65493673 0.0014300607 0.0012782079 0.37623647 1.1389695e-06 0.025965579 0.007261489 0.0031353014 0.4580603 0.7656498 0.000120846846 1.40768025e-05 0.00066357624 2.1511838e-05 0.0014492738 0.021841738 0.15837067 2.128538e-05 1.1919446e-05 4.254095e-05 0.0012812975 0.0005273334 0.0002722604 0.006306325 8.679387e-05 4.520178e-06 0.0001532236 0.56789595 0.0024685634 0.3154397 1.9346026e-05 0.001269596 0.00024533167 1.750324e-06 3.3395296e-05 0.40360385 0.0003730433 0.08565107 0.0008113641 0.02693108 0.00028515124 0.00015451653 3.6177036e-05 0.13658309 1.4398898e-06 0.017561806 3.4072833e-05 0.00019279326 0.064348646 0.002671551 8.519069e-06 4.3863765e-05 0.14696003 0.00096332806 0.0027040234 0.038017847 0.0056728325 2.5801564e-06 0.02888442 7.3227096e-07 3.92768e-05 9.943876e-06 9.501107e-06 2.5532067e-06
0.03781434 0.054715842 0.068012625 0.02800809 0.010812407 0.22135755 0.00902308 0.0011203127 0.0025631473 0.33436614 0.0018742919 0.00015019825 0.15592653 0.0008499245 0.14724295 0.010707678 5.432059e-05 0.19812045 2.0149979e-05 3.4909913e-06 0.040638026 0.00083895295 0.0003812877 0.00031314304 0.9155325 0.8807607 2.516111e-05 0.881155 0.0024545745 1.5261668e-24 0.11336821 4.47659e-05 3.244152e-06 7.357665e-06 1.0768384e-05 0.0004885374 1.7444631e-06 0.016256938 3.0257905e-05 0.8412206 0.0008714912 0.0019045187 0.00015947038 5.0705712e-05 1.7327566e-05 0.0013893265 0.11642618 3.0990103e-07 0.022970712 6.1272026e-06 0.24366142 0.66234297 5.843449e-05 0.00037267848 9.597631e-08 0.004342468 0.35882774 6.320233e-05 1.8811386e-05 1.2907193e-05 1.614894e-05 1.2066236e-06 0.00017664813 1.861728e-05 0.005062193 3.8013637e-05 0.00028204583 6.8186455e-07 0.122634605 2.8166156e-05 1.2888054e-07 2.7012716e-06 0.0012469393 5.3170203e-05 0.00017508649 5.187743e-05 0.00012585513 0.013420302 0.0057182987 6.301298e-07 0.00034131066 0.00044695195 0.00012752326 0.00028987136 8.079874e-06 0.0004900902 0.009928076 0.0009901006 0.002076607 0.00025302713 0.0004855212 0.0041307905 0.0023110495 0.00036436564 6.3067423e-06 0.0005334686 0.00013654919 0.00019297647 1.15838894e-07 7.7396166e-08 1.8689297e-08
0.21723567 0.12084611 0.02678045 0.2757231 0.015551213 0.17774959 0.10909075 0.0039544576 0.16035688 0.04838237 0.06854605 0.032065466 0.010435862 0.013758237 0.45083103 0.3654189 0.009979788 0.004643374 0.010873194 0.000109467845 0.80529433 0.063259624 0.03744465 0.13537908 0.23889805 0.42797676 0.022892442 0.19580023 0.90075195 0.11336821 6.843622e-22 0.005134446 0.002112053 0.00033836399 0.0015309462 0.032092247 0.00014147924 0.83714694 0.0015525576 0.034149285 0.1703752 1.0621497e-06 0.018663788 0.0039637177 0.0027609582 0.12893616 0.86791 0.00019277302 0.0001182807 7.8969846e-05 0.00036413272 0.047550853 0.023220869 0.07156873 3.17299e-06 2.5588975e-05 0.002970018 0.0013575455 0.00030439653 8.0362595e-05 0.0021726133 5.0996925e-05 3.5738321e-06 0.00042211343 0.48276076 0.002712146 0.11225629 8.3684696e-05 0.019525 2.3675864e-05 6.435319e-05 0.00010855268 0.6069282 0.0010679669 0.030867148 0.001869621 0.008299214 0.0012932786 0.00077892037 4.7811056e-05 0.050320514 6.3045654e-06 0.0037065693 7.359689e-05 0.0003750443 0.025379032 0.016554557 3.4609173e-05 0.00030830115 0.028542649 0.0010957062 0.011424671 0.044087153 0.0034886056 9.619542e-06 0.01886312 1.6702552e-06 4.77961e-05 8.136033e-06 1.1103703e-05 4.113679e-06
