7.573986e-22 0.9645188 0.97529346 0.8895453 0.8222125 0.79108745 0.9645634 0.7857919 0.9097251 0.92106795 0.9100122 0.9583039 0.8923888 0.9961297 0.8387401 0.23752698 0.11432099 0.98515785 0.9769041 0.65373623 0.9985684 0.019931752 0.42931643 0.99215424 0.9678841 0.91724515 0.5050175 0.4373247 0.035766635 0.97422606 0.39624548 0.36703464 0.63954955 0.74758565 0.9054753 0.23397909 0.30132824 0.8615607 0.9945166 0.9784867 0.95419097 0.9639645 0.6343803 0.93485034 0.89427143 0.64094466 0.38446546 0.13903321 0.08537203 0.9468932 0.41221336 0.05165277 0.44075185 0.8852592 0.9862316 0.1840686 0.0976971 0.21281564 0.96048033 0.93536866 0.99389833 0.8933817 0.86833143 0.97893107 0.9440425 0.987296 0.91045547 0.11766224 0.9277577 0.0075226254 0.7432709 0.016169708 0.97462034 0.021349639 0.959528 0.003005316 0.0006360794 0.99892986 0.0032776557 0.0038384234 0.8654195 0.025966845 0.9076679 0.8943932 0.0014695199 0.00048244235 0.21725434 0.00026677933 0.012304174 0.05023872 0.034289923 4.8552116e-05 0.9993821 0.9992008 0.017815657 0.00021290485 0.02301804 0.70897883 0.0005225963 0.9999014 0.5979776
0.9645188 8.3797314e-16 0.87160593 0.9663364 0.33862185 0.36723134 0.053242996 0.42262974 0.79297537 0.009167799 0.15063405 0.78297883 0.00015522695 0.3384557 0.5817604 0.009080117 0.27636725 0.55310184 0.0032973366 0.22075292 0.028754545 0.0005036467 0.00013136881 0.3450327 0.010544044 0.00059042353 0.00055051927 0.1314967 0.00039831284 0.0026691877 0.14642717 0.046027336 0.0002684584 3.688145e-05 0.0048654443 0.013504177 0.00024100444 0.06668636 0.00036999595 2.2631702e-06 1.9034118e-06 7.582515e-05 3.0759966e-05 1.0414594e-07 1.291178e-06 4.0315615e-07 0.007268864 0.009042582 0.0021504753 0.01843144 1.404918e-06 0.0020259782 3.292832e-07 6.8082545e-07 0.0015293361 4.5788237e-08 2.4534577e-07 1.5796002e-05 0.000105363484 6.939111e-06 3.0390178e-05 0.025276104 1.4178233e-06 0.06532578 1.6887868e-06 0.008701251 5.905691e-07 3.5020786e-08 1.5288276e-08 1.7347843e-06 1.762293e-08 4.362649e-06 0.0023319044 2.928147e-07 0.0009988628 1.4219681e-06 7.232954e-07 0.0010631101 1.117051e-05 0.00018153324 1.083012e-06 0.00013983296 3.8166473e-08 1.1854749e-05 3.3042237e-08 2.1294717e-07 3.4167535e-08 2.4550156e-06 1.4674946e-07 1.577112e-07 7.303405e-07 1.0071631e-07 0.038745716 4.035651e-05 2.8432774e-07 2.8645036e-07 8.584964e-07 7.8837775e-07 8.491475e-06 0.002981128 3.5858443e-07
0.97529346 0.87160593 5.030426e-16 0.533869 0.02958998 0.019800061 0.007451441 0.7167058 0.18372467 0.0006684794 0.96658874 0.60205764 5.32e-06 0.69601816 0.84389263 0.4276547 0.4902664 0.49275377 0.000222219 0.045465488 0.00554393 0.0059946487 0.0034847117 0.21034548 0.21589811 6.2464096e-05 0.01634739 0.07145414 0.0029584365 0.038382407 0.36154178 0.6179635 0.00012735117 1.0946675e-05 0.0010130819 0.33860853 8.192924e-05 0.019550897 5.274335e-05 7.399205e-07 5.931949e-07 7.428969e-06 2.2268507e-06 2.4053714e-08 1.0505375e-06 6.48471e-07 0.1116638 0.0033749 0.00040529904 0.016833393 1.066127e-06 0.00064899906 1.6786123e-07 7.0410863e-07 9.158661e-05 1.6182323e-08 1.89261e-07 3.0405758e-06 2.9526187e-05 2.293723e-06 4.1721055e-06 0.015011819 1.6631557e-07 0.23178329 1.210608e-06 0.009032533 9.852693e-07 5.780949e-08 2.877435e-09 1.0248131e-06 2.143604e-09 1.6028197e-06 0.0009102867 1.4288426e-06 0.00067586923 3.674677e-07 1.6296767e-07 0.00026533534 1.4054253e-05 0.0006741225 2.3265609e-07 0.0018095057 2.2924214e-08 3.4178097e-06 1.6728018e-07 2.0268563e-07 1.8107864e-08 1.1642293e-06 1.5590086e-07 5.780607e-08 1.7132584e-07 6.238845e-08 0.06562314 2.2090167e-05 4.6682268e-07 1.06015456e-07 6.9178566e-07 7.4175676e-07 1.9639458e-05 0.0062708245 4.5815167e-07
0.8895453 0.9663364 0.533869 4.8638606e-16 0.7573268 0.8445408 0.43364596 0.0150584495 0.046940368 0.019634321 0.048987944 0.19231902 0.0020760861 0.022230586 0.8295671 0.0009095643 0.7461205 0.24466677 0.0037942706 0.8310927 0.01811183 0.00025260687 7.3924486e-05 0.017937675 0.0020157208 0.003007469 0.0001609541 0.4918106 0.00015701448 0.00042349708 0.49568942 0.075571254 0.002136821 0.00038170486 0.05591591 0.010635461 0.006996261 0.46155247 0.0004757938 7.672839e-05 1.0458378e-05 7.128843e-05 0.00031756845 2.745834e-06 1.3194158e-06 5.5404885e-06 0.0075967056 0.08822297 0.023906847 0.004348981 1.8062109e-06 0.017795222 1.661385e-07 5.8212804e-06 8.156493e-05 1.4823982e-08 4.011364e-06 0.00016236011 3.6528643e-05 4.8084894e-06 1.3868808e-05 0.0017107174 2.6772436e-06 0.012825163 2.3506375e-06 0.0019694471 4.375278e-06 2.3490372e-08 5.819648e-08 4.137629e-06 4.4898588e-08 0.00012690078 0.00037326518 3.3497076e-07 0.00038268967 2.6788462e-07 4.1605235e-06 0.00016849535 0.0014007414 0.0007688547 9.990446e-09 0.00020155523 5.5617225e-08 3.849356e-06 1.8888082e-08 4.397572e-07 3.82897e-08 1.2475079e-05 1.625199e-07 9.986564e-08 1.0552619e-06 6.163711e-09 0.008139061 6.6122716e-06 1.2559379e-07 4.120032e-08 1.05109216e-07 4.3667134e-07 9.075167e-05 0.0013816595 3.8557985e-07
0.8222125 0.33862185 0.02958998 0.7573268 1.3954435e-18 0.98308104 0.8723426 0.0027658753 0.6818588 0.738298 0.0020858617 0.27764797 0.19794458 0.008615221 0.030122494 0.00040136237 0.013696146 0.26942694 0.22492403 0.3124011 0.1575435 7.6339726e-05 5.0840612e-05 0.063802086 0.00051641604 0.30111334 8.825674e-05 0.1142154 2.0312162e-05 0.0001361091 0.011434415 0.0014560801 0.028310176 0.008315336 0.13554096 0.00042612146 0.030460004 0.24640131 0.013529399 0.0007526051 0.0002294248 0.0024051757 0.0025762091 7.64138e-05 0.00020486343 0.00045146167 0.00036997 0.02437847 0.020953933 0.021479202 0.00035419906 0.010004372 0.0001786987 5.98886e-05 0.005506852 2.339509e-06 0.00010520645 0.001007844 0.00093432475 0.0001476391 0.00055116456 0.009527717 0.00013287336 0.014430759 8.039517e-05 0.003029836 9.298663e-06 6.4761315e-07 4.2227924e-07 3.4012508e-05 1.751719e-07 0.0004731375 0.0014610578 2.546517e-06 0.0019030806 2.2805941e-06 3.0835463e-06 0.0015586929 0.00035440174 0.0002595661 1.9531928e-05 1.0597639e-06 6.3054404e-07 7.125179e-05 3.1524255e-08 5.6368725e-07 8.214579e-07 1.9970741e-05 8.6147054e-08 1.944186e-06 5.263268e-06 4.8857487e-08 0.013303282 0.00028754532 2.1166574e-07 4.4099534e-07 2.7425733e-06 1.628121e-06 4.282499e-05 0.001790772 1.3075909e-06
0.79108745 0.36723134 0.019800061 0.8445408 0.98308104 1.2845532e-17 0.96042323 0.0013324218 0.30639294 0.53400344 0.0015232583 0.16762096 0.0647102 0.0063032345 0.040355995 0.0003266726 0.018182172 0.18821032 0.08077941 0.47536013 0.0734266 4.6089415e-05 5.4500546e-05 0.025829006 0.00048521638 0.11550555 6.285178e-05 0.13797103 6.6210487e-06 0.0002819509 0.017116087 0.001652819 0.027154757 0.0057613207 0.17888959 0.00015773851 0.036531344 0.35117027 0.003275165 0.0002169312 6.419395e-05 0.00096071465 0.0031567942 1.7998067e-05 8.028323e-05 0.00035609165 0.0001840557 0.059976354 0.028143566 0.009383757 5.5437686e-05 0.017330302 1.6708664e-05 5.5582227e-06 0.0014560656 5.195208e-07 0.00013456841 0.001176341 0.00018145342 2.787058e-05 4.534121e-05 0.003936234 2.029636e-05 0.0100966515 1.7246799e-05 0.002173973 1.6333029e-06 2.6826655e-07 7.1718326e-08 0.00013030857 2.7754282e-08 0.0014852738 0.00072382437 4.5365735e-07 0.0006936812 2.4306128e-06 5.7793563e-06 0.0009330581 0.0041928575 0.00029819625 3.5809643e-07 6.623051e-06 1.0495936e-07 4.378555e-06 1.0228865e-08 4.6914346e-07 2.7733119e-08 3.3598433e-05 3.0805804e-08 1.6715371e-07 1.6957497e-07 6.289045e-09 0.010106637 4.2829484e-05 3.1120045e-08 2.3390315e-08 8.718598e-08 6.6150335e-08 3.7683763e-05 0.002221525 4.518656e-08
0.9645634 0.053242996 0.007451441 0.43364596 0.8723426 0.96042323 1.3481801e-15 0.00013477968 0.06319382 0.6688604 0.0009811723 0.11362749 0.24885814 0.0056966296 0.015497485 3.306716e-05 0.006209579 0.25592485 0.27233016 0.52144086 0.20747663 1.8524997e-06 4.0717703e-05 0.005103449 0.0005016028 0.54126257 2.8004595e-05 0.35814044 4.053123e-07 0.00014689755 0.017673057 0.00040509328 0.22339775 0.10777151 0.70058256 0.00012443715 0.39139357 0.8485306 0.01754873 0.008270833 0.002489731 0.0022575797 0.23467796 0.0005983999 0.00024914206 0.012762656 0.0002674781 0.39333624 0.4651814 0.007615946 0.0011754825 0.5039824 0.00022749747 4.883315e-05 0.00245549 1.4812093e-05 0.0061970344 0.13425578 0.0002972723 0.0001833932 0.0004669334 0.0027179641 3.493521e-05 0.009186847 8.42351e-05 0.002360396 0.00016290949 1.6464232e-05 7.258901e-07 0.001481954 3.1402476e-07 0.06220199 0.0004668568 5.076881e-05 0.00056451606 0.00015705237 0.00075142964 0.0004912605 0.13219984 0.00018617502 6.698693e-06 5.7570913e-05 1.6976084e-06 2.5066029e-05 2.7884138e-07 1.6972142e-05 6.114999e-07 0.00076505897 2.7976848e-06 1.2966074e-06 1.3663157e-05 5.003422e-07 0.012965519 0.000367741 5.8925907e-06 3.6725805e-06 2.771083e-06 8.3524117e-07 0.0031054735 0.0019577125 1.7192203e-06
0.7857919 0.42262974 0.7167058 0.0150584495 0.0027658753 0.0013324218 0.00013477968 3.636214e-15 0.28776935 0.000117850126 0.60781795 0.51301205 8.256291e-07 0.9651346 0.024217354 0.9857536 0.006191065 0.23332392 1.8806795e-05 0.00029807482 0.0017861727 0.15237707 0.14756177 0.63337934 0.6060288 7.167514e-07 0.056504134 0.00032063964 0.043755814 0.280223 0.0023542978 0.06401805 4.9285336e-07 7.066703e-07 9.690774e-06 0.038435902 1.8437005e-07 8.492982e-06 9.682423e-06 7.441328e-06 5.587765e-07 2.7321362e-06 1.2553608e-07 3.2116965e-08 1.7181058e-06 3.116253e-07 0.006783735 4.4271355e-06 3.681105e-08 0.050311048 2.2043699e-07 1.0674912e-06 6.407119e-09 2.2450045e-07 0.000456605 1.1365812e-08 4.401749e-08 1.2424457e-06 6.2303843e-06 5.4372725e-07 6.5645195e-06 0.049582914 2.2988678e-07 0.10743259 2.8641102e-07 0.027039979 3.0634314e-07 2.2526704e-08 4.2736346e-08 1.9207559e-07 3.2452854e-09 1.4945922e-08 0.0025664582 7.5147653e-07 0.0007761752 1.3088302e-07 3.765633e-08 0.0021455495 2.9321019e-08 0.00023370607 1.2240814e-07 0.0004511311 2.3550072e-07 7.415704e-06 4.401237e-08 2.4725188e-07 5.136338e-09 1.7089911e-07 9.232131e-07 3.1705198e-09 1.5755318e-09 1.6309484e-09 0.045374308 3.7444727e-06 7.833299e-06 4.3380854e-09 4.6439244e-09 3.4595175e-07 9.051239e-06 0.013344189 1.1870977e-06
0.9097251 0.79297537 0.18372467 0.046940368 0.6818588 0.30639294 0.06319382 0.28776935 1.0459696e-16 0.44480816 0.008422631 0.96384007 0.11949266 0.19971138 0.0064041694 0.011429395 0.0016863206 0.8021412 0.58465683 0.0062915175 0.5309076 0.0008825221 0.00085708976 0.79167867 0.0059371903 0.016568 0.00043065852 0.0014517686 0.00074783585 0.011290224 0.0006558072 0.0013790835 0.0027730847 0.00075872854 0.006187013 0.00023865279 0.00035170364 0.0026025304 0.25704983 0.0063331267 0.010538912 0.16095354 0.000112703645 0.00089472096 0.0022453163 4.0582927e-06 6.2978565e-05 0.00037432284 9.3846465e-05 0.49534994 2.3815157e-05 2.0053665e-05 0.00036751034 0.0016076643 0.14624467 3.2333935e-06 2.9363107e-06 4.340741e-06 0.019779269 0.0025908803 0.012307966 0.19053659 0.0007929098 0.016615722 0.0041950773 0.03943901 0.00013842824 1.5165353e-06 4.6390537e-06 4.636643e-06 1.567395e-06 3.0425676e-05 0.019222042 2.599898e-07 0.024994973 6.1254286e-07 2.4669098e-06 0.024556335 0.0005432264 0.0006957373 5.717194e-05 0.00020245896 7.895229e-07 0.00032952434 1.9237743e-06 5.246537e-07 1.007105e-06 8.8420515e-05 1.4657407e-07 4.517325e-06 5.7828383e-05 9.147736e-08 0.04060411 0.0020393967 1.543289e-06 2.4269068e-06 1.8241516e-06 3.9006973e-06 0.00037397107 0.053062703 1.7103908e-06
0.92106795 0.009167799 0.0006684794 0.019634321 0.738298 0.53400344 0.6688604 0.000117850126 0.44480816 1.37852925e-17 0.00024041196 0.042512707 0.9767136 0.0011851483 0.00027445803 7.788943e-05 0.00038470887 0.07850239 0.78349274 0.02754466 0.37404653 9.28569e-06 2.2237577e-05 0.020308653 0.0004894169 0.90117836 9.969147e-05 0.0068723676 8.1911785e-06 0.00012322505 0.00067638507 0.0001602887 0.36737248 0.3925568 0.27501613 8.194975e-06 0.14327434 0.07759116 0.17220347 0.14494613 0.033816904 0.031422928 0.04412196 0.026813192 0.004615628 0.015734399 1.6299333e-05 0.006053991 0.009486459 0.034627017 0.00496547 0.009446056 0.002624002 0.00035319585 0.01618837 9.695419e-05 0.0014296877 0.0051103034 0.005090058 0.0047297305 0.007633999 0.013579851 0.00042111808 0.014812116 0.0021772825 0.0071242894 0.00017744422 3.4727902e-05 1.2799643e-05 0.0016879481 7.9562005e-06 0.0018719991 0.004633114 3.724836e-05 0.0037933462 8.4107465e-05 3.4660203e-05 0.0031831511 0.00066837046 2.0228033e-05 2.4556535e-05 6.187201e-08 2.6612624e-06 4.5921206e-05 1.2642839e-07 1.013667e-06 3.8960144e-07 1.4055701e-05 1.2440228e-06 3.791731e-06 5.6712934e-06 3.8638838e-08 0.02144986 0.0012112163 2.4001909e-06 6.446179e-07 1.3414876e-06 9.161561e-07 6.355443e-06 0.0035310343 4.3506166e-06
0.9100122 0.15063405 0.96658874 0.048987944 0.0020858617 0.0015232583 0.0009811723 0.60781795 0.008422631 0.00024041196 3.2548221e-15 0.09421044 1.4315527e-06 0.4189456 0.46216947 0.7670383 0.11825443 0.057787977 4.104273e-05 0.0010217167 0.00050482026 0.07286657 0.04151989 0.008651992 0.59477943 1.3758274e-06 0.20775616 0.0065148943 0.08974168 0.1270914 0.14773515 0.9662034 3.481901e-06 3.475834e-07 6.397015e-05 0.84430814 4.4320544e-07 4.487443e-05 4.644357e-06 4.556573e-08 1.3687271e-07 1.3749211e-06 1.6620927e-08 3.43628e-09 7.0245896e-08 2.4161588e-08 0.38813418 0.0003836939 4.0029418e-06 0.00013564841 4.539752e-08 8.888433e-05 3.9579888e-08 1.11353785e-07 2.9640375e-06 3.1046884e-08 2.605812e-08 2.2642332e-07 1.2286105e-06 4.5889684e-07 1.6592585e-07 0.0012242309 8.7253675e-08 0.14276102 6.702336e-08 0.0014591335 4.214993e-08 1.1501696e-08 1.2916267e-09 2.7690724e-08 5.7789257e-10 7.000511e-09 1.6889779e-05 3.898016e-08 4.7369977e-06 4.6623875e-08 3.704404e-08 1.4153815e-05 2.9182667e-07 0.0014310512 2.524939e-06 0.011670909 2.7090474e-08 1.3882564e-06 3.4858496e-09 5.208553e-09 9.160513e-09 1.3063717e-08 6.487595e-08 1.20788295e-08 1.2898228e-08 2.4562998e-09 0.0636566 1.4921553e-06 1.5277848e-07 1.8245943e-09 3.1230524e-08 4.8904263e-07 6.3311727e-06 0.0030152474 3.3522738e-07
0.9583039 0.78297883 0.60205764 0.19231902 0.27764797 0.16762096 0.11362749 0.51301205 0.96384007 0.042512707 0.09421044 1.2057839e-15 0.010584601 0.70533156 0.076141745 0.10019289 0.012545357 0.93534875 0.036988027 0.023413517 0.103437096 0.0004087822 0.0012695139 0.8204907 0.018374352 0.005781369 0.0007190084 0.013934269 0.00047706344 0.014640777 0.023365697 0.009404169 0.00063431484 0.00026084032 0.004628508 0.0022046047 0.00030516298 0.017791718 0.006815256 0.00077034615 0.00019795485 0.0015584105 2.4232446e-05 9.85001e-06 4.1109404e-05 2.8409045e-06 0.0014207341 0.0008882888 0.00019441341 0.3901513 4.195867e-06 0.00014000483 3.339052e-05 4.1025532e-06 0.028117081 1.0775682e-06 2.548429e-06 6.0907378e-06 0.0006078329 6.28534e-05 0.0002442778 0.23031317 2.0735117e-05 0.07223435 2.3377415e-05 0.08237274 9.078168e-06 1.13823056e-07 2.4589964e-08 6.1201886e-06 1.8978943e-08 1.8897155e-05 0.012864559 5.3618146e-07 0.005899074 2.214407e-06 1.8453461e-06 0.021723162 0.00039024724 0.00069508137 7.2872353e-07 0.003879392 3.3364608e-07 4.9057417e-06 1.3812045e-06 1.6766646e-06 6.209478e-07 5.596165e-05 2.6007288e-07 2.18029e-06 1.9790934e-06 7.438373e-07 0.13299853 0.00028601053 6.1901727e-07 2.55997e-06 3.5731234e-06 3.123176e-07 0.00011660006 0.15364827 8.8629925e-08
0.8923888 0.00015522695 5.32e-06 0.0020760861 0.19794458 0.0647102 0.24885814 8.256291e-07 0.11949266 0.9767136 1.4315527e-06 0.010584601 6.5472797e-18 7.126871e-05 8.329006e-06 1.1387382e-06 8.382755e-06 0.013001234 0.8717848 0.0049534165 0.3530917 3.357422e-07 1.6091574e-06 0.001487305 2.4356235e-05 0.89718395 1.4679543e-06 0.001119817 9.933751e-08 4.001651e-06 1.1017672e-05 2.1655378e-06 0.35237345 0.5076757 0.17990308 1.8715222e-07 0.12751225 0.053083986 0.2668589 0.64439946 0.39089754 0.071120344 0.09833764 0.18184197 0.010621251 0.10513896 3.6198117e-07 0.0032963858 0.00895904 0.01528228 0.041281447 0.007995354 0.010105037 0.0014588474 0.024017299 0.0003458408 0.0056063063 0.0131544005 0.004180825 0.0043469304 0.012579141 0.0049644215 0.0003887206 0.0022647541 0.0026406331 0.0030916706 0.00035963499 0.0001604098 1.2672198e-05 0.004100656 1.4912954e-05 0.002718091 0.0028658947 0.00045693433 0.0027963617 0.00023689227 6.125418e-05 0.0029100643 0.00019774181 1.3791642e-06 8.9783396e-05 5.952693e-08 6.2377626e-06 0.0003364562 1.3138371e-06 3.1331983e-06 3.465992e-06 9.493481e-06 3.0984356e-06 1.0571864e-05 1.8072507e-05 3.721828e-07 0.008111282 0.0025244334 2.8671879e-05 6.653768e-06 3.455299e-06 2.365941e-05 7.642054e-06 0.0013567922 2.2528717e-05
0.9961297 0.3384557 0.69601816 0.022230586 0.008615221 0.0063032345 0.0056966296 0.9651346 0.19971138 0.0011851483 0.4189456 0.70533156 7.126871e-05 1.9503994e-14 0.048993815 0.6558308 0.007294353 0.41084364 0.0005925173 0.0042612394 0.0048727673 0.00608117 0.024954483 0.70543385 0.54922426 0.00015236331 0.004941828 0.00519942 0.00392561 0.22400016 0.010921822 0.074454956 1.896247e-05 5.3902777e-06 0.00017448475 0.052526567 7.068756e-06 0.0028802727 0.0004296555 6.6665125e-05 1.0689169e-05 0.00014300109 8.510315e-06 3.4932276e-07 8.897385e-06 2.817501e-06 0.011992323 0.00034208197 5.0793024e-05 0.28524944 1.3473367e-06 0.00015626579 7.674214e-07 8.34215e-07 0.005681075 5.4041925e-07 2.1755584e-06 0.00013348568 0.00015462369 1.8986086e-05 8.442498e-05 0.3205996 7.286364e-06 0.4762892 1.0831818e-05 0.15319893 1.4480801e-05 3.5640622e-07 7.969368e-08 1.2479564e-05 7.4332846e-08 3.105549e-05 0.028994374 3.586903e-06 0.010824602 3.8825638e-06 3.2999385e-06 0.015941938 1.0259381e-05 0.0016856977 2.068413e-06 0.015282782 3.4587222e-07 1.522013e-05 2.309843e-05 2.694342e-05 1.0404587e-07 5.084873e-06 9.954204e-07 8.804695e-08 7.468643e-08 5.1592373e-08 0.30957747 0.00019262657 1.7972116e-05 1.8857277e-07 2.2883009e-07 3.5371832e-07 0.00024507535 0.2009115 5.509809e-07
0.8387401 0.5817604 0.84389263 0.8295671 0.030122494 0.040355995 0.015497485 0.024217354 0.0064041694 0.00027445803 0.46216947 0.076141745 8.329006e-06 0.048993815 8.128946e-17 0.0055202837 0.97601163 0.045230538 6.306992e-05 0.37969986 0.0010362385 0.00027929558 0.00023582832 0.0020021822 0.02666395 6.712961e-06 0.0029566367 0.45293048 0.0003875548 0.0007318172 0.9275361 0.45140502 2.8180344e-05 3.8124203e-06 0.00043374454 0.1801015 1.847527e-05 0.18128496 4.421108e-05 7.8307477e-07 2.5356155e-07 2.8776287e-06 3.1519837e-06 2.462507e-08 1.1418712e-06 1.09387e-07 0.23449367 0.0802219 0.0031778037 0.00014409656 4.0360973e-07 0.011730087 2.48437e-07 3.432772e-07 1.9461793e-05 1.956083e-08 6.3038435e-08 2.7827606e-05 1.3911768e-05 2.02581e-06 7.241858e-07 0.00097049336 5.800819e-08 0.0154551845 1.1538766e-06 0.0006510615 1.5419629e-07 4.5639574e-08 8.935808e-09 5.591491e-07 6.2437344e-09 4.4432213e-06 8.1410515e-05 3.582703e-07 4.3766824e-05 3.1445845e-07 7.658755e-06 5.5128753e-06 0.00017124378 0.0010238719 2.8765614e-06 0.0108427815 9.9523184e-08 1.3387589e-06 3.151686e-08 8.2331985e-07 3.3470414e-07 1.8236324e-05 5.770838e-07 1.1432616e-06 1.6551692e-06 9.582997e-08 0.015411934 1.4637222e-05 1.6705125e-07 8.603966e-08 1.44822925e-05 2.0381277e-07 0.0011163143 0.0011745284 1.408283e-07
0.23752698 0.009080117 0.4276547 0.0009095643 0.00040136237 0.0003266726 3.306716e-05 0.9857536 0.011429395 7.788943e-05 0.7670383 0.10019289 1.1387382e-06 0.6558308 0.0055202837 1.7724383e-17 0.0011348695 0.009920703 1.5219506e-05 3.2387066e-05 0.00051899056 0.89481366 0.6662276 0.47615737 0.7970526 1.117577e-06 0.6279556 5.5985245e-05 0.89054126 0.69403505 0.0012526372 0.25512332 3.30741e-07 1.02394694e-07 9.336063e-06 0.18845321 5.2737935e-08 5.341828e-07 0.0001045553 5.9823066e-07 4.6284693e-08 7.4699216e-07 1.8845656e-08 6.9086965e-08 6.367209e-07 6.9783805e-09 0.16302015 3.3941303e-06 2.1460105e-08 0.010186025 6.136371e-08 7.866106e-07 3.900329e-08 5.35934e-07 0.00025510238 1.854749e-09 2.9715547e-10 1.8570145e-09 2.5162624e-05 1.260413e-06 6.012076e-05 0.016849913 1.9077014e-07 0.12149963 2.9429102e-06 0.008422643 2.1024809e-08 1.0291404e-09 2.541582e-08 6.02849e-09 6.865855e-09 1.5973056e-09 0.00079969136 2.7802603e-08 0.00019697861 3.9466865e-09 3.4468355e-09 0.00010419368 6.359805e-09 0.00014998311 1.1575694e-07 0.009183629 1.7323986e-08 1.9103622e-06 1.2103847e-09 4.838469e-09 3.4018885e-08 2.9866194e-09 2.7057837e-08 8.520108e-08 1.217241e-07 1.8409225e-09 0.023874242 2.4615127e-07 2.5284928e-08 4.8507034e-09 3.6207386e-08 5.8931242e-08 8.123109e-08 0.005272741 3.989785e-08
0.11432099 0.27636725 0.4902664 0.7461205 0.013696146 0.018182172 0.006209579 0.006191065 0.0016863206 0.00038470887 0.11825443 0.012545357 8.382755e-06 0.007294353 0.97601163 0.0011348695 5.741441e-17 0.0089585455 6.8731475e-05 0.6024423 0.00066523696 0.00027385354 5.4426117e-05 0.0019278427 0.0017885983 1.9937268e-05 0.00035753736 0.61690205 0.00027853137 0.00014622985 0.96313965 0.36472824 1.8720115e-05 3.0390454e-06 0.00015169462 0.09525267 2.605836e-05 0.04524202 1.6185559e-05 5.2067804e-07 2.1791767e-07 5.193165e-06 1.3814065e-07 4.7954003e-08 2.305093e-06 1.9000501e-07 0.28226316 0.035300322 0.0028679234 4.4967517e-05 2.7743235e-07 0.0020729601 1.4075258e-07 1.924668e-06 1.1374644e-05 3.596868e-08 3.9163987e-07 1.3644308e-06 3.3886192e-06 2.7687927e-06 6.995712e-07 0.0002832856 6.398668e-07 0.0027925721 1.8821479e-06 0.0005434534 1.3206954e-07 5.3920974e-08 1.5710164e-08 6.1005295e-07 1.7793962e-09 8.897572e-06 5.1416464e-05 9.1078374e-07 6.611196e-05 4.2544492e-08 4.0330843e-07 5.7040088e-05 0.0001771507 0.006839409 1.617761e-07 0.0005040371 7.0251936e-08 6.011503e-07 2.4164862e-08 1.1609048e-07 2.3277082e-07 4.7490344e-06 1.5085959e-06 6.70922e-07 2.9815387e-06 1.9197495e-08 0.003793026 7.241826e-06 2.4717292e-07 1.0407406e-07 3.266646e-07 1.3570282e-07 0.000118003765 0.0008695672 1.4077916e-07
0.98515785 0.55310184 0.49275377 0.24466677 0.26942694 0.18821032 0.25592485 0.23332392 0.8021412 0.07850239 0.057787977 0.93534875 0.013001234 0.41084364 0.045230538 0.009920703 0.0089585455 1.6977253e-15 0.07574992 0.052784946 0.18179661 0.0002727016 0.00029898674 0.85399795 0.0067023966 0.029915938 0.0005578552 0.026969478 0.00050730666 0.0053673713 0.015014991 0.007869071 0.0030562577 0.0012085919 0.034309432 0.0037106134 0.0039507407 0.05411434 0.02405907 0.0048155333 0.0022245713 0.0047616125 0.00022342856 7.5269236e-05 0.00013661575 4.52195e-06 0.0043515074 0.0013613837 0.00032014586 0.5595714 1.8082783e-05 0.00055099005 1.4433868e-05 1.3911993e-05 0.046202127 8.24445e-07 5.2096715e-07 3.6506914e-05 0.0032237936 0.00036932487 0.0009905959 0.2909098 7.678428e-06 0.05858136 0.0002895423 0.07896296 3.8643135e-05 1.5321255e-07 4.7466607e-08 1.2210714e-06 4.2892243e-08 3.6187972e-05 0.020094369 1.0077804e-06 0.018525768 9.2036134e-07 1.6445172e-06 0.023872048 0.00079635374 0.00052988523 3.1085342e-06 0.006217371 1.135167e-07 1.9450028e-05 2.0068005e-06 3.6947406e-06 3.710103e-08 1.8743089e-05 1.9870014e-07 2.251604e-07 1.6601346e-06 7.909235e-08 0.08128841 0.00078030804 3.671642e-06 3.4224428e-07 4.9966405e-07 2.0328147e-07 0.00020656297 0.07484209 2.0284962e-07
0.9769041 0.0032973366 0.000222219 0.0037942706 0.22492403 0.08077941 0.27233016 1.8806795e-05 0.58465683 0.78349274 4.104273e-05 0.036988027 0.8717848 0.0005925173 6.306992e-05 1.5219506e-05 6.8731475e-05 0.07574992 2.1505992e-16 0.01007707 0.8844057 1.9419262e-05 1.01220785e-05 0.054502357 6.475712e-05 0.6205128 1.4721652e-05 0.004465504 7.823079e-06 3.0167286e-05 0.00015328937 4.677171e-05 0.16055338 0.18867835 0.26686326 5.244774e-06 0.065402456 0.08207561 0.7853538 0.70069766 0.7363764 0.43220782 0.10157911 0.5835105 0.1198668 0.06999587 1.2736823e-05 0.0028001724 0.008166979 0.22371008 0.06006501 0.0044788495 0.13869312 0.024148801 0.31369397 0.014878187 0.009769669 0.006344295 0.09627224 0.048288587 0.09128491 0.11201741 0.0024165185 0.023089433 0.02445312 0.05565148 0.0025408745 0.002532515 0.00014367186 0.0013201989 0.00011635557 0.000274711 0.073536865 0.00062478456 0.0449215 8.812512e-05 6.7714527e-06 0.03230439 0.00012799894 3.0053574e-05 0.00036286344 7.740255e-07 3.9026563e-05 6.830061e-05 2.743731e-07 2.294309e-06 1.8725186e-05 5.11259e-06 8.457608e-05 9.3211875e-06 4.5409754e-05 6.257134e-07 0.02873373 0.015646145 4.506315e-06 7.0577494e-06 3.7898365e-06 6.5421705e-06 2.3150364e-05 0.010678018 1.0458677e-05
0.65373623 0.22075292 0.045465488 0.8310927 0.3124011 0.47536013 0.52144086 0.00029807482 0.0062915175 0.02754466 0.0010217167 0.023413517 0.0049534165 0.0042612394 0.37969986 3.2387066e-05 0.6024423 0.052784946 0.01007707 3.2935232e-18 0.01758901 6.2565473e-06 5.024243e-06 0.00096353807 0.0008137822 0.009021797 7.889133e-05 0.97832817 1.5357645e-06 3.2844455e-05 0.6556544 0.0034089882 0.010479085 0.00092793256 0.19483027 0.00014589929 0.04355539 0.839515 0.00084332353 0.00011276095 3.3586002e-05 3.971243e-05 8.052063e-05 7.3734725e-07 1.1865562e-05 2.8922477e-05 0.002539128 0.54728264 0.40894324 0.00040337272 2.7903357e-06 0.07529265 3.7188673e-08 6.917316e-07 6.0806364e-05 3.864186e-08 2.5484813e-05 0.0004651272 2.9452645e-05 0.000100007244 4.8763948e-05 0.00076341734 2.632844e-07 0.0051799696 4.2743348e-05 0.0003181265 1.2414332e-06 5.5265513e-08 1.3032155e-07 2.6431196e-06 2.9137878e-08 0.00028496663 4.60005e-05 9.834424e-07 0.00010057488 8.3348897e-07 2.354235e-05 3.5036675e-05 0.004507699 0.0010146115 1.3561408e-05 3.4674977e-07 1.5355792e-07 9.842485e-07 7.818934e-09 5.334095e-07 2.1623873e-07 6.148518e-05 1.1192376e-06 1.4184319e-06 3.8160183e-06 4.3584404e-08 0.0068077436 0.00020581164 7.250585e-07 3.6905956e-08 1.1348548e-06 3.6288293e-07 0.0012326249 0.0006020103 9.544067e-07
0.9985684 0.028754545 0.00554393 0.01811183 0.1575435 0.0734266 0.20747663 0.0017861727 0.5309076 0.37404653 0.00050482026 0.103437096 0.3530917 0.0048727673 0.0010362385 0.00051899056 0.00066523696 0.18179661 0.8844057 0.01758901 8.906306e-16 0.00015456665 0.00014681673 0.27739316 0.0002158377 0.37376985 0.00012729435 0.0051188106 9.966172e-05 0.00045370258 0.0011343961 0.0005033449 0.06598035 0.07449973 0.16700016 7.151122e-05 0.05223485 0.05747338 0.7425423 0.49376214 0.64477223 0.41401476 0.065105826 0.29010215 0.05622146 0.056224246 6.149814e-05 0.0020902688 0.0035186806 0.5297489 0.03729837 0.00305461 0.07664806 0.024891054 0.4807263 0.011714721 0.001252571 0.0011109951 0.07344654 0.035646882 0.074344985 0.34760895 0.0073190974 0.0763215 0.016423983 0.16945158 0.008417483 0.0035866296 0.00048915675 0.00022652972 0.0004345235 0.00034052416 0.15709162 0.00071318104 0.12429997 0.00011179865 1.2502174e-05 0.13013546 0.0003425761 8.634162e-05 0.0009302709 5.089121e-05 0.00022689164 0.0001989606 2.5723423e-07 1.2138249e-05 4.473236e-05 1.6313796e-05 9.570545e-05 5.039501e-05 0.00021640162 2.2549016e-06 0.11727224 0.021571672 2.6134687e-05 2.2077827e-05 2.4705603e-05 1.5476777e-05 0.00023943838 0.15457687 2.3929604e-05
0.019931752 0.0005036467 0.0059946487 0.00025260687 7.6339726e-05 4.6089415e-05 1.8524997e-06 0.15237707 0.0008825221 9.28569e-06 0.07286657 0.0004087822 3.357422e-07 0.00608117 0.00027929558 0.89481366 0.00027385354 0.0002727016 1.9419262e-05 6.2565473e-06 0.00015456665 5.4911558e-18 0.36756575 0.0024061452 0.15755698 3.154776e-07 0.8728215 1.6712504e-05 0.9972026 0.0946997 0.00021461563 0.008451291 1.930023e-07 6.703013e-08 5.699254e-06 0.012528272 1.2034614e-07 3.4177847e-07 9.043642e-05 7.529543e-07 5.070404e-08 6.008184e-07 2.3446683e-08 3.7044867e-07 8.3008e-06 6.2979545e-08 0.0047598234 4.9174937e-06 9.501678e-08 0.0002011441 2.6558277e-07 2.168373e-06 4.2802753e-08 1.1464869e-06 2.0012036e-05 1.5154459e-09 8.223311e-09 7.037129e-08 5.930125e-06 5.7416725e-07 1.1901232e-06 0.00065328344 3.065341e-08 0.059171088 1.1136798e-06 0.0007717904 3.4923332e-08 2.4397904e-08 2.7670226e-09 9.774871e-09 1.328414e-10 1.2361704e-07 2.681952e-05 1.802107e-08 1.0634146e-06 7.0087403e-09 5.2115148e-09 5.279206e-07 2.11607e-07 3.9546707e-05 6.75128e-07 0.0037590966 9.935851e-07 1.0717587e-05 5.877605e-10 3.8769192e-09 1.0204195e-08 4.902527e-10 7.589803e-08 3.9278618e-08 3.4130995e-08 2.104208e-10 0.01785254 6.2146526e-08 4.9379313e-08 2.9427625e-09 1.539481e-09 5.2111595e-08 4.003865e-08 0.0012304051 8.262568e-09
0.42931643 0.00013136881 0.0034847117 7.3924486e-05 5.0840612e-05 5.4500546e-05 4.0717703e-05 0.14756177 0.00085708976 2.2237577e-05 0.04151989 0.0012695139 1.6091574e-06 0.024954483 0.00023582832 0.6662276 5.4426117e-05 0.00029898674 1.01220785e-05 5.024243e-06 0.00014681673 0.36756575 6.2063326e-13 0.011725598 0.7982298 3.864999e-07 0.9922733 7.5216167e-06 0.3645689 0.91790193 3.7514088e-05 0.0070355525 7.9399297e-07 4.6931663e-07 4.8981215e-06 0.0045045856 1.8332229e-07 1.1828464e-06 6.3139974e-05 7.5240445e-07 2.46617e-07 4.707311e-06 1.4791736e-07 8.0936354e-07 4.2476104e-06 1.724484e-07 0.00086558424 4.5243573e-06 2.717129e-07 0.00869406 3.255304e-07 3.542938e-06 3.4303113e-07 7.015903e-07 0.0006610655 1.5174243e-07 2.0261761e-07 1.0867205e-05 9.3376875e-05 1.9909346e-06 2.9754161e-05 0.014688937 1.6504656e-06 0.56658906 1.6829347e-06 0.01303614 2.8967912e-07 1.4332991e-07 2.4403166e-08 2.5207526e-06 1.3570883e-08 3.996465e-06 0.0013555888 1.1993202e-06 0.0006972388 1.2591352e-05 1.521542e-06 0.00017751803 6.2387676e-06 0.00037920728 1.8209336e-07 0.0029217284 8.240351e-06 2.2534688e-05 6.118825e-07 9.603483e-06 5.9496174e-06 2.7936533e-06 6.5672375e-06 4.0536315e-06 4.5090746e-06 6.493265e-08 0.122002564 6.2089265e-07 1.5434753e-05 5.231798e-07 5.274413e-06 8.1134785e-06 2.6260259e-05 0.020902092 3.8928374e-06
0.99215424 0.3450327 0.21034548 0.017937675 0.063802086 0.025829006 0.005103449 0.63337934 0.79167867 0.020308653 0.008651992 0.8204907 0.001487305 0.70543385 0.0020021822 0.47615737 0.0019278427 0.85399795 0.054502357 0.00096353807 0.27739316 0.0024061452 0.011725598 1.8746765e-17 0.080633886 0.000333339 0.017782575 0.0010020629 0.009675325 0.06402058 0.0008657601 0.0027648786 0.00020680738 3.2584478e-05 0.000488852 0.0013806191 3.2191851e-06 0.00031489733 0.096167825 0.0001758801 0.00047974824 0.014308909 8.276138e-06 1.8430836e-05 0.0003706424 1.0747642e-06 0.0026293402 2.570123e-05 1.0418086e-06 0.8455161 1.2218397e-05 6.661972e-06 1.7472978e-05 0.00014008924 0.29612756 1.3791504e-07 2.4765675e-06 2.6958444e-06 0.028833425 0.0014938926 0.0066328174 0.63751143 0.00040829397 0.2623184 0.001343892 0.3293923 6.13335e-05 5.603473e-08 2.2949348e-06 2.2869713e-06 4.6951655e-08 1.4372872e-06 0.11155615 3.1005877e-06 0.037922584 2.0671162e-07 4.2381373e-08 0.06447858 8.734623e-05 0.0027154924 7.5368243e-06 0.0005735765 5.942339e-07 0.00034977164 6.956779e-07 1.2553722e-06 1.0961174e-07 2.3173734e-05 6.975387e-07 5.363451e-07 3.5321086e-06 1.2040227e-09 0.4632317 0.00076052913 9.0015135e-07 8.9948367e-07 2.2867238e-07 5.0811504e-06 0.00045434583 0.22798045 7.1212787e-07
0.9678841 0.010544044 0.21589811 0.0020157208 0.00051641604 0.00048521638 0.0005016028 0.6060288 0.0059371903 0.0004894169 0.59477943 0.018374352 2.4356235e-05 0.54922426 0.02666395 0.7970526 0.0017885983 0.0067023966 6.475712e-05 0.0008137822 0.0002158377 0.15755698 0.7982298 0.080633886 5.524564e-10 4.7738795e-05 0.1490977 0.0012111267 0.07926623 0.97962815 0.0037084022 0.114867374 1.7838123e-05 4.204162e-06 0.00018191483 0.09872903 1.1198617e-05 0.00041387894 0.00011528944 2.3603654e-05 3.8083072e-06 3.0001396e-05 1.2313318e-06 6.113016e-07 4.7352496e-06 6.081274e-07 0.021678546 0.00011290686 1.1838446e-05 0.050741646 5.4946173e-07 6.219002e-05 2.5035735e-07 2.7249414e-06 0.0015844039 1.3665353e-08 4.7631923e-07 1.02478425e-05 0.00013938986 1.3684009e-05 0.00010049876 0.07887676 3.5476526e-07 0.70301735 6.1267697e-06 0.038145322 9.485938e-07 5.5036086e-08 4.8969415e-09 1.6464945e-06 5.0352917e-09 1.2903983e-05 0.009458004 1.4358816e-06 0.009578289 9.852988e-06 1.6516465e-06 0.008600079 2.9038143e-05 0.0006265764 2.7567188e-07 0.021741463 6.147427e-07 5.4089105e-05 7.400409e-06 2.8472992e-05 1.8276404e-07 3.7157085e-06 6.079818e-07 1.620556e-07 1.6085184e-07 6.7910484e-08 0.2943905 2.5526724e-05 3.0399804e-05 2.855247e-07 8.0911116e-07 9.797182e-06 6.702377e-05 0.13438 9.240574e-06
0.91724515 0.00059042353 6.2464096e-05 0.003007469 0.30111334 0.11550555 0.54126257 7.167514e-07 0.016568 0.90117836 1.3758274e-06 0.005781369 0.89718395 0.00015236331 6.712961e-06 1.117577e-06 1.9937268e-05 0.029915938 0.6205128 0.009021797 0.37376985 3.154776e-07 3.864999e-07 0.000333339 4.7738795e-05 3.8352474e-16 3.1642717e-06 0.0030263574 1.413187e-07 3.0756285e-06 0.0001111192 6.9570215e-06 0.92651355 0.961502 0.63558596 4.859533e-07 0.48750362 0.09908926 0.40905663 0.30646926 0.07974361 0.0063658315 0.45778987 0.037756737 0.0065215677 0.47945473 2.6717866e-05 0.017379763 0.03682137 0.001998949 0.029382499 0.031979654 0.0007607479 0.00072178297 0.003541533 9.974102e-05 0.057398766 0.03981828 0.0021847058 0.004135164 0.0037039805 0.0012977939 0.00012959992 0.0011147935 0.0005232818 0.0002879663 0.00013577203 2.7481721e-05 5.3103486e-06 0.01098754 3.0371882e-06 0.0176471 0.0005360141 0.0001092081 0.0005079319 0.00047264362 0.0004486065 9.686352e-05 0.004149308 2.6706859e-05 4.9637015e-06 9.530646e-08 7.643726e-07 1.4667617e-05 8.124628e-06 2.4098754e-05 5.097995e-07 0.00014190245 2.0246443e-05 3.91238e-06 7.778502e-06 2.3812113e-07 0.0041206907 0.0002501148 2.7430953e-05 3.6868735e-06 2.244646e-06 3.6468526e-07 0.00024774982 0.00032592853 2.0941086e-06
0.5050175 0.00055051927 0.01634739 0.0001609541 8.825674e-05 6.285178e-05 2.8004595e-05 0.056504134 0.00043065852 9.969147e-05 0.20775616 0.0007190084 1.4679543e-06 0.004941828 0.0029566367 0.6279556 0.00035753736 0.0005578552 1.4721652e-05 7.889133e-05 0.00012729435 0.8728215 0.9922733 0.017782575 0.1490977 3.1642717e-06 5.4642376e-12 0.00013014067 0.8904 0.34489003 0.00031829372 0.04172146 1.0843099e-06 3.5117222e-07 4.8492097e-05 0.041660577 1.4690762e-06 4.1426967e-05 1.7789842e-05 5.2158434e-06 1.5057816e-06 2.2376164e-06 1.8850014e-07 2.8141442e-06 2.0038273e-07 3.7258835e-07 0.012402517 2.9366822e-05 4.366447e-07 0.005872202 2.7893645e-06 1.39992735e-05 5.152823e-07 7.1711283e-06 7.020415e-05 1.14776626e-07 1.3825361e-07 2.0413522e-06 6.0980517e-07 4.4511385e-08 1.1459446e-06 0.011682529 1.397621e-07 0.5388447 6.1033223e-09 0.012619279 3.745573e-06 3.5902312e-07 4.2284145e-09 1.2596535e-06 7.628488e-10 6.036435e-07 0.0002575213 8.2725155e-06 5.0589788e-05 1.8160395e-05 3.570257e-07 0.00021188275 1.27684325e-05 0.0020991873 1.525643e-09 0.015022253 1.3193636e-05 1.2597647e-05 4.0290792e-07 5.37789e-07 2.4264057e-07 1.7003731e-07 1.6638895e-06 9.761033e-08 9.758836e-08 9.791629e-09 0.17435521 6.3686176e-09 4.8801076e-07 8.8964045e-09 3.18287e-08 6.070145e-08 2.1828885e-06 0.035281233 2.3708592e-08
0.4373247 0.1314967 0.07145414 0.4918106 0.1142154 0.13797103 0.35814044 0.00032063964 0.0014517686 0.0068723676 0.0065148943 0.013934269 0.001119817 0.00519942 0.45293048 5.5985245e-05 0.61690205 0.026969478 0.004465504 0.97832817 0.0051188106 1.6712504e-05 7.5216167e-06 0.0010020629 0.0012111267 0.0030263574 0.00013014067 1.09999107e-16 1.0729696e-05 6.517594e-05 0.89936453 0.0139791835 0.0020721667 0.00026776036 0.039279383 0.0012498128 0.006509396 0.87581134 0.0004211992 0.00018768944 4.389331e-05 1.8476168e-05 0.00020550018 2.2802005e-06 2.3013017e-06 3.415918e-05 0.029758694 0.7793052 0.5622481 2.0498333e-05 2.1946069e-06 0.38492146 1.5824588e-07 6.665327e-06 2.244786e-05 5.416196e-08 0.00011229509 0.00074440433 6.8644836e-06 1.0824395e-05 5.8675163e-05 0.00028140508 1.7551782e-06 0.002247031 3.0413794e-06 0.0005531058 1.1493633e-05 7.8236786e-07 4.614551e-08 2.6179614e-05 2.4737204e-08 0.0027186354 0.00011873798 6.6311435e-07 4.6248544e-05 6.0641746e-06 0.00033021576 0.0002120754 0.047577847 0.027220761 2.4887427e-07 0.0008944808 2.089551e-07 1.1994276e-06 4.6662127e-08 1.7136058e-06 1.4854135e-07 0.0009878764 1.1732633e-06 1.7459012e-06 1.0384999e-05 2.0785065e-07 0.002113638 5.631021e-05 1.7037115e-06 3.2298018e-07 1.9345573e-06 1.16897e-06 0.008629142 0.000886225 1.1481445e-06
0.035766635 0.00039831284 0.0029584365 0.00015701448 2.0312162e-05 6.6210487e-06 4.053123e-07 0.043755814 0.00074783585 8.1911785e-06 0.08974168 0.00047706344 9.933751e-08 0.00392561 0.0003875548 0.89054126 0.00027853137 0.00050730666 7.823079e-06 1.5357645e-06 9.966172e-05 0.9972026 0.3645689 0.009675325 0.07926623 1.413187e-07 0.8904 1.0729696e-05 2.159104e-19 0.0848765 8.133664e-05 0.01197233 3.654667e-08 1.2742369e-08 2.2401261e-07 0.0139442785 4.7085543e-08 1.2947878e-07 1.8660636e-05 2.1053792e-07 2.7784898e-08 3.9571358e-08 1.9555038e-09 2.4046098e-08 4.910485e-07 1.6422524e-08 0.0046517 1.860655e-06 1.6743324e-07 0.00017736775 7.064833e-08 1.4126191e-06 1.3110445e-08 1.8317009e-07 3.6152078e-06 2.1072925e-10 1.9351745e-09 5.909806e-08 1.814869e-07 7.713498e-09 3.8164657e-08 0.0010077162 1.2965905e-09 0.20643646 1.7964343e-08 0.0010938519 6.2742234e-09 8.575635e-09 6.3876134e-11 7.456569e-09 1.721086e-11 7.913365e-09 3.296258e-06 1.0015764e-08 1.3547124e-07 1.0741536e-08 3.339938e-10 1.0346563e-07 1.3786085e-07 0.00013078615 1.557896e-08 0.0014467067 1.6200545e-08 1.07552964e-07 7.3508116e-10 1.1718635e-09 1.2668781e-10 3.1881284e-10 6.875133e-09 6.58602e-10 3.9645429e-10 2.2315797e-11 0.047603786 3.7572068e-10 2.8380773e-08 8.7353465e-11 1.3024908e-11 2.870866e-10 2.54325e-08 0.003185195 3.3489756e-11
0.97422606 0.0026691877 0.038382407 0.00042349708 0.0001361091 0.0002819509 0.00014689755 0.280223 0.011290224 0.00012322505 0.1270914 0.014640777 4.001651e-06 0.22400016 0.0007318172 0.69403505 0.00014622985 0.0053673713 3.0167286e-05 3.2844455e-05 0.00045370258 0.0946997 0.91790193 0.06402058 0.97962815 3.0756285e-06 0.34489003 6.517594e-05 0.0848765 3.709492e-13 0.00020105415 0.011340825 1.8182412e-06 8.335056e-07 9.124918e-06 0.009273951 1.551039e-07 1.4251906e-05 0.000110962894 3.0378833e-06 1.2606198e-06 6.2732997e-06 2.073116e-07 1.5238268e-07 2.520409e-06 2.140793e-07 0.0016306407 6.172397e-06 4.113838e-07 0.08165238 2.2712838e-07 1.3845385e-06 4.003109e-08 3.8198465e-07 0.0057409257 2.0598028e-08 7.778865e-08 2.5869826e-07 0.00028456474 8.24425e-06 6.805341e-05 0.10469004 2.963341e-07 0.7775269 3.2736145e-06 0.058589548 4.463196e-07 1.7611094e-09 1.8134191e-09 7.080944e-07 4.816463e-09 1.5218234e-06 0.010611101 2.1046604e-07 0.0030629295 2.113641e-06 1.01409285e-07 0.0018656144 2.0271813e-05 0.0001573126 3.56806e-08 0.005417137 1.247141e-06 1.925519e-05 5.3168014e-07 5.4595375e-07 2.0317255e-07 1.1970307e-07 8.182406e-07 2.8101306e-07 1.076328e-07 1.9459971e-09 0.34797376 5.4290886e-06 4.3049627e-07 3.3414455e-08 1.5999584e-07 7.4596204e-07 1.9158422e-05 0.13926584 4.1349247e-07
0.39624548 0.14642717 0.36154178 0.49568942 0.011434415 0.017116087 0.017673057 0.0023542978 0.0006558072 0.00067638507 0.14773515 0.023365697 1.1017672e-05 0.010921822 0.9275361 0.0012526372 0.96313965 0.015014991 0.00015328937 0.6556544 0.0011343961 0.00021461563 3.7514088e-05 0.0008657601 0.0037084022 0.0001111192 0.00031829372 0.89936453 8.133664e-05 0.00020105415 1.3205698e-14 0.6823678 0.00011506043 1.4276623e-05 0.0011835287 0.39784318 9.487133e-05 0.34587124 5.948911e-05 8.987957e-06 8.7532735e-06 1.859925e-05 3.8925295e-06 1.7639316e-07 2.8684883e-06 3.8624253e-06 0.9010109 0.49485642 0.053254507 6.266872e-06 1.4455419e-06 0.10926298 4.8207136e-07 3.422688e-05 2.645398e-05 4.0533087e-07 4.979518e-06 4.465308e-05 5.931392e-06 1.7264495e-06 8.691941e-06 0.0004678784 5.4914503e-06 0.0070782346 1.5637177e-06 0.000769227 1.0232286e-05 5.816507e-06 5.0775145e-07 1.7552987e-06 1.3368165e-07 2.959455e-05 2.7479471e-05 9.8760565e-06 6.50097e-05 2.4805954e-06 5.133713e-05 0.000118692005 0.013579191 0.40084696 7.619796e-07 0.05574724 5.062893e-07 6.017081e-06 2.5560556e-07 3.762381e-06 1.237419e-06 0.0004887816 1.0784971e-05 3.3657648e-06 2.196553e-05 5.22689e-07 0.005653921 3.6793776e-06 2.3213272e-06 2.4718918e-07 4.051869e-06 1.8766203e-06 0.006559642 0.0020428402 1.4845176e-06
