8.6147156e-32 0.70770776 0.60686 0.04243701 0.4559951 0.3426494 0.5700943 0.5642351 0.1777533 0.9150091 0.7140525 0.7654017 0.5332344 0.062191844 0.69576573 0.045792066 0.8293097 0.62461025 0.5873213 0.011627749 0.48316607 0.44785196 0.66763926 0.9730451 0.80883926 0.5388907 0.5800328 0.32595134 0.19760212 0.9324328 0.76097584 0.86860615 0.8469987 0.86821836 0.010930434 0.053122707 0.38962758 0.017898295 0.021504086 0.12178105 0.08016416 0.9992366 0.97628874 0.032874763 0.98176324 0.9779506 0.8623866 0.9792724 0.99766874 0.029812206 0.01365716 0.9615041 0.6618419 0.7668071 0.74390113 0.8345902 0.053685695 0.61138266 0.74136204 0.020134551 0.21641463 0.023467347 0.24285142 0.9892156 0.055110916 0.9250685 0.8885588 0.7759088 0.0038023847 0.49894 0.010224478 0.9906037 0.0005666698 0.2528941 0.99998355 0.99996513 0.09470785 0.0016837367 0.8411128 5.030056e-05 4.6858077e-06 5.4883562e-06 0.9694679 0.99919266 0.3575199 0.93149555 1.7787059e-05 0.0004749845 0.94451404 0.2956489 1.0665525e-05 0.009836803 1.9218169e-05 0.0076364963 6.278642e-05 0.005942082 1.5519432e-05 0.98605275 9.895543e-06 0.00051837746 0.6493163
0.70770776 1.3852596e-19 0.98943055 0.16065478 0.5458167 0.11983871 0.08264247 0.11631295 0.027634127 0.18042071 0.1955989 0.22067203 0.11346372 0.060425304 0.04300523 0.006635557 0.06022014 0.013535175 0.020966716 0.0009998959 0.01777696 0.033958867 0.07632788 0.15393023 0.009655692 0.014296313 0.0037465056 0.02017261 0.032646567 0.012095223 0.020904016 0.0021809535 0.0071085603 0.059143316 0.0061922316 0.00034864136 0.0028226918 0.00021790697 0.0069152797 0.0173988 0.007314816 0.046328887 0.010694126 0.00080337113 0.12099478 0.0784598 0.00090648927 0.01981426 0.064461626 0.009458838 0.0058948314 0.008000988 0.0012266479 0.0013690536 0.00090993306 0.0013523638 0.00071086147 9.684413e-05 0.00011974951 0.0032233542 0.000106879714 6.7920824e-05 3.7961723e-05 0.021112403 0.00041977465 0.0023040185 2.4623218e-06 0.0006478238 0.0005946765 0.00066999556 0.00017296731 0.002111604 0.0005921787 0.00020692636 0.005973904 0.0069995276 4.183393e-06 1.122901e-05 5.0658826e-05 6.677849e-06 7.990639e-06 6.3433567e-06 0.005336026 0.026709255 6.110114e-05 9.160863e-05 7.1144905e-07 0.00029489648 0.001373365 1.7010512e-05 3.5587418e-06 1.279578e-06 0.00017132645 3.2653425e-08 2.1614493e-05 6.388906e-05 1.8974266e-05 0.00023966387 2.034733e-07 9.5459975e-05 1.4481001e-06
0.60686 0.98943055 3.8717114e-19 0.10636286 0.4634439 0.3399517 0.1926239 0.404891 0.014557137 0.47704232 0.13338442 0.18931186 0.06805528 0.052094232 0.011303674 0.00256447 0.2929358 0.006255825 0.0193896 8.8264154e-05 0.019215371 0.020088365 0.17038141 0.37101498 0.008134223 0.007944892 0.00209085 0.019311668 0.0047119493 0.007406407 0.09338453 0.006095642 0.001316316 0.16736476 0.0010576986 0.0005103456 0.0016346243 0.00011157284 0.0015378575 0.007677696 0.0033801906 0.08104393 0.008128127 1.356996e-05 0.13382962 0.0958413 0.0020487302 0.08489097 0.14251709 0.0033294824 0.0010943967 0.037460413 0.0022787463 0.0022638051 0.0038783564 0.0020456787 0.0004037857 2.8674778e-05 5.3388485e-05 0.0008442692 5.460866e-05 1.3304207e-05 3.9249022e-05 0.02656968 0.00034536072 0.0024072789 1.1221276e-06 0.0007184559 0.00010202669 0.0033471612 0.00014751947 0.005343655 9.467145e-06 0.00013029094 0.009051158 0.0024780158 3.0320339e-06 1.6410244e-05 0.00015305681 3.99398e-06 1.9018786e-06 1.7440007e-06 0.010490109 0.03813942 3.366691e-05 0.00014679588 3.1876803e-07 6.365834e-06 0.0051638307 1.9583988e-05 1.3198979e-06 1.8067689e-06 2.8766122e-05 1.3104946e-08 8.255737e-06 8.298271e-05 8.835076e-06 0.000110445675 2.0528674e-07 1.3967428e-05 2.7100189e-06
0.04243701 0.16065478 0.10636286 1.1770342e-23 0.74531645 0.15503582 0.21815354 0.15394767 0.9334228 0.13263972 0.06309239 0.023084382 0.043159045 0.11193908 0.4172505 0.35078385 0.0042334343 0.0013172836 0.002610994 0.118670344 0.009587355 0.02330014 0.00657579 0.0016316418 0.00075794273 0.001762237 0.16786093 0.0059437025 0.05131071 0.00026342543 0.021579122 0.08055266 3.5834513e-05 0.016635686 0.028761256 0.004638869 1.0350856e-05 0.0028227605 0.014176301 0.00213584 4.6768986e-05 0.008614745 0.000107870546 0.006386933 0.008706767 0.006309086 0.0076299184 0.011645597 0.00547017 0.016784789 0.0058909445 0.0054440056 0.00014284311 7.435976e-05 0.0061321273 4.716359e-05 3.6041472e-06 1.3699234e-05 7.330413e-06 0.003930553 8.1146695e-08 0.00944906 0.00023021163 0.0012402924 2.0995678e-06 0.00012351118 1.1137567e-07 4.5333127e-05 0.0141748 0.0048924168 2.6681516e-06 0.00081638014 0.006605053 0.0015882753 0.0010824752 0.00025426538 1.4955766e-07 0.0005928881 3.2172638e-06 9.155552e-05 3.9261744e-05 3.4935878e-05 0.004625236 0.011586624 3.5824933e-06 5.234505e-06 1.791122e-05 0.0008105045 0.004003709 4.9550954e-07 9.606743e-06 1.3579947e-06 8.168029e-05 4.261261e-09 1.8436214e-05 3.9582833e-06 9.480906e-06 5.044119e-06 5.3603653e-06 8.915629e-06 3.363679e-08
0.4559951 0.5458167 0.4634439 0.74531645 1.33593595e-20 0.1060535 0.09739782 0.06834046 0.5470828 0.08751669 0.8003491 0.44444954 0.83341426 0.8662899 0.8655673 0.2643157 0.023102164 0.019199891 0.022220816 0.03599452 0.051465202 0.5738734 0.04273354 0.014539968 0.0050586048 0.036523376 0.0015313283 0.09016863 0.512131 0.002806047 0.013089733 0.0022727996 0.007592016 0.019649103 0.23052171 7.551823e-05 0.0029560039 7.175715e-05 0.0737024 0.05381542 0.02002533 0.010806243 0.0024599633 0.010342525 0.016858319 0.010436285 0.000246803 0.007410551 0.013997913 0.08435921 0.052952096 0.0030593083 0.00092236476 0.0014429705 0.0006217342 0.0005910813 0.0009562413 7.3825504e-05 0.00035728255 0.0191591 6.885324e-05 1.0737589e-05 4.447853e-05 0.0032255219 0.0003096752 0.00042850894 4.5389775e-06 0.00019952912 0.00012426544 0.0009894129 9.66747e-05 0.0027814966 0.0005371012 9.926276e-05 0.0005454537 0.0016828617 7.454017e-07 5.1187344e-05 2.9947058e-05 1.8045244e-05 8.674096e-06 3.936577e-06 0.001690554 0.0044187605 6.185526e-06 2.1589913e-05 2.051708e-06 0.00041244293 0.00032653273 5.0447393e-06 9.496841e-06 3.5005762e-06 0.00015037008 1.8667281e-08 3.9277664e-05 3.5185614e-05 1.6104954e-05 3.3614142e-05 3.6337906e-06 0.000103665305 2.2958136e-07
0.3426494 0.11983871 0.3399517 0.15503582 0.1060535 2.5272323e-21 0.9677835 0.9225675 0.008623296 0.790147 0.00899413 0.0106625715 0.004159296 0.004448216 0.0017695207 0.00053565996 0.43494597 0.00094429794 0.0014376547 1.0103879e-05 0.002669991 0.0031209046 0.030868966 0.12945016 0.00083153707 0.0013708369 0.074361965 0.001919651 0.0005572538 0.0014638898 0.29553428 0.064180285 0.0001013841 0.2855138 0.00019762664 0.00026275954 5.255035e-05 0.00014020097 0.00042098493 0.00036897967 4.1209576e-05 0.1510206 0.0012429988 1.790993e-06 0.061111063 0.049930558 0.004321984 0.14565496 0.063409835 0.003058042 0.0006603471 0.05316118 5.6714962e-05 9.317343e-05 0.00730716 0.00014986043 1.1739711e-05 4.6621055e-05 1.1610588e-05 0.0012027978 3.895831e-06 5.270438e-05 7.0329326e-05 0.0066398773 3.1855532e-05 0.0012181981 5.006071e-07 0.00015060115 4.66432e-05 0.0052871048 3.49076e-05 0.0020444198 4.5261802e-07 0.0002478654 0.004333666 0.0015396068 1.13151714e-07 2.7590704e-05 6.55573e-06 4.5592556e-06 1.1922998e-06 8.4214726e-08 0.008741194 0.042242344 3.5033784e-06 6.3660074e-05 6.5387803e-07 1.8430503e-05 0.0043713413 1.7334563e-06 1.3671179e-06 2.8035258e-06 8.421642e-06 6.7330705e-09 5.1739676e-07 6.8465866e-05 1.5281689e-06 7.528086e-05 5.4376096e-07 0.00014953352 5.4272924e-08
0.5700943 0.08264247 0.1926239 0.21815354 0.09739782 0.9677835 5.8232016e-19 0.85423934 0.036704715 0.70696056 0.004462407 0.0014611284 0.007588176 0.0073894463 0.010670477 0.0028571484 0.40410984 0.000105643194 0.00021827283 8.264784e-05 0.00028206332 0.0058445213 0.0032399748 0.06517312 0.00025701858 0.00017453551 0.28812394 0.00097244215 0.0028138063 0.00039696132 0.30312812 0.11374313 1.69082e-05 0.20825519 0.0014547928 0.008086126 2.8728125e-05 0.0016027624 0.0016419465 0.00037954483 3.6996295e-05 0.10819349 0.00022706484 6.873417e-05 0.0488275 0.025776358 0.015193388 0.10194877 0.04094985 0.005253567 0.0015558095 0.050815504 1.0435333e-05 2.6089318e-05 0.016505226 8.0637155e-06 1.083742e-05 6.705533e-06 2.6935727e-06 0.0026298643 1.1838712e-06 0.00306229 0.0014856352 0.0022677162 1.3345938e-05 4.196814e-05 2.0671548e-08 9.67276e-06 0.00062578934 0.020913262 4.827965e-05 0.00025636348 2.087402e-05 0.0041227466 0.0031619917 0.0014143431 7.073705e-08 0.00042474832 2.8063573e-07 3.594017e-05 1.0642777e-05 1.8835881e-06 0.030545892 0.07148802 1.0534249e-06 2.8549448e-07 1.4688459e-05 0.00012766308 0.038198728 1.8320483e-07 4.030157e-06 2.3086477e-08 4.738243e-05 2.8112082e-09 7.5504213e-06 5.7733654e-05 1.3497887e-05 4.4410476e-06 2.3993909e-05 0.0010775612 1.4628214e-08
0.5642351 0.11631295 0.404891 0.15394767 0.06834046 0.9225675 0.85423934 6.321366e-18 0.011688904 0.94824064 0.010748244 0.011012412 0.0060657226 0.007951877 0.0051663723 0.0017511457 0.62892646 0.0010080175 0.001581412 8.7098924e-05 0.0016518192 0.0046025338 0.013717962 0.28588155 0.00084946374 0.0012573841 0.05818205 0.0035589596 0.0027935284 0.0013670699 0.3609167 0.0215812 9.5428935e-05 0.30467993 0.0015928008 0.00095851795 0.00025441358 0.00061672693 0.0014765763 0.0011056261 0.00035429784 0.14177647 0.0017534676 6.6628716e-05 0.04846993 0.029468171 0.0029533089 0.13057521 0.07738832 0.007807327 0.0037284167 0.06261447 0.00030247186 0.00043816876 0.0048086364 0.00046870796 0.00011243837 4.988594e-05 4.4953456e-05 0.0045879446 2.188167e-05 0.00061917264 0.00052335346 0.0042351284 7.269099e-05 0.0003058529 9.0926846e-07 0.00015529004 0.00013597716 0.0039411937 0.00023427665 0.0010926228 1.5346335e-05 0.0021150778 0.005594615 0.00090831734 7.7231825e-06 2.9039831e-05 6.4628634e-06 2.2365868e-05 1.6155318e-05 4.7984017e-06 0.009936193 0.031160366 1.5346073e-05 9.512922e-06 5.339798e-06 0.00022735496 0.009796734 1.7994093e-06 2.1141559e-05 8.2985474e-07 0.00013900382 2.652346e-08 2.8957309e-05 0.00030318953 6.0204075e-05 1.713855e-05 9.700214e-06 0.0047101816 2.0425213e-07
0.1777533 0.027634127 0.014557137 0.9334228 0.5470828 0.008623296 0.036704715 0.011688904 5.8579915e-23 0.004954602 0.020954538 0.014170037 0.03324233 0.0787898 0.58257186 0.42759377 0.0016478739 0.0011095983 0.0020535002 0.3410884 0.0030268785 0.0266903 0.0026151568 0.0009656151 0.0003816664 0.0007034264 0.018842362 0.0033481987 0.09168648 0.00014862616 0.000695726 0.0067869346 5.4349508e-05 0.0015528536 0.13865086 0.0006665518 5.0744125e-05 0.0005308934 0.077566855 0.0036104175 7.058911e-05 0.0043093995 0.00044472804 0.42879248 0.009518168 0.0056526777 0.00061622664 0.00063939317 0.003443598 0.037938852 0.007907652 0.00013428893 2.3288318e-05 5.7551202e-05 0.0007452358 1.1499554e-05 4.8410107e-06 5.6412255e-06 5.6367567e-06 0.01058919 3.3086846e-07 0.005542209 0.00017893215 0.0026604226 5.347539e-06 0.00016993126 2.7810944e-07 3.1807987e-05 0.08627753 0.0005977346 6.077427e-06 0.00043973338 0.23887096 0.0002945499 0.00083638227 0.0011418909 7.722176e-07 7.444952e-05 1.5743057e-06 6.594e-05 0.00010605536 0.0015499775 0.00046895543 0.0027175557 5.652497e-06 4.275678e-06 1.1025409e-05 0.018075792 0.00018647409 4.1727144e-06 0.00026909332 7.194055e-08 0.00072981796 1.0072663e-08 0.015570231 6.598797e-06 0.00019673981 3.4929948e-05 2.822156e-06 0.00030504513 1.6997167e-07
0.9150091 0.18042071 0.47704232 0.13263972 0.08751669 0.790147 0.70696056 0.94824064 0.004954602 1.1716219e-17 0.00962789 0.009773125 0.0076878397 0.015132381 0.005416099 0.0008002631 0.8783938 0.00059794384 0.0009863119 0.00013898301 0.0010091737 0.005155146 0.016833706 0.54174984 0.00056326814 0.0011816903 0.020320179 0.0028895198 0.005155395 0.0010565685 0.54688877 0.0042662574 0.00023085668 0.45894375 0.0022207105 0.0005328114 0.00012252347 0.00031052512 0.00120817 0.00171161 0.00025239593 0.2390988 0.0014354058 6.870408e-05 0.0663512 0.045092676 0.0009553662 0.16966955 0.1678146 0.0072930246 0.0026627146 0.082398444 7.230036e-05 0.00020726546 0.002017339 0.00014914101 0.00023090534 2.2446791e-05 1.4557054e-05 0.005041669 6.650631e-05 0.0011855406 0.0001416018 0.006077764 0.00038665385 0.00021725315 1.0355681e-06 1.3614213e-05 0.00018779203 0.001510229 0.00021425344 0.0014587905 6.802221e-05 0.0018508543 0.007269419 0.0017794619 1.3183908e-06 1.45900185e-05 9.3755125e-07 3.7568076e-05 4.4683493e-05 2.1972632e-05 0.009399618 0.05816249 1.8920769e-06 4.2624624e-06 1.4677313e-05 0.0001851274 0.0046089357 4.0150096e-07 2.9251298e-05 3.8801775e-07 7.7891505e-05 1.7379894e-07 0.00010320365 0.00019495815 3.1449654e-05 1.2700023e-05 1.8509254e-05 0.0025962833 8.661018e-08
0.7140525 0.1955989 0.13338442 0.06309239 0.8003491 0.00899413 0.004462407 0.010748244 0.020954538 0.00962789 8.271235e-18 0.95541734 0.7474363 0.49113792 0.17287615 0.0072303205 0.016110154 0.09554715 0.0588366 0.0011515516 0.120569915 0.41846532 0.090415105 0.07597873 0.023849545 0.2280315 0.0001364111 0.24176288 0.18675712 0.01949336 0.0046414505 2.0617555e-05 0.068868086 0.0141008 0.03429073 7.5646305e-05 0.012337157 4.0653526e-05 0.03388522 0.07927337 0.045060053 0.012349634 0.019751616 0.0054712975 0.077329144 0.044455387 1.2727862e-05 0.0056184833 0.039516825 0.03587639 0.02332379 0.001430448 0.002329885 0.0028039326 3.9191305e-05 0.001511735 0.0025542432 0.00048746797 0.00061028206 0.010887966 0.000531194 7.4724544e-06 4.923176e-06 0.021882335 0.0014620733 0.0030246063 4.0521147e-05 0.0006823642 8.073454e-05 2.9023411e-05 0.00030667218 0.0035036826 0.00083381974 1.809566e-06 0.0030550077 0.011493186 6.8807713e-06 1.891413e-06 0.00012014506 8.539551e-06 8.073212e-06 7.2005555e-06 0.0009008427 0.002174707 3.932309e-05 0.00030580274 3.2016171e-06 0.0008155358 3.3725042e-05 2.9035262e-05 1.005428e-05 5.1920165e-06 0.00035187913 2.5524786e-08 0.00015042831 6.308051e-05 2.9815314e-05 0.00047189125 2.850074e-06 0.00011016524 2.8662294e-06
0.7654017 0.22067203 0.18931186 0.023084382 0.44444954 0.0106625715 0.0014611284 0.011012412 0.014170037 0.009773125 0.95541734 1.2246917e-17 0.43247458 0.29151103 0.059134122 0.005765388 0.027582124 0.5033687 0.37225497 0.00037447838 0.67752546 0.17768914 0.38383776 0.22800417 0.21565701 0.46064606 5.0127594e-05 0.56930083 0.061809447 0.086811185 0.0058010416 6.609325e-05 0.24758193 0.027299529 0.0051003695 0.00013731391 0.04317895 5.4626573e-05 0.009671386 0.09463871 0.08914498 0.015095862 0.06593412 0.00033748453 0.2879275 0.1886738 1.9692085e-05 0.010170543 0.14346464 0.02250404 0.01907398 0.0034789955 0.019004574 0.014207185 8.663195e-05 0.007624747 0.007906664 0.0016620697 0.003458695 0.0029511282 0.00084825396 2.414551e-06 3.1710115e-06 0.08135255 0.0007689588 0.017012024 0.00019834375 0.002192512 2.2400793e-05 1.4541235e-05 6.734734e-05 0.014371894 3.125816e-05 1.7364734e-07 0.010489743 0.034605823 2.2118478e-05 5.9851513e-06 0.001016425 4.47643e-06 1.7454082e-06 2.347105e-06 0.0007642736 0.0027009784 0.0003986488 0.00085296057 2.2590913e-07 1.8328925e-05 3.07646e-05 7.0715505e-05 2.0020636e-06 1.7181058e-06 2.6913915e-05 6.971453e-08 3.3030835e-06 5.200538e-05 3.3746392e-06 0.0010317143 2.558714e-07 1.6630433e-05 5.541556e-06
0.5332344 0.11346372 0.06805528 0.043159045 0.83341426 0.004159296 0.007588176 0.0060657226 0.03324233 0.0076878397 0.7474363 0.43247458 5.7309036e-21 0.9161821 0.6414405 0.024961459 0.0051954966 0.027953116 0.022348437 0.0032764757 0.054990046 0.8587749 0.03749326 0.010131269 0.00861748 0.050207626 4.576063e-05 0.20827042 0.56131 0.0076143886 0.0022071924 3.8850176e-05 0.06337208 0.004087313 0.13656248 6.230521e-06 0.0067770164 6.1135615e-06 0.07641463 0.17619888 0.0433106 0.004427446 0.0055982624 0.041877594 0.024046572 0.010683937 2.0877147e-05 0.0016219979 0.0070645614 0.0851597 0.05299317 0.0005730806 0.0023156228 0.003681658 3.6559275e-05 0.0011546032 0.0023882412 0.0006622868 0.0015756359 0.0526742 0.0003394331 3.3565364e-06 4.988916e-06 0.00607319 0.002959245 0.0014194429 3.102263e-05 0.00048480998 4.5236084e-05 2.226391e-05 0.0010294592 0.0026228174 0.000548577 1.7021442e-06 0.0004980316 0.0045291604 9.505703e-06 6.805448e-06 0.00013181682 8.684267e-06 6.393023e-06 3.7830898e-05 9.078544e-05 0.0015035266 4.4846063e-05 0.00020042797 1.6399613e-06 0.0064095645 7.1461754e-06 3.3365304e-05 2.4489744e-05 3.7143943e-06 0.0010954805 1.8676248e-07 0.002198489 0.00021333025 0.0009654172 0.00029141354 7.8529666e-07 0.0097331535 5.8191785e-07
0.062191844 0.060425304 0.052094232 0.11193908 0.8662899 0.004448216 0.0073894463 0.007951877 0.0787898 0.015132381 0.49113792 0.29151103 0.9161821 3.099996e-23 0.7535158 0.06480786 0.0019110667 0.016968317 0.014597098 0.0070780315 0.06527812 0.86605895 0.01944386 0.0016211597 0.005312193 0.05281056 3.329201e-05 0.28467572 0.59448814 0.0032900968 0.0016828128 0.00015306688 0.03112272 0.002465311 0.23082839 2.0850553e-06 0.007898035 2.883153e-06 0.0789907 0.09955788 0.055948175 0.002833064 0.002669129 0.02402706 0.01109811 0.00715727 1.7674342e-05 0.00086114 0.0037449498 0.081554554 0.052741665 0.00012461434 0.000708467 0.00080951804 1.1068403e-05 0.00045648895 0.001804022 0.00012091636 0.00034711853 0.03278857 6.2963016e-05 1.516505e-06 9.2984765e-06 0.0030472327 0.00037093394 0.0004790453 3.1391476e-06 0.00024731408 2.1261014e-05 6.036534e-05 0.00016513301 0.0016553508 0.00014395385 1.4174124e-06 0.0002608341 0.0016927286 4.5581663e-07 1.4000676e-05 3.8351885e-05 2.0978946e-06 7.2278783e-07 7.680452e-07 4.4972363e-05 0.0012524031 1.0137467e-05 8.2853025e-05 3.3296328e-07 0.0006290539 1.4196533e-05 9.156893e-06 1.9472122e-06 5.641643e-07 0.0001372414 1.7097744e-08 1.2320065e-05 2.371159e-05 2.2458824e-05 0.00011847341 7.103761e-08 0.000112038266 2.485676e-07
0.69576573 0.04300523 0.011303674 0.4172505 0.8655673 0.0017695207 0.010670477 0.0051663723 0.58257186 0.005416099 0.17287615 0.059134122 0.6414405 0.7535158 3.7242253e-20 0.58493626 0.00072610733 0.014074421 0.0081743775 0.4030076 0.018363554 0.8083658 0.006359694 0.0004892771 0.004881998 0.009676193 0.0004841403 0.03864296 0.8575236 0.0034721936 0.0006377736 0.0004869292 0.0035852497 0.00070043147 0.73888 0.00013819752 0.00097426854 0.00018194331 0.53639835 0.06270102 0.004592353 0.0053877262 0.0011822573 0.76863486 0.010023052 0.0053552208 0.00012250221 0.00043319078 0.0019092615 0.27707592 0.08773185 6.4702e-05 4.4219727e-05 9.281329e-05 8.174778e-05 2.6423622e-05 0.00014405203 8.176061e-06 2.0848138e-05 0.10352739 4.711834e-06 0.0002437556 5.5396882e-05 0.0020512934 9.60946e-05 0.00013535147 1.6245026e-06 4.4580065e-05 0.0034929533 0.00011200162 7.39692e-05 0.0012476756 0.16264358 2.0370999e-05 0.0006900091 0.0064241868 2.5282844e-07 1.7955806e-05 5.2007736e-06 2.1691847e-05 8.855508e-06 0.0011223161 0.00017634498 0.0026030405 3.8819417e-06 4.221239e-05 4.0992836e-06 0.0688891 4.2095846e-05 2.202123e-06 0.00010912221 2.3370391e-07 0.003793717 2.000485e-08 0.033221707 1.5499596e-05 0.0025667038 0.00011386764 2.08219e-06 0.030221706 2.3329865e-07
0.045792066 0.006635557 0.00256447 0.35078385 0.2643157 0.00053565996 0.0028571484 0.0017511457 0.42759377 0.0008002631 0.0072303205 0.005765388 0.024961459 0.06480786 0.58493626 3.1128906e-22 3.746993e-05 0.0014021146 0.0013190643 0.91085833 0.0016506829 0.023907777 0.00035209564 1.175424e-05 0.00018844147 0.00083159143 0.0023738076 0.0037147754 0.12936908 6.955924e-05 5.5171124e-05 0.0009814155 0.00023424158 9.3663984e-05 0.18056445 0.0005621498 6.7783374e-05 0.0006728103 0.11055229 0.0042293468 0.00025537596 0.00029282153 3.224665e-05 0.54957324 0.0008406324 0.0006934166 0.0001467406 6.8934314e-05 0.00035690982 0.04545363 0.0075845 5.6793574e-06 3.9067785e-05 3.5266272e-05 0.0002066603 1.0223235e-05 1.0689609e-05 1.7219525e-06 3.0201556e-06 0.016068965 1.0337416e-06 0.0008305948 5.55198e-05 0.00051047775 6.05098e-06 0.00014098978 3.6525432e-07 3.191644e-05 0.05930235 7.19677e-05 9.399349e-06 0.000350084 0.22658749 2.9334715e-05 0.00030141047 0.00030031844 6.5105246e-07 3.172099e-05 1.1903263e-06 9.320766e-05 0.00014397019 0.0025471232 2.238202e-05 0.00061265484 1.9443085e-06 2.7251674e-06 3.5078078e-06 0.03545055 3.271541e-05 1.2037364e-06 0.0011023759 2.4042788e-07 0.0028152838 2.33867e-08 0.03055509 1.6723616e-05 0.001425854 7.461058e-05 1.120732e-06 0.0017787215 1.2378091e-07
0.8293097 0.06022014 0.2929358 0.0042334343 0.023102164 0.43494597 0.40410984 0.62892646 0.0016478739 0.8783938 0.016110154 0.027582124 0.0051954966 0.0019110667 0.00072610733 3.746993e-05 1.3581426e-15 0.00420406 0.005807518 2.8309246e-06 0.0026876375 0.0006082028 0.07957874 0.9260756 0.0026920703 0.0037818814 0.0018415201 0.002969153 0.00014928856 0.003739192 0.6101641 0.00616281 0.000674572 0.7042447 8.944599e-05 0.00012877323 0.0006995526 3.6037676e-05 0.00012269968 0.00026338373 0.00037539803 0.38429236 0.005644735 1.986327e-07 0.083404504 0.072919786 0.0042862096 0.24082497 0.24726914 0.0020358542 0.00019499776 0.14223428 0.00036747547 0.00042750358 0.0121141905 0.00044485653 0.00036196722 1.1916923e-05 8.404862e-05 9.922131e-05 5.5432498e-05 2.3215862e-06 5.6270757e-05 0.011188755 5.666144e-05 0.0014492427 2.8789313e-05 0.00021274571 2.968391e-06 0.011995851 1.7936467e-05 0.007428761 1.6372561e-06 0.0013208468 0.015831104 0.0032024037 6.376333e-06 4.9365003e-06 3.286435e-05 8.489078e-06 5.2588325e-06 2.4284534e-06 0.047401782 0.09970218 1.1283468e-05 2.8325358e-05 9.3368857e-07 4.570923e-06 0.007096751 6.3700973e-06 2.3153443e-06 2.6542464e-06 2.9009301e-05 1.1483196e-08 1.4570198e-06 1.5872183e-05 5.2868772e-06 6.4740074e-05 9.587774e-07 6.46853e-06 2.4548646e-07
0.62461025 0.013535175 0.006255825 0.0013172836 0.019199891 0.00094429794 0.000105643194 0.0010080175 0.0011095983 0.00059794384 0.09554715 0.5033687 0.027953116 0.016968317 0.014074421 0.0014021146 0.00420406 1.0508196e-18 0.9336759 0.00012140618 0.96607035 0.026068334 0.5294387 0.085688174 0.44544983 0.32431394 3.3443914e-06 0.1578043 0.015354587 0.2949562 0.0007722987 1.0944456e-06 0.1608977 0.006493005 0.002352748 9.2169685e-06 0.044768836 2.1793628e-06 0.0054992735 0.03635977 0.042770866 0.003496646 0.14165148 0.00038323805 0.14768395 0.09836051 1.1661228e-06 0.0021636933 0.057347316 0.011423985 0.0054357625 0.00018624091 0.0322516 0.017381852 7.4564844e-07 0.01879801 0.00841636 0.006746115 0.006939386 0.001847277 0.0030953346 9.4282433e-07 3.0281282e-07 0.06415484 0.0010946414 0.027733386 0.0005429868 0.0047390675 1.124973e-05 1.2454722e-06 8.4485066e-05 0.019809803 1.553744e-05 9.311996e-09 0.017712858 0.0654237 0.00016516245 1.5638726e-06 0.0010124675 2.2449115e-06 2.762737e-06 5.5189143e-06 0.00018479508 0.00082638586 0.00054534886 0.0013182845 2.820831e-07 2.1890539e-05 7.938809e-07 0.00028176437 3.436331e-06 1.8052422e-05 0.000105169536 1.932353e-07 2.9137507e-05 0.000120457466 1.23949e-05 0.002734497 1.8138188e-07 1.2189825e-05 4.7423742e-05
0.5873213 0.020966716 0.0193896 0.002610994 0.022220816 0.0014376547 0.00021827283 0.001581412 0.0020535002 0.0009863119 0.0588366 0.37225497 0.022348437 0.014597098 0.0081743775 0.0013190643 0.005807518 0.9336759 1.64853e-18 6.93092e-05 0.7844247 0.015080229 0.91274154 0.13558589 0.822892 0.15714987 2.0482585e-05 0.06943776 0.007295111 0.54179657 0.00185894 1.3704055e-05 0.15506303 0.010934333 0.001376113 1.8706123e-05 0.048637457 2.9258676e-06 0.0025201854 0.025105685 0.04552008 0.0057918574 0.15060392 4.079112e-05 0.16584197 0.113999166 4.394707e-06 0.006449448 0.08269835 0.0048412513 0.0019325964 0.0011744079 0.052325744 0.029084628 4.6854234e-06 0.023489412 0.0076388125 0.009510954 0.0110944435 0.00051981927 0.0018980148 7.229181e-07 1.2049757e-06 0.07077544 0.00034010955 0.030425765 0.0006668465 0.0064925933 7.771503e-06 1.2161156e-05 3.3198514e-05 0.024141697 6.1713786e-06 8.6465754e-08 0.03049573 0.06991695 0.00022284294 1.7058248e-06 0.0010769765 3.855841e-06 2.482517e-06 6.256905e-06 0.0005793597 0.0018387877 0.0007372651 0.0014113821 2.8365983e-07 1.4757865e-05 4.618765e-06 0.00060640945 1.8160108e-06 4.2139764e-06 3.0066041e-05 1.2216975e-07 5.9598537e-05 5.3280808e-05 6.411731e-06 0.003931053 1.3060783e-07 7.866238e-06 0.00010260805
0.011627749 0.0009998959 8.8264154e-05 0.118670344 0.03599452 1.0103879e-05 8.264784e-05 8.7098924e-05 0.3410884 0.00013898301 0.0011515516 0.00037447838 0.0032764757 0.0070780315 0.4030076 0.91085833 2.8309246e-06 0.00012140618 6.93092e-05 8.001864e-21 0.00015033064 0.0046233754 2.9237073e-05 5.324408e-07 3.819974e-05 1.4342522e-05 0.0015074908 0.00027098772 0.049364574 3.1650625e-06 1.5795142e-05 0.00034980566 1.8124762e-06 2.0690888e-05 0.07757491 0.00043574374 2.9163414e-07 0.00037322534 0.07399293 0.00021927051 1.0166362e-06 8.474756e-05 5.130427e-06 0.59957916 0.00012652026 0.00011281752 2.3160877e-05 2.4421852e-05 7.482991e-05 0.021007221 0.0009069307 1.1165702e-06 5.4886236e-06 6.317421e-06 2.5826736e-05 2.5499227e-07 6.149221e-07 7.05425e-08 6.2290803e-07 0.0014518178 1.5389356e-08 0.0025772867 2.4968234e-05 0.00010667241 8.3644795e-07 1.4488094e-05 1.1742313e-08 2.5074767e-06 0.12798479 1.973875e-05 9.257593e-07 0.00015479073 0.29166648 1.5975207e-05 0.00016308809 5.0876988e-05 2.982898e-08 7.848094e-05 3.8274604e-07 0.00039339802 0.00093101326 0.015117545 2.825261e-06 0.00030700548 5.729595e-07 3.8415502e-07 8.371059e-06 0.025631234 8.5089605e-06 3.870561e-07 0.0040027224 1.0402067e-07 0.002667839 8.018215e-09 0.06823876 1.1549632e-06 0.0013454031 2.1874212e-06 1.802109e-06 2.3584123e-05 6.6103425e-08
0.48316607 0.01777696 0.019215371 0.009587355 0.051465202 0.002669991 0.00028206332 0.0016518192 0.0030268785 0.0010091737 0.120569915 0.67752546 0.054990046 0.06527812 0.018363554 0.0016506829 0.0026876375 0.96607035 0.7844247 0.00015033064 1.8397891e-20 0.040088948 0.3232407 0.045203038 0.32108608 0.7572236 1.2717379e-05 0.36726916 0.041514732 0.1375335 0.00097631244 6.1880623e-06 0.31504604 0.006351675 0.01231312 1.6923219e-05 0.14707011 1.8244996e-06 0.01623987 0.056508627 0.112142384 0.0010381336 0.1429387 0.00035717254 0.13160487 0.08128869 1.0946961e-06 0.0016346618 0.044110037 0.023588352 0.019733923 0.0002435555 0.0704702 0.08619164 2.1572e-06 0.02857171 0.04032643 0.12880048 0.095426515 0.004558173 0.022402273 2.754887e-07 7.6152116e-07 0.079386584 0.0060853935 0.040106207 0.0043412484 0.01265412 9.144919e-06 2.0588614e-05 0.0008835254 0.025274808 3.5903307e-05 1.2881542e-07 0.01544876 0.0435337 0.001202405 3.2894156e-06 0.0015677047 6.120562e-06 2.985146e-06 1.0304232e-05 8.9223795e-05 0.0005851677 0.0014219249 0.0016208597 5.265333e-07 5.775095e-05 1.4593269e-06 0.0010001934 7.292975e-06 0.00015023978 0.000111246016 2.5603633e-06 2.4201936e-05 0.0004286495 1.0093179e-05 0.004181159 2.1105255e-07 7.2801304e-05 0.000195048
0.44785196 0.033958867 0.020088365 0.02330014 0.5738734 0.0031209046 0.0058445213 0.0046025338 0.0266903 0.005155146 0.41846532 0.17768914 0.8587749 0.86605895 0.8083658 0.023907777 0.0006082028 0.026068334 0.015080229 0.0046233754 0.040088948 7.987652e-21 0.016895983 0.00070515694 0.007551639 0.085403666 8.331055e-06 0.41055626 0.9222685 0.0058689355 0.0005550114 2.7617583e-05 0.15298429 0.00096300524 0.5280463 1.3373988e-06 0.013889 1.4890805e-06 0.2821087 0.4262674 0.15928024 0.0025566814 0.0037792474 0.12418957 0.011790584 0.005045062 9.037421e-06 0.00052156695 0.0025783782 0.20669466 0.1473104 0.00016815824 0.001613264 0.0025885177 3.7137797e-05 0.0004937633 0.005936336 0.00042650694 0.0008576266 0.0987536 0.00032875309 6.527796e-07 6.593346e-07 0.0039012579 0.007603725 0.001250945 2.1923968e-05 0.00027891947 3.1049356e-05 1.7603172e-05 0.0030026373 0.0023652837 0.003089164 1.7802595e-06 0.00039370032 0.0036924619 7.836168e-06 2.8249297e-06 9.205448e-05 5.2429186e-06 2.0664768e-06 1.5814572e-05 1.8564835e-05 0.0013023962 3.8810736e-05 0.00024253405 1.1955345e-06 0.02612833 2.344197e-06 1.843036e-05 4.509595e-06 3.0402603e-06 0.0017766726 1.0127996e-07 0.0021966351 0.00024447613 0.0012196593 0.00049316423 4.3509178e-07 0.046924423 8.4191e-07
0.66763926 0.07632788 0.17038141 0.00657579 0.04273354 0.030868966 0.0032399748 0.013717962 0.0026151568 0.016833706 0.090415105 0.38383776 0.03749326 0.01944386 0.006359694 0.00035209564 0.07957874 0.5294387 0.91274154 2.9237073e-05 0.3232407 0.016895983 9.3522055e-20 0.5339354 0.9278511 0.18780151 0.0001249298 0.10610005 0.0036006419 0.83716875 0.017001197 0.0001973063 0.15515424 0.09696673 0.0013898488 9.3061455e-05 0.031299423 1.02609565e-05 0.0017369781 0.01689181 0.040064298 0.03321268 0.21657862 5.2463743e-06 0.4870665 0.4243932 2.0900772e-05 0.061459847 0.44961327 0.002739805 0.0011995863 0.026555793 0.06926985 0.029367214 0.0002811438 0.029730752 0.007711767 0.0024803553 0.007381801 0.0005187352 0.000954173 1.4702073e-06 3.0110277e-06 0.30185288 0.00027829694 0.03954178 0.00044938026 0.009186787 2.0478854e-05 0.00031511992 6.044703e-05 0.06011564 4.468143e-06 6.1278774e-07 0.13956161 0.076352276 6.912688e-05 1.796903e-05 0.0017361548 1.4185341e-05 4.2336783e-06 1.1671803e-05 0.0045499904 0.016907772 0.00063235674 0.0014900097 1.9228462e-06 1.33524445e-05 0.0002489098 0.00034166969 1.0089002e-05 1.7999637e-06 0.00019085869 1.16582754e-07 4.9522187e-05 7.2531446e-05 2.3267741e-05 0.004224882 1.1769513e-06 1.0495236e-05 5.3843458e-05
0.9730451 0.15393023 0.37101498 0.0016316418 0.014539968 0.12945016 0.06517312 0.28588155 0.0009656151 0.54174984 0.07597873 0.22800417 0.010131269 0.0016211597 0.0004892771 1.175424e-05 0.9260756 0.085688174 0.13558589 5.324408e-07 0.045203038 0.00070515694 0.5339354 1.305649e-16 0.077098556 0.052512754 0.0005328226 0.019242167 0.00026477163 0.07978365 0.18400471 0.002172548 0.016609307 0.6054878 4.9357543e-05 7.620414e-05 0.0018751599 8.482935e-06 2.991155e-05 0.0008827767 0.00073832046 0.39497265 0.04138111 6.7095364e-08 0.58208984 0.52952385 0.0029459344 0.3841689 0.7499251 0.00025451553 8.329996e-05 0.23904355 0.007504775 0.0022916754 0.010660005 0.0072466843 0.00016685137 2.0485082e-05 0.00024511717 6.6659504e-06 5.2330604e-05 2.7654728e-06 8.907846e-06 0.06518797 8.9057985e-06 0.01626021 1.4352922e-05 0.0026174437 6.0961474e-06 0.01884753 1.1944667e-06 0.0200248 6.459209e-06 5.488163e-06 0.13601899 0.057636272 1.7492478e-06 1.426447e-05 0.00054447766 3.3575513e-06 1.727362e-06 6.855417e-06 0.10892228 0.22478807 0.00011897147 0.00038437638 7.641737e-07 3.145022e-05 0.012889446 2.9985751e-05 1.6619825e-07 6.103582e-08 1.5240102e-05 2.3790843e-09 8.1388623e-07 7.0875444e-07 1.3757343e-06 0.0014439631 4.7441702e-07 1.3379422e-06 2.6764649e-06
0.80883926 0.009655692 0.008134223 0.00075794273 0.0050586048 0.00083153707 0.00025701858 0.00084946374 0.0003816664 0.00056326814 0.023849545 0.21565701 0.00861748 0.005312193 0.004881998 0.00018844147 0.0026920703 0.44544983 0.822892 3.819974e-05 0.32108608 0.007551639 0.9278511 0.077098556 8.439681e-18 0.18949264 1.924412e-05 0.06747223 0.0032153241 0.96729785 0.00031160077 6.8853406e-06 0.19055992 0.008077483 0.00069043174 2.4101525e-06 0.06676121 3.482932e-07 0.0013520162 0.017913042 0.026264599 0.0029085244 0.3828265 3.8602986e-05 0.25950062 0.22547089 1.993916e-06 0.007852481 0.21479192 0.004069431 0.002726157 0.0011260089 0.07823042 0.060335316 3.3249698e-06 0.03255065 0.0079849 0.045653492 0.052879352 0.00089092384 0.008834287 4.0673535e-07 1.6537025e-07 0.19459121 0.0007345539 0.04514016 0.0071980115 0.01709117 4.202715e-06 4.854186e-06 0.00012419045 0.0381939 3.6301175e-05 8.3406775e-09 0.08369029 0.12332885 0.0011465827 2.373712e-06 0.0022031125 5.5262353e-06 3.549516e-06 7.150934e-06 9.521149e-05 0.00087227445 0.0013106334 0.0019911332 8.2435844e-07 6.0303137e-05 1.2743816e-06 0.0006159326 1.055957e-05 7.2556075e-05 4.0947725e-05 1.5581234e-06 0.00012270344 0.00029258174 1.793149e-05 0.0061401096 7.491295e-07 2.0934545e-05 0.00021993967
0.5388907 0.014296313 0.007944892 0.001762237 0.036523376 0.0013708369 0.00017453551 0.0012573841 0.0007034264 0.0011816903 0.2280315 0.46064606 0.050207626 0.05281056 0.009676193 0.00083159143 0.0037818814 0.32431394 0.15714987 1.4342522e-05 0.7572236 0.085403666 0.18780151 0.052512754 0.18949264 1.3733735e-19 2.4428944e-06 0.9763419 0.08337771 0.15247592 0.00088310504 7.2111584e-06 0.5593298 0.005172266 0.008628702 7.7906435e-07 0.48741052 8.336563e-08 0.011072791 0.14720936 0.21330513 0.0017526979 0.2261494 0.00016372827 0.13491258 0.09274393 2.0956147e-06 0.0009553024 0.035349168 0.026381357 0.03788573 0.00019092805 0.14182258 0.17847565 3.3825265e-06 0.08018461 0.08483518 0.1690716 0.18115802 0.011062405 0.04568658 1.6582207e-07 5.13409e-07 0.11382293 0.022094348 0.07944195 0.015805775 0.022145322 1.9913801e-05 6.7970286e-06 0.0029084566 0.039813932 7.2829803e-06 2.6028133e-07 0.010168923 0.09471544 0.0062791817 1.3574955e-05 0.0067871837 1.6026087e-06 4.664198e-06 9.989937e-06 0.00025196737 0.0022883504 0.0041116797 0.005899997 4.1827522e-07 1.4737933e-05 6.5570675e-06 0.002202897 1.0420585e-05 0.00082592963 6.114882e-05 4.0884162e-05 9.8886185e-06 0.0006231259 1.5138138e-05 0.017107166 4.085676e-07 4.6782727e-05 0.001122884
0.5800328 0.0037465056 0.00209085 0.16786093 0.0015313283 0.074361965 0.28812394 0.05818205 0.018842362 0.020320179 0.0001364111 5.0127594e-05 4.576063e-05 3.329201e-05 0.0004841403 0.0023738076 0.0018415201 3.3443914e-06 2.0482585e-05 0.0015074908 1.2717379e-05 8.331055e-06 0.0001249298 0.0005328226 1.924412e-05 2.4428944e-06 1.5315472e-20 1.9106694e-05 5.4877655e-06 6.7913006e-06 0.03384536 0.8851573 4.3926138e-07 0.005251 0.00012737268 0.88013715 2.968953e-07 0.73834234 0.00014197204 5.002584e-06 1.401565e-07 0.04657553 8.283268e-06 7.5304415e-05 0.00096157816 0.00067129324 0.33783874 0.0068025356 0.00038741936 0.0028632258 8.189425e-05 0.012614996 6.3771304e-06 3.0149482e-05 0.12099651 3.712376e-06 6.9089896e-07 2.1978071e-06 6.781427e-07 0.00017633018 1.8236463e-07 0.52055043 0.5856825 2.5589023e-05 1.4916204e-06 3.7754105e-06 6.25091e-08 2.8235974e-07 0.097069725 0.008309236 3.076027e-06 1.3141998e-05 0.0003993078 0.09152184 2.0454727e-05 0.0001840204 2.163407e-08 0.17720851 1.4414279e-07 0.0070499163 0.0019331974 4.3086886e-05 0.0064333715 0.032435715 1.8763869e-07 1.459351e-07 0.027629407 3.5343426e-06 0.0009566882 1.676164e-08 0.00033607392 3.1990137e-06 4.0860734e-05 7.0094095e-09 4.673247e-05 2.0813404e-06 3.5189655e-06 4.847247e-08 0.0055452865 5.7238824e-05 5.0073834e-09
0.32595134 0.02017261 0.019311668 0.0059437025 0.09016863 0.001919651 0.00097244215 0.0035589596 0.0033481987 0.0028895198 0.24176288 0.56930083 0.20827042 0.28467572 0.03864296 0.0037147754 0.002969153 0.1578043 0.06943776 0.00027098772 0.36726916 0.41055626 0.10610005 0.019242167 0.06747223 0.9763419 1.9106694e-05 2.1344775e-20 0.3838119 0.05657026 0.00035091917 0.00010849794 0.7829708 0.002155779 0.09659532 6.4343712e-06 0.49471742 1.6273619e-06 0.09943988 0.5472625 0.61279774 0.0004454012 0.07252779 0.00213887 0.04379665 0.023357818 6.7016713e-06 0.0005524576 0.00799072 0.12983501 0.17732365 0.00019438005 0.0716876 0.07307159 3.2918663e-06 0.029830597 0.23504141 0.07075643 0.058273964 0.05164794 0.063851625 3.0661909e-07 1.2155085e-06 0.025864828 0.09787727 0.022230921 0.0047004353 0.01126618 4.4592034e-06 1.05177305e-05 0.012834445 0.008723927 9.070958e-06 2.9144454e-07 0.0029675649 0.024302576 0.0025188867 2.5691172e-06 0.0034881416 2.8769755e-06 5.606482e-06 2.2054605e-06 0.000115152536 0.0018272666 0.0027964218 0.0034474833 7.245339e-07 0.00088493584 3.2239438e-06 0.001932204 1.0002111e-05 0.0004239086 0.00025529414 8.055254e-06 5.460361e-05 0.0011467264 2.655025e-05 0.0060937037 3.0057956e-07 0.00015091227 0.00027881333
0.19760212 0.032646567 0.0047119493 0.05131071 0.512131 0.0005572538 0.0028138063 0.0027935284 0.09168648 0.005155395 0.18675712 0.061809447 0.56131 0.59448814 0.8575236 0.12936908 0.00014928856 0.015354587 0.007295111 0.049364574 0.041514732 0.9222685 0.0036006419 0.00026477163 0.0032153241 0.08337771 5.4877655e-06 0.3838119 8.5147565e-21 0.0010706381 0.000108435765 2.0626188e-05 0.18432872 0.00013149477 0.88238347 7.331294e-06 0.014571117 3.773798e-06 0.67186445 0.5711861 0.3041542 8.594508e-05 0.000789045 0.4615319 0.0018649071 0.0007532158 1.1449228e-05 0.00013563613 0.00046446806 0.53255737 0.44770926 1.9304485e-05 7.405559e-05 0.0002493829 3.6716756e-05 2.1542857e-05 0.005301343 1.2025448e-05 6.854825e-05 0.27214003 7.53473e-05 5.365656e-07 4.705603e-07 0.00046663804 0.0033725097 8.5703876e-05 8.368641e-06 3.6854377e-05 6.638534e-05 1.2142626e-05 0.0011298022 0.00035646706 0.014573222 5.551471e-07 0.00010515329 0.00047413976 2.2989009e-07 7.104331e-06 8.173565e-06 2.8141844e-06 1.099097e-06 1.5937134e-05 3.2936012e-05 0.00078979146 1.0517093e-06 3.669012e-05 6.7225545e-07 0.028705409 0.00010920497 1.8535123e-06 1.8844919e-06 4.7328092e-07 0.0038340641 1.8494571e-09 0.00061353156 0.00013213375 0.0017643784 1.2713705e-05 3.6740676e-07 0.009750713 2.4782638e-08
0.9324328 0.012095223 0.007406407 0.00026342543 0.002806047 0.0014638898 0.00039696132 0.0013670699 0.00014862616 0.0010565685 0.01949336 0.086811185 0.0076143886 0.0032900968 0.0034721936 6.955924e-05 0.003739192 0.2949562 0.54179657 3.1650625e-06 0.1375335 0.0058689355 0.83716875 0.07978365 0.96729785 0.15247592 6.7913006e-06 0.05657026 0.0010706381 5.4211577e-19 0.001121818 6.4569863e-06 0.1753339 0.007758326 0.0002981678 6.176097e-07 0.044001196 1.0501703e-07 0.00049511966 0.012843842 0.018194826 0.0037520998 0.9039933 1.8925244e-06 0.43801796 0.393102 3.5451853e-06 0.009524842 0.4083336 0.00095049007 0.00055379665 0.0010244409 0.040480606 0.030971153 1.0475946e-05 0.04264981 0.0051779742 0.028437529 0.031092452 0.00014452195 0.0055511566 1.473553e-07 1.243078e-07 0.37949845 0.0005305118 0.060784455 0.009700743 0.007092631 5.4479888e-06 6.8139684e-06 5.099313e-05 0.056151852 7.089833e-06 1.2784801e-08 0.22960937 0.18489079 0.00070398947 2.9047794e-06 0.0020818198 3.979172e-06 1.1449992e-05 6.889635e-06 0.00017332779 0.00184279 0.00079415774 0.0013823721 3.3427877e-06 2.6416468e-05 5.3986473e-06 0.0002324278 9.561837e-06 1.2787295e-05 1.4058824e-05 5.1462403e-06 7.009363e-05 5.8091213e-05 5.4599204e-06 0.00395337 1.5435878e-06 3.7322086e-06 0.000120337936
0.76097584 0.020904016 0.09338453 0.021579122 0.013089733 0.29553428 0.30312812 0.3609167 0.000695726 0.54688877 0.0046414505 0.0058010416 0.0022071924 0.0016828128 0.0006377736 5.5171124e-05 0.6101641 0.0007722987 0.00185894 1.5795142e-05 0.00097631244 0.0005550114 0.017001197 0.18400471 0.00031160077 0.00088310504 0.03384536 0.00035091917 0.000108435765 0.001121818 1.3853766e-18 0.28005275 0.0001359096 0.75668573 1.8020393e-05 0.0032381802 4.4583972e-05 0.00091709284 1.9586583e-05 1.594075e-05 5.2020114e-05 0.43982822 0.0014597521 4.398197e-07 0.020158125 0.015097813 0.32091188 0.79558957 0.06100439 0.00042072363 0.00024619087 0.92750853 3.866389e-05 6.74181e-05 0.48810434 0.00012707069 4.0005965e-05 1.2183747e-05 1.48053705e-05 0.00028292218 1.8404611e-05 1.6645792e-05 0.0015338941 0.0041437796 1.2898974e-05 0.00029597135 4.642068e-06 2.3118238e-05 6.599678e-06 0.17387302 7.595303e-05 0.0018269435 5.5150945e-06 0.027264962 0.012262232 0.0014628152 4.4475343e-07 0.00016810789 5.7253537e-06 1.3665308e-05 7.3181263e-06 9.9668605e-06 0.085609585 0.32230216 7.064371e-07 7.0194337e-06 1.671377e-06 5.466712e-05 0.04201778 8.499905e-07 3.8634935e-06 1.8154376e-08 6.724126e-05 8.7663626e-10 3.164417e-06 0.0006949903 3.459221e-05 1.4198183e-07 2.8946772e-06 0.0019398755 1.2580591e-08
