1.9772004e-24 0.0149117615 0.39793903 0.049578793 0.022597535 0.007830346 0.017574621 0.04358139 0.038710706 0.57546204 0.7660195 0.63448 0.061940063 0.7798995 0.0052485596 0.16996567 0.88873065 0.020135222 0.18549192 0.96128625 0.9740416 0.79440016 0.014829296 0.100218005 0.9331169 0.001274386 0.2246759 0.9661934 0.0018465321 0.369828 0.08121021 0.0004954515 0.9731076 5.0103023e-05 0.04630387 0.78808093 0.20471312 0.7488632 0.5204239 0.94294393 0.9788852 0.59342414 0.64704525 0.14708804 0.7010576 0.067265205 0.0054804124 0.4384624 0.92474216 0.98191816 0.9745717 0.112647295 0.010905979 0.016453002 0.0012977096 0.979247 0.74627393 0.041114658 0.9138939 1.453011e-06 0.96030647 0.7845264 0.890569 0.0001394582 0.77183247 0.5874299 0.0019322224 0.48470685 0.89612484 0.0015270021 0.5227284 0.5525864 0.902935 0.98421335 0.94628775 0.16874525 0.0006999233 0.976621 0.81184393 0.9017604 0.0032881016 0.9994495 0.005884527 0.02257521 0.9993216 0.98319 0.879682 0.94704425 0.044438705 0.985232 0.99988055 0.0005050485 0.9938419 0.8158402 0.99622047 5.673289e-06 0.99995464 0.08329458 0.6592926 0.0017560164 1.5158859e-08
0.0149117615 1.0027308e-16 0.88587785 0.6076226 0.35482505 0.95690054 0.9517088 0.17225839 0.44963986 0.14970769 0.13982235 0.031511057 0.7891546 0.0048915558 0.01672215 0.0059204088 0.023029162 0.083370835 0.029890522 0.035408273 0.009947016 0.0011159567 0.0067024673 0.0014131318 0.042277277 0.052143864 8.335311e-05 0.000115670045 0.00025628798 0.0029625103 0.0027785457 8.84921e-06 0.00076826103 0.0015911204 0.001665779 1.7646518e-07 0.00046384326 3.1040654e-05 0.00025263312 0.00017036758 1.691244e-05 1.8249739e-05 3.4344766e-06 8.657835e-05 0.00028163192 0.00022994501 0.0017681558 1.6119958e-06 2.1673382e-05 0.0024996006 1.6324642e-05 0.00014769979 3.7506275e-06 9.9923184e-08 0.0047884504 0.00026233663 1.8635666e-05 5.3427525e-06 0.00021152117 5.1117047e-05 0.0018348226 1.3490437e-05 3.4013905e-05 1.7046208e-05 7.741869e-06 4.0579154e-05 5.0294016e-06 3.2527612e-06 5.143284e-05 4.1091644e-07 9.666342e-06 1.2667521e-05 2.9976314e-05 0.0043274444 3.8497365e-05 6.177679e-06 0.0010488818 7.846732e-05 9.816527e-05 0.00019031159 2.7547769e-05 8.422887e-06 6.273569e-08 1.582874e-05 0.00011242411 6.1277806e-06 0.00014165395 0.00020467948 0.00021649203 0.0009366871 0.0043882993 1.2553715e-05 0.00010003633 0.000390818 0.0007007522 3.2210966e-05 0.0010603453 0.00012073419 0.00017031039 1.808994e-05 1.7071042e-06
0.39793903 0.88587785 2.7463687e-17 0.6003837 0.3898331 0.1791117 0.56948966 0.51203763 0.36193094 0.5176231 0.74997234 0.9664726 0.0209899 0.20493653 0.005009868 0.010546347 0.7095321 0.00066307426 0.0012167735 0.68000036 0.27042952 0.0017749155 0.0005810454 0.00027871472 0.014852131 5.7529473e-05 4.997442e-05 0.0077944053 9.042309e-06 0.0031356337 0.005680471 1.2746757e-06 0.0033125083 3.8337436e-07 6.117227e-05 0.0007391656 2.6592797e-05 2.1040809e-05 1.9607335e-06 0.0040648934 0.001016217 2.9477484e-05 0.00016672474 1.053135e-05 0.0005829672 5.0727183e-05 0.00031245186 2.359104e-06 0.0014778364 0.0015673256 0.0010463091 7.376065e-06 1.2402124e-07 6.1927025e-08 2.5912468e-05 0.0013187806 1.4952017e-05 2.0909615e-06 0.0010621792 3.5888038e-07 7.379692e-05 2.7568902e-05 0.00079800957 6.0501293e-07 0.0006579025 0.00029873822 5.334688e-06 1.2535185e-05 0.00017479068 1.3399508e-06 4.888168e-06 2.2978094e-05 0.00060554984 0.0015548824 0.00093009917 8.677749e-07 8.7206445e-06 0.00024437497 0.0025944258 1.3629855e-05 1.606854e-06 0.0005270524 1.7356405e-07 1.2448855e-06 0.00090059795 3.2416083e-05 2.813754e-05 0.0006767196 7.869441e-06 0.002168336 0.0003249676 1.718213e-07 0.00029360002 3.8059126e-05 0.0018216952 7.6205805e-07 0.003056278 6.1927035e-06 2.9951725e-06 6.946947e-07 1.4673861e-10
0.049578793 0.6076226 0.6003837 1.708333e-16 0.9882968 0.838983 0.0038163024 0.009721321 0.0025774108 0.81380033 0.017626321 0.3705072 0.0011332543 0.2831799 0.06517516 0.41537765 0.060833003 9.863279e-05 0.00010969587 0.016929137 0.012576257 0.028578421 0.019245362 0.018483471 0.0011395738 2.5533149e-05 0.0019168201 0.007903438 4.940381e-06 9.596868e-05 3.2618584e-05 8.299023e-07 0.00087778963 3.1406803e-06 1.0664228e-06 0.00015394011 0.000117926815 6.059504e-06 0.00015131233 0.00039578794 0.0022562507 0.00037346693 0.0017372066 5.6626136e-06 0.00052363775 1.0067252e-05 0.0021399758 1.9512222e-06 0.00015843307 0.0026738744 0.0011054174 1.3876838e-05 4.9537346e-07 1.16746754e-07 0.00034315663 0.00018407412 1.0659658e-05 2.4815797e-06 0.00030075377 5.097652e-08 0.00038786946 9.683974e-06 0.00024729778 2.052196e-07 0.00020137231 5.4908673e-05 7.193852e-07 3.96395e-06 0.00015381274 7.125905e-07 4.4934704e-06 4.88886e-05 0.00017143953 0.0036475644 0.00016940327 2.0336126e-06 0.000298871 0.0001798802 0.0019734735 0.00032456743 1.4373626e-06 0.00019795014 4.6497348e-07 2.2654872e-06 0.0015850667 7.779878e-05 7.000652e-05 0.0017584119 4.4632447e-06 0.0017038854 0.0018554669 5.028603e-07 0.0011731347 3.524939e-05 0.0008466748 1.313063e-06 0.0006035518 2.1949522e-06 1.4159174e-05 5.475796e-07 8.759949e-09
0.022597535 0.35482505 0.3898331 0.9882968 2.517674e-16 0.75392634 0.00087281497 0.0025586376 0.0005607266 0.8093261 0.006223564 0.27266318 0.00019984886 0.23017164 0.094473526 0.5005388 0.048283096 4.901047e-06 1.5931251e-05 0.009690322 0.0069402666 0.03432661 0.034464512 0.02913751 0.000886542 1.3352271e-06 0.00192776 0.0038897167 1.3451566e-06 3.9680293e-05 4.653071e-05 1.08584196e-07 0.00025933745 9.544705e-07 7.159808e-07 7.718908e-05 4.5219953e-05 3.5197172e-06 0.0005014818 0.0002113008 0.002709456 0.00019243469 0.0016511672 1.5060321e-05 0.00034213645 6.6749517e-06 0.0029058296 5.2457966e-07 0.00015646292 0.00341951 0.0010185981 1.08425465e-05 2.7373355e-07 7.607035e-08 0.0007413053 0.00027969084 1.83519e-06 1.3602538e-06 0.000558039 3.477877e-07 0.00045680688 2.2569498e-06 0.00024797153 2.7684217e-07 8.3976425e-05 4.478174e-05 8.3896526e-07 1.0597569e-06 3.683361e-05 3.4570377e-07 4.702692e-07 1.2249468e-05 0.00018291583 0.0019932915 0.0003421952 1.3143045e-06 0.00025674593 0.00012602375 0.0018360049 0.0001981445 2.3905332e-07 0.00039305844 9.4369824e-08 6.678011e-07 0.0020804831 4.973e-05 5.7771555e-05 0.0023793739 7.2239404e-06 0.0009723537 0.0006306884 3.9988907e-07 0.0010955615 8.726721e-05 0.00078850496 1.1550854e-06 0.00066703896 8.009469e-06 9.714091e-06 8.4602203e-07 1.9111666e-09
0.007830346 0.95690054 0.1791117 0.838983 0.75392634 1.7271787e-16 0.00030191508 0.0010467469 0.00013034487 0.339443 0.0021081914 0.016261814 0.00010439251 0.014474839 0.97841454 0.5311107 0.0020213851 1.3999247e-05 5.723748e-06 0.00087471894 0.00018339984 0.027197247 0.4982156 0.122125715 0.00036966352 1.5004298e-05 0.003797094 3.4472043e-05 1.5573421e-06 3.548306e-05 5.7084085e-06 5.4760574e-07 0.00017044948 2.0256612e-06 9.2582906e-07 6.6730486e-08 7.784045e-06 5.2093164e-06 0.0016118467 8.8650895e-06 8.133517e-05 0.00030835698 0.00028898424 4.217366e-06 4.8138183e-05 6.216709e-06 0.0089817615 1.9035298e-06 4.5485867e-05 0.0027679363 0.0001505203 4.7725657e-06 7.746096e-07 3.1064167e-07 0.005042477 0.00027964497 2.3946337e-05 2.0116713e-06 0.00019348673 3.0316306e-07 0.000980684 2.0469635e-05 2.9052628e-05 3.856795e-07 0.00020649619 0.00015493546 4.6570878e-07 2.6241191e-06 5.0724622e-05 6.1097285e-07 1.2079055e-05 1.5744416e-05 6.568305e-05 0.006141436 1.4395946e-06 1.107393e-06 0.0005416362 0.00034162196 0.0002535675 0.0006707519 1.2334426e-06 5.4355437e-06 1.8493726e-07 2.4272006e-06 0.0005855979 4.152273e-05 1.5255427e-05 0.0016844611 1.0020308e-05 0.0006833935 0.005197082 3.3946712e-06 0.0013744389 8.547394e-05 0.00026473225 3.0590365e-06 0.00012330017 5.401639e-06 7.494726e-05 7.110041e-07 1.5240035e-08
0.017574621 0.9517088 0.56948966 0.0038163024 0.00087281497 0.00030191508 1.0801477e-17 0.8366688 0.9794684 0.004096808 0.49972925 0.008473165 0.8406317 0.0011914724 3.8830356e-05 4.560884e-05 0.09900676 0.13711609 0.2735349 0.18173032 0.05777712 4.2702766e-05 1.8565668e-05 1.4517803e-05 0.30359897 0.0064799315 6.5886484e-06 0.0002691906 0.0011007492 0.010638017 0.034404155 4.0304665e-05 0.00862748 0.00010089238 0.0006040637 0.00010883194 0.0003141184 0.00043482136 5.5574566e-07 0.00044790775 5.7943478e-05 3.8407647e-06 2.6802134e-05 6.3499996e-05 0.0025240134 5.988546e-05 6.358638e-06 2.1879916e-05 0.0002800835 6.851721e-05 0.0003542612 1.2576028e-05 1.631427e-06 6.1466886e-07 1.9600382e-06 0.0014631893 7.3120886e-05 1.5303214e-06 0.000447839 1.4243842e-06 2.9518626e-06 0.00010458014 9.004708e-05 1.9501172e-06 0.0003949204 0.00030348983 3.3571544e-06 2.6685044e-05 0.0004717572 2.8782406e-06 8.975014e-06 8.182648e-05 5.112802e-05 0.00021972186 5.5156866e-05 2.6676123e-06 1.007068e-05 0.00011033188 0.0019991084 2.4979116e-07 1.5966098e-05 0.00013409377 6.229977e-07 3.5775322e-06 0.00035756105 4.9034803e-05 3.7385336e-05 0.0006352893 2.3100972e-06 0.00033036512 0.00013827083 1.8284275e-06 0.0004310719 2.3036699e-05 0.000914738 5.3030334e-07 0.0006839382 1.8431266e-06 2.9885869e-06 3.528119e-06 5.7271143e-09
0.04358139 0.17225839 0.51203763 0.009721321 0.0025586376 0.0010467469 0.8366688 1.7127696e-13 0.9365132 0.0041157478 0.9821833 0.009919184 0.1827972 0.0009545038 0.00014209597 0.00017001326 0.1017127 0.019330112 0.05842549 0.18710794 0.053041756 0.00015199729 0.00016537192 2.2347129e-05 0.10909887 0.0026318224 6.7128394e-06 0.0010162442 0.00025017708 0.003396101 0.0060235835 0.00022926599 0.017058667 0.00026109716 0.0014728697 0.0026361705 0.0014752875 0.00030746343 7.381258e-06 0.001586561 0.00065488444 9.826076e-06 8.441402e-05 0.00012845581 0.004664005 0.00050173386 3.3649005e-05 3.104231e-05 0.0027258787 0.00046944697 0.0007562679 6.604126e-05 1.7583992e-05 5.0435947e-06 4.6274417e-06 0.002377235 0.00013256846 1.6391803e-05 0.0016784293 1.597554e-05 6.654165e-05 0.00015986827 0.0005826354 3.4452332e-06 0.0021707816 0.001286051 4.497408e-05 0.00011622282 0.001103152 1.702348e-05 4.3624637e-05 0.00019633905 0.00035448457 0.0005718342 0.00034284146 1.8970393e-05 2.0120578e-05 0.0004875807 0.001762115 2.9008177e-06 2.0021256e-05 0.00092751224 1.0577667e-06 1.9464076e-05 0.00080084684 0.00030666692 0.0013994442 0.00055083906 4.1755906e-05 0.0012045369 0.00017728623 4.854353e-06 0.00035324722 0.0019134548 0.0012447011 5.137122e-07 0.0013505645 0.00019888529 0.0001623256 5.750819e-05 9.033986e-09
0.038710706 0.44963986 0.36193094 0.0025774108 0.0005607266 0.00013034487 0.9794684 0.9365132 2.3625277e-18 0.0030541394 0.5653922 0.0065562925 0.8806347 0.0009866615 1.13074575e-05 5.3517233e-06 0.14914013 0.27427715 0.63001394 0.22693701 0.07768275 2.658983e-05 5.7964176e-06 2.0288821e-06 0.61347103 0.018477427 3.583706e-06 0.00079527113 0.009461246 0.04252854 0.07879461 0.0009988861 0.06084592 0.00092236476 0.017904568 0.0011516219 0.008524349 0.012470031 1.1721642e-07 0.0038390565 0.000119264565 7.2409425e-06 5.97887e-06 0.0018172672 0.024212074 0.0018332212 1.7650911e-05 0.00055625424 0.005555653 0.00011670218 0.00059340347 0.00029981678 4.670338e-05 7.0761045e-05 6.0247777e-07 0.010395014 0.0008822637 4.921146e-05 0.0031925119 1.5232021e-05 1.5604372e-06 0.0009755353 0.0011365922 1.680775e-05 0.0029874092 0.006587027 1.999399e-05 0.00043094181 0.0046785097 1.1804647e-05 0.00015515518 0.0022964908 0.00021188539 0.00027073536 0.00063696573 5.3200783e-05 3.4892241e-06 0.0009591694 0.0050236178 4.443524e-07 1.5813064e-05 0.0015279439 5.2928094e-06 6.22338e-05 0.00026560016 0.00041308615 0.0003428815 0.00043500884 0.00011871272 0.0014381456 6.5074215e-05 1.9703939e-05 7.414577e-05 0.00062808284 0.0012976212 3.494909e-06 0.0011682562 0.0012861284 0.0004677421 0.0001040374 6.106338e-09
0.57546204 0.14970769 0.5176231 0.81380033 0.8093261 0.339443 0.004096808 0.0041157478 0.0030541394 4.944134e-15 0.030182512 0.6843198 0.0012434203 0.9701225 0.09977718 0.837898 0.10078145 4.9206486e-05 1.3367298e-05 0.026889427 0.020935582 0.2579816 0.033133652 0.047655933 0.0006941709 1.5933196e-05 0.00629375 0.17564657 1.0128498e-07 3.852248e-05 0.00012996566 4.8112047e-06 0.00011791488 3.4391574e-06 7.9208185e-05 0.0062336833 0.0001357653 1.602828e-05 0.00082076766 0.0006178257 0.042352445 0.0003189002 0.0066778334 1.1314729e-05 0.00015883245 7.60413e-05 0.0007848977 6.92965e-07 0.0003016604 0.039881043 0.010069175 2.1744123e-05 4.1801442e-07 1.2033236e-07 0.00017136075 0.00017975569 5.0545586e-06 4.34676e-06 0.00015386188 1.6483876e-06 0.0004636721 3.0022736e-06 0.00017680638 3.496074e-07 0.00032149453 0.00013482443 8.573346e-07 2.3784867e-06 9.119445e-06 8.2723534e-07 1.0637534e-06 6.1183205e-06 8.606794e-05 0.012367885 0.0021662111 1.4520081e-06 9.216885e-05 8.742507e-05 0.004053104 0.00012258296 5.5334544e-06 0.0006824537 1.2635932e-07 1.6153307e-06 0.0044911527 5.8052115e-05 4.6192425e-05 0.0030428532 9.1361886e-05 0.009989005 0.0039027145 1.0031232e-06 0.0027641575 0.00019145444 0.0050455504 9.779982e-07 0.006995867 2.0219586e-05 4.8516842e-05 2.836892e-06 2.7594282e-09
0.7660195 0.13982235 0.74997234 0.017626321 0.006223564 0.0021081914 0.49972925 0.9821833 0.5653922 0.030182512 1.2552227e-17 0.05977927 0.2014735 0.0042376476 8.118684e-05 5.4268607e-05 0.53457934 0.04545203 0.14975782 0.9424479 0.4338717 0.00010414183 5.0589548e-05 1.9315635e-06 0.3316474 0.0065803155 4.140864e-07 0.003098625 0.0012004005 0.014893136 0.015375518 0.00021643194 0.124231055 0.00021936717 0.0021639173 0.0068467176 0.003605265 0.0009497996 1.8394259e-07 0.025400994 0.0005952078 1.5956256e-06 1.5971e-05 0.0003862009 0.00780678 0.00040904013 2.6874272e-06 4.7686965e-05 0.018553616 0.00074274745 0.0006136989 0.00010909745 3.578858e-05 3.8076734e-05 1.7074744e-07 0.05053148 0.00024123602 2.2526909e-05 0.01398439 4.6692844e-06 2.0358113e-06 0.00031819142 0.0052677803 1.7211027e-05 0.008888299 0.0056853974 0.00016696517 0.00013236378 0.009694494 2.6193202e-05 3.744796e-05 0.00027358936 0.0037371062 0.00091620773 0.0037602887 1.8376148e-05 1.3315972e-07 0.0023809662 0.0091507435 7.699946e-07 5.2631826e-06 0.007355301 1.3938807e-05 1.5539854e-05 0.0008286449 0.00045858882 0.00164494 0.0005912687 8.354658e-05 0.008000744 0.00038287567 4.4237504e-06 8.0431986e-05 0.0011236853 0.0041408087 1.449372e-05 0.013412773 8.9640176e-05 6.147656e-05 3.999042e-06 1.125969e-09
0.63448 0.031511057 0.9664726 0.3705072 0.27266318 0.016261814 0.008473165 0.009919184 0.0065562925 0.6843198 0.05977927 1.1773875e-18 0.0020426933 0.9076793 0.0015081867 0.046634063 0.83947957 8.253954e-05 0.00014271567 0.1421117 0.14521018 0.018239647 0.00042458533 0.00060915714 0.004605041 8.355188e-06 0.00014198666 0.31798762 5.5900836e-07 0.0002417556 0.00072703365 7.908704e-07 0.00064157683 3.5622034e-07 9.569765e-06 0.039318573 6.125318e-05 3.672087e-06 1.5726002e-05 0.013131739 0.021546513 9.274268e-05 0.0010758596 1.550087e-05 0.00017887756 2.0495068e-05 0.00012258203 7.599497e-07 0.006335444 0.011533569 0.007721691 1.443179e-05 2.1281846e-07 1.4420382e-07 3.5006182e-05 0.0002405326 1.7387694e-06 2.479784e-06 0.0005788883 7.088058e-07 8.3556464e-05 3.2198668e-06 0.0008679235 6.1450476e-07 0.00023563318 8.7337066e-05 1.3896073e-06 1.6610452e-06 9.184065e-06 3.3868437e-07 1.404551e-06 3.6569022e-06 0.00028955057 0.0058319746 0.0110232495 8.1833576e-07 4.097157e-06 7.237867e-05 0.011847087 1.4011161e-05 1.264293e-06 0.002985542 2.6259002e-07 1.0478029e-06 0.0042222957 6.162877e-05 5.116465e-05 0.0024494028 5.235229e-06 0.02213768 0.001786211 5.174713e-07 0.00080338 0.00013072867 0.011335553 1.4863621e-06 0.019318156 1.7326704e-05 8.945601e-06 4.7569551e-07 2.547102e-10
0.061940063 0.7891546 0.0209899 0.0011332543 0.00019984886 0.00010439251 0.8406317 0.1827972 0.8806347 0.0012434203 0.2014735 0.0020426933 1.4915766e-15 0.00019557623 1.1919752e-05 1.3389053e-05 0.0362837 0.9593514 0.9675858 0.06853708 0.032513946 6.6938366e-05 1.527814e-05 8.418004e-06 0.48274404 0.51650465 2.8702725e-06 0.00019860837 0.072797924 0.013635427 0.030289926 0.023092316 0.022300461 0.026957931 0.08414404 1.7941547e-05 0.025794642 0.008651695 8.8699477e-07 0.0011768801 3.807194e-05 8.104407e-06 4.85102e-06 0.0017369175 0.004295265 0.0022483815 1.4765859e-05 0.000844491 0.00037597519 3.4699628e-05 0.000312207 0.0003679062 0.00022265858 0.00011129631 1.0009535e-05 0.001557958 0.00080769893 5.0444585e-05 0.00013834878 0.000474022 3.4633322e-06 0.0011217378 9.1035305e-05 0.00040126135 0.00026537405 0.00084867066 3.475497e-05 0.0001637072 0.0009102415 7.073379e-05 0.00014385997 0.00025687058 2.5825037e-05 0.00048126254 8.044729e-06 0.000109635526 4.411007e-06 5.878281e-05 0.0013919066 6.423357e-07 7.1951494e-05 0.0001995356 3.7552854e-05 0.0001762525 0.00027514307 7.03078e-05 0.00014991219 0.00017580176 0.00017033817 0.0012406794 0.001119957 3.6308236e-05 0.0003325725 7.933678e-05 0.0010101168 6.8726854e-06 0.0007676451 8.4501335e-05 0.00012815394 1.5661035e-05 8.0888015e-08
0.7798995 0.0048915558 0.20493653 0.2831799 0.23017164 0.014474839 0.0011914724 0.0009545038 0.0009866615 0.9701225 0.0042376476 0.9076793 0.00019557623 5.7835807e-17 0.0053495346 0.29388854 0.32018825 2.2991585e-06 8.646902e-07 0.029737 0.02456821 0.27240294 0.0029580751 0.0075580943 0.00015070128 1.3239661e-06 0.0025474778 0.8922088 2.4160022e-08 4.7653666e-06 4.6109794e-06 1.8053368e-07 4.564787e-05 1.416927e-06 1.0956664e-06 0.06299348 9.451123e-06 7.676601e-07 0.000112034526 0.0141330585 0.3766543 0.00039159606 0.033763617 5.585607e-07 4.0560217e-06 2.7044782e-06 0.0003532644 1.735345e-08 0.0014814486 0.123576045 0.06783913 1.2480486e-06 3.399735e-08 1.6701103e-08 8.147576e-05 2.2092905e-05 3.0730348e-07 1.8714813e-07 0.00011063564 9.666967e-08 0.0004981027 3.1638723e-07 0.00035300173 8.5134644e-08 6.437806e-05 2.9583696e-06 3.7807735e-07 6.871151e-08 8.704943e-07 6.924963e-08 6.0217474e-08 1.2025505e-07 0.00018117072 0.043200593 0.036151722 1.3486319e-07 1.0272549e-05 1.1564219e-05 0.02074255 6.695107e-05 3.6537418e-07 0.002078599 9.7685895e-09 2.3878948e-07 0.008688212 3.3041753e-05 9.617771e-06 0.0051629343 4.8735797e-06 0.048876416 0.009322989 1.4364645e-07 0.0039682887 3.4499368e-05 0.013652289 2.6845493e-07 0.0255645 8.407682e-07 2.650695e-06 9.2472953e-07 3.7150916e-10
0.0052485596 0.01672215 0.005009868 0.06517516 0.094473526 0.97841454 3.8830356e-05 0.00014209597 1.13074575e-05 0.09977718 8.118684e-05 0.0015081867 1.1919752e-05 0.0053495346 1.4621578e-15 0.6231668 0.0005482553 2.132556e-06 2.444438e-07 0.00015042989 0.000102476224 0.045574304 0.9742039 0.61494714 3.0309197e-05 5.7007185e-07 0.039508343 7.450642e-05 7.630355e-07 6.5811937e-06 2.9397738e-06 3.4795124e-07 4.5107106e-05 7.712763e-07 8.809033e-07 2.895605e-06 1.39919475e-05 8.8717337e-07 0.13205388 3.922851e-05 0.00027367863 0.021210896 0.0035448868 5.458801e-06 3.3729033e-05 2.4830426e-06 0.03139576 3.6064287e-07 0.0001728578 0.0023524037 0.0005951493 2.1571918e-06 7.163903e-08 5.1482772e-08 0.012170677 4.9629652e-05 2.000422e-06 2.3182862e-07 0.00028877403 3.1190834e-07 0.012983837 1.3060965e-06 0.000112661524 1.0483352e-07 0.0002199271 8.705284e-05 4.4791008e-07 1.6138509e-06 2.6775513e-05 2.0573614e-07 1.536922e-06 1.0318648e-05 0.00014125921 0.002334399 9.338311e-05 1.2982028e-07 0.0030592163 0.0002813715 0.00096490176 0.0070839575 1.6532957e-07 0.00016755873 1.1322364e-08 2.4716678e-07 0.0008595119 9.4286304e-05 0.00010347062 0.004084346 2.5430684e-06 0.0011488516 0.002936094 4.7522934e-07 0.0017151934 0.00034413885 0.00069836143 3.706321e-07 0.00041845423 1.1169468e-05 1.9751933e-05 4.395216e-07 3.8922114e-09
0.16996567 0.0059204088 0.010546347 0.41537765 0.5005388 0.5311107 4.560884e-05 0.00017001326 5.3517233e-06 0.837898 5.4268607e-05 0.046634063 1.3389053e-05 0.29388854 0.6231668 1.8514863e-17 0.017084658 2.343191e-06 2.998761e-07 0.0007111215 0.001329699 0.9679962 0.38136575 0.86467975 1.9988747e-05 4.6885075e-06 0.32650658 0.0110833235 1.0955781e-07 1.5398835e-05 5.2958927e-05 1.1923851e-06 4.8776856e-06 3.1472333e-05 2.1622018e-05 0.00065631367 1.19906e-05 3.2328342e-07 0.057365052 6.25176e-05 0.036155764 0.021844376 0.0948484 1.0928436e-06 9.69411e-06 5.081635e-06 0.035599846 7.996531e-08 4.7372032e-05 0.05133266 0.014033896 3.5463079e-06 2.0492966e-08 2.117286e-08 0.0044205054 1.638116e-05 1.508383e-06 2.8889147e-07 2.7820868e-05 5.316558e-07 0.0039793146 5.261865e-07 2.950685e-05 6.666115e-08 1.6376755e-05 4.5534347e-05 9.530697e-07 2.9631488e-07 2.289542e-06 1.4755796e-07 6.5980224e-08 1.2631288e-06 1.9592897e-05 0.011796928 0.00048425785 1.7710515e-07 0.0018543896 3.959301e-05 0.0014060843 0.0011325342 9.293277e-07 0.00016145423 2.582394e-08 1.3298053e-07 0.0038155324 4.539982e-06 1.3350852e-05 0.009290234 2.3671619e-05 0.002114538 0.0043138326 6.9307376e-08 0.0079736905 8.181244e-05 0.0014171264 2.8913982e-07 0.001299539 2.6938926e-05 6.9033686e-06 9.942097e-07 4.068449e-10
0.88873065 0.023029162 0.7095321 0.060833003 0.048283096 0.0020213851 0.09900676 0.1017127 0.14914013 0.10078145 0.53457934 0.83947957 0.0362837 0.32018825 0.0005482553 0.017084658 1.8696128e-17 0.001204901 0.0055421162 0.7188531 0.96553963 0.011773185 0.00033004765 0.0006034931 0.03428836 3.0181387e-05 0.00073384366 0.78913885 2.7608144e-06 0.026580432 0.05864813 3.5832722e-06 0.033608604 4.1286557e-07 2.4936204e-05 0.56468123 0.0001323171 0.00014438543 6.649946e-05 0.16762123 0.06695083 9.266055e-05 0.0025946111 6.567416e-05 0.002219817 4.3901513e-05 0.00012139308 1.8176494e-05 0.11513738 0.0043415157 0.0136830835 5.0739283e-05 5.7972e-07 2.722815e-07 6.2780578e-06 0.0032419763 0.000117426054 4.1683793e-06 0.007049157 1.2589382e-07 0.00042499896 9.132147e-05 0.01413539 1.4406295e-07 0.0031898397 0.00095241284 4.3297658e-07 2.5848296e-05 0.0002320079 3.532238e-07 1.9252639e-05 0.00017190154 0.0041261865 0.002996284 0.06802367 3.5753326e-06 1.3074543e-05 0.0018821437 0.08411889 6.525201e-05 2.370441e-06 0.038399454 6.7600547e-07 4.179764e-06 0.012068746 0.0020903128 0.0006467676 0.002628069 3.1037012e-05 0.05082601 0.00081224943 1.0526908e-06 0.0015767316 0.00063383626 0.04080161 2.6922868e-07 0.09143593 0.00038598076 0.00085765606 1.6351527e-06 3.1563495e-11
0.020135222 0.083370835 0.00066307426 9.863279e-05 4.901047e-06 1.3999247e-05 0.13711609 0.019330112 0.27427715 4.9206486e-05 0.04545203 8.253954e-05 0.9593514 2.2991585e-06 2.132556e-06 2.343191e-06 0.001204901 4.0340664e-16 0.98261225 0.014544898 0.003400298 6.250837e-07 3.0031897e-06 4.818432e-06 0.40507895 0.8489558 1.1271868e-06 5.0387293e-06 0.44890043 0.009809013 0.016649881 0.22794847 0.0040909518 0.17295216 0.43393588 2.0359926e-07 0.14489815 0.014136703 7.818268e-08 0.00027412633 8.333988e-06 3.4790828e-06 8.612505e-06 0.005421429 0.0024366367 0.011358883 1.3971465e-05 0.0010966816 7.224434e-05 3.237382e-05 6.281314e-05 0.0008326643 0.0043646884 0.0008085702 2.7079677e-06 0.00061824394 0.00039762154 0.00017306351 8.8120745e-05 0.0029214637 7.239949e-06 0.00046456305 1.9002659e-05 0.0035567405 7.317886e-05 8.039302e-05 0.0004878391 8.709012e-05 0.00021278753 0.0007068105 0.00015430273 6.577489e-05 6.159478e-06 0.00031876273 1.07139795e-05 0.00018866247 4.898983e-07 1.38553505e-05 0.0007965205 1.416251e-07 0.00017896101 9.746221e-05 6.783685e-05 0.00016216267 7.028923e-05 4.7151293e-06 6.8108234e-06 9.173435e-05 8.574098e-05 0.00053530803 0.00084396405 5.518491e-05 8.96135e-05 3.798577e-05 0.0007358283 3.300283e-05 0.0008166959 0.00024930845 2.9926528e-05 2.6461752e-05 1.3268253e-06
0.18549192 0.029890522 0.0012167735 0.00010969587 1.5931251e-05 5.723748e-06 0.2735349 0.05842549 0.63001394 1.3367298e-05 0.14975782 0.00014271567 0.9675858 8.646902e-07 2.444438e-07 2.998761e-07 0.0055421162 0.98261225 2.2685467e-19 0.036499474 0.013566143 1.8544283e-06 7.007217e-07 4.3530838e-07 0.7737668 0.51963127 2.265552e-06 5.5792484e-06 0.5712094 0.07012366 0.2043041 0.16992728 0.03916242 0.07426055 0.4744295 0.00021955218 0.34304643 0.18718426 5.6636416e-09 0.0033332615 1.1555687e-05 1.364103e-06 5.323977e-07 0.044538897 0.040667754 0.092141114 1.5047938e-06 0.018669946 0.0005718852 1.9936033e-05 8.4472005e-05 0.014504526 0.061070386 0.02516829 2.6554186e-08 0.005991605 0.008563594 0.005844382 0.00054343726 0.0028501626 1.1944167e-06 0.006126335 0.0002643435 0.037292186 0.001080086 0.0048221746 0.010551075 0.0030346331 0.005673747 0.0072836545 0.002164585 0.002456148 2.4005698e-05 1.6285427e-05 2.9734218e-05 0.0065035746 1.7701863e-06 2.6236601e-05 0.0015444729 3.7604318e-07 0.003678819 0.002092835 0.0032404107 0.003131526 0.0002124173 3.6619225e-05 8.466687e-05 1.0946559e-05 0.0038515266 0.00054527377 0.00012652618 0.00057756377 4.892053e-06 0.0004732661 0.0010243529 0.0007802816 0.0014738223 0.008893725 0.003935463 0.0011969624 3.1110073e-06
0.96128625 0.035408273 0.68000036 0.016929137 0.009690322 0.00087471894 0.18173032 0.18710794 0.22693701 0.026889427 0.9424479 0.1421117 0.06853708 0.029737 0.00015042989 0.0007111215 0.7188531 0.014544898 0.036499474 1.8864997e-16 0.9714156 0.0002935412 8.7654225e-05 6.648177e-05 0.38301542 0.00078445923 6.348104e-05 0.055927094 0.0002886449 0.07336543 0.11419043 6.273381e-05 0.34150854 1.4492697e-05 0.003073094 0.11577982 0.018820064 0.021467537 9.4275066e-07 0.1135508 0.0025453286 1.9377509e-05 0.00018317837 0.0063923895 0.038014926 0.002773078 2.4327635e-05 0.0045287977 0.10678045 0.00031683216 0.0038299584 0.0027894592 4.183299e-05 0.00010278434 1.4146344e-06 0.024683584 0.0037516844 0.00033106338 0.025494255 1.8750854e-06 2.0884454e-05 0.0024815162 0.019115053 8.09455e-06 0.0110387625 0.015450926 9.088281e-05 0.00085350615 0.0018765527 1.9635003e-05 0.0004213746 0.0024405194 0.00834194 0.0007854968 0.023604607 0.0004193335 1.5847249e-06 0.0047130524 0.043963857 5.6528206e-06 2.076062e-05 0.04415034 3.0330795e-05 0.00040795832 0.0053301444 0.0026161075 0.0014574729 0.0007239168 0.00084440317 0.03165137 0.00047570936 8.707189e-06 0.00074598595 0.0036348342 0.02050749 2.3507587e-06 0.049174905 0.0061839633 0.0059364233 9.150219e-05 1.2455718e-08
0.9740416 0.009947016 0.27042952 0.012576257 0.0069402666 0.00018339984 0.05777712 0.053041756 0.07768275 0.020935582 0.4338717 0.14521018 0.032513946 0.02456821 0.000102476224 0.001329699 0.96553963 0.003400298 0.013566143 0.9714156 5.595563e-14 0.0006371243 8.793664e-05 6.361808e-05 0.109997764 0.00026214132 6.958399e-05 0.4200794 0.00025068864 0.05070909 0.092370525 3.778334e-05 0.20242524 1.3138715e-05 0.0009109728 0.52133936 0.0021972784 0.0032227149 1.8932033e-06 0.3367001 0.012993759 2.248673e-05 0.0005961852 0.0013928381 0.03261767 0.000959977 8.115495e-05 0.0013548314 0.27953854 0.0015073714 0.0077903625 0.00089132326 3.0152907e-05 6.025123e-05 3.168164e-06 0.02559537 0.0022212632 0.00023683759 0.024228686 7.2422927e-07 5.4376927e-05 0.0015423888 0.028924067 1.6767268e-06 0.012827726 0.011021437 1.628771e-05 0.00029237368 0.0019418607 2.3974183e-06 0.00044620814 0.0014696011 0.010287776 0.002008541 0.06401556 7.575778e-05 5.5077805e-07 0.008077494 0.0941248 1.1985273e-05 1.9184e-05 0.07473192 2.1743936e-05 0.000113492526 0.0073709246 0.004572744 0.003934545 0.0018870053 0.00050037104 0.052943897 0.0005349368 1.8857512e-05 0.00059942494 0.003510715 0.04444039 6.4559606e-07 0.12414353 0.0020368057 0.0017027685 4.8130885e-05 3.879173e-10
0.79440016 0.0011159567 0.0017749155 0.028578421 0.03432661 0.027197247 4.2702766e-05 0.00015199729 2.658983e-05 0.2579816 0.00010414183 0.018239647 6.6938366e-05 0.27240294 0.045574304 0.9679962 0.011773185 6.250837e-07 1.8544283e-06 0.0002935412 0.0006371243 2.7536099e-15 0.033499517 0.6323725 8.033297e-06 3.803944e-06 0.68429565 0.5514514 8.093628e-07 3.3291105e-06 2.6180465e-05 1.7306432e-06 2.200328e-06 1.4387476e-06 3.7567665e-06 0.009238156 4.4852306e-05 5.037607e-07 0.018101497 0.00037650284 0.73601025 0.07457034 0.65819687 1.8712287e-06 1.622384e-05 4.421873e-06 0.0073856874 1.882488e-07 0.00018182395 0.8525083 0.47950792 1.4836359e-06 8.1780985e-07 2.9768802e-07 0.0014312349 6.2522586e-06 1.4838057e-06 1.6690952e-07 1.934219e-05 7.775745e-09 0.008330528 4.2411804e-07 2.9999079e-05 4.5642796e-08 4.08278e-06 2.972774e-06 8.7140925e-06 1.2559678e-07 2.9205555e-07 5.3739933e-07 3.4144196e-07 2.7286197e-07 4.871763e-06 0.5083443 0.052052263 4.3991832e-07 0.00010309553 1.4489592e-06 0.020281628 0.0031577216 4.086621e-06 0.00025137092 1.4523418e-06 1.2423723e-06 0.055701856 5.646417e-07 2.756004e-07 0.08762764 4.0990508e-07 0.042282287 0.10497793 9.657876e-09 0.07586749 5.0765806e-07 0.01223204 3.174711e-07 0.006358111 1.6199286e-07 3.7177468e-08 5.170702e-09 1.512887e-09
0.014829296 0.0067024673 0.0005810454 0.019245362 0.034464512 0.4982156 1.8565668e-05 0.00016537192 5.7964176e-06 0.033133652 5.0589548e-05 0.00042458533 1.527814e-05 0.0029580751 0.9742039 0.38136575 0.00033004765 3.0031897e-06 7.007217e-07 8.7654225e-05 8.793664e-05 0.033499517 6.0754522e-15 0.85415316 1.9408339e-05 5.83278e-07 0.18375394 8.4732696e-05 3.572352e-07 9.727774e-06 7.1937525e-06 9.4074335e-07 2.0008963e-05 1.3214773e-06 2.3993348e-06 1.5042853e-05 4.967004e-05 1.1066054e-06 0.84249276 3.269367e-05 0.0007068722 0.17089987 0.02904555 3.6670895e-06 2.0889234e-05 8.807257e-06 0.8963891 3.259215e-07 0.00020336264 0.01034472 0.0013269418 2.170916e-06 8.7566626e-08 7.0672456e-08 0.11405335 7.086234e-05 2.5310508e-06 7.4328557e-07 0.00032915184 7.808432e-08 0.111416094 1.912413e-06 0.00014525345 1.2539775e-07 0.00013992554 4.3128573e-05 7.091781e-08 8.398779e-07 6.1197625e-06 1.3304548e-07 1.3672965e-06 1.8246352e-06 0.00013561259 0.010808989 0.0003416635 1.8402925e-07 0.06242959 0.00022230465 0.0037003246 0.110152826 9.0971076e-07 0.00033124434 2.332229e-08 6.7718497e-07 0.0031551823 0.00014680302 8.323182e-05 0.028089128 2.8072313e-06 0.0035524878 0.008882249 3.996249e-07 0.014489734 0.00023696183 0.0035888453 4.5451176e-07 0.0013028478 7.326366e-06 6.27658e-06 2.1981876e-07 7.591623e-09
0.100218005 0.0014131318 0.00027871472 0.018483471 0.02913751 0.122125715 1.4517803e-05 2.2347129e-05 2.0288821e-06 0.047655933 1.9315635e-06 0.00060915714 8.418004e-06 0.0075580943 0.61494714 0.86467975 0.0006034931 4.818432e-06 4.3530838e-07 6.648177e-05 6.361808e-05 0.6323725 0.85415316 8.139927e-18 3.766605e-05 3.3019453e-05 0.9895973 0.0015661117 2.2466836e-07 4.8102825e-06 3.9293813e-05 6.2808012e-06 7.068088e-06 1.8155028e-05 1.7099663e-05 0.00032803058 6.9879716e-05 4.3272848e-07 0.704494 8.737455e-05 0.014499105 0.5101861 0.36897492 8.519374e-07 1.9656567e-05 1.05693525e-05 0.2060589 4.954138e-08 0.00019495092 0.09841073 0.010925582 1.9069912e-06 5.4372987e-07 1.4317868e-07 0.052168056 0.00010445893 1.1549764e-06 8.322475e-07 0.00020330795 4.840595e-06 0.037917312 6.9876046e-07 8.7669534e-05 2.6995488e-06 3.2284748e-05 9.992091e-06 1.1658526e-06 1.2632654e-07 1.6178028e-05 5.3603935e-07 2.0471197e-07 4.5764207e-07 0.0001995634 0.043499194 0.00045527946 3.6730165e-07 0.00669672 6.003362e-05 0.00034127128 0.041956976 1.6219035e-06 7.484466e-06 4.6132158e-07 3.5520299e-07 0.002918569 1.6597562e-06 3.7823697e-06 0.05271938 0.00037395713 0.0009076796 0.038548846 1.7284521e-05 0.031714845 3.1558093e-06 0.00047125696 4.222199e-06 0.0001586157 7.653819e-06 1.7901526e-06 1.1293868e-05 4.8467634e-09
0.9331169 0.042277277 0.014852131 0.0011395738 0.000886542 0.00036966352 0.30359897 0.10909887 0.61347103 0.0006941709 0.3316474 0.004605041 0.48274404 0.00015070128 3.0309197e-05 1.9988747e-05 0.03428836 0.40507895 0.7737668 0.38301542 0.109997764 8.033297e-06 1.9408339e-05 3.766605e-05 1.3583995e-18 0.025596678 6.3779356e-07 0.00086830184 0.04177804 0.95393187 0.9296128 0.005830281 0.9389717 0.0004594878 0.26014167 0.0033617362 0.45887512 0.80451465 1.0987061e-06 0.013636994 0.0003558406 3.1332493e-06 0.0003133339 0.20430644 0.34475133 0.109043166 2.52116e-07 0.2846785 0.0050961557 7.7360935e-05 0.00038429757 0.102467686 0.0076710065 0.024411032 2.0960326e-06 0.26505026 0.098428056 0.012684756 0.010947218 8.515049e-06 1.1366946e-05 0.10036102 0.0028879468 0.0003600233 0.014659401 0.01516715 0.0015309857 0.04480592 0.18991138 0.0008102324 0.03333805 0.01739998 0.00541242 0.00024599113 0.00989553 0.029908957 1.0210329e-06 0.0045395843 0.0857532 1.9761653e-07 0.00085617846 0.018830078 0.002300965 0.015265275 0.0010423493 0.003826952 0.010465338 0.00021750669 0.061721046 0.0032887948 0.00022858464 0.00038941225 8.5539825e-05 0.010907077 0.02266206 8.568009e-05 0.08552554 0.047021274 0.067724295 0.0010943381 3.916864e-08
0.001274386 0.052143864 5.7529473e-05 2.5533149e-05 1.3352271e-06 1.5004298e-05 0.0064799315 0.0026318224 0.018477427 1.5933196e-05 0.0065803155 8.355188e-06 0.51650465 1.3239661e-06 5.7007185e-07 4.6885075e-06 3.0181387e-05 0.8489558 0.51963127 0.00078445923 0.00026214132 3.803944e-06 5.83278e-07 3.3019453e-05 0.025596678 5.238238e-18 9.501616e-06 3.6873433e-05 0.8702946 0.004092185 0.008091002 0.64109397 0.0023028122 0.912201 0.35926795 1.0100501e-06 0.040202957 0.0032919329 1.1055886e-06 8.008113e-05 0.00025326153 1.4760396e-05 0.00015272743 0.0038718302 0.0011572147 0.011401954 7.2902316e-07 0.00038128093 0.00011326848 2.5729852e-05 0.00020765839 0.0003996724 0.004201495 0.0020810734 1.8393943e-07 0.0002392633 0.00022082028 7.617587e-05 0.00010412693 0.014093721 1.1694394e-06 0.000335956 9.315149e-05 0.006092771 2.3869477e-05 7.512057e-05 0.0007885365 4.1752483e-05 0.0001267067 0.00069090625 6.7511006e-05 7.462489e-05 6.496922e-05 0.00010625996 9.1435286e-05 0.00011358987 5.8231814e-07 8.216147e-05 0.0009208781 2.9374212e-07 0.0013641448 0.00013178239 5.789278e-05 5.0283485e-05 0.000556123 7.4179225e-05 7.5429045e-05 7.301072e-05 5.4625638e-05 0.0002585684 0.0001594643 9.231119e-05 7.964221e-05 5.1978353e-05 0.00062302453 0.00010369586 0.00032281806 2.720679e-05 1.7780258e-05 4.7660826e-05 1.4706371e-05
0.2246759 8.335311e-05 4.997442e-05 0.0019168201 0.00192776 0.003797094 6.5886484e-06 6.7128394e-06 3.583706e-06 0.00629375 4.140864e-07 0.00014198666 2.8702725e-06 0.0025474778 0.039508343 0.32650658 0.00073384366 1.1271868e-06 2.265552e-06 6.348104e-05 6.958399e-05 0.68429565 0.18375394 0.9895973 6.3779356e-07 9.501616e-06 3.3251115e-16 0.009718642 2.8630808e-07 7.7019433e-07 6.098782e-06 1.6692122e-06 2.8310205e-07 5.2044593e-06 3.1123636e-06 0.0004594225 1.8866461e-06 1.14093666e-07 0.5276859 2.9814888e-05 0.11308905 0.64943326 0.803426 2.5318388e-07 1.0771126e-05 4.5702122e-06 0.121982545 2.491734e-08 1.8332563e-05 0.43228292 0.083756484 2.0807709e-06 6.241653e-08 6.441907e-09 0.023270221 1.2067346e-05 3.7317335e-07 3.4197578e-07 6.137001e-05 5.845828e-07 0.07228695 3.279491e-07 1.7437953e-05 1.2164983e-07 4.04987e-05 5.996297e-06 7.600143e-07 1.6336463e-07 6.286311e-07 3.9031566e-08 2.4178357e-07 3.310275e-07 1.74065e-05 0.3291651 0.0029559701 3.688449e-08 0.0012680595 2.0366824e-05 0.0027049624 0.03888733 2.0308798e-06 8.1100785e-05 1.0690321e-07 1.2939361e-07 0.02502004 1.4910545e-06 1.0374926e-06 0.23975006 2.0249793e-06 0.006034744 0.2175337 2.1068927e-06 0.19500983 5.5997623e-07 0.0028868357 1.0167835e-06 0.0013401292 4.367528e-06 3.0884834e-07 3.3652142e-07 3.1333894e-10
0.9661934 0.000115670045 0.0077944053 0.007903438 0.0038897167 3.4472043e-05 0.0002691906 0.0010162442 0.00079527113 0.17564657 0.003098625 0.31798762 0.00019860837 0.8922088 7.450642e-05 0.0110833235 0.78913885 5.0387293e-06 5.5792484e-06 0.055927094 0.4200794 0.5514514 8.4732696e-05 0.0015661117 0.00086830184 3.6873433e-05 0.009718642 2.70884e-16 1.5092111e-07 0.00074478 0.00081307866 9.456776e-06 0.0016688859 4.6344107e-06 2.8425158e-05 0.7731675 3.4755765e-05 5.448352e-06 5.9668266e-05 0.15593743 0.7935262 0.0012333645 0.023487851 2.7548822e-05 0.00011837729 2.3639563e-05 0.00020039585 1.2791254e-06 0.09257362 0.14253291 0.25740996 1.0172041e-05 2.762343e-07 5.8941845e-07 0.00010690327 0.0003519125 6.738284e-06 2.6858438e-06 0.0033522279 5.527614e-07 0.0010705667 2.888142e-06 0.0050955387 4.5475804e-07 0.00029821784 0.00016480921 1.2282355e-06 1.3393274e-06 1.6515584e-06 1.5656993e-06 9.698869e-07 1.3308324e-06 0.0014168542 0.024005817 0.8065252 1.4357337e-06 6.7130254e-06 0.0002291849 0.21700418 0.00014413324 1.0027272e-06 0.014684826 8.060555e-08 4.5249008e-06 0.031666562 0.0005316661 6.254254e-05 0.0049897083 7.480081e-05 0.54802465 0.0033078108 3.147065e-07 0.0032173316 2.3680786e-05 0.26437113 6.942596e-07 0.21036537 2.1630494e-05 6.2267372e-06 2.4013173e-06 4.6652643e-10
0.0018465321 0.00025628798 9.042309e-06 4.940381e-06 1.3451566e-06 1.5573421e-06 0.0011007492 0.00025017708 0.009461246 1.0128498e-07 0.0012004005 5.5900836e-07 0.072797924 2.4160022e-08 7.630355e-07 1.0955781e-07 2.7608144e-06 0.44890043 0.5712094 0.0002886449 0.00025068864 8.093628e-07 3.572352e-07 2.2466836e-07 0.04177804 0.8702946 2.8630808e-07 1.5092111e-07 5.516807e-20 0.0030949465 0.009631981 0.9844462 0.0011978264 0.22911592 0.4271242 1.7592865e-07 0.22383279 0.0211556 1.9004624e-08 8.5867825e-05 5.53803e-07 1.4758152e-06 1.6056185e-07 0.010594841 0.0004371014 0.028053902 4.271842e-08 0.0018065417 4.9628775e-06 8.0332086e-07 2.6913847e-06 0.0030572987 0.020613117 0.017852422 4.446334e-09 4.08849e-05 0.00042916965 0.0014442047 1.1142933e-05 0.009734179 1.5553776e-07 0.00025763552 8.315498e-06 0.032176387 3.927785e-05 6.106456e-05 0.0136632435 7.793965e-05 6.629001e-05 0.012816189 0.00013099561 2.6417778e-05 6.980604e-07 2.5091226e-06 1.1420312e-06 0.00084908155 8.7393424e-08 4.790823e-07 0.00058267766 1.807336e-08 0.0029796443 0.00012613642 0.0010745185 0.00028978457 1.5804093e-05 1.4494375e-06 9.312552e-06 3.7483671e-06 0.0005486324 5.47868e-05 8.421665e-06 0.0004901075 9.796276e-06 4.4052667e-05 0.0002669786 0.00061041355 0.00031459838 0.00019780106 0.00012898562 0.00038908966 2.7720794e-06
0.369828 0.0029625103 0.0031356337 9.596868e-05 3.9680293e-05 3.548306e-05 0.010638017 0.003396101 0.04252854 3.852248e-05 0.014893136 0.0002417556 0.013635427 4.7653666e-06 6.5811937e-06 1.5398835e-05 0.026580432 0.009809013 0.07012366 0.07336543 0.05070909 3.3291105e-06 9.727774e-06 4.8102825e-06 0.95393187 0.004092185 7.7019433e-07 0.00074478 0.0030949465 5.48117e-19 0.9849274 0.0011442887 0.9517489 0.00010610452 0.026599921 0.016934471 0.044730596 0.17316355 7.289359e-08 0.012657771 0.0003331515 8.2215865e-07 5.4492284e-05 0.04066122 0.6128478 0.020618055 2.1811354e-07 0.032775473 0.044397384 1.4481187e-05 0.00065881177 0.022505505 0.00841065 0.0059149405 3.2457282e-07 0.09456095 0.01793361 0.008113614 0.048050467 8.43789e-06 1.2055353e-06 0.017722381 0.013365554 0.00023561432 0.04863062 0.033739015 0.005332964 0.014560345 0.046049003 0.00095825095 0.0072296993 0.0248633 0.013387911 1.8228136e-05 0.0019991845 0.0108116185 5.574105e-08 0.012042383 0.014650868 3.8086334e-08 0.0020522706 0.028301328 0.0021116291 0.0052257893 0.0005962287 0.008269275 0.023600021 0.00012991893 0.006243306 0.002066609 5.473212e-05 0.0010372978 5.160254e-05 0.041593485 0.0068148724 9.147082e-06 0.020409677 0.018852009 0.0125210695 0.0015841245 5.7585208e-08
