5.768003e-32 0.23308407 0.06374094 0.10372437 0.03548805 0.009584302 0.2243349 0.011962869 0.029591661 0.411929 0.12523162 0.007680519 0.09102852 0.0013872922 0.002627737 0.16259032 0.00039179611 0.00052832835 0.33539474 0.000386026 0.48787886 0.00011224948 0.77624327 0.0003176987 0.045194384 0.008533633 9.8465025e-05 0.06506117 0.0041510123 5.0887734e-06 0.11640252 3.1025e-05 0.36914083 2.6857811e-05 0.031747255 0.524469 0.58922124 0.1440441 0.81628716 0.83218336 3.512034e-07 0.007897459 0.5094962 7.3338146e-07 0.20966293 0.20267007 0.117896006 0.77792335 0.119245544 1.7935711e-09 0.785644 0.64992577 0.14365847 8.9039714e-10 6.238357e-08 0.28516978 0.27361414 0.011705191 0.8074399 0.437407 0.26758927 0.73077023 0.9431162 0.45469993 0.007023184 0.9078324 0.4538555 0.42926377 0.26963982 0.92913485 0.6108557 0.31358278 0.936273 0.6979586 0.021293066 0.9839463 6.733096e-07 4.7725505e-05 0.8607791 1.9222175e-06 0.6130143 0.99057305 0.48270532 0.9710949 0.93240345 0.84445477 0.9973047 0.9158533 0.8956661 1.9161052e-05 0.96355295 0.14651427 0.9842811 1.17080135e-05 0.99993604 4.735708e-07 0.9999478 0.73522395 0.9750195 0.9443932 2.0793818e-08
0.23308407 1.4342463e-19 0.5768039 0.70812005 0.6908372 0.7342298 0.52651715 0.1597321 0.889384 0.5696308 0.3102939 0.5972821 0.08502825 0.0926957 0.02322599 0.6445315 0.28873777 0.23253621 0.6442197 0.049707614 0.1552692 0.055608347 0.3579178 0.21328981 0.08891325 0.0010840754 0.05470715 0.33820024 0.07061529 0.027348544 0.29138935 0.012332392 0.030812794 0.0005387143 6.278552e-07 0.0027947966 0.13517058 0.031844493 0.021244949 0.0016368964 0.00013166982 0.0034630517 0.22542755 0.00020529254 0.0055807787 0.014665421 3.3868408e-05 0.0969796 2.1709864e-06 7.0226844e-07 0.005082394 0.00039611798 0.0017376267 4.7148436e-07 7.240304e-05 3.3724013e-05 7.675276e-05 0.0008063271 0.0010390112 6.8554924e-05 3.2240747e-05 0.03456395 0.01690605 0.0031513257 0.00020116751 0.027096326 4.269865e-05 8.113223e-06 9.445717e-06 0.0013298086 0.00022439656 0.000342251 0.00041189283 1.820543e-05 2.518507e-05 0.0011210945 2.4912082e-05 7.196522e-07 0.00020028715 7.970353e-05 0.00025036134 0.020568402 4.48147e-06 0.0003117848 4.2785476e-05 6.714014e-05 0.0012280776 0.00018161825 3.4592688e-06 2.616102e-05 0.00054431544 0.0004684997 7.752921e-06 3.1784915e-05 0.0046161786 2.0322275e-05 0.0024413096 0.0010610246 0.00015250461 0.00021151348 6.201373e-06
0.06374094 0.5768039 9.2442223e-23 0.92207146 0.5338623 0.20470275 0.88457584 0.35217717 0.035078596 0.76128405 0.61779016 0.099464275 0.24199489 0.13617052 0.15789513 0.04789629 0.0058429665 0.060549565 0.005772463 0.076708585 0.23123975 0.026127998 0.45598623 0.053021405 0.05932448 0.011428317 0.0015934771 0.0021648863 0.0017409482 0.0025802292 0.085390635 0.07597348 0.042144075 0.076164715 0.00026842204 0.04804864 0.07590181 0.01060213 0.04992781 0.016396854 5.4980273e-06 9.531693e-06 0.0054312255 3.137449e-07 4.817559e-06 0.0124962805 0.0013104553 0.01709082 0.00015288117 2.5587328e-06 0.007335547 0.0015929133 2.8743829e-05 6.849921e-06 2.072967e-06 0.00029266602 0.00049957144 1.0435517e-06 0.0012446 0.00051082275 0.00031222607 0.0034304573 0.0002553443 0.0028575708 6.3015335e-07 0.0013166638 0.00013811307 3.548069e-05 4.5696783e-05 0.0033544009 1.6861123e-06 0.0018032179 0.00051682495 3.855946e-05 4.4406303e-07 3.259591e-05 2.88059e-07 1.8126558e-08 0.0004426726 2.3600165e-07 0.00031934542 0.0055044154 2.6740323e-05 0.0010403736 0.00014611082 0.00019483734 0.0012802586 0.0004455127 2.9382983e-05 4.4898695e-07 0.0009545702 1.3287937e-05 2.128335e-05 3.3473924e-07 0.0013333319 2.6837583e-07 0.00011555263 8.099917e-06 0.0005029071 0.00034351207 3.9475015e-08
0.10372437 0.70812005 0.92207146 4.4775504e-24 0.51864636 0.2525027 0.7572724 0.2926224 0.054382656 0.89988035 0.5357607 0.099229164 0.10073239 0.09848882 0.08619233 0.10534675 0.007011025 0.05794302 0.010838217 0.047709696 0.17087762 0.01887439 0.53966796 0.05097737 0.050846662 0.0021301992 0.0021540937 0.0029864348 0.0022561634 0.0019930464 0.14146648 0.042737108 0.019055339 0.03245759 8.330051e-05 0.012848522 0.13649754 0.017529469 0.034325764 0.004251534 2.7458366e-06 5.524368e-05 0.008274075 6.864938e-07 3.174826e-05 0.01353034 0.00024853644 0.028569702 1.3310399e-05 2.9791056e-06 0.01497393 0.0008238721 4.2111264e-05 5.7000416e-06 3.7752125e-06 0.00013933217 0.00021896837 4.055418e-06 0.0007912461 0.0004247692 0.00011492324 0.005043429 0.00027244037 0.0039974544 1.9406737e-06 0.0013005668 7.193934e-05 1.0496076e-05 1.4853483e-05 0.0038560366 6.8544887e-06 0.0023122309 0.0004432469 1.7412513e-05 1.3590013e-06 0.00012180512 6.794031e-07 7.3549565e-08 0.0003458291 1.117577e-06 0.00039000687 0.011271004 2.5294808e-05 0.00074544153 7.146077e-05 0.00013105547 0.0018407782 0.00030914228 1.0143183e-05 1.1512968e-06 0.001019117 9.039183e-05 8.857045e-06 1.5491904e-06 0.0029865417 1.7432191e-06 0.00035013075 4.3052503e-05 0.0004973807 0.00032381495 1.108981e-07
0.03548805 0.6908372 0.5338623 0.51864636 1.601964e-21 0.83879304 0.71160924 0.67475355 0.088995054 0.49178752 0.51364404 0.59145147 0.62478983 0.73660994 0.62753963 0.031071888 0.019154482 0.5874955 0.011254372 0.57511616 0.26084414 0.37179443 0.38908854 0.34376085 0.07185574 0.05187126 0.013628067 0.0025379248 0.0004398483 0.026762642 0.07068258 0.42306685 0.030958464 0.40448755 0.0026581124 0.05665761 0.06071671 0.004361763 0.014005218 0.009348952 0.0003970471 5.0424405e-06 0.00092807104 3.635463e-07 1.6631635e-07 0.0027300569 0.0007019515 0.0075149024 3.0182713e-05 0.0002683742 0.004316065 0.00019810273 4.6129477e-07 0.00015749995 1.2967408e-06 1.5092212e-05 9.69064e-05 5.7825147e-08 0.00018746976 1.3595788e-05 4.8189533e-05 0.0011480253 0.00080278376 0.0007099787 2.296868e-08 0.0009571573 2.3390885e-05 5.4147345e-06 1.0701726e-05 0.00056555227 3.9804736e-08 0.00021430456 0.0003827165 2.2932294e-05 5.2305347e-09 3.7006685e-06 6.852279e-08 4.586382e-09 3.4232755e-05 1.9618444e-08 3.7659403e-05 0.00078761164 2.6020873e-06 0.00013979936 5.9500464e-05 3.9624774e-05 3.7384445e-05 3.893727e-05 3.860293e-06 8.399319e-08 0.0004095681 1.5346752e-06 1.3428631e-05 8.188521e-08 0.001142471 2.9889005e-08 0.00016904612 2.5802426e-06 3.0542105e-05 3.28108e-05 8.012084e-09
0.009584302 0.7342298 0.20470275 0.2525027 0.83879304 2.7161577e-22 0.3012168 0.1980685 0.60219723 0.1539583 0.18054458 0.8255787 0.112450235 0.3207135 0.1413189 0.09503938 0.24216838 0.6211691 0.1695608 0.33045146 0.106151804 0.36965278 0.14267372 0.44942778 0.04506949 0.005230975 0.14921969 0.048495706 0.007058605 0.11256369 0.0677 0.20980622 0.01996555 0.05540679 0.00039254656 0.029805942 0.03410863 0.0036766601 0.009607188 0.008559467 0.009759258 0.0015839825 0.017538274 1.7061348e-05 0.00018114012 0.004553385 0.0012882932 0.012365049 3.8904862e-05 3.9967184e-05 0.003654875 0.00012127529 7.01751e-05 4.0433173e-05 0.00030362065 1.1410368e-05 0.00011898509 7.757773e-06 0.0003216037 1.6148078e-05 9.116589e-05 0.00421805 0.008923423 0.0006495687 2.342199e-06 0.0039968383 2.2921144e-05 1.8510333e-05 2.0153419e-05 0.00029332182 1.4897958e-05 0.00012101972 0.00046480878 2.6907472e-05 6.630379e-07 0.0003962251 3.926502e-06 9.35908e-08 2.8640425e-05 2.3077457e-06 4.3991116e-05 0.0009840783 1.0374382e-06 0.0002807111 0.00022725742 2.640196e-05 5.6043096e-05 0.00011527482 1.2691457e-06 1.1007418e-06 0.0010980703 6.234138e-05 4.8902616e-06 2.7005478e-06 0.0008016748 1.9791348e-06 0.00113133 7.0321075e-05 0.00014110775 6.87981e-05 3.0198458e-07
0.2243349 0.52651715 0.88457584 0.7572724 0.71160924 0.3012168 2.3455508e-22 0.62883425 0.026845131 0.78544194 0.91433275 0.15193735 0.6201355 0.34011686 0.3809952 0.029288936 0.0066486117 0.11209935 0.0016470017 0.1581513 0.48696718 0.049486782 0.60656834 0.11820868 0.171299 0.05225052 0.003679554 0.0008321933 0.00056697475 0.012955593 0.14685936 0.15440653 0.1246996 0.23841913 0.0032824306 0.16062005 0.068237714 0.011591504 0.15394156 0.051051613 8.41357e-05 1.1665261e-05 0.0017246199 4.6795887e-07 1.2306192e-06 0.019747574 0.00521203 0.015418189 0.0017476713 1.4549377e-05 0.01174091 0.0056202 4.588638e-06 3.4164394e-05 9.488096e-06 0.00096634706 0.0017175766 3.8070377e-07 0.0036856101 0.001542052 0.0013894311 0.002616771 0.00032627746 0.004002598 2.064886e-07 0.0013352439 0.00072672835 0.0003092399 0.00043742746 0.0060201753 3.7187024e-07 0.003979863 0.002058565 0.000494861 9.5993705e-08 8.759185e-06 1.9452088e-07 1.1804561e-08 0.0009034776 7.802968e-08 0.0009366943 0.005086397 0.00021375956 0.0013682372 0.0015697489 0.00076941476 0.0013049064 0.00086377416 0.00011954457 2.4628912e-07 0.0044580433 1.4856946e-06 0.00016130833 1.6187812e-07 0.0016173308 5.6617118e-08 0.000102076905 4.618135e-06 0.00091589196 0.00074153615 1.2137073e-08
0.011962869 0.1597321 0.35217717 0.2926224 0.67475355 0.1980685 0.62883425 1.1278659e-22 0.0019092069 0.33447468 0.74277824 0.06663429 0.9297753 0.34733614 0.5817902 0.00676517 0.00053763855 0.08553611 0.0003199914 0.18253009 0.24176268 0.06253803 0.24054766 0.020739963 0.14091477 0.2953803 3.3126467e-05 2.0077912e-05 3.3407064e-06 5.217005e-05 0.061198402 0.09192691 0.061680857 0.20082395 0.051933113 0.19692102 0.0056405375 0.004947359 0.022050848 0.037131354 1.1121858e-07 1.2123648e-07 2.2124914e-05 1.8418543e-08 1.730691e-08 0.0021289024 0.013402065 0.0006945957 0.0039950437 2.5556466e-05 0.0008444527 0.0006917146 3.364353e-08 5.309658e-05 5.009831e-08 0.0001452831 0.0010054223 5.1544767e-08 0.00078087376 5.1827537e-05 0.0013353069 0.00022680253 5.8307283e-05 0.0010263458 1.4687177e-08 0.00029878918 0.00017080944 0.00025356436 0.00029512885 0.00029055722 3.8316053e-09 0.00077050406 0.00026209082 0.0007603623 2.9383989e-09 2.1586558e-07 3.0372531e-09 2.6308509e-09 0.00018919325 8.273414e-10 0.00021536768 0.0004622284 2.6961954e-05 0.0003021804 0.00028463392 0.00022274903 1.3299613e-05 0.00015350514 2.0100597e-05 3.5815535e-08 0.00035685996 9.740692e-07 9.045651e-05 5.704797e-09 0.00033357847 7.507258e-09 5.1767e-06 6.023195e-06 0.00014027747 8.449215e-05 2.451264e-09
0.029591661 0.889384 0.035078596 0.054382656 0.088995054 0.60219723 0.026845131 0.0019092069 9.271991e-21 0.01721323 0.0023110902 0.7092459 0.0007467863 0.01140884 0.00026632377 0.3667392 0.79786587 0.16917473 0.724797 0.0062158117 0.008620712 0.029871158 0.011738811 0.2615495 0.0045139254 1.4154652e-05 0.38405734 0.73008144 0.24668427 0.10462799 0.044978436 0.00076431665 0.0011664766 5.2086853e-06 2.657908e-07 0.0005113009 0.010371075 0.0028288767 0.0006660702 0.00065635965 0.0051899874 0.31142688 0.13292451 0.0077225086 0.06788267 0.00076094957 1.6356636e-05 0.008646903 1.0867833e-06 7.45192e-07 0.0003990453 7.320412e-05 0.008601839 3.3662448e-07 0.008408401 1.5764292e-05 2.3167877e-05 0.0077224313 7.691866e-05 2.0225487e-05 5.6452404e-06 0.006252951 0.06932337 0.00021485768 0.002960594 0.012703259 1.0521031e-05 2.8190757e-06 2.0535404e-06 4.602239e-05 0.0023644841 2.0698013e-05 4.72316e-05 9.215717e-05 0.0004639764 0.002901406 0.0005040378 5.3828262e-05 7.552791e-06 0.00036914754 2.2748367e-05 0.0016486583 1.6401849e-06 1.9585314e-05 2.6632286e-05 7.927064e-06 0.00014514074 7.285822e-06 3.9092905e-07 0.00010244848 0.00017002592 0.001736804 5.3167746e-06 0.00015567424 0.00055042474 0.00016545522 0.0034831748 0.001994151 1.5980491e-05 2.7493074e-05 4.2602012e-05
0.411929 0.5696308 0.76128405 0.89988035 0.49178752 0.1539583 0.78544194 0.33447468 0.01721323 5.5341276e-22 0.794229 0.06720367 0.24758382 0.0805273 0.0818548 0.09518074 0.0085873315 0.044397924 0.0038175525 0.030459624 0.502064 0.017551659 0.8973305 0.046901114 0.22266981 0.0063909963 0.00088693475 0.001266394 0.0030371246 0.0021243605 0.33584788 0.020998932 0.15224998 0.026346985 0.00067879504 0.07185301 0.12599957 0.041077018 0.15369794 0.01940943 7.4972417e-07 5.7774164e-06 0.007093324 1.3834139e-06 2.5586825e-05 0.07539412 0.002348891 0.03865349 0.00014356873 5.414557e-07 0.043757565 0.004702125 3.5625846e-05 1.9402446e-06 3.1987058e-06 0.0007223166 0.00055456674 2.056613e-06 0.009010593 0.0014347769 0.0005639309 0.006629937 0.00010464638 0.013289535 5.3338454e-07 0.00096330146 0.0002532695 4.7114678e-05 7.901354e-05 0.011302704 1.2293945e-06 0.0055740895 0.0024982078 0.00011970201 1.4531724e-07 2.1994858e-05 1.09043704e-07 5.9139182e-09 0.0015938487 2.560286e-07 0.0015065732 0.022601437 0.0001280545 0.0013296677 0.00028660192 0.00034610537 0.0048404248 0.00081778737 4.4174038e-05 9.2715175e-07 0.002734171 3.0852512e-05 4.4653592e-05 6.558159e-07 0.0056108767 3.5833182e-07 0.00019565254 7.263348e-05 0.0013521174 0.0008855356 1.9096701e-08
0.12523162 0.3102939 0.61779016 0.5357607 0.51364404 0.18054458 0.91433275 0.74277824 0.0023110902 0.794229 4.4572094e-21 0.11700025 0.90416753 0.2041289 0.3126631 0.016972354 0.001394882 0.09604633 0.0008190764 0.07780901 0.61586046 0.035115156 0.59403014 0.027581448 0.46410695 0.31597868 0.00017095741 0.00021449162 6.315741e-06 0.00012432008 0.1522833 0.026017295 0.43374962 0.09579283 0.06425006 0.41919014 0.016424436 0.027381908 0.2789963 0.2119351 4.3426434e-07 3.8215077e-07 6.1414057e-06 1.6915746e-07 2.6200155e-08 0.07965391 0.07554903 0.0065583414 0.022565158 1.9629076e-06 0.009930775 0.017489526 8.636649e-09 1.664584e-05 5.3605874e-07 0.002974911 0.005656003 8.56349e-09 0.011610046 0.00246348 0.0072987475 0.00020667748 2.9447083e-05 0.008241024 1.5694613e-09 0.00016513489 0.0020248964 0.0014598274 0.0009857567 0.0065995813 3.1113438e-09 0.008486396 0.0027656155 0.0013386079 3.7717918e-09 5.1116434e-08 1.0540106e-08 8.5925767e-10 0.0012144444 4.3645527e-09 0.0011806005 0.0035112824 0.00024582792 0.0009107734 0.0035732843 0.0009052971 0.00044169804 0.00072437397 0.0003122213 8.295054e-08 0.0039455714 4.0194956e-07 0.00092162844 2.060168e-08 0.0008022583 1.1405792e-08 1.0183727e-05 1.1070905e-05 0.0012214129 0.00082360615 8.362901e-09
0.007680519 0.5972821 0.099464275 0.099229164 0.59145147 0.8255787 0.15193735 0.06663429 0.7092459 0.06720367 0.11700025 2.0950863e-20 0.10474894 0.18037541 0.04733081 0.0808585 0.5893512 0.7065898 0.23627007 0.27629146 0.07525112 0.41005224 0.052079707 0.7264192 0.03607178 0.0025877454 0.45073774 0.17462943 0.013760001 0.29329053 0.05631551 0.13305248 0.0074309045 0.0030967297 5.729617e-05 0.013461 0.00777475 0.0014441999 0.002179892 0.003840547 0.034804232 0.015264918 0.032857947 0.00094244146 0.0018091684 0.0003011065 0.00077480584 0.0065187635 1.5799767e-05 4.0835064e-05 0.00078173704 4.8532675e-05 9.173757e-05 2.6073e-05 0.00080639665 5.514479e-06 0.00012786193 4.4767006e-05 0.00010375946 3.8621047e-06 1.813122e-05 0.0027243649 0.011525466 0.00016447164 7.4535797e-06 0.004333635 1.306309e-05 5.279385e-06 1.9442489e-06 6.1727005e-05 9.726114e-06 1.4079044e-05 2.9190995e-05 1.0629448e-05 2.0597968e-06 0.00023427689 2.3048467e-06 1.7368262e-07 1.6914119e-05 2.1295175e-06 2.1053533e-05 0.0001853074 2.50082e-07 4.8027672e-05 3.5792065e-05 2.2466256e-05 5.188537e-06 6.0852246e-05 3.3710978e-06 1.6675909e-06 0.00093329255 2.6371963e-05 6.053387e-06 1.6609439e-06 0.00010662367 1.8441762e-06 0.00041576917 7.866152e-05 1.3768678e-05 1.6138609e-05 4.2480903e-07
0.09102852 0.08502825 0.24199489 0.10073239 0.62478983 0.112450235 0.6201355 0.9297753 0.0007467863 0.24758382 0.90416753 0.10474894 3.2262815e-21 0.53749883 0.75787884 0.0026220272 0.00033405217 0.09788919 0.00012197925 0.3054059 0.34938315 0.10871359 0.31150964 0.056906026 0.20454007 0.60947317 0.0002243159 0.0001757674 5.021561e-06 0.0015042787 0.1355097 0.3567296 0.20464334 0.63679904 0.4246984 0.49356583 0.0038173778 0.007723452 0.13201568 0.19285896 8.6412794e-05 1.3244366e-05 2.2385608e-05 1.0624492e-05 6.974739e-08 0.02033997 0.06910632 0.0019504967 0.24282742 0.00042762407 0.0022819191 0.0041063013 5.02901e-07 0.0011828449 4.6410937e-06 0.001360302 0.0047179027 6.0146654e-08 0.002357103 0.001200673 0.013840336 0.0015996946 0.00018629899 0.0022129063 3.2210213e-08 0.0017474461 0.002416642 0.0028673874 0.0047198916 0.0012581354 2.7785905e-08 0.002254816 0.0012502938 0.007924159 8.528217e-09 5.897923e-07 3.6604085e-08 4.0999556e-08 0.0007235114 1.5975012e-08 0.0011541371 0.0019383358 0.0019814724 0.0010946451 0.00425571 0.0012718235 0.00044001944 0.0006462331 0.0013978116 1.2340269e-07 0.0020320783 1.8303257e-06 0.0010942292 2.1282595e-07 0.0009573116 1.4940934e-08 1.08058175e-05 1.04709225e-05 0.0002858308 0.00038251583 3.5518026e-09
0.0013872922 0.0926957 0.13617052 0.09848882 0.73660994 0.3207135 0.34011686 0.34733614 0.01140884 0.0805273 0.2041289 0.18037541 0.53749883 5.669977e-20 0.83195144 0.003213359 0.0023095238 0.41084728 0.0020944434 0.673706 0.08030018 0.29883912 0.05613737 0.10108328 0.033435762 0.08969442 0.0018977233 0.0011696576 4.749897e-05 0.002503975 0.01645319 0.3355436 0.0063056187 0.3827364 0.014944377 0.033297233 0.00560974 0.0006523888 0.003386376 0.0062501603 1.7991115e-05 2.2790223e-06 0.0017669052 1.3417908e-06 1.0261352e-06 0.00208909 0.0049085873 0.0011913542 0.0038842324 0.00016901114 0.00084431464 0.00050607783 4.054119e-06 0.00035671485 8.454099e-07 8.4710155e-05 0.0006426139 1.439909e-06 0.0004549229 5.125896e-05 0.00089557853 0.0020203337 0.0014022491 0.00024395839 3.9940886e-07 0.0033419111 0.00032985382 7.39161e-05 0.00047117268 0.00018890624 2.8694362e-07 0.00015210822 6.759185e-05 0.00031312957 3.41547e-08 4.9362643e-06 2.4705567e-08 5.0753382e-08 4.332802e-05 2.0578158e-08 5.4574713e-05 0.0008347387 3.2131184e-06 0.00021576135 4.0272927e-05 0.00010280856 1.7810959e-05 7.934261e-05 1.9058867e-05 2.857151e-07 0.00010580603 9.815521e-06 2.6522792e-05 1.0592996e-07 0.0039194985 3.2584616e-08 6.991005e-05 6.904244e-06 2.3384326e-05 1.8353361e-05 5.0147335e-09
0.002627737 0.02322599 0.15789513 0.08619233 0.62753963 0.1413189 0.3809952 0.5817902 0.00026632377 0.0818548 0.3126631 0.04733081 0.75787884 0.83195144 7.625099e-21 0.00094743795 2.9198873e-05 0.16667408 3.360193e-05 0.44492805 0.12743405 0.13972053 0.055041384 0.0154620465 0.03226736 0.29365772 4.5970148e-05 1.1317696e-05 4.049142e-06 0.00021685034 0.006535247 0.33403665 0.00946021 0.6015152 0.097734444 0.07414729 0.0026845315 0.00040776734 0.0032955387 0.012545949 2.458551e-06 9.92362e-08 6.234542e-05 1.1060362e-07 3.2576164e-08 0.0005667282 0.0047659986 0.00034974763 0.018335767 0.00033760958 0.00026912 0.0003114083 1.07207654e-07 0.0011863798 7.652902e-07 9.283878e-05 0.00032916688 2.6308234e-07 0.0005202351 8.8795365e-05 0.0009054594 0.00040169896 8.481783e-05 8.003929e-05 6.9055744e-08 0.000363117 0.00019337237 6.614028e-05 0.000334599 0.00012120522 1.0963216e-08 0.00016028793 7.143005e-05 0.00040060695 6.1503354e-09 2.6333134e-07 4.0709247e-10 1.7998528e-09 3.5491586e-05 3.4536773e-10 4.9167505e-05 0.0004775904 3.3216027e-05 7.3663534e-05 7.798434e-05 0.00010429867 5.117885e-05 2.2116603e-05 2.8833687e-05 1.2734399e-08 0.0001399246 1.0608176e-06 7.4820215e-05 7.878817e-09 0.0063901343 1.3794791e-09 1.3634617e-06 2.3234534e-06 3.297857e-05 3.599993e-05 4.7834925e-10
0.16259032 0.6445315 0.04789629 0.10534675 0.031071888 0.09503938 0.029288936 0.00676517 0.3667392 0.09518074 0.016972354 0.0808585 0.0026220272 0.003213359 0.00094743795 3.1407196e-21 0.015703622 0.013535542 0.95266575 0.0020630478 0.034418236 0.002371979 0.1179397 0.01297646 0.05341556 8.729709e-05 0.0039311843 0.40798575 0.28318566 0.0014011676 0.53172165 9.287731e-05 0.018951358 8.815543e-06 2.3137474e-07 0.0007800264 0.11713999 0.0946914 0.025888896 0.0007170147 1.098018e-06 0.00683978 0.58654284 3.688655e-05 0.012727312 0.09265003 6.722318e-05 0.36161202 2.077392e-06 1.0133315e-06 0.030859295 0.001913057 0.008540032 8.597032e-07 3.9827657e-05 0.00017964156 0.00019831462 0.001170548 0.0059530376 0.0016799411 1.9455316e-05 0.18729372 0.08715804 0.041672517 0.00026244496 0.13527669 0.00012318733 4.8541417e-05 1.6409922e-06 0.022360625 0.0013792487 0.0073565855 0.0021390303 2.1165586e-05 0.00026842798 0.014816261 7.246383e-05 1.9641408e-05 0.0019251896 0.0002687143 0.0012069148 0.11920082 3.188065e-06 0.0035484347 7.651049e-05 0.00013981842 0.019136585 0.00087579666 1.0660812e-06 0.00028338883 0.0011337888 0.0013552663 1.4435698e-05 0.00014523572 0.03495402 0.0002038568 0.049416017 0.0011710656 0.0017423185 0.0007913273 1.25301285e-05
0.00039179611 0.28873777 0.0058429665 0.007011025 0.019154482 0.24216838 0.0066486117 0.00053763855 0.79786587 0.0085873315 0.001394882 0.5893512 0.00033405217 0.0023095238 2.9198873e-05 0.015703622 5.329302e-25 0.27225134 0.1529905 0.005483392 0.008531526 0.068362504 0.0074034794 0.42531556 0.0022468606 2.8946056e-06 0.8241092 0.3472998 0.020644398 0.1223746 0.0034509012 0.00065839407 0.00053391827 5.375065e-07 1.0629473e-06 0.00041273373 0.0007915378 3.833887e-05 6.954902e-05 0.0007547531 0.043569036 0.2963904 0.012848105 0.011264809 0.00844187 4.6874256e-06 9.441381e-05 0.00011716486 5.702048e-06 7.02238e-08 5.53958e-06 1.4113674e-05 0.0025311196 2.532615e-08 0.0019986802 1.2183467e-05 4.0642128e-05 0.000537197 1.6399401e-05 2.8662948e-06 1.22321435e-05 0.00042518481 0.0059830807 3.0424674e-06 0.00012152455 0.0008748167 1.1780815e-05 3.4935695e-06 6.820275e-06 1.794568e-06 0.00023756463 1.5903883e-05 9.29948e-06 6.052856e-06 1.2377725e-05 0.0006449773 5.3633183e-05 1.2189249e-06 4.02046e-06 5.2331252e-05 4.0918158e-06 1.1269187e-05 6.82658e-08 2.2065133e-05 3.086955e-05 4.373063e-06 1.120492e-07 4.263324e-06 3.657821e-07 8.304451e-06 2.9059669e-05 0.00013896314 1.2151024e-07 1.9310498e-06 2.457632e-06 1.0094913e-05 0.0006012102 0.00012700162 6.3376365e-06 2.1184092e-06 1.357285e-06
0.00052832835 0.23253621 0.060549565 0.05794302 0.5874955 0.6211691 0.11209935 0.08553611 0.16917473 0.044397924 0.09604633 0.7065898 0.09788919 0.41084728 0.16667408 0.013535542 0.27225134 5.5797727e-20 0.042657465 0.79263765 0.036600154 0.8880145 0.021035658 0.8128191 0.005155409 0.0034472847 0.30271083 0.009789314 0.0003820087 0.21092744 0.0038273127 0.4161459 0.0014194096 0.0814828 0.00017575432 0.008014057 0.004731312 6.516159e-05 0.00082308287 0.0037881206 0.019442946 0.00047053728 0.0025466364 3.5012825e-05 8.9793975e-06 2.184018e-05 0.0006924689 0.00083044387 0.00026219257 0.00012946947 0.00046880785 7.551434e-05 2.998212e-05 5.2630247e-05 1.2086211e-05 4.345111e-06 9.3940216e-05 2.409225e-05 8.388813e-05 2.4780559e-06 6.672253e-06 0.00091066747 0.0049323756 1.257502e-05 4.856288e-06 0.003664541 3.0332589e-05 2.8301596e-05 3.1667067e-05 3.614241e-05 1.07245405e-05 1.8356845e-05 6.4453794e-05 0.0001386469 3.0648022e-07 8.57288e-05 1.14146445e-07 5.1720787e-07 1.8917044e-05 1.8756087e-07 2.2160664e-05 0.0010239353 1.0114478e-06 0.0001840994 0.00015325882 8.5073254e-05 5.079237e-06 5.7454028e-05 1.6978229e-05 1.9172614e-06 0.00025572765 1.6925655e-05 6.4222872e-06 4.5210552e-07 0.0007018938 2.330807e-07 0.0008194256 2.089059e-05 3.833287e-05 5.6969366e-05 1.0599517e-08
0.33539474 0.6442197 0.005772463 0.010838217 0.011254372 0.1695608 0.0016470017 0.0003199914 0.724797 0.0038175525 0.0008190764 0.23627007 0.00012197925 0.0020944434 3.360193e-05 0.95266575 0.1529905 0.042657465 2.5583872e-22 0.0020998714 0.001015214 0.009108972 0.008272895 0.08804577 0.003288759 1.6321987e-06 0.060822956 0.81563306 0.73846644 0.017367933 0.06375965 0.00025000342 0.001203383 2.7453575e-06 3.0153092e-08 6.2879306e-05 0.03767765 0.005507214 0.002363338 0.00011421578 0.00027213604 0.14840646 0.50596124 0.0012667027 0.12098336 0.005476512 9.105011e-06 0.06517226 1.3618582e-06 3.1188247e-07 0.0029524625 0.000114019436 0.021219425 9.5129707e-07 0.0017048948 8.389297e-06 2.7359001e-05 0.010772427 0.00024573275 5.802206e-05 6.351353e-06 0.025352864 0.13879952 0.005841181 0.00495762 0.05289797 1.60338e-05 1.9430997e-06 3.1113989e-06 0.0031045228 0.002441702 0.00052829436 0.00028978733 1.7398809e-06 0.0013414742 0.019653462 0.00035814906 0.00011335601 0.00012093851 0.0002356615 0.00024963488 0.021014033 8.53725e-07 0.00046743086 1.1071644e-05 3.4056815e-05 0.0031324325 0.00010931188 2.8898464e-07 2.6035232e-05 0.0009531011 0.0012462065 1.2775782e-06 7.305516e-05 0.00574528 6.039292e-05 0.05580336 0.0017659838 0.00041248288 0.00015468374 2.8561351e-05
0.000386026 0.049707614 0.076708585 0.047709696 0.57511616 0.33045146 0.1581513 0.18253009 0.0062158117 0.030459624 0.07780901 0.27629146 0.3054059 0.673706 0.44492805 0.0020630478 0.005483392 0.79263765 0.0020998714 6.9141675e-19 0.038960874 0.85094976 0.016393712 0.36688694 0.0061859954 0.03749743 0.010665944 0.0004186612 0.00011658027 0.01699367 0.001721231 0.81742513 0.002989565 0.40131786 0.012327648 0.010682099 0.001608942 0.00011014496 0.0006623237 0.0039951676 0.005640632 6.04768e-06 0.00025129784 3.8016246e-05 1.3268051e-06 0.00078198384 0.0017468549 0.00033065854 0.002674642 0.0010553128 0.00023613934 0.00027334134 1.5798985e-05 0.0015151036 8.048584e-05 8.851164e-05 0.00024251717 7.0746637e-06 0.00014146522 5.5707125e-05 0.00026698827 0.0013173199 0.000729374 7.608381e-05 1.9710187e-06 0.0017131437 0.00012941318 2.6265216e-05 0.00011419648 5.5431337e-05 2.045692e-06 0.000112420355 2.3952116e-05 0.00021243676 5.7970034e-08 8.413205e-06 1.4336142e-08 2.1128355e-07 2.439701e-05 5.2955052e-08 3.9279315e-05 0.0013857227 7.3934675e-06 0.00020868857 7.368672e-05 5.8053272e-05 6.746141e-06 3.666395e-05 1.2893071e-05 1.0398621e-06 3.8862738e-05 1.750744e-05 7.922632e-05 6.8920576e-07 0.004001652 1.7488881e-07 0.00025241447 1.2136095e-05 2.535785e-05 2.7210035e-05 5.075929e-08
0.48787886 0.1552692 0.23123975 0.17087762 0.26084414 0.106151804 0.48696718 0.24176268 0.008620712 0.502064 0.61586046 0.07525112 0.34938315 0.08030018 0.12743405 0.034418236 0.008531526 0.036600154 0.001015214 0.038960874 7.198289e-21 0.015355589 0.931851 0.046375092 0.9480461 0.060490306 0.0006618969 0.00042573825 0.0010069318 0.003917836 0.1337338 0.03361919 0.6594279 0.10024159 0.017886128 0.35960355 0.01717771 0.022467526 0.36584195 0.18446727 7.2902494e-06 2.6594622e-05 0.0008399601 1.27820285e-05 4.1871685e-06 0.10694017 0.023955436 0.012936642 0.0017856514 5.611923e-06 0.048492275 0.025871482 5.575344e-06 5.183233e-05 2.542747e-05 0.00477913 0.00572483 1.8614998e-06 0.028647263 0.009321167 0.003112493 0.0015800176 4.5285382e-05 0.018499034 4.028852e-07 0.0001680896 0.0027216822 0.001618901 0.0005879803 0.028916165 2.91312e-07 0.020247404 0.013368334 0.0006942169 2.7008594e-08 1.8406622e-06 3.5068894e-07 5.0929483e-08 0.0047479547 1.6381036e-07 0.0067462544 0.009596058 0.0010786129 0.0046443064 0.0105008595 0.0023416285 0.005294936 0.003157148 0.0013961962 2.432063e-07 0.023111343 3.356389e-06 0.0009583478 3.3282106e-07 0.0024184356 7.30595e-08 4.220792e-05 3.7977163e-06 0.004794487 0.004819765 6.780548e-09
0.00011224948 0.055608347 0.026127998 0.01887439 0.37179443 0.36965278 0.049486782 0.06253803 0.029871158 0.017551659 0.035115156 0.41005224 0.10871359 0.29883912 0.13972053 0.002371979 0.068362504 0.8880145 0.009108972 0.85094976 0.015355589 1.4613583e-18 0.006313269 0.86630607 0.0017161572 0.010618825 0.16576004 0.0014960304 0.00020692636 0.29538926 0.00041897394 0.7241595 0.002055922 0.095857434 0.00300034 0.0049061137 0.000988663 6.161273e-05 0.0006490727 0.0055099903 0.13531601 0.00012913591 0.00069966575 0.00045416388 8.8037805e-06 0.00044745757 0.0014993512 0.0006215839 0.0043352 0.0007208288 8.140189e-05 0.00052176847 6.534597e-05 0.00089964556 0.000838793 0.00011279644 0.0002408443 1.4662818e-05 0.000113249785 7.523334e-05 0.0001580294 0.0024571063 0.00060215243 5.164276e-05 3.913545e-06 0.0035536448 0.00015007654 1.8866453e-05 0.00017940153 2.1987937e-05 1.0118449e-05 0.00015212606 1.2810071e-05 0.00013772992 2.2180855e-07 1.1563635e-05 5.0017256e-08 2.6321234e-07 3.6060435e-05 1.8096134e-07 1.4695913e-05 0.00073442544 3.3356366e-05 0.00018200837 1.6242306e-05 6.6792025e-05 1.2784449e-06 4.8092297e-05 2.5378387e-05 2.5011097e-06 1.841629e-05 6.5469794e-05 6.6544446e-05 1.0491418e-06 0.0004008567 6.898765e-07 0.0003437603 2.3081539e-05 6.885563e-06 9.060048e-06 8.907462e-08
0.77624327 0.3579178 0.45598623 0.53966796 0.38908854 0.14267372 0.60656834 0.24054766 0.011738811 0.8973305 0.59403014 0.052079707 0.31150964 0.05613737 0.055041384 0.1179397 0.0074034794 0.021035658 0.008272895 0.016393712 0.931851 0.006313269 4.4055502e-21 0.008474304 0.7130747 0.0075239814 0.00028124702 0.0021848872 0.0039099487 0.00018357132 0.58188915 0.0037342333 0.58758736 0.009221964 0.0009350641 0.11693434 0.19129382 0.11064344 0.47644588 0.052525755 2.5278975e-06 3.0628034e-05 0.009560872 2.1531829e-05 0.00014145697 0.27422157 0.00089370366 0.06875772 0.00010442477 3.3177164e-06 0.17886724 0.035242647 0.00010553858 1.514871e-05 5.975242e-05 0.0023142253 0.0017026468 3.97066e-05 0.05022628 0.007214502 0.0004469413 0.010939516 0.00011543775 0.06960968 5.512418e-06 0.0019426508 0.00095313246 0.00060410146 9.8201985e-05 0.06618284 1.4755443e-05 0.02856057 0.013499614 0.00025634124 1.0048802e-06 0.00014809628 2.5219822e-07 1.3116568e-07 0.009327836 1.1609674e-06 0.008375097 0.06489608 0.0006405778 0.008539922 0.005287213 0.0026064052 0.025311124 0.005526014 0.00036120118 1.5933477e-06 0.022503953 7.9863465e-05 0.00031122126 1.3534591e-06 0.018850753 5.220404e-07 0.00050023984 0.00018029203 0.0066795913 0.005836779 5.1303093e-08
0.0003176987 0.21328981 0.053021405 0.05097737 0.34376085 0.44942778 0.11820868 0.020739963 0.2615495 0.046901114 0.027581448 0.7264192 0.056906026 0.10108328 0.0154620465 0.01297646 0.42531556 0.8128191 0.08804577 0.36688694 0.046375092 0.86630607 0.008474304 4.3853936e-22 0.00017580495 0.0004557017 0.5958457 0.028355552 0.00036662712 0.7291968 0.00013040268 0.17957023 0.0004394816 0.008900298 0.00010542359 0.0041324263 0.00085923076 1.1635529e-05 6.57927e-05 0.00212834 0.22308072 0.0015085492 0.0009161916 0.0004360784 2.5215017e-05 6.289792e-06 0.000105418374 0.00021370736 0.00011567887 9.79359e-05 8.1147155e-06 8.82836e-05 2.465747e-05 1.956754e-05 0.000655168 9.369484e-06 5.9758182e-05 3.392462e-05 6.7157365e-05 9.166565e-06 9.367573e-06 0.0016342058 0.0016809498 1.3144291e-05 1.1482195e-05 0.0028493498 1.7126655e-05 2.1516812e-06 3.86098e-05 8.383315e-06 1.780442e-05 1.1442777e-05 1.1833163e-05 1.9928124e-05 1.10993305e-07 3.0021636e-05 3.2174125e-07 1.8942984e-07 1.05807285e-05 5.7066967e-07 2.9521782e-06 0.00027470707 1.2713274e-06 0.00016875763 1.6956772e-05 7.050918e-05 1.8928168e-06 1.548599e-05 3.6974193e-06 1.1738283e-06 2.9644547e-05 6.240277e-05 7.4124805e-06 4.2972636e-07 9.358308e-05 3.1774488e-07 0.00048099045 1.3617642e-05 7.453538e-06 6.602467e-06 4.3913676e-08
0.045194384 0.08891325 0.05932448 0.050846662 0.07185574 0.04506949 0.171299 0.14091477 0.0045139254 0.22266981 0.46410695 0.03607178 0.20454007 0.033435762 0.03226736 0.05341556 0.0022468606 0.005155409 0.003288759 0.0061859954 0.9480461 0.0017161572 0.7130747 0.00017580495 1.6909916e-21 0.061257586 4.0537998e-05 0.0007157454 0.0017216669 1.807304e-05 0.18423438 9.595971e-05 0.7679482 0.0011672796 0.008231162 0.48442096 0.010037578 0.07599709 0.34744784 0.3532619 1.4608676e-07 2.6255736e-06 0.0018974103 1.6369448e-05 1.1419883e-05 0.30423647 0.19528109 0.021687113 0.031535275 8.113687e-06 0.016770277 0.082142405 1.5500662e-05 1.3429335e-05 6.986182e-06 0.07129216 0.044264916 1.7338572e-05 0.10388666 0.12471057 0.06367011 0.013571999 5.245192e-05 0.061057776 3.6178121e-06 0.0014573202 0.023012476 0.0083815055 0.0075286613 0.0435814 5.545727e-06 0.10231924 0.014787232 0.002480268 4.7356536e-07 1.4422365e-05 4.7303566e-08 4.0071274e-08 0.01611054 6.6402504e-07 0.01671775 0.010487492 0.0019673775 0.011257309 0.010620754 0.007745983 0.016476208 0.010341973 0.004747515 3.5845264e-06 0.012322688 8.1439675e-06 0.0038340476 1.7806661e-07 0.0032180145 7.5278416e-07 9.05689e-05 1.925196e-05 0.009401251 0.008954082 1.2511404e-09
0.008533633 0.0010840754 0.011428317 0.0021301992 0.05187126 0.005230975 0.05225052 0.2953803 1.4154652e-05 0.0063909963 0.31597868 0.0025877454 0.60947317 0.08969442 0.29365772 8.729709e-05 2.8946056e-06 0.0034472847 1.6321987e-06 0.03749743 0.060490306 0.010618825 0.0075239814 0.0004557017 0.061257586 6.250169e-20 6.382472e-06 6.53318e-06 3.8083738e-07 2.3874645e-05 0.00746261 0.069447994 0.07749051 0.3008866 0.9558917 0.32060277 0.00012335004 0.0021864474 0.010452436 0.072689764 5.509207e-06 1.3368944e-05 3.5219622e-05 3.6469553e-06 8.309036e-08 0.0063559557 0.08417414 0.00020618117 0.3551479 0.00025406154 0.00026366647 0.004331332 8.311331e-07 0.0034162556 1.5538736e-06 0.0026488379 0.004669746 1.8062984e-06 0.0012176841 0.0028966658 0.01667689 0.00092835067 0.00011840135 0.0009065104 4.972004e-07 0.00021217659 0.0041990774 0.0030421657 0.009328645 0.0005741098 5.2184924e-07 0.004012794 0.0011443602 0.021341125 3.4231658e-08 9.194074e-06 1.8856081e-08 2.2267116e-07 0.0010360408 4.3289543e-08 0.0013924901 0.0007855087 0.0058805663 0.0020647878 0.0034751205 0.0023328909 0.00020237497 0.0003630564 0.004834259 7.363898e-08 0.0018897229 2.9928555e-05 0.0036966263 5.6162694e-08 0.0013913254 1.530984e-08 9.5462885e-05 5.4918332e-06 0.0005057344 0.0009966572 5.4289977e-09
9.8465025e-05 0.05470715 0.0015934771 0.0021540937 0.013628067 0.14921969 0.003679554 3.3126467e-05 0.38405734 0.00088693475 0.00017095741 0.45073774 0.0002243159 0.0018977233 4.5970148e-05 0.0039311843 0.8241092 0.30271083 0.060822956 0.010665944 0.0006618969 0.16576004 0.00028124702 0.5958457 4.0537998e-05 6.382472e-06 2.382063e-20 0.14419301 0.0034757606 0.61452574 0.00011482278 0.0021944281 1.0477926e-05 8.4631865e-06 1.8084376e-06 6.107813e-05 0.00015396214 8.319313e-06 1.2132104e-05 0.00032632943 0.43597546 0.21289769 0.0011780402 0.047623165 0.002566098 1.4750519e-05 1.0145253e-05 8.0927486e-05 2.284766e-05 6.729996e-07 4.629075e-06 2.8225342e-05 0.0005062051 3.1472422e-07 0.017740533 1.8118566e-05 3.228878e-05 0.00037659748 9.500651e-05 1.8827504e-05 6.174958e-06 0.00022464922 0.00051559106 2.4157557e-06 0.0001590016 0.0002701777 6.593447e-05 3.728317e-06 6.323926e-06 2.670383e-05 8.850523e-05 3.759166e-05 1.2914361e-05 6.4725537e-06 3.772659e-05 0.000218637 0.00023629818 1.2951249e-05 6.356423e-05 0.00020392372 1.49935395e-05 3.3463042e-05 1.5669572e-06 0.00037107652 3.5444504e-05 4.436639e-05 3.0425863e-06 7.029808e-05 9.39366e-06 8.1730395e-05 6.3499996e-05 0.00010571566 2.9545524e-06 6.6410516e-06 7.629427e-06 0.00019787728 0.0002943991 5.628965e-05 1.35337195e-05 1.0117244e-05 3.7018595e-05
0.06506117 0.33820024 0.0021648863 0.0029864348 0.0025379248 0.048495706 0.0008321933 2.0077912e-05 0.73008144 0.001266394 0.00021449162 0.17462943 0.0001757674 0.0011696576 1.1317696e-05 0.40798575 0.3472998 0.009789314 0.81563306 0.0004186612 0.00042573825 0.0014960304 0.0021848872 0.028355552 0.0007157454 6.53318e-06 0.14419301 5.7489486e-20 0.9222152 0.0061665312 0.0851735 0.00035855488 0.0015520809 1.2245853e-06 1.2969945e-06 0.00012008676 0.0026725577 0.0048649223 0.0016307372 0.00019768847 5.6937806e-05 0.8045942 0.4546142 0.030977048 0.46676144 0.0008637729 7.4243406e-05 0.012256819 0.00037568688 1.1469554e-05 0.0003143054 0.00016512861 0.19258493 2.1459546e-05 0.006010377 0.00010921466 0.0002724492 0.10425711 0.00016037938 0.0002069595 5.4253906e-05 0.015616918 0.28884262 0.0011628274 0.056403514 0.03860638 0.000109424 1.3279146e-05 1.9952064e-05 0.0008862559 0.04628849 0.0005886472 1.3014234e-05 4.595987e-06 0.015679745 0.038446058 0.006299256 0.0034793536 0.00013235383 0.0046582436 0.00033061943 0.008319547 1.8581193e-06 0.00034824372 3.964165e-06 1.372226e-05 0.0018426811 0.00013012355 3.318688e-06 0.00074405514 0.0002797298 0.003902467 3.2160335e-06 0.0008898803 0.002658419 0.0008315003 0.034026798 0.00694017 8.024841e-05 6.0254846e-05 0.00047856016
0.0041510123 0.07061529 0.0017409482 0.0022561634 0.0004398483 0.007058605 0.00056697475 3.3407064e-06 0.24668427 0.0030371246 6.315741e-06 0.013760001 5.021561e-06 4.749897e-05 4.049142e-06 0.28318566 0.020644398 0.0003820087 0.73846644 0.00011658027 0.0010069318 0.00020692636 0.0039099487 0.00036662712 0.0017216669 3.8083738e-07 0.0034757606 0.9222152 3.3126892e-25 8.5544714e-05 0.07745695 5.4231477e-06 0.00031035757 3.334724e-07 6.4168364e-07 8.3305036e-05 0.004858723 0.008927965 0.00077272824 0.00038375173 1.8032668e-07 0.3037175 0.60126424 0.00022204257 0.21053965 0.00499907 1.2790065e-05 0.020982439 7.500302e-07 1.18267884e-07 0.0014959982 0.00021428982 0.14527301 3.1951703e-07 5.8255537e-05 4.2862583e-05 0.00013810556 0.023982447 0.00015276764 5.7865458e-05 8.901986e-06 0.03685741 0.26389402 0.0027302937 0.008470217 0.07840208 4.0384464e-05 3.3006966e-06 1.5148629e-06 0.00083677634 0.020238142 0.0004619761 5.77786e-05 9.701042e-07 0.0025797137 0.048585333 0.0010405671 0.00085299835 0.000101817415 0.0013532663 0.00010181111 0.00748508 5.822546e-08 0.00043112374 3.002673e-05 2.5618028e-05 0.0010162509 0.000102361555 4.235942e-07 0.0007132109 0.00013192423 0.0030967991 6.4161134e-07 0.00041070514 0.0012728809 0.00066541083 0.040915594 0.0025162327 0.0002959637 0.00018537244 4.3188746e-05
5.0887734e-06 0.027348544 0.0025802292 0.0019930464 0.026762642 0.11256369 0.012955593 5.217005e-05 0.10462799 0.0021243605 0.00012432008 0.29329053 0.0015042787 0.002503975 0.00021685034 0.0014011676 0.1223746 0.21092744 0.017367933 0.01699367 0.003917836 0.29538926 0.00018357132 0.7291968 1.807304e-05 2.3874645e-05 0.61452574 0.0061665312 8.5544714e-05 6.322822e-23 1.25424185e-05 0.0060576615 2.0857564e-05 9.094983e-05 1.149871e-05 0.0002702991 2.6870443e-05 2.1642122e-06 4.3332257e-06 0.00080852275 0.6690428 0.0022663951 0.00023422639 0.0005003472 5.2025473e-05 7.118016e-06 6.9266054e-05 5.0633516e-05 1.5840866e-05 4.4824747e-06 8.8173704e-07 0.00010120645 4.3477485e-05 1.4279816e-06 0.0010987172 0.00012376292 0.00015925153 6.891269e-05 2.270909e-05 5.101468e-05 4.6048997e-05 0.00081508944 0.00028781724 7.497839e-06 2.461762e-05 0.00035502386 0.00022043797 5.6241975e-06 6.36857e-05 6.8225063e-06 1.25610095e-05 7.6597884e-05 5.711676e-06 2.2687444e-05 1.7504841e-06 5.8377504e-05 1.18263e-06 3.9292704e-08 3.86917e-05 1.6091667e-06 1.8917332e-05 4.4499404e-05 3.4827112e-06 0.00020286675 1.5839778e-05 5.4431668e-05 1.3075147e-06 3.0053716e-05 3.7313437e-06 1.4827816e-06 6.3249568e-06 9.028527e-05 3.5039998e-06 2.9749506e-07 6.3393045e-06 7.594158e-07 0.00021642556 1.6786846e-05 5.4441557e-06 4.4178228e-06 1.4371275e-07
0.11640252 0.29138935 0.085390635 0.14146648 0.07068258 0.0677 0.14685936 0.061198402 0.044978436 0.33584788 0.1522833 0.05631551 0.1355097 0.01645319 0.006535247 0.53172165 0.0034509012 0.0038273127 0.06375965 0.001721231 0.1337338 0.00041897394 0.58188915 0.00013040268 0.18423438 0.00746261 0.00011482278 0.0851735 0.07745695 1.25424185e-05 1.073171e-22 0.000103826664 0.41454446 2.4892628e-05 3.8219492e-05 0.034933418 0.95385265 0.90659213 0.3179039 0.033788413 2.1133603e-08 0.00034913278 0.44264776 3.3505414e-05 0.009044868 0.3739118 0.00445559 0.5527225 0.0011770738 4.184945e-06 0.09997818 0.045437884 0.014860178 9.447527e-06 4.7354665e-06 0.023303902 0.008756559 0.0046894583 0.15604462 0.069623835 0.0007834577 0.24225698 0.029740892 0.12899883 0.00047973703 0.20325285 0.005328996 0.0032127325 0.00020844709 0.12159248 0.0045158225 0.12493835 0.009615749 0.0005042296 0.000656165 0.03354908 2.9315904e-06 1.1546697e-05 0.024997532 9.242032e-05 0.03402669 0.3480675 7.356413e-05 0.030972239 0.0076719243 0.00966566 0.20115575 0.018795595 0.0005144327 6.093832e-05 0.010969405 0.0026690364 0.00037583415 6.825327e-05 0.2057711 2.6713558e-05 0.036935918 0.0064088795 0.018860376 0.016603408 9.693112e-08
