9.3502485e-34 0.08266189 0.100230955 0.062282495 0.20425342 0.025872936 0.0216584 0.0530007 0.051118404 0.74800843 0.34195113 0.28483212 0.0054019107 0.8219685 0.04670256 0.020621957 0.84699905 0.34640956 0.50832844 0.006815688 0.007097627 0.7385899 0.03172555 0.0007043122 0.025635617 0.0027031056 0.4808063 0.39120016 0.0016500873 0.62756735 0.84198624 0.25214827 0.002382152 0.9174666 0.0015466331 0.72884136 0.0040314025 0.35362706 0.7080856 0.0020799078 0.0033467913 0.6434604 0.71093625 0.0013585233 0.0008946579 0.5498365 0.8107577 0.0012125431 0.001934815 0.7560918 0.029222567 0.0044174227 0.14761367 0.21059415 0.9367141 0.30944678 0.6735897 0.017599598 0.6123344 0.003739502 0.09878792 4.179694e-05 0.97192025 2.8062184e-05 0.45941314 0.36065882 4.369763e-05 0.006966055 0.06007251 7.5153566e-06 9.675576e-07 0.9675375 1.010122e-07 0.97610044 1.3890396e-05 0.00069441256 0.9857159 1.4195233e-05 9.2245364e-07 0.00884164 0.99252576 0.060139332 0.9645851 0.9240651 0.9979363 0.99911386 0.99273866 6.6923294e-09 7.26807e-06 0.29713157 9.468706e-10 0.13300718 8.6875225e-08 0.9468729 0.72697 0.99950856 0.09214615 0.764696 0.95451605 0.005837948 0.00031481415
0.08266189 3.1069705e-22 0.5770352 0.36632803 0.7856484 0.15291926 0.10477739 0.50727105 0.144496 0.28262857 0.122318976 0.062665544 0.06346292 0.12944846 0.11868613 0.081984736 0.5597018 0.16896676 0.35204732 0.016588332 0.013529032 0.046256553 0.05509686 0.0055517755 0.02828408 0.045525827 0.0206331 0.013160856 0.09147289 0.20175551 0.031810407 0.0073347213 0.063685596 0.041594647 0.038986173 0.028340017 0.0077213417 0.05850199 0.0646109 0.035237517 0.0015894315 0.085311554 0.067446075 0.059446882 0.044098236 0.0843922 0.008887583 0.0030713389 9.525032e-06 0.018357577 0.00037236567 9.598419e-06 0.0012497568 0.030134257 0.006683048 0.02467926 0.11766885 0.00044806203 0.033084508 0.00036349727 0.00071665447 0.0005495677 0.08436712 0.0002382746 0.00046980838 0.0004368632 0.0007982391 0.00014388315 9.838975e-05 6.0745065e-06 0.0007550649 0.043082487 0.0011438872 0.021337008 6.530246e-06 2.6439538e-06 0.030889267 1.8808794e-06 0.00011004006 2.8630016e-05 0.011742595 2.2053626e-05 0.0077146734 0.004067701 0.033121448 0.005020981 0.00081826566 1.5167806e-05 9.505272e-07 0.000606377 0.00021260782 1.5729138e-05 3.266713e-08 5.5262535e-05 0.0009142574 0.0030547264 1.8178573e-05 0.00019210244 0.00044131954 1.022237e-06 0.0002455435
0.100230955 0.5770352 6.2406804e-22 0.7091138 0.73368675 0.44074807 0.49506682 0.49884695 0.33831793 0.26729712 0.4630056 0.31310418 0.16708037 0.10824195 0.11999292 0.086319715 0.39351064 0.11559113 0.2802699 0.069642365 0.051484175 0.042713128 0.051141217 0.01441853 0.02129916 0.10074678 0.019062223 0.009968249 0.14498994 0.17085707 0.025123633 0.008311431 0.06332238 0.089969985 0.055908952 0.07547093 0.0038519197 0.11684628 0.047917623 0.030321479 0.013453153 0.057207394 0.07281284 0.063206755 0.04309164 0.08378295 0.0074819075 0.009965403 0.0004761258 0.05225255 9.086867e-05 0.0003131308 0.0043873354 0.06468346 0.006357047 0.018258568 0.08048269 0.00013809964 0.021363387 0.00016510261 0.0022924864 0.0006016301 0.08889948 0.0001864273 0.00048312743 0.0020519956 0.0005061114 6.978375e-05 0.0009915084 1.1066124e-05 0.0005739401 0.030865684 0.0006504487 0.017753253 2.1522344e-05 9.519928e-06 0.078677855 5.278524e-06 9.611257e-05 2.2174152e-05 0.012247893 0.00036961396 0.0077261296 0.004115367 0.026163904 0.0060370406 0.00088565855 1.1970857e-05 3.0946378e-06 0.0029261971 0.0002314382 7.2684165e-06 4.0970102e-07 4.475301e-05 0.002771341 0.0050797383 8.300507e-06 0.0003372405 0.0010147203 1.5835782e-06 0.0002815226
0.062282495 0.36632803 0.7091138 1.0643003e-21 0.4232115 0.6669694 0.70931417 0.5948382 0.59726036 0.36774632 0.3639418 0.31818476 0.44551426 0.18235351 0.15823844 0.099840716 0.33701658 0.1474431 0.23593266 0.22482847 0.060411762 0.047652174 0.04437152 0.029538574 0.0108236065 0.1818617 0.014979784 0.009848926 0.192178 0.11118596 0.028906424 0.0069889314 0.09920864 0.18724002 0.12348893 0.18215604 0.001709928 0.11433768 0.04726121 0.05216528 0.026859676 0.05697169 0.08609874 0.13417223 0.09628689 0.061972443 0.006341646 0.018175118 0.0009855612 0.09161101 0.00010573844 0.0005094764 0.0046823286 0.057841513 0.0055875042 0.017755875 0.04406664 0.00014162099 0.02113899 3.9380582e-05 0.0041873227 0.0050946856 0.07187356 0.00017410144 0.0004227435 0.0040562116 0.000969559 4.8260637e-05 0.0016423771 0.000100643294 0.001530245 0.022955969 0.0006703941 0.013670524 4.838617e-05 1.8156361e-05 0.030890875 2.537408e-05 3.5149995e-05 3.602249e-05 0.010990819 0.00064842927 0.0087558245 0.004649793 0.026538748 0.0050051925 0.0018197896 5.773509e-05 5.221895e-06 0.0029282183 0.00021210658 1.5280166e-05 2.6879043e-06 0.00021654862 0.0037722043 0.0026720606 5.1614155e-05 0.00085730274 0.0014777968 1.3563547e-06 0.00028374552
0.20425342 0.7856484 0.73368675 0.4232115 1.3174323e-22 0.20588152 0.20014653 0.453001 0.25800726 0.36539486 0.1545446 0.10373988 0.07880229 0.16951196 0.120546624 0.07751183 0.6197781 0.13509467 0.25150082 0.026093205 0.021108435 0.07169734 0.045570824 0.007072485 0.02754644 0.06619789 0.019756615 0.009271917 0.09830372 0.17592777 0.054148618 0.0076885256 0.061758246 0.10151546 0.056420293 0.09103469 0.006718261 0.06494384 0.073060706 0.035005827 0.008054916 0.08375678 0.09784792 0.060548402 0.037745766 0.0839081 0.009502441 0.0073231114 4.8580878e-05 0.04654256 8.334914e-05 3.432566e-05 0.002721185 0.030582618 0.012658375 0.014487625 0.12341638 5.925419e-05 0.039687313 0.00032708186 0.0005434238 0.0006335404 0.13570854 0.00016553729 0.00016122419 0.0010029196 0.00039494055 3.1477375e-05 0.00018048918 4.165367e-06 0.00044865956 0.055947047 0.0006424398 0.0271979 5.9670847e-06 9.73901e-07 0.059665482 1.6942296e-06 5.1133236e-05 1.9609159e-05 0.016842483 0.00010249949 0.008808043 0.0034858433 0.057086993 0.010482224 0.0039921566 1.5136364e-05 3.3042556e-06 0.0013145766 0.0001470481 7.2777457e-06 2.2159924e-07 6.510655e-05 0.0025157277 0.0059519224 1.2938349e-05 0.0007642299 0.0012494648 5.229358e-07 0.0004103295
0.025872936 0.15291926 0.44074807 0.6669694 0.20588152 1.5279742e-22 0.6994948 0.5181448 0.6798761 0.16264324 0.22174354 0.22137439 0.5506441 0.07535659 0.09359755 0.054795206 0.13203028 0.058329042 0.09016944 0.36713582 0.06266584 0.01151923 0.011645065 0.07443528 0.0043330463 0.22601295 0.00491571 0.0030826028 0.20337215 0.036886934 0.0061637005 0.002118033 0.08353793 0.08472133 0.15509628 0.10453513 0.00060362666 0.056565385 0.017878387 0.030647015 0.04222382 0.021426786 0.030729387 0.12049825 0.07904597 0.017397748 0.0013769289 0.034974657 0.0010658449 0.04859876 1.718523e-05 0.00044303818 0.0034464858 0.031081203 0.0019148559 0.008013374 0.013353284 2.5841176e-05 0.0070774443 1.8750561e-05 0.0029782422 0.009605997 0.021093383 9.4428666e-05 7.0050126e-05 0.0021602174 0.0010336067 1.36549515e-05 0.0015451167 0.00033084056 0.0023079128 0.011398335 0.00084988767 0.010327336 9.191701e-05 1.1432327e-05 0.008318247 5.6648856e-05 3.0911087e-05 9.776816e-06 0.011506066 0.0005242619 0.0064922376 0.00397952 0.013983858 0.004338051 0.0007630843 0.00021051655 5.429109e-06 0.0019492238 0.0003326007 3.788178e-06 1.1152012e-05 0.0001432875 0.0031779082 0.0023813273 1.9651676e-05 0.00081530557 0.0011415725 8.3131147e-07 0.00018869773
0.0216584 0.10477739 0.49506682 0.70931417 0.20014653 0.6994948 1.7511504e-21 0.24023394 0.60308707 0.0672602 0.29251936 0.4433978 0.44942376 0.045787983 0.020252395 0.009057267 0.05377894 0.023441222 0.03733075 0.52591145 0.4214727 0.005246733 0.0012663488 0.21660252 0.0004065731 0.14930637 0.0031302718 0.00042970595 0.05459058 0.015000035 0.004597309 0.001047422 0.009883392 0.057942756 0.054702044 0.08640436 8.127942e-05 0.05426152 0.007916673 0.0025596947 0.13303345 0.006804174 0.016235154 0.020615842 0.009828125 0.009215989 0.0010303756 0.03864279 0.010794362 0.06345609 9.521979e-06 0.0072035845 0.019552767 0.039405722 0.0022834018 0.004394896 0.006765396 2.0676567e-05 0.0034204267 9.185511e-06 0.01002408 0.0008929556 0.02402376 1.4469826e-05 0.000367534 0.0116723 6.375978e-05 1.5484764e-05 0.00559402 0.0005915437 0.00021859449 0.011449518 0.00014606984 0.0116558485 0.00015158993 0.00019151543 0.024313293 4.8434973e-05 1.2461523e-05 2.4360581e-05 0.019480517 0.0035058938 0.019379979 0.004983635 0.017206738 0.01039304 0.00033278918 2.8846121e-05 6.748069e-05 0.007376445 0.0001328598 1.2142902e-05 2.7154103e-06 2.0588632e-05 0.0077464413 0.0054430505 2.876848e-05 0.0024526885 0.0047460194 3.2068028e-06 0.0010058042
0.0530007 0.50727105 0.49884695 0.5948382 0.453001 0.5181448 0.24023394 4.5970954e-23 0.5600261 0.58230895 0.21000682 0.07706393 0.4089956 0.31704572 0.61192596 0.49749503 0.41826755 0.26192498 0.3061619 0.07213075 0.0055814777 0.09655174 0.37522215 0.0073690135 0.1506761 0.24360678 0.08122078 0.1339621 0.3708311 0.109781645 0.035111863 0.030815072 0.36961308 0.069402516 0.1733998 0.04891078 0.047039956 0.029351285 0.04927292 0.21792369 0.0064226864 0.052289836 0.059857056 0.22372751 0.19362539 0.04264003 0.005261221 0.008484834 5.610456e-06 0.020037565 0.00046160218 3.6899057e-06 0.00016923566 0.015064425 0.003718254 0.015557674 0.02751911 0.0002413939 0.017530056 0.00015223736 0.0016306976 0.0025060177 0.021727275 0.00093917694 0.0001745132 0.00062599673 0.0026985477 3.3934524e-05 8.803676e-05 9.799378e-06 0.0043123867 0.015635472 0.0014290335 0.007076817 1.2274457e-05 1.7262964e-06 0.0009219229 3.917193e-06 4.3742035e-05 1.0675702e-05 0.004878763 1.03425e-05 0.0039785574 0.0021987478 0.009279007 0.0030669894 0.0010591911 2.5046507e-05 4.5554845e-07 0.00013837201 0.0001829912 1.61623e-05 5.368348e-07 0.00047875024 0.0010359775 0.0011500147 5.9793183e-05 4.412187e-05 0.00019467519 3.3249098e-06 0.00020949777
0.051118404 0.144496 0.33831793 0.59726036 0.25800726 0.6798761 0.60308707 0.5600261 4.0713408e-23 0.24465083 0.23528245 0.2198836 0.6941587 0.08467378 0.1771432 0.10900935 0.11725213 0.056949124 0.066148505 0.48283935 0.062559426 0.017199643 0.038462374 0.11781143 0.013197697 0.45058626 0.010394681 0.007987764 0.36448798 0.029415095 0.008134235 0.003833715 0.1653226 0.09111229 0.2815185 0.105051905 0.0020174978 0.049257066 0.021826237 0.063363664 0.12495144 0.022303397 0.02954325 0.21836951 0.14234145 0.014107895 0.0016331096 0.08257601 0.0015415829 0.051128425 0.00012585777 0.0008448169 0.0044364743 0.028832123 0.002412418 0.006104747 0.00952224 0.000115471 0.007654816 2.7295751e-05 0.0032414212 0.04381801 0.030408086 0.00015874539 0.00015154599 0.0031611505 0.0018782518 1.5798563e-05 0.0024324819 0.000759136 0.007282061 0.010136594 0.0017422263 0.008659637 0.00021647882 2.6700696e-05 0.0077065034 8.832798e-05 4.6029458e-05 2.585668e-05 0.0063299085 0.00062382355 0.005174257 0.003982179 0.010754305 0.004280425 0.005266788 0.0024923712 5.5306777e-05 0.0025908567 0.001066755 2.086988e-05 0.00020059968 0.0006960672 0.0047429604 0.002701152 7.297418e-05 0.001560462 0.0024025978 9.539735e-07 0.00048152628
0.74800843 0.28262857 0.26729712 0.36774632 0.36539486 0.16264324 0.0672602 0.58230895 0.24465083 8.362916e-20 0.11871216 0.044484504 0.07361372 0.66865295 0.52313757 0.47941115 0.5185948 0.5912261 0.43431872 0.025468536 0.0035935321 0.5612876 0.51684886 0.0007704905 0.426139 0.08898806 0.52540964 0.6306355 0.16357006 0.28556097 0.44130486 0.4353091 0.19378483 0.0592117 0.066621065 0.03558612 0.2254654 0.02148723 0.26286462 0.19900368 0.0014258581 0.20565657 0.1081126 0.11226662 0.10188097 0.087926134 0.19561554 0.0013290555 2.7045066e-06 0.021060554 0.041457977 6.986072e-07 0.0001718201 0.014921072 0.20940164 0.078595914 0.12878932 0.013657336 0.16985027 0.013006406 0.0003443854 0.00022545384 0.13428482 0.008998219 0.0075738463 0.00027536962 0.011305658 0.00090639543 2.253589e-05 7.732187e-06 0.003185933 0.093901515 0.0037690778 0.041005272 1.1525498e-05 2.2298516e-06 0.0045014336 3.2008631e-06 0.0014702866 0.00020306748 0.03635071 1.003271e-05 0.03793869 0.025594411 0.07276389 0.06897193 0.17502497 3.8236154e-05 8.258414e-06 0.00060994923 0.0001175075 0.0009260914 2.6981834e-07 0.012311329 0.0060962234 0.01749616 0.0022242765 0.0006352938 0.0045462474 3.2524214e-05 0.0001099031
0.34195113 0.122318976 0.4630056 0.3639418 0.1545446 0.22174354 0.29251936 0.21000682 0.23528245 0.11871216 2.1809388e-21 0.8597083 0.11110929 0.07132104 0.032809593 0.022833554 0.3408284 0.11286564 0.22488973 0.07027557 0.09510432 0.01861426 0.006313272 0.011400699 0.0030116853 0.03410504 0.012253739 0.0018716127 0.022790812 0.20033133 0.020917106 0.003607387 0.008930229 0.18532385 0.014993706 0.18848747 0.0007179501 0.21319371 0.05750884 0.0041631553 0.007886148 0.076461285 0.11083294 0.009708733 0.0076576998 0.12616786 0.0041500838 0.011338175 0.0009450637 0.16924131 1.9974703e-05 0.00086663815 0.010822522 0.13162838 0.0049506207 0.032993644 0.15352811 5.434608e-05 0.029573483 0.00011297795 0.008525207 0.00034076735 0.2093262 0.000114932554 0.00028691068 0.004429592 0.00013747718 2.1302274e-05 0.0034290066 5.2694377e-05 0.00018628691 0.087755576 0.00019303997 0.051062495 4.1300893e-05 5.219792e-05 0.30443048 8.6742775e-06 2.6522866e-05 2.6797201e-05 0.03430079 0.0013499483 0.014502743 0.0041404082 0.14300199 0.014604617 0.0013238777 7.0728015e-06 2.5968961e-06 0.0068385415 6.7105706e-05 8.837437e-06 3.624446e-06 2.1227464e-05 0.0105732465 0.0071058357 1.7518629e-05 0.0068498007 0.010177669 2.5971983e-06 0.0003632661
0.28483212 0.062665544 0.31310418 0.31818476 0.10373988 0.22137439 0.4433978 0.07706393 0.2198836 0.044484504 0.8597083 3.457349e-21 0.09071184 0.03543126 0.012827279 0.006567727 0.10421622 0.024900941 0.057351228 0.14451578 0.3680125 0.005108496 0.0012883387 0.045273963 0.0008197719 0.04750597 0.0031060171 0.00034798094 0.01834507 0.03743246 0.0050046295 0.00075526617 0.0058042817 0.09830932 0.016447488 0.13084239 0.00013919552 0.13063695 0.023572458 0.0022718385 0.03718893 0.025817486 0.038897116 0.007642175 0.0035542343 0.036914557 0.00068606396 0.019129163 0.0048530176 0.12515853 2.1008565e-05 0.00637589 0.03560455 0.085875 0.002273113 0.012202934 0.03769661 3.166915e-05 0.0095749 3.101142e-05 0.021261584 0.00059704663 0.111401 5.1506122e-05 0.000173719 0.013769053 0.00014860049 2.0616433e-05 0.0069658887 0.00020106394 0.00021720653 0.030723123 0.0002214631 0.02415901 0.00017010393 0.0002092797 0.2036249 4.521215e-05 3.0923853e-05 1.0295146e-05 0.017028434 0.0036218981 0.01153165 0.0017495023 0.05267547 0.011791596 0.0003421955 1.5932514e-05 2.7574528e-05 0.014513998 3.9819683e-05 3.7530958e-06 2.065355e-05 2.0011817e-06 0.019596342 0.0050499816 4.957182e-06 0.008473181 0.016835311 3.0051867e-06 0.00076057296
0.0054019107 0.06346292 0.16708037 0.44551426 0.07880229 0.5506441 0.44942376 0.4089956 0.6941587 0.07361372 0.11110929 0.09071184 3.0868133e-24 0.02421941 0.09527533 0.05850066 0.01769367 0.015742052 0.017429018 0.45022103 0.04839447 0.0019488836 0.018824076 0.117539406 0.0069756308 0.43479323 0.002816162 0.0023072308 0.38004693 0.0037958228 0.0007861173 0.0014311229 0.12823889 0.011167514 0.28378126 0.013664325 0.0012199909 0.0059490055 0.0045175627 0.050353684 0.10821298 0.0043378156 0.0046751755 0.16103275 0.101056516 0.0029935706 0.00011512596 0.10153243 0.00018725356 0.005825857 9.566572e-06 7.681706e-05 0.0009607656 0.00690122 0.00035291436 0.0016950904 0.00074795063 1.2110002e-05 0.0011219304 7.581968e-06 0.001051866 0.018785631 0.0025414515 0.0001025208 3.5430728e-06 0.00043388212 0.00033808933 1.7280441e-06 0.00040649142 0.0003982179 0.0024603151 0.0034589062 0.00033256458 0.0017603338 0.00013806 9.470332e-06 0.00020840236 7.8338555e-05 1.7748307e-05 1.4545262e-06 0.002117559 0.00013599596 0.00030891623 0.00035522436 0.0031157348 0.0023134663 0.00012228209 0.00023327387 4.5719125e-06 0.0004194759 0.0002691693 2.852018e-06 6.325035e-06 8.2780054e-05 0.0015882966 0.00036683452 9.777264e-06 0.00018875138 0.0005005808 2.9389986e-07 0.000113554124
0.8219685 0.12944846 0.10824195 0.18235351 0.16951196 0.07535659 0.045787983 0.31704572 0.08467378 0.66865295 0.07132104 0.03543126 0.02421941 6.779999e-18 0.21682285 0.20035857 0.485961 0.70106614 0.7549004 0.009248844 0.0095148785 0.4617148 0.1832183 0.0008481096 0.13770266 0.017301723 0.27566102 0.18478964 0.03000424 0.36120874 0.43491215 0.11970065 0.04240238 0.032803155 0.011860297 0.017689006 0.029609 0.039651915 0.25380096 0.027615214 0.00078056473 0.23152106 0.08905122 0.021650897 0.018609513 0.13514346 0.15989953 0.000545552 3.0302257e-05 0.016549468 0.004139824 2.4881545e-05 0.001107886 0.02649786 0.21048619 0.12002606 0.25460327 0.0044647423 0.23214893 0.0041072 0.0005184874 2.6883923e-05 0.15338588 0.0013665146 0.0067813806 0.0005019342 0.0009705142 0.0010072007 0.0001566364 4.5674938e-06 3.728532e-05 0.18012369 0.00045430014 0.11902209 1.0881258e-05 7.141965e-06 0.028246483 3.7269658e-06 0.00050558295 0.00026629205 0.14183632 8.5109205e-05 0.13427351 0.035026908 0.22228661 0.24588506 0.12141171 3.5454286e-06 1.2427106e-05 0.0020486403 1.9814664e-05 0.00064984197 6.814036e-07 0.0031384188 0.0036976223 0.06940712 0.00042333553 0.0005090179 0.0030760055 8.8017696e-05 0.00011210943
0.04670256 0.11868613 0.11999292 0.15823844 0.120546624 0.09359755 0.020252395 0.61192596 0.1771432 0.52313757 0.032809593 0.012827279 0.09527533 0.21682285 5.3965702e-24 0.7069821 0.15935048 0.2631355 0.21755561 0.008807909 0.0013013602 0.21337417 0.4866433 0.0009441363 0.26797554 0.07238057 0.11072723 0.27058217 0.20774491 0.118297786 0.104723096 0.072166204 0.2584105 0.01796605 0.107854635 0.01587488 0.2512268 0.010947526 0.047258496 0.19693322 0.0016454877 0.04695334 0.026815027 0.18579064 0.16504893 0.021134002 0.021716919 0.003680535 3.1809611e-06 0.0071878387 0.011613115 1.7497898e-06 0.00011862185 0.007088482 0.016450295 0.014878443 0.029714525 0.003126231 0.021045167 0.019094178 0.00096925994 0.003456344 0.011537728 0.014213576 0.008988617 0.0010922358 0.023731766 0.00072515855 1.9670762e-05 4.8158226e-06 0.007531932 0.011753066 0.0063530956 0.01014865 1.0136761e-05 9.1381673e-07 0.00091933983 4.5235674e-06 0.0038346474 0.000715985 0.010559672 5.362589e-06 0.010835897 0.009403766 0.01163418 0.0050766193 0.00965863 0.00044317762 1.2206652e-06 0.00013391793 0.0006461391 0.0009148278 1.9265044e-06 0.0070956987 0.0006056266 0.0041695004 0.0010392653 0.00012339286 0.00018301704 9.370954e-05 5.0894363e-05
0.020621957 0.081984736 0.086319715 0.099840716 0.07751183 0.054795206 0.009057267 0.49749503 0.10900935 0.47941115 0.022833554 0.006567727 0.05850066 0.20035857 0.7069821 5.8352135e-25 0.11486181 0.2369733 0.17957349 0.003117166 0.00026156346 0.15621749 0.4770694 0.000113565926 0.29976803 0.047684293 0.0944748 0.25228858 0.1788474 0.1061383 0.058265544 0.060564365 0.25350645 0.011114576 0.06395681 0.0064202733 0.19988115 0.0037067174 0.044256855 0.1981407 0.00036483345 0.04118039 0.015765069 0.1480356 0.14402914 0.013646654 0.011933954 0.0010455565 5.7343885e-07 0.003856143 0.008288848 2.5171815e-07 1.3779765e-05 0.0018776278 0.00633368 0.01806496 0.010637515 0.001624674 0.01830216 0.01584664 0.00040392787 0.0010827895 0.0042164396 0.0062868875 0.00347838 0.00039399127 0.0078016627 0.00017819428 1.5143552e-05 1.1253255e-06 0.0036977371 0.009770954 0.0023093869 0.004548956 2.2197098e-06 4.522539e-07 5.3823227e-05 1.373308e-06 0.0008291991 8.242281e-05 0.004210169 1.4184752e-06 0.0046506976 0.0038653791 0.003937165 0.0026396008 0.0042764 1.3577674e-05 8.924774e-08 3.5093286e-05 0.00017455716 0.00026899684 2.8191996e-08 0.0031161285 0.00018417543 0.001224604 0.0003671922 3.5955268e-06 4.464984e-05 7.8738785e-06 1.6899172e-05
0.84699905 0.5597018 0.39351064 0.33701658 0.6197781 0.13203028 0.05377894 0.41826755 0.11725213 0.5185948 0.3408284 0.10421622 0.01769367 0.485961 0.15935048 0.11486181 2.1416662e-17 0.26366574 0.6611885 0.00771351 0.0109120505 0.1203839 0.04965612 0.0011907761 0.024700565 0.015199345 0.053498786 0.012650162 0.023782896 0.38711238 0.10747355 0.016295006 0.024240006 0.25436062 0.007979598 0.15953489 0.0020893032 0.17316878 0.22848208 0.010757525 0.00031867245 0.22225522 0.4901232 0.012620092 0.009653587 0.35532093 0.014406078 0.0012639448 4.752203e-05 0.11156259 0.00024794813 4.1475792e-05 0.003993017 0.10211566 0.029361842 0.06581029 0.2956038 0.00047228296 0.15275349 0.00032195047 0.004723336 5.9430563e-06 0.36993387 0.0002942116 0.00041852565 0.0014579225 0.00033614505 0.00011166544 0.0003876313 2.9430223e-06 2.9638979e-05 0.37045875 0.00015695221 0.23324767 7.971109e-06 3.151677e-06 0.18918705 1.5703995e-06 4.330162e-05 3.9893268e-05 0.13605651 0.00014997451 0.028738772 0.005413816 0.4314385 0.12211217 0.0053669563 2.893838e-06 5.478964e-06 0.0012704107 4.1862604e-05 3.2415992e-05 4.817644e-07 4.4253142e-05 0.0020414349 0.021837436 1.1496373e-05 0.00082954037 0.0034481396 4.61328e-06 7.0171016e-05
0.34640956 0.16896676 0.11559113 0.1474431 0.13509467 0.058329042 0.023441222 0.26192498 0.056949124 0.5912261 0.11286564 0.024900941 0.015742052 0.70106614 0.2631355 0.2369733 0.26366574 1.0472821e-18 0.79868543 0.0038380574 0.0050469297 0.6198139 0.36677906 9.957783e-05 0.28680834 0.0062547997 0.5018173 0.35510686 0.026249668 0.48783246 0.58942676 0.39114162 0.05644932 0.023242088 0.0032711544 0.010192866 0.04212353 0.05123886 0.23010091 0.044431336 0.00020683401 0.27451435 0.09170475 0.012269713 0.014209814 0.18978712 0.29480377 0.0001814524 1.9187439e-05 0.010979018 0.025475658 9.583811e-06 0.0005474199 0.036581427 0.23205258 0.14737174 0.35571915 0.022055835 0.15741898 0.008127853 0.0010288388 3.1821375e-05 0.06593873 0.0009616397 0.055214804 0.0009363433 0.00089846656 0.004984717 0.00017425725 3.3913802e-06 0.000151668 0.15599413 0.0008032237 0.14217888 2.09464e-06 4.491448e-06 0.01982098 1.1415151e-06 0.00014879095 0.0019940357 0.15126252 6.583024e-05 0.29659107 0.055981 0.12375083 0.19995613 0.1193276 1.04127175e-05 2.929504e-07 0.0010087104 9.947172e-05 0.0014147823 1.4845948e-07 0.0062648617 0.0023241462 0.09725603 0.00054501096 4.2957687e-05 0.0014056773 0.00021090801 3.9276394e-05
0.50832844 0.35204732 0.2802699 0.23593266 0.25150082 0.09016944 0.03733075 0.3061619 0.066148505 0.43431872 0.22488973 0.057351228 0.017429018 0.7549004 0.21755561 0.17957349 0.6611885 0.79868543 1.4675592e-18 0.0045743794 0.010666472 0.45485714 0.15162332 0.00032090698 0.10308822 0.00681852 0.25013492 0.086692676 0.022293834 0.6771284 0.5025908 0.13175267 0.03312404 0.078138866 0.0040036957 0.03374238 0.007487822 0.17947482 0.31248334 0.013890742 0.00046406736 0.36287472 0.17350616 0.0089116655 0.008216907 0.31015968 0.1206863 0.00038684878 9.1490154e-05 0.04033145 0.0022275478 6.736648e-05 0.0027187767 0.09361114 0.10001783 0.1764851 0.53490365 0.005864029 0.1764065 0.0005691943 0.004130436 4.1580504e-05 0.20323403 0.00032382822 0.014628434 0.0026531508 0.00024801365 0.001570944 0.00075356534 4.25872e-06 4.346787e-05 0.33703113 0.0002105296 0.29539603 1.1269934e-06 2.9650157e-06 0.12439774 7.1946687e-07 5.8807596e-05 0.0006620036 0.30991673 0.00025299043 0.26787898 0.036282714 0.37758133 0.30181003 0.031726915 6.1775027e-06 1.8307175e-07 0.0013187272 3.7065263e-05 0.00063417485 2.1797608e-07 0.0009776527 0.0016061394 0.10225532 5.8359798e-05 7.010265e-05 0.0011779564 6.204287e-05 2.697381e-05
0.006815688 0.016588332 0.069642365 0.22482847 0.026093205 0.36713582 0.52591145 0.07213075 0.48283935 0.025468536 0.07027557 0.14451578 0.45022103 0.009248844 0.008807909 0.003117166 0.00771351 0.0038380574 0.0045743794 1.3093703e-23 0.4048991 0.0008558952 0.00045820305 0.7139571 0.00021186295 0.29114324 0.00074250915 0.00061216514 0.111806564 0.0017574294 0.00044809145 0.00040484514 0.012607546 0.010026546 0.12825182 0.014179391 5.027064e-05 0.004174357 0.0017503384 0.00160392 0.4695009 0.0017920146 0.0027951114 0.038214467 0.017143702 0.0017402866 0.00020052948 0.19667824 0.014271601 0.00730185 1.6372383e-05 0.0066863126 0.010796849 0.005935685 0.0005092116 0.0009785063 0.00071148813 2.3763383e-05 0.000372585 1.5956037e-05 0.0024310036 0.005969687 0.003233602 8.9423e-06 4.2946547e-05 0.0029050664 0.0001256437 7.4392424e-06 0.003434793 0.0118098445 0.0004949072 0.004644238 7.02775e-05 0.006362411 0.0027269693 8.743624e-05 0.0029832025 0.0011915469 8.046171e-06 1.1698695e-05 0.0074507166 0.0010233643 0.00299688 0.0018854728 0.006143809 0.0031694984 0.00020378995 0.00014131083 0.0006890221 0.0051629273 9.2908485e-05 5.569363e-07 0.00017413433 1.1421265e-05 0.010641462 0.0013883101 4.530726e-06 0.0024767448 0.006450866 6.285963e-07 0.0009858356
0.007097627 0.013529032 0.051484175 0.060411762 0.021108435 0.06266584 0.4214727 0.0055814777 0.062559426 0.0035935321 0.09510432 0.3680125 0.04839447 0.0095148785 0.0013013602 0.00026156346 0.0109120505 0.0050469297 0.010666472 0.4048991 6.962673e-22 0.0016366208 0.00018947602 0.5429124 9.9324694e-05 0.014604674 0.0026574482 0.0007133235 0.0022461643 0.005532141 0.0025351795 0.0037761799 0.001546999 0.0121258935 0.0030690038 0.018411271 2.4431774e-05 0.02217799 0.0021155267 0.00021135402 0.099643774 0.0019409304 0.0052992823 0.0017203939 0.0011475584 0.0044422275 0.0003141151 0.015065732 0.47966048 0.019288763 1.4548005e-05 0.45147678 0.6112389 0.029810376 0.0010695105 0.0022111342 0.004183393 6.2258823e-06 0.0012808772 7.2269245e-06 0.06357264 1.5179078e-05 0.007575107 9.892491e-07 2.2857208e-05 0.061141368 1.3911057e-06 2.260462e-07 0.0649647 0.0010350128 2.7919106e-05 0.005010236 1.1164878e-05 0.003453596 0.0016377053 0.018397113 0.009005726 0.0002783848 4.116205e-07 5.32454e-07 0.003500595 0.034036115 0.0010784272 0.00026558293 0.0048891357 0.0014139991 4.991669e-05 2.266251e-05 0.0015777273 0.04323092 1.3135684e-05 8.081431e-06 4.6597293e-06 7.240273e-06 0.015568202 0.00023003256 6.308944e-06 0.003037559 0.008325599 5.102499e-07 0.019057043
0.7385899 0.046256553 0.042713128 0.047652174 0.07169734 0.01151923 0.005246733 0.09655174 0.017199643 0.5612876 0.01861426 0.005108496 0.0019488836 0.4617148 0.21337417 0.15621749 0.1203839 0.6198139 0.45485714 0.0008558952 0.0016366208 3.8348503e-17 0.24157476 6.2848005e-05 0.14005731 0.0020630604 0.56753063 0.41322148 0.003228949 0.35311747 0.84032106 0.49568808 0.011340099 0.0030981684 0.0012309103 0.0027511343 0.018594347 0.006523851 0.22278331 0.0065065683 3.6531084e-05 0.20566976 0.024780367 0.0062822183 0.0036699146 0.04323308 0.51157546 4.5111065e-05 1.5696958e-06 0.0037009635 0.026942663 2.4201534e-06 3.3490403e-05 0.008015399 0.42290685 0.15988554 0.1264198 0.022185171 0.19788373 0.008743921 0.00013000099 2.3694738e-06 0.024407338 0.0011517043 0.09025876 0.00013977615 0.00072556874 0.006112274 1.1141551e-05 2.3547996e-06 1.4608592e-05 0.06410764 0.0003787318 0.08170285 3.5661278e-06 1.6542602e-06 0.0006176072 6.49683e-07 0.0002811143 0.0023740984 0.14888574 6.6246175e-06 0.2816089 0.12659933 0.054468215 0.3011995 0.2998967 5.7344737e-06 1.869144e-06 0.00010562355 8.0160635e-06 0.0027351687 7.177939e-07 0.008500887 0.00019817946 0.16848674 0.0013297395 7.4882923e-06 0.0003516317 0.0007674251 1.4114198e-05
0.03172555 0.05509686 0.051141217 0.04437152 0.045570824 0.011645065 0.0012663488 0.37522215 0.038462374 0.51684886 0.006313272 0.0012883387 0.018824076 0.1832183 0.4866433 0.4770694 0.04965612 0.36677906 0.15162332 0.00045820305 0.00018947602 0.24157476 1.9964064e-23 2.2827626e-05 0.73012036 0.010687423 0.2209882 0.5667794 0.21953332 0.05656496 0.07468254 0.31341654 0.3463172 0.0034605986 0.061333347 0.003415464 0.73507303 0.0055336184 0.031921845 0.37428078 8.9806425e-05 0.035430733 0.012684917 0.22966127 0.22283192 0.016908571 0.03357249 0.00036474149 1.1287477e-06 0.002198384 0.2286459 4.22177e-07 3.281027e-05 0.002991808 0.011086526 0.022557978 0.019858832 0.07200705 0.016986772 0.2590356 0.0006677511 0.00338041 0.0024057892 0.12723246 0.05279768 0.00050117215 0.05901016 0.01716631 6.9093226e-06 1.5481064e-06 0.009011276 0.010249354 0.008001934 0.009342209 6.3655243e-06 1.0144058e-06 3.9246923e-05 4.4793383e-06 0.041502293 0.005011679 0.004935703 1.5987283e-06 0.006794392 0.010497299 0.0030565504 0.0026533431 0.008959211 0.00035815247 2.994437e-07 1.0728642e-05 0.0011381232 0.0055186413 3.628342e-07 0.020434104 1.0549193e-05 0.0021605592 0.0040050442 1.0794957e-06 4.2002785e-06 0.0008553905 1.727218e-05
0.0007043122 0.0055517755 0.01441853 0.029538574 0.007072485 0.07443528 0.21660252 0.0073690135 0.11781143 0.0007704905 0.011400699 0.045273963 0.117539406 0.0008481096 0.0009441363 0.000113565926 0.0011907761 9.957783e-05 0.00032090698 0.7139571 0.5429124 6.2848005e-05 2.2827626e-05 2.9624476e-26 1.1043361e-05 0.12691791 4.9215916e-05 4.4832293e-05 0.015080486 0.00012579968 0.00016343624 6.178867e-05 0.00031113994 0.0017073281 0.047046494 0.0021555899 4.656007e-06 0.0005578222 0.00013809792 1.0472291e-05 0.6280831 0.00011047086 0.00053093897 0.0047205715 0.0005194114 0.00019391865 3.3779186e-05 0.3681698 0.102551006 0.0012631753 1.7587018e-06 0.064766765 0.02795001 0.0008213515 0.000105568564 5.442544e-05 8.585112e-05 1.578202e-06 4.5339784e-05 1.089153e-06 0.0022074124 0.0017198042 0.0012295477 1.3786434e-06 3.4552659e-06 0.0046297773 4.40705e-06 1.396916e-07 0.006391737 0.09107456 8.681986e-05 0.0013568323 1.758505e-05 0.00062629115 0.053089987 0.004969677 0.00031798545 0.020216122 1.7699838e-06 3.352178e-07 0.0005532429 0.0030695265 0.00023255017 6.75383e-05 0.002153569 0.000295999 3.244806e-05 4.8251663e-05 0.012686201 0.009476324 4.082397e-05 2.1097487e-07 0.0011652431 4.130922e-06 0.011038704 2.4712814e-05 4.775245e-07 0.0010972063 0.004544977 1.076465e-08 0.004533782
0.025635617 0.02828408 0.02129916 0.0108236065 0.02754644 0.0043330463 0.0004065731 0.1506761 0.013197697 0.426139 0.0030116853 0.0008197719 0.0069756308 0.13770266 0.26797554 0.29976803 0.024700565 0.28680834 0.10308822 0.00021186295 9.9324694e-05 0.14005731 0.73012036 1.1043361e-05 4.404823e-23 0.0023248554 0.21283573 0.5160745 0.046885908 0.05645053 0.060258098 0.25289428 0.13483019 0.0019187661 0.017675355 0.0018670461 0.56486493 0.0026184712 0.031686276 0.16780214 1.7836865e-05 0.034882255 0.008385162 0.09794918 0.096022494 0.012390262 0.06669255 5.8952297e-05 4.7227772e-07 0.0020089166 0.2975327 2.060904e-07 1.6413984e-05 0.0020785623 0.021208232 0.016518429 0.015670342 0.13245317 0.017028825 0.2505629 0.00034040646 0.00041636475 0.003013053 0.059608024 0.09136238 0.00024423632 0.023067646 0.053225495 2.8979202e-06 2.0313729e-07 0.0028821894 0.013419997 0.005056784 0.0100662075 8.15339e-07 5.1862094e-07 3.714513e-05 3.1022128e-07 0.030709028 0.01231063 0.008357054 4.7672006e-07 0.014229297 0.019743357 0.004662526 0.003629756 0.018334042 2.354464e-05 4.917986e-08 5.154507e-06 0.00018719482 0.011684869 8.425586e-08 0.020514363 2.0668374e-06 0.0037582002 0.0059174774 9.0782675e-07 1.5902311e-06 0.0028254176 8.439048e-06
0.0027031056 0.045525827 0.10074678 0.1818617 0.06619789 0.22601295 0.14930637 0.24360678 0.45058626 0.08898806 0.03410504 0.04750597 0.43479323 0.017301723 0.07238057 0.047684293 0.015199345 0.0062547997 0.00681852 0.29114324 0.014604674 0.0020630604 0.010687423 0.12691791 0.0023248554 1.5431549e-25 0.000956078 0.0025503899 0.57876307 0.002148867 0.00083761074 0.000696183 0.16162409 0.005834539 0.5979478 0.0058703567 0.0014941896 0.00087794487 0.0015063419 0.05425677 0.19634132 0.0014149469 0.0014914889 0.2540781 0.14381342 0.0013255865 0.00020786663 0.36339998 0.00063299143 0.002628217 2.879862e-05 0.0002548089 0.0006427766 0.0012129958 0.0006060319 0.00071641186 0.00041599263 1.7085742e-05 0.00023347036 3.983945e-06 0.00047559894 0.043583896 0.0006041409 2.929091e-05 1.0414724e-05 0.0004600089 0.00032196147 8.930011e-06 0.00056996976 0.00065136806 0.003895898 0.0022624217 0.000610473 0.0012369396 4.3127297e-05 6.5250856e-06 4.3530716e-05 5.2148214e-05 2.9014707e-06 9.064698e-06 0.0012731699 0.00019684322 0.0006490362 0.00033541943 0.0022975914 0.00093523803 3.2403903e-05 0.0012116148 1.7615033e-06 0.0035570932 0.00044915447 1.3005169e-06 5.974866e-05 9.014645e-06 0.013923276 7.137216e-05 2.0480093e-06 0.0009664254 0.0038080984 1.2695671e-06 8.492588e-05
0.4808063 0.0206331 0.019062223 0.014979784 0.019756615 0.00491571 0.0031302718 0.08122078 0.010394681 0.52540964 0.012253739 0.0031060171 0.002816162 0.27566102 0.11072723 0.0944748 0.053498786 0.5018173 0.25013492 0.00074250915 0.0026574482 0.56753063 0.2209882 4.9215916e-05 0.21283573 0.000956078 6.3895095e-20 0.6536301 0.0030252063 0.30253112 0.46509486 0.8794653 0.015994223 0.001431886 0.0024277137 0.0015980129 0.041924585 0.0073531307 0.113313384 0.01610941 8.074424e-05 0.112474896 0.017175874 0.0058650607 0.0072635836 0.0317741 0.45627603 0.00025308045 8.156738e-06 0.0023198314 0.15850654 5.143463e-06 0.00023163384 0.0071058627 0.34270585 0.095754184 0.09947614 0.12890263 0.098209105 0.021920593 0.00035873445 0.00020257696 0.017789105 0.0018245651 0.33658254 0.0003305977 0.0009909852 0.048647784 8.44282e-05 9.303843e-06 0.00017665369 0.032869097 0.0010291558 0.025502369 3.4492311e-06 1.2824679e-05 0.0013673228 4.03613e-06 0.0018957824 0.030819379 0.039097812 4.996055e-05 0.2540503 0.23217976 0.037823457 0.10237065 0.38832617 2.4162822e-05 1.4687233e-06 0.0004234652 3.5700363e-05 0.021905672 6.9444167e-07 0.07067156 0.0009483026 0.0908257 0.012272791 2.1331385e-05 0.00064923 0.006241833 0.0001269469
0.39120016 0.013160856 0.009968249 0.009848926 0.009271917 0.0030826028 0.00042970595 0.1339621 0.007987764 0.6306355 0.0018716127 0.00034798094 0.0023072308 0.18478964 0.27058217 0.25228858 0.012650162 0.35510686 0.086692676 0.00061216514 0.0007133235 0.41322148 0.5667794 4.4832293e-05 0.5160745 0.0025503899 0.6536301 2.5707166e-20 0.019623103 0.07320884 0.2578275 0.84455794 0.063123874 0.00022206393 0.010033449 0.00023508482 0.38395622 0.0007578784 0.03326202 0.08329541 0.0001348953 0.031357296 0.004808526 0.039507497 0.04165271 0.007635429 0.2050481 0.0002407095 3.4698462e-07 0.00029830122 0.6448302 1.2371139e-07 5.513128e-06 0.0007349095 0.10772203 0.020941028 0.017779667 0.4196626 0.024604276 0.24369937 5.4606422e-05 0.00020550507 0.0016850048 0.02877598 0.3068306 3.804229e-05 0.013630558 0.1908236 2.0934754e-06 8.3936294e-07 0.001042575 0.00969671 0.003973211 0.0076393583 5.05914e-06 8.064796e-07 1.1599266e-05 1.0747868e-06 0.01882172 0.054833326 0.006265313 5.9687835e-07 0.039381713 0.09192068 0.0040621576 0.008215336 0.2939032 1.5310856e-05 3.0798137e-06 2.0135944e-06 4.5883644e-05 0.038925484 1.1690708e-07 0.12579823 1.2675e-05 0.01428667 0.030118994 9.812175e-07 1.3606658e-05 0.014867819 3.357249e-05
0.0016500873 0.09147289 0.14498994 0.192178 0.09830372 0.20337215 0.05459058 0.3708311 0.36448798 0.16357006 0.022790812 0.01834507 0.38004693 0.03000424 0.20774491 0.1788474 0.023782896 0.026249668 0.022293834 0.111806564 0.0022461643 0.003228949 0.21953332 0.015080486 0.046885908 0.57876307 0.0030252063 0.019623103 8.368763e-26 0.004194777 0.0016631742 0.0024049475 0.37562636 0.004890523 0.6257228 0.0045612715 0.073788464 0.0010563026 0.0018485662 0.29200196 0.04417929 0.0019188997 0.0016694312 0.4959158 0.42695668 0.001457997 0.00083555706 0.09843133 2.6921536e-05 0.0021375446 0.00013326434 2.6640646e-05 7.57065e-05 0.0007575009 0.0018514658 0.00092245365 0.0005428501 5.2650325e-05 0.00066383166 3.756987e-05 0.00028775437 0.076403424 0.00055970805 0.0021630125 7.5253192e-06 0.0003954041 0.009431131 5.0530407e-06 7.741599e-05 2.6834103e-05 0.053909656 0.0018143103 0.0069307317 0.0014732293 5.895921e-07 6.1661694e-07 1.767886e-05 7.3818705e-06 1.830997e-05 1.2055682e-05 0.0006324113 1.897812e-05 0.0005527587 0.0005991391 0.002632966 0.0011697261 0.00030907948 0.003696785 2.7983063e-08 6.2918414e-05 0.003612503 4.3592017e-06 5.168156e-06 0.00010419547 0.00033816413 0.0002795386 5.138374e-06 1.7103974e-06 0.0002523591 2.6307016e-06 2.7821648e-06
0.62756735 0.20175551 0.17085707 0.11118596 0.17592777 0.036886934 0.015000035 0.109781645 0.029415095 0.28556097 0.20033133 0.03743246 0.0037958228 0.36120874 0.118297786 0.1061383 0.38711238 0.48783246 0.6771284 0.0017574294 0.005532141 0.35311747 0.05656496 0.00012579968 0.05645053 0.002148867 0.30253112 0.07320884 0.004194777 8.153819e-18 0.5093984 0.22581396 0.0056597525 0.067907594 0.0011160588 0.030742027 0.007220002 0.14807346 0.7640905 0.0064790603 0.000776745 0.7358953 0.16499986 0.0030144325 0.002572881 0.31131378 0.114345744 0.00012432471 0.00017895689 0.035959408 0.0041350755 8.973007e-05 0.0018141139 0.11982983 0.116905846 0.20013446 0.5745486 0.009934692 0.3360339 0.00032663206 0.0024590204 3.4460205e-05 0.1327331 0.00049884134 0.020925201 0.0030465832 0.0003011108 0.00477998 0.0011587674 1.553535e-05 0.0001568228 0.27421108 0.00027971674 0.3328055 3.0659933e-06 1.4121362e-05 0.07816107 9.960395e-07 6.089875e-05 0.0020495981 0.36625075 0.0005331161 0.2815282 0.040912952 0.2607153 0.39767146 0.042390257 1.5479092e-05 7.049794e-07 0.0013460539 2.5839276e-05 0.0011153943 2.9046504e-07 0.0013590747 0.0007278766 0.21960561 9.634153e-05 2.5874293e-05 0.0015053558 6.199147e-05 9.989551e-05
0.84198624 0.031810407 0.025123633 0.028906424 0.054148618 0.0061637005 0.004597309 0.035111863 0.008134235 0.44130486 0.020917106 0.0050046295 0.0007861173 0.43491215 0.104723096 0.058265544 0.10747355 0.58942676 0.5025908 0.00044809145 0.0025351795 0.84032106 0.07468254 0.00016343624 0.060258098 0.00083761074 0.46509486 0.2578275 0.0016631742 0.5093984 2.2047414e-17 0.41909146 0.004246629 0.002190421 0.0006833528 0.001917887 0.0060798163 0.0077614896 0.30864847 0.005075753 5.8335372e-05 0.29963633 0.022358619 0.004560421 0.0025090128 0.062615834 0.5946976 8.127275e-05 2.2426773e-06 0.0030921365 0.010576261 3.0584442e-06 0.00033598594 0.012374393 0.8007328 0.2391602 0.22586386 0.010891097 0.22599061 0.002375078 0.00031186955 6.544305e-06 0.025924936 0.00054735015 0.05753856 0.0001358079 0.00027547838 0.003374168 2.5319643e-05 5.347636e-06 2.1463822e-05 0.074055575 0.00015571178 0.12879081 4.7941703e-06 2.263902e-06 0.0022364473 1.0656288e-06 0.00018660928 0.0011792912 0.28893495 6.683819e-06 0.47970498 0.17213282 0.09149036 0.45761168 0.1959671 4.1099856e-06 2.9704102e-06 9.1648384e-05 8.1702065e-06 0.0010097796 1.1223417e-06 0.0020388279 0.00021656699 0.26509786 0.00029961727 1.8761113e-05 0.0002311175 0.00046692582 3.547717e-05
0.25214827 0.0073347213 0.008311431 0.0069889314 0.0076885256 0.002118033 0.001047422 0.030815072 0.003833715 0.4353091 0.003607387 0.00075526617 0.0014311229 0.11970065 0.072166204 0.060564365 0.016295006 0.39114162 0.13175267 0.00040484514 0.0037761799 0.49568808 0.31341654 6.178867e-05 0.25289428 0.000696183 0.8794653 0.84455794 0.0024049475 0.22581396 0.41909146 1.8878422e-20 0.015248433 0.00036010108 0.0016544434 0.00044285733 0.09303422 0.0027727156 0.057095256 0.0225646 7.587527e-05 0.05834663 0.010174904 0.00685512 0.008228717 0.019147737 0.5404414 0.00017010701 2.1335138e-06 0.0012966539 0.56540406 9.840026e-07 1.7769375e-05 0.0027732803 0.26917148 0.05660155 0.055118814 0.4948269 0.037991595 0.091796555 0.00014919761 5.3692653e-05 0.0039801346 0.0033307225 0.6358053 0.00011796078 0.001677786 0.31255025 1.6071828e-05 2.4583564e-06 0.00025944802 0.018053524 0.00096110103 0.01329361 8.404945e-06 6.738457e-06 3.2126693e-05 3.696143e-06 0.0044051474 0.11729187 0.012405361 5.151386e-06 0.22519936 0.3549725 0.010952084 0.021483086 0.3779054 1.4242096e-05 9.649094e-07 1.3179237e-05 6.637129e-05 0.06344022 4.560253e-07 0.124297336 2.5385955e-06 0.041947663 0.03288351 4.781124e-07 2.0802123e-05 0.017627934 0.00015814065
