1.2989216e-25 0.90708876 0.9219789 0.8727739 0.91560745 0.94920397 0.9266391 0.9622368 0.9770416 0.81524616 0.8597654 0.8674254 0.9791774 0.9778075 0.8856202 0.9723897 0.71889627 0.5124802 0.3376779 0.22251591 0.96525335 0.54789585 0.830859 0.80491453 0.24592362 0.62356097 0.46198612 0.87175554 0.915482 0.9682761 0.96287763 0.032520615 0.6176758 0.27227423 0.026789283 0.96079844 0.95237213 0.46072394 0.9730746 0.9765547 0.013830658 0.26887318 0.9115518 0.96411276 0.11956639 0.9323001 0.2775615 0.13741674 0.1543515 0.4365613 0.019097127 0.0022820674 0.1738723 0.006916437 0.9545346 0.015788976 0.27103102 0.2400977 0.00867219 0.019025208 0.19930209 0.44902298 0.22009659 0.003576129 0.00083843747 0.020796772 0.9823144 0.972226 0.003536062 0.00042907265 0.00058137934 0.9601574 0.00018217959 0.0048817275 1.7730983e-05 0.009950222 7.469203e-05 0.20633388 0.99973875 0.6133078 4.6838264e-05 0.0037552677 0.0017012332 0.99747515 5.244794e-06 0.00022653255 0.22919802 0.9997269 0.9282243 0.055407003 0.9999951 0.4302793 0.0005363372 2.1096324e-05 0.0002080249 0.9989083 2.005927e-05 0.8744336 0.9921029 1.3565824e-06 0.9468462
0.90708876 3.473005e-18 0.8747629 0.9698128 0.57711524 0.5728804 0.4006081 0.40592796 0.17886068 0.8592672 0.3180355 0.30878136 0.03471888 0.023822518 0.7887687 0.036041014 0.03583711 0.049351506 0.40875992 0.033949435 0.017938426 0.015249269 0.001801768 0.0061244215 0.01131063 0.0025786266 0.005855989 0.0069242115 0.0007763821 0.01688202 0.0031790282 0.13792667 1.2817038e-05 6.961883e-05 0.45724335 0.0024535132 0.00069949456 4.487019e-05 0.009676903 0.0003555414 0.028959466 0.002538536 0.002719779 0.00028893517 0.0029316398 0.00049065624 0.00055555365 0.0016154471 0.00029892343 0.0006093611 0.14218238 0.01169221 0.048494846 0.00059408805 0.014211116 0.00041984246 9.771237e-05 0.0004176596 5.807168e-06 0.0006267348 0.00013931411 7.865844e-05 1.928018e-05 5.680606e-07 0.0029251215 0.011915559 0.010391211 0.013259684 1.000778e-05 0.00012114825 0.0010821841 0.0006689609 0.00016436205 2.6140196e-05 0.00051405776 2.4555506e-05 4.8207832e-05 3.6959136e-08 0.0034353598 0.0009845174 0.0014232143 3.867713e-05 6.191552e-06 6.546268e-05 0.00048350517 0.0011341047 1.7702672e-06 0.008077999 0.0059134853 4.9908977e-05 0.0060469513 0.00049919455 0.001466368 3.8843842e-05 1.5419497e-05 0.008181139 5.1137113e-06 0.0029679202 0.0037204428 1.67454e-05 0.00034121936
0.9219789 0.8747629 2.5444456e-14 0.3645726 0.40099418 0.20637384 0.9790061 0.4187652 0.6900779 0.32954195 0.298879 0.65501416 0.63276505 0.22698335 0.34221217 0.5966368 0.6001121 0.08668641 0.043416925 0.025185326 0.25492194 0.058081314 0.004163773 0.080925934 0.0051953057 0.0035037093 0.034395717 0.087698184 0.019701442 0.17636001 0.0062810383 0.06496517 0.00016294926 0.00022183871 0.19289517 0.005390604 0.0006440993 7.337585e-05 0.06946026 0.009341728 0.0074647064 0.012719158 0.028561413 0.00043706055 0.0104611665 0.009364202 0.0060765673 0.0044866 5.9157017e-05 0.0045603733 0.031509697 0.0015946811 0.026208567 0.0015325159 0.041120876 0.0009262022 0.0012905145 0.0018801255 1.757013e-05 0.00065675884 0.0008379019 0.0016801556 0.0010097792 7.946088e-07 0.00017927052 0.012326943 0.051465195 0.044963885 6.5542015e-05 3.2610806e-05 0.00015457033 0.008492099 5.3393633e-05 9.9935154e-05 6.778822e-05 8.540647e-05 1.5987673e-05 2.4649836e-08 0.009938151 0.016602522 1.4540043e-05 9.106131e-06 2.3579512e-05 0.00048111682 7.07878e-06 0.00039421167 1.6533257e-05 0.031162256 0.047513653 0.00036734933 0.097221136 0.012764392 0.00041946647 3.122024e-05 2.119059e-05 0.08772326 2.1251951e-07 0.026463686 0.045865428 4.9559554e-07 0.014104715
0.8727739 0.9698128 0.3645726 4.0436495e-16 0.8888253 0.8414798 0.23173974 0.49618328 0.026672913 0.39674562 0.04003869 0.014470387 0.01305037 0.0010270978 0.7554236 0.0043404144 0.0048217033 0.006097101 0.7772478 0.14127329 0.015932627 0.0016964125 0.029571095 0.00017203225 0.08570891 0.036466237 0.0013302937 0.0012057701 2.7815193e-05 0.0026606156 0.013869081 0.063011855 0.00074556173 0.0018257122 0.30214408 0.0077874353 0.007092898 0.0016634328 0.011263881 3.169541e-05 0.023023415 0.00038584898 0.0061427075 0.0032563382 0.0012374392 0.00014300083 0.000118709104 5.1989755e-05 0.011122714 0.00029135132 0.16315652 0.016628087 0.2449999 5.9805046e-05 0.003983522 7.217905e-05 3.393449e-05 0.00010774162 0.00027325793 4.0852163e-05 3.4740984e-05 1.2142301e-05 5.1648516e-07 0.0001067871 0.00805659 0.0033212195 0.004632458 0.012501931 1.08609165e-05 1.3795267e-05 0.0030613334 0.0003299998 0.0017569358 1.3120415e-06 0.00053367537 8.521637e-06 2.702934e-06 4.1723324e-06 0.007553447 0.0005875182 0.0031347603 0.0034172332 1.1346903e-06 0.0016387998 0.0010227516 0.00010775827 0.0005350781 0.018389944 0.00232658 1.5983991e-06 0.007120855 0.00027793355 0.0007085342 1.1356392e-05 2.1741355e-06 0.0029873492 0.00019434761 0.001040436 0.00094576826 9.331417e-06 1.5178977e-05
0.91560745 0.57711524 0.40099418 0.8888253 4.2645957e-16 0.98076475 0.41166744 0.91679585 0.010702824 0.10073004 0.04031072 0.010614613 0.040908806 0.0006632517 0.40945172 0.0030613656 0.016871467 0.006321273 0.5792715 0.3190954 0.09050616 0.0016398057 0.3191558 5.6191555e-05 0.2235667 0.15666837 0.0008240937 0.0018802859 2.143822e-06 0.0041734492 0.024901703 0.04454781 0.0065827006 0.0055570756 0.12697269 0.019316042 0.009268014 0.0073000877 0.022431733 1.012093e-05 0.012670966 6.919957e-05 0.024529254 0.007429027 0.0003516356 6.387514e-06 1.1375154e-05 3.6884492e-06 0.02385546 5.377582e-05 0.06288989 0.0075844503 0.14139596 9.87712e-06 0.0016963023 2.4262714e-05 9.803555e-06 4.6187277e-05 0.00023154172 5.073964e-06 7.279481e-06 1.0356475e-05 1.1549963e-06 8.750798e-05 0.0013553037 6.636414e-05 0.0013784373 0.033743694 1.0489257e-06 2.6977782e-06 0.00042274388 0.00019274838 8.347977e-05 7.548553e-07 1.2965042e-05 1.0472853e-06 9.308294e-07 7.4740865e-06 0.022144869 0.00053089013 0.00031189187 0.00086153025 1.055444e-06 0.00064505456 0.00013281393 2.8133649e-05 9.9998746e-05 0.036195215 0.0022521026 1.6199388e-06 0.015218085 0.00036268475 8.8275934e-05 2.8493184e-06 2.0706689e-06 0.0063926093 2.0259906e-05 0.0006402347 0.0006570527 5.895044e-07 2.7360018e-05
0.94920397 0.5728804 0.20637384 0.8414798 0.98076475 6.870556e-17 0.42019424 0.7663238 0.00042968072 0.1388197 0.039377254 0.0010633732 0.007862661 2.1303882e-05 0.5019837 0.000133092 0.0010065774 0.0010231901 0.767965 0.5652689 0.06658712 0.00019914606 0.6036801 2.1917895e-06 0.4701929 0.3226716 6.4791275e-05 0.00012883221 1.3098867e-07 0.00029040454 0.05863291 0.046650335 0.014435218 0.012125171 0.22111638 0.043083686 0.03034088 0.025468519 0.014998355 1.9734347e-07 0.008518013 6.034565e-07 0.016906338 0.009968735 2.5835285e-05 7.047092e-07 3.6966279e-07 2.1692551e-07 0.08141441 8.480327e-07 0.097187385 0.012121928 0.29564977 3.894209e-07 0.00027371984 2.7700235e-06 8.485272e-08 5.014631e-06 0.0015211018 8.208448e-07 6.513412e-07 7.697541e-08 9.418097e-09 0.00017592119 0.0017330904 1.1582144e-05 0.00052678655 0.029595017 5.5879406e-07 8.200315e-06 0.0005612391 3.5579544e-06 0.00037382144 1.123571e-06 4.087383e-05 5.0426997e-06 1.8037149e-06 6.193492e-05 0.017509228 1.860136e-05 0.00070961984 0.0063229916 1.979773e-06 0.003493723 0.00024520158 1.12167345e-05 0.00020145685 0.065603495 0.0013053676 8.129786e-07 0.016997535 5.5120265e-05 2.6486165e-05 3.6064407e-06 4.7229464e-06 0.0028009405 4.046766e-05 0.00011318275 5.5697772e-05 1.0311137e-06 2.6200394e-07
0.9266391 0.4006081 0.9790061 0.23173974 0.41166744 0.42019424 5.604615e-16 0.9545066 0.05809454 0.021013342 0.020232795 0.015019854 0.8467992 0.00395966 0.061805617 0.0652719 0.4046242 0.002886076 0.0063892566 0.01081463 0.58601177 0.0025505407 0.0088371085 0.001523878 0.002728966 0.0030508952 0.003063201 0.013237485 0.00035253895 0.07582938 0.013884969 0.0031824075 0.00046373933 0.00079282327 0.0041649123 0.016131448 0.0015268491 0.00012129032 0.06969517 0.00040671075 0.001430706 0.0011901506 0.07727922 0.00087912125 0.00049951667 0.0003528289 0.0006430203 0.00012135327 1.0895431e-05 0.00025798933 0.0019813182 0.00018799612 0.001689056 1.4603956e-05 0.0077135693 6.189642e-05 9.933161e-05 0.00026544213 1.7095454e-05 0.00013426089 3.766853e-05 0.00018830763 2.3453138e-05 7.490707e-06 3.2468244e-05 0.00021149394 0.008174346 0.05098488 4.169584e-06 1.584332e-06 1.09959865e-05 0.0010810747 2.1936956e-05 3.758121e-06 1.1676129e-06 4.5425154e-06 7.089708e-07 1.0580032e-07 0.020245563 0.003939935 5.842615e-06 2.293633e-06 6.530327e-06 0.0008201778 2.7027484e-06 0.000107695385 0.00010446451 0.033738714 0.015071637 1.2727377e-05 0.09441717 0.002198343 6.182875e-05 5.2499936e-06 1.4629178e-06 0.021501873 5.29665e-07 0.0068484973 0.008978872 1.0059133e-07 0.0017023108
0.9622368 0.40592796 0.4187652 0.49618328 0.91679585 0.7663238 0.9545066 1.258594e-16 0.0025587475 0.07007713 0.014719774 0.0015236075 0.17003912 5.9841783e-05 0.2889762 0.0011177679 0.03051189 0.00041619502 0.20134021 0.22213006 0.8902013 4.4586228e-05 0.50298804 4.3199393e-06 0.11580453 0.11695807 2.1504453e-05 0.0004803596 2.8423028e-06 0.006252194 0.16043139 0.004394035 0.040954158 0.041410416 0.005755434 0.14901035 0.056933507 0.012869486 0.087923996 1.2193376e-06 0.0011787735 4.2206534e-06 0.15347657 0.01401437 1.7384436e-05 4.9918945e-06 3.0069382e-06 2.0585971e-06 0.0034345065 2.1617616e-06 0.0057080854 0.00075852155 0.019218924 3.0046278e-06 0.0007541319 5.698716e-06 1.0949967e-06 2.2855127e-06 0.00024568004 1.96537e-05 5.506013e-08 1.3811682e-07 3.2752038e-08 6.221463e-05 7.141581e-05 1.19154665e-05 0.0014129794 0.11167605 8.212108e-06 2.480146e-06 0.00012997781 5.1671435e-05 3.6873043e-05 2.2839788e-06 1.3862348e-06 2.3976581e-06 1.2022083e-06 1.7667702e-05 0.084274426 0.00020131646 5.465682e-06 9.3566305e-05 2.5641386e-06 0.0022359998 1.7235724e-06 1.0189011e-05 0.00014255827 0.099468924 0.00288422 2.1433784e-06 0.1054971 0.00028679057 2.4894789e-05 1.4613044e-06 3.616184e-06 0.00791625 8.3937505e-07 0.00085831515 0.0013964885 1.5985628e-07 2.8145243e-05
0.9770416 0.17886068 0.6900779 0.026672913 0.010702824 0.00042968072 0.05809454 0.0025587475 5.874191e-16 0.20936635 0.41166294 0.87019986 0.042599376 0.8479796 0.16357663 0.9451136 0.33442742 0.1217978 0.0024651217 0.00053515064 0.017870264 0.13878475 3.7531033e-06 0.7132205 0.0005384141 6.0894978e-05 0.1350792 0.217901 0.4791527 0.12949814 6.72183e-05 0.1448805 4.0535562e-07 4.5542987e-07 0.1349534 0.00012610923 8.1435127e-07 7.1804975e-06 0.008353846 0.36576086 0.026316851 0.10540938 0.0012265694 5.627741e-07 0.04887043 0.13603796 0.10763501 0.071402125 4.0231257e-06 0.079364054 0.03796351 0.005096873 0.013952186 0.009435733 0.13571757 0.010465208 0.02187872 0.025175631 4.1878334e-07 0.005460507 0.0097217 0.008849523 0.009081849 3.3981317e-07 0.0013094016 0.04717105 0.07749005 0.0042447196 0.00027184398 0.00013565618 0.00057893083 0.03895224 0.00025174904 0.0009260247 0.00016178114 0.0023972641 5.9763024e-05 6.3035127e-10 0.0005349493 0.018657345 0.00075247587 2.1298263e-06 0.000244395 1.0842412e-05 0.00015046865 0.00095998385 1.8906339e-06 0.0051754066 0.03300774 0.0047444515 0.0313179 0.031612515 0.00041044437 4.3813427e-05 9.6469426e-05 0.0149647575 1.038495e-05 0.04872946 0.04689411 1.3775185e-06 0.06552765
0.81524616 0.8592672 0.32954195 0.39674562 0.10073004 0.1388197 0.021013342 0.07007713 0.20936635 3.717458e-18 0.9861697 0.13958499 0.00016734825 0.013976237 0.95231944 0.036355197 0.0012653534 0.33525637 0.10907343 0.008006464 0.0032633112 0.017445607 8.802466e-05 0.0018651116 0.0027638925 0.0008593394 0.004780454 0.0010544094 0.0015944057 0.00075395673 0.0013209627 0.47905335 5.995074e-06 8.40495e-05 0.7233807 0.0010405015 0.0003454335 9.3889525e-05 0.0008232564 0.00080209 0.06471384 0.002081796 0.00047438403 0.00022735453 0.002833749 0.00045831167 0.00072927005 0.00172201 0.00016843397 0.00016935609 0.18603794 0.08859329 0.028818317 0.0005075392 0.006273223 0.00032338474 0.00020614479 0.00014261772 1.4250793e-05 0.0009843668 4.6539757e-05 7.5179873e-06 3.2088665e-05 1.0353335e-05 0.008742387 0.03438743 0.0026177745 0.0027164014 1.5636007e-05 9.1195274e-05 0.0062579443 0.00058781245 0.0011804316 1.7918224e-05 0.004290072 1.4818421e-05 1.3635366e-05 1.1506689e-06 0.0014192215 0.00032545548 0.003384558 1.1828628e-05 9.67002e-06 0.00018295788 0.0014931726 0.0030438202 4.2583488e-05 0.004205026 0.003128757 0.00010866176 0.0016980246 0.00029259262 0.0035076109 9.285383e-05 2.1149504e-05 0.0011285908 4.4008117e-05 0.00079584133 0.0002938981 9.802635e-05 8.15423e-05
0.8597654 0.3180355 0.298879 0.04003869 0.04031072 0.039377254 0.020232795 0.014719774 0.41166294 0.9861697 1.4218063e-16 0.6531931 0.0003390284 0.10996301 0.17638306 0.059904087 0.0010672124 0.97493136 0.005980271 0.00241988 0.0019845362 0.22743149 1.5022038e-05 0.017410155 0.00035948033 0.00021408392 0.04706652 0.0012863313 0.028253581 0.001446984 0.00031823057 0.7248585 4.4206865e-07 3.8232306e-06 0.6996009 0.0001173449 2.6279973e-05 1.8816358e-05 0.001525569 0.029694308 0.35907984 0.030809622 0.00040598103 2.1229367e-05 0.04138777 0.0046534375 0.011443722 0.0067209047 4.9254018e-06 0.0020093026 0.062700026 0.055565648 0.0038070397 0.0052205664 0.005653423 0.0025318945 0.004402768 0.0009892625 7.8145587e-07 0.0066442476 0.0003453278 7.038025e-05 0.0016313321 8.721704e-07 0.006171609 0.32164288 0.003056122 0.0014085679 0.00015151709 0.0006388166 0.011220769 0.0011236072 0.0002967319 6.100513e-05 0.016450576 4.9419574e-05 0.0001480391 2.405437e-07 0.00038606944 0.00039527117 0.0026036464 1.0274514e-06 5.5046617e-05 8.334914e-05 0.0011151163 0.016196832 1.5624186e-05 0.0018421111 0.0018872115 0.0009434603 0.0021451353 0.0009935832 0.017955422 0.0027734614 0.00050697033 0.0006150058 1.5710728e-05 0.0018283359 0.00038739556 0.00082196505 0.00042879363
0.8674254 0.30878136 0.65501416 0.014470387 0.010614613 0.0010633732 0.015019854 0.0015236075 0.87019986 0.13958499 0.6531931 1.3657733e-17 0.0016222046 0.9581617 0.019030921 0.22852859 0.028896267 0.90574414 0.0006208063 0.000116843396 0.0059293928 0.86280584 5.965796e-07 0.21021086 1.8496392e-05 9.2788905e-06 0.35074663 0.013172528 0.12055324 0.0053352914 7.760034e-05 0.09199633 5.0677354e-08 6.8172534e-07 0.09388736 7.793907e-05 1.8677896e-06 6.4859682e-06 0.0014340144 0.06062742 0.039823655 0.27081662 0.00041660183 1.4135285e-06 0.24418592 0.01207354 0.1612946 0.059977673 1.2518321e-06 0.014214695 0.007750564 0.00794143 0.00020736291 0.03525243 0.019409504 0.025493871 0.010514162 0.004638105 1.0441252e-06 0.027766699 0.0020411566 0.00014058805 0.000507622 9.482631e-08 0.00033937246 0.10047477 0.008644046 0.0011810499 0.001991814 0.0031401685 0.0014717092 0.0031510103 4.0688512e-05 0.00019773995 0.00316522 4.9867485e-05 0.0011634027 1.4604127e-08 0.00020061729 0.0031034292 0.00020607264 6.2946856e-07 0.00049306074 5.727915e-06 0.00020819258 0.009752023 1.2677993e-06 0.0007703479 0.011177007 0.002007748 0.005043624 0.007835399 0.0057776785 0.002306981 0.0018730928 0.0029168676 6.6019566e-06 0.010882167 0.0037432432 4.3513905e-05 0.006997989
0.9791774 0.03471888 0.63276505 0.01305037 0.040908806 0.007862661 0.8467992 0.17003912 0.042599376 0.00016734825 0.0003390284 0.0016222046 1.3128339e-19 0.0011447711 0.00029010393 0.27471998 0.97046953 1.433942e-05 0.00038102106 0.00035238804 0.7291187 0.00016020908 0.0009100636 0.014795238 3.082966e-05 0.0004003297 5.6450983e-05 0.17695975 6.5845874e-05 0.5794901 0.03425119 1.39506155e-05 0.00045225327 0.0002404764 5.0934756e-07 0.03567391 0.0016789697 3.6431753e-05 0.15484953 0.001012567 2.2330287e-06 0.00011420847 0.08189314 0.0006469604 7.981567e-06 0.0050648227 0.00018458883 2.692354e-05 4.1008235e-08 0.0017385475 1.0676638e-05 2.5627012e-06 1.9223007e-05 4.7624565e-07 0.08520257 3.7151152e-05 7.853697e-06 0.0008452435 7.678727e-06 1.3247693e-06 0.00012103323 0.0006885741 9.261576e-05 5.4485344e-08 2.3511845e-06 3.5392464e-08 0.066450216 0.10504147 7.5543574e-07 9.756547e-08 2.0497237e-07 0.0049388763 9.936211e-07 7.814794e-06 1.2756242e-06 7.3945107e-06 6.138385e-08 4.4456495e-08 0.034868944 0.00977988 3.5817893e-06 1.1974555e-07 7.774708e-07 0.0007376839 8.412254e-07 1.4947019e-06 8.841201e-05 0.084779605 0.074123524 6.6655525e-07 0.7909903 0.007983719 1.4447826e-06 2.3201596e-07 4.9604353e-08 0.12124975 2.799342e-08 0.020419048 0.028418384 9.324562e-09 0.008340803
0.9778075 0.023822518 0.22698335 0.0010270978 0.0006632517 2.1303882e-05 0.00395966 5.9841783e-05 0.8479796 0.013976237 0.10996301 0.9581617 0.0011447711 1.725111e-16 0.0025592905 0.34402043 0.027657695 0.18243472 1.5589536e-05 2.4313744e-05 0.002251525 0.53373003 5.972812e-08 0.57594115 6.9701207e-07 9.320001e-07 0.45968837 0.015389059 0.9329659 0.010145477 1.0480104e-05 0.09166231 1.1481072e-08 7.023264e-08 0.02625972 1.17380205e-05 1.2410548e-07 2.6777477e-07 0.0013184984 0.49842674 0.051456273 0.47016308 4.2998963e-05 4.826885e-08 0.17350407 0.05670734 0.5456307 0.25890616 2.694031e-07 0.04418304 0.00065989484 0.0008846885 0.00030843023 0.047088563 0.0251301 0.09809117 0.11918719 0.013792947 9.938126e-07 0.026073076 0.0116515355 0.001279547 0.0067184567 2.151079e-07 3.33219e-05 0.04437167 0.012170078 0.0008922529 0.017138258 0.0041203485 0.00012570783 0.0056177434 1.467503e-05 0.0048458907 0.0012289211 0.00297632 0.0037373288 1.2780804e-08 2.2887223e-05 0.0031049817 2.7575157e-05 1.746832e-06 0.004050255 2.9818684e-06 1.7004464e-05 0.0031421892 7.779729e-07 0.00021363667 0.019099286 0.008503656 0.005014586 0.018065006 0.0019782353 0.0016222749 0.0021365755 0.0030701468 1.1089565e-05 0.028028492 0.009252307 1.893309e-05 0.04132424
0.8856202 0.7887687 0.34221217 0.7554236 0.40945172 0.5019837 0.061805617 0.2889762 0.16357663 0.95231944 0.17638306 0.019030921 0.00029010393 0.0025592905 9.840909e-16 0.030602878 0.0008129442 0.018726442 0.8867238 0.1505169 0.0063133803 0.005539253 0.0046423865 0.0008652801 0.10534988 0.027973503 0.0021160722 0.0023295972 8.1165774e-05 0.002157301 0.010781034 0.21429206 0.00032166473 0.0011630089 0.80620974 0.0057773837 0.0052664615 0.0019781825 0.0025598984 7.168158e-05 0.08889846 0.0004469166 0.001992382 0.002772409 0.0009054571 0.0008862085 4.3052674e-05 5.2494546e-05 0.019526979 0.00015018693 0.9562817 0.4193207 0.8048787 2.4289639e-05 0.009452616 1.9165805e-05 2.1595866e-05 0.00019105957 0.0001234948 0.00015505252 8.722324e-06 1.2049061e-05 2.1123108e-06 0.00010092251 0.120708555 0.002161399 0.00720887 0.004024074 1.4616174e-05 7.1887744e-06 0.02821012 0.0013033219 0.038082346 1.0603017e-06 0.0063722976 5.3163635e-06 5.6647095e-06 3.6795043e-06 0.0036325802 0.0018379661 0.06739356 0.004345391 3.056106e-06 0.0004392281 0.012793317 0.0006176072 8.2035804e-05 0.004851412 0.007047426 9.894393e-06 0.00402867 0.00091717206 0.0011750851 1.0994948e-05 6.9715666e-06 0.0027222899 0.0037724636 0.0025232094 0.001589796 9.826822e-05 0.00020314477
0.9723897 0.036041014 0.5966368 0.0043404144 0.0030613656 0.000133092 0.0652719 0.0011177679 0.9451136 0.036355197 0.059904087 0.22852859 0.27471998 0.34402043 0.030602878 1.5178357e-16 0.81606364 0.0054091946 0.00076267944 0.00037429002 0.043667156 0.009239094 1.844542e-06 0.9309096 2.3498878e-05 3.4689467e-05 0.013117983 0.89569014 0.084101915 0.39342126 0.00010654105 0.0020794973 2.7689237e-07 4.158974e-07 0.0016310241 0.0002060292 1.223684e-06 4.1754015e-06 0.022969354 0.4024729 0.0010293237 0.007160205 0.00515192 6.3098554e-07 0.001286376 0.33602425 0.009159732 0.012296163 3.0783956e-06 0.25244904 0.009675796 0.00033250274 0.030212002 0.00033847743 0.29495987 0.0008418057 0.008764981 0.084598795 1.7490459e-06 0.0005169921 0.020190952 0.070445865 0.0029189726 8.215088e-07 0.0010356773 0.0014096516 0.16385494 0.0094638 9.824694e-05 8.449924e-05 4.370176e-05 0.085889876 0.00026599783 0.00025383095 1.0115295e-05 0.0013423914 0.00012849832 4.3739115e-09 0.00052339165 0.07002916 0.00090202264 9.425871e-05 0.0001698875 1.371084e-05 0.00016660635 0.0005653352 8.086268e-07 0.008994975 0.05892743 0.0013334781 0.06750107 0.10049314 8.929351e-05 6.1692044e-05 0.00014024806 0.030725915 1.2033628e-05 0.069348335 0.09113219 4.4679146e-07 0.15076296
0.71889627 0.03583711 0.6001121 0.0048217033 0.016871467 0.0010065774 0.4046242 0.03051189 0.33442742 0.0012653534 0.0010672124 0.028896267 0.97046953 0.027657695 0.0008129442 0.81606364 6.2618896e-19 0.00021398839 0.00029167463 0.00014205303 0.27756184 0.0007827796 0.00033562648 0.21300091 2.48838e-05 0.00018471158 0.00021433661 0.87602717 0.0026338247 0.96190166 0.0039374637 2.4843774e-05 5.401519e-05 8.7486e-06 1.400573e-06 0.005029054 0.00018365243 6.248259e-06 0.05814967 0.023411453 3.2283224e-06 0.00014356915 0.018424274 6.17323e-05 6.341679e-05 0.19099386 0.00030101204 0.00019705904 3.2275048e-07 0.030961778 6.205192e-05 7.990734e-07 0.0003063299 6.3832357e-07 0.40123323 1.6147185e-05 0.0009678624 0.005006088 9.726053e-07 2.7987173e-06 0.0012366972 0.0073834024 0.0006509178 2.7600821e-08 9.63327e-07 9.539244e-07 0.27675772 0.038267534 5.7270597e-07 6.131525e-07 2.8470734e-07 0.07185267 3.1029954e-06 2.8039096e-05 1.3196549e-06 0.00011345551 1.0729937e-06 3.4163932e-09 0.004826439 0.081266806 5.5231317e-06 4.7931558e-06 1.6239154e-06 6.951673e-05 4.6010982e-07 7.927453e-07 1.9859528e-06 0.025310127 0.09862209 0.00012046586 0.19577153 0.040037904 1.7200828e-06 3.8924344e-07 9.297142e-07 0.09901242 7.666551e-08 0.054243952 0.085677706 1.1814743e-08 0.07189722
0.5124802 0.049351506 0.08668641 0.006097101 0.006321273 0.0010231901 0.002886076 0.00041619502 0.1217978 0.33525637 0.97493136 0.90574414 1.433942e-05 0.18243472 0.018726442 0.0054091946 0.00021398839 1.6833739e-18 0.00018067863 7.42818e-05 0.0006651085 0.9831288 3.764971e-07 0.005710674 5.2888795e-06 5.2371665e-06 0.51755506 0.00015597144 0.019288111 2.7178317e-05 1.4880223e-05 0.27206123 3.1949511e-07 5.076033e-07 0.14909416 6.7389906e-06 4.506454e-07 2.1494989e-06 0.00020793205 0.0048416457 0.22572516 0.20585294 7.868095e-05 6.466954e-07 0.34825873 0.00070991536 0.10507938 0.030708527 3.6510005e-07 0.00032963714 0.0020849383 0.004765576 5.15534e-05 0.060187947 0.0002793366 0.019452874 0.0011599101 0.00023467178 1.5720792e-06 0.062408112 8.566669e-05 4.818983e-06 6.506472e-05 1.9930023e-07 0.00063809904 0.6742854 3.911823e-05 0.00043717684 0.0006107306 0.007528549 0.0028537253 0.00020847711 2.1774296e-05 4.7388476e-05 0.01157468 2.7786955e-05 0.0022235406 2.4408786e-07 0.00013114736 0.00015249253 0.000101759455 1.6867594e-07 7.54125e-05 2.2455997e-05 3.293124e-05 0.075078115 2.1651897e-05 0.00033413054 0.0005177589 0.00042943802 0.0011679393 0.0002347105 0.065833494 0.020880172 0.0213743 7.8128825e-05 2.1228363e-06 0.00010810164 2.1615275e-05 0.00013150994 5.27603e-05
0.3376779 0.40875992 0.043416925 0.7772478 0.5792715 0.767965 0.0063892566 0.20134021 0.0024651217 0.10907343 0.005980271 0.0006208063 0.00038102106 1.5589536e-05 0.8867238 0.00076267944 0.00029167463 0.00018067863 1.4776998e-17 0.984335 0.0010567297 2.9419938e-05 0.23947805 2.7679189e-06 0.76226187 0.36339873 2.670229e-06 0.00023704139 2.4921178e-07 0.0005548664 0.015313179 0.0004817341 0.0072449534 0.0064050457 0.054196548 0.0061354297 0.010376046 0.035477124 0.00016283618 4.2133917e-07 0.00023485291 6.6755405e-07 0.00057329953 0.016287113 1.1697602e-05 3.776181e-06 3.9332537e-07 5.8109413e-06 0.64810455 1.6517143e-06 0.3941186 0.005272454 0.7519445 1.14915274e-07 0.0015516968 7.972283e-07 1.1282393e-05 3.6489455e-06 0.0047981874 1.1845844e-05 3.1187147e-07 2.3819641e-08 1.5485678e-07 0.00089957466 0.038383313 3.90462e-06 0.0012054339 0.001803507 3.76307e-06 2.046186e-06 0.00018422847 0.00030822764 0.019672735 7.96721e-06 2.1522876e-05 9.432889e-06 3.9836677e-06 0.00011154837 0.0031347857 0.0005899305 0.004785944 0.056693308 8.02711e-06 8.523056e-05 0.0010496768 2.3938688e-05 9.91995e-06 0.0046657394 0.001848671 1.8931085e-05 0.0014898768 0.0002068774 1.9547488e-05 1.5838698e-06 2.3171601e-06 0.0014154518 0.010548711 0.0012525524 0.00029942073 3.5363014e-06 2.2793265e-06
0.22251591 0.033949435 0.025185326 0.14127329 0.3190954 0.5652689 0.01081463 0.22213006 0.00053515064 0.008006464 0.00241988 0.000116843396 0.00035238804 2.4313744e-05 0.1505169 0.00037429002 0.00014205303 7.42818e-05 0.984335 2.659474e-19 0.0022925881 2.6306854e-05 0.60870135 4.8057796e-06 0.9679905 0.7565466 8.383051e-06 0.00020113068 1.6399407e-06 0.00027639256 0.047752686 0.00024277053 0.042467725 0.078205675 0.0085631525 0.016605029 0.04709831 0.34962487 0.000562434 3.5243493e-06 0.00014844809 2.8748336e-06 0.0021859729 0.07307313 2.665213e-05 1.2672475e-05 1.7841261e-06 1.3515088e-06 0.6685156 3.7312727e-06 0.04034732 0.003133677 0.3616198 8.3547377e-07 0.00076401274 3.872435e-06 8.187686e-06 3.6280214e-06 0.023315748 5.6446324e-06 1.0753589e-06 2.401277e-07 4.2477018e-07 0.009397464 0.003061247 1.290424e-07 0.0007506106 0.0029642074 3.0547453e-06 6.474847e-07 0.00015681697 8.356762e-05 0.0034321477 3.1998497e-06 8.7232024e-07 1.7160376e-06 4.578344e-06 0.00079701014 0.009495547 0.00014234093 0.0016242308 0.020068739 3.8851085e-06 0.00046725012 0.00068660756 1.0635795e-05 5.8228095e-05 0.0042545963 0.00086218945 1.1271632e-06 0.001423412 4.4397286e-05 4.6243313e-06 3.912291e-06 3.2242085e-06 0.00085416937 0.0047765146 0.00022787962 0.00018795257 5.949575e-07 5.2621235e-06
0.96525335 0.017938426 0.25492194 0.015932627 0.09050616 0.06658712 0.58601177 0.8902013 0.017870264 0.0032633112 0.0019845362 0.0059293928 0.7291187 0.002251525 0.0063133803 0.043667156 0.27756184 0.0006651085 0.0010567297 0.0022925881 2.059049e-15 0.00045152343 0.03082744 0.0014056338 0.00231298 0.005802624 7.2491406e-05 0.015804622 0.0003471424 0.06156996 0.18093872 0.00012302144 0.009430309 0.0060996898 1.2326072e-05 0.25028986 0.013014738 0.0007060156 0.9734694 0.0009378433 4.486343e-05 6.749432e-05 0.6220055 0.006195758 7.512745e-05 0.00045823518 4.013402e-05 7.90528e-05 1.1062535e-05 0.00054759503 0.00025691467 4.6688124e-06 0.0017336466 2.3738728e-06 0.0113190515 4.0377167e-06 0.0004276673 0.0011273616 0.00016800145 2.899446e-06 0.00021593281 0.0020898513 0.0006697368 3.3254822e-05 9.649901e-06 9.840405e-06 0.008971574 0.3386582 4.679297e-06 9.661665e-07 8.045457e-06 0.006600613 1.12407315e-05 2.8090915e-05 7.372513e-06 0.00014835215 5.818672e-06 0.00018461418 0.08341187 0.008141429 1.2504284e-05 0.00015509127 1.8808059e-06 0.00078725576 4.09116e-06 7.639974e-05 0.00019232756 0.16557854 0.036785237 2.886351e-05 0.7793478 0.0066212933 0.00010537213 4.262501e-05 4.1701307e-05 0.07024104 2.6002317e-06 0.014612427 0.020821098 1.3160743e-06 0.0057553407
0.54789585 0.015249269 0.058081314 0.0016964125 0.0016398057 0.00019914606 0.0025505407 4.4586228e-05 0.13878475 0.017445607 0.22743149 0.86280584 0.00016020908 0.53373003 0.005539253 0.009239094 0.0007827796 0.9831288 2.9419938e-05 2.6306854e-05 0.00045152343 1.2818938e-19 2.9927683e-08 0.01425057 4.380495e-07 3.1345e-07 0.97190726 0.0006657088 0.0920248 0.00017937298 3.6438055e-06 0.02644137 1.7367126e-08 1.1633991e-08 0.005627752 7.7484754e-07 6.064787e-08 1.7158663e-07 3.4569224e-05 0.012521363 0.024574714 0.48583832 1.2628778e-05 8.0758674e-08 0.6223097 0.0011387074 0.31485713 0.04431611 7.0641455e-08 0.0008501275 0.00014171921 0.00025588743 9.991719e-06 0.16741471 0.00042058405 0.073603295 0.0051650424 0.0009206959 8.8006277e-07 0.15108952 0.00030483835 9.725094e-06 0.00012989886 4.5666482e-08 6.935988e-06 0.42169917 6.4206986e-05 0.00011304692 0.0077462266 0.019510772 0.0004961867 0.000117147654 5.5339506e-06 0.00024267449 0.0016079956 6.267485e-05 0.011401248 1.9018078e-08 5.3321524e-05 0.0001803326 3.576637e-05 2.1412441e-07 0.0008071645 2.315954e-06 1.266403e-05 0.029298993 3.5204675e-07 0.00014606469 0.000761445 0.0024156568 0.00076621486 0.0010074467 0.023212936 0.021638457 0.045672618 0.00022667604 1.7319659e-06 0.00014006946 2.6350142e-05 3.2343236e-05 0.0007353095
0.830859 0.001801768 0.004163773 0.029571095 0.3191558 0.6036801 0.0088371085 0.50298804 3.7531033e-06 8.802466e-05 1.5022038e-05 5.965796e-07 0.0009100636 5.972812e-08 0.0046423865 1.844542e-06 0.00033562648 3.764971e-07 0.23947805 0.60870135 0.03082744 2.9927683e-08 3.009743e-18 1.9535998e-08 0.5523167 0.97063416 3.5856818e-08 3.7883532e-05 2.6934002e-08 7.2978975e-05 0.70850706 2.1169897e-06 0.6099802 0.7549399 6.4710594e-06 0.32110664 0.6914671 0.9042727 0.022488818 2.6366491e-08 6.412963e-07 5.7798683e-08 0.10806542 0.66658705 2.4107328e-07 5.088698e-07 4.757356e-08 7.277121e-08 0.29497477 1.2270712e-07 0.00045731902 1.5933491e-06 0.02746939 1.1973596e-07 0.00013185907 1.9959256e-07 2.6902118e-08 1.2296068e-06 0.08726128 1.7820234e-07 8.401867e-08 3.2298602e-09 2.881094e-08 0.0030133515 8.981898e-06 1.6022702e-07 0.00036555462 0.040639345 1.1786698e-06 9.4586926e-07 7.295051e-07 1.4102951e-05 4.8034315e-05 2.3156624e-06 8.118447e-08 7.903159e-06 2.858567e-06 0.013803439 0.06893215 4.6081816e-05 7.916778e-05 0.0040330733 1.24805765e-05 0.0032503502 1.8116216e-05 6.3525895e-06 0.0003396987 0.04274732 0.0013075336 1.2688541e-06 0.004502618 7.2827344e-05 5.1336965e-06 1.9647525e-06 4.7820245e-06 0.0006536542 0.0001060773 0.00016731872 7.6459066e-05 1.2136233e-07 5.925357e-07
0.80491453 0.0061244215 0.080925934 0.00017203225 5.6191555e-05 2.1917895e-06 0.001523878 4.3199393e-06 0.7132205 0.0018651116 0.017410155 0.21021086 0.014795238 0.57594115 0.0008652801 0.9309096 0.21300091 0.005710674 2.7679189e-06 4.8057796e-06 0.0014056338 0.01425057 1.9535998e-08 9.543049e-16 1.0346776e-06 5.721522e-06 0.006379302 0.66886544 0.39239272 0.15787956 5.0291665e-06 7.930547e-05 1.5854171e-08 1.1615056e-08 0.0006527407 3.4131224e-06 5.790472e-08 5.1390475e-07 0.0009348929 0.91564083 4.2379463e-05 0.0038777054 0.00013126736 1.1594554e-07 0.00045250435 0.8474265 0.016755203 0.04757957 1.9290515e-07 0.74875593 0.00068310485 3.2448992e-05 0.014041205 9.044926e-05 0.17321953 0.00075326243 0.26022854 0.574875 2.5805957e-07 7.7042285e-05 0.21472344 0.3049123 0.08748388 8.86818e-09 0.001434171 0.0003020723 0.06872018 0.0017367261 3.8685946e-05 1.6540558e-05 9.628326e-06 0.073162906 0.0006479279 0.0018229919 2.9219639e-06 0.007967146 7.897838e-06 5.606674e-10 1.9695579e-05 0.028981961 0.00057592685 1.7758126e-05 0.0003854205 1.328613e-06 8.08492e-05 4.6052337e-05 1.4398871e-06 0.0024297694 0.035605133 0.009565943 0.01563038 0.051122025 9.748791e-06 2.3569835e-06 8.350257e-06 0.022614367 3.928847e-06 0.025034163 0.028694827 9.591683e-08 0.06352409
0.24592362 0.01131063 0.0051953057 0.08570891 0.2235667 0.4701929 0.002728966 0.11580453 0.0005384141 0.0027638925 0.00035948033 1.8496392e-05 3.082966e-05 6.9701207e-07 0.10534988 2.3498878e-05 2.48838e-05 5.2888795e-06 0.76226187 0.9679905 0.00231298 4.380495e-07 0.5523167 1.0346776e-06 2.634095e-16 0.9272641 1.9970739e-07 1.9882204e-05 3.1266406e-08 1.8926608e-05 0.06690756 8.526364e-05 0.16736674 0.11378182 0.0014068267 0.0262445 0.07612336 0.5398248 0.0012648745 1.0940578e-07 3.0847727e-06 6.452941e-08 0.0030150576 0.090799905 2.5498073e-06 7.209494e-06 1.6383696e-08 5.627419e-07 0.9789113 1.4303292e-07 0.029626187 0.001289065 0.6139214 1.2233711e-08 0.0009811334 4.174334e-08 5.8710816e-07 2.1814087e-06 0.07397314 2.0965034e-07 3.6850032e-08 1.03343545e-07 5.340419e-08 0.02926184 0.0034764286 1.2574216e-07 0.0009813749 0.003733553 1.758228e-07 2.6746827e-07 8.86906e-05 7.2047005e-05 0.0058355574 1.7012891e-06 3.8140624e-07 6.9537083e-07 3.0256317e-07 0.007662737 0.013991561 0.00015285466 0.0033391127 0.066827856 5.425489e-07 0.0074073575 0.00075846986 2.8096551e-06 0.0015841797 0.0058301613 0.00058031804 2.893903e-07 0.0033854656 1.465313e-05 1.4965204e-06 8.593286e-07 1.306555e-06 0.0003625193 0.004728912 5.1820684e-06 3.9457063e-06 3.9615026e-07 6.4142354e-09
0.62356097 0.0025786266 0.0035037093 0.036466237 0.15666837 0.3226716 0.0030508952 0.11695807 6.0894978e-05 0.0008593394 0.00021408392 9.2788905e-06 0.0004003297 9.320001e-07 0.027973503 3.4689467e-05 0.00018471158 5.2371665e-06 0.36339873 0.7565466 0.005802624 3.1345e-07 0.97063416 5.721522e-06 0.9272641 3.9654274e-14 1.5421054e-07 0.00038951606 2.4491058e-08 0.00015284342 0.20800298 1.3704421e-05 0.38591695 0.46205702 0.00030557942 0.08270916 0.22683793 0.943144 0.0030966725 2.4984837e-07 4.4413273e-06 7.8700495e-08 0.0073608765 0.25429857 1.4069694e-06 1.0093786e-05 1.66813e-08 1.2784826e-06 0.8817077 8.1289016e-07 0.012742309 0.00045466723 0.43728882 1.5593795e-08 0.0003332535 1.8347534e-07 7.0994304e-07 2.994847e-06 0.36835384 2.7012783e-07 2.7906378e-07 1.01561426e-07 6.716848e-08 0.04792999 0.00077770156 2.7395058e-07 0.0005917203 0.0057406686 1.5605088e-06 5.150823e-07 4.2408854e-05 0.000128677 0.0009320366 5.305132e-07 2.3634918e-07 6.728055e-06 9.0062184e-07 0.020233108 0.027076945 0.00027896493 0.0014445994 0.1321109 1.8469467e-06 0.014898555 0.00033976315 1.7954084e-06 0.0022108117 0.015216263 0.0007295702 7.6487695e-06 0.0019283739 6.658767e-05 1.433643e-06 9.515966e-07 2.2878482e-06 0.00057265686 0.0028584676 1.7451064e-05 2.4836641e-05 3.644711e-07 2.4308397e-08
0.46198612 0.005855989 0.034395717 0.0013302937 0.0008240937 6.4791275e-05 0.003063201 2.1504453e-05 0.1350792 0.004780454 0.04706652 0.35074663 5.6450983e-05 0.45968837 0.0021160722 0.013117983 0.00021433661 0.51755506 2.670229e-06 8.383051e-06 7.2491406e-05 0.97190726 3.5856818e-08 0.006379302 1.9970739e-07 1.5421054e-07 2.032753e-18 0.00036627607 0.21024753 8.891944e-05 6.376157e-06 0.0045213085 3.8493265e-08 3.2297446e-08 0.0007146667 1.9939177e-06 8.586097e-08 4.5310694e-07 1.2529077e-05 0.010536329 0.006160506 0.9142574 1.7289383e-05 2.1369827e-07 0.9438217 0.0020849116 0.7053917 0.104997374 3.4961054e-08 0.0004058202 1.4343181e-05 5.2493047e-05 1.1646952e-05 0.42682305 0.000324504 0.22411716 0.006650308 0.00061896216 8.79031e-07 0.47580916 0.000108254746 3.830942e-06 8.7011846e-05 1.17040834e-07 2.459998e-06 0.54820275 5.6449582e-05 6.773284e-05 0.046604156 0.09541306 0.00020131646 5.5217544e-05 4.0131818e-06 0.00036598364 0.0006830632 3.687839e-05 0.075666435 3.3680124e-08 3.7549915e-05 3.3480665e-05 1.1898434e-05 6.5644286e-07 0.0013813224 4.4821795e-06 3.033995e-06 0.04491309 3.8434413e-07 8.568556e-05 0.00013959392 0.00074310915 0.00066606665 0.00025717745 0.025647655 0.04809857 0.16974548 7.214024e-05 8.871852e-07 8.272074e-06 2.4481699e-06 1.287599e-05 0.00015578205
0.87175554 0.0069242115 0.087698184 0.0012057701 0.0018802859 0.00012883221 0.013237485 0.0004803596 0.217901 0.0010544094 0.0012863313 0.013172528 0.17695975 0.015389059 0.0023295972 0.89569014 0.87602717 0.00015597144 0.00023704139 0.00020113068 0.015804622 0.0006657088 3.7883532e-05 0.66886544 1.9882204e-05 0.00038951606 0.00036627607 6.611822e-14 0.004264107 0.8689814 0.00013920534 4.6436642e-05 2.9677163e-05 6.5357726e-06 0.0004715017 0.00023858588 2.5911372e-06 2.340204e-05 0.014973473 0.22107892 7.596955e-05 0.00021147376 0.0029783999 1.4521091e-06 0.00022965793 0.8537151 0.00033260515 0.00131559 5.255524e-06 0.58996105 0.0048092552 0.00024949777 0.02503872 2.3505524e-06 0.85213786 2.886745e-05 0.0018558392 0.16348341 1.9146066e-06 4.8338784e-06 0.026661012 0.32306117 0.0020691608 7.0439205e-07 0.0019596692 2.4567944e-05 0.27564362 0.009233994 2.059145e-06 1.6813865e-06 2.1718612e-05 0.36736733 0.0024080907 0.00015280551 1.9068766e-06 0.0002626443 7.145559e-07 6.694117e-09 0.00022669353 0.28966525 0.00041968218 0.0054495246 1.191231e-05 1.1156234e-05 2.1061125e-05 2.5565167e-05 1.2021554e-06 0.005039602 0.06547767 0.00071736425 0.07301811 0.18362981 9.377011e-06 1.0231662e-05 3.0411618e-06 0.031493694 0.00011109345 0.06973095 0.10946221 5.6628215e-07 0.25931212
0.915482 0.0007763821 0.019701442 2.7815193e-05 2.143822e-06 1.3098867e-07 0.00035253895 2.8423028e-06 0.4791527 0.0015944057 0.028253581 0.12055324 6.5845874e-05 0.9329659 8.1165774e-05 0.084101915 0.0026338247 0.019288111 2.4921178e-07 1.6399407e-06 0.0003471424 0.0920248 2.6934002e-08 0.39239272 3.1266406e-08 2.4491058e-08 0.21024753 0.004264107 1.7538616e-17 0.0032157516 1.0157925e-07 0.0048611285 2.1954596e-09 2.498443e-09 0.00014185726 4.7436746e-08 1.8253148e-09 2.7397107e-08 2.247586e-05 0.6949125 0.005533901 0.4248838 3.6612062e-07 7.285116e-09 0.08527024 0.12392301 0.53411096 0.98372686 8.257968e-09 0.033479527 1.1911434e-05 4.812769e-06 8.096859e-06 0.04063007 0.011113843 0.24141173 0.45111072 0.016794477 4.790864e-07 0.036266454 0.012788785 0.0014321898 0.043877974 5.81147e-07 1.8544725e-06 0.023337398 0.0033283727 2.3095674e-05 0.08402923 0.008698832 2.7519227e-05 0.0013428511 2.5968789e-06 0.061783087 0.00020274587 0.06344063 0.007097154 1.2155044e-09 3.8844078e-06 0.001036658 1.7276561e-05 2.593634e-06 0.03248778 1.6759411e-07 5.790213e-06 0.001584856 2.5247777e-08 3.6326146e-05 0.00434369 0.040150627 0.000981746 0.00558515 0.0020606862 0.0018565146 0.005776954 0.0012893613 1.3850807e-05 0.0054599443 0.0018272615 3.890143e-06 0.015045092
0.9682761 0.01688202 0.17636001 0.0026606156 0.0041734492 0.00029040454 0.07582938 0.006252194 0.12949814 0.00075395673 0.001446984 0.0053352914 0.5794901 0.010145477 0.002157301 0.39342126 0.96190166 2.7178317e-05 0.0005548664 0.00027639256 0.06156996 0.00017937298 7.2978975e-05 0.15787956 1.8926608e-05 0.00015284342 8.891944e-05 0.8689814 0.0032157516 3.0879213e-16 0.002224216 6.67092e-05 2.27113e-05 5.86701e-06 7.929408e-06 0.003762753 3.344409e-05 1.6528227e-05 0.03596043 0.11015456 1.761553e-05 8.5570915e-05 0.022297284 7.573297e-06 3.3749624e-05 0.25316104 8.301794e-05 0.0003418563 1.3108277e-07 0.08490713 0.0002926099 1.7216626e-05 0.003857929 1.953419e-06 0.85292745 3.5841593e-05 0.00083883497 0.010417457 7.4858003e-06 8.825619e-06 0.0016681135 0.01438097 0.0017092237 1.2832589e-06 0.00032508574 8.3290416e-07 0.5942722 0.09170494 7.5093167e-06 2.6369312e-06 4.273126e-06 0.093785636 2.4920419e-05 0.00013281735 8.490324e-08 0.0001074951 1.2386423e-06 1.2042972e-07 0.0035033352 0.05829703 2.0022258e-06 2.6037937e-05 4.476654e-05 2.137725e-05 1.8836635e-06 9.620174e-06 4.094556e-06 0.03586853 0.18693931 0.00040126193 0.6295497 0.04157137 8.706434e-06 1.9510583e-06 1.0822872e-06 0.18099834 5.122494e-07 0.058378816 0.093206935 1.0036308e-07 0.036612555
0.96287763 0.0031790282 0.0062810383 0.013869081 0.024901703 0.05863291 0.013884969 0.16043139 6.72183e-05 0.0013209627 0.00031823057 7.760034e-05 0.03425119 1.0480104e-05 0.010781034 0.00010654105 0.0039374637 1.4880223e-05 0.015313179 0.047752686 0.18093872 3.6438055e-06 0.70850706 5.0291665e-06 0.06690756 0.20800298 6.376157e-06 0.00013920534 1.0157925e-07 0.002224216 1.8371699e-16 0.00010091452 0.56232417 0.1889213 5.6893787e-05 0.9675363 0.9594194 0.21780011 0.25401065 2.7660744e-06 2.917485e-05 5.597763e-06 0.64940906 0.346897 1.0409063e-05 1.3077904e-06 6.428422e-06 1.7109472e-06 0.0053640376 3.0522335e-07 0.0016266801 4.0998722e-05 0.009697047 3.4596846e-06 0.00082194235 4.8036395e-06 2.3713546e-06 4.1100424e-07 0.004707498 2.2959037e-05 2.3141764e-08 2.5621363e-08 7.252418e-07 0.0005623645 0.00025626572 9.1714224e-05 0.0017623353 0.44386002 4.2857005e-06 7.099563e-06 9.717908e-06 4.8513928e-05 5.7211702e-05 7.143246e-06 1.7024537e-05 1.4475528e-05 2.9345767e-05 0.010553218 0.56582457 0.00016014736 9.165726e-06 0.0007114169 1.919605e-06 0.0010527275 5.979138e-06 0.0002253184 0.00023219317 0.2761455 0.005219745 1.6225239e-06 0.12152404 1.37230845e-05 0.00027697225 5.8333033e-05 2.5594638e-05 0.018968029 4.4414606e-05 0.00012437096 0.0002319548 8.748858e-06 4.524728e-08
