2.9178352e-24 0.034065828 0.1100544 0.0013582397 0.0019165432 0.13601333 0.06868519 0.17477004 0.010089702 0.0066697183 0.008435014 0.14819025 0.10765609 0.0036275827 0.00010531235 0.21065855 0.012447841 0.04359723 0.07390925 0.001219293 0.705103 0.115521155 0.27323595 0.46438044 0.007593924 7.751605e-06 1.8479843e-06 0.68571204 0.43583208 0.7591161 4.4838857e-06 0.021038147 0.094433896 0.78991836 0.7566925 0.003482582 0.46292484 0.00073754817 0.12845741 0.15828308 0.04267904 0.041490898 0.00024101297 0.76692945 0.36772937 0.047062635 0.0019059805 0.004075562 0.40060517 3.3513388e-06 0.56757736 0.227799 0.24066918 4.7629968e-07 0.41133067 0.00034555956 0.48504186 0.67585254 0.9529457 1.3296219e-08 0.93181694 0.08070236 3.1973406e-07 0.9015958 0.019635169 2.5498642e-07 0.6935564 0.68398225 0.73993933 1.7143984e-08 0.0013977797 3.4018576e-05 1.9050489e-05 0.7080264 0.91178375 0.1392074 2.0427942e-09 0.82036304 0.94729275 0.0018650726 0.97596735 0.7640132 0.0099320775 0.7902422 3.4160655e-10 0.01837097 0.96118015 0.004390734 0.9189366 0.054178026 0.9981201 0.16814744 0.9957272 0.998815 0.21469393 1.6499754e-07 0.0053544547 8.750084e-08 0.9995518 0.9999071 0.9476652
0.034065828 2.8661885e-21 0.95686233 0.66640586 0.75082237 0.21274127 0.19532809 0.5874861 0.36409295 0.5802537 0.33554736 0.0941135 0.071722135 0.22546765 0.41984877 0.06479352 0.13133834 0.2963038 0.04127362 0.070820324 0.11520902 0.03041074 0.15060952 0.060374957 0.026282776 0.062429734 0.08935679 0.120823584 0.06425817 0.07922226 0.12909117 0.015014956 0.14397527 0.1275622 0.018231753 0.013936329 0.017655822 0.020375272 0.054265473 0.06824679 0.0117037725 0.018920334 0.0030902424 0.041603018 0.061849322 0.020225326 0.0073737977 0.006896384 0.03415198 0.013896844 0.0028319764 0.043951202 0.008114283 0.00016323717 0.0065391054 0.0003151392 0.00028478 0.0016981857 0.0007249825 0.00083981187 0.0018242049 0.0058624856 0.00013086824 0.05130402 0.00324131 0.00030453937 0.003811052 0.0028109928 0.0007450521 3.9440158e-05 0.0021282134 1.6383503e-05 0.0003420704 0.003243399 0.0003444365 0.01607833 9.6367534e-05 0.0014341901 0.0020746756 0.00045180623 0.0016890022 0.0010506293 0.0016221448 0.009600452 5.150163e-06 5.4367338e-05 0.0014932195 0.00017483854 0.00011263628 9.242288e-05 0.0016034542 0.0022887301 0.0011010385 0.001136155 0.002289551 1.6207746e-06 0.0023921519 1.2261343e-05 0.0033388657 0.009530548 0.0015105892
0.1100544 0.95686233 1.5987344e-21 0.35078472 0.3615947 0.18225154 0.26109025 0.93202287 0.19954348 0.5824508 0.124718204 0.13220663 0.076345325 0.3655812 0.11929375 0.040176187 0.27076054 0.57882816 0.020452779 0.07653141 0.075786754 0.013745969 0.42394635 0.01862086 0.051492356 0.042258464 0.015457822 0.04175644 0.042059984 0.023626177 0.039724857 0.0031707124 0.1598822 0.21575196 0.0028319764 0.0008944766 0.026099173 0.020166 0.01903197 0.13047801 0.03201267 0.043473937 0.004534055 0.014764137 0.015094394 0.039592486 0.02664378 0.012104305 0.05143677 0.007120098 0.0065352432 0.00928214 0.0021913706 1.1935667e-05 0.0029848388 0.00082667783 6.4430205e-05 0.008699741 0.0001652466 0.00051719334 0.0013656912 0.011707541 8.5464235e-05 0.07386238 0.0007315249 0.0001035492 0.0036681092 0.007016851 0.002486544 8.056087e-05 0.0003873322 8.032268e-05 0.0004584708 0.0008735115 0.0013656131 0.025878014 0.00038150576 0.0032664812 0.0012886305 0.00018336014 0.001903138 0.0017891774 0.004953081 0.004069944 7.036203e-06 5.5018427e-07 0.00071271055 4.9877428e-05 6.523782e-05 2.4830106e-05 0.00013602967 0.0040990612 0.0016270989 0.0027031007 0.004372167 3.8641087e-06 0.0006170108 4.0049523e-05 0.00084963033 0.0030173792 0.004602727
0.0013582397 0.66640586 0.35078472 3.98229e-26 0.8703884 0.17281105 0.11356207 0.3030277 0.40534303 0.16032656 0.42265493 0.07035498 0.1090025 0.057171006 0.387944 0.09542287 0.033467274 0.107985295 0.11660685 0.013132403 0.12215828 0.06638051 0.059430726 0.12553984 0.0012131318 0.012886343 0.09142555 0.11842488 0.08454758 0.115124315 0.05093785 0.09596528 0.092888676 0.038749974 0.068618454 0.07588971 0.029084275 0.00088499615 0.046990804 0.01837861 0.00077590387 0.0009767218 2.30134e-05 0.031297136 0.04675574 0.0038212095 6.2341016e-05 0.000106329506 0.008553249 0.017843356 0.0072800955 0.06968996 0.04213718 0.00094562856 0.008357281 2.4015998e-07 0.0032277035 0.0028309047 0.003945468 0.0023017596 0.0066366703 0.00037489607 0.00016588323 0.02212958 0.0018056281 2.0819865e-05 0.0038223357 0.005706251 0.0012834609 1.6641259e-08 0.0003863356 3.8850114e-08 2.4517258e-06 0.0037173554 0.0010468392 0.00047737773 8.961428e-07 0.0018179743 0.0051882304 0.00028227433 0.0038499585 0.0013132703 8.9690286e-05 0.0010026225 1.00875106e-07 2.3789325e-07 0.003780542 3.5851404e-05 6.860051e-05 1.360728e-05 0.0014449129 0.0008646807 0.00058224297 0.00055615423 2.3036984e-05 2.9749545e-08 6.812613e-07 2.2656764e-07 0.001800187 0.004228943 0.0007467579
0.0019165432 0.75082237 0.3615947 0.8703884 1.0309355e-25 0.08165211 0.051448915 0.18302985 0.37680978 0.2082383 0.349999 0.023638548 0.038640063 0.052852325 0.5711474 0.04765647 0.022712283 0.065000966 0.04450782 0.018152857 0.052516486 0.02498116 0.03108433 0.053519297 0.0013825658 0.018337132 0.16469295 0.06995812 0.025151651 0.063521646 0.09821638 0.06313246 0.018683322 0.030731928 0.019015899 0.056635894 0.010783086 0.003730469 0.016460897 0.012068746 0.0007832885 0.0015598215 0.00034047742 0.006324254 0.013066598 0.004098365 0.00027062278 0.0003941333 0.010111853 0.01957621 0.0033591965 0.026673507 0.010848465 0.0006534405 0.0013246242 1.0540836e-05 0.004792532 0.001000808 0.0011042778 0.0043480583 0.003285268 0.0025540665 0.00021509879 0.031135302 0.0023147895 0.0029648861 0.0016505641 0.00088522286 0.00024046747 6.5690847e-06 0.00039961067 6.163477e-07 1.36251365e-05 0.0032147765 0.00066929596 0.002295619 7.0204646e-06 0.0010075192 0.0041288096 0.00043406212 0.0015390005 0.00073748064 0.0006264847 0.0026720022 2.4460508e-06 1.8535318e-06 0.0029528101 0.00013163405 9.166464e-05 2.781803e-05 0.0008300753 0.0012261852 0.00035673828 0.0008219952 6.452483e-05 5.807022e-07 9.4658535e-06 1.8633061e-06 0.001150392 0.0042579267 0.00035178784
0.13601333 0.21274127 0.18225154 0.17281105 0.08165211 3.4516167e-21 0.9573143 0.31099704 0.24290396 0.01746182 0.16270785 0.5903048 0.84256756 0.014054201 0.05118881 0.32230923 0.009961341 0.015775604 0.14879614 0.002048436 0.4821572 0.06534318 0.035155565 0.13151966 0.0005533988 0.0046587614 0.002581576 0.15031765 0.0976722 0.102961406 0.001376768 0.07829732 0.110776745 0.07965302 0.056206014 0.018521016 0.2302933 0.00015390269 0.124124944 0.014343503 0.00029470475 0.000611042 2.4908588e-05 0.08901334 0.11615981 0.0063399887 0.00047189512 0.0001579128 0.007791109 0.0035337596 0.02883494 0.041116465 0.01514749 9.791125e-05 0.014976686 5.683145e-06 0.0022083702 0.04506044 0.004017436 2.7548822e-05 0.007535302 0.0010902381 0.00011198324 0.067253835 0.0011776437 1.3603654e-06 0.0074339383 0.01396639 0.01070035 4.3662535e-08 0.00019951885 6.440611e-07 9.337461e-06 0.0035858075 0.0055895215 0.015780788 2.5369436e-05 0.006261878 0.00720183 0.00028801244 0.0064480454 0.006631233 7.461962e-05 0.011437671 2.5900263e-07 9.993235e-06 0.0033337462 7.7753095e-05 0.0004904034 2.8149832e-05 0.0013061813 0.0028154477 0.0024327477 0.01076628 0.00011065791 6.399425e-07 7.2450763e-07 5.8691307e-06 0.0023682031 0.013912512 0.0030758602
0.06868519 0.19532809 0.26109025 0.11356207 0.051448915 0.9573143 3.402073e-21 0.41128802 0.14034241 0.03419107 0.07464739 0.9653193 0.24264245 0.03457944 0.028545294 0.069424115 0.029432593 0.039632104 0.030680718 0.004255124 0.17593443 0.019183785 0.067624174 0.034688056 0.0022970394 0.0032124843 0.0005872303 0.047500525 0.049026657 0.03784312 0.0009545088 0.024757765 0.13928495 0.14264737 0.012830468 0.004001356 0.23339644 0.0005912101 0.06479488 0.0350673 0.0017069293 0.0035302667 5.618641e-05 0.10031312 0.038933292 0.011942266 0.0019397275 0.00045561217 0.010649111 0.0009803094 0.013135315 0.023068469 0.004930521 2.3139835e-05 0.012981832 5.1837866e-05 0.00070539274 0.054073624 0.0013609139 1.8272449e-05 0.0039175726 0.0019464198 5.6368244e-05 0.052184608 0.0026169508 6.4272416e-07 0.005831082 0.010127409 0.012158037 1.635832e-07 0.00011634424 1.4211696e-06 2.1749227e-05 0.0031997664 0.004093151 0.027868329 1.2161887e-05 0.0103043355 0.0067624412 8.893106e-05 0.0041601644 0.00886633 0.00055061537 0.012347545 2.4970853e-07 4.650841e-06 0.0013292216 2.3660674e-05 0.00014654452 1.6671513e-05 0.0008785844 0.0027817576 0.0046214177 0.010469366 0.00055527687 6.7523683e-07 4.9107357e-06 4.585659e-06 0.0011055027 0.009597258 0.0054038297
0.17477004 0.5874861 0.93202287 0.3030277 0.18302985 0.31099704 0.41128802 5.3699842e-21 0.2581393 0.14688234 0.109400645 0.8583703 0.14985827 0.22907217 0.06598636 0.0459226 0.23076347 0.5399904 0.034552302 0.021621471 0.09473222 0.02012938 0.68657714 0.024513373 0.025498642 0.015982095 0.002431748 0.03339595 0.05615927 0.023489177 0.006131759 0.007625751 0.34792143 0.88221145 0.0050425995 0.0010449679 0.16691856 0.0063028713 0.03449661 0.44377348 0.028215377 0.054053284 0.00085452705 0.065906815 0.025701566 0.1326883 0.035746623 0.0061422912 0.07800967 0.0007794601 0.00925642 0.00780662 0.002359227 6.662156e-06 0.0033621672 0.00038657236 0.0001081401 0.03992901 6.841398e-05 8.902542e-05 0.00095302204 0.010469156 0.00013835829 0.15591894 0.0011686217 1.6717755e-06 0.0033284123 0.009960951 0.01050132 3.3582768e-07 0.00013433094 1.6309563e-05 0.00012426141 0.00055073295 0.0010290102 0.11231281 2.0294754e-05 0.009668029 0.0012976428 0.00015166786 0.0012696253 0.0046907687 0.0055656335 0.019729912 1.7817661e-06 1.0167613e-06 0.00027684102 2.4441795e-05 8.096717e-05 1.2597839e-05 0.00031816715 0.008420748 0.0058015836 0.005636228 0.0050586318 3.896667e-06 7.987123e-05 3.8052014e-05 0.00023857156 0.0134326015 0.008392299
0.010089702 0.36409295 0.19954348 0.40534303 0.37680978 0.24290396 0.14034241 0.2581393 1.9250755e-21 0.045377687 0.96606 0.06585345 0.18888426 0.013624093 0.25096378 0.18934889 0.009342642 0.028661955 0.21944413 0.002343796 0.17326415 0.13206498 0.024333183 0.19192275 0.00041918276 0.0033639476 0.057290576 0.18812123 0.10119734 0.16642503 0.010996591 0.19362755 0.096478775 0.036133878 0.17271793 0.18065657 0.02153349 0.00042603738 0.04375166 0.004409857 0.0002649712 0.00047996148 2.2430335e-05 0.011493683 0.05802822 0.0023055107 0.00011143056 0.00046784003 0.0110107055 0.031047415 0.009294249 0.08891009 0.029017542 0.0065519763 0.0034879635 2.4717492e-06 0.013516031 0.004629128 0.003514656 0.006076787 0.006270319 0.0020011598 0.0014673199 0.051203545 0.0065570306 7.688632e-05 0.0029611306 0.0030096208 0.00080512726 2.7418216e-07 0.006665448 3.0609726e-07 3.2982218e-05 0.0030988036 0.0012847871 0.004131376 2.551823e-05 0.0032889326 0.0044250214 0.0022783747 0.0020577426 0.0011305949 0.00011639508 0.0057610734 1.3038415e-06 6.295785e-05 0.0030855588 0.0012775289 0.000550791 0.00025489155 0.0010139605 0.0052250247 0.0006454355 0.0016461876 0.00050423254 1.3071419e-06 3.0590043e-06 1.5364158e-05 0.0014151683 0.004581109 0.0009892605
0.0066697183 0.5802537 0.5824508 0.16032656 0.2082383 0.01746182 0.03419107 0.14688234 0.045377687 7.294279e-24 0.018115172 0.016381936 0.009381149 0.9412208 0.21631394 0.0039096097 0.5762801 0.35594827 0.002653161 0.7284008 0.0052509475 0.0016668548 0.034130357 0.0009732099 0.4455106 0.60842305 0.03865321 0.0017297524 0.002616474 0.0005958692 0.4156038 0.0004635987 0.013675191 0.010857501 0.0002763006 0.00018023701 0.0026822975 0.14018959 0.004002251 0.022065915 0.042450406 0.022187151 0.021490462 0.001766543 0.004262294 0.0042996644 0.015888216 0.007849621 0.0044589997 0.0015520224 0.0011668149 0.00053597166 0.00044487225 1.6458327e-07 0.00010448034 0.00018617626 3.1377032e-05 0.00018385588 9.995761e-06 0.00038133148 0.00026470298 0.0057403073 8.647624e-06 0.00416732 0.00018860363 0.018205084 0.00015016158 0.00096200797 1.7562657e-05 0.001932366 4.9638315e-05 9.1609494e-05 4.9770704e-05 0.000104298364 0.00030382603 0.001071607 0.0010475487 0.0001530107 0.00036584525 7.794806e-05 0.00063578255 0.0003974041 0.00053369295 0.00010874831 0.0008364369 1.2442493e-06 0.0003364488 4.5166813e-05 1.4905861e-05 6.62803e-06 0.00028062303 0.00025455726 8.946714e-05 0.00037423577 1.7321947e-05 3.690423e-06 6.1464216e-06 5.420676e-06 0.00055432715 0.0021100703 1.5944688e-05
0.008435014 0.33554736 0.124718204 0.42265493 0.349999 0.16270785 0.07464739 0.109400645 0.96606 0.018115172 9.523388e-21 0.03751156 0.16771322 0.011943907 0.32502636 0.14539528 0.0054024286 0.008146575 0.24183829 0.001457493 0.14874464 0.13195077 0.011016698 0.17519684 5.9909566e-05 0.008466933 0.10838091 0.13306406 0.06314461 0.12976676 0.0154807195 0.32767358 0.04404466 0.014159736 0.20094995 0.24934418 0.012313518 0.00011553908 0.03703217 0.0033837853 0.00020928726 0.00021084145 5.286731e-06 0.016074505 0.07181015 0.0015449098 1.7862603e-05 4.5031033e-05 0.0035789881 0.087890446 0.0087774275 0.14725819 0.062735476 0.019024326 0.0074732644 4.4819166e-07 0.019909784 0.003141446 0.009753517 0.007199 0.0057989727 0.00022157253 0.0044385986 0.041241113 0.019574717 7.0263654e-06 0.00696199 0.0051358733 0.0013969274 4.1813145e-08 0.01856028 5.4704304e-07 9.895298e-06 0.004468156 0.0012927114 0.0041712867 3.7581424e-06 0.00564491 0.0041524232 0.005179537 0.002658272 0.0018456042 7.161509e-05 0.007710635 2.3491774e-07 0.00044690422 0.0034818 0.0036996275 0.0018190168 0.0003875058 0.0012973781 0.0016485647 0.0013486686 0.0010891003 4.36085e-05 1.7210189e-07 2.6399882e-06 2.686769e-06 0.0017418665 0.0038957924 0.00019674806
0.14819025 0.0941135 0.13220663 0.07035498 0.023638548 0.5903048 0.9653193 0.8583703 0.06585345 0.016381936 0.03751156 4.7403846e-22 0.1455537 0.0170333 0.011492681 0.044840418 0.024209231 0.033803087 0.013351228 0.0030167934 0.17620538 0.009908769 0.10370951 0.022080624 0.0016602338 0.0011676325 9.243558e-05 0.04890429 0.06505222 0.026900757 0.00015847191 0.00854704 0.46549463 0.35852623 0.006547136 0.00090493326 0.64184076 0.0007516428 0.057675123 0.072392955 0.002545489 0.0050284616 7.627401e-05 0.22876388 0.024857048 0.020907879 0.0032556723 0.0002753628 0.017128943 0.000415562 0.010748101 0.010551392 0.002721807 3.2621897e-06 0.005056459 1.7206303e-05 0.00026084355 0.1487481 0.00038446128 1.6875754e-05 0.0021099583 0.0012597131 4.0943312e-05 0.09622185 0.0017379341 4.1361673e-07 0.0024749492 0.014426419 0.020088106 4.05635e-08 2.9883751e-05 2.8448628e-06 1.5655629e-05 0.00095799146 0.0028403993 0.06177708 3.921415e-05 0.018715378 0.0033652454 2.886142e-05 0.0039492007 0.014214715 0.00037712813 0.019405639 3.1031863e-07 9.465145e-07 0.0011236354 4.1051712e-06 2.5428077e-05 6.68966e-06 0.00075578096 0.006702138 0.014014658 0.025199777 0.0006747747 1.8344549e-06 1.1662691e-05 8.35954e-06 0.0011663253 0.017844675 0.008030449
0.10765609 0.071722135 0.076345325 0.1090025 0.038640063 0.84256756 0.24264245 0.14985827 0.18888426 0.009381149 0.16771322 0.1455537 5.869578e-23 0.009064024 0.021626573 0.9386512 0.0056721857 0.011441566 0.53160936 0.0006315512 0.78235936 0.28217104 0.012309369 0.5403602 8.5843916e-05 0.0009864046 0.0010256027 0.2773126 0.22987288 0.33377075 0.00031678198 0.07068937 0.26846623 0.04117885 0.16292928 0.025312312 0.12168095 6.888313e-05 0.22041808 0.005489928 7.9028614e-05 8.4540836e-05 1.1065526e-06 0.11532807 0.24471393 0.0017510261 2.0203952e-05 1.8142238e-05 0.001425141 0.0008946809 0.042600982 0.1834666 0.042175714 2.167427e-05 0.026255641 8.648667e-07 0.00712628 0.034837127 0.01226935 2.3121416e-05 0.020302128 6.4548716e-05 4.725503e-05 0.023328656 0.0024363522 6.3619893e-07 0.014702882 0.019400189 0.013995824 5.0589444e-09 0.0001523739 2.8602233e-07 2.5253241e-06 0.009319149 0.009790482 0.0033055812 2.8079755e-06 0.011477105 0.017009104 0.00018552704 0.010298446 0.011663059 4.6261153e-05 0.007811219 6.5361085e-08 2.0764819e-05 0.011397247 9.578005e-05 0.0011246256 7.152568e-05 0.0076599093 0.0004909041 0.004439145 0.0148512665 3.5960533e-05 1.5952824e-07 1.2621166e-07 1.1898043e-06 0.007838606 0.01072338 0.0011836009
0.0036275827 0.22546765 0.3655812 0.057171006 0.052852325 0.014054201 0.03457944 0.22907217 0.013624093 0.9412208 0.011943907 0.0170333 0.009064024 6.180472e-25 0.048102256 0.003135768 0.7301528 0.55297405 0.0032280732 0.79791856 0.004343752 0.0015121027 0.08113474 0.00070525514 0.54753774 0.26280177 0.00762249 0.0013665679 0.0015075684 0.00035572404 0.13777423 0.000324025 0.019834556 0.022011993 4.6768233e-05 1.7870545e-05 0.003415847 0.22452074 0.00041964176 0.058299616 0.09684559 0.05839154 0.07145785 0.0015092514 0.00038616153 0.010204879 0.041055348 0.039729934 0.0135367485 6.417669e-05 0.000649499 7.233796e-05 9.6696276e-05 5.9955596e-08 4.511735e-05 0.0017474237 2.2207185e-05 0.00021013607 3.8647635e-05 1.1921947e-05 0.0002408296 0.022434177 2.7818096e-06 0.0034399498 7.759187e-06 0.00547552 0.00020467713 0.00088934787 9.289299e-05 0.0016385365 7.0856295e-06 0.00036902507 0.00080104964 4.8493668e-05 0.00011477658 0.00075571716 0.00069071125 0.00022229849 0.000186576 1.0455276e-05 0.00058632006 0.00032310668 0.0014628437 0.00020609112 0.00037859823 1.1701272e-07 0.00020003154 1.3488357e-06 5.6734134e-06 5.138146e-07 0.00021807871 0.00037588595 0.0006130172 0.0005057816 0.00016949134 4.3387463e-06 4.3140276e-06 9.705155e-06 0.00090143876 0.0031540648 0.00031050647
0.00010531235 0.41984877 0.11929375 0.387944 0.5711474 0.05118881 0.028545294 0.06598636 0.25096378 0.21631394 0.32502636 0.011492681 0.021626573 0.048102256 3.2799127e-22 0.031804353 0.031998236 0.04023953 0.030265221 0.025419908 0.022710374 0.020343507 0.017752482 0.032804593 0.0052362457 0.021112654 0.78858304 0.021641375 0.0091900155 0.018875742 0.08460573 0.069232605 0.0018091942 0.022279777 0.017626094 0.117884114 0.0022151717 0.0032363588 0.0019226951 0.011278429 0.0049065254 0.008251384 0.00031301792 0.0019609246 0.0055931346 0.0019388556 7.686139e-05 0.0005067403 0.012222012 0.12335807 0.0003730666 0.013167875 0.012565509 0.011389691 0.00014756381 5.7687037e-05 0.008833224 0.0007849228 0.0009983152 0.028834678 0.002117037 0.004229169 0.0008233446 0.018469825 0.014083826 0.003709672 0.00077268586 0.0006849784 0.00017539668 1.0109653e-05 0.006214422 4.3240943e-06 0.00029979445 0.0031118833 0.0004767144 0.019277405 1.3876045e-05 0.0024603186 0.004376852 0.0034386804 0.0029621334 0.0012933033 0.003508312 0.0034907588 5.1052666e-06 0.0001884368 0.004914939 0.0015356424 0.0015021887 0.0005530108 0.0033948803 0.0067464793 0.00087737537 0.00066366646 0.0028009377 4.2764793e-07 0.00033475924 1.3583366e-06 0.0072471267 0.011115403 0.0015699473
0.21065855 0.06479352 0.040176187 0.09542287 0.04765647 0.32230923 0.069424115 0.0459226 0.18934889 0.0039096097 0.14539528 0.044840418 0.9386512 0.003135768 0.031804353 2.5972689e-22 0.0016822127 0.0021183915 0.7186298 0.0002395679 0.44872963 0.5341451 0.0047271964 0.8704746 4.6546644e-05 0.00010204703 0.001487837 0.24806647 0.16422649 0.45794064 0.00023384385 0.1545085 0.09833052 0.011115687 0.3583146 0.05074974 0.054065928 9.719197e-06 0.29095638 0.0004999263 6.5494364e-06 5.697591e-06 8.881557e-08 0.10968568 0.4033298 0.00015016043 3.8525454e-07 5.6868257e-06 0.0005529483 0.0013027876 0.06223228 0.09808515 0.061571617 7.5266e-05 0.056810748 6.8542526e-08 0.015137821 0.015825292 0.02165514 1.1714089e-05 0.0306075 8.240104e-05 0.00010330803 0.008374466 0.00094672805 1.6185543e-07 0.02150787 0.017929232 0.0070892693 3.4916833e-10 0.0003481353 3.0519118e-08 1.7374881e-06 0.014371016 0.009348746 0.00062616717 6.3013164e-07 0.006396308 0.014619626 0.00050529034 0.010374665 0.0077910717 1.8676623e-05 0.0046511255 1.24239e-08 6.476416e-05 0.012256632 0.00041486588 0.0023255085 0.0002867925 0.009310594 0.0005542746 0.0016458518 0.010144558 2.3060637e-05 8.362042e-08 2.5254363e-07 7.146159e-07 0.006575363 0.019274902 0.0012002889
0.012447841 0.13133834 0.27076054 0.033467274 0.022712283 0.009961341 0.029432593 0.23076347 0.009342642 0.5762801 0.0054024286 0.024209231 0.0056721857 0.7301528 0.031998236 0.0016822127 5.3068503e-23 0.78806454 0.0013868788 0.6828223 0.0028505959 0.0005999224 0.11642611 0.00017557759 0.9299202 0.116386354 0.003614774 0.00091950083 0.0015943215 0.00016668548 0.06696556 0.00013322331 0.021853894 0.042620238 7.023643e-05 1.6659704e-05 0.009692688 0.40460858 0.0016163872 0.06394058 0.36495847 0.23002176 0.21128903 0.0023299595 0.0010761244 0.012416488 0.12418427 0.10764534 0.032789305 1.3813079e-05 0.0008352854 0.00014195633 0.00029997405 7.821027e-08 0.00010360353 0.008648927 1.7543725e-05 0.00066662754 1.8644234e-05 5.8580954e-05 0.00010098999 0.03516382 1.0798731e-05 0.006798109 5.0167666e-05 0.012868368 0.00029867922 0.0008858719 0.000110756846 0.009090709 2.1546699e-05 0.001893253 0.0014293592 0.000115417606 7.914997e-05 0.0026377875 0.0018445371 0.00026901276 0.0001752238 2.7340873e-05 0.00035936298 0.00053430843 0.0036613096 0.00047152082 0.001445719 1.0194955e-06 0.00011390434 6.807986e-06 4.8623174e-06 2.3113953e-06 0.00013688336 0.0010987911 0.00059064175 0.0007316309 0.0004037405 2.7601836e-05 3.9722203e-05 1.8485633e-05 0.0003761427 0.0023404153 0.0006389479
0.04359723 0.2963038 0.57882816 0.107985295 0.065000966 0.015775604 0.039632104 0.5399904 0.028661955 0.35594827 0.008146575 0.033803087 0.011441566 0.55297405 0.04023953 0.0021183915 0.78806454 2.171192e-22 0.0016870792 0.3011056 0.0059403116 0.0006394392 0.96989983 0.00031494058 0.6007612 0.06388908 0.0018279597 0.0014707977 0.004613498 0.00035150934 0.017577874 2.6945656e-05 0.05069294 0.19592693 3.8411767e-05 7.779808e-06 0.011677778 0.16220616 0.0033197517 0.5522073 0.6319331 0.5817358 0.046190605 0.006706147 0.0014010426 0.08875483 0.34663254 0.12111236 0.083448365 3.765007e-05 0.00090555905 0.0003374295 0.00018908593 2.7501412e-07 0.00023164376 0.011389717 1.1067822e-05 0.001674954 3.1515134e-05 5.032465e-05 0.0002016379 0.074225046 6.79212e-05 0.02094227 9.725135e-05 0.000116935575 0.00040444417 0.0014061258 0.00037165204 0.00094767427 7.3225914e-05 0.0011476679 0.0019493409 0.0001717318 0.00017719563 0.013684538 0.00090345397 0.0008257603 0.00048262987 5.2265314e-05 0.0005271816 0.0010130109 0.008284854 0.0011737753 5.9820617e-05 1.077969e-06 0.0002110527 4.122333e-05 6.290299e-05 2.3888037e-05 0.00012321764 0.0010850513 0.0004778373 0.0013302926 0.0024679524 4.7803624e-05 0.0003678001 6.63549e-05 0.0001890908 0.006292577 0.00095982826
0.07390925 0.04127362 0.020452779 0.11660685 0.04450782 0.14879614 0.030680718 0.034552302 0.21944413 0.002653161 0.24183829 0.013351228 0.53160936 0.0032280732 0.030265221 0.7186298 0.0013868788 0.0016870792 2.7193197e-22 0.00014947676 0.16144542 0.95796794 0.0012065874 0.8323984 3.845841e-06 0.0003986351 0.002542758 0.14115831 0.07305273 0.2013791 0.00025748793 0.54150504 0.040856298 0.0043190955 0.83491343 0.21384703 0.013810018 7.0290403e-06 0.09990372 5.8796042e-05 7.660632e-06 5.0867407e-06 4.024261e-08 0.029823003 0.35204256 2.677822e-05 1.0969686e-07 1.3004624e-06 7.079736e-05 0.007628649 0.022906866 0.23513804 0.16452293 0.0030241315 0.020561919 6.8988996e-08 0.07531979 0.004746216 0.045976564 0.00013560173 0.027594207 4.8098627e-05 0.0009592741 0.014144688 0.017900506 1.1549237e-06 0.018910406 0.010864005 0.0028192697 6.3546395e-09 0.004614255 5.166781e-08 1.2139782e-06 0.017491087 0.0049280855 0.00046330542 1.8939634e-06 0.0049747583 0.024835149 0.0028769332 0.010506479 0.00421698 5.2062293e-05 0.0068245535 1.6406933e-08 0.0006050054 0.019566532 0.002138294 0.009128699 0.00213082 0.012644855 0.00015348876 0.001078344 0.004981098 4.4717067e-06 2.923307e-08 3.3349943e-07 3.2318601e-07 0.014698115 0.019693103 3.4273064e-05
0.001219293 0.070820324 0.07653141 0.013132403 0.018152857 0.002048436 0.004255124 0.021621471 0.002343796 0.7284008 0.001457493 0.0030167934 0.0006315512 0.79791856 0.025419908 0.0002395679 0.6828223 0.3011056 0.00014947676 1.1483694e-24 0.00078575144 4.4285644e-05 0.018541446 8.4683095e-05 0.6724321 0.5995101 0.003216902 0.00030896632 0.0002011439 0.000119787546 0.28969747 3.553223e-05 0.00067319284 0.004273917 3.168359e-05 4.8362394e-06 0.0014421012 0.59037286 0.00015787952 0.01149592 0.11439284 0.05459167 0.3157362 0.00047042262 0.00028408453 0.0014540453 0.019841794 0.027738115 0.0023866463 7.629929e-06 0.0002679645 4.5865665e-05 5.7301197e-05 2.0461213e-08 7.811747e-06 0.0026866782 2.3593031e-05 0.00024615845 2.2656308e-05 4.9596842e-06 0.00021566467 0.015683522 1.7922316e-06 0.0044055106 2.7831908e-05 0.060616154 0.000108308435 0.00025387574 6.440133e-05 0.022264428 6.0727984e-06 0.00067851454 0.0003540001 0.00014251778 7.5763994e-05 0.00021812593 0.0015761986 0.00023809401 0.00043814644 5.1038987e-06 0.00028209266 0.00028809404 0.0009490399 0.00038504158 0.0033690685 7.9363296e-08 0.00024566273 4.804764e-07 4.3600166e-06 1.6182764e-07 0.00016259441 0.00020538692 7.733637e-05 0.00051080575 9.606959e-05 4.0131354e-06 7.153881e-06 3.0515976e-06 0.0002639407 0.0019156606 2.4124094e-05
0.705103 0.11520902 0.075786754 0.12215828 0.052516486 0.4821572 0.17593443 0.09473222 0.17326415 0.0052509475 0.14874464 0.17620538 0.78235936 0.004343752 0.022710374 0.44872963 0.0028505959 0.0059403116 0.16144542 0.00078575144 3.3906107e-19 0.109803796 0.018903542 0.33157954 0.00039198354 0.0006174505 0.00030965425 0.85840356 0.90528584 0.8434886 0.00017450938 0.09083097 0.19067702 0.04417738 0.1978254 0.014523677 0.13532896 4.6737954e-05 0.44649285 0.007370201 0.0001142734 0.00014566697 7.610257e-06 0.30251595 0.2204701 0.003653267 0.00017700378 0.00017843764 0.0027212177 0.0006570182 0.09453297 0.053064663 0.027704937 1.1409247e-05 0.05308605 5.480412e-06 0.0027675969 0.07982015 0.014987622 3.900342e-05 0.02937038 0.00020175331 0.00010851326 0.008394901 0.0014495073 9.768395e-07 0.019667996 0.043845262 0.01951239 5.172734e-09 7.653502e-05 2.7739372e-07 1.7152139e-05 0.013035699 0.021805242 0.004064752 5.44961e-06 0.007252322 0.016767861 0.00028482892 0.009901468 0.018769152 1.51814675e-05 0.006797775 2.433462e-07 6.271216e-05 0.008792433 7.3998905e-05 0.00025307055 3.277824e-05 0.006571934 0.0018057235 0.0032074146 0.03306599 9.698221e-05 2.4472267e-06 3.1563904e-06 8.139215e-06 0.0065944633 0.03081049 0.002828794
0.115521155 0.03041074 0.013745969 0.06638051 0.02498116 0.06534318 0.019183785 0.02012938 0.13206498 0.0016668548 0.13195077 0.009908769 0.28217104 0.0015121027 0.020343507 0.5341451 0.0005999224 0.0006394392 0.95796794 4.4285644e-05 0.109803796 4.969532e-21 0.0006598552 0.8697979 4.216344e-06 3.298996e-05 0.0018267736 0.1168877 0.056132093 0.1906147 0.00012228674 0.39063233 0.04139002 0.0022563022 0.89206684 0.13021113 0.010779764 3.0315164e-06 0.14134008 3.8561444e-05 6.0775606e-06 3.982775e-06 7.15122e-08 0.03690985 0.4541094 2.0766462e-05 6.604758e-08 1.2208119e-06 7.744863e-05 0.00410067 0.041758597 0.16754375 0.14110982 0.0016405376 0.029941885 3.954163e-08 0.07272281 0.006014861 0.06025106 8.15224e-05 0.037190568 4.5427558e-05 0.00049564266 0.012006998 0.006768564 5.019609e-07 0.025462441 0.011621218 0.0021363525 3.181375e-09 0.002537085 2.3072172e-08 6.7047176e-07 0.01872827 0.007546683 0.0005982707 6.2704436e-07 0.00614571 0.019023921 0.00256619 0.01341154 0.0043570763 1.5761392e-05 0.006178976 1.0914124e-08 0.0007489139 0.018571496 0.0028051427 0.010892415 0.002207965 0.014121828 7.466134e-05 0.0014514206 0.007297348 1.2960794e-06 2.2178432e-08 1.885994e-07 6.2260096e-07 0.02029979 0.018450454 9.8166216e-05
0.27323595 0.15060952 0.42394635 0.059430726 0.03108433 0.035155565 0.067624174 0.68657714 0.024333183 0.034130357 0.011016698 0.10370951 0.012309369 0.08113474 0.017752482 0.0047271964 0.11642611 0.96989983 0.0012065874 0.018541446 0.018903542 0.0006598552 1.0703915e-21 0.0013430833 0.062250268 0.005880614 0.0005937338 0.008781216 0.011011456 0.0025970363 0.0012840198 0.00012030317 0.1294584 0.8733541 0.00014363132 2.3708875e-05 0.095294975 0.010432682 0.00759517 0.7493598 0.22359234 0.22796248 0.002686829 0.0175431 0.0024285254 0.2811432 0.1205673 0.037343524 0.4278291 7.488889e-05 0.0060189776 0.001195142 0.0002982833 1.944147e-06 0.0005341586 0.0024038423 2.6889411e-05 0.03959733 5.919124e-06 8.8345e-05 0.00014785385 0.04426584 6.841372e-05 0.20693548 0.000219359 5.135834e-05 0.00066583324 0.008005136 0.0027792428 3.5031095e-05 1.7508792e-05 0.00035947142 0.00057398365 0.00013805606 0.0006229051 0.07738417 0.00012927933 0.004626767 0.00049870036 1.1285116e-05 0.0009723087 0.004536957 0.005924699 0.0082684625 9.29649e-06 2.1823816e-07 0.00021989501 3.9229653e-06 6.2746403e-06 2.4368492e-06 0.00019930529 0.006110691 0.0031970697 0.0069172247 0.007377026 9.595848e-06 0.00044870257 2.98923e-05 0.0004260794 0.0046854103 0.004463433
0.46438044 0.060374957 0.01862086 0.12553984 0.053519297 0.13151966 0.034688056 0.024513373 0.19192275 0.0009732099 0.17519684 0.022080624 0.5403602 0.00070525514 0.032804593 0.8704746 0.00017557759 0.00031494058 0.8323984 8.4683095e-05 0.33157954 0.8697979 0.0013430833 4.5971907e-20 2.6362798e-06 7.03258e-06 0.0024416996 0.32673627 0.17959361 0.68039495 0.00022138876 0.27098545 0.09115562 0.0022158278 0.8684129 0.09274362 0.023244105 7.5614607e-06 0.42446777 4.0713898e-05 6.4605524e-06 3.0917822e-06 2.9814547e-07 0.11523112 0.8076672 2.4031306e-05 4.1277227e-07 3.2854182e-06 8.8852896e-05 0.0016519515 0.108612984 0.26717573 0.18382274 0.00015075764 0.09228809 6.901216e-08 0.0575927 0.012570992 0.10173143 6.44616e-05 0.0716876 3.3617216e-05 0.00027945143 0.0062395954 0.0052090534 1.0454712e-06 0.041855592 0.02127909 0.0035605922 1.9285051e-09 0.0013111997 6.6221794e-08 1.4426773e-06 0.024123948 0.011253014 0.0007872021 3.01814e-06 0.0067549003 0.015503325 0.0019149837 0.011428343 0.0071600657 1.3680004e-05 0.0060947384 8.6549576e-08 0.00095607934 0.020169385 0.0016489963 0.0029067427 0.00093997485 0.01476791 0.00012195959 0.0015227499 0.012105395 2.2930383e-06 5.4799597e-07 9.2891304e-07 2.4688425e-06 0.016192067 0.02807024 0.00017256662
0.007593924 0.026282776 0.051492356 0.0012131318 0.0013825658 0.0005533988 0.0022970394 0.025498642 0.00041918276 0.4455106 5.9909566e-05 0.0016602338 8.5843916e-05 0.54753774 0.0052362457 4.6546644e-05 0.9299202 0.6007612 3.845841e-06 0.6724321 0.00039198354 4.216344e-06 0.062250268 2.6362798e-06 3.915951e-24 0.04710318 5.140224e-05 0.000108527944 0.00012084108 1.601592e-05 0.02732873 3.3081278e-06 0.002484199 0.01197663 8.518236e-07 2.3612637e-07 0.0019703375 0.68462974 0.00014824154 0.031425975 0.534886 0.37291643 0.47769463 7.3846204e-05 8.654839e-05 0.0033795477 0.18687041 0.25123945 0.012661454 1.6472657e-06 0.00014312456 2.9737761e-05 1.1201511e-05 1.3024153e-09 5.32631e-06 0.024103923 1.0440783e-06 7.9270605e-05 1.0219778e-06 1.3027477e-06 2.3032633e-05 0.050754614 1.0148576e-06 0.00662993 1.3396485e-05 0.039386045 4.1115676e-05 0.00013396506 1.51685435e-05 0.050185423 1.3320818e-06 0.01285365 0.0011811883 8.282092e-06 1.0962899e-05 0.0004888189 0.0035261603 5.263617e-05 8.979762e-05 2.543522e-06 4.0527637e-05 8.9276306e-05 0.0036552271 0.00020664613 0.002351353 7.5237506e-07 1.6084063e-05 3.4020292e-07 6.596346e-07 2.4915786e-07 6.722696e-05 0.00030316727 6.787219e-05 0.00032508356 0.00029050483 3.2189535e-05 5.0411734e-05 1.1896766e-05 0.0010051136 0.0019754863 5.0293078e-05
7.751605e-06 0.062429734 0.042258464 0.012886343 0.018337132 0.0046587614 0.0032124843 0.015982095 0.0033639476 0.60842305 0.008466933 0.0011676325 0.0009864046 0.26280177 0.021112654 0.00010204703 0.116386354 0.06388908 0.0003986351 0.5995101 0.0006174505 3.298996e-05 0.005880614 7.03258e-06 0.04710318 2.9206354e-28 0.011254007 0.0001413549 3.0376532e-05 2.22404e-05 0.88508594 6.1025494e-05 8.0601145e-05 0.0016794116 1.1649796e-05 1.2902825e-05 0.00017522297 0.12245979 2.8712773e-06 0.0051978286 0.0061708316 0.0065600458 0.07016159 1.2950671e-05 2.1078988e-05 0.00018418122 0.0014987644 0.0030534682 0.00088966725 1.9930994e-05 5.4723323e-06 5.7821322e-05 0.00020774038 5.169558e-09 2.2899164e-07 0.0005382893 1.167187e-05 1.0244013e-05 7.30258e-06 6.77288e-06 7.575258e-05 0.0013825658 2.2988614e-07 0.00048733244 3.0054161e-06 0.025439868 6.83587e-06 2.3441398e-05 1.3433811e-06 0.0019422848 5.6677786e-06 7.159242e-05 0.00010474373 1.315834e-05 2.988034e-06 1.4119382e-05 0.00033535867 1.3492448e-06 4.9443475e-05 3.3965362e-06 2.9972e-05 3.711084e-06 0.00050433545 6.3674556e-06 0.00036319956 1.990757e-07 0.00013369397 5.116518e-07 2.9160037e-06 4.2028088e-07 0.0004305579 0.000105175255 4.550565e-05 4.2397736e-05 2.967317e-05 1.7019015e-07 3.410633e-06 3.6933824e-07 0.00047766187 0.0013259008 5.199021e-05
1.8479843e-06 0.08935679 0.015457822 0.09142555 0.16469295 0.002581576 0.0005872303 0.002431748 0.057290576 0.03865321 0.10838091 9.243558e-05 0.0010256027 0.00762249 0.78858304 0.001487837 0.003614774 0.0018279597 0.002542758 0.003216902 0.00030965425 0.0018267736 0.0005937338 0.0024416996 5.140224e-05 0.011254007 2.2100661e-22 0.00028242508 0.00010383538 0.00065604085 0.10185118 0.013820301 2.8664881e-05 0.0007428141 0.001766094 0.043166004 0.00010746126 0.0001791502 3.1359297e-05 0.00013996864 6.5040214e-05 3.7098787e-05 1.0462787e-05 0.00017173491 0.00075151 2.1660073e-05 7.7451546e-08 4.4640155e-06 0.00023225983 0.13014778 6.17132e-06 0.0005590494 0.0016431761 0.0067452444 8.390889e-06 2.6892349e-06 0.0013588782 2.5598178e-05 7.206268e-05 0.15088566 0.00014214667 0.00011609609 0.0022583397 0.0014090992 0.0021949606 0.002813421 6.901154e-05 7.722207e-05 1.4209563e-05 2.5696917e-07 0.0050016833 2.1929489e-07 1.339917e-05 0.0002918274 2.438759e-05 0.0009783191 7.1219547e-06 6.749336e-05 0.0004330611 0.0017426226 0.00027923804 2.844281e-05 0.0002715605 0.000249572 1.4811894e-05 1.7338722e-05 0.00082031224 0.0003664679 0.0002050282 5.7823694e-05 0.00079355476 0.00029253348 1.7980756e-05 7.2792177e-06 3.6337333e-05 2.0098168e-08 1.4625823e-05 2.0810404e-08 0.00067827385 0.0013606835 1.0463196e-05
0.68571204 0.120823584 0.04175644 0.11842488 0.06995812 0.15031765 0.047500525 0.03339595 0.18812123 0.0017297524 0.13306406 0.04890429 0.2773126 0.0013665679 0.021641375 0.24806647 0.00091950083 0.0014707977 0.14115831 0.00030896632 0.85840356 0.1168877 0.008781216 0.32673627 0.000108527944 0.0001413549 0.00028242508 2.2209826e-17 0.915981 0.93931156 7.6829e-05 0.067719914 0.05960879 0.01360712 0.2219624 0.0094411345 0.08110356 2.7379907e-05 0.63938725 0.0037798889 9.133819e-05 7.413749e-05 3.1030308e-06 0.21839333 0.36634177 0.0009373229 3.0417292e-05 6.0177725e-05 0.0014173908 0.00065708 0.16006169 0.047731183 0.040287424 2.5184567e-05 0.10164439 1.3776577e-06 0.002463594 0.066534825 0.023222435 3.1676216e-05 0.07297194 0.00015046663 8.005226e-05 0.004704103 0.0014202804 3.8966758e-07 0.033502772 0.054457456 0.011654904 3.774699e-09 0.000110444635 1.524382e-07 5.01719e-06 0.014910026 0.039223492 0.0014734358 2.1413762e-06 0.0036269717 0.021884637 0.0005653045 0.017514681 0.016388427 1.5880814e-05 0.00421422 6.956298e-08 5.7462028e-05 0.012203685 0.00020379035 0.00058633636 6.689077e-05 0.010446282 0.0010805912 0.0024113057 0.029198559 8.534613e-05 7.8580314e-07 1.4681995e-06 3.790693e-06 0.005422528 0.03173915 0.0012640159
0.43583208 0.06425817 0.042059984 0.08454758 0.025151651 0.0976722 0.049026657 0.05615927 0.10119734 0.002616474 0.06314461 0.06505222 0.22987288 0.0015075684 0.0091900155 0.16422649 0.0015943215 0.004613498 0.07305273 0.0002011439 0.90528584 0.056132093 0.011011456 0.17959361 0.00012084108 3.0376532e-05 0.00010383538 0.915981 9.269808e-19 0.8107691 2.575924e-05 0.0318038 0.2938234 0.028963594 0.08233616 0.0065199262 0.0820159 2.9135754e-05 0.8334884 0.010076057 0.00014114691 0.00013368453 1.2382761e-06 0.4644205 0.43307775 0.002444336 8.614765e-06 3.764594e-05 0.0010887767 0.00017882911 0.12909527 0.08930453 0.033259317 1.3688537e-05 0.16523688 2.1502717e-06 0.0038214994 0.10484465 0.014869798 2.7080181e-05 0.049051125 0.00021389332 6.178242e-05 0.008548592 0.0025455083 6.6324657e-07 0.06021019 0.10141534 0.03320012 3.0530278e-09 8.633866e-05 2.1943357e-07 9.297307e-06 0.03406733 0.045056745 0.0034864305 2.5306813e-06 0.016304838 0.029023962 0.00035885882 0.024050513 0.040705204 3.59018e-05 0.009010799 3.157191e-08 4.8341935e-05 0.0140015185 0.00013974139 0.00040909302 4.9526152e-05 0.013542876 0.00085200166 0.0059794835 0.0387638 6.4000844e-05 7.737776e-07 7.518356e-07 1.6717278e-06 0.008781142 0.03630038 0.0018241728
0.7591161 0.07922226 0.023626177 0.115124315 0.063521646 0.102961406 0.03784312 0.023489177 0.16642503 0.0005958692 0.12976676 0.026900757 0.33377075 0.00035572404 0.018875742 0.45794064 0.00016668548 0.00035150934 0.2013791 0.000119787546 0.8434886 0.1906147 0.0025970363 0.68039495 1.601592e-05 2.22404e-05 0.00065604085 0.93931156 0.8107691 1.4807009e-18 6.411269e-05 0.078221865 0.05391378 0.0027628858 0.27482173 0.013347327 0.027877988 7.5902235e-06 0.61644495 0.0009786607 1.4996657e-05 1.1015624e-05 6.228379e-07 0.098327234 0.7217227 0.00016324308 3.0481915e-06 8.745664e-06 0.00032875716 0.0006220992 0.1406255 0.12093384 0.07833261 1.868708e-05 0.13169587 3.451832e-07 0.004496939 0.016037464 0.05519814 4.071366e-05 0.10554908 2.328432e-05 8.140105e-05 0.0019286416 0.0016380294 1.0520976e-06 0.06898747 0.06323753 0.005230424 8.019361e-09 0.00019820422 6.04963e-08 3.1066552e-06 0.036147345 0.043702766 0.00055369054 1.973494e-06 0.0044957297 0.04446529 0.0007949458 0.023887094 0.017520677 4.4369244e-06 0.004189082 1.1642466e-07 0.000112267146 0.026035713 0.000502703 0.0011989676 0.000147092 0.019970484 0.000696922 0.0020962127 0.032572757 9.799388e-06 1.0624019e-06 2.4289907e-06 5.3911713e-06 0.011374239 0.035275612 0.00062359514
4.4838857e-06 0.12909117 0.039724857 0.05093785 0.09821638 0.001376768 0.0009545088 0.006131759 0.010996591 0.4156038 0.0154807195 0.00015847191 0.00031678198 0.13777423 0.08460573 0.00023384385 0.06696556 0.017577874 0.00025748793 0.28969747 0.00017450938 0.00012228674 0.0012840198 0.00022138876 0.02732873 0.88508594 0.10185118 7.6829e-05 2.575924e-05 6.411269e-05 2.7430398e-24 9.4621304e-05 5.9232125e-06 0.0015606189 0.00010207106 5.5481367e-05 2.0965716e-05 0.093049176 1.2288606e-05 0.00086316024 0.0035493316 0.0029588286 0.03984101 1.4880038e-05 0.00012184868 6.026766e-05 4.501094e-05 0.00019967266 0.00013901456 0.0011971041 5.654912e-06 0.00013042706 0.00024410266 8.215213e-07 1.6782882e-06 2.4073968e-05 8.65167e-05 2.6546883e-05 2.2651599e-05 0.00058853545 0.00016094536 0.0013708717 1.6345524e-06 0.0003316733 3.3582288e-05 0.045383945 3.6148653e-05 0.00012425228 2.7969832e-06 0.0008535448 3.5493955e-05 3.9747898e-05 4.768897e-05 0.00012725733 2.4034467e-05 7.36412e-05 0.00030074373 2.396953e-05 0.0006851568 5.1193936e-05 0.00023382266 2.1518465e-05 0.00012297652 7.341323e-05 0.0004113976 2.3863274e-06 0.0007475135 4.064881e-06 1.3974877e-05 1.0254475e-06 9.927488e-05 6.6613466e-05 1.5052653e-05 1.7320757e-05 5.391321e-06 9.0464574e-08 1.475628e-06 2.925523e-07 0.00018086722 3.8844435e-05 3.088657e-05
