7.296598e-29 0.898215 0.6891448 0.78003335 0.7204275 0.47879857 0.5387314 0.7921262 0.73971134 0.955369 0.7640334 0.6075791 0.9237154 0.5517459 0.87672246 0.59315073 0.74694294 0.7249776 0.7601632 0.6983339 0.9456377 0.12201727 0.06009764 0.32692167 0.21321143 0.67395896 0.85849327 0.72100455 0.4955582 0.6678285 0.5231682 0.74125713 0.065893725 0.45184147 0.92760515 0.13548401 0.06411847 0.4192873 0.9876494 0.08357456 0.03652504 0.007498959 0.053108864 0.2083475 0.9890585 0.3770915 0.98121583 0.7349536 0.89781004 0.07469417 0.030668259 0.6816666 0.9939685 0.008310436 0.2909394 0.025688197 0.9753739 0.004838092 0.8509667 0.91197604 0.15063699 0.0012715015 0.9993211 0.0040260046 0.9369025 5.973456e-06 6.540402e-05 0.00016230175 0.033864245 0.004215776 0.9781576 0.0006982076 0.017162276 0.0012201306 0.0029199193 0.96514195 0.07343099 0.9995919 0.02454204 0.00022880381 0.004885267 0.00034503665 0.9998478 0.005497973 3.6464775e-05 7.434374e-05 0.0018585642 0.0009948786 0.021552786 0.00016341613 0.0008253761 2.0976563e-06 1.5068933e-06 0.0012564054 0.00058349175 1.1533783e-06 1.1344462e-05 4.1194544e-06 0.99049056 0.9441938 1.0343697e-06
0.898215 5.4018414e-17 0.85145754 0.52947956 0.8609249 0.54572517 0.95093024 0.39372292 0.58094054 0.14847234 0.23851886 0.085099354 0.35732648 0.11722011 0.046482045 0.13053103 0.12570043 0.03254894 0.037124146 0.17956866 0.067867 0.07423467 0.060421456 0.09559413 0.024432493 0.037558902 0.059013546 0.009748379 0.016460072 0.0077866185 0.0021306716 0.0045410413 0.0150174545 0.002904562 0.06727071 0.008989024 0.011217061 0.007731698 0.09004011 0.023375249 0.0038110358 0.0034557953 0.0007810756 0.01377499 0.0069344174 0.007735961 0.0029327036 0.043185744 0.084341355 0.0017608224 0.0019317331 0.00057441514 0.067864835 0.0017796598 0.00033962837 0.00024298318 0.023267258 0.0006229886 0.021369291 0.0018033321 0.00027250324 0.0002545456 0.040622167 0.00021835903 0.02866702 1.2484338e-05 5.293329e-06 7.035469e-05 6.204233e-05 0.00032208036 0.0005412621 6.7821406e-05 0.00037231774 5.5949004e-05 0.00012620512 0.029287525 0.0014165476 0.004452717 0.0010088652 1.4363877e-05 0.00055933854 0.00068401813 0.013416388 6.929337e-06 3.1624043e-06 0.00081159314 1.6702481e-05 4.9976323e-05 3.9460906e-06 0.00032038745 1.0638017e-05 5.393391e-07 3.8953866e-07 0.00053815864 0.00032233234 5.0553996e-07 6.3003434e-05 3.7613231e-06 0.008681715 0.007223035 2.7375678e-05
0.6891448 0.85145754 7.1318043e-17 0.96999407 0.44634232 0.12330058 0.15888532 0.8513932 0.39673847 0.14629556 0.053606294 0.43978867 0.08578935 0.0999993 0.07303425 0.38216186 0.11746197 0.046597663 0.08218279 0.30586267 0.12205071 0.14095825 0.057122145 0.122727685 0.035250522 0.014052519 0.036470324 0.0030636522 0.02014952 0.013871911 0.000186623 0.003226128 0.04259379 0.0036620293 0.058268838 0.012976769 0.016889667 0.0040940857 0.102442354 0.011492533 0.0036092005 0.0067810374 0.0002355815 0.059205 0.0029959625 0.0067311577 0.0027145497 0.044221636 0.031169496 0.001730858 0.003980349 0.00016848072 0.04364468 0.003517015 3.0385023e-05 9.115702e-05 0.0061453944 6.777653e-05 0.010531909 0.0036554537 0.0003192583 0.0002445946 0.02404224 7.3619253e-06 0.006464713 1.5781652e-05 6.331088e-06 5.1114468e-05 7.023114e-05 1.7294959e-05 0.00027276404 1.8449142e-05 0.00040443087 4.3840555e-05 0.0002799716 0.013182469 0.00059695385 0.0019400734 0.00074307056 3.3424163e-05 0.0009097591 0.0012038185 0.0057966947 6.3100574e-06 8.0718255e-06 0.00046597188 8.037857e-06 2.5743422e-05 5.210633e-06 3.7841968e-05 5.323441e-06 1.2877839e-06 4.6654458e-07 0.00032496607 0.00032933484 7.561889e-07 1.8181434e-05 8.960188e-07 0.002324584 0.0048870123 3.7949685e-06
0.78003335 0.52947956 0.96999407 2.1064449e-17 0.56993115 0.032054264 0.04599721 0.48971835 0.06955831 0.50483876 0.0064665903 0.39224198 0.02437205 0.013237112 0.59332216 0.20699392 0.13180564 0.16033785 0.58497393 0.08207359 0.29266235 0.14907971 0.056908853 0.073467895 0.0967515 0.002291931 0.0025565035 0.00021960726 0.037057634 0.058021914 1.7297647e-05 0.018948946 0.011858231 0.016233923 0.025197627 0.026183771 0.028474832 0.00048196386 0.12032472 0.0043923464 0.008281176 0.008910577 1.4973779e-05 0.00824107 0.00011900336 0.0015282572 8.5585765e-05 0.09755695 0.021985477 0.005023249 0.006635202 0.0019881458 0.07276763 0.0021254397 8.267866e-07 0.00054376235 0.002122478 0.0005162661 0.015981974 0.005845753 0.0014758582 0.00019174773 0.031939276 4.895798e-05 0.0041897614 4.2595166e-06 4.038976e-06 3.7163696e-05 0.00029113577 8.3663705e-05 9.272884e-06 2.0639334e-05 2.818287e-05 3.597278e-05 0.00019280467 0.017253315 0.001436183 0.000418295 0.00010561258 6.2821246e-06 0.00019293212 7.363727e-05 0.010677749 4.448141e-07 3.1848465e-06 2.9500996e-05 1.3888305e-05 3.392433e-05 6.740697e-07 1.4027633e-05 6.1954383e-06 8.977903e-07 5.397363e-07 4.1290812e-05 0.00012944464 9.662448e-07 6.9049024e-06 1.9693014e-06 0.0005946776 0.0008346702 5.938331e-06
0.7204275 0.8609249 0.44634232 0.56993115 2.1066451e-14 0.106599644 0.12194058 0.12085474 0.08592155 0.8593139 0.017192507 0.025938697 0.15058471 0.0074993093 0.2250509 0.0146749215 0.9186283 0.56365633 0.032926507 0.008898107 0.015544273 0.022838367 0.0070815724 0.0028533065 0.024467813 0.0036845242 0.01873332 0.0016190198 0.002192163 0.03525866 0.000107314 0.03445222 0.00057095964 0.0044937492 0.09674607 0.0065089017 0.0027168456 0.0006884264 0.53982824 0.00047538168 0.0006532483 0.0013666899 8.948592e-05 0.00073050597 0.0024947138 0.0012380689 0.00092372095 0.28420147 0.15226118 0.0012468455 0.0027841001 0.003487396 0.31997094 0.0020569614 4.8377726e-05 0.00050832104 0.01668501 0.00036148028 0.073775224 0.01686632 0.003779024 0.0006870749 0.16204765 8.4107225e-05 0.052616198 3.01094e-05 1.691023e-05 3.5055225e-05 0.00063440134 0.00013492102 7.495262e-05 7.290427e-05 0.00086178584 0.000105318184 0.001156904 0.07617964 0.0017702589 0.001670152 0.0013123945 3.468255e-05 0.0035544445 0.0004080289 0.03260257 4.9844925e-06 1.0708046e-05 0.00038688365 0.00012019538 0.00025460462 6.8284357e-06 6.802221e-05 0.00013676265 2.0759028e-06 8.367391e-07 0.00042647417 0.00049577357 8.6263674e-07 9.89135e-05 1.4250275e-05 0.016050287 0.008005819 3.3804325e-05
0.47879857 0.54572517 0.12330058 0.032054264 0.106599644 1.2039535e-17 0.9740954 0.07605508 0.5120178 0.005907888 0.86223423 0.010807629 0.7205386 0.1681786 0.0023395694 0.028632943 0.037298065 0.0030147803 0.003940273 0.11653079 0.014733101 0.021851972 0.016396964 0.034757085 0.0024456324 0.05110171 0.23308988 0.04158797 0.0013771082 0.00060164265 0.012748212 0.00022770737 0.015493295 0.00026146646 0.078501716 0.0018374659 0.0010018202 0.02397464 0.010017983 0.00673688 8.958992e-05 0.00048369382 0.00533693 0.022736374 0.02634958 0.011844685 0.01046457 0.014234874 0.028404294 0.00022334528 0.0007107852 9.905443e-05 0.005560073 0.00037508993 0.0014143115 7.148756e-05 0.03308973 9.9875986e-05 0.008742099 0.00095334876 3.7659513e-05 9.0656875e-05 0.007900959 7.4006066e-06 0.020521767 1.523041e-05 4.8202746e-06 7.075443e-05 9.210783e-06 2.0276762e-05 0.00045461647 4.51867e-06 0.00093331165 3.073252e-05 0.00014688031 0.012992793 0.00039562173 0.009218825 0.001649756 4.2069614e-06 0.0008946028 0.0013159846 0.01579217 4.0827705e-05 1.0856883e-06 0.0015360927 2.2069155e-05 9.611211e-05 1.3669217e-05 6.394142e-05 8.927278e-06 9.247014e-07 4.1947007e-07 0.0008215453 0.0011894555 1.4991817e-06 0.00022210417 4.596813e-05 0.02457206 0.016516997 5.734608e-05
0.5387314 0.95093024 0.15888532 0.04599721 0.12194058 0.9740954 8.738727e-19 0.10465658 0.44865465 0.0073960917 0.95673865 0.018749634 0.9844033 0.15653138 0.0024951398 0.041329984 0.03178494 0.0029157952 0.0036915233 0.15002264 0.011322404 0.014276769 0.015800936 0.019194199 0.0016921387 0.08877011 0.14405434 0.048445765 0.0011822905 0.00049671374 0.026918523 0.00036143098 0.0055463756 7.233389e-05 0.052229084 0.0009052302 0.0011302101 0.027733503 0.015245233 0.0055390066 0.00015541908 0.0003577797 0.0042257803 0.015728524 0.017516026 0.0139246965 0.013633749 0.01759348 0.045266137 0.00018792083 0.00054460875 8.086554e-05 0.013913773 0.00047017462 0.0014431054 1.0137235e-05 0.03452178 5.958524e-05 0.009622787 0.0007765113 1.2873241e-05 7.562828e-05 0.01098703 5.901955e-06 0.029420525 5.5159044e-06 1.0107112e-06 3.1111726e-05 2.1499623e-06 2.1350008e-05 0.00035421186 1.3505509e-05 0.00045858626 3.3010005e-05 0.00010675626 0.0137781035 0.000196917 0.0058999686 0.0020425539 3.3435113e-06 0.0011998924 0.00047720043 0.021927616 9.540523e-06 1.0471575e-06 0.00071688753 2.2711918e-06 5.6352137e-06 3.2216574e-06 1.9632214e-05 1.9269178e-06 4.1228833e-07 2.6680715e-07 0.0015240967 0.00044955578 4.89115e-07 8.533629e-05 4.7932976e-06 0.013628484 0.01045971 1.7053137e-05
0.7921262 0.39372292 0.8513932 0.48971835 0.12085474 0.07605508 0.10465658 4.484536e-19 0.4242052 0.048884325 0.06436271 0.9373663 0.06481907 0.24664456 0.03553385 0.8808912 0.0520287 0.020496795 0.012929284 0.7104854 0.076815665 0.09583592 0.041752603 0.17115805 0.013294498 0.011493766 0.026813213 0.0029337567 0.0040592705 0.0010751785 0.00022288055 0.00038161458 0.06889048 0.0003611128 0.01287275 0.0021515398 0.002909448 0.0016836765 0.050583735 0.022402642 0.0006819306 0.0039485544 0.00018704972 0.09378973 0.0028248944 0.005044507 0.0027181106 0.015596371 0.004069234 0.00059150084 0.000891257 1.7976796e-05 0.01134098 0.0028258325 1.9634721e-05 5.3533663e-06 0.0012010458 5.387556e-05 0.0026928277 0.0018916214 8.012479e-06 0.003978419 0.009228466 1.3784115e-05 0.0025766464 9.105719e-05 1.3112754e-05 0.0008672975 1.8323168e-06 2.1589863e-06 0.00013293255 2.9406292e-06 0.0005998601 3.4171924e-05 7.103698e-05 0.0034928618 5.061884e-05 0.0012125892 0.00015647546 2.0252606e-05 0.0010257954 0.00089236395 0.0025324717 3.822953e-06 2.8119364e-06 0.0010259842 1.7667189e-06 1.7102484e-05 2.0461682e-06 0.00068720395 9.367201e-07 1.9767026e-07 1.726093e-07 0.00019192189 0.0009287962 1.2467977e-07 0.00015009115 7.4724727e-07 0.0048755025 0.0047323974 2.8172294e-06
0.73971134 0.58094054 0.39673847 0.06955831 0.08592155 0.5120178 0.44865465 0.4242052 4.584673e-18 0.0192483 0.6534004 0.047003366 0.19964842 0.97803557 0.004407013 0.1779543 0.019436602 0.004649449 0.0086621465 0.63100994 0.033671748 0.05446992 0.034687337 0.16140631 0.003119527 0.4927016 0.13354754 0.073504895 0.005219655 0.00025879292 0.0640521 5.542722e-05 0.057829805 0.000332893 0.06549779 0.0012933916 0.0010807263 0.11136064 0.03306214 0.011775133 0.00014462163 0.00020581085 0.015510665 0.11826867 0.046177097 0.079361 0.076949686 0.007616295 0.027376903 0.00023868625 0.00065922656 2.0013753e-05 0.017883714 0.0006797969 0.004563033 2.2126516e-05 0.030194957 7.95416e-06 0.004798029 0.0004388107 6.5687027e-06 0.00025855683 0.020743629 2.7398755e-06 0.00784677 2.3615598e-06 1.2533505e-06 3.678959e-05 3.2027823e-05 2.3126773e-05 0.008532168 4.4165718e-06 0.002792728 7.589062e-05 0.00053149316 0.0077285613 0.00014846947 0.033487387 0.0057498845 2.7515564e-06 0.0020991424 0.0016783205 0.029882379 9.265321e-05 1.5440266e-06 0.0023827697 2.1014817e-05 1.9952333e-05 0.0005059857 6.318587e-05 8.015459e-06 1.2411065e-06 4.0161697e-07 0.0014145502 0.003267266 1.2756814e-06 0.0005800181 1.1043988e-06 0.011858702 0.011563195 4.034414e-06
0.955369 0.14847234 0.14629556 0.50483876 0.8593139 0.005907888 0.0073960917 0.048884325 0.0192483 4.6174092e-17 0.00090735796 0.03126343 0.0239403 0.0021067774 0.8737957 0.019498738 0.29050505 0.95806146 0.18764418 0.019864282 0.08085305 0.033596 0.008321254 0.007387998 0.07547873 0.0005039797 0.001138457 6.777885e-05 0.0072807586 0.13883105 5.256601e-06 0.21638735 0.0018633303 0.019196536 0.02404567 0.018390318 0.0055924035 8.208151e-05 0.33570024 0.0022346873 0.0021693506 0.0016335598 1.1556766e-05 0.0037470253 0.00015671858 0.0007028966 2.0216019e-05 0.26779553 0.04136675 0.003504488 0.0067351204 0.018057236 0.3585826 0.0008115553 4.3713494e-06 0.0055684764 0.0026188556 0.0043354644 0.062141128 0.02628222 0.007176883 0.00014957674 0.079910986 0.00046147808 0.00905801 1.9046347e-05 8.9033365e-06 2.8262353e-05 0.0015479751 0.00085009675 1.9028835e-06 9.450425e-05 0.0001920918 0.0001942092 0.0012945435 0.07078003 0.004069389 0.0002191217 0.00015008154 7.2955736e-05 0.0035775413 0.00016366194 0.0045603407 3.7971571e-07 2.1670652e-05 0.00052750116 0.00017870637 0.0008447806 3.1473473e-07 4.1556836e-05 0.00014868172 2.839225e-06 1.8398601e-06 0.0003319812 0.00089924154 2.523497e-06 0.00012597929 2.7207621e-05 0.0029676412 0.0007435047 2.7631124e-05
0.7640334 0.23851886 0.053606294 0.0064665903 0.017192507 0.86223423 0.95673865 0.06436271 0.6534004 0.00090735796 2.1094675e-18 0.008666328 0.703367 0.34672013 6.539211e-05 0.023367878 0.0040468206 0.00038203405 0.00010143468 0.08870323 0.0021397688 0.0049322117 0.0049268804 0.007600695 0.000111125446 0.3218722 0.545632 0.33849743 3.7812933e-05 3.8290887e-05 0.109176666 8.269629e-06 0.011311715 5.890821e-06 0.068155505 7.720786e-05 0.0001138735 0.11976342 0.0017750661 0.003266813 6.823625e-06 0.00012817276 0.042814676 0.021425806 0.09665665 0.0435024 0.09025131 0.000693704 0.014305198 6.0991542e-06 8.4647814e-05 4.350235e-06 0.0019370342 1.7971446e-05 0.0057933424 5.2898017e-06 0.052937172 9.220187e-06 0.0025316023 2.344406e-05 4.429353e-06 9.53036e-05 0.0043246304 3.4500174e-06 0.018282648 2.6431248e-06 2.962178e-06 4.0665196e-05 2.6816144e-07 1.2625038e-06 0.0019066805 3.8631927e-07 0.0009858436 2.8024846e-05 2.1748656e-06 0.004168845 5.01089e-05 0.04730758 0.0014668874 9.743088e-07 0.0005721978 0.0010200767 0.019420588 5.355371e-05 2.8658042e-07 0.0011392401 6.839479e-07 8.25092e-06 1.8306113e-05 6.0359005e-05 3.3940107e-06 1.0586572e-07 4.6855746e-08 0.0009954768 0.00026156346 1.3839714e-07 0.000114250295 7.691447e-07 0.08146549 0.037293408 6.486098e-06
0.6075791 0.085099354 0.43978867 0.39224198 0.025938697 0.010807629 0.018749634 0.9373663 0.047003366 0.03126343 0.008666328 6.547345e-21 0.0036587357 0.026894 0.04739391 0.96327317 0.007611376 0.006702723 0.058704752 0.6032316 0.4052042 0.47824073 0.19965684 0.5787155 0.026906215 0.0024212787 0.0009813478 0.00013475385 0.047144093 0.007752235 2.333812e-05 0.0015955315 0.1707092 0.0039620036 0.0014819992 0.007734936 0.012661381 0.00030844257 0.010652657 0.092189565 0.0022187661 0.006277302 5.0411643e-05 0.16427702 0.0001425167 0.0022866575 0.0003331766 0.0057921275 0.0015266723 0.006118555 0.004146717 0.00014960083 0.0038068332 0.008895524 9.920985e-07 0.00015400942 0.00052805734 0.00044068994 0.00096218364 0.0020576885 8.930586e-05 0.0077575627 0.0062139267 0.00043215224 0.0016884739 0.00014553228 0.00023053677 0.0017325227 3.7423077e-05 0.00012558918 1.1129359e-05 6.696212e-05 0.00011931768 0.00021713051 0.0009762487 0.001592394 0.00012724094 0.0004584734 5.2138217e-05 0.00010284504 0.0006475351 0.001165228 0.002413871 1.0273799e-06 1.9665062e-05 0.0024879684 2.0223499e-05 5.9325437e-05 1.5246518e-06 0.0018706445 1.2246079e-05 1.429858e-06 8.2170476e-07 6.1527644e-05 0.0021820457 4.912682e-07 0.00041873724 2.7021374e-06 0.0003467576 0.00094927306 3.3660797e-06
0.9237154 0.35732648 0.08578935 0.02437205 0.15058471 0.7205386 0.9844033 0.06481907 0.19964842 0.0239403 0.703367 0.0036587357 3.1899175e-17 0.04142475 0.0049727657 0.011070795 0.058004923 0.0034284 0.003778215 0.027565861 0.006511919 0.0039170254 0.0031545612 0.0051369295 0.0018633765 0.035553865 0.7816459 0.06466137 0.0007576443 0.0010920394 0.019975938 0.00039576308 0.0018542144 0.00023711873 0.50378287 0.0020019005 0.00087567675 0.007793394 0.019346336 0.0014984129 0.00023499518 0.00079381664 0.0014163173 0.0022577164 0.08481369 0.002717675 0.018942522 0.010092237 0.17052904 0.00038575128 0.001305619 0.00013120654 0.014732673 0.00063223334 0.0004879314 1.6953829e-05 0.22978091 0.00015134392 0.010585748 0.002618159 2.1472502e-05 0.00013420879 0.044682346 9.782468e-06 0.10149993 3.183799e-06 4.402598e-06 2.1834121e-05 2.6938012e-06 1.6822438e-05 0.00051922794 8.674766e-06 0.0003015663 2.6601954e-05 6.637636e-05 0.012049822 0.00017130749 0.015644904 0.0003192175 3.767988e-05 0.00055644364 3.185726e-05 0.17159058 1.360889e-05 1.2709293e-05 0.00018716858 1.0267231e-05 7.571358e-05 6.761509e-06 1.6451391e-05 1.8380477e-05 1.2804996e-06 4.3602262e-07 0.00096721377 0.00033301013 2.403802e-07 6.265812e-05 1.062993e-06 0.08698814 0.042140335 4.5870543e-06
0.5517459 0.11722011 0.0999993 0.013237112 0.0074993093 0.1681786 0.15653138 0.24664456 0.97803557 0.0021067774 0.34672013 0.026894 0.04142475 6.4660206e-17 0.0005178129 0.11819544 0.0018704635 0.00019475933 0.0007161458 0.7709401 0.013241108 0.03095659 0.017991796 0.08549485 0.00059674494 0.96078146 0.08612935 0.102497175 0.0012342081 4.134369e-05 0.10014172 1.726476e-06 0.12872279 4.555224e-05 0.019195942 0.00016990645 0.00041106326 0.44334993 0.002054991 0.002640637 2.5397976e-05 5.6530767e-05 0.07812959 0.22851048 0.037428677 0.33603084 0.05857982 0.00035280857 0.0041597164 9.118754e-05 0.00010686586 4.616356e-06 0.0011294164 0.00021028622 0.005080751 5.01052e-06 0.00888238 1.0999647e-05 0.00055722374 8.2516555e-05 5.9244385e-06 5.193911e-05 0.0023012997 1.6718711e-06 0.0046521747 2.330208e-06 1.4560279e-06 3.345889e-05 3.9074143e-06 7.392713e-06 0.005512214 3.2055582e-06 0.019944852 3.407605e-05 0.00014532203 0.00047893065 3.5302142e-05 0.02203433 0.022124762 5.9389713e-06 0.01339664 0.002043227 0.004127001 0.00060886005 1.5210863e-06 0.0052614165 4.929434e-06 7.321044e-06 0.00039592577 6.913031e-05 6.4322544e-06 4.974223e-07 2.2873432e-07 0.0036326302 0.012470476 1.2488833e-06 0.00087894057 4.6630925e-07 0.015635405 0.010222679 8.168859e-06
0.87672246 0.046482045 0.07303425 0.59332216 0.2250509 0.0023395694 0.0024951398 0.03553385 0.004407013 0.8737957 6.539211e-05 0.04739391 0.0049727657 0.0005178129 5.0765323e-18 0.029576149 0.17253304 0.7370659 0.9499802 0.010123678 0.23883517 0.060336467 0.022009611 0.0148998 0.20745927 0.00011043967 0.00012418156 8.259422e-06 0.017201062 0.59985006 1.0188763e-06 0.6143395 0.0032988233 0.10204029 0.016446907 0.034158282 0.013460032 9.0892645e-06 0.14564426 0.00199041 0.005124261 0.004717585 2.4077426e-06 0.0037710012 1.565394e-05 0.00012685287 1.9934557e-06 0.3806297 0.013719965 0.006221829 0.010746472 0.07296105 0.12814438 0.0017756172 6.98166e-08 0.012307456 0.00053466804 0.007364079 0.059809312 0.03073579 0.011524607 0.00032168927 0.02747887 0.0002275552 0.003870401 1.2426514e-05 6.3819243e-06 3.9254897e-05 0.004039026 0.00062416756 1.3788564e-06 8.568475e-05 3.2016953e-05 9.3067494e-05 0.0024939917 0.06770504 0.0046388637 7.905114e-05 4.2619362e-05 5.062077e-05 0.00092191854 0.00022296474 0.0038885353 3.1184558e-07 9.257501e-06 0.00026030926 0.00029845428 0.0006629902 6.661778e-07 2.2148768e-05 0.0001637817 4.336897e-06 2.5764189e-06 0.00014275528 0.0006357268 7.2229072e-06 5.6772373e-05 6.5440986e-06 0.00013618583 9.27886e-05 3.526375e-05
0.59315073 0.13053103 0.38216186 0.20699392 0.0146749215 0.028632943 0.041329984 0.8808912 0.1779543 0.019498738 0.023367878 0.96327317 0.011070795 0.11819544 0.029576149 1.6833923e-19 0.00486782 0.0044397074 0.019210406 0.8143872 0.16139035 0.35481137 0.2743731 0.6156727 0.018810587 0.007934958 0.0032263438 0.0010924623 0.02664697 0.003413126 0.00015042185 0.00058882125 0.40959644 0.001814428 0.0016889167 0.005626261 0.010460858 0.0016104586 0.0075729 0.17397718 0.0019230178 0.007102103 0.00015701016 0.3853576 0.0008253159 0.009606877 0.00090695836 0.0034979517 0.0015047115 0.0052019893 0.0045228307 0.00012051366 0.0033640212 0.009231151 1.2747723e-05 0.00014338209 0.00053344114 0.00024711838 0.00093690294 0.00018719088 3.789625e-05 0.010583041 0.0059008524 0.00027870038 0.0022735074 0.0010173676 0.0007246649 0.005252623 1.7097738e-05 8.043797e-05 4.1649837e-05 5.8312737e-05 0.00058352266 0.00027052267 0.00073080836 0.0015186913 0.00018784236 0.00072103884 0.00031694217 0.0002272778 0.0023524442 0.0068599004 0.0020548236 1.1612626e-05 7.172336e-05 0.0075601493 4.6942012e-05 0.00012243168 6.521819e-06 0.007008204 1.1760856e-05 5.33627e-06 3.4773911e-06 0.0002004186 0.008419089 2.7292797e-06 0.0021625268 9.5246505e-06 0.001425544 0.0013614084 3.0723673e-05
0.74694294 0.12570043 0.11746197 0.13180564 0.9186283 0.037298065 0.03178494 0.0520287 0.019436602 0.29050505 0.0040468206 0.007611376 0.058004923 0.0018704635 0.17253304 0.00486782 1.3705135e-15 0.6400441 0.04687205 0.002957668 0.013241707 0.00724806 0.0016357971 0.001130387 0.014301658 0.00049731357 0.005567409 0.00035278904 0.0008987987 0.0607274 2.7748714e-05 0.068803 5.310296e-05 0.004360439 0.27158824 0.006696075 0.0036033092 2.6907088e-05 0.91823465 1.303683e-05 0.001466728 0.001974671 7.39529e-05 7.896322e-05 0.00075114274 4.2327396e-05 0.000119655204 0.77277756 0.41762987 0.0015641414 0.0032913643 0.0035301065 0.74707884 8.553142e-05 1.0315883e-05 0.00046020024 0.019865418 0.00066771265 0.31473047 0.11090247 0.0058957003 4.4358774e-05 0.34877852 9.64278e-06 0.09958654 1.3705865e-06 6.098148e-06 3.424632e-06 0.00039696266 1.793886e-05 1.3565327e-05 5.0983717e-06 0.00055059826 2.6504838e-05 0.00043352201 0.21442705 0.0024770366 0.00055614865 0.000120569304 4.4447893e-06 0.00014547374 7.4035255e-05 0.034284983 1.7243969e-05 2.1354906e-06 0.00013015818 0.00014794029 0.00021703282 6.2686113e-06 7.2315775e-06 0.00010976001 4.7986697e-07 2.060236e-07 5.635083e-05 0.0002748934 3.9278711e-07 1.3263527e-05 5.774965e-06 0.016181586 0.018743193 7.754852e-06
0.7249776 0.03254894 0.046597663 0.16033785 0.56365633 0.0030147803 0.0029157952 0.020496795 0.004649449 0.95806146 0.00038203405 0.006702723 0.0034284 0.00019475933 0.7370659 0.0044397074 0.6400441 1.6461116e-17 0.06540632 0.0012929142 0.019366454 0.007914107 0.00088012 0.0006134555 0.03775061 9.585955e-05 0.00023249208 1.2507933e-05 0.0011031016 0.2665161 9.625841e-07 0.81553966 0.000109321365 0.023650706 0.015306084 0.006171094 0.0010551215 2.104683e-05 0.16578586 6.595516e-05 8.918348e-05 0.00022133811 6.6021894e-06 0.00010749581 2.090813e-05 0.0001637261 2.437737e-06 0.80806243 0.04961508 0.0009508097 0.0024817598 0.25652233 0.2790626 0.00015436749 1.7820566e-06 0.0064382665 0.005140139 0.002153526 0.1861164 0.26164508 0.08488666 1.7039543e-05 0.10556401 1.20231425e-05 0.019044716 9.426755e-06 2.892834e-06 6.259573e-06 0.014768536 5.059891e-05 1.2480867e-06 1.4332323e-05 0.00026419177 1.4376842e-05 0.0010999213 0.1694003 0.028411865 0.00027683258 0.00014460522 3.767153e-06 0.0010858872 8.669592e-05 0.01760486 6.258066e-07 1.364777e-06 4.627078e-05 0.00052496133 0.00052815175 1.3633213e-06 1.102687e-05 0.0003176399 5.0330453e-07 1.8789636e-07 0.0001312352 0.0004159762 4.005796e-07 4.5841432e-05 2.0904552e-06 0.0010482168 0.00028410944 1.0403893e-05
0.7601632 0.037124146 0.08218279 0.58497393 0.032926507 0.003940273 0.0036915233 0.012929284 0.0086621465 0.18764418 0.00010143468 0.058704752 0.003778215 0.0007161458 0.9499802 0.019210406 0.04687205 0.06540632 5.1137593e-23 0.008795128 0.52161914 0.24407762 0.04469462 0.0258303 0.96963656 3.7301343e-06 0.00020586816 4.4439416e-06 0.18223299 0.26398733 4.6315276e-07 0.090177715 0.010243994 0.12637602 0.002751204 0.1839533 0.06153539 5.6918583e-07 0.04275062 0.012371844 0.016203221 0.019592285 3.996173e-07 0.0041569048 3.0651587e-05 3.2077753e-06 3.592694e-05 0.06811868 0.0022509205 0.028304974 0.02225234 0.008457733 0.018603869 0.015574981 1.8262935e-07 0.0065953652 0.00010942192 0.009873081 0.010432792 0.009928416 0.00074017927 0.0056688087 0.007632419 0.0009827637 0.0014571435 0.00014168501 0.00022647767 0.0005683604 0.0009981815 0.00067417964 2.716409e-05 0.0009501298 2.3994458e-05 0.00047446636 0.007346598 0.00914803 0.00079955143 0.00060502195 2.126569e-06 0.0006519848 0.00034335532 0.00012193772 0.0007559547 9.686236e-08 0.0002763815 2.8004275e-05 3.5185712e-05 0.00017944346 3.2188274e-07 0.00024495408 4.144728e-05 3.168063e-05 2.063223e-05 1.4069313e-05 6.385897e-05 1.0060342e-05 6.340611e-06 3.4255354e-05 0.000110838104 0.00012812988 5.6681114e-05
0.6983339 0.17956866 0.30586267 0.08207359 0.008898107 0.11653079 0.15002264 0.7104854 0.63100994 0.019864282 0.08870323 0.6032316 0.027565861 0.7709401 0.010123678 0.8143872 0.002957668 0.0012929142 0.008795128 4.560947e-19 0.06980218 0.2836345 0.15176661 0.7015129 0.005206684 0.5274742 0.02508507 0.025792748 0.0072105196 0.00023754583 0.014726702 1.7867986e-05 0.87904876 6.494544e-05 0.0027992595 0.00069624843 0.0040804003 0.09784035 0.0049334927 0.06198784 0.00022798048 0.001867258 0.007167092 0.8293188 0.008589289 0.2866573 0.012887043 0.0015468352 0.0009299949 0.0010034831 0.00070326915 5.860288e-06 0.00760853 0.006967659 0.0012522812 9.4649647e-07 0.0010368524 1.7484538e-06 0.00027023334 0.00014344159 2.8473683e-06 0.0038801618 0.011908347 1.2571951e-05 0.0015488759 0.00013590118 4.927521e-06 0.0007855001 7.91277e-07 2.2349461e-06 0.0033726413 2.9868604e-06 0.0027096432 6.0160684e-05 0.00048127465 0.001059474 7.386375e-05 0.010191491 0.0062481402 5.4627226e-06 0.037838276 0.021202765 0.007866614 8.165241e-05 1.9622303e-06 0.016947277 4.710886e-06 4.7699996e-06 0.00015868516 0.0033163375 3.903254e-06 2.4024246e-07 1.0297049e-07 0.0035473383 0.027552575 4.0300625e-07 0.005573319 7.699777e-07 0.005577126 0.0062412173 2.9730659e-06
0.9456377 0.067867 0.12205071 0.29266235 0.015544273 0.014733101 0.011322404 0.076815665 0.033671748 0.08085305 0.0021397688 0.4052042 0.006511919 0.013241108 0.23883517 0.16139035 0.013241707 0.019366454 0.52161914 0.06980218 5.4912783e-19 0.84734577 0.43893385 0.4501698 0.34165084 0.0011029307 0.00055893115 0.000108781394 0.9561579 0.040343355 3.0382469e-05 0.01098779 0.111512855 0.07359751 0.0017030619 0.10820526 0.16375352 4.8268554e-05 0.035646196 0.20798768 0.071193546 0.061611034 1.3086232e-05 0.050534256 0.0002452858 0.00032043422 0.0001555558 0.01895331 0.0012381074 0.0330584 0.012585183 0.005318801 0.01726972 0.025277358 5.910082e-06 0.0023879588 0.0002472063 0.0029572616 0.003508404 0.0073835677 0.00093492144 0.008078392 0.0077128634 0.002424863 0.00091131777 0.0008409279 0.0007158034 0.004466797 0.0016187264 0.0013688206 0.00033562118 0.002077823 0.00018522824 0.00095279026 0.005441805 0.0042887605 0.00089289603 0.0017006525 2.2854787e-05 0.0018012698 0.001347074 0.0014882564 0.0021689015 8.463256e-07 0.00058598584 0.0022699523 0.0001470631 0.00019601561 4.82193e-06 0.00467149 0.00018732983 5.7494206e-05 4.9379672e-05 6.4478394e-05 0.0012728701 1.1455519e-05 0.00029357342 2.2723973e-05 0.00013362717 0.000493187 0.0001293574
0.12201727 0.07423467 0.14095825 0.14907971 0.022838367 0.021851972 0.014276769 0.09583592 0.05446992 0.033596 0.0049322117 0.47824073 0.0039170254 0.03095659 0.060336467 0.35481137 0.00724806 0.007914107 0.24407762 0.2836345 0.84734577 1.4180537e-22 0.94742763 0.87198514 0.3876957 0.00079612597 0.00030230635 0.00014594704 0.76937145 0.038117666 6.373439e-06 0.007999362 0.26359943 0.055063765 0.0010867969 0.16500458 0.24918704 1.362181e-05 0.0032324553 0.6324763 0.09202856 0.14113088 2.8496843e-05 0.09184463 3.6147685e-05 6.931759e-05 9.5143776e-05 0.007442592 0.0012170944 0.07562008 0.03639662 0.0014085033 0.0035028607 0.1501018 1.7771468e-06 0.0014488917 0.0002162137 0.0026098303 0.0013962382 0.0011213473 0.00046914376 0.057443116 0.003576291 0.00879744 0.0011554889 0.004391368 0.007159922 0.012197727 0.00012913407 0.0040032873 6.109234e-05 0.0023653412 1.252824e-05 0.0041065537 0.010651642 0.001744524 0.00031454826 0.0007026423 4.4612448e-06 0.0015490842 0.00030665754 0.0061123376 0.0012983133 1.4513996e-07 0.00040472238 0.0032755309 0.000104589715 0.0001635616 3.1086497e-06 0.005717794 3.6041667e-05 3.1883734e-05 1.2932625e-05 1.8694967e-06 0.0014364802 4.929547e-06 0.00014796937 3.9777777e-05 0.00012718818 0.00045187084 1.9054269e-05
0.06009764 0.060421456 0.057122145 0.056908853 0.0070815724 0.016396964 0.015800936 0.041752603 0.034687337 0.008321254 0.0049268804 0.19965684 0.0031545612 0.017991796 0.022009611 0.2743731 0.0016357971 0.00088012 0.04469462 0.15176661 0.43893385 0.94742763 3.271628e-22 0.95402133 0.099561796 0.0006121006 0.00023953979 0.00014431673 0.4393393 0.006815262 8.802546e-06 0.0011836691 0.29056296 0.014395351 0.00039013615 0.053012677 0.09267393 1.8341601e-05 0.0029902253 0.7815208 0.037766606 0.04524393 3.8401054e-06 0.08110064 8.783188e-05 4.28589e-05 0.0001284443 0.0014188074 0.0011159147 0.025836885 0.0074846977 0.0003261714 0.0047361376 0.060549892 1.1248153e-05 6.299118e-05 0.00014951041 0.00022068387 0.0003064225 0.00021742248 8.037287e-05 0.050847027 0.004144406 0.008243527 0.00065606396 0.005720892 0.008917272 0.020975836 1.3340314e-05 0.001866506 0.0001299099 0.0013200591 5.714291e-06 0.0040432406 0.0043167253 0.00039841488 1.9679768e-05 0.0012222775 2.6217856e-06 0.00048781812 6.917257e-05 0.009310541 0.0019394269 2.500804e-08 0.00011038198 0.0028935764 1.585128e-05 2.5444668e-05 4.7198057e-07 0.024541134 5.3714343e-06 8.181824e-06 4.2156325e-06 8.2826483e-07 0.00079437555 2.0844489e-06 0.00014550703 1.2867103e-05 0.0012746394 0.0008117398 1.0218555e-05
0.32692167 0.09559413 0.122727685 0.073467895 0.0028533065 0.034757085 0.019194199 0.17115805 0.16140631 0.007387998 0.007600695 0.5787155 0.0051369295 0.08549485 0.0148998 0.6156727 0.001130387 0.0006134555 0.0258303 0.7015129 0.4501698 0.87198514 0.95402133 2.1640006e-20 0.064219534 0.0077315364 0.0011983005 0.00095127453 0.28371003 0.0029746813 0.00028678126 0.00040228726 0.77362686 0.0074981153 0.0003618017 0.020015426 0.054400887 0.00076006644 0.001921095 0.90596914 0.009201241 0.02318125 0.0001492507 0.44639102 0.0014882579 0.0008996584 0.0010206129 0.0013050875 0.0006377158 0.003830048 0.0014674079 0.0001993876 0.004691288 0.02814177 0.00011717213 3.429273e-06 0.00039445798 3.143463e-05 0.00013971899 2.8202336e-05 6.630486e-05 0.035507873 0.003575793 0.00051950285 0.00088314305 0.0034590052 0.0011686886 0.015719932 6.5587187e-06 6.473711e-05 0.0003354543 0.00017049632 0.00018897021 0.00028679142 0.00044826372 0.000332628 5.934255e-06 0.002647431 0.00010441042 0.00015793448 0.00050591957 0.04278128 0.0015313092 1.7177814e-06 4.61949e-05 0.01153846 1.5714235e-05 5.739091e-06 5.7783086e-06 0.062911056 4.5465376e-06 4.916411e-06 2.8767204e-06 6.0552844e-05 0.0020137012 1.2195167e-06 0.0012735762 2.3987604e-06 0.0025023685 0.0013106259 1.0203597e-05
0.21321143 0.024432493 0.035250522 0.0967515 0.024467813 0.0024456324 0.0016921387 0.013294498 0.003119527 0.07547873 0.000111125446 0.026906215 0.0018633765 0.00059674494 0.20745927 0.018810587 0.014301658 0.03775061 0.96963656 0.005206684 0.34165084 0.3876957 0.099561796 0.064219534 2.2396175e-22 1.8793527e-05 1.4971893e-05 2.7779615e-05 0.45665792 0.6424298 2.1792691e-06 0.09284993 0.0060422155 0.8204201 0.001313177 0.90844405 0.38524246 4.7972827e-07 0.008382045 0.03187109 0.1833588 0.15893093 2.0753207e-06 0.002156535 3.3749144e-05 4.978858e-06 8.4045605e-06 0.029213637 0.0015170164 0.3354046 0.2945026 0.053808775 0.0041857795 0.15678191 1.4455094e-07 0.12827522 6.572335e-05 0.099186786 0.002672597 0.0100595895 0.0052638757 0.017954448 0.004038768 0.014672639 0.0016147009 0.0011037545 0.003284878 0.0021622628 0.0075596734 0.046056114 5.2653737e-05 0.021226969 7.110865e-06 0.0045513688 0.08694106 0.0042536366 0.0018375071 0.00026326295 3.325487e-06 0.0096997805 0.00080146344 0.000207986 0.0005451177 5.715277e-08 0.0049640425 3.745875e-05 0.0012625816 0.0034556421 8.605612e-07 0.00028769486 0.00046843314 0.0009749852 0.0002922243 2.7157264e-06 0.0006501398 0.00016674273 2.3393182e-05 0.000710047 2.3551242e-05 3.6622263e-05 0.0002783094
0.67395896 0.037558902 0.014052519 0.002291931 0.0036845242 0.05110171 0.08877011 0.011493766 0.4927016 0.0005039797 0.3218722 0.0024212787 0.035553865 0.96078146 0.00011043967 0.007934958 0.00049731357 9.585955e-05 3.7301343e-06 0.5274742 0.0011029307 0.00079612597 0.0006121006 0.0077315364 1.8793527e-05 1.8940258e-18 0.118407845 0.29902428 7.3656756e-06 5.1848343e-07 0.47453865 9.555929e-08 0.06528475 3.7109703e-06 0.002632971 1.34059e-06 1.7666631e-06 0.8559644 0.0010170615 0.0008158629 2.6572465e-07 6.4315947e-07 0.60007364 0.28598082 0.13431962 0.87193704 0.3540113 0.00023068437 0.0006291083 1.0619665e-06 1.436848e-05 1.1379805e-06 0.0030530884 1.5241714e-05 0.0964293 4.3235104e-07 0.0019525103 1.5204091e-06 0.00026723943 3.602503e-05 1.6363961e-06 0.000106302025 0.0033358517 4.5826965e-07 0.00140804 1.3356715e-06 1.1733605e-06 9.662267e-06 3.3499953e-07 6.295346e-07 0.02839213 1.7972457e-07 0.11440585 5.0057724e-06 2.0575893e-05 0.0010401657 1.6478572e-05 0.037666548 0.08728981 1.6145591e-06 0.043439332 0.001143982 0.006316485 0.001317641 7.7894475e-07 0.0032916958 1.164025e-06 3.4717284e-06 0.0021118952 5.396097e-05 6.9738676e-06 8.5713754e-07 6.1755264e-07 0.01200154 0.04002706 2.3467871e-06 0.0016120023 6.7291035e-07 0.013006624 0.008738165 6.7855394e-06
0.85849327 0.059013546 0.036470324 0.0025565035 0.01873332 0.23308988 0.14405434 0.026813213 0.13354754 0.001138457 0.545632 0.0009813478 0.7816459 0.08612935 0.00012418156 0.0032263438 0.005567409 0.00023249208 0.00020586816 0.02508507 0.00055893115 0.00030230635 0.00023953979 0.0011983005 1.4971893e-05 0.118407845 8.1735545e-20 0.83799154 2.6743535e-05 1.1155096e-05 0.23366353 6.5255483e-07 0.00078170793 8.48648e-06 0.24969818 2.8649492e-05 0.00019947166 0.04716792 0.0010197109 7.607453e-05 5.371337e-06 8.26679e-06 0.03192247 0.003953538 0.96673834 0.004823186 0.33381847 0.0006581636 0.034476828 2.9122684e-06 1.190177e-05 6.6795525e-07 0.0021157616 1.64026e-06 0.017196732 1.0926268e-06 0.39249668 6.452471e-07 0.005027977 0.00012532668 1.4040098e-06 9.295781e-06 0.009175714 6.882966e-07 0.09025998 2.70698e-07 6.9803116e-07 5.055441e-06 8.799088e-08 7.3861344e-07 0.0040327525 6.997381e-07 0.00081735855 3.2928617e-06 3.458015e-06 0.012927515 5.187216e-06 0.11397306 0.0018769249 3.853626e-07 0.000105077095 0.00012701133 0.10552054 0.00015026444 1.9993035e-07 0.00015502755 1.1899364e-07 2.2749875e-06 0.00014086974 1.927088e-05 2.679508e-07 5.649662e-08 2.7318992e-08 0.0003439838 0.00020095699 2.0094141e-08 1.4751011e-05 8.5850127e-07 0.30295402 0.16882077 1.2690829e-06
0.72100455 0.009748379 0.0030636522 0.00021960726 0.0016190198 0.04158797 0.048445765 0.0029337567 0.073504895 6.777885e-05 0.33849743 0.00013475385 0.06466137 0.102497175 8.259422e-06 0.0010924623 0.00035278904 1.2507933e-05 4.4439416e-06 0.025792748 0.000108781394 0.00014594704 0.00014431673 0.00095127453 2.7779615e-05 0.29902428 0.83799154 8.00164e-16 1.2317846e-05 5.159287e-06 0.97218615 4.281233e-07 0.0019072024 1.4274132e-05 0.008980619 1.409276e-05 0.00014239455 0.284083 6.88824e-05 0.00024321153 8.730913e-06 1.8910461e-05 0.4255064 0.012541839 0.89377683 0.035840914 0.9024226 0.00018143197 0.0018549132 1.9656962e-05 2.1790085e-05 1.9828983e-06 0.00015942445 1.3792241e-05 0.06898066 1.4465555e-06 0.031061193 6.7779166e-07 0.00025967378 1.7779807e-06 6.882038e-06 7.493247e-05 0.000884848 1.7773842e-06 0.0052121147 1.3004302e-06 4.29941e-06 6.2285224e-05 2.1337846e-06 5.2396294e-06 0.011109658 1.4911539e-06 0.0209522 1.660433e-05 4.463077e-05 0.00022825396 2.567928e-05 0.118824676 0.0069545913 1.9305176e-06 0.00074658945 0.00015134698 0.022755828 0.0015468942 1.0114103e-06 0.0012748837 3.2490686e-06 1.7492235e-05 0.00083756115 5.1504157e-05 7.528506e-06 4.3169806e-07 1.6552819e-07 0.0016523117 0.0024882415 2.6019669e-07 0.00044945374 3.6617005e-06 0.13383615 0.046150085 1.1214194e-06
0.4955582 0.016460072 0.02014952 0.037057634 0.002192163 0.0013771082 0.0011822905 0.0040592705 0.005219655 0.0072807586 3.7812933e-05 0.047144093 0.0007576443 0.0012342081 0.017201062 0.02664697 0.0008987987 0.0011031016 0.18223299 0.0072105196 0.9561579 0.76937145 0.4393393 0.28371003 0.45665792 7.3656756e-06 2.6743535e-05 1.2317846e-05 3.0104734e-21 0.036727536 1.8336145e-07 0.000913311 0.075812936 0.125623 0.00014699565 0.53163457 0.88336176 5.729879e-07 0.0009821814 0.53515893 0.7209632 0.66823035 3.9867857e-07 0.017612524 1.0475187e-05 8.953022e-07 1.9011524e-05 0.0013855397 0.00012245176 0.19262321 0.06090654 0.0006024069 0.001904259 0.4072907 4.0941552e-07 0.0013825038 1.9418818e-05 0.011051617 0.00017082621 0.0006783786 7.819458e-05 0.15970148 0.000908972 0.060365688 0.00020142514 0.004417754 0.02503081 0.013581399 0.00010392802 0.0129980175 3.6690606e-05 0.013680311 1.9113055e-05 0.018949548 0.019548295 0.00048524552 2.8726534e-05 0.000247382 1.0240872e-06 0.010583274 0.00013451774 0.001902206 0.00018529822 1.1357171e-07 0.003254066 0.0010266786 2.2794145e-05 0.00010638306 8.710566e-07 0.006468117 5.4119086e-05 0.0005423237 0.00042772343 5.0836757e-06 0.00016940004 0.00023311973 3.7049114e-05 0.0002548587 2.4687304e-05 7.614406e-05 0.0002628026
0.6678285 0.0077866185 0.013871911 0.058021914 0.03525866 0.00060164265 0.00049671374 0.0010751785 0.00025879292 0.13883105 3.8290887e-05 0.007752235 0.0010920394 4.134369e-05 0.59985006 0.003413126 0.0607274 0.2665161 0.26398733 0.00023754583 0.040343355 0.038117666 0.006815262 0.0029746813 0.6424298 5.1848343e-07 1.1155096e-05 5.159287e-06 0.036727536 2.3437902e-21 3.6271203e-07 0.94800025 0.000105473366 0.94406754 0.0012318111 0.29991043 0.026171712 1.4661434e-07 0.04458787 0.0032397092 0.006087376 0.015625216 7.3886565e-07 0.00013881054 1.6703955e-06 5.3963953e-07 1.1123922e-06 0.16131824 0.0024031375 0.041178357 0.10633246 0.50416017 0.02117121 0.012592177 7.1550815e-08 0.36762294 0.00012268624 0.15750751 0.013372202 0.045735702 0.06168058 0.0042432444 0.011566169 0.0011835749 0.0021818252 3.8953942e-05 9.844466e-05 0.00010591759 0.094914205 0.002577036 9.767711e-06 0.0012316055 2.1706974e-05 0.00038312972 0.029668119 0.012505837 0.008927227 0.00013372712 1.4095212e-06 0.0004774066 0.000255243 2.3532404e-05 0.0009517631 1.2480422e-07 0.00032547378 7.185179e-05 0.009299759 0.011615651 4.8492694e-07 8.0243655e-05 0.005946742 6.233407e-05 3.433077e-05 3.8837597e-06 0.00031364994 2.717951e-05 1.8486093e-05 0.00031061698 5.2318974e-05 2.1894279e-05 0.00015145018
0.5231682 0.0021306716 0.000186623 1.7297647e-05 0.000107314 0.012748212 0.026918523 0.00022288055 0.0640521 5.256601e-06 0.109176666 2.333812e-05 0.019975938 0.10014172 1.0188763e-06 0.00015042185 2.7748714e-05 9.625841e-07 4.6315276e-07 0.014726702 3.0382469e-05 6.373439e-06 8.802546e-06 0.00028678126 2.1792691e-06 0.47453865 0.23366353 0.97218615 1.8336145e-07 3.6271203e-07 2.903525e-15 2.5060807e-08 0.0040641953 3.6464354e-07 0.0011968033 1.0351434e-06 2.9859333e-07 0.5672376 8.1629834e-05 0.00018033088 3.1093936e-08 2.9502596e-07 0.97214854 0.030201133 0.55474544 0.35170805 0.59332675 1.26167515e-05 0.00032744766 1.6225742e-07 1.7110143e-06 1.8372589e-07 0.00028714855 9.506242e-07 0.312702 8.099453e-08 0.004506437 9.0822624e-08 5.5205703e-05 6.5723746e-08 1.0091649e-07 4.9998084e-06 0.00063743547 5.6732567e-08 0.0009471187 1.12913796e-07 7.669856e-08 4.3072487e-06 4.4924715e-08 1.5512225e-07 0.062722854 4.6353076e-08 0.060214426 7.117226e-07 3.1488514e-07 5.4471395e-05 4.5444804e-07 0.15503109 0.07835878 1.4505832e-07 0.0031785797 0.0003788321 0.0128481 0.0028926465 3.1737223e-08 0.0034643514 7.0341365e-08 2.676165e-07 0.0033217154 7.995014e-06 1.3226163e-07 6.701974e-09 8.723118e-09 0.0081329 0.012588106 1.8271166e-08 0.00060849125 5.4453032e-08 0.1400598 0.035175014 1.2052462e-07
