1.0446857e-23 0.48833865 0.10300723 0.07255831 0.11380261 0.11271997 0.3695226 0.6594985 0.29555202 0.7884307 0.30605906 0.033804912 0.047624633 0.47832766 0.03922728 0.055083208 0.8021197 0.10144163 0.060638867 0.725484 0.46100897 0.09036007 0.04924847 0.4313228 0.35975218 0.79795945 0.21747369 0.9635912 0.025802348 0.8088745 0.9135634 0.0007963245 0.08806279 0.831015 0.00028055266 0.00084569905 0.066833146 0.79950625 0.24764238 0.540692 0.016529972 0.0023762197 2.7142181e-05 0.00022531005 0.9338071 0.81797683 0.012187007 0.00016264032 0.00010246743 0.8525698 5.937671e-05 0.94045126 0.83743 0.5947216 0.06593391 2.854417e-05 0.7384366 0.93622905 0.9107859 0.37260643 0.73529345 0.9695916 0.95217705 0.97802866 0.7693723 0.965424 0.96977913 0.20429723 0.8901911 0.8730421 0.9674787 0.5520654 0.9448477 0.14581928 0.025716638 0.99602324 0.17519012 0.9263702 0.98834294 0.98020643 0.99912727 0.029142803 0.9710503 0.84408855 0.056834668 0.9995262 0.38643393 0.045926396 0.9964953 0.9655517 0.13371502 0.9259303 0.14139454 0.99988216 0.9999681 0.9974664 0.9986499 0.7600155 0.84266734 0.9988805 0.99798965
0.48833865 1.0155336e-17 0.91277003 0.93550515 0.85753274 0.6288746 0.6944467 0.5291934 0.4586221 0.6228484 0.21065196 0.12497317 0.6353546 0.20459618 0.3482885 0.017597532 0.27007893 0.013087581 0.6626485 0.009792148 0.006277014 0.016019914 0.16597448 0.007737802 0.0018270664 0.11896942 0.0007265915 0.50657195 0.0007611514 0.0014203683 0.23508267 0.09420371 0.00010079717 0.06724247 0.04694736 0.0026882722 1.4552277e-05 0.017569385 8.3490435e-05 0.0040432117 1.2279398e-05 0.0030735158 0.010987387 1.06847865e-05 0.07481128 0.0028686186 0.00034129096 2.5408988e-06 0.028831016 0.0014556699 0.00014995434 0.00040749944 0.00025271988 3.1468826e-05 7.866748e-06 7.3121123e-06 0.001740066 0.0024848941 0.0009401802 0.00034459025 2.4658727e-06 0.0036784802 0.0004661121 0.050284594 7.677054e-07 0.0012744685 0.0008470766 2.1850067e-06 8.972565e-06 6.852276e-05 2.507625e-06 4.96305e-07 3.932371e-06 2.9673257e-07 2.0363532e-06 0.00013148361 6.4997295e-07 6.667787e-06 0.00041972098 7.479956e-06 0.000120667195 7.983608e-06 0.00032074607 2.85815e-06 5.175268e-06 5.110418e-05 4.380858e-07 1.506563e-06 6.968286e-07 1.755611e-05 4.375789e-07 2.7982023e-06 4.8883585e-08 0.0022829217 0.0046841325 0.00040779938 0.0020706553 1.735947e-07 4.7757374e-07 0.0020968406 0.0022022112
0.10300723 0.91277003 8.764734e-19 0.9460111 0.93017405 0.88065493 0.77821267 0.30089277 0.21151224 0.5279638 0.015921244 0.008671343 0.08354936 0.59207124 0.015137337 0.0015057019 0.52417284 0.0017801238 0.07937579 0.0017346521 0.0007186807 0.1056395 0.10035889 0.039821923 0.030240444 0.030391827 0.02360163 0.15151012 7.03457e-05 0.00010833529 0.394338 0.017596483 2.2201979e-05 0.013417924 0.006397073 0.0032074254 0.0018517986 0.10675378 6.190123e-06 0.0029069479 0.00027111205 4.613449e-05 0.0013720265 7.651852e-05 0.0968171 0.0005966416 1.9972835e-05 2.5057618e-05 0.0010918644 0.0028054276 3.836941e-05 3.097657e-05 1.9767574e-05 8.015276e-06 2.6016218e-07 2.54192e-07 0.0011796185 0.024846988 0.00014071708 0.00010937205 4.575437e-06 0.0002152494 0.0004187175 0.028652782 2.1146268e-06 0.0074468413 0.0009459754 1.5592874e-06 9.761839e-07 1.547325e-05 3.37573e-06 4.8657796e-07 4.0654606e-07 2.5837537e-08 0.000115728864 8.318964e-06 2.8067483e-05 6.46335e-06 0.0012100951 2.520075e-06 0.00015877915 3.5380417e-06 0.00096885744 3.047834e-06 9.892991e-07 2.8444818e-05 1.1227362e-07 3.793078e-07 1.8585208e-05 5.5721703e-06 6.991187e-08 1.3142869e-06 3.807784e-08 0.002125454 0.0077495845 5.0880284e-05 0.00019059675 1.629543e-07 4.1967493e-07 0.005206719 0.0027239283
0.07255831 0.93550515 0.9460111 3.526133e-20 0.59903175 0.9662746 0.3494413 0.054484047 0.024595235 0.109767884 0.0036326302 0.0016081627 0.1299345 0.39821613 0.0071193543 0.00011672679 0.07772682 0.0005068275 0.1842584 0.00032225024 6.392526e-05 0.2196511 0.5337511 0.03416168 0.008266752 0.0037470611 0.0072307647 0.024681132 8.691377e-06 2.1482316e-05 0.046794813 0.296641 3.2997775e-06 0.00194122 0.07335886 0.016266018 0.0008532693 0.027029905 4.619397e-07 0.00030818826 0.0007866257 3.9739673e-05 0.019755902 0.00016777827 0.02656755 5.983032e-05 2.2047834e-06 2.667446e-05 0.005731227 0.001571246 7.891371e-06 1.6516527e-06 7.2774503e-07 2.2874249e-06 8.992645e-08 1.0577026e-07 0.00010413189 0.0021930013 1.0925345e-05 1.2282443e-05 2.1404207e-06 1.4143439e-05 5.106394e-05 0.002644247 5.849102e-07 0.000675179 0.00010981562 4.788493e-07 3.4665518e-07 2.14386e-05 1.2397259e-06 2.7724988e-07 3.0059476e-07 3.2037185e-08 7.185857e-05 4.6458367e-06 2.9797163e-06 2.7907297e-06 0.0001903027 2.3506643e-06 3.9660314e-05 5.3739785e-07 0.00074247475 5.9351294e-07 1.5955526e-06 1.1020048e-05 2.251993e-07 8.3038714e-08 7.6078874e-07 2.8989373e-06 1.2603365e-07 4.027811e-07 2.4317021e-08 0.00022861536 0.0014084195 8.1393446e-05 0.00026501287 1.7436672e-07 1.7922272e-07 0.0016262279 0.00095870293
0.11380261 0.85753274 0.93017405 0.59903175 3.6192427e-18 0.6335747 0.958016 0.56285095 0.6153495 0.7069959 0.061784267 0.05881657 0.13127351 0.2877648 0.08715231 0.015468337 0.54290205 0.011331927 0.09089825 0.008753841 0.0021923052 0.021233302 0.03287235 0.008967802 0.010543738 0.042879432 0.0044342494 0.17626657 0.0009316065 0.00067082513 0.32454798 0.010748122 0.00015745309 0.016711676 0.0053842026 0.0015003834 0.00019523912 0.04145329 6.475255e-05 0.0064167483 3.7884507e-05 0.0005145291 0.00058858655 2.7231295e-05 0.036709797 0.0012757193 9.310141e-05 2.8100653e-06 0.0010779229 0.001421611 1.652982e-05 0.0001612454 0.00016275235 4.0399293e-05 3.0095118e-06 5.0716056e-07 0.0028328493 0.01807825 0.0004644895 1.8995901e-05 5.0003714e-06 0.0011942664 0.0012865448 0.045834307 8.883111e-07 0.009395823 0.0024244802 1.1611788e-06 3.4094073e-06 4.1906223e-05 2.3143202e-06 3.6820649e-07 1.4985169e-06 4.913626e-08 4.2908552e-05 2.562458e-05 3.852397e-06 2.5529316e-06 0.0010795067 1.345865e-06 0.00016848827 2.3727978e-06 0.0005105287 1.1347898e-06 5.49016e-07 1.240584e-05 1.5035165e-07 1.0597588e-06 8.329085e-06 3.7495543e-06 8.6759314e-08 1.2906497e-06 5.2150668e-08 0.0017411275 0.0032838068 4.5928078e-05 5.1604016e-05 9.985917e-08 2.4778632e-07 0.0023459157 0.0012561901
0.11271997 0.6288746 0.88065493 0.9662746 0.6335747 1.194975e-19 0.463242 0.048251957 0.025865825 0.24937342 0.0015194756 0.00079819304 0.026814094 0.93475735 0.0024440736 0.00016467347 0.47881544 0.00023681523 0.033853672 0.00017430996 2.493597e-05 0.29543313 0.17204727 0.14360228 0.10647257 0.005769037 0.05995477 0.04277177 1.1390135e-05 4.7920494e-06 0.32168886 0.026115052 6.1644905e-06 0.0027376802 0.006110517 0.007567467 0.00785671 0.23709503 8.262498e-07 0.00072466733 0.0029083036 1.7574117e-05 0.0018254517 0.0002513261 0.18732287 0.00014371559 5.5249548e-06 0.00021596494 0.00075863814 0.025511555 1.0293683e-05 1.6780003e-06 1.3946856e-06 4.058587e-06 7.319173e-08 2.4286513e-07 0.00030727114 0.025601858 1.1827026e-05 3.0244e-05 3.2864084e-06 1.7331531e-05 6.315449e-05 0.008739428 2.7430283e-06 0.0068412907 0.00027799903 4.0124831e-07 2.1717804e-07 4.1922467e-06 1.1877036e-06 3.1385562e-07 2.7379775e-07 9.23745e-09 0.0017523293 3.7118392e-07 8.167998e-05 1.8626772e-06 0.0009556108 1.4004847e-06 4.7221652e-05 9.261196e-07 0.0020708833 1.1913882e-06 6.1310453e-07 9.265954e-06 3.703521e-08 1.5929064e-07 4.094269e-05 1.4229396e-06 2.5281071e-08 4.4385513e-07 5.1773558e-08 0.001014149 0.0070321085 5.594753e-06 5.466931e-05 6.503193e-08 1.9494391e-07 0.00817135 0.0049420097
0.3695226 0.6944467 0.77821267 0.3494413 0.958016 0.463242 1.812173e-18 0.6361832 0.6067959 0.8005831 0.093289986 0.060072083 0.10477391 0.23971404 0.092739396 0.01527973 0.6504262 0.00865592 0.117982924 0.013490694 0.0033195824 0.020316483 0.03380189 0.017147928 0.006437993 0.051562008 0.00481792 0.28689742 0.0020304348 0.0011885274 0.39949322 0.011608137 0.0004207895 0.031168226 0.003680468 0.001372315 0.0003929237 0.032503683 7.826903e-05 0.0053903908 5.4861353e-05 0.0012586827 0.0007006055 3.405769e-05 0.07287843 0.0023925214 0.00045473705 8.5815145e-06 0.0009629519 0.0011457639 8.238607e-06 0.00028804434 0.00027712816 9.67021e-05 2.6519656e-05 1.1479759e-06 0.002868212 0.025843259 0.00045776827 7.945588e-05 7.0070273e-06 0.0029659423 0.0019106466 0.06597498 1.1961482e-06 0.011196511 0.00513132 3.419743e-06 7.4761974e-06 7.71642e-05 1.8910774e-06 9.2569655e-07 4.3413083e-06 4.250696e-07 0.00016428792 3.4715016e-05 3.4620512e-06 1.5242243e-06 0.001141371 1.6680506e-06 0.00012931104 5.2292567e-06 0.00022530789 5.429521e-07 1.8514065e-06 1.4468585e-05 6.700741e-07 2.2577292e-06 8.992003e-06 2.3410735e-06 1.3350265e-07 2.059192e-06 1.3676545e-07 0.0017072028 0.003924049 3.7639264e-05 5.4013744e-05 1.4401459e-07 2.2590568e-07 0.0019011362 0.0023969326
0.6594985 0.5291934 0.30089277 0.054484047 0.56285095 0.048251957 0.6361832 3.9391855e-18 0.96804017 0.82926846 0.4860484 0.23536202 0.21564272 0.010291598 0.40547106 0.12757045 0.40474597 0.0811013 0.22580367 0.1678287 0.06619849 0.0013311396 0.0069848 0.00060324476 0.0007541491 0.2594392 0.00018802752 0.56070477 0.018318456 0.013276868 0.2923744 0.0053727687 0.002207024 0.18958633 0.0036871254 0.00020094718 1.3281895e-05 0.0028099408 0.0013061322 0.013481159 9.702915e-06 0.010609103 0.00039178005 2.110874e-05 0.034263786 0.020538455 0.00534575 1.0017079e-05 0.0037982785 0.00031889926 9.8054865e-05 0.0022047656 0.0021110915 0.00072444347 0.0002182208 1.8996934e-05 0.008132846 0.0059907767 0.007970205 7.8609926e-05 4.6235444e-05 0.042353112 0.011107073 0.15005513 6.7645474e-06 0.0050321864 0.0049602566 1.1647663e-05 8.264406e-05 0.00039548837 8.630487e-06 1.4008896e-06 5.657807e-05 1.5449472e-06 2.171567e-05 0.00037501604 2.6446412e-07 3.214939e-06 0.00074470293 3.6049828e-06 0.00016863055 6.3493853e-06 0.00012717106 1.1139325e-06 3.003453e-06 3.708287e-05 4.335654e-07 2.6453386e-06 1.0668327e-06 6.2602358e-06 2.891128e-07 1.6922208e-06 1.273109e-07 0.0010589461 0.0019859285 0.00014203365 0.00026988026 1.7409852e-07 7.1939417e-07 0.0009313231 0.0016626684
0.29555202 0.4586221 0.21151224 0.024595235 0.6153495 0.025865825 0.6067959 0.96804017 5.4626346e-19 0.8452326 0.6901421 0.6245201 0.1691685 0.0016382973 0.40476358 0.36018723 0.22580583 0.40194485 0.06081573 0.57900685 0.3238473 0.000117251606 0.00030384833 0.00016701008 0.0003488141 0.5987748 0.0001306702 0.5544763 0.048070315 0.07837594 0.16853617 0.00064819213 0.0073304833 0.33699897 0.00185024 2.2658773e-05 4.9409227e-06 0.0010424935 0.002779684 0.06490218 1.6950167e-06 0.017942183 2.5921072e-05 5.033876e-07 0.0081795 0.02312635 0.004671971 8.152776e-07 0.0006606265 0.00010967213 5.1220988e-05 0.00510104 0.0038008166 0.0016339582 0.00039933997 8.9282485e-06 0.016888443 0.002813644 0.014992612 2.1245529e-05 2.9633582e-05 0.04618078 0.016461847 0.11079797 8.238119e-06 0.0033123896 0.005510818 6.047e-06 0.00012329004 0.0007090395 9.776126e-06 5.5629454e-07 6.205471e-05 2.5009055e-07 1.3735123e-06 0.0009913193 2.2685238e-07 4.01058e-06 0.0010566295 3.6598785e-06 0.00028801354 2.2174374e-06 6.23037e-05 1.64008e-06 1.1087826e-06 7.390503e-05 1.1718983e-07 9.476805e-07 1.1853963e-06 9.134285e-06 2.2466386e-07 4.4015187e-06 1.3459375e-07 0.0014390964 0.0012666996 0.000111213245 0.0003056354 1.6028143e-07 1.3397922e-06 0.00063434814 0.0007637567
0.7884307 0.6228484 0.5279638 0.109767884 0.7069959 0.24937342 0.8005831 0.82926846 0.8452326 3.181508e-17 0.30964398 0.09860829 0.09231219 0.17433581 0.15352674 0.032591924 0.9100611 0.021721017 0.058511708 0.09286512 0.016993651 0.0065039443 0.00584249 0.0056013092 0.008499561 0.30835378 0.001973143 0.64958674 0.004304395 0.0011814474 0.6565636 0.00265748 0.0005261005 0.19495268 0.0025892982 0.00015459613 5.8978396e-05 0.027551426 7.493118e-05 0.01322114 1.6376785e-05 0.0015014424 0.0003060729 1.6583173e-05 0.12635678 0.009447137 0.00046676843 3.2623636e-06 0.0015458617 0.00090017205 5.038359e-06 0.0003403966 0.0002478484 7.468719e-05 2.6404254e-05 2.62845e-06 0.004239699 0.024951616 0.0011446304 3.396412e-05 8.704305e-07 0.018737517 0.0034496558 0.21669474 8.2846304e-07 0.009570171 0.005379573 1.7024446e-06 1.3829239e-05 5.833565e-05 1.4732516e-06 1.1077436e-06 2.77369e-06 2.6135757e-07 0.00023722483 9.435296e-05 2.9386445e-06 1.0261226e-06 0.0018110836 7.683566e-07 8.4779254e-05 1.6378887e-06 0.0002755816 5.985976e-07 3.8326542e-07 6.394175e-06 1.7384669e-07 1.028987e-06 9.805192e-06 1.0597538e-06 5.117848e-08 8.178949e-07 2.3327939e-08 0.0018447596 0.00520351 1.7626284e-05 9.3193354e-05 5.0353616e-08 1.0986709e-07 0.0027587798 0.0040729376
0.30605906 0.21065196 0.015921244 0.0036326302 0.061784267 0.0015194756 0.093289986 0.4860484 0.6901421 0.30964398 2.1769772e-18 0.9736926 0.44828072 0.00015297641 0.7813737 0.8775653 0.04468824 0.7604161 0.28587392 0.45095408 0.5513135 2.4023513e-05 7.021868e-05 7.816773e-05 5.749168e-05 0.41328922 3.808425e-05 0.5750147 0.1677101 0.4039785 0.07236927 0.00019856122 0.033828344 0.3280791 0.0035989939 1.652172e-05 1.1961425e-06 0.0011224863 0.017579265 0.047467537 1.3772019e-06 0.05308196 0.00014020364 3.3735336e-07 0.004181973 0.09879994 0.02398496 5.377797e-07 0.0031476372 0.00023456977 0.0001603884 0.010270577 0.013980096 0.00092329906 0.00018000805 0.00020996259 0.0051251333 0.00053876435 0.017062547 0.00012957977 8.055342e-05 0.04871817 0.005154254 0.03998112 3.3019496e-06 0.0009030095 0.0014595344 1.0798608e-05 7.3522395e-05 0.00023877868 5.243399e-06 2.286644e-06 5.01416e-05 8.8413015e-07 1.5138722e-06 0.00026123814 7.825223e-07 1.4491135e-05 0.00015792817 6.007024e-06 9.6169504e-05 1.0586786e-05 7.472474e-05 4.9903e-06 3.3488852e-06 3.6952428e-05 4.297028e-06 3.1535321e-06 1.0122218e-06 1.1807112e-05 3.795162e-07 2.8117232e-05 2.9451294e-07 0.0015486056 0.0023776444 0.00013658748 0.00082571345 4.6893547e-07 5.134918e-07 0.00055510376 0.00058635726
0.033804912 0.12497317 0.008671343 0.0016081627 0.05881657 0.00079819304 0.060072083 0.23536202 0.6245201 0.09860829 0.9736926 2.783577e-19 0.46983457 3.5804525e-05 0.8210108 0.9342925 0.018302465 0.75746566 0.1543403 0.2765175 0.4512028 6.433291e-06 2.2129723e-05 1.6514947e-05 5.88256e-05 0.2753375 1.378823e-05 0.24600473 0.103769735 0.17857744 0.035002295 0.0001198769 0.013708448 0.13468887 0.0006123286 4.8291413e-06 6.2229526e-07 0.0010214581 0.009086344 0.03475491 4.1641337e-07 0.021947876 1.8829243e-05 1.4141604e-07 0.0011164952 0.033543058 0.008064859 1.653042e-07 0.00076219335 0.00016337873 6.0639988e-05 0.0031144097 0.003890171 0.0004061739 4.1634627e-05 4.6039688e-05 0.001912012 0.00026545502 0.0041145687 5.1482795e-05 8.673086e-06 0.016430296 0.0022322093 0.013306892 1.5869012e-06 0.00021676248 0.00055599626 1.6470567e-06 8.148846e-06 0.00012393866 4.211614e-06 2.0035142e-07 7.2228454e-06 6.898492e-08 4.7942416e-07 0.00010931542 3.5164845e-07 1.4283571e-05 7.355823e-05 2.8097143e-06 0.00013524128 2.588487e-06 3.5894234e-05 4.9819405e-06 3.6682611e-06 2.1194854e-05 4.855698e-07 2.059145e-06 3.0036608e-07 1.28521415e-05 9.4817636e-08 1.43430025e-05 8.774735e-08 0.0005029203 0.00078147085 0.00012398727 0.00033669273 1.3906421e-07 3.9710648e-07 0.0001254915 0.000104596395
0.047624633 0.6353546 0.08354936 0.1299345 0.13127351 0.026814094 0.10477391 0.21564272 0.1691685 0.09231219 0.44828072 0.46983457 4.653464e-17 0.0046374463 0.93874323 0.5662545 0.009686967 0.10934513 0.97607094 0.017171314 0.064221986 0.0035818922 0.053480856 0.002619494 0.0025053092 0.07547613 0.0015833549 0.21226104 0.030104056 0.008738118 0.020286508 0.015693726 0.0027177916 0.03877845 0.029189276 0.0061326013 8.1287246e-05 0.002821653 0.0024911463 0.0034133522 0.00023716284 0.017844465 0.0044762916 8.761963e-05 0.0053987405 0.0103492 0.0022697693 4.4866723e-05 0.011901125 0.0030300685 0.00038855604 0.0010521568 0.0007115095 0.0014055755 5.9617978e-05 0.00014650749 0.00039590916 0.0002393781 0.00045272926 0.0002378074 5.8319798e-05 0.0032249023 0.00037136875 0.0071903276 2.6393576e-05 0.00014593423 0.0004236043 4.200337e-05 1.2363816e-05 4.1894877e-05 1.980067e-05 5.162494e-05 4.625809e-06 1.3369428e-05 2.447793e-05 0.0005257747 3.4189557e-05 0.00015545289 0.0007970938 2.4875259e-05 0.0003312257 1.2825254e-05 0.0008651336 4.6247485e-05 8.103166e-05 1.7954539e-05 1.784995e-05 3.564513e-06 2.5670563e-05 6.3102474e-05 4.272185e-06 3.5328718e-05 1.5196046e-06 0.003010258 0.00873063 0.00048042013 0.0058137053 2.3729244e-06 2.6135287e-05 0.0010137861 0.0016559202
0.47832766 0.20459618 0.59207124 0.39821613 0.2877648 0.93475735 0.23971404 0.010291598 0.0016382973 0.17433581 0.00015297641 3.5804525e-05 0.0046374463 5.87676e-19 0.0001950958 4.2019738e-06 0.6415932 1.3252742e-05 0.01090467 7.737573e-06 1.4655947e-06 0.86005557 0.32565066 0.8375552 0.6407729 0.00096386974 0.46420246 0.014631349 2.9144996e-06 1.7686818e-07 0.51199496 0.026060075 4.2606723e-07 0.0009346665 0.002866906 0.015495164 0.11450686 0.7521074 4.9092883e-08 0.0001462823 0.010258692 4.7751064e-06 0.0003785574 0.0005774299 0.4205143 3.7017483e-06 2.7267272e-06 0.0003401524 6.627856e-05 0.20327766 1.4547234e-06 1.08553564e-07 2.9123878e-08 3.9414883e-07 1.5191597e-08 3.6028755e-08 6.301413e-05 0.10086348 1.0001552e-06 2.883073e-06 2.5177314e-07 5.043518e-06 3.97237e-06 0.018590372 1.3926143e-07 0.02041644 0.0002595309 1.5326852e-07 7.532807e-08 1.652614e-06 1.5808043e-07 2.5022116e-08 1.19061184e-07 4.505023e-09 0.004569402 3.3902353e-08 4.894818e-05 2.802244e-07 0.0010810448 1.5699868e-07 5.6759895e-06 1.8966773e-07 0.004877014 1.7420251e-07 3.881738e-08 5.60347e-07 9.739846e-09 1.3374764e-08 4.31561e-05 3.3941188e-07 1.8682313e-08 4.8752014e-08 1.06185185e-08 0.0012721347 0.01394763 4.136023e-06 2.1274278e-05 1.8091225e-08 6.299541e-08 0.01579519 0.007535198
0.03922728 0.3482885 0.015137337 0.0071193543 0.08715231 0.0024440736 0.092739396 0.40547106 0.40476358 0.15352674 0.7813737 0.8210108 0.93874323 0.0001950958 2.1847652e-17 0.9400252 0.013896559 0.6166697 0.912046 0.15346871 0.43121308 5.163114e-05 0.00024159954 8.209873e-05 0.00014741077 0.23269776 6.502335e-05 0.31112906 0.25237033 0.26935545 0.01583065 0.001041755 0.02085933 0.11792106 0.0137163345 5.922159e-05 1.7591162e-06 0.00063205615 0.016099535 0.024506152 8.903752e-06 0.2805181 0.0016467413 6.0007403e-07 0.00043246493 0.056917533 0.044443212 1.8054582e-06 0.015275862 0.0001336602 0.0005187372 0.005754092 0.0091688605 0.00055661536 6.177099e-05 0.0010506313 0.0007198324 2.4378567e-05 0.0045831297 0.0007532101 2.7606866e-05 0.008240473 0.00030456783 0.004906348 3.7669483e-06 2.8693352e-05 0.00083946355 1.96318e-05 1.0282458e-05 0.0001372504 4.004047e-05 8.511687e-06 3.655483e-06 1.0116476e-06 1.648082e-07 0.00017501088 4.238467e-07 5.446381e-05 0.00010043982 3.0769912e-05 0.0006130312 1.963712e-05 3.0294921e-05 1.7477127e-05 4.1641575e-05 9.530815e-05 6.7045676e-06 6.3021735e-06 2.689472e-07 5.8722744e-05 4.3907542e-07 4.4033175e-05 1.827229e-07 0.0011790607 0.0020751636 0.000890653 0.0010708986 2.569976e-07 1.4819517e-06 0.00065463275 9.50365e-05
0.055083208 0.017597532 0.0015057019 0.00011672679 0.015468337 0.00016467347 0.01527973 0.12757045 0.36018723 0.032591924 0.8775653 0.9342925 0.5662545 4.2019738e-06 0.9400252 2.1862493e-17 0.0034757406 0.93486345 0.25536087 0.21377517 0.55832505 3.4274126e-06 7.5412245e-06 4.248656e-06 1.780848e-05 0.2588623 1.6700052e-06 0.15576936 0.6130861 0.538208 0.0054085683 1.495504e-05 0.13416411 0.09358077 0.001276584 1.00083225e-05 1.3168036e-06 0.00018357817 0.10198649 0.053454954 3.7256618e-06 0.29707557 0.00014680946 1.6796629e-07 0.00029653893 0.073524415 0.072869346 1.8375734e-06 0.0019961467 3.3442015e-05 0.0003314295 0.011755817 0.021593574 0.0018278628 0.00024755052 0.0010134244 0.0021091998 6.901437e-05 0.014002934 0.00032438213 0.00016810419 0.022540998 0.0013670151 0.004394416 2.1745202e-05 0.00012270882 0.0005954202 1.1582631e-05 2.4968474e-05 0.00045597207 9.7663375e-05 5.7086913e-06 5.351618e-05 5.754056e-07 1.5467259e-07 0.00031878462 7.00556e-07 5.6132154e-05 0.00019745917 6.79986e-05 0.00037953924 1.5747315e-05 1.3806218e-05 1.5505555e-05 8.847438e-06 0.00023821915 3.0219303e-06 3.1384889e-06 2.0625932e-07 4.798555e-05 9.907162e-07 5.0090075e-05 6.5106116e-07 0.00051065965 0.00057365256 0.0009409363 0.0010170277 2.3669531e-06 4.9849777e-06 0.00031154553 0.00010281375
0.8021197 0.27007893 0.52417284 0.07772682 0.54290205 0.47881544 0.6504262 0.40474597 0.22580583 0.9100611 0.04468824 0.018302465 0.009686967 0.6415932 0.013896559 0.0034757406 1.6934286e-17 0.0015565716 0.005014466 0.012131029 0.0004354772 0.04002154 0.007459828 0.05745413 0.15812522 0.084764585 0.037170757 0.5640058 0.0004673767 2.3428032e-05 0.90209496 0.0010035137 3.3376764e-05 0.113140695 0.00043033442 0.00022323817 0.0017384015 0.16357985 1.4681183e-06 0.0024816212 0.00012493884 9.048231e-05 4.3110107e-05 1.6235663e-05 0.1887334 0.00068806537 4.8342263e-05 4.0241503e-06 2.1518073e-05 0.007167437 1.732344e-06 2.9407345e-05 2.98798e-06 4.489949e-06 2.3583325e-06 4.806996e-07 0.0010173758 0.031693906 0.00016743828 3.0794408e-06 1.3076101e-07 0.0032549538 0.0012838165 0.2539138 1.05336e-07 0.020481395 0.006215622 3.9845165e-07 5.0958006e-06 1.7108618e-05 7.183205e-07 2.8802987e-07 6.608902e-07 2.1350157e-08 0.0010277347 3.8720565e-05 1.4026042e-05 5.234807e-07 0.007211197 9.398331e-07 0.000121468125 9.790564e-07 0.0024717022 1.3514425e-07 5.733828e-08 2.586905e-06 3.376297e-08 2.0043777e-07 6.1214814e-05 1.6549956e-06 2.8852346e-08 5.1733116e-07 1.0129866e-08 0.0014372654 0.004472641 5.644535e-06 1.686343e-05 2.88785e-08 2.3649527e-07 0.006382353 0.005870422
0.10144163 0.013087581 0.0017801238 0.0005068275 0.011331927 0.00023681523 0.00865592 0.0811013 0.40194485 0.021721017 0.7604161 0.75746566 0.10934513 1.3252742e-05 0.6166697 0.93486345 0.0015565716 2.202621e-19 0.042819086 0.5635332 0.89862823 4.429627e-06 7.5640432e-06 7.937428e-06 1.761484e-05 0.28459963 2.845229e-06 0.13437885 0.7720879 0.84082544 0.006269344 1.3844176e-05 0.40274075 0.09590791 0.00016036056 3.0035133e-06 2.373557e-07 7.363158e-05 0.4119106 0.14077497 1.3971911e-06 0.16904192 2.9966797e-05 2.5914877e-08 0.00022675752 0.13473386 0.064904876 8.934922e-07 2.8936245e-05 3.7954447e-05 0.00013890947 0.025198678 0.058562156 0.02930611 0.004630698 0.0002561294 0.006899976 0.0001699546 0.029921602 0.00044112027 0.0013639459 0.041748635 0.0066904966 0.012091954 0.00022280555 0.00017478553 0.0006588912 5.4661232e-05 0.00037765485 0.0008315803 8.448804e-05 1.1630602e-05 0.00022085714 1.0752841e-06 1.1007958e-07 0.000872294 1.5664715e-06 7.634606e-05 7.064851e-05 5.843972e-05 0.00016954065 1.3436599e-05 6.201468e-06 4.8320275e-05 1.1766477e-05 4.7117912e-05 4.97508e-06 5.433595e-06 9.297696e-06 5.274033e-05 1.9156512e-06 4.0585153e-05 2.3796597e-06 0.00019247782 0.00021304296 0.00017661981 0.00071299495 1.5857863e-06 6.291196e-06 7.197833e-05 0.00015506361
0.060638867 0.6626485 0.07937579 0.1842584 0.09089825 0.033853672 0.117982924 0.22580367 0.06081573 0.058511708 0.28587392 0.1543403 0.97607094 0.01090467 0.912046 0.25536087 0.005014466 0.042819086 4.9057276e-17 0.0056389696 0.01970271 0.029834587 0.23604332 0.013508499 0.0012856942 0.034065958 0.002224966 0.14623708 0.023118084 0.0036190597 0.005919847 0.21224406 0.0030530489 0.011540512 0.5105526 0.045714106 0.00025608565 0.0040142518 0.0022120473 0.00050237833 0.0014247749 0.09278655 0.09515466 0.0019327108 0.008974801 0.0019219087 0.004309509 0.00015701914 0.46615574 0.002073323 0.0023191168 0.0003408715 0.00011879506 0.0010704559 7.340427e-05 0.000409456 5.3053605e-05 5.6527966e-05 0.00026244248 0.0006763722 1.3703545e-05 5.90095e-05 5.414223e-06 0.0014578762 4.9720397e-06 1.782685e-05 5.4582313e-05 2.415895e-05 3.526854e-06 2.4532276e-06 4.344514e-06 2.3000566e-05 1.5767669e-06 2.621793e-06 2.0554124e-05 2.706872e-05 8.468022e-06 2.3187198e-05 0.00023909016 7.919281e-06 0.0001593322 1.997057e-05 0.00015493752 1.3750451e-05 3.3671444e-05 1.0238768e-05 3.7685993e-05 6.3949133e-06 5.6874496e-06 2.643577e-05 7.107729e-07 3.846611e-06 2.0692741e-07 0.0011145123 0.0073744156 0.0007282318 0.0010911757 4.87006e-07 2.7556478e-06 0.0010618435 0.00023298594
0.725484 0.009792148 0.0017346521 0.00032225024 0.008753841 0.00017430996 0.013490694 0.1678287 0.57900685 0.09286512 0.45095408 0.2765175 0.017171314 7.737573e-06 0.15346871 0.21377517 0.012131029 0.5635332 0.0056389696 5.1049187e-20 0.9801813 6.9411763e-06 1.854705e-05 1.4966883e-05 1.7825148e-05 0.7260166 7.5132502e-06 0.5200714 0.1470795 0.6390136 0.055604078 2.4438463e-05 0.06691154 0.4762079 5.4384815e-05 3.0649996e-06 2.1233495e-07 0.00010428453 0.09661976 0.5490024 4.71021e-07 0.014125586 1.6366075e-05 2.779806e-07 0.0012967231 0.29847807 0.025157282 5.211291e-07 3.487915e-05 2.8679042e-05 2.4952977e-05 0.04108172 0.07107146 0.004818745 0.0006941232 3.156001e-05 0.04755945 0.00074191316 0.10193302 0.00011186156 0.00022235088 0.26850283 0.05043279 0.18603055 2.1746177e-05 0.0016567707 0.0057139755 1.781101e-05 0.00042999518 0.0015674032 2.0815438e-05 1.1960226e-06 0.00032723133 9.739028e-07 4.5341685e-07 0.007323545 1.6946424e-07 2.125477e-05 0.00058903213 1.0299791e-05 0.00065379485 8.244588e-06 4.232421e-05 3.447498e-06 3.6613303e-06 0.00012542533 1.1323165e-06 1.2075134e-06 3.979711e-06 2.6531116e-05 5.2663484e-07 1.8151288e-05 1.5044229e-07 0.00075206126 0.0012164956 0.00013936606 0.0010107219 2.9056255e-07 1.2498879e-06 0.00073629926 0.0007166899
0.46100897 0.006277014 0.0007186807 6.392526e-05 0.0021923052 2.493597e-05 0.0033195824 0.06619849 0.3238473 0.016993651 0.5513135 0.4512028 0.064221986 1.4655947e-06 0.43121308 0.55832505 0.0004354772 0.89862823 0.01970271 0.9801813 2.6526346e-19 2.8616694e-07 4.0754862e-06 7.558717e-07 1.5907044e-06 0.4067857 2.5791687e-07 0.21560563 0.57445514 0.6705018 0.0030868226 1.2110637e-05 0.19730167 0.1717105 0.00016073431 2.0964552e-07 9.902741e-09 2.265269e-06 0.14976637 0.31074122 2.0583574e-08 0.079151146 4.320582e-06 2.3771621e-08 0.0004017967 0.29689875 0.07833634 1.962785e-07 0.00011554173 2.09906e-07 0.00012378581 0.029820565 0.028844342 0.0075501846 0.0007396172 0.0003502902 0.012988296 1.6218763e-05 0.06742897 7.388044e-05 0.00016998376 0.12722658 0.013242598 0.03305189 9.914781e-05 4.022786e-05 0.0010097171 7.71279e-06 0.0001809395 0.0003987142 3.573585e-05 2.453632e-06 0.00014025459 1.1644903e-06 5.5823186e-08 0.0022850528 3.7999914e-08 5.0968797e-06 2.8149509e-05 4.535313e-06 0.00030869036 2.0615794e-06 6.442614e-07 2.279444e-06 5.182605e-07 7.956812e-05 1.1450368e-06 2.8457976e-07 1.0100835e-07 2.8593948e-05 1.3812749e-07 1.0122619e-05 6.438164e-08 0.00033192328 0.00049528683 0.00019408534 0.00075468514 3.3795487e-07 6.5684617e-07 0.00013427778 8.0776896e-05
0.09036007 0.016019914 0.1056395 0.2196511 0.021233302 0.29543313 0.020316483 0.0013311396 0.000117251606 0.0065039443 2.4023513e-05 6.433291e-06 0.0035818922 0.86005557 5.163114e-05 3.4274126e-06 0.04002154 4.429627e-06 0.029834587 6.9411763e-06 2.8616694e-07 1.8716152e-20 0.9008936 0.95270956 0.31373775 0.00034813202 0.43198794 0.0030617102 7.0285e-07 1.7817226e-07 0.057299744 0.26021302 1.7546819e-07 0.0003324989 0.01895581 0.4165493 0.7452539 0.4341664 5.745422e-08 3.3937537e-05 0.32491812 2.7907884e-06 0.008178911 0.042429842 0.22889915 7.3823173e-07 6.177918e-07 0.020336399 0.0013550724 0.35417864 3.3773304e-06 2.7790358e-08 4.494237e-08 2.7420174e-07 7.667e-09 4.1512744e-09 2.4997185e-05 0.026899436 1.360102e-06 2.0690227e-06 7.1554257e-07 3.2498153e-06 2.6446398e-06 0.0014981513 8.41245e-08 0.0020286357 0.000105430336 1.978149e-07 3.1923545e-08 2.9207574e-06 1.024535e-07 1.2419043e-08 2.1355616e-08 6.3975816e-09 0.0068828887 7.686802e-08 0.00012497793 1.7972611e-07 0.0010694147 4.146756e-07 1.0607058e-05 1.3843383e-07 0.0037066112 7.848673e-08 2.3717638e-08 3.710657e-07 9.540936e-09 5.410793e-09 5.229453e-05 3.1281797e-06 1.177964e-08 2.8819855e-07 3.1187233e-09 0.0004744148 0.00460443 2.1779364e-05 2.3804428e-06 2.8574684e-08 3.422193e-08 0.02137564 0.009155755
0.04924847 0.16597448 0.10035889 0.5337511 0.03287235 0.17204727 0.03380189 0.0069848 0.00030384833 0.00584249 7.021868e-05 2.2129723e-05 0.053480856 0.32565066 0.00024159954 7.5412245e-06 0.007459828 7.5640432e-06 0.23604332 1.854705e-05 4.0754862e-06 0.9008936 2.0653304e-19 0.5201671 0.025890067 0.00039278172 0.026565436 0.006165547 9.3483e-07 2.5511183e-06 0.024448214 0.8109928 4.1003878e-07 0.0005952044 0.21711798 0.94907916 0.20427288 0.15622959 4.0903038e-07 2.0040858e-05 0.16109417 3.037698e-06 0.097977765 0.1608919 0.1419689 3.4083769e-06 5.898812e-07 0.037635695 0.00811808 0.07591911 8.0432445e-05 2.1148414e-07 2.6765963e-07 1.1513335e-05 6.646674e-07 2.6084775e-08 2.1610183e-05 0.0076770405 2.5208174e-06 9.465348e-06 2.9570244e-06 2.5572106e-06 5.1558163e-07 0.00057247834 1.518487e-07 0.000115410556 3.2189535e-05 1.4289338e-06 7.3502196e-07 9.598579e-07 2.022618e-07 6.085332e-08 1.1005544e-07 2.2911767e-07 0.0019232838 4.659548e-06 3.4559664e-05 2.8237632e-06 0.001478217 2.3221598e-06 7.490913e-06 1.0840289e-06 0.005024739 1.1051343e-06 7.786302e-08 3.0684384e-06 4.2139945e-07 3.1890924e-08 1.4680127e-05 3.7908596e-06 3.1342292e-08 5.949143e-07 2.3271531e-09 0.00041270183 0.027971335 8.7906876e-05 0.00011311691 7.449266e-08 9.9827176e-08 0.009301936 0.011741257
0.4313228 0.007737802 0.039821923 0.03416168 0.008967802 0.14360228 0.017147928 0.00060324476 0.00016701008 0.0056013092 7.816773e-05 1.6514947e-05 0.002619494 0.8375552 8.209873e-05 4.248656e-06 0.05745413 7.937428e-06 0.013508499 1.4966883e-05 7.558717e-07 0.95270956 0.5201671 4.295857e-19 0.75849724 0.0004396466 0.9084973 0.0034467354 4.101583e-06 1.8967163e-06 0.08940812 0.094420664 4.8048145e-07 0.00056492933 0.0071170535 0.10959453 0.7224023 0.52817696 3.6587682e-08 7.136413e-05 0.12186035 9.289693e-06 0.0026960128 0.007299913 0.3308097 6.91769e-06 3.2944402e-07 0.011548307 0.0005657087 0.38880688 6.625654e-06 1.0096053e-06 5.6629645e-08 2.2776817e-06 2.0149754e-08 1.2223174e-07 4.2746036e-05 0.09780741 1.0330123e-06 1.9046265e-06 4.163562e-07 5.2038245e-06 5.140737e-06 0.010573452 3.355927e-07 0.0075906436 0.00046289232 2.2727701e-07 5.170507e-08 4.0661225e-06 3.8186226e-07 3.0303568e-08 3.9908826e-07 4.866012e-09 0.011894238 9.283161e-07 0.00016266498 2.9394894e-07 0.0021700643 4.6277836e-07 3.5111567e-05 6.893424e-07 0.017854692 4.5253086e-07 4.2688608e-08 5.1686343e-06 6.692742e-08 8.764211e-09 0.00036089454 5.9381074e-07 1.5347089e-08 7.810532e-08 3.567187e-09 0.0010532773 0.010566441 1.9174873e-05 3.97785e-07 3.8071228e-08 2.7342137e-08 0.030715514 0.021566005
0.35975218 0.0018270664 0.030240444 0.008266752 0.010543738 0.10647257 0.006437993 0.0007541491 0.0003488141 0.008499561 5.749168e-05 5.88256e-05 0.0025053092 0.6407729 0.00014741077 1.780848e-05 0.15812522 1.761484e-05 0.0012856942 1.7825148e-05 1.5907044e-06 0.31373775 0.025890067 0.75849724 2.7738584e-18 0.00090378046 0.9619853 0.0040698643 1.44218975e-05 3.610582e-07 0.2978571 0.0046219733 1.2633035e-06 0.0007356777 0.00033572267 0.0027880776 0.22139339 0.91135454 6.032289e-08 0.0003515583 0.028500773 9.9834515e-06 7.064723e-05 0.000653257 0.34732696 9.933241e-06 8.271482e-06 0.0009129849 2.4894576e-05 0.53163064 5.5691426e-06 1.8569183e-06 1.5765916e-07 1.16387355e-05 1.173318e-06 1.2644949e-07 0.00064976205 0.19940381 1.1509652e-06 1.8250228e-05 2.5543864e-07 4.0578496e-05 2.0976455e-05 0.023128193 4.5522188e-07 0.05925461 0.0012737183 1.4849189e-07 3.5705057e-07 5.4035813e-06 5.130199e-07 3.556041e-08 1.1726827e-06 2.4118123e-08 0.035504185 6.5764596e-07 0.00015077346 3.6459414e-07 0.0062571443 3.2264586e-07 2.780352e-05 2.2575105e-07 0.025224676 2.8855032e-07 6.8416874e-08 9.598926e-07 5.599509e-08 6.042538e-08 0.00022111087 1.8340324e-07 3.949595e-08 2.7828337e-08 4.9157723e-08 0.0011082173 0.010773597 6.834954e-07 3.195335e-07 1.2094137e-08 5.0043308e-08 0.032641225 0.01750109
0.79795945 0.11896942 0.030391827 0.0037470611 0.042879432 0.005769037 0.051562008 0.2594392 0.5987748 0.30835378 0.41328922 0.2753375 0.07547613 0.00096386974 0.23269776 0.2588623 0.084764585 0.28459963 0.034065958 0.7260166 0.4067857 0.00034813202 0.00039278172 0.0004396466 0.00090378046 8.257553e-18 0.00021687805 0.8079876 0.098011896 0.28561532 0.1449774 0.0003185011 0.042901926 0.97000647 0.0006421777 6.0527032e-05 1.9089299e-05 0.00022038374 0.028946398 0.58041495 9.679874e-06 0.039922778 4.4401604e-05 5.6779113e-06 0.0015089485 0.19535531 0.012117703 1.6100125e-06 9.867108e-05 4.8087528e-05 2.9201407e-05 0.020024028 0.0092025 0.008631739 0.0023032264 3.2624743e-05 0.027704539 0.0036577396 0.029796062 0.0002697066 0.0010448145 0.15198578 0.052948724 0.26644656 0.0003789562 0.009317847 0.024507126 0.00014850586 0.0010867855 0.002484451 0.00014730719 4.802057e-05 0.0006638218 1.9916686e-05 1.590502e-05 0.010062585 5.90113e-07 1.7451297e-05 0.0043842923 5.8321137e-05 0.0034194207 2.918072e-05 0.00023302459 1.4196681e-05 1.00382995e-05 0.0011443464 3.2211567e-06 1.0881994e-05 2.240373e-06 0.00035887354 5.2491873e-06 3.0488764e-05 1.1351113e-06 0.0019074713 0.003065514 0.00056912535 0.00026088062 3.1590737e-06 3.3098756e-06 0.0019342615 0.00078992965
0.21747369 0.0007265915 0.02360163 0.0072307647 0.0044342494 0.05995477 0.00481792 0.00018802752 0.0001306702 0.001973143 3.808425e-05 1.378823e-05 0.0015833549 0.46420246 6.502335e-05 1.6700052e-06 0.037170757 2.845229e-06 0.002224966 7.5132502e-06 2.5791687e-07 0.43198794 0.026565436 0.9084973 0.9619853 0.00021687805 4.403217e-20 0.0007875895 2.977485e-07 6.293332e-08 0.06540823 0.0060058273 1.6044692e-07 0.0003137552 0.0004240406 0.009254099 0.5977742 0.67670125 3.2461852e-08 5.296433e-05 0.078788124 8.015238e-06 0.00016898503 0.003246179 0.18188867 2.670509e-06 3.3547253e-06 0.0044763684 0.00020086809 0.737524 1.7996195e-05 5.072348e-08 7.150548e-09 3.0673166e-07 3.5334236e-09 1.7997961e-07 5.8233927e-05 0.10296153 3.1440206e-07 2.8042102e-06 3.38644e-09 2.112208e-06 8.7537364e-07 0.005078041 8.8932026e-08 0.013205181 0.00014736972 2.628729e-09 5.058565e-10 2.3238977e-07 3.7342986e-08 7.56547e-10 6.2105134e-09 2.6742525e-10 0.070469655 4.3218925e-08 0.0002437656 1.815365e-08 0.0020441671 3.4166035e-08 4.259053e-06 6.3680834e-09 0.02336318 2.0010727e-08 5.399576e-09 1.3726473e-07 4.3485465e-10 1.3344493e-08 0.0007080124 4.3282856e-08 9.398263e-10 5.058404e-09 9.54417e-10 0.00047726464 0.004931661 7.436319e-08 1.671522e-08 1.1283984e-09 2.3425124e-09 0.025319567 0.030344358
0.9635912 0.50657195 0.15151012 0.024681132 0.17626657 0.04277177 0.28689742 0.56070477 0.5544763 0.64958674 0.5750147 0.24600473 0.21226104 0.014631349 0.31112906 0.15576936 0.5640058 0.13437885 0.14623708 0.5200714 0.21560563 0.0030617102 0.006165547 0.0034467354 0.0040698643 0.8079876 0.0007875895 3.8996843e-18 0.023084294 0.043008182 0.8920435 0.0016759069 0.004098838 0.8597857 0.0013535431 0.00022152287 0.00011699448 0.0065724817 0.003752817 0.11484116 4.1582563e-05 0.005353921 0.00013482443 8.019317e-05 0.05432747 0.06925283 0.0026064015 2.0172378e-05 0.00020388677 0.0005994254 1.9361993e-05 0.0020855 0.00070312124 0.0008391258 0.001344849 2.030151e-05 0.026543587 0.14540133 0.031392496 0.00013091731 6.715468e-05 0.17656665 0.062732145 0.5773959 1.6775932e-05 0.077248275 0.07448813 1.1763785e-05 0.00021200809 0.0012620634 1.3967895e-05 8.017753e-06 0.0001935984 2.4793064e-06 0.00018096763 0.0026594016 4.8968186e-06 2.5517973e-06 0.018684905 4.1581593e-06 0.002149699 2.0711974e-05 0.0005610738 1.8646464e-06 3.179069e-06 0.00025180017 1.3541576e-06 1.5452324e-05 3.1197855e-05 1.0152425e-05 1.3224468e-06 3.629167e-06 4.700544e-07 0.0036154168 0.0100998 5.1063893e-05 4.081733e-06 3.1173644e-07 4.8133086e-07 0.0024320576 0.002503925
0.025802348 0.0007611514 7.03457e-05 8.691377e-06 0.0009316065 1.1390135e-05 0.0020304348 0.018318456 0.048070315 0.004304395 0.1677101 0.103769735 0.030104056 2.9144996e-06 0.25237033 0.6130861 0.0004673767 0.7720879 0.023118084 0.1470795 0.57445514 7.0285e-07 9.3483e-07 4.101583e-06 1.44218975e-05 0.098011896 2.977485e-07 0.023084294 2.7619152e-19 0.82309616 0.001205566 2.1813778e-06 0.988362 0.037304047 1.7414639e-05 9.1834397e-07 4.369092e-07 3.2043008e-05 0.81574935 0.20141731 9.179476e-08 0.5755592 4.242696e-06 4.3991197e-09 1.0491103e-05 0.25979713 0.44161624 6.4453026e-08 6.0549322e-05 2.416584e-05 5.961377e-05 0.1427329 0.25106362 0.03676958 0.010708781 0.0018111053 0.009845077 5.764469e-05 0.13569677 0.0009199801 0.0030708278 0.051068608 0.0032309343 0.0010413304 0.00035879447 1.0031544e-05 0.0002661755 2.2619715e-05 7.648328e-05 0.0009780901 0.00016938064 9.056073e-06 4.3601347e-05 9.993105e-07 3.0270296e-08 0.0015816042 2.2942815e-07 0.00031568305 0.0002036359 2.8783632e-05 0.00091314554 1.1632944e-05 2.9027788e-05 3.620606e-05 3.0698455e-05 0.00018196255 4.2012e-06 8.126589e-06 3.5943356e-07 2.8423423e-05 5.623004e-07 0.00014766783 4.2350007e-07 0.0007934189 0.0007352376 0.0012456569 0.0015170836 7.1810547e-07 1.6475578e-06 0.00022803311 6.791881e-05
0.8088745 0.0014203683 0.00010833529 2.1482316e-05 0.00067082513 4.7920494e-06 0.0011885274 0.013276868 0.07837594 0.0011814474 0.4039785 0.17857744 0.008738118 1.7686818e-07 0.26935545 0.538208 2.3428032e-05 0.84082544 0.0036190597 0.6390136 0.6705018 1.7817226e-07 2.5511183e-06 1.8967163e-06 3.610582e-07 0.28561532 6.293332e-08 0.043008182 0.82309616 9.833581e-18 0.0004408936 2.889663e-06 0.7079898 0.15956461 1.320688e-05 5.3627144e-07 1.2244754e-08 6.0836055e-07 0.943195 0.66711664 2.4382564e-07 0.28788164 2.4442948e-06 8.990755e-09 9.324651e-05 0.533918 0.33391097 1.5417658e-07 9.5793665e-05 1.2668717e-07 5.7899124e-05 0.632132 0.6795763 0.59347177 0.19024773 0.0023724632 0.1487083 4.6372777e-05 0.4521865 0.01161411 0.04525893 0.3245703 0.068044774 0.024540473 0.011815759 2.276397e-05 0.00069399783 0.0021596919 0.012975674 0.008519688 0.0062091164 0.0002871165 0.005021139 0.00011039766 4.7611234e-08 0.060726747 5.254646e-08 0.00057183666 3.059362e-05 0.0004523622 0.0018747014 3.0781182e-05 3.0145026e-07 0.00019569471 8.2806455e-06 0.0024257707 3.9032704e-05 5.9353074e-06 2.6561204e-06 0.0008378208 1.3828712e-05 0.00023336888 2.8406744e-06 0.000860748 0.0003825222 0.0042367987 0.008601207 8.669754e-06 0.00015509158 0.00010995752 8.8796725e-05
0.9135634 0.23508267 0.394338 0.046794813 0.32454798 0.32168886 0.39949322 0.2923744 0.16853617 0.6565636 0.07236927 0.035002295 0.020286508 0.51199496 0.01583065 0.0054085683 0.90209496 0.006269344 0.005919847 0.055604078 0.0030868226 0.057299744 0.024448214 0.08940812 0.2978571 0.1449774 0.06540823 0.8920435 0.001205566 0.0004408936 3.018116e-16 0.004696758 8.35995e-05 0.42145157 0.0017014538 0.0012900396 0.011261668 0.5117819 1.8674735e-05 0.018586539 0.002009638 0.00011409373 0.0001369851 0.00022559901 0.5447027 0.0060826405 9.5582225e-05 5.7680052e-05 1.9826291e-05 0.09528211 1.6382472e-05 0.00031598454 5.29307e-05 3.1631513e-05 1.0329508e-05 1.1317572e-06 0.013232127 0.31925005 0.00076430925 2.425723e-05 9.175403e-07 0.015965285 0.018970635 0.5307798 5.1152597e-07 0.21523432 0.12186045 4.0777118e-07 9.816485e-06 0.00012994323 1.3858197e-06 2.3608246e-07 5.652319e-06 3.5154972e-08 0.0034578887 0.00026723894 0.000120149765 5.247293e-07 0.09252157 3.0492487e-07 0.0011511475 7.665195e-07 0.009395909 1.3761208e-07 6.331233e-08 6.3014277e-06 1.6581344e-08 4.581932e-07 0.00014043208 2.9190406e-07 1.6871914e-08 4.5699136e-07 4.5212234e-09 0.009567635 0.025491426 7.421279e-06 7.483219e-07 3.3126607e-08 3.2252984e-07 0.017883442 0.015635509
