1.0665503e-24 0.9455556 0.9692262 0.9985241 0.95981073 0.9322343 0.93941075 0.9672898 0.81548685 0.9502265 0.90400285 0.6307303 0.9231221 0.8439819 0.6046715 0.9615535 0.43412948 0.7442769 0.665547 0.87711054 0.911351 0.25138175 0.71595675 0.979384 0.976638 0.8261996 0.85382867 0.45910844 0.7494721 0.13045447 0.99324346 0.37229326 0.48532167 0.983677 0.12012603 0.34276345 0.2001835 0.31207368 0.27345628 0.071188614 0.06301214 0.049243167 0.8819716 0.99553424 0.027694756 0.04239897 0.058441162 0.95043325 0.029382544 0.04621504 0.039480332 0.39785552 0.45812437 0.06992945 0.9356717 0.008839326 0.21317688 0.9611309 0.0064590406 0.8966165 0.11175908 0.013208191 0.9943078 0.40407473 0.03104518 0.120547086 0.010932732 0.012242275 0.038859416 0.005609555 0.9312467 0.11638605 0.0014163158 0.004957204 0.7171124 0.060750958 0.91445297 0.9577592 0.9585841 0.0022566929 0.99922144 0.15434222 6.862242e-05 0.9881538 0.99648947 0.30054936 0.99720126 0.9981461 1.4221183e-05 0.55742884 0.9941005 0.13282548 0.99944985 0.99839574 6.141547e-06 1.5892405e-05 0.99939626 0.010660722 1.11499585e-05 0.011385243 0.0010379198
0.9455556 2.5981446e-19 0.86054194 0.5293204 0.10975388 0.16111197 0.84121215 0.2652287 0.021928797 0.17856683 0.03868915 0.023773454 0.0004032812 0.001304206 0.0050806277 0.86745644 0.0010823802 0.08149681 0.012388585 0.0011665046 0.32722497 0.031654064 0.00023450624 0.00042010023 0.015314778 4.1435425e-05 1.0619528e-05 0.0017418276 7.990833e-07 0.0029504711 0.6172326 0.0008408882 0.00010522361 0.43148595 0.0017103781 0.0018840554 0.0005695421 0.0014599046 1.1207218e-05 0.0008645035 0.0009944773 0.0006079729 1.6503627e-05 4.6697523e-06 0.00010340098 4.404443e-05 2.7354932e-05 0.8127626 0.000116507916 2.1590591e-05 9.298765e-05 8.799386e-09 1.1174059e-07 0.00017156042 0.28218794 6.404251e-06 2.6986015e-06 1.6987922e-06 8.511217e-06 0.0062986193 0.00039709386 1.50445585e-05 0.24678779 4.8462205e-08 3.232871e-07 6.933571e-07 0.0001725648 5.235818e-06 0.27712056 9.872328e-06 1.0267039e-06 9.593018e-08 3.918409e-07 1.9734225e-06 1.3931628e-07 5.5247455e-09 5.4299977e-07 0.0077135693 2.095527e-06 1.13505885e-05 0.12005262 1.1063654e-07 1.3396231e-05 0.01775029 0.13916387 3.5856615e-08 0.009369731 0.106433906 3.49057e-05 7.904295e-10 4.4483444e-09 5.4508464e-10 7.706804e-06 0.14613797 1.2867318e-06 1.1886923e-05 0.0018701248 1.1897383e-10 1.0364893e-07 2.8269503e-10 4.1784065e-07
0.9692262 0.86054194 7.551157e-17 0.26251608 0.40240857 0.46755812 0.91956824 0.52964103 0.20825064 0.026281318 0.6640192 0.5738085 0.08928102 0.29069963 0.4230357 0.21318927 0.11180222 0.0006162878 0.08352012 0.008054175 0.0046292255 0.0031975883 0.019451061 0.030944074 0.046266094 0.00046357594 0.00012246401 0.16030861 0.0013980815 0.00040112398 0.105444774 0.11903634 0.1607196 0.19691183 0.042381093 0.0007793167 0.08851527 0.0010341085 0.03610224 0.032857083 0.014062387 0.0005528961 0.02656756 0.0005858478 0.004275829 0.00061571854 0.0087091345 0.03377674 7.4329204e-05 0.013262302 0.013895632 9.713984e-07 1.3707211e-06 7.420065e-05 0.007319886 0.014475356 0.00016243616 7.183052e-06 0.0052577704 2.4446063e-05 2.695298e-05 0.013883254 0.17295443 2.5308236e-06 2.727363e-05 3.0460309e-05 1.9981753e-05 2.1715796e-05 0.0042667817 0.0023548482 5.5747696e-06 2.1235894e-06 0.0001462293 0.000112946705 2.957226e-07 5.4681664e-07 7.795389e-06 0.018317234 0.00016322393 5.2133943e-05 0.09459092 2.305791e-05 6.667801e-06 0.035005968 0.026723316 3.2853006e-07 0.030125266 0.023669127 1.22983965e-05 5.4634775e-08 2.4797544e-07 5.9581566e-08 0.00027014318 0.0051261894 2.4491483e-06 4.304247e-06 0.017690118 1.3125932e-08 4.162468e-06 1.8966989e-07 0.00020748854
0.9985241 0.5293204 0.26251608 8.2180116e-20 0.0009704527 0.0016543313 0.02269394 0.8733046 0.0012305278 0.97056955 0.062075138 0.0037397176 9.727106e-06 0.00025875712 0.0022644883 0.21043319 0.0003730798 0.31255612 0.2484488 3.357766e-06 0.29519796 0.26897913 2.8415861e-05 8.447084e-06 0.00060834934 1.8866757e-07 6.8605054e-08 0.08859377 4.5181503e-07 0.15911607 0.3506281 0.022778518 0.00046251478 0.09783297 0.05716251 0.3503094 0.0069916383 0.28218836 0.00045965437 0.046879616 0.12585126 0.13842753 0.0003355999 9.426023e-09 0.014805279 0.04013986 0.02406008 0.4077272 0.0854801 0.00020958709 0.0051813577 2.1141697e-09 6.6073884e-09 0.09040125 0.10118619 0.0023393685 1.9606402e-06 2.6065875e-08 0.00024761993 0.0002574437 0.00028965855 0.0017859087 0.045068856 2.1478e-08 6.6745343e-07 1.3564731e-07 0.039007597 0.06171687 0.06502182 0.003571586 9.0641436e-08 2.397984e-07 1.103182e-06 1.0470437e-06 7.0689534e-09 1.6171587e-08 1.1375197e-07 0.000361834 1.6343583e-07 0.0014598676 0.019714687 6.521281e-07 0.0029196995 0.0015226648 0.1010623 5.0792213e-08 0.00039107245 0.07596563 0.0005746946 2.9872689e-09 5.4574234e-09 5.0266483e-08 1.7983001e-07 0.16801518 0.00039034826 0.00037633342 1.7023529e-05 9.533332e-09 0.00010324706 6.690432e-08 6.3169246e-05
0.95981073 0.10975388 0.40240857 0.0009704527 3.992225e-17 0.94795936 0.5134111 0.03397335 0.8500784 3.941256e-05 0.2443612 0.37862 0.53983307 0.6245526 0.31369627 0.03089416 0.43381593 6.4058695e-06 0.0043141413 0.06269238 0.00026483377 4.3499178e-05 0.2042661 0.1395592 0.11740445 0.0018078032 0.0023254245 0.02232875 0.1151401 3.2857974e-06 0.007123603 0.041835632 0.45342693 0.06163583 0.002950253 4.5648158e-06 0.06620381 1.2924673e-05 0.3204338 0.0018642297 0.000208335 1.5432266e-05 0.551268 0.004479787 0.00034916904 4.274787e-05 0.000429447 0.0032760072 1.0390145e-06 0.11012425 0.036950864 0.00023616863 6.2426516e-05 8.331902e-07 0.00095832907 0.03021688 0.0046371478 9.9523335e-05 0.031398956 1.1147307e-06 7.9991395e-08 0.038399227 0.07845081 7.5295393e-06 0.00075359474 0.01735434 5.618587e-07 1.4922251e-06 9.481335e-05 0.0018423632 1.595202e-05 2.2034105e-06 0.008974493 0.0032237736 8.634933e-06 3.299603e-07 5.3215044e-05 0.013717577 0.0004307345 3.5747238e-05 0.044077277 7.456549e-05 8.253937e-07 0.02130727 0.0056048012 1.614188e-06 0.012343817 0.0039297603 1.1751814e-06 9.252068e-07 3.7593861e-06 3.096018e-07 0.0013932713 0.0010344345 2.34837e-06 3.462673e-07 0.016851569 4.7220453e-08 2.559448e-06 5.2332894e-07 0.0015839906
0.9322343 0.16111197 0.46755812 0.0016543313 0.94795936 1.7512936e-18 0.7522008 0.023602065 0.80644786 0.00013106396 0.052585877 0.19490013 0.527029 0.40857762 0.07210053 0.05179441 0.1960007 2.6393855e-05 0.0014630608 0.4844507 0.00042343847 0.00010770905 0.35748383 0.2777099 0.41041198 0.024013901 0.027376538 0.0027133322 0.12537181 8.034182e-07 0.020703375 0.013620058 0.07075683 0.135649 0.0018507199 1.3853731e-06 0.019906642 1.9037523e-05 0.035736874 0.0006603601 0.00016691248 3.2983447e-05 0.16917661 0.009961388 0.00015227802 2.6938333e-05 0.00010618894 0.004035911 1.0058576e-07 0.007375225 0.0060138684 0.0048263497 0.0024453022 2.6415887e-07 0.000795973 0.0027202095 0.017594745 0.0017419913 0.0017848044 3.7337004e-06 2.6428774e-08 0.0016803881 0.13317692 8.481168e-05 0.0025393583 0.005400741 3.09461e-07 5.4583194e-07 6.004278e-05 0.0002798528 0.00057045533 5.166833e-05 0.0011848675 0.002143802 0.00024546153 3.4345192e-06 0.000749036 0.12826069 0.001766644 1.3039354e-05 0.0955264 0.0002820784 7.482984e-07 0.07534375 0.011687187 1.0899983e-05 0.07139978 0.011647475 6.472711e-07 1.046329e-06 3.1084764e-05 4.02213e-07 0.0051298672 0.0016189896 6.308682e-07 1.1304557e-07 0.050445117 4.506149e-07 1.2339454e-07 5.4751304e-06 0.0009183501
0.93941075 0.84121215 0.91956824 0.02269394 0.5134111 0.7522008 2.0306703e-16 0.0328768 0.17399801 0.0015489984 0.034644466 0.040662467 0.059168633 0.046375625 0.016522864 0.767313 0.019378684 0.0007995926 0.002878455 0.2697212 0.009662273 0.0014102098 0.032633636 0.08644992 0.51675737 0.010703216 0.0060598743 0.001276251 0.0044371425 6.668535e-05 0.1361886 0.003871435 0.0035156433 0.600773 0.0008655202 0.00014708919 0.0041023307 0.00069679244 0.0016810925 0.0004522304 0.0003302904 0.0002304181 0.0029026775 0.001259495 0.00036692058 0.00017681987 0.00019015087 0.11233918 1.9893943e-05 0.0014481761 0.0019016139 7.045204e-05 0.00027385014 1.284985e-05 0.008389374 0.000399138 0.0019763664 0.00052139634 0.00030621566 0.00024808984 5.119342e-06 0.00052304927 0.2884533 6.219197e-05 0.00046222683 1.0642979e-05 1.3009394e-05 2.30128e-06 0.009575823 0.000113916954 0.00048819833 5.6812078e-05 1.8549279e-05 7.65437e-05 7.170975e-05 4.1460544e-06 0.00043992378 0.17566071 0.00076580653 7.424932e-06 0.15586473 4.294499e-05 3.3421531e-06 0.048930414 0.030939227 5.5273103e-06 0.055940572 0.029684065 6.5372246e-06 1.8797898e-07 1.2994037e-06 3.6682417e-07 0.00045645933 0.021133883 2.4376116e-06 6.7502947e-07 0.014506762 1.9052216e-07 1.3138765e-07 4.1871186e-07 0.0005908398
0.9672898 0.2652287 0.52964103 0.8733046 0.03397335 0.023602065 0.0328768 4.5830645e-18 0.010152552 0.51206636 0.8905408 0.47542933 0.0005789115 0.011375748 0.20033483 0.033800233 0.014172544 0.08374826 0.93554986 3.0589417e-05 0.025144594 0.2588555 0.0012987038 2.1983804e-05 0.00017061569 1.0755016e-06 4.9866014e-07 0.6518048 1.2160866e-05 0.05457378 0.049153503 0.32540265 0.0898336 0.020572329 0.36741704 0.39436406 0.29724407 0.049048424 0.0048856586 0.315331 0.3898547 0.23935495 0.0018998602 2.9580145e-08 0.10772858 0.046740167 0.13945012 0.019165186 0.009279529 0.004335063 0.066377155 5.317171e-09 7.689954e-08 0.0037185468 0.0064075203 0.029531047 3.3283188e-05 1.197451e-07 0.002320316 5.748982e-05 7.805071e-05 0.010205691 0.006377647 8.0722025e-08 2.0597872e-06 8.1050445e-07 0.00088414666 0.0024471197 0.012631717 0.005854404 1.1155262e-06 2.2789102e-07 1.2185257e-05 2.296151e-05 6.25672e-08 2.8112634e-08 2.1304622e-06 0.0005383412 4.6756097e-07 0.0011032867 0.004318521 4.9837845e-06 0.00010505526 0.0009363723 0.011958574 1.0503326e-07 0.001890414 0.013953503 4.925268e-05 1.7712594e-09 1.1832919e-08 6.1230976e-09 1.7315529e-06 0.0103124855 2.8967333e-05 2.78286e-06 9.5328694e-05 8.602354e-09 2.8855432e-06 1.965605e-08 0.00030774242
0.81548685 0.021928797 0.20825064 0.0012305278 0.8500784 0.80644786 0.17399801 0.010152552 2.8439654e-17 3.5257934e-05 0.024764875 0.16387875 0.97198486 0.6386593 0.04831921 0.0103861345 0.54595757 2.6311647e-05 0.0005266173 0.21523379 0.0006572466 0.00012492442 0.6639852 0.2328247 0.09163026 0.024094472 0.03199981 0.0010908834 0.32810938 8.483591e-06 0.005579533 0.005514533 0.061513778 0.03450721 0.0005613092 5.2322343e-06 0.009304927 6.418244e-05 0.024831953 0.0006004573 0.0001293901 1.567665e-05 0.14301258 0.011403352 8.3059036e-05 2.6845775e-05 0.00017259772 0.0016904895 1.4900835e-06 0.014518892 0.005437608 0.011096549 0.004945814 2.065017e-06 0.0010938989 0.0039538206 0.11002319 0.0008243122 0.002888499 1.8127846e-05 5.6183353e-07 0.002021434 0.028745921 8.656324e-05 0.010010075 0.022531467 4.6752157e-06 1.9551208e-06 0.00026929486 0.00028277544 0.00020146108 6.585529e-05 0.005933353 0.00747334 6.74289e-05 1.1270305e-05 0.00034574565 0.0056171436 0.0010414718 0.000103218415 0.008772855 0.0006044187 4.8000493e-06 0.0085123945 0.0019211097 3.6139478e-05 0.006582704 0.002709102 7.906716e-06 6.7677925e-06 0.00042986558 5.7958264e-06 0.0035490065 0.00058866566 1.2606251e-05 1.1889275e-06 0.0111696655 9.747178e-07 9.597293e-06 1.2689066e-05 0.00082124537
0.9502265 0.17856683 0.026281318 0.97056955 3.941256e-05 0.00013106396 0.0015489984 0.51206636 3.5257934e-05 7.406966e-18 0.0063740294 0.00054859003 1.2623549e-07 8.529167e-06 0.0002092226 0.024290863 8.1729e-05 0.6025504 0.26351294 2.0616433e-07 0.19045174 0.9425582 2.323594e-07 6.461328e-08 3.837865e-06 1.582025e-08 4.344998e-10 0.023137288 9.388684e-09 0.5985015 0.03595941 0.0036989837 1.19371125e-05 0.0045241113 0.014118166 0.69085824 0.0008705919 0.564465 1.0431756e-06 0.014251018 0.06616155 0.22459471 1.7522563e-06 7.614518e-10 0.005228222 0.014602723 0.003733699 0.08326392 0.16726598 1.8928322e-05 0.0009115446 4.7808196e-10 5.0947726e-09 0.29015177 0.033279296 0.0003673283 1.5766773e-07 1.4338139e-08 1.2929838e-05 0.00019934065 0.00016948536 0.00010654378 0.0035977121 1.104869e-09 3.2908588e-08 6.931316e-09 0.03816013 0.037581816 0.03017019 0.0001901835 1.9439385e-07 1.802891e-08 6.3609484e-08 5.8795763e-07 9.173538e-09 6.225644e-10 5.012536e-08 7.2647614e-05 1.4687344e-08 0.00043157028 0.0025161495 2.0855514e-07 0.0023891423 0.0008526263 0.035533875 2.1696385e-08 0.0002698252 0.04059196 0.0009216724 1.2964694e-09 2.9973553e-08 1.9574704e-09 1.6466366e-07 0.05618667 0.00018053946 0.00040067267 1.700971e-06 4.735073e-10 2.0073392e-05 1.08238405e-08 4.3900338e-05
0.90400285 0.03868915 0.6640192 0.062075138 0.2443612 0.052585877 0.034644466 0.8905408 0.024764875 0.0063740294 2.0743966e-17 0.91530293 0.035547476 0.111074716 0.88237315 0.008314396 0.11070989 0.001014048 0.53303707 0.00066459714 0.001102724 0.00380834 0.0028421916 0.0030794735 0.0017660662 8.507464e-05 5.3954227e-05 0.6868752 0.00035285397 0.0005299424 0.0039607817 0.5812669 0.5027631 0.0039366507 0.3094047 0.008738316 0.62476134 0.0022490476 0.21770284 0.2709932 0.2162591 0.041081365 0.18437362 7.899662e-06 0.09292793 0.02207406 0.24446283 0.00040572503 0.0018295832 0.18224792 0.32939544 2.4468839e-06 1.0142777e-05 0.00021263133 0.00081785955 0.18367809 0.0018725579 1.4585484e-05 0.10693543 7.2271373e-06 3.3829813e-06 0.24281606 0.002229556 3.1298628e-06 0.0003163693 0.0014852464 7.691338e-05 0.0013385639 0.0010159719 0.07464778 1.7578475e-05 7.6033148e-06 0.0013858594 0.0008480671 5.331489e-06 8.4331384e-07 2.8336271e-05 0.0006856431 2.9507974e-05 0.006543388 0.0033616945 0.00014110169 3.552955e-05 0.0020965026 0.0014822711 1.055128e-06 0.0023520335 0.0019868559 8.891841e-05 4.3353413e-08 8.380497e-07 1.6698722e-07 2.5322155e-05 0.00070142344 1.7236342e-05 1.3310431e-06 0.0004255385 9.767663e-08 4.4025173e-06 5.525052e-07 0.0019894931
0.6307303 0.023773454 0.5738085 0.0037397176 0.37862 0.19490013 0.040662467 0.47542933 0.16387875 0.00054859003 0.91530293 2.4641766e-18 0.060229376 0.4446669 0.9678309 0.0055696345 0.69477314 0.0006274614 0.13128503 0.001997338 0.0008278834 0.0006421798 0.022358198 0.00830354 0.0065837237 0.00056200585 0.00072149315 0.16889705 0.0027605302 0.0002957724 0.00206961 0.15996705 0.52558434 0.004068196 0.02988678 0.00073915394 0.35485038 0.0005618842 0.20487063 0.019780772 0.011689766 0.0028935059 0.2437379 0.00014241044 0.00894989 0.0031594643 0.024094714 0.00023973109 0.00021318789 0.10667577 0.11681335 5.7091085e-05 0.00010948883 2.1468613e-05 0.0006631476 0.088357866 0.005242364 0.00010962026 0.04292099 2.0860975e-06 2.432383e-07 0.09789267 0.002754165 6.837833e-06 0.0006487753 0.002718865 2.8586881e-05 0.00018863726 0.0003056523 0.014607926 7.231016e-05 2.119524e-05 0.005164969 0.0027201292 2.4780453e-05 9.831208e-07 9.366755e-05 0.0013178723 6.52329e-05 0.0008940169 0.0025733155 0.00023257214 3.917438e-05 0.0017113016 0.0008072161 5.7470875e-06 0.0011698706 0.0008630022 8.036574e-05 3.0915982e-07 7.241474e-06 8.181669e-08 0.00011011639 0.00035420898 6.2864914e-05 2.0109617e-06 0.00039086997 6.565884e-08 1.6752238e-05 6.4380015e-07 0.0026047505
0.9231221 0.0004032812 0.08928102 9.727106e-06 0.53983307 0.527029 0.059168633 0.0005789115 0.97198486 1.2623549e-07 0.035547476 0.060229376 6.9852838e-15 0.47223637 0.04113441 0.0029117563 0.32220995 1.6383487e-07 0.00019792069 0.3015659 1.0365768e-06 1.2940577e-06 0.7896844 0.46167043 0.09628055 0.061031174 0.1350118 0.00044799407 0.5372722 1.523824e-07 0.002406385 0.008345393 0.13163792 0.016023407 0.00038544534 6.9394247e-07 0.011442489 3.4199777e-06 0.10067604 0.00041039754 0.0001402344 2.1388587e-05 0.7108545 0.031902052 0.00016425752 1.3346715e-05 4.9225637e-05 2.0545833e-05 6.169239e-07 0.053415928 0.012306592 0.05185159 0.021168118 3.6592567e-08 2.1551221e-05 0.006147331 0.2480911 0.008792764 0.00935391 6.324558e-08 4.9914304e-09 0.0030659775 0.028925534 0.00055345055 0.023768159 0.18748544 4.802392e-07 1.1647423e-06 3.8913454e-06 0.00023223701 0.00076594856 0.0004203984 0.012786089 0.018851303 0.00050954585 5.4297594e-05 0.0015179237 0.005270763 0.0038810854 8.664774e-05 0.012456272 0.0016370666 1.0842977e-06 0.010355973 0.0005152175 0.00011914872 0.007445549 0.0006156284 5.7127713e-06 0.00011706089 0.0024378013 1.52230605e-05 0.012029784 3.356154e-05 1.6108879e-06 1.4248563e-07 0.028496638 2.3083003e-06 2.7573644e-06 2.3261682e-05 0.0013433256
0.8439819 0.001304206 0.29069963 0.00025875712 0.6245526 0.40857762 0.046375625 0.011375748 0.6386593 8.529167e-06 0.111074716 0.4446669 0.47223637 1.9666254e-15 0.2554963 0.003096061 0.9743827 3.808454e-05 0.0016374866 0.02660268 0.00020280563 4.8125516e-05 0.46378744 0.13214225 0.038799196 0.0032551757 0.008944011 0.009667729 0.1945599 1.3620173e-05 0.0043617263 0.03112168 0.3997651 0.0106624495 0.0033330566 4.6529512e-05 0.077581756 9.979982e-05 0.2753875 0.003067279 0.0018533783 0.0006772022 0.73179924 0.0044158413 0.002048744 0.0005479493 0.003815682 7.509779e-05 7.359868e-06 0.18122578 0.07755291 0.0021792278 0.0007371961 6.3642835e-07 0.00027044478 0.053508304 0.116280116 0.0013931271 0.047300305 3.110064e-06 6.238095e-08 0.06302865 0.010486928 9.6134754e-05 0.0047230367 0.1856192 1.0446003e-06 9.548469e-06 2.6755857e-05 0.0031681326 0.00028872915 0.00016335427 0.014058551 0.014454208 0.00015476046 1.8831775e-05 0.0006226883 0.0023763443 0.00067442376 0.00030569106 0.0043349536 0.000572155 1.3213588e-06 0.0054614367 0.00065567053 6.286551e-05 0.0032436787 0.0009230903 2.1747308e-06 1.3123113e-05 0.0010295454 8.354024e-06 0.0027897134 0.000504461 5.394841e-07 2.2313841e-07 0.005025029 7.8509595e-07 6.607207e-07 1.2624539e-05 0.0067477953
0.6046715 0.0050806277 0.4230357 0.0022644883 0.31369627 0.07210053 0.016522864 0.20033483 0.04831921 0.0002092226 0.88237315 0.9678309 0.04113441 0.2554963 1.5438274e-16 0.0011661035 0.6763341 7.9490375e-05 0.11982142 0.00074651756 0.00015559809 0.00053546357 0.020952508 0.0041275457 0.003921995 0.00019406682 0.00026446124 0.19992344 0.0046445746 0.0001606056 0.0011395537 0.20987697 0.80063254 0.0017407223 0.036171302 0.0007082167 0.55107695 0.00041479905 0.48480168 0.03657463 0.018371098 0.0031548364 0.2544462 0.00029397098 0.016056128 0.002811088 0.047330398 9.113912e-05 0.00034701874 0.31128746 0.25503713 2.6211945e-05 0.00011925251 2.0877325e-05 0.000614206 0.25446984 0.008492273 0.0001385903 0.15105623 1.4819617e-06 4.013612e-07 0.28107852 0.0024839002 1.6518346e-05 0.0008392639 0.0078419335 1.26587165e-05 0.00017222497 1.9876423e-05 0.04646679 0.00021688962 3.7401172e-05 0.024710348 0.011543665 2.0825802e-05 6.2332256e-06 0.00029845483 0.0006292751 0.00028196702 0.007844131 0.003688344 0.00012316089 1.3207397e-05 0.0038319202 0.0006438573 1.1849019e-05 0.003383916 0.0013005786 4.3429045e-05 2.4482807e-07 8.2489016e-05 3.1855527e-07 0.00037499674 9.3421775e-05 2.7151531e-05 4.6546816e-07 0.0010393753 8.059325e-08 4.561447e-06 1.1876424e-06 0.041166812
0.9615535 0.86745644 0.21318927 0.21043319 0.03089416 0.05179441 0.767313 0.033800233 0.0103861345 0.024290863 0.008314396 0.0055696345 0.0029117563 0.003096061 0.0011661035 3.9277685e-17 0.0015247944 0.0054554264 0.0018755748 0.020817136 0.05389748 0.0023671733 0.0005236343 0.020289952 0.1157907 0.0013957302 0.0003788245 7.344503e-05 1.0911028e-05 0.00042329033 0.90860236 0.00012621956 6.15648e-05 0.8456573 9.382767e-05 7.606546e-05 6.093012e-05 0.0002435049 3.7590278e-06 0.00010211273 0.00010812999 4.7929847e-05 7.37334e-05 0.0002680069 9.6578915e-06 2.6423724e-05 1.0533058e-05 0.75366217 2.122475e-05 1.6136686e-05 1.7442942e-05 5.2886946e-07 3.3747453e-06 3.6122976e-05 0.06298282 1.1800066e-05 4.3148528e-05 6.599222e-05 6.6901507e-06 0.00032691908 0.00033644942 4.0234154e-05 0.55307126 3.069065e-06 5.3015497e-06 6.373977e-07 3.7156857e-05 1.608819e-05 0.012880211 1.9346026e-05 8.9045454e-05 1.2955926e-06 7.1107326e-07 2.5060615e-06 6.4744177e-06 6.0266683e-07 0.00017380832 0.16307658 0.000737547 3.8961834e-06 0.40282488 2.5150448e-06 2.353521e-05 0.09002347 0.15793964 9.387761e-07 0.058125935 0.1413959 3.3915952e-05 7.9904474e-08 5.782082e-07 1.0998366e-07 0.00023124249 0.06974336 9.255038e-06 3.907595e-05 0.0110108685 7.2576136e-09 1.1116477e-06 1.734647e-08 7.2230905e-05
0.43412948 0.0010823802 0.11180222 0.0003730798 0.43381593 0.1960007 0.019378684 0.014172544 0.54595757 8.1729e-05 0.11070989 0.69477314 0.32220995 0.9743827 0.6763341 0.0015247944 4.0640313e-16 3.992821e-05 0.0033778287 0.0055747093 6.569583e-05 0.0004098408 0.48416182 0.03288348 0.012485083 0.0023536752 0.0040236115 0.006878299 0.19622633 3.119012e-05 0.0006962633 0.022964366 0.6026841 0.003686345 0.003192148 0.00012395853 0.075739235 0.00023354162 0.26312053 0.0035365853 0.0026007304 0.0003769897 0.60809666 0.0017593612 0.0020489716 0.00017861061 0.001959062 2.938982e-05 1.7947743e-05 0.097713456 0.04520433 0.0013843311 0.0009577151 9.376684e-07 0.00019802019 0.04284623 0.19969667 0.0015351949 0.038462736 7.3082365e-06 2.3243476e-07 0.03993143 0.0029477302 0.00014408557 0.006688229 0.06958265 2.534425e-06 1.0056122e-05 2.0365696e-05 0.0018343686 0.0008003742 0.00013595121 0.031856894 0.025761673 0.00048773043 2.3322435e-05 0.0011493728 0.0010779204 0.0014840104 0.00019075678 0.002112999 0.00034257234 1.1049615e-06 0.0050278003 0.0003270064 0.00023009747 0.0032359192 0.00073343184 1.0340739e-06 1.5274805e-05 0.00096545124 8.950738e-06 0.0012266893 6.3838874e-05 9.965657e-07 4.4308603e-08 0.003029287 1.928876e-06 5.585799e-07 8.337477e-06 0.026467169
0.7442769 0.08149681 0.0006162878 0.31255612 6.4058695e-06 2.6393855e-05 0.0007995926 0.08374826 2.6311647e-05 0.6025504 0.001014048 0.0006274614 1.6383487e-07 3.808454e-05 7.9490375e-05 0.0054554264 3.992821e-05 7.102408e-15 0.025674019 5.925803e-07 0.9436457 0.6487767 5.0903072e-06 2.2401421e-08 6.3910848e-06 1.1834252e-06 9.287646e-08 0.0006750856 1.00020436e-07 0.81206256 0.0029775563 0.00036872833 5.418369e-05 0.0006919019 0.0007552475 0.37090036 0.0001118125 0.40486214 2.0611883e-06 0.0007164651 0.0026930461 0.024958154 6.81874e-06 9.4448694e-08 0.00044673204 0.0009381126 4.756837e-05 0.22346158 0.16336752 6.065966e-05 0.00014690132 5.192705e-08 1.8038462e-07 0.7382155 0.2015476 3.578889e-05 5.15188e-05 6.6473024e-07 2.0520083e-05 0.016433964 0.023363639 0.00013277862 0.0012283733 3.316707e-08 6.6712732e-06 3.058329e-07 0.4171701 0.019742768 0.84767723 0.00054345827 3.2632195e-06 3.0565678e-07 1.186378e-06 4.0670843e-06 1.7176905e-07 9.2951595e-08 5.528412e-06 3.082848e-05 2.7959911e-06 0.000666202 0.0016110839 9.054809e-07 0.0031365126 0.00019433426 0.040626384 2.9926414e-07 7.890368e-05 0.047396563 0.0028901026 3.8037896e-07 4.3027094e-07 1.0309215e-07 2.405267e-07 0.279978 0.00024719877 0.0039142207 2.5866484e-06 3.412525e-09 9.480652e-06 1.435067e-08 0.00050452404
0.665547 0.012388585 0.08352012 0.2484488 0.0043141413 0.0014630608 0.002878455 0.93554986 0.0005266173 0.26351294 0.53303707 0.13128503 0.00019792069 0.0016374866 0.11982142 0.0018755748 0.0033778287 0.025674019 2.065947e-17 1.8633096e-06 0.0032679099 0.17975387 0.00015790256 4.3897476e-06 1.5057966e-05 2.8028134e-07 1.9822829e-07 0.87792283 5.604563e-06 0.031429887 0.0011528824 0.54969424 0.029196715 0.0006972088 0.7397109 0.65781415 0.3746531 0.073089555 0.0018729394 0.64622444 0.5759663 0.4380315 0.000514404 2.695776e-07 0.15686497 0.14321224 0.17152034 0.0008301418 0.019119795 0.003011282 0.05274728 6.2326686e-09 4.4228122e-07 0.0013600808 0.0010584308 0.023158265 8.0638434e-05 2.583234e-06 0.0052552987 0.00017046834 2.2294189e-05 0.014747756 0.001312834 1.5288729e-06 1.0912174e-05 1.8286873e-06 0.001136293 0.0043453304 0.00485502 0.006844146 7.4008035e-06 1.2224336e-06 1.7657512e-05 2.0331288e-05 1.0699914e-06 2.8191633e-07 3.0505022e-05 2.5364718e-05 1.9202267e-05 0.004374536 0.0018191381 7.664848e-06 0.00011089509 0.00023066257 0.0017044909 3.5496325e-07 0.00019727413 0.0038163275 0.00019414014 3.523371e-08 5.1944485e-06 2.9686799e-08 2.0652602e-05 0.0013012715 5.8504243e-05 1.5176566e-06 0.0002507843 4.5735407e-09 6.2096765e-06 8.3998e-08 0.00017218884
0.87711054 0.0011665046 0.008054175 3.357766e-06 0.06269238 0.4844507 0.2697212 3.0589417e-05 0.21523379 2.0616433e-07 0.00066459714 0.001997338 0.3015659 0.02660268 0.00074651756 0.020817136 0.0055747093 5.925803e-07 1.8633096e-06 2.0160743e-16 4.8085876e-05 3.949618e-06 0.16289265 0.9356267 0.8059814 0.7677431 0.69535124 8.91654e-06 0.046334304 1.286038e-07 0.0047326065 0.00013300343 0.00054261263 0.0946488 1.071587e-05 3.635033e-07 7.316986e-05 1.3990972e-05 0.0004612963 8.997797e-07 2.9522073e-07 5.9806183e-07 0.019687753 0.82824564 1.0256354e-06 3.6419817e-06 3.264161e-07 0.0022743393 1.4441689e-07 0.00046652704 8.757268e-05 0.01441956 0.023006815 1.1152064e-07 0.00031887036 3.1969155e-06 0.025370924 0.07006883 7.104274e-05 5.558989e-07 1.738092e-07 3.9502338e-05 0.074496545 0.00087789894 0.0020981927 0.0065266443 2.1491874e-06 2.9935578e-07 0.0001471352 2.8001285e-05 0.00549683 0.00074454665 0.00027923725 0.0012439932 0.0028273445 0.00012999466 0.002001238 0.13277143 0.015612108 1.9239606e-05 0.04770786 0.0022986261 1.4308579e-06 0.070993826 0.00544359 0.00029010724 0.049392592 0.0060172705 4.7151066e-06 0.0003555421 0.004479439 6.6106804e-05 0.021389741 0.00018440708 2.35344e-05 3.724294e-06 0.15036893 6.3709417e-06 2.4267702e-06 4.278719e-05 0.00015532796
0.911351 0.32722497 0.0046292255 0.29519796 0.00026483377 0.00042343847 0.009662273 0.025144594 0.0006572466 0.19045174 0.001102724 0.0008278834 1.0365768e-06 0.00020280563 0.00015559809 0.05389748 6.569583e-05 0.9436457 0.0032679099 4.8085876e-05 2.0472518e-17 0.05588608 1.2078963e-05 6.1141677e-06 0.0005793768 2.2554359e-07 4.4338275e-08 0.00015651053 2.2299535e-08 0.061507165 0.043017466 9.157071e-05 5.035338e-06 0.010566638 0.00021196301 0.012697081 1.8038345e-05 0.050140377 8.106037e-08 0.000314767 0.00093830185 0.0024435923 3.4391354e-07 1.8741273e-08 3.5015863e-05 0.00055310916 1.7035467e-05 0.88890696 0.013082208 6.1400765e-06 6.388574e-06 1.3049895e-08 3.9416088e-07 0.13295563 0.9608149 4.864256e-06 2.532154e-06 6.0519556e-06 5.650333e-07 0.6571257 0.012252361 1.2874168e-06 0.016120106 1.1044531e-07 1.3710786e-07 5.1108053e-08 0.112745024 0.0051738718 0.065571785 1.2719453e-05 1.5470586e-06 4.6052655e-08 1.1646741e-07 2.0815514e-07 1.3902329e-08 2.7744158e-09 7.011512e-08 0.0020633144 6.659812e-08 1.1105743e-06 0.01942158 8.457333e-07 0.0050900313 0.0020611845 0.082151234 9.2727503e-10 0.0008761859 0.044272847 0.0038425014 1.9210039e-10 1.3860535e-10 3.5502618e-11 1.0780989e-11 0.079408914 4.337507e-05 0.010292629 1.544187e-08 8.57247e-11 6.3541765e-06 3.6427785e-09 6.537499e-06
0.25138175 0.031654064 0.0031975883 0.26897913 4.3499178e-05 0.00010770905 0.0014102098 0.2588555 0.00012492442 0.9425582 0.00380834 0.0006421798 1.2940577e-06 4.8125516e-05 0.00053546357 0.0023671733 0.0004098408 0.6487767 0.17975387 3.949618e-06 0.05588608 2.6600218e-19 1.8964921e-06 2.4286697e-07 1.046611e-05 8.64809e-07 7.375931e-08 0.005160572 6.353455e-08 0.96982807 0.0013997799 0.0004783815 1.2506455e-05 0.00070393545 0.0039012702 0.78692555 0.0001409235 0.7979772 1.0871845e-06 0.0043127136 0.023890397 0.104650915 9.688579e-07 1.2102173e-07 0.0011957433 0.006305892 0.00033531708 0.021733984 0.19806175 6.9844837e-06 3.5395118e-05 8.7432905e-09 2.019692e-07 0.21189514 0.006452742 1.0295324e-05 4.453483e-06 1.5476132e-06 1.0371894e-05 0.0003058692 0.000102644844 0.00014051124 0.0007990731 1.2072894e-07 2.832279e-07 1.929539e-07 0.05002999 0.022922356 0.034400277 0.00047050315 1.2264107e-06 6.861044e-07 3.6132897e-07 9.624905e-07 3.506692e-07 1.1344787e-07 2.0030243e-06 0.00020740149 4.7099223e-07 0.0004369103 0.0006719812 1.51233035e-05 0.0017231297 0.0001319188 0.017745 9.417891e-07 6.7606285e-05 0.022969611 0.00059194915 6.446738e-09 5.9918193e-07 1.3776839e-08 9.689946e-07 0.011004244 5.8460235e-05 0.00046899723 1.69253e-05 8.137015e-09 4.6485757e-06 1.8998534e-08 0.00016531894
0.71595675 0.00023450624 0.019451061 2.8415861e-05 0.2042661 0.35748383 0.032633636 0.0012987038 0.6639852 2.323594e-07 0.0028421916 0.022358198 0.7896844 0.46378744 0.020952508 0.0005236343 0.48416182 5.0903072e-06 0.00015790256 0.16289265 1.2078963e-05 1.8964921e-06 3.941369e-16 0.2783207 0.07630869 0.06963786 0.14733556 0.00020635722 0.97901404 2.4513835e-07 0.00078065187 0.0014847222 0.053329423 0.0075993207 0.000113647184 2.3162046e-07 0.0046446696 1.9564188e-06 0.056363154 0.00012284583 8.803087e-05 4.2036327e-06 0.6864861 0.12232338 6.1452585e-05 1.8597342e-06 9.947759e-05 9.0691545e-05 1.3555058e-07 0.028930303 0.004621526 0.23074824 0.049460728 3.451391e-07 8.175222e-05 0.004844634 0.69001937 0.030356236 0.0065145125 2.7096366e-06 2.4819297e-08 0.008373651 0.008571504 0.00053411303 0.08381953 0.28773004 1.9004533e-06 9.830815e-07 2.7446391e-05 0.0006809684 0.0021286032 0.0018975921 0.011555131 0.032036096 0.001485223 8.200249e-05 0.0045716255 0.0063844994 0.0071185906 0.00017093818 0.005444771 0.053359374 1.2059148e-06 0.012192737 0.0005097463 0.00020984269 0.00567164 0.0006199458 1.8306835e-06 0.0004590461 0.013038646 3.9557457e-05 0.013130637 4.279086e-05 8.802852e-07 5.656684e-07 0.015575056 3.5765122e-06 1.0981959e-06 2.9840432e-05 0.00443866
0.979384 0.00042010023 0.030944074 8.447084e-06 0.1395592 0.2777099 0.08644992 2.1983804e-05 0.2328247 6.461328e-08 0.0030794735 0.00830354 0.46167043 0.13214225 0.0041275457 0.020289952 0.03288348 2.2401421e-08 4.3897476e-06 0.9356267 6.1141677e-06 2.4286697e-07 0.2783207 5.0371276e-16 0.90087414 0.33720165 0.24717955 2.508924e-06 0.12352636 2.7003082e-08 0.009845279 7.321621e-05 0.0043749074 0.18048036 1.4345471e-06 9.380686e-08 0.00021561552 7.6967893e-07 0.0044072825 1.5321366e-06 1.325041e-06 3.492448e-07 0.15472649 0.7875929 9.569203e-07 8.63003e-07 1.069361e-06 0.0007410176 5.8871027e-08 0.0013142519 0.00017580362 0.027322605 0.034615893 7.475722e-09 0.00012318086 4.654571e-05 0.049687978 0.120803125 6.2645864e-05 8.145601e-09 7.165321e-09 2.2925691e-05 0.28797093 0.00413905 0.0057645743 0.005945775 5.8327046e-08 1.6974666e-07 1.1543108e-07 9.4293455e-06 0.00808849 0.0037485948 7.142581e-05 0.0003798276 0.004735826 0.0002838178 0.002740585 0.5529086 0.013671259 1.8858337e-07 0.27814454 0.00522039 1.439561e-07 0.29121757 0.008216339 0.00019108597 0.32051766 0.011667237 3.7966736e-08 0.00021891868 0.0044516553 2.0367055e-05 0.04286666 0.00012376539 1.05578984e-07 2.7303416e-08 0.4163621 8.558886e-07 3.0657272e-08 4.2726555e-05 5.5955777e-05
0.976638 0.015314778 0.046266094 0.00060834934 0.11740445 0.41041198 0.51675737 0.00017061569 0.09163026 3.837865e-06 0.0017660662 0.0065837237 0.09628055 0.038799196 0.003921995 0.1157907 0.012485083 6.3910848e-06 1.5057966e-05 0.8059814 0.0005793768 1.046611e-05 0.07630869 0.90087414 1.367735e-15 0.1630021 0.091501676 1.0067272e-05 0.020015545 2.93007e-06 0.042300172 9.871475e-05 0.0007926664 0.48956907 3.2101518e-05 3.5144983e-06 0.00026991966 3.4717366e-05 0.0004534515 3.9440532e-05 4.5709512e-05 1.22325755e-05 0.0070494525 0.16974257 9.532019e-06 4.3941054e-05 1.7876271e-05 0.026702425 4.8205e-06 0.0017205317 0.00020355474 0.004751066 0.0057292236 3.193352e-07 0.0029208492 6.2720355e-05 0.008264691 0.02145939 0.000170332 1.7150225e-05 5.602922e-06 0.000110850466 0.56246275 0.0011674555 0.0013264534 0.0007510306 3.2377322e-06 2.0080555e-05 0.000613509 3.5627883e-05 0.004034751 0.00054087874 5.5299442e-05 0.0002078599 0.0015340489 8.781613e-05 0.002676205 0.79734373 0.009005949 9.870548e-06 0.44917274 0.0010249104 6.0174652e-06 0.3745876 0.031155119 0.00014481955 0.40843856 0.04720157 8.914193e-06 7.509901e-05 0.0010143783 1.3491825e-05 0.0118493475 0.003551363 8.19646e-06 1.8205924e-06 0.27756792 1.6112597e-06 8.307075e-07 3.4625944e-05 0.0009368595
0.8261996 4.1435425e-05 0.00046357594 1.8866757e-07 0.0018078032 0.024013901 0.010703216 1.0755016e-06 0.024094472 1.582025e-08 8.507464e-05 0.00056200585 0.061031174 0.0032551757 0.00019406682 0.0013957302 0.0023536752 1.1834252e-06 2.8028134e-07 0.7677431 2.2554359e-07 8.64809e-07 0.06963786 0.33720165 0.1630021 2.4077173e-19 0.98884314 1.5568179e-06 0.03775547 5.44851e-09 0.00049897225 2.1074726e-05 4.794676e-05 0.013827091 4.1943786e-06 1.944808e-07 9.686782e-06 1.7519924e-06 7.5905955e-05 6.4297734e-07 3.8127493e-07 2.8196635e-07 0.0041906806 0.806661 1.3867345e-06 8.1205803e-07 4.9392474e-07 3.6457677e-05 3.553926e-08 0.00010492639 1.3585822e-05 0.058610763 0.10187363 1.13936816e-08 2.0159e-06 4.665272e-07 0.032451313 0.23741204 1.9508156e-05 2.689155e-08 8.1168015e-09 4.7593307e-06 0.0364901 0.038339682 0.004624228 0.00182329 1.2824484e-07 1.2345764e-07 7.844954e-06 1.1873751e-06 0.097743325 0.009263546 1.8066476e-05 0.000370045 0.03285403 0.002735316 0.03222963 0.10054898 0.10331849 2.3966945e-07 0.028779196 0.007132763 9.512268e-08 0.047540948 0.0009850152 0.0024376537 0.04141287 0.0015526034 8.9901064e-08 0.0034275157 0.01150137 0.00054111297 0.050690964 1.3106909e-06 4.1257155e-07 2.3549275e-08 0.2606293 0.00011648014 6.920856e-08 0.00051724684 1.4438756e-05
0.85382867 1.0619528e-05 0.00012246401 6.8605054e-08 0.0023254245 0.027376538 0.0060598743 4.9866014e-07 0.03199981 4.344998e-10 5.3954227e-05 0.00072149315 0.1350118 0.008944011 0.00026446124 0.0003788245 0.0040236115 9.287646e-08 1.9822829e-07 0.69535124 4.4338275e-08 7.375931e-08 0.14733556 0.24717955 0.091501676 0.98884314 1.5058959e-18 1.0027674e-06 0.068301596 5.668621e-10 7.845849e-05 3.0092035e-05 0.00020065554 0.010190408 1.6184424e-06 2.3208022e-08 2.0085476e-05 1.678458e-06 0.0002482579 2.6842778e-07 2.579567e-07 2.115725e-07 0.018196821 0.7117633 4.9741806e-07 4.0504105e-07 1.6021939e-07 2.1681806e-06 1.2961042e-08 0.00022010859 5.0295763e-05 0.11273249 0.27734903 3.210043e-08 6.345583e-08 1.8064967e-06 0.06068408 0.5433779 1.1491155e-05 6.258209e-09 2.866917e-09 2.4228333e-05 0.02392422 0.11850642 0.009159566 0.0052622873 4.5612313e-07 2.3510556e-07 6.083496e-07 1.0257308e-05 0.24537963 0.021770738 6.488075e-05 0.0006525696 0.09084439 0.010232681 0.05699063 0.074499495 0.11292777 3.823387e-06 0.028174255 0.014787436 1.4544688e-07 0.044667147 0.00040872974 0.0057654926 0.044129863 0.00077279966 6.344785e-08 0.00739174 0.016273256 0.0012801359 0.05633125 6.183176e-07 1.9964055e-07 2.190922e-08 0.2327515 0.00032797584 8.515381e-08 0.00059462653 1.0437384e-05
0.45910844 0.0017418276 0.16030861 0.08859377 0.02232875 0.0027133322 0.001276251 0.6518048 0.0010908834 0.023137288 0.6868752 0.16889705 0.00044799407 0.009667729 0.19992344 7.344503e-05 0.006878299 0.0006750856 0.87792283 8.91654e-06 0.00015651053 0.005160572 0.00020635722 2.508924e-06 1.0067272e-05 1.5568179e-06 1.0027674e-06 1.4539462e-18 3.845711e-05 0.00070251833 0.00010590901 0.8975457 0.057290033 0.00015338062 0.89709103 0.07508912 0.8302977 0.0016285785 0.010922185 0.8034929 0.61142373 0.14752991 0.00422545 1.7976966e-07 0.2625116 0.12716362 0.4493899 4.2100262e-05 0.0026483946 0.0131715555 0.07756513 1.8232871e-08 5.5719875e-07 6.106118e-05 0.00011093402 0.06354374 8.562723e-05 2.4154679e-06 0.017435411 5.1840952e-06 8.424168e-07 0.12274413 0.0012372398 9.8722e-07 4.605657e-06 2.0883279e-05 5.3390115e-05 0.00058950443 4.0498737e-05 0.038369637 2.3265086e-06 9.933956e-07 0.00011659572 8.41727e-05 5.719157e-07 1.449745e-07 2.873937e-06 3.8036993e-05 2.0155712e-06 0.00902616 0.0017730198 1.1254237e-05 1.9077324e-05 9.7888274e-05 0.00024512445 2.0166452e-07 6.027646e-05 0.00073938974 7.661137e-06 1.3185253e-08 4.042912e-07 4.4542787e-09 8.191537e-06 7.7068e-05 8.498101e-06 2.4937606e-07 0.000100634374 1.2253766e-09 5.2770038e-06 3.7286046e-08 0.001166064
0.7494721 7.990833e-07 0.0013980815 4.5181503e-07 0.1151401 0.12537181 0.0044371425 1.2160866e-05 0.32810938 9.388684e-09 0.00035285397 0.0027605302 0.5372722 0.1945599 0.0046445746 1.0911028e-05 0.19622633 1.00020436e-07 5.604563e-06 0.046334304 2.2299535e-08 6.353455e-08 0.97901404 0.12352636 0.020015545 0.03775547 0.068301596 3.845711e-05 1.751717e-15 5.64605e-09 1.3864722e-05 0.00073978014 0.03271038 0.00064619945 3.8283986e-05 2.0893646e-08 0.0014458225 1.8726737e-07 0.025071526 1.8764193e-05 4.1232984e-06 3.4645262e-07 0.67066896 0.045856033 7.414495e-06 2.7829572e-07 3.2428218e-06 1.4201272e-07 6.0293786e-08 0.026284713 0.002978701 0.3506005 0.124985486 3.2408092e-08 8.866912e-07 0.0020077454 0.8417049 0.06964585 0.0048462674 1.5003415e-08 1.130628e-09 0.0035826915 0.0016955723 0.0024739099 0.30722472 0.34539053 1.081582e-07 1.9902426e-07 8.689611e-08 0.00037557227 0.0026153177 0.003069595 0.03443068 0.048869736 0.0018198341 0.00013921344 0.002169338 0.0018307054 0.005959644 5.3938795e-05 0.004427218 0.4088096 1.5798834e-07 0.008850646 5.0704257e-05 0.00029305648 0.0054242476 0.00025563035 7.7580914e-08 0.00052144506 0.009473061 0.00017054444 0.0116325775 1.1550018e-06 1.3531732e-07 6.4389745e-08 0.008129217 4.9649727e-05 1.6356667e-07 0.00012046609 0.0066810115
0.13045447 0.0029504711 0.00040112398 0.15911607 3.2857974e-06 8.034182e-07 6.668535e-05 0.05457378 8.483591e-06 0.5985015 0.0005299424 0.0002957724 1.523824e-07 1.3620173e-05 0.0001606056 0.00042329033 3.119012e-05 0.81206256 0.031429887 1.286038e-07 0.061507165 0.96982807 2.4513835e-07 2.7003082e-08 2.93007e-06 5.44851e-09 5.668621e-10 0.00070251833 5.64605e-09 6.8099603e-19 0.0010018704 9.299252e-05 4.4164876e-06 0.0005672762 0.001544677 0.54627055 5.86407e-05 0.8902214 3.161236e-07 0.0012537212 0.012678836 0.041819327 2.9126156e-06 4.581803e-08 0.0002537661 0.0025492168 1.6245576e-05 0.023509385 0.27127242 5.542047e-06 2.2493656e-05 3.0692124e-09 7.429684e-08 0.53539866 0.0080920085 2.9270702e-06 5.0348746e-07 7.045012e-08 9.7645625e-06 0.0013947975 0.00026980846 0.00021572864 0.00030397237 9.143249e-09 8.897694e-09 2.4087748e-07 0.13644233 0.027657518 0.10831284 0.00022292115 5.5552255e-07 5.3035006e-08 2.1529691e-07 1.0775724e-06 4.237612e-08 3.67282e-09 8.388157e-07 4.615817e-05 5.123633e-07 0.001299291 0.00034943174 4.873431e-06 0.005663597 9.056544e-05 0.037377417 1.3326871e-07 0.00019936575 0.031778794 0.004707139 1.2380297e-09 1.8477736e-07 4.577946e-10 2.1117066e-06 0.03148803 0.00064418186 0.0029017327 2.9534338e-06 4.79048e-09 4.4347606e-05 2.7927913e-09 1.2129698e-05
0.99324346 0.6172326 0.105444774 0.3506281 0.007123603 0.020703375 0.1361886 0.049153503 0.005579533 0.03595941 0.0039607817 0.00206961 0.002406385 0.0043617263 0.0011395537 0.90860236 0.0006962633 0.0029775563 0.0011528824 0.0047326065 0.043017466 0.0013997799 0.00078065187 0.009845279 0.042300172 0.00049897225 7.845849e-05 0.00010590901 1.3864722e-05 0.0010018704 2.0154836e-15 0.00017700967 0.000114822666 0.6239989 0.00011891193 0.00025437042 0.00012702694 0.0017189328 2.5336167e-05 0.00018709467 0.00041756846 0.00021855715 0.00079447665 8.713806e-05 4.559901e-05 0.00017749856 0.00026106078 0.8152182 0.00041178835 0.00015981476 0.00013048765 1.1977736e-06 3.1938073e-06 0.0011718146 0.05672558 0.0002789394 0.00016859805 0.00011778462 0.00019156477 0.00074196904 0.0004853802 0.001399597 0.41364652 2.665873e-06 2.9030747e-05 4.070124e-05 0.004075784 0.009450205 0.0063460837 0.0014474547 3.4037497e-05 5.788526e-07 2.6957943e-05 4.2943513e-05 1.1104912e-05 8.101509e-08 7.355528e-05 0.08855941 0.00035213472 0.00013226524 0.51273364 2.230312e-05 0.0025093444 0.118449725 0.3093813 3.919777e-07 0.11286873 0.2971401 0.00060460577 3.8774832e-08 2.148633e-07 6.963811e-08 4.114529e-05 0.12261335 5.9615024e-05 0.000618545 0.0050522364 3.192627e-09 4.1255603e-06 3.040002e-08 0.00057291804
