5.0278596e-22 0.0005695845 0.16958308 0.0010012939 0.00062330684 0.030579204 0.0005505224 0.19968784 4.4281e-05 0.11455921 0.13184874 0.4282938 0.09488952 0.07758572 0.46571437 0.107055016 0.15250951 0.11884102 0.3681791 0.050869532 0.180957 0.5781207 0.36264443 0.00050156214 0.038722824 0.74190986 0.65653217 0.03949247 0.2574875 0.3638692 0.7716087 0.059698578 0.1359551 0.82275826 0.00013137382 0.38875183 0.7645992 0.89933044 0.0021127178 0.9140048 0.042546786 0.9492076 0.8171632 0.13059136 0.76858574 0.88039756 0.96375996 0.017116256 0.37023285 0.00018826203 0.59488267 0.88275987 0.95220464 0.009548589 0.592094 0.9598773 0.87006325 0.064299285 0.15063326 0.7136244 0.8973416 0.9824822 0.9629881 0.3653659 0.9532198 0.97931075 0.5766003 0.763867 0.971313 0.9269899 0.85388625 0.9123073 0.8922593 0.23450497 0.9660311 0.95999485 0.77812904 0.12831676 0.99536 0.96804494 0.95312697 0.9995301 0.9848271 0.04987755 0.9995389 0.7509473 0.07617338 0.9999236 0.30699882 0.99982125 0.044297297 0.9977795 0.9421979 0.117765404 0.90016204 0.12901123 0.99941814 0.8470789 0.9964816 0.9984512 0.8421664
0.0005695845 2.0979854e-24 0.7453449 0.2101847 0.9961862 0.73507816 0.008219368 0.1960614 0.055551473 0.3069228 0.0005994903 0.0050122025 0.00032359944 0.0015705525 0.0009909654 0.00014579011 3.1552154e-05 1.0265146e-05 0.00088655803 0.00011929789 3.919747e-05 0.00013724872 3.7150407e-05 0.00048225746 1.6462047e-07 3.4223856e-06 1.4822267e-05 9.682948e-08 1.4671882e-07 5.81147e-07 9.674097e-06 2.7462818e-08 2.8303835e-09 0.00066722574 4.093201e-06 1.3133145e-08 4.663535e-08 0.0034011134 4.1636074e-08 7.685274e-05 1.2173466e-09 8.8911125e-05 1.4291936e-05 4.82124e-10 2.0976255e-05 2.927613e-09 0.00037012016 3.72369e-10 3.9369612e-11 1.4583027e-08 1.00228405e-07 2.4928593e-07 1.5976324e-08 0.0007811624 1.2199365e-08 0.00042805437 2.4362565e-08 2.9877575e-10 3.5988376e-06 3.39282e-06 1.1077674e-07 2.3297338e-05 1.1985484e-06 8.817463e-09 6.838762e-07 0.0001840901 4.3058296e-07 1.4683135e-07 2.6399177e-06 1.7054632e-05 0.0010730944 8.2712256e-07 2.658316e-07 1.6516978e-07 3.425068e-07 1.0926377e-07 3.490635e-08 7.848414e-09 1.8548076e-07 0.00044422233 2.2942697e-06 2.3053524e-06 1.4409791e-06 9.561772e-10 1.9431691e-07 4.918931e-07 2.0476272e-09 0.00094379025 6.701889e-08 0.00017753597 1.1185273e-11 0.0010371178 1.6046059e-06 6.9466516e-10 1.5585863e-07 5.210359e-10 0.0039146463 3.689577e-05 2.9305994e-07 2.2853195e-07 3.2629002e-09
0.16958308 0.7453449 2.3858044e-17 0.85407275 0.05203288 0.3016356 0.34376946 0.9623708 0.11303742 0.3491824 0.6718285 0.60187984 0.24450944 0.27736288 0.41838026 0.17445852 0.2208888 0.062458575 0.026973935 0.049158856 0.060244005 0.034248807 0.047138896 0.0069037643 0.0007775017 0.005545445 0.0053450516 1.2156935e-05 0.00015994071 0.00036458287 0.00706881 1.0142167e-05 5.6796716e-06 0.13767399 7.1461116e-05 6.051696e-06 2.835379e-05 0.10634085 2.6967919e-05 0.009566809 7.049861e-07 0.00453726 0.0004956568 6.7806064e-07 0.00028248518 1.2788613e-05 0.13912462 1.6592544e-06 3.9827006e-07 1.4977811e-06 4.214439e-06 1.0269199e-05 2.7416252e-07 0.002118662 1.1343868e-05 0.0028011983 6.872387e-07 1.933766e-06 4.56255e-05 2.0166597e-06 4.553617e-07 0.00084489334 8.490738e-06 2.0737716e-06 3.126186e-07 9.771143e-05 2.384453e-06 1.1911342e-07 1.285804e-05 0.00017945748 0.003927641 1.2482986e-06 8.752743e-07 1.2702113e-06 2.3924138e-06 9.970958e-08 9.1568796e-07 3.5678067e-07 1.5607344e-05 0.0009770939 3.302068e-05 5.8834074e-05 9.583811e-06 1.9398783e-06 1.0178854e-05 9.191821e-06 6.1268247e-07 0.12744085 6.832992e-07 0.005044728 3.1493546e-08 0.015513536 5.3714084e-06 3.0604923e-08 6.9830985e-06 3.6262866e-09 0.01971209 0.00065697933 2.7910303e-06 6.1659106e-05 7.6641975e-08
0.0010012939 0.2101847 0.85407275 5.3194324e-17 0.013512364 0.033872303 0.8508919 0.15740484 0.6959799 0.023476055 0.31007937 0.09828765 0.036618598 0.15764399 0.039485198 0.03522763 0.077236906 0.02733973 0.003975717 0.010371194 0.008171201 0.0032837833 0.007663252 0.02398754 0.00045276876 0.00062940764 0.0023723422 3.493238e-05 5.0177427e-05 0.00014955533 0.0002569578 1.1379299e-05 3.532637e-06 0.016859444 7.5826014e-05 5.982224e-06 2.60384e-06 0.004799061 7.608751e-05 0.001974637 7.5517283e-07 0.00095896085 0.00014951282 6.7818604e-07 0.00015081128 4.5112333e-06 0.011584708 7.954664e-07 6.0159955e-08 1.277292e-06 5.46648e-06 1.636435e-06 1.3121797e-07 0.0023390206 1.638576e-06 0.0006860934 3.9712276e-07 1.6808943e-06 1.4944177e-05 2.4470062e-05 6.17466e-07 4.711495e-05 6.153818e-06 3.8673197e-06 7.74119e-06 0.0003368008 5.9491776e-07 8.3753385e-08 5.0729122e-05 4.396105e-05 0.0015766384 6.866573e-06 2.5000556e-06 7.419202e-07 4.2926928e-07 2.8208038e-07 4.6079723e-08 6.748862e-08 1.1474308e-06 0.0004839845 1.0891837e-05 1.4097545e-05 2.674591e-05 3.3902532e-07 2.3528062e-06 1.0370801e-06 8.415099e-08 0.0057417746 4.4602515e-07 0.00092052214 1.0054811e-08 0.0020664504 1.4039759e-05 1.5717896e-08 9.329539e-06 6.239127e-09 0.002510723 0.00023671519 1.941506e-05 1.2020241e-05 6.486763e-07
0.00062330684 0.9961862 0.05203288 0.013512364 2.3522682e-17 0.73112184 0.00044773033 0.0109076435 0.009628858 0.085566044 4.9136896e-05 0.0049380898 0.00010368853 7.277076e-05 0.00032441027 1.6651016e-05 9.0225524e-07 3.2955523e-07 0.001369636 2.7693119e-05 9.516265e-07 0.0002873814 4.245472e-06 0.0004649939 5.547142e-07 1.4777771e-06 3.861648e-06 1.0106962e-07 1.9351745e-07 6.3813314e-07 4.9414693e-06 8.0739073e-07 1.916668e-07 0.0005602706 1.418883e-05 1.9106638e-07 5.9936195e-07 0.010696777 2.5076754e-06 3.2699718e-05 2.0417238e-08 1.6684713e-05 1.5491415e-06 3.679471e-07 4.5106913e-06 8.61791e-08 0.00044015734 2.4348293e-07 5.334769e-08 3.1317333e-07 1.6075829e-07 4.4941706e-07 5.3678264e-07 0.0035794934 1.9329795e-07 0.0002891361 7.862979e-07 1.4958667e-08 0.0001543451 1.6440655e-06 6.614905e-07 5.9670652e-05 5.59119e-06 3.4789187e-07 2.9860274e-07 0.00023503754 7.640739e-07 5.610686e-06 1.0871683e-05 0.00013973111 0.0034783403 3.4591071e-06 9.512903e-08 3.5163671e-07 1.1459992e-06 9.25431e-07 5.3554265e-07 2.218533e-08 5.7687095e-07 0.00038673056 2.452707e-05 5.2229416e-06 6.9538705e-06 3.307515e-08 1.8541796e-07 4.8666643e-06 3.0719434e-08 0.0015665718 5.959047e-07 0.00063950475 1.8908979e-09 0.012818297 1.0338525e-05 2.1787194e-09 6.752687e-06 6.4137944e-09 0.0059555615 0.008674125 1.1837187e-06 4.5707154e-09 4.269739e-09
0.030579204 0.73507816 0.3016356 0.033872303 0.73112184 2.358388e-16 0.0006132534 0.37268436 0.00596764 0.9842901 0.00038464798 0.16117446 0.0036157065 0.000288507 0.027918799 0.000250363 2.7313417e-06 1.0357852e-06 0.05293451 0.00017501587 7.5287576e-06 0.01719064 4.7173125e-05 7.130882e-05 9.65261e-07 2.3268338e-05 6.247699e-06 5.9884854e-08 4.1592358e-07 5.1551035e-07 0.00013399699 1.0378013e-06 9.553091e-07 0.036869437 1.2870245e-05 2.7638752e-08 3.0662727e-07 0.41459996 3.2144777e-07 0.0008767748 2.8278432e-08 3.760073e-05 2.0318623e-06 6.278504e-07 1.3327953e-05 6.3933123e-07 0.007491254 3.315665e-07 8.2855627e-07 6.160165e-06 3.6040663e-07 4.4720625e-07 1.2145392e-07 0.13910836 9.576835e-07 0.0015550092 2.1025663e-07 1.4696572e-07 0.002853686 2.0089526e-06 6.2295203e-07 0.00011089762 1.545606e-06 7.237666e-07 4.5282246e-08 0.00039497632 6.21015e-06 2.1056917e-06 5.410285e-06 0.00317898 0.011967267 7.001966e-07 2.6851282e-07 1.6011207e-06 5.5403934e-06 1.6234208e-07 4.232944e-06 4.9738486e-07 8.3645e-08 0.00029972728 7.430475e-05 1.7509241e-05 2.2314714e-05 2.0084278e-06 6.4595145e-07 5.491063e-06 8.010285e-08 0.002640078 4.897818e-06 0.001208401 2.3163258e-09 0.05224734 5.4481945e-05 1.2927365e-08 2.8270224e-05 2.6402928e-08 0.031211928 0.036459796 1.3252887e-06 8.862886e-09 7.701624e-08
0.0005505224 0.008219368 0.34376946 0.8508919 0.00044773033 0.0006132534 7.5338287e-19 0.017514205 0.84968203 0.0011418152 0.13900831 0.0068534627 0.01075248 0.36292413 0.00461255 0.0154757155 0.040674306 0.023968639 0.0004680607 0.017074177 0.011006621 0.00031050734 0.0072033787 0.29330328 0.018972 0.0042067636 0.0051681167 0.0011402939 0.00436517 0.0026538784 0.0009039586 0.0016833933 0.00028898506 0.0032126238 0.00016878676 0.00040872762 7.3722076e-05 0.00040036725 0.00052272296 0.0017340345 3.821381e-05 0.0018275257 0.0010963542 1.8881285e-05 0.0005079576 4.4737775e-05 0.0017701874 2.768145e-05 1.6719127e-06 5.193988e-06 8.519691e-05 8.524918e-05 4.917105e-06 1.0267682e-05 9.147885e-06 0.00048468725 8.749042e-06 8.205814e-06 6.195855e-07 0.00011808537 2.2468123e-05 0.00019344395 3.1959295e-05 3.73297e-06 1.1665227e-05 0.00016307113 7.755037e-06 2.1778148e-06 6.0867456e-05 1.4482583e-05 0.00029718556 7.2235484e-06 5.9044155e-06 7.3568854e-06 4.654857e-06 1.1683893e-06 1.688415e-06 1.2915648e-06 6.212596e-06 0.00047133063 5.285246e-05 5.1868374e-05 5.20836e-05 1.6248946e-06 2.7322938e-05 3.728388e-06 6.873206e-07 0.00052647013 1.0087958e-06 0.00042796088 1.1628484e-07 0.00039864174 2.4846311e-05 1.4930272e-07 1.775413e-05 3.186557e-08 0.0023723885 2.638814e-05 0.00017378411 7.170715e-05 2.3716034e-06
0.19968784 0.1960614 0.9623708 0.15740484 0.0109076435 0.37268436 0.017514205 4.1325973e-17 0.010832968 0.66581494 0.31771114 0.9268022 0.2657819 0.015597524 0.8152719 0.11144648 0.022960236 0.0067679193 0.3284583 0.002356488 0.02469712 0.30439055 0.027128987 0.0019914873 5.9280585e-05 0.008183812 0.0017966761 8.1068965e-06 4.1396794e-05 0.00014807582 0.04465318 9.621927e-06 5.898876e-06 0.38939217 9.650526e-06 1.7656828e-06 1.4496912e-05 0.42559338 1.5289595e-05 0.04228113 8.186519e-07 0.0039344267 0.0005062604 8.4818384e-07 0.0006810984 1.5542768e-06 0.18813202 1.3552919e-06 5.697148e-07 1.0815752e-06 1.9859786e-05 8.490357e-06 4.4893304e-07 0.0050366833 8.2285516e-07 0.020217562 8.823335e-07 1.2132531e-07 0.00055362214 2.2750994e-05 7.1953236e-06 0.0018289316 1.8152448e-05 1.5179882e-06 3.8575513e-06 0.0019909546 2.4730791e-06 2.9181442e-07 0.000103081875 0.00024141805 0.0056934496 2.8422894e-06 1.0110612e-06 1.5052244e-06 1.001394e-06 5.55871e-08 1.7534992e-07 8.097229e-08 8.950094e-07 0.0011008463 7.393904e-06 1.1620291e-05 3.7523516e-06 5.544984e-07 1.1552089e-06 3.5110358e-07 1.0707764e-06 0.009103492 1.3903212e-07 0.002558101 2.221997e-08 0.013571041 4.75347e-06 4.2165208e-08 2.9051698e-06 2.2539899e-08 0.030623768 0.0021905745 5.2931423e-06 9.781124e-06 1.0569363e-07
4.4281e-05 0.055551473 0.11303742 0.6959799 0.009628858 0.00596764 0.84968203 0.010832968 4.188141e-18 0.0019390302 0.035040997 0.0025879503 0.0013043254 0.08971397 0.00038713368 0.0013814528 0.004182378 0.0015553548 5.8130394e-05 0.00331812 0.00068714336 4.7774316e-05 0.000945827 0.68558824 0.0016842225 0.00015345584 0.00030194732 1.3370499e-05 0.00013601113 2.2317696e-05 1.2845611e-05 0.00016037816 2.4920064e-05 0.00021209908 0.0012722779 6.1063593e-06 5.9388353e-06 0.0002528368 0.0006031987 2.7427159e-05 1.8761534e-06 0.00012666888 3.904767e-05 2.2694283e-05 0.000116461255 2.1785938e-06 9.833327e-05 5.007503e-05 4.8449385e-07 1.996162e-05 3.2380194e-06 7.765797e-06 2.824318e-06 0.000386216 6.4592828e-06 3.5393703e-05 3.0032927e-06 5.3462545e-06 2.202734e-06 5.1923334e-06 1.3037191e-05 1.6745258e-05 1.41245e-05 9.794332e-06 4.6947716e-06 1.2863472e-05 2.2293785e-05 2.5506064e-05 1.7775274e-05 9.119262e-06 0.00011053883 2.1911583e-06 4.402364e-07 3.4984268e-06 2.1731446e-06 1.2272836e-06 3.7309776e-06 8.6591234e-07 9.079851e-07 8.467817e-05 9.938946e-06 1.409069e-05 1.1154745e-05 9.499381e-07 5.558207e-06 3.0690828e-06 1.2559361e-06 0.00022265536 2.769997e-06 0.00019728074 5.6532627e-08 0.00021140845 2.8628516e-05 9.1764484e-08 1.2631078e-05 4.3840114e-08 0.00089213334 0.00018064537 4.0563562e-05 1.6327934e-06 1.4521306e-07
0.11455921 0.3069228 0.3491824 0.023476055 0.085566044 0.9842901 0.0011418152 0.66581494 0.0019390302 3.5796178e-17 0.00091152417 0.6513499 0.007734589 0.00024164219 0.13074875 0.0012399897 3.1844324e-05 7.4048066e-06 0.5169727 4.9497066e-05 0.00011751702 0.20749106 0.00036771438 0.00020165232 2.067648e-06 3.3273922e-05 9.591822e-06 7.621558e-08 9.960555e-07 1.7528213e-06 0.0015321892 1.0810732e-06 1.6349539e-07 0.25724158 2.0526747e-06 3.860127e-08 2.0089651e-07 0.8476137 3.6692984e-07 0.0071579902 6.893178e-08 0.00017552066 2.109747e-05 1.9066937e-07 2.6713227e-05 3.0001397e-07 0.05117383 9.857683e-07 1.2056313e-07 2.395771e-07 1.0266355e-06 4.1017606e-07 1.432325e-07 0.05921763 2.6235872e-07 0.01660655 9.0034916e-08 3.1638297e-07 0.0013320642 8.351436e-06 1.1630951e-06 0.0006405653 6.9921475e-06 1.1203387e-06 2.35262e-06 0.0020046534 6.05287e-07 3.5465024e-07 2.4188783e-05 0.0014029038 0.023576744 3.7301e-07 2.8258174e-07 1.4551257e-06 5.7915906e-07 1.2852729e-07 1.8251183e-07 2.980363e-07 2.605324e-07 0.0015220195 1.4140936e-06 6.698649e-06 9.233746e-06 4.6752842e-07 1.1595312e-06 6.8551117e-07 7.5804246e-07 0.0042967605 2.367128e-07 0.0035554736 1.9861556e-08 0.04169417 2.3555451e-06 4.328038e-08 2.2022583e-07 5.3669684e-08 0.063405365 0.011569493 9.561359e-07 3.451446e-06 6.435598e-08
0.13184874 0.0005994903 0.6718285 0.31007937 4.9136896e-05 0.00038464798 0.13900831 0.31771114 0.035040997 0.00091152417 1.1274946e-17 0.042115845 0.95089614 0.272058 0.5424484 0.91479415 0.81291354 0.6135105 0.0032000314 0.08022322 0.56120414 0.0081449235 0.38512173 0.011831648 0.0016792794 0.08744985 0.027121358 0.00068420573 0.0025103004 0.013334827 0.08607011 0.00013293052 0.00017034044 0.029493721 5.026783e-06 8.412423e-05 0.0001343052 0.0013113249 1.8728044e-05 0.04268453 5.263097e-06 0.03200803 0.0037206912 8.213362e-06 0.0025041576 6.861706e-05 0.021670155 2.6409577e-06 8.029954e-07 1.2970464e-06 0.00023752225 0.000110513225 3.9440097e-06 2.9648167e-05 3.5580292e-06 0.0038325852 3.4773448e-06 9.31626e-07 2.345769e-06 2.9413655e-05 2.469498e-05 0.0036434047 3.980548e-05 5.7937373e-06 2.8097102e-05 0.0009782552 5.16097e-06 8.7340226e-07 0.0002515376 2.6818614e-06 0.00035980978 3.178022e-05 3.3253157e-06 2.610349e-06 3.9673496e-06 1.008663e-06 7.615785e-07 2.3638705e-07 1.9993018e-05 0.00035525518 4.8211346e-06 6.699476e-05 9.7813945e-06 4.322653e-07 0.00013141755 9.026047e-07 2.4654164e-06 0.0015693015 9.390618e-07 0.0009595372 1.1952126e-07 0.00094386085 8.05616e-06 1.5282627e-07 1.2627928e-06 5.1715624e-08 0.0038349181 7.692052e-06 4.456287e-06 0.00012628542 2.551869e-07
0.4282938 0.0050122025 0.60187984 0.09828765 0.0049380898 0.16117446 0.0068534627 0.9268022 0.0025879503 0.6513499 0.042115845 4.7043114e-18 0.09526157 0.0051877676 0.8466101 0.021709137 0.0036526956 0.0010374606 0.9182624 0.00096228684 0.0065996754 0.7350189 0.010186822 0.00026559003 6.799568e-05 0.0037675973 0.00037535524 6.5539857e-06 5.006529e-05 0.00012430016 0.05808271 5.9694125e-06 7.5443395e-06 0.4472552 2.6802043e-06 1.7029057e-06 1.7263963e-05 0.4053529 2.7312583e-06 0.06465083 1.5354863e-06 0.0034516943 0.0004531517 1.4297789e-06 0.00071983575 3.4337036e-06 0.21955301 5.964186e-07 2.028651e-07 1.1702068e-06 7.0206894e-05 2.4958428e-05 4.2259494e-06 0.0037963935 8.507459e-06 0.067306355 4.187586e-07 6.15184e-08 0.0002899388 0.0001235424 5.6866957e-06 0.008158155 4.999606e-05 6.179179e-07 1.6242371e-05 0.013362769 7.9810764e-07 5.7377696e-07 0.00083346764 0.00031567548 0.011068701 1.0648989e-05 5.0314617e-07 7.491603e-07 1.3955053e-06 2.1351484e-06 3.198701e-07 8.389824e-08 5.1104303e-06 0.003401159 2.7075623e-06 6.513903e-05 2.8945863e-06 4.198262e-07 3.1110212e-05 1.503176e-06 3.6033822e-07 0.009185889 5.310078e-07 0.0039125658 4.0340034e-09 0.016560046 2.1928201e-06 2.526112e-08 4.573022e-07 2.160537e-08 0.034993023 0.0012963373 7.4629834e-06 3.1647214e-06 6.172947e-07
0.09488952 0.00032359944 0.24450944 0.036618598 0.00010368853 0.0036157065 0.01075248 0.2657819 0.0013043254 0.007734589 0.95089614 0.09526157 7.8427026e-19 0.03417467 0.9364578 0.8694067 0.41223314 0.2785713 0.044239774 0.01643905 0.58250165 0.08729976 0.469582 0.00060804427 0.001293492 0.18960062 0.026284257 0.0005852168 0.0015153132 0.018664494 0.43683222 0.00016017669 0.00019008796 0.18778041 8.533758e-07 7.1241186e-05 0.00016408076 0.023907326 7.1720583e-06 0.21991809 4.970314e-06 0.03901835 0.0049964506 1.0093632e-05 0.0027589668 1.9616136e-05 0.087354824 3.427517e-06 1.9904674e-06 1.5217873e-06 0.0003891177 0.00014935777 4.2919823e-06 0.0006285772 2.5861923e-06 0.020579943 4.233311e-06 1.4981191e-07 1.7612556e-05 9.9971476e-05 2.4392662e-05 0.0061838333 3.6385707e-05 6.5608147e-06 2.872248e-05 0.006050366 3.9036076e-06 2.4865403e-06 0.0004684689 2.8268443e-05 0.00064888113 6.1603005e-06 8.594393e-07 1.3265001e-06 2.993482e-06 5.49479e-07 4.5552108e-07 4.409463e-08 1.5927659e-06 0.0010328183 6.5498675e-06 4.594442e-05 4.9535156e-06 2.998358e-07 2.0290594e-05 1.1314464e-06 6.852053e-07 0.0012902598 6.587887e-08 0.0013152695 3.869607e-08 0.0019874566 2.7737058e-06 8.411644e-09 7.0961204e-07 1.0497351e-08 0.0075509334 4.2912074e-05 2.0873292e-06 7.5827056e-06 9.9501165e-08
0.07758572 0.0015705525 0.27736288 0.15764399 7.277076e-05 0.000288507 0.36292413 0.015597524 0.08971397 0.00024164219 0.272058 0.0051877676 0.03417467 4.3685264e-16 0.0078121764 0.09869253 0.5329138 0.348769 0.00053793215 0.96938866 0.08827928 0.0009710928 0.09750624 0.34381327 0.9060326 0.043895494 0.2141068 0.12754954 0.29079562 0.054518383 0.0043074046 0.21269333 0.048553433 0.0035593228 0.002971215 0.022157524 0.007995766 0.00079863844 0.06456558 0.0036875051 0.019557 0.15828246 0.042379003 0.0029956899 0.010077988 0.0042886566 0.0064733312 0.0021346945 0.0006673911 0.0004908545 0.0006275066 0.0032393588 0.00014161086 7.6060123e-06 0.00035545498 8.251215e-05 0.000101032194 4.375251e-05 2.447787e-06 2.4358744e-05 0.00013908166 0.002272479 0.00014070932 7.553594e-05 7.6045185e-06 0.00013541384 1.1985181e-05 1.0563368e-05 6.86547e-05 8.6536875e-06 6.465912e-05 3.532112e-06 8.737326e-06 3.8702183e-05 3.3954027e-06 2.5887462e-06 1.5668415e-05 1.9187355e-06 2.7069156e-05 0.00021666389 2.4044808e-05 6.279301e-05 6.418192e-06 7.1386626e-06 3.140125e-05 8.61561e-06 8.698724e-06 0.0031058511 1.601595e-05 0.0024913198 1.0476231e-06 0.00049647526 2.8061648e-05 2.9008356e-07 3.8075625e-06 1.3882226e-07 0.001917341 0.0001400358 0.00013712847 0.00062461145 6.8725114e-07
0.46571437 0.0009909654 0.41838026 0.039485198 0.00032441027 0.027918799 0.00461255 0.8152719 0.00038713368 0.13074875 0.5424484 0.8466101 0.9364578 0.0078121764 1.7104637e-18 0.6834983 0.08966668 0.05316855 0.49572986 0.003764569 0.35533273 0.6599854 0.27582708 0.00015862583 0.00014584379 0.1372553 0.0059588253 1.6661263e-05 0.0001446902 0.0014845361 0.6513819 5.1497404e-06 7.1681334e-06 0.7202003 4.932521e-07 2.6148637e-06 5.36148e-06 0.31315342 2.3908879e-06 0.46984908 6.855962e-07 0.01585652 0.0013153862 4.000432e-07 0.0011031159 4.582251e-07 0.28886163 9.098227e-07 3.0356272e-08 1.5169809e-06 9.640348e-05 1.41398505e-05 1.596698e-07 0.0027604643 3.4110053e-07 0.09512527 6.19789e-08 3.078689e-08 7.544373e-05 4.21705e-05 6.004352e-07 0.010410644 7.558966e-06 5.2491043e-07 2.4131261e-06 0.033871714 5.895946e-08 1.01816866e-07 0.00037927274 2.4105007e-05 0.0024895195 1.2581504e-06 3.0991464e-07 2.3170396e-07 1.4965669e-07 1.235309e-07 5.836444e-08 1.1956589e-08 9.498779e-08 0.0014947797 8.2079623e-07 2.6564646e-06 3.3158105e-07 5.025326e-08 1.4988558e-06 3.792584e-08 7.184524e-08 0.00536011 3.259591e-09 0.0019260655 6.7761783e-09 0.0055822213 1.3992987e-07 1.0014198e-08 4.0192752e-08 6.307701e-09 0.023222663 0.00016771028 4.2673653e-07 7.4346603e-06 6.603197e-08
0.107055016 0.00014579011 0.17445852 0.03522763 1.6651016e-05 0.000250363 0.0154757155 0.11144648 0.0013814528 0.0012399897 0.91479415 0.021709137 0.8694067 0.09869253 0.6834983 5.72628e-18 0.72966576 0.6296177 0.015113587 0.0659258 0.8941757 0.021841336 0.78047353 0.00055162754 0.016765296 0.489035 0.19982612 0.008125713 0.01577526 0.16984263 0.5240986 0.0020037733 0.0017403424 0.07420022 6.74434e-06 0.0015718349 0.0017561067 0.0044344016 4.2128373e-05 0.32454053 9.704382e-05 0.15245542 0.02172916 7.780168e-05 0.013718676 0.00028539938 0.053496297 6.9170956e-06 1.911249e-05 1.2101656e-05 0.0027769497 0.00064764067 4.5498142e-05 0.00011510817 6.3448756e-06 0.023522045 3.2909924e-05 8.0266926e-07 5.162737e-06 0.00030894717 0.00031644985 0.02102098 0.0003395246 1.3704775e-05 0.00030003733 0.009323518 3.6614872e-06 3.0895305e-06 0.001638027 8.854139e-06 0.00030492706 1.725927e-05 4.254624e-06 3.1375312e-06 7.5870894e-06 2.8377474e-06 3.9183158e-07 1.3221357e-07 1.1403091e-05 0.0015430561 1.7362516e-05 0.00013759181 6.9368675e-06 5.8154234e-07 4.539283e-05 2.673034e-06 5.1321274e-07 0.0025078536 2.1815784e-07 0.0016222501 1.341592e-07 0.0011104452 9.371861e-06 3.6188883e-08 2.5702225e-06 2.3900466e-08 0.0047425106 2.3476658e-05 1.805273e-05 4.471794e-05 2.4000522e-07
0.15250951 3.1552154e-05 0.2208888 0.077236906 9.0225524e-07 2.7313417e-06 0.040674306 0.022960236 0.004182378 3.1844324e-05 0.81291354 0.0036526956 0.41223314 0.5329138 0.08966668 0.72966576 1.5301647e-18 0.98243 0.00036282485 0.35021004 0.6389592 0.0021624824 0.4684234 0.01707053 0.07037689 0.25738385 0.14577062 0.038814332 0.06951868 0.19311093 0.13079496 0.011428715 0.008117941 0.014358619 1.3798385e-05 0.0019985859 0.004634873 0.0011042289 0.00097051746 0.08567591 0.00023046535 0.15314978 0.025067054 6.0975406e-05 0.015793066 0.0013748112 0.0144694485 4.283786e-05 2.0334703e-05 2.108151e-06 0.0023937149 0.0016824557 0.00016583593 5.0027033e-06 2.182592e-05 0.0035572036 0.00010241898 2.9623702e-06 3.1360187e-07 0.00026203736 0.0005419607 0.016717877 0.00038097272 3.845753e-06 8.4412095e-05 0.0018190054 6.1622395e-06 2.247587e-06 0.0007405655 1.3649488e-06 0.00014854086 1.4371893e-05 5.235044e-06 3.0849435e-06 3.1165666e-06 9.131577e-06 8.458607e-07 1.9562965e-07 1.9295281e-05 0.00040069388 5.6656063e-06 0.00010038036 6.104153e-06 3.024469e-07 9.153012e-05 2.2620675e-06 7.912121e-07 0.0007013275 1.0090778e-06 0.0007153373 9.1863775e-08 0.00054041547 1.595646e-05 8.311287e-08 3.9044785e-06 6.480793e-08 0.0010639777 3.0534286e-06 3.320637e-05 0.00010569661 6.147674e-07
0.11884102 1.0265146e-05 0.062458575 0.02733973 3.2955523e-07 1.0357852e-06 0.023968639 0.0067679193 0.0015553548 7.4048066e-06 0.6135105 0.0010374606 0.2785713 0.348769 0.05316855 0.6296177 0.98243 1.934752e-18 7.3806914e-05 0.35312134 0.6419342 0.0011697782 0.48134962 0.0068581547 0.075871676 0.2682645 0.20342465 0.0667797 0.095967524 0.28691447 0.12421832 0.01133892 0.009178686 0.007255719 2.2523966e-05 0.0031914187 0.0055249445 0.00046307794 0.0016284271 0.089881904 0.00035815535 0.1758823 0.03479602 5.4750024e-05 0.021126384 0.001182908 0.011117029 8.4861036e-05 1.0500472e-05 5.4986726e-06 0.0016847037 0.0016529419 7.3038995e-05 5.130175e-07 1.771638e-05 0.0017464849 6.6108754e-05 3.5804915e-06 3.8302537e-07 0.00026619225 0.00039811726 0.01504563 0.0006439184 6.033135e-06 0.00015300415 0.0013379634 1.1126511e-06 1.2136079e-06 0.00057246035 1.4433406e-06 0.00016720229 3.213408e-05 9.246842e-06 1.224667e-06 1.3710742e-06 8.67858e-06 3.0442973e-07 9.337433e-08 1.8779945e-05 0.0003462358 4.6004334e-06 0.00015037539 1.0107291e-05 4.6926922e-07 0.00013658304 1.4313698e-06 2.5437694e-06 0.0010600238 3.86872e-07 0.0015838147 3.3175124e-07 0.0005997645 1.3142313e-05 1.8879393e-07 9.907725e-06 5.43811e-08 0.0018383273 6.836714e-07 5.5719986e-05 0.000232524 1.2946366e-06
0.3681791 0.00088655803 0.026973935 0.003975717 0.001369636 0.05293451 0.0004680607 0.3284583 5.8130394e-05 0.5169727 0.0032000314 0.9182624 0.044239774 0.00053793215 0.49572986 0.015113587 0.00036282485 7.3806914e-05 6.410628e-20 0.00029234134 0.002264156 0.9458104 0.0025264807 7.549172e-05 6.820112e-06 0.0009827923 2.8675571e-05 9.2279845e-07 5.133055e-06 2.5037883e-05 0.03343937 7.528172e-07 9.345724e-07 0.6410296 8.7955596e-07 8.141225e-08 8.955746e-07 0.8330332 6.0454283e-07 0.07944546 5.0260155e-08 0.0005516644 0.000101606056 5.7887718e-08 9.423389e-05 1.526709e-08 0.20652227 2.0606409e-07 1.3075808e-08 1.9454924e-07 3.1568525e-05 5.0732166e-07 1.6250123e-08 0.04010347 1.04419236e-07 0.12190198 4.5468904e-09 2.0865163e-09 0.0005948488 2.1415652e-05 4.4220525e-07 0.0052643605 2.1589328e-06 1.033268e-07 6.243866e-07 0.03120654 2.735542e-09 3.6547995e-08 0.00024409383 0.00040305775 0.031809427 1.028851e-07 1.9502926e-09 2.3394942e-09 2.7860041e-08 3.907505e-09 2.4029356e-09 7.8897144e-10 4.0611962e-08 0.0048569 7.383166e-08 4.8239676e-06 5.5185982e-08 4.061953e-09 3.0267339e-07 1.0063254e-08 1.1833325e-08 0.007348497 9.903643e-10 0.001909245 1.2387572e-09 0.020537505 4.1215642e-08 5.047376e-10 9.272967e-09 1.4563701e-09 0.0653065 0.0014518462 5.3860223e-08 1.364118e-07 5.7773635e-09
0.050869532 0.00011929789 0.049158856 0.010371194 2.7693119e-05 0.00017501587 0.017074177 0.002356488 0.00331812 4.9497066e-05 0.08022322 0.00096228684 0.01643905 0.96938866 0.003764569 0.0659258 0.35021004 0.35312134 0.00029234134 1.582158e-15 0.10914179 0.001212502 0.073901094 0.010561878 0.93580467 0.077792466 0.15635148 0.3620561 0.3762993 0.1420642 0.007968567 0.45837307 0.09964197 0.002069228 0.0004699435 0.07615536 0.028367309 0.00073438376 0.014773016 0.012549982 0.028373139 0.15121585 0.0781209 0.002363375 0.03350646 0.020605482 0.0023518496 0.0020876802 0.0020061766 0.00023284156 0.0054327743 0.013294922 0.0011739136 6.3909015e-06 0.00048135087 0.00031145287 0.00081394135 3.568845e-05 1.1791145e-05 0.00026649045 0.00033289744 0.0076892367 0.0022877862 0.00013056581 0.00016812808 0.00014180019 7.033536e-05 6.398101e-05 0.00059200445 7.6884775e-05 0.00014948346 7.251755e-05 1.9818219e-05 0.00010919602 5.0830724e-05 4.738737e-06 0.00010387907 1.1759354e-05 0.00048647058 0.00045529727 0.00033931923 0.00029650415 5.2380936e-05 5.3919844e-06 1.8787201e-05 5.9791873e-05 9.6547745e-05 0.0021579377 4.839584e-06 0.002490378 2.9251282e-06 0.0008381301 7.518472e-05 1.8379924e-06 7.442552e-05 5.521597e-07 0.0015307338 2.7078942e-05 7.754493e-05 0.0012314657 1.1708873e-05
0.180957 3.919747e-05 0.060244005 0.008171201 9.516265e-07 7.5287576e-06 0.011006621 0.02469712 0.00068714336 0.00011751702 0.56120414 0.0065996754 0.58250165 0.08827928 0.35533273 0.8941757 0.6389592 0.6419342 0.002264156 0.10914179 9.067418e-18 0.00792629 0.95558345 0.000592469 0.115045086 0.7681358 0.5537499 0.06968427 0.06819383 0.599005 0.5771467 0.022224937 0.015622363 0.021650866 4.7373865e-06 0.0039279168 0.0125890905 0.0014378378 0.00075296836 0.3312597 0.0010256896 0.22476676 0.050637938 0.00029390006 0.027808577 0.0013394015 0.031542234 6.4390704e-05 5.8203226e-05 3.758974e-06 0.006989075 0.0019644836 0.00020465002 3.774703e-05 1.5536905e-05 0.017454369 0.00020769247 3.8367666e-06 1.3692917e-06 0.0013923381 0.0005992843 0.044829488 0.001570968 1.1210034e-06 0.0015093515 0.008843258 1.2666427e-06 8.8637324e-07 0.0035150063 6.3907345e-07 0.00013133085 1.7409224e-05 5.6207014e-06 9.469541e-07 2.474228e-06 2.2550694e-06 7.752529e-08 1.3664902e-07 2.3659026e-05 0.001631893 5.07096e-06 8.9350244e-05 2.880322e-06 2.4895073e-07 1.8393486e-05 2.3418718e-07 4.6090645e-07 0.0018751896 8.977222e-08 0.00181021 1.4667238e-07 0.0006965868 4.2160427e-06 3.011389e-08 1.3134112e-06 2.4314334e-08 0.0018973252 7.073233e-06 1.333777e-05 2.2909146e-05 3.8150315e-08
0.5781207 0.00013724872 0.034248807 0.0032837833 0.0002873814 0.01719064 0.00031050734 0.30439055 4.7774316e-05 0.20749106 0.0081449235 0.7350189 0.08729976 0.0009710928 0.6599854 0.021841336 0.0021624824 0.0011697782 0.9458104 0.001212502 0.00792629 6.9526774e-19 0.0060029067 2.103531e-05 4.292734e-05 0.0070790043 0.00023792648 1.6030483e-05 1.9791305e-05 9.7674456e-05 0.1332027 9.951768e-06 3.3667664e-06 0.8874835 6.544158e-07 2.647172e-07 2.1652693e-06 0.59150887 1.3132758e-06 0.2624993 1.8368709e-06 0.0032569848 0.00035180865 5.2608766e-07 0.00030030467 9.11063e-08 0.40148813 1.4197404e-06 2.6942994e-08 3.9663868e-07 0.00021396695 2.4274736e-06 1.744928e-07 0.030314805 2.4566316e-06 0.25785622 5.2561198e-08 2.4441445e-07 0.00027425133 0.00038592936 3.4212482e-07 0.023672033 1.7970007e-05 7.7928803e-07 9.848827e-06 0.1634443 3.430146e-08 7.806898e-08 0.0018776223 0.00012748958 0.027193965 4.452464e-06 3.6320947e-07 2.4948728e-08 7.367593e-08 2.1051683e-07 2.6145644e-08 5.5752825e-09 2.8060495e-07 0.01366413 2.4410906e-07 1.5617796e-05 2.7355034e-07 5.4521827e-08 4.2194998e-07 6.169348e-08 1.0283134e-07 0.012166267 1.6223922e-08 0.0029521163 1.2383681e-08 0.012291291 4.9616844e-08 3.1529712e-09 2.8933911e-08 4.564591e-09 0.051342305 0.00017994299 8.351889e-08 2.3851453e-07 5.5825957e-08
0.36264443 3.7150407e-05 0.047138896 0.007663252 4.245472e-06 4.7173125e-05 0.0072033787 0.027128987 0.000945827 0.00036771438 0.38512173 0.010186822 0.469582 0.09750624 0.27582708 0.78047353 0.4684234 0.48134962 0.0025264807 0.073901094 0.95558345 0.0060029067 1.8669832e-17 0.0004542243 0.12079405 0.8836988 0.66978014 0.06256063 0.08423418 0.64417654 0.68532413 0.029009586 0.014723846 0.016848804 6.818987e-06 0.004254574 0.021947961 0.001774028 0.0013657244 0.402798 0.0032076763 0.3434548 0.07060026 0.0007883677 0.049709864 0.002417745 0.04688876 0.00033126108 6.783129e-05 5.7823718e-06 0.0064774756 0.0032200003 0.00040857287 0.00011192666 6.874977e-05 0.0242838 0.00037833783 5.5815606e-05 2.3164728e-06 0.0017502347 0.0005999167 0.064024 0.0033959004 4.133326e-06 0.0022884943 0.009344276 5.0940516e-06 1.706855e-06 0.00512272 2.8890057e-07 5.1584877e-05 2.9421932e-05 1.4163171e-05 3.1937795e-06 1.7054475e-06 7.579149e-06 3.689872e-07 6.49893e-07 2.7306529e-05 0.0019509916 2.9798387e-06 9.906643e-05 2.5879315e-06 6.67717e-07 1.5435946e-05 3.2025622e-07 1.1513133e-06 0.0026147168 3.6288918e-07 0.0018724892 3.9462915e-07 0.0008766206 2.7998656e-06 1.16159484e-07 1.3940527e-06 1.4390834e-07 0.0014352526 7.0287983e-06 9.664e-06 2.2378605e-05 7.206635e-08
0.00050156214 0.00048225746 0.0069037643 0.02398754 0.0004649939 7.130882e-05 0.29330328 0.0019914873 0.68558824 0.00020165232 0.011831648 0.00026559003 0.00060804427 0.34381327 0.00015862583 0.00055162754 0.01707053 0.0068581547 7.549172e-05 0.010561878 0.000592469 2.103531e-05 0.0004542243 6.373279e-18 0.01841496 0.00044504006 0.0028831805 0.000750665 0.0013834521 0.00037729074 1.1125795e-05 0.0009870817 3.0687243e-05 4.5349945e-05 0.6852958 0.0001701802 1.8370469e-05 4.6610563e-05 0.0013984223 8.619095e-06 6.4592125e-05 0.00015761505 0.00011380152 9.618436e-05 8.346002e-05 0.00012837339 3.4068347e-05 0.00021122524 3.214907e-05 0.011559639 7.825056e-06 1.2468382e-05 3.6818456e-06 7.0488763e-06 3.694993e-05 2.9492443e-05 7.0774236e-06 1.6130407e-05 4.468733e-07 2.9515826e-05 1.09241055e-05 0.0001336147 7.273593e-05 3.5241224e-05 9.939514e-06 9.1944195e-05 1.792106e-05 7.305516e-05 0.000101888225 4.9709095e-05 0.000361061 5.11235e-06 5.402567e-06 1.2891989e-05 9.232985e-05 1.9130277e-06 4.1901825e-05 5.996355e-06 2.745846e-05 0.00058225857 0.00048206386 0.0003221919 0.00011054263 4.8311867e-06 1.1085484e-05 1.2235726e-05 7.0801852e-06 0.00169553 2.4081558e-06 0.0021773041 1.4423533e-07 0.00021564966 3.3564676e-05 2.3220676e-07 1.0510081e-05 5.9031365e-08 0.003975385 8.304169e-05 5.9851605e-05 3.5143592e-05 1.4001442e-06
0.038722824 1.6462047e-07 0.0007775017 0.00045276876 5.547142e-07 9.65261e-07 0.018972 5.9280585e-05 0.0016842225 2.067648e-06 0.0016792794 6.799568e-05 0.001293492 0.9060326 0.00014584379 0.016765296 0.07037689 0.075871676 6.820112e-06 0.93580467 0.115045086 4.292734e-05 0.12079405 0.01841496 5.1706634e-16 0.13960925 0.29642954 0.8031524 0.730625 0.31673497 0.014822988 0.93338245 0.5697356 0.000619289 0.0008362052 0.31154555 0.14838114 4.311891e-05 0.25619832 0.015217112 0.18678409 0.26796526 0.29086635 0.013470093 0.12285663 0.30798644 0.00037718227 0.031340603 0.0046365066 0.0017317331 0.027355162 0.04891144 0.003966932 2.849423e-07 0.00015806376 4.9436683e-05 0.0058719837 8.31463e-05 3.5103696e-07 0.00051011203 0.0021838485 0.007453514 0.0075030182 8.080463e-05 0.00020111995 7.35948e-05 2.434583e-05 5.1064203e-06 0.0010908372 1.5552389e-06 2.531356e-05 0.00019341313 1.2722534e-05 1.911382e-05 3.285755e-05 6.0399743e-06 2.0696089e-06 1.1159209e-06 0.0001191478 0.00010182101 3.0082736e-05 0.00024082778 1.7295684e-05 1.6233867e-05 0.00020717099 9.4356965e-06 7.8742734e-05 0.00017249357 3.5265953e-06 0.0010076764 4.8866295e-06 3.2091753e-05 5.616048e-05 9.736159e-07 4.753164e-05 5.602642e-07 0.00089505856 4.1850926e-06 4.4316952e-05 0.0003772663 1.5522044e-06
0.74190986 3.4223856e-06 0.005545445 0.00062940764 1.4777771e-06 2.3268338e-05 0.0042067636 0.008183812 0.00015345584 3.3273922e-05 0.08744985 0.0037675973 0.18960062 0.043895494 0.1372553 0.489035 0.25738385 0.2682645 0.0009827923 0.077792466 0.7681358 0.0070790043 0.8836988 0.00044504006 0.13960925 1.7788392e-17 0.8047696 0.0912945 0.2210084 0.8215369 0.9052906 0.032882005 0.021610945 0.01603014 2.4567044e-06 0.01388961 0.07437313 0.0012758871 0.0007194559 0.6560588 0.0033436948 0.67929024 0.30674973 0.0005062179 0.23007722 0.0020193253 0.0858049 0.00025087877 2.7448588e-05 1.2020861e-05 0.012942695 0.015771084 0.0002857695 3.398333e-05 7.673022e-05 0.020702302 0.00029527245 2.0217156e-05 1.8478521e-06 0.0026850821 0.0009350703 0.23884462 0.019688984 3.2677508e-06 0.0032791907 0.008276498 5.535548e-07 5.701132e-07 0.0058371327 2.6472782e-07 0.00010665551 3.3794655e-05 2.0571772e-05 2.3770854e-06 1.7779028e-06 3.683349e-06 1.2078219e-06 4.396419e-07 0.00014615555 0.0025680102 5.2440187e-06 4.330567e-05 2.357233e-06 6.770003e-07 1.0990272e-05 1.0490588e-06 6.5526257e-07 0.002067303 9.960219e-08 0.0016880061 3.1311868e-07 0.0016234273 1.3472506e-06 1.4727634e-07 7.808905e-07 2.9450494e-08 0.0015102616 2.4135452e-06 3.1457225e-06 4.274359e-05 3.9305597e-08
0.65653217 1.4822267e-05 0.0053450516 0.0023723422 3.861648e-06 6.247699e-06 0.0051681167 0.0017966761 0.00030194732 9.591822e-06 0.027121358 0.00037535524 0.026284257 0.2141068 0.0059588253 0.19982612 0.14577062 0.20342465 2.8675571e-05 0.15635148 0.5537499 0.00023792648 0.66978014 0.0028831805 0.29642954 0.8047696 5.8060615e-17 0.16912492 0.3687617 0.9695786 0.35361326 0.09748425 0.07252719 0.0012846052 2.2515569e-05 0.045373335 0.14038831 0.00023995727 0.0054192045 0.2410128 0.017662253 0.56253225 0.24555694 0.002629779 0.17924331 0.03810099 0.01427529 0.004652712 0.0008357133 1.7045379e-05 0.0135444375 0.025595952 0.0016516933 5.7391185e-06 0.0005557036 0.003738994 0.001628059 0.00024143994 4.6433715e-07 0.0044481545 0.0064946837 0.15120308 0.029251864 3.0104318e-05 0.00703405 0.004861337 3.3229368e-05 7.7286495e-06 0.005313072 7.084277e-08 3.7692538e-05 0.0003150286 0.000102805316 1.5129955e-05 1.4441786e-05 9.49393e-05 1.9192462e-06 2.8049162e-06 0.00039327217 0.001570965 1.260957e-05 0.00014435156 1.1599533e-05 6.8073564e-06 6.0040435e-05 3.245337e-06 9.043655e-06 0.0014955705 1.6421649e-06 0.0013212146 6.2823465e-06 0.0010019818 1.1599829e-05 5.489641e-07 4.805601e-06 3.088286e-07 0.0006004361 2.5689494e-07 3.0056093e-05 0.00012617552 6.9314086e-07
0.03949247 9.682948e-08 1.2156935e-05 3.493238e-05 1.0106962e-07 5.9884854e-08 0.0011402939 8.1068965e-06 1.3370499e-05 7.621558e-08 0.00068420573 6.5539857e-06 0.0005852168 0.12754954 1.6661263e-05 0.008125713 0.038814332 0.0667797 9.2279845e-07 0.3620561 0.06968427 1.6030483e-05 0.06256063 0.000750665 0.8031524 0.0912945 0.16912492 4.313446e-18 0.9767707 0.60912716 0.017886478 0.9356453 0.75741947 0.0005933741 3.3518427e-05 0.3860641 0.22231306 2.7244674e-05 0.022900395 0.030106783 0.1047377 0.20638993 0.2741332 0.013176097 0.11833599 0.22660242 0.0006790492 0.008919045 0.005358439 9.583076e-05 0.0387882 0.045092005 0.0021094473 1.4859347e-07 0.00034420582 0.00038230795 0.0029237866 3.4871668e-05 6.856671e-08 0.0016229851 0.0035062614 0.015204311 0.015936542 7.97793e-06 0.002662782 0.00020449843 6.1083692e-06 2.722575e-06 0.0008267138 6.164582e-07 4.7436565e-06 0.00017825667 8.14702e-06 1.5669123e-06 9.675943e-06 1.2784298e-05 3.1581686e-07 1.2260091e-07 0.00016033794 0.00023164909 2.9629367e-05 0.0001897433 7.639889e-06 1.0615776e-06 4.72989e-05 3.257265e-06 5.270863e-06 0.00027629058 3.5469859e-07 0.00060688384 1.4845263e-06 0.00017775096 1.4039879e-05 4.971167e-08 1.684416e-05 6.62655e-08 0.0002608841 3.714272e-07 4.671768e-05 0.00017486006 5.6105984e-07
0.2574875 1.4671882e-07 0.00015994071 5.0177427e-05 1.9351745e-07 4.1592358e-07 0.00436517 4.1396794e-05 0.00013601113 9.960555e-07 0.0025103004 5.006529e-05 0.0015153132 0.29079562 0.0001446902 0.01577526 0.06951868 0.095967524 5.133055e-06 0.3762993 0.06819383 1.9791305e-05 0.08423418 0.0013834521 0.730625 0.2210084 0.3687617 0.9767707 5.989154e-17 0.6397376 0.039325792 0.8696222 0.7731363 0.0008620653 6.950009e-05 0.48984376 0.39081436 3.7716552e-05 0.040829606 0.067106135 0.16098389 0.49272233 0.4035243 0.031665888 0.25288334 0.43494835 0.00170829 0.023637546 0.012409911 0.00019194421 0.049908824 0.107642286 0.007374726 8.826701e-07 0.00059614546 0.00060623937 0.008693923 0.00017406774 1.739588e-07 0.003270719 0.012908408 0.03430929 0.036955643 3.8283477e-05 0.0047576977 0.00097448926 3.6285564e-05 5.8904275e-06 0.00242806 2.288504e-07 5.3935295e-05 0.00028968288 9.052469e-05 1.1105145e-05 8.218682e-06 0.00015052376 1.9694705e-06 1.1855681e-06 0.0003160397 0.0004078278 2.862434e-05 0.00014164124 7.0108836e-06 4.879417e-06 6.723042e-05 3.6080196e-06 5.5983605e-06 0.0006496112 3.295579e-06 0.0013277164 2.160148e-06 0.00028567002 1.6141026e-05 3.572202e-07 2.4994657e-05 4.0141595e-07 0.000403867 5.130669e-07 2.5460133e-05 0.0002638184 1.6987791e-06
0.3638692 5.81147e-07 0.00036458287 0.00014955533 6.3813314e-07 5.1551035e-07 0.0026538784 0.00014807582 2.2317696e-05 1.7528213e-06 0.013334827 0.00012430016 0.018664494 0.054518383 0.0014845361 0.16984263 0.19311093 0.28691447 2.5037883e-05 0.1420642 0.599005 9.7674456e-05 0.64417654 0.00037729074 0.31673497 0.8215369 0.9695786 0.60912716 0.6397376 3.472899e-18 0.24803391 0.29431328 0.3584531 0.00053771696 1.4965554e-05 0.32891518 0.5678454 5.5496555e-05 0.016409697 0.14384726 0.04611656 0.5593248 0.6127067 0.0068564177 0.30361092 0.112427875 0.0040470096 0.0043934 0.0022536218 2.0274712e-05 0.0608298 0.036678113 0.0033428292 2.4503336e-07 0.0014840586 0.0022545955 0.0026862717 0.00025967427 2.458062e-07 0.010260322 0.009704426 0.12231711 0.038270094 1.8483324e-05 0.009823266 0.0023456505 2.0107918e-05 2.2950368e-05 0.0072539547 5.982421e-07 2.1617132e-05 0.0005272183 0.000116496696 1.0132383e-05 1.1339694e-05 8.842744e-05 1.0656989e-06 6.169234e-07 0.00088266557 0.0020349778 1.3994241e-05 0.00024411059 7.9449255e-06 9.70044e-07 8.385806e-05 1.4737237e-06 3.811417e-06 0.0012512695 1.6122426e-07 0.002469085 5.740572e-07 0.0007432587 9.857679e-06 2.5336624e-07 8.957758e-06 1.4840766e-07 0.00090640795 1.1861833e-06 2.3883458e-05 0.00015940455 6.0522467e-07
