5.2190664e-27 0.752273 0.71940434 0.49737465 0.7045079 0.20695351 0.8513445 0.9602945 0.8362759 0.5758362 0.20685941 0.7701903 0.80275714 0.06422964 0.92690927 0.89829636 0.73669034 0.49804807 0.35903242 0.47011897 0.98659533 0.017437989 0.15078355 0.9550357 0.030443922 0.88556635 0.96780914 0.007160144 0.026767429 0.8356365 0.7785994 0.403884 0.014800563 0.820257 0.59857947 0.4034816 0.033195764 0.4531921 0.15261683 0.08982447 0.20772743 0.5284524 0.0004439545 0.009816949 0.001147141 0.95332444 0.96602136 0.8333338 0.66998184 0.65183115 0.99978936 0.19313195 2.589987e-05 5.520765e-05 0.9999775 0.007359343 0.9507962 0.99941945 0.25267217 0.9338562 0.98836774 0.0008804608 0.1250196 0.007314502 0.96886283 0.0012463062 0.0014632597 9.504501e-07 0.9092539 0.034214098 0.60229665 0.00014919834 0.88073415 0.00018143994 0.9672326 0.8262592 0.99946725 0.64014304 0.0006878256 0.975601 6.868272e-07 0.09535341 0.19355522 0.94603646 0.0035837987 0.46245927 0.99521583 0.94171757 0.26808047 1.6575339e-06 0.8609265 4.7287194e-06 0.11740253 0.99982625 0.7806633 0.7353739 0.86853087 0.11674438 0.11145906 0.9985401 0.06943966
0.752273 1.1674181e-19 0.69481856 0.35329336 0.94478464 0.31318796 0.6650058 0.7203843 0.09960305 0.40536222 0.25757316 0.5410231 0.03681411 0.16071314 0.22729097 0.18095128 0.3037608 0.067505725 0.009699137 0.018947013 0.11443728 0.039885964 0.020752013 0.009616768 0.013343897 0.07536119 0.27668315 0.017295225 0.004379409 0.028811995 0.04234938 0.005556069 0.0066682305 0.019303221 0.002842913 0.008082884 0.050240636 0.0038768495 0.0013554014 0.0124120535 0.00084690127 0.000815465 0.00066224416 0.00037976136 0.0006211273 0.00095625536 0.0029692224 0.00075427786 0.00031236515 0.00040666517 0.042519964 0.00020271145 0.00020550116 1.3197197e-05 0.078094445 3.4423056e-07 0.0006632735 0.016088147 0.00016509663 0.00030541918 0.0012775528 0.000101196325 9.976009e-06 0.00057198206 5.6085446e-05 3.0261426e-05 9.544427e-06 1.4710298e-07 1.7546787e-05 1.2760593e-05 5.1170477e-06 5.681154e-05 0.00010798242 1.8652671e-06 0.0016600494 2.5597881e-05 0.004752899 1.7573464e-05 1.2526622e-06 3.5484245e-05 7.749557e-08 7.2026355e-06 2.0158992e-05 8.617513e-05 9.691291e-06 3.080412e-05 0.00094994047 0.00015234543 8.96751e-06 2.4838536e-07 4.7718953e-05 2.7530854e-07 2.1921856e-05 9.749372e-05 6.2708925e-05 5.6766254e-07 9.099954e-07 9.9959025e-06 2.5919774e-06 0.0009616346 1.0333803e-05
0.71940434 0.69481856 1.9549456e-19 0.91847706 0.42140985 0.95686233 0.4759942 0.46447438 0.23467624 0.53612167 0.15179521 0.1966648 0.07073238 0.5850179 0.18395624 0.1470957 0.0500697 0.048457343 0.009820513 0.13618097 0.028861547 0.08987812 0.055015028 0.009816097 0.012568793 0.024445854 0.070934765 0.049341593 0.0040987465 0.00949618 0.008818074 0.0047508264 0.017381903 0.0038662602 0.003794674 0.0012447918 0.10526929 0.0029750643 0.0009146106 0.0021467335 0.0006345196 0.0003697051 0.0020882792 0.0021456704 0.0044463645 0.00032165062 0.0013526379 0.00038175195 8.712916e-05 0.0004910643 0.023503507 0.00034220662 0.0014104592 0.00028134332 0.024912564 3.9962206e-06 0.00035578597 0.0056250375 0.00012721073 0.00031296507 0.00067952345 0.0051181754 3.7519364e-06 0.0031956781 0.0003194115 2.2786126e-05 3.0770556e-05 9.334197e-07 0.0002098483 3.5072277e-05 5.7894486e-05 4.3031614e-05 0.00046612677 2.3611467e-05 0.002627018 0.00028175657 0.00702287 5.3539665e-05 2.0528666e-06 0.0005675029 4.1194286e-07 2.7192316e-05 0.00012510996 0.00060458184 4.6073924e-06 0.00031091776 0.001312036 0.00048713916 2.1726455e-06 2.7462975e-06 2.3928418e-05 2.885246e-06 0.00012063935 0.00015669019 8.392799e-05 1.9076396e-07 1.6298742e-05 0.00014987645 1.9438653e-06 0.0010198588 1.7057868e-05
0.49737465 0.35329336 0.91847706 2.5288525e-21 0.29201445 0.9696381 0.51947886 0.10837067 0.67329156 0.11266809 0.28403714 0.113697045 0.2689949 0.1920261 0.028052965 0.028317088 0.01410834 0.009969691 0.086548045 0.026766859 0.022671431 0.016822979 0.15829954 0.032806393 0.07844328 0.010442412 0.028816191 0.00919699 0.02420157 0.00158872 0.008208645 0.010984574 0.0035422018 0.00085091917 0.014750801 0.00013442693 0.17228875 0.00045982562 0.003744857 0.00012838759 0.0014550085 0.0021220057 0.0026193426 0.008319611 0.00450989 0.0037467433 0.0003272585 5.4885164e-05 0.0004922822 4.9882998e-05 0.009466969 1.7037806e-05 0.0014872932 0.0002443442 0.009657542 7.125559e-05 3.209527e-05 0.0059585245 0.00022923364 5.6339868e-05 0.00037305788 0.002497737 1.1243006e-05 0.00065509556 0.0021670656 2.6621268e-05 2.4418101e-05 1.7595339e-06 3.519781e-06 0.00013374205 5.9263006e-05 3.4365964e-06 6.7947316e-05 2.3826244e-05 0.0024245402 0.00029036493 0.008010359 7.717716e-05 2.1358865e-07 0.0004387291 3.9277214e-07 1.1227233e-05 3.0365989e-05 0.00029921153 1.2193882e-05 0.00022203216 0.001747413 0.00032480186 3.563969e-06 1.8246423e-06 2.8513969e-05 1.5678825e-06 6.45108e-05 3.39705e-05 5.2878477e-05 6.810025e-08 4.6665224e-05 0.00015400385 2.4343685e-06 0.0018664675 2.4660572e-05
0.7045079 0.94478464 0.42140985 0.29201445 1.4261498e-19 0.2243119 0.943514 0.21864057 0.10432588 0.15000845 0.2256632 0.46780315 0.055658247 0.04911885 0.035559367 0.026367126 0.053083085 0.016698271 0.012843302 0.010249691 0.09422675 0.013756918 0.03138374 0.015604247 0.010187453 0.026205609 0.18459953 0.0050486024 0.0061252397 0.003358402 0.0073704994 0.0053346045 0.0030848244 0.0015688518 0.0036419178 0.0010666854 0.03366636 0.0005394147 0.0015759746 0.0020644786 0.0009597573 0.0019068787 0.00032400154 0.0013646971 0.00017898233 0.0026673556 0.0005179298 8.2592065e-05 0.00095269707 5.0945062e-05 0.018002214 2.557114e-05 0.00018873911 1.8403507e-05 0.0348508 9.2525886e-07 0.00015177349 0.006038627 0.00048403686 6.999838e-05 0.0004048764 8.600526e-05 9.851697e-05 0.00017779147 0.00030481743 7.3063384e-05 3.679801e-05 4.4258542e-07 2.0972953e-05 5.1123243e-05 4.3071275e-05 1.7872504e-05 4.326934e-05 8.049947e-06 0.0021983692 0.00010734972 0.0064144414 5.5148972e-05 5.941528e-07 0.00010701323 7.8387984e-08 7.0932283e-06 1.5396168e-06 8.582623e-05 6.280873e-06 6.786171e-05 0.001382602 0.00012013613 7.7114355e-06 4.7205256e-07 2.199557e-05 8.591171e-07 3.140838e-05 2.1760306e-05 2.1412077e-05 3.8010044e-09 1.9627027e-05 5.420679e-05 3.293006e-06 0.0016112406 3.4824905e-05
0.20695351 0.31318796 0.95686233 0.9696381 0.2243119 1.6888062e-21 0.39003456 0.18387179 0.5257782 0.16833854 0.16081053 0.10386994 0.124984235 0.48795277 0.04604293 0.073432 0.027347898 0.04740879 0.09403697 0.098538525 0.016861858 0.05529784 0.21795206 0.031585477 0.09657745 0.013463845 0.019165449 0.027113397 0.03777037 0.006958631 0.016352436 0.012068619 0.012232763 0.0024172943 0.012529215 0.0006506872 0.25669536 0.0018703379 0.0048803217 0.0011777284 0.0016347272 0.0022471233 0.005742032 0.009556013 0.018914333 0.0047119334 0.0006003448 0.00014282078 0.00048954925 0.00022885138 0.008018305 9.181889e-05 0.0071578193 0.0005982744 0.007252526 4.6665315e-05 0.00027422255 0.006917288 0.00019269125 0.00025113564 0.0010262973 0.006435169 7.674518e-06 0.0017046322 0.0006209626 2.159325e-05 1.5290296e-05 1.8317139e-06 4.7446723e-05 0.0001754778 0.00010444379 8.528661e-06 0.00013702482 2.2991486e-05 0.0019950059 0.00019336684 0.0056319805 9.0384776e-05 5.481e-07 0.000458579 3.0301305e-07 3.040253e-05 3.9800623e-05 0.00037722292 1.9827728e-05 0.00016119037 0.0009801878 0.0004292218 8.183003e-06 3.6826812e-06 0.00011074586 3.5144644e-06 0.00013803867 9.8335906e-05 0.00022103477 7.4452714e-07 3.4216173e-05 0.00046945235 1.7993199e-06 0.00073775847 1.3105702e-05
0.8513445 0.6650058 0.4759942 0.51947886 0.943514 0.39003456 4.8222636e-20 0.07395346 0.24749917 0.14401293 0.6110035 0.77029914 0.25721523 0.045437954 0.012425128 0.011686334 0.027795456 0.005798154 0.016375149 0.0053372555 0.63853025 0.017163947 0.023501366 0.10645213 0.010487213 0.017990964 0.16822729 0.0063324836 0.0057311775 0.001015142 0.005996439 0.024840701 0.002861626 0.00086725666 0.015761836 0.00053652783 0.021532677 0.00019697899 0.0016001929 0.001084745 0.002519271 0.0022850346 0.00029709176 0.0006686076 0.00012782706 0.011413383 0.00039124553 3.6595695e-05 0.001521791 2.6572261e-05 0.012172175 1.4499705e-05 0.00010067488 1.6434817e-05 0.035581045 2.5496224e-06 0.00018422744 0.005306631 0.0016178276 6.390167e-05 0.00029864392 0.000112744594 0.000716542 0.00019435669 0.002660236 0.00018918693 0.00011350594 4.0409307e-07 1.2271291e-06 7.062284e-05 0.0001961566 1.7541532e-05 1.7890257e-05 1.825902e-05 0.00556428 0.00036493383 0.016083168 0.000114239294 5.009442e-07 0.0004935284 1.8222642e-07 7.172418e-05 1.6114502e-06 0.00030531758 2.394282e-05 0.00024006762 0.0032937978 0.0004922416 1.8902409e-06 5.75292e-07 1.1614519e-05 9.9141e-07 0.00025524182 9.904446e-06 1.5296275e-05 7.70447e-09 0.00041246047 0.00020160407 2.5168478e-05 0.004175595 0.000103174825
0.9602945 0.7203843 0.46447438 0.10837067 0.21864057 0.18387179 0.07395346 1.1551976e-16 0.012044019 0.614835 0.023330154 0.40053883 0.006545653 0.15703225 0.8371936 0.54185474 0.88498634 0.19553344 0.0013643869 0.16259675 0.044517998 0.044397827 0.03389069 0.008753728 0.0055130525 0.2903464 0.67041886 0.019516919 0.001949485 0.14260697 0.24220474 0.0058132615 0.007986224 0.16820599 0.0023174 0.051175524 0.054818634 0.023109844 6.0693626e-05 0.0150054 0.00030006364 5.2984182e-05 0.0006259272 0.0010868316 0.0005125168 0.0006718831 0.028475994 0.006212422 7.638204e-05 0.0034848745 0.11646145 0.0015997365 0.00014258467 1.678574e-05 0.17345428 4.0482362e-07 0.0030299197 0.06665338 0.0001517538 0.0014888989 0.0067180856 9.336397e-05 3.1674842e-06 0.0015733414 0.00022693862 0.0001967976 0.00013310216 7.3313984e-08 0.0013607807 0.000100464735 5.6106728e-05 0.00010707427 0.0011446822 4.0029016e-05 0.0029707858 0.00023925233 0.011651414 2.832933e-05 2.1933138e-06 0.00010824287 8.948245e-08 5.73939e-05 1.8958166e-05 8.4630374e-05 3.988973e-05 5.2929132e-05 0.0022473955 0.00011582536 7.0611524e-05 4.5494193e-07 0.0003669913 3.071992e-07 1.3092474e-05 0.0009958481 0.002007164 6.4642313e-06 1.7637753e-05 4.0703377e-05 3.7844623e-06 0.003967509 1.789563e-05
0.8362759 0.09960305 0.23467624 0.67329156 0.10432588 0.5257782 0.24749917 0.012044019 2.7019433e-18 0.016496303 0.64147335 0.039260972 0.8228605 0.056741804 0.0032720387 0.0031935228 0.0019141922 0.001034108 0.94253534 0.004111952 0.0074027632 0.015494957 0.703785 0.21980846 0.56081945 0.0035478424 0.016690405 0.0050412817 0.41251555 6.534672e-05 0.00043745735 0.056104027 0.0015318992 4.076413e-05 0.10886557 2.1930051e-05 0.55517095 4.061851e-06 0.084974214 2.575898e-06 0.011315641 0.055858493 0.027247664 0.1547728 0.023993196 0.019099167 0.00040473588 4.914479e-06 0.009838952 2.6845482e-06 0.003409845 3.9563174e-06 0.0037013693 0.0020367252 0.008234747 0.011390608 4.8795373e-06 0.0012160455 0.003946074 1.6484168e-05 7.0622096e-05 0.0014124224 0.00062674494 0.00022619942 0.013663855 0.0035954327 0.0035171323 7.053453e-05 1.2184437e-06 0.0013967875 0.00078045245 1.4916019e-06 3.847077e-06 0.00017273077 0.005059435 0.0010517044 0.012944979 0.0010088022 7.5289e-08 0.002402402 3.7111192e-06 0.0003288713 7.2972744e-06 0.0018477255 0.00017939879 0.00066251046 0.0050417436 0.001121642 1.6244924e-07 6.0771663e-06 6.0581638e-06 7.1497548e-06 0.0004204038 3.9902858e-05 5.9756585e-05 1.4192951e-08 0.0003667411 0.0004177104 0.00051009894 0.002544148 0.00032720855
0.5758362 0.40536222 0.53612167 0.11266809 0.15000845 0.16833854 0.14401293 0.614835 0.016496303 7.358009e-21 0.029630307 0.09379755 0.005595143 0.9734068 0.5268006 0.7626272 0.1773077 0.52365535 0.00011806466 0.6657039 0.007187373 0.21014445 0.0029298747 0.0023627349 0.0012869486 0.06664732 0.072133765 0.119324215 0.0001892169 0.18951218 0.044626433 0.0009086968 0.059786946 0.05250229 0.00071370386 0.013332441 0.013312685 0.018373976 3.1350202e-05 0.012051631 2.1916025e-05 1.1682066e-06 0.00012564886 3.6935024e-05 0.0006509631 9.879136e-06 0.0148222465 0.0036390345 1.1281139e-06 0.007045124 0.08619739 0.0025911557 0.00048953644 6.0027974e-06 0.037137914 4.5969202e-08 0.0034806365 0.023956116 3.794107e-06 0.004776829 0.005395459 0.0015894936 8.701072e-08 0.006439043 1.16878555e-05 8.183147e-07 5.148618e-07 1.3473206e-07 0.0013713503 2.621473e-06 5.4439914e-07 4.140917e-06 0.0014033185 9.131285e-07 0.0008621693 1.3220596e-06 0.0035901428 3.4883492e-06 5.2313084e-07 4.586356e-05 1.68538e-07 4.81256e-07 9.440134e-06 7.588852e-05 4.7403708e-07 5.896908e-06 0.0009900004 9.755036e-05 4.7884158e-05 3.129906e-07 6.080277e-05 7.3168667e-07 3.952421e-06 0.00061255903 0.00085878634 1.1531109e-06 1.3010715e-06 1.36599665e-05 1.6407942e-07 0.0005073817 8.62032e-06
0.20685941 0.25757316 0.15179521 0.28403714 0.2256632 0.16081053 0.6110035 0.023330154 0.64147335 0.029630307 8.873586e-22 0.18284705 0.9706536 0.07233409 0.006162269 0.011057209 0.014272229 0.0066464185 0.42841393 0.003180461 0.15821815 0.011132625 0.21815452 0.49970892 0.14244948 0.015970994 0.029548172 0.0010703064 0.07330245 0.00022701199 0.0037270836 0.19457974 0.00045844697 0.00043279232 0.107829124 7.754974e-05 0.12551922 0.00013108972 0.03843397 3.258926e-05 0.039924026 0.031752374 0.0011069629 0.0034505872 0.00024805387 0.056447133 0.0002661572 3.6340072e-05 0.011642529 1.244917e-05 0.0054843836 1.4973928e-06 0.0004211291 4.05225e-05 0.01432776 0.00026591442 8.9284404e-05 0.004556978 0.00524915 3.1073e-05 0.00023642281 9.508636e-05 0.0021245135 0.00012456372 0.024269179 0.0007491635 0.00044133764 2.2054002e-07 3.75451e-06 0.0010563238 0.0011338986 2.8655543e-06 3.1714349e-06 3.4697376e-05 0.014533077 0.0016994445 0.024316639 0.000564722 1.7136433e-08 0.002867274 3.3419617e-08 0.00065806945 4.3006793e-07 0.001790643 2.7156528e-05 0.0002554449 0.01049755 0.0013150041 4.9311103e-07 1.1167683e-06 1.5589254e-05 2.5360594e-06 0.00066393835 1.4530671e-05 1.3667901e-05 2.2459949e-08 0.0011826135 0.00048648572 0.00013364974 0.008807666 4.346899e-05
0.7701903 0.5410231 0.1966648 0.113697045 0.46780315 0.10386994 0.77029914 0.40053883 0.039260972 0.09379755 0.18284705 6.987623e-17 0.06803181 0.022904115 0.099548645 0.046322186 0.2922464 0.010736703 0.002026103 0.004261847 0.9292132 0.004692066 0.006577012 0.14658998 0.0017962161 0.15317947 0.8797266 0.0022151815 0.001875388 0.00608813 0.059312247 0.023333432 0.0011176603 0.01753297 0.015873441 0.003316135 0.006882816 0.00282226 0.00020562994 0.002411471 0.0020898902 0.0003620409 5.1655716e-05 0.00012381711 2.4492896e-05 0.016928336 0.0014193614 0.0005262932 0.0007065821 0.000251546 0.044805937 0.00012976106 1.3204183e-05 4.1003664e-06 0.06143283 3.8818803e-07 0.00037459694 0.030370422 0.001510039 9.302597e-05 0.0013634652 4.1413932e-05 9.858605e-05 0.00050714996 0.008366053 7.5262986e-05 6.1326245e-05 1.8021552e-08 0.00011832898 1.8349634e-05 0.00020563506 0.00014862673 9.825097e-05 1.2056625e-05 0.015471142 0.0009170281 0.03624421 0.00013925991 1.3680426e-06 0.00061691843 1.6612526e-08 3.9552364e-05 5.181782e-06 0.00067389593 3.0466645e-05 0.00032978272 0.013341835 0.0012150387 2.9904591e-05 2.1505147e-07 0.0001940694 5.974804e-07 0.00011409145 0.0003187901 0.00020361377 5.510502e-07 0.00048681034 9.6996075e-05 6.2426184e-06 0.028222444 2.595828e-05
0.80275714 0.03681411 0.07073238 0.2689949 0.055658247 0.124984235 0.25721523 0.006545653 0.8228605 0.005595143 0.9706536 0.06803181 2.6398636e-20 0.012219029 0.001830331 0.0009677996 0.0017325938 0.00056114333 0.4163852 0.0010859105 0.06432945 0.003782177 0.2389582 0.50033814 0.16285913 0.0026998094 0.024737103 0.00078721263 0.09830815 2.4733068e-05 0.00055713154 0.14197783 0.00038567532 1.8842773e-05 0.1811088 7.866538e-06 0.09625227 5.4012844e-06 0.043556552 6.68329e-06 0.0290063 0.07888124 0.0016418893 0.02972617 0.0011351927 0.023383906 0.000103698025 2.7171382e-06 0.0127691515 2.0926511e-06 0.003671007 1.3235583e-06 0.00030067953 0.00013324186 0.011542516 0.009169394 2.6620569e-06 0.00084601407 0.0050311047 2.8897869e-06 2.7509439e-05 0.0003844063 0.0013230403 0.0004888849 0.014550601 0.0014033011 0.0019368633 7.0834935e-06 3.986071e-07 0.0041976185 0.0005414012 6.1924256e-06 3.358592e-06 0.00026532344 0.007898065 0.0010519912 0.0238919 0.00054600276 1.3358188e-07 0.002571121 1.5460867e-06 0.0015749161 6.0773e-06 0.0015533989 0.00011327172 0.00039134757 0.0088961525 0.0011543605 1.8170493e-07 9.213551e-06 1.5075733e-06 1.6483587e-05 0.0006492368 1.7283022e-05 5.5045693e-06 3.072557e-09 0.0014264329 0.0005698812 0.00058623316 0.0041989014 0.0001548294
0.06422964 0.16071314 0.5850179 0.1920261 0.04911885 0.48795277 0.045437954 0.15703225 0.056741804 0.9734068 0.07233409 0.022904115 0.012219029 9.3323866e-21 0.0948254 0.25469196 0.057547823 0.37596038 0.011434143 0.65340096 0.0051824376 0.7579219 0.06759792 0.0055022296 0.020113481 0.01110531 0.008373608 0.42542344 0.0038478554 0.090278216 0.025853219 0.0032884527 0.2979109 0.020084076 0.002171116 0.013757022 0.19097717 0.015702408 0.0013793051 0.04928336 0.00032434094 0.0006427233 0.0018182752 0.0007027408 0.013825026 0.0008134541 0.0033388007 0.0019316778 0.00013121155 0.0024684623 0.005828683 0.002035528 0.01617277 0.00013041824 0.0052464977 1.9029453e-06 0.0010515103 0.0073336093 1.6557242e-05 0.0012063923 0.0022986184 0.0134689165 2.3484293e-07 0.015204942 2.8970015e-05 5.211801e-06 3.0743938e-06 8.784294e-07 0.0009981815 8.292634e-06 4.1510808e-05 1.5229625e-05 0.0004917428 2.5741201e-06 0.00047245887 2.4498946e-05 0.0010868622 3.965918e-05 2.7185638e-06 0.000115088085 1.7321945e-07 1.366246e-06 2.4616185e-05 6.370161e-05 7.1273766e-06 4.2799247e-06 0.00034182126 1.9827672e-05 1.7616034e-05 9.570225e-07 0.00021243918 7.145354e-07 2.083637e-05 9.19449e-05 0.00035694416 8.467038e-06 1.0680805e-05 0.000122054655 1.7912464e-07 9.844362e-05 9.820484e-06
0.92690927 0.22729097 0.18395624 0.028052965 0.035559367 0.04604293 0.012425128 0.8371936 0.0032720387 0.5268006 0.006162269 0.099548645 0.001830331 0.0948254 3.0185078e-16 0.82559454 0.9073927 0.5126896 0.0003892316 0.2339395 0.007920064 0.06785165 0.013616889 0.002453195 0.0019534277 0.17570631 0.116135605 0.021841878 0.00066366233 0.6293709 0.17805365 0.001732902 0.018251412 0.3914701 0.00092384557 0.27042115 0.027166924 0.18331957 2.539691e-05 0.098959126 7.926214e-05 6.0988114e-06 0.0003671488 0.0003141079 0.0004533732 7.562748e-05 0.10258925 0.035862282 1.1714715e-05 0.04129565 0.25572762 0.0050106854 0.00041241877 1.5778838e-05 0.15351118 3.7683617e-07 0.015228667 0.061393574 5.1550473e-06 0.014321736 0.020060243 0.00015684807 7.7932405e-08 0.008543625 5.1763516e-05 5.5353896e-05 0.000109837405 1.18770636e-07 0.011159375 6.46254e-05 3.5061006e-05 0.00034636408 0.0038295367 4.67722e-05 0.0010358742 5.7751222e-05 0.0021047422 1.1979639e-05 0.00012776333 5.2348518e-05 1.7675588e-07 1.5165636e-05 0.0003268932 4.4864668e-05 1.3860478e-05 1.0429374e-05 0.00092291296 4.4889064e-05 0.00064606057 1.3397131e-06 0.0016788663 1.4591361e-06 1.9100034e-06 0.0060049715 0.004893224 7.7924204e-05 1.2796788e-05 1.9686058e-05 1.8242561e-06 0.0010128771 2.0286145e-05
0.89829636 0.18095128 0.1470957 0.028317088 0.026367126 0.073432 0.011686334 0.54185474 0.0031935228 0.7626272 0.011057209 0.046322186 0.0009677996 0.25469196 0.82559454 1.3792078e-17 0.4854239 0.91526866 5.3560758e-05 0.63040113 0.0031515528 0.20484155 0.004187161 0.00066727464 0.0016630932 0.17180614 0.08656153 0.13130252 0.00036150977 0.7243579 0.2155444 0.0005873913 0.104126185 0.2642539 0.00051155995 0.19974762 0.019990172 0.1657663 4.904579e-05 0.14879209 3.5364686e-05 4.753629e-06 0.00022236933 1.9149818e-05 0.00064008596 1.2703493e-06 0.12995796 0.045602124 1.0278449e-05 0.067119375 0.26164916 0.011878928 0.0005471438 2.9136268e-06 0.07870484 3.7518774e-07 0.029779823 0.082499646 3.154442e-05 0.042191055 0.026682595 0.001833287 9.445532e-07 0.02757326 4.331622e-06 2.098976e-05 1.2315331e-05 4.979639e-07 0.017988484 2.85153e-05 8.0052496e-07 0.00025923876 0.004498841 1.1998e-05 0.0008067182 1.3452644e-06 0.0011247119 6.2016334e-06 4.103541e-05 2.0330128e-05 2.5525384e-07 2.8382954e-05 0.0004569877 4.0131494e-05 3.825251e-06 3.5585551e-06 0.0004899273 4.1168445e-05 0.0006879164 2.3475122e-06 0.0009833956 1.6740314e-06 2.6536975e-06 0.004982338 0.0042079994 3.5372206e-05 1.6855978e-06 5.8721484e-06 1.9016773e-06 0.00042065486 2.5077603e-05
0.73669034 0.3037608 0.0500697 0.01410834 0.053083085 0.027347898 0.027795456 0.88498634 0.0019141922 0.1773077 0.014272229 0.2922464 0.0017325938 0.057547823 0.9073927 0.4854239 7.356357e-20 0.20275906 0.00020913903 0.024718586 0.028054446 0.012864172 0.003647639 0.0031189306 0.0017230465 0.78274643 0.12539679 0.0052935774 0.0008334847 0.35836494 0.87471324 0.0029597627 0.002443992 0.43391284 0.0018983298 0.09893962 0.0031372965 0.091500916 2.3925244e-05 0.045005634 0.0003058564 2.5995005e-06 1.01020105e-05 3.3866054e-05 2.1189257e-05 0.00074410235 0.042980574 0.021467645 0.00010470319 0.0104013495 0.26597095 0.0057724193 4.014324e-05 2.9605035e-06 0.106896445 2.1538234e-07 0.006231187 0.0788775 0.00019384688 0.0027585512 0.019355254 6.335175e-05 3.7594723e-06 0.00085547 0.00013412267 5.5111912e-05 0.00014002298 8.495362e-08 0.0031273684 5.6488702e-06 4.2445434e-05 0.00011713615 0.004980706 7.129355e-06 0.0026374431 0.00013936301 0.008237515 1.564136e-05 9.318476e-06 7.246196e-05 1.2793674e-07 2.953241e-05 1.6541584e-05 0.00019078008 4.0769228e-05 3.2272478e-06 0.0035493297 0.0001253328 0.0019536223 8.0977514e-07 0.0036105171 3.2522744e-06 1.3961309e-06 0.0012116685 0.0027079165 0.00011446286 3.4038776e-06 5.6797453e-05 1.1161928e-05 0.0019398532 4.4330056e-05
0.49804807 0.067505725 0.048457343 0.009969691 0.016698271 0.04740879 0.005798154 0.19553344 0.001034108 0.52365535 0.0066464185 0.010736703 0.00056114333 0.37596038 0.5126896 0.91526866 0.20275906 1.8165038e-20 2.84262e-06 0.9393762 0.00046350807 0.3332715 0.0007401401 7.694961e-05 9.4147574e-05 0.056016903 0.016431693 0.27611858 1.612315e-05 0.7490565 0.09679494 4.986121e-05 0.2665565 0.16442005 6.431608e-05 0.24865155 0.006917176 0.21135867 3.1393747e-06 0.32226714 1.2813622e-06 6.655885e-07 7.927828e-06 1.497767e-06 0.00024945306 3.1857988e-07 0.057366487 0.048243318 1.784795e-06 0.085006095 0.061855566 0.022013731 0.0006271787 4.538772e-07 0.01799496 2.3417991e-08 0.013589107 0.041853786 3.6400754e-06 0.018049695 0.015321295 0.003462203 2.367786e-08 0.065993 5.103409e-07 2.1395358e-07 8.648835e-08 2.4080155e-08 0.048202418 7.3823804e-07 9.369024e-07 0.0003401381 0.0025632158 4.4926412e-07 0.00039684738 1.4857583e-06 0.00040911953 2.4360359e-06 5.3675547e-05 7.3191877e-06 3.3452654e-08 2.8622918e-07 0.0003495487 1.8070354e-05 7.2100477e-07 6.594541e-07 0.00027180975 1.0155709e-05 0.00067936984 1.0574706e-07 0.00058309064 6.093916e-08 8.5240714e-07 0.0032592139 0.0019080247 6.752105e-05 1.03929835e-07 1.8054891e-06 1.47072e-07 1.5443515e-05 1.7264299e-06
0.35903242 0.009699137 0.009820513 0.086548045 0.012843302 0.09403697 0.016375149 0.0013643869 0.94253534 0.00011806466 0.42841393 0.002026103 0.4163852 0.011434143 0.0003892316 5.3560758e-05 0.00020913903 2.84262e-06 7.465739e-19 1.1129021e-05 0.00061150023 0.00065857614 0.7662331 0.1769429 0.8290881 0.0002032876 0.002686145 9.368881e-05 0.9057191 1.3950861e-06 4.248151e-05 0.046876453 1.1906642e-05 5.220073e-06 0.13670205 1.757002e-06 0.440305 9.990509e-08 0.68597186 3.3548005e-07 0.034171127 0.32609716 0.057070896 0.48885944 0.020537646 0.016892623 5.3165513e-06 1.75421e-07 0.049392015 7.015268e-07 3.7378315e-05 1.9851927e-07 0.0010805768 0.016508931 0.0007058419 0.49168694 5.7390146e-08 7.064291e-05 0.004008294 9.5396125e-08 1.5656008e-06 5.3531803e-05 0.0020756614 4.9272344e-06 0.014538547 0.012873063 0.018392174 0.0010629387 8.288064e-08 0.0044530635 0.00055287714 1.4986678e-07 6.994362e-08 0.0013120811 0.0017240393 0.0004804884 0.0043630097 0.0005571138 1.8955571e-08 0.00039105196 0.000668775 0.001600344 2.217558e-06 0.00020663253 0.0010658215 0.00020788805 0.0017838592 0.00031775507 6.361883e-08 0.00014780296 2.5067475e-06 0.00022568552 0.00010487708 1.4211317e-06 9.684708e-05 9.9334486e-08 5.9396596e-05 0.00022159492 0.00033541306 0.0018810222 0.00014408294
0.47011897 0.018947013 0.13618097 0.026766859 0.010249691 0.098538525 0.0053372555 0.16259675 0.004111952 0.6657039 0.003180461 0.004261847 0.0010859105 0.65340096 0.2339395 0.63040113 0.024718586 0.9393762 1.1129021e-05 8.153107e-17 0.00031259342 0.8254692 0.00209125 0.00051581365 0.0001880137 0.011149311 0.011869536 0.730079 2.3208058e-05 0.3170068 0.011227781 0.00030964476 0.8066655 0.022669733 0.00031310332 0.16309461 0.02215851 0.09508236 1.1450713e-05 0.22810529 6.192845e-06 1.5474362e-06 3.4602865e-05 1.7348548e-05 0.002220923 6.6453536e-06 0.026873143 0.0112158805 4.6098758e-06 0.029473603 0.01603021 0.009006229 0.007862613 6.533585e-06 0.0079992395 9.058073e-07 0.004792923 0.005219939 1.4506967e-05 0.009060748 0.0025913424 0.05010648 3.3386252e-07 0.29580128 1.1895768e-05 2.6270616e-06 9.572882e-07 3.267138e-07 0.045363005 1.3734689e-06 2.9333092e-05 0.00111316 0.0016971254 6.8226036e-06 0.00078072667 4.3461234e-05 0.00066890445 9.177424e-05 0.0006391289 0.00025178478 7.4203484e-07 1.9521156e-06 0.00064764475 0.00038140317 1.19481365e-05 8.602281e-05 0.0005288869 0.00018541205 0.00011125992 3.136885e-06 0.00039427425 1.5111877e-06 4.4056527e-05 0.0018327303 0.0011463645 0.00013695793 6.092288e-06 8.3001156e-05 3.2091677e-06 4.4697346e-05 7.509966e-05
0.98659533 0.11443728 0.028861547 0.022671431 0.09422675 0.016861858 0.63853025 0.044517998 0.0074027632 0.007187373 0.15821815 0.9292132 0.06432945 0.0051824376 0.007920064 0.0031515528 0.028054446 0.00046350807 0.00061150023 0.00031259342 4.953355e-19 0.0009937476 0.00053564156 0.72433877 0.00029992918 0.031692464 0.509331 0.00034874157 0.00034285718 0.00014910017 0.009218531 0.34889755 0.00023562374 0.0005674984 0.12425139 0.00013185594 0.00011742696 9.9718e-05 0.000108591004 7.0059345e-05 0.018895995 0.00015543523 3.339139e-06 4.8690176e-06 2.923073e-06 0.38873506 0.00048859284 2.6647227e-05 0.0041521383 1.47751425e-05 0.02279655 1.0297454e-05 1.0093853e-05 1.7439042e-06 0.18356465 1.9754889e-07 5.4628556e-05 0.009898003 0.01170351 2.6966221e-05 4.688286e-05 3.201715e-06 0.0009928562 0.00064303353 0.0799901 0.00018052671 0.0001445225 1.4995004e-08 2.2498516e-06 8.008311e-05 0.0016189989 2.6065492e-05 6.0432353e-06 1.1661612e-05 0.06480643 0.0034626473 0.23307948 0.0020276445 1.6142527e-06 0.0050965836 3.7680166e-09 0.00016392139 8.392846e-07 0.0037643574 3.4722932e-05 0.0015967026 0.0755082 0.004794823 7.687197e-08 1.8644065e-06 8.900602e-06 3.0603671e-06 0.0023086297 3.2205164e-05 8.4661815e-06 4.4541537e-08 0.010317414 0.0015115604 0.00012796257 0.25564855 0.0002347884
0.017437989 0.039885964 0.08987812 0.016822979 0.013756918 0.05529784 0.017163947 0.044397827 0.015494957 0.21014445 0.011132625 0.004692066 0.003782177 0.7579219 0.06785165 0.20484155 0.012864172 0.3332715 0.00065857614 0.8254692 0.0009937476 3.1708683e-18 0.008910649 0.0006823697 0.0011500536 0.0040301727 0.002134943 0.9086676 0.00023794123 0.104751006 0.012069989 0.0008349298 0.9175072 0.00972977 0.0005634785 0.008805422 0.06132801 0.01240315 0.0003391914 0.024393402 3.4060064e-05 5.4527423e-05 0.00065145124 7.6821736e-05 0.015430073 0.000121203135 0.0038513688 0.0016348418 7.2972995e-05 0.0035129387 0.0034634483 0.002329632 0.03282216 0.00018799756 0.0015766158 2.524503e-06 0.0016161328 0.0034141596 6.85493e-05 0.0014415181 0.001331549 0.11375135 3.0360036e-06 0.21450529 5.7681482e-05 1.40411385e-05 7.784409e-06 2.1229112e-06 0.00747284 0.00010898066 0.00013919563 0.00044189332 0.0003891633 3.7367445e-05 0.0010629636 0.0002142886 0.0006223974 0.0009355168 4.259994e-05 0.00024008937 2.6135474e-06 2.5012065e-05 0.0003089407 0.0004628241 6.385507e-05 0.0011216576 0.0007818096 0.0005928661 4.5873883e-05 1.0957171e-05 0.0002225609 1.3199759e-06 0.00010851801 0.00021224275 0.0008681681 0.00010813978 0.000458593 0.0004959544 8.905272e-06 0.00015609196 9.43895e-05
0.15078355 0.020752013 0.055015028 0.15829954 0.03138374 0.21795206 0.023501366 0.03389069 0.703785 0.0029298747 0.21815452 0.006577012 0.2389582 0.06759792 0.013616889 0.004187161 0.003647639 0.0007401401 0.7662331 0.00209125 0.00053564156 0.008910649 3.8774778e-18 0.042735875 0.9352352 0.0019086424 0.01026453 0.0017495664 0.66536665 6.859893e-05 0.00060003286 0.01243418 0.0006599612 5.075356e-05 0.061292503 2.0644431e-05 0.8865853 9.2856535e-06 0.10221471 7.76254e-06 0.00484869 0.043118007 0.38948518 0.70061046 0.21804218 0.00016353853 4.6868474e-05 2.2075121e-06 0.005461111 7.33887e-06 0.00066232856 1.1222871e-06 0.005965034 0.07662789 0.0011674722 0.071889155 2.5520882e-07 0.00023871653 0.00020971303 2.5355516e-06 2.713601e-06 0.0043771546 2.8302e-05 0.00017985994 0.00022352234 0.0006095357 0.0006146812 0.0017635374 7.4003447e-06 0.00024043374 3.5178935e-05 4.1512217e-06 1.0178245e-06 0.00011157964 0.00030076326 0.000117335054 0.00048279788 6.520392e-05 9.459563e-08 5.9924078e-05 0.000434521 7.739068e-05 7.5535904e-06 5.6516918e-05 2.6501097e-05 0.00021569223 0.00018194815 6.703643e-05 6.1926767e-07 3.4777284e-05 1.5993683e-05 4.8849756e-06 1.2089969e-05 5.761548e-06 4.4976827e-05 1.6056278e-07 6.305973e-06 5.514871e-05 1.6785003e-05 3.2528773e-05 8.4611485e-05
0.9550357 0.009616768 0.009816097 0.032806393 0.015604247 0.031585477 0.10645213 0.008753728 0.21980846 0.0023627349 0.49970892 0.14658998 0.50033814 0.0055022296 0.002453195 0.00066727464 0.0031189306 7.694961e-05 0.1769429 0.00051581365 0.72433877 0.0006823697 0.042735875 1.341539e-19 0.04400725 0.0073387097 0.060809214 9.201911e-05 0.035396285 3.733923e-05 0.00072414224 0.96342254 4.9322345e-05 4.573938e-05 0.7389645 3.8256832e-05 0.026786275 1.2599484e-05 0.025574867 3.3610852e-06 0.4654602 0.10243183 0.00040114234 0.007096304 0.00012158657 0.6780477 4.2346695e-05 6.1646606e-06 0.19327788 1.073679e-05 0.004298369 1.7865814e-06 0.00014604602 5.5676745e-05 0.04172474 0.0033214162 7.5395747e-07 0.0021610227 0.032327365 4.395409e-07 8.864904e-06 0.0003987775 0.008420374 0.0004968096 0.10861108 0.0030005162 0.0049438975 1.010875e-06 1.4042295e-06 0.0039991816 0.0014378412 1.0819275e-05 2.966512e-06 0.00029479127 0.012506999 0.0028916781 0.06263783 0.00214255 9.482794e-08 0.005530055 2.6551413e-07 0.0011397209 1.4891402e-06 0.003946578 0.00027667976 0.00199867 0.012236362 0.0020011857 9.990828e-07 4.3108607e-06 4.478185e-06 5.461691e-06 0.00069488154 4.408835e-05 1.4706974e-05 7.4126527e-09 0.0017167759 0.00027224896 6.3390544e-05 0.0038044283 0.00011167833
0.030443922 0.013343897 0.012568793 0.07844328 0.010187453 0.09657745 0.010487213 0.0055130525 0.56081945 0.0012869486 0.14244948 0.0017962161 0.16285913 0.020113481 0.0019534277 0.0016630932 0.0017230465 9.4147574e-05 0.8290881 0.0001880137 0.00029992918 0.0011500536 0.9352352 0.04400725 1.7030714e-21 0.0012145678 0.0033690906 9.980163e-05 0.9045564 1.8590632e-05 0.00056864007 0.010887789 2.2717582e-05 1.9381316e-05 0.042028837 5.707124e-06 0.41677833 1.2899368e-05 0.24956158 8.338006e-07 0.012917883 0.048568007 0.20739761 0.70337737 0.062222205 0.0013251997 2.343106e-06 5.938787e-07 0.028287396 1.1194843e-06 0.00029473478 5.7853033e-09 0.0011987617 0.037609704 0.00042334586 0.10575364 1.8707746e-07 4.3200238e-05 0.00039826368 2.3226492e-06 9.965953e-07 0.00023923066 0.00031900968 1.3849405e-05 0.00010092819 0.00070068304 0.00072777213 0.0014361336 1.6470149e-07 0.0005461405 6.969207e-06 3.1058715e-07 9.626709e-08 0.00011790072 0.0002593832 3.338568e-05 0.0011545449 1.9868803e-05 3.2494603e-09 4.070322e-05 0.00029953412 9.761756e-05 3.2446144e-07 2.6435418e-05 7.7855264e-05 1.1753322e-05 0.0002124489 2.2857319e-05 2.3960121e-08 3.7344642e-05 3.7431591e-06 3.472816e-05 2.8991599e-05 2.6627933e-06 2.4170682e-05 5.9581877e-09 3.8023445e-06 0.00012793804 8.539722e-06 9.389543e-05 9.16945e-06
0.88556635 0.07536119 0.024445854 0.010442412 0.026205609 0.013463845 0.017990964 0.2903464 0.0035478424 0.06664732 0.015970994 0.15317947 0.0026998094 0.01110531 0.17570631 0.17180614 0.78274643 0.056016903 0.0002032876 0.011149311 0.031692464 0.0040301727 0.0019086424 0.0073387097 0.0012145678 4.0367386e-19 0.8940676 0.0016344364 0.00040211336 0.06003965 0.8986986 0.0031176934 0.00059071777 0.12955841 0.0019031371 0.03551757 0.00085045554 0.026669074 2.6698966e-05 0.013148914 0.0006250974 2.648834e-05 8.7078215e-06 6.175486e-05 3.7639068e-06 0.0013856373 0.0125589315 0.005589434 0.00010756801 0.0032354314 0.759953 0.0009978698 1.0306935e-05 4.6131981e-07 0.62113917 3.1447566e-08 0.0015176055 0.06949464 0.00031284004 0.0007296808 0.0015032104 1.7607199e-05 9.190242e-06 0.00035707612 0.0012258964 1.8689096e-05 2.2491833e-05 1.07562546e-08 0.0026219194 2.2882048e-05 6.696168e-05 5.1264924e-05 0.0015974157 8.005345e-06 0.0018833638 0.00031328702 0.004451594 1.0707851e-05 1.9287784e-06 0.00014709857 1.7061323e-08 1.5567935e-05 4.8469855e-07 0.0001772193 1.0344531e-05 1.2351818e-05 0.0009165801 0.00015102644 0.0005715104 1.4779891e-07 0.0011834772 1.946545e-07 2.3855334e-06 0.00046016122 0.00060485484 1.9672885e-05 1.3123387e-05 6.498689e-05 4.928884e-06 0.0057825735 2.130526e-05
0.96780914 0.27668315 0.070934765 0.028816191 0.18459953 0.019165449 0.16822729 0.67041886 0.016690405 0.072133765 0.029548172 0.8797266 0.024737103 0.008373608 0.116135605 0.08656153 0.12539679 0.016431693 0.002686145 0.011869536 0.509331 0.002134943 0.01026453 0.060809214 0.0033690906 0.8940676 3.5100084e-16 0.00050333695 0.001866479 0.020882422 0.029584892 0.015750995 0.0005862466 0.026462264 0.008610962 0.0089715915 0.0034567313 0.0034114358 0.00025918317 0.0017990054 0.002953068 0.0008945337 3.0071838e-05 0.00039294953 3.221751e-05 0.020614376 0.0022739368 0.0005236857 0.0024711734 0.00016698732 0.04422016 0.00032565976 3.1136283e-06 5.35221e-07 0.9019382 9.027028e-07 0.0005062927 0.016147317 0.0044100257 0.00019391273 0.0004323746 6.5420027e-06 0.0002533294 0.00064559677 0.018738912 9.440156e-05 0.00012679506 4.181518e-10 0.0013522631 0.00034921285 0.0009528766 4.529065e-05 0.0006473455 3.2137235e-05 0.004345163 0.0023857623 0.020144768 0.00011225216 1.8556897e-06 0.001040234 3.6959051e-09 0.00025442376 1.6334304e-06 0.0013329035 5.9831975e-05 0.0004772246 0.0049299966 0.0018692118 9.4571915e-06 1.2761188e-07 0.0004733031 1.6013094e-07 9.632399e-05 0.00016489884 0.0011322437 3.977973e-06 0.00044793962 0.0010173754 0.00031406956 0.06837925 0.00048631546
0.007160144 0.017295225 0.049341593 0.00919699 0.0050486024 0.027113397 0.0063324836 0.019516919 0.0050412817 0.119324215 0.0010703064 0.0022151815 0.00078721263 0.42542344 0.021841878 0.13130252 0.0052935774 0.27611858 9.368881e-05 0.730079 0.00034874157 0.9086676 0.0017495664 9.201911e-05 9.980163e-05 0.0016344364 0.00050333695 8.494706e-21 1.4181364e-05 0.06673371 0.0056303395 1.2950336e-05 0.9378383 0.0030716113 2.3754388e-05 0.012674713 0.010232608 0.005374755 2.120741e-05 0.028454019 2.124962e-07 1.8597183e-06 0.00010222868 4.107086e-06 0.0030982555 3.2310263e-06 0.0021134273 0.0011753957 1.6433977e-06 0.0011866078 0.0014839487 0.0008573461 0.017562643 1.4575404e-05 0.00076510245 3.2280528e-07 0.001095023 0.0014836035 2.2633774e-06 0.0009896171 0.0008863907 0.0857877 2.5253843e-08 0.1386103 2.725382e-05 7.019015e-07 4.3171204e-07 1.7130084e-07 0.0019811145 6.617823e-06 1.6607848e-05 0.00013142244 0.00010196929 5.017769e-06 0.00078807643 8.209497e-05 0.00064018916 0.00019712557 9.089248e-06 0.00025775374 2.1695448e-07 1.1444724e-06 1.3139704e-05 0.00036384372 2.5900414e-05 0.0005126057 0.0011417298 0.0008949454 1.4943223e-05 8.455873e-07 0.00020557309 3.224865e-07 7.8307785e-05 0.00011280203 0.0002849354 7.443209e-06 0.0012046437 0.00032143627 3.6469083e-07 6.408812e-05 5.045514e-06
0.026767429 0.004379409 0.0040987465 0.02420157 0.0061252397 0.03777037 0.0057311775 0.001949485 0.41251555 0.0001892169 0.07330245 0.001875388 0.09830815 0.0038478554 0.00066366233 0.00036150977 0.0008334847 1.612315e-05 0.9057191 2.3208058e-05 0.00034285718 0.00023794123 0.66536665 0.035396285 0.9045564 0.00040211336 0.001866479 1.4181364e-05 1.1869485e-17 1.2323485e-05 0.0003422634 0.008969624 5.0798717e-06 1.9896524e-05 0.054771107 2.3663483e-06 0.24325152 7.761466e-06 0.44049066 1.4455425e-07 0.010434672 0.09195284 0.16173866 0.89283776 0.029841406 0.002675813 6.3266275e-06 5.801481e-07 0.045405917 1.214145e-06 5.5072924e-05 1.0458725e-07 0.0005285108 0.058372304 0.00017276205 0.4099682 3.103793e-07 2.1662718e-05 0.0016209711 1.6193951e-06 8.039977e-07 4.934808e-05 0.00067368866 1.6467764e-05 0.0020923489 0.0036923387 0.004537916 0.0073757386 7.5156396e-07 0.0037013853 0.00020630409 6.8659335e-07 1.5960578e-06 0.0013189769 0.00054975715 0.00017637342 0.00079825625 0.00023946851 8.6668965e-09 0.0003266676 0.0038323242 0.0009388577 6.6215824e-07 0.00017125014 0.00072683574 0.00010930219 0.00031508718 0.00026166774 1.3102084e-06 0.00036484914 4.0059338e-05 0.00022898325 4.0405725e-05 7.046457e-06 0.00014855035 1.3427758e-07 3.0069543e-05 0.00024368818 0.00014653894 0.00022960428 7.761381e-05
0.8356365 0.028811995 0.00949618 0.00158872 0.003358402 0.006958631 0.001015142 0.14260697 6.534672e-05 0.18951218 0.00022701199 0.00608813 2.4733068e-05 0.090278216 0.6293709 0.7243579 0.35836494 0.7490565 1.3950861e-06 0.3170068 0.00014910017 0.104751006 6.859893e-05 3.733923e-05 1.8590632e-05 0.06003965 0.020882422 0.06673371 1.2323485e-05 3.454298e-17 0.14293931 2.304782e-05 0.06852041 0.66047114 6.482311e-05 0.6719096 0.0005530496 0.87624973 1.843307e-05 0.6713099 4.239464e-06 4.787377e-06 1.2169944e-06 1.4376766e-06 0.000108261345 1.2852847e-06 0.31056803 0.32265696 6.413413e-06 0.3388893 0.15436561 0.3773359 0.00082025357 2.0795069e-06 0.07138812 4.5620695e-06 0.13139027 0.114593394 2.7269537e-06 0.18111679 0.121221654 0.0003914 2.74555e-07 0.120627284 7.4843047e-07 1.380203e-05 1.6119191e-06 2.6604378e-06 0.34452718 1.1934289e-05 3.913974e-06 0.0028013824 0.033827785 1.8696224e-05 0.00020455908 1.5395979e-06 0.0005248334 3.297868e-06 0.0013086089 1.6824653e-05 3.5091532e-06 8.506595e-05 0.002806415 1.1616136e-05 5.4251424e-05 4.3228675e-07 0.00044908357 4.163516e-06 0.0056278165 1.5335005e-06 0.020775834 5.6168915e-06 4.050459e-06 0.020502452 0.009849542 0.0006943814 1.3500873e-07 9.562868e-06 4.8049824e-06 6.312252e-05 2.773763e-05
0.7785994 0.04234938 0.008818074 0.008208645 0.0073704994 0.016352436 0.005996439 0.24220474 0.00043745735 0.044626433 0.0037270836 0.059312247 0.00055713154 0.025853219 0.17805365 0.2155444 0.87471324 0.09679494 4.248151e-05 0.011227781 0.009218531 0.012069989 0.00060003286 0.00072414224 0.00056864007 0.8986986 0.029584892 0.0056303395 0.0003422634 0.14293931 2.8503271e-19 0.0011121059 0.0017709935 0.65480196 0.00073155586 0.07733887 0.00025284186 0.11960511 4.6519062e-06 0.07112898 9.6053096e-05 8.337028e-07 1.8543407e-05 7.028048e-06 1.4688081e-05 6.031613e-05 0.2660215 0.05056539 2.3189476e-05 0.024332587 0.80944073 0.011211506 3.0006864e-05 1.8494424e-06 0.07421701 2.7250712e-08 0.007828475 0.34066927 4.784604e-05 0.0032740443 0.022293605 4.2200434e-05 3.8949187e-07 0.000717898 2.036455e-05 2.5786721e-05 4.739535e-05 1.6682851e-07 0.002563025 1.0267119e-06 1.39494705e-05 0.0003217856 0.007625449 1.1662791e-05 0.0005523707 3.704904e-05 0.0017905106 6.597469e-06 2.3697596e-05 1.01558335e-05 9.230374e-08 4.957679e-06 1.2901115e-05 1.1632887e-05 3.3637258e-05 1.6926051e-06 0.00055516994 1.886086e-05 0.0028354614 2.1294181e-06 0.004767881 5.375052e-06 3.0214647e-07 0.0015192655 0.0016652311 9.8963326e-05 3.5085122e-07 5.8710566e-06 2.966246e-06 0.0005626215 2.1093547e-05
