8.1547224e-25 0.029953886 0.59078103 0.24843815 0.0029232125 0.22695906 0.0021613948 0.006892505 0.0064749247 0.5415122 0.0028754906 0.8546218 0.3216256 0.8894028 0.80278516 0.19931841 0.85376656 0.8007869 0.8796322 0.044434786 0.3158486 0.96246415 0.101827055 0.5612123 0.8541958 0.31570995 0.9214202 0.004889989 0.9180779 0.9399555 0.9087014 0.9594784 0.9235661 0.9242466 0.3882126 0.95618206 0.647994 0.78306097 0.9190427 0.9852394 0.6715215 0.9161867 0.9511182 0.9581437 0.99129957 0.91516215 0.9735222 0.97004265 0.8990593 0.033864763 0.935961 0.9175394 0.0012498163 0.15375982 0.27246875 0.8801243 0.7373293 0.9975873 0.98338246 0.6176031 0.97738206 0.94243723 0.013576542 0.9866279 0.09009852 0.99795675 0.97344476 0.9520783 0.18555032 0.96092397 0.3609473 0.64859563 0.27892393 0.9649938 0.9999781 0.048101053 0.053983573 0.8072357 0.10022918 0.549979 0.008442909 0.43118492 0.977756 0.0023022008 0.999793 0.004815483 0.9999683 0.014465743 0.68805104 0.005122749 0.47633785 0.00027621703 0.9976801 0.021414356 0.79061896 0.0035139136 0.0038078276 0.00065292313 0.0004796261 4.3220145e-05 0.0112597775
0.029953886 9.4365075e-17 0.54421324 0.13135682 0.13452217 0.01933226 0.9759082 0.0070734527 0.97985 0.0008778746 0.09002485 0.01284048 0.50560874 0.0019940357 0.08287374 0.053280238 0.26222405 0.030678606 0.0036018628 0.00018014095 0.00024723978 0.00035817022 0.0049469513 0.00042973092 0.05289857 3.773627e-05 0.0076095536 7.6459066e-05 0.014162458 0.00059954636 0.0018727668 0.0019425377 0.0054614367 0.0026026135 2.6496396e-05 0.0056349356 0.00053527846 5.981944e-06 0.002466663 0.00044606667 3.7259513e-05 0.00084851123 4.2644424e-06 0.0018267789 0.0014465171 7.394828e-06 0.00066683633 0.0005532141 5.7740817e-05 5.208956e-07 0.005400028 0.00065943995 8.8954415e-08 7.583476e-07 2.5484655e-06 7.905171e-06 3.835852e-06 0.0010325918 0.0009983281 3.9538954e-06 0.00018163901 6.1212154e-06 4.9642694e-08 0.009729658 2.4724082e-07 0.0038536543 0.0122275725 0.020373255 2.3731134e-07 1.2955154e-05 4.4228833e-07 1.6815684e-07 1.1604921e-07 6.0426333e-05 0.00021551746 6.4858847e-07 9.279695e-08 6.841554e-07 1.4092717e-07 1.0849037e-06 3.883152e-08 1.6244536e-07 2.8367679e-06 6.6724375e-08 0.016300896 6.489303e-08 0.0012966755 2.2658435e-08 2.1932269e-07 3.09262e-08 1.6127147e-07 5.453083e-06 4.4943983e-05 1.4552415e-07 3.203048e-07 6.9157062e-09 1.9541996e-08 1.612634e-08 1.0958074e-08 4.1114983e-08 3.6635848e-09
0.59078103 0.54421324 9.537627e-16 0.96670085 0.047012933 0.9579024 0.015012629 0.016030744 0.037641235 0.4984247 0.0031218142 0.5832396 0.6769242 0.5223784 0.5252708 0.029154269 0.3600859 0.44239235 0.1647821 0.007064362 0.031369083 0.31741858 0.0012694127 0.031654283 0.08004531 0.0036228565 0.05735321 0.0032606516 0.027582465 0.0315089 0.021133246 0.021713987 0.019974142 0.005145853 0.0010499151 0.007266545 0.020950977 0.0029592477 0.002018789 0.009108872 0.00048976386 0.009760747 5.8146026e-05 0.002204568 0.0013037913 0.00024679877 0.00789897 0.0015981774 0.0002137149 9.4402094e-05 0.10881343 0.00041220977 1.2380978e-06 3.878933e-06 8.1026765e-06 0.00029588045 2.733334e-05 0.00066840294 0.00056891947 4.371512e-06 6.243181e-05 7.1057235e-05 5.2084815e-06 0.07504721 8.96468e-06 0.074229576 0.024615174 0.04099148 1.5479905e-05 0.00020598854 9.888755e-07 8.201695e-07 1.2776067e-07 0.00014140613 0.0006246299 7.028256e-06 8.157489e-07 3.308476e-05 7.040173e-07 2.5093045e-06 6.5520794e-06 3.4297766e-06 2.6094542e-05 3.9952643e-06 0.069418535 3.5423432e-06 0.009943203 4.863743e-07 4.737978e-06 6.361753e-07 5.6811047e-07 1.6882265e-06 0.0021412547 1.704224e-05 0.00032751416 2.5335044e-06 2.4716196e-06 2.7505203e-06 4.623582e-06 6.2325526e-08 2.8596385e-06
0.24843815 0.13135682 0.96670085 1.0033894e-15 0.67739064 0.96402794 0.002342323 0.90789694 0.00071395544 0.60653937 0.00026822631 0.1441299 0.027708596 0.43801874 0.041968152 9.683433e-05 0.006254639 0.014442427 0.016637271 0.53087306 0.20566355 0.14816968 0.00037103402 0.13894214 0.0009775702 0.08089652 0.0007138118 0.086960815 0.00075779203 0.0026140548 0.000670559 0.001341896 0.001023153 0.0006841463 0.0061785197 0.0007225322 0.019879509 0.045967788 0.00070192665 0.010945731 0.0009099582 0.0005734865 0.0017628229 0.0003331286 0.0004561493 0.009745572 0.0028597885 0.00045326317 0.0013828969 0.0024884383 0.00052375987 0.0025170606 5.6377785e-06 3.0639516e-05 7.319324e-05 0.003911691 0.00031166468 0.00073546276 0.0021956956 0.00013026682 0.00046090735 0.00035513935 0.0004866762 0.006043596 5.6729077e-05 0.009972243 0.00062786666 0.011264229 9.765433e-05 0.0016559801 6.0073676e-06 1.7372935e-05 1.9385113e-06 0.0008211349 0.0008209333 3.052391e-05 2.0046993e-05 0.001240118 5.56168e-06 2.8207476e-05 0.00010963365 9.8488505e-05 0.00074902846 5.7179026e-05 0.02344098 6.364568e-05 0.008576565 2.1936191e-06 0.00018813639 7.842014e-06 5.336418e-06 7.0452274e-06 0.00012640122 3.7729864e-05 0.00011353984 3.7469056e-06 1.3385414e-05 8.102877e-06 1.0290512e-05 6.153389e-08 1.778019e-05
0.0029232125 0.13452217 0.047012933 0.67739064 5.5711517e-15 0.042659033 0.02917298 0.9944206 0.0028459106 0.011250643 0.00052537303 0.0011126889 0.00018916042 0.0042556897 0.0018430407 0.00039596183 9.594909e-05 0.00017277163 0.00012950996 0.06561305 0.0024607247 0.00019693635 0.0012635248 0.0009031727 0.000110808505 0.00086910126 0.00021569718 0.7002708 0.00019767697 3.3219842e-06 9.3672366e-05 6.0448925e-05 0.00012979658 5.669128e-05 0.00010044452 4.759174e-05 0.00019446923 0.015287507 1.96207e-05 0.000117412856 7.190135e-05 2.9833178e-05 1.5096401e-05 9.349588e-06 5.471101e-06 0.0002532521 1.2743542e-05 1.1267812e-05 6.141252e-05 0.00047798842 0.00027182762 1.38266405e-05 9.811328e-06 2.6157688e-06 1.6467433e-05 0.0003750268 6.8069894e-05 2.3128141e-05 0.00010130321 3.22552e-05 5.5377128e-05 7.824433e-05 1.7756247e-05 0.00079275295 4.7761814e-06 0.0011173544 0.0007891948 0.016769804 1.7313194e-05 0.00043636374 2.2805236e-05 6.747601e-06 4.52927e-06 0.000107919215 0.00036528782 2.0995487e-05 8.1151916e-07 0.0001365936 3.2574983e-06 3.213739e-05 1.605598e-06 2.8027012e-05 4.2217016e-05 9.219101e-07 0.0070398315 3.0236382e-07 0.001858426 8.348847e-08 2.8044313e-05 5.1141495e-08 4.3889453e-05 3.0228182e-06 0.00024130617 1.2919811e-06 9.440724e-05 4.4495496e-07 5.46874e-07 3.7953288e-07 5.23626e-07 1.6789038e-07 1.2070113e-06
0.22695906 0.01933226 0.9579024 0.96402794 0.042659033 1.11449055e-17 5.5683224e-05 0.38248256 5.6219695e-05 0.95509976 6.50373e-05 0.44170275 0.11380785 0.7849996 0.0926751 0.0001058251 0.0045595365 0.14604983 0.09381502 0.10713578 0.4954728 0.5948536 0.0001119951 0.48107606 0.0019098578 0.2050137 0.0017694903 0.018572817 0.001308521 0.04574897 0.0012779153 0.0022449554 0.0014264708 0.0011543247 0.018647548 0.0016640649 0.11999873 0.01131221 0.001463183 0.054276686 0.0054224115 0.0047774846 0.0037868835 0.0032444987 0.0014065818 0.0035796352 0.005657627 0.0029598728 0.0027852035 0.00069170434 0.00083029934 0.00725928 7.511978e-07 1.684771e-05 1.5576905e-05 0.001220038 0.00010048391 0.0039743027 0.006085248 8.320527e-06 0.0020804594 0.00020635387 8.369662e-06 0.0085945325 3.8328135e-06 0.016091025 0.0017798514 0.0043205414 1.5142996e-06 0.0005874703 2.359832e-07 3.1571628e-07 2.4124623e-07 0.0006819153 0.0019158788 6.700306e-07 7.9442806e-08 0.00023760382 6.95797e-08 9.1706875e-07 1.318519e-06 8.829669e-06 0.00015725785 8.9290955e-07 0.010882126 2.9658742e-07 0.0035130829 4.458999e-08 3.511706e-05 1.5005669e-07 1.635704e-07 2.6038151e-06 8.5064574e-05 7.553972e-08 1.6933485e-05 3.6377603e-08 1.9453164e-07 1.826102e-07 3.893366e-07 2.5976687e-08 2.8777725e-07
0.0021613948 0.9759082 0.015012629 0.002342323 0.02917298 5.5683224e-05 2.5852552e-17 0.00024486065 0.11493335 2.7623337e-06 0.98713493 5.6731515e-05 0.0024348437 2.6987714e-06 0.0009249947 0.030205937 0.011150072 0.000102302714 5.2873156e-06 4.4675035e-06 9.972931e-07 3.8313496e-07 0.848469 6.8792195e-07 0.0014272792 5.5053965e-07 0.000110789166 7.304533e-07 0.00050027063 1.6249924e-06 0.00011090186 3.544609e-05 0.00018049969 4.9568163e-05 7.8673963e-07 0.00041422507 3.7091304e-06 3.9023698e-07 0.00038583906 1.279849e-06 2.4473445e-07 8.516766e-07 4.251529e-08 3.886446e-06 4.3311742e-05 7.6276805e-08 8.0076387e-07 9.641534e-07 2.7133254e-07 2.3184631e-07 0.004009538 1.2043839e-06 6.0819666e-08 1.2963704e-07 2.4647253e-08 2.4863658e-07 4.4946823e-08 1.2970471e-05 1.0982897e-05 4.420536e-08 1.0916165e-06 8.990964e-08 6.223086e-08 0.0011720108 3.4639675e-07 0.00057959044 0.0025217556 0.031768 5.7375945e-07 1.2976359e-07 7.332727e-08 5.578296e-08 4.594437e-09 6.311685e-07 1.0011377e-05 1.0279251e-07 3.8277356e-08 1.5610053e-07 1.5247942e-08 1.723422e-07 1.7227892e-07 1.065335e-08 1.11915215e-08 6.34884e-08 0.010040575 7.042312e-08 0.00015956532 1.3236983e-08 5.1454965e-09 4.2803467e-09 3.2173496e-08 4.124087e-07 3.3109602e-09 1.3613996e-08 6.9654615e-11 5.3967755e-09 9.597934e-10 1.0222254e-08 1.0728144e-08 7.761033e-09 3.496235e-10
0.006892505 0.0070734527 0.016030744 0.90789694 0.9944206 0.38248256 0.00024486065 8.38413e-19 6.890598e-05 0.09653334 2.9018127e-05 0.012333663 0.002549432 0.03330176 0.0039999327 4.2563835e-05 0.00031443732 0.003962008 0.0024196804 0.41214144 0.05704412 0.013702507 2.0526053e-05 0.013475893 0.000120380304 0.053357854 0.0001377516 0.72099215 0.0001704942 0.00025543928 8.471533e-05 3.8255737e-05 0.00021175407 7.28634e-05 0.0050537395 7.908493e-05 0.009570126 0.14109634 6.4592554e-05 0.0019858982 0.00044249996 0.00026593727 0.0026029374 3.7921993e-05 7.980692e-06 0.02115902 5.2563835e-05 5.9890604e-05 0.00022192273 0.0002723848 0.0007909278 0.0003962285 4.5847537e-06 0.00035659136 0.00023549906 0.0015352485 0.0007024591 0.00042239914 0.00075391826 0.00035362577 0.00020234642 0.00034758344 9.382749e-05 0.0007481211 2.0198175e-05 0.0015781758 0.0005424248 0.002642884 8.6719865e-06 0.0007326754 3.849843e-05 1.3642077e-05 8.8578645e-06 0.0004128369 0.000830592 8.462726e-06 3.592293e-07 0.00089092215 4.2812594e-06 4.6977206e-05 4.600896e-07 4.065461e-05 0.00085153256 3.869598e-07 0.0021899603 7.884533e-08 0.0011819726 1.5327906e-07 0.00020824262 1.665597e-07 1.9961371e-05 2.3086152e-06 0.0013867762 1.2845188e-06 0.00014795004 3.9502524e-07 6.3822984e-07 1.02894326e-07 2.0575715e-07 1.607067e-08 9.148614e-07
0.0064749247 0.97985 0.037641235 0.00071395544 0.0028459106 5.6219695e-05 0.11493335 6.890598e-05 2.3825642e-19 1.2574475e-06 0.5792847 0.00040066772 0.039878 1.0568194e-05 0.015884034 0.9803665 0.53803426 0.0033503615 0.00012965233 1.16854686e-07 1.1442924e-06 9.285264e-06 0.03039119 9.604448e-07 0.041618064 8.512551e-07 0.0050053927 6.22821e-06 0.009381681 4.0640654e-05 0.0020125906 0.0013437547 0.0038779327 0.0020846429 5.64351e-07 0.008557299 3.8960575e-06 2.9293085e-07 0.0024077152 6.567889e-06 5.3073694e-07 8.07039e-05 3.9868862e-08 0.0004945892 0.0011932389 1.8245821e-07 4.9130336e-05 5.257767e-05 1.7822267e-06 2.5654043e-07 0.01904424 1.15115245e-05 2.9090916e-07 5.4101456e-08 1.3476496e-07 7.115994e-08 1.608674e-08 0.00019838745 0.00018195022 8.175907e-09 3.1203985e-05 1.0829231e-08 1.280466e-07 0.006590125 5.111322e-08 0.0031265486 0.011868092 0.007981668 5.7996466e-08 2.7127666e-07 9.0266955e-10 1.5211594e-09 6.788593e-10 6.7280064e-07 0.00012652905 6.5764465e-09 8.6558727e-10 1.5614152e-08 1.8598494e-10 9.783694e-09 1.3754364e-08 1.8898632e-09 1.0724345e-07 2.802804e-08 0.00820956 8.989691e-09 0.00033781794 5.0838883e-10 1.0414425e-09 3.7811843e-09 3.5359093e-10 8.629256e-07 1.8629464e-07 4.9437903e-09 1.2129846e-09 4.30407e-10 1.5967175e-09 7.0610846e-09 1.2117689e-08 2.5355236e-09 1.2564638e-09
0.5415122 0.0008778746 0.4984247 0.60653937 0.011250643 0.95509976 2.7623337e-06 0.09653334 1.2574475e-06 6.6676614e-17 8.466541e-05 0.65824383 0.045722228 0.95434844 0.05871847 2.013991e-05 0.0005796371 0.16926707 0.14726932 0.11381171 0.79573005 0.8002597 1.0870667e-05 0.7986591 0.00059539406 0.48555207 0.0025144394 0.0075697624 0.0016467168 0.15332909 0.002274455 0.002759955 0.0029083304 0.0021520641 0.07952748 0.0026828246 0.3241672 0.02197804 0.0031961156 0.20268552 0.038288154 0.023785356 0.008328855 0.011764319 0.0029562395 0.003962535 0.021949448 0.011847488 0.042520583 0.00089099194 0.0001742001 0.033788558 2.575284e-06 4.533166e-05 2.7954698e-05 0.0022981788 0.00042686338 0.012040201 0.021086149 5.4625536e-05 0.010374813 0.0008730089 1.7373208e-06 0.009925992 2.327816e-06 0.017826509 0.0036083022 0.002722409 1.8417227e-06 0.0011120545 2.5533367e-07 2.638205e-07 1.5568305e-07 0.0012219179 0.0023350222 5.281704e-07 4.9149097e-08 0.00028396642 5.9869436e-08 7.657575e-07 1.2124857e-06 3.5884257e-06 0.00017382205 2.7752765e-07 0.006468787 2.922826e-07 0.0015699915 2.3230344e-08 3.469443e-05 1.5257157e-07 1.91297e-07 5.168656e-07 9.3513765e-05 7.255057e-08 1.0958173e-05 1.9409715e-08 1.09831895e-07 2.2126368e-07 2.9138533e-07 8.094137e-09 1.6228373e-07
0.0028754906 0.09002485 0.0031218142 0.00026822631 0.00052537303 6.50373e-05 0.98713493 2.9018127e-05 0.5792847 8.466541e-05 1.4941271e-16 0.00014022557 0.009182565 2.5109646e-05 0.003609889 0.60124254 0.0642809 0.0008038992 0.00010299088 5.6192544e-06 1.2794518e-05 3.3041422e-06 0.9707315 6.99583e-06 0.003257935 2.3260794e-05 0.00031819657 3.1377824e-06 0.000559557 7.322343e-06 0.00017123757 5.605293e-05 0.00019916374 0.00013583354 4.195677e-05 0.00072804006 4.693265e-05 2.8946788e-05 0.00041684846 8.658979e-06 5.6045716e-05 1.812337e-05 1.6924324e-06 4.024467e-05 4.2743348e-05 2.72638e-05 3.20743e-06 4.610504e-06 4.2818806e-06 3.0004273e-06 0.04558268 2.8716881e-06 5.229283e-07 1.9592158e-06 1.158475e-07 2.6852292e-06 1.2649413e-07 7.2971394e-05 1.7848963e-05 9.980985e-08 2.0828772e-06 1.6776162e-06 1.4804305e-06 0.0015872252 1.0567604e-06 0.00093639735 0.0068979007 0.028668614 1.4570545e-06 1.4872271e-06 2.3891224e-07 5.8397603e-07 2.942395e-07 3.5032378e-06 7.015315e-05 1.9805765e-07 2.2801646e-07 1.2039338e-06 4.0828343e-08 4.9995435e-07 2.1348887e-07 7.019996e-08 9.116397e-09 6.8095574e-08 0.009570501 1.8795085e-07 0.00022351234 4.0837534e-08 1.2424232e-08 2.3226754e-08 2.6610374e-07 1.85554e-07 2.0558188e-08 1.700259e-08 3.984349e-11 5.557223e-09 3.6163748e-09 2.823546e-09 8.067287e-09 1.4214725e-09 9.2530517e-10
0.8546218 0.01284048 0.5832396 0.1441299 0.0011126889 0.44170275 5.6731515e-05 0.012333663 0.00040066772 0.65824383 0.00014022557 1.4863546e-14 0.5964461 0.92460394 0.45426017 0.0001269808 0.010997635 0.7298569 0.6698761 0.00974882 0.09930614 0.88520944 2.1087321e-06 0.21508868 0.014694121 0.019854084 0.04600733 0.00069354323 0.0106169665 0.58565515 0.020288993 0.042126212 0.018762194 0.006919508 0.0024312097 0.0033281874 0.0457716 0.002668988 0.003263752 0.24429435 0.0028448752 0.112933874 0.00016194429 0.033281382 0.020103546 0.0001619304 0.08006569 0.039651535 0.0029513238 0.00021074455 0.0016565857 0.014718053 2.3666078e-06 1.3727226e-06 1.0380606e-06 0.00020706611 1.5167921e-05 0.013725991 0.013763828 1.2034585e-06 0.003518667 5.2752755e-05 5.9735294e-06 0.05046833 4.3837377e-07 0.079618976 0.0072826613 0.005663125 4.426441e-07 1.3471228e-05 2.6520425e-08 9.725779e-08 1.3619555e-08 0.00010074451 0.005919585 2.459272e-07 4.016141e-08 1.2815595e-05 1.338385e-08 9.853345e-08 5.379888e-06 2.266839e-07 5.4333773e-06 4.9919635e-07 0.012548313 4.1326226e-07 0.004659968 2.7543656e-08 6.077302e-07 5.621993e-08 3.2023923e-08 6.707988e-06 1.7029066e-05 2.8632502e-07 1.2778213e-07 1.3811905e-07 9.836295e-08 1.3805379e-06 2.2875079e-06 3.0384022e-08 1.5172465e-07
0.3216256 0.50560874 0.6769242 0.027708596 0.00018916042 0.11380785 0.0024348437 0.002549432 0.039878 0.045722228 0.009182565 0.5964461 2.6077763e-19 0.15129815 0.9905539 0.020934723 0.5635318 0.5906803 0.38142225 0.0003628992 0.00011051944 0.03573516 0.0005666577 0.0017175128 0.5193109 7.045366e-05 0.65552485 9.5442e-06 0.22396669 0.32934514 0.2512534 0.2371253 0.20637898 0.12668371 0.0001827725 0.069273256 0.0044773314 1.36880935e-05 0.06879751 0.0128190005 0.0015320425 0.07782205 5.9487974e-07 0.09554926 0.07885948 3.496447e-07 0.016371557 0.030856311 1.386525e-05 1.537944e-06 0.1544529 0.0012235651 9.7825975e-08 2.8833862e-08 1.9699963e-08 4.4487415e-06 4.0788086e-07 0.015649159 0.0024490983 8.15274e-08 0.0004496503 2.4843619e-06 1.4905155e-06 0.13182443 1.0051648e-08 0.15342751 0.10722307 0.014176762 9.1646895e-09 9.918724e-07 4.888552e-09 1.4076961e-09 1.3091192e-10 1.261102e-06 0.011866078 1.6294008e-08 8.331567e-09 6.047141e-07 7.757225e-10 1.9795822e-08 1.7117884e-07 3.512687e-09 1.0617815e-07 5.812046e-09 0.024856698 2.0537495e-08 0.0042008036 5.79922e-10 5.832435e-09 4.2763051e-10 5.4830065e-09 7.426794e-08 1.2866619e-06 2.454704e-08 2.007254e-08 1.4465147e-09 3.480249e-09 2.062357e-09 5.148215e-09 2.5206895e-10 5.4479488e-09
0.8894028 0.0019940357 0.5223784 0.43801874 0.0042556897 0.7849996 2.6987714e-06 0.03330176 1.0568194e-05 0.95434844 2.5109646e-05 0.92460394 0.15129815 1.1447744e-16 0.13844925 3.717713e-05 0.0008594442 0.35039034 0.37668955 0.06769261 0.53015524 0.89761186 9.1562157e-07 0.64841455 0.0008188979 0.19113576 0.0031397406 0.0038954283 0.0027900552 0.3539967 0.0036048389 0.0090951715 0.005939739 0.0033010452 0.024876304 0.0026171019 0.14351702 0.014387342 0.0029180818 0.3337162 0.014034901 0.06512908 0.0036123581 0.021135388 0.012154966 0.003380205 0.0769006 0.034829047 0.024491986 0.0007051193 0.00022423932 0.048921753 4.401976e-06 1.003402e-05 1.8984058e-05 0.00046980687 0.00013119353 0.020156216 0.03657823 2.9182835e-05 0.018872239 0.00016120943 5.462509e-06 0.034917682 1.9257109e-06 0.049921926 0.0053330883 0.0033023532 2.530206e-06 0.00028713842 1.545639e-07 4.4578746e-07 5.1129597e-08 0.0003331534 0.006940726 1.2861017e-07 5.7329427e-08 2.5776786e-05 2.5048331e-08 1.9036868e-07 1.6504247e-06 9.319521e-07 3.8014583e-05 3.3662354e-07 0.011509144 5.3840944e-07 0.0035928863 3.5056075e-08 3.831717e-06 6.450886e-08 2.644587e-08 2.3185482e-06 1.4644665e-05 1.4729882e-07 5.214463e-07 1.5765126e-08 1.0914755e-07 3.899773e-07 8.139522e-07 2.0253985e-08 8.566811e-08
0.80278516 0.08287374 0.5252708 0.041968152 0.0018430407 0.0926751 0.0009249947 0.0039999327 0.015884034 0.05871847 0.003609889 0.45426017 0.9905539 0.13844925 4.3004374e-16 0.009772492 0.34681022 0.6549464 0.32217413 0.011485439 0.0010393922 0.18091546 0.0015099758 0.0067998045 0.28721038 0.00090457255 0.45060638 0.00025176487 0.17794153 0.46150503 0.1255276 0.25097188 0.15294638 0.06987224 0.0007254684 0.07562302 0.005897694 0.0010249461 0.05322764 0.10245268 0.0014094696 0.061907817 2.153988e-05 0.08066548 0.124323465 0.00023701042 0.057731483 0.030471202 0.00022295541 0.00032541918 0.060817882 0.007034707 3.904006e-06 9.597504e-06 2.6654786e-06 1.7386725e-05 2.4409426e-06 0.03121428 0.011224461 1.0246303e-06 0.0026184886 2.2347873e-05 0.000107965745 0.22163433 2.9189723e-06 0.20710504 0.08857538 0.0334641 2.296601e-06 5.2613755e-06 1.01984405e-07 1.6695982e-07 1.8395513e-08 0.000107503394 0.010218196 6.9948857e-07 5.188282e-07 7.767019e-06 8.001535e-08 1.5312257e-07 2.6294943e-05 1.3023842e-07 3.077204e-06 2.4669264e-06 0.038800683 2.4461115e-06 0.011808696 1.5068193e-07 7.8936516e-08 6.635566e-07 4.8190287e-08 4.2232823e-06 1.6399887e-05 4.4959154e-07 1.0868392e-06 2.103262e-07 1.808028e-07 3.3859524e-07 3.286388e-07 7.708237e-08 1.3870341e-07
0.19931841 0.053280238 0.029154269 9.683433e-05 0.00039596183 0.0001058251 0.030205937 4.2563835e-05 0.9803665 2.013991e-05 0.60124254 0.0001269808 0.020934723 3.717713e-05 0.009772492 5.7800766e-16 0.9674926 0.0012962007 0.0004552349 1.1983569e-07 4.1528765e-06 8.348613e-05 0.34812742 3.6644324e-06 0.11348034 1.3553443e-05 0.005419674 1.6482249e-05 0.011552547 0.0005986653 0.0017515215 0.002480786 0.0039902916 0.0026071349 1.3173431e-05 0.0767248 2.1651462e-05 1.1572698e-06 0.005490944 0.0001617253 1.671566e-05 0.00015932915 3.7437638e-07 0.00035985216 0.005455145 7.8946493e-07 0.000119903896 9.2911854e-05 2.3965722e-06 1.1816952e-06 0.6169153 5.4106342e-05 9.285149e-08 9.362954e-08 1.6007826e-07 3.672887e-07 2.6317204e-08 0.00030591767 0.00010332439 5.8418237e-08 2.913095e-05 2.9433364e-08 1.5212859e-07 0.025502235 1.0605328e-07 0.010357085 0.09111113 0.15517892 4.5793477e-08 4.977106e-08 6.0163825e-09 5.2326103e-09 2.273739e-09 1.65366e-07 0.0006434246 6.76727e-08 6.329117e-09 8.8856396e-08 2.4827194e-09 6.1788164e-08 1.2885683e-07 1.8098369e-08 8.97345e-09 6.670045e-08 0.069727674 6.915894e-08 0.001601738 3.4571659e-09 4.9834012e-09 8.987171e-09 1.0689112e-08 2.650743e-06 4.7647667e-08 1.490146e-08 1.06883266e-10 1.2126122e-09 4.9267337e-09 4.370459e-09 2.9543759e-09 1.1685535e-09 9.708588e-10
0.85376656 0.26222405 0.3600859 0.006254639 9.594909e-05 0.0045595365 0.011150072 0.00031443732 0.53803426 0.0005796371 0.0642809 0.010997635 0.5635318 0.0008594442 0.34681022 0.9674926 2.803405e-14 0.06207526 0.032063484 1.1586772e-05 1.3017127e-05 0.001211433 0.044258133 1.0500942e-05 0.8139547 1.3477011e-05 0.12320379 1.6270872e-06 0.5351143 0.008926848 0.07860436 0.12702793 0.17762867 0.066937305 1.35113e-06 0.8188323 8.3376326e-05 2.38528e-05 0.057512674 0.0013966104 3.0138544e-06 0.00077755906 4.141067e-08 0.002301766 0.062906675 3.7423952e-06 0.0017167907 0.00066515134 8.304442e-06 6.541294e-07 0.35567117 0.00013036898 7.606164e-08 1.9047555e-08 2.3293481e-08 2.7938813e-07 2.3429116e-08 0.00073624344 0.0001501494 1.8406567e-08 2.091904e-05 1.4800449e-08 4.008251e-08 0.15429439 7.0394506e-08 0.06410538 0.28508618 0.07705868 2.0872337e-08 2.3269058e-08 3.857159e-09 3.973205e-09 2.203711e-10 1.3936e-07 0.0043445164 1.3583106e-08 8.802743e-09 3.343779e-08 4.0106712e-10 6.869142e-09 3.7387903e-07 1.4468219e-08 2.4495453e-08 1.7384103e-07 0.082224734 8.118121e-08 0.010385273 1.0781638e-09 1.0166351e-08 1.1463413e-08 2.4298974e-09 5.2501887e-06 2.4337055e-07 1.3432234e-08 3.999955e-09 2.615734e-10 6.4646657e-09 2.4818434e-09 3.578827e-09 2.5741114e-09 3.6650942e-09
0.8007869 0.030678606 0.44239235 0.014442427 0.00017277163 0.14604983 0.000102302714 0.003962008 0.0033503615 0.16926707 0.0008038992 0.7298569 0.5906803 0.35039034 0.6549464 0.0012962007 0.06207526 8.1221306e-16 0.9808965 0.003526806 0.0065895813 0.5281826 1.4765551e-05 0.034137398 0.19151108 0.002266569 0.52332956 0.00018170071 0.08730394 0.8961959 0.1946456 0.17725453 0.10743518 0.08154518 0.0021540846 0.030386392 0.021567672 0.00056247663 0.073875055 0.31890798 0.0047514536 0.16721062 4.1776777e-05 0.14322416 0.12657174 0.00013767056 0.100034475 0.067532055 0.0003711735 1.0672526e-05 0.016849319 0.010527451 6.235526e-06 5.2198443e-06 1.7893777e-06 3.4755496e-05 8.633442e-06 0.037210934 0.014331531 2.252286e-06 0.003879799 2.3262855e-05 3.3405472e-06 0.07838135 4.5437395e-07 0.117817834 0.015940167 0.0059205303 6.14285e-07 5.702162e-06 1.072993e-07 6.47779e-08 2.0980105e-08 5.177127e-05 0.010848227 7.295605e-08 1.4704751e-08 7.6041706e-06 1.918816e-08 7.9370565e-08 4.765487e-07 8.434526e-08 6.5066297e-06 2.4283247e-07 0.010358487 2.4487966e-07 0.0045748116 1.3524784e-08 6.7731456e-08 2.178762e-08 4.9502848e-08 3.7541952e-06 6.45863e-06 2.0957256e-07 1.2078583e-07 1.589314e-08 2.2236941e-07 5.5755514e-08 1.403609e-07 1.2309782e-08 7.566546e-08
0.8796322 0.0036018628 0.1647821 0.016637271 0.00012950996 0.09381502 5.2873156e-06 0.0024196804 0.00012965233 0.14726932 0.00010299088 0.6698761 0.38142225 0.37668955 0.32217413 0.0004552349 0.032063484 0.9808965 7.3647953e-16 0.0048933295 0.01671378 0.75691247 2.5197694e-06 0.0616808 0.056531057 0.0035811665 0.22645669 0.00012975944 0.06618774 0.89038074 0.097044416 0.20207642 0.11097513 0.06210312 0.0027237427 0.020547692 0.037985504 0.0013137965 0.042519547 0.5535508 0.008917923 0.16277182 0.000530405 0.1390696 0.13714029 0.0010442043 0.19386601 0.11719999 0.0057677715 2.179102e-05 0.019361772 0.036306866 3.7509633e-06 1.5473854e-05 8.536375e-06 7.3328985e-05 1.9029643e-05 0.099828884 0.0525497 1.0924721e-05 0.029346993 9.188749e-05 4.877723e-06 0.1036604 1.4740302e-06 0.14594187 0.03532295 0.0061689075 4.8957954e-06 0.00010968374 1.912764e-07 3.09376e-07 1.4506911e-07 0.00034009284 0.023858532 1.9726988e-07 9.074644e-08 4.3899297e-05 3.781915e-08 3.0357648e-07 8.401302e-07 4.791851e-07 0.00015818066 7.4932956e-07 0.020706717 6.0138245e-07 0.009214957 3.467212e-08 4.027383e-06 1.5917188e-07 1.3706877e-07 7.129729e-06 0.00020769009 2.2943865e-07 6.334531e-06 4.3462702e-08 1.2369489e-07 9.334015e-08 1.6647171e-07 1.01063456e-07 1.5596481e-07
0.044434786 0.00018014095 0.007064362 0.53087306 0.06561305 0.10713578 4.4675035e-06 0.41214144 1.16854686e-07 0.11381171 5.6192544e-06 0.00974882 0.0003628992 0.06769261 0.011485439 1.1983569e-07 1.1586772e-05 0.003526806 0.0048933295 2.5833808e-18 0.40023896 0.03599872 2.922153e-06 0.10440621 6.440179e-06 0.49396405 1.6439206e-05 0.99093044 7.596664e-05 0.0001875769 0.000116358555 0.00040622815 0.00022754454 2.4022025e-05 0.09980917 4.622603e-06 0.10587804 0.9159231 5.4126824e-05 0.010245469 0.00995101 0.0009606918 0.2795729 0.0003755115 6.968772e-05 0.53380626 0.0021615073 0.00055618875 0.0070601366 0.028584857 5.311942e-05 0.010478755 0.00094041065 0.012305161 0.02033378 0.040226813 0.011246143 0.0022445444 0.005567746 0.016747573 0.008657135 0.0039722016 0.0050935396 0.005117434 0.003083664 0.0038708202 0.0013854352 0.0026834118 0.0009836582 0.004802981 0.00055624364 0.00027233284 5.8712336e-05 0.0023608126 0.0031440656 1.0690179e-05 1.8419353e-06 0.001289919 2.4893473e-06 0.00014203391 1.4215337e-05 6.1011528e-05 0.0031041396 4.5256434e-06 0.001970067 6.178554e-07 0.00066811393 9.457758e-08 0.0007654133 2.2249796e-07 1.5925008e-05 3.950886e-05 0.011063048 4.637693e-07 0.000693921 1.7757694e-08 3.727138e-07 6.436273e-08 1.2955327e-07 2.2955675e-08 1.0248737e-06
0.3158486 0.00024723978 0.031369083 0.20566355 0.0024607247 0.4954728 9.972931e-07 0.05704412 1.1442924e-06 0.79573005 1.2794518e-05 0.09930614 0.00011051944 0.53015524 0.0010393922 4.1528765e-06 1.3017127e-05 0.0065895813 0.01671378 0.40023896 2.5022848e-18 0.50549555 1.0502099e-06 0.97647846 1.44288315e-05 0.9582744 0.00016118053 0.01818388 3.8802227e-05 0.012121621 0.00023073782 0.0002534645 0.00024931843 0.0005619614 0.23624836 0.00013118288 0.49547565 0.1694565 0.00066782214 0.13269342 0.101251066 0.005507403 0.21173264 0.0025434373 0.00072062155 0.05180493 0.014413965 0.008297551 0.076377675 0.00309813 1.7307102e-05 0.06732342 3.438752e-05 8.930953e-05 0.00010095321 0.006668844 0.0018405202 0.006636076 0.027699381 0.00033612552 0.013892849 0.0025926959 5.7372174e-05 0.0029951786 1.0752508e-05 0.008181763 0.0006870992 0.0012946973 3.4633173e-05 0.0017029813 1.2874683e-06 1.3152611e-06 1.140686e-06 0.0019882093 0.0016715516 6.080856e-07 9.007546e-08 0.0009956241 6.875031e-08 2.130907e-06 1.3074936e-06 1.9277828e-05 0.000338834 4.3631795e-07 0.0021168 3.4951867e-07 0.00080240826 6.206739e-08 4.990874e-05 2.5099615e-07 2.489405e-07 5.6271098e-08 0.00067279587 6.727788e-07 1.4684776e-05 3.2613837e-08 4.97503e-07 6.388403e-08 1.568764e-07 2.8239178e-09 4.08321e-07
0.96246415 0.00035817022 0.31741858 0.14816968 0.00019693635 0.5948536 3.8313496e-07 0.013702507 9.285264e-06 0.8002597 3.3041422e-06 0.88520944 0.03573516 0.89761186 0.18091546 8.348613e-05 0.001211433 0.5281826 0.75691247 0.03599872 0.50549555 8.755763e-15 4.3695843e-07 0.73671806 0.0028902835 0.22483452 0.007578113 0.0007932562 0.0073336377 0.7153068 0.012305589 0.034131628 0.013149358 0.005768159 0.11510401 0.0053318148 0.30247536 0.020162344 0.009475361 0.82689935 0.045039378 0.1993093 0.013886723 0.060801223 0.06403794 0.010892109 0.36344704 0.20467073 0.07859856 0.00021237214 0.0009516796 0.30578703 1.4478468e-05 0.00061900076 0.00041068063 0.0016441646 0.0011419334 0.20936319 0.23794165 0.00024920312 0.13435139 0.0016206326 1.0241325e-05 0.09924452 7.2060575e-06 0.18422008 0.024047097 0.0045514316 3.3582128e-05 0.0003532476 5.097687e-06 3.2164107e-06 5.209811e-07 0.0016098313 0.06070901 8.833311e-07 5.2305e-07 0.00015245735 2.9901022e-07 1.6368002e-06 4.93909e-06 1.1646185e-05 0.00037679417 1.3098049e-06 0.027336461 8.364639e-07 0.010581367 9.0602896e-08 3.371318e-05 1.5828286e-07 9.826615e-07 1.153046e-06 0.0012957645 6.8346674e-07 2.7156137e-05 4.8768104e-08 4.408801e-07 3.695891e-07 6.2790735e-07 1.3000289e-07 4.2066304e-07
0.101827055 0.0049469513 0.0012694127 0.00037103402 0.0012635248 0.0001119951 0.848469 2.0526053e-05 0.03039119 1.0870667e-05 0.9707315 2.1087321e-06 0.0005666577 9.1562157e-07 0.0015099758 0.34812742 0.044258133 1.4765551e-05 2.5197694e-06 2.922153e-06 1.0502099e-06 4.3695843e-07 1.4252588e-14 1.2514455e-06 0.0018495766 9.016347e-06 6.1273866e-05 7.394126e-07 0.000548373 5.6645285e-07 4.3986798e-05 1.6023589e-05 7.60902e-05 2.868736e-05 1.7834967e-06 0.0013771633 6.9223586e-07 8.324547e-05 0.00034943438 2.278292e-06 7.116343e-07 2.2198833e-06 4.481423e-08 4.7331364e-06 1.3191247e-05 1.3551846e-06 4.916422e-07 1.16503955e-07 6.126886e-08 5.5674163e-06 0.44802344 5.6186593e-08 5.728625e-08 1.5345266e-07 9.605103e-08 4.0693556e-07 4.9416062e-08 1.5198416e-05 1.0276096e-07 9.560031e-08 8.407842e-09 5.6827652e-08 1.5120794e-07 0.0019981677 5.2489064e-08 0.00045926683 0.015411949 0.88537735 2.6898462e-07 2.3027451e-07 6.969605e-08 6.182459e-08 6.0984937e-09 8.4705576e-08 1.8298728e-05 1.03149176e-07 1.1994179e-07 5.2428828e-08 1.3215086e-08 3.0644117e-08 1.3446443e-07 9.9387885e-09 5.701009e-10 5.201507e-08 0.09428949 7.498518e-08 0.00051981385 1.0988464e-08 4.3592926e-10 1.7879217e-09 2.569172e-09 8.269148e-08 2.1372872e-10 8.915856e-09 7.799233e-12 4.5520276e-09 1.5687162e-09 3.8453183e-09 5.472653e-09 2.8987296e-10 2.3127487e-10
0.5612123 0.00042973092 0.031654283 0.13894214 0.0009031727 0.48107606 6.8792195e-07 0.013475893 9.604448e-07 0.7986591 6.99583e-06 0.21508868 0.0017175128 0.64841455 0.0067998045 3.6644324e-06 1.0500942e-05 0.034137398 0.0616808 0.10440621 0.97647846 0.73671806 1.2514455e-06 2.6374594e-19 6.522805e-05 0.80187786 0.0007583072 0.0038853344 0.00017188105 0.07311198 0.0013359908 0.0012241299 0.000918266 0.001409581 0.3786303 0.00026339857 0.83086103 0.026908545 0.0018926905 0.36315468 0.3357827 0.0576084 0.23350608 0.006430722 0.0030155624 0.018296259 0.037018903 0.025849063 0.16849369 0.000988722 2.0165879e-05 0.20669079 8.685154e-06 0.00030145358 0.00018876 0.0018445668 0.0012463408 0.04656677 0.105556354 0.00033738895 0.08084665 0.0026294126 7.5991393e-06 0.008216061 3.198422e-06 0.022227347 0.0024903768 0.0008110396 7.6913775e-06 0.0010237338 1.342952e-06 3.7471892e-07 1.0926351e-06 0.0019421949 0.006134892 4.5640622e-08 1.9798316e-08 0.0003474168 1.928495e-08 2.3986289e-07 1.2078461e-06 5.9936683e-06 0.0003678543 8.156675e-08 0.0029679143 3.8135857e-07 0.00081709394 1.5458019e-08 3.5028657e-05 1.8788445e-08 4.5082825e-08 3.6038035e-08 0.00047661757 2.766371e-07 7.662568e-06 2.1444883e-08 6.771492e-08 7.123462e-08 2.3361257e-07 5.95355e-10 2.091804e-07
0.8541958 0.05289857 0.08004531 0.0009775702 0.000110808505 0.0019098578 0.0014272792 0.000120380304 0.041618064 0.00059539406 0.003257935 0.014694121 0.5193109 0.0008188979 0.28721038 0.11348034 0.8139547 0.19151108 0.056531057 6.440179e-06 1.44288315e-05 0.0028902835 0.0018495766 6.522805e-05 1.8518273e-15 9.639162e-05 0.644666 1.925137e-05 0.9041455 0.034625053 0.35930514 0.40149766 0.55470204 0.31152448 6.962912e-05 0.8936141 0.00021436093 1.662092e-05 0.13534105 0.0011970064 2.5246994e-05 0.002342531 4.455728e-07 0.012502252 0.08367644 1.995251e-06 0.0031284783 0.0037053851 6.2526105e-06 1.8380116e-06 0.06484488 4.7474245e-05 3.0691879e-06 1.1792707e-07 1.6351207e-07 2.7053878e-07 3.946884e-08 0.0021882849 0.00014932531 5.5031574e-08 8.396177e-05 4.2332495e-08 4.1936644e-07 0.18505102 1.3003178e-07 0.0754499 0.14333464 0.014413538 1.7100818e-07 3.140309e-08 2.947324e-09 5.2603992e-09 7.880015e-10 7.9828766e-08 0.008617678 2.0123407e-08 3.0659788e-08 4.4379565e-08 5.0788316e-09 1.536428e-08 5.7919885e-07 4.804938e-09 7.592347e-09 1.8034937e-07 0.051005743 3.3418044e-07 0.010052877 3.564922e-09 3.3931902e-09 5.680508e-09 3.2460118e-08 8.159558e-07 1.5997822e-08 2.0740713e-07 2.6312976e-09 8.523387e-09 6.136032e-08 2.1256824e-08 2.8441194e-08 6.897097e-08 4.750737e-08
0.31570995 3.773627e-05 0.0036228565 0.08089652 0.00086910126 0.2050137 5.5053965e-07 0.053357854 8.512551e-07 0.48555207 2.3260794e-05 0.019854084 7.045366e-05 0.19113576 0.00090457255 1.3553443e-05 1.3477011e-05 0.002266569 0.0035811665 0.49396405 0.9582744 0.22483452 9.016347e-06 0.80187786 9.639162e-05 6.169089e-19 0.00029129686 0.034252718 0.00022518417 0.0031002415 0.00032099424 0.00020580376 0.00055028906 0.0008096558 0.9702885 0.000268834 0.7254397 0.41015097 0.0008176841 0.080076955 0.34904194 0.0030183936 0.7097459 0.0014186896 0.00040149316 0.359323 0.002510662 0.0048682215 0.13755211 0.0109834 8.504584e-05 0.06593454 0.0003848338 0.0038474628 0.0013007125 0.031176897 0.01665698 0.0082334075 0.035441775 0.0020117848 0.02421997 0.017395683 0.00055639906 0.0014995128 0.00047032034 0.006843738 0.0006663354 0.0012608543 0.0005028272 0.0054170284 0.00012673099 0.0001987865 7.8131365e-05 0.011264755 0.0025588023 3.8145423e-05 1.4400128e-05 0.005432917 9.1037e-06 0.00023340114 5.9880203e-05 0.00061754975 0.0051412196 1.6203056e-05 0.0010112941 2.4931996e-05 0.000680008 3.982334e-06 0.0016501092 1.4593067e-05 4.852638e-05 2.826064e-06 0.0039171223 2.4299648e-05 0.0013847913 4.9544983e-06 1.5801743e-05 6.1996525e-06 1.0319681e-05 7.319452e-08 1.9051435e-05
0.9214202 0.0076095536 0.05735321 0.0007138118 0.00021569718 0.0017694903 0.000110789166 0.0001377516 0.0050053927 0.0025144394 0.00031819657 0.04600733 0.65552485 0.0031397406 0.45060638 0.005419674 0.12320379 0.52332956 0.22645669 1.6439206e-05 0.00016118053 0.007578113 6.1273866e-05 0.0007583072 0.644666 0.00029129686 6.2873943e-15 8.824505e-05 0.6771544 0.42725536 0.8819363 0.7631952 0.82229453 0.63207567 0.0003095884 0.31479523 0.0004329603 0.0001387236 0.22101575 0.0056875804 0.00033566792 0.028543778 1.3396575e-05 0.09536424 0.15664451 6.7778405e-05 0.01120623 0.017472947 1.17059035e-05 0.00014484841 0.0067030587 0.00010209482 1.2055429e-05 3.5740643e-06 6.3781154e-06 4.388814e-06 1.5997122e-06 0.0031139744 0.00048122648 2.3961243e-06 0.00023842006 3.3013832e-06 0.00014575118 0.112489946 2.316851e-06 0.07253983 0.04994187 0.0018686055 6.3778352e-06 8.145983e-07 2.0387304e-07 1.8973267e-07 4.2596053e-08 2.84629e-06 0.013251442 6.5078365e-07 7.4864886e-07 3.7841284e-07 3.0432986e-07 3.9476015e-07 1.1230477e-05 1.391624e-07 3.0616704e-07 6.2223266e-06 0.014329168 8.1268445e-06 0.0071102395 3.0233815e-07 1.7110067e-07 7.2685856e-07 1.15982694e-07 8.565553e-06 3.6520694e-07 1.5269204e-06 3.5512084e-08 1.205621e-07 8.23111e-07 1.4049582e-06 4.961988e-06 7.086166e-07 2.6229557e-06
0.004889989 7.6459066e-05 0.0032606516 0.086960815 0.7002708 0.018572817 7.304533e-07 0.72099215 6.22821e-06 0.0075697624 3.1377824e-06 0.00069354323 9.5442e-06 0.0038954283 0.00025176487 1.6482249e-05 1.6270872e-06 0.00018170071 0.00012975944 0.99093044 0.01818388 0.0007932562 7.394126e-07 0.0038853344 1.925137e-05 0.034252718 8.824505e-05 5.2672155e-17 3.748273e-05 6.637297e-06 9.431238e-05 7.905514e-05 0.00010107845 8.030207e-05 0.0043119714 7.621377e-06 0.0022581243 0.70581174 2.9293338e-05 0.00051725865 0.00021749713 1.4267396e-05 0.003850708 1.1806932e-05 1.8194736e-05 0.13774468 1.3673598e-05 1.5327789e-05 0.00019105991 0.58237195 0.00017496648 0.00010923195 0.09654645 0.0008757628 0.00093811174 0.0042859353 0.0014100429 0.0001493263 0.00043209904 0.0017626279 0.00027177474 0.0006173048 0.10532407 0.0006067128 0.0024071238 0.0012295536 0.00035165183 0.0027380418 0.0001923822 0.0016198237 6.254588e-05 0.00011796201 1.1836945e-05 0.00069271796 0.0010640839 0.00012435994 0.00028042318 0.00074206456 4.2284308e-05 0.00046524472 0.0011365641 6.252667e-05 0.0021784767 0.00014150853 0.00066693086 0.00017777893 0.00041202386 7.9172617e-07 0.00017263328 4.593603e-06 0.0001553518 0.0020152372 0.00060371414 2.0234225e-05 0.00012291601 1.994087e-06 4.8363313e-06 8.751833e-07 4.353275e-07 3.9176244e-05 4.92066e-06
0.9180779 0.014162458 0.027582465 0.00075779203 0.00019767697 0.001308521 0.00050027063 0.0001704942 0.009381681 0.0016467168 0.000559557 0.0106169665 0.22396669 0.0027900552 0.17794153 0.011552547 0.5351143 0.08730394 0.06618774 7.596664e-05 3.8802227e-05 0.0073336377 0.000548373 0.00017188105 0.9041455 0.00022518417 0.6771544 3.748273e-05 1.4738907e-14 0.07443627 0.5456912 0.6557957 0.80669373 0.54048014 0.00034649463 0.86825 0.00028315082 5.949025e-05 0.2595162 0.0037510372 0.00012633688 0.004798924 2.1443986e-06 0.015112212 0.09861403 4.2495067e-06 0.0027053352 0.0021342244 8.032003e-06 5.820259e-06 0.01777025 9.667452e-05 1.3611953e-05 7.322409e-07 2.0361831e-07 6.6897394e-07 2.1237767e-07 0.0013326233 0.00018039678 1.8391768e-07 8.2909064e-05 1.4729714e-07 5.504375e-06 0.16016695 6.2745e-07 0.058272347 0.09577715 0.004616969 5.545264e-07 4.794266e-08 2.6543045e-08 2.964555e-08 4.594253e-09 1.1701115e-07 0.008207396 5.7633887e-08 4.8561862e-08 1.5842421e-07 2.3290193e-08 3.8670468e-08 6.486466e-07 1.170832e-08 1.3483444e-08 2.856143e-07 0.031194402 3.0145455e-07 0.0076866336 2.4107269e-08 3.696173e-09 5.2482257e-08 5.123054e-08 1.4857526e-06 1.5624222e-08 2.612816e-07 1.3051855e-09 1.4335186e-08 2.2928688e-07 1.9472876e-07 1.467741e-07 4.50536e-08 1.2358629e-07
0.9399555 0.00059954636 0.0315089 0.0026140548 3.3219842e-06 0.04574897 1.6249924e-06 0.00025543928 4.0640654e-05 0.15332909 7.322343e-06 0.58565515 0.32934514 0.3539967 0.46150503 0.0005986653 0.008926848 0.8961959 0.89038074 0.0001875769 0.012121621 0.7153068 5.6645285e-07 0.07311198 0.034625053 0.0031002415 0.42725536 6.637297e-06 0.07443627 3.8435076e-16 0.42642915 0.40264538 0.20411919 0.17563811 0.0045173494 0.021147607 0.05155133 0.0006517986 0.09131062 0.8929528 0.016702563 0.6778564 0.00035342446 0.61506706 0.26702467 0.00018061177 0.47105783 0.45395207 0.006698742 6.3488435e-05 0.0046624397 0.1277094 1.7856003e-06 9.8798055e-06 3.8752525e-05 0.00010329345 5.3539512e-05 0.31491455 0.1716508 3.307549e-05 0.08086436 0.00016936385 1.3985916e-05 0.17647366 2.8703147e-07 0.3371582 0.0889718 0.0055122925 1.5794848e-06 4.2549025e-05 8.861222e-07 6.397484e-07 1.4833621e-07 0.00024327025 0.08854014 6.6926236e-07 4.254622e-07 2.3629826e-05 1.6198916e-07 1.1161455e-06 7.694584e-06 1.7765367e-06 0.00020875703 3.138622e-07 0.038701985 1.5626965e-06 0.02220448 1.449025e-07 1.4014167e-05 1.9238448e-07 5.699854e-07 3.1737707e-06 0.00034715264 6.50695e-07 3.1986845e-06 1.03847604e-07 1.8887083e-07 4.5423528e-07 6.9584445e-07 1.4835582e-06 1.5962564e-07
0.9087014 0.0018727668 0.021133246 0.000670559 9.3672366e-05 0.0012779153 0.00011090186 8.471533e-05 0.0020125906 0.002274455 0.00017123757 0.020288993 0.2512534 0.0036048389 0.1255276 0.0017515215 0.07860436 0.1946456 0.097044416 0.000116358555 0.00023073782 0.012305589 4.3986798e-05 0.0013359908 0.35930514 0.00032099424 0.8819363 9.431238e-05 0.5456912 0.42642915 4.8151736e-14 0.91425246 0.8381078 0.80303496 0.00058923545 0.31657755 0.0013059042 0.0002574351 0.39067146 0.017143218 0.00064938754 0.06766426 3.0644132e-05 0.19045533 0.33517352 8.973401e-05 0.01743472 0.023501132 2.0975154e-05 5.3424294e-05 0.0061212396 0.0003376059 3.8426133e-05 2.4808319e-06 5.0403055e-06 4.1452636e-06 3.467156e-06 0.006376236 0.00076270156 4.463424e-06 0.00069575687 8.301101e-06 4.119319e-05 0.10863513 5.368193e-06 0.10537683 0.060933527 0.0026296324 1.1471819e-05 1.3514573e-06 3.0692044e-07 6.1553055e-07 8.62898e-08 8.068724e-06 0.021955553 2.2066765e-06 1.0997524e-06 9.708186e-07 6.230637e-07 4.408763e-07 2.6919586e-05 2.7138714e-07 5.629689e-07 4.5001602e-06 0.0145364385 5.9832223e-06 0.008062001 1.0104905e-06 3.3171455e-07 9.1028795e-07 2.2811304e-07 5.755666e-06 9.328814e-07 1.8514612e-06 5.7452358e-08 4.5058866e-07 1.2832259e-06 2.941434e-06 5.982823e-06 3.3500143e-07 1.5018477e-06
