6.186573e-35 0.8197737 0.49245012 0.07624084 0.54763657 0.7561363 0.52197975 0.63639927 0.09067748 0.075442806 0.7360182 0.54710466 0.0111352 0.930448 0.011997528 0.5826135 0.1866317 0.22742452 0.43393007 0.29177117 0.81556815 0.013191843 0.19089386 0.4538037 0.17835426 0.6278235 0.042635527 0.013314405 0.74171734 0.6678278 0.0049968343 0.014057411 0.8786909 0.5134843 0.11386351 0.0020315836 0.893068 0.0055454867 0.0106659485 0.9667717 0.60286635 0.16341357 0.8129689 0.5516981 0.0058282935 0.9581114 0.0010035415 0.7548232 0.009199161 0.000870979 0.1210581 0.7075966 0.41368935 0.015460218 0.00079249294 0.00025086993 0.99005294 0.00030462712 0.8842813 0.99463505 0.103314914 0.08276824 0.0003758302 0.8822408 0.0006795548 0.9102152 0.052571982 0.9944569 0.0017538095 0.0038791313 0.72824085 0.94959694 0.6150496 0.00020688334 0.0003978326 0.99553967 0.0008902746 0.83833855 0.10495182 0.99819523 0.91645795 0.99604815 0.09975592 0.0011217309 0.9988922 9.799247e-06 3.0906198e-05 0.99678487 9.847653e-08 0.0032366673 0.12356503 6.065262e-08 0.011404853 2.9908497e-07 0.9570879 0.0058546523 6.095717e-08 0.0054923887 0.0025798182 0.39475092 0.053639676
0.8197737 2.915174e-18 0.5948207 0.5902733 0.65154964 0.5504993 0.3752832 0.40060154 0.08254423 0.3951473 0.2840848 0.34729153 0.20068586 0.22163112 0.15697518 0.16426247 0.39034986 0.2780854 0.13360636 0.0886343 0.14678113 0.11487453 0.10179655 0.037692986 0.09703021 0.19002073 0.16248655 0.07284871 0.04086984 0.013331788 0.044000935 0.04979551 0.0764985 0.058105133 0.048698265 0.0148745775 0.2324369 0.042563077 0.023517739 0.11300248 0.003989146 0.20484574 0.13010406 0.006323365 0.008469654 0.100341015 0.0064447937 0.020442234 0.0016013654 0.0005631148 0.14298704 0.021698032 0.000731573 0.0014771052 0.00045753783 0.00089875667 0.22312674 0.0009862687 0.0148635525 0.24463448 0.002674859 0.00015177683 0.0006574658 0.0032934023 0.00053128233 0.008044607 1.0641801e-05 0.06793919 0.00024676207 0.00018674797 0.0048272037 0.008734233 0.0076620425 2.093285e-05 1.3144055e-05 0.036385644 2.8032733e-05 2.1501776e-06 0.0036046049 0.018493157 0.004773013 0.0060970318 3.530396e-05 0.0020829032 0.0020277896 0.00011766798 2.0461789e-07 0.008614749 2.8273766e-06 1.6059801e-05 0.0029003313 2.4056976e-06 0.014953929 5.9792756e-06 0.0065962933 0.0074996636 6.794595e-07 0.00038407097 0.0036824709 0.0009925439 0.0009022278
0.49245012 0.5948207 9.9121344e-20 0.8132764 0.64488375 0.12644325 0.1495251 0.0783302 0.0370153 0.08924327 0.111389905 0.050438706 0.03458488 0.04293971 0.051115304 0.1360816 0.030598495 0.4379416 0.111590296 0.010003047 0.011103435 0.015168884 0.12521131 0.005000863 0.010849247 0.0136934025 0.10475715 0.0066947946 0.006281254 0.0028325086 0.010378421 0.0030248368 0.017263882 0.0037548419 0.003354903 0.0036931152 0.19813278 0.016314792 0.004596283 0.017578494 0.0013079906 0.17928419 0.12075905 0.00030531725 0.00021155746 0.05005519 0.0032139353 0.0013025844 0.00016839847 2.8615468e-05 0.14150864 0.020896353 3.992558e-05 4.1326737e-05 2.263631e-05 0.0005332671 0.073842086 0.00066803047 0.011752908 0.045452632 0.00033286252 2.1326037e-05 4.5446715e-05 4.9011513e-05 0.0002460226 0.0069139204 1.0125085e-06 0.017684495 2.4543517e-05 3.378141e-05 0.005064272 0.0019130396 0.022224624 4.872167e-06 7.925945e-06 0.008728137 1.1673618e-05 5.2235265e-07 0.0018884924 0.017005147 0.0042377566 0.0065511214 2.2298016e-05 0.0013099943 0.00017963385 5.0738025e-05 7.2267724e-08 0.001309225 2.4490876e-06 4.8508355e-06 0.0018608638 1.8547607e-06 0.013740096 1.2093128e-05 0.007832646 0.012121626 8.45672e-07 0.00032728873 0.0034412965 0.0023713934 0.0009222514
0.07624084 0.5902733 0.8132764 4.876194e-24 0.46488652 0.11854177 0.096864 0.0828383 0.03118159 0.2276243 0.026359553 0.07831246 0.20572819 0.009533721 0.3729926 0.06766163 0.105002 0.36949143 0.057737622 0.022499515 0.015178256 0.094230585 0.094471596 0.009417861 0.021797108 0.02310121 0.48195675 0.0549347 0.0055591348 0.0026751293 0.059166446 0.017353546 0.013562398 0.008804101 0.0064130835 0.037795704 0.060838602 0.17241004 0.018729413 0.011876924 0.0018404903 0.19002143 0.060931567 0.0009433232 0.0017443693 0.036990106 0.04760904 0.0020386714 0.0001779555 5.918241e-05 0.19211215 0.019004202 0.00017878103 1.6738919e-05 6.717434e-05 0.004454399 0.04121908 0.017243436 0.0059959614 0.039776746 0.00092742196 7.648445e-05 0.00030894336 4.67846e-05 0.001568073 0.0048878794 4.9523346e-06 0.021696812 5.8685575e-05 3.173527e-05 0.0069379373 0.0027018338 0.01401131 7.528176e-06 4.5302936e-06 0.012108333 8.987588e-06 3.2453988e-06 0.0033897217 0.014241941 0.0044099223 0.002056729 3.9179464e-05 0.0050776484 0.00012492944 0.00023997788 7.5346145e-07 0.0038873155 3.330122e-05 4.7467267e-07 0.0039776852 5.2655323e-06 0.01867287 2.179158e-05 0.0060985144 0.013911484 1.4191572e-06 0.0001292659 0.0048765065 0.0013518886 0.0021975895
0.54763657 0.65154964 0.64488375 0.46488652 6.1655603e-19 0.47523385 0.65465045 0.19473943 0.27206525 0.07156166 0.40668455 0.15054819 0.03856158 0.120422274 0.033037424 0.7640875 0.032415505 0.67553073 0.4745723 0.020338196 0.018485826 0.008891138 0.39888912 0.008619839 0.013524864 0.009263609 0.04349014 0.0045085717 0.014269321 0.0038607428 0.003963334 0.0009706377 0.045428462 0.005551321 0.0011312851 0.0003622853 0.4328707 0.007513949 0.00014155064 0.062039543 0.0018929326 0.27301782 0.30677408 0.00039178133 8.167243e-05 0.17659953 0.00091321126 0.0033828479 5.0228275e-05 2.0080917e-05 0.07090461 0.06407232 5.6854624e-05 5.6567847e-06 8.805543e-06 2.3738152e-05 0.21717443 0.00011632461 0.048959702 0.17598844 0.0012567774 7.230585e-06 6.8000045e-06 0.00035300865 2.0782102e-06 0.028463278 4.5930926e-07 0.041233756 2.6784528e-05 1.564069e-05 0.014270397 0.0046644094 0.016140305 1.0840195e-06 2.1710505e-06 0.02683417 6.047905e-06 6.28811e-07 0.005534421 0.05029445 0.014655515 0.016383145 1.550625e-05 0.00025402592 0.0009925738 1.3506385e-05 9.0141114e-08 0.0025130932 5.013385e-07 1.0124559e-07 0.0056157727 7.018285e-07 0.018821366 2.1200747e-06 0.015081567 0.012883547 1.5862015e-07 0.00057310984 0.0051194276 0.0052764863 0.0029105844
0.7561363 0.5504993 0.12644325 0.11854177 0.47523385 5.0434846e-19 0.6466582 0.74953234 0.5337472 0.07778178 0.528771 0.5989076 0.06604363 0.7609216 0.031166844 0.3321599 0.13373703 0.094811544 0.1050228 0.15465854 0.093449764 0.035179224 0.049595874 0.05224217 0.103076726 0.051649995 0.022067588 0.014680408 0.13199516 0.029319558 0.008147351 0.007939515 0.18346475 0.027859423 0.010194505 0.0015128701 0.25978363 0.0054867584 0.0036831347 0.23050559 0.014062092 0.076864496 0.119700566 0.005661858 0.00081382226 0.15191622 0.00029412832 0.042166296 0.00046133503 8.4102896e-05 0.017305873 0.020896705 0.0004982589 8.6655506e-05 2.7656908e-05 1.0220788e-05 0.39162704 3.8501807e-05 0.008793229 0.38149473 0.010586196 0.00034528613 4.5598554e-06 0.00924668 2.6500481e-06 0.0061528706 1.4262621e-05 0.19693641 0.00016040278 0.00016575608 0.004100756 0.026377318 0.001958944 2.8831664e-06 4.848828e-06 0.10800778 4.760391e-05 4.3701133e-05 0.003239785 0.024246525 0.0055749486 0.0056833327 0.000120803634 0.00022691155 0.0018238701 1.49623165e-05 4.246523e-07 0.012108358 1.0743432e-06 2.1204174e-07 0.0016267096 1.4599366e-06 0.008145281 7.653622e-06 0.008837437 0.00717729 3.4269496e-07 0.00028607273 0.00522788 0.0009862641 0.0018982202
0.52197975 0.3752832 0.1495251 0.096864 0.65465045 0.6466582 3.8060777e-19 0.25197756 0.8064588 0.0415977 0.58214915 0.19827153 0.030237295 0.2277504 0.017465716 0.50946206 0.044698503 0.16034077 0.14248863 0.02605938 0.017789682 0.0092071965 0.11187443 0.011416154 0.019163111 0.01641422 0.020832673 0.006512783 0.040414326 0.0061645997 0.0039029042 0.003258631 0.075174205 0.008036501 0.0025970673 0.0004205678 0.29645136 0.0041641197 0.00026326545 0.084712684 0.0053100507 0.11980835 0.14128156 0.0010980055 9.9255754e-05 0.13045049 0.00023590165 0.00537331 0.00014330965 3.1670057e-05 0.037450712 0.022187714 0.00012349316 5.2088444e-06 1.5251775e-05 8.630264e-06 0.20172982 6.1081446e-05 0.009444677 0.18390304 0.0027784053 1.7501563e-05 5.5691903e-06 0.0007318563 1.7204242e-06 0.00645517 2.4643446e-06 0.10087421 1.3556545e-05 2.9319415e-05 0.002911327 0.007108191 0.005843649 4.9953906e-06 4.99549e-06 0.038128946 4.007995e-06 7.701286e-06 0.0023906238 0.019349955 0.0039271433 0.004054204 5.508012e-05 0.00022761205 0.0014387958 8.530727e-06 4.9742135e-07 0.006623269 3.8897738e-07 8.818897e-08 0.0016493126 5.521955e-07 0.009065735 2.5078666e-06 0.007825654 0.006368057 2.1605092e-07 0.00022625703 0.0020473523 0.0015365405 0.0016381441
0.63639927 0.40060154 0.0783302 0.0828383 0.19473943 0.74953234 0.25197756 1.04177084e-19 0.17768845 0.07746065 0.21838962 0.8207322 0.06924735 0.80749416 0.025688099 0.13082132 0.20120814 0.044955097 0.049589895 0.26885062 0.16775995 0.035707317 0.03553111 0.108775295 0.15479216 0.101822324 0.01125455 0.019514605 0.36670572 0.08645388 0.0059413426 0.02092213 0.31753358 0.049078815 0.023693543 0.002209708 0.17606354 0.0035904474 0.0078792125 0.2876391 0.040450506 0.045025066 0.10732483 0.026136186 0.004704828 0.14179632 0.0005679447 0.08141565 0.0026597718 0.000444177 0.014710967 0.014328696 0.003539954 0.001037897 0.00014529903 2.30955e-05 0.39795247 7.865485e-05 0.006623914 0.45359963 0.013642229 0.0017791039 1.6682026e-05 0.015512064 1.5607282e-05 0.0062095434 0.00027707848 0.2798632 0.0009979336 0.00087869883 0.0039471807 0.04366023 0.0044882437 7.701507e-06 1.334851e-05 0.15774794 0.00014079145 0.0002638174 0.0028395704 0.012679253 0.006732073 0.0030064883 0.0006603891 0.00020655214 0.0015095206 1.7189408e-05 1.4326769e-06 0.021456013 1.3094052e-06 2.5119e-06 0.0023927141 2.0165116e-06 0.009861799 7.547333e-06 0.008225681 0.010234331 9.627586e-07 0.00069704297 0.006397424 0.0009359973 0.0023168356
0.09067748 0.08254423 0.0370153 0.03118159 0.27206525 0.5337472 0.8064588 0.17768845 5.670969e-21 0.017734155 0.8566337 0.15100616 0.010265245 0.17193824 0.0056585977 0.43635044 0.018655347 0.04887135 0.06587717 0.02317981 0.0118565755 0.002073316 0.05029939 0.008836372 0.012909984 0.00891008 0.0031086856 0.0010861709 0.04180881 0.011278918 0.0002843794 0.002305855 0.060299866 0.0095804315 0.001858668 4.7185185e-05 0.17056374 0.00025356194 3.6848407e-05 0.059456557 0.0111840665 0.062026616 0.13595286 0.0025230928 2.6575202e-05 0.14958066 7.931018e-06 0.005803692 0.000103238206 9.8529235e-06 0.016065456 0.016790416 0.0006121038 1.3034343e-05 5.938297e-06 1.365092e-06 0.21541321 9.0595295e-06 0.007471041 0.091528304 0.002448763 0.0001201587 1.6717037e-06 0.00046648234 5.04214e-07 0.0047233747 1.7244709e-05 0.08911356 2.3236806e-05 3.755862e-05 0.0019695552 0.0063072033 0.005987353 1.2675418e-06 1.7590407e-06 0.044320073 3.480812e-06 6.437569e-06 0.0010874463 0.0213043 0.0023430798 0.0034676387 5.305927e-05 9.2717484e-05 0.00075341476 4.0498776e-07 1.1423891e-07 0.0043048686 3.6379875e-09 2.4993176e-07 0.0017784389 8.32509e-08 0.004101411 1.3619601e-07 0.0065486287 0.0061971317 1.6757133e-08 0.00024217187 0.0025313657 0.0019464253 0.00229709
0.075442806 0.3951473 0.08924327 0.2276243 0.07156166 0.07778178 0.0415977 0.07746065 0.017734155 9.743056e-21 0.030457962 0.07201553 0.7699513 0.035952996 0.6320282 0.021190662 0.19587815 0.03968101 0.01666188 0.03891924 0.079156354 0.44248217 0.0123126665 0.024383128 0.061311774 0.16086753 0.36692208 0.29474247 0.016755681 0.006991659 0.20693661 0.09119155 0.01695721 0.063658364 0.08140797 0.11856042 0.012419963 0.08065233 0.09029158 0.009479784 0.0035006516 0.042964615 0.005366609 0.008620616 0.02775937 0.0021927075 0.018598707 0.00160475 0.005528178 0.0030025458 0.06410106 0.0012344165 0.00069634075 0.00091335893 0.004330016 0.005005489 0.0067314375 0.0055573275 0.00044701187 0.008274173 0.00063313206 0.0003310656 0.0023785357 0.00019625577 0.008425169 0.00040434176 0.00014428068 0.0026219795 0.0004893873 0.00024333055 0.0012000743 0.00061223254 0.0015267449 0.0004411891 0.00014275516 0.0011213735 7.558638e-05 1.7968592e-06 0.000937647 0.0005601158 0.00051562453 0.00025006948 4.3378997e-05 0.0026741996 1.4409291e-05 0.00017062253 3.7202277e-05 0.00050413416 0.00011602149 1.1262966e-05 0.00035507703 2.3280414e-05 0.0031571765 5.0042043e-05 0.00013585505 0.0014139878 6.5762056e-06 1.9996736e-05 0.0005318932 2.118689e-05 6.271443e-05
0.7360182 0.2840848 0.111389905 0.026359553 0.40668455 0.528771 0.58214915 0.21838962 0.8566337 0.030457962 6.992205e-18 0.14803144 0.007216691 0.3140177 0.005311038 0.50005186 0.00614126 0.101047 0.19697402 0.014911598 0.020681782 0.0054515335 0.103430755 0.0070736157 0.008319112 0.0069699353 0.014413119 0.0026955977 0.05503223 0.0055061295 0.0029949811 0.00010470578 0.12095193 0.0026120811 0.00056512014 0.0007507638 0.39625433 0.0033103323 0.00055793545 0.11398669 0.001724647 0.0838859 0.17231333 0.00041757597 1.49784755e-05 0.07903194 0.00056932954 0.004211034 1.5624872e-05 2.3103794e-06 0.016226377 0.021966921 2.2059514e-05 1.7818647e-06 1.6588242e-06 7.3284214e-06 0.19508152 3.644944e-05 0.013176367 0.16800198 0.000322285 5.890135e-06 1.0500737e-06 0.0001795912 1.1605944e-06 0.004807836 2.4915283e-07 0.041681956 4.8694033e-06 1.2948433e-05 0.0016997339 0.002598695 0.0031809313 5.148186e-07 7.8901934e-07 0.020879721 2.79012e-06 1.3471144e-06 0.0012419241 0.011861518 0.001312713 0.0030128001 1.0805427e-05 4.4128476e-05 0.0009545411 1.7020233e-05 1.5690632e-07 0.001660799 2.2094873e-08 3.47897e-08 0.00041751805 5.2186195e-08 0.0060805962 7.643814e-07 0.0027636224 0.0060344413 5.8198474e-08 0.00024650004 0.0023748025 0.00081286626 0.0003172615
0.54710466 0.34729153 0.050438706 0.07831246 0.15054819 0.5989076 0.19827153 0.8207322 0.15100616 0.07201553 0.14803144 1.164407e-19 0.07713165 0.61966914 0.023890767 0.11817497 0.29147196 0.027285775 0.02905425 0.6300561 0.43169734 0.030005837 0.023308178 0.35730827 0.37921995 0.19128312 0.0044450993 0.020400522 0.71750015 0.2883905 0.0065579033 0.025487557 0.4686304 0.14694512 0.04082523 0.00089908676 0.14919274 0.0006825064 0.005014194 0.3390905 0.16960864 0.06440577 0.064868145 0.098119564 0.009317313 0.11342117 7.825329e-05 0.21855311 0.0077535175 0.0012431286 0.012064907 0.012123234 0.016455889 0.0058868313 0.0001754656 1.1216199e-05 0.35543907 6.281529e-05 0.0060233823 0.4897232 0.02552902 0.0057439376 1.31870565e-05 0.05755748 1.615816e-06 0.005777271 0.0008056622 0.2917937 0.0015611579 0.0023926331 0.0019820952 0.092347786 0.0012535215 7.944364e-06 9.766919e-06 0.16209725 0.00032405189 0.0012738616 0.0012438704 0.0060589467 0.0036911783 0.002249591 0.0033503564 0.00026778286 0.0015540397 1.0288295e-05 1.8363138e-06 0.03994095 1.1641605e-06 1.5896678e-05 0.0010448049 2.356727e-06 0.021841237 5.037389e-06 0.0036123153 0.009029565 6.6664495e-07 0.00010066902 0.002400628 0.00040934922 0.00019968388
0.0111352 0.20068586 0.03458488 0.20572819 0.03856158 0.06604363 0.030237295 0.06924735 0.010265245 0.7699513 0.007216691 0.07713165 1.0079043e-23 0.015157498 0.5840566 0.0072305095 0.2647115 0.014792839 0.0043372717 0.043132547 0.046802547 0.5549353 0.0045316555 0.021950651 0.077126965 0.08222328 0.1739209 0.41028187 0.016154055 0.0074264905 0.25648052 0.14972384 0.014958579 0.046276186 0.07877919 0.11539665 0.004792434 0.04377654 0.12041599 0.0068605714 0.0035572746 0.012990383 0.0014394355 0.0066997064 0.034992423 0.0009884994 0.01176521 0.0014355886 0.003819856 0.0015014289 0.013777965 0.00039511872 0.00063244865 0.00059152395 0.0020703897 0.0021867445 0.0030729666 0.0015482254 5.786175e-05 0.0046746833 0.0003936423 0.000117396725 0.0010777959 0.00012774408 0.0036679185 0.000109747045 2.8908222e-05 0.0006167599 0.000110317575 4.802978e-05 0.0001140214 0.00046319014 0.00014412761 4.8398262e-05 2.1991753e-05 0.0007169091 2.0787844e-05 2.10201e-06 2.9214887e-05 0.00016930023 4.443202e-05 9.8501754e-05 3.938092e-05 0.00036806345 2.8587604e-06 1.023049e-05 6.183715e-06 0.00015897218 2.3604398e-05 1.3338031e-06 4.716989e-05 9.220741e-06 0.00042678099 2.0277672e-05 1.4605905e-05 0.00012668772 1.04777e-06 1.1082483e-05 0.00010716663 1.0404498e-05 6.1089922e-06
0.930448 0.22163112 0.04293971 0.009533721 0.120422274 0.7609216 0.2277504 0.80749416 0.17193824 0.035952996 0.3140177 0.61966914 0.015157498 5.1896827e-20 0.0060132495 0.15715215 0.029642336 0.022903262 0.059323713 0.17818652 0.17146169 0.010512011 0.030235225 0.10253433 0.06674544 0.05672909 0.0059296056 0.0055458043 0.3296909 0.10364999 0.0014942787 0.0022956838 0.46041286 0.045282263 0.0095358435 0.00077225344 0.16607861 0.001250004 0.0029518346 0.38535085 0.029004605 0.02256548 0.084865615 0.02409411 0.0011996675 0.10278134 0.00029308582 0.08159634 0.001268841 0.00044857487 0.005262377 0.011190035 0.0029092154 0.00039216373 9.452155e-05 7.365591e-06 0.40441525 1.3189824e-05 0.004978921 0.40723076 0.0054951343 0.0010960334 6.5275503e-06 0.01759781 9.111334e-06 0.0038558284 0.00023038842 0.2498478 0.00056020275 0.0008391006 0.0017488359 0.033712886 0.0037450267 2.1204062e-06 4.9161995e-06 0.16326779 0.00016874459 0.00018366573 0.0026170344 0.015219426 0.0040179095 0.0038449282 0.00022192356 5.3665066e-05 0.0034450463 5.3056715e-06 8.325281e-08 0.014111716 3.2936782e-08 5.2347775e-07 0.0013732138 1.3326871e-07 0.0033136108 4.587467e-07 0.0043244637 0.0044008098 1.9707582e-07 0.00019765811 0.0034216451 0.00032321698 0.0011820054
0.011997528 0.15697518 0.051115304 0.3729926 0.033037424 0.031166844 0.017465716 0.025688099 0.0056585977 0.6320282 0.005311038 0.023890767 0.5840566 0.0060132495 7.8361716e-22 0.005187664 0.08320358 0.017921977 0.0032725537 0.0083589265 0.022693506 0.5041631 0.004519142 0.0049190726 0.0152896065 0.042392444 0.55942214 0.25146347 0.002316819 0.0017086343 0.34446177 0.05105813 0.0028608143 0.01067182 0.025716526 0.104341276 0.005025013 0.29641783 0.07896537 0.0020917682 0.0011066938 0.014495048 0.0020061252 0.0011961368 0.011222022 0.00089660275 0.047993157 0.00045036274 0.0005157207 0.00028988268 0.026981825 0.00071977096 0.00016491016 4.9586175e-05 0.00076682854 0.007736946 0.0053752777 0.009401421 0.00015278395 0.0043421034 0.00011980068 4.529363e-05 0.0009846592 2.7906299e-05 0.006983395 0.00034194122 2.0609397e-05 0.0005720175 1.9341747e-05 1.4725978e-05 0.00028451098 0.0001369531 0.00023867328 5.074833e-05 1.3421755e-05 0.00068726984 9.548688e-06 1.9074914e-06 7.619157e-05 0.0007129046 0.00020283347 0.00014240433 2.0782985e-05 0.0010479828 7.939858e-06 5.981206e-05 1.7722404e-06 0.00019545895 4.882365e-05 2.2230633e-06 0.00012081412 8.396621e-06 0.00081196125 3.2383483e-05 5.9219732e-05 0.00025199956 5.81106e-07 1.9746247e-05 0.00012759735 1.6022856e-05 3.6137928e-05
0.5826135 0.16426247 0.1360816 0.06766163 0.7640875 0.3321599 0.50946206 0.13082132 0.43635044 0.021190662 0.50005186 0.11817497 0.0072305095 0.15715215 0.005187664 1.4384886e-17 0.005413865 0.4379055 0.78369135 0.009853685 0.009401251 0.0016687022 0.5605367 0.004917689 0.0040760813 0.002888284 0.0017883058 0.0004800075 0.014748684 0.00411852 0.00058155926 5.835813e-05 0.035799347 0.002482154 0.00031864236 9.1074726e-05 0.69239163 3.3991077e-05 4.2974502e-06 0.03268429 0.003188471 0.3211487 0.693903 0.00035631924 3.9501625e-05 0.4999167 6.8108893e-06 0.0037168185 8.182094e-05 1.44333035e-05 0.03895066 0.14266117 3.8090355e-05 1.4278046e-06 3.736258e-06 4.7304247e-06 0.2989105 1.3808429e-05 0.105807535 0.07779174 0.001237038 2.860622e-05 1.8325735e-06 6.0248127e-05 7.6771926e-07 0.04777385 1.9428294e-06 0.016273636 4.4667606e-05 2.5328362e-05 0.01749 0.0022522414 0.023692457 3.2622922e-06 5.915106e-06 0.025650756 7.608399e-06 3.2427663e-06 0.007944317 0.10284706 0.017060148 0.047392923 2.598141e-05 0.00011401618 0.0026001923 5.2241867e-06 5.315134e-07 0.0007396454 7.666449e-08 2.5253905e-07 0.008079432 5.16367e-07 0.024798203 9.625647e-07 0.032373313 0.019027615 5.0499427e-08 0.0020317752 0.010166111 0.012085021 0.008595947
0.1866317 0.39034986 0.030598495 0.105002 0.032415505 0.13373703 0.044698503 0.20120814 0.018655347 0.19587815 0.00614126 0.29147196 0.2647115 0.029642336 0.08320358 0.005413865 3.780491e-21 0.0055410597 0.0035791383 0.40132672 0.44611973 0.21661474 0.0044044014 0.19090307 0.69541466 0.8720006 0.058419358 0.28870007 0.046401914 0.045871988 0.074912675 0.66018444 0.046694063 0.53218126 0.46922663 0.06857188 0.016090486 0.018188009 0.22811125 0.043574616 0.0135684395 0.007773274 0.0031526797 0.06664905 0.21002027 0.005470901 0.006665429 0.03733287 0.052880537 0.021951403 0.002818649 0.0009992458 0.00420699 0.03047023 0.015558399 0.0013397495 0.03973657 0.0010516542 0.00078278326 0.10063755 0.0060569104 0.0006928848 0.007062675 0.015058047 0.0026419745 0.001472947 0.00011146244 0.043062553 0.003216773 0.0010632094 0.0002323141 0.016972095 5.944255e-05 0.00018948162 0.00025725988 0.016154526 0.00017858813 4.4901695e-05 0.00010229217 0.0005323002 0.00055427325 0.000237407 0.00019867279 0.00042867305 8.198054e-06 5.9299695e-05 5.189898e-06 0.014115466 9.148334e-05 7.0904216e-06 0.00023444898 5.5979394e-06 0.007781337 4.0774124e-05 0.00024466016 0.003237155 7.136161e-07 1.4378117e-05 0.0010962894 6.7322653e-06 9.199301e-06
0.22742452 0.2780854 0.4379416 0.36949143 0.67553073 0.094811544 0.16034077 0.044955097 0.04887135 0.03968101 0.101047 0.027285775 0.014792839 0.022903262 0.017921977 0.4379055 0.0055410597 7.815729e-20 0.6862735 0.0036840132 0.0044694175 0.001556519 0.8761186 0.0030344133 0.0027470523 0.0035798366 0.023942407 0.0010364687 0.0038029249 0.0024367925 0.00068026484 0.00035736602 0.0103811035 0.0102981115 0.0015139676 0.00014721534 0.28130284 0.0039479574 1.5200996e-05 0.013542656 0.0017157776 0.75297725 0.47266933 0.0015683596 6.015644e-05 0.14818269 0.00018906809 0.0012648002 8.6041764e-05 1.6839485e-05 0.4366816 0.20648165 0.00032696212 8.890973e-06 7.364222e-06 5.743683e-05 0.06154905 0.00021746293 0.13625883 0.027757749 0.0011528456 2.3437173e-05 1.3763123e-05 4.371405e-05 1.1147684e-05 0.055652544 7.721204e-07 0.010685063 3.414928e-05 1.0429185e-05 0.035471085 0.0007365921 0.101513326 5.783133e-06 1.332578e-05 0.0065019745 1.9644976e-06 7.258729e-07 0.009969005 0.065419644 0.026741192 0.04827244 5.6307235e-06 0.0009461829 0.00019433945 2.9158688e-05 1.797549e-07 0.00054217805 5.2328454e-07 1.7533972e-07 0.013443425 6.2296687e-07 0.058360882 1.0241267e-05 0.032029126 0.022836288 2.6790096e-07 0.0018858863 0.008091153 0.016817974 0.011144247
0.43393007 0.13360636 0.111590296 0.057737622 0.4745723 0.1050228 0.14248863 0.049589895 0.06587717 0.01666188 0.19697402 0.02905425 0.0043372717 0.059323713 0.0032725537 0.78369135 0.0035791383 0.6862735 2.7879035e-18 0.0023711468 0.004250861 0.00047619847 0.85558045 0.001951747 0.0015483649 0.0022303006 0.0026937113 0.0001531567 0.005509961 0.0022067975 0.00014661401 6.467966e-05 0.02079249 0.003969524 0.00019129255 6.034416e-05 0.38406676 0.00018071981 4.1282165e-06 0.019421514 0.0012118176 0.38483012 0.59975463 0.00042918682 1.810045e-05 0.23622797 3.419484e-05 0.00071049685 4.506248e-05 7.995906e-06 0.062420342 0.1943433 4.1003488e-05 2.4795218e-06 3.121516e-06 1.2110833e-05 0.112063274 5.9878832e-05 0.20578039 0.03352797 0.00081286626 5.3660942e-06 5.4145075e-06 1.9206607e-05 1.4977213e-06 0.10764062 1.9887248e-07 0.010074182 6.29362e-06 4.9053488e-06 0.024572333 0.0009986428 0.053409714 1.5224391e-06 3.133261e-06 0.008014669 1.5202713e-06 1.6601869e-06 0.007201441 0.09244442 0.03174324 0.05917263 2.1499183e-05 3.811343e-05 0.0004609118 1.0036711e-05 4.022924e-07 0.00044703935 2.066189e-08 1.6676353e-06 0.0069425865 1.6576168e-07 0.025575338 5.294483e-07 0.034013595 0.018402116 3.324732e-08 0.0028014574 0.008617854 0.013416739 0.006782386
0.29177117 0.0886343 0.010003047 0.022499515 0.020338196 0.15465854 0.02605938 0.26885062 0.02317981 0.03891924 0.014911598 0.6300561 0.043132547 0.17818652 0.0083589265 0.009853685 0.40132672 0.0036840132 0.0023711468 2.2191743e-21 0.81363356 0.007602525 0.0048947902 0.84667003 0.81399745 0.3322788 0.0014550509 0.007941187 0.55574167 0.6502046 0.0022627204 0.029451966 0.28681695 0.41662812 0.038977943 0.00072480383 0.021911612 0.00010116245 0.001512221 0.21834204 0.40803027 0.0049277707 0.0061458834 0.22641553 0.005807803 0.011148854 4.613427e-05 0.2674143 0.010666208 0.0019915015 0.0034484619 0.0010774398 0.03437555 0.017978871 0.00070327683 9.217225e-06 0.021742739 4.096745e-05 0.00026299318 0.111990385 0.07955771 0.0067601497 0.00016756912 0.1081569 6.5825684e-06 0.00032424292 0.0015481598 0.08275413 0.0027562855 0.0052601877 0.00010764682 0.0664768 6.5204295e-05 2.0772604e-05 2.2387763e-05 0.033312675 0.00047572074 0.0018933956 3.276721e-05 0.0004097134 0.00033745362 0.00016845678 0.0025579752 0.00019400206 3.0737825e-05 6.6496386e-06 1.9218655e-06 0.025864722 8.5325786e-07 9.4083756e-05 0.00012442184 2.7577405e-06 0.0034955444 6.362357e-06 0.0013239896 0.0018124295 1.9530567e-07 7.157546e-06 0.00068721385 0.00021464142 2.0862657e-05
0.81556815 0.14678113 0.011103435 0.015178256 0.018485826 0.093449764 0.017789682 0.16775995 0.0118565755 0.079156354 0.020681782 0.43169734 0.046802547 0.17146169 0.022693506 0.009401251 0.44611973 0.0044694175 0.004250861 0.81363356 7.159652e-20 0.03841862 0.0052421587 0.70330966 0.72166705 0.48932132 0.014269492 0.034397036 0.39932337 0.42610458 0.008674092 0.048614703 0.24196728 0.4792297 0.07621501 0.007890842 0.021640576 0.0005282714 0.047770094 0.22403184 0.24343066 0.008375253 0.0046589924 0.21949913 0.013628964 0.0033764774 0.00025826332 0.2432748 0.02050473 0.005607616 0.010896135 0.0025563536 0.02406898 0.020657664 0.005206213 8.0963386e-05 0.026893768 5.8420665e-05 0.000616196 0.18036258 0.042911164 0.00839163 0.0014421127 0.09998249 0.00090489275 0.00061375333 0.0013198198 0.08192537 0.0041125957 0.0042695417 0.00017135912 0.06395073 0.00013455392 0.00061389944 0.0010541399 0.028663186 0.0006230727 0.0026312175 0.00019800357 0.00031624318 0.0005871001 0.00044207418 0.0031590275 0.00020388015 0.00014746377 4.1977823e-05 3.434914e-05 0.033027202 2.745198e-06 0.00013855174 0.00015957186 3.0679764e-06 0.010227531 6.0023854e-06 0.00084396004 0.0033876165 4.9215123e-07 9.185169e-06 0.0004988802 8.38915e-05 3.6501202e-05
0.013191843 0.11487453 0.015168884 0.094230585 0.008891138 0.035179224 0.0092071965 0.035707317 0.002073316 0.44248217 0.0054515335 0.030005837 0.5549353 0.010512011 0.5041631 0.0016687022 0.21661474 0.001556519 0.00047619847 0.007602525 0.03841862 1.2766342e-25 0.0005854228 0.007135165 0.01935838 0.10584225 0.13065596 0.7301364 0.0039987466 0.0033620857 0.6741605 0.26787022 0.00401394 0.019612627 0.062303226 0.3224244 0.00092151016 0.0634079 0.4267666 0.0021981827 0.0013595828 0.0014582203 0.00042552108 0.0019910403 0.030983537 0.0002371522 0.027700434 0.0005947709 0.0013507457 0.0007170704 0.001942107 0.00013758171 0.0001671723 4.8872847e-05 0.0029751393 0.005379165 0.0016021916 0.0016316806 1.7920105e-05 0.0024543966 7.9904225e-05 2.668914e-05 0.006519379 0.00010982451 0.035288893 6.3863474e-05 5.2813584e-06 0.0003854891 1.6962158e-05 9.774597e-06 4.7074165e-05 0.00020207027 2.0704962e-05 5.015456e-05 6.4752758e-06 0.0004486925 4.704282e-06 6.809904e-07 4.537519e-06 0.000103060156 1.529689e-05 9.727538e-05 2.0024807e-05 7.100237e-05 8.3860095e-06 1.6272805e-05 6.7736524e-05 0.00014901518 0.00030717032 6.2937676e-07 1.864052e-05 6.139992e-05 0.00012151935 0.00016635073 6.2349613e-06 1.9346986e-05 3.0846493e-06 1.5282709e-06 6.2580093e-06 1.1021976e-06 1.7278e-06
0.19089386 0.10179655 0.12521131 0.094471596 0.39888912 0.049595874 0.11187443 0.03553111 0.05029939 0.0123126665 0.103430755 0.023308178 0.0045316555 0.030235225 0.004519142 0.5605367 0.0044044014 0.8761186 0.85558045 0.0048947902 0.0052421587 0.0005854228 1.7382282e-18 0.0030976885 0.0028114377 0.0036762636 0.0033257077 0.00038374716 0.005877849 0.003035532 0.00029778644 0.00011203463 0.011434651 0.0076888264 0.0005252503 0.00012250841 0.25696915 0.00038946557 9.7184275e-06 0.011683103 0.0012670247 0.61321795 0.57023394 0.001215216 3.8991857e-05 0.15254326 8.4696905e-05 0.0007069636 9.267707e-05 8.700557e-06 0.16601302 0.22717844 0.00017236595 5.532405e-06 4.9334976e-06 2.9903535e-05 0.06005498 0.0001313435 0.16430993 0.015076626 0.0013243293 3.099785e-05 8.934262e-06 2.4117448e-05 5.964479e-06 0.095168896 7.495397e-07 0.0056637237 1.6675775e-05 8.678389e-06 0.036835626 0.00076777977 0.10680991 3.3803594e-06 4.514526e-06 0.0065494743 1.0503782e-06 3.1923425e-06 0.015306544 0.091570616 0.03699177 0.062419962 1.6141134e-05 9.453012e-05 0.00030668126 3.5001507e-05 2.2025374e-07 0.00033560646 3.9949782e-08 2.4478464e-07 0.011132068 1.4028463e-07 0.0448841 1.3009214e-06 0.04383772 0.0249671 6.018705e-08 0.0041180113 0.010818086 0.020339116 0.012202154
0.4538037 0.037692986 0.005000863 0.009417861 0.008619839 0.05224217 0.011416154 0.108775295 0.008836372 0.024383128 0.0070736157 0.35730827 0.021950651 0.10253433 0.0049190726 0.004917689 0.19090307 0.0030344133 0.001951747 0.84667003 0.70330966 0.007135165 0.0030976885 1.2268226e-19 0.7652602 0.31897557 0.0015892049 0.007575378 0.52532583 0.8026708 0.0015168545 0.015060611 0.21004191 0.42914692 0.046456646 0.0006991794 0.0060653146 4.7521353e-05 0.0023331246 0.13830273 0.4518407 0.009685776 0.0034785708 0.23766306 0.0063553103 0.0029322656 5.2837342e-05 0.21070358 0.011456809 0.002638472 0.004034455 0.0014854899 0.05265612 0.019405585 0.0014286642 1.6542768e-05 0.00971512 0.0001245338 0.00021104445 0.08691031 0.095458254 0.0075768773 0.00014194143 0.08582845 3.0536776e-05 0.0004452039 0.0022665388 0.05279102 0.0039402866 0.007546431 0.00017473254 0.05239058 0.00016406871 5.768737e-05 8.6059736e-05 0.01584816 0.00053230074 0.0015687715 0.0001840204 0.0003949537 0.00032594468 7.327243e-05 0.0026802416 0.00020067852 1.405487e-05 7.2125135e-06 5.537477e-06 0.01874209 1.9158047e-06 0.0001717213 0.00030866975 5.881362e-06 0.006770711 5.5188825e-06 0.00039722316 0.002749123 7.251256e-07 2.4880004e-05 0.001236805 5.5832592e-05 2.8836466e-05
0.17835426 0.09703021 0.010849247 0.021797108 0.013524864 0.103076726 0.019163111 0.15479216 0.012909984 0.061311774 0.008319112 0.37921995 0.077126965 0.06674544 0.0152896065 0.0040760813 0.69541466 0.0027470523 0.0015483649 0.81399745 0.72166705 0.01935838 0.0028114377 0.7652602 8.488645e-22 0.6608629 0.0024880338 0.026192904 0.33445853 0.5297318 0.0051005976 0.07925523 0.1307341 0.76335734 0.13815096 0.001975429 0.006557303 0.00043428424 0.0036969208 0.11116919 0.32886454 0.0044960743 0.0021273326 0.42803305 0.020653462 0.002834641 5.5093253e-05 0.21078946 0.025892206 0.007098358 0.0033976852 0.0006260284 0.100763686 0.08636093 0.0020465783 2.2395687e-05 0.007025348 7.4135794e-05 0.0001900673 0.06814498 0.10191976 0.017125433 0.00016269849 0.09760411 2.4850977e-05 0.00032431405 0.005804475 0.04205689 0.007366157 0.01387371 0.00014278428 0.06041558 0.00049185724 2.8428005e-05 5.434251e-05 0.013683546 0.0012387623 0.0028197698 3.7358248e-05 0.00033814512 0.00043263097 0.00015215231 0.0039233435 0.00037100984 4.6997175e-06 5.535096e-06 4.297705e-06 0.022626158 3.1225582e-06 0.00027531214 0.000102942664 5.0707813e-06 0.004663102 7.977892e-06 0.00067002274 0.0030368294 6.0501344e-07 3.654007e-05 0.0014876185 2.4115125e-05 4.383941e-06
0.6278235 0.19002073 0.0136934025 0.02310121 0.009263609 0.051649995 0.01641422 0.101822324 0.00891008 0.16086753 0.0069699353 0.19128312 0.08222328 0.05672909 0.042392444 0.002888284 0.8720006 0.0035798366 0.0022303006 0.3322788 0.48932132 0.10584225 0.0036762636 0.31897557 0.6608629 1.4388557e-18 0.03946469 0.118591316 0.13524136 0.18471865 0.022866944 0.3121626 0.09200723 0.77221966 0.51521367 0.012107902 0.0065329187 0.0053971447 0.09667661 0.09433909 0.09573561 0.0050188634 0.0017123048 0.30436465 0.15109465 0.0027459522 0.00220153 0.20408402 0.11801871 0.050675355 0.013271164 0.0007282349 0.091565296 0.11779618 0.028414305 0.0005764019 0.016093118 0.00027880404 0.0008062498 0.1163374 0.083561696 0.023848893 0.003550955 0.12226585 0.002580372 0.0014757542 0.0068806508 0.061911713 0.016627619 0.014082234 0.0008755544 0.051306646 0.000979275 0.0010568749 0.004315188 0.02018192 0.0024454957 0.0036271447 0.00024464057 0.0007294231 0.002196369 0.000741829 0.0043818387 0.00062387116 3.605793e-05 0.00015815394 0.00012812596 0.042184714 2.3755501e-05 0.0011686801 0.00021329362 2.0082622e-05 0.008244632 5.0854625e-05 0.0006739338 0.007012633 6.2121817e-06 9.702962e-06 0.0014457309 1.432959e-05 2.3826198e-05
0.042635527 0.16248655 0.10475715 0.48195675 0.04349014 0.022067588 0.020832673 0.01125455 0.0031086856 0.36692208 0.014413119 0.0044450993 0.1739209 0.0059296056 0.55942214 0.0017883058 0.058419358 0.023942407 0.0026937113 0.0014550509 0.014269492 0.13065596 0.0033257077 0.0015892049 0.0024880338 0.03946469 3.091097e-20 0.048147514 0.00010188764 0.00019007636 0.13266301 0.014455546 0.00016363416 0.0035727525 0.011778902 0.041997038 0.0055594826 0.6974113 0.0360572 0.00014722488 7.529364e-05 0.02006352 0.0007158269 0.00015180519 0.00495114 0.0006925056 0.2360151 9.519424e-05 0.00027731824 0.00025904007 0.09835458 0.00012213744 1.4597257e-05 1.080073e-05 0.0002426666 0.011211922 0.0042626704 0.09014636 2.6652362e-05 0.0018376614 0.00022595191 1.4336397e-05 0.00020946619 5.3509725e-06 0.0062196245 7.3208736e-05 1.37198e-05 0.0018921149 4.1043357e-05 1.2993659e-05 0.00016097023 0.00029287572 9.5531555e-05 0.00010276503 2.0748053e-05 0.0009128482 4.366064e-05 5.4093306e-08 0.000104103296 0.0010734425 0.00018718446 0.00024808463 2.7592873e-06 0.0070780283 2.3704286e-05 0.0018105275 9.680372e-06 9.290601e-05 0.0001424345 7.1499824e-07 0.00012223171 1.8558569e-05 0.0006183309 0.00027627425 4.610098e-05 0.00022884354 9.737952e-07 8.647684e-07 4.4376076e-05 1.7589065e-06 3.409416e-05
0.013314405 0.07284871 0.0066947946 0.0549347 0.0045085717 0.014680408 0.006512783 0.019514605 0.0010861709 0.29474247 0.0026955977 0.020400522 0.41028187 0.0055458043 0.25146347 0.0004800075 0.28870007 0.0010364687 0.0001531567 0.007941187 0.034397036 0.7301364 0.00038374716 0.007575378 0.026192904 0.118591316 0.048147514 2.8003763e-24 0.0033470544 0.002964506 0.4715624 0.47245574 0.0028907587 0.030071372 0.094218545 0.29679212 0.0005543359 0.018009271 0.58262277 0.0014441516 0.0013399464 0.0013344462 0.0001323446 0.0035293344 0.08484758 0.0001226619 0.012732034 0.00093453325 0.0075540706 0.00490822 0.0025134396 7.0138165e-05 0.00026749875 0.0008237716 0.018072981 0.0030917076 0.001478829 0.00076141855 1.911907e-05 0.002653428 0.00027009114 0.00014562711 0.026483726 0.00016089504 0.02708277 4.07688e-05 4.2412616e-05 0.0008652924 0.00019489179 0.000117898686 2.7707014e-05 0.0005459275 3.1130836e-05 0.0005696638 7.404189e-05 0.00071133074 2.1343616e-05 1.9163144e-06 2.7255262e-06 8.9697045e-05 3.660475e-06 6.576843e-05 5.9837275e-05 0.00011993363 1.7835317e-05 9.462e-06 0.00032094496 0.00017508984 0.00021081933 7.4960303e-06 4.114922e-05 8.171668e-05 0.0005197194 0.000108176 1.9084139e-06 6.306692e-05 3.1506281e-06 1.1256749e-05 3.1590935e-05 3.7537975e-06 2.336588e-06
0.74171734 0.04086984 0.006281254 0.0055591348 0.014269321 0.13199516 0.040414326 0.36670572 0.04180881 0.016755681 0.05503223 0.71750015 0.016154055 0.3296909 0.002316819 0.014748684 0.046401914 0.0038029249 0.005509961 0.55574167 0.39932337 0.0039987466 0.005877849 0.52532583 0.33445853 0.13524136 0.00010188764 0.0033470544 7.659335e-18 0.7567909 0.00042560714 0.0029869487 0.77724147 0.24192287 0.023556 0.00012893594 0.025736006 1.236785e-05 9.97904e-05 0.3948821 0.6661895 0.011635436 0.0066773687 0.23610729 0.0040225545 0.016128333 1.5385609e-05 0.40764216 0.009392532 0.0036545596 0.0026580528 0.00067505304 0.052507725 0.010671188 0.00035673066 6.770252e-06 0.113560416 1.8630939e-05 0.00034838874 0.313803 0.08271477 0.013596677 6.3762486e-06 0.11409429 3.7343642e-07 0.0002919546 0.0040178234 0.31925055 0.0033695053 0.0050014397 0.00050807965 0.16467771 0.00019067731 1.7982351e-05 1.5025805e-05 0.18085365 0.00083304005 0.003259192 0.0006850826 0.00033768834 0.00026749086 8.969379e-05 0.0046098433 0.00010684568 0.00048649404 1.1975778e-05 9.0155777e-07 0.056632068 8.077143e-07 1.6556736e-05 0.00036885004 2.4746978e-06 0.004979426 6.2057447e-06 0.00025009358 0.0013250771 6.7482415e-07 1.9454816e-05 0.00096198265 8.66765e-05 0.00017970856
0.6678278 0.013331788 0.0028325086 0.0026751293 0.0038607428 0.029319558 0.0061645997 0.08645388 0.011278918 0.006991659 0.0055061295 0.2883905 0.0074264905 0.10364999 0.0017086343 0.00411852 0.045871988 0.0024367925 0.0022067975 0.6502046 0.42610458 0.0033620857 0.003035532 0.8026708 0.5297318 0.18471865 0.00019007636 0.002964506 0.7567909 3.240275e-17 0.00043691197 0.0053356453 0.1866828 0.34159443 0.030959807 9.67507e-05 0.0029924992 7.0744413e-06 0.00031500007 0.11488489 0.84345496 0.013080393 0.0015495564 0.28440374 0.0074766222 0.0017559702 9.256609e-06 0.19093563 0.012372233 0.0051220944 0.0023549637 0.0002708474 0.09878842 0.026080748 0.0008207016 4.489996e-06 0.008093694 2.8785058e-05 5.4570395e-05 0.07119085 0.08345436 0.02841932 2.1808419e-05 0.05606045 2.0964706e-06 7.284311e-05 0.0044000526 0.058758423 0.005007141 0.007269346 0.00018856605 0.047384325 9.878953e-05 4.347421e-05 8.959121e-05 0.02444341 0.001127309 0.002493484 0.00019009392 7.775532e-05 8.941894e-05 1.595062e-05 0.0027408896 6.4128966e-05 4.2027812e-05 5.90878e-06 6.3669813e-06 0.027666794 1.530895e-06 0.000139094 9.6043754e-05 5.283248e-06 0.004983041 6.0861043e-06 9.2933384e-05 0.00071642996 8.8034903e-07 1.635258e-05 0.00039847833 1.973288e-05 2.8652115e-05
0.0049968343 0.044000935 0.010378421 0.059166446 0.003963334 0.008147351 0.0039029042 0.0059413426 0.0002843794 0.20693661 0.0029949811 0.0065579033 0.25648052 0.0014942787 0.34446177 0.00058155926 0.074912675 0.00068026484 0.00014661401 0.0022627204 0.008674092 0.6741605 0.00029778644 0.0015168545 0.0051005976 0.022866944 0.13266301 0.4715624 0.00042560714 0.00043691197 2.1341638e-24 0.08346934 0.00037060032 0.003178449 0.015788414 0.8164832 0.00032737647 0.16403157 0.57037663 0.00029063784 0.00019104498 0.00061682664 0.00021216017 0.00041128267 0.024859022 8.495513e-05 0.1374585 8.819095e-05 0.00014880046 0.00018371372 0.0012897665 6.0162056e-05 4.7943464e-05 1.5012169e-05 0.0024306718 0.02713001 0.0017528014 0.0067955484 3.2117503e-05 0.0008042366 2.071703e-05 4.7630083e-06 0.009507376 2.309083e-05 0.15825768 0.0001574573 1.1463874e-06 0.00082955137 3.8428825e-06 2.2846932e-06 7.31407e-05 0.00026923014 7.9400015e-06 0.00032325243 8.71652e-06 0.00042277857 5.725747e-06 1.6496718e-07 2.3904684e-06 0.00016152137 3.0656996e-05 7.534938e-05 2.8863496e-06 0.00020787395 5.073534e-06 0.00044301618 0.0011097994 0.00012264366 0.00091774383 2.7370012e-07 7.991248e-06 0.0006388702 3.3679436e-05 0.0013269766 2.8035927e-06 3.1285851e-06 5.0868694e-05 1.7539189e-07 4.353358e-07 1.5799633e-07 9.896283e-07
