1.7638229e-27 0.8176504 0.7897094 0.9329075 0.7817282 0.28399116 0.8362023 0.9695169 0.50107604 0.86736417 0.36961553 0.09268431 0.99052554 0.92806035 0.9736035 0.68972856 0.415758 0.98544496 0.62127197 0.9277395 0.050872553 0.8269281 0.79033124 0.51686865 0.7360265 0.28062052 0.28602105 0.031665854 0.11096952 0.015533671 0.30987096 0.10835155 0.6912625 0.86206686 0.4010927 0.9668128 0.009022962 0.49253494 0.0036554623 0.45494676 0.63832617 0.021868395 0.0033119016 0.11377831 0.009409354 0.99938804 0.00025037088 0.1599114 0.97680026 0.99997574 0.7486789 0.07090433 0.97648686 0.0005892934 0.53251696 0.9996932 0.100247994 0.0055022114 0.99823034 0.95489347 0.96497333 2.5533516e-05 0.0019482463 0.0020199264 0.64094 1.3393357e-05 0.97452474 0.8886904 0.048074886 0.9984872 0.7012854 0.97476417 6.4493884e-07 0.5477912 0.00021662773 0.9533438 0.013111398 0.00013670007 0.9936162 0.6963709 0.18260817 0.9094373 0.99334186 0.0043969 0.27394477 0.9133237 0.00038547142 2.2743855e-07 0.051072564 0.9959745 0.00036464827 0.07600858 4.64248e-06 0.9154243 0.46182898 0.23602054 2.8238938e-07 0.01698453 0.042116128 0.083047666 0.9999901
0.8176504 4.275181e-17 0.954235 0.9443627 0.71648216 0.24204521 0.028913062 0.7579707 0.59391266 0.0718298 0.31429496 0.1227244 0.3381066 0.21905795 0.01610358 0.4459873 0.107491136 0.27611256 0.008361521 0.1876802 0.1383869 0.04462637 0.0032908435 0.004400493 0.06215602 0.03151994 0.0010461999 0.007678875 0.018894745 0.0015699615 0.0074414 0.0008742144 0.008030518 0.0048223077 0.00032805497 0.0045350366 0.015888497 0.0016533961 0.005999047 0.0018751466 0.00012979387 0.038706873 0.002113892 0.0010466131 0.00037142262 0.05687817 0.0005785028 0.00061631243 0.002586365 0.13486019 0.0028388936 8.976755e-05 0.0006202542 0.00047074238 0.0015669012 0.027439281 0.0007410187 6.041639e-06 0.004243813 0.0012264361 0.0011266657 3.698017e-05 1.7900855e-05 1.5499405e-05 1.4636553e-05 0.00017277524 0.0036820776 1.4909699e-05 5.4449578e-05 0.02306209 1.8551898e-05 0.0001478932 1.0415741e-06 1.9682293e-06 5.596271e-05 0.0001618464 0.00058539066 8.945669e-06 0.0038427764 1.3181789e-05 0.00017612617 0.00032952902 1.1868492e-05 9.77387e-06 2.0684663e-06 3.612756e-05 2.6212754e-06 1.405818e-07 2.977333e-06 0.0033540796 1.1130506e-05 1.6758055e-05 1.0940558e-05 0.0005671334 3.545233e-06 8.235488e-06 1.8137747e-06 2.0093473e-06 5.1157673e-05 2.3653329e-06 0.009552887
0.7897094 0.954235 2.1243118e-16 0.38307297 0.9013716 0.6922335 0.26086974 0.17872316 0.4236847 0.26509967 0.47212997 0.2138799 0.6268157 0.029251056 0.12510653 0.061679143 0.098516814 0.28390288 0.044508085 0.054099347 0.087004244 0.021397786 0.024657154 0.024390047 0.013710724 0.00803943 0.007046773 0.023103664 0.042923637 0.0059366412 0.0038824254 0.002646357 0.0015226403 0.0012009753 0.0016648731 0.025711965 0.015670814 0.0008849126 0.0043425923 0.0008209008 0.0020247758 0.068546295 0.0015723162 0.00023338421 0.0012651845 0.026958985 0.0005035833 0.0040515354 0.0019379155 0.07332637 0.0009825561 0.0011196162 0.013439227 0.0003624641 0.00029136243 0.010191438 0.0002110048 0.00012796622 0.0018787121 0.0006928405 0.0006251433 7.1563685e-05 0.00022272462 0.00022833189 0.0005642353 0.00035392973 0.010134226 0.00059332483 0.00020946837 0.026671924 0.00038946644 0.0013133299 2.583303e-06 5.9579156e-07 8.540883e-05 0.0009748963 0.0014611596 2.4400224e-05 0.006086528 0.00029006574 0.0013935955 0.0012301311 1.9196536e-05 2.1618594e-05 1.67566e-05 0.0005920991 4.388843e-06 3.216946e-07 2.0055597e-05 0.0045701847 1.0157287e-05 0.00015993629 7.287834e-05 0.003194173 0.00012233772 6.631511e-05 4.590708e-06 2.7167123e-05 0.00021194905 3.222009e-05 0.0073421607
0.9329075 0.9443627 0.38307297 4.938347e-15 0.19709462 0.111934304 0.052140985 0.68863004 0.9168978 0.30144197 0.69606936 0.5150114 0.054994583 0.17500335 0.015677078 0.10218435 0.4437279 0.17974311 0.0054869573 0.06842508 0.17262042 0.10582847 0.0045369635 0.013197942 0.01140748 0.028616121 0.0007999121 0.018930018 0.099743634 0.004530092 0.0312855 0.0011510302 0.0020266448 0.002759693 0.00048616546 0.0008842179 0.03297874 0.0013002567 0.021378301 0.0016668645 0.00023605154 0.10245804 0.0078493515 0.00052113837 0.0053825085 0.049950752 0.0024108663 0.00017664324 0.0028407027 0.11369074 0.00078526116 8.339458e-06 0.00027481554 0.0026739282 0.00062198023 0.009417834 0.00042831732 0.00019116854 0.0015454482 0.000717984 0.00069969735 0.00033717614 3.475659e-05 4.897993e-05 1.7935989e-05 0.0005461114 0.001370318 2.7151347e-05 6.559805e-05 0.0048201676 6.0866292e-05 0.00015409979 3.152579e-06 6.4882884e-06 0.00015907151 0.00015757974 0.0016814492 2.4983909e-05 0.0011254565 3.1903048e-05 0.00019649025 0.00017995911 6.129209e-05 6.484542e-07 1.3035548e-05 2.2069342e-05 6.3624657e-06 4.1657185e-07 1.3390292e-05 0.0009808339 4.6906453e-06 1.4760256e-05 1.1385812e-05 9.467492e-05 1.0846564e-06 4.7505993e-05 2.0352502e-06 1.6093225e-05 2.174574e-05 3.0728606e-06 0.0027938853
0.7817282 0.71648216 0.9013716 0.19709462 4.0449915e-16 0.2560037 0.076233 0.5102654 0.15334432 0.044729333 0.108701155 0.03969519 0.92097956 0.14797182 0.15041612 0.3187731 0.08224983 0.91209257 0.04494319 0.18911295 0.033811636 0.05365635 0.017605018 0.0038138535 0.07662967 0.007712694 0.0032058416 0.0042586215 0.011029759 0.0012452946 0.002829175 0.00021334001 0.014650373 0.0022524325 0.00026662007 0.022091545 0.004055749 0.0025628319 0.0013441688 0.0018121834 0.0009111552 0.013269234 0.0003785957 0.0007356949 0.00026135525 0.054732468 6.634788e-05 0.001609611 0.0026499482 0.112454034 0.0035798876 0.0003167853 0.024529645 0.00012586376 0.000928306 0.040934328 0.0003216037 7.463271e-07 0.004182486 0.0010861068 0.0004638939 1.116113e-05 4.7062902e-05 8.436485e-05 0.00019005133 6.0393148e-05 0.029189276 0.0007933414 9.215309e-06 0.05769795 0.00017584872 0.0020027407 3.9868862e-08 3.7713065e-07 2.4380219e-05 0.00089185854 0.00091983355 9.344267e-06 0.024244746 0.00012266378 0.0002719389 0.0014190407 6.019193e-06 2.7479391e-05 9.123655e-06 0.00037235787 2.5891151e-05 9.76736e-09 2.0988942e-05 0.025399249 9.246568e-06 1.6398104e-05 3.3924478e-06 0.009166911 0.000120124896 4.5195357e-06 4.4875836e-07 1.2922811e-05 0.00015383255 2.3009932e-05 0.062787816
0.28399116 0.24204521 0.6922335 0.111934304 0.2560037 4.228816e-21 0.979054 0.021558644 0.19417065 0.69713897 0.36385185 0.124403924 0.35745323 0.01128996 0.5140049 0.02444354 0.02319363 0.0351885 0.19436923 0.019030862 0.11150038 0.0074320594 0.079893984 0.3145279 0.0062169707 0.0027498135 0.029184034 0.10774268 0.17270046 0.022518603 0.0012509421 0.03210564 0.00043927756 0.00010413884 0.010027225 0.06718452 0.010328067 0.00030083008 0.0007339759 0.00010191748 0.013569845 0.13000476 9.144339e-05 9.390559e-06 0.0018226416 0.008093826 0.0008610005 0.006741003 0.0013058918 0.022715364 0.00032327772 0.0044873212 0.024940882 0.00044138942 6.2783074e-05 0.012392142 3.1814773e-06 0.00016325212 0.0011875174 0.00020578277 0.0001640961 2.8479399e-05 0.00053209846 0.00018929016 0.0014924592 0.00022867467 0.022363914 0.0010222523 0.0009396123 0.03910778 0.0016053868 0.0034147555 6.81234e-07 1.2875634e-07 2.8533606e-05 0.0020639068 6.547467e-05 8.97729e-06 0.01665903 0.00040727586 0.00080093805 0.0025225722 2.692281e-06 1.5158767e-05 2.9115981e-05 0.001103855 7.117762e-07 1.6735827e-08 1.765209e-05 0.009751749 1.5344769e-07 5.3212712e-05 1.4426835e-05 0.002815531 9.579312e-05 8.8293535e-07 1.4201036e-06 6.7102214e-06 0.00026889401 0.00010039119 0.006861876
0.8362023 0.028913062 0.26086974 0.052140985 0.076233 0.979054 6.5995804e-20 0.008263177 0.078502595 0.82719094 0.30399144 0.06464166 0.14449143 0.0018962807 0.5051259 0.0019074852 0.006630544 0.02688603 0.1544231 0.002584608 0.011400873 0.0006025442 0.21854286 0.42425686 0.0007096625 0.00014414616 0.029977782 0.15454736 0.24911219 0.051809896 0.000486867 0.027442588 9.68801e-06 6.0191173e-06 0.035346624 0.032939315 0.0024979885 1.3076264e-05 0.0006624008 3.2343098e-06 0.010489117 0.11565266 8.657009e-05 1.5024142e-07 0.026101159 0.0034059158 0.0013286442 0.0056704986 0.00024211853 0.0113977045 6.985933e-05 0.0012478364 0.027922362 0.0007523561 7.836684e-06 0.0015347858 8.224919e-07 0.005160973 5.797189e-05 3.7850293e-06 5.246935e-06 0.00014458578 0.0009034242 0.0011096232 0.00034704257 0.00022362874 0.012360662 0.0004410597 0.001958835 0.029101947 0.0005337421 0.0022231727 1.602923e-05 1.1433999e-08 6.931991e-05 0.0012108235 0.0003660859 7.828008e-05 0.008955866 0.00015548417 0.0016758174 0.00094175903 6.449462e-07 5.3494954e-05 0.0002946367 0.0005340474 6.301394e-07 6.459164e-07 3.240128e-05 0.0031892844 4.1377527e-07 0.00012446435 0.00010612588 0.0009424105 0.0003175315 1.3501073e-06 7.1181257e-06 3.341374e-05 0.00030648534 8.017665e-05 0.002229234
0.9695169 0.7579707 0.17872316 0.68863004 0.5102654 0.021558644 0.008263177 3.5263686e-16 0.43525296 0.015073745 0.1385764 0.12012162 0.12823369 0.8255311 0.0064703748 0.8840609 0.60032266 0.6024599 0.0048995023 0.3761712 0.16499358 0.5320884 0.002438972 0.001711331 0.25123906 0.11497086 0.00034482018 0.005275185 0.04109049 0.0010054857 0.10615189 4.4233304e-05 0.11101861 0.059232146 1.8706427e-05 0.00036709526 0.03344846 0.026342532 0.012345207 0.04418246 4.8684677e-05 0.061040256 0.0035697469 0.0055039376 0.00092909473 0.14970769 0.0005947709 6.75827e-05 0.040463265 0.30943802 0.015072688 1.8809018e-05 0.000298153 0.0004122294 0.00777094 0.04722914 0.0020377957 7.3157923e-07 0.015114502 0.00685545 0.0056265206 2.7773125e-05 9.244342e-05 0.00016944188 3.057985e-05 0.0001720649 0.0015228653 4.9547747e-05 5.3131986e-05 0.011303625 2.719805e-05 0.000100653095 5.67737e-08 3.5951653e-05 6.9295456e-05 3.6549307e-05 0.0021828667 6.1933795e-05 0.0028408547 1.5603206e-05 7.5925294e-05 7.04296e-05 0.00057909207 1.7891809e-05 1.315391e-05 3.397202e-05 8.1311744e-05 4.395398e-08 1.8399716e-05 0.0018387752 2.6900158e-05 7.193485e-06 1.5450915e-06 0.00011464978 5.34141e-07 1.3089689e-05 3.8204436e-07 1.0601364e-05 4.972298e-05 2.751714e-06 0.0021475935
0.50107604 0.59391266 0.4236847 0.9168978 0.15334432 0.19417065 0.078502595 0.43525296 4.1077934e-18 0.40489927 0.91204256 0.94155586 0.04363677 0.18096124 0.01554434 0.09545417 0.52101576 0.053173136 0.004220368 0.037552383 0.6577201 0.08083176 0.0032733076 0.013306282 0.0127003575 0.044817902 0.00043634465 0.023718486 0.106211424 0.0031349068 0.062473185 0.001410189 0.003314703 0.0036501044 0.00033772408 0.0006015937 0.05875845 0.0026918727 0.03776161 0.0017790046 3.3382177e-05 0.18817455 0.011710465 0.0011143854 0.0024935221 0.01752407 0.0030061884 6.8429246e-05 0.0017139817 0.022900995 0.0009250547 7.49987e-06 0.0001555739 0.007759435 0.00069647323 0.011406664 0.00066619884 3.5188548e-06 0.0016379287 0.00031104856 0.0004068479 0.0004310982 1.981888e-05 1.32311725e-05 5.278685e-06 0.0010831908 0.0015978406 1.2275909e-05 4.3551645e-05 0.0046984786 5.0674673e-05 0.00025830863 4.8003517e-06 2.3198575e-06 0.003338689 0.0003364806 0.0031871274 1.0182339e-05 0.001081367 2.5236812e-05 9.926485e-05 0.00043116914 1.2998866e-05 4.547045e-06 2.553701e-06 7.689321e-05 3.0839728e-06 4.821105e-07 3.3920318e-05 0.0008006475 4.692292e-06 1.02107715e-05 0.00016797119 4.144111e-05 6.0225284e-06 2.7458616e-05 4.1103503e-06 4.020138e-06 6.02244e-05 6.4794556e-05 0.0019274014
0.86736417 0.0718298 0.26509967 0.30144197 0.044729333 0.69713897 0.82719094 0.015073745 0.40489927 1.791492e-17 0.65086305 0.34938818 0.019611042 0.004074224 0.27765852 0.0024211055 0.022335323 0.014769573 0.0687048 0.0034825238 0.06572291 0.002689707 0.12539293 0.9366313 0.0006972631 0.0005743554 0.014327508 0.5549088 0.72688776 0.2807898 0.0021619762 0.049202513 5.941144e-05 3.972997e-05 0.027461521 0.014461059 0.011029265 2.4636453e-05 0.0026928883 2.0093388e-05 0.008749672 0.555799 0.00045396617 9.5284065e-07 0.143382 0.0031524105 0.015153023 0.0063490043 0.0006180564 0.005830381 4.4861543e-05 0.0008907034 0.019358063 0.0124700535 7.646369e-06 0.0014044404 1.1157043e-05 0.00418108 0.00025973446 1.5706324e-05 8.474442e-05 0.0010787672 0.0023330534 0.0021123262 0.00041968358 0.0012606536 0.0067450544 0.00044801692 0.0012165918 0.019654682 0.0019513135 0.0017154234 2.714933e-05 7.790892e-08 0.00036161082 0.0011147233 0.0002658102 8.602536e-05 0.0077093374 0.0004615793 0.00044525936 0.0014527194 4.072048e-06 7.9852805e-05 0.00022781185 0.0010082679 2.6077228e-07 5.7550375e-07 7.759538e-05 0.0026794646 3.6822615e-07 0.00042076278 1.9919366e-05 0.0005504925 4.8748512e-05 4.690558e-05 1.6509568e-06 8.173e-05 0.0003724012 4.4239852e-05 0.0021976302
0.36961553 0.31429496 0.47212997 0.69606936 0.108701155 0.36385185 0.30399144 0.1385764 0.91204256 0.65086305 3.769721e-20 0.96784264 0.048158728 0.043832432 0.050769236 0.018254954 0.13710797 0.029546885 0.013051243 0.010653648 0.40900695 0.020630607 0.012563339 0.08214753 0.0077080945 0.0070303977 0.0013492142 0.06842322 0.16962114 0.010827886 0.024199057 0.0028636681 0.0006721709 0.0007277909 0.0009941263 0.006376516 0.018600507 0.00091432885 0.012460116 0.00015575382 0.00015578665 0.1970214 0.0034892044 1.6539801e-05 0.005854753 0.01117843 0.0024737718 0.00029298884 0.0012334292 0.010956545 0.00040413553 1.320421e-05 0.0026051626 0.005007129 0.00018321 0.007399358 6.239539e-05 9.010068e-05 0.0012900895 0.00014268029 0.0002724903 0.00038038136 2.435143e-05 1.6777802e-05 2.5801652e-05 0.00094500923 0.003543452 5.485351e-05 4.7070444e-05 0.009541001 0.00010889631 0.0004631694 7.98533e-06 7.999048e-08 0.00197158 0.0006842576 0.00073636527 1.1575927e-05 0.0019464364 5.7047273e-05 2.6646136e-05 0.00082246645 4.4775575e-06 8.682388e-06 3.1380819e-06 0.00035265883 3.2193338e-07 1.0606394e-06 2.90331e-05 0.0020377703 4.320831e-07 4.0481073e-06 4.36948e-05 0.00032535772 7.0504434e-06 1.4716206e-05 3.1410277e-06 6.161105e-06 0.00012496089 0.0001040371 0.003189899
0.09268431 0.1227244 0.2138799 0.5150114 0.03969519 0.124403924 0.06464166 0.12012162 0.94155586 0.34938818 0.96784264 1.3779278e-20 0.012886679 0.03688353 0.018793197 0.023886546 0.14331242 0.009102095 0.0068752323 0.008871315 0.67323315 0.021884937 0.0051139873 0.059787218 0.012408089 0.025087196 0.00091331144 0.06535854 0.15654935 0.008691332 0.06640128 0.003208822 0.001535575 0.0022906342 0.0009401828 0.0024633508 0.04175631 0.0020335275 0.02259787 0.00043650504 0.000103235645 0.22091766 0.008697663 0.00027004274 0.004081605 0.0059084315 0.0033383532 0.00012218066 0.0017042739 0.0056443983 0.0014218483 9.107477e-06 0.00034468077 0.011509451 0.0005849403 0.008607099 0.0003103108 4.3248634e-05 0.0027399554 0.0005388702 0.00023713932 0.00026763373 1.2247085e-05 1.0136413e-05 8.909234e-05 0.0018376919 0.0013959033 3.0187031e-05 8.705359e-05 0.0034602422 0.00010681267 0.0005744242 5.5973946e-06 4.248054e-07 0.00273243 0.0004584496 0.0021244418 2.0550478e-05 0.0013465403 5.5360175e-05 0.00012948293 0.0011384005 7.262264e-06 2.6365877e-05 1.0799297e-05 0.0005865097 4.286195e-06 5.232137e-07 0.000105727464 0.0006308177 1.9527783e-06 3.5842786e-05 7.042631e-05 2.4417472e-05 2.3843062e-05 1.1227908e-05 7.4964873e-06 1.3631752e-05 0.00017397215 0.00029445972 0.0015391392
0.99052554 0.3381066 0.6268157 0.054994583 0.92097956 0.35745323 0.14449143 0.12823369 0.04363677 0.019611042 0.048158728 0.012886679 4.7513857e-17 0.021172721 0.73992914 0.09435808 0.012793732 0.46589434 0.514603 0.119033225 0.008235006 0.005452581 0.20098755 0.0010287623 0.026049087 0.0002973103 0.031477995 0.00045266727 0.0011213954 0.00026502096 0.000308153 0.00012991262 0.0022336498 0.00015767956 0.000105185885 0.5736805 0.0013432371 0.00072727853 0.00063457503 0.00014212674 0.0056787706 0.0011101984 0.00014596597 1.7644852e-05 1.8057692e-05 0.027297841 8.3499945e-06 0.020220552 0.0016965751 0.2593281 0.00041400112 0.0022891513 0.275903 1.3977396e-05 7.017771e-05 0.027264021 1.46941065e-05 2.5032741e-06 0.0017528189 0.00016051173 9.341286e-05 7.3005735e-06 4.333331e-05 4.3382264e-05 0.0023732132 6.0963484e-05 0.1766592 0.010768661 0.00010520555 0.39683494 0.00451853 0.019856028 3.4299237e-08 4.6416247e-08 5.928485e-06 0.00854323 0.002028593 1.8322598e-05 0.14577715 0.0027297628 0.0004379854 0.011182557 3.7017077e-07 6.618899e-05 0.00020926772 0.0057980022 1.5775588e-05 2.1661313e-09 6.3789215e-05 0.24723002 2.6357693e-06 6.855518e-05 1.3741851e-05 0.06699498 0.003725225 3.2051457e-06 9.747429e-07 3.660156e-05 0.000853083 0.00015075965 0.5434052
0.92806035 0.21905795 0.029251056 0.17500335 0.14797182 0.01128996 0.0018962807 0.8255311 0.18096124 0.004074224 0.043832432 0.03688353 0.021172721 2.3231812e-15 0.002517322 0.91843146 0.5241044 0.12553789 0.0011063386 0.17466652 0.14186871 0.82221746 0.00051387126 0.00054642704 0.27038586 0.47470152 3.277343e-05 0.0015021937 0.009287057 0.00018789289 0.27931088 1.0652006e-05 0.28492805 0.5533466 3.2498497e-06 5.5045617e-05 0.07648639 0.1886636 0.03182479 0.3306386 4.048439e-06 0.032075267 0.018384896 0.11244916 0.0004749587 0.43012297 0.00035458856 8.186555e-06 0.1484474 0.2808269 0.07709628 1.0202823e-06 3.3377593e-05 0.00058728183 0.042660367 0.06999411 0.0066406815 1.5706286e-06 0.029039107 0.021634143 0.025093006 3.316374e-05 1.940695e-05 0.000109655404 1.2240722e-05 0.0006623171 0.00024508542 1.3640595e-05 2.8491868e-05 0.001994188 5.268973e-06 3.72534e-05 3.2449148e-07 0.00053151447 0.00023393685 1.8498915e-05 0.0133496635 5.156117e-05 0.0006805218 5.282109e-06 8.2817955e-05 2.1458338e-05 0.005637865 1.5122583e-05 5.2562655e-06 8.979175e-06 0.0007948329 4.9175475e-07 1.06749785e-05 0.00017630076 0.00052372116 4.9230166e-06 2.5635613e-06 1.7190392e-05 6.3394594e-07 0.0005409416 1.4527172e-06 7.612413e-06 3.2536034e-05 1.199438e-06 0.0016295821
0.9736035 0.01610358 0.12510653 0.015677078 0.15041612 0.5140049 0.5051259 0.0064703748 0.01554434 0.27765852 0.050769236 0.018793197 0.73992914 0.002517322 6.869707e-20 0.0030658885 0.0039764466 0.04848308 0.96526957 0.004266389 0.00531406 0.00030914703 0.82941777 0.20735747 0.0006743331 3.7775808e-05 0.47731093 0.05238526 0.085200734 0.036459465 0.00022738858 0.023775907 1.6021251e-05 4.617611e-06 0.062833436 0.58067816 0.0007397167 1.8320152e-05 6.497778e-05 5.337894e-06 0.20424175 0.052363027 1.7115488e-05 1.31374e-07 0.0056460113 0.0036232087 0.00042654292 0.025589256 6.639199e-05 0.02695248 8.67106e-06 0.008303873 0.09160654 0.00020645483 3.2903129e-06 0.002997919 7.8271785e-07 0.0021401288 1.8584304e-05 3.1811814e-07 6.9250655e-07 6.047897e-05 0.0044599758 0.0040430166 0.0017562057 0.00011475469 0.020115703 0.0022881057 0.0025970389 0.084306635 0.00418938 0.0084644705 2.198673e-06 6.70511e-08 5.3405645e-05 0.0029039953 0.00010285043 0.00012549903 0.018343559 0.001076376 0.0011233344 0.0017837231 6.720666e-08 0.00013344978 0.00038491655 0.00067271315 6.738161e-08 1.1777041e-07 3.4698995e-05 0.0035325855 4.504329e-08 2.1982067e-05 2.8524437e-05 0.0006324218 0.00014389044 1.7989366e-07 1.4249316e-06 2.9650175e-05 0.0002681268 3.493571e-05 0.021377226
0.68972856 0.4459873 0.061679143 0.10218435 0.3187731 0.02444354 0.0019074852 0.8840609 0.09545417 0.0024211055 0.018254954 0.023886546 0.09435808 0.91843146 0.0030658885 1.2417292e-19 0.18379213 0.13536757 0.0027725622 0.83700424 0.076232195 0.52319795 0.0016382897 0.00018826597 0.87245715 0.16954035 0.00032661745 0.0019587097 0.0028789109 0.0003986655 0.030391905 2.1597905e-05 0.33970526 0.36139086 2.5110735e-06 0.0004690753 0.014149861 0.11099636 0.0060115233 0.10983586 3.6077014e-05 0.004563908 0.0014212979 0.034606602 2.408559e-05 0.251723 1.2617196e-05 7.615445e-05 0.051122755 0.14517099 0.029523598 4.059712e-05 6.512009e-05 3.0352296e-05 0.014078206 0.06989885 0.008352847 1.751006e-07 0.020293783 0.0064016622 0.00385867 3.86784e-06 1.5424792e-05 5.4051205e-05 1.1174145e-05 3.6863166e-05 0.0013691405 1.9058558e-05 1.4317344e-06 0.007867934 3.3554902e-06 8.4326326e-05 2.9378273e-07 6.259295e-05 6.783453e-05 8.151564e-05 0.002920486 9.683143e-06 0.0025902134 3.1297222e-06 0.00014096046 9.588671e-05 0.0012103617 2.8247154e-05 6.9351574e-07 2.5662046e-05 0.00025261604 8.7976275e-08 5.079324e-06 0.0007685963 2.9847604e-05 7.734511e-06 5.0023646e-06 4.2176496e-05 3.6218904e-07 1.9383146e-05 6.1331326e-07 4.984778e-06 0.00028946082 6.2407344e-07 0.00460508
0.415758 0.107491136 0.098516814 0.4437279 0.08224983 0.02319363 0.006630544 0.60032266 0.52101576 0.022335323 0.13710797 0.14331242 0.012793732 0.5241044 0.0039764466 0.18379213 1.7750696e-18 0.05844536 0.001058678 0.08316522 0.97288984 0.5534266 0.00069308735 0.00027975143 0.0681231 0.54610795 1.6709062e-05 0.0015998915 0.011390032 0.00012888812 0.6195203 1.3788927e-05 0.07566771 0.19274165 3.290333e-07 8.0192285e-06 0.12571521 0.06292491 0.081823386 0.030210027 5.360741e-07 0.034595225 0.03638075 0.0072999275 5.030478e-05 0.09149321 0.00012550142 2.1222938e-06 0.0424311 0.05739821 0.021089733 2.0610536e-07 2.3929067e-06 0.0008216876 0.015169008 0.04262275 0.007086454 6.9102256e-08 0.015988978 0.007939378 0.00938518 1.0324908e-05 6.520728e-07 4.6517619e-07 1.3342004e-07 0.00030605277 0.00064734864 7.709914e-08 7.978661e-06 0.0025054214 1.8710448e-06 0.0001387895 2.3311847e-07 0.00010927842 0.00059949403 0.00028898809 0.008736853 9.2806556e-07 0.0009674379 1.9530708e-06 9.924638e-07 0.0002331971 0.00021661988 2.7010256e-07 3.365163e-07 3.087123e-05 1.0309525e-06 7.1370216e-08 2.6191813e-06 0.0008461694 3.3365163e-06 2.018628e-06 7.921592e-06 1.728045e-05 1.1883975e-07 1.267004e-06 7.723598e-07 3.771107e-06 2.7293458e-05 9.230159e-07 0.0036811999
0.98544496 0.27611256 0.28390288 0.17974311 0.91209257 0.0351885 0.02688603 0.6024599 0.053173136 0.014769573 0.029546885 0.009102095 0.46589434 0.12553789 0.04848308 0.13536757 0.05844536 6.81719e-18 0.014850538 0.9351746 0.008172202 0.104202986 0.008554485 0.002673965 0.03334108 0.010837917 0.003919615 0.0036552448 0.0087047 0.0016873486 0.010235459 0.000370703 0.017253686 0.01661638 0.0006339 0.021994356 0.0016566783 0.003848571 0.00089489896 0.0089577325 0.0024130896 0.004263815 0.00030615 0.0018800644 0.000991977 0.054811038 3.100802e-05 0.003992669 0.0039010155 0.8081 0.0015153572 0.00046440514 0.027797673 0.000121581244 0.0008314079 0.01692735 0.00038136423 4.3536215e-06 0.0010725145 0.0006695842 0.0004892104 1.4502201e-06 6.5180175e-05 0.00012849919 0.0006015107 2.031156e-05 0.005863889 0.0018939727 0.00019056787 0.025129735 0.00013413955 0.002427325 2.3851545e-09 5.7990105e-06 5.3687843e-05 0.0008007261 0.0015902906 2.105016e-05 0.009058792 0.0001742104 0.00029637243 0.0010371722 3.074354e-05 4.8661095e-05 7.553781e-05 0.00061313616 6.6748406e-05 1.3337291e-08 9.218592e-05 0.032286827 1.1645898e-05 7.011757e-05 8.857902e-07 0.01015018 7.997855e-05 7.1865225e-07 1.4738046e-07 0.00011352608 0.00023416652 2.2291359e-05 0.28045255
0.62127197 0.008361521 0.044508085 0.0054869573 0.04494319 0.19436923 0.1544231 0.0048995023 0.004220368 0.0687048 0.013051243 0.0068752323 0.514603 0.0011063386 0.96526957 0.0027725622 0.001058678 0.014850538 2.6305566e-19 0.0027461487 0.0028221265 0.00015065099 0.9469551 0.05573677 0.000947134 2.979329e-05 0.60777617 0.015456636 0.020564444 0.00828468 0.00017830648 0.010527762 1.3677237e-05 5.1533075e-06 0.026645405 0.51718444 0.0006826942 2.9761994e-05 2.4262947e-05 2.0485826e-05 0.21316871 0.012540663 2.4374942e-05 9.2021213e-07 0.0009496429 0.0014064698 9.7803924e-05 0.046439566 5.560532e-05 0.009891275 1.3077e-05 0.021457113 0.10059507 0.000117777214 5.366984e-06 0.002295953 1.5349102e-07 0.00061442977 2.9582981e-05 1.4495979e-06 1.5486086e-06 5.7712354e-05 0.001602871 0.0014850905 0.0037106948 9.223383e-05 0.024621636 0.0031089021 0.0022179494 0.051222768 0.0035764582 0.007138578 3.2142614e-06 2.8308422e-09 0.00023948017 0.002474306 0.00042113173 7.737731e-05 0.014761771 0.0015317752 0.0020682681 0.002156217 6.490442e-08 0.000100260295 0.0005889162 0.0010052507 8.89079e-07 8.4758916e-08 0.00018962714 0.005416267 9.348464e-08 0.00011572931 9.4022405e-05 0.0015561967 0.00042602603 3.9020756e-07 9.234742e-06 0.00011089667 0.0005961298 0.00011131065 0.012708631
0.9277395 0.1876802 0.054099347 0.06842508 0.18911295 0.019030862 0.002584608 0.3761712 0.037552383 0.0034825238 0.010653648 0.008871315 0.119033225 0.17466652 0.004266389 0.83700424 0.08316522 0.9351746 0.0027461487 8.897224e-19 0.015966663 0.2625733 0.0011485855 0.00011340391 0.8180913 0.041978497 0.00031032856 0.0013177497 0.0016407428 0.00015657218 0.0123553835 3.0459762e-05 0.08440134 0.07505731 9.755013e-06 0.001631908 0.0031718102 0.022643643 0.00094608637 0.043281194 3.9784227e-05 0.0019437339 0.00018163159 0.00812364 6.110289e-05 0.5959588 2.1683614e-05 0.00011297903 0.009646795 0.8304929 0.004195335 1.4871866e-05 0.0014878201 8.3898085e-06 0.0019866882 0.07676325 0.00037947737 3.1229035e-08 0.0020356213 0.00083624665 0.00078469305 5.7364184e-07 1.964492e-06 5.066093e-06 2.022481e-05 2.5020749e-05 0.0026325905 6.672766e-05 2.6369837e-06 0.007603997 4.1429475e-06 0.00059636036 4.7260997e-08 3.9191644e-05 4.522116e-05 0.00010341863 0.00080969254 3.1707607e-06 0.0019207743 2.1422443e-06 3.3490818e-05 0.00010720967 5.054865e-05 6.1079727e-06 4.5451046e-07 4.541197e-05 6.30979e-05 1.1970164e-08 1.4507596e-06 0.0026442797 6.2039285e-06 8.3875807e-07 6.3011424e-07 0.00023858271 2.8452385e-07 3.277355e-07 2.0193202e-07 1.2660909e-06 1.0753534e-05 2.3367741e-07 0.07464851
0.050872553 0.1383869 0.087004244 0.17262042 0.033811636 0.11150038 0.011400873 0.16499358 0.6577201 0.06572291 0.40900695 0.67323315 0.008235006 0.14186871 0.00531406 0.076232195 0.97288984 0.008172202 0.0028221265 0.015966663 1.06383065e-19 0.24522819 0.0017193385 0.011115307 0.019975452 0.49840915 5.754292e-05 0.029985003 0.07619379 0.0013228195 0.71168697 0.00064508716 0.018587638 0.077386655 0.00011895684 8.402353e-05 0.82454073 0.012243518 0.44179162 0.021105452 5.965167e-06 0.3227638 0.3237898 0.03786147 0.0002695875 0.006799555 0.0012370581 5.821125e-06 0.007300161 0.0061967 0.003568991 1.0642862e-06 1.9128763e-06 0.01628639 0.0022294733 0.009266645 0.0041562687 2.706607e-06 0.003222108 0.0015521934 0.0016022421 5.088922e-05 1.7998624e-06 1.304686e-06 1.9333633e-05 0.009776174 0.00013150844 5.75038e-07 4.374957e-06 0.0004945602 2.5478566e-05 4.097324e-05 4.994047e-06 1.0163483e-06 0.009729961 0.00013763605 0.030178735 2.6336463e-06 0.00028712527 1.18618045e-05 1.0849684e-05 0.00017917634 0.00013438516 2.8591749e-06 3.6487957e-06 5.592425e-05 3.948948e-06 6.941771e-08 2.6483944e-05 0.00010733969 1.2750155e-05 3.395612e-05 2.9242885e-06 7.726039e-06 2.186473e-07 6.403503e-05 6.225042e-07 9.763213e-06 3.407007e-05 7.2143503e-06 0.00033346398
0.8269281 0.04462637 0.021397786 0.10582847 0.05365635 0.0074320594 0.0006025442 0.5320884 0.08083176 0.002689707 0.020630607 0.021884937 0.005452581 0.82221746 0.00030914703 0.52319795 0.5534266 0.104202986 0.00015065099 0.2625733 0.24522819 1.5234858e-16 0.00012563568 6.759224e-05 0.31964093 0.95841473 6.9380053e-06 0.0015375488 0.003164491 5.9629412e-05 0.5654201 8.061671e-06 0.2184088 0.6947409 1.0298075e-06 1.3182134e-06 0.093681104 0.29560494 0.059115153 0.1890601 1.1519414e-06 0.014806537 0.025389193 0.07213901 1.7993963e-05 0.31622666 0.00018509068 3.722904e-05 0.27498507 0.16185774 0.20650277 1.8513906e-06 1.5980423e-06 0.0006411096 0.1182323 0.11938275 0.033491813 8.203353e-07 0.05492007 0.05436845 0.08840014 4.3015584e-06 2.6374742e-06 1.5750775e-06 1.5675109e-07 0.0002969238 0.00040096432 1.7073621e-07 1.2219155e-05 0.0013144399 1.7590272e-06 2.0947828e-05 6.6703984e-07 0.002516259 0.0004246349 1.4425666e-05 0.020399183 1.7911578e-05 0.00047971483 1.4752073e-06 3.5667315e-05 2.599955e-05 0.0040425523 6.8602526e-07 6.1669925e-07 3.4801383e-06 6.399748e-05 3.1650973e-07 2.0428984e-06 0.00016101768 8.817438e-05 5.6618464e-06 1.2541833e-05 9.52287e-06 3.4087144e-08 5.3468942e-05 4.3817085e-06 9.652192e-06 9.201836e-06 3.7756243e-07 0.0031547253
0.79033124 0.0032908435 0.024657154 0.0045369635 0.017605018 0.079893984 0.21854286 0.002438972 0.0032733076 0.12539293 0.012563339 0.0051139873 0.20098755 0.00051387126 0.82941777 0.0016382897 0.00069308735 0.008554485 0.9469551 0.0011485855 0.0017193385 0.00012563568 2.473585e-18 0.2222787 0.0004958495 1.7987222e-05 0.9181584 0.07246297 0.12658252 0.06352907 9.766198e-05 0.057959415 1.3521259e-05 6.405387e-06 0.2408344 0.51746047 0.00044070356 4.2308508e-05 2.7760865e-05 1.104966e-05 0.49652368 0.05691527 1.3844506e-05 1.2345241e-06 0.022165501 0.0013707473 0.0005222316 0.113214925 1.5795942e-05 0.008250838 5.2129044e-06 0.046943925 0.21586478 0.00032845567 2.631713e-06 0.0018896139 2.5591632e-07 0.017144749 5.3655413e-06 2.7871775e-07 3.4356282e-07 0.00020778319 0.012676484 0.015605067 0.009289662 0.00025560937 0.028770514 0.007248692 0.014130334 0.049174424 0.009685378 0.018833809 1.64677e-05 5.0881783e-09 0.000181523 0.008035038 0.000627147 0.0006569624 0.018655611 0.0022764483 0.015961813 0.004187668 3.1589758e-07 0.0014286226 0.0020826964 0.0029856788 5.773855e-07 3.3698248e-06 0.0005147816 0.007354028 2.7939237e-07 0.0008663531 0.00032871892 0.003467449 0.0027529008 3.990021e-06 3.6183796e-05 0.00039079564 0.0010305024 0.0005678421 0.008381968
0.51686865 0.004400493 0.024390047 0.013197942 0.0038138535 0.3145279 0.42425686 0.001711331 0.013306282 0.9366313 0.08214753 0.059787218 0.0010287623 0.00054642704 0.20735747 0.00018826597 0.00027975143 0.002673965 0.05573677 0.00011340391 0.011115307 6.759224e-05 0.2222787 2.1094353e-18 4.492431e-05 1.6957993e-06 0.039855577 0.8202843 0.7898253 0.8528957 9.565804e-06 0.5882043 1.4341476e-06 6.038134e-07 0.2340826 0.011740495 0.00046950005 3.1323486e-07 0.000118846845 8.753452e-07 0.04525047 0.44832247 7.5956395e-06 2.6008578e-07 0.4756021 1.8434212e-05 0.043158058 0.008394756 7.205508e-06 0.00025151216 1.0469524e-07 0.0030822454 0.03425977 0.012565641 1.5252255e-07 0.00015237434 2.1580412e-08 0.5035984 3.0099823e-06 7.212397e-08 7.042745e-07 0.010657098 0.019079078 0.016330462 0.000584811 0.0012655954 0.0013909022 0.00020317578 0.0031790163 0.0041547627 0.00072284957 0.00019860819 0.00067977846 3.0782996e-09 2.4084075e-05 0.00015853252 5.184585e-06 0.0010121157 0.0009871185 0.00013944558 0.00404651 0.0004240166 1.2290177e-07 0.0010654926 6.108873e-05 0.00023738165 1.7006458e-07 0.00013874688 2.8171398e-05 0.0009325999 8.841044e-08 0.00030277894 0.00045524517 0.00031085877 2.8140868e-05 9.308156e-06 8.656126e-05 6.5345164e-05 0.00028935153 3.167344e-05 0.004628031
0.7360265 0.06215602 0.013710724 0.01140748 0.07662967 0.0062169707 0.0007096625 0.25123906 0.0127003575 0.0006972631 0.0077080945 0.012408089 0.026049087 0.27038586 0.0006743331 0.87245715 0.0681231 0.03334108 0.000947134 0.8180913 0.019975452 0.31964093 0.0004958495 4.492431e-05 2.8162828e-18 0.0899097 7.679332e-05 0.00042277132 0.0002714701 6.247077e-05 0.01814204 1.5534952e-05 0.79590476 0.25268608 2.2787615e-06 5.0720173e-05 0.008082037 0.18243055 0.0046772854 0.111632936 7.3322794e-06 0.0002040887 0.0011568352 0.042870853 4.879035e-06 0.8618272 1.0741604e-05 1.6033113e-05 0.260291 0.10452361 0.04037403 2.8161737e-06 8.936187e-06 2.0109434e-05 0.013564978 0.47686127 0.0071099745 7.784297e-08 0.025407385 0.006459096 0.0029411046 2.6215355e-06 4.9122773e-06 1.3429091e-05 1.9734582e-06 0.00010147832 0.00084518665 6.6500634e-06 5.569745e-07 0.0029668107 7.44026e-07 7.214072e-05 3.4833474e-07 6.0980874e-05 0.00011806825 4.1582643e-05 0.002624599 1.1563878e-05 0.0008394019 8.9584444e-07 3.4192853e-05 2.7058366e-05 0.0015629791 1.4402656e-05 1.6715259e-07 8.387209e-06 0.00074772816 9.5959464e-08 2.1670726e-06 0.00023227268 6.686704e-05 3.1175205e-06 1.0790618e-05 2.9980576e-05 6.4591596e-08 9.831579e-06 2.2578304e-06 3.5304076e-06 6.99925e-05 2.0604442e-07 0.01274553
0.28062052 0.03151994 0.00803943 0.028616121 0.007712694 0.0027498135 0.00014414616 0.11497086 0.044817902 0.0005743554 0.0070303977 0.025087196 0.0002973103 0.47470152 3.7775808e-05 0.16954035 0.54610795 0.010837917 2.979329e-05 0.041978497 0.49840915 0.95841473 1.7987222e-05 1.6957993e-06 0.0899097 2.0424679e-19 3.4982685e-07 4.5993693e-05 0.0011536643 2.2236718e-06 0.92863154 4.1997077e-07 0.10708601 0.70014316 1.7878204e-08 1.8840326e-07 0.39418837 0.1730781 0.32900238 0.4549587 1.6814515e-07 0.026789961 0.19306742 0.31089067 7.2513456e-07 0.04074071 3.7613336e-06 1.3103771e-06 0.077654466 0.01849296 0.0641508 2.6058083e-07 8.403118e-08 0.00034851136 0.06160147 0.031771667 0.028063698 3.3554514e-08 0.0144293485 0.012700581 0.016922768 2.2473887e-07 1.8013202e-08 2.425768e-08 1.6504428e-07 0.00047226518 9.420272e-05 1.7139644e-07 2.5811394e-07 0.0002449866 2.2759466e-06 9.568487e-06 1.3346351e-08 0.0029288717 0.0017153447 1.7235074e-05 0.15652584 4.123367e-07 8.983367e-05 2.2953748e-06 1.1396594e-06 6.5581655e-05 0.0022778371 3.1013312e-07 1.5770848e-07 1.7056949e-06 0.0003474923 1.9093995e-09 1.1478564e-06 9.757097e-06 0.00023313996 2.9852545e-06 1.1459528e-07 9.333534e-08 3.1637e-09 3.1850184e-05 5.8090905e-08 5.0758445e-07 4.2680435e-06 1.4662189e-07 0.00043400974
0.28602105 0.0010461999 0.007046773 0.0007999121 0.0032058416 0.029184034 0.029977782 0.00034482018 0.00043634465 0.014327508 0.0013492142 0.00091331144 0.031477995 3.277343e-05 0.47731093 0.00032661745 1.6709062e-05 0.003919615 0.60777617 0.00031032856 5.754292e-05 6.9380053e-06 0.9181584 0.039855577 7.679332e-05 3.4982685e-07 1.2811062e-20 0.019259091 0.0070191533 0.012345553 2.4998649e-06 0.027482105 2.7420018e-07 1.3644107e-07 0.0963567 0.8576776 2.4834464e-05 3.071466e-06 2.656836e-07 1.8779275e-06 0.927553 0.006381432 9.895576e-07 3.516476e-08 0.0008860454 0.00024898886 2.855465e-05 0.34523293 3.1792235e-06 0.0020745373 1.7713193e-06 0.19423868 0.27037215 6.015847e-06 3.7495096e-07 0.00038019783 7.8455855e-09 0.0014317781 8.955695e-07 1.2177078e-07 7.391803e-08 1.47072e-05 0.010253157 0.008950927 0.03646859 2.8667942e-05 0.030024199 0.007466454 0.015514646 0.045299497 0.0093213 0.009658261 2.4834405e-06 8.2409707e-10 3.9330967e-05 0.0049083885 0.0003622784 0.0004496503 0.022092778 0.0018857495 0.020600965 0.004523126 3.4697585e-08 0.0016769414 0.0014332486 0.0028669867 2.9809175e-07 9.359204e-08 0.00060558267 0.008326751 2.1292694e-08 0.0008054137 0.00030592876 0.0034500426 0.0012776387 8.413843e-07 1.6067903e-05 0.00033681095 0.0020491953 0.0005862155 0.010228281
0.031665854 0.007678875 0.023103664 0.018930018 0.0042586215 0.10774268 0.15454736 0.005275185 0.023718486 0.5549088 0.06842322 0.06535854 0.00045266727 0.0015021937 0.05238526 0.0019587097 0.0015998915 0.0036552448 0.015456636 0.0013177497 0.029985003 0.0015375488 0.07246297 0.8202843 0.00042277132 4.5993693e-05 0.019259091 5.755639e-21 0.9189072 0.8819567 7.6309734e-05 0.24080572 3.865841e-06 1.4772049e-06 0.056049168 0.00087493256 0.0009368296 8.470179e-06 0.00010143217 1.4915222e-06 0.023638973 0.43519565 1.337273e-05 5.886348e-07 0.71356916 0.00030570128 0.23925088 0.00048354646 1.4736247e-05 0.0004163415 1.9695813e-06 0.0013532224 0.0006653905 0.063961595 1.0511999e-06 0.00023946715 9.2597645e-09 0.09811044 3.423189e-06 3.319028e-07 2.3694329e-06 0.04419781 0.001127673 0.0008050166 1.1154958e-05 0.0014726253 0.000153385 2.7982264e-06 0.00041115028 0.0012939875 5.842256e-05 0.0002687622 0.001943339 4.5960472e-10 0.00014347523 8.9134664e-05 2.2696404e-05 8.038919e-05 0.00045813728 1.1280715e-05 0.00018733376 5.5441276e-05 1.6100162e-07 8.694034e-05 1.5546384e-06 3.0853775e-05 1.3456679e-07 0.00019403611 1.6184773e-05 5.0213428e-05 3.026406e-08 6.28398e-05 7.33627e-05 5.8373635e-06 1.6027258e-05 1.33516975e-08 3.7778616e-05 1.19744645e-05 0.0001137041 5.3736858e-05 0.003322905
0.11096952 0.018894745 0.042923637 0.099743634 0.011029759 0.17270046 0.24911219 0.04109049 0.106211424 0.72688776 0.16962114 0.15654935 0.0011213954 0.009287057 0.085200734 0.0028789109 0.011390032 0.0087047 0.020564444 0.0016407428 0.07619379 0.003164491 0.12658252 0.7898253 0.0002714701 0.0011536643 0.0070191533 0.9189072 2.0975763e-17 0.55490386 0.0019141677 0.081078075 2.4348688e-05 2.7038686e-05 0.03406653 0.0009788912 0.009852999 2.4432147e-05 0.0020287375 2.9411412e-05 0.0060642795 0.9028219 0.00061377446 7.413823e-06 0.75175714 0.0002881193 0.35970297 0.00057548325 9.924175e-05 0.000652484 1.937759e-06 0.00015259902 0.0004423059 0.20652294 4.837484e-06 0.00027543213 1.2551556e-06 0.07620324 6.328589e-06 4.4075819e-07 4.775444e-06 0.067399494 0.0005356367 0.0004044295 5.1639512e-05 0.0071278233 7.46125e-05 3.7202102e-05 0.00020761306 0.00062858075 0.00041359232 0.00034052285 0.0016340117 2.294613e-08 0.005156024 0.00028260937 0.00040942163 7.684871e-05 0.00021867997 0.00025833526 0.0004598497 0.00048016885 2.5910072e-07 2.7331696e-05 3.616051e-05 9.652602e-05 3.424271e-07 0.00017095772 5.1480634e-05 2.0363172e-05 2.3094549e-07 9.057772e-05 4.117744e-05 8.000949e-06 5.0676e-06 7.881684e-06 1.361551e-05 0.00021145883 0.00025088666 4.0537652e-05 0.0028921429
0.015533671 0.0015699615 0.0059366412 0.004530092 0.0012452946 0.022518603 0.051809896 0.0010054857 0.0031349068 0.2807898 0.010827886 0.008691332 0.00026502096 0.00018789289 0.036459465 0.0003986655 0.00012888812 0.0016873486 0.00828468 0.00015657218 0.0013228195 5.9629412e-05 0.06352907 0.8528957 6.247077e-05 2.2236718e-06 0.012345553 0.8819567 0.55490386 1.778845e-18 3.3229474e-06 0.37311557 5.706313e-06 1.8569006e-06 0.093907036 0.0008437818 5.4975117e-05 6.5083113e-06 7.886639e-06 3.677299e-07 0.027287586 0.17177862 1.8462598e-06 2.4101293e-08 0.8741331 2.977011e-05 0.14311409 0.0013855939 1.2016346e-05 9.356228e-05 8.146177e-07 0.0007073247 0.001792254 0.016849311 5.169573e-07 2.4667512e-05 2.1718165e-08 0.29760382 8.23817e-07 1.8243735e-07 1.3677868e-06 0.043016028 0.003975715 0.0042498577 3.2535416e-05 0.00019935206 0.00018071497 3.0325733e-05 0.0021506196 0.00085394294 0.00016934512 0.00043997917 0.0047503575 7.536263e-10 2.1664724e-05 0.00042241966 8.104624e-06 0.00075019844 0.0006423856 3.960086e-05 0.0011081052 0.00031770204 6.0360435e-07 0.0004775954 1.4601392e-05 6.539249e-05 4.8690872e-08 0.0010056837 6.947107e-05 3.4397195e-05 2.3037037e-08 0.000142159 0.00023898097 2.1571086e-05 4.328179e-06 3.7264435e-08 7.501262e-05 3.526607e-05 0.00010248601 6.924997e-06 0.0024384127
0.30987096 0.0074414 0.0038824254 0.0312855 0.002829175 0.0012509421 0.000486867 0.10615189 0.062473185 0.0021619762 0.024199057 0.06640128 0.000308153 0.27931088 0.00022738858 0.030391905 0.6195203 0.010235459 0.00017830648 0.0123553835 0.71168697 0.5654201 9.766198e-05 9.565804e-06 0.01814204 0.92863154 2.4998649e-06 7.6309734e-05 0.0019141677 3.3229474e-06 2.0396838e-16 7.605592e-06 0.057019565 0.40765843 9.322864e-07 7.0377064e-06 0.84199864 0.13000718 0.72669137 0.3020154 9.897276e-07 0.05425742 0.7386098 0.30216908 6.741748e-06 0.026729839 8.083457e-06 2.4735285e-05 0.059270248 0.011867527 0.040986545 1.9775916e-06 4.6585346e-06 0.001837684 0.04312501 0.012328088 0.014227315 6.2264195e-07 0.0071087712 0.008080633 0.02086751 4.5543143e-06 6.069194e-07 5.397065e-07 9.472147e-06 0.004168926 0.00039754398 4.264239e-06 2.8731863e-06 0.0007576349 8.997849e-05 0.00022333078 4.6279024e-07 0.0032824054 0.022059415 0.0006020479 0.44483468 5.408469e-06 0.00050300657 7.685912e-05 6.18126e-05 0.0011716235 0.0028606507 9.994601e-07 1.5298128e-05 0.000100914134 0.001090484 1.6754552e-07 2.4419429e-05 1.7795272e-05 0.00066896 0.000116843505 1.5644724e-06 7.3721053e-06 9.430447e-07 0.0002865549 5.1090535e-07 4.5021286e-05 7.053911e-05 4.4266076e-06 0.0008427259
