8.5662036e-20 0.853427 0.93395734 0.9416612 0.83154726 0.9287125 0.9375954 0.9737803 0.83214307 0.9671298 0.8211787 0.98495865 0.82882357 0.94070596 0.56198907 0.75946605 0.90923095 0.605376 0.964744 0.9556405 0.9634851 0.9883526 0.5675562 0.99586105 0.90859056 0.80218416 0.929386 0.9099374 0.79097027 0.86926144 0.90765935 0.57461387 0.8848172 0.9495797 0.82280993 0.4093203 0.74084455 0.5213702 0.5905119 0.9770953 0.96736807 0.8535075 0.9977534 0.8195406 0.36274537 0.8453332 0.8933888 0.92698723 0.83716667 0.99306613 0.9230396 0.99606466 0.7956219 0.76623124 0.93114316 0.9999962 0.78466564 0.96166754 0.9661378 0.6376571 0.85758257 0.35460883 0.50109833 0.36670017 0.8508789 0.33599505 0.9980249 0.6350772 0.6026646 0.20257139 0.010145868 0.90291023 0.27864346 0.3516219 0.88881546 0.11318246 0.09773398 0.014431634 0.0062250006 0.06890159 0.021372095 0.012040993 0.03724534 0.9036428 0.86011434 0.0075391186 0.006450072 0.006054159 0.0034300764 0.8083843 0.99999917 0.003727622 0.0036192774 0.0015328886 0.0011982284 0.00044361356 0.8785094 0.018616688 0.0008325687 0.37463543 0.99306405
0.853427 5.4722946e-14 0.9321177 0.74525195 0.972485 0.50524795 0.46864596 0.083364986 0.5762743 0.24335054 0.31219506 0.31648687 0.6847074 0.014737873 0.54118794 0.43698168 0.005798367 0.3717706 0.024818022 0.06822034 0.017868415 0.05370934 0.3350866 0.036435395 0.066959925 0.0048485165 0.0047829393 0.010032051 3.2408723e-05 0.00015198685 0.14888039 3.4955072e-05 5.932085e-07 6.386764e-06 0.00995937 0.0075331675 1.0157781e-05 0.0002591273 0.007060729 0.0011638171 0.0010895345 0.0024671876 9.4821124e-05 0.07990067 0.00478515 0.08329068 2.902096e-06 0.0029123258 0.0142247435 6.1549445e-06 0.0001743954 0.0013083688 4.2728857e-06 2.3021961e-07 0.0025475107 0.009262889 1.5447003e-07 7.21915e-07 0.00013744702 2.4615917e-06 1.9895101e-07 7.199405e-07 4.3385575e-05 1.6747181e-06 0.015329509 1.2912272e-06 4.965652e-06 0.0021806199 0.044967026 2.1039614e-06 1.1280214e-06 1.1894855e-06 0.001176934 0.00043495695 7.8344976e-07 9.5480765e-08 0.00026468074 1.9040981e-06 2.1357266e-06 1.549922e-06 1.4255902e-05 8.159948e-05 1.1556332e-06 3.3730862e-07 5.5893934e-06 6.542449e-05 4.2691212e-08 7.2544166e-09 2.3940138e-06 3.5303135e-08 0.0033681095 1.13061205e-05 1.5374886e-07 2.1725593e-07 2.4371036e-07 2.750217e-07 1.621922e-08 2.5022955e-06 1.6505388e-07 2.660459e-07 2.9218983e-05
0.93395734 0.9321177 1.6863765e-13 0.6007616 0.7214497 0.72245973 0.90640086 0.027294587 0.6325604 0.3633993 0.4387903 0.60281926 0.6439742 0.007820808 0.4167718 0.13625915 0.005785971 0.32679743 0.068409145 0.031198757 0.017478937 0.04349853 0.2772697 0.1525009 0.10328084 0.0030719072 0.0045498083 0.024152482 0.00047205263 0.0008584379 0.14667794 0.00058914645 1.3622668e-05 5.637303e-05 0.0046694456 0.012129461 1.3137148e-05 0.00018386112 0.016407983 0.0010372157 0.001529261 0.0067180563 0.0009379784 0.04892334 0.010176907 0.09070609 3.2127307e-05 0.008827153 0.010718964 8.775812e-05 0.00020670821 0.0021993623 8.1842794e-05 9.087453e-06 0.0016434692 0.0205822 4.4308313e-06 2.9544328e-05 0.00011710287 2.5681252e-06 2.772069e-06 1.6976011e-05 0.00011226586 1.3784206e-05 0.01714877 1.1541413e-05 1.8666206e-05 0.008928407 0.035545595 7.3508934e-05 1.3415785e-06 8.810382e-06 0.0017016566 0.0029299946 2.907085e-06 1.7039064e-06 0.0005399052 1.5663602e-05 3.8137769e-06 3.2833963e-05 8.569423e-05 0.00065857556 4.426622e-05 4.5037195e-06 1.609132e-05 0.00039690247 1.6218546e-07 5.772963e-07 1.4321065e-05 7.0483884e-07 0.0070194546 9.337625e-05 2.0902276e-06 2.5503398e-06 2.9830344e-06 1.4537068e-06 1.4165873e-07 2.4319008e-05 9.823167e-07 4.8528714e-06 6.3658736e-05
0.9416612 0.74525195 0.6007616 2.4236355e-16 0.30920643 0.81952405 0.27688625 0.9434893 0.10244719 0.8787112 0.053428054 0.12748829 0.20352702 0.41381282 0.1945621 0.3935198 0.115731195 0.04074103 0.0069832387 0.3203544 0.29582986 0.59200776 0.036760394 0.06979962 0.006154009 0.04579303 0.11300773 0.002726617 4.0439496e-05 0.00013484037 0.009201179 1.8943565e-05 4.5416255e-07 1.2177392e-05 0.05733865 0.0011819755 0.00037410017 0.0045350366 0.00089516345 0.012394103 0.0130871255 0.0006836226 0.00045466938 0.08968595 0.0006984713 0.06304205 7.2248567e-06 0.00077324494 0.025683604 1.6509386e-05 0.001976917 0.0061625605 1.4203034e-05 5.2430653e-07 0.007739075 0.06446874 5.141999e-07 2.6428977e-06 0.0005655827 2.6218868e-05 1.119362e-07 1.0017962e-06 8.381181e-06 2.713205e-06 0.0094285365 3.914971e-06 1.2856947e-05 0.0008669932 0.013138773 1.0760191e-05 1.4554208e-05 6.490711e-07 0.0005394821 0.00053452933 2.9526764e-06 6.3904594e-07 0.0004516449 1.4589407e-05 5.327504e-06 1.1248159e-06 5.378167e-05 0.00015554616 1.4507867e-05 7.8729315e-08 9.032416e-06 0.00012773056 1.6000759e-07 1.6951887e-07 1.1606879e-05 6.538203e-08 0.0086636385 2.284178e-05 7.620101e-07 2.6362736e-07 3.056228e-06 7.293253e-08 2.6909202e-08 1.626282e-06 4.0322866e-06 5.620018e-07 3.613459e-05
0.83154726 0.972485 0.7214497 0.30920643 2.395042e-13 0.20671812 0.32484487 0.035391502 0.5271999 0.069998726 0.23070978 0.2550887 0.9019611 0.008237276 0.76308054 0.56451476 0.0036354077 0.6565355 0.015860338 0.0672628 0.0062726997 0.011092434 0.642964 0.01521725 0.114925005 0.0028945145 0.0016987843 0.021271922 2.4816802e-05 0.00013691143 0.44057474 4.320625e-05 1.0190766e-06 9.405455e-06 0.017798379 0.035574697 3.37735e-06 7.066717e-05 0.029848477 0.0006063522 0.0007421212 0.0093201175 0.0001173665 0.260603 0.021687016 0.2938874 2.2698666e-06 0.018583683 0.06195437 8.500136e-06 0.00020799473 0.00082409923 7.638491e-06 3.261261e-07 0.0061075827 0.0036948589 2.2214621e-07 2.1131368e-06 9.400842e-05 3.139878e-06 1.7605888e-07 6.780018e-07 0.0007965687 1.9116482e-05 0.09110354 8.5430465e-06 2.6293421e-06 0.02649771 0.22570227 4.114843e-05 1.1847532e-06 9.83193e-07 0.016728546 0.011987206 4.155555e-06 1.9561633e-06 0.00076978136 1.1925563e-05 2.9331454e-06 1.3466603e-05 0.0007266618 0.0011842665 0.00019281422 4.354986e-07 1.6366146e-06 0.00053936045 2.981199e-07 2.9307841e-07 6.13303e-06 3.4384584e-08 0.00205495 0.00011537491 6.4078677e-06 3.5794606e-06 2.430782e-06 2.3321822e-06 2.6131783e-08 1.1545222e-05 1.2841746e-06 5.391915e-07 1.7594844e-05
0.9287125 0.50524795 0.72245973 0.81952405 0.20671812 1.071207e-16 0.87500656 0.100164644 0.26312187 0.9681272 0.21119934 0.58556074 0.13802396 0.021394521 0.098345146 0.06256029 0.006631622 0.0706933 0.0449029 0.014883269 0.06610539 0.3443776 0.028371003 0.55307424 0.023372 0.004050907 0.01579452 0.0046806405 0.00033484193 0.0015808925 0.015609236 0.00021838715 1.6180004e-05 0.00013595121 0.0020218324 0.0018566331 3.2074007e-05 0.00036353627 0.0011493097 0.004422186 0.0039456883 0.0009823196 0.0028399907 0.009749936 0.0009118763 0.006901957 0.00012928783 0.0006973265 0.0023885614 7.4772e-05 0.0002281667 0.005253567 0.00020528707 4.4208323e-06 0.0006789304 0.29659575 9.021206e-06 5.8145804e-05 0.00014705412 1.9272468e-06 2.08673e-06 8.525109e-06 5.5809433e-05 1.2822428e-05 0.0022126234 8.772293e-06 4.4654444e-05 0.00078393193 0.0044627734 3.0219348e-05 2.2382424e-07 2.130645e-06 0.00016960404 0.00080500206 4.932291e-07 1.4118566e-06 0.00041436375 4.0034415e-06 4.3321224e-06 7.438671e-07 1.0176057e-05 2.4839013e-05 9.9743065e-06 3.813011e-07 4.471909e-05 4.0263134e-05 5.7628608e-08 2.3940112e-08 5.7420643e-06 2.672844e-07 0.021186015 7.41132e-06 1.7459461e-06 3.9724966e-07 3.724475e-06 4.475028e-07 1.9780283e-07 1.27896255e-05 3.3964554e-06 4.0104765e-06 8.692102e-05
0.9375954 0.46864596 0.90640086 0.27688625 0.32484487 0.87500656 6.4720974e-15 0.017214509 0.55972797 0.5503397 0.47675756 0.9502203 0.20551388 0.005489954 0.10423203 0.038160972 0.0031187253 0.10411507 0.16324033 0.010711264 0.019534426 0.08910985 0.056834996 0.6615883 0.119934894 0.0013216293 0.0043900325 0.027774619 0.0030670466 0.0041508432 0.07683547 0.0018678681 0.000102249454 0.00046967802 0.0013864893 0.007037559 4.857511e-06 0.00022318921 0.009720597 0.0023771478 0.0023324261 0.004596237 0.009972913 0.0126490705 0.005048787 0.019560652 9.015526e-05 0.005039705 0.0023273246 0.00034017832 3.440458e-05 0.0036925585 0.00037018087 3.5632773e-05 0.00040593767 0.12172779 2.3144357e-05 9.328449e-05 9.356532e-05 9.0839484e-07 2.7146698e-06 4.7753503e-05 0.00014863764 1.5974078e-05 0.005361608 9.692808e-06 0.00013079189 0.0026070876 0.008277556 1.5497499e-05 2.8660585e-07 2.7262111e-05 0.00018470928 0.0010125047 2.2585483e-07 7.4081646e-07 0.000376008 6.4843725e-06 1.1537837e-05 1.942319e-05 6.878888e-06 0.00022563516 9.776937e-06 7.4250097e-06 0.00013549288 0.0002378573 4.722198e-08 3.6746806e-07 4.9158857e-06 1.6966793e-06 0.024490714 2.4087587e-05 2.0149046e-06 6.3071516e-06 2.1798014e-06 4.108489e-06 1.9090227e-07 6.4215434e-05 1.3752016e-06 7.3034153e-06 0.0003015085
0.9737803 0.083364986 0.027294587 0.9434893 0.035391502 0.100164644 0.017214509 5.9728515e-14 0.0058267512 0.28622693 0.0022325383 0.023172405 0.026415903 0.94178975 0.024879519 0.30773893 0.5836721 0.005548291 0.0006101412 0.71417767 0.7228858 0.5928959 0.008099984 0.014347895 0.0013308224 0.18150203 0.41375396 0.001652373 3.5090695e-06 3.2136257e-05 0.0048501724 1.7241774e-06 1.9682678e-07 5.9493623e-06 0.23769107 0.00042549774 0.009054598 0.06444048 0.00065155566 0.05798094 0.05754563 0.0005697671 9.822792e-05 0.13902608 0.00032868757 0.089762494 3.3158979e-06 0.0025077153 0.13989314 1.961491e-06 0.040129963 0.0129688885 2.7509477e-06 5.9592253e-08 0.13224669 0.04833011 3.0307547e-07 1.135108e-06 0.0032861813 0.00018397023 7.558037e-08 1.023929e-06 4.417069e-06 4.2884762e-06 0.133519 3.5261614e-06 2.239871e-06 0.0004868266 0.007299284 1.1108481e-05 5.1479605e-05 4.7801296e-07 0.008439833 0.00064984104 0.00063057384 2.4317916e-07 0.0019356151 0.00011975065 3.1697841e-06 5.9811427e-05 6.0619346e-05 8.544778e-05 1.7637483e-05 1.2531024e-07 1.0709373e-05 9.605081e-05 1.5208078e-06 1.14455155e-07 1.3794399e-05 3.9940183e-08 0.007671895 1.3794215e-05 7.921218e-07 3.8421766e-07 4.3449904e-06 2.879689e-07 8.023522e-09 5.098416e-06 3.1676868e-06 4.2994446e-07 5.157605e-06
0.83214307 0.5762743 0.6325604 0.10244719 0.5271999 0.26312187 0.55972797 0.0058267512 1.5898832e-16 0.07666357 0.9885786 0.70331734 0.5710037 0.0007081343 0.34269103 0.030593898 4.905566e-05 0.59302753 0.40314797 0.0004308202 0.0022910656 0.008298553 0.25432256 0.17305227 0.6875064 9.880743e-05 0.000482383 0.17408727 0.009390623 0.0038268697 0.37930304 0.012939182 0.000105187784 0.00016792201 0.00010018699 0.026410677 1.4749364e-07 9.957303e-06 0.02895796 0.00033963387 0.0005156626 0.0280317 0.0021220765 0.010805624 0.015382528 0.0134906685 2.5183797e-05 0.02130746 0.0007305384 6.256479e-05 4.1267012e-06 0.0007917303 4.428117e-05 1.1612836e-05 5.0399285e-05 0.014018581 5.309579e-06 5.0668896e-06 1.8389084e-05 1.0586129e-07 6.4361603e-07 4.6689465e-06 0.0009718952 3.4583798e-05 0.0012454479 1.4080656e-05 2.5456853e-05 0.02588703 0.047464047 7.2802344e-05 6.459566e-08 5.4320353e-06 0.0001510034 0.0077900724 6.285391e-08 8.21532e-06 0.00012795196 1.7418231e-06 7.647857e-06 8.736527e-06 9.125057e-06 0.00019542017 9.003488e-05 4.0486265e-07 6.8663303e-06 0.00022957538 2.155351e-08 1.7777494e-07 3.8036244e-06 1.6268335e-07 0.004952413 2.423101e-05 5.3862796e-06 1.6259837e-05 5.115543e-07 6.278232e-06 3.2305703e-08 2.1717638e-05 1.2510247e-07 3.5162416e-06 0.00013529365
0.9671298 0.24335054 0.3633993 0.8787112 0.069998726 0.9681272 0.5503397 0.28622693 0.07666357 1.2433284e-16 0.07716649 0.35322 0.03316198 0.08346797 0.03261446 0.046321478 0.013252162 0.015206602 0.010882956 0.023565486 0.19316015 0.73980945 0.0081189005 0.5276769 0.006512798 0.011150535 0.06778992 0.0028272988 0.0001238817 0.0004565066 0.002775094 0.00011719784 1.1240582e-05 6.590964e-05 0.0032790722 0.0005903199 0.00042731955 0.0038871304 0.0007392837 0.006433003 0.0068955887 0.0006490377 0.0005609988 0.005077172 0.0008395869 0.0030152057 6.0029037e-05 0.00058120856 0.0028411376 9.434796e-06 0.00063122215 0.0056566847 0.00012959943 3.39402e-06 0.000557468 0.5040425 4.687895e-06 1.4143963e-05 0.0002365209 2.851212e-05 3.158176e-06 5.4020616e-06 7.080515e-06 2.4668723e-06 0.0012586521 4.1227718e-06 3.8041635e-05 0.00014888038 0.0007180504 5.6126078e-06 4.6950895e-06 6.9983355e-07 0.00010665713 0.00019735807 8.774891e-07 4.5720063e-07 0.00021282773 8.2757115e-06 1.5807425e-05 9.77242e-07 1.06718735e-05 6.8348536e-06 4.0525647e-06 3.0255592e-07 8.1261736e-05 1.725407e-05 3.6686157e-07 5.548954e-08 1.39899985e-05 3.3822604e-07 0.05420955 7.322979e-06 3.4164311e-06 2.5234235e-07 4.1754806e-06 1.117268e-06 3.164898e-07 9.784128e-06 2.4990045e-06 1.977194e-06 6.884779e-05
0.8211787 0.31219506 0.4387903 0.053428054 0.23070978 0.21119934 0.47675756 0.0022325383 0.9885786 0.07716649 4.051736e-18 0.7396298 0.31525472 0.00043310775 0.16527557 0.010148065 3.340861e-05 0.51442987 0.8341429 3.8265374e-05 0.0017443916 0.00418382 0.1343211 0.4054541 0.7646354 1.7476994e-05 0.00045761964 0.23296386 0.05672193 0.025683697 0.17302576 0.076365486 0.004387187 0.0012480483 4.492215e-06 0.026157986 4.4358153e-08 7.440573e-07 0.016575681 0.00014192493 0.00029867693 0.021078166 0.009453044 0.0028362253 0.010236464 0.0031649256 0.0002679678 0.008964527 0.000294587 0.0001750324 5.637593e-07 0.0007842781 0.00018180418 0.00031665724 3.2719716e-05 0.025853686 3.2572232e-05 4.1485524e-05 2.48775e-06 1.5411533e-08 7.123178e-06 3.4968645e-05 0.001113554 4.661345e-05 0.00012449604 5.517481e-05 5.577719e-05 0.00639797 0.013536703 6.831208e-05 9.576628e-10 2.352519e-06 3.215891e-05 0.0017196485 1.110651e-07 1.4546021e-05 5.7674228e-05 1.1182976e-06 7.4076456e-06 2.2914578e-06 1.461749e-06 3.3069085e-05 2.1261196e-05 1.3959458e-06 9.670145e-05 2.7201679e-05 5.9269073e-08 1.4758159e-07 2.8304535e-07 2.887557e-07 0.012623131 8.529621e-06 5.368418e-06 7.4882782e-06 5.458502e-07 2.9594762e-06 1.322108e-07 1.45081e-05 2.7092503e-07 3.90529e-06 0.00019901525
0.98495865 0.31648687 0.60281926 0.12748829 0.2550887 0.58556074 0.9502203 0.023172405 0.70331734 0.35322 0.7396298 4.74755e-15 0.19294299 0.0071550515 0.1341611 0.04598636 0.0035307736 0.19753373 0.41273326 0.010773223 0.023556331 0.053391334 0.12379176 0.8599345 0.30660042 0.0013301187 0.003307442 0.12070266 0.016731825 0.011629623 0.2613142 0.012531074 0.0009406488 0.001976995 0.0016091283 0.022302842 2.5300274e-06 2.4086852e-05 0.051895004 0.0013027174 0.0022866388 0.015449171 0.024491737 0.02546593 0.023829466 0.029991245 0.00040692586 0.0251169 0.0032558246 0.0008069802 3.2738568e-05 0.0022894386 0.00078999746 0.0003806176 0.0013383769 0.20245853 0.0003654976 0.00025134147 0.00012804643 2.7049734e-06 3.385452e-05 0.00015404454 0.0009942118 0.00016377309 0.017086916 4.575596e-05 0.00031146026 0.008098976 0.01087837 0.00018650947 3.4155173e-07 8.140174e-05 0.00083229045 0.0023689305 1.9504418e-05 1.267592e-05 0.000886165 8.078337e-05 2.6296244e-05 0.0005132779 2.1021233e-05 0.00057326345 6.5692075e-05 3.1903903e-05 0.00070503587 0.0007167392 4.1726406e-07 6.972125e-06 1.1545542e-05 1.5680014e-05 0.07114539 0.00014503945 2.9198927e-05 1.5433354e-05 8.499302e-06 1.4929305e-05 9.205615e-07 0.00013037483 5.0066074e-06 4.324917e-05 0.0004698196
0.82882357 0.6847074 0.6439742 0.20352702 0.9019611 0.13802396 0.20551388 0.026415903 0.5710037 0.03316198 0.31525472 0.19294299 4.7312987e-14 0.004680797 0.9468573 0.65456015 0.0015289831 0.8939643 0.016661715 0.048410304 0.0037298836 0.0035202499 0.82800615 0.0067563565 0.21677671 0.0013658144 0.0009804828 0.04054128 4.4206485e-05 0.00016663352 0.70072955 4.598514e-05 2.8604295e-06 1.1841438e-05 0.01689761 0.19867834 3.6797323e-06 5.3607415e-05 0.13938259 0.00028993495 0.0008171898 0.02619489 0.00011598619 0.51945037 0.10561787 0.5730499 1.0104824e-05 0.0523423 0.11605575 1.9243147e-05 0.0001413615 0.00033592957 3.7278354e-05 1.2083025e-06 0.009855838 0.0028458575 5.007264e-07 5.5321307e-06 2.8778304e-05 6.701246e-07 4.6509058e-07 8.874302e-06 0.013546473 0.0003407267 0.26350656 3.3931872e-05 1.0679826e-05 0.3847283 0.5775023 0.0006363003 7.973135e-07 2.5798784e-06 0.09191251 0.17621948 2.0796668e-05 2.1569037e-06 0.008093266 5.3244537e-05 8.239062e-06 0.0003121585 0.008344077 0.0055306875 0.004809964 1.2565987e-06 9.523405e-06 0.0022660168 6.1419945e-07 6.67428e-07 1.4471787e-05 6.963785e-08 0.0021038752 0.0007945581 1.6147309e-05 1.6149172e-05 2.3793966e-06 9.139148e-06 8.544829e-08 2.5786449e-05 2.9093094e-06 2.8815955e-07 5.4654247e-05
0.94070596 0.014737873 0.007820808 0.41381282 0.008237276 0.021394521 0.005489954 0.94178975 0.0007081343 0.08346797 0.00043310775 0.0071550515 0.004680797 2.269936e-15 0.0069952463 0.07384146 0.952259 0.0006216025 6.477509e-05 0.32827228 0.83623654 0.3876277 0.0006418752 0.0047287405 5.5753626e-05 0.5315277 0.8340707 3.5650617e-05 6.1797477e-06 3.948904e-05 0.00015401178 2.7572514e-06 4.887252e-07 9.409636e-06 0.0874393 5.9078426e-05 0.27917013 0.5399116 4.443015e-05 0.22245376 0.24680397 1.7247421e-05 4.6366673e-05 0.006822539 4.1597756e-05 0.0012972357 1.8652671e-06 2.8859547e-05 0.00849974 3.4513548e-07 0.049916346 0.03656437 2.2451234e-06 5.0303505e-08 0.009547974 0.07235551 1.6046465e-07 6.217543e-07 0.013778117 0.0016726073 1.7443549e-08 1.337349e-06 1.4510059e-06 5.799246e-07 0.0033819934 5.7041743e-06 2.836749e-06 5.430823e-06 0.00021564451 6.007233e-07 0.00034884055 1.3562887e-06 0.00014852868 9.377342e-06 0.00034349322 3.299864e-07 0.0005831624 8.537609e-05 2.0053578e-06 6.548915e-07 7.662466e-06 3.8851153e-06 1.6810804e-06 1.05675085e-07 1.6244801e-05 7.802627e-06 6.5160934e-06 1.350357e-08 5.7265433e-06 7.941327e-08 0.005098263 3.078839e-06 7.838593e-07 5.544593e-07 4.574071e-06 6.466371e-08 1.7078222e-08 2.055825e-06 1.184903e-05 3.671325e-07 1.8894011e-06
0.56198907 0.54118794 0.4167718 0.1945621 0.76308054 0.098345146 0.10423203 0.024879519 0.34269103 0.03261446 0.16527557 0.1341611 0.9468573 0.0069952463 6.4535054e-16 0.9288621 0.0023069163 0.8864305 0.0038644907 0.042384338 0.0065067294 0.0073932633 0.9390532 0.005544895 0.060906176 0.005043456 0.0023036976 0.0028737208 7.940578e-06 7.703443e-05 0.45733285 7.647004e-06 6.967376e-07 9.742806e-06 0.048071127 0.08474251 5.726069e-06 4.9830596e-05 0.036378495 0.00065349403 0.0014770234 0.0036774648 0.000100166064 0.41658857 0.036785446 0.3291284 4.2712645e-06 0.0040347143 0.06278938 8.787198e-06 0.0002272533 0.0006435267 7.376811e-06 6.727117e-08 0.003382864 0.0032947813 5.7247803e-08 1.0030391e-06 4.605365e-05 1.0442944e-06 6.148708e-08 3.8167914e-07 0.0009163065 1.3247233e-05 0.06438546 8.67542e-06 2.261578e-06 0.04244339 0.29650497 1.01588175e-05 5.576123e-07 2.545678e-07 0.012113417 0.018777668 2.8393172e-06 4.612468e-07 0.0015072162 4.6079087e-05 5.4228815e-07 5.63472e-06 0.001245148 0.0012308036 0.000264656 1.7216928e-08 6.087047e-07 0.00029524486 4.1644074e-07 2.0005727e-08 2.1229405e-05 1.0715711e-08 0.0007119256 0.00023435865 3.0710328e-06 4.3206237e-06 4.1249777e-06 4.230693e-07 6.068927e-09 2.6104287e-06 1.2189481e-06 4.1730445e-08 1.3586677e-05
0.75946605 0.43698168 0.13625915 0.3935198 0.56451476 0.06256029 0.038160972 0.30773893 0.030593898 0.046321478 0.010148065 0.04598636 0.65456015 0.07384146 0.9288621 3.0754704e-17 0.092771925 0.24378821 3.222283e-05 0.9660273 0.034541324 0.02777902 0.5264759 0.0041513406 0.00030102726 0.3665061 0.009875812 2.0872767e-05 3.8636057e-07 1.4387025e-06 0.07693178 1.0893685e-07 3.8808254e-09 6.6546664e-07 0.7942083 0.008758072 5.1290204e-05 0.0016902984 0.0025654193 0.0044460976 0.008629064 0.00010193614 2.0059479e-05 0.7678759 0.0069383113 0.57884884 1.9122178e-08 0.00016811574 0.50448126 1.3656904e-07 0.00695877 0.0013361094 4.4468532e-08 2.2928302e-10 0.059456054 0.0036302581 2.5885358e-10 1.8671768e-08 0.00019022451 3.4677842e-06 2.513402e-10 1.3099647e-08 3.6662903e-05 7.747715e-07 0.121631615 1.9002712e-07 1.9684968e-07 0.002509829 0.1885555 1.0750185e-06 8.183112e-06 2.322906e-08 0.019468073 0.00078793394 5.769141e-06 2.9272574e-08 0.0065286714 0.00017646121 3.0534487e-08 7.2683115e-08 0.0017062759 0.00044469198 5.827562e-06 1.0914722e-09 1.9792152e-07 3.8273076e-05 6.623907e-07 2.280084e-09 3.2783744e-05 1.9866129e-09 0.001329001 0.00024052364 4.1927425e-08 1.13688635e-07 3.4765194e-06 1.9797296e-08 5.381417e-10 8.396336e-09 1.3461655e-06 3.5207761e-09 1.2576315e-05
0.90923095 0.005798367 0.005785971 0.115731195 0.0036354077 0.006631622 0.0031187253 0.5836721 4.905566e-05 0.013252162 3.340861e-05 0.0035307736 0.0015289831 0.952259 0.0023069163 0.092771925 9.460026e-13 9.75539e-05 1.066224e-05 0.49477193 0.40416187 0.07416057 0.00012788034 0.0012586353 5.636461e-06 0.9810303 0.5375084 8.192068e-06 9.4506504e-07 1.752779e-05 6.1375395e-05 4.767273e-07 6.3642375e-08 8.219027e-06 0.17851005 5.1395433e-05 0.28769806 0.5605842 5.7737238e-05 0.11437988 0.4024312 9.870116e-06 1.1322619e-05 0.009314578 8.621459e-05 0.0023072825 3.1911568e-07 1.9740748e-05 0.0130595965 3.913192e-07 0.19015157 0.020788722 8.4837166e-07 1.407772e-08 0.065531224 0.017875683 2.0353006e-08 1.4225046e-07 0.015584655 0.0018032034 2.4401663e-09 1.0046215e-06 4.358449e-06 1.2781961e-06 0.022925995 6.4575863e-07 2.3575858e-06 1.9638672e-05 0.00078186224 5.5459545e-06 0.0006553911 3.6736524e-06 0.0007748661 1.5087031e-05 0.02074748 2.4197018e-07 0.0015903101 0.00060014444 9.995612e-07 4.034829e-06 1.141827e-05 8.611536e-06 2.7831495e-06 2.1882836e-07 8.607225e-06 1.1242598e-05 6.9059664e-05 4.6430856e-08 4.7170947e-06 6.831125e-08 0.005098159 4.850276e-06 3.48571e-07 8.27751e-08 4.8050692e-06 1.3536857e-07 5.595772e-08 5.338507e-07 8.644614e-06 8.550416e-09 3.9965732e-07
0.605376 0.3717706 0.32679743 0.04074103 0.6565355 0.0706933 0.10411507 0.005548291 0.59302753 0.015206602 0.51442987 0.19753373 0.8939643 0.0006216025 0.8864305 0.24378821 9.75539e-05 1.7516016e-17 0.055310287 0.0009275857 0.0016351598 0.001459572 0.975641 0.01602888 0.6789614 0.00012896323 0.00054030283 0.13342056 0.00045391725 0.0004622469 0.9056561 0.0007643497 7.410868e-06 3.3672757e-05 0.00053704635 0.38263133 5.760924e-07 5.511151e-06 0.23811163 0.00015384193 0.00039524352 0.08112009 0.00043858268 0.11238722 0.17098145 0.13043 2.8338003e-05 0.022246143 0.005794287 2.5274408e-05 1.3176423e-05 0.00028392227 4.2430172e-05 9.612838e-06 0.00017470737 0.0026160649 1.3775013e-06 3.3858832e-06 1.2805449e-06 8.408424e-08 5.2347866e-07 8.13979e-06 0.0043143798 7.853881e-05 0.0052194116 2.3070248e-05 1.72636e-05 0.08159649 0.17956866 7.873297e-05 9.119497e-08 1.4187782e-06 0.0010417381 0.028978312 2.5591194e-07 1.7550727e-06 0.00030686468 1.5200779e-05 2.1428245e-06 1.5979944e-05 7.039274e-05 0.001614821 0.0005900599 1.03382575e-07 8.110585e-06 0.00065533083 4.2771723e-07 2.0456112e-07 6.3792468e-06 5.5953667e-08 0.0012999189 4.0930234e-05 1.4667644e-05 3.5175413e-05 1.6075008e-06 3.0789622e-06 3.857132e-08 2.5378763e-06 5.1449325e-07 4.632232e-08 4.5697696e-05
0.964744 0.024818022 0.068409145 0.0069832387 0.015860338 0.0449029 0.16324033 0.0006101412 0.40314797 0.010882956 0.8341429 0.41273326 0.016661715 6.477509e-05 0.0038644907 3.222283e-05 1.066224e-05 0.055310287 1.1145465e-16 2.524271e-05 0.0015149981 0.0021968863 0.006386376 0.84117186 0.82285607 3.9934057e-06 0.00034593116 0.6714956 0.86250967 0.89827377 0.05702095 0.7591802 0.7805755 0.2278807 1.5307096e-06 0.0055264384 1.8994848e-07 1.1989486e-06 0.009532271 0.00052226946 0.00069086335 0.06720533 0.2837316 0.00017688767 0.0077668545 0.00021074676 0.035862505 0.027225288 3.9403913e-05 0.013049911 6.2472516e-08 0.000864332 0.011012139 0.018917339 4.1972476e-06 0.10814359 0.007818693 0.0028415672 5.186286e-06 8.911198e-07 0.0009371446 0.0012797508 0.0011256154 0.0007175479 9.502812e-06 0.000429124 0.0009178729 0.003665817 0.0020489392 0.00023006831 6.394791e-08 9.354605e-05 2.196527e-06 0.0004024277 1.0863288e-07 4.0622483e-05 7.880005e-07 1.9747365e-08 1.9511057e-05 1.637068e-05 5.0981896e-07 0.00012593389 2.1263812e-05 6.666265e-05 0.00047937044 0.00063016237 1.8199422e-07 3.2249498e-06 1.0533092e-06 1.586374e-05 0.16656339 1.31192455e-05 0.00016413663 1.1463109e-06 4.8198288e-08 2.228576e-06 2.6823038e-06 1.9767613e-05 9.018444e-08 2.9854566e-06 0.0013789258
0.9556405 0.06822034 0.031198757 0.3203544 0.0672628 0.014883269 0.010711264 0.71417767 0.0004308202 0.023565486 3.8265374e-05 0.010773223 0.048410304 0.32827228 0.042384338 0.9660273 0.49477193 0.0009275857 2.524271e-05 2.4540505e-14 0.19006461 0.049929615 0.0042297803 0.0015044962 9.489905e-06 0.875308 0.06282259 8.899583e-06 4.334294e-07 3.5771195e-06 0.00035600574 1.0943021e-07 4.3564288e-08 3.1464965e-06 0.89733183 0.00020905529 0.0038540435 0.04794249 0.00017924077 0.024934663 0.09584139 4.2812822e-05 2.0024921e-05 0.587388 0.00015655636 0.44889507 1.9478594e-07 0.00018903113 0.6469434 2.5449643e-07 0.20934696 0.005906916 1.7220236e-07 4.2470614e-09 0.608357 0.00464486 4.20149e-09 4.7259192e-08 0.0045505418 0.00031263815 2.053627e-09 1.239749e-07 5.08489e-05 2.1220328e-06 0.60608596 6.3799766e-06 4.6015762e-07 0.0026185384 0.15701607 2.1533635e-05 0.00022115391 2.1179679e-07 0.20034203 0.0012347897 0.072912335 1.6931136e-06 0.08915667 0.004477788 2.7865303e-06 1.8821544e-05 0.0077226674 0.00035233962 2.4377849e-05 2.5519771e-08 2.3975872e-06 0.000119360484 0.00013269912 4.854762e-07 0.00012271666 1.9782687e-08 0.003959424 0.00011748252 2.267984e-06 9.442173e-07 4.16728e-05 2.8593304e-06 5.364478e-09 7.352681e-07 6.0704562e-05 2.7811248e-08 5.3131853e-06
0.9634851 0.017868415 0.017478937 0.29582986 0.0062726997 0.06610539 0.019534426 0.7228858 0.0022910656 0.19316015 0.0017443916 0.023556331 0.0037298836 0.83623654 0.0065067294 0.034541324 0.40416187 0.0016351598 0.0015149981 0.19006461 1.2644746e-16 0.9522699 0.0017357517 0.0109586725 0.0016635414 0.108686686 0.94551736 0.002222333 0.00012484832 0.00025930605 0.0010868574 5.9541555e-05 2.9692734e-05 5.4164215e-05 0.09723785 0.0002263317 0.05663264 0.16055691 0.00020366716 0.18089958 0.10379627 0.00050565624 0.00034019555 0.02540404 0.00010948173 0.013753856 3.249197e-05 0.0014720677 0.0354714 1.0043451e-05 0.057038467 0.017034054 7.836837e-05 2.0370262e-05 0.038674254 0.2531811 4.5278168e-05 2.4703602e-05 0.002001405 0.0011009183 3.959646e-06 3.1522059e-06 2.2330469e-05 5.852993e-06 0.036140822 6.602329e-06 8.881041e-06 0.00040658005 0.002607151 1.4546783e-05 8.266361e-05 4.1893713e-07 0.0014566461 0.00031960744 0.0011227926 5.462251e-07 0.0007201942 0.000115916744 2.5204617e-06 2.867899e-05 2.8301001e-05 4.255138e-05 3.6613758e-06 3.5992267e-07 6.7814767e-06 3.6184727e-05 1.0232847e-06 7.4520656e-08 8.729148e-06 3.200425e-07 0.010833283 2.0903884e-05 1.0492698e-06 2.6289447e-07 5.23183e-06 3.1126174e-07 1.5855049e-08 4.8171455e-06 6.7779915e-06 8.3233476e-07 2.9360165e-06
0.9883526 0.05370934 0.04349853 0.59200776 0.011092434 0.3443776 0.08910985 0.5928959 0.008298553 0.73980945 0.00418382 0.053391334 0.0035202499 0.3876277 0.0073932633 0.02777902 0.07416057 0.001459572 0.0021968863 0.049929615 0.9522699 4.2112435e-18 0.0014033996 0.1042678 0.0013038217 0.03651272 0.740761 0.00062120246 0.00019622226 0.00080385094 0.00035011306 4.5386856e-05 1.4520476e-05 0.00048097112 0.017733505 0.00052543613 0.009096897 0.057980258 0.00055091886 0.13912849 0.050478797 0.00014421437 0.0064315433 0.008216183 0.0004263355 0.0035284152 0.00013140752 0.0001105284 0.0062523424 0.00020050423 0.0036536083 0.032379165 0.00037949707 1.7785007e-05 0.0015684254 0.8477187 1.0489852e-05 0.00012418062 0.00073147676 0.00024500664 2.6867367e-05 3.2044795e-06 5.2242167e-06 1.1869993e-06 0.00225729 8.293029e-06 0.0003610004 0.00016628792 0.001575962 6.77053e-06 4.212709e-05 2.180841e-06 0.00022231122 0.00046154828 2.4611725e-05 4.683686e-06 0.0005533458 2.6548476e-05 5.041888e-06 5.3527765e-05 4.1103172e-05 3.6847985e-05 5.1508655e-06 6.571369e-07 2.9788882e-05 8.93459e-05 3.0735434e-06 1.01388586e-07 9.242148e-05 2.0949694e-06 0.08205068 2.3459019e-05 1.910857e-05 5.839153e-07 1.3286746e-05 1.9927736e-06 6.7282184e-07 5.8071495e-05 4.630084e-05 1.0960295e-05 6.0523515e-05
0.5675562 0.3350866 0.2772697 0.036760394 0.642964 0.028371003 0.056834996 0.008099984 0.25432256 0.0081189005 0.1343211 0.12379176 0.82800615 0.0006418752 0.9390532 0.5264759 0.00012788034 0.975641 0.006386376 0.0042297803 0.0017357517 0.0014033996 5.6472123e-17 0.0077980338 0.21693434 0.0002789397 0.00055981614 0.011369007 1.7699558e-05 0.00010569086 0.89524686 8.971462e-06 6.737953e-07 1.4512585e-05 0.0050777355 0.3836748 1.1253277e-06 4.2655774e-06 0.22786301 0.00020220771 0.00057539594 0.03168376 0.00017487541 0.3686478 0.17945611 0.3607484 3.1232967e-06 0.016116079 0.024672225 1.2224645e-05 2.4496145e-05 0.00041790766 6.8943086e-06 6.944291e-07 0.00046273734 0.001683793 6.8414e-08 1.0185578e-06 4.357003e-06 7.480547e-08 3.8219724e-08 8.0651347e-07 0.004271006 5.0899896e-05 0.023286745 5.5177616e-06 5.2796468e-06 0.121921726 0.3263345 8.320539e-05 2.5020125e-07 7.9186054e-07 0.0075564845 0.076424964 1.8099931e-07 1.3673076e-07 0.00051117194 2.0976913e-05 3.6669823e-07 1.7973709e-05 0.0009664627 0.0054202043 0.0043758648 1.4822513e-08 5.553208e-07 0.00263669 1.9312549e-07 1.4280694e-07 1.5255458e-05 2.2300085e-08 0.00071427727 0.00027653546 5.553534e-06 2.221263e-05 1.3181053e-06 1.1640806e-06 7.979889e-09 2.8011218e-07 6.348401e-07 1.1541583e-08 1.4617764e-05
0.99586105 0.036435395 0.1525009 0.06979962 0.01521725 0.55307424 0.6615883 0.014347895 0.17305227 0.5276769 0.4054541 0.8599345 0.0067563565 0.0047287405 0.005544895 0.0041513406 0.0012586353 0.01602888 0.84117186 0.0015044962 0.0109586725 0.1042678 0.0077980338 7.8217706e-16 0.10566374 0.0014187458 0.0038110414 0.047045693 0.10761681 0.22544168 0.010815646 0.07058662 0.021463482 0.095849045 0.00033328877 0.0040621343 0.0001580977 0.0010034515 0.005517781 0.003175415 0.0020289985 0.006417525 0.45275915 0.0016457387 0.0050985045 0.0021065746 0.010923461 0.004183529 0.0012946837 0.018410223 7.9977486e-05 0.00160165 0.015951937 0.003710675 0.00031596192 0.819131 0.002904609 0.0074516116 0.00011548179 3.4415047e-05 0.0027023104 0.0012932878 0.0008914236 0.0003590081 0.0005812247 0.00052627287 0.0038282948 0.0027605365 0.0016259232 0.0002867181 1.4144281e-06 0.0003490312 0.00022518459 0.0008694279 1.3697306e-06 4.750427e-05 0.00015342773 1.4728063e-06 2.3657582e-05 0.00029469124 3.2352367e-05 0.00022499311 0.0001322549 0.00053185824 0.0016287245 0.00023503596 1.4230332e-06 3.5271235e-06 2.665048e-05 0.00027445986 0.31404424 3.3081862e-05 7.956477e-05 5.061688e-06 2.7045246e-06 4.897869e-06 7.195115e-05 0.0001844952 2.072194e-06 4.772491e-05 0.0016771572
0.90859056 0.066959925 0.10328084 0.006154009 0.114925005 0.023372 0.119934894 0.0013308224 0.6875064 0.006512798 0.7646354 0.30660042 0.21677671 5.5753626e-05 0.060906176 0.00030102726 5.636461e-06 0.6789614 0.82285607 9.489905e-06 0.0016635414 0.0013038217 0.21693434 0.10566374 4.696228e-17 2.4502485e-06 0.00035575643 0.9802718 0.321882 0.037368737 0.722345 0.32711264 0.044818074 0.009321554 2.2955587e-06 0.21660809 8.1365215e-08 1.0378964e-06 0.1969609 0.00019171352 0.0004282383 0.37820002 0.023649722 0.0019181841 0.10348662 0.004872672 0.00061812776 0.32862332 0.00020140651 0.0008977514 1.0120697e-07 0.0004467012 0.00025961435 0.004923754 4.617494e-05 0.006873345 0.001012414 0.000117677635 2.3033613e-06 6.772512e-08 2.765977e-06 0.00014775517 0.05454459 0.011227303 5.352042e-05 0.00057774666 0.00036538485 0.12529556 0.041839708 0.0057639885 1.3387525e-08 7.606879e-05 4.5825967e-05 0.0224748 4.8400195e-09 3.5138817e-06 1.1902633e-05 2.8239666e-07 6.1717788e-06 0.00065752276 6.8031926e-07 0.0005238948 0.0012912785 3.5146757e-06 7.3211806e-05 0.00015073664 3.0302802e-09 5.177635e-07 2.0899554e-07 8.225099e-07 0.012151361 1.9860533e-06 2.7825577e-06 2.6331429e-05 1.5263016e-08 8.767008e-06 6.189172e-08 6.1254027e-06 1.0090604e-08 8.474159e-07 0.00042028798
0.80218416 0.0048485165 0.0030719072 0.04579303 0.0028945145 0.004050907 0.0013216293 0.18150203 9.880743e-05 0.011150535 1.7476994e-05 0.0013301187 0.0013658144 0.5315277 0.005043456 0.3665061 0.9810303 0.00012896323 3.9934057e-06 0.875308 0.108686686 0.03651272 0.0002789397 0.0014187458 2.4502485e-06 2.0303073e-15 0.20256643 9.189396e-07 9.177815e-06 4.83724e-06 8.288882e-05 7.754167e-07 3.922649e-07 6.3459647e-06 0.78272176 0.00019428978 0.7543569 0.8406372 0.00016276553 0.06344777 0.29036817 6.2046856e-06 6.289946e-05 0.046023577 0.00015280086 0.005059541 8.8494296e-08 6.930771e-06 0.08357666 2.0234668e-07 0.8312004 0.01817172 9.485919e-07 8.629371e-09 0.102944404 0.008082437 7.349077e-09 4.968411e-07 0.014407677 0.0028098056 3.1706286e-09 2.5004272e-08 6.190524e-06 1.2116674e-06 0.02620249 1.8084936e-07 2.056229e-06 3.3010696e-05 0.0018504286 1.8844163e-06 0.0015770285 7.502255e-07 0.00079295976 1.0668365e-05 0.022061896 1.7351739e-07 0.0025646829 0.0013634159 1.795387e-07 5.348829e-08 5.9174457e-05 1.2900893e-05 1.1634723e-06 8.094002e-08 2.2998297e-06 2.8406106e-05 0.0003753114 1.46204036e-08 1.983153e-05 1.5393526e-08 0.003274519 1.0375129e-05 3.9038397e-07 4.4280892e-08 1.9975634e-05 6.693827e-08 2.5689232e-08 5.0040035e-07 3.6688507e-05 1.8884794e-09 1.3747331e-05
0.929386 0.0047829393 0.0045498083 0.11300773 0.0016987843 0.01579452 0.0043900325 0.41375396 0.000482383 0.06778992 0.00045761964 0.003307442 0.0009804828 0.8340707 0.0023036976 0.009875812 0.5375084 0.00054030283 0.00034593116 0.06282259 0.94551736 0.740761 0.00055981614 0.0038110414 0.00035575643 0.20256643 2.6519884e-18 0.00023793896 7.988159e-05 0.00020112148 0.0002599012 8.64649e-05 1.6371789e-05 4.728893e-05 0.06700977 5.0986324e-05 0.6639101 0.6420716 3.6005178e-05 0.9228212 0.63806725 4.0263676e-05 0.00019681167 0.0027430037 2.2468123e-05 0.0009594315 1.6158676e-05 5.2911622e-05 0.0047935247 7.0769174e-06 0.13406421 0.29574066 7.156566e-05 5.193329e-06 0.009604688 0.38228396 4.2369015e-06 5.905077e-05 0.015896173 0.004675158 2.2070806e-06 1.193051e-07 7.911524e-07 2.3570901e-07 0.002149618 6.1264363e-06 6.025229e-06 5.477339e-06 3.857634e-05 3.0806977e-08 0.0002243283 5.1053905e-07 4.9724025e-05 9.762188e-06 0.0013651144 1.9222126e-07 0.00021236422 4.9719096e-05 1.1791263e-06 4.9930304e-07 2.4670721e-06 1.9912516e-06 8.607705e-07 2.5852142e-07 6.0745588e-06 2.4389185e-06 8.1494017e-07 8.571874e-09 1.424414e-06 3.598631e-08 0.012440389 5.0152454e-07 1.15653215e-07 1.5429073e-07 1.4344184e-06 8.129169e-08 4.484268e-09 1.7958229e-06 2.505168e-06 6.951178e-08 3.5699625e-06
0.9099374 0.010032051 0.024152482 0.002726617 0.021271922 0.0046806405 0.027774619 0.001652373 0.17408727 0.0028272988 0.23296386 0.12070266 0.04054128 3.5650617e-05 0.0028737208 2.0872767e-05 8.192068e-06 0.13342056 0.6714956 8.899583e-06 0.002222333 0.00062120246 0.011369007 0.047045693 0.9802718 9.189396e-07 0.00023793896 2.5221055e-16 0.56573755 0.042959545 0.6226906 0.61536694 0.38870493 0.018738983 8.6511415e-07 0.32617742 2.3379698e-08 1.3464638e-07 0.37879685 0.00027005354 0.0010434099 0.85132027 0.030354608 0.0005274838 0.20478128 0.0008474531 0.005391113 0.6349298 0.00012035734 0.0015565329 5.7788213e-08 0.00021190681 0.000656886 0.21325295 2.6735785e-05 0.0035822508 0.10245638 0.00027894342 2.5416257e-06 1.7981279e-08 9.971795e-06 0.00019790011 0.24460365 0.13290885 5.8072546e-05 0.01038252 0.0003981374 0.2844128 0.02641826 0.099501655 1.324365e-08 0.00017123659 2.109399e-05 0.038045175 3.3789252e-08 6.1778446e-06 2.4302117e-06 2.0585705e-07 1.258715e-05 0.017670527 3.9078216e-07 0.0008009988 0.0051612854 4.398326e-06 5.219518e-05 0.0002205103 1.2354733e-08 0.00053157046 2.2430375e-07 2.64374e-06 0.013203618 1.505055e-06 0.00020393227 0.00033269683 3.0198212e-08 0.00046600588 3.713103e-07 2.2895072e-06 2.2613794e-08 1.5649977e-06 0.00035830156
0.79097027 3.2408723e-05 0.00047205263 4.0439496e-05 2.4816802e-05 0.00033484193 0.0030670466 3.5090695e-06 0.009390623 0.0001238817 0.05672193 0.016731825 4.4206485e-05 6.1797477e-06 7.940578e-06 3.8636057e-07 9.4506504e-07 0.00045391725 0.86250967 4.334294e-07 0.00012484832 0.00019622226 1.7699558e-05 0.10761681 0.321882 9.177815e-06 7.988159e-05 0.56573755 6.4543853e-18 0.7181078 0.0021769358 0.9878116 0.9492513 0.24680568 5.262005e-07 0.00050892035 1.024509e-08 1.1847447e-07 0.0009631912 4.3565025e-05 0.00017885436 0.061352104 0.14478253 3.032067e-05 0.00080825255 2.3862945e-05 0.2868762 0.054725274 2.7844704e-05 0.013974471 2.4425983e-08 0.00027066306 0.02606319 0.23710829 1.4691548e-06 0.009981044 0.18212214 0.0040807878 2.467063e-06 6.45088e-10 0.0011656248 0.020271042 0.018904632 0.024610633 1.6621069e-06 0.01773205 0.0009736574 0.0093230875 0.0001614878 0.0074568796 1.7698534e-10 0.00011729555 5.5622318e-06 0.0016682616 4.616653e-09 0.0005488381 1.8921526e-06 1.2591964e-07 0.00021764218 0.0015702887 9.7498e-07 1.4520531e-05 9.354012e-06 8.026417e-05 0.0005537494 1.7843942e-05 5.978588e-09 6.7346824e-05 6.895693e-07 9.221352e-05 0.02057919 6.2263452e-06 4.8724858e-05 2.7925547e-05 3.6116563e-07 0.0002834488 3.4213906e-06 0.000449953 4.931314e-08 8.636435e-05 0.00089513615
0.86926144 0.00015198685 0.0008584379 0.00013484037 0.00013691143 0.0015808925 0.0041508432 3.2136257e-05 0.0038268697 0.0004565066 0.025683697 0.011629623 0.00016663352 3.948904e-05 7.703443e-05 1.4387025e-06 1.752779e-05 0.0004622469 0.89827377 3.5771195e-06 0.00025930605 0.00080385094 0.00010569086 0.22544168 0.037368737 4.83724e-06 0.00020112148 0.042959545 0.7181078 2.6669476e-14 0.00052555243 0.6361361 0.8721031 0.97580904 9.261143e-07 0.0005409094 8.172821e-07 5.291144e-06 0.000728937 0.0010731969 0.0004445644 0.0020356164 0.55084157 5.3045023e-06 0.0005079458 9.420178e-06 0.33672434 0.0010279395 4.849582e-06 0.11355842 8.8783855e-07 0.00082972745 0.14422117 0.060861293 1.7264775e-06 0.08135897 0.041418795 0.041884933 7.2047e-07 1.7503941e-06 0.023045667 0.01271618 0.00023190792 0.000847793 7.848029e-06 0.00304612 0.0069610244 0.0011759405 0.00017582692 0.00016575403 3.5109855e-07 0.0031152058 1.7342642e-05 0.00018410977 4.569508e-07 0.0013731784 1.7399248e-05 2.3846087e-07 7.725108e-05 7.7581775e-05 7.0880083e-06 1.7311213e-05 1.89302e-05 0.0021439283 0.0017194533 1.545598e-05 6.652522e-07 3.011836e-05 3.5013777e-06 0.0013104897 0.111700475 1.0919585e-05 7.112355e-05 3.161895e-06 4.4223054e-07 1.2539705e-05 0.00017009646 0.0026193603 1.2012724e-07 0.00071173377 0.0022878344
0.90765935 0.14888039 0.14667794 0.009201179 0.44057474 0.015609236 0.07683547 0.0048501724 0.37930304 0.002775094 0.17302576 0.2613142 0.70072955 0.00015401178 0.45733285 0.07693178 6.1375395e-05 0.9056561 0.05702095 0.00035600574 0.0010868574 0.00035011306 0.89524686 0.010815646 0.722345 8.288882e-05 0.0002599012 0.6226906 0.0021769358 0.00052555243 1.780097e-15 0.0012997893 5.7701895e-05 7.216349e-05 0.00018359235 0.9387331 2.3744785e-07 6.4398375e-07 0.8920276 6.268274e-05 0.00027858425 0.7636562 0.00049355236 0.305294 0.8471141 0.36767536 3.5702982e-05 0.573135 0.006744489 2.0390882e-05 5.772355e-06 9.694005e-05 5.0249066e-05 7.943978e-06 0.00063404057 0.0021006423 1.7166284e-06 5.560312e-06 6.550746e-07 8.946351e-08 4.9029723e-08 4.1866256e-06 0.15393046 0.010074889 0.017506639 0.00011124856 1.9094197e-05 0.6077487 0.5641056 0.02063276 1.2330886e-06 2.1899803e-06 0.0103563825 0.5031091 1.7737908e-06 1.0442177e-06 0.0005290841 9.981719e-06 1.7289194e-06 0.010145347 0.00096431846 0.028858237 0.12991375 8.837132e-08 6.3395164e-06 0.02027545 5.320459e-07 2.0542639e-05 1.823855e-05 1.21292e-07 0.005640029 0.0019050491 0.00010846235 0.0010654749 4.0961703e-07 0.000627284 9.169625e-08 7.1861314e-07 2.1921562e-07 4.972931e-08 1.6779146e-05
