2.7867645e-19 0.9474186 0.9514871 0.92264557 0.94342995 0.9745853 0.94031036 0.9617344 0.9902478 0.9288563 0.9203359 0.5960258 0.1655089 0.9748701 0.9565303 0.14397489 0.832445 0.9644237 0.90086716 0.97991604 0.848738 0.9487179 0.92648953 0.9039218 0.88495755 0.8111923 0.5865464 0.60537297 0.8384259 0.20296629 0.3872886 0.8552328 0.9092587 0.8766652 0.5562187 0.4622394 0.9768231 0.8931275 0.7689807 0.53467894 0.78954965 0.94781303 0.46319246 0.25560933 0.81396884 0.0258024 0.6804929 0.9430798 0.826454 0.3364294 0.13273127 0.066726975 0.09162709 0.8041408 0.16972 0.44340006 0.07716108 0.006443048 0.9928187 0.9367728 0.8510737 0.70894617 0.87157774 0.9174421 0.0029114757 0.07763995 0.6641369 0.7404466 0.8525818 0.99985266 0.99640226 0.009282733 0.3380839 0.93893003 0.003440563 0.9987007 0.052396923 0.00041166056 0.00057584257 0.82826865 0.0003450544 0.00020008172 0.12491894 0.13642706 0.99999094 0.8047138 0.0022663185 0.22130139 0.025440661 0.0071960045 0.0012775076 0.14522505 0.104593515 4.207716e-06 0.9104972 0.99931926 0.0026923246 0.58580536 0.015150177 0.99677396 0.99285716
0.9474186 3.585808e-14 0.9640506 0.9531925 0.93123126 0.79509306 0.8713283 0.76401097 0.003710907 0.0010141201 0.61607283 0.011269457 0.014525194 0.0031971093 0.0005542875 0.011012217 0.48402032 0.39605334 0.005541382 4.530724e-05 0.57851684 0.042189073 0.14527676 9.226824e-05 0.0003321107 0.00035900294 0.00029537018 0.061019126 0.034050737 0.0027977317 0.00030635996 4.439538e-05 0.00052505796 0.001152369 0.00039588162 0.48555258 0.0019300114 0.1825939 0.00015834802 0.094990544 0.03432969 0.0059429295 0.0039679175 0.29019162 0.0014447268 0.0003682355 0.027336888 0.0033715128 0.00014267757 0.003002318 0.35306802 0.03189861 0.14370409 0.00011569079 0.00010767012 0.0018998457 8.635073e-06 0.029927889 0.012844429 5.0558094e-07 0.0003036221 1.461241e-05 0.0068908553 0.008092703 8.6721644e-05 0.00023202671 2.5330752e-07 1.0958655e-05 2.8122677e-05 0.00027468428 1.6723807e-05 0.0067673153 0.00021732338 6.682012e-05 0.038208306 0.00024511744 1.7298686e-05 0.00017526526 0.0076625287 1.0475646e-05 2.7404987e-05 0.001370043 4.0149657e-06 2.923275e-07 0.004741735 0.0025768036 3.4701893e-06 7.392963e-07 6.0344582e-06 1.7986029e-06 2.917976e-06 1.7339738e-06 3.474873e-07 2.587233e-06 2.724593e-08 0.005875622 2.158936e-05 8.0567825e-06 0.0002054071 4.2168443e-07 0.0033971942
0.9514871 0.9640506 3.0100187e-14 0.6760286 0.48389292 0.7595111 0.9688021 0.94031245 0.076263726 0.008600801 0.5558004 0.31171438 0.33143333 0.00011327874 0.004184379 0.2162031 0.6817629 0.26401415 0.0012448293 0.0005904548 0.3373201 0.005545315 0.021495944 0.00035707664 5.650732e-05 3.4416556e-05 0.0018192041 0.013584541 0.041803606 0.02103329 0.00011199467 3.2307862e-06 0.00017307918 0.0003284106 5.817071e-05 0.41946644 0.0003458495 0.03173261 0.00035045194 0.04283114 0.020955171 0.010347088 0.0009912474 0.06390348 0.0044619516 0.00010429558 0.01653979 0.008157871 0.000827853 0.00048280778 0.21452975 0.005406951 0.22182684 0.0008054098 6.9789103e-06 0.032892473 2.754199e-07 0.032302544 0.0114472695 4.2783086e-06 2.6986929e-05 8.9306974e-05 0.0027605246 0.0033174478 7.761459e-06 6.5284876e-05 2.8243555e-06 8.510465e-07 0.00022984638 0.0012077403 0.00012808577 0.0009106983 0.00042017916 1.6713739e-06 0.015659362 7.574886e-06 2.4915491e-06 7.4620904e-05 0.0040478916 6.0103794e-05 1.6163453e-05 0.002204651 4.5693714e-06 1.8876555e-08 0.006189049 0.001363527 4.8094935e-06 1.065578e-06 2.3037699e-06 4.592705e-06 1.01031565e-05 1.0603613e-06 2.1650874e-06 3.0073425e-06 2.0204645e-07 0.0032087949 0.00024393441 7.369832e-05 0.00027865332 1.9381603e-06 0.0022175743
0.92264557 0.9531925 0.6760286 1.6657776e-15 0.98637 0.8805765 0.5667424 0.3375159 0.0003020527 6.537777e-05 0.31692743 0.0010464424 0.0031147988 0.033147804 5.6565063e-05 0.0023996953 0.14904422 0.16646989 0.02131814 4.1932067e-06 0.6869467 0.097648315 0.66839224 9.1386855e-06 0.00080064137 0.0010340345 0.00015354909 0.31693208 0.024332587 0.00049193 0.00052478584 9.549048e-05 0.0010782833 0.00330175 0.001525358 0.32900423 0.0075331856 0.19469789 1.2681579e-05 0.06520275 0.02142227 0.0052213925 0.037545025 0.536991 0.00039451235 0.0023114427 0.0174568 0.0013160047 4.045896e-06 0.023471141 0.3750406 0.081156075 0.06252823 1.5176531e-05 5.5539393e-05 0.000136913 5.940999e-06 0.010237763 0.0073293857 1.0603137e-08 0.0005338523 4.4962775e-08 0.013890883 0.013223529 0.000120302604 0.0009146106 8.442328e-09 8.694743e-06 1.4794508e-06 0.00032978586 1.4350068e-06 0.03850956 9.768726e-06 3.7224137e-05 0.043930262 0.0009238182 0.00025920937 0.0010475822 0.0050057727 6.152424e-07 0.00016522926 0.00028593442 1.3905586e-07 2.0840763e-07 0.0063205916 0.004253852 9.3528297e-07 6.627158e-08 5.7121006e-06 4.322006e-07 6.2521246e-07 8.142515e-08 1.4683094e-07 1.648971e-06 3.0821068e-09 0.0076584965 7.250416e-06 2.3161526e-06 4.0115996e-05 5.485834e-08 0.004682103
0.94342995 0.93123126 0.48389292 0.98637 1.0542979e-16 0.9177024 0.5948489 0.18997552 2.9961026e-05 2.8880456e-06 0.3142488 0.0003936545 0.00073514786 0.21809618 2.087875e-06 0.00045579948 0.06990199 0.2218391 0.11113018 4.1778765e-07 0.63257176 0.33272922 0.7845478 9.0589464e-07 0.00733907 0.009579389 4.651243e-05 0.39860377 0.028018996 0.00016550177 0.006268932 0.00083613425 0.0048804404 0.014608029 0.007953061 0.1517291 0.04890157 0.31899613 5.3645e-07 0.109054774 0.028657291 0.0035632844 0.08971502 0.56477225 9.579759e-05 0.0034306338 0.027603908 0.00033553847 2.124429e-07 0.084423855 0.2965792 0.080365956 0.029963564 9.994365e-07 0.00024982612 3.413297e-05 5.6593344e-05 0.00433434 0.0094311 2.8635612e-09 0.0031638618 6.27091e-09 0.05654044 0.033483576 0.0010795839 0.003169689 1.0635114e-09 0.00017784692 1.8979547e-07 8.722178e-05 3.043078e-07 0.018996011 9.583752e-07 0.001198252 0.0215812 0.00814108 0.00039591404 0.0008485963 0.0013274639 1.4551e-07 3.5486915e-05 3.0994626e-05 1.8369103e-07 3.4105062e-06 0.007465721 0.01228887 6.1461077e-07 4.3806594e-08 9.76758e-06 9.6748614e-08 5.2619473e-08 2.3787951e-08 1.9655936e-08 5.985988e-07 2.433868e-09 0.021381972 3.8985886e-06 3.6148822e-07 5.8138844e-06 2.068764e-08 0.012056045
0.9745853 0.79509306 0.7595111 0.8805765 0.9177024 3.269759e-13 0.395913 0.43892172 0.0012301335 0.00037108627 0.15164918 0.0012209819 0.0059743025 0.007876665 6.501119e-05 0.0051062554 0.33071873 0.09311064 0.01119274 1.2661192e-05 0.95900023 0.036005672 0.69327736 2.5786449e-05 0.00081998255 0.00039040507 0.0003550721 0.47784293 0.010992685 0.0028717031 0.0005690923 6.0980114e-05 0.0013768042 0.0033088927 0.001021013 0.6534332 0.005337218 0.046890907 4.653794e-05 0.025193434 0.012931424 0.0027236557 0.01662039 0.77592766 0.00024248802 0.0030466483 0.008242065 0.0011141812 1.2676911e-05 0.039833225 0.6448344 0.2543517 0.26320186 5.1366616e-05 4.3057145e-05 0.0060417717 5.524549e-06 0.055165984 0.0050438046 1.6425196e-07 0.00041594307 2.2013924e-06 0.0039772145 0.004595544 7.332689e-05 0.004522779 1.5074389e-07 3.8478624e-06 2.6755883e-05 0.00023211303 6.549911e-06 0.09077014 2.9840632e-05 2.0378848e-05 0.1371127 0.00011372915 0.0010913027 0.0052041076 0.018518323 2.2266724e-06 0.0019254411 0.0012347574 1.1983643e-06 2.3465016e-07 0.0036440634 0.0014353853 5.3544236e-06 1.2905625e-06 2.007977e-05 2.243424e-06 1.499106e-06 1.2880406e-06 9.2318146e-07 2.0228148e-05 3.6685933e-08 0.0038250762 0.0001304339 1.8766177e-05 0.00010577617 6.252425e-08 0.0010574248
0.94031036 0.8713283 0.9688021 0.5667424 0.5948489 0.395913 1.6697118e-12 0.73012334 0.3888668 0.04914121 0.9769688 0.15764306 0.12431513 0.009733612 0.035661332 0.12250307 0.2836085 0.6355105 0.032965697 0.0140019925 0.05505366 0.05743868 0.026705604 0.0017484155 0.000815446 0.00071811303 0.0034290035 0.006494653 0.14538367 0.01909361 0.00063106715 0.00016827774 0.0008869704 0.0010682644 0.00027284052 0.04196917 0.0018322767 0.046041023 0.0010551508 0.07054684 0.061665136 0.02840403 0.0013616369 0.008013924 0.021356218 0.00017082864 0.046099044 0.020252602 0.0034121936 0.00062787236 0.013407798 0.0009290026 0.01520956 0.0007292826 8.047987e-05 0.008199768 1.6994937e-06 0.0021708354 0.041088175 9.580133e-05 5.687127e-05 7.2066316e-05 0.0030353235 0.018247146 2.555203e-05 3.6560075e-05 1.8123646e-05 2.862977e-05 0.0002361828 0.0052614715 0.000408912 0.00014110317 0.00062544295 2.9766392e-05 0.002546732 8.085767e-05 3.5380265e-07 3.796556e-05 0.0008984374 7.471433e-05 1.1159885e-05 0.00052285154 5.6504487e-06 3.0814928e-07 0.023003353 0.0023461382 7.912193e-06 1.5761746e-06 6.3669813e-06 7.780839e-06 3.6208512e-05 1.9798026e-05 9.504461e-06 1.1903558e-06 1.1629999e-06 0.01437853 0.00016561545 7.428073e-05 0.0005117773 3.4470806e-06 0.0042426917
0.9617344 0.76401097 0.94031245 0.3375159 0.18997552 0.43892172 0.73012334 1.033244e-15 0.089113355 0.015387819 0.27518508 0.1801937 0.44207788 0.00024362846 0.0014606287 0.33593956 0.9869396 0.1855756 0.0017600334 0.00018799542 0.40439636 0.0105940085 0.006462432 0.00022025326 0.00014567433 2.2336708e-05 0.001853317 0.012315251 0.017734673 0.04072459 0.000108363914 7.949601e-06 0.00026334455 0.0005643085 0.00027672065 0.70946246 0.00045335293 0.01296801 0.00027818573 0.02033751 0.013962829 0.004825698 0.00022240411 0.07767565 0.0009235628 0.000119756245 0.0077041923 0.0034250505 0.00015515016 0.00062721246 0.28280765 0.009674393 0.53932184 0.00027326916 1.8587723e-05 0.18154217 3.58572e-06 0.14269923 0.0037672122 3.485973e-07 0.00013688911 2.0690948e-05 0.0006792273 0.002866697 7.448258e-06 1.8523682e-05 1.2192508e-07 6.717565e-06 0.00013404556 0.00022066808 3.350772e-05 0.0022242256 7.539798e-05 7.8561325e-06 0.043107092 2.121969e-05 3.7301697e-06 0.00013141679 0.01634785 1.3452639e-05 0.00016545158 0.023451474 4.139638e-06 8.581709e-08 0.00809087 0.00042614667 5.209629e-06 8.1746913e-07 4.341817e-06 2.9292107e-07 6.4298315e-06 1.750088e-07 5.3788362e-06 3.930389e-05 2.7528582e-08 0.0025687108 0.0056812 8.77818e-05 0.0009151498 4.4055437e-07 0.00025884277
0.9902478 0.003710907 0.076263726 0.0003020527 2.9961026e-05 0.0012301335 0.3888668 0.089113355 4.357309e-16 0.9781002 0.58109325 0.9312366 0.608187 3.8275866e-06 0.67903894 0.52522004 0.11665735 0.23319323 3.3074353e-05 0.20818336 0.0070401668 0.00023263336 1.7621813e-05 0.14427963 1.0192845e-06 3.982887e-07 0.7376553 0.00013995651 0.33864325 0.53044075 1.7517953e-06 2.8295764e-07 2.4339993e-06 1.6107657e-05 1.2449746e-06 0.012725272 1.5939975e-05 0.0017685851 0.3453244 0.012819405 0.029245198 0.27218696 2.8949673e-06 0.0006814226 0.2811322 4.1363134e-07 0.017835572 0.28316733 0.009321989 7.70586e-05 0.002957497 5.409065e-05 0.019241236 0.0049532964 3.6280633e-06 0.37915462 2.459697e-07 0.00071059435 0.016812257 0.00010861503 6.9070034e-06 0.00024179663 0.0010649995 0.0025250933 4.6465343e-07 2.9512702e-07 7.834199e-05 3.1228412e-06 0.0028083187 0.09185712 0.0020194245 1.0759227e-05 0.022780044 1.1715827e-06 0.0004966943 2.0072148e-05 1.7733315e-07 3.0143212e-07 0.0001221286 0.00012495578 3.1743914e-06 0.0003682978 3.0305815e-05 5.2083767e-08 0.06603557 0.0018131773 1.3577208e-05 2.8119148e-06 4.826583e-07 1.8843177e-06 0.0028076826 4.3362684e-06 0.066951275 7.106692e-07 9.0770897e-07 0.005815679 0.0015035188 7.2025985e-05 0.088256314 4.4849035e-06 0.0018150683
0.9288563 0.0010141201 0.008600801 6.537777e-05 2.8880456e-06 0.00037108627 0.04914121 0.015387819 0.9781002 5.6259035e-17 0.08081559 0.9149628 0.48081878 1.9912177e-06 0.8760671 0.3045488 0.033703227 0.032667316 9.300898e-06 0.37335607 0.0012565497 4.5401095e-05 1.2432683e-06 0.55900466 1.0355684e-07 4.48753e-08 0.9441068 4.1121046e-05 0.049152374 0.457523 2.954069e-07 4.4432923e-08 2.1460833e-07 1.3168012e-06 2.8482685e-07 0.0036765686 1.53342e-06 0.00025586403 0.54020137 0.001714048 0.0047121677 0.06524674 5.90555e-07 0.00020014278 0.12017674 1.4937322e-07 0.0028230876 0.13447312 0.016620684 2.4268153e-05 0.00095242966 1.2369772e-05 0.009157055 0.018399972 7.6250296e-07 0.29930535 3.6173287e-08 0.00013082745 0.002442841 0.00057067414 2.5758206e-07 0.003825744 0.00013093116 0.00032984818 6.1878616e-08 5.6884613e-07 0.00021581982 1.8100459e-06 0.007136489 0.043706026 0.0091261715 3.0195422e-06 0.14651215 1.2058901e-07 0.000114042494 5.6529313e-07 1.6794803e-07 2.148685e-08 4.126731e-05 0.00046203865 6.5025074e-07 0.0001861926 6.2579704e-05 2.4536554e-08 0.012881188 0.00010995752 8.140687e-05 3.6205283e-06 4.9541404e-07 5.609194e-06 0.017578252 7.286079e-06 0.21859188 2.2201046e-07 4.9505775e-06 0.0020087643 0.0011142493 0.00040888158 0.116291955 4.8772836e-05 0.00043504697
0.9203359 0.61607283 0.5558004 0.31692743 0.3142488 0.15164918 0.9769688 0.27518508 0.58109325 0.08081559 3.241935e-15 0.04745216 0.029922687 0.027849237 0.20439264 0.025982136 0.040784173 0.9838127 0.21095777 0.14517 0.012874827 0.5473506 0.016584432 0.010553616 0.0016688709 0.00074305816 0.0024858755 0.002657656 0.68903464 0.0056400346 0.0009830927 0.00019726077 0.004389712 0.005600281 0.00017595055 0.0037016128 0.0077537764 0.14622433 0.0014594452 0.19116881 0.32043925 0.08900736 0.001912044 0.0026201324 0.46984863 5.60034e-05 0.16008037 0.24071278 0.13538049 0.00074748567 0.001257688 0.00013835776 0.0011240364 0.016489515 1.6946879e-05 0.00032323302 5.142391e-07 2.4040975e-05 0.109673396 0.0003595887 0.00025583178 0.0006232432 0.009406466 0.034016237 9.126793e-05 7.321114e-06 6.0083046e-05 5.4587854e-06 0.0016602479 0.029791052 0.0033689588 0.000170516 0.0022267639 2.9890389e-05 0.00073844934 8.305643e-05 3.5318456e-06 0.00088458357 0.00013996918 0.0037384697 3.107018e-05 7.4175616e-05 8.878047e-05 4.462955e-08 0.08505257 0.0050136773 7.30608e-05 2.5177542e-06 7.604497e-06 5.8665257e-05 5.312175e-05 4.988392e-06 5.1548486e-05 6.2855047e-06 6.8178514e-07 0.033583716 6.115349e-05 0.00060488866 0.0005436244 2.3536375e-05 0.004915996
0.5960258 0.011269457 0.31171438 0.0010464424 0.0003936545 0.0012209819 0.15764306 0.1801937 0.9312366 0.9149628 0.04745216 4.3271245e-18 0.9895645 9.89855e-07 0.24886183 0.9125537 0.11358668 0.01701449 5.22029e-05 0.012169278 0.0008702118 3.425372e-05 2.5851737e-06 0.013180212 1.1033902e-06 1.2380026e-07 0.7856114 3.8211037e-05 0.016431535 0.51284647 8.711305e-07 1.04318694e-07 1.8365522e-06 3.87981e-06 7.5873174e-07 0.0065313615 1.3318557e-06 0.00056259194 0.021509187 0.0017486232 0.003047599 0.0053830342 4.7879905e-07 0.00034711437 0.009676036 1.7584375e-07 0.000819399 0.0066018063 0.00064797956 4.0861283e-05 0.014454408 0.00037739435 0.030083558 0.0007228903 4.3834953e-07 0.3853363 1.8899433e-08 0.0029069965 0.00027596587 1.0706043e-05 9.1315724e-07 9.232008e-05 0.00013728891 8.7040135e-05 9.953116e-08 1.1213189e-06 3.7387495e-06 7.999598e-06 0.00021720178 0.0008446706 0.00036678676 3.0297868e-05 0.0010986801 1.0661772e-05 0.00035050188 2.736593e-06 7.598842e-08 4.152027e-07 0.0004708589 0.00023235954 6.8033582e-06 0.0006491597 5.4928805e-06 7.7042536e-08 0.0038751734 4.5956822e-05 4.1530907e-06 5.86868e-07 5.3371205e-06 2.8673037e-06 0.0002938356 2.077902e-07 0.0012481797 2.0180275e-06 1.0503045e-07 0.00052501814 0.0071101775 0.0003605485 0.019910173 8.08039e-06 3.6080113e-05
0.1655089 0.014525194 0.33143333 0.0031147988 0.00073514786 0.0059743025 0.12431513 0.44207788 0.608187 0.48081878 0.029922687 0.9895645 1.6187622e-17 1.9438736e-05 0.020679867 0.9947818 0.43208095 0.015156911 9.774247e-05 0.00070237834 0.0013800103 0.00014346882 3.06861e-05 0.0019213102 3.6960832e-06 1.062784e-06 0.25179487 0.00015082954 0.005545741 0.5471555 4.1542353e-06 1.2138914e-06 1.26841305e-05 1.7933113e-05 5.631018e-06 0.016108673 6.7488118e-06 0.0003072471 0.0034881416 0.0010533285 0.0021878511 0.0014032094 3.397599e-06 0.00036547772 0.00072500773 5.371677e-07 0.0007982988 0.0007243004 0.00018635586 8.084441e-05 0.0092386715 0.0002526618 0.055867493 0.0006522174 1.5836796e-06 0.22454186 3.2925854e-08 0.0061464454 0.0003228815 2.5760503e-06 2.7409676e-06 2.2446213e-05 2.612614e-05 4.568907e-05 1.7493736e-07 6.8727337e-07 8.125996e-07 8.273526e-06 5.494251e-05 0.00022957407 5.730786e-05 1.4246524e-05 0.000354936 3.5524586e-06 0.00056111685 2.4492324e-06 4.5806495e-08 2.906729e-07 0.0014114899 2.3983544e-05 9.3069355e-07 0.0027808174 1.5585902e-06 1.4835523e-08 0.0023711277 1.6999633e-05 1.6203915e-06 1.8056932e-07 2.6303933e-06 9.914081e-07 2.7861466e-05 1.1375208e-07 6.046034e-05 1.5942215e-06 2.7626156e-08 0.00053411967 0.0039273715 1.15990115e-05 0.005859738 5.310746e-07 1.1493424e-05
0.9748701 0.0031971093 0.00011327874 0.033147804 0.21809618 0.007876665 0.009733612 0.00024362846 3.8275866e-06 1.9912177e-06 0.027849237 9.89855e-07 1.9438736e-05 2.0286892e-15 2.3683665e-06 1.7090206e-05 0.0001998992 0.028015211 0.84763145 2.0757225e-06 0.009493278 0.67868066 0.9143307 2.1565704e-06 0.5873245 0.94555235 1.0084698e-06 0.24994718 0.00016155388 6.482684e-06 0.4851949 0.30878478 0.46287292 0.52348757 0.904532 0.00034366 0.35124007 0.0936802 3.4015575e-06 0.009510555 0.00065428106 0.00015284444 0.9111729 0.049772847 8.339494e-05 0.18056579 0.0023595083 0.00033640966 8.728444e-07 0.5129666 0.0019788437 0.0053276597 9.10294e-05 2.8770905e-06 0.0030119712 7.757056e-06 0.0014085242 3.7289e-06 0.0013838679 4.6981395e-08 0.03217075 6.5859314e-07 0.065039024 0.00980014 0.022903293 0.24454306 9.706802e-08 0.00074915495 3.3502604e-07 1.9869789e-05 7.00947e-07 0.0036207892 1.420297e-06 0.006742971 0.00077946944 0.012190366 0.029627254 0.0019270723 0.00028257945 6.4640717e-06 2.383913e-05 4.7987314e-06 2.064956e-06 2.794633e-05 0.001712944 0.0145745985 6.4154315e-06 6.6770845e-06 0.012250724 2.3079613e-06 5.2168875e-08 9.487526e-06 1.3844202e-07 4.9415377e-07 8.062231e-08 0.0037463254 3.9049646e-05 5.06227e-05 6.4075257e-06 3.1856182e-06 0.012218929
0.9565303 0.0005542875 0.004184379 5.6565063e-05 2.087875e-06 6.501119e-05 0.035661332 0.0014606287 0.67903894 0.8760671 0.20439264 0.24886183 0.020679867 2.3683665e-06 8.646095e-16 0.010076379 0.0017747809 0.0376619 4.1028994e-05 0.9829765 0.00010191242 8.4688676e-05 1.6792433e-07 0.9740576 5.148147e-07 9.317045e-08 0.4732415 5.02135e-06 0.086493015 0.04975658 1.3462835e-06 4.812608e-08 1.2691119e-06 4.3177442e-06 1.2766867e-06 0.00012869944 4.924454e-06 0.00036849035 0.74651325 0.002613889 0.00643978 0.15333056 4.1034116e-07 1.3719603e-05 0.53894764 3.27494e-07 0.00302771 0.3876785 0.5494926 1.0506713e-05 5.959763e-05 1.2087357e-06 0.00067945797 0.20792952 1.9933227e-06 0.012826369 1.5194111e-07 2.738906e-06 0.0043193735 0.03801364 2.3653827e-06 0.20839363 0.0004054071 0.0009982358 8.428379e-07 3.9318962e-07 0.007393559 1.1622519e-05 0.082512215 0.28703266 0.086954415 1.5430535e-06 0.54637796 3.921525e-06 1.8439732e-05 4.544539e-06 9.877954e-07 4.3549196e-07 8.1544285e-06 0.022017254 2.570014e-06 2.5710106e-05 0.002563459 6.9479974e-08 0.03541004 0.0013003924 0.0014890367 7.3378375e-05 3.5346508e-07 0.00024114309 0.02160769 0.0004724251 0.3452984 1.0910733e-06 8.487674e-05 0.0029899029 8.853882e-05 0.003342316 0.06371365 0.00031433685 0.0020670732
0.14397489 0.011012217 0.2162031 0.0023996953 0.00045579948 0.0051062554 0.12250307 0.33593956 0.52522004 0.3045488 0.025982136 0.9125537 0.9947818 1.7090206e-05 0.010076379 4.3277706e-17 0.6383441 0.014845701 0.00015089601 0.00046410828 0.0010435587 7.895358e-05 6.1985855e-05 0.00087090465 3.5742314e-06 2.0745867e-06 0.34773368 0.00023336643 0.0028610707 0.9538678 4.413704e-06 4.361659e-06 1.5141618e-05 5.0818897e-05 4.6808545e-06 0.044081923 6.314813e-06 0.00021650319 0.0015604502 0.0007375995 0.0011487853 0.0008290144 4.6764594e-06 0.00041472053 0.00021796579 7.053634e-07 0.00073249167 0.00047702208 0.00010677326 9.272703e-05 0.0056591425 0.00019602157 0.21957757 0.00046434585 2.5249751e-06 0.52737874 1.1868254e-07 0.014760652 0.00041873724 4.1353646e-06 3.63569e-06 1.4459894e-05 1.648093e-05 8.068697e-05 6.5178455e-08 5.7419953e-07 8.1765154e-07 4.3645346e-06 8.2389175e-05 0.0004229399 0.000121877856 2.6893184e-05 0.00045638296 1.6665385e-06 0.0013206999 5.37779e-06 2.445224e-07 2.4862854e-07 0.0038944473 3.0936808e-05 1.024345e-06 0.02018413 7.355612e-07 4.8917794e-09 0.004789983 1.6813554e-05 1.5035085e-06 2.0554221e-07 4.863291e-06 1.1692966e-06 2.4479328e-05 4.2970137e-07 3.2154618e-05 5.910387e-06 2.5034481e-08 0.0007845542 0.01803096 1.1056882e-05 0.01613799 1.4107275e-06 2.7573475e-05
0.832445 0.48402032 0.6817629 0.14904422 0.06990199 0.33071873 0.2836085 0.9869396 0.11665735 0.033703227 0.040784173 0.11358668 0.43208095 0.0001998992 0.0017747809 0.6383441 1.6814943e-13 0.026102727 0.0009075748 0.00015742847 0.41325548 0.0017527647 0.0013721233 0.00027569255 5.412347e-05 6.1731093e-06 0.0043422007 0.008099065 0.001649812 0.09097235 0.00012202125 1.1044172e-05 3.5535548e-05 0.00012511018 9.437699e-05 0.94577 3.4802924e-05 0.0030581194 0.0002676876 0.0022232789 0.0025258025 0.0002553891 4.199548e-05 0.11992981 0.000103834696 5.7908346e-05 0.0015756696 0.00028786552 7.518436e-05 0.0005289593 0.651471 0.014764313 0.9228594 7.883455e-05 4.334875e-06 0.5012198 4.340014e-07 0.3197494 0.00028549327 1.0445156e-06 4.0969797e-05 3.973634e-05 0.0001529869 0.00040811842 7.206212e-07 4.371318e-05 6.371552e-07 4.4211147e-06 3.3914013e-05 1.9198294e-05 8.950473e-06 0.0013398079 9.153404e-05 3.2607554e-06 0.11042439 4.0899195e-06 3.9508063e-07 3.6415804e-05 0.058542743 7.3333217e-06 0.00046433805 0.114634536 1.3608092e-06 7.466037e-08 0.002438001 5.8845406e-05 1.8027724e-06 2.5065658e-06 9.376716e-06 2.9467702e-07 1.8344148e-06 3.7526934e-07 2.3053204e-07 0.00016260138 5.0777878e-08 0.0014259845 0.036132716 0.00010296898 0.00083431293 1.4065575e-06 0.00014267048
0.9644237 0.39605334 0.26401415 0.16646989 0.2218391 0.09311064 0.6355105 0.1855756 0.23319323 0.032667316 0.9838127 0.01701449 0.015156911 0.028015211 0.0376619 0.014845701 0.026102727 8.463007e-14 0.10010972 0.02895314 0.0072932327 0.48722234 0.015328536 0.0029026542 0.0022482818 0.001564765 0.0010228193 0.0021169442 0.93105406 0.0029883266 0.0025086908 0.00045774932 0.0055081355 0.005884381 0.00013947708 0.0021621566 0.021531668 0.71911895 0.00017117421 0.64533657 0.8064092 0.13087139 0.0012089878 0.0009779927 0.051396698 0.00018555623 0.36130327 0.062124934 0.005467101 0.0015788683 0.0029307283 0.00012227053 0.00051928096 0.0010531612 7.459486e-05 0.00017623552 3.780404e-06 0.00011334325 0.19535364 7.4249074e-05 0.00063649967 2.479161e-05 0.03494078 0.077443324 9.45532e-05 6.9394946e-06 1.1877223e-05 1.9722307e-05 0.00022145 0.011570276 0.0004966119 0.00010156924 0.0008368461 2.434293e-05 0.0006803096 0.00036477504 1.895936e-05 0.001113956 0.0001223159 0.00012457087 0.00014341928 0.00029439852 1.1751596e-05 1.1704864e-07 0.121525295 0.013797267 3.5005447e-05 1.8174975e-06 2.8796821e-06 1.3290244e-05 0.00021150363 4.42087e-06 4.994364e-05 7.198612e-06 2.1476619e-07 0.082097374 0.00052109314 8.833463e-05 0.0007554539 4.535066e-06 0.0069036884
0.90086716 0.005541382 0.0012448293 0.02131814 0.11113018 0.01119274 0.032965697 0.0017600334 3.3074353e-05 9.300898e-06 0.21095777 5.22029e-05 9.774247e-05 0.84763145 4.1028994e-05 0.00015089601 0.0009075748 0.10010972 1.6333787e-14 1.5653955e-05 0.0045954837 0.9756026 0.33446893 4.646457e-06 0.93277454 0.63181746 4.807065e-05 0.009814202 0.0030247963 4.7812835e-05 0.49406156 0.46315452 0.723568 0.6767783 0.1881617 0.00037705048 0.5600329 0.28310367 3.8279133e-05 0.020741992 0.005502366 0.00200668 0.22797759 0.004636701 0.00018919002 0.0053084507 0.013114799 0.0015132906 2.430025e-05 0.014950528 0.0006098067 0.00028753327 4.5740475e-05 1.5941678e-05 0.013049923 8.202872e-06 0.0022895182 4.6231407e-06 0.012070363 6.03839e-08 0.052779127 1.0903576e-06 0.11942063 0.037369844 0.0012879953 0.0030896957 3.1826332e-08 0.0024821952 1.7848035e-06 0.00014123537 5.5102732e-06 0.00014930707 9.668942e-06 0.0060578086 0.00013442527 0.010477636 0.00016843846 0.00014410439 2.0672527e-05 1.6289721e-06 1.8906348e-05 5.592974e-07 2.265699e-06 0.0012474556 0.004256502 0.01714461 1.1945145e-06 9.579173e-07 0.00045482378 1.8492871e-06 7.426125e-07 6.738155e-06 2.3552207e-07 1.2588104e-06 1.2489505e-07 0.026954249 2.319965e-05 2.1438253e-05 3.031697e-05 2.7128503e-06 0.020884193
0.97991604 4.530724e-05 0.0005904548 4.1932067e-06 4.1778765e-07 1.2661192e-05 0.0140019925 0.00018799542 0.20818336 0.37335607 0.14517 0.012169278 0.00070237834 2.0757225e-06 0.9829765 0.00046410828 0.00015742847 0.02895314 1.5653955e-05 3.0543368e-14 3.9804854e-06 4.968179e-05 7.912886e-08 0.91471183 7.9148305e-07 6.9379325e-08 0.09283955 2.0234004e-06 0.13725555 0.0026908831 2.5354595e-06 1.05636786e-07 9.277851e-07 2.9063503e-06 1.3936061e-06 1.2941632e-05 3.3562803e-06 0.0004364268 0.47936895 0.0021296842 0.006660695 0.22110045 7.0389675e-08 1.2901477e-06 0.82596105 4.4626174e-07 0.002721982 0.48790973 0.88909394 4.173367e-06 5.030006e-06 6.5374644e-07 3.6806574e-05 0.5616573 2.3826844e-06 0.00056524004 9.841677e-07 1.565247e-06 0.004343866 0.26324293 5.33395e-06 0.48101476 0.00047244944 0.001043947 1.6202848e-06 2.8154824e-07 0.057069127 7.762414e-06 0.35493842 0.4668263 0.2708062 8.140073e-07 0.6467822 2.6090472e-06 1.3570185e-06 3.7880625e-06 1.1343727e-07 4.0502832e-07 1.7607559e-06 0.1068885 1.8183782e-06 4.7253297e-06 0.0091829235 1.08985496e-07 0.060828652 0.0009987518 0.012291707 0.0004966034 8.1534444e-07 0.0020345915 0.016576834 0.0029777496 0.28508455 4.0506347e-07 0.00021309743 0.0034347684 0.00010863388 0.014075662 0.024238387 0.0014170496 0.0011922567
0.848738 0.57851684 0.3373201 0.6869467 0.63257176 0.95900023 0.05505366 0.40439636 0.0070401668 0.0012565497 0.012874827 0.0008702118 0.0013800103 0.009493278 0.00010191242 0.0010435587 0.41325548 0.0072932327 0.0045954837 3.9804854e-06 7.0983733e-15 0.008954103 0.5329024 4.1980843e-06 0.00031741857 0.00020019128 5.8986996e-05 0.7147557 0.00025387842 0.00030046538 0.00022340685 3.085563e-05 0.00019146157 0.000395014 0.0009194271 0.89458585 0.00035925006 0.01087698 1.0954815e-06 0.001465332 0.00093570724 2.5183173e-05 0.0010730264 0.9744769 1.9693907e-05 0.001000143 0.00053680496 8.763292e-05 8.376709e-07 0.040792767 0.91583294 0.51033354 0.3640289 3.161925e-06 2.61442e-06 4.5565277e-05 5.055366e-07 0.05400298 0.000117544376 3.300608e-08 0.0001377206 4.5011151e-07 0.0019798207 0.00052976626 1.3924324e-05 0.0018754952 9.115962e-09 3.673036e-06 1.13110374e-07 1.0154304e-05 9.2591034e-07 0.1556653 1.3911554e-07 1.2829694e-05 0.28545442 7.100873e-05 0.0009408615 0.032753255 0.028460912 1.6265435e-07 0.007433286 7.096974e-05 1.6084769e-07 2.3826833e-07 0.000833197 0.00048776114 1.4923951e-07 6.289423e-07 1.7233777e-05 2.152389e-08 2.8399871e-09 2.1142029e-08 3.9351256e-09 3.3128774e-05 3.0215844e-08 0.0018570654 7.877375e-05 1.567783e-05 2.6215853e-06 1.9828802e-07 0.00083760504
0.9487179 0.042189073 0.005545315 0.097648315 0.33272922 0.036005672 0.05743868 0.0105940085 0.00023263336 4.5401095e-05 0.5473506 3.425372e-05 0.00014346882 0.67868066 8.4688676e-05 7.895358e-05 0.0017527647 0.48722234 0.9756026 4.968179e-05 0.008954103 2.4224073e-15 0.20790619 1.2622636e-05 0.2688939 0.29126883 4.54652e-06 0.007920566 0.03797515 2.0727071e-05 0.11909113 0.17468531 0.25747937 0.5600264 0.052158628 0.00093471416 0.89787406 0.91351664 1.8128005e-05 0.17470232 0.03241477 0.011500317 0.06988351 0.005003296 0.0010856588 0.0012262495 0.12760061 0.007904843 1.6270678e-05 0.005714221 0.0009292635 0.00025283775 5.450169e-05 3.5603898e-05 0.006082034 5.983257e-06 0.0004693082 3.474769e-06 0.0751487 3.025102e-08 0.012790024 2.277207e-07 0.6653172 0.31522527 0.00022368826 0.0006998262 1.0790448e-08 0.00083163386 1.5347843e-05 0.0016421047 9.299567e-06 0.00013974059 6.8707122e-06 0.0015492261 5.4062188e-05 0.0063684825 1.324141e-05 9.676961e-05 7.2008847e-06 5.4248035e-06 3.1278812e-06 1.679618e-07 1.7810406e-06 0.0004908943 0.06288267 0.12080549 2.1549545e-06 1.724831e-07 5.5709625e-05 1.300478e-07 6.109102e-08 9.0652895e-07 1.4679705e-07 1.2859792e-07 1.1341903e-08 0.17965193 7.366504e-06 2.9832323e-05 2.5016454e-05 8.608185e-06 0.09494474
0.92648953 0.14527676 0.021495944 0.66839224 0.7845478 0.69327736 0.026705604 0.006462432 1.7621813e-05 1.2432683e-06 0.016584432 2.5851737e-06 3.06861e-05 0.9143307 1.6792433e-07 6.1985855e-05 0.0013721233 0.015328536 0.33446893 7.912886e-08 0.5329024 0.20790619 4.3437668e-16 1.1119179e-08 0.06795339 0.062439363 1.4896266e-07 0.99116033 2.1054719e-05 1.2135944e-05 0.08119691 0.02705091 0.037300956 0.027021896 0.41736135 0.0032516774 0.02214691 0.032257035 2.287572e-09 0.0023526126 0.00060747156 2.4821724e-05 0.5832862 0.3264334 7.920089e-06 0.6882617 0.00036227595 0.00012863024 3.647383e-08 0.85668445 0.043325055 0.10149357 0.0004562659 1.9086066e-08 0.0009123208 1.925932e-07 0.0002141895 0.00012797648 0.00035235006 1.6393638e-08 0.007416999 3.7897205e-08 0.010357914 0.0018970557 0.0026972115 0.27711335 2.391322e-09 0.00076438655 5.259306e-09 1.6982212e-05 2.744414e-07 0.072047286 8.129568e-09 0.0077958093 0.022365306 0.007870305 0.21800873 0.058806237 0.002021197 1.5050594e-08 0.0012009054 3.380124e-08 4.514392e-08 1.6085169e-05 0.0009790797 0.003527137 1.5673912e-07 3.497446e-08 0.0481499 2.4303342e-08 1.1858643e-10 4.2386148e-08 1.6395035e-09 4.3625223e-05 8.7831875e-09 0.003948728 1.579387e-06 1.6228256e-06 2.4630285e-08 2.6994834e-07 0.0044705644
0.9039218 9.226824e-05 0.00035707664 9.1386855e-06 9.0589464e-07 2.5786449e-05 0.0017484155 0.00022025326 0.14427963 0.55900466 0.010553616 0.013180212 0.0019213102 2.1565704e-06 0.9740576 0.00087090465 0.00027569255 0.0029026542 4.646457e-06 0.91471183 4.1980843e-06 1.2622636e-05 1.1119179e-08 6.8290466e-14 7.1242545e-07 1.4204522e-07 0.35711002 8.7082316e-07 0.008035214 0.00577656 6.75843e-07 7.3706715e-08 4.500609e-07 1.7535368e-06 4.158167e-06 7.719456e-06 1.32649e-06 3.7863447e-05 0.9818613 0.0003756104 0.0011691245 0.035338398 1.3892362e-08 6.112585e-07 0.24786483 1.0623245e-07 0.0010163798 0.16499987 0.38223767 2.3805676e-06 3.6974584e-06 3.2168418e-07 1.8871366e-05 0.2595892 8.097488e-07 0.0040431633 3.5544664e-07 1.8859516e-06 0.00101473 0.16265507 2.8068112e-06 0.5391297 3.0065929e-05 0.00023045763 1.00882424e-07 8.177128e-08 0.053197663 3.94354e-06 0.105804406 0.09923514 0.12219221 7.510352e-07 0.8690474 4.788758e-07 1.1265678e-06 5.458926e-06 2.4034362e-08 2.7783944e-08 8.21487e-07 0.028921172 2.962776e-07 9.1658876e-07 0.015742008 1.1068734e-08 0.014919264 8.36768e-05 0.060903683 0.00073254196 5.776725e-07 0.0050308527 0.05480889 0.0032061946 0.6677853 3.0613637e-07 0.00039554026 0.0011983805 0.00012305993 0.009035914 0.028519224 0.00227545 0.00022920588
0.88495755 0.0003321107 5.650732e-05 0.00080064137 0.00733907 0.00081998255 0.000815446 0.00014567433 1.0192845e-06 1.0355684e-07 0.0016688709 1.1033902e-06 3.6960832e-06 0.5873245 5.148147e-07 3.5742314e-06 5.412347e-05 0.0022482818 0.93277454 7.9148305e-07 0.00031741857 0.2688939 0.06795339 7.1242545e-07 6.7556125e-15 0.7668693 1.3240367e-06 0.0017482764 1.6672117e-05 2.2912348e-06 0.89618874 0.9592711 0.96077436 0.6954516 0.17332982 2.3076655e-05 0.3612144 0.03140305 7.339153e-07 0.002452078 0.00017086662 6.823849e-05 0.08936547 0.00021746459 2.3720536e-06 0.0032785793 0.0009894129 7.1128496e-05 4.948975e-07 0.0062698107 1.5663887e-05 4.671995e-05 3.0231984e-06 1.2999379e-06 0.04743121 1.3695608e-06 0.008799139 1.5232711e-06 0.000724373 4.647507e-08 0.1774359 1.0825644e-07 0.0448132 0.009111526 0.003941885 0.0025561634 9.991628e-09 0.009522093 1.125195e-07 6.9970242e-06 1.3782905e-07 1.795589e-05 4.258373e-07 0.02975139 2.2360591e-06 0.018757906 6.568725e-05 2.8781828e-06 2.0898513e-06 3.548705e-07 8.909162e-06 4.6759062e-08 2.542994e-07 0.0015149012 0.0008726921 0.008796123 4.2479525e-07 3.1721515e-06 0.0024651687 3.524818e-07 1.36781555e-08 5.45713e-06 1.2459496e-08 2.435403e-07 5.3350636e-08 0.007422409 2.3650431e-05 4.5294387e-06 2.0224404e-07 7.803637e-08 0.010613089
0.8111923 0.00035900294 3.4416556e-05 0.0010340345 0.009579389 0.00039040507 0.00071811303 2.2336708e-05 3.982887e-07 4.48753e-08 0.00074305816 1.2380026e-07 1.062784e-06 0.94555235 9.317045e-08 2.0745867e-06 6.1731093e-06 0.001564765 0.63181746 6.9379325e-08 0.00020019128 0.29126883 0.062439363 1.4204522e-07 0.7668693 4.7553185e-14 3.5039446e-07 0.0033041867 5.7213306e-06 1.1050405e-06 0.95866936 0.66893166 0.6469786 0.50779855 0.9868845 1.1818592e-05 0.2304545 0.018526679 3.8286117e-08 0.0015646077 0.00014454097 7.1300994e-05 0.25041342 0.0006737195 5.02415e-07 0.020546393 0.00022656126 3.146018e-05 8.154887e-08 0.025113102 1.2607237e-05 5.8937796e-05 5.721631e-06 2.5615145e-07 0.027311498 4.03726e-07 0.13860786 8.0833996e-07 0.00025126475 7.512218e-08 0.32378778 1.2191882e-07 0.015287084 0.0017660502 0.40920934 0.01823905 1.6388041e-08 0.019180316 7.0594006e-09 1.0582863e-06 1.4260742e-07 4.3477903e-05 6.357047e-07 0.027004968 7.5222483e-06 0.017172126 0.00089059555 7.853739e-05 2.49259e-06 1.9870316e-07 7.957323e-06 2.5688062e-06 7.360026e-07 0.0015563936 0.00072872883 0.0041356375 6.013604e-06 6.766562e-07 0.013581787 4.3830332e-06 6.420456e-08 8.303836e-07 3.6622223e-09 3.5578971e-06 1.6510402e-08 0.0032136778 1.0502124e-05 2.2498689e-06 2.9180498e-07 5.7843792e-08 0.0040775663
0.5865464 0.00029537018 0.0018192041 0.00015354909 4.651243e-05 0.0003550721 0.0034290035 0.001853317 0.7376553 0.9441068 0.0024858755 0.7856114 0.25179487 1.0084698e-06 0.4732415 0.34773368 0.0043422007 0.0010228193 4.807065e-05 0.09283955 5.8986996e-05 4.54652e-06 1.4896266e-07 0.35711002 1.3240367e-06 3.5039446e-07 5.3298728e-17 1.5158726e-05 0.0013053172 0.9744676 3.095783e-06 1.8412089e-07 8.4590914e-07 6.976445e-07 1.2550993e-06 0.00044181666 6.457432e-07 0.00013783886 0.8458786 0.0006188961 0.00034436653 0.00072704995 1.8274077e-06 4.2915203e-06 0.015842348 1.535003e-06 8.665079e-05 0.0054072198 0.004496298 9.90678e-06 6.8543945e-05 4.1007024e-06 0.0034518985 0.0028054959 7.937166e-07 0.57429373 6.159484e-08 3.3946144e-05 0.00016052657 0.0009049285 1.3493568e-06 0.0056741964 3.789307e-05 1.6390286e-05 2.1736265e-07 2.3146247e-06 0.00046246254 1.4309217e-05 0.00039299097 0.000714999 0.0011090551 8.079896e-06 0.15433595 7.956823e-06 6.577046e-06 8.523901e-07 2.511296e-08 1.3516151e-07 5.2955866e-06 0.0005048462 2.9449047e-05 0.00015167885 0.00025837074 1.0186329e-07 0.0071500926 7.0277465e-06 0.000716278 4.4720586e-05 4.725156e-05 6.218592e-05 0.81184626 2.4777546e-05 0.8010409 1.6731832e-05 2.5310783e-05 6.268919e-05 0.04331027 0.00047472183 0.60671955 0.00010083602 4.861478e-06
0.60537297 0.061019126 0.013584541 0.31693208 0.39860377 0.47784293 0.006494653 0.012315251 0.00013995651 4.1121046e-05 0.002657656 3.8211037e-05 0.00015082954 0.24994718 5.02135e-06 0.00023336643 0.008099065 0.0021169442 0.009814202 2.0234004e-06 0.7147557 0.007920566 0.99116033 8.7082316e-07 0.0017482764 0.0033041867 1.5158726e-05 9.1936447e-17 2.2791864e-05 9.263819e-05 0.0019632278 0.0010159845 0.0013624124 0.0009165989 0.019545626 0.028965175 0.00041218323 0.004262217 7.528617e-07 0.0006647347 0.000127383 1.7754757e-05 0.16388848 0.89306176 3.096672e-06 0.33671162 7.03243e-05 0.0001747317 2.9402254e-06 0.95851153 0.40019992 0.5948297 0.0020551372 2.0385585e-06 2.4677536e-05 1.0012772e-05 1.9093368e-06 0.0006678629 0.00011497378 2.1976781e-07 7.651472e-05 8.575136e-07 0.00050059566 3.3976652e-05 0.00023910796 0.44919863 5.3040775e-08 1.856266e-05 4.1176435e-08 4.6086407e-06 3.121811e-06 0.48665598 5.960672e-07 1.204535e-05 0.102129444 1.0041325e-05 0.43044347 0.75317466 0.009275954 2.437099e-07 0.013767754 2.763078e-07 9.446545e-08 1.1738384e-06 0.0010246964 0.00010521508 1.7835995e-07 5.0984914e-07 0.009735785 3.4780126e-07 2.4393518e-09 2.6140717e-07 7.03209e-10 7.601462e-05 2.0307443e-08 0.00036064512 7.346948e-05 1.187194e-06 7.146161e-08 1.6115047e-07 0.00023293971
0.8384259 0.034050737 0.041803606 0.024332587 0.028018996 0.010992685 0.14538367 0.017734673 0.33864325 0.049152374 0.68903464 0.016431535 0.005545741 0.00016155388 0.086493015 0.0028610707 0.001649812 0.93105406 0.0030247963 0.13725555 0.00025387842 0.03797515 2.1054719e-05 0.008035214 1.6672117e-05 5.7213306e-06 0.0013053172 2.2791864e-05 2.9635575e-17 0.00089355663 1.2230429e-05 8.7815465e-07 5.86675e-05 0.00027544342 1.4726307e-06 0.00015204339 0.00048220568 0.03869114 0.00114587 0.38071927 0.9383911 0.98575395 2.0878002e-05 3.0755626e-05 0.30204168 4.9082e-07 0.5381723 0.3362883 0.054031834 0.00033039754 0.00013334738 6.2595313e-06 7.4449454e-05 0.009580075 3.9295418e-07 0.00010363536 6.4764523e-09 7.467358e-07 0.24347161 0.0002720901 1.1716101e-05 0.0004483383 0.0112306345 0.036012188 7.3328147e-07 1.0966585e-06 3.359087e-05 8.989769e-07 0.0028709434 0.09066207 0.015624009 8.177362e-06 0.0023672085 6.772625e-07 1.7743198e-05 1.4872889e-05 5.335667e-07 1.19839815e-05 4.205923e-06 0.0009425682 1.3729779e-06 1.6067659e-05 2.152101e-05 1.5226146e-08 0.31391338 0.0062973164 2.4479656e-05 1.1292295e-07 2.1666775e-08 2.1911614e-05 0.00020123583 1.485509e-06 6.424123e-05 1.5212828e-07 5.8535153e-07 0.039053768 0.0003725772 0.00093137205 0.00095693045 0.00018123639 0.0048642335
0.20296629 0.0027977317 0.02103329 0.00049193 0.00016550177 0.0028717031 0.01909361 0.04072459 0.53044075 0.457523 0.0056400346 0.51284647 0.5471555 6.482684e-06 0.04975658 0.9538678 0.09097235 0.0029883266 4.7812835e-05 0.0026908831 0.00030046538 2.0727071e-05 1.2135944e-05 0.00577656 2.2912348e-06 1.1050405e-06 0.9744676 9.263819e-05 0.00089355663 9.170007e-16 1.1009743e-05 1.171252e-06 1.8828141e-06 3.097508e-06 5.2797172e-06 0.007394508 7.875977e-07 0.000102382546 0.024881702 0.00031661135 0.00048616127 0.00031071116 3.271767e-06 6.913551e-05 0.00029839537 9.253392e-07 0.00011345703 0.00039853796 0.00021447097 8.037355e-05 0.004123199 5.2974734e-05 0.11172442 0.00046368095 2.435843e-06 0.9856367 6.3468696e-07 0.01701428 0.0003959337 1.935791e-05 3.5720163e-06 0.0003422709 2.041871e-05 1.9897247e-05 1.934191e-07 7.881535e-06 8.9787545e-06 9.1071815e-06 0.00012721341 0.00014607138 0.0003503921 0.00016852058 0.0025939161 3.8410353e-06 0.0025984163 3.4032253e-06 6.118784e-07 6.6359206e-07 0.005755551 0.0003559636 5.95507e-05 0.042060304 2.8620418e-06 5.1715995e-07 0.009840116 3.824711e-06 6.8903983e-06 5.2207e-06 7.498036e-05 4.445404e-06 0.032305207 4.4191543e-06 0.011203964 0.00020733326 1.9264069e-06 0.00048079822 0.16671237 8.929768e-05 0.63214695 1.7463648e-05 5.5120395e-06
0.3872886 0.00030635996 0.00011199467 0.00052478584 0.006268932 0.0005690923 0.00063106715 0.000108363914 1.7517953e-06 2.954069e-07 0.0009830927 8.711305e-07 4.1542353e-06 0.4851949 1.3462835e-06 4.413704e-06 0.00012202125 0.0025086908 0.49406156 2.5354595e-06 0.00022340685 0.11909113 0.08119691 6.75843e-07 0.89618874 0.95866936 3.095783e-06 0.0019632278 1.2230429e-05 1.1009743e-05 1.461148e-16 0.99445343 0.547775 0.31668407 0.6358164 1.0362987e-05 0.08417419 0.032100838 6.594183e-07 0.00091799325 8.2002014e-05 3.2309294e-05 0.284687 0.0005067646 1.5911004e-06 0.0063929865 0.000244034 2.1903905e-05 1.2466854e-06 0.011316121 2.2558426e-05 0.000104220315 5.2200135e-06 2.7292182e-07 0.36629227 4.273189e-07 0.37228662 1.1438112e-06 0.00021599111 7.516302e-08 0.22845337 3.6055036e-07 0.017335152 0.0014614399 0.30691615 0.0028626863 1.886835e-08 0.022929383 1.5117227e-08 3.4032723e-07 3.2089244e-07 2.5685513e-06 2.7183552e-07 0.024505252 9.3745564e-07 0.010443499 3.553765e-05 7.059623e-07 4.0395938e-07 2.0070271e-07 3.7037437e-06 7.3429542e-09 1.6778489e-07 0.0064065796 0.00031065664 0.0036252292 6.620459e-07 2.5511206e-06 0.017381314 4.773092e-07 3.2396699e-09 1.8371793e-06 1.3754305e-09 8.94328e-08 2.0992603e-07 0.0017323056 2.7426979e-05 1.5335196e-06 3.042136e-08 1.2687215e-07 0.002857429
