2.801449e-21 0.9418865 0.9417594 0.8848528 0.9458139 0.15233792 0.64396226 0.082713395 0.9493225 0.89545584 0.6901861 0.95280135 0.9078265 0.11340871 0.93361807 0.11921275 0.0434699 0.96146625 0.012773812 0.97452235 0.84078413 0.85556173 0.8904271 0.8431748 0.0045538414 0.43428224 0.36801726 0.010724245 0.8713531 0.96022433 0.27468842 0.001290898 0.16538918 0.8415408 0.70511407 0.014692411 0.8248504 0.000178341 0.47296977 0.08087713 0.023398533 0.19728881 0.7894566 0.056650966 0.94182235 0.7692523 0.9221784 0.0031332376 0.8768543 0.00012829358 0.0055298577 0.55777836 0.9000917 0.06082454 0.63779694 0.7215468 0.008568586 0.87478346 0.82246095 0.864926 0.8544466 0.99154323 0.793772 0.29350412 0.9899878 0.9365592 0.7344322 0.04519698 0.18405141 0.0025133546 0.7540839 0.0534722 0.08091307 0.95768803 0.9949425 0.674421 0.011968233 0.00739221 7.648252e-06 0.26681674 0.00085715845 0.7691029 0.001857882 0.9929031 0.80703324 0.88954026 2.6938975e-05 3.3443677e-05 0.1194066 0.99962246 1.0715982e-05 0.99607533 0.8913742 0.017723734 0.9999006 0.97016776 0.9921586 2.1096604e-07 0.41922957 0.4815321 0.99997383
0.9418865 1.6502606e-14 0.97089195 0.73437065 0.66053706 0.76534224 0.7670858 0.7136565 0.8533826 0.053613722 0.47257787 0.031220755 0.11022648 0.0991464 0.26671308 0.4017289 0.13063017 0.00076873775 0.22808038 0.53173107 0.77559143 0.042679887 0.00013895387 0.0013711985 0.041986134 0.20347153 0.005795725 0.08785277 0.00013302514 6.4728683e-06 0.00030333933 0.097989984 0.0015208436 0.0021308607 2.4114273e-05 0.00012980303 0.0003671332 9.024463e-05 0.0009955761 0.014313318 7.6557575e-05 0.000981257 0.0001268634 0.12735908 0.000223113 0.00031379145 0.085655175 0.07138611 0.0010476956 4.8569666e-05 1.02126905e-05 0.022506872 2.0069794e-05 0.0006034738 2.1802784e-05 0.017978476 0.0021824879 2.526047e-06 9.5389936e-08 0.009618612 0.00040958333 0.0033692964 1.882717e-06 4.5306937e-05 0.0060201003 0.0001384685 0.051976368 1.1496937e-06 1.7550937e-07 6.30385e-06 1.6747093e-05 7.199947e-07 9.960153e-06 2.2381062e-05 0.01749056 2.8837263e-05 6.9403222e-06 2.1817928e-07 1.8845853e-06 1.864233e-07 9.309283e-08 5.5709887e-05 4.612684e-05 0.00046708374 5.15442e-07 9.403612e-07 1.6668022e-06 0.00017741173 3.4732548e-08 0.0038824955 4.186328e-07 0.00048577358 0.0004775398 1.922001e-06 1.0990556e-05 2.1677154e-06 6.32791e-05 9.065558e-05 1.9330312e-07 1.8215064e-09 0.012059426
0.9417594 0.97089195 1.9063488e-14 0.8658372 0.847843 0.4790336 0.79987824 0.43137693 0.3271789 0.0045740893 0.40677735 0.27479696 0.013770734 0.009537407 0.0664236 0.16752927 0.10409499 0.010993818 0.12152564 0.74381757 0.8089311 0.13512401 0.0023154693 0.013417898 0.039380766 0.21812923 0.0014666398 0.06634828 0.0006681598 0.00014965277 0.0012110684 0.047653284 0.0004643999 0.00019589842 0.00019443214 7.361354e-05 0.0020600958 2.3755727e-05 0.000116238334 0.020258741 1.2700362e-05 0.0012809584 0.00023482043 0.09263982 6.905394e-05 0.0017022539 0.07290396 0.05187987 0.0039203716 2.8844222e-05 3.4206953e-06 0.0081819855 1.329008e-05 0.0009874969 4.1590574e-05 0.040474128 0.0051008533 4.5865138e-05 5.94867e-06 0.013704561 0.00021338131 0.010505255 1.4374771e-05 8.1417194e-05 0.0020108006 0.0004980371 0.020997232 3.3603287e-06 1.5352023e-06 1.1193332e-05 2.4693449e-05 3.9979346e-05 4.7031404e-05 9.839415e-05 0.011817614 0.00018949663 2.8480445e-06 6.915865e-07 2.8731426e-06 4.5575293e-06 6.297439e-08 4.603218e-05 6.446038e-05 0.0002661189 2.2072595e-06 1.4488661e-05 7.982013e-07 0.00031715774 5.830256e-07 0.0044034487 6.2802405e-07 0.00011574839 0.0001796933 7.329431e-07 7.015281e-05 1.2687294e-06 1.8924118e-05 3.8128845e-05 3.7307262e-07 2.8668947e-09 0.009659633
0.8848528 0.73437065 0.8658372 1.6229258e-14 0.9615489 0.37269592 0.9634793 0.41508836 0.021588888 0.00082617975 0.7796066 0.4682971 0.0013559514 0.0020963126 0.0051051965 0.03979721 0.25324565 0.035741583 0.08753142 0.73271614 0.3089036 0.2569674 0.016601996 0.053729754 0.07021583 0.53732246 0.00062191207 0.16228214 0.0023471243 0.00059771235 0.004373766 0.028834417 0.00022817799 9.136137e-05 0.000848326 1.3649002e-05 0.009341336 1.125222e-05 5.2930292e-05 0.055602875 1.0896481e-05 0.0077441623 0.0009375942 0.23364575 1.1103874e-05 0.005965447 0.014192041 0.08468118 0.008627965 2.4137811e-05 3.4926697e-06 0.0013619324 2.7123253e-06 0.0039787856 0.00044990235 0.051718634 0.035783153 0.00029775494 2.620337e-05 0.019097028 4.3138323e-05 0.017516492 7.9844656e-05 0.00056896446 0.0004638875 0.0007435321 0.005152539 6.104464e-07 3.3332584e-05 1.3014104e-06 1.245421e-06 0.00039297654 0.00036386942 0.00031049846 0.004489365 0.00034714915 1.281565e-06 2.883333e-07 2.5465608e-06 1.2853907e-05 1.5382307e-07 2.2908764e-06 0.00013449258 8.0848884e-05 1.4133304e-06 1.3280412e-05 1.979539e-06 0.0021419993 2.7200654e-06 0.00337532 2.0297105e-06 1.1226173e-05 2.5954563e-05 1.5667523e-06 3.7116413e-05 1.0953587e-07 7.802912e-07 0.000117941876 6.8735073e-07 1.9281531e-08 0.0043665622
0.9458139 0.66053706 0.847843 0.9615489 2.325531e-15 0.18517825 0.919799 0.2156894 0.0059871105 0.0002587781 0.81927854 0.84139836 0.00062412827 0.00018198564 0.0015755974 0.008686792 0.2869258 0.20682073 0.08195429 0.90485275 0.3055681 0.4467308 0.030361375 0.14588028 0.07587344 0.62833536 0.0005230416 0.24671221 0.0037618505 0.0017140276 0.005263005 0.018548852 0.00011377266 1.8021425e-05 0.0008968696 5.8507276e-06 0.022593636 7.5492117e-06 3.648465e-06 0.08464131 1.2213231e-06 0.015131911 0.0008251014 0.32039636 1.6733849e-06 0.0108943265 0.019175112 0.09225899 0.015784582 3.7623544e-05 2.390008e-06 0.0011828329 2.9025514e-07 0.003613235 0.00017715442 0.071860984 0.048642483 0.00034287648 2.2059303e-05 0.03075126 2.117239e-05 0.025531564 6.462028e-05 0.00033738752 0.0001893846 0.00067793013 0.0044647465 1.461715e-07 1.7888635e-05 2.9499577e-06 1.2274182e-06 0.0004973854 0.00039407692 0.00022630366 0.0030612913 0.00042160228 1.5142131e-06 2.3256071e-07 3.7602326e-06 1.6128439e-05 2.2950148e-07 1.9410384e-06 0.00028150788 4.4223143e-05 4.2278884e-06 3.297725e-05 2.973182e-06 0.0009645167 9.620514e-06 0.0053595863 1.0327138e-06 6.03214e-06 2.1332893e-05 1.1341277e-06 0.0001354894 1.7198556e-07 1.100494e-06 0.00012130757 9.72125e-07 3.6541024e-08 0.006825331
0.15233792 0.76534224 0.4790336 0.37269592 0.18517825 1.4516754e-16 0.8054194 0.9984856 0.5146575 0.008140858 0.07354821 0.02894512 0.0056979065 0.010847585 0.020194001 0.73711735 0.090214916 0.0018141962 0.5793316 0.039333012 0.13350765 0.005819171 3.8111248e-05 0.00054611574 0.054246686 0.008477493 0.00038818584 0.01927691 0.00028814928 6.2848567e-06 0.00024581316 0.11273568 9.238191e-05 0.0002874768 5.5846434e-05 2.0327316e-05 0.00021474848 2.190844e-05 2.302139e-05 0.0010034002 6.529324e-06 9.749085e-05 3.104681e-05 0.02717542 6.594e-05 0.00021286405 0.0040322 0.13292772 0.00026291166 2.5287502e-05 6.392672e-07 0.001554391 2.0857951e-06 0.00018283735 5.5093096e-05 0.0009973665 0.004560743 4.290886e-06 7.4973746e-06 0.00055015605 6.896003e-05 0.00015679079 4.4997096e-06 0.000102998936 0.00036253553 3.4394212e-05 0.0038700246 9.033987e-07 4.6449014e-08 4.7548756e-06 2.0110814e-05 5.450441e-06 0.00015154252 7.0740225e-06 0.0015927082 2.6085634e-05 7.4162413e-06 1.3613595e-06 3.3897568e-06 2.8004315e-06 3.5895894e-08 1.2067725e-05 2.736832e-05 0.00023840232 2.6874093e-06 6.6679027e-06 1.6162869e-07 1.0255879e-05 1.713225e-08 0.00050207874 1.5181682e-07 8.296847e-05 6.638794e-05 1.7398301e-07 4.8712704e-06 1.0100912e-05 2.7283024e-05 0.0003959318 1.4077788e-06 4.5516626e-09 0.002854971
0.64396226 0.7670858 0.79987824 0.9634793 0.919799 0.8054194 2.4718912e-15 0.84310085 0.012814691 0.00040265403 0.93749005 0.4775838 0.0012110338 0.00031140266 0.0036691886 0.097400494 0.64331526 0.082426175 0.46670344 0.37874615 0.11418967 0.13377091 0.0034778295 0.032164313 0.22650188 0.545565 0.0011045148 0.25306484 0.00089535606 0.0006657504 0.0032384999 0.10047646 0.0002754571 9.995918e-05 0.0005013708 1.9015031e-06 0.004435222 9.189086e-06 1.3755323e-06 0.05301881 2.6001546e-06 0.0026332887 0.0001720362 0.30347827 2.19178e-05 0.0018673515 0.0066239294 0.33533254 0.0034290527 3.7292328e-05 1.1205673e-06 0.00052697223 1.4563933e-06 0.0032165921 2.7114475e-05 0.009482399 0.093222044 0.000398668 0.00011524327 0.0023680767 9.293942e-05 0.0039617713 0.00013357111 7.4053336e-05 9.6137956e-05 0.00011076434 0.0014761799 8.806005e-08 4.7554922e-06 8.490624e-06 1.0313817e-05 0.00020625019 0.00011268827 0.0002018122 0.0008477534 0.00022233475 2.1076405e-06 2.0723244e-06 5.329059e-06 1.0726044e-05 5.252404e-07 1.15000585e-05 0.00017377781 0.000116194555 2.4550169e-05 2.9630133e-05 2.6728353e-06 0.0012272738 3.61507e-06 0.00025565375 3.363413e-06 1.8553083e-05 0.00013218579 1.3459985e-06 2.4711213e-05 6.2755025e-06 3.6435972e-06 0.0011999393 2.1162891e-06 1.078928e-07 0.0007721956
0.082713395 0.7136565 0.43137693 0.41508836 0.2156894 0.9984856 0.84310085 2.3579833e-16 0.33042485 0.0018161401 0.1515016 0.041812398 0.0016050729 0.0022391577 0.007754475 0.76468295 0.16715124 0.003619355 0.7099018 0.053756226 0.09807973 0.011460524 0.00019964199 0.0011912424 0.068725005 0.033624794 0.00029125938 0.024083847 0.00035023695 4.7430753e-05 0.00040528201 0.10561779 4.763883e-05 0.000111757174 0.000120596334 3.1415252e-06 0.00023166079 4.418375e-06 1.8232553e-05 0.0038431447 2.2051113e-06 0.00016866496 6.386117e-05 0.029999586 4.6248544e-05 0.00027863446 0.0026505196 0.12357835 0.0004814181 1.1385822e-05 3.7518132e-07 0.00056989584 2.5400288e-06 0.00018473518 3.865821e-05 0.0015587835 0.009721219 2.8830005e-05 1.5840487e-05 0.00035071356 4.8981612e-05 0.0004492515 1.2952609e-05 5.8036556e-05 0.00030504895 3.261743e-05 0.0018503943 1.8417902e-07 2.1027707e-07 1.1312812e-06 1.1998104e-05 5.33003e-06 3.3020933e-05 3.582953e-05 0.00092121365 2.661642e-05 3.681133e-06 5.710268e-07 2.8015268e-06 1.7471235e-06 3.441982e-08 1.2111805e-05 1.0775071e-05 9.683286e-05 2.4462329e-06 4.6181926e-06 9.109552e-08 0.00016705166 5.0110835e-08 0.00023110186 1.407942e-07 3.0700943e-05 2.111462e-05 1.9368971e-07 7.434256e-06 4.7057138e-06 3.7713803e-06 0.0003661343 2.6727664e-06 8.379537e-09 0.0013361921
0.9493225 0.8533826 0.3271789 0.021588888 0.0059871105 0.5146575 0.012814691 0.33042485 5.5215286e-18 0.6720167 0.00022189184 0.0010804486 0.64354444 0.91595864 0.5917865 0.9859134 0.00031922729 0.00029441764 0.01358186 0.005873303 0.3565174 0.00039028333 1.1832446e-06 0.00011077639 0.00012150833 1.4598886e-05 0.13056415 4.380175e-06 1.1711559e-06 5.31107e-07 2.7581602e-05 0.007899395 0.057379402 0.14135106 8.8130247e-07 0.0044182553 7.306938e-05 0.004559588 0.0016760195 6.637297e-06 0.0019464876 2.7055941e-05 6.010356e-07 7.02954e-05 0.004100578 3.3880493e-05 0.0261318 0.0006877797 0.000103556704 0.001183058 0.00066995114 0.068313695 0.00074798247 5.446768e-06 4.234096e-07 0.00024604934 1.0716678e-05 5.159373e-07 8.3797056e-07 0.00017022742 0.007915474 1.5511338e-05 1.2568624e-06 7.935198e-07 0.032011367 8.824214e-06 0.070223205 3.1205327e-05 1.0115347e-08 0.000441106 0.0021036265 2.7735657e-08 3.6838335e-06 1.1863316e-06 0.013428099 3.3988595e-06 6.606999e-05 2.5619325e-05 9.315492e-06 8.357993e-08 3.2414643e-08 0.0026339327 2.931483e-05 0.00461925 0.0002290208 2.2501583e-06 4.4535675e-08 1.5250554e-05 2.1269113e-08 0.00087310135 5.532877e-07 0.0021476978 0.003032348 5.8478207e-08 4.701102e-06 0.00012226541 0.0015074348 8.103638e-05 1.0339861e-06 1.9940316e-08 0.015861927
0.89545584 0.053613722 0.0045740893 0.00082617975 0.0002587781 0.008140858 0.00040265403 0.0018161401 0.6720167 2.0735545e-13 2.9462926e-05 0.00013644154 0.9792166 0.9796077 0.3884273 0.021192238 5.389612e-05 2.3708266e-05 0.0018277399 0.0036341045 0.065515555 0.0006041991 8.168811e-06 0.0001399984 0.00018152925 2.2555307e-05 0.3799135 7.505849e-05 7.45971e-06 3.682e-06 3.9729213e-05 0.000911399 0.24859484 0.32676125 1.2430805e-05 0.61095333 0.000120544006 0.31314763 0.41027474 0.000173322 0.11182323 5.8950332e-05 2.682116e-05 0.00046658306 0.10474647 0.00017356448 0.013490727 0.0008825537 0.00037449424 0.044608913 0.08162593 0.11137774 0.012288665 0.00031603305 1.2920864e-05 0.0011310538 0.0009524828 0.00012123112 7.020863e-05 0.0002830323 0.02437957 0.00068796304 2.4467963e-05 4.0581363e-05 0.13065252 0.00016997046 0.050300267 0.0016085759 2.537996e-07 0.012557482 0.0025732885 2.3227797e-06 8.826466e-05 0.00011239731 0.01136687 0.000384756 6.6365974e-05 1.623303e-05 0.00020708388 7.9922427e-07 3.4779003e-07 0.005423774 0.0010140407 0.01777892 0.00021342913 4.2545107e-06 1.0984426e-05 0.0001098659 1.45261465e-08 0.0016487368 1.1461593e-05 0.0029895878 0.003031083 3.5527074e-07 1.6486809e-05 0.00012415848 0.0053160954 4.5773795e-06 8.257571e-06 6.43861e-07 0.011274444
0.6901861 0.47257787 0.40677735 0.7796066 0.81927854 0.07354821 0.93749005 0.1515016 0.00022189184 2.9462926e-05 6.394472e-16 0.7605962 4.308545e-05 2.169727e-05 0.0002557242 0.0046529067 0.9894865 0.4073111 0.2711415 0.45343527 0.016258107 0.27158257 0.012354812 0.13258885 0.2685025 0.86574996 7.2806855e-05 0.52050734 0.003565783 0.002667497 0.014137088 0.009173352 1.0468716e-05 7.769769e-06 0.0005610179 3.3021763e-08 0.01765944 1.1964082e-06 1.1730064e-07 0.15654527 6.958103e-08 0.003496671 0.00024183515 0.39019677 2.0088079e-07 0.0077962824 0.0010427898 0.18643197 0.006279217 2.1468643e-06 1.394165e-07 0.00010063476 6.407489e-08 0.0019836873 5.9318194e-05 0.008991078 0.0766759 0.000113363465 6.1950224e-05 0.003742556 2.580582e-06 0.0035975096 3.62609e-05 5.3706684e-05 3.861722e-06 0.00011998545 0.00051684986 8.257591e-09 9.139936e-07 2.0725192e-07 4.4951653e-07 8.062921e-05 0.00011065518 7.883815e-05 0.00014190936 0.00012887495 3.0985166e-07 5.669025e-07 1.3541428e-07 2.8238062e-06 3.90443e-08 1.701169e-06 0.00013930202 6.197471e-06 1.7160777e-05 1.0485192e-05 5.3608335e-07 0.002283649 2.211485e-07 0.00049821596 1.232828e-07 1.6463673e-06 9.686398e-05 2.2035209e-07 2.6765938e-05 4.531655e-06 7.035794e-06 0.0005248584 2.7643496e-06 3.419386e-07 0.001127374
0.95280135 0.031220755 0.27479696 0.4682971 0.84139836 0.02894512 0.4775838 0.041812398 0.0010804486 0.00013644154 0.7605962 6.2032934e-16 5.4211858e-05 0.00020887573 0.0007529343 5.4784083e-05 0.11842496 0.961488 0.005745494 0.8713182 0.054262616 0.9070849 0.70471364 0.6228613 0.015790507 0.7702707 6.456663e-05 0.15419294 0.10555466 0.11566755 0.10404145 0.0003140001 9.779305e-06 1.8881123e-05 0.020131158 3.695988e-06 0.32008952 2.9357282e-06 3.287904e-06 0.27748024 6.189571e-07 0.16879424 0.016914427 0.3308047 2.3390439e-07 0.18800126 0.01059565 0.027250076 0.1543446 2.9389078e-06 3.3241506e-07 0.0006808129 3.466327e-07 0.037464637 0.027800122 0.17024995 0.04353247 0.003501827 0.00046559828 0.1487085 2.523952e-06 0.06643778 0.00030291267 0.0049591195 0.00014033621 0.024851132 0.0018717108 1.1062979e-07 0.000558896 7.7343293e-07 9.898993e-07 0.0003087348 0.0052477736 0.002025141 0.0054588537 0.0016880054 2.3100376e-06 2.3322967e-07 6.571363e-07 2.9214443e-05 1.11530426e-07 8.221057e-08 0.0002458903 6.150148e-05 1.277983e-06 6.165729e-05 2.0391992e-05 0.0010095616 8.422385e-07 0.02101868 2.5591305e-06 4.9999276e-06 4.0685036e-06 5.3384083e-06 0.0006717905 2.4062538e-07 3.9294278e-08 4.5628435e-06 5.5335125e-08 7.620885e-09 0.01119224
0.9078265 0.11022648 0.013770734 0.0013559514 0.00062412827 0.0056979065 0.0012110338 0.0016050729 0.64354444 0.9792166 4.308545e-05 5.4211858e-05 6.0127196e-14 0.27000442 0.96044093 0.010486068 1.7786348e-05 7.265464e-06 0.00039633413 0.0068310257 0.2628037 0.0003441195 2.2619715e-05 0.00013646978 0.00010339221 8.606478e-06 0.9105172 2.254492e-05 3.2339845e-05 4.718327e-06 0.00013263016 0.00016248079 0.26935586 0.39341462 7.8667224e-05 0.16607414 4.2955307e-05 0.021932958 0.25498098 0.00015302224 0.016053272 3.174208e-05 9.684897e-06 0.00037813652 0.19562595 6.726659e-05 0.032646757 0.0017174082 0.00030639855 0.0016389365 0.006593567 0.31321725 0.03076181 0.00010847703 9.137626e-07 0.0033661423 0.00022731074 3.0623334e-05 5.7294715e-06 0.0007011998 0.08382939 0.0018893641 2.148796e-06 2.259411e-06 0.22167623 0.0001236151 0.08096332 0.00084757025 8.728935e-07 0.003312276 0.0045130993 5.9212215e-07 3.6534302e-06 0.00011077839 0.015911613 0.00015359872 0.00014350521 1.34031325e-05 4.0818908e-05 3.894549e-06 4.7019788e-07 0.02268049 0.00013824235 0.01732845 0.000104433726 3.0467472e-06 2.7840122e-06 6.362791e-05 1.4725683e-07 0.0038585875 1.7986542e-06 0.003356396 0.0042136917 1.2166231e-06 9.119206e-05 0.000119425604 0.00318509 9.43746e-06 2.458938e-06 5.0585413e-08 0.014428309
0.11340871 0.0991464 0.009537407 0.0020963126 0.00018198564 0.010847585 0.00031140266 0.0022391577 0.91595864 0.9796077 2.169727e-05 0.00020887573 0.27000442 2.4080255e-15 0.09267879 0.027193608 1.3434727e-05 3.6541536e-05 0.0008668539 0.0018560144 0.0069743306 0.00039414404 8.6440156e-07 0.00012993728 6.120594e-05 1.5992025e-06 0.13240388 8.933308e-06 5.616088e-06 2.895616e-06 5.139467e-06 0.00091658666 0.041621927 0.04976948 9.625002e-06 0.384663 0.00014784341 0.9865351 0.0020979806 7.371378e-05 0.025566472 1.80848e-05 4.8997144e-06 1.4197724e-05 0.001981203 0.00012835857 0.0025801186 0.00012962056 0.00014635193 0.01604079 0.0028168538 0.016625192 0.0004337294 0.00010229471 5.0196168e-06 0.00063016656 0.0005247071 9.545861e-05 1.2908265e-05 0.0001418217 0.00045405386 0.00021767955 3.0203388e-05 4.936453e-06 0.010815063 0.00014118379 0.005042763 0.000140734 1.03781275e-07 0.00042065527 0.00024107135 6.365789e-07 3.5718492e-06 0.00023264358 0.0010494175 0.00023575839 5.251698e-05 2.3055118e-05 2.925738e-05 1.6765925e-06 6.657094e-08 0.00020081943 6.234554e-05 0.00035330062 0.00014379127 5.914077e-05 8.3942393e-07 4.3544774e-06 1.3247328e-06 0.00015099086 1.6038595e-06 1.269322e-05 0.00016363306 3.2643772e-08 2.740483e-05 5.037074e-05 0.0001763206 3.858896e-05 3.950251e-06 1.701698e-06 0.0014406543
0.93361807 0.26671308 0.0664236 0.0051051965 0.0015755974 0.020194001 0.0036691886 0.007754475 0.5917865 0.3884273 0.0002557242 0.0007529343 0.96044093 0.09267879 2.1436557e-14 0.011290639 7.5414086e-05 2.717189e-05 0.0005166377 0.07057983 0.9458417 0.0014246152 4.2097614e-05 0.00027020552 6.442123e-05 3.6960726e-06 0.7995993 7.860861e-06 4.9038867e-05 9.812086e-06 3.5074114e-05 0.00019654477 0.18354276 0.6410961 2.4288553e-05 0.005214399 0.00016399146 0.00067636056 0.04987502 0.0007861521 0.0012192082 1.7851227e-05 1.4797394e-05 7.5314034e-05 0.033663124 0.00023657412 0.6511613 0.00029819738 0.0009298783 0.00010506337 0.0004926422 0.7011918 0.0047136797 1.8856903e-05 1.220486e-06 0.025198678 2.8990962e-05 3.4113247e-05 3.6924564e-05 0.004641092 0.019096611 0.020259498 2.6013318e-05 2.3795574e-06 0.25041464 0.00028921416 0.36785254 0.00014791038 3.9988376e-07 0.00016107727 0.0006276897 1.4132712e-06 4.81582e-07 0.00022593339 0.07844861 0.00019798223 6.894789e-06 1.863873e-06 2.0304676e-06 8.3121233e-07 9.213395e-09 0.008334823 6.8862664e-06 0.008992827 7.114562e-06 2.8800516e-05 5.2630844e-07 8.9209625e-06 3.494712e-08 0.011658734 6.192479e-08 0.001657402 0.0033166902 1.0550691e-07 0.00077942107 6.0132574e-05 0.0022838407 2.7434224e-05 1.1545062e-06 1.1078302e-08 0.04917455
0.11921275 0.4017289 0.16752927 0.03979721 0.008686792 0.73711735 0.097400494 0.76468295 0.9859134 0.021192238 0.0046529067 5.4784083e-05 0.010486068 0.027193608 0.011290639 8.2230745e-13 0.05566448 1.2118931e-05 0.89599806 0.00013476145 0.010920446 2.7145845e-06 5.007491e-08 1.4371352e-06 0.06354096 3.224576e-05 0.00023069074 0.00043313814 6.2158944e-07 6.529119e-08 1.8039505e-06 0.95088387 4.0711157e-06 2.1997837e-05 2.6329167e-07 0.00091679994 9.685474e-07 0.0016557857 3.7999373e-06 2.2277877e-06 7.199735e-05 2.3941873e-06 3.9273542e-07 0.00060117757 2.2443795e-05 3.601792e-07 0.001207928 0.13427725 3.1278142e-07 0.00050572975 0.00019612462 0.00017016509 7.0565443e-06 3.1208883e-06 1.08450294e-07 8.5822376e-07 0.00045100937 1.8391064e-07 3.1847722e-07 7.661169e-07 3.2893086e-06 1.1200332e-06 1.0389397e-07 7.9347217e-07 3.5202396e-05 3.2664903e-07 0.00076867983 3.726147e-07 1.5957068e-09 1.2570955e-05 4.1082243e-05 4.8625253e-08 3.1702011e-06 7.480319e-08 0.00021281574 5.481188e-07 8.660548e-06 7.5774e-06 6.1202463e-06 3.0293283e-08 1.487551e-07 2.1347994e-05 1.1248679e-05 0.00017558747 4.6272757e-07 1.57683e-06 2.097618e-08 0.00010196988 4.5164827e-09 0.00027229154 8.6824535e-08 0.00022602304 0.00018577297 1.2038941e-09 2.5458517e-06 2.8765438e-05 0.00020492246 0.0140019795 9.2217e-06 6.015916e-08 0.014695677
0.0434699 0.13063017 0.10409499 0.25324565 0.2869258 0.090214916 0.64331526 0.16715124 0.00031922729 5.389612e-05 0.9894865 0.11842496 1.7786348e-05 1.3434727e-05 7.5414086e-05 0.05566448 2.4337896e-16 0.02518637 0.88749164 0.032093313 0.0026622626 0.014429438 0.0014052503 0.007236901 0.949538 0.88306147 7.7871526e-05 0.71566534 0.0003836987 0.00028165503 0.0028568653 0.17190735 1.5458138e-06 2.5199618e-06 5.807443e-05 1.1203695e-08 0.00094216695 2.3455843e-07 4.317863e-08 0.11794301 9.5204356e-08 0.0011706217 2.2817525e-05 0.50621635 1.7800463e-07 0.0002420818 0.0001290122 0.55316067 0.00013290922 6.7249783e-07 1.1301544e-08 7.932775e-06 2.6794988e-08 0.0008528463 4.3335317e-06 0.00051679666 0.14703931 7.86536e-06 3.692194e-06 0.00010526355 1.7996839e-06 0.00015572591 5.0408776e-06 5.603222e-06 4.6391887e-07 5.38095e-06 8.1169186e-05 1.7595514e-09 4.3616918e-08 1.8091983e-08 2.45295e-07 2.7821573e-06 3.2696666e-05 2.995824e-06 3.2665776e-05 8.292112e-06 4.770923e-08 2.473329e-08 5.2402232e-08 3.5493952e-07 3.723649e-09 1.9193972e-07 7.526169e-05 7.1992804e-07 1.0563977e-06 4.1840653e-07 6.884204e-08 0.001658606 1.2427929e-08 2.1765949e-05 1.54661e-08 1.5896686e-06 6.9752846e-06 5.200096e-09 1.3154781e-06 7.96236e-07 6.1936333e-07 0.002293806 1.4571914e-07 6.959417e-08 0.00014319883
0.96146625 0.00076873775 0.010993818 0.035741583 0.20682073 0.0018141962 0.082426175 0.003619355 0.00029441764 2.3708266e-05 0.4073111 0.961488 7.265464e-06 3.6541536e-05 2.717189e-05 1.2118931e-05 0.02518637 3.5083372e-15 0.0004051031 0.32904097 0.0064652064 0.9039053 0.8747303 0.8270987 0.0029062163 0.67312855 2.9696882e-06 0.07386627 0.5077561 0.7692765 0.32554954 1.4511616e-05 1.6222916e-06 4.5693426e-07 0.12983716 2.5363859e-06 0.6988782 5.231865e-06 3.4008065e-07 0.34495863 1.13202866e-07 0.3791817 0.17284948 0.29085037 1.2955955e-07 0.4293609 0.0045868293 0.004959266 0.33339453 2.7232918e-06 1.6914763e-07 0.00010316626 8.2809535e-08 0.12586871 0.22697408 0.16996424 0.033754256 0.12863667 0.0067987666 0.19217877 4.130668e-07 0.06503687 0.004295578 0.0544023 3.1971886e-05 0.14670283 0.000922836 2.5080698e-08 0.0067300512 9.928765e-07 3.5868018e-07 0.0042840554 0.04649049 0.019475503 0.0013324447 0.01660088 1.3158835e-06 9.926631e-08 3.847343e-07 0.0003784809 6.04783e-08 4.4240704e-08 0.0011456967 1.2060063e-05 2.6012796e-05 0.00095935835 0.00014086974 0.0007648824 8.886806e-05 0.037183918 4.5354427e-06 8.321102e-07 1.9854342e-06 5.2399715e-05 0.0045870827 4.8217163e-07 4.2900997e-08 1.0946763e-06 9.3578656e-08 2.4506983e-07 0.009794025
0.012773812 0.22808038 0.12152564 0.08753142 0.08195429 0.5793316 0.46670344 0.7099018 0.01358186 0.0018277399 0.2711415 0.005745494 0.00039633413 0.0008668539 0.0005166377 0.89599806 0.88749164 0.0004051031 1.762985e-16 0.002951991 0.0034410849 0.0006826913 5.1937724e-05 0.00015516228 0.9506863 0.027035318 2.0417736e-05 0.1268926 4.673992e-05 5.2980413e-06 0.00021656638 0.9818166 1.8030511e-06 2.5366014e-06 6.840546e-06 5.7339488e-08 5.2701467e-05 8.477768e-06 5.9247263e-06 0.0011727465 8.1947127e-07 6.717332e-05 7.4935895e-05 0.05317771 1.007288e-05 1.8897785e-05 0.0006505262 0.4143588 9.533901e-06 3.5405752e-05 1.4259139e-07 6.8503646e-06 5.2785265e-07 0.0003233234 5.6896797e-06 4.0795327e-05 0.010773895 7.79184e-07 8.7324486e-07 3.046769e-05 7.4249606e-06 5.188918e-06 8.293935e-07 7.961369e-06 5.365853e-06 1.3921071e-05 0.00012197123 5.7231098e-08 7.581961e-08 3.254435e-07 2.1506062e-06 9.779874e-08 1.0522587e-05 3.1565423e-07 0.00028719346 3.6445288e-06 3.5121607e-07 2.3376747e-07 1.7119845e-07 2.7821875e-07 1.0341453e-07 2.233674e-06 3.207826e-05 1.36049075e-05 1.2496047e-07 2.8344974e-07 1.2764487e-07 0.00043504033 5.3813853e-10 0.0002849827 2.930764e-09 1.919368e-05 1.1147758e-05 3.4207833e-08 2.7817734e-07 3.2559017e-06 3.94953e-05 0.004052144 1.5561943e-06 7.2087336e-09 0.0006126402
0.97452235 0.53173107 0.74381757 0.73271614 0.90485275 0.039333012 0.37874615 0.053756226 0.005873303 0.0036341045 0.45343527 0.8713182 0.0068310257 0.0018560144 0.07057983 0.00013476145 0.032093313 0.32904097 0.002951991 4.121355e-14 0.8001502 0.9277627 0.020615319 0.45409754 0.0032617124 0.18196733 0.0027020774 0.021686347 0.0040602735 0.0039278246 0.004407801 0.00070992345 0.00041191955 0.0010497874 0.0013791966 8.300836e-05 0.06533103 5.946495e-05 2.2836073e-05 0.012287599 3.16205e-05 0.00601542 0.000577161 0.041340638 8.375528e-05 0.047887504 0.5520872 0.0066213305 0.11116023 6.764892e-05 4.9787677e-06 0.030958619 1.0815324e-05 0.0022266866 0.00041360199 0.79290444 0.0015954516 0.00017259328 6.2959434e-06 0.44786274 0.000116912495 0.31045246 1.1209869e-05 0.00014917897 0.0015819069 0.0028049047 0.03428025 8.4109115e-06 1.0806087e-05 2.3430157e-05 2.06743e-05 9.7292495e-06 0.00030098564 0.00024467742 0.04069554 0.00012538227 3.857658e-06 1.6490527e-06 9.821794e-06 7.4089317e-06 6.104571e-08 1.0839797e-05 0.00026839593 0.0008826546 2.563796e-06 5.2516607e-06 1.099241e-05 0.00025138175 6.9298153e-07 0.029002573 4.527862e-06 0.0001609133 0.00015318065 1.2715584e-05 0.00015147027 1.0003513e-05 2.7704516e-06 3.301476e-05 2.902715e-07 3.5604641e-09 0.08963463
0.84078413 0.77559143 0.8089311 0.3089036 0.3055681 0.13350765 0.11418967 0.09807973 0.3565174 0.065515555 0.016258107 0.054262616 0.2628037 0.0069743306 0.9458417 0.010920446 0.0026622626 0.0064652064 0.0034410849 0.8001502 5.599492e-14 0.053207908 0.0007813979 0.008461807 0.0004021283 0.0036606728 0.055213463 0.0004775489 0.00011953363 0.00018204465 0.0001084337 0.0016862082 0.030277276 0.16052075 2.7632097e-05 0.00012084523 0.0023538512 3.6744463e-05 0.0024801013 0.0013433415 3.3694247e-05 0.00011717627 1.1976864e-05 0.0010423702 0.0009320322 0.003152829 0.97746307 0.0010760977 0.009836123 1.1269745e-05 4.496797e-06 0.60966504 0.00048069854 7.546034e-05 1.2809962e-05 0.20510969 4.2721993e-05 0.0001737377 1.2994514e-05 0.028808808 0.0020842305 0.039761484 4.3870794e-05 6.3760044e-06 0.07597319 0.0013376795 0.26300794 2.2180095e-05 9.665299e-06 1.9539306e-05 8.022637e-05 1.0683457e-06 5.1590705e-06 0.0006668377 0.088892505 0.00020378802 4.391921e-06 2.6106065e-07 1.0506668e-06 1.4517824e-06 3.2834166e-08 0.0005161113 1.4712277e-05 0.008348868 1.997353e-06 6.3651423e-06 2.0230107e-06 3.2111533e-05 3.436352e-07 0.014953401 2.811758e-07 0.0018469433 0.0009751255 2.1321796e-06 0.00018259863 2.3034368e-05 0.00025522793 3.7218535e-05 1.8209927e-07 7.468714e-08 0.064242885
0.85556173 0.042679887 0.13512401 0.2569674 0.4467308 0.005819171 0.13377091 0.011460524 0.00039028333 0.0006041991 0.27158257 0.9070849 0.0003441195 0.00039414404 0.0014246152 2.7145845e-06 0.014429438 0.9039053 0.0006826913 0.9277627 0.053207908 2.4814711e-15 0.36866188 0.96735096 0.0022075027 0.3319249 0.00017337606 0.017904954 0.08862451 0.15949081 0.043861866 2.999393e-05 2.9890447e-05 6.93711e-05 0.010155045 1.6643411e-05 0.58914423 6.247109e-06 2.7975136e-06 0.09644694 4.24759e-06 0.064543426 0.0083173895 0.07302929 2.626518e-06 0.32850498 0.013885504 0.0031373652 0.28938782 1.3690588e-05 4.6347574e-07 0.0007671324 1.0596628e-06 0.011415942 0.009615181 0.41547808 0.007345575 0.0068353 0.00037602632 0.34043604 4.742164e-06 0.14502285 0.00014415909 0.0027745618 6.5106615e-05 0.04809994 0.0012829206 4.824596e-07 0.0007450229 3.1951263e-06 7.3280085e-06 0.00022559967 0.0014396785 0.0009893656 0.0027241416 0.0011095068 2.5365987e-06 4.342511e-07 2.4173692e-06 7.056487e-05 3.2135286e-08 8.424123e-08 0.0003084973 0.00012688035 2.5484776e-06 7.939938e-05 1.030778e-05 0.00058732805 1.63461e-06 0.025521467 2.5812687e-06 4.6606583e-06 6.5726194e-06 1.19366005e-05 0.0005674161 2.2864958e-06 5.427458e-08 1.0500562e-05 6.525247e-08 6.26472e-08 0.01815411
0.8904271 0.00013895387 0.0023154693 0.016601996 0.030361375 3.8111248e-05 0.0034778295 0.00019964199 1.1832446e-06 8.168811e-06 0.012354812 0.70471364 2.2619715e-05 8.6440156e-07 4.2097614e-05 5.007491e-08 0.0014052503 0.8747303 5.1937724e-05 0.020615319 0.0007813979 0.36866188 4.4229205e-17 0.50498766 0.00044362416 0.23692146 0.00016373296 0.01047906 0.90669346 0.3417233 0.99660355 1.3494181e-05 4.736162e-06 6.1173256e-07 0.27710763 1.2986858e-07 0.42820436 1.6892742e-05 2.3482981e-08 0.34826002 3.231322e-08 0.39708412 0.33565375 0.102213055 2.2313445e-08 0.25372142 0.0010300818 0.0008929241 0.13463165 4.795936e-06 5.3742696e-07 2.6968253e-05 1.4500484e-08 0.15949814 0.12916777 0.02076446 0.02340354 0.073997706 0.0567636 0.04440596 3.759671e-07 0.012970756 0.026520303 0.045790415 3.3003473e-06 0.08645761 0.00047328326 3.904041e-09 0.0033734245 1.2122642e-07 1.6358787e-07 0.012839458 0.046940293 0.02298922 0.0009958809 0.016825225 9.619055e-08 1.1129455e-07 8.332227e-07 0.00016123634 6.3590893e-09 8.814642e-08 0.0039018753 1.2163429e-05 0.0008064682 0.0027547367 0.00017112771 0.0026508633 4.928532e-06 0.021479737 2.4218674e-05 2.7617225e-06 8.56394e-05 0.00016694941 0.0021782534 2.0067928e-06 7.779897e-06 1.2346448e-05 9.937562e-06 1.4988672e-06 0.003907632
0.8431748 0.0013711985 0.013417898 0.053729754 0.14588028 0.00054611574 0.032164313 0.0011912424 0.00011077639 0.0001399984 0.13258885 0.6228613 0.00013646978 0.00012993728 0.00027020552 1.4371352e-06 0.007236901 0.8270987 0.00015516228 0.45409754 0.008461807 0.96735096 0.50498766 8.130102e-15 0.00056963717 0.2636609 3.5342026e-05 0.012981311 0.18387024 0.3841353 0.08334647 5.4904035e-06 4.674672e-06 6.12625e-06 0.023690712 4.85127e-06 0.974525 1.1537044e-05 5.3593556e-07 0.100695916 1.2564429e-06 0.102473274 0.0289311 0.050416257 1.0383557e-06 0.6039793 0.0055490686 0.0006036816 0.38054368 2.1722733e-05 2.5998412e-07 0.00029200612 5.806739e-07 0.021481663 0.03415557 0.409463 0.0021293908 0.039151713 0.0017840907 0.36119545 6.9969e-07 0.11353594 0.00083979435 0.004505776 1.8972094e-05 0.19493827 0.00065308035 1.5353815e-07 0.0013757423 2.3226803e-06 2.4532578e-06 0.0006982146 0.0029056454 0.006466637 0.0013044497 0.0052108695 1.9098832e-06 8.7346756e-08 1.1893154e-06 0.00013859653 1.5942291e-08 2.138215e-08 0.00025346837 5.4144948e-05 7.10343e-06 0.00023223991 2.676132e-05 0.00014586243 5.9044482e-06 0.041284513 2.4801411e-06 2.161139e-06 2.8387624e-06 2.3645267e-05 0.0014060292 1.0255766e-06 3.3239207e-08 1.5440178e-06 7.0502274e-08 3.5742875e-07 0.013240432
0.0045538414 0.041986134 0.039380766 0.07021583 0.07587344 0.054246686 0.22650188 0.068725005 0.00012150833 0.00018152925 0.2685025 0.015790507 0.00010339221 6.120594e-05 6.442123e-05 0.06354096 0.949538 0.0029062163 0.9506863 0.0032617124 0.0004021283 0.0022075027 0.00044362416 0.00056963717 6.4564356e-16 0.6663123 4.0562827e-05 0.95518225 0.00036336036 6.19253e-05 0.0018675813 0.8621426 1.7851967e-06 6.8508807e-06 1.8106683e-05 6.914734e-08 0.00012403657 2.678559e-06 1.5924742e-06 0.09593831 6.851446e-07 0.0010970937 0.00013111271 0.81782025 3.4824857e-06 8.2479186e-05 0.00020104401 0.9253989 9.80272e-05 2.4587212e-05 8.887216e-08 3.6036147e-06 4.901035e-07 0.001070186 2.0369716e-05 5.4459084e-05 0.5098759 6.0377974e-06 3.152648e-06 0.00011426654 4.9259943e-06 9.068126e-05 8.505845e-06 1.141064e-05 2.2926348e-05 2.6944448e-05 7.48554e-05 3.52345e-09 2.7330472e-07 6.6301794e-08 2.143546e-06 3.0225642e-06 0.0004921189 2.984725e-06 9.549657e-05 4.5075267e-06 5.1331745e-07 5.2072945e-08 5.2531755e-07 3.599989e-07 2.6842778e-07 4.5164657e-07 0.00042171992 1.4992139e-05 1.0014342e-06 1.2546852e-06 2.3867176e-07 0.031018114 1.7723171e-09 0.00012014907 9.437433e-08 1.0486451e-05 2.66093e-06 1.256863e-07 3.2954977e-06 2.046914e-06 6.8698087e-06 0.053054377 1.2058441e-05 1.376481e-08 0.00017848221
0.43428224 0.20347153 0.21812923 0.53732246 0.62833536 0.008477493 0.545565 0.033624794 1.4598886e-05 2.2555307e-05 0.86574996 0.7702707 8.606478e-06 1.5992025e-06 3.6960726e-06 3.224576e-05 0.88306147 0.67312855 0.027035318 0.18196733 0.0036606728 0.3319249 0.23692146 0.2636609 0.6663123 8.5016935e-17 6.2024615e-06 0.9926042 0.04919177 0.030309508 0.4027205 0.0033919758 4.5605316e-07 1.7828896e-08 0.008093085 3.6560945e-09 0.07305999 5.447391e-06 4.473607e-09 0.85226905 2.4654996e-09 0.070197694 0.0044669206 0.7273674 2.781333e-07 0.020066591 0.00035112503 0.15347116 0.010704202 6.332622e-06 2.006898e-08 1.6896722e-05 5.6393375e-08 0.04904714 0.0011831325 0.0129128955 0.17366418 0.002405216 0.0007359401 0.0032330302 9.805407e-08 0.002836864 0.00013718629 0.0009518353 1.1276986e-06 0.00037186866 0.00038834987 2.7490212e-09 9.054213e-07 2.044432e-08 7.0198456e-07 0.00040582212 0.009822812 0.00062896096 0.00011686612 0.00079743593 2.131028e-07 3.0181514e-08 1.573961e-07 4.939599e-06 4.034119e-09 3.381425e-07 0.00089023256 4.82764e-06 1.7017359e-05 0.000103656195 1.1113842e-05 0.0016637983 6.1546686e-08 0.0024511823 8.066688e-07 3.225211e-06 4.8963444e-05 4.427971e-08 0.00013412433 7.434192e-06 3.191087e-05 0.0005603933 4.7807043e-07 2.5491264e-08 0.0038743617
0.36801726 0.005795725 0.0014666398 0.00062191207 0.0005230416 0.00038818584 0.0011045148 0.00029125938 0.13056415 0.3799135 7.2806855e-05 6.456663e-05 0.9105172 0.13240388 0.7995993 0.00023069074 7.7871526e-05 2.9696882e-06 2.0417736e-05 0.0027020774 0.055213463 0.00017337606 0.00016373296 3.5342026e-05 4.0562827e-05 6.2024615e-06 2.4369057e-13 8.140232e-06 0.00026909256 3.3046763e-05 7.833609e-05 1.3937982e-05 0.994783 0.5046704 4.1471794e-05 0.099918015 3.384106e-05 0.010536405 0.19662134 0.00031072777 0.021238398 1.9188281e-05 4.256278e-05 0.0009501752 0.54873735 5.465237e-05 0.023196517 0.00010322511 0.00015264079 0.0014615213 0.0065709557 0.19126226 0.045318015 1.1309269e-05 4.09838e-06 0.0021949557 0.00036848334 2.1825836e-05 5.0274684e-06 0.00032983118 0.5383802 0.00116199 1.2282825e-06 6.692576e-06 0.08358867 6.740067e-05 0.019295854 0.008377209 1.2034925e-05 0.0046039145 0.0053020907 3.9570998e-07 1.9433546e-05 8.485731e-05 0.0036751789 5.7511616e-06 0.0015233788 8.543645e-05 0.00017598932 1.5545784e-05 4.858637e-06 0.11174367 6.1695166e-05 0.05649359 5.2204294e-05 1.2403254e-06 1.4417393e-08 5.3400786e-06 1.8164499e-07 0.0006976804 2.3453316e-07 0.0021572579 0.0068911086 2.6114046e-06 6.464512e-05 0.0001462272 0.0021744894 1.0421762e-06 6.26476e-05 1.0431341e-09 0.005017097
0.010724245 0.08785277 0.06634828 0.16228214 0.24671221 0.01927691 0.25306484 0.024083847 4.380175e-06 7.505849e-05 0.52050734 0.15419294 2.254492e-05 8.933308e-06 7.860861e-06 0.00043313814 0.71566534 0.07386627 0.1268926 0.021686347 0.0004775489 0.017904954 0.01047906 0.012981311 0.95518225 0.9926042 8.140232e-06 5.964235e-17 0.0046770643 0.0020758514 0.030629557 0.08932614 3.3787495e-07 2.766622e-07 0.0006011428 1.33304e-08 0.002223901 8.87467e-07 6.061006e-08 0.6191328 3.627693e-08 0.0099907005 0.00029177897 0.94418615 7.3614655e-07 0.00055268285 0.000105670406 0.62993616 0.00044923695 3.6608799e-06 4.7585518e-09 1.5676954e-06 2.6437684e-07 0.009371746 9.586357e-05 0.0003491105 0.44373426 2.7379516e-05 3.253498e-05 0.00013183492 5.4443814e-07 0.00023459816 2.1201002e-05 5.5704095e-05 1.103484e-06 1.8833072e-05 5.2065672e-05 3.889219e-10 1.001123e-06 2.2462046e-08 1.1626539e-06 2.9686758e-05 0.002351065 2.955385e-05 5.2722382e-05 1.762494e-05 6.333555e-07 2.7608296e-08 2.9213895e-08 3.1373575e-06 5.6028817e-09 2.4532403e-07 0.00057965645 2.5606905e-06 1.0026172e-06 2.617718e-06 5.299833e-07 0.010036103 7.3247875e-08 0.00017357987 8.742393e-08 3.209743e-06 1.934624e-06 2.674541e-08 7.1992504e-06 1.3576606e-06 9.485992e-07 0.008303152 1.584002e-07 1.14367475e-08 0.00039764828
0.8713531 0.00013302514 0.0006681598 0.0023471243 0.0037618505 0.00028814928 0.00089535606 0.00035023695 1.1711559e-06 7.45971e-06 0.003565783 0.10555466 3.2339845e-05 5.616088e-06 4.9038867e-05 6.2158944e-07 0.0003836987 0.5077561 4.673992e-05 0.0040602735 0.00011953363 0.08862451 0.90669346 0.18387024 0.00036336036 0.04919177 0.00026909256 0.0046770643 6.344274e-16 0.7285343 0.8706031 1.7367087e-05 7.451498e-06 4.6847263e-06 0.9803487 1.11905464e-07 0.29091632 5.609517e-07 6.2268226e-09 0.06408497 6.456856e-08 0.26648778 0.95495903 0.019272143 1.452819e-07 0.19229718 0.0003754743 8.448893e-05 0.079268135 2.8982656e-06 1.2036927e-06 1.6784075e-05 2.748121e-08 0.29391265 0.52719235 0.008697124 0.0030450074 0.46738046 0.3324247 0.027245266 7.4795946e-07 0.0065877307 0.28962916 0.29635963 1.6752589e-05 0.32652193 0.00012433503 1.042615e-09 0.4903587 2.5958772e-07 1.7119503e-07 0.5688607 0.08473493 0.15391845 0.0008058047 0.1479453 2.385606e-08 1.9041951e-07 2.1487354e-07 0.0027507632 5.157493e-09 8.423063e-08 0.00449505 5.1473494e-06 0.0021512855 0.018446611 0.0022678056 0.0019974113 0.0014131122 0.02256723 0.00031091747 2.7050767e-06 1.4542843e-05 0.002260614 0.025117565 1.284406e-06 1.7274228e-06 2.447026e-06 0.00056111254 0.00054244004 0.0019246921
0.96022433 6.4728683e-06 0.00014965277 0.00059771235 0.0017140276 6.2848567e-06 0.0006657504 4.7430753e-05 5.31107e-07 3.682e-06 0.002667497 0.11566755 4.718327e-06 2.895616e-06 9.812086e-06 6.529119e-08 0.00028165503 0.7692765 5.2980413e-06 0.0039278246 0.00018204465 0.15949081 0.3417233 0.3841353 6.19253e-05 0.030309508 3.3046763e-05 0.0020758514 0.7285343 9.936989e-16 0.3094869 6.4988158e-06 2.617179e-06 6.390667e-07 0.9860054 2.2372599e-06 0.5768348 3.1605336e-07 5.7740914e-09 0.036800377 1.7065254e-07 0.12199299 0.48574236 0.013697916 5.5591876e-08 0.41048318 0.00032537326 3.108506e-05 0.15761116 1.9729764e-06 8.7654985e-07 2.099731e-05 9.990922e-09 0.13939986 0.30636063 0.017755082 0.002505812 0.86695015 0.53926945 0.09882119 2.2004298e-07 0.013638749 0.47035745 0.24624996 1.8740541e-06 0.65004367 0.00030675612 2.1876305e-09 0.23536322 6.810177e-07 1.3529306e-07 0.15824047 0.07302977 0.4073871 0.00077860244 0.42951208 3.1454046e-08 1.6603633e-07 3.0262174e-07 0.0028656337 1.6064051e-08 5.3704092e-08 0.0042861197 5.504501e-06 0.0037665875 0.0416959 0.0017575468 0.00038485322 0.000616497 0.07478197 0.00018800849 4.880238e-07 1.0393619e-05 0.003201274 0.03838407 1.18183664e-07 5.4514476e-07 6.512058e-07 0.00023879942 7.535053e-05 0.005118969
0.27468842 0.00030333933 0.0012110684 0.004373766 0.005263005 0.00024581316 0.0032384999 0.00040528201 2.7581602e-05 3.9729213e-05 0.014137088 0.10404145 0.00013263016 5.139467e-06 3.5074114e-05 1.8039505e-06 0.0028568653 0.32554954 0.00021656638 0.004407801 0.0001084337 0.043861866 0.99660355 0.08334647 0.0018675813 0.4027205 7.833609e-05 0.030629557 0.8706031 0.3094869 3.6968578e-16 3.5636887e-05 1.7798521e-06 1.7914541e-06 0.2472693 3.100654e-07 0.09320507 4.8650727e-06 8.87519e-08 0.7631492 1.02027016e-07 0.86621344 0.8955338 0.11147102 7.25814e-07 0.04934978 8.367919e-05 0.0017770105 0.015731104 1.163636e-05 9.3520623e-07 5.294723e-06 1.3056275e-07 0.8185657 0.8734898 0.0022351234 0.050761927 0.07632186 0.05910619 0.004346603 1.0622562e-06 0.0014520651 0.034093596 0.43604147 9.5331925e-06 0.02685583 1.8665209e-05 1.1105736e-09 0.055810392 3.018576e-07 4.2577273e-07 0.26962456 0.25808832 0.012949806 0.00027762254 0.012686503 3.6839072e-08 3.667229e-08 1.4474685e-07 0.0012372806 8.5524405e-09 5.356006e-08 0.019321792 9.6896465e-06 0.0012213162 0.0012444903 0.0035596264 0.034210697 0.00076368556 0.0015928723 0.00044875775 1.3149445e-05 3.4736656e-06 0.0021306258 0.0029383039 6.978867e-07 4.161922e-07 1.4778808e-05 0.0013011344 0.00031963366 0.00042745672
