3.4156084e-22 0.2666329 0.15377921 0.42159384 0.3254712 0.7421779 0.23084085 0.11631001 0.8914902 0.9646141 0.007688782 0.014113884 0.01264066 0.9395 0.10300816 0.07357896 0.003127349 0.9481239 0.07034917 0.0010120143 0.071730785 0.6005185 0.004856284 0.9478913 0.936145 0.9803267 0.9474536 0.05500337 0.044610273 7.987504e-05 0.102986425 0.031503763 0.79680306 0.39898926 0.9780336 0.011285072 0.08283593 0.052551743 0.001480465 0.0027262752 0.73456335 0.8958693 0.06518212 0.0070391432 0.78616256 0.91043866 0.0055913264 0.89957005 0.30704078 0.042597253 0.886132 0.81720024 0.6903985 0.6233022 1.883491e-06 0.1724312 0.004533404 0.8858491 0.13150194 7.188561e-06 2.0159702e-07 1.3439596e-07 0.017650459 0.9552586 1.0054715e-08 0.7262108 0.82876086 0.8009101 0.6324455 0.82187396 0.00036798397 0.7286801 0.2038746 0.9049742 0.5251676 7.335557e-05 0.98558116 0.043481763 0.8061596 0.59322906 0.8886914 0.00010624761 0.007935737 0.8969251 0.9790293 0.99908644 0.89114857 0.09347945 0.9724959 0.9992122 0.99338806 0.7689857 0.00041760306 0.834806 0.97203976 0.99974215 0.0029080266 0.99963886 0.9982136 0.99908686 0.9890348
0.2666329 2.0297166e-17 0.97539437 0.600216 0.19299681 0.8815413 0.9409926 0.35371593 0.48137775 0.8604663 0.5738834 0.84404045 0.63663685 0.014149031 0.012242555 0.109193556 0.05217721 0.47784704 0.019857788 0.011207053 0.0011507877 0.0005797048 0.00010892715 0.0012209499 0.18837456 0.00021486895 0.00056136627 0.041933123 0.75898755 0.0001205432 0.002152284 0.00047639155 5.483601e-06 2.3125096e-05 0.13738216 8.184865e-05 1.608339e-05 0.16110756 2.9278033e-05 1.8982626e-05 0.0023456707 0.0013534831 0.0015663499 5.16003e-06 1.8587849e-05 0.00012773299 0.27232316 0.0018820494 3.4451728e-07 9.755296e-07 0.0004126981 0.0001926872 6.206891e-05 0.010076417 0.03891136 7.5341256e-07 0.0016609551 0.0631424 2.3696264e-05 1.5562338e-05 0.00019062075 3.213552e-05 4.3366506e-07 0.00010804949 2.3700646e-05 0.008348709 0.0050219004 0.00057694275 0.010101525 0.00020872359 6.5250845e-08 0.012673661 6.2792463e-07 0.00048304454 3.7671867e-05 2.522491e-06 7.4944937e-06 2.2658814e-07 0.002765071 8.0457977e-07 0.00013268506 1.7215245e-07 1.975389e-07 0.0010222816 0.0003189567 0.00039425152 2.8915252e-05 5.7395104e-05 2.1160974e-06 0.0017363726 3.553626e-05 5.118119e-05 2.4388773e-09 0.00013005195 0.00011109409 1.2470748e-07 8.05407e-08 7.447587e-05 3.7024176e-05 9.561632e-05 8.9646846e-07
0.15377921 0.97539437 2.3178322e-17 0.9649482 0.80549806 0.76215667 0.072970375 0.8041751 0.7058152 0.4600353 0.0051442063 0.09315846 0.057359982 0.000244856 4.559101e-05 0.35192263 0.00045111778 0.50443333 0.15637572 0.00023966067 0.025440237 0.008001033 4.143264e-06 0.004600563 0.24632472 0.0015167344 6.06064e-05 0.1864137 0.6162608 9.058943e-06 0.022472264 4.336134e-05 2.2980614e-05 0.00014324392 0.139309 0.00049547653 3.3407223e-06 0.3488922 9.870336e-05 6.515975e-06 0.00033663685 0.0001327543 0.034113374 3.8365256e-06 3.49962e-05 0.00018306122 0.033180643 0.0048564766 1.1290331e-06 5.170532e-06 3.895959e-05 1.6038159e-05 5.724906e-06 0.0010393837 0.047323268 1.6125678e-06 0.024621073 0.0110337045 7.672864e-06 0.0008280472 0.0006228986 0.0006044925 1.7731262e-06 5.253968e-05 2.6356121e-05 0.0007307554 0.0061722826 0.0009775073 0.0012348787 7.298907e-05 5.5741154e-08 0.001786912 2.637082e-06 2.8937404e-05 1.3262679e-05 4.659214e-06 6.2903077e-06 1.1139819e-07 0.0010771645 7.6912704e-07 0.00033803645 4.6691264e-07 1.2744113e-07 0.00043210565 0.0004267563 4.247872e-05 2.2346809e-05 4.864778e-05 4.085602e-07 0.0020173967 3.2271815e-05 4.0681894e-06 2.1999784e-09 1.4927994e-05 9.018033e-06 3.448992e-07 4.0054005e-08 0.00017042544 1.1766096e-05 0.00011079825 3.5163976e-07
0.42159384 0.600216 0.9649482 5.429918e-17 0.9678507 0.7238924 0.011182765 0.5973362 0.9349331 0.46107945 0.0007823053 0.013177611 0.0075417254 5.7421763e-05 9.1691445e-06 0.28510338 0.000103966886 0.6013667 0.23404598 7.376428e-05 0.06982307 0.030298144 3.4793386e-06 0.01471387 0.53534657 0.008339339 1.4163428e-05 0.2565257 0.36348322 1.9598541e-05 0.057580236 1.945042e-05 0.000110002824 0.00015391546 0.17798501 0.000377661 2.1964536e-06 0.3072681 0.00021276195 2.6182135e-05 0.00023988454 4.578564e-05 0.090652384 5.3643565e-05 0.000101801204 0.0007298239 0.0064795488 0.019481394 9.961235e-06 4.490906e-05 1.0284606e-05 2.67931e-06 1.4772049e-06 0.0007137795 0.018397637 1.0898456e-05 0.04531352 0.01036405 1.4389132e-05 0.0015783067 0.00032132163 0.00045602774 1.2779847e-05 0.00019217153 3.0999931e-06 0.0008813542 0.023291154 0.004581821 0.0013424271 0.00029832765 3.3952782e-07 0.0025353425 3.3177926e-06 3.1349995e-05 8.00225e-05 6.191408e-05 1.832113e-05 2.2659226e-07 0.00092261424 8.120577e-06 0.0015826885 2.3281978e-06 3.0983722e-07 0.00033703778 0.00072226976 0.000117606054 0.00021365948 3.396425e-05 1.2780267e-06 0.002497024 5.001943e-05 1.2185199e-05 4.5974375e-08 7.875092e-05 8.81242e-05 7.0904757e-06 7.341656e-08 0.0002505634 5.321817e-06 0.00010567927 3.546765e-06
0.3254712 0.19299681 0.80549806 0.9678507 9.603038e-18 0.38722596 0.00092944916 0.98171353 0.832335 0.16412255 0.00012543202 0.00356461 0.0036176362 1.3413866e-06 5.9774993e-07 0.64907014 2.3530565e-05 0.3138788 0.6753801 4.7427773e-05 0.5981905 0.5912827 5.7805823e-07 0.07784432 0.3649656 0.07273723 1.9789445e-06 0.48318467 0.22651932 1.8028919e-05 0.35540605 2.6712962e-06 0.0005322043 0.0019618196 0.0863899 0.0044241897 8.29214e-07 0.5122676 0.0011848754 2.0737905e-05 7.2537674e-05 5.8500245e-06 0.27024078 0.00013661326 0.0001978003 0.0017767936 0.0013525599 0.02908941 2.2999162e-05 8.1691745e-05 1.1276235e-06 2.200713e-07 8.1500815e-08 9.2342714e-05 0.025823481 2.0352998e-05 0.12157922 0.000857448 2.5595307e-06 0.002996294 0.0002884333 0.0015440981 7.9544925e-06 0.0007532445 3.171432e-06 0.00023655653 0.013333504 0.0032623191 0.00019714756 0.00024203333 1.3935217e-07 0.00021092975 3.2466467e-06 7.944478e-06 0.00016245723 4.5324177e-05 3.0018828e-05 1.8998436e-07 0.00019687964 2.5947189e-05 0.0007844794 8.831639e-08 1.4314975e-07 8.846269e-05 0.00046420284 1.49526295e-05 0.00017669008 6.8037216e-06 1.7485788e-06 0.00068504794 1.0096217e-06 2.9419728e-06 1.9425984e-07 4.2721626e-05 1.6632668e-05 4.4629046e-06 2.8550332e-08 0.00024939168 3.7529958e-06 0.00010007325 4.5637316e-06
0.7421779 0.8815413 0.76215667 0.7238924 0.38722596 1.10079385e-14 0.52440876 0.27488244 0.8821596 0.9690726 0.029979965 0.15434858 0.039886523 0.0110889375 0.0015650456 0.17742124 0.0013287988 0.92156816 0.12944119 0.0012639833 0.034576397 0.024801722 3.4205994e-05 0.0028649643 0.53389895 0.0014120884 0.000395363 0.10995669 0.532437 1.696159e-05 0.011404951 0.00020651866 0.0003312298 0.0003490021 0.57980204 0.0006603862 7.78953e-05 0.15496472 0.00018592148 2.5078058e-05 0.00085481635 0.00042969733 0.00943374 1.8074712e-05 0.00010621792 0.00048327955 0.054540016 0.03518856 1.6865475e-05 0.000117543255 0.000108165375 2.5438434e-05 2.1876744e-05 0.012059478 0.019561706 7.963427e-06 0.008534158 0.15135248 1.7329416e-05 0.00023929731 0.00030885023 8.4434556e-05 2.0581683e-05 0.000332661 9.129582e-06 0.010492986 0.06671638 0.010878349 0.018875813 0.00033940174 9.134015e-08 0.028933765 1.9859851e-06 0.00069010194 2.1706208e-05 1.3801373e-05 1.1269272e-05 2.4841168e-07 0.009666172 1.4229598e-06 0.003659072 9.494364e-07 4.0111036e-08 0.0050879656 0.005522443 0.00014910489 0.0002666089 2.281572e-05 3.7369364e-07 0.013313168 3.0028934e-05 2.9442099e-06 2.9663987e-08 0.0012492617 0.0014718802 8.559571e-07 1.3097318e-07 0.0011876618 0.0004897279 0.00030787333 3.70187e-07
0.23084085 0.9409926 0.072970375 0.011182765 0.00092944916 0.52440876 1.1976059e-15 0.0019245185 0.03337752 0.7842135 0.99171036 0.7975803 0.15537077 0.5841949 0.73005605 0.001202053 0.74136645 0.19706996 0.00014879506 0.13310191 4.7874204e-05 1.0875365e-05 0.07939303 0.00015652276 0.038322777 3.8453334e-05 0.42934442 0.000103668564 0.101895936 0.014622017 1.4720053e-05 0.05933509 2.8438578e-07 3.1208776e-07 0.05087994 8.443669e-06 0.020484716 0.001244647 5.733118e-06 0.0019954017 0.09117572 0.15486933 1.4336767e-05 3.3029514e-06 6.181569e-06 1.6780235e-05 0.25079012 0.0004369547 1.0563886e-06 5.75557e-07 0.031476185 0.014143036 0.016391296 0.20334451 0.0019368245 6.6848955e-08 1.3522044e-05 0.34269682 0.0069165253 4.015624e-06 6.5438367e-06 2.455622e-06 3.557968e-08 7.2600474e-06 8.106362e-06 0.10882251 0.0033382974 7.554841e-05 0.09886266 0.0003048747 4.4664983e-08 0.028715834 1.2637909e-07 0.02143884 8.4304575e-06 2.241619e-06 2.5518713e-07 7.687359e-08 0.004528314 5.7554466e-08 0.00046403857 1.8081082e-08 3.5629117e-08 0.0038537 0.0001303849 0.0044819405 2.1634825e-05 4.9181293e-05 1.078992e-07 0.0009144955 0.0007204817 0.00031442707 2.9318765e-09 0.0050991387 0.00067489373 3.8685425e-07 9.4320035e-07 5.7228786e-05 0.00020017121 2.6333637e-05 7.432704e-08
0.11631001 0.35371593 0.8041751 0.5973362 0.98171353 0.27488244 0.0019245185 2.0818485e-17 0.5376503 0.14709167 0.00040978022 0.006929645 0.008847793 1.2395421e-05 3.2786795e-06 0.98557585 6.306902e-05 0.15510872 0.7075676 0.0001713815 0.28584397 0.13766164 1.3034437e-06 0.024562879 0.16207029 0.015726274 2.3054523e-05 0.47866645 0.45295545 2.9747662e-05 0.12552571 3.443568e-06 2.3985831e-05 0.0002518434 0.04002083 0.0013005934 9.565737e-07 0.43370342 0.0002794834 3.0404703e-05 0.00018954469 1.5916947e-05 0.09873434 2.559964e-05 3.0988624e-05 0.00033297902 0.0015306857 0.0045880172 5.8605115e-06 7.1988725e-06 1.1022434e-05 2.989086e-06 3.137751e-07 0.00019027041 0.05286323 2.7198062e-06 0.0721487 0.0014984263 5.489236e-06 0.0037479068 0.0006081329 0.0019732625 1.3581954e-06 6.8070156e-05 2.808103e-05 0.00012486345 0.00228453 0.00033557334 8.330098e-05 8.04023e-05 6.665645e-08 0.00014345213 1.3050967e-06 1.6943815e-06 1.9519379e-05 5.613721e-06 5.353545e-06 5.3658322e-08 0.00012810361 2.2355111e-06 0.00019134802 5.4936137e-08 2.4391636e-07 2.262951e-05 0.00019647638 1.1095892e-05 3.7061127e-05 2.0005471e-05 5.861118e-07 0.000584205 6.0366165e-06 7.4541554e-06 8.4735925e-09 8.534307e-06 5.45027e-06 1.0504524e-06 2.0582986e-08 0.00032087913 2.6002144e-06 0.00011079984 1.1806093e-06
0.8914902 0.48137775 0.7058152 0.9349331 0.832335 0.8821596 0.03337752 0.5376503 1.2518343e-14 0.62373644 0.0022292477 0.014882006 0.008349032 0.00058060256 3.992608e-05 0.4257092 9.191666e-05 0.93607414 0.47675475 8.2994906e-05 0.2510654 0.36475226 4.2422225e-06 0.06842624 0.9022506 0.044824548 2.6106092e-05 0.3974029 0.35411888 1.1809399e-05 0.14636813 8.373755e-05 0.0009385363 0.0012502819 0.5741082 0.0010812299 1.8844514e-05 0.4327903 0.00069032045 2.4358884e-05 0.0002682846 5.6896282e-05 0.08878279 0.00012056355 0.0006019007 0.002339236 0.008494534 0.12627406 0.00013739106 0.00019015522 1.5670475e-05 2.158826e-06 1.1517295e-06 0.0024986067 0.01819008 7.227452e-05 0.06463149 0.03673404 7.731576e-06 0.0014645216 0.00036440787 0.00037478117 0.00010899812 0.0014958456 4.324865e-06 0.0027824198 0.14249243 0.034959335 0.0049810577 0.0006231817 5.924306e-07 0.009774011 3.069128e-05 0.00013297706 0.00029534622 8.766986e-05 0.000112661626 1.415328e-06 0.00444021 2.8408736e-05 0.0070933714 3.0366668e-06 1.3220917e-07 0.002092012 0.007954535 6.6796674e-05 0.0009190852 2.6698379e-05 3.0542965e-06 0.00850916 8.606363e-06 6.162116e-06 3.2256156e-07 0.00041830816 0.0006557137 1.6154916e-05 1.9999271e-07 0.0019187962 5.8594804e-05 0.0005973847 5.844582e-06
0.9646141 0.8604663 0.4600353 0.46107945 0.16412255 0.9690726 0.7842135 0.14709167 0.62373644 6.5988928e-15 0.1284525 0.26194528 0.078832544 0.33286598 0.02757133 0.09324648 0.0061640535 0.9248123 0.05647515 0.0053792703 0.0076921596 0.009838019 0.00016893605 0.00045761248 0.57234544 0.00017926078 0.016825048 0.057166476 0.489249 5.324104e-05 0.0025433765 0.0029784339 3.041239e-05 0.00025225757 0.573582 0.00022141663 0.00044982575 0.06557501 6.227827e-05 0.00010806742 0.010978814 0.013701508 0.0027461029 1.4071903e-05 3.45164e-06 6.334625e-05 0.20372877 0.02666805 7.4142076e-07 3.2025212e-06 0.0009954508 0.0003926175 0.00022448409 0.153765 0.014537805 4.0589484e-07 0.0013563471 0.5341461 0.00030642806 0.00011542916 0.00010496773 1.3609604e-05 3.0009048e-06 4.8033533e-05 6.1051483e-06 0.10482916 0.094929 0.013427191 0.1290987 0.00013638209 2.007025e-07 0.13419111 6.2238786e-07 0.0070601893 6.3780913e-06 8.145521e-06 3.1068628e-06 9.7746145e-08 0.042133886 2.4246245e-07 0.006206864 2.8423261e-05 2.8889847e-08 0.023133466 0.005206903 0.0018001184 0.00042584425 0.00045030433 4.949083e-07 0.032010376 0.0027622757 0.00032944733 1.6699381e-08 0.006475641 0.007625824 5.56067e-07 4.402598e-06 0.00080989214 0.0018682377 0.0003506333 1.209287e-06
0.007688782 0.5738834 0.0051442063 0.0007823053 0.00012543202 0.029979965 0.99171036 0.00040978022 0.0022292477 0.1284525 5.567197e-16 0.8931555 0.3604 0.22759487 0.55224246 0.0003149805 0.94940853 0.008258052 3.7282654e-05 0.35268217 1.5589167e-05 9.096592e-06 0.19608174 5.5715358e-05 0.0031271016 7.673581e-06 0.054449786 1.12533135e-05 0.027427716 0.11135058 6.578445e-06 0.007079527 1.5630951e-07 6.1086716e-08 0.0041480935 3.3018173e-06 0.001427945 8.320785e-05 1.3515166e-06 0.0017447319 0.011293783 0.013871415 1.6391787e-05 3.3816377e-07 1.5829049e-06 3.9800107e-06 0.123103075 3.2071224e-05 1.4576919e-07 4.7789285e-08 0.0035634781 0.001472944 0.0017392099 0.01906434 0.0011385531 3.852977e-08 2.1025733e-06 0.030654345 0.00070548017 1.0622937e-06 1.2397584e-05 4.803857e-07 2.1101501e-08 6.469989e-07 6.452966e-06 0.007405637 5.413622e-05 1.8498764e-06 0.0054442757 1.073552e-05 2.7377256e-08 0.0009723911 1.8032969e-08 0.0011563493 2.0126066e-07 5.709549e-07 4.3474643e-08 2.645246e-09 0.00014772022 2.1161435e-08 2.2302172e-06 1.599831e-08 1.38782195e-08 0.00020670012 8.446117e-06 0.00013385701 5.3611603e-07 1.4247802e-05 1.38414755e-08 5.021501e-05 5.51251e-05 1.5126888e-06 1.5154863e-09 0.00014024283 2.6562637e-05 3.3265906e-08 2.1496905e-07 7.819737e-06 5.3563002e-05 5.137639e-06 3.3213727e-08
0.014113884 0.84404045 0.09315846 0.013177611 0.00356461 0.15434858 0.7975803 0.006929645 0.014882006 0.26194528 0.8931555 2.855381e-16 0.9905778 0.034527846 0.09465094 0.0019329577 0.70460224 0.034181118 0.00019428405 0.6068813 4.380925e-05 5.192331e-05 0.019782564 9.672672e-05 0.009910755 1.9786983e-05 0.0058125155 0.00023608102 0.14408243 0.027900027 1.7837545e-05 0.00064691197 1.5981605e-07 3.866361e-08 0.0072422144 2.7770752e-06 0.00020063411 0.0023668292 4.216389e-06 0.0005007988 0.0048176493 0.0029894935 5.9604678e-05 3.3330246e-06 9.995274e-06 7.180613e-06 0.17830977 0.00014367583 2.7715788e-07 2.3171101e-07 0.0006042809 0.0004496379 0.00021993359 0.0055307695 0.0072518275 2.520475e-07 3.1623533e-06 0.013884922 0.000575207 2.9390394e-06 0.00016403882 1.7330728e-06 9.7740376e-08 1.9868169e-06 3.3047203e-05 0.0013820564 0.00013050942 2.608296e-06 0.0013458799 2.2680391e-05 6.9867383e-07 0.00038912287 1.8091197e-07 4.2018833e-05 3.4898113e-07 1.8583894e-07 1.4196682e-07 2.533614e-09 0.00016220505 3.0321857e-07 1.0896668e-05 2.14045e-09 1.3289952e-07 0.00011280129 5.02808e-05 8.270422e-05 2.7244996e-06 1.6350772e-05 1.5709064e-07 0.00013589198 1.9927953e-05 3.2883385e-05 4.9166986e-09 0.00015457961 8.324333e-05 7.949207e-08 9.478973e-09 3.1809446e-05 6.0652105e-06 3.7300986e-06 1.1104478e-07
0.01264066 0.63663685 0.057359982 0.0075417254 0.0036176362 0.039886523 0.15537077 0.008847793 0.008349032 0.078832544 0.3604 0.9905778 2.7160776e-20 0.0051728706 0.005962904 0.006983519 0.25495952 0.012825029 0.00057434395 0.981309 0.00011045369 0.0002290479 0.0007286274 0.00016298797 0.0033170257 4.5909335e-05 0.000560643 0.0026851282 0.59380764 0.023095468 0.0002206563 2.4788773e-05 1.2513632e-06 2.0922679e-08 0.0021896923 2.6367675e-06 2.5968084e-05 0.03359097 4.8960947e-06 0.00016545049 0.00041110287 0.00036395338 0.0005652686 6.7566907e-07 1.7438819e-05 1.8866149e-05 0.76848865 2.9546043e-05 1.3526828e-07 1.0154763e-06 4.7887217e-05 5.582146e-05 9.251756e-06 0.00045235397 0.051583763 2.2897244e-07 3.06558e-05 0.0018764285 2.9106539e-05 2.2648943e-05 0.0004074186 5.3136693e-05 2.9437073e-08 1.6405393e-05 0.0004624731 0.000115330135 3.169574e-05 1.3175335e-06 3.565647e-05 1.5189128e-05 1.1569971e-08 2.9925159e-05 2.161642e-06 6.033181e-06 1.8537403e-06 2.0302382e-07 1.1201987e-06 7.2250455e-09 1.2437243e-05 7.240076e-07 1.7039324e-06 1.4468678e-09 7.974944e-07 1.3083961e-05 2.352803e-05 5.609921e-06 2.9986536e-06 0.00012149002 2.3188566e-07 8.865323e-05 2.6660202e-06 4.2508077e-06 7.1663384e-11 2.2845701e-05 5.3448985e-06 1.1444238e-07 8.530414e-09 1.3936099e-06 3.2169342e-07 7.591349e-07 9.444036e-09
0.9395 0.014149031 0.000244856 5.7421763e-05 1.3413866e-06 0.0110889375 0.5841949 1.2395421e-05 0.00058060256 0.33286598 0.22759487 0.034527846 0.0051728706 3.810984e-14 0.99178576 2.8828545e-05 0.2068907 0.022595253 2.6091157e-05 0.011166305 7.702197e-06 7.231509e-06 0.25263306 2.102854e-06 0.010552978 2.1852463e-06 0.93957853 6.3047096e-06 0.0046500457 0.008921355 9.354823e-06 0.3470965 2.5900337e-07 5.115894e-07 0.023199225 3.93951e-06 0.12006364 1.702155e-05 3.845082e-06 0.021337666 0.71806496 0.64514196 5.1613617e-05 3.278784e-05 1.9682172e-07 1.9833449e-06 0.047088385 0.0001291672 5.1542806e-08 2.127375e-07 0.38444662 0.25977498 0.31540853 0.5576517 1.1478494e-05 1.7337902e-08 4.384246e-06 0.54226166 0.10078459 3.1773305e-07 8.294802e-06 4.6339312e-07 1.06054486e-07 6.945665e-06 2.1420972e-06 0.42772114 0.0013430078 6.259537e-06 0.25951472 8.1310885e-05 1.2305833e-07 0.055149347 3.822155e-08 0.3730483 3.5084972e-06 7.776284e-06 2.9018068e-07 3.4186375e-08 0.0171697 4.6096008e-07 0.00029508665 6.778448e-05 1.937336e-06 0.019982416 0.000112849266 0.13822635 5.8654296e-05 0.00048359603 2.2961905e-07 0.0031953566 0.029749539 0.007296033 9.5538525e-08 0.022280088 0.010974825 8.340662e-07 4.7821453e-05 0.00027429318 0.0029920596 7.318856e-05 5.70232e-06
0.10300816 0.012242555 4.559101e-05 9.1691445e-06 5.9774993e-07 0.0015650456 0.73005605 3.2786795e-06 3.992608e-05 0.02757133 0.55224246 0.09465094 0.005962904 0.99178576 1.7463985e-16 5.0762633e-06 0.91912013 0.0010810113 4.725424e-06 0.115023084 9.1366763e-07 8.2400163e-07 0.9481093 1.8763502e-06 0.00057926413 4.024597e-07 0.71638167 7.7574583e-07 0.0004418904 0.2735039 1.505961e-06 0.29859746 2.5278192e-07 5.5208304e-08 0.00097575446 1.4090494e-06 0.098926574 3.1219806e-06 2.8387961e-07 0.16638221 0.18230392 0.16920404 5.305393e-06 2.8275817e-06 6.263409e-07 8.37778e-07 0.06144133 2.638804e-05 1.6427123e-07 2.0326131e-07 0.046925757 0.05733261 0.029820018 0.10917362 2.0436098e-06 8.825741e-09 2.0110123e-07 0.04365422 0.042695276 9.253113e-08 3.619969e-06 1.4729311e-08 9.280152e-09 1.4292883e-06 1.6720786e-06 0.03621074 4.482122e-05 3.1628508e-06 0.01497036 1.2548006e-05 1.2872546e-08 0.0012501574 1.2568167e-08 0.027663669 4.858287e-07 1.0214263e-06 3.4295308e-08 2.616803e-09 0.00035513833 7.5060875e-08 7.656454e-06 2.306804e-06 3.687879e-08 0.000483862 2.7031067e-06 0.0076652803 3.2356348e-07 6.975747e-05 4.0772623e-08 7.025646e-05 0.0021614186 0.000162264 8.2100315e-10 0.00094636966 0.00018239116 5.81856e-08 2.6151143e-05 4.7904323e-06 0.00010719862 5.8454466e-06 8.7132656e-07
0.07357896 0.109193556 0.35192263 0.28510338 0.64907014 0.17742124 0.001202053 0.98557585 0.4257092 0.09324648 0.0003149805 0.0019329577 0.006983519 2.8828545e-05 5.0762633e-06 1.5990053e-18 0.00020772355 0.08292963 0.9001748 0.00012593449 0.35358876 0.07513212 6.5767767e-06 0.032150496 0.08665198 0.023271259 6.746446e-05 0.9513895 0.5543395 6.545076e-05 0.5575282 3.3048465e-05 4.42177e-05 0.00023671293 0.012852984 0.0026338438 7.2796333e-06 0.78148276 0.0012330252 4.957927e-05 0.00013292873 7.8140154e-05 0.24926469 2.4045426e-05 3.361731e-05 0.0002852236 0.0038895872 0.0022765482 7.877349e-06 1.7476212e-05 2.4426789e-05 3.9185943e-06 3.446451e-07 0.0002787158 0.05522368 1.0279017e-05 0.11783846 0.0007206645 1.4662259e-05 0.0066310144 0.0007220301 0.004177676 4.0443642e-06 0.0001241542 2.2252152e-05 8.4288054e-05 0.00087777746 0.00016888788 0.000100923855 0.00010968175 2.3487291e-07 0.00015529996 5.3556846e-06 9.885959e-06 2.1471418e-05 1.1659187e-05 1.2667014e-05 2.4470714e-07 9.4447125e-05 2.6037949e-06 0.00014373368 7.200122e-08 8.281858e-07 2.8951012e-05 0.00022630647 1.8526365e-05 4.7558482e-05 0.00010255825 1.9615995e-06 0.0005729003 8.252069e-06 4.4599754e-05 1.4984998e-08 2.9240866e-05 8.9036075e-06 1.1813808e-06 4.3905115e-07 0.00054336264 4.679573e-06 0.0001805305 2.0368657e-06
0.003127349 0.05217721 0.00045111778 0.000103966886 2.3530565e-05 0.0013287988 0.74136645 6.306902e-05 9.191666e-05 0.0061640535 0.94940853 0.70460224 0.25495952 0.2068907 0.91912013 0.00020772355 1.1223627e-16 0.00033162045 0.00048243316 0.8427901 6.7638735e-05 2.4696747e-05 0.94969296 1.1960609e-05 0.00020989172 1.334006e-05 0.090237714 3.187057e-05 0.008479135 0.90046054 0.0002902423 0.07923427 1.7821034e-05 5.544646e-07 0.00039686175 3.0001152e-06 0.013420516 0.00039618785 9.1411885e-06 0.21396206 0.01840898 0.008575591 0.00024746102 1.2139603e-05 4.0928753e-05 2.9161747e-05 0.21158315 1.7385531e-05 1.8250722e-06 6.771834e-06 0.006960599 0.006729204 0.0030058445 0.010409512 4.9986524e-05 3.9675447e-07 1.4520801e-06 0.003903818 0.04497743 5.138886e-07 6.6656835e-06 4.6933056e-07 8.9685574e-07 3.6843749e-06 1.7670684e-05 0.002327673 1.184032e-05 3.2577375e-06 0.0017371925 1.28182955e-05 1.607179e-06 5.042063e-05 1.7798437e-06 0.000639639 4.1454317e-07 2.6950063e-06 1.7242463e-06 3.372763e-08 2.2019894e-05 8.424316e-08 6.7093544e-07 6.3367544e-08 6.197072e-07 3.8377933e-05 5.679834e-06 0.00047523263 6.701617e-07 4.736187e-05 1.7664567e-07 1.1047385e-05 5.725963e-05 7.297163e-06 1.9984332e-08 0.00011274815 1.2169891e-05 2.1724495e-07 1.1659511e-05 1.4102857e-05 4.822866e-05 6.6045445e-06 1.549981e-06
0.9481239 0.47784704 0.50443333 0.6013667 0.3138788 0.92156816 0.19706996 0.15510872 0.93607414 0.9248123 0.008258052 0.034181118 0.012825029 0.022595253 0.0010810113 0.08292963 0.00033162045 6.345515e-14 0.07076608 0.00054544356 0.024338411 0.036706053 4.5750465e-05 0.016831547 0.8955105 0.015261846 0.001482226 0.039783034 0.13111195 1.5839672e-05 0.0031952665 0.001820195 0.0007927144 0.0004931343 0.89196575 0.00042857003 0.00032922026 0.046736736 0.00041478183 5.608854e-05 0.0033681383 0.0030659966 0.008015388 2.82993e-05 0.00034294563 0.0027190347 0.0022864796 0.23033093 6.3804975e-05 0.00023707736 0.0004392564 0.00014646097 3.3831995e-05 0.039117135 0.0054182373 3.9510778e-05 0.0042911586 0.3226474 7.8894416e-05 0.0002659253 0.0002064458 7.0865855e-05 8.574009e-05 0.001232472 5.580381e-06 0.022052893 0.25218514 0.046651516 0.04198276 0.00089768716 6.3155386e-07 0.07910518 2.3149878e-05 0.0020389697 0.00015063747 2.7607864e-05 6.853374e-05 3.214571e-06 0.035222933 6.3039884e-06 0.028593546 3.1310465e-05 1.4013338e-07 0.021631658 0.033094935 0.0004040022 0.00448463 0.0001496976 3.8825565e-06 0.0637971 0.00020203134 6.2513674e-05 3.016507e-07 0.005559583 0.009349598 6.6253383e-06 1.4455791e-06 0.007710999 0.0012077726 0.0012810599 6.024172e-06
0.07034917 0.019857788 0.15637572 0.23404598 0.6753801 0.12944119 0.00014879506 0.7075676 0.47675475 0.05647515 3.7282654e-05 0.00019428405 0.00057434395 2.6091157e-05 4.725424e-06 0.9001748 0.00048243316 0.07076608 4.265047e-18 2.4954667e-05 0.98260194 0.72683007 3.4128996e-05 0.415028 0.09586091 0.37319154 1.636773e-05 0.8061346 0.040731806 5.782728e-05 0.87098974 5.8377527e-06 0.0040548285 0.053327367 0.015022755 0.15657233 1.141575e-06 0.3777438 0.059065513 0.00015835663 0.00025611278 3.5758523e-05 0.46068656 0.00023369225 0.0007850754 0.0048499824 0.00057222677 0.034684625 0.00021352156 0.0003552723 3.6890508e-06 3.199725e-06 1.2411589e-07 0.00014110465 0.010418112 0.00027574436 0.15343747 0.00027356928 1.14057775e-05 0.013617888 9.5651616e-05 0.00094314595 2.5624455e-05 0.0015835188 5.837816e-07 8.2249906e-05 0.0038980797 0.0023095643 0.00010883183 0.0009887394 5.077343e-06 4.865511e-05 1.762215e-05 3.0139736e-05 0.0006800985 0.00014756477 0.00011748151 5.9612944e-06 5.559127e-05 2.5178442e-05 0.0009959845 1.5383986e-08 1.0006571e-06 1.483078e-05 0.0004983787 2.200434e-05 0.00067462603 9.163707e-06 8.124659e-06 0.0005416571 8.419458e-06 1.6299207e-05 2.1659744e-07 3.9026305e-05 7.2638986e-06 3.4129323e-05 3.754429e-09 0.0018200806 1.6734273e-05 0.00038619057 3.6791782e-06
0.0010120143 0.011207053 0.00023966067 7.376428e-05 4.7427773e-05 0.0012639833 0.13310191 0.0001713815 8.2994906e-05 0.0053792703 0.35268217 0.6068813 0.981309 0.011166305 0.115023084 0.00012593449 0.8427901 0.00054544356 2.4954667e-05 2.2875988e-16 1.4886624e-05 0.0001231703 0.10643592 1.1562163e-06 4.097902e-05 4.3158175e-06 0.0071594887 1.4241377e-05 0.021381445 0.9304725 5.320911e-05 0.00087806344 9.911481e-07 2.457924e-07 9.637112e-05 3.7892816e-05 0.00041508474 0.00020347322 8.7972085e-06 0.012459232 0.0016653041 0.0008170947 0.00021944249 6.223511e-07 1.877622e-05 2.0631542e-05 0.6751438 1.3441123e-05 8.241627e-07 1.2909226e-05 0.00066602667 0.0009928298 0.00055045047 0.0015412491 0.00040962725 4.4844714e-06 1.7236397e-06 0.00010812278 0.0061115096 4.031885e-07 1.4155462e-05 1.4054808e-06 2.3577636e-06 1.0610544e-06 9.825308e-06 0.00030586575 8.594028e-06 2.1130159e-06 0.00025316398 3.269635e-05 4.0577393e-06 2.019898e-05 1.0003952e-05 7.8741374e-05 3.533271e-06 3.1443878e-06 6.5670497e-06 7.4916706e-08 2.440204e-05 2.7767971e-06 2.2404136e-06 4.6229405e-07 1.2983031e-05 4.0328847e-05 4.797045e-05 0.00042171226 3.6078168e-06 7.989462e-05 5.720357e-07 0.00016905983 8.675275e-05 3.2937314e-06 1.9119322e-09 0.00023565542 0.00013519035 1.0203817e-06 2.6148797e-07 0.00039087672 0.0001738249 2.3387092e-05 1.0929205e-08
0.071730785 0.0011507877 0.025440237 0.06982307 0.5981905 0.034576397 4.7874204e-05 0.28584397 0.2510654 0.0076921596 1.5589167e-05 4.380925e-05 0.00011045369 7.702197e-06 9.1366763e-07 0.35358876 6.7638735e-05 0.024338411 0.98260194 1.4886624e-05 1.3679515e-19 0.9699725 2.239365e-06 0.6054322 0.04487803 0.47063422 1.1813978e-06 0.34246194 0.0031494733 2.5780057e-05 0.785173 2.2316874e-06 0.081592254 0.4188923 0.008077305 0.5203833 5.630372e-07 0.07283968 0.16200231 1.5601152e-05 4.3582888e-05 7.3779574e-06 0.42351553 0.0022916535 0.007615053 0.030012203 2.0430552e-05 0.05800309 0.0012849281 0.003847402 3.0669162e-07 3.153359e-07 2.5166088e-08 2.4098455e-05 0.0027189697 0.0014012431 0.11891978 7.485804e-05 2.5254255e-06 0.0050313566 5.6891564e-05 0.00025507365 0.000103330094 0.0059814234 1.5598145e-07 4.1190204e-05 0.005304159 0.004260604 3.1904237e-05 0.0035590697 8.800985e-06 1.5560589e-05 2.5558562e-05 9.4263605e-06 0.0014325724 0.00038648295 0.00043817025 7.1829013e-06 2.981725e-05 8.434507e-05 0.0012325579 9.099216e-09 2.4572958e-07 4.3487503e-06 0.00030084586 3.441418e-06 0.00064579136 3.935436e-06 1.1288828e-05 0.00021612093 7.0009755e-06 2.5199439e-05 2.1756009e-07 5.5107495e-05 7.472498e-06 4.1061874e-05 2.6057212e-09 0.002678899 1.2397696e-06 0.0002511555 3.0469243e-06
0.6005185 0.0005797048 0.008001033 0.030298144 0.5912827 0.024801722 1.0875365e-05 0.13766164 0.36475226 0.009838019 9.096592e-06 5.192331e-05 0.0002290479 7.231509e-06 8.2400163e-07 0.07513212 2.4696747e-05 0.036706053 0.72683007 0.0001231703 0.9699725 6.150647e-18 1.3460857e-06 0.92480916 0.084871955 0.7923118 6.735023e-07 0.08361221 0.0019686301 9.009647e-05 0.5537479 3.6376237e-05 0.46780396 0.8359107 0.009184526 0.82923913 5.629419e-06 0.028994575 0.201613 1.22931415e-05 9.89384e-05 5.6562394e-06 0.46214643 0.076851316 0.25563756 0.28695935 0.0020091722 0.18945931 0.040477835 0.073194295 1.967064e-06 1.6657891e-07 8.560424e-08 9.8618024e-05 0.0015102457 0.06737924 0.18509112 0.00012426106 5.2545515e-06 0.016056519 0.00014195986 0.0012655556 0.0024419269 0.0751563 8.340937e-06 9.874761e-05 0.014461343 0.018980796 4.9301372e-05 0.05936094 0.0003384447 0.00010486836 0.0013468576 1.7047312e-05 0.038709864 0.010120125 0.0054789833 0.0003875526 7.617196e-05 0.0036129938 0.007614447 4.2792138e-08 0.00036502606 2.1143736e-05 0.0009707021 1.0730607e-05 0.006506919 9.347426e-05 0.00089521945 0.00049058284 6.15429e-05 0.0010061298 5.6033317e-05 0.0005913268 0.00016771283 0.0015856994 4.5951758e-08 0.012503082 1.4237478e-05 0.0029804956 0.00039917565
0.004856284 0.00010892715 4.143264e-06 3.4793386e-06 5.7805823e-07 3.4205994e-05 0.07939303 1.3034437e-06 4.2422225e-06 0.00016893605 0.19608174 0.019782564 0.0007286274 0.25263306 0.9481093 6.5767767e-06 0.94969296 4.5750465e-05 3.4128996e-05 0.10643592 2.239365e-06 1.3460857e-06 2.2033289e-17 8.6201175e-07 1.7176348e-05 8.612943e-07 0.48619565 1.3488215e-06 5.2838397e-05 0.9462652 3.149302e-05 0.7805617 3.4376194e-06 7.591526e-08 2.8103213e-05 1.581516e-07 0.21791297 1.05952795e-05 5.2879733e-07 0.9478752 0.10135437 0.036253545 4.7219484e-05 3.0876174e-07 2.0252826e-06 8.86265e-07 0.049889732 2.5197598e-06 5.421625e-07 2.8180489e-06 0.041816354 0.10026922 0.016540442 0.01185687 2.507332e-07 3.2916056e-08 1.1991624e-08 0.0014752467 0.44431502 5.4634746e-09 7.3538345e-08 7.1080137e-09 1.8686883e-07 3.9035942e-07 4.006346e-07 0.0024764473 9.080595e-07 2.1172247e-07 0.0008167527 1.2730818e-06 1.14470986e-07 6.235327e-05 7.670223e-08 0.005492491 1.5573383e-07 9.271076e-07 1.1708818e-07 7.1061157e-09 1.6331385e-05 4.0573482e-08 1.945563e-07 6.630116e-06 1.1010986e-06 1.1914604e-05 2.1640768e-07 0.0038625174 1.5474428e-07 3.508897e-05 2.4935789e-08 5.887788e-06 0.0008752092 6.738884e-05 1.8612457e-08 0.00018324879 2.9237324e-05 9.816611e-09 9.6054195e-05 3.4291845e-06 6.3153224e-05 1.6400019e-06 9.3985065e-08
0.9478913 0.0012209499 0.004600563 0.01471387 0.07784432 0.0028649643 0.00015652276 0.024562879 0.06842624 0.00045761248 5.5715358e-05 9.672672e-05 0.00016298797 2.102854e-06 1.8763502e-06 0.032150496 1.1960609e-05 0.016831547 0.415028 1.1562163e-06 0.6054322 0.92480916 8.6201175e-07 2.0976564e-17 0.090844244 0.9670788 3.6267778e-07 0.117859334 0.0007917885 1.5627219e-06 0.5558828 6.1286223e-06 0.7561768 0.84835345 0.026703296 0.2475379 2.8899538e-07 0.018982615 0.08314559 8.8445483e-07 3.1172665e-05 2.1590668e-06 0.4815309 0.053481225 0.5700036 0.5530243 2.9916612e-06 0.6579017 0.027829515 0.05546852 2.0430592e-07 4.3350685e-08 8.473204e-09 9.765629e-05 0.0014050266 0.032147307 0.15381177 0.002458224 4.4538803e-07 0.0021959553 9.305702e-05 0.0003388941 0.020873435 0.15892495 1.4363232e-07 0.0001396673 0.17369078 0.2598873 0.00084437145 0.045181733 0.00015166469 0.00070773193 0.0007465016 8.7478065e-06 0.025427606 0.00085578335 0.012980916 0.0003640336 0.0016901864 0.0019106813 0.041690007 3.1509106e-08 1.7527819e-07 0.00059039367 0.018520601 1.8505787e-06 0.06642944 3.5490314e-06 9.175306e-05 0.003576799 1.3164521e-06 7.2383153e-07 3.4261312e-08 0.00027694664 0.00058915856 0.00050362915 5.5311458e-09 0.017021695 4.4099408e-05 0.010234009 1.6095647e-07
0.936145 0.18837456 0.24632472 0.53534657 0.3649656 0.53389895 0.038322777 0.16207029 0.9022506 0.57234544 0.0031271016 0.009910755 0.0033170257 0.010552978 0.00057926413 0.08665198 0.00020989172 0.8955105 0.09586091 4.097902e-05 0.04487803 0.084871955 1.7176348e-05 0.090844244 1.12937356e-13 0.17189892 0.00076937734 0.042027246 0.03179814 7.3828983e-06 0.009680563 0.0009793787 0.0033262295 0.0017715013 0.9713611 0.00080998446 0.00022722057 0.027526239 0.0004993455 9.228856e-05 0.0036408221 0.0028612742 0.0074516973 3.0579442e-05 0.004791438 0.045769166 4.709195e-05 0.7410496 0.0010109942 0.000979928 0.00031363318 4.8644437e-05 1.7854274e-05 0.033133134 0.0020543367 0.0003844886 0.0077555845 0.28009257 2.8205699e-05 0.0003253531 0.00014121505 8.226222e-05 0.00027759452 0.008295862 3.8727417e-06 0.010194616 0.65825456 0.18835934 0.0252607 0.003165096 1.6044332e-06 0.04249848 0.00012550382 0.0011168121 0.0008840286 8.588994e-05 0.00071845524 1.5234826e-05 0.030442938 5.3970954e-05 0.07269708 1.5065938e-05 5.3034427e-07 0.018705077 0.06356538 0.00036445496 0.014677615 2.341959e-05 1.3395234e-05 0.068296455 3.174938e-05 5.245554e-06 2.2200084e-06 0.0075905933 0.010605684 7.710226e-05 8.9815256e-07 0.027263904 0.0020788754 0.007053275 5.366043e-06
0.9803267 0.00021486895 0.0015167344 0.008339339 0.07273723 0.0014120884 3.8453334e-05 0.015726274 0.044824548 0.00017926078 7.673581e-06 1.9786983e-05 4.5909335e-05 2.1852463e-06 4.024597e-07 0.023271259 1.334006e-05 0.015261846 0.37319154 4.3158175e-06 0.47063422 0.7923118 8.612943e-07 0.9670788 0.17189892 4.248695e-18 3.4978015e-07 0.12406091 0.00024336141 5.8560645e-06 0.5433059 1.43246025e-05 0.6126179 0.7460267 0.021088138 0.16301288 2.5864276e-07 0.01985254 0.053065617 4.4223543e-06 2.9432653e-05 2.3583955e-06 0.43228906 0.05536282 0.556895 0.7475723 3.5993057e-07 0.8309024 0.034453925 0.026118414 4.786352e-07 9.478256e-08 2.526613e-08 0.00023501129 4.1121282e-05 0.041978497 0.13666363 0.0022604128 1.1047126e-06 0.0019368097 2.595907e-05 0.00015839771 0.011349567 0.29474643 1.7816988e-07 0.00020454953 0.22670151 0.36808005 0.0007115095 0.07138071 5.3066353e-05 0.0015410456 0.00067800056 1.31156185e-05 0.043603856 0.00082224415 0.01284789 0.0001795388 0.0028153122 0.0030396946 0.100742556 7.78537e-07 1.6456186e-06 0.0009306688 0.02426378 1.966538e-05 0.16136254 5.8962614e-06 0.00031085906 0.010174395 8.8237306e-05 3.3148635e-06 2.79096e-07 0.00066173094 0.00095896405 0.0060192854 3.0786186e-08 0.036779243 8.51524e-05 0.027750637 1.42612735e-05
0.9474536 0.00056136627 6.06064e-05 1.4163428e-05 1.9789445e-06 0.000395363 0.42934442 2.3054523e-05 2.6106092e-05 0.016825048 0.054449786 0.0058125155 0.000560643 0.93957853 0.71638167 6.746446e-05 0.090237714 0.001482226 1.636773e-05 0.0071594887 1.1813978e-06 6.735023e-07 0.48619565 3.6267778e-07 0.00076937734 3.4978015e-07 2.4846716e-16 3.5734167e-06 0.0002426907 0.0124090295 6.403204e-05 0.911596 4.2722849e-07 7.573026e-07 0.005670715 8.1413655e-06 0.7587967 1.1990383e-05 7.938999e-05 0.12915005 0.91481256 0.6335858 8.409528e-05 0.00015401443 6.772218e-07 5.2237133e-06 0.021803817 0.00012055366 6.6407594e-08 1.0853348e-05 0.65644354 0.7426459 0.6203993 0.38324463 3.0479227e-05 9.891042e-08 3.0681626e-05 0.22171876 0.27358785 1.0985158e-05 4.028393e-06 2.9255718e-06 6.602187e-07 1.1492734e-05 1.2888553e-06 0.21442343 0.0009155274 1.2161806e-05 0.08277782 2.4130697e-05 9.990875e-07 0.011347098 2.5745683e-07 0.36123174 5.96184e-06 3.7721713e-06 3.0476204e-07 1.524545e-07 0.0058477465 2.589309e-06 0.00026519748 0.00024659318 4.683467e-06 0.007862526 0.00019999548 0.24746116 7.566847e-05 0.00038615448 2.2746924e-06 0.0014058201 0.041549064 0.009912687 4.709938e-08 0.016723674 0.0040715453 4.843488e-07 2.5537509e-05 0.00014826741 0.0029995504 4.6941874e-05 5.734742e-06
0.05500337 0.041933123 0.1864137 0.2565257 0.48318467 0.10995669 0.000103668564 0.47866645 0.3974029 0.057166476 1.12533135e-05 0.00023608102 0.0026851282 6.3047096e-06 7.7574583e-07 0.9513895 3.187057e-05 0.039783034 0.8061346 1.4241377e-05 0.34246194 0.08361221 1.3488215e-06 0.117859334 0.042027246 0.12406091 3.5734167e-06 7.3521073e-16 0.42178658 3.6849422e-05 0.95873106 7.0974306e-06 0.00044227997 0.00081838504 0.0036049006 0.014304767 1.061607e-06 0.95787024 0.0662218 1.785448e-05 1.9219542e-05 2.2183638e-06 0.54089874 9.662502e-05 8.090156e-05 0.00053096574 0.0034303118 0.0033115277 8.589193e-06 3.6847032e-05 1.3327198e-06 6.039182e-07 5.018888e-08 1.28826105e-05 0.02716647 4.5168945e-06 0.10254579 2.8072516e-05 1.2765602e-06 0.008241097 0.00068302604 0.0035439655 1.1092417e-06 8.65938e-05 6.633779e-06 3.446147e-06 0.00020272576 2.8428221e-05 2.7198994e-06 7.4997304e-05 4.7560457e-06 7.2959733e-06 4.0856602e-07 1.6868747e-06 5.0486856e-06 9.185778e-05 4.3842956e-06 6.880712e-08 1.6691829e-05 9.825453e-07 0.00020051438 1.09417e-08 3.576292e-07 1.7163715e-06 6.745353e-05 1.0259244e-05 0.00016729656 1.5912894e-05 7.610717e-07 0.00037321038 4.6642735e-06 2.5464622e-05 9.458967e-08 2.3810024e-05 1.943047e-05 2.8313474e-07 1.4324144e-08 0.00068831217 1.384483e-06 0.000113952374 1.6667585e-07
0.044610273 0.75898755 0.6162608 0.36348322 0.22651932 0.532437 0.101895936 0.45295545 0.35411888 0.489249 0.027427716 0.14408243 0.59380764 0.0046500457 0.0004418904 0.5543395 0.008479135 0.13111195 0.040731806 0.021381445 0.0031494733 0.0019686301 5.2838397e-05 0.0007917885 0.03179814 0.00024336141 0.0002426907 0.42178658 3.980763e-15 0.0018977559 0.08065905 2.3364175e-05 7.36275e-05 2.8178315e-06 0.008635333 0.00020054555 2.2352753e-05 0.9785223 0.00018350307 6.524155e-05 7.832967e-05 4.6310466e-05 0.043455336 3.5689927e-06 7.1521686e-06 8.449089e-06 0.98745596 6.620206e-05 4.881588e-07 4.6291457e-06 2.0266536e-05 1.3252369e-06 2.755196e-06 4.504469e-05 0.18860976 9.2640626e-08 0.02457347 0.0012092362 0.00024980013 0.0009848701 0.00458001 0.003354161 2.2833713e-06 1.3494129e-05 0.0007806393 0.000113392445 8.497644e-05 5.2118357e-06 0.00033110252 5.835632e-06 5.805106e-07 0.000664884 1.4919085e-07 7.871567e-06 6.4505905e-08 1.9011542e-05 8.442674e-07 1.0994612e-07 0.00084897544 9.7959855e-08 0.00019311933 5.789045e-07 1.0836226e-06 0.00020501218 9.076068e-05 0.0001323879 9.584003e-06 0.00041034786 5.8804676e-07 0.0081105 0.00011579896 0.0006995496 1.8263944e-07 0.0014477136 0.0012763741 1.560014e-07 1.0486142e-05 0.00025103052 0.0001446619 2.1863001e-05 5.2640485e-07
7.987504e-05 0.0001205432 9.058943e-06 1.9598541e-05 1.8028919e-05 1.696159e-05 0.014622017 2.9747662e-05 1.1809399e-05 5.324104e-05 0.11135058 0.027900027 0.023095468 0.008921355 0.2735039 6.545076e-05 0.90046054 1.5839672e-05 5.782728e-05 0.9304725 2.5780057e-05 9.009647e-05 0.9462652 1.5627219e-06 7.3828983e-06 5.8560645e-06 0.0124090295 3.6849422e-05 0.0018977559 2.6932432e-14 0.00014158073 0.03171672 3.7527275e-06 2.1519108e-06 2.5483647e-05 5.765844e-05 0.0066017155 0.00023457668 7.093201e-06 0.95739114 0.004089081 0.00119548 0.00025364442 7.594976e-07 2.7797661e-05 1.9507988e-05 0.37182227 1.0700297e-05 8.47786e-07 1.574859e-05 0.0012476103 0.0056360024 0.0006932784 0.001463183 0.00013431109 3.726303e-07 5.631392e-07 1.6037578e-05 0.06671779 5.437708e-07 5.561752e-05 1.3544812e-05 5.3459435e-06 7.206924e-06 3.6156995e-05 0.00014420006 7.7240395e-07 4.0382034e-07 0.00010866269 6.452332e-06 2.0627704e-05 7.133443e-06 1.3500474e-05 0.00017744406 5.40677e-07 5.8232712e-05 6.543481e-06 2.4246475e-07 2.345833e-05 9.646554e-07 4.081345e-07 2.777159e-05 2.1829415e-05 4.404258e-05 6.919293e-06 0.00089538074 2.3408793e-06 0.00011709884 3.739124e-06 6.010053e-05 0.00033411113 7.3531614e-06 3.6855585e-08 0.00034043635 3.813415e-05 2.3996736e-06 0.000107129934 0.00029851633 0.000116978415 3.0426601e-05 4.7093337e-07
0.102986425 0.002152284 0.022472264 0.057580236 0.35540605 0.011404951 1.4720053e-05 0.12552571 0.14636813 0.0025433765 6.578445e-06 1.7837545e-05 0.0002206563 9.354823e-06 1.505961e-06 0.5575282 0.0002902423 0.0031952665 0.87098974 5.320911e-05 0.785173 0.5537479 3.149302e-05 0.5558828 0.009680563 0.5433059 6.403204e-05 0.95873106 0.08065905 0.00014158073 1.6114934e-15 5.499375e-06 0.04652784 0.1687773 0.0009508401 0.60087866 4.5604224e-07 0.75230813 0.8409679 0.00035963467 3.650374e-05 8.626397e-06 0.91811895 0.017480187 0.012016111 0.013026713 0.002683115 0.019811068 0.0035358919 0.0109069 2.6927019e-06 4.887681e-07 1.06028395e-07 2.9753294e-06 0.004715262 0.0021208301 0.25573125 1.6441094e-06 0.0003323271 0.02447076 0.00018313191 0.0019472368 8.9349305e-05 0.0048481375 8.7413804e-07 2.930707e-06 0.00024227121 0.0001787657 4.9416435e-06 0.0030542065 8.2477294e-05 1.6969495e-06 9.960024e-05 1.8227605e-06 0.0014316033 0.005562399 0.0002566323 5.16451e-06 2.3401537e-06 0.00024871144 0.00047140956 1.7662403e-08 3.5481706e-05 3.676265e-07 9.245109e-05 9.909652e-06 0.0014144612 2.848475e-05 1.9839095e-05 0.0002952082 4.459752e-06 3.3143122e-05 1.278173e-06 2.9294274e-06 8.260312e-06 1.1375827e-05 1.8432143e-08 0.0029131854 8.2582676e-07 0.00078294607 5.9844497e-06
