7.2453536e-18 0.8259951 0.112688236 0.018629933 0.0056649856 0.24540815 0.00020931542 0.8419737 0.10792684 4.5806082e-05 0.96853954 0.9700744 0.9161917 0.008544986 0.031958286 0.9302056 0.0009980658 0.4425568 0.8334099 0.9747928 0.6863881 0.028674137 0.9813861 0.029337656 0.22602342 0.9262261 0.011149789 0.8611218 0.8243575 0.9000935 0.09359487 0.9514419 0.97941536 0.17740555 0.863579 0.9015193 0.00038193443 0.56585735 0.8301482 0.884001 0.8903355 0.6326696 0.96209884 0.82523835 0.011799099 0.90220463 0.8975244 0.9548914 0.4577918 0.9611562 0.82447124 0.0778942 0.00038662247 0.9672612 0.035751157 0.30310386 0.6354504 0.9499547 0.8561787 0.085533455 0.97836715 0.97014517 0.4240952 0.8443766 0.8104587 5.7800235e-06 0.07433449 0.8706216 0.6770054 0.34468994 0.7860527 0.9327204 0.91941553 0.8499694 0.9881225 0.67180806 3.0814546e-05 0.73649234 0.38343006 0.7165276 0.35626575 0.6451797 0.83117354 0.8497587 0.6885226 0.8082454 0.95329416 0.9968318 0.030773437 0.99962246 0.99881834 0.2842056 0.99625653 0.6008437 0.7634818 0.9500953 0.00056474167 0.9523505 0.9994242 0.99963576 0.9996949
0.8259951 6.707462e-16 0.9982526 0.45430216 0.31231016 0.03470164 0.04074755 0.94498837 0.37612757 0.005097269 0.8195398 0.09419483 0.0071401815 0.042140465 0.032350015 0.58017683 0.0005712131 0.00022106913 0.000212056 0.8876145 0.00796598 0.00011489015 0.00041366369 0.008060734 0.0007657875 0.04119281 0.002302865 1.0440593e-06 3.4640855e-06 0.18936825 4.2448e-06 0.0503301 0.12095207 3.5045193e-07 1.3529423e-05 0.012663983 0.00031737649 1.9580737e-05 0.0018336113 9.520944e-08 2.5412151e-05 1.7217268e-05 0.0003532976 0.13257787 0.00033588856 5.396457e-07 0.046246383 0.00875935 6.0305e-06 0.002608821 0.008535383 4.749394e-05 1.1826722e-07 0.0012754765 5.276171e-07 1.2279163e-07 0.025658388 9.90372e-06 2.3654783e-07 2.1903034e-08 0.0039448263 0.00797938 0.003240247 0.005236822 0.016721241 2.5035033e-06 5.980778e-07 0.00011437567 0.0010219136 9.128598e-08 2.3484828e-05 1.791261e-06 0.00019154759 0.0007195963 0.00012901674 1.9342744e-05 2.3834345e-06 5.4722955e-06 3.9988645e-05 0.004630232 6.716159e-05 3.7042893e-05 1.7012833e-05 3.4353565e-05 0.0017717723 0.0018048189 1.1813887e-06 1.8208754e-06 7.8855855e-08 0.0011958517 0.00510386 1.3985748e-06 6.4069263e-06 5.746477e-07 1.02197975e-08 2.8492805e-06 1.9197486e-09 0.00530618 0.00050660473 0.0042834696 0.0051401337
0.112688236 0.9982526 1.1830841e-16 0.95585537 0.9504752 0.072605886 0.7232839 0.66342217 0.91061056 0.1325414 0.78627217 0.007466259 0.0010564753 0.09709994 0.49705023 0.08165462 0.000700965 4.424282e-06 1.4379501e-05 0.40756342 0.003601612 1.9993018e-05 2.5353254e-05 0.016435696 0.00016646355 0.007825549 0.009489554 1.2985112e-07 4.1341676e-07 0.018034529 5.0582645e-07 0.007966113 0.006146595 1.3139466e-07 1.239525e-06 0.003603747 0.00024882745 1.2304966e-05 0.00037106892 2.5927482e-08 1.8034001e-06 9.088861e-07 4.4221753e-05 0.02076161 3.5530466e-05 2.559279e-08 0.0026741398 0.00018040539 4.9858596e-07 0.00029184244 0.00062639447 5.917132e-06 4.5564423e-08 4.5177498e-05 4.167872e-07 2.981932e-07 0.0007456659 2.8657785e-06 3.8350436e-08 1.2189295e-08 9.024102e-05 0.0006509392 0.00016607365 0.00081672467 0.0002440496 1.1913683e-07 1.3885263e-08 1.5271382e-05 0.00013928275 4.4124984e-09 2.2831837e-06 7.981092e-07 1.8723738e-05 4.322583e-05 1.494109e-06 6.6726386e-07 4.279867e-08 1.923289e-07 8.3936783e-07 0.000117522744 1.2853704e-06 2.0450505e-06 1.8418059e-07 3.918551e-07 6.840987e-05 7.4147814e-05 5.20621e-07 1.6766924e-07 5.0758686e-09 2.2426997e-05 0.000102436854 4.75752e-08 2.1157169e-07 1.8754967e-08 1.614207e-11 1.7915582e-08 1.5706464e-10 0.00017407356 1.40419015e-05 0.00072584144 0.0005605841
0.018629933 0.45430216 0.95585537 2.3739775e-15 0.99541056 0.83643293 0.6643191 0.8866756 0.002135616 0.05232498 0.17398429 0.22958216 0.06680066 0.00029642074 0.00046349986 0.2639548 0.015602552 0.00086980313 0.00092898705 0.2492707 4.346629e-05 0.0005633866 0.00020897496 0.00025580154 9.081441e-06 0.00018781764 0.0001812974 2.6156895e-06 2.0429112e-05 0.014067764 7.638025e-06 0.00020489958 0.010039555 3.1224004e-06 7.3007934e-05 9.439454e-05 3.011928e-05 2.0517648e-06 2.3810546e-05 1.0115366e-06 2.1260244e-05 4.007588e-05 0.00011522876 0.0011862814 0.0025848018 2.9523665e-06 0.0007823463 0.00080906926 1.4745188e-05 0.00029405957 5.8122852e-05 1.9277522e-06 3.8760522e-06 0.00026844663 2.292283e-05 1.488871e-07 0.00043365394 8.2521e-06 3.1402087e-07 2.4919328e-07 0.00024709952 2.2075572e-05 8.19875e-06 0.00028242992 0.00033562566 1.4591272e-05 3.0519976e-07 1.6705062e-05 2.5330732e-05 3.420387e-07 1.4406734e-05 1.4276979e-05 1.082856e-06 3.6958543e-06 6.641523e-05 4.6483588e-06 4.8367046e-06 3.3996023e-06 1.7870118e-05 7.130086e-05 5.6112162e-06 2.468913e-06 5.859704e-07 2.7655035e-05 7.0391536e-05 0.00036731988 2.3588372e-07 7.8970817e-07 5.4262955e-07 3.8942408e-06 9.4233095e-05 3.5912603e-06 1.0390838e-06 1.6918455e-07 4.9140386e-08 5.5677697e-07 2.8333552e-08 5.9659615e-05 2.5478446e-05 0.0010748998 0.00017451154
0.0056649856 0.31231016 0.9504752 0.99541056 1.4296424e-14 0.6560362 0.9670245 0.4576532 0.003114723 0.27348414 0.076136105 0.020765882 0.011032216 0.00033760766 0.00036561105 0.047824252 0.012816922 0.00022938475 0.00013287754 0.11476748 1.7344511e-05 0.00073376 5.9784288e-05 0.00033401843 7.0216565e-06 8.772966e-05 0.00026332622 2.635518e-06 5.980279e-06 0.0021468687 5.6171643e-06 6.5277774e-05 0.0016820933 2.999206e-06 8.921338e-06 1.932331e-05 1.9540983e-05 7.5028214e-07 5.0292765e-06 6.777257e-07 2.5292554e-06 2.4960284e-05 1.4383918e-05 0.0001545522 0.0010822046 1.9752413e-06 0.00025232878 3.3674907e-05 9.317321e-06 1.5595604e-05 1.0420953e-05 8.248185e-07 1.8354052e-06 1.775254e-05 2.0261665e-05 5.9652837e-07 7.697818e-05 3.649913e-06 8.079269e-07 3.4070715e-07 2.3112992e-05 1.0041613e-05 6.1430756e-06 6.300379e-05 4.496936e-05 5.158746e-06 1.6994231e-07 1.1500574e-05 1.55904e-05 6.5349593e-07 1.9471863e-06 2.1936828e-05 2.1849712e-06 2.6862961e-05 1.0893686e-05 5.762306e-06 4.215303e-06 6.821019e-07 5.0769895e-06 8.052289e-06 1.0774706e-06 1.3806604e-06 1.2776709e-06 1.1367678e-06 2.4554733e-05 4.557871e-05 3.2530946e-07 5.4624957e-07 1.3110427e-07 1.4503224e-06 6.994535e-06 1.0386598e-06 1.8293841e-07 8.153471e-08 7.548254e-08 5.990019e-07 1.4968515e-08 2.5931133e-05 1.2514306e-05 0.0016799354 0.00013941577
0.24540815 0.03470164 0.072605886 0.83643293 0.6560362 4.5300007e-17 0.91836774 0.9263698 2.5852662e-05 0.18578893 0.0007305721 0.9316855 0.93226117 1.6937386e-06 1.0098855e-06 0.5328303 0.9713819 0.19920091 0.29790124 0.2221347 1.3678796e-06 0.20119894 0.17465651 1.6171541e-06 1.5673488e-06 1.1429972e-05 2.9887142e-05 0.00046483407 0.0002307957 0.07615638 0.0013080044 2.188818e-05 0.12431191 0.00012033381 0.00048866833 9.5836285e-06 6.8584535e-07 2.2670268e-09 3.7250009e-06 1.8003217e-05 0.0007288939 0.00012329017 0.00220304 0.00045769144 0.07888931 4.838389e-06 0.0010062285 0.023695236 1.7968568e-05 0.003691835 1.0682362e-05 4.7248204e-08 1.5096256e-05 0.0043369676 0.00030191767 2.2636925e-06 0.00038156577 1.7006945e-05 8.003871e-08 1.280841e-07 0.0025380824 1.1109234e-05 1.6713005e-06 7.003787e-06 0.0011166008 0.00056788436 9.3246945e-07 4.7168403e-05 4.6564737e-06 8.0731255e-08 8.500327e-05 3.3409313e-05 3.660478e-08 3.152361e-07 8.7136395e-05 1.8275061e-07 8.926988e-06 2.7061167e-06 2.3358496e-05 0.00031780475 0.000108851345 2.4022138e-05 9.749343e-09 8.307606e-05 0.00027213866 0.001165496 1.3926348e-06 2.8493703e-06 2.2813663e-06 5.2782195e-07 0.00021491812 8.697135e-07 7.1549175e-06 2.7878926e-07 5.8736543e-08 1.7299981e-06 1.3481456e-09 6.79122e-05 0.00015307813 0.0005955388 0.00011412365
0.00020931542 0.04074755 0.7232839 0.6643191 0.9670245 0.91836774 2.4000796e-18 0.047914013 0.0004857148 0.99968135 0.0040127668 0.0008603208 0.0009108972 3.745582e-05 5.5260956e-05 0.003395005 0.01519176 0.00051148067 6.543041e-05 0.004738855 1.8820313e-06 0.0005296301 5.480506e-06 6.281115e-05 4.6197405e-07 1.3029147e-05 2.165805e-05 1.1113779e-07 2.733683e-07 0.00012455636 1.2528689e-06 1.6253078e-05 4.9860402e-05 2.7686806e-07 8.448321e-07 6.5504114e-06 2.6952555e-06 3.7505306e-08 1.6782867e-06 8.8521097e-07 3.9397827e-07 1.4366898e-06 3.4810446e-06 1.706418e-05 0.00039302677 7.721186e-08 2.1210282e-05 6.1175388e-06 3.2721368e-07 1.3353723e-06 1.9491512e-05 1.6231906e-08 1.6794867e-07 7.9919755e-07 1.8079472e-05 1.8883721e-08 4.6348573e-06 7.1561215e-07 9.919968e-08 1.2386629e-07 1.8179171e-06 2.7013875e-06 6.2994417e-07 1.1633053e-05 2.0499065e-06 2.9032312e-06 7.047834e-08 4.013746e-07 1.10879476e-07 2.2271054e-08 3.8584508e-07 1.6708462e-06 2.3737108e-07 3.8576562e-07 1.041889e-06 1.3092011e-07 2.2265525e-07 1.0415805e-07 4.2788656e-07 5.1745724e-06 1.274647e-07 1.0949946e-08 3.0515043e-08 3.275899e-07 4.6665555e-06 1.2091503e-05 1.5271693e-08 2.1941796e-08 3.6491713e-08 2.0556023e-07 2.0925661e-07 2.3079963e-08 1.4827795e-07 5.669975e-09 5.388262e-08 2.7364985e-08 2.2236653e-10 2.9781565e-06 8.823166e-07 0.00023432582 2.236478e-05
0.8419737 0.94498837 0.66342217 0.8866756 0.4576532 0.9263698 0.047914013 8.162922e-14 0.06780438 0.0074233855 0.12885118 0.8761016 0.2773748 0.000818488 0.0018993284 0.9831342 0.07270249 0.12009531 0.018269053 0.7351315 0.0008399168 0.0071660113 0.004859675 0.00015759926 0.001152657 0.004673734 0.000119934775 0.0007455827 0.00046447825 0.5572041 0.0020556292 0.0011291635 0.39223084 0.00075503497 0.0002597887 0.0012193372 8.741944e-06 1.208037e-05 2.6818729e-05 0.00036496762 0.00010955871 0.0003819821 0.0011902198 0.018423684 0.021859022 2.5757521e-05 0.015198179 0.12793069 4.5454857e-05 0.011194983 0.00053558743 3.3685105e-06 2.2489805e-06 0.0062460545 0.00027563027 3.7572416e-05 0.009260517 1.7209437e-05 9.838815e-07 6.754139e-07 0.02594435 0.0016649103 0.0001366121 0.0007684582 0.026434325 1.05873905e-05 2.0754553e-06 0.00026271743 0.0002640026 8.435198e-07 0.00028654755 1.2519343e-05 2.5096266e-05 5.075182e-05 0.0010813072 5.445145e-07 7.873037e-06 5.0813076e-05 0.00010403243 0.007117529 0.00010046522 5.2090254e-05 5.6269382e-08 0.00019823275 0.004550442 0.009401098 2.760519e-06 2.69846e-06 5.0391833e-07 4.9337305e-05 0.008184365 6.8249988e-06 0.00014578512 1.748186e-07 1.6172504e-07 2.7087592e-07 5.162316e-09 0.0004364 0.0053145294 0.0057574236 0.0024222396
0.10792684 0.37612757 0.91061056 0.002135616 0.003114723 2.5852662e-05 0.0004857148 0.06780438 4.193389e-16 0.0001742006 0.9678531 0.00063791894 0.0003037255 0.9934414 0.92964596 0.007828878 5.414931e-06 5.8959913e-06 4.5234856e-06 0.1603267 0.24937236 3.058173e-06 3.294585e-05 0.6812605 0.04312934 0.08624749 0.021178171 2.1813214e-06 1.2592757e-05 0.009270295 8.487345e-06 0.058736265 0.0006066234 1.1711637e-06 2.6982132e-06 0.02046619 8.504349e-05 3.7647105e-06 0.009501833 8.702818e-07 3.4407583e-06 1.06512025e-05 3.701461e-05 0.03522531 5.1348932e-05 6.5155183e-07 0.003051768 0.00057009584 2.1110664e-06 0.00019724536 0.0046195583 1.6179958e-05 9.663096e-08 0.00030509286 1.4974677e-05 2.4749927e-06 0.0028858748 2.2137112e-05 6.403668e-07 7.006054e-07 0.0007463659 0.0015884859 0.0020399676 0.0012163675 0.0007565786 8.8205246e-07 3.6573533e-07 2.59297e-05 0.00011604097 1.00777804e-07 0.00012807941 0.00010024585 0.00011909022 8.5226246e-05 0.00037548933 1.2843051e-05 3.6145818e-07 4.5065663e-05 6.7342175e-06 0.0014726934 5.3368453e-06 1.6742358e-06 2.23078e-05 8.9699184e-05 0.0004744883 0.00012860521 2.4503106e-05 2.5478423e-05 3.1176174e-07 0.00015081918 0.0015402192 9.581659e-09 0.00014526231 2.869926e-07 6.0241e-07 4.75304e-06 6.1225722e-09 0.0009274574 5.574204e-05 0.0023551579 0.0033848244
4.5806082e-05 0.005097269 0.1325414 0.05232498 0.27348414 0.18578893 0.99968135 0.0074233855 0.0001742006 2.8475353e-18 0.00042923348 0.00022915036 0.00026394473 2.8535515e-05 3.7879236e-05 0.0007466479 0.9988952 0.00011056551 5.9143596e-05 0.0017000727 9.95653e-07 0.0005897238 9.291114e-07 0.000118437376 3.763106e-06 1.5918471e-06 5.0335402e-05 8.7534187e-07 1.2770022e-06 1.109019e-05 7.006499e-06 1.7582188e-06 1.2918783e-05 4.165617e-06 6.938796e-07 6.294983e-06 1.6181251e-05 5.374877e-08 9.00491e-06 6.3848884e-06 1.1063927e-07 1.35971895e-05 9.413222e-07 2.9079556e-06 0.0057583516 4.959251e-07 3.0632723e-06 2.201285e-06 3.7855198e-06 1.0523373e-06 7.4328245e-06 3.9210929e-07 1.3236669e-06 2.1717194e-06 3.342413e-05 5.9946655e-07 7.89308e-06 6.175885e-07 5.823626e-07 7.777259e-07 2.9305002e-06 1.5177695e-06 6.638259e-06 4.5610077e-06 9.572161e-07 7.938942e-06 5.6153357e-07 5.825131e-07 5.7129427e-07 9.024071e-08 7.8257165e-07 9.236011e-06 1.1674709e-07 1.1159102e-06 2.4949825e-06 2.0510984e-07 2.573519e-06 4.8904457e-07 1.6270654e-06 1.6319016e-06 1.564116e-08 3.1431373e-08 3.320258e-08 1.0936506e-06 1.3091e-05 1.3726173e-05 3.4100525e-09 3.4953985e-08 4.3385406e-09 9.071508e-07 5.2062546e-07 1.7439234e-07 9.949866e-07 1.629233e-08 2.0188367e-09 3.1089492e-08 1.4974768e-08 8.377408e-06 8.601764e-07 0.0001798133 2.3965506e-05
0.96853954 0.8195398 0.78627217 0.17398429 0.076136105 0.0007305721 0.0040127668 0.12885118 0.9678531 0.00042923348 1.6627974e-18 0.0009399032 0.00024438146 0.6487698 0.8657196 0.06408678 4.016861e-06 8.827355e-06 2.877346e-06 0.91387707 0.6334308 1.6358234e-06 9.073333e-07 0.6504907 0.57207304 0.70199955 0.44098198 4.559757e-07 7.594708e-07 0.34164602 3.5917756e-07 0.7272959 0.09939859 6.961232e-07 3.8376137e-07 0.47349456 0.0038150577 0.00015662938 0.11481565 6.83179e-08 5.9510495e-07 7.563477e-07 1.3323073e-05 0.826438 1.742685e-05 5.75762e-08 0.41863522 0.0033901036 7.988635e-08 0.00021998664 0.32536858 3.5696547e-05 1.6099017e-08 0.0003038307 5.123403e-07 1.8164284e-06 0.17381403 5.0248564e-06 1.0236027e-08 1.0883461e-08 0.0024117182 0.24627577 0.032974027 0.10816835 0.040480208 7.8160497e-07 2.566088e-08 0.000115523544 0.021432424 3.3814267e-08 5.5483484e-05 1.787911e-06 0.0025012398 0.0007521638 0.0001669077 3.8156813e-05 9.656629e-08 6.21012e-06 1.1008882e-05 0.030108528 1.8771852e-05 1.142071e-05 2.0381336e-05 5.5168126e-05 0.020453224 0.008891478 9.5220844e-07 7.2890634e-07 6.542579e-07 0.013778517 0.05000676 1.7198024e-06 1.3144994e-05 8.209524e-08 1.754762e-07 4.931352e-08 7.5957865e-11 0.09625827 0.0033624368 0.007490207 0.08994995
0.9700744 0.09419483 0.007466259 0.22958216 0.020765882 0.9316855 0.0008603208 0.8761016 0.00063791894 0.00022915036 0.0009399032 4.6337117e-14 0.96152294 2.2422422e-05 1.7842818e-05 0.79153556 0.06139262 0.55021864 0.4603659 0.16543707 3.584501e-05 0.13546737 0.26257175 7.9431975e-06 0.00012569824 9.524228e-05 1.9825799e-05 0.013655231 0.0039129984 0.76385176 0.12051833 7.223772e-05 0.7216566 0.024644036 0.00316396 5.7300487e-05 8.6560135e-08 9.747954e-08 5.9981477e-07 0.012793146 0.0053417343 0.0017649322 0.037550975 0.0021382615 0.12555742 0.00022543536 0.0048275697 0.8693367 0.00037586465 0.20020615 0.00013747966 4.77884e-07 9.760638e-05 0.23419479 0.003960712 0.0012012451 0.0063502667 0.00042782418 4.669427e-06 3.5307632e-05 0.21616516 0.0003043518 1.2614332e-05 0.00019019493 0.014879337 2.044209e-05 6.39199e-05 0.0008458237 3.915283e-05 5.212218e-06 0.001675788 0.00026948113 1.0482867e-06 1.0601992e-05 0.009864855 2.2883599e-07 8.8775605e-06 0.00095303025 0.0006948564 0.005892035 0.0005047382 0.00014198733 7.954041e-09 0.0025348892 0.006062212 0.01646526 3.7968857e-05 1.8162458e-05 5.301281e-06 1.5308425e-06 0.0033885112 3.418555e-05 0.00039965258 2.5551603e-06 1.9847696e-06 2.324198e-06 2.6327847e-08 0.0004734101 0.008353368 0.017533598 0.0012731876
0.9161917 0.0071401815 0.0010564753 0.06680066 0.011032216 0.93226117 0.0009108972 0.2773748 0.0003037255 0.00026394473 0.00024438146 0.96152294 6.452478e-14 8.893932e-06 1.2531832e-06 0.31808046 0.15846622 0.93421125 0.968912 0.042772535 2.720828e-06 0.49526566 0.895537 2.9318896e-06 5.0089193e-06 1.1847063e-05 7.7102595e-06 0.045262545 0.020435248 0.28790578 0.53790474 2.7637845e-05 0.3333928 0.19190158 0.023964258 2.773641e-05 4.8902145e-08 1.4328536e-07 3.866835e-07 0.07860058 0.05527067 0.0022249874 0.20921247 0.00083997485 0.38816544 0.00020880203 0.0011160753 0.7429911 0.00033772696 0.31811106 0.00018549057 2.9850594e-07 0.0009008161 0.40884963 0.017984763 0.00284619 0.0014560344 0.001577789 5.0927306e-06 2.306741e-05 0.09797685 0.0001952838 4.9841485e-05 0.0003949178 0.005245387 4.623628e-05 3.225945e-05 0.0021990684 6.783479e-05 4.436852e-06 0.0017563858 0.00028662352 2.4342896e-06 7.27377e-06 0.011242353 1.0667524e-06 1.2155891e-05 0.0010125294 0.0003097434 0.0012764804 0.000646047 0.00015610328 1.3636035e-08 0.001151275 0.0012110159 0.00577907 0.000104933795 9.845287e-06 1.1823727e-06 2.994236e-06 0.0005392954 8.759762e-06 0.0003222936 3.2972122e-07 3.5320646e-08 3.904e-07 9.4550305e-09 0.00023346527 0.0024850755 0.015474136 0.0005106881
0.008544986 0.042140465 0.09709994 0.00029642074 0.00033760766 1.6937386e-06 3.745582e-05 0.000818488 0.9934414 2.8535515e-05 0.6487698 2.2422422e-05 8.893932e-06 7.559112e-17 0.99921745 0.0002632986 3.3824526e-06 2.5713513e-07 4.80828e-07 0.012020621 0.12574683 7.3647374e-07 1.0489717e-06 0.4265513 0.039481755 0.032734342 0.027762083 1.2186321e-06 7.0162414e-06 0.00023841369 3.0843935e-06 0.01017686 6.241889e-05 1.288344e-06 1.7933687e-06 0.008569692 0.00066718116 1.1164824e-05 0.0050175446 1.0699771e-06 4.0535483e-07 6.7524684e-06 2.8739619e-06 0.0064005726 5.65474e-06 6.007468e-07 0.00065194536 7.570737e-05 1.7417052e-06 3.223042e-05 0.0014073333 8.1953774e-05 4.488009e-08 9.858187e-06 1.622198e-05 5.7577165e-07 0.0012733381 2.0707243e-06 1.5066548e-06 2.384386e-07 4.2136653e-05 0.00027416425 0.001868644 0.00094444386 0.00021480565 1.16609115e-07 4.235267e-07 3.282402e-06 0.00017804684 5.040553e-07 9.606404e-06 1.2235048e-05 6.164359e-05 0.00036288577 3.107934e-05 4.0001578e-05 5.5027062e-08 2.174741e-06 3.5802435e-07 0.0001253763 1.3364189e-07 1.4261124e-07 0.00012529836 3.3959632e-06 4.4503387e-05 8.004185e-06 2.9509479e-06 1.1934044e-06 7.0877604e-07 0.000114325405 8.2901e-05 5.207086e-08 7.213332e-06 3.488452e-08 1.2849217e-08 8.946655e-07 1.4330176e-09 0.0008846438 7.294411e-07 0.0007841891 0.001269236
0.031958286 0.032350015 0.49705023 0.00046349986 0.00036561105 1.0098855e-06 5.5260956e-05 0.0018993284 0.92964596 3.7879236e-05 0.8657196 1.7842818e-05 1.2531832e-06 0.99921745 3.6606498e-17 0.00033525028 1.0336814e-06 3.0474038e-08 2.1194962e-08 0.017734544 0.5431558 8.4460034e-08 1.2878263e-07 0.6268509 0.3597467 0.16603218 0.81488264 1.9226691e-07 9.1269226e-07 0.00028451887 3.1107345e-06 0.046707988 0.000115062845 2.76525e-07 4.4059595e-07 0.029220603 0.008046111 6.524131e-05 0.02304392 1.2806578e-07 2.4424926e-07 7.23194e-07 1.9880865e-06 0.012497437 3.925993e-06 2.0583015e-07 0.0012197583 3.4985922e-05 8.3537856e-08 4.2098374e-05 0.0039603077 0.0002562259 2.0686931e-08 2.482356e-06 8.639999e-06 4.8888674e-06 0.001170317 2.1109495e-06 2.36149e-06 3.199389e-08 2.3649596e-05 0.0008042838 0.0043823086 0.002520028 8.235484e-05 8.635961e-08 3.054065e-07 2.7555875e-06 0.0002581274 1.0355863e-07 5.1609795e-06 1.2940904e-05 0.0003233502 0.0003151575 2.9909725e-05 5.750517e-05 3.1143085e-08 7.9531156e-07 8.8050314e-08 3.8559057e-05 1.7083792e-08 9.937713e-08 0.00014264356 1.1837762e-06 2.3338544e-05 4.6749346e-06 4.6165674e-06 2.4946685e-06 5.4580305e-08 0.00035015342 7.245457e-05 2.2365088e-08 9.505386e-06 1.6649514e-08 8.058337e-09 7.377468e-07 3.4119177e-10 0.0012000183 6.574265e-07 0.00069302024 0.0015571052
0.9302056 0.58017683 0.08165462 0.2639548 0.047824252 0.5328303 0.003395005 0.9831342 0.007828878 0.0007466479 0.06408678 0.79153556 0.31808046 0.0002632986 0.00033525028 9.256492e-14 0.015095029 0.06113491 0.012820277 0.9610195 0.00043548222 0.005764632 0.006666424 8.7025364e-05 0.00041349608 0.0030326082 3.9154955e-05 0.0006889242 0.00034546712 0.92116326 0.0015894544 0.0029747195 0.71155584 0.0004971198 0.00017589082 0.0022892463 2.674267e-05 2.778632e-05 0.00012951368 5.9066148e-05 0.00018906573 0.0006013823 0.002540677 0.029736022 0.008140909 1.8023351e-05 0.03773676 0.4835634 7.090263e-05 0.023944981 0.0014726743 2.561896e-05 1.4239191e-05 0.014830292 0.0002008154 1.5118242e-05 0.024967816 6.0796618e-05 3.8536956e-07 1.2772468e-06 0.10360146 0.0033072745 0.0003690849 0.0014051794 0.06476131 2.0790758e-05 1.173421e-06 0.00026786307 0.00039497597 1.3569978e-06 0.000445907 1.2905115e-05 3.083542e-05 0.00015710632 0.0023726295 3.7728983e-06 1.3179439e-05 0.00024127212 0.00041818633 0.016825803 0.00029534142 5.002477e-05 4.530754e-07 0.0005466204 0.018913802 0.030570239 5.7427983e-06 4.559503e-06 2.4773044e-06 0.0001595037 0.021171018 1.613704e-05 0.00012540177 5.9855824e-07 3.8215646e-08 2.6295112e-07 2.7411167e-08 0.0023855097 0.0149272485 0.013128809 0.0049956623
0.0009980658 0.0005712131 0.000700965 0.015602552 0.012816922 0.9713819 0.01519176 0.07270249 5.414931e-06 0.9988952 4.016861e-06 0.06139262 0.15846622 3.3824526e-06 1.0336814e-06 0.015095029 6.427046e-16 0.5033771 0.06431654 0.0036128613 9.065333e-07 0.894668 0.0019515423 4.3697446e-06 5.392938e-07 1.2927798e-06 2.1480766e-06 9.459739e-05 0.000111949936 0.00071585044 0.030418525 6.025329e-07 0.00067933905 0.00047655235 1.818329e-05 7.578444e-07 1.222988e-07 9.232346e-08 1.0279531e-06 1.3577182e-05 1.1568786e-05 1.7260669e-05 2.831296e-05 1.8862917e-06 0.66264814 6.032022e-07 7.526797e-06 0.0001586237 6.136711e-06 1.3115543e-05 2.7216142e-06 2.5504054e-08 0.00034347095 1.0954673e-05 0.00034249082 1.951197e-05 5.027138e-06 4.240774e-06 5.0993907e-07 2.2039097e-07 1.8260342e-05 1.0772425e-06 6.970855e-08 3.3799952e-06 1.1855982e-05 0.0008178361 3.2636441e-07 1.1268161e-06 2.4486212e-07 4.402706e-08 1.273587e-06 3.891052e-06 1.2303333e-07 1.5072993e-07 1.10632955e-05 6.697952e-08 5.6220928e-05 2.5137464e-07 2.0648163e-06 4.906378e-06 9.4111306e-07 1.16170106e-07 2.0314057e-09 3.331747e-06 1.076207e-05 4.3536656e-05 4.8441596e-08 1.9894834e-07 9.0658256e-07 1.8570516e-07 6.750749e-06 2.573758e-07 2.3345879e-06 2.752517e-08 2.4620695e-07 1.1871889e-07 2.7073531e-08 1.3529449e-05 5.2584314e-06 0.00030241965 5.4160414e-06
0.4425568 0.00022106913 4.424282e-06 0.00086980313 0.00022938475 0.19920091 0.00051148067 0.12009531 5.8959913e-06 0.00011056551 8.827355e-06 0.55021864 0.93421125 2.5713513e-07 3.0474038e-08 0.06113491 0.5033771 1.6669919e-15 0.9815277 0.00275936 1.995138e-07 0.9981364 0.57481086 3.1680025e-07 5.8990963e-08 9.2840554e-07 1.3748496e-07 0.020620486 0.02806347 0.012571412 0.24145284 1.3701604e-06 0.021634506 0.042313058 0.0020212943 5.5740575e-06 2.3312847e-09 7.222868e-09 7.568942e-08 0.003666747 0.0038761988 0.000701166 0.012481868 1.829845e-05 0.26086703 2.3736227e-05 1.7009426e-05 0.0455168 5.9467842e-05 0.014032785 3.4997518e-06 2.1406265e-08 0.00064340036 0.015840968 0.0036769665 0.0011362567 3.931544e-05 6.523956e-05 1.4789542e-06 6.332764e-07 0.0025289913 1.2026187e-06 8.051693e-07 6.960041e-06 0.00014994621 6.11553e-05 2.4871595e-06 2.4328565e-05 8.5176754e-07 2.0981213e-07 1.8228606e-05 7.555726e-05 7.595987e-08 2.02578e-07 0.00028314866 5.4609668e-08 1.4421236e-05 3.207861e-06 6.581489e-06 3.5610658e-05 8.183362e-06 2.80154e-06 2.2646423e-08 2.5819865e-05 9.276152e-05 0.00043682285 1.7382058e-06 4.6264904e-07 2.2654127e-07 1.2278736e-06 1.8406454e-05 1.7718938e-06 3.221728e-06 2.5787384e-07 9.217152e-10 9.992934e-07 9.445491e-10 1.9078418e-05 0.00018797175 0.002165765 2.6359516e-05
0.8334099 0.000212056 1.4379501e-05 0.00092898705 0.00013287754 0.29790124 6.543041e-05 0.018269053 4.5234856e-06 5.9143596e-05 2.877346e-06 0.4603659 0.968912 4.80828e-07 2.1194962e-08 0.012820277 0.06431654 0.9815277 5.2869815e-14 0.00066468905 1.0069268e-07 0.6862741 0.98632634 1.7077349e-07 5.7752402e-08 3.7615902e-07 8.722258e-06 0.7859828 0.536465 0.01619108 0.78248924 2.3801294e-06 0.016546218 0.7103838 0.05594991 2.6634639e-06 3.7433836e-08 3.654707e-09 3.027301e-08 0.5650514 0.05528263 0.030732602 0.20246297 0.00013294116 0.47536668 0.0015594861 7.4362244e-05 0.17121786 0.0015358708 0.12681483 1.0040359e-05 4.926238e-08 0.015154021 0.18848915 0.09934348 0.0901741 0.00026103464 0.002486716 1.6269963e-05 0.00022600364 0.009621459 2.4086967e-05 2.1944875e-06 1.3504827e-05 0.0005753057 0.0002585472 9.8888784e-05 0.0027463124 5.18823e-06 3.3371591e-06 0.001978605 0.0013131726 7.8237576e-08 3.2652693e-07 0.0069337008 2.2303011e-07 0.00042822157 0.0007911322 0.0005024809 0.00040743884 0.00072116987 0.0002764677 1.6383634e-08 0.0013581191 0.00033810997 0.0010035869 0.0004186662 4.2625743e-05 9.405824e-06 3.321387e-07 0.00012009764 9.246697e-05 0.00048373692 8.972202e-07 1.1128113e-08 1.1534174e-05 2.1212789e-07 8.387905e-06 0.0010714191 0.007702081 0.00011227132
0.9747928 0.8876145 0.40756342 0.2492707 0.11476748 0.2221347 0.004738855 0.7351315 0.1603267 0.0017000727 0.91387707 0.16543707 0.042772535 0.012020621 0.017734544 0.9610195 0.0036128613 0.00275936 0.00066468905 1.8717387e-14 0.03186031 0.00012298941 0.00062334904 0.0010297792 0.007599271 0.12359659 0.00033761875 1.0420366e-05 1.603715e-05 0.95594686 9.283671e-06 0.15549903 0.72571594 4.543824e-06 1.9643056e-05 0.08366087 5.79955e-05 0.00014618773 0.002057922 1.4797592e-07 1.775276e-05 3.0195031e-05 0.00030902968 0.6232598 0.0022157412 1.3763563e-06 0.47827032 0.16897202 5.8989326e-06 0.014480575 0.041004863 5.3067062e-05 1.0545294e-06 0.009808704 1.1803735e-05 1.8929848e-06 0.16626152 1.047738e-06 6.6383535e-08 7.922885e-08 0.084258564 0.044393428 0.0015617632 0.014614196 0.22936656 1.0725942e-05 4.226876e-08 9.611156e-05 0.0012247098 1.6820643e-07 0.00013161209 4.152336e-07 0.00021085693 0.0002418114 0.00086106616 9.160282e-06 1.0285488e-05 7.667675e-05 0.00018779149 0.06079099 0.000108619795 2.7887438e-05 2.457836e-06 0.0002436782 0.07857403 0.056770757 1.1980318e-06 2.5330958e-06 8.6427053e-07 0.0009616469 0.13038272 2.5520649e-06 5.5214074e-05 4.588353e-08 3.0253544e-09 2.1503865e-08 2.3995814e-10 0.014330541 0.016277548 0.01574393 0.02943678
0.6863881 0.00796598 0.003601612 4.346629e-05 1.7344511e-05 1.3678796e-06 1.8820313e-06 0.0008399168 0.24937236 9.95653e-07 0.6334308 3.584501e-05 2.720828e-06 0.12574683 0.5431558 0.00043548222 9.065333e-07 1.995138e-07 1.0069268e-07 0.03186031 3.3114267e-13 1.4036269e-06 8.982069e-08 0.68602484 0.9860224 0.9891134 0.38253728 4.7396227e-08 8.863268e-07 0.001604408 2.355799e-06 0.48705173 0.000528505 4.0556074e-06 6.678616e-07 0.7633936 0.07192094 0.015320703 0.6710704 1.7874531e-07 3.356519e-07 1.099316e-06 1.8712682e-06 0.15945366 7.5446235e-07 1.6167146e-08 0.015308413 2.485598e-05 6.65971e-08 2.999357e-06 0.08280837 0.019372 1.268329e-06 7.205013e-06 7.2283194e-07 1.3910905e-07 0.005525103 4.0838097e-07 1.0291095e-08 2.291486e-06 2.5932766e-05 0.030675007 0.10381554 0.13548453 0.0011101995 9.587487e-06 4.9299393e-07 8.335499e-06 0.014880337 1.5132387e-06 3.5090225e-06 5.1100767e-07 0.0040578577 0.0040609823 4.3518703e-06 0.00032858038 1.3379148e-05 2.0190987e-07 2.5040285e-06 0.00067022594 3.6649674e-06 8.1229115e-07 0.000665819 9.738081e-07 0.00022299602 0.00034553037 1.4242646e-06 5.420901e-07 1.2617748e-07 0.0064077526 0.0009544437 1.6770387e-06 4.3411444e-07 1.2708577e-07 3.6026645e-07 5.5012976e-07 1.865782e-07 0.015186812 9.980572e-05 0.0001854186 0.0059135812
0.028674137 0.00011489015 1.9993018e-05 0.0005633866 0.00073376 0.20119894 0.0005296301 0.0071660113 3.058173e-06 0.0005897238 1.6358234e-06 0.13546737 0.49526566 7.3647374e-07 8.4460034e-08 0.005764632 0.894668 0.9981364 0.6862741 0.00012298941 1.4036269e-06 7.0920667e-15 0.31213522 1.242149e-05 8.7385473e-07 4.0027357e-06 3.9150364e-05 0.028436624 0.13707376 0.0011209944 0.9527794 1.539642e-06 0.0015664843 0.70612246 0.0010853515 2.5025483e-06 5.0991986e-08 1.7506033e-09 1.2538855e-07 0.3984686 0.0009245441 0.0041078073 0.003504406 5.4356165e-06 0.9095341 7.508046e-05 2.9635373e-06 0.0031793483 0.00031051418 0.0012469792 1.7174619e-06 1.8189246e-06 0.0064158817 0.0012168159 0.057758916 0.09474549 1.5338772e-05 0.00010416517 5.3970616e-06 4.793611e-05 0.00028084576 2.254848e-06 3.7861769e-06 7.936406e-06 1.6905957e-05 0.00032964876 0.00019692263 0.000114651855 4.5511188e-06 2.8335394e-06 1.6150836e-05 8.244553e-05 1.2888471e-07 9.341245e-08 6.64248e-05 2.5711748e-07 0.0010941369 1.2550179e-06 9.48143e-06 4.1451963e-06 2.5275156e-05 2.5661211e-05 5.4188725e-08 4.7286967e-06 1.4815073e-05 5.4333646e-05 1.0303288e-05 2.5888596e-06 5.44604e-06 9.905556e-07 8.884666e-06 1.3590992e-05 1.7074086e-06 6.4191556e-07 6.816271e-09 2.5639674e-06 1.131673e-06 1.7958914e-06 0.00012302355 0.00076701934 2.8254673e-05
0.9813861 0.00041366369 2.5353254e-05 0.00020897496 5.9784288e-05 0.17465651 5.480506e-06 0.004859675 3.294585e-05 9.291114e-07 9.073333e-07 0.26257175 0.895537 1.0489717e-06 1.2878263e-07 0.006666424 0.0019515423 0.57481086 0.98632634 0.00062334904 8.982069e-08 0.31213522 2.0672115e-14 7.4563445e-08 7.13185e-08 8.180544e-08 2.2647228e-06 0.8335027 0.32937747 0.04050225 0.65519744 2.2361924e-07 0.021800643 0.62493473 0.1340718 1.0399667e-07 2.2730246e-08 4.3439e-08 4.5284385e-09 0.5234463 0.26913446 0.02232262 0.78912747 4.125952e-05 0.17333663 0.004218131 0.0001602129 0.8073703 0.0023128914 0.7841402 4.6742794e-06 1.0450112e-07 0.0012395227 0.7648796 0.07513094 0.04628323 0.0007116948 0.008943278 5.7118912e-05 0.00044585782 0.07249881 6.046152e-06 9.469018e-07 1.0375714e-05 0.002633791 3.0687184e-05 0.00012301088 0.0055186865 1.2032049e-06 1.1385324e-05 0.021872884 0.0016982367 1.6645886e-07 1.5496146e-06 0.13492046 2.6207442e-07 9.581175e-05 0.0055306777 0.0012607082 0.0033472537 0.0012443023 0.00042640683 7.3020185e-09 0.019626874 0.0024468477 0.006096154 0.0006516579 0.00015972319 4.5657012e-05 3.0962482e-07 0.0002557091 8.684951e-05 0.0059084627 1.9880488e-06 2.258123e-06 4.3267096e-06 1.7423656e-07 0.0001421746 0.0034519956 0.023386309 0.0004855061
0.029337656 0.008060734 0.016435696 0.00025580154 0.00033401843 1.6171541e-06 6.281115e-05 0.00015759926 0.6812605 0.000118437376 0.6504907 7.9431975e-06 2.9318896e-06 0.4265513 0.6268509 8.7025364e-05 4.3697446e-06 3.1680025e-07 1.7077349e-07 0.0010297792 0.68602484 1.242149e-05 7.4563445e-08 5.1592578e-15 0.9947881 0.201282 0.9940682 4.9642125e-08 2.1413352e-06 2.2257564e-05 9.3143854e-07 0.052987278 1.0537237e-05 7.0718943e-07 1.6478454e-06 0.17298402 0.18417542 0.026667675 0.27321798 1.0997549e-07 6.949919e-08 3.4006332e-06 4.114894e-07 0.0042822543 1.0831282e-05 1.7210122e-07 0.00051957916 3.3990768e-06 7.254808e-08 2.048179e-06 0.0044467673 0.0120611405 4.514007e-07 2.8381503e-06 0.00017579137 4.350204e-07 0.00023207163 1.1233858e-06 8.2073946e-08 9.860419e-07 3.4575635e-06 0.0009598681 0.04085865 0.008773892 5.1242925e-05 1.9809886e-05 1.6990385e-06 1.3721841e-05 0.0024539414 8.2281827e-07 1.7953315e-06 1.6838048e-06 0.00093412073 0.0015004112 8.759156e-07 0.0007045923 9.275353e-06 7.3338185e-08 8.5882675e-06 7.87199e-05 6.9643966e-06 2.8251586e-06 0.0005259768 4.724048e-07 4.9784332e-05 3.2678672e-05 6.460198e-07 1.1367634e-06 3.611483e-06 0.0024191486 0.0001474064 1.1538161e-06 1.6237947e-06 2.4682654e-06 2.0449811e-07 5.691492e-06 3.6812732e-08 0.0015743651 1.8376148e-05 0.0005832239 0.00041605855
0.22602342 0.0007657875 0.00016646355 9.081441e-06 7.0216565e-06 1.5673488e-06 4.6197405e-07 0.001152657 0.04312934 3.763106e-06 0.57207304 0.00012569824 5.0089193e-06 0.039481755 0.3597467 0.00041349608 5.392938e-07 5.8990963e-08 5.7752402e-08 0.007599271 0.9860224 8.7385473e-07 7.13185e-08 0.9947881 4.4141665e-12 0.44867796 0.67202264 6.5054417e-07 4.0656622e-07 0.00087440334 1.7219088e-07 0.200344 0.0001308665 1.7342352e-06 2.8214495e-07 0.6177355 0.16108568 0.019136393 0.7308411 2.1543966e-07 4.0142515e-07 6.017904e-07 1.9291444e-06 0.04130676 3.184054e-06 2.8565708e-07 0.01224231 5.073609e-05 1.979673e-08 5.2313535e-05 0.026576174 0.0230195 4.3754535e-06 4.398277e-05 8.502236e-06 7.1950424e-08 0.0053856918 5.308969e-07 1.3436232e-08 7.6176125e-06 3.8560673e-05 0.011450834 0.257443 0.1420886 0.0028910153 2.2904907e-05 1.6503429e-06 1.0924388e-05 0.048950307 5.190405e-07 3.6339256e-06 5.9091326e-07 0.0074609877 0.016542768 8.869919e-06 0.0005385807 4.148467e-06 7.697585e-08 1.963356e-05 0.0008995678 4.698682e-06 4.2016572e-06 0.002789269 1.7065142e-05 0.0006721357 0.001279918 2.7107933e-07 7.56966e-07 3.7851498e-07 0.008645472 0.00091301923 8.841145e-08 2.5232755e-06 1.15155096e-07 4.2148065e-07 1.9692365e-07 3.481969e-09 0.012405339 9.099208e-05 0.00020492206 0.0029805652
0.9262261 0.04119281 0.007825549 0.00018781764 8.772966e-05 1.1429972e-05 1.3029147e-05 0.004673734 0.08624749 1.5918471e-06 0.70199955 9.524228e-05 1.1847063e-05 0.032734342 0.16603218 0.0030326082 1.2927798e-06 9.2840554e-07 3.7615902e-07 0.12359659 0.9891134 4.0027357e-06 8.180544e-08 0.201282 0.44867796 4.4822663e-13 0.09053293 6.106039e-08 3.842787e-06 0.01030273 9.45069e-06 0.92526793 0.0031302404 1.3003818e-06 6.397509e-07 0.92215085 0.013494896 0.004369212 0.62437814 4.7737973e-07 2.4155838e-07 7.3804135e-06 1.3165476e-06 0.49985957 1.1975149e-05 3.268009e-08 0.08281411 0.00013783439 2.9661143e-07 6.3372986e-06 0.42779014 0.014973194 4.8369975e-07 1.536807e-05 3.0373387e-06 5.7101533e-07 0.041048598 1.5335737e-06 4.79388e-09 5.790373e-06 0.00037435233 0.14438486 0.13468981 0.3382633 0.007363896 1.3971531e-05 1.2985879e-07 1.0586271e-05 0.041053336 8.8777927e-07 9.900518e-06 2.1948056e-06 0.0031155578 0.0028133998 2.8893859e-05 0.00018494847 2.7644937e-05 3.9181455e-06 5.3015774e-05 0.0038384802 2.6362357e-05 7.63549e-06 0.0005600262 1.7355893e-05 0.0040238495 0.001991965 3.10246e-06 2.0630948e-07 1.2186541e-06 0.015396781 0.012032928 1.2078225e-05 4.1924345e-06 4.4738923e-07 8.346328e-07 6.492395e-07 7.495726e-07 0.07306179 0.0007759665 0.0013421635 0.036195286
0.011149789 0.002302865 0.009489554 0.0001812974 0.00026332622 2.9887142e-05 2.165805e-05 0.000119934775 0.021178171 5.0335402e-05 0.44098198 1.9825799e-05 7.7102595e-06 0.027762083 0.81488264 3.9154955e-05 2.1480766e-06 1.3748496e-07 8.722258e-06 0.00033761875 0.38253728 3.9150364e-05 2.2647228e-06 0.9940682 0.67202264 0.09053293 1.0775413e-12 1.0716243e-06 4.1172454e-05 1.1420471e-05 0.00028853232 0.036570657 5.9567457e-05 2.9304685e-05 7.002518e-06 0.12937234 0.99694073 0.00440508 0.20645021 2.3939032e-05 9.755854e-07 0.000108936714 1.1778355e-05 0.002157762 4.7120366e-06 8.775363e-06 0.0004104496 3.654139e-05 2.8211727e-05 8.586606e-06 0.0043668495 0.009995156 1.3248522e-05 2.2585786e-05 0.00055321073 9.093101e-05 0.001027107 1.8295159e-06 1.4105695e-05 3.3628646e-06 9.05765e-05 0.00069393433 0.05726511 0.009177464 4.7924816e-05 8.809979e-06 4.1488347e-06 7.3920573e-06 0.0023888277 3.6157323e-06 2.169671e-05 6.461252e-05 0.0021448385 0.0057310765 0.0004234769 0.00036407888 4.5659954e-06 8.699911e-06 6.107784e-05 0.00026741356 1.5817513e-05 8.716424e-05 0.0007242859 3.094961e-05 0.0001253231 8.7065804e-05 2.15785e-06 2.4171972e-05 1.690516e-06 0.0009819135 0.00023796529 4.0167038e-06 0.000100393 1.1503793e-06 1.2488392e-06 5.911198e-06 3.1860844e-07 0.0016296731 0.00014863793 0.0037141165 0.001895722
0.8611218 1.0440593e-06 1.2985112e-07 2.6156895e-06 2.635518e-06 0.00046483407 1.1113779e-07 0.0007455827 2.1813214e-06 8.7534187e-07 4.559757e-07 0.013655231 0.045262545 1.2186321e-06 1.9226691e-07 0.0006889242 9.459739e-05 0.020620486 0.7859828 1.0420366e-05 4.7396227e-08 0.028436624 0.8335027 4.9642125e-08 6.5054417e-07 6.106039e-08 1.0716243e-06 6.9828066e-15 0.99004483 0.0024774738 0.20531477 1.344775e-07 0.0019203936 0.42282805 0.926188 5.0295574e-07 1.0537252e-06 8.6596636e-08 3.5810206e-08 0.5911757 0.52510244 0.8932634 0.6814038 8.991505e-06 0.026488418 0.11392284 4.8852573e-05 0.07018155 0.056509983 0.39025348 1.0710562e-06 3.0542776e-07 0.002196301 0.42765442 0.24110788 0.21856089 8.233788e-05 0.118949935 0.0015348261 0.0055937907 0.005133917 2.186005e-06 3.083392e-07 1.4116883e-06 0.00017873927 2.3364712e-05 0.001157336 0.01942912 1.1697417e-06 6.877822e-05 0.018568436 0.012470328 9.969645e-08 8.870176e-07 0.06335507 5.915583e-07 0.0003311218 0.0044627986 0.0013718486 3.906462e-05 0.0011814684 0.0007018222 7.151298e-09 0.008739361 0.00020501725 0.0007495045 0.0008122045 0.00034587062 0.0013017885 8.2191247e-07 1.7337616e-05 0.00016456672 0.0049910243 2.7406775e-06 5.6200843e-06 2.7514083e-05 6.147011e-07 2.1978796e-05 0.00076427433 0.0065979133 0.000125301
0.8243575 3.4640855e-06 4.1341676e-07 2.0429112e-05 5.980279e-06 0.0002307957 2.733683e-07 0.00046447825 1.2592757e-05 1.2770022e-06 7.594708e-07 0.0039129984 0.020435248 7.0162414e-06 9.1269226e-07 0.00034546712 0.000111949936 0.02806347 0.536465 1.603715e-05 8.863268e-07 0.13707376 0.32937747 2.1413352e-06 4.0656622e-07 3.842787e-06 4.1172454e-05 0.99004483 1.7164479e-14 0.00071657205 0.30490565 1.6468557e-06 0.0005547375 0.83063924 0.24650821 1.7267263e-06 6.714375e-08 2.718675e-08 1.798566e-07 0.9250399 0.18717323 0.9429125 0.31024757 7.239223e-06 0.044333983 0.09599181 3.139251e-05 0.013136299 0.13642369 0.17203711 1.942646e-06 1.35353e-06 0.008150009 0.17296864 0.46508303 0.81507516 1.3865092e-05 0.03730244 0.0039034777 0.020415762 0.0011112965 1.204589e-05 1.2709081e-06 1.1560828e-06 0.00016900968 2.2787233e-05 0.0030831804 0.007184341 1.449927e-06 0.0002585036 0.009093201 0.011278886 9.4271236e-08 9.429732e-08 0.01140246 1.6079416e-07 0.0023263125 0.0016477905 0.000571366 6.378054e-06 0.0006507974 0.0005155436 1.8310579e-09 0.0021859354 3.320975e-05 4.5397417e-05 0.00059470534 0.0008572807 0.0027707964 4.0407076e-07 3.0803883e-05 0.00038542127 0.002604462 6.459665e-06 4.450668e-06 3.661912e-05 2.5832553e-05 1.4805532e-06 0.0004555737 0.0021512585 4.052729e-05
0.9000935 0.18936825 0.018034529 0.014067764 0.0021468687 0.07615638 0.00012455636 0.5572041 0.009270295 1.109019e-05 0.34164602 0.76385176 0.28790578 0.00023841369 0.00028451887 0.92116326 0.00071585044 0.012571412 0.01619108 0.95594686 0.001604408 0.0011209944 0.04050225 2.2257564e-05 0.00087440334 0.01030273 1.1420471e-05 0.0024774738 0.00071657205 7.011875e-15 0.00026006112 0.05403553 0.9911545 0.0001204453 0.00020628677 0.00427575 2.5070538e-06 0.0002005245 5.928833e-05 4.1537976e-05 0.00022675558 0.00017514896 0.0037123405 0.4853582 0.0005673739 7.253277e-05 0.5931089 0.7219402 3.6934776e-05 0.008143277 0.0029940275 2.6770891e-05 1.150647e-06 0.014700982 6.0835715e-05 3.4570014e-05 0.19691443 3.20471e-05 1.5194221e-06 4.0157178e-07 0.5837725 0.0045778775 0.0002063698 0.0010114248 0.19864206 9.111674e-06 5.1657685e-07 0.00033625588 0.0002573627 4.2549792e-07 0.0003735214 6.7028536e-06 4.3088057e-06 5.1425584e-05 0.0043352805 8.748287e-07 6.582719e-06 0.00013780665 0.00022054311 0.12186999 5.165005e-05 2.154742e-05 5.9032605e-08 0.0010526065 0.10072316 0.330277 2.3247833e-06 1.0297915e-05 1.607737e-06 9.208504e-05 0.22339898 2.1260112e-06 0.0002810961 7.024778e-08 1.0337884e-07 2.5716702e-07 1.375357e-09 0.0019904193 0.10390357 0.05516881 0.016985511
