8.977171e-19 0.47544995 0.21972175 0.9667058 0.029315708 0.7844775 0.6289037 0.0020124791 0.011152582 0.854526 0.98001605 0.0005889686 0.37837487 0.22871459 0.892125 0.03402592 0.08512234 0.9815088 0.010315761 0.62411594 0.13781758 0.50786215 0.5852115 0.9061261 0.624771 0.93506676 0.8264611 0.4612344 0.0002476492 0.0043762005 0.8988821 0.77175575 0.96739835 0.85140944 0.9175948 0.95174396 0.8961274 0.22821575 0.015349278 0.8956624 0.009820433 0.89099133 0.47674316 0.4098032 0.9160307 7.5872886e-05 0.01118445 0.940576 0.8607451 0.9583381 0.86688346 0.72550046 0.6709996 0.9552404 0.7773794 3.8972e-05 0.98076594 0.982766 0.9231977 0.8673368 0.88349307 0.010898769 0.9709246 0.9639302 0.92292637 0.8623778 0.897483 0.9570856 0.80798244 0.61740625 0.71462077 0.7053388 0.7592399 0.86714906 0.97570544 0.0021826546 0.17176843 0.83139676 0.064215384 0.9977651 0.4544899 0.94089377 0.98877615 0.5198924 0.9999552 0.94445795 0.8684915 0.001408324 0.33148336 0.5354069 0.03623707 0.9982946 0.19370604 0.0012154775 0.8903658 0.999602 0.0041415473 0.9994416 0.99981207 0.53778154 0.7978143
0.47544995 1.7180306e-17 0.97712696 0.79765904 0.70646536 0.6048196 0.9202648 0.96023554 0.36920846 0.26247966 0.78792685 0.024516152 0.086886056 0.004696375 0.0015590013 0.0068267174 0.0025553796 0.012157864 0.00220512 0.0003557103 0.0001598887 0.008167706 0.107006855 0.010693041 0.0018486077 0.012637483 0.024213448 1.0075244e-05 8.216805e-05 2.7309396e-05 0.0007424135 0.009379923 1.9242212e-05 9.4240005e-07 0.0001343986 0.000100902005 0.022731883 1.1109667e-07 2.7437789e-08 0.0076696794 4.556045e-07 0.057265706 2.8527728e-07 1.6622694e-07 0.014509168 3.1576263e-07 8.756574e-09 3.8195405e-05 5.029257e-08 0.010202966 0.0031108889 7.65442e-09 1.003712e-09 0.0045736004 0.005385276 1.0854542e-08 1.4373894e-07 0.004264355 1.1317937e-08 1.2318138e-09 4.6047066e-05 2.996388e-09 0.0020027978 0.00021649987 8.11962e-09 2.8877547e-09 0.00018579458 1.025029e-08 7.21232e-10 4.4733122e-05 4.213231e-07 1.9346875e-05 2.7233738e-05 0.00022887671 4.102737e-06 2.286391e-08 4.745482e-09 2.7969658e-05 2.709428e-09 1.6681095e-06 3.9244842e-08 1.3667652e-07 1.2187115e-07 8.3753235e-08 0.016134473 3.3764946e-09 0.00061806146 5.1607085e-10 4.7932787e-08 2.5126698e-09 9.593746e-09 1.710103e-09 1.0461538e-07 5.3398203e-11 3.5459696e-08 0.00018106881 1.9041034e-10 0.00046988612 1.17734466e-07 3.3965961e-09 3.1825238e-08
0.21972175 0.97712696 1.7885164e-15 0.86606264 0.97682816 0.952214 0.4745477 0.61915696 0.4709199 0.024591012 0.34789485 0.66767544 0.0027479276 0.073985815 0.033869397 0.12998271 0.0008169634 0.02771505 0.051819306 8.891256e-05 0.009723264 0.00056532735 0.008617058 0.016240876 0.00052935316 0.023038013 0.0023792186 0.0006282437 0.0061183013 0.0056219 0.0027744083 0.0010526512 0.0005918281 0.00038581825 0.0006642144 0.00043604386 0.0034226752 8.691704e-05 8.082143e-05 0.0006695794 0.0012441889 0.008915372 4.0236955e-05 2.320921e-05 0.0021688591 0.00059022225 4.7494823e-06 0.0004098922 1.8162007e-05 0.0015105993 0.0017089498 2.0216507e-06 1.7907358e-07 0.0007865593 0.00080755405 5.8970886e-06 5.5966397e-05 0.0013707507 8.721251e-06 8.578403e-08 0.00039257275 5.1694e-07 0.00024365587 0.00033093424 9.126432e-06 1.0034217e-06 0.000928922 2.0649265e-06 5.988154e-08 0.00020748639 0.0002249401 0.00025922916 0.0003110717 0.00107078 0.00012885763 1.950355e-06 6.9714794e-08 0.00021832738 1.2119007e-06 5.7499798e-05 4.1378988e-07 0.00013024012 0.00013725722 1.9222549e-07 0.0027122572 7.8488034e-07 0.0009951356 5.694415e-09 8.1573876e-07 6.4634573e-09 5.677557e-07 2.1042673e-07 8.252588e-08 9.099424e-09 1.47925e-07 0.0003015016 4.8275847e-08 0.0012848473 5.3266554e-06 1.511705e-08 5.517451e-08
0.9667058 0.79765904 0.86606264 8.5465386e-16 0.3091213 0.9903341 0.53885186 0.09534162 0.27213562 0.06510622 0.89685583 0.094801694 0.0009528934 0.3510893 0.23894414 0.13261974 1.5684761e-06 0.6177409 0.05490483 1.5713522e-06 0.032469254 0.0014102043 0.05971812 0.5874513 0.00016929458 0.66388416 0.020458318 0.0020672695 0.00046475983 0.0046183118 0.09015311 0.0036808946 0.0023864245 0.00025706712 0.018861445 0.0117010325 0.06265745 0.00018945037 8.262562e-05 0.0027486954 0.0017280171 0.24478057 3.1977437e-05 6.1767073e-06 0.045981783 3.5086396e-05 1.2507666e-06 0.012706202 6.967362e-07 0.10201955 0.031370085 1.1446111e-06 1.3475263e-07 0.008322396 0.006546727 2.8406876e-06 1.1899881e-06 0.019573458 1.4468156e-07 2.2067708e-08 0.0013136585 1.775401e-07 0.0050383597 0.0012077029 8.629458e-08 9.787351e-09 0.006266137 2.0888148e-08 3.800584e-09 0.0009326897 7.1400445e-06 0.00011044474 0.0002683568 0.007873211 6.553098e-06 1.6795396e-07 1.1429878e-08 0.00095851236 3.993051e-08 6.3385225e-05 1.4619798e-07 1.06113885e-05 2.9502837e-06 3.2240823e-08 0.017140798 2.3558576e-08 0.0046043163 2.0911788e-08 7.676476e-07 7.5895855e-08 2.053723e-07 5.085326e-09 2.5200409e-06 5.076863e-10 3.5523686e-07 0.0010917905 9.334402e-09 0.0019297224 1.8029099e-06 7.549147e-08 1.8051481e-06
0.029315708 0.70646536 0.97682816 0.3091213 6.944793e-15 0.43027243 0.2641618 0.83518225 0.9959987 0.005127551 0.09843383 0.11407554 0.0020500603 0.001964227 0.0004961335 0.051016983 0.00013100961 0.0005814051 0.0024003338 3.5574987e-05 0.00035537514 0.00023369981 0.0010404846 9.866731e-05 0.00021524222 0.00029327234 0.0004417029 8.365943e-06 0.003134394 0.0004918756 5.8437996e-05 0.00075078034 4.720357e-06 2.6588423e-06 1.617306e-05 1.4619825e-05 0.0002991068 6.8755924e-07 3.9891193e-06 0.00039669283 8.237298e-05 0.00037081933 1.9115414e-06 3.3670477e-07 0.00019400466 6.722978e-05 2.580331e-06 5.1717943e-06 5.2832854e-07 2.8043805e-05 4.5077348e-05 9.42729e-07 1.309657e-05 0.00029504384 0.0006720315 1.3201119e-06 6.033589e-08 2.0703383e-05 1.07727075e-07 1.6471242e-08 2.3349842e-06 1.9525875e-07 0.0003956793 2.8280223e-07 4.3512802e-08 7.3920523e-09 0.00012961919 1.4704393e-07 3.7862726e-09 3.199438e-06 3.1262306e-07 3.3218607e-06 7.830797e-06 0.0005241726 1.9392408e-07 2.4210615e-07 1.652566e-07 2.7999495e-05 1.72987e-07 8.397517e-06 4.903309e-08 4.5404255e-07 3.4638555e-07 1.8009844e-07 0.0071799806 6.184369e-08 0.0010819993 7.130704e-09 2.1186555e-08 2.9918436e-08 1.3172263e-07 2.8598782e-08 3.866789e-08 9.737203e-10 1.8080686e-06 8.573166e-05 2.0569082e-09 0.0013464486 6.880463e-06 2.9051213e-07 1.5159446e-07
0.7844775 0.6048196 0.952214 0.9903341 0.43027243 2.5606698e-16 0.054529406 0.06111378 0.57041144 0.006577367 0.37798703 0.816305 5.2296877e-05 0.8987161 0.61000526 0.64339113 1.1980108e-05 0.47871494 0.5646529 3.9312945e-06 0.2973353 0.000127685 0.002221936 0.38056093 2.8861707e-06 0.42482266 0.0019161409 0.012999102 0.021362038 0.07734176 0.06036248 0.0005496473 0.0037505825 0.0012951696 0.014522139 0.016844476 0.0025974822 0.00055324234 0.00043454464 0.00030531493 0.018297909 0.022339981 0.00022243612 9.742847e-05 0.0030401107 0.00069822825 1.6854925e-05 0.008480558 1.5531868e-05 0.014411084 0.0016815247 9.944316e-05 1.1943807e-05 0.00017449874 0.00045214678 4.6674664e-05 6.4979824e-05 0.0033425693 9.1068605e-06 4.123257e-07 0.0018666367 2.5820939e-06 0.00018745511 0.00091712223 2.409902e-06 7.0153476e-07 0.0037649155 4.6952843e-07 1.067284e-07 0.00048719998 8.3359795e-05 0.00024837747 0.0004142385 0.0030436139 0.00014123887 1.96182e-06 4.5056694e-08 0.00030788596 3.7358532e-07 0.00010826496 8.203228e-07 9.901108e-05 0.00011661818 2.316e-08 0.0042636604 2.4158973e-07 0.0014722714 5.467812e-09 1.2864642e-06 5.4984963e-07 4.3204895e-07 1.249868e-07 2.6447156e-06 2.5302334e-09 8.1663735e-08 0.0006926776 3.9017127e-08 0.0022335125 8.8811175e-06 3.6215884e-08 4.751222e-06
0.6289037 0.9202648 0.4745477 0.53885186 0.2641618 0.054529406 1.2608539e-14 0.91148293 0.037992876 0.98402035 0.9068088 0.0007599147 0.9471161 0.005396736 0.0009843508 0.0007500457 0.046295654 0.00048471778 0.0006079622 0.015486972 8.937717e-05 0.11621975 0.6779059 0.00030416116 0.0030609043 0.004464682 0.18321478 3.0955398e-05 3.7781607e-05 1.2073274e-05 0.000112859074 0.05225458 0.00013606704 7.527031e-05 4.616116e-05 2.5320755e-05 0.07750698 3.296318e-06 7.5509655e-07 0.010259725 1.29733535e-05 0.106303886 7.280633e-06 5.5056826e-06 0.10786554 8.1776125e-06 9.3932194e-08 0.0002931834 6.572892e-07 0.01641974 0.08710951 4.5565343e-06 6.39146e-05 0.014094852 0.030376822 5.2759624e-06 2.9463417e-06 0.012320085 8.840652e-07 1.0672286e-06 5.5744804e-05 2.127236e-06 0.004021001 4.1741056e-05 1.0759304e-06 5.9491094e-07 0.0005045245 5.093568e-07 6.042368e-07 5.066095e-05 2.3658474e-06 6.522497e-06 3.393417e-05 0.00060611835 1.8993056e-05 1.6763903e-07 2.1407898e-08 3.819639e-05 2.8176837e-08 1.6200476e-05 1.8946896e-08 2.4994024e-06 3.0301694e-06 2.2140786e-07 0.009866169 3.9710173e-08 0.0003734607 2.4420171e-07 2.4177057e-06 5.4288586e-07 1.7498166e-06 1.7809148e-08 6.5183775e-07 6.1191403e-09 4.6183104e-08 0.00016093125 6.2713643e-09 0.00089847046 3.3826794e-07 3.4847028e-07 1.5162403e-06
0.0020124791 0.96023554 0.61915696 0.09534162 0.83518225 0.06111378 0.91148293 7.0799765e-17 0.049324997 0.0051748073 0.013756354 0.0030437387 0.58110327 0.0001785631 8.2667946e-05 0.0019584016 0.99962354 0.0007224878 0.00025968393 0.00027872375 1.221598e-06 0.0018604494 0.0033731386 0.00027563053 0.00015811548 0.0007270438 0.0008965031 2.5113428e-07 0.00022404392 5.1143426e-05 4.1260857e-05 0.00047916593 3.7410923e-06 3.2159372e-07 5.388828e-06 8.190747e-06 0.00038285594 2.079022e-07 3.1120756e-08 0.000119388824 2.5057795e-06 0.0003371249 5.041072e-07 3.3805964e-07 0.00034389933 9.026787e-07 2.0057728e-08 0.00012659702 2.9749447e-07 5.9237576e-05 9.965421e-05 6.7257673e-07 6.8724785e-07 5.2247375e-05 5.3911383e-05 2.2905715e-07 7.5417245e-07 5.449841e-05 3.0417812e-07 3.0210012e-07 0.00013243475 1.6644799e-06 9.168367e-06 0.00025511332 1.0314245e-06 3.978005e-07 0.00024406075 8.4968815e-07 1.853971e-07 1.134851e-05 6.607235e-06 9.550919e-06 9.474316e-06 7.035435e-05 2.2162123e-05 1.4611114e-05 8.6756835e-08 2.1580732e-05 1.277223e-07 7.49711e-06 1.9391408e-07 6.6898e-06 2.8694922e-06 2.7477213e-07 0.0021205004 4.1880293e-07 0.00033640242 1.6904699e-09 7.172301e-07 8.5310525e-08 1.7936507e-08 1.1142731e-07 2.1255902e-07 2.1895643e-08 2.0191614e-08 3.3055432e-05 3.317036e-08 0.0001420976 2.207993e-07 6.4292025e-09 2.6976368e-08
0.011152582 0.36920846 0.4709199 0.27213562 0.9959987 0.57041144 0.037992876 0.049324997 8.840835e-17 0.0006326351 0.009234352 0.9991033 3.976894e-05 0.0045225844 0.0004024417 0.11145575 4.947411e-06 0.00032487902 0.027010828 7.90591e-06 0.00032944983 8.349246e-06 1.3105152e-05 1.5279e-05 4.53143e-06 2.0116646e-05 1.3684244e-05 3.365895e-07 0.010977013 0.0002353134 3.715595e-06 1.8581397e-05 8.756896e-08 5.27123e-08 5.6751367e-07 1.5987649e-06 6.4448914e-06 3.9234212e-08 6.964582e-08 2.7099802e-06 5.5459313e-05 1.9393001e-05 4.4238174e-08 1.15742305e-08 6.4946703e-06 4.0668805e-05 2.5860305e-07 3.1825177e-08 1.7742797e-08 8.4291706e-08 1.3878724e-06 6.4387166e-08 5.873293e-09 1.5775799e-05 0.00014056405 5.209836e-07 1.4222306e-07 3.0936817e-06 2.3191242e-07 7.572371e-10 3.6203728e-06 1.3603415e-07 6.7738387e-07 1.8710307e-06 8.334905e-07 1.5847764e-08 1.782072e-06 1.5758282e-07 4.2703903e-09 5.413364e-07 1.661031e-06 6.812464e-07 4.2754309e-07 0.00014301596 5.7143046e-07 2.2061154e-07 4.886508e-10 9.301324e-06 1.1857857e-09 2.6910124e-08 2.3602371e-09 1.3676168e-05 1.0028037e-06 3.1709693e-08 0.0008628796 7.086923e-07 7.758673e-05 2.7467425e-12 4.0664204e-08 1.3014635e-10 3.231795e-09 4.2098833e-08 2.000296e-10 2.8893732e-10 1.9771473e-09 1.1953893e-05 1.9664353e-10 8.966198e-05 6.423565e-07 3.4175515e-10 2.786166e-10
0.854526 0.26247966 0.024591012 0.06510622 0.005127551 0.006577367 0.98402035 0.0051748073 0.0006326351 8.176978e-14 0.9663196 6.739045e-05 0.3066611 0.00042013425 0.00021023148 6.558303e-05 0.0007098067 0.00021740592 1.767581e-05 0.0006357862 4.125328e-06 0.19821107 0.95658845 0.00040819353 0.0022174576 0.0033516414 0.5741166 1.4508268e-05 6.904251e-06 1.7144624e-06 0.00018744294 0.21018519 5.387826e-06 9.066193e-06 5.00714e-05 5.138217e-06 0.6311267 7.952608e-07 4.6598603e-07 0.07810483 2.3381394e-06 0.62826335 1.313192e-06 1.1869257e-06 0.61379 6.6575835e-06 1.8194606e-06 0.0002103809 1.4886609e-07 0.17559618 0.4906147 2.1267785e-07 4.611707e-07 0.080111034 0.26060012 6.114955e-06 9.311094e-08 0.13171895 2.3017316e-08 1.3536552e-08 0.00013567248 1.11645795e-05 0.020480981 0.00046035807 2.3041606e-08 1.8887434e-08 0.004100879 2.2180124e-08 5.9042256e-09 0.00045587425 2.4863862e-06 1.4591676e-05 0.00018042001 0.009847579 2.2207461e-05 6.591963e-07 5.815919e-08 0.0009482899 2.4489907e-07 8.3663224e-05 5.556651e-07 2.253199e-06 3.051621e-06 9.273503e-08 0.03891316 7.6160354e-08 0.0025826113 1.1756506e-07 1.3100785e-06 1.5715463e-07 3.874393e-06 3.6148025e-09 1.394264e-06 1.2473365e-07 1.3026674e-07 0.0014848511 1.5459118e-07 0.0024887447 7.1182296e-07 1.2200978e-07 9.2542655e-07
0.98001605 0.78792685 0.34789485 0.89685583 0.09843383 0.37798703 0.9068088 0.013756354 0.009234352 0.9663196 8.320135e-16 0.00053221546 0.04030565 0.041349337 0.006356456 0.005895011 0.00028057062 0.005095651 0.0017243016 3.184584e-05 0.001600212 0.00687824 0.58147377 0.030551238 0.0001443437 0.2786733 0.2183831 0.00044764427 1.22070305e-05 0.00014618773 0.00378421 0.010063338 7.743187e-05 0.00012078014 0.0010266757 5.6928686e-05 0.47831628 3.1593827e-05 2.9268433e-05 0.002149171 0.00012866619 0.8795457 1.1171192e-05 1.3033225e-05 0.555123 2.8025117e-05 9.369377e-06 0.010276926 8.2816763e-07 0.51401603 0.543044 2.1843796e-06 3.5738274e-05 0.010037204 0.030293984 1.126434e-05 4.892813e-06 0.26967636 9.411373e-07 4.4932105e-07 0.0113148205 2.1161832e-05 0.011725218 0.018711263 1.6593051e-06 9.776605e-07 0.0529034 1.0895021e-06 1.253274e-06 0.006523008 0.00022554804 0.000364972 0.0015667742 0.05864984 0.00033047097 1.7116778e-05 1.813542e-07 0.0062661553 1.0124921e-06 0.0006233006 1.6338433e-06 5.713455e-05 0.00017049079 1.5379703e-06 0.07232641 1.8263283e-05 0.010533682 1.2381291e-05 1.6155735e-05 6.592076e-07 4.8296897e-06 5.232462e-07 4.1786957e-06 6.7352926e-07 8.345981e-08 0.0012484184 6.474958e-07 0.0086874375 3.606054e-05 3.896429e-06 4.700367e-06
0.0005889686 0.024516152 0.66767544 0.094801694 0.11407554 0.816305 0.0007599147 0.0030437387 0.9991033 6.739045e-05 0.00053221546 6.1943213e-19 1.02964215e-07 0.11145151 0.010267501 0.72989964 2.962335e-07 0.0020427164 0.9759151 1.567052e-07 0.14887454 3.2526043e-07 1.7961491e-07 0.00023105205 2.1411902e-08 0.00015732806 3.3772405e-06 0.00010042364 0.70895505 0.030740576 2.2445849e-05 2.4968795e-06 6.7218593e-06 4.2760166e-06 8.113462e-06 1.9810981e-05 6.3119055e-06 5.9962576e-06 0.00031712293 1.8136814e-06 0.0021015562 2.0253532e-05 1.939655e-07 1.4156595e-07 4.312456e-06 0.0006933541 4.2356855e-06 5.547269e-07 2.6807524e-07 3.4979264e-06 1.6891864e-06 1.537853e-06 2.38325e-08 1.4717442e-07 1.5160799e-06 2.3711476e-05 8.9596756e-07 6.27115e-05 5.4551162e-08 7.744268e-08 0.00017728911 3.4201116e-06 1.151908e-07 0.00024911523 1.2593094e-07 5.392742e-09 9.953814e-05 2.5709244e-07 6.609141e-09 1.6654414e-05 5.490414e-06 6.1778323e-06 1.9980978e-06 0.000320025 5.942974e-05 1.4966184e-05 4.224351e-09 2.401758e-05 3.732625e-08 5.8222076e-06 1.4568711e-08 2.8148492e-05 2.3201197e-05 2.9502427e-09 0.00019603243 6.7181155e-08 0.00038845642 1.6665476e-10 1.238876e-08 2.884441e-09 2.6763525e-08 7.433327e-08 3.7333724e-08 3.455788e-09 3.8753978e-08 2.1962136e-05 9.413009e-10 0.00017385208 1.0929483e-05 1.3047257e-08 5.018972e-09
0.37837487 0.086886056 0.0027479276 0.0009528934 0.0020500603 5.2296877e-05 0.9471161 0.58110327 3.976894e-05 0.3066611 0.04030565 1.02964215e-07 9.4122036e-17 1.3297453e-06 7.2818348e-06 1.07767555e-07 0.037877053 1.8736171e-05 3.3313052e-06 0.7494972 2.2545865e-07 0.9821574 0.60343575 5.601697e-05 0.97993517 0.00034850606 0.13248965 2.2507369e-07 1.0897287e-06 4.3499277e-08 2.807835e-05 0.38790625 2.363696e-06 4.56554e-07 6.412117e-06 6.0150984e-07 0.02453808 6.45969e-08 2.3121249e-08 0.17784187 4.5261693e-08 0.01614895 2.86666e-07 3.4303568e-07 0.047821 1.7914702e-07 9.495065e-08 2.9906457e-06 7.119958e-08 0.0034454227 0.024013879 8.798182e-08 6.069628e-07 0.07454963 0.2543563 4.141209e-08 3.698098e-07 0.007872825 5.6804026e-08 3.8354827e-08 6.0453217e-06 1.5221051e-06 0.00912424 1.1770608e-05 1.1013229e-07 5.8546515e-08 0.0002061845 8.914618e-08 2.0489098e-08 1.6668715e-05 9.2058116e-08 2.3648188e-06 6.145636e-06 0.00031180083 3.4633385e-06 9.247605e-07 3.7521616e-08 3.519773e-05 2.3868166e-08 5.6409567e-06 7.0102686e-08 2.7536683e-07 2.0475036e-06 3.8565137e-08 0.007030231 3.0709166e-09 0.00047916247 2.2936928e-09 1.9074304e-07 4.529235e-08 4.1364412e-08 1.8091258e-08 4.1247867e-09 3.9683954e-09 2.8314957e-09 0.00010425968 4.6435438e-09 0.0006731126 5.406597e-08 3.5971266e-09 1.9089297e-09
0.22871459 0.004696375 0.073985815 0.3510893 0.001964227 0.8987161 0.005396736 0.0001785631 0.0045225844 0.00042013425 0.041349337 0.11145151 1.3297453e-06 1.0991916e-13 0.9706002 0.99516094 1.4680784e-07 0.77398413 0.3388457 2.7064044e-07 0.8838047 5.7412126e-07 0.00013653304 0.44711295 2.8341283e-06 0.3421781 4.092311e-06 0.5422846 0.022007959 0.17406124 0.16751805 2.102056e-06 0.066048816 0.05329831 0.037161697 0.049924627 8.628829e-05 0.01171489 0.03742273 5.987703e-06 0.035462487 0.0030663048 0.0003860973 0.0004428787 4.6151166e-05 0.0013707919 0.0005569953 0.0041164625 0.0003270111 0.0021525659 0.00024819394 5.549777e-05 4.226905e-06 1.0348765e-05 0.000100940415 2.3395345e-05 8.767254e-05 0.00019261573 2.277346e-05 7.948828e-08 0.0006021829 9.838345e-07 2.26882e-05 0.00022189607 2.4470658e-06 3.304232e-07 0.0015496064 2.4796526e-07 1.3380219e-07 0.00018900805 4.8808753e-05 4.7889087e-05 8.335288e-05 0.0036332677 3.474017e-06 2.088081e-05 4.791176e-08 0.00012832784 2.2287789e-07 1.4915187e-05 4.129252e-06 6.906856e-05 5.5934277e-05 8.269242e-08 0.0013350764 4.9413393e-07 0.0012205058 9.557455e-09 4.0718518e-07 2.0244395e-09 2.358401e-07 4.498645e-08 1.9428856e-07 1.1390242e-09 6.037293e-07 0.00091936835 4.9673286e-08 0.0015872102 1.0961069e-05 4.574605e-09 1.2808214e-07
0.892125 0.0015590013 0.033869397 0.23894414 0.0004961335 0.61000526 0.0009843508 8.2667946e-05 0.0004024417 0.00021023148 0.006356456 0.010267501 7.2818348e-06 0.9706002 5.4832857e-14 0.46012917 2.3558407e-07 0.96041363 0.06634252 2.8966988e-06 0.86811453 3.9786596e-06 0.00023475774 0.5836454 4.339677e-06 0.4505371 2.5251618e-05 0.8906582 0.0025477258 0.18506339 0.39460564 1.75319e-05 0.38126194 0.3727392 0.19957836 0.29527816 0.00033913626 0.24812292 0.0721731 1.9674422e-05 0.140228 0.0036996894 0.0025001226 0.0015118242 0.0006500425 0.0015478452 0.0078085517 0.02324371 0.00063921144 0.00703077 0.00059544283 0.00078911235 0.00031946573 1.6336324e-05 0.0003836509 0.00017383831 0.0028436885 0.0009821313 0.00055573805 1.8587281e-05 0.004240892 0.00022917353 4.142796e-05 0.002540786 6.8147e-05 1.8692508e-06 0.007277781 4.7394105e-06 5.8144974e-07 0.0012929303 0.0002438809 0.0005878018 0.0005020625 0.0043526175 4.158871e-05 4.445749e-05 4.462692e-06 0.0007073948 1.4854107e-05 0.00012952936 2.591829e-06 7.7801895e-05 7.001867e-05 1.8341707e-07 0.002032127 6.705257e-06 0.0019299671 9.674566e-08 1.5828937e-05 9.63018e-08 2.3290263e-06 8.5602935e-08 4.543646e-06 1.7348919e-08 1.0078741e-07 0.0015457468 5.723751e-07 0.0021772773 2.53811e-05 1.10970674e-07 2.0143877e-06
0.03402592 0.0068267174 0.12998271 0.13261974 0.051016983 0.64339113 0.0007500457 0.0019584016 0.11145575 6.558303e-05 0.005895011 0.72989964 1.07767555e-07 0.99516094 0.46012917 6.37066e-16 9.009699e-07 0.16875978 0.9564108 1.2736806e-06 0.95028204 1.9292197e-06 7.382536e-05 0.038557936 3.3497014e-07 0.024496181 2.3797913e-06 0.15269184 0.3916228 0.81125546 0.010345347 2.3978546e-06 0.006064482 0.007122547 0.0024129434 0.0028437402 1.841787e-05 0.016998084 0.062911205 1.2963905e-05 0.31450257 8.445203e-05 9.175595e-05 0.000113776776 1.3504891e-05 0.013456187 0.0020725073 0.0006667848 0.00013299963 5.3718824e-05 1.3519865e-05 9.796426e-06 0.00011228738 4.239017e-07 7.640472e-06 0.00025352588 6.9771936e-06 8.472228e-05 3.9260323e-07 9.7251856e-08 1.2217944e-05 3.823289e-06 8.976427e-06 6.9947423e-06 3.254972e-07 9.3210986e-08 6.7339315e-05 3.2527132e-07 5.1271886e-08 8.915877e-06 6.6341545e-07 5.450036e-06 9.9718045e-06 6.060524e-05 7.813877e-06 2.4882172e-06 1.6107096e-08 2.119545e-06 9.3842836e-08 9.068468e-06 1.4754261e-07 9.161478e-06 5.936893e-06 2.5984418e-08 7.115644e-05 3.0996692e-09 0.00010159297 4.2270836e-09 7.728272e-08 1.37276315e-08 1.4225819e-07 5.5965055e-09 9.430207e-10 1.1134221e-09 1.133606e-07 2.1830727e-05 6.3121783e-09 0.00017569282 4.8814177e-06 7.2444095e-08 1.278766e-07
0.08512234 0.0025553796 0.0008169634 1.5684761e-06 0.00013100961 1.1980108e-05 0.046295654 0.99962354 4.947411e-06 0.0007098067 0.00028057062 2.962335e-07 0.037877053 1.4680784e-07 2.3558407e-07 9.009699e-07 7.268865e-16 3.916498e-08 1.9822744e-06 0.9976939 1.0768003e-07 0.007299485 0.0006005031 6.580612e-09 0.016935159 4.034106e-08 0.0003635172 1.10392435e-07 1.7189538e-07 1.1771516e-07 4.3853156e-08 0.0026253099 2.0235758e-08 6.500179e-08 2.951184e-08 1.0723691e-07 0.00025509554 1.206478e-07 5.0538258e-08 0.015103999 7.066882e-08 7.138094e-05 4.474001e-08 2.6270563e-08 0.00037958013 7.361244e-08 7.191969e-08 2.6722833e-07 2.3051102e-08 1.1306973e-05 3.5063847e-05 2.0376827e-07 3.02842e-07 0.0028156128 0.002242805 6.2367384e-08 4.9094105e-08 0.00010957898 1.1601019e-08 1.8608981e-08 3.4767877e-06 3.093298e-08 0.00021573748 8.914772e-06 1.503439e-07 3.535866e-08 2.1408514e-06 5.7899507e-07 2.5398558e-07 2.8425954e-06 1.1846317e-07 3.005353e-06 1.9203685e-06 2.3328976e-05 4.512017e-06 6.951155e-07 9.767999e-08 3.140805e-05 9.300782e-08 1.5850409e-06 3.218904e-07 1.794508e-06 1.4212809e-06 1.8189921e-06 0.005969846 5.309607e-07 0.00011665935 3.00922e-11 1.4789043e-07 3.534093e-08 4.3357367e-09 6.0848064e-09 9.792618e-09 1.0555315e-08 6.090848e-08 2.7774768e-05 1.3302249e-09 8.69653e-05 9.805668e-08 1.8968438e-09 1.7133581e-09
0.9815088 0.012157864 0.02771505 0.6177409 0.0005814051 0.47871494 0.00048471778 0.0007224878 0.00032487902 0.00021740592 0.005095651 0.0020427164 1.8736171e-05 0.77398413 0.96041363 0.16875978 3.916498e-08 8.296579e-14 0.044225074 1.4198238e-07 0.5326522 3.867193e-05 0.0002976121 0.8883632 1.5218373e-07 0.89652896 2.9976656e-05 0.50539756 0.0011686357 0.08983698 0.7804165 4.1342864e-05 0.6278876 0.44715813 0.5428758 0.7466992 0.00044569542 0.28919807 0.12732252 1.3843832e-05 0.2455743 0.010788079 0.005410394 0.005374048 0.0016292316 0.0010978122 0.14837153 0.28178084 0.0004174442 0.025638564 0.0016433375 0.0037375481 0.016487643 1.3216934e-05 0.00020395133 0.00017670792 0.00035359387 0.005424279 0.00012493265 5.7727266e-05 0.05917787 0.0014838355 0.00014017397 0.022564907 6.281607e-05 8.5031925e-06 0.01505277 1.0210645e-05 1.0011511e-05 0.009784918 0.0021981334 0.0039891996 0.005822238 0.0038448768 0.0017112191 0.0003018339 4.467346e-06 0.003956498 7.282547e-05 0.0027101382 0.00031723245 0.00017733172 0.00037980714 9.994421e-07 0.0026116825 5.0625018e-05 0.0029277268 2.530445e-06 1.9203275e-05 3.3744408e-07 3.247337e-06 7.1021793e-07 3.2208814e-07 8.614735e-07 5.3907087e-08 0.0014244074 3.2657084e-07 0.0015022123 0.00013385779 2.6527864e-06 4.7611354e-07
0.010315761 0.00220512 0.051819306 0.05490483 0.0024003338 0.5646529 0.0006079622 0.00025968393 0.027010828 1.767581e-05 0.0017243016 0.9759151 3.3313052e-06 0.3388457 0.06634252 0.9564108 1.9822744e-06 0.044225074 5.402612e-14 1.8432039e-06 0.51392025 9.650517e-06 2.2280449e-06 0.009256994 1.5888168e-06 0.0032868274 5.516673e-06 0.015352449 0.9945654 0.13192244 0.0014252306 4.3131e-05 0.00086511084 0.00033228844 0.00022661485 0.0010931855 2.3445265e-05 0.00084625534 0.004249669 3.9090035e-05 0.013186605 8.095636e-05 3.7687896e-05 8.552738e-06 3.5122015e-05 0.0004573904 0.0017792454 3.4822217e-05 1.0385761e-05 0.00012339874 2.8841938e-05 0.0001068736 4.1719886e-05 2.9398821e-05 7.7325676e-05 3.2474625e-05 9.173526e-06 0.0002496489 1.9928987e-06 5.656903e-06 2.9961882e-05 9.784431e-05 8.40901e-06 0.00013979123 3.5463656e-06 4.708584e-07 0.0017049907 2.2588167e-06 2.2201787e-07 2.3723216e-05 8.51418e-06 2.6639096e-05 1.0070498e-05 0.0011314243 3.4253913e-05 5.2456868e-05 1.4643917e-06 7.751979e-05 9.835755e-07 2.3358787e-05 4.4744857e-07 9.968962e-06 9.722525e-06 6.027933e-07 0.0013239491 4.906172e-06 0.00070844364 3.1466705e-08 1.1214472e-06 5.341494e-10 1.2015674e-06 4.2243718e-07 3.5715324e-08 2.559943e-08 2.0744046e-06 0.00022361126 2.240391e-07 0.000826823 1.7093824e-05 6.980744e-07 1.0252384e-06
0.62411594 0.0003557103 8.891256e-05 1.5713522e-06 3.5574987e-05 3.9312945e-06 0.015486972 0.00027872375 7.90591e-06 0.0006357862 3.184584e-05 1.567052e-07 0.7494972 2.7064044e-07 2.8966988e-06 1.2736806e-06 0.9976939 1.4198238e-07 1.8432039e-06 5.927113e-15 6.7944164e-08 0.08441674 0.008403342 3.628475e-08 0.98741627 6.903293e-07 0.00795562 1.0343254e-06 5.6110448e-08 2.1749351e-07 3.707629e-07 0.042968333 3.950004e-07 1.4204041e-06 4.0431473e-07 1.5718325e-07 0.0012841079 1.1567969e-07 3.7417294e-07 0.32804346 2.3438626e-07 7.416408e-05 3.0234622e-07 1.7735158e-07 0.0013154087 1.2494128e-07 8.336241e-07 8.2360566e-07 4.5668816e-07 8.081715e-06 0.00014733782 2.894477e-07 4.0670778e-07 0.09078913 0.11603073 4.126457e-08 2.509411e-07 0.0001999892 6.797217e-08 4.2954053e-08 1.924065e-07 4.5892456e-08 0.0053988076 5.146051e-07 8.8385445e-07 5.999827e-08 2.516489e-06 3.5246183e-06 3.8223024e-07 4.8532394e-07 4.5953772e-08 8.4563976e-07 8.036248e-06 1.3933117e-05 1.5634581e-06 5.801508e-07 1.2780042e-07 2.8772417e-06 8.5181746e-08 3.935865e-07 1.3442877e-07 2.7009946e-07 6.988321e-08 5.1356085e-07 0.01774648 3.1568104e-07 4.0427392e-05 8.081858e-09 8.229136e-08 8.178091e-09 2.1233078e-08 6.317656e-10 6.489399e-09 7.3235262e-09 2.7823612e-08 2.9310915e-05 7.5592865e-09 3.3621865e-05 2.1354028e-08 1.1799519e-08 1.6224533e-09
0.13781758 0.0001598887 0.009723264 0.032469254 0.00035537514 0.2973353 8.937717e-05 1.221598e-06 0.00032944983 4.125328e-06 0.001600212 0.14887454 2.2545865e-07 0.8838047 0.86811453 0.95028204 1.0768003e-07 0.5326522 0.51392025 6.7944164e-08 1.3195228e-17 3.767679e-07 3.6986114e-06 0.19909571 7.450858e-08 0.09843232 2.6431536e-07 0.9469047 0.30039117 0.9725847 0.11627612 1.1327548e-06 0.21001166 0.45276418 0.04023597 0.10426212 3.440932e-06 0.6030924 0.7114413 8.57322e-06 0.59254265 0.00023123017 0.009541429 0.0067350753 2.5488348e-06 0.02935309 0.18585584 0.007173024 0.0075093927 0.000108653156 3.6579608e-05 0.002242716 0.006464433 4.8141146e-06 4.67491e-05 0.0007265173 0.0003564285 3.0827923e-05 0.00010187471 4.1979165e-06 0.00013780915 0.002114394 3.9042257e-06 0.0003629309 8.848383e-06 3.9093203e-07 0.00069746986 1.47075e-06 5.0552043e-08 0.00014809571 8.496683e-06 2.0328904e-05 5.511075e-05 0.0010837627 1.2117939e-05 0.0001789115 5.0659573e-08 9.15688e-05 6.5147725e-07 2.5114664e-06 4.0965947e-06 3.1224317e-05 4.2883148e-05 1.8977974e-07 0.00038851285 2.1040726e-07 0.00035665854 1.5247885e-08 3.5086478e-06 8.607413e-08 8.031042e-07 1.05863904e-07 3.8890911e-07 1.5124723e-08 3.890516e-07 0.00018740093 1.3944057e-07 0.00047841636 4.8093466e-06 9.20016e-08 1.0876273e-06
0.50786215 0.008167706 0.00056532735 0.0014102043 0.00023369981 0.000127685 0.11621975 0.0018604494 8.349246e-06 0.19821107 0.00687824 3.2526043e-07 0.9821574 5.7412126e-07 3.9786596e-06 1.9292197e-06 0.007299485 3.867193e-05 9.650517e-06 0.08441674 3.767679e-07 2.7410469e-13 0.49256325 3.6423033e-05 0.8332974 0.00025126644 0.255014 3.3506694e-07 1.1968979e-06 2.1165363e-07 3.7850095e-05 0.9939325 6.253547e-06 4.3620503e-06 1.4531559e-05 6.6236257e-06 0.016209658 1.4446799e-07 7.6168243e-07 0.33509862 8.9169816e-08 0.015293565 7.06549e-07 3.985178e-07 0.069421634 6.8329143e-07 2.0630605e-06 5.4678017e-05 3.285614e-07 0.0038050385 0.041316845 1.8855803e-07 3.6010363e-07 0.18236029 0.53167856 7.284797e-07 4.378753e-07 0.00712274 1.5263183e-07 1.1849391e-07 7.3283863e-06 4.921826e-07 0.016430547 7.0494143e-06 2.5151897e-07 1.0866624e-07 0.00016058629 5.0079757e-07 3.0923823e-07 2.1815118e-05 1.2539954e-07 1.8067725e-06 9.326301e-06 0.0003028679 5.1644906e-06 4.979601e-07 2.4806863e-07 4.0266248e-05 2.5482916e-07 2.2620297e-05 3.5940424e-08 6.917112e-07 7.9743205e-07 8.4857305e-07 0.010646066 3.5411233e-08 0.00041472015 8.974157e-08 1.4966625e-07 4.2691212e-08 2.5864966e-07 8.38363e-09 7.089251e-08 4.894656e-08 3.1685977e-07 0.00014164124 3.1163403e-08 0.00013965066 1.2786441e-07 3.7558652e-07 3.5799366e-07
0.5852115 0.107006855 0.008617058 0.05971812 0.0010404846 0.002221936 0.6779059 0.0033731386 1.3105152e-05 0.95658845 0.58147377 1.7961491e-07 0.60343575 0.00013653304 0.00023475774 7.382536e-05 0.0006005031 0.0002976121 2.2280449e-06 0.008403342 3.6986114e-06 0.49256325 2.8361662e-16 0.00023033394 0.009039146 0.006549041 0.99747276 1.0768661e-05 1.5679585e-06 6.189364e-07 0.00020164675 0.50944066 5.058622e-05 4.8854155e-05 0.00020804928 8.6890934e-05 0.91238725 5.7977945e-06 3.0356969e-06 0.15003027 8.201647e-07 0.6973463 3.5699356e-06 3.6950894e-06 0.616421 8.706745e-07 5.47114e-07 0.0004091451 1.7020631e-06 0.12718843 0.4458125 2.739998e-06 6.4931874e-07 0.20261328 0.5005869 1.0199354e-07 1.5377634e-06 0.07316071 6.3807676e-08 1.1608013e-06 0.0004618979 3.1564657e-06 0.0108769275 0.0007113467 6.917066e-07 2.0604874e-07 0.02037956 1.4212021e-06 7.923156e-08 0.00052028155 1.7092652e-05 5.1326166e-05 0.00010347862 0.013217547 5.880451e-05 8.9476447e-07 3.0149753e-08 0.00090824586 1.4308178e-07 6.881825e-05 1.4287465e-07 4.2084985e-06 2.3990854e-06 7.626226e-08 0.052498177 7.465239e-08 0.0015947502 3.2196148e-08 1.7531146e-07 8.972496e-08 6.1646875e-07 1.3456921e-09 1.4670945e-07 6.8506285e-09 1.2495123e-06 0.0005128067 4.2971998e-08 0.0027407706 4.364682e-07 3.0896942e-07 6.028267e-07
0.9061261 0.010693041 0.016240876 0.5874513 9.866731e-05 0.38056093 0.00030416116 0.00027563053 1.5279e-05 0.00040819353 0.030551238 0.00023105205 5.601697e-05 0.44711295 0.5836454 0.038557936 6.580612e-09 0.8883632 0.009256994 3.628475e-08 0.19909571 3.6423033e-05 0.00023033394 9.488925e-16 3.711397e-07 0.9911029 5.0377326e-05 0.20187764 4.0643987e-05 0.009783122 0.94604635 5.564559e-05 0.42976078 0.14742921 0.71172893 0.5007399 0.00039536261 0.04494705 0.013520776 2.4571178e-05 0.050943702 0.022987997 0.0010064238 0.00089334324 0.0008742511 0.00020723048 0.0211412 0.454647 6.7707915e-05 0.07077013 0.0015171698 0.0002745929 0.0003017343 8.608272e-05 0.00031944533 6.407425e-05 4.782387e-05 0.006003674 1.0441018e-05 1.3517789e-05 0.16094254 0.00012617274 0.00041731642 0.03717696 2.7992553e-05 1.9046048e-06 0.072019346 1.906902e-06 1.0945781e-06 0.027606474 0.004576635 0.007980477 0.008070614 0.009308699 0.0014900793 3.281227e-05 1.991851e-07 0.007814158 3.3063773e-06 0.004073522 2.1872866e-05 0.00017510435 0.00037400707 6.549915e-07 0.0039794515 9.260927e-06 0.0031379594 7.345563e-08 2.2821018e-06 5.2237677e-08 7.1855624e-07 1.4444788e-07 1.8325297e-08 1.3513677e-07 2.8479392e-09 0.0028045236 5.4540447e-08 0.0027020837 0.00022025684 3.2047282e-07 1.5649753e-08
0.624771 0.0018486077 0.00052935316 0.00016929458 0.00021524222 2.8861707e-06 0.0030609043 0.00015811548 4.53143e-06 0.0022174576 0.0001443437 2.1411902e-08 0.97993517 2.8341283e-06 4.339677e-06 3.3497014e-07 0.016935159 1.5218373e-07 1.5888168e-06 0.98741627 7.450858e-08 0.8332974 0.009039146 3.711397e-07 2.2262416e-17 1.6583537e-05 0.006798881 7.3781086e-07 8.4291457e-10 1.7546961e-08 3.1840116e-06 0.49546015 1.5964224e-07 1.0715477e-06 2.095237e-06 8.477524e-08 0.0040887166 6.317117e-07 2.659494e-08 0.8852672 1.2223403e-08 0.0009067184 5.3975845e-07 1.600736e-06 0.014698487 1.2350516e-08 1.4328407e-08 1.5585232e-06 6.4913584e-06 0.00023070724 0.003996318 1.1257875e-07 4.5642448e-08 0.77934474 0.5279166 1.2534078e-08 2.2302928e-07 0.0013866752 2.80282e-08 3.0425078e-08 1.2718057e-07 6.251912e-08 0.04974313 3.7084405e-08 3.4609266e-07 1.3518047e-07 5.5999258e-06 1.0821076e-06 1.225746e-07 3.5802435e-07 4.272981e-09 5.9464946e-07 1.1270051e-06 5.612541e-05 8.3208676e-08 3.2044213e-08 2.0576824e-08 3.3372402e-07 3.1034865e-08 3.36125e-07 1.0062299e-07 4.9612825e-10 1.0621654e-09 1.5157174e-09 0.071708776 2.6606695e-09 4.0786726e-05 6.6917874e-11 1.7583245e-08 9.670503e-09 2.7005078e-09 1.4608833e-12 1.3275484e-09 4.3442686e-10 2.5385175e-10 1.3718164e-05 1.0506997e-10 3.8857437e-05 1.9116905e-10 1.1350636e-10 1.9672061e-12
0.93506676 0.012637483 0.023038013 0.66388416 0.00029327234 0.42482266 0.004464682 0.0007270438 2.0116646e-05 0.0033516414 0.2786733 0.00015732806 0.00034850606 0.3421781 0.4505371 0.024496181 4.034106e-08 0.89652896 0.0032868274 6.903293e-07 0.09843232 0.00025126644 0.006549041 0.9911029 1.6583537e-05 2.2707405e-16 0.00084841216 0.06885187 1.12863745e-05 0.0022809773 0.9299611 0.00022701394 0.18869716 0.037872326 0.68921596 0.23291968 0.00787641 0.012556489 0.0047735977 0.00049685134 0.012110367 0.18921891 0.0001708088 0.00016247474 0.008602508 4.1918338e-05 0.0031145895 0.51700604 1.3322934e-05 0.3881708 0.021540616 5.307997e-05 4.8138503e-05 0.0015202105 0.0014650895 2.2270175e-05 1.266769e-05 0.06638057 1.0380915e-06 3.159435e-06 0.14591442 2.5004883e-05 0.005894078 0.045600906 4.2548227e-06 3.4525993e-07 0.17186868 3.754898e-07 2.0339182e-07 0.03597556 0.0023612652 0.008482398 0.0075520393 0.054372385 0.000520087 8.249984e-06 8.458756e-08 0.020853698 7.3708077e-07 0.002934294 7.0985748e-06 6.359672e-05 5.9162718e-05 2.1371396e-07 0.019652594 1.4545749e-06 0.008528682 3.7220037e-08 7.09267e-07 3.1723605e-08 7.420999e-07 2.1685175e-08 5.7258145e-09 2.7253934e-08 9.701924e-10 0.0043542413 2.8965454e-07 0.0070228297 6.854015e-05 2.8630754e-07 4.934756e-09
0.8264611 0.024213448 0.0023792186 0.020458318 0.0004417029 0.0019161409 0.18321478 0.0008965031 1.3684244e-05 0.5741166 0.2183831 3.3772405e-06 0.13248965 4.092311e-06 2.5251618e-05 2.3797913e-06 0.0003635172 2.9976656e-05 5.516673e-06 0.00795562 2.6431536e-07 0.255014 0.99747276 5.0377326e-05 0.006798881 0.00084841216 3.2673635e-14 3.0303283e-06 1.44819605e-05 1.1929066e-07 4.199352e-05 0.6065213 1.6909141e-06 2.2407512e-06 1.7551925e-05 4.9506207e-06 0.9702549 2.7957418e-07 2.566623e-07 0.3392579 6.8866564e-07 0.41501722 1.2257082e-06 1.0723666e-06 0.69340074 3.3695116e-05 2.8727725e-06 6.616318e-05 4.964506e-08 0.082743265 0.45372242 6.301487e-08 2.0249126e-07 0.5838252 0.6512554 1.0016162e-05 1.0261543e-07 0.10666989 1.3014103e-08 9.796652e-09 0.00011746615 4.6984533e-06 0.032301556 0.000120658566 4.8753595e-08 2.0184105e-08 0.0050573777 4.205557e-08 5.9408855e-08 0.0002176065 3.852417e-07 9.599051e-06 2.6180067e-05 0.009665628 2.3240118e-06 1.2702537e-06 2.0707509e-07 0.000599812 4.236278e-08 3.8986615e-05 3.4987252e-07 1.664892e-07 9.7493846e-08 8.9868627e-07 0.047816634 4.3561133e-08 0.0018089346 4.0932985e-08 1.4721435e-06 1.1324486e-07 5.5287364e-07 7.973796e-11 2.303225e-08 2.3444258e-07 9.656113e-08 0.0009906677 8.471155e-08 0.0015162478 5.6136454e-08 1.4064746e-06 1.6008023e-07
0.4612344 1.0075244e-05 0.0006282437 0.0020672695 8.365943e-06 0.012999102 3.0955398e-05 2.5113428e-07 3.365895e-07 1.4508268e-05 0.00044764427 0.00010042364 2.2507369e-07 0.5422846 0.8906582 0.15269184 1.10392435e-07 0.50539756 0.015352449 1.0343254e-06 0.9469047 3.3506694e-07 1.0768661e-05 0.20187764 7.3781086e-07 0.06885187 3.0303283e-06 2.5391417e-14 0.004029081 0.57311076 0.19423665 1.2324397e-06 0.6041885 0.95374453 0.11056249 0.26471424 9.265326e-06 0.9751572 0.6874914 5.825545e-06 0.5149535 0.00029611672 0.020848706 0.009888842 3.547423e-05 0.014125634 0.36959398 0.016354883 0.0036755663 0.0005489687 0.00012416724 0.007308464 0.075875536 1.3814573e-06 0.00015329303 0.0014958414 0.0029197605 0.00015440989 0.0008088447 8.863115e-05 0.0006062548 0.014638006 6.1110723e-06 0.0002953417 5.3948104e-05 3.792237e-06 0.001762753 6.2339027e-06 3.3454123e-06 0.000436534 6.876393e-05 0.00013452671 0.00023043083 0.0010880579 1.9933143e-05 0.00079820445 1.2309567e-05 0.00035425884 3.7549777e-05 6.10987e-05 2.9715507e-05 4.6633595e-05 2.2446407e-05 1.4613601e-06 0.00027674783 2.142005e-06 0.00048920896 2.0183883e-07 2.5702971e-05 1.21697e-06 2.3289151e-06 2.140491e-07 1.6916021e-05 7.3651066e-08 1.9051689e-07 0.00046022836 6.511127e-07 0.00062103046 1.07427095e-05 2.2938003e-07 1.26991035e-05
0.0002476492 8.216805e-05 0.0061183013 0.00046475983 0.003134394 0.021362038 3.7781607e-05 0.00022404392 0.010977013 6.904251e-06 1.22070305e-05 0.70895505 1.0897287e-06 0.022007959 0.0025477258 0.3916228 1.7189538e-07 0.0011686357 0.9945654 5.6110448e-08 0.30039117 1.1968979e-06 1.5679585e-06 4.0643987e-05 8.4291457e-10 1.12863745e-05 1.44819605e-05 0.004029081 1.7006672e-16 0.99682 4.970456e-06 8.6530895e-07 3.7904927e-05 8.9759254e-05 5.798198e-06 2.058443e-05 2.9770465e-06 0.0018930057 0.049672462 1.2178396e-06 0.37974232 7.036468e-07 8.095728e-07 2.6705993e-07 3.0481742e-06 0.23234792 0.006280143 4.6196433e-07 8.965701e-07 1.2704409e-07 1.1400269e-06 4.7938734e-06 6.6668467e-06 8.5385246e-08 3.6938316e-06 0.001017033 2.9701567e-07 1.2976143e-06 1.1745444e-07 4.495626e-08 2.1721005e-06 5.707182e-05 8.2489684e-08 5.560179e-06 1.3745461e-06 3.4122728e-08 1.4072888e-06 4.442388e-07 7.7249425e-08 7.5240877e-07 3.204328e-07 7.327257e-07 4.8379184e-06 1.9009955e-06 5.06124e-06 5.9604503e-05 3.317457e-06 1.6583228e-06 6.7634114e-06 2.0414932e-07 3.4220532e-06 2.017634e-07 1.3702349e-06 2.5394936e-06 3.798747e-05 5.4020514e-08 7.5192065e-06 1.2900775e-10 1.3218288e-08 1.8376504e-08 1.2815276e-07 7.022925e-09 6.8930035e-09 1.3968459e-08 6.207553e-07 1.7294354e-06 4.2530353e-09 6.8698478e-06 1.4065462e-07 6.6622476e-09 1.4821976e-08
0.0043762005 2.7309396e-05 0.0056219 0.0046183118 0.0004918756 0.07734176 1.2073274e-05 5.1143426e-05 0.0002353134 1.7144624e-06 0.00014618773 0.030740576 4.3499277e-08 0.17406124 0.18506339 0.81125546 1.1771516e-07 0.08983698 0.13192244 2.1749351e-07 0.9725847 2.1165363e-07 6.189364e-07 0.009783122 1.7546961e-08 0.0022809773 1.1929066e-07 0.57311076 0.99682 2.8468337e-15 0.0051553845 2.2873028e-06 0.011969117 0.027916044 0.00064379495 0.0035802172 5.2446956e-07 0.32646883 0.76234484 1.0936516e-06 0.8769788 8.579083e-06 0.0002643435 8.868079e-05 1.5389783e-06 0.5660761 0.27191272 9.6121454e-05 4.932992e-05 2.0411342e-06 5.7016376e-07 0.000718876 0.001209757 5.3301744e-07 1.550253e-06 0.0016712632 3.0757794e-05 3.0434048e-06 4.128437e-06 8.16556e-07 5.3991596e-05 0.0015052469 7.811694e-08 0.00012312144 1.5822183e-06 2.5779244e-07 0.0005829014 3.9828487e-07 1.08451324e-07 1.0229826e-05 2.084264e-06 1.6782708e-06 2.534594e-06 0.00013358449 7.1492846e-06 0.00067135185 1.9195502e-06 6.1571904e-05 9.4050023e-07 1.9879049e-06 7.7091485e-08 7.0580445e-06 1.040307e-05 1.3523024e-07 0.00011654569 3.0083668e-06 0.00014337087 6.144648e-09 4.4414477e-07 9.2536684e-10 1.3059253e-07 1.5680386e-07 3.395147e-08 5.8839703e-08 8.987446e-07 2.8838007e-05 9.695445e-07 5.5949004e-05 1.939989e-06 1.856942e-07 5.983436e-07
