4.6468427e-19 0.24395059 0.013913939 0.060363486 0.00012621198 0.932728 0.459785 0.97957027 0.018781103 0.0045159603 0.23344925 0.0018835722 0.0002502532 0.058927134 0.95839465 0.0012929481 0.4938217 0.69961005 0.027463267 0.004046587 0.15736876 0.01573845 0.9130005 0.9858167 7.332025e-05 0.48186022 0.973882 0.8687202 0.005874644 0.98097545 0.258033 0.8505376 0.9448984 0.84153605 1.4141496e-05 0.59591347 0.67195004 0.95159787 0.45975628 0.90278834 0.7761015 0.8409025 0.7116705 0.74761176 0.80278784 0.923907 0.8375905 0.022189729 0.81556726 0.90842307 0.8781216 0.90293354 0.9529028 0.9661959 0.89725256 0.8212081 0.9736988 0.8500538 0.05318376 0.9688784 0.88377255 0.91498214 0.8053823 0.9469029 0.9957397 0.5560414 0.8763206 0.70900244 0.955789 0.94555485 0.9433967 0.99992645 0.041136418 0.005144695 0.84016174 0.0014355484 0.84044737 0.8534217 2.107354e-05 0.75690687 0.7301485 0.073018424 0.71252507 0.08468756 0.7535768 0.33908772 0.89399046 0.99140906 0.9646646 0.74277484 0.27280557 0.9903527 0.98057896 0.76492196 0.9519243 0.9968572 0.56099075 6.368388e-05 0.99944127 0.9983802 0.999884
0.24395059 1.0579126e-14 0.9904055 0.9605747 0.548495 0.96981186 0.40681973 0.8815368 0.15623634 0.03968421 0.05877525 0.3868031 0.005901761 0.002679502 0.021492766 0.003525165 0.00025109874 0.41567075 0.00066824263 0.0004424236 6.8535473e-06 5.854104e-06 0.000134523 0.011065909 0.0010595331 0.0023792356 0.23442073 0.012387682 9.65042e-07 0.00033072665 0.00034402646 0.008746736 0.01330257 0.0017939657 1.00535235e-05 0.00077698875 0.00074269326 0.00021999965 0.006006512 0.00044314566 3.9324328e-05 1.0257361e-06 4.3830605e-05 0.0021735989 0.0029049928 9.7947905e-06 1.4565669e-06 1.5134766e-06 0.0023850685 2.4585932e-08 0.0011847845 0.004373712 7.1471135e-05 2.2521517e-05 3.5862636e-06 0.0017644297 0.0022992266 0.001823556 1.8868819e-06 0.0019279933 2.6322073e-08 7.792505e-06 0.0011711577 1.5934836e-07 0.0008295542 1.803616e-07 0.00011213938 3.3137162e-08 9.105511e-07 7.007805e-09 0.00013512345 0.0004982281 7.5604545e-09 1.6405126e-07 2.0717374e-08 1.3967314e-08 0.001374007 2.7408777e-07 3.476895e-07 3.6897494e-05 0.00073220115 1.19135926e-07 0.000236527 1.8852917e-08 0.0001592488 1.6023237e-07 3.378131e-07 0.00023219938 4.7313584e-08 9.69816e-08 1.6415909e-07 0.0016651104 3.305015e-06 1.3602323e-07 9.737488e-05 0.0014315377 3.444351e-07 2.6715827e-07 5.298792e-07 0.00017568596 0.00023062715
0.013913939 0.9904055 5.7864526e-16 0.49966303 0.9996548 0.71748996 0.054280292 0.29219607 0.41832 0.050260954 0.033321064 0.42541423 0.012387267 0.0006066538 0.0023715254 0.00018609424 3.3887873e-06 0.04648297 3.9666556e-05 5.6206616e-05 8.05407e-08 1.2920876e-07 1.4652376e-07 0.00014099744 0.0002528556 0.00026309077 0.012919942 0.0009462261 6.5591286e-07 8.6065234e-07 9.555798e-05 6.0687777e-05 3.6050948e-05 5.8867945e-06 7.715941e-07 1.1445068e-05 6.0121452e-05 3.884871e-06 0.00010375817 2.2023496e-06 4.0750058e-07 1.5486025e-08 1.899608e-07 7.633717e-05 0.00017587304 6.1142e-07 2.891892e-07 7.961862e-08 3.733179e-05 1.4000948e-08 5.4670145e-05 0.00011688452 1.7585533e-07 4.810583e-07 4.5614317e-07 1.1185403e-05 2.1567856e-05 1.2617354e-05 6.4522645e-08 0.00042241465 1.248648e-07 1.3028011e-06 0.00023885544 1.4070775e-07 0.00012942996 6.9768107e-09 9.200559e-07 7.2738002e-09 3.97983e-07 7.1376576e-09 8.318785e-07 2.8695279e-06 1.0743164e-10 2.2237396e-08 2.1438167e-09 3.5696762e-10 1.2934636e-05 1.9077468e-07 5.9326952e-09 1.1864709e-06 6.0054344e-07 3.9459884e-08 4.5401553e-06 2.2478837e-09 6.229122e-07 1.1211257e-09 3.547419e-07 2.6745718e-06 6.786995e-08 7.382049e-09 1.7774728e-09 2.4215675e-05 2.5410754e-06 1.2019806e-09 9.4465e-06 2.3854936e-05 8.172353e-09 3.5893596e-10 6.587476e-07 9.4019987e-07 1.2873186e-06
0.060363486 0.9605747 0.49966303 1.1122359e-16 0.016019296 0.4700648 0.99688363 0.63720244 0.0021795926 0.0008613832 0.0024377105 0.96754014 1.2026606e-05 2.9124145e-05 0.0008976713 9.254526e-06 1.9293277e-05 0.25456288 0.0006955002 1.9118339e-07 1.8146493e-07 1.6971718e-07 1.8350613e-05 0.0015534959 1.4910173e-06 0.011638181 0.17005087 0.013954834 3.3430776e-08 8.7084394e-05 4.0489354e-05 0.0010496038 0.0017041536 0.00022287673 3.0572118e-09 0.00052089884 0.00025190634 9.9352255e-05 0.00684224 7.3576826e-05 3.3242882e-06 1.5225936e-07 1.8451193e-06 0.0009854503 0.00085579563 5.2546994e-07 1.951048e-07 1.495827e-08 0.0024557803 5.30164e-08 0.00089113554 0.0072522564 8.115487e-05 9.244189e-06 4.1592713e-07 0.0011179219 0.0017854718 0.00066380156 8.4958316e-08 0.0006558519 1.8027887e-07 7.6368775e-07 0.00037660505 9.204793e-08 0.0010629372 4.782091e-07 4.5624714e-05 6.189786e-08 1.0828054e-06 1.4640719e-08 7.9421494e-05 0.00019613677 5.4027677e-10 1.9374466e-08 3.1713603e-09 3.8157504e-09 0.00018534664 9.832512e-07 7.9378095e-09 7.967468e-06 1.2649123e-05 4.999188e-08 1.9550956e-05 6.524226e-08 1.8801613e-05 6.844242e-09 2.445526e-08 2.4767574e-05 4.0552976e-08 1.376103e-08 1.8269537e-07 0.00015618459 1.4958726e-08 2.83368e-08 3.8611843e-06 7.236155e-05 7.154999e-08 1.465074e-09 1.2104228e-07 1.0332384e-05 1.37251645e-05
0.00012621198 0.548495 0.9996548 0.016019296 5.5258663e-19 0.6615832 0.0010164574 0.067290515 0.57477176 0.9843177 0.20226455 0.0015140629 0.69077986 0.15245542 0.010031778 0.014145571 3.593417e-05 0.00022155984 1.6115523e-07 0.0006775772 2.1582113e-07 5.3316467e-06 2.2359384e-07 0.0005247436 0.00096750574 1.557487e-07 0.00064320274 2.966539e-05 8.871708e-07 1.6259781e-06 1.8353686e-06 9.211719e-05 7.3657706e-05 1.1395796e-05 1.2596937e-05 1.806451e-07 2.8683527e-07 7.5705593e-06 1.6806227e-07 3.7708767e-06 2.8761733e-07 1.61845e-10 1.0489832e-07 1.604075e-06 1.2343734e-06 4.661036e-08 3.5978644e-07 4.5046536e-07 2.973511e-06 3.7416704e-08 6.5481095e-07 8.255012e-06 4.980347e-07 5.858363e-07 1.5585233e-08 5.3076576e-07 1.5446254e-05 9.2067916e-07 6.1263954e-08 8.3391235e-08 3.8284586e-08 2.9747036e-07 1.7149005e-06 1.00007654e-07 0.00011469911 2.688492e-09 8.9069574e-05 9.687525e-09 9.5139416e-07 7.0042367e-09 6.229811e-05 4.963453e-07 4.1392229e-10 5.712332e-09 1.6462814e-09 5.749669e-10 2.9497365e-05 4.7507278e-08 1.0339619e-07 1.18798625e-05 4.816826e-07 2.146681e-09 6.462237e-07 5.439536e-10 1.4901119e-06 5.428055e-09 3.4566514e-09 3.5777866e-05 4.143066e-08 5.4909184e-09 4.6706827e-08 1.9098166e-05 2.5028766e-07 4.6047077e-10 1.7587598e-05 6.455062e-05 2.3205002e-09 5.983935e-10 6.50698e-07 4.279131e-05 1.0591279e-05
0.932728 0.96981186 0.71748996 0.4700648 0.6615832 1.2408984e-15 0.19696265 0.98512024 0.62120795 0.48645842 0.9217763 0.023337413 0.062449805 0.27576664 0.58670557 0.03243881 0.014073428 0.14536527 3.650804e-06 0.007910431 0.00031849442 0.0002898744 0.0009436529 0.55244124 0.00078842934 0.00026115394 0.34565407 0.010715049 4.5572297e-06 0.010706137 8.174859e-06 0.45188564 0.45349893 0.106563404 3.6302158e-06 0.00039748242 9.503876e-05 0.030142542 0.004293674 0.029691143 0.00031895583 5.9548714e-05 8.9514e-05 0.0029477612 0.0013639074 2.2284195e-05 0.00011469648 1.3761529e-06 0.00517988 3.8659425e-07 0.00078489847 0.033255406 0.0064818785 0.0004991917 5.074257e-05 0.008060399 0.028946536 0.009947731 2.3079117e-07 0.00072581955 5.9805325e-07 1.4641733e-05 0.000898069 7.7681193e-07 0.0058877906 3.310924e-06 0.0037851017 8.99292e-08 1.96226e-06 3.130119e-08 0.004386377 0.00028340504 1.173994e-08 3.4367147e-08 1.7978534e-08 3.5084433e-08 0.0063662413 1.2600192e-07 1.1906073e-07 0.00050772727 0.0019058823 8.880587e-09 0.0015163092 1.4828197e-08 0.0007906053 4.7279505e-07 4.4140387e-07 0.00029111968 2.7588757e-07 1.1406185e-06 1.4174583e-06 0.003771641 1.9514232e-06 8.0280927e-07 0.00030946292 0.0017650442 5.440917e-06 4.9210264e-08 4.1201636e-07 0.00018797713 0.00022646104
0.459785 0.40681973 0.054280292 0.99688363 0.0010164574 0.19696265 3.5450105e-15 0.59689623 0.00075231993 0.0019241405 0.0023462356 0.7241891 2.3600076e-05 0.00012900334 0.0007721227 2.7431424e-05 4.888436e-05 0.95215416 0.00055472564 7.328302e-06 1.2945366e-06 4.4845632e-07 7.831543e-06 0.005209337 6.4137184e-06 0.103953324 0.8829332 0.19676815 5.7613335e-08 0.00012982296 0.0008423197 0.014915424 0.03635954 0.0018711968 6.22911e-07 0.01061195 0.009493265 0.00020638951 0.17301284 0.00018328741 9.0262794e-05 7.2670645e-08 5.4928596e-06 0.041438766 0.009751744 7.2394334e-07 5.9460776e-06 6.9214144e-07 0.053424668 1.1584746e-06 0.020902414 0.12686726 0.00025586158 1.9483465e-05 2.1936673e-06 0.029739596 0.042423017 0.018220821 2.0373027e-06 0.015260055 1.2162164e-07 9.4997074e-07 0.015469283 3.3082284e-08 0.013499575 4.1974396e-08 0.0021263468 5.5160276e-09 3.794894e-07 1.0225023e-08 0.0015626304 0.0053324373 1.9609605e-09 9.145084e-08 2.4695048e-09 4.3442977e-08 0.0026521075 2.0053521e-06 1.7239363e-07 0.00010372404 0.00076689693 1.8806372e-08 0.0008911279 8.61914e-07 0.00026121174 2.4076311e-07 1.5922639e-07 5.350582e-05 2.2071161e-08 1.1224336e-08 4.885518e-07 0.0012420312 1.4529196e-06 2.8996725e-08 6.5072534e-05 0.0004439566 4.6890105e-07 3.0530064e-08 3.797963e-08 1.4815652e-05 4.729263e-05
0.97957027 0.8815368 0.29219607 0.63720244 0.067290515 0.98512024 0.59689623 1.9266325e-14 0.14210777 0.038539466 0.33280128 0.030311367 0.00086545135 0.019877471 0.32011682 0.0031048618 0.001674509 0.5157922 5.116921e-06 0.0008101146 7.248491e-05 7.9506295e-05 0.00032608118 0.66746515 6.223042e-05 0.00224907 0.88191926 0.047392957 1.4677431e-06 0.006573184 3.0674662e-05 0.58837783 0.6691439 0.117721446 4.5169483e-07 0.002080132 0.00091088586 0.015521248 0.032439698 0.023123082 6.6966975e-05 7.5807935e-07 1.0807323e-05 0.015597688 0.011424819 3.9089123e-06 2.8028255e-06 1.5044573e-07 0.055894956 2.771038e-08 0.006562395 0.24551804 0.014685456 6.3007574e-05 2.0369707e-06 0.048651937 0.1740413 0.04773056 1.3110078e-07 0.02201973 3.019683e-08 1.9933493e-06 0.010056885 6.438741e-08 0.04209667 1.3584693e-07 0.006219856 1.664218e-08 2.6019072e-07 1.6381978e-08 0.013962895 0.0078239 1.2133624e-08 2.3524446e-08 5.239801e-09 3.238368e-08 0.019971434 7.4378654e-08 7.37084e-08 0.000630065 0.0052008233 2.529728e-08 0.0023255406 1.5124601e-07 0.0021476222 4.9295113e-07 8.962389e-08 0.00017532943 1.0689954e-07 2.1991772e-07 1.0131953e-06 0.012677354 1.402705e-06 2.3707881e-07 0.00022382567 0.0055632396 1.9253416e-06 2.1991697e-08 3.03352e-08 9.393879e-05 0.00073237676
0.018781103 0.15623634 0.41832 0.0021795926 0.57477176 0.62120795 0.00075231993 0.14210777 2.491534e-16 0.9198784 0.99280065 0.0009147074 0.4882005 0.9641018 0.49008214 0.79240465 0.16351973 0.00040189785 1.0044845e-06 0.21754904 0.009458076 0.026485715 0.0069914246 0.059862196 0.014669821 1.6555393e-07 0.002475053 1.4499442e-05 0.00026199984 0.0037411768 8.5393594e-07 0.009631058 0.009541884 0.005153573 2.5757645e-05 8.735981e-07 1.3861978e-06 0.0012802043 5.59601e-05 0.0007469773 0.0001188108 4.3799395e-05 6.7885594e-05 6.428936e-06 7.266645e-07 0.00013374243 3.1218424e-05 2.7440565e-06 1.4220707e-05 5.18754e-07 1.8995195e-05 5.026306e-05 0.00014360117 3.7659156e-05 1.2535058e-06 1.5647312e-05 0.000103803104 5.710799e-06 4.181145e-07 7.117803e-07 9.1934464e-07 3.0305682e-06 5.521899e-06 3.3899815e-07 5.781029e-05 4.0515386e-07 2.0538015e-05 5.3417537e-08 7.034193e-07 1.4775007e-08 6.5835916e-06 7.915011e-07 1.5739378e-08 6.784794e-08 2.061948e-09 9.676868e-09 2.0184945e-05 8.347864e-07 4.8827488e-08 9.396342e-07 1.5124862e-05 1.6338511e-08 6.7361057e-06 4.157423e-09 8.126968e-06 1.970605e-08 2.1481155e-08 8.8645065e-06 4.430328e-08 3.875455e-09 6.7479874e-08 9.630787e-06 3.7667824e-08 1.059728e-07 5.964832e-06 2.1100348e-05 2.0568427e-08 1.5051425e-08 1.2389039e-07 2.7437372e-06 3.8978264e-06
0.0045159603 0.03968421 0.050260954 0.0008613832 0.9843177 0.48645842 0.0019241405 0.038539466 0.9198784 2.4765976e-14 0.45446113 0.00023296151 0.99533755 0.4851718 0.13542399 0.109723896 0.00718591 0.0002447946 2.0341306e-06 0.008551944 0.00021683463 0.0020670684 0.00021142638 0.013990227 0.0011669395 3.8808016e-06 0.00052994944 5.6811996e-06 0.00015319057 0.00051250827 2.7334627e-06 0.0016109969 0.0013367338 0.00035109388 3.063879e-05 9.8393075e-06 5.156252e-06 0.00041475022 3.6800518e-06 0.00014934468 2.548676e-05 8.022052e-06 5.602393e-06 1.1076158e-06 1.391044e-05 2.06729e-05 4.597585e-05 3.7619237e-05 9.824455e-06 5.320802e-06 9.827594e-06 2.0951005e-05 1.7526583e-05 8.353092e-06 1.4611874e-06 3.6109923e-05 2.0897485e-05 6.907742e-06 3.0707631e-06 0.000102542705 1.0195515e-05 3.4073073e-06 3.3156462e-05 1.4488419e-06 4.2936554e-05 1.4516592e-06 0.00012086736 2.8279592e-06 5.3368683e-07 1.6551975e-06 5.8084344e-05 3.824157e-06 2.059684e-07 3.2528183e-07 2.6660774e-07 1.2519216e-08 0.00013324516 1.522985e-06 5.590601e-07 7.5788817e-06 2.7827698e-06 9.4539175e-08 2.3863626e-05 3.3898556e-07 2.6115865e-06 1.7841677e-07 9.2086174e-07 6.163932e-06 1.2811147e-07 2.0508715e-07 2.8038963e-07 0.00015662714 4.5364027e-06 8.751185e-08 3.1078063e-05 0.00027507092 7.6630755e-07 1.0249123e-07 1.9653677e-07 4.83185e-06 2.8253084e-05
0.23344925 0.05877525 0.033321064 0.0024377105 0.20226455 0.9217763 0.0023462356 0.33280128 0.99280065 0.45446113 1.4924375e-13 0.00058917626 0.11012086 0.88425624 0.9852848 0.24837416 0.28359574 0.0029133616 7.2510625e-07 0.022732826 0.0031075175 0.010931366 0.03233828 0.4085857 0.0023887458 5.3917634e-06 0.01980674 0.00022197946 0.00027850986 0.0732598 1.30387e-06 0.16790669 0.15155457 0.06218225 3.9200445e-06 2.379687e-06 1.1160778e-05 0.02433829 0.0001483745 0.015215145 0.0005968041 2.392789e-05 0.0002915712 1.6037578e-05 1.146137e-06 0.000717692 0.00021008056 4.601719e-06 0.00016455071 1.795494e-06 2.9961453e-05 0.0023955018 0.0015585041 0.00033729707 4.8420516e-05 0.00017690708 0.002637125 0.00028107918 1.2209528e-06 0.00010089931 3.1587153e-06 2.2041515e-05 0.00012430325 1.0008127e-06 0.00026098537 1.122771e-06 0.0012483804 5.343331e-07 2.69447e-07 7.98507e-08 0.00035973158 1.3680525e-05 3.9585606e-07 3.3366325e-07 5.0800356e-08 3.743812e-08 0.0008620053 2.1698354e-06 2.1903048e-07 0.00011309189 0.00039708606 1.2362271e-07 0.00022068765 8.12235e-08 7.8905476e-05 1.2064716e-06 1.2395355e-06 2.1180327e-05 1.4199944e-07 1.1782253e-07 7.766075e-07 0.0006351378 9.040947e-06 2.929926e-07 0.000180494 0.00048509566 7.9034145e-08 6.105748e-08 2.887287e-07 5.7288467e-05 3.0843592e-05
0.0018835722 0.3868031 0.42541423 0.96754014 0.0015140629 0.023337413 0.7241891 0.030311367 0.0009147074 0.00023296151 0.00058917626 3.7282854e-15 0.000114933646 4.3855716e-06 0.00040817878 0.00010868124 1.9956165e-06 0.90735483 0.99972826 2.3274163e-06 4.116978e-07 8.218391e-08 1.147317e-06 0.00067388656 2.7701926e-06 0.7304454 0.01898518 0.0025422284 2.1280341e-07 1.6526054e-05 0.0003056176 0.00032948816 0.0006739347 0.00015125662 9.239921e-08 0.0025579643 0.00015665925 2.597125e-05 0.0032581154 2.4531957e-05 5.4436982e-06 1.1808706e-06 4.1476364e-06 0.00042838065 0.00020366852 2.834388e-06 2.773018e-06 1.24190865e-05 0.00037611544 1.0071939e-05 4.2313677e-05 0.00014291261 0.00022356457 7.1224163e-06 1.1882224e-06 0.00045539258 4.602428e-05 0.00013170649 4.645992e-06 5.4638454e-05 2.4352903e-06 1.1433581e-05 4.3635166e-05 9.2743477e-07 5.8018184e-05 4.216726e-06 7.984983e-05 1.6237071e-07 4.4031644e-06 9.306146e-07 6.4553824e-05 3.0070345e-05 4.1167404e-08 3.2004098e-07 1.072858e-07 6.9942376e-09 0.00018063176 1.2010273e-05 1.12740885e-07 9.347274e-05 5.2519186e-05 5.59767e-07 0.00015767608 1.130135e-06 4.0444127e-05 5.15989e-07 1.566544e-07 2.3876533e-05 8.58616e-07 1.2989433e-07 1.4844809e-06 0.0001956057 3.325446e-06 1.9992234e-07 1.3000823e-05 0.00024682892 2.7474098e-07 9.712803e-08 2.503088e-06 4.709193e-06 2.9478693e-05
0.0002502532 0.005901761 0.012387267 1.2026606e-05 0.69077986 0.062449805 2.3600076e-05 0.00086545135 0.4882005 0.99533755 0.11012086 0.000114933646 5.0714107e-15 0.5234915 0.028646005 0.9974135 0.010580236 1.9870811e-05 5.7669514e-08 0.30126536 0.0010322201 0.038943492 8.774899e-05 0.0011285363 0.21811105 3.3054755e-06 2.9284318e-05 2.245025e-06 0.002741168 8.218679e-05 2.8501515e-07 6.807762e-05 1.9397718e-05 1.5327496e-05 0.0011870203 1.3397284e-06 1.7155301e-08 3.3341355e-05 1.0552477e-06 8.3374225e-06 2.1914636e-06 9.617144e-07 3.7397388e-07 2.844418e-06 1.4129018e-06 5.2995347e-07 2.1607475e-06 5.637432e-05 2.240467e-06 2.3468283e-07 2.7602823e-06 7.9335183e-07 5.858279e-07 1.27169e-06 1.4203899e-07 4.2443385e-06 2.0906384e-06 5.118947e-06 5.517967e-06 5.40874e-07 5.832263e-07 3.7445907e-06 1.2191162e-05 1.5564414e-07 1.2805747e-05 7.955073e-07 2.613769e-06 1.45112845e-05 2.5984743e-06 3.1990503e-06 1.9536867e-05 1.744096e-07 1.1346951e-07 3.358296e-07 1.3607904e-07 5.8771956e-08 9.397458e-06 3.4774177e-06 3.6172667e-06 2.5874601e-06 1.1631174e-06 5.3929504e-08 1.9055568e-06 2.935902e-08 1.4509727e-06 2.1764599e-07 1.0243548e-06 7.0111982e-06 5.058144e-07 2.0982954e-07 1.2631626e-06 2.511404e-06 1.1947925e-06 1.5946215e-08 2.4135727e-06 3.904488e-05 9.834658e-09 6.2142935e-09 8.1098875e-08 1.2518555e-05 2.2625377e-06
0.058927134 0.002679502 0.0006066538 2.9124145e-05 0.15245542 0.27576664 0.00012900334 0.019877471 0.9641018 0.4851718 0.88425624 4.3855716e-06 0.5234915 2.0809127e-16 0.7428004 0.9771578 0.96399933 0.0004332257 1.8630742e-07 0.6126358 0.40489653 0.5718639 0.25308248 0.23263328 0.065992296 5.5321595e-07 0.0008691266 3.793876e-06 0.11950142 0.12896796 1.1306487e-07 0.05746943 0.02963109 0.03839451 0.00048751742 4.2093754e-07 8.86624e-08 0.02963699 1.0894984e-05 0.0109867165 0.007474402 0.0023281826 0.0037725028 3.2644803e-06 6.2492273e-07 0.0070310254 0.002662627 0.0008666204 5.0585663e-06 1.6143182e-05 2.1336391e-05 8.1150145e-05 0.0021392617 0.00073569146 4.245069e-05 1.4055016e-05 0.00018616028 6.827404e-05 4.984013e-06 2.4616481e-06 1.2129957e-06 3.339364e-05 4.4670264e-06 3.7535736e-07 5.6784076e-05 1.4066764e-05 9.280125e-05 1.076842e-06 1.8466209e-06 9.219237e-08 0.00013276823 5.983642e-07 1.1416855e-07 8.3520604e-07 6.497725e-08 1.9157999e-07 0.00027362723 1.4917014e-06 1.9415013e-06 1.47961255e-05 0.00010952779 3.286637e-08 2.2663311e-05 4.998807e-08 7.284484e-05 3.7264294e-06 1.3119027e-06 9.762989e-06 1.4894874e-07 2.4551994e-07 3.2136282e-07 5.5185486e-05 4.850937e-06 9.035159e-07 1.8841836e-05 6.7924964e-05 3.1042282e-07 3.778281e-08 6.420992e-07 3.2999287e-06 2.1561345e-06
0.95839465 0.021492766 0.0023715254 0.0008976713 0.010031778 0.58670557 0.0007721227 0.32011682 0.49008214 0.13542399 0.9852848 0.00040817878 0.028646005 0.7428004 1.9745344e-14 0.10216561 0.7975048 0.0026724315 6.273617e-08 0.09936819 0.14349872 0.105787426 0.1532456 0.9723835 0.00553373 0.00013394219 0.022072967 0.0006457297 0.0030732376 0.5524173 4.483937e-06 0.71888363 0.5972468 0.49268663 9.796803e-05 0.00012696203 3.6103622e-05 0.44346172 0.0009972267 0.23804478 0.003242853 0.0009029634 0.0016674973 0.00016952756 8.920236e-05 0.001023888 0.0008412532 0.00033984013 0.0012088655 5.2786072e-05 0.00017272023 0.012534623 0.028153976 0.00845627 0.0012559518 0.0019351599 0.01709518 0.0022206977 3.179301e-05 0.00047547036 1.3592639e-05 0.0003063258 0.00068744685 1.2512933e-05 0.0017039555 6.1194565e-05 0.0074446118 4.6930886e-06 7.956519e-06 3.5337507e-07 0.005573239 6.117274e-05 5.2077837e-07 1.2218229e-06 1.4144935e-07 7.762002e-07 0.009227775 1.3200212e-06 2.080586e-06 0.0012168628 0.0037022217 2.2079531e-07 0.001828181 1.7090368e-07 0.0013640921 3.0253098e-06 9.33228e-06 0.0003803846 6.209768e-07 3.6032368e-06 2.0726725e-06 0.005292081 9.704752e-05 2.1037133e-07 0.00079954916 0.001931234 2.4702647e-06 2.5695114e-08 7.002675e-07 0.00019810822 0.00035924028
0.0012929481 0.003525165 0.00018609424 9.254526e-06 0.014145571 0.03243881 2.7431424e-05 0.0031048618 0.79240465 0.109723896 0.24837416 0.00010868124 0.9974135 0.9771578 0.10216561 8.088866e-15 0.4495064 7.688033e-06 2.8328867e-07 0.86235327 0.20917082 0.594272 0.012963634 0.012858622 0.54780346 4.9362928e-08 0.0001526012 7.4800516e-07 0.17692232 0.005216351 3.6066967e-07 0.0018695826 0.00046630524 0.0015575064 0.002100334 5.8123294e-07 1.8644944e-07 0.0008843579 9.760907e-07 0.00023488293 0.0006664031 0.00062524533 0.0001954707 1.7936756e-07 2.2395204e-06 0.00012521738 0.00063950784 0.0015188106 5.511432e-07 4.7460867e-06 8.189986e-07 5.1753323e-06 3.102488e-05 8.5943764e-05 5.1206166e-06 1.2740717e-06 7.838142e-06 3.9306553e-07 0.0001947818 1.1446285e-06 6.6936614e-06 6.037803e-06 6.734724e-06 5.2675585e-07 9.209132e-06 1.2700558e-05 4.362951e-05 3.0349297e-06 3.4596565e-07 5.069642e-07 7.228948e-05 3.3899394e-07 2.1497848e-07 1.6106112e-06 5.730316e-07 1.9284178e-08 8.4532454e-05 1.5480223e-06 5.680661e-05 8.986645e-06 5.5178143e-06 2.2246421e-07 5.23179e-06 4.2099538e-07 2.5433012e-06 2.8879052e-08 5.009041e-07 3.75325e-06 1.285252e-07 7.719478e-08 1.695551e-07 1.0224199e-05 6.4044225e-06 2.8545634e-07 2.079992e-05 7.774353e-05 2.1414937e-07 2.4824755e-07 1.2065625e-06 6.4100127e-06 3.4218735e-06
0.4938217 0.00025109874 3.3887873e-06 1.9293277e-05 3.593417e-05 0.014073428 4.888436e-05 0.001674509 0.16351973 0.00718591 0.28359574 1.9956165e-06 0.010580236 0.96399933 0.7975048 0.4495064 2.5416514e-14 7.326042e-05 6.106435e-08 0.40568116 0.98382384 0.6998521 0.97487116 0.42774817 0.032217167 1.4561517e-06 0.00035046434 8.926555e-06 0.23891316 0.6528556 1.3423404e-07 0.14896801 0.053296834 0.19285928 0.0027743357 8.5145086e-07 1.1140005e-06 0.24632265 6.960065e-05 0.086488016 0.057174735 0.08051752 0.020436177 5.4014336e-06 5.1970125e-07 0.007521897 0.009248122 0.01171309 4.6605852e-05 0.00014771981 1.6307544e-05 0.0003103158 0.017134598 0.0061950367 0.002636695 0.00022644742 0.000714807 0.00040123056 0.0005347705 4.666302e-06 3.6154444e-05 0.0003777377 7.779781e-05 8.041338e-06 7.925806e-05 9.610093e-05 0.0015912289 1.5383423e-05 1.422011e-05 4.6228078e-07 0.0003296227 3.7572754e-06 3.6456282e-07 1.8387883e-06 3.7040436e-08 1.8074194e-07 0.00063771126 7.547607e-06 1.48286845e-05 0.00020967145 0.00023061484 1.0118091e-07 0.0003529112 1.7645137e-07 0.00026487545 7.1470004e-06 7.78631e-06 2.8470165e-05 1.8692615e-06 5.641839e-06 2.3671519e-06 0.00021354193 1.7397091e-05 5.39794e-07 0.00010923352 0.0002272908 7.829927e-07 4.0738733e-08 1.1481686e-06 3.1428273e-05 5.470582e-05
0.69961005 0.41567075 0.04648297 0.25456288 0.00022155984 0.14536527 0.95215416 0.5157922 0.00040189785 0.0002447946 0.0029133616 0.90735483 1.9870811e-05 0.0004332257 0.0026724315 7.688033e-06 7.326042e-05 1.0248466e-13 0.059969723 1.8602976e-05 4.6037776e-06 4.081188e-06 8.766476e-05 0.0005439698 2.1509273e-05 0.92316246 0.9119925 0.9867614 4.3173134e-07 0.00014966646 0.012573205 0.0007435511 0.01754135 0.00024917035 4.5489573e-06 0.09172084 0.0047150776 5.381707e-05 0.40187308 4.875879e-05 1.6481607e-05 0.0002570936 6.6777147e-06 0.11000186 0.051443625 3.6716526e-06 1.4794431e-05 6.2565236e-06 0.06668458 1.2434848e-05 0.01330481 0.071431376 0.0002558118 1.5140678e-05 3.9012475e-06 0.09366209 0.015669521 0.054984532 1.9114045e-06 0.018906856 3.4119053e-06 7.4191985e-06 0.016699154 2.368272e-06 0.01910709 4.600451e-06 9.361003e-05 4.1622414e-08 1.9392417e-06 4.6103196e-08 7.1788774e-05 0.004094767 1.7670835e-07 1.8980309e-07 1.5001156e-08 1.5314805e-08 0.00097149715 3.3180567e-07 1.5549564e-07 7.415866e-06 3.15853e-05 6.838778e-08 1.7680919e-05 1.7688938e-06 7.666936e-05 2.074095e-07 1.2557953e-07 4.3238073e-05 1.841504e-07 1.2830233e-07 5.9960175e-06 0.0012579099 5.9276992e-08 5.368602e-06 6.757377e-06 0.00060258474 5.834324e-06 3.111417e-08 8.447421e-08 6.9935213e-06 5.5883625e-05
0.027463267 0.00066824263 3.9666556e-05 0.0006955002 1.6115523e-07 3.650804e-06 0.00055472564 5.116921e-06 1.0044845e-06 2.0341306e-06 7.2510625e-07 0.99972826 5.7669514e-08 1.8630742e-07 6.273617e-08 2.8328867e-07 6.106435e-08 0.059969723 6.148891e-17 1.3628554e-07 9.116957e-08 3.9517353e-08 2.349615e-08 2.7205115e-08 1.1910592e-07 0.052137043 0.0002567043 0.00034873726 1.11918055e-07 4.9342784e-08 0.99909467 6.877104e-08 3.5312917e-07 3.941293e-07 4.1030223e-08 0.0041606803 0.016019259 3.4018572e-07 0.0005424447 1.1892332e-07 1.4400608e-07 3.1219045e-07 7.7600006e-08 0.000263009 0.0006963433 6.147828e-08 2.5052813e-07 2.4301027e-08 0.00016044761 9.44395e-08 0.007796185 4.7206606e-05 8.3444814e-07 2.9231552e-07 4.6810996e-08 0.00024010333 8.171282e-06 2.7349663e-05 1.3191698e-07 0.0010951719 4.9313826e-07 8.045469e-07 0.0005653546 9.0791964e-08 5.193203e-05 1.4310825e-07 4.047648e-06 8.57402e-08 9.798233e-07 4.5820454e-07 3.1136224e-06 4.558466e-05 2.3061391e-08 5.6564442e-08 1.0850609e-08 4.8113113e-09 3.1769338e-05 1.1310925e-06 3.4292087e-09 5.891424e-07 6.35614e-06 8.767103e-09 1.6505861e-05 7.454383e-08 2.3458429e-06 7.177675e-08 2.3958717e-07 3.3959761e-06 1.8111223e-07 1.7620039e-08 5.8881916e-08 3.7365804e-05 1.3611654e-07 5.0040345e-08 1.1963734e-05 6.308671e-05 4.354082e-10 9.682439e-10 1.7997817e-08 8.3612656e-07 6.5406853e-06
0.004046587 0.0004424236 5.6206616e-05 1.9118339e-07 0.0006775772 0.007910431 7.328302e-06 0.0008101146 0.21754904 0.008551944 0.022732826 2.3274163e-06 0.30126536 0.6126358 0.09936819 0.86235327 0.40568116 1.8602976e-05 1.3628554e-07 4.8045593e-14 0.38109237 0.9626985 0.09222654 0.034620874 0.994576 4.4475918e-08 6.015047e-05 1.2476553e-07 0.95783347 0.0589815 6.7570255e-07 0.0034126213 0.0009929193 0.004592784 0.007092245 1.4383794e-07 1.0990546e-07 0.008647229 1.2885873e-06 0.001296009 0.005868913 0.035256475 0.0024395676 2.0810928e-07 4.9667716e-07 0.0037321309 0.001620655 0.015728936 3.1661298e-07 3.532134e-05 1.8223513e-05 3.4690113e-06 8.338017e-06 3.1227653e-05 3.0080166e-06 1.0736312e-06 9.929841e-06 6.662248e-07 9.489585e-05 5.0948674e-06 1.2378475e-06 2.6610874e-06 9.519165e-06 6.369706e-07 9.975219e-06 7.1963365e-07 3.9679476e-06 8.8872724e-07 2.4027707e-07 2.4238312e-07 4.6674727e-06 4.3137476e-08 4.4584375e-08 6.242672e-06 9.972479e-08 2.392611e-07 0.00053603423 1.1737411e-06 1.0626782e-05 1.8890478e-06 1.1570254e-05 2.9229324e-07 2.9598402e-06 3.393653e-07 2.3228995e-06 1.6015781e-07 4.9865395e-07 4.148896e-07 2.6108568e-08 2.2810202e-08 1.00359244e-07 7.434313e-06 7.4061876e-07 3.5392344e-07 8.8710135e-07 7.896668e-05 8.3298076e-08 6.132729e-07 1.3115817e-07 6.9620825e-07 1.2466878e-06
0.15736876 6.8535473e-06 8.05407e-08 1.8146493e-07 2.1582113e-07 0.00031849442 1.2945366e-06 7.248491e-05 0.009458076 0.00021683463 0.0031075175 4.116978e-07 0.0010322201 0.40489653 0.14349872 0.20917082 0.98382384 4.6037776e-06 9.116957e-08 0.38109237 8.851609e-15 0.9934265 0.91805965 0.12712443 0.044987556 1.6011124e-07 1.784287e-05 1.8509519e-07 0.5952658 0.4988468 5.828404e-07 0.02761276 0.0096526155 0.050851285 0.017738063 6.857221e-08 1.1561788e-06 0.12027536 1.6980577e-05 0.025341537 0.25964347 0.4744154 0.091201186 3.7414793e-07 3.8871832e-08 0.05158863 0.10083127 0.22317588 6.920398e-07 0.0006754539 3.1928173e-06 1.6016134e-05 0.006625417 0.006464084 0.002659843 1.9838594e-06 2.5388264e-05 6.0426128e-06 0.003898797 1.6900485e-06 2.9604174e-05 0.00012059126 3.696068e-05 2.9469882e-06 4.0841082e-06 6.53688e-05 0.00022821587 4.7352652e-05 2.490171e-06 3.8491617e-06 3.456464e-05 2.89366e-07 2.6056457e-06 1.8040502e-06 1.0208094e-07 8.6845046e-07 0.0002091191 3.6453314e-06 9.669914e-05 1.353563e-05 7.152513e-05 1.4616968e-07 4.261615e-05 5.3762074e-07 6.288829e-05 1.182971e-05 2.6043563e-06 2.3180442e-06 5.630559e-07 1.642207e-06 6.9066546e-06 8.0769736e-05 2.1024662e-05 2.797674e-06 2.95147e-05 0.00011222882 3.2462611e-07 1.677033e-07 1.1647436e-06 7.986678e-06 5.817068e-06
0.01573845 5.854104e-06 1.2920876e-07 1.6971718e-07 5.3316467e-06 0.0002898744 4.4845632e-07 7.9506295e-05 0.026485715 0.0020670684 0.010931366 8.218391e-08 0.038943492 0.5718639 0.105787426 0.594272 0.6998521 4.081188e-06 3.9517353e-08 0.9626985 0.9934265 3.8104836e-17 0.49543798 0.045332376 0.2968382 4.459781e-08 2.3714325e-05 1.634859e-07 0.97744447 0.23130327 4.2567325e-07 0.0037770637 0.0017764006 0.01163897 0.12160319 1.5876513e-07 1.7278866e-07 0.030049527 2.1305007e-06 0.0056670657 0.075499974 0.33561397 0.022707019 2.6834127e-07 1.8617706e-07 0.0123587 0.023787547 0.41511258 4.692786e-07 0.00012884373 9.681065e-06 3.7598704e-06 0.0018490563 0.0008244144 6.477478e-05 3.5081994e-06 1.8033392e-05 1.63762e-06 0.012537576 1.5708751e-07 1.5841298e-06 1.1544143e-05 1.6926211e-06 4.8229896e-07 6.7099463e-06 0.00013580077 1.1569691e-05 1.6924525e-05 1.0646719e-06 5.266026e-07 6.3085345e-06 1.0084317e-07 1.2179842e-07 1.0645475e-05 8.610858e-09 1.1332562e-06 9.337852e-06 5.0670565e-07 0.00043589817 2.3464356e-06 2.3755161e-05 4.9239084e-08 7.8305575e-06 5.121734e-08 1.7334141e-05 2.0164875e-07 6.6109344e-08 1.995156e-06 7.155941e-08 2.9969094e-08 1.980299e-07 5.0830404e-06 6.5602603e-07 1.7354594e-06 1.0955066e-06 2.196769e-05 6.682613e-08 1.7979461e-06 1.5857688e-07 6.4876286e-07 2.687745e-06
0.9130005 0.000134523 1.4652376e-07 1.8350613e-05 2.2359384e-07 0.0009436529 7.831543e-06 0.00032608118 0.0069914246 0.00021142638 0.03233828 1.147317e-06 8.774899e-05 0.25308248 0.1532456 0.012963634 0.97487116 8.766476e-05 2.349615e-08 0.09222654 0.91805965 0.49543798 3.4914747e-15 0.37677512 0.007039573 5.9360545e-06 6.481841e-05 1.0516506e-05 0.2717458 0.98730797 1.3523817e-06 0.09003749 0.021788113 0.26830116 0.0033913823 9.43047e-06 1.1027728e-06 0.721238 0.00014676481 0.2792428 0.4971577 0.40088058 0.3012157 6.273378e-06 4.205598e-06 0.07831547 0.0527251 0.07573577 3.170233e-05 0.00086700846 1.3763886e-05 0.0004770298 0.13087013 0.05585 0.012152596 0.00018553958 0.0013293737 0.000308235 0.033417206 4.9282403e-06 0.00022681181 0.0016459664 8.92735e-05 0.00016645118 8.576421e-05 0.0010417884 0.01400049 0.00015484697 0.000105818945 4.48339e-06 0.0064598043 4.015548e-06 2.5811445e-05 5.378316e-05 1.7399181e-07 1.6109876e-06 0.0016469955 6.831341e-06 0.00015930424 0.0022001436 0.003177793 5.554026e-08 0.0026254111 2.6858106e-06 0.002212292 1.342114e-05 5.226043e-05 0.0009254535 3.7833472e-06 7.4438194e-06 1.4559655e-06 0.00037088356 0.00024601087 1.8897549e-07 0.00094878435 0.0013064815 4.730023e-06 3.9945668e-08 2.0042376e-06 0.0005025058 0.00085088186
0.9858167 0.011065909 0.00014099744 0.0015534959 0.0005247436 0.55244124 0.005209337 0.66746515 0.059862196 0.013990227 0.4085857 0.00067388656 0.0011285363 0.23263328 0.9723835 0.012858622 0.42774817 0.0005439698 2.7205115e-08 0.034620874 0.12712443 0.045332376 0.37677512 2.3555593e-13 0.0013778721 9.710715e-05 0.014768947 0.00029763597 0.011440683 0.6407202 5.7975205e-07 0.8922417 0.8498387 0.69198364 6.797946e-05 7.6077e-05 1.4268695e-06 0.6203455 0.00045935373 0.36906654 0.0054049897 0.0077621215 0.0043213987 0.00012068894 7.3018804e-05 0.0008620357 0.0023518417 0.0011800398 0.00088819937 4.7806403e-05 3.2568787e-05 0.016152384 0.17243186 0.0015673346 0.00035218665 0.002994113 0.01960817 0.0032415371 0.00021842319 6.172824e-05 3.053168e-05 0.0003171659 0.00040520783 7.2779744e-06 0.005023906 6.527996e-05 0.026065772 5.6335966e-06 1.609981e-05 4.891588e-07 0.02277383 0.00010137134 9.802447e-07 4.4544962e-05 3.186648e-08 2.3847565e-07 0.02003465 2.76907e-06 3.5850496e-06 0.004572216 0.012838673 1.134719e-07 0.004546217 2.6635348e-06 0.004131571 9.781688e-07 6.9929088e-06 0.0016918322 5.1734594e-07 1.2087795e-06 2.5093823e-07 0.0040634633 0.00010099492 3.9175966e-08 0.00091504777 0.004518162 1.513691e-07 4.4274498e-07 2.1590542e-06 0.0005064209 0.001995104
7.332025e-05 0.0010595331 0.0002528556 1.4910173e-06 0.00096750574 0.00078842934 6.4137184e-06 6.223042e-05 0.014669821 0.0011669395 0.0023887458 2.7701926e-06 0.21811105 0.065992296 0.00553373 0.54780346 0.032217167 2.1509273e-05 1.1910592e-07 0.994576 0.044987556 0.2968382 0.007039573 0.0013778721 2.28869e-16 6.471168e-07 6.087152e-05 6.0709103e-06 0.83997434 0.0020685424 7.7736036e-07 0.00027891682 0.00017025162 0.00025936044 0.9975365 1.305027e-06 8.153984e-08 0.0003701274 2.6981152e-06 0.00020903834 0.0005495766 0.016588688 0.00025172764 6.531218e-06 1.2090287e-06 0.00011182999 0.0006397735 0.008602463 2.234243e-06 2.7630731e-05 8.193756e-06 2.1170358e-06 4.6086975e-06 1.148845e-05 2.9135242e-06 1.1294406e-05 1.4813151e-05 5.139472e-06 0.0018570006 4.197816e-06 5.41364e-06 4.192305e-05 3.1203006e-05 7.433699e-07 0.00013466149 4.6956244e-05 1.03248885e-05 7.84974e-05 1.3517653e-06 0.00022253224 7.0725723e-06 1.4904195e-07 2.8931154e-06 4.4028555e-05 3.03359e-06 1.0960776e-05 7.498637e-05 5.6915032e-06 0.004191782 1.150641e-05 2.4762805e-05 4.1400898e-07 9.707942e-06 6.2026324e-08 2.0959857e-05 1.2738195e-07 3.661781e-06 5.1025995e-06 3.795289e-07 4.400842e-08 1.5839159e-07 1.9572456e-06 1.163894e-06 2.6837327e-07 3.6555841e-06 8.841681e-05 1.6343341e-08 6.1063247e-06 6.244524e-08 7.1049544e-06 1.5785836e-05
0.48186022 0.0023792356 0.00026309077 0.011638181 1.557487e-07 0.00026115394 0.103953324 0.00224907 1.6555393e-07 3.8808016e-06 5.3917634e-06 0.7304454 3.3054755e-06 5.5321595e-07 0.00013394219 4.9362928e-08 1.4561517e-06 0.92316246 0.052137043 4.4475918e-08 1.6011124e-07 4.459781e-08 5.9360545e-06 9.710715e-05 6.471168e-07 8.301431e-16 0.071274154 0.27410293 3.0247328e-08 1.5761556e-05 0.710985 0.00021780394 0.0013720912 0.00016594397 1.2345541e-07 0.98253185 0.97711885 5.6691842e-06 0.5856351 2.2847096e-05 1.911935e-06 2.0488746e-06 2.4630992e-06 0.100189716 0.3494139 2.716435e-07 8.312037e-07 4.23366e-07 0.033289444 2.2266673e-07 0.17414245 0.027718334 2.7891585e-05 1.0212827e-05 7.6005125e-07 0.05089097 0.011732426 0.022382008 7.5396315e-07 0.06858134 7.018938e-08 1.4572657e-06 0.12243104 2.8820298e-07 0.012760144 9.9315926e-08 3.8442515e-05 4.7375863e-09 1.5271577e-06 1.4951679e-08 2.1135249e-05 0.009640804 2.1545896e-09 2.1302334e-07 3.2012049e-10 1.4268073e-09 0.0012383997 1.5508682e-06 7.634168e-09 8.15349e-07 0.00011188078 5.8469627e-08 1.4986078e-05 6.3552816e-09 6.2146144e-05 2.3919618e-08 3.7042135e-08 2.5918327e-05 3.836615e-07 2.7368106e-09 3.6102843e-08 0.00034320052 2.9599573e-07 8.792708e-09 5.244314e-06 0.00031030993 9.213268e-10 5.0961063e-08 7.269629e-08 2.5646632e-05 7.2401665e-05
0.973882 0.23442073 0.012919942 0.17005087 0.00064320274 0.34565407 0.8829332 0.88191926 0.002475053 0.00052994944 0.01980674 0.01898518 2.9284318e-05 0.0008691266 0.022072967 0.0001526012 0.00035046434 0.9119925 0.0002567043 6.015047e-05 1.784287e-05 2.3714325e-05 6.481841e-05 0.014768947 6.087152e-05 0.071274154 9.729901e-15 0.9682798 5.0019403e-06 0.00020744285 8.696149e-05 0.11010998 0.58773625 0.013364234 9.614048e-06 0.009068736 0.000400102 0.00016529513 0.6359856 0.003688847 2.5446052e-05 6.7860026e-05 2.4718804e-05 0.1790739 0.016295006 3.2648193e-06 5.293274e-06 5.683256e-05 0.5177139 7.493911e-07 0.0046414593 0.9178757 0.021799982 0.000101396385 5.000986e-06 0.49269772 0.44930166 0.39295655 4.0412374e-06 0.017361475 3.725793e-06 2.3005348e-05 0.018712314 1.812044e-06 0.29776332 9.071305e-06 0.027592886 2.4429093e-07 5.7201473e-06 1.7978509e-07 0.05101893 0.009380286 7.5370576e-07 8.9965613e-07 2.5893879e-08 1.6738622e-06 0.10301366 7.209546e-07 1.5559406e-06 0.001102356 0.017456898 5.656099e-06 0.0018711289 1.1269832e-05 0.0054498604 7.2659277e-06 2.297874e-06 0.00072447734 2.1281296e-07 8.7523006e-07 4.076166e-06 0.042403914 0.00010798778 4.6182694e-07 0.00042245252 0.017955327 8.716238e-06 6.9956127e-07 2.3198818e-06 0.0005481249 0.0025751258
0.8687202 0.012387682 0.0009462261 0.013954834 2.966539e-05 0.010715049 0.19676815 0.047392957 1.4499442e-05 5.6811996e-06 0.00022197946 0.0025422284 2.245025e-06 3.793876e-06 0.0006457297 7.4800516e-07 8.926555e-06 0.9867614 0.00034873726 1.2476553e-07 1.8509519e-07 1.634859e-07 1.0516506e-05 0.00029763597 6.0709103e-06 0.27410293 0.9682798 1.0092579e-13 1.6821708e-06 2.4544666e-05 0.00043580588 0.0014499146 0.011278392 0.0005703068 2.8295103e-06 0.15590592 0.0027040055 8.545376e-06 0.9584331 0.00018233394 1.6557423e-06 7.7545815e-07 1.1781079e-06 0.35980755 0.17927848 1.3557515e-07 4.4584996e-07 1.1029279e-05 0.6667795 2.922242e-08 0.10849104 0.7235705 0.000518713 1.4901871e-06 1.5913773e-07 0.61822057 0.23045535 0.38151217 8.796382e-07 0.116554685 3.6792866e-08 1.6379832e-07 0.2194305 9.07869e-09 0.19472939 1.3392054e-07 0.00077121524 6.3568097e-09 1.1143623e-07 1.9773145e-08 0.0033565415 0.023068491 4.093218e-09 5.104952e-07 5.948411e-09 1.2587606e-07 0.020776037 1.9893506e-07 3.411334e-07 7.202234e-05 0.0021133567 1.2475387e-07 0.000250534 2.536796e-07 0.0013501138 2.3556113e-07 7.2823966e-08 0.00019621891 4.3368132e-08 1.5894678e-07 7.6533615e-07 0.013787574 1.5919443e-06 1.7271682e-07 6.884057e-05 0.006413496 1.1667636e-06 6.336153e-07 1.4278971e-08 6.74646e-05 0.00070506113
0.005874644 9.65042e-07 6.5591286e-07 3.3430776e-08 8.871708e-07 4.5572297e-06 5.7613335e-08 1.4677431e-06 0.00026199984 0.00015319057 0.00027850986 2.1280341e-07 0.002741168 0.11950142 0.0030732376 0.17692232 0.23891316 4.3173134e-07 1.11918055e-07 0.95783347 0.5952658 0.97744447 0.2717458 0.011440683 0.83997434 3.0247328e-08 5.0019403e-06 1.6821708e-06 1.959315e-17 0.15130018 4.0048258e-07 0.002098528 0.0012810233 0.0045990148 0.91133153 1.8894902e-07 1.8086084e-08 0.017487533 5.922092e-07 0.002592839 0.1370122 0.67638916 0.03234665 3.2187245e-06 1.5575827e-06 0.017683506 0.08726304 0.92512983 1.7193965e-07 0.0013063233 5.2495575e-06 8.624604e-06 0.00052939256 0.0012471678 0.000111087735 8.467553e-08 6.87842e-05 2.1441758e-06 0.06268541 1.1083439e-06 3.2310757e-06 5.083426e-05 1.1840468e-05 2.853675e-06 6.3985404e-05 0.0004533605 8.9178204e-05 4.0224757e-05 8.9538125e-06 3.3652577e-06 6.6330664e-05 2.2547522e-07 1.3105971e-06 0.00018468198 2.788693e-07 7.2953053e-06 0.00034349406 1.7511773e-06 0.00605193 8.662134e-06 0.00028730358 2.3649867e-05 6.965775e-05 3.0791338e-07 0.00014489236 8.968815e-07 1.3239295e-06 2.6538177e-05 3.5285646e-07 9.481907e-08 1.1059957e-06 2.7458354e-05 6.417809e-05 1.005664e-05 1.1344171e-05 0.0003547627 1.9868413e-08 0.00013262485 3.4769884e-05 1.3694178e-05 2.2518363e-05
0.98097545 0.00033072665 8.6065234e-07 8.7084394e-05 1.6259781e-06 0.010706137 0.00012982296 0.006573184 0.0037411768 0.00051250827 0.0732598 1.6526054e-05 8.218679e-05 0.12896796 0.5524173 0.005216351 0.6528556 0.00014966646 4.9342784e-08 0.0589815 0.4988468 0.23130327 0.98730797 0.6407202 0.0020685424 1.5761556e-05 0.00020744285 2.4544666e-05 0.15130018 8.270428e-15 1.3427484e-06 0.30162692 0.1696789 0.61351377 0.00046711264 3.1505337e-05 1.6276567e-06 0.9195047 9.016918e-05 0.5494128 0.31849554 0.31120068 0.35057652 1.9763425e-05 1.3866944e-05 0.11305794 0.04313847 0.04460975 0.00013692907 0.0008169436 3.6722042e-05 0.0009705475 0.4029949 0.02449554 0.005611064 0.00057207723 0.003888233 0.00070360384 0.019484596 1.568426e-05 0.00028567194 0.0017099507 0.00011919872 0.0001411955 0.0004982718 0.0024005398 0.035080303 0.00014186214 0.0002837071 3.4378998e-05 0.017715495 2.4041528e-05 1.8309831e-05 0.00022834798 8.1231053e-07 2.9378011e-06 0.0038447394 1.1774391e-05 4.0677067e-05 0.00717625 0.009327641 1.5319042e-06 0.0062791277 3.746791e-06 0.0044053677 5.113833e-06 3.169072e-05 0.0033859916 6.8964064e-06 8.801522e-06 9.091774e-07 0.0014141335 0.00042862666 5.8270228e-08 0.0037200311 0.0019222009 6.4524866e-06 5.101806e-08 4.4640947e-05 0.0021966917 0.0022401381
