1.1933357e-18 0.00017855882 1.2182794e-07 4.409392e-06 3.613583e-05 0.0024940288 0.08833526 0.4567422 0.11836432 0.01686874 0.45268512 0.3855602 0.26484746 0.23287871 0.0075104856 0.08746215 0.19998251 0.030532513 0.44354692 0.76780885 0.022783292 0.5279481 0.011650053 0.1162331 0.78870875 0.4381444 0.39907932 0.39542544 0.7307168 0.073026925 0.6699067 0.018694984 0.00052788213 0.899485 0.050588273 0.4414883 0.038198452 0.89546645 0.8433666 0.9656263 0.9686759 0.91390526 5.1281353e-05 0.020584432 0.95645803 0.034328375 0.9118567 0.0016249033 0.95786965 0.16581559 0.2980355 0.92183757 0.30765432 0.5388177 0.91553944 0.00062115747 0.9261108 0.9765502 0.3672068 0.26307568 0.019023146 0.7008563 0.0062211254 0.88309115 0.936909 0.90294623 0.9113952 0.88068163 0.93037546 0.88191515 0.7307577 0.62651205 0.8630273 0.4466228 0.9933374 0.0052765342 0.01628413 0.85280126 0.84169173 0.9861167 0.6869602 0.688702 0.30037984 0.72189224 0.98494685 6.376562e-05 0.15083387 0.9999073 0.114743695 0.89934695 0.83476317 0.9999435 0.99854314 0.9920991 0.7132933 0.9991796 0.99970657 0.90046793 0.992375 0.00036972534 0.99963886
0.00017855882 7.87585e-22 0.738408 0.19768511 0.009064211 0.006573686 0.93673027 0.8231365 0.01479842 0.032659907 0.1515796 0.013235901 0.1403523 0.048682824 0.00079727435 0.036284626 0.009251959 1.33019985e-05 0.13904469 0.0046555167 6.570664e-06 2.4024635e-05 0.0010185719 0.018192032 0.088244386 0.09029763 0.03674487 0.027975542 0.041462336 0.0022338158 0.0043206858 4.059158e-05 7.712021e-05 4.6494315e-06 2.0783244e-05 1.5755366e-05 5.6905098e-08 0.054398578 0.03623774 9.778294e-05 0.03839662 0.0051401486 2.076583e-05 1.7466098e-05 0.0010656395 2.0497657e-08 0.019370938 3.973927e-08 4.955833e-05 8.455147e-07 3.3337062e-07 3.6440088e-05 1.2156407e-06 4.475621e-07 0.007955378 9.0071643e-07 1.6568614e-05 0.0051794383 3.717311e-06 1.8667585e-06 2.9167404e-08 1.6108565e-05 1.5094347e-08 4.91714e-05 3.103043e-06 0.0020428032 2.124021e-06 3.9613496e-06 1.4487057e-05 2.8000031e-05 3.7728318e-05 1.8909657e-06 0.0005540227 8.8348025e-07 6.6604883e-07 5.9870433e-09 1.6109454e-09 0.003330729 0.0003616677 8.4383515e-07 2.7888049e-05 4.4105127e-05 2.4816092e-07 0.0031844203 2.2171804e-05 1.031027e-08 1.336438e-07 4.099328e-07 1.3320113e-07 0.00031143264 0.0032296018 8.012891e-06 1.3086943e-05 0.0026881516 3.81567e-09 0.00020424076 1.7801858e-05 0.00014618858 2.4150856e-06 2.5734744e-08 0.00035091446
1.2182794e-07 0.738408 9.7042204e-21 0.08696912 0.00064117776 0.00025703208 0.0012186234 0.0011750773 2.3607776e-05 0.7678598 6.094878e-05 4.777307e-06 4.356373e-05 5.8545174e-06 1.0714838e-05 0.0011254764 1.5809255e-06 2.5322274e-07 2.5115132e-05 2.2062115e-06 1.9076995e-07 2.0498176e-07 4.050805e-05 9.057676e-05 1.8285634e-06 2.2485978e-05 1.6310481e-05 9.396052e-06 5.7441675e-06 1.1313509e-05 8.347861e-06 4.708746e-05 7.221079e-05 5.9469705e-09 1.7569641e-07 1.7719412e-06 8.51062e-07 1.5560632e-05 3.3921227e-05 2.5121515e-06 1.3844256e-05 7.72426e-07 2.7538419e-05 2.9615428e-06 5.166931e-07 8.0284215e-09 1.6540069e-05 3.6882376e-08 5.036978e-07 1.1782292e-08 1.0570002e-08 2.0908088e-07 2.2350802e-08 4.783771e-08 6.6208213e-06 1.2091249e-07 3.3762467e-07 1.5883843e-05 1.3993686e-08 3.2784584e-09 3.524221e-10 2.5660967e-07 2.904974e-09 1.06128e-06 3.556582e-07 6.4638715e-07 3.917583e-07 4.994966e-08 1.2035596e-06 4.1758234e-08 7.678112e-08 8.2230125e-09 7.218999e-07 7.932637e-08 1.2598265e-08 2.8151197e-09 3.0323213e-09 4.213247e-07 8.626297e-08 4.5318274e-08 4.5782718e-07 1.3435925e-06 1.2531472e-08 1.8654442e-05 6.712045e-08 3.5550034e-08 1.6304704e-06 1.9248791e-06 4.1334854e-07 1.5978488e-06 9.152156e-07 7.1274853e-06 8.618716e-08 1.3609202e-05 5.307252e-09 2.1265444e-06 8.298782e-06 4.886483e-05 2.4940868e-05 1.5888833e-08 3.1886668e-06
4.409392e-06 0.19768511 0.08696912 1.24972914e-23 0.9982702 0.10007315 0.15127362 0.0045507154 0.014342272 4.4304466e-06 0.008046447 0.0023867455 0.004568864 0.0017562072 0.0050187074 5.9692964e-05 0.0007331073 0.0006008385 0.004615985 0.0017378876 0.00022790964 0.000105279716 1.1079624e-06 1.8801988e-05 0.0022084818 0.0013390114 7.123562e-05 0.000118106655 0.00087646884 3.6464126e-06 1.3009357e-05 9.4185197e-07 6.5886793e-06 7.497121e-05 0.00017361746 1.0072548e-06 1.8149332e-07 0.0014468777 0.00065651245 2.5333736e-06 2.9002746e-05 0.0004600469 0.0012922825 1.1334967e-07 0.00037180036 4.5805623e-06 0.00044412495 3.6030785e-06 3.212432e-06 2.3266661e-08 1.4607386e-08 0.00014697686 1.4303716e-05 1.4147958e-05 0.00026866407 8.506031e-06 0.00020380162 0.00020024418 7.392674e-05 1.0272362e-09 8.141044e-07 4.5228796e-07 2.5006887e-07 3.9499837e-06 3.4926995e-08 0.00017304254 2.2771613e-07 1.3959797e-07 9.8845136e-05 0.0001054606 3.373556e-07 7.2408325e-06 5.9923957e-07 7.847588e-06 5.6168483e-06 1.1969115e-08 1.5575787e-11 0.0001602725 3.7843016e-05 9.858135e-07 2.3585922e-07 2.2436323e-07 1.100919e-08 3.796567e-05 3.235971e-07 9.292203e-11 3.3443783e-08 3.9544818e-07 1.1473257e-08 4.038814e-06 0.00088106096 0.0001314653 4.1231e-05 0.0027079822 8.314964e-12 1.8748871e-06 1.0339545e-06 4.992823e-06 1.2407514e-06 9.892343e-12 5.890672e-05
3.613583e-05 0.009064211 0.00064117776 0.9982702 9.784058e-22 0.97287637 0.13589187 0.0011805578 0.063361235 1.9512743e-06 0.014427642 0.0078007625 0.0032097327 0.0043222555 0.03711955 9.6011056e-05 0.0026704774 0.003503215 0.0028348314 0.0032225673 0.0017718417 0.00062669534 2.903213e-07 2.5241432e-05 0.0012942157 0.00095360796 2.8025943e-05 7.876541e-05 0.00064969476 4.5222996e-06 1.0885523e-05 4.1973876e-06 8.1419364e-07 0.0012209616 0.0017038521 6.840354e-07 2.3216758e-07 0.0007545012 0.00024349212 3.4387187e-07 1.7003393e-05 0.0012732828 0.011136851 1.013957e-06 0.00071273395 6.087483e-05 0.00021568831 0.0002563542 2.0156322e-05 7.861539e-07 1.0295734e-07 0.0015256046 0.00016719462 0.00020021094 0.0002595391 0.000163399 0.0006702567 7.648387e-05 0.0010525457 1.5984797e-08 7.4219724e-06 1.080364e-06 1.5659771e-06 8.4813627e-07 1.835736e-06 0.00029463897 1.4023841e-06 5.8464494e-08 9.300574e-05 0.00023745227 4.769206e-07 2.6280073e-05 1.4327233e-06 8.819419e-06 6.400453e-06 1.9617518e-07 7.4428386e-10 0.00024405753 4.897657e-05 9.968833e-07 1.1687838e-06 9.447856e-07 1.3942004e-06 1.4094428e-05 5.730836e-07 6.4328582e-09 1.2016075e-08 3.6041973e-05 6.9895174e-07 5.524699e-07 0.00030380167 9.097594e-05 6.974197e-05 0.00035662742 2.7392896e-10 1.26592e-07 1.5610223e-06 0.000107862215 1.7142668e-07 2.953184e-11 1.80863e-05
0.0024940288 0.006573686 0.00025703208 0.10007315 0.97287637 2.0411236e-16 0.59509 0.025729118 0.99750155 6.0356037e-06 0.24689424 0.13263775 0.067694366 0.05230621 0.20814194 2.7986387e-05 0.03663714 0.04725898 0.04536432 0.06187487 0.019367732 0.016181704 1.0376559e-06 1.6175545e-05 0.046706233 0.010477586 0.00019999206 0.001369668 0.013876623 1.3820213e-06 3.331005e-05 3.3263686e-06 7.056372e-07 0.015599585 0.028094862 3.0253486e-07 2.1936117e-07 0.01981366 0.0034765312 2.2395354e-06 0.00020169349 0.039393753 0.017498234 8.813281e-06 0.03009434 0.00065018877 0.0015794007 0.001172667 9.296206e-06 1.5774632e-06 3.654528e-06 0.0052222647 0.0031567628 0.0042542736 0.0012392702 0.00017100552 0.0051496504 0.00027551147 0.0005110618 1.1140776e-07 8.625361e-06 6.6282323e-06 6.390957e-06 8.2383514e-07 4.1146268e-07 0.000620624 2.4425228e-05 6.3829253e-07 0.00063779636 0.0023449976 2.9661967e-07 0.0002899493 1.0343688e-06 3.9085266e-05 6.807464e-05 1.9399826e-05 2.2110555e-08 0.00020974525 5.3209875e-05 1.4936497e-05 3.4535577e-07 5.2260975e-07 1.332658e-05 4.6779496e-06 1.2133317e-07 1.2984746e-06 1.1068825e-05 0.00035033748 1.2745001e-05 1.1740325e-07 0.00030943574 0.0002212845 7.4640615e-05 0.00043678825 2.431081e-08 7.194933e-08 1.5391677e-06 0.00013374345 9.4962525e-06 1.4131356e-09 9.182173e-06
0.08833526 0.93673027 0.0012186234 0.15127362 0.13589187 0.59509 2.0081387e-15 0.9618748 0.62139904 0.07250715 0.94533646 0.5792847 0.70247287 0.32447484 0.083070554 0.04064715 0.077784404 0.0049370728 0.42407873 0.025870796 9.508526e-05 0.0007360585 0.0005989643 0.0056634326 0.43725038 0.25881594 0.06962769 0.06843279 0.22570819 0.0003556153 0.004793604 0.0005428471 0.0006200383 0.0005873524 0.000687676 1.9140542e-05 3.3112858e-05 0.31419566 0.0766488 7.2649345e-05 0.08487254 0.0327802 0.00087571726 0.00010113148 0.03392961 2.452217e-06 0.04713852 1.816811e-06 2.8401422e-05 5.810509e-06 1.6555616e-05 0.00035592698 3.8134225e-05 4.5928646e-05 0.025817247 1.110757e-05 0.00038560195 0.0036767724 4.098617e-05 3.952457e-07 2.144905e-05 0.00013819779 2.3349406e-07 8.712386e-05 1.4124674e-07 0.0014296822 6.8321096e-06 1.9150648e-06 0.000120067074 0.0002550041 2.580266e-05 1.9398347e-05 0.0005728576 5.1128745e-07 1.6948914e-05 9.3546895e-08 3.353572e-07 0.000520121 0.00030245513 9.229692e-07 0.00012703761 0.00016353182 2.5191653e-07 0.00037698878 1.9675172e-05 2.5804811e-06 6.4079964e-06 1.3719367e-05 3.0840977e-07 0.000623784 0.00082214695 6.6400986e-05 0.0001121581 0.002718796 2.0984226e-06 0.00021175772 1.8799676e-05 2.092682e-05 2.8143042e-05 7.1271893e-07 0.0005884179
0.4567422 0.8231365 0.0011750773 0.0045507154 0.0011805578 0.025729118 0.9618748 5.0317774e-13 0.03836417 0.9896133 0.47189972 0.033231918 0.61642855 0.06322705 0.0008110508 0.6469048 0.0113831535 0.0003492325 0.59150773 0.005432218 4.364576e-06 8.1856226e-05 0.035618305 0.21690279 0.419971 0.673445 0.63952947 0.4660511 0.5079472 0.08272477 0.23441066 0.021987997 0.0033893972 0.00014042939 5.9532326e-06 0.0034268948 0.00021896733 0.48315352 0.53799325 0.026833644 0.6855237 0.0051219403 0.0001156642 0.00030820354 0.0032177414 2.736838e-06 0.2085881 1.8497238e-05 0.001407266 0.00013878314 0.000121435936 7.69155e-05 4.2764077e-06 1.0282625e-05 0.06880699 5.0261315e-06 0.00015789278 0.03090907 2.3548253e-05 1.5725793e-05 1.1528306e-06 0.00061307976 3.0656525e-07 0.001701028 2.1740598e-05 0.0012851494 0.000588171 0.000111532834 6.21167e-05 0.00024337093 0.00030191508 6.899354e-06 0.011978978 1.1712486e-06 1.8315035e-05 3.2318013e-07 5.9617236e-07 0.0010240228 0.00017314061 2.1035278e-06 0.00063919905 0.002718043 1.706528e-06 0.004256193 8.09915e-05 7.189103e-06 0.00021631291 6.228742e-05 6.1265126e-08 0.00450474 0.0018602755 0.0001583882 0.00021901264 0.002184563 5.776472e-05 0.0032672712 0.00061374693 0.0020419236 0.00036700928 4.8431025e-06 0.008297279
0.11836432 0.01479842 2.3607776e-05 0.014342272 0.063361235 0.99750155 0.62139904 0.03836417 4.7306756e-14 0.0007357398 0.6231424 0.9356277 0.33509985 0.4513852 0.5843779 0.0012581967 0.43296036 0.32515687 0.19824202 0.49328673 0.11971783 0.14225526 5.7684454e-05 0.00013035693 0.33853975 0.056277875 0.0012412722 0.013857023 0.10631705 9.457552e-06 3.0607247e-05 4.2305444e-05 2.0362239e-05 0.10932652 0.03497617 8.5409765e-06 6.9893813e-06 0.1169131 0.017571857 8.6816966e-05 0.0064556655 0.49720442 0.015931755 5.4199914e-05 0.4183602 0.000709448 0.014334689 0.00037669804 2.000196e-05 3.1698096e-07 6.2955803e-07 0.06927022 0.013445246 0.025518151 0.016201012 0.0007610965 0.052890737 0.0012929506 0.0015423475 7.2072294e-07 3.209237e-05 1.292182e-06 0.00014898278 3.3032727e-06 1.6429581e-07 0.022062263 1.4259322e-06 1.1772751e-07 0.00821064 0.0044180863 6.6576627e-07 0.002065748 1.9222844e-05 0.00010939125 0.0009918564 8.166266e-06 5.5387396e-08 0.00073502766 0.0027567167 8.726622e-05 8.172369e-07 3.4360492e-06 6.159011e-05 2.9832976e-05 3.1217332e-06 5.0968315e-06 7.9124686e-05 0.0005020608 7.5652624e-06 5.20447e-06 0.0075747245 0.0018120139 0.00637419 0.0025152753 9.2781875e-07 4.8695358e-05 3.325844e-05 0.00059383997 4.770457e-05 1.1541628e-06 0.001962451
0.01686874 0.032659907 0.7678598 4.4304466e-06 1.9512743e-06 6.0356037e-06 0.07250715 0.9896133 0.0007357398 2.2750651e-14 0.022057258 0.0042509194 0.009359442 0.001077853 3.5466462e-06 0.74551016 0.00018047266 4.2992788e-06 0.0024428759 0.006372246 1.3893184e-06 8.4819485e-06 0.6478666 0.27625373 0.0031495548 0.052075993 0.17464451 0.111385114 0.013235023 0.2033959 0.31522647 0.232438 0.38920137 8.20184e-06 3.6928894e-05 0.080507465 0.053471677 0.009462276 0.05566502 0.061460856 0.19724955 9.3768716e-07 1.9891328e-05 0.024019066 3.0116837e-07 1.0568355e-07 0.0041905623 3.385917e-05 0.03804573 0.0033617604 0.006893258 4.875314e-06 8.9678133e-07 1.7515136e-07 6.944264e-05 2.4899776e-07 2.7404387e-05 6.3242114e-05 1.6981063e-05 0.00082768884 1.7868556e-08 0.00046866195 4.0891624e-08 0.0012271439 0.0004530953 1.208666e-05 0.00039654435 7.622747e-05 1.2299628e-05 1.20812565e-05 0.00015181475 1.370297e-07 0.00019472644 8.7136435e-08 2.8879301e-06 3.0300797e-08 1.0972809e-06 5.4522816e-06 2.122306e-06 6.6978663e-07 5.5714565e-05 0.00015419812 1.3848182e-08 0.0010433041 0.00018407745 0.000120833705 0.002047031 1.9288152e-06 2.7473348e-08 6.168981e-05 3.149985e-06 5.591153e-06 1.7927026e-05 5.850337e-06 9.820184e-06 0.00090489356 0.0007702785 0.0058695143 0.0012215911 2.8357036e-07 0.0016943446
0.45268512 0.1515796 6.094878e-05 0.008046447 0.014427642 0.24689424 0.94533646 0.47189972 0.6231424 0.022057258 7.5285616e-14 0.95910126 0.9431002 0.814415 0.24184068 0.009907145 0.40692234 0.032308217 0.43280068 0.14537837 0.00024022104 0.0037177172 0.00011755357 0.0016019649 0.50429046 0.19706695 0.025963387 0.046737507 0.28815526 4.4872028e-05 0.0003943649 0.0002385984 0.00012605585 0.0019757587 0.0002188479 7.4016225e-06 3.0813284e-05 0.4520938 0.10342792 5.569522e-05 0.131964 0.17887995 0.0005921451 1.2976941e-05 0.20128706 3.4351222e-06 0.050062444 1.0099649e-05 3.8383187e-06 8.567735e-06 5.503242e-06 0.0005967484 3.5246572e-05 9.925121e-05 0.063202955 1.8930361e-05 0.0018137913 0.007185019 2.7456077e-05 2.8576548e-07 9.446808e-06 2.3890612e-05 1.3878822e-07 3.5981906e-05 2.0070961e-07 0.009027447 4.9130076e-06 6.927304e-07 0.0006215095 0.00042996276 1.1677471e-05 0.00014813965 0.0004570259 3.5149305e-06 9.202087e-05 6.549649e-08 1.3733701e-07 0.0009575001 0.0009239222 3.97037e-06 7.171241e-05 5.4275122e-05 2.2946274e-07 0.00023050161 3.4584424e-05 5.2344503e-06 5.7116054e-06 1.8330541e-06 2.610156e-07 0.00018343676 0.00052666175 0.00011859629 0.00020814533 0.00047296358 5.774456e-07 8.8504465e-05 3.172447e-05 4.8774e-05 2.3869525e-05 1.8171274e-07 0.00029203788
0.3855602 0.013235901 4.777307e-06 0.0023867455 0.0078007625 0.13263775 0.5792847 0.033231918 0.9356277 0.0042509194 0.95910126 1.4776858e-13 0.5336029 0.8359517 0.8904724 0.000869168 0.7112934 0.5237163 0.14429814 0.5118421 0.019816237 0.11597511 0.00012513119 0.0001856757 0.37861246 0.03530637 0.0016439128 0.0046627857 0.08959063 2.149129e-05 6.5898705e-05 0.00032199285 0.00020951254 0.07016591 0.01077277 1.7299544e-05 5.0691542e-05 0.15064746 0.019793501 6.422304e-05 0.006065199 0.544752 0.0038627202 9.134882e-05 0.49753025 0.00037220196 0.0071781804 0.0008555276 3.221825e-05 6.509807e-06 2.1972098e-06 0.03920887 0.004758925 0.007444424 0.015967349 0.00042997175 0.04607625 0.0017247712 0.0026781529 3.713811e-07 0.00010760628 4.334218e-06 9.418053e-05 6.209546e-06 2.4247515e-07 0.03849746 1.18849e-06 2.7758983e-07 0.0066575045 0.0045418967 5.8364167e-06 0.0039681466 9.465601e-06 0.00037601613 0.0010754012 8.927086e-07 6.083475e-08 0.00053844356 0.0013774371 0.0001225486 3.0345289e-05 1.3929305e-05 2.782011e-06 5.233454e-05 2.6058957e-05 1.4146932e-05 1.10875135e-05 5.428962e-05 2.2148832e-05 1.6171349e-05 0.0009454513 0.0012780768 0.00055876083 0.0005411168 4.6009137e-07 2.249827e-05 9.1098445e-05 0.00019986946 2.4817606e-05 1.1553494e-07 0.00028264092
0.26484746 0.1403523 4.356373e-05 0.004568864 0.0032097327 0.067694366 0.70247287 0.61642855 0.33509985 0.009359442 0.9431002 0.5336029 1.5034114e-17 0.9187097 0.00321917 0.018754309 0.3825412 0.0030906904 0.9874856 0.056170546 1.5665782e-05 0.0003133115 0.00029083245 0.004123576 0.5976803 0.26104745 0.042299837 0.048301287 0.2524972 0.0005140345 0.0015298721 0.00038041384 5.6721077e-05 6.676178e-05 5.7516532e-05 2.9261733e-05 3.1519434e-05 0.3941087 0.10310084 9.794216e-05 0.103415914 0.036967527 4.626173e-05 1.2281506e-05 0.027652435 2.6342568e-06 0.061999757 4.146784e-07 7.80892e-05 2.8962391e-05 1.2525602e-05 0.00012276338 3.1105406e-05 2.7489585e-05 0.07428578 2.1232554e-06 0.00053936534 0.011899649 4.575941e-05 8.19374e-08 3.889602e-06 0.00013666617 3.795667e-08 0.00011847555 2.0787218e-06 0.004713057 3.0254065e-05 2.5201423e-06 0.0004445436 9.151327e-05 0.00018689175 1.6374364e-05 0.0009541592 3.854183e-06 3.887119e-05 2.9600406e-08 2.0655703e-08 0.001231616 0.00077682495 8.974757e-06 0.00015086851 0.000108618035 4.290814e-07 0.0004866407 1.33913e-05 1.212159e-05 1.1648913e-06 7.944853e-07 6.6085806e-07 0.00022135963 0.00024358014 3.2353695e-05 9.4167786e-05 0.00039145938 7.5374743e-07 4.7728463e-05 1.9694791e-05 7.243578e-05 1.7673668e-05 2.71758e-07 0.00026364686
0.23287871 0.048682824 5.8545174e-06 0.0017562072 0.0043222555 0.05230621 0.32447484 0.06322705 0.4513852 0.001077853 0.814415 0.8359517 0.9187097 7.962934e-17 0.10511615 0.0019149957 0.98752147 0.11734452 0.6507287 0.60599726 0.00016933284 0.03498435 4.3890923e-05 0.0003974026 0.58354 0.10013275 0.006652386 0.00849683 0.16894644 3.1558833e-05 0.00012548396 0.00034435783 4.9115486e-05 0.004395562 0.00056140777 2.2398015e-05 4.9168066e-05 0.38849163 0.06372243 5.71303e-05 0.058540817 0.3408312 0.0001954429 1.3222041e-05 0.30310255 9.044319e-06 0.056532416 4.0312675e-06 3.1262964e-05 6.3689126e-06 6.0549282e-06 0.0028754945 0.0005093819 0.00041669406 0.09700816 1.7280137e-05 0.010906162 0.01938246 0.00010230037 1.6529096e-07 4.3517226e-05 8.767772e-05 3.2657985e-07 4.6488258e-05 7.539042e-07 0.063846916 7.07851e-06 1.122028e-06 0.0033354731 0.00065549545 8.2236096e-05 0.0005436389 0.00042017672 3.3492382e-05 0.00037406737 1.7757533e-07 2.4176249e-08 0.0055729416 0.006727507 4.3446853e-05 0.00021346149 8.9317014e-05 5.455634e-07 0.00036517702 5.167237e-05 1.2702004e-06 6.735267e-07 3.698449e-06 7.8894413e-07 0.00023807472 0.0011066209 0.00020396455 0.00055214314 0.0010447089 6.501361e-07 6.550571e-05 2.6283356e-05 5.723429e-05 2.1049998e-05 6.3848944e-08 0.00026173063
0.0075104856 0.00079727435 1.0714838e-05 0.0050187074 0.03711955 0.20814194 0.083070554 0.0008110508 0.5843779 3.5466462e-06 0.24184068 0.8904724 0.00321917 0.10511615 7.2533774e-17 1.3117494e-05 0.21293983 0.9713672 0.0005011576 0.23875445 0.9944462 0.48237613 2.3114075e-05 1.4856813e-05 0.001345067 0.00013972152 9.926944e-06 8.954863e-06 0.00023129211 1.6148595e-06 6.5140302e-06 9.575215e-06 7.788262e-06 0.07605341 0.09265117 5.0556747e-07 1.6458085e-06 0.0007127295 0.00016953984 1.0346604e-05 0.00010902079 0.046005085 0.036807973 5.5490625e-07 0.02382024 0.0013860121 0.00036514713 0.0014370941 7.520616e-05 2.127368e-06 9.521158e-07 0.014348524 0.0020366379 0.0018517898 0.00021513694 0.00010177712 0.025588436 0.00039652243 0.0020570743 4.7788372e-08 0.00012861443 1.747097e-06 0.0002618777 2.8583965e-05 3.062491e-07 0.0011060138 7.0842975e-06 7.6504e-07 0.0026825878 0.0005942745 7.832376e-07 0.00025573545 8.423638e-07 0.00013409813 0.000436615 1.8381981e-07 4.7041294e-08 1.7989074e-05 3.9709023e-05 0.00014305538 1.620855e-06 8.824336e-07 6.2409487e-07 4.792749e-06 1.1731463e-05 1.689333e-08 7.4304745e-07 3.117198e-05 1.2085641e-06 2.181854e-06 1.7559041e-05 0.00056499295 9.611045e-05 0.00014714684 6.3923885e-08 3.1840253e-05 9.746347e-06 1.9076708e-05 7.3970505e-06 3.6257386e-10 3.042321e-05
0.08746215 0.036284626 0.0011254764 5.9692964e-05 9.6011056e-05 2.7986387e-05 0.04064715 0.6469048 0.0012581967 0.74551016 0.009907145 0.000869168 0.018754309 0.0019149957 1.3117494e-05 2.210114e-17 0.00050134904 1.868742e-05 0.016929265 0.0002998877 1.4490394e-06 9.585397e-07 0.9816787 0.9844045 0.004914592 0.038129155 0.40822676 0.050512984 0.009686805 0.35848936 0.23516145 0.28501168 0.041335892 2.048056e-06 2.706052e-06 0.018499052 0.0025994868 0.012363829 0.043416347 0.009448083 0.19766276 0.00026969783 7.774475e-06 0.00023446778 7.202042e-05 1.4989542e-08 0.01599716 6.389975e-08 0.0027284638 0.00017429565 7.152704e-05 4.309609e-05 3.4048485e-06 1.0319459e-06 0.0034416297 2.9247917e-07 3.6566005e-05 0.0030747694 0.0003362105 4.949754e-05 1.4975633e-07 0.00036847158 3.5763333e-07 0.0006137391 3.3692606e-05 7.066609e-05 8.667285e-05 4.734936e-05 4.8538135e-05 4.18761e-05 0.0013245838 5.64015e-06 0.0072866837 5.229196e-06 1.3880398e-05 2.4734943e-08 6.981376e-07 5.2192096e-05 6.4171386e-06 2.2881209e-06 0.0001910614 0.00011656737 7.43181e-08 0.0003513535 5.3441563e-05 1.1173207e-07 1.4946741e-05 9.128016e-06 1.4553221e-07 5.2118383e-05 3.3327415e-06 2.8939196e-05 4.3368514e-06 6.725498e-05 6.885487e-09 3.609491e-05 7.0929e-05 7.518601e-05 2.9823817e-05 6.453464e-10 0.00012414498
0.19998251 0.009251959 1.5809255e-06 0.0007331073 0.0026704774 0.03663714 0.077784404 0.0113831535 0.43296036 0.00018047266 0.40692234 0.7112934 0.3825412 0.98752147 0.21293983 0.00050134904 3.3718583e-18 0.43744776 0.30670187 0.9647323 0.0016391632 0.34791943 2.3698476e-05 0.00011438593 0.52706164 0.023624917 0.00076316285 0.0014560712 0.04954716 1.8177707e-05 4.16409e-05 8.5943684e-05 2.1334397e-05 0.07577146 0.007846062 6.721347e-06 9.655092e-06 0.1635977 0.017213378 2.6563801e-05 0.008890372 0.5729894 0.0006962617 3.3540666e-06 0.3703106 0.00013131081 0.01808801 3.4528563e-05 2.7449648e-06 1.1113498e-06 1.4617601e-06 0.0233659 0.0031051405 0.0026815135 0.0402008 6.5911613e-06 0.06101165 0.009330602 0.00031253113 3.1719004e-08 6.238581e-05 8.794029e-06 1.9817887e-06 1.4566316e-05 6.420872e-08 0.08009011 9.32057e-07 1.2291443e-07 0.0073132226 0.0024408044 1.4549517e-05 0.0017971842 0.0001542568 0.00018681496 0.0005091359 2.2191878e-07 2.1552358e-08 0.006745013 0.011446603 9.815161e-05 7.324993e-05 5.187629e-05 7.449433e-07 0.00010152051 1.0319327e-05 4.0850486e-07 7.174733e-08 5.425807e-06 3.0628766e-07 7.995759e-05 0.001790952 0.00034012285 0.0010058037 0.00048304707 7.2079786e-07 1.875353e-05 9.114985e-06 4.7224934e-05 7.6104748e-06 1.0045156e-07 9.373688e-05
0.030532513 1.33019985e-05 2.5322274e-07 0.0006008385 0.003503215 0.04725898 0.0049370728 0.0003492325 0.32515687 4.2992788e-06 0.032308217 0.5237163 0.0030906904 0.11734452 0.9713672 1.868742e-05 0.43744776 2.848319e-17 0.0013754399 0.7580839 0.828697 0.98642904 3.236709e-05 3.331802e-05 0.007455657 0.0005179848 2.2334856e-05 9.8333934e-05 0.000396819 5.073524e-06 7.938934e-06 9.350427e-06 2.9335386e-05 0.28975502 0.11422308 4.1945063e-06 1.4902341e-06 0.0020671717 0.00039211198 9.635885e-06 0.00014456357 0.25761974 0.005237624 1.0011163e-06 0.13265325 0.003935558 0.0004000421 0.0010402153 1.9240542e-05 2.782404e-06 6.1590225e-07 0.09938297 0.037183277 0.020771347 0.0006869157 0.00015454704 0.08378081 0.0003679027 0.0045251795 1.28671935e-08 0.0005084311 1.5201206e-06 0.0003055806 2.6062262e-05 1.0179376e-07 0.0063328515 1.1479322e-06 2.883227e-08 0.0149228 0.006946971 5.428302e-06 0.0032247575 1.5745318e-05 0.00026042818 0.0009648217 4.732665e-07 4.0754664e-08 0.00027055727 0.0006549212 0.00025965247 1.5932452e-05 3.7641794e-06 2.0399743e-06 9.568916e-06 1.0584332e-05 6.6200194e-08 1.367888e-07 1.9257099e-05 2.535781e-06 2.1583222e-05 0.00016887032 0.00036721127 0.00023613886 9.9489465e-05 3.0342218e-07 7.409738e-06 5.5118503e-06 1.1853562e-05 3.31877e-06 6.3194068e-09 1.2006677e-05
0.44354692 0.13904469 2.5115132e-05 0.004615985 0.0028348314 0.04536432 0.42407873 0.59150773 0.19824202 0.0024428759 0.43280068 0.14429814 0.9874856 0.6507287 0.0005011576 0.016929265 0.30670187 0.0013754399 3.4143813e-16 0.117182024 6.709889e-06 0.00026595578 0.00011394421 0.0073260604 0.9825619 0.7437419 0.14423783 0.1859255 0.6018712 0.00059660384 0.0019045776 7.0268994e-05 1.415503e-05 2.1290636e-05 6.00901e-05 2.0742593e-05 7.914819e-06 0.5710793 0.2482045 3.6157235e-05 0.22738425 0.049502008 1.514829e-05 2.9153196e-06 0.030382873 9.561376e-07 0.12715244 4.2380958e-07 2.9279292e-05 5.286761e-06 2.3981222e-06 0.00018722838 1.8722098e-05 1.5575033e-05 0.16212165 8.13053e-07 0.0010372 0.05204937 1.1108682e-05 1.0071919e-07 9.299403e-07 0.00023010408 2.87262e-09 3.3835673e-05 2.3958453e-06 0.012079201 2.4435572e-05 2.004419e-06 0.00065634126 0.00012403811 0.000211658 5.0381117e-05 0.0028130724 1.34245465e-05 2.230029e-05 6.409102e-08 2.370511e-08 0.0060140523 0.0019371486 2.7202675e-06 0.00021220713 0.0002156186 2.8122113e-07 0.0009734684 5.1094457e-06 5.687924e-07 1.6974505e-07 3.5441323e-07 5.416855e-07 0.0003701851 0.0009225918 1.5549522e-05 7.268475e-05 0.00047513904 8.0738644e-08 2.4343184e-05 3.2312255e-05 5.881494e-05 4.6122814e-06 3.2502555e-08 0.00065183843
0.76780885 0.0046555167 2.2062115e-06 0.0017378876 0.0032225673 0.06187487 0.025870796 0.005432218 0.49328673 0.006372246 0.14537837 0.5118421 0.056170546 0.60599726 0.23875445 0.0002998877 0.9647323 0.7580839 0.117182024 2.3715133e-17 0.060775597 0.81444347 0.00019296967 0.000101187055 0.54450417 0.008375783 0.00018202227 0.0003157863 0.027640417 4.871795e-06 9.811927e-06 4.2174805e-05 5.805848e-05 0.443059 0.059672106 6.798341e-07 3.5520218e-06 0.26499662 0.01971512 4.6011482e-06 0.0026119628 0.9044802 0.0069426764 1.4040033e-06 0.70738685 0.0031545747 0.022111572 0.00067697914 1.3973017e-06 4.591444e-06 1.6904305e-06 0.27778548 0.0681858 0.033840057 0.07218539 0.00032384397 0.33958304 0.009157929 0.009360389 3.266093e-06 0.00048033101 2.0966574e-05 0.0013190719 7.1298723e-06 1.2931096e-07 0.24786879 3.7281586e-07 1.8683338e-07 0.07584371 0.04108169 2.8058757e-05 0.022993274 0.00017403155 0.0028586271 0.0050849 4.9920443e-05 9.672667e-08 0.019300887 0.057417635 0.0011494791 0.00022779663 4.9106773e-05 3.4902776e-05 0.00043879356 1.8846475e-05 1.4108601e-05 6.283542e-07 0.00060290605 0.00012611103 0.0002691829 0.012808473 0.0030867006 0.009060658 0.0015719818 2.1495616e-05 2.8967777e-05 4.821974e-05 0.00041632942 1.1864815e-05 4.8152003e-07 0.00014971002
0.022783292 6.570664e-06 1.9076995e-07 0.00022790964 0.0017718417 0.019367732 9.508526e-05 4.364576e-06 0.11971783 1.3893184e-06 0.00024022104 0.019816237 1.5665782e-05 0.00016933284 0.9944462 1.4490394e-06 0.0016391632 0.828697 6.709889e-06 0.060775597 5.3232692e-17 0.79172534 9.636698e-07 3.7578845e-06 4.6332992e-05 3.1698141e-06 6.0178525e-07 8.368765e-07 1.20699815e-05 3.1062802e-07 6.1927203e-06 1.0700838e-05 5.227329e-07 0.3297963 0.89297384 1.6970984e-06 4.540049e-07 4.7767033e-05 1.3792834e-05 1.45807835e-05 5.5000464e-06 0.03416167 0.51736766 5.4998867e-07 0.036584333 0.14164878 1.1384042e-05 0.107457414 3.3798227e-05 3.0408487e-06 4.2651072e-07 0.19896564 0.19163083 0.08288463 1.8287772e-05 0.0074588177 0.05398621 5.7043217e-06 0.050923992 2.0667368e-08 0.01489068 8.429448e-07 0.14070235 2.4002547e-06 4.2011578e-07 0.00025203824 9.4039706e-07 1.6040168e-08 0.01910538 0.019602116 1.4817538e-06 0.0152662 1.5693258e-06 0.006782823 0.0038833176 0.00020860141 1.27000765e-08 9.3435e-06 0.00014416486 0.0018193324 2.2260323e-07 8.305582e-08 2.1045664e-05 4.272144e-06 3.9359855e-07 6.594512e-08 9.2267095e-07 0.00078158674 0.00020969023 9.347163e-08 2.2249817e-05 0.003961346 0.0007213408 1.4687625e-06 1.1952278e-08 5.1009206e-08 1.6701277e-06 6.701745e-05 6.767569e-07 2.3855626e-10 4.4913922e-06
0.5279481 2.4024635e-05 2.0498176e-07 0.000105279716 0.00062669534 0.016181704 0.0007360585 8.1856226e-05 0.14225526 8.4819485e-06 0.0037177172 0.11597511 0.0003133115 0.03498435 0.48237613 9.585397e-07 0.34791943 0.98642904 0.00026595578 0.81444347 0.79172534 2.9459194e-16 3.6774554e-06 4.519704e-06 0.0055549378 0.00017349233 2.9524921e-05 8.425165e-05 0.0002877895 7.9321076e-08 1.2615759e-06 4.8099155e-06 2.1300273e-06 0.813947 0.7987007 2.3576611e-07 6.356622e-07 0.0033213338 0.0003092741 1.919186e-06 0.000110199595 0.7622085 0.040583514 3.6001225e-07 0.60943896 0.035402603 0.0003398894 0.022286862 4.166559e-06 1.4255569e-06 5.540079e-07 0.6833505 0.5538879 0.3926374 0.0019953903 0.0042415126 0.5168955 0.00050369714 0.1442032 5.567751e-08 0.022297945 1.2219644e-05 0.05308028 7.9125475e-06 7.274567e-08 0.05889937 8.345364e-07 4.835264e-07 0.22452386 0.26920605 1.3791504e-05 0.14572857 0.000103984225 0.040729485 0.06906909 0.00048224136 5.0144678e-08 0.002992543 0.018174067 0.01768118 3.822911e-05 9.1188285e-06 0.00048407682 0.00010435896 9.898111e-06 4.6865316e-06 1.00320015e-07 0.0030593984 0.0012992409 4.7921436e-05 0.005526483 0.013030287 0.013686144 0.00039499102 1.38107e-06 3.293504e-05 2.5091622e-05 0.00036225244 5.392956e-06 1.9017316e-08 8.413602e-05
0.011650053 0.0010185719 4.050805e-05 1.1079624e-06 2.903213e-07 1.0376559e-06 0.0005989643 0.035618305 5.7684454e-05 0.6478666 0.00011755357 0.00012513119 0.00029083245 4.3890923e-05 2.3114075e-05 0.9816787 2.3698476e-05 3.236709e-05 0.00011394421 0.00019296967 9.636698e-07 3.6774554e-06 9.298017e-15 0.6761739 6.758044e-05 0.00024142198 0.0095548695 0.0013599277 0.00010054929 0.40057698 0.1480779 0.84251267 0.9528341 5.9533767e-07 3.7250098e-05 0.17852649 0.13689403 0.000118607706 0.001846393 0.025238343 0.011709841 1.7339042e-06 3.96627e-05 0.016195312 8.136344e-06 4.6649293e-07 0.00053480495 1.2028785e-05 0.029286694 0.0021790739 0.0014633385 2.0722779e-05 3.869853e-05 1.5002829e-06 2.1828126e-05 7.400031e-07 2.4779389e-05 4.634104e-05 5.1697654e-05 0.00057842943 2.605048e-07 0.0023316687 8.239258e-06 0.0014556205 0.0017070269 1.5962687e-05 0.00042409607 0.00035190026 7.2655125e-06 8.420606e-06 0.004034999 4.267449e-06 0.00066304643 1.5011589e-06 1.4047954e-05 1.642601e-07 2.091529e-05 1.1973391e-05 5.9893537e-06 4.533583e-06 0.00031918037 0.00022292628 1.3574507e-08 0.00020344528 0.00019521268 5.2544135e-07 4.456667e-05 1.787655e-06 1.1281165e-07 1.7703003e-05 1.1008834e-06 3.012807e-05 0.00012375548 0.00013147459 2.2826395e-08 7.70869e-05 0.00047726434 0.00025255533 0.0005053595 1.0536287e-08 0.000560643
0.1162331 0.018192032 9.057676e-05 1.8801988e-05 2.5241432e-05 1.6175545e-05 0.0056634326 0.21690279 0.00013035693 0.27625373 0.0016019649 0.0001856757 0.004123576 0.0003974026 1.4856813e-05 0.9844045 0.00011438593 3.331802e-05 0.0073260604 0.000101187055 3.7578845e-06 4.519704e-06 0.6761739 1.817237e-14 0.00319784 0.06113039 0.72463065 0.15225945 0.0105930725 0.8953234 0.69478214 0.71141064 0.05678264 7.545933e-07 4.4214353e-06 0.1419259 0.031999618 0.014168341 0.11878462 0.05783014 0.3830572 0.00021923729 2.500771e-06 0.0005096647 3.8258622e-05 2.9182708e-08 0.031153833 6.765302e-06 0.022258531 0.002109734 0.00041836046 8.814201e-05 2.8245468e-06 6.134388e-06 0.0077545713 1.2509677e-05 1.9816878e-05 0.007897844 2.327371e-05 0.00020952334 2.0036707e-07 0.007462475 3.159848e-08 0.0056433836 0.0003073752 0.00027122686 0.00066052034 0.00033100467 6.7238434e-05 8.996828e-05 0.018015644 6.946361e-06 0.057899203 1.1415913e-06 7.9305955e-06 1.300282e-07 3.90087e-07 0.0003668616 2.1583945e-05 1.2353344e-06 0.0026488164 0.0028900283 8.0782513e-07 0.0030756798 0.00034587723 1.0674668e-06 2.508295e-06 2.4118503e-07 9.5849344e-08 0.00089323113 2.364741e-05 1.2009323e-05 2.4697078e-05 0.00020620356 2.6637494e-07 0.0010295721 0.0004340077 0.00016296434 9.125591e-05 7.1892083e-09 0.0004748808
0.78870875 0.088244386 1.8285634e-06 0.0022084818 0.0012942157 0.046706233 0.43725038 0.419971 0.33853975 0.0031495548 0.50429046 0.37861246 0.5976803 0.58354 0.001345067 0.004914592 0.52706164 0.007455657 0.9825619 0.54450417 4.6332992e-05 0.0055549378 6.758044e-05 0.00319784 4.048432e-17 0.8394328 0.07455276 0.21336885 0.96735734 5.9810176e-05 0.00018185534 2.7348122e-05 8.789502e-06 0.0006262025 0.00030144642 1.6705692e-06 1.7708413e-06 0.8186481 0.41683245 3.6524757e-06 0.23308264 0.16672944 2.8937184e-05 2.1476671e-06 0.1547127 1.3757717e-05 0.2778929 5.345563e-07 3.6642575e-06 4.176192e-07 3.4419574e-07 0.00053471775 0.00013630406 7.269939e-05 0.42209888 5.982575e-07 0.0066647367 0.11263303 9.262844e-06 9.222133e-09 6.9369366e-07 3.669106e-05 2.4725129e-08 3.2166654e-06 3.083974e-07 0.061532933 1.2856856e-06 3.257012e-07 0.0020350972 0.00032606654 7.823486e-05 0.00025426538 0.0038461972 6.791913e-05 4.3808042e-05 6.3698883e-07 7.536874e-08 0.04091632 0.016004546 9.134495e-06 0.00030298837 0.00033052044 1.14605776e-07 0.0015291196 6.1844225e-06 8.788601e-07 1.8045415e-07 9.752023e-07 9.466057e-07 0.00063665566 0.0031564164 0.00021759694 0.0003833269 0.001563665 1.4838305e-07 0.000191053 3.7199086e-05 2.2700407e-05 2.6464036e-06 1.1010219e-08 0.00079696684
0.4381444 0.09029763 2.2485978e-05 0.0013390114 0.00095360796 0.010477586 0.25881594 0.673445 0.056277875 0.052075993 0.19706695 0.03530637 0.26104745 0.10013275 0.00013972152 0.038129155 0.023624917 0.0005179848 0.7437419 0.008375783 3.1698141e-06 0.00017349233 0.00024142198 0.06113039 0.8394328 7.563615e-16 0.7842768 0.9349718 0.9641752 0.0031194466 0.02236092 0.00035392214 6.4880774e-06 5.717892e-05 3.9537394e-05 8.9394394e-05 1.7796307e-05 0.6615342 0.59550637 0.00042030195 0.4507745 0.009268381 1.001111e-05 9.372005e-06 0.003918238 8.507901e-07 0.31282127 8.0263703e-07 0.00011362704 1.9034236e-05 4.8763604e-06 0.000119783086 3.3564615e-05 1.2266781e-05 0.26547402 3.023592e-07 0.0005133065 0.10967917 1.1916662e-05 3.0338083e-07 1.2873161e-06 0.00034462474 5.2764396e-08 0.00013213689 3.6919562e-05 0.012221534 2.833295e-05 3.0869785e-05 0.00058657373 0.00012608603 0.0011698048 6.735055e-05 0.01660647 4.1737516e-05 4.616737e-05 1.1636882e-07 2.8752572e-07 0.017934818 0.003797069 1.2198745e-05 0.00082989916 0.0018589799 2.8633184e-07 0.0049084206 8.859305e-05 2.731141e-06 1.761542e-06 1.1736828e-06 1.4283997e-06 0.0017771503 0.0015379374 2.7038017e-05 8.373108e-05 0.0013840948 4.652651e-08 0.00041140194 4.497824e-05 3.9485316e-05 2.5544137e-05 4.5690416e-09 0.00071985845
0.39907932 0.03674487 1.6310481e-05 7.123562e-05 2.8025943e-05 0.00019999206 0.06962769 0.63952947 0.0012412722 0.17464451 0.025963387 0.0016439128 0.042299837 0.006652386 9.926944e-06 0.40822676 0.00076316285 2.2334856e-05 0.14423783 0.00018202227 6.0178525e-07 2.9524921e-05 0.0095548695 0.72463065 0.07455276 0.7842768 1.1269071e-14 0.9857604 0.31326887 0.4431608 0.7590482 0.027856825 6.1707346e-05 1.8339126e-06 6.8834197e-07 0.005954891 9.0158355e-05 0.28316265 0.5741832 0.009075165 0.6258771 0.0008455136 3.3441809e-06 1.12455355e-05 6.515034e-05 2.8927564e-08 0.22904234 1.2066701e-07 0.0006300491 8.1034144e-05 8.499236e-06 5.8411274e-06 1.0551803e-06 1.148657e-06 0.13167267 2.562905e-07 4.6086603e-05 0.08723719 1.8256953e-06 2.9460382e-06 9.980261e-08 0.0026304864 1.944921e-09 0.002532817 8.3023e-05 0.002418928 0.00021906862 0.00012775297 9.089486e-05 1.4348461e-05 0.013586685 4.259821e-06 0.11274179 1.992992e-06 5.6219933e-06 3.685327e-08 5.3073387e-07 0.004601801 0.0012381988 1.1958482e-06 0.006768106 0.015185992 2.1037737e-07 0.023190279 0.0010214429 3.501785e-06 2.559997e-06 2.092213e-07 7.475644e-07 0.0052425037 0.00042894357 5.1911056e-06 8.398003e-05 0.0012658718 8.649528e-08 0.0028368044 0.0005942473 0.00012459712 0.000100909616 2.6388026e-08 0.0022727489
0.39542544 0.027975542 9.396052e-06 0.000118106655 7.876541e-05 0.001369668 0.06843279 0.4660511 0.013857023 0.111385114 0.046737507 0.0046627857 0.048301287 0.00849683 8.954863e-06 0.050512984 0.0014560712 9.8333934e-05 0.1859255 0.0003157863 8.368765e-07 8.425165e-05 0.0013599277 0.15225945 0.21336885 0.9349718 0.9857604 4.6600722e-17 0.58234155 0.03078832 0.20312387 0.00083654496 5.9469116e-06 6.677524e-06 3.148778e-06 0.0005297767 2.5096933e-05 0.4936113 0.7527125 0.0021000046 0.6377686 0.0012593498 1.8048712e-06 3.599771e-06 0.00025542127 8.958013e-08 0.32367685 2.311448e-06 0.00021778546 1.5881042e-05 3.9807205e-06 1.43191255e-05 2.5869988e-06 2.9157811e-06 0.14623174 1.5554058e-07 9.69149e-05 0.08590623 4.1939907e-06 2.034899e-06 3.3441347e-07 0.0009107105 5.12935e-08 0.0007589409 7.267893e-05 0.0047393274 9.858887e-05 2.3775081e-05 0.00011209865 3.1624906e-05 0.0066119824 3.1665557e-05 0.06089063 1.5140968e-05 6.086081e-06 3.324648e-07 4.8868094e-07 0.0077686426 0.0022052482 4.1970757e-06 0.004344597 0.009197319 4.4590865e-07 0.016406957 0.00027825814 1.8382265e-05 1.633239e-06 5.5676577e-07 1.5270092e-06 0.0041043926 0.00081254303 2.1857517e-05 8.455648e-05 0.0008649719 2.3000062e-07 0.0014481803 0.00025977805 0.00013611156 0.0001051236 1.3941549e-08 0.0017015836
0.7307168 0.041462336 5.7441675e-06 0.00087646884 0.00064969476 0.013876623 0.22570819 0.5079472 0.10631705 0.013235023 0.28815526 0.08959063 0.2524972 0.16894644 0.00023129211 0.009686805 0.04954716 0.000396819 0.6018712 0.027640417 1.20699815e-05 0.0002877895 0.00010054929 0.0105930725 0.96735734 0.9641752 0.31326887 0.58234155 3.1290916e-16 0.00034948558 0.0027345049 0.0001076651 1.9798385e-05 7.472702e-05 0.00013614427 1.1329445e-05 1.3019509e-05 0.9201371 0.684567 4.928318e-05 0.43923897 0.030725181 4.3343352e-05 4.180382e-06 0.015242755 7.1286277e-06 0.43041116 1.3344201e-06 1.4733677e-05 4.937555e-06 1.2175458e-06 0.0002064511 3.4868637e-05 2.5825606e-05 0.457488 1.1882723e-06 0.001534881 0.13829206 1.0469485e-05 1.188376e-07 9.1750087e-07 0.00020417065 2.8916476e-08 3.0435338e-05 4.2295055e-06 0.026065359 7.6220304e-06 3.7764405e-06 0.0009938102 0.000294487 0.00067665 0.000114434144 0.013502414 6.173554e-05 3.0074933e-05 1.3213311e-06 6.426151e-07 0.043807942 0.010865429 8.058466e-06 0.0010811153 0.0017459644 8.131631e-07 0.005520934 3.946051e-05 0.0002493429 8.406913e-07 3.369105e-06 2.9779635e-06 0.0013807738 0.003455932 8.9103814e-05 0.00028646065 0.0019387234 1.043498e-06 0.0002743141 0.00012146048 5.1887127e-05 2.6984075e-05 4.9641745e-08 0.0013342707
0.073026925 0.0022338158 1.1313509e-05 3.6464126e-06 4.5222996e-06 1.3820213e-06 0.0003556153 0.08272477 9.457552e-06 0.2033959 4.4872028e-05 2.149129e-05 0.0005140345 3.1558833e-05 1.6148595e-06 0.35848936 1.8177707e-05 5.073524e-06 0.00059660384 4.871795e-06 3.1062802e-07 7.9321076e-08 0.40057698 0.8953234 5.9810176e-05 0.0031194466 0.4431608 0.03078832 0.00034948558 2.9247355e-15 0.9889184 0.9427146 0.14347889 7.316577e-08 1.1958703e-07 0.616826 0.1531322 0.004506018 0.037646018 0.3032441 0.24927026 0.0001400322 4.0319715e-06 0.0039142766 7.570466e-06 1.3125451e-09 0.014825442 3.679911e-08 0.14138187 0.010758018 0.0020215895 2.1202748e-06 2.972126e-07 1.7614217e-07 0.0052779485 2.0408856e-07 3.083514e-06 0.007869064 5.09916e-08 0.000110812834 2.9072817e-08 0.030320179 3.7522674e-09 0.041522436 0.0010538852 7.4168674e-05 0.0071226824 0.006292532 4.6069135e-06 1.7486429e-05 0.06506412 1.3301674e-06 0.10890676 1.2875549e-07 1.0265718e-06 5.4075944e-09 1.6305248e-06 0.00017791614 1.27188705e-05 1.7136702e-07 0.014055408 0.01542591 4.8167774e-08 0.007283235 0.0021883969 6.320094e-07 2.0079701e-06 3.456719e-08 5.609129e-08 0.0013797814 2.1961863e-05 6.0152042e-06 5.4636967e-06 9.186303e-05 4.155182e-08 0.002088358 0.0009154475 0.00015682564 0.0002733205 9.933746e-09 0.00022076658
