1.2165055e-18 0.9917257 0.9433516 0.97557443 0.7846703 0.97398925 0.83689845 0.68977076 0.98812383 0.82251644 0.9279674 0.9820915 0.78615534 0.9881973 0.9680213 0.98402053 0.4486706 0.59145176 0.8828915 0.93084466 0.849154 0.9515321 0.98182505 0.48782757 0.8588716 0.77230805 0.8818265 0.93043643 0.8752267 0.8629642 0.8311768 0.7471165 0.31355795 0.21273349 0.26572496 0.39620596 0.60814345 0.96343976 0.95802206 0.9360402 0.6352922 0.15298833 0.08663866 0.7390782 0.71081436 0.2818719 0.9042616 0.9305463 0.95293605 0.32591292 0.046724364 0.9187916 0.9302017 0.7453017 0.99603134 0.95867884 0.9756196 0.46752614 0.9427049 0.83241934 0.7950112 0.48513553 0.9596701 0.86739206 0.36897364 0.8521928 0.8522867 0.96287113 0.91387147 0.70847833 0.7561363 0.010538862 0.028252767 0.005527975 0.116156444 0.009768201 0.88466 0.013900873 0.0049391496 0.12775764 0.0007097732 0.87520146 0.058850013 0.99926615 0.006094782 0.071280085 0.004440489 0.00014834662 0.94671243 0.005541432 0.20195086 0.9997054 0.06206373 0.0003853685 0.0011353078 0.99986005 0.8879045 0.032353345 0.9866449 0.00026154198 0.49284536
0.9917257 2.6044722e-14 0.8792468 0.92323744 0.7845664 0.06780166 0.91550297 0.745259 0.7000492 0.80379325 0.31516296 0.005443084 0.38873583 0.0005988852 0.00040570024 0.5184953 0.06995799 0.04597718 0.71838444 0.0065287803 0.16025373 3.4640605e-05 0.04445776 0.24632111 0.0056762095 0.0013122368 0.03590969 0.0035867598 1.5463895e-05 0.31629205 0.0013095464 0.006287937 0.00023541621 0.010016274 0.002485272 0.20043772 5.981391e-06 0.16235407 0.3259975 0.08256738 0.037540756 0.043083243 0.0011788472 1.06464295e-05 6.1868624e-05 0.27568057 0.0019284099 0.000111470945 1.8729364e-05 9.139527e-05 0.036528055 1.468486e-05 0.000102879465 0.004420179 0.05296725 0.00026963305 7.131062e-06 1.5978816e-05 7.740624e-07 1.7090416e-07 1.1329764e-06 0.070151635 6.652347e-06 0.00012695731 0.00088431704 0.0004723325 1.1866919e-07 1.19046874e-07 0.046608932 4.3371574e-06 8.677136e-07 1.6564657e-06 0.00083483063 2.5812087e-05 0.00017076675 6.6905246e-05 0.0018099364 3.8616756e-05 3.3452896e-05 3.0572457e-06 0.00011281322 0.008577914 6.753067e-06 0.04053207 9.449236e-05 8.450302e-07 0.00028663938 1.4470522e-06 0.0036656894 4.7268236e-07 1.8216544e-07 0.0041486653 1.623242e-06 1.6855109e-06 8.714683e-06 0.01728379 9.0553144e-08 6.583139e-06 4.8750837e-05 5.0261762e-05 2.9587523e-05
0.9433516 0.8792468 5.4573704e-17 0.53038317 0.97338694 0.5760181 0.59240997 0.6784741 0.8957312 0.59690857 0.009141777 0.02115845 0.0007273221 0.0011619577 0.0013977616 0.012352074 0.00019659463 7.872238e-05 0.7279081 6.326359e-05 0.7747629 5.85125e-05 0.05892934 0.08563909 6.369733e-06 0.0051537505 0.0008244722 0.00016045786 2.9347864e-05 0.0016095482 6.5953776e-07 2.7908243e-05 0.00031106427 0.1399384 0.016887123 0.093429774 1.7589562e-05 0.003894126 0.06354062 0.0016728491 0.00037080626 0.0037987293 0.011453122 6.776624e-07 2.1774918e-05 0.60805565 0.0002703032 4.1320905e-05 7.1799455e-05 0.00018709915 0.112921365 9.680635e-07 0.00046548707 3.5816855e-05 0.025759352 0.0004910715 1.1527212e-05 5.4991368e-05 2.2080217e-06 3.7020004e-07 2.0995737e-06 0.007265305 4.0271658e-07 0.00024056288 0.029765239 0.0003320822 3.87973e-07 4.847087e-07 0.005026743 1.1213643e-05 4.0025233e-07 4.9939178e-08 0.015700012 2.8245981e-06 0.00063875417 0.00017589987 0.0006837892 1.2733423e-05 9.248962e-05 1.1748094e-06 8.915711e-05 0.00023878642 1.7390315e-06 0.0054818867 1.484636e-05 1.8039444e-07 0.0095442 1.0833265e-05 0.0007493911 3.70557e-08 8.767291e-08 0.0018908596 4.3928065e-07 2.4377046e-06 9.286942e-05 0.001368888 4.5871963e-07 3.822297e-06 5.3351205e-06 5.2099793e-05 5.543567e-05
0.97557443 0.92323744 0.53038317 3.6514018e-14 0.5887728 0.008829745 0.9331816 0.7281273 0.1339522 0.82401264 0.83012575 0.00028579973 0.821286 2.3625138e-05 1.44439055e-05 0.6722711 0.5138369 0.42581645 0.75935936 0.0693731 0.039950665 1.757555e-06 0.0031162503 0.47266078 0.04482458 3.2807235e-05 0.12489068 0.030592404 8.8408797e-07 0.7497602 0.014935215 0.036597546 1.9607196e-05 0.0031066763 0.00029011196 0.3769137 8.20135e-07 0.16019641 0.09673848 0.11915445 0.21977437 0.141995 0.00010983426 3.7639806e-05 0.00016389716 0.174331 0.004503619 0.0002829265 7.543055e-07 1.02449985e-05 0.024311097 6.697931e-05 1.1776166e-05 0.05581533 0.008455551 4.106309e-05 9.480241e-07 1.0592819e-06 1.0517479e-07 3.2312357e-08 1.46043e-07 0.30639583 2.462464e-05 2.579181e-05 0.0001353498 4.380892e-05 3.441227e-08 1.6993445e-08 0.014091277 7.518356e-07 5.708988e-07 4.1672342e-06 0.00237758 0.00013509471 1.0720378e-05 9.2358605e-06 0.00061829074 1.5396381e-05 1.0831169e-05 1.1084433e-06 0.00022054267 0.0044926503 1.1692074e-06 0.015939392 0.00020989691 2.9468322e-07 0.00049341517 5.677714e-07 0.00082845404 2.4672474e-07 1.0494915e-07 0.001490087 8.468813e-08 4.547138e-07 1.6332726e-05 0.00973871 5.01752e-08 2.9950668e-06 9.640021e-06 0.00010436115 1.1627403e-06
0.7846703 0.7845664 0.97338694 0.5887728 1.4487662e-15 0.14529265 0.84466475 0.9484468 0.37999454 0.93098396 0.014992163 0.004107999 0.0025279508 0.00033641479 0.00037632446 0.008720467 0.00039167484 0.00015324332 0.76858175 0.00013630823 0.62390697 2.5931357e-05 0.0064291456 0.25681695 2.276447e-05 0.00058108475 0.0011883875 0.00022788961 1.7492703e-05 0.011456268 5.5385917e-06 3.0983043e-05 6.862642e-05 0.043550834 0.0026636329 0.116647705 1.1640057e-05 0.0012717737 0.013885623 0.0013771639 0.0015943154 0.01149859 0.0013044659 4.1526644e-07 5.3596395e-06 0.59982854 9.78655e-05 1.8295377e-05 2.365792e-05 3.7999722e-05 0.08124509 2.224028e-06 6.520945e-05 7.787145e-05 0.003546865 8.155537e-05 1.0435214e-05 8.1143335e-05 2.2467661e-06 1.4029619e-06 1.5013478e-06 0.019496463 4.745061e-07 9.9384575e-05 0.0036791312 2.5843812e-05 9.567351e-07 3.724232e-07 0.0009917425 1.6858256e-05 1.8136294e-06 4.392647e-07 0.011255466 2.5099841e-06 0.00028418776 8.225132e-05 0.00017963814 2.572487e-05 2.2151367e-05 2.0289847e-06 0.00019682312 0.00013509304 1.8130863e-06 0.0020675356 2.9318604e-05 9.460916e-08 0.008923946 9.579334e-06 0.00014033608 7.4799196e-08 1.3190213e-07 0.00086902507 1.4114629e-07 1.4446048e-06 3.8333343e-05 0.0007784614 1.3439309e-06 3.809311e-07 1.5206874e-06 0.00010075883 3.723122e-06
0.97398925 0.06780166 0.5760181 0.008829745 0.14529265 8.79758e-15 0.003280645 0.015426881 0.9406001 0.0188089 0.00012666198 0.8796153 1.4205959e-05 0.30566123 0.2769427 0.0022698147 1.3810101e-05 2.1570847e-06 0.056567457 5.8388664e-06 0.96633524 0.027077673 0.41849092 0.00075928296 1.9396568e-07 0.89198005 0.00037952908 3.172577e-05 0.008532538 1.7343122e-05 2.1755561e-08 4.472152e-07 0.13350926 0.4681453 0.63137096 0.003558973 0.01545405 0.0024606274 0.06141306 0.001400748 1.3171735e-05 0.00032483344 0.5928734 3.2304334e-07 4.564924e-06 0.6061494 6.805971e-05 2.1214975e-05 0.0003104742 0.12519024 0.070727676 2.05945e-07 0.0018274367 8.724358e-07 0.07114154 0.0021452846 9.917703e-05 0.0042089545 1.0353651e-05 9.357165e-07 4.0159725e-06 0.00040715627 2.0620207e-07 0.0008816039 0.6304294 0.0008874882 4.6364115e-05 8.9352454e-07 0.004734654 3.3938766e-05 0.00029254187 7.3172046e-08 0.0023274343 4.327685e-07 0.04501329 0.0020430028 0.0019106157 0.00023786613 0.00026245773 1.949115e-06 6.3697115e-07 0.0004347629 4.420853e-06 0.0074896566 2.1000244e-06 8.0799236e-07 0.012718126 0.00035375194 0.0020223144 1.666432e-08 8.252493e-08 0.0037386087 5.706566e-07 1.1649918e-05 1.3250032e-06 0.0015930706 6.843224e-07 4.0475148e-05 5.4368735e-05 0.00013521395 3.4872995e-05
0.83689845 0.91550297 0.59240997 0.9331816 0.84466475 0.003280645 2.735581e-15 0.96765697 0.13690668 0.9275262 0.3120779 3.8518814e-05 0.18317038 1.9432314e-06 1.8898587e-06 0.07941391 0.037249606 0.014317065 0.68659556 0.009925221 0.1113197 2.5244873e-07 0.00045877852 0.4748865 0.0009729222 6.6647426e-06 0.01527284 0.006210239 1.8490445e-07 0.4543428 0.000151801 0.002552608 1.9797994e-06 0.0034921286 0.00011416589 0.23825079 6.820505e-07 0.010349649 0.009148039 0.007401867 0.034965195 0.058035538 3.6580233e-05 5.746603e-05 0.00010807206 0.2435346 0.00083511736 0.00029682103 2.388874e-07 2.4071019e-06 0.024316438 0.00014326809 1.3356653e-06 0.003048279 0.0009765141 3.399336e-06 1.6068287e-07 2.0102634e-06 5.399847e-08 3.0982108e-08 2.145893e-07 0.14870529 7.363744e-06 1.7402086e-05 1.2900389e-05 3.993542e-06 2.5043889e-08 2.1179082e-08 0.0016188925 1.8646837e-06 3.272157e-08 7.348397e-07 0.0098168515 0.00010164346 2.5747438e-06 1.953858e-05 3.7080114e-05 5.9168046e-06 7.5575895e-06 9.043357e-07 0.0009015204 0.00091583433 5.017068e-07 0.0018272371 0.00017765554 1.9154163e-07 0.0006873734 1.5202017e-06 3.9117782e-05 2.3479767e-07 3.3467458e-08 0.00019232664 4.1577664e-08 4.2283943e-07 0.00028779334 0.0014339311 5.1427413e-08 3.0370986e-06 3.951607e-08 2.0815576e-05 1.5788117e-06
0.68977076 0.745259 0.6784741 0.7281273 0.9484468 0.015426881 0.96765697 2.9991347e-15 0.122060694 0.9719601 0.036011215 0.00034166008 0.014390185 2.7296557e-05 3.3100576e-05 0.01524745 0.0034263814 0.0010168792 0.7484243 0.00080333557 0.24752477 2.5096635e-06 0.00083600107 0.398745 8.009938e-05 3.7022655e-05 0.002254414 0.00060894806 2.242889e-06 0.12295885 2.6790865e-05 0.00015886154 9.324175e-06 0.0090626115 0.00022880752 0.16707301 2.9294915e-06 0.0025799093 0.00810919 0.0016479854 0.006120297 0.037116602 8.172198e-05 5.632764e-06 1.8582425e-05 0.37460372 0.0003235368 0.00013562798 4.2610723e-06 3.3315753e-06 0.058942355 2.2718837e-05 1.1943807e-05 0.0004994257 0.0014844434 1.4776707e-05 2.1968224e-06 2.0078905e-05 1.0048562e-06 2.562199e-07 8.612131e-07 0.07077558 2.619796e-06 2.969463e-05 0.00012699001 7.0303277e-06 1.784064e-07 2.368363e-07 0.00072672206 1.1018345e-05 1.9653428e-06 1.310146e-06 0.010499282 2.3240373e-05 4.8416776e-05 7.059247e-05 6.740826e-05 2.5368976e-05 2.0097184e-05 1.5447586e-06 0.0003325985 0.00030443456 1.4808298e-06 0.0012524186 3.491596e-05 8.331603e-08 0.0040828637 1.047858e-06 5.0521707e-05 1.34189e-07 1.1909071e-07 0.00039565703 1.2604929e-07 7.998282e-07 5.0789145e-05 0.0005740151 3.7976895e-07 1.0726898e-06 1.1539784e-07 0.000121055615 3.2052662e-07
0.98812383 0.7000492 0.8957312 0.1339522 0.37999454 0.9406001 0.13690668 0.122060694 6.913451e-13 0.13202623 0.004612882 0.70340014 0.0012799901 0.20627353 0.08889272 0.20789713 0.0005321858 0.00030502537 0.049662266 0.0003316638 0.32670158 0.011337954 0.8078689 0.0020763543 8.056656e-05 0.052159373 0.004972249 0.0003558226 0.0032099914 0.00047254897 1.2329457e-05 2.6021728e-05 0.0033648873 0.03680389 0.022743262 0.0025991236 0.0005500784 0.042118877 0.8625935 0.003264622 7.6978096e-05 0.0003642701 0.009525954 1.5230357e-06 7.3773595e-06 0.06328685 0.0001384553 3.6826485e-05 0.008542574 0.00079471385 0.0042389873 8.610649e-06 0.017688923 1.7073182e-05 0.4523827 0.01050702 0.0006033745 0.00039339653 0.00039150176 8.577533e-05 1.54695e-05 0.00077608967 3.2000512e-06 0.0025947685 0.009723583 0.007444498 2.5008128e-05 2.4284358e-05 0.1869499 0.00010674241 5.2077638e-05 8.759669e-08 0.00012507499 9.850663e-07 0.0011690242 0.00050860154 0.0129391765 0.00012102585 0.00027723072 1.1961772e-05 1.2479481e-05 0.006800262 2.4914385e-05 0.1093695 1.3257154e-05 1.8127866e-05 0.0019631034 3.4284014e-05 0.020419754 5.5808073e-08 9.181277e-07 0.031815767 3.959046e-06 1.15820885e-05 3.1893072e-05 0.01858665 4.910286e-06 0.00013346238 0.0003483902 6.5714696e-05 0.001340918
0.82251644 0.80379325 0.59690857 0.82401264 0.93098396 0.0188089 0.9275262 0.9719601 0.13202623 1.199365e-13 0.09291183 0.00056523253 0.010936559 8.090233e-05 0.00010554361 0.03884261 0.0020540066 0.0004439498 0.9440417 0.0011930404 0.34897777 3.7588056e-06 0.0012053607 0.6970408 7.549676e-05 6.7261404e-05 0.0033518106 0.0011093634 2.3782256e-06 0.32601094 1.3438239e-05 0.00010090894 2.7662447e-05 0.011113949 0.00039495542 0.32352427 7.0386327e-06 0.0032565324 0.0056304927 0.002101063 0.010209682 0.10425012 0.00019473108 1.7247118e-06 2.209847e-05 0.48372468 0.00028698047 0.0001295747 1.6635626e-06 1.694124e-05 0.07853406 1.2460715e-05 7.577501e-06 0.000553373 0.0012655616 1.5089017e-05 1.7263541e-06 1.6422471e-05 1.0712524e-06 4.3468654e-07 7.467215e-07 0.13167062 2.166374e-06 2.903047e-05 0.00025672608 6.7121096e-06 1.565212e-07 4.016143e-07 0.0007773967 1.121818e-05 1.8821265e-06 3.0270817e-06 0.027185038 2.2876879e-05 1.3979396e-05 5.3517866e-05 0.00010391949 5.807221e-05 1.9333705e-05 3.29474e-06 0.0013311236 0.00031135572 2.9882394e-06 0.0016335873 0.0002033545 9.772709e-07 0.0055795726 3.989812e-06 8.0099e-05 2.0382228e-07 4.105678e-07 0.0009597349 5.4964545e-08 3.189993e-06 0.0006266726 0.00081378384 9.59383e-07 1.6318307e-05 1.0526595e-06 8.993551e-05 1.5648724e-06
0.9279674 0.31516296 0.009141777 0.83012575 0.014992163 0.00012666198 0.3120779 0.036011215 0.004612882 0.09291183 2.6054427e-13 1.8063065e-05 0.96689385 1.5614838e-06 1.3475038e-06 0.9684109 0.6762007 0.61849856 0.09455197 0.7563698 0.00032929936 1.7567598e-07 0.00010291607 0.06483472 0.61684597 2.949773e-07 0.56831056 0.24468327 1.111363e-07 0.4953708 0.23408338 0.25723 1.8638145e-06 4.868616e-05 2.0631835e-05 0.041689668 1.7708625e-07 0.4421197 0.0478859 0.3418512 0.12770748 0.014131419 1.1336103e-05 0.00022519083 0.00037291666 0.0025716187 0.01621797 0.0005344238 6.4254095e-07 3.5946525e-06 0.00018279394 0.0012318717 5.0257286e-06 0.10914221 0.0015494218 1.9181163e-05 7.863669e-07 1.4867378e-06 1.9520215e-07 4.977894e-08 2.1939506e-07 0.083363004 0.0003714164 5.8759633e-06 0.000110969675 1.663373e-05 2.2437115e-07 2.1028058e-08 0.012736921 6.4177965e-07 3.350938e-07 2.9837302e-05 1.2621217e-05 0.0009798957 1.5524428e-06 5.1561187e-06 0.00014024203 7.0905435e-06 1.1174849e-05 1.4237838e-06 8.599157e-05 0.0047555747 1.6248946e-06 0.013580123 0.00026116442 4.7109603e-07 1.7879034e-05 1.6454633e-06 0.0003084664 2.3845962e-06 1.5121956e-06 0.0006009778 1.3882106e-07 5.558411e-07 1.5740963e-05 0.012239858 2.018937e-07 3.3711556e-06 2.6639514e-06 6.14283e-06 2.8973009e-06
0.9820915 0.005443084 0.02115845 0.00028579973 0.004107999 0.8796153 3.8518814e-05 0.00034166008 0.70340014 0.00056523253 1.8063065e-05 7.093341e-14 2.6423108e-06 0.77371633 0.7640439 0.00025393243 4.739148e-06 6.073015e-07 0.0028988393 2.0733542e-06 0.5507006 0.26636034 0.8117459 5.9695863e-05 5.3858784e-08 0.9759744 5.9320402e-05 4.462173e-06 0.14121197 1.6741192e-06 1.2151527e-08 3.2490425e-07 0.6012814 0.22948463 0.60767335 0.0003100774 0.42011413 0.00036108028 0.049920972 0.00022470792 5.8846663e-06 0.000112877584 0.631217 2.8189737e-08 3.8384042e-07 0.12771241 6.1293063e-06 9.779828e-06 0.0007498133 0.54235 0.0027071198 2.0366376e-07 0.0023691372 1.9501383e-07 0.11788232 0.0031695198 0.0075508044 0.0948895 8.9486435e-05 3.558194e-05 5.7952988e-05 7.843319e-05 9.4496767e-07 0.0026555392 0.64551413 0.0025315564 0.0032863037 5.187023e-06 0.0056381654 0.00021164263 0.007823452 3.884708e-08 8.48135e-06 1.2697649e-07 0.23754184 0.0085312445 0.0046968185 0.002388494 0.0013025125 1.8609204e-05 1.5108297e-07 0.00034968008 3.4700024e-05 0.008696124 1.3095639e-06 1.3895392e-05 0.0007824564 0.00022952283 0.003002361 1.9057984e-08 9.903808e-07 0.00736094 5.4102284e-06 4.2743755e-05 6.724209e-07 0.0012839285 2.0376428e-06 0.0013323601 7.471205e-05 8.239703e-05 0.00013424283
0.78615534 0.38873583 0.0007273221 0.821286 0.0025279508 1.4205959e-05 0.18317038 0.014390185 0.0012799901 0.010936559 0.96689385 2.6423108e-06 2.7036589e-15 3.1760553e-07 2.1922023e-07 0.42831323 0.95590687 0.9231893 0.022592505 0.76590693 6.250252e-05 4.633752e-08 3.9566552e-05 0.0991095 0.40751562 1.6170308e-06 0.34455332 0.44719216 2.4726154e-07 0.7270524 0.033675496 0.43882897 8.9818246e-07 8.3659084e-05 1.9353e-05 0.04749207 4.5859406e-07 0.084511265 0.00785305 0.10755741 0.2507989 0.02312681 4.641218e-06 0.0011369104 0.0024233602 0.0037972825 0.010079604 0.0020519674 3.9895852e-07 1.0278718e-06 0.00045033093 0.0030981698 1.0505224e-06 0.2540204 0.00027907858 4.1886583e-06 1.10745894e-07 4.7662186e-07 7.2306605e-08 3.719385e-08 1.1357183e-07 0.2707408 0.00036776697 1.6511111e-06 1.6344325e-06 3.7951024e-06 4.27489e-08 5.381514e-08 0.0022184823 9.1225803e-07 3.6965042e-09 0.0004220762 0.0010387447 0.009978408 1.2308562e-06 5.535798e-06 1.6902895e-05 9.566193e-07 4.7839085e-06 2.7763193e-07 0.0023892936 0.0018012243 3.2130094e-07 0.002839856 0.002377226 1.264454e-07 5.054246e-06 1.6886146e-06 2.0963136e-05 1.008678e-05 4.511646e-08 8.685134e-05 1.0752092e-08 1.5395852e-07 0.00042980778 0.0027820882 9.4817324e-07 2.2006121e-07 3.569925e-08 4.478631e-05 9.363235e-07
0.9881973 0.0005988852 0.0011619577 2.3625138e-05 0.00033641479 0.30566123 1.9432314e-06 2.7296557e-05 0.20627353 8.090233e-05 1.5614838e-06 0.77371633 3.1760553e-07 1.3226804e-13 0.9714291 0.0001499199 1.0645409e-06 1.8809914e-07 8.757109e-05 1.0743995e-06 0.014320123 0.84782475 0.9127465 6.5127942e-06 3.2004632e-08 0.5552025 2.9245495e-05 2.8968643e-06 0.70996964 9.484115e-08 2.7417166e-09 2.0054676e-07 0.46534154 0.011208379 0.10474669 7.127163e-05 0.4575606 0.00035462237 0.08387038 0.000105048945 1.4257105e-06 1.5888327e-05 0.12904404 6.4397943e-07 3.610381e-06 0.0055428455 5.1403595e-06 1.03820985e-05 0.041818906 0.3641971 5.493863e-05 4.140155e-06 0.05964255 1.1702576e-07 0.266926 0.040268477 0.17929052 0.12744507 0.0005740022 0.00029045358 0.0016068832 3.1013373e-05 2.749803e-07 0.007455234 0.11836562 0.009514347 0.04348667 3.5744546e-05 0.020733433 0.0060010958 0.027230676 7.458607e-08 5.4805605e-07 4.1009707e-07 0.26486692 0.030534085 0.018802779 0.0088457 0.007302639 8.395424e-05 5.339829e-06 0.0010554628 0.00065699534 0.020730665 5.2001783e-06 0.0002216448 0.0001464526 1.4665085e-05 0.015168783 9.434751e-08 9.988237e-07 0.021892333 2.6672347e-05 3.2555527e-05 9.651235e-06 0.0017820892 5.693045e-06 0.004792896 0.0003090783 8.788911e-05 0.0020337924
0.9680213 0.00040570024 0.0013977616 1.44439055e-05 0.00037632446 0.2769427 1.8898587e-06 3.3100576e-05 0.08889272 0.00010554361 1.3475038e-06 0.7640439 2.1922023e-07 0.9714291 3.400094e-14 5.612145e-05 6.8792514e-07 1.6385691e-07 0.00016766934 2.1921667e-07 0.025109319 0.9433086 0.6823836 2.2784627e-05 2.7547596e-08 0.696467 1.3763977e-05 5.9997785e-07 0.900027 1.7961919e-07 1.8612094e-09 9.311609e-08 0.62171537 0.0109318355 0.14482544 0.00014489802 0.69795024 8.1522245e-05 0.03277109 8.647958e-05 2.262596e-06 4.8137175e-05 0.16173996 2.1953896e-08 2.8201583e-07 0.0076163826 7.767157e-07 3.1128507e-06 0.028187443 0.49752215 5.250191e-05 4.2687412e-07 0.030459508 7.331146e-08 0.14166935 0.028614318 0.29157105 0.24943203 0.0006599644 0.00025248068 0.0036168378 1.1002458e-05 9.766062e-08 0.008063486 0.15896958 0.0065660602 0.04901024 5.5245993e-05 0.006428799 0.013264718 0.07804222 5.6934407e-08 2.2958422e-07 3.6005244e-07 0.3072583 0.029949944 0.0110100545 0.011007403 0.005802098 0.00014470442 5.9635437e-07 0.00017947837 0.0005712886 0.0089454865 3.6811048e-06 0.00019473815 7.367408e-05 9.729213e-06 0.008807199 9.038023e-08 1.8596173e-06 0.013982303 2.3478851e-05 1.8704786e-05 2.9016617e-06 0.0006859184 8.743228e-06 0.0060699787 0.0002629588 0.00012862877 0.00083789113
0.98402053 0.5184953 0.012352074 0.6722711 0.008720467 0.0022698147 0.07941391 0.01524745 0.20789713 0.03884261 0.9684109 0.00025393243 0.42831323 0.0001499199 5.612145e-05 4.8129788e-14 0.1086455 0.09545296 0.02503078 0.65282273 0.0009395232 3.0690856e-06 0.02228446 0.0122483 0.09448177 1.4665699e-05 0.8738154 0.25998655 1.3636829e-06 0.061676815 0.03205419 0.03099619 8.928572e-06 3.642883e-05 0.00014786074 0.006585259 5.627824e-06 0.85962987 0.7277473 0.55539155 0.010573508 0.0032563652 0.00012298473 0.000671903 0.0011131162 0.0014076023 0.014245616 0.0014624695 8.583343e-05 4.9980135e-05 0.00028801934 0.0025396997 0.00021499502 0.0062806397 0.030919384 0.0005223315 7.709142e-06 3.037865e-05 3.9899564e-06 9.878217e-07 1.8905529e-06 0.007153042 0.00015642428 0.00017456865 0.00059025525 0.0009859669 5.6163213e-07 3.5120604e-07 0.18982328 1.0162161e-05 3.5059352e-06 9.107382e-06 3.4991695e-05 9.0446854e-05 1.7349457e-05 1.253509e-05 0.003620682 7.5640146e-06 1.07307405e-05 2.5332095e-06 0.0001721189 0.025840474 9.167973e-06 0.1033275 0.00033777414 1.8814777e-07 0.00022142066 2.1428215e-05 0.005185258 5.809727e-06 2.6935095e-07 0.006143387 1.0598154e-06 4.5931847e-07 5.6056942e-05 0.070266135 1.3686481e-06 1.1546951e-05 7.504739e-05 1.6096234e-05 0.00016952431
0.4486706 0.06995799 0.00019659463 0.5138369 0.00039167484 1.3810101e-05 0.037249606 0.0034263814 0.0005321858 0.0020540066 0.6762007 4.739148e-06 0.95590687 1.0645409e-06 6.8792514e-07 0.1086455 2.2819694e-15 0.9964273 0.0021593685 0.56871814 1.6529868e-05 6.121443e-08 1.5981956e-05 0.07742224 0.4525632 1.2570986e-06 0.1666396 0.38327372 1.3757743e-07 0.78172433 0.030370714 0.2523105 5.7466247e-07 2.4598234e-05 7.1239724e-06 0.029180897 2.1013614e-07 0.038492844 0.002267832 0.036066286 0.2810073 0.019580014 4.880247e-07 0.0009094537 0.0014483336 0.00093793235 0.0046059736 0.0023259078 4.6748517e-07 7.7124395e-07 8.8178414e-05 0.0018927727 1.5144801e-06 0.37188762 0.000106714324 2.6092764e-06 2.0192934e-07 5.3129855e-07 1.6058361e-07 1.003805e-07 4.8087458e-08 0.25325674 0.00030887086 5.0443714e-07 1.6075553e-07 1.3069688e-06 1.2755378e-08 9.3948856e-08 0.00043252474 4.8595103e-07 5.5477898e-08 0.0010934806 0.0002680611 0.028768526 1.4302414e-06 2.7012795e-06 1.0083202e-05 6.8767923e-07 8.180057e-07 3.1040977e-07 0.005860247 0.00055612373 8.995235e-08 0.0009093184 0.0033566235 6.1789422e-09 4.268449e-05 1.0046171e-07 1.9382778e-05 6.3726434e-06 1.1090888e-07 0.0001927642 2.456554e-08 1.342667e-07 0.00019629096 0.0011890603 3.5611095e-07 3.44168e-08 7.784401e-08 6.5248305e-06 3.6141165e-07
0.59145176 0.04597718 7.872238e-05 0.42581645 0.00015324332 2.1570847e-06 0.014317065 0.0010168792 0.00030502537 0.0004439498 0.61849856 6.073015e-07 0.9231893 1.8809914e-07 1.6385691e-07 0.09545296 0.9964273 2.2473957e-16 0.0011622792 0.6302836 1.1233766e-05 2.2843814e-08 4.2813576e-06 0.028395485 0.8134521 4.924249e-07 0.16967653 0.40356344 4.2072585e-08 0.7673837 0.08636225 0.6005552 9.786666e-08 1.4897105e-05 2.3832959e-06 0.01760962 1.1457354e-07 0.027727501 0.0017140782 0.034016587 0.26026878 0.011384781 2.6702045e-07 0.0034522675 0.0032750654 0.0004932152 0.0050690556 0.0033773372 2.2944874e-07 2.0626798e-07 5.781123e-05 0.019270184 4.80602e-07 0.36061156 7.814791e-05 9.4605514e-07 4.7320533e-08 4.1733372e-07 4.0194898e-08 1.1347983e-08 5.0024028e-08 0.15286359 0.00039846025 9.059719e-08 6.505388e-08 6.9194675e-07 2.058007e-09 1.2566873e-08 0.0003466253 4.5548765e-07 1.7916026e-08 0.002556217 5.8295052e-05 0.057699386 1.2465142e-06 1.7747756e-06 4.1061858e-06 2.778878e-07 3.3804062e-07 1.1672316e-07 0.004278238 0.0010190421 4.8303754e-08 0.000618778 0.0036590917 8.9955526e-10 5.672259e-05 6.4158814e-07 4.668154e-06 2.1981394e-05 9.300724e-09 3.260431e-05 8.2223695e-09 1.0338791e-07 9.303919e-05 0.0011710018 1.8398539e-07 1.3379893e-08 1.2154935e-08 3.2061791e-06 5.3876352e-08
0.8828915 0.71838444 0.7279081 0.75935936 0.76858175 0.056567457 0.68659556 0.7484243 0.049662266 0.9440417 0.09455197 0.0028988393 0.022592505 8.757109e-05 0.00016766934 0.02503078 0.0021593685 0.0011622792 2.5802985e-14 0.003685756 0.29814282 2.975454e-06 0.0030375866 0.99218434 1.7203496e-05 9.767688e-05 0.0015251122 0.0021060626 9.2412563e-07 0.16647473 9.367254e-07 3.757288e-05 3.931231e-06 0.011468244 0.00015510723 0.44053346 3.6011733e-07 0.00079765386 0.0052048126 0.0009553357 0.014983764 0.10555187 6.9534704e-05 3.3674425e-07 3.8574794e-07 0.49475676 1.9675228e-05 2.4932924e-05 2.5005397e-06 1.8970276e-06 0.08922404 4.715828e-07 5.4663024e-06 0.0004354629 0.0016684445 7.571924e-06 1.2892652e-07 6.573124e-07 2.5765357e-07 1.6961769e-07 6.249659e-08 0.15585348 4.496374e-07 4.1534406e-07 0.0004816048 8.060313e-07 8.062412e-09 3.784253e-08 0.001012147 5.4450356e-07 2.3554755e-08 4.5265146e-08 0.07455691 6.2864126e-07 7.422001e-06 9.565572e-07 4.5217537e-05 4.7747994e-07 1.3920903e-06 3.2570185e-07 0.0012373949 0.00016483641 1.7220698e-07 0.001226969 6.301155e-05 4.9502848e-08 0.008343674 4.609379e-06 7.104592e-05 3.1757006e-09 1.4890237e-08 0.000427278 4.042474e-10 1.1588242e-07 0.00060228363 0.0005531152 2.934235e-07 3.086253e-06 4.551222e-08 3.170263e-05 9.944421e-07
0.93084466 0.0065287803 6.326359e-05 0.0693731 0.00013630823 5.8388664e-06 0.009925221 0.00080333557 0.0003316638 0.0011930404 0.7563698 2.0733542e-06 0.76590693 1.0743995e-06 2.1921667e-07 0.65282273 0.56871814 0.6302836 0.003685756 5.0490794e-14 1.2331691e-05 5.159513e-08 2.5016525e-05 0.007167471 0.91152954 1.076907e-07 0.88250554 0.97605866 7.052191e-08 0.27685514 0.7240852 0.55827004 6.137949e-07 8.972352e-06 1.1112221e-05 0.0029747833 1.8274591e-07 0.43159142 0.016695587 0.53692114 0.11981575 0.0037782423 2.2772256e-06 0.021670537 0.015485525 0.00011568042 0.109155454 0.0059166355 2.2922282e-07 1.2776477e-06 6.9735283e-06 0.047241043 5.7978633e-07 0.3514003 0.00035417167 4.390212e-06 3.0031367e-07 8.4623105e-07 8.5385565e-08 3.6976765e-08 2.1002555e-07 0.020433394 0.046384867 8.619756e-07 9.429763e-05 9.042473e-06 2.4492183e-08 5.473926e-09 0.010068368 4.9923347e-07 2.749542e-08 0.002189545 5.5934565e-06 0.0058249068 2.9077853e-07 3.5304315e-06 7.832444e-05 2.2934996e-06 3.5678283e-06 4.7641467e-07 0.00021364602 0.012062549 7.930168e-07 0.008160415 0.0005556641 4.822431e-08 2.621248e-06 1.1999254e-06 0.0001424247 0.00014707193 7.743164e-07 0.00019098815 8.252273e-08 5.28377e-07 2.7242128e-05 0.016890569 1.7476661e-07 2.216894e-06 1.9425245e-07 5.1630695e-07 3.507535e-07
0.849154 0.16025373 0.7747629 0.039950665 0.62390697 0.96633524 0.1113197 0.24752477 0.32670158 0.34897777 0.00032929936 0.5507006 6.250252e-05 0.014320123 0.025109319 0.0009395232 1.6529868e-05 1.1233766e-05 0.29814282 1.2331691e-05 1.2509553e-15 0.0016242162 0.018625544 0.033040203 1.6729972e-06 0.3661837 3.033522e-05 4.2716572e-05 0.00034890228 2.5874293e-05 1.0667752e-07 1.1244801e-06 0.0048468825 0.99388343 0.34219953 0.021329727 0.00010293294 8.13233e-05 0.010879355 0.00014646852 3.062909e-05 0.000914366 0.17785543 2.739524e-07 1.0869283e-06 0.7666777 1.9917322e-06 1.6787357e-05 3.8044578e-05 0.0010162209 0.23925222 7.4793957e-07 0.00010505265 1.1343992e-06 0.0055364557 0.00016350484 1.360047e-05 6.987819e-05 4.3434907e-06 2.5848879e-06 1.4411675e-06 0.0003406474 1.735457e-07 2.1270484e-05 0.071809344 3.2495413e-05 1.3442732e-06 1.067258e-06 0.00093808264 1.0509248e-05 1.329957e-06 7.2151853e-09 0.028345237 6.740192e-08 0.0006706253 2.7772807e-05 0.00018212922 9.2840645e-07 2.2443762e-06 5.0518236e-07 3.590906e-07 6.721401e-05 1.5009591e-07 0.00073719054 2.414847e-07 1.2122977e-07 0.045947164 0.00022631466 0.00019923307 6.1943775e-09 1.5553405e-07 0.0004009628 1.5554258e-08 7.989648e-06 1.3053413e-05 0.00017229265 1.1772274e-06 1.5501171e-06 5.403878e-07 0.00037738518 4.750624e-06
0.9515321 3.4640605e-05 5.85125e-05 1.757555e-06 2.5931357e-05 0.027077673 2.5244873e-07 2.5096635e-06 0.011337954 3.7588056e-06 1.7567598e-07 0.26636034 4.633752e-08 0.84782475 0.9433086 3.0690856e-06 6.121443e-08 2.2843814e-08 2.975454e-06 5.159513e-08 0.0016242162 5.867859e-14 0.3751415 9.427632e-07 3.663878e-09 0.34552044 5.829227e-07 2.78266e-07 0.98431575 2.2164517e-08 9.523187e-10 1.6335768e-08 0.46974176 0.0011859612 0.024934307 1.0733831e-05 0.75742835 5.357866e-06 0.0121258525 6.8225772e-06 2.49805e-07 4.467265e-06 0.02373742 1.6575179e-08 9.894042e-08 0.00059920107 9.3124264e-08 3.1701406e-06 0.04992857 0.32206866 7.666355e-06 2.6899028e-07 0.043859232 2.1349384e-08 0.089145295 0.042110234 0.6094262 0.2981919 0.003121558 0.0017499326 0.010078556 9.5407e-07 2.9263976e-08 0.010477021 0.04208409 0.0075400495 0.151553 0.00018910307 0.003981209 0.029937245 0.2520715 1.2326935e-08 3.5354347e-08 1.799991e-08 0.33564797 0.058447517 0.010396412 0.025609117 0.011645981 0.00029878636 4.723973e-08 4.9852366e-05 0.0024924737 0.0056774383 4.4305037e-07 0.0003285998 1.7103217e-05 1.9514166e-05 0.0073173624 2.563109e-08 3.3236004e-06 0.013056863 5.149581e-05 8.79462e-05 4.2161932e-07 0.00023694828 1.5441658e-05 0.024672484 0.000354691 3.237413e-05 0.0016479556
0.98182505 0.04445776 0.05892934 0.0031162503 0.0064291456 0.41849092 0.00045877852 0.00083600107 0.8078689 0.0012053607 0.00010291607 0.8117459 3.9566552e-05 0.9127465 0.6823836 0.02228446 1.5981956e-05 4.2813576e-06 0.0030375866 2.5016525e-05 0.018625544 0.3751415 1.5631374e-12 2.4977951e-05 2.6431206e-07 0.09399082 0.0006219031 6.4006155e-05 0.09857754 1.3174192e-06 2.3457476e-07 6.307678e-07 0.018878289 0.0027012024 0.009209076 0.0001382405 0.01678042 0.024252284 0.6148613 0.00078205316 2.2477714e-06 7.294874e-06 0.0048886742 1.0999316e-06 8.700325e-06 0.003056399 7.387638e-06 2.4565974e-05 0.5383258 0.01197615 1.3757954e-05 7.181531e-06 0.6031982 9.1127026e-07 0.9167182 0.53738177 0.21267115 0.009015931 0.04421284 0.008977095 0.0060141725 2.1394197e-05 2.3259186e-06 0.084241316 0.006922448 0.077728264 0.0134650385 0.0022958643 0.10596241 0.0055324393 0.004808971 2.6201556e-08 7.70938e-07 2.117465e-07 0.007937126 0.0017510547 0.023718935 0.0010988503 0.0005709857 8.741456e-05 8.8087425e-08 0.0018434308 0.00040398331 0.03861366 8.028885e-08 9.2464055e-05 0.000439768 3.0125342e-05 0.021277199 3.5906716e-08 4.2081133e-06 0.043725967 3.0730087e-05 9.103301e-06 1.1921372e-06 0.0038268347 2.7606997e-05 0.0006524298 0.0013353177 4.2958014e-05 0.004123421
0.48782757 0.24632111 0.08563909 0.47266078 0.25681695 0.00075928296 0.4748865 0.398745 0.0020763543 0.6970408 0.06483472 5.9695863e-05 0.0991095 6.5127942e-06 2.2784627e-05 0.0122483 0.07742224 0.028395485 0.99218434 0.007167471 0.033040203 9.427632e-07 2.4977951e-05 7.2530174e-17 0.0009454198 4.4983112e-06 0.0019780267 0.0024971892 2.3151556e-07 0.90332794 0.000104108556 0.0031195832 7.0672553e-07 0.00089987204 3.4386572e-05 0.97012836 2.513631e-07 0.0005243456 0.0010540943 0.00072731456 0.3000084 0.6964109 6.897571e-06 5.5414653e-06 4.7335516e-06 0.28233695 5.5433822e-05 8.786648e-05 5.3384565e-07 9.566484e-07 0.081216425 5.3443146e-05 7.7336585e-07 0.014075944 8.301651e-05 6.1649047e-07 9.505539e-08 3.0666442e-07 2.588367e-07 7.444693e-08 1.0221166e-07 0.4152548 1.277158e-06 1.6751135e-07 3.6530975e-07 9.452547e-08 1.4164797e-08 2.554724e-08 0.00016255131 8.5877554e-07 7.406891e-08 3.6879674e-06 0.07090439 0.00019685148 4.3357574e-07 3.0907859e-06 5.7774773e-06 1.4886758e-06 1.0344467e-06 1.2381207e-07 0.0099159265 7.603369e-05 6.714146e-08 0.0003820258 0.0006960894 6.713386e-09 0.0038717615 5.5956735e-07 6.172644e-06 1.4493553e-07 1.7344153e-08 0.00013353571 7.490048e-10 4.0893028e-08 0.005504087 0.00019243029 5.699881e-07 1.1624558e-07 1.1332367e-08 0.00072848005 8.335747e-09
0.8588716 0.0056762095 6.369733e-06 0.04482458 2.276447e-05 1.9396568e-07 0.0009729222 8.009938e-05 8.056656e-05 7.549676e-05 0.61684597 5.3858784e-08 0.40751562 3.2004632e-08 2.7547596e-08 0.09448177 0.4525632 0.8134521 1.7203496e-05 0.91152954 1.6729972e-06 3.663878e-09 2.6431206e-07 0.0009454198 2.1309524e-15 1.18318084e-07 0.43464395 0.8029739 1.720091e-08 0.24892491 0.97862107 0.95525604 5.05831e-08 3.7394213e-07 1.1272793e-06 0.00078501966 5.4073293e-08 0.06578345 0.0011728393 0.13398363 0.11825652 0.001240092 5.6292997e-08 0.10207028 0.098638 2.0097796e-05 0.048573427 0.044014428 7.998468e-08 2.3901148e-08 1.667885e-06 0.7148475 7.8527606e-08 0.4041351 1.3853857e-05 1.1125465e-07 2.5692666e-08 5.5780184e-08 5.308855e-08 7.604884e-09 6.573879e-08 0.087287426 0.085211 1.0180231e-07 3.746784e-08 2.3700058e-07 2.072515e-09 2.3498753e-08 0.0015577433 5.5800166e-07 8.448255e-09 0.008651972 1.4146857e-06 0.05786779 6.077954e-08 5.1066036e-07 2.3897142e-06 1.339545e-07 1.9111921e-07 1.8789352e-07 0.0023231676 0.00632045 2.1506808e-07 0.001961682 0.0035554534 1.2554415e-08 1.4787194e-07 3.143349e-07 4.6615073e-06 0.0003435088 2.9375656e-08 4.3256878e-05 5.852471e-09 4.235067e-08 0.00011742741 0.0052649775 5.636101e-08 8.72993e-08 4.9399067e-09 1.2687977e-07 3.3508147e-08
0.77230805 0.0013122368 0.0051537505 3.2807235e-05 0.00058108475 0.89198005 6.6647426e-06 3.7022655e-05 0.052159373 6.7261404e-05 2.949773e-07 0.9759744 1.6170308e-06 0.5552025 0.696467 1.4665699e-05 1.2570986e-06 4.924249e-07 9.767688e-05 1.076907e-07 0.3661837 0.34552044 0.09399082 4.4983112e-06 1.18318084e-07 1.7156672e-16 2.7048238e-06 8.7406147e-07 0.16304523 3.1915494e-07 4.4177636e-08 3.2313176e-07 0.9257713 0.1946616 0.95915455 0.000376651 0.5301611 1.0459805e-05 0.004721166 5.8982127e-06 1.6040873e-06 0.00017577696 0.81349283 5.2516505e-08 5.349133e-07 0.055464435 1.034955e-06 1.2145104e-05 6.739476e-05 0.7614513 0.00082420453 2.1968767e-06 0.00021067301 1.827405e-07 0.006853404 0.00013174997 0.00030908862 0.107482575 4.6345035e-06 1.9449242e-06 3.9548872e-06 0.0002000199 3.0236915e-06 4.833627e-05 0.71020526 7.026933e-05 0.00017959137 9.470309e-07 0.00063835655 1.4515435e-05 0.00072353304 1.5149322e-08 2.0846646e-05 1.8760397e-07 0.35613522 0.04331119 0.00030857202 0.0044662883 0.0060631777 3.007423e-06 6.286422e-08 8.3001076e-05 3.1933048e-06 0.0012736041 3.4157047e-06 1.9142706e-06 0.0024146042 0.008169918 0.00032558682 6.878547e-08 2.6509034e-07 0.0016026554 9.2133476e-08 0.00087055715 1.0476496e-05 0.00019996442 8.863327e-07 0.017978262 3.4544257e-06 0.0012595973 1.1951384e-05
0.8818265 0.03590969 0.0008244722 0.12489068 0.0011883875 0.00037952908 0.01527284 0.002254414 0.004972249 0.0033518106 0.56831056 5.9320402e-05 0.34455332 2.9245495e-05 1.3763977e-05 0.8738154 0.1666396 0.16967653 0.0015251122 0.88250554 3.033522e-05 5.829227e-07 0.0006219031 0.0019780267 0.43464395 2.7048238e-06 1.2232216e-16 0.96601605 6.8929114e-07 0.04123659 0.21075757 0.13835838 1.0959058e-06 1.8485403e-05 3.958055e-05 0.0005713629 2.3241857e-07 0.88353914 0.36316735 0.96114033 0.012468926 0.00029014904 2.8611144e-06 0.0122517105 0.019804467 4.252659e-05 0.30429465 0.03224491 7.7813065e-06 8.7060556e-07 2.756331e-06 0.017840821 2.3265231e-05 0.029301459 0.003026919 7.458255e-05 5.8376276e-07 1.0159578e-06 7.8837627e-07 5.027991e-08 3.4440095e-07 0.0047365846 0.0025340663 1.6224023e-05 1.739885e-05 0.00028386025 1.1423579e-08 8.5103636e-08 0.076965876 8.275218e-07 1.234918e-07 7.123256e-05 1.3789248e-06 0.00035253912 2.0663056e-06 6.4536897e-07 0.0006226702 6.440937e-07 3.1042666e-07 9.846601e-08 4.4660275e-05 0.10785441 3.9391173e-07 0.041572705 0.00035437354 2.1883617e-08 4.224414e-06 1.0031716e-05 0.0006176914 2.6395564e-05 1.4751755e-07 0.0010439854 2.0763845e-07 6.055532e-07 7.507062e-06 0.05795904 1.7885563e-07 9.082038e-08 2.1023707e-06 3.2987018e-06 4.0485065e-07
0.93043643 0.0035867598 0.00016045786 0.030592404 0.00022788961 3.172577e-05 0.006210239 0.00060894806 0.0003558226 0.0011093634 0.24468327 4.462173e-06 0.44719216 2.8968643e-06 5.9997785e-07 0.25998655 0.38327372 0.40356344 0.0021060626 0.97605866 4.2716572e-05 2.78266e-07 6.4006155e-05 0.0024971892 0.8029739 8.7406147e-07 0.96601605 4.475592e-14 5.0397216e-07 0.12779288 0.71909475 0.5775328 1.935196e-06 1.5693044e-05 2.2484455e-05 0.001030984 5.677871e-07 0.22099495 0.017887749 0.5199563 0.057045702 0.000968905 2.8805225e-06 0.38747823 0.5320791 0.00023140619 0.5633509 0.39770567 1.3903789e-06 1.1096903e-06 1.5141776e-05 0.3640326 5.158313e-06 0.32792062 0.0004013714 1.3804822e-05 9.515756e-07 8.685626e-06 3.3279184e-07 3.099712e-08 5.0723463e-07 0.012353375 0.14399917 2.2006648e-07 5.173094e-05 3.3743352e-05 7.0836386e-09 2.1217815e-08 0.01848304 3.4119867e-06 1.02554374e-07 0.0056785243 3.682701e-05 0.0071321884 2.2074237e-06 6.96516e-06 0.00011214922 1.00531015e-05 5.8119444e-06 1.1646946e-06 0.0006147806 0.05715542 8.88107e-07 0.012651519 0.0004119333 2.4590245e-08 4.116195e-06 7.5077633e-06 0.000117444426 0.00086013466 2.4281488e-07 0.00015802399 1.05102195e-07 8.0127035e-07 7.217465e-05 0.03665699 7.549262e-08 1.8826428e-05 5.7466163e-08 3.972351e-06 6.8892176e-09
0.8752267 1.5463895e-05 2.9347864e-05 8.8408797e-07 1.7492703e-05 0.008532538 1.8490445e-07 2.242889e-06 0.0032099914 2.3782256e-06 1.111363e-07 0.14121197 2.4726154e-07 0.70996964 0.900027 1.3636829e-06 1.3757743e-07 4.2072585e-08 9.2412563e-07 7.052191e-08 0.00034890228 0.98431575 0.09857754 2.3151556e-07 1.720091e-08 0.16304523 6.8929114e-07 5.0397216e-07 2.162526e-14 2.2786242e-08 4.604324e-09 3.709516e-08 0.6810954 0.0002045737 0.010825893 2.7339493e-05 0.9467913 3.2339212e-06 0.00432632 1.8653703e-06 1.590191e-07 5.550664e-06 0.011217158 6.1382906e-08 8.801165e-07 0.0003245953 2.0855973e-07 9.0041885e-06 0.061692506 0.41215006 5.96086e-07 7.868184e-07 0.03899265 1.9598922e-08 0.022710256 0.033420213 0.8464057 0.39008394 0.008197376 0.0062290807 0.01641286 1.3986189e-06 6.934864e-08 0.008807069 0.025653526 0.0047650444 0.3203663 0.000553273 0.0009175031 0.10018559 0.57120615 1.3247617e-08 1.9401094e-08 1.2280585e-08 0.5087964 0.26515928 0.007971729 0.20673105 0.0738741 0.00069385057 5.8673026e-09 1.4405924e-05 0.012185607 0.0026202397 4.361682e-07 0.00047860236 1.9562463e-05 4.8988713e-05 0.003345556 3.2700292e-08 2.7830115e-06 0.006243271 7.11675e-05 0.00031977968 5.301514e-06 6.7686546e-05 1.7050761e-05 0.10930793 0.0003970225 5.6478555e-05 0.0012742997
0.8629642 0.31629205 0.0016095482 0.7497602 0.011456268 1.7343122e-05 0.4543428 0.12295885 0.00047254897 0.32601094 0.4953708 1.6741192e-06 0.7270524 9.484115e-08 1.7961919e-07 0.061676815 0.78172433 0.7673837 0.16647473 0.27685514 2.5874293e-05 2.2164517e-08 1.3174192e-06 0.90332794 0.24892491 3.1915494e-07 0.04123659 0.12779288 2.2786242e-08 5.17441e-17 0.036568314 0.6392891 7.701888e-08 7.301528e-06 1.9110146e-06 0.43239483 6.2472395e-08 0.0040383325 0.0012221044 0.008110345 0.98792607 0.5815325 4.25603e-07 0.00065036275 0.0008044817 0.0039740033 0.0012157209 0.0014557753 3.1828563e-07 4.4929e-08 0.0014627434 0.00080449815 1.1538277e-07 0.7951539 5.139749e-05 1.5878223e-07 1.8390704e-08 1.1799042e-07 3.8014704e-08 7.515969e-09 4.322758e-08 0.6673581 4.5069828e-05 2.5297487e-07 2.1715236e-07 3.6184312e-07 1.1429224e-08 1.3466403e-08 0.0012103745 1.2181863e-07 1.7791391e-08 0.0002407545 0.01449979 0.028807297 6.168783e-08 3.5311834e-07 4.6025134e-06 7.1987387e-07 5.132651e-07 1.3086294e-07 0.02774782 0.0014344438 7.036726e-08 0.001003506 0.0071991724 1.7767825e-08 5.8451482e-05 2.503576e-07 2.2057895e-05 1.2211635e-06 9.131275e-09 0.00012637494 1.7432298e-09 4.0398884e-08 0.012808582 0.0013995583 1.9191995e-07 1.6241246e-06 1.3352174e-09 0.0002071226 1.06775644e-07
0.8311768 0.0013095464 6.5953776e-07 0.014935215 5.5385917e-06 2.1755561e-08 0.000151801 2.6790865e-05 1.2329457e-05 1.3438239e-05 0.23408338 1.2151527e-08 0.033675496 2.7417166e-09 1.8612094e-09 0.03205419 0.030370714 0.08636225 9.367254e-07 0.7240852 1.0667752e-07 9.523187e-10 2.3457476e-07 0.000104108556 0.97862107 4.4177636e-08 0.21075757 0.71909475 4.604324e-09 0.036568314 3.1390625e-16 0.99017894 2.3585235e-08 2.3394942e-07 8.630334e-07 0.00018837373 7.382321e-08 0.018637476 0.00014572646 0.05828632 0.042089757 0.0003687164 7.5562056e-08 0.19320072 0.14828879 1.1182023e-05 0.061785333 0.10618388 7.311346e-08 9.284635e-08 7.4033414e-07 0.8535825 1.359044e-08 0.41763145 3.1259606e-06 3.9499792e-08 1.6847217e-08 3.668819e-07 1.6605178e-08 6.6832695e-10 7.198474e-08 0.03441632 0.5415961 1.15052465e-07 3.013488e-07 2.6912934e-07 1.0681713e-08 8.009136e-09 0.00068573235 6.804445e-07 6.058463e-08 0.039218023 3.6602028e-06 0.11334046 1.07032555e-07 3.1727038e-07 9.4778085e-07 1.4518093e-07 2.135013e-07 4.3725893e-07 0.004899423 0.008604345 1.5927118e-07 0.0011073508 0.006500131 2.4690918e-08 2.4974355e-07 4.0676986e-07 3.7915754e-06 0.0009802566 7.409006e-09 7.66354e-06 1.1943635e-09 4.1434117e-07 7.824582e-05 0.013422421 5.9151932e-09 1.2947725e-06 1.7643874e-09 7.913585e-07 1.4241456e-07
