3.5147734e-19 0.91622907 0.92738515 0.95702404 0.9428637 0.9500777 0.9528481 0.9671608 0.91327953 0.9461056 0.8802906 0.71350527 0.9213139 0.93473494 0.9697686 0.6464307 0.4216465 0.7758947 0.8447562 0.9092416 0.76981395 0.9959594 0.80498016 0.9671385 0.94035107 0.5149332 0.9518414 0.93392295 0.89082325 0.5650825 0.33707476 0.3350809 0.87893766 0.78518677 0.59670264 0.87876403 0.49528942 0.85979414 0.703628 0.9825854 0.9553612 0.53937405 0.41461095 0.8913587 0.84783477 0.5177762 0.12304783 0.46230114 0.98030084 0.8028717 0.22978109 0.91032124 0.029258505 0.94961536 0.009916116 0.08252133 0.85569745 0.99791956 0.043425974 0.43471253 0.030738182 0.97795767 0.66234726 0.27486968 0.002773649 0.83482057 0.06998622 0.012933207 0.12122018 0.16896209 0.057154365 0.006464485 0.048183944 0.9999939 0.041587945 0.8419967 0.034505393 0.0003081189 0.051513154 0.95483166 0.84082717 0.8449441 0.98156804 0.7384199 0.6704476 0.00963307 0.66958636 0.00046381538 0.9999021 0.00013650324 0.99998343 0.98636603 0.46300143 0.047161188 0.9762915 0.0014309331 3.084486e-05 0.00029794354 0.113888524 2.2954516e-06 0.25883397
0.91622907 1.9941094e-14 0.96347225 0.9231977 0.8631539 0.8244798 0.6059014 0.59748864 0.75731534 0.03320015 0.013046028 0.6085092 0.0023975577 0.06257167 0.0002371307 0.11019046 0.18692595 0.011576867 0.07712724 0.0015109646 0.005996556 0.19426902 2.5095187e-05 3.6346082e-06 0.010027115 4.3825485e-06 6.7162495e-05 0.007035687 0.02183631 0.025041938 0.20709516 0.1138674 0.00030930035 8.161496e-05 0.00089458923 7.05921e-06 1.6086948e-05 2.560191e-05 1.2627868e-06 0.0032709858 1.1652751e-05 0.00092252134 0.24028559 2.1432147e-06 2.3345265e-07 0.4594891 0.00018811808 0.34289634 0.00013792563 0.0017593696 0.00014603641 0.0014519542 0.08278292 3.5695748e-06 0.011052861 4.140418e-05 1.4231887e-05 0.001737408 0.00017158265 3.5527803e-06 0.00011901187 0.0030414825 5.891863e-07 2.5859526e-08 0.00033847016 5.239167e-07 0.31744453 2.7708043e-05 0.007943536 2.3388732e-06 6.477756e-07 6.7425262e-06 3.3874658e-06 0.005279967 4.1414385e-08 4.4861463e-05 6.337325e-07 0.00020705268 4.7598255e-06 1.5792371e-05 4.407027e-07 3.74297e-06 3.165206e-05 1.973333e-07 5.4798187e-07 7.457238e-07 1.3427202e-06 0.0011423773 0.0016403118 0.00019280097 0.00016353479 1.3085801e-06 1.3578321e-07 1.0567322e-06 2.914205e-08 6.462437e-08 0.00044088392 0.0015508796 1.2851117e-10 1.4885188e-07 1.3503089e-07
0.92738515 0.96347225 4.2557348e-14 0.9307849 0.81420034 0.84558177 0.6010389 0.6939752 0.6992946 0.019064886 0.020783098 0.59816366 0.0028436803 0.0842649 0.000107345324 0.116349034 0.21353513 0.006519699 0.07091107 0.0013954847 0.003227822 0.24444242 1.710744e-05 3.896652e-06 0.011225912 1.9293966e-06 2.866764e-05 0.007573247 0.01909216 0.014296504 0.21891044 0.1071417 0.00023752566 7.40936e-05 0.0006060554 5.379919e-06 1.4458033e-05 2.8528113e-05 1.170602e-06 0.0024370283 8.483396e-06 0.0006717079 0.19190358 2.288267e-06 3.8111352e-07 0.44585177 0.00013426946 0.36505994 9.492879e-05 0.0015285523 4.7085487e-05 0.002257991 0.074326 1.6622083e-06 0.005970546 3.7192985e-05 1.25969855e-05 0.0008493775 7.180192e-05 3.5547123e-06 6.253258e-05 0.003595222 6.157895e-07 1.2285372e-07 0.00012195017 8.461383e-07 0.31129616 1.8939643e-05 0.005677309 4.1496737e-06 1.3513181e-06 6.360403e-06 2.8915788e-06 0.004908367 3.3510897e-08 4.739996e-05 8.3847175e-07 0.00014305253 6.7450796e-06 9.391438e-06 5.5635337e-07 2.1593592e-06 2.2893859e-05 4.5364825e-07 1.0666333e-06 1.0261176e-06 1.3590804e-06 0.00070423493 0.0012977945 0.00010418483 0.00011205867 1.0985804e-06 2.622489e-07 2.2339489e-06 5.1865378e-08 1.9401175e-07 0.00029005497 0.00079624815 2.1375443e-10 1.270012e-07 4.4161484e-07
0.95702404 0.9231977 0.9307849 4.923978e-14 0.7601259 0.84131074 0.7623315 0.9346577 0.58968425 0.03313456 0.13789575 0.515602 0.021064863 0.25548512 8.526307e-05 0.15510172 0.26551026 0.008452601 0.135871 0.008879852 0.010052777 0.55875254 2.7394795e-05 2.79755e-05 0.022471499 2.254061e-06 4.5006178e-05 0.029139651 0.06416858 0.010074308 0.22935355 0.112762146 0.00035630632 0.00012555362 0.0007339384 8.758434e-06 2.6022499e-05 8.0533144e-05 2.2296622e-06 0.010025022 1.5912954e-05 0.0008029047 0.1090857 3.540688e-06 5.095827e-07 0.33513612 0.000174433 0.32596162 0.00034058912 0.006499154 4.288691e-05 0.0088698305 0.043115232 5.1230004e-06 0.002654543 2.5809946e-05 0.00010250575 0.0015839341 1.9786152e-05 1.1786418e-06 0.00014091785 0.009958144 1.277303e-06 1.5307556e-07 8.978408e-05 2.0791222e-06 0.18574838 2.6243208e-05 0.004387973 1.5265048e-05 4.2923858e-07 1.2561093e-05 2.048734e-06 0.015276102 1.4323933e-07 0.00011445457 6.575638e-07 9.43301e-05 8.433231e-06 2.1549638e-05 2.5546656e-06 1.1167391e-05 6.2197316e-05 3.5649325e-07 4.110672e-06 1.3653629e-06 4.7006497e-06 0.00035848087 0.0024993657 4.1667714e-05 0.00014181696 7.865e-06 8.981928e-07 8.269739e-06 1.4832814e-07 6.6306944e-07 9.8149736e-05 0.00047910056 1.2730791e-10 4.336229e-07 1.0614733e-06
0.9428637 0.8631539 0.81420034 0.7601259 1.4214284e-14 0.4341544 0.9364236 0.21536107 0.96660376 0.45863962 0.0019726898 0.44858938 0.00015115755 0.0046636867 0.061458815 0.004686221 0.024142394 0.23931056 0.29491356 0.00014617296 0.12977788 0.04583284 0.0014907587 8.134462e-07 0.0002535288 8.3939114e-05 0.0031063503 0.0020080938 0.034965586 0.1623075 0.061869048 0.018152649 1.824826e-05 1.153831e-05 6.743192e-05 6.64542e-07 1.9552606e-06 3.159152e-06 5.2122607e-05 0.009176402 1.3429957e-06 7.5314965e-05 0.57846653 1.6503955e-07 1.5681783e-08 0.44512248 2.5899744e-05 0.09383656 0.00093361794 0.0060393494 0.0064792642 0.0008403768 0.16639207 1.9485771e-05 0.096565686 6.9106545e-06 0.00021721813 0.006407367 0.01589083 9.1071075e-07 1.8224555e-05 0.002113112 8.935532e-06 7.928791e-07 0.0051034465 4.222589e-08 0.3000945 0.00043195274 0.00045208447 1.0220373e-06 2.5061678e-07 9.402079e-05 7.0256688e-06 0.0028460897 5.981842e-08 1.9593344e-05 1.1256958e-06 0.00037719271 3.8520775e-06 0.000110129615 9.281847e-06 6.178095e-05 8.547642e-06 1.0949101e-06 3.900277e-06 1.6447588e-06 1.0634446e-05 0.0016364126 0.0010951656 0.0005405969 0.0012392562 1.271382e-06 7.4998167e-07 5.6261392e-06 1.3824853e-06 6.727772e-08 0.0009935108 0.0002181463 1.0934137e-10 4.4553883e-07 4.5460237e-07
0.9500777 0.8244798 0.84558177 0.84131074 0.4341544 1.0768575e-15 0.10920372 0.8418082 0.16197427 0.0009539751 0.34915105 0.96570396 0.12542881 0.36243406 2.872052e-06 0.7855602 0.81251776 0.00021655728 0.00347741 0.026914433 0.0004181243 0.21102567 1.0926955e-06 0.00044316513 0.13232695 1.7348464e-07 2.6414389e-06 0.024454184 0.0057996693 0.0007466354 0.5555671 0.37659252 0.0008576769 0.0001996715 0.0033290347 1.4257263e-05 5.4072705e-05 0.0005203904 7.358015e-08 0.0016835993 8.093351e-05 0.0038355144 0.05751275 9.591474e-06 2.8845222e-06 0.34855247 0.00053993816 0.6962227 2.5709322e-05 0.0006390317 3.9268734e-06 0.005946952 0.029214326 5.6725185e-07 0.0004823241 6.147497e-05 9.736731e-06 0.00017337209 6.76235e-07 3.0183417e-06 0.0053311717 0.005379704 3.7648576e-08 4.6444187e-10 2.8725193e-05 9.595507e-08 0.32518548 2.6932462e-06 0.12049586 2.0666719e-06 1.8597023e-06 2.0391806e-06 6.5633895e-07 0.0021194695 2.1454755e-07 0.00012051447 4.7011603e-08 0.0051541436 3.0938443e-06 3.1807397e-06 1.4375888e-06 3.928866e-06 8.53695e-05 2.1038169e-08 8.628985e-07 1.0957948e-08 7.774389e-07 0.005856749 0.0008760555 0.00016806237 3.597669e-05 1.7326574e-05 7.875361e-07 1.3021391e-06 1.5093319e-07 4.9560004e-08 0.00022635156 0.0073244497 2.0511988e-10 1.1004714e-05 5.079399e-07
0.9528481 0.6059014 0.6010389 0.7623315 0.9364236 0.10920372 1.0712761e-13 0.30422983 0.69490546 0.94952244 0.0028267973 0.10478995 0.00020667214 0.0077996287 0.06513805 0.0011057917 0.0064242543 0.15477633 0.86561716 0.00018887814 0.5991459 0.21371712 0.012772647 4.5086917e-06 0.0004982454 0.0014893014 0.024471622 0.009338811 0.44936782 0.08912033 0.009939373 0.002566523 1.7183951e-05 1.1223316e-05 2.9793742e-05 1.6735238e-06 2.022262e-06 2.6607486e-05 0.0004162762 0.07989812 6.329615e-06 3.5558056e-05 0.2497339 8.43519e-07 1.04543176e-07 0.11661314 1.046606e-05 0.01698496 0.007709418 0.045886483 0.0028301892 0.005226726 0.04456651 0.00027255004 0.023794217 2.380756e-06 0.0019379967 0.021205911 0.006598005 2.3807095e-07 1.4976976e-05 0.011139316 1.7553331e-05 1.6329757e-06 0.0018907865 2.2952447e-07 0.061102003 0.00064418465 1.7127391e-05 3.785603e-06 1.2742473e-07 6.321456e-05 2.9431783e-05 0.016525716 3.5004373e-07 6.734324e-05 5.702331e-06 0.00012976292 1.1532264e-06 0.00056453544 1.2663137e-05 0.00041981688 0.00012475192 1.8025438e-06 8.9369925e-05 3.6313447e-06 0.00011923441 0.00045784377 0.0021284285 9.763674e-05 0.0013214938 1.3163836e-05 5.92723e-06 1.7399747e-05 1.3715626e-05 2.9931124e-07 0.00024820247 3.5133406e-05 9.84445e-10 2.014087e-07 3.1815985e-06
0.9671608 0.59748864 0.6939752 0.9346577 0.21536107 0.8418082 0.30422983 3.4908409e-12 0.09771217 0.0059536 0.6953317 0.22837456 0.32266462 0.89237374 9.5810836e-05 0.35203287 0.34521505 0.0019968085 0.036540728 0.18597624 0.0032471018 0.9396091 4.0482366e-05 0.0069727637 0.19982445 4.4804615e-06 0.000104840765 0.22844814 0.069770984 0.00094441726 0.19297925 0.19853842 0.0060139545 0.0009903569 0.008551695 0.0002228389 0.00028701164 0.0011870028 3.6961644e-06 0.03643073 0.00038523236 0.006483362 0.012732798 7.888554e-05 1.6631684e-05 0.0733547 0.00034990543 0.20588903 0.0011041567 0.011961934 2.736482e-05 0.037806895 0.0021379443 1.6316799e-05 7.079979e-05 4.662986e-05 0.0004373987 0.005091296 7.333577e-07 6.3448756e-06 0.0019728383 0.03735301 3.693789e-06 2.3875954e-08 1.8713154e-05 5.9271456e-06 0.0498282 4.1616247e-05 0.02602695 4.2053874e-05 3.8771573e-06 1.8410563e-05 5.2056066e-06 0.026556976 3.317566e-07 0.00058089057 1.0582216e-06 0.00022423461 1.0186146e-05 6.004753e-05 8.767811e-06 0.00010533958 0.00035491434 1.0738873e-06 1.0985222e-05 2.340386e-06 1.8951388e-05 0.00032397523 0.0073700226 9.619129e-06 0.00032407691 0.00017661224 4.6856067e-06 2.0712821e-05 1.433259e-06 6.091426e-07 1.0568779e-05 0.00035379996 3.3656218e-09 2.760835e-06 1.01736505e-05
0.91327953 0.75731534 0.6992946 0.58968425 0.96660376 0.16197427 0.69490546 0.09771217 4.3858443e-15 0.20439866 0.0030420483 0.88095194 0.00043031987 0.005940172 0.0114038205 0.002101478 0.022049509 0.33528978 0.10177165 0.00023387639 0.032999 0.016816314 0.00059379864 1.9277966e-06 0.00026335334 4.6571997e-05 0.0013382914 0.0013966663 0.020925347 0.52391523 0.06461185 0.021759931 2.1214732e-05 1.34773445e-05 8.422683e-05 1.0486207e-06 4.6508057e-06 2.0039346e-05 3.4428147e-05 0.0053042527 3.6934791e-06 5.330322e-05 0.92275196 1.541371e-06 1.7930171e-07 0.83613575 1.44371315e-05 0.23072919 0.0005580773 0.003065558 0.0044224854 0.00055483595 0.41943517 2.6678883e-05 0.2388875 8.714941e-06 0.00018144841 0.0015480941 0.018997112 6.2775996e-07 3.3575307e-05 0.0013694115 2.8866934e-06 2.0187753e-07 0.01888781 1.8274163e-08 0.5064947 0.00020720203 0.0012104426 2.9464414e-07 3.1450234e-06 0.00036464146 3.2648742e-05 0.00092933443 8.160865e-07 8.377197e-05 2.6613588e-06 0.0028902297 2.7339502e-06 0.00010746609 1.0199569e-05 0.00013809292 1.5848904e-05 1.6226592e-07 1.719887e-05 4.5506954e-07 2.132622e-05 0.022603853 0.00051264145 0.010942678 0.0005167341 1.3209342e-06 2.2675624e-06 8.516481e-07 1.2297252e-06 3.946252e-08 0.018385505 0.006859472 9.467044e-10 1.2257116e-06 7.46656e-07
0.9461056 0.03320015 0.019064886 0.03313456 0.45863962 0.0009539751 0.94952244 0.0059536 0.20439866 1.0300176e-14 3.1052765e-05 0.0073349 2.5521354e-06 0.00029907541 0.8179605 1.0909863e-05 0.00019939958 0.6797393 0.8568082 5.914407e-06 0.9503486 0.010237392 0.42991588 2.3245514e-07 5.1745603e-05 0.24229945 0.7214173 0.00083848706 0.28478485 0.3045147 0.0003687477 0.00020433175 1.2913799e-06 2.2239835e-06 6.724847e-06 2.9253835e-07 5.144216e-07 5.9870354e-06 0.0110017415 0.087261304 1.7159867e-06 1.1519245e-05 0.16424553 8.405505e-08 2.5786088e-08 0.008804591 8.15218e-06 0.00041746808 0.041303053 0.1491727 0.1125889 0.0025436555 0.014708358 0.0012435318 0.03371811 3.9535e-06 0.009000531 0.043249495 0.110388346 4.6611981e-07 3.5089624e-06 0.0057164994 0.000121157034 5.9748378e-05 0.009963697 2.4651577e-08 0.006119413 0.003493013 1.1341591e-06 1.6058644e-06 8.512441e-08 0.0014972343 0.0009447069 0.011900087 5.4012867e-07 5.53283e-05 2.1018206e-05 7.780193e-06 5.824876e-07 0.0008004452 3.9345898e-05 0.0009118093 2.2978049e-05 3.8642597e-06 0.00025247585 1.002394e-05 0.00035363942 0.0002396346 0.0016785116 8.674083e-05 0.0055961567 1.6265085e-06 7.583581e-06 2.5012874e-05 6.0928665e-05 1.2950557e-07 0.00026206582 6.16011e-05 3.927468e-10 2.254907e-07 2.8601867e-06
0.8802906 0.013046028 0.020783098 0.13789575 0.0019726898 0.34915105 0.0028267973 0.6953317 0.0030420483 3.1052765e-05 3.7919556e-15 0.022878021 0.9738388 0.9440807 3.350364e-06 0.42518768 0.23196915 0.00023676034 0.000520035 0.85816735 6.599845e-05 0.32922179 1.9848017e-06 0.398781 0.7567517 3.5407405e-07 1.8531941e-06 0.568423 0.008621706 0.00017748163 0.106540665 0.24004555 0.1823148 0.036266107 0.15589893 0.011938862 0.007593888 0.01085453 4.1096501e-07 0.003721133 0.0043531694 0.13979883 0.00081997446 0.00038857496 0.00012283363 0.008672926 0.015658027 0.092594355 4.2363867e-05 0.0011090805 2.8372303e-06 0.066286564 0.0001382227 2.1354376e-06 2.5265313e-06 0.0018970721 3.0416188e-05 0.00086573773 8.8427515e-07 0.00055293774 0.020918284 0.03747502 6.7115714e-08 9.953561e-10 1.105888e-06 1.2797557e-05 0.011108805 6.1572223e-06 0.065445356 0.00053755747 0.00031951934 7.486296e-07 4.803365e-06 0.026228542 4.6811562e-07 0.0012868473 2.4637393e-07 0.000493631 2.1761798e-05 7.3679657e-06 6.6021806e-07 3.012975e-06 0.0007091071 4.6981572e-08 1.6982275e-07 2.770091e-07 2.5491616e-07 9.7442695e-05 0.012718399 2.5500628e-06 9.171807e-05 0.0006307934 2.1068978e-07 2.4856463e-06 6.706693e-09 4.927073e-07 2.9510676e-07 2.8128605e-05 1.985484e-09 1.8752376e-06 2.6757513e-07
0.71350527 0.6085092 0.59816366 0.515602 0.44858938 0.96570396 0.10478995 0.22837456 0.88095194 0.0073349 0.022878021 1.5535516e-16 0.0052133 0.020700028 5.695535e-05 0.35553482 0.90846735 0.0039429255 0.0035849954 0.0015526641 0.0011332326 0.016308531 7.862987e-05 4.6538786e-05 0.0036275897 6.0663324e-06 2.1592694e-05 0.0017695036 0.0023116712 0.020597594 0.89445585 0.32258275 6.1068175e-05 3.3778797e-05 0.00021975936 1.2308605e-05 1.6080769e-05 1.111239e-05 7.105998e-06 0.0005469625 6.689966e-06 0.00038800077 0.41708863 3.754034e-06 4.3158357e-07 0.89905715 9.5754476e-05 0.6907409 1.7973143e-05 0.00021620998 6.754062e-05 0.00016653897 0.14596032 4.4573667e-06 0.021013007 1.5349658e-05 1.1341726e-05 0.00013442809 8.299815e-05 6.255769e-07 0.0010850338 0.00030238216 7.161458e-08 1.06916e-08 0.0007282352 1.0056159e-07 0.5681784 6.4850406e-06 0.030858884 1.0957605e-06 1.8584454e-06 2.0511161e-05 6.473158e-06 0.00021266763 2.8592197e-07 2.5907455e-05 7.46467e-08 0.01566804 5.0076915e-06 3.091339e-05 2.6156918e-06 0.000100117926 5.382731e-06 8.789992e-09 3.4012462e-06 1.03035724e-07 1.5778484e-06 0.034620706 0.00018665164 0.0063057593 5.2639836e-05 1.0184023e-06 1.7124312e-06 8.766652e-07 1.257062e-07 4.807991e-09 0.011971389 0.02226013 2.0822373e-10 1.2759826e-05 1.7881837e-06
0.9213139 0.0023975577 0.0028436803 0.021064863 0.00015115755 0.12542881 0.00020667214 0.32266462 0.00043031987 2.5521354e-06 0.9738388 0.0052133 3.0984848e-14 0.63504815 4.7066538e-07 0.38680908 0.1244643 3.4927114e-05 0.00011187917 0.91985935 8.814928e-06 0.09366841 2.1707969e-07 0.8947785 0.8580193 1.0642348e-07 4.0156334e-07 0.49225074 0.0033605502 5.6878867e-05 0.04084787 0.18023339 0.45882463 0.25761333 0.33146715 0.10922318 0.040005025 0.07753174 2.5113152e-08 0.0020362851 0.04029564 0.30227527 0.000504905 0.006294965 0.0021524644 0.0037252856 0.069924444 0.03826129 1.9534871e-05 0.00031323472 9.8658e-07 0.09972331 5.56502e-05 2.2130082e-07 2.5056027e-06 0.013990606 4.921557e-06 0.0003900052 5.6383345e-07 0.0061379937 0.04571394 0.061072525 1.6326455e-08 8.2269613e-10 2.863903e-07 0.0007629646 0.0050950237 3.2212486e-06 0.07156553 0.0036944395 0.0024936637 2.4361697e-07 3.0717445e-06 0.03602403 2.3694104e-06 0.003494926 1.6687818e-07 0.0004576805 4.419641e-05 9.78808e-07 3.1037513e-07 1.75828e-07 0.0030486423 3.009592e-08 3.1124557e-08 1.4271342e-07 5.49044e-08 3.5607198e-05 0.020670157 1.0781902e-06 1.5560126e-05 0.0018760721 9.685276e-08 3.164655e-06 7.2630935e-10 1.2842125e-06 1.2711692e-07 1.6589183e-05 2.0390464e-08 2.067001e-06 1.9353241e-07
0.93473494 0.06257167 0.0842649 0.25548512 0.0046636867 0.36243406 0.0077996287 0.89237374 0.005940172 0.00029907541 0.9440807 0.020700028 0.63504815 2.429985e-13 8.702434e-06 0.35196525 0.22892258 0.00030796905 0.0033234803 0.95031655 0.00033598594 0.80172753 4.8826587e-05 0.20165348 0.55213326 6.175276e-06 3.6314505e-05 0.92443496 0.048271585 0.00016702936 0.087720565 0.14756922 0.051531974 0.010971236 0.06349274 0.0030860694 0.0023875968 0.0068624066 6.8344493e-06 0.0164153 0.004174112 0.05351603 0.00046520506 0.0005124865 0.00011413769 0.00438594 0.003252819 0.07449666 0.00036258547 0.006683976 1.35314485e-05 0.23632108 0.000136083 1.8572875e-05 6.0087254e-06 0.00049312593 0.00042419595 0.0020389173 4.6358542e-07 0.00014314573 0.005291531 0.090328746 8.9302625e-07 6.809648e-08 2.7431984e-06 3.5490673e-05 0.0071092863 2.3473096e-05 0.03568381 0.0003240695 0.00023194308 4.9082546e-06 3.7261345e-06 0.10717892 4.975493e-06 0.0012776954 3.64024e-07 0.00022996849 1.3491014e-05 2.4504929e-05 1.1581162e-05 7.867262e-05 0.00046723228 3.5945033e-07 1.377003e-05 1.4516412e-06 3.0868578e-05 0.00011033019 0.020030998 6.635439e-07 0.00019718347 0.00085351383 5.0233134e-06 8.246114e-06 9.33653e-07 7.8701584e-07 2.2964903e-07 0.00012197156 2.515355e-09 4.682083e-06 2.3908171e-06
0.9697686 0.0002371307 0.000107345324 8.526307e-05 0.061458815 2.872052e-06 0.06513805 9.5810836e-05 0.0114038205 0.8179605 3.350364e-06 5.695535e-05 4.7066538e-07 8.702434e-06 2.2908562e-16 6.741182e-08 3.0171475e-06 0.9823397 0.08511867 9.3245166e-07 0.44015494 6.5901346e-05 0.9079065 2.1201068e-08 5.4513198e-08 0.47638255 0.7969344 2.6354515e-05 0.004750473 0.39867455 8.374054e-06 7.430691e-06 6.798306e-08 4.0147413e-07 7.283421e-07 4.3417877e-08 4.3973586e-07 8.413285e-06 0.24358977 0.0106318155 1.3081858e-06 1.9553639e-07 0.045467403 1.193133e-07 1.6005146e-08 0.00045678855 7.102675e-07 7.547492e-06 0.0660039 0.060669437 0.72268796 0.0005991825 0.002159767 0.031775 0.013962695 2.8405373e-07 0.062431272 0.03138885 0.39907578 2.8204084e-07 5.120985e-07 0.0008351377 0.010889274 0.028875764 0.01950581 2.988597e-09 0.00078047067 0.33168063 5.81696e-07 1.6839637e-08 3.072222e-06 0.059452027 0.11553988 0.002415255 3.2823067e-07 1.9310744e-05 9.860524e-05 2.5452252e-06 7.3901924e-07 0.005959741 0.00029081944 0.010111279 1.3161947e-06 0.00064852106 0.0028973455 0.0011128586 0.003900041 2.4588664e-05 0.00042310162 0.00023762898 0.021739 3.913157e-06 7.690934e-05 4.4510354e-05 0.0011507008 7.277884e-08 0.0007646213 1.4927703e-06 1.0904198e-08 6.205023e-08 6.521701e-06
0.6464307 0.11019046 0.116349034 0.15510172 0.004686221 0.7855602 0.0011057917 0.35203287 0.002101478 1.0909863e-05 0.42518768 0.35553482 0.38680908 0.35196525 6.741182e-08 9.580906e-17 0.99140203 1.7640006e-05 1.9988805e-05 0.16005595 1.4099858e-05 0.012904549 3.3471593e-07 0.03079378 0.89885294 2.3712494e-07 9.461057e-07 0.018715158 0.00016191234 3.8482645e-05 0.3596601 0.53044015 0.028390612 0.011130275 0.10712388 0.0004679346 0.002801818 0.0044714 7.522958e-08 0.00025626767 0.0011288178 0.13076936 0.00019514548 0.00058890233 9.989352e-05 0.010544834 0.024153495 0.18243353 5.962335e-06 1.3992307e-05 8.3649454e-08 0.005903267 0.0003150887 4.5713784e-07 8.081562e-06 0.0029129963 1.5499973e-06 1.3024154e-05 1.8042842e-08 0.00058667274 0.09321065 0.006499994 9.2391986e-08 1.4791495e-09 1.0142221e-06 2.841491e-07 0.02287136 5.997616e-07 0.1847639 3.354781e-05 0.0008891771 4.0909647e-08 3.4282215e-07 0.0012364077 1.5732063e-07 0.0003570666 2.2641673e-08 0.0040820134 1.3059066e-05 1.852551e-06 3.8762832e-07 8.746743e-07 0.00025831012 6.6636903e-07 1.00702856e-07 3.082779e-08 1.9187969e-07 0.00020269174 0.00088636193 6.1108483e-07 1.5831456e-05 2.96342e-05 9.306402e-07 9.546478e-07 1.2419689e-07 1.5108441e-07 8.067289e-07 0.00078292924 9.1630414e-10 8.523002e-06 7.3774186e-07
0.4216465 0.18692595 0.21353513 0.26551026 0.024142394 0.81251776 0.0064242543 0.34521505 0.022049509 0.00019939958 0.23196915 0.90846735 0.1244643 0.22892258 3.0171475e-06 0.99140203 1.634393e-16 0.00032180495 0.00013082034 0.034385737 5.3902742e-05 0.02056935 6.0542416e-06 0.0018289571 0.32124692 1.5569427e-06 3.8842745e-06 0.007807238 0.00018935498 0.00041161658 0.7787165 0.76126945 0.0047973455 0.00065590226 0.014409931 5.7066423e-05 0.00018771576 0.00028294002 6.507607e-07 0.00027517774 9.861943e-05 0.033039056 0.0057214564 0.000120364566 2.2247612e-05 0.11555823 0.007069144 0.45329392 2.8858954e-06 2.1564421e-05 1.081798e-06 0.00085194805 0.0021455607 6.330276e-07 0.00016213344 0.0009170229 1.0007765e-06 0.00010959026 6.986065e-07 0.0001666904 0.057714462 0.00087104546 4.4200732e-08 5.4382627e-09 7.4454665e-06 4.5923872e-07 0.12059194 1.0821427e-06 0.17579228 2.0044621e-05 7.105642e-05 4.997632e-07 1.3269328e-06 0.0005340578 8.066231e-08 0.00017920249 6.968662e-08 0.0064397464 9.926593e-06 2.2309407e-06 6.556001e-07 1.360652e-06 3.500555e-05 1.8628431e-07 2.2660545e-07 1.0216138e-07 2.0339667e-07 0.0021173551 0.0006089292 8.5455846e-05 1.5572063e-05 1.0849751e-06 6.313407e-07 9.768366e-07 2.8948316e-08 2.5089836e-08 0.00015848686 0.0035859202 9.756761e-10 2.050764e-05 7.779655e-07
0.7758947 0.011576867 0.006519699 0.008452601 0.23931056 0.00021655728 0.15477633 0.0019968085 0.33528978 0.6797393 0.00023676034 0.0039429255 3.4927114e-05 0.00030796905 0.9823397 1.7640006e-05 0.00032180495 2.8219576e-13 0.05681107 5.027802e-05 0.16253582 0.00034507187 0.19134192 1.585555e-06 7.824646e-06 0.072975285 0.20474866 2.3885965e-05 0.0025184702 0.9828377 0.0006846548 0.00032464825 1.3399904e-06 1.1026733e-05 2.1840138e-05 8.808655e-07 4.895707e-06 2.6888514e-05 0.01008506 0.0045723794 1.9851755e-05 8.5962165e-06 0.5389091 7.352025e-06 7.9758723e-07 0.0113242455 3.6363683e-05 0.00020100737 0.0058860537 0.009593556 0.878758 0.00016469971 0.018269086 0.0018643774 0.09982374 6.6359235e-06 0.003051726 0.0050054262 0.49903327 1.6930047e-05 4.237875e-06 0.0005284997 0.0015197519 0.00086164987 0.06534318 4.9813895e-08 0.0024270504 0.109787226 6.417047e-06 7.1448363e-07 0.00013302601 0.08113739 0.0320498 0.0007035908 3.6255658e-06 1.5501917e-05 0.00019550108 2.327697e-05 1.6222355e-05 0.0004208643 0.00028537159 0.00086692005 7.1832296e-06 0.0001039405 0.00034430478 0.0003517382 0.00056726544 0.0002070205 0.0006232194 0.0005252525 0.0018319323 4.729793e-06 0.00014632332 6.1980536e-05 0.00015568254 2.9610243e-07 0.0044113905 1.4028516e-05 3.796067e-07 1.6757373e-06 3.9543836e-05
0.8447562 0.07712724 0.07091107 0.135871 0.29491356 0.00347741 0.86561716 0.036540728 0.10177165 0.8568082 0.000520035 0.0035849954 0.00011187917 0.0033234803 0.08511867 1.9988805e-05 0.00013082034 0.05681107 3.5850844e-13 0.00017087298 0.96857506 0.16544467 0.020086791 3.2875055e-06 6.932116e-05 0.00803859 0.19341846 0.015705733 0.95666265 0.016232181 0.00020425985 8.046636e-05 2.601447e-06 2.140828e-05 8.518858e-06 9.936704e-07 1.8867811e-06 0.0004625238 0.00078596995 0.37348357 7.395051e-05 1.5949692e-05 0.01966015 1.5480333e-05 1.0586285e-06 0.002290728 7.071146e-05 0.00067980605 0.053056475 0.28392008 0.00087067625 0.014115796 0.0007545037 0.0005678394 0.0005410443 7.5066323e-06 0.0075664357 0.043396965 0.00069012033 4.824223e-07 5.6032408e-05 0.012920884 7.016747e-05 2.1680657e-05 7.782409e-05 2.8283125e-06 0.002496406 0.0002525363 5.5511505e-06 1.6850378e-05 2.5415627e-06 3.5646743e-05 0.000110907145 0.047283087 1.1548823e-05 0.0010503067 1.1915366e-05 0.00025652052 1.0336183e-06 0.00030047455 5.3650783e-05 0.0005409298 0.00038347513 7.165099e-06 0.00017528463 5.4426582e-05 0.0002981374 0.00028589432 0.0033312084 6.518204e-05 0.0011079551 4.3666056e-05 8.054931e-06 2.601823e-05 2.6357508e-05 8.639338e-08 9.827965e-05 0.00086871925 4.3869136e-08 6.338392e-06 5.2915984e-06
0.9092416 0.0015109646 0.0013954847 0.008879852 0.00014617296 0.026914433 0.00018887814 0.18597624 0.00023387639 5.914407e-06 0.85816735 0.0015526641 0.91985935 0.95031655 9.3245166e-07 0.16005595 0.034385737 5.027802e-05 0.00017087298 2.6853812e-13 2.8655859e-05 0.14412616 2.125109e-06 0.855761 0.6452229 6.170593e-07 1.2059103e-06 0.8934571 0.008975327 3.583045e-05 0.009799416 0.0521328 0.27929077 0.11437901 0.18913694 0.09366724 0.026747314 0.18406752 6.420606e-07 0.0026827042 0.09484565 0.16662002 0.0002715965 0.013234467 0.007427259 0.0004868503 0.037583437 0.010191121 0.00019704513 0.0008610338 1.8241776e-06 0.41318083 2.3593775e-05 1.9066457e-06 1.9436707e-06 0.0054304358 0.00010297448 0.00037262376 4.039906e-07 0.0033428897 0.023599952 0.11634873 1.7789322e-08 2.33225e-09 1.5263294e-06 0.002271115 0.00045712283 2.214575e-05 0.036633644 0.005179221 0.0023973624 1.6087048e-06 4.8726783e-06 0.08850816 1.7235256e-05 0.009647591 2.9468347e-07 0.000553044 0.00010418951 4.951584e-06 1.107054e-06 2.4898006e-06 0.0050632963 4.1728555e-07 2.435229e-07 8.5436284e-07 7.3708156e-07 6.741601e-06 0.035624325 9.721277e-07 4.5268673e-05 0.0046957326 1.4926677e-06 2.9707048e-06 3.3154926e-08 1.7160695e-05 1.911927e-07 6.4827e-05 1.1955773e-07 4.3841624e-06 1.1212334e-06
0.76981395 0.005996556 0.003227822 0.010052777 0.12977788 0.0004181243 0.5991459 0.0032471018 0.032999 0.9503486 6.599845e-05 0.0011332326 8.814928e-06 0.00033598594 0.44015494 1.4099858e-05 5.3902742e-05 0.16253582 0.96857506 2.8655859e-05 3.5049264e-15 0.013457066 0.30139405 1.3217408e-06 2.0411313e-05 0.29012007 0.9110052 0.000595655 0.5689769 0.049740378 4.1793955e-05 3.330043e-05 2.6192465e-06 9.914701e-06 6.6322345e-06 8.869364e-07 9.81825e-07 3.4678058e-05 0.026541842 0.2639966 9.247742e-06 7.702771e-06 0.013828916 5.600318e-07 2.6561773e-07 0.00048648156 9.416226e-06 0.00010196492 0.18815918 0.48553377 0.011076673 0.0034533192 0.00023115387 0.0046525965 0.0006714716 8.6809763e-07 0.07509158 0.08084405 0.008472972 2.5595781e-07 5.854015e-06 0.0038616192 0.0004633969 0.0004795493 0.00027298444 8.391922e-08 0.00027830884 0.0024934446 1.4846181e-06 1.3123206e-06 4.3799682e-07 0.00017816709 0.00020888569 0.021640448 3.7355218e-07 0.0001408108 4.516078e-05 2.2682134e-06 1.0212656e-06 0.0010648853 0.00012414095 0.0013140896 5.5829874e-05 2.8209142e-05 0.0005406317 7.562698e-05 0.00059513684 0.00015607038 0.002353655 6.0918675e-05 0.0058277096 1.2748909e-06 4.0330004e-05 6.144186e-05 8.07009e-05 2.5968314e-08 0.00014369488 0.00018986998 4.0085296e-10 1.2940034e-06 1.0389071e-05
0.9959594 0.19426902 0.24444242 0.55875254 0.04583284 0.21102567 0.21371712 0.9396091 0.016816314 0.010237392 0.32922179 0.016308531 0.09366841 0.80172753 6.5901346e-05 0.012904549 0.02056935 0.00034507187 0.16544467 0.14412616 0.013457066 2.4435693e-14 0.00024007652 0.0041735163 0.011261335 1.9058269e-05 0.0009288892 0.84858406 0.69667417 0.00023315464 0.009436637 0.0053403564 0.0004313935 0.00035577343 0.00046167 9.0505266e-05 0.00012341252 0.002198668 4.64813e-05 0.51740414 0.0003847063 0.000374959 0.00048547098 6.304598e-05 1.986689e-05 0.0027800407 8.383135e-05 0.0039551803 0.011862791 0.28300598 1.3100117e-05 0.41335368 0.00034434567 4.512578e-05 3.8810995e-05 5.884653e-05 0.0054391716 0.05987828 4.361179e-07 2.1151543e-05 0.0002397976 0.2813728 2.5894782e-05 3.049647e-07 5.2185478e-05 6.2183935e-06 0.0017110249 3.7321464e-05 0.00054267416 5.2756704e-06 9.81117e-06 2.3513112e-05 8.981281e-06 0.6748793 4.965775e-06 0.0009268574 4.1579906e-07 0.00016031179 2.6632364e-05 0.00021975515 2.2416778e-05 0.0004807086 0.00035284975 9.085282e-07 9.8641256e-05 4.85721e-06 0.0002951812 0.00014439563 0.05313951 2.4616809e-06 0.0004783525 0.00016866303 1.936153e-05 7.4778916e-05 5.4884085e-06 1.8369515e-06 2.7579063e-06 0.00017858318 5.7098454e-10 6.078285e-06 6.295343e-06
0.80498016 2.5095187e-05 1.710744e-05 2.7394795e-05 0.0014907587 1.0926955e-06 0.012772647 4.0482366e-05 0.00059379864 0.42991588 1.9848017e-06 7.862987e-05 2.1707969e-07 4.8826587e-05 0.9079065 3.3471593e-07 6.0542416e-06 0.19134192 0.020086791 2.125109e-06 0.30139405 0.00024007652 1.324369e-17 3.7121985e-08 5.726934e-07 0.99124235 0.8981707 9.104255e-06 0.005589431 0.031315606 4.983851e-06 6.852625e-06 2.2048198e-07 2.722248e-06 1.6244157e-06 2.4594573e-07 5.222421e-07 3.292177e-06 0.48247984 0.015074411 8.119209e-07 1.7804938e-06 0.0039799637 1.7993533e-07 8.296205e-09 6.169069e-05 2.751929e-06 2.2102465e-06 0.022829892 0.015255459 0.29731917 0.00016177032 0.00016226368 0.036487196 0.00088248384 2.830891e-07 0.030466458 0.014281058 0.10468158 9.576597e-09 2.0598716e-06 0.0002453754 0.014938849 0.0126679875 0.0018798 8.1711375e-09 0.00010185402 0.12095775 7.1805104e-08 1.2993418e-06 8.263152e-09 0.010453373 0.048657052 0.0015874963 2.1602776e-08 2.5437112e-06 0.00034189722 1.5195974e-06 2.4255448e-07 0.0016428009 0.00011874081 0.0018253552 3.2404117e-07 0.0007486493 0.0015315326 0.00074559223 0.001861381 3.012919e-05 0.00027088512 5.281092e-06 0.011750588 1.4552138e-07 4.9098722e-05 0.00012645873 0.00073459215 1.1538964e-08 1.151148e-05 3.6531463e-05 5.0591825e-10 1.2952411e-07 6.112209e-06
0.9671385 3.6346082e-06 3.896652e-06 2.79755e-05 8.134462e-07 0.00044316513 4.5086917e-06 0.0069727637 1.9277966e-06 2.3245514e-07 0.398781 4.6538786e-05 0.8947785 0.20165348 2.1201068e-08 0.03079378 0.0018289571 1.585555e-06 3.2875055e-06 0.855761 1.3217408e-06 0.0041735163 3.7121985e-08 4.43421e-15 0.8241291 4.4130722e-08 1.4970136e-07 0.2648351 0.00021725378 2.8656007e-06 0.0007236265 0.018882474 0.6688043 0.8512573 0.3147061 0.9279453 0.44121012 0.8956359 4.6508234e-08 0.00016232266 0.70958275 0.29799893 8.926205e-06 0.47746715 0.5033345 2.0498059e-05 0.14348826 0.00097221136 1.9805907e-06 0.0001110334 3.8363768e-07 0.24012779 1.5529737e-05 4.6514266e-08 7.5928515e-06 0.08683856 3.6319057e-06 5.1821156e-05 4.6459384e-08 0.22617534 0.07756783 0.10790413 3.3130797e-07 1.06737295e-08 2.336918e-06 0.06752249 0.00025693624 1.601292e-06 0.07528862 0.2638506 0.09606992 5.483724e-07 1.245945e-06 0.021265041 0.00015882245 0.022620035 6.6952055e-08 0.001220472 0.0037018796 2.612091e-07 5.9570857e-07 5.8821166e-07 0.037031405 1.035446e-07 1.1547204e-07 3.368173e-08 4.916385e-07 8.4658706e-07 0.058087647 4.3092324e-08 2.9773787e-06 0.010469415 4.0302623e-07 5.273065e-06 9.096908e-09 4.602906e-05 1.5544945e-08 2.114418e-05 5.302806e-07 1.7766732e-05 1.2470173e-06
0.94035107 0.010027115 0.011225912 0.022471499 0.0002535288 0.13232695 0.0004982454 0.19982445 0.00026335334 5.1745603e-05 0.7567517 0.0036275897 0.8580193 0.55213326 5.4513198e-08 0.89885294 0.32124692 7.824646e-06 6.932116e-05 0.6452229 2.0411313e-05 0.011261335 5.726934e-07 0.8241291 3.5636806e-15 4.2458709e-07 5.888226e-06 0.11014087 0.001403562 1.3435574e-05 0.04925126 0.34532213 0.96645373 0.4779922 0.84865063 0.14440437 0.081885874 0.1477706 2.6292432e-07 0.0007631771 0.0782934 0.59710526 0.00011321459 0.07467991 0.04182346 0.002873111 0.3730103 0.04611989 2.080998e-05 0.00026430868 4.495281e-07 0.10145 0.0003042929 1.088309e-06 2.6172702e-05 0.13444102 1.1275229e-05 0.00016770404 1.0506411e-07 0.06429784 0.13002719 0.07154748 2.0600355e-07 5.579654e-09 6.0916727e-06 0.000104402854 0.0064878464 1.1099983e-06 0.345035 0.0026021793 0.14369188 3.2024494e-07 1.2670946e-06 0.0059099956 2.2868306e-05 0.003855303 4.971167e-08 0.0031307377 0.00045439086 7.987538e-06 1.5018333e-06 8.477759e-06 0.0036460252 2.8400768e-07 1.7131416e-06 1.0415666e-07 3.803454e-06 7.528337e-05 0.009794991 2.6375358e-07 7.3548275e-05 0.0012503648 6.051846e-06 3.392674e-06 1.8630449e-06 7.1035345e-07 4.3082773e-07 0.0001768042 8.8666745e-09 1.9809204e-05 5.7454577e-07
0.5149332 4.3825485e-06 1.9293966e-06 2.254061e-06 8.3939114e-05 1.7348464e-07 0.0014893014 4.4804615e-06 4.6571997e-05 0.24229945 3.5407405e-07 6.0663324e-06 1.0642348e-07 6.175276e-06 0.47638255 2.3712494e-07 1.5569427e-06 0.072975285 0.00803859 6.170593e-07 0.29012007 1.9058269e-05 0.99124235 4.4130722e-08 4.2458709e-07 1.00677385e-17 0.89565086 5.4930433e-06 0.005406165 0.013735191 1.4586437e-06 7.871697e-07 6.248095e-07 1.9223953e-06 9.711845e-07 9.625166e-08 5.9507858e-08 9.3188015e-07 0.9175537 0.012683104 4.8045905e-07 1.4094378e-06 0.0014113641 5.1584305e-08 8.288376e-09 2.1845567e-06 1.0725926e-06 1.7208148e-06 0.07802537 0.041032903 0.1485081 0.00027440122 6.472921e-05 0.23888601 0.00013034251 7.511602e-08 0.20561002 0.014475388 0.034955125 1.8460465e-08 9.9963e-07 0.00011446133 0.08419629 0.33337632 0.00037115987 1.4044544e-08 2.7888074e-05 0.11595753 2.9918766e-07 2.2356356e-07 3.5546492e-09 0.006066382 0.035939794 0.0023195934 3.770551e-07 2.1720632e-06 0.0015996306 5.0074647e-07 1.7458919e-07 0.011612887 0.0016212409 0.018162528 1.305355e-07 0.0021552518 0.011545339 0.002059045 0.011467778 1.5020224e-06 0.00025047234 1.6158407e-06 0.018985601 1.2835433e-07 0.00039645098 0.0007157515 0.0035853283 3.090579e-08 1.6000081e-06 4.1210774e-06 8.4450613e-10 4.007517e-08 0.00028783234
0.9518414 6.7162495e-05 2.866764e-05 4.5006178e-05 0.0031063503 2.6414389e-06 0.024471622 0.000104840765 0.0013382914 0.7214173 1.8531941e-06 2.1592694e-05 4.0156334e-07 3.6314505e-05 0.7969344 9.461057e-07 3.8842745e-06 0.20474866 0.19341846 1.2059103e-06 0.9110052 0.0009288892 0.8981707 1.4970136e-07 5.888226e-06 0.89565086 1.3677358e-14 3.06541e-05 0.12502553 0.047213923 1.0644166e-05 2.6793752e-05 4.6929363e-06 2.0397426e-06 1.6340622e-05 5.003622e-07 2.4528893e-07 1.690977e-06 0.610039 0.1875592 3.7332606e-07 2.530306e-05 0.004535186 6.330219e-08 1.3773608e-08 3.6384736e-05 6.354692e-06 6.154689e-05 0.71527123 0.70515186 0.36240658 0.0023663698 0.00049298385 0.2166783 0.0013214541 2.3454947e-07 0.76071787 0.07838537 0.042299688 6.3113457e-06 1.8479712e-07 0.0033209599 0.018391876 0.03467223 0.0038017482 1.3972665e-05 0.0007554138 0.027112175 1.9949828e-06 6.4266133e-06 1.6014858e-06 0.0069561102 0.01560518 0.038085055 3.3510448e-06 2.7342594e-05 0.00036987965 7.528541e-08 3.1205163e-06 0.010900313 0.0010401076 0.010041417 3.5832652e-06 0.0009783313 0.009292277 0.00027001955 0.0056956057 3.6771994e-06 0.002820372 2.1214682e-06 0.03229792 1.3411851e-05 0.0007338408 0.00041072958 0.0012692668 5.2859388e-08 1.211669e-05 0.0017244192 4.1182113e-07 5.3156003e-07 0.00044911765
0.93392295 0.007035687 0.007573247 0.029139651 0.0020080938 0.024454184 0.009338811 0.22844814 0.0013966663 0.00083848706 0.568423 0.0017695036 0.49225074 0.92443496 2.6354515e-05 0.018715158 0.007807238 2.3885965e-05 0.015705733 0.8934571 0.000595655 0.84858406 9.104255e-06 0.2648351 0.11014087 5.4930433e-06 3.06541e-05 9.483398e-14 0.09988552 9.803042e-06 0.0017541618 0.005857467 0.025834389 0.017708398 0.009844889 0.015134825 0.005970959 0.17426136 6.9538437e-06 0.07514329 0.2649711 0.0060978523 2.0398644e-05 0.05090883 0.013050147 0.0001912196 0.00076714193 0.0010470883 0.0033758176 0.008607066 3.8760118e-06 0.9423898 5.8115926e-05 1.0239665e-05 1.5896998e-05 0.00061511603 0.00055614393 0.0031753832 3.531076e-07 0.00044259048 0.0011881245 0.32535312 7.748889e-07 5.345736e-09 7.590187e-06 0.0052245385 0.00052724924 3.157447e-06 0.0023113128 0.0014940393 6.251284e-05 4.305528e-06 2.388026e-06 0.3807513 2.5260146e-05 0.016912919 7.01404e-08 7.764664e-06 3.3574408e-05 2.0744392e-05 3.736653e-06 2.2689392e-05 0.0051813377 1.0368601e-05 7.056026e-06 3.0116348e-07 2.0944311e-05 4.694557e-06 0.08513485 3.3147134e-07 2.543625e-05 0.0038548782 1.9665952e-06 3.6233228e-06 6.024203e-07 1.0932084e-06 1.1989752e-07 0.00048227352 2.1455234e-08 2.9863168e-06 1.0566264e-06
0.89082325 0.02183631 0.01909216 0.06416858 0.034965586 0.0057996693 0.44936782 0.069770984 0.020925347 0.28478485 0.008621706 0.0023116712 0.0033605502 0.048271585 0.004750473 0.00016191234 0.00018935498 0.0025184702 0.95666265 0.008975327 0.5689769 0.69667417 0.005589431 0.00021725378 0.001403562 0.005406165 0.12502553 0.09988552 1.660967e-16 0.00039765413 0.00020004433 2.4424831e-05 4.45576e-06 0.00011355424 9.484514e-06 2.0217463e-05 2.3629746e-06 0.012184323 0.0011615795 0.9869473 0.0042457986 8.280678e-06 0.0019578235 0.0013978343 0.00019584817 0.0005357657 2.8359211e-06 0.00019202643 0.2447384 0.31850445 5.64011e-05 0.18330708 4.5090503e-05 0.0141588515 1.1195788e-05 4.216324e-06 0.06548727 0.052447643 3.7848918e-06 1.0820983e-06 5.519354e-05 0.114223234 0.00023449324 1.6358976e-05 4.3370682e-07 1.6856678e-05 0.0011425995 6.454822e-05 7.4964873e-06 2.9245495e-05 2.8172792e-07 3.0677277e-06 2.2666682e-05 0.57778263 2.7782964e-06 0.0068610096 9.992095e-07 8.475133e-06 8.272145e-08 0.002945878 5.827337e-05 0.0050433497 0.009485428 7.325793e-06 0.0013923718 3.6311715e-06 0.00083937397 0.00011085417 0.057542205 1.7862809e-05 0.004291815 0.00060912955 2.230377e-06 4.536087e-06 0.00016493957 1.2594877e-08 6.240404e-06 7.9566904e-05 2.9862164e-08 2.9518412e-07 8.8642736e-07
0.5650825 0.025041938 0.014296504 0.010074308 0.1623075 0.0007466354 0.08912033 0.00094441726 0.52391523 0.3045147 0.00017748163 0.020597594 5.6878867e-05 0.00016702936 0.39867455 3.8482645e-05 0.00041161658 0.9828377 0.016232181 3.583045e-05 0.049740378 0.00023315464 0.031315606 2.8656007e-06 1.3435574e-05 0.013735191 0.047213923 9.803042e-06 0.00039765413 4.7913787e-15 0.0010530753 0.00064790755 9.486607e-07 9.632174e-06 6.351147e-06 1.3640574e-06 1.8619775e-06 5.4621446e-06 0.0042067654 0.00042968916 6.0490415e-06 4.6110363e-06 0.894874 2.0388966e-06 5.746373e-07 0.08653628 5.712662e-06 0.0007620116 0.00043692533 0.00072284066 0.9217438 4.631855e-05 0.333924 0.00017714124 0.5883129 9.428046e-07 0.0003275785 0.0010027881 0.9156318 2.9416515e-07 6.135906e-07 0.00029972673 0.00028471102 0.00031745672 0.42125416 1.1127906e-07 0.008051848 0.043307245 1.9696481e-05 3.1516154e-07 1.2408389e-06 0.41542646 0.05116885 0.0003201376 3.6312586e-06 6.59168e-07 1.0398686e-05 1.0864811e-05 2.6182872e-06 0.00016563709 1.3022825e-05 0.00018369446 2.7371748e-06 2.8239127e-05 7.471511e-05 6.672206e-05 6.6106295e-05 0.00032399132 0.00029249722 0.0011776616 0.00086893426 3.8619663e-07 1.7728415e-05 3.4671293e-06 2.2496444e-05 5.3704195e-08 0.02796438 8.4812e-05 1.2024627e-08 7.071304e-06 8.218553e-05
0.33707476 0.20709516 0.21891044 0.22935355 0.061869048 0.5555671 0.009939373 0.19297925 0.06461185 0.0003687477 0.106540665 0.89445585 0.04084787 0.087720565 8.374054e-06 0.3596601 0.7787165 0.0006846548 0.00020425985 0.009799416 4.1793955e-05 0.009436637 4.983851e-06 0.0007236265 0.04925126 1.4586437e-06 1.0644166e-05 0.0017541618 0.00020004433 0.0010530753 5.5297103e-17 0.9927969 0.0010608854 0.00035308706 0.0060152626 1.6540685e-05 9.865236e-05 7.7582365e-05 2.103173e-06 0.000111570494 4.5568406e-05 0.02107161 0.0054777525 2.6829062e-05 3.563289e-06 0.46463814 0.0052256244 0.8153827 3.8766957e-06 4.4942695e-05 1.3517138e-06 0.00016526031 0.007169102 9.569185e-07 0.0007409543 0.00060542766 5.1250718e-06 9.522883e-05 2.393144e-06 9.634906e-05 0.101999894 0.00025843998 3.9770833e-07 1.4376669e-08 5.920561e-05 1.5721564e-07 0.28810143 2.0717653e-06 0.21250248 1.9581378e-06 9.640026e-05 1.2610562e-06 1.0995205e-06 0.0008268277 5.360731e-07 0.00014532133 4.6235616e-07 0.10998786 5.5753044e-05 4.3966502e-05 2.485535e-06 7.184994e-05 1.7493838e-05 1.1379419e-07 1.6814172e-06 1.3892887e-07 3.5381363e-06 0.011864952 0.0012820908 0.0006712827 8.229784e-05 1.8352695e-05 2.1039132e-06 2.2151821e-06 2.5520905e-07 1.1696975e-07 0.0012668113 0.022745691 4.039108e-09 0.00025274977 2.242455e-06
