2.7133464e-18 0.98238325 0.9897914 0.9839079 0.95961183 0.98515815 0.92253464 0.98525006 0.6985689 0.6740169 0.9653492 0.33926398 0.99212897 0.8507581 0.9700593 0.9547478 0.96874136 0.97902846 0.6304259 0.9513139 0.8843984 0.84815246 0.4682815 0.91475505 0.2538855 0.79357696 0.26996 0.9694582 0.83317775 0.26952633 0.032086354 0.95455176 0.77579385 0.90606177 0.4461353 0.8095697 0.9703927 0.93317115 0.45194626 0.9004013 0.89056027 0.21011421 0.6518016 0.99609447 0.94352174 0.31062904 0.85420364 0.06634782 0.054491676 0.025758175 0.8437305 0.8168499 0.01727279 0.42668808 0.61144865 0.09307088 0.8089193 0.083805084 0.14981832 0.8742999 0.08863206 0.9798853 0.8538767 0.0581747 0.3957383 0.8396472 0.003589042 0.9254091 0.8983449 0.10144381 0.02080438 0.005344519 0.16508885 0.05906528 0.030330662 0.051871866 0.0070128934 0.99794286 0.22742915 0.8303698 0.0032000865 0.80528903 0.0002433844 0.8425409 0.89948916 0.86124015 0.77012503 0.93433505 0.67606896 0.60573715 0.954771 0.99890476 0.06778012 0.9857287 0.06778109 1.2876458e-05 0.99992085 0.82825226 0.0002503635 0.0006439067 0.997748
0.98238325 2.335517e-13 0.8857464 0.8232677 0.9195355 0.53086704 0.009145243 0.91281265 0.82071656 0.81633604 0.030045789 0.7731616 0.04261574 0.0021103288 0.34905106 0.051756725 0.00068920315 8.526576e-05 0.00068939745 0.00027376766 1.0284813e-05 0.0034758945 8.764295e-05 0.09434673 0.6000574 3.5235276e-05 0.27586278 0.037883446 0.00022912787 0.39858183 0.16352671 8.843949e-05 0.01300586 4.9630057e-06 0.0951613 0.08711845 0.00025594942 0.00045561587 0.0002501618 0.005220178 4.4446197e-06 0.0011347646 0.1408866 0.2741267 0.033520307 7.674661e-05 0.015035274 0.00012557936 0.03660738 0.056419272 4.5654877e-05 1.3037558e-06 0.015119787 1.2890076e-06 2.1367525e-07 0.22100112 0.00010111104 4.0685272e-06 0.30875796 2.0103547e-05 0.013840072 0.0006067105 8.0503305e-06 4.3377262e-05 1.8293564e-05 0.019993452 1.9700801e-05 0.00044609135 3.346725e-07 2.1982883e-05 1.8597007e-06 7.11632e-06 7.039462e-05 5.183737e-07 0.03858904 5.472622e-07 3.129767e-06 6.655361e-06 2.7482888e-06 3.0599786e-08 0.0104078185 0.00024700433 0.00019695851 0.021622239 0.0014449294 5.9268737e-06 1.7870816e-05 0.013635608 8.1113e-07 1.4678524e-06 3.0055322e-05 0.02226535 3.2804508e-07 0.00061671605 3.0621493e-07 4.138738e-06 0.009813061 1.5706435e-06 2.5575065e-07 3.8166716e-05 0.006156803
0.9897914 0.8857464 1.2113921e-12 0.36558005 0.9584288 0.10063858 0.0004460845 0.8078414 0.643792 0.9151676 0.04303368 0.79187787 0.008129345 9.00354e-05 0.8096704 0.057627082 0.0013920546 9.483754e-06 0.0001225762 0.00044975028 7.374605e-07 0.010527802 1.4823003e-05 0.009668204 0.64156216 3.2054331e-06 0.10608867 0.05200654 6.102544e-05 0.60314083 0.069249995 0.00020393227 0.03532893 3.8555817e-07 0.013820499 0.36906672 2.7166318e-05 5.3564796e-05 0.0011482355 0.0056160185 6.3363217e-07 0.004951808 0.6030984 0.18483989 0.012162583 1.2917672e-05 0.013834166 0.0004302708 0.21892925 0.25310996 6.9038135e-05 2.8128173e-07 0.06515748 1.2240021e-07 2.9520677e-08 0.43901315 1.1988919e-05 8.988161e-06 0.20495027 3.4530603e-05 0.0028383199 0.000102950136 2.00151e-06 2.3278239e-05 2.429864e-06 0.014593047 9.56878e-06 5.533257e-05 1.3837825e-07 0.00010371306 3.5313808e-06 2.179446e-06 0.00014700938 1.5802474e-06 0.1361213 3.7735728e-07 1.3542492e-06 4.0176943e-07 1.346584e-06 2.4150438e-08 0.023115784 0.00055490027 0.0001483472 0.014560915 0.0017214337 1.6689751e-06 4.078402e-06 0.0040007797 1.8772728e-07 2.8459701e-06 3.7403453e-05 0.014505225 6.3384925e-07 0.00034108985 5.3868723e-07 1.4260744e-05 0.0028533197 3.4857e-07 1.8120215e-06 2.4505323e-05 0.004131116
0.9839079 0.8232677 0.36558005 6.3771503e-13 0.2747463 0.8629125 0.05226125 0.8739171 0.9628273 0.48525098 0.0017742874 0.6236888 0.15590177 0.022131205 0.027706489 0.0062460937 5.9567166e-05 0.00071224675 0.0038924443 2.3270268e-05 5.556853e-05 0.00011825713 0.00031266766 0.67881864 0.5366913 0.0001292161 0.5768213 0.008156164 0.0010265636 0.14270185 0.33968106 7.3409633e-06 0.00020986989 1.8249688e-05 0.6111119 0.012218585 0.00038910465 0.0058997213 1.0366516e-05 0.0016705357 7.539456e-06 9.202586e-05 0.018682912 0.19721217 0.037585035 0.00022562331 0.0045423494 1.223478e-05 0.0059838705 0.006380857 2.0433035e-06 1.7911107e-06 0.001681572 2.5506633e-06 3.6645247e-07 0.09873599 0.00020346661 6.321649e-07 0.53551054 3.5902294e-06 0.14509353 0.000966506 2.069081e-05 0.00049932423 4.0712348e-05 0.0065280986 0.00020381465 0.0007266095 9.54667e-07 2.8190707e-06 2.247813e-07 4.7688172e-06 1.51857685e-05 3.315461e-08 0.0046889484 8.149087e-08 1.7990352e-06 3.0226007e-05 1.0522816e-05 3.606492e-08 0.009188538 0.00016338077 0.00031257048 0.0070031495 0.0006909013 1.4326706e-05 1.3049828e-05 0.006531455 4.5349384e-07 1.1735071e-06 7.9672245e-06 0.0068416265 3.8930284e-07 9.784637e-05 2.348886e-07 4.397583e-06 0.008042984 1.1084127e-06 6.675543e-08 5.4059714e-05 0.0030229639
0.95961183 0.9195355 0.9584288 0.2747463 3.474775e-14 0.026107632 2.9683815e-05 0.33793038 0.36526322 0.9567397 0.04024355 0.6640027 0.0014313161 1.4668595e-05 0.8803304 0.037127867 0.002956868 1.774955e-06 3.2188706e-05 0.00081041676 1.8402065e-07 0.007867612 3.989161e-06 0.0017387562 0.5481157 7.3833667e-07 0.026351426 0.047655057 4.5238485e-06 0.5831618 0.01657591 0.00019280135 0.0649457 1.1607698e-07 0.00082001585 0.4525731 3.135826e-06 2.7682224e-06 0.0011678135 0.0045821336 1.429957e-07 0.0063405544 0.75774616 0.060303774 0.0038445082 8.812873e-07 0.008853372 0.0004921552 0.35163602 0.3597945 4.053634e-05 9.268994e-08 0.12243616 1.976251e-08 6.213215e-09 0.38821903 1.5614185e-06 5.5330747e-06 0.08422613 3.1960637e-05 0.00039082245 1.7709977e-05 6.818697e-07 2.420033e-06 5.047976e-07 0.008655983 1.2067904e-06 4.0019454e-06 3.9654093e-08 9.303422e-05 2.76761e-06 3.9856644e-07 0.00011431384 3.010004e-07 0.2233271 4.0591033e-07 3.1835606e-07 7.8535244e-08 3.0415055e-07 1.001416e-08 0.019903928 0.00034909265 9.3610746e-05 0.007038643 0.00091644947 2.1582657e-06 3.8752096e-06 0.00060252205 1.5510005e-07 2.6402276e-06 1.1219356e-05 0.0064345957 9.2323336e-07 0.00012021842 1.0650491e-07 2.6653861e-05 0.00085729867 6.379706e-07 3.6132503e-06 8.761984e-06 0.00169331
0.98515815 0.53086704 0.10063858 0.8629125 0.026107632 1.2798351e-14 0.46168467 0.602476 0.7606899 0.03125274 0.0006505293 0.08023422 0.5414442 0.4624572 0.000713348 0.0021534385 1.4014395e-05 0.013250563 0.117707916 3.5883882e-06 0.0016569879 1.22139945e-05 0.009244705 0.96782833 0.091798015 0.0023303484 0.54700696 0.0038439217 0.021908864 0.0141640995 0.23320426 4.1634125e-06 1.8205603e-05 0.00022332354 0.7600404 0.0005957226 0.0024394593 0.14248627 2.9829578e-06 0.00073329057 2.9379538e-05 1.9144576e-05 0.00097289716 0.15974972 0.07304691 0.0065840855 0.0026181962 1.8453445e-06 0.00038338426 0.0007304683 1.6342368e-07 3.6019745e-05 0.00022714345 1.5283911e-05 3.5215608e-06 0.00825113 0.00084580237 2.2221825e-07 0.4632858 2.8302525e-06 0.47051293 0.0027382392 0.00025892127 0.010646015 0.00015250359 0.0038995708 0.002705352 0.0024270609 2.639492e-06 7.640855e-07 8.432386e-08 5.127255e-05 9.375509e-06 1.1945163e-09 0.00014637844 1.0798689e-07 1.1361787e-05 0.00014048016 2.1076054e-05 8.1792344e-08 0.0012902395 8.815798e-05 0.0003874229 0.0077037886 0.000506741 8.834466e-05 0.00010381053 0.011669979 7.3207443e-06 3.536797e-06 2.266369e-06 0.0052621593 1.8175581e-06 5.361866e-05 1.7427743e-07 2.322793e-06 0.012132776 1.263433e-05 1.5661636e-08 0.00054651144 0.001311141
0.92253464 0.009145243 0.0004460845 0.05226125 2.9683815e-05 0.46168467 1.2758916e-14 0.32010803 0.0075447867 2.3943529e-05 8.370896e-05 0.0003668343 0.97416633 0.98235685 2.0023108e-05 0.00055165833 2.376548e-06 0.7199743 0.6779385 1.009125e-06 0.15951207 2.6331716e-06 0.31968337 0.5572497 0.0001433464 0.39460394 0.007207007 0.0008244333 0.40786907 6.964214e-05 0.0014621849 8.242249e-07 2.2953948e-06 0.00653309 0.16259035 9.808214e-06 0.08823845 0.33371273 5.869369e-07 0.00015492216 0.0012826379 1.2503415e-05 1.7901425e-06 0.2035002 0.32579678 0.029359857 0.0021810264 1.0739702e-06 6.8942984e-07 1.6654825e-05 1.4790156e-07 0.00022897452 9.203321e-06 0.0006122781 0.0001858621 5.5732467e-05 0.0067271087 5.5277532e-08 0.0030624343 1.417711e-06 0.15108453 0.019089516 0.00033857624 0.0728533 0.0027674478 0.003003906 0.0010536981 0.009714611 4.662937e-05 2.2728364e-06 2.5574298e-08 0.0015606293 5.382177e-06 7.8969115e-10 2.6208494e-07 4.985365e-07 0.00075961003 0.0011262812 2.5459209e-05 2.1110623e-06 5.882018e-06 4.017833e-05 1.6101583e-06 0.0068199597 9.5372074e-05 7.899967e-05 6.0095885e-05 0.04787714 6.3669636e-06 1.1632228e-06 5.3776796e-07 0.011203366 7.2407795e-07 3.175789e-05 5.2563627e-07 3.850904e-07 0.024670666 1.6906619e-05 2.4131882e-08 0.000492821 0.0017613136
0.98525006 0.91281265 0.8078414 0.8739171 0.33793038 0.602476 0.32010803 3.0653874e-12 0.06167722 0.03346512 0.32692364 0.017934928 0.67046565 0.034164675 0.14368849 0.5987956 0.008647196 0.023226794 0.0032052086 0.0022426154 0.0012317676 0.004900257 0.0005065588 0.038854208 0.0068661016 0.00040451938 0.00678488 0.50889874 0.001262965 0.009309152 0.0015453747 0.0017117137 0.0025164916 0.0008378991 0.0026248305 0.0075318064 0.019439615 0.0018750714 0.00022184802 0.0329486 0.00017049225 0.00018661677 0.0034715284 0.93813825 0.3738525 5.8995047e-05 0.09956713 2.5051619e-05 0.0005557309 0.00056402094 0.000486595 7.188305e-05 0.00017946654 3.901462e-05 1.3575784e-05 0.00073259824 0.0013571138 1.2677371e-05 0.006685046 0.00050390296 0.0029062731 0.012540057 0.00018839187 0.0002249796 1.978836e-05 0.036790162 5.9016482e-05 0.001644744 4.7219464e-06 3.7207494e-05 1.2771367e-05 1.9191575e-05 8.117476e-05 5.449935e-07 0.0006893799 2.0008802e-06 9.22579e-06 1.9885674e-05 5.703141e-06 1.0768204e-06 0.0001862855 0.0034825671 7.819879e-06 0.037975308 0.002672142 2.1279473e-05 3.77421e-05 0.13906689 5.3151516e-06 3.3532954e-06 6.498001e-05 0.061224252 4.924458e-06 0.0026733428 2.644046e-07 2.5991978e-06 0.026881415 9.340506e-06 1.2910845e-06 5.6938894e-05 0.016784925
0.6985689 0.82071656 0.643792 0.9628273 0.36526322 0.7606899 0.0075447867 0.06167722 9.577184e-16 0.7289185 0.00020463887 0.94513404 0.0061518266 0.0013695185 0.0018736735 0.00031805306 9.717435e-06 6.399406e-05 0.0004912075 3.3072506e-06 7.432271e-06 5.7454495e-06 9.700283e-05 0.38569742 0.69588256 3.85345e-05 0.9658201 0.0003040588 0.0002258931 0.112565115 0.7882055 2.198524e-06 3.7070462e-05 2.4926467e-06 0.64113855 0.0018156986 3.3244865e-05 0.0001986726 2.4201556e-06 3.3801003e-05 9.914616e-06 6.624362e-05 0.0031637547 0.010008773 0.003529481 6.9221074e-05 0.00010303244 1.4092948e-05 0.0062299604 0.018159973 6.5806034e-08 1.8101044e-06 0.0051166266 1.7259952e-06 2.3730071e-07 0.08330993 2.8675378e-05 5.3524115e-08 0.6337652 2.0507025e-06 0.048781026 1.5858914e-05 6.4526093e-06 0.00030866035 1.8262292e-05 0.00013931052 0.00011508347 2.8817964e-05 9.099702e-07 6.629614e-05 5.318551e-09 5.9574275e-05 2.0772175e-06 4.5414823e-09 0.0050689806 8.3293503e-07 1.2090782e-06 5.23199e-06 1.4360535e-05 7.39376e-07 0.026253918 2.5055454e-06 0.005288335 0.00046880497 8.4292915e-06 6.5300934e-05 2.3616667e-05 0.0003736169 7.977485e-07 7.5137905e-07 5.640758e-06 0.00043229214 6.4486408e-06 6.5536356e-06 2.439244e-06 8.67034e-06 0.0006015656 3.0340343e-05 3.7594597e-07 0.0019803068 0.00026890653
0.6740169 0.81633604 0.9151676 0.48525098 0.9567397 0.03125274 2.3943529e-05 0.03346512 0.7289185 3.3815514e-14 0.0035095282 0.98888236 0.00021450123 1.0063566e-05 0.23727852 0.0030454416 0.00036551798 4.435924e-07 2.3338565e-05 0.00016851655 3.266344e-07 0.00031095484 5.692757e-06 0.0009015351 0.8815684 3.1302955e-06 0.121224016 0.0033156008 1.6448537e-05 0.6472344 0.06076173 3.4398872e-05 0.008163477 2.2226763e-07 0.0015998685 0.11380859 2.880215e-06 2.2203978e-06 4.3145523e-05 0.00031530182 3.961408e-07 0.0006400948 0.3901658 0.0067306864 0.0005000917 1.3266645e-06 0.00078603445 8.3783874e-05 0.17535016 0.22986728 1.686524e-06 1.9882201e-07 0.052350894 3.6209805e-08 7.427045e-09 0.26718757 9.262768e-07 1.2321059e-06 0.25591585 9.653499e-06 3.0198433e-05 1.2051285e-06 7.8826423e-07 3.113094e-06 1.6514875e-06 0.0008302071 9.472595e-07 1.1922316e-06 4.2978638e-08 0.00022578069 7.8584804e-07 9.57874e-06 2.3448014e-05 1.32432465e-08 0.17636268 5.845522e-07 6.993531e-07 1.5744159e-07 1.1945215e-06 6.869435e-08 0.022140978 0.00010293716 0.0013256819 0.00096850184 4.2269192e-05 4.32574e-06 1.9794447e-06 0.00016600618 6.432236e-08 2.1473597e-06 4.6182536e-06 0.00086512155 2.27019e-05 3.6226025e-05 1.8783805e-06 4.9433147e-05 0.00023420027 4.586302e-06 5.0451918e-06 0.00021648707 0.00041818593
0.9653492 0.030045789 0.04303368 0.0017742874 0.04024355 0.0006505293 8.370896e-05 0.32692364 0.00020463887 0.0035095282 8.434452e-14 0.0010782675 0.0039244103 4.832106e-05 0.861196 0.96506727 0.9247043 2.0565907e-05 3.1958927e-05 0.7487104 4.0622865e-07 0.8473352 1.295739e-05 5.2533363e-05 0.0002947612 9.875956e-07 0.00017487639 0.65064764 1.5755817e-05 0.0030852216 6.257219e-05 0.31410998 0.5612831 7.790993e-07 2.9958397e-05 0.23934655 5.4561337e-05 2.2155698e-05 0.32427812 0.22638592 9.289989e-07 0.08698005 0.109455906 0.15841389 0.021516275 2.7686315e-06 0.091256164 0.031475708 0.0073463805 0.0015736867 0.31236696 2.3782927e-07 0.0011650698 4.5726338e-07 1.10584004e-07 0.00019697014 6.0430334e-06 0.016779227 2.9736811e-06 0.29275522 9.61962e-05 9.046946e-05 2.216376e-06 4.1574535e-06 1.4194251e-06 0.044972464 2.031676e-06 2.8905932e-05 7.0195675e-08 0.03276585 0.0066750385 8.197539e-06 0.0032727176 0.00092412665 0.0341278 0.0002138731 2.2839004e-06 8.4549856e-07 7.1934023e-06 4.382197e-08 1.532209e-05 0.040362995 1.5298034e-06 0.041920137 0.01837914 1.4634438e-06 3.0962822e-06 0.01185072 2.5357233e-06 2.0479381e-05 0.008702504 0.052719668 1.9786321e-05 0.01490218 1.3827371e-06 3.899388e-06 0.010940988 2.1552722e-05 4.8183674e-06 0.0001339491 0.022542274
0.33926398 0.7731616 0.79187787 0.6236888 0.6640027 0.08023422 0.0003668343 0.017934928 0.94513404 0.98888236 0.0010782675 3.9715845e-16 0.0010429588 0.00016366302 0.016457772 0.0006599062 0.00016781763 3.216149e-05 7.001467e-05 6.2090105e-05 7.0968686e-06 6.0432158e-05 9.649661e-06 0.00611246 0.9696263 7.18658e-06 0.6693235 0.0008112009 0.000112535236 0.37388474 0.23457523 3.636833e-05 0.00041242837 3.1497211e-06 0.018745078 0.01166337 2.7979531e-05 1.8091545e-05 4.972291e-06 5.7221474e-05 1.7557473e-06 0.00013151797 0.025743162 0.0029491123 0.0008135631 2.1078708e-05 0.0001629516 8.223747e-06 0.014950628 0.028195107 8.618844e-07 1.5130971e-06 0.0071452186 1.4221736e-07 3.4112514e-08 0.10793399 4.2934194e-06 2.1506378e-07 0.3260736 5.713713e-06 0.00085908076 3.9431975e-06 3.4826414e-06 1.2135257e-06 2.1404328e-06 0.00029413615 1.6101782e-06 1.0697496e-06 6.7469706e-08 3.4574663e-05 1.6664574e-08 2.0047307e-06 2.6207856e-06 4.1798294e-09 0.010211197 1.9133314e-07 3.6778673e-07 1.7750219e-07 6.219927e-07 3.2497226e-08 0.007528316 7.0141537e-06 0.0010368103 0.00024838434 4.7134386e-06 4.373038e-06 7.272018e-07 7.234962e-05 1.0929963e-07 7.4794946e-07 6.5469044e-07 0.00021510904 1.7633405e-06 2.21401e-06 1.9971758e-08 2.7759594e-05 0.00022769455 3.4666202e-06 4.8791344e-07 5.8126843e-05 8.7864726e-05
0.99212897 0.04261574 0.008129345 0.15590177 0.0014313161 0.5414442 0.97416633 0.67046565 0.0061518266 0.00021450123 0.0039244103 0.0010429588 3.802389e-13 0.48625463 0.0006245477 0.0073527237 0.00012684343 0.6442746 0.1339531 2.1916816e-05 0.09195488 2.3769006e-05 0.027003648 0.21063976 0.00031079387 0.02794151 0.0043280944 0.010530323 0.044144113 0.00020047632 0.0010046264 8.523328e-06 3.6818896e-05 0.009708985 0.038063973 9.068506e-05 0.14132927 0.0338797 5.883309e-06 0.0011604175 0.0030115172 4.3300715e-05 1.2843578e-05 0.6526834 0.8591133 0.0024262196 0.016499117 4.2926213e-06 2.1180185e-05 9.751316e-05 2.0493846e-06 0.0009813836 5.483295e-05 0.00064966845 0.00043081073 0.00018186314 0.0041196416 2.8033773e-07 0.00077313144 2.018406e-05 0.025879467 0.04359772 0.000709651 0.0046508997 0.001433702 0.025377737 0.00036080557 0.0067340448 0.000120268305 1.1126919e-05 2.6475152e-07 0.0003498277 7.0598085e-06 5.0936264e-09 1.9171973e-06 4.1805473e-07 0.00033955227 0.0002933859 0.00010850839 2.7933247e-05 1.6446214e-05 0.00066277623 4.044576e-06 0.046884835 0.0024561165 9.394057e-05 9.130981e-05 0.29722905 3.8237282e-05 2.797359e-06 4.846221e-06 0.106630675 2.9619664e-06 0.00068229553 2.8346692e-06 1.8505476e-07 0.18860155 3.499577e-05 3.7612637e-07 0.00014236319 0.013748938
0.8507581 0.0021103288 9.00354e-05 0.022131205 1.4668595e-05 0.4624572 0.98235685 0.034164675 0.0013695185 1.0063566e-05 4.832106e-05 0.00016366302 0.48625463 1.8394991e-15 7.110228e-06 0.00015584713 1.5971922e-06 0.706128 0.98064744 1.9860136e-06 0.4228146 1.7131238e-06 0.6190861 0.52770305 7.7488825e-05 0.69781184 0.0029095132 0.00018239534 0.4534296 3.037514e-05 0.00069912715 2.0142284e-06 8.743649e-07 0.020728387 0.066253744 9.752995e-06 0.03871761 0.42666236 4.0713152e-07 5.7361016e-05 0.001510307 1.6322307e-05 7.536044e-07 0.0347571 0.11470728 0.08070078 0.00040211793 4.2723723e-06 2.3923453e-06 3.2358665e-05 7.581787e-08 0.0004501566 3.8468366e-05 0.0011789021 0.00016278974 8.3519095e-05 0.00330604 4.19048e-08 0.0009581487 6.8916563e-07 0.15310341 0.005888768 0.00035348043 0.104984105 0.005125835 0.0006288248 0.002144179 0.0046183355 5.3022497e-05 1.1720308e-06 2.8273077e-09 0.005386773 1.2860693e-06 4.219107e-10 7.0479956e-08 9.7953496e-08 0.0010737543 0.0007123559 3.1368418e-05 1.1563332e-06 6.927374e-06 1.3670691e-05 3.4241586e-06 0.001327236 5.3289878e-06 0.00016217396 5.716202e-05 0.007655732 8.002948e-06 1.9153936e-06 1.1801433e-06 0.0017743146 1.5706914e-06 1.0177862e-05 2.0658608e-07 6.364128e-08 0.0054581743 6.799269e-05 4.594343e-08 0.0010300253 0.00053776364
0.9700593 0.34905106 0.8096704 0.027706489 0.8803304 0.000713348 2.0023108e-05 0.14368849 0.0018736735 0.23727852 0.861196 0.016457772 0.0006245477 7.110228e-06 5.841762e-14 0.647898 0.25012797 3.455505e-07 5.956175e-06 0.13733879 1.4556566e-07 0.6076655 1.2562333e-06 3.8577666e-05 0.0050394004 3.4355264e-07 0.000116549476 0.60624546 1.2530088e-06 0.0842795 0.00017067217 0.02677447 0.88446224 1.5227359e-07 1.161965e-05 0.9795815 4.8767647e-06 1.4555219e-07 0.17888409 0.038517363 5.5370705e-08 0.24858274 0.59922695 0.14476469 0.0048876884 1.5306753e-07 0.06943618 0.028286042 0.18346243 0.048685934 0.0022271962 1.17095645e-07 0.048593 4.9044967e-08 2.6068212e-08 0.013016146 9.068869e-07 0.0010636937 6.0334543e-05 0.00056640134 1.1382132e-05 7.3792025e-06 3.9830806e-07 5.789846e-07 5.014695e-07 0.032243412 3.028775e-07 6.9245475e-06 8.275096e-08 0.0031531416 7.815178e-05 5.961172e-07 0.0001705817 1.1937215e-05 0.3490588 5.0836516e-06 6.198505e-08 1.1923049e-07 1.1980216e-06 1.245317e-07 0.0015290449 0.004693812 2.9560742e-06 0.029816994 0.0036445877 2.050586e-05 5.5478376e-06 0.007176517 1.9436834e-06 3.4385524e-05 0.0001541818 0.012445497 5.910471e-06 0.0008425748 8.321407e-08 2.28283e-05 0.0012462451 3.3092128e-06 3.8504302e-05 2.2518103e-05 0.0022209021
0.9547478 0.051756725 0.057627082 0.0062460937 0.037127867 0.0021534385 0.00055165833 0.5987956 0.00031805306 0.0030454416 0.96506727 0.0006599062 0.0073527237 0.00015584713 0.647898 2.8900452e-14 0.7349165 0.000108016415 7.2120354e-05 0.6539516 8.587904e-07 0.518791 6.7548326e-06 6.701968e-05 0.0002162873 6.671658e-07 0.00016469578 0.9706401 1.5313426e-05 0.0017857477 2.350522e-05 0.30657157 0.2429808 2.1059066e-06 8.725103e-06 0.1078381 0.00016328106 2.9448092e-05 0.10659224 0.6046645 6.3262866e-07 0.029202757 0.03230074 0.5312123 0.07000663 1.664999e-06 0.22174044 0.008734216 0.0024424216 0.00063286617 0.23087086 3.083286e-07 0.00036940078 2.2188367e-07 2.4001471e-08 0.00010713046 1.2073217e-05 0.010180635 5.444018e-07 0.37674206 4.1936608e-05 0.00044426112 3.425952e-06 1.9891752e-06 3.681942e-07 0.052966464 1.5279516e-06 4.111203e-05 1.5425062e-08 0.005474546 0.003428137 9.95222e-07 0.007179611 0.0007539762 0.011340845 0.00045758972 6.506018e-07 2.192035e-07 1.2684028e-06 1.1741821e-08 6.4532683e-06 0.21663812 4.408019e-07 0.06210632 0.032897368 4.2788207e-07 1.2244335e-06 0.033598237 9.079851e-07 4.3089352e-05 0.015115231 0.0439904 0.00012169702 0.011594229 1.7110605e-07 4.299426e-06 0.011874851 2.8414709e-06 5.1127574e-07 7.7794706e-05 0.029311404
0.96874136 0.00068920315 0.0013920546 5.9567166e-05 0.002956868 1.4014395e-05 2.376548e-06 0.008647196 9.717435e-06 0.00036551798 0.9247043 0.00016781763 0.00012684343 1.5971922e-06 0.25012797 0.7349165 1.2985159e-13 4.5251187e-07 3.29262e-06 0.9338496 2.1649954e-07 0.90232646 2.0285938e-06 7.886029e-06 4.6185647e-05 1.2252376e-07 9.305111e-06 0.6246904 3.9188444e-06 0.00038367783 1.2691403e-05 0.86429566 0.6134933 2.1696894e-07 4.480923e-06 0.089887604 5.0452977e-06 7.732557e-06 0.6478645 0.54779404 2.3606151e-07 0.13007405 0.021522105 0.032074295 0.004364202 1.1774474e-06 0.12763798 0.08915392 0.0023263502 0.00044065964 0.8885593 6.462056e-08 0.00033965267 1.8019257e-07 2.8981576e-08 5.598284e-05 1.1386948e-06 0.21710934 4.4747226e-06 0.53530055 1.4857181e-05 9.450861e-06 3.1368444e-07 1.046923e-06 6.8763137e-07 0.052055374 2.5201302e-06 1.546097e-06 2.666071e-08 0.40461317 0.08272568 8.938259e-06 0.043991778 0.08880502 0.040256556 0.0019759536 1.8732143e-06 3.795761e-08 6.947467e-06 2.6608853e-07 7.756324e-06 0.10788022 8.756641e-07 0.04339233 0.033659868 2.4688586e-06 2.8122151e-06 0.0034401007 2.3305126e-06 6.259821e-05 0.031398464 0.03782923 4.642862e-05 0.029872919 4.3757163e-06 5.382392e-06 0.0028030449 2.5733334e-05 2.0974694e-05 6.8074245e-05 0.02478315
0.97902846 8.526576e-05 9.483754e-06 0.00071224675 1.774955e-06 0.013250563 0.7199743 0.023226794 6.399406e-05 4.435924e-07 2.0565907e-05 3.216149e-05 0.6442746 0.706128 3.455505e-07 0.000108016415 4.5251187e-07 4.9450766e-15 0.70949256 1.3306985e-07 0.97870404 1.379078e-07 0.53266984 0.16108024 7.4673976e-06 0.8664247 0.00038330953 0.00026408193 0.6815654 5.80142e-07 0.00010916635 6.850593e-08 1.0388703e-07 0.5228609 0.010140746 4.6859842e-07 0.76403195 0.7575835 2.5309877e-08 5.774742e-05 0.39256442 4.722919e-06 3.216883e-08 0.041988064 0.61949944 0.2671921 0.0011052666 3.396713e-07 5.186768e-07 1.1216681e-05 3.328996e-08 0.03157306 6.87513e-06 0.09106887 0.0672874 6.543075e-06 0.13370445 5.6288787e-09 0.00020612177 1.9748118e-06 0.07204818 0.11543654 0.006118263 0.2052522 0.18261358 0.0013581186 0.0004439674 0.16972332 0.0052717254 5.3332283e-06 1.521428e-07 0.008270864 1.5049891e-06 5.6631126e-09 1.0145117e-05 3.331475e-07 0.004773716 0.005259681 0.002609045 0.0006759053 8.3402765e-06 3.692694e-06 1.2154901e-06 0.0050064935 4.7973106e-05 0.0003772758 0.0002953747 0.075117536 8.282743e-05 8.9499144e-07 2.4587115e-07 0.0049172714 1.2210156e-06 1.3272511e-05 0.0014777532 1.0819653e-06 0.04915852 0.00010974683 2.3155596e-07 0.0003761133 0.0013347345
0.6304259 0.00068939745 0.0001225762 0.0038924443 3.2188706e-05 0.117707916 0.6779385 0.0032052086 0.0004912075 2.3338565e-05 3.1958927e-05 7.001467e-05 0.1339531 0.98064744 5.956175e-06 7.2120354e-05 3.29262e-06 0.70949256 1.7849442e-16 3.4131515e-06 0.5494279 1.7360272e-06 0.9500069 0.48651612 3.5587742e-05 0.88422513 0.0009870074 0.00011421718 0.94723 3.485624e-05 0.00013794655 2.4869837e-06 2.5841164e-06 0.03263685 0.021346988 9.834852e-06 0.02562162 0.70894945 9.287801e-07 0.00010821583 0.0028714335 4.345591e-06 2.8516915e-06 0.0037196358 0.027438674 0.20211986 0.00013856811 1.3510383e-06 2.3340568e-05 8.8389825e-05 1.9601586e-07 0.001093366 6.353562e-05 0.00051874784 0.00022850421 9.876711e-05 0.0040672296 1.0458626e-07 0.00031704133 2.039883e-06 0.238695 0.002304095 0.0006448525 0.25106725 0.026063992 0.00020095392 0.0027750884 0.0017675809 9.111852e-05 1.6703667e-06 1.3802536e-08 0.01811692 1.5199032e-06 5.8553934e-10 1.0492594e-07 8.5494065e-07 0.0043030917 0.0003790883 4.777268e-05 9.0672565e-06 6.576523e-05 3.4790883e-05 3.9503752e-06 0.000375825 5.2889495e-06 0.00012959894 1.9848085e-05 0.0012634567 6.47027e-06 4.62352e-06 1.7254702e-06 0.0004927364 8.830242e-06 1.3319377e-05 2.1416702e-06 2.7141147e-07 0.0018238735 8.476308e-05 2.5671943e-08 0.005363754 0.00032674673
0.9513139 0.00027376766 0.00044975028 2.3270268e-05 0.00081041676 3.5883882e-06 1.009125e-06 0.0022426154 3.3072506e-06 0.00016851655 0.7487104 6.2090105e-05 2.1916816e-05 1.9860136e-06 0.13733879 0.6539516 0.9338496 1.3306985e-07 3.4131515e-06 1.6211259e-13 1.1750587e-07 0.9394279 3.895472e-07 6.198789e-06 1.3626813e-05 9.7673095e-08 5.4604466e-06 0.49968845 4.119506e-06 9.719766e-05 3.1812285e-06 0.8724311 0.48733014 1.09406415e-07 7.7105125e-07 0.04755984 2.253633e-06 1.1313148e-06 0.65274096 0.38359413 8.42594e-08 0.08527089 0.0094576115 0.012072261 0.0014041599 1.7594189e-07 0.07189414 0.074862435 0.0012419899 0.00046780033 0.9321433 4.4543828e-08 0.00035052566 1.1312128e-07 1.9833427e-08 4.0544764e-05 3.3215423e-07 0.30741364 1.3950979e-06 0.62638384 4.7019053e-06 1.671503e-06 4.160797e-08 5.2079923e-07 1.5861832e-07 0.029581431 4.6578964e-07 1.2255975e-07 7.8256335e-09 0.3452496 0.1164287 1.4434728e-06 0.10175125 0.07172427 0.031824403 0.0037684126 1.7232954e-07 6.8079045e-09 2.8040124e-06 1.3577633e-07 1.8473694e-06 0.04649275 5.2610343e-08 0.020229505 0.015288038 7.426529e-07 6.5238436e-07 0.00093579746 1.705767e-07 5.3828313e-05 0.008622486 0.01239937 9.905897e-05 0.020821236 9.969518e-07 1.3794141e-06 0.0010695544 1.0149153e-05 1.3484416e-05 6.3006287e-06 0.0100720795
0.8843984 1.0284813e-05 7.374605e-07 5.556853e-05 1.8402065e-07 0.0016569879 0.15951207 0.0012317676 7.432271e-06 3.266344e-07 4.0622865e-07 7.0968686e-06 0.09195488 0.4228146 1.4556566e-07 8.587904e-07 2.1649954e-07 0.97870404 0.5494279 1.1750587e-07 2.6346152e-14 8.3489425e-08 0.5767162 0.041190557 8.346707e-06 0.9383208 0.00019019278 9.9847275e-06 0.7024693 5.4783396e-07 3.099368e-05 4.6586624e-08 8.432e-08 0.8183564 0.0017627034 7.4793377e-07 0.7351106 0.6777089 1.6459653e-08 5.9453123e-06 0.8634697 8.634245e-07 3.8420357e-08 0.006710882 0.13454935 0.279662 7.11965e-05 2.957618e-07 1.226726e-07 7.602006e-07 1.6248634e-08 0.082850926 1.2806853e-06 0.49253637 0.38091752 5.5897374e-07 0.16013221 5.9585292e-09 1.5010323e-05 9.300592e-07 0.04832383 0.08309496 0.02491273 0.23520365 0.4441416 0.00030267963 0.00010931136 0.11693467 0.06347965 1.32386e-06 4.8793606e-08 0.010333005 8.76101e-07 1.2235083e-09 8.057432e-07 4.2240939e-07 0.013182016 0.008187161 0.022369903 0.004506476 2.1887984e-06 6.008232e-08 8.07844e-08 0.0008674315 4.6846462e-06 0.0005211398 0.00040253272 0.011210057 0.00010128697 1.8227812e-06 3.99251e-08 0.00080602296 1.721312e-06 5.7157166e-07 0.004006958 1.1174762e-07 0.011142414 0.0002667633 3.9629363e-08 0.00035345447 0.00022696849
0.84815246 0.0034758945 0.010527802 0.00011825713 0.007867612 1.22139945e-05 2.6331716e-06 0.004900257 5.7454495e-06 0.00031095484 0.8473352 6.0432158e-05 2.3769006e-05 1.7131238e-06 0.6076655 0.518791 0.90232646 1.379078e-07 1.7360272e-06 0.9394279 8.3489425e-08 1.0817174e-12 1.8723131e-07 3.3730691e-06 2.0361598e-05 1.4511546e-07 2.1468952e-06 0.42882627 6.8204986e-07 0.00034394642 5.792704e-06 0.22600554 0.9682609 8.061923e-08 7.962636e-08 0.26512757 1.99257e-06 1.2145125e-07 0.94350016 0.15861213 9.2206086e-08 0.3270102 0.050405852 0.011140198 0.000694809 6.998579e-08 0.047803927 0.19901712 0.011338002 0.0054076733 0.42519462 4.6100993e-08 0.0034354436 1.1371297e-08 6.6512773e-09 0.00096973474 1.1170862e-07 0.1365968 6.8555505e-07 0.026342958 5.221629e-07 7.5484087e-07 1.3024811e-07 6.47043e-08 2.1254098e-07 0.018322518 1.08919615e-07 2.50727e-07 2.6914385e-08 0.29425478 0.0321878 1.3299923e-06 0.0041649463 0.020803751 0.14797655 0.00021409393 6.488127e-08 1.09788964e-07 5.263883e-07 3.0882654e-07 1.5490154e-05 0.023088034 2.4332193e-08 0.010777163 0.007760209 2.274956e-05 6.347447e-06 0.0008970171 2.0700143e-07 0.00018580309 0.00452227 0.008586815 4.4660534e-05 0.0063565313 2.6267656e-08 1.3321028e-05 0.0004081118 7.694393e-06 5.0078375e-05 1.6501383e-06 0.0066137356
0.4682815 8.764295e-05 1.4823003e-05 0.00031266766 3.989161e-06 0.009244705 0.31968337 0.0005065588 9.700283e-05 5.692757e-06 1.295739e-05 9.649661e-06 0.027003648 0.6190861 1.2562333e-06 6.7548326e-06 2.0285938e-06 0.53266984 0.9500069 3.895472e-07 0.5767162 1.8723131e-07 1.2565983e-16 0.20725425 5.7551224e-06 0.977882 9.1284026e-05 2.222405e-05 0.97534454 4.973937e-06 1.3398658e-05 5.7592325e-07 1.1671698e-06 0.0541358 0.005005949 1.7045159e-06 0.016462067 0.738748 1.1871708e-07 3.4200057e-05 0.022563985 7.1427377e-07 1.0259326e-06 0.00096299505 0.011008337 0.3279535 1.7177985e-05 1.072504e-07 3.492157e-06 2.2965978e-05 6.432739e-08 0.0054464075 7.083258e-06 0.0112887 0.0021981208 1.6754986e-05 0.005945199 2.5265262e-08 1.3485291e-05 1.1373425e-06 0.11769247 0.0022938815 0.0015283431 0.27786604 0.096677296 1.4451346e-05 0.0010461735 0.002334333 0.00029602836 5.352011e-07 1.9466738e-08 0.025833933 3.6311246e-07 6.5547034e-10 6.249933e-08 1.8991118e-07 0.0071609328 0.00032326265 0.00035525433 1.7686363e-05 1.60478e-05 3.9722945e-06 7.8291016e-08 7.9141435e-05 6.9126077e-07 0.0002207525 7.824396e-05 0.00071524107 2.178379e-05 1.4201196e-06 4.67796e-07 0.00014957729 1.3895901e-06 1.6020082e-06 0.00014549856 1.03559216e-07 0.00078565185 0.00018558154 7.7647236e-08 0.0055796024 7.394846e-05
0.91475505 0.09434673 0.009668204 0.67881864 0.0017387562 0.96782833 0.5572497 0.038854208 0.38569742 0.0009015351 5.2533363e-05 0.00611246 0.21063976 0.52770305 3.8577666e-05 6.701968e-05 7.886029e-06 0.16108024 0.48651612 6.198789e-06 0.041190557 3.3730691e-06 0.20725425 1.8192285e-13 0.0021276472 0.07496546 0.4743189 0.00012210262 0.37074074 0.0001234184 0.25778088 4.703183e-06 2.9659632e-06 0.0029218928 0.97962713 2.3652665e-05 0.0045293136 0.49324292 5.90176e-07 6.212303e-05 0.00017356698 5.5106148e-06 2.0343701e-05 0.02838506 0.051749468 0.34481168 0.00025755912 1.628795e-06 4.789105e-05 0.00035436932 7.263008e-07 0.00014407786 0.00012626569 3.483341e-05 2.667952e-05 0.0009576855 0.00063214597 1.6750303e-07 0.04120943 9.623895e-07 0.7992446 0.0011027734 0.00023263026 0.46160796 0.0037426006 0.00026826136 0.13479085 0.0020134333 2.4623652e-05 4.1152273e-07 3.404102e-08 0.09069047 4.1488366e-07 1.5450258e-09 1.1154671e-05 1.3438579e-06 0.00038622302 0.00021071079 1.6427186e-05 1.5605772e-06 0.0023821872 1.8585915e-05 0.00028078555 0.0038397338 6.0825965e-05 0.00022433899 8.340496e-05 0.015493376 2.6109778e-05 8.316886e-06 2.277712e-06 0.004147421 1.38216965e-05 4.44138e-05 7.710189e-07 2.085477e-06 0.007348539 1.2062639e-05 9.3404043e-07 0.15990822 0.001008003
0.2538855 0.6000574 0.64156216 0.5366913 0.5481157 0.091798015 0.0001433464 0.0068661016 0.69588256 0.8815684 0.0002947612 0.9696263 0.00031079387 7.7488825e-05 0.0050394004 0.0002162873 4.6185647e-05 7.4673976e-06 3.5587742e-05 1.3626813e-05 8.346707e-06 2.0361598e-05 5.7551224e-06 0.0021276472 4.9859677e-13 4.218959e-06 0.51765686 0.00015834878 4.0907915e-05 0.9939493 0.62495136 3.0866975e-06 8.041242e-05 3.4333664e-06 0.011335633 0.0073253824 1.8990611e-05 5.4325997e-06 1.8622953e-06 7.1786135e-06 1.660373e-07 7.282401e-05 0.042403605 0.0013993274 0.00020533659 3.3367583e-06 7.212458e-06 6.1945702e-06 0.079269536 0.2952085 2.6131548e-07 7.746207e-07 0.065952726 2.653005e-07 4.7110877e-08 0.69503367 5.508555e-06 1.3490062e-07 0.81754434 4.3093687e-06 0.0009338312 1.781433e-06 1.3715187e-06 5.0434696e-06 2.94339e-06 3.379085e-05 2.5090271e-06 1.7252662e-06 3.2976192e-08 6.812815e-05 9.2835016e-08 5.986713e-05 3.845496e-06 3.6780357e-09 0.062994115 8.561907e-07 1.85858e-06 1.6104025e-06 4.9272676e-06 8.569802e-08 0.06518579 3.2827966e-06 0.08128853 0.00014718011 2.6465725e-06 1.4214334e-05 4.9719115e-06 5.6451572e-05 2.976582e-07 1.5469287e-06 1.8719007e-07 0.00017988363 7.436313e-06 1.2993777e-06 1.3572507e-07 0.00014218246 0.00015819137 8.4508865e-06 6.48543e-06 0.000755282 0.00010489939
0.79357696 3.5235276e-05 3.2054331e-06 0.0001292161 7.3833667e-07 0.0023303484 0.39460394 0.00040451938 3.85345e-05 3.1302955e-06 9.875956e-07 7.18658e-06 0.02794151 0.69781184 3.4355264e-07 6.671658e-07 1.2252376e-07 0.8664247 0.88422513 9.7673095e-08 0.9383208 1.4511546e-07 0.977882 0.07496546 4.218959e-06 6.394887e-16 6.4860025e-05 1.5359534e-06 0.8316904 1.3550863e-06 8.871992e-06 2.8738341e-07 7.90124e-07 0.452837 0.00067654473 1.0071838e-06 0.09338947 0.71792305 2.3599906e-08 6.9568623e-06 0.4708278 1.3283952e-06 8.814474e-08 0.0011506241 0.016754245 0.4949763 8.591472e-06 1.7889879e-07 9.757277e-07 8.301892e-06 6.1032324e-08 0.052264564 9.419684e-06 0.66547215 0.26438117 1.9525623e-06 0.026872301 9.327798e-09 7.6169517e-06 6.0822947e-07 0.04528137 0.008830857 0.009639269 0.30604658 0.4595551 1.5439537e-05 0.00059982145 0.012015671 0.004182328 1.3440232e-06 7.673058e-09 0.021671358 4.0587147e-06 1.3881178e-09 2.5247715e-07 3.373469e-07 0.02075799 0.0020540573 0.012078222 0.0001779584 5.1474035e-06 2.7709495e-07 1.13022075e-07 0.00012385618 6.2452773e-07 0.0012528689 0.0014650848 0.0016776508 0.0004896132 1.8545168e-06 4.2267493e-07 0.00010868735 7.838522e-06 1.5539832e-06 0.0014321487 1.1084367e-08 0.0014068119 0.0016980878 3.7373837e-08 0.0014377089 8.586733e-05
0.26996 0.27586278 0.10608867 0.5768213 0.026351426 0.54700696 0.007207007 0.00678488 0.9658201 0.121224016 0.00017487639 0.6693235 0.0043280944 0.0029095132 0.000116549476 0.00016469578 9.305111e-06 0.00038330953 0.0009870074 5.4604466e-06 0.00019019278 2.1468952e-06 9.1284026e-05 0.4743189 0.51765686 6.4860025e-05 3.017735e-17 0.0001458684 0.00055173016 0.013426634 0.99622434 2.069128e-07 8.968451e-06 6.661362e-06 0.8535513 2.2689586e-05 0.00013324275 0.0003916857 7.23933e-07 4.3970733e-05 1.7661426e-06 4.083559e-06 2.6288697e-05 0.0034356124 0.0011723422 0.00016606113 5.847339e-05 3.8707418e-07 9.912956e-05 0.0008102622 3.396436e-08 5.345841e-06 0.00013019441 5.145349e-07 3.405454e-07 0.0037384252 4.3403994e-05 1.02925135e-07 0.30676574 1.6612013e-07 0.1272061 0.00017889257 2.8284016e-06 0.00012119482 1.3141679e-06 4.4245076e-05 0.0017042283 0.0001483544 1.0711931e-06 2.1952694e-07 1.1388988e-08 1.0860243e-05 7.133238e-08 4.105445e-10 3.4150715e-05 1.2410707e-08 5.441947e-07 4.5799466e-06 1.8195093e-06 9.0216065e-07 0.0037094508 4.5079458e-05 0.00263563 0.00038642145 9.658905e-06 2.7664215e-05 9.644182e-07 0.00067500124 9.573722e-07 1.5122243e-06 5.4874145e-06 0.0003271112 1.7494703e-07 4.9749474e-06 1.641554e-08 8.6770284e-05 0.00029055608 4.8384904e-06 1.6064166e-07 0.03222534 0.00010310518
0.9694582 0.037883446 0.05200654 0.008156164 0.047655057 0.0038439217 0.0008244333 0.50889874 0.0003040588 0.0033156008 0.65064764 0.0008112009 0.010530323 0.00018239534 0.60624546 0.9706401 0.6246904 0.00026408193 0.00011421718 0.49968845 9.9847275e-06 0.42882627 2.222405e-05 0.00012210262 0.00015834878 1.5359534e-06 0.0001458684 3.6415621e-13 2.2529273e-05 0.0012862473 2.8386987e-05 0.17705323 0.19576624 8.121413e-06 3.776327e-05 0.088673376 0.0005031978 3.7435606e-05 0.06596572 0.8953238 6.881752e-07 0.022350555 0.01980455 0.7709328 0.21313111 4.23889e-06 0.72508854 0.006423899 0.000994189 0.0003245916 0.1876942 3.596439e-06 0.00022313536 9.1994184e-07 1.0388941e-07 2.6863345e-05 5.775337e-05 0.009216654 2.1669816e-06 0.17648414 0.000100059995 0.0020473863 1.833898e-05 4.935309e-06 1.5733015e-06 0.32241517 1.717874e-05 0.00036797678 1.268569e-07 0.0015923659 0.0017659754 2.9265902e-06 0.004503836 0.0011225141 0.011219892 0.00033306956 4.5337515e-06 1.5384779e-06 2.6996647e-06 9.9058624e-08 7.1566105e-06 0.17841466 1.4645118e-06 0.2833332 0.072160475 3.1457043e-06 8.461161e-06 0.10264503 2.3776727e-06 6.0806073e-05 0.015699578 0.120861486 0.00017319708 0.012693813 2.0110642e-07 7.379738e-06 0.028083991 2.9599248e-06 7.013695e-07 5.297574e-05 0.0611636
0.83317775 0.00022912787 6.102544e-05 0.0010265636 4.5238485e-06 0.021908864 0.40786907 0.001262965 0.0002258931 1.6448537e-05 1.5755817e-05 0.000112535236 0.044144113 0.4534296 1.2530088e-06 1.5313426e-05 3.9188444e-06 0.6815654 0.94723 4.119506e-06 0.7024693 6.8204986e-07 0.97534454 0.37074074 4.0907915e-05 0.8316904 0.00055173016 2.2529273e-05 6.8571213e-14 1.4410348e-05 8.9674715e-05 1.5099617e-06 1.399546e-06 0.118959226 0.01128362 2.9937132e-06 0.047040112 0.958389 2.0279487e-07 9.998501e-05 0.0054281526 9.644922e-06 3.7785119e-06 0.0031636867 0.02326062 0.52862495 2.7466132e-05 1.7251245e-06 3.4689798e-05 0.00010216018 8.558694e-08 0.01074555 7.272338e-05 0.001408985 0.00021796997 1.14279665e-05 0.011752482 9.172966e-08 8.9192494e-05 6.6881194e-07 0.33606273 0.0035871738 0.0023438125 0.47510153 0.14072753 3.986094e-05 0.0037414015 0.003290139 8.7993605e-05 7.092944e-06 5.773357e-08 0.04366551 6.6644884e-06 2.4315479e-09 9.927497e-07 6.90062e-07 0.01483607 0.00051221455 0.00022753261 1.5027402e-06 0.000383217 2.1915355e-05 1.5419768e-06 0.00040838995 1.1275556e-06 0.00023718183 0.00010011163 0.0025323534 1.6455942e-05 3.4587342e-06 7.412964e-07 0.0013227287 6.403054e-06 1.8820313e-06 2.6165362e-05 3.58148e-07 0.0044090184 0.00016805643 5.983967e-07 0.009389638 0.0006079903
0.26952633 0.39858183 0.60314083 0.14270185 0.5831618 0.0141640995 6.964214e-05 0.009309152 0.112565115 0.6472344 0.0030852216 0.37388474 0.00020047632 3.037514e-05 0.0842795 0.0017857477 0.00038367783 5.80142e-07 3.485624e-05 9.719766e-05 5.4783396e-07 0.00034394642 4.973937e-06 0.0001234184 0.9939493 1.3550863e-06 0.013426634 0.0012862473 1.4410348e-05 1.4455106e-13 0.019924691 4.263495e-06 0.0026723295 3.1548632e-07 0.0004181042 0.1801056 1.7157593e-06 1.4260253e-07 9.415126e-05 1.3251402e-05 9.429677e-08 0.0018954886 0.63208276 0.0025935215 0.00035400095 6.565117e-07 4.7029793e-05 0.00012325279 0.66070855 0.7447931 3.0369057e-07 3.281587e-07 0.5483241 1.1755553e-07 5.5422483e-08 0.9776825 4.423913e-07 5.193678e-07 0.19342932 7.1485547e-06 1.057271e-05 9.0958885e-08 1.4615845e-06 6.53653e-07 2.8082877e-07 0.00013832595 2.3448038e-07 3.418362e-07 1.1005705e-08 7.300808e-05 1.1533441e-08 1.2816407e-06 5.17949e-06 2.0794204e-09 0.3027265 2.3666055e-06 2.3840037e-07 1.3371086e-07 1.0173384e-06 5.9578504e-08 0.062130682 1.26356435e-05 0.009165657 0.00015688577 1.1039971e-05 1.0136713e-05 6.6065045e-06 8.2494684e-05 1.7157618e-07 3.4467191e-06 7.0536277e-07 0.00036036834 1.9790446e-06 2.801126e-06 5.0193574e-08 8.99223e-05 0.0003097449 8.152072e-06 6.736401e-06 0.00013195202 0.0001190968
0.032086354 0.16352671 0.069249995 0.33968106 0.01657591 0.23320426 0.0014621849 0.0015453747 0.7882055 0.06076173 6.257219e-05 0.23457523 0.0010046264 0.00069912715 0.00017067217 2.350522e-05 1.2691403e-05 0.00010916635 0.00013794655 3.1812285e-06 3.099368e-05 5.792704e-06 1.3398658e-05 0.25778088 0.62495136 8.871992e-06 0.99622434 2.8386987e-05 8.9674715e-05 0.019924691 4.1228236e-15 6.075784e-07 6.1870537e-06 6.1368223e-06 0.84792006 0.00016573032 3.8461767e-05 8.167188e-05 1.1251549e-06 2.8996812e-06 4.587651e-07 3.8359694e-06 0.00012942131 0.0005722805 0.0001423397 3.8435694e-05 1.3006671e-06 7.3875077e-07 0.0015606384 0.0041158735 3.245281e-08 7.917933e-07 0.0014222151 8.523912e-08 7.013599e-08 0.04948412 2.6004302e-06 1.9956982e-08 0.9781688 2.0497197e-07 0.16744237 3.5691664e-06 1.1100724e-06 6.9664995e-05 1.3114867e-07 3.4256545e-06 0.0004558173 1.6437676e-06 1.0220479e-08 8.712589e-06 1.8543927e-08 1.6831635e-05 1.1665304e-07 6.95072e-10 0.00026785233 9.8701044e-08 5.3544306e-07 5.9335105e-07 3.0487715e-07 4.343884e-08 0.0065683937 1.725991e-07 0.022027178 2.4106615e-05 2.0899954e-07 2.0419207e-06 1.7405404e-07 2.8713881e-05 7.855457e-08 1.0893327e-06 5.9677554e-08 5.8519134e-05 4.0690898e-06 6.37072e-07 3.841902e-09 3.854707e-05 6.596171e-05 1.7442968e-06 1.6771995e-07 0.122624174 1.9198624e-05
