2.9545153e-25 0.0038213956 0.092292264 0.0028885459 0.022554163 0.17963113 0.00080405915 0.03017127 0.007804267 0.12561855 0.0023563104 0.016797263 0.14515078 0.00019749663 0.016775405 0.23404652 0.017267777 0.080425546 0.13906403 0.11295404 0.30200955 0.004822425 0.011126322 0.010607495 0.00058190024 0.89169765 0.32481322 0.84746253 0.00019915386 0.1416767 0.00016797069 0.000561903 1.097965e-05 0.000471591 0.7138028 0.10330083 0.016905338 0.726931 0.000106300606 0.0003399625 0.0046850108 0.0001414242 0.451758 5.6155736e-06 7.5434036e-06 0.0033636347 0.057346232 0.011833153 0.18373705 0.03480688 0.8363773 0.5023787 5.4427588e-08 4.4387818e-10 0.20886181 0.011680434 3.5624819e-09 0.8252436 3.2712985e-10 0.8878461 0.26446575 0.52107435 9.907532e-07 7.4565654e-10 0.0011592604 0.69706714 0.008275775 0.00036765687 0.0070682 1.3935788e-07 1.544229e-07 6.936404e-06 0.07868141 4.980325e-08 0.7815166 1.1792618e-07 7.290743e-06 0.9745032 0.90888864 0.97989315 0.98699063 0.47572592 0.99571556 0.6919409 0.9993785 0.9544266 0.0022240146 0.95931333 0.9988809 0.0011802386 2.9676125e-10 0.9850423 0.00038862813 6.624001e-11 0.9964567 0.99352515 0.22866578 2.8677997e-11 0.8688728 0.010702779 0.9940819
0.0038213956 2.9735863e-20 0.68524605 0.59398204 0.4224547 0.45432994 0.6708972 0.1303953 0.19844437 0.13917859 0.66189927 0.14193755 0.10854063 0.26673645 0.11050537 0.20781945 0.0556877 0.085260905 0.128264 0.10993 0.09640282 0.09232885 0.009994217 0.0768047 0.2324186 0.097001106 0.07427505 0.05290778 0.3041239 0.056404494 0.08694106 0.00444955 0.043723423 0.031511694 0.027328165 0.027281415 0.03153395 0.038512494 0.0072213993 0.009779339 0.01956984 0.00047146194 0.010154731 0.0003842439 0.0051725865 0.00090001104 0.0023090437 0.0089450525 0.004882647 0.007902873 0.020506157 0.014195424 0.00025941635 0.0041641938 0.005305275 6.547779e-05 0.0022573643 0.011493661 0.0042096428 0.033938505 0.011889497 0.0012702551 0.00027483993 0.004267997 0.00024520885 0.006605421 0.00022280173 0.000950762 0.00030344148 5.2449814e-05 0.0005427298 2.5993355e-05 0.00066858466 2.5477499e-05 0.006318488 7.907621e-06 3.6409834e-05 0.017636854 0.0008921164 0.020611402 0.0046287114 0.0013604272 0.027849175 0.004822094 0.008050021 0.0017104312 8.726192e-06 0.00085361925 0.0020757266 1.1343986e-05 9.224672e-06 0.004400115 4.9040507e-05 1.1820622e-05 0.018079525 0.0071228766 0.00014968617 5.4192216e-05 0.00017893215 9.998592e-06 0.00605047
0.092292264 0.68524605 2.0393537e-19 0.5941866 0.4324311 0.74458843 0.14290121 0.03747491 0.04925182 0.088184975 0.6095881 0.017344125 0.028155493 0.045720622 0.42004293 0.5336997 0.29915932 0.04468961 0.5348361 0.40649983 0.084755175 0.006993129 0.063682124 0.008071184 0.011051559 0.39682695 0.06451107 0.063159265 0.26206154 0.5312046 0.24318719 0.059166435 0.0029297278 0.0033674522 0.04195208 0.0061369976 0.007034889 0.07914508 0.0008339884 0.002792833 0.005539559 0.01106622 0.00510949 0.0052409717 0.00039351583 0.0143130245 0.02215299 0.0027604566 0.07249202 0.0025407728 0.19786792 0.011841694 0.0024506052 0.0025413313 0.043864105 0.0032616577 0.0022641032 0.04211907 0.0011525883 0.04920136 0.007632324 0.019015916 0.0013559178 0.00047851153 0.0010058262 0.0065189 0.0009162698 0.00011102567 3.383948e-05 0.00023668764 0.0001353835 0.00029489252 0.0002890388 0.0002040589 0.035799123 5.922464e-05 0.00016149919 0.04514684 0.00053960644 0.030722465 0.04713468 0.007045866 0.026315866 0.006258171 0.05625917 0.0032768212 5.717791e-06 0.0003264004 0.02070905 4.736243e-06 7.770702e-06 0.017030368 9.74079e-06 7.065285e-06 0.013518443 0.037729822 0.0007612929 1.5457616e-05 6.327668e-05 2.9841983e-06 0.004849842
0.0028885459 0.59398204 0.5941866 2.3256114e-22 0.73814 0.654637 0.5487827 0.34868646 0.4049356 0.47441724 0.3185732 0.27883133 0.3112294 0.26262677 0.028069708 0.46072653 0.02448782 0.3498689 0.09575938 0.12778704 0.37252608 0.15855466 0.0016991892 0.115593314 0.15775196 0.15640388 0.12685089 0.11868277 0.12339669 0.036421612 0.014596583 0.0008246433 0.041543636 0.05442256 0.09586624 0.05991326 0.055797193 0.07948514 0.011329615 0.015151023 0.033640347 5.6685767e-05 0.016992396 3.3931385e-05 0.00879853 0.00024997385 0.00030682137 0.013129823 0.002922552 0.015478829 0.020307923 0.056293543 9.436884e-06 0.00038947034 0.005511793 1.7006523e-05 0.00020141438 0.065561146 0.0012381321 0.075353615 0.0182462 0.0017635331 2.9001334e-05 0.0025031287 3.1870448e-05 0.007154516 7.9815574e-05 0.0002909898 0.00032047028 3.893665e-06 4.1325122e-05 2.4747826e-06 0.0007845407 4.068178e-06 0.0031039603 1.736625e-06 4.8397824e-06 0.029275483 0.002505995 0.031396303 0.0028238038 0.00063240103 0.029334772 0.0052253483 0.009876952 0.007975596 9.346246e-06 0.00087220623 0.00067699427 3.6448864e-06 6.6813586e-06 0.0022154464 2.6349211e-05 1.1126124e-05 0.0074853473 0.0030867504 3.8322163e-05 5.759716e-05 0.00031694665 1.8475597e-06 0.0033117407
0.022554163 0.4224547 0.4324311 0.73814 4.9927515e-21 0.87171674 0.32707357 0.3849402 0.33115807 0.6939122 0.2863513 0.21778321 0.30088067 0.18353704 0.01651535 0.6438654 0.013726482 0.40223297 0.08259138 0.114130095 0.519687 0.13992074 0.0017317942 0.11235289 0.18393108 0.2963109 0.19403784 0.3101096 0.09919007 0.04208767 0.0099244835 0.0007302441 0.045604303 0.060505714 0.16785367 0.03342317 0.02558514 0.17430204 0.013199023 0.016385272 0.0211226 0.00011335916 0.01724602 2.9022554e-05 0.017686417 0.00027612806 0.0002968717 0.010944254 0.00258438 0.0075918315 0.01871836 0.0472908 1.3186491e-05 0.00022816408 0.002786331 6.0997154e-05 0.00019299137 0.12843558 0.0031657678 0.21546412 0.007291175 0.0009433214 3.0238834e-05 0.0062722624 8.7094275e-05 0.0068806508 4.601506e-05 0.00088602514 0.00030648184 1.6273983e-05 0.00010261607 1.4843619e-06 0.00053128286 9.379765e-06 0.0018506 4.2613124e-06 9.355841e-06 0.068102285 0.0013636199 0.068273775 0.0029659749 0.0010663761 0.059737843 0.0049112723 0.023706162 0.0078029023 7.427382e-06 0.0004101102 0.0007903118 6.6404114e-06 9.073892e-06 0.0029093788 2.7155464e-05 2.3046432e-05 0.0065117856 0.0042358413 0.00023122464 0.00021184902 0.00019725702 3.5318758e-06 0.002348013
0.17963113 0.45432994 0.74458843 0.654637 0.87171674 2.1034328e-18 0.28254643 0.2037709 0.19227724 0.4789863 0.34138212 0.1390409 0.21672733 0.11488227 0.04240066 0.7937479 0.025886063 0.19058914 0.17948103 0.19531736 0.31127575 0.048195135 0.0053744297 0.048320547 0.09920405 0.5982323 0.251638 0.39025387 0.14530018 0.18803367 0.027003946 0.0032457164 0.027733592 0.03583867 0.13897043 0.017228626 0.013118815 0.34151712 0.006887935 0.011297026 0.012906112 0.0008437966 0.013473214 0.00021469218 0.009915586 0.0013111149 0.0013363082 0.0025230004 0.012658254 0.0020794973 0.06682164 0.019522646 4.710956e-05 0.00039152754 0.005569377 0.00025916094 0.00047849398 0.18445314 0.003210495 0.36734152 0.007509013 0.0019351239 0.00010086622 0.0072696027 0.00016200902 0.008012001 0.0002171709 0.00023868076 8.644354e-05 3.6890913e-05 0.00010871513 1.601372e-05 0.0004944968 2.3671733e-05 0.007075275 1.3222255e-05 3.34997e-05 0.13817552 0.0031729569 0.17196324 0.010669773 0.0027007144 0.10570269 0.008392062 0.11298723 0.008803529 2.7216897e-06 0.0007204209 0.004737665 1.0124844e-06 1.5485457e-05 0.011351801 6.428532e-06 2.2424923e-05 0.011464628 0.032909457 0.0005406281 5.3334952e-05 9.389033e-05 2.534113e-06 0.0029473072
0.00080405915 0.6708972 0.14290121 0.5487827 0.32707357 0.28254643 2.5174275e-21 0.2530047 0.33797753 0.17841348 0.46843818 0.49215704 0.27711293 0.8092059 0.0052645337 0.13110691 0.0019295107 0.19694434 0.01645469 0.018006153 0.10598628 0.30990785 0.00037049572 0.2175885 0.55801964 0.034737963 0.046965547 0.07715765 0.26309767 0.007757804 0.0033654284 0.00014601566 0.13956991 0.19910884 0.021624392 0.030147716 0.03672587 0.017598202 0.02983958 0.037985902 0.02072541 1.5038966e-05 0.011622931 1.526614e-05 0.057268083 0.000105613886 1.9204355e-05 0.005240802 0.00049808936 0.0059145032 0.002192092 0.008962945 3.4498742e-05 0.0012991877 0.000601942 1.3224626e-05 0.0008280634 0.00622152 0.015391107 0.02574296 0.00512165 0.00014365379 7.13757e-05 0.016418768 1.7817349e-05 0.0020684064 1.1330094e-05 0.0010453966 0.00033106527 9.995684e-06 0.0005429071 8.199353e-06 0.00064343226 1.1562599e-05 0.0007081711 3.7533823e-06 7.609053e-06 0.0047528814 0.00026681926 0.0063180095 0.00085591845 0.0003141256 0.0074286824 0.0010178629 0.0011028792 0.00023521042 2.7250311e-05 0.00018980425 0.00013117027 8.755294e-06 7.445456e-05 0.0009044673 4.2057403e-05 4.1421677e-05 0.008358089 0.0039668283 1.3208637e-06 0.00021082858 5.7375346e-05 1.0357492e-05 0.00044126945
0.03017127 0.1303953 0.03747491 0.34868646 0.3849402 0.2037709 0.2530047 6.99961e-22 0.8449992 0.68252695 0.061000522 0.59247696 0.53600323 0.26334578 0.0012695799 0.23511557 0.00034085766 0.47162706 0.012297535 0.025705744 0.5151155 0.1757469 6.138745e-05 0.12540014 0.2702413 0.042157933 0.22464655 0.40404055 0.051997166 0.0026483377 0.00082013 2.058653e-05 0.108910084 0.11285264 0.14858487 0.048729427 0.030830627 0.15574512 0.031898703 0.03800234 0.04225055 4.172913e-06 0.028638829 1.5718139e-06 0.049527775 3.6235197e-06 1.8513075e-06 0.01313147 0.00021768142 0.008043985 0.0016501187 0.06373492 1.7307226e-06 6.4990854e-05 8.476858e-05 6.7810913e-07 0.000119855424 0.07763812 0.001997695 0.36219993 0.010107205 3.4645298e-05 1.268046e-06 0.007361943 6.3836256e-07 0.007758055 7.253601e-07 0.0011075753 0.0006941318 2.9241212e-06 0.00014028537 2.236416e-07 0.0010690469 5.584358e-06 0.00013399727 4.9479087e-07 3.7951006e-07 0.046450764 0.0021299736 0.08972763 0.00060665875 9.907409e-05 0.06645483 0.00848383 0.010063836 0.0067581055 1.5690723e-05 0.0012610311 0.00012178745 5.4085367e-06 5.688649e-06 0.00083288713 4.9292225e-06 1.5177963e-05 0.004707514 0.0006529798 1.8872428e-05 0.00013563523 0.00029575574 2.3098814e-06 0.0037051146
0.007804267 0.19844437 0.04925182 0.4049356 0.33115807 0.19227724 0.33797753 0.8449992 2.7758533e-22 0.47756827 0.075780295 0.67004544 0.5248996 0.35552695 0.0013868015 0.18601385 0.0003947946 0.4235976 0.01285663 0.02061744 0.32620046 0.25532937 6.805828e-05 0.18164936 0.31551087 0.027753444 0.10368837 0.25992256 0.045698073 0.0012488215 0.00051524694 4.0184306e-05 0.13835356 0.16863091 0.08878205 0.07650474 0.057523035 0.06489067 0.05133863 0.05980854 0.06905898 3.124897e-06 0.032943398 1.018413e-06 0.058357507 2.8948843e-06 1.5938128e-06 0.020966668 0.00013111586 0.012001807 0.0011093582 0.076267034 1.1048897e-06 6.987405e-05 6.5489905e-05 4.9682166e-07 5.478251e-05 0.040186513 0.0023373794 0.20200844 0.0105999345 2.1401604e-05 2.611604e-06 0.0068306215 6.1414386e-07 0.0067360615 2.7945208e-07 0.001237516 0.0011595014 3.5127493e-06 0.00025321275 1.6048196e-07 0.0009678061 5.743094e-06 0.00013146242 2.404671e-07 5.1840186e-07 0.021066586 0.001613624 0.047724452 0.00036225264 2.5775433e-05 0.039990596 0.0059854006 0.0056725563 0.0065391953 5.1823434e-05 0.0009647637 3.6778012e-05 1.0791185e-05 5.496905e-06 0.00032921933 9.141013e-06 2.3277482e-05 0.0045278887 0.00019960602 1.2959806e-06 0.0001952259 0.00024342592 4.678382e-06 0.0025436834
0.12561855 0.13917859 0.088184975 0.47441724 0.6939122 0.4789863 0.17841348 0.68252695 0.47756827 5.7490397e-19 0.033362057 0.33439192 0.39171034 0.1549137 0.0074209045 0.39333 0.0031564313 0.4887983 0.038321983 0.059915043 0.81348497 0.16609219 0.0009034832 0.1452017 0.10672005 0.03759704 0.37840217 0.350284 0.0121735735 0.0020171918 0.001275156 0.0002882125 0.050193712 0.07823571 0.17742439 0.04199246 0.05465786 0.19034605 0.029453034 0.044865467 0.04836559 0.00015078826 0.019215258 3.681247e-05 0.023098215 7.283075e-05 3.722439e-05 0.014790308 0.00041498657 0.0068769017 0.0027527956 0.034738418 1.25972265e-05 4.2899548e-05 0.00039747346 4.7246423e-05 3.1037074e-05 0.08185923 0.0012963034 0.29519224 0.0058841794 0.00016899663 1.5020862e-05 0.0028373804 1.7088429e-05 0.005195284 6.579625e-06 0.000871045 0.00075371086 2.4807976e-05 0.0002198168 2.0600482e-06 0.00068766426 6.187971e-05 0.000551646 1.5369053e-05 1.950215e-05 0.07448305 0.0015084853 0.13000149 0.0018857371 0.0003578718 0.10655246 0.010922124 0.029064206 0.008966383 0.00016739502 0.001493884 0.00050566584 3.7350164e-05 3.4292025e-05 0.002092814 0.00011210559 0.00017487556 0.0040591154 0.0008319892 0.00033998827 0.00092569186 0.0003796185 1.431731e-05 0.002792788
0.0023563104 0.66189927 0.6095881 0.3185732 0.2863513 0.34138212 0.46843818 0.061000522 0.075780295 0.033362057 5.2468124e-20 0.036470108 0.03542058 0.17529853 0.2551784 0.07943059 0.07027608 0.018551638 0.1457627 0.06732506 0.01865492 0.026679622 0.07385188 0.03060356 0.13474213 0.07931474 0.027344422 0.03069348 0.6729739 0.16615683 0.3359579 0.020788712 0.019488676 0.01094344 0.0062271855 0.009782157 0.014203807 0.011210111 0.0029981034 0.0036605662 0.008854039 0.006056015 0.0076908204 0.014458674 0.003410266 0.0050632046 0.0018446451 0.0027415352 0.014174503 0.0026169321 0.025318643 0.0048950305 0.01661691 0.006232292 0.002515724 0.00028195386 0.015961882 0.005764555 0.017614726 0.017869378 0.0036162687 0.0018160553 0.0021647492 0.0059237042 0.00077021023 0.0025477281 0.00042530586 0.00031683245 6.5491404e-05 0.0011690056 0.00036055243 0.00017571411 0.000111184716 0.00021254052 0.0027430914 3.5313224e-05 9.0234906e-05 0.008162668 0.00054873445 0.005974271 0.0022198488 0.0014615554 0.0071064015 0.0015415079 0.0033251464 0.00039052495 3.7668924e-05 0.00031861744 0.007889518 3.373531e-05 3.13199e-05 0.010683484 6.0140836e-05 2.6374202e-05 0.00800196 0.004307557 0.00012859075 0.0001061445 0.0001599346 9.9637866e-05 0.0059968247
0.016797263 0.14193755 0.017344125 0.27883133 0.21778321 0.1390409 0.49215704 0.59247696 0.67004544 0.33439192 0.036470108 5.0330454e-20 0.61246437 0.6182575 0.0003884786 0.11136238 6.137856e-05 0.4460894 0.0054108305 0.011289201 0.25643247 0.5184144 2.1126463e-05 0.4166383 0.5343887 0.01026598 0.087814584 0.32623014 0.04105865 0.00025615896 0.0001664834 1.07967535e-05 0.34636718 0.33375698 0.08282995 0.10216803 0.090704925 0.044307314 0.10511713 0.14714721 0.10247331 3.1462234e-06 0.05559106 2.5138627e-06 0.1981132 4.037131e-06 7.916268e-08 0.032289498 3.7184862e-05 0.016040646 0.00056630786 0.088831656 1.0785964e-06 7.074714e-05 4.6604805e-06 1.7121314e-07 6.602691e-05 0.01928038 0.0052721677 0.20555097 0.012969916 2.166897e-06 2.4388673e-06 0.024735093 1.4154827e-07 0.009299918 4.416634e-08 0.0026872712 0.0022568132 3.6345289e-06 0.0013380175 1.4006004e-07 0.0013765369 4.3904884e-06 1.3383627e-05 9.41424e-08 1.3833947e-07 0.013075966 0.0024630066 0.047145363 9.869131e-05 5.6850745e-06 0.036200706 0.004160974 0.0046877433 0.0042532454 0.00014412665 0.0011294176 1.9800253e-05 5.498518e-05 1.02727645e-05 6.5517204e-05 3.9315666e-05 5.3807937e-05 0.003390829 8.867712e-06 9.691453e-07 0.00049567147 0.0004717477 4.7040423e-05 0.0009863251
0.14515078 0.10854063 0.028155493 0.3112294 0.30088067 0.21672733 0.27711293 0.53600323 0.5248996 0.39171034 0.03542058 0.61246437 3.7721123e-18 0.30643842 0.0007900603 0.16554168 9.7602664e-05 0.7081089 0.0067108492 0.012588815 0.44889733 0.41688645 2.2398357e-05 0.4047646 0.28843424 0.0062598777 0.14228266 0.5859369 0.015110447 0.00027884633 0.00011064145 4.1366898e-06 0.13045852 0.2637376 0.17514955 0.22773254 0.17615247 0.10000579 0.11251574 0.15475513 0.1541036 4.670821e-06 0.17844598 3.0753204e-06 0.07986501 2.7879312e-06 4.721552e-07 0.07124839 1.9685795e-05 0.04430324 0.00031738222 0.17475535 1.6927487e-06 1.1737853e-05 1.3722574e-05 3.4023958e-07 8.5528045e-06 0.058574215 0.0019413792 0.38033056 0.052307893 3.6231743e-06 8.7795195e-07 0.0047337986 2.516195e-07 0.026770448 8.3289024e-08 0.007593826 0.0032780822 5.0006142e-06 0.0020868897 6.009081e-08 0.0027980877 6.3484044e-06 1.9857627e-05 3.3926563e-07 6.2709705e-07 0.056471918 0.009687989 0.22967476 3.7867787e-05 2.401412e-05 0.18288729 0.03186273 0.015854144 0.022617238 0.0003259842 0.0048968936 4.0024588e-05 0.00017118761 1.6851165e-05 0.00068301137 0.0006407985 0.00021948454 0.0042761248 3.100997e-05 2.1791393e-05 0.0013279254 0.0016653884 4.0583916e-05 0.0031031244
0.00019749663 0.26673645 0.045720622 0.26262677 0.18353704 0.11488227 0.8092059 0.26334578 0.35552695 0.1549137 0.17529853 0.6182575 0.30643842 2.2983518e-21 0.0014328136 0.064490095 0.0006755229 0.22887947 0.0085581895 0.008978186 0.124900445 0.49751887 8.465693e-05 0.36065122 0.6642079 0.014344536 0.03511522 0.09079853 0.07183035 0.0035230792 0.00050306437 4.6166977e-05 0.18541427 0.24651514 0.033602692 0.09470963 0.09821161 0.011517565 0.083896205 0.089424245 0.090301074 1.3344347e-05 0.046617266 8.648885e-06 0.07392902 8.051687e-05 1.4244991e-05 0.026959622 0.00049980736 0.023011543 0.0013401412 0.03971286 5.1343773e-06 0.00046815557 0.0007081053 1.5231514e-05 0.00012799772 0.0037115177 0.008623791 0.03291142 0.015200367 0.0003363256 6.117991e-05 0.010689507 1.6203783e-05 0.0057045426 2.6806685e-05 0.0024601873 0.002359319 1.0289678e-05 0.0022603134 1.3546659e-05 0.0015597055 1.9022276e-05 0.0008103955 1.7689241e-06 3.991772e-06 0.0032717877 0.001414391 0.006408339 0.0014651796 0.00019395081 0.0062916013 0.0021558478 0.0013745575 0.0007172507 0.00029245566 0.0008503404 0.00012052907 9.15104e-05 0.000116296 0.00067015114 0.0001314944 6.607604e-05 0.00897566 0.0007877991 5.0858165e-07 0.00017633119 0.00031813892 7.722936e-05 0.001602323
0.016775405 0.11050537 0.42004293 0.028069708 0.01651535 0.04240066 0.0052645337 0.0012695799 0.0013868015 0.0074209045 0.2551784 0.0003884786 0.0007900603 0.0014328136 2.694004e-21 0.056292452 0.7583359 0.0019391985 0.114498705 0.075586975 0.007336264 0.00019330654 0.7163412 0.00033582948 0.00049765705 0.10379156 0.0075269598 0.0013464763 0.08200224 0.5112785 0.34846163 0.29145765 8.456188e-05 4.102633e-05 0.007662178 0.00046910348 0.00031245215 0.02174256 1.5233793e-05 1.5838192e-05 0.00028161902 0.08199616 0.000341098 0.024236543 5.2520787e-05 0.054470345 0.042416908 0.00043122444 0.08335364 0.00050613075 0.07047371 0.00122079 0.0047333064 0.00044104137 0.047810208 0.007207367 0.0007380343 0.011893212 0.00015197495 0.0012029504 0.00064071105 0.047778662 0.0018771354 4.9135306e-05 0.0042051473 0.00022683042 0.0036921483 5.560378e-05 2.0946349e-05 0.0002906761 3.5960467e-05 0.00020779746 2.453217e-05 3.8984937e-05 0.020222513 2.5163488e-05 0.00012982791 0.008728404 9.006335e-06 0.0014711282 0.020096518 0.0035337307 0.0012794702 0.00012356915 0.0076261684 5.345533e-05 5.3900612e-06 1.6303313e-05 0.010695462 8.5339536e-07 5.3610324e-07 0.0025675034 3.88564e-07 1.541518e-06 0.004952132 0.009017178 0.00036857577 1.0663355e-06 2.4270341e-06 9.828236e-07 0.0020253437
0.23404652 0.20781945 0.5336997 0.46072653 0.6438654 0.7937479 0.13110691 0.23511557 0.18601385 0.39333 0.07943059 0.11136238 0.16554168 0.064490095 0.056292452 6.6071697e-18 0.06916104 0.24560888 0.5980153 0.6270196 0.5801751 0.04330533 0.007952893 0.047197457 0.027609883 0.8650833 0.32854903 0.26592454 0.03340815 0.3207631 0.011122623 0.0034954792 0.004075485 0.018054774 0.24018992 0.02199229 0.027381765 0.3809753 0.002240789 0.002407162 0.016984764 0.0007459173 0.012241259 9.5008305e-05 0.00074980146 0.0027739045 0.0019464857 0.0038254138 0.022132423 0.0017207074 0.10300283 0.025069606 1.5631147e-05 0.00022479237 0.010278401 0.0010872665 0.00017864008 0.24826223 0.001550949 0.30138907 0.0026728814 0.003906902 3.531632e-05 0.00094994094 0.00031987208 0.0022917967 0.00058433844 9.35011e-05 7.385804e-05 2.3871298e-05 8.694382e-05 6.913185e-06 0.0001389226 4.832576e-05 0.00602211 9.487753e-06 1.756105e-05 0.20419335 0.0007688929 0.13323241 0.01768882 0.0034723561 0.11225057 0.0117267985 0.28994602 0.007336135 7.06156e-06 0.0002371246 0.011067839 3.835501e-06 1.07933865e-05 0.01649288 3.3278808e-05 5.9545702e-05 0.009512052 0.025569107 0.0002066207 0.00021832863 0.00012814539 1.3362016e-06 0.0042514773
0.017267777 0.0556877 0.29915932 0.02448782 0.013726482 0.025886063 0.0019295107 0.00034085766 0.0003947946 0.0031564313 0.07027608 6.137856e-05 9.7602664e-05 0.0006755229 0.7583359 0.06916104 2.5893065e-21 0.0002315934 0.1751813 0.10951827 0.0030263271 2.6909729e-05 0.45401 6.8870315e-05 7.585271e-05 0.13711861 0.0054906793 0.00022225526 0.013619934 0.76075673 0.0682594 0.28860533 2.0934327e-05 1.0176669e-05 0.002254879 8.670345e-05 9.8299424e-05 0.011475266 7.767064e-06 1.3083762e-05 0.00017797011 0.10090892 7.1857205e-05 0.013336326 0.0001844127 0.15717171 0.13425866 0.00013322954 0.16282003 0.00010219272 0.10521516 5.0675062e-05 0.00055845425 7.943149e-05 0.11683413 0.016496845 8.378356e-05 0.0061465926 0.00015671185 0.00023532956 0.00025163547 0.09704157 0.0038214775 0.00029301122 0.006757587 3.6315578e-05 0.004517726 2.2359769e-05 4.547539e-06 0.00026363277 1.5097668e-05 0.00042315997 5.4312945e-06 0.00012823695 0.03435533 9.7050666e-05 0.00018248164 0.011314843 2.0207392e-06 0.000984841 0.11138786 0.009872332 0.00037158048 0.00028345827 0.013594293 1.0445449e-05 2.5415395e-07 2.46481e-06 0.07184286 1.8752581e-07 5.1542015e-06 0.02572242 1.0827353e-06 3.9950664e-06 0.0031610404 0.0353868 0.0041454616 5.1746265e-06 1.2529131e-06 4.7658503e-07 0.0013026366
0.080425546 0.085260905 0.04468961 0.3498689 0.40223297 0.19058914 0.19694434 0.47162706 0.4235976 0.4887983 0.018551638 0.4460894 0.7081089 0.22887947 0.0019391985 0.24560888 0.0002315934 2.3389258e-18 0.014173436 0.028246813 0.6307911 0.37270993 3.180684e-05 0.38655776 0.113279484 0.006612067 0.10624394 0.78840685 0.002611674 0.00022770237 0.000100406694 3.1015988e-06 0.06307554 0.18839072 0.2538583 0.41217837 0.3163853 0.075501144 0.08583782 0.15150231 0.23053014 1.0923293e-05 0.28214213 1.000172e-05 0.02357788 1.1561386e-05 3.8504245e-06 0.15728304 3.6106583e-05 0.11864347 0.0007018637 0.34509134 1.0252574e-05 2.2002705e-05 7.7034354e-05 3.823493e-06 1.450019e-05 0.09732877 0.000462885 0.3905014 0.093491964 2.8273622e-05 1.0486756e-06 0.0016894717 8.930719e-06 0.054241367 2.2902145e-06 0.0056390855 0.003847859 7.009981e-06 0.0014134641 8.569847e-07 0.0049457974 1.6362892e-05 4.0721006e-05 4.789144e-06 5.244619e-06 0.121682435 0.011520503 0.28785855 0.0002081356 2.291496e-05 0.27954015 0.08675375 0.060893178 0.05575402 0.003429528 0.015714094 0.00017941538 0.0006638468 0.00011027907 0.0011575839 0.001027892 0.0006901035 0.0117136 7.892813e-05 1.345867e-05 0.001716708 0.004705902 0.0001163062 0.010555549
0.13906403 0.128264 0.5348361 0.09575938 0.08259138 0.17948103 0.01645469 0.012297535 0.01285663 0.038321983 0.1457627 0.0054108305 0.0067108492 0.0085581895 0.114498705 0.5980153 0.1751813 0.014173436 2.8509097e-22 0.8603133 0.055828653 0.0027845355 0.035826415 0.0033422683 0.0017489609 0.6062785 0.041773997 0.028460192 0.04480324 0.7506431 0.044110656 0.022576066 0.00013036103 0.0008165222 0.064793386 0.0018854601 0.0026416217 0.13109979 0.00017280426 0.00031914568 0.0034099456 0.0072475723 0.0005467646 0.0015634792 0.000102394944 0.013549806 0.018882092 0.0009994878 0.099311695 0.00080222276 0.26912293 0.0027565788 0.00018102064 0.00038605803 0.038089737 0.005226908 0.00034609105 0.13309215 0.0001927995 0.028684797 0.0014252871 0.026380794 0.0004763756 0.00018267281 0.0014245099 0.0004885919 0.0020101613 8.562814e-05 3.6344718e-05 3.0354782e-05 1.8569086e-05 0.00010283385 5.806712e-05 1.7977309e-05 0.03616254 2.236796e-05 4.994045e-05 0.104270704 0.00015280058 0.031138068 0.078834146 0.0065722377 0.024969429 0.003907448 0.14566547 0.0040597506 6.4059765e-07 0.00015566443 0.040585633 1.3690612e-07 1.9264933e-06 0.014092647 2.588214e-07 1.2873419e-06 0.020227611 0.03552535 0.00092812406 2.698815e-06 3.0144682e-05 1.0655186e-07 0.0068727583
0.11295404 0.10993 0.40649983 0.12778704 0.114130095 0.19531736 0.018006153 0.025705744 0.02061744 0.059915043 0.06732506 0.011289201 0.012588815 0.008978186 0.075586975 0.6270196 0.10951827 0.028246813 0.8603133 3.7094327e-22 0.12940186 0.0036239016 0.024111453 0.004854543 0.0014778294 0.74520516 0.05532912 0.02973449 0.008178182 0.72763324 0.01796288 0.015559905 9.5808464e-05 0.00093552296 0.11011787 0.0028427856 0.0020749508 0.21124949 0.0001319334 0.0001919812 0.002544108 0.0026340534 0.00091644196 0.00045289227 4.8081285e-05 0.012448547 0.0168752 0.001433607 0.088751554 0.0010579464 0.28396216 0.0030318173 2.1617792e-05 0.00018908737 0.047587447 0.004613419 8.543091e-05 0.22369939 0.00015903314 0.042780306 0.0021630519 0.027788308 0.00021594025 0.00016001363 0.00078664336 0.0003986058 0.0014829534 4.0709045e-05 3.5085795e-05 1.7099565e-05 1.1387876e-05 6.312414e-05 3.1192827e-05 1.2225764e-05 0.028830947 9.977551e-06 2.8556446e-05 0.1458427 5.0168666e-05 0.047741335 0.092746384 0.010034147 0.026623975 0.0054140487 0.238251 0.0032329315 1.3881887e-06 3.0810992e-05 0.053832937 1.12817574e-07 2.1768951e-06 0.027001994 1.3520922e-07 1.7832841e-06 0.015374932 0.06563109 0.0015166048 2.9481519e-06 2.9075773e-05 3.5985146e-08 0.0047182944
0.30200955 0.09640282 0.084755175 0.37252608 0.519687 0.31127575 0.10598628 0.5151155 0.32620046 0.81348497 0.01865492 0.25643247 0.44889733 0.124900445 0.007336264 0.5801751 0.0030263271 0.6307911 0.055828653 0.12940186 3.445952e-18 0.22840104 0.0006986719 0.19116816 0.05700458 0.050580274 0.6291137 0.81431556 0.0039514774 0.0023554512 0.0011488117 5.839977e-05 0.03634317 0.10164141 0.7133561 0.16854618 0.15856633 0.2815042 0.038657367 0.0682685 0.10601995 5.4169068e-05 0.08111251 2.8806231e-05 0.008646738 0.00011295554 2.2444843e-05 0.04494735 0.00053838454 0.026264042 0.00300575 0.19769448 4.248378e-05 3.905579e-05 0.00041970875 0.00011644737 1.29727105e-05 0.31020397 0.0008167087 0.6506681 0.023099748 9.6463074e-05 6.2820113e-06 0.0016808416 6.2769475e-05 0.012813708 9.230547e-05 0.0010994315 0.0017658742 9.993388e-06 0.0005217819 9.495936e-06 0.001971002 1.4325095e-05 0.00039792215 7.5557377e-06 2.4064513e-05 0.46301886 0.0021669415 0.43030733 0.0016544994 0.0001623804 0.36925405 0.04258069 0.28332356 0.026293445 0.0020247875 0.0045455866 0.00063447974 0.0002932094 7.9042635e-05 0.001506234 0.00010321015 0.00012761194 0.026079193 0.001158326 0.00010301309 0.00029127186 0.00067613256 4.297383e-05 0.011272005
0.004822425 0.09232885 0.006993129 0.15855466 0.13992074 0.048195135 0.30990785 0.1757469 0.25532937 0.16609219 0.026679622 0.5184144 0.41688645 0.49751887 0.00019330654 0.04330533 2.6909729e-05 0.37270993 0.0027845355 0.0036239016 0.22840104 6.248253e-23 6.141752e-06 0.75182045 0.45610622 0.0042775585 0.09765473 0.23442183 0.011131022 9.156443e-05 1.6282569e-05 6.2410203e-07 0.18625285 0.4212749 0.09471124 0.30697918 0.28609556 0.03230043 0.20553 0.24121016 0.32673857 4.482806e-07 0.20776512 6.5766665e-07 0.11666667 3.542536e-06 3.2255417e-07 0.105122365 6.6556444e-05 0.08471501 0.00033270987 0.24661775 9.808695e-07 4.5188397e-05 5.5065306e-05 1.07094024e-07 1.7954915e-05 0.01796021 0.004781635 0.15937062 0.07130041 1.8040426e-05 1.9798222e-06 0.012213191 3.0934325e-07 0.022518402 3.667392e-07 0.017488984 0.0075692246 1.5437674e-06 0.0047637587 1.1902259e-07 0.0033133738 8.8848236e-07 0.00010044682 7.073085e-08 1.6161388e-07 0.010312608 0.0071426947 0.03786501 0.00026074282 1.7066981e-05 0.036504965 0.008962314 0.0021401574 0.005133261 0.00041529283 0.0029195084 4.3362827e-05 0.00012403089 2.49179e-05 0.00053682184 0.00016376872 9.6600976e-05 0.006110537 3.3863595e-05 1.3753164e-07 0.0005525674 0.0012899295 5.2265663e-05 0.0017529946
0.011126322 0.009994217 0.063682124 0.0016991892 0.0017317942 0.0053744297 0.00037049572 6.138745e-05 6.805828e-05 0.0009034832 0.07385188 2.1126463e-05 2.2398357e-05 8.465693e-05 0.7163412 0.007952893 0.45401 3.180684e-05 0.035826415 0.024111453 0.0006986719 6.141752e-06 1.6415627e-20 1.581875e-05 1.2264605e-05 0.028192673 0.0006041144 9.932498e-05 0.023990702 0.48534954 0.4747522 0.77959776 5.197273e-06 2.566453e-06 9.635228e-05 2.3290893e-05 3.4564906e-05 0.00045505934 1.102737e-06 2.641721e-06 1.829332e-05 0.39450538 1.7540913e-05 0.13333686 3.648618e-06 0.23262921 0.137033 1.0443257e-05 0.13064466 1.3996831e-05 0.055729914 7.267464e-05 0.016041938 5.598001e-05 0.10158749 0.018681604 0.00050570804 0.0003013392 4.1096468e-05 2.7037837e-05 3.1281095e-05 0.09293502 0.008697779 1.553338e-05 0.015685743 3.5078713e-06 0.005703868 1.948758e-06 3.5778137e-07 0.0016736358 4.831825e-07 0.0008459576 3.9480003e-07 0.00022782072 0.024729474 0.00020882435 0.00034712782 0.0017119097 8.771623e-08 9.222601e-05 0.032173976 0.0045983545 7.890676e-05 2.985633e-06 0.001179159 2.936354e-07 2.0444313e-07 7.0360113e-07 0.029418765 3.937906e-08 2.0354084e-07 0.0049822167 5.7176543e-08 7.5828e-08 0.00091367 0.004380128 0.00082404655 1.7738762e-07 1.1005858e-07 5.537525e-08 0.00019095773
0.010607495 0.0768047 0.008071184 0.115593314 0.11235289 0.048320547 0.2175885 0.12540014 0.18164936 0.1452017 0.03060356 0.4166383 0.4047646 0.36065122 0.00033582948 0.047197457 6.8870315e-05 0.38655776 0.0033422683 0.004854543 0.19116816 0.75182045 1.581875e-05 3.666191e-21 0.32183605 0.005145865 0.08583727 0.30670372 0.010721601 0.00014101398 9.300867e-05 1.7965681e-06 0.14897211 0.3568231 0.08565543 0.3373804 0.29508948 0.030598735 0.1857365 0.22626886 0.33100042 2.1369412e-06 0.23783645 3.0839847e-06 0.08852998 5.028039e-06 5.6246824e-07 0.12557562 6.34154e-05 0.08341893 0.0003175566 0.2821789 4.8236043e-06 2.2830784e-05 5.444844e-05 2.573255e-07 1.3554063e-05 0.019027686 0.0038639067 0.1803274 0.08124418 1.3499663e-05 2.3856994e-06 0.011711443 6.919883e-07 0.028929494 5.3095414e-07 0.028606493 0.011644837 4.997039e-06 0.0072488612 1.7846595e-07 0.004103115 1.663263e-06 0.000115740346 4.950891e-07 5.4178474e-07 0.015787615 0.009980944 0.06038688 0.0002638818 5.6789762e-05 0.053828754 0.021914016 0.0030911856 0.007678908 0.0007972219 0.004073495 8.675192e-05 0.00023237128 0.00011864867 0.0011913242 0.00094078336 0.0006165032 0.0041320478 7.757859e-05 1.1950535e-06 0.0019277682 0.0020578082 0.00011602205 0.0028279205
0.00058190024 0.2324186 0.011051559 0.15775196 0.18393108 0.09920405 0.55801964 0.2702413 0.31551087 0.10672005 0.13474213 0.5343887 0.28843424 0.6642079 0.00049765705 0.027609883 7.585271e-05 0.113279484 0.0017489609 0.0014778294 0.05700458 0.45610622 1.2264605e-05 0.32183605 2.686154e-21 0.007615405 0.05257611 0.07069973 0.10118217 0.00021751477 3.3575594e-05 1.5572099e-06 0.5566829 0.6530363 0.011447701 0.04468954 0.05276744 0.01145736 0.2681355 0.22807507 0.06002229 2.316336e-06 0.02379625 1.7990557e-06 0.23306103 1.3236095e-05 7.4557227e-07 0.006011532 4.3538563e-05 0.0069320737 0.00011863203 0.009326497 1.8861855e-06 0.00017066827 7.7400124e-05 7.260466e-07 7.064332e-05 0.001287013 0.034430783 0.03633107 0.003592083 1.2777105e-05 3.3563797e-06 0.042768937 1.6784212e-06 0.0017749103 5.030641e-07 0.0034121007 0.0008135308 2.0472046e-06 0.0024854844 2.2599166e-07 0.00034948107 5.916531e-07 8.9843095e-05 1.8838944e-07 4.5557496e-07 0.00123184 0.00048402837 0.0049068904 0.0002079846 4.9670325e-05 0.003727617 0.00026611684 0.00019265503 7.5865435e-05 2.5320101e-05 0.00014102663 1.5949676e-05 8.880338e-06 1.85502e-05 0.00019410311 1.619717e-05 2.2042314e-05 0.003725566 0.0012149205 1.9934147e-07 0.0003119698 5.6666413e-05 4.1634844e-06 0.00027981412
0.89169765 0.097001106 0.39682695 0.15640388 0.2963109 0.5982323 0.034737963 0.042157933 0.027753444 0.03759704 0.07931474 0.01026598 0.0062598777 0.014344536 0.10379156 0.8650833 0.13711861 0.006612067 0.6062785 0.74520516 0.050580274 0.0042775585 0.028192673 0.005145865 0.007615405 1.8980836e-18 0.12218473 0.011969203 0.030013558 0.7258814 0.032103237 0.015583117 0.002940959 0.0018630354 0.051135555 0.00103936 0.0016207015 0.32472295 0.00073908665 0.0005331842 0.0024648148 0.0054442496 0.0005678898 0.002130506 0.0004957192 0.009880051 0.013575863 0.00048080902 0.15103664 0.00015711275 0.5008278 0.00095785724 7.07402e-05 0.00012764396 0.031479876 0.010284671 0.00017133982 0.17916462 0.0008339645 0.045096226 0.00025528588 0.040437363 0.00018364191 0.00029164297 0.0035414705 0.00026830638 0.0034993384 6.570812e-05 3.1717677e-06 0.00026385838 9.048222e-05 0.000107910564 1.1621832e-05 0.0003246145 0.03148843 7.910364e-05 0.00015596191 0.20901683 2.2375747e-05 0.046615727 0.113578014 0.012259847 0.0177172 0.0040352684 0.5097495 0.0014916932 1.2407887e-05 1.0727886e-05 0.09199072 4.667978e-07 9.063392e-06 0.054374527 4.6463815e-06 4.645821e-05 0.0068101366 0.15568064 0.0035597198 0.00012694327 7.649211e-07 1.1232673e-07 0.0016300632
0.32481322 0.07427505 0.06451107 0.12685089 0.19403784 0.251638 0.046965547 0.22464655 0.10368837 0.37840217 0.027344422 0.087814584 0.14228266 0.03511522 0.0075269598 0.32854903 0.0054906793 0.10624394 0.041773997 0.05532912 0.6291137 0.09765473 0.0006041144 0.08583727 0.05257611 0.12218473 9.799687e-19 0.22356889 0.008223704 0.005989457 0.0010135554 0.0002288228 0.044923972 0.05846636 0.80809903 0.02139283 0.026143909 0.8874032 0.025448956 0.024985297 0.022626266 9.296725e-05 0.0148665635 4.2771604e-05 0.02190149 0.00010142414 1.4327322e-05 0.009065944 0.0005649232 0.0028192888 0.003382188 0.022716925 9.72132e-06 0.00013770169 0.00020504228 0.00022470683 0.0001364642 0.48315164 0.0008752551 0.351031 0.0045436965 4.908692e-05 9.8035e-06 0.00082510896 3.3298584e-05 0.00350639 8.1895494e-05 0.000400251 0.00068936916 7.692471e-06 0.00015675565 6.271386e-06 0.00071717787 1.2019978e-05 0.0005255068 6.358535e-06 2.9305145e-06 0.14061968 0.00078511745 0.08669294 0.0023005558 0.00019984983 0.06691353 0.0058213724 0.09052504 0.005645984 0.0004698476 0.00090827706 0.0006930926 1.41498995e-05 2.4931045e-05 0.0003511761 2.732776e-05 1.2152588e-05 0.009546795 0.0016551046 6.441711e-05 4.2556854e-05 0.000143936 7.152176e-06 0.00721826
0.84746253 0.05290778 0.063159265 0.11868277 0.3101096 0.39025387 0.07715765 0.40404055 0.25992256 0.350284 0.03069348 0.32623014 0.5859369 0.09079853 0.0013464763 0.26592454 0.00022225526 0.78840685 0.028460192 0.02973449 0.81431556 0.23442183 9.932498e-05 0.30670372 0.07069973 0.011969203 0.22356889 1.8027066e-18 0.007721459 0.0006152797 0.00036662084 3.8538066e-05 0.06560778 0.135724 0.42028323 0.4558981 0.27711132 0.16662726 0.07703974 0.104010515 0.15233533 5.246587e-05 0.54644406 1.925655e-05 0.03264055 1.0006872e-05 4.56183e-06 0.13193804 3.3310207e-05 0.12725937 0.00046808954 0.39333043 6.4089436e-06 2.5313873e-05 2.448206e-05 8.888666e-06 2.5011728e-05 0.14850938 0.00040859627 0.7865196 0.19817902 1.6094782e-06 7.742592e-06 0.00059712323 9.174918e-06 0.19590914 5.857712e-06 0.009714031 0.0164263 1.3034989e-05 0.002278488 6.335038e-06 0.020278819 2.507325e-05 1.29485325e-05 5.6738627e-06 7.1259637e-06 0.28540322 0.038140282 0.6081341 0.0002906456 4.8106126e-06 0.5669985 0.21864061 0.25343454 0.18430614 0.01888037 0.044500783 0.0001227149 0.0029012857 6.042322e-05 0.00044679065 0.0018295136 0.00041914597 0.16773683 0.00014803557 4.8702463e-05 0.00065894244 0.013875014 0.0004264945 0.049562
0.00019915386 0.3041239 0.26206154 0.12339669 0.09919007 0.14530018 0.26309767 0.051997166 0.045698073 0.0121735735 0.6729739 0.04105865 0.015110447 0.07183035 0.08200224 0.03340815 0.013619934 0.002611674 0.04480324 0.008178182 0.0039514774 0.011131022 0.023990702 0.010721601 0.10118217 0.030013558 0.008223704 0.007721459 1.2236916e-18 0.04769607 0.21919009 0.009143107 0.024550643 0.010587544 0.0014362097 0.008636803 0.0060407813 0.0018703985 0.002763886 0.0033867797 0.0043180636 0.0058528543 0.0050670714 0.0095385 0.009317776 0.009044509 0.00018397268 0.0017095669 0.004713958 0.0013321607 0.0028823558 0.0025178024 0.030664004 0.050560646 0.0010661066 0.00023992639 0.06711824 0.0006143586 0.13834105 0.0030616107 0.0030569646 0.00041442795 0.002350474 0.06703446 0.00021100219 0.00062731805 9.4589726e-05 0.0002954761 0.00022304025 0.0019403197 0.0019265881 3.349286e-05 0.00013594914 0.0001155219 0.0007412809 2.8629447e-05 7.4684336e-05 0.0022617052 2.7209564e-05 0.0018321988 0.000962693 0.00059711497 0.0048789354 0.000481888 0.0012939504 5.8884085e-05 2.4215604e-05 0.0002986046 0.011999771 1.2645131e-05 0.0002552464 0.004297279 5.577155e-05 0.00010943622 0.017967507 0.0052845664 4.8450493e-05 0.00044575837 5.273671e-05 4.956896e-05 0.0020246436
0.1416767 0.056404494 0.5312046 0.036421612 0.04208767 0.18803367 0.007757804 0.0026483377 0.0012488215 0.0020171918 0.16615683 0.00025615896 0.00027884633 0.0035230792 0.5112785 0.3207631 0.76075673 0.00022770237 0.7506431 0.72763324 0.0023554512 9.156443e-05 0.48534954 0.00014101398 0.00021751477 0.7258814 0.005989457 0.0006152797 0.04769607 8.1819185e-19 0.31603852 0.4818107 0.00013340358 1.95689e-05 0.0029985495 3.7334034e-05 0.00012338403 0.020521024 1.4297922e-05 1.8646226e-05 0.00013417359 0.21040463 3.827388e-05 0.05394122 3.8229555e-05 0.39385447 0.38757312 0.00012276127 0.56564635 3.4706078e-05 0.6233281 2.9225812e-05 0.0030475974 7.786351e-05 0.48979318 0.2349677 0.00017832348 0.0151724145 0.00016938163 0.00047526747 1.4237547e-05 0.2838808 0.020422103 4.4341683e-05 0.06020072 4.2300846e-05 0.097886115 2.9109484e-05 2.131153e-06 0.0018166043 2.6839182e-06 0.0018542357 4.586033e-07 0.0006670173 0.16866672 0.00216299 0.0017803353 0.016253388 1.4796287e-06 0.0011359605 0.27913755 0.060449082 0.0004369968 0.00027484228 0.023409186 5.3001062e-05 1.2958347e-06 5.5940914e-06 0.20194155 1.5784737e-07 1.1481883e-06 0.033165663 3.4152956e-07 3.05759e-06 0.001759222 0.09105064 0.0075637875 5.900182e-06 3.7587732e-08 1.8077814e-07 0.0005958814
0.00016797069 0.08694106 0.24318719 0.014596583 0.0099244835 0.027003946 0.0033654284 0.00082013 0.00051524694 0.001275156 0.3359579 0.0001664834 0.00011064145 0.00050306437 0.34846163 0.011122623 0.0682594 0.000100406694 0.044110656 0.01796288 0.0011488117 1.6282569e-05 0.4747522 9.300867e-05 3.3575594e-05 0.032103237 0.0010135554 0.00036662084 0.21919009 0.31603852 2.6350746e-20 0.4881541 1.9474197e-05 3.1391176e-06 0.00019044068 0.0008510263 0.0005400635 0.00063538196 4.272816e-06 1.6384378e-05 0.00013411808 0.3290175 0.00081825815 0.49083328 3.1939122e-05 0.074615516 0.01747583 0.00028423138 0.046981066 0.00022662047 0.011713313 0.0003144646 0.5907357 0.0020390688 0.012172858 0.004663253 0.01087463 0.00019250573 4.6564444e-05 5.0674094e-05 0.000482954 0.014867436 0.019544564 1.9244579e-05 0.014290015 9.5171454e-05 0.0026462965 2.1497952e-05 3.4410307e-06 0.035189893 9.898753e-06 0.00021153812 8.156085e-06 0.0010635036 0.002612573 0.00022881627 0.00020854094 0.00055772805 5.02884e-06 0.00019410625 0.0019269895 0.00042189527 0.00070364546 3.9035014e-05 0.00037702924 6.077578e-06 2.1541944e-06 4.7216135e-06 0.009135624 6.942268e-06 8.811209e-07 0.0022380669 6.667476e-06 3.597878e-07 0.00044930892 0.00031893633 3.899487e-05 3.0807055e-07 1.0226062e-05 8.657922e-06 0.00016372705
