4.8414835e-22 0.6022885 0.3442653 0.6293827 0.8861871 0.8783645 0.8713293 0.708036 0.8441621 0.9593854 0.6307488 0.5199943 0.4789666 0.8772082 0.93290156 0.5588805 0.9084626 0.67810744 0.8906791 0.8960879 0.9040085 0.64996266 0.9915266 0.4238289 0.42889127 0.36201593 0.98537236 0.9229348 0.8006659 0.9838473 0.5023657 0.17396721 0.8962561 0.89252186 0.9181236 0.082879774 0.98944837 0.9871061 0.98288864 0.9732332 0.87797284 0.20186728 0.25515428 0.98834676 0.97137016 0.7691605 0.87691784 0.3278058 0.97561574 0.8143753 0.17598343 0.4420746 0.9371276 0.93629444 0.9252334 0.9129261 0.9585931 0.9475474 0.7904271 0.020467067 0.97092855 0.98841846 0.008120891 0.7198409 0.0032477432 0.0023654653 0.0049409987 0.95896155 0.008814307 0.00059169886 0.8677229 0.97572196 0.0018822281 0.43994543 0.98164827 0.9580835 0.9324342 0.96069497 0.97673315 0.9964917 0.43565854 0.08481153 0.9858259 9.696293e-06 0.058026988 0.16326098 0.00048617937 0.72631294 0.040408805 5.085598e-07 0.0011636883 0.14151692 4.579883e-05 0.14734851 0.47267354 0.0032160582 0.9700254 0.9999345 0.99659437 0.0020676618 0.9985646
0.6022885 1.10907275e-13 0.92813075 0.18112099 0.85059875 0.0062070685 0.00918584 0.0013084773 0.004849076 3.0021003e-05 0.5070971 2.4881117e-05 0.96448386 0.0033226262 7.757903e-05 0.0599911 3.220831e-06 5.8332394e-06 0.0003775765 1.86716e-05 0.00022732852 7.614006e-07 0.59127355 0.006460553 0.18146116 0.0005519646 0.00085299875 0.0001401721 6.1040646e-06 7.355956e-05 7.9518995e-06 0.0035486901 3.335772e-06 2.1217716e-06 5.6781636e-07 0.0002174024 2.2837663e-07 0.00013439245 8.6251094e-07 0.002959976 5.2798758e-05 1.2738646e-05 8.894475e-06 0.00077035784 1.719968e-06 6.978332e-06 7.046295e-06 1.5216995e-05 2.4285134e-06 0.00016014645 9.086023e-06 3.597909e-05 9.050375e-08 2.0425583e-07 4.828103e-05 8.3694935e-08 0.00033970727 2.7343624e-06 2.0969574e-05 2.4460194e-05 2.5474728e-07 8.3115774e-05 3.977992e-06 3.267899e-07 0.00037705785 5.186432e-07 1.5457563e-06 8.8930113e-07 7.815339e-06 1.1657831e-07 2.0838368e-06 1.2417179e-07 1.5848957e-06 3.3572844e-05 5.6318618e-06 9.06188e-06 1.3838276e-07 5.544223e-07 4.2321986e-07 4.33009e-06 1.1271186e-05 1.6482312e-05 0.028751135 1.9272936e-07 1.8593983e-05 8.805989e-06 2.3867647e-06 3.9094057e-09 6.0681924e-07 1.0928914e-08 6.256631e-06 5.2445585e-06 6.518095e-06 1.07647175e-07 1.835056e-07 3.4544732e-07 6.391415e-11 2.0181959e-07 0.0024818818 1.3844445e-10 0.002228401
0.3442653 0.92813075 1.6166832e-16 0.83526963 0.9927713 0.105501726 0.13456859 0.06814178 0.11641008 0.00045828082 0.12699063 0.0021542367 0.22533381 0.051042326 0.004828373 0.6514986 5.7753314e-05 0.00020072331 0.010292972 0.00031751665 0.0029335832 1.6200136e-05 0.014221311 0.091401294 0.30380103 0.027646096 0.0104120225 0.00026539605 9.438895e-05 0.0018382922 6.134712e-05 0.059477046 3.9872197e-05 3.5550988e-06 4.5664437e-06 0.0114155235 3.153129e-08 0.0017993907 7.137171e-08 0.018198296 8.59261e-06 0.000281121 3.3839966e-05 0.0060039265 1.8054857e-08 2.483598e-07 5.5792935e-07 7.634595e-06 6.731646e-07 6.7841245e-07 1.6693649e-06 0.004430819 4.783422e-09 2.0835902e-08 0.00024562734 6.485229e-09 0.0029389444 1.1977417e-06 6.231483e-08 6.847635e-06 5.9177014e-06 0.00052129047 1.3681874e-06 2.479454e-09 0.0009265129 2.721024e-05 1.1449767e-06 4.2146233e-08 3.7585133e-07 3.310613e-07 2.3624867e-07 1.6737003e-07 1.9146887e-06 1.4484033e-07 0.00017193746 0.0003364746 7.647342e-09 6.7408064e-07 2.641571e-07 2.2952381e-05 5.4183765e-08 3.194078e-08 0.01016805 2.6255722e-07 2.1803564e-06 2.2827321e-07 4.589012e-07 4.8817315e-09 2.5503826e-07 1.4256929e-08 2.666123e-07 1.3536991e-08 7.949597e-07 1.2880872e-08 5.174276e-08 8.200709e-09 1.930868e-09 4.377237e-07 0.003590701 3.0641634e-10 0.0027970378
0.6293827 0.18112099 0.83526963 1.1033177e-19 0.6476066 0.7538902 0.98536384 0.4542304 0.4325283 0.26816547 0.032841794 0.05569122 0.0065039257 0.28238246 0.12823507 0.8731294 0.0041260067 0.0020045796 0.040528454 0.007470642 0.016822657 3.3516986e-05 0.0014263137 0.6229287 0.26466104 0.52754915 0.057659257 0.042886578 0.009820513 0.010198739 0.0032967362 0.21133588 0.00021459332 1.754175e-05 7.65426e-05 0.13209936 4.3116625e-06 0.003728977 5.253313e-08 0.018594237 8.414229e-05 0.0054290844 0.0007051973 0.007856362 3.576625e-08 1.3117219e-07 7.57521e-08 9.466174e-05 8.9334094e-08 6.8021063e-06 3.3268254e-06 0.0248281 9.0468627e-10 2.9057057e-09 1.6682026e-05 7.093792e-09 0.0007460645 3.079429e-08 6.539896e-09 3.598463e-06 1.5970749e-06 9.736262e-05 2.8314405e-06 6.761686e-11 0.0007819588 0.00040844918 8.853642e-06 1.8003139e-08 8.841044e-08 1.0562657e-06 7.979798e-09 6.411021e-08 1.9306701e-06 4.7845966e-10 8.586504e-05 4.389335e-05 3.6254202e-10 7.1688916e-08 8.448497e-09 2.0403973e-05 3.1816192e-08 1.2417586e-10 0.0026381412 4.141203e-07 3.474865e-08 3.631367e-09 2.6482137e-06 5.4046354e-09 1.5446995e-08 2.4113834e-07 7.024818e-08 2.4031417e-09 4.9758125e-07 3.1816905e-09 3.1498755e-09 7.180123e-09 4.3265894e-10 2.2419212e-07 0.0025308758 1.969846e-08 0.0012666695
0.8861871 0.85059875 0.9927713 0.6476066 2.6952033e-16 0.020665659 0.06404078 0.008588371 0.02410528 0.00016769284 0.05893758 0.00022835105 0.14229415 0.024287956 0.0020687752 0.7244264 7.48595e-06 3.497241e-05 0.003190646 7.990613e-05 0.0010429678 8.538688e-06 0.076763615 0.1685932 0.7960163 0.05024803 0.011591837 0.00016649452 3.3984597e-05 0.0009939027 5.889953e-05 0.111920685 1.2469025e-05 7.836833e-06 4.6253172e-07 0.03454928 4.0961023e-08 0.0010433418 4.846061e-07 0.015146637 1.4466764e-05 0.0004630702 0.00014118016 0.008387415 6.7661205e-08 5.1759933e-08 6.965083e-07 3.302238e-05 2.656904e-07 2.3031865e-07 5.382736e-06 0.19452795 7.594636e-09 2.460628e-09 0.00022159811 1.8566213e-09 0.0013952818 4.3281145e-07 6.8174714e-08 2.1250717e-05 3.3779106e-06 0.00092270353 1.1010793e-05 3.9796366e-09 0.021710528 0.015078121 4.4166686e-06 8.473333e-09 3.57134e-07 2.8142718e-05 8.7011706e-08 5.722029e-08 3.170715e-06 7.968748e-07 2.3508741e-05 7.136794e-05 1.0315778e-08 1.6119935e-07 2.9382434e-08 1.1326615e-05 2.8794569e-08 1.04115145e-07 0.028984532 2.713768e-05 2.1369838e-06 1.7811466e-07 7.899014e-06 3.4833686e-10 9.554471e-08 7.4534915e-07 1.8789672e-07 4.639394e-08 0.00019806532 4.067196e-08 1.8773973e-08 3.6228993e-09 4.498675e-10 1.7644574e-06 0.010784648 2.5792313e-10 0.0059841075
0.8783645 0.0062070685 0.105501726 0.7538902 0.020665659 1.6700705e-17 0.89134485 0.96688634 0.7735568 0.9079049 0.011452553 0.5697063 0.00045379045 0.49631524 0.54868066 0.29482192 0.20163703 0.081032455 0.17546724 0.13414419 0.105776675 0.006301218 6.602584e-05 0.32230896 0.05007172 0.42326006 0.13512288 0.29049966 0.15908916 0.05261749 0.065116934 0.04074475 0.001335128 0.0006726814 0.0021675793 0.076874115 0.000114886425 0.011849833 7.7353776e-05 0.02453814 0.003529989 0.055167183 0.03426004 0.015828991 8.412815e-07 7.1162416e-05 1.6784843e-05 0.022549976 7.843229e-07 0.00100814 0.0010244794 0.15792023 3.7348254e-08 1.791237e-08 0.0002094466 2.1450038e-08 0.0008356786 3.2874711e-06 5.184612e-07 0.0003061865 1.0353048e-05 0.0006519705 0.00025278112 2.167309e-09 4.0653526e-05 0.0023762886 0.00015137352 1.1508133e-07 1.1986678e-05 1.2032342e-05 7.425771e-07 9.33987e-07 5.2325136e-06 4.008251e-08 5.4532837e-05 3.947658e-05 1.3080247e-08 9.952105e-07 7.070548e-08 7.116405e-05 3.7622036e-07 7.217333e-09 0.00091963314 9.721889e-07 6.023284e-07 8.898224e-08 0.00018437332 8.115363e-09 9.672824e-06 4.1657702e-07 1.2077547e-07 7.318614e-08 6.648709e-07 4.1422442e-08 6.2598438e-09 2.3274119e-08 5.7687166e-10 8.049348e-06 0.0024271002 6.4420576e-08 0.0012761769
0.8713293 0.00918584 0.13456859 0.98536384 0.06404078 0.89134485 1.3961669e-19 0.6208352 0.52535915 0.77183133 0.0011270187 0.1547025 0.00039402524 0.30946055 0.3456403 0.59937227 0.18344924 0.01819669 0.061036296 0.03908867 0.036683846 0.0009863147 0.000598717 0.5972322 0.12965742 0.651961 0.09569624 0.2510473 0.17135826 0.033054277 0.13511963 0.1847096 0.00070786726 0.00017767977 0.0009153789 0.16915426 1.4205091e-05 0.005488975 7.2545804e-06 0.033804245 0.0008340115 0.03169926 0.01251593 0.017257035 2.4625132e-07 2.631068e-06 3.2577902e-06 0.004699097 8.327418e-06 5.079147e-05 0.00016271308 0.14787152 7.716073e-09 6.8942036e-08 8.0798935e-05 4.5218488e-07 0.0007544365 7.151459e-06 7.975207e-08 0.00034605723 6.496163e-06 0.00035436812 0.00033700772 1.4714058e-09 0.0010450397 0.0019599935 0.00027070154 3.6350605e-07 4.857256e-06 6.511701e-06 1.0678813e-06 9.231937e-07 7.3507676e-05 1.371051e-09 4.3929154e-05 1.8490977e-05 1.9740013e-07 1.9813315e-06 5.480979e-07 1.0013794e-05 5.3395615e-07 2.9037446e-09 0.0022974643 2.4059233e-07 7.3647826e-08 4.6443787e-08 1.47379205e-05 3.2302054e-07 4.4624005e-07 2.6894128e-07 4.5655508e-08 3.7681552e-08 2.8250574e-07 5.981454e-08 1.650193e-08 5.064544e-09 4.603606e-08 2.6345683e-06 0.00507509 3.9525794e-08 0.0022502937
0.708036 0.0013084773 0.06814178 0.4542304 0.008588371 0.96688634 0.6208352 1.4758794e-18 0.93865436 0.83086985 0.02278052 0.94215125 0.00053572276 0.589213 0.6946124 0.07225042 0.4840923 0.4786423 0.2983971 0.3003041 0.24037623 0.09293035 4.487858e-05 0.086363174 0.0052982816 0.13997553 0.14678779 0.12697478 0.050218243 0.07131124 0.027590308 0.0059298514 0.005451513 0.0016598799 0.0024859062 0.018709889 0.00018481941 0.01439498 0.00010577547 0.020635173 0.0023768249 0.010441491 0.008716841 0.012225014 4.3478753e-06 0.00024910452 6.817345e-05 0.0019740702 2.1853964e-06 0.000359168 0.00019902606 0.008819836 3.033364e-08 1.8210463e-07 0.0003120463 1.320611e-07 0.00074275734 8.456854e-06 7.395974e-07 2.8147819e-05 8.747181e-06 0.0005978509 1.2626742e-05 2.04637e-09 3.1619447e-07 6.527037e-05 1.7632827e-05 8.116369e-07 5.9911818e-06 3.0725178e-06 1.023396e-06 9.623813e-07 2.4371398e-06 2.9968692e-08 0.0001946453 4.763029e-05 1.18001715e-08 3.6725382e-06 5.2428413e-07 9.393349e-05 2.3888583e-07 5.353062e-09 0.0012383937 1.3331066e-07 4.4055477e-07 1.862655e-07 3.8670343e-05 1.42629935e-08 2.876564e-06 1.3589981e-07 2.4732394e-08 7.926452e-08 4.8030097e-07 2.5660977e-08 3.0424786e-08 1.6530063e-08 5.033772e-10 5.1570096e-06 0.0016485694 1.9888319e-08 0.00092491665
0.8441621 0.004849076 0.11641008 0.4325283 0.02410528 0.7735568 0.52535915 0.93865436 2.3240665e-16 0.32914123 0.13095804 0.8867684 0.00242292 0.9397925 0.88961357 0.19892128 0.039318755 0.118753865 0.6391618 0.3882 0.5252987 0.01938605 0.00017628445 0.18833482 0.026493883 0.20462102 0.417538 0.1179095 0.028376894 0.10971323 0.01001977 0.011474151 0.0016481252 0.00041411308 0.00033159106 0.013061607 5.3236767e-05 0.024867978 3.210893e-05 0.078388914 0.000983578 0.0062102154 0.0029757211 0.014067771 7.0342406e-07 1.4283257e-05 1.1655886e-05 0.00045819063 1.0771099e-06 9.6515796e-05 3.9028797e-05 0.0051670796 3.52106e-08 3.066932e-08 0.00046319145 3.2532512e-08 0.0025521212 2.289496e-06 8.623119e-07 5.530073e-06 1.141899e-05 0.0007028394 2.7314197e-06 4.304975e-09 1.3076237e-07 1.6797638e-05 2.9035634e-06 2.7895188e-08 3.0801161e-06 1.3031887e-06 1.0711282e-07 9.2430463e-07 1.7768756e-06 1.0664599e-07 0.0002594025 0.000236871 7.1152395e-10 9.0699075e-07 7.043127e-09 8.0794234e-05 1.6071827e-07 1.4476084e-08 0.0019757906 2.548729e-07 5.356198e-07 6.335642e-08 2.9481082e-05 2.1210644e-09 2.967825e-06 8.123527e-08 9.512068e-08 4.4477268e-08 6.251492e-07 8.274212e-08 1.3134123e-08 3.9251056e-08 1.1931812e-10 1.1554177e-05 0.0019691016 2.1435612e-07 0.0013436053
0.9593854 3.0021003e-05 0.00045828082 0.26816547 0.00016769284 0.9079049 0.77183133 0.83086985 0.32914123 3.0564432e-16 4.5128447e-05 0.78961843 4.5847166e-05 0.29411405 0.75601137 0.020660711 0.90915304 0.4751885 0.15415268 0.63115686 0.22935548 0.15970846 5.5350836e-05 0.17424533 0.0033154474 0.5243087 0.23949242 0.81181103 0.7162416 0.42786908 0.51322794 0.025717998 0.041570537 0.021061251 0.17034927 0.15277041 0.02208182 0.06035095 0.006882941 0.069684185 0.1933636 0.31852707 0.37951177 0.10346701 0.00013261815 0.0050571198 0.0019841944 0.37501383 0.0003152504 0.26071474 0.10073535 0.41899207 5.3515596e-06 1.3949458e-05 0.0014460108 1.870996e-05 0.001370616 0.00033217724 3.8045626e-05 0.016652144 0.00024716055 0.0068139005 0.010384713 3.9288716e-07 5.7426747e-05 0.008435617 0.0048957053 5.557616e-05 0.0021037287 1.5726768e-05 2.3624507e-05 2.4138271e-05 0.0006770369 1.9859728e-07 0.0010329917 0.00017095284 6.6352904e-06 0.00014250744 3.018064e-05 0.00048634538 1.0036322e-06 1.1258498e-07 0.0011113187 1.5345611e-06 3.2619498e-06 6.5422677e-07 0.0025678389 8.423657e-08 0.000544494 2.5784323e-06 3.4358672e-07 5.9524405e-07 1.8244127e-06 3.2834336e-07 9.195892e-09 2.8234493e-07 5.493879e-07 7.753628e-05 0.0062105744 1.7643866e-06 0.0037631926
0.6307488 0.5070971 0.12699063 0.032841794 0.05893758 0.011452553 0.0011270187 0.02278052 0.13095804 4.5128447e-05 1.2251736e-16 0.002482341 0.9908358 0.12453705 0.0048542954 0.015348481 7.925258e-06 6.2712694e-05 0.04339272 0.0003647376 0.008313457 1.2151e-05 0.97997284 0.001899969 0.017583089 6.163883e-05 0.01174791 9.5710195e-05 1.9098696e-05 0.00051546353 1.2007273e-05 0.00042562437 2.2013155e-05 1.0946633e-05 8.5619234e-07 5.608552e-06 2.9348156e-08 0.0051504755 5.4549736e-07 0.077854164 3.8322837e-06 1.2547102e-06 1.0585408e-06 0.014574181 7.821087e-08 1.1450871e-06 2.8289827e-07 4.4864922e-07 1.2261518e-05 8.394659e-08 7.710263e-09 0.00031347648 1.898937e-08 7.750341e-08 0.006384028 2.5305386e-08 0.03692846 1.4325054e-05 1.0514436e-06 5.6233066e-06 1.264945e-05 0.00095131213 4.412425e-06 5.33615e-09 0.0001786469 6.0825846e-07 5.9372037e-06 1.5370385e-07 1.3415573e-07 1.1596496e-06 3.0250674e-06 2.0951254e-06 2.2037195e-06 9.892174e-08 0.0010798589 0.0017023011 4.836181e-09 4.771438e-06 7.1387504e-08 3.288818e-05 4.7245297e-07 9.63791e-09 0.05827176 5.340636e-07 3.9512625e-07 5.5517596e-08 3.6394713e-06 8.033741e-08 2.6341274e-07 5.129047e-08 2.90023e-07 1.7789857e-07 4.5750375e-07 1.0337228e-06 3.1929653e-07 1.8186887e-08 1.3865908e-09 4.3830087e-06 0.004318164 1.1394046e-09 0.004023644
0.5199943 2.4881117e-05 0.0021542367 0.05569122 0.00022835105 0.5697063 0.1547025 0.94215125 0.8867684 0.78961843 0.002482341 8.370011e-18 7.752622e-05 0.5666794 0.8397652 0.0057889964 0.8994014 0.94915926 0.4329183 0.6849092 0.4574744 0.6816008 1.5312813e-05 0.009963483 0.00021171005 0.046557624 0.13949929 0.088996984 0.04015164 0.20327047 0.034622304 0.00038613536 0.06790255 0.018779559 0.01183681 0.0037767903 0.0025535843 0.033770163 0.0019053634 0.016740892 0.00805004 0.0028846988 0.0048335306 0.014425186 8.108485e-05 0.0003646851 0.00032211997 0.0012746339 8.320135e-05 0.0006875911 0.00038783764 0.00026440324 6.777471e-07 8.570178e-06 0.0016744084 8.228885e-06 0.0008853819 0.00014392158 1.6105307e-05 7.487218e-05 4.261627e-05 0.0011930985 2.3707427e-05 1.7966337e-07 3.39386e-07 1.1363195e-05 1.12062025e-05 3.1021536e-05 1.4760791e-05 8.679934e-07 2.1119857e-05 9.769202e-06 2.7234294e-06 4.8382293e-07 0.00035356166 0.00010056261 2.1739386e-06 4.8779806e-05 3.5266203e-05 0.00021881326 4.1421968e-06 1.0607067e-07 0.0015283658 2.6352228e-07 1.913221e-06 2.135796e-06 5.9560472e-05 4.986221e-07 7.1921e-06 2.307456e-07 4.7244956e-08 5.752404e-07 4.13055e-07 2.5986017e-07 2.4824377e-07 2.3298456e-08 4.3282444e-08 2.9903564e-05 0.0015698156 3.949714e-09 0.0009876349
0.4789666 0.96448386 0.22533381 0.0065039257 0.14229415 0.00045379045 0.00039402524 0.00053572276 0.00242292 4.5847166e-05 0.9908358 7.752622e-05 2.0241957e-17 0.00480523 0.00016947938 0.0136824185 1.1465415e-06 8.1371045e-06 0.0013399675 3.9745468e-05 0.0005857967 5.3258022e-06 0.99155885 0.0004528113 0.042281643 7.3534175e-05 0.0011267598 8.1274375e-05 4.726285e-06 9.765108e-05 4.2368733e-06 0.00035510462 1.2525481e-05 7.663811e-06 2.7213017e-07 1.3834937e-05 5.8790118e-08 0.00028316054 3.2973662e-07 0.0019136337 1.4329897e-06 2.253429e-06 4.672788e-07 0.0006986849 1.6175359e-07 1.5426599e-07 9.860382e-07 2.6785193e-07 1.788368e-06 3.0448837e-07 5.523179e-08 0.00027518847 2.0480892e-08 2.6307e-09 0.00016914126 4.6549276e-10 0.0012383971 2.6562e-07 1.3243626e-06 7.664113e-07 1.044152e-06 2.834749e-05 4.4862315e-07 5.8767924e-08 0.0005242786 3.385801e-05 7.3564826e-07 4.0452917e-09 1.8328767e-07 3.040907e-06 2.6644695e-08 9.043934e-09 1.0258251e-06 3.0834036e-07 0.00014221527 7.1933246e-05 8.9804615e-11 3.845201e-09 4.954596e-10 1.0518934e-05 8.4615275e-09 4.6638636e-08 0.0741297 1.8826757e-06 1.8096564e-07 3.622521e-08 8.425445e-07 5.1192654e-11 7.217498e-07 1.021947e-07 7.9217955e-08 4.2604178e-08 3.7433358e-05 4.4312554e-09 3.3623877e-09 3.1800467e-09 8.991915e-14 1.239503e-07 0.0017844053 1.4011194e-10 0.0029088892
0.8772082 0.0033226262 0.051042326 0.28238246 0.024287956 0.49631524 0.30946055 0.589213 0.9397925 0.29411405 0.12453705 0.5666794 0.00480523 1.5313182e-14 0.91521156 0.15817477 0.0183726 0.07465385 0.90582204 0.4335658 0.6898737 0.015105864 0.00034111313 0.14785093 0.051578443 0.12623946 0.76783574 0.10448923 0.03222081 0.22276841 0.010980851 0.014253471 0.0031790466 0.00072081335 0.0010920919 0.0076962793 0.00012908874 0.085303836 9.693237e-05 0.25039694 0.0024072067 0.0042157373 0.0041942927 0.028017094 1.478445e-06 2.8160868e-05 1.199728e-05 0.00051984977 3.731967e-06 3.5662895e-05 3.2730295e-05 0.003630007 1.1987719e-07 4.385826e-08 0.0032505891 5.6078132e-08 0.008521382 1.2308909e-05 1.6772915e-06 5.0226668e-06 7.033751e-05 0.0012822528 4.4206085e-06 2.693354e-08 2.2410622e-07 2.106671e-05 4.480474e-06 8.329792e-08 4.3725167e-06 4.003484e-06 2.2313543e-07 1.150648e-06 3.9134034e-06 1.7812725e-07 0.00076279254 0.00063090766 9.0133795e-10 1.1843703e-06 4.851129e-09 0.00022930624 5.275492e-07 9.7367305e-08 0.0030719333 2.0036477e-07 1.6003927e-06 1.8297766e-07 0.00012634121 3.7146826e-09 1.06022435e-05 6.590769e-07 1.0023142e-06 6.818174e-08 9.858613e-07 6.746315e-08 3.298146e-09 4.771212e-07 1.2778888e-10 2.8260682e-05 0.0020781353 1.6756222e-06 0.001417849
0.93290156 7.757903e-05 0.004828373 0.12823507 0.0020687752 0.54868066 0.3456403 0.6946124 0.88961357 0.75601137 0.0048542954 0.8397652 0.00016947938 0.91521156 9.708874e-16 0.08066238 0.53674215 0.70211357 0.8117913 0.7252833 0.7482417 0.4459715 6.476984e-05 0.12759715 0.009675085 0.21640278 0.5590461 0.31769228 0.18320857 0.38004676 0.12480471 0.013522839 0.059670247 0.015259744 0.015430928 0.024090257 0.002672578 0.077093154 0.0018582391 0.06364415 0.020102343 0.038268797 0.033795413 0.027394382 0.000107468244 0.0005302993 0.00019213524 0.017491871 0.00012755259 0.0052255103 0.0020723285 0.026219765 2.443663e-06 1.9634542e-06 0.007885558 8.97459e-07 0.0052426266 0.0001687137 8.5158845e-06 8.4320454e-05 0.000109747365 0.0028405848 5.9423906e-05 1.2929024e-07 1.942453e-06 0.00015771609 4.87e-05 2.4890742e-06 6.482997e-05 7.993086e-06 1.5654807e-05 1.5315794e-05 1.1017505e-05 5.468021e-07 0.0010315416 0.0006493398 1.5691172e-07 1.4874789e-05 9.536079e-07 0.00025542467 2.8498566e-06 1.3970066e-07 0.0024179064 2.6135112e-07 9.824062e-06 2.1218343e-06 0.0006443718 8.030585e-08 5.3146323e-05 1.1651802e-06 3.062113e-06 9.112664e-08 1.4866089e-06 2.3595597e-07 5.2995574e-08 8.9261414e-07 1.6813672e-08 4.1871946e-05 0.0031037284 1.4602052e-06 0.0017891026
0.5588805 0.0599911 0.6514986 0.8731294 0.7244264 0.29482192 0.59937227 0.07225042 0.19892128 0.020660711 0.015348481 0.0057889964 0.0136824185 0.15817477 0.08066238 2.382386e-16 0.0001085853 0.0004000154 0.01247918 0.0020587465 0.006116087 2.0224059e-05 0.003975855 0.8326118 0.9892178 0.53478336 0.025217094 0.012319215 0.0014309324 0.0016935052 0.0012264934 0.59061676 2.6449741e-05 9.439962e-06 5.377026e-06 0.32896048 9.474749e-08 0.001006135 1.6034916e-07 0.004842615 1.710994e-05 0.004184309 0.00017489424 0.0037443463 4.7246488e-08 9.011635e-08 7.093786e-07 1.4430784e-05 5.449337e-07 1.4167094e-06 3.2015926e-06 0.059896532 1.3876015e-09 1.08030305e-08 6.108363e-06 1.5915404e-08 0.00012710995 5.16159e-08 8.183837e-08 3.616517e-05 2.4563035e-06 2.800091e-05 8.021615e-06 9.1717495e-10 0.0046977773 0.002817583 4.8217184e-06 5.6198274e-08 5.9048347e-07 5.4540496e-06 1.422898e-07 3.6124266e-08 3.663842e-06 1.1900913e-08 1.4774636e-05 9.00612e-06 7.961661e-09 1.9207906e-07 2.1493133e-07 1.1652896e-05 3.182245e-08 3.4216692e-09 0.004548893 6.1516703e-06 4.1283485e-07 6.662772e-08 8.686078e-05 1.2172752e-08 1.2267967e-08 4.0590453e-07 4.30081e-07 4.785094e-08 6.299577e-06 4.0549267e-08 6.744488e-08 1.0980607e-08 1.0035021e-08 2.5735568e-07 0.0028454775 9.872637e-10 0.00096333865
0.9084626 3.220831e-06 5.7753314e-05 0.0041260067 7.48595e-06 0.20163703 0.18344924 0.4840923 0.039318755 0.90915304 7.925258e-06 0.8994014 1.1465415e-06 0.0183726 0.53674215 0.0001085853 2.8296486e-17 0.9630841 0.07541893 0.76236194 0.2179604 0.85462546 1.7269502e-06 0.009124579 0.00010697251 0.10548623 0.082235835 0.45606738 0.38708052 0.4210848 0.28008708 0.00053337804 0.1974377 0.070787326 0.54207474 0.010898249 0.359447 0.027268426 0.055978697 0.010124691 0.29232413 0.03666824 0.10901531 0.026123367 0.0017317776 0.054801594 0.011510329 0.19880152 0.00093153724 0.33583665 0.09842476 0.010872576 4.440745e-05 7.774263e-05 0.0031645768 7.114953e-05 0.00043063494 0.0008352093 0.00038090753 0.00808033 0.00013839286 0.005879921 0.0037373488 8.022579e-06 4.913746e-07 5.2983272e-05 0.001158746 8.596377e-05 0.0031013375 1.9843512e-06 0.00011643693 4.3056938e-05 3.050735e-05 4.420078e-06 0.0007896924 0.0004570997 7.650364e-05 0.00011222261 7.5273754e-05 0.0003364716 6.490531e-05 8.259836e-07 0.0004122304 2.3460072e-07 7.071005e-05 2.084116e-05 0.00034639353 3.2120888e-06 0.002089923 7.965489e-07 4.087132e-06 5.487995e-06 1.0881268e-07 2.8624818e-06 7.556173e-07 5.2263414e-07 2.1952515e-06 0.00014889344 0.0029598798 2.3922632e-06 0.0013094947
0.67810744 5.8332394e-06 0.00020072331 0.0020045796 3.497241e-05 0.081032455 0.01819669 0.4786423 0.118753865 0.4751885 6.2712694e-05 0.94915926 8.1371045e-06 0.07465385 0.70211357 0.0004000154 0.9630841 1.237296e-16 0.17867726 0.8504207 0.43757042 0.95064086 1.6302293e-06 0.0012892439 9.494789e-05 0.012656014 0.07427072 0.093325764 0.050540254 0.39668044 0.049269777 0.00014396496 0.29895297 0.08414372 0.080968454 0.0018311174 0.04861483 0.04330179 0.050041694 0.008073759 0.039993588 0.00295194 0.010946503 0.012820076 0.0004477393 0.0041968995 0.0014123208 0.011335397 0.0004878798 0.01545797 0.002514299 0.00094148703 9.874277e-06 5.6595338e-05 0.0048124325 4.0157065e-05 0.0011216314 0.0008994448 7.6003314e-05 0.00037960766 0.00018645398 0.0032967867 3.0186682e-05 2.155084e-06 7.577956e-08 2.014088e-06 2.6113163e-05 9.6298536e-05 3.9432183e-05 6.7366227e-07 8.146768e-05 3.6350957e-05 4.2211964e-06 2.4334515e-06 0.0007921752 0.00043124563 1.9016617e-05 8.568622e-05 7.8005396e-05 0.00043955748 3.7818234e-05 3.5617177e-07 0.0010253107 2.2464694e-07 1.2532257e-05 1.9894893e-05 3.553575e-05 3.700284e-06 8.250743e-05 4.0630113e-07 9.292719e-07 1.6020907e-06 3.2288193e-07 1.5675549e-06 1.8044736e-06 2.0140581e-07 7.249866e-07 0.00023858612 0.0016025439 8.897427e-08 0.0009227621
0.8906791 0.0003775765 0.010292972 0.040528454 0.003190646 0.17546724 0.061036296 0.2983971 0.6391618 0.15415268 0.04339272 0.4329183 0.0013399675 0.90582204 0.8117913 0.01247918 0.07541893 0.17867726 1.0303904e-15 0.59650207 0.9627842 0.089796335 0.00011386687 0.009400475 0.0017103266 0.011988184 0.9125507 0.01911122 0.0093669165 0.49080426 0.005383461 0.00078297034 0.022644866 0.0055778753 0.0027475278 0.0008229129 0.00061414187 0.28375608 0.0018265768 0.3484837 0.0015041841 0.00038763002 0.0010044401 0.06537191 1.0062819e-05 8.2695304e-05 2.2511296e-05 0.00011360482 2.9395344e-05 1.3750096e-05 2.2473736e-05 7.10462e-05 2.0697458e-07 5.237139e-07 0.02208905 2.6042358e-07 0.02562628 0.00013169709 1.4167175e-06 1.6912464e-06 0.00035500745 0.00650726 4.2339284e-06 2.6593566e-08 2.4660736e-07 1.8291714e-05 3.7905847e-06 3.5826824e-07 4.8586553e-06 6.527681e-06 4.2570878e-06 8.2649685e-06 2.595997e-06 8.753288e-08 0.0042429026 0.0034775343 6.1934795e-09 1.0841389e-05 3.614177e-08 0.0013037141 9.594213e-07 7.787341e-08 0.010897491 2.1009926e-07 1.910499e-06 1.5514651e-07 2.1220985e-05 2.74679e-08 1.0858316e-05 3.8870814e-07 2.6956286e-06 4.3328615e-08 1.1862434e-06 4.4664983e-08 3.2168872e-09 6.5363554e-07 1.5901348e-09 0.00019928876 0.0038628972 2.7243905e-06 0.0031447508
0.8960879 1.86716e-05 0.00031751665 0.007470642 7.990613e-05 0.13414419 0.03908867 0.3003041 0.3882 0.63115686 0.0003647376 0.6849092 3.9745468e-05 0.4335658 0.7252833 0.0020587465 0.76236194 0.8504207 0.59650207 5.4740325e-16 0.7729551 0.95501834 5.6289405e-06 0.0099430755 0.00059343094 0.028055929 0.38852817 0.25490943 0.14224659 0.83428025 0.09876156 0.0007817918 0.42078337 0.12605038 0.07945028 0.00369822 0.024959572 0.16483155 0.043426946 0.056962863 0.06306403 0.012964102 0.018831218 0.023208875 0.0001617725 0.0059043653 0.0006515078 0.020354412 0.00026183797 0.026597576 0.005954585 0.0009301546 3.4357904e-06 5.486436e-06 0.02064912 7.054357e-06 0.008973196 0.00056031183 5.273827e-05 4.6852692e-05 0.00017553139 0.0047071055 9.8781e-06 4.6178684e-07 2.0738615e-07 9.489634e-06 8.806451e-06 8.725303e-06 6.516252e-05 8.6265817e-07 2.9986553e-05 1.1221056e-05 6.8242375e-06 7.748416e-07 0.0009213279 0.0007635844 1.0397083e-06 2.4010984e-05 2.9379635e-06 0.00033453357 7.143886e-06 1.3146585e-07 0.002198258 9.010776e-08 1.3825019e-05 2.96587e-06 3.0420742e-05 6.666532e-07 5.8815505e-05 4.7752593e-07 2.2963711e-06 1.7935439e-07 3.3163548e-07 2.762032e-07 9.356134e-08 1.553149e-06 5.6487032e-08 0.00015986827 0.0023010464 3.703175e-06 0.0015054392
0.9040085 0.00022732852 0.0029335832 0.016822657 0.0010429678 0.105776675 0.036683846 0.24037623 0.5252987 0.22935548 0.008313457 0.4574744 0.0005857967 0.6898737 0.7482417 0.006116087 0.2179604 0.43757042 0.9627842 0.7729551 1.2252117e-15 0.43708718 4.7549594e-05 0.006833316 0.0009229187 0.008972974 0.9016852 0.022561017 0.017577237 0.8406657 0.009958444 0.0006615369 0.21992728 0.033677023 0.007272754 0.001231467 0.0021381713 0.5357856 0.010300175 0.2992314 0.0022676317 0.00092611084 0.0023976744 0.10789749 9.113433e-05 0.00064452604 0.00021423934 0.00043559642 0.00068812707 0.00014642494 0.00012508871 0.00012235546 1.7309602e-06 1.2283534e-05 0.06255185 7.2596736e-06 0.05531556 0.0022087526 1.0953294e-05 2.3273187e-06 0.0008816631 0.013732419 4.258984e-06 1.1976108e-07 4.3547033e-07 1.3569765e-05 1.153545e-05 1.7772969e-05 2.2711625e-05 1.16851015e-05 0.00013796327 0.00012265559 1.6180573e-05 3.4243166e-07 0.006742093 0.005957814 5.617293e-06 9.1420115e-05 1.2582338e-05 0.0017757543 2.5707264e-05 1.55218e-07 0.012320261 8.057742e-08 3.0280896e-06 1.9886934e-06 2.1718199e-05 1.8838072e-06 2.7138924e-05 2.8931774e-07 4.535529e-06 3.3555364e-07 9.124809e-07 4.6632746e-07 4.450349e-08 1.1284313e-06 1.4839365e-07 0.00067176943 0.005035089 7.4893564e-06 0.0034850955
0.64996266 7.614006e-07 1.6200136e-05 3.3516986e-05 8.538688e-06 0.006301218 0.0009863147 0.09293035 0.01938605 0.15970846 1.2151e-05 0.6816008 5.3258022e-06 0.015105864 0.4459715 2.0224059e-05 0.85462546 0.95064086 0.089796335 0.95501834 0.43708718 2.8139728e-19 4.6856448e-07 0.00027035942 1.2078284e-05 0.0006303604 0.06369536 0.012224256 0.010057542 0.6330842 0.013390178 1.641879e-05 0.7484068 0.26488918 0.08230305 0.0003779121 0.112956256 0.1014115 0.31830397 0.009883477 0.025023887 0.000139148 0.0013507373 0.010915 0.0031584746 0.013203727 0.0031097797 0.0019678224 0.0027159585 0.007927379 0.000613667 3.5939927e-05 3.7511422e-06 0.00022194877 0.015650129 0.00031940482 0.002101523 0.0020807688 0.00010290871 1.0637164e-05 0.0003529942 0.007686748 2.0725101e-06 7.63125e-07 1.1801409e-08 2.7814102e-07 3.910109e-06 0.000103879356 2.666871e-05 1.04451495e-07 0.00014646754 2.8834515e-05 4.936665e-06 7.689415e-07 0.0009362134 0.00040339815 3.3862496e-05 0.00017188532 4.3092477e-05 0.00039987123 6.1533865e-05 3.857102e-08 0.0010799932 1.9390919e-08 1.175581e-05 1.3029943e-05 5.9499803e-06 1.6165335e-05 2.4102294e-05 5.715877e-08 2.666596e-07 1.6761242e-06 6.944341e-08 1.3672653e-06 4.0527157e-06 4.0039264e-08 5.314818e-06 0.0006912612 0.0012214968 1.7951223e-08 0.00076718954
0.9915266 0.59127355 0.014221311 0.0014263137 0.076763615 6.602584e-05 0.000598717 4.487858e-05 0.00017628445 5.5350836e-05 0.97997284 1.5312813e-05 0.99155885 0.00034111313 6.476984e-05 0.003975855 1.7269502e-06 1.6302293e-06 0.00011386687 5.6289405e-06 4.7549594e-05 4.6856448e-07 4.2296638e-13 0.00046692474 0.006618083 8.840543e-05 0.00065298413 4.6534748e-05 2.770839e-05 4.7099e-05 8.1237295e-06 0.000277631 5.280755e-06 1.2827278e-06 1.5421384e-06 5.6190347e-06 1.174143e-06 0.00021065172 8.7923644e-07 0.004265738 9.366974e-06 4.3999444e-06 6.9321e-06 0.0022575485 3.7155914e-08 4.8386863e-07 2.691241e-06 2.6442465e-06 1.007128e-06 3.8349322e-07 1.7417102e-06 0.00040569622 7.424372e-08 1.06307585e-08 0.0002189362 1.9092465e-09 0.0046310094 7.450449e-07 7.270631e-07 1.1879602e-05 2.0576922e-06 0.00014690174 7.0639985e-06 3.9595363e-08 0.0009090309 0.00010796873 0.0001203601 1.4692108e-08 1.3599938e-05 7.874896e-05 4.8602075e-08 1.5099907e-08 0.000120173376 7.350886e-07 0.0012355837 0.00054329453 5.200996e-10 6.962351e-08 1.0328867e-09 7.569055e-05 9.917021e-07 1.5622018e-06 0.7976737 2.6836317e-06 1.6438349e-06 6.5769177e-07 1.8479483e-05 9.961918e-10 0.00031592968 1.8974373e-07 1.6774418e-06 2.0425516e-06 4.7877536e-05 5.583003e-07 5.6286343e-08 1.7262996e-08 2.4394369e-12 7.1704955e-07 0.06570757 7.266776e-07 0.051326286
0.4238289 0.006460553 0.091401294 0.6229287 0.1685932 0.32230896 0.5972322 0.086363174 0.18833482 0.17424533 0.001899969 0.009963483 0.0004528113 0.14785093 0.12759715 0.8326118 0.009124579 0.0012892439 0.009400475 0.0099430755 0.006833316 0.00027035942 0.00046692474 6.3888367e-17 0.6283691 0.9911596 0.016874172 0.27033824 0.067303516 0.0031013743 0.11179298 0.8246636 0.00012072198 2.24451e-05 0.00011922624 0.72750944 1.1219838e-05 0.0005297757 1.635836e-06 0.0015049934 0.00047342767 0.2095063 0.022980055 0.0014841581 1.3033187e-07 8.8161687e-07 2.0787713e-06 0.0038345065 4.502403e-07 0.00016256695 0.00021931194 0.62782437 1.2472692e-08 1.0770769e-08 6.3870325e-06 1.1041329e-07 2.0448311e-05 7.493856e-08 2.1355893e-07 0.0016916911 9.820311e-07 6.528313e-05 0.0036680286 4.885271e-09 0.016034758 0.046622563 0.0006282469 6.472911e-08 1.1254538e-05 0.00034005003 3.9580037e-08 3.2483094e-08 0.0006563847 2.3644285e-08 5.7799402e-06 5.8454075e-06 4.819854e-09 1.8557613e-07 6.7912424e-08 2.246117e-06 3.9874493e-08 1.3718339e-08 0.0011725452 1.2791664e-05 5.612439e-07 1.02609555e-07 0.0074564996 8.4919435e-08 5.7654123e-08 2.9633044e-05 3.3421134e-07 1.02151056e-07 1.0768414e-05 2.2920989e-07 5.6275393e-08 2.5602409e-08 2.4507356e-09 3.659307e-07 0.003467093 2.6853773e-08 0.0012525847
0.42889127 0.18146116 0.30380103 0.26466104 0.7960163 0.05007172 0.12965742 0.0052982816 0.026493883 0.0033154474 0.017583089 0.00021171005 0.042281643 0.051578443 0.009675085 0.9892178 0.00010697251 9.494789e-05 0.0017103266 0.00059343094 0.0009229187 1.2078284e-05 0.006618083 0.6283691 1.5281194e-15 0.37965444 0.002340383 0.0027422246 0.00057528156 0.00040230204 0.0005043015 0.96107763 9.326816e-06 7.881135e-06 1.182843e-06 0.29010478 1.2969664e-07 0.00023245507 8.1524723e-07 0.0008327323 1.05020135e-05 0.01001337 0.0005830245 0.00040698893 1.7119223e-07 2.8482629e-07 1.7698318e-06 5.083528e-05 6.439592e-07 2.553382e-06 2.545945e-05 0.5195819 5.6644986e-08 2.1725333e-08 8.473176e-06 2.7791046e-08 1.0042772e-05 3.8067398e-07 1.678983e-06 0.00016134247 2.1206408e-06 0.00019313315 0.00012700708 9.677445e-08 0.22673361 0.13599658 5.2178904e-05 6.114395e-08 2.9681943e-05 0.0025974512 6.949889e-07 2.6977125e-07 0.00049148494 6.6026274e-07 2.9812059e-06 1.1613135e-05 3.4124827e-07 8.8578894e-08 3.3211208e-07 9.424634e-06 2.2687723e-07 4.9903696e-07 0.012303177 0.0001754288 1.5548192e-06 1.6336626e-06 0.006528372 3.1130596e-09 1.0207685e-07 1.1151725e-05 6.541207e-07 4.4855815e-07 0.0003542752 6.334325e-08 2.1755353e-08 3.5825853e-08 5.60892e-10 8.423432e-08 0.003572918 7.465004e-10 0.0012041745
0.36201593 0.0005519646 0.027646096 0.52754915 0.05024803 0.42326006 0.651961 0.13997553 0.20462102 0.5243087 6.163883e-05 0.046557624 7.3534175e-05 0.12623946 0.21640278 0.53478336 0.10548623 0.012656014 0.011988184 0.028055929 0.008972974 0.0006303604 8.840543e-05 0.9911596 0.37965444 4.2829137e-19 0.01587796 0.70554614 0.6301894 0.008801111 0.6784953 0.7459732 0.0006985006 0.00018299941 0.00100301 0.8117936 0.00012479762 0.001043835 2.25953e-06 0.0026214432 0.001800035 0.4357474 0.09521813 0.0036620975 4.969918e-07 4.352738e-06 1.468598e-05 0.0066179754 7.946509e-06 0.00013533236 0.00018852037 0.22220437 2.4160114e-08 3.0937954e-07 2.8846957e-06 1.7321839e-06 1.8566358e-05 2.1903747e-06 1.0837935e-07 0.00068100775 2.583961e-06 3.3907545e-05 0.0010023296 4.6017163e-09 0.0024665454 0.005399446 0.0003332303 4.6637993e-07 7.342538e-06 3.0594318e-05 2.7312805e-07 3.9124382e-07 4.2285963e-05 4.166004e-09 2.7367038e-05 4.826715e-06 1.4210931e-07 2.3600512e-06 1.0135616e-06 8.248339e-06 2.1341336e-07 3.585434e-09 0.00048872054 2.55507e-06 5.9001763e-08 8.447841e-08 0.0002020504 2.4411767e-07 1.1985593e-07 4.149559e-06 3.0612878e-07 1.4678558e-07 1.1019612e-06 9.273273e-08 1.5683257e-07 5.158795e-08 3.9173493e-08 8.495131e-07 0.004110825 2.3066978e-08 0.0013747193
0.98537236 0.00085299875 0.0104120225 0.057659257 0.011591837 0.13512288 0.09569624 0.14678779 0.417538 0.23949242 0.01174791 0.13949929 0.0011267598 0.76783574 0.5590461 0.025217094 0.082235835 0.07427072 0.9125507 0.38852817 0.9016852 0.06369536 0.00065298413 0.016874172 0.002340383 0.01587796 1.3168936e-12 0.05333572 0.037983872 0.8059605 0.014907956 0.0014349605 0.029776275 0.014406647 0.02158103 0.0017861897 0.004822508 0.67406696 0.0050770994 0.8591479 0.0073554306 0.0021385609 0.0031692642 0.23495185 3.711015e-05 0.0009331684 0.00030809452 0.0014451905 0.00033407065 0.0003797228 0.00096307177 0.0033150555 4.7705134e-06 9.020699e-06 0.062253855 7.458152e-06 0.1315093 0.0008149488 9.807549e-06 3.1074153e-05 0.0014857614 0.021192715 3.6896403e-05 5.082621e-07 3.0451221e-05 0.0003166956 4.3305834e-05 5.2420382e-06 0.00011743883 7.145e-05 5.278109e-05 2.8467179e-05 3.202425e-05 2.1276578e-06 0.021330645 0.01650584 3.3305886e-07 4.2294352e-05 5.6667704e-07 0.0055881278 4.8859074e-06 1.5734877e-06 0.050485276 1.5733046e-06 8.84355e-06 5.1805273e-06 0.00043198778 1.10216355e-07 0.00013655348 1.1401487e-06 2.000405e-06 2.0406494e-06 1.8517467e-05 5.9569044e-07 8.193954e-09 1.3593005e-06 2.5175966e-09 0.000639801 0.016682616 3.754079e-05 0.0153825525
0.9229348 0.0001401721 0.00026539605 0.042886578 0.00016649452 0.29049966 0.2510473 0.12697478 0.1179095 0.81181103 9.5710195e-05 0.088996984 8.1274375e-05 0.10448923 0.31769228 0.012319215 0.45606738 0.093325764 0.01911122 0.25490943 0.022561017 0.012224256 4.6534748e-05 0.27033824 0.0027422246 0.70554614 0.05333572 1.5006422e-19 0.96580786 0.10603223 0.97302794 0.07798891 0.007550138 0.002807838 0.07741938 0.4756512 0.0074303695 0.0039670058 0.00045049677 0.005104045 0.24112774 0.68058854 0.5257488 0.019538814 2.6496627e-05 0.00092746754 5.8975074e-05 0.5384373 4.9198323e-05 0.28487435 0.13657849 0.74419796 4.4719772e-07 8.6290004e-07 0.00021209786 6.4541728e-06 0.00010075998 5.6147146e-05 3.057301e-06 0.042766534 1.7964934e-05 0.00079192745 0.026315276 2.7402699e-08 0.0010500768 0.044905256 0.015008743 4.192179e-06 0.013204865 0.00015986965 1.9084741e-06 1.5840436e-06 0.026020361 1.0210352e-07 6.615296e-05 9.9228355e-06 3.33124e-07 7.901364e-06 1.734308e-06 3.3058866e-05 6.1528937e-07 9.8892645e-09 0.00072260114 2.2239178e-06 3.432764e-06 7.475198e-08 0.0139224725 1.07037046e-07 0.0009332103 1.0679317e-05 1.5915421e-06 4.0674365e-08 1.3535552e-07 1.5155833e-07 5.8297914e-08 2.9853183e-07 9.7820376e-08 5.066025e-06 0.003039047 2.5417748e-05 0.0012612139
0.8006659 6.1040646e-06 9.438895e-05 0.009820513 3.3984597e-05 0.15908916 0.17135826 0.050218243 0.028376894 0.7162416 1.9098696e-05 0.04015164 4.726285e-06 0.03222081 0.18320857 0.0014309324 0.38708052 0.050540254 0.0093669165 0.14224659 0.017577237 0.010057542 2.770839e-05 0.067303516 0.00057528156 0.6301894 0.037983872 0.96580786 1.8280172e-18 0.09542528 0.9798075 0.018311411 0.0068378043 0.0031758284 0.09244453 0.39223364 0.014606929 0.0032398405 0.00076632045 0.0026869252 0.28878805 0.5598113 0.5014428 0.008399425 0.0001539498 0.001379363 0.00020544611 0.46032476 2.2160282e-05 0.2292796 0.110949576 0.5605209 5.345492e-07 1.1035039e-06 5.0892275e-05 6.238893e-06 2.2494194e-05 2.3527647e-05 6.5241643e-06 0.038946804 5.0777307e-06 0.00058722385 0.021729726 8.002344e-08 0.0005745266 0.025132887 0.013596004 3.5785902e-06 0.01435714 0.00013845807 1.1205365e-06 2.3178077e-06 0.015697746 3.8929764e-07 5.0883395e-05 1.4089722e-05 1.1591343e-06 4.1451567e-06 2.4505266e-06 4.845932e-05 1.0472675e-06 2.432723e-08 0.00069780886 4.7065346e-06 1.3891828e-05 1.0849622e-07 0.010829233 1.6228805e-07 0.0017840669 6.0493476e-06 8.3311227e-07 7.261107e-08 2.3623515e-07 1.6276529e-07 6.1298785e-08 2.3256602e-07 1.6438264e-07 1.46798875e-05 0.0037336245 4.452449e-05 0.0013390323
0.9838473 7.355956e-05 0.0018382922 0.010198739 0.0009939027 0.05261749 0.033054277 0.07131124 0.10971323 0.42786908 0.00051546353 0.20327047 9.765108e-05 0.22276841 0.38004676 0.0016935052 0.4210848 0.39668044 0.49080426 0.83428025 0.8406657 0.6330842 4.7099e-05 0.0031013743 0.00040230204 0.008801111 0.8059605 0.10603223 0.09542528 2.3518408e-14 0.028343054 0.0005546492 0.78367174 0.38993153 0.06420609 0.002168278 0.042521708 0.89661014 0.12766126 0.36228296 0.033907264 0.0035690337 0.003819113 0.20781083 0.0006590147 0.010032085 0.0036195996 0.0038303568 0.0071365703 0.006774444 0.0023470346 0.002070761 0.00010793219 0.00026589716 0.123476624 0.00014281533 0.09930955 0.013128177 0.00011747221 0.0001422207 0.004110154 0.042407062 2.8967777e-05 7.227827e-06 1.2055395e-05 0.00023375309 0.000121894824 0.00014547637 0.0010278606 1.4425722e-05 0.00076824817 0.0007935544 5.6055014e-05 1.8168086e-05 0.024885628 0.020617709 4.9634622e-05 0.00049633393 0.00014700882 0.0069250464 2.5923073e-05 4.4065373e-06 0.024021035 7.881026e-07 2.178063e-05 1.2914298e-05 0.00054738566 1.0042484e-05 0.0002304339 2.227422e-06 3.748081e-06 3.2318953e-06 1.9739035e-05 2.397258e-06 3.4243888e-07 6.591608e-06 5.2730197e-06 0.0022123049 0.013721927 0.00017546477 0.011054384
0.5023657 7.9518995e-06 6.134712e-05 0.0032967362 5.889953e-05 0.065116934 0.13511963 0.027590308 0.01001977 0.51322794 1.2007273e-05 0.034622304 4.2368733e-06 0.010980851 0.12480471 0.0012264934 0.28008708 0.049269777 0.005383461 0.09876156 0.009958444 0.013390178 8.1237295e-06 0.11179298 0.0005043015 0.6784953 0.014907956 0.97302794 0.9798075 0.028343054 9.165377e-19 0.043768637 0.0029099353 0.0011185779 0.17505212 0.4967523 0.008592402 0.0019622257 0.00014242702 0.0009579901 0.67802316 0.6777916 0.69109946 0.003643137 0.00023889393 0.00722635 0.0014193568 0.54626256 3.452916e-05 0.2828481 0.09606438 0.08978601 3.2447026e-06 9.281068e-06 6.468585e-06 3.693252e-05 4.594659e-06 1.8465655e-05 2.3252054e-05 0.042897582 3.1060154e-06 0.00039249472 0.024002882 2.3637712e-07 1.1973025e-05 0.0018411294 0.0067202738 1.2564364e-05 0.01733639 2.266424e-05 1.3536204e-06 2.8150919e-06 0.0015251696 4.025123e-07 9.37065e-05 9.438991e-06 2.498499e-06 1.3862712e-05 8.403847e-06 7.7564386e-05 8.495411e-06 4.330292e-08 0.00060218514 9.234428e-07 4.60968e-05 7.0000766e-07 0.0011014964 3.6056117e-06 0.0020236832 1.584518e-06 2.426674e-07 3.0298386e-07 3.6530034e-07 4.808376e-07 1.2311585e-07 1.234998e-07 3.6098382e-07 1.7522456e-05 0.0032719062 0.00010651727 0.0008618388
