4.7921355e-27 3.7827845e-06 8.0498976e-05 0.005709373 5.953417e-07 0.00018128997 0.058993343 0.1392019 0.08157628 0.37123656 0.28642622 2.9326782e-06 0.2487978 0.29380193 0.55237126 0.0010299437 0.8281388 0.18757565 0.9381975 1.733124e-06 0.5871838 0.26646745 0.7035959 0.41320878 0.23438746 0.042064134 0.83560926 0.77946013 0.00025857138 0.19246168 0.8365551 0.6525077 0.0041031674 0.9069062 0.9294679 0.89731055 3.2452766e-07 0.027670309 0.20732854 0.00086791563 0.09586777 0.55809855 0.5719398 0.9565553 0.001764695 0.8596073 0.4498929 0.7249257 0.010447982 0.9660131 0.90208244 0.093243435 0.93732035 0.9342643 0.95062554 8.5118853e-07 0.21707404 0.8660772 0.92016023 0.030256102 0.5955016 0.0036086324 0.9731581 2.9797548e-07 0.019489655 0.562941 0.0056262147 0.0010173089 0.98389333 0.96057117 8.8631583e-07 0.0159698 1.07403324e-07 0.07384332 0.9856642 0.7803156 0.9456192 0.9787745 0.99338657 0.7707362 0.9015772 0.7213305 0.000678043 0.97270536 0.9278283 2.9023353e-11 6.6252173e-06 4.9946066e-05 0.99916536 0.99866855 1.249771e-06 9.943044e-11 0.833501 0.9993768 0.58482265 0.98607045 0.99871033 0.99972844 0.06902115 0.12927982 0.97904414
3.7827845e-06 2.3379985e-14 0.7335948 0.4304916 0.42971137 0.3734805 0.052569915 0.2899287 0.078868024 0.004089672 0.0036055727 0.0015946885 0.00027660638 0.0008533861 0.001861026 0.018022148 0.0014303472 0.00020465098 0.0010465463 4.959887e-06 0.0006427484 0.00018394653 0.0005184064 2.8964709e-05 3.1618605e-05 7.219364e-05 1.982733e-05 6.538363e-05 8.1889084e-05 1.4050018e-05 0.0003759747 0.00012163029 0.00014499435 0.00010955505 0.00010793197 2.1383203e-05 0.008107933 0.0006710183 3.3314183e-05 1.21156045e-05 7.0382102e-06 6.4444853e-06 6.7906185e-05 0.00034151334 7.173232e-05 3.7434605e-05 9.4266115e-06 4.4682853e-05 2.6231373e-05 1.621111e-05 0.00015711471 3.2255633e-05 0.000603891 0.00010922279 3.3331882e-05 0.000308987 7.421774e-06 0.00023952722 3.441964e-05 5.6807876e-06 1.1461747e-05 9.4081514e-07 4.3926306e-05 0.000139159 1.52076955e-05 1.7777089e-05 1.4213968e-05 7.1004266e-05 0.000113805865 4.749521e-05 1.4670428e-05 1.5545511e-06 0.00011270095 1.7689762e-06 0.00017173473 3.916063e-05 2.8280281e-05 0.00029248383 0.00017038951 3.975927e-05 3.6335085e-05 2.1059457e-05 2.8989593e-06 0.000102050435 1.01787855e-05 1.6938186e-05 4.831827e-06 8.870299e-06 0.00047378475 0.00057194656 7.362894e-06 4.9645955e-06 0.005396674 2.563047e-05 1.8323037e-05 0.002902862 8.261518e-06 0.00090535276 5.777028e-07 4.1581097e-05 4.40906e-06
8.0498976e-05 0.7335948 5.2340264e-17 0.8421255 0.33090037 0.060787465 0.2631276 0.19164217 0.74946004 0.09457249 0.0750077 0.007956933 8.708863e-05 0.0007080708 0.06429322 0.0049932497 0.016205506 6.7840745e-05 0.013647968 2.9325176e-05 0.00078293745 3.0641124e-05 0.0008183963 2.5639905e-05 7.9420315e-06 2.1242064e-05 5.5627042e-06 8.458143e-06 0.00039472914 2.6043115e-06 5.8247595e-05 1.0303347e-05 8.125821e-06 5.391501e-06 2.691648e-05 7.821918e-07 0.00019862446 3.530743e-05 1.260936e-06 3.9069932e-06 3.944346e-07 1.0719024e-06 1.9553947e-06 0.0007164843 1.4522442e-05 1.6296635e-06 2.690515e-06 2.0698674e-06 2.3109853e-06 4.768512e-08 2.3995624e-05 2.4557999e-06 0.0013917813 0.00019735636 5.9818935e-06 8.431824e-06 4.433616e-08 0.0013396621 4.4615237e-07 4.377317e-07 3.7026751e-07 1.1775821e-08 7.3501533e-06 4.8121656e-05 3.1455452e-06 5.2751318e-08 1.8543973e-05 1.8997622e-05 1.2568391e-05 2.5091178e-06 5.0888902e-06 3.429392e-07 1.695658e-05 1.3328696e-08 1.1144878e-05 1.0535443e-06 7.072575e-07 4.4319193e-05 1.6579663e-05 9.963487e-08 1.4293597e-07 2.1177627e-06 8.768809e-07 6.6993707e-06 1.3143325e-07 1.1591796e-06 3.2847163e-06 2.0304744e-05 9.927276e-06 3.9361246e-05 1.6178067e-06 5.2460064e-07 0.006426715 1.4578732e-06 5.8946506e-07 0.0061606243 1.279071e-07 0.00014347168 2.1512275e-08 4.5067186e-06 1.289973e-06
0.005709373 0.4304916 0.8421255 9.067565e-16 0.07878706 0.18370657 0.96781963 0.6611634 0.6563283 0.19229093 0.016574051 0.002954868 0.018627025 0.084929906 0.06921416 0.0335273 0.06128366 0.008054705 0.037673768 8.694229e-06 0.035686053 0.008542387 0.045673568 0.0019469917 0.00073420233 0.00089432043 0.00020560407 0.0010916719 2.2073025e-05 5.95928e-05 0.006683128 0.00014031226 0.00040253904 6.964274e-05 0.0017507914 0.00011114782 0.0003530573 0.0024967524 4.9784143e-05 4.4963617e-05 2.3328643e-05 5.9469312e-05 0.000247631 0.0050858 0.00014526288 0.00012500571 8.1120816e-05 0.00013957675 8.1318954e-05 1.2654336e-05 0.0003928649 1.4459799e-05 0.0045519522 0.0014982335 0.0003187597 1.5294425e-05 9.337848e-07 0.0066056955 5.1769934e-05 4.290738e-06 2.8631765e-05 3.945629e-07 0.00022226224 6.8493005e-06 1.3197022e-05 4.2499585e-07 0.00010299766 0.00019355096 0.0002491409 2.7866303e-05 1.29978e-05 1.1783384e-06 7.5227713e-06 1.0300075e-07 0.00032337086 1.2333714e-05 1.0892699e-05 0.00025348554 0.00020765005 1.6315234e-06 6.5121544e-06 1.3282388e-05 1.2830545e-06 4.017833e-05 2.1499416e-06 2.1440183e-06 4.7630674e-06 2.9822624e-05 0.00017095612 0.0003347289 3.7318457e-06 2.7807484e-06 0.010394195 8.158823e-06 2.1950339e-06 0.00667626 1.8182438e-05 0.00046711133 2.4113973e-07 5.7464795e-06 2.4306405e-06
5.953417e-07 0.42971137 0.33090037 0.07878706 1.244533e-17 0.0101195555 0.0032149605 0.0050084544 0.14261736 0.0037392345 0.06265056 0.061683774 4.6323294e-06 3.9805782e-05 0.010522753 0.00034947522 0.0005809991 2.5220006e-06 0.00070481235 0.00018165479 1.9024037e-05 5.083894e-06 3.9301383e-05 1.3460684e-07 2.0777447e-06 1.2112051e-06 2.3456157e-07 1.2520269e-06 0.016382582 2.2987123e-07 5.0953127e-05 1.8654807e-06 1.2506938e-06 2.0566141e-07 1.0018789e-05 7.555197e-08 0.00027345555 1.3376258e-06 4.647622e-08 1.9425744e-07 8.231251e-09 4.8896272e-08 6.900228e-08 0.00026233037 3.4091585e-07 1.5631817e-07 1.6709808e-07 4.3084378e-07 1.7407643e-07 1.450624e-08 8.282483e-05 6.7264374e-08 0.00011899768 0.000108695225 6.1629266e-06 2.391336e-05 6.4509935e-09 0.00016794652 6.112515e-07 9.945652e-09 5.133069e-08 2.8576792e-09 6.620841e-06 1.9145948e-05 1.8864094e-07 2.9160118e-08 2.8145255e-08 1.4995792e-06 5.113136e-06 9.638039e-07 1.956321e-07 4.3320245e-09 5.848234e-06 6.2091985e-09 1.3003217e-05 6.055688e-07 5.6507156e-07 8.031027e-05 2.3562025e-05 9.9542355e-08 2.604479e-07 5.2757787e-07 8.5257135e-09 3.272463e-06 7.488699e-08 6.4082803e-07 3.197118e-09 1.6963265e-08 4.4470213e-05 0.00015846164 2.3340702e-07 2.6018625e-07 0.0065344675 8.263531e-07 1.06590065e-07 0.0028528532 1.7231095e-07 0.0004058409 6.458279e-10 7.316128e-07 4.2355673e-08
0.00018128997 0.3734805 0.060787465 0.18370657 0.0101195555 1.4983401e-15 0.02793081 0.85967666 0.0021047592 0.0017744915 1.6940674e-05 0.000472773 0.0048081614 0.004679639 6.5235836e-05 0.8191634 0.00050011795 0.0007642189 0.00012591564 9.896303e-07 0.0014047513 0.0004968075 0.00016980489 0.0011361658 0.0008961372 0.042333014 0.00015658922 0.00015697721 1.1169664e-06 8.450255e-05 0.00020338243 0.0009998005 0.0019825895 0.00037328512 0.0001828642 8.187027e-05 0.2016969 0.009433403 0.0001328797 0.00012021291 2.118271e-05 3.7617407e-05 0.000108171975 0.00020507905 0.0006337964 2.5314524e-05 4.2278058e-05 7.417829e-05 0.0017735745 1.0158149e-05 7.482342e-05 0.00030525145 0.00028365757 1.2080046e-05 4.619776e-05 0.0009157702 2.4467518e-05 0.00066988345 6.201778e-05 1.5399202e-05 9.581052e-06 1.108826e-06 3.719192e-05 0.00032043667 6.974775e-05 2.1375006e-05 0.00023606143 0.0005160242 0.00030024024 5.509746e-05 8.730875e-05 5.365777e-06 0.0001848559 5.1646134e-06 0.00047902224 3.588431e-05 2.6820058e-05 0.00022598877 0.00039298763 4.8922044e-05 2.7015258e-05 2.3201728e-05 1.7315753e-05 0.00015075417 1.643441e-05 1.9172057e-05 7.133705e-05 0.00014344077 0.00082217477 0.00057733874 8.035463e-05 6.5508298e-06 0.011781069 5.7998936e-05 8.663473e-06 0.014704242 1.1520113e-05 0.0010083752 6.9388824e-07 1.7736818e-05 3.3253789e-06
0.058993343 0.052569915 0.2631276 0.96781963 0.0032149605 0.02793081 2.679837e-15 0.67855316 0.7608183 0.6527408 0.010981856 0.00015295336 0.17258263 0.61630315 0.17602777 0.006386397 0.5216439 0.08211217 0.19296026 1.6453966e-07 0.45149246 0.18484862 0.5572304 0.0056202 0.0005028466 0.00038178108 0.00043444143 0.02209054 4.9868177e-08 3.1923732e-06 0.11050509 2.5784926e-05 0.00019136172 8.066331e-06 0.01302354 0.00022060053 3.3815897e-05 0.0013841153 3.4653308e-06 2.7375261e-05 2.8221118e-07 3.9171802e-05 7.9206526e-05 0.06224638 1.4353689e-05 6.580519e-05 0.00029705014 0.0008397122 2.4687963e-05 5.681809e-05 0.0077916663 3.918187e-06 0.03437478 0.013724702 0.0044008037 1.9084238e-05 2.2567872e-07 0.012721705 0.00024862844 1.9024817e-07 3.4799243e-05 6.152987e-09 0.0015143914 6.216229e-06 5.173773e-06 1.3237161e-06 6.30997e-05 0.00023866624 0.0006353871 2.4061805e-05 1.0586443e-05 5.1753613e-08 5.7992875e-06 1.08770344e-07 0.00020124043 3.6626312e-05 6.6253383e-06 0.001101196 0.00033596446 6.7795686e-06 3.449899e-06 1.1403036e-05 7.155624e-07 2.7019301e-05 1.8014954e-06 1.1743076e-06 2.4782921e-06 8.319884e-06 0.00015231871 0.00041128678 7.9110265e-07 7.7446185e-07 0.010027025 2.2530736e-05 2.9293462e-06 0.007939477 3.90325e-06 0.00042221186 2.5514856e-08 4.2304737e-06 1.8410291e-06
0.1392019 0.2899287 0.19164217 0.6611634 0.0050084544 0.85967666 0.67855316 5.893741e-16 0.037750166 0.042613637 0.00010326755 0.00028084364 0.55350393 0.43312764 0.0037313886 0.7731433 0.024894483 0.20051745 0.005963706 2.34079e-06 0.19731462 0.20251885 0.07143426 0.2872321 0.20107922 0.3210183 0.03641956 0.22600773 9.892057e-07 0.018328259 0.055952977 0.05460499 0.026816647 0.007004155 0.015542769 0.020552602 0.023806961 0.10270618 0.0029428683 0.003557134 0.0011524081 0.0020174235 0.003051419 0.012301863 0.002625827 0.001902304 0.0013581644 0.0023392134 0.0049019395 0.00067531737 0.0014029667 0.005574024 0.002429854 0.00042407503 0.0054787328 0.0012545381 2.8281547e-05 0.0077722073 0.0012342588 6.5248954e-05 0.00028656746 1.8111922e-06 0.0024247821 0.0001904109 0.0005324162 1.0641781e-05 0.0005712186 0.0049592303 0.0017767639 0.00081421353 6.0074795e-05 4.4872417e-05 3.8632486e-05 2.434267e-07 0.0012604287 0.0003691951 0.00016907128 0.00128643 0.0014683172 0.00013947123 5.023546e-05 0.00037429575 0.00010455551 0.00047240593 7.193825e-05 4.76631e-05 4.129148e-05 0.000104471976 0.0017802207 0.0013519448 7.014232e-05 1.0663064e-05 0.024358032 0.00023631146 1.5484262e-05 0.02931368 5.173208e-05 0.0036011345 8.162056e-07 4.0168252e-05 4.122809e-05
0.08157628 0.078868024 0.74946004 0.6563283 0.14261736 0.0021047592 0.7608183 0.037750166 1.01651464e-16 0.96464425 0.35910165 0.055388886 0.0015927403 0.04209277 0.9245042 0.0011562716 0.4644664 0.0014572833 0.59776247 0.0018573425 0.05195659 0.003670429 0.14176558 0.00032380474 5.5103395e-05 3.078776e-05 1.7759567e-05 0.00022510321 0.007646334 7.595763e-06 0.0063707177 1.231821e-05 6.361535e-05 1.3576915e-06 0.0006506835 1.9421264e-05 1.2224167e-05 3.9834344e-05 3.2463588e-06 1.6409007e-05 5.1272355e-07 3.0354017e-06 1.3855323e-05 0.01914149 7.75909e-06 4.023713e-06 1.2604858e-05 0.00011171114 2.1079731e-07 6.3972743e-06 0.0027454966 8.243872e-08 0.046872705 0.03579835 0.0003315572 7.674068e-07 4.0483425e-08 0.042538203 3.519793e-05 2.925975e-07 3.5527128e-06 2.6612902e-08 0.0001840778 7.764297e-07 2.431671e-07 1.0683895e-08 1.434205e-06 1.7645365e-06 0.00015120585 1.0551668e-05 1.1958755e-06 1.2411165e-07 4.7459434e-07 2.5005466e-08 5.788389e-05 7.0422584e-06 5.6413282e-06 0.0014436753 0.00036431072 6.4672747e-07 1.0630628e-06 3.67707e-06 7.0133143e-07 2.889682e-06 2.205314e-07 9.101928e-08 8.405105e-08 6.888975e-07 4.6785408e-05 0.0011380782 1.5016985e-08 1.08502846e-07 0.02444261 1.0622657e-05 2.1922721e-08 0.02315189 1.8182698e-07 0.00030855558 4.321109e-08 3.4275018e-07 1.3183976e-07
0.37123656 0.004089672 0.09457249 0.19229093 0.0037392345 0.0017744915 0.6527408 0.042613637 0.96464425 9.0082947e-17 0.072116755 0.00059466 0.0021134918 0.078693904 0.43069237 0.0040704734 0.9579076 0.0020254084 0.84212154 2.2136775e-05 0.23319234 0.012549402 0.5829291 0.0014046689 0.00018321317 0.00010218347 3.9090562e-05 0.0010596847 8.478035e-06 4.2189367e-05 0.103942946 4.090296e-05 8.987652e-05 7.0989945e-06 0.013160154 9.11465e-05 1.9803821e-05 0.00015473552 3.1482855e-06 5.2019073e-05 1.6909898e-06 5.229436e-06 1.7663506e-05 0.34084895 9.582427e-05 3.309079e-05 0.00020301733 0.0008934556 3.429783e-06 0.00012396408 0.15244469 9.1994184e-07 0.26388997 0.2435246 0.0076556625 1.9890986e-05 4.138732e-07 0.062248364 0.0010205938 1.3378733e-06 7.508526e-05 1.766337e-07 0.004945437 2.8245782e-05 2.1644619e-06 6.531834e-08 5.496916e-06 1.2267939e-05 0.002304514 0.00019465423 3.2478324e-06 3.9152079e-07 5.728308e-06 1.8227699e-07 0.0012143141 3.4021043e-05 0.000115389106 0.014566991 0.003624958 5.4749864e-07 2.3778855e-06 2.0541955e-05 1.760588e-06 3.2961448e-06 4.949409e-07 4.4905505e-07 8.175105e-07 5.04975e-06 0.0009902029 0.006148425 1.3419285e-07 3.4914757e-07 0.02970367 0.00010689307 1.3244667e-07 0.035257038 2.0783678e-07 0.0032392738 9.5589364e-08 9.538771e-07 2.9639006e-07
0.28642622 0.0036055727 0.0750077 0.016574051 0.06265056 1.6940674e-05 0.010981856 0.00010326755 0.35910165 0.072116755 8.845832e-16 0.42027497 1.109057e-05 7.456243e-05 0.92991996 2.069008e-05 0.03509909 1.4422763e-05 0.25974455 0.5783078 0.00021488432 5.5455133e-05 0.0007981047 1.1319515e-06 4.0757172e-07 7.571466e-07 2.971032e-07 1.0008227e-05 0.523098 2.0077451e-07 9.290725e-05 1.4624594e-07 6.19027e-06 5.7861005e-08 3.890171e-05 3.2170567e-07 1.5884373e-07 3.715514e-06 1.7311754e-07 3.9090594e-07 1.2300167e-07 6.657234e-08 2.207351e-07 0.0010615098 1.3007309e-07 2.1927972e-06 1.0975195e-06 2.6439443e-06 4.4909186e-07 5.1072192e-08 0.00016684373 3.004002e-07 0.021303851 0.03317527 6.891755e-05 6.880256e-07 1.4552825e-08 0.97053885 1.746086e-06 6.928795e-08 2.821821e-07 2.4652835e-09 0.00010868102 4.758182e-08 4.6825576e-07 1.544053e-10 2.2286238e-07 4.5490114e-07 8.100721e-06 6.3312723e-07 1.093079e-08 1.47245665e-08 6.287932e-08 3.4042796e-10 1.8100594e-06 2.89048e-07 2.5242056e-07 0.0001674081 5.1826023e-06 9.0714725e-09 7.439455e-08 1.3604375e-07 6.1521455e-08 2.4823166e-07 1.2909451e-08 2.5930204e-08 2.5811913e-09 1.9071365e-08 6.037213e-07 0.00014390581 1.4414993e-09 1.1255443e-08 0.28949505 4.970098e-07 4.847242e-10 0.24119078 7.95708e-08 4.2256655e-05 1.1162737e-09 7.4520194e-09 1.0456348e-08
2.9326782e-06 0.0015946885 0.007956933 0.002954868 0.061683774 0.000472773 0.00015295336 0.00028084364 0.055388886 0.00059466 0.42027497 2.577965e-19 1.0144155e-06 5.2919746e-05 0.006987789 8.02222e-06 0.00015217946 2.4792591e-06 0.00026672258 0.018024769 0.00014806408 7.9408655e-06 0.00057239376 9.615309e-07 6.6091854e-07 3.492225e-07 3.1210354e-07 3.6143565e-06 0.39040402 5.013665e-08 0.0007204405 2.7857106e-07 1.232586e-07 1.5222089e-07 0.00011412082 1.2353793e-06 6.6698167e-06 2.820882e-07 1.10097e-07 3.1366394e-08 1.8769425e-08 1.0484706e-06 3.8055495e-07 0.0009754204 2.2250761e-08 2.2183322e-06 3.2302253e-06 3.6222793e-06 9.338626e-08 5.4905655e-08 0.00018458356 3.620407e-08 8.528812e-05 9.9535675e-05 8.4570354e-05 3.6803326e-06 3.7086384e-08 0.00022098713 2.5014651e-06 1.5627643e-07 1.9825034e-06 4.110385e-08 0.00015545332 1.0861813e-06 7.1925996e-08 1.4911843e-07 1.4098169e-08 3.9617348e-08 2.6679241e-05 1.9566894e-06 8.22077e-09 1.0256724e-08 2.888033e-07 1.3605483e-08 5.4694134e-05 5.5952437e-06 4.994571e-06 0.00020555055 4.7604135e-05 1.1008866e-06 6.4050328e-06 1.5519314e-05 7.117754e-09 1.5666561e-05 2.6009486e-06 8.231271e-08 1.871308e-09 7.1298203e-09 9.996799e-06 0.0001940067 3.9974988e-09 5.2310664e-08 0.0023967999 2.6093983e-06 5.2037e-08 0.0007861776 2.5160728e-07 0.00012443349 1.1578686e-09 1.2098141e-06 1.5691366e-07
0.2487978 0.00027660638 8.708863e-05 0.018627025 4.6323294e-06 0.0048081614 0.17258263 0.55350393 0.0015927403 0.0021134918 1.109057e-05 1.0144155e-06 1.8908187e-20 0.8234335 0.0011361605 0.065630354 0.006248989 0.9629993 0.0015955009 8.3590926e-08 0.55388784 0.77995276 0.279334 0.803463 0.25913903 0.14088666 0.39567426 0.6768874 1.4309152e-08 0.012654204 0.30918235 0.049730077 0.1457306 0.018215973 0.17505533 0.115161255 0.00036112024 0.12833147 0.0020838112 0.037727207 0.000584846 0.0028399026 0.0049215737 0.039869454 0.018937163 0.00391312 0.0085445205 0.03183949 0.002384194 0.012039673 0.018579852 0.0025365385 0.0015952196 0.002251222 0.06808064 0.0019592056 3.716065e-05 0.0006278253 0.033488154 1.5248882e-05 0.0006225316 5.5910004e-07 0.012249212 0.0001670042 5.9636975e-05 3.2514818e-05 0.00011951198 0.0012528917 0.010356354 0.0014467385 8.564434e-06 5.053373e-06 1.4366989e-05 3.973738e-06 0.0063271383 0.00029393088 0.0004475137 0.0036110408 0.0074344734 0.00040480748 0.00018980265 0.0004248267 1.2847265e-05 0.0004088202 0.0002116285 4.8209504e-06 7.482392e-07 1.3429297e-05 0.0060847383 0.0022660417 4.9817527e-07 1.2583256e-06 0.002816788 0.00091814436 9.56352e-05 0.0070874817 5.5150715e-05 0.004312463 3.7940762e-07 6.881483e-05 5.9814283e-05
0.29380193 0.0008533861 0.0007080708 0.084929906 3.9805782e-05 0.004679639 0.61630315 0.43312764 0.04209277 0.078693904 7.456243e-05 5.2919746e-05 0.8234335 2.2350415e-16 0.0022709398 0.05656932 0.12091568 0.88634026 0.0040058424 1.9223512e-06 0.89051896 0.9332848 0.6577845 0.100531936 0.019222056 0.025902584 0.0092696315 0.35957056 1.0291743e-06 0.002884015 0.42734805 0.0044426345 0.011895021 0.00089698285 0.18323429 0.0066303066 9.197489e-05 0.02265583 0.00028803662 0.0019166975 7.541214e-05 0.00023090644 0.0002822945 0.23869844 0.0010487337 0.00071089703 0.0025414648 0.00526771 7.660818e-05 0.00361394 0.07099647 0.0003481971 0.032414522 0.015336747 0.106735185 4.7590103e-05 7.3187753e-06 0.0021807798 0.025561417 4.0272294e-06 0.00040043928 1.9225536e-07 0.024391554 3.089653e-05 8.679979e-06 1.9980218e-06 8.9527875e-06 0.00026344854 0.013948057 0.0020472421 3.126053e-06 3.0320164e-06 4.0135105e-06 5.0648873e-07 0.008868808 0.00025891262 0.00096775027 0.0128100235 0.014251847 4.679884e-05 8.453681e-05 9.886361e-05 1.2652712e-06 0.00017433654 2.4120021e-05 3.3632287e-07 6.0682005e-08 1.3656818e-06 0.005938295 0.0047276267 2.3769753e-07 4.923385e-07 0.010221797 0.0015729762 1.3468871e-06 0.014042296 3.4559533e-05 0.009256561 5.913764e-08 4.5554266e-06 8.847742e-06
0.55237126 0.001861026 0.06429322 0.06921416 0.010522753 6.5235836e-05 0.17602777 0.0037313886 0.9245042 0.43069237 0.92991996 0.006987789 0.0011361605 0.0022709398 1.277035e-15 0.00011293701 0.29635403 0.0012497568 0.9673817 0.0010239681 0.004546915 0.0014747502 0.0585398 0.0001425292 2.0856072e-05 1.227441e-05 2.8278703e-06 0.00017417502 0.0073483842 6.974606e-06 0.0029742315 1.1704346e-06 1.0205408e-05 1.13390435e-07 0.0010308026 2.2354684e-06 1.012241e-06 1.388902e-05 1.3337642e-07 1.7136744e-06 1.0236111e-07 8.580956e-08 9.923076e-07 0.050550092 1.6676735e-06 8.9729457e-07 1.01737e-05 5.8559395e-05 2.8556242e-06 2.5091297e-06 0.013037949 2.6854633e-07 0.1930608 0.4905305 0.00025623495 3.429366e-07 4.980978e-09 0.7265122 0.0001230049 6.935472e-08 2.0297066e-06 1.869379e-08 0.00044407323 5.084318e-07 4.6166798e-07 2.6541815e-09 2.408675e-06 9.891948e-08 0.0002748491 4.0715777e-06 1.1131451e-07 3.9079467e-08 1.0938325e-07 1.1669037e-08 9.4187366e-05 1.6705467e-06 2.8130844e-06 0.0035304655 0.00069443206 1.3154631e-08 9.56076e-08 2.9259803e-07 3.962005e-07 1.632933e-07 1.3680426e-08 5.0328244e-09 2.3076309e-08 4.5047355e-07 1.1794655e-05 0.0028961548 1.2920931e-08 1.0964178e-08 0.13506213 1.2068612e-05 1.88478e-09 0.1262222 1.8807878e-08 0.0012073084 9.028216e-09 6.755495e-08 9.341526e-09
0.0010299437 0.018022148 0.0049932497 0.0335273 0.00034947522 0.8191634 0.006386397 0.7731433 0.0011562716 0.0040704734 2.069008e-05 8.02222e-06 0.065630354 0.05656932 0.00011293701 1.05771386e-16 0.002536415 0.0363499 0.00018951198 6.214152e-07 0.028050212 0.030042538 0.0010966789 0.019044166 0.08744526 0.5029984 0.018902482 0.042404715 9.747745e-07 0.028740218 0.002540659 0.06773376 0.30338645 0.0145659 0.0023915153 0.0069811544 0.81744176 0.16390744 0.005255682 0.112743266 0.0042112614 0.00032691724 0.0005919457 0.00048201304 0.05942718 0.0008942629 0.00024086934 0.00037969454 0.020416804 0.0003930708 0.00013554742 0.006088572 0.000579105 9.901746e-06 0.00094978645 0.008286327 9.054912e-05 0.0033018684 0.0008862035 7.686564e-05 6.79479e-05 6.6980288e-06 0.0015634956 0.0014029118 9.865311e-05 3.405224e-05 0.0004309685 0.0008956934 0.0018612879 0.00034568197 4.443007e-05 3.0662348e-05 0.0001560857 2.104154e-06 0.0019197975 0.00014864658 0.00019626063 0.0041705347 0.00366911 9.960437e-06 0.00010232389 2.540219e-05 2.1513377e-05 0.00026497472 1.30059325e-05 2.9013809e-05 3.5297562e-05 3.7219168e-05 0.0035595908 0.0029956969 2.015763e-05 5.944048e-06 0.006186786 0.0002232865 1.0976336e-06 0.0039129984 2.4506307e-05 0.0032003566 7.547182e-06 6.4474425e-06 1.698107e-06
0.8281388 0.0014303472 0.016205506 0.06128366 0.0005809991 0.00050011795 0.5216439 0.024894483 0.4644664 0.9579076 0.03509909 0.00015217946 0.006248989 0.12091568 0.29635403 0.002536415 1.09220084e-17 0.007394699 0.8422991 9.131751e-06 0.40920353 0.031396776 0.8541025 0.0027064125 0.00036305276 0.0001696851 9.231383e-05 0.002766436 2.5192073e-06 7.708241e-05 0.31324163 3.236641e-05 0.00020854692 9.668453e-06 0.050388496 0.00013150969 2.7709391e-05 0.00035632995 4.5240336e-06 0.00010846359 1.4672853e-06 1.0803562e-05 1.3994855e-05 0.70888937 9.081999e-05 6.547017e-05 0.0004764785 0.0014549142 1.0726534e-05 0.000103232196 0.5919892 1.1849588e-06 0.5629174 0.73655504 0.02044922 3.098254e-05 1.6469507e-07 0.058034208 0.0035321005 1.3497531e-06 5.9222613e-05 1.04473216e-07 0.01351937 1.0708423e-05 3.2381336e-06 2.3347301e-08 9.48701e-06 4.662657e-05 0.0058298414 0.0002907623 1.17876925e-05 2.497321e-07 3.9623283e-06 9.435524e-08 0.002171525 5.6484798e-05 0.00012487512 0.057909716 0.011208561 2.2922916e-07 5.0753965e-06 1.23005075e-05 4.865393e-06 4.722748e-06 1.2806621e-06 4.895139e-07 4.4331264e-06 1.9879131e-05 0.000887005 0.020870892 8.583253e-07 2.3568406e-07 0.02967788 0.000101459744 9.846e-08 0.039837487 4.560131e-07 0.0064776577 1.1877776e-07 1.1177998e-06 4.1110147e-07
0.18757565 0.00020465098 6.7840745e-05 0.008054705 2.5220006e-06 0.0007642189 0.08211217 0.20051745 0.0014572833 0.0020254084 1.4422763e-05 2.4792591e-06 0.9629993 0.88634026 0.0012497568 0.0363499 0.007394699 1.377861e-18 0.001689573 1.412908e-07 0.6163955 0.90853214 0.28166693 0.63929397 0.16167915 0.0758606 0.3465914 0.7473854 3.0501194e-08 0.009755367 0.48472643 0.026246546 0.072574906 0.011010763 0.3040618 0.14239125 8.2362385e-05 0.072545394 0.001735775 0.01941735 0.0011624028 0.0033687854 0.0034263036 0.10261711 0.0096120685 0.005073154 0.023095656 0.060874503 0.0022167768 0.027975762 0.059367057 0.00055083167 0.00524898 0.006709435 0.11368824 0.0010729313 5.569029e-05 0.0007132865 0.077619165 2.4982051e-05 0.0018446682 8.743082e-07 0.024608647 7.268212e-05 1.2809449e-05 3.3039167e-05 7.060601e-05 0.00069059466 0.02096995 0.0065848916 1.8553596e-05 2.522116e-06 7.042231e-06 5.967074e-06 0.012528636 0.0013047539 0.0018703609 0.006517688 0.0129963495 0.0005887999 0.00064217433 0.0016824943 2.4240708e-06 0.0006993485 0.00061735394 3.778256e-06 2.6153637e-07 1.6423793e-06 0.009373234 0.0033386988 2.6123152e-07 1.7716067e-06 0.00441207 0.0018670177 9.0239904e-05 0.0054288665 0.00017627167 0.00490723 4.2804038e-07 2.4473726e-05 0.00012511807
0.9381975 0.0010465463 0.013647968 0.037673768 0.00070481235 0.00012591564 0.19296026 0.005963706 0.59776247 0.84212154 0.25974455 0.00026672258 0.0015955009 0.0040058424 0.9673817 0.00018951198 0.8422991 0.001689573 2.3525832e-16 2.655767e-05 0.02624095 0.0020819984 0.18701012 0.00039951463 3.4603e-05 1.69652e-05 7.75108e-06 0.00030979482 4.5960376e-05 4.6462046e-06 0.010692871 3.882497e-06 2.4623347e-05 3.3787074e-07 0.0023470167 1.580658e-05 4.0401856e-06 2.1693999e-05 2.465274e-07 4.6525847e-06 1.25734e-07 4.1850868e-07 9.722178e-07 0.21082084 2.121279e-05 7.896296e-06 6.772083e-05 0.00020476422 4.457996e-06 2.7375208e-05 0.07557828 2.9784252e-07 0.61292773 0.8509004 0.0021519822 2.6772232e-06 7.124627e-09 0.2374197 0.00082936545 5.934634e-08 9.04758e-06 1.8504425e-08 0.0026052794 2.8839804e-06 9.105597e-07 2.4421498e-09 5.3428703e-06 9.998554e-06 0.0014245696 9.852947e-05 1.02145705e-05 2.568566e-08 1.4938668e-06 1.4355352e-08 0.0006242339 1.9795476e-05 7.911088e-05 0.01627629 0.002300003 2.2863386e-08 1.2868214e-06 7.233423e-07 2.6432533e-06 1.5880368e-06 4.5395097e-08 3.9147874e-08 7.0568234e-07 3.5201067e-06 0.00011163829 0.0078366585 2.5661848e-07 1.457493e-07 0.033381354 5.721279e-05 3.0026122e-09 0.06995662 2.3433808e-08 0.0024782217 2.3717861e-08 1.1498281e-07 2.505316e-08
1.733124e-06 4.959887e-06 2.9325176e-05 8.694229e-06 0.00018165479 9.896303e-07 1.6453966e-07 2.34079e-06 0.0018573425 2.2136775e-05 0.5783078 0.018024769 8.3590926e-08 1.9223512e-06 0.0010239681 6.214152e-07 9.131751e-06 1.412908e-07 2.655767e-05 5.8292695e-19 3.6484444e-06 2.0084995e-07 5.462222e-06 1.4891735e-07 1.9435639e-07 7.8026105e-08 1.4519055e-08 1.3737637e-08 0.7957131 7.117093e-08 4.4921594e-06 3.4747075e-07 1.6835375e-07 1.7933463e-08 7.6890854e-07 8.4774435e-08 1.2868772e-07 1.2270297e-06 7.878516e-07 1.9146519e-08 3.502426e-08 3.0166422e-07 6.441908e-07 1.955521e-05 2.2011715e-08 3.4147388e-07 1.1880957e-06 4.2636964e-07 5.8339987e-07 9.400885e-09 1.7459312e-06 3.1096832e-07 9.963649e-06 6.490114e-06 1.8556772e-06 1.1060172e-07 1.1928934e-08 0.0008022438 9.106999e-08 5.6042234e-07 1.5206824e-07 1.1263046e-08 3.6045633e-06 1.6457794e-07 1.0993565e-07 4.1408853e-08 7.540886e-08 1.4719848e-08 6.479115e-07 4.9348455e-07 4.839632e-09 1.47573775e-08 2.033182e-08 1.5711242e-08 1.6283989e-06 5.127445e-07 1.6913535e-07 7.853436e-06 2.0126718e-07 1.3932599e-07 2.2245572e-07 2.759089e-07 4.829111e-09 8.28923e-07 5.3324797e-08 1.7698917e-09 4.046256e-09 7.532171e-09 8.659036e-08 1.3104246e-06 1.9456559e-09 2.0494402e-09 0.005328709 5.774998e-08 1.4148859e-09 0.0055552106 2.3357991e-08 3.570366e-07 7.838413e-11 6.748409e-09 2.5322031e-09
0.5871838 0.0006427484 0.00078293745 0.035686053 1.9024037e-05 0.0014047513 0.45149246 0.19731462 0.05195659 0.23319234 0.00021488432 0.00014806408 0.55388784 0.89051896 0.004546915 0.028050212 0.40920353 0.6163955 0.02624095 3.6484444e-06 1.3989414e-16 0.84791416 0.95119023 0.04663837 0.01100468 0.007678974 0.006653252 0.49366328 7.7335994e-07 0.0016405722 0.7535618 0.0026710187 0.004265208 0.00058577716 0.43391314 0.005646924 2.6299203e-05 0.010140108 0.00011735307 0.00051997567 1.5120938e-05 0.00014817073 0.00018115119 0.439265 0.0008188355 0.00037552856 0.0036263445 0.012369518 1.780296e-05 0.0034174954 0.14641781 0.00010988392 0.12904961 0.051758472 0.18288347 2.9840376e-05 7.763191e-06 0.006044587 0.060326137 6.2460786e-06 0.00015807373 1.9900283e-07 0.07241435 2.7942262e-06 3.1518305e-06 9.725867e-07 6.0620355e-06 7.356967e-05 0.034536365 0.0031402363 2.6599557e-06 1.0901819e-06 2.8859781e-06 2.6649232e-07 0.020315439 0.00021656761 0.0009360192 0.029701265 0.043167587 2.7696922e-05 7.552608e-05 3.8492773e-05 1.7210238e-07 0.0001363228 1.9602317e-05 2.4002148e-07 5.6791784e-08 5.7615836e-07 0.009673341 0.009185354 1.6173908e-07 7.924482e-07 0.019779513 0.0008646536 1.1144267e-06 0.027186492 1.3978156e-05 0.016151747 1.8533425e-08 3.6651277e-06 5.6865656e-06
0.26646745 0.00018394653 3.0641124e-05 0.008542387 5.083894e-06 0.0004968075 0.18484862 0.20251885 0.003670429 0.012549402 5.5455133e-05 7.9408655e-06 0.77995276 0.9332848 0.0014747502 0.030042538 0.031396776 0.90853214 0.0020819984 2.0084995e-07 0.84791416 1.0331124e-18 0.5493841 0.4958108 0.115984514 0.06508817 0.19915752 0.84362984 2.6483966e-07 0.0067902915 0.6664957 0.015027591 0.030742776 0.0048215077 0.4756857 0.091490105 9.4210714e-05 0.044089567 0.00082786055 0.0068422267 0.00043725816 0.0018715949 0.002356896 0.22573462 0.0017586022 0.0030828614 0.033328556 0.0876564 0.00026303282 0.018934706 0.138908 0.0003644395 0.013685303 0.015323194 0.18645175 0.00024014752 2.8260924e-05 0.0010099703 0.096755415 1.747731e-05 0.0016278098 1.4697531e-06 0.047049504 3.3744927e-05 1.3007583e-05 1.3322744e-05 3.308738e-05 0.0004795714 0.030827772 0.0068781935 1.0507454e-05 3.3774402e-06 7.3291126e-06 1.2437179e-06 0.014927662 0.0011001982 0.00172713 0.013185531 0.020432563 0.00034673687 0.0003300823 0.0012201159 2.1044189e-06 0.00034883857 0.0003209281 1.9687118e-06 3.8510873e-07 4.799413e-06 0.008493679 0.005469049 5.157262e-07 1.6013652e-06 0.005309385 0.0017119822 1.6688628e-05 0.0061758216 9.017418e-05 0.0060400926 2.7956804e-07 2.7168677e-05 6.5283566e-05
0.7035959 0.0005184064 0.0008183963 0.045673568 3.9301383e-05 0.00016980489 0.5572304 0.07143426 0.14176558 0.5829291 0.0007981047 0.00057239376 0.279334 0.6577845 0.0585398 0.0010966789 0.8541025 0.28166693 0.18701012 5.462222e-06 0.95119023 0.5493841 3.457036e-19 0.011692098 0.0008492386 0.00016153663 0.00047057812 0.20814414 4.4757448e-07 4.8932772e-05 0.7844128 8.4129446e-05 0.00017590156 6.4343276e-06 0.32119235 0.0004061836 1.8103738e-06 0.00014658757 1.4332235e-06 2.5628293e-05 2.8542178e-07 8.527116e-06 2.6937845e-05 0.79115444 1.044794e-05 3.9756313e-05 0.003777026 0.012005283 5.6666784e-07 0.00045767508 0.4995125 9.524681e-07 0.24524699 0.3676992 0.18392071 3.1493637e-06 7.5230865e-08 0.017091105 0.051329136 4.1655397e-07 0.00013616025 3.0040404e-08 0.07469905 8.304755e-07 2.45906e-06 1.1996312e-08 1.2330238e-06 9.960954e-07 0.023678688 0.00062904827 9.947498e-08 1.3920645e-07 9.8928716e-08 6.202736e-09 0.0073095933 3.8346363e-05 0.00015127352 0.12019777 0.0414193 1.5477565e-06 6.394559e-06 2.6953148e-06 1.5356686e-07 1.9909374e-05 3.1010015e-06 3.3506916e-07 2.4584056e-08 5.9925674e-07 0.0039625214 0.0173007 3.013607e-08 3.495777e-07 0.037835535 0.0005413282 2.804891e-07 0.04465447 5.4185366e-06 0.014014469 8.780926e-09 8.2220873e-07 3.3061514e-07
0.41320878 2.8964709e-05 2.5639905e-05 0.0019469917 1.3460684e-07 0.0011361658 0.0056202 0.2872321 0.00032380474 0.0014046689 1.1319515e-06 9.615309e-07 0.803463 0.100531936 0.0001425292 0.019044166 0.0027064125 0.63929397 0.00039951463 1.4891735e-07 0.04663837 0.4958108 0.011692098 2.0221564e-19 0.8739547 0.3822249 0.9632499 0.72724646 2.0699284e-08 0.40456977 0.15410101 0.59139985 0.12523498 0.5133336 0.14646018 0.5655111 4.4727112e-05 0.10509938 0.13984571 0.038266663 0.0940938 0.252729 0.22169264 0.0044549257 0.040069025 0.071353026 0.07196873 0.105231375 0.03212581 0.06330636 0.0066587073 0.01524855 0.0014681687 0.0003938015 0.055092625 0.00251136 0.0033823787 0.0003273443 0.04622202 0.001285156 0.009805558 1.2970631e-05 0.012639809 0.001261911 0.00048185352 0.0049956595 0.0024141185 0.010398503 0.017307425 0.015647562 0.00037942268 1.46658385e-05 9.999465e-05 0.00018761141 0.013155336 0.0032595543 0.0029954913 0.0027832347 0.009920721 0.008032333 0.003185895 0.0048973607 5.6684086e-05 0.0040096836 0.0020851628 6.8980185e-06 3.8554568e-05 3.6983878e-05 0.02336156 0.0010971994 1.9263933e-05 5.0965637e-06 0.011551821 0.0018409564 0.0010010214 0.004237969 0.0014117585 0.004034412 9.517381e-07 0.0014409442 0.0005069186
0.23438746 3.1618605e-05 7.9420315e-06 0.00073420233 2.0777447e-06 0.0008961372 0.0005028466 0.20107922 5.5103395e-05 0.00018321317 4.0757172e-07 6.6091854e-07 0.25913903 0.019222056 2.0856072e-05 0.08744526 0.00036305276 0.16167915 3.4603e-05 1.9435639e-07 0.01100468 0.115984514 0.0008492386 0.8739547 2.6174236e-19 0.9605627 0.4557802 0.42847726 4.9551875e-08 0.83921957 0.026320295 0.74985564 0.44421798 0.28026935 0.035728402 0.3699328 0.00051757426 0.3999029 0.09221296 0.24758597 0.117493786 0.039978422 0.016001701 0.00046493165 0.2778694 0.012600105 0.023119036 0.031897206 0.054075275 0.033183664 0.001053956 0.012016576 0.00031231184 1.3729565e-05 0.02001574 0.011018379 0.0002411502 0.00025158652 0.04769758 0.0002246567 0.0029722808 6.9348766e-06 0.0055555576 0.0012851787 0.00071145926 0.00014226668 0.0011782418 0.03373522 0.009202557 0.009869795 0.00056814874 6.1891374e-06 0.00024210721 1.5370861e-06 0.007446732 0.0028149565 0.0022965388 0.0009829305 0.004017967 0.00022770866 0.0030178335 0.0007859373 0.0002918385 0.0055407714 0.00053715415 6.4298315e-06 0.00017910067 0.00012628519 0.0089223925 0.0004309967 1.2456272e-05 2.8858844e-06 0.0019052415 0.002056785 1.4536714e-05 0.003583194 0.00062851125 0.0017262127 1.5282059e-07 3.059499e-05 3.861521e-05
0.042064134 7.219364e-05 2.1242064e-05 0.00089432043 1.2112051e-06 0.042333014 0.00038178108 0.3210183 3.078776e-05 0.00010218347 7.571466e-07 3.492225e-07 0.14088666 0.025902584 1.227441e-05 0.5029984 0.0001696851 0.0758606 1.69652e-05 7.8026105e-08 0.007678974 0.06508817 0.00016153663 0.3822249 0.9605627 1.8888662e-19 0.22604689 0.10426103 4.2562025e-08 0.82093847 0.0046013794 0.7032022 0.65126884 0.22465168 0.006799613 0.085349955 0.0018585732 0.46292344 0.18524624 0.4603018 0.29141164 0.017874354 0.009012896 0.00012623113 0.22594747 0.0018928152 0.0051874067 0.008813164 0.36274573 0.011164815 2.4277551e-05 0.03856466 2.0977035e-05 4.3334052e-07 0.0065864623 0.010798336 0.0013071989 0.00026467268 0.011106151 0.0010878214 0.00045722988 1.4823199e-05 0.0017030033 0.002514648 0.0005591486 0.00060020224 0.00266478 0.019150184 0.0030149454 0.0024785337 0.0003318669 4.0218194e-05 0.00026507914 1.2703343e-05 0.0021532765 0.00074762583 0.00050964014 0.0001291694 0.00090286735 0.0005565031 0.00023534909 0.00011992116 5.9412574e-05 0.00074643537 0.00015724466 1.2348438e-05 0.00012663711 0.00020654603 0.0019750353 5.7933365e-05 2.4306184e-05 2.3702307e-06 0.0011083572 0.00054408214 2.1173379e-05 0.0009125706 0.00012788449 0.001210075 1.7716825e-06 3.520535e-05 2.2162862e-05
0.83560926 1.982733e-05 5.5627042e-06 0.00020560407 2.3456157e-07 0.00015658922 0.00043444143 0.03641956 1.7759567e-05 3.9090562e-05 2.971032e-07 3.1210354e-07 0.39567426 0.0092696315 2.8278703e-06 0.018902482 9.231383e-05 0.3465914 7.75108e-06 1.4519055e-08 0.006653252 0.19915752 0.00047057812 0.9632499 0.4557802 0.22604689 3.902973e-18 0.8906623 1.08400595e-08 0.18470524 0.088930994 0.40002817 0.14912368 0.2967062 0.29035324 0.89074224 4.1767296e-05 0.18679099 0.04649169 0.085358866 0.044368148 0.25378847 0.23219094 0.004552434 0.09472417 0.25986707 0.118946016 0.16256663 0.025930364 0.21436827 0.006940038 0.012789224 0.0006279484 0.00015989572 0.15369362 0.0016346625 0.00069781626 0.00015720553 0.18117864 0.000790855 0.02797441 2.5000854e-05 0.039613 0.0009273734 0.00080147525 0.0002274404 0.0019436141 0.017035564 0.061588563 0.1316465 0.00036624252 1.1271283e-05 0.00014105916 2.8485594e-05 0.060957823 0.019788004 0.01892952 0.005135447 0.02571714 0.003949682 0.034168664 0.010061946 0.00013504409 0.027231652 0.010279166 5.240104e-06 1.7909562e-05 3.2936172e-05 0.093372084 0.002846897 1.0780972e-05 5.489236e-06 0.002886618 0.0076069487 0.00035309483 0.0036195915 0.0075054266 0.01058868 5.6219744e-07 0.0001676094 0.00076052226
0.77946013 6.538363e-05 8.458143e-06 0.0010916719 1.2520269e-06 0.00015697721 0.02209054 0.22600773 0.00022510321 0.0010596847 1.0008227e-05 3.6143565e-06 0.6768874 0.35957056 0.00017417502 0.042404715 0.002766436 0.7473854 0.00030979482 1.3737637e-08 0.49366328 0.84362984 0.20814414 0.72724646 0.42847726 0.10426103 0.8906623 1.9489758e-17 5.9785763e-09 0.19149622 0.8605265 0.28712243 0.12177168 0.06479051 0.8879594 0.9110297 5.49878e-05 0.06749684 0.013089203 0.01643539 0.0086932015 0.03199041 0.03481146 0.10387692 0.012862229 0.10787274 0.31741363 0.4275 0.0021880232 0.31074736 0.08700275 0.0037059663 0.005462478 0.0026284 0.35368395 0.00053743855 0.00012392047 0.0003560833 0.38025555 0.00058250676 0.008107751 1.025014e-05 0.16034321 0.0001535703 0.00016858068 6.6267e-05 9.306616e-05 0.00045745145 0.11866799 0.12191126 7.540897e-07 6.341333e-05 5.46452e-06 5.4913044e-06 0.096192606 0.006190262 0.018278977 0.020116528 0.07590568 0.00073818566 0.00447807 0.0023055417 1.1845674e-05 0.003050127 0.0017145869 5.9876347e-06 1.177442e-06 6.7610317e-06 0.08647975 0.0046730363 2.3341538e-06 1.2478659e-05 0.0043964637 0.0032874886 6.9720554e-05 0.004978951 0.0015116216 0.013094104 4.0744658e-07 6.296931e-05 0.00015205498
0.00025857138 8.1889084e-05 0.00039472914 2.2073025e-05 0.016382582 1.1169664e-06 4.9868177e-08 9.892057e-07 0.007646334 8.478035e-06 0.523098 0.39040402 1.4309152e-08 1.0291743e-06 0.0073483842 9.747745e-07 2.5192073e-06 3.0501194e-08 4.5960376e-05 0.7957131 7.7335994e-07 2.6483966e-07 4.4757448e-07 2.0699284e-08 4.9551875e-08 4.2562025e-08 1.08400595e-08 5.9785763e-09 1.1316979e-21 6.824809e-08 9.630767e-08 3.4745685e-07 2.8131768e-07 4.312532e-07 3.452252e-08 9.332035e-09 8.848341e-06 1.5451897e-05 2.7742203e-07 7.703739e-08 4.1955324e-09 8.15622e-09 1.0672799e-07 4.8494316e-05 9.208091e-07 1.3229461e-08 7.792583e-09 4.9903285e-08 3.3011625e-06 1.519829e-08 2.6279247e-07 2.5075415e-06 1.4125349e-05 7.4584573e-06 5.371009e-06 1.32295445e-05 3.7069412e-08 0.02528285 2.4449987e-08 1.0256039e-08 2.6657326e-10 3.6875167e-10 9.291314e-06 6.4207625e-06 8.769913e-07 1.3323409e-08 4.234839e-07 1.5948886e-05 1.0458387e-07 1.7275933e-09 3.316938e-06 2.1459674e-10 6.8273056e-07 3.446978e-10 9.2257274e-08 4.91952e-10 8.266652e-09 1.60005e-05 1.1337216e-07 1.3439422e-10 6.42023e-10 5.0738858e-12 1.398979e-08 2.1245667e-09 4.1013415e-11 7.434401e-09 2.9980515e-07 1.4032463e-07 2.3183114e-08 1.0064185e-06 3.147949e-08 1.0009519e-08 0.0155378785 1.661125e-09 1.3975514e-13 0.16510375 4.741982e-12 2.6660052e-06 3.228221e-13 2.9470155e-12 2.3064767e-13
0.19246168 1.4050018e-05 2.6043115e-06 5.95928e-05 2.2987123e-07 8.450255e-05 3.1923732e-06 0.018328259 7.595763e-06 4.2189367e-05 2.0077451e-07 5.013665e-08 0.012654204 0.002884015 6.974606e-06 0.028740218 7.708241e-05 0.009755367 4.6462046e-06 7.117093e-08 0.0016405722 0.0067902915 4.8932772e-05 0.40456977 0.83921957 0.82093847 0.18470524 0.19149622 6.824809e-08 1.2680611e-20 0.0064593176 0.9312641 0.52797806 0.74598914 0.011510247 0.29975897 9.1256436e-05 0.58174825 0.7269983 0.3259193 0.8529798 0.101389095 0.06919471 0.00018769446 0.42895317 0.038182065 0.00924813 0.012980712 0.29359627 0.025011547 0.00015523718 0.09402791 3.6475347e-05 5.230066e-07 0.0032221046 0.012620783 0.00529491 0.00020589016 0.006438951 0.002948582 0.0026378268 4.69263e-05 0.0025950777 0.0024127616 0.0037581106 0.0032182566 0.00909809 0.16155948 0.005038283 0.0074996776 0.0038809127 3.0245787e-05 0.0014722594 0.00014961667 0.0048179314 0.0021487407 0.0013897783 0.00049083884 0.0024144743 0.0040225373 0.004683715 0.002334558 0.0007430695 0.0076561375 0.0056670415 3.2253831e-06 0.0004394885 0.0003226611 0.00691461 0.00038185206 0.00016125203 2.5440022e-06 0.0016951032 0.0016026516 0.0009169963 0.0009914371 0.0055944542 0.0009965531 6.827075e-06 0.00015552969 0.0011338255
