2.9750923e-22 0.9850411 0.9346023 0.9112685 0.8733833 0.87347513 0.85103124 0.97007257 0.909497 0.8900848 0.908933 0.9496436 0.97813284 0.9363584 0.20013131 0.31418788 0.99250495 0.08696642 0.9738369 0.95913696 0.050122716 0.2141494 0.88742054 0.95472187 0.99891275 0.8092604 0.93081546 0.94353694 0.38886002 0.85343355 0.95144063 0.014665415 0.019300634 0.19092032 0.99956816 0.85265553 0.916812 0.99158895 0.89631426 0.92155457 0.95791 0.8798117 0.8392128 0.8384768 0.06479144 0.20966445 0.23364924 0.92005396 0.97200954 0.86498195 0.055693503 0.35242382 0.008911861 0.063963644 0.008670809 0.38366532 0.89717096 0.0081484 0.39736947 0.70357776 0.0073660095 0.0011007466 0.02780375 0.9667861 0.0017976188 0.5452389 0.99999833 0.00011571331 0.4029765 0.99741125 0.0040622777 5.2618154e-05 0.6865503 0.9264054 0.0067434013 0.94194263 0.43112618 0.99739105 3.6628342e-05 0.00023308618 0.0104227085 0.14909008 0.0058897967 0.042014852 0.18108216 0.63968617 0.23588571 0.15685359 0.9754718 0.27399233 0.07225338 2.0646381e-05 0.99917835 0.85261 0.0035979045 0.0012581288 0.6334433 0.27143246 0.14751986 0.0007438292 0.99307287
0.9850411 2.3213797e-14 0.905902 0.47923446 0.032584604 0.48791143 0.112273954 0.39283082 0.057915255 0.76743466 0.0069970447 0.1909831 0.25473243 0.0010947848 0.026251677 0.102416195 0.24996956 0.10373117 0.00016972313 0.005896864 0.05928967 0.7582301 0.5048377 4.4897286e-05 0.03855275 0.00011555847 3.531359e-05 2.1670488e-05 0.77976817 0.008045078 5.400066e-05 0.25863734 0.11970655 0.023891991 2.5687937e-06 7.2855437e-06 2.5714533e-06 0.035553146 4.8514416e-06 8.9205673e-07 0.026296604 7.6235905e-05 0.00012181162 0.0028525267 0.00043404286 0.0068619056 0.7742956 2.5705851e-06 9.3833313e-07 4.6610963e-05 0.0050243055 9.6435666e-05 0.0013986377 0.35870802 0.0066450555 2.7981303e-06 0.002243533 2.7413509e-05 9.225494e-07 2.2924828e-06 0.22881795 2.8605535e-05 0.0861849 1.5029035e-06 0.062257063 2.818373e-07 0.017214766 0.009739686 5.470772e-06 1.9755823e-06 0.07481407 0.0049372423 1.58132e-07 0.00089069543 5.5100134e-07 3.7954337e-07 1.4045382e-07 1.01525984e-07 1.7754655e-05 0.015782533 2.4784504e-06 1.1625896e-06 4.1808424e-05 1.9765753e-06 6.5617e-07 2.0163865e-08 1.2784041e-07 1.631353e-05 0.004071582 6.5493495e-08 1.1929436e-06 3.8284843e-06 0.00246552 9.82461e-09 5.6946004e-07 2.1361361e-06 0.0006988018 0.00081779866 1.0187768e-07 2.3384773e-05 0.003546197
0.9346023 0.905902 2.3460144e-16 0.30444857 0.03135017 0.38255385 0.08251082 0.20347227 0.4697751 0.96342933 0.14438802 0.57641625 0.13408665 0.034915045 0.0064002774 0.053913508 0.34087592 0.047340605 0.0036731132 0.05426677 0.01081168 0.5030729 0.26004893 0.00037657647 0.17060007 0.0008375516 0.0007115882 0.00017396899 0.45824826 0.0271593 0.0007974131 0.037888207 0.020861689 0.0009426357 1.9929417e-05 0.00010191194 5.2859017e-05 0.054849666 2.61591e-05 1.33990025e-05 0.026723659 0.00011628934 0.00037568438 0.001828338 1.262567e-05 0.062025376 0.37678874 1.1980359e-05 5.458861e-07 4.2814845e-06 0.03783421 0.00034458187 0.015295994 0.15439874 0.02038405 1.8164752e-06 0.0011882328 3.5581698e-07 1.0173869e-06 6.620607e-06 0.01908618 3.4030986e-06 0.06311598 2.4132505e-06 0.028290324 4.4041573e-07 0.026146188 0.0056516784 3.45242e-06 8.479037e-06 0.030485155 0.0011678998 8.755259e-08 0.0003966703 1.4756752e-07 1.9011658e-06 3.3675292e-07 1.4943628e-06 2.7975245e-06 0.0071982145 6.562542e-06 3.8489193e-06 0.0001330132 3.615551e-07 2.023572e-06 6.5602634e-08 1.2349851e-07 1.9896363e-06 0.00396784 7.46907e-08 9.0452977e-07 2.164721e-05 0.003667023 1.0687914e-07 2.159211e-06 3.374747e-07 0.00010024567 0.00010295416 1.6445712e-07 2.8403952e-06 0.0031613854
0.9112685 0.47923446 0.30444857 1.901732e-15 0.89618665 0.939782 0.9014865 0.88067615 0.008649901 0.06932063 0.00063747924 0.0042970288 0.715918 0.0002958596 0.16187799 0.17819753 0.23211303 0.056164287 6.41545e-06 0.0064897183 0.033780508 0.1292326 0.01641516 2.9757548e-06 0.007623028 4.809397e-06 3.6183315e-05 5.437268e-07 0.08340469 0.0006128348 1.2892148e-05 0.024125272 0.033487387 0.022052677 1.8230943e-06 7.795972e-07 2.8095147e-07 0.1459876 1.2054095e-07 2.01155e-08 0.0857741 1.379393e-06 2.5964157e-06 0.009991239 0.0027076234 0.00014732938 0.020866908 8.097523e-08 7.81782e-08 0.0017928337 0.000462442 6.966841e-06 9.723336e-05 0.002459183 0.00025573373 1.20533e-07 0.003041194 0.00018776678 7.043776e-08 1.6446135e-07 0.01654337 0.0003010841 0.00020921584 1.786451e-07 0.00092769007 1.8179291e-08 0.0104420595 0.00018194069 4.2424506e-07 8.299881e-06 0.0017969247 8.4326006e-05 2.8828145e-08 0.0036915254 1.6918627e-06 9.015452e-08 7.0259574e-08 1.5734165e-07 6.2511076e-06 0.00020414963 8.481649e-06 9.2885637e-07 1.2911614e-05 4.780928e-07 1.9066046e-07 2.3907096e-10 1.6280058e-08 3.9131104e-05 0.009616387 5.9724925e-08 2.0839598e-08 1.47085875e-05 0.006391375 4.4390207e-09 1.5592652e-06 6.869075e-06 0.00078130845 0.0008170067 1.511362e-08 1.553224e-05 0.015815455
0.8733833 0.032584604 0.03135017 0.89618665 4.502703e-13 0.70020616 0.8924331 0.8987237 0.00039666577 0.011233543 1.4921946e-05 0.00031065693 0.22894636 5.911373e-06 0.9183162 0.5354082 0.0363302 0.2947414 1.3835306e-07 0.0005619624 0.15845637 0.33362404 0.002704791 6.0475276e-07 0.0020363494 9.957346e-07 2.5990714e-06 1.809748e-07 0.09415194 6.2098035e-05 2.7404294e-06 0.03144859 0.09639946 0.30638337 5.496855e-07 1.0505669e-07 4.478475e-08 0.073854044 1.7836149e-07 1.43930485e-08 0.13442789 5.8490565e-07 9.649261e-07 0.016712392 0.08328958 1.8811083e-05 0.029763266 6.339425e-08 2.1636662e-07 0.0020530487 8.065197e-05 1.6539306e-06 4.3621854e-05 0.0007691019 4.0585113e-05 3.000307e-08 0.004195183 0.015276779 3.0479093e-08 9.523014e-08 0.110417 0.001992935 4.933919e-05 8.0425843e-07 0.006750946 2.9315595e-08 0.0022091707 0.0013451447 2.4907587e-07 5.0266465e-07 0.00025056745 0.0013932785 2.0187483e-07 0.008923057 3.5618203e-05 9.311485e-08 6.6301546e-08 5.136144e-08 0.0004935985 6.279541e-05 5.463512e-07 4.297716e-08 1.0112569e-06 1.815023e-07 4.0312386e-07 1.2024306e-08 1.1407528e-07 0.00015465777 0.009051576 1.490163e-08 1.5798396e-07 1.830426e-07 0.0034546931 6.4651093e-09 5.7853057e-08 4.097347e-07 0.0014139002 0.0021707504 3.1362386e-08 2.7913458e-07 0.011396699
0.87347513 0.48791143 0.38255385 0.939782 0.70020616 2.2339854e-15 0.714349 0.8342968 0.025966907 0.05175646 0.0020175967 0.0063499426 0.88981503 0.0012775699 0.20777859 0.1759452 0.47074652 0.06295936 9.3840295e-05 0.019632382 0.019882243 0.15919292 0.008898892 4.5207882e-05 0.041876644 5.3101892e-05 0.00013754301 1.3473477e-05 0.0480472 0.0004673702 0.0001280225 0.010998689 0.015504388 0.007959764 4.9249325e-06 3.0731276e-06 8.241023e-07 0.38083982 4.1338598e-07 4.3035648e-08 0.12238376 7.5630333e-06 1.3656215e-05 0.023062717 0.00038954467 0.0002570132 0.011698886 1.5745002e-07 1.1965516e-07 0.0033698843 0.0004810558 2.0489783e-06 5.8383514e-05 0.0010716489 0.00013036688 5.333487e-08 0.0077925613 6.0804334e-05 3.0842784e-08 3.1925177e-07 0.0053065293 0.00039418737 0.00011562252 6.1619835e-07 0.0010600905 1.4655414e-08 0.021402877 0.0006410011 9.448721e-07 2.3471104e-05 0.0010355148 0.0001660643 1.04159646e-07 0.013871891 1.2169764e-05 5.436495e-07 1.4160241e-07 3.5257156e-07 4.6308105e-06 0.00016382824 2.1241052e-05 4.28333e-08 4.7115667e-05 1.8236036e-06 2.8275102e-07 6.121168e-10 1.6836899e-09 9.443434e-05 0.023924192 7.3185973e-09 7.045805e-08 8.371267e-06 0.017410977 1.1831881e-08 6.19839e-07 8.330181e-06 0.0023572128 0.0028569906 6.905439e-09 2.0928808e-06 0.024199527
0.85103124 0.112273954 0.08251082 0.9014865 0.8924331 0.714349 3.0425085e-15 0.765868 0.0008902284 0.0377626 7.8399324e-05 0.00091978756 0.18615584 2.2842542e-05 0.9089727 0.9109411 0.02288602 0.7214148 1.1396246e-06 0.0004603247 0.5213719 0.80432767 0.0071881306 2.171651e-06 0.0023587206 4.570321e-06 1.2736483e-05 8.3055306e-07 0.36177617 0.0007867941 1.5191011e-05 0.21938844 0.45323938 0.56086344 1.5348025e-06 1.1199381e-06 3.2395346e-07 0.020184845 9.624969e-07 4.5055316e-08 0.088692024 1.4956245e-06 1.5007661e-05 0.005893929 0.26049697 0.00017321012 0.16433933 1.7834499e-07 3.595549e-07 9.07297e-05 0.00023064124 4.817577e-06 8.2944265e-05 0.004038839 0.00022414779 4.6610248e-07 0.002653499 0.051984977 9.65302e-08 1.7533787e-07 0.49711475 0.00037353867 0.00047911887 2.013078e-06 0.027186362 4.1663082e-08 0.0006430114 0.0055247894 2.2473415e-07 2.358119e-06 0.0012455429 0.008711817 4.9777117e-07 0.0018112935 1.0642527e-06 4.002325e-07 1.0953085e-07 3.2971303e-07 0.0028720591 0.00046866218 1.6638484e-06 6.2855676e-09 3.1653674e-06 1.7900665e-07 6.7842024e-07 1.2868709e-07 1.8592067e-07 2.0846628e-05 0.0022578414 2.3435183e-09 2.013196e-07 3.1149543e-07 0.001074061 2.9656915e-08 2.1139805e-07 3.9720837e-07 0.000841532 0.0008145098 4.710827e-08 1.0164898e-06 0.002705953
0.97007257 0.39283082 0.20347227 0.88067615 0.8987237 0.8342968 0.765868 2.9069497e-15 0.0014793423 0.06987741 8.875812e-05 0.0023100644 0.8990769 6.406173e-05 0.46704248 0.31364316 0.21915704 0.08471844 2.189533e-06 0.0018846925 0.04152922 0.16733772 0.0029180932 8.615433e-07 0.004822282 6.8540663e-07 6.427594e-06 1.6894077e-07 0.15041386 0.00017957286 1.4319514e-06 0.03254104 0.03724774 0.065520495 2.4063547e-07 3.972025e-08 1.0774735e-08 0.34196582 2.4299124e-08 3.8900816e-09 0.14022942 4.2966326e-07 4.1096934e-07 0.053888183 0.006894234 2.2791384e-05 0.016249677 1.2865256e-08 1.8510638e-08 0.004880871 8.6702625e-05 4.5894325e-07 5.3611475e-06 0.0004835423 1.3590356e-05 8.268638e-09 0.014960354 0.00034432104 8.582e-09 2.20257e-08 0.008571781 0.00013552222 9.377958e-06 1.1934618e-07 0.00011765731 2.8452682e-09 0.013969222 4.4728517e-05 6.6099005e-08 1.137105e-06 4.268819e-05 4.5467565e-05 1.2173936e-08 0.02010933 9.261581e-06 1.867932e-08 8.034918e-09 2.1264487e-08 1.744989e-06 1.942693e-05 7.74648e-07 7.9575045e-08 5.925142e-07 1.1830883e-07 1.8662226e-08 1.056334e-10 1.951692e-09 0.00025552482 0.024512334 7.081882e-09 2.953942e-09 3.4229734e-06 0.015095179 3.75415e-09 6.9828985e-08 3.3824313e-07 0.003011408 0.00692195 2.786917e-09 2.4280966e-06 0.027090406
0.909497 0.057915255 0.4697751 0.008649901 0.00039666577 0.025966907 0.0008902284 0.0014793423 1.0162772e-18 0.19367091 0.97658324 0.9546828 0.015132676 0.6221234 2.3093693e-05 0.00016160318 0.28105772 7.077353e-05 0.27350935 0.6345067 3.4206874e-05 0.0029037395 0.22932942 0.025189236 0.48477843 0.034313116 0.007419542 0.007009908 0.0071269665 0.19563754 0.011803129 4.9447808e-05 2.3228495e-05 1.4470412e-06 0.0025812874 0.00062058645 0.00038227966 0.032876253 0.00035366754 0.00012762973 0.011086828 0.0004431389 0.009474055 0.0021630898 1.8169038e-07 0.19259469 0.014562686 9.67531e-05 1.2388035e-05 2.2389664e-05 0.083918795 0.004269957 0.037200216 0.01675851 0.029956182 9.8944816e-05 0.0015668736 4.1778307e-08 4.5411536e-05 3.5498462e-05 2.6012017e-06 2.4904227e-06 0.039511085 1.7902237e-05 0.0010304551 4.2075153e-06 0.06360985 0.00064178096 2.0049381e-05 3.4213204e-05 0.0041855783 2.3128207e-05 4.8350034e-06 0.00078655366 2.3281878e-07 8.570824e-06 1.1078472e-06 3.2008676e-05 4.9016603e-07 0.0017618412 6.0692233e-05 8.296685e-06 0.00080551195 8.232503e-06 3.3466183e-06 1.5188367e-06 3.7475286e-07 1.0965173e-06 0.009925274 2.1023407e-06 6.810203e-07 0.0007600394 0.006563988 7.9374087e-07 0.0007581614 6.274072e-06 0.0005513178 0.00016417688 1.308517e-07 2.9867368e-05 0.0038561006
0.8900848 0.76743466 0.96342933 0.06932063 0.011233543 0.05175646 0.0377626 0.06987741 0.19367091 3.199121e-15 0.07442277 0.49500832 0.054804567 0.009030349 0.0005111807 0.016267367 0.058805794 0.029325662 0.0042232806 0.0125759505 0.01628393 0.74667907 0.71795714 0.00033619365 0.023577824 0.00025990693 0.00014297014 0.00019610516 0.7691531 0.018953305 0.00037566593 0.10278264 0.022021782 0.002177895 4.84261e-05 2.4398361e-05 1.8943474e-05 0.0042318096 3.8804003e-05 1.2968443e-05 0.0075127995 0.00014204788 0.00029400853 0.00052464346 6.06471e-05 0.057282526 0.57763785 1.0705349e-05 3.8526728e-06 1.042473e-05 0.036884584 0.0015074842 0.033249587 0.35675845 0.056982245 3.402878e-06 0.0005209801 3.3412115e-07 1.5950596e-06 4.1386593e-06 0.026175804 5.1915185e-07 0.16302828 1.2122123e-05 0.11949011 3.2263017e-07 0.0036891042 0.04157132 2.545611e-06 1.8340237e-05 0.10726554 0.010242358 9.76451e-07 0.00023389155 7.503768e-08 1.27097055e-05 1.4759968e-06 1.962086e-06 3.4309182e-06 0.041141696 1.01843e-05 6.3351314e-07 1.002722e-05 2.3611342e-06 6.7869823e-06 5.267072e-07 1.6101721e-06 2.7975233e-07 0.0010959408 2.1848014e-07 1.59837e-06 0.00019886119 0.00073278265 2.0862555e-07 5.210961e-06 9.29341e-07 4.2405376e-05 3.81598e-05 1.1060409e-06 2.184934e-06 0.0005256732
0.908933 0.0069970447 0.14438802 0.00063747924 1.4921946e-05 0.0020175967 7.8399324e-05 8.875812e-05 0.97658324 0.07442277 2.5709166e-17 0.8383009 0.0018104335 0.9257231 1.3490209e-06 1.8465302e-05 0.06482255 1.1813352e-05 0.51280487 0.73210084 7.625324e-06 0.00056068465 0.25466648 0.06567088 0.4044475 0.107612155 0.025743095 0.033316568 0.0016658449 0.49494356 0.03857561 1.2864846e-05 1.2438678e-05 5.603785e-07 0.006734786 0.0028419222 0.0005405747 0.010330617 0.0021963124 0.0001909734 0.00065075303 0.0019991943 0.056267105 0.00034808018 3.4808483e-08 0.32092956 0.009414669 0.00033099583 7.683501e-05 1.0044797e-06 0.16521716 0.033230346 0.07231834 0.018265838 0.03901945 0.00059080485 0.000159916 1.2422667e-08 0.00020136964 0.00036178605 8.2590634e-07 2.9464035e-08 0.0576309 0.00013587021 0.00046456355 2.456778e-05 0.03509115 0.0003404956 0.00028190142 0.000367848 0.0025615015 2.8626562e-06 1.777307e-05 6.115838e-05 2.490394e-08 6.686238e-05 1.35572955e-05 0.00018549094 6.385869e-08 0.0014339795 0.0005325092 3.0461562e-05 0.0031573046 7.7736484e-05 1.2672608e-05 7.735625e-06 2.191802e-06 2.1943296e-07 0.0015897121 3.3888132e-06 2.6840848e-06 0.002035825 0.0013449708 2.9403348e-06 0.0017869403 7.0674346e-06 4.793565e-05 2.6451596e-06 5.771296e-07 9.401631e-05 0.00036231018
0.9496436 0.1909831 0.57641625 0.0042970288 0.00031065693 0.0063499426 0.00091978756 0.0023100644 0.9546828 0.49500832 0.8383009 2.4631173e-16 0.010846184 0.46630016 1.5542093e-05 0.00027935285 0.039764155 0.00032402005 0.3009958 0.123587154 0.0002414199 0.008629356 0.94332314 0.013374703 0.14189523 0.017652387 0.0025296595 0.014794025 0.04695127 0.61152434 0.004890311 0.0007271034 0.00045552308 1.2004961e-05 0.001089523 0.0009406425 0.00063969084 0.006891141 0.0011117057 0.00035244654 0.0014210993 0.0014251539 0.024695981 0.0003586874 3.2897858e-06 0.68900293 0.11373013 0.00023005666 6.853021e-05 5.458353e-06 0.3720874 0.072087586 0.2831866 0.21423848 0.1767808 0.00024123992 0.00081571704 1.5538491e-07 6.476138e-05 0.00030507686 8.5913285e-05 3.857702e-06 0.2025598 7.099255e-05 0.014435081 2.8408258e-06 0.027367126 0.0036451563 0.00023129433 0.00024866068 0.056073517 0.0009571618 8.632208e-06 0.00019867506 1.2614219e-06 0.00011702036 3.6415443e-06 2.328019e-05 3.29425e-06 0.01715255 0.0007942774 0.00018280998 0.0031373939 2.9996163e-05 1.939376e-05 6.5712347e-06 4.3892746e-06 1.8326225e-06 0.0014923298 1.6782842e-05 6.5280046e-06 0.011211832 0.0012252681 3.289635e-06 0.0029282975 1.738933e-05 4.667105e-05 3.312227e-05 3.8996372e-06 0.00014987972 0.0011349486
0.97813284 0.25473243 0.13408665 0.715918 0.22894636 0.88981503 0.18615584 0.8990769 0.015132676 0.054804567 0.0018104335 0.010846184 3.6870853e-15 0.001014301 0.030712826 0.038243104 0.94857764 0.011656387 0.00047399805 0.007586052 0.007891158 0.032310896 0.018252004 7.477035e-05 0.015908435 0.00013660219 0.00013199067 3.417593e-05 0.021165073 0.002602631 6.548579e-05 0.005710255 0.005550733 0.007779701 3.3388717e-06 7.392903e-06 1.1253459e-06 0.62949866 1.4350487e-05 9.334322e-07 0.087772876 4.0830586e-05 7.0557944e-05 0.035913557 0.00037867823 0.0004549038 0.0073113465 1.1316482e-06 8.718128e-07 0.008126718 0.00046574752 3.056272e-06 7.302263e-05 0.0006571708 7.720571e-05 6.509947e-07 0.010372934 2.6215193e-05 2.466116e-07 8.1893916e-07 0.0009565048 0.00016899567 8.439189e-05 2.359302e-06 0.00044712654 2.2823292e-07 0.0762882 0.00020653696 1.0421086e-06 4.363011e-06 7.768765e-05 0.0001100892 3.8683325e-07 0.013288483 2.9730587e-05 7.5623444e-07 2.9703804e-07 9.719511e-08 4.983409e-06 8.884696e-05 4.0240584e-06 2.204984e-07 1.5169737e-06 3.254308e-07 7.0719886e-07 1.443368e-08 8.2408526e-08 0.00016284954 0.04008817 3.7815543e-08 5.853736e-08 1.7990283e-06 0.041886747 6.010728e-09 3.1742005e-08 2.894814e-07 0.0011486949 0.001691428 2.8147186e-08 3.4675375e-07 0.020978043
0.9363584 0.0010947848 0.034915045 0.0002958596 5.911373e-06 0.0012775699 2.2842542e-05 6.406173e-05 0.6221234 0.009030349 0.9257231 0.46630016 0.001014301 1.5589435e-14 1.7441809e-07 4.0551704e-06 0.051357023 2.2414586e-06 0.9520479 0.86955744 7.247129e-07 0.00011818564 0.12397054 0.37396246 0.31377193 0.30822888 0.1223164 0.12682684 0.00023806836 0.6284451 0.11363712 1.2775466e-06 2.0115197e-06 5.2513474e-07 0.030304927 0.013905852 0.0044238293 0.007779708 0.0060571153 0.00057032803 0.00091557275 0.010952199 0.09173361 0.00044342724 4.9365187e-08 0.37321064 0.002008339 0.0006248862 0.0002583355 3.5241712e-06 0.23660526 0.11516693 0.076490656 0.009457224 0.03925945 0.00068199047 0.0007288161 1.019213e-09 0.00014531967 0.0005622058 2.1518595e-08 4.7469413e-08 0.05390219 0.00012934409 3.6589412e-05 4.6657347e-05 0.030118328 2.3876353e-05 0.0003869674 0.0004817667 0.00086337177 1.8101191e-07 3.859544e-05 9.4974974e-05 4.2094253e-08 9.860382e-05 2.3353148e-05 0.00037298354 4.601506e-09 0.0007487639 0.00066802854 1.1190568e-05 0.0025565606 6.626453e-05 2.9011706e-05 3.788794e-05 4.6672367e-06 5.752673e-07 0.0010754247 1.6185628e-06 4.613654e-06 0.0030771748 0.0012007112 1.8808965e-05 0.0064318166 4.588686e-06 0.00046361063 0.00010910879 7.592253e-07 7.313386e-05 0.0004989558
0.20013131 0.026251677 0.0064002774 0.16187799 0.9183162 0.20777859 0.9089727 0.46704248 2.3093693e-05 0.0005111807 1.3490209e-06 1.5542093e-05 0.030712826 1.7441809e-07 9.228717e-16 0.97753 0.002704512 0.5368777 6.8694574e-09 1.062658e-05 0.19483979 0.049083393 9.595659e-05 4.9034025e-08 0.00014202905 2.6910278e-08 2.1337854e-07 7.272094e-09 0.00055883307 2.2305494e-06 2.6513142e-08 0.0005766342 0.019654438 0.426408 3.921766e-09 1.1498999e-08 3.674742e-08 0.044744987 1.342537e-08 2.2297268e-09 0.20295797 6.562491e-08 3.5341992e-07 0.035088815 0.052506067 4.295326e-07 0.00032102608 1.7719596e-08 8.404683e-09 0.06471872 2.1328933e-06 5.3896986e-07 1.9349668e-06 1.5446054e-06 8.654463e-06 1.2118868e-08 0.02357181 0.007517171 1.32915545e-08 3.8308837e-08 0.003283386 0.06113648 7.496159e-06 6.010662e-08 5.7512196e-05 4.46126e-09 0.00010926508 4.0210678e-05 3.2255276e-08 9.487023e-09 6.1364034e-07 0.00012056206 1.0850443e-08 0.012102579 0.00039116704 7.540839e-09 6.3438614e-09 1.3869885e-08 0.00014549358 1.1165126e-06 1.1628168e-06 3.3417514e-08 1.1540066e-06 3.7401702e-07 1.2737563e-07 1.7695664e-10 3.176296e-08 0.0007024885 0.0034206584 1.6404492e-08 4.6858524e-08 1.5772946e-08 0.0013891271 2.7476477e-09 1.8902353e-08 3.2158175e-07 0.0018081499 0.0061513186 2.3781734e-08 5.899411e-08 0.0024771276
0.31418788 0.102416195 0.053913508 0.17819753 0.5354082 0.1759452 0.9109411 0.31364316 0.00016160318 0.016267367 1.8465302e-05 0.00027935285 0.038243104 4.0551704e-06 0.97753 1.912843e-14 0.009901917 0.89576066 1.4385536e-07 8.020731e-05 0.55776334 0.6558946 0.0025342014 3.0853568e-07 0.00046576548 4.833659e-07 1.7292739e-06 1.790495e-07 0.10407107 0.00010874666 1.243004e-06 0.05990194 0.31588465 0.6352336 1.6812045e-07 2.6626824e-07 2.4126695e-07 0.006184715 1.298074e-07 3.7063547e-08 0.033323325 2.9322152e-07 2.038364e-06 0.0048178737 0.28976262 5.468798e-05 0.038854815 2.9272923e-07 2.4178982e-07 0.0018714564 0.00013553193 1.8177835e-06 0.00015533417 0.0007556462 0.00014354668 3.6923683e-07 0.0019698096 0.04800068 2.03675e-07 7.9279936e-08 0.21408255 0.0066676764 7.532992e-05 5.9405596e-07 0.008977741 7.8275484e-08 0.000102579375 0.0025153905 7.451839e-08 1.425608e-07 0.00042252563 0.0040023313 3.0382904e-07 0.0009444848 1.0035581e-05 1.3665269e-07 6.836209e-08 2.401357e-07 0.0021398382 0.00023008871 1.2519241e-06 1.375342e-08 9.108533e-07 8.571927e-08 2.2247366e-06 2.2753973e-08 1.56038e-07 0.000101616526 0.0013458144 6.004724e-09 2.8429383e-07 1.1918735e-06 0.0005645053 5.6671244e-08 7.665338e-08 2.1804821e-07 0.0011776767 0.0016527489 9.5681486e-08 7.547833e-07 0.0019793732
0.99250495 0.24996956 0.34087592 0.23211303 0.0363302 0.47074652 0.02288602 0.21915704 0.28105772 0.058805794 0.06482255 0.039764155 0.94857764 0.051357023 0.002704512 0.009901917 3.3328358e-14 0.0031014173 0.02003601 0.2571168 0.0017014011 0.00971816 0.030479942 0.0055417516 0.6138942 0.0050292336 0.008764948 0.0028072956 0.007838523 0.017544245 0.018446214 0.000753877 0.0006173755 0.0002555304 0.0028227442 0.00114191 0.00026039145 0.6732222 0.00075608736 0.00015480637 0.054493092 0.0008217327 0.0016863385 0.06661112 1.5965769e-06 0.0041157026 0.003675165 8.7919194e-05 0.000112767826 0.0063330424 0.0016850998 0.0011535389 0.0012707772 0.0010210869 0.00089965615 9.1727525e-05 0.013670907 1.4615789e-06 1.9084002e-05 4.893231e-05 0.00025939406 0.00024055713 0.0018296837 0.00014197921 0.0005500524 5.4388884e-06 0.37953094 0.00065791985 4.1001767e-05 0.00029982076 0.0006149744 0.00018658597 1.08331415e-05 0.008946268 5.8581678e-05 9.759186e-05 9.100089e-06 2.3908458e-05 4.3626926e-05 0.0007116866 0.000498789 3.8391318e-06 0.00016294321 9.494187e-06 2.350242e-05 5.1096113e-06 3.0304843e-06 0.00015089457 0.047066264 7.3304864e-07 1.8543637e-05 5.1183586e-05 0.06334196 1.231529e-06 2.0080736e-06 1.5946376e-05 0.00059808325 0.0006181493 3.7634973e-06 0.00017330116 0.008574766
0.08696642 0.10373117 0.047340605 0.056164287 0.2947414 0.06295936 0.7214148 0.08471844 7.077353e-05 0.029325662 1.1813352e-05 0.00032402005 0.011656387 2.2414586e-06 0.5368777 0.89576066 0.0031014173 3.022379e-16 1.2594955e-07 2.9532383e-05 0.9822175 0.67405874 0.002841948 2.99249e-07 0.00017731669 7.050204e-07 5.069894e-07 8.639009e-08 0.055249516 3.689563e-05 6.275852e-07 0.048845172 0.4307099 0.5610111 5.3433332e-08 1.8844263e-07 4.2772984e-07 0.0014501966 2.078557e-08 2.187623e-08 0.007365799 2.422907e-07 2.0775424e-06 0.0008928423 0.11478493 1.637332e-05 0.018452602 9.019253e-08 8.7477815e-08 0.00051651505 4.2488886e-05 1.5823148e-06 6.1991355e-05 0.00040207096 0.000138245 6.240297e-08 0.0004168761 0.021039853 7.2854114e-08 4.9260315e-08 0.1312058 0.007478822 0.00012467212 1.1615671e-07 0.0045935223 1.0373332e-08 3.189517e-05 0.0015150055 1.0316768e-07 1.1485217e-07 0.00019328092 0.0023997757 3.800238e-08 0.00017871983 1.5359329e-06 2.5203171e-08 1.7791699e-08 1.2517552e-07 0.0014667811 9.833066e-05 9.978944e-07 7.136613e-08 1.5321161e-06 1.2326788e-07 3.8989432e-07 1.7862074e-09 3.0615258e-08 1.6859316e-05 0.00041319078 7.745139e-08 1.1448287e-07 4.645004e-06 0.0001417457 2.4951916e-08 2.3238398e-07 2.0523036e-07 0.00021349 0.00042216876 6.232386e-08 1.3571997e-06 0.0007154242
0.9738369 0.00016972313 0.0036731132 6.41545e-06 1.3835306e-07 9.3840295e-05 1.1396246e-06 2.189533e-06 0.27350935 0.0042232806 0.51280487 0.3009958 0.00047399805 0.9520479 6.8694574e-09 1.4385536e-07 0.02003601 1.2594955e-07 1.9260301e-14 0.68245506 1.2785942e-07 2.6767751e-05 0.13362786 0.57124764 0.16826947 0.63350767 0.1651662 0.46221322 0.00013226473 0.8707178 0.11888577 6.5960506e-07 1.361775e-06 9.5920306e-08 0.03222482 0.03152136 0.027743742 0.002122625 0.043651022 0.008556664 8.642655e-05 0.0678729 0.52919245 1.760035e-05 3.213461e-08 0.6395759 0.0021506844 0.0019692087 0.00092337036 1.1142523e-06 0.40189454 0.5672391 0.113215305 0.02362505 0.049171932 0.00420694 9.574553e-05 3.2938693e-10 0.00029549442 0.003967842 5.8303664e-09 1.2427522e-07 0.12681496 0.00024779237 3.742804e-05 5.542827e-05 0.031735115 2.3550052e-05 0.0033603595 0.0008945226 0.00087570393 5.070648e-07 1.9666748e-05 1.21108915e-05 1.8263744e-08 6.153017e-05 1.4905915e-05 0.00092696 1.973317e-08 0.00097288785 0.0044388566 9.0896494e-05 0.012508842 0.0005122082 2.085631e-05 2.9192774e-05 2.7229567e-06 4.2128473e-08 0.00038696552 1.0160542e-05 3.932772e-06 0.004379537 0.0005254068 1.005992e-05 0.033315636 5.6465786e-05 2.7238077e-05 4.564563e-06 7.745609e-07 0.00014808499 0.00017454218
0.95913696 0.005896864 0.05426677 0.0064897183 0.0005619624 0.019632382 0.0004603247 0.0018846925 0.6345067 0.0125759505 0.73210084 0.123587154 0.007586052 0.86955744 1.062658e-05 8.020731e-05 0.2571168 2.9532383e-05 0.68245506 1.8835788e-14 7.354347e-06 0.00024270968 0.05502673 0.53901964 0.9496551 0.16290225 0.57220304 0.20020874 0.0014527354 0.15972072 0.24769452 4.2654494e-05 3.393553e-05 2.4373408e-05 0.04245478 0.117724046 0.035872802 0.14806992 0.025211869 0.008358005 0.017080374 0.019663403 0.044702265 0.018008893 1.1607633e-05 0.13511467 0.0006322044 0.0043737623 0.00455816 0.0002036091 0.0479268 0.042596094 0.014638725 0.0017263343 0.0077993157 0.0028704163 0.0067691295 2.578276e-07 0.00092200865 0.002331323 2.2049724e-06 7.1329225e-05 0.0078051537 0.0009102294 7.001226e-05 0.00030874717 0.2955588 0.00017178946 0.0006437769 0.0010394655 0.00067889766 0.00012297921 0.00034997615 0.0028919762 5.940806e-06 0.0009772528 4.8634836e-05 0.00013966556 3.1086096e-05 0.00039455408 0.0014800811 0.00028231685 0.0018017094 0.0010151739 0.000102693324 9.6998956e-05 1.0806716e-05 4.8238576e-06 0.08724214 9.537134e-05 0.00011480811 0.00013606029 0.095093414 7.0805596e-05 0.00066112285 0.00036473243 0.00033948495 0.00052306184 3.2960274e-05 0.0008254981 0.010066898
0.050122716 0.05928967 0.01081168 0.033780508 0.15845637 0.019882243 0.5213719 0.04152922 3.4206874e-05 0.01628393 7.625324e-06 0.0002414199 0.007891158 7.247129e-07 0.19483979 0.55776334 0.0017014011 0.9822175 1.2785942e-07 7.354347e-06 3.922143e-15 0.8839445 0.0011071519 4.5439043e-07 0.00020326802 1.879487e-07 2.1062809e-07 8.618173e-08 0.07714867 3.787136e-05 1.8202138e-06 0.18905562 0.87021655 0.8423138 4.124901e-07 1.1569548e-07 9.525898e-07 0.00044594842 3.3680315e-08 5.399105e-08 0.0015692565 3.1878778e-07 1.6619452e-06 0.00015342496 0.15685403 4.441086e-06 0.0075399093 1.2253557e-07 1.3721252e-07 4.40045e-05 1.6032149e-05 5.747551e-07 1.2153411e-05 0.0002466931 3.102834e-05 7.770797e-08 8.4660496e-05 0.055575926 1.5459404e-08 5.269008e-08 0.25255156 0.008440498 2.9299346e-05 3.6013557e-07 0.0057359487 3.6264318e-09 8.732266e-05 0.0015421379 4.2446985e-08 8.846008e-07 0.00021791093 0.0066448348 8.472157e-08 5.3047534e-05 2.6329695e-07 6.321218e-08 5.645803e-09 3.4857598e-07 0.006825071 3.0988624e-05 1.5069279e-06 3.5696508e-09 1.2239746e-06 1.5297807e-07 2.2198887e-07 5.768981e-10 8.855198e-09 4.448869e-06 9.5799056e-05 3.001364e-09 9.390747e-08 1.2859392e-06 5.54765e-05 3.0027973e-08 4.3564956e-08 2.0130827e-07 4.8994043e-05 4.3732693e-05 1.4377254e-07 1.1083926e-06 0.00024079584
0.2141494 0.7582301 0.5030729 0.1292326 0.33362404 0.15919292 0.80432767 0.16733772 0.0029037395 0.74667907 0.00056068465 0.008629356 0.032310896 0.00011818564 0.049083393 0.6558946 0.00971816 0.67405874 2.6767751e-05 0.00024270968 0.8839445 4.7785675e-14 0.057690896 1.2752478e-05 0.0012921464 2.617179e-06 2.6111259e-06 5.188369e-06 0.8721503 0.00018872095 2.4840326e-06 0.86100245 0.9308035 0.27291423 3.4786763e-07 3.295191e-07 2.0078571e-06 0.001177561 3.1960423e-07 6.430283e-07 0.0029265948 1.0167109e-06 2.4514336e-06 0.00026578183 0.012307607 5.1670297e-05 0.16341464 8.433066e-07 3.6367007e-07 8.860652e-06 5.6439676e-05 1.2143164e-06 0.00018775479 0.0041741338 0.00019898641 4.3479022e-07 0.00080798974 0.007374873 5.796227e-07 9.999578e-07 0.33826002 0.00013177232 0.00029254856 1.2651927e-06 0.045519754 8.5876366e-08 0.000875056 0.010471317 3.5341216e-07 1.8363113e-05 0.0023215853 0.029775104 1.7963974e-07 9.098357e-05 7.6367746e-07 8.582131e-07 2.5951294e-07 9.197892e-07 0.0027897214 0.0007566197 1.2062012e-06 2.3555442e-07 2.287752e-06 1.7029025e-06 1.6216405e-06 8.665194e-09 6.0904064e-08 8.597963e-06 0.0006313657 2.802725e-07 6.476718e-07 9.3318744e-07 0.00041920034 9.250184e-08 1.3320887e-07 7.789429e-06 0.00012252688 2.444513e-05 2.2503055e-07 4.7974595e-06 0.0005668579
0.88742054 0.5048377 0.26004893 0.01641516 0.002704791 0.008898892 0.0071881306 0.0029180932 0.22932942 0.71795714 0.25466648 0.94332314 0.018252004 0.12397054 9.595659e-05 0.0025342014 0.030479942 0.002841948 0.13362786 0.05502673 0.0011071519 0.057690896 3.4510595e-16 0.008297781 0.045302056 0.010048271 0.00025660347 0.0126797715 0.4084403 0.7213791 0.0005025106 0.01731459 0.0023108532 0.00029780206 0.0001310541 0.00018815487 0.00032289568 0.004370981 0.0006730221 0.0009542575 0.005470898 0.0014415277 0.021889092 0.00014346048 3.5686644e-05 0.92835623 0.74151754 0.00058302504 9.55547e-05 1.7816497e-05 0.61502254 0.23158123 0.5988122 0.83334893 0.5978106 0.00020222816 0.002297953 7.204161e-08 5.868205e-05 0.0002689925 3.0681535e-05 1.1929146e-05 0.4828491 8.7512984e-05 0.03546448 5.8254063e-06 0.014628991 0.00819296 0.00011148126 9.318838e-05 0.09832896 0.0015530234 6.719799e-05 0.00017432473 1.5995535e-06 0.00040980836 8.023811e-06 8.346297e-05 1.706475e-05 0.030996062 0.0007821755 7.427014e-06 0.003194761 0.00018718213 2.4079663e-05 2.3073308e-05 3.072241e-05 5.2137293e-06 0.0015776687 5.8145304e-07 9.738932e-06 0.013954542 0.0007770869 2.7080985e-05 0.0017450323 2.2916862e-05 0.0006396609 0.0010857215 5.255376e-05 0.00020712437 0.002765655
0.95472187 4.4897286e-05 0.00037657647 2.9757548e-06 6.0475276e-07 4.5207882e-05 2.171651e-06 8.615433e-07 0.025189236 0.00033619365 0.06567088 0.013374703 7.477035e-05 0.37396246 4.9034025e-08 3.0853568e-07 0.0055417516 2.99249e-07 0.57124764 0.53901964 4.5439043e-07 1.2752478e-05 0.008297781 2.9871017e-14 0.084735155 0.63410455 0.9537007 0.8106162 1.3483876e-05 0.059255183 0.58843267 1.3141415e-06 6.6715343e-06 1.8679579e-07 0.24401473 0.49027064 0.43270162 0.0023421412 0.45854795 0.28738564 0.00046938588 0.3557207 0.38180405 0.00037819063 3.0958287e-07 0.036603447 0.00011769592 0.15189637 0.11211696 3.5071052e-06 0.02462725 0.16437475 0.0027576066 0.00078392326 0.0011351493 0.038460873 0.0005839237 9.272436e-09 0.021657597 0.044090606 1.3731226e-07 3.7831722e-07 0.003680266 0.0017047535 1.2743122e-06 0.005873303 0.024746558 5.447895e-06 0.015963404 0.0016682091 3.091442e-05 3.3115694e-07 0.00036785836 4.674674e-05 7.554851e-08 0.0004751107 0.00017774318 0.0021867903 2.5983067e-07 3.335112e-05 0.008824051 0.0030344857 0.010569773 0.0073310984 0.00032418294 0.00048146516 0.00013999321 3.3157158e-07 0.0011699689 0.0009494613 0.00011542718 8.4285806e-05 0.0011558012 0.0005207841 0.0028096968 0.0009185515 7.7324716e-05 6.7826964e-05 0.0001554852 0.0006042723 0.00024129076
0.99891275 0.03855275 0.17060007 0.007623028 0.0020363494 0.041876644 0.0023587206 0.004822282 0.48477843 0.023577824 0.4044475 0.14189523 0.015908435 0.31377193 0.00014202905 0.00046576548 0.6138942 0.00017731669 0.16826947 0.9496551 0.00020326802 0.0012921464 0.045302056 0.084735155 5.680508e-13 0.039082233 0.19501728 0.07862406 0.0018575764 0.050818216 0.2143922 0.00027769088 7.766512e-05 0.00014918964 0.10295168 0.061033163 0.018175602 0.30925906 0.017926687 0.004917016 0.009027895 0.0075116856 0.012974808 0.03889969 4.0591505e-05 0.019561874 0.0020497064 0.0031566329 0.007855379 0.004431713 0.0063375067 0.0059670685 0.004124241 0.0014957287 0.0017647034 0.0031069412 0.016240288 1.1068813e-05 0.0013940335 0.0018621418 3.6141068e-05 0.0003453594 0.0027823546 0.0127480645 0.00028653524 0.00059602456 0.66667634 0.00059688755 0.0017549515 0.008241648 0.00047971756 0.0005342852 0.0011169085 0.0056733033 3.05141e-05 0.0055051423 0.00048185035 0.0011535952 9.3650124e-05 0.00043196577 0.0037527797 0.000644906 0.00088528445 0.00259855 0.0004036698 0.00078150857 0.00010506948 4.0137576e-05 0.066973336 0.00013276735 0.00021668474 9.528452e-05 0.103858404 0.00012632494 0.00021072707 0.0009664784 0.00012005195 0.00013558868 5.971181e-05 0.0034328774 0.007063204
0.8092604 0.00011555847 0.0008375516 4.809397e-06 9.957346e-07 5.3101892e-05 4.570321e-06 6.8540663e-07 0.034313116 0.00025990693 0.107612155 0.017652387 0.00013660219 0.30822888 2.6910278e-08 4.833659e-07 0.0050292336 7.050204e-07 0.63350767 0.16290225 1.879487e-07 2.617179e-06 0.010048271 0.63410455 0.039082233 2.86164e-16 0.24262734 0.97407115 2.9912206e-05 0.39038232 0.14314643 1.6185804e-07 7.799089e-07 1.6318727e-07 0.051936388 0.21586227 0.14943554 0.0009992663 0.5794489 0.123063676 5.3528838e-05 0.3241869 0.6586144 1.1899955e-05 1.7276311e-07 0.11191303 0.0002132743 0.056713898 0.013522928 2.4439066e-07 0.07150164 0.14307038 0.012449965 0.0027490286 0.001997116 0.14752184 6.265752e-05 8.987029e-10 0.019115092 0.031084249 5.501279e-08 8.738343e-08 0.008890613 0.00080223504 1.3085757e-05 0.00080588803 0.005571119 5.385283e-06 0.0136981765 0.0026864563 0.00022493862 8.5769145e-08 0.00022956816 4.127833e-05 6.0797056e-08 0.0008200331 6.300109e-05 0.0028187819 2.298814e-08 3.2970962e-05 0.011608276 0.005590236 0.014038166 0.0090559805 0.00017095284 0.00016755666 6.9018184e-05 3.184953e-08 0.00029188278 0.0007808883 2.9938088e-05 0.00026544265 0.00048562212 0.00029651378 0.0075325062 0.001272179 1.061441e-06 3.6592498e-06 6.1110313e-06 0.0014284932 9.0454014e-05
0.93081546 3.531359e-05 0.0007115882 3.6183315e-05 2.5990714e-06 0.00013754301 1.2736483e-05 6.427594e-06 0.007419542 0.00014297014 0.025743095 0.0025296595 0.00013199067 0.1223164 2.1337854e-07 1.7292739e-06 0.008764948 5.069894e-07 0.1651662 0.57220304 2.1062809e-07 2.6111259e-06 0.00025660347 0.9537007 0.19501728 0.24262734 3.0586489e-15 0.45838758 1.1125795e-05 0.0045383205 0.91565967 1.234395e-07 1.834308e-06 1.3559841e-07 0.66703415 0.56488574 0.5117203 0.00898491 0.27001515 0.13079764 0.0010523284 0.061265938 0.016061487 0.0004284419 2.1429665e-07 0.001239907 9.0602725e-06 0.07053455 0.13869713 1.8434694e-06 0.0019056833 0.0077079916 0.00031702348 7.9857826e-05 6.7522014e-05 0.024063386 0.0007268216 1.3855678e-09 0.01965864 0.007548853 3.0901845e-08 1.1501203e-06 0.0005712589 0.0014890593 5.7946156e-08 0.004022959 0.035352554 2.6646578e-06 0.0017996831 0.0047125425 2.1648002e-06 1.2949063e-07 0.0009120798 0.00013644388 4.2932416e-07 0.0009285363 0.00017121782 0.0021212862 6.3432566e-07 9.591931e-06 0.0028195172 0.0005218443 0.0033576349 0.0027200202 0.00040490378 0.0005077065 0.00012907176 1.7819088e-06 0.0036902598 0.00025617678 0.00016489223 1.3001456e-05 0.0043062037 0.0003801034 0.0006691377 0.0008263756 0.00038024405 0.00031293137 0.000100136924 0.00039569114 0.0008703151
0.94353694 2.1670488e-05 0.00017396899 5.437268e-07 1.809748e-07 1.3473477e-05 8.3055306e-07 1.6894077e-07 0.007009908 0.00019610516 0.033316568 0.014794025 3.417593e-05 0.12682684 7.272094e-09 1.790495e-07 0.0028072956 8.639009e-08 0.46221322 0.20020874 8.618173e-08 5.188369e-06 0.0126797715 0.8106162 0.07862406 0.97407115 0.45838758 1.0638576e-14 6.5885097e-06 0.13069253 0.28876665 2.514305e-07 1.6254728e-06 6.4939954e-08 0.12717311 0.42942387 0.37248984 0.00076129613 0.51291305 0.13735 9.354462e-05 0.35583088 0.68083405 4.07967e-06 4.5124403e-07 0.06935787 0.00012214512 0.09496032 0.103570245 9.411821e-07 0.039888572 0.4118687 0.004107261 0.0015992951 0.0011564557 0.090048045 0.00016195216 2.2154998e-09 0.012388467 0.10038062 6.1287295e-09 6.4040404e-07 0.018201541 0.0016801743 3.76836e-06 0.0017394795 0.021432782 2.5753259e-06 0.08361973 0.002191814 6.5370165e-05 1.4701659e-07 0.00039376528 6.000863e-06 1.14132625e-07 0.0006389132 0.00016295315 0.0032411402 8.0331894e-08 3.7410016e-05 0.020234324 0.0040648975 0.028242238 0.027752602 0.00025758517 0.00023886068 4.1306408e-05 1.9396754e-07 0.00042197137 0.00056866533 5.070334e-05 0.00029720287 0.00026263652 0.00020824959 0.027099032 0.0021753637 3.8034344e-05 7.149431e-05 1.9507916e-05 0.0012221796 0.00013719808
0.38886002 0.77976817 0.45824826 0.08340469 0.09415194 0.0480472 0.36177617 0.15041386 0.0071269665 0.7691531 0.0016658449 0.04695127 0.021165073 0.00023806836 0.00055883307 0.10407107 0.007838523 0.055249516 0.00013226473 0.0014527354 0.07714867 0.8721503 0.4084403 1.3483876e-05 0.0018575764 2.9912206e-05 1.1125795e-05 6.5885097e-06 1.8509009e-16 0.0024982207 1.8131894e-05 0.97495246 0.30794704 0.008550822 8.838916e-07 5.0689678e-06 1.9759007e-06 0.0002873348 8.893343e-07 1.633732e-07 0.0022755465 3.2302007e-06 6.3376733e-06 5.5815024e-05 0.00023444853 8.458987e-05 0.80786556 7.279158e-07 1.904988e-06 9.766191e-06 0.0002491675 7.322619e-05 0.00019185508 0.13887328 0.0005602669 7.5775984e-07 0.00035062444 0.000109666995 6.7300664e-07 5.6068916e-07 0.575375 5.2967704e-07 0.004824599 6.0711827e-06 0.24056076 1.7234778e-07 0.0013891887 0.08871444 5.6617733e-07 6.4614887e-06 0.021771045 0.15201487 1.8293746e-06 9.495645e-06 1.0335163e-07 1.9193963e-06 2.3748836e-07 5.558795e-06 0.0005212279 0.006267156 6.4909987e-06 9.62781e-08 7.446504e-06 2.5087827e-06 1.3748398e-06 1.7730795e-07 1.18701784e-07 9.541282e-07 0.0003078551 1.3279474e-07 3.2472798e-07 9.138651e-06 0.00014834451 2.2654947e-07 3.7922567e-07 9.131803e-06 1.3866096e-05 1.3524636e-05 1.1502954e-07 5.7484745e-06 0.00035915844
0.85343355 0.008045078 0.0271593 0.0006128348 6.2098035e-05 0.0004673702 0.0007867941 0.00017957286 0.19563754 0.018953305 0.49494356 0.61152434 0.002602631 0.6284451 2.2305494e-06 0.00010874666 0.017544245 3.689563e-05 0.8707178 0.15972072 3.787136e-05 0.00018872095 0.7213791 0.059255183 0.050818216 0.39038232 0.0045383205 0.13069253 0.0024982207 3.6072702e-15 0.008005041 8.029135e-05 0.00011501961 6.120328e-06 0.0013593734 0.0058401613 0.0032968419 0.0028086815 0.01829613 0.00834025 0.0003462114 0.035619944 0.7921439 1.39743315e-05 4.3032516e-05 0.90635973 0.016649142 0.004406801 0.0013425231 8.226503e-07 0.68596226 0.9188259 0.4291091 0.16989891 0.24742855 0.01200696 0.00061507436 9.834378e-09 0.0008557585 0.0075284056 5.159481e-07 3.170608e-07 0.26068562 0.0007905511 0.0002340692 0.00013912596 0.019491917 0.00024815917 0.003881607 0.0029180737 0.01407881 4.668668e-05 0.00020440541 2.756028e-05 3.8888354e-07 0.0007778547 6.1410225e-05 0.0003931754 1.9387314e-06 0.004597204 0.03976027 0.0006357174 0.24031435 0.006138403 0.00012278726 0.000107949585 0.00014513105 6.465881e-07 0.0005311947 8.515914e-05 5.4152486e-05 0.042280965 0.0005192453 7.695666e-05 0.07600481 0.0015031997 7.2856936e-05 5.9981023e-05 4.522177e-05 0.007599357 0.00089190365
0.95144063 5.400066e-05 0.0007974131 1.2892148e-05 2.7404294e-06 0.0001280225 1.5191011e-05 1.4319514e-06 0.011803129 0.00037566593 0.03857561 0.004890311 6.548579e-05 0.11363712 2.6513142e-08 1.243004e-06 0.018446214 6.275852e-07 0.11888577 0.24769452 1.8202138e-06 2.4840326e-06 0.0005025106 0.58843267 0.2143922 0.14314643 0.91565967 0.28876665 1.8131894e-05 0.008005041 2.9869639e-15 2.6102819e-06 9.910523e-06 7.4080737e-07 0.961677 0.43965015 0.47275907 0.027670456 0.17011216 0.11423198 0.0011137617 0.07495915 0.015866986 0.00032668875 8.015891e-07 0.0015321806 9.816261e-06 0.070695065 0.07532175 1.1718977e-06 0.0030595677 0.0061600306 0.00027980664 6.902687e-05 8.010222e-05 0.018645726 0.00016172483 1.1967991e-09 0.02004871 0.007382241 3.3873846e-08 5.9638533e-06 0.00029055306 0.002143305 1.2576945e-06 0.0049231765 0.073670834 1.0819121e-05 0.0024903305 0.005307342 7.3733427e-06 1.1690402e-06 0.0028769057 0.00013556967 6.2352143e-07 0.0020626592 0.0006849905 0.00074868964 1.0404691e-06 2.204633e-05 0.0019694932 0.00043657064 0.0035102598 0.0015995887 0.0010935136 0.00048764926 0.00020476343 1.442427e-06 0.0052400846 0.0001307788 0.00056043605 1.0238571e-05 0.009842405 0.00019035282 0.00011567987 0.0002058556 2.0953023e-05 3.5200785e-05 0.00015706796 0.0002719731 0.00037443297
