3.8656994e-22 0.49740008 0.89630824 0.9260791 0.54206926 0.61460835 0.7808289 0.88899094 0.908167 0.84929746 0.57898414 0.93478394 0.8820611 0.8427601 0.9734784 0.8920641 0.98166 0.9064987 0.8781801 0.5023008 0.8961947 0.64509314 0.7561955 0.40354446 0.9655508 0.9837856 0.9848536 0.973922 0.8052117 0.82263285 0.74498504 0.21264742 0.96863574 0.561544 0.33061212 0.346847 0.4013498 0.97532016 0.2398882 0.98599184 0.8585095 0.9758066 0.12655753 0.04705679 0.57262754 0.9144013 0.5082512 0.91107106 0.93324465 0.071761146 0.9278307 0.17501068 0.96161675 0.9501256 0.26324043 0.12745844 0.963505 0.9796034 0.50136614 0.9951703 0.46344885 0.8621707 0.17543499 0.9802914 0.93343 0.96786904 0.9780701 0.8085821 0.9687105 0.95557666 0.03304917 0.09002967 0.7087732 0.9977927 0.32881194 0.0030123272 0.031838425 0.9870329 0.00040600274 7.7388686e-05 0.006287118 1.7168308e-05 0.11877748 0.1650644 0.5269611 0.25444248 0.00048562328 0.0005613248 0.0004708555 0.99993265 1.5468755e-06 0.47281632 7.133307e-08 0.413783 0.000104339655 0.0029338074 0.98848754 0.9910075 0.9979248 0.97825724 1.5136435e-05
0.49740008 2.6406215e-18 0.7849066 0.87429273 0.95392174 0.9570853 0.6363836 0.6992383 0.89834195 0.59019053 0.58950704 0.7863229 0.5737457 0.1455747 0.23412263 0.0044989483 0.25986406 0.18653566 0.054058146 0.062285196 0.024516841 0.0005683557 3.8166498e-05 0.005468994 0.0038326313 1.5879208e-05 0.002321602 0.027381673 0.0005660527 0.011239838 0.11744433 0.007796851 0.020569257 0.031280875 0.022498593 0.051792853 0.027663339 5.409401e-05 0.00055140903 0.018594397 0.010601102 2.794441e-05 0.0021025143 0.0045238077 0.0006973944 9.024881e-06 0.0010901575 1.9523018e-06 1.1741329e-06 0.008164627 0.0063561676 0.0069533475 7.4267555e-05 0.0029262763 0.00015488212 0.0036070414 6.0521893e-07 0.00020886435 6.108316e-06 0.0037740234 1.0312676e-07 9.888902e-06 0.00013996357 2.1954873e-05 2.9549408e-08 4.6247815e-06 3.2272404e-05 8.154603e-07 0.0007481486 0.00020827104 0.00021327085 7.583657e-07 1.193492e-06 0.0002010885 1.4901701e-06 5.303686e-05 1.8919813e-08 0.001677786 1.2650837e-05 9.629165e-07 8.338217e-06 1.5590935e-05 4.1050794e-07 2.4346505e-07 4.581409e-08 8.410477e-08 4.7557668e-07 8.4575186e-05 3.4865297e-06 1.693804e-05 8.43803e-07 1.9555793e-08 5.1089337e-08 5.443288e-08 7.622471e-09 1.0199584e-06 0.0016628997 0.001613628 6.1431723e-07 2.2186863e-07 6.410459e-08
0.89630824 0.7849066 4.939094e-14 0.9369464 0.80023944 0.19124499 0.61643827 0.5661178 0.05330572 0.89472604 0.012846824 0.32174736 0.7047029 0.8081918 0.833388 0.0878573 0.27973396 0.62235826 0.002538126 0.3457334 0.0014278631 0.0051143724 0.0019950296 0.08595218 0.00015936654 0.0003124301 0.0005967669 0.060140066 0.08606077 0.00252394 0.24619065 0.16434991 0.20983641 0.08232034 0.31123653 0.3103233 0.04540979 2.7140045e-06 0.041684728 0.032232698 0.010494587 4.5688785e-06 0.049372848 0.018261919 8.252317e-05 2.8284975e-07 0.00012612535 1.1346529e-07 5.9436877e-07 0.011503213 0.0049318867 0.008472001 1.5261146e-05 0.007383603 5.253073e-06 0.00086295157 6.612347e-08 0.00012095143 7.9445874e-07 0.0023274133 5.317529e-08 2.5388312e-07 1.4848384e-05 4.1022733e-07 4.395673e-09 5.313049e-08 6.02833e-07 5.9841216e-07 0.0007506306 0.00080200937 0.00033471006 2.0340732e-07 3.3472168e-07 0.00023995155 2.2432431e-07 1.357882e-06 9.4874215e-09 0.002285602 2.2923605e-06 7.470563e-07 1.8785275e-06 4.0245764e-06 4.945238e-07 5.670501e-07 1.6699787e-09 5.776912e-07 1.0544118e-06 8.682405e-06 1.1555957e-06 4.853846e-05 4.3613013e-06 6.1915895e-09 4.702909e-08 4.0364146e-08 5.947586e-08 3.3556819e-06 0.0017187383 0.0019679442 4.074489e-07 1.847202e-08 3.1459176e-06
0.9260791 0.87429273 0.9369464 3.5206177e-15 0.80620176 0.7593959 0.6099031 0.7841903 0.52526134 0.78750116 0.437557 0.7316466 0.7445361 0.30195498 0.62587655 0.0035298057 0.46041518 0.613901 0.06946423 0.2277539 0.026695866 0.00039507696 4.9377548e-05 0.012598357 0.0025063893 3.672376e-05 0.006677856 0.056003496 0.01127645 0.014934284 0.50366306 0.08645061 0.06427616 0.34731373 0.27714053 0.4133918 0.2908734 0.00017057959 0.013509202 0.030328117 0.10689834 0.00016734889 0.04417354 0.04253438 0.0006390978 4.539077e-06 0.0016077915 8.1225784e-07 1.605052e-05 0.08448471 0.0067562405 0.07163617 0.00016356893 0.004514113 0.0010072867 0.018469715 6.0031846e-07 0.00032019074 8.745571e-06 0.005387184 2.578999e-07 7.2956113e-06 0.00243502 1.42838835e-05 4.7251444e-08 1.2742455e-06 1.2059361e-05 2.6941093e-06 0.0010130602 0.000818479 0.0020376877 1.3984908e-06 1.7299866e-06 0.00023869012 1.095935e-06 6.396911e-05 5.9965096e-08 0.0015433342 2.0544345e-05 2.209591e-06 5.3273366e-06 1.158126e-05 7.3486217e-07 8.9185596e-07 2.6869403e-08 3.324775e-07 1.6255905e-06 7.3089755e-06 2.3676846e-06 2.9093248e-05 1.0371163e-05 6.5988914e-08 2.7790835e-08 6.0857495e-08 1.0231973e-07 2.7978034e-05 0.003073349 0.0024751015 2.660737e-06 1.0518322e-07 4.782216e-06
0.54206926 0.95392174 0.80023944 0.80620176 4.3936556e-19 0.4998001 0.9779701 0.43961698 0.49510825 0.4358891 0.10097711 0.82465947 0.37655413 0.66162777 0.19824383 0.024127282 0.13858062 0.6230874 0.004860004 0.35518035 0.0017813881 0.0022281322 0.00065639033 0.03012135 0.000108013424 1.9764955e-05 0.00030395907 0.012711075 0.007168278 0.00400475 0.14364412 0.03483151 0.023333495 0.03674767 0.10404748 0.15032804 0.027042635 2.417966e-06 0.0045768204 0.017037116 0.0035576764 1.6603926e-06 0.015361164 0.01313611 0.0001774945 4.6803166e-07 0.00049630436 1.0257747e-07 6.234241e-08 0.015086357 0.0010951525 0.013423568 4.4081517e-06 0.0016048877 8.836577e-06 0.0016792035 3.900388e-08 3.762125e-05 5.527908e-07 0.0010436777 1.7362747e-09 4.7582117e-07 2.5010466e-05 2.5104512e-06 6.88421e-10 3.2311883e-07 6.406994e-06 7.7868215e-08 0.00042318416 0.00012308551 0.0022084368 2.7477332e-08 7.979269e-08 4.710637e-05 1.08400236e-07 9.409655e-06 1.1808609e-09 0.00126191 7.898946e-06 2.862715e-07 2.9102584e-06 6.682844e-06 5.333334e-08 7.452961e-08 7.458176e-09 9.367218e-09 2.312717e-07 6.230405e-05 1.549647e-06 4.971068e-06 1.7255459e-06 3.4348122e-09 1.9502155e-08 8.764813e-09 7.542638e-09 4.8060474e-07 0.0012534725 0.0011714392 6.9981915e-08 2.0505793e-08 2.778633e-08
0.61460835 0.9570853 0.19124499 0.7593959 0.4998001 3.1625226e-17 0.09985843 0.8741048 0.93920845 0.26940572 0.96194416 0.5072857 0.50960886 0.0018231005 0.10832368 0.00018565748 0.46673596 0.052289005 0.30421042 0.005229162 0.14262 1.983934e-05 8.5450864e-07 0.00019798487 0.06636143 1.4611958e-06 0.03437375 0.033152673 4.4994842e-05 0.066003636 0.15095961 0.00045436554 0.00965141 0.067831405 0.005052853 0.031920675 0.08357642 0.0005043756 8.6470835e-05 0.01192338 0.08995705 0.0008037386 0.00052062474 0.0043193074 0.0029364077 0.00013259627 0.009266821 6.182285e-05 8.6846456e-05 0.012012531 0.010595418 0.025274996 0.0009912929 0.0022427845 0.011905666 0.011319856 1.75318e-05 0.0005669123 6.544826e-05 0.008295657 5.6118474e-06 6.5006105e-05 0.0019248517 8.8020635e-05 3.560351e-06 8.446484e-05 4.895714e-05 9.648749e-06 0.0011265083 0.00055153266 0.00021259968 6.177273e-06 1.1744168e-05 0.00034368443 7.1385602e-06 0.00019211911 2.179156e-07 0.00086595037 3.8194536e-05 9.919434e-07 1.3732707e-05 1.609574e-05 1.9655413e-06 1.7770994e-06 1.4898902e-06 3.077951e-07 2.163337e-06 2.6505015e-05 1.0436443e-06 0.00018229795 1.4524139e-06 5.8451093e-07 5.0204683e-08 3.3752167e-07 3.999667e-08 4.8977477e-06 0.0012123291 0.001044814 5.3406743e-06 2.0789478e-06 1.3385383e-06
0.7808289 0.6363836 0.61643827 0.6099031 0.9779701 0.09985843 1.0103556e-17 0.15521137 0.27408555 0.2077541 0.008453536 0.8978802 0.12806928 0.7379768 0.13425618 0.01278459 0.07488227 0.88874227 0.00096551894 0.65414035 0.0006335615 0.0013583542 0.0005977634 0.058999915 5.515108e-05 6.659682e-05 0.00019115013 0.009385644 0.016007781 0.0026895953 0.35867187 0.20216367 0.018697325 0.17111649 0.40882114 0.5170325 0.1193319 1.5932048e-06 0.022042831 0.013125729 0.008645205 1.0248882e-06 0.14060968 0.10760352 3.6502977e-05 6.881434e-08 5.7939335e-05 3.0028602e-08 2.3367652e-07 0.08976597 0.00022604459 0.084016 2.347649e-06 0.0009245625 0.00016999479 0.013697373 1.0923037e-08 1.2003965e-05 2.3416395e-07 0.00069875084 2.7538443e-09 2.6555594e-07 0.00034850207 4.887065e-07 5.849433e-10 6.2223386e-08 5.696382e-07 9.4818354e-08 7.496249e-05 3.6174482e-05 0.033392772 4.8413607e-08 2.363485e-07 3.7202386e-05 4.75517e-08 4.3363692e-05 1.1269745e-09 0.0008891173 7.698669e-05 1.0561579e-06 2.0324514e-06 2.2706254e-05 7.7168714e-08 1.0284861e-07 4.073904e-08 1.3848341e-08 3.9787486e-07 1.3782945e-05 2.4621645e-06 1.2523367e-05 3.4588234e-06 3.4245502e-08 2.9457068e-08 2.934435e-08 6.0387553e-09 2.8280617e-06 0.0016875901 0.0015675408 3.553541e-07 1.9373728e-08 6.288772e-08
0.88899094 0.6992383 0.5661178 0.7841903 0.43961698 0.8741048 0.15521137 9.939833e-16 0.7420618 0.68254006 0.95268047 0.5662801 0.7788271 0.01235965 0.42479336 0.00032783792 0.80991524 0.13528363 0.4177185 0.022654695 0.2596843 9.519225e-05 7.1670943e-06 0.00046724518 0.048579667 7.095366e-06 0.053806514 0.1300561 0.00038369116 0.058560748 0.4665305 0.0043215347 0.04685198 0.2834507 0.04399165 0.10624417 0.24467942 0.00039257796 0.00083560013 0.028727155 0.2660976 0.0004885181 0.0038300897 0.009946466 0.0022360282 2.1397727e-05 0.018068433 6.433531e-06 7.157419e-05 0.04735798 0.03062988 0.052606944 0.0009184079 0.013773617 0.020820288 0.024068287 2.6505306e-06 0.00069100346 0.00010139193 0.011847629 1.96024e-06 2.9458035e-05 0.0043727695 2.3036853e-05 3.0385712e-07 7.3084184e-06 1.8517783e-05 3.2219307e-06 0.0017365946 0.00090660463 0.00035033235 7.433873e-06 8.736126e-06 0.0004537115 3.933503e-06 6.8918205e-05 1.07851044e-07 0.0022886372 1.3749073e-05 1.3054639e-06 1.353647e-05 6.421681e-06 1.2159502e-06 8.9771066e-07 1.944756e-07 1.8257938e-07 8.905102e-06 2.0004136e-05 3.0285803e-06 0.00014618259 1.8874569e-05 1.5323478e-07 2.345903e-08 7.9090384e-08 5.9890596e-07 0.00012840191 0.0029621928 0.0024179167 5.4355696e-06 2.3203411e-07 9.74326e-06
0.908167 0.89834195 0.05330572 0.52526134 0.49510825 0.93920845 0.27408555 0.7420618 2.3881081e-17 0.11387581 0.83046794 0.9454024 0.2737709 0.00019203174 0.12385348 2.6689599e-05 0.5361565 0.2193292 0.26227742 0.005487161 0.15241545 3.6035426e-06 1.14756915e-07 8.148683e-06 0.05730984 2.2316597e-06 0.45583174 0.029545048 5.5996206e-06 0.36001801 0.57999456 8.4918676e-05 0.016748812 0.41703013 0.026395092 0.19183192 0.3974399 0.0024380363 4.7362635e-05 0.045070153 0.4706486 0.0018089673 0.0020253668 0.024600253 0.016011653 0.00032625443 0.09970294 0.00020959167 0.00037758105 0.11364893 0.006660911 0.25522888 0.0008039571 0.0014139939 0.2422792 0.11372535 8.689098e-06 0.000494772 0.0005105778 0.021577207 2.1892627e-05 5.901074e-05 0.093345106 6.2120074e-05 8.321186e-06 5.8142643e-05 3.995537e-05 2.6940684e-06 0.0013949046 0.0005558597 0.0053948984 1.3707806e-05 7.1268873e-06 0.00042171206 1.7440105e-06 0.006153786 8.578878e-08 0.00049161457 0.0011620437 6.317166e-05 4.1831758e-05 8.040813e-05 3.8556755e-06 1.681765e-06 1.8947774e-05 2.2512026e-07 5.2165597e-06 1.6658116e-05 8.256425e-07 0.00016178298 4.3169207e-06 8.6872626e-07 7.2404035e-08 7.512701e-07 1.06367885e-07 0.00020084548 0.0028958 0.0019400364 1.5985035e-05 6.3597963e-06 1.2840044e-06
0.84929746 0.59019053 0.89472604 0.78750116 0.4358891 0.26940572 0.2077541 0.68254006 0.11387581 2.5820448e-15 0.08863781 0.13630456 0.96619403 0.4350525 0.93664366 0.031162428 0.50284356 0.1691799 0.017386984 0.06175817 0.007188442 0.0025260376 0.00058821536 0.016811727 0.0014520171 0.00012319743 0.0026574102 0.21929288 0.014523324 0.0036425637 0.052674145 0.013789027 0.29963773 0.018214028 0.028754545 0.040894922 0.013199735 1.4224572e-05 0.0026015602 0.05823112 0.004432695 4.5105342e-05 0.0020783523 0.001126018 0.00010969922 1.1593675e-06 0.00016510246 2.2021952e-07 8.453737e-07 0.0014349221 0.035182554 0.0020253262 0.00013182813 0.026659463 1.8975304e-06 0.00023432961 1.0977074e-07 0.0008305639 5.358226e-07 0.0108141815 2.0963183e-08 2.5466577e-06 2.9739733e-06 5.1621905e-06 1.7160211e-08 1.6109838e-07 2.656683e-06 9.561796e-07 0.0047572963 0.0030736697 4.0223354e-06 2.8343027e-07 3.106941e-07 0.0010891989 1.7568199e-07 1.5338381e-06 1.014162e-08 0.0084381 9.3865884e-07 6.387225e-07 1.5325619e-06 2.289496e-06 1.5262622e-06 1.880283e-07 3.6156525e-08 1.4086066e-07 7.456655e-07 2.7731317e-06 4.7718356e-07 0.00015022531 2.093162e-06 2.1361847e-08 3.96073e-08 9.7847064e-08 3.8576466e-08 1.0882912e-06 0.0023356248 0.0025026014 8.517306e-06 2.257746e-08 4.6337544e-07
0.57898414 0.58950704 0.012846824 0.437557 0.10097711 0.96194416 0.008453536 0.95268047 0.83046794 0.08863781 2.7482316e-19 0.11898215 0.43794096 0.000111909256 0.05089558 0.00012467045 0.6493233 0.002167597 0.8108717 0.00028894894 0.5059427 2.528965e-05 4.4210535e-07 5.2050727e-05 0.2903295 5.5010037e-07 0.1300728 0.053602163 2.7245114e-05 0.086234085 0.02988723 0.00012496709 0.0063604456 0.015572813 0.0012396338 0.002095652 0.025508674 0.0036324866 1.6695538e-05 0.009873322 0.07380809 0.005523253 4.6740894e-05 0.0009881417 0.010965002 0.00072108867 0.036665346 0.0006338912 9.763898e-05 0.0015334487 0.038156528 0.0041581397 0.002868803 0.0037462518 0.0107528325 0.0057102004 6.914395e-05 0.0009973611 0.00019512148 0.013520652 2.373454e-06 0.00016815518 0.000984809 0.00017418465 3.4298635e-05 0.00025764978 7.830928e-05 2.8263077e-05 0.0010414838 0.0005969202 1.0159553e-05 3.0352771e-06 2.9360826e-05 0.00036218684 2.6146978e-05 5.6024815e-05 2.5877142e-08 0.0014195072 9.747667e-06 1.1826637e-06 4.1720363e-05 1.0597806e-05 1.5806083e-05 2.7503447e-06 7.389093e-05 5.477206e-07 3.0275207e-06 2.5847644e-06 7.8861007e-07 0.00047434602 8.4535594e-07 3.0915583e-06 1.7756236e-08 8.767563e-07 2.1334321e-08 1.2810524e-05 0.00078748475 0.0007244465 5.5791923e-05 2.0637897e-05 4.70123e-07
0.93478394 0.7863229 0.32174736 0.7316466 0.82465947 0.5072857 0.8978802 0.5662801 0.9454024 0.13630456 0.11898215 1.7762634e-16 0.18031518 0.01816634 0.18182416 0.00012507796 0.40340742 0.74131656 0.024361677 0.10307321 0.015667548 6.918703e-05 4.035491e-06 0.00028658824 0.0044834306 3.537727e-05 0.01889454 0.027585274 0.0002520236 0.05977077 0.81747144 0.013050706 0.04218214 0.69042045 0.2175011 0.6018575 0.5824945 0.00020468964 0.0021931068 0.08716929 0.30343404 0.0003320901 0.081200704 0.15832412 0.0020880813 4.8811035e-05 0.003983197 1.5134675e-05 5.731781e-05 0.3816495 0.0009005142 0.47152966 0.00013942164 0.0011925029 0.109363794 0.23566933 4.517985e-06 0.00018028308 2.9652436e-05 0.010066211 9.934705e-07 1.3857596e-05 0.1320842 3.0036696e-05 2.7412096e-07 5.054024e-06 4.7768397e-05 9.433083e-07 0.00090464205 0.00012539088 0.19902736 8.939217e-07 4.4394022e-07 0.00018282687 3.9709929e-07 0.012294257 2.4011726e-08 0.0006573187 0.0042052655 0.00011177199 4.1232e-06 0.00058046664 1.7460881e-07 6.9430786e-07 2.1459064e-06 5.7091e-08 7.2474126e-07 4.424086e-05 9.335608e-06 6.322843e-05 4.492337e-05 1.5887387e-07 9.0856936e-08 8.686744e-08 2.7613456e-08 8.9620175e-05 0.0039381413 0.0035014094 1.0732767e-05 3.9280376e-06 3.3267668e-07
0.8820611 0.5737457 0.7047029 0.7445361 0.37655413 0.50960886 0.12806928 0.7788271 0.2737709 0.96619403 0.43794096 0.18031518 5.868054e-16 0.14251222 0.9193592 0.0049334136 0.77358294 0.10914788 0.16695774 0.027489223 0.061575975 0.0010868066 0.00013719677 0.006033055 0.008724205 2.4852114e-05 0.005397279 0.45219675 0.002925106 0.0085509 0.069038704 0.008340561 0.24127215 0.028425593 0.020083092 0.024756528 0.021494813 0.00013091831 0.0010889726 0.09170087 0.006821628 0.0009847546 0.0011522867 0.0015334778 0.00042012348 4.1765543e-05 0.001391381 4.2866773e-06 1.1015361e-05 0.0018207349 0.091253266 0.0031546408 0.0024383708 0.056539062 4.4327688e-05 0.00036704307 1.7772452e-06 0.0023884075 3.7784905e-06 0.02075333 2.0246e-07 7.8047065e-05 1.6102022e-05 9.242597e-05 7.017322e-07 1.037233e-05 2.6563039e-05 1.4876845e-05 0.008589703 0.00548317 7.526188e-06 1.1416904e-06 4.8177335e-06 0.0012691162 1.213962e-06 7.472285e-06 9.803424e-08 0.009514111 3.725459e-06 3.0332021e-06 5.2001287e-06 4.985786e-06 4.5368697e-06 9.671693e-07 2.935899e-06 5.54538e-07 3.9998467e-06 7.612856e-06 1.3615738e-06 0.0002744452 6.3057805e-06 3.8784168e-07 2.9824143e-08 1.56902e-07 1.3392474e-07 4.959187e-06 0.0035335508 0.0031122454 3.311128e-05 5.9446637e-07 3.018586e-06
0.8427601 0.1455747 0.8081918 0.30195498 0.66162777 0.0018231005 0.7379768 0.01235965 0.00019203174 0.4350525 0.000111909256 0.01816634 0.14251222 4.8506806e-18 0.16279247 0.8498046 0.012306064 0.582176 0.00010918998 0.8779886 4.9233426e-05 0.44531918 0.9600437 0.8852574 2.1067913e-07 0.051842935 6.4502126e-07 0.017212383 0.55468106 2.7583694e-06 0.0028254862 0.5301812 0.27495408 0.00028371546 0.25228313 0.09788132 0.00015217613 2.1918915e-08 0.23891525 0.100949995 2.6656247e-05 2.6724797e-07 0.06584437 0.006461452 2.150241e-06 1.6154962e-07 1.5165685e-06 1.1644336e-08 7.606842e-09 0.0005043783 0.0011205574 6.350278e-05 2.110268e-07 0.037607737 5.405481e-07 1.4079031e-05 6.67083e-09 5.818896e-05 1.4204298e-08 0.00095891784 6.6140676e-10 1.9556726e-08 1.5148239e-06 2.0510436e-07 9.052023e-10 1.03431894e-07 3.7312955e-07 1.8585612e-07 0.0019941947 0.0024509875 0.0012482094 4.5052633e-09 1.372235e-07 0.00014666925 2.4504878e-09 1.9564823e-06 9.868603e-11 0.021936003 1.6405243e-06 5.6073855e-08 2.0971791e-07 6.4917384e-07 2.3694814e-07 2.1965622e-08 2.5519032e-07 2.1054827e-08 1.2194737e-06 3.3749817e-05 7.546776e-05 1.3208296e-06 7.330965e-08 1.0278232e-07 1.5363371e-08 5.7278058e-08 7.681214e-09 1.4075398e-06 0.012497216 0.011239325 9.689956e-07 9.1224337e-07 7.560343e-08
0.9734784 0.23412263 0.833388 0.62587655 0.19824383 0.10832368 0.13425618 0.42479336 0.12385348 0.93664366 0.05089558 0.18182416 0.9193592 0.16279247 8.493671e-13 0.011937028 0.89648914 0.17418958 0.023073101 0.06487214 0.012307813 0.0016096556 0.0011376728 0.017724534 0.0047740666 0.00054109306 0.019871041 0.7483677 0.021550061 0.01311141 0.060005862 0.02011072 0.8570598 0.034452725 0.035667483 0.038617343 0.017172674 0.00013524682 0.0041533625 0.23449913 0.010729246 0.00083082414 0.00295044 0.0016911143 0.00057176064 3.5806606e-05 0.0013336702 1.544568e-05 2.3581513e-05 0.0013306852 0.102889754 0.0018561598 0.0020172975 0.15298425 5.7175323e-05 0.0006763993 3.5287887e-06 0.0058222804 2.2271165e-06 0.04786517 3.6934105e-07 3.9895058e-05 0.0002603475 4.4914716e-05 1.8297801e-07 1.8742435e-06 1.8636945e-05 1.0117059e-05 0.037739776 0.037558448 0.0010460388 2.6479158e-06 2.7588876e-06 0.0066465517 4.0838977e-06 2.8969378e-05 2.1371642e-07 0.08234974 8.347335e-06 2.9528564e-06 6.4816336e-06 1.0393857e-05 4.309496e-06 2.3951854e-06 3.163593e-06 1.2372975e-06 2.455936e-06 2.6261958e-05 2.4547075e-05 0.00053523027 9.747537e-06 3.5089723e-08 1.7094507e-07 6.5332415e-08 1.9347003e-07 3.2987915e-05 0.018043844 0.01943257 1.4099575e-05 5.902869e-07 8.918135e-07
0.8920641 0.0044989483 0.0878573 0.0035298057 0.024127282 0.00018565748 0.01278459 0.00032783792 2.6689599e-05 0.031162428 0.00012467045 0.00012507796 0.0049334136 0.8498046 0.011937028 2.0043813e-15 0.00050861057 0.0038779182 3.203876e-05 0.015493716 1.5813757e-05 0.98008883 0.8149372 0.13241991 2.7655733e-06 0.9647551 5.757722e-07 0.004061913 0.24432248 1.3181147e-05 0.00036982185 0.032993864 0.0748199 6.4801534e-05 0.008021306 0.00089080277 0.00013311181 4.339733e-07 0.03561309 0.017768674 3.6471938e-05 1.6195116e-05 0.0032604309 1.5643554e-05 1.9121267e-06 3.1165175e-07 1.0741931e-05 1.7693903e-07 1.4748225e-07 4.09382e-05 0.0048698774 5.4466223e-06 4.432143e-05 0.053284742 3.0787007e-08 8.986863e-05 2.5626701e-07 5.7976482e-05 2.1523688e-06 0.0034662217 1.9758629e-08 5.383958e-06 9.706396e-06 1.2219947e-05 1.8430079e-07 2.1676929e-06 4.492463e-06 4.923596e-07 0.005770633 0.0047288327 0.00015419578 1.2407738e-06 3.099585e-06 0.000118140226 4.0952136e-07 0.00025771957 9.654032e-08 0.24439307 1.9954236e-05 7.6084507e-06 1.5087003e-05 1.9649427e-05 1.4995772e-05 1.0323514e-06 3.803269e-06 4.5393804e-06 2.6676303e-06 3.6373965e-06 1.7334356e-05 1.5600557e-05 3.7197276e-07 6.2413653e-07 9.577602e-09 2.7804406e-06 9.17468e-08 2.1297553e-06 0.023743773 0.023820236 1.252357e-05 2.0380296e-06 1.2620156e-07
0.98166 0.25986406 0.27973396 0.46041518 0.13858062 0.46673596 0.07488227 0.80991524 0.5361565 0.50284356 0.6493233 0.40340742 0.77358294 0.012306064 0.89648914 0.00050861057 2.3840977e-14 0.092299044 0.8070565 0.017291883 0.5884222 0.00014542615 4.0885294e-05 0.0031042313 0.12080368 4.6885543e-05 0.14669143 0.8322349 0.0021186841 0.0751057 0.16188721 0.0040097274 0.22537577 0.1169712 0.014705096 0.03010419 0.05443348 0.0015560031 0.00077968545 0.18854748 0.14198306 0.012837369 0.0009751069 0.0020273158 0.0029078783 0.00050914945 0.013966951 0.00015256192 0.00025676697 0.0045560957 0.20786193 0.0063832942 0.017114019 0.14491992 0.0061295903 0.0031851735 3.1514293e-05 0.010184943 5.356729e-05 0.073274486 4.36969e-06 0.00047613378 0.002293557 0.0008064697 5.2027676e-06 6.146266e-05 0.0002617142 3.6287573e-05 0.034723446 0.02578462 0.0012812065 2.675619e-05 2.0478814e-05 0.0072740857 6.8130257e-06 3.532683e-05 6.752922e-07 0.03138757 1.2033456e-05 1.8720079e-05 5.817234e-06 1.27997655e-05 2.5365575e-06 6.628587e-06 2.454429e-05 3.209645e-06 5.5384126e-06 3.161152e-05 2.7612185e-05 0.00094169134 2.934476e-05 5.609961e-07 1.41543e-07 2.7672579e-07 3.5315273e-07 0.0019233353 0.015176952 0.013758481 0.00024790558 7.1135684e-05 1.1537171e-06
0.9064987 0.18653566 0.62235826 0.613901 0.6230874 0.052289005 0.88874227 0.13528363 0.2193292 0.1691799 0.002167597 0.74131656 0.10914788 0.582176 0.17418958 0.0038779182 0.092299044 1.4820452e-19 0.00089280575 0.980307 0.00045452348 0.0015563178 0.0026988632 0.08515754 6.113124e-06 0.0013202403 9.90337e-06 0.0066565457 0.030896945 0.0007503719 0.3214452 0.49088138 0.049201153 0.12683973 0.6665655 0.63874304 0.0894528 4.0331827e-08 0.069551416 0.033183884 0.00032450835 2.4872043e-06 0.21275014 0.14587694 4.0334558e-06 9.777133e-08 3.1910215e-06 1.7061917e-07 1.4286354e-08 0.028106214 0.00016368582 0.024918921 1.7379274e-06 0.00101115 6.890667e-06 0.0022768348 1.0010111e-08 7.5860044e-06 5.6901373e-09 0.0009284061 4.861575e-10 4.1332214e-07 7.735703e-05 1.0772333e-06 4.167268e-09 8.2898815e-08 8.055226e-07 2.6584948e-08 0.0003836714 8.376814e-05 0.055596177 2.8050702e-09 1.6787422e-07 1.9460625e-05 2.6584728e-09 4.6641242e-05 4.596635e-10 0.0024221623 6.0681527e-05 2.1420696e-07 5.5826703e-08 1.1583325e-05 4.3340762e-08 7.0160437e-09 3.5404634e-07 5.491369e-09 6.6371416e-07 2.8008739e-05 5.0369687e-05 1.4420013e-05 9.0511827e-07 6.888288e-08 3.345278e-08 4.0336673e-08 2.4086724e-08 9.641855e-07 0.009066082 0.006291329 1.2057653e-06 2.2819766e-07 1.3067013e-07
0.8781801 0.054058146 0.002538126 0.06946423 0.004860004 0.30421042 0.00096551894 0.4177185 0.26227742 0.017386984 0.8108717 0.024361677 0.16695774 0.00010918998 0.023073101 3.203876e-05 0.8070565 0.00089280575 7.831193e-19 0.00016188469 0.98553 1.7808616e-05 1.3646905e-07 1.2936586e-05 0.964784 8.2140156e-07 0.44709167 0.427253 3.7656873e-06 0.07464593 0.010880657 6.653768e-06 0.036266036 0.0062573953 0.00014205168 0.00045940504 0.00656028 0.01230058 1.9126026e-06 0.090876594 0.0847725 0.04754449 2.7899046e-06 6.5353575e-05 0.0182425 0.0030659281 0.038826853 0.0016521642 0.0014286683 0.0003449506 0.16630217 0.0010292686 0.027288605 0.029589185 0.01424595 0.0008277374 0.00013652393 0.020445948 0.0006603988 0.11924944 0.000104706676 0.00027682228 0.0006988748 0.0013638566 2.4741303e-05 0.00030817944 0.00044659234 4.718712e-05 0.013083967 0.010187443 1.9787255e-06 3.4680736e-05 4.4911376e-05 0.006523076 2.3888288e-05 0.00012089307 2.0903951e-06 0.008281385 7.3885894e-06 2.4881356e-05 7.386262e-05 1.9775991e-06 9.782207e-06 6.146149e-07 7.2927076e-05 4.716413e-07 4.759462e-06 1.5745293e-06 2.0502358e-07 0.001356049 4.9008804e-07 1.5953974e-06 7.50975e-09 2.5232862e-07 1.05205885e-07 0.0007257362 0.008889614 0.006988322 0.0002091909 0.00011894051 2.9020796e-06
0.5023008 0.062285196 0.3457334 0.2277539 0.35518035 0.005229162 0.65414035 0.022654695 0.005487161 0.06175817 0.00028894894 0.10307321 0.027489223 0.8779886 0.06487214 0.015493716 0.017291883 0.980307 0.00016188469 1.9427682e-19 5.947533e-05 0.0069924253 0.03653544 0.8129187 8.1726995e-08 0.001313423 4.166634e-06 0.002575078 0.5450507 0.00013326753 0.050817396 0.87099254 0.011623279 0.007350978 0.6694659 0.6115336 0.0048217974 9.2853565e-09 0.26609415 0.006993429 0.00015598795 3.8198813e-08 0.26452667 0.091281384 7.1824655e-07 9.456203e-09 2.9646725e-07 1.7677154e-09 2.3458393e-09 0.006614641 3.5286826e-05 0.0017408245 2.2232348e-08 0.00048112395 1.5995572e-07 0.00025070368 4.4924156e-10 9.593051e-07 1.9484632e-09 0.00011274449 4.8284432e-11 1.7722901e-09 1.4834732e-06 5.100726e-08 8.843054e-11 8.208204e-09 6.8917714e-08 5.5023777e-09 0.00020707815 9.4764444e-05 0.008836784 3.7136746e-10 1.2467056e-08 1.3193397e-05 7.0050216e-10 7.9079155e-06 1.8619e-11 0.0017322865 4.945302e-06 1.09479625e-08 3.6121854e-08 4.727313e-06 2.9373566e-09 1.5000432e-09 9.704089e-10 6.050674e-10 1.9397271e-07 4.4398366e-06 4.9535272e-05 1.0899438e-06 9.805187e-07 4.690616e-09 8.377205e-09 2.3044058e-09 8.8234137e-10 1.05853815e-07 0.0022092792 0.0015718462 5.0508195e-08 2.146817e-08 1.4697041e-08
0.8961947 0.024516841 0.0014278631 0.026695866 0.0017813881 0.14262 0.0006335615 0.2596843 0.15241545 0.007188442 0.5059427 0.015667548 0.061575975 4.9233426e-05 0.012307813 1.5813757e-05 0.5884222 0.00045452348 0.98553 5.947533e-05 1.2266542e-19 2.0181691e-05 1.2878557e-07 1.0132963e-05 0.98452085 2.987822e-07 0.40943143 0.34998772 8.155089e-06 0.0575746 0.007803534 5.080293e-06 0.039941534 0.005001607 0.000113128255 0.00021801112 0.0038851497 0.021986153 4.16046e-06 0.11502471 0.040050868 0.08452458 6.329742e-06 3.3764434e-05 0.020451864 0.008866959 0.03625243 0.003464697 0.0019406416 0.00048161054 0.21826313 0.0008322813 0.056982897 0.04155382 0.0038771192 0.00032681963 0.00028526495 0.022017635 0.0014163929 0.14670858 0.00010908798 0.0006669118 0.00020063011 0.0017933568 8.294039e-05 0.0005119772 0.0004705904 4.071025e-05 0.017898295 0.012345878 9.746257e-07 4.123096e-05 4.251649e-05 0.008166507 2.809204e-05 1.4296147e-05 1.394647e-06 0.011214222 9.858124e-07 3.4889376e-06 0.00012623293 1.0704017e-06 7.2912785e-06 1.3319498e-06 0.0001909734 4.7343485e-07 3.275051e-06 9.012036e-07 1.304796e-07 0.0021996296 2.9431106e-07 3.984287e-06 3.4147714e-09 5.2136375e-07 9.0129596e-08 9.3866154e-05 0.008332916 0.006886109 0.00030435616 0.0002555421 4.6541027e-06
0.64509314 0.0005683557 0.0051143724 0.00039507696 0.0022281322 1.983934e-05 0.0013583542 9.519225e-05 3.6035426e-06 0.0025260376 2.528965e-05 6.918703e-05 0.0010868066 0.44531918 0.0016096556 0.98008883 0.00014542615 0.0015563178 1.7808616e-05 0.0069924253 2.0181691e-05 5.3876446e-16 0.97068256 0.10151723 3.600933e-07 0.98813975 5.7772017e-08 0.0005587696 0.20633963 4.145117e-06 0.00043323333 0.017471047 0.004035644 1.0685185e-05 0.0025343683 0.0005712164 1.3278132e-05 7.8946606e-08 0.031515766 0.001499746 1.4448749e-06 2.6723153e-06 0.0018575807 1.1935552e-05 2.9087018e-06 1.6741415e-08 4.3605093e-07 2.9012752e-09 1.537855e-07 1.3890476e-05 0.0016172446 7.770157e-07 2.3042971e-06 0.0027118702 1.7275347e-08 8.275262e-06 2.1567203e-08 4.5628526e-06 6.940742e-07 0.00014050602 2.4601553e-08 1.0729726e-07 3.8839391e-07 5.3775842e-08 3.0834475e-09 2.4886374e-08 1.1754078e-08 3.9454765e-08 0.00057089614 0.00036770542 7.197033e-06 2.143586e-07 1.1153171e-07 2.9106122e-05 4.0898198e-07 6.84299e-05 1.9788274e-08 0.1526873 2.4021806e-06 3.9452226e-07 1.8434156e-07 6.5428567e-06 2.2593844e-07 1.11142235e-07 1.9329029e-08 1.6633642e-08 4.4740545e-07 4.148534e-06 6.335984e-05 2.2620416e-06 9.0189565e-07 4.035325e-10 5.3281894e-08 6.6579533e-09 2.3414508e-08 4.8615726e-07 0.005653349 0.009546722 3.1756942e-09 1.4814668e-10 3.8405922e-08
0.7561955 3.8166498e-05 0.0019950296 4.9377548e-05 0.00065639033 8.5450864e-07 0.0005977634 7.1670943e-06 1.14756915e-07 0.00058821536 4.4210535e-07 4.035491e-06 0.00013719677 0.9600437 0.0011376728 0.8149372 4.0885294e-05 0.0026988632 1.3646905e-07 0.03653544 1.2878557e-07 0.97068256 2.1577979e-16 0.84773505 1.9649638e-08 0.69986063 1.9882693e-09 0.00011213832 0.89373577 3.765822e-07 1.5871517e-05 0.09975306 0.003773136 1.1217767e-06 0.012195634 0.0006271476 2.7863468e-06 4.873972e-09 0.29704297 0.00054023176 9.556472e-07 2.2737616e-08 0.0061254823 0.00025282835 1.3145075e-06 1.0296627e-09 1.3736505e-07 3.0991473e-10 2.1288065e-08 9.428176e-06 1.1448037e-05 2.5833253e-06 7.750149e-08 0.0004922076 1.9897577e-08 3.936879e-07 2.4219265e-08 7.9240934e-08 4.441257e-07 2.659839e-06 1.7889393e-08 2.5883594e-07 1.10089026e-07 5.936363e-09 1.0487926e-08 1.0865133e-07 1.0620726e-08 3.0280938e-07 4.924289e-06 1.3509186e-06 9.695932e-06 1.546194e-08 2.3655123e-07 3.6735717e-08 5.105401e-07 8.4275433e-07 5.1587135e-09 0.04974281 1.0653077e-06 7.605889e-08 1.8455362e-06 2.0144128e-06 2.614391e-07 7.150715e-08 1.8749102e-08 6.255571e-09 1.1208035e-06 1.0097236e-06 2.0889973e-05 4.7407077e-08 2.5270216e-07 1.6139953e-10 3.1318492e-09 2.3526185e-09 2.697877e-09 1.7655843e-07 0.005220666 0.0069694864 9.827308e-09 3.3481598e-10 9.145987e-09
0.40354446 0.005468994 0.08595218 0.012598357 0.03012135 0.00019798487 0.058999915 0.00046724518 8.148683e-06 0.016811727 5.2050727e-05 0.00028658824 0.006033055 0.8852574 0.017724534 0.13241991 0.0031042313 0.08515754 1.2936586e-05 0.8129187 1.0132963e-05 0.10151723 0.84773505 3.5330337e-16 2.1040684e-07 0.015062055 5.2024593e-08 0.00145001 0.9927239 3.6236715e-06 0.0003208308 0.50191313 0.012530284 2.8668295e-05 0.07165879 0.019773321 6.546493e-05 1.6647132e-08 0.20992236 0.0059304 4.259256e-06 4.867405e-07 0.023172071 0.0030614808 2.357748e-06 1.6418336e-07 1.0650721e-06 2.4683935e-09 2.4297503e-08 0.00017804054 0.00031589656 2.6774493e-05 4.421483e-07 0.0015209053 2.7125994e-08 4.79162e-06 5.1184506e-09 1.726658e-05 4.8789882e-08 0.00015703411 2.1163442e-09 3.4738243e-08 2.6382654e-07 1.2618592e-07 3.6353933e-09 5.3672963e-08 1.95636e-07 4.9105246e-08 9.17872e-05 0.00014976514 0.00046272675 1.001256e-07 5.2697622e-08 2.3684739e-05 1.1658643e-07 2.7803162e-06 3.1481577e-09 0.014057774 6.3285137e-07 2.482635e-08 1.2832796e-06 1.9317697e-06 3.1352656e-07 2.0710578e-08 3.730826e-07 4.4827136e-08 8.510035e-07 2.0218757e-05 0.00016312636 2.325626e-06 2.2386098e-07 6.236923e-10 2.5491849e-08 2.6806732e-09 3.897947e-09 2.7419429e-08 0.005814675 0.0059125186 3.8791714e-07 1.0449754e-07 1.0092472e-08
0.9655508 0.0038326313 0.00015936654 0.0025063893 0.000108013424 0.06636143 5.515108e-05 0.048579667 0.05730984 0.0014520171 0.2903295 0.0044834306 0.008724205 2.1067913e-07 0.0047740666 2.7655733e-06 0.12080368 6.113124e-06 0.964784 8.1726995e-08 0.98452085 3.600933e-07 1.9649638e-08 2.1040684e-07 4.4792677e-20 1.0082856e-07 0.43245897 0.10427868 6.566902e-07 0.045198735 0.0015153703 2.1414608e-07 0.007934799 0.0009401402 4.9965147e-06 6.7048422e-06 0.0007221296 0.5047726 1.0940887e-06 0.07303517 0.011375361 0.81770796 1.3273119e-05 8.432862e-06 0.068951644 0.28948364 0.08665923 0.15154923 0.033595543 0.0001665428 0.45335513 0.0006072231 0.49718755 0.011793778 0.0014139581 0.00022680017 0.015506761 0.09685044 0.008526694 0.34680834 0.0019411432 0.053935364 0.00019012582 0.072738506 0.0070242495 0.016119283 0.019646093 0.0030163433 0.06358229 0.0505972 5.855651e-06 0.0006616113 0.001021311 0.0512335 0.00012442932 1.1873248e-05 1.3427209e-05 0.009297936 8.133128e-07 2.8694374e-06 0.00081493246 9.981452e-06 2.6237502e-05 1.802983e-05 0.008247856 7.75318e-06 0.00020589387 5.7045118e-06 6.4830647e-07 0.012611567 7.08272e-07 0.0005074069 3.1663756e-08 5.6108465e-06 2.0850105e-07 9.0462214e-05 0.005269667 0.00678708 0.0054005045 0.011071862 1.850186e-05
0.9837856 1.5879208e-05 0.0003124301 3.672376e-05 1.9764955e-05 1.4611958e-06 6.659682e-05 7.095366e-06 2.2316597e-06 0.00012319743 5.5010037e-07 3.537727e-05 2.4852114e-05 0.051842935 0.00054109306 0.9647551 4.6885543e-05 0.0013202403 8.2140156e-07 0.001313423 2.987822e-07 0.98813975 0.69986063 0.015062055 1.0082856e-07 2.7720778e-13 5.2953567e-07 0.00035207346 0.12266294 5.263042e-06 8.422763e-05 0.008037555 0.0095817745 3.128202e-05 0.0015994925 0.00031006648 2.982985e-05 2.0015193e-08 0.013995704 0.0043222206 1.3294801e-06 2.6656656e-07 0.0013809735 1.4867669e-05 2.3267974e-06 4.0572146e-09 3.3168544e-07 1.8903101e-09 1.9790943e-07 2.1000113e-05 0.00035627303 7.86362e-06 1.9889667e-06 0.016472848 2.5264635e-08 3.566531e-05 2.1582913e-09 8.704533e-06 3.9267624e-07 0.00023605244 1.0195382e-08 3.471215e-08 2.259224e-06 1.5303476e-08 1.960507e-10 2.3470563e-09 7.68454e-09 5.6462125e-07 0.0024994062 0.0007543038 0.00013772388 5.5465495e-07 2.6299602e-07 5.9333754e-05 2.2668141e-06 9.407963e-05 3.6114156e-07 0.89153886 5.894963e-06 2.6204355e-06 4.357809e-06 2.5532347e-05 5.7486227e-06 4.7388594e-06 2.7644708e-08 1.6379761e-06 4.0406997e-07 2.2560922e-05 0.00014935862 1.108899e-06 3.0055548e-07 1.9018975e-09 1.311673e-07 4.892836e-08 1.0941074e-08 6.0272228e-06 0.11812623 0.104687646 1.16707515e-08 4.931131e-10 3.056391e-08
0.9848536 0.002321602 0.0005967669 0.006677856 0.00030395907 0.03437375 0.00019115013 0.053806514 0.45583174 0.0026574102 0.1300728 0.01889454 0.005397279 6.4502126e-07 0.019871041 5.757722e-07 0.14669143 9.90337e-06 0.44709167 4.166634e-06 0.40943143 5.7772017e-08 1.9882693e-09 5.2024593e-08 0.43245897 5.2953567e-07 2.1065073e-19 0.01536087 1.7201337e-08 0.9882558 0.008712341 2.7436588e-08 0.0036377748 0.008514071 3.8190523e-05 0.00010550275 0.0059202313 0.821187 1.0924565e-07 0.021769881 0.4149246 0.18919824 7.7210274e-07 2.9588593e-05 0.5892477 0.053990483 0.66239524 0.06961844 0.15571901 0.0014441849 0.026157169 0.008374362 0.05887171 0.00014574049 0.19178523 0.011239715 0.007241724 0.020244954 0.06103443 0.14759322 0.011607538 0.0035070877 0.027226605 0.006914884 0.0018273513 0.003656285 0.0045952993 0.002545052 0.007869344 0.0032779605 0.0005832216 0.010668711 0.0003246594 0.007980941 0.00024455658 0.0019475775 0.00072494656 0.0018769598 4.896947e-05 0.0001018513 0.005135888 5.6913163e-05 3.245673e-05 0.000130748 0.0016188385 1.44650385e-05 0.0002614151 4.9675086e-06 1.4638932e-06 0.0012236403 6.1278156e-06 3.391644e-05 4.4480746e-08 3.702384e-06 5.5916087e-07 0.0021105562 0.0061003184 0.0052284137 0.0011375215 0.002670978 4.2887525e-05
0.973922 0.027381673 0.060140066 0.056003496 0.012711075 0.033152673 0.009385644 0.1300561 0.029545048 0.21929288 0.053602163 0.027585274 0.45219675 0.017212383 0.7483677 0.004061913 0.8322349 0.0066565457 0.427253 0.002575078 0.34998772 0.0005587696 0.00011213832 0.00145001 0.10427868 0.00035207346 0.01536087 2.612702e-14 0.0014520747 0.0072762333 0.0041889925 0.0008983869 0.9275323 0.0020646362 0.0004903978 0.00084776594 0.0024049922 0.0011725764 0.00022854975 0.5737956 0.0018511119 0.051385604 0.00015868181 0.00024873373 0.0008547891 0.0015462408 0.001163543 0.00046113602 3.9604904e-05 0.00034964224 0.6856885 0.0004217173 0.052642044 0.6091113 6.557703e-05 0.00030108582 6.987938e-05 0.047371317 5.2680465e-05 0.290842 1.0118473e-06 0.0008779575 0.00022727478 0.0017266737 9.015634e-06 8.790545e-05 0.00027225155 7.793319e-05 0.14648649 0.11310517 7.5039876e-05 9.771717e-06 9.886493e-05 0.037458804 1.7936809e-05 4.3857868e-05 9.777528e-07 0.11285181 9.2726805e-06 1.858021e-05 9.368573e-06 1.3697366e-05 2.8452305e-05 2.5874195e-05 2.8040728e-05 5.602805e-06 3.3260784e-07 0.0003576347 3.5063313e-05 0.0029244784 1.5433583e-06 2.8399077e-06 9.013393e-07 3.8141334e-06 2.512192e-08 0.0017235618 0.051370915 0.051615156 0.00018090845 2.7850201e-05 6.8752644e-07
0.8052117 0.0005660527 0.08606077 0.01127645 0.007168278 4.4994842e-05 0.016007781 0.00038369116 5.5996206e-06 0.014523324 2.7245114e-05 0.0002520236 0.002925106 0.55468106 0.021550061 0.24432248 0.0021186841 0.030896945 3.7656873e-06 0.5450507 8.155089e-06 0.20633963 0.89373577 0.9927239 6.566902e-07 0.12266294 1.7201337e-08 0.0014520747 5.016686e-16 9.65388e-07 0.00038242136 0.69044316 0.025968183 2.6420676e-05 0.19709331 0.04604685 4.5459066e-05 6.1314074e-09 0.8294466 0.013777381 1.6438601e-06 7.8721364e-08 0.22226086 0.021841565 1.6551218e-06 7.789208e-09 6.146316e-08 4.22867e-10 3.9610622e-08 0.00050895015 0.0002760193 0.00022819256 2.0415652e-07 0.0015192939 2.7312948e-08 2.0869284e-05 6.6609224e-10 5.393177e-06 4.652988e-08 0.00023606572 1.5171935e-08 5.566551e-08 8.928524e-07 3.0681782e-08 5.5733335e-10 4.7810684e-09 3.5568142e-08 3.6743213e-08 1.1410433e-05 2.5223771e-05 0.030954529 1.9308514e-07 6.02038e-08 6.904639e-06 9.7146184e-08 6.796562e-06 3.7710166e-08 0.045456875 4.820955e-06 4.0423547e-08 5.484451e-07 6.953685e-06 8.0456566e-08 8.194193e-08 1.0566379e-07 2.5524736e-08 1.4775071e-07 0.00019357313 0.0012467052 1.486749e-06 2.0040713e-06 2.970478e-10 2.5414352e-07 3.059592e-09 4.2574593e-09 1.4323427e-07 0.018342072 0.013879441 9.9036896e-08 1.1561147e-08 7.913335e-09
0.82263285 0.011239838 0.00252394 0.014934284 0.00400475 0.066003636 0.0026895953 0.058560748 0.36001801 0.0036425637 0.086234085 0.05977077 0.0085509 2.7583694e-06 0.01311141 1.3181147e-05 0.0751057 0.0007503719 0.07464593 0.00013326753 0.0575746 4.145117e-06 3.765822e-07 3.6236715e-06 0.045198735 5.263042e-06 0.9882558 0.0072762333 9.65388e-07 1.7823315e-16 0.069769785 8.271214e-06 0.00086545997 0.057152256 0.00027876973 0.0011364892 0.123467445 0.13120833 4.715736e-06 0.009942829 0.95271266 0.010417431 3.7812933e-05 0.0009280918 0.68421733 0.008259391 0.8636806 0.010370665 0.018251628 0.003988302 0.0029268067 0.025438134 0.0029568102 6.4022024e-05 0.3897348 0.036024477 0.0013861852 0.0014992654 0.025857393 0.01553856 0.00202627 0.00054233504 0.037087098 0.0009256623 0.0008235567 0.0015371428 0.0004550878 0.00046703804 0.00092954276 0.00032297976 0.0015718455 0.0030824617 0.00044036936 0.0004885882 8.9800866e-05 0.0065484378 5.3742242e-05 0.0010569465 0.00051544677 0.00072739465 0.0029608044 0.00014481637 2.8182656e-05 7.850148e-06 0.00017787052 1.15705525e-05 0.0001748402 3.32261e-05 3.724841e-06 0.0003204944 1.2862625e-05 2.2271344e-05 7.517837e-08 3.4285795e-06 2.2051354e-07 0.005341533 0.0038408528 0.0028274646 0.00028739483 0.0005112197 3.764763e-05
0.74498504 0.11744433 0.24619065 0.50366306 0.14364412 0.15095961 0.35867187 0.4665305 0.57999456 0.052674145 0.02988723 0.81747144 0.069038704 0.0028254862 0.060005862 0.00036982185 0.16188721 0.3214452 0.010880657 0.050817396 0.007803534 0.00043323333 1.5871517e-05 0.0003208308 0.0015153703 8.422763e-05 0.008712341 0.0041889925 0.00038242136 0.069769785 6.2681724e-20 0.011911213 0.007503377 0.98522705 0.26629618 0.71674657 0.9831896 4.646353e-05 0.0034291947 0.01754279 0.3024481 3.7939288e-05 0.12827654 0.52870065 0.00035417016 5.1016314e-06 0.0036264241 3.557722e-05 5.4886286e-06 0.68675846 0.00086120906 0.5720208 1.5927819e-05 0.00025988164 0.06593478 0.2529441 1.829972e-07 2.6926646e-05 7.1862514e-06 0.0017586264 9.3944195e-08 1.2711758e-06 0.12393324 4.252819e-06 4.6884896e-08 7.861719e-07 4.106577e-06 3.1024744e-08 0.00031318393 4.4351666e-05 0.4231703 3.964424e-07 2.4200688e-07 1.4935756e-05 2.4507884e-08 0.027528364 2.4216111e-09 0.00093731267 0.008511607 0.00031843488 1.7956395e-06 0.0009591173 1.18374075e-07 4.7659935e-08 6.1217673e-07 2.5909936e-08 7.5993165e-07 0.0001995099 7.011028e-05 1.806658e-05 0.00021895353 7.0508094e-07 7.524934e-07 1.01003906e-07 3.544942e-08 0.00045178382 0.0035450812 0.00311728 1.3177213e-05 1.2905631e-05 1.403785e-06
