2.6704667e-24 0.99540865 0.917883 0.7168675 0.9441779 0.97807246 0.9178131 0.8041754 0.9722045 0.9813328 0.99637055 0.93280184 0.78763163 0.98540705 0.9743849 0.93377167 0.7295714 0.5373299 0.39646006 0.97381675 0.9868446 0.3847657 0.84375197 0.75404525 0.91265154 0.20562562 0.98511136 0.11300939 0.2906774 0.66476226 0.34016356 0.86802447 0.9954274 0.8339199 0.19334032 0.710692 0.9973416 0.37533882 0.89375514 0.21567409 0.47347438 0.39587626 0.93664086 0.9997409 0.01401699 0.3086664 0.050131142 0.9647998 0.37324867 0.04246816 0.401993 0.15479867 0.7936428 0.9832754 0.08994667 0.019462885 0.015866335 0.99974734 0.014164397 0.05261015 0.9449972 0.19222666 0.94146186 0.0043129376 0.82281226 0.24168432 0.051355723 0.99876934 0.05052864 0.13462332 0.27604446 0.12600861 0.7346256 0.7726223 0.008708407 0.036400758 0.4954941 0.0036702089 0.041933622 0.004059747 0.08835509 0.011601397 0.0057383506 0.9999783 0.0023068856 0.0009594786 0.00013103636 7.0453084e-06 0.9904174 0.018009555 0.00034262787 0.0045766 2.973141e-05 0.00012172383 1.4927197e-05 4.505049e-05 5.1300453e-06 3.2843953e-05 0.000118843105 0.010292363 0.00010209783
0.99540865 5.5806565e-16 0.09092109 0.14519596 0.09798884 0.9114759 0.0049014445 0.014277958 0.14629048 0.0013589236 0.67907697 0.6318263 0.044449378 0.17921259 0.115750074 0.00046333545 0.7836034 0.39911845 0.006457978 1.1019616e-05 0.20840606 0.34002057 0.00023419311 0.0002714766 0.0013566972 0.312065 0.0031459117 0.14815973 0.032644697 0.016705861 0.06719375 1.4330484e-06 0.027906235 6.3650873e-06 0.004320797 0.25200316 0.0027466647 0.18067169 0.0008126693 0.37376153 3.7145128e-07 0.011108192 3.7751102e-05 0.305035 0.0857659 2.2021973e-07 0.002356715 0.1287423 0.030409433 0.002907379 0.0005977827 0.0041449 5.3596875e-07 0.046748012 0.034445286 0.0891657 0.021060279 0.1712464 0.0119228065 0.0028493092 0.00037594885 2.208233e-07 0.010237368 0.00638901 0.00027221936 6.6714805e-05 0.00018105359 0.025291435 2.7448903e-07 4.2304714e-07 3.0558013e-07 2.9037696e-07 8.459963e-07 0.0064181 0.001289413 5.1113e-07 0.0011310948 0.00015996008 0.00036572752 4.363987e-07 4.190397e-06 2.2358797e-06 0.00015962755 0.009334355 0.00078589946 0.0081660515 0.000687655 0.00050812965 0.00015454055 1.5524405e-05 7.607083e-05 0.006676777 0.00062165293 0.0019248188 1.2252062e-05 0.0025078275 0.00014492578 3.568273e-05 3.2665277e-05 2.0939458e-05 5.3334115e-06
0.917883 0.09092109 2.8421866e-17 0.88494396 0.9031428 0.139783 0.5118083 0.33351663 0.78939015 0.122039296 0.7694544 0.13495192 0.4746815 0.003541293 0.54996693 0.029757347 0.01360616 0.0314831 0.060907427 0.021843497 0.19691934 0.0003133202 0.011231122 0.015304069 0.032671712 0.003156144 0.028566748 5.7644585e-05 0.00025639284 0.13132088 1.5415974e-06 0.0022210176 0.0009769509 0.0010893489 0.00048765767 0.11317239 0.029078271 0.01082502 0.009521141 0.0012473104 0.00026658882 0.059499994 0.0018772105 0.0028983804 0.00021482141 2.9406056e-05 5.8810033e-06 0.06460417 0.03413157 9.717913e-05 0.01508981 0.010614678 5.6774166e-05 0.031958908 0.00048845547 1.3132088e-05 0.016097678 0.040218778 0.006879427 0.015090823 0.009852858 5.8172318e-05 0.00029494005 1.5934367e-05 0.003372524 0.0012060541 0.0025462878 0.0006651669 2.8909875e-05 4.2195683e-05 1.2347284e-05 2.4850112e-06 0.00012393689 0.00023648009 6.0386355e-05 3.839851e-05 2.3467948e-05 6.892656e-05 0.0044959844 2.7821132e-05 4.019567e-06 9.9110286e-05 8.162761e-06 0.011522553 0.0032568898 0.0003743341 8.011841e-05 3.7633786e-06 0.0024499008 0.00032179206 0.0009919808 0.002448685 4.1983623e-07 0.00018531697 1.1339433e-05 1.9093906e-05 5.7383666e-05 0.000529093 0.0004772018 6.312808e-08 0.00022867229
0.7168675 0.14519596 0.88494396 2.0470187e-16 0.68287885 0.36543128 0.8208655 0.9268035 0.53606504 0.17422634 0.28133193 0.23600957 0.76827717 0.009426348 0.32392067 0.020668704 0.03418772 0.0954585 0.14138062 0.025483446 0.14746666 0.0016696167 0.018990433 0.018882837 0.023951152 0.014712202 0.026838515 0.00087301934 0.00073030184 0.14858264 6.323027e-06 0.0022283052 0.0013088192 0.0018379574 0.00079662265 0.09258846 0.019701898 0.016161153 0.0152258435 0.0029722736 0.0008356953 0.073800266 0.0034863537 0.0038386285 0.0013629465 0.0002547178 1.8856183e-05 0.029396707 0.051087435 6.784281e-05 0.021407267 0.015702521 9.108159e-05 0.018582497 0.001553393 0.00019529648 0.034687065 0.021293396 0.01486704 0.027917184 0.009459487 0.00015380379 0.0007061452 0.00020238964 0.0025295222 0.007106517 0.0063099824 0.0007749972 6.3086045e-05 9.71028e-05 5.262016e-05 3.999555e-05 0.00026303408 0.00064051803 7.127544e-05 0.00013498924 3.4224955e-05 7.2205345e-05 0.012359273 5.8681093e-05 1.6676791e-05 0.00037690057 1.0079039e-05 0.006621899 0.006752768 0.0008727192 0.0002407387 2.9659988e-05 0.00097238284 0.0023329244 0.0031467383 0.009671759 1.7732326e-06 0.0013249824 1.3720467e-05 0.0001741036 5.0887716e-05 0.0027393047 0.001955905 1.1130794e-07 0.0010408796
0.9441779 0.09798884 0.9031428 0.68287885 6.768607e-17 0.19276157 0.4881946 0.37117538 0.8360611 0.20911457 0.7870811 0.17619762 0.5809456 0.0031200089 0.6988628 0.062044766 0.008623342 0.031141879 0.12716824 0.038077608 0.3403327 0.00022906713 0.019621635 0.017883835 0.06907197 0.0029281944 0.053351227 2.6338457e-05 0.00014264914 0.24150379 2.2757015e-06 0.0025046961 0.0010388155 0.002270303 0.00029284414 0.16776194 0.037178278 0.010917593 0.014022371 0.00088867726 0.00037482797 0.110376805 0.0024071527 0.0017401796 0.00015954523 6.481853e-05 5.1768575e-06 0.16673508 0.041703887 5.1278952e-05 0.016488958 0.014150988 0.00010255503 0.074485786 0.00016227282 1.1106701e-05 0.008098849 0.088672616 0.0032814106 0.014426728 0.019049233 4.4963745e-05 0.00045008387 5.48988e-06 0.0069238283 0.0010616911 0.0017051242 0.0005209592 3.0315468e-05 1.771295e-05 4.367749e-06 1.4383253e-06 0.00012073995 0.0005292275 2.5708561e-05 4.395193e-06 2.1902504e-05 1.9876592e-05 0.0031550094 1.9658197e-05 4.0139703e-06 0.00018922609 6.5955064e-06 0.020444034 0.0025099486 7.871795e-05 9.322984e-06 1.2637855e-06 0.00278557 0.0001320068 0.00055875845 0.0029054582 1.3165179e-07 8.308875e-05 1.5248407e-06 9.879118e-06 5.3009047e-05 0.00026343198 0.00019726247 1.4128182e-08 9.156146e-05
0.97807246 0.9114759 0.139783 0.36543128 0.19276157 1.5175115e-16 0.017006168 0.028502438 0.21728417 0.006433144 0.26332083 0.85328895 0.12407297 0.032545608 0.115449786 0.0012831409 0.48784706 0.69925886 0.024662051 3.2008524e-05 0.16200244 0.11998815 0.0006474209 0.0006381575 0.0035755404 0.30789134 0.0144631155 0.04113131 0.002716671 0.04257012 0.0100277085 3.6452966e-06 0.012106832 1.5970636e-05 0.0008458161 0.35952708 0.0032070184 0.2319786 0.0013299038 0.27021757 1.0147396e-06 0.025959503 0.0001598326 0.059378404 0.045794815 2.2951713e-06 0.00044265046 0.069697075 0.10484736 0.00024629914 0.0030272466 0.015644467 2.276537e-06 0.020904843 0.06404554 0.04758537 0.06779837 0.055560138 0.038964722 0.015673093 0.00048546493 7.198862e-07 0.001975038 0.0020690623 0.00028908427 0.000102733095 0.0006433064 0.0024284397 4.666705e-07 7.041206e-07 1.2894798e-06 4.2764628e-07 1.6895118e-06 0.0011047197 8.021451e-05 5.5057406e-08 0.0002838462 3.809304e-05 0.0009413434 1.2269729e-07 3.343658e-06 1.0356302e-06 2.9825527e-05 0.004911006 0.0049545765 0.011158673 5.6199053e-05 0.00023456482 0.00012747243 2.1486761e-05 0.00047880528 0.036348283 5.538241e-05 0.0056581604 9.1585474e-07 0.0035154475 2.7211254e-05 0.0003475399 4.3995606e-05 1.8588192e-06 4.5380684e-06
0.9178131 0.0049014445 0.5118083 0.8208655 0.4881946 0.017006168 1.7867834e-16 0.91617304 0.33391252 0.67711884 0.079516955 0.018977018 0.32530287 1.6598964e-05 0.5924613 0.62695605 5.3976724e-05 0.0026925262 0.09575741 0.2216812 0.27483183 1.5327496e-05 0.0480336 0.04681434 0.28039762 0.0011191459 0.26850313 8.18846e-06 3.1907126e-05 0.16247864 1.2501679e-06 0.041435387 1.4543399e-05 0.027954023 0.00012540285 0.010450787 0.12610918 0.002061906 0.037240487 0.00054635905 0.012498682 0.035434924 0.013969341 0.00018469254 0.00015133338 0.00507039 2.7493427e-06 0.12070095 0.003906617 1.7345279e-06 0.021371523 0.007803055 0.0012063015 0.07067673 0.00034389884 3.5247544e-05 0.006336807 0.09165973 0.001936179 0.009399278 0.04032051 0.0030475727 4.2799984e-06 7.3811214e-05 0.016302185 0.012113248 0.0055225003 3.065811e-05 0.0011260288 0.00073146936 0.0010432015 0.00058746303 0.00186482 3.3341545e-05 1.6409555e-05 0.0014379269 3.6159147e-08 6.1621627e-06 0.0069342954 0.0011155464 0.00048448602 0.0030620154 1.6801748e-06 0.025378942 0.0016397471 0.00011872904 8.484218e-05 9.784824e-07 0.010779163 0.002093269 0.0011007865 0.000507929 5.3600155e-07 9.970868e-05 2.4576884e-06 2.213536e-05 9.766704e-06 0.00017209757 0.00065165013 2.3402855e-08 0.00076425023
0.8041754 0.014277958 0.33351663 0.9268035 0.37117538 0.028502438 0.91617304 5.721523e-17 0.3028776 0.8819641 0.017743427 0.05902043 0.80590117 3.9088285e-05 0.26995414 0.15347855 0.0016681167 0.016767902 0.28557488 0.20275904 0.1493628 3.9832517e-05 0.118943356 0.112321116 0.04870826 0.003817416 0.11324729 2.1831913e-05 3.600703e-05 0.28852504 6.76166e-07 0.04473421 1.4335113e-05 0.020065762 3.58284e-05 0.062708415 0.089269586 0.008406172 0.12526862 0.00075752585 0.031000718 0.14401415 0.0081988145 0.00019612686 0.00030088835 0.009502477 1.0985593e-06 0.048402037 0.041652802 4.4552053e-07 0.097919025 0.042676907 0.0016484656 0.02267342 0.00040334562 8.76473e-05 0.01567192 0.053423665 0.008160582 0.029742671 0.027703831 0.0014769325 2.428004e-06 1.6552947e-05 0.013107411 0.054607533 0.022747274 1.9913079e-05 0.00029632944 0.0003030369 0.00044311275 0.00019775351 0.0012222897 2.2339456e-05 4.8951842e-06 0.0018587308 1.9996993e-08 4.245867e-07 0.03492989 0.00081227423 0.00037595746 0.00474745 1.8242655e-07 0.014997102 0.00898058 0.00012679832 9.930864e-06 3.4046927e-06 0.010011574 0.0137751615 0.004593203 0.0047026766 1.9199976e-07 0.00023780309 1.0385103e-06 5.4409975e-05 9.463327e-06 0.0020989883 0.0018480789 2.0604303e-09 0.0024581198
0.9722045 0.14629048 0.78939015 0.53606504 0.8360611 0.21728417 0.33391252 0.3028776 2.4371062e-16 0.13619594 0.86640954 0.19746524 0.50482625 0.002553085 0.803961 0.02549846 0.006983968 0.033633832 0.11262485 0.032131784 0.45355672 0.000105930325 0.01364003 0.012033434 0.048084307 0.0047446205 0.052215375 5.7747202e-05 0.00013673841 0.2189315 8.365003e-06 0.0016193101 0.0013180118 0.0017913971 0.0001344586 0.13974999 0.027602104 0.014785836 0.015622854 0.0020590792 0.00019856576 0.09728142 0.0024497067 0.0018744473 0.00020851968 7.267283e-05 1.2654407e-05 0.21534589 0.03957071 3.4929082e-05 0.018124228 0.012110592 0.00011997367 0.10565953 0.00047828478 3.4427194e-05 0.008845511 0.14375615 0.0056456877 0.015631126 0.010824417 7.148947e-05 0.000840905 1.3241776e-05 0.004789215 0.00082773226 0.002430409 0.0007139909 1.7829907e-05 3.259156e-05 1.3680577e-05 3.1061575e-06 0.00016738864 0.0013522123 6.652237e-05 9.514464e-06 8.5144035e-05 4.1595813e-05 0.0033348196 1.9218114e-05 2.2559773e-06 0.00014628927 7.37997e-06 0.03059355 0.0046013175 0.00021981259 5.0451486e-06 3.468569e-07 0.0024956572 6.153528e-05 0.000585537 0.0031425247 2.691702e-07 0.00010185646 3.1985425e-07 1.1406211e-05 1.2775534e-05 0.00020851709 8.5914515e-05 4.0157044e-08 1.9750747e-05
0.9813328 0.0013589236 0.122039296 0.17422634 0.20911457 0.006433144 0.67711884 0.8819641 0.13619594 1.0633906e-15 0.0028280835 0.009319619 0.48594266 9.462685e-08 0.19222037 0.46037903 2.4016526e-07 0.00032778727 0.34859306 0.80953777 0.14016853 2.916496e-08 0.5068623 0.48948675 0.11694167 0.0006313781 0.2864773 1.4359322e-06 1.5354583e-08 0.5774315 7.208201e-08 0.30764565 8.002081e-07 0.06742647 2.192311e-07 0.032029487 0.1958984 0.0061262557 0.540093 0.00027332312 0.2582287 0.2996159 0.015418851 1.9747753e-05 6.307774e-05 0.14247449 1.1540467e-07 0.0792169 0.020180847 4.838746e-09 0.37605324 0.1483033 0.018751305 0.021521859 0.0004583346 1.6714544e-05 0.010338818 0.08015905 0.0041816244 0.029483885 0.035962194 0.004531005 2.5285763e-07 2.697418e-06 0.016248623 0.25835624 0.15128855 4.2823294e-06 0.0005847794 0.0002722487 0.00037418044 0.001946779 0.002368925 4.3708303e-07 5.296738e-08 0.03999349 8.4830525e-09 1.8305744e-07 0.14877813 0.008453754 0.0065723597 0.05964217 6.89419e-08 0.033184376 0.010211065 2.9503726e-05 1.2060598e-06 1.3522934e-07 0.02483367 0.12412672 0.003350251 0.00042926625 5.045783e-08 3.2207376e-05 1.1842884e-07 5.191883e-06 5.8885125e-06 0.0013214169 0.003432252 8.957868e-10 0.008195566
0.99637055 0.67907697 0.7694544 0.28133193 0.7870811 0.26332083 0.079516955 0.017743427 0.86640954 0.0028280835 1.1296799e-20 0.08494562 0.010724674 0.108721934 0.75301117 0.005182035 0.17284139 0.018316107 0.000964916 0.00013185079 0.7810164 0.005428766 0.00014751006 0.00018231917 0.0065970197 0.004648968 0.025389375 0.0003705143 0.0044143805 0.0005049874 7.5155476e-05 2.0953381e-05 0.033104524 9.600391e-05 0.0026194802 0.000698163 0.005581242 0.00036357058 2.6838197e-05 0.0008083855 1.681866e-06 0.000118840275 0.00045582076 0.11710706 9.116572e-05 2.420856e-07 4.7188467e-05 0.33102623 9.635044e-05 0.0023423277 5.372059e-06 2.2425524e-05 2.3640575e-07 0.19226651 2.3834105e-05 1.7013303e-05 2.4168377e-05 0.2629546 5.989928e-05 2.3016562e-05 0.0009048322 6.859445e-06 0.025457444 9.970259e-05 0.0001900178 2.8691336e-06 1.4596734e-06 0.014166975 1.415011e-06 2.66987e-06 1.640346e-06 1.8831247e-06 7.128397e-06 0.013529896 0.0022233806 1.0265786e-06 0.004144505 0.0020468507 4.564737e-06 2.5718344e-07 4.231323e-07 2.7280993e-07 0.00026255613 0.031257495 1.319514e-06 1.0124955e-05 6.881917e-05 1.04263805e-07 9.662244e-05 1.0165911e-05 2.8202712e-07 5.7496477e-06 9.452853e-08 9.391868e-06 8.079203e-06 5.563144e-06 4.484168e-06 2.8604717e-07 5.4745425e-07 4.312323e-05 1.2581863e-06
0.93280184 0.6318263 0.13495192 0.23600957 0.17619762 0.85328895 0.018977018 0.05902043 0.19746524 0.009319619 0.08494562 1.783304e-16 0.16835868 0.013384694 0.07696074 0.0009398843 0.23127925 0.9280901 0.063248836 5.5102606e-05 0.0777537 0.047398552 0.001706838 0.0017171141 0.0022718853 0.5247551 0.0063598393 0.07421475 0.0009847742 0.065287545 0.0036128715 1.290451e-05 0.01171002 4.1543954e-05 0.00063182745 0.64417493 0.001969145 0.48164988 0.00315297 0.5130029 1.0692299e-05 0.05156603 0.0001802776 0.015095553 0.078862466 1.37605e-05 0.0003388718 0.013440297 0.28275067 0.000121871686 0.005405505 0.027301434 1.9447368e-06 0.003632114 0.2338738 0.06829285 0.16527952 0.015455972 0.10382334 0.05851386 0.0006447987 3.946643e-06 0.0009789258 0.0005594596 0.00021447874 0.00057908514 0.001047857 0.0013050222 3.763745e-06 2.8536833e-06 7.3739334e-06 1.1523689e-06 1.8496974e-05 0.0009199709 5.261956e-05 5.355294e-07 0.00031013714 2.7626143e-05 0.0020494142 8.0674425e-07 4.643418e-06 3.829876e-06 1.3515419e-05 0.0029093192 0.015628554 0.037691947 2.2246126e-05 0.000347486 0.00022863303 1.9486271e-05 0.0022466625 0.12769076 9.426948e-05 0.020228243 2.4929727e-06 0.012176591 2.8781295e-05 0.0016509143 0.00019640631 1.9123913e-06 3.2607262e-05
0.78763163 0.044449378 0.4746815 0.76827717 0.5809456 0.12407297 0.32530287 0.80590117 0.50482625 0.48594266 0.010724674 0.16835868 2.9682824e-20 0.0001273977 0.31655455 0.021930631 0.0010371594 0.06901174 0.97928554 0.03625727 0.12163315 4.9184575e-05 0.26553798 0.1860717 0.019503739 0.0066613504 0.09815288 0.00015073606 6.764928e-06 0.5481575 3.659e-07 0.0013102934 5.8941056e-05 0.00037811382 1.1203981e-05 0.20133871 0.03585235 0.01584679 0.12600484 0.0033167726 0.0034828675 0.25571683 0.0006078987 0.0005181068 0.0011359161 0.002390962 3.9488137e-07 0.013822905 0.16004954 2.275661e-07 0.09725726 0.08054859 0.0001454865 0.0061787404 0.0025481544 0.00027326107 0.055767912 0.010622036 0.018610701 0.090075895 0.0021704328 1.8139901e-05 4.619322e-05 1.9555151e-05 0.0010095702 0.042599056 0.034851838 0.00019787539 5.880381e-06 4.893984e-06 5.222583e-06 7.979867e-05 2.9849116e-05 4.6271725e-06 3.354007e-07 0.00036923346 1.0001514e-06 1.927073e-07 0.08455733 0.0006546206 3.552945e-05 0.0057030492 4.8686044e-08 0.0034340757 0.050457012 0.0005740499 1.0662479e-06 2.3632485e-07 0.0012324298 0.039346285 0.023708116 0.041812286 6.878058e-09 0.0010423737 2.1506686e-07 7.3264923e-06 3.7835819e-06 0.010542641 0.010967104 1.4164547e-09 0.010369759
0.98540705 0.17921259 0.003541293 0.009426348 0.0031200089 0.032545608 1.6598964e-05 3.9088285e-05 0.002553085 9.462685e-08 0.108721934 0.013384694 0.0001273977 5.4511314e-16 0.002802008 3.264178e-06 0.58711326 0.0027916522 3.088657e-05 1.4200911e-08 0.022447258 0.21457244 4.6006372e-07 2.2066459e-07 9.741918e-05 0.0047412943 4.0433944e-05 0.0145437475 0.78815895 8.075733e-07 0.5233721 1.9990574e-09 0.53159153 3.2856798e-07 0.8950702 8.335458e-06 7.275348e-05 0.00019469006 5.3997337e-06 0.0011382665 4.373711e-09 5.604368e-07 1.1052069e-06 0.9099638 0.0005919537 4.4216897e-09 0.23894094 0.030275224 5.962028e-06 0.59652823 7.948676e-08 2.943084e-06 4.4082523e-08 0.017086158 2.9326491e-05 6.5306354e-05 4.6746627e-06 0.03254101 8.69573e-06 1.2505196e-06 4.7265756e-05 2.7481928e-09 0.038262937 0.008025005 8.0608015e-06 2.029248e-06 4.317075e-07 0.10164436 2.0435305e-09 1.3647398e-09 1.9269166e-09 1.4038044e-07 8.718427e-09 0.0028806834 0.04521048 5.8616344e-08 0.00023003363 0.007576736 1.3896113e-06 3.572064e-08 2.0173713e-06 1.0008494e-07 0.008531375 0.0070151654 1.0920487e-06 2.4078401e-05 0.0023963233 8.057782e-06 8.1402476e-08 6.268378e-06 8.3572473e-07 3.2079854e-05 4.7481848e-05 4.436172e-06 0.00027641153 8.956075e-06 0.00014730325 1.730767e-06 3.3822425e-06 0.00038800616 5.3592307e-06
0.9743849 0.115750074 0.54996693 0.32392067 0.6988628 0.115449786 0.5924613 0.26995414 0.803961 0.19222037 0.75301117 0.07696074 0.31655455 0.002802008 1.8175968e-15 0.11642945 0.0040220288 0.009912455 0.047698494 0.06771044 0.91410303 0.00023146292 0.021297062 0.014806855 0.24777566 0.0019303354 0.17032887 0.000120624856 0.00037841196 0.08359933 1.1870009e-05 0.010017596 0.0020964306 0.011031905 0.0002713839 0.012989912 0.06334522 0.002767708 0.03330618 0.002414512 0.003835657 0.016742455 0.0061946204 0.0009926362 0.00063119177 0.0011143996 3.1104068e-05 0.5761422 0.0053918255 6.978734e-05 0.009711318 0.0025458278 0.00056175666 0.30695933 0.00033540282 0.00042419657 0.0030020848 0.1462387 0.002801019 0.0030960625 0.013675452 0.002082326 0.0005843886 6.5797605e-05 0.0060291984 0.003203965 0.0020425986 0.00035504077 0.00078922295 0.0009477746 0.00060185103 0.00017619856 0.0014609757 0.0014590834 0.00044962246 0.0008870922 7.958701e-05 0.00038915031 0.0067441696 0.0004050552 0.00057929393 0.00071748026 6.0182032e-05 0.044812508 0.004316234 0.0008114164 4.655352e-05 3.4543336e-06 0.005361051 0.0019735065 0.0014061888 0.0067325546 2.6608095e-05 0.000413729 1.2935217e-05 7.2078896e-05 4.130223e-05 0.00072424795 0.001343362 1.0746013e-06 0.0008118715
0.93377167 0.00046333545 0.029757347 0.020668704 0.062044766 0.0012831409 0.62695605 0.15347855 0.02549846 0.46037903 0.005182035 0.0009398843 0.021930631 3.264178e-06 0.11642945 5.774148e-16 1.4814248e-06 3.7541577e-05 0.014592017 0.6281109 0.078570336 3.2611118e-07 0.116422124 0.077008404 0.907919 2.3979152e-05 0.49793312 1.9915659e-07 1.5665328e-06 0.01989155 1.6081248e-08 0.40539238 1.873258e-05 0.7179233 8.9195e-06 0.00022500148 0.54389817 3.334991e-05 0.054919075 1.5757108e-05 0.17211902 0.0016200925 0.7523333 4.5220644e-05 2.735111e-06 0.06147589 2.6725369e-08 0.10825558 0.0001290309 1.0394782e-08 0.0039695604 0.0005675173 0.07568913 0.093463995 3.959918e-06 1.706313e-06 4.4012686e-05 0.062922254 1.7942213e-05 0.00011986479 0.42090985 0.07442909 4.8225763e-07 1.8005492e-06 0.12440433 0.011336547 0.0003397089 1.8873318e-06 0.016896386 0.018350812 0.018201178 0.004829158 0.01645115 7.29542e-07 1.4183027e-07 0.007506572 9.367809e-09 2.9423387e-07 0.00016155757 0.0008374382 0.0033985863 0.0013548048 3.325062e-08 0.060319852 1.2807665e-05 8.279674e-06 1.701143e-06 9.637506e-09 0.029840928 0.0009533234 9.138443e-06 3.5960445e-06 3.0115772e-09 5.4453917e-06 5.0797446e-08 1.2241578e-06 4.875521e-07 3.1034274e-06 2.4180643e-05 9.857339e-10 4.0888644e-05
0.7295714 0.7836034 0.01360616 0.03418772 0.008623342 0.48784706 5.3976724e-05 0.0016681167 0.006983968 2.4016526e-07 0.17284139 0.23127925 0.0010371594 0.58711326 0.0040220288 1.4814248e-06 3.2261585e-21 0.31305316 0.0012652419 5.5711156e-09 0.015344187 0.97464544 4.0722693e-06 1.0331394e-06 0.00018018871 0.3386376 4.335346e-06 0.8086307 0.32756707 0.00012399732 0.67873275 3.6351089e-09 0.048346534 7.827757e-08 0.067332014 0.00040165897 1.1377617e-05 0.006051705 1.4593409e-06 0.056990128 4.2639847e-09 7.2795156e-06 2.770836e-07 0.043664083 0.023032747 8.4408425e-10 0.05549352 0.0112792635 8.537178e-05 0.0030446022 2.720728e-07 2.6323994e-05 3.522926e-09 0.0087492885 0.0008260305 0.013523761 0.0004586851 0.014370785 0.000165403 1.2815657e-05 1.1015399e-06 1.8779927e-07 0.025102405 0.07818947 1.8023599e-06 4.923639e-07 2.3748068e-07 0.011836194 4.5197165e-08 2.7670701e-09 2.0510758e-08 4.6688953e-07 7.713208e-08 0.005261512 0.0004565506 2.209299e-07 0.0012024863 0.0004663324 4.2577312e-07 2.8234845e-07 1.980419e-06 1.4164927e-07 0.0002288396 0.0025222364 1.9275426e-06 0.0010685067 0.0011369489 0.00022842751 1.3855336e-05 3.820027e-06 3.971552e-06 1.9704483e-05 0.00079234294 0.00035820642 2.843584e-05 0.0004386697 0.00059635553 5.4824977e-06 1.7156555e-05 6.7803354e-05 8.177752e-06
0.5373299 0.39911845 0.0314831 0.0954585 0.031141879 0.69925886 0.0026925262 0.016767902 0.033633832 0.00032778727 0.018316107 0.9280901 0.06901174 0.0027916522 0.009912455 3.7541577e-05 0.31305316 2.925992e-18 0.03594665 1.9660683e-06 0.009635059 0.120710656 0.0003567468 0.0002342103 0.00015997641 0.914853 0.00012701811 0.44341427 0.0008535236 0.033099353 0.0027988004 8.7278784e-07 0.0018419011 4.1944345e-06 0.00028250454 0.5945773 5.4102315e-05 0.49968085 0.00091379584 0.6761231 7.986734e-07 0.012098587 3.2310913e-06 0.0026078 0.19850853 6.665585e-07 0.0001189236 0.002416446 0.16956657 2.2178658e-05 0.00036061535 0.009434995 4.233264e-07 0.0019352725 0.17106596 0.12416589 0.100867935 0.0024982614 0.047605105 0.015215444 1.4251417e-05 3.9246135e-07 0.00021602903 0.0010884969 5.61665e-06 0.00018795903 0.00026864922 0.00050895114 4.9443236e-07 1.9118139e-07 1.2047607e-06 8.085435e-07 8.6372427e-07 0.00014623738 8.168064e-06 6.3392963e-07 1.9666842e-05 2.337765e-06 0.00024902425 9.631478e-07 7.697696e-06 1.5612948e-06 5.2965665e-06 0.0004774765 0.005809952 0.04215501 2.5523292e-05 0.0018370165 2.2556576e-05 2.7608417e-05 0.0007212293 0.04276323 0.00026403234 0.015847577 2.7216533e-06 0.007920472 4.9919734e-05 0.00042725969 9.204219e-05 4.2051664e-07 3.246351e-05
0.39646006 0.006457978 0.060907427 0.14138062 0.12716824 0.024662051 0.09575741 0.28557488 0.11262485 0.34859306 0.000964916 0.063248836 0.97928554 3.088657e-05 0.047698494 0.014592017 0.0012652419 0.03594665 1.21985665e-17 0.051073987 0.028774073 0.00015476429 0.5403141 0.59826 0.005549568 0.008595623 0.027237674 0.0005138531 3.5795238e-05 0.90129083 2.893383e-06 0.010847121 2.6030391e-05 0.0025656908 1.23619175e-05 0.105219886 0.014870775 0.02052321 0.43584734 0.0031981661 0.022907276 0.40714058 0.003705544 0.00017513124 0.0037116273 0.019071788 1.8848352e-06 0.003274202 0.14447527 1.3915708e-07 0.29254565 0.117448665 0.0016160967 0.0032798303 0.0034187702 0.0011007986 0.09222314 0.0059667462 0.037801966 0.09528073 0.0066131707 0.0008167812 8.5622254e-05 3.2437114e-05 0.0026873301 0.08421258 0.077026725 0.00012829664 0.00021003588 9.279063e-05 0.00041088945 0.00071632233 0.00031888465 3.3416516e-05 2.1268506e-06 0.010321085 3.025334e-07 1.490674e-07 0.1268563 0.0070112557 0.0019279558 0.034774564 4.9657586e-07 0.0030285344 0.07524132 0.0016803304 5.0088474e-06 9.320494e-06 0.0018807387 0.06803326 0.039217163 0.043049753 2.740765e-07 0.0014101034 3.3671694e-07 8.655021e-05 5.029488e-06 0.015769964 0.013138767 2.3608864e-08 0.016519248
0.97381675 1.1019616e-05 0.021843497 0.025483446 0.038077608 3.2008524e-05 0.2216812 0.20275904 0.032131784 0.80953777 0.00013185079 5.5102606e-05 0.03625727 1.4200911e-08 0.06771044 0.6281109 5.5711156e-09 1.9660683e-06 0.051073987 6.701499e-17 0.06422547 2.9722605e-08 0.5729665 0.42131788 0.33688998 1.247653e-05 0.45702198 1.3485451e-06 1.8620414e-08 0.03371595 3.4334253e-08 0.8838709 1.5397616e-07 0.29256657 1.9943236e-07 5.151698e-05 0.44199055 0.00010635557 0.14317606 1.5395302e-06 0.6455208 0.0036485645 0.093758605 2.6359794e-05 2.6383575e-06 0.49236596 4.99854e-08 0.044365037 8.964137e-05 8.61404e-10 0.025647892 0.0054492783 0.18475063 0.02730881 1.4505542e-05 1.344325e-05 0.00064350036 0.03650426 0.00026577065 0.0016844507 0.11474367 0.023310537 1.1446962e-06 1.980638e-06 0.03466785 0.08041084 0.0121625615 2.5910591e-05 0.005454376 0.0021878083 0.004873299 0.05660824 0.012370428 3.3472293e-07 7.6330075e-08 0.17729875 1.5438602e-08 9.766285e-08 0.004852978 0.016886326 0.045008 0.04302176 3.61806e-08 0.025598552 0.00019114996 4.999441e-06 1.949878e-07 3.0024534e-08 0.023869492 0.033838604 0.00021975809 3.6430847e-05 1.6159284e-08 8.8402185e-06 4.3956643e-07 1.4151431e-06 1.2538693e-06 2.130833e-05 0.00096440036 1.2197824e-09 0.0022110508
0.9868446 0.20840606 0.19691934 0.14746666 0.3403327 0.16200244 0.27483183 0.1493628 0.45355672 0.14016853 0.7810164 0.0777537 0.12163315 0.022447258 0.91410303 0.078570336 0.015344187 0.009635059 0.028774073 0.06422547 7.291287e-13 0.0032033673 0.012644288 0.017556245 0.11845764 0.005030272 0.16561949 0.00029619047 0.0024742777 0.035911925 0.00031074052 0.014959469 0.014470545 0.011853015 0.0009790733 0.014197041 0.055350468 0.004194831 0.0152113885 0.0061005685 0.004043306 0.009855705 0.011486161 0.006310443 0.0011625768 0.00206648 0.0003189838 0.70180696 0.005350868 0.00079935626 0.005812383 0.0033308114 0.0015394894 0.33719897 0.00037491575 0.00052065874 0.0026404944 0.4329894 0.0021414254 0.0028998984 0.011035798 0.0027277616 0.006074904 0.00018439846 0.0043731323 0.0016851792 0.0013283466 0.0037008522 0.00091074174 0.0011269806 0.0009981067 0.0002875322 0.001597149 0.017363975 0.0022546954 9.894274e-05 0.0026221944 0.0017717723 0.007971452 0.00016848795 8.030299e-05 0.00028125642 0.0008198306 0.11489636 0.006523929 0.0021424273 0.00021197108 9.733825e-06 0.0033697705 0.000777871 0.0021849547 0.01357732 1.8141875e-05 0.00091785373 8.072365e-06 5.4814023e-05 3.6935482e-05 0.0011511679 0.0011909982 0.00015494846 0.000482724
0.3847657 0.34002057 0.0003133202 0.0016696167 0.00022906713 0.11998815 1.5327496e-05 3.9832517e-05 0.000105930325 2.916496e-08 0.005428766 0.047398552 4.9184575e-05 0.21457244 0.00023146292 3.2611118e-07 0.97464544 0.120710656 0.00015476429 2.9722605e-08 0.0032033673 8.6391874e-20 1.7635995e-06 3.3976423e-07 2.831712e-05 0.19459742 1.7592008e-07 0.899613 0.35199964 1.7552595e-05 0.952508 1.6461694e-08 0.07450106 2.1886842e-07 0.073575884 0.00079003104 3.2876344e-06 0.0075803315 5.1714073e-07 0.10559594 4.3163624e-09 2.8809457e-06 1.6365871e-07 0.047907285 0.054703828 3.6558345e-10 0.11923583 0.0019308445 2.4398152e-05 0.0068105874 1.008853e-07 6.5538416e-06 4.9257753e-09 0.003149068 0.001326019 0.11349462 5.662401e-05 0.0026561331 1.1784984e-05 1.8309403e-06 1.1263735e-06 2.1506366e-08 0.053525567 0.40814632 1.7563829e-05 2.0742885e-07 5.1543395e-08 0.010509204 4.3343227e-09 1.5373807e-08 3.0250598e-09 5.8270782e-08 6.387721e-08 0.016967556 0.0004646125 4.3498442e-08 0.0011434066 0.00014550898 3.9357266e-07 4.335714e-08 2.2355674e-07 5.1314444e-08 8.338579e-05 0.0011822465 2.8921954e-07 0.0024943699 0.017004635 0.0027555353 7.824511e-06 9.641666e-08 1.3896147e-07 3.8602307e-06 0.02116683 0.0002746175 0.00086551486 0.0014959583 0.010045038 9.588185e-07 1.6797118e-06 3.7564565e-05 2.1893952e-06
0.84375197 0.00023419311 0.011231122 0.018990433 0.019621635 0.0006474209 0.0480336 0.118943356 0.01364003 0.5068623 0.00014751006 0.001706838 0.26553798 4.6006372e-07 0.021297062 0.116422124 4.0722693e-06 0.0003567468 0.5403141 0.5729665 0.012644288 1.7635995e-06 7.5333517e-16 0.96343756 0.01383377 0.0007753536 0.06395036 8.297749e-05 1.4450981e-06 0.38159895 9.143249e-07 0.1916808 1.1342294e-06 0.011936755 1.1745584e-06 0.007979248 0.039739627 0.0042565647 0.70587826 0.00047242778 0.4030075 0.105812505 0.006128132 4.0012295e-05 0.00012930967 0.34492663 4.6458342e-07 0.0070196255 0.016178684 2.5955687e-08 0.30742472 0.07559283 0.04261819 0.0023479457 0.0031393573 0.0004575075 0.011138891 0.006956896 0.007325152 0.03373646 0.00717157 0.0021817847 1.0544873e-06 7.434891e-05 0.002381784 0.4764439 0.16241086 2.9117451e-05 0.00044876142 0.00015696598 0.00043502208 0.04040261 0.0010252334 2.7145506e-06 2.7381172e-06 0.39256313 2.2349523e-08 2.6298214e-06 0.16828851 0.053962916 0.08336253 0.18361625 5.606335e-07 0.006123455 0.015228523 0.0008800976 6.6726734e-06 1.2878024e-06 0.0045576687 0.32760024 0.004195115 0.012483666 9.986698e-08 0.0012512535 4.702699e-06 0.00013759536 8.117259e-05 0.003791856 0.006495421 4.0201624e-09 0.03323673
0.75404525 0.0002714766 0.015304069 0.018882837 0.017883835 0.0006381575 0.04681434 0.112321116 0.012033434 0.48948675 0.00018231917 0.0017171141 0.1860717 2.2066459e-07 0.014806855 0.077008404 1.0331394e-06 0.0002342103 0.59826 0.42131788 0.017556245 3.3976423e-07 0.96343756 5.965376e-16 0.009063878 0.0006843414 0.042760577 1.3854729e-05 2.2835441e-07 0.42521507 2.696113e-07 0.13910149 2.5883216e-06 0.009056783 4.8434737e-07 0.009245225 0.04957963 0.003427761 0.7928616 0.00024466246 0.43550473 0.1319885 0.0035489167 6.986606e-05 3.6428693e-05 0.27598625 1.4469357e-07 0.004881812 0.022721874 7.363234e-09 0.36864612 0.090043135 0.025281994 0.0032503582 0.0012868257 0.00010674068 0.010299546 0.010048952 0.0056056352 0.04313906 0.004534245 0.0007788464 7.0069564e-07 2.241203e-05 0.0022790225 0.4233293 0.16376787 2.9255902e-05 0.00020563701 0.00026574836 0.0005049132 0.01540328 0.0009303267 1.8055442e-06 7.774916e-07 0.5100619 1.2547257e-08 3.5094288e-07 0.20545356 0.052659083 0.05736705 0.17554867 2.932428e-07 0.0074009527 0.024336329 0.00022967393 1.2262085e-06 2.0665054e-07 0.005546756 0.3417717 0.006878633 0.018015515 2.2486265e-08 0.00022951869 1.1449526e-06 2.2350985e-05 6.840162e-06 0.00719447 0.0087936865 7.264798e-10 0.03321805
0.91265154 0.0013566972 0.032671712 0.023951152 0.06907197 0.0035755404 0.28039762 0.04870826 0.048084307 0.11694167 0.0065970197 0.0022718853 0.019503739 9.741918e-05 0.24777566 0.907919 0.00018018871 0.00015997641 0.005549568 0.33688998 0.11845764 2.831712e-05 0.01383377 0.009063878 8.185298e-17 9.1069516e-05 0.92276335 1.9461022e-06 7.472844e-05 0.0073063835 1.3782551e-07 0.16917439 0.0001096601 0.23173775 7.906781e-05 0.00035417808 0.90762866 7.7060875e-05 0.0060565406 0.0002586291 0.015150857 0.0007395556 0.5006862 0.00011771702 2.4332276e-05 0.0023933006 7.3298224e-07 0.3489155 0.00023577412 4.6224466e-07 0.0009411759 0.00030051038 0.015037002 0.32861117 6.566811e-06 9.235271e-06 7.0013404e-05 0.061789412 5.697931e-05 9.3721515e-05 0.437722 0.032345228 4.4004314e-06 4.5962147e-06 0.14950854 0.001019815 0.00016047317 3.6862234e-06 0.005651037 0.014579359 0.008438739 0.0007016276 0.008946592 1.4852038e-05 3.0935166e-06 0.0013554465 8.929116e-08 4.5450506e-06 0.00036149804 0.00022675819 0.0007024681 0.00042888816 1.3629963e-06 0.10067181 2.2849732e-05 7.1740804e-05 7.5519885e-05 6.360075e-08 0.016883483 0.00023938311 2.0791767e-05 3.4323584e-06 2.2172593e-08 1.0909134e-05 8.351798e-07 1.3969034e-06 6.670796e-06 3.8845783e-06 4.3891047e-05 6.0520384e-09 0.00012534224
0.20562562 0.312065 0.003156144 0.014712202 0.0029281944 0.30789134 0.0011191459 0.003817416 0.0047446205 0.0006313781 0.004648968 0.5247551 0.0066613504 0.0047412943 0.0019303354 2.3979152e-05 0.3386376 0.914853 0.008595623 1.247653e-05 0.005030272 0.19459742 0.0007753536 0.0006843414 9.1069516e-05 1.3315159e-18 5.7387715e-05 0.95673543 0.004610749 0.004303556 0.018768333 7.3331885e-06 0.001887396 5.9361623e-06 0.0007253729 0.1833104 0.0001181887 0.47828305 0.00061348977 0.8216976 6.514891e-07 0.00079593586 2.0457019e-06 0.0033750834 0.6224973 4.5636554e-07 0.00045667117 0.0018086587 0.006428983 2.1513828e-05 0.00025679416 0.0021033476 1.096509e-06 0.0021796424 0.1418499 0.4344788 0.014148856 0.0016071094 0.009659223 0.0023756928 6.589069e-06 2.0715577e-06 0.00052014185 0.011603173 4.1076933e-06 0.00027765462 0.00059442327 0.0015203534 2.7919688e-07 2.4538378e-08 4.2221004e-07 4.2864317e-06 6.3591045e-08 0.00039871325 2.6130476e-05 5.827501e-06 2.320974e-05 5.4098005e-06 0.00066949386 3.9028405e-06 4.342631e-05 2.4073795e-06 9.799686e-06 0.0009943416 0.00061719294 0.031241907 0.00021197431 0.014870243 4.5560584e-05 0.000106736705 0.00043458422 0.0058724545 0.018538008 0.008172023 2.9891047e-05 0.012587974 0.00043610437 0.00013391205 0.00017225028 2.9912903e-06 0.00014068917
0.98511136 0.0031459117 0.028566748 0.026838515 0.053351227 0.0144631155 0.26850313 0.11324729 0.052215375 0.2864773 0.025389375 0.0063598393 0.09815288 4.0433944e-05 0.17032887 0.49793312 4.335346e-06 0.00012701811 0.027237674 0.45702198 0.16561949 1.7592008e-07 0.06395036 0.042760577 0.92276335 5.7387715e-05 1.8588267e-15 1.786756e-07 1.8889874e-07 0.037243824 1.7877488e-08 0.25220442 0.00012892549 0.13412148 2.0653638e-06 0.0011230597 0.6315621 0.00015604019 0.06648627 3.2595042e-05 0.046731874 0.0034016387 0.037328437 0.0005982296 9.73649e-06 0.011391335 1.3867523e-07 0.49974823 0.0005335917 1.9219145e-08 0.0064471327 0.0010679485 0.01968942 0.43890843 8.758441e-06 3.3195793e-05 0.00023779765 0.2739589 8.9834786e-05 0.00036446276 0.051379204 0.009112053 3.4191253e-05 1.3778109e-05 0.008341292 0.008187375 0.0018110742 0.0001103201 0.0014738673 0.0021852779 0.0019485009 0.00037747627 0.005534928 7.945445e-05 4.985289e-07 0.0002763293 3.746207e-07 2.5855593e-07 0.0042796475 0.00020033067 0.00046244642 0.00047356245 4.856073e-07 0.20819218 3.3270524e-05 4.7386944e-05 1.5962572e-06 4.826231e-08 0.0042695175 0.00289179 4.067078e-05 1.0872834e-05 2.2160474e-07 9.784082e-06 5.9590885e-08 3.1043837e-06 8.7319404e-07 1.6306905e-05 0.00018715838 1.8690784e-09 0.00019571972
0.11300939 0.14815973 5.7644585e-05 0.00087301934 2.6338457e-05 0.04113131 8.18846e-06 2.1831913e-05 5.7747202e-05 1.4359322e-06 0.0003705143 0.07421475 0.00015073606 0.0145437475 0.000120624856 1.9915659e-07 0.8086307 0.44341427 0.0005138531 1.3485451e-06 0.00029619047 0.899613 8.297749e-05 1.3854729e-05 1.9461022e-06 0.95673543 1.786756e-07 2.383555e-19 0.045062996 0.00013590026 0.48034054 2.3395233e-07 0.0045327856 6.1846555e-07 0.0040308726 0.006725839 2.442694e-06 0.084696695 3.305625e-05 0.6110117 1.034753e-07 3.1852007e-05 1.00708235e-07 0.009412186 0.58846587 2.9286424e-08 0.0072528548 0.00028643277 0.00023871585 0.00038533067 7.2487296e-06 3.0347981e-05 7.3271764e-08 0.0004783806 0.008271408 0.33500412 0.00029086162 0.00044635966 0.00016942345 2.8880195e-05 2.7293746e-07 1.7375832e-07 0.0036213554 0.3567655 1.1116997e-06 7.203275e-06 3.8057763e-06 0.0020865623 1.482421e-08 3.5361627e-08 3.977908e-08 2.2828647e-07 1.1228069e-07 0.0012096302 0.00013713136 2.693566e-07 0.00017603314 4.187087e-05 1.2396131e-05 1.0857488e-07 9.448126e-07 3.334226e-08 2.8863979e-05 9.7927405e-05 2.7798521e-06 0.019309694 0.0100963 0.18359305 4.3043083e-06 8.61623e-07 2.3432335e-06 9.877154e-05 0.41923425 0.0026250645 0.0009234619 0.015176411 0.013075094 3.2055948e-06 1.7490374e-06 1.9661424e-05 3.6505357e-06
0.2906774 0.032644697 0.00025639284 0.00073030184 0.00014264914 0.002716671 3.1907126e-05 3.600703e-05 0.00013673841 1.5354583e-08 0.0044143805 0.0009847742 6.764928e-06 0.78815895 0.00037841196 1.5665328e-06 0.32756707 0.0008535236 3.5795238e-05 1.8620414e-08 0.0024742777 0.35199964 1.4450981e-06 2.2835441e-07 7.472844e-05 0.004610749 1.8889874e-07 0.045062996 6.816547e-16 3.5797882e-06 0.7293147 5.5763913e-08 0.5015829 2.0656216e-06 0.7681594 1.2811171e-05 2.0891953e-06 0.000433783 1.7445695e-06 0.0019618766 2.6556767e-08 5.324114e-07 2.7504702e-06 0.22365744 0.0016205428 6.733944e-09 0.9803011 0.0013258666 7.695992e-06 0.46313098 7.6097486e-08 2.3901084e-06 1.4439299e-08 0.0010207111 4.65648e-05 0.0021102182 5.421126e-06 0.00066998793 3.1668321e-06 2.6843074e-06 1.41025885e-05 5.4044012e-08 0.316769 0.059516083 9.032501e-06 5.8244257e-07 2.3094859e-07 0.022784151 1.06540476e-07 1.5057235e-07 7.529963e-08 1.1020305e-06 4.6983212e-07 0.1099901 0.057446163 7.49191e-07 0.01113494 0.017458199 3.738316e-07 4.0752428e-07 8.63513e-06 1.2214826e-06 0.020940106 9.204359e-05 1.449184e-07 5.374278e-06 0.061382834 8.743548e-05 1.05350054e-07 5.033866e-07 1.7009002e-07 3.0169974e-06 0.00087548926 5.951399e-06 0.007648879 2.520398e-05 0.00517729 9.541483e-07 3.5642001e-06 0.0006932348 2.0405016e-06
0.66476226 0.016705861 0.13132088 0.14858264 0.24150379 0.04257012 0.16247864 0.28852504 0.2189315 0.5774315 0.0005049874 0.065287545 0.5481575 8.075733e-07 0.08359933 0.01989155 0.00012399732 0.033099353 0.90129083 0.03371595 0.035911925 1.7552595e-05 0.38159895 0.42521507 0.0073063835 0.004303556 0.037243824 0.00013590026 3.5797882e-06 2.78463e-18 2.0898896e-07 0.0026918163 6.1189508e-06 0.0011590212 1.680614e-06 0.17458512 0.01343906 0.026844691 0.84568155 0.00066405354 0.007535352 0.96140075 0.0015565917 0.00016493659 0.0025593247 0.012253442 2.4308224e-07 0.009949283 0.35577223 3.996853e-08 0.7247581 0.32752797 0.00033562566 0.004065392 0.00505487 0.0018616277 0.08104963 0.025851937 0.024296217 0.11964564 0.0029111693 0.0001851253 9.408447e-05 1.0965858e-05 0.0026909257 0.16668816 0.110084355 0.00018787102 5.1968644e-05 1.7363776e-05 6.911475e-05 0.00024445908 7.852878e-05 7.445311e-06 5.686932e-07 0.0064976765 2.4410346e-07 6.021079e-07 0.09512489 0.0040741866 0.00094899704 0.025400026 1.0501502e-07 0.020357262 0.041475665 0.0063581625 6.882898e-06 3.6412243e-06 0.0028770005 0.06274545 0.019283595 0.030266477 6.974486e-08 0.0029776928 1.5252524e-06 0.00011153134 6.6845514e-06 0.011118398 0.009406748 2.198436e-08 0.0130999675
0.34016356 0.06719375 1.5415974e-06 6.323027e-06 2.2757015e-06 0.0100277085 1.2501679e-06 6.76166e-07 8.365003e-06 7.208201e-08 7.5155476e-05 0.0036128715 3.659e-07 0.5233721 1.1870009e-05 1.6081248e-08 0.67873275 0.0027988004 2.893383e-06 3.4334253e-08 0.00031074052 0.952508 9.143249e-07 2.696113e-07 1.3782551e-07 0.018768333 1.7877488e-08 0.48034054 0.7293147 2.0898896e-07 4.4075088e-17 1.5593825e-08 0.12519993 1.7165047e-07 0.38202384 2.9883038e-05 1.1035602e-07 0.0002583318 7.3184646e-07 0.008746899 2.2104054e-09 1.1400513e-07 2.921133e-08 0.032551285 0.004379835 1.0099436e-09 0.86360127 7.981085e-05 2.8254333e-06 0.12401891 9.016174e-08 4.486681e-07 2.2446413e-08 0.00016687954 2.2417697e-05 0.00442915 4.2224124e-06 0.00018378731 9.156884e-06 1.4670966e-06 1.9079505e-07 4.1953903e-08 0.046062224 0.96364987 1.6696183e-06 3.8512601e-07 2.2483727e-07 0.0046378775 1.2610453e-08 2.0938767e-08 1.48115475e-08 9.3552114e-07 3.0796638e-08 0.031849284 0.013154019 9.4769683e-07 0.00283368 0.0017769147 5.4251007e-07 4.830548e-07 6.128277e-06 6.146513e-07 0.002999665 2.6200996e-05 5.808655e-07 5.278567e-05 0.39807865 0.0037997223 9.469e-09 3.9102335e-07 7.682122e-07 1.314438e-05 0.008670573 3.7865833e-05 0.07298688 0.00013664846 0.10928153 6.8389545e-06 7.463766e-06 0.00033064405 5.799791e-06
