1.6830802e-31 0.31691873 0.4277562 0.6090194 0.34214708 0.34165987 0.31302148 0.011447236 0.5600553 0.8857979 0.67963713 0.2100271 0.058447182 0.082207486 0.039778665 0.09536623 0.030116506 0.98702896 0.022155212 0.90327245 0.5134342 0.0982947 0.71662223 0.8360729 0.9118247 0.9549391 0.9142975 0.74279195 0.011245151 0.0042397333 0.04524405 0.4313832 0.89154804 0.0020033661 0.5667312 0.97038436 0.0005680366 0.1049997 0.0002512959 0.00063826423 0.98578614 0.028602881 0.046124443 0.0002935426 0.01854069 0.19105062 0.9968666 7.773501e-05 0.44083503 0.72293097 0.9916094 0.008926112 0.012679622 0.49294117 0.99117106 0.922331 0.03674055 0.0068162205 0.0008966985 0.9827723 0.45001104 2.0530673e-05 0.45784053 0.85686994 1.2837655e-08 0.013068723 0.053125147 0.0026649083 0.011763404 0.020769758 1.5007966e-08 7.29893e-08 0.99155927 2.5049957e-08 5.9182753e-07 0.12474843 3.6040284e-09 2.4335222e-05 4.4333272e-05 0.0025515796 0.49261013 1.5263089e-06 1.11024585e-08 0.056344643 0.994405 0.9961541 5.9451105e-07 9.617228e-10 0.996567 6.7567896e-10 0.8023409 0.9886645 0.4786098 0.058177415 0.99408793 0.026357941 9.052149e-09 4.228017e-10 0.9985541 0.6518888 0.00024132828
0.31691873 6.479987e-20 0.74714255 0.8375658 0.115786545 0.08200321 0.063813865 0.21691829 0.02747309 0.06678585 0.46624202 0.015711786 0.026262864 0.01606698 0.10686396 0.15330155 0.012582658 0.08206404 0.02650881 0.33992758 0.013067944 0.0052049444 0.14630269 0.005472161 0.15091933 0.36723325 0.1571251 0.0061966265 0.004666476 0.0031829902 0.004593268 0.047602765 0.0026114173 0.007181121 0.00081023097 0.0005828724 0.0057085915 0.0055750334 0.0010345005 0.038879007 0.0024049417 0.0010763647 0.000869571 0.00031800786 0.0013599985 0.00016887758 0.0500058 0.017711617 1.02661925e-05 8.961347e-06 0.005688278 0.011491376 0.00078229443 3.215508e-05 0.021126239 5.2652787e-05 0.003445551 0.00010471178 0.0052781417 0.038238525 2.5302083e-06 0.0011702412 1.5327255e-06 3.6570572e-07 0.00017472253 0.000684235 3.509816e-06 0.00024742165 1.6407348e-05 2.0699177e-05 0.00010871306 4.5516328e-05 5.0051258e-05 7.428399e-05 0.00011007932 6.7603963e-07 9.651874e-05 3.7292786e-05 8.4362284e-05 8.2263074e-07 1.4490878e-06 6.871142e-05 9.358785e-06 5.9450366e-07 0.0005627223 3.6750541e-06 0.000104749226 2.5792451e-05 0.011755278 0.00012415551 9.828115e-07 0.021267712 5.0021146e-07 2.902452e-07 0.019364718 6.150705e-07 0.00044484192 3.4679244e-05 6.090549e-05 1.7923212e-07 3.1728387e-06
0.4277562 0.74714255 1.7253256e-19 0.64854246 0.74963266 0.67601717 0.6310319 0.3664897 0.3776551 0.515863 0.25587365 0.11169422 0.2743057 0.21421486 0.093617976 0.4510162 0.14857674 0.31581134 0.023961902 0.18083367 0.05281655 0.04474471 0.073448874 0.028701494 0.09799681 0.34335837 0.17008106 0.016895533 0.020161869 0.01053842 0.08133673 0.039392672 0.0055422722 0.031542264 0.009432516 0.0037927509 0.03712124 0.05966145 0.0054827468 0.16917484 0.008825667 0.010480349 0.014637476 0.0014644365 0.007313494 0.0030850584 0.10890346 0.07635297 0.00032243747 2.936993e-05 0.012896619 0.007877583 0.0035982132 0.00043542805 0.016135264 0.00012590412 0.005889886 0.0008852363 0.01804967 0.049966402 1.608322e-05 0.0008424109 1.6317093e-05 1.6834452e-06 0.0005521974 0.0020432523 1.2583214e-05 0.00026591212 0.00024950205 7.05315e-05 0.00031181454 0.00030144956 0.00010061249 2.5082363e-05 0.0001975622 1.3525088e-05 0.00027159677 0.00028279918 7.472338e-05 1.3859883e-05 1.004622e-05 3.1867716e-05 8.400598e-05 1.286349e-06 0.00053044397 2.1735914e-05 8.2286235e-05 0.00014929326 0.0059761996 0.000100071054 3.0320657e-06 0.019061645 1.4386312e-06 2.388354e-06 0.0055670217 3.0771068e-06 0.00060588017 0.00013324263 0.000109968 7.6904047e-07 7.4629547e-06
0.6090194 0.8375658 0.64854246 1.0103195e-20 0.15943493 0.13520792 0.08343602 0.13607478 0.0504696 0.27192545 0.3189023 0.028943567 0.06327299 0.029728375 0.061314028 0.19383489 0.02806875 0.32646668 0.0108417 0.33668774 0.03913929 0.010737728 0.11400512 0.021523418 0.1415752 0.6106248 0.33020267 0.016488863 0.0069124172 0.0036932314 0.0064713443 0.033955287 0.0065763406 0.009221243 0.004393978 0.0017826774 0.009006929 0.011888296 0.0010780406 0.066690125 0.011711794 0.0041260603 0.0035855542 0.00048923586 0.0031531234 0.00068484416 0.19350089 0.029224554 0.00011988422 3.4860164e-05 0.027412184 0.0071348716 0.0009619519 0.00019233012 0.014863914 0.00022178033 0.0031146265 0.00035085576 0.008207806 0.14781287 5.3818685e-06 0.0009443713 3.0948738e-06 5.2531755e-07 0.000107335494 0.0003659815 5.813247e-06 0.0002915128 3.475056e-05 4.823809e-05 0.00013988752 4.0453153e-05 0.0003677924 5.6915003e-05 0.00012397957 3.5753562e-06 8.578671e-05 0.00015328119 0.0001186524 3.0478444e-05 3.6230394e-06 0.00011388349 2.984513e-05 2.278153e-06 0.0023583022 5.711559e-05 0.000211525 3.1091673e-05 0.029962014 9.933501e-05 7.6306816e-07 0.04520597 5.957228e-07 1.4590597e-06 0.03601024 2.574911e-06 0.000588357 5.8931273e-05 0.00010784277 4.0600364e-07 8.537801e-06
0.34214708 0.115786545 0.74963266 0.15943493 1.5978635e-20 0.87604547 0.7446549 0.4767296 0.34311846 0.33333367 0.043451387 0.0894402 0.6536865 0.36359885 0.025248677 0.5458748 0.5077699 0.13373564 0.0039971434 0.038967136 0.033095866 0.23137714 0.016247515 0.020731451 0.020419823 0.19649605 0.071999535 0.008069279 0.032195613 0.01926433 0.11291633 0.007879979 0.004217929 0.15280314 0.0020533346 0.0014772107 0.12995386 0.05969534 0.04358162 0.2871215 0.0027726043 0.012132007 0.016455552 0.007790154 0.00921999 0.0017965478 0.02292519 0.11698274 5.7175595e-05 9.178847e-06 0.005866507 0.0015402756 0.0013791919 9.270855e-05 0.004374438 0.00021591964 0.0018399137 0.0005720019 0.0114400005 0.011145788 6.8705885e-06 0.00074369117 2.3960192e-06 8.3970014e-07 0.00046261775 0.00024046081 1.9705733e-06 0.00016521572 3.1743748e-05 5.0781277e-06 8.426386e-05 0.0003902597 9.055457e-05 4.15525e-06 0.0003282321 1.506221e-06 0.00017875801 0.00022831598 0.00016168365 4.2116462e-06 4.3563755e-06 4.2268945e-05 0.00010138313 5.6238457e-07 0.0003840076 2.680837e-05 0.00019133634 0.00011236923 0.0021453765 4.1407024e-05 1.0889329e-06 0.0042194477 9.460732e-07 3.1159602e-06 0.001592971 1.5848897e-06 7.528201e-05 6.729868e-05 0.00013780362 3.0219317e-07 1.6685462e-05
0.34165987 0.08200321 0.67601717 0.13520792 0.87604547 1.1779383e-21 0.89109814 0.2364263 0.50112724 0.4454402 0.020750513 0.18616056 0.5769675 0.5259064 0.009375192 0.3187908 0.48880687 0.19122195 0.0013537148 0.030441908 0.075374775 0.36961955 0.010006491 0.049394283 0.009583576 0.16244483 0.08140494 0.021206228 0.0668303 0.049354896 0.16089596 0.0036364065 0.009667748 0.21726912 0.009702425 0.004274891 0.1887691 0.1307873 0.081895135 0.28319117 0.007046784 0.029007198 0.04021047 0.022017375 0.016506806 0.0038113848 0.046749115 0.12190108 0.00025661103 3.2406224e-05 0.009165818 0.0012521236 0.0026629001 0.00042279108 0.0028096552 0.0003627074 0.0010302453 0.0010087762 0.02045711 0.015037783 1.6298074e-05 0.002130002 7.424422e-06 1.8069912e-06 0.00021533089 6.2261046e-05 6.911306e-06 0.0004842363 5.9000162e-05 1.0265204e-05 4.373795e-05 0.0009203588 0.00023330499 1.9197405e-06 0.0014426259 6.0212537e-06 9.832811e-05 0.0004859529 0.0002665799 9.246039e-06 1.1279639e-05 7.329256e-05 0.00037916188 2.6189243e-06 0.0005825243 0.00013182625 0.0004211713 0.00010522341 0.0022875115 2.1637572e-05 1.6052641e-06 0.0032926248 1.3573097e-06 9.781237e-06 0.0017274552 4.6308546e-06 6.1287246e-05 8.429168e-05 0.00016385871 6.900752e-07 2.8590812e-05
0.31302148 0.063813865 0.6310319 0.08343602 0.7446549 0.89109814 1.9697568e-22 0.13579303 0.81357485 0.6128736 0.010502951 0.5051245 0.47646722 0.7624415 0.0019889004 0.12055994 0.48896793 0.24779253 0.00039104786 0.018502224 0.15315835 0.46491757 0.0055066603 0.07592632 0.0035182545 0.08665818 0.067922555 0.058107372 0.16642386 0.1039605 0.2865435 0.0018783101 0.020725979 0.2616457 0.03488614 0.0057432638 0.19485967 0.2052979 0.09632567 0.22242886 0.01111791 0.051878203 0.0735988 0.05128581 0.026642872 0.0041068634 0.050730843 0.07997238 0.00053886406 9.083827e-05 0.010058242 0.0009784824 0.004653477 0.0007393989 0.0008052846 0.00054777943 0.00061010045 0.0011919787 0.022025883 0.0119008245 3.584487e-05 0.0040458147 1.3908133e-05 2.4439896e-06 2.7811902e-05 8.9113455e-06 1.2230056e-05 0.000463663 3.7294318e-05 1.3677173e-05 2.1157473e-05 0.0009768554 0.0005933172 8.6410734e-07 0.0019957519 1.3698907e-05 3.1685344e-05 0.00051213737 0.00053698366 1.4227706e-05 1.9264227e-05 0.00013314417 0.00066313246 3.3379451e-06 0.0007998831 0.00017287726 0.00044030597 6.1404135e-05 0.0013637994 1.220106e-05 3.527897e-06 0.0018944432 2.6816106e-06 1.3726579e-05 0.001277132 1.0228364e-05 3.5366e-05 6.7942136e-05 0.00012709711 4.3255355e-07 7.3139025e-05
0.011447236 0.21691829 0.3664897 0.13607478 0.4767296 0.2364263 0.13579303 5.1222326e-23 0.032604605 0.07065906 0.16528186 0.008110017 0.3291401 0.020757664 0.12812571 0.79243416 0.14684585 0.019914983 0.013293458 0.09705913 0.008390343 0.013581528 0.03399911 0.002991115 0.041680675 0.15097255 0.030836172 0.0030606736 0.0031606862 0.0019313574 0.0040144543 0.011351725 0.0013414482 0.022090202 5.2113315e-05 0.00020787773 0.02223197 0.0030204726 0.006265142 0.07776533 0.00042284554 0.0011031615 0.001268072 0.0011750112 0.0010239178 0.00019950155 0.0034831138 0.05666258 2.155049e-06 1.3606508e-06 0.0004396862 0.0034448842 0.0005531714 8.4099e-06 0.0037650845 5.1170646e-05 0.0012356826 0.0002880946 0.002726842 0.0011909987 5.2894916e-07 0.00064088526 4.802046e-06 3.6306676e-07 0.0035299216 0.0012212708 1.5412094e-06 0.00017779198 3.5331952e-05 3.360106e-05 0.00090891396 0.0001247436 6.1126525e-06 0.0001746484 5.3316187e-05 7.4111404e-07 0.00048862316 0.00013477738 0.00023144616 1.8281224e-06 3.914799e-06 0.0002095773 2.1882148e-05 3.1426143e-07 2.6077028e-05 2.2153658e-06 0.00016517742 5.2770774e-05 0.00061711116 0.00027646084 4.3677093e-07 0.0063245567 1.9287737e-07 2.746545e-07 0.001161652 1.6736251e-07 0.00073097285 5.3162494e-05 1.7211356e-05 1.4591619e-07 2.9009811e-06
0.5600553 0.02747309 0.3776551 0.0504696 0.34311846 0.50112724 0.81357485 0.032604605 1.1517713e-21 0.7895057 0.0071419864 0.8990759 0.21193773 0.66549855 0.00096122746 0.049611617 0.2092937 0.3475378 0.00029711355 0.011729579 0.20144996 0.44429433 0.004232633 0.11232617 0.0029657201 0.10752874 0.08071279 0.0652342 0.11932268 0.08038623 0.23691712 0.0022646622 0.026715143 0.20105112 0.029381096 0.010715411 0.17027974 0.14317632 0.07956357 0.19621494 0.023452178 0.036850594 0.04847235 0.045535557 0.019393168 0.003076563 0.15092361 0.05718082 0.0004079445 0.000116070296 0.027810445 0.00068698445 0.0040557687 0.00050161383 0.0012703137 0.0011439908 0.00018667121 0.0008503875 0.021606833 0.044857197 2.7282842e-05 0.0031024364 4.7555873e-06 1.7650398e-06 2.826502e-05 3.3380502e-06 7.0120946e-06 0.0002171032 8.241074e-06 7.1546856e-06 4.2122488e-06 0.00056115293 0.0022426927 1.5861455e-07 0.0038474756 3.527019e-06 1.166565e-05 0.00030904563 0.00011216152 1.4222361e-05 1.960825e-06 4.590286e-05 0.0005415567 1.026186e-06 0.0018441122 0.00027156775 0.0004058721 2.673609e-05 0.004207181 1.3151647e-06 9.026133e-07 0.005816411 9.60759e-07 2.723645e-06 0.0026562496 2.1531405e-06 1.0084886e-05 1.1704051e-05 0.00028786913 2.8672778e-07 1.7845236e-05
0.8857979 0.06678585 0.515863 0.27192545 0.33333367 0.4454402 0.6128736 0.07065906 0.7895057 3.7254346e-19 0.024519723 0.74570155 0.22417368 0.50513756 0.0033737256 0.08948136 0.20156422 0.85473204 0.001055019 0.052057985 0.53492975 0.3702722 0.00928806 0.4608249 0.009590409 0.18157122 0.287761 0.18362768 0.19312057 0.10973428 0.3182934 0.0050709727 0.10912228 0.14329302 0.09451591 0.060875244 0.116632245 0.15769413 0.04735149 0.118094444 0.12893657 0.051076252 0.06569424 0.023542501 0.019128574 0.003884425 0.41664997 0.025770485 0.0020729937 0.0008178322 0.12609686 0.0020771811 0.0026131137 0.0032913033 0.005947717 0.005415443 0.00054298266 0.001381126 0.010453642 0.41484395 3.5510177e-05 0.0010252927 1.2930197e-05 1.2488779e-05 1.0242332e-05 6.7941064e-06 1.5893997e-05 0.00038591225 4.0578456e-05 2.3531733e-05 7.356942e-06 0.00045579294 0.012440887 2.4252003e-07 0.0009360861 6.812941e-06 1.7272821e-05 0.00014887398 6.896338e-05 2.3784105e-05 1.7265904e-05 2.9478215e-05 0.00015707365 1.8412908e-06 0.027317192 0.0012354322 5.8175978e-05 1.6724127e-05 0.14964373 1.6301018e-06 1.2364052e-05 0.0611156 9.312364e-06 2.3452802e-05 0.052419994 1.6087439e-05 3.3676336e-06 1.1690931e-05 0.003095137 1.335622e-06 1.4864649e-05
0.67963713 0.46624202 0.25587365 0.3189023 0.043451387 0.020750513 0.010502951 0.16528186 0.0071419864 0.024519723 1.7697966e-17 0.0064767897 0.010608561 0.0062244576 0.3724109 0.32294533 0.0033768108 0.048273575 0.174452 0.87153065 0.0047152713 0.0018581452 0.8122548 0.00210347 0.753184 0.32607993 0.17916381 0.0010707867 0.003780974 0.0015981256 0.0076300898 0.19527796 0.00073610904 0.00050523423 9.395321e-05 0.0001177616 0.000987683 0.0048156003 0.00033330312 0.015892286 0.00072050374 0.0016924947 0.0032290998 0.00022427396 0.0016481159 0.00019011876 0.01722341 0.008899062 1.0011119e-05 1.0956125e-05 0.0020299447 0.010449795 0.0031438558 4.5198445e-05 0.027772715 9.3224335e-06 0.0032034041 0.00043027283 0.0172611 0.012530806 3.1467846e-06 0.0017893764 1.7221723e-06 1.3662525e-06 0.0002422199 0.0008015747 3.0128197e-06 0.0006579142 1.5002653e-05 9.063194e-06 0.0004754783 7.5018875e-06 2.0740634e-05 0.0004101266 3.6516172e-05 1.4757778e-07 0.0001660857 0.0001356051 8.9276306e-05 3.8611304e-07 3.639931e-07 0.00020144685 1.5777605e-05 7.333174e-08 0.0008250625 2.2463246e-06 0.00013414622 4.33136e-05 0.010324259 0.000491665 1.7734263e-07 0.07093081 1.0626021e-07 1.0520188e-07 0.037323337 1.0259625e-07 0.0009313716 0.00015317976 0.00024171318 3.6721428e-08 9.5166644e-07
0.2100271 0.015711786 0.11169422 0.028943567 0.0894402 0.18616056 0.5051245 0.008110017 0.8990759 0.74570155 0.0064767897 2.4425436e-22 0.05788691 0.78489214 0.00039801988 0.0058984356 0.06682927 0.35166487 8.1178325e-05 0.011115312 0.8977939 0.37862885 0.0033632529 0.33093965 0.0014659743 0.028945314 0.07161645 0.22570674 0.1603225 0.11781477 0.17325535 0.0009815362 0.1618447 0.084498405 0.28856328 0.053592086 0.037748773 0.15395562 0.030984825 0.04205168 0.13228102 0.104580924 0.085158415 0.045041367 0.060577195 0.016216438 0.15952626 0.004659752 0.02625579 0.0076457215 0.086312905 0.00072108593 0.017056381 0.023457665 0.001382993 0.0060035824 0.00021368312 0.0037883208 0.02951361 0.047399785 0.00085572916 0.008101355 0.00024064686 0.00011953602 1.9064548e-06 5.4108787e-06 0.00019388093 0.00041495948 0.0003037762 0.00025703965 3.032919e-06 0.0002702692 0.010117722 1.5539914e-07 0.003415145 0.00011868805 6.3448756e-06 0.0004888201 0.0001965161 0.00019449687 0.00015417195 0.00040363555 0.0005417096 1.5513364e-05 0.0063329604 0.0018011511 0.00042127797 7.2418957e-06 0.004062353 1.0133712e-06 3.8053102e-05 0.0054923445 2.8371263e-05 4.5498535e-05 0.0043618465 6.291865e-05 1.5078747e-05 8.849734e-06 0.0009278294 1.231384e-05 5.0873492e-05
0.058447182 0.026262864 0.2743057 0.06327299 0.6536865 0.5769675 0.47646722 0.3291401 0.21193773 0.22417368 0.010608561 0.05788691 4.701378e-22 0.3069261 0.0067514866 0.5382077 0.83203095 0.0487007 0.0012338815 0.01032168 0.030411854 0.4057445 0.0036677998 0.020175911 0.0028944195 0.03968862 0.010073146 0.006439731 0.06514193 0.036351826 0.12130885 0.002959338 0.0022858388 0.41095605 0.0033054077 0.0010956534 0.33078924 0.07316585 0.17381771 0.50957024 0.0016533275 0.02066399 0.022448163 0.025273822 0.013007882 0.0036246935 0.009891554 0.27262273 0.00015721138 3.5332723e-05 0.0033405821 0.0007081529 0.0014320533 0.00017100634 0.001269478 0.00015812348 0.0009818049 0.00045037302 0.01445465 0.006895786 3.4225934e-05 0.0022124366 1.1467684e-05 4.2689835e-06 0.0002747385 0.00017222349 1.0360941e-05 8.5830405e-05 1.7571972e-05 1.3081602e-05 4.501377e-05 0.0011775037 2.8114497e-05 1.8798609e-06 0.0025065877 8.282431e-06 0.00019884945 0.0001882708 8.31555e-05 9.62973e-06 2.8556748e-05 6.2653155e-05 0.0003127136 1.6718633e-06 0.00069402286 0.00023116334 0.00022699166 0.00024750707 0.0012513686 3.522785e-05 6.158432e-06 0.0030357433 4.326528e-06 1.260053e-05 0.0011046417 4.7346584e-06 3.579152e-05 0.00011128698 0.00025756797 2.497756e-06 2.434827e-05
0.082207486 0.01606698 0.21421486 0.029728375 0.36359885 0.5259064 0.7624415 0.020757664 0.66549855 0.50513756 0.0062244576 0.78489214 0.3069261 2.2205026e-22 0.0006591476 0.021457205 0.41636974 0.2329479 0.00017944019 0.008353027 0.4761042 0.9008252 0.0024443942 0.1720544 0.0012806915 0.01912437 0.027715884 0.21506526 0.46085602 0.37936246 0.5573699 0.0011439612 0.07041787 0.2954877 0.23791157 0.020320317 0.13156089 0.29146078 0.13269627 0.11811241 0.024411833 0.14750777 0.13893177 0.18557136 0.07612795 0.02620521 0.03596936 0.02332803 0.010885312 0.0015769076 0.01713977 0.00050854165 0.028793853 0.011875718 0.00034528715 0.0015605446 0.00027829455 0.0054658838 0.041275118 0.008817713 0.00043275784 0.008754167 0.000120442426 8.501851e-05 1.2229671e-05 7.3668202e-06 7.931152e-05 0.00038809422 0.00022178583 4.4517357e-05 1.0046144e-05 0.0014385195 0.0015748591 5.115176e-07 0.010653526 5.0427174e-05 2.084456e-05 0.00079175824 0.00030447257 4.244778e-05 7.460824e-05 0.00037281943 0.0021011492 5.5990176e-06 0.0014457495 0.0007316916 0.00088191463 4.1092393e-05 0.0013814179 3.2182181e-06 2.0508305e-05 0.001598201 9.008766e-06 3.8110084e-05 0.0015374146 2.5282221e-05 5.730803e-05 3.097382e-05 0.00030640233 4.7719336e-06 9.101976e-05
0.039778665 0.10686396 0.093617976 0.061314028 0.025248677 0.009375192 0.0019889004 0.12812571 0.00096122746 0.0033737256 0.3724109 0.00039801988 0.0067514866 0.0006591476 2.9414298e-22 0.5511603 0.0016335342 0.0027607605 0.86413574 0.18817095 0.00042596587 0.00033982977 0.28837022 0.0003374004 0.34293878 0.058493048 0.0054297056 0.00023330344 0.00018844182 8.123338e-05 0.00021612628 0.3029554 0.0001377868 0.0004445703 2.0789686e-05 1.19387505e-05 7.310185e-05 0.000511416 2.1880835e-05 0.011462355 2.5809033e-05 0.0001659212 0.0001423412 1.5788351e-05 5.6948724e-05 0.00013067495 0.00081621157 0.03597417 3.2883302e-06 7.6824887e-07 3.402247e-05 0.029109236 0.00012494695 4.000297e-06 0.090968765 8.6302185e-07 0.027454626 2.482421e-05 0.0015157417 0.0007211581 1.6988407e-06 7.7674085e-05 1.0818007e-07 2.312773e-08 0.0048282715 0.08923181 3.5427604e-07 8.085882e-05 1.6269926e-06 3.0482687e-07 0.010451953 1.975245e-06 3.723248e-07 0.05572606 4.7468626e-07 5.119701e-07 0.0001724536 3.0124105e-05 1.651123e-05 1.3902065e-06 1.7037918e-07 6.47393e-06 2.6443777e-06 7.938101e-08 1.7082564e-05 4.898871e-07 6.279064e-06 1.412283e-05 0.00027614096 0.0023763443 9.573182e-09 0.020313427 1.2507855e-08 2.2621568e-07 0.0020037072 1.3737802e-07 0.025207473 1.5418585e-05 5.1492543e-06 6.9047146e-09 1.7382024e-06
0.09536623 0.15330155 0.4510162 0.19383489 0.5458748 0.3187908 0.12055994 0.79243416 0.049611617 0.08948136 0.32294533 0.0058984356 0.5382077 0.021457205 0.5511603 5.7255316e-20 0.2064147 0.013460537 0.18147673 0.103719376 0.0033801373 0.03048093 0.05561156 0.0015517811 0.056745104 0.27718723 0.020735089 0.00021538965 0.006887682 0.0031730419 0.005518615 0.023242915 7.100494e-05 0.052137624 3.4678917e-05 2.7910317e-05 0.061359935 0.0031276816 0.018759757 0.47172177 1.4115155e-05 0.001004844 0.00084645033 0.0033756513 0.0012794292 4.4014785e-05 0.0009332218 0.5435833 2.45887e-06 7.048618e-07 5.192653e-05 0.0025787582 0.00042170723 6.3945477e-06 0.011020481 7.0917267e-06 0.004336891 7.0496e-05 0.0018460548 0.0008492484 2.1610327e-07 0.0002188116 8.070185e-08 3.2213777e-08 0.09651891 0.012631645 2.5635163e-07 7.395728e-05 3.2787448e-06 9.769057e-07 0.021618923 0.0019710846 1.4725902e-06 0.028084636 1.7823024e-05 3.2420207e-08 0.009841904 9.984399e-05 3.8430382e-05 5.907904e-07 3.164643e-08 2.5883599e-05 8.606256e-06 5.281572e-09 1.2710783e-05 3.7426574e-07 5.4324217e-05 0.0016989771 0.00030113204 0.0069043897 9.757324e-09 0.1344408 1.02411635e-08 4.1314657e-08 0.0046051084 1.2641375e-08 0.018926492 0.0016740602 1.1832216e-05 1.5189473e-09 2.8331476e-06
0.030116506 0.012582658 0.14857674 0.02806875 0.5077699 0.48880687 0.48896793 0.14684585 0.2092937 0.20156422 0.0033768108 0.06682927 0.83203095 0.41636974 0.0016335342 0.2064147 5.1998208e-23 0.04220267 0.00044721054 0.0055421586 0.048070382 0.5315824 0.0018680266 0.031489752 0.00093110953 0.023544034 0.0069534397 0.012428714 0.13671236 0.096487924 0.17862329 0.0016486032 0.0043016314 0.48067346 0.009839534 0.0018049469 0.39700523 0.12901889 0.2661931 0.43398935 0.0019548896 0.04164868 0.030358396 0.11892957 0.023705352 0.0026309367 0.009768434 0.19086298 0.0004981374 0.00015998524 0.0031847088 0.00037435515 0.0016401036 0.0006745469 0.00043110046 0.00024191887 0.000659131 0.00037637723 0.020397358 0.006173487 0.00012011494 0.0047632973 5.5832537e-05 1.3705101e-05 0.00018023133 2.6097729e-05 1.4484613e-05 0.00010520525 1.4290655e-05 2.3036766e-05 1.7569475e-05 0.0023763443 0.000102611375 8.533701e-07 0.012146449 2.2085638e-05 0.00016500488 8.914368e-05 6.542305e-05 1.4135253e-05 9.3378476e-05 5.7633864e-05 0.0017932841 5.058282e-06 0.0011640452 0.00037464162 0.0001604825 0.00023208336 0.0010544944 2.9289793e-05 3.812644e-05 0.0018411758 2.6977228e-05 3.9345225e-05 0.0009728067 1.88434e-05 1.654531e-05 0.00013151584 0.00024273791 9.500782e-06 3.262157e-05
0.98702896 0.08206404 0.31581134 0.32646668 0.13373564 0.19122195 0.24779253 0.019914983 0.3475378 0.85473204 0.048273575 0.35166487 0.0487007 0.2329479 0.0027607605 0.013460537 0.04220267 2.1479664e-17 0.0007080357 0.11909556 0.36478505 0.08240051 0.009489097 0.46908855 0.010304203 0.29203352 0.48817608 0.20024306 0.043611243 0.030505322 0.050338633 0.0030319546 0.12786688 0.012134158 0.09491751 0.07783226 0.014184395 0.036866773 0.003713695 0.01864136 0.19618192 0.020155074 0.015488148 0.0029426115 0.011844094 0.0023025698 0.723575 0.0028393066 0.0068002585 0.0026853739 0.29990262 0.0011937467 0.0015577597 0.00501798 0.002608525 0.0038793774 0.0004133748 0.00034916538 0.0035393569 0.66084397 8.3533036e-05 0.0008533336 0.00010453037 4.564038e-05 4.0574745e-05 9.7069415e-06 1.77718e-05 7.2512565e-05 4.3624557e-05 7.089188e-05 2.1571579e-05 0.00019466331 0.015675364 1.3913724e-06 0.00022791723 1.4483909e-05 5.7108344e-05 3.621832e-05 2.3416416e-05 3.1666434e-05 3.1042047e-05 5.541268e-05 0.00020355434 6.4333403e-06 0.08936747 0.00079020124 8.937112e-05 0.00016472422 0.42269197 2.2874543e-05 2.2767292e-05 0.11125987 2.1685e-05 1.4573667e-05 0.21162614 1.177447e-05 3.512604e-05 0.00015939344 0.009347199 1.5796219e-06 1.2472331e-05
0.022155212 0.02650881 0.023961902 0.0108417 0.0039971434 0.0013537148 0.00039104786 0.013293458 0.00029711355 0.001055019 0.174452 8.1178325e-05 0.0012338815 0.00017944019 0.86413574 0.18147673 0.00044721054 0.0007080357 1.3678726e-20 0.075011835 0.000107896165 8.045162e-05 0.28990805 2.3977393e-05 0.28520605 0.015199818 0.0020175602 6.8758425e-05 7.116133e-05 3.297719e-05 6.884897e-05 0.662519 3.3589335e-05 0.00015726131 1.8395836e-07 3.86541e-06 1.0069039e-05 4.3046883e-05 1.5924537e-05 0.0004728889 2.5578227e-06 2.0812737e-05 2.43281e-05 1.772204e-05 1.031306e-05 1.1470243e-05 0.00012956173 0.0019296036 1.7360114e-07 6.556898e-08 2.0002049e-06 0.15267466 2.7463671e-05 1.4332008e-07 0.20431633 2.726167e-07 0.07832501 5.66879e-06 0.00028996952 5.194555e-05 8.030601e-08 5.1289768e-05 6.1089395e-08 7.605391e-09 0.0011181746 0.107787766 2.6218553e-08 6.4663404e-06 1.2246365e-06 2.0228977e-07 0.0021177307 5.720954e-06 3.448402e-08 0.025331488 9.1462323e-07 9.371239e-09 8.7112385e-05 1.1368516e-05 9.62861e-06 9.053863e-08 2.5778418e-08 6.8431627e-06 3.6935778e-06 3.881795e-09 3.8772774e-07 2.645751e-09 1.4716409e-06 1.9814723e-05 1.818374e-05 0.00047633154 2.4777282e-09 0.0052319523 6.906318e-10 2.2605329e-09 0.0005453286 6.4879224e-10 0.009129775 2.4416799e-05 1.764984e-08 1.5794177e-11 1.3121384e-07
0.90327245 0.33992758 0.18083367 0.33668774 0.038967136 0.030441908 0.018502224 0.09705913 0.011729579 0.052057985 0.87153065 0.011115312 0.01032168 0.008353027 0.18817095 0.103719376 0.0055421586 0.11909556 0.075011835 3.7923985e-18 0.009791256 0.0041366927 0.66495156 0.0033347497 0.6574562 0.44966635 0.48713997 0.002203926 0.0052500563 0.0034443238 0.013472072 0.0625092 0.0007706658 0.00092828524 0.00045360177 0.00010811288 0.0015882398 0.0069171526 0.00038159327 0.007061049 0.0017657917 0.008209607 0.007946115 0.0004008538 0.0019445571 0.0014494694 0.03247132 0.0014421265 2.9146066e-05 2.5272553e-05 0.003386376 0.0052804756 0.0045239734 0.00071584876 0.007345656 6.900272e-05 0.0013236266 0.0028214823 0.020726103 0.024531394 5.711404e-06 0.0027148565 1.4318347e-05 2.8543336e-06 0.00012682758 0.000263442 2.0248317e-05 0.0028833481 0.000267203 0.00021593776 0.00033125005 3.257323e-05 7.6088894e-05 0.00033796183 0.0002780062 3.0167416e-06 0.0001969463 0.000669005 0.0009785828 2.122479e-05 2.0664038e-06 0.0017640908 5.7482528e-05 2.982517e-06 0.0016233101 1.4828573e-05 0.0009209808 0.00015271491 0.016915748 0.00045613275 8.997257e-07 0.15040472 4.9075214e-07 6.008018e-07 0.064306915 6.6021113e-07 0.0019636436 0.00029905973 0.0005577017 9.080618e-08 2.2741338e-05
0.5134342 0.013067944 0.05281655 0.03913929 0.033095866 0.075374775 0.15315835 0.008390343 0.20144996 0.53492975 0.0047152713 0.8977939 0.030411854 0.4761042 0.00042596587 0.0033801373 0.048070382 0.36478505 0.000107896165 0.009791256 6.267981e-20 0.2664704 0.0020068875 0.8039733 0.001809327 0.019460544 0.112208895 0.6061115 0.24268909 0.17747472 0.42435732 0.0003973365 0.32447365 0.052225783 0.63430977 0.27033138 0.025428684 0.36064616 0.031736832 0.015360496 0.39184666 0.3155313 0.41019925 0.083855115 0.24072492 0.12162978 0.32394618 0.0015723193 0.16007803 0.05884813 0.28571033 0.0008076481 0.14966758 0.19003391 0.0018329967 0.037924714 0.00027753547 0.02477524 0.06808052 0.24871516 0.008194054 0.02068344 0.0052292114 0.0026363893 3.938706e-06 1.1995919e-05 0.003458852 0.0039104098 0.0067012147 0.0026781207 8.025433e-06 0.00071131106 0.07319189 3.9287738e-07 0.0064986898 0.0014955269 3.0854688e-05 0.0034313553 0.0008857772 0.001371415 0.0015830515 0.0017298961 0.0013666318 0.0002049332 0.08561281 0.008076759 0.00063392654 2.0117874e-05 0.033085298 5.2618675e-06 0.00041495668 0.013882352 0.00027249884 0.00045384257 0.01204023 0.00063971063 1.2878275e-05 1.4586806e-05 0.016844554 0.00013321415 0.00026768455
0.0982947 0.0052049444 0.04474471 0.010737728 0.23137714 0.36961955 0.46491757 0.013581528 0.44429433 0.3702722 0.0018581452 0.37862885 0.4057445 0.9008252 0.00033982977 0.03048093 0.5315824 0.08240051 8.045162e-05 0.0041366927 0.2664704 6.31938e-21 0.0013569171 0.13177653 0.00053788465 0.006675592 0.007851841 0.066296384 0.71231186 0.7482064 0.7160958 0.0005559321 0.030434608 0.50339615 0.049017325 0.012917034 0.2857498 0.3284738 0.30801433 0.2671595 0.011429897 0.22051305 0.14297682 0.40864995 0.0740768 0.02120791 0.014254395 0.04308416 0.0023040888 0.0007546462 0.0071206247 0.00044234932 0.019233884 0.0011591759 0.00022300622 0.0010386386 0.000106205865 0.0040505365 0.052444577 0.008405652 0.0002473997 0.011069164 3.2699343e-05 3.9425526e-05 1.006757e-05 1.7895085e-05 1.982355e-05 0.0005088837 8.5723e-05 1.6636855e-05 3.2050996e-06 0.003277992 0.0010723514 1.6569199e-07 0.04384441 1.4871143e-05 1.292561e-05 0.0006210476 0.00036499827 4.890889e-05 3.8212747e-05 0.00035716587 0.0028628684 1.8984463e-06 0.002152526 0.00052578974 0.0007622878 8.2408034e-05 0.001717793 2.1067563e-06 6.4058695e-06 0.0020889924 4.0337713e-06 2.0289684e-05 0.0011706111 1.0400381e-05 7.410409e-06 2.1005282e-05 0.00059510506 2.6147516e-06 0.0001290773
0.71662223 0.14630269 0.073448874 0.11400512 0.016247515 0.010006491 0.0055066603 0.03399911 0.004232633 0.00928806 0.8122548 0.0033632529 0.0036677998 0.0024443942 0.28837022 0.05561156 0.0018680266 0.009489097 0.28990805 0.66495156 0.0020068875 0.0013569171 7.267831e-18 0.0013714208 0.9501429 0.08141818 0.06347542 0.0006283093 0.0021325957 0.0010358288 0.0053518815 0.4352475 0.00022706136 0.00017945046 4.195989e-05 4.8712496e-05 0.000120694815 0.0024238052 3.6617934e-05 0.001243852 0.00016942315 0.0004298137 0.0007180059 5.9967988e-05 0.00057884085 0.00036695471 0.0064280787 0.0005440543 4.8633424e-06 5.3406743e-06 0.0006164976 0.012858243 0.00060563214 5.2352163e-05 0.03424586 1.9329825e-06 0.0025415288 8.738522e-05 0.0016252147 0.0034801052 1.2838465e-06 0.00015847523 1.7159377e-06 3.147071e-07 0.0001157908 0.0009858347 7.534902e-07 5.485215e-05 6.286632e-06 1.1194442e-05 0.0003412706 4.9027763e-06 6.584835e-06 0.0009877979 1.9955909e-05 8.162262e-08 5.0762563e-05 1.266287e-05 2.1673754e-05 8.296981e-07 9.0716156e-08 2.1449849e-05 6.4467383e-07 1.2571506e-07 0.0001274682 3.6386993e-07 1.18961425e-05 4.424069e-05 0.007654531 0.0002684935 1.4446158e-08 0.047054444 8.492296e-09 6.032539e-09 0.033277947 1.603356e-08 0.0026855662 4.103232e-05 0.00014323571 8.350001e-10 2.5259455e-06
0.8360729 0.005472161 0.028701494 0.021523418 0.020731451 0.049394283 0.07592632 0.002991115 0.11232617 0.4608249 0.00210347 0.33093965 0.020175911 0.1720544 0.0003374004 0.0015517811 0.031489752 0.46908855 2.3977393e-05 0.0033347497 0.8039733 0.13177653 0.0013714208 6.5256618e-18 0.0011555809 0.018456662 0.062498536 0.8744897 0.16205154 0.12326881 0.25038898 0.00021098708 0.4445468 0.029639378 0.41193172 0.35670096 0.017291926 0.21909495 0.022650752 0.012894006 0.4581551 0.21377763 0.26364934 0.042809427 0.09679405 0.06711794 0.35922822 0.00058820023 0.0489943 0.020715319 0.28586408 0.00040028233 0.025125153 0.047212284 0.0009692018 0.04342326 1.2703161e-05 0.011292292 0.032854438 0.29009345 0.0028805642 0.010873718 0.0015942681 0.0009528121 6.419869e-06 4.4344456e-06 0.000840624 0.0019961619 0.0019714907 0.00060102873 5.5090286e-06 0.0017138928 0.0787919 2.0420072e-07 0.0068415254 0.00068102824 5.69761e-05 0.00070428895 0.00042093135 0.0004948062 0.00041142173 0.00070375623 0.0043535684 0.00011396585 0.11190063 0.005427782 0.00039412334 0.000457275 0.09450593 1.3706904e-05 0.00020889545 0.027619217 0.00014095563 0.00012256356 0.02506855 0.0001418363 8.11316e-06 0.0002136676 0.030075036 4.963339e-05 0.0001003707
0.9118247 0.15091933 0.09799681 0.1415752 0.020419823 0.009583576 0.0035182545 0.041680675 0.0029657201 0.009590409 0.753184 0.0014659743 0.0028944195 0.0012806915 0.34293878 0.056745104 0.00093110953 0.010304203 0.28520605 0.6574562 0.001809327 0.00053788465 0.9501429 0.0011555809 9.005404e-18 0.122046486 0.077970125 0.0004962535 0.0006219373 0.00033106905 0.0005377026 0.2818392 0.00017243567 0.000121350946 4.4270528e-05 3.0552623e-05 0.00011608413 0.0009968805 5.6416e-05 0.00089775264 0.00015474453 0.00016870904 0.00016980668 6.992431e-05 0.0006956444 0.00022950709 0.0051655425 0.00047236157 5.4867705e-06 2.2623415e-06 0.00083036395 0.010330272 0.00097120623 5.3677653e-05 0.026927715 1.6477495e-06 0.0020617675 0.00011034051 0.0021558756 0.003374895 8.0855204e-07 0.0001151209 6.068146e-07 1.2977151e-07 0.000109621 0.0005423319 9.680709e-07 0.00016178467 1.4462376e-05 9.3139015e-06 0.00014677852 1.2762874e-06 9.139121e-06 0.00064315525 1.4440947e-05 1.8603771e-07 3.5105808e-05 3.5384215e-05 3.2606484e-05 9.564158e-07 6.363667e-08 1.3374542e-05 9.931598e-07 1.3949457e-07 0.0002527517 4.901184e-07 2.566887e-05 1.8954734e-05 0.0054737576 0.00013514342 1.5929494e-08 0.056443825 9.644697e-09 1.9834033e-08 0.027576182 3.441693e-08 0.0011115322 2.6628884e-05 0.00014049691 1.4863556e-09 5.412845e-06
0.9549391 0.36723325 0.34335837 0.6106248 0.19649605 0.16244483 0.08665818 0.15097255 0.10752874 0.18157122 0.32607993 0.028945314 0.03968862 0.01912437 0.058493048 0.27718723 0.023544034 0.29203352 0.015199818 0.44966635 0.019460544 0.006675592 0.08141818 0.018456662 0.122046486 1.1745708e-17 0.92435044 0.0027565733 0.0021492306 0.0010542581 0.0022554924 0.011131989 0.0015686199 0.0005423971 0.00134818 0.0013873067 0.0007559623 0.0010389636 0.00010334567 0.0064679077 0.0053322623 0.0004970923 0.00042909678 7.43017e-05 0.0008118998 0.00010460987 0.21028382 0.0014824154 7.644573e-05 4.6846482e-05 0.017160803 0.00093739 0.00047417934 0.00012322281 0.0019473064 9.4635834e-05 0.00047930327 6.64916e-05 0.0005598866 0.13185836 9.480046e-06 0.00015214217 4.579698e-06 8.615948e-06 5.4959175e-05 4.936126e-05 4.831675e-06 0.00010919373 1.1115836e-05 1.3571681e-05 0.00019835946 0.0001506678 0.00025671825 4.4689463e-05 1.1554221e-05 5.0290514e-06 6.35983e-05 4.9014598e-05 1.1087219e-05 6.57356e-06 3.1664817e-06 2.2684675e-05 0.00020536833 1.3967301e-06 0.0035126188 6.416953e-05 3.817403e-05 0.0001908574 0.040283766 0.00044895813 1.4701428e-06 0.12177548 9.047248e-07 1.4198719e-06 0.09380377 1.1356559e-06 0.0004760123 0.000490627 0.00054205814 2.3170507e-07 7.7041295e-06
0.9142975 0.1571251 0.17008106 0.33020267 0.071999535 0.08140494 0.067922555 0.030836172 0.08071279 0.287761 0.17916381 0.07161645 0.010073146 0.027715884 0.0054297056 0.020735089 0.0069534397 0.48817608 0.0020175602 0.48713997 0.112208895 0.007851841 0.06347542 0.062498536 0.077970125 0.92435044 9.863895e-19 0.039266992 0.0070919944 0.0031925938 0.008067066 0.0090101715 0.022637215 0.00057439023 0.0130344555 0.00552593 0.0012595702 0.00851043 0.0006021272 0.008060333 0.04011203 0.0024474885 0.002361585 0.00017023992 0.0041267034 0.0009541169 0.49045604 0.0021268993 0.0008016117 0.00048805124 0.095559224 0.002133103 0.002297597 0.0014171826 0.00096544845 0.0006031876 0.00043933705 0.0003183022 0.0011753625 0.34393856 6.719267e-05 0.00061572704 6.496167e-05 2.725863e-05 2.444527e-05 2.7275973e-05 3.491599e-05 0.00025294462 9.101186e-05 0.00014958985 0.00016722095 0.0001270273 0.0009911445 2.869833e-05 7.862987e-05 9.917594e-06 0.00025062577 0.00016835157 0.00020966005 1.4520005e-05 2.8817083e-05 0.00031481448 0.0001654721 3.6756849e-06 0.023579998 0.00024204256 0.00019453972 0.00030771716 0.13800637 0.0010567771 2.009245e-05 0.107853435 1.1709923e-05 2.1254646e-05 0.17766406 2.0045212e-05 0.0003127163 0.0009787675 0.0051670796 2.8687725e-06 2.3553082e-05
0.74279195 0.0061966265 0.016895533 0.016488863 0.008069279 0.021206228 0.058107372 0.0030606736 0.0652342 0.18362768 0.0010707867 0.22570674 0.006439731 0.21506526 0.00023330344 0.00021538965 0.012428714 0.20024306 6.8758425e-05 0.002203926 0.6061115 0.066296384 0.0006283093 0.8744897 0.0004962535 0.0027565733 0.039266992 4.8338852e-20 0.1695066 0.11564237 0.37652248 5.697262e-05 0.8205135 0.009273177 0.5410523 0.4758558 0.0053809173 0.29506186 0.008531574 0.003908454 0.42856628 0.33174717 0.4730875 0.035762373 0.32932165 0.18771982 0.12854412 0.00035799743 0.22521026 0.14377578 0.27280203 0.0002468948 0.23159547 0.23011099 0.00040867363 0.117124066 5.456545e-05 0.065931424 0.037677072 0.12817541 0.013956466 0.017766487 0.008813186 0.004600631 3.3706217e-06 3.864052e-05 0.008906406 0.0077001452 0.012902579 0.008525833 1.23881055e-05 3.8712704e-05 0.14635384 9.716476e-07 0.0029752813 0.0060395687 4.456697e-05 0.004636215 0.0034251616 0.00433539 0.0024865132 0.0037282533 0.00076963345 0.0020856033 0.12105713 0.0134462975 0.0012425005 6.607989e-05 0.029761286 6.535202e-05 0.0011766558 0.010764298 0.0012103284 0.0015426506 0.010349733 0.0017676762 2.0907133e-05 5.0575123e-05 0.048886344 0.00051248673 0.00068322633
0.011245151 0.004666476 0.020161869 0.0069124172 0.032195613 0.0668303 0.16642386 0.0031606862 0.11932268 0.19312057 0.003780974 0.1603225 0.06514193 0.46085602 0.00018844182 0.006887682 0.13671236 0.043611243 7.116133e-05 0.0052500563 0.24268909 0.71231186 0.0021325957 0.16205154 0.0006219373 0.0021492306 0.0070919944 0.1695066 3.000257e-22 0.81996775 0.83752066 0.000523307 0.0662736 0.16384915 0.24352004 0.038585197 0.0618787 0.26836237 0.08994589 0.0457984 0.021615751 0.22799683 0.1735879 0.23883565 0.08013403 0.043868773 0.012125055 0.0048799496 0.025701981 0.0058814525 0.011372357 0.00056150195 0.0387964 0.021208778 0.0001386658 0.0018806347 0.0006825832 0.013258741 0.060671825 0.010103812 0.0010158338 0.02306456 0.0004891379 0.00025631755 5.2134186e-07 2.9285573e-05 0.00018389148 0.003299855 0.00069307414 0.00015777657 4.257445e-06 0.0009100076 0.0015744133 2.7973923e-07 0.017561998 0.00010565831 3.9787506e-06 0.0022991325 0.00086937775 9.603423e-05 0.0002738938 0.0010086955 0.0014372859 2.3361592e-05 0.004011156 0.0009057768 0.0007942634 1.4933419e-05 0.0019552757 3.5281357e-06 2.8136008e-05 0.0015849941 1.5030262e-05 4.5031462e-05 0.0012714276 4.5829853e-05 7.3045926e-06 1.0145486e-05 0.000903003 1.5985508e-05 0.00016640927
0.0042397333 0.0031829902 0.01053842 0.0036932314 0.01926433 0.049354896 0.1039605 0.0019313574 0.08038623 0.10973428 0.0015981256 0.11781477 0.036351826 0.37936246 8.123338e-05 0.0031730419 0.096487924 0.030505322 3.297719e-05 0.0034443238 0.17747472 0.7482064 0.0010358288 0.12326881 0.00033106905 0.0010542581 0.0031925938 0.11564237 0.81996775 3.6674876e-23 0.8024503 0.00027477075 0.04703668 0.16420013 0.12889749 0.02194526 0.04844166 0.21509802 0.10954353 0.039585378 0.018591275 0.24646392 0.17422973 0.44341806 0.10142023 0.03459784 0.00862257 0.0023876252 0.014258065 0.0036920428 0.008036517 0.00031418042 0.027149148 0.009565282 0.00014354326 0.0016134963 0.00016131616 0.0057973806 0.08133303 0.0064556263 0.00093148963 0.031095443 0.00030995827 0.00016156682 3.546658e-07 1.26404175e-05 9.157307e-05 0.0011583371 0.00020652928 8.244655e-05 1.9965473e-06 0.00079901895 0.001140834 1.2983006e-07 0.022489412 9.4381394e-05 1.4156373e-06 0.0017256894 0.00037368244 6.817501e-05 0.00026793944 0.0010667555 0.0015812868 1.6802893e-05 0.0025217228 0.0013635374 0.0006685139 1.3555356e-05 0.0009455257 1.6213575e-06 3.3648586e-05 0.00079279335 1.761071e-05 5.1492516e-05 0.0008847282 3.9339782e-05 3.9382703e-06 6.4189503e-06 0.00063275156 1.9416319e-05 9.701726e-05
0.04524405 0.004593268 0.08133673 0.0064713443 0.11291633 0.16089596 0.2865435 0.0040144543 0.23691712 0.3182934 0.0076300898 0.17325535 0.12130885 0.5573699 0.00021612628 0.005518615 0.17862329 0.050338633 6.884897e-05 0.013472072 0.42435732 0.7160958 0.0053518815 0.25038898 0.0005377026 0.0022554924 0.008067066 0.37652248 0.83752066 0.8024503 1.8999941e-20 0.0003211945 0.23011366 0.22767949 0.61729133 0.18482606 0.08358128 0.70675004 0.13977484 0.06899144 0.054213624 0.6836688 0.642718 0.43470573 0.30749395 0.25550526 0.016202511 0.0046346434 0.20163609 0.049676776 0.022829952 0.00039231355 0.21224944 0.23197491 0.00011261963 0.0058216527 0.0004038169 0.09425424 0.31536862 0.039187778 0.002992255 0.063579015 0.0025467542 0.0014470794 4.872044e-07 1.6127193e-05 0.0007406604 0.018434104 0.0065904926 0.0004341679 6.7024507e-06 0.0012331152 0.0038536303 2.5175416e-07 0.040873885 0.0005192205 2.3458451e-06 0.0075692935 0.0034338778 0.00031370646 0.0009506483 0.004605394 0.0029521373 0.00017290119 0.007353022 0.0015492217 0.0038135024 1.1046415e-05 0.0050660544 2.630742e-06 0.00013173073 0.0026993086 6.898871e-05 0.00016889995 0.0025356568 0.00015839135 7.565572e-06 1.4802307e-05 0.0031239658 0.00014031092 0.0005822566
