2.5643701e-27 0.257542 0.5524519 0.35831615 0.029908823 0.17591864 0.63542473 0.04721672 0.015920864 0.6965576 0.03930056 0.21346502 0.026729431 0.0025714668 0.79122424 0.80085456 0.14111908 0.080625795 0.013519841 0.024299141 0.020568347 0.6778028 0.80960053 0.005166666 0.63706595 0.0033454683 0.0008837454 0.03102625 0.6441009 0.0036922593 0.07220486 0.9648269 0.6732851 0.0021714254 0.0021192238 0.32355508 0.0010897018 0.9534133 1.8937837e-05 0.028443858 2.0512627e-05 0.00012196274 0.9892491 0.9454078 0.00045401943 0.0010307687 0.005021221 0.0010001139 0.65095395 0.95272166 1.0537821e-05 0.013113837 0.010045344 0.0112603195 0.9783227 0.024242392 0.005405587 1.1901368e-06 0.9992655 0.59369135 0.056642994 2.80148e-07 0.9986056 2.2130673e-07 0.9927671 0.00030753794 0.916006 0.59794444 2.312556e-05 8.8054134e-05 0.022706341 0.1997367 8.1915476e-07 0.120880805 1.7065402e-05 0.9050505 0.9231824 3.509133e-08 0.026299873 0.0008899775 3.913507e-10 9.836116e-10 0.10496013 0.0024153953 0.9807854 0.0011670848 0.92609006 2.7398552e-09 1.2853974e-06 3.0531373e-06 1.2768224e-09 5.144373e-07 1.9867191e-07 0.871768 0.26694772 0.98269576 4.7743343e-09 0.9961917 1.1171848e-06 0.99374574 0.9996037
0.257542 2.6333185e-18 0.9170036 0.81495404 0.5039757 0.4796879 0.21975446 0.5403864 0.39170948 0.29580328 0.23361677 0.055690315 0.084643826 0.16842504 0.106331974 0.023117041 0.032497484 0.1581934 0.04108963 0.02539577 0.050602775 0.09801988 0.4869077 0.1358447 0.004697741 0.11384511 0.11020877 0.0034150882 0.00094021286 0.009735279 0.0007603979 0.32737294 0.010298648 0.020770976 0.094771065 0.00043648403 0.0029792537 0.14846388 0.06466233 0.037108656 0.039564703 0.02643225 0.08683758 0.0037463573 0.00096563547 0.004169232 7.566247e-05 0.00023717187 1.5543264e-05 0.007337222 0.002531109 0.00018988195 0.0050366926 4.7484067e-05 0.063254595 0.0010861037 0.0015395973 0.0051829787 0.14299554 0.00083505607 1.1393562e-06 0.008779458 0.1251187 1.6657114e-05 0.0018367869 0.00087160844 2.149087e-06 2.07595e-06 1.35604505e-05 2.1207054e-06 0.002302506 0.0011426458 0.00070261175 0.0013308255 1.9290158e-06 0.0008535729 0.013936421 4.469336e-06 0.00048127398 0.00013340371 4.6991416e-05 2.2628928e-05 8.084263e-07 3.330492e-06 0.0047366275 1.3193643e-06 0.0074988194 0.0006605424 2.6940825e-05 0.00012491312 0.0011958665 4.0252057e-06 0.0001968111 6.858994e-06 8.818048e-06 0.008793494 0.00033955325 2.552935e-07 2.7997826e-06 0.004326856 0.00078892085
0.5524519 0.9170036 4.3248472e-18 0.60362303 0.38036883 0.6101761 0.25511077 0.42387623 0.23743504 0.50972414 0.18512827 0.051849477 0.075386494 0.123439126 0.3048744 0.025835514 0.034130644 0.2628413 0.02709626 0.01808024 0.046321545 0.21324141 0.6960271 0.0777726 0.004420611 0.05188082 0.08744972 0.0021809316 0.0018973217 0.0034148176 0.0013864225 0.42033103 0.015296074 0.004462573 0.16390166 0.0008650898 0.0010096367 0.2679228 0.049820848 0.052840017 0.024357632 0.01122548 0.1480844 0.010096401 0.00014139345 0.0012265332 5.814237e-05 0.00012303905 1.3942116e-05 0.021014696 0.001252181 0.00013274227 0.008021218 4.9550723e-05 0.19194293 0.0015824795 0.0021775523 0.0015732687 0.40624464 0.001748248 1.1349225e-05 0.018077051 0.35350332 2.1698736e-05 0.005261718 0.002397241 4.504256e-06 1.2950336e-05 7.2572298e-06 2.6291818e-06 0.0040519047 0.0022179896 0.00038076265 0.0013633599 1.0792951e-06 0.00084439473 0.036335804 2.0950372e-06 0.00070535636 0.00021086054 3.8875933e-05 1.9081765e-05 5.8380783e-07 5.029622e-06 0.00770682 3.3460472e-06 0.014468048 0.00035286407 2.5096433e-05 7.058083e-05 0.00039963407 2.1274045e-06 0.00021826159 1.566205e-05 1.0014109e-05 0.016914314 0.00010569953 4.5205534e-06 1.7233734e-06 0.01796845 0.0045079463
0.35831615 0.81495404 0.60362303 4.216467e-18 0.8238104 0.47492677 0.28867278 0.8800394 0.59169656 0.2967981 0.27403677 0.0594358 0.08812221 0.32479516 0.3558564 0.029258415 0.027611902 0.17335716 0.033735014 0.018622361 0.09347861 0.047014534 0.49917492 0.21030626 0.004900024 0.16051641 0.283935 0.0026801089 0.0015409442 0.004509419 0.0010466819 0.3980611 0.006655933 0.03627095 0.21973062 0.00070796546 0.0077508115 0.32742262 0.1776656 0.012926154 0.09333707 0.098505616 0.2733125 0.0051413574 0.0013587455 0.034728657 0.00023973336 0.00031461546 3.664165e-05 0.013789704 0.018195339 0.00016467222 0.0025937466 6.6005814e-05 0.12237676 0.0005000355 0.0007455671 0.038657755 0.17181493 0.0005345505 1.1224439e-05 0.041588712 0.09529017 2.3012899e-05 0.007188226 0.0020407285 9.32222e-06 6.521788e-06 1.1027775e-05 4.727971e-06 0.0018987119 0.0012309708 0.00016646706 0.0006327247 5.8821894e-07 0.0014620288 0.011198138 4.219625e-05 0.0003392828 3.211732e-05 0.00014316976 8.285255e-05 1.3118594e-05 2.3622886e-05 0.0035017382 5.060453e-06 0.009322274 0.00030291642 1.7402303e-05 0.00019943704 0.00056645775 7.845013e-06 0.00016108833 0.00012547534 0.000116033654 0.006441162 4.6330428e-05 0.00018585235 7.2009743e-06 0.0074447924 0.0031854755
0.029908823 0.5039757 0.38036883 0.8238104 2.3296105e-19 0.6365286 0.06490384 0.5316073 0.7039226 0.216045 0.11599464 0.011264617 0.030556668 0.21437441 0.03466224 0.0032520837 0.006228056 0.17650975 0.01352522 0.007555669 0.019253774 0.063939355 0.23352537 0.09067824 0.0007204563 0.08279992 0.11623732 0.0004742526 0.0004043786 0.0021354512 0.00017956499 0.16426985 0.0012091026 0.015196308 0.094610736 4.2137293e-05 0.0042536343 0.06990327 0.06099968 0.03784377 0.0337769 0.027347142 0.060610797 0.0048529925 0.00059415546 0.010233697 2.416651e-05 8.628714e-05 4.487873e-06 0.0020030062 0.0048590545 1.3333877e-05 0.008390366 8.447624e-06 0.058609273 0.0021255135 0.00089097745 0.005512164 0.04778228 0.0008543473 1.2672082e-06 0.005847889 0.03218302 2.9824685e-06 0.0008769554 0.0019405573 1.1025751e-06 8.28576e-07 1.3823429e-06 3.4252017e-07 0.0021840974 0.0023527592 0.000415119 0.0009848794 1.7979315e-07 0.0021669283 0.011907432 1.9415938e-06 0.00041727643 5.585416e-05 1.9416928e-05 2.0546851e-05 5.3570665e-07 9.776008e-07 0.0050797267 4.1345342e-07 0.007185032 0.00029853513 3.0099334e-06 0.00012331016 0.0005307324 1.0263279e-06 9.710715e-05 1.0804953e-05 7.2948883e-06 0.009680781 3.5963247e-05 1.409739e-06 1.0763953e-06 0.0056833294 0.00045779665
0.17591864 0.4796879 0.6101761 0.47492677 0.6365286 1.8559917e-16 0.03704569 0.28777987 0.49298012 0.89950967 0.04603925 0.00871364 0.015058356 0.15426075 0.014470166 0.0027415915 0.016211057 0.68591976 0.006314726 0.0063761575 0.01583185 0.438858 0.1256068 0.03157944 0.0013867076 0.027689781 0.083244644 0.0005275472 0.0006642233 0.00240189 0.0013515772 0.06996644 0.0020600054 0.00774561 0.22586398 0.00031759054 0.0025347744 0.022493724 0.022452686 0.670435 0.012851597 0.0072063124 0.010211085 0.18151653 0.0014008636 0.002513562 9.536125e-05 0.00028983928 2.2596083e-05 0.0026749289 0.0012012715 1.4098648e-05 0.4173743 2.9150879e-05 0.21061543 0.21593735 0.12655306 0.0012449052 0.12455367 0.08702429 2.5629088e-06 0.008259955 0.094001256 1.2739994e-05 0.00086977123 0.046300344 4.215267e-06 1.917691e-06 2.4541434e-05 1.0596391e-05 0.07939679 0.054122705 0.022781527 0.034692366 8.921772e-06 0.02710595 0.106928416 8.686339e-06 0.021975176 0.00576852 6.9580994e-05 5.5244836e-05 7.860122e-07 4.2464885e-06 0.042336598 2.9949783e-06 0.049319148 0.0025759684 0.00016601187 0.0047716177 0.00549569 1.6387505e-05 0.0054734186 1.188325e-05 5.130212e-06 0.07180119 0.0038876515 1.8080204e-06 2.1695321e-05 0.0067493916 0.0009749814
0.63542473 0.21975446 0.25511077 0.28867278 0.06490384 0.03704569 6.950824e-18 0.34967327 0.047374353 0.03810301 0.8490918 0.8666468 0.43535602 0.11007726 0.8872228 0.5185578 0.44955465 0.007994592 0.24537976 0.2514619 0.36973995 0.0058380375 0.16059093 0.2795106 0.106814265 0.2192077 0.059405897 0.09073172 0.04533859 0.065735854 0.0321659 0.18687941 0.10645904 0.0706119 0.013238134 0.010032821 0.04560984 0.62140864 0.06879252 0.0004960751 0.04545788 0.06455963 0.54404557 0.00033665262 0.017653953 0.038924534 0.005135009 0.011052661 0.0011155976 0.12393177 0.028712915 0.002840004 0.0002770465 0.0019425515 0.01681382 8.546993e-05 9.305587e-05 0.030996863 0.13796179 9.316953e-05 0.0004556402 0.0061647557 0.34811267 0.00025890695 0.04786792 0.00016603057 0.00031008656 0.0003045812 0.00042375544 0.00011732878 0.00046230928 9.2664355e-05 3.3868797e-05 9.985304e-05 3.3787466e-05 8.920473e-05 0.005699327 3.2092918e-05 2.6526525e-06 2.2747336e-06 6.4317726e-05 6.332565e-05 5.038885e-05 0.00013359902 0.0014061822 1.7448767e-05 0.0035675806 7.037744e-05 2.1288748e-05 9.966243e-06 0.00014306889 3.4946574e-05 2.5308493e-05 0.0002592645 0.00015538203 0.0019133015 1.2140911e-05 0.001167715 1.3061395e-05 0.03041725 0.013972012
0.04721672 0.5403864 0.42387623 0.8800394 0.5316073 0.28777987 0.34967327 3.736618e-21 0.7782517 0.11600913 0.45588365 0.14290254 0.18286781 0.69610035 0.20417568 0.04457777 0.05399133 0.11911419 0.04531366 0.024206799 0.21087736 0.01460585 0.26542252 0.33909163 0.010021384 0.25909686 0.49379835 0.003459246 0.0035689522 0.0053510014 0.0007229727 0.2056785 0.0064583905 0.06285099 0.13550061 0.0007966188 0.015281595 0.22501136 0.2491011 0.0067726225 0.13430473 0.13539618 0.14759938 0.0025022633 0.0027534324 0.055043682 0.0001257089 0.00033239176 3.9360046e-05 0.007531393 0.039385412 0.00014640819 0.0012841154 2.25725e-05 0.026657917 0.00028220916 0.0001812331 0.062114924 0.016269486 0.0004329168 8.771733e-06 0.019707821 0.016619321 1.8170133e-05 0.004126369 0.00034284146 1.9925312e-05 1.47094715e-05 1.9562528e-06 3.0977515e-07 0.0009619276 0.00071748835 2.9725203e-05 0.00037196232 5.123161e-08 0.0015080521 0.004159375 1.4597703e-05 1.4768944e-05 4.9808004e-06 0.00023830733 3.3860757e-05 6.2351396e-06 4.67316e-06 0.0013618771 7.9094275e-07 0.0049103475 8.434386e-05 6.2038634e-06 7.252315e-05 0.00025281776 1.7198598e-06 2.621569e-05 0.0001491356 0.00010765956 0.0030583306 1.3260377e-05 9.459505e-05 7.0731693e-07 0.0022695032 0.0012546805
0.015920864 0.39170948 0.23743504 0.59169656 0.7039226 0.49298012 0.047374353 0.7782517 7.965139e-20 0.14127834 0.12955871 0.016251279 0.056603145 0.6140712 0.02492375 0.0034964394 0.008961723 0.42039794 0.018473953 0.010817317 0.040987447 0.029139983 0.17042418 0.22640176 0.0012913566 0.19636343 0.5114507 0.00036547458 0.0005450829 0.0024096149 0.00012753179 0.12864262 0.0017609594 0.020993292 0.33752593 7.727695e-05 0.0062190993 0.049749326 0.21959794 0.045746673 0.11452516 0.08725712 0.039182637 0.005264696 0.0007350581 0.0151179405 2.4529876e-05 7.568123e-05 1.1008524e-05 0.002112321 0.020986617 1.12302005e-05 0.008855027 3.2687294e-06 0.023083596 0.003194156 0.0009785007 0.038052052 0.010839938 0.0016713636 1.5564721e-06 0.031935807 0.014170853 1.2696191e-06 0.0009769406 0.0020899 3.2399068e-06 2.276663e-06 2.757292e-07 8.0766526e-08 0.0035309824 0.0036293236 0.00062001526 0.0020735997 9.2366264e-08 0.0026370697 0.006232441 1.6177928e-06 0.00027795104 4.0931445e-05 4.0725743e-05 1.4703033e-05 7.394916e-07 5.258208e-07 0.0031026113 5.4861613e-07 0.0051807277 0.00043347222 7.236193e-06 0.00020786584 0.00072583795 3.400093e-07 0.00010467413 2.6959897e-05 2.0732525e-05 0.008633953 5.748006e-05 1.7522847e-06 4.3314424e-07 0.005384218 0.0005727489
0.6965576 0.29580328 0.50972414 0.2967981 0.216045 0.89950967 0.03810301 0.11600913 0.14127834 2.8272763e-16 0.017902708 0.002888627 0.007144531 0.041918255 0.025206218 0.0027551227 0.008936827 0.4223732 0.0039898218 0.004110127 0.012696677 0.86020434 0.34839147 0.008849662 0.0008138304 0.008007484 0.029428992 0.00027207503 0.0002580644 0.002404254 0.00038891996 0.21078604 0.0008695481 0.0035347606 0.20926821 0.00012696833 0.0018493058 0.05571918 0.0077198837 0.42532504 0.0042858846 0.002995037 0.031134766 0.3699523 0.00035213208 0.0027361508 2.8269791e-05 0.00017237582 1.8467704e-06 0.0019388297 0.00066261535 2.0174688e-05 0.17319597 1.68901e-05 0.65855145 0.09612878 0.050477322 0.00046437464 0.32694915 0.12623444 7.3186953e-07 0.006598357 0.112243466 1.6446951e-05 0.001510456 0.037768994 3.8649694e-07 3.2475245e-07 6.9910875e-06 2.6793202e-06 0.037269253 0.0544331 0.0051321816 0.021243835 6.5518077e-07 0.02078457 0.22140253 6.954474e-06 0.011125637 0.0034957442 1.5000162e-05 1.3985249e-05 1.8045665e-08 8.0188806e-07 0.04558422 3.1854103e-07 0.0725759 0.0008864072 7.617061e-06 0.001355992 0.0013148336 2.9815812e-06 0.000779235 7.4138836e-07 3.0424687e-07 0.13912831 0.0011947505 5.732144e-08 2.6089737e-07 0.009710434 0.0045590466
0.03930056 0.23361677 0.18512827 0.27403677 0.11599464 0.04603925 0.8490918 0.45588365 0.12955871 0.017902708 4.2279491e-19 0.7571072 0.73926383 0.26618692 0.47511664 0.2765626 0.72047305 0.011524201 0.6191158 0.5643546 0.5233314 0.0027625554 0.048807956 0.5176379 0.084326334 0.49716386 0.10978981 0.21150427 0.032753054 0.22064269 0.05352573 0.051728874 0.06177134 0.279538 0.02280961 0.01614393 0.1601257 0.1789292 0.14595751 0.000492981 0.1380767 0.16195416 0.15789814 0.0001490274 0.08359582 0.09067544 0.010729431 0.026461918 0.0020757732 0.04515284 0.046181243 0.009341287 0.00023649044 0.005389006 0.003967246 0.00013987136 8.467114e-05 0.03136905 0.01383833 8.50177e-05 0.0003781614 0.0035510415 0.034560032 0.00025222483 0.017120035 0.00012193703 0.00026839774 0.00034431036 0.0004166388 5.532735e-05 0.00028739756 0.00027233647 7.512545e-05 3.3335953e-05 1.7913713e-05 0.00030653915 0.0016716107 0.000102539765 1.4856641e-05 1.0431424e-05 9.227809e-05 0.0001355067 5.904457e-05 0.00013025365 0.0005127957 2.409388e-05 0.0021157456 0.00015706827 5.171886e-05 0.00011515879 0.00031306662 2.472816e-05 9.8472825e-05 0.00035934977 0.00025980605 0.00047713175 4.3497974e-05 0.0009431091 2.2940498e-05 0.0055724843 0.000677385
0.21346502 0.055690315 0.051849477 0.0594358 0.011264617 0.00871364 0.8666468 0.14290254 0.016251279 0.002888627 0.7571072 1.6991405e-19 0.42844006 0.074974775 0.6120686 0.70369864 0.84987116 0.0024212385 0.55823755 0.559135 0.33447775 0.00036950826 0.028243603 0.301783 0.5761163 0.279404 0.031292263 0.59040487 0.25695553 0.4957329 0.50925326 0.034811575 0.32777917 0.22376436 0.0042723706 0.24307302 0.23419508 0.2967597 0.020185908 5.3450232e-05 0.0261143 0.042894553 0.32166216 2.0805097e-05 0.17830437 0.06115756 0.08303103 0.1023116 0.019222124 0.23938087 0.013462521 0.047446776 4.464435e-05 0.035961807 0.0012158409 1.9245552e-05 1.5790307e-05 0.00206208 0.0070730015 9.368011e-06 0.0027925428 6.7077104e-05 0.038592264 0.0008786125 0.08436143 1.495959e-05 0.0022288323 0.001377139 0.0063538225 0.0006317524 2.3380335e-05 2.8609955e-05 1.2184351e-05 4.2189913e-06 8.257213e-05 3.7176174e-05 0.0014890679 0.00024287614 1.6953012e-06 3.2003595e-06 5.7982234e-05 8.794704e-05 0.00036778222 0.0008604004 0.00013818989 0.00015118525 0.0021695571 2.9677418e-05 0.00010170678 6.4114624e-06 0.00010356974 0.00011585044 5.208611e-06 0.0023631877 0.0011815646 0.00048426475 8.723871e-06 0.0042681047 3.1639564e-05 0.007875573 0.0014587467
0.026729431 0.084643826 0.075386494 0.08812221 0.030556668 0.015058356 0.43535602 0.18286781 0.056603145 0.007144531 0.73926383 0.42844006 1.786339e-18 0.15122256 0.36986285 0.10684725 0.5531537 0.008633863 0.64776754 0.5907711 0.6189611 0.00084428804 0.020536335 0.46870413 0.061538465 0.44431332 0.08859297 0.11097063 0.024730323 0.18033785 0.039689757 0.018741306 0.014986515 0.30430183 0.024994738 0.01260915 0.23051834 0.110295616 0.10867011 0.0002077727 0.102702655 0.20192593 0.10615077 0.00037361565 0.12898079 0.26107535 0.010468827 0.026718294 0.002121272 0.020848652 0.06377601 0.003545524 0.000102410384 0.0018619713 0.0013258778 5.5666602e-05 3.791733e-05 0.07384965 0.0018375544 0.00011488588 0.000530508 0.0059204088 0.0063709966 0.000497145 0.011275332 4.697873e-05 0.00061821856 0.0004003919 7.399199e-05 9.940168e-06 0.00025347757 0.00014699313 2.4304769e-05 5.6765504e-05 6.60992e-06 0.00033471963 0.0008676955 0.00018813173 7.1178747e-06 1.1097738e-06 0.00030770307 0.00028999636 6.417124e-05 2.0955978e-05 0.00011838035 1.0609203e-05 0.00091319345 3.372961e-05 2.980167e-05 3.599395e-05 4.269723e-05 3.0572326e-05 4.8298298e-05 0.00028496204 0.00012238369 0.00054669415 1.1399567e-05 0.00090538815 1.16657175e-05 0.0030770781 0.00079693494
0.0025714668 0.16842504 0.123439126 0.32479516 0.21437441 0.15426075 0.11007726 0.69610035 0.6140712 0.041918255 0.26618692 0.074974775 0.15122256 1.1813364e-20 0.040874723 0.012353963 0.026974235 0.10947195 0.057012253 0.03311438 0.16252896 0.0037380632 0.061623853 0.39640355 0.0036367273 0.33016 0.8099341 0.0024927673 0.001433972 0.005603751 0.0006719694 0.030840762 0.001407764 0.07855858 0.15243654 0.0001583142 0.013593287 0.03318178 0.28495172 0.00970231 0.15936893 0.1635256 0.025928583 0.0010026235 0.0021053734 0.07294065 3.946401e-05 0.00028703467 7.5232874e-06 0.0018131498 0.05721007 5.4026725e-05 0.0022133822 1.6151913e-05 0.001863868 0.00043444848 0.00033093613 0.05776347 0.0019566924 0.00042091872 1.0523153e-06 0.039476085 0.003740597 8.719871e-06 0.0013199754 0.0005558287 3.093552e-06 4.173319e-06 6.859742e-07 1.8185195e-07 0.00087820494 0.0011960953 0.0006044189 0.00014860532 1.3917779e-07 0.0006692404 0.002073835 1.4565065e-05 1.7428876e-05 4.1993617e-06 0.00030557797 8.206468e-05 2.3687778e-06 1.4680315e-06 0.0010564139 8.250994e-07 0.0027852922 0.0003965625 6.319338e-06 9.616977e-05 0.0004041184 6.1869837e-06 6.678763e-05 5.2382584e-05 8.401743e-05 0.003057405 4.519016e-05 1.533532e-05 3.6862025e-06 0.0007681083 0.00058301585
0.79122424 0.106331974 0.3048744 0.3558564 0.03466224 0.014470166 0.8872228 0.20417568 0.02492375 0.025206218 0.47511664 0.6120686 0.36986285 0.040874723 2.4792853e-15 0.8483289 0.39875722 0.0038344192 0.16744183 0.20087487 0.1948027 0.0038265649 0.07244734 0.13339119 0.37828568 0.07924909 0.028706465 0.08794047 0.1710161 0.043088112 0.07767178 0.10317094 0.3548011 0.033564273 0.0062910225 0.06067061 0.024517179 0.78835565 0.015876932 0.0010359598 0.011237068 0.012323793 0.5866311 0.00020364656 0.010799414 0.015128534 0.003455787 0.0061553447 0.0076267617 0.21399221 0.0046331696 0.007821647 0.00014122891 0.005248029 0.0036847352 0.000112149115 9.650853e-05 0.001392271 0.029921008 6.116696e-05 0.0009490508 0.00014114274 0.21936864 0.0001707197 0.03690479 2.8486515e-05 0.0024543556 0.0013031696 0.0003976619 0.00015241795 0.00018735432 2.9667455e-05 4.591984e-05 7.4549134e-05 1.3447008e-05 7.3811952e-06 0.0056236023 0.00011244727 1.1278997e-06 3.1792022e-06 0.00017132318 0.00011275438 7.5205804e-05 0.00011185494 0.0002683693 9.465376e-06 0.002296896 9.475215e-05 2.6561012e-05 2.2438613e-05 0.00018682136 6.2575884e-05 2.2741924e-05 0.0002815715 3.173621e-05 0.0016826178 5.423032e-05 0.00037991113 2.1597093e-06 0.100920275 0.02157493
0.80085456 0.023117041 0.025835514 0.029258415 0.0032520837 0.0027415915 0.5185578 0.04457777 0.0034964394 0.0027551227 0.2765626 0.70369864 0.10684725 0.012353963 0.8483289 1.4047428e-17 0.5054123 0.0015244739 0.2547072 0.32261655 0.120814934 0.0007683252 0.037846025 0.05230239 0.79958946 0.048250023 0.005495383 0.42364126 0.61548793 0.22841993 0.3796034 0.03579511 0.56787246 0.06019136 0.001625548 0.20392932 0.06550994 0.42800975 0.003645476 8.197152e-05 0.005900627 0.014842467 0.40075383 4.9296057e-05 0.06888699 0.026998678 0.06826059 0.062122773 0.050516766 0.4110741 0.0030554696 0.046867676 0.000102998645 0.037444357 0.0014160565 1.4429079e-05 2.2893008e-05 0.0005217488 0.007778595 1.0645455e-05 0.0056856303 4.148291e-05 0.10772011 0.0011294623 0.18743451 3.278115e-05 0.0067586927 0.0052181897 0.0044055316 0.001448384 6.45824e-05 2.2171887e-05 2.8090994e-05 1.0411605e-05 0.0005355956 1.4374894e-05 0.0026444397 0.00017674183 3.19862e-06 1.1141519e-05 0.00010792147 0.00023344188 0.0010828143 0.0013312539 0.00028396858 0.00040624788 0.003262081 0.00021070035 0.00028121378 1.0671529e-05 0.0006208276 0.00024186997 1.0947175e-05 0.0020297018 0.0014300914 0.002393748 2.6080608e-05 0.005162282 0.000101435166 0.071509026 0.018455472
0.14111908 0.032497484 0.034130644 0.027611902 0.006228056 0.016211057 0.44955465 0.05399133 0.008961723 0.008936827 0.72047305 0.84987116 0.5531537 0.026974235 0.39875722 0.5054123 6.547083e-17 0.014488676 0.6774316 0.7011613 0.5540067 0.000895511 0.01109855 0.22959483 0.50553066 0.22980782 0.013340245 0.7215551 0.31252748 0.65143585 0.7650913 0.010712612 0.19587155 0.3273433 0.011865817 0.40577364 0.3821089 0.13585871 0.012055442 0.00017647486 0.02040431 0.067050196 0.15671138 0.0005949768 0.28783414 0.16044772 0.23343624 0.24095365 0.064215936 0.16271387 0.021168636 0.05469671 0.000120129254 0.049747508 0.0014947675 0.000120595185 3.4775156e-05 0.011032142 0.004521097 0.0002218584 0.016429303 0.00061981427 0.034218322 0.007148695 0.1185741 0.00016085454 0.012983614 0.011893262 0.017478105 0.0063165845 7.1784605e-05 3.450789e-05 5.855325e-05 1.00526695e-05 0.001692844 0.00013968941 0.0023347307 0.0016937007 1.8711806e-06 2.158128e-06 0.00015714421 0.0003977171 0.005333836 0.0059337635 0.00031437405 0.0015813585 0.004273448 3.2027427e-05 0.0026621853 5.473828e-05 4.320386e-05 0.0020093475 4.593395e-05 0.015983833 0.0124119595 0.0009356605 8.474405e-06 0.014034424 0.0011819941 0.0095571205 0.002935394
0.080625795 0.1581934 0.2628413 0.17335716 0.17650975 0.68591976 0.007994592 0.11911419 0.42039794 0.4223732 0.011524201 0.0024212385 0.008633863 0.10947195 0.0038344192 0.0015244739 0.014488676 5.227088e-15 0.0066285618 0.0063705533 0.01976964 0.093904845 0.1261174 0.04284767 0.0011347089 0.0395032 0.11091725 0.00082676107 0.0005150112 0.0019495186 0.00058380706 0.08974239 0.00040140486 0.011474107 0.77742875 0.00018323795 0.005382216 0.018239396 0.06921536 0.48338652 0.055026896 0.030306265 0.006349982 0.17742312 0.00084508996 0.026953708 0.00014096356 0.0004318136 1.01779315e-05 0.0014653543 0.0085098045 9.1177455e-05 0.16290335 8.4374515e-05 0.17472872 0.043641385 0.023664923 0.009716237 0.022320883 0.06500087 1.9342235e-06 0.0573685 0.034928195 0.00010854026 0.002247587 0.08750968 7.4148795e-07 7.3557595e-07 6.895203e-06 2.5253482e-06 0.03409133 0.08586308 0.046511155 0.018488713 1.1642314e-06 0.035292048 0.05068234 6.684702e-05 0.01775144 0.00322106 0.00011966194 4.3021562e-05 6.6346166e-07 1.3993748e-05 0.026774399 6.231002e-06 0.019071061 0.0047523193 8.912735e-05 0.004563773 0.008058194 5.0871942e-05 0.0069350363 5.007116e-05 5.5976914e-05 0.06270007 0.005058335 6.87998e-07 8.4815765e-06 0.015934581 0.005925617
0.013519841 0.04108963 0.02709626 0.033735014 0.01352522 0.006314726 0.24537976 0.04531366 0.018473953 0.0039898218 0.6191158 0.55823755 0.64776754 0.057012253 0.16744183 0.2547072 0.6774316 0.0066285618 9.416351e-21 0.8164234 0.6954969 0.00052169774 0.0077318456 0.35858878 0.17804518 0.42571017 0.03396438 0.36838594 0.08400555 0.54430556 0.19207811 0.0076794536 0.05759051 0.573627 0.013639561 0.059836917 0.54986143 0.04246397 0.026910169 6.388443e-05 0.03770824 0.1537316 0.044182792 0.00045057968 0.31082356 0.4366857 0.034594424 0.103996016 0.005896456 0.04159396 0.08717138 0.005883744 5.615673e-05 0.0042406856 0.00074495334 3.43092e-05 2.5409e-05 0.055002935 0.00090992777 0.00010198329 0.002135499 0.0009818986 0.0053073145 0.010325879 0.020342967 1.598435e-05 0.0026455182 0.0016113481 0.0012156965 8.105215e-05 0.00013416438 4.219013e-05 1.2376462e-05 2.249415e-05 5.5311943e-05 7.781985e-05 0.00082318566 0.0026461084 1.1462605e-06 4.5666116e-07 0.0005470308 0.0009586422 0.0003710026 8.878386e-05 7.062736e-05 4.479003e-05 0.0020935377 5.1650964e-06 5.140994e-05 1.3081903e-05 1.759446e-05 0.00014955061 1.8442457e-05 0.0017604826 0.0009573353 0.0006721699 5.545283e-06 0.0023233872 2.4747767e-05 0.0037259127 0.0012017338
0.024299141 0.02539577 0.01808024 0.018622361 0.007555669 0.0063761575 0.2514619 0.024206799 0.010817317 0.004110127 0.5643546 0.559135 0.5907711 0.03311438 0.20087487 0.32261655 0.7011613 0.0063705533 0.8164234 4.5346277e-20 0.6209471 0.00040630254 0.005436584 0.24718104 0.26771203 0.2702198 0.01694743 0.47030613 0.13559127 0.6054309 0.40621918 0.0053865574 0.078333266 0.44973075 0.010228623 0.098603696 0.51807874 0.050178606 0.015977547 8.326906e-05 0.025382925 0.09490102 0.054507088 0.0006358478 0.35967672 0.3448107 0.09400237 0.1877622 0.014391508 0.06589977 0.057673804 0.012464829 7.813114e-05 0.011490817 0.0006347442 5.6719346e-05 3.529272e-05 0.030860318 0.0008700517 0.00012769023 0.0052818656 0.0007453477 0.005444367 0.012731816 0.029711893 3.9928018e-05 0.00446668 0.0030029751 0.0033274712 0.00042208604 0.00011419442 1.8824092e-05 2.0859654e-05 1.7429009e-05 0.00029856048 7.152397e-05 0.0007875024 0.0033409218 1.5973385e-06 1.1268086e-06 0.00039425338 0.00089257123 0.0010881751 0.00052967004 5.908513e-05 0.00029476205 0.0019162635 1.0696349e-05 0.00020200822 1.3808786e-05 2.008881e-05 0.0006582779 2.803308e-05 0.003912276 0.0030485056 0.0006618348 6.696445e-06 0.003938457 0.0001449811 0.0034966278 0.0013489157
0.020568347 0.050602775 0.046321545 0.09347861 0.019253774 0.01583185 0.36973995 0.21087736 0.040987447 0.012696677 0.5233314 0.33447775 0.6189611 0.16252896 0.1948027 0.120814934 0.5540067 0.01976964 0.6954969 0.6209471 3.6974443e-19 0.0014702096 0.0075332643 0.5746313 0.1115783 0.60231084 0.12109913 0.2317665 0.025171675 0.27668577 0.077418365 0.0061958316 0.021444628 0.64945346 0.03534435 0.022149052 0.58249646 0.052191377 0.13075063 0.00020531114 0.1339889 0.31344578 0.034647875 0.00070434477 0.24364462 0.5540877 0.0062341085 0.035007313 0.0040513035 0.019762807 0.18510926 0.003265405 0.0001167388 0.0011992808 0.0011642956 7.616287e-05 6.812315e-05 0.13512081 0.001382697 0.00043388727 0.00069409114 0.010039991 0.006126589 0.0027830582 0.010228955 5.7638925e-05 0.001372482 0.00064176775 6.3810265e-05 2.7430806e-06 0.00028628996 0.00039831057 1.5104178e-05 0.00018708738 5.745794e-06 0.0004846168 0.0010344852 0.0034170065 5.4042625e-06 8.416098e-07 0.0011097534 0.0012842782 9.712752e-05 9.040956e-06 0.00027528717 1.2159417e-05 0.0027929184 4.2789798e-05 1.367322e-05 1.8140854e-05 3.8480517e-05 0.00012117424 4.6482808e-05 0.00044666245 0.00016544701 0.0014995598 9.959184e-06 0.0004799883 6.651459e-06 0.0075994623 0.0019532572
0.6778028 0.09801988 0.21324141 0.047014534 0.063939355 0.438858 0.0058380375 0.01460585 0.029139983 0.86020434 0.0027625554 0.00036950826 0.00084428804 0.0037380632 0.0038265649 0.0007683252 0.000895511 0.093904845 0.00052169774 0.00040630254 0.0014702096 7.4454395e-17 0.244153 0.0020265 0.0003122353 0.001607373 0.0031644262 0.00011576286 4.29583e-05 0.00043486033 1.8497361e-05 0.19188534 0.00012498902 0.00057324703 0.017703824 7.813788e-06 9.283994e-05 0.011399199 0.00090262847 0.2187247 0.00041709104 0.0001641127 0.0051561687 0.5007381 7.140083e-05 0.0001922795 2.2820368e-06 2.190334e-05 4.084737e-07 0.0008331048 7.847831e-05 3.3316007e-06 0.07966368 2.877118e-06 0.85709167 0.09025015 0.025360782 3.3016993e-05 0.48132968 0.13687898 3.132741e-08 8.454503e-05 0.06404277 9.918356e-07 0.00015255842 0.014033288 7.4948716e-08 7.0952446e-08 7.7841827e-07 4.9864937e-08 0.025988504 0.012524867 0.0015520098 0.01539838 1.3464587e-07 0.0050826846 0.29286352 1.7598126e-06 0.0031330986 0.00090621616 1.740499e-05 6.1853198e-06 2.0549368e-08 4.606522e-08 0.040283937 1.4211813e-07 0.076688126 0.00017524067 8.296416e-06 0.00039041232 0.00052598136 1.1181553e-05 0.00031043866 5.362497e-08 1.4144874e-08 0.103843145 0.00063090224 1.7306241e-09 2.0685638e-07 0.0056722458 0.0032996647
0.80960053 0.4869077 0.6960271 0.49917492 0.23352537 0.1256068 0.16059093 0.26542252 0.17042418 0.34839147 0.048807956 0.028243603 0.020536335 0.061623853 0.07244734 0.037846025 0.01109855 0.1261174 0.0077318456 0.005436584 0.0075332643 0.244153 5.7725316e-19 0.02500006 0.004979274 0.014178202 0.03910476 0.0017228395 0.0024354332 0.002974501 0.00078752835 0.8734056 0.009828917 0.0034356222 0.031114047 0.0013375359 0.0018661668 0.24749853 0.0092993425 0.034997612 0.0036561228 0.0024119173 0.11917999 0.015274879 0.0015733159 0.0010251744 9.43895e-05 0.0005568134 0.0002165102 0.02658322 0.00037966087 0.00069717696 0.004203549 9.992925e-05 0.2336242 0.0035315247 0.0014522104 0.00014788627 0.51698637 0.0035250084 2.2493196e-06 0.000956223 0.34091064 6.864122e-05 0.004571634 0.0009474479 2.4626472e-05 9.9161e-06 3.597059e-05 2.7515396e-05 0.002771522 0.0026911695 0.0004127103 0.0033154567 6.966004e-06 0.0018038191 0.023949787 2.3628405e-05 0.00010695997 4.4761396e-06 0.0001631897 0.00011085491 2.4294468e-06 4.658912e-06 0.00509082 2.6128433e-07 0.012242233 0.0006210228 0.0001526239 0.00017074609 0.0016573317 9.785038e-05 9.763627e-05 2.7143412e-06 2.6372416e-07 0.030197343 0.000857501 7.822336e-07 7.0906785e-06 0.016350081 0.008316221
0.005166666 0.1358447 0.0777726 0.21030626 0.09067824 0.03157944 0.2795106 0.33909163 0.22640176 0.008849662 0.5176379 0.301783 0.46870413 0.39640355 0.13339119 0.05230239 0.22959483 0.04284767 0.35858878 0.24718104 0.5746313 0.0020265 0.02500006 8.763957e-21 0.038621917 0.83419347 0.347591 0.03591159 0.00742971 0.048207708 0.006747142 0.015090249 0.0066059665 0.4589625 0.10081233 0.0046568844 0.15868162 0.050313003 0.21204187 0.00081769034 0.17033365 0.33700255 0.039818242 0.0005753329 0.024520371 0.4271371 0.0006976578 0.0036295638 0.0004193063 0.009335183 0.15682012 0.00048761722 0.0002212923 0.00024310949 0.0013255359 8.0585465e-05 8.302237e-05 0.112618476 0.0011743351 0.00035212902 2.740407e-05 0.022665929 0.005281725 0.0002496615 0.004205915 8.845569e-05 4.1469502e-05 4.28187e-05 1.1974509e-05 1.5842489e-06 0.00044775018 0.00043222637 0.00011450413 8.148291e-05 1.2110136e-06 0.00043583557 0.0011879194 0.0005511843 6.9699777e-06 2.1458452e-06 0.0011508304 0.0007779051 1.5261423e-05 7.970546e-06 0.00029149666 2.1045655e-06 0.0026944168 9.8067874e-05 7.5164385e-06 3.4275774e-05 8.9228044e-05 1.0846859e-05 4.8275735e-05 0.0002662933 8.3639614e-05 0.0017879441 2.237867e-05 0.00039961867 3.5127325e-06 0.0023737748 0.0013969433
0.63706595 0.004697741 0.004420611 0.004900024 0.0007204563 0.0013867076 0.106814265 0.010021384 0.0012913566 0.0008138304 0.084326334 0.5761163 0.061538465 0.0036367273 0.37828568 0.79958946 0.50553066 0.0011347089 0.17804518 0.26771203 0.1115783 0.0003122353 0.004979274 0.038621917 3.473774e-18 0.03889539 0.0023369926 0.51162976 0.8939353 0.44166407 0.57399434 0.005611224 0.45597762 0.07872857 0.0010561233 0.7394277 0.14634642 0.07460829 0.0014700813 3.506455e-05 0.0030530663 0.005833212 0.08354394 2.215724e-05 0.21883269 0.027927972 0.2733323 0.25503707 0.20130387 0.42806503 0.0023764044 0.1491533 1.8305762e-05 0.16303587 0.0005668706 5.5990495e-06 6.4177443e-06 0.0003090786 0.0025971252 4.7528447e-06 0.07602152 2.4675368e-05 0.029557595 0.013240016 0.23789197 6.0836087e-06 0.029929107 0.024542773 0.03457789 0.013510902 3.4700784e-05 1.187775e-06 3.6788695e-06 4.7460685e-06 0.0087703485 8.047241e-07 0.0006135181 0.0018245424 3.954335e-07 2.3957703e-06 0.000114442126 0.00028392902 0.007646039 0.006202083 6.88958e-05 0.0016632503 0.001750988 2.697656e-05 0.002940105 8.5789395e-07 8.412239e-05 0.003931634 1.2523396e-06 0.010642539 0.0067591695 0.00023546965 3.820708e-06 0.019337265 0.00087336113 0.034525413 0.0059167487
0.0033454683 0.11384511 0.05188082 0.16051641 0.08279992 0.027689781 0.2192077 0.25909686 0.19636343 0.008007484 0.49716386 0.279404 0.44431332 0.33016 0.07924909 0.048250023 0.22980782 0.0395032 0.42571017 0.2702198 0.60231084 0.001607373 0.014178202 0.83419347 0.03889539 4.213663e-21 0.33499414 0.04659589 0.0071982653 0.066506766 0.009365254 0.00709145 0.0043055983 0.5940273 0.102384195 0.006294401 0.24468346 0.031559538 0.22462869 0.0006431058 0.18854922 0.39684114 0.021701965 0.00065200846 0.030516844 0.5410811 0.0008168555 0.004481441 0.0006820659 0.009044575 0.2053302 0.0004036927 0.00016397596 0.0002785611 0.0012664666 0.00010605627 5.0612274e-05 0.15050751 0.0007770728 0.0002610795 4.558727e-05 0.025277177 0.0032925212 0.0007100565 0.0025875985 0.00011439891 5.377516e-05 7.212049e-05 1.5525442e-05 1.6840585e-06 0.00034442157 0.000367737 9.3419185e-05 6.621172e-05 2.1878507e-06 0.00033021576 0.0007652797 0.0018396435 4.518002e-06 1.1610604e-06 0.0020080104 0.0023782568 1.351217e-05 5.122639e-06 0.0002222167 1.8202155e-06 0.003257767 7.955756e-05 7.869863e-06 3.0058762e-05 0.00012329734 1.9779794e-05 5.278879e-05 0.000238824 7.264304e-05 0.0018337126 2.148131e-05 0.00030515512 2.553336e-06 0.001511526 0.0011780075
0.0008837454 0.11020877 0.08744972 0.283935 0.11623732 0.083244644 0.059405897 0.49379835 0.5114507 0.029428992 0.10978981 0.031292263 0.08859297 0.8099341 0.028706465 0.005495383 0.013340245 0.11091725 0.03396438 0.01694743 0.12109913 0.0031644262 0.03910476 0.347591 0.0023369926 0.33499414 3.681147e-19 0.00040727627 0.0014694666 0.0017330408 0.00010572685 0.013336479 0.0008347913 0.042627953 0.3626161 0.0001561545 0.0034410488 0.019242007 0.617258 0.0063888766 0.43103495 0.36882037 0.012023328 0.0013219393 0.00041421456 0.05676279 2.9961882e-05 7.269349e-05 1.455411e-05 0.0010911941 0.08053973 1.09773055e-05 0.0022779207 3.9136753e-06 0.0016153771 0.0009188201 0.00047070984 0.1315264 0.0012053136 0.0011343382 2.7771864e-06 0.13457711 0.0047569764 1.8736018e-06 0.0007596723 0.001212039 2.5536986e-06 4.302901e-06 1.8016783e-07 1.0245115e-07 0.0021895992 0.0022570253 0.00090052065 0.00087952457 3.0032828e-07 0.0008352165 0.0011922824 1.6206016e-06 5.5137458e-05 1.2817746e-05 0.0004778373 2.5301493e-05 1.6992377e-06 7.926349e-07 0.000627996 1.3043725e-06 0.0015725547 0.0006490585 4.499499e-06 7.115414e-05 0.0011494856 1.2205325e-06 7.777912e-05 3.280689e-05 9.8867946e-05 0.0017115538 9.248831e-05 1.6309026e-06 1.3093065e-06 0.0005342213 0.00083325495
0.03102625 0.0034150882 0.0021809316 0.0026801089 0.0004742526 0.0005275472 0.09073172 0.003459246 0.00036547458 0.00027207503 0.21150427 0.59040487 0.11097063 0.0024927673 0.08794047 0.42364126 0.7215551 0.00082676107 0.36838594 0.47030613 0.2317665 0.00011576286 0.0017228395 0.03591159 0.51162976 0.04659589 0.00040727627 7.41481e-22 0.39607736 0.74023026 0.8999769 0.0024616646 0.20017225 0.17587218 0.00040094843 0.4479442 0.29823533 0.030640317 0.00030709623 3.095168e-05 0.0015236861 0.007590673 0.034836527 4.0244937e-05 0.33900017 0.08736805 0.41866553 0.3696359 0.09725976 0.16483258 0.008713587 0.04468841 1.573952e-05 0.04317083 0.000102459126 4.5762313e-06 2.0099876e-06 0.00057079876 0.00012619428 1.6243546e-05 0.04536135 2.081899e-05 0.0038811718 0.013859177 0.14396887 3.8103522e-06 0.015502458 0.011317973 0.009950147 0.0023653626 9.205698e-06 1.8854716e-06 6.6699436e-06 8.8847037e-07 0.0012411976 2.6858747e-06 0.00034453865 0.0030360895 9.446923e-08 1.0544997e-07 4.9896888e-05 0.00045550245 0.0013942702 0.0011713689 1.4406555e-05 0.0005346204 0.0013684354 2.2378317e-06 0.00028929472 9.3528917e-07 4.1545486e-06 0.0009454352 1.5844183e-06 0.0049316473 0.004456721 0.00028492752 2.824105e-06 0.00786082 7.1213e-05 0.006113871 0.0015858454
0.6441009 0.00094021286 0.0018973217 0.0015409442 0.0004043786 0.0006642233 0.04533859 0.0035689522 0.0005450829 0.0002580644 0.032753054 0.25695553 0.024730323 0.001433972 0.1710161 0.61548793 0.31252748 0.0005150112 0.08400555 0.13559127 0.025171675 4.29583e-05 0.0024354332 0.00742971 0.8939353 0.0071982653 0.0014694666 0.39607736 1.8769732e-17 0.21526936 0.47301465 0.0016073224 0.8611802 0.012702574 0.0017286203 0.74467266 0.030729357 0.04526007 0.00040903135 7.438735e-05 0.0008885909 0.0011607617 0.045309994 7.5170205e-06 0.070579685 0.0037976806 0.17353167 0.1277999 0.6336385 0.56304324 0.00029223485 0.23362021 0.00010083371 0.18357982 0.00022540546 4.771003e-05 1.3379173e-05 6.3167434e-05 0.0005858674 1.4559955e-05 0.10903331 2.0114765e-05 0.028719153 0.0013711364 0.57079345 1.3367516e-05 0.117453486 0.061290495 0.019647498 0.010716806 3.3469394e-05 2.6487317e-06 1.01779215e-05 2.4619767e-06 0.0063099344 3.6465084e-07 0.0007323345 0.00017265796 4.133111e-07 4.647804e-06 4.737813e-05 0.0001365406 0.012515971 0.008827375 1.1345621e-05 0.0032233372 0.0009047283 0.00011509785 0.0014385188 4.336781e-06 0.00019455476 0.0013854027 2.1054727e-06 0.016608926 0.007306387 0.00017789545 2.8479237e-05 0.015202708 0.0007417211 0.06796798 0.010313129
0.0036922593 0.009735279 0.0034148176 0.004509419 0.0021354512 0.00240189 0.065735854 0.0053510014 0.0024096149 0.002404254 0.22064269 0.4957329 0.18033785 0.005603751 0.043088112 0.22841993 0.65143585 0.0019495186 0.54430556 0.6054309 0.27668577 0.00043486033 0.002974501 0.048207708 0.44166407 0.066506766 0.0017330408 0.74023026 0.21526936 3.9091466e-23 0.75717217 0.0019777496 0.10321854 0.2640051 0.0012033748 0.29120877 0.5066559 0.0155152 0.00064973417 5.4624492e-05 0.0015264386 0.008403263 0.019885698 0.00048454263 0.6891932 0.14312643 0.3903669 0.5888199 0.07736701 0.10375207 0.021020073 0.02644339 5.1457228e-05 0.03214877 0.0004069831 2.12386e-05 3.3699469e-06 0.00146361 0.00010301613 0.00022322497 0.015569391 1.8610624e-05 0.0038981375 0.032947067 0.042584226 1.6672975e-05 0.008663428 0.0057992297 0.0061624805 0.0011778794 2.0017496e-05 3.171842e-05 3.3557797e-05 5.464692e-06 0.0006076851 9.254045e-05 0.0012646259 0.00847671 1.12975345e-08 2.994681e-08 4.331071e-05 0.00031501264 0.0005818672 0.00024643424 0.0001154721 0.00024449968 0.003756525 9.867667e-06 0.00022183786 3.2062187e-06 1.4165483e-05 0.0008085405 1.7143077e-05 0.0012155992 0.00054316374 0.0010066653 2.0782809e-05 0.0027399906 2.1637488e-05 0.0055758655 0.0013290714
0.07220486 0.0007603979 0.0013864225 0.0010466819 0.00017956499 0.0013515772 0.0321659 0.0007229727 0.00012753179 0.00038891996 0.05352573 0.50925326 0.039689757 0.0006719694 0.07767178 0.3796034 0.7650913 0.00058380706 0.19207811 0.40621918 0.077418365 1.8497361e-05 0.00078752835 0.006747142 0.57399434 0.009365254 0.00010572685 0.8999769 0.47301465 0.75717217 3.001084e-20 0.00037559876 0.27121305 0.07040558 0.00025881612 0.66935915 0.22376743 0.014539711 0.000112412745 3.104489e-05 0.00046306715 0.003317315 0.013850583 2.1741034e-05 0.35474232 0.042621635 0.75498164 0.53636336 0.16543397 0.19485958 0.0017580286 0.09317178 2.0082662e-05 0.08436785 0.00015518506 1.4410032e-05 3.4461998e-06 0.00023128484 0.000421618 2.2402093e-05 0.08863977 8.664245e-05 0.005831944 0.007461066 0.28407404 5.79361e-06 0.02602334 0.027023641 0.019087955 0.004802566 1.3609125e-05 2.2349548e-06 4.87623e-06 1.9642932e-06 0.0029276833 5.5358614e-06 0.00079392723 0.0014717056 5.589425e-08 3.5579288e-07 2.619545e-05 0.00013342763 0.0031241446 0.0037236745 4.526345e-05 0.0026054247 0.004201896 5.9191184e-06 0.0012463467 3.2512103e-06 7.488342e-06 0.0011770872 3.6836298e-06 0.009864361 0.0087295985 0.0004916525 3.4554935e-06 0.015631683 0.00031199655 0.017128028 0.0054952973
0.9648269 0.32737294 0.42033103 0.3980611 0.16426985 0.06996644 0.18687941 0.2056785 0.12864262 0.21078604 0.051728874 0.034811575 0.018741306 0.030840762 0.10317094 0.03579511 0.010712612 0.08974239 0.0076794536 0.0053865574 0.0061958316 0.19188534 0.8734056 0.015090249 0.005611224 0.00709145 0.013336479 0.0024616646 0.0016073224 0.0019777496 0.00037559876 8.5243245e-18 0.011293385 0.0016706083 0.016790256 0.0008175355 0.0004008093 0.36562443 0.0033793559 0.0138866035 0.00092672 0.00045510862 0.15007089 0.0051978133 0.000105877494 0.00021047461 5.9656854e-06 3.5389177e-05 3.8440532e-05 0.034482498 0.00016819095 0.00011356387 0.0013931623 3.6669477e-05 0.19950324 0.0010838491 0.00030660053 1.234958e-05 0.7112465 0.00084422884 8.842634e-07 6.748011e-05 0.5226627 6.1092833e-06 0.0036149707 0.00015665614 9.356938e-06 7.171477e-06 4.9788014e-06 9.843094e-07 0.00073952024 0.00053113594 0.00010200732 0.0003238109 2.6972728e-07 9.223129e-05 0.021773558 4.6075593e-06 4.4408357e-06 1.2265441e-06 3.0002027e-05 1.1999798e-05 1.3214753e-07 2.8468102e-07 0.0028204154 3.3873786e-08 0.015287864 0.00018339844 5.4970524e-06 3.9212206e-05 0.0006623588 3.3839397e-06 3.1149517e-05 7.6376057e-07 4.9491806e-08 0.023810385 0.00016112029 3.2487418e-07 1.4501985e-07 0.073388025 0.013899223
