2.6476453e-23 0.4497102 0.34734696 0.67307985 0.9304295 0.983547 0.9270952 0.9563708 0.8792988 0.9250782 0.8273301 0.4692593 0.58585656 0.11224735 0.9531989 0.5204499 0.9597425 0.2344405 0.97001404 0.84934336 0.26570588 0.878686 0.67652524 0.27841628 0.81868225 0.9681509 0.16995884 0.8556638 0.89542574 0.9471744 0.88161004 0.012475592 0.81665045 0.9238257 0.65587187 0.91665286 0.853417 0.8166215 0.037141975 0.87796026 0.024165751 0.8238909 0.98722893 0.1348684 0.85005695 0.9820415 0.70182705 0.91808516 0.93246126 0.31238496 0.8657084 0.7530558 0.24701604 0.9682839 0.93412924 0.7888162 0.6522519 0.50315917 0.9881178 0.153761 0.9896854 3.1628886e-05 0.7624555 0.81765676 0.9829689 0.8785357 0.9979291 0.93253785 4.5536017e-06 0.023986537 0.00015071708 0.01428319 0.00013104334 2.7278524e-05 0.59419626 0.018846493 0.39679646 0.0044110185 0.99997914 3.42088e-05 0.98957634 0.9632348 0.017223418 8.132907e-06 0.99996406 0.027721038 0.48751032 0.9991867 0.043886892 0.99139506 0.00030319125 0.005812521 0.9570746 0.19082707 4.3587548e-07 5.5034147e-06 0.0009741288 0.9998684 0.7866383 0.016150128 0.015710887
0.4497102 9.324607e-18 0.9917477 0.9115479 0.65842277 0.5442016 0.61063135 0.31596285 0.59396225 0.011575906 0.5371659 0.30823308 0.010165219 0.04208075 0.0010516312 0.008622807 0.007492826 0.0032021275 0.00024412431 0.054064844 0.0026991027 0.0047552204 0.00040564514 0.0669723 0.0506393 0.007972619 0.014468358 0.009185477 0.109073296 0.13815656 0.0104973195 0.00832564 3.5852394e-05 1.1580763e-05 0.0002767093 0.0013960624 1.2013887e-06 5.1699208e-06 5.381425e-05 0.0028651417 1.6376724e-05 0.00089142023 0.000102525686 7.792754e-05 1.636013e-07 0.009344124 1.7687551e-08 1.0430597e-05 0.0029112466 3.822935e-08 0.0018180803 1.2105076e-08 2.6019259e-06 6.331527e-05 4.454337e-06 1.954992e-06 2.2147289e-07 2.4773433e-07 0.006899854 8.842224e-08 1.5010293e-05 0.0026110897 2.9615764e-08 0.0009341999 0.01603595 8.8516197e-07 0.00018593797 0.007653659 9.546434e-05 4.982689e-07 2.48494e-06 1.0484247e-06 1.8380538e-06 2.691572e-06 7.3196435e-07 1.563189e-07 1.1640223e-07 2.9605259e-08 0.0011981993 3.3439308e-05 0.004474947 0.0024819633 3.9608583e-08 1.3128188e-06 0.00036204956 6.524251e-08 2.2364438e-07 0.0011162409 8.879761e-08 0.0026193378 1.6086487e-07 6.7515145e-08 3.688667e-08 2.2903006e-09 1.2194644e-06 3.1391008e-07 3.372789e-08 0.0012231363 1.463131e-08 5.2074732e-08 8.823721e-09
0.34734696 0.9917477 8.230758e-18 0.83249986 0.8005405 0.7287301 0.3368864 0.12774335 0.431495 0.07630844 0.20443614 0.82862896 0.08191891 0.31156266 0.0043558027 0.08135777 0.0075656055 0.029613368 0.0048848293 0.01952645 0.039892837 0.0033255077 0.0019428203 0.28035396 0.0027263726 0.0018342023 0.10174312 0.0011811225 0.028387103 0.038568895 0.005150824 0.07958804 0.00013440373 2.1240263e-05 0.00060329423 0.001526357 1.4427984e-06 1.709601e-05 0.00021626422 0.0013686783 2.3425957e-05 0.00076058536 0.0002516189 0.00016541088 1.2069136e-06 0.0029219557 8.591667e-08 3.840437e-05 0.00034476543 8.749784e-08 0.00018632939 2.5309491e-08 1.10375395e-05 8.3105544e-05 5.508175e-05 8.528149e-06 9.1335755e-07 3.7332927e-07 0.0038813811 7.2826886e-08 5.1066127e-05 0.08938719 1.2495772e-07 0.00047481875 0.005301891 6.1687606e-06 0.00015569352 0.0008631911 0.00044902702 1.0295593e-06 0.00015798843 1.5855285e-05 7.121344e-06 1.1528783e-05 9.15891e-06 5.6346204e-07 5.168533e-07 8.441866e-06 0.00026585485 0.0003028653 0.0004611732 7.155208e-05 1.1633076e-07 0.0003200778 0.00034346143 8.850407e-08 5.275713e-07 7.985044e-05 1.16230176e-07 0.00011702851 1.7437054e-07 7.7722795e-08 2.1897387e-07 4.904204e-09 1.6530845e-05 1.8007534e-06 3.4348925e-08 0.00015467341 3.950769e-07 2.6223706e-08 3.6426485e-08
0.67307985 0.9115479 0.83249986 3.9781045e-16 0.9763783 0.14494184 0.79249525 0.7192149 0.5320882 0.0050470233 0.41559842 0.17604634 0.0040545966 0.023345513 0.0017545441 0.28999522 0.16033676 0.10119353 0.015804548 0.006719562 0.0013943374 0.0011740149 0.006836376 0.48861358 0.073905334 0.03583512 0.039844707 0.0040303036 0.16604456 0.2108318 0.0030358487 0.007448319 0.00038225306 0.00013292888 0.00088615617 0.0010059848 4.1234067e-05 0.00015027747 0.0049550817 0.019469544 0.0012821188 0.00063193677 0.0008757373 0.00031771595 4.646949e-06 0.023338018 6.199176e-07 0.00025753974 0.0025407728 6.343862e-07 0.0016411239 4.3199415e-07 1.5147395e-05 0.0006018815 4.26899e-05 2.7522245e-05 4.592486e-06 2.2250827e-06 0.004868735 3.530256e-06 6.970361e-05 0.0021828336 7.785541e-07 0.0007674782 0.019797366 1.7663677e-05 0.0004429997 0.007858459 5.035165e-06 5.3875997e-06 1.9667357e-06 2.8705941e-05 2.9533849e-05 3.0239727e-05 1.6645228e-06 1.4307993e-06 2.435922e-06 5.2238274e-08 0.0023261486 7.909891e-06 0.0068518193 0.0023839995 6.5468356e-07 2.0024216e-05 0.00079751544 1.1019989e-06 1.0269811e-06 0.0005732257 8.561269e-07 0.0023447247 1.342532e-06 5.211177e-07 4.7347143e-07 1.8621087e-08 2.6993844e-06 1.5627196e-05 9.991575e-08 0.0011006474 2.6212666e-07 8.918645e-07 1.2701041e-07
0.9304295 0.65842277 0.8005405 0.9763783 1.3343944e-14 0.029329116 0.6114962 0.8097447 0.4406305 0.003990217 0.07595838 0.20040925 0.0044471915 0.032043513 0.0010193425 0.6259108 0.21231951 0.67790264 0.14732927 0.00079499505 0.0019298662 0.00032556197 0.056726787 0.8907236 0.00981401 0.027682155 0.0927052 0.0013288731 0.12790716 0.18710676 0.002941315 0.02002111 0.002465212 0.0008343635 0.000971682 0.00032917407 0.0003191335 0.001000734 0.11988201 0.027339533 0.037023306 0.00060832466 0.0059855944 0.00031109693 0.00012685951 0.02415482 2.3102502e-05 0.00094683556 0.00090963056 2.5348154e-05 0.0017709718 1.951292e-05 0.0006849137 0.0041348203 0.00070966047 0.00027873518 2.8949824e-05 3.470588e-05 0.0050732945 5.5797034e-05 0.0007289916 0.0009493043 1.0856681e-05 0.0004028453 0.023726521 0.00032228406 0.003032938 0.006578229 5.4495213e-06 0.0001619043 4.8012444e-06 0.0010270983 0.0003884566 7.242493e-05 2.7528964e-05 6.2035383e-06 4.1307314e-05 3.7699397e-07 0.006687913 9.259011e-06 0.0066445745 0.0028779542 2.2907977e-06 0.00013199395 0.006028362 2.6642588e-06 1.1208822e-05 0.00038300807 1.3701422e-06 0.0028715483 5.5452037e-06 1.9815354e-06 2.7527996e-05 4.1822776e-07 3.7521438e-06 0.00012378382 1.3346046e-06 0.0019699545 1.1872195e-05 4.3122714e-06 9.527488e-07
0.983547 0.5442016 0.7287301 0.14494184 0.029329116 1.6406429e-12 0.16266364 0.009501443 0.7357555 0.9386532 0.7686057 0.63358635 0.812826 0.23001547 0.611351 0.0012466612 0.00031856762 0.00024808533 4.2248634e-05 0.7559776 0.27160662 0.6690359 0.00021779584 0.0032643152 0.016892994 0.0005978155 0.509364 0.1762713 0.30574837 0.48014733 0.69053113 0.111530475 4.4925578e-06 6.5276095e-07 0.03414248 0.20290025 5.103599e-07 1.3268303e-06 0.00011118981 0.00030351296 7.4838663e-06 0.049953334 2.1844648e-06 0.012357285 1.0073918e-07 0.00038140552 6.40033e-08 4.399756e-06 0.046998877 2.8497792e-07 0.040060528 1.5208114e-07 1.14941695e-05 6.284429e-07 2.4096707e-07 3.3891087e-07 4.258824e-07 1.18078326e-07 0.120301925 1.4742636e-06 7.4207904e-08 0.0013119577 6.4631064e-07 0.011094586 0.124766536 6.8522134e-08 3.3615515e-07 0.06611228 9.703513e-05 0.0007968057 9.1179805e-05 0.0031641135 3.0901315e-06 6.839453e-07 1.0724411e-06 9.016227e-06 2.1231886e-06 0.00019822028 0.0001727507 6.8797446e-05 0.0045562414 0.0072244476 1.9804304e-06 1.5750392e-07 1.4034324e-05 2.7599083e-06 2.7057695e-07 0.001938202 6.525854e-07 0.0029602202 5.595135e-05 1.0014576e-05 1.5711093e-08 5.7523545e-07 4.3057125e-06 1.1935438e-05 2.4141078e-05 0.000819854 3.801543e-08 7.120926e-05 1.1123211e-06
0.9270952 0.61063135 0.3368864 0.79249525 0.6114962 0.16266364 1.5086631e-16 0.93588716 0.90544146 0.012882816 0.83807904 0.03321782 0.0065269964 0.0037053938 0.0014908938 0.11676988 0.7345957 0.10080485 0.07338765 0.05376634 0.0006692759 0.0008283616 0.019866183 0.12228975 0.5974813 0.49690738 0.003197536 0.025056407 0.4713199 0.4787179 0.0054972805 0.00039006918 0.0018515902 0.00049866637 0.00020487243 0.00086377165 6.6670604e-05 0.0003694154 0.0029102478 0.12131556 0.0006433445 0.0013929517 0.0027475108 3.9196915e-05 4.7427293e-06 0.12035396 1.1893936e-06 0.00044413214 0.0053456966 8.959863e-07 0.0044263736 1.3590311e-06 8.3561084e-05 0.00088081387 4.2181924e-05 3.1554293e-05 1.7624578e-06 4.125682e-06 0.0040881066 2.0428935e-05 1.7700555e-05 1.6363969e-05 1.0931385e-06 0.0017846148 0.04429535 1.6736356e-06 0.00033526786 0.017032284 4.7863426e-07 2.8978497e-05 1.8760085e-06 0.00017765859 8.03381e-06 1.996728e-06 3.142772e-06 2.8074855e-06 1.514642e-06 2.7240853e-07 0.007939302 1.5127523e-06 0.038639158 0.012915402 7.785919e-07 7.261786e-08 0.0010637353 1.5160407e-06 4.5933075e-07 0.0027309956 8.354418e-07 0.008863383 3.379662e-05 6.4841565e-06 7.029935e-07 2.991269e-07 1.5575174e-06 1.0901553e-05 2.6604325e-06 0.0046952358 1.258469e-07 8.52058e-06 1.7371733e-06
0.9563708 0.31596285 0.12774335 0.7192149 0.8097447 0.009501443 0.93588716 5.2986543e-13 0.39283013 0.0037997838 0.13744357 0.009011435 0.0021615278 0.0020337796 0.00067142455 0.5160853 0.95155793 0.65047836 0.73573065 0.0018546415 0.0005674578 0.000139911 0.1161276 0.45984563 0.06234837 0.19511373 0.002468135 0.0024307347 0.27204928 0.34392542 0.0013561907 0.00048630737 0.020792296 0.0043989024 0.00011515747 0.0003373862 0.0011404325 0.0032878667 0.07056744 0.1975998 0.034030717 0.00085724884 0.03572211 3.9237042e-05 0.00027795185 0.1207652 0.00011753037 0.004113888 0.0022089693 0.00019514213 0.0031354479 5.458476e-05 0.0007755625 0.012605808 0.0015745603 0.0006575855 5.435044e-05 0.00013565127 0.0046850014 0.00015231261 0.0005588589 1.7475912e-05 2.894433e-05 0.0014614078 0.0260294 0.00015211533 0.0028884949 0.0138806915 1.4626304e-06 0.00047888383 2.5601726e-06 0.0009153829 0.00019830329 2.1699441e-05 0.00027443448 2.3962053e-05 1.8274279e-05 5.9305745e-07 0.022875343 4.598547e-06 0.02580703 0.0075500617 4.615449e-06 2.1126593e-06 0.00949815 4.807723e-06 3.107952e-05 0.0016331745 2.8030445e-06 0.0056189303 3.6473954e-05 2.3385912e-05 4.0858904e-05 4.4552885e-06 1.9393435e-06 3.7710728e-05 1.0438469e-05 0.0034213027 8.961073e-06 1.5415777e-05 1.40088505e-05
0.8792988 0.59396225 0.431495 0.5320882 0.4406305 0.7357555 0.90544146 0.39283013 8.94069e-15 0.16526945 0.9749692 0.4202152 0.09691019 0.09554876 0.070499174 0.109357744 0.11532335 0.042477548 0.02455627 0.15065494 0.02448602 0.0046913237 0.005291556 0.07225823 0.3849901 0.109785706 0.14618798 0.048968468 0.42252454 0.5038562 0.07292378 0.015605059 0.00015162969 3.4029385e-05 0.0042091953 0.001442833 9.8425735e-06 4.2913052e-05 0.0002453417 0.008986924 0.0002477801 0.0015907864 0.00045817925 0.00033373185 2.1773828e-06 0.025516685 2.9377884e-07 1.49021635e-05 0.013175325 4.650378e-07 0.0052941986 1.0765785e-07 1.1903258e-05 4.0441657e-05 4.8150005e-06 5.568628e-06 9.3275673e-07 8.8266e-07 0.008681669 1.7613036e-06 2.5315792e-06 8.077251e-05 3.114013e-07 0.0016390684 0.04882052 1.6555502e-07 3.0871994e-05 0.023248883 3.3063395e-06 8.747815e-06 8.455676e-06 1.7073671e-05 7.116605e-06 2.994093e-06 1.1872246e-06 5.745238e-07 1.5445686e-06 4.582443e-07 0.003729663 2.0353658e-05 0.022076856 0.008231021 2.0624435e-07 1.357049e-07 0.00052785716 6.793584e-07 2.1912261e-07 0.002379028 2.2586087e-07 0.0055399863 5.0793674e-06 4.4952358e-06 3.4266884e-07 8.667724e-09 1.2479196e-05 1.1557791e-05 2.6672396e-07 0.0041568633 4.748925e-08 1.650346e-06 1.297352e-06
0.9250782 0.011575906 0.07630844 0.0050470233 0.003990217 0.9386532 0.012882816 0.0037997838 0.16526945 1.4315574e-11 0.14902459 0.4657212 0.9854531 0.24954806 0.86825776 0.00058110274 0.00015901888 0.0001683691 7.012459e-05 0.5279493 0.6491804 0.58271676 0.00017755882 0.0043573375 0.0063700164 0.00094253 0.52702814 0.091550425 0.06483456 0.117136545 0.4638058 0.13043329 6.182521e-07 2.3767802e-07 0.05858643 0.3617621 2.211911e-07 1.9894777e-07 8.624617e-05 0.00035378194 4.955788e-06 0.07119673 3.5161596e-05 0.03207859 6.627726e-08 0.0006899344 2.2319405e-08 9.558605e-07 0.016515672 1.0538563e-07 0.028688196 8.919397e-08 1.2524138e-06 9.988189e-07 3.6677133e-07 6.681986e-07 3.0990546e-07 6.548197e-07 0.149034 1.2118047e-06 5.854568e-06 0.0014400354 1.6540763e-07 0.018200327 0.023692371 3.1087015e-07 8.713919e-06 0.027154898 0.00014443364 7.592602e-05 0.0003192976 7.23332e-05 3.3199385e-06 5.26497e-06 5.3152585e-06 2.0976522e-06 1.4675808e-06 0.0008003093 0.00015545955 0.00026495554 0.0048446385 0.0050773504 5.9239215e-07 1.9169304e-06 3.3783726e-05 7.0135957e-07 7.469074e-07 0.005376011 4.5611705e-07 0.0024284685 2.5726047e-05 1.4466446e-05 5.4095557e-07 4.322218e-06 2.813169e-05 1.108094e-05 1.2275616e-05 0.0006899755 2.0202295e-07 1.0862201e-05 4.074888e-06
0.8273301 0.5371659 0.20443614 0.41559842 0.07595838 0.7686057 0.83807904 0.13744357 0.9749692 0.14902459 1.5898158e-17 0.10846018 0.065007925 0.009345274 0.035243068 0.0057463236 0.028979031 0.00069963 0.00069646956 0.85086703 0.0059228605 0.17017305 0.00041691842 0.0007115712 0.71339774 0.08687066 0.008548474 0.5347623 0.6016226 0.69899136 0.25884762 0.0009013626 4.1373723e-06 1.3784304e-06 0.00052573084 0.043026183 9.17776e-08 4.4869336e-07 1.6200053e-06 0.0014484316 6.3233256e-07 0.046585802 5.7611393e-05 5.8844624e-05 1.2249286e-08 0.013862958 4.1715382e-09 2.1770652e-06 0.06271167 5.43735e-09 0.054524958 7.923016e-09 4.968861e-07 3.2552716e-06 4.7491451e-07 2.3675773e-07 7.9295965e-08 2.626976e-08 0.018741168 1.4492357e-08 7.1961125e-08 1.2271753e-05 1.380962e-08 0.011658233 0.0986824 8.000601e-09 2.5200723e-06 0.055506404 1.2080984e-06 3.664916e-07 1.8169864e-06 3.3533036e-07 9.6444616e-08 5.6556136e-08 5.3311577e-08 1.9614479e-08 4.1190024e-08 1.3591536e-07 0.0012304374 1.4080025e-05 0.025004722 0.025561925 6.106874e-09 8.273735e-09 4.2669388e-05 8.702678e-09 1.2045723e-08 0.00638531 1.3172908e-08 0.014242099 1.0603446e-07 1.2776123e-08 4.804168e-09 1.5494732e-09 1.3131793e-06 2.0778377e-06 2.6304894e-09 0.0046273917 2.2214959e-09 6.32047e-08 4.4125232e-09
0.4692593 0.30823308 0.82862896 0.17604634 0.20040925 0.63358635 0.03321782 0.009011435 0.4202152 0.4657212 0.10846018 2.0555264e-14 0.70084286 0.9932091 0.19530047 0.007114942 9.073757e-05 0.0017003069 0.0001632557 0.1728904 0.44280773 0.10876262 0.00020315232 0.04697958 0.0018182537 0.0001957912 0.577848 0.007859905 0.017952435 0.031810496 0.09854045 0.3936001 1.132357e-05 1.8934596e-06 0.009777688 0.0090305945 1.3863048e-06 1.7187229e-05 2.9350636e-05 0.0002534563 4.6794645e-05 0.0016189835 1.9798797e-05 0.0014552292 2.8148474e-06 0.0007573076 2.234538e-07 5.8752626e-06 0.0010961174 6.173389e-07 0.0012931653 1.8442562e-07 4.599536e-05 4.0226155e-06 4.3095514e-07 3.4749064e-07 1.1098416e-06 3.919863e-07 0.015972313 1.2789321e-05 1.8874146e-06 0.058588333 2.114438e-07 0.00069981255 0.012142216 2.2309585e-07 1.709676e-05 0.007727323 0.0011364751 0.00038070435 0.00016433743 0.0010794314 9.384991e-06 2.2977458e-05 9.60002e-06 1.2629114e-05 3.3936676e-06 4.7139758e-05 0.00019311436 0.00035406914 0.00040342062 0.00067595136 8.221653e-06 0.00011006872 0.00024244549 5.9021067e-06 1.52257635e-05 0.00025486283 2.7799133e-06 0.0006834893 4.6442838e-05 5.84003e-06 5.2718656e-07 3.2282745e-07 0.00012301675 1.1881517e-05 1.5273828e-05 0.00019261094 3.942022e-07 7.771084e-05 2.1066937e-06
0.58585656 0.010165219 0.08191891 0.0040545966 0.0044471915 0.812826 0.0065269964 0.0021615278 0.09691019 0.9854531 0.065007925 0.70084286 9.805587e-13 0.5809476 0.9129865 0.00022619426 0.00016277158 0.0002574781 5.797504e-05 0.28536162 0.9230984 0.25619116 0.00027748995 0.006325672 0.0018533783 0.0006528671 0.70904577 0.026757533 0.018570954 0.033962235 0.2003476 0.35891497 2.6371874e-06 6.497771e-07 0.056018185 0.11674507 5.2960837e-07 2.7938613e-06 4.971454e-05 0.00062844984 6.0030493e-06 0.020784158 3.1474257e-05 0.024422389 1.0017279e-07 0.0005590196 2.2578236e-08 9.796144e-06 0.0034280582 1.4611017e-07 0.006860558 4.9071915e-08 7.2446655e-06 2.131651e-06 1.1205898e-06 1.2099156e-06 1.5990828e-07 2.7225397e-07 0.04019622 7.016245e-07 3.3274282e-06 0.006936574 2.5327373e-07 0.00474927 0.0070206462 5.023057e-07 3.7345085e-06 0.0054003345 0.00024773946 4.144985e-05 0.0011350405 0.00023645145 6.6329185e-06 1.3583775e-05 5.2950463e-06 1.2018311e-06 8.9652656e-07 0.0012319791 0.00011467844 0.00069502403 0.001695649 0.0021368118 2.1916463e-07 5.2865744e-06 1.5816368e-05 2.3325057e-07 1.303563e-06 0.0018177717 9.646118e-08 0.001290276 3.647152e-05 6.1982746e-06 5.253501e-07 3.1307552e-06 6.436866e-05 1.9175457e-05 3.241392e-05 0.0004731147 3.52082e-07 2.865362e-05 3.3073927e-06
0.11224735 0.04208075 0.31156266 0.023345513 0.032043513 0.23001547 0.0037053938 0.0020337796 0.09554876 0.24954806 0.009345274 0.9932091 0.5809476 5.7611924e-15 0.13720901 0.0034286308 6.3233194e-05 0.00091941695 0.00038666197 0.024298377 0.90234846 0.020170696 0.0002753494 0.011908806 0.0002739429 0.00012078152 0.7318802 0.001641037 0.0014004562 0.0024793919 0.018509133 0.6876303 3.9679988e-05 2.1133437e-05 0.067626044 0.0028714114 8.684865e-06 5.3846645e-05 7.212049e-05 0.00010990562 2.268701e-05 0.0006865522 3.6777571e-06 0.008429562 3.1466407e-06 0.00031274103 7.8177756e-08 1.2309332e-05 0.00031514728 7.915668e-07 0.00053796265 9.105015e-07 2.7084367e-05 7.2366e-06 1.5448765e-06 1.9791898e-06 1.1838372e-06 2.2622346e-07 0.0068919067 2.1727944e-06 1.5813697e-05 0.07138362 3.6192765e-07 0.0005214971 0.0034381163 4.9853224e-07 2.4429373e-05 0.0010815264 0.0013767903 3.0347288e-05 0.0010047164 0.000108923734 7.97984e-06 3.87346e-05 1.0722076e-05 7.260996e-06 2.390553e-06 0.0001820641 0.00014106804 0.0011544898 0.0004978075 0.00035128059 2.5075294e-06 5.1193445e-05 0.00019748422 1.2692353e-06 4.8364673e-05 0.00019609823 1.1515241e-06 0.00052592997 1.1254699e-05 1.941105e-06 6.259322e-06 9.404581e-07 0.0003987828 1.5335087e-05 9.263798e-06 0.00024444 4.5988936e-06 9.259788e-06 9.331144e-07
0.9531989 0.0010516312 0.0043558027 0.0017545441 0.0010193425 0.611351 0.0014908938 0.00067142455 0.070499174 0.86825776 0.035243068 0.19530047 0.9129865 0.13720901 4.4121708e-16 0.00021509406 1.4854956e-05 2.5876981e-05 2.0020807e-06 0.4300846 0.9701387 0.6078787 8.046293e-06 0.00070819503 0.0019315572 5.4170156e-05 0.78858674 0.10576405 0.035669014 0.064688206 0.45510843 0.29278567 4.889247e-07 1.3130935e-07 0.7392337 0.7885293 2.9888493e-08 9.522251e-08 5.3088656e-06 2.5628735e-05 4.3419703e-08 0.20140201 5.3767104e-07 0.2360138 9.111095e-09 3.2615284e-05 2.230748e-09 8.744395e-08 0.037269976 3.509983e-08 0.09364114 9.8000354e-09 2.1325098e-07 7.2508755e-09 1.3477916e-08 7.06893e-08 2.6455087e-09 4.6549587e-08 0.48135003 1.5358099e-08 3.695651e-09 0.0010373567 2.8154917e-08 0.12415872 0.020424891 2.3361635e-09 1.0193437e-08 0.037390314 0.00020699564 6.845052e-07 0.001123846 7.7499435e-06 8.770435e-08 1.5775414e-06 5.9948974e-08 4.1051514e-08 9.1766225e-08 0.014899473 6.314922e-06 0.00025121061 0.0003733567 0.013234903 1.7525855e-08 8.128642e-08 3.5147045e-07 2.7699176e-08 1.2763482e-08 0.033044748 9.171597e-09 0.0030956168 3.14561e-07 4.2557585e-07 1.7167174e-09 3.5305828e-08 1.7748443e-05 6.604873e-08 2.8776685e-07 8.770515e-05 4.776099e-10 2.5764865e-07 4.855723e-08
0.5204499 0.008622807 0.08135777 0.28999522 0.6259108 0.0012466612 0.11676988 0.5160853 0.109357744 0.00058110274 0.0057463236 0.007114942 0.00022619426 0.0034286308 0.00021509406 5.418272e-16 0.06327825 0.9929721 0.30133748 0.001852408 0.00020125712 5.5194436e-05 0.41163296 0.9668275 0.003723785 0.019132053 0.0038929123 0.0009239936 0.02958761 0.047397252 0.0005664618 0.0015091492 0.004564193 0.0005776563 0.0011707969 0.00042183092 0.0003561526 0.0022236847 0.2069175 0.02302034 0.09633633 0.00021238104 0.0047678696 6.875737e-05 8.559132e-05 0.02721988 9.037033e-06 0.0004061307 0.0005160621 8.860694e-06 0.00080391613 1.8002222e-05 0.00029140132 0.0014179986 7.4485746e-05 6.983428e-05 1.0985253e-05 1.6083528e-05 0.003254819 7.858526e-05 0.00057205156 0.01300684 3.6599602e-07 0.00067311357 0.0045384457 2.2786626e-05 0.0014272948 0.003008159 0.000107929096 0.0007879862 2.6338334e-05 0.005729049 0.0024422808 0.0011554756 8.779173e-06 8.816593e-06 7.169169e-07 4.957804e-07 0.0022735356 0.00015323763 0.0072764833 0.0011743839 2.3101852e-06 0.0017026429 0.0011562401 6.1104987e-07 1.1208998e-06 0.00027940856 1.7901688e-07 0.0010501995 3.6429858e-06 7.15091e-07 1.8993671e-07 1.511197e-07 1.13096685e-05 0.00066359114 1.3594808e-06 0.0028726112 1.3684073e-07 9.849607e-06 1.2405106e-07
0.9597425 0.007492826 0.0075656055 0.16033676 0.21231951 0.00031856762 0.7345957 0.95155793 0.11532335 0.00015901888 0.028979031 9.073757e-05 0.00016277158 6.3233194e-05 1.4854956e-05 0.06327825 4.0824905e-16 0.1306236 0.59370416 0.0014898974 1.6028387e-05 4.7200625e-05 0.090070516 0.014148297 0.18937811 0.93347996 2.0607531e-05 0.002662919 0.09019018 0.06394705 0.00050379394 1.39985805e-05 0.10812758 0.036874823 1.7291405e-06 9.5770185e-05 0.0036997476 0.0052659195 0.021217259 0.82788897 0.008716325 0.00034138715 0.31092393 9.472645e-06 0.0007628751 0.42846063 0.00029470414 0.09154346 0.003212037 0.00036703763 0.0035847712 3.2431235e-05 0.0006560743 0.08422744 0.01533002 0.015504026 0.0008380762 0.0006738146 0.0015827873 0.00018145135 0.005745324 8.009698e-06 2.0747895e-05 0.00045516397 0.054580253 0.004094726 0.018710738 0.022448704 3.6770803e-06 0.0006215104 6.294656e-05 0.0013576387 6.619114e-05 5.5899422e-06 0.0003287995 7.544373e-05 1.42260515e-05 1.6190768e-06 0.13435233 2.3215074e-05 0.12656733 0.01836193 1.2894398e-05 3.4747856e-08 0.042747397 6.230539e-06 1.4473042e-05 0.001008431 3.9971587e-06 0.01939501 3.8675982e-05 4.5745205e-06 2.829164e-05 2.8196902e-07 1.0912564e-06 5.05353e-05 3.2449102e-06 0.016978828 1.8249531e-05 8.223762e-06 1.2706923e-06
0.2344405 0.0032021275 0.029613368 0.10119353 0.67790264 0.00024808533 0.10080485 0.65047836 0.042477548 0.0001683691 0.00069963 0.0017003069 0.0002574781 0.00091941695 2.5876981e-05 0.9929721 0.1306236 2.1159077e-17 0.4838508 0.00016554707 4.079606e-05 3.9738727e-05 0.8438323 0.8875693 0.0011543358 0.01957806 0.00016436001 0.00013704794 0.0074728695 0.01215015 0.00034090513 7.701254e-05 0.03795065 0.0059903227 0.00012947552 4.7726593e-05 0.002269656 0.027606554 0.48549512 0.04503939 0.19049346 0.00016897747 0.006777129 1.8624649e-05 0.00077147793 0.024391087 0.00018377382 0.004252939 0.00011863418 0.0003447939 0.0005479613 3.785901e-05 0.0026940622 0.0071555767 0.0011801373 0.00072567596 0.00026721318 0.00020851668 0.0007742939 0.00032224532 0.0011200375 0.00033624368 7.4444592e-06 5.866285e-05 0.0023235125 0.00039095164 0.0023622934 0.0017715627 5.2609394e-06 0.0024028579 1.0073321e-05 0.031877235 0.0011059013 0.00039141218 0.0001282383 2.4204359e-05 5.0929293e-06 2.2297738e-07 0.0011349692 6.8466004e-05 0.0018060163 0.00023959736 1.2379177e-05 0.00014128642 0.0034784148 3.2676942e-06 2.7071688e-05 4.974387e-06 2.4022127e-06 0.0002852641 4.653514e-05 2.267692e-06 2.993608e-06 2.7211252e-07 2.887536e-06 0.00037845346 4.784483e-06 0.00046988588 7.458039e-06 2.8641803e-06 8.6602216e-07
0.97001404 0.00024412431 0.0048848293 0.015804548 0.14732927 4.2248634e-05 0.07338765 0.73573065 0.02455627 7.012459e-05 0.00069646956 0.0001632557 5.797504e-05 0.00038666197 2.0020807e-06 0.30133748 0.59370416 0.4838508 1.622862e-16 0.00026230788 2.2863138e-05 5.159558e-06 0.9927654 0.1667617 0.0085091675 0.13397804 6.854728e-05 0.0010016029 0.10909306 0.11058384 0.00030110247 5.615191e-05 0.25306466 0.08880122 1.3165418e-05 4.2984037e-05 0.0076200734 0.06859056 0.26205987 0.3049543 0.18257433 0.00017791429 0.031446204 1.5685404e-06 0.00047405635 0.23150583 0.00018134133 0.0035871344 0.001951454 0.0029065488 0.00080140145 0.00038148247 0.0070147165 0.02662489 0.0013849683 0.00033933084 2.311641e-05 3.5894747e-05 0.0020428344 0.00068831217 0.0032068535 6.262833e-06 6.406151e-06 0.00049917266 0.02227042 0.000115825256 0.014404992 0.008201762 1.6378581e-07 0.0069584125 1.5996649e-06 0.032939967 0.00024145466 1.6248969e-05 4.696469e-06 0.00036472685 2.451443e-06 2.2143265e-08 0.049084935 3.078814e-07 0.047332827 0.00440496 1.985704e-05 5.4510497e-06 0.020888032 4.510812e-06 2.5052611e-06 0.00032489636 7.1454906e-07 0.0034186363 7.372615e-05 6.389205e-07 2.5190676e-08 4.5425324e-08 5.672572e-07 0.00015745145 8.5285565e-06 0.0046734326 2.225355e-07 7.178443e-06 1.4804395e-07
0.84934336 0.054064844 0.01952645 0.006719562 0.00079499505 0.7559776 0.05376634 0.0018546415 0.15065494 0.5279493 0.85086703 0.1728904 0.28536162 0.024298377 0.4300846 0.001852408 0.0014898974 0.00016554707 0.00026230788 1.9667672e-16 0.09764504 0.9813391 0.0005176601 0.000151485 0.27278963 0.0061478997 0.043454096 0.7591454 0.14896175 0.15839422 0.6795675 0.005659175 3.398865e-05 1.6098275e-05 0.01496007 0.41079488 1.264714e-06 3.5065002e-06 2.005837e-05 0.002698741 9.0630334e-07 0.3474619 6.363173e-05 0.0024592981 5.102174e-07 0.0044498793 8.8842505e-08 8.9667276e-07 0.11225867 1.8784672e-07 0.21052021 2.571393e-07 8.9984105e-06 1.228129e-06 3.7498847e-07 1.1572643e-06 8.5691767e-07 5.3657406e-08 0.10295826 5.7291413e-07 2.3325493e-08 6.034832e-06 7.091835e-08 0.08412045 0.124781385 2.985015e-08 3.6293483e-07 0.10584654 8.174992e-06 6.7643277e-06 8.137892e-05 3.4176956e-06 2.1182788e-07 6.513294e-07 5.7757165e-07 6.362463e-07 2.3456917e-07 5.062043e-05 0.0007229333 5.6972953e-05 0.016461406 0.036699217 6.8143905e-08 4.1486463e-09 3.437264e-05 1.7119568e-07 1.1453345e-07 0.036809973 5.218099e-07 0.020053165 7.8303594e-07 3.3674263e-07 5.96894e-08 1.4221676e-08 3.4343457e-06 3.4488166e-06 7.843809e-08 0.009435184 1.1845271e-08 2.3491394e-07 1.3867087e-07
0.26570588 0.0026991027 0.039892837 0.0013943374 0.0019298662 0.27160662 0.0006692759 0.0005674578 0.02448602 0.6491804 0.0059228605 0.44280773 0.9230984 0.90234846 0.9701387 0.00020125712 1.6028387e-05 4.079606e-05 2.2863138e-05 0.09764504 2.7654433e-14 0.124973655 1.746678e-05 0.002545274 0.00020374448 2.1087695e-05 0.87728137 0.0062597347 0.0019180891 0.004567553 0.08336888 0.73437434 4.1171353e-07 2.4837257e-07 0.68867445 0.12477251 2.6810326e-08 1.8121011e-06 1.86053e-05 5.682855e-05 2.0886503e-07 0.008278077 3.7775642e-06 0.07267528 1.5622582e-08 9.126175e-05 1.3470249e-09 4.774926e-07 0.0014068495 3.1518905e-08 0.0025117204 2.54524e-08 2.7173505e-06 4.4259892e-07 1.4345402e-06 3.5538528e-07 6.0839818e-09 4.5715105e-08 0.04235565 1.3597837e-07 6.536243e-07 0.017991237 5.730865e-08 0.0024803719 0.0030642834 1.0710846e-08 1.1454339e-07 0.0020142102 0.0011504852 1.6177488e-05 0.0052451044 8.113521e-05 4.1592673e-07 5.7205343e-06 9.8407575e-09 6.729877e-08 5.292244e-08 0.014545842 2.2939887e-05 0.0019549045 0.0001610212 0.00087482575 3.7376545e-08 2.2237311e-06 2.2732959e-06 1.6741224e-08 1.9382719e-07 0.0012629199 5.7092495e-09 0.0010405154 1.1747086e-06 3.0268637e-07 3.3456352e-08 2.93564e-07 0.00037576913 7.900411e-07 3.4189782e-07 0.00019661356 5.7240268e-08 9.952328e-06 6.7542163e-07
0.878686 0.0047552204 0.0033255077 0.0011740149 0.00032556197 0.6690359 0.0008283616 0.000139911 0.0046913237 0.58271676 0.17017305 0.10876262 0.25619116 0.020170696 0.6078787 5.5194436e-05 4.7200625e-05 3.9738727e-05 5.159558e-06 0.9813391 0.124973655 2.8673304e-18 3.4118257e-05 1.529298e-05 0.00613636 0.000104099134 0.13300195 0.49513996 0.010227794 0.013675622 0.7002027 0.010303599 5.4394405e-07 3.2343823e-07 0.107396126 0.88123804 5.6084765e-08 7.35998e-08 5.647324e-06 1.7205333e-05 2.0570046e-07 0.629777 6.223454e-08 0.008936721 4.6460245e-09 6.05626e-05 6.7353395e-10 6.159424e-08 0.06735531 2.4146338e-08 0.14276607 3.5620946e-09 2.8027358e-07 1.6288904e-09 2.3449758e-09 5.775017e-09 1.3580776e-08 2.1756088e-09 0.14281249 1.9792237e-08 1.1059607e-10 1.8432971e-06 2.191456e-09 0.10705739 0.034795143 7.2425475e-11 3.3014735e-10 0.045420468 9.665382e-06 7.04933e-07 0.000115424766 2.1085883e-07 9.389655e-08 6.380536e-08 6.927721e-09 1.1046216e-07 4.1217216e-08 8.13174e-05 0.000101050406 0.00011650824 0.002436515 0.012646212 2.1410429e-08 8.904446e-10 6.906944e-08 5.1319436e-08 2.2135527e-09 0.035573334 9.234054e-08 0.0065065282 1.200694e-07 1.4819213e-07 6.029277e-11 9.242005e-11 1.3169211e-05 3.6417367e-07 1.1749908e-08 0.0018876082 2.3784556e-11 3.243969e-08 6.62913e-08
0.67652524 0.00040564514 0.0019428203 0.006836376 0.056726787 0.00021779584 0.019866183 0.1161276 0.005291556 0.00017755882 0.00041691842 0.00020315232 0.00027748995 0.0002753494 8.046293e-06 0.41163296 0.090070516 0.8438323 0.9927654 0.0005176601 1.746678e-05 3.4118257e-05 5.2532543e-15 0.38037202 0.0011117873 0.015022133 1.0785249e-05 0.00048647853 0.007526019 0.011580704 0.0005706757 7.212149e-06 0.7576996 0.33263505 5.093255e-06 3.6663674e-05 0.08520606 0.62490165 0.7154436 0.0728932 0.5982013 0.0001658549 0.026424708 1.42368e-05 0.004822878 0.031281024 0.0022035905 0.011600064 0.0012252979 0.038932342 0.00074684154 0.0047886786 0.048477467 0.03506627 0.007124676 0.0028145495 0.00047942487 0.0009342227 0.000508402 0.008253876 0.0063297907 9.567643e-07 7.0321556e-05 8.9290275e-05 0.0034721822 0.001689412 0.011268753 0.00075122685 8.784796e-07 0.053020198 4.3960486e-06 0.18272892 0.0013041481 8.496526e-05 0.000162818 0.0022623893 3.667469e-05 5.6610958e-08 0.009519012 1.4469557e-06 0.0038321433 0.0005330668 0.0001278178 5.8201254e-06 0.01830228 4.1861367e-05 5.2662275e-05 1.5246671e-05 1.679658e-05 0.00072884804 0.0006250939 1.0961906e-05 1.3283889e-06 1.6942028e-07 8.7272824e-08 0.000787398 2.1283277e-06 0.0008732354 4.1503267e-06 1.25450515e-05 1.3776735e-06
0.27841628 0.0669723 0.28035396 0.48861358 0.8907236 0.0032643152 0.12228975 0.45984563 0.07225823 0.0043573375 0.0007115712 0.04697958 0.006325672 0.011908806 0.00070819503 0.9668275 0.014148297 0.8875693 0.1667617 0.000151485 0.002545274 1.529298e-05 0.38037202 6.891974e-14 0.00020228543 0.00047212804 0.006007735 7.783404e-05 0.005057534 0.0056963717 0.00068638235 0.0035044544 0.006195456 0.0021282216 0.00089736574 0.00011402498 0.0002790006 0.0052301073 0.6396237 0.0003374974 0.6599303 1.1792e-05 5.4999887e-06 0.00038370653 0.0002728676 0.008137257 5.2787404e-06 0.000187087 0.00021120935 2.8993592e-05 0.00049496716 2.3160608e-05 0.00083961134 0.0001334335 9.790336e-06 4.411634e-06 9.167246e-06 3.7208574e-06 0.004986866 8.374261e-06 0.0002932771 0.02154057 1.6968062e-05 0.0001829387 0.022766666 7.208993e-06 8.797439e-05 0.011833621 0.00036038447 0.0020766582 0.00011488084 0.08231047 0.040447157 0.3017102 7.787342e-06 4.5900844e-05 3.9045626e-05 9.589274e-05 0.002798963 0.00041778552 0.0035781518 0.00026741842 2.6254058e-06 0.6610048 0.00077235326 2.907171e-06 7.004588e-06 4.372794e-05 3.4373156e-07 0.0006142054 9.526049e-06 7.32593e-07 2.3455821e-07 1.603754e-06 3.3046545e-05 0.012623848 1.954144e-06 0.0028849875 4.731304e-06 3.577036e-05 2.172754e-05
0.81868225 0.0506393 0.0027263726 0.073905334 0.00981401 0.016892994 0.5974813 0.06234837 0.3849901 0.0063700164 0.71339774 0.0018182537 0.0018533783 0.0002739429 0.0019315572 0.003723785 0.18937811 0.0011543358 0.0085091675 0.27278963 0.00020374448 0.00613636 0.0011117873 0.00020228543 1.4444171e-16 0.73322606 0.00042914448 0.47150674 0.9648356 0.94245684 0.026588354 3.0259462e-05 0.00018330908 0.000114953276 2.9603327e-05 0.00094224646 4.0171294e-06 3.1915068e-05 0.0001047765 0.19839428 1.8463417e-05 0.005625542 0.008283171 2.719359e-05 3.221393e-06 0.35051286 5.1822093e-07 0.00022527587 0.07728517 1.9191738e-07 0.030009214 1.3344449e-07 2.2178147e-05 0.00051692134 0.000102248574 3.3443295e-05 1.4067775e-06 1.2128199e-06 0.0050888467 1.6885147e-06 9.054374e-06 2.2893619e-05 5.0500415e-07 0.002239538 0.20236777 1.3414493e-06 0.00018073342 0.0724613 1.2383604e-05 8.866823e-06 2.3459848e-05 1.6849463e-05 1.0445469e-05 1.8727534e-06 4.6031937e-06 8.222809e-07 8.414116e-07 1.4972699e-06 0.03331509 4.0075767e-05 0.16888742 0.050520424 2.1083832e-07 2.3131692e-07 0.0010593184 4.5779532e-07 1.0317432e-06 0.0054619154 2.3767643e-07 0.041912336 5.9905537e-06 4.0059982e-07 2.4596347e-06 5.4528275e-08 1.7368844e-05 1.4024236e-05 8.135502e-07 0.03921217 2.8004382e-07 5.7657144e-06 7.7576466e-08
0.9681509 0.007972619 0.0018342023 0.03583512 0.027682155 0.0005978155 0.49690738 0.19511373 0.109785706 0.00094253 0.08687066 0.0001957912 0.0006528671 0.00012078152 5.4170156e-05 0.019132053 0.93347996 0.01957806 0.13397804 0.0061478997 2.1087695e-05 0.000104099134 0.015022133 0.00047212804 0.73322606 3.5983217e-16 3.7025307e-05 0.022875953 0.23417108 0.09350836 0.0005609245 1.375592e-05 0.021419305 0.009249201 2.3340267e-06 0.000118378084 0.0013766873 0.0021435055 0.0029314107 0.823803 0.0007823303 0.00080875756 0.24509889 1.893605e-05 0.0004309673 0.9229254 8.77443e-05 0.034114204 0.008546921 9.774349e-05 0.0043566357 7.336005e-05 0.00059319695 0.029885689 0.008475788 0.004848193 0.00015955495 0.00013583225 0.0034165978 0.00021674675 0.001323602 8.1680673e-07 1.3017548e-05 0.0011035382 0.11734029 0.0009107443 0.008911924 0.022971468 1.5475292e-06 0.00076600804 0.0008355938 0.0010779527 3.3820736e-05 1.750905e-06 4.2683507e-05 0.0001185237 7.695597e-06 4.4915464e-06 0.4416665 0.0011041667 0.28026336 0.027073715 3.753023e-05 1.752436e-07 0.034049645 5.2051273e-05 1.7129465e-05 0.0025921047 2.3194429e-05 0.043820016 0.000117460215 8.614386e-06 2.5126557e-05 1.6261261e-07 4.4668795e-05 2.0729065e-05 1.2229589e-05 0.061601747 1.6388363e-05 0.00012575687 1.5074108e-06
0.16995884 0.014468358 0.10174312 0.039844707 0.0927052 0.509364 0.003197536 0.002468135 0.14618798 0.52702814 0.008548474 0.577848 0.70904577 0.7318802 0.78858674 0.0038929123 2.0607531e-05 0.00016436001 6.854728e-05 0.043454096 0.87728137 0.13300195 1.0785249e-05 0.006007735 0.00042914448 3.7025307e-05 2.2675141e-14 0.0068551297 0.0057603316 0.012633091 0.11339886 0.9949692 9.487562e-06 7.043071e-06 0.18302462 0.03519387 1.753761e-06 2.9734597e-06 3.694543e-06 6.143372e-05 4.4027087e-07 0.0045465124 2.1619067e-05 0.113569126 2.6404e-07 0.00011561017 1.9238999e-07 2.3700963e-07 0.001346721 5.73905e-07 0.00345777 4.1704564e-07 4.909247e-06 4.1109774e-06 4.6881723e-06 1.9076842e-06 8.660638e-08 7.096513e-07 0.048063207 1.3574934e-06 1.50586275e-05 0.09259963 1.9156985e-06 0.002365842 0.013896162 7.6669716e-07 8.612217e-06 0.013844984 0.0021526995 1.3957602e-05 0.0027010688 2.1731394e-05 6.7941446e-06 7.3887727e-06 2.1191265e-06 2.2221923e-06 4.5688612e-08 0.050732613 0.0001575913 0.0006160897 0.0018357537 0.0019415874 5.187921e-07 2.2506187e-05 9.769681e-05 3.662411e-07 7.3871796e-08 0.0018109776 2.2142812e-07 0.0010688655 7.7165705e-06 1.135317e-06 2.2629078e-07 1.6360457e-07 0.0004661841 1.6423542e-06 2.8400702e-06 0.0005503308 2.8543523e-08 5.2041573e-06 4.78524e-08
0.8556638 0.009185477 0.0011811225 0.0040303036 0.0013288731 0.1762713 0.025056407 0.0024307347 0.048968468 0.091550425 0.5347623 0.007859905 0.026757533 0.001641037 0.10576405 0.0009239936 0.002662919 0.00013704794 0.0010016029 0.7591454 0.0062597347 0.49513996 0.00048647853 7.783404e-05 0.47150674 0.022875953 0.0068551297 6.4066836e-15 0.412476 0.29854998 0.9834932 0.00049771473 3.1214404e-05 1.536656e-05 0.009812032 0.1644601 3.0388194e-06 7.5106927e-06 1.769031e-05 0.007374409 1.5381625e-06 0.501818 0.00057906634 0.001382676 8.7817307e-07 0.018668067 1.9248799e-07 1.1035266e-05 0.60010755 1.7597041e-07 0.6206612 2.0379122e-07 5.7029456e-06 6.759765e-05 2.2560727e-05 9.335262e-06 8.1366267e-07 4.5254424e-07 0.066798985 1.1546296e-06 1.3854179e-06 8.4545593e-07 6.5042315e-07 0.06686207 0.41711944 2.048778e-07 1.7280072e-05 0.42508954 9.0759386e-07 1.7630151e-05 2.2888096e-05 2.2174721e-05 4.535639e-07 4.128947e-07 2.3991106e-06 4.4305798e-07 4.219854e-07 6.033906e-06 0.0016171557 7.4325304e-05 0.097297445 0.18328257 2.1304406e-07 3.098097e-07 0.00017979479 2.8961531e-07 6.3340144e-07 0.06585229 1.2208403e-07 0.07405321 8.053994e-06 7.5410554e-07 1.8659093e-06 2.3648515e-07 6.015899e-06 2.5920192e-06 1.1304132e-06 0.03741204 8.957637e-08 1.1369325e-06 1.7516724e-07
0.89542574 0.109073296 0.028387103 0.16604456 0.12790716 0.30574837 0.4713199 0.27204928 0.42252454 0.06483456 0.6016226 0.017952435 0.018570954 0.0014004562 0.035669014 0.02958761 0.09019018 0.0074728695 0.10909306 0.14896175 0.0019180891 0.010227794 0.007526019 0.005057534 0.9648356 0.23417108 0.0057603316 0.412476 1.0223222e-13 0.9813447 0.08190843 0.0013058257 0.0007750538 0.0003867678 0.00037057736 0.002037299 3.2546897e-05 4.775546e-05 0.00013788027 0.06558047 1.9884574e-05 0.017715022 0.003411003 0.00037636465 3.7114091e-06 0.23869184 6.411117e-07 7.931159e-05 0.17430657 2.6665823e-06 0.088986635 2.5208908e-07 3.5986934e-06 0.00018643602 4.0724186e-05 2.1156424e-05 4.5369973e-07 5.806961e-07 0.010279734 2.5417674e-07 5.724933e-06 1.061729e-05 2.491897e-07 0.008200648 0.3401459 6.416028e-07 5.328035e-05 0.18717109 2.2616578e-06 9.326559e-06 3.7472912e-06 2.0705713e-05 5.974698e-06 3.9975243e-06 2.3430234e-06 1.8138171e-07 7.6624184e-07 1.4083476e-07 0.028600683 8.0539127e-07 0.3860039 0.1387334 8.682388e-08 2.9031938e-07 0.00036918436 1.6070557e-07 7.2960745e-07 0.016601095 2.1384363e-07 0.095326684 1.9575032e-06 1.1097591e-06 8.172088e-07 4.380265e-09 2.3847645e-06 3.516e-06 4.7944604e-07 0.071290344 3.6071942e-08 8.481605e-07 1.214303e-07
0.9471744 0.13815656 0.038568895 0.2108318 0.18710676 0.48014733 0.4787179 0.34392542 0.5038562 0.117136545 0.69899136 0.031810496 0.033962235 0.0024793919 0.064688206 0.047397252 0.06394705 0.01215015 0.11058384 0.15839422 0.004567553 0.013675622 0.011580704 0.0056963717 0.94245684 0.09350836 0.012633091 0.29854998 0.9813447 9.568097e-15 0.09170221 0.0018528375 0.00030132683 0.00012775564 0.0005722723 0.0028964463 9.818686e-06 1.8544823e-05 0.00015006324 0.021751864 3.0018025e-05 0.019274144 0.00078329636 0.00025966656 9.875193e-07 0.13653088 2.1302417e-07 3.1358755e-05 0.12214573 1.9609486e-06 0.059111822 5.276518e-07 4.0830173e-06 3.3118446e-05 4.6662353e-06 3.5793512e-06 2.8131902e-07 1.2755726e-07 0.013221171 4.3438237e-07 1.3764784e-06 5.7912016e-06 3.3528812e-07 0.011705196 0.29930094 1.602339e-07 1.8006582e-05 0.18695305 9.952058e-07 1.4669602e-05 2.5867744e-06 3.5401903e-05 4.21018e-06 1.6425062e-06 3.1940493e-07 1.0471036e-06 8.880444e-07 1.4694749e-07 0.018236214 3.2919525e-07 0.29459056 0.124384016 1.3697573e-07 2.0886165e-07 0.00016137988 5.020002e-07 1.15644184e-07 0.023250358 4.198995e-07 0.100187965 2.545143e-06 8.471329e-07 1.6556294e-07 1.155352e-08 8.9805485e-07 2.8229526e-06 6.925977e-07 0.06979757 1.0054715e-08 3.4679792e-06 2.0932808e-07
0.88161004 0.0104973195 0.005150824 0.0030358487 0.002941315 0.69053113 0.0054972805 0.0013561907 0.07292378 0.4638058 0.25884762 0.09854045 0.2003476 0.018509133 0.45510843 0.0005664618 0.00050379394 0.00034090513 0.00030110247 0.6795675 0.08336888 0.7002027 0.0005706757 0.00068638235 0.026588354 0.0005609245 0.11339886 0.9834932 0.08190843 0.09170221 4.276655e-14 0.0047494355 7.791978e-06 1.5330837e-06 0.046262186 0.5084231 6.4958635e-07 7.6284624e-07 2.8628107e-05 6.0014383e-05 2.0238847e-06 0.81236917 2.3315395e-06 0.0044268994 3.9209826e-08 0.0005300463 1.3860339e-08 1.903222e-07 0.41280392 8.672937e-08 0.60554886 3.5830567e-08 1.9518493e-06 8.027247e-08 3.2615016e-08 5.067474e-08 7.655665e-08 8.4131564e-08 0.10726864 7.580186e-07 5.9470384e-09 4.8800725e-06 5.9779865e-08 0.115983024 0.14685716 8.589102e-10 1.7920025e-08 0.2575244 3.3371275e-06 0.00013503236 4.227923e-05 9.3031726e-05 1.3358946e-06 4.0635769e-07 2.804249e-07 2.3788746e-06 3.2341015e-07 6.571607e-05 0.00043925535 6.515059e-05 0.02639354 0.067704074 5.578484e-07 2.0905338e-07 3.464234e-06 9.1690873e-07 3.0009364e-08 0.0334678 3.7094574e-07 0.022257311 8.490251e-06 5.594993e-06 2.193936e-09 5.0202093e-08 2.5758529e-05 7.7390075e-07 4.5403868e-07 0.006603743 1.4735626e-09 3.9693514e-06 5.1240625e-07
