5.120705e-32 0.94776356 0.72247946 0.8216404 0.9147225 0.8485007 0.20133987 0.1810915 0.6062519 0.9168435 0.2187446 0.8974935 0.90298444 0.14259069 0.8116115 0.95287275 0.95467216 0.77798474 0.5541585 0.21368536 0.0004963048 0.0009778019 0.043533456 0.041579727 0.05014183 0.9791973 0.039327595 0.31031567 0.69718885 0.15493558 0.0015686939 0.8165648 0.98481905 0.9865504 0.00530044 0.0034402497 0.9668249 0.019217836 0.7875353 0.30051234 0.9677288 0.002744956 0.0023361484 0.0026235764 0.007442997 0.67019224 0.9663518 0.9993757 0.0031612169 0.3133707 0.0040820194 0.52256775 0.99877816 0.0004174406 0.00037969273 0.6792092 0.0070043416 0.1778572 0.07488704 0.017539904 0.00069905946 0.00026844715 0.0010489138 0.034966804 0.079513356 0.0002575891 0.9816368 0.11358953 0.98256737 0.63134205 0.01011327 0.15355136 0.003907535 0.00053464813 1.0904381e-05 0.06369744 0.002558579 0.9274245 4.5488714e-06 0.0054281675 2.449202e-06 0.017241431 0.026688933 9.0617454e-05 0.014695431 3.889149e-08 0.91967106 0.0003766614 0.0050051305 0.9978674 0.00016879417 2.809438e-06 0.7214013 4.1902224e-09 0.9991236 0.99219686 0.99465734 2.2209219e-05 1.6217194e-06 0.34395054 0.9987798
0.94776356 1.5133585e-19 0.8462659 0.6524861 0.30824637 0.14324573 0.4119893 0.095651604 0.062108837 0.052914906 0.050568894 0.051619712 0.13263302 0.015531516 0.011252596 0.013003405 0.002546664 0.002369946 0.00058724795 0.0015088656 0.012603369 0.017317919 0.0023145874 0.0028071806 0.0072803223 0.6057967 0.00040733803 0.00020959668 3.362334e-05 0.0002254203 0.006206314 1.8264398e-05 0.017998746 0.004773197 0.0045481143 0.0045484006 8.467066e-05 0.00036511366 5.0941904e-05 4.3210704e-05 0.00018794237 0.0014190618 0.0062805833 0.00078440265 0.00020470387 1.951168e-06 9.980196e-06 0.051218893 0.00017101219 2.1270891e-05 0.0002743332 2.2207028e-06 0.085942626 6.6678105e-05 0.0012148567 2.108597e-08 0.00047253276 2.3238644e-07 5.4399236e-05 0.00079991866 4.5040866e-05 2.0822585e-05 7.609063e-05 0.0017062856 1.9147879e-07 2.0509322e-05 0.024959639 6.6631785e-08 0.006714915 2.573212e-06 1.2039889e-06 8.885229e-09 5.690694e-08 0.00015611593 4.995278e-05 9.729077e-09 2.183326e-06 7.252031e-07 4.4088156e-06 0.00026173613 1.855572e-05 1.1005978e-08 2.6790799e-08 0.0001459096 4.8146442e-09 0.00010815692 3.282512e-06 0.000109937275 1.0422144e-07 0.13012823 9.825978e-07 0.0002823502 1.7984202e-07 7.3842326e-05 0.00043866257 1.3461122e-05 2.0589436e-05 0.00012621439 4.159105e-05 2.4580527e-09 0.11271545
0.72247946 0.8462659 1.4058946e-18 0.8449098 0.16464265 0.102621734 0.6850962 0.10223304 0.0761049 0.027755646 0.045021355 0.021674536 0.15347525 0.011923255 0.004104937 0.006489885 0.001582118 0.0011307485 0.00019363793 0.0009299812 0.027348125 0.030986924 0.0013487452 0.0013690628 0.00511873 0.41429234 0.00034058912 0.00012977976 1.799803e-05 0.00010917061 0.01541006 6.4698997e-06 0.007663201 0.0026090364 0.005535672 0.0056542144 2.4019368e-05 0.0002375506 2.8260682e-05 9.123455e-06 1.3268411e-05 0.000560729 0.0031470805 0.00033646438 0.00013699137 1.4936802e-06 1.2399612e-06 0.016823202 0.00030962203 6.785999e-06 0.00037621427 1.3950196e-06 0.024588263 0.000167556 0.0034187373 1.20553985e-08 0.00041723065 2.4182464e-07 3.8077316e-05 0.0010933237 8.809898e-05 4.4498636e-05 0.00011090768 0.0011986056 3.1858661e-07 6.612575e-06 0.022373488 1.0693338e-07 0.005955059 5.213498e-07 6.113885e-07 8.35885e-09 3.0777553e-08 0.00011144225 2.4751447e-05 1.2987594e-08 1.300114e-06 3.5802078e-08 3.5813728e-06 0.00043452266 1.6370666e-05 4.1101478e-09 1.0920788e-08 4.5308145e-05 1.2008279e-09 9.634713e-05 2.4355538e-07 2.9559655e-05 2.7042669e-08 0.07110812 8.56778e-07 0.0002835467 8.501777e-09 7.003523e-05 8.859676e-05 9.070435e-07 4.7193353e-06 2.5352698e-05 4.088081e-05 9.420823e-10 0.044795882
0.8216404 0.6524861 0.8449098 1.3777565e-17 0.38842648 0.22710125 0.5750912 0.64923745 0.5643619 0.088325724 0.3361139 0.032607514 0.089608796 0.19444475 0.022795126 0.010775289 0.0039012854 0.0027336 0.002730618 0.0063060964 0.07952723 0.12730657 0.009167986 0.017242046 0.05413314 0.28919807 0.004557521 0.0009819211 0.00035600943 0.0022668361 0.02845589 4.5672736e-05 0.01065093 0.0024149772 0.006999504 0.048970416 5.3042477e-05 0.002607028 0.00010098384 7.590691e-05 9.609773e-05 0.024602411 0.05259271 0.01282062 0.0013476035 2.6682155e-06 2.9754e-06 0.014873818 0.0014679743 5.7492152e-06 0.0011840023 1.0817537e-06 0.014980436 0.0006387566 0.00753191 8.990588e-08 0.0007341261 5.1375287e-07 3.0899122e-05 0.0012122592 0.00017092464 0.0001042739 0.00012018553 0.0028498392 2.4873856e-07 0.00014235532 0.022811517 7.455421e-08 0.0130835185 2.933137e-06 1.1614392e-06 3.127523e-08 1.441212e-07 7.1537135e-05 0.00086765125 2.646267e-08 1.2229922e-06 7.433593e-07 4.295318e-05 0.0013241664 0.00018338516 3.8539476e-08 5.774623e-08 3.002209e-05 1.4248256e-08 0.00012818766 4.1571815e-07 1.1946724e-05 1.7566526e-07 0.034198307 8.470716e-07 0.00026018565 1.8057793e-07 0.00025025604 0.00013170448 2.3146642e-06 1.0220173e-05 5.8211164e-05 3.790366e-05 8.404543e-08 0.025637323
0.9147225 0.30824637 0.16464265 0.38842648 4.4808466e-17 0.9020445 0.06680003 0.23397945 0.39919847 0.3569937 0.16706866 0.19383264 0.029193953 0.16325428 0.26536113 0.09132828 0.04573216 0.03364554 0.079891 0.09253322 0.021094546 0.010512742 0.059930783 0.0766728 0.12286689 0.49038765 0.03191471 0.02850497 0.03842891 0.027983582 0.0023428951 0.008463429 0.076103635 0.034354303 0.0011758239 0.04867818 0.0009106522 0.014832549 0.0011083118 0.0061610653 0.0012487251 0.047400143 0.052655503 0.032170616 0.010380173 0.00014841059 3.3420718e-05 0.15242672 0.00084211 0.00040875626 0.0006747029 2.9421496e-06 0.11362809 0.00017214139 0.00026671012 6.660546e-07 0.00068396557 2.660416e-05 0.00015270618 0.0004379434 0.00024755546 0.00013962082 0.0005955201 0.00065002794 3.5186704e-06 0.0015936571 0.01108028 1.0440674e-06 0.0033547191 1.3737122e-05 5.6613876e-06 2.3156524e-07 1.0051169e-06 0.00019054096 0.0042414805 2.3397018e-07 1.536881e-06 1.6316922e-05 2.9077795e-05 0.0003245232 0.00037821117 7.896879e-07 4.247892e-07 4.671554e-05 4.1033297e-07 7.1121714e-05 2.1446513e-05 3.411878e-05 3.046711e-07 0.083466895 3.0032586e-06 7.563722e-05 3.1406087e-06 2.0680334e-05 0.0027860205 6.0265655e-05 9.4318406e-05 8.091221e-05 3.193014e-05 8.9590735e-08 0.059455033
0.8485007 0.14324573 0.102621734 0.22710125 0.9020445 7.967853e-18 0.034684565 0.19308251 0.2347918 0.46711951 0.09196462 0.26709065 0.013015209 0.11492067 0.28214678 0.14053696 0.12828672 0.11837082 0.10942548 0.084522665 0.01555524 0.005973311 0.069723636 0.059029546 0.04898261 0.4991106 0.04514736 0.08729051 0.128364 0.05507942 0.0028509889 0.028846143 0.20207365 0.082603864 0.0018774853 0.010599389 0.0088632945 0.0155933 0.016876128 0.03213861 0.02196222 0.010312874 0.008317288 0.0074063507 0.0061230576 0.004142142 0.001305776 0.19927445 0.0027830037 0.008245984 0.00337145 0.00032417182 0.12634625 0.0010074793 0.00034510478 1.1682817e-05 0.0042249886 0.00039006377 0.0028354966 0.0022934407 0.00090564543 0.0009699752 0.0028024982 0.0016211482 5.5055807e-05 0.0012733921 0.012382307 1.51652175e-05 0.0045181103 0.0008082248 0.00014323532 2.017232e-05 2.7844386e-05 0.0015195613 0.0027464265 1.7644077e-05 0.00016045435 0.0006256375 0.00014684573 0.00030138835 0.00064949965 1.889912e-05 2.5456733e-05 0.00046618033 2.0021353e-05 0.00029154087 0.00068584876 0.00067965465 2.7530832e-05 0.051352415 1.860443e-05 0.0006870602 0.00011104283 6.229864e-05 0.005811402 0.0013740718 0.0008471525 0.0013468557 0.00033568696 7.5924822e-06 0.056545667
0.20133987 0.4119893 0.6850962 0.5750912 0.06680003 0.034684565 1.2100813e-18 0.07856251 0.033237055 0.0014291739 0.04146744 0.003803801 0.82988656 0.006394334 0.00010932419 0.00093684613 0.00013509962 3.5095665e-05 4.377039e-06 0.0001241664 0.1607668 0.30598494 0.00039414776 0.0006913769 0.0018839737 0.03229874 4.56669e-05 2.1648633e-05 1.1651957e-06 6.6945363e-06 0.6574316 3.3726747e-07 0.00036697378 8.0650425e-05 0.4912593 0.0020754407 7.3610374e-07 4.888515e-05 1.2652943e-06 2.4059347e-07 4.3999927e-07 0.000106256826 0.0025546632 7.32366e-05 2.563377e-05 7.877799e-08 1.0061301e-07 0.0026658818 3.319177e-05 9.568769e-08 4.335931e-05 1.6320445e-08 0.0073823677 9.066737e-06 0.33266753 5.440089e-09 3.2339318e-05 2.2451337e-08 1.6522924e-06 3.629345e-05 6.8450167e-06 6.588962e-06 7.009834e-06 0.0062967543 9.121654e-08 1.8877619e-06 0.10724444 1.544364e-08 0.064374626 1.3492816e-07 3.4345913e-08 1.7210846e-09 1.4287544e-09 3.883356e-06 7.2676676e-06 2.4157614e-09 3.9399797e-08 1.2365271e-08 1.13167246e-07 0.01000256 3.2471573e-06 7.16533e-10 2.8350566e-09 3.3030205e-06 3.648256e-10 3.6177428e-06 7.932425e-08 4.6850414e-07 2.9194231e-08 0.052483365 2.2190026e-08 5.2521414e-06 6.8481815e-10 2.6096245e-06 1.693972e-05 4.4923283e-07 1.8962197e-07 1.1568812e-06 7.7765026e-07 1.196872e-09 0.027422749
0.1810915 0.095651604 0.10223304 0.64923745 0.23397945 0.19308251 0.07856251 9.413509e-22 0.7978977 0.263165 0.80949205 0.056601956 0.0115436325 0.6025429 0.17744112 0.02382837 0.0076380405 0.006837234 0.0043648845 0.04451133 0.048526905 0.03168459 0.09837655 0.085211694 0.12471688 0.07385922 0.022023065 0.0039973073 0.0012347132 0.009344026 0.0013547932 0.0001972271 0.012467094 0.0066357246 0.0014799498 0.0913523 0.00015543746 0.009049738 0.00010115753 0.0001815824 0.00011893835 0.017505972 0.070130736 0.009534039 0.0018880942 2.174343e-06 5.7109787e-06 0.009474172 0.00084157696 1.0006853e-05 0.00050435995 1.4217317e-05 0.003653061 0.00016355365 0.00032715237 5.516449e-07 0.0010022947 3.5476846e-06 5.0537707e-05 0.00053149473 4.5793982e-05 2.585599e-05 5.9493028e-05 0.0059323628 1.2159943e-06 0.0009843762 0.023035878 5.7824076e-07 0.027973363 6.9006833e-06 2.3644172e-06 2.6032745e-07 1.0822748e-06 6.413129e-05 0.00063062436 2.2745155e-07 1.3624376e-06 4.786064e-07 6.597196e-05 0.0051019937 7.3037256e-05 1.6552521e-07 2.2630826e-07 3.249284e-05 5.983724e-08 1.8326758e-05 6.785119e-06 3.415296e-05 5.1454816e-07 0.012881776 5.8441447e-07 7.7084915e-05 4.3135606e-07 2.1876245e-05 8.3070525e-05 8.948571e-06 2.2794187e-05 2.956896e-05 3.9837567e-05 4.2946994e-07 0.010830856
0.6062519 0.062108837 0.0761049 0.5643619 0.39919847 0.2347918 0.033237055 0.7978977 1.2818095e-21 0.54154843 0.6616275 0.13430206 0.006414955 0.5926998 0.41720873 0.061683904 0.023699202 0.019475155 0.009214707 0.06946054 0.015553483 0.008653556 0.12136809 0.11511812 0.21588017 0.12159629 0.02086875 0.0056580314 0.0039775237 0.009394713 0.00022626179 0.00029011222 0.033204243 0.01782068 0.00058593974 0.0841642 0.00050545565 0.017789613 0.00039518788 0.0005810753 0.0016680077 0.05395053 0.06855748 0.03278388 0.009940283 4.119356e-06 3.4708628e-05 0.032123677 0.004218778 2.6311824e-05 0.0032496208 1.778818e-05 0.018267956 0.0011912287 0.00025193108 1.01367704e-07 0.0041367495 8.021768e-06 6.1993895e-05 0.0012125412 0.0004869775 0.00029031842 0.00064882764 0.002396401 6.304592e-07 0.007738677 0.019980324 5.943705e-07 0.020399146 4.3239725e-05 1.9262545e-06 6.805817e-08 1.2719399e-06 0.00032015442 0.0096246675 8.764047e-08 2.4767753e-06 3.9044003e-06 0.00031294778 0.0035036493 0.001192888 5.2322815e-07 2.2091938e-07 0.00012106568 2.6554858e-07 4.7029385e-05 7.197002e-05 0.00011820671 6.4006093e-07 0.013635348 5.117526e-06 0.00020213194 1.37464e-05 5.3895452e-05 0.00045111115 3.9992803e-05 5.7444227e-05 9.671999e-05 5.2750944e-05 3.997425e-06 0.020377157
0.9168435 0.052914906 0.027755646 0.088325724 0.3569937 0.46711951 0.0014291739 0.263165 0.54154843 7.295077e-19 0.14146583 0.43015644 0.0019421236 0.3845649 0.795637 0.2283188 0.12390677 0.1696788 0.4452165 0.4652344 0.0071803164 0.0006197652 0.3788287 0.29772136 0.23789573 0.24995327 0.24606366 0.20067082 0.30568805 0.24229515 0.00016375905 0.0794879 0.31648833 0.20619984 0.00042760617 0.02959485 0.017224183 0.17251289 0.022757374 0.0883205 0.029850688 0.055783946 0.005649291 0.06415439 0.08748628 0.005933919 0.0009495374 0.3825811 0.054015737 0.010082136 0.034317452 0.00023027332 0.09268622 0.023320952 1.6537357e-05 1.8489336e-05 0.024430938 0.00035201793 0.0042935344 0.0047671394 0.004168978 0.0033865264 0.007534267 0.00061306334 4.234702e-05 0.021605484 0.03196521 2.1111953e-06 0.01943081 0.00026331015 6.342888e-05 1.4831153e-06 3.2449284e-06 0.001323749 0.030723907 2.576591e-06 1.585973e-05 0.0003863188 0.0003724365 0.00068123057 0.0039789216 4.284556e-06 2.1403082e-06 0.00026659365 1.7459394e-06 0.0002847966 0.00021581259 0.0001445746 5.498305e-06 0.037424456 5.997293e-06 0.0003495864 3.676118e-05 3.565402e-05 0.01192172 0.00039596524 0.00065557205 0.00026098563 0.00012606848 1.5141753e-06 0.04895225
0.2187446 0.050568894 0.045021355 0.3361139 0.16706866 0.09196462 0.04146744 0.80949205 0.6616275 0.14146583 1.9186334e-19 0.017849246 0.012537451 0.8232424 0.09368292 0.007470696 0.0033313166 0.0032797346 0.003411686 0.05356219 0.11944004 0.051153667 0.17915475 0.18155801 0.39283174 0.011954019 0.019760324 0.0038867395 0.002308077 0.00577653 0.0007005845 0.00044960124 0.0070520677 0.0032224797 0.0015509097 0.3909484 5.8333095e-05 0.011017549 0.00011265551 0.00026809124 0.0002507379 0.1390107 0.39384204 0.054983765 0.002889046 1.3283364e-05 4.0703453e-05 0.006093036 0.0013566304 2.7227321e-05 0.0012071807 2.3322456e-05 0.0012318445 0.00030537957 0.0006058525 9.682085e-07 0.001591703 1.5844886e-05 0.000101019665 0.0024246362 0.0003026473 0.0001460665 0.00027651357 0.007570434 2.1884184e-06 0.0017004488 0.013538607 2.7787496e-06 0.028981257 4.4405584e-05 3.268489e-06 1.5372505e-06 1.307743e-06 0.00025152127 0.002764504 2.075576e-06 1.8971289e-06 5.728161e-06 0.00018426222 0.00877152 0.0003346606 1.7860635e-06 4.7848323e-07 0.00019844876 2.5018696e-07 0.00015771775 1.1816813e-05 0.00011504056 4.6465078e-07 0.009618561 6.4816704e-06 0.0002051575 2.7376918e-06 0.00011641494 0.00019998557 4.2271087e-05 0.0004425757 0.00016766902 0.00014852826 1.2833641e-06 0.006877771
0.8974935 0.051619712 0.021674536 0.032607514 0.19383264 0.26709065 0.003803801 0.056601956 0.13430206 0.43015644 0.017849246 1.9048584e-18 0.0049120598 0.029065419 0.26966566 0.85100085 0.48571727 0.122364655 0.20815377 0.066349804 0.0033276363 0.00026279388 0.02862793 0.018977571 0.012722341 0.3187057 0.0549066 0.13232866 0.19492975 0.0723075 0.00030429987 0.112818025 0.32038537 0.3072864 8.185029e-05 0.0026980203 0.027874563 0.012671437 0.044332724 0.05700559 0.053559944 0.003256301 0.00040243517 0.004713837 0.0061867037 0.020842107 0.004361262 0.31619605 0.0014663329 0.011548868 0.0013835841 0.00029125216 0.15433978 0.000488758 5.5063124e-06 0.0001881719 0.0024990477 0.0020033137 0.0017967694 0.0004941467 0.00047320695 0.00023247456 0.0027243663 7.118971e-05 6.652414e-05 0.0011385928 0.004231866 3.460633e-05 0.0012995382 0.0007401545 0.00023104323 2.8731001e-05 4.225649e-05 0.00021854507 0.0026398527 2.0264817e-05 1.7348168e-05 0.00074484135 3.0334902e-05 2.1333522e-05 0.00039134966 1.0721606e-05 2.092337e-05 2.480833e-05 6.9080643e-06 0.00010729558 0.00044009375 5.2752053e-05 1.3754247e-06 0.07414038 1.0615528e-05 6.595038e-05 0.0001714312 2.4901867e-05 0.03863432 0.0016729671 0.0013871011 4.816321e-05 5.4711352e-05 4.836428e-06 0.08377552
0.90298444 0.13263302 0.15347525 0.089608796 0.029193953 0.013015209 0.82988656 0.0115436325 0.006414955 0.0019421236 0.012537451 0.0049120598 3.100387e-15 0.002674165 0.00067575515 0.0009291474 5.3220476e-05 5.867914e-05 6.2685217e-06 8.854194e-05 0.030929897 0.06575582 0.00012042037 0.00024022747 0.00051809446 0.025297271 5.943592e-05 6.573139e-06 1.5958462e-06 7.3243823e-06 0.37083295 9.4839027e-07 0.00056035485 0.00027953222 0.24595146 0.00021861699 3.5702521e-06 2.5322037e-05 6.380999e-06 1.0454424e-06 4.88324e-07 3.9786086e-05 0.00016002767 3.3317105e-05 7.808693e-06 2.7783378e-07 9.749014e-08 0.012986958 9.7348175e-06 3.121818e-07 1.2250227e-05 2.3657762e-07 0.054125994 4.812012e-06 0.14753115 5.718393e-09 2.0481139e-05 6.9666946e-08 7.03581e-07 2.3594563e-05 2.3776975e-06 5.7848564e-07 6.4765177e-06 0.012910027 1.682689e-08 5.7795853e-07 0.52385885 3.6453016e-09 0.25123915 1.523672e-08 7.114446e-08 2.5338167e-09 4.8723177e-09 1.9009411e-06 3.630844e-07 2.364594e-09 2.6797082e-08 6.4197886e-10 5.7860454e-08 0.032211393 6.8272016e-07 4.3054595e-09 4.108118e-09 1.5978831e-07 1.5792023e-09 4.0688624e-07 7.424949e-09 1.1078034e-07 1.7739719e-08 0.23073472 4.2117946e-08 1.2999839e-06 1.411034e-10 1.5233198e-07 0.00063274667 1.7197367e-08 4.412465e-07 8.874767e-08 6.377629e-08 6.081482e-11 0.21291326
0.14259069 0.015531516 0.011923255 0.19444475 0.16325428 0.11492067 0.006394334 0.6025429 0.5926998 0.3845649 0.8232424 0.029065419 0.002674165 4.2300763e-20 0.5586902 0.009684561 0.0039693182 0.007896473 0.014092532 0.37591594 0.015787909 0.0038736765 0.5805412 0.592557 0.6657591 0.010362459 0.05980977 0.00883997 0.0063118516 0.019745838 6.8058085e-05 0.0012857568 0.007563802 0.0033366915 0.00043126516 0.34487772 8.378683e-05 0.08658076 0.0005848053 0.0024254886 0.00018971578 0.12548684 0.21318205 0.09419181 0.02482792 3.064139e-05 8.542745e-06 0.0072908024 0.0066392184 8.842946e-05 0.0056172507 2.8964958e-05 0.0016016294 0.0014715464 6.3371925e-05 5.6327934e-07 0.0071189604 9.188298e-06 0.0001724707 0.0072853607 0.00058097666 0.00016042145 0.00068557117 0.004386283 1.5297684e-06 0.015786493 0.010044152 8.931531e-07 0.021145279 1.9113018e-05 1.102431e-06 8.3943587e-07 5.714414e-07 0.00046306758 0.007979081 6.0491425e-07 5.4270004e-07 5.277693e-06 0.00089889293 0.0044882153 0.001600354 8.087625e-07 3.7756243e-07 0.00017596531 1.3671148e-07 0.00034944655 1.8362502e-05 0.00013484152 2.8236028e-07 0.0066607497 2.7085773e-06 0.00018711183 5.095038e-06 0.00017664359 0.00028053904 4.6557205e-05 0.00047222534 0.00015886108 0.0001858417 4.9404093e-06 0.0062381374
0.8116115 0.011252596 0.004104937 0.022795126 0.26536113 0.28214678 0.00010932419 0.17744112 0.41720873 0.795637 0.09368292 0.26966566 0.00067575515 0.5586902 5.630855e-20 0.13721322 0.127562 0.15386537 0.48347324 0.76543176 0.0022618964 0.0003338579 0.64011353 0.46803853 0.35858995 0.068054035 0.50911415 0.18321384 0.31882563 0.5063754 4.190159e-05 0.07516069 0.085390985 0.10161112 0.00019525307 0.039653283 0.018314442 0.51438063 0.017154332 0.10322564 0.018817099 0.10227572 0.0077379495 0.14058346 0.36640427 0.0033468327 0.0011468582 0.09978053 0.1923607 0.0072752377 0.16345769 0.00013196033 0.018713485 0.08667286 1.24574e-05 1.2560051e-05 0.08429348 0.00052274467 0.0062228106 0.018664997 0.014242743 0.01585838 0.021094304 0.00070892484 5.3167416e-05 0.110269725 0.010457801 1.5446745e-06 0.02228677 0.00016271726 0.00010431129 9.8606584e-08 9.828391e-06 0.0028674805 0.10826895 4.2359943e-07 2.7907337e-05 0.00030725854 0.009749778 0.0013000732 0.032240536 1.7047417e-06 1.6952113e-07 0.00086524663 2.6612025e-07 0.0002675521 0.00014982185 0.00035601505 1.1544039e-06 0.012044324 2.266208e-05 0.0011328793 2.4797095e-05 6.577739e-05 0.0047111176 0.00040113393 0.00057949644 0.00038794326 0.00033938006 1.2897676e-06 0.02737219
0.95287275 0.013003405 0.006489885 0.010775289 0.09132828 0.14053696 0.00093684613 0.02382837 0.061683904 0.2283188 0.007470696 0.85100085 0.0009291474 0.009684561 0.13721322 1.6266714e-19 0.46664685 0.080275126 0.09608859 0.02233146 0.0011672267 0.0004170095 0.008872978 0.007528948 0.0074606105 0.30098796 0.021108793 0.06418956 0.12818336 0.03464686 6.310614e-05 0.053682506 0.5041275 0.62744826 1.2270807e-05 0.0008061083 0.028448233 0.005165185 0.039262377 0.045443315 0.052454717 0.0017149792 0.00014288863 0.0017140153 0.0040826304 0.028065082 0.0027241025 0.36706507 0.0007265773 0.015705224 0.00069050584 0.0006081753 0.16807531 0.00051321794 4.5871304e-05 0.00081449887 0.0019093562 0.0023765857 0.0022190516 0.0008184553 0.00021224357 0.0003251412 0.0018542701 4.2393287e-05 0.00012571563 0.00120979 0.002806324 5.0490642e-05 0.0004828465 0.0008356898 0.00019149353 3.6478203e-05 8.366718e-06 0.0006951305 0.0017725751 2.9348928e-05 4.5506084e-05 0.00033541847 6.230548e-05 8.932532e-06 0.0003571136 5.6127255e-06 2.3293405e-05 9.9110184e-05 3.0181116e-06 0.00010366342 0.00037298285 0.0002187469 3.1184843e-06 0.03758057 4.5010233e-06 0.000100666526 6.022991e-05 3.9628426e-06 0.032066274 0.00074471824 0.001259354 0.00037031466 8.1866674e-05 1.0617993e-06 0.048450295
0.95467216 0.002546664 0.001582118 0.0039012854 0.04573216 0.12828672 0.00013509962 0.0076380405 0.023699202 0.12390677 0.0033313166 0.48571727 5.3220476e-05 0.0039693182 0.127562 0.46664685 6.693288e-20 0.84770054 0.13346118 0.025127234 0.00093662593 0.00014035321 0.008997742 0.004232835 0.0029119644 0.09612637 0.038516685 0.13452743 0.3147725 0.092804514 3.0428228e-05 0.17105658 0.26179218 0.67678374 1.700722e-05 0.0005648076 0.19003327 0.008328602 0.2314922 0.15461858 0.20508212 0.0006331738 7.5737335e-05 0.0009719814 0.0049488414 0.13185053 0.030176435 0.27808806 0.004580065 0.06999379 0.0072586113 0.0036318765 0.0787128 0.0018212706 6.0608213e-06 0.007385572 0.0075439406 0.013633781 0.01576029 0.00424406 0.0037111107 0.0033609846 0.0053753243 1.3423625e-05 0.0017971928 0.0015386527 0.002516602 0.0012676695 0.00024228783 0.0033812062 0.0012015653 0.0007476038 0.00022207093 0.001717218 0.0015369874 0.0006108279 0.0001385434 0.0021929324 0.0001778471 6.241428e-06 0.00043236164 0.00019311547 0.00035058765 0.00031519658 0.0001863834 9.1987524e-05 0.0018090459 0.0003150226 1.6119106e-05 0.02817255 1.0516286e-05 0.00023218806 0.00061249855 9.561664e-06 0.14450288 0.0042114863 0.004956273 0.0005555823 0.00015707276 8.1300575e-05 0.054954644
0.77798474 0.002369946 0.0011307485 0.0027336 0.03364554 0.11837082 3.5095665e-05 0.006837234 0.019475155 0.1696788 0.0032797346 0.122364655 5.867914e-05 0.007896473 0.15386537 0.080275126 0.84770054 1.5134285e-18 0.22606067 0.057794217 0.00067899935 9.0469715e-05 0.028155813 0.011843433 0.0066517517 0.05227831 0.06260523 0.20197047 0.4957854 0.14131291 2.4829325e-05 0.31275076 0.10091956 0.19114941 2.4026032e-05 0.00063261634 0.1419431 0.022451138 0.32750896 0.32152808 0.11486931 0.0013862315 4.448137e-05 0.003981304 0.010757119 0.31080255 0.031082751 0.15026054 0.015608349 0.1997066 0.024542779 0.0047698547 0.03809702 0.008176295 2.1026453e-06 0.020611094 0.025624136 0.035700984 0.062227428 0.017921977 0.019266406 0.013913773 0.015792577 1.4053222e-05 0.0044255233 0.0027451457 0.0025544392 0.0018639336 0.0006303301 0.0030619628 0.0018204041 0.0012712396 0.00040340217 0.005247118 0.0019218124 0.0011450785 0.00055971905 0.00344445 0.00067679514 1.010815e-05 0.00085213734 0.0007685658 0.0004334571 0.0020232403 0.000371618 0.00019320131 0.0017412968 0.00051845255 5.1667193e-05 0.012220047 3.1878142e-05 0.0010262391 0.001079101 1.819125e-05 0.06149171 0.0043320484 0.0058458094 0.0015496052 0.00044496136 0.00021761685 0.02232558
0.5541585 0.00058724795 0.00019363793 0.002730618 0.079891 0.10942548 4.377039e-06 0.0043648845 0.009214707 0.4452165 0.003411686 0.20815377 6.2685217e-06 0.014092532 0.48347324 0.09608859 0.13346118 0.22606067 3.3766106e-24 0.14868484 0.00036531445 1.48293775e-05 0.08877906 0.04069616 0.026506517 0.02550691 0.22726297 0.82828283 0.52549136 0.666238 6.6198304e-06 0.23105651 0.060642846 0.13081685 2.9350226e-06 0.002104651 0.039774578 0.15539059 0.07858295 0.279586 0.027891887 0.016806109 8.712908e-05 0.04694289 0.20294712 0.026181078 0.0029412254 0.06640876 0.1405134 0.047760393 0.11407744 0.00037733358 0.013373619 0.07120102 5.98635e-08 5.216264e-05 0.055911843 0.0017202087 0.014835555 0.021482984 0.02994741 0.028315136 0.031737145 3.5667367e-06 9.4916126e-05 0.061685245 0.0016016915 1.3594731e-06 0.00034673687 0.00022934625 0.00011663855 1.8710422e-07 3.6768702e-06 0.007218656 0.03413963 2.4384101e-07 1.5425145e-05 0.00043967404 0.022233939 2.540597e-05 0.020296538 4.7706345e-07 1.5579623e-07 0.0012361112 1.2560193e-07 3.110401e-05 0.00015489926 9.5761694e-05 1.8092027e-07 0.0065927496 3.2923842e-06 0.0022748143 8.777599e-06 3.2992332e-06 0.006587178 0.00067828904 0.0007555914 0.00020419402 0.0010831603 2.5944712e-07 0.020138646
0.21368536 0.0015088656 0.0009299812 0.0063060964 0.09253322 0.084522665 0.0001241664 0.04451133 0.06946054 0.4652344 0.05356219 0.066349804 8.854194e-05 0.37591594 0.76543176 0.02233146 0.025127234 0.057794217 0.14868484 2.504247e-22 0.0015622362 0.00047605726 0.7530791 0.5057462 0.43256232 0.003507517 0.7392827 0.069392145 0.056336958 0.31510556 1.911185e-05 0.02065387 0.005910486 0.009894181 6.68045e-05 0.040905546 0.0010483003 0.65578634 0.003660542 0.045521118 0.0011441517 0.13207564 0.015628152 0.18957055 0.4455463 0.00064520125 3.7075904e-05 0.007579124 0.15173146 0.0032370237 0.10502511 4.7920203e-05 0.0008133094 0.061789338 6.0918874e-06 5.6840713e-06 0.05383174 0.00010542601 0.0014296809 0.024645463 0.014594961 0.014131305 0.014367832 0.0007178056 1.49446605e-05 0.16119099 0.0034864903 1.9324332e-06 0.009507902 4.7106412e-05 1.7895818e-05 1.8042576e-07 2.3703958e-06 0.003379765 0.12073115 2.6144258e-07 1.0363747e-05 1.2519009e-05 0.0128775025 0.0026520696 0.027326036 8.029295e-07 2.1728411e-07 0.0010564476 1.2937188e-07 0.00036140843 3.294682e-05 0.00031598876 6.197166e-07 0.0038777976 2.3411394e-05 0.002691004 8.955913e-06 8.257591e-05 0.00038748217 3.7618738e-05 0.00030396428 0.00059047254 0.0018255962 2.341096e-06 0.006470462
0.0004963048 0.012603369 0.027348125 0.07952723 0.021094546 0.01555524 0.1607668 0.048526905 0.015553483 0.0071803164 0.11944004 0.0033276363 0.030929897 0.015787909 0.0022618964 0.0011672267 0.00093662593 0.00067899935 0.00036531445 0.0015622362 1.9147352e-20 0.7618045 0.0034568533 0.0033715414 0.009106436 0.0023272047 0.0004534102 0.0003456594 9.786765e-05 0.000164245 0.022360882 8.0107944e-05 0.0010961489 0.0010066145 0.03955252 0.05269736 6.23739e-05 0.0006809048 5.6216155e-05 0.00011196809 0.00020359045 0.0012295664 0.17770611 0.0010966994 0.00022735844 4.3089476e-05 0.00010892798 0.002489662 0.0002764321 7.3620904e-05 0.000305301 1.0662526e-05 0.001164139 3.7803413e-05 0.159467 1.3871036e-06 0.0004673542 9.518311e-06 0.0002478874 0.0016018181 7.570506e-05 4.149763e-05 0.00010291508 0.02186587 2.2587435e-06 0.00031584714 0.0310394 6.3982015e-06 0.00919158 3.9176695e-05 6.9214076e-07 5.0835223e-07 3.8396308e-07 0.00015213694 9.537699e-05 1.6100507e-06 5.4365006e-07 6.0563666e-06 4.999272e-05 0.005302915 9.783545e-05 1.0820529e-06 3.9345955e-06 0.00012977184 2.1344367e-07 4.993416e-05 1.2260103e-05 0.00013488963 2.4690388e-07 0.0040180725 3.4394457e-06 0.00011639152 1.2815248e-06 0.00047140906 0.000114415925 0.00013551435 0.00024936243 0.00027109473 0.00021023767 2.51067e-07 0.0014935009
0.0009778019 0.017317919 0.030986924 0.12730657 0.010512742 0.005973311 0.30598494 0.03168459 0.008653556 0.0006197652 0.051153667 0.00026279388 0.06575582 0.0038736765 0.0003338579 0.0004170095 0.00014035321 9.0469715e-05 1.48293775e-05 0.00047605726 0.7618045 6.704046e-20 0.0014600027 0.00094176177 0.0016583134 0.0010502447 0.00016486316 9.945445e-05 1.2113617e-05 8.065543e-05 0.026509987 9.265786e-06 0.0006292805 0.00030537698 0.018315658 0.016044395 9.636822e-06 0.00026711664 7.693952e-06 5.7579277e-06 7.446653e-06 0.000111071844 0.043775786 0.00018284189 8.763392e-05 1.5399179e-06 2.2620936e-06 0.002057705 8.85379e-05 4.2019374e-06 0.00016271912 3.590087e-07 0.0006632874 5.605288e-05 0.28317422 1.372476e-07 0.000110344394 3.258323e-07 4.040513e-06 0.00037818987 4.993664e-05 5.9863534e-05 2.7661628e-05 0.011717409 1.03623435e-07 3.1991633e-06 0.2362028 4.0310272e-07 0.03894418 2.788625e-06 2.5651644e-07 1.45471e-07 4.196423e-08 2.9777551e-05 7.706675e-07 5.3866795e-08 2.6655943e-07 1.0363634e-06 7.67244e-06 0.011965783 4.4354647e-06 2.9725044e-08 4.6835645e-08 3.7124097e-05 6.1601027e-09 1.1869592e-05 1.9805416e-06 5.166173e-05 5.0813732e-08 0.020213928 9.829071e-07 4.3833697e-05 6.047337e-07 4.5256278e-05 6.366141e-05 4.811636e-06 0.000111135836 3.7732963e-05 2.1093205e-05 5.847587e-08 0.0029370615
0.043533456 0.0023145874 0.0013487452 0.009167986 0.059930783 0.069723636 0.00039414776 0.09837655 0.12136809 0.3788287 0.17915475 0.02862793 0.00012042037 0.5805412 0.64011353 0.008872978 0.008997742 0.028155813 0.08877906 0.7530791 0.0034568533 0.0014600027 4.5687244e-22 0.7889444 0.71214044 0.0013595965 0.38454238 0.062451087 0.041339632 0.1599473 1.906543e-05 0.01182445 0.003558588 0.002899796 0.00013654827 0.18275209 0.0005870203 0.7249751 0.002280167 0.041006427 0.00036760603 0.26615232 0.06767435 0.28950927 0.46830356 0.0008435862 2.9342242e-05 0.0046132053 0.11626301 0.002538167 0.08899887 7.758695e-05 0.0009815568 0.04557943 3.5856807e-05 1.3226744e-05 0.074781686 3.8024078e-05 0.0015823783 0.032071076 0.014129877 0.008603647 0.014409306 0.0012520693 2.7766291e-05 0.13929793 0.0017614986 1.0463815e-05 0.007400134 0.00010706069 5.7962798e-06 3.793952e-06 1.5267268e-06 0.0029295436 0.08358275 3.175336e-06 5.646651e-06 1.7043576e-05 0.014737247 0.004749358 0.0188696 4.2425013e-06 3.1885088e-06 0.0013437368 1.3793509e-06 0.0021835642 8.377933e-05 0.00036902842 3.5382343e-06 0.002135013 5.6931585e-06 0.005462184 1.7676566e-05 0.0006597117 0.00029292208 7.354617e-05 0.00035731526 0.00095683784 0.0031116577 2.1592694e-05 0.0022286857
0.041579727 0.0028071806 0.0013690628 0.017242046 0.0766728 0.059029546 0.0006913769 0.085211694 0.11511812 0.29772136 0.18155801 0.018977571 0.00024022747 0.592557 0.46803853 0.007528948 0.004232835 0.011843433 0.04069616 0.5057462 0.0033715414 0.00094176177 0.7889444 2.002412e-20 0.8261884 0.001207946 0.115959555 0.019460695 0.011415697 0.041719988 1.3161916e-05 0.004594368 0.003593683 0.0024021463 0.000103363804 0.27499333 0.00014284912 0.4360818 0.0009836757 0.009877606 0.00014532772 0.32000104 0.16134323 0.32042462 0.29057667 0.00039439215 3.1154865e-05 0.005053554 0.027554557 0.00063238567 0.020873018 3.8191436e-05 0.0014903749 0.012458572 2.036828e-05 4.651986e-06 0.019776642 2.0703697e-05 0.00072950724 0.014467786 0.0028981525 0.0012551825 0.0025819486 0.0026673595 1.5561047e-05 0.07756914 0.003483529 6.41008e-06 0.010281372 9.019593e-05 7.149134e-06 4.576048e-06 1.0427042e-06 0.0011460502 0.042070836 3.4378586e-06 3.6664494e-06 1.0569655e-05 0.005007105 0.0052590137 0.006683217 2.5884053e-06 1.9365434e-06 0.0003828523 6.786066e-07 0.001131887 2.977931e-05 9.5990916e-05 1.2800552e-06 0.0030994213 2.4282565e-06 0.0013925659 4.7767326e-06 0.00048414237 0.0004019157 7.153673e-05 0.000372474 0.00022240558 0.00081034336 1.3279754e-05 0.0037049148
0.05014183 0.0072803223 0.00511873 0.05413314 0.12286689 0.04898261 0.0018839737 0.12471688 0.21588017 0.23789573 0.39283174 0.012722341 0.00051809446 0.6657591 0.35858995 0.0074606105 0.0029119644 0.0066517517 0.026506517 0.43256232 0.009106436 0.0016583134 0.71214044 0.8261884 2.0629523e-19 0.0018952718 0.08377626 0.014513348 0.006118852 0.026677348 2.2890517e-05 0.0025125805 0.0052384185 0.002921862 0.00017390597 0.57301885 0.000161004 0.26870906 0.0006110747 0.004195051 0.00026474337 0.5054752 0.46485993 0.4568885 0.2537245 0.0002764268 8.0283084e-05 0.007520627 0.018184418 0.0005093498 0.01979925 7.306282e-05 0.0025093213 0.0071475254 2.834995e-05 5.2375963e-06 0.015612808 3.445863e-05 0.00087440124 0.021584416 0.0017578753 0.00081169925 0.0026019472 0.0064403117 2.2188833e-05 0.04543703 0.005970757 5.475407e-06 0.018607866 0.00013989818 1.6354326e-05 2.8254144e-06 7.2467554e-07 0.0015450622 0.024005933 3.739163e-06 5.4595293e-06 4.682982e-05 0.0028673452 0.006028224 0.0038014548 2.3217833e-06 1.1369791e-06 0.00067478884 4.625507e-07 0.001144651 2.4143843e-05 0.00042458408 1.3472031e-06 0.0064942096 2.6424275e-05 0.0010824391 6.071379e-06 0.0006651586 0.0012963818 0.00017635037 0.0021154862 0.00036795795 0.00060155976 2.5446116e-06 0.0060011037
0.9791973 0.6057967 0.41429234 0.28919807 0.49038765 0.4991106 0.03229874 0.07385922 0.12159629 0.24995327 0.011954019 0.3187057 0.025297271 0.010362459 0.068054035 0.30098796 0.09612637 0.05227831 0.02550691 0.003507517 0.0023272047 0.0010502447 0.0013595965 0.001207946 0.0018952718 5.1598604e-18 0.0032352975 0.02290744 0.021312082 0.0046061585 0.00035440564 0.0137019195 0.5979542 0.11398366 0.00028091113 0.001207939 0.00971797 0.00074970064 0.008169946 0.0022955185 0.010871105 0.00038960075 0.0016813875 0.00034841048 0.00074225286 0.00064727204 0.0010445251 0.2999107 0.00031748458 0.0001827392 0.00043731736 0.00030004588 0.63783854 0.00011898996 0.001061142 2.9911776e-05 0.00054344145 3.7639118e-05 7.8195466e-05 0.00072508486 3.074413e-05 2.1453203e-05 0.00013455712 6.0505445e-05 6.6839525e-06 0.00094853324 0.0049501983 1.0501578e-06 0.0003380829 0.00044803612 1.0639813e-05 4.6409255e-06 1.1859775e-06 0.000119461714 0.0029876425 2.9616444e-06 1.5646136e-05 0.00016193674 7.735403e-06 2.2528908e-05 0.00017293514 6.17353e-07 5.776353e-06 5.426871e-05 6.538606e-07 0.00028287442 0.00029582263 0.00013638313 8.1933376e-07 0.16650945 7.1243458e-06 3.9072034e-05 3.865331e-05 0.000109222994 0.010801669 0.00042871392 0.0005698515 0.00011081908 6.2172194e-06 5.584137e-07 0.102715485
0.039327595 0.00040733803 0.00034058912 0.004557521 0.03191471 0.04514736 4.56669e-05 0.022023065 0.02086875 0.24606366 0.019760324 0.0549066 5.943592e-05 0.05980977 0.50911415 0.021108793 0.038516685 0.06260523 0.22726297 0.7392827 0.0004534102 0.00016486316 0.38454238 0.115959555 0.08377626 0.0032352975 4.9049784e-25 0.05426589 0.064291775 0.79205114 1.627265e-05 0.052601285 0.006205858 0.019031528 3.1150525e-05 0.009489418 0.007990834 0.5979621 0.024551265 0.11438956 0.0060099238 0.020154344 0.0011826959 0.031628773 0.22219175 0.018435637 0.0009976514 0.0043409215 0.14513835 0.033451222 0.091479264 0.001029546 0.0006951341 0.077556126 3.8886446e-06 0.00012529598 0.066844106 0.0010638783 0.017744713 0.027074285 0.020988518 0.024504947 0.03463387 0.00074669276 0.00020080946 0.045738153 0.0013288097 0.00010039827 0.0040632524 0.00083088793 0.00015540367 1.2833745e-05 3.6922906e-05 0.009598456 0.021310618 9.8886185e-06 3.5479607e-05 0.00012394009 0.006920168 0.00055460975 0.0068618176 1.1082451e-05 1.275547e-05 0.0025928773 4.820367e-06 4.127786e-05 0.0005447155 0.0005047362 4.743209e-06 0.0020632613 2.062912e-05 0.003929668 0.000113318296 9.6905615e-06 0.00037033853 0.0005307132 0.00039844392 0.0014540604 0.0017547901 1.9002642e-05 0.0028583051
0.31031567 0.00020959668 0.00012977976 0.0009819211 0.02850497 0.08729051 2.1648633e-05 0.0039973073 0.0056580314 0.20067082 0.0038867395 0.13232866 6.573139e-06 0.00883997 0.18321384 0.06418956 0.13452743 0.20197047 0.82828283 0.069392145 0.0003456594 9.945445e-05 0.062451087 0.019460695 0.014513348 0.02290744 0.05426589 1.2776328e-25 0.72917974 0.23884611 5.3059803e-06 0.31423452 0.055586435 0.0956218 3.4537968e-06 0.0010538901 0.08433592 0.06310573 0.20368776 0.41580757 0.07828248 0.0033593676 5.1693416e-05 0.008757698 0.049373083 0.12749988 0.023389153 0.03245121 0.06705065 0.15628026 0.08262043 0.007400148 0.007058503 0.040665355 3.9262193e-07 0.005861515 0.064739496 0.033030845 0.08964183 0.05189338 0.07390384 0.055581573 0.0794747 2.0157015e-05 0.0060877474 0.021270776 0.0009326012 0.0006822975 0.00029453475 0.004239448 0.0047575273 0.00010025609 0.00088038435 0.037311886 0.008786754 0.00013481363 0.0016690986 0.0036483333 0.010118046 2.0362319e-05 0.0039571594 0.00012920823 8.174233e-05 0.0106991045 9.1179456e-05 5.878477e-05 0.0020527877 0.0030819736 8.1357895e-05 0.003133145 0.00014830008 0.006339756 0.00069508736 3.1870088e-05 0.004321009 0.0029610174 0.0032140333 0.0031566604 0.0032074088 7.700871e-05 0.008542039
0.69718885 3.362334e-05 1.799803e-05 0.00035600943 0.03842891 0.128364 1.1651957e-06 0.0012347132 0.0039775237 0.30568805 0.002308077 0.19492975 1.5958462e-06 0.0063118516 0.31882563 0.12818336 0.3147725 0.4957854 0.52549136 0.056336958 9.786765e-05 1.2113617e-05 0.041339632 0.011415697 0.006118852 0.021312082 0.064291775 0.72917974 1.0597048e-24 0.21887165 3.5602661e-06 0.80005705 0.10000601 0.2551859 5.0505932e-06 0.00026410585 0.22884457 0.06870486 0.45818824 0.6678339 0.22498609 0.0008783662 2.387025e-05 0.0043385127 0.030349948 0.35638708 0.06880277 0.04636523 0.04619695 0.34705645 0.057462458 0.012028987 0.006052897 0.023093821 3.3074573e-07 0.008770036 0.08388966 0.03902803 0.17187627 0.055878557 0.08329975 0.034509756 0.0923488 9.978245e-06 0.007986735 0.003219167 0.0006557706 0.00084046536 0.0002893212 0.0062942393 0.006333979 0.00013498086 0.0017765462 0.03367101 0.0022642876 0.00016092588 0.002583807 0.0065682116 0.0029930796 1.21893245e-05 0.001211099 0.00022630366 0.00011800646 0.01006685 0.00011033915 2.5773368e-05 0.00229684 0.0045920284 0.00013122342 0.0041223806 0.00042238343 0.0046409685 0.0011606764 1.8114886e-05 0.012139952 0.0039649894 0.004331243 0.003994013 0.0020799653 0.0002316895 0.010194194
0.15493558 0.0002254203 0.00010917061 0.0022668361 0.027983582 0.05507942 6.6945363e-06 0.009344026 0.009394713 0.24229515 0.00577653 0.0723075 7.3243823e-06 0.019745838 0.5063754 0.03464686 0.092804514 0.14131291 0.666238 0.31510556 0.000164245 8.065543e-05 0.1599473 0.041719988 0.026677348 0.0046061585 0.79205114 0.23884611 0.21887165 2.0996825e-24 1.2719355e-05 0.14321527 0.012841025 0.054027468 3.5641846e-05 0.00365962 0.03489394 0.3491846 0.07809104 0.37080258 0.026306946 0.007375661 0.00022743303 0.01516125 0.13513409 0.060991067 0.0038297828 0.008978636 0.17271078 0.09892763 0.12362606 0.0029855222 0.0013467729 0.0970118 5.7620946e-07 0.0012982673 0.09377423 0.0076310355 0.048107058 0.046079844 0.044950984 0.038228154 0.08640377 0.000244838 0.0016401443 0.04244783 0.0016405385 0.00026417867 0.0030709216 0.0012475859 0.0012210333 5.4557855e-05 0.00023283422 0.024290716 0.014934831 3.8623206e-05 0.00026938398 0.001253077 0.009315781 0.00018965536 0.007607624 5.1759125e-05 2.6495134e-05 0.0048087323 2.1313066e-05 2.759402e-05 0.00094129355 0.0012488167 1.2573042e-05 0.0021186369 4.6270732e-05 0.0057790563 0.00034049593 5.341785e-06 0.0013921184 0.0015920675 0.0010427823 0.0026750348 0.0029951185 4.3448556e-05 0.0042436933
0.0015686939 0.006206314 0.01541006 0.02845589 0.0023428951 0.0028509889 0.6574316 0.0013547932 0.00022626179 0.00016375905 0.0007005845 0.00030429987 0.37083295 6.8058085e-05 4.190159e-05 6.310614e-05 3.0428228e-05 2.4829325e-05 6.6198304e-06 1.911185e-05 0.022360882 0.026509987 1.906543e-05 1.3161916e-05 2.2890517e-05 0.00035440564 1.627265e-05 5.3059803e-06 3.5602661e-06 1.2719355e-05 1.7528708e-18 1.0917248e-06 9.140359e-06 6.0215272e-05 0.57215595 7.966325e-05 1.2768767e-06 1.4742334e-05 5.35296e-07 2.138681e-07 5.2617594e-07 4.8721718e-06 3.1599313e-05 1.1195403e-05 4.8525294e-06 5.996154e-08 9.649647e-07 7.019277e-05 4.2115303e-06 1.9902065e-07 5.004961e-06 1.2734814e-06 6.6058965e-05 1.26024e-06 0.3133309 6.357153e-08 7.194467e-06 1.999131e-06 1.0819457e-06 6.458852e-06 1.4024149e-06 8.8244616e-07 1.3079563e-06 0.009454956 2.3651648e-07 1.6982308e-07 0.13580891 1.8009776e-07 0.05505987 3.4507084e-06 2.408421e-07 1.1381654e-07 1.6634365e-07 8.009518e-07 1.4093337e-07 4.615273e-08 5.2306174e-08 6.886187e-08 1.3122812e-07 0.022554398 3.8780692e-07 8.4500485e-08 9.0324235e-08 4.8108717e-07 1.9784727e-08 6.6393386e-07 1.5435878e-06 7.518701e-07 2.4511904e-08 0.0031174673 1.380461e-07 9.91862e-07 4.8257593e-09 9.963567e-07 1.31238e-07 5.4458303e-07 3.2406606e-06 4.833433e-07 1.5808509e-07 2.3680954e-10 0.0008250743
