1.0901549e-21 0.9858609 0.9842415 0.94609004 0.94307536 0.97854644 0.82917684 0.9168376 0.9697175 0.9053373 0.6904031 0.58326197 0.8928797 0.8927558 0.44413316 0.83147544 0.8680757 0.9858253 0.42739084 0.5943135 0.9783837 0.30003724 0.8970957 0.9155298 0.8924904 0.9076369 0.8740859 0.8431271 0.9237687 0.8179146 0.49563727 0.9597107 0.7531042 0.71177655 0.70770454 0.9374348 0.63146055 0.97560275 0.9306165 0.8324477 0.16110282 0.8344642 0.56094223 0.6334459 0.11868262 0.7503753 0.25831434 0.89322644 0.94267553 0.5925159 0.9729664 0.94549984 0.9852682 0.38517958 0.9922125 0.42064467 0.74263346 0.019574087 0.9978621 0.0021677127 0.95465326 0.96103084 0.15036719 0.17488606 0.0053812205 0.4135526 0.69393134 0.99617577 0.99776906 0.24250181 0.12877497 0.68173933 0.0041180393 0.0037072652 0.0018733492 0.5012445 0.9995262 0.003647686 0.06796978 0.1587737 0.34749925 0.9965368 0.009736616 0.9255553 0.003758098 0.0010486367 0.0041224454 0.002636075 0.00753255 0.9993161 0.042520296 0.99992263 0.12894705 0.018540895 0.00055384176 1.8072274e-06 0.0026417628 0.15435067 6.40357e-05 5.3165613e-06 0.0045374176
0.9858609 4.166281e-17 0.28522933 0.50962985 0.7351453 0.43201193 0.98176455 0.44042608 0.60474974 0.43482098 0.10608658 0.8060835 0.21022822 0.012106349 0.028045263 0.04927988 0.0181578 0.030806419 0.6919941 0.13893132 0.14576422 0.0012244895 0.004840258 0.0042551076 0.011616575 0.0028127828 0.005584393 0.0007172018 0.0021445698 0.00023297839 0.00020847273 0.009635155 0.00015470896 0.2660513 0.00013734444 0.035265174 0.000117467505 0.017450066 0.028639263 8.485715e-05 0.022186771 0.048204627 0.014204687 0.00055980735 0.004686452 5.5194123e-05 0.006745884 3.724857e-05 0.14292756 5.9684426e-05 0.002439691 0.009306227 0.03499145 0.2123099 0.031470716 0.000112936155 7.993645e-07 0.0049875434 0.040102817 0.0005290136 7.20793e-07 0.06830956 0.00075229694 0.00040537285 0.00031192694 1.6205938e-06 9.578215e-07 0.08216641 7.610523e-05 7.468145e-06 3.6059922e-05 9.4817636e-08 0.0063292203 0.0013381687 0.0046940264 2.088255e-06 0.1801979 0.0022531003 6.913152e-06 6.143474e-06 4.4767376e-06 0.00508142 0.00011492137 0.005714537 0.0005248161 0.0015931998 0.00016327375 7.2633404e-05 1.9223908e-05 0.0046008397 3.687614e-05 0.0032606798 9.017804e-07 8.4734265e-06 1.8766501e-05 4.8819602e-05 3.9394613e-06 1.4045964e-06 0.00012258158 2.6685806e-05 8.5121866e-07
0.9842415 0.28522933 1.5006037e-17 0.88794005 0.025420532 0.5672241 0.07839374 0.0049336134 0.3350823 0.0056539313 0.0014869804 0.6787834 0.00218195 0.11383949 0.0005201468 0.00040201095 0.83519757 0.11232526 0.38753745 0.8740957 0.003205296 2.3091601e-05 0.0072930036 8.497304e-05 0.02404271 3.1229767e-05 9.036528e-05 4.0319096e-06 0.1570955 3.2088126e-06 1.2972963e-06 0.00027011253 1.2187122e-06 0.12331667 1.2318133e-06 0.0017495198 0.0024908746 0.020775964 0.022311233 0.0043091592 0.7504022 0.00022146922 0.00032907588 0.055728626 0.59336936 0.00013177586 0.0005433557 0.00020968844 0.05828579 2.533897e-07 0.0033291634 0.0010635749 0.0036169996 0.20067649 0.01786194 1.4223691e-07 2.1569109e-07 0.4191051 0.016952878 0.068533845 9.437311e-07 0.0078060394 9.071814e-06 2.6262484e-07 0.12113148 2.4292743e-07 1.1076434e-06 0.023820536 1.054159e-05 2.2479973e-07 0.00034777378 1.3103826e-07 8.531058e-05 4.0246934e-05 0.00043334137 6.315394e-07 0.011589377 2.6803491e-05 9.486725e-05 3.1169813e-05 3.539974e-07 0.0039492813 0.0004106591 0.008289718 0.017518999 0.056684133 2.4177667e-05 0.003921486 2.4163053e-05 0.0005107653 1.2255877e-06 0.0016290522 1.3314988e-06 3.339036e-05 0.00012311521 0.0004751524 2.3875293e-06 1.613927e-07 0.0002219708 0.00022242233 1.8954813e-06
0.94609004 0.50962985 0.88794005 9.118059e-18 0.17094341 0.97282875 0.07429824 0.023869839 0.7690446 0.016025333 0.0050118607 0.16660905 0.0075876294 0.45548642 0.00037915594 5.723588e-05 0.5410621 0.74455756 0.05493822 0.2310227 0.0011255649 1.3308153e-05 0.1375254 2.4701162e-06 0.24350823 2.5009178e-05 9.888454e-05 1.4040553e-06 0.54000986 2.2970862e-07 8.1256235e-07 2.6586078e-05 6.748296e-08 0.0595051 2.1531721e-07 0.0012133158 0.052130505 0.1468816 0.34191403 0.1325722 0.10092843 0.00078904466 0.00068345346 0.2177738 0.13383013 0.017474713 0.00053222 0.0071413773 0.21695532 2.975108e-06 0.019885141 0.00028465348 0.0018479123 0.0206578 0.14514367 1.636605e-08 1.6539312e-07 0.0012647152 0.122864835 0.0009015294 9.611311e-07 0.030312153 3.8133097e-05 5.3761977e-07 0.0051852036 4.557155e-08 1.133926e-07 0.07927065 4.0876947e-07 1.723177e-07 0.009197682 1.5279377e-09 0.00026172042 0.00013029738 0.00010427688 9.081254e-09 0.037493955 1.9227866e-05 0.004459544 0.0021553524 0.00017272713 0.011369261 0.00094891194 0.014626039 0.0024496857 0.00013099523 3.370416e-06 0.0018093315 0.00034284068 0.0024576874 4.9937426e-06 0.03757273 1.6049948e-06 0.0059663253 4.8729453e-05 1.1065965e-05 5.489375e-05 4.8069876e-05 3.367651e-05 1.6445525e-05 0.00014792944
0.94307536 0.7351453 0.025420532 0.17094341 1.3865912e-20 0.3650209 0.023240076 0.97760546 0.9047881 0.952715 0.28126293 0.039691966 0.02623721 0.03079247 0.010840445 0.024155721 0.0012468157 0.031191606 0.02956241 0.0064847413 0.0820827 0.0012497354 0.0031742977 0.0014537713 0.016994229 0.003555845 0.0012684229 0.00032562343 0.000274678 0.00011660016 0.00014423735 0.00094271434 4.98967e-05 0.008416793 6.1252715e-05 0.07270728 6.3061593e-06 0.010905736 0.08277816 3.3739698e-06 0.0006051498 0.0070293862 0.0010835286 4.9977083e-05 4.627718e-05 1.2040654e-05 0.00064939744 4.1594147e-05 0.4374631 5.4360776e-06 0.011854642 0.012057529 0.050882015 0.0015330933 0.03332637 3.3605852e-06 1.1345151e-06 4.3849126e-05 0.07081614 1.3887284e-05 6.6096584e-07 0.21682258 9.78349e-05 3.6666435e-05 1.572179e-05 5.382367e-06 6.768234e-07 0.104107924 2.0129014e-06 2.3959175e-05 9.976694e-06 1.8012678e-07 0.00095370214 0.00010523364 4.085984e-05 1.3090457e-06 0.17073548 0.0010586423 1.786152e-06 2.0152138e-06 3.3568824e-06 0.0019076199 2.448881e-05 0.0034981305 3.2151213e-05 2.6935355e-05 1.4984463e-05 8.069886e-06 5.706155e-06 0.029140769 2.1499305e-05 0.0024638043 3.4084886e-07 2.7303024e-06 7.5408826e-07 4.1965914e-06 3.9872384e-07 1.8980633e-07 1.7070242e-06 1.6839831e-06 4.8012026e-08
0.97854644 0.43201193 0.5672241 0.97282875 0.3650209 7.059853e-18 0.07145558 0.043686945 0.9341048 0.02812547 0.007366779 0.107734464 0.014326387 0.15274222 0.0012213418 0.00025578935 0.22421396 0.6142536 0.025251752 0.08924718 0.0062718918 5.28251e-05 0.026501162 1.8766823e-05 0.10174428 0.00015750896 0.0004933152 1.2839095e-05 0.24706541 2.2820018e-06 6.3215316e-06 0.00019809535 5.899251e-07 0.061282814 1.3128475e-06 0.013679409 0.010883547 0.14236258 0.4720388 0.03789791 0.014619792 0.00077999185 0.00069516926 0.040023115 0.021182243 0.0092020435 0.0004722246 0.0022277697 0.60146344 7.571881e-06 0.0050475723 0.0026063817 0.010411865 0.011167329 0.34341082 1.6015323e-07 7.730768e-07 3.886348e-05 0.3786415 8.216539e-05 1.6181748e-05 0.12668753 6.433472e-05 3.8559642e-07 0.0005001225 1.0166061e-06 1.5007939e-06 0.28834817 7.2634343e-06 5.09163e-07 0.0008290326 4.76723e-08 8.7506225e-05 1.6088099e-05 2.8969542e-05 8.245649e-08 0.13459924 1.5897809e-06 0.00044870088 0.00042235284 2.3001969e-05 0.012006552 0.00034195295 0.014748241 0.00088944164 1.8396891e-05 1.7905592e-06 0.00066858623 0.00015807462 0.010234259 8.634401e-07 0.03719368 8.144565e-08 0.0010282376 4.2445758e-05 8.868692e-06 1.6639777e-05 2.704179e-06 5.1620504e-05 9.417213e-06 8.674662e-05
0.82917684 0.98176455 0.07839374 0.07429824 0.023240076 0.07145558 3.334373e-15 0.023250513 0.04008747 0.028421527 0.037779607 0.71277666 0.30317482 0.0073001157 0.042070918 0.03493426 0.010492 0.009978417 0.6867216 0.07884762 0.06440522 0.014732722 0.0020449872 0.014935644 0.0020717387 0.0064265523 0.0900319 0.0026584305 0.0016471816 0.0029841117 0.0053318148 0.011880317 0.0017176651 0.93870324 0.0047194413 0.015904354 0.00017328729 0.0034189494 0.0029286093 0.00034272298 0.018830158 0.7039689 0.47644955 0.0015064329 0.004373645 0.00017092757 0.53478944 0.00014320307 0.008880466 0.01024035 0.0019565646 0.005900456 0.060861222 0.3515876 0.0017369788 0.0019769075 5.6424607e-05 0.008451215 0.0036666645 0.0014504622 5.745014e-05 0.0050348914 0.01454677 0.003594269 0.00030771483 3.6124045e-05 0.00018969261 0.005247901 0.0030490872 1.5083233e-05 1.5124458e-05 2.8357821e-05 0.084937945 0.022008631 0.027207293 6.237849e-05 0.021859052 0.025330652 5.8527535e-06 3.9283414e-06 2.0968133e-05 0.0010933904 2.7272175e-05 0.0008173391 0.00016678295 0.00069595 0.005477669 3.2664466e-05 1.1280262e-05 0.0009828238 1.9619765e-05 0.00077264826 9.870558e-06 1.5898028e-07 2.8349194e-05 0.00012291942 1.7985737e-06 4.8870326e-05 2.6853022e-05 3.411912e-06 2.7300746e-07
0.9168376 0.44042608 0.0049336134 0.023869839 0.97760546 0.043686945 0.023250513 1.07781705e-19 0.25644714 0.9883384 0.5767923 0.019314297 0.121867746 0.00053924473 0.05317586 0.1333127 0.00034631867 0.0023392427 0.016016144 0.0022379493 0.38974363 0.013498171 6.698844e-05 0.023498846 0.0012803362 0.017914843 0.012350423 0.009407111 5.8067064e-05 0.0022892954 0.0023261427 0.011471869 0.0012581224 0.022273114 0.0012046145 0.4974335 1.3598323e-06 0.0013642267 0.005942821 2.2287247e-06 8.404821e-05 0.054315753 0.014230056 2.6950074e-05 3.4373e-05 4.2256393e-06 0.0018716378 4.3979603e-06 0.2620583 0.0003092045 0.00046135506 0.25518808 0.36347127 0.003776446 0.01069587 0.00028202243 5.2374136e-05 1.96784e-05 0.017749814 2.1394167e-06 3.186571e-05 0.23604159 0.00042244422 0.00035952666 1.2820368e-06 4.099188e-05 3.7419584e-05 0.15812542 0.000112279355 3.9095517e-05 5.275899e-07 2.3762784e-06 0.0016134763 0.00030399585 0.00021387883 5.1986186e-05 0.29552883 0.00083801424 2.1877392e-07 3.0010224e-08 6.3575044e-08 0.0002937888 1.2463169e-06 0.00086939806 1.1164553e-06 3.317302e-06 8.8121e-05 2.414764e-07 6.533102e-07 0.17048167 0.000114637325 0.00033470464 1.3862712e-05 5.1254506e-07 4.891047e-07 3.0247645e-06 5.8975434e-08 1.04291246e-07 9.069068e-07 3.7758643e-06 4.39891e-09
0.9697175 0.60474974 0.3350823 0.7690446 0.9047881 0.9341048 0.04008747 0.25644714 9.810309e-19 0.18973586 0.06239778 0.1289282 0.016891945 0.053729285 0.0031278369 0.008077582 0.026735123 0.3783262 0.029911116 0.04030914 0.056998238 0.0001747552 0.006991615 0.00048624285 0.03930358 0.004092682 0.0006987862 0.00019740907 0.008374235 1.5828167e-05 1.8253533e-05 0.001144335 4.790108e-06 0.023591926 6.3625753e-06 0.13909195 0.00053815864 0.05210354 0.42026782 0.00048192136 0.0046398262 0.00041922915 0.00029153615 0.00084871514 0.001414433 0.00030981965 0.00027527378 0.00021332088 0.9170488 1.8082988e-05 0.0046421634 0.019346226 0.058190603 0.004616376 0.25036958 5.583439e-07 1.8846482e-06 2.9906698e-05 0.40619296 3.3392844e-05 0.00013242893 0.39996704 3.1100157e-05 2.8998483e-07 0.00013419446 4.502487e-06 1.23079935e-05 0.4810116 3.1004856e-05 3.5565804e-06 3.3639022e-05 8.063235e-07 0.0001400593 0.00012125054 9.2466355e-05 9.1760853e-07 0.20622452 1.9232084e-05 6.5430254e-06 2.2602959e-05 1.1999997e-06 0.002576671 1.7640006e-05 0.0038910932 0.00048539363 0.0020275468 2.9113635e-06 0.00015917911 7.631785e-06 0.06247339 8.9924697e-07 0.015303734 3.3981613e-07 2.2563503e-05 9.793323e-06 1.8615468e-05 2.987316e-06 9.537453e-07 7.359753e-05 1.0815138e-05 4.935949e-06
0.9053373 0.43482098 0.0056539313 0.016025333 0.952715 0.02812547 0.028421527 0.9883384 0.18973586 9.052171e-19 0.8144022 0.015472918 0.15605693 0.0005843368 0.07789456 0.3255244 0.0003787205 0.0014865728 0.010744233 0.0017106807 0.5340312 0.02197285 2.0073048e-05 0.054302845 0.0010096646 0.08023789 0.012810067 0.014486073 2.3321902e-05 0.0027204964 0.0030434716 0.014784772 0.0016519018 0.03527433 0.00076176174 0.52354234 6.6085175e-07 0.0012088154 0.0029056675 9.790461e-07 0.00010323643 0.07220071 0.018478772 2.1631276e-05 2.7367038e-05 2.4275387e-06 0.0036164634 1.2818203e-06 0.1898035 0.00036917944 0.00046293132 0.20593058 0.29836097 0.012079357 0.009296322 0.00037967626 7.808414e-05 6.936299e-06 0.012402416 9.134385e-07 3.5432302e-05 0.1725093 0.0004668969 0.00018768407 7.0136554e-07 3.0226873e-05 1.1026966e-05 0.12656544 0.0001914906 9.656538e-06 6.319196e-07 5.8561733e-07 0.0012318405 0.00025098503 0.0001825175 1.3821724e-05 0.18863492 0.0005877278 1.2090187e-07 3.3422296e-08 2.1415945e-08 0.00015632721 1.7844282e-07 0.00026396688 7.759523e-07 2.428818e-05 3.5547004e-05 1.6023421e-07 1.5885404e-07 0.11782776 1.2415628e-05 0.00037114057 1.3232706e-06 2.6843136e-07 4.8797972e-08 1.1882814e-06 1.15818715e-08 3.3877274e-08 5.8920654e-07 3.3761214e-07 1.9506536e-09
0.6904031 0.10608658 0.0014869804 0.0050118607 0.28126293 0.007366779 0.037779607 0.5767923 0.06239778 0.8144022 2.2004144e-17 0.0152503885 0.71120495 0.00012773505 0.9502005 0.93220305 0.00017536053 0.00019027622 0.010441701 0.0010439703 0.5879702 0.5742431 6.545475e-05 0.20811935 0.0005174331 0.1806007 0.116448686 0.07372638 3.042669e-05 0.029580126 0.07199489 0.054227646 0.033779044 0.034759097 0.00771744 0.06918256 1.921594e-06 0.00026122993 0.0007134253 6.0744956e-06 3.4283985e-05 0.105587885 0.022222225 2.2085806e-05 1.3536313e-05 4.211839e-06 0.013064324 1.2874665e-05 0.018054834 0.0033819464 0.00029817747 0.018432772 0.03506159 0.0020700046 0.0011577379 0.0018705936 0.0008272604 1.6568378e-05 0.001335678 8.576612e-06 0.00012130826 0.0326499 0.003036156 0.0063518565 8.828381e-06 0.00021264673 1.9574463e-05 0.00551881 7.459522e-05 0.00069837377 1.7179894e-06 4.070755e-06 0.0011127302 0.0006219118 3.218631e-05 2.91536e-05 0.021497326 0.0015148827 3.8033977e-07 8.026278e-07 7.7140794e-07 5.8323025e-05 2.5163642e-06 4.423314e-05 8.9351096e-07 2.889627e-06 0.0003533756 4.018572e-07 3.0806832e-06 0.005283924 0.0002122553 6.923983e-05 1.9670275e-05 2.9943784e-08 1.2213195e-06 7.1126833e-06 9.3081604e-07 2.961253e-07 1.3061239e-06 2.8475554e-06 2.304196e-08
0.58326197 0.8060835 0.6787834 0.16660905 0.039691966 0.107734464 0.71277666 0.019314297 0.1289282 0.015472918 0.0152503885 5.5129416e-18 0.04274419 0.009144245 0.004421973 0.003425777 0.1052404 0.007024005 0.9938993 0.6411163 0.010430096 0.0007854364 0.0018979993 0.0010582779 0.0041435193 0.0005881968 0.0033812774 0.00027697833 0.0046586213 0.0003169261 0.0010175912 0.0010474364 0.0005406415 0.5643264 0.00036330076 0.003527196 0.0005637609 0.0024411376 0.0028155188 0.0005196193 0.073784895 0.0018132207 0.0013471056 0.0019103105 0.018688615 0.00022633905 0.006845621 0.00035557363 0.009639701 1.5660631e-05 0.0011338905 0.0014431494 0.0061303647 0.2811803 0.0017270581 1.8312361e-05 7.165403e-05 0.062185872 0.0027115138 0.0033944964 4.3509506e-05 0.0032748126 0.0005261888 0.00037300846 0.0010682265 1.7098815e-05 3.504172e-05 0.0051675476 0.00030047027 3.3150485e-05 7.134283e-05 2.2767413e-06 0.00091474457 0.00084204704 0.0026413458 1.7554805e-05 0.008982704 0.0019644182 1.2095654e-05 8.590128e-06 8.855601e-06 0.00087345776 0.000110488254 0.0030170064 0.0004839836 0.004266292 0.00018333567 0.00020978246 3.5182256e-05 0.00024841062 1.6390082e-05 0.0013795597 1.3269219e-05 1.1157555e-05 1.081714e-05 0.00044750667 2.9470327e-06 8.405041e-06 5.0196286e-05 7.2496456e-05 6.200483e-07
0.8928797 0.21022822 0.00218195 0.0075876294 0.02623721 0.014326387 0.30317482 0.121867746 0.016891945 0.15605693 0.71120495 0.04274419 1.1642274e-15 0.00011748239 0.922016 0.6488429 0.0006291629 0.00032607527 0.024216289 0.0028323263 0.4939873 0.8616925 5.1385774e-05 0.48663124 0.00033965107 0.15304032 0.9627716 0.10736172 2.8118038e-05 0.12467539 0.23212175 0.14171986 0.11991997 0.2455688 0.10173576 0.07518159 1.8797891e-06 0.00065864617 0.0003341586 7.809371e-06 0.00018945 0.75684553 0.46518806 4.0327042e-05 3.8714104e-05 1.3411743e-06 0.19871856 2.8709621e-06 0.0075502894 0.26441213 7.0534865e-05 0.059764117 0.13671568 0.09910621 0.00096845103 0.042093128 0.002964032 0.00016953498 0.0010582012 8.374014e-06 9.260596e-05 0.016480783 0.11301791 0.16199285 1.9297022e-06 0.00014697069 8.428022e-06 0.00590054 0.0006046778 0.00068908517 6.9109336e-07 7.659222e-06 0.035058852 0.005209391 0.002048831 4.5609446e-05 0.11268324 0.026971536 1.7070414e-07 1.2486827e-07 1.03587666e-07 8.14384e-05 1.8827099e-06 9.75731e-06 8.7886934e-07 9.7281645e-06 0.005087617 1.1720861e-07 2.0549585e-06 0.002052391 0.009848335 4.9851707e-05 9.852082e-05 5.1124846e-07 7.173628e-07 8.068612e-07 4.066814e-07 1.8686313e-07 1.010105e-06 5.8575915e-07 4.119403e-08
0.8927558 0.012106349 0.11383949 0.45548642 0.03079247 0.15274222 0.0073001157 0.00053924473 0.053729285 0.0005843368 0.00012773505 0.009144245 0.00011748239 2.767939e-18 8.247273e-05 1.1282156e-05 0.023582162 0.7640011 0.006373021 0.004339835 5.7407535e-05 5.8426986e-06 0.9676015 5.1465886e-06 0.5078536 1.1355027e-05 1.684162e-05 1.1489967e-06 0.67324126 1.0001268e-06 1.4840278e-06 3.7097423e-06 5.7828544e-07 0.0013223636 4.551047e-07 0.00013850389 0.8998877 0.22066255 0.093313664 0.77374953 0.0008458725 9.297213e-07 1.6214719e-06 0.09967832 0.007533667 0.6087422 8.010725e-05 0.27636355 0.024450155 1.0871213e-06 0.16444129 6.9474736e-06 0.00011458278 0.00032997906 0.08170196 8.653406e-08 7.591638e-07 1.7071521e-05 0.04713057 0.00019648555 1.6084209e-06 0.0043722815 1.4049429e-05 3.928618e-08 0.0022835901 7.3546164e-07 8.193978e-07 0.01802178 1.2526364e-07 8.524859e-07 0.19754268 5.0634653e-06 5.409207e-06 5.2073196e-06 5.0205956e-05 3.8479595e-07 0.0030221278 1.2542916e-06 0.12476427 0.0175338 0.002350687 0.016879674 0.08336421 0.02904335 0.0090365345 5.1955856e-05 1.1946514e-06 0.024473542 0.026200175 2.4704403e-05 4.3765885e-06 0.08229628 1.6575363e-05 0.031419616 0.0022551492 4.7135914e-06 0.027359016 0.0011430017 0.00051151577 3.4487857e-05 0.0035476852
0.44413316 0.028045263 0.0005201468 0.00037915594 0.010840445 0.0012213418 0.042070918 0.05317586 0.0031278369 0.07789456 0.9502005 0.004421973 0.922016 8.247273e-05 1.3609542e-14 0.76734287 0.00010401735 3.347999e-05 0.0023405112 0.00051092706 0.30737075 0.9610819 2.4929215e-05 0.5952223 6.803985e-05 0.16471013 0.36096704 0.15635224 4.3612203e-05 0.23604113 0.42895705 0.08891951 0.3432812 0.046527196 0.08494892 0.041033525 2.6165103e-06 4.692326e-05 0.000102548474 1.2717197e-05 3.3770455e-05 0.3407619 0.10226704 3.5444504e-05 3.9329654e-05 6.0313464e-06 0.03348171 3.5024327e-06 0.0026781913 0.05639676 0.000103243125 0.020447576 0.039716665 0.0032254467 0.0002647772 0.021488685 0.004620953 9.111682e-06 0.00080670044 4.2517404e-06 8.0408434e-05 0.005542455 0.01980335 0.036947753 7.2924813e-06 0.0004624127 1.7737157e-05 0.0020624048 0.00014602083 0.0010922315 3.6509675e-06 1.36704175e-05 0.005028658 0.0010222518 6.960981e-05 4.4505214e-05 0.012972278 0.005131098 1.3574677e-06 8.502637e-07 1.2406331e-06 1.5699958e-05 1.0839709e-06 7.1539903e-06 9.0656613e-07 3.2426456e-06 0.0018196127 2.960567e-07 1.0869657e-06 0.0013866401 0.0011546401 2.7722557e-05 2.8036207e-05 1.3400556e-06 7.4634625e-07 1.1961755e-06 6.117262e-07 5.0692506e-07 1.0776967e-06 2.6449075e-06 4.623731e-08
0.83147544 0.04927988 0.00040201095 5.723588e-05 0.024155721 0.00025578935 0.03493426 0.1333127 0.008077582 0.3255244 0.93220305 0.003425777 0.6488429 1.1282156e-05 0.76734287 3.9112532e-14 3.6470406e-05 6.7053656e-06 0.007019244 0.0008359505 0.88533527 0.59364897 2.2599606e-06 0.7833049 2.1065465e-05 0.7151235 0.46793956 0.63026255 7.7993417e-07 0.52378136 0.38506988 0.30925858 0.44085187 0.10339454 0.27938232 0.21241924 3.3112224e-07 3.2817778e-05 0.00011409656 4.2432197e-07 2.8897002e-05 0.55635613 0.17749763 4.0235973e-06 7.395957e-06 2.7463983e-07 0.109905735 8.718814e-08 0.006135403 0.13124332 1.1751451e-05 0.083316006 0.06276237 0.0055554677 0.0003615027 0.054166026 0.010450023 3.8032006e-06 0.0005937355 1.0621497e-06 0.0006497503 0.01931378 0.07137659 0.08866972 3.8350598e-07 0.0007427545 0.00012126719 0.005530564 0.00019356277 0.0051837745 1.0537042e-06 7.1750655e-05 0.0054313936 0.0011654336 0.00032366547 0.00047903802 0.015005022 0.008128298 6.192112e-08 9.593563e-07 1.8942026e-07 1.2878324e-05 7.123867e-07 2.193504e-06 3.5948977e-07 1.0301367e-06 0.002626642 2.0346923e-07 9.031678e-07 0.021900086 0.009967951 8.0447135e-06 0.00028193856 1.7445495e-06 9.474139e-07 4.9200287e-07 6.0475503e-07 1.8421046e-07 2.4978965e-06 1.0611241e-06 1.9490217e-08
0.8680757 0.0181578 0.83519757 0.5410621 0.0012468157 0.22421396 0.010492 0.00034631867 0.026735123 0.0003787205 0.00017536053 0.1052404 0.0006291629 0.023582162 0.00010401735 3.6470406e-05 8.4760105e-18 0.026336722 0.04683532 0.98540103 9.1621645e-05 3.558182e-06 0.0031037782 7.7277355e-06 0.0031559726 1.5591417e-06 3.962387e-05 3.234404e-07 0.18445048 3.4008875e-07 1.4294021e-07 7.3174633e-06 2.2760149e-07 0.023842135 5.8644197e-08 4.4364315e-05 0.0017874772 0.0025406177 0.001620676 0.006199946 0.8384224 1.6383495e-06 1.148822e-05 0.056718986 0.59870905 0.00028130738 0.00011510872 0.00018763915 0.002196107 1.4356146e-08 0.0010795397 1.0388357e-05 0.00010565298 0.03411127 0.0014611896 1.305485e-08 8.953349e-08 0.4329124 0.0011848601 0.15903227 1.1774233e-07 0.00035308994 7.482199e-07 4.3617998e-08 0.19954991 7.498089e-08 1.1521255e-07 0.0024491264 3.3242708e-07 9.971928e-08 9.767286e-05 1.7302958e-07 4.276357e-05 2.8106188e-05 8.141191e-05 8.232071e-08 0.0009150093 8.03319e-06 2.1078846e-05 1.40163465e-05 6.0156486e-07 0.000985236 0.00018942887 0.002860641 0.028287275 0.14777613 7.938223e-06 0.008074864 1.8955761e-05 1.6679496e-05 8.0803477e-07 0.00024340716 2.320951e-06 4.6236943e-05 0.0001561691 0.0015057013 5.848797e-06 7.9730427e-07 0.000831933 0.0013243381 2.0518135e-06
0.9858253 0.030806419 0.11232526 0.74455756 0.031191606 0.6142536 0.009978417 0.0023392427 0.3783262 0.0014865728 0.00019027622 0.007024005 0.00032607527 0.7640011 3.347999e-05 6.7053656e-06 0.026336722 1.1991054e-15 0.0027660693 0.0035722977 0.00032824243 1.1632139e-06 0.3610342 1.2663238e-06 0.92260176 1.1473547e-05 3.6414017e-06 8.122872e-07 0.6558775 2.883916e-07 4.9785687e-08 2.3658013e-05 2.3517584e-08 0.0077615376 4.2140766e-08 0.00062054914 0.25813603 0.7653158 0.85495836 0.43939248 0.0008416492 1.1927023e-06 3.368867e-06 0.17899553 0.0039133104 0.19363272 3.2760552e-05 0.042855904 0.271779 2.8400092e-07 0.1274241 0.00013429073 0.00085993484 0.0015235844 0.5896013 5.738519e-09 3.0512788e-07 3.959667e-07 0.32797736 1.219765e-05 3.4834723e-06 0.025133686 1.0642634e-05 2.1037966e-08 0.00027738968 2.1945816e-08 2.5097964e-07 0.09864536 5.9615786e-08 1.7694883e-07 0.027526934 4.362499e-08 8.107307e-06 9.193223e-06 1.0252662e-05 6.0358194e-09 0.024202256 6.20724e-07 0.011258602 0.005097643 0.00036154495 0.017536508 0.0035996325 0.024712073 0.0018373949 5.7814455e-06 2.2871663e-07 0.0026374569 0.0009211188 0.0012202091 8.8345166e-07 0.15057433 7.927521e-07 0.0049139685 9.141044e-05 9.769354e-07 0.0015006122 0.00012030582 6.680368e-05 5.8278015e-06 0.0004991405
0.42739084 0.6919941 0.38753745 0.05493822 0.02956241 0.025251752 0.6867216 0.016016144 0.029911116 0.010744233 0.010441701 0.9938993 0.024216289 0.006373021 0.0023405112 0.007019244 0.04683532 0.0027660693 2.4761316e-20 0.42009363 0.009628675 0.00014960824 0.0002713358 0.0005307339 0.0007528068 0.00044025452 0.0020446198 0.0002613727 0.0038845213 0.00023543597 4.2987973e-05 0.0009954466 8.224175e-05 0.8944516 2.3198587e-05 0.0021514404 4.7844173e-05 0.0010479004 0.0006863352 0.0001385216 0.06456376 0.011391238 0.009157937 0.0008698721 0.009055652 1.663489e-05 0.054429896 2.3371674e-06 0.0041798 4.2430756e-06 0.00081504125 0.0017890658 0.003085563 0.76240826 0.00069470535 1.308527e-07 8.730117e-07 0.26088 0.001025231 0.006167396 8.283237e-06 0.0014763348 0.00013539834 3.1999657e-06 0.00094824255 6.27298e-07 3.667301e-05 0.0030563641 0.0004652678 1.2673062e-06 2.299448e-06 8.307293e-08 0.0010233311 0.0025620048 0.03811021 2.0464832e-07 0.012557387 0.0007885398 1.9634008e-07 1.1662111e-07 3.2245804e-08 0.00021489969 4.210815e-06 0.0003954009 0.0003848604 0.0069256737 5.129221e-05 7.27735e-06 1.3321479e-06 0.00013440117 1.0801373e-06 0.0001710683 5.816355e-07 8.063923e-08 2.6146793e-06 0.00081381213 1.4967995e-07 4.651879e-08 2.3706321e-05 8.000151e-05 3.5716394e-09
0.5943135 0.13893132 0.8740957 0.2310227 0.0064847413 0.08924718 0.07884762 0.0022379493 0.04030914 0.0017106807 0.0010439703 0.6411163 0.0028323263 0.004339835 0.00051092706 0.0008359505 0.98540103 0.0035722977 0.42009363 1.4155997e-15 0.0012673709 8.4813786e-05 0.0010648767 0.000101950915 0.0019100399 3.695271e-05 0.00027777272 6.5220243e-06 0.020837277 4.5037796e-06 6.7988117e-06 3.6746846e-05 4.7942303e-06 0.14044975 2.518638e-06 0.0005454506 0.0009073689 0.0018237212 0.0011125217 0.0014532895 0.8724968 0.00016942299 0.0002274684 0.013939864 0.45514092 0.00021375668 0.0009507679 1.1937442e-05 0.0030921174 2.0454472e-07 0.00065513863 1.8185629e-05 0.0005011373 0.19140495 0.0010569409 7.4689844e-08 1.3659125e-06 0.574101 0.0014326734 0.11877921 1.5072449e-05 0.0007159795 4.6309337e-06 1.2311128e-07 0.08761878 1.8348584e-07 1.7284694e-06 0.004896541 1.7536298e-05 4.3539225e-07 5.603171e-05 2.0518127e-07 0.00026375827 0.00031464067 0.0015914389 3.0795832e-07 0.0034485124 7.8889374e-05 8.967433e-06 3.4565217e-06 1.9408412e-07 0.0002266611 0.000141092 0.00045328264 0.0068256278 0.10939058 2.599301e-05 0.0012112468 1.5943593e-05 3.4763787e-05 1.2055705e-07 0.00013238589 7.4637614e-07 2.2608447e-06 6.5189866e-05 0.002708694 2.8018605e-06 2.0166875e-07 0.00027244168 0.0006532352 3.1529441e-07
0.9783837 0.14576422 0.003205296 0.0011255649 0.0820827 0.0062718918 0.06440522 0.38974363 0.056998238 0.5340312 0.5879702 0.010430096 0.4939873 5.7407535e-05 0.30737075 0.88533527 9.1621645e-05 0.00032824243 0.009628675 0.0012673709 2.7850194e-13 0.18851894 6.6505454e-06 0.46904936 0.0001544015 0.79480714 0.24760418 0.48535073 2.2441012e-05 0.27891803 0.14962092 0.7562347 0.13729462 0.10514453 0.09985722 0.8901464 5.375044e-07 0.0005682696 0.0018641169 3.4354237e-06 6.71068e-05 0.255226 0.11362753 5.6481735e-05 3.1294316e-05 2.1479846e-06 0.04533469 1.3384195e-06 0.07930078 0.07735436 9.563684e-05 0.5092414 0.4307968 0.010329382 0.005116304 0.050138783 0.011680697 2.7387194e-05 0.0076895524 9.022351e-06 0.0030166784 0.3583843 0.030482154 0.05076323 6.677721e-06 0.0042132116 0.0002125932 0.10589488 0.00041295693 0.00977005 6.3203133e-06 0.0002457801 0.0015106497 0.0005166912 0.0005796949 0.0021723222 0.18885347 0.0032203645 1.2306181e-06 2.924986e-06 3.1339935e-06 0.000119338176 1.0576623e-05 5.2246578e-05 4.833708e-06 1.0368867e-05 0.0018734958 3.6418496e-06 1.6817034e-05 0.26637343 0.0050501 0.00049524714 0.0012712227 1.035689e-05 1.2468643e-05 1.0802892e-05 4.866608e-06 8.358962e-07 1.4681975e-05 5.5657333e-06 3.3978628e-07
0.30003724 0.0012244895 2.3091601e-05 1.3308153e-05 0.0012497354 5.28251e-05 0.014732722 0.013498171 0.0001747552 0.02197285 0.5742431 0.0007854364 0.8616925 5.8426986e-06 0.9610819 0.59364897 3.558182e-06 1.1632139e-06 0.00014960824 8.4813786e-05 0.18851894 7.0103664e-18 5.5774416e-07 0.8006693 4.6224973e-06 0.24141276 0.636751 0.25483334 1.2727833e-06 0.49689177 0.9524795 0.09953177 0.89339995 0.0070779948 0.49857262 0.03727909 2.6114042e-08 1.0217902e-05 1.0283685e-05 2.2420647e-07 5.033967e-07 0.28739265 0.06937504 4.666342e-06 1.6553918e-06 1.886933e-07 0.023955105 1.4554901e-07 0.0005954744 0.22218269 4.0092646e-06 0.023140207 0.038542487 0.00014478309 7.889931e-05 0.088830344 0.07468721 2.4966258e-07 6.5834065e-05 1.8249912e-07 0.0010928765 0.0022110846 0.040798146 0.040664803 8.969122e-07 0.0026203846 4.6880537e-05 0.00095822307 0.00014689643 0.0026947442 9.962132e-07 6.086525e-05 0.0027981398 0.000522024 1.3368881e-05 0.00025909222 0.0027426467 0.003549188 2.8861265e-08 2.0087543e-07 1.1877811e-07 2.2172121e-07 6.002952e-08 2.582777e-07 5.156426e-07 3.0024668e-07 0.0019337663 5.199186e-08 7.894796e-08 0.001730179 0.0022061453 7.7749456e-07 0.00010877321 3.382033e-08 8.731779e-08 6.116539e-07 6.4694056e-08 5.838515e-08 5.452316e-07 9.401442e-07 1.3367336e-09
0.8970957 0.004840258 0.0072930036 0.1375254 0.0031742977 0.026501162 0.0020449872 6.698844e-05 0.006991615 2.0073048e-05 6.545475e-05 0.0018979993 5.1385774e-05 0.9676015 2.4929215e-05 2.2599606e-06 0.0031037782 0.3610342 0.0002713358 0.0010648767 6.6505454e-06 5.5774416e-07 1.9897152e-16 1.1578494e-06 0.9380584 2.3897414e-06 1.0116688e-06 1.8886577e-07 0.10795695 1.6629559e-07 8.222578e-08 4.5125864e-07 2.0415145e-07 0.00043157436 4.1926146e-08 3.5892317e-05 0.6131703 0.41913953 0.10791161 0.23805614 0.0001622722 2.7403741e-08 3.089261e-07 0.016579958 0.0010701307 0.5581281 7.126038e-06 0.5879622 0.013851969 1.9271869e-07 0.6581775 1.4621742e-06 2.2339307e-05 4.182924e-05 0.10117749 2.1745532e-07 2.0386021e-07 7.2466037e-07 0.043237425 4.0923915e-05 3.0105807e-07 0.0016707684 1.6734823e-06 4.3216266e-09 0.00024930772 2.815198e-07 4.9876828e-08 0.01736222 2.6952642e-09 8.704778e-07 0.06516888 3.2261724e-07 8.181196e-07 2.7790952e-07 7.680598e-07 4.130262e-07 0.0012433676 6.465714e-09 0.04091424 0.06013292 0.01253114 0.052838493 0.010183588 0.12663223 0.00047070178 7.0248814e-07 1.3065768e-07 0.0020961019 0.0069864593 1.5517153e-05 1.0319972e-06 0.31339422 1.3392603e-05 0.13474497 0.00026300497 5.771141e-07 0.004336982 0.0025813368 4.1348936e-05 1.9581416e-06 0.009207473
0.9155298 0.0042551076 8.497304e-05 2.4701162e-06 0.0014537713 1.8766823e-05 0.014935644 0.023498846 0.00048624285 0.054302845 0.20811935 0.0010582779 0.48663124 5.1465886e-06 0.5952223 0.7833049 7.7277355e-06 1.2663238e-06 0.0005307339 0.000101950915 0.46904936 0.8006693 1.1578494e-06 2.5985193e-13 6.775853e-06 0.6028263 0.59309787 0.7024478 3.0308414e-07 0.9340052 0.67565686 0.52231514 0.84287375 0.058209464 0.59735864 0.103174314 1.5915063e-07 1.4916995e-05 3.987083e-05 2.3895646e-07 2.2372792e-06 0.7230085 0.34732357 2.6753983e-06 2.9355826e-06 1.7030462e-07 0.177614 1.2222593e-07 0.0014320068 0.5153339 3.7770853e-06 0.089856535 0.077073455 0.0014889188 0.0001625189 0.2700489 0.086677425 5.724316e-06 0.00017478719 1.1362172e-06 0.0038184754 0.0072497916 0.32677454 0.3509236 8.0923934e-07 0.0053529157 0.00011683581 0.0035169579 0.00026816493 0.0574181 6.595799e-07 0.00019893955 0.0049294415 0.0006462765 0.00014060119 0.0021518425 0.010443354 0.012479595 4.3869637e-08 7.369185e-07 2.1029955e-07 1.3077268e-06 1.1700563e-06 1.5024601e-07 6.5622635e-07 9.677146e-07 0.003291975 3.3300236e-07 9.154444e-07 0.01186833 0.06475515 4.804487e-06 0.0037104294 1.6474996e-06 3.1134414e-06 4.4085027e-07 1.5296416e-06 1.9129354e-07 5.325848e-06 1.6626078e-06 2.2572294e-08
0.8924904 0.011616575 0.02404271 0.24350823 0.016994229 0.10174428 0.0020717387 0.0012803362 0.03930358 0.0010096646 0.0005174331 0.0041435193 0.00033965107 0.5078536 6.803985e-05 2.1065465e-05 0.0031559726 0.92260176 0.0007528068 0.0019100399 0.0001544015 4.6224973e-06 0.9380584 6.775853e-06 7.4136684e-17 4.609579e-05 6.556461e-06 1.5231651e-06 0.07159758 4.3739786e-07 3.5391065e-07 2.554753e-06 3.3474979e-07 0.00061237154 2.804244e-07 0.00032068184 0.16630769 0.9457346 0.5153721 0.085214935 0.00010415374 7.3610374e-07 1.1670083e-06 0.0064771012 0.0004184734 0.19841541 1.5119338e-05 0.08782084 0.07247353 8.2017885e-07 0.7132195 7.289116e-06 0.00017764808 3.524788e-05 0.31944844 1.3436777e-07 4.943687e-07 2.8345326e-07 0.15012233 1.397513e-05 1.7409862e-06 0.0076146717 2.2894262e-06 1.3253911e-08 7.059347e-05 4.916624e-07 5.797877e-08 0.03703436 7.706127e-10 9.466281e-07 0.012257257 7.9461756e-08 5.6672866e-06 5.2008127e-06 2.743753e-06 1.7826234e-07 0.008473464 3.5054018e-07 0.0037457966 0.031240882 0.0065061525 0.034571525 0.0016521934 0.04563975 5.9296817e-05 1.1946e-06 8.4827286e-07 0.00045031443 0.00080764387 0.00026715765 2.350846e-06 0.56166565 2.6878374e-06 0.030820364 7.836912e-05 1.8871363e-07 0.0010889102 0.0013703265 1.09443245e-05 1.3224026e-06 0.0019225567
0.9076369 0.0028127828 3.1229767e-05 2.5009178e-05 0.003555845 0.00015750896 0.0064265523 0.017914843 0.004092682 0.08023789 0.1806007 0.0005881968 0.15304032 1.1355027e-05 0.16471013 0.7151235 1.5591417e-06 1.1473547e-05 0.00044025452 3.695271e-05 0.79480714 0.24141276 2.3897414e-06 0.6028263 4.609579e-05 3.7456935e-14 0.13603768 0.9610287 3.682806e-07 0.5874367 0.16774958 0.8789986 0.36728358 0.0064117806 0.1157334 0.53310907 1.585158e-07 5.1635918e-05 0.00028837495 2.863922e-07 6.2161905e-07 0.14233617 0.026313167 4.255444e-06 5.135672e-07 1.7568368e-07 0.010740647 1.4787125e-07 0.011243494 0.07193792 4.2824173e-05 0.40440792 0.2827036 0.0002794493 0.0007081737 0.043527167 0.0396126 1.4475451e-06 0.00078904536 8.1025325e-07 0.002758538 0.062095884 0.01725426 0.036512196 3.0641448e-07 0.0026458383 0.00012225352 0.022240218 0.00016806557 0.0043160524 5.693118e-07 0.0001939719 0.0012742121 0.00020493456 0.000101079415 0.0005774085 0.053974025 0.0012741034 1.4137545e-07 1.0618763e-06 2.492881e-07 1.0523821e-05 1.0631215e-06 1.5938843e-06 9.465397e-07 3.2203963e-07 0.0007973976 7.359577e-07 1.2662998e-06 0.1415073 0.003881346 1.792865e-05 0.0005939196 3.35645e-06 1.136332e-06 1.4534849e-06 7.630551e-07 4.7540115e-07 1.4711401e-06 1.160538e-06 1.2396508e-07
0.8740859 0.005584393 9.036528e-05 9.888454e-05 0.0012684229 0.0004933152 0.0900319 0.012350423 0.0006987862 0.012810067 0.116448686 0.0033812774 0.9627716 1.684162e-05 0.36096704 0.46793956 3.962387e-05 3.6414017e-06 0.0020446198 0.00027777272 0.24760418 0.636751 1.0116688e-06 0.59309787 6.556461e-06 0.13603768 1.2307619e-16 0.13086514 1.8913696e-06 0.32613844 0.7717581 0.16379803 0.44771403 0.24557981 0.8834896 0.04108782 7.609647e-08 1.23280815e-05 1.7407148e-05 8.8477293e-07 1.5080069e-05 0.90637475 0.7394986 1.1494126e-05 5.793428e-06 1.3084046e-07 0.5088016 2.8983803e-07 0.00040039365 0.7529032 1.361701e-06 0.052440315 0.09615222 0.02786742 4.7115216e-05 0.3523562 0.034677032 8.7437365e-06 5.0470084e-05 3.977723e-06 0.0015459149 0.0021248043 0.49601635 0.44981474 1.8544389e-06 0.00080518326 9.9636825e-05 0.00072747795 0.00095172727 0.02627405 3.1235157e-07 3.184317e-05 0.0724447 0.00716221 0.002257597 0.00032415573 0.011328539 0.07810249 9.954483e-08 1.5636752e-07 1.3919622e-07 2.0344255e-06 2.1314436e-06 1.4484411e-06 1.2508006e-07 1.0870107e-07 0.023398377 1.9259889e-07 2.710921e-06 0.0017551498 0.12567383 1.4526403e-05 0.001701349 1.4723041e-07 1.0022626e-06 4.7804782e-08 1.945757e-06 2.662459e-07 1.444259e-06 2.0477658e-07 1.4028855e-08
0.8431271 0.0007172018 4.0319096e-06 1.4040553e-06 0.00032562343 1.2839095e-05 0.0026584305 0.009407111 0.00019740907 0.014486073 0.07372638 0.00027697833 0.10736172 1.1489967e-06 0.15635224 0.63026255 3.234404e-07 8.122872e-07 0.0002613727 6.5220243e-06 0.48535073 0.25483334 1.8886577e-07 0.7024478 1.5231651e-06 0.9610287 0.13086514 1.9148543e-14 7.468615e-08 0.84318227 0.21050057 0.9019452 0.5094222 0.002493194 0.12567915 0.3165999 1.5664176e-08 1.0149181e-05 3.732702e-05 8.708941e-08 7.635468e-08 0.10866301 0.0198279 6.2120836e-07 1.3697039e-07 2.787971e-08 0.005872166 1.2674401e-08 0.0022082587 0.097905934 7.557809e-07 0.32430175 0.13796493 3.5564975e-05 0.00039318966 0.055974834 0.07899527 4.570838e-07 0.0003479403 4.176359e-07 0.0056911944 0.029272033 0.01674501 0.030554987 1.4228628e-07 0.0036067285 0.00019094974 0.01358037 0.0002402905 0.0048936466 1.8175452e-07 0.00043444874 0.00043474234 8.2562685e-05 2.2966655e-05 0.001040056 0.024721751 0.0007923013 3.5982538e-08 1.1145664e-07 5.759894e-08 3.9995967e-07 2.3451393e-07 5.4506753e-08 4.554242e-07 5.715921e-08 0.0005313006 1.9482646e-07 2.630969e-07 0.07683223 0.0029415144 3.1042712e-06 0.0005524823 8.2920917e-07 2.439445e-07 3.7451707e-07 1.0486111e-07 6.824627e-08 3.5712037e-07 6.386804e-07 2.6971636e-08
0.9237687 0.0021445698 0.1570955 0.54000986 0.000274678 0.24706541 0.0016471816 5.8067064e-05 0.008374235 2.3321902e-05 3.042669e-05 0.0046586213 2.8118038e-05 0.67324126 4.3612203e-05 7.7993417e-07 0.18445048 0.6558775 0.0038845213 0.020837277 2.2441012e-05 1.2727833e-06 0.10795695 3.0308414e-07 0.07159758 3.682806e-07 1.8913696e-06 7.468615e-08 6.153326e-17 1.11886465e-07 1.916202e-07 5.999495e-06 5.4300155e-08 0.0018133424 5.1813373e-08 2.9196783e-05 0.28564167 0.049874738 0.0077184374 0.80149496 0.045270953 1.3060586e-07 8.7467265e-07 0.992343 0.29599872 0.048463568 6.8535664e-06 0.0053760647 0.0012998928 7.673043e-09 0.011992403 1.0316444e-05 7.1629096e-05 0.00042990907 0.0060224542 3.681461e-09 3.1405964e-08 0.0003806853 0.0024571193 0.008100254 4.684478e-07 0.00022207624 6.348855e-07 2.5437691e-08 0.07103133 8.7560274e-08 6.870591e-07 0.0028859645 1.6597688e-06 2.347097e-07 0.17785573 2.8776205e-06 2.1166294e-05 0.00010714444 2.9576493e-05 1.584552e-07 0.00070475397 3.6433332e-06 0.074402876 0.00012795233 8.582905e-06 0.0070977863 0.13824555 0.018327255 0.11332435 0.0069266516 1.1772561e-05 0.1312107 0.017445358 1.9715895e-05 2.430288e-06 0.0012441374 3.6189058e-06 0.0028316728 0.0062264404 0.00017990694 0.011224884 6.8733407e-06 0.0025805628 0.00039159515 5.7663332e-05
0.8179146 0.00023297839 3.2088126e-06 2.2970862e-07 0.00011660016 2.2820018e-06 0.0029841117 0.0022892954 1.5828167e-05 0.0027204964 0.029580126 0.0003169261 0.12467539 1.0001268e-06 0.23604113 0.52378136 3.4008875e-07 2.883916e-07 0.00023543597 4.5037796e-06 0.27891803 0.49689177 1.6629559e-07 0.9340052 4.3739786e-07 0.5874367 0.32613844 0.84318227 1.11886465e-07 3.6358988e-13 0.5375397 0.75928086 0.9419026 0.008183956 0.50090474 0.10629633 1.3844273e-08 3.1840295e-06 2.6152552e-06 1.5336883e-07 1.08644905e-07 0.45634764 0.09554551 6.4678176e-07 2.0609004e-07 4.8841276e-08 0.02552411 7.87113e-08 0.00023003385 0.47724313 4.9947306e-07 0.20744683 0.05728776 8.940241e-05 3.6099318e-05 0.29164302 0.40158615 8.170764e-07 2.1835556e-05 7.6674917e-07 0.02412468 0.004587109 0.13002211 0.18171158 3.414234e-07 0.012078199 0.00092042075 0.0028590688 0.0005713332 0.038423814 1.1859169e-07 0.0020236156 0.0020436868 0.00015995627 3.471813e-05 0.0038817974 0.0050227176 0.00407696 1.5120369e-08 1.3539386e-07 1.14126415e-07 1.149554e-07 2.6853226e-07 3.337961e-08 1.2121995e-07 2.7040747e-07 0.0035607486 1.102502e-07 2.3011535e-07 0.017077044 0.023361154 1.0768686e-06 0.0032710934 1.5171966e-06 4.9331794e-07 2.0515404e-07 1.2062893e-07 8.167713e-08 5.2155025e-07 4.3402503e-07 1.9583752e-08
0.49563727 0.00020847273 1.2972963e-06 8.1256235e-07 0.00014423735 6.3215316e-06 0.0053318148 0.0023261427 1.8253533e-05 0.0030434716 0.07199489 0.0010175912 0.23212175 1.4840278e-06 0.42895705 0.38506988 1.4294021e-07 4.9785687e-08 4.2987973e-05 6.7988117e-06 0.14962092 0.9524795 8.222578e-08 0.67565686 3.5391065e-07 0.16774958 0.7717581 0.21050057 1.916202e-07 0.5375397 7.704876e-18 0.1525753 0.92000943 0.0047436166 0.9662088 0.029658819 4.751795e-09 1.8808685e-06 1.0063312e-06 3.8100794e-08 2.0034452e-07 0.44864196 0.101194985 3.564222e-07 1.2371163e-07 2.4764256e-08 0.022921646 2.7461299e-08 7.498215e-05 0.6148698 1.0336529e-06 0.04637665 0.05360748 0.00015067398 3.1359297e-05 0.41862708 0.43157357 1.6862367e-07 1.6772588e-05 1.3181337e-07 0.018732771 0.0012929883 0.119330674 0.1411873 2.972968e-07 0.015381576 0.00039479142 0.00086441735 0.0004521655 0.012033617 2.297853e-07 0.0014444168 0.003938122 0.000603605 3.7077214e-05 0.0019848899 0.0025004505 0.006597546 6.85744e-09 1.7600902e-07 6.200917e-08 5.4511226e-08 1.7574795e-08 4.2245222e-08 7.723247e-08 5.3798544e-07 0.0038982653 2.8205533e-09 2.2603054e-08 0.002424434 0.019095037 2.1741573e-07 0.0015597442 1.0020547e-07 1.811332e-08 5.820702e-08 1.0345453e-08 7.438703e-08 2.0813629e-07 5.391058e-08 3.9434034e-10
