3.8136236e-25 0.0027799902 6.0736875e-05 3.319033e-06 0.022922348 0.20895523 0.00017269056 0.3267147 0.122640565 6.2124985e-07 0.0039060544 0.00015755509 0.016383154 1.1857321e-06 0.21731906 0.60969585 0.0011214922 0.07472331 0.0011300548 0.029066952 0.045536544 0.8075793 0.9642682 0.0031427408 0.39449525 0.0015857554 0.45098674 0.4604004 6.0713586e-07 0.9019883 0.11845169 0.07294679 0.9293262 0.15315491 0.0004771363 0.91385925 0.000380346 0.009876161 0.0031540182 0.5120983 0.95900404 0.00032289873 1.3406844e-08 0.93433696 0.37669674 2.0885956e-08 0.96303684 0.001620102 0.109116256 0.0130319325 0.98860186 0.3523077 0.69861704 0.9344375 0.0048761093 0.08170285 0.038098406 0.997491 0.39790648 0.664213 0.04724751 0.0022084124 0.10492766 0.00029253738 0.08666236 0.8384334 0.8694509 0.5957981 0.005028989 0.0067950822 8.575841e-05 0.010433703 0.9975512 0.00029056412 9.709668e-09 0.87870336 0.00073085784 0.9759408 0.9991648 0.00011580957 0.00030757548 1.9026821e-08 0.99873865 0.00044560237 0.057979304 0.0061156293 0.0025572532 0.33238295 0.26384932 0.010886133 0.02906845 0.9192259 0.55452925 0.9625591 0.9922937 0.9950287 0.9998982 0.986806 0.87991816 0.006843287 1.2759461e-05
0.0027799902 1.827251e-17 0.8593301 0.5858871 0.86814857 0.6011157 0.60705876 0.40967444 0.39598683 0.047592204 0.020148365 0.011320693 0.0012929334 0.0013237067 0.0008040181 0.069555245 8.9675916e-05 0.00020187246 0.13913049 7.7336816e-05 0.27657187 0.013053906 0.008718308 0.010253358 0.00027743727 0.00224787 0.11910854 3.5719193e-05 0.0029962424 0.0013076776 2.2211498e-06 3.8738685e-06 7.0777473e-06 1.602109e-06 0.0044627455 1.358385e-07 0.0007694474 1.596701e-05 2.0119562e-05 7.165697e-07 0.30313882 0.00016821324 1.4678559e-05 0.08515044 5.521902e-07 5.3867625e-06 0.00026976835 2.450126e-05 2.1446695e-07 6.8237773e-07 0.014275774 1.8979015e-06 9.050134e-06 1.8195917e-05 9.668946e-05 7.387853e-07 2.651624e-07 0.00053435407 1.9115825e-05 2.700874e-05 8.939397e-07 7.946949e-06 9.351755e-06 0.00071729586 1.5190308e-06 0.0074216407 2.3389669e-06 1.1364269e-05 5.602626e-05 4.715752e-07 6.6171575e-05 8.503456e-07 0.0019607646 1.0214419e-06 8.348441e-06 4.397839e-06 4.8703132e-08 5.2186197e-06 0.00026684167 1.7347834e-07 1.101638e-07 8.475067e-08 2.205943e-05 8.400216e-08 5.6266464e-07 2.917425e-08 9.634658e-07 6.01519e-07 2.4437563e-06 3.0326007e-08 6.060624e-08 3.6940655e-05 4.702237e-06 3.6336105e-06 2.5880414e-05 0.0053112125 0.00044639522 0.007912317 0.004704747 6.804053e-08 2.7476215e-09
6.0736875e-05 0.8593301 4.4986543e-19 0.53450733 0.2807646 0.078214124 0.24356976 0.030185075 0.0366966 0.060778756 0.0022453472 0.0022020517 0.00013280673 0.00018967417 0.00017273323 0.02047561 1.7778648e-05 2.577219e-05 0.033919573 6.1645906e-06 0.11399071 0.0077160005 0.0038595772 0.004278095 3.8031223e-05 0.0023774595 0.041673522 8.7919925e-06 0.0013808233 0.00076326984 1.3009636e-06 1.0960666e-06 5.0034146e-06 2.6051935e-06 0.004207544 1.8628805e-07 0.00088088075 8.7444205e-06 1.7753783e-06 1.1074723e-06 0.07906113 7.9190395e-06 3.6859825e-07 0.03297042 1.3187819e-06 4.412458e-08 0.00036020976 9.452881e-06 9.088506e-07 1.7167267e-06 0.010814032 9.371236e-06 9.399368e-06 3.944288e-06 6.5583063e-06 1.7310049e-06 2.5080186e-07 0.00021672029 2.2588845e-05 1.3360953e-05 7.2000705e-07 9.423776e-07 6.5056865e-06 0.00027531738 3.0482756e-06 0.0077797635 4.8850734e-06 2.5502889e-06 1.12277e-06 1.0782944e-07 5.4982083e-05 2.191247e-07 0.0025293643 8.555919e-08 5.1396995e-07 1.2412507e-06 8.401013e-09 9.697504e-06 0.00036875685 3.8900758e-08 9.498557e-09 8.990994e-09 1.97691e-05 1.5019879e-08 4.2880282e-07 2.3249004e-08 2.010599e-08 2.6497966e-07 2.2453376e-06 6.3742926e-09 3.4783927e-08 6.007995e-05 1.7188399e-06 4.232578e-07 3.467802e-05 0.0050649005 0.00023696183 0.008307579 0.00032944293 1.4700284e-09 1.7712796e-09
3.319033e-06 0.5858871 0.53450733 2.4364414e-20 0.22215512 0.013979409 0.39455217 0.0064385394 0.03733383 0.25890133 0.0035303964 0.007813066 0.00023785753 0.0024175295 0.00019711994 0.011139672 8.570861e-05 9.650517e-06 0.002671644 6.4221163e-06 0.011653408 0.0010823797 0.0015432847 9.030455e-05 1.04342e-05 5.1199062e-05 0.005168021 4.036046e-06 0.00016434559 0.00012805132 8.88406e-07 5.3033466e-07 2.4831113e-06 1.4139708e-06 0.0006278134 3.5222135e-07 4.985018e-05 2.7227309e-06 1.211494e-06 1.3136879e-06 0.01097727 3.333433e-05 5.4744277e-07 0.0021321785 1.3385496e-06 9.19381e-08 0.0001964003 2.4585745e-06 4.1456843e-07 4.2189768e-07 0.0011440834 2.1558766e-05 1.1000151e-05 1.0433353e-05 6.590609e-06 1.6314596e-06 1.6649268e-07 0.00017860142 1.8133192e-05 1.3456179e-05 5.5520957e-07 7.16144e-07 1.9086823e-05 1.2586767e-05 8.262478e-06 0.0006448125 1.7457687e-05 1.5781495e-06 3.0055278e-06 7.888775e-08 5.5404064e-07 1.2257799e-07 0.00036939673 2.6960356e-07 6.284837e-07 1.5495215e-06 1.3419865e-08 4.21348e-05 0.00024868394 3.797975e-07 1.959167e-08 1.8629365e-08 8.947235e-05 1.5775504e-08 6.519334e-07 1.39776e-08 2.1524382e-08 5.598065e-07 2.3582966e-06 2.6850433e-09 1.7865489e-08 9.274958e-05 1.2014655e-06 3.05935e-07 0.00013664976 0.0015802948 0.00017563654 0.0010889673 2.115707e-05 7.428826e-10 6.446329e-10
0.022922348 0.86814857 0.2807646 0.22215512 1.7041641e-20 0.8924055 0.5345366 0.83179295 0.860607 0.03840081 0.18543066 0.08667666 0.030834291 0.0039942586 0.014672213 0.30629414 0.0015247931 0.00037138385 0.010283828 0.00023133447 0.03848318 0.1064892 0.061625957 0.0016283796 0.0051632104 0.00018702529 0.11914342 0.0005543692 8.97649e-05 0.009646736 1.3620796e-05 3.358416e-06 6.8193156e-05 3.994487e-06 0.0018590225 4.8806515e-07 0.00023008762 4.5766674e-06 2.046138e-05 2.6581602e-06 0.3086908 7.144612e-05 4.7323515e-06 0.040537976 3.812531e-07 7.606306e-07 0.0013778727 1.0717045e-05 3.064913e-07 2.0489783e-06 0.031036017 1.6660364e-06 4.7839676e-06 2.0850563e-05 1.2625454e-05 1.2906721e-06 6.171888e-07 0.005448917 2.9955127e-06 8.49401e-06 8.6820364e-07 1.3044832e-06 2.466731e-06 5.1882525e-05 3.2507344e-07 0.0035134193 1.6957565e-05 8.9897605e-07 1.222549e-06 2.4963947e-07 9.550756e-06 4.6518412e-07 0.0014977936 4.6258862e-07 2.1425649e-06 1.1703487e-06 2.4657124e-08 7.6350574e-05 0.0012828772 2.0433025e-07 8.851842e-08 3.534504e-08 0.0001509327 4.208494e-08 2.1560122e-07 1.6059394e-08 4.858734e-08 2.5725518e-08 1.7971651e-07 4.3947697e-08 1.8807842e-08 8.359241e-05 1.35627e-07 1.7141393e-07 4.6517216e-05 0.0025150846 0.00059398945 0.0025233119 0.0014671456 6.2998136e-09 1.7543773e-09
0.20895523 0.6011157 0.078214124 0.013979409 0.8924055 9.339723e-21 0.06722586 0.9197132 0.46825725 0.0011281425 0.03579048 0.009192957 0.013737731 0.00018754415 0.010401876 0.52756006 0.0010666599 0.0012912778 0.041718386 0.0005422903 0.15197437 0.2533727 0.18916278 0.008236812 0.008190839 0.0015956728 0.43386617 0.0010860586 0.0007553393 0.074215904 9.740209e-05 5.142063e-05 0.00010133509 9.992796e-06 0.0048940033 6.327379e-07 0.00090369 1.1250717e-05 0.00011760201 2.7296596e-06 0.6188358 8.293255e-05 1.7047183e-05 0.18283723 1.1755457e-06 2.808305e-06 0.007311162 3.4560326e-05 1.026149e-06 1.2054257e-05 0.24095666 1.0773113e-06 6.159877e-06 1.9531612e-05 4.852272e-05 1.5191438e-06 7.0963233e-07 0.021719102 2.185411e-06 1.0667376e-05 1.1161168e-06 6.957526e-06 3.808928e-06 0.00066126185 3.3425817e-07 0.016003028 4.9758273e-05 3.6755358e-07 1.5647001e-05 8.055795e-07 0.0002073914 2.2263773e-06 0.0066743377 4.0572054e-06 7.0997394e-06 1.8823904e-06 4.7659025e-08 0.00021156635 0.0055656494 1.8831614e-07 4.528456e-07 3.1291867e-07 0.00023821666 6.282385e-07 4.6981643e-07 2.6263135e-07 4.9232864e-07 3.997501e-08 4.7119534e-07 1.3560127e-07 9.226202e-08 0.00029525722 1.8966286e-07 2.4105924e-07 8.61444e-05 0.00649653 0.0032093502 0.012471732 0.009589371 8.177238e-08 1.929183e-08
0.00017269056 0.60705876 0.24356976 0.39455217 0.5345366 0.06722586 5.057857e-19 0.08163496 0.57399005 0.7666926 0.4654212 0.6269711 0.09662876 0.2341119 0.016983064 0.1197917 0.006884596 0.0011904156 0.0010189046 0.0007538137 0.010066072 0.01576349 0.012284769 0.00014848815 0.00047621503 5.5865235e-05 0.01570449 0.00017920538 0.00019334655 0.0007481707 5.7885547e-05 2.8771005e-05 4.9444185e-05 7.335389e-05 0.00023231146 2.1176377e-06 3.3249908e-05 0.00012104524 8.501567e-05 2.0904563e-05 0.02044978 0.0020722318 9.056101e-06 0.002067586 8.014067e-06 3.2992866e-06 0.00065866846 5.930863e-05 4.783297e-06 1.3885695e-05 0.002768805 3.4790482e-05 2.8397682e-05 4.225867e-05 0.00018503882 3.14209e-05 6.6013463e-06 0.00075599767 4.374262e-05 5.3497457e-05 2.2723756e-05 1.0384613e-05 0.0003856586 4.205716e-05 1.1069226e-05 0.00035414955 9.379176e-06 1.0014757e-05 3.525272e-05 2.689863e-06 1.0748146e-06 2.0413092e-06 0.00020739654 1.5400326e-06 2.4626941e-05 4.355374e-06 1.4669881e-07 1.543892e-05 0.00047151296 1.5430301e-06 2.7608576e-07 2.065335e-07 2.853309e-05 1.683483e-07 2.2585173e-06 7.383616e-08 5.20151e-07 1.885103e-06 4.459012e-06 1.407789e-07 1.1278282e-07 0.000120472985 1.4100509e-06 2.2340052e-07 7.0360926e-05 0.0010888255 0.00020672733 0.00082394714 0.00016459325 2.1936273e-08 1.647645e-09
0.3267147 0.40967444 0.030185075 0.0064385394 0.83179295 0.9197132 0.08163496 5.407794e-19 0.8470937 0.0009472893 0.1308556 0.026518367 0.09482339 0.0007611648 0.08182729 0.84810084 0.006409512 0.031092921 0.022880228 0.010645224 0.077906206 0.58135384 0.41065 0.0048927483 0.07610423 0.00086387625 0.61943465 0.007952105 0.00025185206 0.40106556 0.0016467687 0.0017986665 0.0016407263 0.0001840627 0.0013007378 9.410511e-05 0.00030211784 0.0002292354 0.0007665847 0.00027489837 0.3780289 0.00034969175 5.7149533e-05 0.081479676 9.0580525e-06 7.3806177e-06 0.028835643 0.00017030715 4.958615e-06 4.964532e-05 0.2961282 6.431779e-07 8.131659e-06 6.4378306e-05 9.937377e-05 2.7583164e-06 2.6397265e-06 0.025064986 2.1318176e-06 1.5843041e-05 7.019762e-06 2.0494972e-05 4.0562386e-06 0.0001659174 4.5131807e-07 0.005642507 4.547819e-05 5.492252e-06 1.3809892e-05 1.2896237e-06 2.0218871e-05 1.4037529e-06 0.0030921719 2.9328853e-06 7.193458e-06 3.4046438e-06 1.97648e-07 0.00017920215 0.00790585 1.0088219e-06 1.2636975e-06 1.0465147e-06 0.0008574352 7.1537613e-07 4.4971484e-06 5.5299705e-07 3.6645652e-06 1.3804512e-06 2.1322387e-06 9.961383e-07 3.2347523e-07 0.00042937492 6.9192697e-07 4.41398e-07 0.00016827809 0.0054456675 0.0023374509 0.013279432 0.006254128 1.0365768e-06 2.5085674e-08
0.122640565 0.39598683 0.0366966 0.03733383 0.860607 0.46825725 0.57399005 0.8470937 1.1437611e-17 0.028642304 0.8211049 0.5536525 0.61804825 0.040650953 0.3347209 0.7164217 0.07226868 0.039071668 0.0012532156 0.019387806 0.0103648165 0.35585037 0.26844317 0.0004598225 0.049680125 0.00012215562 0.1334749 0.008422888 5.8417936e-05 0.056882985 0.0008283395 0.00035130238 0.001701983 0.00031836962 0.0005096596 8.850429e-05 6.979507e-05 0.00030457944 0.0031042034 0.00029589373 0.121609084 0.0026346701 4.1443724e-05 0.014411635 3.811012e-05 1.4937138e-05 0.010655156 0.00014882245 2.2893488e-05 3.498659e-05 0.034845673 2.3172364e-05 0.00017401761 0.00020662189 8.749454e-05 1.4488924e-05 9.40768e-06 0.014675138 2.2319842e-05 5.6452274e-05 1.3006949e-05 1.8365898e-05 0.00016010765 3.740513e-05 1.0215954e-05 0.0007344429 0.00010779722 4.031912e-05 2.2765165e-05 4.6562245e-06 3.862735e-06 7.646276e-06 0.0005878478 1.3410571e-05 6.586697e-05 1.5378582e-05 9.0958156e-07 0.00038491143 0.0019415172 1.1894011e-05 3.6075105e-06 9.640034e-07 0.00036071753 5.620932e-06 8.311375e-06 9.914922e-07 8.970128e-06 1.7633018e-06 1.0769124e-05 2.5353193e-06 1.0767218e-06 0.00036273836 1.7898744e-06 8.526006e-07 0.0001310816 0.0026506574 0.001157308 0.0028905713 0.0028176822 5.213404e-07 6.2223855e-08
6.2124985e-07 0.047592204 0.060778756 0.25890133 0.03840081 0.0011281425 0.7666926 0.0009472893 0.028642304 1.5666965e-18 0.020380052 0.09821367 0.001570974 0.3228865 0.0010465662 0.004002295 0.004644003 5.379485e-05 0.0010714997 1.8499195e-05 0.0011664855 0.0003853972 0.0005625407 3.1415988e-05 1.0846612e-05 4.5066245e-06 0.00033537883 1.0467887e-05 0.00011905081 2.067375e-05 2.194454e-06 3.4637449e-06 1.5395177e-05 3.9587776e-06 0.0001100131 3.159565e-06 1.3813368e-05 7.2273647e-06 1.5831125e-05 4.0705413e-06 0.0005659194 0.0006374419 4.9773844e-05 8.022315e-05 4.238789e-06 6.640754e-06 0.00015307653 8.087644e-06 9.816172e-07 4.5210982e-07 4.9277773e-05 2.7141847e-05 8.314126e-06 2.0699512e-05 5.071226e-06 3.0802337e-06 4.3938536e-07 3.8873004e-05 2.8629007e-05 5.1396364e-05 8.161792e-07 1.4693088e-06 3.4032986e-05 5.2208247e-06 9.177666e-06 0.00015763669 3.2189535e-05 7.979284e-06 7.472811e-06 6.649014e-07 9.9552416e-08 1.8228977e-06 7.542696e-05 1.4738756e-06 1.6308164e-05 7.875396e-06 8.353642e-08 3.8430197e-05 0.0001508337 6.7797887e-06 1.4417496e-07 4.6849206e-07 7.8150144e-05 9.7475635e-08 2.4178485e-06 2.3820334e-07 2.9405885e-07 1.3517215e-06 3.6340368e-06 3.4336086e-08 8.5638376e-08 1.8092425e-05 7.8994697e-07 3.7679342e-07 4.8575686e-05 0.00074838335 0.00055710686 0.00025516053 5.494086e-06 5.2928972e-09 2.5650799e-08
0.0039060544 0.020148365 0.0022453472 0.0035303964 0.18543066 0.03579048 0.4654212 0.1308556 0.8211049 0.020380052 9.688094e-21 0.79634416 0.7841761 0.092242084 0.23947749 0.26219323 0.16306847 0.018185388 0.00013370813 0.0148026245 0.0030932482 0.07489913 0.05467371 3.0917043e-05 0.012930949 1.0940965e-05 0.022878643 0.0028884204 5.6447398e-06 0.006973692 0.00026226658 9.334571e-05 0.0006060819 0.00025167412 6.390064e-05 5.6877994e-05 5.2725118e-06 0.0002058189 0.002867561 9.960091e-05 0.0081635285 0.0038688383 2.9263492e-05 0.0013029982 2.1472217e-05 6.655596e-06 0.0030857162 7.022464e-05 1.45380045e-05 1.3258861e-05 0.0031817185 2.2843718e-05 0.00010989272 5.832308e-05 1.7892713e-05 1.0015608e-05 3.9084316e-06 0.0034874864 2.3367807e-05 5.6456367e-05 7.783911e-06 2.8990314e-06 0.00010636602 2.6504247e-06 2.0871095e-05 0.0001629962 4.787539e-05 1.7487564e-05 9.3886165e-06 1.8433778e-06 2.6584783e-07 2.3081661e-06 0.00012279674 1.9880297e-06 1.5361695e-05 1.6699008e-05 9.63696e-08 0.00024363985 0.0009561737 1.2172046e-06 5.311962e-07 2.460959e-07 0.00031337634 7.8611345e-07 9.853441e-06 2.9580326e-07 1.6912061e-06 8.152527e-07 1.4032717e-05 1.7909989e-07 6.175945e-07 0.0004840627 1.4291724e-06 7.9951167e-07 0.00031367503 0.0021669448 0.00061245327 0.0022883732 0.00092114956 2.7823546e-07 7.988371e-09
0.00015755509 0.011320693 0.0022020517 0.007813066 0.08667666 0.009192957 0.6269711 0.026518367 0.5536525 0.09821367 0.79634416 1.1709556e-18 0.50534934 0.5639977 0.13963959 0.10996027 0.44529983 0.0073372326 0.00018878376 0.009275232 0.0021788965 0.023830172 0.017139819 7.6528886e-05 0.005576086 7.4335408e-06 0.00390264 0.0011895236 1.351984e-05 0.00076919975 0.000112270136 3.2621385e-05 0.00020935095 0.00034570077 5.290168e-05 1.3985183e-05 8.14215e-06 0.00021000825 0.0021604728 1.7636003e-05 0.0017792607 0.002880575 4.9758084e-05 0.00027441588 3.449934e-05 9.528129e-06 0.0012063142 9.3077615e-05 1.0070527e-05 9.770645e-06 0.0010186633 0.00021612113 6.7607645e-05 5.8687197e-05 4.52184e-05 1.3936188e-05 3.865598e-06 0.0011074475 5.9709077e-05 0.00013829338 1.5347538e-05 7.592322e-06 0.00061045523 3.271695e-06 6.803648e-05 0.00010226633 5.2409363e-05 2.1176043e-05 1.541341e-05 2.8944178e-06 2.0875395e-07 3.5484259e-06 8.542708e-05 8.487241e-06 6.103767e-05 3.822817e-05 2.3080284e-07 0.00023630942 0.00054647605 1.4078258e-06 1.3282394e-06 7.98218e-07 0.0003262874 2.8444124e-06 1.1322338e-05 1.1723818e-06 4.5502115e-06 3.4443103e-06 1.0268975e-05 3.140155e-07 7.627197e-07 0.0004254314 3.0229564e-06 1.7557206e-06 0.0005709533 0.0016030201 0.0008155836 0.0015012355 0.000108712644 8.083218e-08 3.278204e-08
0.016383154 0.0012929334 0.00013280673 0.00023785753 0.030834291 0.013737731 0.09662876 0.09482339 0.61804825 0.001570974 0.7841761 0.50534934 2.2878658e-19 0.053045742 0.9303219 0.4670769 0.7438722 0.37635076 0.00013299088 0.36397323 0.00068264274 0.17950289 0.22690469 2.8641255e-06 0.33405766 2.2491802e-06 0.010833561 0.046479464 2.4566152e-06 0.07178458 0.010445944 0.0063091493 0.00812731 0.01385012 2.586477e-05 0.0059130117 2.723546e-06 0.011591659 0.04549786 0.009698725 0.003301613 0.021921096 0.00038273 0.00060355035 0.001222133 0.00014848562 0.01396 0.0013616966 0.00033459644 0.00039558555 0.0022384096 0.00044667968 0.0045086127 0.0028071322 0.00070295937 0.0001493226 3.9752103e-05 0.01230753 9.2971866e-05 0.00011371657 7.689871e-05 1.3407044e-05 9.967692e-05 2.6983932e-06 2.9192313e-06 5.1041447e-05 0.0011149216 8.403558e-06 8.205107e-05 9.347755e-07 3.2363138e-07 1.5564721e-06 0.0001696736 2.9254657e-06 0.00012727213 1.677326e-05 8.115459e-08 0.0005151895 0.0033914098 9.460868e-07 1.9305274e-07 5.925515e-07 0.0011503958 2.0458414e-07 4.2231254e-06 1.387214e-07 6.628861e-07 5.0147837e-06 2.3596518e-05 4.320831e-07 1.1269257e-06 0.0010128182 9.1044385e-06 2.4361823e-06 0.0005459049 0.0036984812 0.0023855744 0.011514688 0.0037343649 5.166335e-07 6.0571663e-09
1.1857321e-06 0.0013237067 0.00018967417 0.0024175295 0.0039942586 0.00018754415 0.2341119 0.0007611648 0.040650953 0.3228865 0.092242084 0.5639977 0.053045742 4.9344953e-19 0.017854141 0.01263823 0.6522494 0.0008975044 0.00047357962 0.000786817 0.00062276376 0.0011473822 0.0013391466 2.4375524e-05 0.0007915454 2.2163676e-06 0.000767551 0.00018892586 2.5611705e-05 6.8415546e-05 8.045158e-06 5.2162113e-06 4.5373698e-05 4.14423e-05 2.6826914e-05 5.35688e-06 5.0130434e-06 2.9370573e-05 0.0032461511 1.4612995e-05 0.0001480809 0.012623185 0.003721291 9.685341e-06 8.150937e-06 0.00018244666 0.00022493818 2.4844461e-05 4.1243998e-06 2.243347e-06 5.486439e-05 5.3178977e-05 2.7979531e-05 3.659147e-05 3.0973853e-05 8.106803e-06 1.5712353e-06 7.9510006e-05 0.00010106901 6.110947e-05 4.691737e-06 3.6631955e-06 5.4326647e-05 6.398009e-07 1.890606e-05 3.3806486e-05 5.8944825e-05 1.1051389e-05 9.493219e-06 1.4958542e-06 6.320049e-08 3.7718155e-06 2.3941268e-05 4.0042855e-06 5.8712216e-05 1.1660466e-05 2.1666293e-07 4.2947202e-05 0.00018323518 1.6191433e-06 3.7141976e-07 4.2289407e-06 6.209928e-05 5.1417095e-07 7.3180568e-06 8.8426003e-07 1.2527888e-06 1.8309892e-06 1.2418257e-05 3.3851808e-07 8.037447e-07 0.00017731922 5.3120407e-06 4.817844e-06 0.00014662812 0.00066548795 0.00089136796 0.0001577853 5.3749445e-06 8.5420915e-08 9.014747e-08
0.21731906 0.0008040181 0.00017273323 0.00019711994 0.014672213 0.010401876 0.016983064 0.08182729 0.3347209 0.0010465662 0.23947749 0.13963959 0.9303219 0.017854141 6.8999436e-18 0.5602147 0.7014361 0.6949632 0.00067349436 0.81077486 0.005987202 0.24649689 0.3705784 0.00020091004 0.5175407 9.533051e-05 0.01700629 0.17289712 1.5052912e-05 0.09637533 0.021344112 0.009266268 0.057806987 0.06870498 0.00022074976 0.03144352 6.877056e-05 0.042420328 0.25804728 0.022210224 0.009728703 0.10433365 0.0018146244 0.0047245817 0.008842445 0.00086330593 0.08087731 0.011693809 0.0068219863 0.009373221 0.015666151 0.0044198018 0.022906091 0.010523008 0.0068000644 0.0019973943 0.001329926 0.10251653 0.0021564125 0.0010329443 0.0019577823 0.0008883172 0.003668961 8.685237e-06 0.00018740218 0.00090023427 0.0040139076 0.0005124672 0.0021128028 0.00015909276 1.2280072e-06 8.837761e-05 0.0005433248 0.00014205032 0.0008408557 0.0006726188 7.799018e-06 0.0068845632 0.025243556 2.5421676e-05 1.0494925e-05 1.1158395e-05 0.016194994 1.122126e-05 4.849219e-05 7.321638e-06 1.3156131e-05 4.399099e-05 0.0004954685 5.893602e-06 1.5732663e-05 0.00875049 0.00025040787 0.00010498195 0.0061427513 0.004982561 0.009046559 0.011211479 0.009533321 3.5997127e-06 1.1180621e-06
0.60969585 0.069555245 0.02047561 0.011139672 0.30629414 0.52756006 0.1197917 0.84810084 0.7164217 0.004002295 0.26219323 0.10996027 0.4670769 0.01263823 0.5602147 2.217335e-16 0.09054436 0.48102054 0.03558483 0.14160445 0.14335528 0.9343972 0.60674274 0.020993978 0.4617806 0.0049375882 0.29333252 0.082863405 0.00019391715 0.17522494 0.020528566 0.026956504 0.029749932 0.028925344 0.0028874208 0.010211918 0.0020879905 0.011789741 0.015022804 0.010153816 0.099118516 0.0029760008 0.00063303794 0.04196829 0.0022571073 0.00044947435 0.09852131 0.0040820194 0.0016532114 0.002278264 0.05922199 0.00037232146 0.0030476148 0.004364056 0.0019900608 0.00051723473 0.00024552358 0.11357798 0.0005085642 0.0008781133 0.0002994453 0.0003816564 0.00022761637 0.000121405355 7.2500254e-05 0.01146774 0.0019449521 0.000101998274 0.0007614403 9.5086085e-05 7.4317327e-06 0.00011699225 0.009498082 9.7487675e-05 0.00027168792 0.00012109603 5.089579e-06 0.0028553181 0.04387032 4.5934544e-06 1.5235989e-05 5.833752e-06 0.008596497 2.5539508e-05 2.3249262e-05 1.6124057e-05 0.00012841502 3.4992509e-06 0.00021892056 3.2047374e-05 1.7569969e-06 0.0026807056 7.784569e-05 2.0349775e-05 0.0026434402 0.009532353 0.021368517 0.011438446 0.011457125 4.186055e-06 2.1148857e-07
0.0011214922 8.9675916e-05 1.7778648e-05 8.570861e-05 0.0015247931 0.0010666599 0.006884596 0.006409512 0.07226868 0.004644003 0.16306847 0.44529983 0.7438722 0.6522494 0.7014361 0.09054436 1.0141786e-17 0.24758641 0.00028737565 0.43189743 0.00020393575 0.033971652 0.028998807 3.4679146e-05 0.079566374 4.1262683e-06 0.00090419734 0.03303137 5.7793013e-06 0.0024626849 0.012839905 0.004682009 0.0026197748 0.056931537 9.695535e-06 0.001791339 1.0808029e-06 0.09216788 0.3977147 0.004708021 0.00022130136 0.3152394 0.023806589 1.0262806e-05 0.008414381 0.005885198 0.0029576013 0.023158962 0.004144481 0.0076901866 0.00016116962 0.00465565 0.002702585 0.0017400279 0.009446722 0.0028628297 0.0007488539 0.0036447253 0.00043617073 0.0002485675 0.0008255277 0.0011335433 0.0018614645 2.2861338e-06 9.0298534e-05 4.388297e-05 0.00029033227 5.6246776e-05 0.001701978 2.0658888e-05 1.1982746e-07 1.9641126e-05 9.710808e-05 0.00017134212 0.0010814712 2.2400023e-05 2.0079606e-06 0.000258058 0.0031636702 2.8875873e-05 5.78455e-06 3.9839968e-05 0.0014231058 7.1549384e-06 3.1069765e-05 2.3695775e-06 6.7826727e-06 7.733619e-06 3.6626454e-05 1.2068444e-06 1.1262111e-06 0.0015643472 2.770614e-05 1.4604749e-05 0.0018145207 0.0010889127 0.004549101 0.005652646 0.0059180297 1.0099635e-06 1.8807958e-07
0.07472331 0.00020187246 2.577219e-05 9.650517e-06 0.00037138385 0.0012912778 0.0011904156 0.031092921 0.039071668 5.379485e-05 0.018185388 0.0073372326 0.37635076 0.0008975044 0.6949632 0.48102054 0.24758641 9.0792456e-20 0.0023970492 0.94723064 0.0033851133 0.3402737 0.30588698 0.0005917507 0.73997617 6.929036e-05 0.03180967 0.1603747 2.476245e-05 0.16454288 0.048510052 0.028412491 0.081144966 0.14954707 0.00015020453 0.079868555 2.0773236e-05 0.058679532 0.16571464 0.09932293 0.0022183715 0.04198001 0.0007045449 0.0016173917 0.016674234 0.0006859312 0.13592668 0.039419383 0.024850233 0.03960133 0.014271166 0.008314147 0.03733221 0.025174927 0.019314406 0.0034856838 0.003111766 0.10840951 0.009279369 0.0037798835 0.002412573 0.0037776958 0.0026637446 2.4688668e-05 0.0024054202 0.0005435498 0.007846399 0.000818773 0.0031817306 0.0004360339 1.2792436e-06 0.00033079728 0.00027256797 0.0010757288 0.0020912797 0.00048393072 2.9297558e-05 0.029473986 0.019115945 0.00028732524 0.00010861336 0.00015962237 0.034869663 9.919623e-05 0.00025164508 4.196001e-05 0.00013431712 0.00011618448 0.0009097231 5.8782476e-05 3.4761168e-05 0.010326928 0.00063457986 0.00019245395 0.0064016967 0.0035384963 0.0041863946 0.0123126265 0.024435984 7.049895e-05 1.4136022e-05
0.0011300548 0.13913049 0.033919573 0.002671644 0.010283828 0.041718386 0.0010189046 0.022880228 0.0012532156 0.0010714997 0.00013370813 0.00018878376 0.00013299088 0.00047357962 0.00067349436 0.03558483 0.00028737565 0.0023970492 8.4668374e-17 0.00048677574 0.8511311 0.01717061 0.010685742 0.82846963 0.0007154321 0.75499886 0.06125165 0.00010013549 0.14128104 0.0014670275 4.601774e-05 5.9811264e-05 0.00025035872 2.6543263e-05 0.28233406 2.737898e-06 0.17165937 6.955526e-05 0.00030891213 2.7369517e-05 0.05796168 0.0030304138 0.0002337502 0.22525744 7.034157e-06 4.614457e-05 0.0004126835 4.4411725e-05 2.144916e-06 6.30793e-07 0.013520711 2.823843e-05 1.9247791e-05 3.3332104e-05 4.4839646e-05 1.0143888e-05 2.1685012e-06 0.0001920887 8.089935e-06 3.395573e-05 1.0774126e-05 1.489141e-05 9.8924065e-05 0.013612356 4.8599713e-06 0.1343984 1.0145689e-05 8.861565e-06 0.00025183163 7.2310813e-06 0.00090047857 6.830553e-06 0.024318058 2.8274846e-06 3.0034518e-05 2.7754615e-07 8.7099426e-07 1.617027e-05 0.0005506332 2.0058208e-06 3.6731478e-06 4.1929948e-06 3.7331647e-05 6.263935e-07 3.979206e-06 1.0813453e-06 5.029305e-06 8.223084e-07 7.496749e-07 1.4090655e-06 2.9688965e-07 5.1969382e-05 6.921513e-07 7.3616053e-07 1.7168486e-05 0.0012238825 0.00035830637 0.004961619 0.000661654 3.384845e-07 5.120511e-09
0.029066952 7.7336816e-05 6.1645906e-06 6.4221163e-06 0.00023133447 0.0005422903 0.0007538137 0.010645224 0.019387806 1.8499195e-05 0.0148026245 0.009275232 0.36397323 0.000786817 0.81077486 0.14160445 0.43189743 0.94723064 0.00048677574 2.4336295e-18 0.0016660611 0.11343527 0.07817052 0.0002112315 0.5688664 1.0788788e-05 0.006167896 0.105765365 5.084835e-06 0.031210825 0.05064744 0.026802368 0.04327049 0.31070626 2.5632964e-05 0.068708204 1.0199445e-05 0.09359569 0.36113018 0.047692444 0.0007085656 0.13577485 0.00068207143 0.0009911265 0.03872054 0.00083964295 0.03783052 0.043128587 0.031364694 0.033465024 0.0038378816 0.02237847 0.037486047 0.02495354 0.020007467 0.0066558253 0.006281838 0.04281234 0.013279356 0.0058069145 0.007163658 0.0045948764 0.010906567 1.4370296e-06 0.0048425416 0.00021311997 0.009245824 0.0010284787 0.013912147 0.00090629136 1.4137383e-07 0.0010606011 0.00012729484 0.0015232292 0.0021656998 0.0007173649 0.00013532682 0.008775311 0.008077144 0.0008350597 6.0847837e-05 8.029732e-05 0.017625362 8.141183e-05 0.00087758416 7.679105e-05 9.626273e-05 0.0003127291 0.0023317665 5.2465526e-05 6.655853e-05 0.0116588 0.0004078601 0.00016861927 0.0100589525 0.0015636625 0.0032765868 0.0005801395 0.004311112 1.9130359e-05 3.4336547e-06
0.045536544 0.27657187 0.11399071 0.011653408 0.03848318 0.15197437 0.010066072 0.077906206 0.0103648165 0.0011664855 0.0030932482 0.0021788965 0.00068264274 0.00062276376 0.005987202 0.14335528 0.00020393575 0.0033851133 0.8511311 0.0016660611 7.19e-14 0.115191914 0.056403738 0.68700564 0.0043871026 0.49984068 0.58170515 0.0010847183 0.010582487 0.0752168 0.00053868524 0.00060426997 0.00044573436 0.00011010915 0.061080247 1.64109e-05 0.12953709 0.00033115683 0.0006658254 0.00021489456 0.66766113 0.0053293034 0.00017888728 0.93123084 2.5247571e-05 2.7774237e-05 0.009450011 0.0019468124 5.130151e-05 0.00084630173 0.23125403 0.00019573314 2.0976175e-05 9.1485614e-05 0.0009909988 7.482628e-05 8.199834e-05 0.0017675929 7.961927e-05 8.0178026e-05 0.000101919126 0.00029846965 0.000305234 0.0037128788 5.0557373e-05 0.32797667 9.2384376e-05 7.3557494e-06 0.0016026095 3.0462199e-05 0.0015131932 2.1494508e-05 0.23575379 4.9030685e-05 0.00022055405 3.7591428e-06 1.979948e-05 0.00031192845 0.003309002 7.0934516e-06 5.6479195e-05 1.5473204e-05 0.00023321512 1.8773912e-05 7.5275866e-06 1.5153239e-06 2.2833634e-05 1.0378162e-06 6.6268353e-06 3.105235e-05 2.4498747e-06 9.063954e-06 2.3386233e-06 2.1637425e-07 1.5498333e-06 0.017663762 0.0018929966 0.082146674 0.006320908 2.1882296e-07 1.783274e-06
0.8075793 0.013053906 0.0077160005 0.0010823797 0.1064892 0.2533727 0.01576349 0.58135384 0.35585037 0.0003853972 0.07489913 0.023830172 0.17950289 0.0011473822 0.24649689 0.9343972 0.033971652 0.3402737 0.01717061 0.11343527 0.115191914 1.08346565e-17 0.8732354 0.013076552 0.5064904 0.0042149597 0.59395576 0.21080798 8.0045706e-05 0.6999674 0.037031714 0.04289131 0.047321726 0.04491818 0.0032210986 0.021798225 0.0027290364 0.012215032 0.009588457 0.018096706 0.110037826 0.0056831264 0.00011227143 0.038871765 0.0020368912 9.4757575e-05 0.49408403 0.0036304567 0.0019120675 0.003103916 0.22548757 0.00066522753 0.008613836 0.009100806 0.001341491 0.00048130815 0.00045895678 0.2829635 0.000675375 0.0010282572 0.00033003444 0.00037254754 0.0003889175 0.00031363737 4.0800653e-05 0.03054498 0.0064470493 0.0003362902 0.0010674807 0.00013534683 2.3440594e-05 9.4646035e-05 0.027254006 0.00031327922 0.00039078595 0.0003448312 2.6229824e-05 0.011036547 0.19538714 1.6402153e-05 2.5614514e-05 1.2355695e-05 0.057259142 6.929912e-06 4.456523e-05 1.0546527e-05 6.358659e-05 1.241545e-05 7.750959e-05 2.0212528e-05 2.5893187e-06 0.006383063 0.0001848374 5.9472775e-05 0.004532976 0.014241098 0.08611962 0.018117834 0.006838019 7.5748596e-07 1.6175743e-07
0.9642682 0.008718308 0.0038595772 0.0015432847 0.061625957 0.18916278 0.012284769 0.41065 0.26844317 0.0005625407 0.05467371 0.017139819 0.22690469 0.0013391466 0.3705784 0.60674274 0.028998807 0.30588698 0.010685742 0.07817052 0.056403738 0.8732354 2.8718445e-15 0.011890927 0.5112372 0.00325564 0.28924307 0.24828744 0.00019671523 0.64696807 0.020773007 0.025051013 0.15359548 0.1112768 0.0024825006 0.06553514 0.002396498 0.022988215 0.041549858 0.018647388 0.1285883 0.009254121 0.00022530294 0.047503438 0.008596205 0.0002405303 0.5055313 0.009032954 0.004192475 0.004525756 0.15338743 0.00069429574 0.012972699 0.01914283 0.0064282687 0.0015786439 0.0013054733 0.48334306 0.0008892377 0.0009241708 0.0021564823 0.001357515 0.0005497886 0.00020107256 7.486696e-05 0.025722243 0.0056468104 0.00010783825 0.0054405876 0.00032076717 5.560967e-05 0.00044208363 0.0339866 0.0014190476 0.0004547919 0.00024765037 3.1663534e-05 0.008644525 0.30484226 7.459678e-05 3.693425e-05 5.0344668e-05 0.042994916 4.7125737e-05 2.5728994e-05 4.213979e-05 0.00011592847 3.6310225e-06 0.00012403562 1.5079221e-05 6.3007155e-07 0.0076883235 1.46787825e-05 9.141911e-06 0.0030177073 0.020683384 0.15107805 0.041172635 0.03367312 8.018786e-06 1.9330691e-06
0.0031427408 0.010253358 0.004278095 9.030455e-05 0.0016283796 0.008236812 0.00014848815 0.0048927483 0.0004598225 3.1415988e-05 3.0917043e-05 7.6528886e-05 2.8641255e-06 2.4375524e-05 0.00020091004 0.020993978 3.4679146e-05 0.0005917507 0.82846963 0.0002112315 0.68700564 0.013076552 0.011890927 5.958209e-17 0.0011583664 0.84022486 0.063347705 8.259537e-05 0.023800265 0.0030737005 2.3209539e-05 1.4095543e-05 0.00010193575 1.1836076e-05 0.21193507 9.081185e-07 0.312528 1.6208125e-05 6.266331e-05 7.5016724e-06 0.10115272 0.0004793492 5.4932684e-06 0.5073382 1.2121932e-06 1.1462648e-06 0.00044003958 9.772705e-06 2.4503805e-07 1.3782288e-07 0.036846016 1.0232481e-05 9.007395e-07 3.2522153e-06 7.5766125e-06 5.4311107e-07 2.3221298e-07 0.00027090218 2.070748e-06 1.4914525e-06 1.912953e-06 4.3400414e-06 5.7283683e-06 0.017147962 2.9705646e-07 0.44068307 4.884922e-07 1.0100116e-06 2.2624072e-05 4.398965e-07 0.008605758 6.6819797e-07 0.21316567 3.626349e-07 6.40038e-06 5.9107865e-08 9.633835e-08 5.9058225e-06 0.0006976425 2.52287e-07 4.9258745e-07 6.667638e-07 1.4511435e-05 2.4452262e-07 4.4854232e-07 1.5585879e-07 2.0492107e-06 1.2688437e-07 1.8022386e-07 1.3925066e-07 7.3964706e-08 5.358791e-06 1.02076655e-07 3.5110812e-08 6.446622e-07 0.012551903 0.00031715864 0.044517275 0.005127544 6.6650183e-09 4.5510007e-10
0.39449525 0.00027743727 3.8031223e-05 1.04342e-05 0.0051632104 0.008190839 0.00047621503 0.07610423 0.049680125 1.0846612e-05 0.012930949 0.005576086 0.33405766 0.0007915454 0.5175407 0.4617806 0.079566374 0.73997617 0.0007154321 0.5688664 0.0043871026 0.5064904 0.5112372 0.0011583664 4.9822945e-18 0.00039193511 0.034185924 0.69760096 1.5392961e-05 0.3706403 0.6980165 0.5913485 0.4968181 0.75053686 0.00027344617 0.625399 0.00012299715 0.15993801 0.15318593 0.2655633 0.001498417 0.06795719 0.00022122562 0.0019638871 0.22039478 0.0003441569 0.3733141 0.06576279 0.09483834 0.11604233 0.026398538 0.016752582 0.05264938 0.05789042 0.04737193 0.019427817 0.011227744 0.2072634 0.008470822 0.0072423867 0.005473588 0.00630505 0.004318441 3.143298e-05 0.0016514938 0.001954954 0.019874565 0.0018701684 0.0119451815 0.003592439 2.96142e-07 0.0037692464 0.0004950781 0.0022922612 0.00086676585 0.0011532139 0.00062473386 0.016649604 0.08757927 7.6647426e-05 0.00059716793 2.0199772e-05 0.033909377 0.00066939427 0.00016488218 0.00021253664 0.0007574185 7.528201e-05 0.0008767346 0.00021854592 6.099355e-05 0.005605515 0.0007022852 0.00023760633 0.0030760248 0.0019816973 0.008838672 0.0025636938 0.003549088 3.0948846e-05 1.0123637e-06
0.0015857554 0.00224787 0.0023774595 5.1199062e-05 0.00018702529 0.0015956728 5.5865235e-05 0.00086387625 0.00012215562 4.5066245e-06 1.0940965e-05 7.4335408e-06 2.2491802e-06 2.2163676e-06 9.533051e-05 0.0049375882 4.1262683e-06 6.929036e-05 0.75499886 1.0788788e-05 0.49984068 0.0042149597 0.00325564 0.84022486 0.00039193511 8.189417e-18 0.010874127 6.104808e-05 0.12285455 0.0004964395 2.3838527e-06 2.7422436e-06 7.268704e-05 1.4141137e-06 0.6395562 4.888044e-07 0.5177724 1.9640909e-06 9.133492e-06 1.6190986e-06 0.023904828 0.00021091868 2.352667e-06 0.30835807 2.481131e-07 2.6871055e-07 0.00012162658 5.823937e-07 4.145271e-08 1.1886394e-08 0.007751277 1.4073668e-06 1.2092916e-06 4.41511e-06 1.1804337e-06 9.312373e-08 1.6425345e-08 8.993791e-05 1.2685515e-06 3.5407759e-06 1.8050234e-07 3.9144984e-07 8.5563966e-07 0.08608013 8.543574e-08 0.42363265 2.5693757e-07 9.0098524e-07 3.795758e-06 4.5682164e-08 0.016066972 1.2184222e-07 0.14212514 1.0814637e-08 6.906881e-07 9.396552e-08 5.678558e-09 4.702703e-06 0.00022810794 1.4855968e-08 4.6096926e-09 3.7581277e-08 6.5795994e-06 4.9205444e-09 4.207443e-08 1.3804327e-08 2.2390527e-08 1.7829917e-08 2.6145493e-08 1.5804438e-09 1.1284823e-09 3.4755315e-06 1.2864176e-08 3.2146446e-08 9.090724e-07 0.0057502324 0.00010528654 0.021635758 0.0066603622 3.377214e-10 8.310858e-12
0.45098674 0.11910854 0.041673522 0.005168021 0.11914342 0.43386617 0.01570449 0.61943465 0.1334749 0.00033537883 0.022878643 0.00390264 0.010833561 0.000767551 0.01700629 0.29333252 0.00090419734 0.03180967 0.06125165 0.006167896 0.58170515 0.59395576 0.28924307 0.063347705 0.034185924 0.010874127 7.017135e-18 0.016285056 0.0007813248 0.7783233 0.0040183677 0.0059296843 0.004915504 0.0029618028 0.00598097 0.00063067337 0.0040804585 0.0009114568 0.00075303775 0.0005245274 0.780056 0.0017231001 0.00033788852 0.23642272 0.00021602202 0.00022610732 0.2707962 0.00061426574 4.4156386e-05 6.419456e-05 0.86671877 2.021671e-05 2.216098e-05 0.00010817207 0.00035166074 4.1830597e-05 2.1709644e-05 0.0706494 2.5778077e-06 3.7930545e-06 2.639194e-05 4.1993397e-05 2.6841397e-05 0.0011888455 3.6130623e-07 0.036579385 1.8876695e-05 1.602835e-06 0.0005557394 3.4107243e-06 0.0003426411 6.1519927e-06 0.040601216 1.0897842e-05 0.00013142281 2.0510514e-07 1.6809986e-06 0.00010811463 0.03165592 7.9569745e-06 8.3450146e-07 1.0598029e-05 0.00092128135 3.0329e-07 1.3660987e-06 1.2909643e-07 3.5647913e-06 5.8749913e-07 7.415824e-08 2.1695135e-07 7.3844153e-09 3.1726617e-05 6.4313404e-08 7.896527e-08 4.5207795e-05 0.008317532 0.016465276 0.008530163 0.004167867 1.05632964e-07 4.0594152e-08
0.4604004 3.5719193e-05 8.7919925e-06 4.036046e-06 0.0005543692 0.0010860586 0.00017920538 0.007952105 0.008422888 1.0467887e-05 0.0028884204 0.0011895236 0.046479464 0.00018892586 0.17289712 0.082863405 0.03303137 0.1603747 0.00010013549 0.105765365 0.0010847183 0.21080798 0.24828744 8.259537e-05 0.69760096 6.104808e-05 0.016285056 2.1164486e-17 1.954106e-05 0.12920596 0.09240971 0.07422873 0.97009116 0.16223913 0.00010104452 0.29104957 5.040962e-05 0.03554438 0.097998604 0.04642138 0.0010515369 0.053912625 2.3407441e-05 0.0010294485 0.042981666 5.120453e-05 0.2540947 0.01208706 0.023916887 0.019300843 0.00714997 0.005714722 0.018326811 0.02943698 0.008922181 0.004405996 0.0024332625 0.24527238 0.0029096452 0.001837323 0.0027975955 0.0019877388 0.00064017356 1.4294184e-05 0.00016212277 0.0007251802 0.017475037 0.00013699019 0.005064878 0.00027248194 4.176857e-07 0.0006639396 0.00037853574 0.0012301281 0.0002127153 0.00032426827 4.0597657e-05 0.015776034 0.07880873 0.00027324725 4.553265e-05 3.10655e-05 0.027404932 0.000109222674 7.800695e-05 5.9532016e-05 3.3380806e-05 5.4827204e-05 0.00012458536 5.321208e-06 6.014493e-06 0.004232926 7.138046e-05 2.9077852e-05 0.003410079 0.0012515959 0.022558043 0.0009119219 0.0013083437 6.8550635e-06 1.1668549e-06
6.0713586e-07 0.0029962424 0.0013808233 0.00016434559 8.97649e-05 0.0007553393 0.00019334655 0.00025185206 5.8417936e-05 0.00011905081 5.6447398e-06 1.351984e-05 2.4566152e-06 2.5611705e-05 1.5052912e-05 0.00019391715 5.7793013e-06 2.476245e-05 0.14128104 5.084835e-06 0.010582487 8.0045706e-05 0.00019671523 0.023800265 1.5392961e-05 0.12285455 0.0007813248 1.954106e-05 8.145944e-20 2.2507496e-05 5.480811e-07 9.605777e-07 3.5715246e-05 1.1100036e-06 0.60672534 7.956272e-07 0.049240947 2.0783689e-06 2.8030954e-06 2.4809456e-06 0.0010098764 2.092375e-05 2.1992034e-06 0.00365805 8.31765e-07 1.3866772e-07 4.9869486e-05 1.0887346e-06 1.0499105e-06 3.0782533e-07 0.00018031319 3.5489165e-06 6.6432367e-06 8.949057e-06 4.496859e-07 1.4802933e-06 1.4867143e-07 1.6083144e-05 9.353538e-06 8.485783e-06 2.342191e-07 5.367214e-08 2.5505954e-06 0.0960265 5.272036e-07 0.018239936 6.3046136e-06 4.6660284e-07 9.97832e-08 9.8481925e-09 0.0057531097 3.1377823e-08 0.0009183418 1.3178766e-08 2.9251753e-08 9.1271147e-07 2.2272446e-09 5.569262e-05 5.3125244e-05 5.2328122e-08 3.4299021e-09 2.886681e-09 1.9188245e-05 8.4688856e-10 1.1811414e-07 7.9593985e-09 6.0960863e-09 1.582532e-08 1.2500325e-07 1.5759857e-09 6.1081322e-09 2.8048244e-05 1.8795829e-08 1.688798e-08 7.596147e-06 0.0003319587 0.00036522094 0.0009295264 0.0011901188 1.1181212e-09 1.684283e-10
0.9019883 0.0013076776 0.00076326984 0.00012805132 0.009646736 0.074215904 0.0007481707 0.40106556 0.056882985 2.067375e-05 0.006973692 0.00076919975 0.07178458 6.8415546e-05 0.09637533 0.17522494 0.0024626849 0.16454288 0.0014670275 0.031210825 0.0752168 0.6999674 0.64696807 0.0030737005 0.3706403 0.0004964395 0.7783233 0.12920596 2.2507496e-05 2.820865e-17 0.023759052 0.040554926 0.13075736 0.022489205 0.0003006408 0.03326082 0.00029605377 0.0043013813 0.0028976188 0.011688363 0.07207967 0.005581779 9.0069836e-05 0.024612473 0.0009324381 0.00015430994 0.85428977 0.002143538 0.0011673993 0.0017186444 0.29429212 0.0001217798 0.002322873 0.006962006 0.0044179056 0.00058574026 0.00046057696 0.52179056 3.4407207e-05 7.700416e-05 0.0005564293 0.000664963 4.5040262e-05 5.8667945e-05 1.7407639e-06 0.008330878 0.0013294048 6.250911e-06 0.00685649 0.0001530447 4.1917715e-06 0.0003582654 0.009504476 0.0014494604 5.143637e-05 6.7323485e-06 5.237429e-05 0.0055078864 0.3039617 8.6266395e-05 3.9532115e-05 1.642955e-05 0.025326904 1.1147057e-05 4.6055434e-06 1.9501636e-06 6.814063e-05 3.1565125e-07 3.4581374e-06 4.973254e-06 1.8684844e-08 0.0024684314 1.4394051e-06 3.9660387e-07 0.00078859925 0.004301937 0.106776245 0.007067051 0.0040963804 2.102435e-06 4.027523e-07
