7.6911345e-25 4.4177784e-07 1.5450327e-06 1.9553228e-07 0.0007266975 2.9918808e-06 8.6736617e-07 9.3155895e-06 5.4905473e-07 0.0031880164 4.020487e-06 6.1229286e-11 1.5353644e-12 0.011740048 0.00030594392 0.025618264 0.11119159 0.011643517 3.2370882e-09 0.0124264555 0.003415656 0.00064807874 2.2551543e-09 0.0029066764 0.034585144 4.451788e-10 0.24070676 0.20465292 0.28124866 0.047311503 0.001952463 0.0033948978 0.72486097 0.1544404 0.18739913 0.8329437 0.3029015 0.004764401 0.21691592 0.2529801 0.2151873 0.051417947 0.7443784 6.540134e-05 0.003918529 0.31487432 0.010459251 0.7662246 0.4932076 0.690119 0.001066672 0.000605043 0.6476792 0.41825175 0.024334354 0.97196317 0.5607803 0.07204057 0.30848762 0.005383848 2.0302341e-05 0.30178997 0.081907496 0.68695366 0.7392723 4.1093648e-05 0.8560231 0.006037959 0.048144497 0.4741336 0.57943636 0.021646718 0.038894523 0.9037989 0.93215424 0.036076803 0.83091897 0.95179844 0.00019096339 0.05604839 0.64057535 0.9660147 0.9902722 0.93714154 0.9947077 0.0003229514 0.14063545 0.98731154 0.99923235 0.9705784 0.03734497 0.97073925 0.6947678 0.9969811 0.53278506 0.9958072 0.988028 0.99547607 0.00037307444 0.83409953 0.988143
4.4177784e-07 2.0375098e-20 0.54480416 0.56936795 0.42593998 0.07339089 0.048164397 0.014323566 0.10068723 0.07774446 0.00047405635 0.000438922 0.0006957745 0.053449433 0.0012524253 0.019872462 0.020484094 0.016794445 7.72189e-05 0.0031682956 0.00082650926 0.0005695144 9.997843e-05 0.0014138287 0.0033806842 4.374187e-05 0.00042529107 0.00048467593 0.011454558 0.0019308445 0.00013075497 0.0004470129 0.006861448 0.00022085145 8.5869135e-05 0.0049646012 3.262244e-05 3.8653496e-05 0.00016462353 8.464345e-05 0.002980774 3.5675414e-05 0.0014097827 5.1363728e-05 2.3440448e-06 0.0005353436 4.9485976e-07 0.001119668 0.0018912796 0.0006973708 3.7383534e-06 0.00013066086 6.986792e-05 1.3801793e-05 3.5816882e-07 0.00047308762 3.7407804e-05 2.466837e-06 2.2613482e-05 3.0825997e-06 3.016763e-05 2.1963613e-06 4.4681065e-07 3.6862777e-05 3.3427366e-06 4.3467808e-06 1.4877074e-05 5.029886e-06 1.8254796e-06 5.8519475e-07 0.0006040257 5.4962317e-07 1.5058842e-07 1.1843906e-06 0.0005612156 2.4132046e-06 1.2368238e-07 6.2062456e-05 1.24262e-06 1.4756996e-06 1.7888073e-05 0.0007576396 9.8360935e-05 3.6909812e-05 5.952904e-06 0.0001419891 9.633707e-06 0.00013993248 0.00022745061 0.00020718107 2.360792e-08 4.5129265e-05 6.5019713e-06 0.00011696123 3.5480283e-05 0.0005033773 2.8806217e-06 1.035933e-05 1.8799892e-05 3.56076e-05 3.0841802e-05
1.5450327e-06 0.54480416 6.0109845e-19 0.2712289 0.59840614 0.03518124 0.012669117 0.00446249 0.10076938 0.0648377 0.00018384289 0.001465362 0.0011954845 0.040977363 0.00031947182 0.011389576 0.015951343 0.06161466 0.00067109003 0.0011059446 0.00046388066 0.000564442 0.00018850241 0.0018331103 0.0076405792 4.4649714e-05 0.0024968882 0.0031636236 0.0055724923 0.00085574057 0.0007491739 0.0021195703 0.004143562 0.0010411198 0.00034374048 0.0069574765 0.00028496503 0.00075324165 0.0002681731 0.00038470075 0.0027483455 5.2084e-05 0.001656796 0.00068862236 7.140474e-06 0.00040638118 8.217486e-07 0.00043227134 0.0012893889 0.00040682495 2.8421986e-05 0.00029383585 5.366404e-05 3.2980523e-05 7.459283e-06 9.903678e-05 4.2835203e-05 4.6804084e-06 4.786904e-05 1.0895307e-05 3.618397e-05 6.338356e-06 3.0708804e-06 0.00018720444 5.5751575e-06 7.4191494e-06 1.5633263e-05 4.830028e-05 5.433743e-05 2.5882794e-06 0.0013737037 1.17839e-06 2.8615713e-07 4.317077e-06 0.00043662498 2.3076157e-06 3.533673e-07 0.00019117749 1.2698388e-05 3.7213506e-06 6.0925882e-05 0.00052233454 9.590024e-05 0.00017853841 1.4200785e-05 0.00037429537 5.648286e-05 0.00050586846 0.00020097749 0.0006001837 1.0288314e-07 0.00016912998 2.6216017e-05 0.0005341859 0.00026737762 0.0005942334 2.6658577e-06 8.363255e-06 0.00011707841 0.00024409544 0.00017236202
1.9553228e-07 0.56936795 0.2712289 5.5363953e-19 0.27508527 0.0137252975 0.006738888 0.00037364662 0.29068008 0.020753046 2.6928317e-05 0.009982786 0.023487471 0.024858696 4.1299438e-05 0.0011211206 0.01117463 0.064649716 0.008848274 9.611935e-05 1.19417e-05 0.00012237341 0.006737825 0.00032036455 0.0015501601 0.002012393 0.0018505744 0.0012832136 0.0026672094 6.462367e-05 0.00010131383 0.00049816916 0.0035386446 0.00035098073 0.00021765567 0.004072996 6.778622e-05 4.0205505e-05 2.9531144e-05 0.0002737577 0.0014746188 3.6024737e-06 0.001025189 0.0001118749 1.4438858e-06 0.000117329684 4.866079e-08 3.6223017e-05 0.0018409282 0.00028707707 5.507657e-06 0.00039210488 2.1806673e-05 6.8394174e-06 9.900425e-06 0.00032729562 9.573535e-06 4.158363e-07 4.6992423e-06 6.343393e-06 6.0123366e-06 7.7554546e-07 2.0441757e-07 0.00020490252 8.4705545e-07 4.930042e-07 1.1936622e-05 3.5637124e-05 3.2630378e-05 1.8521013e-07 0.0012866308 5.02568e-08 8.1542595e-09 1.4379603e-06 0.00047417797 1.9598744e-07 3.8507366e-08 0.00012768318 7.823571e-06 1.1932184e-07 1.7234499e-05 0.00055338274 0.00028590905 0.00041796386 5.856171e-06 0.0005835304 2.6056394e-05 0.000436452 0.00024167722 0.00074037514 1.6581188e-08 0.00017312673 4.545519e-06 0.00013205287 0.00025806294 0.00095965253 1.5024472e-07 2.0690948e-05 0.000105479405 0.00022142551 0.00017940873
0.0007266975 0.42593998 0.59840614 0.27508527 2.3653126e-19 0.32957625 0.09998341 0.17585509 0.43545306 0.3785896 0.009350253 0.0062487777 0.004012549 0.42065704 0.014301555 0.1339417 0.19954003 0.37946972 0.010610554 0.03311153 0.023464741 0.015817244 0.013857704 0.022624219 0.05076575 0.0073504313 0.011809224 0.045259986 0.034600146 0.004661135 0.014035234 0.019326432 0.018904485 0.019219087 0.0039532795 0.10349046 0.02878132 0.020997085 0.0051810755 0.007282971 0.0014571074 0.0037040692 0.00665799 0.007816066 0.0011746886 0.0023781399 0.00017799623 0.0022612428 0.0018816636 0.0016022628 0.0003967993 0.0069719693 0.00033768316 0.00026931334 0.00095412193 0.0009968145 0.00057086593 0.0005317005 0.00061901263 0.00012073304 0.0011340035 0.00019303168 8.270675e-05 0.004143974 6.361153e-05 0.0001592406 1.6520475e-05 0.0004709977 0.0012598153 4.1034316e-05 0.0016319694 3.5203637e-05 2.7819593e-05 2.8060389e-05 0.001797174 1.584756e-05 2.6376e-06 1.8223322e-05 0.00019198503 2.8709608e-05 1.2290786e-05 0.00025468887 0.00080501125 0.00161062 4.0394843e-06 0.00095591205 5.3944193e-05 0.00089568994 0.00019333698 0.0011339418 6.767483e-06 0.00019847394 0.00016443744 0.003731983 0.005879456 0.0013067663 6.7739114e-05 1.600807e-05 0.00018951017 0.00088472065 0.00045872797
2.9918808e-06 0.07339089 0.03518124 0.0137252975 0.32957625 5.887749e-21 0.58468497 0.4844373 0.0026430986 0.35848364 0.032786757 1.739054e-05 1.49225425e-05 0.08479024 0.064277746 0.08205539 0.019308463 0.005450372 1.0343999e-05 0.009760132 0.0052013244 0.009504571 1.3515765e-05 0.015477419 0.011546314 7.864131e-06 0.000668497 0.001212488 0.019492485 0.0056479927 0.004006622 0.006053246 0.01228371 0.00046934982 0.00015473286 0.0065772915 0.00021926321 0.0007412692 0.0019946245 0.00022418864 0.005891636 0.00019706298 0.0018130338 0.00047352613 8.6568274e-05 0.0016726081 9.502994e-06 0.008782314 0.0022120401 0.0017519775 3.6615977e-05 4.093375e-05 0.00021553431 7.481036e-05 2.8113277e-06 0.00029808423 9.335498e-05 2.8582768e-05 5.827882e-05 4.085666e-06 6.7914334e-05 1.5097885e-05 6.5509867e-06 3.7651218e-05 1.7754232e-05 1.1263944e-05 2.9272924e-05 5.647858e-06 7.4483223e-06 7.984005e-06 0.00039733874 1.3705982e-06 6.1554465e-07 1.0604327e-05 0.0006870969 7.0383912e-06 4.020707e-07 0.00013795774 1.460662e-06 9.249259e-06 4.836389e-05 0.00050353335 0.00014415428 2.2454693e-05 1.530112e-05 1.7365166e-05 2.343277e-05 0.00027314122 0.0002156517 0.0001937338 4.4278103e-08 6.746376e-05 2.2740818e-05 0.00035799196 3.268943e-05 0.00015881321 4.152148e-06 4.3803925e-06 4.58072e-06 7.136362e-06 2.9497578e-06
8.6736617e-07 0.048164397 0.012669117 0.006738888 0.09998341 0.58468497 6.7002136e-19 0.688359 0.00028679988 0.2071396 0.29784745 2.0512942e-05 1.910427e-05 0.0053105494 0.19019781 0.038782742 0.0026545923 0.00066729693 6.4507576e-06 0.009874894 0.004568609 0.016067937 1.31907045e-05 0.0117694475 0.0002918302 5.312213e-06 9.9160105e-05 8.358245e-05 0.0131306695 0.0040574474 0.0015539915 0.005200404 0.0020680185 4.794214e-05 9.660185e-06 0.00027580326 1.5727608e-05 0.00044494838 0.0013740319 1.4924108e-05 0.0049542505 0.00020066224 0.00018378031 0.00061973353 6.331436e-05 0.001885087 5.9617037e-06 0.0050605424 0.0007508497 0.0016326263 6.865961e-05 2.0710846e-05 0.00025414076 0.00014342516 7.4389686e-07 0.00011723036 0.00026664193 2.8332925e-05 0.00014113964 4.933046e-06 0.00014444602 1.7795508e-05 4.605824e-06 5.2913034e-05 3.0913212e-05 1.56752e-05 0.00019763324 3.1605168e-06 1.2325654e-06 9.577197e-06 0.00020761363 5.2887376e-06 2.9349278e-06 1.5649552e-05 0.0011392825 1.669452e-05 6.287657e-06 0.00017495679 8.093968e-07 1.4414569e-05 9.378437e-05 0.0012942627 5.8616995e-05 1.31027155e-05 2.2060653e-05 1.8723025e-05 1.0509439e-05 0.0002071939 0.0008930582 0.0002403001 5.146694e-07 9.0477304e-05 2.076565e-05 0.0003885114 1.1560206e-05 0.00021750109 1.799206e-05 1.5947091e-05 3.3911638e-06 9.23181e-06 8.002177e-06
9.3155895e-06 0.014323566 0.00446249 0.00037364662 0.17585509 0.4844373 0.688359 1.4061466e-18 0.00023736103 0.54221064 0.42019165 1.3107395e-06 1.4832228e-06 0.031717658 0.58423597 0.35952425 0.015461369 0.0012637543 1.6114716e-06 0.07910011 0.02827767 0.048799418 4.400352e-06 0.057608485 0.005651902 1.8009646e-06 0.00019290231 0.0005741276 0.07676139 0.024525693 0.009014929 0.026718862 0.019192958 0.00020294513 2.0234978e-05 0.003513078 7.590075e-05 0.0051879683 0.020355301 5.8396767e-05 0.018386278 0.0031872718 0.0021635273 0.0008329546 0.0003772107 0.01894571 0.0003012059 0.032639768 0.0031785292 0.014029868 0.0001142781 6.789854e-05 0.0032539433 0.002339844 2.9705873e-07 0.0012747645 0.0031625978 0.00014748909 0.0011243918 4.2702663e-06 5.7289726e-05 0.00011583244 2.2150247e-05 6.3037754e-05 0.000126202 2.5915211e-05 0.001309416 2.1288272e-06 8.927534e-06 4.2925167e-05 0.00024467788 1.7644768e-05 1.4964314e-05 4.0605868e-05 0.004121337 1.3721776e-05 1.0161366e-05 0.00022097427 6.708228e-07 1.8486056e-05 3.7122856e-05 0.0035629142 0.00019189317 8.940398e-06 1.5875394e-05 1.03487255e-05 6.7155444e-05 0.00048596936 0.00046169615 0.0003448664 8.380848e-07 0.0007631851 5.623267e-05 0.0009320046 2.8182696e-06 0.000113866976 9.436695e-06 6.614555e-06 2.7499093e-06 1.5703254e-05 4.7475755e-06
5.4905473e-07 0.10068723 0.10076938 0.29068008 0.43545306 0.0026430986 0.00028679988 0.00023736103 1.3184996e-20 0.006597967 6.264368e-06 0.39707178 0.14412576 0.05274865 4.2392967e-05 0.00045812989 0.04142075 0.35211283 0.10353682 5.497695e-05 2.316958e-05 0.00014153552 0.10897767 0.00023026322 0.0025192376 0.028076995 0.024010597 0.026088363 0.00040615452 2.0485768e-05 0.00027816667 0.00019161684 0.00066215836 0.00091092545 0.00074125646 0.008868021 0.0011972314 7.7488236e-05 8.410461e-06 5.425981e-05 3.0602372e-05 2.0673303e-06 0.00011096236 3.2259202e-05 9.76034e-07 1.0111417e-05 1.2544379e-07 9.612214e-06 0.00012742881 1.6355436e-05 1.5354424e-06 0.0068692723 4.4032527e-06 3.5903186e-06 0.00053182297 6.252852e-05 2.051792e-06 1.6953877e-07 9.158644e-07 4.532184e-05 2.2389013e-06 1.9087688e-06 2.7929488e-07 0.00046255163 5.134345e-07 1.6715882e-07 1.6109508e-06 0.0007397036 5.297918e-05 2.8971036e-07 0.0009886861 1.6199486e-07 3.7394802e-08 6.473464e-07 0.00054789596 1.6729317e-08 1.1820513e-08 2.8995719e-05 8.151547e-05 5.2043454e-08 5.8081764e-06 0.0003422479 0.0005498212 0.0012128617 3.9865295e-06 0.000254927 2.9624145e-05 0.00022859947 9.010188e-05 0.00096041703 1.7268603e-07 0.000100991056 1.2275838e-05 0.000317411 0.001979358 0.0010949394 8.4963875e-07 5.753663e-06 2.020166e-05 0.00081156654 0.0007836736
0.0031880164 0.07774446 0.0648377 0.020753046 0.3785896 0.35848364 0.2071396 0.54221064 0.006597967 1.2834161e-18 0.17191078 7.415089e-06 7.2380085e-06 0.39491615 0.26009375 0.88050985 0.20067829 0.009512288 3.7597398e-05 0.11477333 0.064151175 0.033779494 2.1515345e-05 0.07272661 0.11174088 8.44329e-06 0.001789454 0.017147765 0.07703722 0.011403286 0.010049235 0.029249243 0.08118447 0.0059414958 0.00043543385 0.044734288 0.0040017585 0.0022025083 0.0052988837 0.0042775157 0.013152676 0.0006294734 0.01210471 0.00090112764 0.00084155647 0.0036422738 0.00021056115 0.008074598 0.009918069 0.0047662165 0.00035292478 5.3405092e-05 0.00075155834 0.0011007865 2.1053795e-05 0.0061558434 0.00062188477 0.00041771698 0.00019431186 5.490869e-06 0.0010251104 0.00026272872 0.00014719823 0.0010676348 0.00016816176 5.5092518e-05 2.7022302e-06 1.8236324e-05 3.7031095e-05 0.00012681766 0.0008381616 2.835022e-05 1.1889054e-05 2.8593646e-05 0.00018426012 2.4354866e-05 8.624209e-06 1.8045297e-05 8.08453e-06 3.875875e-06 1.7489532e-05 0.000104384235 0.0034484784 0.00058022694 1.451581e-05 4.2994652e-05 0.0001033857 0.0009585293 0.00012637724 0.0007464784 1.02498845e-07 0.00011892734 5.7521597e-06 0.00018608947 0.00030606415 0.0002974314 5.1885568e-06 5.9579776e-07 6.537032e-06 2.6757389e-05 3.307451e-05
4.020487e-06 0.00047405635 0.00018384289 2.6928317e-05 0.009350253 0.032786757 0.29784745 0.42019165 6.264368e-06 0.17191078 8.3666824e-20 7.023495e-07 2.948412e-07 0.003993834 0.76407915 0.06658967 0.0020528168 0.00013416847 3.1376254e-07 0.025509745 0.017080382 0.07839668 4.1859087e-07 0.037555 0.00027098047 1.0788479e-07 3.227582e-05 9.312627e-05 0.017622916 0.011293176 0.0062865787 0.017439893 0.0028139257 1.9902845e-05 4.4680323e-06 0.00040266322 1.2411685e-05 0.0014371865 0.0070159878 2.1880147e-05 0.0075555975 0.0016251868 0.0002135389 0.0009852524 0.00025060712 0.0058836346 0.00011861449 0.01081843 0.0015172436 0.0048176306 3.8122187e-05 9.219989e-07 0.0013019132 0.00064836926 8.569034e-08 0.00011852585 0.0017310965 0.00010612254 0.00053553504 1.1953807e-06 4.769029e-05 0.00010423681 8.114019e-06 4.854351e-05 0.0001433464 5.81597e-06 0.0006645386 4.09138e-07 1.5435687e-06 2.1200554e-05 0.00024214925 4.0272985e-06 2.213018e-06 6.530399e-05 0.0020025554 1.074972e-05 8.504807e-06 0.0002566536 3.50356e-07 1.1610677e-05 9.5459334e-05 0.0018892174 8.227635e-05 1.6151329e-05 3.2589913e-05 1.7101087e-06 2.3145638e-05 0.00027560818 0.0011961386 0.00021306207 1.0816103e-06 0.00026022116 4.58917e-05 0.0008534451 1.5999622e-06 0.00024124912 2.7778104e-05 2.0641854e-05 1.2848888e-06 1.0784971e-05 8.391217e-06
6.1229286e-11 0.000438922 0.001465362 0.009982786 0.0062487777 1.739054e-05 2.0512942e-05 1.3107395e-06 0.39707178 7.415089e-06 7.023495e-07 2.6190263e-23 0.59417975 0.00023529948 7.2129296e-07 1.5884972e-06 0.00024887302 0.0033695484 0.02043384 1.832515e-05 5.6599897e-06 5.5691685e-06 0.015962986 1.3487206e-05 5.6024284e-05 0.003485335 0.00033847083 7.3598865e-05 1.130411e-06 1.7820115e-07 3.6028482e-06 4.750103e-06 4.268418e-06 5.435759e-05 0.00015613649 0.00010816186 4.8337033e-06 5.799954e-07 1.3655504e-06 1.0859757e-05 4.709296e-06 7.343676e-07 1.46762495e-05 1.6538888e-07 3.6241726e-08 1.7173965e-06 6.270961e-08 4.7457857e-07 1.7377193e-05 2.4994333e-06 8.459918e-08 0.00043807708 3.7091802e-06 6.969835e-07 4.1220464e-05 3.7658886e-06 5.2965487e-07 2.6362233e-07 5.48534e-07 3.84306e-05 1.1887687e-06 1.0714364e-06 4.1049344e-07 2.471562e-05 1.0226788e-06 3.7792685e-08 9.313581e-08 6.2452775e-05 2.8517556e-05 3.2101623e-06 5.1699528e-05 8.4411045e-07 5.0076414e-07 7.4834475e-07 1.0842324e-06 8.994738e-08 1.4219017e-08 3.7291932e-07 6.824383e-05 1.2596294e-08 9.809723e-07 2.198084e-06 3.159815e-06 3.5446363e-05 9.067706e-08 8.554065e-05 1.3474235e-05 3.5049825e-06 3.2588314e-06 1.4181243e-05 6.677972e-09 3.3130466e-06 6.5079953e-06 1.2973044e-05 0.00012320226 6.4075044e-05 4.6753738e-07 3.651751e-06 5.7106845e-06 4.8745816e-05 1.6270631e-05
1.5353644e-12 0.0006957745 0.0011954845 0.023487471 0.004012549 1.49225425e-05 1.910427e-05 1.4832228e-06 0.14412576 7.2380085e-06 2.948412e-07 0.59417975 1.943817e-23 0.00023981796 1.7663135e-07 6.594403e-07 8.630598e-05 0.002383005 0.01733617 2.0022258e-06 4.3134165e-07 8.3884845e-07 0.0128694 5.4836715e-07 3.3048782e-05 0.0021124934 0.00011041031 6.360734e-05 7.092724e-07 1.0381982e-08 3.8937526e-07 6.7853995e-07 1.8314144e-05 2.7883767e-05 4.0782565e-05 4.4507382e-05 2.6929072e-06 1.3937217e-08 4.9518714e-08 1.5023843e-05 1.0459529e-06 3.0180708e-08 2.754927e-05 2.2314596e-08 3.8519543e-09 9.787319e-08 3.1615521e-09 4.011188e-08 1.166536e-05 5.492249e-07 4.1897428e-09 0.00025104274 3.4031584e-07 4.8003145e-08 1.0848132e-05 8.3449395e-06 4.9755307e-08 1.41043826e-08 6.635265e-08 1.5377893e-05 5.696537e-08 1.1111171e-07 2.5161484e-08 1.46430175e-05 1.9202486e-07 1.6273034e-09 4.2395364e-08 5.0499166e-05 5.643217e-06 8.983302e-08 7.2487324e-05 3.013423e-08 1.1430706e-08 1.4110498e-07 7.35001e-07 6.5471975e-09 1.0796598e-09 2.0548671e-07 2.349892e-05 3.519566e-10 2.0887161e-07 3.0985595e-06 1.1319698e-06 8.988291e-06 4.8321816e-08 9.121176e-06 6.14015e-07 4.551546e-07 3.778874e-07 3.755638e-06 2.870061e-10 6.115751e-07 5.429521e-07 8.6902037e-07 2.2550768e-05 2.705437e-05 3.0883108e-08 3.0194457e-07 3.3816542e-07 9.216143e-06 3.7147097e-06
0.011740048 0.053449433 0.040977363 0.024858696 0.42065704 0.08479024 0.0053105494 0.031717658 0.05274865 0.39491615 0.003993834 0.00023529948 0.00023981796 5.0275933e-21 0.025920607 0.4702407 0.86535513 0.15372041 3.1170493e-05 0.04771703 0.017610215 0.005269378 7.820796e-06 0.013711743 0.3992293 7.489285e-06 0.07029478 0.25604272 0.022209262 0.0019133948 0.0021123935 0.005121174 0.059643522 0.038328387 0.015555715 0.1470711 0.030950803 0.0011679783 0.0006767632 0.014300621 0.0016362098 0.000111407935 0.027408086 0.00079029857 0.00011271783 0.00053079316 8.238174e-06 0.00086837844 0.0055394266 0.0002761399 0.00013611 0.0002330155 5.9438073e-05 0.00015837188 0.00081686996 0.0073848497 8.486541e-05 1.4997401e-05 5.179285e-05 4.04503e-05 0.00015757146 2.4413233e-05 8.410117e-06 0.07465292 9.704406e-06 6.1870537e-06 1.7563553e-06 6.426727e-05 0.0032509596 1.8640401e-06 0.0091560995 8.6866004e-07 4.08103e-07 1.3426883e-06 0.00024697513 6.933683e-07 2.0163107e-07 8.613992e-06 3.057921e-05 4.287166e-07 1.5686714e-05 0.00011122469 0.014567352 0.010825872 4.714738e-06 4.3613905e-05 2.5393372e-05 0.0009789496 1.8774412e-05 0.0008282321 5.5967863e-08 2.9641973e-05 4.9470117e-07 0.00058862584 0.00058990374 0.0019767596 1.8960732e-07 3.3962152e-08 4.2267875e-06 0.00040200827 0.00048722114
0.00030594392 0.0012524253 0.00031947182 4.1299438e-05 0.014301555 0.064277746 0.19019781 0.58423597 4.2392967e-05 0.26009375 0.76407915 7.2129296e-07 1.7663135e-07 0.025920607 4.64745e-17 0.33936414 0.016468221 0.00029591628 8.481532e-07 0.25612897 0.16940087 0.52787596 1.2289362e-06 0.51425475 0.002385338 1.078149e-06 6.248834e-05 0.0007009156 0.24606876 0.18444064 0.09755345 0.2121072 0.035772324 0.00016329697 6.160553e-06 0.0015619874 3.441649e-05 0.023753626 0.13126221 8.095883e-05 0.15246077 0.045836493 0.0025032742 0.011585504 0.0053821104 0.11412894 0.012247156 0.20197904 0.017683651 0.103679776 0.0015854725 8.752901e-05 0.03007596 0.02315525 1.1841371e-07 0.0041138995 0.03928514 0.0054304744 0.012511258 6.0241596e-06 0.0008839798 0.007994543 0.0009173155 0.0002070511 0.0058830823 9.080648e-05 0.015766317 1.2905379e-06 2.1066648e-05 0.0015087585 0.00062884577 0.00020788188 0.00018183661 0.001783428 0.02759737 0.00036088852 0.0002473742 0.0016715846 1.7930266e-06 0.00018532437 0.0003853593 0.015519773 0.00028903384 7.3139963e-06 0.0006496304 1.1931898e-05 0.0004898463 0.0031771688 0.0047205086 0.0017844879 2.8998347e-05 0.0033802954 0.0010745047 0.0099144755 5.493496e-05 0.00070591725 0.00045145565 0.00014132998 3.4819277e-06 1.3201037e-05 3.73062e-05
0.025618264 0.019872462 0.011389576 0.0011211206 0.1339417 0.08205539 0.038782742 0.35952425 0.00045812989 0.88050985 0.06658967 1.5884972e-06 6.594403e-07 0.4702407 0.33936414 3.5377875e-20 0.36133367 0.0020499479 1.4116931e-07 0.49040896 0.28377146 0.036511756 7.2198117e-07 0.2404533 0.3057215 2.4044851e-07 0.0014283828 0.022439163 0.43129075 0.106994286 0.00553048 0.042145137 0.3788322 0.011966069 0.00064410263 0.22636995 0.008570747 0.003882588 0.041621342 0.019171605 0.07163631 0.0018590145 0.13722101 0.00014928872 0.00015220644 0.051761016 0.00021861198 0.080455914 0.036455914 0.056656882 3.389019e-05 2.6857402e-05 0.007110293 0.005198535 4.0371062e-05 0.048070874 0.007985078 5.6300927e-05 0.0017290161 1.1081532e-05 0.00018089294 0.0003841417 4.2963504e-05 0.0029052838 0.00043971033 1.8728544e-05 0.000115104 1.8304418e-05 0.00022747814 5.099537e-05 0.004892517 2.8725852e-05 1.7795748e-05 4.327669e-05 0.0023654627 2.3998118e-05 1.317352e-05 4.097687e-05 1.4301997e-05 4.68883e-06 0.00014035495 0.0009949506 0.040313933 0.002427885 3.4088174e-05 5.9254216e-06 0.00013171566 0.010938682 0.00011791523 0.0031994793 3.7958664e-06 0.00028836096 1.7704606e-05 0.0010358614 0.00084932166 0.00061938114 4.3986397e-06 4.121409e-07 6.5423546e-07 4.4306977e-05 7.619332e-05
0.11119159 0.020484094 0.015951343 0.01117463 0.19954003 0.019308463 0.0026545923 0.015461369 0.04142075 0.20067829 0.0020528168 0.00024887302 8.630598e-05 0.86535513 0.016468221 0.36133367 1.0773238e-19 0.25856686 3.6656507e-05 0.03305798 0.02441354 0.013296775 1.7788992e-05 0.009734271 0.71124566 1.0518333e-05 0.33936858 0.7565677 0.026509797 0.0023159871 0.0060588624 0.0035462645 0.09392115 0.17125408 0.2547726 0.3078183 0.155337 0.00860227 0.0016679848 0.058619015 0.004226276 0.0007189251 0.060666703 0.0020977545 0.0003148322 0.0023315777 8.598885e-05 0.0020947668 0.00657498 0.002237175 0.0005461723 0.00031761447 0.00038804815 0.0010077133 0.008652491 0.012266389 0.00127111 8.8371366e-05 0.0012168727 0.0006091978 0.0009838975 0.00033569624 9.213326e-05 0.21193077 0.00019411996 4.9302216e-05 3.56375e-05 0.0006322134 0.015790964 8.565003e-05 0.022364995 2.1241538e-05 1.1981078e-05 5.8407353e-05 0.00048200708 1.1810423e-05 6.06137e-06 6.592674e-05 0.00071159296 1.6621649e-05 0.0001518802 0.0003323005 0.043369245 0.058259588 1.2613238e-05 0.0005163826 0.00020503506 0.0026028915 3.5912315e-05 0.0013647993 2.8399104e-06 0.0002447423 1.6540542e-05 0.0014739712 0.0023868366 0.0045352224 2.4388764e-06 1.1491035e-07 4.955852e-05 0.0014295664 0.0017447694
0.011643517 0.016794445 0.06161466 0.064649716 0.37946972 0.005450372 0.00066729693 0.0012637543 0.35211283 0.009512288 0.00013416847 0.0033695484 0.002383005 0.15372041 0.00029591628 0.0020499479 0.25856686 1.0205189e-19 0.10363956 0.0009946204 5.9896942e-05 0.0009856904 0.0363229 0.0007295709 0.013486874 0.013340741 0.83618 0.2624805 9.56591e-05 4.8528345e-06 0.00084316154 0.0011780211 0.00032253005 0.023921773 0.07484245 0.0154060265 0.03837578 0.00033921294 3.7509115e-05 0.0012190621 2.256968e-05 4.636736e-06 0.00029494398 0.0003400429 1.1508858e-05 3.7530888e-06 5.527919e-07 7.197864e-06 0.00011495547 1.18735425e-05 9.7833445e-06 0.0100445645 4.37734e-06 3.5569776e-06 0.112210885 7.052309e-05 2.0027642e-06 8.701225e-07 3.6541549e-06 0.02265923 2.1334112e-05 1.4129598e-06 5.0551876e-07 0.07225937 4.6914664e-07 2.383139e-06 5.823126e-07 0.04313522 0.04345536 2.0348436e-07 0.0006797292 2.2673967e-07 3.103155e-08 2.0769393e-07 3.238611e-05 1.2716954e-07 1.6887812e-07 1.630727e-06 0.00031095216 1.9106673e-07 1.5516197e-06 7.36472e-06 0.0010009574 0.102394104 3.1515043e-07 0.0004630804 2.0326986e-05 6.65282e-05 1.43879515e-05 0.00036438668 6.158614e-08 6.452779e-05 1.3442732e-06 4.694917e-05 0.020023035 0.003081536 4.3279456e-07 6.905959e-07 2.8061299e-05 0.01931888 0.01356743
3.2370882e-09 7.72189e-05 0.00067109003 0.008848274 0.010610554 1.0343999e-05 6.4507576e-06 1.6114716e-06 0.10353682 3.7597398e-05 3.1376254e-07 0.02043384 0.01733617 3.1170493e-05 8.481532e-07 1.4116931e-07 3.6656507e-05 0.10363956 6.902509e-22 1.3838626e-06 1.1358499e-06 2.7751257e-05 0.5404248 1.5168169e-05 2.0008296e-05 0.089959815 0.0018041923 6.831143e-05 5.4637594e-06 8.418723e-07 1.0693248e-05 1.492132e-05 2.5388883e-06 6.3976036e-06 4.4349847e-05 5.1890815e-06 6.150544e-06 2.0428458e-06 6.3090494e-07 2.7207761e-06 1.27781295e-05 8.267097e-08 1.1809409e-05 7.4753456e-07 3.514163e-08 1.192326e-06 9.2348955e-09 1.156423e-07 3.7439284e-05 1.2832859e-06 8.5833136e-08 0.12217534 1.9030405e-07 5.1072192e-08 0.0002772167 1.3699247e-05 1.2893575e-07 4.6981125e-08 5.090601e-07 6.946365e-05 7.938752e-08 1.5815543e-08 1.7398524e-08 1.21957655e-05 1.3483726e-08 1.1603873e-08 2.2762407e-07 0.0014425261 2.4473482e-06 1.4093599e-08 0.00017845194 2.8801694e-09 9.48834e-10 1.4689837e-08 3.7212783e-05 1.6271018e-09 7.200128e-10 2.5560303e-06 1.1615096e-05 1.570001e-08 3.9613083e-06 1.2454823e-05 2.3102657e-05 0.0001612548 2.0115071e-07 0.00013353254 6.8797417e-06 5.8791134e-06 2.5403244e-06 0.00011889774 9.627287e-10 1.1328107e-05 8.1415396e-07 0.00027456248 0.0019345308 0.000392766 1.6351729e-08 2.494662e-07 1.4099414e-05 0.0017939854 0.00074693345
0.0124264555 0.0031682956 0.0011059446 9.611935e-05 0.03311153 0.009760132 0.009874894 0.07910011 5.497695e-05 0.11477333 0.025509745 1.832515e-05 2.0022258e-06 0.04771703 0.25612897 0.49040896 0.03305798 0.0009946204 1.3838626e-06 1.3618692e-20 0.84700656 0.10496448 5.753548e-06 0.33503962 0.12560861 7.9022277e-07 0.00067164615 0.0048872014 0.57501966 0.33841696 0.03979811 0.15042482 0.35815284 0.008175775 0.0015619502 0.059304327 0.005074388 0.0076373443 0.09860816 0.024046082 0.23489857 0.0084963115 0.18851909 0.0015629337 0.000902365 0.14089485 0.0006421568 0.189198 0.13434005 0.12398073 0.0005024188 4.879816e-06 0.03957039 0.030908357 0.00010108105 0.0876416 0.021158515 0.00030095235 0.0033651972 3.0472602e-05 0.00010809731 0.0025478108 0.00036020135 0.0020034208 0.0022522756 2.3401015e-05 0.0016435876 1.7196033e-05 0.00081551203 0.0005861711 0.018851472 8.677202e-05 6.4654254e-05 0.0009132509 0.03977455 0.00012165999 9.731713e-05 0.0015077222 8.384558e-05 1.6132963e-05 0.0011418756 0.013977969 0.029100403 0.0028659152 0.00035601424 5.300703e-05 0.00038351136 0.019132761 0.0007135188 0.0031831588 1.3683988e-06 0.00087662134 9.566211e-05 0.0015512952 0.00031649 0.0011477139 9.2920454e-05 1.4633454e-05 2.2050448e-05 3.7480368e-05 4.021375e-05
0.003415656 0.00082650926 0.00046388066 1.19417e-05 0.023464741 0.0052013244 0.004568609 0.02827767 2.316958e-05 0.064151175 0.017080382 5.6599897e-06 4.3134165e-07 0.017610215 0.16940087 0.28377146 0.02441354 5.9896942e-05 1.1358499e-06 0.84700656 2.2946712e-22 0.1082642 1.4145305e-06 0.46312132 0.06403253 1.4075123e-07 0.0004708834 0.0017577681 0.6573364 0.7024218 0.07997151 0.3066037 0.14033766 0.0021900064 0.00060367957 0.011202988 0.001412547 0.022884917 0.17348807 0.01109073 0.3406959 0.04568808 0.062431905 0.006076909 0.004262026 0.18255156 0.0044414187 0.22268268 0.1467401 0.2085647 0.0024849868 3.0002883e-07 0.06293393 0.04861328 1.5974687e-05 0.021150254 0.06407244 0.0025689164 0.012664955 5.2299893e-06 0.0014752235 0.007397823 0.0017652671 0.0010640046 0.004576705 3.8835504e-05 0.009204786 1.1331882e-06 0.00016976877 0.00139255 0.007008645 0.00027600746 0.00015867273 0.001997097 0.03193688 0.00027519008 0.00042428498 0.0043308795 3.711165e-06 0.00013984616 0.0015149844 0.013741989 0.009638064 0.0003039747 0.0009998034 1.2805357e-05 0.0020589458 0.014791547 0.0012359496 0.0016013454 4.6413415e-06 0.0010227194 0.0014328586 0.001630664 0.0003408483 7.363348e-05 0.0007590285 2.2846878e-05 3.7998866e-06 9.319632e-06 4.094954e-06
0.00064807874 0.0005695144 0.000564442 0.00012237341 0.015817244 0.009504571 0.016067937 0.048799418 0.00014153552 0.033779494 0.07839668 5.5691685e-06 8.3884845e-07 0.005269378 0.52787596 0.036511756 0.013296775 0.0009856904 2.7751257e-05 0.10496448 0.1082642 1.01973827e-16 5.7599104e-06 0.8194481 0.002478737 1.0119737e-06 6.835704e-05 0.00046158128 0.0606549 0.1347761 0.66028583 0.47743398 0.016608618 0.0002036254 4.2061576e-05 0.0011470792 0.00010517233 0.29674846 0.29789 0.0008041895 0.08391036 0.091149986 0.0035113143 0.2563999 0.031648125 0.15680161 0.020365722 0.12884308 0.012259893 0.06571937 0.020971077 4.6434423e-05 0.042802427 0.049666043 5.4933307e-06 0.0019481885 0.07684943 0.02834128 0.052957755 1.10834435e-05 0.012950017 0.031807967 0.011226512 0.00017621487 0.021109845 0.0012764251 0.029686512 1.52135835e-05 2.4575773e-05 0.01324515 0.0009845695 0.0020382088 0.0033464 0.012317765 0.017492888 0.003977721 0.009936317 0.013942163 2.1408994e-05 0.0025557405 0.0060868943 0.02801043 0.0024841928 0.00017378676 0.018839339 9.687318e-06 0.0019323911 0.007150206 0.03202077 0.0025725155 0.0007561295 0.0038763704 0.010865901 0.003667193 0.00035713895 0.0007575395 0.009764335 0.003540942 4.398904e-06 7.331836e-05 5.5818742e-05
2.2551543e-09 9.997843e-05 0.00018850241 0.006737825 0.013857704 1.3515765e-05 1.31907045e-05 4.400352e-06 0.10897767 2.1515345e-05 4.1859087e-07 0.015962986 0.0128694 7.820796e-06 1.2289362e-06 7.2198117e-07 1.7788992e-05 0.0363229 0.5404248 5.753548e-06 1.4145305e-06 5.7599104e-06 6.6994662e-21 1.30376e-05 1.1006373e-05 0.6162822 0.0012453148 1.2165193e-05 2.347508e-06 6.519453e-07 2.6108246e-06 5.962494e-06 7.175017e-07 7.8643925e-06 2.7376567e-05 4.5122706e-06 8.122289e-06 1.3817657e-06 1.2227045e-07 2.6173834e-06 4.3834766e-06 3.9999723e-08 3.4148547e-06 2.836512e-07 2.1976854e-08 1.1387067e-06 2.7440812e-09 1.3947727e-07 1.6198006e-05 1.7970256e-06 8.895069e-08 0.25812027 2.1265532e-07 5.7278058e-08 0.00012291086 2.6329105e-06 2.5312426e-07 1.8613523e-08 7.3486916e-07 0.00013356766 1.8878142e-08 2.9492485e-08 1.5572425e-08 7.5705525e-06 7.032285e-08 1.0043134e-09 9.56269e-07 0.0028399972 4.389932e-06 3.9619312e-08 0.0003831266 4.5506123e-09 1.4858397e-09 1.0643607e-07 2.5843074e-05 3.6614607e-09 1.1708761e-09 5.926925e-06 5.0731876e-05 2.4115812e-09 2.420601e-06 8.154038e-06 3.2706064e-06 0.00018443962 4.1423723e-07 0.00027279006 2.8216232e-06 3.4898064e-06 3.7152887e-07 2.0841679e-05 2.106758e-10 4.5419047e-06 2.0462296e-07 0.00015782984 0.0037603586 0.0005480486 4.76153e-09 1.8444639e-07 0.00010190173 0.008437801 0.00073404587
0.0029066764 0.0014138287 0.0018331103 0.00032036455 0.022624219 0.015477419 0.0117694475 0.057608485 0.00023026322 0.07272661 0.037555 1.3487206e-05 5.4836715e-07 0.013711743 0.51425475 0.2404533 0.009734271 0.0007295709 1.5168169e-05 0.33503962 0.46312132 0.8194481 1.30376e-05 7.7655685e-19 0.012727907 1.3468114e-06 0.00025392903 0.0023555153 0.21292318 0.6707091 0.5038602 0.7389224 0.0802798 0.0012153886 0.00051511655 0.0043730945 0.0005093022 0.13064338 0.3651718 0.006665538 0.2364373 0.125328 0.024387568 0.030712476 0.024461644 0.2840332 0.026210343 0.29265514 0.055511024 0.17733382 0.008633357 7.85333e-06 0.061401363 0.07668344 1.3460904e-05 0.011578423 0.09726025 0.009378339 0.05128576 2.1599739e-05 0.004893663 0.024723211 0.0058092624 0.0006713195 0.013978057 0.00018284222 0.024275517 8.801707e-06 7.90182e-05 0.005829111 0.0017583196 0.0006865044 0.00080895115 0.006202672 0.02101148 0.0013215102 0.0019567343 0.008100679 8.867863e-06 0.00078624097 0.0017656274 0.016413117 0.004146237 0.0004706109 0.0038065533 1.6961869e-05 0.0023156526 0.008399593 0.008545915 0.0014879584 5.3957116e-05 0.0014752321 0.003033599 0.00046955803 0.0004531874 0.00011285163 0.0020938562 0.0014241757 1.3965437e-06 1.9368215e-05 6.9742264e-06
0.034585144 0.0033806842 0.0076405792 0.0015501601 0.05076575 0.011546314 0.0002918302 0.005651902 0.0025192376 0.11174088 0.00027098047 5.6024284e-05 3.3048782e-05 0.3992293 0.002385338 0.3057215 0.71124566 0.013486874 2.0008296e-05 0.12560861 0.06403253 0.002478737 1.1006373e-05 0.012727907 7.352088e-21 2.5765246e-06 0.062399127 0.9083435 0.1727809 0.011272192 0.0024719136 0.0028572478 0.3141523 0.67870027 0.23473716 0.44406915 0.30743197 0.00028495226 0.0015271993 0.14351001 0.009493201 0.000111025875 0.15487638 8.171395e-05 1.22322135e-05 0.0010287127 2.107964e-06 0.0018332879 0.030898249 0.0022817627 5.290317e-06 4.979141e-05 0.00051987625 0.00022279067 0.0034621237 0.01639877 0.0002885084 7.1685718e-06 0.0001323951 0.00074530905 1.1318193e-05 1.9132567e-05 3.2919604e-06 0.17910261 4.0806644e-05 1.123451e-06 1.1478122e-05 0.0005205125 0.015131016 1.0180562e-05 0.07277325 1.2298518e-06 6.3750474e-07 6.651079e-06 0.0020602893 1.6187743e-06 3.0505166e-07 2.191713e-05 0.00021111406 1.6953643e-06 5.44608e-05 0.0011252016 0.05597062 0.02913189 7.438186e-06 4.689172e-05 6.696624e-06 0.004586558 2.1807129e-05 0.0036548174 3.0373457e-09 5.291626e-05 4.421625e-06 0.0028712184 0.0008070386 0.006640789 3.4355776e-06 9.611933e-07 1.0787927e-06 0.0008377049 0.001986759
4.451788e-10 4.374187e-05 4.4649714e-05 0.002012393 0.0073504313 7.864131e-06 5.312213e-06 1.8009646e-06 0.028076995 8.44329e-06 1.0788479e-07 0.003485335 0.0021124934 7.489285e-06 1.078149e-06 2.4044851e-07 1.0518333e-05 0.013340741 0.089959815 7.9022277e-07 1.4075123e-07 1.0119737e-06 0.6162822 1.3468114e-06 2.5765246e-06 4.612569e-24 0.00043311788 3.0168567e-06 5.773663e-07 1.0632508e-07 4.2056837e-07 1.532125e-06 6.0963096e-08 1.4184237e-06 1.37424e-05 9.4581964e-07 1.85743e-06 2.040296e-07 5.0179125e-08 7.1984294e-07 2.8149789e-06 2.6208104e-08 2.984231e-07 2.0448883e-08 7.2890076e-09 4.367572e-07 1.3896437e-09 9.0432316e-08 1.1523636e-06 6.9971935e-07 1.4979253e-08 0.33607283 9.607155e-08 2.5106782e-08 4.017534e-05 8.9890776e-08 2.4131458e-07 1.4844892e-08 3.5015393e-07 0.00026229784 5.556566e-09 7.113266e-08 3.0647918e-08 5.856014e-06 8.07901e-08 3.2312264e-10 4.9878423e-07 0.0035118333 1.7927017e-06 3.505828e-08 0.00015549839 1.5267551e-09 3.7870648e-10 1.3977649e-07 6.3173065e-06 1.1489084e-09 4.802453e-10 1.3823601e-06 6.356513e-05 1.5438858e-09 4.279629e-07 4.151827e-06 3.6523815e-08 2.622457e-05 3.3766444e-08 0.00032886473 2.6003244e-07 2.9687348e-07 4.8753595e-08 1.1533342e-06 3.8156443e-11 3.2556238e-07 2.5592154e-08 1.0617391e-05 0.005647503 0.00014228094 3.6118164e-10 8.537397e-09 0.00014377122 0.006233217 0.00062265416
0.24070676 0.00042529107 0.0024968882 0.0018505744 0.011809224 0.000668497 9.9160105e-05 0.00019290231 0.024010597 0.001789454 3.227582e-05 0.00033847083 0.00011041031 0.07029478 6.248834e-05 0.0014283828 0.33936858 0.83618 0.0018041923 0.00067164615 0.0004708834 6.835704e-05 0.0012453148 0.00025392903 0.062399127 0.00043311788 4.896863e-18 0.65024614 0.00034039395 3.2798725e-05 0.00011088187 0.00020266198 0.0004450974 0.06537268 0.90458506 0.016911361 0.06709013 0.0002580794 1.3051807e-05 0.0033716878 6.749542e-05 6.04244e-06 0.0008443219 5.4979304e-05 1.7571126e-06 2.1516207e-05 3.094905e-07 7.0026576e-06 0.0003315351 1.0456154e-05 9.89074e-06 0.0058885603 1.8230265e-06 4.5785578e-06 0.3749926 0.00017600207 4.1134167e-06 2.4323008e-06 7.143491e-06 0.101866975 7.0128435e-06 3.241817e-06 8.1179394e-07 0.2045764 4.3903188e-07 2.1397695e-06 1.1265657e-06 0.06990874 0.29801214 1.2448659e-07 0.006814502 6.5632895e-07 9.331166e-08 2.4273706e-07 0.00015209081 5.0406686e-07 1.2413526e-08 3.934096e-06 0.0020945421 9.563168e-08 5.411704e-06 4.445338e-05 0.004208515 0.49875596 2.4149827e-07 0.00045555047 2.9590667e-06 0.00040607183 2.577579e-06 0.0002446289 8.446032e-09 4.576615e-06 1.3013091e-07 0.0014004789 0.011498562 0.02031845 3.0960546e-08 2.2455106e-08 3.8955284e-05 0.026768573 0.036931135
0.20465292 0.00048467593 0.0031636236 0.0012832136 0.045259986 0.001212488 8.358245e-05 0.0005741276 0.026088363 0.017147765 9.312627e-05 7.3598865e-05 6.360734e-05 0.25604272 0.0007009156 0.022439163 0.7565677 0.2624805 6.831143e-05 0.0048872014 0.0017577681 0.00046158128 1.2165193e-05 0.0023555153 0.9083435 3.0168567e-06 0.65024614 4.8411695e-22 0.003404675 0.00018840212 0.00045729722 0.00067312096 0.011239678 0.77968377 0.82133377 0.23189428 0.4445779 0.0013831771 0.00023229794 0.04843999 0.0002590912 1.8094857e-05 0.010141492 7.6161785e-05 6.1943156e-06 5.4596007e-05 3.3627828e-07 4.0517167e-05 0.0011990813 0.000112871654 1.19112065e-05 0.00030184197 3.0020545e-05 1.4215825e-05 0.03946822 0.0012624172 1.636425e-05 1.2248387e-06 1.3320329e-05 0.006074904 1.499264e-05 5.7053226e-06 1.5977254e-06 0.34992376 6.0303278e-06 1.4837109e-06 2.0520936e-06 0.0029325483 0.09166007 8.6260474e-07 0.026805433 3.991903e-07 6.50761e-08 1.101935e-06 0.00014022503 3.352197e-07 8.3858254e-08 8.350807e-06 0.00028457367 7.162646e-08 1.0894205e-05 4.117901e-05 0.022305913 0.13278764 2.9176266e-07 0.0001340934 2.6168109e-05 0.0011973004 1.4280388e-06 0.00053017185 6.89562e-09 0.00017849228 1.0355838e-06 0.0012626917 0.0007894985 0.014763623 5.4913198e-08 1.5048133e-07 2.1008205e-05 0.0035145706 0.006826509
0.28124866 0.011454558 0.0055724923 0.0026672094 0.034600146 0.019492485 0.0131306695 0.07676139 0.00040615452 0.07703722 0.017622916 1.130411e-06 7.092724e-07 0.022209262 0.24606876 0.43129075 0.026509797 9.56591e-05 5.4637594e-06 0.57501966 0.6573364 0.0606549 2.347508e-06 0.21292318 0.1727809 5.773663e-07 0.00034039395 0.003404675 2.2723303e-20 0.6737548 0.040951774 0.14720476 0.9575324 0.015463758 0.00066027284 0.22802213 0.0092612365 0.0076445397 0.27605698 0.10162844 0.6670436 0.012608267 0.67588973 0.00038704692 0.0016708759 0.3604149 0.0012250941 0.35653722 0.59599614 0.32344174 0.00023111484 6.340678e-06 0.09228237 0.07750102 0.00023625219 0.3538416 0.049843177 0.00016583072 0.007291049 2.9531198e-05 0.00011893881 0.003345339 0.0002766056 0.007122533 0.0031799334 8.1073944e-07 0.0078174565 3.9002232e-05 0.0013971791 0.00056308846 0.07926913 8.506539e-05 9.681587e-05 0.0011783238 0.26324332 3.4204495e-05 0.0004136142 0.0013033623 5.939648e-05 4.6978575e-06 0.0013166418 0.05668906 0.22141792 0.0061771763 0.0015272853 1.8198926e-06 0.00023078051 0.07308004 0.0014170832 0.026706582 2.902291e-07 0.0014580061 0.00017496782 0.011787847 0.001463781 0.0026482441 8.976755e-05 5.7299744e-06 5.485031e-07 0.0003930779 0.000106439686
0.047311503 0.0019308445 0.00085574057 6.462367e-05 0.004661135 0.0056479927 0.0040574474 0.024525693 2.0485768e-05 0.011403286 0.011293176 1.7820115e-07 1.0381982e-08 0.0019133948 0.18444064 0.106994286 0.0023159871 4.8528345e-06 8.418723e-07 0.33841696 0.7024218 0.1347761 6.519453e-07 0.6707091 0.011272192 1.0632508e-07 3.2798725e-05 0.00018840212 0.6737548 1.486745e-19 0.12722854 0.7140031 0.20595387 0.0010126912 5.573667e-05 0.010777569 0.00029721222 0.028026763 0.6353107 0.011609 0.8773967 0.1614414 0.1290843 0.003726545 0.012432074 0.6703304 0.010905066 0.65014535 0.31833017 0.6207352 0.0024428468 1.0967484e-06 0.252576 0.1928536 6.683876e-06 0.08662562 0.18533601 0.0032629597 0.024793243 4.432581e-06 0.0010984779 0.018185936 0.0030037144 0.0005219284 0.00826064 1.4234331e-05 0.019262044 3.703574e-06 0.0002210472 0.0019914543 0.010274338 0.00017965166 0.0001597593 0.0032846509 0.14083636 0.00022764961 0.00059495383 0.0052748104 1.3364712e-05 0.000108676984 0.0027164246 0.037321255 0.02572889 0.0013553709 0.0026122667 2.276941e-06 0.0008745392 0.031117095 0.0041023637 0.006168705 3.1910063e-06 0.0015886866 0.00087146787 0.0020238596 0.001368673 0.00020581635 0.00055760174 4.0548788e-05 1.401968e-06 1.4688754e-05 4.9133964e-06
