4.939425e-36 0.6610822 0.18520889 0.26703396 0.44129062 0.27058455 0.08437577 0.77998245 0.18649657 0.1270565 0.8676054 0.5413764 0.03703423 0.63863283 0.020755237 0.6792871 0.59224695 0.04001277 0.7238014 0.25251663 0.025135128 0.0046914173 0.006268932 0.0031355466 0.3864301 0.5279291 0.0054465868 0.0041719307 0.75268096 0.97084963 0.91857404 0.016329588 0.033668276 0.008741962 0.90141994 0.0018673372 0.44824275 0.022095485 0.0026424383 0.042795766 0.8633285 0.0004594806 0.018417057 0.00010910879 4.1574676e-05 0.017085532 0.109815784 0.59891754 0.01985148 1.7001828e-06 0.06819167 2.9454595e-06 0.015625931 0.9853031 0.013633209 0.004575265 2.3253618e-08 0.47946537 0.22149423 0.99112403 0.9158149 2.1893838e-05 0.00395989 0.006883857 0.032533426 0.84631294 0.0003330854 0.0006681381 0.45427004 0.008594943 0.97979206 0.00015744723 5.8735372e-06 0.0055488884 0.7128782 0.0043811365 0.013632493 0.0026270065 9.930276e-06 0.87843835 0.99824876 6.952899e-05 0.9965665 0.8756413 0.9935032 1.8765451e-08 1.0792712e-08 0.9939649 6.3113516e-06 4.3342527e-05 7.314819e-08 0.99401414 5.7954242e-11 2.2269907e-08 0.94917023 0.70226383 0.47585884 6.5892247e-10 0.084463984 0.9991528 0.998762
0.6610822 1.4020011e-18 0.70365536 0.7449942 0.5123182 0.750521 0.37737527 0.6648923 0.13676068 0.27720279 0.3400791 0.32238513 0.47915605 0.27649432 0.041462366 0.03649732 0.08274975 0.21355231 0.11349754 0.25229862 0.16322589 0.20779839 0.22936319 0.24594438 0.0088575985 0.011821642 0.24708755 0.21084557 0.014396319 0.75682825 0.016791916 0.15599942 0.0161983 0.09422227 0.0067051137 0.11768055 0.0014150265 0.014535538 0.09968742 0.0019868833 0.2166759 0.052726675 0.010065655 0.026254242 0.060221333 0.049505733 0.0013279342 0.005323896 0.002450325 0.017527554 0.00020076256 0.019535866 0.0011471574 0.31555718 0.00048993964 0.00018181943 0.005636518 0.00044155002 0.00023816714 0.3168381 0.093112245 0.024747727 0.00011322949 0.00022211159 0.0001683251 0.0018786594 0.0008879839 0.00068782066 0.00050438277 0.0005143162 0.0047432953 0.00029390116 0.0012132111 0.00030257832 0.014503032 9.143808e-05 1.4517112e-05 0.00014113453 5.4184e-05 0.0053615803 0.115029305 5.9380734e-05 0.1922844 0.000920013 0.06072709 0.00027296727 0.0003831571 0.0132028125 1.5664022e-05 7.1056835e-05 5.2366e-07 0.015889194 5.842267e-05 3.8142607e-06 0.00069081335 6.251293e-06 0.0009590359 2.5401803e-05 0.0005162573 0.0029596346 0.018724777
0.18520889 0.70365536 3.7423808e-21 0.6159182 0.81062585 0.63455254 0.7153649 0.47090006 0.19304 0.63409865 0.118999235 0.15820011 0.71648824 0.09176631 0.113439314 0.055958588 0.064658515 0.46517152 0.04285479 0.20611066 0.2996353 0.5030486 0.42804483 0.49859166 0.008014425 0.0063729812 0.37583357 0.4501919 0.013632521 0.33857006 0.011083118 0.2213084 0.01477103 0.082191475 0.0063931057 0.3109419 0.00024266847 0.040334824 0.093353294 0.00037763972 0.0493942 0.2344021 0.0061313263 0.11196089 0.14120875 0.05232186 0.00082026655 0.0023098937 0.0029391574 0.04996254 0.00027981494 0.054604955 0.00018186471 0.1310009 0.00057878316 2.9530212e-05 0.016993692 0.00017220379 0.00014834196 0.08062479 0.013710895 0.024693197 2.2679831e-05 3.2149404e-05 3.4658187e-05 0.0008724941 0.0005278942 0.0030445023 0.00020685531 0.00014475189 0.0039132168 8.49903e-05 0.00055358384 2.8179782e-05 0.0025216918 5.8084675e-05 1.4208323e-06 1.0411843e-05 9.582888e-06 0.001368673 0.00831948 2.7213253e-05 0.01062617 0.00028411322 0.004093071 3.8766386e-05 5.4317694e-05 0.0025772683 3.5507687e-06 5.918659e-05 4.459473e-07 0.0016722956 0.00026876683 1.6928918e-05 0.00012887178 6.2554973e-06 0.00021395349 4.1899948e-05 6.03472e-05 0.0005816447 0.0033605387
0.26703396 0.7449942 0.6159182 2.0140773e-22 0.673048 0.4228765 0.6627613 0.79737407 0.4593473 0.36977947 0.0963659 0.16831718 0.13648085 0.11111066 0.18044002 0.0885422 0.42384434 0.2157955 0.025232077 0.054292846 0.031255387 0.08111673 0.07121494 0.06876785 0.10013937 0.089033194 0.09206981 0.10460366 0.09982008 0.23879445 0.11097283 0.049039103 0.0054999706 0.02065039 0.031143792 0.077187225 0.00016364398 0.057635028 0.026612468 0.0002998671 0.105748415 0.055360906 0.002350583 0.031052774 0.024474109 0.007606441 0.013347607 0.0012857947 0.011616226 0.010955516 0.002889178 0.023761822 0.00011165033 0.45447615 0.0024097827 1.6846425e-05 0.005960849 0.0017904373 0.0016301526 0.1535368 0.034117058 0.0008587077 2.4115308e-05 2.92674e-05 0.0011309137 0.003583821 7.306721e-05 0.003411273 0.0022425493 7.647358e-05 0.019926563 6.761706e-05 8.6765154e-05 1.845495e-05 0.004341103 0.00042076202 0.000114615126 2.4867855e-05 0.0001342061 0.0007037237 0.047124363 0.0001456603 0.09842408 7.686827e-05 0.08680917 3.5782028e-05 1.6267451e-05 0.0052482863 4.6262194e-06 0.00013369473 4.0564836e-07 0.045148127 3.2870652e-05 4.2891654e-05 0.008398055 0.0007542329 0.00016543172 1.9716663e-07 0.0001328484 0.0022292077 0.015451154
0.44129062 0.5123182 0.81062585 0.673048 1.9956023e-20 0.40058112 0.76177603 0.56458557 0.4414014 0.6286743 0.11606075 0.11933318 0.30602497 0.07980456 0.23262148 0.18643358 0.27609825 0.47484347 0.043959107 0.054445263 0.058329344 0.18704115 0.123002216 0.11333459 0.058550004 0.057625227 0.17108734 0.27779812 0.099734366 0.24288711 0.1135026 0.103967436 0.0045810915 0.03332015 0.052945655 0.19517098 0.00022178522 0.094661735 0.038767476 0.0001788264 0.075585164 0.15766479 0.0023267067 0.064728074 0.068034075 0.027402226 0.009612729 0.002401835 0.011835421 0.021190153 0.0037488216 0.038340975 5.0957937e-05 0.37302655 0.0027803136 3.692724e-05 0.019161616 0.0029259655 0.0029253282 0.11649681 0.021498462 0.004138521 5.221529e-05 6.814771e-05 0.00091753644 0.0057586674 0.00024807706 0.018517837 0.0031443099 0.00010682784 0.018653186 0.000105880325 0.00011826276 6.122053e-05 0.004257906 0.00046086605 0.00011643137 3.587001e-05 0.00024588135 0.0015978595 0.024732975 0.00023237392 0.034388058 0.00017275532 0.026813442 1.9596093e-05 5.1071245e-05 0.0072657177 2.1025022e-05 0.00054282503 2.6478754e-06 0.013699379 0.00057774 0.00013536528 0.006276113 0.0004027842 0.00038039044 2.075575e-05 0.0001449616 0.0030277057 0.010383757
0.27058455 0.750521 0.63455254 0.4228765 0.40058112 1.5855989e-19 0.3957832 0.3349771 0.20418306 0.24902914 0.4702404 0.6799415 0.44160324 0.48461652 0.06542558 0.058475267 0.13579138 0.16968028 0.47482735 0.66431296 0.3042933 0.21886392 0.2744223 0.32200882 0.0037621628 0.0062859366 0.2951134 0.14099005 0.010918947 0.52032906 0.010447817 0.33223817 0.13958517 0.16526465 0.0022672436 0.06280153 0.0077591357 0.01572466 0.13908379 0.013813864 0.20765199 0.031271324 0.036352538 0.01709447 0.07541554 0.10511668 0.0010033802 0.010720109 0.001041227 0.017492587 0.00015821126 0.017502591 0.009362187 0.1762146 0.00017686727 0.001366843 0.0018341063 0.00021951576 0.00015089457 0.32403746 0.11255749 0.037596166 0.00045173988 0.00088491605 4.8890233e-05 0.0011095603 0.0024737031 0.00072576007 0.00019188566 0.0021653057 0.006073781 0.000628901 0.0055603203 0.0012092121 0.02925375 0.00016692236 1.1716603e-05 0.00038370673 4.4157103e-05 0.009128355 0.08120396 4.8003905e-05 0.060223203 0.0019145866 0.018582396 0.001279531 0.002373407 0.023934439 1.4247774e-05 8.746251e-05 6.1093095e-07 0.006419428 1.6917957e-05 7.046034e-06 0.0005182912 1.7837614e-05 0.0020999934 3.6307923e-05 0.0010444385 0.0016529885 0.0049366653
0.08437577 0.37737527 0.7153649 0.6627613 0.76177603 0.3957832 2.2528316e-21 0.4669198 0.6340712 0.7685915 0.07155107 0.17490114 0.11645066 0.10719692 0.5520087 0.45052373 0.5337366 0.45298415 0.032569 0.06411623 0.038162224 0.1268216 0.049982857 0.057756472 0.27397755 0.24294715 0.071454324 0.16516474 0.26020062 0.0992902 0.25397032 0.08392503 0.004739549 0.02734163 0.10618122 0.1404085 0.00025595163 0.18292466 0.0277521 0.00018649863 0.04686389 0.15203764 0.0025688969 0.08502327 0.03219881 0.020169279 0.04446801 0.0014699656 0.035864137 0.021045972 0.0144890295 0.052660298 0.00013861066 0.32246768 0.00899082 5.558427e-05 0.017428545 0.0055876668 0.009692128 0.049289376 0.013319791 0.0007720638 6.148442e-05 7.242168e-05 0.003287274 0.006980299 0.00039232968 0.03723421 0.0042399033 0.00014327807 0.027336001 0.00014374642 0.00022937251 2.7032114e-05 0.0035860278 0.001616818 0.0005285617 1.5095624e-05 0.00048684166 0.0006394987 0.01169308 0.0007426381 0.015345371 2.4196004e-05 0.019093666 5.8262543e-05 1.2184699e-05 0.004101556 1.1716179e-05 0.00047776898 3.593352e-05 0.013609009 0.00011024816 0.00037967408 0.011062621 0.0035995261 0.00032569675 6.3828526e-07 6.379634e-05 0.0019052472 0.0056139734
0.77998245 0.6648923 0.47090006 0.79737407 0.56458557 0.3349771 0.4669198 3.6736277e-19 0.3838842 0.42945528 0.14634997 0.0865369 0.17815334 0.08187672 0.112852864 0.197496 0.4009406 0.3228209 0.034827236 0.044618648 0.045214776 0.08875687 0.07740816 0.06071293 0.055687916 0.061298452 0.1120605 0.1388303 0.13360219 0.4349522 0.17705199 0.05574041 0.0024803532 0.023460975 0.060995616 0.103752024 0.00017780825 0.047087293 0.023781653 0.00019490888 0.12830238 0.07109149 0.0019135278 0.031983048 0.041904368 0.008784743 0.0074943476 0.001253439 0.008002646 0.011715302 0.003099163 0.021093883 3.2282867e-05 0.6220986 0.0014640812 1.27503745e-05 0.010971963 0.0038419098 0.0026673838 0.24899328 0.0418003 0.003696607 2.72394e-05 2.9758503e-05 0.00080242514 0.0056859883 0.00016246452 0.007492911 0.0029709619 5.7995065e-05 0.029347714 5.8017078e-05 0.00015289866 3.127176e-05 0.0070624966 0.00036162115 0.0001867193 2.8120801e-05 0.00013681772 0.0017840267 0.111182675 9.390099e-05 0.25441712 9.906285e-05 0.21986388 5.522129e-05 3.1641044e-05 0.0085097775 1.49078505e-05 0.00029247184 3.0169313e-06 0.118241414 0.00028252907 6.8495254e-05 0.01856797 0.00093927723 0.0002016554 9.800359e-06 0.00014480049 0.013946585 0.11434553
0.18649657 0.13676068 0.19304 0.4593473 0.4414014 0.20418306 0.6340712 0.3838842 6.291073e-20 0.51439863 0.027140394 0.06639767 0.019362567 0.04973858 0.5659682 0.6530634 0.6433073 0.28297162 0.014510296 0.035076205 0.014679721 0.034285054 0.016597351 0.02089118 0.5078265 0.38756967 0.021406403 0.048890624 0.35352102 0.06126734 0.37951887 0.0215351 0.0035910553 0.011960644 0.25542083 0.050366927 0.00027472829 0.26961234 0.01171155 0.00038405374 0.036260936 0.05706656 0.0010783254 0.024810858 0.008044587 0.008750778 0.09610566 0.0017360233 0.11224995 0.003878434 0.046598222 0.021816757 0.00023164753 0.39805424 0.032520574 0.00014909876 0.005250229 0.02569616 0.029172238 0.046802714 0.012289105 0.00028016497 0.0001641991 0.00011148126 0.013541835 0.023980346 0.00019571057 0.07229755 0.014851692 0.00014168501 0.109240554 0.00014422757 0.00024031042 4.5030043e-05 0.0034587937 0.0038137918 0.0026539152 3.4910296e-05 0.0037152907 0.0011065607 0.01727322 0.00183378 0.04395527 3.987383e-05 0.11344911 0.00022753955 6.495139e-05 0.0031297838 1.6630383e-05 0.0014137727 0.0002537712 0.105954476 1.9120402e-05 0.0004915445 0.16533473 0.020633603 0.0007356329 2.5584944e-07 0.0002350214 0.006456943 0.022792691
0.1270565 0.27720279 0.63409865 0.36977947 0.6286743 0.24902914 0.7685915 0.42945528 0.51439863 1.0883608e-19 0.045076333 0.06988492 0.16932975 0.046035696 0.6141648 0.51423115 0.3631321 0.6820452 0.021060036 0.0458228 0.046343237 0.23508482 0.05939186 0.06422125 0.12769581 0.10106974 0.09933128 0.35092348 0.17936039 0.09295324 0.20978023 0.125002 0.0028825921 0.02310942 0.092412844 0.28870374 7.031236e-05 0.3867902 0.024972018 3.3765402e-05 0.03544372 0.3085271 0.0011854264 0.1979449 0.07725561 0.030941026 0.027242227 0.0012996437 0.036718324 0.045694817 0.0120893195 0.08252335 5.7055106e-05 0.2941399 0.007462578 3.9713756e-05 0.034938786 0.006931538 0.012059921 0.031541053 0.008503494 0.0018582017 2.9045343e-05 1.3585303e-05 0.0029300088 0.0062954784 0.00056605646 0.06815384 0.0045248843 4.459452e-05 0.02062983 0.00014508552 5.370556e-05 3.314584e-05 0.0016517837 0.0013050582 0.00046491722 1.0812777e-05 0.0004938318 0.0008674473 0.013065457 0.00043544918 0.015704416 5.049281e-05 0.017804397 2.8295279e-05 1.0185912e-05 0.0036505903 2.9459978e-05 0.000795058 0.0001143507 0.0120892385 0.0013550343 0.0021369697 0.0130333565 0.0034366199 0.00018103272 1.7406983e-05 3.0631865e-05 0.00439011 0.011370036
0.8676054 0.3400791 0.118999235 0.0963659 0.11606075 0.4702404 0.07155107 0.14634997 0.027140394 0.045076333 4.3660687e-20 0.5485983 0.17561446 0.8311155 0.010151685 0.0058665317 0.021290284 0.02611636 0.41763386 0.30432978 0.1182775 0.046390805 0.11094379 0.080035985 0.0014988187 0.0018239814 0.11725894 0.039759494 0.0027875337 0.7164012 0.0042945356 0.14344642 0.044681616 0.085861996 0.0012856188 0.01970731 0.029998504 0.0023377184 0.08535229 0.015352749 0.5178427 0.0060547614 0.028328141 0.0025794234 0.028862104 0.09562953 0.00023560038 0.023508327 0.00015427373 0.0046775904 8.13662e-05 0.00062986015 0.014271106 0.18785705 7.667945e-05 0.0061152936 0.00016342518 0.00012568613 5.4212844e-05 0.4771238 0.18928823 0.019252801 0.0031296376 0.0024752254 6.202074e-05 0.00040325138 0.0035083538 5.1986186e-05 0.00016008476 0.003115136 0.0024763208 0.0016299653 0.0018429956 0.0015252046 0.07088156 5.6065976e-05 8.768011e-06 0.001298107 1.6177688e-05 0.0058303587 0.2649231 1.7028304e-05 0.24261001 0.0025064633 0.05473629 0.00021461173 0.00047038382 0.06390354 2.7918173e-05 4.663964e-05 5.8260093e-07 0.009095244 1.0902074e-05 4.035476e-06 0.000959998 1.0591845e-05 0.0013237168 4.0974937e-06 0.0012346096 0.01000684 0.014728205
0.5413764 0.32238513 0.15820011 0.16831718 0.11933318 0.6799415 0.17490114 0.0865369 0.06639767 0.06988492 0.5485983 1.0576996e-20 0.15233088 0.7755161 0.030667182 0.011508781 0.02740831 0.058537617 0.7924833 0.6251469 0.114415824 0.057059318 0.11931711 0.14071742 0.002601147 0.0051513766 0.16526385 0.0330883 0.004603587 0.29423457 0.004010814 0.1914881 0.21800251 0.12645324 0.0018972493 0.01964807 0.05404157 0.008939624 0.112435535 0.053717628 0.44125727 0.011926741 0.08122387 0.006293813 0.02855971 0.13487498 0.00039029488 0.058883924 0.001327014 0.0055372217 0.00018650609 0.0029154853 0.037318487 0.10659512 0.0006237611 0.012750285 0.0007510055 0.00019994267 0.00011769536 0.37058628 0.29163873 0.02342193 0.0025878958 0.0077031082 4.1387837e-05 0.0005140168 0.0056098173 0.0006700771 0.00011454541 0.0135443155 0.002240264 0.0032785246 0.006741768 0.0035400388 0.10808595 0.00046303068 5.8210502e-05 0.0014967517 3.7901707e-05 0.016000625 0.21630429 0.00016380215 0.10381049 0.0043369303 0.014855659 0.0017419539 0.004308625 0.08616337 6.538999e-05 0.00017524252 1.5463726e-06 0.0037119936 5.9268514e-06 2.7129513e-06 0.00010302074 2.282758e-05 0.0017699307 1.7140177e-06 0.00089989824 0.0016676156 0.0041565243
0.03703423 0.47915605 0.71648824 0.13648085 0.30602497 0.44160324 0.11645066 0.17815334 0.019362567 0.16932975 0.17561446 0.15233088 2.6664982e-23 0.12656124 0.025039244 0.009710173 0.03827328 0.3530381 0.06255067 0.21622507 0.686783 0.5967694 0.5944541 0.6397419 0.001763502 0.0013146068 0.46764597 0.46333915 0.0018813603 0.18834116 0.0036717753 0.33218852 0.010564105 0.15436462 0.00028378205 0.25560537 0.0028056847 0.007360427 0.11796062 0.0011763 0.018606357 0.107648954 0.01244087 0.076125786 0.12579982 0.09589467 0.00029269312 0.0037836633 0.00029017366 0.03079577 9.875387e-06 0.020220937 0.00027249806 0.015629202 2.4395616e-05 2.4048546e-05 0.0059626796 2.9848376e-05 1.4843231e-05 0.020258583 0.0035316388 0.028349102 2.7613027e-05 5.7253787e-05 2.3814135e-05 0.0001775099 0.0029219456 0.0008254001 1.806365e-05 0.00036791357 0.00073493196 0.00060765614 0.0010543019 0.00013321174 0.0023448982 2.8170321e-05 9.711854e-07 3.718873e-05 8.049064e-06 0.0015340477 0.0034573034 2.6648599e-05 0.0032306153 0.0003940397 0.0013001946 0.0002407545 0.0001487996 0.0010840517 2.9239834e-05 2.8147551e-05 7.9365753e-07 0.0005935679 3.2410644e-05 6.8711192e-06 6.506329e-05 4.018563e-06 0.0003189686 3.6971778e-05 7.762595e-05 0.0009335004 0.002161838
0.63863283 0.27649432 0.09176631 0.11111066 0.07980456 0.48461652 0.10719692 0.08187672 0.04973858 0.046035696 0.8311155 0.7755161 0.12656124 6.270611e-20 0.025523592 0.007873563 0.0238814 0.040770523 0.5941203 0.5314843 0.122522935 0.047791857 0.09578186 0.12188888 0.003584896 0.0052468977 0.12126515 0.025590597 0.0045293053 0.42580992 0.0032922183 0.11910198 0.18770486 0.102978624 0.0021961606 0.014287841 0.06307805 0.010721361 0.07988194 0.046213694 0.5329611 0.0077896155 0.07394986 0.0064648576 0.019474499 0.09046704 0.0005372034 0.06849593 0.0012741946 0.0034126053 0.0002089602 0.0026688925 0.029834332 0.12638631 0.00047911386 0.018546866 0.0012893163 0.00014784848 0.00013812308 0.41820472 0.2893349 0.01732897 0.0048271646 0.012459593 0.00015985471 0.0004324612 0.005295771 0.0009111318 0.00013727557 0.015148747 0.0021704328 0.0045516226 0.0045504807 0.0043803616 0.1005519 0.00071484485 0.0001291247 0.002725863 7.072056e-05 0.014628663 0.23652558 0.00024029415 0.14325564 0.0051483195 0.022997256 0.0013511862 0.0029334815 0.06752926 7.366452e-05 0.00022795136 1.5363037e-06 0.004513181 4.339946e-06 3.1745276e-06 0.0002068715 1.5542537e-05 0.0024106053 1.4008482e-06 0.0014124722 0.003102587 0.006576749
0.020755237 0.041462366 0.113439314 0.18044002 0.23262148 0.06542558 0.5520087 0.112852864 0.5659682 0.6141648 0.010151685 0.030667182 0.025039244 0.025523592 5.4422397e-23 0.6079564 0.3454473 0.49193153 0.006370122 0.010236356 0.005359124 0.052560728 0.014096934 0.020576965 0.41424233 0.37856078 0.008759846 0.05219563 0.23238543 0.017719178 0.19068588 0.0076157935 0.0018600262 0.005019294 0.16428508 0.09662446 0.0001284133 0.5911234 0.0070614596 0.0001256407 0.010324038 0.16997656 0.00062829425 0.11262597 0.012629447 0.0088007795 0.13991915 0.00096516084 0.27383867 0.0077570304 0.07620816 0.049902044 0.00012835221 0.09876703 0.1044816 3.2560773e-05 0.010428898 0.023697479 0.03671549 0.0049866117 0.0013309993 8.97002e-05 3.0383775e-05 3.4181277e-05 0.021292767 0.016959991 0.00010810174 0.2787917 0.017046038 4.4275635e-05 0.04779973 2.1653612e-05 2.8909957e-05 6.4405467e-06 0.000758041 0.013798565 0.007850834 3.4127354e-06 0.007471469 0.00017785912 0.0043810806 0.004009634 0.010658567 8.376953e-06 0.020666378 5.228536e-05 1.5236424e-05 0.0006011833 3.390869e-06 0.0041114013 0.0034536915 0.0155884 3.4398086e-05 0.0042922553 0.049697053 0.01967021 0.00027358285 8.094574e-08 1.9223486e-05 0.0020456426 0.0060981866
0.6792871 0.03649732 0.055958588 0.0885422 0.18643358 0.058475267 0.45052373 0.197496 0.6530634 0.51423115 0.0058665317 0.011508781 0.009710173 0.007873563 0.6079564 5.5665093e-19 0.37258324 0.3488778 0.0023184388 0.009092733 0.0026826994 0.016162185 0.009856177 0.007531138 0.42930377 0.29045847 0.013066784 0.053573985 0.2869403 0.024535535 0.24664353 0.02048411 0.0010873893 0.0038841362 0.28500134 0.05389757 1.12614625e-05 0.48929694 0.003796969 1.6764607e-05 0.011564992 0.0690941 0.00053575623 0.03064932 0.004723677 0.005587046 0.11244956 0.00036043036 0.2439618 0.0025820187 0.07961626 0.013114417 1.6901427e-05 0.31786138 0.10522427 8.387025e-06 0.006726827 0.087121874 0.052864663 0.01556277 0.0017758171 4.6098954e-05 9.858779e-06 7.5838702e-06 0.01911116 0.058462746 7.988684e-05 0.20796326 0.024386434 1.8413777e-05 0.19252458 3.0182739e-05 2.2641534e-05 1.4082817e-05 0.0011552332 0.010169428 0.0077007147 5.4456254e-06 0.0060663847 0.00014104774 0.004691158 0.0051673604 0.017708417 3.7322159e-06 0.08383635 7.9873054e-05 2.4655657e-05 0.0011672121 3.4411867e-05 0.0045335446 0.0010923628 0.11028574 3.3994158e-05 0.002372032 0.17677067 0.04660368 0.00010291626 2.0577647e-06 2.1995675e-05 0.0063708085 0.03666811
0.59224695 0.08274975 0.064658515 0.42384434 0.27609825 0.13579138 0.5337366 0.4009406 0.6433073 0.3631321 0.021290284 0.02740831 0.03827328 0.0238814 0.3454473 0.37258324 1.2707208e-18 0.24973604 0.0030384024 0.012391503 0.005098091 0.03364093 0.024025295 0.01802709 0.37061453 0.32127222 0.036118317 0.076103754 0.38820803 0.057232242 0.38507435 0.031491064 0.001014211 0.0033912042 0.23751813 0.05636434 1.4533319e-05 0.20145763 0.0019794372 6.475922e-05 0.027033905 0.069018945 0.00088560575 0.02683657 0.007856047 0.0022002012 0.044410884 0.00011032041 0.06307072 0.0029029627 0.020863175 0.014430924 2.4848301e-05 0.46673915 0.017994704 2.0384019e-05 0.0061374283 0.021413242 0.012416659 0.049949277 0.005861924 8.429795e-05 6.123403e-05 2.094497e-05 0.011279241 0.021661308 0.000107022206 0.023572596 0.010516673 2.2721113e-05 0.1026232 6.572717e-05 4.1903306e-05 8.2879615e-06 0.001778004 0.0038272438 0.00402655 1.6994396e-05 0.0017739603 8.289998e-05 0.013035172 0.0022084492 0.08451921 5.4109177e-07 0.19729736 5.0202416e-05 2.4574998e-05 0.0015380386 3.2884493e-06 0.0025944961 7.060809e-05 0.20817834 0.00030418672 0.00071455113 0.12661658 0.011184183 0.00012319227 2.902229e-06 0.000119319964 0.008402642 0.10213632
0.04001277 0.21355231 0.46517152 0.2157955 0.47484347 0.16968028 0.45298415 0.3228209 0.28297162 0.6820452 0.02611636 0.058537617 0.3530381 0.040770523 0.49193153 0.3488778 0.24973604 6.454456e-19 0.019589726 0.056089483 0.16558461 0.39096937 0.16211131 0.18226421 0.07389762 0.06693507 0.23978226 0.5155343 0.075150765 0.045231313 0.07704819 0.2608813 0.006706284 0.12016172 0.041611783 0.44023362 0.0005341724 0.42744684 0.09202873 0.00042414173 0.018889409 0.4319111 0.0058092624 0.39983994 0.21580683 0.076727375 0.02107609 0.0029840092 0.07249124 0.09750135 0.015576029 0.16887178 0.0003620468 0.060705565 0.015405233 0.00020516317 0.053579077 0.0037914417 0.007840232 0.00790829 0.0049599684 0.0061746165 0.00021521244 0.0003400423 0.0034334979 0.0037306468 0.0047246586 0.17178716 0.0040156497 0.00049590005 0.012780208 0.0016357908 0.00092717085 0.00022394609 0.0030041495 0.0023981421 0.0005033003 0.00012510577 0.0008092324 0.003711068 0.016533125 0.0008657497 0.023504423 0.0014194706 0.013545892 0.00023919462 0.00013172106 0.0021577678 0.00024044361 0.0020026022 0.00048313945 0.009999184 0.0036271175 0.0038157506 0.008706909 0.0029303483 0.0029665658 0.000104004255 0.0007650094 0.0094336225 0.011286935
0.7238014 0.11349754 0.04285479 0.025232077 0.043959107 0.47482735 0.032569 0.034827236 0.014510296 0.021060036 0.41763386 0.7924833 0.06255067 0.5941203 0.006370122 0.0023184388 0.0030384024 0.019589726 3.5890214e-19 0.81973237 0.15355991 0.021754658 0.048082393 0.049199134 0.00045927867 0.0009805193 0.08084928 0.015609719 0.00086718914 0.16694862 0.00094490603 0.22026391 0.40957645 0.14994946 0.0007429653 0.011667348 0.41258067 0.0013221775 0.09284862 0.15568009 0.42342648 0.005944599 0.15149483 0.00092664844 0.008299325 0.22859798 0.00011615444 0.24872994 8.4219195e-05 0.00071363617 1.7279033e-05 0.0004961058 0.12686504 0.031820957 2.3162243e-05 0.06376465 9.954916e-05 1.4881996e-05 1.3418416e-05 0.24432269 0.31550005 0.014670478 0.022353811 0.03301016 1.2615114e-05 7.0073045e-05 0.02641251 5.3704178e-05 4.715581e-05 0.042710736 0.00048338852 0.010535023 0.006563975 0.008641062 0.2227814 7.3755864e-06 1.2299914e-06 0.00527471 6.325355e-06 0.07002659 0.13267918 1.0876536e-05 0.095563814 0.023513922 0.004105121 0.0031480533 0.0044660196 0.13167503 9.0306974e-05 1.7155362e-05 1.8859221e-07 0.00051732577 2.299766e-06 6.984553e-07 2.6608132e-06 9.3182774e-07 0.00485785 1.8005567e-05 0.004742644 0.00087766664 0.001687084
0.25251663 0.25229862 0.20611066 0.054292846 0.054445263 0.66431296 0.06411623 0.044618648 0.035076205 0.0458228 0.30432978 0.6251469 0.21622507 0.5314843 0.010236356 0.009092733 0.012391503 0.056089483 0.81973237 3.4663953e-21 0.34179497 0.06885059 0.076379895 0.21775608 0.0009813504 0.0010092428 0.16329445 0.03688647 0.0006006014 0.11375316 0.00049425184 0.39869672 0.66128826 0.29518306 0.00023443914 0.025754968 0.5872264 0.0032831507 0.17163335 0.3392249 0.24899743 0.010663518 0.38358372 0.0026937153 0.03590788 0.27839258 0.00019904524 0.20718831 0.00038383956 0.0043969457 3.428071e-05 0.004105644 0.18723929 0.036411226 9.4298266e-05 0.10299406 0.00037620316 7.737591e-05 6.547598e-05 0.18034814 0.20349473 0.034365747 0.040129717 0.056599863 1.2442428e-05 0.0002611415 0.033159114 0.0009854682 2.9769999e-05 0.042415965 0.0018068847 0.01639432 0.012717145 0.011718705 0.14300601 0.00010257977 2.2123266e-05 0.0066834055 9.923876e-06 0.044320676 0.02084901 1.493238e-05 0.009386683 0.017067624 0.000844559 0.002101035 0.003849988 0.05430261 8.947346e-05 5.470973e-05 5.620125e-07 0.00021637273 1.2385642e-06 1.1544303e-06 4.523473e-06 1.0638565e-05 0.00451725 8.008559e-06 0.0039383834 0.00024972417 0.0008573449
0.025135128 0.16322589 0.2996353 0.031255387 0.058329344 0.3042933 0.038162224 0.045214776 0.014679721 0.046343237 0.1182775 0.114415824 0.686783 0.122522935 0.005359124 0.0026826994 0.005098091 0.16558461 0.15355991 0.34179497 1.626645e-21 0.2761746 0.4808852 0.55345124 0.00087011635 0.0015673526 0.5423244 0.24668552 0.00078002905 0.04639417 0.00065404555 0.54008955 0.062360965 0.44750383 0.00026236588 0.1299812 0.03129616 0.0011874352 0.26434547 0.023607997 0.019756956 0.046265863 0.07880436 0.016438376 0.12614176 0.30558088 0.00029908543 0.010496873 9.108785e-05 0.022941777 1.9544264e-05 0.013130561 0.008873413 0.0037747843 5.128619e-05 0.0017487366 0.0021303263 2.0586649e-05 4.6963814e-05 0.014243925 0.0052605188 0.038654648 0.0009594397 0.0008861414 4.0222338e-05 8.948548e-05 0.009523266 0.00063116616 5.2859268e-05 0.0022686236 0.00020225381 0.0020336886 0.0042976416 0.00058994564 0.002848562 4.48072e-05 4.296791e-06 0.0002583973 2.2388244e-06 0.0021365185 0.0017958041 1.1168275e-05 0.0030282643 0.00084950996 0.0003806539 0.0007565872 0.0002912641 0.0014942794 2.5119612e-05 2.687216e-05 5.9593924e-07 0.0003062633 1.0253894e-05 4.0798336e-06 1.8277207e-05 2.7181812e-07 0.0012221435 3.445741e-05 0.00072149315 0.00021171775 0.00029897675
0.0046914173 0.20779839 0.5030486 0.08111673 0.18704115 0.21886392 0.1268216 0.08875687 0.034285054 0.23508482 0.046390805 0.057059318 0.5967694 0.047791857 0.052560728 0.016162185 0.03364093 0.39096937 0.021754658 0.06885059 0.2761746 1.2155653e-23 0.44875214 0.44047928 0.0033946421 0.0032489947 0.45229018 0.56029963 0.005431109 0.036479548 0.0052801208 0.25672433 0.0066870963 0.1451566 0.0013745214 0.2895788 0.0002506155 0.019166093 0.11605052 0.0006711185 0.011520086 0.18838292 0.007711532 0.17810492 0.18741868 0.09575034 0.002136542 0.001505595 0.0007217268 0.101320125 8.1704675e-05 0.06804766 0.000288605 0.009173899 8.418426e-05 6.507149e-05 0.020866515 0.000105566956 0.000110196015 0.0051844097 0.0029311727 0.035852034 8.257701e-05 0.00011808256 8.820222e-05 0.00039117353 0.0019584359 0.0038603689 3.48725e-05 0.00027359222 0.0017977799 0.0005679724 0.0011229109 6.2324376e-05 0.002104132 0.0001013034 7.784193e-06 2.7832359e-05 1.5214093e-05 0.0006060108 0.007491843 2.4237994e-05 0.0045214654 0.000291951 0.0020677526 0.00014471573 7.6057986e-05 0.0013410925 6.7804525e-05 0.0001620183 5.624755e-06 0.0011613733 0.00040799388 0.00011222882 6.945451e-05 8.373687e-06 0.00047662598 2.8563883e-05 0.00013033442 0.000823845 0.003059982
0.006268932 0.22936319 0.42804483 0.07121494 0.123002216 0.2744223 0.049982857 0.07740816 0.016597351 0.05939186 0.11094379 0.11931711 0.5944541 0.09578186 0.014096934 0.009856177 0.024025295 0.16211131 0.048082393 0.076379895 0.4808852 0.44875214 3.218253e-22 0.65829283 0.0019433149 0.0013600296 0.59876746 0.41315725 0.0037075498 0.09018861 0.0044918614 0.33299106 0.010918441 0.18340907 0.0005290718 0.19130252 0.0024258252 0.0036784012 0.14569342 0.001350857 0.024748405 0.08215748 0.012754749 0.06304303 0.1753587 0.11909766 0.00035180745 0.0037434148 0.00032806626 0.06814689 7.530111e-05 0.017776497 0.0007573145 0.009553781 5.0743056e-05 0.00015150264 0.0053107953 0.00012952578 0.00011745709 0.011932731 0.008584142 0.09240548 0.00014422221 0.00017842368 0.00011205097 0.00036376304 0.0064782137 0.0014943621 8.661526e-05 0.000402553 0.001388369 0.00089385064 0.0033155137 9.51318e-05 0.003064529 5.038573e-05 1.2535149e-05 7.797014e-05 7.6167635e-06 0.0021087283 0.010081045 5.8873084e-05 0.0072105164 0.0006143065 0.0033057893 0.00043470872 0.00043818532 0.0021288316 1.4784052e-05 3.094253e-05 1.4703643e-06 0.00089794485 0.00029617207 1.819413e-05 9.4569165e-05 5.026213e-06 0.00039309816 0.0005064987 0.00011213126 0.0028696225 0.0017867067
0.0031355466 0.24594438 0.49859166 0.06876785 0.11333459 0.32200882 0.057756472 0.06071293 0.02089118 0.06422125 0.080035985 0.14071742 0.6397419 0.12188888 0.020576965 0.007531138 0.01802709 0.18226421 0.049199134 0.21775608 0.55345124 0.44047928 0.65829283 2.0192902e-25 0.0015213948 0.0013288135 0.57884777 0.37319738 0.0018181296 0.04451308 0.0019901935 0.32602534 0.018651485 0.19948651 0.0006292955 0.1442113 0.0028907382 0.003168778 0.15838727 0.003955795 0.016356403 0.05813411 0.020323958 0.033352226 0.12750626 0.10660298 0.00047024616 0.0033428485 0.000113372334 0.045734566 3.1658306e-05 0.013884558 0.0007518719 0.0067205806 3.4990127e-05 0.00011037672 0.0016120997 9.482329e-05 7.9680045e-05 0.008395089 0.004149666 0.050242502 6.2276966e-05 0.00018639157 2.539231e-05 0.0003775765 0.0023405133 0.0006395417 2.110067e-05 0.00065263803 0.00089585956 0.00035865922 0.00086977787 9.2492184e-05 0.0015302667 1.7928924e-05 4.227804e-06 3.4422566e-05 1.0526667e-06 0.0008392814 0.0030346622 1.8519594e-06 0.0040759235 0.00030487965 0.0013268065 0.00010466674 0.0001958687 0.0008121932 9.122881e-06 1.0479874e-05 1.4840215e-07 0.0008775361 1.9087943e-06 4.3978516e-06 4.6626745e-05 1.7009441e-07 0.0003792852 2.0147065e-06 8.987557e-05 0.00034764165 0.0013278014
0.3864301 0.0088575985 0.008014425 0.10013937 0.058550004 0.0037621628 0.27397755 0.055687916 0.5078265 0.12769581 0.0014988187 0.002601147 0.001763502 0.003584896 0.41424233 0.42930377 0.37061453 0.07389762 0.00045927867 0.0009813504 0.00087011635 0.0033946421 0.0019433149 0.0015213948 2.2570714e-22 0.8555166 0.00093408144 0.0047721756 0.51937705 0.0062739584 0.31538665 0.001632139 0.00042324353 0.0012629176 0.51799476 0.0034430316 2.8728057e-06 0.2319881 0.0004989658 1.8163357e-05 0.0021109455 0.01007659 0.00041212724 0.0040745307 0.0009065757 0.00074604753 0.24167208 1.5125698e-05 0.1409058 0.00032413195 0.11255997 0.0015076181 1.758587e-05 0.1461056 0.07874765 5.901144e-06 0.0003870663 0.10420951 0.039599214 0.0019588303 0.00021760979 8.727817e-06 1.2583946e-05 1.6002057e-05 0.02989695 0.06586848 1.0601344e-05 0.05057856 0.031049022 1.2037921e-05 0.1638323 8.157976e-06 3.051874e-06 1.0204429e-06 3.9545575e-05 0.00804081 0.0102156475 3.2228772e-06 0.0041888985 8.727824e-06 0.0023990616 0.003221432 0.010728168 7.807985e-08 0.09570959 6.239059e-06 2.8796876e-06 0.00019957671 1.8438595e-06 0.0037469235 0.00026617246 0.108925015 2.1716985e-06 0.00024502884 0.08933238 0.035041865 3.3875516e-05 3.4317997e-09 1.4431198e-05 0.004295695 0.026102265
0.5279291 0.011821642 0.0063729812 0.089033194 0.057625227 0.0062859366 0.24294715 0.061298452 0.38756967 0.10106974 0.0018239814 0.0051513766 0.0013146068 0.0052468977 0.37856078 0.29045847 0.32127222 0.06693507 0.0009805193 0.0010092428 0.0015673526 0.0032489947 0.0013600296 0.0013288135 0.8555166 1.4732151e-23 0.0018331427 0.005791401 0.6404165 0.008269393 0.45122403 0.0020044937 0.0005542291 0.0021792497 0.5879939 0.003412065 2.503668e-06 0.1855827 0.0012467343 3.9315066e-05 0.004628329 0.008137349 0.00051691546 0.0043095807 0.0015126931 0.0018480894 0.14862451 7.905879e-06 0.10091609 0.00027092776 0.076515354 0.0012736624 3.2279575e-05 0.22972992 0.05228267 8.2282895e-06 0.00034071485 0.09787312 0.03658085 0.004590914 0.00046328112 1.3468878e-05 1.397609e-05 2.36739e-05 0.024609141 0.06313652 3.4430184e-05 0.035777863 0.032200683 1.3144693e-05 0.1795532 6.348265e-06 9.9619e-06 1.8092243e-06 5.600949e-05 0.004654658 0.0047439444 5.806415e-06 0.0020943473 9.321072e-06 0.0049685016 0.001338943 0.02290284 9.0520146e-08 0.20661962 1.1512468e-05 9.963972e-06 0.00027028983 2.7057902e-07 0.0022901983 9.1177106e-05 0.2737142 2.3463103e-06 0.00013711567 0.24270086 0.021818561 3.1955668e-05 6.9718356e-09 4.220635e-05 0.0093501415 0.06277531
0.0054465868 0.24708755 0.37583357 0.09206981 0.17108734 0.2951134 0.071454324 0.1120605 0.021406403 0.09933128 0.11725894 0.16526385 0.46764597 0.12126515 0.008759846 0.013066784 0.036118317 0.23978226 0.08084928 0.16329445 0.5423244 0.45229018 0.59876746 0.57884777 0.00093408144 0.0018331427 2.025753e-20 0.4474197 0.0034985573 0.08581773 0.0040346566 0.50213766 0.012653317 0.38090423 0.0005485442 0.29312164 0.0032150126 0.003073919 0.35020876 0.002056182 0.019911647 0.10823529 0.015476578 0.05598957 0.3571436 0.26346913 0.00018722482 0.0033479275 0.00012042945 0.14831185 4.6949484e-05 0.045876343 0.0009706664 0.006914132 2.2610418e-05 0.00012815272 0.0125883715 7.6430784e-05 4.8565405e-05 0.012726906 0.0055752485 0.26049423 9.1943846e-05 0.0001300909 4.289149e-05 0.00025524132 0.008314309 0.001252713 6.164223e-05 0.00051107176 0.0006961535 0.00052346406 0.0051313345 0.00017758778 0.0015522984 9.413123e-05 9.079986e-06 4.6994777e-05 4.0232294e-06 0.003923695 0.0098871915 2.4445571e-05 0.010772786 0.0011245023 0.0031764403 0.00062316 0.0009417129 0.0020007514 1.0486492e-05 3.231959e-05 6.9413176e-07 0.0010229418 0.0011800191 8.480404e-06 3.0955576e-05 1.4913275e-06 0.0008901643 0.0016651317 0.00033235658 0.002863126 0.0032913063
0.0041719307 0.21084557 0.4501919 0.10460366 0.27779812 0.14099005 0.16516474 0.1388303 0.048890624 0.35092348 0.039759494 0.0330883 0.46333915 0.025590597 0.05219563 0.053573985 0.076103754 0.5155343 0.015609719 0.03688647 0.24668552 0.56029963 0.41315725 0.37319738 0.0047721756 0.005791401 0.4474197 3.330665e-20 0.012758433 0.04460792 0.011683103 0.25361177 0.0035819362 0.16604744 0.002908914 0.5271709 0.0004014177 0.04089417 0.13030846 0.0005342333 0.01138558 0.369741 0.0043242555 0.3700693 0.40069833 0.10401752 0.0010173671 0.0016104463 0.003366093 0.23887134 0.00044499847 0.14344105 0.00041020132 0.014179877 0.00027462505 0.00017139246 0.079609126 0.00025630678 0.00025911222 0.005324627 0.007211974 0.049740393 0.00012789473 0.00019462543 0.00040438303 0.0008862521 0.003166849 0.012876907 0.000454947 0.0002987513 0.0027310424 0.0010032386 0.00203837 0.00014418866 0.0025035632 0.00051727885 4.2979278e-05 8.753169e-05 8.342541e-05 0.002839037 0.023044607 0.00019446292 0.022688208 0.0013152619 0.009957746 0.0006414141 0.00022044491 0.0023650231 0.00013179054 0.0003202463 1.9048892e-05 0.0077198683 0.012079282 0.0005561086 0.00050903735 0.00022525739 0.0012564694 0.0011135763 0.00021280619 0.012878565 0.01937748
0.75268096 0.014396319 0.013632521 0.09982008 0.099734366 0.010918947 0.26020062 0.13360219 0.35352102 0.17936039 0.0027875337 0.004603587 0.0018813603 0.0045293053 0.23238543 0.2869403 0.38820803 0.075150765 0.00086718914 0.0006006014 0.00078002905 0.005431109 0.0037075498 0.0018181296 0.51937705 0.6404165 0.0034985573 0.012758433 3.4671125e-19 0.013283073 0.8142141 0.0031506843 0.00017245786 0.0016239745 0.764572 0.012318434 1.8239602e-06 0.14915483 0.0013381777 1.1007297e-05 0.0073937112 0.01859303 0.00026563686 0.0048325397 0.0015310551 0.0018561678 0.08198189 1.9030134e-05 0.051251106 0.0009217923 0.037437752 0.00334307 7.743419e-06 0.3834035 0.014207755 5.1428697e-06 0.0017866318 0.09818364 0.033605743 0.0077954265 0.0007886218 1.43800235e-05 1.9756832e-05 5.414058e-06 0.0141111985 0.07367931 5.49259e-05 0.033383273 0.025223037 8.0517975e-06 0.24791478 1.70846e-05 1.6629687e-05 4.5274733e-06 0.00013552481 0.0043599023 0.0045367843 1.6380942e-05 0.0019747124 1.5372218e-05 0.0054449015 0.0014031179 0.03402259 9.167666e-08 0.21583888 3.9264967e-05 1.2453041e-05 0.00043000703 8.184322e-06 0.0035738396 0.0001981804 0.3000522 9.272367e-05 0.0009267248 0.21806844 0.018583773 2.0991123e-05 2.3067213e-07 7.041947e-05 0.009482909 0.08451481
0.97084963 0.75682825 0.33857006 0.23879445 0.24288711 0.52032906 0.0992902 0.4349522 0.06126734 0.09295324 0.7164012 0.29423457 0.18834116 0.42580992 0.017719178 0.024535535 0.057232242 0.045231313 0.16694862 0.11375316 0.04639417 0.036479548 0.09018861 0.04451308 0.0062739584 0.008269393 0.08581773 0.04460792 0.013283073 2.7458987e-16 0.023417788 0.044644576 0.008983693 0.029291157 0.0065690447 0.020358063 0.004436747 0.0044530416 0.033484083 0.0017688845 0.57537276 0.007874142 0.0046025887 0.002475406 0.012794604 0.01753676 0.0005749805 0.007749862 0.00067227444 0.004163578 0.0003958006 0.0031938227 0.0008072408 0.46222073 0.00017552987 0.0001565071 0.00058561907 0.0002720338 8.6436696e-05 0.7673697 0.15990813 0.0040324735 0.00028841017 0.00026822631 0.00010787805 0.000687086 0.0004803787 0.0003384568 0.00037208843 0.0005968187 0.0035116656 0.00033205526 0.0002756857 0.00039543386 0.02389929 8.037202e-05 2.0296806e-05 0.00038927502 6.351442e-05 0.002368446 0.42535785 7.1705166e-05 0.5020616 0.0005232354 0.18628025 5.5238197e-05 3.2834654e-05 0.019676259 2.6787697e-05 0.0001084127 9.769858e-07 0.044926863 0.00015601235 7.0976134e-06 0.004062642 3.6015672e-06 0.00033959778 0.00015110092 0.00011739303 0.0505451 0.12903367
0.91857404 0.016791916 0.011083118 0.11097283 0.1135026 0.010447817 0.25397032 0.17705199 0.37951887 0.20978023 0.0042945356 0.004010814 0.0036717753 0.0032922183 0.19068588 0.24664353 0.38507435 0.07704819 0.00094490603 0.00049425184 0.00065404555 0.0052801208 0.0044918614 0.0019901935 0.31538665 0.45122403 0.0040346566 0.011683103 0.8142141 0.023417788 2.8936342e-19 0.004041151 0.000118115895 0.0013869404 0.71727973 0.011788447 3.4622885e-06 0.09597207 0.0011081845 9.10726e-06 0.013261264 0.018148953 0.00016967198 0.002653233 0.0015721999 0.00093317596 0.04772469 1.9785397e-05 0.023996392 0.00080807187 0.01749534 0.0026867522 5.1269444e-06 0.5367014 0.0061891056 5.459644e-06 0.0020482477 0.06576246 0.016688075 0.018996993 0.0017714825 1.2528612e-05 1.5644002e-05 4.7444664e-06 0.008432573 0.059850767 5.626722e-05 0.01284476 0.016474243 7.749425e-06 0.25624582 2.7745353e-05 2.1353795e-05 4.4016824e-06 0.00026755617 0.0031912103 0.0037094264 1.2469488e-05 0.0009124192 2.520749e-05 0.0116595505 0.000840436 0.078789316 5.577532e-07 0.307927 3.4024193e-05 2.3687768e-05 0.0009867112 8.752813e-06 0.0028016497 4.9245686e-05 0.38438755 8.060138e-05 0.0006791703 0.25046805 0.014036372 2.1241944e-05 4.1870626e-07 4.9968363e-05 0.015214225 0.19716401
0.016329588 0.15599942 0.2213084 0.049039103 0.103967436 0.33223817 0.08392503 0.05574041 0.0215351 0.125002 0.14344642 0.1914881 0.33218852 0.11910198 0.0076157935 0.02048411 0.031491064 0.2608813 0.22026391 0.39869672 0.54008955 0.25672433 0.33299106 0.32602534 0.001632139 0.0020044937 0.50213766 0.25361177 0.0031506843 0.044644576 0.004041151 4.74334e-19 0.09667218 0.67246634 0.0005776568 0.21197054 0.082214095 0.010125699 0.55005306 0.05959724 0.031710725 0.13386242 0.27713937 0.054101985 0.29453126 0.496501 0.00077648764 0.026174936 0.0003963328 0.052248612 0.00014879437 0.021034194 0.040224444 0.0049474584 0.000116509356 0.015066709 0.006892475 0.00023698852 0.00026227062 0.012126443 0.01234552 0.3675244 0.004103665 0.0031049317 0.00014913175 0.00051683607 0.08230601 0.004385605 0.00016543534 0.0033318265 0.00059428695 0.013613681 0.027281804 0.0010627912 0.0072712596 0.00023717865 6.250753e-05 0.0007367035 1.716839e-05 0.0071219653 0.01869572 6.0178354e-05 0.018594516 0.0035280655 0.007464147 0.007021701 0.011649809 0.005424473 0.00028844894 7.870586e-05 5.233165e-07 0.0020352271 0.00028897676 1.8745448e-05 6.572065e-05 4.477427e-05 0.0028053462 0.0021731565 0.0020910983 0.0042074174 0.0035500778
