5.503845e-25 0.000391253 0.0006198036 0.00014419456 0.002240555 8.495246e-05 0.015344068 0.0035223856 0.0077416217 0.0008381505 0.02554837 0.0038535474 0.089001656 0.04233176 0.0009683342 0.31141838 0.0812809 0.02302652 0.1508677 0.0025555126 0.06405227 1.2413927e-08 1.2674352e-08 0.0072615785 0.0019788623 0.12854804 0.15596472 0.35555786 0.73374104 0.01794961 0.06914889 0.24929596 0.0010512873 0.31709832 0.06415474 0.2585944 0.50191724 0.8856547 0.791359 0.13144268 0.93773544 1.7794574e-09 6.367807e-08 0.38925672 0.6250191 1.9641808e-08 5.7853278e-08 0.6575531 0.9490466 7.0872835e-10 0.04125061 0.060955554 6.284171e-05 0.08526254 0.008926359 0.020530313 0.016862476 0.4658683 0.92141825 0.00045672324 0.9246716 0.85372066 2.5861019e-07 3.692047e-11 0.98737043 0.11756755 0.0015918404 0.45139918 0.12923047 0.9684786 0.0005481502 3.2943868e-07 4.0880423e-05 8.783774e-07 0.9889356 8.7947255e-06 0.013915744 0.9538927 5.7188405e-09 0.93200433 0.7166735 0.12197301 0.0009947304 0.9978319 6.854122e-06 0.9991558 0.9879961 0.027633302 0.73531544 0.9976408 0.035837296 2.0171068e-07 0.98505 0.9972268 0.005398259 0.9998464 6.077088e-07 0.042815585 9.2695547e-07 0.9179462 0.000296645
0.000391253 1.3957661e-21 0.8293845 0.45615175 0.3873133 0.58955985 0.5500126 0.30287582 0.3294614 0.163081 0.18438965 0.041839093 0.37125334 0.40153712 0.38948286 0.27043 0.12957627 0.105120234 0.20222515 0.0052574715 0.0634208 0.028967654 0.009903721 0.011070984 0.0001727764 0.05990103 0.054198757 0.060606606 0.10186966 0.0012953406 0.021344436 0.06175411 0.0009419181 0.0061082905 0.00022065314 0.019907515 0.04458368 0.048368912 0.019970505 0.0030773026 0.008703613 3.80138e-06 0.00015295438 0.0019417459 0.0013101929 2.1999274e-06 0.00015611669 0.007706466 0.007163269 0.00059780304 3.3350865e-05 0.00014120736 6.0362136e-06 0.00028782545 6.0097573e-06 0.00041363906 1.8659966e-06 0.0007658174 0.0024258287 0.00015691975 0.0014596352 7.6116616e-05 1.7206055e-05 0.00082132407 0.02131881 1.7504282e-05 1.8159521e-06 0.00049277284 0.00082764425 0.0023191033 1.3871697e-06 5.2601337e-07 3.4951554e-06 1.5429676e-05 0.0007499105 2.1937645e-05 1.1618441e-05 0.0016518004 1.3266348e-05 0.000106217 2.1051346e-05 8.545548e-06 2.201954e-05 0.0010900386 2.4566324e-07 0.0010634655 0.0003564037 3.4165942e-06 1.3588905e-05 0.0007335501 1.3243651e-06 2.0603842e-08 1.651249e-05 0.00071707176 3.434665e-07 0.00068330613 1.3983835e-05 9.305302e-07 1.6765764e-08 3.286457e-05 1.9582976e-07
0.0006198036 0.8293845 8.26832e-21 0.24249764 0.2270294 0.35008588 0.6443499 0.308662 0.32805103 0.13035606 0.24005373 0.04226525 0.28273335 0.37137443 0.3625191 0.30643263 0.19600126 0.0890073 0.15835819 0.005713311 0.06697162 0.016178947 0.005105888 0.013593211 9.701865e-05 0.07767232 0.09732679 0.10712765 0.14937429 0.0007587271 0.02491466 0.057091784 0.00062468625 0.009278205 0.0004241573 0.026172854 0.08567794 0.049303655 0.04378436 0.0057335286 0.015876772 1.5717359e-06 0.000895453 0.0049340813 0.0008646106 2.1740711e-06 0.00065711746 0.007956558 0.006583454 0.0010855207 7.519383e-05 0.00024676067 8.402541e-06 0.00027751058 7.372261e-06 0.00064323255 5.41569e-06 0.0013926488 0.0024996814 0.00037077654 0.0027646478 6.619632e-05 5.7890236e-05 0.00035466635 0.024371073 2.0867634e-05 1.9237946e-06 0.0012214829 0.0022043935 0.002817614 5.8496116e-06 1.2888589e-06 7.3183705e-06 2.2199692e-05 0.0016881977 4.52454e-05 4.3194388e-05 0.0047004907 3.363341e-05 3.1637243e-05 3.0889987e-05 1.3156684e-05 6.9474576e-05 0.0020755802 4.5761982e-07 0.0018136841 0.0007379369 6.229701e-06 1.7888275e-05 0.0013374957 6.2169347e-06 5.2282534e-08 1.927099e-05 0.0019035997 1.322235e-06 0.0010148477 5.448454e-05 8.656311e-06 8.258807e-08 8.093181e-05 1.2443442e-06
0.00014419456 0.45615175 0.24249764 1.0173116e-20 0.76033974 0.6888491 0.16456221 0.2022846 0.19030899 0.35198054 0.07112663 0.19485475 0.39974263 0.14449857 0.25081316 0.123918705 0.07013892 0.15411016 0.16298558 0.058399502 0.101878084 0.05476541 0.066613264 0.075929575 0.009621157 0.06218741 0.03362973 0.017364182 0.037796576 0.014089159 0.06399378 0.055303533 0.02322754 0.01876508 0.0034148078 0.026241284 0.032623436 0.043787505 0.013134721 0.0029036591 0.007562979 0.00025513984 0.00037289126 0.001343061 0.0059133247 0.00019635085 0.00037020928 0.020444995 0.011501973 0.00032826592 0.00081414205 0.0016949127 0.00022113934 0.0018203424 0.00024590132 0.00041208675 4.128892e-05 0.00085624505 0.006453967 0.00013991047 0.0022926067 0.0014199857 5.2881904e-05 0.0011766776 0.0208007 0.0006895293 4.1587922e-05 0.00086469314 0.0012462778 0.0029401751 3.3407272e-05 4.9658913e-05 5.9091442e-05 1.9029318e-05 0.0006535034 3.9891293e-05 0.0008252207 0.0012697953 2.1365326e-05 0.00054693874 0.00038108556 0.0004077051 4.7962494e-05 0.002515153 2.5875157e-05 0.0007354978 0.00075928046 0.00011763622 0.00043137767 0.00032607903 2.1101382e-06 1.8161286e-06 0.0006809055 0.00020407139 8.273748e-06 0.00033817368 1.5306887e-05 3.883132e-05 2.7209007e-06 0.00021669983 4.131722e-06
0.002240555 0.3873133 0.2270294 0.76033974 2.9145386e-19 0.47897008 0.21419732 0.41903237 0.36843735 0.8622999 0.121245265 0.664028 0.69968057 0.1381703 0.18832916 0.27548885 0.089637615 0.52367115 0.45733732 0.29242712 0.4188041 0.054508828 0.10271958 0.26796305 0.06848639 0.12830858 0.034381755 0.022832995 0.07366502 0.082328565 0.31139994 0.329181 0.09633497 0.11226159 0.018857663 0.05924215 0.025596993 0.07553158 0.008662134 0.0013763788 0.005504767 0.001452984 0.00018747637 0.0022636151 0.026710654 0.00069826527 6.798128e-05 0.046151128 0.0155499 7.581437e-05 0.0020225814 0.004303451 0.00033419114 0.0043122303 0.0004792121 0.00046735886 0.000119023345 0.00032495955 0.0062408396 7.292923e-05 0.0031041144 0.0012812472 2.7857108e-05 0.00062564615 0.039901584 0.00076948997 3.5438556e-05 0.00044915447 0.00043729568 0.00589464 9.979411e-05 7.789982e-05 0.0001401931 2.0062522e-05 0.001633923 1.6106706e-05 0.0007275611 0.003098792 3.8779068e-05 0.00070003315 0.00030409647 0.00022095363 2.0364007e-05 0.001777436 7.124928e-05 0.0033835077 0.00033185552 0.0004090803 0.00048993086 0.0021904972 3.160879e-06 4.9396176e-06 0.00062252296 0.0005337688 4.210247e-05 0.0019814647 2.5929081e-05 0.0002243775 4.7352223e-06 0.00016640403 1.7905684e-05
8.495246e-05 0.58955985 0.35008588 0.6888491 0.47897008 3.2764684e-18 0.24143119 0.18380092 0.19457148 0.1599889 0.05038587 0.0683823 0.45621037 0.36848906 0.67852867 0.11304702 0.037079543 0.1354103 0.15920067 0.0062423893 0.10525895 0.55053884 0.1959504 0.012149936 0.0004607588 0.02594521 0.013885135 0.017997416 0.03547833 0.0017202226 0.025940785 0.03459143 0.00394257 0.006336148 0.0003785341 0.0112830335 0.010360161 0.06603124 0.0048891148 0.0009705618 0.003995133 1.8530025e-05 0.0010863523 0.0010985999 0.0007185357 1.8973378e-05 0.00052130414 0.012787663 0.0044898125 0.0016550596 1.40662805e-05 0.00014381498 8.795195e-06 9.720406e-05 1.382374e-05 0.00049585063 1.4151944e-06 0.0004382064 0.0010139223 5.0727183e-05 0.0016864478 0.00010282876 2.9284318e-05 0.017107282 0.018673185 2.0450027e-05 5.2492774e-06 0.00033656944 0.0006337891 0.0016698093 1.3383806e-05 7.3062574e-06 3.0876705e-05 1.9123083e-05 0.00035261712 7.761192e-06 5.1891435e-05 0.0005052198 6.129637e-05 6.0238704e-05 4.1861207e-05 4.0710795e-05 8.989937e-06 0.0019891374 4.8886664e-06 0.00048312056 0.00074191066 5.657203e-05 5.0985742e-05 0.00044966963 2.7055567e-06 2.2300644e-06 2.1941414e-05 0.00061952084 2.0439918e-06 0.00054044486 6.4432345e-05 1.4591097e-06 1.017483e-06 9.557621e-05 2.072967e-06
0.015344068 0.5500126 0.6443499 0.16456221 0.21419732 0.24143119 1.2856899e-18 0.33918795 0.40717492 0.13122968 0.80729437 0.032468237 0.21449652 0.52806145 0.25499335 0.6171634 0.4460999 0.07502985 0.13645254 0.0096114585 0.051249966 0.0042833653 0.00063074287 0.009857953 0.00020430291 0.08379685 0.16969219 0.24391155 0.31178242 0.0013703632 0.011825684 0.03697896 0.0010954868 0.0032056717 0.00028625692 0.02811013 0.16233093 0.087989256 0.113970034 0.018891823 0.07484335 1.8026057e-06 0.0016306274 0.015121178 0.00050213095 5.8264895e-06 0.0014973613 0.0066319443 0.007215796 0.0011811067 2.7648786e-05 0.000117140844 8.003406e-06 0.00015090205 5.8424534e-06 0.0007727326 1.6820186e-06 0.004209404 0.0019615325 0.00017364926 0.023624752 9.673415e-06 9.6996446e-05 0.00022268234 0.05983349 2.7607825e-06 3.2557716e-06 0.0038487767 0.0023842407 0.0029879077 4.196127e-06 3.040689e-06 5.6733434e-06 1.9452349e-05 0.008096911 4.3123433e-05 1.37983325e-05 0.017654238 5.8472167e-05 3.080986e-06 6.249552e-06 4.0082896e-06 0.000111191715 0.00762654 1.4814543e-06 0.012818028 0.0013633118 3.3535957e-06 9.250731e-06 0.00792255 5.9716705e-05 2.5999552e-07 8.579182e-06 0.0051376517 1.6814587e-06 0.0060827564 4.4503347e-05 4.375979e-06 1.1421054e-06 0.00031096285 6.618909e-06
0.0035223856 0.30287582 0.308662 0.2022846 0.41903237 0.18380092 0.33918795 3.2047157e-22 0.91510534 0.4617642 0.23110941 0.13897721 0.70624477 0.16313891 0.056899786 0.529731 0.27084213 0.4067084 0.55432934 0.050909318 0.25845185 0.0047292905 0.004120775 0.10013953 0.0038297758 0.4095317 0.1910299 0.04156355 0.2667187 0.008508466 0.15954563 0.41467822 0.004406013 0.036957808 0.0021807477 0.2104507 0.2021714 0.15009737 0.07604465 0.0030706346 0.028092556 1.457286e-05 0.00011807941 0.0026945749 0.019490391 9.718353e-06 4.5587443e-05 0.052349772 0.04262218 7.44009e-05 0.00014837846 0.00214348 8.076908e-06 0.0058667194 3.985722e-05 0.0002647123 9.915439e-06 0.0008748299 0.015748817 2.5039793e-05 0.003055714 0.0012744989 8.220171e-06 8.6993336e-05 0.1070901 0.00038908966 2.0748537e-06 0.00060984684 0.0007791714 0.017089091 5.1587604e-06 1.7926966e-06 5.6596227e-06 7.622649e-06 0.0044102585 1.7821867e-05 0.00010084852 0.0076111793 1.6112926e-05 0.00082385994 0.00021387823 6.415429e-05 5.940223e-06 0.00076509255 4.2908528e-06 0.0054475083 0.00020715836 4.506265e-05 0.00028158491 0.0027690583 5.889705e-07 1.3198405e-07 0.00011911486 0.0028313354 2.4733315e-06 0.0025930074 8.124985e-06 1.4824529e-05 2.8358062e-07 2.8185586e-05 1.5465141e-06
0.0077416217 0.3294614 0.32805103 0.19030899 0.36843735 0.19457148 0.40717492 0.91510534 1.135053e-21 0.37476397 0.29086047 0.11123356 0.7299375 0.21521999 0.07211661 0.59178066 0.29022074 0.44234264 0.64118415 0.034414537 0.32488513 0.003754435 0.0020098141 0.08374724 0.001804701 0.490967 0.20134717 0.049213644 0.35563514 0.003951088 0.17383397 0.47596738 0.0021668165 0.038023002 0.0009767185 0.25961986 0.26197162 0.22678477 0.11401338 0.0031399473 0.054953285 9.438738e-06 6.422744e-05 0.0040830337 0.018418366 5.8738738e-06 4.142649e-05 0.0714622 0.047641553 0.00014010901 0.00011737635 0.0019153617 1.1204706e-05 0.004465306 2.1663709e-05 0.00032379426 2.7266726e-06 0.0016095658 0.020804718 2.6054407e-05 0.0038334462 0.0008805867 4.9134624e-06 0.00012913282 0.15686339 0.00015366304 1.2671103e-06 0.0008285402 0.0011189444 0.02329013 5.0904146e-06 1.5391206e-06 5.800051e-06 5.943232e-06 0.0067014485 1.3797831e-05 4.2145373e-05 0.017758153 2.043067e-05 0.00039826843 0.00013838388 1.7803895e-05 5.557396e-06 0.0010887221 1.8768155e-06 0.008004616 0.00024276476 3.534196e-05 0.00021303218 0.006393121 1.4980398e-06 1.5085058e-07 8.931174e-05 0.004348908 1.3673513e-06 0.0065511526 6.3880075e-06 9.038137e-06 3.2457316e-07 2.7170956e-05 1.7802238e-06
0.0008381505 0.163081 0.13035606 0.35198054 0.8622999 0.1599889 0.13122968 0.4617642 0.37476397 1.23413506e-20 0.15614688 0.8558175 0.7326767 0.054201014 0.049238943 0.2761759 0.10625582 0.6117737 0.46601698 0.4184456 0.45461416 0.010025786 0.029854378 0.40305048 0.10373558 0.24099849 0.05943907 0.014914414 0.10882535 0.13687134 0.400848 0.43355638 0.07623533 0.18269706 0.044911776 0.12812416 0.040880304 0.07123499 0.017119545 0.0010225516 0.0051758536 0.000709243 5.123159e-05 0.0005255218 0.056719717 0.0002250182 3.9548217e-05 0.065127365 0.03539039 3.2904587e-05 0.0032044842 0.009691934 0.0005229149 0.0147012975 0.00125742 0.00044361694 0.00031259016 0.00025007807 0.014196352 0.00010002326 0.0016234418 0.0040587266 4.08258e-05 0.00013160403 0.03269712 0.0019452415 5.3854295e-05 0.00040964092 0.00040892875 0.012138673 6.188644e-05 3.941049e-05 7.169258e-05 1.5727397e-05 0.002237912 2.5316336e-05 0.0009208979 0.003561681 2.7395294e-05 0.0022077237 0.00083355705 0.00072965614 7.311876e-06 0.0011518504 4.0598203e-05 0.005124672 0.00045648377 0.00022911324 0.0014542352 0.002409892 2.0728264e-06 1.5298604e-06 0.00086238235 0.0023568026 2.2698914e-05 0.0022795624 1.31545385e-05 0.00014633084 3.0509805e-06 0.00016433994 4.670407e-06
0.02554837 0.18438965 0.24005373 0.07112663 0.121245265 0.05038587 0.80729437 0.23110941 0.29086047 0.15614688 3.324244e-19 0.0435187 0.2290781 0.33965123 0.056701094 0.81134 0.65169746 0.08357775 0.2093378 0.015089982 0.048633024 0.0015420858 0.0003322517 0.02712246 0.0003667815 0.21695624 0.37076142 0.2886087 0.42422023 0.0016780533 0.023375886 0.07008743 0.0004416726 0.0048390445 0.00026119204 0.05834418 0.35819992 0.14659433 0.17090964 0.023890546 0.09587063 6.313958e-06 0.0005600217 0.01974344 0.0007673248 5.5291976e-06 0.0005435544 0.011140305 0.017906755 0.00034826167 3.5758356e-05 0.00021795832 1.0130124e-05 0.00032358832 1.5637812e-05 0.00045239585 1.0764281e-06 0.005323099 0.0037911166 8.363491e-05 0.03160819 2.7230491e-05 2.1594773e-05 5.598134e-05 0.1155089 5.6630834e-06 2.28343e-06 0.0038872731 0.0042355424 0.004401196 3.9715173e-06 4.2264373e-06 5.011557e-06 1.4365795e-05 0.022403605 1.1980164e-05 1.1008063e-05 0.04903212 2.79984e-05 1.3654027e-05 1.2989149e-05 2.5169836e-06 3.2177624e-05 0.009527082 3.1093107e-06 0.037159916 0.0016612815 3.249555e-06 2.5155305e-05 0.014651924 4.6376583e-05 4.6063752e-07 1.4479255e-05 0.004970056 7.167563e-07 0.012390051 1.9152703e-05 7.628707e-06 1.5342391e-06 0.0005821509 4.438884e-06
0.0038535474 0.041839093 0.04226525 0.19485475 0.664028 0.0683823 0.032468237 0.13897721 0.11123356 0.8558175 0.0435187 4.315087e-20 0.56846774 0.02591442 0.008068748 0.07978923 0.025616799 0.54887855 0.27147293 0.7790204 0.40956327 0.0073625296 0.03547748 0.6104331 0.37789387 0.09269291 0.019994 0.0058691646 0.037387818 0.36927813 0.5154941 0.38854766 0.23742473 0.38538894 0.24730878 0.07317058 0.017500255 0.05746087 0.007639858 0.00046771736 0.0034275372 0.005592521 3.8744543e-05 0.000444054 0.17003365 0.0028692954 3.1083368e-05 0.090512976 0.034213368 1.8260063e-05 0.017170839 0.022234473 0.009695137 0.025290504 0.0055208444 0.00041793913 0.0023595926 0.0002531915 0.034405272 0.00013624819 0.0025351672 0.01668392 6.123531e-05 0.0001763771 0.026494468 0.010629215 0.0017575787 0.00029072128 0.0003829783 0.018626126 0.00046133107 0.00026080624 0.00043964552 1.9472152e-05 0.0018197498 1.6478776e-05 0.0024141415 0.0049418067 5.5353943e-05 0.008269109 0.0041185706 0.0027725082 4.5314086e-06 0.0016871572 0.00045799313 0.00687556 0.00031292063 0.0009931754 0.0034005377 0.0059404783 3.911832e-06 2.784067e-05 0.003966879 0.0037458534 0.00029059988 0.005291435 1.4470917e-05 0.0015780826 1.5653448e-05 0.00014090509 5.73777e-05
0.089001656 0.37125334 0.28273335 0.39974263 0.69968057 0.45621037 0.21449652 0.70624477 0.7299375 0.7326767 0.2290781 0.56846774 5.153369e-18 0.067145914 0.038659338 0.4840712 0.093496315 0.8576221 0.9126069 0.25712335 0.8132007 0.026967196 0.033739727 0.4022579 0.03632499 0.5613796 0.045687128 0.01245126 0.23015434 0.086532325 0.47927734 0.66575897 0.08814246 0.21168347 0.036043018 0.23777758 0.08261331 0.28118163 0.02837552 0.00086781837 0.018354114 0.0002045146 3.135636e-05 0.0007198128 0.030117482 0.00029705578 6.0394534e-05 0.16574612 0.054214478 0.00011359258 0.0014164009 0.0011199729 0.00047538395 0.0016787887 0.0007122193 0.00028207732 8.190307e-05 0.00028075074 0.053927686 2.0949545e-05 0.0026139703 0.0018660557 1.9872328e-05 0.0027396455 0.17340255 0.00030603702 9.850335e-05 0.0005017377 0.0002731837 0.025216984 8.32662e-05 1.883855e-05 3.4216173e-05 3.246744e-05 0.0029292319 2.3477767e-06 0.00014624183 0.008976097 0.00012686665 0.00092609535 0.00044960488 4.070062e-05 2.5019472e-06 0.0014961923 1.64233e-05 0.009885503 0.0006194836 3.750497e-05 0.00014583948 0.011833436 5.8330443e-06 7.4408176e-06 0.00037567486 0.007189152 1.7935492e-05 0.012670507 3.2364744e-05 5.525321e-05 6.503118e-06 9.839595e-05 7.977968e-06
0.04233176 0.40153712 0.37137443 0.14449857 0.1381703 0.36848906 0.52806145 0.16313891 0.21521999 0.054201014 0.33965123 0.02591442 0.067145914 3.1637638e-18 0.7938861 0.30591744 0.4839971 0.018564612 0.034375 0.007454594 0.02286273 0.008167781 0.0015074267 0.0048776763 0.00023500591 0.009901094 0.19018789 0.9493742 0.23859024 0.0011841794 0.00832002 0.0035522475 0.0033177307 0.0018429703 0.0002261207 0.0019414894 0.070556246 0.02173214 0.09858618 0.1502326 0.08523111 1.1767666e-05 0.2527511 0.22556813 6.1305545e-05 9.331781e-06 0.16552193 0.0015611699 0.0011090244 0.040623482 4.3304062e-05 1.4391053e-05 8.663258e-06 2.7873768e-05 2.4068093e-05 0.11350925 2.3351245e-06 0.07787993 0.0013418536 0.08414518 0.16019887 2.977004e-06 0.05658817 0.015248128 0.011184744 1.8787783e-06 4.01559e-06 0.050543185 0.04329677 0.001767462 7.433703e-06 2.3547298e-06 8.585321e-06 0.014476854 0.052081745 0.031997275 5.906972e-06 0.029256208 0.007091799 3.0537112e-06 1.7106927e-06 1.5178781e-06 0.034360364 0.09430789 3.393765e-06 0.022636415 0.07183348 1.5091772e-06 1.7176374e-06 0.006676232 0.011767499 1.9350932e-07 1.7800031e-06 0.006086476 8.948818e-06 0.0027411315 0.011368817 6.171461e-06 9.727102e-07 0.01485034 4.782964e-06
0.0009683342 0.38948286 0.3625191 0.25081316 0.18832916 0.67852867 0.25499335 0.056899786 0.07211661 0.049238943 0.056701094 0.008068748 0.038659338 0.7938861 2.6119975e-19 0.12609544 0.092727594 0.010762327 0.017233778 0.002465331 0.0042143567 0.39742076 0.24107091 0.0009619868 9.2828785e-05 0.0036232797 0.04222568 0.2493301 0.06635812 0.00043240676 0.0018043257 0.0007696352 0.0028988519 0.00029235918 0.00016376466 0.0017473463 0.017799525 0.009651742 0.016875394 0.016387388 0.013171228 1.481102e-05 0.49063283 0.01994009 1.3088528e-05 6.0832524e-05 0.3845478 0.00036534862 0.00041908803 0.26918337 1.604691e-05 1.0536816e-05 3.6234746e-06 3.0289732e-06 4.6196633e-06 0.0055763866 8.662604e-08 0.0030071663 0.00045748238 0.0067072404 0.009615402 8.4604227e-07 0.067071386 0.28126106 0.002092743 6.048295e-07 6.7088585e-08 0.00059509 0.00077931635 0.0003135506 9.241191e-08 3.1624604e-05 1.0257614e-06 0.0022383733 0.0013617434 0.00044244406 2.0165694e-06 0.0008792398 0.012201974 1.4495344e-06 8.53043e-07 5.6821125e-07 0.00068482134 0.011395765 4.142882e-07 0.0010127882 0.0048838626 7.454895e-08 9.96047e-07 0.0005852302 1.0132858e-05 4.8982633e-07 8.8967745e-06 0.00026530903 2.2464843e-07 0.0007731775 0.0008014355 5.1187243e-07 3.036706e-07 0.00023416051 2.7257352e-07
0.31141838 0.27043 0.30643263 0.123918705 0.27548885 0.11304702 0.6171634 0.529731 0.59178066 0.2761759 0.81134 0.07978923 0.4840712 0.30591744 0.12609544 1.1203089e-17 0.8294013 0.23008724 0.50757587 0.034546215 0.1549835 0.0069113434 0.0010381498 0.051169366 0.0030696874 0.5434519 0.692163 0.27664968 0.9114811 0.009908458 0.046227656 0.12708753 0.0037766388 0.013737673 0.0011259982 0.11693568 0.6615624 0.28192976 0.33714575 0.032252654 0.2394578 3.1499207e-05 0.0010171342 0.01257817 0.0016732981 3.5744786e-05 0.0017161975 0.028703116 0.050823648 0.00081365346 0.00019215392 0.0003044424 4.5759756e-05 0.00044472993 6.998723e-05 0.00081817084 5.648504e-06 0.004485567 0.010905622 0.00016519932 0.06587266 9.9707344e-05 3.4170847e-05 0.00031789692 0.29799098 1.20653785e-05 3.7655147e-06 0.0038144067 0.004141522 0.024833038 2.2769835e-05 1.9586694e-05 2.8214768e-05 5.417041e-05 0.04152887 3.7121932e-05 4.0264786e-05 0.14299397 0.00032888353 4.4304783e-05 5.306565e-05 5.7297234e-06 2.9470033e-05 0.010784397 1.2518077e-05 0.122791275 0.0019909234 4.069808e-06 1.9887837e-05 0.07440027 4.547576e-05 2.906273e-06 2.586561e-05 0.021625202 3.8939925e-06 0.08692734 0.00010737256 2.8705392e-05 6.1181167e-06 0.00040966086 6.3388698e-06
0.0812809 0.12957627 0.19600126 0.07013892 0.089637615 0.037079543 0.4460999 0.27084213 0.29022074 0.10625582 0.65169746 0.025616799 0.093496315 0.4839971 0.092727594 0.8294013 8.246904e-20 0.03679145 0.10306749 0.016872449 0.021999475 0.0020357308 0.0005811842 0.02702625 0.0005955945 0.11822049 0.9122379 0.7608068 0.53646594 0.005152976 0.009372698 0.023889732 0.00043646886 0.0029872581 0.0010500827 0.026098067 0.42375568 0.044221196 0.25146902 0.37030986 0.12971236 1.3614486e-05 0.010596024 0.25921682 0.00039196204 4.3374143e-06 0.007641723 0.0044107195 0.0065974765 0.00080550165 4.7130856e-05 0.00010489307 1.8294295e-05 0.00017283013 1.1900318e-05 0.008478367 2.1062478e-06 0.03944536 0.0025894365 0.0058721434 0.09961567 3.1799045e-05 0.001357066 3.7218106e-05 0.041904468 6.125216e-06 3.2400549e-06 0.01642656 0.024833957 0.008642468 5.191794e-06 1.3234712e-06 5.8155097e-06 0.00048916653 0.12997842 0.00075531227 3.2811833e-05 0.10512963 9.1541464e-05 3.8560397e-06 2.371911e-06 1.4093799e-06 0.0013203815 0.04688566 1.2051452e-05 0.087456204 0.012577666 1.7123364e-06 2.1012522e-06 0.03019569 0.00081731606 5.2236484e-08 7.5603384e-07 0.02511229 4.483261e-06 0.022205928 0.00011175675 1.5395368e-05 4.6600428e-07 0.0074797566 9.62525e-06
0.02302652 0.105120234 0.0890073 0.15411016 0.52367115 0.1354103 0.07502985 0.4067084 0.44234264 0.6117737 0.08357775 0.54887855 0.8576221 0.018564612 0.010762327 0.23008724 0.03679145 3.4446735e-20 0.7920115 0.36378577 0.9342387 0.010718201 0.017596658 0.6071228 0.035617854 0.55424345 0.026066322 0.0043523232 0.10669206 0.16750503 0.6385033 0.7725942 0.030702056 0.29691535 0.08442829 0.3555806 0.08335988 0.16892081 0.025263056 0.0004061429 0.013917309 7.450542e-05 4.3420164e-06 0.0002461695 0.079290934 6.471551e-05 8.017095e-06 0.17084576 0.09812387 6.6231714e-06 0.0030234281 0.0048317746 0.00073464075 0.007237357 0.0020588113 0.00014297219 0.00049070123 0.00013600905 0.09450346 9.261042e-06 0.0010412078 0.0065812725 2.7664807e-06 0.00038493032 0.12485714 0.0033271 9.639429e-05 0.00018120561 0.00028311223 0.06111053 4.6062483e-05 9.985251e-06 1.1397916e-05 4.5761963e-06 0.0016444797 4.1449593e-06 0.000507216 0.008716916 1.5718777e-05 0.0024336758 0.0015501644 0.00066112727 8.111555e-07 0.0007288091 6.7336387e-06 0.007925043 0.0002766122 0.00022914907 0.001148604 0.008116234 1.4311172e-06 1.782718e-06 0.001464822 0.007144452 2.7088243e-05 0.0071109473 2.3289017e-06 0.00018495307 1.4832723e-06 5.387027e-05 3.1730322e-06
0.1508677 0.20222515 0.15835819 0.16298558 0.45733732 0.15920067 0.13645254 0.55432934 0.64118415 0.46601698 0.2093378 0.27147293 0.9126069 0.034375 0.017233778 0.50757587 0.10306749 0.7920115 3.9473704e-17 0.15193404 0.7716688 0.00868376 0.0061816107 0.30538252 0.010045267 0.9094135 0.07583769 0.010840806 0.26059437 0.07241417 0.40791774 0.72310114 0.011840175 0.15210202 0.026403593 0.42525056 0.14547563 0.35790905 0.044965003 0.00078914926 0.026146827 4.0405186e-05 1.5557012e-05 0.00043240574 0.014864934 0.00021076627 0.00015536959 0.10348906 0.064909086 8.2123406e-05 0.0009206292 0.0009985284 0.00013815932 0.0021359378 0.00059975166 0.00019100527 9.776942e-05 0.00026444107 0.039071888 2.7471713e-05 0.0012858714 0.0008437122 1.1144442e-05 0.0033361574 0.23449531 0.0001902793 4.6042012e-05 0.00017979548 0.0002373271 0.038995203 7.765794e-05 2.4694016e-05 4.199496e-05 5.7014582e-05 0.0025483733 7.963769e-06 0.0001235794 0.016600303 0.0004912788 0.0003485152 0.0002315762 2.2118014e-05 4.0170034e-06 0.00067330233 1.270155e-05 0.016176302 0.0002802465 2.6776892e-05 0.00012559255 0.022187158 6.5718605e-06 7.053133e-06 0.00014509477 0.01282402 1.3879379e-05 0.0357658 4.31083e-05 6.380272e-05 5.776953e-06 3.13179e-05 1.8301713e-05
0.0025555126 0.0052574715 0.005713311 0.058399502 0.29242712 0.0062423893 0.0096114585 0.050909318 0.034414537 0.4184456 0.015089982 0.7790204 0.25712335 0.007454594 0.002465331 0.034546215 0.016872449 0.36378577 0.15193404 3.354279e-20 0.29066423 0.00061786344 0.0048589245 0.7046274 0.5572375 0.07614589 0.019130008 0.0052368697 0.023224266 0.8478399 0.5422899 0.36031327 0.16549587 0.46849218 0.5110642 0.051203802 0.013222728 0.026563684 0.005673617 0.00034584885 0.0029132548 0.0030505168 3.7928286e-05 0.0006704443 0.21656089 0.0011478502 1.5472542e-05 0.07470436 0.036670968 1.5467494e-05 0.050301954 0.05270863 0.050771993 0.049897607 0.021391893 0.00050220016 0.0134881595 0.00038357024 0.048990373 0.00032655045 0.0009370973 0.03611888 3.488228e-05 2.3604667e-05 0.015161849 0.031950977 0.009668693 0.00024343429 0.00020119765 0.022739291 0.002453105 0.00037645097 0.0014474532 5.1990253e-05 0.0021887317 1.1646853e-05 0.004985373 0.003858974 3.9632978e-05 0.017679384 0.008716755 0.005978731 1.6034572e-06 0.0025911927 0.00025016084 0.009998716 0.00036968803 0.0035623892 0.0062064053 0.003667046 1.383332e-06 1.0522315e-05 0.010135836 0.0024780335 0.00044518212 0.0034866114 3.931193e-06 0.0020181828 8.982737e-06 5.815945e-05 2.9080818e-05
0.06405227 0.0634208 0.06697162 0.101878084 0.4188041 0.10525895 0.051249966 0.25845185 0.32488513 0.45461416 0.048633024 0.40956327 0.8132007 0.02286273 0.0042143567 0.1549835 0.021999475 0.9342387 0.7716688 0.29066423 1.02081875e-19 0.006308506 0.009569163 0.60363275 0.04065032 0.5765617 0.017784594 0.0054371157 0.13012126 0.1675997 0.65675235 0.8724201 0.04291178 0.38550672 0.12858981 0.4909957 0.083299704 0.23820384 0.02358786 0.00035869938 0.01617398 9.538881e-05 3.2819455e-06 0.0002412588 0.15200041 0.0003017933 5.053995e-06 0.26844037 0.15166554 3.1429518e-06 0.0028713648 0.006548014 0.0016720451 0.00853415 0.0021644302 9.817698e-05 0.0005923605 9.440048e-05 0.16900331 8.231318e-06 0.0017330053 0.011271562 4.11075e-06 0.0009414305 0.21903841 0.006642955 0.00020416461 0.00012921475 0.00013671258 0.109471396 8.849138e-05 1.9182791e-05 4.0453386e-05 7.753476e-06 0.0017885284 1.9713684e-06 0.0005592743 0.01199377 3.855435e-05 0.00388043 0.0026029598 0.0014497127 4.3721846e-07 0.0010589305 1.6127055e-05 0.010275044 0.00019185657 0.0003509705 0.002034412 0.016136365 1.5923512e-06 7.470182e-06 0.0018852822 0.010397829 0.000107649386 0.015954135 2.9429773e-06 0.0004966547 3.881194e-06 2.3802057e-05 1.07384485e-05
1.2413927e-08 0.028967654 0.016178947 0.05476541 0.054508828 0.55053884 0.0042833653 0.0047292905 0.003754435 0.010025786 0.0015420858 0.0073625296 0.026967196 0.008167781 0.39742076 0.0069113434 0.0020357308 0.010718201 0.00868376 0.00061786344 0.006308506 8.8425615e-23 0.8847962 0.00045368096 5.666025e-05 0.0021903093 0.00089147035 0.0008656073 0.0023102937 0.0001029409 0.003918228 0.003020347 0.0026140437 0.0013850097 9.825566e-05 0.0019419228 0.00060022745 0.00083036744 0.000500992 3.1031093e-05 9.809294e-05 5.0217404e-05 2.9930612e-05 7.0546506e-05 0.00010006381 9.7603035e-05 8.013858e-05 0.00077652425 0.0007795259 8.140291e-05 3.0647992e-05 5.788957e-05 8.092783e-06 2.9734472e-05 6.296688e-06 2.3906749e-05 3.850061e-06 6.397607e-05 0.00089098676 5.1925267e-06 5.1500892e-06 4.595809e-05 1.6395625e-06 0.19903222 0.0014635334 2.9908639e-05 1.0584356e-06 0.00010832682 9.451777e-05 0.0007472338 3.893049e-06 7.2407424e-06 1.3214501e-05 2.7694992e-07 1.7813303e-05 2.6037949e-06 8.548743e-06 0.00020071355 3.2873475e-05 2.8025117e-05 2.8215494e-05 1.28521415e-05 9.263427e-06 0.0003563894 3.680671e-07 0.00018798627 0.00036775417 2.427587e-06 4.727207e-05 8.650027e-05 1.839654e-07 1.3252172e-07 5.7218418e-05 2.6981037e-05 4.7372484e-07 7.418955e-05 2.0291038e-05 1.3821116e-07 9.718728e-09 4.0438765e-05 1.6001056e-08
1.2674352e-08 0.009903721 0.005105888 0.066613264 0.10271958 0.1959504 0.00063074287 0.004120775 0.0020098141 0.029854378 0.0003322517 0.03547748 0.033739727 0.0015074267 0.24107091 0.0010381498 0.0005811842 0.017596658 0.0061816107 0.0048589245 0.009569163 0.8847962 1.107093e-23 0.0035236655 0.0022161002 0.0010633422 0.0004586818 0.00088951207 0.0016544661 0.0015013637 0.00996307 0.002834168 0.030339483 0.0030524563 0.00056789763 0.0027294047 0.0005643976 0.0014089354 0.00063275633 1.4673171e-05 9.751102e-05 0.000744786 4.648573e-07 0.0001242767 0.00040519118 0.0013130544 1.7852376e-06 0.00245575 0.001345491 3.4076456e-06 5.1479263e-05 0.00012997075 3.3429675e-05 2.4519235e-05 1.58958e-05 1.3873544e-05 7.857323e-06 7.3859446e-05 0.0013162406 1.0554028e-06 6.68774e-06 0.00016126264 7.175568e-08 0.047838975 0.0022867 6.026226e-05 4.218691e-07 4.857101e-05 7.6098324e-05 0.0013642118 2.9898472e-06 6.763515e-06 5.4555744e-06 1.753398e-08 1.273403e-05 3.232683e-07 1.1046964e-05 0.00022986412 2.775386e-06 6.466196e-05 9.0808644e-05 4.3719643e-05 3.2223934e-07 0.00022876148 3.9325334e-07 6.843022e-05 9.841677e-05 6.0381312e-06 0.00026367526 0.00015723656 3.922733e-08 1.5859382e-07 0.00027654815 4.4981243e-05 6.756417e-06 7.369712e-05 4.396591e-07 2.2416789e-06 4.2913356e-08 3.163643e-05 9.599315e-08
0.0072615785 0.011070984 0.013593211 0.075929575 0.26796305 0.012149936 0.009857953 0.10013953 0.08374724 0.40305048 0.02712246 0.6104331 0.4022579 0.0048776763 0.0009619868 0.051169366 0.02702625 0.6071228 0.30538252 0.7046274 0.60363275 0.00045368096 0.0035236655 5.206634e-21 0.17375514 0.16558097 0.021913348 0.0022845343 0.049877785 0.6223727 0.8534254 0.68516195 0.074522324 0.73197436 0.63743234 0.2603127 0.037502673 0.06498353 0.016136201 0.0006348523 0.006530792 0.0008384935 3.5939568e-06 0.00029274027 0.49732098 0.00037918286 1.4512079e-06 0.19142684 0.13289194 7.5074735e-07 0.02996845 0.06334371 0.018394884 0.06957749 0.032400507 0.00012753943 0.0057963054 0.00013294726 0.14466906 1.120366e-05 0.0013805474 0.06664732 2.2775946e-06 5.206381e-06 0.07129495 0.051959414 0.0026863485 8.349266e-05 4.772473e-05 0.09761019 0.00026766848 2.988207e-05 0.00012170618 1.5867757e-06 0.001246666 7.090966e-07 0.0023064609 0.0068284958 3.114041e-06 0.037554603 0.015897166 0.0058541945 4.1073739e-07 0.0021679937 6.417362e-05 0.012342557 0.00025407923 0.0018858234 0.011925388 0.006539632 1.1682561e-07 9.418762e-07 0.017137531 0.011694735 9.265162e-05 0.007146336 4.2086492e-07 0.0016266725 1.5774752e-06 3.51574e-05 1.5978025e-05
0.0019788623 0.0001727764 9.701865e-05 0.009621157 0.06848639 0.0004607588 0.00020430291 0.0038297758 0.001804701 0.10373558 0.0003667815 0.37789387 0.03632499 0.00023500591 9.2828785e-05 0.0030696874 0.0005955945 0.035617854 0.010045267 0.5572375 0.04065032 5.666025e-05 0.0022161002 0.17375514 1.1669284e-19 0.0016888056 0.00037538566 7.780457e-05 0.0015846586 0.50081706 0.14359897 0.017778734 0.7860865 0.09384943 0.15592137 0.0040033655 0.0018489312 0.0017430806 0.0005993983 4.605453e-05 0.00025911594 0.008625739 2.641823e-05 0.00042531558 0.032873962 0.023250096 9.048012e-06 0.022324536 0.0023579842 3.0442288e-06 0.049264014 0.016925287 0.1596241 0.0021888611 0.0032314598 0.00036649234 0.03825428 0.00012881451 0.01106529 3.3180222e-05 0.00019977873 0.016933294 2.2773633e-05 3.488625e-06 0.005120668 0.016750177 0.02607169 1.1192873e-05 5.7038076e-05 0.004138786 0.007903829 0.009086623 0.0171382 8.094868e-06 0.00043499473 2.9762489e-06 0.015070165 0.0011121383 3.188436e-06 0.010803678 0.014617401 0.0006486151 5.5873784e-06 0.0015702251 0.00040076036 0.0036095327 0.00052840414 0.004238583 0.0005159401 0.0032665853 1.7882577e-07 0.000121516445 0.006966383 0.0010423815 0.0010309535 0.0033275222 9.5315596e-07 0.0010223708 1.6333504e-05 4.9910595e-05 2.1283959e-05
0.12854804 0.05990103 0.07767232 0.06218741 0.12830858 0.02594521 0.08379685 0.4095317 0.490967 0.24099849 0.21695624 0.09269291 0.5613796 0.009901094 0.0036232797 0.5434519 0.11822049 0.55424345 0.9094135 0.07614589 0.5765617 0.0021903093 0.0010633422 0.16558097 0.0016888056 9.074096e-18 0.12361471 0.005878752 0.269987 0.034758847 0.3355901 0.7464176 0.0008312585 0.0666735 0.009899872 0.76759744 0.42768753 0.7867948 0.08478981 0.0014838922 0.042590898 1.6630876e-05 2.542633e-05 0.0005051938 0.015452923 2.8076638e-05 0.00010346805 0.061261363 0.17597982 0.00011474955 0.0012243203 0.0019189902 7.1466435e-05 0.0037817208 0.00075301545 0.00022282361 5.848728e-05 0.0004713122 0.025317298 8.7269545e-05 0.0014878237 0.00074211444 3.562085e-05 0.00013946793 0.45108643 0.00022120177 4.40564e-05 0.00046061692 0.00071591913 0.09131793 7.685171e-05 6.677403e-06 2.4029976e-05 4.4525466e-05 0.005309258 3.7891646e-06 9.6917574e-05 0.04221273 0.00020366482 0.00036483817 0.00023347771 1.5825479e-05 6.3343855e-06 0.0009953838 7.904816e-06 0.03456486 0.00031768536 2.3323479e-05 9.745552e-05 0.06405006 8.957894e-06 9.540363e-07 0.00019154923 0.04539658 1.3588231e-05 0.06354596 7.155048e-06 9.06938e-05 3.6989288e-06 7.3460156e-05 1.3753231e-05
0.15596472 0.054198757 0.09732679 0.03362973 0.034381755 0.013885135 0.16969219 0.1910299 0.20134717 0.05943907 0.37076142 0.019994 0.045687128 0.19018789 0.04222568 0.692163 0.9122379 0.026066322 0.07583769 0.019130008 0.017784594 0.00089147035 0.0004586818 0.021913348 0.00037538566 0.12361471 5.2093017e-19 0.5762844 0.84782475 0.0033691085 0.006517993 0.016620193 0.00032155155 0.0019642063 0.00036475188 0.020305462 0.7463782 0.06702162 0.5587774 0.73386204 0.3408601 2.4173885e-05 0.004023151 0.22142294 0.00019080445 3.5824713e-05 0.0032766042 0.0047043273 0.0077860802 0.00045977955 8.38503e-05 0.00010741648 1.1396936e-05 0.00019182838 2.0043819e-05 0.008234437 2.9741946e-06 0.043508053 0.0023168444 0.004903345 0.2623643 7.901131e-06 0.00066310936 3.686468e-05 0.059227064 2.4377348e-06 6.2764716e-06 0.014793848 0.020225408 0.0054033324 6.6702937e-06 5.86593e-06 9.313066e-06 0.00023658724 0.48554996 0.00077914016 2.3146875e-05 0.33420628 0.00015514069 2.5759007e-06 2.216507e-06 1.059864e-06 0.0008774055 0.0476555 1.1632233e-05 0.21442497 0.014521932 1.3530706e-06 1.9046684e-06 0.07108477 0.0007521893 4.728352e-07 7.9909705e-07 0.026340825 7.3402766e-06 0.049537152 0.00013965611 4.5554414e-05 1.4495563e-06 0.0062059085 1.5942058e-05
0.35555786 0.060606606 0.10712765 0.017364182 0.022832995 0.017997416 0.24391155 0.04156355 0.049213644 0.014914414 0.2886087 0.0058691646 0.01245126 0.9493742 0.2493301 0.27664968 0.7608068 0.0043523232 0.010840806 0.0052368697 0.0054371157 0.0008656073 0.00088951207 0.0022845343 7.780457e-05 0.005878752 0.5762844 1.5503842e-16 0.30149242 0.00048940594 0.001832136 0.0019553746 0.000529861 0.00021725419 2.5258121e-05 0.0014416219 0.15979533 0.014537139 0.25575876 0.5574454 0.21103945 6.0330116e-05 0.072591394 0.67507666 9.233135e-05 3.6825986e-05 0.03680562 0.0017446156 0.0014897631 0.01110656 8.2662145e-06 2.053266e-06 5.336647e-06 2.3263844e-06 3.2129465e-06 0.21808027 3.346422e-07 0.348622 0.0013375322 0.082059115 0.56488234 3.9538463e-06 0.034219693 0.00014639925 0.016718907 5.228725e-07 3.8682715e-06 0.18618423 0.14499946 0.0012242116 2.2199024e-06 5.7715704e-07 3.5817654e-06 0.007817213 0.22994646 0.030344905 6.2888207e-06 0.17182818 0.0026188246 8.0943147e-07 3.1358064e-07 7.1531883e-07 0.036773544 0.2908683 5.448254e-06 0.15889841 0.19436184 1.1362106e-06 7.2827333e-07 0.018953025 0.01696995 1.9727835e-07 3.2901858e-07 0.0017486057 7.7637344e-07 0.0061251195 0.0072427182 1.0058246e-06 2.6661294e-06 0.039088253 2.2468648e-06
0.73374104 0.10186966 0.14937429 0.037796576 0.07366502 0.03547833 0.31178242 0.2667187 0.35563514 0.10882535 0.42422023 0.037387818 0.23015434 0.23859024 0.06635812 0.9114811 0.53646594 0.10669206 0.26059437 0.023224266 0.13012126 0.0023102937 0.0016544661 0.049877785 0.0015846586 0.269987 0.84782475 0.30149242 9.842631e-17 0.0066836667 0.048352767 0.08894845 0.0016358953 0.019185022 0.003304746 0.08468993 0.7446083 0.30736887 0.5249106 0.24676524 0.47282678 0.00013730147 0.004062942 0.052282006 0.0034531134 0.00014238342 0.0032417537 0.041829824 0.058030818 0.0015310566 0.00017271264 0.00018467758 0.0003026695 0.00021428084 5.2907984e-05 0.007191555 1.1181585e-05 0.011627725 0.01845118 0.0030386716 0.24449684 0.00017008171 0.00035215338 0.00013299278 0.32558477 1.803898e-05 1.7111946e-05 0.0077947546 0.010847084 0.058165956 7.003082e-05 3.5034398e-05 6.950426e-05 0.00022713153 0.17848125 7.195753e-05 4.5628025e-05 0.33473063 0.00032148993 4.4403507e-05 2.6298427e-05 5.969583e-06 0.0003244545 0.046267882 0.000115435 0.2590371 0.007981599 1.5697158e-05 2.4342675e-05 0.15064715 0.00031365952 6.8258246e-06 4.736702e-05 0.044029396 1.8927276e-05 0.19737092 0.00013828573 0.00023012976 1.8476963e-05 0.0022079186 0.00011210837
0.01794961 0.0012953406 0.0007587271 0.014089159 0.082328565 0.0017202226 0.0013703632 0.008508466 0.003951088 0.13687134 0.0016780533 0.36927813 0.086532325 0.0011841794 0.00043240676 0.009908458 0.005152976 0.16750503 0.07241417 0.8478399 0.1675997 0.0001029409 0.0015013637 0.6223727 0.50081706 0.034758847 0.0033691085 0.00048940594 0.0066836667 1.2869363e-18 0.534224 0.2639244 0.2059948 0.6198362 0.90648425 0.04304898 0.0054971105 0.016962612 0.002878937 6.403228e-05 0.0013317288 0.0016719344 2.6838763e-05 0.0004403089 0.385542 0.001302395 5.5024598e-06 0.109852135 0.042258643 3.3055605e-06 0.09294441 0.1088835 0.08439041 0.07483175 0.039518993 0.00015507442 0.042148694 0.00020105128 0.10603077 3.2499316e-05 0.00043117738 0.16523992 8.2202805e-06 3.6341946e-05 0.02001722 0.13587356 0.020495499 3.6555582e-05 4.0852945e-05 0.04455157 0.0062796758 0.0005382903 0.0033444664 1.6578288e-05 0.00090500095 3.9699876e-06 0.015211286 0.0024229938 3.1746684e-05 0.07386601 0.04453929 0.020305593 5.400684e-07 0.0009629267 0.00065639004 0.0056581553 0.00011389684 0.012020541 0.02995483 0.008479899 4.0820927e-07 2.111631e-05 0.03947762 0.004554986 0.002664033 0.005627095 2.3486703e-06 0.010282792 1.5820033e-05 1.0626651e-05 0.00023654054
0.06914889 0.021344436 0.02491466 0.06399378 0.31139994 0.025940785 0.011825684 0.15954563 0.17383397 0.400848 0.023375886 0.5154941 0.47927734 0.00832002 0.0018043257 0.046227656 0.009372698 0.6385033 0.40791774 0.5422899 0.65675235 0.003918228 0.00996307 0.8534254 0.14359897 0.3355901 0.006517993 0.001832136 0.048352767 0.534224 3.332103e-19 0.86943793 0.07003539 0.89357924 0.7064368 0.46601036 0.04349992 0.1399389 0.011570486 0.00023398595 0.00716136 0.0007349211 1.7335384e-05 0.00058717985 0.6120347 0.0004672559 9.886073e-06 0.41233885 0.20157814 3.7286081e-06 0.03212551 0.06882995 0.021592682 0.05751458 0.02263513 0.00014489787 0.008809853 0.00014823391 0.33328074 1.1642576e-05 0.0013010295 0.11824552 6.5605454e-06 0.00015916621 0.20503789 0.053412158 0.005496956 0.00014940252 0.00012033485 0.22185089 0.0009712382 6.21113e-05 0.00044027992 3.0418173e-06 0.00094330386 2.9884104e-06 0.0027127047 0.01395689 3.1275013e-05 0.05070824 0.026187725 0.0112908 4.4825921e-07 0.0012582813 9.120381e-05 0.012768939 0.0002604041 0.0020336788 0.0168485 0.02279453 3.818626e-07 7.996586e-06 0.01690048 0.029590657 0.00086552097 0.01958041 1.3774396e-06 0.0031144305 1.39206195e-05 1.847011e-05 0.00016361919
