8.2945174e-19 0.93656206 0.9890163 0.9266955 0.98343056 0.87511754 0.9578065 0.91325694 0.9393968 0.9601125 0.98514074 0.96409684 0.91219795 0.9050722 0.98061997 0.922318 0.9180553 0.99344224 0.89249396 0.8145663 0.82903624 0.9735868 0.9591088 0.908994 0.89955276 0.9689123 0.62220865 0.9886029 0.9810309 0.8706139 0.61888665 0.9500153 0.7284166 0.52513754 0.8267925 0.93186575 0.7161203 0.71241003 0.5535937 0.7987033 0.2168854 0.994888 0.7263313 0.087263465 0.9990347 0.6087272 0.9715505 0.9421156 0.95626223 0.07137819 0.65164447 0.7278595 0.32918206 0.6241083 0.03737396 0.6647343 0.6203116 0.10948871 0.93164915 0.5585854 0.36807743 0.32696304 0.03631423 0.16219302 0.08739918 0.243737 0.858368 0.8910206 0.00732094 0.95180714 0.0021704887 0.9992295 0.49290675 0.11520859 0.98117554 0.99360013 0.034688942 0.9955052 0.22893356 0.6185173 0.027853612 0.9482368 0.026290309 0.9822298 0.0045515876 0.0042867227 0.9196653 0.017837139 0.006665474 0.00049561687 0.0009914616 0.77554446 0.28821853 0.9895118 0.021048017 0.11389547 0.00023008081 0.00088910875 0.0012061076 0.99999624 0.000743425
0.93656206 9.826012e-17 0.23117343 0.968735 0.20719329 0.7423024 0.07086949 0.71427435 0.9502048 0.4456504 0.07193281 0.021464178 0.7465156 0.02725366 0.030068299 0.0021003208 0.25431094 0.052716978 0.029767787 0.00018558277 5.415879e-05 0.006147357 2.5038735e-06 0.00053733174 2.4392964e-05 0.012250981 0.032043982 0.0011610069 4.6885006e-07 0.3322456 0.45112094 8.631679e-08 4.111548e-05 0.0020973296 3.6000456e-06 2.2453555e-07 1.3561879e-06 6.3963036e-08 6.8677186e-06 0.002270736 0.18269835 0.005454558 1.0501668e-06 0.111299865 0.058122262 7.646449e-06 3.911004e-06 0.0017754631 0.0012286257 0.03143843 2.6773838e-08 0.0005358201 1.9403406e-06 0.0005493908 0.0035873414 1.01134034e-07 0.0003668534 0.004879873 0.017821724 0.013655193 8.043554e-08 5.769246e-06 0.022278043 0.022094043 0.0011464444 1.3522559e-07 6.7591594e-05 3.985763e-07 0.0012132308 0.0044607287 0.0008737406 0.03823097 5.423287e-08 0.0011272155 2.1464353e-09 0.0032037264 0.015003897 3.4238143e-05 0.00037769144 5.535758e-09 0.0003731166 0.0010661123 0.051582772 0.0015712467 0.0006658387 0.0026233876 2.8142033e-08 7.660832e-07 1.1736023e-06 0.0005706447 1.0086121e-06 0.00090714823 1.4625697e-05 0.0017385882 0.00010763778 2.6352228e-07 7.473649e-05 5.3650806e-06 2.9043915e-06 0.012050034 0.0022147472
0.9890163 0.23117343 1.1060254e-15 0.35362098 0.8914751 0.5226269 0.801294 0.0020410633 0.07935166 0.38349336 0.24958122 0.20103994 0.52058053 0.9356915 0.00050080195 0.042020265 0.0014055875 0.0013582079 6.222252e-05 0.00073091255 0.00017458179 0.0168158 1.3050787e-05 0.00105097 4.4358683e-05 0.570988 0.90852773 0.009120385 7.819506e-06 0.05856595 0.27730075 8.7466424e-07 0.00020413152 0.00034389427 2.2022605e-05 6.774689e-06 1.7413349e-06 1.04606016e-07 0.00011919191 0.00019434946 0.73746526 0.0078827785 2.5147353e-06 0.18173002 0.047610633 0.00020773266 1.1553075e-05 0.0029834262 0.0032733465 0.7237968 4.6095018e-08 5.605472e-06 3.1604828e-05 0.03509516 0.33683905 3.6990963e-07 1.5406862e-06 0.3754677 0.0022840782 0.00030889208 7.332878e-07 0.00017700241 0.29245785 0.0008122955 0.08404261 1.1980375e-06 7.882173e-08 6.3336816e-09 0.19711575 0.00053403253 0.038978428 0.008363986 2.7748766e-07 7.925791e-05 7.6385626e-10 0.0008559389 0.0013087362 0.00015440723 0.018706175 8.9314744e-10 4.4039225e-05 0.0037861124 0.053033944 0.0029462676 4.069868e-05 0.00053066155 4.781755e-08 9.86755e-05 3.6905836e-05 0.00026421697 4.658932e-05 1.0565051e-05 4.1172058e-07 7.883365e-05 2.4907424e-05 1.8372739e-06 0.0023690874 0.00079013646 5.260481e-05 0.0068073277 0.0027681752
0.9266955 0.968735 0.35362098 6.705594e-16 0.33443457 0.9514831 0.10986001 0.64097774 0.7068697 0.6272418 0.10209462 0.028921535 0.39865896 0.021382883 0.06557492 0.0016368395 0.13815129 0.12704124 0.04677954 0.00014977543 4.8866605e-05 0.007226246 1.9728936e-06 0.00035839473 2.0098754e-05 0.0127240345 0.012866879 0.0002723323 2.8994003e-07 0.23715267 0.29505458 2.4739895e-08 2.5920182e-05 0.005691734 3.210925e-06 2.3917784e-07 1.923589e-06 5.241123e-08 1.36701965e-05 0.0028949385 0.062442105 0.00823665 2.2705312e-06 0.043073222 0.09768224 8.182059e-06 7.950678e-06 0.001811107 0.0013486745 0.008207381 4.027049e-08 0.00034629292 7.352572e-06 0.00023712912 0.0011162051 2.6038657e-07 0.00042756146 0.000567048 0.029061828 0.0078077815 5.987027e-07 7.365928e-06 0.003972185 0.007535654 0.00047374927 7.527579e-08 4.037353e-05 2.7417468e-06 0.0002171788 0.004722985 0.00028702262 0.06454213 3.574824e-08 0.00096404727 1.437987e-09 0.008204347 0.0042739008 0.00030116306 0.00048272376 2.1414055e-09 0.0003220174 0.0029559517 0.010521739 0.003483489 0.00022604674 0.0007328264 3.7136274e-07 8.8961247e-07 1.4929766e-06 0.00010232886 4.896867e-07 0.0008318603 2.291251e-05 0.006149515 0.00026487443 1.6850288e-06 5.4871296e-05 1.385066e-05 2.4401468e-06 0.042833462 0.00044083514
0.98343056 0.20719329 0.8914751 0.33443457 3.2980166e-15 0.5675264 0.93100375 0.0014644699 0.039759673 0.5135039 0.4550127 0.43091235 0.33441213 0.9155493 0.0003104493 0.2044997 0.0008157388 0.0012508621 4.833802e-05 0.0064948816 0.0022878987 0.047850553 8.266456e-05 0.0053916355 0.00038600684 0.6384215 0.81689477 0.019119993 3.1278083e-05 0.029724857 0.112227954 5.4933103e-06 0.0014684412 0.00041307215 7.7263765e-05 2.4781066e-05 2.3192591e-05 6.279516e-07 0.00034239268 0.00015655516 0.52571046 0.023205755 3.3778575e-05 0.07991023 0.0928248 0.0012687143 0.00011878102 0.010907472 0.009244661 0.64218426 2.948471e-07 7.18473e-06 9.569513e-05 0.047828253 0.2906381 1.9869456e-06 3.8477892e-06 0.39337063 0.0029086242 6.070948e-05 2.1557396e-06 0.00039859614 0.13187206 0.0003225925 0.1006031 4.04064e-06 2.0372183e-07 8.019882e-09 0.12863867 0.00061973475 0.023209358 0.009154078 5.0410463e-06 2.278945e-05 2.1835339e-08 0.00090443966 0.0003884664 0.000799882 0.015286443 2.2451639e-08 7.5662074e-06 0.00615959 0.01807388 0.0057911887 1.316847e-05 0.00012377957 4.0290402e-07 0.00010735208 0.00014810998 8.6349035e-05 7.6918725e-05 1.0091302e-05 3.0397916e-07 0.00018053774 1.31212855e-05 2.588914e-06 0.00050743856 0.00059833855 7.481122e-05 0.013085852 0.0009929567
0.87511754 0.7423024 0.5226269 0.9514831 0.5675264 2.4101115e-15 0.5369967 0.20150974 0.080810726 0.97034574 0.69327605 0.24761096 0.03672092 0.01323542 0.010307756 0.018658064 0.0031678833 0.06497926 0.002709717 0.00061336544 0.0003555704 0.043994553 6.2411214e-05 0.015826501 0.00024183928 0.005540782 0.0085750185 0.0048650475 1.0208396e-05 0.0024154657 0.009915326 1.2407443e-06 0.0001286954 0.0026380743 2.2885739e-05 8.288152e-06 1.6120059e-05 2.249387e-07 2.9697605e-05 0.0016204835 0.010504781 0.022331728 4.658219e-06 0.00080791506 0.16364568 3.4432083e-05 0.00026446377 0.014312937 0.0066208 0.0032676996 7.726224e-08 0.00032034318 6.2023137e-06 0.00026041304 0.0005319683 2.1936661e-07 0.00021304478 0.0014639987 0.013298942 0.00031557496 5.983088e-07 2.7733238e-05 0.0003641742 0.00010470568 0.0004562594 8.4216936e-07 5.304075e-05 5.612359e-07 0.00017935962 0.002966655 0.0004251927 0.026629807 3.344275e-07 4.6527646e-05 2.7583296e-08 0.005714344 0.00057633565 0.001647587 0.0018926574 7.833115e-09 3.511689e-05 0.0049317926 0.002713891 0.0064384383 1.7073751e-05 8.63861e-05 8.913118e-07 1.7347083e-06 9.999559e-07 0.00019564059 9.2471896e-07 0.00040317563 1.2972474e-05 0.002195166 7.5634443e-06 4.7163317e-07 7.804394e-05 1.0683942e-05 8.133086e-06 0.045155052 0.00031223797
0.9578065 0.07086949 0.801294 0.10986001 0.93100375 0.5369967 5.2269683e-15 0.00050313084 0.0023364958 0.4497018 0.5185115 0.93240947 0.014546583 0.80889857 0.0001243298 0.9229123 0.00023806609 0.000494781 2.2607186e-05 0.120231494 0.05035203 0.23156592 0.0031833453 0.24212487 0.013849203 0.5424313 0.35112265 0.26664212 0.0028406486 0.00052767096 0.002009777 0.00012991064 0.019453797 0.00013276229 0.0016289379 0.00046414902 0.00043299334 3.5032797e-05 0.001333225 0.00024069576 0.045453943 0.09545173 0.00023279693 0.0008464632 0.14177844 0.0054348004 0.0021600532 0.06939236 0.058092214 0.23917116 1.0894632e-05 2.6163916e-05 0.00038544732 0.052938715 0.11552577 1.4553832e-05 8.977659e-06 0.36369643 0.0029639925 3.5376877e-06 2.111734e-05 0.00037894645 0.0018423238 1.3475213e-05 0.10790248 7.4896134e-06 1.1363093e-06 2.9417973e-09 0.019393206 0.0016106684 0.0022200542 0.005983303 2.5598298e-05 1.3582667e-06 2.4252836e-07 0.001214244 1.5838012e-05 0.005607477 0.01619151 4.905814e-07 2.882981e-07 0.013980842 0.0008051329 0.016816178 6.146308e-07 1.4343268e-06 6.099418e-07 0.00040711643 0.00012568984 1.2174674e-05 8.5130065e-05 2.613399e-05 3.0023807e-07 0.00030281764 5.513672e-07 1.1602092e-06 6.7585665e-05 0.00028861078 0.00011393303 0.015401706 8.006532e-05
0.91325694 0.71427435 0.0020410633 0.64097774 0.0014644699 0.20150974 0.00050313084 6.456309e-17 0.67331594 0.08899497 0.012446037 0.0010522727 0.08993955 0.002105507 0.8804949 4.0471405e-05 0.95437056 0.73089594 0.943133 1.671351e-05 5.1367865e-06 0.0012828546 4.9186025e-07 1.8581717e-05 9.1250956e-07 0.00033960733 0.00053105265 1.3206679e-05 2.4756464e-08 0.279099 0.06334667 3.2655603e-08 4.9065767e-07 0.12209125 3.7082725e-07 6.4096405e-08 2.8021773e-07 1.9024643e-08 7.022731e-07 0.05582815 0.0033549382 0.0019030734 3.6240883e-07 0.004503868 0.039946314 2.8753888e-07 1.08422356e-07 0.00043725857 0.00024981707 0.0004584736 1.7235656e-08 0.0049407654 5.763785e-08 6.828846e-06 5.86135e-06 2.360319e-08 0.008910467 8.368058e-06 0.124959625 0.28671765 5.386358e-09 1.1021371e-05 0.00013095827 0.13812606 9.875396e-06 5.0095064e-08 0.0014605417 8.9606925e-05 1.3318684e-06 0.02578995 8.011023e-05 0.14724123 7.706208e-08 0.08685292 1.0200809e-08 0.022607323 0.03976923 6.291556e-06 0.00020129533 9.698465e-10 0.019436399 0.00052384275 0.007830954 0.00045019525 0.005141531 0.0052904105 1.3803056e-07 7.1595144e-07 5.028905e-07 0.0002782871 1.1634219e-07 0.008469704 0.0017120116 0.014284564 0.003976805 3.3233167e-07 1.1935223e-05 4.6734413e-06 2.4198741e-06 0.023688866 0.00024048467
0.9393968 0.9502048 0.07935166 0.7068697 0.039759673 0.080810726 0.0023364958 0.67331594 7.6365546e-17 0.04157931 0.007537717 0.0016852958 0.97004753 0.007658441 0.08842452 2.5397372e-05 0.7868484 0.009771136 0.037487805 1.4738371e-05 4.260093e-06 0.00039315026 3.5302915e-07 6.4802553e-06 1.5687946e-06 0.0015302456 0.008801104 1.1835161e-05 7.365429e-08 0.5979855 0.61887914 1.5198669e-08 5.0346534e-07 0.000464747 2.8686318e-07 1.036772e-07 1.4963369e-07 1.0737417e-08 4.7261972e-07 0.0019089775 0.09764189 0.00099969 1.9252619e-07 0.06424969 0.0077464813 3.9160034e-07 3.907762e-07 8.528137e-05 5.9108803e-05 0.010084463 3.0898175e-09 0.00049072085 2.3067213e-07 4.3641783e-05 0.0008658835 9.5277155e-09 0.00044046977 0.00053169724 0.008254707 0.07077485 1.6358031e-08 1.4456908e-06 0.012450287 0.0631387 0.00010021708 2.4991353e-08 0.00025062507 8.6053e-07 0.00027321468 0.0038066388 0.0005737147 0.027100742 1.5154734e-07 0.011924586 7.929638e-09 0.0012329416 0.028938105 5.729073e-06 0.00019505376 6.338334e-09 0.00062625826 0.0001723556 0.08151922 0.0001870945 0.0020137338 0.0065759206 3.986742e-08 4.8846096e-07 4.0232388e-07 0.0008005883 3.579049e-07 0.00074035255 2.0315203e-05 0.0014797127 0.00023715402 9.29477e-08 5.8270543e-05 5.679525e-06 8.595007e-07 0.0049322653 0.0017290713
0.9601125 0.4456504 0.38349336 0.6272418 0.5135039 0.97034574 0.4497018 0.08899497 0.04157931 2.346238e-16 0.978351 0.12359337 0.022004636 0.0074607492 0.07336796 0.006625879 0.0042305645 0.27278075 0.008533837 0.00062221347 0.00047057742 0.061752506 2.8736427e-05 0.005259239 7.045822e-05 0.003961352 0.0027525069 0.0072757266 2.8584932e-06 0.00307015 0.003557634 2.4821912e-07 1.3524379e-05 0.008615299 3.5321223e-06 7.749758e-06 2.150721e-06 1.0528598e-07 1.7810712e-06 0.0064660446 0.0022305048 0.029423561 2.3570462e-06 0.00020612315 0.46569332 1.0288721e-06 5.46945e-05 0.011576429 0.0072048246 0.00044439928 8.907717e-08 0.0005918312 5.99989e-06 8.3054525e-05 8.978502e-05 2.6337804e-07 0.0002628297 0.0003560013 0.06661317 0.00034023623 4.1101245e-07 8.482575e-07 3.9450686e-05 0.00028699852 0.00022919737 1.9058466e-07 7.106015e-05 3.8248277e-06 1.5876816e-05 0.0073331795 7.463172e-05 0.08323659 1.0037897e-07 6.174561e-05 2.4002007e-09 0.019417154 0.00028432382 0.0024952942 0.0005175831 2.7656297e-09 0.00011581752 0.015444936 0.0023049659 0.0142204845 1.8643326e-05 8.478678e-05 7.9799963e-07 1.5797981e-06 1.8733874e-06 0.00012602784 2.537707e-06 0.00073940883 1.740879e-05 0.0068175695 2.3515604e-05 1.1105606e-06 4.3603057e-05 6.791887e-07 4.0386217e-06 0.26002768 0.0006255342
0.98514074 0.07193281 0.24958122 0.10209462 0.4550127 0.69327605 0.5185115 0.012446037 0.007537717 0.978351 1.6213222e-15 0.7716949 0.00519732 0.0064638313 0.0096013 0.07067253 0.00083835435 0.09980475 0.0010290355 0.0036411763 0.0024437148 0.44288513 0.00012910992 0.061706513 0.00050200406 0.00805004 0.002399042 0.029181907 5.77915e-05 0.00027201825 0.0007237898 2.7181075e-06 0.00018183609 0.0020053256 2.21505e-05 3.2097905e-05 5.7966445e-06 1.4484944e-07 9.83792e-06 0.0025653935 0.00088938314 0.21495707 2.8042746e-06 6.4748536e-05 0.8457842 1.2319666e-05 0.00046071596 0.0657108 0.029157573 0.000599026 2.361733e-08 0.000469197 8.711359e-06 0.0002561355 0.00022582717 2.0447648e-07 0.000113759634 0.00131311 0.043327533 9.05771e-05 5.1628723e-07 4.8242255e-06 3.7395e-05 0.00013716824 0.00040253904 5.0064284e-07 2.7325104e-05 3.5749727e-07 4.9317172e-05 0.0052700187 0.00021475197 0.06908533 2.5511742e-06 1.3598914e-05 9.9476495e-08 0.016425408 0.00016964157 0.0036774648 0.00068302307 6.279662e-08 1.0956962e-05 0.033386063 0.0031778796 0.02373624 4.273248e-06 6.4955224e-05 4.5254077e-07 9.396195e-06 2.02833e-05 0.0001343945 1.3885018e-05 0.00035680228 1.1966199e-05 0.0036016342 2.8934076e-06 2.3281068e-06 7.6592834e-05 1.0871071e-05 5.4183845e-05 0.30742714 0.0012105689
0.96409684 0.021464178 0.20103994 0.028921535 0.43091235 0.24761096 0.93240947 0.0010522727 0.0016852958 0.12359337 0.7716949 2.104303e-15 0.0023892901 0.03617124 0.0006600034 0.7163725 8.1775615e-05 0.00594128 3.0700325e-05 0.17347503 0.085973926 0.9293686 0.012495786 0.7212199 0.018637555 0.04415671 0.008784512 0.17771468 0.007405273 2.026464e-05 9.1283335e-05 0.00051042397 0.005423992 0.00015186789 0.0024590718 0.0011610773 0.0004943534 2.0328363e-05 0.0005027354 0.00015740222 0.00029958584 0.26841745 0.00024351975 4.4904077e-06 0.3092859 0.00044902018 0.012731852 0.12631191 0.09449707 0.0013117075 3.7012226e-06 7.023542e-05 8.565084e-05 0.003630071 0.0011163453 3.1947152e-06 2.9790287e-06 0.009265438 0.0063083367 1.1672244e-06 8.460337e-06 5.1230465e-05 1.0435314e-05 3.0613535e-06 0.00172712 9.413904e-07 2.4003532e-06 2.974149e-08 0.00020157694 0.0011942795 6.70186e-05 0.028086752 8.304922e-07 3.9439687e-06 4.5560605e-06 0.004279148 2.1867431e-06 0.010808598 0.008195148 1.2375283e-07 6.22308e-06 0.02968318 7.739185e-05 0.026506536 1.9946042e-06 8.270335e-07 5.2189785e-06 0.00016356334 6.153551e-05 2.1912065e-06 1.3844109e-05 6.8805284e-06 1.8410676e-06 0.00027073946 9.249774e-07 3.3030017e-06 3.396846e-05 2.8601498e-05 5.894803e-05 0.11707599 6.474791e-05
0.91219795 0.7465156 0.52058053 0.39865896 0.33441213 0.03672092 0.014546583 0.08993955 0.97004753 0.022004636 0.00519732 0.0023892901 1.9383972e-15 0.034928642 0.0088984 0.0006793721 0.36952552 0.0014689685 0.0028689138 0.00019058786 7.0611255e-05 0.0013860174 6.444756e-06 7.173294e-05 3.102642e-05 0.0076798126 0.14395894 0.0002029972 1.5554274e-06 0.60052747 0.9743801 2.6618167e-07 1.4760396e-05 0.00019822577 5.5722394e-06 1.3777706e-06 1.5415724e-06 9.90813e-08 8.071448e-06 0.00052289845 0.83389145 0.0011150753 2.4975989e-06 0.51166975 0.0048327544 9.029926e-06 9.697671e-06 0.00043256412 0.0005194572 0.28045404 2.8824186e-08 0.0003234498 1.9430424e-06 0.0015518174 0.018071441 2.9712106e-07 0.00014340521 0.006277663 0.0022288547 0.015001395 6.553185e-08 1.44941205e-05 0.18605813 0.03072322 0.0010962962 4.393946e-07 7.5031436e-05 5.430904e-07 0.006618155 0.001638459 0.00595693 0.011049584 1.161652e-06 0.0005285128 9.991308e-08 0.0007574037 0.015592541 2.5025685e-05 0.0006515472 1.2350228e-07 2.843782e-05 0.0005436716 0.20992653 0.0010347719 0.0004710839 0.0054156673 2.3147778e-07 2.4129776e-07 6.084888e-07 0.0027716514 5.248819e-07 5.769859e-05 2.0559612e-05 0.00041025496 9.115697e-06 3.78611e-07 0.0008734495 0.00012214408 1.0019634e-06 0.0026962815 0.012696209
0.9050722 0.02725366 0.9356915 0.021382883 0.9155493 0.01323542 0.80889857 0.002105507 0.007658441 0.0074607492 0.0064638313 0.03617124 0.034928642 1.5542585e-14 0.0007576031 0.31601954 0.0003909304 0.00016032769 0.0001599709 0.028801478 0.021708786 0.0066335546 0.0009684464 0.0013480412 0.00063985283 0.8240383 0.9227178 0.03840059 0.00015611683 0.0010080069 0.009086198 5.6033263e-05 0.007576064 7.064136e-05 0.000816419 5.238378e-05 0.00014951723 1.8062616e-05 0.002462719 7.926713e-05 0.110561304 0.0020158417 0.0002310895 0.0020263598 0.0059204088 0.01452421 9.379475e-05 0.0013723164 0.002184585 0.69052297 6.43312e-06 7.054038e-05 0.00063324015 0.4417833 0.49846908 2.0043359e-05 8.174801e-05 0.83727926 0.0008600022 2.8890801e-05 4.1790805e-05 0.001879041 0.00529684 0.0002087421 0.42074445 0.00018368043 4.612204e-05 4.419599e-09 0.104010865 0.00054869935 0.014312888 0.0036009266 1.292341e-06 3.5301066e-05 3.918807e-08 0.00047756513 0.00013094865 8.929479e-05 0.28232586 6.9094874e-08 5.756652e-07 0.0006914144 0.005915082 0.00056450063 8.156073e-07 5.3346146e-05 1.9426642e-08 0.00043755517 0.00066524686 0.00010634015 0.0007407268 9.52613e-06 6.2815557e-06 0.00023212231 1.3794109e-07 1.2372827e-07 0.0028736824 0.00374445 0.0020690437 0.001063464 0.0011302376
0.98061997 0.030068299 0.00050080195 0.06557492 0.0003104493 0.010307756 0.0001243298 0.8804949 0.08842452 0.07336796 0.0096013 0.0006600034 0.0088984 0.0007576031 1.3822537e-15 6.031139e-06 0.45048526 0.96341705 0.9583789 1.7050013e-05 2.4681572e-06 0.000875145 1.426073e-07 6.6099897e-06 1.5037581e-06 0.001055874 7.4182055e-05 5.6044505e-06 1.759475e-08 0.26331198 0.021338556 8.747042e-09 1.2135616e-06 0.6830664 2.3998987e-07 2.9496869e-08 3.5748513e-08 2.1782913e-09 3.765854e-07 0.42369908 0.00012886524 0.0022059593 6.9027294e-08 0.00060743425 0.0834949 2.5635163e-07 1.7558879e-08 0.00033583108 4.7821544e-05 0.00020626966 2.699761e-09 0.020536287 1.6651651e-07 3.813928e-05 2.75089e-06 3.2547516e-09 0.005200161 2.5814747e-05 0.35370904 0.22446543 1.0963761e-08 8.843687e-07 5.793646e-05 0.11991599 1.1936212e-05 1.5878989e-08 0.0013907496 0.0025700536 3.675522e-07 0.09700812 1.2387881e-05 0.37672135 3.7813865e-07 0.21585475 2.8564697e-09 0.060354706 0.057098225 1.533967e-06 0.0006155658 9.517943e-09 0.019336032 0.0006784158 0.0012892365 0.0002978364 0.008415826 0.0080161365 1.1041954e-08 1.2376715e-06 7.4360463e-07 4.6195557e-05 2.005641e-06 0.011372168 0.0029044333 0.032468982 0.0071252915 1.1795992e-07 2.4440783e-06 4.8000055e-07 5.23463e-06 0.083310165 7.2796094e-05
0.922318 0.0021003208 0.042020265 0.0016368395 0.2044997 0.018658064 0.9229123 4.0471405e-05 2.5397372e-05 0.006625879 0.07067253 0.7163725 0.0006793721 0.31601954 6.031139e-06 1.9496664e-18 6.5132726e-06 2.1364878e-05 2.0023729e-06 0.97390896 0.7805122 0.34976232 0.27902955 0.5909625 0.16855729 0.6718837 0.01716844 0.56343037 0.060469557 9.96477e-06 5.3595268e-06 0.0022757775 0.58969325 4.9264094e-07 0.17271128 0.016754452 0.010341776 0.00077517796 0.08816502 3.0134809e-06 0.00026489212 0.050401572 0.0064078253 2.0466034e-06 0.025754534 0.108745106 0.018159358 0.06716991 0.10489291 0.004221211 0.000252439 1.3486776e-06 0.012240745 0.13860434 0.006322958 0.00029399703 1.7595129e-07 0.21008715 0.00043198944 4.229223e-08 0.0022130222 0.0042749383 6.504371e-06 4.6845142e-07 0.096646324 0.00034370835 2.055666e-06 4.9724136e-10 0.0007504629 0.00050609984 8.715459e-05 0.0009863684 3.9992304e-07 1.205295e-06 1.2241975e-08 0.0003364209 6.682987e-07 0.007191411 0.13329169 9.00268e-09 2.11166e-08 0.004313018 2.23801e-05 0.0025847116 3.5867643e-07 2.6781564e-07 1.4674667e-05 0.007453595 0.0019407267 1.088762e-07 0.0006886128 7.547719e-05 9.493743e-08 0.00045387293 7.042366e-08 2.4573264e-05 1.2983935e-05 0.00030546842 0.002074277 0.0062035914 2.5549361e-06
0.9180553 0.25431094 0.0014055875 0.13815129 0.0008157388 0.0031678833 0.00023806609 0.95437056 0.7868484 0.0042305645 0.00083835435 8.1775615e-05 0.36952552 0.0003909304 0.45048526 6.5132726e-06 8.720292e-16 0.03953616 0.7509451 9.073658e-06 1.4512909e-06 0.000108256085 4.919321e-07 6.923392e-06 4.8178713e-06 7.0579816e-05 0.00018969335 3.1931797e-06 1.7298834e-07 0.9482141 0.22011273 6.1528375e-08 1.0054918e-06 0.005773308 4.2193264e-07 5.986861e-07 3.6345682e-07 3.3493386e-08 1.0466084e-06 0.013390701 0.003144865 0.00027386425 2.9921534e-07 0.014965085 0.0032184653 1.3797878e-06 1.3952093e-05 3.6007892e-05 5.307491e-05 0.00015984464 2.5522402e-08 0.010262284 1.0009429e-07 4.3413456e-06 8.636011e-06 4.074326e-07 0.0041790768 2.0710738e-06 0.022145309 0.89883035 1.2919034e-08 3.056227e-05 0.0004439407 0.7588168 1.9098795e-06 1.046352e-06 0.0027407643 0.00023708596 2.3460823e-06 0.015399394 2.1014657e-05 0.061070487 3.8672778e-07 0.44952962 1.1135995e-07 0.002650728 0.23898825 5.4598268e-06 0.0002521546 6.698424e-08 0.21997052 3.928272e-05 0.01942445 5.3506024e-05 0.0629359 0.09139424 2.066006e-06 8.722873e-08 2.1471827e-07 0.0006191006 6.8426786e-08 0.0030572298 0.019212587 0.00942615 0.019483522 1.4552555e-07 1.2573402e-05 1.7324945e-06 1.9830242e-07 0.0022530286 0.00036786924
0.99344224 0.052716978 0.0013582079 0.12704124 0.0012508621 0.06497926 0.000494781 0.73089594 0.009771136 0.27278075 0.09980475 0.00594128 0.0014689685 0.00016032769 0.96341705 2.1364878e-05 0.03953616 1.4254891e-15 0.29985142 1.315962e-05 6.222504e-06 0.010180971 5.56033e-07 9.6488926e-05 2.0931402e-06 0.00015871738 1.2736666e-05 0.00012975068 1.4194515e-07 0.0032204874 0.00065889244 2.584503e-08 2.5962472e-06 0.6708581 7.6312057e-07 2.4452916e-07 1.5141023e-07 6.0719607e-09 1.5173541e-06 0.62703884 3.201124e-05 0.038831204 8.033454e-07 2.6452315e-05 0.57288647 7.6220044e-07 3.3823602e-07 0.0034218852 0.001768699 1.6416958e-05 4.963187e-09 0.019088537 6.296163e-07 4.962506e-05 4.0658333e-07 3.7142524e-08 0.0020374032 2.4593473e-05 0.81987953 0.005599862 7.197143e-08 2.1105027e-06 3.1960894e-06 0.0018585253 2.4802108e-05 1.846435e-07 0.00045200041 9.824826e-05 1.5909137e-06 0.03451568 2.5228775e-05 0.52762383 2.6489727e-07 0.0046014166 5.2660516e-09 0.2674875 0.0023472563 2.3659568e-05 0.003468226 1.9276897e-08 0.0022454404 0.009509298 0.0012833526 0.0068993415 0.0015161111 0.00096936635 2.1907804e-06 3.121153e-06 1.3206414e-05 1.8010738e-05 2.8705351e-06 0.007730946 0.00019334859 0.024154408 0.00083340995 6.808963e-07 1.182353e-05 2.343752e-06 8.075857e-05 0.54622066 0.00011392476
0.89249396 0.029767787 6.222252e-05 0.04677954 4.833802e-05 0.002709717 2.2607186e-05 0.943133 0.037487805 0.008533837 0.0010290355 3.0700325e-05 0.0028689138 0.0001599709 0.9583789 2.0023729e-06 0.7509451 0.29985142 3.150698e-17 8.038297e-07 1.3545004e-07 8.719892e-05 5.892495e-08 5.3138973e-07 6.314407e-07 0.00016404259 2.921628e-05 1.8266122e-07 8.4232195e-09 0.26649705 0.011939441 4.0049857e-09 1.13242e-06 0.69314414 2.0140006e-07 1.7280358e-08 1.1484888e-07 1.5865447e-09 2.5169916e-07 0.30610132 0.00014761966 0.00021093577 8.714873e-08 0.0006223609 0.010990813 1.3284198e-07 9.8104955e-08 3.194223e-05 1.06292555e-05 2.4695946e-05 2.5332805e-09 0.22190797 1.0998766e-07 2.0531877e-06 5.105011e-07 7.490424e-09 0.28458747 1.5652232e-06 0.13207476 0.8076532 2.3618714e-09 3.5071355e-06 1.25473125e-05 0.38043997 1.8477006e-06 1.8063709e-08 0.013656516 0.016581919 1.4083079e-06 0.11760185 5.318869e-06 0.11350622 1.1964733e-08 0.65591025 3.417345e-09 0.027667854 0.09022098 3.1423957e-07 0.00021686296 2.742527e-09 0.3281952 0.000110353554 0.0019327735 0.00012377698 0.045088053 0.014673914 3.915144e-09 4.3137703e-07 1.5261946e-07 5.0275143e-05 7.033889e-06 0.01683483 0.06134978 0.026719801 0.22534768 1.6809496e-07 6.5378354e-06 6.90216e-07 8.402469e-06 0.010280327 3.988292e-05
0.8145663 0.00018558277 0.00073091255 0.00014977543 0.0064948816 0.00061336544 0.120231494 1.671351e-05 1.4738371e-05 0.00062221347 0.0036411763 0.17347503 0.00019058786 0.028801478 1.7050013e-05 0.97390896 9.073658e-06 1.315962e-05 8.038297e-07 5.0053864e-17 0.9914641 0.092935905 0.37336975 0.3381838 0.3249238 0.40979344 0.003479173 0.3549 0.08808115 1.5456038e-05 1.551847e-05 0.027242428 0.64783186 5.813923e-06 0.22691683 0.10575994 0.07237539 0.022092419 0.16947965 5.501809e-06 5.176559e-05 0.02153016 0.038397852 8.092676e-06 0.006645205 0.20676391 0.051015012 0.02497147 0.04812882 0.0005117448 0.009443732 1.839997e-06 0.0459705 0.08916476 0.0010580301 0.008421238 4.1366957e-07 0.028078852 0.00025970276 8.113451e-07 0.01502044 0.021215934 5.996161e-06 5.7170387e-06 0.019764988 0.0039940686 5.1758157e-06 1.6084276e-09 0.00016355052 0.00022979027 4.7384503e-05 0.00030496603 0.000375315 2.4665148e-06 8.913304e-07 0.00023052645 6.842928e-06 0.009852041 0.09202087 2.2582697e-06 3.2490345e-08 0.0067224726 3.168797e-05 0.007906012 1.5865593e-06 1.1846652e-06 0.00021576877 0.0140224965 0.008868732 7.879181e-08 0.001156732 6.0580364e-06 2.2828496e-07 0.00015992514 1.8166526e-07 0.00034800055 2.3712798e-06 0.00011642816 0.0026485813 0.0018615967 1.089711e-06
0.82903624 5.415879e-05 0.00017458179 4.8866605e-05 0.0022878987 0.0003555704 0.05035203 5.1367865e-06 4.260093e-06 0.00047057742 0.0024437148 0.085973926 7.0611255e-05 0.021708786 2.4681572e-06 0.7805122 1.4512909e-06 6.222504e-06 1.3545004e-07 0.9914641 2.060368e-16 0.08885849 0.5137474 0.34098327 0.3727689 0.45731977 0.0025721292 0.33298174 0.10057546 1.9819797e-06 6.1059923e-06 0.037191287 0.8110686 1.2262411e-06 0.33795455 0.12460493 0.114119254 0.03543413 0.24730322 1.9241668e-06 2.1698239e-05 0.02258315 0.056359686 3.5625894e-06 0.0061604157 0.2654967 0.058405686 0.02053366 0.04635986 0.00042432992 0.00750167 1.7942599e-06 0.07567083 0.10389884 0.0004652545 0.0064104353 1.5063007e-07 0.021485217 0.00013522181 1.14376256e-07 0.01826792 0.018924372 2.8446948e-06 1.7933498e-06 0.01950654 0.002933445 1.1501643e-06 1.1644258e-10 2.994246e-05 9.662789e-05 7.639839e-06 0.00020096733 0.00048843847 7.87811e-07 3.3952165e-07 0.0001338043 1.0547589e-06 0.0061576576 0.124757856 6.7866426e-07 6.595566e-09 0.00430962 7.1676277e-06 0.0059447284 1.6205976e-07 1.6545403e-07 9.824019e-05 0.016259745 0.0074054077 4.4708424e-09 0.0010913735 1.5956895e-06 7.550587e-08 3.0975538e-05 4.3721286e-08 0.000217414 2.9206473e-07 1.538665e-05 0.0025619534 0.0021605652 1.1888066e-07
0.9735868 0.006147357 0.0168158 0.007226246 0.047850553 0.043994553 0.23156592 0.0012828546 0.00039315026 0.061752506 0.44288513 0.9293686 0.0013860174 0.0066335546 0.000875145 0.34976232 0.000108256085 0.010180971 8.719892e-05 0.092935905 0.08885849 1.7973277e-13 0.021917302 0.932473 0.048612155 0.03682889 0.0010331882 0.85882455 0.03085942 2.5511074e-05 7.4782125e-05 0.006968075 0.0059164353 0.00093918236 0.006926252 0.01492241 0.0021472883 0.0010636973 0.0011255338 0.0014883913 9.2836926e-05 0.88363594 0.0005681834 9.704831e-06 0.7718286 0.00036017096 0.023395738 0.5512969 0.3238661 0.00029881258 0.00019663759 0.00024493027 0.0007173762 0.002374917 0.00027222067 0.00013882446 6.9144546e-05 0.0020797143 0.028210754 5.1164407e-05 0.00015010402 0.00016295424 5.786636e-06 1.26013e-05 0.0016561435 3.107027e-05 3.7746368e-06 7.621471e-08 4.094734e-05 0.0033316948 1.1178377e-05 0.04249271 1.5706459e-05 9.50515e-06 3.1242726e-05 0.00884802 9.552166e-06 0.0071268613 0.0013419722 3.5691864e-06 3.625068e-06 0.05963689 5.2741838e-05 0.037160434 2.2557729e-06 8.839915e-06 0.00011919144 0.00037200894 0.00023309328 4.946578e-07 0.00014710728 9.2655515e-05 9.55066e-07 0.0012719721 6.6452894e-06 0.00023420563 5.142423e-06 3.334107e-05 0.00010509203 0.3490827 3.739397e-05
0.9591088 2.5038735e-06 1.3050787e-05 1.9728936e-06 8.266456e-05 6.2411214e-05 0.0031833453 4.9186025e-07 3.5302915e-07 2.8736427e-05 0.00012910992 0.012495786 6.444756e-06 0.0009684464 1.426073e-07 0.27902955 4.919321e-07 5.56033e-07 5.892495e-08 0.37336975 0.5137474 0.021917302 1.0365928e-13 0.28410164 0.8892547 0.13500966 0.00045474444 0.40259483 0.46272027 5.9157804e-07 1.1774611e-06 0.8782554 0.78342384 4.15495e-07 0.89865345 0.48822314 0.6495557 0.6110054 0.58306426 5.9335616e-07 7.1172567e-06 0.006862177 0.5915066 2.6809178e-06 0.0008939444 0.3414934 0.16498663 0.026226975 0.04408228 7.065814e-05 0.44797295 1.6102243e-06 0.49236107 0.08924678 3.3830253e-05 0.41290647 6.7498246e-07 0.0040708506 1.8560499e-05 3.2053258e-08 0.351914 0.22552036 1.1187991e-06 1.9178893e-07 0.004226444 0.16091225 2.8561186e-07 6.1836374e-08 2.8071188e-06 1.9223284e-05 2.490385e-06 6.552783e-05 0.0017425752 1.6767804e-07 4.8385277e-06 0.0001310186 3.8104304e-07 0.01124994 0.1773026 1.0520651e-05 8.216354e-08 0.016021756 8.423e-06 0.009607276 2.354659e-07 6.274667e-07 0.02647878 0.030529972 0.02650105 8.15904e-08 0.0006102652 6.332546e-07 3.12762e-07 2.558236e-05 1.8205967e-07 0.028323626 7.696734e-06 6.2060353e-06 0.0015915831 0.00066941214 3.1679708e-06
0.908994 0.00053733174 0.00105097 0.00035839473 0.0053916355 0.015826501 0.24212487 1.8581717e-05 6.4802553e-06 0.005259239 0.061706513 0.7212199 7.173294e-05 0.0013480412 6.6099897e-06 0.5909625 6.923392e-06 9.6488926e-05 5.3138973e-07 0.3381838 0.34098327 0.932473 0.28410164 1.4601673e-16 0.39773968 0.0072156577 0.0002006921 0.9399791 0.22660008 2.0728858e-06 1.7954101e-06 0.083892465 0.05938721 8.155237e-06 0.03308355 0.10667937 0.036395334 0.019611241 0.005220646 1.8424852e-06 2.2926797e-06 0.3216502 0.0069427458 1.1800915e-06 0.080257274 0.0012417305 0.7930255 0.5669312 0.6554125 7.4136606e-06 0.0020465872 2.9012576e-06 0.002318545 0.0006042714 1.8930498e-06 0.0008253344 1.1888475e-07 0.0008898498 0.0012240278 6.828504e-07 0.00056521874 0.00011605978 4.189535e-07 1.1085616e-06 0.0001161519 2.5455274e-05 4.389726e-08 3.3864123e-10 1.8269928e-06 1.8936591e-05 1.0818651e-06 0.0066525536 0.0023701044 9.682981e-07 7.327886e-05 0.0014205817 6.2044165e-07 0.058083877 0.0009104148 9.461269e-06 2.621929e-07 0.057877548 2.54165e-06 0.028954143 3.2112786e-07 5.1523415e-07 5.7680492e-05 0.0005880373 0.00031246405 6.924118e-08 9.802626e-05 2.090129e-07 3.297448e-07 4.555083e-06 3.3920318e-07 0.00012788485 1.1060357e-06 1.778025e-06 3.2979486e-05 0.043549307 1.9895859e-07
0.89955276 2.4392964e-05 4.4358683e-05 2.0098754e-05 0.00038600684 0.00024183928 0.013849203 9.1250956e-07 1.5687946e-06 7.045822e-05 0.00050200406 0.018637555 3.102642e-05 0.00063985283 1.5037581e-06 0.16855729 4.8178713e-06 2.0931402e-06 6.314407e-07 0.3249238 0.3727689 0.048612155 0.8892547 0.39773968 5.9608243e-13 0.035885453 0.00030924813 0.35323268 0.9161896 2.747099e-06 6.53884e-06 0.85395795 0.12873985 2.2431266e-06 0.40323454 0.895103 0.5411086 0.4713787 0.1011239 2.5055979e-06 2.7562905e-05 0.019627666 0.25079638 6.6041575e-05 0.002038754 0.02556142 0.43005046 0.10913403 0.11022953 4.3597523e-05 0.1752184 1.3698919e-05 0.094295256 0.012898926 5.4860415e-05 0.0908831 1.04566025e-05 0.0008383252 4.7026246e-05 3.6687905e-07 0.06131214 0.033740193 6.9964604e-05 1.0174709e-05 0.00073400704 0.03946211 5.4396555e-06 2.464119e-06 7.2600897e-06 6.394843e-05 2.9444613e-05 0.00012326101 0.007017701 6.623569e-06 0.00017440888 0.00014787316 1.6910675e-06 0.04867869 0.004221597 0.00011029653 5.275645e-08 0.03262861 1.5955359e-06 0.016175052 3.6707053e-07 1.2727917e-06 0.024951624 0.009097456 0.010815666 1.1555598e-07 0.00045438652 6.4012687e-07 7.2831544e-06 2.335199e-05 1.9392824e-06 0.009986019 1.6534258e-06 1.1767212e-06 0.00015130367 0.0024739555 2.6853725e-06
0.9689123 0.012250981 0.570988 0.0127240345 0.6384215 0.005540782 0.5424313 0.00033960733 0.0015302456 0.003961352 0.00805004 0.04415671 0.0076798126 0.8240383 0.001055874 0.6718837 7.0579816e-05 0.00015871738 0.00016404259 0.40979344 0.45731977 0.03682889 0.13500966 0.0072156577 0.035885453 1.069118e-14 0.32737917 0.38910794 0.05116135 0.00012749602 0.0005222496 0.014590932 0.17236619 3.792333e-05 0.034803934 0.0072143613 0.0050626975 0.001131753 0.058331344 5.78211e-05 0.0029678424 0.011131845 0.010636111 0.00028630497 0.0032363727 0.53645146 0.00028795944 0.003104027 0.015529575 0.085756965 0.0006435433 2.274171e-05 0.0065998607 0.9764752 0.13125621 0.000643285 1.5097381e-05 0.8420457 0.0011919361 8.471205e-06 0.0037971882 0.12265118 0.00031151227 3.857605e-05 0.5490766 0.0045106835 9.4555005e-05 2.3796039e-07 0.018923054 0.0007362217 0.0005841443 0.008576352 6.3019565e-06 2.0993054e-06 1.519864e-06 0.0005909392 5.5734563e-06 0.0019407849 0.53751075 4.133608e-07 1.4526395e-08 0.011754343 0.00015650813 0.008704803 1.6147216e-07 2.7878568e-06 6.290218e-06 0.024132242 0.01293267 2.546314e-07 0.0044876123 2.1722402e-05 5.893307e-07 0.00065968785 1.500962e-07 1.7891654e-05 0.00014237866 0.0017717191 0.015648704 0.0066229883 1.1769036e-05
0.62220865 0.032043982 0.90852773 0.012866879 0.81689477 0.0085750185 0.35112265 0.00053105265 0.008801104 0.0027525069 0.002399042 0.008784512 0.14395894 0.9227178 7.4182055e-05 0.01716844 0.00018969335 1.2736666e-05 2.921628e-05 0.003479173 0.0025721292 0.0010331882 0.00045474444 0.0002006921 0.00030924813 0.32737917 3.6322874e-17 0.0025864318 3.961567e-05 0.00083689607 0.0053288 2.3726201e-05 0.00042496953 8.02124e-06 0.00010244173 2.8044178e-05 4.5436787e-05 2.909043e-06 8.5346466e-05 7.054902e-06 0.42406684 0.00036448013 4.996984e-05 0.010411448 0.0008129488 0.00063941366 5.752917e-06 0.00012295939 0.00092374417 0.9420697 7.8718625e-07 4.9924756e-06 1.1776514e-05 0.10163151 0.86579406 1.4210084e-06 1.43160405e-05 0.7966131 0.00025119528 3.2578275e-06 7.987762e-07 0.00026366042 0.065499194 7.9472185e-05 0.48556998 7.5157864e-06 0.00017052364 2.8997611e-08 0.551498 0.00011191033 0.17023854 0.0002673636 6.613876e-07 3.3960587e-05 1.01801916e-07 7.577107e-05 1.8532783e-05 0.00024166613 0.041140255 2.712787e-07 1.831017e-08 0.0010256867 0.004951683 0.0005087459 1.7088192e-08 5.061853e-06 1.6693404e-07 7.4529335e-06 8.7783644e-07 0.00032613156 1.2334291e-05 1.9824929e-05 2.6168456e-07 9.2122464e-05 6.4923974e-08 2.429638e-09 0.013362323 0.031113904 4.7327823e-05 0.0018965681 0.0025143016
0.9886029 0.0011610069 0.009120385 0.0002723323 0.019119993 0.0048650475 0.26664212 1.3206679e-05 1.1835161e-05 0.0072757266 0.029181907 0.17771468 0.0002029972 0.03840059 5.6044505e-06 0.56343037 3.1931797e-06 0.00012975068 1.8266122e-07 0.3549 0.33298174 0.85882455 0.40259483 0.9399791 0.35323268 0.38910794 0.0025864318 3.424971e-14 0.3011166 6.5936138e-06 2.6241469e-06 0.18868239 0.1560329 1.265255e-05 0.091288306 0.13608623 0.057375293 0.03775756 0.043983124 8.03709e-06 7.946546e-06 0.75752926 0.022628052 2.056628e-05 0.20595503 0.044820454 0.23810753 0.72819424 0.7912714 0.00011570073 0.010268897 2.207351e-07 0.014007509 0.02408922 4.2967764e-05 0.006015042 3.9117943e-08 0.0037443626 0.0020890073 1.1911077e-06 0.0046374993 0.012708299 2.9435796e-05 3.3612596e-07 0.0010678447 0.0017364257 5.570754e-09 2.965673e-09 2.526165e-06 3.462013e-05 7.0538867e-06 0.008387338 0.00032694344 3.1650686e-06 0.00065862417 0.0010811129 8.6526927e-07 0.02907375 0.0031459716 5.83647e-05 9.192788e-07 0.20296738 4.6442906e-06 0.09851658 4.045211e-07 6.3458407e-07 0.0010891123 0.0003589165 0.0027879274 1.3892078e-07 7.8436264e-05 6.422563e-08 2.4024155e-07 2.054448e-05 4.4775547e-07 0.00033497988 1.1432306e-05 3.4863072e-06 0.00013148763 0.13492486 2.3521466e-06
0.9810309 4.6885006e-07 7.819506e-06 2.8994003e-07 3.1278083e-05 1.0208396e-05 0.0028406486 2.4756464e-08 7.365429e-08 2.8584932e-06 5.77915e-05 0.007405273 1.5554274e-06 0.00015611683 1.759475e-08 0.060469557 1.7298834e-07 1.4194515e-07 8.4232195e-09 0.08808115 0.10057546 0.03085942 0.46272027 0.22660008 0.9161896 0.05116135 3.961567e-05 0.3011166 2.5491637e-13 8.536779e-07 1.0323063e-06 0.4992256 0.042320654 9.2792526e-08 0.14027604 0.96869075 0.15446348 0.09094283 0.040517103 2.2875296e-08 8.115888e-07 0.038039282 0.096406065 1.111024e-05 0.00088942 0.021251129 0.8342974 0.12697153 0.15090664 1.3673456e-05 0.04033687 1.8882318e-08 0.03525988 0.01713213 8.839341e-06 0.048406266 9.016274e-09 0.00016996918 1.2472473e-05 1.3167861e-06 0.030909698 0.038494386 2.4251656e-05 1.4946149e-06 7.870287e-05 0.04105217 2.228001e-09 1.0996765e-08 1.3455679e-07 2.0384223e-06 1.7975209e-06 8.495213e-05 0.0047182986 2.4973286e-05 0.004304906 1.8350509e-05 3.6691475e-07 0.058956705 7.3609954e-05 0.00028708117 2.8862202e-08 0.099322006 8.350969e-07 0.0586176 2.5210385e-08 1.9298021e-07 0.054859173 0.0024559372 0.0045060874 2.0468473e-08 0.00011680417 7.0367627e-09 7.2296365e-07 1.0975316e-07 1.4862692e-07 0.009448452 3.47661e-07 1.60798e-07 2.4428977e-05 0.0039999345 3.5844903e-07
0.8706139 0.3322456 0.05856595 0.23715267 0.029724857 0.0024154657 0.00052767096 0.279099 0.5979855 0.00307015 0.00027201825 2.026464e-05 0.60052747 0.0010080069 0.26331198 9.96477e-06 0.9482141 0.0032204874 0.26649705 1.5456038e-05 1.9819797e-06 2.5511074e-05 5.9157804e-07 2.0728858e-06 2.747099e-06 0.00012749602 0.00083689607 6.5936138e-06 8.536779e-07 3.9727078e-15 0.9758382 1.3269612e-07 9.0579266e-07 0.00044094998 4.4900406e-07 8.6019367e-07 9.263638e-08 3.7578484e-08 8.4607564e-08 0.0019438553 0.05808611 9.268026e-05 3.208337e-07 0.32915854 0.00058560254 2.513787e-07 3.6080528e-05 2.7911517e-05 2.6045216e-05 0.00046107007 4.4253284e-08 0.0030876028 8.901365e-08 1.080955e-05 2.256912e-05 9.0872355e-08 0.0011693112 2.0796735e-06 0.005450806 0.699938 8.193704e-09 6.96426e-07 0.0147275515 0.8837459 4.7007798e-06 8.937107e-08 0.0019521761 8.564284e-05 2.3977507e-05 0.004567797 7.876127e-05 0.0417792 8.86698e-07 0.43397534 3.3472392e-07 0.00042564244 0.76965004 3.0584633e-05 0.00026062474 1.6443471e-07 0.0019895453 6.0887774e-05 0.42683664 0.00022405332 0.20990166 0.4368517 9.3445955e-08 7.4025643e-09 2.2488967e-08 0.008025668 1.7750718e-08 0.00079752726 0.00013394437 0.004130769 0.0011264842 2.9340152e-08 3.8225837e-05 1.6958527e-06 9.846244e-08 0.0033076624 0.00842654
0.61888665 0.45112094 0.27730075 0.29505458 0.112227954 0.009915326 0.002009777 0.06334667 0.61887914 0.003557634 0.0007237898 9.1283335e-05 0.9743801 0.009086198 0.021338556 5.3595268e-06 0.22011273 0.00065889244 0.011939441 1.551847e-05 6.1059923e-06 7.4782125e-05 1.1774611e-06 1.7954101e-06 6.53884e-06 0.0005222496 0.0053288 2.6241469e-06 1.0323063e-06 0.9758382 1.6571643e-15 9.114245e-08 5.948366e-07 0.000115743205 3.4513056e-07 3.8918206e-06 1.5792492e-07 1.5655305e-08 2.743333e-07 0.00039724348 0.56616485 9.943643e-05 8.4541404e-07 0.9635643 0.0012586869 6.4631627e-07 2.6934492e-06 1.5997739e-05 7.752046e-05 0.0069989404 1.9828963e-08 0.00017407305 3.1617395e-07 2.661982e-05 0.00021895731 7.5142815e-08 0.00025751395 1.36132e-05 0.001954584 0.027255252 5.338688e-08 2.0816776e-06 0.07475168 0.10100886 1.6695856e-05 2.517244e-07 0.0002562875 1.1886304e-06 0.00043197052 0.0015114855 0.0018351314 0.0070363786 8.8311346e-08 0.0016232142 1.3677719e-07 0.00029152754 0.116367914 4.8250102e-05 7.781578e-05 2.4778338e-08 1.939561e-05 0.00022669895 0.2604215 0.00038065968 0.0021261491 0.02113238 1.5275516e-07 1.2499824e-07 3.0892787e-07 0.0072437194 1.0900316e-07 0.00012254767 1.283339e-05 0.0005774093 1.7110739e-05 1.05084766e-07 0.00042028516 5.4620923e-06 8.2184854e-08 0.009462483 0.0127883395
