7.0688525e-26 0.01896894 0.118489094 0.021046093 0.0033019234 0.023942662 0.10560884 0.07629678 0.1612559 0.0013922943 0.0022124418 0.00029401164 0.011941082 0.20382732 0.009465472 0.0036768564 0.071747124 0.7870801 0.14977203 0.0008112298 0.021119868 0.24793684 0.49026674 0.39907116 0.004952663 0.6301072 0.00047924527 0.0014277284 0.017863005 0.04151273 0.093906924 0.00044255567 0.00023116356 0.07026915 1.4017711e-05 0.35184592 0.7377553 0.81150985 0.4385255 0.043808065 0.013950577 0.7323026 5.8384153e-06 0.09020532 0.9538912 0.0120207025 0.00014058469 0.0020973086 0.9007302 0.03970516 0.07307025 4.7503232e-05 0.6425545 0.00074537046 0.18365553 7.453138e-10 1.4196336e-06 8.5362034e-10 0.8542663 0.075212784 5.714921e-05 0.28524214 9.237517e-06 0.0041815606 2.3035622e-09 0.62662166 4.1913255e-09 0.98371935 0.9911756 0.81205916 0.045288455 2.3507898e-08 0.9987872 0.004535337 0.6540903 0.97395796 0.009939288 0.00117244 4.771335e-07 0.8553718 0.99963295 0.0051851957 0.99619603 2.8193393e-08 1.598255e-05 9.23221e-05 0.6370183 0.8512859 0.03581163 1.0621314e-08 9.749515e-08 0.0057814484 3.0243696e-06 3.087913e-10 0.9879993 0.9975457 5.1270148e-11 0.99936545 0.99735755 3.0326066e-06 2.9184277e-11
0.01896894 9.2143065e-21 0.68608385 0.80451876 0.4921933 0.42842588 0.6529877 0.40318644 0.24407536 0.33173355 0.17870131 0.42351532 0.06603225 0.46451637 0.30586994 0.28553057 0.044426493 0.31101152 0.09994362 0.31945008 0.061424736 0.23386437 0.04242067 0.1558755 0.06822122 0.09107606 0.17497778 0.0453285 0.026903573 0.016602559 0.011007791 0.07503815 0.06868889 0.021363348 0.09129927 0.107569605 0.072217114 0.021255987 0.018426426 0.00072765176 0.00031273026 0.01144793 0.06758003 0.001301259 0.16353619 5.246382e-05 0.03418423 0.0015856359 0.06392233 0.00066373 0.00081806467 0.0009547213 0.00071446935 3.166749e-05 0.00021425243 0.0021982926 0.00043928256 0.0041832775 0.0011064984 1.6195318e-05 5.5352125e-06 0.00016390168 8.284334e-06 1.12229945e-05 0.00012526922 6.782534e-05 7.850077e-05 0.025325412 0.08080268 0.007578232 1.1232909e-05 2.3292505e-06 0.056444835 2.7630176e-05 0.001201118 0.006696832 6.5087274e-06 2.7334106e-06 1.570353e-06 0.00093385833 0.0048348443 1.4255848e-05 0.0009496402 6.0513266e-06 1.1336974e-06 1.4311971e-05 0.00017635306 0.00028387544 1.9200052e-05 2.3150087e-06 2.4186743e-06 1.278326e-05 1.1418351e-06 1.8413619e-05 0.0018230518 5.977083e-05 3.828242e-05 0.0045384993 0.0024211402 1.7716048e-06 0.00043807583
0.118489094 0.68608385 1.543067e-17 0.64838976 0.3210094 0.26553488 0.45016435 0.6567412 0.20086369 0.20219961 0.09655841 0.2666041 0.045248732 0.47320238 0.35483646 0.26778996 0.024510685 0.6131562 0.2875572 0.25591815 0.13344903 0.12554987 0.1983878 0.14745636 0.12852499 0.1413159 0.2267069 0.010938072 0.07546213 0.047458448 0.004194865 0.15092655 0.11380893 0.009454054 0.082486674 0.2358905 0.08131252 0.009430268 0.06332342 0.00026596285 0.000120065466 0.026311178 0.093696184 0.0001715357 0.31100175 1.7720891e-05 0.009975791 0.009483818 0.07211886 0.0025945061 0.0023657857 0.00015580194 0.0004082506 1.4659548e-05 5.8450034e-05 0.0024307114 0.0022800418 0.0045121093 0.004410383 1.527972e-06 8.120135e-06 3.175383e-05 1.3855786e-05 1.36144345e-05 3.8870745e-05 1.069789e-05 2.2850472e-05 0.0611418 0.23900627 0.031342097 6.9062594e-06 2.4397696e-06 0.22155237 0.00046555477 0.004050347 0.02844307 5.126025e-06 1.8407288e-06 9.475287e-07 0.00020980905 0.014226527 0.00022066764 0.00027609168 5.5333703e-06 5.662033e-07 0.00026396613 0.0010041025 7.980005e-05 4.610731e-05 1.4581165e-06 3.7393092e-06 0.00021949962 1.2658035e-06 2.2047147e-05 0.005013156 2.6095338e-05 0.000190012 0.0054140124 0.002100375 3.161625e-05 0.0012145092
0.021046093 0.80451876 0.64838976 8.0077e-20 0.34776905 0.22415665 0.4594731 0.3525995 0.13104801 0.42734927 0.123617075 0.64540577 0.034025826 0.32426423 0.54002845 0.56056094 0.015793292 0.3257995 0.15916403 0.5393839 0.10505977 0.084477924 0.06057878 0.10079641 0.12685627 0.0631749 0.4694494 0.02221204 0.04225995 0.02416645 0.0040476616 0.21731523 0.20772894 0.008048125 0.2753794 0.111156896 0.031099511 0.008395284 0.020313002 0.00019556821 3.769124e-05 0.013064804 0.25795493 0.0002099698 0.15837342 5.689267e-06 0.028127588 0.0042126672 0.02769134 0.0013723798 0.0013961715 0.0001275662 0.0003352637 8.404352e-06 5.3658e-05 0.0054686833 0.0027790878 0.016385404 0.0020827174 5.815229e-07 3.1140235e-06 1.1772571e-05 4.5985425e-06 6.7579053e-06 0.00014831833 6.3136386e-06 6.7516026e-05 0.011904962 0.05664825 0.0051122634 2.115393e-06 1.3833808e-06 0.047354136 0.00017264232 0.0019131128 0.0047191987 9.1409646e-07 4.401617e-07 1.2844599e-06 0.00028267514 0.003933363 8.1885424e-05 0.00028628012 6.7775973e-06 5.001776e-07 8.7082815e-05 0.000294029 1.9323787e-05 3.3974356e-05 2.2230251e-06 1.6108633e-06 5.7411144e-05 5.5637037e-07 1.1652964e-05 0.002295466 6.710369e-06 8.1934784e-05 0.004808274 0.0014118466 8.225668e-06 0.00069887016
0.0033019234 0.4921933 0.3210094 0.34776905 2.728025e-23 0.7662147 0.5359883 0.2590302 0.6481236 0.5549232 0.6006127 0.34657428 0.5131564 0.3948628 0.18786773 0.14217232 0.54032034 0.12750669 0.124080725 0.23560192 0.08773836 0.49066964 0.03302164 0.1495263 0.04768772 0.07558268 0.055637706 0.23959477 0.021058206 0.01765901 0.06490821 0.017267883 0.018690113 0.10448702 0.03831065 0.06588402 0.10344278 0.14735496 0.018535268 0.009788601 0.01366613 0.008261432 0.015291836 0.01716325 0.06453875 0.00059798977 0.10002999 0.0005408382 0.0784221 0.00033560616 0.0006827597 0.008957318 0.0066379523 0.00040838413 0.0025907925 0.0009622763 7.143624e-05 0.002080857 0.0007798933 0.0003157381 1.7640394e-05 0.0030829879 2.0795853e-05 0.00026031226 0.00024137016 0.0015533923 0.00015369836 0.026604595 0.032710467 0.0038731205 5.638765e-05 1.8395424e-06 0.022534896 8.002643e-06 0.000627095 0.0056106765 8.3725885e-05 2.6618678e-05 1.8092082e-05 0.0033675968 0.009128418 3.8674916e-05 0.0032800885 1.4413515e-06 1.0301642e-06 3.7921145e-06 0.00048794702 0.000599426 2.2419663e-05 3.073715e-07 2.2446586e-06 3.2885466e-06 9.1551766e-07 4.4283515e-06 0.0015471383 0.0005480396 1.980947e-05 0.0025504874 0.0012997973 8.2221817e-07 0.00013727607
0.023942662 0.42842588 0.26553488 0.22415665 0.7662147 5.104546e-21 0.71715254 0.22520688 0.8663117 0.31098318 0.40149826 0.18538074 0.2980199 0.46926457 0.16342516 0.10478204 0.43873337 0.32361034 0.051676933 0.19813529 0.029582618 0.6198375 0.021957584 0.23207282 0.020328315 0.11773221 0.054169293 0.17469904 0.0100378515 0.0064907456 0.05620461 0.014476632 0.015469872 0.07400518 0.028132204 0.051599383 0.18972151 0.2746011 0.012387451 0.008580643 0.0064710383 0.008098899 0.0209052 0.016761355 0.13973679 0.0007185943 0.070679426 0.0015973127 0.13948795 0.00024739216 0.00049798127 0.008103264 0.007951165 0.0007060984 0.0023459313 0.003066814 0.0002631417 0.004079984 0.00053674733 0.0005404691 8.675697e-05 0.0028388274 5.0191593e-05 0.00044823467 0.00031991268 0.0015335049 0.00028212438 0.053409282 0.07865967 0.0044248104 0.00022487619 3.3331132e-06 0.05598939 8.0050395e-06 0.0006059109 0.007403081 0.00022731702 9.2437425e-05 1.9531202e-05 0.003969723 0.017875174 1.0655409e-05 0.0031401536 7.933848e-06 2.3695527e-06 9.175906e-06 0.00034127905 0.0031569279 2.2077593e-05 2.1361852e-06 4.824552e-06 4.3769014e-06 5.2012097e-06 1.4532405e-05 0.001151028 0.0005132551 4.1905023e-05 0.0037232216 0.0021207149 1.2400676e-06 0.00028960445
0.10560884 0.6529877 0.45016435 0.4594731 0.5359883 0.71715254 1.4783982e-18 0.49667734 0.49481598 0.18954748 0.15264867 0.18304598 0.099073574 0.8198387 0.22760119 0.17500316 0.11609906 0.3986553 0.063831374 0.11931451 0.067365125 0.4017765 0.033025518 0.47509134 0.05465429 0.19040342 0.096024215 0.02246512 0.020129718 0.01218574 0.024597904 0.0457445 0.04220498 0.04827603 0.03969129 0.0798644 0.17284748 0.036700197 0.018685918 0.0029947616 0.0033902584 0.011412655 0.03265325 0.0029867624 0.22792654 0.0005766383 0.011253228 0.0014252809 0.11057353 0.00088155386 0.0005808121 0.002551441 0.0018098562 0.00045448472 0.0005057228 0.00273194 0.00025466605 0.004092975 0.00081178325 9.9151504e-05 0.00016182881 0.00079025066 0.00010029635 0.00019928001 0.00014209462 0.00034835716 6.93219e-05 0.06510417 0.13296998 0.011373962 0.0003479684 1.405849e-05 0.12939106 0.00014082716 0.0013859526 0.010745616 0.000155281 7.5896045e-05 3.0295007e-05 0.0034562368 0.022523452 0.00010795957 0.002723096 2.6254098e-05 9.183347e-06 5.8682886e-05 0.00060288503 0.0019341673 5.166981e-05 2.8822691e-05 5.2697847e-05 8.369491e-05 2.5271904e-05 0.00012855041 0.0021678137 0.0002527722 0.00062846206 0.003956508 0.0018751064 1.4096887e-05 0.0022426916
0.07629678 0.40318644 0.6567412 0.3525995 0.2590302 0.22520688 0.49667734 4.4582702e-18 0.11597984 0.093482636 0.06762782 0.14751165 0.03779783 0.6503697 0.31636658 0.20579654 0.027909787 0.76408917 0.35999426 0.07205194 0.20297404 0.10827055 0.25708038 0.09924294 0.15354353 0.16189715 0.11324257 0.007090473 0.1000908 0.0695655 0.0045921626 0.08890319 0.057119805 0.010802317 0.028993329 0.32335404 0.059695214 0.0045737335 0.12575841 0.00035605294 0.00017129262 0.073166326 0.022256281 0.00029048903 0.31044927 1.5077452e-05 0.0010209156 0.004982079 0.08825104 0.0012174589 0.0028169288 0.00011047781 0.000656227 5.3901954e-06 7.700159e-05 0.00029663678 0.0014634201 0.0010342299 0.0043400726 4.4402727e-06 4.1939543e-06 5.1131286e-05 1.1176478e-05 1.6431619e-05 2.824702e-05 3.9450388e-05 1.4539737e-05 0.10960564 0.3103428 0.0715233 1.3225709e-05 5.4176476e-06 0.33970618 0.0014131964 0.010058281 0.056302905 1.2467395e-05 6.561428e-06 9.685585e-07 0.00018845942 0.036235508 0.00045420762 0.00027113425 3.1014981e-06 8.435536e-07 8.4399864e-05 0.0033241617 3.774858e-05 6.952488e-05 1.8043736e-06 5.4614256e-06 0.0004009477 5.245939e-06 6.430994e-05 0.0135338055 1.9190842e-05 0.0005123472 0.008969256 0.0052282317 2.2624354e-05 0.0014152641
0.1612559 0.24407536 0.20086369 0.13104801 0.6481236 0.8663117 0.49481598 0.11597984 6.868404e-18 0.26820844 0.3949317 0.12175876 0.49940816 0.22397378 0.067430414 0.04681862 0.6990189 0.37542668 0.042870916 0.09850059 0.016543299 0.706072 0.015571596 0.2653278 0.014261091 0.10818315 0.028292524 0.22075275 0.0037448267 0.0025488741 0.10875903 0.00792389 0.008201399 0.13774723 0.012533184 0.017193861 0.27248546 0.5806895 0.014306173 0.028809858 0.022161031 0.008921376 0.010713348 0.05947485 0.19648407 0.0051419456 0.08963123 0.0005478732 0.1677736 0.00026860004 0.00063449214 0.022890586 0.050428003 0.00522985 0.014100155 0.0025296148 0.00031434943 0.0038184137 0.0015200627 0.0036873755 0.00061600603 0.008590518 0.00042211363 0.0021297948 0.00037975085 0.0058746026 0.00048433262 0.09623381 0.12373342 0.005517526 0.00097247463 1.8997913e-05 0.08669478 5.1342204e-06 0.0007723278 0.0065566273 0.00087613665 0.00036549062 8.112221e-05 0.010735869 0.08449917 8.096466e-06 0.011045859 2.8479832e-05 8.560421e-05 3.6854394e-06 0.0002895959 0.012572803 6.805539e-06 9.2956225e-06 3.59654e-05 1.3258665e-06 3.241367e-05 2.7911274e-05 0.0018142983 0.0036009129 7.417101e-05 0.005356947 0.0021640938 1.0930041e-06 0.0003269677
0.0013922943 0.33173355 0.20219961 0.42734927 0.5549232 0.31098318 0.18954748 0.093482636 0.26820844 1.2448153e-21 0.6839313 0.84014505 0.30736995 0.08727848 0.24548572 0.22976534 0.15231512 0.066344135 0.06265074 0.58753586 0.055212248 0.13531141 0.011426534 0.06263099 0.02834912 0.019946689 0.14316823 0.43481562 0.0069437153 0.0077988105 0.012291157 0.04837042 0.04436089 0.016377069 0.12299045 0.013052269 0.021852653 0.021231353 0.006274761 0.0022829403 0.000779556 0.0034479552 0.045484286 0.0035407543 0.019384876 0.00013196234 0.26591063 0.001640864 0.010502166 0.0005519209 0.00054135267 0.0025362638 0.0016614684 7.682166e-05 0.00056146266 0.013464929 0.0017813431 0.01595076 0.00037452407 3.828461e-05 5.424772e-06 0.00048684445 2.964896e-05 0.00015170417 0.0023197362 0.0001280418 0.0012859505 0.0049699973 0.008901794 0.00083368144 1.8534125e-05 1.4362835e-05 0.008596885 1.8709192e-05 0.00036801904 0.000375096 2.8038106e-05 1.3294174e-05 3.7302787e-05 0.00093853584 0.0013675614 6.1578954e-05 0.00079532724 3.5130677e-06 5.2441037e-06 6.808973e-06 0.00013722751 0.000541839 3.145445e-05 4.82581e-07 4.315402e-06 2.4247194e-05 4.144291e-06 7.506808e-05 0.0005430977 7.959354e-05 5.587622e-05 0.0062166685 0.0009505213 3.730191e-06 0.00034316827
0.0022124418 0.17870131 0.09655841 0.123617075 0.6006127 0.40149826 0.15264867 0.06762782 0.3949317 0.6839313 1.6020076e-20 0.30678 0.70539373 0.08522715 0.086799785 0.07421485 0.56223214 0.036642224 0.055828296 0.27751952 0.042846538 0.20683543 0.0135066705 0.07563761 0.018239476 0.028550405 0.025129689 0.55402124 0.0085704895 0.009223991 0.069122314 0.0076927543 0.007949014 0.07972482 0.02661406 0.02183821 0.036739267 0.081371106 0.01172822 0.038575437 0.016766025 0.007619724 0.007720277 0.033482775 0.01927286 0.0023038317 0.25192815 0.0015840186 0.01388763 0.00038022682 0.000662272 0.04914189 0.010159021 0.0023593854 0.004662904 0.004028384 0.0013121066 0.0033190711 0.000877898 0.0014625683 0.00010183285 0.003985395 0.00039863057 0.0010344597 0.0043991585 0.0021870355 0.0031306883 0.011381135 0.012442833 0.0025320381 0.00032107168 9.340182e-05 0.01351886 1.5983496e-05 0.0024373746 0.0022961644 0.00029216576 0.0001667634 9.456023e-05 0.0045896536 0.0072292374 0.00019745709 0.006144468 2.1102964e-05 1.391908e-05 2.890013e-06 0.0003520973 0.001466763 0.00012992873 4.494143e-06 1.21064795e-05 2.3680515e-05 5.881642e-06 2.774136e-05 0.004218046 0.0012318897 5.09401e-05 0.01670609 0.0048341597 3.3666286e-06 0.00017350508
0.00029401164 0.42351532 0.2666041 0.64540577 0.34657428 0.18538074 0.18304598 0.14751165 0.12175876 0.84014505 0.30678 1.6967876e-21 0.09063362 0.12795304 0.4765227 0.49787536 0.049633477 0.088962175 0.16123052 0.7433126 0.13315278 0.06819041 0.05240962 0.041443292 0.13418685 0.025246039 0.2539608 0.123316936 0.039360896 0.032218944 0.006798637 0.1342327 0.1087851 0.00836816 0.15751895 0.06480209 0.010848739 0.009012655 0.022341862 0.0005839257 0.00038424906 0.010516197 0.08758255 0.0021040328 0.03310966 4.2728105e-05 0.06544523 0.0029419574 0.0069427285 0.003448253 0.0016217079 0.00064279954 0.0012773578 2.5530255e-05 0.0007333829 0.009069563 0.004959072 0.012059127 0.0012393383 2.4585617e-05 4.344642e-06 0.00043909764 1.2990784e-05 9.300911e-05 0.00054503663 0.00029626137 0.00011665645 0.0037767612 0.008451243 0.0020639128 3.7259764e-05 2.3086084e-06 0.0054629706 0.00032259096 0.0014834194 0.0008085497 4.170608e-05 1.367052e-05 2.838114e-05 0.0010056597 0.0015639049 0.00045831755 0.0017156376 5.494018e-06 1.480491e-06 2.7300955e-05 0.0003862009 0.00019356795 0.00018267057 1.2114651e-06 4.1334174e-06 0.0001205647 1.9565794e-06 0.00010472516 0.0010263427 1.4132261e-05 0.00012436158 0.010857293 0.0017913441 9.550783e-06 0.00028468878
0.011941082 0.06603225 0.045248732 0.034025826 0.5131564 0.2980199 0.099073574 0.03779783 0.49940816 0.30736995 0.70539373 0.09063362 4.6797883e-19 0.055694498 0.012655043 0.011741661 0.7850211 0.030047223 0.021954037 0.05137853 0.016903162 0.30674988 0.007149677 0.068829134 0.0072836657 0.02794392 0.0065546054 0.5686773 0.004148384 0.0037855655 0.17549877 0.0016268467 0.0016976062 0.15392539 0.00490969 0.015985928 0.057166494 0.22002722 0.011185811 0.116783276 0.06461859 0.008543702 0.0010107547 0.12111227 0.030594286 0.022101674 0.23551258 0.0006019199 0.027800377 0.00037589722 0.00038094734 0.1643377 0.05819408 0.018515702 0.027475182 0.0013986917 0.0009194956 0.00057072577 0.0010953986 0.008016959 0.0016600785 0.017583305 0.0025830779 0.0060688793 0.004089263 0.008827208 0.0026582987 0.022159567 0.021925379 0.0031783613 0.0026087477 0.0010294822 0.026105229 2.0288679e-05 0.00154012 0.0049373386 0.0012813273 0.0006894234 0.00028495386 0.01405211 0.02059722 0.00012523314 0.018249853 5.5455075e-05 0.00030892773 5.011609e-06 0.0004090534 0.0046357727 0.00015770302 7.1990858e-06 3.1798318e-05 1.9876516e-05 2.8179755e-05 1.2502496e-05 0.0034219339 0.0052679637 1.2942447e-05 0.012351348 0.00604878 2.8528696e-06 5.5282355e-05
0.20382732 0.46451637 0.47320238 0.32426423 0.3948628 0.46926457 0.8198387 0.6503697 0.22397378 0.08727848 0.08522715 0.12795304 0.055694498 9.942591e-18 0.26125628 0.2002461 0.08874687 0.825389 0.17199703 0.043898724 0.1422574 0.4072514 0.095390685 0.6087113 0.09362468 0.7507365 0.079876 0.007116256 0.040305343 0.026258007 0.03587728 0.06688759 0.0349298 0.08122989 0.017724883 0.23366837 0.16942954 0.026008105 0.0420286 0.0032626393 0.0033501538 0.026492111 0.013996319 0.0021595354 0.63241565 0.00015837204 0.0014121329 0.001164148 0.28741553 0.0009838877 0.0009231806 0.000706449 0.0013882186 7.1363174e-05 0.00033810482 0.0005978155 0.00070251396 0.0013761038 0.0010485343 2.4430983e-05 5.2796342e-05 0.00031544437 3.9802177e-05 0.00013223346 7.8513425e-05 0.00012976168 3.5894987e-05 0.2865483 0.32962972 0.031228138 0.00027865704 1.4078708e-05 0.27773157 0.00028296481 0.0030091677 0.026639655 0.0001833974 7.152889e-05 7.686751e-06 0.0024425706 0.14729264 0.00026135324 0.002596661 7.4442883e-06 1.530325e-05 1.818844e-05 0.00083295663 0.00019472069 0.00010317147 8.092513e-06 1.1380601e-05 0.00025547974 1.1732e-05 0.0001203562 0.005389545 0.00018485113 0.00032410843 0.0142593505 0.007933422 2.0629317e-05 0.00092129764
0.009465472 0.30586994 0.35483646 0.54002845 0.18786773 0.16342516 0.22760119 0.31636658 0.067430414 0.24548572 0.086799785 0.4765227 0.012655043 0.26125628 1.2840894e-22 0.90226024 0.005712322 0.39352003 0.4174632 0.4553289 0.34263313 0.038226932 0.30726248 0.10170628 0.39016443 0.07996709 0.43005103 0.01414912 0.18901429 0.14939865 0.0012354841 0.33885944 0.27348354 0.0056592803 0.1839721 0.34756324 0.028913585 0.00311442 0.13852988 4.0748855e-05 2.0226144e-05 0.041599695 0.14048421 7.784709e-05 0.17241415 1.6099171e-06 0.0075714486 0.02825942 0.027557462 0.009352305 0.0031921112 2.8756907e-05 0.00020337466 4.0049824e-07 5.6448076e-05 0.003988507 0.022150625 0.010927051 0.0037021232 4.2760223e-07 2.0515854e-07 1.147555e-05 1.9253582e-06 8.383051e-06 6.195879e-05 3.2519517e-06 1.7147444e-05 0.013602247 0.07014821 0.015003455 6.740569e-07 5.15648e-07 0.059039686 0.00052132376 0.0030513434 0.008955538 1.0888684e-06 3.540592e-07 4.858116e-07 0.00016949521 0.0035961017 0.00052664144 0.00076138036 1.1899915e-06 2.5466056e-07 0.00021286384 0.0010205872 2.1360456e-05 0.00016625146 1.382747e-07 4.5340607e-07 0.00024127949 5.00075e-07 3.3427925e-05 0.0029011595 1.0719437e-05 0.00011858112 0.002961255 0.002248448 2.9606832e-05 0.00052455044
0.0036768564 0.28553057 0.26778996 0.56056094 0.14217232 0.10478204 0.17500316 0.20579654 0.04681862 0.22976534 0.07421485 0.49787536 0.011741661 0.2002461 0.90226024 3.2407596e-23 0.0048283543 0.22810903 0.2468319 0.47852823 0.24362552 0.030436888 0.16453153 0.07554942 0.2914209 0.05608931 0.42173842 0.013040245 0.12340213 0.093713254 0.00088740734 0.27841553 0.21090986 0.0037589688 0.16822375 0.20219558 0.018008662 0.0028832422 0.070607595 2.3399498e-05 1.2519546e-05 0.024535734 0.13590223 0.00016197689 0.11635136 1.4550883e-06 0.011889237 0.01309481 0.020502081 0.0071944944 0.0021199493 1.1428969e-05 0.00030632492 3.7844998e-07 4.477337e-05 0.002862865 0.012341428 0.007872877 0.0021313066 3.7054164e-07 1.5912045e-07 8.839106e-06 8.0377765e-07 6.5604763e-06 7.06942e-05 2.1469996e-06 2.298173e-05 0.007488971 0.03473755 0.0052624075 2.480381e-07 1.4739156e-07 0.030457424 0.0002044138 0.0022851282 0.0038747182 5.1307717e-07 1.7780427e-07 5.548121e-07 0.00014323913 0.0017955422 0.00027909933 0.0008913798 4.6504573e-07 1.9171871e-07 2.9361305e-05 0.0005351956 7.2144676e-06 0.00013004067 4.8988408e-08 1.03513784e-07 8.53787e-05 2.0417541e-07 1.588892e-05 0.0018529771 4.2115216e-06 3.640959e-05 0.0045296266 0.0023595013 3.811697e-06 0.00013136817
0.071747124 0.044426493 0.024510685 0.015793292 0.54032034 0.43873337 0.11609906 0.027909787 0.6990189 0.15231512 0.56223214 0.049633477 0.7850211 0.08874687 0.005712322 0.0048283543 5.119179e-18 0.048037592 0.020376565 0.018406032 0.007256113 0.53326714 0.0062131337 0.10021239 0.0041818693 0.039201863 0.0029799242 0.4681531 0.0035413012 0.0023836084 0.4164394 0.00086749316 0.000919752 0.36015493 0.0019627316 0.0113207735 0.10962997 0.50037354 0.007954035 0.2836351 0.21655396 0.0059906025 0.00052727584 0.3853307 0.033442616 0.07658485 0.1861452 0.00021076869 0.06430129 0.00013579817 0.00015081241 0.19300783 0.20091285 0.064672336 0.14377584 0.001013094 0.0009716213 0.00047968782 0.00036644062 0.04325033 0.0057060467 0.07582593 0.005875165 0.024665028 0.0026807976 0.040456176 0.002112305 0.045805596 0.023443535 0.003074885 0.011385391 0.0014764116 0.019150628 9.912308e-06 0.00044920755 0.0026718047 0.0035278553 0.00180462 0.0013881901 0.049221393 0.052278753 3.9161343e-05 0.07907403 0.00012065695 0.0015733826 3.3059232e-06 0.0002004117 0.028170016 3.1968957e-05 5.9825466e-05 0.00013763906 5.59771e-06 0.00014157493 1.8333401e-05 0.0028097385 0.02282825 1.2375671e-05 0.009330621 0.0025962638 1.3787512e-06 5.0932384e-05
0.7870801 0.31101152 0.6131562 0.3257995 0.12750669 0.32361034 0.3986553 0.76408917 0.37542668 0.066344135 0.036642224 0.088962175 0.030047223 0.825389 0.39352003 0.22810903 0.048037592 2.1378698e-18 0.4797099 0.078962564 0.23275483 0.17762747 0.5347262 0.2907121 0.16235182 0.3947516 0.16778131 0.0051404918 0.105373316 0.09318974 0.009278906 0.13979246 0.09697163 0.011022356 0.042415127 0.46898508 0.18927278 0.014337642 0.33374128 0.0005369673 0.00021775077 0.297485 0.049143154 0.0005493819 0.6830091 4.6500234e-05 0.002790111 0.010888053 0.1868894 0.0057161935 0.009378335 0.0002667737 0.0007944706 3.510052e-05 6.2417224e-05 0.00055333605 0.003148421 0.0010122807 0.01598753 4.8000356e-06 5.4797143e-05 3.017451e-05 2.9726703e-05 4.218426e-05 2.8989e-05 7.378288e-06 1.6666663e-05 0.34961763 0.70784956 0.25124106 3.331507e-05 3.882079e-06 0.68426085 0.0067785224 0.038810205 0.29505032 2.1426458e-05 1.7107066e-05 3.3410122e-06 4.342697e-05 0.3550097 0.0015469303 0.00020296623 7.402427e-06 8.172116e-06 0.00031891718 0.0069604428 3.465526e-06 8.512301e-05 3.0573538e-06 9.363588e-06 0.0010447268 4.075995e-06 0.00011894345 0.06041494 0.00011819749 0.00061077956 0.25135413 0.04658134 0.00010484067 0.0015636231
0.14977203 0.09994362 0.2875572 0.15916403 0.124080725 0.051676933 0.063831374 0.35999426 0.042870916 0.06265074 0.055828296 0.16123052 0.021954037 0.17199703 0.4174632 0.2468319 0.020376565 0.4797099 8.620864e-17 0.12340152 0.6309402 0.035432722 0.7364054 0.025327267 0.53806436 0.05354397 0.22519174 0.012740383 0.71323043 0.47200465 0.00345233 0.30819443 0.15686147 0.0058440226 0.050440855 0.47254628 0.020784553 0.0032286595 0.30897743 0.0003401389 0.00031467518 0.23268586 0.05981204 0.00015907014 0.14973061 2.8102568e-05 0.017182609 0.10563637 0.036706798 0.109516464 0.05590838 0.00083086215 0.0009848968 3.8491784e-05 8.512788e-05 0.0015572183 0.027822342 0.003272318 0.078971736 5.9601693e-06 1.0849839e-05 5.9484457e-05 9.5191615e-05 6.217484e-05 0.00014451148 9.997733e-06 0.0002236778 0.03476909 0.17808978 0.16371891 1.1030499e-05 6.150324e-05 0.15072107 0.017347656 0.043861892 0.118002675 1.2092944e-05 4.6943956e-06 9.1256225e-06 0.00021431415 0.017159421 0.0055598617 0.00019823786 3.6577654e-05 1.3804308e-05 0.012609462 0.01812471 7.8960584e-05 0.002682611 1.6857884e-05 7.062466e-05 0.006762996 3.321368e-05 0.0004579519 0.04098935 6.4267483e-06 0.00057593896 0.035295244 0.009637623 0.0037759477 0.0030922499
0.0008112298 0.31945008 0.25591815 0.5393839 0.23560192 0.19813529 0.11931451 0.07205194 0.09850059 0.58753586 0.27751952 0.7433126 0.05137853 0.043898724 0.4553289 0.47852823 0.018406032 0.078962564 0.12340152 2.0786544e-21 0.11362271 0.020013228 0.018564457 0.046845883 0.13974346 0.010851595 0.6539087 0.11186651 0.010540405 0.010432016 0.0014412933 0.42112136 0.37946686 0.00213534 0.55829316 0.01606011 0.00751948 0.0024060728 0.009574407 0.000100133686 5.4563523e-05 0.0041849837 0.29354134 0.000115446666 0.030631084 5.030447e-06 0.10108458 0.0039154305 0.0022437684 0.0018663706 0.00062509056 5.176939e-05 0.00015003032 2.2393326e-06 3.4286008e-05 0.05259612 0.012016525 0.07329919 0.0005115955 6.43016e-07 1.7063261e-06 3.0021089e-05 5.38192e-06 1.6860167e-05 0.00064630643 8.024507e-06 0.00027275443 0.0015388302 0.0079486435 0.00037998415 1.9016845e-06 1.046899e-06 0.004119775 4.0043982e-05 0.00022786399 9.745979e-05 1.6924695e-06 1.4066717e-06 5.2778946e-06 5.253537e-05 0.00022725784 0.00020443894 0.00011087943 3.5157555e-06 3.9068826e-07 5.2538953e-06 0.00010989105 5.8834856e-05 6.7846624e-05 2.470068e-07 8.76804e-07 3.387484e-05 1.549384e-06 2.5509858e-05 0.00025843628 2.51247e-06 2.23874e-05 0.004142375 0.0003332923 2.6231462e-06 0.0001775099
0.021119868 0.061424736 0.13344903 0.10505977 0.08773836 0.029582618 0.067365125 0.20297404 0.016543299 0.055212248 0.042846538 0.13315278 0.016903162 0.1422574 0.34263313 0.24362552 0.007256113 0.23275483 0.6309402 0.11362271 4.7004906e-18 0.0136981765 0.46159238 0.02800384 0.8041901 0.05963254 0.18967465 0.011517378 0.6337637 0.39288428 0.0015606757 0.39951256 0.17596592 0.0015770423 0.064856075 0.43880695 0.008139899 0.0014438895 0.29637748 7.977608e-05 0.000114381226 0.17129038 0.04645927 0.00010868352 0.09730942 1.0365912e-05 0.007586729 0.19725966 0.012959844 0.13861267 0.056203913 0.0002089901 0.00042581334 4.9854057e-06 3.178998e-05 0.0011925303 0.07800237 0.0032770978 0.062672526 1.646774e-06 2.2172258e-06 1.9089955e-05 4.6104586e-05 1.0050158e-05 3.798099e-05 1.3037054e-05 5.1964278e-05 0.02492471 0.0941288 0.11035717 1.440104e-06 4.5793568e-06 0.06616518 0.016146462 0.039258804 0.057834912 3.1912316e-06 1.5774617e-06 2.776146e-06 5.2297622e-05 0.0076856334 0.00883215 7.73096e-05 7.467603e-06 1.5301214e-06 0.0082644895 0.02059704 0.000121371326 0.0026796232 2.035493e-06 3.4529503e-06 0.009169618 6.4135716e-06 0.000664396 0.01685774 2.86618e-06 0.0013745097 0.012376789 0.003300014 0.0028989709 0.004646998
0.24793684 0.23386437 0.12554987 0.084477924 0.49066964 0.6198375 0.4017765 0.10827055 0.706072 0.13531141 0.20683543 0.06819041 0.30674988 0.4072514 0.038226932 0.030436888 0.53326714 0.17762747 0.035432722 0.020013228 0.0136981765 2.3320122e-18 0.007306767 0.33239016 0.009016082 0.14106639 0.008640061 0.05350866 0.002861895 0.0011256159 0.5698577 0.0004067757 0.0015907758 0.61182535 0.0012887067 0.009931409 0.3908097 0.86136967 0.0028980805 0.06788527 0.08761373 0.0011225875 0.0003579848 0.17303844 0.101839736 0.009713235 0.011601967 0.00015102024 0.29377234 6.402886e-05 4.632314e-05 0.007952537 0.07511213 0.0042891866 0.035361625 0.0009988172 3.452254e-05 0.00053076353 0.0001893187 0.0033277983 0.00048848434 0.008029519 9.8231765e-05 0.0034522607 0.00022167547 0.0064780414 0.00023700048 0.17150901 0.09024731 0.005435003 0.002592257 4.8882753e-06 0.07771774 1.0545909e-06 0.00022285017 0.0045877807 0.0017123896 0.0005416262 1.1073735e-05 0.018530821 0.23126116 1.0793552e-05 0.026562333 1.0281605e-05 1.470563e-05 2.2342406e-06 0.00032410596 0.013252433 4.1935546e-06 5.475329e-06 1.9649277e-05 4.7294074e-07 2.3399264e-06 1.6584265e-05 0.0015390019 0.0074275285 2.4050702e-05 0.004570202 0.0019318437 5.36184e-07 0.00039634528
0.49026674 0.04242067 0.1983878 0.06057878 0.03302164 0.021957584 0.033025518 0.25708038 0.015571596 0.011426534 0.0135066705 0.05240962 0.007149677 0.095390685 0.30726248 0.16453153 0.0062131337 0.5347262 0.7364054 0.018564457 0.46159238 0.007306767 9.499932e-17 0.023599654 0.37628695 0.0603516 0.1562116 0.0041252933 0.65262645 0.7902419 0.00068919035 0.19776744 0.10918918 0.0018222358 0.017684285 0.7559155 0.02542529 0.00064951583 0.6692662 0.000100436475 0.00010140344 0.5406518 0.03302091 6.413074e-05 0.23666514 1.3135959e-05 0.0049738167 0.15820932 0.04793159 0.36395976 0.2356124 0.00036872024 0.000306131 3.7178695e-05 1.2557249e-05 0.0004373689 0.017889166 0.0013430237 0.3228693 8.773234e-07 4.079147e-05 1.1858129e-05 6.9294e-05 6.754326e-05 0.00015292651 3.1652107e-06 0.00012240307 0.071768045 0.3546941 0.4344448 2.536975e-05 2.402601e-05 0.3049888 0.05626228 0.16883409 0.44949454 1.6498952e-05 1.120085e-05 4.4267135e-06 0.00015061133 0.029965043 0.01046703 0.00022034213 1.2510989e-05 1.1839474e-05 0.014381875 0.055902794 8.054385e-06 0.0028970554 1.6526526e-05 2.2738153e-05 0.009221766 9.395281e-06 0.0006908463 0.18952343 1.9608391e-05 0.0010841333 0.10798501 0.0557263 0.0034439052 0.0026547455
0.39907116 0.1558755 0.14745636 0.10079641 0.1495263 0.23207282 0.47509134 0.09924294 0.2653278 0.06263099 0.07563761 0.041443292 0.068829134 0.6087113 0.10170628 0.07554942 0.10021239 0.2907121 0.025327267 0.046845883 0.02800384 0.33239016 0.023599654 8.241656e-19 0.018802708 0.868441 0.061531644 0.023892766 0.008205615 0.004907644 0.036055222 0.037131775 0.034263697 0.05400851 0.029236875 0.029937793 0.88739276 0.10008882 0.007657455 0.004901187 0.005721312 0.0053456402 0.026323741 0.0037153298 0.39915925 0.0005289974 0.008576131 0.00059058546 0.5109283 0.0004079182 0.00028411404 0.0014978579 0.0028985932 0.0003043219 0.0009929542 0.0006726852 0.000120897326 0.0007355525 0.00031793723 6.927041e-05 0.00010878928 0.00030723217 4.6440444e-05 0.0001320049 0.00028785237 0.00014990017 0.00013094365 0.10534302 0.118697114 0.0038271195 0.0005656167 8.683531e-06 0.080169894 1.8063547e-05 0.0007499348 0.004400726 0.00020209551 8.172104e-05 9.56025e-06 0.0030221394 0.090817705 2.3634331e-05 0.0026874365 8.887591e-06 4.124309e-06 9.570617e-07 0.00010827022 0.0012232064 4.4680004e-05 1.942319e-05 1.0586019e-05 1.3501531e-05 1.2187785e-06 4.2113712e-05 0.0032632821 0.00030023424 7.931235e-05 0.011396547 0.004092774 5.2274113e-06 0.00027946662
0.004952663 0.06822122 0.12852499 0.12685627 0.04768772 0.020328315 0.05465429 0.15354353 0.014261091 0.02834912 0.018239476 0.13418685 0.0072836657 0.09362468 0.39016443 0.2914209 0.0041818693 0.16235182 0.53806436 0.13974346 0.8041901 0.009016082 0.37628695 0.018802708 4.649718e-18 0.025542177 0.44591665 0.0034933665 0.5652029 0.34139207 0.0013513215 0.65296346 0.42187017 0.0015004369 0.10199532 0.3109778 0.004414643 0.0006278884 0.27233234 4.6429774e-05 8.608239e-05 0.15001911 0.09272889 5.5663415e-05 0.06327405 4.537822e-06 0.0034037954 0.44886875 0.005618167 0.20966952 0.044172008 5.858302e-05 0.00018890137 2.2231736e-06 1.8300736e-05 0.0012482286 0.22076203 0.008198193 0.06106452 6.405415e-07 6.836871e-07 1.0285754e-05 1.1350372e-05 8.203327e-06 9.426001e-06 1.2243611e-06 5.400032e-06 0.012268911 0.041870374 0.040857546 4.4994198e-07 3.9647756e-07 0.031482905 0.018680561 0.017294606 0.018731305 6.1481074e-07 5.5871044e-07 1.0652213e-06 1.5974185e-05 0.0062750448 0.012822368 2.3865518e-05 1.3362564e-06 3.2537366e-07 0.0065330127 0.021507552 1.3679247e-05 0.004087487 1.6779484e-07 4.2104276e-07 0.0072337375 1.5617519e-06 0.00087938755 0.010532497 7.638888e-07 0.0014308151 0.017284563 0.001556041 0.0034506826 0.0057004774
0.6301072 0.09107606 0.1413159 0.0631749 0.07558268 0.11773221 0.19040342 0.16189715 0.10818315 0.019946689 0.028550405 0.025246039 0.02794392 0.7507365 0.07996709 0.05608931 0.039201863 0.3947516 0.05354397 0.010851595 0.05963254 0.14106639 0.0603516 0.868441 0.025542177 7.351727e-20 0.027986016 0.0024416568 0.026909322 0.018760731 0.03228696 0.015874917 0.014743038 0.05591006 0.008394307 0.093672715 0.55708784 0.023100445 0.019856649 0.0028633527 0.003329876 0.013563918 0.0043740836 0.0020394027 0.7531589 8.789456e-05 0.0007331615 0.0007580946 0.5799771 0.00039364703 0.00077870826 0.00029986224 0.001092279 0.00013016524 0.00023481416 0.00048322816 0.0002583446 0.00068201387 0.0006390774 1.9366054e-05 7.062028e-05 8.2267165e-05 4.9929353e-05 5.0966344e-05 0.0001307783 4.1639036e-05 5.304156e-05 0.2652771 0.36616844 0.024628647 0.000119238284 5.0102904e-06 0.27797377 0.0004062382 0.0030162986 0.019299973 4.4632554e-05 7.0382266e-05 5.3912854e-06 0.0006242708 0.23619571 0.00029347657 0.0008664737 1.7937287e-05 1.0694319e-05 1.2798813e-05 0.00056141685 0.00013958952 4.7356356e-05 9.560744e-06 7.984742e-06 0.00012532143 5.516862e-06 8.629306e-05 0.008535176 9.694226e-05 0.00033061093 0.10192482 0.0154687585 1.190159e-05 0.00066522526
0.00047924527 0.17497778 0.2267069 0.4694494 0.055637706 0.054169293 0.096024215 0.11324257 0.028292524 0.14316823 0.025129689 0.2539608 0.0065546054 0.079876 0.43005103 0.42173842 0.0029799242 0.16778131 0.22519174 0.6539087 0.18967465 0.008640061 0.1562116 0.061531644 0.44591665 0.027986016 1.0991495e-21 0.0046510766 0.08004891 0.058341514 0.00029381065 0.7291783 0.7155819 0.00053767546 0.46057472 0.075521514 0.0057737404 0.00067674054 0.03842727 1.510088e-05 1.0392429e-05 0.018926157 0.46033102 5.6408517e-05 0.057222877 1.2409313e-06 0.007444126 0.048607912 0.0047039706 0.01270982 0.0028468387 2.7643023e-06 0.00012386411 9.0653714e-08 1.8303213e-05 0.007254263 0.11072773 0.03871859 0.0050425036 5.686224e-08 1.2044558e-07 6.999347e-06 3.3196454e-07 1.1581332e-06 1.02276035e-05 5.537623e-07 7.4745003e-06 0.0023689542 0.015696764 0.0025039618 1.2641381e-07 1.13915135e-07 0.009407439 0.00020267048 0.0017648555 0.0012667377 2.472625e-07 1.7262693e-07 1.15645605e-07 2.690583e-05 0.00055769825 0.00026503866 0.000198194 3.4865278e-07 8.144297e-09 1.7895e-05 0.0006416607 5.8277874e-05 0.00028034995 1.6814315e-08 2.1694069e-08 0.00021095166 4.6252573e-08 6.0387647e-06 0.0006412994 4.6678338e-06 2.9919765e-05 0.0047962726 0.001089336 1.420944e-05 0.0004557121
0.0014277284 0.0453285 0.010938072 0.02221204 0.23959477 0.17469904 0.02246512 0.007090473 0.22075275 0.43481562 0.55402124 0.123316936 0.5686773 0.007116256 0.01414912 0.013040245 0.4681531 0.0051404918 0.012740383 0.11186651 0.011517378 0.05350866 0.0041252933 0.023892766 0.0034933665 0.0024416568 0.0046510766 3.0905662e-20 0.0012302286 0.0014254489 0.08248472 0.00033410476 0.001154354 0.037158724 0.010563686 0.0029281958 0.007293991 0.032468505 0.0023719214 0.1094178 0.017817773 0.0014422185 0.0009742012 0.04371152 0.00399512 0.024521153 0.8007283 0.00024990572 0.0046748593 0.00010266707 3.778229e-05 0.23426688 0.008894986 0.013638574 0.010150757 0.009531548 0.0010917446 0.0014220246 0.00013372788 0.0004834872 0.0028764391 0.0009615969 0.0112624895 0.004762957 0.007414697 0.0014423575 0.027526587 0.0037333537 0.0041165818 0.00056519156 0.00046513492 0.010089774 0.0040997337 1.7163675e-05 5.7753645e-05 0.00048149962 0.00023326007 0.00022745797 0.00036566178 0.0016086895 0.0016945441 0.0001949602 0.0024843076 0.00025660126 4.31412e-05 3.214148e-06 5.090504e-05 0.0005197679 0.00045386967 9.875237e-06 9.467533e-06 5.208415e-05 8.062878e-06 2.9245912e-05 0.0029496257 0.0028761132 1.2811659e-05 0.0068800994 0.0025726592 1.3832845e-06 5.5347824e-05
0.017863005 0.026903573 0.07546213 0.04225995 0.021058206 0.0100378515 0.020129718 0.1000908 0.0037448267 0.0069437153 0.0085704895 0.039360896 0.004148384 0.040305343 0.18901429 0.12340213 0.0035413012 0.105373316 0.71323043 0.010540405 0.6337637 0.002861895 0.65262645 0.008205615 0.5652029 0.026909322 0.08004891 0.0012302286 7.936599e-20 0.7879076 0.00072342134 0.17295443 0.06927343 0.0013709252 0.010880559 0.48164073 0.0043327925 0.0006665083 0.44905618 8.8997826e-05 8.401784e-05 0.24951433 0.0116337435 9.493685e-05 0.054316126 2.9713112e-06 0.0009663116 0.35329616 0.010611602 0.48734748 0.25010195 6.648323e-05 0.0002230513 8.854275e-06 1.0243025e-05 7.532251e-05 0.027749207 0.00027702958 0.11883422 4.607175e-07 9.812688e-07 2.8282398e-06 3.5250316e-06 1.4855636e-05 3.5692567e-05 2.6672742e-06 1.9226125e-05 0.017000047 0.06202291 0.16304424 1.5041022e-06 2.76031e-07 0.05103084 0.14504567 0.08375149 0.14837065 8.959231e-07 6.1653105e-07 1.0076382e-06 2.5042349e-05 0.0071756 0.050429206 6.651837e-05 5.500164e-07 6.3567495e-07 0.016919281 0.03843889 9.695399e-07 0.011786122 3.3618912e-07 6.449241e-07 0.018688701 4.881787e-07 0.00035985594 0.069137484 3.0195204e-07 0.00069500285 0.023296189 0.009482986 0.0055139777 0.0011044964
0.04151273 0.016602559 0.047458448 0.02416645 0.01765901 0.0064907456 0.01218574 0.0695655 0.0025488741 0.0077988105 0.009223991 0.032218944 0.0037855655 0.026258007 0.14939865 0.093713254 0.0023836084 0.09318974 0.47200465 0.010432016 0.39288428 0.0011256159 0.7902419 0.004907644 0.34139207 0.018760731 0.058341514 0.0014254489 0.7879076 1.4722131e-18 0.0005301982 0.11090594 0.042168073 0.001560224 0.0069955634 0.62235993 0.0036497964 0.00016410532 0.6161773 8.474636e-05 7.692416e-05 0.40431643 0.0054565086 2.70301e-05 0.046350215 5.3289878e-06 0.0012407248 0.12407276 0.007923857 0.4881811 0.3970933 6.461141e-05 5.2960284e-05 4.6811983e-06 2.5335598e-06 0.00025338694 0.005792603 0.0005357716 0.18467307 2.1467568e-07 1.9284014e-06 2.0015577e-06 5.1527963e-06 9.163148e-06 4.776006e-05 8.6276106e-07 6.675019e-05 0.013724944 0.09573303 0.26534128 3.6395718e-06 3.0273936e-06 0.0784923 0.15072149 0.14136425 0.22111756 2.1096173e-06 1.2919085e-06 6.000683e-07 1.79007e-05 0.008652133 0.036094688 4.866021e-05 1.106214e-06 6.507129e-07 0.017520946 0.041300867 1.1781966e-06 0.0079165 1.5927794e-06 1.8826471e-06 0.014791909 7.1576164e-07 0.00038455165 0.10202123 3.996207e-07 0.00054856023 0.031270564 0.025211861 0.004016134 0.0008738261
0.093906924 0.011007791 0.004194865 0.0040476616 0.06490821 0.05620461 0.024597904 0.0045921626 0.10875903 0.012291157 0.069122314 0.006798637 0.17549877 0.03587728 0.0012354841 0.00088740734 0.4164394 0.009278906 0.00345233 0.0014412933 0.0015606757 0.5698577 0.00068919035 0.036055222 0.0013513215 0.03228696 0.00029381065 0.08248472 0.00072342134 0.0005301982 3.6649165e-22 3.4374145e-05 4.7346788e-05 0.93565744 3.0004974e-05 0.0012773895 0.10478586 0.72714126 0.00076737424 0.1416182 0.17209281 0.00034890976 8.282017e-05 0.64479184 0.010388417 0.044096425 0.02892839 5.5490844e-05 0.09051751 1.392532e-05 1.1136261e-05 0.035385527 0.24579868 0.026996387 0.21290447 8.828839e-05 1.5489712e-05 8.424739e-05 6.4278697e-06 0.030010398 0.0047004665 0.05348227 0.0022350382 0.017361782 0.0002955288 0.032842603 0.0004551043 0.06936692 0.012953135 0.00095826056 0.013104279 7.4616844e-05 0.011261082 3.422965e-07 2.8565462e-05 0.0018915699 0.0040019765 0.002250797 0.0004397101 0.038052894 0.10266292 4.5046494e-07 0.0687878 1.0487252e-05 0.0003106371 9.507856e-07 4.9716484e-05 0.029490048 6.4736116e-07 2.8827044e-06 1.8038723e-05 7.5399655e-08 4.0462604e-05 6.591017e-06 0.000943002 0.014313536 3.1328457e-06 0.008178654 0.0022227953 7.589701e-08 1.2091399e-05
0.00044255567 0.07503815 0.15092655 0.21731523 0.017267883 0.014476632 0.0457445 0.08890319 0.00792389 0.04837042 0.0076927543 0.1342327 0.0016268467 0.06688759 0.33885944 0.27841553 0.00086749316 0.13979246 0.30819443 0.42112136 0.39951256 0.0004067757 0.19776744 0.037131775 0.65296346 0.015874917 0.7291783 0.00033410476 0.17295443 0.11090594 3.4374145e-05 2.8421807e-21 0.7197021 4.01421e-05 0.22914732 0.12357799 0.0019503088 0.000101610014 0.084980056 1.907837e-06 2.095259e-06 0.026887516 0.26748833 5.76907e-06 0.036611352 2.3650655e-07 0.0010056534 0.1790483 0.0033342282 0.037432708 0.003739404 2.1740402e-06 6.034732e-05 1.7442218e-08 9.142383e-06 0.0019736078 0.2781272 0.016911967 0.009527349 3.1241367e-08 2.155758e-08 7.232202e-07 3.8543243e-07 3.7542824e-07 4.5858096e-07 7.5142924e-07 6.024996e-07 0.0041465154 0.019672763 0.004922508 1.8826325e-08 8.843826e-08 0.01099582 0.0009334528 0.0015848527 0.0014391128 3.4517186e-08 2.985038e-08 3.1364483e-08 9.085252e-06 0.00085310906 0.0015699563 2.2480122e-05 7.7105305e-08 1.5631883e-08 0.0005049382 0.0015225966 1.3344251e-06 0.0005475995 5.2033005e-09 2.0171441e-08 0.000522973 7.839741e-08 7.188208e-05 0.0010588119 3.2838284e-07 0.00023348129 0.004706838 0.00076872966 0.00016420177 0.0023729405
