2.0764626e-25 0.9465326 0.8897053 0.98191446 0.83767176 0.94826794 0.661775 0.9766125 0.87473726 0.92103565 0.4093619 0.67910343 0.90314174 0.93109494 0.9143557 0.987899 0.9368429 0.93339276 0.97656184 0.59323347 0.40606287 0.7710423 0.9580201 0.44286773 0.2259796 0.3439657 0.15617928 0.08500417 0.17618324 0.5355158 0.27295274 0.95478326 0.058072843 0.054702252 0.3966551 0.18605584 0.18279092 0.14230882 0.13899033 0.28493416 0.05191375 0.13716787 0.1856425 0.04141456 0.05198798 0.106715724 0.9936426 0.9344334 0.058719125 0.027659269 0.016661415 0.99654245 0.95756835 0.009117498 0.008029611 0.053404737 0.73361546 0.8593179 0.07488964 0.6058754 0.023773495 0.2339084 0.420714 0.9946801 0.6175631 0.99968666 0.9992519 0.014382733 0.009064711 0.9921386 0.002892081 0.048031613 0.78583425 0.9661429 0.79616725 0.99398774 0.0005051229 0.9736862 0.003098947 0.000119074655 0.06534229 0.9999271 0.0016072404 0.00012096768 0.7948075 0.9997076 0.0009743466 0.99954975 1.1711922e-05 0.00012386245 0.985905 4.941705e-06 0.8321076 0.0010712796 0.11037257 3.4822184e-05 0.7408074 0.0013599142 0.22652338 0.9943014 0.0010838392
0.9465326 1.0862519e-15 0.8370484 0.970287 0.09701784 0.72815657 0.08768355 0.21103318 0.55361044 0.061377708 0.45634672 0.27702928 0.005129887 0.0047728373 0.004133587 0.1684773 0.006286728 0.02466268 0.044762123 0.45681137 0.036427718 0.0007628209 0.052441593 0.010408951 0.21134079 7.681046e-05 0.00056194287 0.11191322 0.00030071678 0.06924067 0.0011872547 0.00059223943 0.24588574 0.33630854 0.001331344 5.9361882e-05 3.5657693e-05 0.07930262 1.5323615e-06 4.0273923e-07 0.026902901 0.00037968133 0.004073864 0.04439166 0.23267522 0.0025537524 0.013824573 0.00010753538 0.006161185 2.4602059e-05 0.19749978 0.17923507 4.0052096e-06 0.03408351 0.0019013773 8.4529944e-07 8.56007e-05 0.0006222588 1.0649852e-05 4.035955e-05 2.8040447e-06 2.6994113e-07 4.287413e-06 0.015895931 1.20915365e-05 0.0912067 0.0020231612 0.00024258564 1.4100947e-05 0.0001056829 0.004887159 7.107831e-05 7.709079e-07 0.0022070513 4.954722e-07 0.0022673712 0.0027599258 1.0182794e-07 3.0248395e-06 0.0048610824 2.1906358e-06 0.041437197 9.614295e-06 0.0025286733 6.073415e-07 0.031660136 0.00010372444 0.01239262 0.0020832368 0.009795454 3.8632854e-05 0.0006625269 3.9610813e-06 7.581947e-06 1.1956081e-07 1.179146e-05 4.243013e-07 9.238908e-06 2.603389e-07 1.537474e-05 3.174894e-06
0.8897053 0.8370484 3.525091e-16 0.71569985 0.07997181 0.9379857 0.12637894 0.15834351 0.9052336 0.112434864 0.6881961 0.39323014 0.003492707 0.0071341 0.005562622 0.19127683 0.0069246013 0.0073707425 0.05798351 0.40631393 0.04075605 0.00030480672 0.014302101 0.008129853 0.21070419 7.746082e-05 0.00056472066 0.1035266 0.0002940105 0.039084878 0.0009693381 0.00028916894 0.25953072 0.41770172 0.001873367 3.6223122e-05 0.000100727884 0.12552804 2.0050242e-05 7.016663e-06 0.0386602 0.00022668077 0.003470838 0.0549411 0.31507373 0.0017140291 0.003262311 0.0002986297 0.0030262033 9.434441e-05 0.2570976 0.15541576 3.90125e-05 0.05398965 0.0022943234 6.7701e-07 0.0003029323 0.00086022983 5.624356e-05 2.7394795e-05 1.1639595e-06 7.2724994e-08 4.327477e-06 0.012793744 8.715443e-05 0.0609531 0.00034137364 0.00052862143 0.00011276138 9.96947e-05 0.007451385 4.371147e-05 1.6144999e-05 0.0014084093 4.9879595e-06 0.0018923929 0.004968646 4.355947e-08 1.2950725e-06 0.014992905 2.2549908e-07 0.019763539 2.515672e-05 0.0041839858 2.8435284e-06 0.009893507 4.6066525e-05 0.0024083455 0.008980919 0.02418395 3.6698653e-05 0.0022779794 2.96424e-05 7.643446e-06 9.180124e-08 7.894759e-06 1.2733483e-07 2.4022424e-06 6.447922e-08 2.3732246e-05 1.34828215e-05
0.98191446 0.970287 0.71569985 1.2278692e-15 0.36780664 0.5295334 0.2649622 0.2756207 0.26237565 0.05841749 0.11188638 0.07977644 0.0071607963 0.050688673 0.02572745 0.80504304 0.00848759 0.060735054 0.24230438 0.18322784 0.026561037 0.0006103739 0.17753658 0.0076100687 0.06601774 6.804426e-05 0.0006325862 0.01932017 0.00012928463 0.0211237 0.00096711045 0.00076459034 0.08536008 0.11019392 0.002789011 1.3133242e-05 0.00021014108 0.054084856 1.605383e-05 4.1367375e-06 0.019269582 0.00060678984 0.0008830381 0.010059364 0.090150066 0.0014498545 0.043655995 0.0012147718 0.0013505059 2.574583e-05 0.054927964 0.5790986 8.2178085e-05 0.010583844 0.00065049273 7.8092023e-07 0.0005502657 0.0025707104 1.057014e-05 8.646094e-05 1.2425288e-06 7.966647e-08 6.335011e-05 0.066978164 6.681974e-05 0.3900659 0.0076266737 0.000268068 3.121747e-05 0.00020880322 0.0002807593 0.00021519049 1.270447e-05 0.0061385757 6.0316734e-06 0.0055295727 0.00043668787 2.4168236e-07 3.555022e-07 0.0012324803 1.4697699e-06 0.20186077 1.0514922e-05 0.00055868865 3.753416e-07 0.09913425 2.7820282e-05 0.035019048 0.00066301896 0.0012210244 0.00018332814 0.0003437208 3.880189e-05 6.072419e-07 9.554612e-09 1.4256392e-05 1.6928236e-07 7.383317e-07 5.1436835e-08 0.0001126178 6.5179324e-06
0.83767176 0.09701784 0.07997181 0.36780664 6.1465224e-17 0.010628805 0.99393463 0.01640024 0.10775077 0.0024158827 0.0064553274 0.0019165258 0.00058666244 0.38993847 0.30279422 0.4887015 0.0015202991 0.34998038 0.50169146 0.0022915485 0.00034849273 1.8292438e-06 0.014761595 3.1428455e-05 0.001529646 3.4696131e-06 2.479778e-05 0.00019529478 1.2245274e-05 0.00012168657 1.4776735e-05 0.00018081616 0.010842295 0.0075312136 0.048425015 8.355518e-07 0.0070145363 0.11519541 0.0018522242 0.00059070543 0.056342907 0.024770679 0.14569907 8.8531735e-05 0.024584277 2.2795657e-06 0.005270391 0.009535644 9.326897e-06 0.0024619617 0.00078462187 0.12201678 0.001717621 0.013401925 0.019509112 0.00030620897 0.0047111334 0.008286631 8.487981e-07 6.654797e-06 4.2210414e-07 6.957519e-08 2.3807675e-06 0.06354807 0.0020003547 0.059882253 0.0017040367 0.0032848937 0.0015278498 0.0018915286 3.7839604e-06 2.1986227e-06 0.0013871168 0.03289038 0.0014077057 0.032380495 3.5321475e-05 1.383169e-07 5.7572663e-07 7.293313e-05 5.54997e-08 0.111515746 0.00019524003 3.0502286e-05 0.0001597011 0.016884433 1.1960998e-05 0.0084114205 0.00031239793 3.475633e-05 0.001328311 0.0006549222 0.002854134 8.120623e-06 9.32591e-06 7.852929e-07 7.736856e-08 1.6589674e-07 1.5761819e-08 0.004427744 0.0008496655
0.94826794 0.72815657 0.9379857 0.5295334 0.010628805 6.1897494e-16 0.0073619857 0.23550677 0.7672045 0.26405776 0.8546878 0.8345917 0.00741684 0.00029595103 0.00047968738 0.06343052 0.005046073 0.0006118949 0.009642767 0.79665685 0.16534904 0.0011296244 0.025337022 0.037286106 0.6146596 0.00011095412 0.0010463826 0.56955045 0.0004618913 0.37747648 0.0033939867 0.00050197414 0.506726 0.62776 0.00044197845 0.00014126312 2.9996118e-06 0.071133964 3.6550034e-07 1.3558187e-07 0.026533283 3.346001e-05 0.0023242636 0.35264084 0.34982628 0.020150788 0.005699317 6.892235e-05 0.06036936 6.026361e-06 0.4974822 0.1485929 5.798037e-06 0.050332006 0.0011041772 8.392545e-08 6.227483e-05 0.00013817736 7.27566e-05 3.5624245e-05 8.115754e-06 2.231331e-07 2.5615807e-05 0.0026235164 1.3963859e-05 0.05120887 0.0009568916 0.00013995089 2.9651052e-05 3.3922974e-05 0.042927314 9.0896414e-05 3.721569e-07 0.00034725262 8.6503526e-08 0.00037000934 0.02120033 6.573933e-07 1.7346883e-06 0.031055735 1.0627364e-06 0.007138085 1.5880927e-06 0.01461026 2.3376322e-07 0.017986014 0.0005144454 0.0051856237 0.006951716 0.05376692 8.025097e-06 0.0011086231 6.948418e-07 1.7621896e-05 6.145891e-09 3.9091603e-05 5.0620577e-07 5.1784673e-06 2.85565e-07 7.726677e-07 2.1851223e-05
0.661775 0.08768355 0.12637894 0.2649622 0.99393463 0.0073619857 6.327026e-21 0.029493319 0.13321602 0.0018604777 0.005852107 0.0024178256 0.001227176 0.56544304 0.7715281 0.2673886 0.0028624134 0.64004135 0.32682326 0.0007136348 0.00039374275 5.470785e-07 0.02547835 2.1737593e-05 0.00023162787 1.6003102e-06 6.113241e-06 1.1556524e-05 1.7300921e-06 2.9248815e-05 8.121873e-07 2.3469604e-05 0.003422799 0.0011164735 0.06418872 3.0783013e-08 0.011351178 0.07700406 0.0028119914 0.0019267286 0.04346912 0.056291442 0.22502218 4.3665373e-06 0.01157685 9.194652e-08 0.0049644755 0.017531551 4.5961687e-07 0.005384038 2.8216624e-05 0.11117004 0.003984842 0.00450372 0.01998225 0.00023519069 0.0049713976 0.0077976915 1.4559163e-07 3.8583107e-07 1.9704198e-09 1.2857161e-08 3.8556294e-07 0.08795958 0.0023925018 0.052677594 0.0008730538 0.0071464283 0.0027192177 0.0074957553 1.2619646e-06 2.8783859e-08 0.0019465098 0.05363808 0.00075927866 0.055439934 9.5759e-06 5.0633173e-09 1.682182e-08 2.0299215e-06 2.129175e-09 0.15845773 8.697036e-05 4.4390043e-07 3.0545776e-05 0.024051948 1.7103159e-06 0.014099999 4.384256e-05 7.013936e-07 0.004169228 4.8729362e-05 0.003729875 2.0193221e-07 2.1102328e-06 3.131451e-08 3.3315242e-08 2.5415286e-08 1.61089e-09 0.006904074 0.0004916021
0.9766125 0.21103318 0.15834351 0.2756207 0.01640024 0.23550677 0.029493319 3.793314e-16 0.007531673 0.9769195 0.04502118 0.19377358 0.7948329 0.0006929822 0.00035495427 0.28169316 0.25799692 0.00017474918 0.020262416 0.03561833 0.33585885 0.11923924 0.7334072 0.3677467 0.013269931 0.045168765 0.119122826 0.09078896 0.043795515 0.41435558 0.15593073 0.055224244 0.0057737185 0.010532566 0.00020702012 0.02467177 5.905941e-06 0.002065955 1.9494132e-07 3.980529e-07 0.00092677266 6.714068e-06 3.793646e-05 0.06448878 0.0016405126 0.1257309 0.29381743 0.00025568547 0.11349454 3.168799e-06 0.003144448 0.4174073 7.5752323e-06 0.00067596853 7.928872e-06 1.0996353e-07 5.1504157e-05 0.0004634738 0.008412456 0.0010620207 0.001556536 0.0003586729 0.0003364342 0.035344247 4.9558307e-06 0.1487949 0.027243447 3.385123e-05 2.5515965e-05 1.8411582e-05 0.0458002 0.0008013702 6.682821e-07 0.0007553385 6.690276e-07 0.0010722751 0.010219146 3.8806815e-05 0.00015493987 0.0010368488 9.732112e-05 0.03368058 2.9139437e-06 0.0022808958 6.5663573e-07 0.3524418 0.004323369 0.27446067 0.0005149645 0.00026219833 9.1117945e-06 9.2299044e-05 1.1639406e-06 0.0013534206 9.256321e-09 0.0008835516 1.7040504e-05 0.00015895383 7.322661e-05 1.8571219e-06 1.0631445e-05
0.87473726 0.55361044 0.9052336 0.26237565 0.10775077 0.7672045 0.13321602 0.007531673 7.6339077e-16 0.021956677 0.93223643 0.71220833 0.0007393019 0.008133873 0.00798394 0.031417742 0.00032948097 0.017853314 0.01489796 0.8220735 0.04759721 9.683138e-05 0.00078241795 0.0022764092 0.57377535 1.9791041e-05 0.00017961225 0.17853442 7.803575e-05 0.02427337 0.00014735216 4.2982723e-05 0.73145276 0.7324952 0.005492481 7.3900133e-06 9.42721e-05 0.5923406 3.7956368e-05 1.255932e-05 0.435094 0.00045235959 0.0103255445 0.07346386 0.69485193 0.00019974675 9.52015e-05 0.0005344017 0.0003015755 0.00035266927 0.188904 0.032143444 0.00010113244 0.2329415 0.023494517 7.522437e-07 0.00033398304 0.0010421942 2.9820417e-06 6.7459546e-06 2.5294964e-08 2.5208209e-09 1.2720333e-06 0.004406317 0.00017985035 0.013660826 1.6111439e-05 0.0023831243 0.00063416274 0.00015869377 0.00039821616 6.508641e-06 2.0243047e-05 0.00076296786 2.5797824e-06 0.0011420422 0.0016118846 2.0796515e-08 3.721856e-07 0.014581216 1.11935776e-07 0.0047191987 2.1882419e-05 0.0020496156 1.6183327e-06 0.00226174 2.9151572e-05 0.00039627988 0.0130607495 0.015334904 5.6678033e-05 0.016620658 1.6894935e-05 1.1756954e-05 2.6609578e-06 1.4088278e-06 1.9713954e-07 1.9916163e-06 3.469772e-08 4.020968e-05 1.3763243e-05
0.92103565 0.061377708 0.112434864 0.05841749 0.0024158827 0.26405776 0.0018604777 0.9769195 0.021956677 1.3455123e-17 0.12470269 0.5172516 0.46292087 8.64874e-05 5.7390727e-05 0.024103291 0.068992496 0.00015846784 0.0017596516 0.11850345 0.73554295 0.54856145 0.13157924 0.7715959 0.05610504 0.19959699 0.5272856 0.24503388 0.16328372 0.68800634 0.34700632 0.036643963 0.013807877 0.016870929 5.8633712e-05 0.06901901 5.0023533e-07 0.006268546 2.641673e-08 1.0819986e-07 0.0025910556 6.012968e-06 5.743612e-05 0.18072197 0.008136268 0.29963812 0.057006 4.832403e-06 0.28110486 5.4876186e-06 0.019323615 0.08219037 8.79283e-08 0.00094385404 6.342798e-05 8.343737e-08 2.8991694e-06 3.999406e-05 0.028322786 0.0053692297 0.002870917 0.0004041789 0.000638646 0.0019875078 3.5934957e-07 0.03421794 0.0131292725 3.0659365e-05 1.1798198e-05 2.0338437e-06 0.16903788 0.00246509 1.0654494e-07 0.00010215189 1.980198e-08 0.00018708577 0.044052448 0.00020363435 0.0005011889 0.0078122355 0.00016949618 0.004367843 8.061401e-06 0.010980562 6.475282e-08 0.06319709 0.016605545 0.03681339 0.0003120674 0.0019017899 4.635478e-07 1.3802663e-05 1.2496929e-07 0.0060241376 1.6119142e-08 0.0033480967 0.00011698466 0.00033962727 8.119628e-05 1.2643709e-07 3.8261846e-06
0.4093619 0.45634672 0.6881961 0.11188638 0.0064553274 0.8546878 0.005852107 0.04502118 0.93223643 0.12470269 7.6075005e-19 0.9618067 0.0027231672 0.00031943465 0.00057452003 0.018134551 0.0023705554 0.00021994827 0.0017979008 0.7073562 0.24161059 0.00041436846 0.00577055 0.026012165 0.28470623 0.00011866541 0.0005486842 0.16312888 0.0001803302 0.05399217 0.0009341616 0.00016329197 0.14549331 0.18245241 0.00046881635 4.177817e-05 3.1934753e-06 0.020859346 8.385421e-07 5.7633696e-07 0.0084823705 1.635829e-05 0.0010988 0.056137353 0.051832978 0.0034177662 0.0009869027 0.0001537334 0.008593648 4.4835713e-05 0.123782106 0.021167934 1.5250089e-05 0.011068077 0.00074938434 3.0167115e-07 3.877548e-05 0.00012052941 0.00014896928 5.317609e-05 5.8335454e-06 6.350496e-07 1.6942726e-05 0.00092178135 2.6965092e-05 0.00493582 0.00030211697 0.00016251628 6.432387e-05 3.099436e-05 0.008280406 2.1546946e-05 1.6484898e-06 0.00015468978 8.077566e-07 0.00018047781 0.0056750914 5.0664596e-08 7.4153577e-06 0.008339312 5.4555454e-07 0.0010389606 6.086951e-06 0.0049915835 3.8387507e-06 0.0027215332 0.0003156433 0.0010622602 0.0023121154 0.008741774 4.9823066e-06 0.0010543014 2.867517e-06 4.9598002e-05 4.2107985e-08 2.9078741e-05 5.570356e-07 1.0342637e-05 7.048551e-07 5.3655053e-06 8.930599e-06
0.67910343 0.27702928 0.39323014 0.07977644 0.0019165258 0.8345917 0.0024178256 0.19377358 0.71220833 0.5172516 0.9618067 1.4875683e-18 0.01411632 2.632475e-05 0.000170549 0.009020029 0.010549919 4.785594e-05 0.0007056985 0.9046903 0.81777424 0.0011127106 0.0105881095 0.256397 0.51556987 0.0004151956 0.0030925465 0.6954289 0.0005059852 0.49936068 0.0071050366 0.00084352266 0.28555343 0.35163563 0.00015991417 0.00013563444 4.2549752e-07 0.017445873 7.76736e-08 4.8414993e-08 0.009020068 8.934347e-06 0.00036765792 0.32950923 0.051817965 0.035454664 0.0028753618 3.731634e-05 0.09657515 1.0663837e-05 0.26373088 0.02961953 4.059799e-06 0.008329607 0.00016269926 3.0977144e-08 1.6345844e-05 5.0881114e-05 0.00018674174 4.58843e-05 9.057327e-06 2.9661683e-07 4.4576707e-05 0.00043641785 1.0426272e-05 0.0065183253 0.00076033693 3.2321623e-05 3.495187e-05 1.0066936e-05 0.042350646 9.323184e-05 5.541099e-07 0.00010962298 2.1031559e-07 0.00013247353 0.019825768 2.1258153e-07 7.880301e-06 0.02993386 7.647387e-07 0.00069916813 3.8164967e-07 0.017484197 4.196845e-07 0.0060573556 0.001265858 0.0007193561 0.0016612901 0.02460077 1.3935116e-06 0.00048468934 2.773059e-07 0.00011745866 1.2652711e-08 8.1086786e-05 1.1080448e-06 1.417436e-05 3.8721856e-07 6.52835e-07 8.9050845e-06
0.90314174 0.005129887 0.003492707 0.0071607963 0.00058666244 0.00741684 0.001227176 0.7948329 0.0007393019 0.46292087 0.0027231672 0.01411632 1.7127564e-17 6.187588e-05 3.418369e-05 0.03296305 0.9565584 3.79957e-05 0.0025694764 0.00250289 0.098739244 0.8619195 0.5010326 0.3825474 0.0007705323 0.5828267 0.5583241 0.00880594 0.45273277 0.112704195 0.37367266 0.3025585 0.000591939 0.00035942963 2.7039796e-05 0.3123187 1.0615138e-06 9.563173e-05 4.3023896e-09 2.9312073e-08 5.702535e-05 1.03333205e-05 2.864989e-06 0.007026923 3.962667e-05 0.19082199 0.16862167 7.67121e-06 0.046641733 4.005939e-06 0.00024510152 0.04938038 7.682419e-08 7.639427e-05 9.301603e-07 6.715618e-08 2.3276893e-06 4.9039103e-05 0.2281567 0.09424676 0.082823865 0.047827106 0.00786936 0.005053814 8.566897e-07 0.028099276 0.049016837 7.1169848e-06 2.1544152e-05 1.3448771e-06 0.010460908 0.021242278 6.978212e-08 0.00020153217 6.6706014e-09 0.00019742978 0.0009258583 0.0008906908 0.011565196 0.00035273418 0.0013937225 0.010872945 3.1191547e-07 0.00044295093 1.8641123e-07 0.08841389 0.01743674 0.0868057 0.00018377541 1.6759988e-05 6.579176e-07 4.3810254e-05 5.733008e-08 0.027428202 2.6121317e-08 0.0022936377 0.00058380177 0.0050787986 0.0024035354 5.2581353e-08 3.855284e-05
0.93109494 0.0047728373 0.0071341 0.050688673 0.38993847 0.00029595103 0.56544304 0.0006929822 0.008133873 8.64874e-05 0.00031943465 2.632475e-05 6.187588e-05 9.025502e-15 0.9439056 0.50396144 0.0002423449 0.2931405 0.96299416 2.1301037e-05 6.483442e-07 1.5071714e-07 0.007481476 1.5734358e-07 1.8457396e-05 8.085686e-08 8.3501334e-07 2.0841765e-06 3.3672754e-07 5.7584607e-06 2.3030034e-06 5.3507254e-05 0.0002441213 5.843989e-05 0.06916587 9.505666e-08 0.4364762 0.006966549 0.2082791 0.30991992 0.003156606 0.13639267 0.05989249 1.071771e-05 0.00031680253 6.0206e-06 0.0028367369 0.59645027 1.0223322e-05 0.055466957 1.5418158e-05 0.10606862 0.27399576 0.00037412 0.0026949858 0.014015619 0.17662089 0.14811073 4.3434264e-07 5.2758037e-07 4.595285e-10 4.8391335e-09 6.0255013e-07 0.18365167 0.084058285 0.107179366 0.00018581831 0.008282649 0.005330185 0.18289393 3.7246423e-06 2.1209826e-06 0.030506391 0.21452574 0.022664333 0.15774325 4.5708052e-06 7.10677e-08 1.5315486e-07 1.7318907e-05 5.8921806e-08 0.29484913 0.0010532602 4.4986837e-06 0.0005671294 0.02016507 4.102193e-06 0.004318834 8.2877995e-07 9.976418e-06 0.052181 8.608863e-07 0.02670533 2.2571852e-07 0.00015977286 2.2028779e-07 4.5464094e-07 8.3308527e-07 4.506701e-08 0.038170356 0.001394318
0.9143557 0.004133587 0.005562622 0.02572745 0.30279422 0.00047968738 0.7715281 0.00035495427 0.00798394 5.7390727e-05 0.00057452003 0.000170549 3.418369e-05 0.9439056 1.2736523e-14 0.085732825 0.00018578641 0.85084945 0.2809084 4.6823083e-05 1.0350254e-05 5.743825e-07 0.0014886612 1.9921179e-06 4.946649e-05 1.3747756e-06 7.061176e-06 5.0775607e-06 3.0108324e-06 3.507569e-05 1.5851354e-05 7.0645605e-05 0.00026582388 5.5815024e-05 0.346017 5.2851755e-07 0.8443926 0.011150901 0.35845938 0.46786368 0.007939999 0.7165669 0.19121325 4.4643373e-05 0.00078701106 3.0838655e-05 0.0005206992 0.27244082 6.355653e-05 0.31170583 0.00011381227 0.027977385 0.29155037 0.001915276 0.0098551 0.12085584 0.084238835 0.03602576 6.244161e-06 8.098767e-06 5.060916e-08 2.2478817e-07 2.5456562e-05 0.040895097 0.03812537 0.020367946 3.1976033e-05 0.07625056 0.039524898 0.10675727 1.5146412e-05 2.3626986e-05 0.029535308 0.054374255 0.048435982 0.04465698 0.0002610155 1.8497686e-06 1.9288427e-06 0.0003527631 2.6784592e-06 0.063201085 0.010808315 0.00015124855 0.0016919128 0.006118896 5.639895e-05 0.0011192416 5.985708e-05 0.0003225088 0.04870475 0.00019586126 0.026514828 2.3806528e-05 0.00018921294 7.669185e-06 1.1224128e-05 1.5488737e-05 1.0276453e-06 0.036572315 0.03602257
0.987899 0.1684773 0.19127683 0.80504304 0.4887015 0.06343052 0.2673886 0.28169316 0.031417742 0.024103291 0.018134551 0.009020029 0.03296305 0.50396144 0.085732825 6.754659e-15 0.0931414 0.042356666 0.90654796 0.0025478834 0.00369949 0.0013382058 0.38282514 0.001715807 0.00092175626 0.00025423872 0.0008728683 0.0003842168 0.00016868426 0.0011541557 0.0005851364 0.00987303 0.002091911 0.00077978504 0.0041084792 4.0657986e-05 0.0059409062 0.0048128273 0.0032800368 0.00306622 0.0031678728 0.0042310753 0.0011024722 0.00022850094 0.0036023422 0.0002445869 0.20718741 0.07781159 4.2873577e-05 0.0006326873 0.00017122386 0.87937963 0.004115418 0.0010372311 0.00024708163 0.000111072055 0.017521279 0.06178017 4.5894627e-05 0.0006288971 8.1733315e-06 4.794335e-06 0.0037704925 0.6375366 0.0023167527 0.7791384 0.04483697 0.0009665314 0.0003910661 0.0040184325 3.0401545e-05 0.0014864621 0.000749732 0.058197416 0.0001919109 0.08840037 0.00057414157 0.00087497383 4.264321e-06 0.00016288323 3.3904926e-05 0.7755727 0.00010395696 8.4182495e-05 3.2558786e-05 0.33751222 0.0001627781 0.2652151 7.2794915e-05 2.099885e-05 0.0021053615 2.4795843e-05 0.0014349767 2.19339e-05 2.7944209e-06 3.219613e-05 2.2839755e-05 8.204813e-06 6.9861386e-07 0.0010526567 0.00026364007
0.9368429 0.006286728 0.0069246013 0.00848759 0.0015202991 0.005046073 0.0028624134 0.25799692 0.00032948097 0.068992496 0.0023705554 0.010549919 0.9565584 0.0002423449 0.00018578641 0.0931414 5.361787e-17 2.6974247e-05 0.00840675 0.00037076682 0.019205319 0.26355872 0.8829144 0.097431384 0.00020929807 0.14259556 0.064489536 0.00089588773 0.12054657 0.012443931 0.032912493 0.8033143 0.000153012 8.337053e-05 9.228399e-05 0.09327591 2.6671826e-06 4.7822323e-05 1.647282e-07 2.229406e-07 3.4480458e-05 1.3576216e-06 9.606738e-07 0.00031189484 6.7254856e-05 0.015706602 0.68697506 0.0002971765 0.0015926324 3.3117763e-06 1.1234902e-05 0.07235364 1.589564e-06 5.186595e-05 3.004188e-07 5.1483133e-09 1.6734912e-05 0.00023480655 0.050546415 0.43005228 0.06256995 0.06402803 0.030634852 0.02354384 1.2152894e-06 0.028210906 0.13981658 5.0650808e-05 1.0992548e-05 1.6120481e-06 0.0027169131 0.074987985 7.2530646e-08 0.0002156877 2.3804153e-08 0.00016283867 0.00038085598 0.002236633 0.0046149613 1.1004526e-05 0.0018260098 0.0054391744 2.5912962e-07 2.8555114e-05 1.0299427e-07 0.21835953 0.0019035644 0.49456546 4.292609e-06 1.8461558e-06 3.212041e-07 2.180636e-07 1.2752556e-08 0.004776904 1.758243e-09 0.000612507 0.0006186574 0.002282434 0.0016799154 1.5732435e-09 8.128433e-06
0.93339276 0.02466268 0.0073707425 0.060735054 0.34998038 0.0006118949 0.64004135 0.00017474918 0.017853314 0.00015846784 0.00021994827 4.785594e-05 3.79957e-05 0.2931405 0.85084945 0.042356666 2.6974247e-05 2.99997e-15 0.15951402 5.005791e-06 2.550003e-07 2.0879953e-07 0.0008242835 1.0488186e-08 2.5005576e-05 5.448762e-08 4.6623006e-07 1.2818351e-06 2.77008e-07 6.256463e-06 4.8928787e-06 2.8121578e-05 0.00039609062 3.7420294e-05 0.9707888 1.99278e-07 0.0975603 0.01361156 0.17062545 0.15093772 0.008319719 0.7083213 0.39556918 5.213944e-06 0.00083082804 5.543733e-06 6.0584087e-05 0.14128436 3.695477e-06 0.083007045 5.7936522e-05 0.036698405 0.31193063 0.0022372804 0.018666722 0.006566624 0.03946028 0.005395961 2.8910026e-06 1.4200648e-07 3.957081e-09 8.457961e-09 1.5792393e-06 0.011562274 0.0073189368 0.021409411 9.629138e-05 0.266888 0.06486524 0.06814177 2.1429003e-06 5.729789e-06 0.003335419 0.038567718 0.016720181 0.033912692 3.1789627e-06 8.4048764e-07 1.5153976e-06 9.686089e-06 2.753012e-07 0.04394405 0.00018537581 7.628699e-06 0.00052624603 0.008321749 2.3282322e-05 0.0022511352 4.327363e-05 7.520953e-05 0.023819229 0.00015553489 0.006949463 2.7598127e-05 3.1806292e-05 2.31657e-06 1.1219842e-06 1.0326907e-05 8.607577e-08 0.031248605 0.021836642
0.97656184 0.044762123 0.05798351 0.24230438 0.50169146 0.009642767 0.32682326 0.020262416 0.01489796 0.0017596516 0.0017979008 0.0007056985 0.0025694764 0.96299416 0.2809084 0.90654796 0.00840675 0.15951402 3.9041646e-14 0.00031821785 4.8662303e-05 1.983658e-05 0.07781053 1.8277295e-05 0.00039972903 2.689825e-06 1.809194e-05 2.000902e-05 9.599728e-06 8.390037e-05 4.368742e-05 0.0016980028 0.00095156895 0.0003314042 0.020932902 3.086244e-06 0.118570566 0.0046591056 0.051291566 0.0893927 0.0020395922 0.027925184 0.017932432 1.5172507e-05 0.001814917 1.1395633e-05 0.058014583 0.3716338 1.0832955e-05 0.016007002 7.963302e-05 0.4640186 0.044477776 0.0003683154 0.00067851454 0.0019255853 0.11080183 0.14343435 1.918081e-06 9.643957e-06 1.4295343e-07 2.9078598e-07 3.0898915e-05 0.54719275 0.016532257 0.4569771 0.01034036 0.0041228426 0.0037046026 0.13949157 4.1975154e-06 4.8081427e-05 0.0033267592 0.3121873 0.003143646 0.30194893 8.571274e-06 2.7378604e-05 1.4173529e-06 9.059007e-05 1.5245239e-06 0.66038156 0.00014429925 7.024758e-06 0.0003236939 0.32864657 2.6357382e-05 0.04879184 1.12997395e-05 1.1199846e-05 0.029124899 6.7022916e-06 0.008365912 1.1437703e-05 0.00010130727 1.7784217e-06 3.978854e-06 3.0632577e-06 9.2566756e-07 0.020532472 0.00063560193
0.59323347 0.45681137 0.40631393 0.18322784 0.0022915485 0.79665685 0.0007136348 0.03561833 0.8220735 0.11850345 0.7073562 0.9046903 0.00250289 2.1301037e-05 4.6823083e-05 0.0025478834 0.00037076682 5.005791e-06 0.00031821785 1.8112322e-19 0.3716033 6.4826454e-05 0.0021202206 0.020869365 0.9804293 7.936358e-05 0.00014645343 0.7418454 3.3213524e-05 0.16607061 0.00032970004 0.00015558577 0.2011404 0.26756987 3.816577e-05 3.974727e-06 4.3651625e-08 0.010535033 7.414731e-09 1.14899e-08 0.0024435841 4.8081154e-07 5.256905e-05 0.17454268 0.034457866 0.001771741 0.00021623122 2.5341047e-05 0.009417811 1.188082e-06 0.17941554 0.018073276 3.0100514e-06 0.0068691312 3.6570087e-05 4.3050328e-09 6.7598394e-06 9.606487e-06 3.0513647e-06 1.2895622e-06 6.814663e-08 6.020159e-09 5.3472077e-06 0.00015108823 8.004681e-06 0.003106691 1.9183415e-05 1.537477e-05 5.2951677e-06 2.316081e-05 0.010453253 4.328001e-06 4.7394127e-07 5.495514e-05 4.2979625e-08 4.27588e-05 0.0051950854 5.9592336e-09 4.918415e-07 0.017675212 1.0127321e-07 0.00013032423 7.780731e-07 0.008158645 3.546083e-07 0.00253838 5.9070768e-05 0.00015741587 0.0020953421 0.018152017 8.215211e-06 0.0012952912 6.8834515e-07 1.10828205e-05 1.4767767e-08 4.910774e-06 2.4691752e-07 1.0575782e-06 3.654047e-08 2.2997879e-06 9.327497e-07
0.40606287 0.036427718 0.04075605 0.026561037 0.00034849273 0.16534904 0.00039374275 0.33585885 0.04759721 0.73554295 0.24161059 0.81777424 0.098739244 6.483442e-07 1.0350254e-05 0.00369949 0.019205319 2.550003e-07 4.8662303e-05 0.3716033 4.64236e-19 0.0063372683 0.026137682 0.97685206 0.10401634 0.00901183 0.10385605 0.6265934 0.015787676 0.8753532 0.3927949 0.0066719675 0.015458883 0.018390726 6.1368983e-06 0.0079300925 8.665248e-08 0.0019671188 1.16139045e-08 1.980674e-08 0.0005491829 1.7407746e-07 2.1303827e-06 0.2352603 0.002002715 0.31696516 0.0058314353 2.7749734e-06 0.22819656 1.0024079e-06 0.034466177 0.01667619 2.5174902e-06 0.00054615876 1.7126058e-06 1.357942e-09 5.3519884e-06 8.552779e-06 0.0016827126 0.00013432083 2.8909517e-05 8.870718e-07 8.038329e-05 9.844635e-05 1.6272702e-06 0.0025746936 0.0011866695 2.2337445e-06 4.4985513e-06 1.1202239e-05 0.080007 0.00014580999 8.351953e-08 2.716777e-05 1.6993584e-07 2.7353655e-05 0.022569107 7.943277e-07 2.2242179e-05 0.01567556 1.4300654e-06 0.00026743245 1.3715345e-06 0.013385466 1.0396053e-06 0.007328167 0.013647824 0.001140574 0.0016413248 0.0049897367 4.8411493e-06 0.00010776463 4.7437268e-07 0.0011565931 2.3183247e-08 0.0017216833 4.623048e-06 2.0270325e-05 4.092028e-07 6.144687e-06 4.7514465e-07
0.7710423 0.0007628209 0.00030480672 0.0006103739 1.8292438e-06 0.0011296244 5.470785e-07 0.11923924 9.683138e-05 0.54856145 0.00041436846 0.0011127106 0.8619195 1.5071714e-07 5.743825e-07 0.0013382058 0.26355872 2.0879953e-07 1.983658e-05 6.4826454e-05 0.0063372683 2.1865912e-17 0.20935303 0.036951937 6.497369e-05 0.9914951 0.44968072 0.0003977723 0.4155242 0.004668978 0.19897029 0.4263856 3.3344186e-05 7.66789e-06 6.9412386e-07 0.24946684 1.0906784e-07 1.1362897e-06 3.463246e-08 1.02005814e-07 2.877239e-06 4.0079323e-07 2.367653e-06 0.00038050034 3.576816e-06 0.020941406 0.13520296 1.2629692e-07 0.0022481543 1.8320127e-06 3.7346636e-05 0.021424914 6.646437e-08 2.093686e-05 3.2203994e-07 7.072788e-08 4.6923475e-07 1.4668252e-06 0.05550081 0.03376465 0.018412843 0.012632012 0.0035760845 0.0002971847 1.8077245e-07 0.0048816786 0.029670883 2.4391115e-06 8.092498e-06 3.4364098e-06 0.00031010935 0.011303647 2.2102346e-07 4.4129065e-05 2.391963e-07 7.309593e-05 0.00012831354 0.0014238736 0.0049546845 3.3276585e-05 0.00084613793 0.00028563733 1.0504964e-06 8.297377e-05 8.614904e-06 0.02522298 0.0020145003 0.019957388 7.6393314e-07 3.7127353e-05 7.198962e-06 5.864993e-07 2.563823e-06 0.0025608605 4.8968317e-08 0.0008239468 0.0009699974 0.0030013118 0.0015252512 4.6068876e-06 5.277751e-07
0.9580201 0.052441593 0.014302101 0.17753658 0.014761595 0.025337022 0.02547835 0.7334072 0.00078241795 0.13157924 0.00577055 0.0105881095 0.5010326 0.007481476 0.0014886612 0.38282514 0.8829144 0.0008242835 0.07781053 0.0021202206 0.026137682 0.20935303 1.02746566e-16 0.068135895 0.00026044284 0.06658341 0.0728534 0.0019013066 0.048668377 0.013221865 0.03189148 0.39932707 0.00019025788 0.00024330759 0.00011931974 0.027661216 2.2958446e-05 0.00015934481 4.6206966e-07 1.3228857e-06 0.00018231291 0.00013825158 5.2705636e-05 0.00055838504 0.00021290992 0.0070990827 0.93570477 0.0011249591 0.0020422451 4.3624183e-05 2.8658236e-05 0.2703309 2.8382954e-05 0.0002664419 6.169619e-06 3.0625101e-06 0.00015381479 0.0043789665 0.0062592207 0.10121148 0.017352827 0.01791041 0.01887187 0.15163101 5.0945786e-05 0.09546172 0.16348904 2.1564174e-05 4.1950367e-05 0.00012810923 0.001562804 0.008430775 3.4639168e-06 0.0030847068 4.3762856e-07 0.0031814852 0.00030564092 0.0020388034 0.0007896826 9.676363e-05 0.001049359 0.08204635 3.563913e-05 0.00016499826 8.5304947e-07 0.34296685 0.0006118555 0.7408714 4.0138653e-05 6.763921e-06 5.356939e-05 7.290868e-06 3.7756428e-07 0.0011638015 2.4877724e-07 0.00037969454 0.0011779531 0.00045297088 0.0005600391 1.8995175e-07 1.5649164e-05
0.44286773 0.010408951 0.008129853 0.0076100687 3.1428455e-05 0.037286106 2.1737593e-05 0.3677467 0.0022764092 0.7715959 0.026012165 0.256397 0.3825474 1.5734358e-07 1.9921179e-06 0.001715807 0.097431384 1.0488186e-08 1.8277295e-05 0.020869365 0.97685206 0.036951937 0.068135895 3.1888069e-19 0.008146772 0.06440276 0.56248206 0.13516954 0.12526752 0.7860269 0.86022764 0.04154637 0.0012506922 0.0009237667 2.3956718e-06 0.070030384 7.796957e-08 0.00029839025 7.327858e-09 5.9769036e-08 5.31406e-05 2.541331e-07 2.9749165e-07 0.076256655 0.00011128793 0.5822072 0.018060146 1.2781633e-06 0.24529588 2.1241475e-07 0.0036169807 0.012590495 5.383498e-07 3.2543794e-05 1.2353468e-07 3.9288914e-10 7.532326e-06 7.645983e-06 0.014866728 0.00059751514 0.0008808282 3.6238704e-05 0.00049732375 6.900608e-05 1.6952349e-06 0.0019894305 0.0030637912 7.059401e-07 2.088291e-06 4.950403e-06 0.041781634 0.0005420173 9.321382e-08 1.052619e-05 6.7540135e-08 1.8412371e-05 0.0074571003 2.8774546e-05 0.00066459907 0.0028863994 1.7185326e-05 0.00049826206 5.902909e-07 0.004487043 1.3041075e-06 0.009349009 0.01756668 0.0021759022 0.00011793569 0.00024555143 1.0083813e-06 2.4779945e-06 4.7142362e-07 0.0069161137 1.36234e-08 0.0029596707 3.7606897e-05 0.00049680937 3.7618609e-06 7.0950755e-06 6.377555e-08
0.2259796 0.21134079 0.21070419 0.06601774 0.001529646 0.6146596 0.00023162787 0.013269931 0.57377535 0.05610504 0.28470623 0.51556987 0.0007705323 1.8457396e-05 4.946649e-05 0.00092175626 0.00020929807 2.5005576e-05 0.00039972903 0.9804293 0.10401634 6.497369e-05 0.00026044284 0.008146772 1.4738667e-16 8.104079e-05 0.000392071 0.9363174 0.00012276969 0.21666068 0.0002877091 6.798952e-05 0.74190086 0.81367725 5.397883e-05 4.425924e-06 4.2025403e-07 0.05178367 1.1338849e-07 7.4496924e-08 0.014092284 1.1442296e-05 0.000116965915 0.5973659 0.23361158 0.0025754466 0.00012775722 1.6857579e-05 0.04355126 2.7210904e-06 0.76732475 0.0045005796 6.751097e-06 0.03629822 0.00020955132 6.0931917e-09 1.3689817e-05 4.9103543e-05 3.0338563e-06 5.056082e-06 1.1533461e-08 7.094249e-10 3.3715767e-06 9.133374e-05 2.5124904e-05 0.0016429231 1.36736635e-05 1.1645641e-05 2.0798689e-05 9.677197e-06 0.038638726 2.5617626e-06 2.6940938e-06 1.24932e-05 2.9076298e-07 4.627854e-05 0.032298747 9.803513e-09 9.533714e-07 0.10600478 4.4412656e-07 6.098936e-05 1.530031e-06 0.03474137 3.1113083e-07 0.001822699 8.36196e-05 2.4487012e-05 0.027560864 0.13130262 3.7456512e-06 0.012665479 3.2901698e-07 1.4069326e-05 8.491279e-08 3.1474178e-06 4.1365107e-07 5.4005727e-06 3.6796163e-08 1.4385379e-06 4.5148577e-06
0.3439657 7.681046e-05 7.746082e-05 6.804426e-05 3.4696131e-06 0.00011095412 1.6003102e-06 0.045168765 1.9791041e-05 0.19959699 0.00011866541 0.0004151956 0.5828267 8.085686e-08 1.3747756e-06 0.00025423872 0.14259556 5.448762e-08 2.689825e-06 7.936358e-05 0.00901183 0.9914951 0.06658341 0.06440276 8.104079e-05 8.275247e-17 0.7472143 0.0007918655 0.77421784 0.025704691 0.42924646 0.22255638 9.720768e-05 4.6421937e-05 1.6405947e-06 0.7325078 2.3152197e-07 7.682119e-06 1.1596593e-08 1.7961806e-08 1.0351252e-05 1.8124977e-07 3.737628e-07 0.0010977897 5.0199565e-06 0.13865495 0.031330034 1.9036995e-07 0.025517743 1.1791601e-06 1.0778761e-05 0.002556785 3.325969e-08 1.08335025e-05 2.1012092e-07 1.2753797e-08 1.8881825e-07 1.8302105e-06 0.30177176 0.018428285 0.096165866 0.10019691 0.0018747434 5.2677045e-05 1.1492734e-07 0.0008759123 0.007186639 6.7826863e-06 4.596859e-06 9.6863474e-08 0.0016134493 0.0206442 2.0129395e-08 8.900072e-07 8.255055e-09 3.068597e-06 0.00021301613 0.0006456168 0.019643273 4.209914e-05 0.0011130619 3.1965603e-05 6.682432e-07 7.7225595e-05 3.3940347e-07 0.0024887766 0.0071326476 0.00504557 7.598613e-07 1.66249e-05 7.46467e-08 1.0184581e-07 4.889664e-08 0.015198793 3.9605395e-09 0.0014006032 0.0007313616 0.009762259 0.011504167 4.011846e-08 9.0682727e-07
0.15617928 0.00056194287 0.00056472066 0.0006325862 2.479778e-05 0.0010463826 6.113241e-06 0.119122826 0.00017961225 0.5272856 0.0005486842 0.0030925465 0.5583241 8.3501334e-07 7.061176e-06 0.0008728683 0.064489536 4.6623006e-07 1.809194e-05 0.00014645343 0.10385605 0.44968072 0.0728534 0.56248206 0.000392071 0.7472143 1.996183e-18 0.00581187 0.96447825 0.11253214 0.9456137 0.09242776 0.0001731269 3.1656375e-05 2.1739355e-05 0.8147536 4.80806e-07 8.5553045e-05 7.378013e-08 5.350398e-07 3.8807073e-05 2.5403342e-06 6.8001928e-06 0.012440987 6.0521456e-06 0.3207943 0.016432654 7.47485e-06 0.07258261 2.4881949e-05 5.0425246e-05 0.0036430173 2.9945813e-06 2.6073945e-05 8.503456e-07 6.307837e-08 2.2427116e-06 1.648181e-05 0.29402095 0.0017361755 0.021598136 0.0062331245 0.00021509468 0.00012942392 2.8945863e-06 0.0007918643 0.0037392024 4.866381e-06 1.3996804e-05 6.4727938e-06 0.008639694 0.0009487794 5.2645106e-07 2.4665394e-05 4.4143292e-07 5.039217e-05 0.0014046628 8.925468e-05 0.011870204 8.949855e-05 5.3722e-05 0.00010903941 5.8893573e-07 0.0004701609 1.864074e-06 0.002622057 0.012105535 0.0027162577 5.622331e-06 1.3050848e-05 9.4483426e-07 3.1502589e-06 4.5301923e-07 0.024723083 5.1572794e-08 0.0036424596 0.00011344448 0.006626084 0.00030766963 1.0402716e-06 4.226429e-06
0.08500417 0.11191322 0.1035266 0.01932017 0.00019529478 0.56955045 1.1556524e-05 0.09078896 0.17853442 0.24503388 0.16312888 0.6954289 0.00880594 2.0841765e-06 5.0775607e-06 0.0003842168 0.00089588773 1.2818351e-06 2.000902e-05 0.7418454 0.6265934 0.0003977723 0.0019013066 0.13516954 0.9363174 0.0007918655 0.00581187 5.2247275e-18 0.0008442554 0.8591757 0.011917611 0.0005046472 0.21016477 0.30157682 1.1260464e-05 3.3799097e-05 9.888307e-08 0.0036586497 1.3894403e-08 7.2058195e-09 0.001705517 1.0506607e-06 2.813932e-06 0.9779988 0.018714003 0.10413868 0.00029481322 3.0867795e-06 0.5143288 1.1135567e-06 0.6040699 0.0053669284 2.278594e-06 0.0053117145 1.0656508e-05 2.650979e-09 2.416235e-06 2.3011635e-06 1.4948424e-05 1.2088839e-05 1.2825792e-07 3.1638585e-08 4.7770398e-05 1.6940125e-05 3.016005e-06 0.0011284557 1.5625588e-05 4.2094703e-06 1.3669765e-05 1.4416472e-06 0.23373741 1.0022468e-05 1.9948031e-07 4.593607e-06 1.7952354e-08 3.8368144e-06 0.14291354 1.0776364e-07 5.402817e-07 0.16469976 7.399445e-07 1.8561206e-05 4.3575577e-07 0.12048595 1.812019e-07 0.0017827478 0.005275271 2.863742e-05 0.011013714 0.06448843 1.6342206e-06 0.003431524 3.304331e-08 6.376513e-05 4.3588724e-08 0.0002678462 1.8593865e-06 3.3247895e-06 9.337985e-08 2.1971438e-07 1.8570067e-06
0.17618324 0.00030071678 0.0002940105 0.00012928463 1.2245274e-05 0.0004618913 1.7300921e-06 0.043795515 7.803575e-05 0.16328372 0.0001803302 0.0005059852 0.45273277 3.3672754e-07 3.0108324e-06 0.00016868426 0.12054657 2.77008e-07 9.599728e-06 3.3213524e-05 0.015787676 0.4155242 0.048668377 0.12526752 0.00012276969 0.77421784 0.96447825 0.0008442554 3.880112e-18 0.032004133 0.84709007 0.15065156 0.00010517194 1.8694675e-05 1.959215e-05 0.9622309 1.8175258e-07 2.2600632e-05 1.1786001e-08 1.4334373e-07 7.8207595e-06 7.985835e-07 1.1840269e-06 0.0041584945 1.7526793e-06 0.26684013 0.018605817 1.5200858e-06 0.03588318 6.656332e-06 2.8310207e-05 0.0017420725 3.1036362e-07 8.4398525e-06 6.9658734e-07 8.922183e-09 4.3228013e-07 5.151769e-06 0.44742456 0.009871787 0.12205292 0.06002551 0.0012571209 1.822172e-05 4.086159e-07 0.000412322 0.004347175 1.0319052e-05 4.6760983e-06 5.538399e-07 0.0019391162 0.01005073 4.7233783e-08 2.342409e-06 2.9520622e-08 3.5858018e-06 0.00053286273 0.0005505969 0.04684631 4.7714762e-05 0.00051884283 3.6429457e-05 6.568978e-08 0.00012492931 2.5507958e-07 0.0017929062 0.011857056 0.0019312442 2.2984746e-06 1.7847482e-05 4.627984e-08 9.218169e-07 6.73937e-08 0.0382411 3.5141812e-09 0.0029248325 0.000588334 0.021294864 0.0048208456 2.9828296e-08 1.8049245e-06
0.5355158 0.06924067 0.039084878 0.0211237 0.00012168657 0.37747648 2.9248815e-05 0.41435558 0.02427337 0.68800634 0.05399217 0.49936068 0.112704195 5.7584607e-06 3.507569e-05 0.0011541557 0.012443931 6.256463e-06 8.390037e-05 0.16607061 0.8753532 0.004668978 0.013221865 0.7860269 0.21666068 0.025704691 0.11253214 0.8591757 0.032004133 9.273323e-16 0.33483404 0.01857735 0.019002978 0.016811175 0.000119471406 0.0078542065 2.6977164e-06 0.001352785 2.876494e-07 4.4262381e-07 0.0007363639 1.2862417e-05 1.2577287e-05 0.84629065 0.0033388452 0.84237486 0.003825808 2.976486e-05 0.9692128 5.680186e-06 0.09797043 0.024385685 0.00026561206 0.00049425656 2.379343e-05 1.6805979e-08 3.471674e-05 4.2411764e-05 0.0064157625 0.0006925974 4.5200122e-05 1.990851e-06 0.00046417248 0.00018507057 1.0084347e-05 0.0077920966 0.0009597609 9.031102e-05 0.000115441595 3.660833e-05 0.39599368 0.00012963812 3.783564e-06 8.873709e-06 7.9228727e-07 1.5019015e-05 0.09615821 2.0345857e-05 0.0001470363 0.042086605 2.9146791e-05 0.0029053863 4.3179257e-06 0.039566185 2.0972143e-06 0.0342201 0.07015707 0.0011622382 0.0009339421 0.017045617 1.7758619e-05 5.945763e-05 1.0289439e-06 0.007462909 2.567159e-07 0.006768655 0.00029605886 0.0005231806 6.1349374e-06 6.9744797e-06 6.147178e-06
0.27295274 0.0011872547 0.0009693381 0.00096711045 1.4776735e-05 0.0033939867 8.121873e-07 0.15593073 0.00014735216 0.34700632 0.0009341616 0.0071050366 0.37367266 2.3030034e-06 1.5851354e-05 0.0005851364 0.032912493 4.8928787e-06 4.368742e-05 0.00032970004 0.3927949 0.19897029 0.03189148 0.86022764 0.0002877091 0.42924646 0.9456137 0.011917611 0.84709007 0.33483404 9.325471e-16 0.109274134 8.8433924e-05 4.8028956e-05 6.294746e-05 0.88171375 1.1717088e-06 2.3964865e-05 1.1139224e-07 1.3410813e-07 2.7514083e-05 6.3350744e-06 5.6908298e-06 0.038594 1.0252642e-05 0.8027292 0.006604943 9.252805e-06 0.3196203 1.622206e-05 0.00023556197 0.0073458096 5.0856493e-06 0.00010395795 1.0834985e-06 3.132389e-08 7.882331e-06 3.0830095e-05 0.6272114 0.003317288 0.03336054 0.0031672446 0.0009862621 0.000232038 7.896378e-06 0.0018710629 0.0021293005 2.8165783e-05 1.1177737e-05 7.384117e-06 0.04618436 0.0004693485 7.790621e-07 3.1200383e-05 4.972867e-07 4.412991e-05 0.00929858 0.00029465472 0.044287078 0.0005712276 3.282219e-05 0.0007172921 9.000668e-06 0.0025224602 2.9952338e-07 0.009132523 0.081745975 0.0019169241 8.050297e-05 3.9466944e-05 2.4680417e-06 5.755035e-06 9.62195e-07 0.14223361 2.367217e-08 0.021824028 0.0002155341 0.03741055 0.00016780803 9.5167553e-07 1.294157e-05
