8.1862664e-17 0.88916373 0.96389645 0.9246646 0.5356396 0.9243864 0.92363554 0.13859023 0.9450877 0.13178758 0.86232066 0.9087976 0.18989314 0.6796877 0.883376 0.9721166 0.14598715 0.031198412 0.97993743 0.4109491 0.5833516 0.8270672 0.6890951 0.85736454 0.036149535 0.983923 0.8362196 0.0020548117 0.9047197 0.9167884 0.005027649 0.40609214 0.58923525 0.5825364 0.758402 0.7183081 0.9204607 0.00018002794 0.9751063 0.0022402138 0.012003501 0.5381211 0.94011 0.9724708 0.00045305854 0.95494443 0.7384213 0.006380376 0.9650918 0.99056697 0.051465027 0.8447198 0.08499972 0.91676414 0.95566934 0.85482395 0.69119036 0.12638818 0.8230121 0.9483599 0.5601249 0.9334368 0.82584816 0.84631807 0.8996052 0.9255595 0.0018690146 0.000238806 0.89368105 0.99959487 0.89250034 0.98666084 0.6771466 0.00753233 0.9552356 2.0626826e-06 0.93183017 0.9183693 0.9780026 0.10635505 0.7210742 0.3143231 0.41257268 0.9932651 0.98448944 9.004086e-06 0.4123958 0.98898757 0.2638823 0.0027982693 0.999913 1.3047439e-05 0.9498872 0.9510127 0.9739685 0.1354063 0.99460363 0.89812094 0.015846157 0.9994321 0.99944276
0.88916373 1.4949374e-15 0.86959016 0.9109633 0.9934789 0.03001382 0.7673326 0.74092036 0.22378483 0.80912834 0.14176898 0.060580257 0.061950468 0.016531311 0.010998322 0.027855525 0.017540824 0.22337757 0.77004635 0.0021502003 0.10235483 0.00019082103 0.00018194105 3.0348096e-05 0.19854476 0.2393009 0.00049702765 0.10831392 0.026118683 0.00022453461 0.2517898 0.00024288284 3.9980846e-06 4.933006e-05 0.0029344466 0.001723874 0.030122781 0.017125383 0.011328734 1.3738405e-05 0.005901705 0.001544465 1.0520991e-05 0.0154415425 0.00014043755 4.2953484e-06 4.0119936e-05 0.02024302 0.0031279083 0.00079546415 0.00035863847 0.00018434378 0.00020054285 8.909251e-07 1.4928366e-05 7.4559864e-07 0.00020210628 0.0033807983 4.138351e-06 1.2897892e-05 1.5729303e-07 8.346077e-06 1.6283151e-06 2.6457488e-05 4.634135e-05 4.019473e-05 0.00262745 3.4504403e-05 3.2690426e-05 8.405683e-06 6.0982497e-05 4.502908e-06 2.0351854e-05 5.8185964e-07 2.6766858e-05 1.2378322e-06 0.007138697 0.00026995337 4.103408e-05 8.956869e-08 2.1002676e-05 2.2483813e-05 0.000101106896 0.0033793317 0.00017799572 4.6904752e-08 1.0745158e-09 0.008429505 2.8315986e-05 1.7427844e-09 2.4980977e-07 1.6918084e-09 4.357487e-05 2.440662e-07 1.2753146e-07 2.7313195e-07 0.001217424 1.9800288e-07 1.69472e-07 4.243974e-06 0.00017927206
0.96389645 0.86959016 5.5998305e-15 0.9693791 0.6444671 0.8450788 0.6429135 0.028495051 0.025250308 0.026549185 0.009459 0.90452284 0.0010778822 0.43027452 0.008686207 0.60968506 0.00020034004 0.33416048 0.80972576 0.00017280095 0.64228797 0.0003306002 0.010041858 9.154736e-06 0.0057079927 0.8430688 0.004971995 0.0052631255 0.6290804 0.008825569 0.07908029 1.0836324e-05 0.00012741654 0.00054440263 0.067537956 0.035784904 0.24006917 0.00027277626 0.38641724 1.1136187e-05 0.022776745 0.04026384 0.00037064202 0.027848566 7.860771e-06 0.00015279066 0.00026423938 0.03237962 0.07630527 0.07846812 6.9506086e-06 0.00013723811 2.9287641e-05 0.00015080911 0.008201011 8.9762725e-06 0.00017809439 0.06995096 4.8671773e-05 0.0007661454 7.493307e-06 3.2845397e-05 8.283087e-06 0.00014252987 0.00035394303 0.00016014492 0.014718749 0.00023328164 6.201778e-05 0.00037587446 8.487811e-05 3.4207755e-05 4.443617e-05 3.7241487e-06 0.0006943212 2.2373593e-05 0.024951326 0.0021986365 0.0011321806 5.2318e-06 0.00034969108 0.00013136279 0.00039243067 0.02195702 0.023225587 9.5069123e-07 1.497042e-09 0.06271841 8.591152e-06 1.1174869e-07 3.5254318e-06 5.423315e-09 0.00036426107 1.088173e-06 4.3155725e-07 1.0551521e-06 0.020902503 1.2704118e-05 2.3327227e-06 0.00018307166 0.0057662786
0.9246646 0.9109633 0.9693791 3.5699417e-14 0.57280684 0.05814735 0.9467708 0.31423214 0.27296612 0.1598514 0.28209534 0.119302504 0.026591152 0.009989619 0.12744492 0.038023297 0.007511807 0.106988646 0.91729265 0.0031221 0.20309259 0.012929026 0.0004844426 0.0003597379 0.04226044 0.7938549 0.00075195794 0.023631444 0.063081905 0.00039085952 0.07953161 0.0004867205 4.27354e-05 0.00011316332 0.005552753 0.0026838712 0.28177616 0.0019846628 0.062942185 0.00014730565 0.003974288 0.0104341945 3.190214e-05 0.1572017 0.00024453326 1.7185985e-05 0.00013006834 0.017716652 0.009865472 0.014403351 0.00012482975 0.0010766345 0.00036967744 1.5766263e-05 0.0011103627 4.4547895e-05 0.00073436374 0.010063765 0.00023582112 8.7245e-05 3.3537208e-06 1.1912502e-05 4.0788805e-06 0.0006395487 0.00012816762 5.132191e-05 0.003469938 1.04118835e-05 1.9815212e-05 5.498062e-05 0.00024776638 0.00011318814 0.00039272066 8.380326e-06 0.0019596475 2.5926793e-06 0.037481595 0.0035452333 0.0019400339 2.6783136e-06 0.00065645546 0.0005233325 0.0011236768 0.021251965 0.0050201504 4.7644915e-07 1.8683621e-09 0.03355105 9.612214e-06 1.5381222e-07 1.4981898e-06 1.4628521e-08 0.00075745105 1.39508675e-05 2.529072e-06 1.489405e-07 0.008663895 1.1989983e-05 6.6846184e-07 0.00023047808 0.0025497358
0.5356396 0.9934789 0.6444671 0.57280684 1.2914615e-13 0.119856454 0.24406232 0.21078442 0.02985077 0.6360359 0.014162288 0.02509633 0.006652224 0.028339071 0.001055886 0.03828753 0.008729673 0.9004814 0.4959102 0.000106627434 0.571266 2.5022158e-05 0.0017646132 2.6390759e-05 0.5753007 0.08202123 0.0020761811 0.40247744 0.016299007 0.001152485 0.9489417 1.7888038e-05 0.00012021258 0.0003156541 0.002416196 0.0014892496 0.0040229056 0.27412242 0.007412311 2.0078971e-06 0.04197175 0.0132824015 0.00015959301 0.0012868086 0.00023472124 0.00012567714 0.00028437862 0.31610918 0.0033735533 0.00079733256 6.103463e-05 0.00015370363 8.0335005e-05 2.9851419e-05 8.734464e-05 2.6530192e-06 0.00028972406 0.009742899 1.8886454e-05 0.00010309151 2.5862264e-06 0.00013075884 3.0371233e-05 8.661824e-05 0.00012696494 0.00029963438 0.014296668 9.8373705e-05 0.00027184398 2.1282678e-05 0.00032628866 6.296487e-05 2.4957926e-05 1.7909023e-06 9.988961e-05 1.1944343e-05 0.005061682 0.00015894821 0.000116489144 3.1391594e-06 8.654071e-05 6.5029235e-05 0.0004853589 0.0034575376 0.000167249 7.1823973e-07 3.4010301e-09 0.0056150225 0.0001004269 2.5512907e-08 1.4325258e-05 6.546735e-09 8.438585e-05 3.6534582e-06 2.5691133e-07 2.1730289e-06 0.00048969703 1.179029e-07 6.532526e-06 1.3692115e-05 8.978185e-05
0.9243864 0.03001382 0.8450788 0.05814735 0.119856454 6.706128e-17 0.0022333805 0.000105218984 3.3557862e-05 0.00020328684 1.3836434e-06 0.9179972 6.5780314e-06 0.9911173 6.576294e-06 0.804151 2.4303508e-06 0.1420403 0.08193093 7.623292e-07 0.7781817 7.776862e-08 0.44595048 7.7352475e-08 1.9879863e-06 0.05484148 0.11654708 1.0029592e-05 0.3528759 0.27732217 0.016290251 7.3041773e-09 0.0024512715 0.0060126497 0.1574212 0.076601416 0.0028490932 1.157952e-06 0.12472963 1.508675e-08 0.06354567 0.40759513 0.004957414 4.7002843e-05 2.5012335e-08 0.00047581235 0.01518842 0.020098628 0.3111241 0.022944262 4.562119e-07 1.5395905e-06 3.899343e-06 0.0003066631 0.005266 4.080242e-08 1.1784197e-05 0.32609135 3.5882735e-07 0.000445364 2.142987e-05 0.00030266057 3.360728e-05 2.624542e-06 0.00025237378 0.00014725143 0.046529435 0.009803922 0.00026193215 0.00036141052 3.8074897e-06 3.554346e-06 2.8111454e-06 2.392495e-07 1.0572842e-05 9.714707e-05 0.0028073653 0.00016297025 8.266424e-05 1.5436446e-05 1.3401456e-05 5.8093783e-06 3.5949837e-05 0.002932259 0.013147697 1.6455886e-06 1.97737e-09 0.02812135 2.2382183e-06 7.839098e-08 1.8587041e-06 3.4645262e-09 1.5533084e-05 4.0503587e-06 2.5230435e-07 1.3477068e-06 0.007228566 1.0214658e-05 1.7434279e-05 2.7825512e-05 0.000927449
0.92363554 0.7673326 0.6429135 0.9467708 0.24406232 0.0022333805 1.211008e-13 0.586629 0.95629764 0.31160933 0.84074086 0.007909545 0.2992744 0.0008105208 0.8219785 0.0016232436 0.1361631 0.019037455 0.90746516 0.1490884 0.018231519 0.373216 5.2082905e-05 0.030064419 0.1545614 0.600981 0.00019624678 0.040066145 0.00929034 1.5240464e-05 0.04768742 0.012955328 4.5601596e-06 1.4329931e-05 0.00052348553 0.00038190492 0.49641117 0.0039576986 0.009280719 0.002120645 0.00051043543 0.00039886023 1.6821548e-06 0.41088736 0.0032919734 2.546789e-06 4.43509e-05 0.001975377 0.0009473815 0.0035819362 0.00041967654 0.015667653 0.0016026647 8.401126e-07 4.969122e-05 0.00012442896 0.00510141 0.00031828883 0.0021492634 9.419791e-06 3.108239e-07 5.5768014e-06 2.157493e-07 0.0032557112 2.70091e-05 6.2201075e-06 8.248218e-05 1.0557641e-06 1.14187e-06 1.2399334e-05 0.0010467238 0.00037599655 0.0007706455 7.180884e-05 0.008490698 5.1524887e-07 0.101280056 0.009039952 0.004518405 8.661328e-07 0.0008537732 0.0008130438 0.0015674361 0.031574957 0.0019126283 8.852822e-08 1.7343351e-09 0.020331122 3.212208e-06 2.3208808e-07 5.499629e-07 1.7711757e-08 0.0010516999 8.909889e-05 5.5434903e-06 2.294356e-07 0.007431347 0.00014118246 1.1299195e-06 0.00040259564 0.0036829696
0.13859023 0.74092036 0.028495051 0.31423214 0.21078442 0.000105218984 0.586629 4.4160965e-15 0.57134104 0.9949969 0.8503887 0.0002726803 0.91687286 8.3456915e-05 0.042333446 0.000108402375 0.7876278 0.0020927263 0.10885665 0.23799318 0.0001580279 0.010638039 1.9903811e-05 0.007567843 0.47803512 0.008809194 0.00014019669 0.15040047 0.00040446845 2.0099502e-05 0.027344815 0.04456231 3.4012364e-06 1.3403706e-05 5.621868e-05 5.4366457e-05 0.011071043 0.0064453245 9.421745e-05 0.008915988 6.8871723e-06 3.988182e-05 2.175933e-05 0.008812996 0.02181636 1.3225875e-05 0.00010041866 0.0007554045 0.00013309493 2.4944531e-05 0.001443813 0.002587226 0.0029266102 2.042723e-06 6.598225e-06 8.020846e-05 0.0008361087 6.213779e-05 0.00015399797 1.2276588e-05 1.1739061e-07 9.726809e-06 5.070769e-07 0.00012991969 5.122873e-06 1.1249784e-05 8.688418e-06 1.6162167e-06 2.143781e-06 3.0977144e-06 0.00012921955 2.2998129e-05 1.7125105e-05 5.573662e-05 0.00014291902 1.1162365e-07 0.0017522023 0.00021554953 0.0001647137 7.1585696e-06 3.59179e-05 4.695804e-05 0.00033516108 0.00032840058 5.657883e-05 2.2380195e-08 5.7357147e-10 0.00033819705 1.2532693e-06 6.6348695e-09 1.240926e-07 2.5435059e-09 4.3542135e-05 1.1231055e-05 3.8036899e-06 1.4256547e-08 0.0001240069 1.293001e-07 1.2970222e-07 1.046124e-05 7.981367e-05
0.9450877 0.22378483 0.025250308 0.27296612 0.02985077 3.3557862e-05 0.95629764 0.57134104 2.0618757e-14 0.3273433 0.9409115 0.0002326489 0.5440482 0.00010238147 0.9370542 2.138153e-05 0.5537851 0.0018345331 0.5513493 0.7157372 0.0009316563 0.5163428 6.302546e-06 0.39702016 0.38116738 0.087792076 3.824808e-05 0.0724209 0.00076621736 1.2947737e-06 0.013380692 0.24331997 4.1871826e-07 3.665869e-06 3.4892957e-05 4.22581e-05 0.15938705 0.006446502 0.00062731904 0.033672437 1.4626074e-05 1.8880402e-05 4.6339227e-07 0.32814595 0.016529137 5.5038794e-07 2.2039936e-05 0.00066300563 0.00017901185 0.00014945808 0.0021640316 0.058070913 0.007956348 7.196675e-08 1.7581167e-06 0.0005107237 0.015535581 0.00011901017 0.0043083504 7.9226686e-07 7.894705e-08 3.5884223e-06 1.7816012e-08 0.010795516 5.300159e-06 6.962062e-07 7.909681e-06 1.0820788e-06 3.1933823e-07 2.1402839e-06 0.01122185 0.00023672129 0.0007232364 0.00012985095 0.008987262 9.1193715e-07 0.06454107 0.008038306 0.0028679343 4.7313765e-06 0.000947377 0.00074760296 0.0022327488 0.019939004 0.0003945891 1.9919685e-07 3.6648844e-09 0.012932103 5.5088444e-06 1.188708e-07 6.1428e-08 9.475521e-09 0.001087533 0.00010131161 2.9750597e-06 8.274433e-08 0.0024901559 2.3381406e-05 2.7709432e-06 0.00015199423 0.0021476888
0.13178758 0.80912834 0.026549185 0.1598514 0.6360359 0.00020328684 0.31160933 0.9949969 0.3273433 4.6095845e-14 0.4404228 0.00021345683 0.7449377 0.00019295677 0.009245965 0.00012112341 0.91465694 0.011882175 0.15645902 0.034515038 0.0008437463 0.0009518735 1.5666756e-05 0.0011912906 0.845513 0.0028542618 7.8575526e-05 0.6543655 0.00018700656 1.9304374e-05 0.3740153 0.05547504 2.2745644e-06 4.004341e-05 3.6856414e-05 1.3083e-05 0.0011766423 0.08043428 0.00011682969 0.013258969 0.000103899074 5.2650423e-05 9.903153e-06 0.0017759618 0.1238033 2.4526718e-05 0.00035624194 0.0047481833 0.0002158021 3.068812e-05 0.00023552826 0.00027824013 0.0037719668 2.5149152e-06 1.0672332e-05 4.9419665e-05 0.00019420606 0.00013204606 2.760089e-05 1.6807606e-05 1.3617485e-07 1.3291524e-05 1.4652649e-06 7.974431e-06 1.4740718e-05 1.4868889e-05 3.079698e-05 2.905774e-06 2.8236338e-06 5.6691842e-06 2.3336963e-05 6.513049e-06 1.0081803e-06 2.1646032e-05 5.912304e-06 1.0653214e-07 0.00075933116 2.2968257e-05 2.1287307e-05 1.2868619e-06 1.439266e-05 8.114764e-06 0.00022838634 0.00036878497 2.5655512e-05 6.825083e-08 1.1419826e-09 0.00037534614 6.988455e-06 5.9082165e-08 1.1359062e-06 6.9998167e-09 3.2484815e-05 1.1989473e-06 6.7051457e-07 1.4691554e-07 0.0002702996 8.6286015e-08 7.5452346e-07 8.601382e-06 3.1514533e-05
0.86232066 0.14176898 0.009459 0.28209534 0.014162288 1.3836434e-06 0.84074086 0.8503887 0.9409115 0.4404228 6.430283e-16 1.3716386e-05 0.97857726 1.7998794e-06 0.43986294 6.6141447e-06 0.76130116 9.665009e-05 0.33329383 0.87342364 3.4678684e-05 0.33285484 2.3247422e-07 0.434454 0.5649307 0.023555787 5.571113e-06 0.12958716 4.994759e-05 2.3514951e-07 0.0038904015 0.5378707 5.829302e-08 2.0806584e-07 6.11246e-06 1.4959369e-06 0.028782446 0.0057391026 5.2855967e-06 0.08047837 1.00643334e-07 8.7950986e-07 1.6263992e-07 0.06269514 0.072730854 5.627993e-07 1.0041623e-05 0.0006744337 4.192553e-05 1.1541354e-06 0.116268896 0.07121353 0.13882373 3.566767e-08 5.714675e-07 0.0014687184 0.01585165 3.9847946e-05 0.004193731 2.1068134e-07 1.19705765e-08 1.2011836e-06 5.2934217e-09 0.008395689 3.0462573e-07 1.7616686e-07 8.6099544e-07 2.0336756e-07 8.093874e-09 1.1164132e-07 0.010753264 2.2166329e-05 0.0006758022 0.0005172444 0.0007300338 5.2346567e-09 0.02366159 0.0016037694 0.00016400489 7.73471e-06 0.0003642013 0.00040128527 0.0025645483 0.004275383 0.00013091794 2.1572799e-08 4.801784e-10 0.003037232 1.2667224e-06 3.9830024e-08 6.7843127e-09 6.834667e-09 0.00032210184 3.0298765e-05 2.0102348e-06 1.1318213e-09 0.00036129367 4.0424267e-05 1.09204386e-07 3.9234794e-05 3.7207883e-05
0.9087976 0.060580257 0.90452284 0.119302504 0.02509633 0.9179972 0.007909545 0.0002726803 0.0002326489 0.00021345683 1.3716386e-05 2.4292818e-16 1.3940567e-06 0.64302015 2.093894e-05 0.98327756 2.0227549e-07 0.020124618 0.03481846 9.102601e-07 0.26812923 1.4169777e-07 0.5265847 2.8330962e-08 4.0084537e-06 0.23860161 0.12222726 1.4982512e-06 0.8303806 0.5188239 0.0048816884 2.1492743e-09 0.014216606 0.009591735 0.707822 0.56722814 0.0268325 2.6260391e-08 0.41865095 4.2727713e-08 0.006785019 0.06712168 0.015006496 0.001542922 8.2294775e-09 0.0005203205 0.0024095976 0.0005623522 0.48083574 0.22073127 1.0808492e-08 1.48471245e-05 1.2787002e-07 0.0017734899 0.07990215 1.2009872e-07 1.7858567e-05 0.08262126 1.1782878e-06 0.0017320436 0.00011410102 5.854621e-05 5.140592e-05 3.4142847e-06 0.0006853855 0.00023120412 0.011196642 0.0014000703 0.00024200842 0.0022626945 3.272622e-06 9.046177e-07 6.589097e-07 2.049019e-08 1.8786557e-05 4.9526625e-05 0.003243043 0.00023926764 0.000162054 3.3812805e-05 1.3855336e-05 2.1317649e-06 2.18369e-06 0.0032765258 0.020493666 3.751645e-07 1.5542069e-08 0.028460506 8.82716e-06 4.950719e-08 4.2076194e-06 4.005549e-10 1.5373947e-05 3.3100395e-08 9.2464925e-09 1.8396304e-06 0.019898444 2.3899682e-07 4.897832e-06 8.428914e-06 0.0030173173
0.18989314 0.061950468 0.0010778822 0.026591152 0.006652224 6.5780314e-06 0.2992744 0.91687286 0.5440482 0.7449377 0.97857726 1.3940567e-06 4.2765575e-14 2.9340715e-06 0.098484814 5.6270787e-06 0.9767902 0.0001254209 0.024358409 0.60551125 4.8038662e-05 0.047789034 1.539589e-06 0.09345917 0.6681211 0.00078722875 1.998179e-05 0.15778184 5.0124268e-06 1.1728895e-06 0.016116217 0.40984523 7.116662e-07 6.6284696e-07 2.6986145e-06 2.3561677e-06 0.0011038256 0.008610001 5.697922e-06 0.15519994 2.4992914e-07 3.2863172e-06 1.2677352e-06 0.0037293944 0.1996115 1.7526409e-06 2.1992904e-05 0.00061196636 1.610474e-05 1.7752021e-06 0.05755637 0.0069035203 0.1312772 2.4785155e-07 6.8053276e-07 0.0004872969 0.00074934436 5.9118406e-06 0.00025843305 1.9833371e-06 1.02151446e-07 2.5019185e-06 2.3319975e-08 0.00016603089 6.0860026e-07 6.9653623e-07 1.8102874e-06 2.8231128e-07 2.7807442e-07 2.4658948e-07 0.00011555473 2.7444505e-05 3.7944494e-05 0.001114404 5.7374255e-05 1.659229e-08 0.00082585675 0.0001481241 8.795896e-05 1.211866e-06 4.8195234e-05 5.3541557e-05 0.0005726135 0.0003115874 2.4970877e-05 2.1242963e-08 8.52179e-10 0.00018361861 2.8634702e-06 1.4143262e-07 1.314245e-07 4.4124917e-08 3.9747254e-05 1.5881027e-05 5.526604e-06 7.1239614e-09 0.00016483862 2.7977408e-06 1.0059843e-07 1.3350432e-05 1.6246831e-05
0.6796877 0.016531311 0.43027452 0.009989619 0.028339071 0.9911173 0.0008105208 8.3456915e-05 0.00010238147 0.00019295677 1.7998794e-06 0.64302015 2.9340715e-06 1.0877181e-18 4.579872e-06 0.47643024 2.333337e-06 0.33795264 0.013812698 1.4589873e-06 0.85115314 1.3298914e-07 0.9571406 1.4343767e-07 1.2794413e-06 0.009219643 0.85380095 3.007334e-06 0.14515574 0.47272336 0.015982017 2.4413487e-09 0.112139925 0.1940614 0.09485451 0.051000133 0.0004920684 3.3220934e-07 0.042544514 6.783222e-10 0.43305993 0.591225 0.049309332 9.294643e-05 1.9644422e-09 0.009293123 0.08319747 0.017593227 0.237821 0.023949347 2.7632706e-07 1.3067301e-05 4.012225e-06 0.008485186 0.022874486 2.100662e-07 5.438862e-06 0.2544513 3.1054304e-07 0.0012242054 0.0004573038 0.000523972 0.00028503785 1.5488358e-06 0.000500175 0.00056799076 0.05103796 0.009971601 0.0008252703 0.0011867543 4.250066e-06 3.7112252e-06 4.3978048e-08 8.848681e-09 2.1944008e-05 0.00017180762 0.0006437529 1.2906811e-05 8.800549e-06 6.8344656e-05 3.0591793e-06 8.154004e-07 4.2106944e-06 0.00073718 0.0018332974 1.0579705e-06 1.1851141e-09 0.006448731 9.844883e-06 7.602132e-08 7.2617586e-06 5.763658e-10 1.4210946e-05 7.725094e-07 7.713355e-08 2.3357491e-07 0.0018765008 2.9128932e-08 4.2211424e-05 7.63549e-06 0.00031975258
0.883376 0.010998322 0.008686207 0.12744492 0.001055886 6.576294e-06 0.8219785 0.042333446 0.9370542 0.009245965 0.43986294 2.093894e-05 0.098484814 4.579872e-06 6.980536e-17 2.9745036e-06 0.07627236 3.170239e-05 0.43738818 0.57779515 3.5885987e-05 0.98936105 2.802439e-07 0.6307494 0.046407115 0.14955752 4.2301226e-06 0.00462205 0.00032974753 6.171361e-08 0.0010455243 0.0840773 5.2210783e-08 2.1141032e-07 9.6434605e-06 2.5824002e-05 0.5402939 0.00020442491 0.00046801497 0.008362419 5.2954624e-07 1.9363533e-06 8.848601e-08 0.5271116 0.0034699414 7.10997e-08 1.6279579e-06 0.00010414868 3.469605e-05 1.6565027e-05 0.12037647 0.6271282 0.057796422 2.448256e-08 4.253506e-07 0.018128965 0.1433239 3.129176e-06 0.061052404 1.8554666e-06 2.5162539e-08 1.3063686e-07 3.251066e-09 0.07080567 3.211576e-07 2.6309888e-07 2.2489548e-06 1.2479944e-07 8.1706695e-09 2.894176e-07 0.07093449 0.0014597675 0.024279295 0.00085365993 0.04585975 2.140689e-07 0.15441088 0.036131162 0.010353444 1.0363574e-06 0.009666231 0.0029452366 0.009340561 0.03440956 0.00050850335 1.539893e-08 4.8905735e-10 0.011348668 4.020872e-07 2.2607334e-07 5.8576863e-09 2.2936897e-08 0.0058937888 0.00057696784 9.741574e-07 6.546236e-09 0.002364836 0.0004998796 6.417481e-08 0.0010557381 0.003143469
0.9721166 0.027855525 0.60968506 0.038023297 0.03828753 0.804151 0.0016232436 0.000108402375 2.138153e-05 0.00012112341 6.6141447e-06 0.98327756 5.6270787e-06 0.47643024 2.9745036e-06 2.0426263e-13 1.2047343e-06 0.012916572 0.0072138417 6.358999e-07 0.38508314 1.8938957e-07 0.26888275 5.404566e-08 9.849372e-06 0.118198425 0.16547537 7.513085e-06 0.8795198 0.29057276 0.002535016 1.3741878e-07 0.011367466 0.02341059 0.76340586 0.60499126 0.007666436 1.7538379e-06 0.5304031 1.2758426e-07 0.020474408 0.30268434 0.008796971 0.00033927406 1.5534445e-07 0.0006642192 0.028789818 0.001777619 0.71762824 0.38613847 1.1445526e-07 6.0679467e-06 5.50288e-06 0.0009372769 0.13382757 5.2827613e-07 1.1398394e-05 0.28603357 7.4453635e-07 0.0013733114 0.00032379793 0.00062128727 6.130788e-05 2.9531382e-06 0.0006391405 0.00018190288 0.017440965 0.0033812644 0.000100072015 0.0018300491 1.21924e-06 2.5522913e-06 5.6417416e-06 2.8565734e-07 3.2077955e-05 3.2805856e-05 0.0047208234 0.0002515165 0.0002635855 7.6523625e-05 5.8276732e-06 4.5503507e-06 9.99312e-06 0.0042479895 0.037221603 6.4133214e-06 8.4139555e-07 0.049455527 2.3074099e-05 5.737228e-07 3.7545278e-06 1.4825906e-08 1.849133e-05 2.054112e-06 3.9084256e-07 2.327767e-06 0.036720846 6.8727963e-06 1.1632533e-05 5.906085e-05 0.004997263
0.14598715 0.017540824 0.00020034004 0.007511807 0.008729673 2.4303508e-06 0.1361631 0.7876278 0.5537851 0.91465694 0.76130116 2.0227549e-07 0.9767902 2.333337e-06 0.07627236 1.2047343e-06 3.36467e-14 8.577943e-05 0.027371066 0.50723666 3.2926342e-05 0.047815982 3.5271603e-06 0.13245557 0.9470176 9.739596e-05 1.6588503e-05 0.5556937 1.0298705e-06 4.768933e-07 0.013093611 0.82716507 3.200654e-07 3.2277555e-06 2.3344552e-07 1.362468e-07 0.000107315835 0.060174685 9.87934e-07 0.5667256 3.0446225e-07 9.628678e-07 1.195693e-06 0.00063781155 0.6967034 4.3284595e-06 0.00010251611 0.0010788053 2.2459768e-05 5.818224e-07 0.12774594 0.008901978 0.27253556 1.3775139e-07 6.7352414e-07 0.00082544266 0.0012845005 2.5721265e-05 0.000354172 7.002461e-07 1.1995604e-08 1.4775044e-05 1.4724222e-07 0.0003237822 4.4787078e-07 1.2585236e-06 2.5795327e-07 1.6711228e-07 4.8801303e-07 4.2648634e-07 0.00044776942 2.5744333e-05 1.8585331e-05 0.0054325415 5.4294196e-06 2.6504177e-09 0.0010639026 8.83361e-06 9.203452e-06 2.956965e-08 4.631122e-05 4.9925067e-05 0.00087354897 0.00042642094 2.2534536e-05 7.751254e-09 2.9393166e-10 0.00040075768 7.755946e-06 7.3414907e-07 6.454378e-07 1.1290512e-08 9.049379e-05 5.9287795e-06 1.9056477e-06 3.702278e-08 0.0006119279 6.2892013e-07 3.1426265e-07 1.5657226e-05 2.7587155e-05
0.031198412 0.22337757 0.33416048 0.106988646 0.9004814 0.1420403 0.019037455 0.0020927263 0.0018345331 0.011882175 9.665009e-05 0.020124618 0.0001254209 0.33795264 3.170239e-05 0.012916572 8.577943e-05 3.5273124e-15 0.03774551 1.1200818e-05 0.9964224 1.1461151e-06 0.002789132 3.1574623e-06 0.00320119 0.008849683 0.00424001 0.025164098 0.0026645018 0.0003858646 0.84392166 1.9015139e-06 4.3722852e-05 0.000173187 0.00044518313 0.00021048245 0.00010270076 0.07486731 0.00037594634 1.283427e-09 0.77845126 0.27051985 5.9358084e-05 5.3763673e-05 4.9692593e-05 3.6405112e-05 0.0007067738 0.9600237 0.00011474703 9.24566e-06 5.851989e-06 4.9914092e-06 0.00013100935 5.6902436e-06 5.4361703e-06 3.2946286e-07 3.979098e-05 0.12383961 3.2977139e-06 1.4832101e-06 5.107392e-07 8.692323e-06 3.9225315e-06 3.2923908e-06 1.8534363e-06 1.5768308e-05 0.05229941 0.00076340267 5.4410182e-05 5.636846e-07 7.5411963e-06 1.1153895e-05 2.1614956e-06 3.5601758e-07 3.9063857e-06 0.0001578848 0.000827915 2.5762285e-05 1.4388158e-05 3.6099334e-06 7.3222454e-06 2.6767293e-05 1.9228748e-05 0.00096832495 3.1749136e-05 3.5722766e-07 1.8673708e-10 0.002481605 3.313495e-06 1.8066705e-08 2.6170227e-07 2.0959826e-08 1.288035e-05 3.9478044e-07 1.296375e-06 1.2428967e-07 0.00030095634 3.796058e-08 6.4744575e-07 8.693495e-07 2.3673969e-05
0.97993743 0.77004635 0.80972576 0.91729265 0.4959102 0.08193093 0.90746516 0.10885665 0.5513493 0.15645902 0.33329383 0.03481846 0.024358409 0.013812698 0.43738818 0.0072138417 0.027371066 0.03774551 9.488909e-12 0.017641287 0.19153303 0.046067365 0.00036406136 0.020821648 0.02475712 0.9712353 0.0006211771 0.0069219167 0.039481934 1.9780342e-05 0.020901348 0.0032049336 5.837522e-05 8.4393985e-05 0.0009178076 0.0011478768 0.7791131 0.0010651523 0.053315017 0.00025328062 0.002336967 0.0048850668 3.2882328e-06 0.41628796 0.00034726638 8.381268e-06 0.00024016059 0.008905374 0.0018972364 0.0040295096 4.193441e-05 0.019311374 0.00030113378 1.919704e-06 8.212731e-05 0.00043449615 0.0020609691 0.0020016055 0.002373813 1.0528257e-05 2.0389734e-05 1.8486217e-05 6.2715264e-07 0.0005853583 1.755015e-05 1.2475199e-05 0.0010843644 5.3606313e-06 8.296704e-07 4.783541e-05 0.00024358409 0.00022851683 0.0004687884 5.8917285e-05 0.0034931013 1.1927348e-05 0.10270595 0.007978832 0.0037111158 1.3709036e-05 0.0002597451 0.0011364075 0.0021622307 0.043130755 0.009507644 6.278567e-06 7.4149334e-08 0.05611724 3.6797078e-06 8.617656e-06 9.344449e-07 1.6532043e-07 0.00041100406 6.67633e-05 1.4346025e-05 1.338844e-07 0.013197581 0.00029934765 7.3916485e-06 0.0006602489 0.0048632384
0.4109491 0.0021502003 0.00017280095 0.0031221 0.000106627434 7.623292e-07 0.1490884 0.23799318 0.7157372 0.034515038 0.87342364 9.102601e-07 0.60551125 1.4589873e-06 0.57779515 6.358999e-07 0.50723666 1.1200818e-05 0.017641287 2.4898817e-15 2.4583517e-06 0.7720953 4.858282e-07 0.9943038 0.34322608 0.0012963534 2.7505334e-06 0.024752276 2.2463034e-06 1.6378239e-07 0.00050143874 0.83753455 2.0403115e-07 4.6153013e-07 1.858485e-07 6.9611457e-07 0.0045168065 0.0005458291 7.4972527e-06 0.46092728 3.604073e-07 6.539947e-07 5.8021918e-08 0.00859214 0.21304503 4.4126205e-07 1.4416768e-05 0.0004213798 5.3452245e-06 1.0520022e-06 0.2813892 0.11039134 0.6094283 2.162747e-08 1.2019274e-06 0.0067188796 0.02372178 7.4395903e-06 0.005047466 3.028735e-07 4.623581e-08 8.864155e-07 3.576236e-08 0.010678818 7.3951065e-07 3.1216666e-07 5.252359e-07 3.4302687e-07 9.550081e-08 8.091625e-08 0.01816679 0.00010250515 0.001537304 0.04242686 0.000587097 1.6682954e-08 0.0026987256 0.00041486218 0.00013149991 7.093712e-09 0.0012172766 0.0008699517 0.0027541334 0.0013864908 1.7209799e-05 3.6117427e-09 3.486659e-10 0.00038540986 7.1297095e-06 3.2835808e-07 4.3196337e-08 3.5364867e-08 0.00039789692 0.00014040661 3.4162665e-07 2.5608418e-08 0.0002461869 1.9479796e-06 9.405119e-07 4.2604202e-05 5.855135e-05
0.5833516 0.10235483 0.64228797 0.20309259 0.571266 0.7781817 0.018231519 0.0001580279 0.0009316563 0.0008437463 3.4678684e-05 0.26812923 4.8038662e-05 0.85115314 3.5885987e-05 0.38508314 3.2926342e-05 0.9964224 0.19153303 2.4583517e-06 3.993589e-13 1.5489038e-06 0.13993512 1.9025388e-06 6.797541e-06 0.03061716 0.23272562 4.480836e-05 0.0663167 0.08146931 0.24843468 7.3570925e-07 0.0028409776 0.038220808 0.024237642 0.01612152 0.00084689766 0.00048373945 0.016128086 9.296303e-10 0.8984514 0.7787424 0.020987937 0.00010560481 2.2449831e-07 0.0036385558 0.18250737 0.6591123 0.07495543 0.0018897022 0.00011358077 2.9972744e-05 0.00019831992 0.00084904715 0.00048994017 3.5765736e-06 0.00021268771 0.52418816 7.790648e-06 0.0009025505 9.0568035e-05 0.001392757 0.0006189421 5.889664e-06 0.0003252451 0.0014128474 0.19334945 0.004551443 0.0011654048 0.00010212813 4.0465307e-05 1.1799919e-05 2.6605849e-06 1.3695777e-06 0.00012695501 0.0006337371 0.00441159 7.695329e-05 2.7911758e-05 0.00021022283 2.9555373e-05 3.093515e-05 0.00021518373 0.002583818 0.0015458958 5.2258838e-05 4.3549696e-07 0.11073394 0.00055533386 2.7531695e-07 8.198289e-06 6.416857e-08 9.280648e-05 1.4437838e-06 7.145985e-06 5.941792e-06 0.0041497494 1.4672092e-07 7.7032884e-05 4.0312257e-06 0.0007275424
0.8270672 0.00019082103 0.0003306002 0.012929026 2.5022158e-05 7.776862e-08 0.373216 0.010638039 0.5163428 0.0009518735 0.33285484 1.4169777e-07 0.047789034 1.3298914e-07 0.98936105 1.8938957e-07 0.047815982 1.1461151e-06 0.046067365 0.7720953 1.5489038e-06 3.07315e-16 8.931501e-08 0.9200406 0.034256328 0.006038972 6.951414e-07 0.0015702505 4.339781e-06 5.7934852e-09 2.8711418e-05 0.18045524 4.407638e-08 4.0809034e-08 1.4740718e-07 2.797667e-07 0.23496523 3.3104996e-05 3.4481884e-06 0.018869014 2.2344378e-07 5.4099576e-07 4.9204694e-09 0.22263221 0.005466619 7.3208625e-08 9.850615e-07 7.599295e-05 1.5197494e-06 1.4117968e-07 0.6812305 0.8330988 0.4777854 1.6484307e-09 3.877505e-08 0.048287347 0.26620045 7.837577e-07 0.14309451 1.6851807e-07 3.3942256e-09 2.5955886e-08 2.2147775e-09 0.12597363 3.8835598e-08 9.320121e-08 2.7829518e-07 8.9040306e-08 7.8820894e-10 4.004476e-08 0.10321922 0.0050276467 0.18942982 0.03671975 0.060633354 1.7753088e-08 0.05502996 0.04311292 0.014184522 1.2467918e-07 0.022212982 0.010447797 0.04062958 0.014086728 0.00021153246 3.701591e-09 6.7747884e-11 0.0036148548 1.5258162e-07 3.7666513e-07 5.168099e-09 4.6050552e-08 0.012185757 0.008369711 2.2135243e-06 7.112784e-10 0.00039759025 0.0024022886 1.5125705e-08 0.0013024801 0.00069437845
0.6890951 0.00018194105 0.010041858 0.0004844426 0.0017646132 0.44595048 5.2082905e-05 1.9903811e-05 6.302546e-06 1.5666756e-05 2.3247422e-07 0.5265847 1.539589e-06 0.9571406 2.802439e-07 0.26888275 3.5271603e-06 0.002789132 0.00036406136 4.858282e-07 0.13993512 8.931501e-08 4.3860233e-17 1.2799104e-07 3.2445819e-06 0.0007281199 0.983063 1.5206934e-06 0.03876783 0.8868419 0.00074601156 4.424896e-07 0.7263429 0.57967335 0.15356238 0.0836431 0.00016234744 1.2028917e-06 0.005843942 9.446338e-10 0.010734498 0.4072603 0.47758254 1.3262375e-05 8.8234447e-07 0.2018308 0.32673493 0.00060567743 0.39495495 0.0151583925 4.4365288e-07 1.2624791e-05 4.003885e-06 0.058699444 0.07145405 1.0220567e-06 1.1751315e-05 0.34150216 1.252077e-06 0.0076140366 0.0039482852 0.0041859453 0.016969813 4.5564886e-07 0.005895404 0.009452724 0.029025244 0.01259145 0.0062718317 0.002548513 6.836421e-07 1.7843661e-06 7.1053506e-07 2.8851742e-08 1.4845155e-05 0.00027617125 0.00022590127 2.3149392e-05 2.8288456e-05 0.011144347 7.7709944e-07 3.4008454e-07 1.6218974e-06 0.00036278815 0.0023807823 5.1388247e-06 5.5893718e-08 0.0015129508 2.5497528e-05 1.1605031e-07 4.6029723e-05 5.1421893e-09 1.1714218e-06 2.852497e-06 1.2854366e-06 6.6398293e-06 0.0013621117 4.6883937e-07 0.00032349577 4.0170644e-06 0.00034222097
0.85736454 3.0348096e-05 9.154736e-06 0.0003597379 2.6390759e-05 7.7352475e-08 0.030064419 0.007567843 0.39702016 0.0011912906 0.434454 2.8330962e-08 0.09345917 1.4343767e-07 0.6307494 5.404566e-08 0.13245557 3.1574623e-06 0.020821648 0.9943038 1.9025388e-06 0.9200406 1.2799104e-07 7.528614e-15 0.06887958 0.0006044631 1.5223358e-06 0.0019703575 5.6242857e-07 2.1238181e-08 2.0269687e-05 0.60530525 1.138603e-07 5.4689536e-07 2.618583e-07 6.739707e-07 0.0057935608 0.00010678518 1.3375836e-06 0.06428893 5.638033e-07 1.9245056e-07 4.028068e-09 0.021608612 0.04028705 3.031357e-08 5.2219953e-06 0.000106705564 1.5890199e-06 8.364519e-07 0.6775729 0.35993123 0.7329453 2.0385476e-09 5.984937e-07 0.070916176 0.11022544 2.5072786e-06 0.03583589 6.958103e-08 1.6193972e-07 7.560065e-07 1.8923744e-08 0.07763051 5.5633643e-07 2.1091272e-07 2.632028e-07 9.993859e-07 1.1156143e-08 9.9359305e-08 0.13263924 0.0007485547 0.029271422 0.09600599 0.011538707 4.7230362e-08 0.015975215 0.004933467 0.0007654994 4.778965e-08 0.031974383 0.005118252 0.028313046 0.007009908 2.5361187e-05 9.8623465e-09 3.29547e-11 0.0018301113 6.0760857e-07 4.0132277e-06 9.05331e-08 3.485195e-07 0.010014835 0.0010828535 4.677182e-06 1.0357102e-08 0.00030063995 0.0005801263 5.408281e-07 0.0014506573 0.00034380818
0.036149535 0.19854476 0.0057079927 0.04226044 0.5753007 1.9879863e-06 0.1545614 0.47803512 0.38116738 0.845513 0.5649307 4.0084537e-06 0.6681211 1.2794413e-06 0.046407115 9.849372e-06 0.9470176 0.00320119 0.02475712 0.34322608 6.797541e-06 0.034256328 3.2445819e-06 0.06887958 1.6337144e-15 0.00057633675 2.2748107e-05 0.9972892 1.6473552e-06 1.2934605e-06 0.017796936 0.3552828 7.912739e-07 5.500804e-07 2.0089833e-06 1.4616586e-06 0.00053578254 0.13053943 4.7110856e-07 0.026245493 6.913814e-07 6.5591536e-07 6.233849e-06 0.0003978339 0.49610385 3.7741795e-06 6.8183817e-06 0.0009419513 1.558713e-05 2.0743363e-07 0.026492668 0.0025178252 0.30835164 5.253066e-07 1.1242599e-07 0.00016722636 0.0011344741 2.912766e-06 3.762017e-05 2.4842728e-07 4.1829818e-08 4.0922038e-07 3.859899e-08 6.186184e-05 7.322534e-07 9.589548e-07 3.109741e-06 2.3812431e-07 4.519482e-07 5.2540526e-07 0.00012216644 6.1193014e-06 5.9760146e-06 0.00658035 4.6458743e-05 1.9936932e-08 0.000252082 2.7119e-05 3.087691e-05 2.7875842e-07 2.1052078e-06 2.3367696e-05 2.620217e-05 3.6443427e-05 1.713672e-05 2.7384933e-08 2.1781874e-09 0.00075376476 5.448508e-06 2.1818175e-07 2.0290959e-07 9.841663e-08 2.141653e-05 1.7513985e-05 9.6132135e-06 9.433936e-09 8.252089e-05 7.3574364e-07 7.912702e-09 4.81411e-06 4.6809328e-05
0.983923 0.2393009 0.8430688 0.7938549 0.08202123 0.05484148 0.600981 0.008809194 0.087792076 0.0028542618 0.023555787 0.23860161 0.00078722875 0.009219643 0.14955752 0.118198425 9.739596e-05 0.008849683 0.9712353 0.0012963534 0.03061716 0.006038972 0.0007281199 0.0006044631 0.00057633675 6.696437e-14 0.00071113365 0.00044391002 0.45581558 0.00066298735 0.004484564 2.1260466e-05 6.86095e-06 7.7622026e-05 0.0316848 0.044567827 0.931736 3.6200916e-05 0.55044043 1.7281389e-05 0.00046223038 0.0010462853 0.0001265398 0.38253263 1.2925966e-05 3.1896052e-05 2.2446533e-05 0.0004945757 0.015968626 0.113394834 6.730427e-05 0.06300254 0.00015955452 5.5597473e-05 0.0039280364 0.00019637334 0.007242031 0.0007163712 0.004607309 0.00032386617 1.3342553e-05 9.000316e-06 3.8514754e-06 0.0021683609 0.0002490834 0.00013264648 0.0011704114 0.00010023123 1.3813617e-05 0.00014425027 0.000574776 0.0003581706 0.0011691434 2.2927617e-05 0.014909472 1.7196016e-05 0.2983378 0.037542906 0.022181164 1.3313179e-05 0.0003659557 0.0006890389 0.00084200717 0.15125513 0.057135507 3.5976502e-06 2.9036906e-08 0.16689585 2.2486622e-05 1.5225189e-06 2.6921189e-06 3.0792867e-07 0.00091625896 0.00012821554 3.3662402e-06 1.2417896e-06 0.08609944 0.00066913315 1.081434e-06 0.0013747836 0.04176231
0.8362196 0.00049702765 0.004971995 0.00075195794 0.0020761811 0.11654708 0.00019624678 0.00014019669 3.824808e-05 7.8575526e-05 5.571113e-06 0.12222726 1.998179e-05 0.85380095 4.2301226e-06 0.16547537 1.6588503e-05 0.00424001 0.0006211771 2.7505334e-06 0.23272562 6.951414e-07 0.983063 1.5223358e-06 2.2748107e-05 0.00071113365 2.621746e-15 3.338705e-05 0.015243896 0.6755306 0.0007804081 5.095079e-07 0.8009239 0.9321671 0.06714451 0.027976532 0.000116170515 1.4666174e-05 0.00506705 7.2279164e-08 0.060674798 0.79018146 0.3531944 5.3240983e-05 5.6847603e-06 0.18238503 0.7110086 0.003784598 0.41452923 0.008370593 1.6358492e-05 1.9056886e-05 3.0287523e-05 0.036142956 0.039045967 1.0849104e-05 1.4388748e-05 0.75315076 2.4139595e-06 0.011478151 0.0051404405 0.013773775 0.01156223 1.5393306e-06 0.0029770168 0.010492255 0.12887241 0.077936135 0.01180404 0.0028650134 1.4263211e-06 2.623126e-06 1.3864171e-06 1.9481548e-07 1.1519399e-05 0.0011463634 0.0002057239 1.3733466e-05 1.4337367e-05 0.1074692 3.967418e-06 1.128074e-06 1.9599102e-05 0.00034231777 0.002354472 4.4010085e-05 7.850687e-06 0.0023720253 0.0003940878 3.6912624e-07 0.00032967707 1.2468553e-08 1.5520666e-06 1.2588051e-05 1.7164696e-06 1.0851671e-05 0.0017473162 1.6321948e-07 0.0012454218 1.0515544e-05 0.00034176206
0.0020548117 0.10831392 0.0052631255 0.023631444 0.40247744 1.0029592e-05 0.040066145 0.15040047 0.0724209 0.6543655 0.12958716 1.4982512e-06 0.15778184 3.007334e-06 0.00462205 7.513085e-06 0.5556937 0.025164098 0.0069219167 0.024752276 4.480836e-05 0.0015702505 1.5206934e-06 0.0019703575 0.9972892 0.00044391002 3.338705e-05 1.388818e-15 1.5300236e-06 1.4247279e-06 0.22055613 0.064945735 7.273773e-07 9.593901e-07 1.2144535e-07 2.3456805e-07 0.00013606704 0.9708189 3.9272976e-07 0.0055261566 3.18079e-05 8.130193e-06 3.2314915e-06 0.00013544923 0.39591467 1.3819291e-06 9.842949e-06 0.01627921 3.6450429e-06 4.6858457e-07 0.0005482916 0.00011812109 0.03234816 1.6463743e-07 5.989205e-08 2.6424656e-05 5.3128035e-05 6.837035e-05 4.756767e-06 4.111293e-07 1.5383262e-07 1.2231578e-06 1.3833656e-07 1.3465609e-06 2.0780112e-07 3.6738044e-07 1.18395865e-05 2.2592721e-07 6.7651365e-07 1.5369257e-07 5.4230863e-06 2.5562838e-06 8.733544e-08 0.0012983596 6.751422e-07 3.3196244e-08 3.3519e-05 6.239735e-07 4.8954644e-06 9.137287e-07 5.9220747e-07 3.0816514e-07 1.4065677e-07 4.9717386e-05 7.110845e-06 1.7561424e-08 2.175301e-10 0.00018777 2.2176382e-06 3.5905067e-08 8.1725744e-08 5.829888e-09 3.9897204e-06 5.604523e-07 1.1645981e-06 7.675706e-09 3.2197917e-05 3.3160745e-08 5.9502753e-08 7.786669e-07 3.157533e-05
0.9047197 0.026118683 0.6290804 0.063081905 0.016299007 0.3528759 0.00929034 0.00040446845 0.00076621736 0.00018700656 4.994759e-05 0.8303806 5.0124268e-06 0.14515574 0.00032974753 0.8795198 1.0298705e-06 0.0026645018 0.039481934 2.2463034e-06 0.0663167 4.339781e-06 0.03876783 5.6242857e-07 1.6473552e-06 0.45581558 0.015243896 1.5300236e-06 4.346873e-13 0.06305565 0.0047687814 7.1692064e-08 0.0017759863 0.0026352445 0.8459665 0.904683 0.085605204 1.8640837e-07 0.9882169 4.7723518e-08 0.0017536273 0.018514393 0.0032834609 0.00887247 3.2429423e-08 0.0003762541 0.0020447082 0.00027416088 0.2242845 0.7635872 1.5419665e-06 0.0012571461 9.749517e-06 0.0008194495 0.07411808 2.0905636e-05 0.0004960276 0.027883014 0.000270338 0.0005685366 0.00013246419 0.0001364854 4.8579026e-05 0.00011740971 0.0007814154 0.00032559768 0.0052760383 0.00019211434 0.00019993809 0.0023144383 7.7429286e-05 0.00013476478 0.0001349263 1.4896572e-06 0.0006167746 1.1716335e-05 0.021005118 0.0015846043 0.0023751708 2.521545e-05 0.00010979918 7.9155405e-05 7.4304684e-05 0.011933517 0.051544517 9.996204e-07 1.8518302e-08 0.05645239 6.490491e-06 1.0089238e-06 2.026635e-06 9.787096e-08 0.00030117657 2.6091555e-05 5.292464e-07 7.267643e-07 0.04715567 0.00012165675 1.3493169e-06 0.0003332961 0.015393698
0.9167884 0.00022453461 0.008825569 0.00039085952 0.001152485 0.27732217 1.5240464e-05 2.0099502e-05 1.2947737e-06 1.9304374e-05 2.3514951e-07 0.5188239 1.1728895e-06 0.47272336 6.171361e-08 0.29057276 4.768933e-07 0.0003858646 1.9780342e-05 1.6378239e-07 0.08146931 5.7934852e-09 0.8868419 2.1238181e-08 1.2934605e-06 0.00066298735 0.6755306 1.4247279e-06 0.06305565 1.1013227e-15 0.00036527825 2.1028379e-08 0.88733155 0.57209355 0.63040733 0.4429061 0.00014036927 1.7281882e-07 0.009672516 6.4072774e-09 0.0031118265 0.4514808 0.921187 1.2750124e-06 3.089199e-07 0.53746605 0.5367873 0.00018389041 0.88660073 0.090626344 1.2807776e-07 4.632402e-07 3.3384865e-06 0.5076318 0.69895697 2.5647669e-08 1.3061663e-06 0.45833316 8.792192e-08 0.08550541 0.06779483 0.02785506 0.028804323 3.510895e-07 0.04025591 0.022129541 0.018942496 0.008255201 0.00850845 0.029476533 5.895069e-08 1.0026622e-06 3.747386e-07 5.660826e-08 3.539294e-06 6.331079e-05 0.00035785165 1.1402438e-05 4.878758e-05 0.14440875 2.1538419e-07 6.6612887e-07 3.6054437e-06 0.00046878506 0.03688318 1.22308375e-05 5.4539283e-05 0.00326235 0.00012198856 2.4661395e-07 0.00014304447 3.3608876e-09 1.4168136e-06 6.4078404e-07 2.4965996e-07 1.7046857e-05 0.014139017 1.1438658e-06 6.25621e-05 6.2507925e-06 0.0032544523
0.005027649 0.2517898 0.07908029 0.07953161 0.9489417 0.016290251 0.04768742 0.027344815 0.013380692 0.3740153 0.0038904015 0.0048816884 0.016116217 0.015982017 0.0010455243 0.002535016 0.013093611 0.84392166 0.020901348 0.00050143874 0.24843468 2.8711418e-05 0.00074601156 2.0269687e-05 0.017796936 0.004484564 0.0007804081 0.22055613 0.0047687814 0.00036527825 2.6977541e-16 5.3488577e-05 1.9938694e-05 0.00017074266 0.00029934736 0.00049481756 0.0035775516 0.9896379 0.0010248229 1.7808011e-06 0.04886566 0.0033863338 0.0002489003 0.0005935022 0.0006820483 2.9024022e-05 6.7400615e-05 0.88355786 0.00040488082 6.0551858e-05 2.0383914e-06 0.00022302578 0.00013091606 3.41428e-05 1.1683932e-05 2.0294733e-07 6.188898e-05 0.0005893766 3.6466495e-06 3.8895476e-05 2.7689039e-06 2.421392e-05 1.3138497e-06 6.7833976e-06 2.6019172e-05 3.2000255e-05 0.0029637536 1.9789266e-05 6.4330766e-06 1.3902829e-05 2.2340968e-05 3.864702e-06 1.0591768e-06 1.8932022e-05 0.00012428072 3.160543e-05 0.0014217866 0.00032853274 0.00011295415 1.5129688e-06 4.6956782e-07 1.688807e-05 7.775921e-06 0.0004180924 0.000107203225 6.9425096e-07 6.0666274e-08 0.000606338 2.186644e-05 1.2228952e-08 4.360179e-06 6.998478e-10 1.2253871e-05 2.894727e-06 3.027148e-06 9.428203e-08 6.032402e-05 5.309293e-07 3.856551e-08 3.2137864e-06 2.7019094e-05
