1.6289085e-17 0.0047929464 0.004089019 0.25897625 0.0009779311 0.7500101 0.20264648 0.006732872 0.9537254 0.15977545 0.002725624 0.00081538997 0.8561249 0.56594163 0.9485809 0.17927003 0.5474492 0.76404655 0.15175682 0.9191002 0.04023938 0.10341322 0.86948234 0.0004848856 0.09859123 0.8194228 0.95793855 0.37395933 0.88898176 9.3529365e-05 0.8969784 0.83383924 0.42255694 0.016207997 0.9602478 0.6738471 0.98814744 0.36639652 0.72372097 0.62765014 0.9487026 0.41065204 0.9409697 0.9702684 0.91442317 0.8019776 0.9838495 0.872233 0.97924155 0.34127128 0.110742435 0.85480005 0.83440244 0.93122584 0.77961206 0.7406984 0.92586446 0.8004355 0.9114511 0.831956 0.95807296 0.84731966 0.2055497 0.9405141 0.002378359 0.7900014 0.8822695 0.36986634 0.6006959 0.95738417 0.0062844595 0.9774026 0.45306113 0.98452544 0.9638395 0.67246246 0.97592705 0.91688937 0.7384918 0.9323944 0.99811035 0.15004809 0.32067958 0.912135 0.94109595 0.7450758 0.9804011 0.9374153 0.8101435 0.0027530373 0.98361254 0.7826521 0.52568454 2.4973642e-05 0.99952704 1.7167193e-05 0.9935571 0.9977369 0.99990535 0.9998549 0.9816245
0.0047929464 4.6727728e-21 0.99913186 0.89274234 0.88449043 0.095786706 0.24664138 0.0027321212 0.008670437 0.0005182615 7.010226e-05 0.00517786 0.0012991815 0.000118083124 0.0001589784 2.196857e-05 4.221935e-05 2.1148232e-07 1.0988151e-06 3.2090943e-06 5.5769124e-06 5.7702415e-08 7.5523764e-07 3.259784e-07 2.7885574e-07 1.8037363e-07 0.00012968213 9.667713e-10 0.00023025773 1.7571303e-05 6.958173e-05 1.0658925e-07 5.492511e-09 2.2142707e-07 0.000117882395 0.005909736 3.9798247e-06 0.012291882 7.4055545e-10 0.0009317078 9.12781e-05 0.0011998345 4.159016e-06 2.3463024e-05 9.74702e-09 0.0007661824 2.0284187e-07 3.3622888e-05 4.889513e-07 0.00025402108 1.3558438e-08 4.1495452e-05 9.243082e-05 1.1190321e-09 2.9827085e-09 2.4989815e-09 5.3711413e-10 5.7085967e-05 7.1376276e-06 3.4186442e-08 3.8669654e-08 0.00016807775 1.2627535e-09 0.00030594508 1.6796726e-07 8.168773e-06 9.739791e-07 5.62047e-08 1.3028805e-08 1.6761378e-05 1.5930186e-09 0.0008291445 1.4158875e-09 1.316975e-07 0.00039677738 7.5552464e-10 2.6554262e-06 1.743939e-08 1.660148e-07 4.3708695e-08 0.0006291538 1.5810196e-09 3.4361666e-10 0.0027356122 2.9544621e-08 0.0028711446 0.00062341534 6.542008e-08 3.443965e-08 8.5968876e-10 8.357105e-05 4.2996146e-10 1.0400112e-09 6.444752e-11 0.00020019873 1.5699515e-10 3.369974e-07 1.2358534e-05 0.008207865 0.006344217 0.0001302703
0.004089019 0.99913186 2.7550292e-22 0.16338442 0.7264399 0.039308704 0.91727793 0.00479924 0.005611294 1.7846836e-05 5.0180586e-07 3.286601e-05 0.00023679488 4.4680935e-05 0.00010146575 2.8305428e-07 0.00017784932 9.482139e-09 1.8827262e-08 8.6464064e-07 3.8686127e-07 2.1444064e-08 4.3588958e-07 1.307249e-08 1.4419729e-08 5.2474352e-08 0.0018665112 1.0757947e-10 0.0023396865 2.4621315e-08 7.598875e-05 1.8421881e-08 8.260496e-11 1.4282546e-07 0.00044122062 0.017481957 4.592683e-06 0.2831091 1.8226977e-10 0.008266319 0.0003327067 0.0061496766 3.702294e-05 5.0957107e-05 1.5560244e-09 0.0026812514 1.473723e-07 0.0006744167 6.4931317e-07 0.0006042101 1.6258237e-09 6.6886554e-05 0.0006791616 5.4828493e-09 1.402759e-09 8.855076e-10 3.6596995e-10 0.00020737184 1.1686818e-05 1.8627828e-09 1.5218655e-08 0.0010441019 8.199215e-11 0.0010485598 1.2423101e-07 0.00014467654 6.276338e-05 1.4245545e-07 5.9467578e-08 8.23124e-06 2.6852415e-10 0.0013531463 7.689316e-10 4.5141768e-08 0.0012278644 2.5610477e-11 1.1948978e-07 8.682284e-09 4.171938e-08 1.8708985e-08 0.0021862637 1.5518976e-10 3.5603184e-11 0.006006712 6.047665e-09 0.0037974145 0.00069707463 2.129639e-08 5.554595e-09 3.32844e-10 3.192256e-05 3.4511558e-10 2.4340385e-10 1.8653584e-11 0.00033104062 2.1580042e-12 4.6772172e-08 3.1223008e-05 0.00885569 0.0032903196 0.00019492228
0.25897625 0.89274234 0.16338442 1.0220531e-13 0.00015054185 0.9798969 0.0033762907 1.6643149e-06 0.62163913 0.7136516 0.5301262 0.94051296 0.41378886 0.12867415 0.06605794 0.030394666 0.00016440297 0.00021545499 0.0011425151 0.0009379413 0.01297226 2.8737495e-05 0.0003312971 0.0005160877 6.352574e-05 9.3394956e-05 0.09238053 2.6168518e-06 0.040502943 0.00040658412 0.0034751503 1.779602e-05 4.4722372e-05 3.554043e-05 0.023299955 0.07671912 5.2978015e-05 0.01268369 7.49869e-06 0.056496322 0.062276945 0.0074448884 2.0684278e-05 0.00012862105 1.7428267e-06 0.02242245 4.681417e-06 0.001164028 2.3274019e-05 1.1456262e-05 5.988372e-06 0.0014400369 0.0002544672 1.1899762e-07 1.4448369e-07 3.2446824e-05 3.481393e-06 3.188413e-05 9.246908e-05 8.548717e-06 2.3999412e-06 0.00024354042 1.14891066e-07 0.00013349306 5.4606782e-05 1.5305235e-05 1.2573209e-05 2.2474132e-06 2.946162e-06 4.338599e-05 3.064238e-07 0.0014876676 4.5068045e-06 1.914831e-06 0.0006120883 2.1707181e-05 1.9373332e-05 6.129236e-06 1.9290517e-05 1.3841628e-05 0.008690557 3.3252698e-07 1.3772289e-05 0.0006908753 5.630761e-06 0.0005914737 0.003334866 0.00017912577 0.00019595616 2.31104e-08 0.000672463 0.0014591919 1.6269749e-05 1.6321746e-09 0.0009890908 1.9294238e-10 0.00035660478 0.002196102 0.0151742315 0.005765622 0.00010980263
0.0009779311 0.88449043 0.7264399 0.00015054185 5.2157812e-20 0.00023088837 0.015135165 0.99968666 0.00011717078 3.953779e-06 5.2814645e-08 8.270918e-07 3.8907197e-07 4.657232e-08 1.6940382e-07 1.683014e-07 0.0006333951 1.07102345e-08 1.01127476e-07 4.132183e-08 6.116926e-08 2.512556e-08 2.7942315e-08 9.2266333e-10 5.313261e-08 1.9365231e-08 3.0017036e-06 4.063728e-09 5.404762e-06 4.658438e-09 2.5334123e-06 6.192995e-09 1.543021e-08 1.2857976e-07 1.6946482e-06 3.425182e-05 9.534824e-09 0.0020742603 1.1515411e-09 0.00021166846 3.045161e-06 0.000202502 1.038133e-08 3.1568976e-07 6.6052047e-10 8.569292e-05 1.439672e-09 0.0003240871 1.5309753e-06 1.8508532e-05 1.6831255e-08 4.124486e-06 0.0005582655 1.2216568e-09 2.9725636e-10 6.3984595e-09 7.936049e-10 1.089645e-05 2.4325607e-06 2.1971813e-09 1.4062289e-08 7.3051815e-05 7.167777e-10 3.789759e-05 7.069429e-08 3.027167e-07 2.1631709e-07 4.3975195e-08 2.6353757e-09 2.473165e-07 5.5866933e-09 1.0559178e-05 1.567332e-08 5.19214e-08 0.0002540373 3.5548575e-10 2.4927476e-07 5.051927e-08 6.379001e-07 1.7223892e-08 0.0017492746 1.4706988e-09 6.901564e-10 0.0009522153 2.5487035e-08 0.0002995987 2.3787508e-05 1.2197924e-08 9.992267e-07 1.5116265e-09 1.1407354e-05 1.1103704e-09 2.0500723e-10 1.4291511e-11 1.1213354e-05 1.0766995e-11 1.6159337e-09 8.388784e-06 0.002623424 0.0005818444 6.9648784e-05
0.7500101 0.095786706 0.039308704 0.9798969 0.00023088837 2.224683e-14 0.010489178 1.0693003e-05 0.99266744 0.37154675 0.09000994 0.17072599 0.41265085 0.13054386 0.13538294 0.021981739 0.0006831811 0.0014641099 0.0012020272 0.00957281 0.008880619 0.00021173974 0.00060403347 0.00018994932 0.00019807325 0.0003574122 0.5204057 1.8807224e-05 0.28617814 2.2517244e-05 0.06378752 6.197208e-05 1.578832e-05 6.959838e-05 0.1664714 0.37828526 0.00025894993 0.14517596 4.6420855e-06 0.28145736 0.31984854 0.08711784 0.004371771 0.0077291513 2.7761748e-06 0.23442233 0.00015428521 0.0051256493 0.0016398574 0.0023646057 8.054448e-06 0.030533452 0.0010689644 1.6618715e-07 2.917969e-07 9.3140525e-06 1.0616535e-06 0.0047145495 0.0036119106 4.5053926e-05 2.6081803e-05 0.0014026971 2.2748085e-07 0.001688598 2.162348e-05 0.0019828135 0.0015812364 3.6751608e-05 7.181099e-06 0.00091112655 7.2842545e-07 0.0054974486 3.0746955e-06 4.3483666e-05 0.0013200887 2.3047082e-06 0.00022221774 2.908664e-07 2.3908231e-05 3.871523e-06 0.010182329 9.1369384e-07 6.340121e-06 0.00096832076 4.339044e-06 0.0011630098 0.0037804332 4.0911755e-06 3.991372e-06 3.2199402e-08 0.0019035583 1.8541126e-05 3.0121705e-06 1.363424e-08 0.0027638003 5.033676e-10 3.3796357e-05 0.0011701898 0.0070396364 0.006501569 0.00026284548
0.20264648 0.24664138 0.91727793 0.0033762907 0.015135165 0.010489178 4.2465256e-17 0.91810226 0.011645059 3.1771822e-05 1.1343418e-08 3.3688734e-06 1.5686055e-05 3.193204e-06 3.2433354e-06 2.4742789e-05 0.9843429 4.9785234e-07 8.046413e-07 6.5398e-08 4.621406e-07 1.5156988e-07 1.872965e-07 7.2092288e-09 5.921953e-06 1.0147585e-07 0.0005892858 4.3237046e-07 0.0008586184 1.8549014e-07 0.0001918979 8.660836e-08 3.5329372e-06 2.5764348e-07 0.0009371147 0.034122813 2.4300032e-06 0.731001 1.0406294e-07 0.05897967 0.0015728299 0.044479188 9.65412e-07 6.360588e-05 1.3207149e-08 0.02418388 1.0078664e-07 0.15229061 6.6347966e-06 0.009622158 8.8646836e-08 0.004302046 0.08054225 1.0893077e-08 3.653397e-09 7.1959994e-07 9.730079e-09 0.03273487 0.0011205734 1.7965259e-07 5.307734e-07 0.0323827 3.700887e-08 0.00025356896 9.987471e-06 0.00016247443 0.00030511673 2.6478675e-08 7.6556205e-08 3.614417e-05 4.7076746e-08 0.0015926217 3.373701e-07 4.603209e-07 0.034180682 9.2849496e-07 3.5080686e-06 4.562643e-08 2.02368e-06 2.3490003e-07 0.050612554 4.0031454e-09 1.8837399e-07 0.0022722979 2.3510376e-07 0.0013533708 0.00210345 1.2168766e-07 7.861153e-06 1.2183715e-08 0.0002215066 9.232673e-06 5.289549e-08 1.0294035e-09 7.099634e-05 3.790501e-12 1.5367014e-07 3.3628345e-05 0.0061301747 0.0036718172 1.7120655e-06
0.006732872 0.0027321212 0.00479924 1.6643149e-06 0.99968666 1.0693003e-05 0.91810226 3.6755962e-16 3.1143754e-05 8.168839e-07 5.450371e-09 3.1786595e-08 1.0586023e-06 3.5521992e-07 4.3924254e-07 1.6733403e-06 0.6743532 3.5398324e-07 2.6338926e-06 3.9966147e-07 5.093551e-08 1.0364918e-06 1.261375e-06 3.54055e-08 9.821883e-07 1.7051019e-07 3.0568347e-06 2.1662161e-07 7.213029e-06 5.266885e-09 1.5625266e-06 7.199861e-08 5.319688e-07 3.2699607e-08 3.3713998e-06 2.012891e-05 3.6341697e-07 0.0013671448 3.0324574e-07 0.00025413034 1.0511353e-05 0.00035639622 1.1675127e-06 3.9739425e-06 4.290206e-08 0.00016393045 6.00009e-08 0.00056834787 1.2645168e-05 0.00015285508 2.3254282e-08 1.3982303e-05 0.012792439 3.946139e-08 1.8337536e-08 2.7274842e-08 1.0930727e-08 0.00010359632 6.9951493e-06 6.102127e-08 1.2893267e-07 0.00023239122 4.4394888e-08 3.3466582e-05 1.091781e-06 3.8027868e-06 8.776958e-05 4.336686e-06 2.0003029e-07 1.0809534e-06 1.26747155e-08 2.15519e-05 1.4634584e-07 3.002578e-07 0.00065615814 1.7355008e-08 1.1407407e-07 4.735613e-07 3.3741546e-07 7.78951e-08 0.022439694 6.1748664e-09 3.1468308e-09 0.0008315554 1.2302208e-07 8.789691e-05 1.1977491e-05 1.0833968e-07 1.6423589e-06 1.2270213e-08 2.6737557e-06 8.06355e-09 2.4429838e-09 2.4748023e-11 2.453197e-08 1.0255745e-12 5.2164872e-09 1.2652055e-07 0.011649653 0.0003050184 3.6784236e-06
0.9537254 0.008670437 0.005611294 0.62163913 0.00011717078 0.99266744 0.011645059 3.1143754e-05 4.1273178e-14 0.08966668 0.011705552 0.012264336 0.25592852 0.06456945 0.21849775 0.01754115 0.0014421402 0.003725321 0.0022494218 0.010016206 0.0043308297 0.00043569162 0.000525496 0.00025476687 0.00047766784 0.000112342226 0.79215443 7.3227864e-07 0.68757933 4.001222e-05 0.46334 3.7671814e-06 1.6677658e-06 8.008862e-05 0.57741266 0.73928523 0.0001858759 0.4324376 2.887624e-08 0.61467904 0.77485216 0.29768163 0.008434233 0.013346881 1.3258266e-07 0.7319817 4.872267e-05 0.058527317 0.01895354 0.03846675 7.772192e-06 0.3108511 0.006800949 2.2607237e-08 2.0320182e-07 1.5750004e-05 1.0744471e-07 0.061093435 0.032617956 4.1577705e-06 4.4344583e-06 0.0124087455 5.747625e-08 0.017497534 8.439761e-05 0.0074457163 0.0056392765 3.3627955e-05 6.2159506e-06 0.0032900572 4.0398598e-07 0.07863886 1.0271373e-05 6.551461e-06 0.015076944 7.725657e-06 0.0020699445 2.2710802e-07 6.456725e-05 7.284713e-07 0.04948006 2.5594502e-06 2.2081025e-05 0.0029564493 2.8344962e-06 0.00576494 0.024134578 3.616223e-07 3.3485337e-06 2.7718679e-08 0.0033074904 2.7435674e-06 3.8178797e-07 3.9516824e-08 0.0012338498 1.3314714e-09 1.5208348e-05 0.0009996834 0.052458238 0.014318664 0.0013353126
0.15977545 0.0005182615 1.7846836e-05 0.7136516 3.953779e-06 0.37154675 3.1771822e-05 8.168839e-07 0.08966668 1.4857389e-15 0.98939645 0.821275 0.79957646 0.8788439 0.17321251 0.8249233 9.794369e-06 0.1892431 0.2955893 0.0076443213 0.14252402 0.008668022 0.004416269 0.0053931777 0.030511316 8.3181505e-05 0.017951228 1.9651807e-05 0.0052518984 0.00017844087 0.00037788757 3.368151e-06 0.00045503333 0.0001146018 0.0014961318 0.0009891143 7.791135e-05 5.3824668e-05 1.4350869e-07 0.000678354 0.005271594 0.00036998905 5.0758226e-06 1.8526685e-05 4.3885038e-08 0.00062551274 3.460526e-06 2.1653857e-05 1.308824e-05 6.8581915e-07 3.3913157e-06 0.000105386294 7.5764456e-06 4.1413436e-08 1.2171423e-09 3.6816841e-06 7.9472514e-08 6.2308743e-07 6.152882e-05 1.6909867e-08 5.2437432e-08 8.237121e-06 1.730635e-08 8.652123e-05 7.191904e-05 4.4971443e-06 2.8119714e-06 1.3683838e-07 3.8191814e-08 1.0772369e-05 1.0632894e-07 0.000654257 3.184581e-07 5.5035224e-07 0.00014755366 2.6468337e-07 9.428401e-06 5.2382852e-08 1.0131379e-05 1.8522586e-07 0.014735125 8.892999e-08 1.23899e-07 0.0001936671 2.2788026e-08 0.00040253653 0.0019460774 1.18097255e-07 1.5753307e-05 1.1809162e-07 0.0010753282 3.4664183e-06 7.5840685e-09 1.0691471e-09 5.2040305e-05 7.268689e-11 6.8002475e-07 0.00023655001 0.012989937 0.0027812566 2.5369676e-05
0.002725624 7.010226e-05 5.0180586e-07 0.5301262 5.2814645e-08 0.09000994 1.1343418e-08 5.450371e-09 0.011705552 0.98939645 1.0330321e-21 0.9968651 0.31641033 0.46859342 0.0075236945 0.3102052 1.0670799e-08 0.003510673 0.030777743 0.00027662935 0.014379497 0.00012763363 0.00018370882 0.0014165732 0.00091319426 2.0651667e-06 0.0026550898 3.787112e-08 0.0009890412 0.00013724701 5.5111827e-06 2.983582e-07 2.4070664e-07 1.8241466e-06 5.1267612e-05 7.224126e-06 5.6812783e-05 1.8268711e-06 8.5172236e-10 1.2707402e-05 5.9433252e-05 2.4638653e-06 1.1761153e-06 4.7527224e-06 6.867715e-09 3.1351742e-06 3.8091443e-07 1.0340423e-06 2.7399651e-09 6.9593735e-09 1.4139452e-08 2.7192056e-07 1.3798952e-07 1.3798035e-08 3.5081402e-09 2.1469315e-08 1.038071e-09 1.9718225e-09 1.2807304e-08 9.403051e-10 6.290217e-10 1.09825194e-07 1.1024903e-09 2.6562495e-06 5.578519e-06 9.94249e-08 6.913095e-09 4.161134e-10 5.874321e-10 9.913405e-08 2.519839e-10 8.844123e-06 1.9087504e-10 2.389316e-09 4.4575938e-07 1.616544e-09 1.3455261e-08 2.9129306e-09 1.0342887e-08 4.1967027e-08 3.6643956e-05 3.005365e-11 1.4847914e-09 2.2489678e-06 1.6128453e-09 4.615179e-05 4.5390125e-06 5.75765e-09 5.952979e-11 1.5668427e-11 1.0544073e-05 3.1457807e-09 6.791543e-11 2.7314885e-11 2.0421534e-07 2.5579953e-12 8.375451e-08 5.676899e-06 0.0001486032 3.584067e-05 2.426512e-05
0.00081538997 0.00517786 3.286601e-05 0.94051296 8.270918e-07 0.17072599 3.3688734e-06 3.1786595e-08 0.012264336 0.821275 0.9968651 1.5411873e-21 0.44206122 0.6157803 0.0054518874 0.86969846 3.0540704e-07 0.009562681 0.211981 0.00067198504 0.51961356 0.0015284531 0.0013963048 0.5466373 0.080549896 5.9067952e-05 0.0025931248 7.934548e-07 0.0012521911 0.60267687 3.2773056e-05 5.8374962e-06 0.0013279576 0.0044291015 0.00010405059 1.5593387e-05 4.946951e-05 1.5353692e-06 2.211857e-08 9.232514e-06 0.0001251948 5.967605e-07 1.4152532e-05 4.21588e-05 1.5891745e-08 5.399412e-05 1.1616054e-06 8.028782e-07 2.3110766e-07 1.4127456e-08 0.0013573209 1.1639112e-05 4.3071395e-07 9.132987e-08 1.4063792e-08 0.00016671234 8.633737e-08 9.840494e-09 2.423553e-06 4.095459e-09 7.7631235e-08 6.6848423e-07 7.001441e-10 8.152127e-06 0.0053696167 5.185776e-08 5.5289238e-08 2.7042669e-08 3.6518362e-09 1.88357e-06 8.5309597e-07 1.9763107e-05 2.8700137e-07 1.7635682e-07 1.9419808e-06 1.7266264e-07 2.7834865e-06 6.6395535e-07 6.6021585e-06 3.379378e-07 4.3496522e-05 1.7007445e-09 5.5501364e-09 3.0332021e-06 7.970884e-09 6.638984e-05 1.4596979e-05 1.2270127e-07 1.2078168e-07 2.8250542e-09 6.6977736e-06 6.7618857e-09 3.6198855e-10 2.2719995e-10 8.768671e-06 2.2937377e-12 2.7985826e-07 2.7826574e-05 0.0001990346 0.00036432655 2.7256603e-05
0.8561249 0.0012991815 0.00023679488 0.41378886 3.8907197e-07 0.41265085 1.5686055e-05 1.0586023e-06 0.25592852 0.79957646 0.31641033 0.44206122 1.0768129e-14 0.9916023 0.94716287 0.38880932 3.1441614e-05 0.39672965 0.16155641 0.5445635 0.3120332 0.0075798393 0.100278616 0.00503597 0.0053268494 0.005649515 0.49769533 5.773256e-05 0.16091801 0.00043866303 0.041758098 0.00016116901 4.5977467e-05 0.0006293284 0.07345374 0.0073716207 0.0024925035 0.0004237144 2.3459692e-05 0.0032399348 0.16053005 0.0014492027 0.0041346415 0.009871062 3.2614582e-06 0.013393619 0.0012480709 4.5302273e-05 0.00042378352 6.7806846e-05 2.0107045e-06 0.001169077 9.8506025e-06 1.7519213e-07 9.496026e-08 5.695722e-06 2.080821e-07 2.6709713e-05 0.00026334907 4.372475e-06 4.725375e-06 8.310904e-05 1.0161544e-06 0.0012764483 2.1972528e-05 0.001002897 0.00050744513 4.973747e-06 1.9920476e-06 0.0038992413 8.7177375e-07 0.0010254447 1.0690802e-05 1.6942808e-05 7.511169e-05 1.1812913e-05 0.0014326031 6.0289045e-07 1.032355e-05 1.7719952e-06 0.0011203698 2.6038035e-07 3.733572e-06 0.00036126404 9.835429e-07 0.00021825597 0.0024245947 6.5092456e-07 5.410177e-08 1.519632e-08 0.0034353582 1.337215e-06 4.294384e-07 9.551077e-09 0.00022230211 1.6230319e-09 8.809777e-06 0.0016091062 0.003134049 0.0025233661 0.00022766567
0.56594163 0.000118083124 4.4680935e-05 0.12867415 4.657232e-08 0.13054386 3.193204e-06 3.5521992e-07 0.06456945 0.8788439 0.46859342 0.6157803 0.9916023 5.421063e-16 0.850852 0.70571053 7.4362947e-07 0.85371405 0.6015315 0.5692394 0.5487084 0.18183857 0.4313975 0.02508216 0.09456042 0.038272165 0.36666626 0.0023720006 0.10928172 0.0011115805 0.024772841 0.0013836124 0.0003516711 0.0018526785 0.025125327 0.00041558122 0.014428866 3.4442908e-06 0.00011692387 0.0002631625 0.065617755 3.1502634e-05 0.0064404774 0.014639151 7.877484e-06 0.0013727535 0.0034745838 2.9923974e-06 4.6242058e-05 1.4554664e-07 7.659375e-06 0.00010377915 4.2964854e-07 6.24108e-07 8.5262215e-08 4.2333872e-06 1.3945227e-07 3.345551e-07 3.7635244e-05 5.2719333e-06 8.975237e-06 2.5443953e-06 6.0330456e-07 0.0012129785 1.0616531e-05 0.00022838218 0.00010035452 1.6535662e-06 1.6057787e-06 0.0021698854 6.920365e-07 7.1446324e-05 3.0476917e-06 5.4201955e-06 1.7219113e-06 4.2006877e-06 0.00071872043 1.0697949e-07 5.8699534e-06 1.129452e-06 9.52321e-05 3.4857184e-08 1.0980807e-06 1.5447138e-05 3.397344e-07 9.994102e-06 0.00029767456 4.7312793e-07 1.2140221e-08 4.272266e-08 0.00083810213 1.9989727e-06 1.2198592e-07 1.3944449e-08 0.00031961777 9.881435e-10 4.413515e-06 0.0010392113 0.00031582426 0.0003371593 5.5632e-05
0.9485809 0.0001589784 0.00010146575 0.06605794 1.6940382e-07 0.13538294 3.2433354e-06 4.3924254e-07 0.21849775 0.17321251 0.0075236945 0.0054518874 0.94716287 0.850852 4.0957495e-16 0.27057242 2.328452e-05 0.54871047 0.16836737 0.9790097 0.20651409 0.04229485 0.6655017 0.0023201676 0.021138553 0.18345572 0.8388428 0.0006960187 0.43361503 0.00015855112 0.2248916 0.0048293932 0.00011712867 0.0012555848 0.1256938 0.0098994905 0.03180936 0.0007757655 5.560988e-05 0.0015825459 0.22585575 0.0008648993 0.27806613 0.32124993 2.1731561e-05 0.0097522 0.03388534 2.8489938e-05 0.0027327307 0.00017144461 4.4951034e-06 0.0009353044 8.455128e-06 5.242871e-07 9.3261484e-08 8.7696335e-06 1.5790549e-07 0.00017848561 0.00017764386 1.4346408e-05 1.2830673e-05 0.00022764548 8.411668e-07 0.020204846 1.01762125e-05 0.006198672 0.0031910124 2.0991613e-06 1.3070073e-06 0.039205253 4.4360465e-07 0.0021453665 4.557273e-06 1.4473263e-05 0.0004707271 2.930889e-06 0.013030919 1.9833001e-07 4.5027446e-06 4.1466355e-06 0.00070548884 8.446326e-08 6.7194014e-07 0.00059380004 2.0429218e-06 0.00064859004 0.003953302 3.3074255e-07 9.349423e-09 2.7578917e-09 0.017410802 5.469303e-07 1.9376252e-07 4.2225468e-09 0.0006330355 1.030999e-09 2.2312236e-06 0.0012850801 0.0034523383 0.0034163517 0.0003088841
0.17927003 2.196857e-05 2.8305428e-07 0.030394666 1.683014e-07 0.021981739 2.4742789e-05 1.6733403e-06 0.01754115 0.8249233 0.3102052 0.86969846 0.38880932 0.70571053 0.27057242 9.350308e-14 9.325882e-06 0.7064518 0.9565492 0.2101464 0.95428747 0.63298833 0.3685301 0.382818 0.9222509 0.050172113 0.057798624 0.033015195 0.010582834 0.03579152 0.00063909905 0.0052868547 0.08135998 0.05271551 0.0006973785 6.9736348e-06 0.032866362 6.6191865e-06 0.0007502647 2.9984178e-05 0.007911145 3.231957e-06 0.00025355033 0.0019259178 0.00018679323 6.77541e-05 0.0016787262 1.7493145e-06 1.8227407e-05 3.5840836e-07 0.00022474884 1.1186715e-05 2.4977917e-06 1.603412e-05 1.7486596e-07 7.8956065e-05 1.5874825e-06 3.7188958e-08 1.16290275e-05 2.0065265e-06 3.977624e-06 3.0187964e-06 3.4976229e-06 6.0589693e-05 0.0012841098 1.6097905e-05 1.2178566e-05 7.9920676e-07 2.3685768e-06 0.0023540657 7.8845596e-07 0.00016590187 2.121014e-05 5.838034e-07 2.4863054e-06 1.4982049e-05 0.00068916637 3.3384276e-07 0.00021216705 3.4559664e-05 0.00019725946 7.397699e-08 6.462641e-06 3.125933e-05 1.4448376e-06 2.5870493e-05 0.0005942975 6.1737096e-06 8.419683e-06 1.051435e-07 0.0022025255 0.00019087944 6.699994e-07 4.9298006e-08 0.0003846659 7.167913e-10 1.9870336e-05 0.0010007073 0.00066754676 0.00075074704 2.0660149e-05
0.5474492 4.221935e-05 0.00017784932 0.00016440297 0.0006333951 0.0006831811 0.9843429 0.6743532 0.0014421402 9.794369e-06 1.0670799e-08 3.0540704e-07 3.1441614e-05 7.4362947e-07 2.328452e-05 9.325882e-06 4.5330265e-13 1.5035545e-06 4.448614e-06 1.3126398e-06 3.0936832e-07 1.887015e-06 2.6008553e-07 6.3350114e-07 6.1633946e-05 6.171558e-07 0.00011612509 1.209197e-06 0.000298999 6.4006093e-07 0.00016384933 3.5006212e-07 5.7224274e-06 6.134402e-07 0.0003027928 0.0021854811 1.2742759e-06 0.4469961 3.5870244e-07 0.010292668 0.00015813661 0.008653688 2.864284e-06 0.00011584459 5.535244e-08 0.0035252923 6.990957e-07 0.22798395 0.00010754421 0.008612407 2.990014e-07 0.0012784705 0.97830045 1.2215921e-08 7.662794e-08 2.7578497e-07 4.6256346e-07 0.019353077 0.0009593323 5.5484093e-06 2.5643878e-06 0.09169159 8.688165e-07 0.00024931913 4.269226e-05 3.477592e-05 0.00022248726 7.722055e-06 3.7869065e-06 2.1058053e-05 1.1876266e-06 0.0011112911 9.595458e-07 7.822035e-06 0.14719939 4.3498494e-06 2.5131303e-05 2.2209389e-07 7.0575197e-06 1.0680539e-07 0.6773182 1.4744068e-08 3.846772e-08 0.007852339 1.3420322e-07 0.0017461777 0.00048321477 2.5450177e-07 1.5073483e-05 2.3746063e-08 1.8500237e-05 1.8957161e-08 9.674798e-10 1.6298188e-10 6.724264e-06 3.3188677e-10 8.752817e-09 6.5203453e-06 0.02651245 0.0036113916 6.491519e-06
0.76404655 2.1148232e-07 9.482139e-09 0.00021545499 1.07102345e-08 0.0014641099 4.9785234e-07 3.5398324e-07 0.003725321 0.1892431 0.003510673 0.009562681 0.39672965 0.85371405 0.54871047 0.7064518 1.5035545e-06 6.650239e-16 0.9876757 0.7102324 0.618288 0.8347049 0.9310729 0.035397258 0.47256714 0.66188663 0.06876346 0.45909527 0.023150261 0.0020349254 0.015618162 0.19103198 0.08355931 0.05947722 0.009314711 6.3984306e-05 0.33407682 1.1274378e-05 0.019236173 1.664765e-05 0.024362296 2.0734255e-06 0.033763085 0.061135795 0.0023580156 0.00014733613 0.048952557 3.7585025e-07 9.601024e-05 1.2133347e-06 0.0015516414 5.607594e-06 6.5743404e-07 2.1082666e-05 3.805054e-06 0.00022288247 3.3352533e-06 3.5318166e-07 2.12863e-06 8.212457e-05 1.9912413e-05 1.1418232e-06 1.4241146e-05 0.00061580364 0.00047809078 0.000380883 0.00015059138 2.142328e-06 1.5094406e-06 0.0017474954 1.191357e-05 4.8167527e-05 9.015986e-06 5.3336857e-06 1.8138908e-06 2.44352e-05 0.0009838783 1.922175e-06 0.0002653677 5.9443487e-06 2.5362591e-05 7.2716816e-08 6.943489e-07 5.6521253e-06 1.5937718e-06 7.5101484e-06 3.7401816e-05 9.22707e-07 9.395566e-08 3.0870962e-07 0.003912898 1.8936167e-06 2.935013e-07 4.4423922e-09 4.733478e-05 6.541253e-10 1.949141e-06 0.0003945509 0.00040004062 0.00015107743 9.744493e-05
0.15175682 1.0988151e-06 1.8827262e-08 0.0011425151 1.01127476e-07 0.0012020272 8.046413e-07 2.6338926e-06 0.0022494218 0.2955893 0.030777743 0.211981 0.16155641 0.6015315 0.16836737 0.9565492 4.448614e-06 0.9876757 3.451206e-15 0.19405815 0.756886 0.89772516 0.4899012 0.13168977 0.7594996 0.19765358 0.016406724 0.15372147 0.0025361234 0.0057215304 0.0012622174 0.020571887 0.039930593 0.026802897 0.00078463275 2.3487373e-06 0.03887427 1.8987307e-06 0.004516714 5.25798e-06 0.0011237154 8.3943985e-07 0.003024407 0.008037318 0.00053186435 1.9373294e-05 0.0050463397 5.4582415e-07 1.5169759e-05 6.6591134e-08 0.00046863846 2.3911616e-06 2.151158e-06 1.4375635e-05 4.0598894e-07 0.00011390696 5.529841e-06 2.0129972e-08 3.6522877e-06 1.0058241e-05 1.3246968e-05 6.791951e-07 1.9364781e-05 5.8134716e-05 0.0005334289 9.483089e-05 6.760262e-05 6.7714944e-07 3.177435e-06 0.00022641524 2.1641833e-06 6.597608e-06 1.4442378e-05 3.4267034e-06 5.5757613e-07 9.02953e-06 0.00010411988 2.659702e-06 8.4455256e-05 5.2134264e-06 1.8483624e-05 1.5131873e-07 1.3697841e-06 9.369734e-06 1.9017408e-06 1.7426174e-06 1.8742427e-05 6.723247e-07 2.885019e-07 1.1846825e-07 0.00033663076 2.595199e-05 4.3192412e-07 1.24735955e-08 0.000120561825 1.7555958e-09 6.893415e-06 0.00042283925 0.00011073636 0.00012722031 2.7234752e-05
0.9191002 3.2090943e-06 8.6464064e-07 0.0009379413 4.132183e-08 0.00957281 6.5398e-08 3.9966147e-07 0.010016206 0.0076443213 0.00027662935 0.00067198504 0.5445635 0.5692394 0.9790097 0.2101464 1.3126398e-06 0.7102324 0.19405815 1.4968198e-16 0.16059819 0.20319062 0.9738283 0.0027668793 0.10136314 0.7884513 0.58292943 0.04883968 0.16327746 0.00021263558 0.111148484 0.20226002 0.0023423824 0.0049095703 0.02559526 0.0001628963 0.3427416 2.7784197e-05 0.0058969087 7.253034e-05 0.030669339 5.0051876e-05 0.5561496 0.5922219 0.004871754 0.00053696777 0.28351414 2.284776e-06 0.0007804959 6.433316e-06 0.00042734196 7.5432494e-05 3.4924915e-07 1.4317924e-05 8.9382165e-06 0.00027915815 1.3408967e-06 1.514806e-05 1.49155e-05 0.00018497634 0.00014743031 1.9948964e-05 3.1199343e-05 0.02418867 3.1386164e-05 0.010508723 0.0050749346 1.1718123e-05 9.259169e-06 0.05370172 4.6537632e-05 0.00043493643 1.1613876e-05 6.339024e-05 1.1407582e-05 9.05546e-06 0.023249734 1.4746419e-06 1.0389853e-05 7.467354e-06 3.9243663e-05 1.6685875e-07 2.3711036e-06 0.00012732399 8.404417e-06 0.00022762528 0.00063667516 1.1935775e-06 4.330563e-09 8.645124e-08 0.026437918 8.0214267e-07 1.989269e-07 2.234621e-07 0.0023376949 2.843673e-09 1.5886245e-06 0.0027290506 0.00077210466 0.00095444045 0.000769592
0.04023938 5.5769124e-06 3.8686127e-07 0.01297226 6.116926e-08 0.008880619 4.621406e-07 5.093551e-08 0.0043308297 0.14252402 0.014379497 0.51961356 0.3120332 0.5487084 0.20651409 0.95428747 3.0936832e-07 0.618288 0.756886 0.16059819 3.214962e-16 0.46912992 0.3636277 0.99619216 0.8466517 0.08641289 0.035906564 0.2918275 0.009663098 0.025602419 0.00091481436 0.023935603 0.82528085 0.020847818 0.0012586773 1.7211569e-05 0.03559961 1.3068204e-06 0.00067648344 7.2981798e-06 0.0016576714 8.649487e-06 0.0017126976 0.0024112193 0.0025837233 1.9828523e-05 0.0028753905 2.4267712e-05 4.4907563e-05 2.4197158e-07 0.005067958 1.4119099e-05 8.615285e-07 9.009406e-05 3.048328e-06 0.00039949061 2.742233e-06 1.1274202e-06 7.403444e-06 5.8828036e-06 8.0669884e-07 9.24242e-07 8.410679e-06 0.00029027133 0.0034970248 6.0741968e-05 3.6176032e-05 2.6996236e-06 1.9204253e-06 0.0002246402 3.1006835e-05 5.4664724e-05 5.234832e-07 9.919718e-07 5.2190276e-06 5.752925e-07 3.745228e-05 1.8650359e-06 3.5937253e-05 4.0077507e-06 6.284273e-05 5.1896947e-08 5.5716285e-08 7.4170407e-06 4.2466283e-07 0.000100769015 0.00026099532 1.4168082e-06 1.2373793e-07 6.332604e-06 0.00084060675 8.6440565e-07 2.5780334e-08 6.98111e-09 4.6481164e-05 4.3622137e-09 2.8077638e-06 0.00058294804 0.0006465675 0.0001737344 0.0003385751
0.10341322 5.7702415e-08 2.1444064e-08 2.8737495e-05 2.512556e-08 0.00021173974 1.5156988e-07 1.0364918e-06 0.00043569162 0.008668022 0.00012763363 0.0015284531 0.0075798393 0.18183857 0.04229485 0.63298833 1.887015e-06 0.8347049 0.89772516 0.20319062 0.46912992 5.3436607e-15 0.6202108 0.07255245 0.9953703 0.34451464 0.0032870104 0.8117447 0.0007674251 0.0035911202 0.00045903953 0.13163958 0.28066632 0.032193203 0.00020244737 9.911424e-07 0.092703275 4.7556236e-06 0.14220552 5.8476153e-06 0.00031048484 1.6792968e-06 0.010643837 0.016046936 0.0072318716 3.2882566e-05 0.019572094 1.7344419e-06 1.4466791e-05 4.551344e-08 0.0059754876 5.5731007e-06 4.7695403e-06 0.00010813102 1.2683054e-05 0.0017444117 1.9521705e-05 5.1341367e-08 5.2953137e-06 9.7225755e-05 4.8236805e-05 9.2675845e-07 5.2094332e-05 0.00024447916 0.00067029754 0.00019737218 0.000111666515 1.995886e-05 1.9009909e-05 0.00036464722 5.9939794e-05 1.5188027e-05 3.378531e-05 2.3806162e-05 3.56943e-07 3.4586603e-05 0.0001409469 4.3341657e-05 0.00012178014 1.8282106e-05 2.538474e-06 6.5316067e-07 3.9998963e-06 3.964944e-06 4.1513204e-06 3.4351417e-06 1.6471047e-05 6.0368184e-06 1.4353847e-06 5.550928e-06 0.00038133116 1.8634262e-05 2.0006091e-06 2.6079564e-07 9.697073e-05 9.900248e-09 2.5924323e-06 0.000247842 2.655291e-05 0.000111431946 5.0014325e-05
0.86948234 7.5523764e-07 4.3588958e-07 0.0003312971 2.7942315e-08 0.00060403347 1.872965e-07 1.261375e-06 0.000525496 0.004416269 0.00018370882 0.0013963048 0.100278616 0.4313975 0.6655017 0.3685301 2.6008553e-07 0.9310729 0.4899012 0.9738283 0.3636277 0.6202108 2.572727e-13 0.0156419 0.46713012 0.9710623 0.09670074 0.5001696 0.01849097 0.0015678622 0.006953842 0.46569154 0.15126896 0.06763751 0.004315902 2.4666217e-05 0.6193523 3.0657902e-05 0.08339224 3.2396703e-05 0.0030806705 3.7465215e-05 0.16298687 0.2955956 0.026291898 0.00019825864 0.21364857 3.2601492e-06 0.0003233329 4.2083457e-06 0.0107547855 2.091142e-05 6.4493884e-07 0.00030046166 0.00016352885 0.012490341 1.9110266e-05 2.683926e-06 2.9904219e-05 0.0006000165 0.00048702047 8.708426e-06 0.0005561137 0.005251313 0.001005397 0.0024085706 0.0016316504 3.8894403e-05 3.5748162e-05 0.016645 0.0014962652 3.0252335e-05 7.164037e-05 0.00013977003 3.2781227e-06 8.478006e-05 0.010176495 5.1081597e-06 0.00027584325 1.782372e-05 3.404889e-05 1.5685763e-06 2.7736596e-05 6.805497e-05 1.1399447e-05 4.986782e-05 0.00015504721 1.0938159e-05 1.8211455e-07 4.832373e-07 0.008138797 1.1235416e-05 1.9766696e-06 1.4346798e-06 0.0008552735 2.0839519e-08 2.6717482e-05 0.0009893709 0.00012214221 0.0005632252 0.000205668
0.0004848856 3.259784e-07 1.307249e-08 0.0005160877 9.2266333e-10 0.00018994932 7.2092288e-09 3.54055e-08 0.00025476687 0.0053931777 0.0014165732 0.5466373 0.00503597 0.02508216 0.0023201676 0.382818 6.3350114e-07 0.035397258 0.13168977 0.0027668793 0.99619216 0.07255245 0.0156419 2.4619995e-16 0.66255856 0.0055763973 0.0002603634 0.021376716 8.373467e-05 0.9895664 1.0552976e-05 0.0015057299 0.29834637 0.46164814 8.511038e-06 9.0180315e-08 0.0006930804 3.825488e-08 0.0010349145 1.2130022e-07 2.589383e-06 6.321251e-07 0.00011043031 0.00016500847 0.0001189515 1.1953306e-06 7.648627e-05 2.3298311e-07 1.3451887e-06 2.4913976e-07 0.012373312 1.4143848e-06 3.0785305e-08 1.2137497e-05 1.2471104e-07 0.0023327966 1.9479116e-07 3.5734747e-08 2.2644491e-07 1.7584695e-07 1.9125926e-07 1.07109955e-07 1.4869882e-05 4.417486e-06 0.013511243 4.0485685e-07 6.768896e-08 5.8699587e-08 3.331505e-08 7.1077325e-06 0.001877555 6.8578515e-07 3.5172477e-06 5.2815074e-07 3.6597033e-08 8.796974e-06 3.5632759e-06 8.6244347e-07 0.00037109086 1.3142468e-06 6.0268235e-07 3.8679082e-07 4.7767395e-07 3.0385525e-08 2.1050641e-07 1.1999093e-06 9.3520623e-07 6.5469237e-07 2.8765394e-06 7.4344903e-06 3.5107212e-05 3.635709e-07 1.6475869e-07 1.781372e-06 2.4329422e-05 1.1321118e-07 4.277358e-06 3.8937935e-05 2.256724e-06 1.7478878e-05 5.4891943e-06
0.09859123 2.7885574e-07 1.4419729e-08 6.352574e-05 5.313261e-08 0.00019807325 5.921953e-06 9.821883e-07 0.00047766784 0.030511316 0.00091319426 0.080549896 0.0053268494 0.09456042 0.021138553 0.9222509 6.1633946e-05 0.47256714 0.7594996 0.10136314 0.8466517 0.9953703 0.46713012 0.66255856 5.1890424e-15 0.28694367 0.0032069085 0.7798363 0.00047043225 0.082237184 0.00013687096 0.11556101 0.7971455 0.4014682 6.8605674e-05 1.1404684e-06 0.15930948 4.6539694e-06 0.101556025 7.4299965e-06 0.000270973 3.1781412e-06 0.0039906036 0.011110893 0.0048861946 4.069953e-05 0.010501524 6.2748114e-07 0.00011718989 4.4273355e-07 0.15121192 1.4251622e-05 2.1441922e-06 0.0001271536 4.809968e-05 0.013988553 4.523432e-05 9.082349e-08 1.6561979e-05 8.6663356e-05 0.0001626552 5.1007746e-06 0.00036827888 0.00021197351 0.0075398413 8.099891e-05 8.526755e-05 1.425313e-05 2.1764456e-05 0.00032351675 0.0015880384 2.6727652e-05 0.000118106655 9.153771e-05 3.5478283e-07 0.0001527388 0.00016131031 2.9494187e-05 0.00081162143 1.0349692e-05 6.903669e-05 9.264601e-06 4.7323174e-05 2.8563215e-06 1.8325116e-05 7.168984e-07 4.495217e-05 0.00015279911 1.4044766e-05 2.4709325e-05 0.0008581686 0.00040820971 2.9679807e-06 1.9428913e-05 0.00016867703 6.798163e-08 2.2399146e-05 0.00043022976 2.5579555e-05 0.00046253751 4.9750826e-05
0.8194228 1.8037363e-07 5.2474352e-08 9.3394956e-05 1.9365231e-08 0.0003574122 1.0147585e-07 1.7051019e-07 0.000112342226 8.3181505e-05 2.0651667e-06 5.9067952e-05 0.005649515 0.038272165 0.18345572 0.050172113 6.171558e-07 0.66188663 0.19765358 0.7884513 0.08641289 0.34451464 0.9710623 0.0055763973 0.28694367 1.0394552e-14 0.014286689 0.6723837 0.0042122053 0.00043171804 0.0021290153 0.9782695 0.287983 0.03272372 0.0003954586 9.70584e-06 0.89547443 7.617773e-06 0.4832415 6.7318474e-06 0.00010681247 8.452918e-06 0.49472785 0.44684327 0.48527795 6.312227e-05 0.6861469 8.159099e-07 0.00013083468 1.7858761e-06 0.024733052 1.0737609e-05 2.71354e-07 0.0019201764 0.002217483 0.021634 9.944952e-05 1.2744496e-06 1.18361995e-05 0.0026795438 0.0019242938 4.583433e-06 0.0013783313 0.005581212 0.0014201265 0.003918707 0.0020969955 8.8908164e-05 9.585754e-05 0.027419487 0.0032992302 2.926226e-05 9.702847e-05 0.000758616 1.5854719e-06 0.00012653497 0.019649578 9.203284e-06 0.00034610042 5.4930722e-05 8.610263e-06 9.2938706e-07 1.5930917e-05 5.0311784e-05 5.383407e-05 8.944394e-05 7.307773e-05 7.837244e-06 3.8943075e-08 1.9823567e-07 0.019856814 6.134435e-06 3.742195e-06 1.2864423e-06 0.0025923261 4.5806123e-09 1.2012198e-05 0.0030865183 8.514688e-05 0.00051851757 0.0013439701
0.95793855 0.00012968213 0.0018665112 0.09238053 3.0017036e-06 0.5204057 0.0005892858 3.0568347e-06 0.79215443 0.017951228 0.0026550898 0.0025931248 0.49769533 0.36666626 0.8388428 0.057798624 0.00011612509 0.06876346 0.016406724 0.58292943 0.035906564 0.0032870104 0.09670074 0.0002603634 0.0032069085 0.014286689 1.5588127e-14 0.0003433712 0.96647507 6.825943e-06 0.9407369 0.0011601557 4.1531046e-05 0.0025704235 0.75236285 0.122397564 0.0047694454 0.0010968767 2.8138855e-05 0.0023090898 0.64604115 0.0034220207 0.30524498 0.48995367 4.613172e-05 0.032488056 0.011234624 0.00020473963 0.36290264 0.0006544258 2.5816911e-05 0.0100286165 4.6814307e-06 4.7435256e-06 8.187921e-06 2.4300809e-05 5.052005e-06 0.0016855514 0.0060381405 0.00011438919 0.0004652838 0.00067330204 4.4177952e-05 0.25279865 1.6648506e-05 0.10008679 0.09224901 5.7006702e-05 7.76177e-06 0.15859932 1.0539318e-05 0.025583444 4.2498574e-05 0.00038530878 0.00078083354 1.6097538e-05 0.15545042 4.631934e-07 1.0714818e-05 2.0095938e-05 0.0021818492 1.0017646e-06 1.4988701e-06 0.0024451904 9.2576374e-05 0.00374375 0.015134869 2.1144997e-06 1.0990623e-08 7.6295976e-07 0.04033328 2.1914216e-06 1.1592857e-06 1.870392e-06 0.034027673 4.4193982e-08 1.9605344e-05 0.022347838 0.0043858374 0.012837426 0.003600681
0.37395933 9.667713e-10 1.0757947e-10 2.6168518e-06 4.063728e-09 1.8807224e-05 4.3237046e-07 2.1662161e-07 7.3227864e-07 1.9651807e-05 3.787112e-08 7.934548e-07 5.773256e-05 0.0023720006 0.0006960187 0.033015195 1.209197e-06 0.45909527 0.15372147 0.04883968 0.2918275 0.8117447 0.5001696 0.021376716 0.7798363 0.6723837 0.0003433712 3.307224e-16 0.00013681393 0.0017325137 2.0522217e-05 0.64026856 0.98643166 0.10217073 3.819462e-06 2.2023214e-07 0.565205 1.1442721e-07 0.9659647 1.2354075e-06 2.5656685e-05 5.774891e-07 0.028634861 0.03757402 0.24607685 6.3768443e-06 0.14081393 8.841145e-08 2.4006508e-06 1.0153891e-08 0.23746444 3.2867203e-07 1.917401e-07 0.009072802 0.0016301486 0.15190151 0.00016846994 5.183934e-09 8.36827e-07 0.0022323944 0.00071714015 1.1536273e-07 0.004971673 0.00039836016 0.009060667 0.00028856672 0.00014893008 3.42547e-05 2.1018746e-05 0.0012657216 0.014007008 5.0185827e-06 6.3253756e-05 9.1895985e-05 4.546043e-08 0.00041973838 0.0012152932 3.327313e-05 0.00064327545 6.225226e-05 3.594296e-06 5.376054e-07 1.3512607e-05 7.01502e-07 3.611879e-06 3.0756134e-06 3.7332695e-06 1.1521486e-05 2.65533e-06 9.166037e-05 0.0030254154 4.7200265e-05 1.86027e-06 1.6554732e-05 0.00039543014 2.440135e-08 8.633994e-06 0.001330172 1.6541851e-05 0.0004127556 0.00011959806
0.88898176 0.00023025773 0.0023396865 0.040502943 5.404762e-06 0.28617814 0.0008586184 7.213029e-06 0.68757933 0.0052518984 0.0009890412 0.0012521911 0.16091801 0.10928172 0.43361503 0.010582834 0.000298999 0.023150261 0.0025361234 0.16327746 0.009663098 0.0007674251 0.01849097 8.373467e-05 0.00047043225 0.0042122053 0.96647507 0.00013681393 1.4497621e-14 1.21661205e-05 0.9809423 0.00033730286 1.5180873e-05 0.00076552277 0.77265173 0.2716032 0.0012485374 0.0018951382 2.3419701e-05 0.004860491 0.56582075 0.0056602354 0.09176037 0.15624969 3.405279e-05 0.04621578 0.0031130705 0.00075595506 0.42256886 0.0007992149 4.2018757e-05 0.006929823 4.532219e-05 7.461033e-06 1.5124709e-06 2.8851704e-05 1.2584168e-06 0.0016547883 0.0054814164 8.0028905e-05 0.00018510499 0.00063337735 1.3567888e-05 0.23660117 2.4961997e-05 0.073533185 0.06642013 4.567866e-05 5.4954007e-06 0.11278179 1.3600198e-05 0.024842005 2.010602e-05 0.00014180153 0.0013801893 1.0534323e-05 0.08618823 2.7120808e-07 3.6964273e-05 4.4380376e-06 0.0026056832 1.0664564e-06 1.1516361e-06 0.0024091518 5.7336183e-05 0.004433782 0.01661375 1.1880695e-06 7.2515704e-08 1.0534379e-06 0.026462939 1.2458843e-06 5.3037513e-07 6.668192e-07 0.018898116 2.324179e-07 1.981172e-05 0.010440685 0.0034662203 0.012272996 0.0015596118
9.3529365e-05 1.7571303e-05 2.4621315e-08 0.00040658412 4.658438e-09 2.2517244e-05 1.8549014e-07 5.266885e-09 4.001222e-05 0.00017844087 0.00013724701 0.60267687 0.00043866303 0.0011115805 0.00015855112 0.03579152 6.4006093e-07 0.0020349254 0.0057215304 0.00021263558 0.025602419 0.0035911202 0.0015678622 0.9895664 0.082237184 0.00043171804 6.825943e-06 0.0017325137 1.21661205e-05 1.4871137e-19 4.110232e-06 9.325256e-05 0.15091337 0.9972203 7.931692e-06 2.40914e-07 5.4333697e-05 8.8682185e-08 0.00012832088 2.0471034e-06 1.6475225e-05 3.8759376e-06 1.9890292e-06 3.9710274e-05 3.0767194e-06 1.36542085e-05 2.1247968e-06 4.105404e-07 3.9976503e-06 1.2943174e-07 0.050259866 2.2296858e-06 2.2700799e-07 7.2578946e-06 8.587522e-08 0.0027853241 8.106266e-07 1.8553338e-08 3.3857683e-07 6.80208e-08 3.0071377e-07 3.892902e-07 2.4154966e-05 5.5620035e-06 0.39360735 2.2395558e-05 3.2275896e-06 7.1909983e-07 9.5286104e-08 3.493075e-05 0.012104373 1.3901972e-06 5.1895763e-06 1.8754315e-07 1.339112e-07 1.2994924e-05 3.935342e-06 7.70057e-07 0.0005197467 4.170809e-06 1.0612232e-06 4.9696784e-08 1.6307782e-06 5.8968908e-08 3.2348757e-07 1.4008488e-07 2.4448566e-06 4.970671e-07 1.0830523e-06 0.00025567936 1.9861036e-05 3.97326e-08 1.2968627e-07 1.15931725e-05 7.800773e-06 1.0624231e-08 8.571812e-08 6.173678e-05 9.94517e-07 4.1180854e-05 2.6713599e-06
