1.1135565e-23 0.06624288 0.13102633 0.22977294 0.66916156 0.14883102 0.18529505 0.7616678 0.7620227 0.80781215 0.2007056 0.15571134 0.4508922 0.69098914 0.9477814 0.7672524 0.43040687 0.20624924 0.34116954 0.4330518 0.2894676 0.9139181 0.06557197 0.07569552 0.016359303 0.85347277 0.8387699 0.9149933 0.009244498 0.00025242698 0.22646573 0.7393765 0.97523135 0.8177421 0.21235311 0.9230003 0.00014117073 0.010091409 0.054323237 0.00084353803 0.49436226 0.009769021 0.96304744 0.014158953 0.87928945 0.7898163 0.97590405 0.98839355 0.92011535 0.6881338 0.9529523 0.0005631682 0.93601364 0.9903553 0.89139295 0.9626191 2.88444e-06 0.5480097 0.92832357 0.4169455 0.94670886 0.39856848 8.6531304e-07 3.1198406e-06 0.19634372 0.9942439 0.74932545 0.0011465499 1.6808671e-06 0.6022441 4.290544e-05 0.0024717213 0.0062943446 0.9713809 0.980486 1.4073781e-05 0.39926434 4.4559154e-05 2.5591107e-06 0.14054333 0.8316809 0.0023772453 0.0021853468 0.9980952 8.051525e-05 2.233596e-09 0.84319663 0.96068037 1.3321357e-05 0.9951547 0.15678439 0.9965603 0.009045255 4.340281e-08 0.970053 0.98378056 0.97997093 0.9994278 0.9997684 0.99978215 0.9988597
0.06624288 3.2639685e-18 0.9431045 0.9603896 0.7896968 0.94068986 0.72751784 0.33499324 0.17381555 0.05722988 0.052586738 0.52963966 0.12465833 0.247651 0.022245225 0.013375812 0.0010316789 0.004391393 0.008299784 0.0033284966 0.020549398 0.05954241 0.004525544 0.012200927 0.12330415 0.18064098 0.07591851 0.14220285 0.11688514 0.027747298 0.00014673498 0.00056555547 0.029402532 0.0020141054 0.00013796604 0.021456426 0.013130581 0.00045172998 0.0014465364 0.0107168425 0.00054324063 8.4599546e-05 0.0008522788 0.00022193523 0.0024734426 0.0024860983 0.04937068 0.012651091 0.00085408584 2.8894965e-05 0.003584318 0.025330823 0.0544094 0.12829268 0.00029060955 0.0012641707 1.0615204e-05 1.30271355e-05 6.1290986e-05 0.00018816725 0.0008934719 0.00014555658 7.173137e-05 0.0024949838 0.00012053769 0.0024971692 0.0003978493 1.5865722e-05 0.0003336876 0.0002016279 9.46449e-06 2.6920934e-06 2.263878e-06 2.6539823e-05 7.7469755e-05 0.00010049684 1.9802614e-05 1.2833372e-06 9.576434e-07 4.1017433e-06 1.7477345e-05 4.1424553e-07 8.671399e-06 0.0005479046 3.9277757e-06 8.960561e-06 0.0003999046 0.0008088297 2.0533894e-06 6.529421e-05 6.949217e-06 0.00028927816 1.17446376e-07 5.4194047e-06 0.00025180329 3.913129e-05 0.00013156852 0.00025620413 3.9385766e-05 8.1856764e-05 7.914899e-05
0.13102633 0.9431045 2.2929093e-17 0.5804693 0.955202 0.97322017 0.41865608 0.7080339 0.068632185 0.0150881475 0.011536182 0.23384634 0.24776255 0.47721353 0.01360638 0.0070646014 0.0003468922 0.01633839 0.040996857 0.017398536 0.06833782 0.1519478 0.0012157481 0.017615322 0.16296934 0.28057256 0.06692557 0.19665271 0.10677317 0.016663041 0.0006685279 0.0003585443 0.06502961 0.0013080486 0.00013544418 0.026725493 0.0067177103 0.0014760137 0.00087737665 0.015791515 0.001182017 0.00031604842 0.0005343586 0.00067729095 0.007236884 0.0067865853 0.08749303 0.006677305 0.0020211248 1.8171171e-05 0.011423581 0.01264869 0.06776308 0.17779753 0.0007836815 0.001484895 2.0171165e-05 1.0190897e-05 3.862309e-05 0.0009801061 0.0015319856 2.632977e-05 0.0001477308 0.0014904646 0.0003467554 0.0040754615 0.000685508 8.040864e-06 7.983354e-05 0.00040914447 1.14328495e-05 2.6069769e-05 1.7496888e-05 0.0001600643 9.416149e-05 9.6383344e-05 4.746897e-06 8.776958e-07 1.4408555e-06 3.685752e-06 2.4663559e-05 9.838008e-07 5.848703e-06 0.0005373389 7.3130686e-06 1.0299417e-05 0.00078940106 0.0013290733 3.8089609e-06 4.2439846e-05 1.164733e-05 0.0004814505 8.339743e-08 3.8102612e-06 0.0005631263 0.0001286835 0.00043389783 0.0003803824 4.4920496e-05 9.382543e-05 5.5642293e-05
0.22977294 0.9603896 0.5804693 2.0249282e-18 0.6485481 0.62099373 0.88242143 0.107274614 0.38520032 0.1702971 0.07965642 0.96513146 0.18900414 0.0547044 0.014739645 0.015099281 0.0010169937 0.0011949615 0.003797074 0.00039786106 0.0043487633 0.05039286 0.0047578495 0.027726445 0.36851493 0.12191994 0.042060908 0.13031788 0.5151561 0.12289024 5.0545777e-06 0.0004760157 0.029459417 0.00062725734 2.4479608e-05 0.0058879317 0.075128965 0.00012654101 0.0035897712 0.02501083 8.6281e-06 2.5182646e-05 0.0007377729 0.00021029745 0.0016416897 0.00062315847 0.040754028 0.028253686 9.560483e-05 1.151333e-06 0.0016286172 0.07753109 0.033575088 0.13571575 4.974281e-05 0.00068417506 1.6983817e-05 1.0434392e-06 5.8087194e-06 2.376335e-06 0.00021041158 1.4547214e-05 0.00019538403 0.015471244 2.3408616e-06 0.0015502665 1.4771213e-05 4.863843e-06 0.00092557754 3.097979e-05 8.203749e-06 2.3135963e-06 1.7674576e-07 2.9529042e-06 1.2181347e-06 0.00017355522 2.9934565e-06 3.6197704e-07 4.4580065e-07 7.456854e-07 5.8022806e-06 2.4195197e-07 3.0923457e-06 0.00084154046 1.6170014e-06 1.5303134e-05 5.043467e-05 0.0003121311 3.7877098e-07 1.4182636e-05 1.6206542e-06 0.00019564806 1.9446551e-08 4.5122678e-07 4.4507255e-05 1.8501621e-06 0.00018717928 0.00017278035 0.00011523207 0.00017986732 4.1526408e-05
0.66916156 0.7896968 0.955202 0.6485481 8.435883e-18 0.73047584 0.43478647 0.9776418 0.14754343 0.0410618 0.020466985 0.4766827 0.54698163 0.51458377 0.005932179 0.0022345148 0.00023373593 0.015008571 0.04287625 0.014506028 0.04241265 0.16244376 0.0019607309 0.03684208 0.36878565 0.31082198 0.0570737 0.3050351 0.37080652 0.08157947 0.00029719376 5.227055e-05 0.06307195 0.0008047752 3.6794256e-05 0.021234734 0.035674814 0.0017313451 0.0010012916 0.06482379 0.00014849978 0.0006939693 0.000109973975 0.0015516294 0.009743717 0.0053881374 0.1975055 0.02999565 0.00087219675 5.3388743e-07 0.014341595 0.04278214 0.14437534 0.42386654 0.00039798173 0.0027438777 9.352416e-06 3.873307e-06 2.5021545e-06 8.984138e-05 0.0012566425 2.1152116e-06 0.00018892209 0.007435406 0.00014446214 0.008463216 0.00016029358 7.6375983e-07 0.00020355666 7.032262e-05 1.3692566e-06 0.00010650802 7.2644452e-06 0.00012120429 4.7122725e-05 4.0685874e-05 8.162154e-06 2.3982355e-07 2.1667037e-07 1.2347796e-06 4.5947204e-06 1.6827974e-07 1.5913136e-07 0.0014019335 1.4628451e-06 6.7289207e-06 0.0014045088 0.0012713324 9.877982e-07 1.4042946e-05 3.3257152e-06 0.0015153848 1.0644312e-08 4.3437285e-07 0.00044935883 0.00010910837 0.0011988817 0.00082557916 0.00022713044 0.00028444643 6.672766e-05
0.14883102 0.94068986 0.97322017 0.62099373 0.73047584 3.6724827e-17 0.31778076 0.5349121 0.027955396 0.0031848622 0.002771522 0.21492094 0.7935276 0.33725867 0.00067363854 0.001538233 9.5544674e-05 0.06569559 0.09266031 0.14025798 0.11881283 0.32810426 0.0007332581 0.29402122 0.5838133 0.11370664 0.009363045 0.14939754 0.1291156 0.09847208 0.0033555625 7.0663256e-05 0.12906776 7.797549e-05 4.8356255e-06 0.00172228 0.012299622 0.0040083476 0.00010624355 0.13719888 0.0036591191 0.0025375606 0.00011110098 0.005616581 0.023115888 0.019191802 0.111455016 0.001787103 0.0086450195 3.721924e-07 0.008630685 0.010370571 0.031126663 0.123219095 0.0013265786 0.00033248845 0.0004372767 3.3433852e-07 3.3384422e-06 0.0011555618 0.0016194168 3.628821e-06 0.0018001655 0.0021717518 0.000107948246 0.0019563136 0.00038066533 4.9987975e-06 3.3408578e-05 0.0002940433 3.5810172e-06 7.949477e-05 9.216275e-06 0.00017270919 7.940332e-05 4.2294973e-06 1.1808306e-07 2.81965e-07 8.231788e-08 2.0678499e-07 2.1937446e-06 9.491571e-08 1.596781e-06 0.000642042 4.5706092e-06 8.238143e-06 4.308023e-05 0.0011483012 2.1873918e-06 7.535631e-06 1.1039591e-05 0.00011167184 1.7624369e-07 6.782139e-07 0.00025616554 0.00014707222 0.00020079451 0.00011273686 2.8845292e-05 0.00011506053 8.704293e-06
0.18529505 0.72751784 0.41865608 0.88242143 0.43478647 0.31778076 2.9087675e-16 0.044076547 0.9413888 0.85490894 0.89265484 0.9568735 0.029994786 0.04808343 0.1431045 0.2384891 0.13572226 0.0014729244 0.0023289241 0.000752308 0.0035940239 0.0177777 0.15170835 0.0027642944 0.098817006 0.10211043 0.29130855 0.082306266 0.24948321 0.01686242 1.9496067e-05 0.0030375042 0.0102689555 0.01815682 0.0008024752 0.07453542 0.03566987 0.000106141466 0.047205277 0.003201558 2.1829082e-05 5.487501e-05 0.0029362005 0.00046469778 0.0010721274 0.0005444953 0.013561667 0.19107135 0.00021433498 0.0002482195 0.0012135801 0.09268446 0.062124357 0.045864575 4.27332e-05 0.0032831149 7.350265e-06 9.21969e-05 0.000247182 2.7514005e-05 0.00042860417 0.00081452884 3.094899e-05 0.0021689078 1.9239973e-05 0.0028751423 7.129353e-05 6.444071e-05 0.0014288529 3.996089e-05 3.6495596e-05 1.6541276e-06 1.5488604e-07 1.6620672e-06 6.327581e-06 0.0016934101 0.00022513563 2.048912e-06 4.445268e-06 1.8615434e-05 8.890332e-05 7.6870396e-07 1.568239e-05 0.0026691789 2.785146e-06 8.7067e-06 0.0005496995 0.00030278356 2.4431902e-06 0.000108127 1.9600036e-05 0.00087481627 1.758389e-07 3.9424867e-06 0.00019587563 3.4993165e-05 0.00016565621 0.00038081274 0.0002412291 0.00017697795 0.00025923754
0.7616678 0.33499324 0.7080339 0.107274614 0.9776418 0.5349121 0.044076547 4.8195123e-17 0.020864282 0.003914934 0.0026472253 0.018129172 0.054091405 0.9306292 0.006178021 0.0016735975 4.9079827e-06 0.058192536 0.109334104 0.042166397 0.1623921 0.27310997 0.00028458942 0.013396526 0.045978833 0.70329905 0.04004957 0.5754093 0.022457477 0.0064910552 0.00031539565 6.777097e-05 0.18416202 0.00060670584 2.4608675e-05 0.027224721 0.0019432333 0.0006987772 1.9672076e-05 0.003910503 0.0017180601 0.00020119976 0.00011251947 0.00022190515 0.019098794 0.014303423 0.26747197 0.01142751 0.0043032393 3.4805547e-07 0.022647945 0.0030657887 0.16860817 0.3908943 0.0015990252 0.0026436795 5.0989315e-06 1.6610672e-06 1.2107224e-06 0.00074283243 0.0025089434 1.1233333e-06 5.753244e-05 0.00038286927 0.0003093691 0.012682161 0.00029816723 1.8855633e-06 1.3942541e-05 0.00017223302 1.6751542e-06 3.02517e-05 5.324218e-06 0.0002742741 4.3400847e-05 2.8569033e-05 3.2722974e-06 1.2577118e-07 2.6591883e-07 3.3204526e-07 2.718167e-06 3.8634474e-07 1.888584e-07 0.0015410528 3.6305414e-06 5.5524533e-06 0.0028949217 0.006071336 2.1877047e-06 1.1197667e-05 8.970957e-06 0.0016010149 4.7319357e-08 4.1106188e-07 0.0022713782 0.00011302106 0.0018772337 0.0018881952 0.0002446569 0.00059395714 4.326266e-05
0.7620227 0.17381555 0.068632185 0.38520032 0.14754343 0.027955396 0.9413888 0.020864282 1.3209272e-18 0.93463594 0.9625077 0.7019815 0.029152047 0.018863508 0.49803656 0.71410334 0.46865118 0.00054973486 0.0011482442 0.00032294248 0.0006926648 0.0022032596 0.36601326 0.0036414575 0.08322723 0.08885523 0.5124704 0.05240973 0.34483054 0.011094554 1.2957725e-05 0.010925435 0.0018941468 0.06485089 0.0014312544 0.13683127 0.05188091 2.698091e-05 0.2913644 0.001592378 2.1252245e-06 2.0037663e-05 0.012686599 0.0003849619 0.00043870963 0.00027345322 0.0124231195 0.4723124 3.5015295e-05 7.5581054e-05 0.00070271536 0.19678038 0.067531504 0.0334165 4.1991534e-06 0.01233281 6.817056e-06 8.19655e-05 0.0001256498 1.6628577e-05 5.8283767e-05 0.0012857469 4.429642e-05 0.004999263 1.4338516e-05 0.0067409454 9.161567e-06 0.00015574403 0.0028082852 6.909171e-06 2.1627071e-05 9.213867e-06 1.8468894e-07 2.4324362e-07 2.8139337e-07 0.005671975 0.00014622902 2.155672e-06 5.058151e-06 2.6005975e-05 0.00011706334 1.8938242e-06 5.0338012e-06 0.019961318 4.996903e-07 3.549274e-05 0.0030787112 0.0008315498 3.64731e-06 7.469673e-05 4.1133817e-06 0.004334549 7.3764234e-08 1.3149823e-05 0.00017615623 3.1761825e-05 0.000620255 0.0005564654 0.0016331401 0.0013821538 0.00063355366
0.80781215 0.05722988 0.0150881475 0.1702971 0.0410618 0.0031848622 0.85490894 0.003914934 0.93463594 6.7450675e-19 0.9712592 0.56104 0.016491812 0.005231364 0.55588084 0.79856884 0.6389088 0.00030811448 0.00046286028 0.00016521271 0.00021307547 0.0006443349 0.48207873 0.0029737963 0.047806047 0.033269964 0.45923606 0.018382419 0.24323028 0.0034832815 6.750962e-06 0.05471458 0.0008805829 0.10067218 0.0078080683 0.106928565 0.030116728 1.4683781e-05 0.4141097 0.0008447673 1.0627922e-06 2.0444568e-05 0.040385257 0.000465119 5.1835937e-05 4.9610728e-05 0.003582425 0.46396384 2.8376595e-05 0.0009384553 9.634676e-05 0.17161979 0.024918456 0.01615424 3.2431897e-06 0.011371463 1.24007765e-05 0.00039179684 0.0005411166 1.4073675e-05 2.75936e-05 0.0053448705 3.976492e-05 0.0019293738 7.8882185e-06 0.00277188 6.13595e-06 0.00088339945 0.0020337177 6.30287e-06 3.4180655e-05 2.071788e-05 9.2296e-08 1.5954285e-07 3.9555866e-07 0.00963652 0.00081384863 1.2064377e-05 1.9254143e-05 0.00021144253 0.0006791774 6.9203156e-06 1.759055e-05 0.02849086 1.6981014e-07 5.067902e-05 0.0033472364 0.0005030769 1.1403314e-06 0.00031207484 3.5926273e-06 0.0059377826 5.6558722e-08 4.446093e-05 7.1940514e-05 5.4797976e-05 0.000515364 0.0006355352 0.0030097847 0.0010924821 0.0017804278
0.2007056 0.052586738 0.011536182 0.07965642 0.020466985 0.002771522 0.89265484 0.0026472253 0.9625077 0.9712592 2.8840043e-18 0.40990746 0.001544079 0.0045598336 0.43074927 0.6786217 0.6914698 0.00010207184 0.00013576113 2.9132729e-05 5.2479234e-05 0.00026303408 0.45417082 0.00043749422 0.012506242 0.010953407 0.34235647 0.004592392 0.06886789 0.0011081506 1.8779687e-06 0.060282085 0.00040295365 0.065014236 0.00741938 0.06556895 0.008782896 3.3061656e-06 0.17902578 3.9802024e-05 9.090032e-07 4.3592677e-06 0.022656618 1.9159992e-05 1.5861773e-05 5.316191e-06 0.0006095794 0.23106061 1.3735877e-05 0.0011372368 2.4550636e-05 0.08474951 0.008231205 0.0047181947 1.883051e-06 0.0055979765 1.3939955e-06 0.00035386125 0.0011725822 1.2622716e-06 1.821776e-05 0.005793975 3.372014e-06 0.00032516633 6.098139e-07 0.0011408535 4.0648233e-06 0.0011017695 0.00063383864 6.3585924e-07 2.1711881e-05 6.8600104e-07 7.619741e-08 1.1109689e-07 3.6986697e-07 0.003898392 0.00095467665 1.9953957e-06 4.991343e-06 0.0003125502 0.00065504306 6.9398125e-06 5.9982767e-06 0.013378103 3.7706553e-07 3.6273816e-06 0.00095420703 4.2614647e-05 2.752697e-07 0.00050943316 4.5242837e-06 0.0019227667 2.3996067e-08 1.3384661e-05 4.2691117e-05 2.3683e-05 5.703133e-05 0.000389915 0.0012285678 0.0003344111 0.0016523179
0.15571134 0.52963966 0.23384634 0.96513146 0.4766827 0.21492094 0.9568735 0.018129172 0.7019815 0.56104 0.40990746 7.419351e-18 0.0948785 0.01208287 0.009198122 0.030448336 0.049003728 0.00067118066 0.0022886472 7.446998e-05 0.0010834847 0.031104183 0.18471912 0.012759871 0.55075634 0.020231152 0.019683564 0.033774734 0.86393875 0.24395932 3.4378206e-07 0.001780718 0.0027028995 0.00037828658 6.23685e-05 0.0025326044 0.25413847 3.3236229e-06 0.026851168 0.01175181 1.33228e-06 6.6503685e-06 0.00018394408 0.0001918344 0.000100820536 1.3780802e-05 0.0048977034 0.04352779 1.12825e-05 8.6309024e-05 6.6131644e-05 0.24316202 0.0065362873 0.024919769 5.5597816e-06 0.00010681033 1.4780485e-05 1.0512596e-05 9.309355e-06 2.5538886e-06 2.0155476e-05 0.00012265044 0.00048390028 0.020335354 1.1346438e-06 0.00010039205 3.4753225e-06 1.5281683e-05 0.003545725 8.021721e-06 1.7760463e-05 6.9845663e-07 6.057863e-08 1.242592e-07 5.643252e-07 0.001757147 1.04307765e-05 1.6392606e-06 4.9840435e-07 1.3061108e-05 1.0340516e-05 1.6984941e-06 1.0936207e-05 0.0007066521 3.3977803e-06 2.358923e-05 3.03773e-06 4.7864637e-06 2.249387e-07 2.0820122e-05 2.6667756e-06 4.7493355e-05 9.162942e-07 1.8400847e-06 3.9521615e-06 2.2080184e-07 1.1399872e-05 2.6761384e-06 7.422904e-05 2.4045105e-05 0.00015943343
0.4508922 0.12465833 0.24776255 0.18900414 0.54698163 0.7935276 0.029994786 0.054091405 0.029152047 0.016491812 0.001544079 0.0948785 9.835772e-15 0.08510974 0.00045613322 0.0005582485 0.00012452668 0.4782951 0.558456 0.6729113 0.2912423 0.77026755 0.0019891453 0.98410356 0.83888733 0.05394052 0.003040276 0.25098464 0.14946003 0.4046009 0.18736057 0.00037190664 0.5891182 1.305482e-05 6.623335e-06 0.0012161012 0.033679344 0.13571867 0.0002916179 0.4563913 0.009921785 0.2079436 5.5410197e-05 0.36095542 0.25652847 0.1525161 0.1747151 0.009747361 0.27063277 1.5044445e-05 0.013362993 0.006047491 0.010460518 0.13931145 0.03116407 0.00015125592 0.011180973 9.048391e-06 4.2087093e-05 0.0038753652 0.0072669196 1.2206507e-05 0.013754472 0.0139884325 0.00014517271 0.00089766487 0.0032654456 9.532501e-06 0.00034748833 0.00050584576 8.106811e-06 0.009975201 0.00072963705 0.0035005715 0.0051180585 5.334406e-05 1.1025803e-06 1.061276e-06 1.4477521e-06 1.0850445e-06 5.1644238e-05 4.920597e-07 3.134687e-06 0.003480542 3.970304e-05 3.6551362e-05 2.2192346e-05 0.0024283607 0.0004160805 9.893449e-06 0.0007399901 0.00015961476 1.6877606e-05 1.6451014e-07 0.0011744668 0.00044312622 0.0040817037 0.00057473156 0.00060026295 0.00078990444 0.0007067068
0.69098914 0.247651 0.47721353 0.0547044 0.51458377 0.33725867 0.04808343 0.9306292 0.018863508 0.005231364 0.0045598336 0.01208287 0.08510974 2.2924648e-16 0.016791074 0.002824811 4.8899794e-05 0.5583324 0.6954842 0.30522725 0.8562636 0.8272589 0.000994044 0.025000224 0.10169806 0.8864234 0.06273005 0.8183151 0.011052408 0.007465831 0.0029343334 4.0421066e-05 0.48139298 0.002020909 0.00010629361 0.02997606 0.0013900858 0.006805624 9.292613e-05 0.011289132 0.032121766 0.0012643245 0.00022720627 0.00087349396 0.04507941 0.03717134 0.48763534 0.0025029187 0.008942502 3.0810681e-06 0.11695606 0.0035620548 0.18431588 0.49277294 0.0036571028 0.0048597893 0.00012024308 8.189326e-06 5.3751855e-06 0.003024801 0.008275456 6.4287524e-06 0.00013822995 0.0003183857 0.0013143215 0.0316707 0.00075606396 1.33865515e-05 3.0207704e-05 0.0005116926 8.1516055e-06 4.2560183e-05 8.467478e-05 0.00060246146 0.00021267877 2.7784728e-05 5.2196276e-05 2.027915e-06 1.0308845e-06 8.664638e-06 5.266127e-05 1.1485578e-05 1.4274043e-06 0.00086567213 6.159413e-06 2.1225296e-05 0.004226403 0.007076594 8.164827e-07 0.00021951427 5.31646e-06 0.003026981 1.2065102e-07 2.9609666e-06 0.0011164059 0.00035243694 0.0010220218 0.0043433895 0.0001486453 0.001425703 8.7932705e-05
0.9477814 0.022245225 0.01360638 0.014739645 0.005932179 0.00067363854 0.1431045 0.006178021 0.49803656 0.55588084 0.43074927 0.009198122 0.00045613322 0.016791074 1.1953085e-18 0.98910517 0.26134056 0.00016696869 0.00023986417 5.6337874e-05 0.0001902811 0.000100983256 0.043156352 5.5237462e-05 0.003261387 0.07037809 0.79080254 0.0070756124 0.0055661 0.00034739988 2.9486298e-06 0.47500896 0.00022658826 0.60710776 0.2425367 0.22381991 0.0010851491 4.8477857e-05 0.03586359 1.48483705e-05 2.8971921e-05 8.839286e-05 0.43018734 7.698855e-06 0.00013064715 0.00012850127 0.004242642 0.53101224 4.489767e-05 0.013145516 0.00060817355 0.017192313 0.07179132 0.010145094 4.332895e-06 0.1992366 1.0553072e-06 0.006725274 0.006689016 5.692787e-05 3.9661485e-05 0.006209579 1.4373772e-05 2.9122286e-05 1.7014683e-05 0.030693363 1.2999869e-05 0.0008930412 0.0001201689 1.6818429e-05 0.0002137848 2.4248304e-05 2.2507895e-06 1.5580611e-06 2.586588e-07 0.0025200427 0.0012165536 1.8316381e-05 5.832564e-05 0.0005949181 0.0014422192 8.204081e-05 2.2392225e-05 0.34283435 1.2489929e-06 1.2956278e-05 0.053457517 0.0049426057 9.814983e-07 0.0019438098 6.098125e-06 0.09341129 4.6939948e-07 1.2341915e-05 0.0006544287 1.891163e-05 0.00023343788 0.0044399644 0.023351433 0.005849551 0.0076280055
0.7672524 0.013375812 0.0070646014 0.015099281 0.0022345148 0.001538233 0.2384891 0.0016735975 0.71410334 0.79856884 0.6786217 0.030448336 0.0005582485 0.002824811 0.98910517 6.9529725e-18 0.69676894 0.00017059715 0.00020505286 6.024974e-05 5.4783453e-05 7.5608084e-05 0.12674995 5.5380136e-05 0.005631685 0.0088847345 0.29897884 0.0013673077 0.013367976 0.00025696954 8.584923e-07 0.62953603 8.036474e-05 0.24401899 0.47405618 0.043431163 0.001998649 6.9345324e-06 0.19944996 8.994121e-06 1.0598938e-05 1.2212573e-05 0.39763907 9.965387e-06 2.8201852e-05 2.748175e-05 0.0006040536 0.3445616 1.358459e-05 0.09922666 0.0003558338 0.03933296 0.009609635 0.0018118636 4.412787e-06 0.037910048 6.2459145e-07 0.07648795 0.047589544 9.867385e-06 6.282602e-05 0.03617929 4.7659078e-06 4.1006737e-05 2.413338e-06 0.005848204 3.48959e-06 0.0073516197 0.00011559727 7.4745076e-06 0.0009198985 1.5273704e-06 2.2177494e-07 4.6351602e-07 5.287159e-08 0.0040072273 0.0065189525 0.00015015012 0.00020930145 0.0017185083 0.0063518113 0.00021981448 0.00011685754 0.20566298 5.624039e-07 9.000257e-06 0.009281941 0.00037060122 1.2434825e-07 0.006461597 1.4822033e-06 0.02660835 8.199712e-08 3.4598906e-05 5.609459e-05 2.5157056e-05 4.510143e-05 0.0009803673 0.014944946 0.0027062849 0.010087325
0.43040687 0.0010316789 0.0003468922 0.0010169937 0.00023373593 9.5544674e-05 0.13572226 4.9079827e-06 0.46865118 0.6389088 0.6914698 0.049003728 0.00012452668 4.8899794e-05 0.26134056 0.69676894 1.1643323e-18 8.733477e-06 7.2883518e-06 1.1494636e-06 1.6556157e-06 5.5819305e-06 0.99322593 9.107494e-06 0.0017889806 0.0003363697 0.07303671 4.905098e-05 0.0053405473 7.992412e-05 1.5251877e-07 0.5017512 1.0531672e-05 0.08092732 0.20966332 0.014905362 0.002340132 4.4166854e-06 0.8747545 1.3326377e-05 1.552967e-06 5.706422e-06 0.12125134 0.00010008108 2.15677e-06 1.8129791e-06 1.25257675e-05 0.19612826 3.101895e-06 0.1628358 3.912231e-06 0.047837745 0.00075646676 0.0001631035 3.3198037e-07 0.0023188128 1.287305e-06 0.020070007 0.028445885 8.504425e-06 4.6664227e-06 0.28914624 1.99713e-06 7.9637495e-05 2.3319021e-06 0.00021547945 2.053507e-06 0.048631337 0.0006568196 3.7607995e-06 0.002406409 1.7812291e-06 1.1608573e-07 6.350208e-08 1.345455e-07 0.008825335 0.003987298 0.00036383752 0.00067394634 0.0018271377 0.0020543865 0.00020820649 0.00023792287 0.07526364 8.10108e-07 5.0216136e-06 0.0008690735 6.021791e-05 4.9655284e-08 0.0024362742 1.2812492e-05 0.0041549625 1.10474375e-07 0.00031324994 4.009687e-05 6.3541465e-06 1.4472199e-05 0.00012298813 0.015008091 0.00030045764 0.0110878805
0.20624924 0.004391393 0.01633839 0.0011949615 0.015008571 0.06569559 0.0014729244 0.058192536 0.00054973486 0.00030811448 0.00010207184 0.00067118066 0.4782951 0.5583324 0.00016696869 0.00017059715 8.733477e-06 1.3044542e-16 0.96313554 0.9633419 0.89409643 0.65617394 3.9552477e-05 0.14450471 0.16865173 0.046367243 0.000979765 0.080534816 0.00236245 0.0037984217 0.37377432 1.3432409e-05 0.57658005 2.3053928e-05 5.787307e-07 0.0007732472 6.898147e-05 0.16009817 1.7445738e-05 0.090754725 0.24276556 0.061860107 9.1758055e-05 0.17334616 0.25503528 0.21036945 0.16708793 0.0001588761 0.15219486 5.1027303e-08 0.085617304 0.00018145377 0.011670486 0.04221056 0.06991122 0.00048501606 0.0035241968 1.0160153e-07 6.1453176e-07 0.008619276 0.036050305 2.7717463e-06 0.00039698477 2.4224311e-05 0.0036666158 0.004129215 0.010746133 5.595201e-06 3.6024737e-06 0.0030904282 4.341449e-06 0.0015834342 0.010738317 0.007294214 0.0019445376 1.1760375e-05 1.671581e-06 1.8851362e-07 9.1719336e-08 3.977377e-08 1.2906978e-06 1.3093496e-07 1.0564612e-06 0.00026738652 7.788025e-06 7.202704e-06 0.00023461382 0.007897331 1.0288707e-05 1.1068835e-05 6.1438664e-06 0.00053298345 8.33599e-08 8.582786e-07 0.0013848467 6.67428e-05 0.001216259 0.0011734669 2.853399e-05 0.0004335109 1.1362258e-06
0.34116954 0.008299784 0.040996857 0.003797074 0.04287625 0.09266031 0.0023289241 0.109334104 0.0011482442 0.00046286028 0.00013576113 0.0022886472 0.558456 0.6954842 0.00023986417 0.00020505286 7.2883518e-06 0.96313554 7.6014166e-17 0.9058369 0.95143336 0.7683028 7.859876e-05 0.20474549 0.2774091 0.10344969 0.0019936396 0.17124449 0.006697752 0.0049127997 0.38237336 6.913541e-06 0.7278302 5.8792964e-05 6.4679347e-07 0.0012490704 0.00015702123 0.15120934 4.0412127e-05 0.1446224 0.24883468 0.05503128 7.9662335e-05 0.21390674 0.32479966 0.29462415 0.26929858 0.0003202509 0.1939571 4.2788063e-08 0.129473 0.00072013 0.02520956 0.08870683 0.113231584 0.00064740726 0.0027602867 4.9357936e-08 4.785302e-07 0.01149416 0.052660123 1.6204192e-06 0.00040804662 4.4830496e-05 0.0039625065 0.0075002788 0.012505204 5.0069993e-06 3.581837e-06 0.0027592075 1.8718908e-06 0.0019019305 0.014217826 0.010113646 0.0032732666 1.2267038e-05 1.9239799e-06 2.1791807e-07 9.7966954e-08 4.5023622e-08 1.113734e-06 1.902282e-07 1.0213884e-06 0.0002816671 5.009779e-06 1.7967866e-05 0.00042395043 0.009916697 1.4141739e-05 1.4973478e-05 1.7278802e-05 0.0007871773 6.299746e-08 1.0473244e-06 0.0022291022 0.0001834574 0.0019222432 0.0012853846 3.4763983e-05 0.00041036977 4.563958e-06
0.4330518 0.0033284966 0.017398536 0.00039786106 0.014506028 0.14025798 0.000752308 0.042166397 0.00032294248 0.00016521271 2.9132729e-05 7.446998e-05 0.6729113 0.30522725 5.6337874e-05 6.024974e-05 1.1494636e-06 0.9633419 0.9058369 3.0638206e-16 0.79882616 0.72105086 6.5631552e-06 0.36898518 0.29033762 0.009322482 0.00039743044 0.05095629 0.0004072881 0.0039626085 0.8846083 4.837932e-06 0.6889523 1.0971956e-05 5.82367e-07 0.00023809128 3.179031e-05 0.72955745 5.1837e-06 0.2238186 0.63301766 0.50577724 1.1371033e-05 0.45675 0.41385692 0.31483084 0.18684073 0.00013566835 0.41817203 9.907242e-08 0.04732926 0.000102741906 0.003097025 0.044432804 0.1730912 3.994588e-05 0.027887605 1.2549981e-07 3.6870824e-07 0.035851203 0.030757694 1.9807257e-07 0.0014992275 4.3020784e-05 0.010965316 0.0008323214 0.039496694 2.8126497e-06 3.6016836e-06 0.004077259 3.3216768e-06 0.01177077 0.026079904 0.017207501 0.005984941 1.4781929e-06 2.2611616e-06 1.12286244e-07 1.0010574e-07 3.9480362e-08 3.7268946e-06 5.234203e-07 1.0096284e-06 0.0003551966 1.3500963e-05 1.3267785e-06 0.0001019268 0.005236635 1.3198556e-05 1.0395374e-05 4.5759866e-06 0.00031213497 3.7449493e-07 1.2865041e-07 0.00082486466 3.5610457e-05 0.00125219 0.00078144524 1.45059985e-05 0.00016700229 4.17396e-06
0.2894676 0.020549398 0.06833782 0.0043487633 0.04241265 0.11881283 0.0035940239 0.1623921 0.0006926648 0.00021307547 5.2479234e-05 0.0010834847 0.2912423 0.8562636 0.0001902811 5.4783453e-05 1.6556157e-06 0.89409643 0.95143336 0.79882616 4.483871e-18 0.9480776 2.512524e-05 0.053513467 0.0821491 0.32538337 0.0041265264 0.43185505 0.0016447807 0.0007913974 0.17372867 5.3945405e-06 0.82977885 6.2046594e-05 3.8070124e-07 0.0038981987 3.448996e-05 0.085184634 1.46694065e-05 0.024572922 0.21664603 0.013773749 2.825653e-05 0.023409178 0.34102574 0.37369987 0.32060173 9.389624e-05 0.20275335 2.8076409e-08 0.28635877 9.24651e-05 0.048008133 0.13124746 0.12837732 0.0005776819 0.00016283804 1.9364787e-08 2.6656627e-07 0.031816468 0.13032067 4.469257e-07 6.3367996e-05 1.529527e-05 0.010909475 0.020445194 0.014940194 1.1067829e-06 1.2721013e-06 0.0043894257 2.5489476e-07 0.0005569852 0.011350276 0.010328677 0.001539463 1.3471459e-05 4.8677106e-07 4.814701e-08 1.3461138e-08 1.05445956e-07 1.2964356e-06 1.18183884e-07 5.5723007e-07 0.00011428027 7.147695e-06 2.1847359e-06 0.0012826142 0.022991214 3.349754e-06 1.6331043e-05 4.870248e-06 0.0015537025 1.7833248e-08 8.7127256e-07 0.004891239 0.00019047775 0.0034578983 0.0017545858 1.972084e-05 0.0004293467 2.1108106e-06
0.9139181 0.05954241 0.1519478 0.05039286 0.16244376 0.32810426 0.0177777 0.27310997 0.0022032596 0.0006443349 0.00026303408 0.031104183 0.77026755 0.8272589 0.000100983256 7.5608084e-05 5.5819305e-06 0.65617394 0.7683028 0.72105086 0.9480776 9.2799355e-17 9.789266e-05 0.35590205 0.30729 0.3858221 0.0027737245 0.45484662 0.034408618 0.012275511 0.24841152 2.4343126e-06 0.8911371 4.6819197e-05 8.3319094e-07 0.0022581795 0.0006191656 0.070183866 1.0574132e-05 0.14555375 0.14610365 0.036799982 4.630912e-06 0.17535228 0.3847081 0.33334315 0.5758421 0.0001325964 0.17359222 1.265235e-08 0.26599294 0.0004737226 0.06328238 0.29601148 0.1297359 0.0008455031 0.0005391044 5.009602e-08 1.9258147e-07 0.013365581 0.11903452 4.5137315e-07 0.00062887097 0.0001966042 0.006314423 0.02286554 0.00728387 6.062113e-07 1.4334626e-06 0.0019929989 1.4092283e-06 0.0016491739 0.006260457 0.020145312 0.001266626 9.2545e-06 9.4421273e-07 4.9667386e-07 3.5316333e-08 8.9962306e-08 9.060173e-07 2.9392075e-08 2.9858023e-07 0.00058006396 6.272469e-06 1.2048946e-05 0.0018372494 0.026689475 9.1265756e-05 1.0861528e-05 5.089281e-05 0.0028816427 9.704414e-08 4.2136892e-07 0.0064342613 0.0006546967 0.0073852576 0.0037489126 0.00022960079 0.0008783925 3.5650417e-05
0.06557197 0.004525544 0.0012157481 0.0047578495 0.0019607309 0.0007332581 0.15170835 0.00028458942 0.36601326 0.48207873 0.45417082 0.18471912 0.0019891453 0.000994044 0.043156352 0.12674995 0.99322593 3.9552477e-05 7.859876e-05 6.5631552e-06 2.512524e-05 9.789266e-05 1.22687e-18 0.00019827417 0.0109403515 0.0011450315 0.0287291 0.00042253188 0.08691521 0.0026186572 6.3298654e-07 0.19065213 7.353565e-05 0.0101227015 0.01856632 0.005757731 0.034010246 8.660548e-06 0.9743541 5.165074e-05 1.8526551e-06 5.665385e-06 0.016082127 3.4078294e-05 2.3602372e-05 1.4064979e-05 6.521425e-05 0.059324425 1.3395017e-05 0.015004105 0.00021705746 0.28916636 0.00060173625 0.00032599815 6.449619e-06 0.0009837676 4.29351e-06 0.0026624177 0.004513771 1.4851316e-05 4.138026e-05 0.048141986 2.766279e-05 0.00057583733 6.4979304e-06 0.0005184484 5.745679e-06 0.057292912 0.0039945273 7.559262e-06 0.0015973668 4.4158937e-06 1.8353106e-08 6.144511e-08 4.201951e-07 0.03735764 0.0016166732 7.7678975e-05 0.00063897896 0.000800454 0.0015192395 9.204509e-05 3.5316963e-05 0.008121247 5.8171366e-07 5.8537673e-05 3.3076336e-05 4.0903662e-05 3.3601123e-07 0.0006895931 4.35324e-06 0.00050527614 5.8165845e-08 0.0002951128 7.3158895e-05 4.988233e-05 0.00023272123 3.548864e-05 0.0018420407 8.7245164e-05 0.0028724342
0.07569552 0.012200927 0.017615322 0.027726445 0.03684208 0.29402122 0.0027642944 0.013396526 0.0036414575 0.0029737963 0.00043749422 0.012759871 0.98410356 0.025000224 5.5237462e-05 5.5380136e-05 9.107494e-06 0.14450471 0.20474549 0.36898518 0.053513467 0.35590205 0.00019827417 1.1591797e-15 0.7862913 0.0059923655 0.00023276362 0.013680559 0.021153778 0.30783114 0.31643242 0.00020023824 0.09329524 5.2573637e-06 3.9558495e-06 0.00017246018 0.0055843797 0.51482886 0.00010253801 0.9030207 0.016971722 0.5944879 9.211565e-06 0.8191351 0.04023307 0.019636543 0.013514865 0.00087989424 0.06177755 1.713318e-06 0.0014503296 0.0051647495 0.00072362006 0.007966158 0.011413274 9.110274e-06 0.45722672 8.789615e-07 2.309397e-06 0.007828075 0.0016590626 1.5564066e-06 0.21978384 0.0049628806 0.00049030007 0.00019126903 0.0012907934 7.2554726e-06 0.00019364328 0.00020613849 4.0788223e-06 0.032560427 0.0017205374 0.000595039 0.0012632987 0.00037101726 5.143068e-07 7.7816657e-07 7.947418e-06 2.0905907e-06 3.608032e-05 2.9462586e-07 5.891649e-07 0.00022349528 0.00057337 0.00013181682 4.7655283e-07 0.00053875847 0.004195089 4.7639032e-06 0.00051038864 0.00015209966 1.2265061e-05 1.0815886e-06 0.0004506029 0.000239235 0.00044687034 0.000107774715 9.310819e-06 1.033337e-05 1.5630685e-05
0.016359303 0.12330415 0.16296934 0.36851493 0.36878565 0.5838133 0.098817006 0.045978833 0.08322723 0.047806047 0.012506242 0.55075634 0.83888733 0.10169806 0.003261387 0.005631685 0.0017889806 0.16865173 0.2774091 0.29033762 0.0821491 0.30729 0.0109403515 0.7862913 1.0322182e-18 0.03171238 0.0055934675 0.087874874 0.83235586 0.9606271 0.010426128 0.00014266968 0.07484891 3.4321572e-05 6.734111e-05 0.0009352224 0.2586649 0.0042889756 0.0032653925 0.89119506 0.004694145 0.0073606065 7.215386e-05 0.110337794 0.017299974 0.009350472 0.02527596 0.0017151756 0.01728365 2.0792979e-05 0.0027154132 0.06980709 0.00473511 0.03202284 0.0011396825 5.4800752e-05 0.054170802 4.9622718e-06 1.0284999e-05 0.0045096963 0.0014684971 4.1895573e-06 0.1290743 0.10410055 0.00022923388 0.00018801478 0.00048813803 1.5828205e-06 0.0011143083 0.00021530608 5.369516e-07 0.0005802635 1.799271e-07 2.9597286e-05 0.00021978094 0.00060651964 3.1151652e-07 2.8257888e-08 1.345099e-06 1.6767389e-07 5.8377414e-06 2.015603e-07 1.14077345e-07 0.0013497405 1.5094002e-06 0.00034211396 1.0378841e-05 0.0020371408 1.392702e-05 1.3694453e-05 1.6479846e-05 3.8646638e-05 2.0226972e-07 7.956249e-07 0.0010883947 0.0003880134 0.0022329194 0.00041927275 1.1220505e-06 0.00017338665 0.0001436287
0.85347277 0.18064098 0.28057256 0.12191994 0.31082198 0.11370664 0.10211043 0.70329905 0.08885523 0.033269964 0.010953407 0.020231152 0.05394052 0.8864234 0.07037809 0.0088847345 0.0003363697 0.046367243 0.10344969 0.009322482 0.32538337 0.3858221 0.0011450315 0.0059923655 0.03171238 1.8980761e-18 0.21681161 0.9897125 0.006601621 0.0011017222 0.000293078 0.0001314959 0.16600525 0.01236256 0.00018596492 0.13783848 9.142125e-05 0.0016509908 3.297055e-05 0.0024861328 0.0039043431 9.8651704e-05 0.0008029166 5.3185824e-05 0.01603631 0.014171821 0.6765876 0.016189868 0.0014442418 5.143657e-07 0.1528747 0.00048594922 0.72248745 0.7232333 0.00080012577 0.073716514 1.8556817e-05 1.1881596e-05 5.6292465e-06 0.0004454409 0.00901619 2.7124677e-06 4.736607e-05 8.530923e-06 0.00018660128 0.15904337 7.2062954e-05 5.757121e-06 3.768655e-06 3.1253723e-05 4.5712104e-06 4.624109e-05 0.00025178623 4.788881e-05 3.0771793e-05 3.5614463e-05 6.8756715e-05 2.0387479e-07 5.0916645e-07 3.406898e-06 3.111736e-05 1.5500365e-07 2.225198e-07 0.006277044 9.2281874e-07 5.367491e-06 0.026872598 0.01249681 8.8102354e-07 0.0001628292 5.1663795e-07 0.017338501 2.970186e-08 1.2759139e-06 0.0009954128 8.671928e-06 0.0032055296 0.011347819 0.00075300003 0.009969832 7.092177e-05
0.8387699 0.07591851 0.06692557 0.042060908 0.0570737 0.009363045 0.29130855 0.04004957 0.5124704 0.45923606 0.34235647 0.019683564 0.003040276 0.06273005 0.79080254 0.29897884 0.07303671 0.000979765 0.0019936396 0.00039743044 0.0041265264 0.0027737245 0.0287291 0.00023276362 0.0055934675 0.21681161 2.0774989e-19 0.086622834 0.0066782157 0.00038438427 1.30857325e-05 0.088306494 0.0014798982 0.90063256 0.053726193 0.9627521 0.0006313844 0.00044372608 0.015632281 0.00014196865 0.00010426585 0.00014236427 0.14465205 1.3655824e-05 0.00047600686 0.0005117785 0.018656766 0.7639766 7.0127935e-05 0.0032332845 0.00927626 0.0090006 0.24849525 0.035877597 2.9705167e-05 0.23017728 5.8618084e-06 0.0049220147 0.0034109394 7.708116e-05 0.0006518133 0.0014917122 4.252515e-06 4.3011758e-05 6.4822365e-05 0.11728266 3.291447e-05 0.00020813047 2.1970749e-05 3.2353757e-05 0.00011182785 1.5595886e-05 1.707683e-05 2.9906057e-06 9.749033e-08 0.0007519386 0.0020173003 1.9870083e-06 1.666951e-05 6.6356355e-05 0.0016125187 3.0011338e-06 2.202297e-06 0.13425232 3.7804602e-07 3.1852626e-06 0.10417104 0.01747672 6.11989e-08 0.003487669 3.3528895e-06 0.06573034 2.1040144e-07 2.9437479e-05 0.0017776638 2.4018542e-05 0.00047494535 0.01602897 0.015193533 0.02789943 0.003478002
0.9149933 0.14220285 0.19665271 0.13031788 0.3050351 0.14939754 0.082306266 0.5754093 0.05240973 0.018382419 0.004592392 0.033774734 0.25098464 0.8183151 0.0070756124 0.0013673077 4.905098e-05 0.080534816 0.17124449 0.05095629 0.43185505 0.45484662 0.00042253188 0.013680559 0.087874874 0.9897125 0.086622834 3.9019052e-16 0.012489251 0.0043206112 0.006782279 3.7492555e-05 0.31360707 0.002498479 4.1055064e-05 0.04721991 0.00034955738 0.0055043185 2.9665785e-05 0.007034161 0.00903357 0.0017957365 0.00014010073 0.0011583144 0.050435025 0.054764826 0.82699364 0.004272611 0.0067700334 1.4558856e-07 0.36507484 0.00042293826 0.5113797 0.54810387 0.0022171098 0.057236977 1.30116405e-05 1.8816795e-06 1.2623209e-06 0.0048979023 0.026279852 5.0581084e-06 1.34156635e-05 9.5086994e-05 0.003192865 0.16073446 0.0011291855 2.8964475e-06 4.7269295e-06 0.0011551104 1.9558015e-06 0.00016935982 0.0023457333 0.0006149864 0.00017145278 3.2191037e-05 1.3776427e-05 1.8329956e-07 3.5978508e-07 4.1859926e-07 1.0521262e-05 7.830684e-08 1.16989824e-07 0.003933305 1.7080291e-06 4.5731707e-05 0.03328957 0.07727156 3.1522286e-05 9.524355e-05 2.860521e-05 0.021166325 4.281666e-07 1.6313709e-06 0.027535427 0.00039977534 0.0111287935 0.015040524 0.00075691263 0.013453262 7.402008e-05
0.009244498 0.11688514 0.10677317 0.5151561 0.37080652 0.1291156 0.24948321 0.022457477 0.34483054 0.24323028 0.06886789 0.86393875 0.14946003 0.011052408 0.0055661 0.013367976 0.0053405473 0.00236245 0.006697752 0.0004072881 0.0016447807 0.034408618 0.08691521 0.021153778 0.83235586 0.006601621 0.0066782157 0.012489251 6.0928004e-19 0.7702931 9.717237e-07 0.000568946 0.0023644231 2.6671454e-05 1.0065304e-05 0.0007268701 0.9697586 5.3703764e-07 0.08414426 0.043796755 6.537954e-06 1.1069275e-06 3.4969544e-05 9.982318e-06 0.00019164773 3.1249132e-05 0.0017429035 0.0026599444 8.3311235e-05 0.00016228149 4.7326062e-05 0.8671518 0.0018178201 0.0038827453 1.1065764e-05 6.2674694e-06 5.4290836e-06 2.0408809e-06 1.9543172e-06 3.121905e-05 3.278115e-05 7.9077345e-06 0.0067706634 0.45883244 5.053431e-06 2.5038697e-05 3.0957005e-06 4.005076e-06 0.01272861 1.6858502e-06 7.2068303e-07 4.272282e-08 2.6923304e-09 1.2177392e-07 1.042212e-06 0.0054095485 8.077315e-08 4.4731475e-08 6.596384e-07 6.047458e-07 9.2970447e-07 6.2709523e-07 2.0570143e-07 0.001142957 2.4459643e-08 0.00030628755 2.3715966e-06 0.00010513414 4.2126544e-08 1.3152104e-05 5.5658e-07 2.8627861e-05 1.07392e-08 3.0888204e-06 0.00023990993 3.8419537e-05 0.0002619479 3.1969535e-05 1.7432524e-06 0.00020163176 0.00018512248
0.00025242698 0.027747298 0.016663041 0.12289024 0.08157947 0.09847208 0.01686242 0.0064910552 0.011094554 0.0034832815 0.0011081506 0.24395932 0.4046009 0.007465831 0.00034739988 0.00025696954 7.992412e-05 0.0037984217 0.0049127997 0.0039626085 0.0007913974 0.012275511 0.0026186572 0.30783114 0.9606271 0.0011017222 0.00038438427 0.0043206112 0.7702931 2.4289352e-19 3.0511013e-05 0.00010708388 0.0026285087 5.1731167e-06 1.1009329e-06 3.3186832e-05 0.46603823 3.002046e-05 0.00044255823 0.71413183 2.6418758e-05 5.2353018e-05 4.960592e-06 0.0084286975 0.00019070476 5.6940524e-05 0.0006044804 2.9776415e-05 0.00017914678 2.5430127e-06 0.00015545229 0.14052424 0.00011523899 0.00074494054 2.4846073e-05 2.4814162e-06 0.033788428 4.2454292e-07 1.1972095e-06 4.3770786e-05 8.090334e-05 4.1699295e-06 0.5237179 0.54033256 4.196111e-06 1.3149935e-05 4.234914e-06 9.746025e-07 0.011669328 1.6011422e-06 6.175008e-07 4.1745293e-06 6.388757e-08 9.797756e-07 2.6032367e-06 0.00034989408 4.982618e-07 1.9074048e-07 9.5278796e-07 2.8323356e-07 3.0266401e-06 1.7495495e-08 2.6208465e-07 0.00016328777 1.1163786e-06 0.0017074746 1.8935957e-07 2.849138e-05 1.5764269e-06 1.4692009e-06 4.3256905e-06 9.741152e-06 3.5240095e-08 3.3277825e-05 6.45324e-05 1.4553694e-05 2.6459115e-06 1.8630086e-05 1.3507228e-06 3.6954664e-06 3.881483e-06
0.22646573 0.00014673498 0.0006685279 5.0545777e-06 0.00029719376 0.0033555625 1.9496067e-05 0.00031539565 1.2957725e-05 6.750962e-06 1.8779687e-06 3.4378206e-07 0.18736057 0.0029343334 2.9486298e-06 8.584923e-07 1.5251877e-07 0.37377432 0.38237336 0.8846083 0.17372867 0.24841152 6.3298654e-07 0.31643242 0.010426128 0.000293078 1.30857325e-05 0.006782279 9.717237e-07 3.0511013e-05 2.2358602e-16 3.6275563e-07 0.3090203 1.1165707e-07 9.749999e-08 1.5430727e-06 1.0688766e-06 0.9363213 6.5855664e-07 0.034491897 0.9597662 0.74073285 3.1686022e-06 0.4317851 0.27584606 0.2108433 0.022760078 1.6610959e-06 0.5345653 9.627425e-08 0.0058985287 3.2982814e-05 5.2205785e-05 0.004403444 0.2764384 2.922159e-06 0.0065907156 2.8027289e-08 6.77361e-08 0.34467715 0.017758196 8.3865125e-08 0.00065473455 3.0496396e-06 0.08545774 3.3171833e-05 0.23500556 3.335263e-06 8.629503e-07 0.027633348 4.440971e-06 0.21580128 0.35791543 0.0617696 0.25258496 3.1261904e-06 7.071021e-08 2.5964738e-07 1.204894e-06 1.0804541e-07 1.7675058e-06 1.7461866e-07 1.5584882e-07 0.00012890372 0.0006227296 1.157846e-06 9.375331e-06 0.0069338954 0.0051018554 1.0352885e-06 0.00037188653 2.031689e-05 1.6621339e-06 4.2647184e-08 0.008587855 0.0023526629 0.0050983946 0.0005439462 5.431862e-07 0.0001456446 5.801199e-07
