1.7502525e-17 0.23300812 0.23505937 0.893553 0.8188983 0.0254508 0.11059521 0.027767995 0.65458536 0.70272803 0.6927379 0.8264241 0.65561086 0.74986094 0.18759242 0.96431905 0.53275084 0.93935966 0.06473725 0.9266648 0.13922682 0.92859834 0.9446082 7.6758835e-05 0.9351627 0.9324597 0.5159778 0.006692902 0.6744531 0.914522 0.1591881 0.96532226 0.69348717 0.9416393 0.5196441 0.46224856 0.8323442 0.96761596 0.9326995 0.9529083 0.9772734 0.6979322 0.9708917 0.77131325 0.8739185 0.41134438 0.018802008 0.66950446 0.24013913 0.8104669 0.9110304 0.9226024 0.9686836 0.00015166381 0.73317343 0.88322186 0.9467446 0.9667489 0.92394304 0.8893749 0.23212947 0.9803203 0.9137859 0.946947 0.909434 0.9781985 0.9972722 0.5911085 0.6965294 0.9417652 0.9995862 0.3174981 0.8310985 0.8436764 0.58838934 0.9998769 0.5953296 0.9061094 0.9996858 0.14716634 0.35939232 0.99889195 0.0017880108 0.0780859 0.017780887 0.9799405 0.002936843 0.87465537 0.79697806 4.264731e-06 0.7986055 0.9978734 0.08807082 0.9844288 0.4128809 0.383702 0.9996696 8.148193e-06 0.009695419 5.0313076e-07 0.9385454
0.23300812 9.463508e-17 0.9107245 0.8196462 0.9624118 0.99758613 0.43816236 0.07090157 0.49768972 0.37807736 0.50758475 0.7067465 0.20001459 0.0600843 0.002539891 0.2137812 0.0014179857 0.019870138 0.00051145087 0.005199011 0.004879154 0.00142372 0.004241375 0.00011105278 0.02931537 0.0018540103 0.00011535302 9.244857e-06 0.01254245 0.03830898 1.1150576e-05 0.004647317 3.335605e-05 0.017769488 2.5121012e-06 5.293769e-06 0.0007506694 0.018133849 0.0017036969 5.2620235e-06 4.1005835e-05 0.00015832583 0.0036775349 0.00019800734 7.817112e-06 0.004228411 6.231944e-09 0.0020881926 3.9295664e-06 1.2411015e-08 0.00044575604 4.164348e-05 6.1242577e-06 1.2085958e-05 0.0018361863 1.3786534e-05 0.0009775213 0.00028395964 1.9853063e-05 1.6780506e-05 0.008089138 0.00027557978 6.481248e-05 0.00055195624 0.015093573 0.000629077 0.0007450894 1.4538448e-05 9.370047e-06 2.3214434e-05 0.0007127928 5.5601924e-07 7.548187e-05 2.8270665e-06 5.1004514e-05 0.0004212966 5.999375e-06 1.6377864e-05 1.3808786e-05 3.470717e-07 2.3998084e-06 0.00011483066 5.1687897e-07 9.80471e-09 5.37889e-07 1.7099923e-05 2.1312708e-06 1.2264756e-07 9.3650397e-07 1.0603887e-06 9.1618895e-06 2.0422975e-05 3.0660988e-06 1.8530475e-06 4.9572085e-05 2.8942852e-08 2.112602e-05 7.911524e-09 9.1334886e-07 2.0997877e-08 5.492323e-07
0.23505937 0.9107245 1.8378578e-15 0.97359633 0.25856295 0.32958674 0.9869597 0.9366175 0.0060787466 0.59198064 0.69250804 0.23598078 0.21546496 0.22424966 0.30437976 0.03194822 0.12994735 0.00071111537 0.22663881 0.086465836 0.00039507935 0.042608425 0.00047854442 1.1519629e-05 0.3039714 0.00034941174 4.938334e-05 4.0106565e-06 0.00093485054 0.03601193 1.5706376e-06 0.00048802493 1.3946651e-05 0.0029669083 3.9137017e-06 1.3226548e-06 5.5646433e-05 0.06043877 0.00775015 1.5239758e-06 0.0019523381 4.1195115e-05 0.012511603 1.6665408e-05 0.0001527691 0.0027145862 6.385083e-10 0.0006465126 2.685133e-07 5.2808766e-09 0.0006411585 0.00021168706 8.538302e-05 1.2658928e-06 0.0005537425 2.4377823e-05 9.59232e-05 0.00042753416 1.2262727e-06 2.3864695e-05 0.18093222 6.987159e-05 0.00015469569 0.0005745625 0.016900316 6.378666e-05 0.0007412272 0.00017148384 3.906462e-05 2.6915222e-05 0.00020155254 4.90518e-06 6.85642e-05 4.978939e-06 0.0008974291 0.0003674036 4.4333443e-05 2.0661764e-05 6.829188e-05 1.3300755e-05 9.963268e-06 2.8508148e-05 9.866501e-06 2.1686179e-07 2.1507363e-07 5.792555e-06 1.31765855e-05 2.3726825e-06 2.897435e-05 6.191785e-05 1.1424725e-06 2.0569644e-06 1.3976156e-05 6.3504085e-06 3.4972447e-05 5.1401435e-06 3.6777396e-06 3.5820503e-07 5.0879535e-06 8.381571e-08 2.9383723e-06
0.893553 0.8196462 0.97359633 6.041747e-14 0.07330304 0.02983641 0.7579417 0.73756504 0.00089044013 0.961236 0.84832066 0.10708869 0.3635562 0.7126374 0.5272813 0.0073933937 0.88266546 3.369823e-05 0.49094015 0.39735475 5.9912993e-05 0.33769864 3.7944494e-05 2.7463227e-07 0.90822226 6.998472e-06 3.880411e-05 2.736996e-07 0.0007797095 0.37268236 7.599454e-07 1.9051235e-05 9.654829e-07 0.0033067982 7.7178875e-08 3.482625e-06 8.6700635e-07 0.7573359 0.06647954 1.18325985e-07 0.047043297 1.1505526e-06 0.33776772 4.4655545e-07 0.00043830654 0.009678514 1.2520136e-10 0.0020759096 3.6287723e-08 5.6619025e-09 0.016673215 0.00024190434 0.00041851788 1.8708201e-08 0.00016413476 2.679393e-07 3.4338577e-06 0.019615078 5.2489167e-08 2.0231234e-07 0.6483372 6.545234e-06 0.00034066645 0.017858919 0.16843721 7.65594e-05 0.003908357 0.00025887982 9.790546e-05 0.00020515377 0.0004441925 6.7655983e-06 3.4921802e-06 8.472724e-06 0.009317812 0.0011590609 0.00019254338 3.6781134e-05 3.134862e-05 0.000117056756 2.007343e-05 1.8981567e-06 9.543663e-06 6.5310624e-06 6.3179996e-08 1.6470245e-05 2.9861144e-06 4.353041e-06 0.00019375078 4.5055067e-06 2.1909378e-07 4.689017e-08 3.464262e-05 9.175197e-06 2.0904321e-05 1.2216622e-06 1.6472993e-07 6.4413365e-07 8.3685656e-05 4.832295e-07 1.9952807e-07
0.8188983 0.9624118 0.25856295 0.07330304 2.5780492e-15 0.9512102 0.08183258 0.012293495 0.9889686 0.14725463 0.46225315 0.9387917 0.35564315 0.03919579 0.00933382 0.76570237 0.00067285844 0.22576323 0.0019760027 0.000488492 0.11264584 7.864337e-05 0.23948509 0.0007173489 0.020319197 0.010142206 0.000509583 0.00020453469 0.17848492 0.15327181 0.0001951131 0.06374005 0.00025762053 0.12944949 1.2802756e-05 1.742359e-05 0.0066520055 0.026337562 0.0010503182 1.2472938e-05 6.5114815e-05 0.001115374 0.0049469583 0.00097620726 5.2638524e-07 0.04205366 2.932537e-07 0.015417836 0.00011377255 2.3280466e-08 0.00055475737 1.93753e-06 3.2333724e-06 9.933852e-05 0.03373932 0.00015370232 0.007992968 0.00065154384 2.313178e-05 0.00010752062 0.041667372 0.0032702775 0.00027194122 0.0019192811 0.08924799 0.008841749 0.0037473724 1.5951306e-05 8.8722074e-05 2.9907786e-05 0.009087592 6.0895004e-06 0.0010073049 6.336799e-07 5.9183316e-05 0.0013016134 8.280879e-05 1.0140861e-05 0.00015147128 2.326725e-07 7.1629674e-06 0.001079093 1.066489e-06 1.6634604e-07 7.0686775e-07 1.3801031e-05 2.5740012e-05 1.7621694e-07 1.4805666e-05 4.4097997e-06 5.2694682e-05 6.268504e-06 5.9832396e-06 6.2372087e-06 0.00018589523 1.0425987e-06 3.4729354e-05 2.0412712e-07 1.327077e-06 9.572913e-08 1.089791e-06
0.0254508 0.99758613 0.32958674 0.02983641 0.9512102 2.3176632e-14 0.4970596 0.047268547 0.96942466 0.001205808 0.009478953 0.11800512 0.004916226 0.000345508 0.0017055193 0.057072066 0.0003711779 0.2344177 0.00030242428 3.773958e-05 0.87666905 2.0795387e-06 0.02025828 0.56792164 0.00049421104 0.0028956064 0.0006224942 0.001499713 0.0018610855 0.0013457991 0.0006676585 0.0049490444 0.0001837281 0.0032400538 6.244851e-06 7.0491085e-05 0.00087542704 0.00027070384 1.5390086e-05 1.3979822e-05 1.4934124e-06 0.00016702442 3.6404104e-05 4.4847002e-05 1.9327767e-07 0.00022022113 4.7908543e-07 0.00016130309 4.134091e-06 5.4598214e-08 8.881448e-06 6.0177754e-06 2.782154e-06 0.0002564449 0.0010772925 1.6252008e-05 0.00080520747 2.5349724e-05 1.4421581e-05 8.049625e-06 0.020586234 0.00011628157 6.365133e-07 3.3715496e-05 0.00031405338 0.0003334341 2.9004292e-05 1.5785205e-05 1.1592708e-07 9.587719e-07 6.687367e-05 3.3148983e-06 1.2404656e-05 7.51693e-07 5.848318e-06 2.2319675e-05 1.3576798e-06 8.339076e-06 5.0629217e-07 3.9022467e-07 9.468981e-07 3.3360375e-05 7.434734e-07 4.2645315e-08 6.1661217e-07 2.0422692e-06 4.8754487e-06 5.0948674e-06 3.501075e-07 1.1352554e-06 9.4633214e-07 1.3649461e-06 5.842295e-07 1.5073778e-06 4.3101372e-06 1.1132612e-08 2.4534802e-06 3.070129e-07 2.8643097e-07 1.6409163e-07 1.3259473e-08
0.11059521 0.43816236 0.9869597 0.7579417 0.08183258 0.4970596 8.2775295e-15 0.9987426 0.0007588298 0.2637547 0.37695238 0.10306503 0.0975148 0.12640335 0.7340823 0.028779222 0.13314264 0.00039870353 0.08434234 0.019583872 0.00012962255 0.0053644185 0.00029323818 1.1189383e-05 0.20796372 0.00021169188 1.6451706e-05 5.4041976e-07 0.0001290549 0.033069 3.4597504e-06 0.0003520644 1.1690486e-05 0.0031221488 1.0268567e-06 2.7557503e-06 3.9697323e-05 0.043492984 0.003362432 4.0727627e-06 0.00074119854 2.3603969e-05 0.0075589344 4.8481393e-06 3.3007911e-06 0.0012695986 5.913005e-09 0.00065989484 1.5695355e-06 8.302652e-08 0.00043662518 4.3130465e-05 3.3877746e-05 2.69806e-07 0.000100736725 8.265033e-06 6.6213244e-05 0.00026810635 3.7182943e-07 2.175577e-06 0.11638954 3.9368646e-05 3.704134e-05 0.00047233654 0.008323215 6.4172214e-05 0.00041163407 2.123307e-05 1.3287176e-05 6.085262e-06 0.00034761065 1.5589468e-06 7.7367395e-06 2.5114664e-06 0.00011438407 0.00041661598 8.4290095e-06 1.0230618e-05 2.0884494e-05 6.1822648e-06 2.0052087e-06 2.1511036e-05 1.3927252e-06 4.7267196e-07 3.19514e-07 1.7474036e-06 5.2731402e-06 1.1320897e-06 2.4238004e-06 2.485598e-05 5.6887e-07 5.512166e-06 1.5862285e-07 7.078439e-07 6.8031186e-06 7.270447e-08 7.2432085e-06 2.2660392e-07 2.6885373e-06 1.6685176e-07 8.779742e-08
0.027767995 0.07090157 0.9366175 0.73756504 0.012293495 0.047268547 0.9987426 1.4468994e-15 7.7382036e-05 0.1439156 0.13572167 0.033180285 0.02681415 0.044620313 0.9707942 0.0040009557 0.4850157 5.3284974e-05 0.2501039 0.10351451 8.122548e-05 0.034058165 6.7450055e-05 1.5531728e-06 0.12204645 0.00016023965 6.442338e-05 2.6708708e-06 5.7240246e-05 0.009067023 3.5862397e-06 9.5725445e-05 2.302901e-05 0.0005590494 1.1764559e-05 6.603991e-06 4.1292424e-05 0.011637578 0.008018989 6.9770877e-06 0.010181946 1.5563377e-05 0.0060842214 1.2883312e-05 0.00069106906 0.0004762439 1.5113584e-09 0.00034570802 1.9319891e-06 1.0107946e-07 0.00095743156 0.000853509 0.00027437086 1.8321882e-07 5.267514e-05 1.4378886e-05 8.671518e-05 0.00025237282 2.1727053e-06 2.0894265e-06 0.06674415 3.5193363e-05 0.00015388757 0.0010278013 0.002766651 1.3157048e-05 0.00032559363 7.418155e-05 0.00010440933 0.00011056108 0.00030325953 2.2843753e-06 1.054346e-05 2.9228402e-05 0.000116680596 0.00036426453 2.9711597e-05 0.00014426623 7.520415e-05 4.638784e-06 1.5289144e-05 1.2618182e-05 3.1202273e-06 1.6007237e-06 1.7025248e-07 5.5147557e-05 3.1932115e-07 1.1302639e-05 6.497583e-06 4.4043427e-05 2.557614e-07 7.7516725e-06 4.1497015e-06 1.4798318e-06 6.412636e-06 6.488334e-07 3.2007808e-06 6.734657e-07 1.3084011e-05 1.1555846e-06 5.8625716e-07
0.65458536 0.49768972 0.0060787466 0.00089044013 0.9889686 0.96942466 0.0007588298 7.7382036e-05 1.7074324e-18 0.0003614741 0.010383064 0.4780211 0.0052894996 0.00016881332 4.8000056e-05 0.49731046 2.1204123e-06 0.95013785 6.1745454e-06 8.410446e-06 0.95056707 7.5037505e-09 0.61764437 0.058379304 0.00044561745 0.10913422 0.108683966 0.009170663 0.08825171 0.009568962 0.0063271835 0.21869022 0.002589376 0.027531968 8.443593e-05 0.0006270606 0.064270504 0.0010679679 1.2790222e-05 4.405645e-05 1.02468164e-07 0.005783373 0.00022417493 0.004510503 3.8638913e-08 0.0027412688 8.70281e-07 0.0011914537 0.00022691395 3.786402e-07 2.6668557e-05 2.531385e-07 1.2649618e-07 0.00082852715 0.007943328 0.000520091 0.019334622 5.9247694e-05 7.235369e-05 0.00014352 0.0012537092 0.00988547 9.677613e-06 0.00015898947 0.0024837747 0.0026140036 0.00026838802 1.6740761e-06 1.6481495e-07 4.405212e-07 0.00084549666 1.9670322e-06 0.0018863396 1.8798238e-07 2.0712821e-05 0.00017503308 1.5136123e-06 1.1461119e-06 8.222907e-06 2.1900489e-08 1.1787372e-06 0.002679691 6.084044e-08 6.57223e-10 1.6490653e-06 1.9707688e-06 3.919949e-05 3.5810567e-07 1.5888813e-07 1.5320921e-07 7.524648e-05 1.2757088e-05 5.2991254e-07 6.533949e-07 8.221963e-05 7.6028435e-08 1.9821111e-05 4.184184e-09 3.450764e-08 4.3659347e-09 6.400493e-07
0.70272803 0.37807736 0.59198064 0.961236 0.14725463 0.001205808 0.2637547 0.1439156 0.0003614741 5.7474815e-12 0.950106 0.17992051 0.6456131 0.9921867 0.11184485 0.0016611427 0.24100684 3.585089e-05 0.054686546 0.11107686 6.93537e-05 0.1724674 0.00032502 1.1816704e-06 0.7210175 4.7556623e-05 7.080391e-05 3.8210687e-06 0.002840486 0.59947187 8.274217e-07 6.5806635e-05 4.1601106e-06 0.0032703276 2.969927e-07 6.6647676e-06 3.022311e-06 0.7111987 0.020802168 6.959921e-08 0.0062934193 4.6306377e-06 0.2764034 4.8982147e-06 0.0005889389 0.012333768 2.342401e-09 0.0027884818 3.0927154e-07 1.8545934e-09 0.0051814048 0.00018693578 0.0003773489 1.349799e-07 0.0008659867 3.3858573e-06 4.782063e-05 0.007373277 6.817615e-08 9.5325e-08 0.0936469 6.63184e-05 0.0008190112 0.01364435 0.11311809 0.0002555906 0.007824098 0.00049086945 0.0002992155 0.00014966163 0.0015518714 3.0113852e-05 1.4795165e-05 1.7754637e-05 0.00056120515 0.0018163446 0.000609357 8.5614585e-05 5.1978703e-05 5.764112e-05 1.419009e-05 2.0516884e-06 7.78726e-06 1.682377e-05 1.9183285e-07 3.356676e-05 1.4691477e-06 9.553916e-06 0.00016419597 1.5952262e-05 1.0663668e-06 3.2873643e-08 5.9383176e-05 7.358198e-06 8.70308e-06 1.7109554e-06 2.1667254e-06 1.1470835e-05 1.8845198e-05 6.3469997e-06 6.4766436e-07
0.6927379 0.50758475 0.69250804 0.84832066 0.46225315 0.009478953 0.37695238 0.13572167 0.010383064 0.950106 6.1320095e-11 0.8096924 0.99075305 0.92923474 0.16360225 0.04176141 0.197512 0.0005427995 0.072917886 0.009381283 0.0003941237 0.010952393 0.0014650184 8.0346e-06 0.37454966 0.00032441027 0.0001380205 5.354204e-06 0.009235047 0.70997167 3.4377557e-05 0.00035202745 0.00010868071 0.011151465 1.00927755e-05 8.4218154e-05 1.5494736e-05 0.45556134 0.0040917476 2.169283e-06 0.014630171 5.445332e-05 0.09394002 6.0676663e-05 0.00023137199 0.023678176 1.4980006e-07 0.0060165417 4.1248127e-06 1.353381e-07 0.0008544728 0.00017099932 9.7885015e-05 5.0657254e-06 0.0021670852 2.6617281e-05 0.00013296222 0.00089210493 3.575462e-06 3.5092064e-06 0.26535398 9.900532e-05 0.00027201514 0.004063911 0.14273123 0.0006499269 0.0085536195 0.0002433988 7.016493e-05 3.6795765e-05 0.0036993066 3.10342e-05 2.7636659e-05 2.212985e-05 0.0035962698 0.0016470051 7.794821e-05 1.2806663e-05 1.9933103e-05 0.0001320331 1.3405279e-05 9.187376e-06 1.704026e-05 1.8620369e-05 5.6112503e-07 6.2780764e-06 5.359706e-06 1.3894823e-05 1.2821903e-05 5.573146e-05 4.868001e-06 1.1071227e-06 1.1656597e-05 8.2053094e-07 1.5711883e-05 4.404254e-07 1.5742495e-05 1.4249283e-05 1.5239971e-05 2.3171966e-05 1.0413189e-06
0.8264241 0.7067465 0.23598078 0.10708869 0.9387917 0.11800512 0.10306503 0.033180285 0.4780211 0.17992051 0.8096924 3.1048e-16 0.9522231 0.10547384 0.018286604 0.9926889 0.0029872851 0.027662298 0.0022013946 0.0003103676 0.012027433 0.0006643579 0.12305977 4.0294344e-06 0.05656626 0.002593909 0.00016465668 1.5341097e-05 0.6078138 0.8150857 3.860512e-05 0.06316141 0.0002878329 0.23499587 1.9745012e-06 9.767859e-06 0.0020749618 0.25928783 0.0029536919 7.660117e-07 7.3627257e-06 0.0004535019 0.060487915 0.0001670644 1.2203509e-06 0.192673 4.5944045e-08 0.07685077 3.6493143e-06 2.738039e-08 0.0009877431 5.5565633e-06 2.5173485e-06 9.683765e-07 0.05462527 8.740097e-05 0.0035713303 0.0016324434 1.7338647e-06 6.80781e-06 0.002652211 0.0057019074 0.0004915527 0.005150247 0.35412064 0.014826566 0.051061805 1.0990797e-05 6.1144656e-06 3.944698e-06 0.027084623 1.2196714e-06 0.0007776622 5.704205e-07 4.5196093e-06 0.002849918 1.8337669e-05 1.5536394e-06 2.0840425e-05 4.8254424e-07 8.837053e-07 0.0008703832 4.2462048e-08 6.2062895e-08 2.105028e-07 1.1943858e-06 9.548041e-06 4.7441535e-08 2.035919e-07 1.1573625e-06 2.1522836e-05 2.1605301e-07 1.8909657e-06 1.4591465e-07 6.3846855e-05 1.8662117e-08 3.550882e-05 5.9418603e-08 8.061974e-07 7.609967e-08 9.025965e-08
0.65561086 0.20001459 0.21546496 0.3635562 0.35564315 0.004916226 0.0975148 0.02681415 0.0052894996 0.6456131 0.99075305 0.9522231 2.3330606e-12 0.7465448 0.035654623 0.13955542 0.030014548 0.00018050519 0.01380843 0.0012009329 0.0003186837 0.0034570678 0.001525145 1.1630652e-06 0.43459672 7.286743e-05 3.1809843e-05 2.2274373e-06 0.21355014 0.9593477 2.3658204e-06 0.0006208661 4.0374107e-05 0.028792912 1.6336985e-06 7.998088e-06 3.0090683e-05 0.530688 0.0039079823 6.1480426e-07 0.00033436297 3.4920853e-05 0.16792275 3.2133587e-05 1.7353363e-05 0.07157246 1.687378e-08 0.01470727 3.3523681e-06 6.254942e-08 0.00082276657 1.7341004e-05 8.951694e-06 1.9922963e-06 0.006101048 3.5434463e-05 0.00023239055 0.00046114041 3.594164e-07 1.4407854e-06 0.02553736 0.00025492217 0.00074041187 0.0061012087 0.2207942 0.0012444096 0.02421943 7.986894e-05 8.100316e-05 1.7830895e-05 0.008641438 3.6881363e-06 0.00020649128 1.0307323e-06 0.00044688312 0.0016274792 4.499815e-05 2.1078533e-06 2.5071959e-05 6.8584054e-06 2.798528e-06 3.221505e-05 2.103141e-06 4.5990737e-06 1.5708533e-06 1.0135577e-06 1.0209575e-05 6.1513214e-07 4.719043e-06 1.5060336e-05 5.4537046e-05 1.5874939e-07 7.314791e-06 1.5534904e-07 9.176699e-05 2.8908633e-07 3.5852104e-06 1.814645e-06 1.7810722e-05 2.060738e-06 1.1822831e-07
0.74986094 0.0600843 0.22424966 0.7126374 0.03919579 0.000345508 0.12640335 0.044620313 0.00016881332 0.9921867 0.92923474 0.10547384 0.7465448 2.5449384e-12 0.056384243 0.0012183021 0.16389863 2.741637e-06 0.024484836 0.105266355 1.8410405e-05 0.21534492 5.4854034e-05 3.160654e-07 0.9568652 1.0824467e-05 6.3016923e-06 3.3755691e-06 0.0086206 0.89200294 2.405623e-07 1.785637e-05 4.7851313e-06 0.0028296844 2.4891298e-07 2.370494e-07 1.0843038e-06 0.78713787 0.1810705 4.5290797e-08 0.011535555 2.5009547e-06 0.47146955 1.5945927e-06 0.00073279423 0.020988038 1.1427932e-09 0.0035113425 8.917186e-08 4.618758e-09 0.021776276 0.00012975116 0.00013741583 1.5008818e-07 0.0007958462 2.221084e-06 1.7428078e-05 0.0042304797 1.0920543e-07 5.1707833e-08 0.07308874 1.7423907e-05 0.0065521114 0.03193851 0.06328078 0.00011123477 0.025076076 0.00027182268 0.000432354 0.00015593544 0.0031331496 2.3188435e-05 3.4258035e-05 1.2077812e-05 0.0035919696 0.0030904338 0.00068758294 9.459559e-05 9.368702e-05 3.217925e-05 5.3343774e-06 9.701032e-07 2.393257e-05 1.337356e-05 1.8932725e-07 2.0309333e-05 5.485842e-07 2.7143928e-06 0.00026876916 5.8035672e-05 1.9870308e-06 2.4515725e-09 3.31144e-05 3.510455e-06 2.6795004e-05 7.9353345e-07 1.2005292e-07 3.7256618e-06 4.7281287e-06 2.034534e-06 4.530698e-07
0.18759242 0.002539891 0.30437976 0.5272813 0.00933382 0.0017055193 0.7340823 0.9707942 4.8000056e-05 0.11184485 0.16360225 0.018286604 0.035654623 0.056384243 4.5385156e-15 0.0039290553 0.9465461 0.00012182464 0.997537 0.122968435 2.6324798e-05 0.021718169 7.033422e-05 1.6551297e-06 0.27212897 0.00024717944 9.7528406e-05 9.72468e-07 6.5725915e-05 0.009477037 1.0273308e-06 0.000112404276 8.7075305e-06 0.0007208263 3.791809e-05 0.000117807314 2.2534045e-05 0.04905564 0.004849509 1.0381593e-05 0.031901486 1.3790611e-05 0.008638701 1.0529242e-05 0.00014808019 0.00030184485 1.1353932e-09 0.0003078302 3.4890572e-06 1.4784204e-07 0.00037569134 0.00030359082 0.00013773794 1.6860551e-07 6.364787e-05 1.1209645e-05 7.785348e-05 0.00021361547 1.4860063e-06 4.4777616e-06 0.5747941 5.4863813e-05 2.7160128e-05 0.00044789238 0.0065915016 2.624038e-05 0.00036740184 9.398242e-05 1.9246745e-05 2.3989629e-05 0.00031646463 9.8282035e-06 1.539255e-05 3.0992913e-05 0.001699806 0.00033355333 2.1898119e-05 9.626778e-05 9.872017e-06 3.172689e-05 4.8278358e-05 2.1634558e-05 1.906045e-05 3.5966075e-06 7.6571986e-08 5.671018e-06 4.9836985e-06 4.5447578e-05 2.4305568e-06 0.00015376697 3.8035284e-07 4.684693e-05 7.442152e-06 4.1792737e-06 1.0562974e-05 4.461685e-07 1.1580465e-05 1.6117484e-06 5.1541014e-05 1.5692347e-06 9.7988256e-08
0.96431905 0.2137812 0.03194822 0.0073933937 0.76570237 0.057072066 0.028779222 0.0040009557 0.49731046 0.0016611427 0.04176141 0.9926889 0.13955542 0.0012183021 0.0039290553 5.2646693e-15 0.00032136054 0.20388313 0.0008508872 7.704379e-06 0.01790159 3.3914918e-07 0.5483693 1.2219527e-05 0.005553926 0.016487472 0.00073693646 4.053189e-05 0.9393904 0.74469674 0.00016624114 0.70099145 0.0004892946 0.60795873 6.05803e-06 2.8799555e-05 0.0213832 0.08671056 0.00012295728 5.836539e-06 3.3956649e-06 0.0012775412 0.011916537 0.000455906 1.6647862e-08 0.24612835 1.799646e-06 0.115490064 1.7893874e-05 3.673384e-07 0.00019228188 2.4882516e-07 6.983484e-08 2.3991437e-05 0.26365033 0.000111136476 0.048357785 0.00018204222 2.3332545e-06 1.2385565e-05 0.0042840843 0.08816931 0.00024172493 0.004793316 0.21735746 0.10951834 0.016311377 2.83495e-06 1.3131305e-06 6.8878524e-07 0.0746589 1.0385885e-06 0.032273352 1.5072088e-07 5.252062e-06 0.0012160664 1.3583489e-05 7.5745746e-08 7.405146e-06 7.401199e-08 1.0576538e-06 0.00772368 2.2796341e-07 5.639617e-08 1.1522436e-06 3.4754265e-07 1.2716495e-05 3.77869e-09 1.6600412e-06 1.3252584e-06 0.00078131474 1.4206018e-06 5.968605e-06 3.1882717e-08 0.0004643675 1.0778435e-08 0.00012289832 5.522031e-08 5.670258e-07 1.6058566e-08 1.3177911e-08
0.53275084 0.0014179857 0.12994735 0.88266546 0.00067285844 0.0003711779 0.13314264 0.4850157 2.1204123e-06 0.24100684 0.197512 0.0029872851 0.030014548 0.16389863 0.9465461 0.00032136054 9.468965e-16 4.92293e-05 0.9912231 0.9031263 2.6261698e-06 0.74675035 1.2577802e-05 6.89514e-07 0.75933695 3.473033e-06 2.5740552e-05 1.1855019e-07 2.5307356e-05 0.013486945 1.00558715e-07 9.544673e-06 4.4827416e-07 0.000286629 2.1993115e-07 2.6975454e-07 2.8566361e-05 0.19609171 0.29909655 1.609123e-07 0.8643161 1.28415195e-05 0.12374455 2.9171762e-05 0.28671813 0.0015795836 3.3609227e-11 0.0005884179 4.4951653e-07 4.433614e-09 0.097795 0.0761159 0.049577173 1.0713142e-07 0.00016868844 1.453578e-06 0.000101404024 0.11344732 1.3459858e-06 5.6770614e-06 0.73239344 8.130077e-06 0.0014070702 0.013693978 0.006409314 3.4705252e-05 0.0011850189 0.007930441 0.005482451 0.0071389694 0.000955266 0.00034423237 1.27935655e-05 0.0027841001 0.067144185 0.0027438593 0.004133269 0.0037627046 0.0015813721 0.0024665927 0.0016343273 4.714194e-06 0.013710984 0.0018215842 1.9645303e-07 0.0009330625 1.5980515e-06 0.0025833845 0.0012874445 0.0010003232 7.1526017e-07 3.8619004e-07 0.0015430978 0.00019398393 8.2979e-05 8.4108186e-05 2.2401903e-07 0.0017664502 0.009407834 0.000331475 4.6619985e-05
0.93935966 0.019870138 0.00071111537 3.369823e-05 0.22576323 0.2344177 0.00039870353 5.3284974e-05 0.95013785 3.585089e-05 0.0005427995 0.027662298 0.00018050519 2.741637e-06 0.00012182464 0.20388313 4.92293e-05 1.731911e-14 0.00029813027 1.1485328e-05 0.9508152 2.597697e-07 0.9615922 0.05594863 0.00016026608 0.9630154 0.8569877 0.48420984 0.043532964 0.00079709804 0.6981303 0.37016892 0.20458725 0.031186743 0.016646992 0.124775015 0.5129057 0.00072899746 0.000105944564 0.042024158 0.00018530176 0.06562583 0.00015874341 0.046290807 4.5981615e-06 0.0024977385 0.00064809015 0.0018408984 0.005325488 0.0001375072 0.00013142344 2.8349654e-05 1.9901707e-05 0.016120115 0.014867408 0.008630397 0.39242062 0.0003159568 0.0010349886 0.0029717083 0.0054583047 0.043601632 3.166897e-05 0.0002658936 0.006552611 0.015410728 0.0002758059 2.3018121e-05 1.8024519e-05 1.9768404e-05 0.0025894486 7.536365e-06 0.0072283 1.2352643e-05 1.7964747e-05 0.0002688235 6.2094776e-05 0.00016350826 8.89093e-06 1.0133639e-07 4.976888e-06 0.022226576 1.4270076e-07 7.9212947e-07 6.164746e-07 6.6809826e-06 5.6333442e-06 2.1586064e-05 9.455202e-05 5.7399943e-06 0.0011702277 6.0837738e-05 7.058662e-05 7.7032295e-05 0.00037308707 2.5200916e-06 0.00028327832 8.557567e-08 2.1125597e-07 1.3894835e-07 1.0118338e-06
0.06473725 0.00051145087 0.22663881 0.49094015 0.0019760027 0.00030242428 0.08434234 0.2501039 6.1745454e-06 0.054686546 0.072917886 0.0022013946 0.01380843 0.024484836 0.997537 0.0008508872 0.9912231 0.00029813027 1.3025988e-13 0.19781075 2.2926653e-05 0.04954126 7.2319264e-05 8.8613405e-07 0.22367711 0.00018433323 0.0005053723 2.7754627e-06 1.2384219e-05 0.005177211 7.571123e-06 2.7116672e-05 1.1940949e-05 0.00028944016 6.813793e-06 6.5960696e-05 3.2197455e-05 0.026634818 0.01182211 6.82495e-05 0.67064583 2.8885901e-05 0.008982935 1.7610391e-05 0.0015912356 0.00024358503 1.7915187e-10 0.00042525213 8.160138e-06 1.2143696e-06 0.00095017423 0.005148946 0.001672133 1.5336123e-07 2.6574518e-05 8.466779e-06 0.0002067007 0.0008683143 3.821605e-06 7.013599e-06 0.8837978 6.359075e-06 0.00011002223 0.0013630063 0.0031937314 1.1277982e-05 0.00013689316 0.0005590433 0.00015074799 0.00014797431 0.0005796332 4.889513e-05 4.3563423e-06 0.0002936342 0.038881756 0.00041024844 0.00013978004 0.00048042607 7.029272e-05 0.0007485319 0.00018016175 4.252296e-06 0.0018034405 0.00018996689 1.5862831e-07 0.00023360734 1.5854386e-06 0.0021265417 2.11672e-05 0.00211442 1.3269897e-06 4.698653e-05 8.437145e-05 0.00016019838 1.1007601e-05 3.148101e-05 3.7470625e-06 7.212957e-05 0.000398645 6.405581e-05 2.8098682e-05
0.9266648 0.005199011 0.086465836 0.39735475 0.000488492 3.773958e-05 0.019583872 0.10351451 8.410446e-06 0.11107686 0.009381283 0.0003103676 0.0012009329 0.105266355 0.122968435 7.704379e-06 0.9031263 1.1485328e-05 0.19781075 1.3654895e-13 1.7417577e-05 0.9871914 2.9701596e-05 5.5853997e-07 0.5778055 8.0441333e-07 3.4578425e-05 1.6732256e-06 0.00013214735 0.035703834 8.3714895e-08 5.9667373e-06 1.4100267e-06 0.00029025838 5.792317e-08 1.7606317e-06 1.9103085e-07 0.40535837 0.79416156 6.394324e-09 0.94561476 2.468876e-07 0.45047253 9.66913e-07 0.54890907 0.003667373 7.255302e-09 0.0014547047 1.7828376e-07 9.480777e-10 0.44299117 0.05370555 0.09739161 9.689138e-08 0.0003302961 2.8294548e-07 8.509756e-06 0.66211146 1.808598e-08 2.7982049e-08 0.6429754 2.9662193e-05 0.029671717 0.12258495 0.013839682 0.00016375467 0.00494861 0.011922118 0.014818693 0.020765524 0.0010991436 0.001325041 2.3191487e-05 0.004548776 0.688851 0.013865411 0.0059270556 0.0015031216 0.014584421 0.05643866 0.0006120498 1.5811124e-06 0.0012030948 0.001719359 2.0644736e-06 0.0005346841 4.0219406e-06 0.0021924933 0.002123217 0.00026322753 2.1862186e-05 1.9732305e-08 0.00031877792 0.00016628586 1.5805359e-05 1.5987429e-05 1.887365e-07 3.886248e-05 0.0020344607 1.143393e-05 2.9314283e-06
0.13922682 0.004879154 0.00039507935 5.9912993e-05 0.11264584 0.87666905 0.00012962255 8.122548e-05 0.95056707 6.93537e-05 0.0003941237 0.012027433 0.0003186837 1.8410405e-05 2.6324798e-05 0.01790159 2.6261698e-06 0.9508152 2.2926653e-05 1.7417577e-05 1.7073306e-15 2.9405003e-06 0.13657686 0.9997692 4.0493254e-05 0.115460925 0.19540319 0.10823343 0.0016183946 0.00037996875 0.0032259142 0.026632609 0.0039656763 0.0015185812 0.0014678006 0.030863386 0.014370655 0.00017738348 4.6083882e-05 0.0010333312 9.149272e-06 0.0012466625 0.0002402506 0.0010948904 1.9065676e-06 0.0001391691 3.9946678e-07 0.0004801366 0.0013469077 4.456508e-06 0.00029377593 9.7599215e-05 5.5767936e-07 0.049606316 0.0014979128 0.00041155968 0.015152359 0.00011969036 0.00019812635 0.000113596034 0.00018329878 0.0007495162 4.4155462e-05 0.0003578744 0.00031162397 0.0006883298 5.1355008e-05 5.9240912e-05 2.3108301e-05 3.742001e-05 0.0006839017 1.6869913e-05 0.00010871658 2.5023159e-05 3.2922526e-06 9.9913144e-05 7.12112e-06 2.1508577e-05 3.7210389e-06 5.439651e-06 0.00010186296 0.00012689304 4.134887e-06 6.4017814e-07 1.3137455e-08 2.980782e-06 8.380277e-08 2.5182262e-05 7.874254e-06 1.7124613e-07 3.8979265e-06 8.032849e-07 9.1825024e-07 1.9990196e-07 2.7820297e-06 1.2661735e-07 1.0312453e-06 7.0020505e-08 4.2590676e-07 1.2073762e-08 1.1561473e-07
0.92859834 0.00142372 0.042608425 0.33769864 7.864337e-05 2.0795387e-06 0.0053644185 0.034058165 7.5037505e-09 0.1724674 0.010952393 0.0006643579 0.0034570678 0.21534492 0.021718169 3.3914918e-07 0.74675035 2.597697e-07 0.04954126 0.9871914 2.9405003e-06 5.3057537e-13 7.9718114e-07 1.1519848e-07 0.57793933 4.4468877e-08 2.0114564e-06 2.0712207e-07 0.00011122236 0.043688472 8.296684e-08 2.657036e-07 1.0497472e-08 0.00014611972 5.5816125e-09 4.1112108e-07 4.22275e-08 0.23448554 0.9636497 3.5512064e-09 0.40815976 4.3751403e-08 0.3357678 2.3733792e-08 0.763802 0.0020256268 1.292755e-10 0.0005727672 6.530625e-08 6.1733587e-09 0.6500489 0.07411316 0.337361 4.0119073e-08 0.00013533869 4.624375e-08 5.3389685e-06 0.757317 2.8365942e-08 5.080307e-08 0.08986138 5.121945e-06 0.089371175 0.14897288 0.021754758 0.00016875408 0.009838022 0.021488747 0.03990226 0.040279463 0.0038867185 0.0031546801 3.7071359e-06 0.0053140935 0.14373203 0.0364678 0.02144832 0.0042053233 0.059232585 0.012238008 0.0004801224 1.2369553e-06 0.00061131944 0.002288683 6.146735e-07 0.0035195984 4.4954265e-07 0.00013539086 0.005482247 5.9098937e-05 1.7586036e-07 1.3816768e-07 0.00048176147 0.0003552257 8.8530505e-06 2.9829152e-06 7.904722e-07 3.5530535e-05 0.00051311543 1.1110779e-05 4.9393493e-06
0.9446082 0.004241375 0.00047854442 3.7944494e-05 0.23948509 0.02025828 0.00029323818 6.7450055e-05 0.61764437 0.00032502 0.0014650184 0.12305977 0.001525145 5.4854034e-05 7.033422e-05 0.5483693 1.2577802e-05 0.9615922 7.2319264e-05 2.9701596e-05 0.13657686 7.9718114e-07 1.5602629e-12 0.00050052523 0.0002085684 0.9691216 0.19901659 0.010872038 0.43190822 0.010683235 0.015579439 0.9756303 0.40584314 0.1005132 0.0069044265 0.007818977 0.70215994 0.002122035 5.9026108e-05 0.015603499 2.1247371e-05 0.2729685 0.00045700555 0.20726357 1.2821341e-05 0.013527733 0.00021263558 0.009482123 0.03688351 2.8533334e-05 0.00012159678 4.2312645e-06 6.1877263e-06 0.00018091398 0.07061389 0.020068647 0.54184514 4.1012918e-05 0.000632465 0.0015422512 0.0022616924 0.11312173 0.00012321776 0.00081586133 0.0126309525 0.08744301 0.00079122506 2.8624123e-05 4.7409954e-05 1.0904808e-05 0.015126956 4.5356414e-06 0.017192723 5.949782e-06 4.265939e-06 0.0003660821 0.00018108505 2.345788e-05 7.773029e-06 2.1716582e-07 1.8888577e-05 0.045970682 5.4507507e-07 4.9051796e-08 4.818494e-05 7.0550773e-06 2.6447067e-05 3.2236644e-06 9.716357e-05 1.5019673e-05 0.0052182716 6.353274e-06 0.00020450096 8.8447805e-06 0.0010752437 4.682607e-07 0.0007118478 1.0274504e-06 7.146581e-07 4.9387154e-07 3.5002736e-07
7.6758835e-05 0.00011105278 1.1519629e-05 2.7463227e-07 0.0007173489 0.56792164 1.1189383e-05 1.5531728e-06 0.058379304 1.1816704e-06 8.0346e-06 4.0294344e-06 1.1630652e-06 3.160654e-07 1.6551297e-06 1.2219527e-05 6.89514e-07 0.05594863 8.8613405e-07 5.5853997e-07 0.9997692 1.1519848e-07 0.00050052523 3.8078098e-17 4.8503357e-06 0.0008255749 0.020488495 0.99543685 5.9628667e-07 5.17342e-07 0.01492786 5.5326767e-05 0.0002506112 7.86164e-06 0.0002593738 0.0075747846 9.9843615e-05 1.101687e-06 4.6880805e-07 0.00010508251 9.924104e-06 7.600651e-05 6.9059064e-07 4.8786835e-05 9.01538e-07 1.0461415e-06 1.2700689e-05 2.7539218e-06 0.00036529356 8.604476e-06 6.0513236e-07 2.2932875e-06 6.8600303e-07 0.7771496 2.3074704e-06 3.064092e-05 8.734831e-05 5.594241e-06 2.1728183e-05 1.1890812e-05 0.0002410564 1.402449e-05 2.065983e-07 3.837184e-06 4.5174547e-06 2.4197861e-06 1.7387694e-06 3.2898045e-06 1.6173105e-07 6.360731e-06 1.5261662e-06 8.12426e-07 2.4994572e-06 1.0171957e-06 7.517142e-06 1.6184594e-06 1.0370331e-07 1.1003881e-06 1.1274894e-07 1.3893463e-06 1.5479898e-06 2.0864029e-05 4.1768007e-07 1.7153413e-07 3.6416448e-06 3.3902467e-07 1.6584746e-06 1.2236193e-05 1.2342633e-07 7.5710645e-08 1.4681147e-07 1.0178849e-06 1.2003924e-06 6.434288e-07 4.668712e-07 3.490357e-07 4.3441966e-07 7.2409247e-09 9.723776e-08 9.6641e-10 4.915529e-08
0.9351627 0.02931537 0.3039714 0.90822226 0.020319197 0.00049421104 0.20796372 0.12204645 0.00044561745 0.7210175 0.37454966 0.05656626 0.43459672 0.9568652 0.27212897 0.005553926 0.75933695 0.00016026608 0.22367711 0.5778055 4.0493254e-05 0.57793933 0.0002085684 4.8503357e-06 1.1276479e-08 2.5246418e-05 0.00010393287 5.1722086e-06 0.0041358583 0.6859285 2.7164801e-06 0.00019638213 1.1179293e-05 0.0032076687 1.6182942e-06 1.79448e-05 3.7859963e-06 0.95861214 0.6560378 1.1894933e-06 0.58888507 3.4292827e-06 0.96060365 9.154317e-06 0.007750165 0.019441366 1.6577678e-08 0.0053148936 3.3661325e-07 1.826465e-08 0.1454138 0.0055227373 0.0016221239 4.7497815e-06 0.001180319 4.946387e-06 3.4889963e-05 0.05032397 1.2130421e-06 1.557556e-06 0.49163026 0.000193988 0.06532194 0.3037112 0.05373507 0.00046804975 0.035623126 0.001045416 0.001026245 0.0004695408 0.005369875 0.00022252672 9.875411e-05 0.000178968 0.061993916 0.022276305 0.0010697048 0.00011431734 0.0014086383 0.0011802037 0.00013999495 1.4667671e-05 2.4173654e-05 5.424739e-05 1.2597597e-07 7.484405e-05 6.683156e-06 6.986925e-05 0.0006775313 6.568073e-05 9.330874e-06 1.2521797e-06 7.4291005e-05 0.00011711973 0.00020592923 1.1027807e-05 1.0452983e-05 6.053696e-07 0.00012619549 3.7724303e-06 3.573623e-05
0.9324597 0.0018540103 0.00034941174 6.998472e-06 0.010142206 0.0028956064 0.00021169188 0.00016023965 0.10913422 4.7556623e-05 0.00032441027 0.002593909 7.286743e-05 1.0824467e-05 0.00024717944 0.016487472 3.473033e-06 0.9630154 0.00018433323 8.0441333e-07 0.115460925 4.4468877e-08 0.9691216 0.0008255749 2.5246418e-05 8.333771e-14 0.9430035 0.07694528 0.035758827 0.00020933458 0.30873832 0.4076387 0.9389101 0.009095141 0.15866353 0.17186917 0.83578235 0.00010125617 6.7737783e-06 0.19905618 7.298736e-06 0.41732705 1.9371171e-05 0.3524838 1.2916915e-06 0.0013744815 0.0018811334 0.0017340154 0.07503859 0.0010485797 2.6618018e-05 2.2058032e-06 8.655551e-08 0.0036010179 0.019847302 0.027766522 0.70839137 2.5676304e-06 0.0057804864 0.010925514 0.010451095 0.12179894 2.9970797e-05 0.000106193096 0.0020208792 0.02198793 0.00012875383 6.9825455e-06 1.1315522e-06 2.8490942e-07 0.0026350042 9.744469e-06 0.06276096 3.913662e-07 1.1255128e-05 0.00013869979 4.802829e-06 7.6234005e-07 1.4541713e-06 5.2163136e-07 8.029285e-06 0.091729 7.641678e-07 2.2610008e-07 2.1718508e-05 6.163553e-07 1.6556025e-05 3.4114706e-07 1.5301141e-06 9.792759e-05 0.0071717477 5.012362e-05 1.4911873e-05 6.329105e-07 0.0013946445 4.2449196e-07 0.00024306453 1.4670966e-06 1.0577667e-06 1.6844698e-06 7.4148306e-07
0.5159778 0.00011535302 4.938334e-05 3.880411e-05 0.000509583 0.0006224942 1.6451706e-05 6.442338e-05 0.108683966 7.080391e-05 0.0001380205 0.00016465668 3.1809843e-05 6.3016923e-06 9.7528406e-05 0.00073693646 2.5740552e-05 0.8569877 0.0005053723 3.4578425e-05 0.19540319 2.0114564e-06 0.19901659 0.020488495 0.00010393287 0.9430035 5.635782e-14 0.58944106 0.00083465275 2.3060327e-05 0.88793147 0.018533073 0.9887003 0.0002794621 0.46642962 0.9424179 0.17696252 8.890837e-06 1.4947683e-05 0.3095137 7.3913696e-05 0.10137809 4.2287593e-06 0.17185621 6.710919e-06 8.184287e-05 0.0052495054 7.713227e-05 0.16636398 0.006036715 6.3365433e-06 3.3923236e-05 8.991591e-06 0.13262877 0.00030274977 0.017694598 0.21725273 5.1374873e-06 0.0066407984 0.009493469 0.0021955804 0.0044762017 5.5774394e-06 1.7281884e-05 7.754286e-05 0.00020362833 3.6329886e-05 4.3336368e-05 2.975837e-06 2.8242912e-06 3.2085973e-05 1.8528204e-05 0.0025774084 5.333284e-06 2.5194344e-05 2.2808432e-05 1.0733395e-06 3.6159838e-06 4.261217e-07 1.3465255e-07 2.5736133e-05 0.007294009 1.6965554e-07 3.3036932e-07 0.000122001125 1.5778498e-06 3.7637972e-05 6.617707e-05 2.1663669e-05 5.719967e-06 0.0015585048 7.613803e-05 0.00013003236 1.7689797e-06 0.00034070006 9.904073e-07 0.0010288963 9.0768076e-08 6.0534965e-08 9.504886e-08 7.9904976e-07
0.006692902 9.244857e-06 4.0106565e-06 2.736996e-07 0.00020453469 0.001499713 5.4041976e-07 2.6708708e-06 0.009170663 3.8210687e-06 5.354204e-06 1.5341097e-05 2.2274373e-06 3.3755691e-06 9.72468e-07 4.053189e-05 1.1855019e-07 0.48420984 2.7754627e-06 1.6732256e-06 0.10823343 2.0712207e-07 0.010872038 0.99543685 5.1722086e-06 0.07694528 0.58944106 4.154557e-15 8.526604e-06 4.297389e-06 0.99878895 0.0013185411 0.02272793 4.888739e-05 0.019089779 0.30138832 0.0046630795 2.9101723e-06 8.861484e-07 0.0040720073 2.2538202e-06 0.0022459899 3.1934446e-06 0.0031540557 1.5196909e-07 5.162385e-07 0.00021600534 2.0365696e-05 0.015529753 0.0005270112 5.235718e-06 1.0866355e-05 9.3054844e-08 0.77760947 1.16180645e-05 0.0003793807 0.0065062763 1.83818e-06 0.00026256163 0.00020742582 1.9702267e-05 0.0002759538 1.6413569e-06 1.0850636e-05 9.240494e-06 1.2820117e-05 1.308683e-05 2.5458785e-06 8.391005e-07 2.6260468e-06 4.7106907e-05 5.815911e-07 6.7629764e-05 4.9048804e-06 2.4108303e-06 1.9258809e-05 4.0040507e-07 7.9819443e-07 2.4953644e-07 6.932975e-07 4.280247e-06 0.00012175901 1.8211836e-07 1.6334485e-07 1.4599456e-05 4.683728e-07 2.211056e-06 8.194991e-06 7.653114e-07 1.4015932e-07 8.644465e-06 4.2784554e-06 1.0725383e-06 3.0730977e-08 2.0057807e-06 1.3713166e-07 5.5727764e-06 9.089328e-09 4.2144245e-07 1.905623e-09 9.813335e-09
0.6744531 0.01254245 0.00093485054 0.0007797095 0.17848492 0.0018610855 0.0001290549 5.7240246e-05 0.08825171 0.002840486 0.009235047 0.6078138 0.21355014 0.0086206 6.5725915e-05 0.9393904 2.5307356e-05 0.043532964 1.2384219e-05 0.00013214735 0.0016183946 0.00011122236 0.43190822 5.9628667e-07 0.0041358583 0.035758827 0.00083465275 8.526604e-06 3.8961828e-14 0.7652088 0.00020097003 0.9283688 0.0032419083 0.9952026 2.9603696e-05 6.649557e-06 0.2638983 0.085501544 0.00049172645 0.0003245715 3.1083177e-06 0.05190147 0.027216837 0.011940152 2.3296981e-05 0.6889432 3.7306002e-06 0.17180172 0.000102972226 3.4823145e-07 0.0011170981 3.0451e-06 7.4528903e-06 9.104316e-06 0.6578584 0.0040790346 0.093932584 0.00019066603 4.1201718e-05 0.0008099169 0.0003198468 0.57157665 0.0016625375 0.004400497 0.07028165 0.050411124 0.0137508195 1.5279786e-05 6.916321e-05 4.8859612e-05 0.08233962 4.4966487e-07 0.28102687 2.3163957e-06 1.8113409e-06 0.0031861032 7.656085e-05 2.4592782e-06 1.0219588e-05 1.7684829e-07 2.00403e-07 0.007827692 9.067515e-08 1.0958304e-08 5.400607e-07 4.6662044e-06 5.8598215e-07 2.3759972e-08 8.514188e-06 4.764228e-07 0.0029375292 9.851814e-06 1.0481086e-06 6.588739e-07 0.0006015859 4.2082515e-09 0.00036608716 8.904812e-08 1.3274326e-06 3.7179502e-09 3.0943777e-08
0.914522 0.03830898 0.03601193 0.37268236 0.15327181 0.0013457991 0.033069 0.009067023 0.009568962 0.59947187 0.70997167 0.8150857 0.9593477 0.89200294 0.009477037 0.74469674 0.013486945 0.00079709804 0.005177211 0.035703834 0.00037996875 0.043688472 0.010683235 5.17342e-07 0.6859285 0.00020933458 2.3060327e-05 4.297389e-06 0.7652088 4.0703985e-13 1.6645959e-06 0.0267831 5.722933e-05 0.31246886 1.6236879e-06 1.2486285e-06 0.00037891287 0.9492609 0.017986752 3.98279e-06 0.0015540804 0.00015272656 0.66991514 0.00012140732 0.00013042954 0.76097375 3.1367847e-07 0.2775834 9.201858e-07 2.3769896e-08 0.0064887158 5.8966187e-05 2.4277599e-05 2.8686932e-06 0.041362695 0.00011033683 0.00020880603 0.000641505 1.3811373e-06 1.932881e-06 0.012567811 0.0016952845 0.0145480465 0.12466392 0.8524843 0.005121342 0.5757002 7.671931e-05 8.953987e-05 4.388979e-05 0.09138181 6.4464894e-06 0.00069682836 6.6591642e-06 0.00097356265 0.01584825 0.0002289948 6.025763e-06 3.5709145e-05 1.0140842e-05 2.1681755e-07 5.0646704e-05 1.7382405e-06 9.62484e-07 2.2225471e-07 5.872199e-06 1.2178855e-07 4.1691442e-07 3.2242748e-05 2.2306194e-06 5.5003584e-05 9.597215e-07 1.2807965e-06 1.054821e-06 3.119336e-05 1.4248957e-07 1.9738836e-06 7.7041915e-07 2.4240824e-06 2.4017808e-07 3.4215535e-08
