4.3701465e-22 0.8851567 0.4419052 0.25857586 0.44575846 0.55256087 0.3735843 0.12273354 0.26369828 0.824863 0.94998646 0.22561114 0.28531668 0.8680958 0.20775516 0.8829655 0.9123003 0.5509067 0.44963023 0.35827398 0.83391833 0.8903703 0.04091411 0.8913021 0.08809121 0.9225793 0.97090966 0.062063493 0.005866051 0.51013076 0.84948754 0.38530955 0.9420173 0.7248585 0.32796958 0.00084229396 0.89456767 0.5390515 0.9777878 0.94823545 0.94328177 0.0021837049 0.9935973 0.0008373722 0.97415996 0.024520539 0.47941664 0.0017337078 0.9899104 0.0001669206 0.9378182 0.9704717 0.025611792 0.0150429625 0.8673731 0.99180984 0.7395031 0.020345382 0.00019092497 0.6367394 0.9525167 0.8924131 2.571316e-06 2.2052247e-06 0.0009829587 0.74969494 0.0038368478 0.9178417 0.5957249 0.97260034 0.0110447435 0.9969253 0.00012158589 0.7262497 0.015909215 0.9785531 0.44125733 0.84365785 0.849097 0.99830854 0.99708855 0.9988733 5.908738e-07 0.0024278734 0.013168171 0.99752 1.9074141e-05 0.95261306 0.9993857 0.99996704 0.9628616 0.5810789 0.00020914662 0.9999074 0.0030592203 4.6128156e-05 0.94815797 0.02345059 0.52855885 1.5920284e-09 0.12377529
0.8851567 6.37089e-20 0.9820818 0.8573258 0.2578574 0.59197676 0.27781042 0.07148372 0.65161735 0.7938748 0.51855487 0.4380189 0.0204389 0.04310157 0.013834813 0.0075374898 0.06789463 0.004948612 0.013994402 0.3134734 0.007375707 0.47224143 0.26034406 0.00017053094 0.034506828 0.09609888 0.031977143 0.0010427703 0.09268622 5.9799004e-05 0.0006281622 3.9623832e-05 0.00026727002 0.000112108806 8.8332104e-05 0.0056068115 0.030585578 1.7399845e-05 7.629831e-05 0.011073413 0.083623596 0.16814893 0.49049726 6.748616e-05 0.0003148625 0.0020822436 6.174796e-07 2.1722899e-05 0.01899988 0.007366737 0.019534804 0.002702652 1.46542e-06 0.00010415722 2.7758297e-05 0.01318191 1.996518e-05 3.7889185e-06 0.082257755 3.7655582e-06 0.00023663712 3.5007665e-06 3.3615903e-05 8.878039e-07 0.09637855 0.00026356967 5.0320978e-06 2.7040296e-06 8.698023e-05 2.2955095e-05 2.1315238e-05 0.0059584305 0.0002938905 2.2310874e-06 7.4822033e-06 0.00011991991 3.0356838e-05 1.3351108e-05 8.6382477e-07 4.2906036e-06 0.00017718297 0.018177968 0.00011325606 6.539697e-07 3.7825064e-08 4.3783334e-06 0.00014880385 0.0015791702 0.0022174418 0.00045697356 0.00014378247 1.1339947e-06 6.560076e-08 0.0009247808 3.6969784e-08 4.981449e-07 2.2535076e-05 7.461591e-09 1.0145432e-06 3.4751372e-06 3.3729304e-08
0.4419052 0.9820818 4.3133118e-19 0.9217171 0.19132788 0.6968905 0.13287012 0.06233529 0.5268452 0.7655719 0.49869347 0.4717286 0.013804257 0.027184552 0.005359014 0.005180182 0.13751705 0.00068634737 0.019332528 0.14052016 0.008745464 0.41586077 0.08506306 0.0012322076 0.014229187 0.07505336 0.026830146 0.00039746932 0.02340332 3.735793e-05 0.0033212577 2.267851e-05 9.555114e-05 0.0002885356 4.9442482e-05 0.002663972 0.013924523 5.4924303e-06 0.00053928146 0.0043176645 0.068205975 0.07796291 0.3466577 3.432576e-05 0.0002729696 0.0021493565 3.421e-07 2.4511148e-05 0.012596506 0.0016295386 0.010016488 0.0011973255 9.172787e-07 1.0828783e-05 1.3867313e-05 0.006514165 6.923854e-06 1.59688e-06 0.023125727 3.1775019e-06 7.253401e-05 4.4282715e-06 1.24814205e-05 9.408626e-07 0.028578864 0.0005470029 1.5640339e-06 2.9065527e-06 0.00038765534 5.488119e-05 4.184696e-05 0.0033716157 0.00010355394 6.957422e-07 8.008399e-06 0.00068825076 3.2796236e-06 1.1134329e-05 6.402972e-07 1.1129695e-06 0.00041457798 0.0138514405 2.3077884e-05 3.525798e-08 9.896736e-09 1.538971e-06 3.271912e-05 0.0013457553 0.0013696942 0.00046930552 0.00034700852 1.47766e-06 8.612057e-09 0.0011253502 9.008812e-09 1.3944762e-07 3.813197e-05 1.1731103e-07 1.6692321e-07 1.1253319e-06 3.645531e-09
0.25857586 0.8573258 0.9217171 2.1668715e-16 0.7871571 0.19586459 0.8516092 0.5307652 0.95720905 0.25931507 0.15795828 0.13079564 0.24463692 0.29415503 0.1952179 0.045750923 0.009080788 0.005863526 0.0012743804 0.030446613 0.045926068 0.31093538 0.18566696 0.00041038208 0.046182953 0.018305354 0.0033671618 0.0014204313 0.05233798 0.0004392107 0.0013186492 0.0002595584 0.004589163 0.00013549755 0.0011277638 0.013600037 0.054702587 0.00019906461 0.0002215964 0.024371061 0.05382562 0.05840545 0.17458878 0.0005052017 0.0029821345 0.0007641253 9.9454965e-06 6.101455e-05 0.0075689214 0.007094961 0.030785339 0.006887823 2.7140684e-05 0.00035806195 0.0005189042 0.021882638 0.00039311583 2.5707433e-05 0.025583737 8.160057e-05 0.00079546875 9.223305e-05 6.077604e-05 5.862535e-06 0.015653994 0.00015731396 6.4045744e-06 7.4444906e-05 8.3940955e-05 0.00042777866 1.9994828e-05 0.004550477 3.9096263e-05 2.3693008e-05 2.3780523e-05 0.00034255028 5.52096e-05 0.00013246344 1.2933749e-05 1.252615e-05 0.00013562424 0.0026804768 5.1705694e-05 3.2055323e-07 4.1142658e-07 3.1564676e-05 3.8674472e-05 0.00064192264 0.0006438039 0.00065512833 0.0001752046 2.1022925e-06 7.276271e-07 0.00019267488 3.3712197e-08 9.812428e-07 2.2772048e-05 5.137565e-08 6.392928e-07 3.725129e-06 8.989953e-08
0.44575846 0.2578574 0.19132788 0.7871571 1.9288642e-18 0.004495174 0.8797455 0.96267027 0.5236292 0.07274703 0.10976309 0.009281436 0.87152255 0.8982766 0.6672724 0.54843956 0.0005534949 0.03457329 0.0002927093 0.0016775164 0.34078062 0.31599444 0.17357224 6.937371e-06 0.1138591 0.006834085 0.0006155241 0.0037733177 0.036359888 0.0029935578 1.5289525e-05 0.0015269336 0.051250238 6.829999e-06 0.012242175 0.01781888 0.32981652 0.00080672896 4.2268075e-06 0.18031727 0.0775171 0.022857301 0.11246867 0.00071969844 0.019967966 1.5468955e-05 3.147957e-05 6.270919e-06 0.009604033 0.006178476 0.1467304 0.062271688 8.18634e-05 0.0003515958 0.0018928631 0.1455158 0.0018414235 8.9767986e-05 0.009701205 0.00024687246 0.003229029 0.00030770162 0.00014495109 8.363263e-06 0.0012392544 1.4233054e-05 1.3505734e-06 0.00015852481 4.0418195e-06 0.00046593853 4.4599116e-07 0.012789243 1.6626094e-06 0.00010772364 5.606167e-06 1.9424839e-05 0.0003540984 0.00034313864 2.0317586e-05 9.787531e-05 3.2795e-05 0.0009944113 1.3959745e-05 4.5607572e-07 2.4390752e-07 6.484525e-05 1.3053873e-05 0.0010713373 0.0009918262 0.0006528715 1.9047022e-05 6.774656e-08 1.6512203e-07 0.000112988506 3.549671e-08 5.527007e-07 1.6117092e-05 5.6711794e-08 4.723111e-07 2.0143802e-06 1.607858e-08
0.55256087 0.59197676 0.6968905 0.19586459 0.004495174 5.120231e-19 0.0066215424 0.0022083598 0.07927116 0.68739784 0.24644427 0.9891362 0.0003879618 0.0008901468 0.00023036469 4.009737e-05 0.6385988 0.00023978982 0.23048651 0.7848728 9.3275776e-05 0.06306203 0.021236887 0.041362457 0.0031031715 0.051275548 0.09878024 2.4003291e-05 0.0094398195 9.180519e-06 0.16079125 9.370566e-06 6.060365e-06 0.0074713584 3.8282983e-06 0.00036822775 0.00071477704 1.8122222e-06 0.01074663 6.888496e-05 0.013286867 0.07411981 0.21055919 1.7125561e-05 1.893177e-05 0.07672138 2.3644296e-07 0.0013347745 0.0035373862 0.00025562794 0.0016860763 4.6164947e-05 9.906973e-07 7.441041e-05 2.5006038e-06 0.0007606869 1.8216153e-06 3.5870162e-06 0.01852814 3.903109e-06 1.1027112e-05 4.4370768e-06 5.75706e-06 1.3412395e-06 0.09495248 0.0025501335 0.00014365968 1.5368751e-06 0.0033897965 1.1549263e-05 0.0004700511 0.00093615084 0.006767519 1.4908026e-06 0.00012699509 0.003311488 1.5148398e-06 5.648116e-06 1.0496271e-06 3.2190945e-07 0.002231522 0.055585735 5.8017187e-05 1.3201824e-06 1.3104795e-08 1.3136284e-05 0.0010407501 0.0011449611 0.0018348874 0.0001721634 0.00196758 0.00024773873 6.817225e-08 0.006168058 3.2593255e-06 3.672794e-08 0.0005924351 1.3874523e-05 9.2193375e-07 5.0008866e-06 1.021115e-07
0.3735843 0.27781042 0.13287012 0.8516092 0.8797455 0.0066215424 6.544212e-17 0.9224232 0.9638675 0.032428592 0.018496301 0.009443354 0.446101 0.50706273 0.63239664 0.083873704 0.0010821784 0.074483156 0.00025470028 0.0065833284 0.050014567 0.059145994 0.40077755 1.3018354e-05 0.25953782 0.0013800221 0.0009715102 0.015891246 0.112124585 0.0011245158 6.38569e-05 0.0003950613 0.02288189 5.686322e-06 0.0025564048 0.08971818 0.096000776 0.00025828622 1.2208672e-05 0.053235274 0.008085213 0.05606359 0.042770837 0.013593314 0.0091105355 7.4268195e-05 3.5910056e-05 1.5230236e-05 0.001587534 0.02057728 0.03243501 0.02568237 7.1864335e-05 0.0005716061 0.0011388381 0.044785324 0.0006697867 7.5304844e-05 0.03764823 7.9944155e-05 0.0009994489 0.00013258198 0.00081738 5.719981e-05 0.00781828 2.3822879e-05 4.2403976e-06 8.561825e-05 9.5063915e-06 0.00026648818 6.5285585e-06 0.003319894 8.913616e-06 6.914227e-06 1.4945744e-05 3.1167285e-05 4.1865842e-05 7.045506e-05 1.1108355e-05 5.1424846e-05 5.2351916e-05 0.0011949966 9.366594e-05 7.343424e-07 1.1671042e-06 4.146966e-05 2.0053838e-05 0.00023361937 0.00045308343 0.0018137784 5.1395185e-05 1.2129367e-06 5.3249767e-07 0.00014075669 1.5747719e-07 1.0154675e-06 1.0084001e-05 1.0565265e-08 2.3771408e-07 3.8133696e-06 7.647814e-08
0.12273354 0.07148372 0.06233529 0.5307652 0.96267027 0.0022083598 0.9224232 6.86529e-17 0.36774796 0.019110117 0.031978734 0.0035970244 0.8425301 0.61149514 0.9155048 0.2910142 0.0004551438 0.12866901 0.00022250743 0.001463679 0.21565215 0.055470876 0.09697026 6.457834e-05 0.12706955 0.0016426176 0.00079433015 0.013261948 0.019763915 0.004075784 0.00015625134 0.0023679547 0.038311485 1.6647777e-05 0.012951134 0.03155877 0.15325354 0.0023463352 4.1310308e-05 0.068010144 0.015458869 0.014515043 0.017789401 0.013365356 0.014448158 0.00018640881 0.00033999473 2.1043115e-05 0.0020275952 0.0040181414 0.04540761 0.02809837 0.00035431288 0.00039377637 0.0021258593 0.056738883 0.0020718859 0.00018499857 0.004937202 0.001758463 0.0025964617 0.0008340166 0.00050215586 2.244467e-05 0.0009099066 3.07254e-05 5.45726e-06 0.00047841732 2.357841e-05 0.0008243071 7.103992e-06 0.0070060487 7.662027e-06 0.00038884036 2.5205352e-05 0.000112504866 0.0005381553 0.00043205224 0.00010158261 0.00018580555 4.7609217e-05 0.00085738697 8.395444e-06 1.1772841e-05 2.6103726e-05 0.00022011655 2.6168605e-05 0.00047256547 0.00025234852 0.0010229329 4.414081e-05 5.6389587e-07 1.6777267e-06 7.418793e-05 8.766455e-08 1.7293695e-06 1.0228364e-05 8.80132e-08 1.4186293e-06 7.2563794e-06 1.6686941e-07
0.26369828 0.65161735 0.5268452 0.95720905 0.5236292 0.07927116 0.9638675 0.36774796 1.182524e-17 0.03745261 0.011498035 0.19345172 0.13964103 0.33190632 0.15845485 0.01358638 0.0062333443 0.024238937 0.00022122372 0.027896821 0.009174708 0.03838697 0.8537015 9.3551316e-05 0.3751388 0.0007658357 0.00046873122 0.005503426 0.33590534 0.00013494908 0.00010725609 3.8044902e-05 0.005277812 5.0945523e-06 0.0001388847 0.22629172 0.018533548 1.4230134e-05 4.155301e-06 0.010428142 0.004393331 0.23881012 0.062304817 0.004880208 0.00083006977 0.00030071678 3.6929876e-07 1.5945037e-05 0.00078719534 0.042501446 0.010061399 0.004251094 6.865993e-07 0.00035958854 4.686905e-05 0.015742136 1.1732347e-05 1.7864988e-05 0.071641415 3.885901e-06 9.8240955e-05 3.3293616e-06 0.0008848358 9.669909e-06 0.025289414 1.0367049e-05 6.26358e-06 2.4403378e-06 1.21576995e-05 2.887995e-05 3.2839991e-06 0.001341118 1.2312431e-05 6.016584e-07 7.7392915e-06 1.8612895e-05 1.8950601e-06 2.5891904e-06 1.3972884e-06 4.7542565e-07 1.6003965e-05 0.001648207 0.00036647837 4.7217236e-07 1.0237068e-07 2.5771292e-06 1.4345588e-05 1.1936577e-05 0.0001422728 0.00045637364 5.9187096e-05 1.4026155e-06 1.0746834e-06 6.182574e-05 9.386395e-08 4.940703e-07 4.68077e-06 2.8749787e-08 6.863659e-08 3.8848375e-06 2.0294365e-07
0.824863 0.7938748 0.7655719 0.25931507 0.07274703 0.68739784 0.032428592 0.019110117 0.03745261 1.2551556e-17 0.9881469 0.12093652 0.010254618 0.0053950786 0.0013601924 0.0029014281 0.55687326 0.00072186725 0.43859604 0.12891576 0.0057950695 0.36044315 0.017448917 0.03431303 0.010963329 0.27625853 0.41440672 0.00045988962 0.004310179 0.000112267786 0.025067145 9.305747e-05 4.882351e-05 0.03445113 9.7523676e-05 0.0005505431 0.010558308 7.463457e-05 0.020822937 0.0025490879 0.038494606 0.04577504 0.35349032 4.0016683e-05 0.00020171367 0.023143861 4.2959755e-06 0.0017037889 0.0436856 7.606451e-05 0.014792655 0.0014602988 3.4327593e-05 4.9355094e-05 6.1029452e-05 0.0077752094 6.728886e-05 3.154072e-05 0.010561032 5.6112192e-05 0.0005593879 3.4344033e-05 4.3859104e-06 7.0465876e-07 0.034793783 0.006267713 8.509728e-05 1.998234e-05 0.0038396865 7.9810925e-05 0.0009159156 0.014095509 0.0009262089 6.0537677e-06 0.00016142696 0.0035456745 7.786071e-06 1.2769236e-05 2.7672643e-06 3.8217067e-06 0.0052862195 0.11829363 4.234603e-06 4.1730266e-07 1.466205e-07 3.0075519e-06 1.9213514e-05 0.009787247 0.019377422 0.0028745993 0.0045507154 0.0005898037 3.8420062e-08 0.007946475 1.3520967e-06 1.3467437e-07 0.0014746222 2.4678218e-05 5.192707e-07 9.119237e-06 3.1647332e-08
0.94998646 0.51855487 0.49869347 0.15795828 0.10976309 0.24644427 0.018496301 0.031978734 0.011498035 0.9881469 4.5592774e-19 0.027489886 0.018223314 0.0070839575 0.0010385747 0.011730272 0.38996756 0.0006663494 0.21975541 0.020993883 0.034749612 0.8369427 0.007898465 0.0045876624 0.0054437746 0.63566905 0.36248487 0.00023975417 0.0017253355 0.00017160819 0.003249123 0.00014853051 0.00012354429 0.0031863567 0.00025858864 0.0006436127 0.07818752 8.978588e-05 0.0040834188 0.011141807 0.21003145 0.013616934 0.6059886 1.483068e-05 0.0007438217 0.0039809034 1.679743e-05 0.0002851265 0.15786739 2.6981115e-05 0.09182599 0.009116776 8.587494e-05 1.2273181e-05 0.00021609329 0.021565707 0.00020310507 9.262318e-05 0.0025783796 0.00014718754 0.0013543069 7.503172e-05 9.2812625e-06 7.6265854e-07 0.007659873 0.0019561572 5.11377e-06 1.7691762e-05 0.00082285644 7.634402e-05 0.00026479134 0.052901693 0.00018201079 7.3770956e-05 1.9909186e-05 0.0011892859 2.5311943e-05 4.9045088e-05 1.0030137e-05 7.713068e-06 0.0021073462 0.20299649 7.760322e-07 1.0269009e-06 1.6509811e-07 6.0881184e-06 2.6441382e-06 0.03549807 0.05376017 0.0018320496 0.0004365875 0.00010862787 5.4425826e-08 0.011550729 6.146773e-08 2.6898695e-07 0.00013646105 2.4661722e-07 8.8789363e-07 4.3174764e-06 2.6111593e-07
0.22561114 0.4380189 0.4717286 0.13079564 0.009281436 0.9891362 0.009443354 0.0035970244 0.19345172 0.12093652 0.027489886 3.041587e-18 0.0007327464 0.0016366304 0.00038686668 0.00011512957 0.29276535 0.00097094604 0.010136696 0.9770901 0.00034310494 0.01456401 0.15704548 0.0036900186 0.023351658 0.0030970913 0.008552131 0.00027939066 0.09609582 5.4734387e-06 0.020784838 3.1465627e-06 1.7082612e-05 0.00028987025 6.189367e-06 0.004633651 0.00037653302 6.230946e-07 0.00089973904 7.571618e-05 0.0018992135 0.518387 0.08594239 7.764262e-05 6.258926e-05 0.083096825 2.736808e-07 0.0007979308 0.0011016135 0.004010194 0.0005910466 4.796542e-05 6.3260604e-06 5.9471135e-05 8.631318e-06 0.000734549 5.7822394e-06 8.132473e-06 0.19469048 2.6956513e-06 4.636168e-05 4.2237093e-06 2.8735798e-05 1.2701954e-06 0.35135925 0.0004405542 3.0298357e-05 2.0279963e-06 0.0010828411 2.5659745e-05 7.0418384e-05 0.0007068146 0.013823748 4.889704e-07 2.1295653e-05 0.00084687787 2.556396e-06 7.2865446e-06 1.2453688e-06 4.3171985e-07 0.00045359271 0.007874277 0.00078964914 7.0956166e-06 1.754511e-07 8.478908e-06 0.0026141733 3.5246034e-05 0.00045847142 0.00188208 0.0008017722 2.3791663e-05 3.8078178e-07 0.0009937661 3.2196394e-06 1.5162527e-07 0.00018732554 7.5662894e-07 1.5911991e-06 1.1303878e-05 6.207296e-08
0.28531668 0.0204389 0.013804257 0.24463692 0.87152255 0.0003879618 0.446101 0.8425301 0.13964103 0.010254618 0.018223314 0.0007327464 3.547741e-16 0.919068 0.9598203 0.8204735 0.00017679644 0.27147612 0.0001315102 0.0006695452 0.5629165 0.04181783 0.08650278 1.9512361e-05 0.24394101 0.0009994054 0.00037241468 0.025491232 0.012805451 0.058308817 5.414856e-05 0.03117087 0.13893044 5.382397e-06 0.0863 0.021767743 0.20482954 0.04653807 2.90958e-05 0.14713208 0.024728566 0.00818595 0.011721685 0.018397179 0.06526149 0.00011578142 0.0017406635 2.1476742e-05 0.0026974003 0.002358715 0.06022689 0.076949276 0.0015968168 0.002048023 0.010197728 0.102195404 0.01202795 0.00094250083 0.0017716911 0.005895742 0.01074824 0.0035425413 0.0005534994 3.07722e-05 0.00076804275 4.714882e-06 5.0761373e-06 0.0011949649 1.0621746e-05 0.0022354731 5.2141027e-06 0.009761151 3.2630358e-06 0.0021694116 1.3330063e-05 4.016174e-05 0.0019941716 0.0015256207 0.00049500633 0.00042457617 1.9680032e-05 0.0006123429 1.1386269e-05 6.049697e-05 0.00016684119 0.00030567212 1.1569768e-05 0.0006503804 0.00023431351 0.0012919904 1.6854314e-05 3.6811696e-07 9.973351e-07 3.852219e-05 1.0193073e-07 3.2993557e-06 1.17142445e-05 8.435604e-08 1.1190632e-05 2.9962953e-06 4.0155533e-07
0.8680958 0.04310157 0.027184552 0.29415503 0.8982766 0.0008901468 0.50706273 0.61149514 0.33190632 0.0053950786 0.0070839575 0.0016366304 0.919068 3.1919047e-15 0.63795674 0.9780382 0.000111283574 0.52726877 0.0001605886 0.0018163939 0.42111707 0.05940398 0.30854478 5.0595168e-06 0.4079547 0.0013956677 0.00020836818 0.032320015 0.07139118 0.039789356 1.0674054e-05 0.020275468 0.1008683 9.063574e-06 0.034056835 0.07258022 0.28633007 0.033030864 6.9204016e-06 0.1983083 0.023125818 0.029495064 0.04637557 0.03976405 0.057069257 3.3945398e-05 0.0024892655 1.7134758e-05 0.0075965934 0.0130874 0.11204489 0.18842918 0.003993914 0.0064999536 0.006339638 0.2376564 0.005403665 0.0014823221 0.015042437 0.0018200995 0.01318013 0.0016550192 0.00050371344 3.3207507e-05 0.0009664032 1.4610069e-05 5.1794054e-06 0.00084653747 9.149805e-06 0.0027981985 3.9399683e-06 0.016624257 3.6209806e-06 0.0005579887 6.955396e-06 1.1429482e-05 0.00071988 0.0008269905 0.00032079808 0.0007134038 1.7617094e-05 0.0013989839 1.8821416e-05 7.608207e-05 0.0001660781 0.00043914327 5.9399003e-06 0.0016526898 0.0017439792 0.0026737112 3.7504287e-05 1.0824874e-06 4.5529006e-07 0.00019977512 1.9536323e-07 2.3373568e-06 2.5502317e-05 5.0659086e-08 2.916898e-05 1.5295203e-06 1.3299139e-06
0.20775516 0.013834813 0.005359014 0.1952179 0.6672724 0.00023036469 0.63239664 0.9155048 0.15845485 0.0013601924 0.0010385747 0.00038686668 0.9598203 0.63795674 7.708e-16 0.5356268 0.00013515759 0.82171375 3.4137736e-06 8.7608176e-05 0.29948458 0.015139923 0.10625433 4.4763833e-06 0.5226083 7.250662e-05 7.270194e-05 0.29300964 0.013580938 0.25041845 2.076471e-06 0.1271037 0.5273758 7.9670684e-07 0.19484323 0.063345596 0.20396362 0.18809344 1.7304948e-06 0.23580837 0.0036590686 0.0024483544 0.0043286583 0.09809879 0.2999376 3.0073272e-05 0.0043694763 4.322643e-06 0.0009377091 0.0021472382 0.05875618 0.17636058 0.0025891424 0.01026172 0.075732015 0.16984478 0.051704243 0.005946918 0.00023082564 0.0030282298 0.013559087 0.024813166 0.0009579339 0.00014108513 7.9241734e-05 2.207951e-07 1.2846866e-06 0.0024234194 1.2259751e-07 0.0030457105 4.1477685e-07 0.008666701 3.5153244e-07 0.00087217754 3.9109722e-07 8.130519e-06 0.00063469337 0.00075709424 0.00015991493 0.0011132578 1.7091543e-05 0.0009786051 1.8152786e-06 5.828327e-05 2.0374555e-05 0.00016916273 5.9957574e-07 7.755751e-05 0.00016290219 0.00073430035 2.220633e-06 1.237147e-07 7.450243e-07 3.954761e-05 7.623677e-09 1.824062e-07 1.7425816e-07 1.407578e-09 1.2964194e-06 5.6997752e-08 2.1156502e-07
0.8829655 0.0075374898 0.005180182 0.045750923 0.54843956 4.009737e-05 0.083873704 0.2910142 0.01358638 0.0029014281 0.011730272 0.00011512957 0.8204735 0.9780382 0.5356268 3.9577914e-16 5.2380878e-05 0.07281953 3.9350813e-05 3.6558715e-05 0.9434699 0.050326105 0.02339603 1.0120414e-06 0.06390449 0.00079400785 0.0002473294 0.014202891 0.0038248282 0.1165491 2.4650685e-06 0.07783119 0.20470308 1.2960918e-06 0.16229597 0.007290806 0.6934886 0.065750524 1.19076e-06 0.53651345 0.033215143 0.0010548962 0.02156779 0.0034172756 0.12943739 1.3414832e-05 0.0018999544 3.6549254e-06 0.010521544 0.00089578476 0.20764063 0.28661865 0.0016662087 0.0014563705 0.02003545 0.36904296 0.021122336 0.0008227599 0.00010141215 0.015164083 0.026235348 0.010113111 0.0001419386 1.2559655e-05 8.424586e-05 2.6757914e-06 1.2228254e-06 0.0038279975 1.1732833e-06 0.009322434 3.2148344e-06 0.04462007 4.460294e-07 0.0044504926 2.407428e-06 6.9282337e-06 0.0022847252 0.0018173571 0.00085124624 0.002260972 3.7113405e-05 0.0018666643 1.433334e-06 6.6274646e-05 4.424782e-05 0.0007715838 3.8391536e-06 0.0046469644 0.0020471697 0.004632171 6.34029e-06 3.6205265e-07 1.510126e-06 0.00026217956 5.6682598e-08 1.7112148e-06 4.3998693e-06 4.149978e-08 8.839173e-06 1.0588608e-06 7.1436847e-07
0.9123003 0.06789463 0.13751705 0.009080788 0.0005534949 0.6385988 0.0010821784 0.0004551438 0.0062333443 0.55687326 0.38996756 0.29276535 0.00017679644 0.000111283574 0.00013515759 5.2380878e-05 5.9372415e-18 0.00045918536 0.9868861 0.6363865 1.4955124e-05 0.089713104 0.0020622157 0.5567672 0.00045252012 0.47059396 0.8506803 0.00019546994 0.00087427115 1.1115227e-06 0.6650987 1.203283e-06 6.1651815e-07 0.43605754 2.3329274e-06 0.000118481425 9.9231904e-05 1.4160976e-06 0.52371025 4.2076543e-05 0.014012519 0.04146403 0.15632802 1.46434495e-05 3.9369613e-07 0.39563242 3.422025e-07 0.055525016 0.030271847 3.7757727e-05 0.0012927004 6.0452353e-06 4.723768e-07 7.1477775e-06 5.2643446e-07 2.918033e-05 3.6070512e-07 1.3972732e-05 0.0064859875 3.9381558e-07 4.9101923e-06 2.4141676e-07 7.800379e-06 4.4367908e-07 0.1904055 0.115529716 0.021407194 1.1232203e-07 0.046359748 7.233402e-07 0.0029422846 0.003298661 0.12267011 3.0113835e-08 0.0023607935 0.054391887 1.16728614e-07 1.2263692e-07 9.2997354e-08 8.932314e-09 0.014604945 0.4752234 1.6275551e-07 8.010133e-06 2.0629491e-07 3.546631e-09 0.0005670815 0.0092343865 0.012292751 0.00021523215 0.0012628755 0.0008017489 1.4255323e-08 0.018045599 3.4333927e-06 9.033582e-07 0.0007175479 2.1576496e-05 5.718712e-08 1.0478424e-05 4.9310415e-08
0.5509067 0.004948612 0.00068634737 0.005863526 0.03457329 0.00023978982 0.074483156 0.12866901 0.024238937 0.00072186725 0.0006663494 0.00097094604 0.27147612 0.52726877 0.82171375 0.07281953 0.00045918536 2.7802201e-14 7.0976603e-06 0.0003506987 0.07974676 0.0016235192 0.080645554 1.774851e-05 0.7871116 2.3160675e-05 4.9990096e-05 0.9912496 0.018632714 0.48002717 9.359517e-06 0.36834836 0.6696227 2.3303794e-06 0.19754645 0.29479876 0.036804374 0.5951077 7.535905e-06 0.13969356 0.0009912422 0.0010553641 0.012344636 0.44260362 0.5052838 3.432589e-05 0.25396994 8.6138525e-06 0.0004345291 0.012978595 0.016423788 0.15603125 0.11739469 0.3762064 0.17200427 0.15470712 0.10418982 0.30239815 0.00024965417 0.0138697345 0.008830719 0.18889804 0.009195512 0.007560928 0.00021287784 5.21864e-06 5.8525025e-06 0.016565228 6.8973566e-07 0.005676994 2.8759962e-06 0.0054743555 2.1547755e-06 0.011865631 1.6866495e-06 3.8947925e-05 0.001894699 0.005070373 0.00082452095 0.012259221 1.5579191e-05 0.004660454 1.548472e-05 0.011804777 0.0010422076 0.013930867 8.165377e-06 0.00016522658 0.0002581956 0.002611055 5.53312e-05 8.219827e-06 5.663751e-05 0.00032750296 5.143068e-07 0.00045338212 0.00014816664 1.27388695e-08 8.332179e-05 3.1028608e-07 9.669817e-06
0.44963023 0.013994402 0.019332528 0.0012743804 0.0002927093 0.23048651 0.00025470028 0.00022250743 0.00022122372 0.43859604 0.21975541 0.010136696 0.0001315102 0.0001605886 3.4137736e-06 3.9350813e-05 0.9868861 7.0976603e-06 2.4094343e-20 0.09737505 9.013076e-05 0.03764093 7.676176e-05 0.6812643 7.959969e-05 0.30046615 0.7547926 1.2630632e-05 2.2818287e-05 1.2587025e-06 0.2970726 8.577017e-07 9.860768e-07 0.8023429 9.1847886e-07 9.579284e-07 0.00034207758 1.3611804e-06 0.73152816 6.481149e-05 0.0121092815 0.0010144543 0.05020972 1.4567322e-06 6.079937e-06 0.12467938 4.4700414e-07 0.039411724 0.021795217 1.9749051e-07 0.0020575041 3.1377724e-05 1.3640282e-07 1.5386862e-06 6.58889e-07 0.00013836448 4.309617e-07 1.7940306e-06 0.00012575278 1.5820017e-07 1.17035925e-05 4.9917355e-07 3.0687445e-07 7.584821e-09 0.013046987 0.26875448 0.0021611971 1.6518646e-07 0.06354399 8.266136e-06 0.014695781 0.0027878569 0.01914128 2.0325851e-08 0.0014336774 0.050467104 2.0681446e-08 3.4164032e-07 1.9363578e-07 1.709983e-08 0.027456937 0.41632795 9.8896464e-08 7.686171e-08 1.6032491e-08 2.1912271e-08 0.00011840914 0.01277213 0.008489119 0.00034944358 0.005160776 0.003034422 2.3058115e-10 0.015031605 1.17253785e-05 1.2521605e-08 0.0037042422 0.00021052397 2.9051755e-08 2.7328284e-07 1.7054491e-08
0.35827398 0.3134734 0.14052016 0.030446613 0.0016775164 0.7848728 0.0065833284 0.001463679 0.027896821 0.12891576 0.020993883 0.9770901 0.0006695452 0.0018163939 8.7608176e-05 3.6558715e-05 0.6363865 0.0003506987 0.09737505 2.7397424e-19 0.00010100512 0.008980828 0.042613678 0.2870119 0.002395213 0.0073690703 0.03609203 1.1219966e-05 0.06927425 1.8417499e-05 0.67832315 1.4492474e-05 9.324015e-06 0.01330585 1.6324628e-05 0.00040960088 0.00016266094 1.904316e-06 0.024219058 3.528471e-05 0.0018083645 0.70630795 0.07173213 7.1021427e-06 2.7846403e-05 0.91376144 6.006064e-07 0.2155374 0.0004867031 0.004437682 0.00015716176 1.01569285e-05 6.208998e-07 0.00011264938 3.5175767e-06 6.5674976e-05 2.522501e-06 2.3121272e-06 0.36898366 1.4234146e-06 3.7221637e-06 2.615602e-06 1.0802222e-05 3.8006527e-07 0.73414266 0.00321304 0.040334657 5.986747e-07 0.009500393 2.1387636e-06 0.00088715646 0.00011204776 0.37500054 3.237953e-07 0.0030376909 0.0052917274 1.0888997e-06 7.8696706e-07 2.9667513e-07 2.0098016e-08 0.0011559711 0.07709342 0.0050186766 1.9623209e-05 6.931064e-09 3.963088e-06 0.061467834 7.3746756e-05 0.00051189936 0.00012415137 0.0011298098 0.00025214715 2.3137054e-07 0.0035745534 3.0773622e-06 3.252004e-08 0.00071215915 4.536634e-05 2.9914113e-07 0.00015850517 1.284207e-07
0.83391833 0.007375707 0.008745464 0.045926068 0.34078062 9.3275776e-05 0.050014567 0.21565215 0.009174708 0.0057950695 0.034749612 0.00034310494 0.5629165 0.42111707 0.29948458 0.9434699 1.4955124e-05 0.07974676 9.013076e-05 0.00010100512 6.011104e-17 0.09845022 0.006702746 8.544536e-06 0.19253278 0.0019069787 0.00027495134 0.018251952 0.0015916392 0.7439744 1.7086017e-05 0.57961863 0.7814006 3.0007907e-06 0.83995545 0.004955465 0.8859193 0.29451665 9.685917e-07 0.7583098 0.04373985 0.00082208816 0.010286221 0.0085065225 0.32938546 0.00012963342 0.0031496745 5.411069e-06 0.032578584 0.00028120118 0.23163757 0.47072265 0.009713124 0.0015488833 0.027215559 0.4127648 0.028766701 0.0029846125 0.00024738672 0.13567297 0.07616092 0.009645398 0.00010702599 5.8933467e-05 0.0007291393 1.2946632e-05 4.3836144e-06 0.007554312 3.5843266e-05 0.012490104 3.4185778e-05 0.065843694 5.1676875e-06 0.012624209 6.5188656e-06 3.5715515e-05 0.003371212 0.0019999894 0.001078816 0.003193655 0.00012835185 0.0019092887 1.3475964e-06 4.7195223e-05 0.00019240147 0.0018344509 1.05053405e-05 0.0058405907 0.004625719 0.00934458 5.7075573e-05 6.9790997e-07 3.2400148e-06 0.00021812653 2.8762733e-08 1.2671139e-06 4.988487e-06 4.747657e-08 5.4352745e-06 1.1474232e-06 3.3570376e-07
0.8903703 0.47224143 0.41586077 0.31093538 0.31599444 0.06306203 0.059145994 0.055470876 0.03838697 0.36044315 0.8369427 0.01456401 0.04181783 0.05940398 0.015139923 0.050326105 0.089713104 0.0016235192 0.03764093 0.008980828 0.09845022 5.415512e-20 0.006619149 0.0014153983 0.0056937644 0.83694714 0.19451632 0.00018824513 0.0009463521 0.0015966533 0.00079655804 0.0005886306 0.0033338577 0.0020745452 0.0043937354 0.00038078567 0.29767752 0.00019905341 0.0030056913 0.0870656 0.96722347 0.004117813 0.73528856 9.578845e-05 0.0026300359 0.0005597518 1.9715875e-05 7.351006e-05 0.27509877 2.883256e-05 0.32043192 0.039370496 0.00029497241 2.4515472e-05 0.0006459943 0.063923016 0.00071809284 4.1004743e-05 0.0006077865 0.00029432023 0.009577773 7.448972e-05 3.5051994e-06 4.0444334e-06 0.0032357892 0.001897441 1.4325728e-06 4.099864e-05 0.00021649183 0.00067241356 0.00021536583 0.13478568 1.525131e-05 7.659219e-05 3.850263e-06 0.0009915386 0.00016689274 7.149656e-05 2.8919223e-05 8.770055e-05 0.0030800654 0.06685524 3.6937856e-06 2.6492773e-06 8.447454e-06 2.801973e-06 1.3050861e-05 0.1775403 0.08925702 0.012127843 0.0022715149 0.000116252966 2.2523666e-07 0.011535758 5.6554086e-08 1.859251e-07 0.0004505756 1.57288e-06 1.071653e-06 3.785556e-06 4.0234917e-07
0.04091411 0.26034406 0.08506306 0.18566696 0.17357224 0.021236887 0.40077755 0.09697026 0.8537015 0.017448917 0.007898465 0.15704548 0.08650278 0.30854478 0.10625433 0.02339603 0.0020622157 0.080645554 7.676176e-05 0.042613678 0.006702746 0.006619149 5.7756182e-18 0.00045005663 0.7361913 5.911895e-05 0.00022068807 0.011803674 0.9775481 0.0019698313 8.679387e-05 0.0010739493 0.011196174 7.4904133e-06 0.00085180457 0.8233434 0.0050481493 0.00046512744 6.602291e-06 0.0047309482 0.0012642352 0.76206267 0.009541321 0.04276026 0.0020042271 8.88584e-05 4.5017077e-05 1.951879e-06 4.3462936e-05 0.6984756 0.001610411 0.0013382013 4.897253e-06 8.989658e-05 0.00018571803 0.005092743 5.988369e-05 9.469258e-06 0.10106159 0.00014575924 0.00010391503 0.00010011468 0.011223087 2.237276e-05 0.010448857 3.885801e-06 9.501465e-07 8.953333e-06 1.7653175e-06 5.045661e-05 1.7798876e-06 0.00010168156 2.924573e-06 4.716044e-05 3.1548632e-07 1.2547217e-05 2.3344151e-05 2.6475256e-05 4.464991e-06 5.6163026e-06 5.116438e-06 0.0030250084 0.00045698837 5.1384723e-06 2.0932458e-08 5.1604216e-05 4.4512453e-06 6.3741504e-06 0.000103705934 0.0003166219 3.0689569e-06 2.4498013e-07 1.2717864e-07 1.5310461e-05 1.4968225e-05 1.1253861e-07 6.2975705e-06 7.2531264e-10 1.1324936e-06 1.0758837e-05 2.5623868e-07
0.8913021 0.00017053094 0.0012322076 0.00041038208 6.937371e-06 0.041362457 1.3018354e-05 6.457834e-05 9.3551316e-05 0.03431303 0.0045876624 0.0036900186 1.9512361e-05 5.0595168e-06 4.4763833e-06 1.0120414e-06 0.5567672 1.774851e-05 0.6812643 0.2870119 8.544536e-06 0.0014153983 0.00045005663 9.731032e-19 5.7481375e-05 0.008741357 0.17642848 3.6636777e-06 0.00016488595 1.483157e-07 0.96311796 1.3018057e-07 6.227432e-08 0.9653126 1.207992e-07 5.6561635e-06 3.6901733e-06 8.262415e-08 0.6317237 1.3984042e-06 0.00068149075 0.0023593383 0.009905954 1.6339618e-06 2.1252396e-07 0.4158079 2.7193715e-07 0.2277865 0.0019704036 2.1230318e-05 0.00011972655 2.0380821e-06 9.981676e-07 4.2033325e-06 1.1383131e-07 6.639132e-06 5.0222976e-08 4.406441e-06 0.0005923439 7.105113e-07 7.6111746e-07 5.7613775e-08 7.767716e-06 1.9554274e-05 0.14004342 0.28032818 0.11176558 2.325047e-08 0.33890328 5.0007213e-07 0.10183677 0.00046759713 0.24802487 7.592206e-08 0.08309741 0.2689738 1.0146713e-07 5.7215598e-08 6.4010635e-08 5.7596244e-10 0.039077956 0.5024835 2.2685572e-06 7.5205835e-06 5.8125373e-08 4.9657154e-09 0.013841715 0.0020573342 0.0020546187 0.0001560945 0.01441501 0.0042959144 4.3168416e-08 0.025152704 0.0006462571 5.9916704e-07 0.004537294 0.0016053362 7.32449e-09 4.6324135e-06 2.1388185e-08
0.08809121 0.034506828 0.014229187 0.046182953 0.1138591 0.0031031715 0.25953782 0.12706955 0.3751388 0.010963329 0.0054437746 0.023351658 0.24394101 0.4079547 0.5226083 0.06390449 0.00045252012 0.7871116 7.959969e-05 0.002395213 0.19253278 0.0056937644 0.7361913 5.7481375e-05 1.493414e-17 0.0001423811 0.00022790418 0.72102046 0.19164905 0.20808621 4.5074637e-05 0.10262653 0.27672133 4.651471e-06 0.07949677 0.9635934 0.04321576 0.29469913 5.5105076e-05 0.0628776 0.001742995 0.026908712 0.003663664 0.8885752 0.05354174 2.5143985e-05 0.033426277 4.184394e-06 0.0004427978 0.18141884 0.0092471605 0.018925337 0.007128713 0.14891157 0.016361678 0.0367867 0.012439872 0.023417331 0.0060364422 0.007472278 0.0032625478 0.015913874 0.12577432 0.026014468 0.0007086028 2.8929264e-05 2.8051707e-06 0.0008478136 8.967198e-07 0.0013284517 3.0010926e-07 0.0017344422 6.926291e-06 0.00435153 3.7857976e-08 2.5520272e-05 0.0038964478 0.0011420919 0.0005674226 0.00013056581 3.060132e-05 0.0035207602 8.281179e-05 0.004202968 7.0417614e-06 0.0012163802 2.2229722e-06 0.00014542602 0.0005023326 0.0012315679 1.2569722e-05 7.292665e-07 8.986517e-06 1.6146721e-05 2.6437789e-05 3.9361395e-05 3.2516833e-05 5.131067e-10 1.38153055e-05 9.958158e-06 7.3611983e-07
0.9225793 0.09609888 0.07505336 0.018305354 0.006834085 0.051275548 0.0013800221 0.0016426176 0.0007658357 0.27625853 0.63566905 0.0030970913 0.0009994054 0.0013956677 7.250662e-05 0.00079400785 0.47059396 2.3160675e-05 0.30046615 0.0073690703 0.0019069787 0.83694714 5.911895e-05 0.008741357 0.0001423811 3.5043574e-19 0.9707777 1.065793e-05 1.1083475e-05 6.575513e-05 0.0038064825 2.2437374e-05 5.0243798e-05 0.019589487 9.4670235e-05 3.8735097e-06 0.014202858 1.3039689e-05 0.06255917 0.0033613886 0.42914134 0.00027502974 0.898924 5.5673667e-07 7.507796e-05 0.0014103906 7.9204483e-07 0.00015887534 0.5974747 1.8350446e-06 0.043001518 0.0023795941 9.587405e-06 6.2224926e-06 2.6043477e-05 0.0052782707 3.8101327e-05 2.3958102e-05 2.2067004e-05 1.0005746e-05 0.00024878854 1.1801721e-05 1.4196044e-07 1.4987192e-07 0.0007576743 0.015457323 1.887988e-05 7.784209e-06 0.0017366568 3.36448e-05 0.00067803287 0.05746553 5.86938e-05 1.0259591e-06 4.0443392e-05 0.0029964526 1.6003208e-06 1.6077054e-05 3.4971395e-06 3.55966e-07 0.009488029 0.36192068 2.3667671e-07 4.2333207e-07 8.738676e-08 1.4475553e-07 1.6414235e-05 0.39125347 0.14789902 0.0028333773 0.004887511 0.0007218597 9.310952e-08 0.02413631 2.420368e-06 4.921038e-07 0.0020949056 0.00030280754 3.3965136e-08 6.330433e-07 1.5284522e-07
0.97090966 0.031977143 0.026830146 0.0033671618 0.0006155241 0.09878024 0.0009715102 0.00079433015 0.00046873122 0.41440672 0.36248487 0.008552131 0.00037241468 0.00020836818 7.270194e-05 0.0002473294 0.8506803 4.9990096e-05 0.7547926 0.03609203 0.00027495134 0.19451632 0.00022068807 0.17642848 0.00022790418 0.9707777 3.0071165e-17 7.06058e-05 2.5116735e-05 5.6873007e-05 0.054553185 4.6082736e-05 4.693393e-06 0.2651468 4.2402182e-05 1.2788637e-05 0.0029328729 7.5007574e-06 0.6992089 0.00046268862 0.05462719 0.0001279705 0.25839835 1.2735736e-06 7.767842e-06 0.008057336 1.0398775e-05 0.00209568 0.10528229 2.8213296e-06 0.006321261 0.00012396586 3.813186e-05 3.8361944e-05 5.0648946e-06 0.0007057089 1.0232276e-05 1.7774088e-05 1.5068123e-05 3.2401033e-05 1.3668045e-05 1.6115655e-06 6.586954e-07 8.31623e-07 0.0003489347 0.07606812 0.00035185495 7.0496196e-07 0.022224853 1.2249496e-06 0.0018641283 0.00959578 0.0004717007 5.554201e-06 0.0006869995 0.02272239 2.5995623e-06 2.351826e-06 8.051889e-08 4.2357534e-08 0.020684103 0.7559995 2.4743908e-06 8.783992e-07 2.672551e-07 4.17317e-07 1.6550359e-05 0.117529996 0.07813184 0.0019009956 0.03415728 0.0017145525 6.340644e-07 0.027992256 0.00033946 2.7198137e-06 0.0075256242 0.002733678 2.5172702e-09 3.0292879e-06 1.5012318e-08
0.062063493 0.0010427703 0.00039746932 0.0014204313 0.0037733177 2.4003291e-05 0.015891246 0.013261948 0.005503426 0.00045988962 0.00023975417 0.00027939066 0.025491232 0.032320015 0.29300964 0.014202891 0.00019546994 0.9912496 1.2630632e-05 1.1219966e-05 0.018251952 0.00018824513 0.011803674 3.6636777e-06 0.72102046 1.065793e-05 7.06058e-05 9.566596e-16 0.0019216997 0.11673633 3.6361027e-06 0.06683718 0.15535161 4.5407223e-06 0.031533506 0.2609498 0.0029898218 0.22670336 4.572436e-06 0.0042317733 0.00016512733 0.0003267788 0.0011197497 0.8704993 0.059461214 1.1784108e-05 0.18947394 5.1715483e-06 6.896114e-05 0.0044530714 0.0010332987 0.008872859 0.27143255 0.79149115 0.014962894 0.006247964 0.007457911 0.5333596 0.00013888895 0.013192894 0.0011527581 0.024333905 0.14455439 0.30459312 0.0005259578 4.82796e-07 5.5044648e-06 0.0044307746 1.8317233e-07 0.0016766422 2.185905e-06 0.00059714145 2.0990283e-05 0.0054685483 3.5217133e-07 1.8191111e-05 0.0009984871 0.002079752 0.00028757306 0.0009170553 9.21045e-06 0.00023734564 1.7993227e-05 0.028451733 0.0030035665 0.0017062294 4.325222e-05 6.9211674e-06 0.00024029643 0.0012273458 1.7672008e-06 1.8102554e-07 0.00035891187 1.5455198e-05 6.107961e-08 0.0016121881 8.381405e-06 2.5067772e-09 0.0002637648 7.399449e-06 1.0786545e-05
0.005866051 0.09268622 0.02340332 0.05233798 0.036359888 0.0094398195 0.112124585 0.019763915 0.33590534 0.004310179 0.0017253355 0.09609582 0.012805451 0.07139118 0.013580938 0.0038248282 0.00087427115 0.018632714 2.2818287e-05 0.06927425 0.0015916392 0.0009463521 0.9775481 0.00016488595 0.19164905 1.1083475e-05 2.5116735e-05 0.0019216997 3.3629307e-18 0.00019212496 0.0001597567 9.180804e-05 0.0008235819 5.7960588e-06 4.1626172e-05 0.5211313 0.00032320037 7.9088546e-05 8.372305e-06 0.0002927752 0.000116184245 0.8795148 0.0007815454 0.01705281 0.00041137953 0.000509352 2.115021e-05 3.618212e-06 8.179258e-06 0.951806 0.00014920431 2.596125e-05 2.4391836e-06 4.7121644e-05 5.4428783e-06 0.00012657771 2.8205147e-06 9.925817e-06 0.32983074 0.00014191559 1.887511e-05 7.2052458e-06 0.019415006 2.5305064e-05 0.053586774 3.4342704e-06 1.856927e-06 2.3742148e-06 1.7371186e-06 3.2736167e-05 2.1807932e-06 5.8390197e-05 3.153615e-05 1.6049467e-05 1.2313834e-06 3.177235e-06 6.362126e-06 3.032057e-06 9.051934e-07 9.3326577e-07 1.2864674e-05 0.0012723937 0.0064175343 3.8369512e-07 1.0003946e-08 4.852557e-06 2.2563181e-05 1.4737743e-06 3.541362e-05 0.0006167061 1.524048e-05 9.399497e-07 1.9085347e-07 6.69693e-06 2.1130874e-07 4.627322e-08 2.0369532e-06 9.538912e-10 1.2389788e-06 8.6961234e-05 9.1732414e-07
0.51013076 5.9799004e-05 3.735793e-05 0.0004392107 0.0029935578 9.180519e-06 0.0011245158 0.004075784 0.00013494908 0.000112267786 0.00017160819 5.4734387e-06 0.058308817 0.039789356 0.25041845 0.1165491 1.1115227e-06 0.48002717 1.2587025e-06 1.8417499e-05 0.7439744 0.0015966533 0.0019698313 1.483157e-07 0.20808621 6.575513e-05 5.6873007e-05 0.11673633 0.00019212496 9.237065e-16 3.867375e-06 0.9607472 0.7187659 2.0632936e-07 0.9449291 0.003677447 0.112063244 0.8941551 6.7224977e-07 0.16795407 0.0015072606 2.868328e-05 0.00038169554 0.05572416 0.6943097 7.721296e-06 0.40577793 5.1006873e-06 0.0015411845 5.0802082e-05 0.021733949 0.2931817 0.12642667 0.18291496 0.3756971 0.13452294 0.33628798 0.06496733 1.15192115e-05 0.3692216 0.14960675 0.28880346 0.0004908039 0.0023047668 0.00021074315 5.0120224e-07 6.120705e-07 0.16117261 1.3119977e-06 0.07958404 1.3871256e-05 0.021198042 1.1992424e-06 0.042107675 8.632376e-07 4.0441267e-07 0.015214036 0.019976871 0.0065089115 0.012992737 2.3255905e-06 0.00062705256 7.8028893e-07 0.00052072055 0.006318374 0.0042458433 1.4592914e-05 0.0011653464 0.0011528862 0.008224555 1.5897261e-06 5.411962e-08 5.785916e-07 5.553229e-05 3.803059e-08 6.8586664e-06 7.696077e-07 1.0533971e-09 4.0810886e-05 1.7515547e-06 4.6856397e-07
0.84948754 0.0006281622 0.0033212577 0.0013186492 1.5289525e-05 0.16079125 6.38569e-05 0.00015625134 0.00010725609 0.025067145 0.003249123 0.020784838 5.414856e-05 1.0674054e-05 2.076471e-06 2.4650685e-06 0.6650987 9.359517e-06 0.2970726 0.67832315 1.7086017e-05 0.00079655804 8.679387e-05 0.96311796 4.5074637e-05 0.0038064825 0.054553185 3.6361027e-06 0.0001597567 3.867375e-06 2.058035e-16 2.6043115e-06 9.878783e-07 0.41446543 2.7412343e-06 3.0461677e-05 1.7330505e-05 5.6975773e-07 0.48290628 1.1153012e-05 0.00029483176 0.00461118 0.017767852 9.374904e-07 1.9869125e-05 0.81063455 4.1078596e-07 0.773816 0.00061496004 4.0425344e-05 0.0001462618 2.7874568e-05 1.197403e-07 3.0677675e-05 3.523482e-06 5.495619e-05 2.1088085e-06 2.243651e-06 0.0014522028 3.5010785e-07 4.107858e-06 1.5580404e-06 1.31586785e-05 1.3761594e-06 0.28184348 0.15853055 0.30145332 4.7368098e-07 0.5741674 4.440806e-06 0.55909497 0.0001347563 0.39388388 4.1807505e-07 0.45094654 0.2137979 1.046946e-06 2.625003e-06 5.8386456e-07 4.2194895e-08 0.021239797 0.43596062 3.950217e-06 1.1886389e-05 1.1667457e-08 5.713801e-06 0.050673794 0.0016013561 0.003938535 0.00020622285 0.020052085 0.008256187 2.5866264e-06 0.066816784 0.00021385985 1.2573684e-06 0.007139793 0.0025680284 2.6711723e-07 8.9823305e-07 4.3080817e-08
