2.1691485e-21 0.7884817 0.83377135 0.52138984 0.9510747 0.96617883 0.85002315 0.6950475 0.7507322 0.9591063 0.99578243 0.95494205 0.9778688 0.8687768 0.5317659 0.17151111 0.50422156 0.8612434 0.88376594 0.7398752 0.25364342 0.051999975 0.51145905 0.9393168 0.9662499 0.9911591 0.997609 0.2744999 0.9938704 0.62730205 0.22070892 0.8731864 0.15333442 0.124239236 0.030323843 0.18881704 0.88600105 0.14077243 0.4341352 0.87693393 0.9570853 0.43274722 0.1737318 0.13576949 0.24784017 0.888107 0.8740344 0.8113874 0.9475995 0.4963404 0.18415351 0.84896314 0.14005154 0.55079377 0.980517 0.88474435 0.99144477 0.09193787 0.041144717 0.9881389 0.23172602 0.36807886 0.6718466 0.80761856 0.99995357 0.007243423 0.9837547 0.024339776 0.093376085 0.93157494 0.9174792 0.027165791 0.30876726 0.87595075 0.9944994 0.0023695824 0.022112986 0.14627725 0.056423042 0.056203753 0.9545163 0.9960771 0.17187259 0.98396164 0.21306336 0.91398555 0.11591035 0.0061473837 0.9996079 0.991843 0.009274888 0.0014059427 0.9811295 0.028906032 0.00036246827 0.9999768 0.9993969 0.0029235848 2.0750217e-06 1.895618e-05 0.8025385
0.7884817 1.2191268e-16 0.637596 0.9571427 0.017728075 0.17775296 0.04895281 0.019415125 0.9446859 0.076381385 0.9023806 0.0015388544 0.27353683 0.0008203643 0.0011310278 0.0041079875 0.21527313 0.000116601055 0.00014498192 0.00018007758 0.2280113 0.029804226 0.024746107 3.0922587e-05 0.0237395 2.6749198e-05 0.39591876 6.075744e-05 0.21495686 0.019118082 0.00018610277 4.0339273e-05 0.007905918 6.757813e-05 0.036125064 0.02122617 6.2315194e-06 0.00016280016 4.4110133e-05 0.007894134 5.0147933e-06 4.989834e-06 0.069763415 7.9285455e-06 0.0012671611 3.802944e-07 1.6424623e-06 2.4575252e-07 4.2898932e-07 1.1475763e-06 4.0913612e-05 1.0384647e-06 0.0075819767 1.6003804e-06 2.6478259e-07 4.872555e-07 0.046694975 1.633926e-06 0.0017701805 3.260289e-08 1.5962299e-06 2.7574592e-06 4.2658655e-08 0.0060252496 0.05553218 6.0740345e-05 0.08051866 0.0072421446 2.0088426e-05 2.7338015e-08 5.220192e-08 6.8724387e-07 4.7029113e-07 2.026117e-08 3.020248e-08 0.0015066493 5.589049e-07 0.0012709644 1.9989736e-07 2.0422378e-08 4.460162e-09 0.0003520001 2.7899458e-07 0.00059102295 0.00046744043 0.0013099381 0.0014261635 1.3218643e-06 0.012738495 0.006835832 2.6701625e-06 3.1918187e-08 0.0026328391 2.2610464e-05 9.600589e-06 0.0041099996 0.0043230676 2.259702e-08 2.5388206e-06 1.2591484e-05 0.00013299797
0.83377135 0.637596 5.9380086e-19 0.8439558 0.2008142 0.42622632 0.9925227 0.46964726 0.2455048 0.25163707 0.2911121 0.010018442 0.016033519 0.009453536 0.091713466 0.15677874 0.6073947 0.00017264578 0.00029020137 0.0011077058 0.23483099 0.113426976 0.16520353 7.5216994e-05 0.034100994 9.108915e-05 0.5097775 0.00026637458 0.18848494 0.00410979 0.0010508057 4.7433154e-05 0.22633143 0.0007853364 0.0460546 0.0046855332 1.0315165e-05 0.007772163 0.0002456756 0.00037152783 2.5433715e-06 1.5943639e-05 0.013793059 0.00024546037 0.01409428 3.5884958e-07 2.3599187e-06 2.0651204e-07 8.586692e-07 4.1260596e-06 0.0011487793 1.0991672e-06 0.00065090874 9.563902e-07 3.1792734e-07 2.4012418e-06 0.0070811748 1.4207022e-06 0.02434158 7.780764e-08 1.648864e-06 9.512377e-06 3.104996e-08 0.00017924402 0.025109557 0.0018087216 0.04694303 0.0018311307 2.5844181e-05 1.48741135e-08 2.455266e-08 1.0340827e-06 2.2477379e-07 3.087539e-08 2.2939273e-07 0.0013129929 3.0314958e-08 6.580331e-05 7.951493e-07 1.9422668e-09 8.486969e-09 0.00028351694 6.460404e-08 7.787041e-05 1.5058713e-05 6.0269736e-05 2.4725474e-05 1.641868e-07 0.0052550253 0.010982914 1.4617824e-06 9.950909e-09 4.793405e-05 2.0548098e-06 1.4204076e-05 0.0022167114 0.00013207554 2.0490767e-09 1.0099366e-06 1.041028e-06 3.404907e-06
0.52138984 0.9571427 0.8439558 2.3931055e-17 0.002657898 0.011826322 0.09520857 0.004602808 0.8372328 0.005423399 0.5529373 0.00022768564 0.26301932 0.0002658216 0.0010182892 0.0020897794 0.8123662 4.249821e-05 4.0466002e-05 3.2044933e-05 0.93168795 0.27008078 0.11284575 1.3132929e-05 0.0010999412 1.7360066e-05 0.033996698 1.0444175e-05 0.010222865 0.15852354 4.953163e-05 1.1393502e-05 0.005805142 1.691849e-05 0.26444405 0.26854283 1.2394493e-06 0.000118896845 4.9066775e-06 0.047518753 8.1962366e-07 2.791945e-07 0.41410288 3.4533093e-06 0.00076207484 9.62972e-08 1.4757525e-07 8.019733e-08 1.8137929e-07 1.4843343e-07 3.977512e-05 1.16305344e-07 0.042066284 3.3469107e-07 2.2615423e-07 1.1769259e-07 0.014107109 5.6297273e-07 0.0028635273 1.2779846e-07 2.4788133e-07 1.6995929e-06 2.9888192e-09 0.008087136 0.012033467 0.00013294345 0.0062227426 0.03221816 2.0991693e-06 5.56692e-09 1.3836459e-08 3.8916403e-07 1.13781915e-07 2.52125e-08 8.2193004e-08 0.0050509474 1.5694285e-07 0.0009607449 9.8321124e-08 7.072325e-09 1.4264545e-08 5.54782e-05 4.168142e-07 1.2303393e-05 0.0008445989 0.00072993524 0.0010365592 3.311137e-07 0.0013969293 0.001510734 2.6653808e-07 2.0994074e-08 0.0011651742 0.000540782 1.2975562e-06 0.00019525606 0.001645982 7.21114e-09 7.1231057e-07 2.0390376e-05 0.00032716608
0.9510747 0.017728075 0.2008142 0.002657898 4.6086677e-15 0.7677899 0.29539084 0.98431265 0.00082367135 0.7408902 0.01705987 0.46496093 6.850172e-05 0.44301626 0.45638964 0.48458338 0.048701186 0.048591655 0.06179925 0.18320382 0.00019710152 0.0053312555 0.12624715 0.024666108 0.28249744 0.020666989 0.30255523 0.053591006 0.40420794 6.398913e-05 0.111971565 0.0034752134 0.43180338 0.09841995 0.0019969312 2.8530532e-05 0.00029745238 0.24902259 0.20797849 2.2604167e-05 0.00024819726 0.0064940215 0.0002762679 0.09163309 0.4261132 0.0007147552 6.273908e-05 1.764095e-05 4.375159e-05 0.000103136554 0.37847885 0.0012129345 7.6404765e-05 0.0004970457 2.3664918e-05 6.226645e-05 0.0005297711 0.00032502125 0.29872394 1.3386717e-05 0.00011801974 0.002501104 3.9780225e-06 4.8681424e-05 0.0017556638 0.108859606 0.07322056 4.8598624e-05 0.0007988563 2.8116668e-07 4.4242887e-07 2.0262321e-05 5.9073104e-06 2.8906288e-07 5.816031e-06 0.0023453208 4.078192e-06 7.1822637e-06 1.15269695e-05 2.1604372e-07 2.3238977e-07 0.0020434393 1.1579642e-06 0.0011925683 1.1179767e-06 1.8843059e-05 2.254435e-06 2.5428428e-06 0.0053948318 0.017825915 8.7561875e-06 5.6961344e-08 4.2659012e-05 6.041181e-07 1.0036845e-05 0.0077695064 1.0426679e-05 1.5065183e-08 4.6221885e-06 5.8183828e-06 9.3435665e-07
0.96617883 0.17775296 0.42622632 0.011826322 0.7677899 1.1953474e-14 0.2690469 0.5410006 0.021341044 0.99110764 0.09943713 0.36971977 0.0032576057 0.11063951 0.07273441 0.09136403 0.050317682 0.028756237 0.02261211 0.01928044 0.0013228367 0.0051455363 0.05518782 0.01809329 0.20571117 0.017362783 0.699367 0.0052791787 0.45916128 0.0006788957 0.0108308755 0.0038999498 0.17800581 0.0053561116 0.002127008 0.00015079745 0.00072176394 0.023089565 0.021475019 0.00044109946 0.00048184508 0.00211547 0.0006587282 0.0031731415 0.105617896 0.0002375089 0.00010645593 1.5652642e-05 4.484871e-05 2.4566421e-05 0.028883705 0.00014381993 8.008961e-05 0.00018752931 4.331984e-05 1.7025981e-05 0.028395673 0.00017552669 0.067922644 3.9808383e-06 3.8813992e-05 0.00046168957 5.7956964e-07 0.00074017927 0.034924705 0.008221488 0.31648868 0.0002627302 5.9582682e-05 1.1642366e-07 2.2502431e-07 8.021714e-06 3.858243e-06 5.4292207e-07 2.3304813e-06 0.0016074613 2.2814795e-06 0.00017937466 4.127835e-06 5.735899e-07 2.1766313e-08 0.00446265 3.0144105e-07 0.0009659232 0.00016200068 0.001210838 0.0002078054 7.8655285e-07 0.017262654 0.04333523 2.046664e-06 1.8378326e-08 0.0003085182 3.8562655e-07 8.644226e-06 0.0088197775 0.00063545804 1.4269027e-09 3.6277552e-06 7.707179e-06 2.6219117e-05
0.85002315 0.04895281 0.9925227 0.09520857 0.29539084 0.2690469 7.901332e-16 0.40002385 0.015082682 0.072989255 0.047036365 0.0052811834 0.0008641111 0.012306592 0.40218928 0.47305912 0.87016064 0.001245541 0.0010838216 0.007278517 0.039236046 0.23399538 0.7078621 0.00072935 0.006560621 0.0017451006 0.047028817 0.0012518323 0.011843841 0.00029477893 0.0076480587 0.00028038147 0.70022196 0.011001437 0.10513768 0.00011953957 3.072877e-05 0.14056362 0.0071256272 0.0001997075 6.206648e-05 0.00016879514 0.005341329 0.009995804 0.49293536 3.0144379e-06 4.4409544e-06 3.514969e-07 4.452901e-06 2.7510107e-06 0.13165718 5.5194196e-06 0.0002264554 7.057823e-06 1.11328945e-05 1.4987241e-06 0.0005251511 5.7142886e-05 0.44653195 2.6916878e-06 1.8590356e-06 0.00028654345 1.8836598e-08 0.00011684038 0.0025134925 0.19480546 0.010418236 0.0018672207 5.2046762e-05 7.146884e-08 4.586918e-08 5.8147775e-06 3.010937e-07 1.5327086e-07 4.4687457e-07 0.048589803 5.9772543e-07 2.3444349e-05 9.879283e-07 4.8773686e-08 4.5117492e-08 0.00038470572 2.4644513e-07 1.120568e-05 1.9221293e-06 2.7422217e-05 1.897508e-05 1.3242944e-06 0.0012834395 0.0067342147 6.951918e-07 2.5806102e-09 1.7144795e-05 3.3777152e-07 9.872712e-06 0.00071465375 3.0996414e-06 2.2027118e-09 2.2596236e-05 9.741997e-06 9.291664e-07
0.6950475 0.019415125 0.46964726 0.004602808 0.98431265 0.5410006 0.40002385 4.143189e-17 0.0014082502 0.46173975 0.004428008 0.39528042 5.9610476e-05 0.6445083 0.7552094 0.83723634 0.095187105 0.02997338 0.03338659 0.2817114 7.123609e-05 0.0049904454 0.048911717 0.008319564 0.074961625 0.0054472955 0.059638374 0.071689144 0.09945323 8.129849e-05 0.12617294 0.0019040175 0.48774138 0.059506398 0.0021270872 1.2204587e-05 0.00013729269 0.16547808 0.17759871 1.4539196e-05 0.00010946116 0.0057542208 6.468891e-05 0.048781212 0.26412612 0.00020554055 1.1226387e-05 9.138982e-06 8.257626e-06 2.9698567e-05 0.15420064 0.00014061607 3.944634e-06 0.00012634916 3.1127581e-06 5.835392e-06 0.0002982403 0.00021063065 0.10633796 9.0864177e-07 8.270876e-06 0.00038419096 5.591022e-07 1.4863799e-05 0.0006328493 0.03104734 0.010534074 4.5210963e-06 5.179512e-05 4.6643976e-08 4.9461132e-08 2.9171356e-06 7.938582e-07 2.258025e-07 3.4624222e-07 0.000727258 4.2044846e-07 4.4435856e-06 6.8698967e-07 2.055811e-08 7.1396316e-09 0.00026225732 4.2965933e-08 0.00014434068 4.09986e-07 1.0137269e-06 1.795239e-06 4.0750567e-07 0.0017031131 0.0031956031 2.4804663e-07 3.1964105e-09 5.3663243e-06 3.3733212e-07 1.5254453e-05 0.0016627983 4.2806573e-07 1.5157926e-09 4.567502e-06 4.1906102e-07 1.4420954e-06
0.7507322 0.9446859 0.2455048 0.8372328 0.00082367135 0.021341044 0.015082682 0.0014082502 2.0029564e-18 0.012317659 0.75921154 0.0002624515 0.9913819 0.00012347315 6.41746e-05 0.00020834632 0.29944715 4.424824e-05 2.2838209e-05 2.6473643e-05 0.5871964 0.06331388 0.031320248 2.8558668e-06 0.0036327462 4.8628644e-06 0.13635993 7.3925016e-06 0.061153628 0.23821 2.1199889e-05 6.831458e-06 0.0005619804 5.2796263e-06 0.091236755 0.26841348 7.009376e-07 3.2158085e-05 2.1286842e-05 0.13133012 2.6390821e-06 4.3109364e-07 0.55277467 2.7048807e-06 0.00020278609 1.2804374e-08 4.3220897e-08 5.065464e-08 7.5697216e-08 3.2728934e-08 2.3379107e-05 2.760993e-08 0.14715602 3.871119e-07 4.8982145e-08 3.3035686e-08 0.11834317 2.389452e-06 0.0007441889 1.1524314e-08 7.4862136e-08 3.999673e-07 3.5656225e-09 0.037522677 0.06820303 3.1807987e-05 0.056844518 0.12872216 6.683124e-06 9.794574e-10 1.4077417e-09 4.4760494e-08 8.604e-08 6.267837e-09 3.930243e-09 0.0021315503 6.193805e-07 0.012717466 9.4625e-09 1.7941298e-08 2.8818727e-09 0.00020024244 1.7525377e-07 0.0003137726 0.0018056246 0.010764216 0.006207652 5.428574e-07 0.006615019 0.004474252 1.4889499e-06 4.001529e-08 0.0079328995 0.0071071675 3.506993e-07 0.0023880308 0.01733526 7.2532444e-08 3.937386e-07 4.824458e-05 0.0022007448
0.9591063 0.076381385 0.25163707 0.005423399 0.7408902 0.99110764 0.072989255 0.46173975 0.012317659 2.899286e-15 0.03888125 0.7903353 0.00047540257 0.16218445 0.08894605 0.103190176 0.018988881 0.1606237 0.08865074 0.035553675 0.00028812757 0.0021238136 0.029399347 0.03353953 0.6307642 0.048372865 0.7220844 0.014225727 0.6271379 0.0002738319 0.021309448 0.027686812 0.14878753 0.0100717805 0.0013770753 8.735594e-06 0.001939686 0.026029024 0.0509944 9.0485075e-05 0.0070230206 0.011151465 0.00015527479 0.009762812 0.10096078 0.0006337232 0.00091414753 0.0001840936 0.0002627633 0.00058038963 0.036321152 0.0005767824 3.2275586e-06 0.0007269522 0.00035301773 0.00025298874 0.021007093 0.00029304586 0.047559634 0.00014405478 3.0699975e-05 0.0005237326 8.422526e-06 8.27671e-05 0.021610312 0.007611219 0.56886995 9.275369e-06 0.00019779352 3.8163365e-05 5.2064133e-05 7.230757e-06 5.520428e-05 1.2846406e-05 3.6243648e-05 0.00046987963 1.0945296e-05 0.00016840281 5.2897817e-06 6.626826e-07 3.4082126e-07 0.03423567 9.850006e-07 0.020585418 1.0290797e-05 0.00045493877 3.8352322e-05 6.4797055e-06 0.06691592 0.107376434 4.397589e-05 1.2144251e-08 0.00026964178 2.665963e-07 0.00010414987 0.048064742 0.0003084323 2.1154655e-08 5.1821085e-06 1.4438234e-05 2.8197092e-05
0.99578243 0.9023806 0.2911121 0.5529373 0.01705987 0.09943713 0.047036365 0.004428008 0.75921154 0.03888125 1.4194002e-16 0.0014570637 0.59993005 0.0015485194 0.0012686696 0.0018046674 0.096686885 0.00048447374 0.00071179797 0.00072154135 0.19252318 0.028784668 0.046445966 0.00055784185 0.006312528 0.0005668884 0.91163456 0.0002609916 0.26297957 0.052901417 0.00045043317 0.00017192187 0.0043077585 0.00025714142 0.035032175 0.020862121 3.7886894e-05 0.0012789577 0.001125088 0.027460447 2.4603934e-05 6.746781e-05 0.28810108 0.0005669701 0.0076725287 8.5371485e-06 5.2440337e-06 2.672133e-07 8.1374725e-07 1.3367642e-07 0.00075096 1.1331499e-05 0.020026952 3.807274e-05 4.2649773e-07 1.387509e-07 0.10015098 2.0293632e-05 0.0054645156 2.5354039e-08 3.893335e-06 7.3263494e-05 4.779767e-08 0.028891142 0.2112885 0.00028379934 0.50750184 0.034782715 4.346675e-05 8.29522e-10 8.7200686e-10 1.9127295e-07 3.0389383e-06 1.5522086e-10 5.681809e-09 0.0019436438 7.912079e-06 0.005125251 2.5062178e-07 3.0526294e-07 2.856306e-09 0.0005764942 1.9762729e-07 0.00036957924 0.00081672316 0.005637448 0.0018403832 1.3151678e-05 0.16494411 0.05344978 2.361051e-06 2.9125488e-08 0.0031676732 0.0024334658 1.4935222e-06 0.007928418 0.018563693 2.2479277e-08 1.7273306e-06 0.00013340703 0.00030716188
0.95494205 0.0015388544 0.010018442 0.00022768564 0.46496093 0.36971977 0.0052811834 0.39528042 0.0002624515 0.7903353 0.0014570637 1.4144453e-14 1.9750409e-05 0.95239574 0.06721087 0.18033868 0.0005723801 0.7560094 0.6565044 0.3421532 1.2547025e-05 0.00014892696 0.0019238745 0.2632624 0.8945277 0.33375198 0.17431667 0.11647837 0.39394444 4.6062174e-05 0.105847344 0.0918742 0.016924769 0.01999812 0.00021248414 5.2528326e-06 0.012871756 0.014026738 0.091926016 4.9782075e-06 0.009858047 0.028654188 1.6617274e-05 0.013592703 0.010052642 0.0050999676 0.0016051986 0.0009911141 0.0004907033 0.0045304024 0.019849708 0.0039993147 4.159206e-06 0.0018165887 0.00025107598 0.0004910797 0.0002808284 0.0009795632 0.004073146 5.89115e-05 0.0003943352 0.0025244995 3.4101602e-05 1.07519645e-05 0.0010070974 0.0010642 0.11099011 2.8759496e-06 0.000991602 9.961073e-06 3.5688958e-05 0.00012752254 2.1632184e-05 9.647287e-06 4.4764533e-05 7.7515724e-05 2.4454897e-05 1.6177133e-05 3.546354e-05 4.633847e-07 1.0657222e-06 0.010229145 3.913575e-06 0.0031293852 2.0900425e-06 1.0350995e-05 5.840693e-06 1.3106403e-05 0.013455867 0.043338295 9.971485e-05 3.0131517e-07 5.5000284e-05 2.5299923e-05 2.8627886e-05 0.012146361 5.769884e-06 3.2062e-08 4.1307926e-06 3.888663e-06 3.783127e-06
0.9778688 0.27353683 0.016033519 0.26301932 6.850172e-05 0.0032576057 0.0008641111 5.9610476e-05 0.9913819 0.00047540257 0.59993005 1.9750409e-05 6.850715e-18 1.7355083e-05 1.8553055e-06 1.5043261e-06 0.0067446684 1.748372e-06 3.2152209e-06 9.856848e-07 0.12953728 0.0020694756 0.00068605546 1.1394574e-06 0.0009137824 4.3553123e-06 0.40688685 3.369482e-07 0.12667891 0.41038346 1.217763e-06 1.6534731e-06 6.739839e-06 1.0044792e-07 0.003763451 0.25017256 6.9769044e-07 6.8376335e-07 5.4770334e-07 0.393222 5.495613e-07 2.3690635e-07 0.20482963 1.2937609e-07 3.229757e-06 7.4368542e-09 1.0825602e-07 1.9522726e-09 1.6392011e-08 1.7867194e-08 9.167382e-07 1.911616e-08 0.1921972 3.321688e-07 1.0563996e-08 1.0688541e-08 0.7055506 8.3929814e-07 2.7899075e-06 2.6176517e-09 3.9459884e-08 2.0914928e-07 2.1334993e-10 0.090940736 0.4883067 3.907088e-07 0.39316407 0.0469983 3.6264855e-06 1.3808447e-10 1.5698975e-10 9.318676e-09 7.432761e-08 8.1250805e-11 4.2512327e-10 3.935907e-05 1.2756043e-07 0.019100705 8.3483975e-09 1.6976179e-08 1.3817114e-10 9.2435665e-05 7.997889e-08 7.289419e-05 0.0034524316 0.05924644 0.011611298 1.2591256e-07 0.096860304 0.019640556 2.2080982e-07 6.3682046e-09 0.085135825 0.008167699 1.407286e-08 0.0019031777 0.38200232 5.917665e-09 3.6411272e-08 3.733086e-05 0.003337392
0.8687768 0.0008203643 0.009453536 0.0002658216 0.44301626 0.11063951 0.012306592 0.6445083 0.00012347315 0.16218445 0.0015485194 0.95239574 1.7355083e-05 4.0908818e-14 0.6665961 0.7473416 0.0011444114 0.4347011 0.4965264 0.95511496 9.914162e-06 0.0003583168 0.005036606 0.22112262 0.098580025 0.12562746 0.02607917 0.5367837 0.043843184 4.5204346e-05 0.4606986 0.026120285 0.17818719 0.14860746 0.0005272228 6.4677038e-06 0.0037272365 0.14276107 0.4081539 5.9342037e-06 0.001942119 0.07713527 2.8091423e-05 0.10230116 0.0993036 0.015613954 0.00029132437 0.00020011893 0.0002650306 0.0015395524 0.20137697 0.006388215 7.011192e-06 0.0052097095 0.0002463186 0.00039875886 7.6041884e-05 0.0021214623 0.059449363 5.0497434e-05 0.00049309974 0.022771612 1.2579135e-05 1.4253265e-05 0.0003755654 0.016960884 0.011338261 3.2388564e-06 0.0036259152 8.612119e-06 8.620722e-06 0.00049751706 2.9275492e-05 6.4766837e-06 1.9722043e-05 0.00034743236 1.3681882e-05 7.3590895e-06 5.2928877e-05 4.923812e-07 2.2608274e-06 0.0020672763 1.915916e-06 0.00085250963 6.8575315e-07 1.0587871e-06 3.3442573e-06 4.4094804e-06 0.0026710595 0.010272579 2.1982232e-05 3.0539542e-07 1.1029458e-05 5.369749e-06 4.4178967e-05 0.0031752817 8.3849176e-07 4.2114735e-08 1.0581012e-05 3.7481097e-06 2.3192117e-06
0.5317659 0.0011310278 0.091713466 0.0010182892 0.45638964 0.07273441 0.40218928 0.7552094 6.41746e-05 0.08894605 0.0012686696 0.06721087 1.8553055e-06 0.6665961 1.0482578e-17 0.9927222 0.0045740344 0.022835743 0.04994791 0.5652263 1.010384e-05 0.00019918007 0.010813718 0.02039552 0.013352966 0.01972586 0.013024224 0.13286798 0.01115599 1.7677563e-05 0.4765521 0.0013044236 0.7367932 0.4409236 0.00019446514 4.3700132e-07 0.00020070205 0.47975177 0.21093963 9.1198837e-07 0.00010878316 0.0023292296 2.016475e-06 0.2059183 0.50093156 8.228046e-06 7.891018e-06 1.3003818e-06 6.3917305e-06 8.446976e-05 0.46106365 1.3207975e-05 1.3657041e-06 2.6909856e-05 1.406036e-06 6.420702e-06 2.2686361e-05 0.00015696061 0.21770585 9.966428e-07 4.6179743e-05 0.0027049624 4.8139853e-08 1.026004e-06 0.0002162638 0.08101068 0.0029080596 4.237936e-06 0.00043673618 5.620138e-08 1.521579e-07 2.9145676e-05 1.2173462e-06 1.0579826e-06 7.13267e-07 0.0010762655 2.3129157e-07 3.146969e-07 3.741731e-06 5.762564e-08 2.4491527e-08 0.00022330545 2.4138708e-07 4.1557825e-05 1.4267707e-07 1.7959309e-06 8.2688126e-07 2.8150114e-06 0.00040935178 0.0025186539 6.6361763e-06 4.3035406e-08 5.082987e-06 8.879063e-07 0.00015607841 0.00042037212 1.761931e-07 1.5536527e-08 1.6346561e-05 1.6916906e-07 1.4684046e-07
0.17151111 0.0041079875 0.15677874 0.0020897794 0.48458338 0.09136403 0.47305912 0.83723634 0.00020834632 0.103190176 0.0018046674 0.18033868 1.5043261e-06 0.7473416 0.9927222 3.5990574e-19 0.008317512 0.076614454 0.07586088 0.58892643 1.0287922e-05 0.00052743003 0.010952634 0.03898383 0.03678346 0.017434314 0.01301773 0.21278913 0.025171874 3.600147e-05 0.5191566 0.0028647021 0.6664705 0.33260155 0.00028427315 7.7728475e-07 0.00029777765 0.34750912 0.15464202 8.7951406e-07 9.009431e-05 0.00729723 1.4000148e-06 0.095185 0.11532643 0.00015649888 2.2072141e-05 8.446665e-06 1.1963323e-05 9.6242904e-05 0.0496075 6.357629e-05 8.797296e-07 7.312096e-05 3.151716e-06 1.7165623e-05 4.185929e-05 0.00015438309 0.024506083 1.168591e-06 5.27825e-05 0.0029209026 2.2345571e-07 3.5536548e-06 0.000101355974 0.0067696422 0.002677032 2.1636467e-06 0.0008239931 2.3177311e-07 4.1862043e-07 2.759402e-05 1.3723403e-06 5.9002633e-07 2.040589e-06 0.0001461342 1.1317426e-07 1.3612005e-07 2.129761e-06 9.083592e-09 5.037119e-08 0.00029831656 4.0755204e-08 0.00014330335 2.3363373e-07 6.115454e-07 5.5561003e-07 2.805255e-07 0.00047331888 0.0015718634 1.1552602e-05 3.405121e-08 8.184837e-06 4.781725e-07 0.0010792081 0.00021795042 4.9642097e-07 6.977249e-09 1.6254191e-05 3.5499534e-09 6.1436293e-07
0.50422156 0.21527313 0.6073947 0.8123662 0.048701186 0.050317682 0.87016064 0.095187105 0.29944715 0.018988881 0.096686885 0.0005723801 0.0067446684 0.0011444114 0.0045740344 0.008317512 1.2393123e-17 3.6661437e-05 7.4760945e-05 1.7682587e-05 0.8504902 0.9524809 0.9555667 6.466547e-05 0.0019225401 0.00013994663 0.060709197 1.2977796e-05 0.0077845245 0.0010992805 6.5371285e-05 1.2680539e-05 0.59626025 0.00023730512 0.6834518 0.0035811989 3.6243591e-06 0.012476638 0.00011005571 0.00013011548 9.781007e-07 4.8538022e-06 0.31879863 0.00013054715 0.13868149 3.888531e-07 9.2064926e-07 2.0085399e-07 5.626716e-07 1.9131153e-06 0.009393225 9.4187084e-07 0.0022683055 4.7408187e-07 1.5821254e-07 8.8186073e-07 0.0007088275 6.1468263e-06 0.27166933 2.1162356e-07 9.770081e-07 5.14965e-05 5.0965053e-08 4.4156386e-05 0.0020315778 0.03438992 0.004177668 0.024520107 4.717578e-05 9.869446e-08 1.11970145e-07 3.745455e-06 4.782555e-07 2.437894e-07 1.192646e-07 0.06103125 3.0127464e-07 1.1193963e-05 1.8727534e-06 1.00932604e-08 2.5815385e-07 0.00010269107 1.8605334e-07 4.7769718e-05 1.6396156e-06 3.976767e-06 1.4980563e-05 3.2360497e-06 0.000877821 0.0036705902 1.0910758e-05 6.0324155e-08 7.341778e-05 6.902069e-05 7.7280565e-05 0.00026243847 4.465806e-05 2.8209422e-08 2.0673097e-05 2.6376441e-05 1.6772291e-06
0.8612434 0.000116601055 0.00017264578 4.249821e-05 0.048591655 0.028756237 0.001245541 0.02997338 4.424824e-05 0.1606237 0.00048447374 0.7560094 1.748372e-06 0.4347011 0.022835743 0.076614454 3.6661437e-05 1.1684173e-17 0.9775689 0.41045746 1.2468424e-06 9.059288e-06 0.00017242317 0.83770704 0.5210251 0.6128228 0.03135499 0.36345878 0.29700723 3.7922482e-06 0.18205792 0.6043889 0.005152482 0.015742466 5.2057203e-06 3.35529e-07 0.27303645 0.0061367843 0.283633 2.2030943e-07 0.24758036 0.3445836 2.5656648e-06 0.017623236 0.0032730156 0.1844179 0.043554064 0.02734428 0.021483747 0.113696925 0.0052184532 0.087370284 2.2971444e-06 0.018890737 0.0035268497 0.0037405381 6.532834e-05 0.0106733665 0.0012196802 0.0007314841 0.0050502396 0.01853268 0.00074396335 1.5023418e-06 0.00071843737 0.000358222 0.032729715 8.580993e-07 0.001977149 5.487941e-05 0.00013715136 0.0009039064 0.00016731842 4.9158127e-05 0.00042586576 1.1395448e-05 1.8696777e-05 2.1755802e-07 0.0001842819 1.7844238e-06 1.7730806e-06 0.025344614 2.8971656e-06 0.0066683036 1.5837618e-07 6.540833e-07 4.137737e-07 3.6507483e-06 0.011823694 0.023349693 6.6464854e-05 7.9370565e-08 2.2447573e-06 1.4370831e-06 0.00056971645 0.018959021 8.096736e-06 1.8872777e-08 1.0039142e-05 7.004375e-08 1.3855984e-07
0.88376594 0.00014498192 0.00029020137 4.0466002e-05 0.06179925 0.02261211 0.0010838216 0.03338659 2.2838209e-05 0.08865074 0.00071179797 0.6565044 3.2152209e-06 0.4965264 0.04994791 0.07586088 7.4760945e-05 0.9775689 7.6073665e-16 0.67022854 2.6577193e-06 2.281111e-05 0.00038109886 0.8395787 0.19410571 0.6417254 0.028646428 0.48791644 0.1283374 7.557338e-06 0.29963207 0.46569976 0.015098713 0.05122187 7.528599e-06 5.154873e-07 0.21286263 0.028997576 0.50573087 7.089924e-07 0.15265507 0.502717 2.1115516e-06 0.113892235 0.02575067 0.32029343 0.017160738 0.011415235 0.016272705 0.037447654 0.092343174 0.17050481 1.9581942e-06 0.061262287 0.0077026496 0.001290063 8.1911036e-05 0.01990237 0.0093676215 0.00078737177 0.00732462 0.092771925 0.00024129284 7.778238e-07 0.0011012381 0.0031030963 0.022103852 7.1026875e-07 0.020579325 8.276327e-06 1.0613484e-05 0.0026339404 0.0001356972 3.8698825e-05 0.000507616 3.068926e-05 1.6879472e-05 4.5452992e-07 0.0005851133 1.0296893e-05 8.944727e-07 0.019069735 2.5390966e-06 0.0023624848 1.06770756e-07 4.043074e-07 4.082447e-07 1.2939251e-05 0.006588673 0.027855655 0.00021663288 1.0076358e-07 1.1750257e-06 5.3512707e-07 0.00014613588 0.016796086 1.2437605e-06 2.3584919e-08 8.0450045e-06 6.1241553e-07 1.6594136e-07
0.7398752 0.00018007758 0.0011077058 3.2044933e-05 0.18320382 0.01928044 0.007278517 0.2817114 2.6473643e-05 0.035553675 0.00072154135 0.3421532 9.856848e-07 0.95511496 0.5652263 0.58892643 1.7682587e-05 0.41045746 0.67022854 8.0904914e-17 6.099279e-07 1.2677456e-05 0.00038625268 0.54678476 0.049560085 0.22434135 0.004312134 0.94996494 0.015563758 5.239375e-06 0.8628884 0.072199345 0.17977728 0.35406104 1.1998951e-05 4.3249085e-07 0.03193873 0.17987502 0.716601 2.704807e-07 0.0043740016 0.5604863 6.424416e-07 0.17820829 0.04025787 0.18455543 0.0012417104 0.001481727 0.0014280205 0.01588649 0.09561551 0.03325641 7.210976e-07 0.0073088924 0.001199127 0.00066961197 6.155156e-06 0.0040507745 0.01301081 0.00017711286 0.0011364297 0.02758786 1.5673286e-05 8.585119e-07 9.3375005e-05 0.0033798425 0.0025662244 3.2348976e-07 0.0052646487 2.446045e-05 4.9544484e-05 0.00091167545 4.2897955e-05 4.619908e-05 5.5710847e-05 7.5730335e-05 2.8489326e-06 3.9116995e-07 7.486018e-05 7.5709636e-08 2.5173917e-06 0.0020893193 3.0901138e-06 0.00080014067 3.5246952e-08 1.322774e-07 1.180991e-06 2.9829207e-06 0.0009777698 0.00381129 4.171893e-05 1.2323366e-07 4.500414e-06 8.499917e-06 5.896799e-05 0.0011544838 8.170175e-08 4.3444306e-08 1.880666e-06 6.1070375e-07 3.4349011e-07
0.25364342 0.2280113 0.23483099 0.93168795 0.00019710152 0.0013228367 0.039236046 7.123609e-05 0.5871964 0.00028812757 0.19252318 1.2547025e-05 0.12953728 9.914162e-06 1.010384e-05 1.0287922e-05 0.8504902 1.2468424e-06 2.6577193e-06 6.099279e-07 5.5295624e-17 0.71578604 0.25982204 2.023003e-06 0.0001018856 8.764391e-06 0.0064663747 1.6740457e-06 0.0008723098 0.28162476 4.4852545e-06 2.0412372e-06 0.004638754 5.046294e-06 0.8975977 0.66394484 8.9643765e-07 8.0601836e-05 2.2487727e-06 0.039482232 3.6034342e-07 2.0655419e-07 0.961323 1.1471939e-05 0.00026873662 3.838002e-07 1.8439589e-07 1.6429347e-07 6.0952203e-07 1.3473117e-07 2.8256129e-05 5.0038557e-07 0.50714785 2.2243111e-07 4.0700698e-07 2.7193818e-07 0.011956094 2.1705496e-06 0.0039911894 4.158748e-07 1.9422864e-06 1.7280476e-06 4.121753e-08 0.00063140097 0.0040298537 0.00045657216 0.00072567665 0.10913414 2.0437375e-05 3.0163e-07 3.6354456e-07 7.371241e-06 2.0841438e-07 9.648877e-08 2.0974173e-07 0.01539548 4.418933e-07 0.0003079203 1.3059458e-06 2.8360085e-09 5.624951e-07 2.3482993e-05 9.589616e-08 8.177608e-07 4.4260738e-05 0.00016152336 0.00017426092 5.77453e-06 0.00014998109 0.00049147627 4.347058e-06 7.35497e-08 0.0013913286 0.0010408245 7.1425643e-06 6.151799e-06 0.00050326326 3.3282532e-08 2.8355075e-06 0.000114719456 5.902898e-05
0.051999975 0.029804226 0.113426976 0.27008078 0.0053312555 0.0051455363 0.23399538 0.0049904454 0.06331388 0.0021238136 0.028784668 0.00014892696 0.0020694756 0.0003583168 0.00019918007 0.00052743003 0.9524809 9.059288e-06 2.281111e-05 1.2677456e-05 0.71578604 7.5158954e-17 0.9678691 2.7610131e-05 0.00036317448 6.0630675e-05 0.004404973 8.668084e-06 0.0009099833 0.001217301 1.96374e-05 6.887849e-06 0.10181498 3.9840383e-05 0.95502263 0.002026701 2.4321987e-06 0.0011004233 3.2143733e-05 0.00013094653 3.2497687e-06 1.1737691e-06 0.2264246 2.6094542e-05 0.021245718 4.7570776e-07 3.2658392e-07 5.6960505e-07 4.1641252e-07 1.3923745e-06 0.0011749193 1.0629473e-06 0.0021065224 9.127358e-07 1.3489972e-07 3.883565e-07 0.00027298683 5.0701096e-06 0.1193128 2.6792497e-07 3.1195461e-06 5.698469e-05 7.890852e-08 0.00016417782 0.00070439745 0.01484149 0.00074506126 0.018612076 8.016228e-05 4.295192e-08 6.55191e-08 6.735778e-06 6.1912447e-06 8.232181e-08 2.9905357e-07 0.036529586 9.907247e-07 1.1146951e-05 3.496309e-06 6.172797e-08 3.228502e-07 4.6761677e-05 1.3738051e-07 1.1015042e-06 9.315394e-06 5.2568244e-05 3.0641535e-05 3.9746055e-06 0.00012254545 0.00042518158 9.076809e-06 1.4371426e-07 2.426829e-05 8.663385e-05 2.9103043e-05 1.6366435e-05 3.0137066e-05 4.525807e-08 3.684784e-05 3.838577e-05 1.2182248e-05
0.51145905 0.024746107 0.16520353 0.11284575 0.12624715 0.05518782 0.7078621 0.048911717 0.031320248 0.029399347 0.046445966 0.0019238745 0.00068605546 0.005036606 0.010813718 0.010952634 0.9555667 0.00017242317 0.00038109886 0.00038625268 0.25982204 0.9678691 2.6971472e-16 0.00053406897 0.0017002227 0.0020650164 0.016225249 7.0038775e-05 0.004142592 0.00019096138 0.000159864 7.9217185e-05 0.7526495 0.00063780916 0.8634578 5.3114098e-05 1.6396087e-05 0.06499313 0.00031439084 1.4898072e-05 3.6303838e-05 7.924471e-06 0.061601233 0.00084491225 0.49655685 1.4016606e-06 5.0569456e-06 2.9149817e-07 4.7928906e-06 5.760141e-06 0.17320402 1.2958842e-06 0.00023016596 1.2633265e-06 4.746831e-07 1.1820243e-06 0.00013682137 1.1404656e-05 0.60485554 2.0855543e-06 3.6111244e-06 0.00022833451 5.0254883e-08 2.5845118e-05 0.0012634145 0.33867207 0.0033171917 0.012627587 0.0006257165 5.8538166e-07 1.0702914e-06 2.5808088e-06 2.4457825e-06 1.0540047e-06 8.0024705e-07 0.24042414 1.1109155e-06 2.3976306e-06 8.1194884e-07 2.4935704e-07 6.0773255e-07 0.00033567735 1.7340872e-05 5.895823e-06 1.7792088e-06 9.145189e-06 1.2145347e-05 2.054839e-06 0.0003763747 0.006365088 1.45819795e-05 8.912629e-08 9.190698e-06 3.185904e-06 0.00032267216 7.606596e-05 3.4738678e-06 4.752985e-08 0.000403493 3.095493e-05 3.7976768e-06
0.9393168 3.0922587e-05 7.5216994e-05 1.3132929e-05 0.024666108 0.01809329 0.00072935 0.008319564 2.8558668e-06 0.03353953 0.00055784185 0.2632624 1.1394574e-06 0.22112262 0.02039552 0.03898383 6.466547e-05 0.83770704 0.8395787 0.54678476 2.023003e-06 2.7610131e-05 0.00053406897 3.0051547e-14 0.07572671 0.88584125 0.019365786 0.52180415 0.038156446 1.7766487e-06 0.3051439 0.84115404 0.006731611 0.08746532 1.21219955e-05 1.0431597e-06 0.6015393 0.030561315 0.7091714 3.1692474e-07 0.43629473 0.66424614 3.2127568e-06 0.16350003 0.020757584 0.7568567 0.12899409 0.11299797 0.09190272 0.20878987 0.13969938 0.7230458 3.1916243e-06 0.41466805 0.030643107 0.0055209366 5.125385e-06 0.19480912 0.010557794 0.0036740731 0.1175759 0.3376431 0.004335816 5.415455e-07 0.0007508007 0.004022466 0.02842206 4.535505e-07 0.10127173 9.8181474e-05 0.00013089171 0.02200501 0.000708956 0.00017443184 0.0010588765 0.00023744753 0.00038528748 9.5104133e-07 0.007720915 8.368613e-05 1.5279875e-05 0.042734355 3.0220817e-05 0.004423131 1.8411984e-07 1.3512054e-07 3.8348003e-07 0.00012801812 0.0060229115 0.031499054 0.009169193 3.1114348e-06 1.2015171e-06 9.43669e-07 0.00038180657 0.021454867 4.6566484e-07 8.118249e-07 1.2919422e-05 4.4358794e-06 1.5880936e-07
0.9662499 0.0237395 0.034100994 0.0010999412 0.28249744 0.20571117 0.006560621 0.074961625 0.0036327462 0.6307642 0.006312528 0.8945277 0.0009137824 0.098580025 0.013352966 0.03678346 0.0019225401 0.5210251 0.19410571 0.049560085 0.0001018856 0.00036317448 0.0017002227 0.07572671 3.9008018e-17 0.7362486 0.27855885 0.019893302 0.96024346 0.0002791539 0.013616486 0.3288974 0.0059523904 0.0017843356 7.936327e-05 7.758244e-05 0.03685021 0.0013109653 0.01359511 0.0005434744 0.48519552 0.009648111 2.8581488e-05 0.0015345099 0.001868733 0.0057090195 0.06886239 0.020222984 0.028998412 0.015069763 0.0005003133 0.0035636532 9.329832e-06 0.0022949066 0.07736317 0.038667828 0.08141364 0.0013726148 0.00056077953 0.029295811 0.0002418612 0.0024393583 0.00088888203 0.0011563939 0.021720791 5.01493e-05 0.7695864 2.1540536e-05 0.0013073246 0.0045109866 0.0064923367 0.00043749943 0.00033044734 0.0019002208 0.0017302622 0.0005512939 0.00012121632 0.00050225406 0.00023355054 2.1304653e-05 1.0125747e-05 0.20555988 1.42495555e-05 0.2687724 2.5348683e-05 0.00014071897 0.0002936238 3.8111225e-06 0.50703585 0.47575566 0.00016485009 2.8782065e-07 0.0006027813 2.2255238e-06 0.00020299565 0.32405528 0.0006338538 1.6131406e-07 1.1076597e-05 1.6121643e-05 5.443541e-05
0.9911591 2.6749198e-05 9.108915e-05 1.7360066e-05 0.020666989 0.017362783 0.0017451006 0.0054472955 4.8628644e-06 0.048372865 0.0005668884 0.33375198 4.3553123e-06 0.12562746 0.01972586 0.017434314 0.00013994663 0.6128228 0.6417254 0.22434135 8.764391e-06 6.0630675e-05 0.0020650164 0.88584125 0.7362486 2.0161314e-13 0.060256507 0.18297665 0.48379755 4.2235924e-06 0.116987824 0.8505574 0.0018168027 0.028091265 5.302973e-05 1.3150292e-06 0.72414637 0.011511344 0.42454717 5.0725275e-06 0.82447577 0.30979556 1.4342551e-05 0.0650009 0.0068091555 0.45317382 0.33092222 0.15429471 0.1882024 0.121091925 0.048998795 0.43623662 4.9217256e-06 0.17430577 0.08635002 0.022945428 0.00017887773 0.051549844 0.0027776633 0.012886994 0.038853653 0.13469625 0.01856601 1.9370532e-06 0.0021447344 0.000760857 0.23479642 1.7657268e-06 0.040580783 0.00013818659 0.00021539746 0.009924417 0.0016354508 9.7598284e-05 0.0030749363 2.0778527e-05 0.00045832217 1.0466255e-06 0.009036966 0.0004771274 6.975195e-05 0.13769105 3.5256187e-05 0.02893868 1.0209456e-07 3.635652e-06 4.7454958e-07 0.00020338125 0.04873492 0.16471156 0.0021663734 7.551617e-06 1.3809061e-05 1.5791746e-06 2.8913942e-06 0.15129623 1.5978421e-05 7.0245305e-06 9.174659e-07 1.5926496e-05 1.2683763e-06
0.997609 0.39591876 0.5097775 0.033996698 0.30255523 0.699367 0.047028817 0.059638374 0.13635993 0.7220844 0.91163456 0.17431667 0.40688685 0.02607917 0.013024224 0.01301773 0.060709197 0.03135499 0.028646428 0.004312134 0.0064663747 0.004404973 0.016225249 0.019365786 0.27855885 0.060256507 8.518351e-16 0.002353043 0.8231653 0.025464123 0.0017452777 0.013577228 0.00473724 0.0007069575 0.003427073 0.004639309 0.004260697 0.0010081843 0.007049684 0.03362409 0.009199143 0.0024038379 0.006348841 0.0006484262 0.004786065 0.0007550097 0.0012665009 0.0003350051 0.0008731759 0.00059580046 0.00064456015 0.000509628 0.0024808724 0.00027589482 0.00030835054 0.00033152054 0.117226705 0.00023477855 0.0012807776 6.918452e-05 5.413204e-05 0.00043799457 1.7607015e-05 0.030140536 0.043283723 0.00024299104 0.7758969 0.0015721654 0.00041903905 8.593151e-06 1.6084341e-05 5.5991277e-05 1.44846e-05 2.4374838e-06 1.1958385e-05 0.004154812 6.184222e-06 0.0027850666 9.994154e-05 1.4339425e-06 8.354434e-07 0.010125734 1.4418322e-05 0.004746408 0.0039441776 0.016885376 0.0036698834 6.335835e-06 0.27847633 0.17548454 0.0005491954 1.4495453e-06 0.008587196 0.00044244662 0.00020158502 0.030393226 0.019682286 9.584277e-08 7.152578e-06 0.00019501301 0.0016789169
0.2744999 6.075744e-05 0.00026637458 1.0444175e-05 0.053591006 0.0052791787 0.0012518323 0.071689144 7.3925016e-06 0.014225727 0.0002609916 0.11647837 3.369482e-07 0.5367837 0.13286798 0.21278913 1.2977796e-05 0.36345878 0.48791644 0.94996494 1.6740457e-06 8.668084e-06 7.0038775e-05 0.52180415 0.019893302 0.18297665 0.002353043 2.8295298e-17 0.008284809 3.6959248e-06 0.95796794 0.1226598 0.035533436 0.23845904 5.7961356e-06 1.5318466e-07 0.067024566 0.025548456 0.72188395 1.1390754e-07 0.018847136 0.89011925 5.715989e-07 0.11351637 0.0029081209 0.34445724 0.004221986 0.005745771 0.001812777 0.053196553 0.011530545 0.039777584 3.4723817e-07 0.012473117 0.00249146 0.0010692765 1.0342485e-06 0.0086865015 0.0010710615 0.00038322984 0.0011328895 0.030109245 6.4349566e-05 1.172772e-06 2.8172957e-05 0.00039894183 0.001455713 1.3154269e-06 0.0049204426 7.864989e-05 7.960539e-05 0.0010097662 2.8917928e-05 5.6450655e-05 0.00013355674 1.0128586e-05 8.942284e-06 2.152928e-07 0.00020587268 5.03546e-07 2.0487535e-06 0.0025997038 2.4227546e-07 0.00052431563 6.2829336e-08 3.0411616e-08 6.32884e-07 1.5889025e-05 0.00042821132 0.0021481905 5.4344942e-05 8.977581e-08 4.5286762e-07 3.1093018e-06 0.00014896957 0.00050467945 3.1699955e-08 4.9669968e-08 3.5580154e-06 7.608022e-08 1.3502805e-07
0.9938704 0.21495686 0.18848494 0.010222865 0.40420794 0.45916128 0.011843841 0.09945323 0.061153628 0.6271379 0.26297957 0.39394444 0.12667891 0.043843184 0.01115599 0.025171874 0.0077845245 0.29700723 0.1283374 0.015563758 0.0008723098 0.0009099833 0.004142592 0.038156446 0.96024346 0.48379755 0.8231653 0.008284809 8.407872e-17 0.0070801177 0.005629448 0.21604517 0.0051273825 0.0007444899 0.00096211745 0.0010533385 0.026409427 0.0012046311 0.007352938 0.0070990324 0.25791234 0.018978357 0.0004200876 0.0012347678 0.0017505487 0.003741116 0.036826108 0.007480627 0.02014648 0.017584605 0.0005290786 0.0020600809 0.00047481694 0.0017453061 0.024674468 0.012031874 0.12593174 0.00073832186 0.0007019046 0.005430208 0.00026962764 0.00280397 0.00023336732 0.004620521 0.026223697 0.00024047549 0.7573585 0.00028670224 0.004303365 0.0006770711 0.0014609771 0.00016268437 0.00021984217 0.00013492013 0.00021133567 0.00327258 0.00010094629 0.001481198 0.00032687295 1.1394958e-05 1.3268354e-06 0.06952165 7.860156e-06 0.078885585 0.0009790729 0.003004207 0.0020346022 0.00011158581 0.44665232 0.31495383 0.00088661845 3.3905683e-06 0.0056451685 3.725813e-05 0.00045452695 0.11697845 0.0135558285 3.6894676e-07 2.2882768e-05 0.00035760007 0.00021881431
0.62730205 0.019118082 0.00410979 0.15852354 6.398913e-05 0.0006788957 0.00029477893 8.129849e-05 0.23821 0.0002738319 0.052901417 4.6062174e-05 0.41038346 4.5204346e-05 1.7677563e-05 3.600147e-05 0.0010992805 3.7922482e-06 7.557338e-06 5.239375e-06 0.28162476 0.001217301 0.00019096138 1.7766487e-06 0.0002791539 4.2235924e-06 0.025464123 3.6959248e-06 0.0070801177 1.1658305e-17 1.7451863e-05 4.246634e-06 9.600456e-05 9.370378e-06 0.004363509 0.92732227 9.676307e-07 7.02436e-05 1.0563725e-06 0.9934884 9.207362e-07 6.6551166e-07 0.15169814 7.647427e-06 0.00010667759 7.682579e-08 5.625546e-07 5.272685e-07 2.3460116e-07 1.4245281e-06 4.1857376e-05 2.7409874e-07 0.61555535 2.1699626e-07 1.474104e-07 7.4503146e-07 0.17287043 1.9827417e-06 0.00034520205 3.0145372e-07 4.4884487e-07 1.6404259e-06 3.1725662e-08 0.13557102 0.13817471 0.00019017153 0.010719291 0.081234105 6.572509e-05 1.458058e-08 4.0765624e-08 1.1641339e-06 6.003688e-07 2.8568513e-07 3.8459456e-07 0.0016652811 5.1192956e-07 0.054386143 1.649619e-06 1.125998e-07 1.4087834e-06 3.3706492e-05 2.3574644e-06 2.3895125e-05 0.0031125997 0.023340037 0.009366568 2.6259643e-06 0.0026866153 0.0044952533 2.8303566e-07 1.5688866e-07 0.0074842093 0.081831425 4.5832908e-07 0.00030865357 0.021232568 2.1381823e-08 3.5230053e-06 0.00022247325 0.0029127158
0.22070892 0.00018610277 0.0010508057 4.953163e-05 0.111971565 0.0108308755 0.0076480587 0.12617294 2.1199889e-05 0.021309448 0.00045043317 0.105847344 1.217763e-06 0.4606986 0.4765521 0.5191566 6.5371285e-05 0.18205792 0.29963207 0.8628884 4.4852545e-06 1.96374e-05 0.000159864 0.3051439 0.013616486 0.116987824 0.0017452777 0.95796794 0.005629448 1.7451863e-05 1.4488926e-16 0.038120084 0.18278904 0.78561354 1.6227104e-05 1.8843903e-07 0.012715434 0.25629056 0.9314408 3.0823804e-07 0.003517493 0.6929495 1.8401619e-06 0.56046927 0.030425293 0.05779539 0.00047125196 0.00042518583 0.00025015106 0.0047369436 0.06810092 0.009525401 9.65215e-07 0.007065973 8.7148364e-05 6.822705e-05 1.0601759e-05 0.0026198686 0.0056715882 1.8924027e-05 0.00046371872 0.034808323 7.577306e-06 3.4126763e-06 9.3316085e-05 0.0022192656 0.00108869 6.0258726e-06 0.0057856375 1.8658518e-05 1.338147e-05 0.00063321786 4.4157816e-05 2.216597e-05 5.2071082e-05 4.8651396e-05 5.503845e-06 3.3780375e-07 8.835764e-05 7.185624e-07 5.714174e-07 0.0011967839 6.774537e-07 6.63556e-05 6.4370994e-07 5.99311e-07 1.8487176e-06 5.4614825e-06 0.00034181017 0.001689247 3.9322378e-05 9.51263e-08 2.8737425e-06 1.942003e-06 0.0011398064 0.00030388078 2.77091e-07 8.155275e-08 9.109848e-06 1.4363931e-07 4.8639987e-07
