2.6255885e-23 0.42000306 0.28325975 0.63826674 0.19927779 0.97934294 0.37146905 0.87111217 0.8794427 0.72193736 0.87798226 0.9458781 0.9397072 0.6342243 0.95690256 0.9422025 0.36821738 0.9387419 0.048200816 0.9416431 0.36657715 0.57755035 0.07037299 0.17995009 0.01580974 0.15541552 0.988685 0.9526941 0.7423896 0.5512975 0.05112365 0.7411336 0.16476041 0.8112457 0.14978923 0.6201545 0.009391219 0.9869584 0.9750742 0.47683027 0.95448023 0.989613 0.94105315 0.8093495 0.32828128 0.33503422 0.023533724 0.014008217 0.119386196 0.04774069 0.8678957 0.013776848 0.017022502 0.0020122682 0.42592603 0.036010064 0.07792387 0.0038794645 0.00024659198 0.9259103 0.0015671238 8.908754e-06 0.0027642578 0.40201572 6.280085e-07 0.68007296 0.95905614 0.00015951679 0.15662922 0.0009324242 0.05957416 0.8314143 0.17887421 4.1516824e-07 0.0002057349 0.02566388 0.94094145 1.0311723e-05 0.98503864 0.9995143 0.9699682 0.97859544 1.5259822e-05 0.012894627 0.87700254 1.4885437e-08 0.9523468 0.49960542 0.06549107 0.99932563 0.98735625 0.9909051 0.99697596 0.0033120404 0.9633576 0.99839836 0.99725413 4.3257188e-08 4.8462185e-05 0.99991864 0.6353664
0.42000306 9.111553e-19 0.9650939 0.93522567 0.9068259 0.8834754 0.6711163 0.426588 0.488502 0.11127112 0.53901756 0.5639699 0.26127675 0.032704104 0.4179735 0.14820255 0.058486212 0.3620585 0.032856137 0.14205602 0.027865209 0.008849599 0.07010554 0.0062985504 0.01300733 0.004176776 0.13388902 0.022290109 0.0036532702 0.002266314 0.008145521 0.0024206797 0.2644796 0.00069351547 0.0026680604 0.00041339826 0.017231248 0.0031120316 6.639725e-05 0.00040214666 0.0007973412 0.004271022 0.00026744316 0.00010344191 0.00013788842 0.0001679374 0.030328853 0.0056112814 0.00010230222 0.01275749 1.14039285e-05 0.032244466 0.0008952348 0.08671793 1.3732236e-05 3.6964498e-06 1.9509773e-07 8.934868e-06 6.454071e-05 0.013457593 0.06511131 0.0016166215 0.008111015 1.3507287e-05 0.0001961753 1.2282063e-06 0.002393093 0.00027313887 5.773806e-07 8.742186e-06 3.2487804e-08 0.00055930385 3.5188797e-05 0.00017556085 1.6600222e-06 1.1368957e-06 0.001063603 1.1223969e-05 0.0006029572 5.673114e-05 0.000312963 0.0030179026 4.0921566e-07 5.260207e-06 1.2957056e-05 2.405795e-05 0.0001373726 1.5130993e-07 2.9016826e-07 0.002227638 0.0011777171 0.002502354 0.00014014551 3.7760566e-07 9.3912846e-08 0.0004376651 4.4371186e-06 1.6287577e-06 6.228189e-07 0.0007161728 7.185442e-08
0.28325975 0.9650939 6.6243595e-17 0.7225417 0.96230406 0.67246914 0.91104585 0.11888946 0.21285713 0.15576917 0.30632594 0.4065444 0.2218508 0.074333474 0.23389198 0.14287315 0.09024314 0.09927204 0.051385056 0.065517135 0.09151246 0.005227088 0.16314214 0.019630937 0.017648961 0.0017156017 0.11011302 0.015535566 0.0018862109 0.001404302 0.014630052 0.00084313826 0.5553471 0.0004222374 0.0048664673 0.00036658306 0.04361691 0.0048185196 0.00017532258 0.0011982359 0.00030215443 0.0017361351 0.00024253427 8.5298365e-05 0.00013149301 0.00051283825 0.150073 0.025851272 0.00032414676 0.0465252 2.8931941e-05 0.25519925 0.005034431 0.2043289 6.932655e-06 5.8071514e-06 2.1567195e-07 1.4009638e-05 0.00035193664 0.007324907 0.20095477 0.0057800813 0.023272535 4.3805154e-05 0.0010285337 1.2879166e-06 0.0018172438 0.0018821338 7.5674444e-07 6.880437e-06 2.7783416e-08 0.000119150085 5.2941956e-05 0.0004417568 2.2135075e-06 2.502868e-06 0.0003736324 7.983897e-06 0.00034525472 9.157596e-05 0.00017326168 0.0012633199 7.763328e-07 5.828624e-06 2.5236006e-06 3.211723e-05 7.4882395e-05 9.287841e-08 2.7936721e-08 0.0017647075 0.0006069628 0.0014574958 6.513226e-05 1.5940567e-07 1.05960865e-07 0.00016562098 1.2049825e-06 4.620906e-06 1.3203675e-06 0.0006874019 7.006913e-08
0.63826674 0.93522567 0.7225417 2.4134854e-17 0.48639718 0.56856513 0.19301787 0.88794434 0.84121704 0.95660037 0.042140495 0.09435115 0.012569908 0.4705747 0.4982101 0.005525158 0.0044177286 0.07580186 0.200426 0.008802753 0.0011975013 0.0006605717 0.24752541 0.15746199 0.089385964 0.0007690978 0.5496622 0.084602505 0.020976165 0.00033888457 0.037076067 0.014149261 0.14166413 2.7873291e-05 0.03188844 0.005920629 0.002121527 7.099079e-05 0.0008810597 0.008913582 0.0019457461 0.009806984 6.3453713e-06 0.0012838747 0.0011581184 0.0014742054 0.0101049645 0.00072997075 0.0016170486 0.024246242 8.641503e-05 0.0008472705 2.5393858e-05 0.090664 0.00011916201 4.2477746e-05 1.539299e-05 0.0004154279 1.6726966e-05 0.0051096044 0.026124232 0.0029552272 0.012504721 2.689581e-06 1.6376958e-05 1.19976685e-05 0.0011295582 0.0026098276 3.307117e-05 1.847771e-06 2.4866779e-06 0.0022923476 7.3803285e-06 0.0001292314 1.0203102e-05 8.745366e-07 0.00019264329 1.3063444e-06 0.0023602801 0.0006767135 5.7760422e-05 0.0032599599 5.088808e-06 2.9933579e-05 1.5202352e-06 7.9533595e-05 5.1614254e-05 6.399275e-06 1.1303203e-08 0.0011435435 0.0026680895 0.0012812688 1.7926839e-05 1.3492557e-07 1.677034e-06 0.00024751533 4.020849e-05 1.2598265e-06 6.749436e-06 0.0013516772 2.8526833e-07
0.19927779 0.9068259 0.96230406 0.48639718 1.6316083e-16 0.61348504 0.9705421 0.048388645 0.10477691 0.10392704 0.26347357 0.35792723 0.20328116 0.036469802 0.1553316 0.13230121 0.07241621 0.05447495 0.048447326 0.042108547 0.09540908 0.0023344187 0.09836612 0.0073072338 0.0070400964 0.0007529888 0.08888214 0.009233616 0.0004664276 0.0015246221 0.008867522 0.00018174699 0.472148 0.00030922366 0.0011831269 6.345048e-05 0.053009845 0.005636177 8.8433415e-05 0.00045494025 0.00011932099 0.0005719007 0.00011493332 2.1836682e-05 3.1927062e-05 0.00022452135 0.08687545 0.031983074 2.0809603e-05 0.01346263 1.1403481e-05 0.22823358 0.0031251486 0.13429263 5.554222e-06 7.223269e-07 1.06581325e-07 2.6087039e-06 0.0002115934 0.003970361 0.14469503 0.002290845 0.007216068 1.8676783e-05 0.0011795223 9.2158837e-07 0.000764087 0.00065552705 3.9963672e-07 4.1596422e-06 2.3231452e-08 2.042469e-05 2.0578973e-05 0.00034263753 4.5524226e-07 1.2379147e-06 0.00010293756 1.4542338e-06 0.00021618525 5.7844984e-05 6.20095e-05 0.0008599296 1.4817488e-07 2.547904e-06 1.1662063e-06 6.74434e-06 4.6230332e-05 8.6554365e-08 1.3113647e-08 0.002511531 0.0006162122 0.0014380991 3.616427e-05 4.9117897e-08 1.12954936e-07 0.00011190435 2.5622464e-06 8.206014e-07 3.1638422e-07 0.0010488624 1.0880126e-07
0.97934294 0.8834754 0.67246914 0.56856513 0.61348504 1.2537501e-15 0.7553798 0.18813635 0.3041501 0.4231433 0.7199481 0.76174045 0.5161327 0.22488159 0.78985316 0.43392184 0.27288303 0.69300324 0.08658983 0.5320027 0.2684972 0.02230716 0.2158746 0.1687003 0.037706435 0.0041735624 0.1580704 0.026202336 0.0008280552 0.0051399036 0.0703262 0.0008229384 0.7217143 0.0020667461 0.021938816 0.0007298712 0.07199715 0.01829373 5.1150404e-05 0.0034473995 0.00088442577 0.016387833 0.00041773252 2.6945037e-05 0.00020382337 0.00167978 0.19332173 0.13083504 0.0010432235 0.02744479 1.5473757e-06 0.2801822 0.003213209 0.24226288 2.1247919e-05 2.0810297e-05 4.475832e-06 6.1373285e-05 0.00025428817 0.028151585 0.2693738 0.003917881 0.0152717475 2.6638994e-05 0.00069435727 2.6680984e-06 0.003074589 0.00036838776 1.1353176e-05 2.1468819e-05 1.4076244e-06 0.0014297116 4.991983e-05 0.00033772504 2.067784e-06 5.2166442e-06 0.0017649088 6.225781e-06 0.002899897 0.00026845967 0.00023618685 0.010102248 1.4988844e-06 2.5389074e-06 2.35795e-06 2.5677004e-05 0.0002843759 1.8203648e-06 4.780506e-08 0.015557822 0.0023477734 0.0069053182 0.00024245078 1.890275e-06 3.7598993e-06 0.0017311221 1.759958e-05 2.1347169e-06 4.0524023e-06 0.0035010376 3.5335167e-06
0.37146905 0.6711163 0.91104585 0.19301787 0.9705421 0.7553798 2.4302932e-15 0.047314085 0.13268171 0.06223494 0.4941002 0.59207803 0.5477762 0.042572297 0.16484612 0.43137562 0.57876927 0.04953062 0.062367417 0.07246451 0.7654744 0.017753726 0.115432754 0.0047715288 0.0065584285 0.0029561576 0.096320346 0.005395117 0.00072804076 0.020257542 0.0067124334 0.00021748575 0.6290109 0.0012931502 0.0013806238 1.4685322e-05 0.6042788 0.013557678 0.00022813884 0.00022180784 5.3393684e-05 0.0003986049 0.0004115098 1.1266372e-05 8.934186e-06 0.00012009443 0.342666 0.48136124 1.0035476e-05 0.0071395654 5.71736e-06 0.6311064 0.010031214 0.36377785 8.867669e-06 6.7081544e-08 5.480699e-08 6.552089e-07 0.003187986 0.0047702347 0.3751293 0.00653366 0.0018829668 6.72444e-05 0.0074338284 6.2631767e-07 0.0024030732 0.0003166147 7.98365e-07 4.945361e-05 1.6433397e-08 2.993652e-05 7.090878e-05 0.00085171685 1.09548395e-07 5.43259e-06 0.00050333195 8.198164e-06 0.00027150195 7.131419e-05 0.00022037786 0.0016497009 1.3048756e-07 2.3109678e-06 3.9952643e-06 1.4790806e-05 0.00038644776 3.666853e-07 2.2369438e-08 0.005059717 0.0008471101 0.0037869627 0.00015392352 8.202762e-08 5.72871e-07 0.00017585795 1.6362534e-05 4.5328758e-07 2.9676002e-07 0.0012767648 5.5841264e-07
0.87111217 0.426588 0.11888946 0.88794434 0.048388645 0.18813635 0.047314085 2.1056175e-17 0.9856847 0.79780155 0.035082392 0.029937094 0.0063719414 0.43834302 0.6437613 0.0036466185 0.0035846021 0.19578995 0.19118671 0.015513381 0.0011356615 0.00047160557 0.095346496 0.42257997 0.13253132 0.00045412467 0.7854817 0.6829241 0.25177792 0.0001146617 0.09182663 0.17593516 0.10500095 2.1912574e-05 0.23909505 0.04568367 0.0016629655 1.501091e-05 0.02070036 0.24336588 0.059931032 0.12350631 4.7376048e-07 0.02151034 0.010627244 0.09026939 0.0069447123 0.00048929226 0.05972279 0.067355 0.0006558019 0.000112557675 1.705868e-05 0.058835957 0.00059418724 0.00029223735 0.00042222717 0.0008384007 8.673781e-06 0.015374118 0.010829776 0.0013071969 0.019018231 2.775275e-06 6.4634983e-06 7.91853e-05 0.00039421202 0.0015389189 0.000106221465 4.3477344e-06 5.049936e-05 0.021546625 1.2105296e-06 3.922339e-05 9.16848e-06 1.2044413e-06 6.160445e-05 4.1670833e-06 0.026629973 0.00477944 1.5029517e-05 0.01660967 4.3845783e-05 3.3100714e-06 2.4287635e-08 7.274082e-06 2.2310128e-06 0.00022435439 3.8308454e-09 0.009868483 0.010233253 0.0021530865 8.2614e-06 4.6199563e-07 1.6175329e-05 0.00039748749 0.00015126081 3.631899e-06 4.534508e-06 0.007377814 3.6540468e-06
0.8794427 0.488502 0.21285713 0.84121704 0.10477691 0.3041501 0.13268171 0.9856847 1.4765164e-17 0.6797014 0.059099395 0.07028391 0.0091716945 0.46737906 0.80024594 0.005993608 0.0050491006 0.32946113 0.16015878 0.049874306 0.004796659 0.0010762153 0.17366743 0.42534775 0.12882012 0.0010061975 0.7977763 0.5212519 0.09232009 0.00021689625 0.14529036 0.075692266 0.3710658 6.7827415e-05 0.24172118 0.0068647005 0.004374534 6.800644e-05 0.0022029276 0.11323199 0.03283627 0.114020646 1.8222564e-06 0.0030452386 0.002785959 0.02603886 0.018445872 0.001953925 0.023137601 0.14002906 3.2991655e-05 0.0010253498 0.00037899104 0.1650824 9.142997e-05 0.000114719885 3.709451e-05 0.00057674584 4.722665e-05 0.037907533 0.050973203 0.0064358963 0.046119206 7.2706416e-06 1.6436257e-05 5.5603377e-06 0.002607637 0.0038751361 1.7997276e-05 3.6753518e-06 2.5421446e-06 0.019124912 4.1300107e-05 0.00010598812 4.1287367e-06 1.6688509e-06 0.00056870334 7.137008e-06 0.020668013 0.0012882692 0.0002791632 0.02178125 5.21853e-06 1.9885322e-06 6.5238135e-07 4.1278607e-05 1.7166949e-05 1.042894e-06 1.10758144e-07 0.015553371 0.008412921 0.0046421792 0.00010616445 3.9758565e-06 4.4117847e-08 0.00070767786 6.2130225e-06 9.336686e-06 2.7756826e-06 0.007871949 1.9083528e-07
0.72193736 0.11127112 0.15576917 0.95660037 0.10392704 0.4231433 0.06223494 0.79780155 0.6797014 1.0089461e-17 0.03476809 0.070702046 0.018000375 0.97480935 0.28434753 0.0051044296 0.00033863515 0.027475962 0.7840001 0.0037372701 0.00015165385 7.487389e-05 0.58015364 0.6274563 0.30613858 0.00025953216 0.5625579 0.11815069 0.04000209 9.40572e-05 0.11579992 0.017465016 0.10824637 5.4638163e-06 0.08517441 0.0015140086 0.00044011726 4.997527e-05 0.0032738866 0.009330344 0.0015598863 0.0069221254 5.547486e-07 0.00042939154 0.00065676455 0.0013130216 0.0058224103 8.597131e-05 0.0010709665 0.04569057 5.0129267e-05 0.0002619644 1.9870613e-06 0.028301004 0.00010809339 2.103896e-05 4.9380824e-06 0.00011234866 1.8181684e-06 0.004911713 0.010604227 0.0029004388 0.01996016 1.325764e-06 8.977813e-06 3.6775784e-06 0.0009520809 0.0035719657 7.96819e-06 8.922081e-07 1.8974074e-06 0.00303603 1.410262e-06 6.1847975e-05 2.335728e-06 5.001322e-07 0.00017227771 3.9353718e-06 0.0013951653 0.0017782447 2.8657334e-05 0.0039031443 1.3068808e-05 4.179349e-06 1.6992783e-06 7.9428915e-05 0.0002621053 5.345201e-07 7.798118e-08 0.0007362817 0.0014006912 0.0012586149 0.00012811754 2.5429554e-07 5.2170368e-08 0.00046078584 2.6233474e-05 4.0225887e-06 1.1454715e-06 0.0031502096 5.4288037e-08
0.87798226 0.53901756 0.30632594 0.042140495 0.26347357 0.7199481 0.4941002 0.035082392 0.059099395 0.03476809 7.5311383e-16 0.9535296 0.83310974 0.02056154 0.2845467 0.8371337 0.3787779 0.6198905 0.0088491775 0.7910939 0.26693743 0.20653114 0.021491196 0.009420771 0.00424089 0.099767484 0.04046494 0.017310727 0.0006207042 0.050836444 0.0045406516 0.0003434762 0.1663225 0.024485989 0.0020954262 0.00013534489 0.071864784 0.06221041 1.2602044e-05 0.00031379293 0.00057300326 0.007995823 0.004277881 2.6186757e-05 3.4987792e-05 0.00012164862 0.040527035 0.07493992 1.852582e-05 0.0011306532 2.7690808e-06 0.113488816 0.011765575 0.023164025 3.942212e-06 1.618126e-06 3.0883243e-07 1.2317305e-05 0.00046836745 0.10727115 0.036825623 0.00069099356 0.00074373203 0.0001363748 0.00014837916 7.861112e-07 0.011051069 0.00020036222 6.41937e-07 1.69724e-05 6.61294e-08 0.00091983186 0.00030098448 0.00012864423 8.746601e-07 1.0944377e-05 0.0028726084 2.5135594e-05 0.0023553558 2.8245295e-05 0.0006490111 0.015636776 4.0873792e-07 4.946276e-07 6.775394e-06 1.4582924e-05 0.00011427394 7.375508e-08 2.673117e-07 0.021930287 0.0030270154 0.015890913 0.00043658254 2.5631311e-06 4.5342656e-08 0.0017731322 2.0019452e-06 3.138094e-06 5.634825e-07 0.0023812547 6.36215e-08
0.9458781 0.5639699 0.4065444 0.09435115 0.35792723 0.76174045 0.59207803 0.029937094 0.07028391 0.070702046 0.9535296 6.748195e-15 0.8047359 0.041776504 0.3124064 0.758571 0.3931501 0.61323386 0.0126043605 0.76801884 0.35002226 0.13318901 0.04595367 0.01757138 0.007706213 0.041319713 0.047060315 0.011445664 0.00070794317 0.02878883 0.009737047 0.0005200635 0.36371395 0.014863758 0.006031896 0.00034581023 0.08507032 0.06216959 2.0056536e-05 0.0005283364 0.0007184611 0.007524189 0.0027043317 2.8892291e-05 0.00010769395 0.00018386095 0.07635937 0.10227217 9.7790406e-05 0.0034628438 2.0144494e-06 0.18371768 0.012641051 0.053009823 7.5210064e-06 1.02654585e-05 1.6666784e-06 2.6795566e-05 0.00033975716 0.06595613 0.08916834 0.00090659555 0.0023044941 0.00014792182 0.0002018763 2.3180153e-06 0.00744979 0.00025745208 2.5569154e-06 2.143167e-05 2.1753685e-07 0.0007601093 0.0002839082 0.00013349636 1.7105247e-06 2.0957259e-05 0.0017406353 9.06784e-05 0.0015498674 4.1101834e-05 0.0006649541 0.010657911 1.5004977e-06 1.2836016e-06 1.2839708e-05 3.1739026e-05 0.00014388659 2.3384348e-07 9.104112e-07 0.014022845 0.0027913607 0.011927696 0.0004494257 8.539047e-06 1.2859559e-07 0.0013022926 2.621513e-06 1.114407e-05 2.929983e-06 0.0022326307 3.7227437e-07
0.9397072 0.26127675 0.2218508 0.012569908 0.20328116 0.5161327 0.5477762 0.0063719414 0.0091716945 0.018000375 0.83310974 0.8047359 3.007574e-14 0.0050782077 0.050514873 0.9357423 0.7759273 0.20858927 0.0034525886 0.51868814 0.6111876 0.57462496 0.013269645 0.003489707 0.0025943257 0.31249297 0.020750182 0.004377374 0.00015605253 0.15478374 0.002151229 0.00014488779 0.3693664 0.08961454 0.0015344054 0.000152479 0.30589685 0.12760083 7.5671455e-06 0.00028593227 0.00047904436 0.0030936126 0.050077174 6.111783e-06 3.911842e-05 0.0001807643 0.08142452 0.4194253 1.511585e-05 0.0013362521 7.3934984e-07 0.4804268 0.073651 0.05575201 4.0230257e-06 3.682748e-06 5.608405e-07 1.921432e-05 0.0014101996 0.05808673 0.110120706 0.000987142 0.0018562058 0.00038859516 0.00069180096 1.1136713e-06 0.014005418 0.0001769226 9.537362e-07 0.00012651747 6.6667255e-08 0.0002915787 0.0005707524 0.00025943565 1.5490014e-06 2.9491237e-05 0.003905652 7.7796925e-05 0.00086439674 8.095678e-06 0.0007174562 0.007884677 8.350579e-07 1.4503958e-06 2.2151895e-05 5.912495e-06 0.00030202107 1.7829005e-07 1.5359975e-06 0.013167034 0.0014278707 0.011026094 0.00052236463 9.974563e-06 1.3321294e-07 0.00109366 1.5787725e-06 4.2730403e-06 1.9115996e-06 0.0018777887 3.502374e-07
0.6342243 0.032704104 0.074333474 0.4705747 0.036469802 0.22488159 0.042572297 0.43834302 0.46737906 0.97480935 0.02056154 0.041776504 0.0050782077 1.5343321e-18 0.19698803 0.0022322987 4.6695095e-05 0.015550404 0.9518179 0.0023904936 0.00011222347 8.614682e-06 0.8129966 0.841751 0.6314086 8.4242325e-05 0.55162364 0.10968427 0.03942862 0.0001140264 0.5251318 0.014210649 0.6391401 4.195651e-06 0.35597238 0.0012093568 0.0006580617 5.3962984e-05 0.0050671347 0.035825577 0.0011661001 0.004469456 4.864868e-06 0.00039709802 0.0007252293 0.0041917535 0.021834759 0.00024349234 0.009814736 0.5870388 7.552298e-05 0.0010889615 1.2042801e-05 0.37569782 0.00012555782 0.000325826 5.1776874e-06 0.0005550966 2.2791373e-06 0.0018909136 0.096492454 0.022721516 0.2430808 2.475245e-06 3.7581765e-05 5.425109e-06 0.0005945803 0.039447438 6.419869e-06 2.7648505e-06 2.389233e-06 0.001550812 4.3977548e-06 0.000107956366 5.047627e-06 1.1205599e-06 4.2903437e-05 4.9051545e-07 0.0020292182 0.001701462 2.7424332e-05 0.0010248283 0.0015225023 7.877589e-06 1.79572e-06 0.00016804729 0.0003018546 7.155828e-07 1.0305774e-07 0.0007903351 0.00067266537 0.00088135625 3.6856803e-05 2.288194e-07 1.2365479e-07 0.00016264636 4.6913347e-06 1.0223654e-05 5.0548937e-07 0.002058665 5.3213216e-07
0.95690256 0.4179735 0.23389198 0.4982101 0.1553316 0.78985316 0.16484612 0.6437613 0.80024594 0.28434753 0.2845467 0.3124064 0.050514873 0.19698803 1.3402169e-15 0.046006456 0.013841346 0.9688708 0.04111713 0.37950942 0.0130875865 0.0021663846 0.13110907 0.10337595 0.026086103 0.0010348272 0.8092859 0.34668934 0.009309262 0.0005059587 0.028368995 0.009647312 0.291149 0.00017741394 0.032256205 0.0011759159 0.0015618386 0.001315395 0.0003770769 0.0060982476 0.0065654875 0.19678865 3.5261026e-05 0.00051799073 0.00029067497 0.0008518456 0.018942226 0.0010386466 0.00055980944 0.018842885 4.361734e-06 0.0011371295 0.00026473706 0.04045934 1.3763387e-05 2.7039266e-06 1.762973e-05 2.0603306e-05 3.311358e-05 0.07121779 0.024973214 0.0003976748 0.0061858217 1.4819907e-05 2.5427447e-05 1.7861452e-06 0.0014828381 0.0002203564 4.1255917e-06 7.91325e-06 4.702214e-06 0.013366031 5.1705545e-05 5.0620045e-05 5.506856e-07 3.9258766e-06 0.00067266467 8.339202e-06 0.013165954 0.00027963513 0.00020595045 0.03033202 9.824882e-07 4.2641798e-07 8.850894e-07 2.9725203e-05 1.7912209e-05 3.766021e-06 3.0743877e-08 0.029141596 0.016486418 0.008538856 0.00010463461 2.4273463e-06 3.713036e-07 0.0018063169 1.7480612e-05 2.7925853e-06 6.9266675e-06 0.00824065 7.082619e-07
0.9422025 0.14820255 0.14287315 0.005525158 0.13230121 0.43392184 0.43137562 0.0036466185 0.005993608 0.0051044296 0.8371337 0.758571 0.9357423 0.0022322987 0.046006456 4.7118915e-14 0.6225705 0.26141214 0.0017280221 0.7727743 0.43858194 0.7035822 0.0026616028 0.0015974011 0.0010249094 0.7071676 0.008944838 0.0028353722 0.00010340798 0.5798058 0.0009129923 9.559015e-05 0.06747797 0.5176679 0.00037583936 8.5647414e-05 0.19473861 0.43478855 5.8185215e-06 2.5378606e-05 0.00039228456 0.00180189 0.19017899 7.2153066e-06 1.24516755e-05 3.0084373e-05 0.013688003 0.18427396 2.197405e-06 0.00052994286 7.5753223e-07 0.16653341 0.08277175 0.002995384 1.8554649e-06 1.2629168e-06 1.1466788e-07 1.11644085e-05 0.0012846182 0.2295309 0.005811255 0.00051520154 0.00077522936 0.003091109 0.00012545942 4.4467245e-07 0.1281846 4.6415873e-05 1.4407381e-07 0.00026556468 1.6466908e-08 0.00030161894 0.0010797558 7.489489e-05 4.4083552e-07 0.000100717414 0.034072272 0.00012221702 0.0011598028 1.8140358e-06 0.0017559219 0.024690783 4.928858e-07 3.9903958e-07 6.65001e-05 7.0540814e-06 0.0007630301 1.05424235e-07 2.0622118e-05 0.0317484 0.0016444672 0.03500559 0.001122898 4.2116684e-05 1.1141902e-07 0.0025009012 3.8817805e-07 4.5380684e-06 3.1673367e-06 0.0013882226 4.51298e-08
0.36821738 0.058486212 0.09024314 0.0044177286 0.07241621 0.27288303 0.57876927 0.0035846021 0.0050491006 0.00033863515 0.3787779 0.3931501 0.7759273 4.6695095e-05 0.013841346 0.6225705 1.3438708e-17 0.012696082 0.0008451633 0.046796903 0.987573 0.9627255 0.00036208477 1.1321658e-05 0.00019720227 0.43296197 0.0038779476 8.6312735e-05 2.6352101e-05 0.3740031 6.077589e-06 4.362566e-06 0.0013209474 0.04835807 3.6915496e-06 4.6559894e-06 0.5225489 0.070410386 1.3928088e-06 4.4883288e-07 6.083742e-06 1.4160768e-05 0.47441962 2.0187716e-07 3.760403e-07 5.6543604e-07 0.00932106 0.2742215 1.0223851e-08 1.3069899e-06 2.3776144e-07 0.08078817 0.31597105 0.00035382967 6.308222e-06 5.5138006e-08 3.5113068e-09 1.3556092e-07 0.033170313 0.016045894 0.011512458 0.00010624912 2.5890051e-06 0.032606028 0.0004681799 8.3727834e-08 0.03363036 9.441741e-07 1.7495054e-07 0.00044379086 2.6796213e-08 1.2936783e-05 0.00996049 5.1260227e-05 6.581027e-07 0.00018392445 0.011492084 0.0010645736 5.7883834e-05 3.2022615e-06 0.005915832 0.005485166 8.351169e-09 2.9874072e-06 0.0009339576 7.5933326e-07 0.008424711 1.0078703e-07 2.86736e-05 0.0034160616 0.00029096843 0.009704833 0.002534916 1.1082842e-05 2.3391172e-07 0.0007721548 3.2481237e-06 7.689533e-07 1.113322e-06 0.0001885833 3.0597217e-08
0.9387419 0.3620585 0.09927204 0.07580186 0.05447495 0.69300324 0.04953062 0.19578995 0.32946113 0.027475962 0.6198905 0.61323386 0.20858927 0.015550404 0.9688708 0.26141214 0.012696082 1.1543423e-17 0.010815408 0.96042037 0.0043434477 0.016786046 0.0071461424 0.01246361 0.0051137214 0.01457897 0.38832295 0.253097 0.0133963665 0.009676382 0.0022251876 0.016249405 0.015709665 0.014638432 0.0029010323 0.00072285446 0.0020184687 0.012799699 0.00028050345 0.0012192965 0.012692639 0.31777188 0.0010386184 0.00074502826 0.00024972082 0.00024102215 0.0020642797 0.00082104246 0.00014333356 0.00021731903 1.422064e-05 0.00019687871 0.0013902875 0.0030317348 1.6517435e-05 1.7146945e-06 2.8929194e-06 2.229032e-05 0.0001321447 0.5800256 0.000593654 0.00011382377 0.00036949167 8.024205e-05 3.8076753e-06 2.3120986e-06 0.025843058 0.00016041868 3.2200815e-06 1.0236493e-05 7.4101087e-07 0.022492105 0.00038022175 3.0314979e-05 3.0179096e-06 8.032638e-06 0.0074105547 7.0204314e-06 0.025969075 0.00029791144 0.0010189012 0.14913501 5.2162314e-08 3.9745808e-07 2.113535e-05 5.8501028e-06 0.000250374 6.096772e-07 3.5502958e-07 0.09201673 0.02931995 0.041357163 0.00036688944 1.700007e-05 1.6689711e-07 0.004755967 4.0943173e-06 1.2635072e-06 1.4322246e-06 0.016429609 4.4207368e-07
0.048200816 0.032856137 0.051385056 0.200426 0.048447326 0.08658983 0.062367417 0.19118671 0.16015878 0.7840001 0.0088491775 0.0126043605 0.0034525886 0.9518179 0.04111713 0.0017280221 0.0008451633 0.010815408 2.1074647e-18 0.0013393938 0.0005378211 0.0002021572 0.96932614 0.8567816 0.8412783 0.00037606736 0.121130385 0.029300716 0.032089684 0.00024082318 0.5609817 0.008374722 0.31557044 5.432152e-05 0.22317827 0.003294491 0.00095362705 2.2583676e-05 0.0006733466 0.031597074 0.00079189794 0.00093428587 3.4404515e-05 0.0010253992 0.0015009729 0.0060757906 0.011738291 0.00027303677 0.0061101695 0.31725517 0.00032725473 0.00084504206 5.273188e-05 0.123551 0.0002014238 0.000390826 1.8306442e-05 0.0010782714 7.3759948e-06 0.0004944998 0.025401743 0.006963451 0.06059825 1.1116292e-05 2.2180708e-05 2.7545382e-05 0.00025082804 0.009386298 1.8228484e-05 1.18251655e-05 8.4588333e-07 0.00026201786 4.088133e-06 0.00020475523 1.7502565e-05 5.729734e-06 3.9246323e-05 1.39630065e-05 0.00031919958 0.00029456196 0.00011725563 0.00038058672 0.00019072896 3.5219655e-05 4.3324612e-06 0.00025090078 8.881579e-05 1.747292e-06 9.795537e-08 0.00021023228 0.00027720325 0.00022495042 3.0250865e-05 3.743976e-08 7.793281e-07 5.181829e-05 4.03649e-05 8.03821e-06 2.3399264e-06 0.00039461756 3.746135e-07
0.9416431 0.14205602 0.065517135 0.008802753 0.042108547 0.5320027 0.07246451 0.015513381 0.049874306 0.0037372701 0.7910939 0.76801884 0.51868814 0.0023904936 0.37950942 0.7727743 0.046796903 0.96042037 0.0013393938 4.7028427e-17 0.021400295 0.035505142 0.0011131054 0.0005881755 0.0012461856 0.05443568 0.050276756 0.016626826 0.00069181644 0.074734576 0.00022920853 0.0005083899 0.011300269 0.1296441 0.00028190037 4.5465524e-05 0.004682005 0.17528383 5.629327e-06 1.9927991e-05 0.00079999265 0.03336629 0.021719677 1.06627795e-05 1.386972e-05 1.0400977e-05 0.00319764 0.002419956 4.273354e-06 1.8310144e-05 4.934474e-07 0.00059873867 0.0032464967 0.00034261873 2.0812945e-06 4.0675937e-07 1.6518726e-07 9.805856e-06 0.00011126373 0.6706473 9.6939766e-05 3.468153e-05 2.9732233e-05 0.00056088413 4.857766e-06 3.3648584e-07 0.06895059 3.1101485e-05 1.0053384e-06 8.839038e-06 2.7781203e-07 0.0023985205 0.00040972026 9.65627e-06 1.710528e-06 1.515751e-05 0.027091008 1.1495113e-05 0.00455891 1.8679117e-05 0.00085474347 0.10808377 7.6060054e-08 1.1071987e-06 3.8590326e-05 4.3833847e-06 0.00071489497 1.2057612e-07 3.5938026e-06 0.10659807 0.008323194 0.07010283 0.00073031435 3.3026412e-05 4.48729e-08 0.0064490875 1.5593647e-06 7.0610776e-07 5.902006e-06 0.006321062 1.6619254e-07
0.36657715 0.027865209 0.09151246 0.0011975013 0.09540908 0.2684972 0.7654744 0.0011356615 0.004796659 0.00015165385 0.26693743 0.35002226 0.6111876 0.00011222347 0.0130875865 0.43858194 0.987573 0.0043434477 0.0005378211 0.021400295 5.142414e-17 0.17080796 0.0011538086 4.7074795e-05 0.00017572165 0.03479541 0.004818301 5.210735e-05 8.335499e-06 0.10291571 2.7696104e-05 2.544143e-06 0.034546576 0.008846359 3.356898e-06 1.6175767e-06 0.96097016 0.040930044 2.039558e-06 6.0460053e-07 1.7279848e-06 4.369607e-06 0.13913651 6.894989e-07 4.372777e-07 5.5018694e-07 0.11483615 0.7604716 3.8552415e-08 7.542318e-06 3.3993604e-07 0.5656638 0.28206602 0.0032117567 2.3850691e-06 1.0131643e-08 1.1978775e-08 2.9347708e-08 0.09493881 0.0023761154 0.064902864 0.0002703762 8.624982e-06 0.0048119416 0.013113324 8.4115996e-08 0.0039541656 1.7979066e-06 2.5531418e-07 0.0013244764 2.603323e-08 1.4082972e-06 0.0008617678 0.00035362577 6.7253474e-08 6.308117e-05 0.00035147514 0.0033004514 3.4572074e-06 1.0365141e-05 0.0006907274 0.00047155813 8.541093e-09 1.0445574e-06 0.000113756374 4.967553e-07 0.0027226247 9.312337e-08 5.255556e-07 0.0017971277 4.799333e-05 0.004528318 0.0003190331 4.2731486e-07 3.43003e-07 0.00017504008 9.689354e-07 9.685423e-08 2.6765915e-07 0.00012803923 2.1581577e-07
0.57755035 0.008849599 0.005227088 0.0006605717 0.0023344187 0.02230716 0.017753726 0.00047160557 0.0010762153 7.487389e-05 0.20653114 0.13318901 0.57462496 8.614682e-06 0.0021663846 0.7035822 0.9627255 0.016786046 0.0002021572 0.035505142 0.17080796 8.051229e-19 6.211065e-05 9.470892e-06 4.4989352e-05 0.97565717 0.0016196424 0.00016698427 2.9510056e-05 0.595069 1.2773321e-06 2.227744e-05 0.00042619038 0.21178824 1.8549606e-06 1.0813283e-05 0.1386299 0.2062186 1.8419185e-07 7.661e-07 7.5922035e-05 7.808578e-05 0.70530075 2.6740004e-06 1.4624253e-06 1.028935e-06 0.0023009004 0.06667462 3.382923e-08 4.1256862e-06 1.840424e-07 0.06060383 0.42221642 0.0006305865 1.7256939e-06 9.869333e-08 4.8426885e-09 9.2850473e-07 0.004860969 0.025757989 0.0024500678 0.00022478272 2.527953e-06 0.039423935 0.00016486189 1.6580832e-07 0.092519246 1.5447748e-06 1.01338905e-07 0.0009373551 4.195164e-09 7.379762e-05 0.022590518 1.2029416e-05 1.320802e-06 0.00024059844 0.022851948 0.00015866941 0.00014507763 7.5542704e-07 0.0057261162 0.0048489603 1.0024958e-08 2.3556856e-07 0.00095684425 1.5018118e-06 0.010435559 1.7611036e-08 1.1707846e-05 0.009176214 0.0008807614 0.025849728 0.003760697 1.3521168e-05 3.6768732e-08 0.0012315391 9.66723e-07 3.3657247e-07 4.6120016e-07 0.00046238358 5.9695143e-10
0.07037299 0.07010554 0.16314214 0.24752541 0.09836612 0.2158746 0.115432754 0.095346496 0.17366743 0.58015364 0.021491196 0.04595367 0.013269645 0.8129966 0.13110907 0.0026616028 0.00036208477 0.0071461424 0.96932614 0.0011131054 0.0011538086 6.211065e-05 5.475841e-19 0.5551215 0.9135376 4.9509625e-05 0.14151123 0.008921169 0.0025653972 7.2410636e-05 0.7793189 0.00044444032 0.85363716 8.938898e-06 0.09817518 0.00015324888 0.0017403945 1.5222714e-05 0.0003083417 0.0026757098 0.00017433854 0.0002374661 6.548735e-07 2.0786933e-05 0.00011886476 0.00066904165 0.2011647 0.00097070856 0.0006630063 0.32074755 6.4739174e-06 0.0033061232 3.7035516e-05 0.53615063 1.1251671e-05 4.231983e-06 3.301816e-07 3.3029213e-05 6.387971e-06 0.00010770268 0.16959116 0.060792137 0.13066542 4.912647e-06 8.902609e-05 2.1425733e-06 4.0357823e-05 0.025017373 4.3229088e-07 5.0764957e-06 8.286768e-08 2.850593e-06 1.7326118e-06 0.00033179004 8.309255e-07 1.496542e-06 7.0264937e-06 2.3091568e-06 2.229793e-05 3.276896e-05 4.264372e-05 4.601287e-05 2.5634601e-05 2.0713069e-06 1.8406113e-06 0.00014742707 3.8268146e-05 4.9697164e-08 2.1617488e-08 0.0006164706 0.0001990944 0.00032725942 6.8450427e-06 1.1764103e-08 6.48324e-08 3.5254318e-06 3.6464999e-06 1.2602952e-06 4.8406065e-07 0.0002766552 8.013677e-08
0.17995009 0.0062985504 0.019630937 0.15746199 0.0073072338 0.1687003 0.0047715288 0.42257997 0.42534775 0.6274563 0.009420771 0.01757138 0.003489707 0.841751 0.10337595 0.0015974011 1.1321658e-05 0.01246361 0.8567816 0.0005881755 4.7074795e-05 9.470892e-06 0.5551215 6.2843837e-19 0.9330694 5.1885392e-05 0.31966516 0.20785119 0.30032504 7.165403e-05 0.9043946 0.074442305 0.13700534 8.3717106e-07 0.8771462 0.026137464 3.332387e-05 6.2842223e-06 0.07464452 0.5413738 0.002634232 0.0052797506 1.3386914e-06 0.006450567 0.024578357 0.24640685 0.002290431 1.1039445e-05 0.2898167 0.7165398 0.0014554118 0.0007765446 3.9308992e-07 0.12191128 0.00066436897 0.002023772 3.164865e-05 0.009500312 1.6881644e-07 0.00034141578 0.003905855 0.0038838193 0.09649694 7.537395e-07 4.4814874e-06 2.676622e-05 0.0005695508 0.020952195 1.9353924e-05 3.3941419e-07 1.7469386e-06 0.00098324 6.142671e-08 6.4089863e-06 2.5900044e-05 9.857646e-07 2.5519346e-05 4.543631e-07 0.0007011495 0.0021509489 4.7588996e-06 0.00017447726 0.0011298384 2.9175544e-05 5.0856755e-07 0.000115246345 0.00010298785 1.8119559e-06 3.221396e-08 0.00021316348 0.0010151855 0.00052469474 3.4789036e-06 1.0147733e-08 2.501167e-06 0.00010154967 5.2276184e-05 3.7211378e-06 3.6259912e-06 0.002603136 1.9102456e-06
0.01580974 0.01300733 0.017648961 0.089385964 0.0070400964 0.037706435 0.0065584285 0.13253132 0.12882012 0.30613858 0.00424089 0.007706213 0.0025943257 0.6314086 0.026086103 0.0010249094 0.00019720227 0.0051137214 0.8412783 0.0012461856 0.00017572165 4.4989352e-05 0.9135376 0.9330694 4.2256455e-18 6.539803e-05 0.108082995 0.020339593 0.024599798 0.00012630144 0.96128684 0.0070046526 0.20996693 2.5739642e-05 0.48647615 0.00478104 0.00015359916 1.6200307e-05 0.0018775346 0.042045478 0.00074556627 0.000990577 8.199518e-06 0.0012292375 0.0020458212 0.0129707195 0.015963443 4.3344302e-05 0.015007826 0.38032308 0.00055418606 0.0009063725 2.1256696e-05 0.11260936 0.0005622734 0.00048196636 2.0439926e-05 0.0011079087 1.0764375e-06 0.0002667185 0.020123856 0.01053729 0.06797615 1.1078953e-05 1.4298411e-05 0.00010917499 0.00016033578 0.010865596 1.4879697e-05 2.2745287e-05 4.2041984e-06 8.709602e-05 7.835566e-07 0.00012498307 2.4962757e-05 1.3626877e-05 5.4474458e-05 5.3754775e-06 0.0001090551 0.00042045917 0.00011409133 0.00015449076 0.0005398777 4.879014e-05 7.232771e-06 0.00014908255 0.00024290393 1.0827652e-06 1.6138092e-08 0.00052836764 0.00033989298 0.00047902795 2.071794e-05 1.7354337e-09 1.4446462e-06 8.5060026e-05 2.7644539e-05 1.03624525e-05 2.2645647e-06 0.00088120584 4.8925986e-06
0.15541552 0.004176776 0.0017156017 0.0007690978 0.0007529888 0.0041735624 0.0029561576 0.00045412467 0.0010061975 0.00025953216 0.099767484 0.041319713 0.31249297 8.4242325e-05 0.0010348272 0.7071676 0.43296197 0.01457897 0.00037606736 0.05443568 0.03479541 0.97565717 4.9509625e-05 5.1885392e-05 6.539803e-05 7.873789e-19 0.00097401586 0.0003627771 3.360728e-05 0.92980117 4.80238e-06 2.0661942e-05 4.514188e-05 0.53318506 8.680219e-06 4.3204112e-05 0.0602553 0.21260329 1.3300875e-06 2.611431e-05 0.00019309744 0.00011179129 0.82882553 6.4273913e-06 1.6489317e-06 2.1796277e-05 0.00037052575 0.014296006 1.6691526e-07 1.998038e-05 2.4958915e-06 0.0045223064 0.21886308 3.9540824e-05 1.506027e-06 2.7525869e-07 1.1995849e-09 4.918504e-07 0.0029759565 0.059556503 0.00010318201 1.20274435e-05 4.3382947e-06 0.12353105 1.7177888e-05 5.563449e-07 0.10449192 1.3395695e-05 1.782945e-07 0.0010749254 4.4897086e-10 0.0001292707 0.066222765 1.549435e-05 1.7776315e-06 0.00048978184 0.05159389 0.00022362746 0.0001801676 8.7283816e-08 0.009316914 0.008187391 1.5875777e-08 1.700658e-06 0.0013753356 2.038218e-06 0.0063464674 1.849109e-08 0.00012219709 0.004475658 0.00083017896 0.009097869 0.005554318 0.00012857861 1.3246878e-07 0.0023285022 5.266544e-07 1.9008749e-07 7.393957e-07 0.00024842034 6.3953247e-09
0.988685 0.13388902 0.11011302 0.5496622 0.08888214 0.1580704 0.096320346 0.7854817 0.7977763 0.5625579 0.04046494 0.047060315 0.020750182 0.55162364 0.8092859 0.008944838 0.0038779476 0.38832295 0.121130385 0.050276756 0.004818301 0.0016196424 0.14151123 0.31966516 0.108082995 0.00097401586 2.8308267e-16 0.9329057 0.031573128 0.00033971894 0.16132164 0.049474232 0.24261852 0.00024643753 0.15669829 0.005402851 0.0011772073 0.0008808841 0.017241776 0.046652082 0.061891716 0.7607012 9.96902e-06 0.0014154369 0.0015245837 0.011710426 0.0038064246 0.0011685604 0.007676261 0.10197913 0.00014397828 7.355276e-05 0.00036394698 0.046579193 0.000114700524 0.0001009536 0.00017401944 0.0004958523 3.7447284e-05 0.36486098 0.0012842886 0.0005067748 0.019570392 5.2216343e-05 4.4216204e-06 1.750684e-05 0.020080639 0.0003068875 3.4394867e-05 1.4744028e-06 1.3874734e-05 0.16015203 0.00021835194 1.538583e-05 7.495312e-07 9.543308e-06 0.0021866057 1.2123093e-05 0.08179783 0.003101732 0.0010257845 0.20463693 1.6709499e-06 3.9107672e-07 4.4209332e-06 2.0334024e-05 7.653173e-05 1.1917439e-06 2.7829822e-08 0.12727694 0.13149758 0.022304686 0.0001398487 2.8456443e-06 1.2645877e-07 0.00408442 3.5884395e-06 1.594858e-05 3.9164943e-06 0.09921096 8.9303217e-07
0.9526941 0.022290109 0.015535566 0.084602505 0.009233616 0.026202336 0.005395117 0.6829241 0.5212519 0.11815069 0.017310727 0.011445664 0.004377374 0.10968427 0.34668934 0.0028353722 8.6312735e-05 0.253097 0.029300716 0.016626826 5.210735e-05 0.00016698427 0.008921169 0.20785119 0.020339593 0.0003627771 0.9329057 6.5684688e-18 0.27754223 0.00023546943 0.01593651 0.7600584 0.0030895441 2.8781269e-05 0.08862643 0.03434786 0.0001753751 0.00016142358 0.18265921 0.10610179 0.63508856 0.94550157 1.3528163e-06 0.09702952 0.0057740486 0.0239641 0.00018820567 8.55732e-05 0.018449012 0.014649198 0.003899587 1.5531365e-05 5.1098014e-06 0.0028361755 0.001413053 0.0003705208 0.0016930532 0.0002403794 6.1605795e-05 0.11974402 5.006749e-05 0.00012191971 0.0023442574 1.434054e-05 2.1845754e-06 0.0003737106 0.0024794142 0.00014313795 0.00036734968 2.5249628e-06 0.0001765639 0.3486837 1.6013286e-06 5.5927685e-06 1.2134701e-06 1.4334257e-06 0.0003320974 3.461638e-06 0.18835834 0.022683898 0.00020456454 0.098108776 5.5689143e-06 2.5185325e-06 2.3587407e-07 1.7651433e-05 2.029938e-05 0.0005166934 2.0920472e-09 0.058639385 0.14093614 0.015183612 4.5877827e-05 1.3416008e-07 8.486031e-05 0.0026799107 0.0005133829 9.141754e-06 4.4107587e-06 0.09390722 3.7212143e-05
0.7423896 0.0036532702 0.0018862109 0.020976165 0.0004664276 0.0008280552 0.00072804076 0.25177792 0.09232009 0.04000209 0.0006207042 0.00070794317 0.00015605253 0.03942862 0.009309262 0.00010340798 2.6352101e-05 0.0133963665 0.032089684 0.00069181644 8.335499e-06 2.9510056e-05 0.0025653972 0.30032504 0.024599798 3.360728e-05 0.031573128 0.27754223 5.627315e-19 1.498365e-05 0.023985598 0.96648765 0.0001930523 4.8295237e-06 0.3890393 0.73659265 5.82075e-05 2.1670808e-06 0.8382021 0.68474406 0.3958527 0.06426366 8.353705e-08 0.7722887 0.32737845 0.5919601 9.482546e-05 3.7512942e-05 0.5526345 0.086671345 0.14094499 2.1772448e-05 6.872315e-05 0.00824709 0.22841275 0.14696626 0.06593481 0.030140962 5.0047773e-05 0.010351495 6.605707e-05 0.002032591 0.024744589 1.2310471e-05 1.6741017e-06 0.030121027 0.0010216597 0.002775332 0.007024243 7.99853e-06 0.00428225 0.04507447 3.671348e-06 1.1833558e-05 0.0014795596 4.643015e-06 4.5546505e-05 2.9339245e-07 0.058069177 0.12093479 5.1586794e-05 0.013789632 0.0026606638 0.00036692724 3.6872444e-07 1.3336205e-05 4.0566365e-06 0.0011142371 1.9690196e-08 0.011557941 0.021226417 0.0016528608 1.1903621e-05 6.7892705e-09 0.00044078616 8.739064e-05 0.004922388 4.3240012e-05 5.000178e-05 0.025186202 0.00020159174
0.5512975 0.002266314 0.001404302 0.00033888457 0.0015246221 0.0051399036 0.020257542 0.0001146617 0.00021689625 9.40572e-05 0.050836444 0.02878883 0.15478374 0.0001140264 0.0005059587 0.5798058 0.3740031 0.009676382 0.00024082318 0.074734576 0.10291571 0.595069 7.2410636e-05 7.165403e-05 0.00012630144 0.92980117 0.00033971894 0.00023546943 1.498365e-05 2.3294018e-15 2.8908496e-05 2.882709e-05 0.0007539729 0.97347295 5.5966077e-05 1.8208937e-05 0.05268373 0.65615386 6.6829233e-07 8.0251575e-06 0.0001354819 0.00022836261 0.8378117 3.7922118e-06 1.8297131e-06 7.453118e-06 0.00047528924 0.061432604 3.677299e-07 9.844653e-05 2.2888072e-07 0.015859507 0.17505386 0.00013248945 1.1118046e-06 2.6014035e-07 1.0293666e-08 2.7983128e-07 0.0014456392 0.18108657 9.8146746e-05 1.4953271e-05 5.1516563e-06 0.053659678 2.8487495e-05 3.691421e-07 0.23791783 4.0015407e-06 7.385701e-08 0.0013893755 2.9100114e-08 0.00023848034 0.016854549 4.331577e-06 1.5365666e-07 0.0013984408 0.12810566 0.00011384939 0.0005193914 1.2871706e-07 0.0117681 0.024237478 8.6802345e-08 1.3783028e-06 0.00062726636 5.9646067e-07 0.0070585306 3.7823042e-08 0.00031605264 0.016852573 0.002028834 0.03751057 0.008275907 0.000882156 3.2324024e-07 0.005887407 7.0729055e-07 2.5748088e-07 1.3330146e-06 0.001169183 2.9886213e-08
0.05112365 0.008145521 0.014630052 0.037076067 0.008867522 0.0703262 0.0067124334 0.09182663 0.14529036 0.11579992 0.0045406516 0.009737047 0.002151229 0.5251318 0.028368995 0.0009129923 6.077589e-06 0.0022251876 0.5609817 0.00022920853 2.7696104e-05 1.2773321e-06 0.7793189 0.9043946 0.96128684 4.80238e-06 0.16132164 0.01593651 0.023985598 2.8908496e-05 2.2567402e-18 0.0041373884 0.4946535 1.9962504e-06 0.85865235 0.0015978041 5.1654777e-05 4.159278e-06 0.0061209127 0.12202895 0.0002730899 0.00025313962 7.8014494e-08 0.00036438336 0.0017776012 0.037679445 0.04502175 1.1489742e-05 0.038307246 0.9412846 0.0002254407 0.00053547835 9.902332e-06 0.41553122 0.00048554965 0.00079677807 1.6081258e-05 0.00786957 7.8001517e-07 6.487381e-05 0.07388954 0.03957362 0.30780548 1.666548e-06 3.1054544e-05 2.7490532e-05 3.5896188e-05 0.07007803 3.1771017e-06 2.984079e-06 2.1473436e-06 4.374911e-06 2.3239441e-07 7.2437506e-05 3.0318968e-05 1.4926877e-06 1.2001171e-05 4.4464062e-07 2.6809546e-05 0.00081912795 2.8941711e-05 3.115498e-05 0.0071362504 1.5156194e-05 5.6099503e-07 0.0005290282 0.00023111484 5.008033e-07 5.398505e-09 0.00054957427 0.00030328208 0.00040138824 7.520885e-06 1.0219265e-09 6.1850153e-07 4.4816024e-06 1.28863585e-05 6.368551e-05 1.8130448e-06 0.0011656238 1.264563e-06
