6.307007e-19 0.99008536 0.93942714 0.95331013 0.907555 0.48540398 0.961766 0.8033578 0.7673506 0.95803255 0.95509154 0.9543095 0.8666074 0.4382778 0.4419459 0.92192185 0.48183805 0.44603294 0.87835443 0.6602965 0.87598807 0.56703025 0.9836344 0.9958383 0.886616 0.92906666 0.83977973 0.15283367 0.82352686 0.92747325 0.88915706 0.99304557 0.088417746 0.9557237 0.8975708 0.9648735 0.89527327 0.9179805 0.9621557 0.12014468 0.0026245888 0.9702742 0.9013884 0.00043984575 0.8355402 0.009366327 0.8810811 0.41821557 0.04063851 0.029645849 0.21636397 9.720851e-05 0.8087682 0.00018726266 0.00015018923 0.63344884 0.9481453 0.85620874 0.0023962548 0.83815295 0.00012454389 0.7511165 0.8131568 0.919257 0.9269932 0.9963299 0.8585038 0.5656849 0.7328205 0.78411245 0.47645372 0.031434663 0.007140038 0.99439204 0.988771 0.8833446 0.00057550165 0.91813517 0.0006340366 0.6353423 0.9103841 0.36744133 0.8641347 0.0022112092 0.86500406 0.8685833 0.2545674 0.7001805 0.77780825 0.21466468 1.0581749e-05 0.6239558 0.09545042 3.297093e-05 0.95310754 0.9999582 0.9861132 0.98563427 0.99942946 0.04881695 0.999874
0.99008536 1.7520655e-14 0.952189 0.45401776 0.9614359 0.6437696 0.00874024 0.56833124 0.75520086 0.008720059 0.5112858 0.0010635871 0.011810053 0.0042392197 0.0013765357 0.5309656 0.7025568 0.2957853 5.1374747e-05 0.00025916833 0.035610214 0.8249959 0.0019572766 0.69353545 0.02463802 0.00017021997 0.00047947973 0.0032976072 0.00067489373 0.12196841 0.0005810587 0.0886682 0.00022904594 0.06214081 5.9272676e-05 1.9901347e-05 4.4700628e-05 0.000120188044 0.021133076 0.04024429 0.020898104 0.0034089182 1.1103805e-06 0.0008131702 1.4838793e-06 0.1175727 0.00040070072 0.00079326495 0.0002943789 9.211867e-05 0.00030157377 0.0002682864 1.5771737e-05 0.0010191359 0.004081615 1.0661335e-05 7.473271e-07 4.9857813e-06 9.10459e-05 0.0015642444 4.2488973e-05 1.0658849e-06 0.008673861 5.1469644e-05 3.7164406e-05 0.011342868 0.0007721102 5.715545e-06 1.3960696e-06 0.0005995372 3.0481582e-05 7.1249e-07 4.941121e-06 0.00012828759 0.012518198 6.1965607e-06 3.7870925e-07 0.00039141127 2.2098151e-05 8.0935735e-07 3.119875e-05 5.8765996e-05 1.084956e-05 7.742488e-06 6.107402e-06 0.00015404659 4.728636e-07 2.0292905e-06 6.426408e-05 6.314385e-08 4.8423863e-06 8.8462475e-06 2.8164976e-07 0.00012440252 0.00011267453 0.0039565326 7.2828826e-08 9.0287536e-08 0.0034617754 3.7465732e-06 0.00023536997
0.93942714 0.952189 8.539825e-16 0.029633492 0.8983658 0.9685911 0.0005954815 0.95152426 0.23854691 0.07667565 0.75041187 0.00012572257 0.12988533 0.000120140256 0.00010907071 0.11413194 0.7996033 0.010280126 4.4375597e-06 4.8597743e-05 0.060093295 0.46076563 0.02275446 0.39468127 0.13647687 0.0006642531 2.9165836e-05 0.02717484 0.0024237486 0.26224694 0.0033656256 0.14418353 7.391131e-05 0.008022637 0.00026840207 4.711814e-05 3.2710013e-05 0.00018121858 0.00408561 0.12694088 0.00922386 0.0007565641 7.169665e-06 4.6139554e-05 6.703745e-05 0.12298568 0.0014343126 0.009575718 6.9523453e-06 1.3104465e-05 6.1021652e-05 0.00020165252 9.289214e-06 0.00061158655 0.008206528 0.00015912553 2.3961826e-07 5.5634723e-06 0.005504434 0.00025963565 8.471391e-06 9.965572e-07 0.019451361 0.00021592664 5.360077e-05 0.023475919 0.0015747112 6.3526923e-06 1.695091e-06 0.00011615013 0.00011181794 4.947227e-06 1.2958737e-05 1.279309e-05 0.0064744893 5.110813e-05 4.6875236e-08 0.0005921242 0.00015126198 7.722063e-06 2.9220234e-07 1.7681296e-06 1.7910535e-05 1.4581277e-06 5.18656e-07 6.696443e-05 2.1593426e-06 1.6220674e-06 2.8778304e-05 1.0924808e-08 3.6027333e-05 6.3080474e-06 6.2114946e-06 6.077071e-05 6.9949e-05 0.008614186 2.8426405e-07 1.588757e-07 0.003505058 5.8592877e-06 0.0002337716
0.95331013 0.45401776 0.029633492 3.582969e-15 0.6227884 0.002921971 0.96224254 0.0003112251 0.74685377 0.0002085849 0.060113247 0.58046216 0.00044581806 0.8599262 0.752966 0.9101898 0.0051740496 0.8457152 0.023087727 0.10378604 0.0038048986 0.190865 0.00028294674 0.71188843 0.00040931857 1.9875399e-05 0.65676975 6.994199e-05 0.0001651401 0.002969504 0.00010050393 0.028110454 0.2441245 0.49260744 1.0201379e-05 2.6739162e-06 0.0006569035 5.0551325e-06 0.13933541 5.0899507e-05 0.012019556 0.050022572 1.6924136e-07 0.016880246 2.6588714e-07 0.00028160695 0.00020929027 2.9570244e-06 0.14281741 0.007229548 0.0009278174 0.0026164714 0.00010612699 0.0015776514 3.0176841e-05 9.268706e-07 2.0725972e-06 8.019377e-07 2.523693e-07 0.0048251646 0.002621102 1.6780587e-07 0.0027898597 1.456683e-05 1.187686e-05 0.0055365693 0.00057209656 9.745588e-07 3.3430788e-07 0.0005057744 7.1587505e-07 1.7867883e-07 1.3768349e-07 0.00010373561 0.031921968 4.7829434e-07 9.821879e-06 0.00025927735 5.8338037e-07 7.150524e-08 8.78553e-06 2.5679106e-05 1.9474928e-06 0.0001730701 6.2937255e-07 0.00012212172 7.602451e-08 2.1509108e-07 2.4341734e-06 1.3851975e-06 6.5524564e-09 1.2464571e-06 3.1045212e-07 0.00018437508 1.8520555e-05 0.0016797368 2.4785281e-08 2.3259739e-08 0.0083959615 6.471887e-06 5.903979e-05
0.907555 0.9614359 0.8983658 0.6227884 3.0872396e-15 0.35061133 0.029610587 0.18680958 0.9693413 0.002249249 0.021916555 0.0010848335 0.0034167652 0.008660462 0.0020444326 0.082199216 0.6076946 0.72606283 4.3911652e-05 0.00029935563 0.0014711409 0.9099926 0.0005277251 0.46520567 0.0041739424 8.413274e-05 0.00091534934 0.0016987892 6.859449e-05 0.014149902 0.00011272374 0.005082001 0.002125384 0.009114873 7.834098e-06 9.3943254e-07 4.4530647e-05 8.652152e-06 0.0018504139 0.0073639974 0.14060599 0.0021256239 2.2963019e-07 0.02124484 1.0367918e-07 0.12265831 3.93976e-05 4.9986902e-05 0.00045380127 0.00013271277 4.776913e-05 0.0061254795 5.768844e-06 0.0110414885 0.007665485 8.751616e-07 5.1268557e-08 3.6906554e-06 2.520624e-05 0.00026477012 0.00061287277 2.6736546e-07 0.0021618926 3.7113066e-06 8.127239e-06 0.0027935111 0.00020385838 1.2893876e-06 6.7143407e-07 0.0013653701 3.651337e-06 3.267076e-07 3.3511058e-06 2.3431921e-05 0.0023084194 9.111208e-07 1.4982683e-06 3.6381785e-05 1.17728305e-05 1.893054e-07 4.0339847e-07 4.9904097e-06 3.629397e-07 2.3636181e-05 1.2475672e-07 1.4827682e-05 1.7667836e-07 2.6347266e-06 1.1881873e-06 9.1536485e-09 9.318273e-06 1.3273822e-06 7.136708e-08 0.00094538013 1.1442547e-05 0.0018045915 1.4078929e-08 1.6130368e-08 0.0007832347 1.2992451e-06 3.424735e-05
0.48540398 0.6437696 0.9685911 0.002921971 0.35061133 1.3554389e-14 0.00036507432 0.98340434 0.016917353 0.05985772 0.18877628 8.799184e-05 0.15347561 0.0001423397 9.980829e-05 0.009488088 0.9407054 0.0006897871 3.456884e-06 1.9159976e-05 0.0064139636 0.25056356 0.014381292 0.0650451 0.0816375 0.0011631213 1.6615737e-05 0.049676195 0.00041004256 0.061535396 0.00087713863 0.012319385 8.179449e-05 0.0014626966 0.00019852203 7.110015e-05 1.34131815e-05 9.666502e-05 0.00050019025 0.19662067 0.0067128176 0.0005587358 5.540319e-06 3.261622e-05 1.7521386e-05 0.19373892 0.0002903151 0.004922975 2.7127212e-06 2.2715785e-05 2.6753191e-06 7.8017074e-05 2.4231185e-06 0.0009108277 0.0077594495 5.2918636e-05 2.1559339e-07 5.997396e-06 0.0031237944 5.4424094e-05 8.918259e-06 1.1378285e-06 0.004899138 0.0001228279 1.5678159e-05 0.0053067245 0.00041360746 1.30354865e-05 1.1881782e-06 0.00026231987 0.000112190835 9.088727e-06 4.1363488e-05 7.4932927e-06 0.0011213436 3.8575865e-05 3.5257293e-07 0.00011839061 0.00014947233 6.540155e-06 5.005068e-07 2.0098264e-06 5.2725823e-06 4.196219e-06 9.8529e-07 1.5011639e-05 6.1445377e-07 1.4567835e-06 2.715878e-05 1.11938334e-07 0.0012561824 2.4589217e-06 4.5127654e-06 0.00020892393 7.22453e-05 0.0034227467 3.400424e-07 3.514054e-07 0.00068797776 1.2649714e-05 0.00013557018
0.961766 0.00874024 0.0005954815 0.96224254 0.029610587 0.00036507432 6.8184384e-14 8.648633e-05 0.39238194 2.4741114e-05 0.0017872384 0.78472066 7.774516e-05 0.93298393 0.81645566 0.7064697 0.00027557716 0.8552691 0.063054055 0.38778237 0.0003719802 0.06706569 2.4788937e-05 0.33380127 2.8328923e-05 8.526982e-07 0.892696 2.6118928e-06 6.462451e-06 0.00030096123 1.3216694e-05 0.0025248935 0.63330257 0.43685195 8.1125063e-07 3.1024908e-07 0.0017713957 8.5059867e-07 0.08784034 2.479063e-06 0.0048293257 0.09556339 4.296503e-08 0.01638192 9.95818e-09 6.386074e-05 7.895301e-06 2.955364e-06 0.51150364 0.052989565 0.00078782806 0.0011885859 0.000509705 0.00038735915 9.302738e-07 4.0157903e-07 7.166356e-06 1.0946804e-06 2.3511048e-07 0.0036961192 0.0033965788 1.9868915e-07 0.00045017488 4.2527637e-07 1.2282052e-06 0.000436508 1.3930553e-05 3.0793217e-07 8.211732e-08 0.0005753205 7.5711984e-07 1.7094916e-07 1.7050937e-07 0.00016953838 0.026045203 2.8320224e-07 4.0840398e-05 4.722415e-06 3.352322e-07 3.5693805e-08 7.6195315e-06 3.0831274e-05 1.6121857e-07 0.001771965 2.9334657e-07 0.0004610995 2.1336886e-08 9.0550157e-07 3.6122043e-07 1.877751e-05 1.2359682e-08 2.323504e-06 5.8926293e-08 2.1377962e-05 2.9450578e-06 0.0004857187 7.1231465e-09 3.784801e-08 0.0060421405 2.9886526e-06 4.9706937e-06
0.8033578 0.56833124 0.95152426 0.0003112251 0.18680958 0.98340434 8.648633e-05 1.3571322e-12 0.004126039 0.25246537 0.33900455 3.098109e-05 0.8598305 3.96165e-05 5.778929e-05 0.0028356898 0.96505517 9.4138144e-05 2.8204315e-06 1.248085e-05 0.012829891 0.45225364 0.06752137 0.021606604 0.7256518 0.0052552735 5.6741114e-06 0.6042877 0.0012718611 0.091955364 0.0025945988 0.014947114 5.2597934e-05 0.0006835894 0.0006414074 0.00016446254 7.5619005e-06 0.00039271207 0.0002360029 0.7531942 0.002913212 9.0253845e-05 8.892648e-05 1.1920378e-05 0.00047309438 0.32367778 0.0007914876 0.08882137 2.0580444e-07 4.228957e-06 2.3764505e-06 2.345439e-05 5.1457296e-06 0.0002827814 0.022172695 0.0017962564 3.5277975e-07 2.5840558e-05 0.11455007 8.882396e-06 1.6727014e-05 4.8367374e-06 0.012513156 0.00033309462 0.00013595732 0.010646304 0.0011924967 3.4139935e-05 1.0888846e-05 8.384406e-05 0.00067304744 6.4600565e-05 0.0008919241 7.676417e-07 0.0007779429 0.00029266937 2.7153288e-07 0.0006414631 0.0038571248 9.65961e-05 1.5208943e-07 4.0141134e-07 4.9688944e-05 1.0037649e-05 6.5466766e-06 5.045264e-06 2.9655801e-05 1.619725e-05 5.602364e-05 1.6822518e-07 0.010155147 2.5317953e-05 6.999104e-05 0.00020418839 8.482875e-05 0.0071346103 9.512296e-06 1.1321771e-06 0.0002813557 8.8778186e-05 0.00026756793
0.7673506 0.75520086 0.23854691 0.74685377 0.9693413 0.016917353 0.39238194 0.004126039 1.0135879e-15 0.00032048707 0.0031015535 0.007900939 0.0003574112 0.04693672 0.013089247 0.094563514 0.119509675 0.980789 0.00040713468 0.0014186057 5.5215813e-05 0.8765038 6.1499544e-05 0.28267226 0.00067266694 6.39656e-06 0.02511232 0.000121682395 1.13595115e-05 0.0021149546 1.0545994e-05 0.0010846654 0.032686923 0.01296236 1.1091169e-06 3.0418562e-07 4.017917e-05 8.1455084e-07 0.001873058 0.00080794585 0.25465193 0.0039235284 3.404283e-08 0.15385717 3.1918292e-09 0.028853612 5.7256543e-06 2.4477729e-06 0.12319292 0.0014408762 3.1520547e-05 0.030278698 1.4871327e-05 0.03388927 0.0025864562 6.039369e-08 9.758762e-08 5.7899837e-07 1.9005186e-06 0.00016873736 0.01643271 3.8378904e-08 0.00041431075 7.4949605e-07 6.1877415e-07 0.00045770739 2.3995533e-05 4.3876565e-07 7.723233e-08 0.000839091 3.8053713e-07 6.032208e-08 5.1317505e-07 6.2829546e-05 0.002162163 1.6672021e-07 3.7515358e-06 8.9818295e-06 4.0534424e-06 4.499177e-08 3.4753538e-07 2.2843774e-06 1.1736497e-07 0.000104176484 6.894085e-08 4.5255765e-05 1.2748689e-08 3.8335207e-07 2.2243134e-07 4.9612872e-08 5.862801e-07 5.161809e-07 1.398136e-08 0.002908362 4.422755e-06 0.0013773583 3.7446957e-09 7.623168e-09 0.0006766264 1.5306118e-06 1.39723315e-05
0.95803255 0.008720059 0.07667565 0.0002085849 0.002249249 0.05985772 2.4741114e-05 0.25246537 0.00032048707 2.2620984e-13 0.9023835 3.2143073e-06 0.98724616 2.030668e-05 8.627344e-06 0.0044816053 0.04616238 7.756804e-06 1.3718123e-07 9.818933e-07 0.36955553 0.002456694 0.9270948 0.024998916 0.84157735 0.32085732 2.5174194e-07 0.41740897 0.14458127 0.45018014 0.28106248 0.029093625 1.41873425e-05 0.00080311496 0.059502523 0.010964187 1.6000301e-07 0.014476874 0.00062271056 0.26985022 6.5000554e-06 1.6061531e-05 0.0011086453 4.3363696e-07 0.02922762 0.0024307044 0.014453939 0.66238153 1.3586551e-08 5.6296866e-08 2.7522898e-07 2.4669923e-06 6.9002026e-06 4.3244863e-06 5.8895374e-05 0.21704686 9.518779e-09 7.5910226e-05 0.077900596 8.747648e-06 2.1428511e-06 4.064713e-05 0.10555169 0.0056834486 0.0020132433 0.115576975 0.010573835 0.00017737181 1.7490202e-05 1.0957118e-05 0.028753946 0.003665055 0.0133135235 3.7464784e-07 0.0018414243 0.008124241 3.407317e-08 0.0029883564 0.0038717687 0.0020898404 5.062367e-07 3.6175513e-07 0.00039489934 6.388407e-07 9.641663e-05 1.260294e-06 0.00010996097 3.3088803e-05 0.00061893824 1.849818e-08 0.00020463791 2.9433299e-05 8.025407e-05 8.9893825e-07 0.0016920242 0.07441255 4.4214034e-05 3.806121e-06 0.00042267016 0.000590388 0.002891499
0.95509154 0.5112858 0.75041187 0.060113247 0.021916555 0.18877628 0.0017872384 0.33900455 0.0031015535 0.9023835 4.1185835e-13 0.0014544612 0.725893 0.0008808484 0.0005650374 0.63451976 0.036649343 5.0684874e-05 0.00012300901 0.00012886648 0.98532754 0.002377743 0.8208558 0.46331897 0.36818653 0.13220702 4.0333503e-05 0.057281394 0.33213153 0.8585144 0.5480553 0.6461679 5.9782146e-06 0.28322917 0.020367753 0.001050226 0.00015331042 0.0077534625 0.26395923 0.033085845 6.17077e-05 0.0067231357 0.0044852826 1.6798849e-06 0.0062575648 0.00074612437 0.10245054 0.22336477 1.8346369e-06 7.923339e-06 1.0146618e-05 1.2949929e-05 2.863593e-06 4.936001e-06 7.942365e-06 0.013799058 1.1431476e-05 0.0002980194 0.008637499 0.008888185 9.944723e-07 0.00040306337 0.12723364 0.002673024 0.008344129 0.14523035 0.031971164 0.00025639383 4.7491136e-05 0.0025631695 0.00608289 0.00047944314 0.0019297363 0.0001359258 0.2764423 0.0064507206 4.9844783e-08 0.011248884 0.00023532237 0.0022762713 0.00018366851 8.337744e-05 0.00022717529 2.8767383e-07 0.00043387295 0.00020895482 5.905437e-05 2.788632e-05 0.00087243924 9.968543e-08 3.2364372e-07 7.848434e-06 1.6051701e-05 1.9252677e-05 0.000832292 0.04044686 2.8957167e-05 1.7276453e-06 0.115178056 6.5722525e-05 0.004336833
0.9543095 0.0010635871 0.00012572257 0.58046216 0.0010848335 8.799184e-05 0.78472066 3.098109e-05 0.007900939 3.2143073e-06 0.0014544612 1.2534356e-13 1.3705152e-05 0.6621149 0.7856968 0.89219576 6.9831385e-06 0.089655556 0.9575586 0.8000338 0.0002188692 0.00015579438 1.2304966e-05 0.20899545 2.5584816e-06 2.6115404e-07 0.5114987 1.1625064e-06 1.8556966e-06 0.000396882 7.872791e-06 0.0025791295 0.13141008 0.9173938 7.449959e-07 3.963827e-07 0.08515039 1.8200715e-06 0.35648003 3.1333283e-07 0.00011328468 0.81192493 4.9085397e-08 0.0013897984 3.5205563e-08 1.2180934e-05 2.9703213e-05 1.9635245e-07 0.028631536 0.056716956 0.01803685 0.000344161 0.016089182 5.8440082e-06 2.8309856e-07 1.3454653e-07 0.00024613313 1.9171799e-07 6.176613e-08 0.11232772 0.00050504704 1.08018206e-07 0.00048314864 1.21869e-06 9.695456e-07 0.0012844723 1.1483136e-05 7.9322245e-07 1.880532e-07 0.015730355 6.0459264e-08 2.3526704e-07 4.0575262e-08 0.008313009 0.08744055 1.00204325e-07 0.0009021367 6.6545676e-06 4.7601955e-07 2.9053304e-08 0.00057879806 0.0020007438 7.2608816e-07 0.00088480505 1.8271052e-07 0.0044669034 8.43005e-09 5.4964624e-07 1.5255201e-06 0.00046176574 2.9391572e-08 4.6875152e-06 7.922446e-08 1.2557493e-06 4.0569807e-06 0.00023519136 8.463452e-08 3.621462e-07 0.032876566 6.4400065e-06 1.2021263e-05
0.8666074 0.011810053 0.12988533 0.00044581806 0.0034167652 0.15347561 7.774516e-05 0.8598305 0.0003574112 0.98724616 0.725893 1.3705152e-05 8.927885e-13 0.0001067641 2.8348139e-05 0.002085664 0.22299068 5.7773614e-06 6.138663e-07 3.1874843e-06 0.07185186 0.00091058016 0.74674296 0.020149706 0.9859016 0.3773095 9.469135e-07 0.7346061 0.10945749 0.25550163 0.07210767 0.008740556 1.4635493e-05 0.0008891817 0.048705682 0.01484682 3.2829157e-06 0.008696655 0.00083148637 0.2149044 1.0814747e-05 3.2112144e-05 0.0074819466 1.3890647e-07 0.050357513 0.0061677573 0.006395588 0.6461853 3.1073704e-09 4.86375e-08 9.348893e-08 1.9221588e-06 5.5987452e-06 2.8786908e-06 0.00013876673 0.34296662 5.3459667e-07 0.0006723027 0.3379727 3.7492607e-06 1.7463208e-06 0.00017132709 0.05798095 0.0048335977 0.0015984701 0.040053897 0.0048593115 0.00079823716 0.0003680259 6.75673e-05 0.021728102 0.0053186514 0.014863213 3.2465084e-07 0.0010188944 0.0066588437 7.6282625e-08 0.0015780509 0.014373963 0.0006482206 1.112091e-06 3.2156258e-06 0.0010852613 6.766398e-06 0.0001159675 1.6830863e-05 0.00012455054 6.094169e-05 0.00038106722 6.8147806e-08 0.0009878133 0.00038827155 0.00029823548 8.274181e-06 0.00073410256 0.03350653 0.00015005164 4.7217845e-06 0.0003238826 0.00083418726 0.00070481544
0.4382778 0.0042392197 0.000120140256 0.8599262 0.008660462 0.0001423397 0.93298393 3.96165e-05 0.04693672 2.030668e-05 0.0008808484 0.6621149 0.0001067641 6.4121813e-16 0.9944153 0.23999536 7.9309015e-05 0.6869502 0.14215109 0.7901363 5.2367e-05 0.0012958613 8.578274e-06 0.031082278 3.155703e-05 1.8769425e-06 0.825745 2.7130934e-06 3.939405e-06 0.00043410202 1.3231905e-05 0.0007712477 0.5581353 0.19009957 1.2582703e-06 3.1664712e-07 0.005275462 7.299547e-07 0.032221247 3.106716e-07 0.0006961116 0.097178675 9.21637e-08 0.013968316 2.7145816e-08 3.2601383e-05 8.5086685e-06 7.4321616e-07 0.2877102 0.072065756 0.0025955087 0.0015594698 0.00016283462 9.3159135e-05 1.9502276e-07 1.5821443e-06 8.92922e-06 1.6249913e-07 2.9579182e-06 0.0018497389 0.004832804 1.0519044e-07 0.00034088385 9.609295e-07 6.174325e-07 0.0003174997 1.567004e-05 1.5839792e-07 4.3386336e-08 0.000652592 2.9244004e-06 3.132698e-07 8.4257033e-07 8.3350016e-05 0.0056065633 8.427752e-07 0.00022982796 1.4077998e-05 1.0528574e-06 5.136725e-07 5.5968026e-06 2.265337e-05 8.54778e-08 0.0018299767 3.2925726e-08 3.9740924e-05 2.7832476e-08 2.7168466e-07 3.1706864e-07 4.097939e-06 1.5188004e-08 5.317249e-07 3.373466e-07 6.766392e-06 8.553974e-07 0.0003110901 9.976265e-08 5.565309e-08 0.0013912172 5.647922e-06 3.7223144e-05
0.4419459 0.0013765357 0.00010907071 0.752966 0.0020444326 9.980829e-05 0.81645566 5.778929e-05 0.013089247 8.627344e-06 0.0005650374 0.7856968 2.8348139e-05 0.9944153 6.9413725e-16 0.1925472 3.9334605e-05 0.44635162 0.2852638 0.93665487 1.3274904e-05 0.0003054751 1.2918339e-05 0.026810471 1.106434e-05 3.258741e-06 0.7302523 2.617235e-07 4.9193136e-06 0.0004576192 2.6620048e-05 0.00043331305 0.41719684 0.19452758 3.735809e-06 6.6011165e-07 0.029849928 3.7950842e-06 0.02883631 4.4692076e-08 0.0001783483 0.14537674 2.3640665e-07 0.0042490694 4.6400313e-08 5.698004e-06 2.1842618e-05 1.7622931e-06 0.10732997 0.05638884 0.009470762 0.00033073264 0.0022572353 4.4333607e-05 1.4854975e-08 9.789761e-07 0.00011096797 6.653226e-07 2.734996e-06 0.006197448 0.0010832528 2.4923534e-07 0.000216408 2.3982777e-06 1.6461458e-06 0.0001564668 2.5254723e-05 1.7567004e-06 2.9096688e-07 0.0037875297 1.6331594e-06 4.7914347e-07 1.0796894e-06 0.00088097353 0.0076333615 8.540304e-07 0.00030799725 1.1221957e-05 1.8592448e-06 1.2547551e-07 0.00020165926 0.00055668096 3.1387717e-07 0.0012950992 1.05905514e-07 0.000979423 5.435556e-09 5.881421e-07 1.3433402e-06 1.1892898e-05 8.112948e-09 5.6268823e-07 1.0346938e-07 2.818267e-06 3.0971091e-06 0.000110710585 2.1778449e-07 1.6124501e-07 0.0032443472 3.387826e-05 2.7245218e-05
0.92192185 0.5309656 0.11413194 0.9101898 0.082199216 0.009488088 0.7064697 0.0028356898 0.094563514 0.0044816053 0.63451976 0.89219576 0.002085664 0.23999536 0.1925472 4.3338732e-14 0.0019804975 0.15139611 0.31040525 0.08903249 0.22303763 0.009000283 0.004954066 0.9800455 0.0031154687 0.00028260265 0.13641289 0.00024203288 0.0007336473 0.02539075 0.0012582351 0.4264313 0.005567579 0.9125873 6.370866e-05 7.8730745e-06 0.025098404 6.0677008e-05 0.44019425 2.3561148e-05 4.9437294e-05 0.18999404 3.7041376e-05 0.00019106739 6.329434e-06 5.626534e-05 0.0033828707 0.0004280582 0.009571683 0.0039814706 0.04191484 1.4046535e-05 0.0027481057 3.7125635e-06 1.5244891e-06 0.00016073645 0.0024869472 3.3886256e-06 4.6547306e-05 0.03584026 6.120559e-05 8.179983e-06 0.007807119 9.537503e-06 0.00019855137 0.016382225 0.0018768793 6.081126e-06 5.900984e-07 0.04847969 0.000112742884 5.5167966e-05 2.7854585e-05 0.0015620544 0.16353896 5.4718446e-05 6.569796e-05 0.00035366422 1.2129495e-06 5.34809e-06 7.661783e-05 0.0004811978 3.4011518e-06 2.365057e-05 6.8779436e-06 0.0016560558 2.7438435e-07 7.797009e-06 2.2427746e-05 0.00015974483 4.2386935e-07 5.0364188e-06 9.681937e-07 1.12908965e-05 3.5012123e-05 0.0019271191 2.4824412e-06 5.7251623e-06 0.05603682 0.00012280412 0.0003246845
0.48183805 0.7025568 0.7996033 0.0051740496 0.6076946 0.9407054 0.00027557716 0.96505517 0.119509675 0.04616238 0.036649343 6.9831385e-06 0.22299068 7.9309015e-05 3.9334605e-05 0.0019804975 4.6885022e-14 0.009682247 1.359966e-06 8.489742e-06 0.0007736662 0.9045696 0.020893635 0.045160346 0.37552723 0.0010901596 1.0418479e-05 0.5616662 0.00011567601 0.028191874 0.0004080239 0.0011138509 0.00010319214 7.117627e-05 0.00018833422 6.3404266e-05 2.008221e-06 4.614888e-05 4.9564806e-05 0.8170252 0.3240912 0.00019763851 1.1593885e-06 0.0008432142 3.439759e-07 0.9682868 3.6008063e-05 0.0069844048 1.8450022e-05 1.1946194e-06 8.9329717e-07 0.008426005 1.24781845e-05 0.03217205 0.4895643 0.00013376745 9.589744e-08 6.690789e-06 0.027066862 2.212334e-06 0.00011103922 2.3588068e-08 0.0068143755 5.228426e-05 5.495013e-06 0.004807004 0.0001183291 3.900143e-06 6.488935e-07 4.3833363e-05 0.00014466743 7.279054e-05 0.00037252 7.880933e-06 0.00017142172 3.678878e-05 1.0250349e-08 2.9024022e-05 0.0020897638 1.4158858e-06 4.5688612e-08 2.358932e-07 2.7152356e-07 3.8923048e-05 9.017705e-08 3.1054644e-06 4.556199e-06 1.934931e-07 6.329968e-07 1.3023818e-07 0.1304042 3.6929862e-06 8.538464e-05 0.016784605 0.00035758436 0.01018755 4.5385927e-06 2.830618e-07 0.00033095226 0.0007112222 7.973181e-05
0.44603294 0.2957853 0.010280126 0.8457152 0.72606283 0.0006897871 0.8552691 9.4138144e-05 0.980789 7.756804e-06 5.0684874e-05 0.089655556 5.7773614e-06 0.6869502 0.44635162 0.15139611 0.009682247 1.03257366e-16 0.02538249 0.08940152 1.0793331e-06 0.6746411 5.1724605e-06 0.1182344 4.7650487e-06 1.6788734e-07 0.7535233 1.231091e-06 8.5273797e-07 5.7236204e-05 1.5106777e-06 4.3559452e-05 0.8484018 0.01805436 1.9814249e-07 2.1002396e-07 0.00024766833 1.5333302e-07 0.0012263688 2.9346634e-07 0.61998355 0.0067473804 9.763057e-09 0.85279423 1.7610926e-09 0.0004673883 2.3184475e-07 1.08118385e-07 0.9203145 0.26747295 0.00010313911 0.43568957 3.4541674e-05 0.13624012 3.649316e-05 5.5002083e-08 1.02305094e-07 1.9412244e-07 1.532358e-07 5.2233525e-05 0.6827069 1.840526e-09 0.00012008768 8.032745e-08 6.919128e-08 0.00011471278 1.3454583e-06 9.206286e-08 2.3602427e-08 0.000119283446 1.9440467e-08 1.8306782e-08 1.8297985e-08 3.1955333e-05 0.0008262909 1.5544552e-07 2.951349e-05 2.741181e-07 1.1044251e-06 6.7820906e-08 1.987045e-07 4.8300967e-07 1.01812745e-08 0.014479877 1.738528e-09 1.2399748e-05 1.0042737e-08 1.5793146e-08 8.274965e-09 5.098975e-08 3.217877e-08 2.6297872e-07 5.6120403e-08 0.010168448 1.1021577e-06 0.00036286013 2.8190811e-08 4.54984e-09 0.0004805207 7.5672215e-05 2.2881209e-06
0.87835443 5.1374747e-05 4.4375597e-06 0.023087727 4.3911652e-05 3.456884e-06 0.063054055 2.8204315e-06 0.00040713468 1.3718123e-07 0.00012300901 0.9575586 6.138663e-07 0.14215109 0.2852638 0.31040525 1.359966e-06 0.02538249 5.1174464e-16 0.98678577 2.7163183e-05 9.534029e-06 5.220862e-07 0.048018735 1.4186084e-07 3.5917466e-08 0.64284873 3.2682337e-08 4.9947545e-07 6.7855035e-05 8.531033e-07 0.00016641356 0.21305923 0.4019099 1.4310169e-07 5.7752402e-08 0.7650383 1.7090156e-07 0.12403981 4.0806913e-09 8.1469454e-07 0.83680886 4.4513765e-08 0.00042537885 1.0370662e-08 3.1916926e-07 4.2538022e-07 9.998529e-09 0.07532739 0.47357798 0.35970253 4.1820986e-05 0.37140912 2.508815e-07 2.7034055e-08 5.617306e-09 0.0045289854 2.5254025e-07 6.6546146e-09 0.15076576 0.0004976314 4.782594e-08 5.6885e-05 3.4091894e-08 7.6042205e-08 0.00022997748 8.6538313e-07 2.731054e-07 8.2084746e-08 0.11739307 1.1881498e-08 3.8101668e-08 2.009326e-08 0.063581884 0.049324524 3.8159776e-08 0.009461256 5.4332816e-07 5.101102e-07 8.91135e-09 0.0017429384 0.01294875 9.8378344e-08 0.0038801946 3.408565e-08 0.027291972 1.2309195e-08 3.6127368e-08 1.693681e-07 0.020709839 5.857053e-08 4.5390293e-06 1.14578015e-07 6.602382e-07 7.474261e-07 3.5545647e-05 5.812515e-08 3.5085037e-08 0.026918214 4.336293e-06 2.813205e-06
0.6602965 0.00025916833 4.8597743e-05 0.10378604 0.00029935563 1.9159976e-05 0.38778237 1.248085e-05 0.0014186057 9.818933e-07 0.00012886648 0.8000338 3.1874843e-06 0.7901363 0.93665487 0.08903249 8.489742e-06 0.08940152 0.98678577 1.7286823e-15 6.305239e-06 3.3254284e-05 2.3569992e-06 0.014094912 5.4114435e-07 3.6881062e-07 0.8839024 6.356146e-08 1.071653e-06 5.1636314e-05 4.1000185e-06 0.0002584348 0.5791325 0.12067387 3.7708494e-07 1.0895972e-07 0.8017802 1.2546857e-07 0.027220529 1.0962354e-09 7.1753493e-06 0.48102948 6.153295e-08 0.0017167327 2.4734517e-08 2.5410307e-07 5.807946e-07 2.5006566e-08 0.20278056 0.777368 0.23636499 9.743832e-05 0.089778416 7.82356e-07 4.0911887e-09 2.5078354e-08 0.002203846 4.9309364e-07 3.234965e-09 0.012283382 0.0021930295 2.6380928e-08 3.545498e-05 6.295625e-08 3.744876e-08 4.7668782e-05 6.204653e-07 2.6732033e-07 1.4284262e-07 0.01351502 4.647551e-08 2.5678983e-09 3.0209664e-09 0.0058495677 0.00839081 7.996943e-08 0.034581833 1.1433722e-07 1.0250139e-07 1.549678e-08 0.00034866927 0.0008040921 7.271418e-08 0.018890701 1.0338214e-08 0.001420151 1.1494437e-08 8.567987e-08 2.0491717e-08 0.00091148115 1.5178467e-09 2.3539553e-06 3.4337855e-08 1.0795472e-06 1.7489041e-06 3.1937783e-05 9.0822105e-08 2.291368e-08 0.0049613547 1.599407e-06 1.540529e-06
0.87598807 0.035610214 0.060093295 0.0038048986 0.0014711409 0.0064139636 0.0003719802 0.012829891 5.5215813e-05 0.36955553 0.98532754 0.0002188692 0.07185186 5.2367e-05 1.3274904e-05 0.22303763 0.0007736662 1.0793331e-06 2.7163183e-05 6.305239e-06 2.4207006e-13 7.242252e-05 0.64120907 0.14188884 0.037136544 0.02949897 2.3365012e-06 0.0028617939 0.2743992 0.9795709 0.8329584 0.67278785 1.2003796e-06 0.061611556 0.023494733 0.0022392815 2.4693072e-05 0.01605964 0.082177736 0.0020526631 6.240374e-06 0.0020987922 0.0023906876 8.9485654e-09 0.0062685823 6.2973755e-05 0.46624023 0.028327806 1.1201281e-08 7.6110007e-07 3.9875272e-07 4.9638646e-07 3.999248e-06 3.444583e-06 3.146246e-07 0.0034529998 2.0300163e-06 0.00026616434 0.0010998799 0.0023415226 2.005131e-07 0.00061603746 0.24754602 0.0035904956 0.006660495 0.25621897 0.062420446 0.00017138575 4.2722117e-05 0.0018251664 0.001867503 8.939431e-05 0.0002793523 0.00038501606 0.10038461 0.0017908933 8.209931e-08 0.014010047 4.150602e-05 0.00042629914 2.1372256e-05 6.527706e-06 0.00040527547 2.4670015e-08 0.00077243865 0.0001843093 1.6838515e-06 3.6038193e-05 0.0012382177 6.133575e-08 8.902958e-07 4.782848e-05 5.628718e-07 5.334233e-07 0.0006229366 0.030893698 1.7987144e-06 6.5640816e-06 0.04078116 4.4073954e-06 0.0036166292
0.56703025 0.8249959 0.46076563 0.190865 0.9099926 0.25056356 0.06706569 0.45225364 0.8765038 0.002456694 0.002377743 0.00015579438 0.00091058016 0.0012958613 0.0003054751 0.009000283 0.9045696 0.6746411 9.534029e-06 3.3254284e-05 7.242252e-05 3.3495776e-14 0.0014455799 0.102439515 0.0023983924 2.015269e-05 0.00056358706 0.00032826624 9.142748e-06 0.0014898875 3.8930473e-05 0.000109801585 0.0004096521 0.00024177405 0.0001585162 0.000121072255 7.711035e-07 2.1902295e-05 7.775194e-06 0.00638767 0.9769991 0.00042681632 1.0341335e-07 0.6531568 2.466793e-09 0.910535 5.4253105e-06 5.9181733e-05 0.0049772067 1.5535159e-07 5.1625227e-07 0.39987692 1.8930723e-05 0.2580639 0.44454476 9.821912e-07 8.434703e-08 4.257474e-06 1.1340011e-06 1.4026715e-06 0.06769445 1.8659449e-08 0.0019384857 1.1582409e-05 6.826798e-07 0.000996488 1.21610165e-05 6.9942246e-07 2.0203893e-07 4.4827462e-05 1.5785619e-06 9.428382e-08 1.8480308e-07 1.2031285e-05 9.236173e-05 8.331218e-07 2.8106342e-09 3.994308e-06 3.2032601e-06 2.3714923e-08 1.4211798e-07 1.0438956e-07 1.3472025e-07 7.556919e-06 2.6011689e-08 2.0393986e-06 3.538936e-08 3.3717836e-07 4.855698e-07 5.9542373e-08 0.00028595023 5.558861e-07 2.4196513e-07 0.08903083 1.949482e-05 0.004717095 1.1363433e-07 2.4578958e-07 7.64838e-05 3.572761e-05 7.382081e-06
0.9836344 0.0019572766 0.02275446 0.00028294674 0.0005277251 0.014381292 2.4788937e-05 0.06752137 6.1499544e-05 0.9270948 0.8208558 1.2304966e-05 0.74674296 8.578274e-06 1.2918339e-05 0.004954066 0.020893635 5.1724605e-06 5.220862e-07 2.3569992e-06 0.64120907 0.0014455799 1.6584244e-13 0.0067988094 0.7710513 0.86084974 3.1999687e-06 0.3431832 0.90924644 0.2579609 0.9306316 0.04166137 4.076761e-06 0.0012400784 0.10654516 0.013565011 1.5541343e-06 0.02865168 0.0023638078 0.20613053 1.5622742e-05 5.6723293e-05 0.0070752683 1.0377954e-06 0.0073850118 0.00031668623 0.17975423 0.7577983 6.8758574e-08 8.6002296e-07 2.0989721e-07 4.0122823e-06 3.3700802e-05 9.493934e-06 1.6254666e-06 0.29127702 8.979666e-09 0.00025519825 0.03856957 1.5178543e-05 2.861499e-06 0.00043745252 0.26359183 0.016141882 0.0063282247 0.14457533 0.018804291 7.7980476e-05 7.300163e-06 5.43844e-05 0.04740537 0.0068232385 0.0075118425 1.9282368e-07 0.002042512 0.021573966 4.452534e-07 0.008715785 0.00077043945 0.0024690225 2.4318658e-07 8.426273e-07 0.00031354226 6.0385486e-07 0.00022430795 1.4333641e-06 0.00026105906 6.0295086e-05 0.001578623 1.0783993e-07 2.5237568e-06 1.9552019e-05 0.00028696953 4.18633e-06 0.007960975 0.09966071 8.6773434e-05 1.2696396e-06 0.0007964836 0.0018371155 0.016207246
0.9958383 0.69353545 0.39468127 0.71188843 0.46520567 0.0650451 0.33380127 0.021606604 0.28267226 0.024998916 0.46331897 0.20899545 0.020149706 0.031082278 0.026810471 0.9800455 0.045160346 0.1182344 0.048018735 0.014094912 0.14188884 0.102439515 0.0067988094 1.4479962e-14 0.038668714 0.0018204564 0.042540453 0.0011637189 0.0013961415 0.07096383 0.00431052 0.7654447 0.0029082748 0.46284026 0.00013076844 1.9228635e-05 0.0068153013 0.00017031883 0.40999174 0.0031810377 8.175464e-05 0.012755071 7.4976066e-05 3.636878e-05 4.471333e-05 0.00029011222 0.014043757 0.00084567245 0.00020855249 0.00077246886 0.005335492 1.6632019e-05 0.0007358075 2.8263077e-05 1.0810415e-05 0.0011324025 0.00013286904 1.884597e-05 0.00012436432 0.006344746 2.8447776e-05 2.8380058e-05 0.04187901 9.560264e-05 0.0005802093 0.085033745 0.009190459 4.2180095e-06 9.018234e-07 0.0046232515 0.0005558814 6.89939e-07 3.449457e-05 0.00074631546 0.3549189 0.00021779438 3.2585797e-06 0.002646274 1.674941e-05 5.895862e-06 4.6616253e-05 8.998767e-05 1.6613803e-05 2.3090059e-05 2.0145579e-05 0.0006205834 6.0600584e-08 2.2700722e-06 4.3424032e-05 1.1833242e-05 1.1923089e-06 4.4719454e-06 7.3531055e-08 2.998089e-05 9.9401535e-05 0.013247897 3.327663e-08 1.3477095e-06 0.06559735 2.390303e-05 0.0006885196
0.886616 0.02463802 0.13647687 0.00040931857 0.0041739424 0.0816375 2.8328923e-05 0.7256518 0.00067266694 0.84157735 0.36818653 2.5584816e-06 0.9859016 3.155703e-05 1.106434e-05 0.0031154687 0.37552723 4.7650487e-06 1.4186084e-07 5.4114435e-07 0.037136544 0.0023983924 0.7710513 0.038668714 1.4242759e-13 0.43654555 1.4739254e-07 0.99539334 0.065829016 0.26370043 0.05292144 0.0050379634 1.3049423e-06 0.00041253024 0.08333073 0.025835782 3.1684465e-07 0.011440747 0.000523919 0.68278706 7.671737e-06 7.4720105e-05 0.004232052 1.0946318e-07 0.009204726 0.010581562 0.0022516926 0.3533234 5.0142862e-08 9.206637e-08 4.1948542e-08 5.759263e-06 5.823407e-06 1.9712228e-05 0.00040408503 0.034073323 5.0189914e-07 0.00035559142 0.46046776 7.687586e-06 2.168283e-05 1.49058305e-05 0.045647252 0.0059628617 0.00068704045 0.038003303 0.0019515535 0.00048077694 0.00013429354 2.187007e-05 0.0039192745 0.008946737 0.018871399 4.6829127e-06 0.00077804906 0.0010822976 1.1961203e-07 0.0009838595 0.023353469 0.00016298983 1.9618868e-05 2.1796277e-05 0.00062209327 1.0709925e-05 7.6719094e-05 1.3854504e-05 2.5118963e-05 1.4558218e-05 0.00058105733 8.1663735e-08 0.034333073 8.3113635e-05 0.00024098148 3.286109e-05 0.003024348 0.064966746 5.527682e-05 2.9360056e-06 0.00050880195 0.0013262162 0.0025157467
0.92906666 0.00017021997 0.0006642531 1.9875399e-05 8.413274e-05 0.0011631213 8.526982e-07 0.0052552735 6.39656e-06 0.32085732 0.13220702 2.6115404e-07 0.3773095 1.8769425e-06 3.258741e-06 0.00028260265 0.0010901596 1.6788734e-07 3.5917466e-08 3.6881062e-07 0.02949897 2.015269e-05 0.86084974 0.0018204564 0.43654555 1.2687866e-13 2.3252345e-07 0.21740629 0.75970787 0.027741965 0.27810934 0.0017238322 1.042667e-05 0.0001283172 0.8534509 0.82870734 4.2800042e-07 0.38949227 0.00028542412 0.0505929 2.4415957e-07 2.4203896e-07 0.2517111 4.7514916e-07 0.47419426 0.00015995397 0.014811487 0.91050255 1.8338094e-08 2.6256286e-08 1.9017143e-07 2.7840667e-07 1.4718788e-05 2.8985238e-07 2.7738936e-06 0.96535414 4.838139e-08 0.0465936 0.17130932 1.4874901e-07 8.9619147e-07 0.008549118 0.060568787 0.18889184 0.023793861 0.025899252 0.018730385 0.020827144 0.0022658366 6.244369e-06 0.70477986 0.45100418 0.19773062 4.8474593e-08 0.0005451508 0.48864564 2.6356233e-08 0.015206943 0.015241731 0.03098267 4.5421626e-07 1.9200087e-07 0.0339693 7.689276e-07 0.0027984947 2.2213828e-06 0.033613395 0.0013978303 0.00964278 1.651652e-07 0.00012386068 0.0005836462 0.05084282 1.9593783e-06 0.0904971 0.14865729 0.0062861852 0.00016169892 5.4877208e-05 0.15881976 0.04155961
0.83977973 0.00047947973 2.9165836e-05 0.65676975 0.00091534934 1.6615737e-05 0.892696 5.6741114e-06 0.02511232 2.5174194e-07 4.0333503e-05 0.5114987 9.469135e-07 0.825745 0.7302523 0.13641289 1.0418479e-05 0.7535233 0.64284873 0.8839024 2.3365012e-06 0.00056358706 3.1999687e-06 0.042540453 1.4739254e-07 2.3252345e-07 1.1187268e-13 3.617108e-08 3.4918452e-07 0.0001055271 1.0709663e-06 7.292291e-05 0.9932156 0.12287916 1.5404254e-07 2.283518e-07 0.23807706 8.5305527e-07 0.011423707 8.323784e-09 0.00080996356 0.4943029 1.9147406e-07 0.016740428 2.2547981e-08 3.685838e-07 2.1139824e-07 5.6680296e-09 0.45169064 0.710161 0.021407599 0.0015100865 0.01905046 0.00036293417 3.3108797e-08 4.4002796e-08 0.0002040523 1.2217273e-06 4.1978883e-08 0.0022293958 0.012261501 2.3879323e-08 0.00017847097 4.889914e-07 2.3044522e-07 0.0003024061 4.647002e-06 2.5290203e-07 4.5861069e-07 0.011969352 2.6917556e-07 2.0674703e-08 8.54745e-09 0.00428586 0.0067305937 1.8054625e-07 0.012844294 4.1213957e-06 7.814954e-07 1.6519126e-08 7.937795e-05 0.00014370805 3.0527442e-08 0.06874797 1.8381728e-08 0.0017651425 2.65225e-08 8.118428e-09 4.9291964e-07 6.2115505e-05 4.323267e-09 1.7100753e-07 2.8494949e-08 5.388137e-05 1.2578222e-05 0.0003547362 1.2001439e-08 6.2130137e-09 0.006463789 2.435186e-06 1.6794853e-05
0.15283367 0.0032976072 0.02717484 6.994199e-05 0.0016987892 0.049676195 2.6118928e-06 0.6042877 0.000121682395 0.41740897 0.057281394 1.1625064e-06 0.7346061 2.7130934e-06 2.617235e-07 0.00024203288 0.5616662 1.231091e-06 3.2682337e-08 6.356146e-08 0.0028617939 0.00032826624 0.3431832 0.0011637189 0.99539334 0.21740629 3.617108e-08 7.778006e-15 0.011484687 0.012155539 0.0067769387 0.0006206373 6.299779e-07 2.3603767e-05 0.007983522 0.0020124975 2.0822564e-07 0.0011270655 0.000101569145 0.9738219 4.250617e-06 7.102691e-08 0.0013263926 7.657637e-08 0.008758134 0.008339152 9.4196694e-05 0.86782384 9.822637e-10 1.3078252e-08 1.9907294e-08 1.9267395e-06 4.642477e-07 4.548684e-06 0.00024672394 0.15637249 7.723414e-07 9.414851e-06 0.83315706 4.9263882e-08 1.2653286e-05 6.1371e-07 0.0015323128 0.0002156038 0.00017626579 0.0017617313 0.00023463443 1.9016474e-05 1.2464126e-05 4.233856e-06 0.013750071 0.025583088 0.0971157 7.823089e-07 0.00017208245 0.0019229748 8.575386e-10 7.180679e-05 0.21673627 0.0002068362 7.1860185e-08 2.5353893e-08 2.6790558e-05 1.4235395e-06 9.480457e-07 3.8846468e-07 1.5717127e-05 6.9936317e-07 9.893057e-07 6.138054e-09 0.23796916 5.884656e-06 0.00076199666 6.272002e-06 0.00030517636 0.0032565233 8.7250315e-05 8.932677e-08 5.0534716e-05 0.011773483 4.456646e-05
0.82352686 0.00067489373 0.0024237486 0.0001651401 6.859449e-05 0.00041004256 6.462451e-06 0.0012718611 1.13595115e-05 0.14458127 0.33213153 1.8556966e-06 0.10945749 3.939405e-06 4.9193136e-06 0.0007336473 0.00011567601 8.5273797e-07 4.9947545e-07 1.071653e-06 0.2743992 9.142748e-06 0.90924644 0.0013961415 0.065829016 0.75970787 3.4918452e-07 0.011484687 1.3178078e-13 0.026742335 0.9470431 0.012598909 6.7279457e-06 0.0005702103 0.94546837 0.6176147 1.8959659e-06 0.66443264 0.000670288 0.0015465748 1.3906117e-05 2.049552e-05 0.58898324 4.839614e-07 0.73818004 3.2372216e-05 0.36411792 0.29758516 6.545153e-08 1.0254617e-07 7.9737006e-08 1.2478679e-06 8.090592e-06 1.7993663e-06 3.3896742e-07 0.32241026 4.2847723e-06 0.032875836 0.008559034 1.2672113e-05 1.5689652e-06 0.043783624 0.085888594 0.14285934 0.10490532 0.023972098 0.06952255 0.0015078997 0.0005203872 1.6224489e-05 0.12675278 0.01810197 0.005845057 6.6926236e-07 0.0011233313 0.10011421 5.297869e-08 0.052324083 0.000790135 0.044119373 2.5457833e-08 8.894997e-09 0.0045945677 1.3595802e-07 0.0017758297 3.6741127e-07 0.009342352 0.00023519495 0.008764809 1.4697315e-07 9.814556e-08 0.00014230306 0.006239619 3.7632657e-07 0.025938977 0.0904532 0.0009723694 7.51673e-05 0.00084083644 0.0021412834 0.016334137
0.92747325 0.12196841 0.26224694 0.002969504 0.014149902 0.061535396 0.00030096123 0.091955364 0.0021149546 0.45018014 0.8585144 0.000396882 0.25550163 0.00043410202 0.0004576192 0.02539075 0.028191874 5.7236204e-05 6.7855035e-05 5.1636314e-05 0.9795709 0.0014898875 0.2579609 0.07096383 0.26370043 0.027741965 0.0001055271 0.012155539 0.026742335 2.645135e-13 0.45159662 0.9882833 1.5891603e-05 0.012340304 0.007599662 0.0008228827 2.295943e-05 0.006839986 0.010844084 0.019289585 1.0474178e-05 0.0003706733 0.0005913939 1.1387403e-06 0.0012242147 0.00057274126 0.12133136 0.024554648 3.3554272e-07 7.537838e-06 2.1126505e-05 3.4239558e-06 2.5458723e-05 2.885575e-05 3.0224217e-05 0.011143454 2.6846183e-07 0.00028699194 0.0015254774 0.00056727004 3.1896918e-06 0.0004100316 0.13728361 0.00078719266 0.0047338256 0.40135825 0.016090157 0.00020444926 6.0194656e-05 0.0009735594 0.0030088515 8.6458625e-05 0.00044852353 0.00012331075 0.012656231 0.006426185 6.5106235e-07 0.0020757306 8.1210535e-05 0.0002920081 1.0227613e-05 1.2663959e-05 0.00023044161 1.6920757e-06 0.00023907468 4.731374e-05 8.246759e-06 5.1262872e-05 0.00025021308 2.0730447e-07 2.4710058e-05 3.358456e-05 1.5507463e-05 5.701725e-05 0.00010938718 0.018197263 3.1639881e-06 1.3969559e-05 0.005912507 0.00012076678 0.0014289238
0.88915706 0.0005810587 0.0033656256 0.00010050393 0.00011272374 0.00087713863 1.3216694e-05 0.0025945988 1.0545994e-05 0.28106248 0.5480553 7.872791e-06 0.07210767 1.3231905e-05 2.6620048e-05 0.0012582351 0.0004080239 1.5106777e-06 8.531033e-07 4.1000185e-06 0.8329584 3.8930473e-05 0.9306316 0.00431052 0.05292144 0.27810934 1.0709663e-06 0.0067769387 0.9470431 0.45159662 5.4123096e-13 0.19199796 2.1667379e-06 0.0012460045 0.52062905 0.06306993 1.16639585e-05 0.51739246 0.0014361817 0.0020780796 1.0406894e-06 6.704193e-05 0.047195226 6.557499e-08 0.015584707 2.278806e-05 0.96292233 0.119523525 6.337914e-08 6.127392e-07 6.2215495e-06 1.4026609e-06 2.227096e-05 9.970914e-07 1.2679661e-06 0.02864223 4.602842e-06 0.0037367109 0.0024815267 8.9215195e-05 2.0427542e-06 0.010475903 0.6380928 0.075368814 0.088510275 0.15604736 0.34919015 0.0011342121 0.00024161152 0.00012755915 0.008678775 0.0026338336 0.0017847186 2.2894057e-05 0.003020314 0.009014241 5.0480764e-07 0.121394195 0.00032875902 0.0019183708 4.058765e-06 3.933042e-06 0.0010623793 1.1505258e-07 0.00079250836 4.2162337e-05 0.00045190405 0.00017783217 0.0034500258 1.1581558e-07 7.8839577e-07 7.816684e-05 0.0004343029 2.1527926e-07 0.004683447 0.15784591 0.000111053305 8.524071e-05 0.0019243809 0.0003569369 0.012502652
