5.41e-43 0.55655855 0.5695994 0.7386114 0.748429 0.4017738 0.7230328 0.82841843 0.72745335 0.5937991 0.88638556 0.118654825 0.8819648 0.86528635 0.8415908 0.8618598 0.22610359 0.6608249 0.10294025 0.46140954 0.5908533 0.8686305 0.8300845 0.20439917 0.30993813 0.88362193 0.022360224 0.02426028 0.08308991 0.016902283 0.13065054 0.71676224 0.76257503 0.057139352 0.028375046 0.8244823 0.006698937 0.004424694 0.16461644 0.0048485906 0.0058192876 0.78884125 0.8014339 0.9219644 0.01061967 0.089004196 0.45162416 0.027613161 0.0032155062 0.21091571 0.63169223 0.12804446 0.7554153 0.026500532 0.111714214 0.024095913 0.00034182108 0.0014342851 0.00016810613 0.20659311 0.059767704 0.005241929 0.043478675 0.6455286 0.00010289232 0.13506787 8.649004e-05 0.6778682 0.6395499 0.15847026 0.00020742149 0.00057096174 7.6212425e-05 1.5976562e-05 0.78045404 0.04803939 0.00012778526 3.679029e-05 0.019449605 0.003500443 0.9907633 7.934669e-05 8.906376e-06 9.39714e-05 0.017771928 0.00715801 0.023524106 0.030437121 0.00051881984 0.010880989 0.026591493 0.003342544 0.01095583 0.94785804 0.002629819 9.583268e-07 2.4792791e-05 0.00035073078 5.4146913e-05 0.0019477697 0.0015921622
0.55655855 4.209885e-22 0.5793142 0.37513015 0.47526592 0.32853088 0.54733145 0.19123113 0.44419006 0.1343893 0.15131697 0.21862206 0.12469419 0.05983899 0.07460787 0.047553264 0.16421418 0.07852595 0.077701725 0.26161307 0.27020156 0.028825477 0.029227171 0.09408074 0.14054365 0.13012727 0.04986591 0.043543603 0.058065508 0.012041997 0.03512108 0.008308578 0.066495664 0.038116526 0.01537123 0.02590625 0.0079589365 0.007330302 0.009431104 0.006006418 0.0038909244 0.0005196624 0.054268632 0.0017730384 0.005511165 0.010192453 0.0072161057 0.026115637 0.0043537198 0.0032139032 0.000101361766 0.0026048447 0.0036709753 0.02198371 0.0003188828 0.024786454 0.00029025087 0.0011439564 0.00049644045 2.6957094e-05 9.985275e-05 0.0010262234 5.1961157e-05 2.9399607e-05 0.00022840398 6.272903e-05 0.00022395869 0.15643671 0.027361684 0.000105471256 1.2835103e-05 0.000119683864 4.4711156e-05 9.614704e-05 0.017093582 1.2510236e-05 1.44186515e-05 4.124785e-06 0.021271592 0.00022121718 0.00016176401 3.170963e-06 1.8635008e-05 2.3654525e-06 0.01912991 9.31853e-06 0.016524771 2.6246826e-06 0.00014687906 0.013223612 1.1343727e-05 6.5031927e-06 4.5759125e-06 0.022309048 1.9471094e-05 2.2623697e-06 7.5342446e-06 4.55774e-05 4.1293017e-05 4.1669878e-06 0.000117354524
0.5695994 0.5793142 3.9772125e-22 0.4506635 0.36751324 0.49983394 0.31776828 0.2451461 0.33101127 0.23750219 0.2155559 0.34186235 0.19355772 0.09223851 0.11964207 0.080253996 0.14617397 0.13544306 0.1526728 0.20148279 0.31168798 0.05169405 0.053668223 0.083343886 0.09629965 0.22055647 0.051556762 0.047369864 0.10008205 0.027985811 0.060299184 0.016627412 0.12576644 0.03363416 0.036184233 0.13242653 0.0154986745 0.014459426 0.03785901 0.012770558 0.009843785 0.0020653864 0.059198376 0.0050545326 0.015296629 0.024091985 0.020714568 0.035534233 0.00882032 0.0073125316 0.00037459034 0.005636411 0.0137222875 0.016748205 0.0009071976 0.028952416 0.0008795816 0.0017840524 0.001027692 0.00010621234 0.00026265008 0.0015725448 0.00012822362 0.00013615168 0.0009272098 0.00021707566 0.00042576404 0.14760983 0.024178375 0.0004430075 4.16149e-05 0.00023739817 0.00014871136 0.00025416573 0.016388083 4.010643e-05 2.9782663e-05 9.210274e-06 0.017394397 0.0005333269 0.0007771747 6.341802e-06 5.2485895e-05 4.465566e-06 0.017390732 3.1812117e-05 0.014547332 9.227717e-06 0.00024507137 0.0104782 2.7429749e-05 1.3714815e-05 1.678875e-05 0.019811925 5.7071156e-05 3.8358703e-06 2.00339e-05 7.746784e-05 7.823351e-05 8.363917e-06 0.00013754694
0.7386114 0.37513015 0.4506635 3.8896898e-23 0.45116028 0.52416706 0.25391516 0.61091906 0.27984193 0.4908951 0.34527582 0.22298118 0.30627063 0.24764289 0.2675518 0.22185305 0.07908888 0.275844 0.16106267 0.09271351 0.31228247 0.13022089 0.14876838 0.04135578 0.043121547 0.2652569 0.03963249 0.03272532 0.13984053 0.032220304 0.098504506 0.04146119 0.15461771 0.014947469 0.050444815 0.117893785 0.016505234 0.01106097 0.0286123 0.0106025385 0.009840698 0.0033917928 0.05298011 0.004362924 0.022772517 0.05306819 0.015702447 0.011701547 0.0047758264 0.017360158 0.00039801208 0.015677443 0.008632822 0.00686364 0.0006631533 0.0068933596 0.00063574046 0.0047656167 0.00081754255 3.720164e-05 0.00010757704 0.0046161013 6.5730805e-05 0.00015317042 0.0007052881 5.9492002e-05 0.0002002268 0.10824518 0.018344523 0.00014592365 4.5664896e-05 0.0007684684 3.4131666e-05 0.00035587623 0.009622956 1.7869435e-05 3.012439e-05 1.0133929e-05 0.0026674154 0.0011728377 0.0018794944 4.841491e-06 7.556851e-05 2.485459e-06 0.0021987646 2.9902449e-05 0.003309835 8.633829e-06 7.695248e-05 0.0011191881 4.0692044e-05 2.7059426e-05 3.3603625e-05 0.0212226 0.00010884461 6.0874445e-06 1.177967e-05 1.8300805e-05 9.068256e-05 2.2070122e-05 3.4848796e-05
0.748429 0.47526592 0.36751324 0.45116028 2.647547e-21 0.30173224 0.50614256 0.32768598 0.57176316 0.20337807 0.21295348 0.15049814 0.17747939 0.095862485 0.11773082 0.07981634 0.09531226 0.108452424 0.07154054 0.12827776 0.3782775 0.050846204 0.046207704 0.044080053 0.04456524 0.1932937 0.026128778 0.01748228 0.052511714 0.010154324 0.03238259 0.010726867 0.12327363 0.020193655 0.01565168 0.025918694 0.005121396 0.0040196762 0.010733668 0.003569895 0.0030754309 0.0005543382 0.093034975 0.0012033927 0.0070731356 0.010842632 0.01119471 0.008414606 0.0018984529 0.003155345 8.715385e-05 0.002793575 0.0058862222 0.010615965 6.5238004e-05 0.0061911535 8.925648e-05 0.0007798933 0.0001539592 1.3851611e-05 3.0298848e-05 0.0011667048 1.9779567e-05 5.109668e-05 0.000107351974 2.9260502e-05 6.738011e-05 0.13394637 0.039370757 5.6053093e-05 5.867938e-06 0.00012173288 1.4511574e-05 8.557026e-05 0.026412152 4.9029354e-06 1.5634783e-05 7.833695e-06 0.0071109715 0.00013650296 0.0005807701 5.38799e-06 2.6007465e-05 3.7745863e-06 0.0062570013 6.557462e-06 0.008080529 2.6520072e-06 6.529826e-05 0.004379752 1.4210593e-05 1.0743293e-05 8.782606e-06 0.039563052 2.3229803e-05 3.7697941e-06 8.01008e-06 1.4823427e-05 0.00010261696 1.1068782e-05 0.00012325431
0.4017738 0.32853088 0.49983394 0.52416706 0.30173224 9.813321e-23 0.20026208 0.36470523 0.23991276 0.5673428 0.28219354 0.39505583 0.2631482 0.18040735 0.19115546 0.18411227 0.08053983 0.34164524 0.36588004 0.1082181 0.321831 0.10114136 0.17093098 0.0442454 0.047726873 0.29977122 0.03974423 0.046347987 0.16658756 0.077826954 0.09617815 0.03588527 0.14239666 0.019489994 0.10954157 0.31014752 0.030512733 0.022133404 0.084005326 0.023895776 0.023971748 0.004327249 0.04419266 0.0094009135 0.043213915 0.068684176 0.030941883 0.01896358 0.014552334 0.009207749 0.00048040933 0.009090328 0.020708164 0.006785417 0.00040305298 0.012213419 0.0015249224 0.0035911256 0.0013011467 0.00015078625 0.00011044189 0.0017057984 6.2044e-05 0.00034241308 0.0026644927 0.00022052586 0.00058794196 0.0952332 0.010470109 0.00045006434 0.0002468256 0.00048401332 0.00017910151 0.00044206888 0.005856316 2.7963257e-05 3.5356217e-05 8.784122e-06 0.0034302266 0.00034131162 0.003897076 4.6428822e-06 9.955733e-05 3.7623488e-06 0.002046429 2.3320568e-05 0.0012151129 1.616498e-05 0.00020946698 0.00064519385 7.760759e-05 1.775005e-05 4.560353e-05 0.011678051 5.4999862e-05 4.2547053e-06 2.051752e-05 5.3457927e-05 9.2531176e-05 3.2617056e-05 6.630809e-05
0.7230328 0.54733145 0.31776828 0.25391516 0.50614256 0.20026208 9.924913e-22 0.13684098 0.7146574 0.08734539 0.092447676 0.11378718 0.07471138 0.030921131 0.042008422 0.019642469 0.16896926 0.03822799 0.03952066 0.36140525 0.30212572 0.014230232 0.015820863 0.09825786 0.16899917 0.09068278 0.033789244 0.019906132 0.020188624 0.005200506 0.01108585 0.0032334602 0.060734943 0.04770112 0.009622295 0.011326833 0.0028731658 0.00269831 0.0028483528 0.002631953 0.0019700588 0.00011438888 0.089361586 0.00045244637 0.005465454 0.0075394777 0.0030637286 0.013466311 0.0019471206 0.0011841925 2.5733434e-05 0.0015172681 0.002528085 0.027314914 8.711571e-05 0.016550777 0.000100414065 0.00063676195 0.00018970872 6.111393e-06 4.096304e-05 0.0012991194 2.6595917e-05 5.419622e-06 0.00014067147 1.08290715e-05 0.00014290745 0.1890202 0.06528896 3.2772616e-05 7.11966e-06 0.00014808145 3.624551e-05 5.3505875e-05 0.040906172 3.823201e-06 2.216817e-05 7.5090593e-06 0.0269365 0.00012855923 8.805446e-05 6.2929776e-06 2.5610041e-05 6.174834e-06 0.020798126 7.382131e-06 0.017043373 1.0083659e-06 0.00012661236 0.017094463 4.9969626e-06 5.871678e-06 2.2902298e-06 0.050595205 2.779191e-05 3.6656454e-06 1.3833473e-05 5.9136208e-05 0.00013959792 3.9876813e-06 0.00021279666
0.82841843 0.19123113 0.2451461 0.61091906 0.32768598 0.36470523 0.13684098 7.184538e-23 0.15239626 0.470887 0.44578552 0.14583772 0.3834788 0.4993767 0.49371684 0.38076228 0.037507623 0.3013449 0.11386599 0.031506892 0.21741046 0.20439503 0.2264068 0.015831338 0.015574277 0.23280847 0.02116997 0.018069968 0.1128284 0.024275534 0.0906157 0.04232384 0.09372208 0.0058954856 0.04717582 0.09749018 0.012018851 0.007010594 0.027228102 0.006483446 0.0064812726 0.0026458057 0.03638408 0.0035514445 0.016097326 0.04894226 0.0106412135 0.003931812 0.0035414484 0.011533662 0.00035697976 0.011886335 0.0068967626 0.0029566484 0.00059191807 0.002741879 0.00036549722 0.0022494528 0.0004777255 3.4496705e-05 8.990618e-05 0.0038532314 4.7903068e-05 0.00017926318 0.00030689948 3.6932805e-05 8.5661624e-05 0.072756365 0.01161436 0.00010540279 1.6069882e-05 0.0003144673 1.6616148e-05 0.00017667878 0.006904041 6.445241e-06 1.4922472e-05 7.2760035e-06 0.0011442989 0.00083456846 0.0023830608 3.285537e-06 6.8814115e-05 2.098857e-06 0.00061951816 2.2072836e-05 0.00075557845 4.2166257e-06 4.0942457e-05 0.00036540732 2.2091388e-05 2.2131919e-05 3.1013697e-05 0.017484557 7.882162e-05 6.064655e-06 2.5123014e-05 1.4618837e-05 6.766505e-05 1.297803e-05 3.336219e-05
0.72745335 0.44419006 0.33101127 0.27984193 0.57176316 0.23991276 0.7146574 0.15239626 5.194909e-21 0.11576917 0.09709706 0.10843104 0.08188535 0.039367754 0.053576447 0.030378345 0.11532783 0.059339263 0.0467912 0.21943082 0.36414886 0.01935724 0.0203174 0.06400561 0.100315616 0.12446322 0.020570004 0.015801465 0.022625618 0.005905536 0.014623802 0.004435186 0.061214257 0.03454461 0.010814728 0.012023597 0.0040389607 0.0026929164 0.0037146406 0.0028047042 0.0022747805 0.0002695855 0.098168306 0.0004557173 0.005013054 0.009321184 0.00391693 0.009087293 0.0017380501 0.0012481856 9.76738e-05 0.0020528287 0.0030049563 0.014708175 9.520177e-05 0.01040302 8.518676e-05 0.0008161913 0.00013864941 1.3202649e-05 4.7951147e-05 0.0015512678 3.2200925e-05 8.826984e-06 7.5132615e-05 2.3821494e-05 6.510271e-05 0.1732055 0.06651802 4.1208357e-05 7.599415e-06 0.0002522963 1.6818125e-05 6.306181e-05 0.041489154 1.2306844e-05 2.0845353e-05 5.6341933e-06 0.010885577 0.00015880489 0.00020947857 4.0838586e-06 3.0297664e-05 3.7516606e-06 0.01173922 1.2512801e-05 0.012647683 6.0830575e-06 0.000127551 0.009852258 1.5206405e-05 1.2753183e-05 4.8445618e-06 0.052753832 6.000677e-05 2.7082026e-06 1.0808828e-05 3.8387487e-05 0.00022026733 1.12159005e-05 0.00038571117
0.5937991 0.1343893 0.23750219 0.4908951 0.20337807 0.5673428 0.08734539 0.470887 0.11576917 1.4363355e-22 0.29139686 0.24382024 0.26494497 0.27095628 0.24642642 0.30497488 0.049727168 0.5898827 0.35955098 0.054887358 0.21487984 0.1964309 0.33187813 0.025168631 0.024549233 0.3025409 0.03222419 0.030383836 0.2808114 0.1021465 0.21697053 0.084463805 0.1314264 0.011779064 0.20449317 0.35185477 0.042375546 0.024280066 0.10533474 0.025457619 0.028532375 0.012499809 0.029974991 0.018791016 0.08788466 0.18445034 0.029973947 0.0071309437 0.012083481 0.039674163 0.0031135038 0.040001143 0.02246196 0.002392796 0.0018253403 0.0027476486 0.001791919 0.0072303303 0.0016564206 0.0005745913 0.0006755715 0.00515331 0.00038990087 0.0012813305 0.0026247741 0.0006567921 0.00047871948 0.071658924 0.006345354 0.0011630215 0.00025976467 0.001335014 0.00011153794 0.0006814313 0.004068702 9.9855046e-05 4.1513107e-05 1.526914e-05 0.00070782885 0.0009852463 0.011332273 8.733278e-06 0.00018819956 6.0070815e-06 0.00015087788 7.890646e-05 0.00017329853 0.00014814798 0.00013442707 5.3652726e-05 0.000271357 0.00013133022 0.00017884087 0.010060277 0.00022919211 4.8209463e-06 5.4687145e-05 3.1722622e-05 0.00012453688 0.00018807717 3.9775616e-05
0.88638556 0.15131697 0.2155559 0.34527582 0.21295348 0.28219354 0.092447676 0.44578552 0.09709706 0.29139686 5.8573554e-19 0.11699574 0.6911816 0.3105039 0.4757465 0.21736875 0.020716399 0.22783385 0.09013188 0.016951786 0.20100783 0.1561355 0.18010451 0.008801787 0.008454028 0.2584941 0.007463272 0.008004296 0.06507719 0.008428364 0.05421681 0.027900634 0.05198494 0.0027341146 0.02235791 0.05563581 0.0033772474 0.0017854217 0.016865306 0.0019760102 0.0018913961 0.0021952884 0.054089386 0.0020359259 0.008074182 0.02351544 0.011040252 0.0015068023 0.0011432557 0.0062476518 0.0005732019 0.00681876 0.015047308 0.0014586304 0.00020717396 0.0017055641 5.7064848e-05 0.0002516098 8.64165e-05 8.9688154e-05 5.6727462e-05 0.0017649499 3.949944e-05 0.00013342433 5.742029e-05 0.000116882955 1.5724789e-05 0.061300036 0.025150752 0.00015828357 4.040579e-06 5.7969017e-05 4.258525e-06 6.639839e-05 0.015375512 8.000827e-06 8.126418e-06 3.8651406e-06 0.0006319564 0.00030293665 0.0015706737 5.6127305e-06 4.6573503e-05 4.2179686e-06 0.0010533838 1.0656467e-05 0.0023058022 5.69109e-06 2.7675429e-05 0.0007460482 2.4239287e-05 1.4724476e-05 2.325048e-05 0.036842994 6.0363323e-05 1.0401671e-05 8.825363e-05 2.4476785e-05 0.00019000185 1.1287784e-05 0.0001430101
0.118654825 0.21862206 0.34186235 0.22298118 0.15049814 0.39505583 0.11378718 0.14583772 0.10843104 0.24382024 0.11699574 1.2947329e-23 0.110369936 0.076143816 0.0877996 0.07818176 0.15710044 0.20596424 0.6430688 0.07447541 0.093423404 0.054927386 0.06394257 0.08402293 0.049794476 0.06558257 0.17094588 0.14245018 0.19089334 0.22667837 0.121132 0.021249406 0.028156957 0.06082771 0.14059328 0.036739603 0.1294308 0.08255157 0.017328342 0.0831337 0.07716697 0.0035846434 0.018668467 0.007878221 0.060870856 0.08280434 0.0061502075 0.100738786 0.10404588 0.012522006 0.00065809616 0.009453788 0.003375185 0.027667819 0.00081207394 0.06380238 0.0081116725 0.003940467 0.0060493825 0.0001616351 0.00040917686 0.0020637973 0.00020778259 0.00012027072 0.0039318292 0.000364198 0.0018637798 0.10483431 0.0049681556 0.00035454964 0.0016972887 0.00027423538 0.0013452435 0.00082609593 0.0029651064 4.2780703e-05 0.00031216803 4.8919945e-05 0.011922017 0.00017633758 0.0033903297 1.1972488e-05 0.00027391833 7.010944e-06 0.016639596 2.4520965e-05 0.016863395 1.209276e-05 0.0020936334 0.0076217116 3.4137036e-05 5.2932337e-06 1.6482e-05 0.0059170565 2.1063695e-05 6.6327725e-06 1.6427875e-05 0.00026178206 3.3479097e-05 4.883732e-06 0.000114020855
0.8819648 0.12469419 0.19355772 0.30627063 0.17747939 0.2631482 0.07471138 0.3834788 0.08188535 0.26494497 0.6911816 0.110369936 7.3726825e-19 0.30465728 0.48594534 0.20354958 0.018408317 0.20614535 0.08889431 0.014170449 0.19109277 0.14936267 0.16718754 0.008154577 0.007417823 0.2760906 0.007006831 0.007751152 0.06571668 0.008533364 0.058046427 0.0306532 0.048138406 0.0023665596 0.022335295 0.05355647 0.003680998 0.0018614876 0.018093772 0.0019272314 0.0019921826 0.0026536821 0.050117023 0.0019578086 0.008263051 0.025351172 0.010166916 0.0013426217 0.0011118393 0.006552524 0.00073020294 0.0071085105 0.013907531 0.00120057 0.0002201705 0.0017437232 5.164414e-05 0.00025159135 7.6242155e-05 8.667732e-05 6.968181e-05 0.001966296 4.6533103e-05 0.00011775015 5.8929592e-05 0.00012568348 1.600604e-05 0.05641582 0.024271147 0.00014325102 3.4828545e-06 7.21571e-05 4.1450858e-06 7.4291784e-05 0.014692775 1.0001414e-05 1.0768609e-05 3.8341223e-06 0.0005801205 0.00038123442 0.0014996437 6.159354e-06 4.8697122e-05 4.3430887e-06 0.0008990748 1.2583575e-05 0.0021911513 7.9158535e-06 2.8055227e-05 0.0006085637 2.608332e-05 1.2783869e-05 1.9844016e-05 0.036654413 7.189257e-05 1.5206564e-05 0.00012495578 2.9197647e-05 0.00024003876 1.2282033e-05 0.00015987651
0.86528635 0.05983899 0.09223851 0.24764289 0.095862485 0.18040735 0.030921131 0.4993767 0.039367754 0.27095628 0.3105039 0.076143816 0.30465728 4.1680213e-21 0.65023935 0.7081743 0.009851379 0.25987044 0.078709856 0.01133451 0.074367285 0.51937646 0.33262694 0.0052041975 0.006833723 0.15333796 0.0102701215 0.00946339 0.08836096 0.019728031 0.12209084 0.068016 0.05972238 0.0018593328 0.05099828 0.13092233 0.0085288575 0.0043402463 0.0270791 0.0042106267 0.0044013285 0.0050330744 0.024130955 0.0053948704 0.01426056 0.05625777 0.010784577 0.0023598908 0.002857816 0.025842743 0.0013422421 0.019994693 0.01350175 0.0012246642 0.0018040779 0.0018894301 0.00011070087 0.0008540834 0.00022082386 0.00012292726 0.0003516681 0.003883047 0.00017975364 0.0004503602 9.6780605e-05 0.000193353 3.742854e-05 0.04665663 0.0071735713 0.00035342498 5.362206e-06 0.00016538234 5.759268e-06 7.927938e-05 0.0043117576 1.72184e-05 6.54792e-06 2.497308e-06 0.00020210072 0.0010033017 0.0063404664 3.163566e-06 6.9612324e-05 2.162807e-06 0.00025315647 2.005749e-05 0.0004532174 9.895855e-06 2.5585874e-05 0.00011708713 4.1956413e-05 2.659404e-05 3.431038e-05 0.014458393 0.00015520859 8.288942e-06 7.48619e-05 2.1523e-05 0.00011465668 2.3957391e-05 6.603389e-05
0.8415908 0.07460787 0.11964207 0.2675518 0.11773082 0.19115546 0.042008422 0.49371684 0.053576447 0.24642642 0.4757465 0.0877996 0.48594534 0.65023935 6.1117926e-20 0.45605838 0.012407059 0.22220437 0.08473194 0.011472444 0.12279321 0.34552854 0.25995335 0.0067220074 0.006877272 0.2301922 0.011029691 0.010794547 0.092930965 0.016140735 0.12228189 0.065246396 0.06411671 0.0020998272 0.04157767 0.11870458 0.0076178676 0.0040277885 0.02659682 0.0036103057 0.003958001 0.0059869303 0.036623705 0.004843329 0.01149535 0.043887205 0.012075065 0.0023882778 0.0021424508 0.017562674 0.0014640776 0.015376632 0.015368936 0.001182829 0.0010750478 0.0019960601 4.630605e-05 0.00033477743 0.00011053103 0.00014639868 0.000194097 0.0024862238 0.00010442127 0.00036186885 7.33977e-05 0.00015883306 2.2463902e-05 0.052787296 0.012544515 0.00027191086 3.1004158e-06 9.7543576e-05 4.0404434e-06 8.3798266e-05 0.0075752223 1.0041642e-05 7.791353e-06 3.1912161e-06 0.00045321565 0.0007802927 0.0055723195 3.3984738e-06 5.84497e-05 2.5715904e-06 0.00047684717 1.2757137e-05 0.0009056748 8.608892e-06 2.4409788e-05 0.00024730014 3.251516e-05 1.5603742e-05 2.8914093e-05 0.023465881 0.00018324459 1.2287622e-05 8.80129e-05 2.4411489e-05 0.00015813495 1.9554593e-05 7.171631e-05
0.8618598 0.047553264 0.080253996 0.22185305 0.07981634 0.18411227 0.019642469 0.38076228 0.030378345 0.30497488 0.21736875 0.07818176 0.20354958 0.7081743 0.45605838 5.155246e-22 0.010302994 0.32599184 0.094240114 0.0108728465 0.057312816 0.6811636 0.4756887 0.0058211363 0.007237067 0.1487613 0.013110323 0.011687014 0.124022245 0.03317161 0.17109406 0.09468085 0.06218258 0.0019784125 0.09241971 0.18658848 0.0123295225 0.0061265863 0.04721752 0.0060554575 0.0069454806 0.0081660515 0.019189049 0.010963825 0.029510481 0.13024683 0.013056253 0.0032871878 0.0039770063 0.05664609 0.0024554855 0.04614085 0.0158934 0.0017608736 0.003545441 0.0021636623 0.00026839774 0.0039629047 0.0004572218 0.00022572147 0.0011775705 0.00861026 0.00067457656 0.0010160824 0.0003660756 0.00046367958 9.474131e-05 0.036619402 0.0054649585 0.0007630548 1.4080844e-05 0.00085814815 1.4704647e-05 0.00019051916 0.0032066228 6.971703e-05 1.6008744e-05 5.5255446e-06 0.00014963279 0.0033082063 0.011380879 6.6960556e-06 0.00013597819 4.7354483e-06 0.0001878972 0.00010217108 0.0003734167 4.0586587e-05 4.663404e-05 7.8938145e-05 0.00014845545 8.000358e-05 9.450137e-05 0.01129556 0.00032190225 1.2414278e-05 0.00015706106 5.4028736e-05 0.00018527967 5.1658033e-05 9.8566314e-05
0.22610359 0.16421418 0.14617397 0.07908888 0.09531226 0.08053983 0.16896926 0.037507623 0.11532783 0.049727168 0.020716399 0.15710044 0.018408317 0.009851379 0.012407059 0.010302994 3.2095995e-21 0.033361383 0.05200531 0.13824828 0.026928838 0.010255489 0.0075855493 0.6466017 0.19129416 0.00879133 0.36944193 0.23145165 0.014886824 0.013213584 0.0088971825 0.00076090347 0.0052087107 0.4407515 0.0062020533 0.0039659864 0.011147611 0.008772683 0.0011766484 0.00676378 0.00477733 2.0134572e-05 0.014347937 0.00014456661 0.004251988 0.0043779914 0.00032637926 0.09784097 0.010734303 0.0011082479 2.2548027e-06 0.00079847773 0.00020641371 0.0760848 6.7632536e-05 0.038341813 0.00040658782 0.00044800222 0.00041528925 2.1386943e-06 0.00012848031 0.00068333355 0.00010093531 4.7216153e-07 0.00035412976 6.7433234e-06 0.00010660609 0.09754961 0.01074598 1.4122128e-05 8.778917e-05 0.00039403784 5.8690664e-05 7.256444e-05 0.0065246564 1.5379703e-06 3.2317028e-05 6.49181e-06 0.0654356 0.00012401777 2.3109313e-05 1.7770636e-06 9.597385e-06 1.6831658e-06 0.038091302 5.3663785e-05 0.02037414 4.6366613e-06 0.000375128 0.02423091 8.9279165e-06 3.605899e-05 1.2804545e-06 0.011195512 7.608432e-05 2.877519e-06 8.432619e-06 0.00019046557 5.932764e-05 8.783803e-06 0.00011380195
0.6608249 0.07852595 0.13544306 0.275844 0.108452424 0.34164524 0.03822799 0.3013449 0.059339263 0.5898827 0.22783385 0.20596424 0.20614535 0.25987044 0.22220437 0.32599184 0.033361383 6.889803e-22 0.39767548 0.028444957 0.11462432 0.30559617 0.5247064 0.012882091 0.012755471 0.21690522 0.020920169 0.017562803 0.50914925 0.2004981 0.4201385 0.26994264 0.085583024 0.005079835 0.29005265 0.31909275 0.06932762 0.036565095 0.09779372 0.040458575 0.05301114 0.046761066 0.021255715 0.050669506 0.16939315 0.29746416 0.04099623 0.003595354 0.019780604 0.19392277 0.014710644 0.14502284 0.038557213 0.0014255033 0.009432791 0.0018540792 0.0012526767 0.009625824 0.0008167375 0.0023686548 0.0034722006 0.018151863 0.0020289056 0.004963105 0.0018660938 0.0028418596 0.0001890733 0.068482816 0.0039552646 0.0036018232 0.00018752448 0.0028432438 4.600142e-05 0.00040499863 0.0021539798 0.00043889627 9.937116e-06 3.981328e-06 0.00052263524 0.0034615414 0.026972607 3.1373604e-06 0.0003177175 2.1565932e-06 0.00011971194 0.00041526687 0.0001530844 0.00058285997 6.08157e-05 4.0674e-05 0.0007361694 0.0003984939 0.0005382285 0.007302713 0.00069403485 1.32285095e-05 3.2847714e-05 1.6535512e-05 0.00031935607 0.00040267556 7.742648e-05
0.10294025 0.077701725 0.1526728 0.16106267 0.07154054 0.36588004 0.03952066 0.11386599 0.0467912 0.35955098 0.09013188 0.6430688 0.08889431 0.078709856 0.08473194 0.094240114 0.05200531 0.39767548 2.4956438e-23 0.030827241 0.051188957 0.07772672 0.117421314 0.028277459 0.017168488 0.051410288 0.056218773 0.06195278 0.44583437 0.42289537 0.30543095 0.055399857 0.021521082 0.01964295 0.2933521 0.04508548 0.2687679 0.15259217 0.018196553 0.17396054 0.20362811 0.00837411 0.011350654 0.011946172 0.17535101 0.23491083 0.0032943683 0.020525375 0.12705004 0.053051677 0.0016577364 0.047097262 0.0023449506 0.004483114 0.003319315 0.006348108 0.012285262 0.01976519 0.008864 0.00029153615 0.0016464175 0.009532707 0.0008403559 0.00025164077 0.013440585 0.00045649876 0.0029723926 0.05291513 0.001682958 0.00048319128 0.004817001 0.0017532052 0.0013602905 0.0023558657 0.0010721764 0.00014261568 0.00057838723 0.00016077109 0.0007224333 0.00069286826 0.010750792 2.3185472e-05 0.0027960376 1.0560356e-05 0.00034891476 5.0996783e-05 0.00046355557 5.890756e-05 0.0007445836 0.00011240813 0.00017377417 1.4394937e-05 6.9426154e-05 0.0031112647 5.2690964e-05 2.3174087e-05 2.7164351e-05 0.00013028347 0.00010752227 2.9665249e-05 1.4148767e-05
0.46140954 0.26161307 0.20148279 0.09271351 0.12827776 0.1082181 0.36140525 0.031506892 0.21943082 0.054887358 0.016951786 0.07447541 0.014170449 0.01133451 0.011472444 0.0108728465 0.13824828 0.028444957 0.030827241 7.827763e-18 0.0903595 0.009172451 0.0068642753 0.12167283 0.71870273 0.013756032 0.024810085 0.020818695 0.005556845 0.0048197447 0.0036392375 0.0017509761 0.017518021 0.105070695 0.006092888 0.0014852039 0.0032632526 0.0022254107 0.00046225855 0.0026731987 0.0018676516 0.0001288064 0.07443538 0.00019223732 0.003299026 0.007370212 0.0004015753 0.025083663 0.002349052 0.00077812624 2.7363803e-05 0.0013556909 0.0010226385 0.046403017 8.1671176e-05 0.03407989 9.356354e-05 0.00016798705 0.000128141 3.5905825e-06 4.395648e-05 0.0007088427 3.3680142e-05 2.2429147e-06 3.419425e-05 6.9569355e-06 4.4364355e-05 0.26689458 0.13529515 1.0669544e-05 1.2064929e-05 0.00012427481 1.7642076e-05 2.5902684e-05 0.08746629 9.443312e-06 8.745505e-06 3.1422926e-06 0.04849029 0.00010915801 1.7552678e-05 3.3382794e-06 1.0186991e-05 3.4752532e-06 0.040400848 6.651735e-05 0.04208987 4.515624e-06 0.00017806975 0.035560865 1.3386512e-05 4.7930167e-05 5.7354855e-06 0.09820613 0.00016275328 1.4687135e-06 8.299154e-06 5.587158e-05 4.2642332e-05 3.0270547e-05 0.0006121546
0.5908533 0.27020156 0.31168798 0.31228247 0.3782775 0.321831 0.30212572 0.21741046 0.36414886 0.21487984 0.20100783 0.093423404 0.19109277 0.074367285 0.12279321 0.057312816 0.026928838 0.11462432 0.051188957 0.0903595 7.5247365e-23 0.031988036 0.032462694 0.012320719 0.039917264 0.23952942 0.006089518 0.00823216 0.01893197 0.005337004 0.011429542 0.0043144375 0.058819745 0.0038879625 0.009600685 0.020999243 0.004036862 0.0041559576 0.0069759768 0.004344481 0.0036378321 0.0003216868 0.116025396 0.00051319244 0.004673063 0.008217621 0.0101046795 0.0030834966 0.0020610883 0.00029109805 9.4225e-05 0.00045049933 0.016820082 0.0023130141 3.41194e-05 0.004662831 2.3346334e-05 0.000774281 4.0064155e-05 2.3693392e-05 1.410306e-05 0.0013232429 1.1409225e-05 4.1596606e-05 0.00015320563 2.8738456e-05 3.8448197e-05 0.114162445 0.14958236 3.9868773e-05 6.231858e-06 0.0006044046 3.006051e-05 9.898173e-05 0.08846869 4.0196546e-06 1.865558e-05 7.102631e-06 0.0028943764 7.546013e-05 0.00073958794 9.1426e-06 0.00027371623 9.430955e-06 0.005851272 9.475635e-06 0.017099736 1.2289075e-05 0.0003029369 0.0050566634 2.4297125e-05 9.010149e-06 1.3546944e-05 0.08090713 2.7089403e-05 2.524851e-05 0.00017618074 7.66861e-05 0.0003917787 2.5170952e-05 0.0011920129
0.8686305 0.028825477 0.05169405 0.13022089 0.050846204 0.10114136 0.014230232 0.20439503 0.01935724 0.1964309 0.1561355 0.054927386 0.14936267 0.51937646 0.34552854 0.6811636 0.010255489 0.30559617 0.07772672 0.009172451 0.031988036 7.5786965e-22 0.6431933 0.004388555 0.006099951 0.121290654 0.010520997 0.008238207 0.15410379 0.032487307 0.22333856 0.21144125 0.041321643 0.0009603479 0.094565906 0.2682338 0.009597093 0.0037790942 0.040766276 0.0035344404 0.004363022 0.064506225 0.01606053 0.06524232 0.02671492 0.19171269 0.014572243 0.0030595313 0.0014311835 0.16468182 0.0107002575 0.11504771 0.038294584 0.0011646431 0.014562518 0.0025529196 5.250201e-05 0.0018374457 0.00012996678 0.0023236074 0.00794143 0.014958308 0.0057675466 0.00393444 0.00010614825 0.0025030451 2.7082559e-05 0.028858222 0.0032393462 0.002499976 3.327162e-06 0.0009004639 4.765689e-06 9.4039264e-05 0.0018823859 0.0012002699 6.4959836e-06 2.3936918e-06 0.00015173384 0.0063382564 0.047460873 1.9212882e-06 8.053399e-05 9.017082e-07 0.00016993126 0.00043068483 0.00039159157 0.00074451405 1.9557892e-05 8.484413e-05 0.001239206 0.0004164557 0.0005942198 0.0076718917 0.00087796466 9.244152e-06 1.3653844e-05 8.102012e-06 0.00028216664 0.00032290368 0.00011148435
0.8300845 0.029227171 0.053668223 0.14876838 0.046207704 0.17093098 0.015820863 0.2264068 0.0203174 0.33187813 0.18010451 0.06394257 0.16718754 0.33262694 0.25995335 0.4756887 0.0075855493 0.5247064 0.117421314 0.0068642753 0.032462694 0.6431933 2.1533933e-21 0.0026203783 0.0034409487 0.16792804 0.009352961 0.0073498352 0.30377787 0.06283837 0.3549142 0.37096512 0.06952369 0.0008919441 0.21852177 0.41295725 0.019589974 0.007654571 0.10686217 0.007921537 0.011332158 0.13055998 0.020796662 0.12340031 0.086510725 0.3634077 0.031027235 0.003097099 0.0024567393 0.2850161 0.028243791 0.25399098 0.052889176 0.0011481742 0.029099943 0.0041694967 0.00027735264 0.009962048 0.0004492249 0.0074898214 0.019164668 0.027197227 0.014051119 0.012921704 0.000924276 0.008197317 0.0001542627 0.028144157 0.0058954465 0.008260423 4.9082846e-05 0.006136936 2.9400782e-05 0.00047022864 0.0033273539 0.0025632572 4.7015485e-05 1.9782283e-05 0.00018612939 0.013008935 0.07128446 9.410534e-06 0.00037234614 5.222473e-06 0.00012611297 0.0017966402 0.00026600217 0.0016837647 8.554913e-05 5.6500478e-05 0.0028209882 0.0013356812 0.0021087718 0.006938552 0.0027207402 3.5236553e-05 7.278242e-05 5.5983262e-05 0.0010307549 0.0017858873 0.00015095429
0.20439917 0.09408074 0.083343886 0.04135578 0.044080053 0.0442454 0.09825786 0.015831338 0.06400561 0.025168631 0.008801787 0.08402293 0.008154577 0.0052041975 0.0067220074 0.0058211363 0.6466017 0.012882091 0.028277459 0.12167283 0.012320719 0.004388555 0.0026203783 1.3494874e-22 0.23724283 0.0038298252 0.3791588 0.2270084 0.0064370534 0.006707558 0.0048380713 0.00020759899 0.002122286 0.6009025 0.0026638145 0.0007778621 0.0046820207 0.0039019808 0.0002539266 0.0034109815 0.0021110966 5.6132017e-06 0.0072251367 3.9008926e-05 0.0026400727 0.003309532 0.00010207788 0.15031685 0.0045249118 0.00076395005 1.5182734e-06 0.0004568156 5.044444e-05 0.12291236 6.532684e-05 0.06510412 0.00016389482 0.00021594827 0.00018398267 8.25404e-07 0.00010611768 0.00045236 8.486776e-05 1.5550306e-07 0.00016537365 3.626285e-06 5.3293108e-05 0.114927664 0.008352281 7.06265e-06 4.6927416e-05 0.00027426335 2.7168004e-05 7.395057e-05 0.005561197 1.5266902e-06 1.7516808e-05 3.3555218e-06 0.11771267 7.828016e-05 6.2959552e-06 9.882524e-07 6.177014e-06 6.34137e-07 0.05410634 4.789192e-05 0.030610776 1.991903e-06 0.00022862387 0.042448167 2.321969e-06 1.6859669e-05 4.286246e-07 0.010078738 8.685613e-05 1.5885093e-06 4.2443103e-06 0.00010115608 2.3065342e-05 5.1768134e-06 0.00019261849
0.30993813 0.14054365 0.09629965 0.043121547 0.04456524 0.047726873 0.16899917 0.015574277 0.100315616 0.024549233 0.008454028 0.049794476 0.007417823 0.006833723 0.006877272 0.007237067 0.19129416 0.012755471 0.017168488 0.71870273 0.039917264 0.006099951 0.0034409487 0.23724283 4.1506856e-18 0.013321074 0.043914534 0.039425746 0.004598175 0.005747365 0.0050663278 0.0006891621 0.016386397 0.3725153 0.0071244924 0.0009961004 0.003043366 0.0026288712 0.0004421338 0.003083664 0.0019438535 3.6663638e-05 0.085509956 0.00015272088 0.008001872 0.0074822963 0.00038571947 0.060513042 0.0036191964 0.0014692195 1.7668764e-05 0.0017385001 0.0014210722 0.13440484 0.00028567386 0.09497524 0.00035301302 0.00053150736 0.00050724455 1.6674286e-06 0.000193056 0.0018870925 0.00016837953 1.497794e-06 0.00025891064 4.120649e-06 0.00044696324 0.5693693 0.14625344 8.552428e-06 0.00016817571 0.00027993583 0.00030601773 0.0001486107 0.10054586 2.5017527e-05 7.955226e-05 3.2530108e-05 0.17287654 0.0003494006 5.6759354e-06 1.2999336e-05 3.6579433e-05 1.3066965e-05 0.10776726 0.0002691367 0.107533194 5.1555244e-06 0.0022732713 0.09738115 1.8045263e-05 0.00022878833 1.1054193e-05 0.100147784 0.0005299113 5.476321e-06 5.1198527e-05 0.0003190343 6.343644e-05 9.5167285e-05 0.0028171814
0.88362193 0.13012727 0.22055647 0.2652569 0.1932937 0.29977122 0.09068278 0.23280847 0.12446322 0.3025409 0.2584941 0.06558257 0.2760906 0.15333796 0.2301922 0.1487613 0.00879133 0.21690522 0.051410288 0.013756032 0.23952942 0.121290654 0.16792804 0.0038298252 0.013321074 6.293227e-22 0.0037503792 0.0055010803 0.046624407 0.0074742017 0.030618766 0.01414118 0.07491083 0.00074482086 0.016350484 0.09267203 0.0064766356 0.006270792 0.018535998 0.0074025374 0.0070417286 0.0019172031 0.121502 0.0020669678 0.008479895 0.018125843 0.015575778 0.0008420185 0.0040129945 0.0028386689 0.0013300211 0.0031767113 0.040153794 0.00078051194 0.0002396634 0.0014564954 0.000122059544 0.0064843697 0.00022839876 5.807376e-05 7.580975e-05 0.002926126 4.0032144e-05 0.0006294233 0.0011392363 0.00011671309 0.00019851749 0.05560342 0.12673706 0.0001488845 5.2322663e-05 0.0028722987 0.00018613083 0.0010256134 0.084736764 9.1499005e-06 0.00012178537 7.116201e-05 0.0008372624 0.00013487715 0.0063843504 0.00016537397 0.0015707276 0.00023648528 0.0014857939 2.4025941e-05 0.0037023348 2.4035704e-05 0.0050559016 0.0011814368 8.2927174e-05 2.9397755e-05 6.7999375e-05 0.08867346 0.0001420747 0.0014226505 0.0075804116 0.004474855 0.0033301415 7.5000244e-05 0.0056552286
0.022360224 0.04986591 0.051556762 0.03963249 0.026128778 0.03974423 0.033789244 0.02116997 0.020570004 0.03222419 0.007463272 0.17094588 0.007006831 0.0102701215 0.011029691 0.013110323 0.36944193 0.020920169 0.056218773 0.024810085 0.006089518 0.010520997 0.009352961 0.3791588 0.043914534 0.0037503792 1.9815372e-21 0.6121252 0.017213976 0.02153636 0.0155737875 0.0027165245 0.0014446945 0.3467516 0.009259996 0.0018930815 0.016582478 0.013400499 0.00078822294 0.01289905 0.010548782 0.00013228366 0.002789764 0.0002171065 0.0070725726 0.015433445 0.00017263772 0.1922152 0.03507709 0.0070239916 0.00012100357 0.0076778936 9.6297896e-05 0.059891876 0.0010552292 0.056295093 0.0037604626 0.0007652903 0.003496616 3.436146e-05 0.00070327515 0.003440286 0.00037755817 6.3106713e-06 0.0007104016 0.00011185356 0.001226453 0.042675283 0.0025508571 0.00015718755 0.00033101538 0.0004954789 0.0011561355 0.00035214666 0.001689752 1.3469699e-05 0.00012339275 2.1346854e-05 0.022139702 0.0008351301 7.864614e-05 2.221994e-05 3.868185e-05 1.3774167e-05 0.018556865 0.00022484017 0.0115474975 7.4046447e-06 0.006078329 0.010403478 6.666547e-06 6.688528e-05 1.4795172e-06 0.0036686163 0.00075272174 8.600554e-06 5.207074e-05 0.0012644108 0.00027972527 3.895101e-05 0.00033823945
0.02426028 0.043543603 0.047369864 0.03272532 0.01748228 0.046347987 0.019906132 0.018069968 0.015801465 0.030383836 0.008004296 0.14245018 0.007751152 0.00946339 0.010794547 0.011687014 0.23145165 0.017562803 0.06195278 0.020818695 0.00823216 0.008238207 0.0073498352 0.2270084 0.039425746 0.0055010803 0.6121252 5.4608133e-22 0.015415499 0.026247779 0.01343838 0.0014747713 0.0025435537 0.23398589 0.0091285 0.0013978896 0.021826094 0.020162206 0.0009895209 0.020212984 0.014693161 0.00010533435 0.0044518146 0.00012769559 0.0072350074 0.01448956 0.00027509086 0.18498535 0.06691747 0.0049816994 7.015629e-05 0.00600297 0.00015944224 0.04313187 0.0011526196 0.08258025 0.00683041 0.0014877982 0.00805343 2.336491e-05 0.0010203443 0.003930879 0.0006704788 5.640521e-06 0.001561155 9.4470815e-05 0.0031177334 0.04780951 0.003801761 0.00012371913 0.0009245194 0.0010236858 0.0031941333 0.0006281592 0.002549623 1.016435e-05 0.0005272263 0.00010089931 0.023589196 0.0016707126 0.00011371798 6.769746e-05 0.00016615349 4.546084e-05 0.031999297 0.000716984 0.0163968 8.552917e-06 0.015665248 0.017759498 6.398806e-06 0.00013760994 1.6486628e-06 0.0057202675 0.0014277665 3.6372978e-05 0.00020565586 0.0038017556 0.00091181713 0.00010064829 0.0017224714
0.08308991 0.058065508 0.10008205 0.13984053 0.052511714 0.16658756 0.020188624 0.1128284 0.022625618 0.2808114 0.06507719 0.19089334 0.06571668 0.08836096 0.092930965 0.124022245 0.014886824 0.50914925 0.44583437 0.005556845 0.01893197 0.15410379 0.30377787 0.0064370534 0.004598175 0.046624407 0.017213976 0.015415499 3.279958e-25 0.45475164 0.52302647 0.33259246 0.011147121 0.00082383555 0.5009001 0.081227034 0.103404365 0.03014933 0.019644031 0.03883966 0.06932561 0.057744097 0.004159161 0.028600898 0.28766066 0.3645752 0.005725624 0.00095594674 0.0156055065 0.2051992 0.021082468 0.13967575 0.004775861 8.359361e-05 0.020534435 0.000645033 0.0010199458 0.010313553 0.00065623043 0.002051628 0.0062462133 0.031394802 0.0036732375 0.0021583731 0.0027111203 0.0022971786 9.4642426e-05 0.027133891 0.00081245584 0.0024277088 0.00040567506 0.0029887157 5.964192e-05 0.0005452048 0.0006256888 0.0006404221 4.52404e-05 7.1629884e-06 2.6293563e-05 0.008634537 0.025397578 4.4676144e-06 0.00064985215 3.8820453e-06 3.724484e-05 0.0011928431 0.00010630871 0.0012609919 3.9621376e-05 1.2692989e-05 0.0015707021 0.000966306 0.0007913918 0.0022709644 0.0018390927 2.5116808e-05 2.5381837e-06 2.6819635e-06 0.00091506995 0.0015762859 5.899102e-06
0.016902283 0.012041997 0.027985811 0.032220304 0.010154324 0.077826954 0.005200506 0.024275534 0.005905536 0.1021465 0.008428364 0.22667837 0.008533364 0.019728031 0.016140735 0.03317161 0.013213584 0.2004981 0.42289537 0.0048197447 0.005337004 0.032487307 0.06283837 0.006707558 0.005747365 0.0074742017 0.02153636 0.026247779 0.45475164 1.7568954e-24 0.37280098 0.046898797 0.003030499 0.0024768703 0.45455778 0.01727923 0.48179016 0.22680874 0.008266144 0.2789113 0.4357132 0.004930866 0.0037834288 0.006361617 0.48028633 0.28407812 0.00069102616 0.0020850436 0.10172672 0.08694864 0.0026799208 0.07380617 0.00072816096 0.0007575995 0.01115564 0.00093813764 0.012509057 0.12359659 0.006795238 0.00049223105 0.0034626373 0.0320683 0.0021253321 0.00037608945 0.031683307 0.0008409263 0.0019118525 0.02646519 0.0010116086 0.0011678931 0.007347782 0.013454269 0.0011502226 0.0068111136 0.0006876245 0.00060050824 0.0010737871 0.00024930463 0.00025280978 0.00375638 0.008691415 7.8082056e-05 0.009049285 3.6448742e-05 0.00014437441 0.00033992488 0.00028098645 0.00027775232 0.0022902454 6.235428e-05 0.0004412221 0.00011562273 0.00021986774 0.0011397416 0.0006627759 0.0013776283 4.94906e-05 0.00023939316 0.0025807277 0.0002499908 9.42413e-06
0.13065054 0.03512108 0.060299184 0.098504506 0.03238259 0.09617815 0.01108585 0.0906157 0.014623802 0.21697053 0.05421681 0.121132 0.058046427 0.12209084 0.12228189 0.17109406 0.0088971825 0.4201385 0.30543095 0.0036392375 0.011429542 0.22333856 0.3549142 0.0048380713 0.0050663278 0.030618766 0.0155737875 0.01343838 0.52302647 0.37280098 1.3524449e-23 0.48215282 0.010455059 0.0010702577 0.41368285 0.102261536 0.088104516 0.021388507 0.023507986 0.026680466 0.052947905 0.1961666 0.0020514869 0.0583208 0.25243184 0.45134938 0.006306433 0.0031209926 0.013725533 0.39538813 0.1131452 0.32118243 0.0070158946 0.00025053017 0.09646635 0.0024850436 0.002531944 0.01570163 0.002051172 0.008865311 0.045683928 0.05661217 0.03152335 0.008095953 0.0023628115 0.008991777 0.00029366976 0.019129623 0.00060063915 0.0063989186 0.00028452076 0.008545242 0.000119718454 0.0004955781 0.00049402163 0.0036532613 3.4915425e-05 7.575132e-06 7.228955e-05 0.030048668 0.04299752 7.028624e-06 0.0016358984 6.723257e-06 7.136182e-05 0.009471584 0.00019632034 0.0033353667 0.00013143648 3.9257968e-05 0.0029976857 0.00784784 0.0018262527 0.0022388194 0.017942961 5.616605e-05 6.5208988e-06 1.1373039e-05 0.0045968005 0.009225144 6.8841684e-05
0.71676224 0.008308578 0.016627412 0.04146119 0.010726867 0.03588527 0.0032334602 0.04232384 0.004435186 0.084463805 0.027900634 0.021249406 0.0306532 0.068016 0.065246396 0.09468085 0.00076090347 0.26994264 0.055399857 0.0017509761 0.0043144375 0.21144125 0.37096512 0.00020759899 0.0006891621 0.01414118 0.0027165245 0.0014747713 0.33259246 0.046898797 0.48215282 3.2352026e-22 0.010244961 4.3605924e-05 0.21903011 0.13156639 0.009284047 0.0014579248 0.02181444 0.0021124852 0.0040386063 0.59481263 0.0033816353 0.16853611 0.0717634 0.3770027 0.0071213176 0.0005180886 0.0003276732 0.53263104 0.34962264 0.39708546 0.015458117 5.447316e-05 0.2135914 0.0009871966 0.00011591907 0.005306112 0.00017544418 0.028362365 0.12981036 0.03235827 0.10727007 0.01998479 0.0007466094 0.02694889 4.500682e-05 0.01774011 0.0010315765 0.018939225 4.1617397e-05 0.0039765453 2.1750595e-05 0.00034588334 0.00061717123 0.017324995 1.8661187e-05 8.683573e-06 1.1276088e-05 0.022393616 0.047400232 1.6788006e-06 6.419284e-05 1.2211938e-06 1.2179297e-05 0.0153217325 5.669771e-05 0.008404929 2.9304123e-05 5.055957e-06 0.010653231 0.014165436 0.005015366 0.002124794 0.0098218005 2.5467076e-05 6.0680973e-06 6.926833e-06 0.0012876238 0.0076106247 7.316623e-05
