1.9934037e-35 0.034136932 0.5851219 0.071559325 0.13721463 0.015867319 0.0019322048 0.35784152 0.01446222 0.0003725578 0.0013479049 0.04246362 0.1581168 0.00039259857 0.59391433 0.102821015 0.00011068948 0.00043282635 0.38528752 0.0030378213 0.4044293 0.85985154 0.26902652 0.0003563801 0.00023271213 0.0377022 0.4359349 0.045776237 0.0007983697 0.40257564 0.8483977 0.95021665 0.03761204 0.0017780047 0.00013618272 0.18932441 0.00054393086 0.7897985 2.8018676e-05 0.13092665 0.007344952 0.0019461256 0.049268354 0.7925334 6.9203293e-06 0.006319326 0.009902545 0.3524643 5.9064873e-06 0.8410381 2.7485261e-05 0.03934111 0.19752157 0.9768169 4.452534e-05 0.8335602 0.65687764 0.0019123805 0.00040072788 0.9489118 0.2070532 0.9750524 0.00833625 0.8844645 0.0057635987 0.0034063396 0.97524923 0.4575836 0.9782661 0.98973036 0.9915867 0.25862795 0.12741463 0.09490381 0.9959597 0.40589732 0.00802149 0.8897161 1.8685425e-05 0.99425125 0.98405284 0.010384291 0.18889552 0.24941571 0.006097337 0.41608688 0.9955916 0.25036928 0.0037975307 3.7537673e-05 0.0008991523 0.52532655 0.998637 0.23779073 0.00043167974 0.00026843103 0.076660156 0.017820874 0.9627862 0.80329514 0.00035477136
0.034136932 6.7717994e-20 0.53101385 0.4259353 0.27469146 0.67348325 0.15107216 0.16884167 0.04846569 0.09960225 0.060086247 0.06528872 0.072914705 0.062796995 0.17904547 0.12005834 0.016479196 0.0130032925 0.032945458 0.026562054 0.05014708 0.10923743 0.043145504 0.08025819 0.008925266 0.048544765 0.037406605 0.05896854 0.12366311 0.020758752 0.06918124 0.07048266 0.015839681 0.06523882 0.004566793 0.0064029573 0.003909196 0.0124309 0.043908626 0.0051303147 0.04189646 0.0051265126 0.004332809 0.0090121 0.019457713 0.004256272 0.0037582307 0.00016743541 0.013249873 0.0017545422 0.0018124427 0.0012333457 0.0001897203 0.010704034 0.0026358715 0.00011439848 4.4452023e-05 0.0009443276 0.00076457753 0.0016317368 4.6581546e-05 0.005955942 0.00011145788 0.000542054 0.005947142 0.00010028066 0.008157494 0.0005330907 0.004529035 0.015142753 0.0042011025 1.3565301e-05 7.2109383e-06 2.4334006e-06 0.004638455 0.00010451752 2.9083842e-05 0.00019156109 0.00034130967 0.0074450346 0.004193317 0.0039380193 7.058362e-06 3.5115183e-05 8.624374e-06 2.5602936e-05 0.004446583 0.003945575 3.9822735e-06 0.0005074908 4.056391e-05 3.2782134e-06 0.000924559 1.7266159e-06 0.00076529913 0.0015912614 1.7726273e-06 3.291904e-06 9.252729e-07 4.6516266e-06 2.701206e-07
0.5851219 0.53101385 4.987644e-16 0.48354226 0.49681428 0.33462408 0.07088279 0.39274612 0.061562754 0.035006206 0.03154545 0.12003269 0.20695521 0.02603831 0.46272206 0.15466808 0.0076794573 0.0108600585 0.11113631 0.038450833 0.09373829 0.5097962 0.07540314 0.019962968 0.0066256667 0.09660525 0.06326778 0.087038144 0.064224675 0.0420461 0.26821274 0.31358215 0.034926668 0.058790416 0.0029064019 0.014840897 0.003805234 0.03774798 0.0072794254 0.006644644 0.06327434 0.00616053 0.0038913179 0.02619159 0.011361279 0.0017548763 0.0013145847 0.00039547254 0.011421849 0.009821229 0.0006673603 0.00031710145 8.2988416e-05 0.096369356 0.0005244919 0.00030073887 4.0555555e-05 0.00019574957 0.0002457909 0.005472129 2.855047e-06 0.029472504 1.371895e-05 0.0018135137 0.013936481 1.203069e-05 0.069457375 0.0009205225 0.14343034 0.12065504 0.011861196 1.0781681e-05 1.0774419e-06 4.360168e-07 0.021524059 0.00017726628 1.0039821e-05 0.00027931583 0.0002374423 0.046269782 0.10790531 0.016446281 2.6020648e-06 8.675808e-06 5.959629e-06 1.0629914e-05 0.07918255 0.01016364 6.4730343e-06 0.0007729107 8.818482e-05 1.4822117e-06 0.027818942 3.2712975e-07 0.0010148747 0.0019524824 5.5844566e-07 1.6739292e-06 2.0269144e-07 7.056217e-07 3.61756e-06
0.071559325 0.4259353 0.48354226 1.8017096e-18 0.71675485 0.24738121 0.293913 0.4839109 0.27378118 0.13775553 0.18595655 0.39364398 0.34280324 0.16940203 0.2431947 0.026602237 0.054209847 0.058582284 0.0095704775 0.07028594 0.088867985 0.06439034 0.06968631 0.04756469 0.019900212 0.17238857 0.06323832 0.017866677 0.03369123 0.05083583 0.1312387 0.107491724 0.07075456 0.008998158 0.0077023413 0.0483373 0.006520613 0.056371436 0.018784445 0.027662437 0.009981496 0.0065220497 0.013483203 0.07944739 0.0041011334 0.0024091622 0.0013428599 0.002784598 0.0012451671 0.019005366 0.0007550097 0.000568256 0.00041005388 0.008405948 0.00038652055 0.00148794 0.00020715263 0.00011565108 9.069752e-05 0.010457307 2.6857582e-05 0.0263939 3.082031e-05 0.0033365914 0.0008228164 2.5426574e-05 0.00487378 0.0016838002 0.010312078 0.036047306 0.016897433 6.526918e-05 1.3326529e-05 8.687134e-06 0.017017921 0.00057392614 2.8792389e-05 0.0008859157 0.00011666468 0.017155869 0.011164027 0.0030049088 3.936883e-05 0.00014279151 1.1452722e-05 0.00014536847 0.014435811 0.004124357 1.4183176e-05 3.920824e-05 3.5714427e-05 2.1938878e-05 0.0031267423 4.9729356e-06 0.00036314884 0.0005185347 1.3190333e-06 1.548043e-06 6.7001884e-06 1.5049927e-05 2.2793057e-07
0.13721463 0.27469146 0.49681428 0.71675485 3.837087e-18 0.15530816 0.15776177 0.6916334 0.2165597 0.067563064 0.12163307 0.38915634 0.46977556 0.0893641 0.43590876 0.011853342 0.032302883 0.03937067 0.007095147 0.05847403 0.14899588 0.08914527 0.12327317 0.040039174 0.013863798 0.16631624 0.104192786 0.0062510427 0.037494678 0.07578988 0.24364084 0.19517593 0.060057577 0.008436535 0.005320873 0.04633906 0.005975152 0.090221606 0.014783728 0.022519734 0.004987042 0.005682056 0.010820195 0.10557255 0.0033096522 0.001985476 0.0011692042 0.0021704007 0.0011367884 0.027040783 0.0007151047 0.00031959402 0.00019659332 0.014377042 0.0003066555 0.0016587595 0.000109936125 9.8079836e-05 9.746258e-05 0.021245535 9.116767e-06 0.07152758 1.3371176e-05 0.006325111 0.0004691925 1.2850634e-05 0.0066207084 0.0023486456 0.021851335 0.08698927 0.032819994 5.4917786e-05 4.121647e-06 2.412689e-06 0.037046235 0.0007288533 1.4763874e-05 0.0014908653 5.1517374e-05 0.035205934 0.019866891 0.001353722 1.2944706e-05 6.97936e-05 6.812935e-06 0.00011585763 0.035103254 0.0028190278 7.452095e-06 3.216741e-05 3.8837286e-05 7.760326e-06 0.006428775 9.607627e-07 0.0003322504 0.00024541075 3.1549354e-07 1.0140556e-06 3.4179727e-06 1.8985495e-06 3.7663855e-07
0.015867319 0.67348325 0.33462408 0.24738121 0.15530816 1.2977666e-19 0.114949964 0.07846029 0.047276936 0.14160185 0.047510177 0.060202643 0.052963097 0.068828575 0.06950111 0.1049249 0.015657803 0.010615387 0.022360742 0.016472211 0.022541547 0.059841383 0.020676855 0.17320013 0.0064177793 0.029801786 0.015872994 0.09338392 0.22524148 0.012060064 0.025820762 0.02545944 0.011012517 0.09987417 0.0032986326 0.0049905935 0.001559104 0.0072751446 0.0956426 0.0032533028 0.05403504 0.002167169 0.0025584167 0.0038258643 0.037548114 0.00094810274 0.00057355384 0.00010944676 0.017811004 0.00040297824 0.00082100026 0.0002843344 0.00012881869 0.0067282794 0.0011662502 4.851939e-05 2.1554757e-05 0.0001007743 0.000113790345 0.00042668753 1.6467951e-05 0.0028722356 9.966053e-06 0.00010909452 0.0069495193 5.0396616e-06 0.005849783 8.2020626e-05 0.001612082 0.007906699 0.0014868238 4.012822e-06 3.240939e-06 2.1368596e-06 0.0033994887 2.406869e-05 4.8345373e-06 2.3495291e-05 0.00017208754 0.0059618214 0.003072165 0.00702577 2.261938e-06 5.48164e-06 1.5242185e-06 6.392054e-06 0.0031185616 0.005361746 1.5989906e-06 0.00026746892 5.679924e-05 1.39994e-06 0.0009391747 4.4552926e-06 0.00036621426 0.0010638575 1.9016535e-06 6.417169e-06 1.9337043e-07 1.1593161e-05 2.0805491e-07
0.0019322048 0.15107216 0.07088279 0.293913 0.15776177 0.114949964 3.471753e-22 0.09546125 0.47480482 0.44529146 0.5473 0.3011605 0.12032956 0.5046543 0.032532822 0.0021288996 0.18781741 0.170487 0.0008159287 0.081987016 0.026189676 0.0051157894 0.022411345 0.08766666 0.027349588 0.059610777 0.020988073 0.0021055704 0.0069700577 0.021158278 0.0148372315 0.007140018 0.016586686 0.0006780895 0.010982798 0.018762255 0.00820857 0.014135854 0.011071603 0.009672511 0.0018951813 0.0045829816 0.0025820446 0.013909952 0.00024983825 0.0007770525 0.00029232405 0.00021730267 3.8898e-05 0.0022868952 0.00077453133 2.3833969e-05 4.612191e-05 0.00019367303 0.00021707566 0.0002792945 4.0072176e-05 6.3250295e-06 5.3899485e-06 0.0010986864 4.719988e-06 0.0028245323 1.2197598e-06 0.00017283259 2.5190382e-05 9.796953e-07 0.00017482488 0.00020160753 6.1450796e-06 0.0021801603 0.0018688169 2.8326196e-05 3.0725384e-06 2.9102612e-06 0.0016057437 0.00014273133 5.5102237e-07 0.00014084436 7.4550726e-06 0.0010211786 4.7384317e-05 0.0005678186 8.648934e-06 2.354246e-05 2.4498036e-07 9.1208414e-05 0.00031056334 0.0034720334 1.1088476e-07 4.791949e-06 2.7015421e-06 3.818446e-06 2.5646214e-05 1.5486128e-06 9.927081e-05 5.3633958e-05 6.638873e-08 1.5131153e-07 8.084109e-07 1.4705774e-06 1.3581447e-08
0.35784152 0.16884167 0.39274612 0.4839109 0.6916334 0.07846029 0.09546125 1.5103842e-17 0.15191956 0.042424574 0.07571825 0.37890375 0.5390227 0.057265215 0.57081366 0.0052500716 0.025083626 0.03309473 0.0047484324 0.05361846 0.31572223 0.07036524 0.20147014 0.027049579 0.012241655 0.21896087 0.15299922 0.0017117718 0.023658348 0.09898515 0.35513133 0.2478659 0.08051779 0.004108303 0.0030506288 0.076401934 0.005130714 0.12315759 0.0050876266 0.02713353 0.0014850169 0.0057773152 0.012664587 0.17022662 0.0020695478 0.0017184917 0.0011205263 0.0037409344 0.00040473725 0.052016217 0.00027252844 0.00042016112 0.00042517995 0.011978218 9.082805e-05 0.0039454885 0.0003367817 6.557684e-05 3.5786023e-05 0.03900322 6.1920064e-06 0.16499509 7.4346603e-06 0.011676932 0.00012388395 5.7754382e-06 0.0055822213 0.0026564891 0.023202308 0.18551807 0.0488866 4.8491358e-05 3.6813856e-06 2.3811535e-06 0.0770856 0.0006184167 7.786503e-06 0.0016759757 1.3556016e-05 0.06072882 0.02580057 0.000560167 6.972983e-06 4.4567696e-05 2.5773309e-06 0.00017202782 0.06528625 0.0018046934 3.454594e-06 2.4672876e-05 1.3542423e-05 5.5486894e-06 0.011366545 2.5858307e-07 0.00033168183 0.00038460927 1.1127311e-07 4.0018594e-07 4.357622e-06 7.513418e-07 4.1395452e-07
0.01446222 0.04846569 0.061562754 0.27378118 0.2165597 0.047276936 0.47480482 0.15191956 5.9411945e-22 0.18722539 0.5907179 0.6218248 0.3169752 0.4577186 0.038534928 0.0016750863 0.37029698 0.49916863 0.00045167614 0.39678296 0.05202644 0.003578522 0.054497626 0.048218444 0.2605554 0.39176074 0.04064513 0.003216103 0.0052425335 0.05041104 0.017023303 0.006346298 0.19333918 0.005322939 0.09417445 0.082435906 0.057368074 0.037444178 0.00933735 0.067508996 0.005236258 0.049580246 0.054597102 0.066980004 0.0008263169 0.006763651 0.0037501948 0.0060403724 0.00031960345 0.007902613 0.013622656 0.0028338882 0.002279643 0.0002478616 0.0035507707 0.0011282184 0.0003552574 0.0001088089 8.222692e-05 0.0028436508 0.00014399888 0.0059926314 7.717053e-05 0.0016585017 5.2268657e-05 5.6959314e-05 0.00028852903 0.0013318177 5.0706487e-05 0.0059001036 0.0060693366 0.00021394534 5.3800086e-05 5.5677698e-05 0.006157819 0.0007350326 7.2957126e-05 0.0012043117 0.0001586458 0.0030229827 0.00017620344 0.0007102275 0.00012507082 0.00037980534 5.392671e-05 0.00061577576 0.0007189689 0.0033452085 5.2548345e-05 3.8562877e-05 0.00018308319 0.00013094454 0.00017487523 5.2198167e-05 0.00019728356 7.973956e-05 1.4382025e-05 1.5288197e-05 6.421881e-05 8.55134e-05 9.663391e-06
0.0003725578 0.09960225 0.035006206 0.13775553 0.067563064 0.14160185 0.44529146 0.042424574 0.18722539 2.984457e-23 0.36099204 0.08858504 0.03596398 0.681526 0.009548037 0.0012980396 0.2106977 0.082398415 0.00062597555 0.025322508 0.012445853 0.0015789593 0.011422852 0.3416409 0.017052852 0.022813842 0.010153114 0.0025578314 0.013676613 0.01010962 0.0040896507 0.0022078345 0.007330372 0.00029999326 0.0038610224 0.009830632 0.0030502127 0.005914382 0.02395957 0.00832225 0.0011840384 0.002826819 0.0023834312 0.003983666 0.00030908655 0.00019382582 0.000100666526 0.00033726604 8.001868e-05 0.00047982583 0.0001171661 1.9186726e-05 7.868883e-05 4.703692e-05 6.389741e-05 0.000113817805 3.1576084e-05 2.2694467e-06 1.0566516e-06 0.00029924774 6.342401e-06 0.0011943723 7.1035623e-07 6.48037e-05 7.7718694e-05 3.6259618e-07 9.060744e-05 8.222787e-05 1.0251113e-06 0.0005740718 0.00079214986 1.6502901e-05 3.4191137e-06 4.283702e-06 0.00074981793 4.7422116e-05 5.950834e-07 9.568173e-05 2.0428945e-06 0.00048598004 4.7850217e-06 0.0006538609 4.976119e-06 8.645587e-06 1.13661855e-07 1.7664568e-05 0.00013739591 0.0013506612 3.6944268e-08 9.1753765e-07 1.4148949e-06 4.362662e-06 9.392916e-06 1.5920278e-06 1.9259376e-05 1.03867715e-05 5.08866e-07 3.6702468e-07 6.9656414e-07 1.2663807e-06 1.1323826e-09
0.0013479049 0.060086247 0.03154545 0.18595655 0.12163307 0.047510177 0.5473 0.07571825 0.5907179 0.36099204 7.749066e-24 0.4417761 0.12056124 0.6532484 0.016466722 0.0010463231 0.43744218 0.5170666 0.00051761465 0.24887565 0.026423385 0.0020571891 0.020777237 0.062357277 0.19879703 0.16668712 0.020933835 0.0022456301 0.0013366995 0.023454074 0.0062820236 0.0026788271 0.047640264 0.00045728678 0.042522326 0.030786278 0.03031706 0.01550186 0.004382022 0.027662985 0.0023566869 0.017716585 0.013777604 0.019377168 5.308792e-05 0.0014414643 0.0009838121 0.0028956465 2.041649e-05 0.0039283433 0.0021830748 0.00043099013 0.00062039023 5.0545514e-05 0.00026818845 0.0007104358 0.0001936769 1.619331e-05 4.535555e-06 0.0013893048 3.090522e-05 0.0016368255 5.987218e-06 0.0005652433 2.4072959e-05 5.295031e-06 5.845706e-05 0.0002730941 1.8245657e-06 0.0005262596 0.0015673353 0.00013544547 2.7938653e-05 4.2670767e-05 0.0007072754 0.0002068143 3.6209876e-06 0.0003652293 1.8972592e-06 0.0001987139 5.0434455e-06 0.0006674405 4.389896e-05 6.4556225e-05 2.673108e-06 0.0001438826 8.178996e-05 0.00249778 1.2590722e-06 1.3863431e-06 8.980288e-06 1.148213e-05 1.0618687e-05 6.8776158e-06 1.7948736e-05 9.012169e-06 1.219996e-06 1.984283e-06 5.9392625e-07 5.3055096e-06 1.2018414e-08
0.04246362 0.06528872 0.12003269 0.39364398 0.38915634 0.060202643 0.3011605 0.37890375 0.6218248 0.08858504 0.4417761 4.20501e-20 0.6039649 0.26352105 0.10919147 0.0022854223 0.19816014 0.3782079 0.00070507027 0.44494393 0.10011634 0.0071966564 0.122326314 0.034884136 0.2352604 0.5903503 0.0774048 0.0031643116 0.004822554 0.10036839 0.07656751 0.027804049 0.3952969 0.0045665745 0.08300921 0.2291842 0.08127961 0.08770404 0.006854332 0.13550286 0.003359494 0.077749036 0.109804265 0.22497275 0.0011560952 0.014579325 0.008744042 0.025486236 0.00016054662 0.06443469 0.016717454 0.0052993284 0.0070360564 0.00051915663 0.0060112714 0.0066005 0.0021976596 0.00048600318 0.00023079594 0.013803567 0.00049845426 0.018832864 0.00020702128 0.0057756184 4.4284337e-05 0.00017705071 0.00053468614 0.0027426598 0.0004180047 0.019861227 0.014623545 0.0005197236 0.00017254127 0.00012963504 0.011104871 0.0013863841 0.00016068113 0.0018344806 0.00022733198 0.009531257 0.0011881501 0.00033959438 0.0002660646 0.0007952226 9.54465e-05 0.0008003926 0.002529083 0.002081418 8.554065e-05 2.3214388e-05 0.00019532161 0.0001592532 0.00050057675 2.7977874e-05 0.00030431148 5.3296862e-05 1.0324948e-05 1.047199e-05 0.00018262737 5.4888147e-05 2.8375864e-05
0.1581168 0.072914705 0.20695521 0.34280324 0.46977556 0.052963097 0.12032956 0.5390227 0.3169752 0.03596398 0.12056124 0.6039649 2.530679e-19 0.060676526 0.1495882 0.0030608329 0.040598456 0.077741496 0.0017102689 0.12817676 0.16979091 0.015387203 0.25931498 0.013431335 0.032786094 0.4406022 0.13977787 0.0013218643 0.0025689863 0.17743368 0.110062145 0.056672715 0.26130953 0.001473315 0.015634853 0.25471196 0.020102173 0.14975308 0.0016588084 0.108720586 0.0010504193 0.020793956 0.069857895 0.23325302 0.00024834927 0.0066491636 0.0046588723 0.03187724 3.8868522e-05 0.08275147 0.0022437365 0.0034209779 0.005846383 0.0015184327 0.00066730013 0.012293929 0.0037946543 0.0004719943 9.235345e-05 0.046312023 0.0004165306 0.07847244 0.00014857514 0.018302621 3.3115415e-05 0.00013142357 0.0010250849 0.0048509217 0.0021706386 0.04997597 0.042076256 0.0006140599 0.00011785643 0.00010510236 0.026548536 0.0018915827 6.818262e-05 0.003277934 3.920981e-05 0.016894443 0.004169109 0.00026288585 0.00019544199 0.0007290966 4.5362318e-05 0.0007854945 0.0116134295 0.0018765375 3.51623e-05 7.142265e-06 8.0753096e-05 0.00010499596 0.0012204361 3.2145772e-06 0.0003686141 0.00013612169 2.180631e-06 4.4996405e-06 7.300181e-05 2.0703697e-05 8.455079e-06
0.00039259857 0.062796995 0.02603831 0.16940203 0.0893641 0.068828575 0.5046543 0.057265215 0.4577186 0.681526 0.6532484 0.26352105 0.060676526 4.0565646e-24 0.009864879 0.000798147 0.63277346 0.46173188 0.00062316563 0.09920213 0.022152122 0.0010907461 0.02017262 0.14436623 0.12072245 0.05304618 0.01661345 0.0028900283 0.0028325994 0.015955415 0.003815878 0.0017252516 0.014851848 0.00022726826 0.014563469 0.019939503 0.00956374 0.009178471 0.0050076186 0.01693251 0.0019403999 0.0053453394 0.0074237855 0.00707259 0.00010854761 0.0005681406 0.0004791378 0.0016487234 3.354596e-05 0.0011802093 0.0003468186 0.00022090031 0.000605975 5.30136e-05 8.070729e-05 0.00023608125 0.00012412082 5.976835e-06 1.7898132e-06 0.000590036 4.187586e-05 0.0012966694 5.6929252e-06 0.00017185122 4.5947836e-05 3.0894125e-06 4.610885e-05 0.00015199656 6.7396815e-07 0.00032008847 0.0009834974 9.50346e-05 2.232444e-05 4.2334137e-05 0.0005515684 0.00010588537 4.506882e-06 0.00022964698 1.5962922e-06 0.00018551871 2.6684725e-06 0.00059337605 3.600216e-05 3.1774278e-05 1.6992541e-06 7.7850294e-05 7.9973826e-05 0.001611544 6.9047405e-07 9.878726e-07 5.2489168e-06 1.7962006e-05 9.515688e-06 3.2746668e-06 7.4339305e-06 2.3799591e-06 7.63502e-07 9.797915e-07 9.699895e-07 2.5439683e-06 3.557634e-09
0.59391433 0.17904547 0.46272206 0.2431947 0.43590876 0.06950111 0.032532822 0.57081366 0.038534928 0.009548037 0.016466722 0.10919147 0.1495882 0.009864879 2.8203283e-16 0.02884727 0.0033266752 0.0038668723 0.028456997 0.016123014 0.24281612 0.282952 0.13402668 0.00593778 0.0024814024 0.053416427 0.14396816 0.01699871 0.011911941 0.07619461 0.6993683 0.7136505 0.02475059 0.0059861024 0.002288681 0.019910192 0.0028428752 0.12264817 0.001666104 0.010634012 0.01716641 0.0030382196 0.0028312732 0.12220876 0.0027545001 0.00071855733 0.0003721835 0.0011432426 0.001949775 0.051596984 0.00040359708 0.00010063476 6.709892e-05 0.07136904 0.00016577743 0.0016072382 0.00017189926 4.241104e-05 4.2416825e-05 0.038943168 5.2808505e-06 0.19687146 5.1664956e-06 0.011296099 0.0015999563 9.071435e-06 0.026561465 0.0021928435 0.11821245 0.4717048 0.048439674 1.1912002e-05 1.2219615e-06 1.0182926e-06 0.1380384 0.00024022747 1.9204235e-06 0.0007982159 6.1860806e-06 0.24526665 0.089489706 0.0032884874 2.5409277e-06 1.0566339e-05 6.271054e-07 3.2195123e-05 0.26918316 0.003117897 1.3911136e-06 0.0005607793 5.371767e-06 2.362096e-06 0.04152784 2.2042048e-08 0.001166253 0.0015176055 2.6541475e-08 1.9443999e-07 6.1098166e-07 1.0807282e-07 1.5333345e-07
0.102821015 0.12005834 0.15466808 0.026602237 0.011853342 0.1049249 0.0021288996 0.0052500716 0.0016750863 0.0012980396 0.0010463231 0.0022854223 0.0030608329 0.000798147 0.02884727 1.0118964e-21 0.0003723131 0.00055821176 0.58766365 0.0021362943 0.0016155019 0.31233636 0.0021193784 0.0009592293 0.00054021575 0.0019158423 0.0013727058 0.5000676 0.019544682 0.000646833 0.007883271 0.018456148 0.0008360242 0.18816507 0.00050914584 0.00010380192 0.00036939885 0.00035854976 0.00015731636 0.00017262818 0.306362 0.00038922473 0.0001201665 0.00013972646 0.0041079465 0.00010592809 4.796057e-05 1.2304513e-06 0.026939351 1.4524382e-05 0.0003890273 1.7882367e-06 6.272107e-07 0.2879229 0.00015004791 2.2292359e-07 2.6308084e-07 8.2132365e-06 9.394071e-06 9.602182e-06 6.335678e-08 0.0001443517 5.544584e-08 4.1022167e-06 0.11850848 1.605712e-07 0.13127872 1.3273758e-06 0.05172857 0.0018288235 3.409347e-05 6.0690105e-08 1.703869e-08 2.2908392e-08 0.00012141925 1.498938e-07 6.277005e-08 1.1179133e-07 2.8633308e-06 0.0003503639 0.016885802 0.013208197 2.7369111e-08 4.456236e-08 1.4518862e-08 1.15588605e-07 0.005453975 0.011530572 1.1478642e-08 0.023085035 3.1267584e-07 2.1322158e-08 0.004800274 3.2885055e-08 0.0002099856 0.0009990991 2.127539e-09 4.5400963e-09 3.7983954e-09 4.7759734e-09 6.6511885e-09
0.00011068948 0.016479196 0.0076794573 0.054209847 0.032302883 0.015657803 0.18781741 0.025083626 0.37029698 0.2106977 0.43744218 0.19816014 0.040598456 0.63277346 0.0033266752 0.0003723131 2.091832e-24 0.6798141 0.00025571426 0.18576501 0.009093574 0.0005904019 0.008231155 0.05648669 0.3307482 0.07869867 0.0072450875 0.0014619471 0.0003828103 0.007550872 0.0017981443 0.0006060952 0.027123256 0.00020000996 0.04005261 0.020653673 0.016204767 0.005460874 0.0030040834 0.015807245 0.0010205915 0.010648447 0.009353655 0.008145191 5.4298733e-05 0.00083786313 0.0005728959 0.0014831832 3.6269095e-05 0.0012662443 0.0018290763 0.00024197312 0.00039090935 3.656942e-05 0.00030580565 0.00022486034 9.080553e-05 1.0972699e-05 3.4621464e-06 0.00060116005 4.1183568e-05 0.0013738982 6.4114743e-06 0.00018625795 5.9536924e-06 8.224657e-06 1.8420837e-05 0.00016863826 1.0120924e-06 0.00032186543 0.00082270574 0.0001393108 2.0016942e-05 4.55854e-05 0.00074927823 0.00016689973 5.9493846e-06 0.00016388652 8.845995e-06 0.00029241384 2.602075e-06 4.522668e-05 7.668501e-05 0.00013389839 6.5222416e-06 0.00011430796 8.2385945e-05 0.0008315708 6.9121234e-06 8.653683e-07 3.4699195e-05 5.757069e-05 1.0477275e-05 1.9883948e-05 2.9756895e-06 1.707363e-06 5.6374183e-06 4.7984386e-06 6.133329e-06 5.7481566e-06 1.4533262e-07
0.00043282635 0.0130032925 0.0108600585 0.058582284 0.03937067 0.010615387 0.170487 0.03309473 0.49916863 0.082398415 0.5170666 0.3782079 0.077741496 0.46173188 0.0038668723 0.00055821176 0.6798141 1.6962885e-22 0.00023689856 0.40328068 0.0113770105 0.0008105718 0.012523047 0.015354754 0.53505445 0.22422613 0.012225428 0.0015967394 0.00025725964 0.012088846 0.0026700026 0.000997239 0.08587487 0.0004883029 0.12065765 0.04175509 0.038842592 0.010153476 0.0010396554 0.03872937 0.0022294042 0.026711246 0.027185638 0.019587237 4.0882875e-05 0.0025738294 0.0016442671 0.0048240786 2.1382142e-05 0.004450312 0.0057247374 0.0010111475 0.0016630939 4.902063e-05 0.0013715673 0.0014690771 0.00032284055 4.0383773e-05 1.3779923e-05 0.0012031931 7.328334e-05 0.0018810069 1.4900771e-05 0.0005113468 4.6912e-06 2.5290443e-05 2.7357017e-05 0.00040406635 2.388233e-06 0.000538926 0.0016322815 0.0002890832 5.804076e-05 0.00010428156 0.0012848441 0.0003451686 1.8122731e-05 0.0004679297 1.7361042e-05 0.00075807463 4.227828e-06 5.6896824e-05 0.00013869729 0.00021971262 1.9448566e-05 0.00019714869 0.00019126521 0.0014078675 1.7511913e-05 1.3835232e-06 7.020428e-05 0.00014722811 1.751088e-05 8.282364e-05 4.0554683e-06 4.480748e-06 1.896455e-05 2.694951e-05 3.178158e-05 4.5206718e-05 1.2067317e-06
0.38528752 0.032945458 0.11113631 0.0095704775 0.007095147 0.022360742 0.0008159287 0.0047484324 0.00045167614 0.00062597555 0.00051761465 0.00070507027 0.0017102689 0.00062316563 0.028456997 0.58766365 0.00025571426 0.00023689856 1.2854385e-20 0.0004315824 0.0011014418 0.6538983 0.0012696786 0.00035803294 0.00011520064 0.00085918896 0.0006946481 0.36685398 0.0070369816 0.00031635692 0.0058467854 0.024085771 0.00045310156 0.060517125 0.00010321822 6.205192e-05 6.6228466e-05 0.00024256155 5.4982505e-05 8.0427686e-05 0.1903379 0.00011655402 5.9783546e-05 0.00026170144 0.0010039737 3.9782786e-05 2.1662698e-05 4.2371377e-07 0.006906316 5.049281e-05 8.3528976e-05 3.3874849e-06 3.3841286e-07 0.70450526 3.4041816e-05 4.324694e-07 1.0484371e-07 4.890863e-06 2.1306205e-06 5.6858258e-05 2.4905699e-08 0.00065745163 9.877958e-08 1.3234605e-05 0.09063962 3.124752e-07 0.33068544 2.083753e-06 0.17817387 0.0046421345 0.00013725513 3.332751e-08 4.569007e-09 4.603929e-09 0.0005343525 1.7397373e-07 7.072073e-08 1.0437662e-07 3.1670102e-06 0.0019305756 0.059836637 0.014791182 9.955276e-09 2.6286552e-08 1.7454699e-08 4.3728036e-08 0.028881196 0.018588133 5.1191467e-08 0.011352386 1.2513823e-06 2.8264773e-09 0.015518116 2.4040863e-09 0.0005311048 0.0009514138 6.940202e-10 1.2607133e-08 4.6403628e-10 4.636877e-10 3.553173e-08
0.0030378213 0.026562054 0.038450833 0.07028594 0.05847403 0.016472211 0.081987016 0.05361846 0.39678296 0.025322508 0.24887565 0.44494393 0.12817676 0.09920213 0.016123014 0.0021362943 0.18576501 0.40328068 0.0004315824 8.810349e-21 0.02761276 0.001623932 0.03539898 0.010293905 0.48278373 0.54701906 0.026108086 0.0027084134 0.0015929262 0.042052254 0.009422896 0.0033250542 0.40135068 0.0059822677 0.31830263 0.16068499 0.25158688 0.035554443 0.0013826502 0.17558682 0.004887134 0.20030548 0.15809448 0.10976354 0.00022570037 0.03169383 0.019521698 0.033171594 4.8926708e-05 0.031273235 0.04892923 0.013184833 0.020119948 0.00026035545 0.024096156 0.016866127 0.005975268 0.0012167712 0.000689741 0.0067347987 0.002142367 0.005810584 0.0003477396 0.0034022408 2.3587902e-05 0.00027589008 0.00023926237 0.0033868134 2.432912e-05 0.009026573 0.008220549 0.0016237523 0.00074606884 0.00055892445 0.009469191 0.0023446118 0.00016671918 0.0021270253 0.0005261963 0.0060794195 0.00013284307 0.00048217256 0.0006424855 0.0013540621 0.0001476277 0.0013016749 0.0007299983 0.0051828674 0.00012943466 9.1619595e-06 0.00031905502 0.0007159618 7.740492e-05 0.000986724 7.606249e-05 3.401601e-05 0.00013915861 0.00013206004 0.0008367747 0.0004460539 4.9484705e-05
0.4044293 0.05014708 0.09373829 0.088867985 0.14899588 0.022541547 0.026189676 0.31572223 0.05202644 0.012445853 0.026423385 0.10011634 0.16979091 0.022152122 0.24281612 0.0016155019 0.009093574 0.0113770105 0.0011014418 0.02761276 2.6714928e-19 0.017039554 0.7795157 0.0071284487 0.0032952682 0.07863921 0.7480514 0.0015975351 0.0065694177 0.5740267 0.26627302 0.12508029 0.04240504 0.0019706422 0.0013362897 0.037815783 0.0024908187 0.27935678 0.0011892123 0.033746783 0.0017369208 0.003982929 0.013693586 0.1592703 0.0015401427 0.0029880658 0.0031545535 0.009037026 0.00047465172 0.08402326 0.00022543021 0.0020340611 0.0028079625 0.0015183907 8.2488e-05 0.008628027 0.0016247606 0.00022898718 4.2119536e-05 0.04129126 0.00012561136 0.18294509 7.128108e-05 0.013395408 3.0196128e-05 7.054099e-05 0.0011696955 0.002396856 0.006622578 0.15177493 0.053432062 3.910782e-05 3.1320394e-06 3.0242913e-06 0.08737209 0.00029937018 1.6380567e-05 0.00042803006 6.1828837e-06 0.06283267 0.008761626 7.237626e-05 8.011959e-06 5.579352e-05 2.8460404e-06 0.00018889397 0.038048297 0.00046132185 1.3262927e-06 1.2798472e-05 2.0588288e-06 8.808542e-06 0.0046761744 8.4847113e-07 7.682526e-05 0.00013266127 3.168478e-08 7.304919e-08 1.3657347e-05 2.5029385e-07 1.7162839e-07
0.85985154 0.10923743 0.5097962 0.06439034 0.08914527 0.059841383 0.0051157894 0.07036524 0.003578522 0.0015789593 0.0020571891 0.0071966564 0.015387203 0.0010907461 0.282952 0.31233636 0.0005904019 0.0008105718 0.6538983 0.001623932 0.017039554 1.1990185e-15 0.010180835 0.00089804246 0.00060304056 0.0072499393 0.010983028 0.19179247 0.010604774 0.0053862776 0.08352879 0.3305393 0.0048389616 0.047286775 0.00024608194 0.0030011502 0.00036764704 0.006215024 0.00019849419 0.0019757529 0.15352863 0.0008556341 0.0015942599 0.0072979988 0.0017025316 0.00029539719 0.00024286735 8.7557906e-05 0.005372531 0.0030624443 5.962884e-05 9.833365e-05 2.208667e-05 0.7571677 2.4964142e-05 0.00011277063 2.5392383e-05 2.3242877e-05 6.504098e-06 0.0012775535 1.5309622e-06 0.0051002013 3.0533936e-06 0.0001693519 0.038507793 4.5692404e-06 0.27065593 3.8024587e-05 0.5198901 0.046324838 0.0014450712 1.1295306e-06 4.4856367e-07 3.4647212e-07 0.0049484777 1.8455909e-06 8.7289686e-07 3.031661e-06 1.6858373e-06 0.030260518 0.23670235 0.020351738 1.6043818e-07 2.4251284e-07 6.572672e-07 2.696604e-07 0.18071961 0.024920778 1.4669022e-06 0.0058782673 5.3786107e-06 1.9175209e-08 0.05302635 1.3496644e-08 0.0011589973 0.001977214 5.3693853e-08 7.321194e-07 9.54922e-09 1.4236846e-08 1.08766194e-07
0.26902652 0.043145504 0.07540314 0.06968631 0.12327317 0.020676855 0.022411345 0.20147014 0.054497626 0.011422852 0.020777237 0.122326314 0.25931498 0.02017262 0.13402668 0.0021193784 0.008231155 0.012523047 0.0012696786 0.03539898 0.7795157 0.010180835 1.827806e-20 0.004406471 0.0056157727 0.10995566 0.7262775 0.0011193872 0.0035349885 0.84730816 0.1133851 0.0566496 0.07197672 0.00082206615 0.0021612113 0.07151007 0.0042780684 0.4225069 0.00065331714 0.06832976 0.0021970123 0.0053348765 0.031759754 0.16473213 0.0007802764 0.0058555515 0.005784568 0.023372592 0.00024902352 0.10259041 0.00029761667 0.0055027567 0.006493104 0.0020825039 6.7850575e-05 0.025221968 0.0056934822 0.00019221992 1.7336126e-05 0.06289834 0.0003919469 0.2578259 0.00011652491 0.025499372 1.3103341e-05 5.2538326e-05 0.0013104441 0.006646942 0.004447887 0.10855739 0.065853775 0.00020720993 1.7374394e-05 2.2663979e-05 0.08275981 0.001141843 3.2503474e-05 0.0016281133 3.2628461e-06 0.040052854 0.004872121 7.063314e-05 4.5578487e-05 0.00024022977 4.578754e-06 0.00047569713 0.023073856 0.0004714583 1.7071627e-06 6.885859e-06 8.6447415e-07 8.129158e-05 0.0025864204 2.6958082e-06 4.222813e-05 0.00011709002 1.88097e-07 8.112008e-08 5.071814e-05 4.994511e-07 8.6136545e-08
0.0003563801 0.08025819 0.019962968 0.04756469 0.040039174 0.17320013 0.08766666 0.027049579 0.048218444 0.3416409 0.062357277 0.034884136 0.013431335 0.14436623 0.00593778 0.0009592293 0.05648669 0.015354754 0.00035803294 0.010293905 0.0071284487 0.00089804246 0.004406471 1.4163948e-21 0.0067196554 0.008427359 0.0054927506 0.0012051413 0.26247376 0.0046557877 0.0034291914 0.0012419394 0.0028645096 0.0028884243 0.003259848 0.0024795453 0.0016328037 0.0045216335 0.5785157 0.0023465657 0.0013847847 0.0014363707 0.0017241173 0.0018112028 0.010222874 0.0003070497 0.00026989725 9.021383e-05 0.0019170367 0.00016799345 6.144854e-05 6.0844417e-05 3.6513804e-05 2.6659554e-05 3.8552073e-05 4.4003373e-05 2.5649285e-06 9.9175e-06 4.2103575e-06 0.00040140466 2.9591204e-06 0.00094117684 7.583013e-07 9.1420814e-05 8.518867e-06 1.6972932e-07 9.7810356e-05 0.000120915676 1.2957755e-06 0.007095715 0.0028823116 1.216133e-05 5.9043896e-07 5.029893e-07 0.0054381522 7.346829e-05 1.3228572e-07 0.00011570514 1.3322051e-06 0.004881707 3.533409e-06 0.0004031833 6.0419275e-06 8.60547e-06 4.0478948e-08 2.253806e-05 0.0019975512 0.0011708043 1.13866205e-08 3.1488803e-06 4.7356558e-08 4.7131193e-06 1.1655909e-05 2.565343e-07 2.0755693e-05 1.2870295e-05 6.295157e-08 6.04369e-08 1.5543827e-07 9.177113e-08 3.7930362e-10
0.00023271213 0.008925266 0.0066256667 0.019900212 0.013863798 0.0064177793 0.027349588 0.012241655 0.2605554 0.017052852 0.19879703 0.2352604 0.032786094 0.12072245 0.0024814024 0.00054021575 0.3307482 0.53505445 0.00011520064 0.48278373 0.0032952682 0.00060304056 0.0056157727 0.0067196554 1.142922e-20 0.28129235 0.0047594034 0.0011598244 0.0003134774 0.007454817 0.0023153469 0.0014874138 0.13767546 0.0015801782 0.42604703 0.039008882 0.20345007 0.005602207 0.000767112 0.0509008 0.0018375159 0.09134709 0.042309556 0.021648834 9.955513e-05 0.014399003 0.007772407 0.009132078 4.3847034e-05 0.0070581804 0.040379364 0.00362427 0.005134664 7.201692e-05 0.01291569 0.00463926 0.0015260675 0.00018962444 0.00013465161 0.0016081267 0.00037152978 0.002447542 0.00010419945 0.0007819678 1.0137168e-05 7.036952e-05 3.936016e-05 0.0007994527 2.190171e-05 0.0048088743 0.002363535 0.0003706431 9.63068e-05 0.00013094467 0.0024843765 0.00063042087 5.5776498e-05 0.0004172579 0.00024811443 0.0038293523 3.8258404e-05 0.00012765321 0.00031249863 0.0006075348 6.3208536e-05 0.0004240592 0.00092353194 0.0021225875 5.9535083e-05 3.7516215e-06 0.00015767699 0.00057726225 7.640083e-05 0.00040687446 1.2157642e-05 4.341039e-06 2.8518998e-05 4.6045836e-05 0.00023491024 0.00011854721 3.681219e-05
0.0377022 0.048544765 0.09660525 0.17238857 0.16631624 0.029801786 0.059610777 0.21896087 0.39176074 0.022813842 0.16668712 0.5903503 0.4406022 0.05304618 0.053416427 0.0019158423 0.07869867 0.22422613 0.00085918896 0.54701906 0.07863921 0.0072499393 0.10995566 0.008427359 0.28129235 1.0612942e-17 0.06830524 0.0034594391 0.001959744 0.11563334 0.049828097 0.013854928 0.73839 0.005779946 0.15500188 0.48743257 0.23137774 0.11532948 0.0011407465 0.45608252 0.0028627058 0.2708766 0.45102096 0.31653365 0.00026771927 0.09113163 0.064157814 0.11090996 1.6953167e-05 0.16578044 0.039050646 0.05121411 0.054565858 0.0010412317 0.020698324 0.085251585 0.03834625 0.0036637809 0.0022902815 0.039787523 0.009431392 0.030129448 0.0022242267 0.02606316 2.6957221e-05 0.0017730958 0.0008560797 0.012483583 0.00057600765 0.027953027 0.038257036 0.005681517 0.0024911761 0.0023857474 0.027258513 0.0062400536 0.0008641614 0.00700934 0.00092222187 0.016387997 0.0020297922 0.00037088193 0.0027961642 0.0030559679 0.0006010818 0.003944031 0.0048434725 0.00348707 0.00038211053 1.7193293e-05 0.00035347065 0.0035891808 0.0008528263 0.0012290893 0.00015700805 0.00012691373 0.0003563614 0.00019197041 0.0026554673 0.00069404807 4.9386123e-05
0.4359349 0.037406605 0.06326778 0.06323832 0.104192786 0.015872994 0.020988073 0.15299922 0.04064513 0.010153114 0.020933835 0.0774048 0.13977787 0.01661345 0.14396816 0.0013727058 0.0072450875 0.012225428 0.0006946481 0.026108086 0.7480514 0.010983028 0.7262775 0.0054927506 0.0047594034 0.06830524 7.689595e-21 0.00081244815 0.0043647783 0.7321543 0.153783 0.09456424 0.042813573 0.0010682232 0.00238796 0.039247565 0.0043158303 0.44375327 0.0009020093 0.03839788 0.0014068978 0.005671875 0.018104041 0.16655175 0.000789133 0.004046901 0.0043723565 0.012085129 0.00023467625 0.09251222 0.00030738136 0.0030793778 0.0037480926 0.0010146793 7.17404e-05 0.011046918 0.0022072904 0.0001966944 3.5121615e-05 0.06213917 0.00015973233 0.21798974 5.5042576e-05 0.020779906 1.0182066e-05 6.136919e-05 0.0005809409 0.0031171269 0.0056901495 0.16641401 0.07771674 6.2261046e-05 4.460535e-06 4.5509755e-06 0.10205674 0.00035090008 2.4565928e-05 0.00062640524 2.4040714e-06 0.05835158 0.006442753 6.046507e-05 1.4551251e-05 9.491141e-05 4.4689696e-06 0.00023156976 0.042346712 0.00023272101 2.9034334e-06 8.917093e-06 5.2062173e-06 1.8451676e-05 0.00410023 1.0302448e-06 4.1898107e-05 9.178738e-05 6.6437494e-08 6.703512e-08 1.540787e-05 2.4362183e-07 4.6390645e-07
0.045776237 0.05896854 0.087038144 0.017866677 0.0062510427 0.09338392 0.0021055704 0.0017117718 0.003216103 0.0025578314 0.0022456301 0.0031643116 0.0013218643 0.0028900283 0.01699871 0.5000676 0.0014619471 0.0015967394 0.36685398 0.0027084134 0.0015975351 0.19179247 0.0011193872 0.0012051413 0.0011598244 0.0034594391 0.00081244815 3.8032274e-22 0.045683872 0.00034985473 0.0040134504 0.009109072 0.0016379107 0.3837728 0.00096920034 0.00012781244 0.00075656775 0.00022419183 0.00067936204 0.0003154143 0.53002894 0.00079298654 0.00015758304 0.0003076667 0.02598827 0.00023857792 0.00018717536 1.6605558e-06 0.08682257 5.6129527e-05 0.0014344384 2.0358393e-05 6.0081934e-06 0.1861774 0.0011578478 9.632976e-07 3.775261e-07 0.000117797885 9.680654e-05 1.7831626e-05 5.3510615e-07 0.00023507766 1.5858104e-06 2.685151e-05 0.21372388 2.3927973e-06 0.1055573 1.9953797e-05 0.023646453 0.0003363782 8.517758e-05 1.0395656e-06 1.06353276e-07 1.03043e-07 7.046528e-05 1.2464898e-05 3.2689882e-06 1.373234e-05 4.9757273e-05 0.000113667134 0.026040345 0.03505567 1.3452799e-06 5.432538e-06 1.4544195e-06 1.0464044e-05 0.009763014 0.016074443 8.665657e-07 0.07426579 5.922744e-06 1.7142743e-06 0.010861394 1.8880681e-06 0.0003056188 0.004881399 1.3443442e-07 4.1066077e-08 3.9129663e-08 1.9358575e-07 5.8323486e-08
0.0007983697 0.12366311 0.064224675 0.03369123 0.037494678 0.22524148 0.0069700577 0.023658348 0.0052425335 0.013676613 0.0013366995 0.004822554 0.0025689863 0.0028325994 0.011911941 0.019544682 0.0003828103 0.00025725964 0.0070369816 0.0015929262 0.0065694177 0.010604774 0.0035349885 0.26247376 0.0003134774 0.001959744 0.0043647783 0.045683872 5.604136e-19 0.0024619123 0.004496902 0.003065498 0.0013298886 0.14189406 0.0005046448 0.00037437072 0.00044678003 0.0017890836 0.41305715 0.0008644313 0.029507127 0.0016714887 0.000968228 0.00021269846 0.2426089 0.0005401668 0.00026897865 8.994936e-06 0.047030345 9.702448e-05 0.00031764386 1.9881823e-05 7.577291e-06 0.00060616457 0.000280584 1.5691428e-05 1.5217075e-06 6.4433366e-06 1.5922874e-06 0.00015960123 1.0655465e-06 0.0012898606 9.3452155e-07 5.7516467e-05 0.00010037711 2.8067697e-07 0.0013266235 1.1736499e-05 0.00013988111 0.026463237 0.00058132247 3.471455e-07 2.856508e-07 1.6559987e-07 0.005977708 3.4521763e-06 2.5144584e-07 1.1356814e-05 3.9421013e-07 0.015985386 0.00016307799 0.0007158747 4.455418e-07 4.943192e-07 5.180438e-08 1.1361782e-06 0.020151129 0.0010085434 1.738781e-08 4.1293133e-05 4.5442746e-08 4.7595552e-07 8.3039005e-05 1.775198e-07 9.004235e-05 5.5968107e-05 1.754783e-08 4.065986e-08 2.7799175e-07 8.2529965e-08 4.2569373e-10
0.40257564 0.020758752 0.0420461 0.05083583 0.07578988 0.012060064 0.021158278 0.09898515 0.05041104 0.01010962 0.023454074 0.10036839 0.17743368 0.015955415 0.07619461 0.000646833 0.007550872 0.012088846 0.00031635692 0.042052254 0.5740267 0.0053862776 0.84730816 0.0046557877 0.007454817 0.11563334 0.7321543 0.00034985473 0.0024619123 7.0595963e-22 0.09011518 0.039558195 0.08338773 0.0005351356 0.0041064504 0.07025114 0.007967119 0.8362598 0.0007320203 0.07304059 0.000704338 0.009916205 0.040951353 0.30164716 0.00034743332 0.007999469 0.0077768518 0.032542285 7.910099e-05 0.17345402 0.00046029373 0.0066780946 0.008902441 0.0007217004 0.00011160913 0.027956307 0.007912254 0.00031358382 3.3714594e-05 0.10707911 0.00067337486 0.32181156 0.00019530821 0.03696172 2.084795e-06 0.00018843627 0.00019712557 0.0074329884 0.0023660362 0.16185035 0.12186188 0.00021307386 3.167664e-05 2.8057715e-05 0.15007111 0.000782961 9.428128e-05 0.0019512641 1.9674337e-06 0.05683107 0.0018582921 1.4468834e-05 5.1296563e-05 0.00019650224 1.8181796e-05 0.00033108515 0.03583821 9.691333e-05 8.386218e-06 4.8174716e-06 8.457918e-06 6.118698e-05 0.0015279882 2.8054462e-06 1.9453406e-05 5.85437e-05 3.2234874e-07 1.5270244e-07 8.174474e-05 8.5565597e-07 1.9061549e-06
0.8483977 0.06918124 0.26821274 0.1312387 0.24364084 0.025820762 0.0148372315 0.35513133 0.017023303 0.0040896507 0.0062820236 0.07656751 0.110062145 0.003815878 0.6993683 0.007883271 0.0017981443 0.0026700026 0.0058467854 0.009422896 0.26627302 0.08352879 0.1133851 0.0034291914 0.0023153469 0.049828097 0.153783 0.0040134504 0.004496902 0.09011518 3.6632744e-18 0.7995638 0.027223436 0.0010447194 0.0017127278 0.021504395 0.0021048808 0.24098979 0.0014011936 0.01461918 0.0043353275 0.0022620354 0.005168711 0.18925337 0.0023504852 0.0008726672 0.00048282486 0.0017591876 0.0007418544 0.11251838 0.00032132285 0.0001228935 0.0001450512 0.019566594 0.00016474276 0.0051778355 0.00026904483 3.0938605e-05 2.3398092e-05 0.116078 6.869278e-06 0.4236976 4.986314e-06 0.03465001 0.00041207043 1.1504643e-05 0.007010156 0.0033753298 0.09564533 0.6719321 0.14599428 1.6635333e-05 1.0928009e-06 1.1638807e-06 0.31436872 0.00039954172 3.964052e-06 0.0011954624 4.509569e-06 0.40205762 0.10218284 0.000990084 2.1361852e-06 2.6619211e-05 2.4165347e-06 0.00010019463 0.40612954 0.0008905493 5.139771e-06 0.00014640552 1.5932605e-05 2.011744e-06 0.05607859 1.1889161e-08 0.0005313588 0.0007521028 1.8369215e-08 3.531783e-07 7.6871197e-07 2.864841e-08 4.2642577e-07
