1.5071912e-30 0.004580163 8.781479e-05 0.95787686 0.84294903 0.4352891 0.06032929 0.68447584 0.26694837 0.9645943 0.9466471 0.9900155 0.8337792 0.0019874764 0.99508405 0.9938286 0.18767484 0.15286157 0.12408682 0.5675865 0.9296448 0.031532552 0.6404136 0.998808 0.17839818 0.00034436275 0.05447335 0.11140217 0.029656753 0.6823254 0.048580665 0.54668945 0.98739916 0.14052708 0.99887717 0.9914115 0.011879762 0.97014505 0.42672282 0.092611924 0.0018840831 0.0035536229 0.9979929 0.031063467 0.99922884 0.0037818414 0.003406476 0.961454 0.85383475 0.04225995 0.94787395 0.0035785136 0.97872645 0.24416792 0.026015637 0.022062628 0.2955511 0.8782321 0.45332247 0.60787344 0.8244844 0.9225151 0.9016323 0.9601891 0.019168982 0.02140029 0.9943169 0.9270837 0.9484553 0.99333656 0.043560863 0.21528015 0.877669 0.5727938 0.043994 0.98402476 0.04837385 4.002256e-05 0.97442275 0.7570722 0.8471344 0.8173553 0.13904059 0.15305759 0.03995704 0.491112 0.08649454 0.97605914 0.8517578 0.0047670077 0.06822752 0.0022840868 0.9344383 0.9998615 0.05607617 1.9105037e-05 0.00020887393 0.886938 0.9829973 0.00060092995 0.007746666
0.004580163 5.3668266e-15 0.19354352 0.03541762 0.00090461917 0.00045150236 0.093653515 6.150471e-05 0.00016154832 1.5706219e-05 8.587171e-06 0.00035007834 0.00010291774 9.863543e-05 6.0712668e-05 0.013703377 0.00010659471 7.191884e-05 0.00011181699 0.00010933722 1.9328027e-05 0.00030151944 0.00010197377 0.00015529567 4.235809e-05 1.6410275e-05 0.00016737793 1.7776172e-05 3.7980335e-05 1.2968812e-05 3.2772026e-05 4.5632005e-06 1.3909247e-05 9.11628e-06 3.297937e-06 2.308221e-06 5.215326e-06 4.601517e-06 1.1933133e-06 5.1745224e-06 9.125396e-06 2.8331988e-06 2.541255e-06 1.2991454e-05 2.2739075e-06 7.693354e-07 7.255697e-07 5.874176e-06 3.0909288e-07 1.8421741e-06 4.6538767e-06 1.3641069e-06 2.565316e-07 7.9178125e-07 4.491574e-07 4.4075398e-07 0.00016218943 8.989593e-08 2.5730537e-07 7.810085e-08 3.5781188e-08 3.9052887e-07 1.3150711e-07 1.3489921e-07 1.6272215e-07 1.1274465e-07 2.2291742e-09 5.375034e-07 9.886681e-07 2.7226799e-09 2.498939e-07 6.534127e-08 2.5159947e-08 4.9405315e-08 7.161047e-08 2.7806209e-08 7.896618e-08 4.6388968e-07 1.7167446e-08 1.9968978e-08 2.0041782e-08 1.5071334e-08 4.4773817e-08 4.065521e-08 3.4434926e-08 8.085003e-09 1.2474054e-07 2.1715336e-09 1.7176641e-09 3.633085e-09 3.6460197e-08 4.4184016e-09 1.8549269e-08 2.5730376e-08 6.2596768e-09 6.018946e-08 3.8427977e-08 6.264332e-10 2.292218e-10 2.7782712e-09 1.1436049e-08
8.781479e-05 0.19354352 2.7486367e-29 0.025904663 0.017380543 0.03400992 0.11754102 0.0056406693 0.022932643 0.0005393651 0.00059561216 0.014552813 0.0017062358 0.03223724 0.0019925132 0.009820513 0.0075309197 0.007302991 0.0053691505 0.00200322 0.00017042186 0.02307079 0.0005000226 2.3743041e-05 0.0012953671 0.010527018 0.0020751162 0.00044656103 0.0014830078 0.00018849502 0.00014022009 9.984989e-05 2.3404831e-05 0.00015899462 5.0935604e-08 1.0261915e-07 1.3926282e-06 5.0533732e-08 3.195879e-06 7.10004e-07 3.4948885e-06 8.403314e-07 4.724259e-09 1.2972782e-07 4.9444315e-09 3.5257308e-08 2.4103546e-08 1.1677822e-06 4.7768305e-07 8.395519e-09 1.0699945e-06 7.671319e-08 9.838556e-10 1.4274124e-08 5.5888116e-10 5.167613e-10 1.9268431e-07 7.184812e-08 1.8795068e-09 1.0540065e-08 7.655092e-09 5.9587816e-08 5.989913e-08 4.6161225e-10 1.5314498e-10 5.6819764e-11 1.5928947e-12 8.5647685e-08 6.0484155e-09 2.9456277e-12 1.3314301e-10 1.439578e-10 7.93224e-09 3.1615222e-09 6.8412206e-11 1.05720216e-11 7.540803e-11 4.4802073e-09 7.009519e-12 1.8528538e-09 5.4799743e-09 2.5125597e-09 2.173215e-10 2.1038105e-10 2.5261513e-11 3.8932493e-10 4.8886777e-11 8.7020825e-12 6.9249e-11 3.968619e-11 2.103986e-11 6.036124e-11 6.735265e-13 1.7047383e-10 6.88163e-12 2.3774172e-11 1.3975287e-11 2.5498966e-14 2.9058329e-13 6.0473767e-13 2.3317348e-12
0.95787686 0.03541762 0.025904663 8.3689777e-13 0.025589969 0.011422203 0.30847782 0.0057446584 0.004837356 0.039111245 0.021419024 0.14816393 0.0112999985 0.005334409 0.11940842 0.31476802 0.0029911066 0.0030008624 0.002915748 0.008895418 0.0041064443 0.0013588329 0.005914599 0.16630724 0.0011626501 0.0028823614 0.0010372587 0.00048781626 0.00035632178 0.0027266222 0.0002112478 0.00085786375 0.001118716 0.0005652061 0.016361356 0.00094250176 6.0126386e-05 0.00054518355 7.813047e-05 0.00016595838 3.8541955e-05 1.3769099e-05 0.0112430705 0.00026399936 0.009608972 2.253861e-06 1.4200832e-06 3.9792954e-05 7.2327502e-06 5.0270588e-05 2.4052124e-05 7.038156e-06 4.732049e-06 1.3278981e-05 1.7889239e-06 1.5509673e-06 0.019498147 5.989522e-07 9.777799e-07 1.0803011e-06 2.4163674e-07 5.756712e-07 1.5469604e-07 2.3369344e-07 3.759872e-07 1.1821015e-07 9.0418216e-05 1.6081287e-07 2.2384091e-07 0.00018965699 5.779695e-07 4.4304656e-07 2.5184722e-08 3.187791e-08 1.0369361e-07 9.965405e-08 8.954272e-08 6.246531e-06 5.0007905e-08 9.663608e-09 1.148858e-09 4.0284216e-09 4.7605152e-08 6.3154936e-08 2.6940938e-08 8.728744e-09 1.6534289e-08 9.928637e-08 1.1340341e-09 8.241902e-09 3.7450887e-09 4.9005293e-09 2.41731e-09 0.0001728344 1.8124959e-09 5.208638e-07 6.327322e-08 1.2644026e-08 1.8091889e-07 2.2321267e-09 1.394796e-08
0.84294903 0.00090461917 0.017380543 0.025589969 1.9047068e-17 0.46903452 0.17356871 0.32473567 0.20440163 0.10481124 0.13222884 0.2183435 0.231631 0.008138731 0.07832859 0.043637797 0.057291444 0.057001337 0.046696227 0.06185632 0.024336062 0.010764083 0.010910146 0.020504514 0.013515439 0.000482605 0.009716033 0.0075046574 0.0024712486 0.0037606433 0.0047994866 0.0032297557 0.0031583013 0.004016544 0.00059385976 0.0008486285 0.00042849506 0.00036273975 0.0004476915 0.0005882659 2.899442e-05 2.8742814e-05 0.00070255855 0.0005728995 0.00027857043 0.00010414143 6.970553e-05 2.0665902e-05 2.9852217e-05 0.00010398502 3.2879023e-05 2.828128e-05 1.5720514e-05 2.947102e-05 4.978203e-06 5.3184626e-06 0.10889199 1.8906968e-06 6.8601257e-06 4.73459e-06 8.7394886e-07 2.6704531e-06 5.7312235e-07 5.734419e-06 3.8223448e-06 2.3319442e-06 4.3435917e-05 9.515847e-07 4.4116464e-06 3.30317e-05 2.1213043e-06 7.385951e-07 3.55034e-07 3.0835918e-07 2.211484e-06 1.5546948e-06 2.273411e-06 1.2822466e-05 3.1298537e-06 2.9784763e-07 9.914818e-07 1.1605545e-06 1.5309396e-07 1.5298157e-07 4.3790996e-07 1.5696665e-07 1.2683743e-07 1.5766354e-05 1.445326e-07 7.946202e-07 1.0584775e-07 1.5328716e-06 4.3025852e-06 0.0010176854 9.480823e-08 5.05345e-06 2.0994003e-07 1.1339908e-05 0.00019224962 3.3514013e-07 1.0703261e-06
0.4352891 0.00045150236 0.03400992 0.011422203 0.46903452 2.4597529e-18 0.17797561 0.4159587 0.3703137 0.043389224 0.061444797 0.07986319 0.15137453 0.012800401 0.016118454 0.028113259 0.0898626 0.077979974 0.061079413 0.034839965 0.010918312 0.026192348 0.008427037 0.0028528098 0.024763115 0.0005622691 0.013375832 0.010837587 0.0033937036 0.0038535988 0.004039496 0.0016123874 0.000684727 0.003292595 0.00011126999 0.00017122402 0.00018788427 8.151547e-05 6.148107e-05 0.00029884963 2.1204638e-05 2.7223634e-05 0.00046428872 0.00026136672 0.00022452947 1.6373835e-05 1.1679744e-05 7.3082015e-06 7.890175e-06 1.9022751e-05 3.5675617e-05 5.3904314e-06 4.452464e-06 6.2335102e-06 6.89856e-07 5.053539e-07 0.024110073 1.6978673e-06 3.5557193e-06 3.1654763e-06 8.7617536e-07 3.8590747e-06 1.0014523e-06 4.0711548e-06 2.3506205e-07 1.17795786e-07 3.1405685e-05 7.9635565e-06 4.432564e-06 0.00010140189 1.24707e-07 2.0669823e-07 2.4848218e-06 7.25749e-07 8.497128e-08 2.6571972e-06 8.744595e-08 1.0478305e-05 3.1302893e-06 1.7256841e-06 2.1012815e-05 1.905347e-05 7.935679e-08 1.1512458e-07 4.5168814e-08 2.1209775e-07 1.5281161e-08 1.2902912e-05 9.504501e-07 2.6893193e-08 1.2664518e-08 2.9140326e-08 1.3852735e-05 0.00080019596 1.11627205e-08 1.296166e-06 1.5182385e-08 7.532254e-06 0.00076850026 1.7879364e-08 6.104525e-08
0.06032929 0.093653515 0.11754102 0.30847782 0.17356871 0.17797561 6.4348336e-09 0.06844782 0.1847301 0.005452935 0.004801909 0.02492731 0.020809649 0.020048413 0.018806083 0.14322482 0.02411924 0.026087651 0.016899625 0.0066392664 0.0023724777 0.03166679 0.003043836 0.019617395 0.006596133 0.0012506689 0.010036463 0.0029353271 0.00751797 0.001661363 0.003683602 0.0016070044 0.00030039033 0.0023209301 4.454288e-05 1.3639223e-06 0.0013983161 2.1316287e-06 0.00030625626 0.00040013273 4.1046333e-05 0.00017735793 1.5481795e-05 0.00096559955 3.531433e-05 4.6189387e-05 3.282626e-05 5.9307666e-07 2.7193353e-05 9.5239906e-05 2.9348353e-06 3.5543617e-05 1.050627e-07 7.461841e-05 8.534601e-06 5.452089e-06 0.00045033675 3.7182147e-06 6.1492124e-06 4.7112994e-06 4.6239215e-06 9.907806e-07 1.4272629e-06 3.3362998e-08 5.075283e-07 4.623527e-07 6.423328e-10 1.06714e-06 1.2686453e-07 1.9150126e-09 1.5863504e-06 7.213252e-07 1.3871976e-06 7.2191295e-07 3.8910315e-07 2.2101396e-09 3.213512e-07 5.4696785e-09 1.2314237e-09 3.1275246e-07 3.1259324e-07 1.12841356e-07 6.258821e-08 5.098031e-08 2.4088699e-08 5.9088368e-08 1.0281585e-07 1.4070672e-10 6.5307595e-09 9.474649e-10 5.700131e-09 1.5199261e-10 2.5346517e-10 3.8362122e-09 5.079885e-10 3.4644876e-12 3.139584e-12 1.2535062e-11 3.2482558e-14 1.8671791e-13 7.588326e-12
0.68447584 6.150471e-05 0.0056406693 0.0057446584 0.32473567 0.4159587 0.06844782 2.6230711e-19 0.3689141 0.052635737 0.07384908 0.07573898 0.21951522 0.0036354582 0.02456906 0.016686324 0.19578129 0.1676106 0.13752294 0.11727152 0.02748191 0.015399967 0.0205328 0.0054869023 0.06480035 7.077123e-05 0.0334052 0.023048019 0.009158973 0.004362893 0.008921777 0.0033879508 0.004496851 0.007068416 0.00038983734 0.00038183315 0.00084950676 0.00038794585 0.00084840204 0.0018476258 2.7909307e-05 5.1161573e-05 0.0005515356 0.0008839093 0.0004973071 4.6376448e-05 3.5757126e-05 2.2886088e-05 8.3816005e-05 9.581878e-05 4.9941733e-05 9.544955e-06 1.5375137e-05 2.4162777e-05 2.6233135e-06 2.0548566e-06 0.13866352 1.0136303e-06 1.5118047e-06 9.485142e-07 2.4161324e-07 3.3733586e-06 6.7775807e-07 3.5638839e-06 1.5789246e-06 1.139189e-06 1.5162237e-05 1.2510475e-05 3.7617428e-06 3.962773e-05 6.034847e-07 2.708563e-07 2.5330175e-07 3.17864e-07 4.778967e-07 5.665536e-06 5.1617104e-07 7.695317e-06 5.810359e-06 4.0321154e-07 1.7721391e-06 2.3277316e-06 7.478621e-08 9.3738365e-08 3.442509e-07 1.3797806e-07 7.9140484e-08 2.4477192e-06 1.8658568e-07 2.3305047e-07 1.1665216e-07 3.8232176e-07 1.6461003e-06 0.00072635314 1.2116887e-07 3.7826903e-06 1.16477175e-07 2.2452946e-06 0.00028359267 1.5924886e-07 3.1780488e-07
0.26694837 0.00016154832 0.022932643 0.004837356 0.20440163 0.3703137 0.1847301 0.3689141 5.5831817e-19 0.0055940975 0.01293682 0.017528707 0.04888252 0.03827073 0.0035730728 0.004814266 0.24132705 0.2357686 0.17452782 0.015015327 0.0035939228 0.13033637 0.0034762728 0.00022817016 0.03210008 0.0023521278 0.023712734 0.0073355394 0.012081528 0.0012408113 0.002148829 0.0003486884 9.592037e-05 0.0011922596 0.00011088123 4.5656405e-05 0.00014671413 1.712298e-05 1.2360585e-05 7.383141e-05 0.00010151423 3.801538e-05 0.00053284166 8.451061e-05 0.000254458 1.3136898e-05 8.217169e-06 6.2821787e-06 1.8936961e-06 7.0295227e-06 3.0574894e-05 6.076071e-06 1.4319282e-06 4.7532953e-07 1.5930144e-07 1.407335e-07 0.00943383 7.737362e-07 2.2989688e-07 3.2064372e-07 1.0295302e-07 1.2425156e-06 7.217457e-07 7.235313e-07 1.2709559e-07 3.918164e-08 3.40081e-05 2.4288981e-06 1.5983167e-06 0.00017853176 3.048898e-08 1.6396827e-08 3.040763e-07 1.089325e-07 1.4483044e-08 6.8352733e-07 1.8565373e-08 3.4566074e-06 1.0471995e-06 3.1019434e-07 5.8106198e-06 8.496797e-06 8.853982e-09 1.1758024e-08 1.6005055e-08 5.4539722e-08 2.4493383e-09 2.5713858e-05 7.3783616e-07 4.2037027e-09 3.656715e-09 1.5934935e-08 2.048101e-06 0.00042723355 5.0092175e-09 7.0423624e-07 1.5576287e-08 1.2845384e-06 0.00047385343 6.918597e-09 2.8661965e-08
0.9645943 1.5706219e-05 0.0005393651 0.039111245 0.10481124 0.043389224 0.005452935 0.052635737 0.0055940975 3.5669224e-20 0.82402176 0.5077747 0.16262521 0.00045753128 0.45886055 0.12256334 0.008598554 0.00696853 0.00699866 0.053656902 0.08451261 0.00010843959 0.042262886 0.4088457 0.0029786539 5.1574596e-05 0.0012484851 0.0010949536 0.00013720225 0.021418093 0.00017249718 0.0052817347 0.027732115 0.0007220163 0.06287352 0.008210551 6.1551796e-06 0.011408476 0.0006856375 6.749574e-05 1.0108578e-06 3.113339e-07 0.012392993 1.0464983e-05 0.0118833585 1.8426054e-07 1.5130183e-07 0.00089641166 0.00030726558 6.1183437e-06 0.0010069875 9.797629e-08 0.00023712346 1.4773805e-05 1.2200157e-06 3.984304e-07 0.008312383 2.116825e-05 5.3075037e-06 6.1996643e-06 1.9187555e-06 1.712793e-05 5.29063e-06 1.2203562e-05 9.4938514e-08 7.962636e-08 0.0008262802 4.4460435e-06 7.254435e-06 0.00076178636 2.6870208e-07 3.9984906e-07 7.096571e-08 1.02568265e-07 1.6557904e-07 6.4879723e-06 1.3970946e-07 4.884803e-06 1.750471e-06 2.833723e-08 9.390836e-08 1.1773616e-07 2.8517896e-08 3.9396113e-08 2.5081558e-08 2.2303107e-08 1.5728544e-08 5.441923e-06 7.5276905e-09 2.8078016e-08 7.58647e-09 1.7186187e-08 8.091204e-09 0.00050893973 4.8258055e-09 5.8397825e-07 6.158826e-08 1.9680773e-08 5.357207e-06 8.468713e-09 1.0052683e-08
0.9466471 8.587171e-06 0.00059561216 0.021419024 0.13222884 0.061444797 0.004801909 0.07384908 0.01293682 0.82402176 4.4054225e-18 0.266273 0.630449 0.0006076303 0.20109676 0.030816643 0.01488803 0.012831286 0.010975762 0.056611944 0.15224843 0.0013866117 0.03972588 0.15910064 0.0057250946 1.762494e-05 0.0025547377 0.0025240653 0.0006868757 0.0119522 0.0007372882 0.0053372374 0.020147363 0.0012399122 0.015587234 0.0026901842 0.00016545663 0.0041996525 0.00068772456 0.00029981878 1.3729865e-05 8.624201e-06 0.0026526058 0.00019086416 0.0023380662 2.1326819e-06 1.9966694e-06 0.00043634733 0.00052572036 5.9673042e-05 0.00050276396 4.062626e-06 6.766338e-05 7.306958e-05 1.64314e-05 1.2520167e-05 0.043437175 4.2584423e-05 1.6000944e-05 2.4197529e-05 6.783663e-06 6.4468463e-06 4.7503745e-06 5.8255396e-06 7.566416e-06 4.1592616e-06 0.00026618998 2.9030402e-06 7.440754e-06 0.00014556575 4.9147325e-06 4.6999908e-06 1.1127334e-07 1.9674532e-07 4.062579e-06 3.2200846e-06 2.6270063e-06 2.5190478e-05 1.4300163e-06 3.008203e-08 9.821111e-08 2.022265e-07 1.8335253e-07 2.1389666e-07 5.5665913e-07 3.1183024e-08 9.846751e-08 1.9146612e-06 1.2663504e-08 1.4018578e-07 3.7696e-08 9.8483845e-08 2.0981785e-08 0.00035559328 3.0274165e-08 1.2849144e-06 7.953029e-08 2.0237466e-07 8.265884e-06 2.0534872e-08 1.02942614e-07
0.9900155 0.00035007834 0.014552813 0.14816393 0.2183435 0.07986319 0.02492731 0.07573898 0.017528707 0.5077747 0.266273 7.4475546e-21 0.3735279 0.011505874 0.39948195 0.22869635 0.0029592195 0.0026067407 0.003350606 0.14133343 0.25864756 0.006874299 0.10942717 0.22232111 0.0014077219 0.0075250934 0.0011695009 0.0007781485 0.0003141253 0.03697275 0.00024258842 0.010257225 0.09592745 0.00069724576 0.03443057 0.008431226 6.362035e-06 0.013780252 0.00078506273 4.636584e-05 5.5150526e-06 2.0745033e-06 0.021003807 6.309751e-06 0.018952193 1.8277494e-06 1.5636102e-06 0.0031137888 0.00027420558 4.0302452e-06 0.0023519662 4.5567143e-07 6.5018445e-05 2.6485168e-06 1.079228e-06 4.4554133e-07 0.006006478 2.4179306e-05 1.124375e-06 1.1913746e-06 1.4951395e-06 1.2172945e-05 2.4145213e-06 8.381492e-06 3.659075e-08 7.959767e-08 0.00018239551 3.4842162e-06 1.093185e-05 0.00022923824 3.052446e-07 2.2715503e-07 2.9888335e-07 1.146706e-07 2.000631e-07 9.2510527e-07 2.484176e-07 9.113585e-06 2.8500506e-07 5.990885e-08 7.965204e-08 5.78139e-08 1.7480026e-07 2.0530652e-07 4.8922388e-08 5.1239525e-08 3.039122e-07 8.356478e-08 1.6129292e-08 4.2888507e-07 9.443969e-08 2.6633734e-07 1.2636571e-09 2.9802266e-05 1.01779e-07 3.6338753e-07 6.764727e-08 1.4293952e-09 8.323085e-09 2.85904e-07 4.919405e-07
0.8337792 0.00010291774 0.0017062358 0.0112999985 0.231631 0.15137453 0.020809649 0.21951522 0.04888252 0.16262521 0.630449 0.3735279 7.713643e-17 0.0028384947 0.22422957 0.03552776 0.106010474 0.08982642 0.07246869 0.55953884 0.42197666 0.006535187 0.277544 0.11462009 0.0745847 4.4171044e-05 0.030441351 0.029382538 0.007626649 0.05736579 0.007382403 0.023006836 0.07217567 0.014209904 0.005701456 0.006326517 0.001269945 0.006739775 0.0067594373 0.0038484188 2.0391544e-05 3.371186e-05 0.0017875999 0.0016201357 0.0011052709 0.0001659209 0.00012204441 0.00072845333 0.0024249982 0.00086845754 0.0007123949 7.462406e-06 8.059384e-05 0.0017642681 0.00021616195 0.00010900811 0.16322795 8.5594416e-05 0.0003621105 0.0001852514 9.6992655e-05 3.1903783e-05 1.8491543e-05 7.307547e-06 9.697051e-06 1.874266e-05 0.00012572318 1.13278575e-05 1.2968443e-05 6.276188e-05 2.3198012e-05 1.6330356e-05 2.4599303e-06 4.0408136e-06 1.411113e-05 4.092264e-06 1.0274567e-05 2.4487315e-05 8.822834e-06 7.3574574e-07 7.239116e-07 1.4988772e-06 8.362254e-07 8.6044463e-07 1.4920116e-06 1.8164812e-07 3.4546017e-07 4.8656248e-06 1.4460763e-07 2.004568e-08 1.5802104e-07 6.045627e-08 4.0728492e-07 0.00041246458 7.508708e-08 2.3243356e-06 1.6824773e-08 2.7572962e-06 5.994671e-05 1.903252e-08 1.15376494e-07
0.0019874764 9.863543e-05 0.03223724 0.005334409 0.008138731 0.012800401 0.020048413 0.0036354582 0.03827073 0.00045753128 0.0006076303 0.011505874 0.0028384947 8.598349e-21 0.007820357 0.014833524 0.0020453674 0.0013059203 0.002825766 0.0015419754 0.00043323744 0.08604834 0.00063534983 0.0026747452 0.0009814468 0.42302823 0.00073299627 0.0003423584 0.001051777 9.350975e-05 0.00019798015 3.2830365e-05 2.1654641e-05 0.00016164187 5.3129705e-05 1.1503798e-05 3.844389e-06 2.1399806e-05 4.7743733e-06 2.5919835e-05 0.00071212254 4.5815083e-05 4.010796e-05 5.135347e-06 3.6840953e-05 1.0667951e-06 1.2002389e-06 1.1699542e-05 2.347528e-06 4.7330758e-07 1.2668305e-05 4.3216123e-06 1.0144928e-06 2.9708153e-06 1.14192716e-07 6.784782e-08 4.160176e-05 1.3860313e-06 6.958882e-07 6.747315e-07 2.5574553e-07 1.4683452e-06 8.7752335e-07 2.0662137e-07 7.709942e-08 2.3884104e-08 1.3876442e-05 6.7678247e-06 5.0793454e-07 5.431559e-06 1.5858346e-08 1.469346e-07 7.131439e-07 7.1701606e-07 7.858375e-09 8.1489117e-07 1.1050634e-08 2.309477e-05 2.9565774e-07 1.1303744e-06 1.7019088e-06 9.262114e-07 7.426397e-08 1.05979474e-07 1.497097e-08 3.7599116e-07 2.964696e-08 2.4951218e-05 3.4231837e-07 5.773849e-09 2.998585e-08 4.045809e-09 4.0875643e-06 2.6877426e-06 9.819682e-09 3.5370616e-07 1.0741724e-07 2.1213943e-07 7.29732e-05 9.430626e-09 4.9698397e-08
0.99508405 6.0712668e-05 0.0019925132 0.11940842 0.07832859 0.016118454 0.018806083 0.02456906 0.0035730728 0.45886055 0.20109676 0.39948195 0.22422957 0.007820357 9.472514e-22 0.18974704 0.0022250763 0.0018393744 0.0021548439 0.059507757 0.1787025 0.0018877431 0.050969765 0.2677938 0.0011849229 0.0007841376 0.0012566348 0.00047366341 0.00022791985 0.0230614 0.00045882005 0.0073527666 0.07459149 0.00058599055 0.030119592 0.010476828 1.6836804e-05 0.024508098 0.00046052976 6.899732e-05 4.937654e-06 6.5199033e-06 0.031796698 3.6635956e-05 0.026237307 5.1611814e-06 3.870615e-06 0.000882567 0.0001555156 1.48868085e-05 0.0007348443 2.0300727e-06 0.00024137777 7.7747045e-06 2.0639047e-06 9.444424e-07 0.007542394 1.5996839e-05 1.9623706e-06 1.1007281e-06 1.0068678e-06 8.624012e-06 2.610252e-06 4.1621166e-05 2.2150456e-07 2.406428e-07 0.0007035126 2.6200532e-06 3.749499e-05 0.0013003559 4.734267e-07 2.6255748e-07 9.784444e-08 6.940964e-08 4.0678148e-07 9.27644e-06 4.3087292e-07 2.7022601e-05 3.0207432e-06 3.9257344e-08 1.3635848e-07 1.5857266e-07 2.37866e-07 2.3383903e-07 1.533741e-07 7.190913e-08 2.536796e-07 1.51434e-06 6.324306e-08 3.1239101e-06 2.2870901e-07 1.4858292e-06 4.9494442e-08 0.00038880165 3.1832784e-07 3.0301549e-06 1.8898514e-06 3.743098e-08 3.4730775e-07 2.0116483e-06 2.6895068e-06
0.9938286 0.013703377 0.009820513 0.31476802 0.043637797 0.028113259 0.14322482 0.016686324 0.004814266 0.12256334 0.030816643 0.22869635 0.03552776 0.014833524 0.18974704 9.861352e-16 0.0033449451 0.0030963046 0.0022732299 0.008532124 0.04189365 0.00074673584 0.0096587995 0.2084236 0.0004228729 0.00023688932 0.0004911055 0.00018915195 4.015201e-05 0.003881544 1.9724075e-05 0.001021183 0.02884932 2.934154e-05 0.0678145 0.021303434 2.0609561e-06 0.021234259 5.1389747e-05 2.1795665e-06 1.3494319e-07 4.537164e-08 0.036694184 1.1631151e-06 0.039399453 3.2507532e-07 2.1900833e-07 0.00018062159 0.00011428408 1.0832279e-06 0.00018566863 3.9158632e-08 0.00023594665 2.214536e-06 2.568895e-07 1.2069026e-07 0.024035545 1.3422281e-05 1.4984398e-06 2.2477093e-06 3.4209568e-06 3.1616387e-06 3.624159e-06 7.908263e-06 1.0170191e-08 1.31222535e-08 0.00010546543 9.575721e-07 9.618303e-06 0.00018554402 3.2940758e-07 3.245459e-07 1.9245955e-07 5.9934905e-08 1.2834576e-07 1.0970158e-05 1.5707506e-07 1.2999645e-07 4.946295e-07 3.945823e-08 1.0651832e-07 6.240987e-08 8.0122106e-08 7.056093e-08 3.3901042e-09 9.486461e-09 9.957426e-08 1.7999602e-06 8.803716e-09 2.882402e-08 1.732283e-08 1.4253095e-08 7.021666e-09 8.06999e-05 8.758295e-09 4.8305293e-09 1.1106186e-08 1.8755208e-09 8.2235346e-08 4.8923483e-09 8.223923e-09
0.18767484 0.00010659471 0.0075309197 0.0029911066 0.057291444 0.0898626 0.02411924 0.19578129 0.24132705 0.008598554 0.01488803 0.0029592195 0.106010474 0.0020453674 0.0022250763 0.0033449451 5.1377644e-18 0.5574643 0.5305335 0.095142476 0.03206063 0.041415066 0.026865864 0.00092200475 0.2379908 0.000108705186 0.1850656 0.11368167 0.05470211 0.008455471 0.050422825 0.009804945 0.0021855342 0.033161726 0.00018148198 0.0001184106 0.0032700798 0.00021110824 0.0024204557 0.0031195774 0.00059489964 0.0017870375 0.0006919699 0.002414724 0.00096345117 0.0005657497 0.00053298497 4.57266e-05 0.00043342527 0.00050248613 7.4755095e-05 0.00044745393 1.1959138e-05 0.00017858353 1.6731672e-05 1.14019385e-05 0.05243743 1.6401498e-05 1.540493e-05 9.701426e-06 2.3592684e-06 6.1805727e-06 2.7045917e-06 2.4916797e-06 1.6479451e-05 1.2548473e-05 2.1397767e-05 1.4998388e-05 5.5280802e-06 0.00012665184 2.3809741e-06 1.0255844e-06 9.86931e-07 1.097462e-06 4.6076298e-06 2.9085907e-06 4.4064745e-06 1.2049969e-05 8.295601e-06 1.191153e-06 3.1800664e-06 3.5552443e-06 4.2700643e-07 5.377253e-07 1.6425766e-06 4.4658867e-07 3.9117893e-07 9.247027e-06 2.5580187e-07 1.9548952e-06 1.5919693e-07 2.2507359e-06 2.2608124e-06 0.0011655164 3.0646967e-07 9.65791e-06 2.803736e-07 4.1968433e-06 0.0005247944 9.978772e-07 2.0045586e-06
0.15286157 7.191884e-05 0.007302991 0.0030008624 0.057001337 0.077979974 0.026087651 0.1676106 0.2357686 0.00696853 0.012831286 0.0026067407 0.08982642 0.0013059203 0.0018393744 0.0030963046 0.5574643 4.7568034e-19 0.55776834 0.07297389 0.024891445 0.038858183 0.02149731 0.00060317805 0.22261097 7.72911e-05 0.16405743 0.091567054 0.0400703 0.0063256663 0.04241489 0.0073785805 0.0017263098 0.027977064 0.00010986957 7.6285796e-05 0.0027175455 0.00012224175 0.001420218 0.00211816 0.00035187695 0.0010938728 0.00053647894 0.0018493456 0.0008054732 0.000248641 0.00022044785 2.4409206e-05 0.00027893463 0.00025456067 4.7483074e-05 0.0001517638 7.643606e-06 7.904052e-05 7.206662e-06 5.0040494e-06 0.052455757 8.622054e-06 7.2322673e-06 5.3152635e-06 1.4735452e-06 2.3933837e-06 1.2463715e-06 1.4126164e-06 7.4943646e-06 5.4201855e-06 1.579067e-05 8.231522e-06 3.312244e-06 0.00010514737 1.2235089e-06 6.6431386e-07 5.0215914e-07 5.898114e-07 2.2113659e-06 1.8764468e-06 1.9715433e-06 6.729165e-06 4.836488e-06 6.3482497e-07 1.6032707e-06 1.5761685e-06 2.0333519e-07 2.4178127e-07 9.958047e-07 2.3770569e-07 1.5945844e-07 7.885157e-06 1.679381e-07 7.0599737e-07 7.877889e-08 6.34552e-07 2.00761e-06 0.001085499 1.3749322e-07 4.1749277e-06 1.222546e-07 3.0082865e-06 0.00047689312 4.1405002e-07 5.447819e-07
0.12408682 0.00011181699 0.0053691505 0.002915748 0.046696227 0.061079413 0.016899625 0.13752294 0.17452782 0.00699866 0.010975762 0.003350606 0.07246869 0.002825766 0.0021548439 0.0022732299 0.5305335 0.55776834 4.297039e-18 0.07453023 0.029142082 0.1394285 0.024135713 0.0008405122 0.31958735 0.00027001748 0.38958195 0.14237179 0.22683954 0.011097963 0.13721786 0.013237958 0.003452852 0.038225994 0.00018098525 0.00017828506 0.008947159 0.0003833468 0.0042496184 0.0055242334 0.0032635466 0.0062271855 0.0005636344 0.0062067485 0.00069973775 0.0014762292 0.0011139315 0.00015682398 0.0012427706 0.0025390966 0.00020456377 0.00061374344 1.8692928e-05 0.00039198186 0.00012614737 5.3171017e-05 0.019615687 0.00016708895 6.9733454e-05 6.914824e-05 4.0578692e-05 5.8014586e-05 2.5937958e-05 1.2248989e-05 8.685543e-06 1.9038249e-05 3.692611e-05 9.7558084e-05 2.7817365e-05 0.00016048388 1.0587442e-05 2.7380233e-06 6.9540633e-06 2.762597e-06 8.798215e-06 3.686638e-06 1.0623043e-05 3.378608e-05 1.4696236e-05 2.9510127e-06 1.3274322e-05 1.0894673e-05 1.132203e-06 1.2639266e-06 3.052427e-06 9.069345e-07 1.3334367e-06 1.2833428e-05 8.1521137e-07 5.477893e-06 4.3178247e-07 4.421962e-06 4.1510198e-06 0.00085199514 5.7515047e-07 9.731783e-06 3.0595544e-07 6.971733e-06 0.00038929842 8.746342e-07 2.580833e-06
0.5675865 0.00010933722 0.00200322 0.008895418 0.06185632 0.034839965 0.0066392664 0.11727152 0.015015327 0.053656902 0.056611944 0.14133343 0.55953884 0.0015419754 0.059507757 0.008532124 0.095142476 0.07297389 0.07453023 4.31911e-18 0.52826077 0.008124595 0.5608228 0.020263432 0.18997289 1.6682965e-05 0.07256224 0.1447683 0.020105945 0.30551222 0.05028158 0.24530418 0.17331451 0.12533623 0.0034089624 0.010418112 0.0043123164 0.013711829 0.048691027 0.025772814 0.000100689576 0.00026126107 0.002211692 0.00955682 0.0007105907 0.001943391 0.0014297873 0.0020450156 0.009184798 0.0065404307 0.0019941062 7.374416e-05 0.00031527563 0.009583067 0.0013352623 0.0010092646 0.12333963 0.00042782622 0.0015133648 0.00069115794 0.00066088774 0.00012224627 5.7185243e-05 2.9036399e-05 0.000118661796 0.00034065815 0.000553274 5.243366e-05 3.1441014e-05 0.0002517147 0.00049470545 0.000313006 1.8625627e-05 1.6867083e-05 0.00021512668 1.8609046e-05 0.0001708368 2.017692e-05 2.3896173e-05 3.97384e-06 9.928297e-06 8.6237e-06 7.1854774e-06 5.9560493e-06 1.2823481e-05 8.4620933e-07 5.805751e-06 7.149997e-05 7.3687204e-07 1.9643018e-07 9.601554e-07 2.788951e-07 5.1284505e-06 0.0016538257 6.6464844e-07 4.993514e-06 2.2889623e-07 1.4066805e-05 0.0006677894 1.1489544e-07 1.0457385e-06
0.9296448 1.9328027e-05 0.00017042186 0.0041064443 0.024336062 0.010918312 0.0023724777 0.02748191 0.0035939228 0.08451261 0.15224843 0.25864756 0.42197666 0.00043323744 0.1787025 0.04189365 0.03206063 0.024891445 0.029142082 0.52826077 1.3919391e-19 0.0014014321 0.68835366 0.16487415 0.0682236 3.2462704e-05 0.033705477 0.044553045 0.0052520568 0.5053482 0.019086238 0.29158762 0.6866824 0.056314446 0.048322413 0.11234467 0.0013796964 0.16611859 0.08821435 0.01598554 5.27603e-05 5.8788526e-05 0.021211741 0.0037396303 0.011488988 0.00027494872 0.00021289733 0.037434336 0.079499304 0.0033812867 0.03595405 3.5729587e-05 0.01206279 0.0096692005 0.00048116778 0.0002770288 0.15139265 0.01070112 0.0032045988 0.0028806299 0.0042362153 0.004224991 0.0018942236 0.0011566449 2.4380428e-05 4.6268353e-05 0.0054476387 0.0011638643 0.0008069255 0.0050163916 0.00023530128 0.0006077306 0.00012294168 8.695227e-05 9.509861e-05 0.0004152461 8.087534e-05 3.2550375e-05 0.00033240634 1.9606654e-05 7.1083e-05 9.170207e-05 9.773273e-06 8.568618e-06 1.3242533e-05 3.8198996e-06 5.1224724e-06 0.00090036 6.989848e-06 5.9381415e-07 1.3259498e-06 8.828486e-07 4.596044e-06 0.004094316 5.4714997e-07 9.374498e-06 4.324913e-07 1.3995816e-05 0.0016397956 5.9251647e-07 1.5261502e-06
0.031532552 0.00030151944 0.02307079 0.0013588329 0.010764083 0.026192348 0.03166679 0.015399967 0.13033637 0.00010843959 0.0013866117 0.006874299 0.006535187 0.08604834 0.0018877431 0.00074673584 0.041415066 0.038858183 0.1394285 0.008124595 0.0014014321 2.7167716e-20 0.0036703402 0.00013188084 0.038433474 0.11050084 0.20590048 0.025857646 0.6024294 0.0013921023 0.09067065 0.0009845836 9.688042e-05 0.011679315 8.672388e-05 9.065783e-05 0.0994459 5.7024212e-05 0.0010214221 0.010516171 0.31759268 0.14106181 0.00015460617 0.00988499 0.00011572015 0.003870916 0.0024165567 0.00045595926 0.00017766876 0.002432055 0.0004804581 0.0025737253 1.5722172e-06 0.00033326496 8.661716e-05 4.1225023e-05 0.00088096183 4.8400387e-05 4.3386775e-05 4.405405e-05 1.4018111e-05 5.335072e-05 3.565331e-05 6.1810206e-06 1.8044675e-05 9.093548e-06 5.9062313e-05 0.00016527464 2.589335e-05 4.1710333e-05 9.033966e-06 2.9322084e-06 1.056896e-05 4.0284854e-06 6.6705607e-06 1.4922664e-06 7.891846e-06 0.005892546 1.6855014e-06 8.201097e-06 4.5772984e-05 3.696526e-05 3.6262334e-06 4.5105967e-06 3.880476e-06 2.178862e-06 3.888878e-06 3.2277512e-05 5.178349e-06 8.1512906e-07 2.5835766e-06 1.1901016e-06 2.058345e-05 0.0001949208 8.502102e-07 7.480752e-05 5.83827e-06 9.05183e-05 0.00030292856 4.345444e-07 1.5576763e-06
0.6404136 0.00010197377 0.0005000226 0.005914599 0.010910146 0.008427037 0.003043836 0.0205328 0.0034762728 0.042262886 0.03972588 0.10942717 0.277544 0.00063534983 0.050969765 0.0096587995 0.026865864 0.02149731 0.024135713 0.5608228 0.68835366 0.0036703402 1.153396e-17 0.027288752 0.07781697 1.7839026e-05 0.0371229 0.07535489 0.010649493 0.5927359 0.03312093 0.3644376 0.2919419 0.08923065 0.0125107085 0.047030758 0.0039104414 0.07740911 0.07600572 0.02523658 0.000119592245 0.0001792801 0.006142127 0.0058908975 0.0022314708 0.0013830597 0.0011561592 0.011504491 0.03621504 0.007370686 0.012462386 9.6565236e-05 0.0043267016 0.018085828 0.002208404 0.0014177314 0.13221462 0.0056431796 0.0067970427 0.004810627 0.0043556676 0.0018993096 0.0009090977 0.00047512384 0.00021862952 0.000544901 0.002250445 0.0006882596 0.0003000768 0.0014815399 0.0010891339 0.0019893786 0.00028672686 0.00021848545 0.000494489 0.00022624645 0.0004363898 2.3586821e-05 0.00016597104 4.4436256e-05 0.00011640041 0.00010159297 7.144769e-05 6.2689316e-05 7.9247475e-05 8.6562295e-06 3.5500387e-05 0.00062820833 2.4266901e-05 1.4460879e-06 1.5935977e-05 2.011487e-06 6.2494895e-05 0.002988365 6.4027486e-06 5.571177e-06 4.0301663e-07 9.2452065e-05 0.0028186839 6.2279577e-07 1.792681e-06
0.998808 0.00015529567 2.3743041e-05 0.16630724 0.020504514 0.0028528098 0.019617395 0.0054869023 0.00022817016 0.4088457 0.15910064 0.22232111 0.11462009 0.0026747452 0.2677938 0.2084236 0.00092200475 0.00060317805 0.0008405122 0.020263432 0.16487415 0.00013188084 0.027288752 3.2899895e-21 0.0005052109 0.00018959604 0.0006353956 0.00040536534 0.00010757447 0.009160902 0.0002307794 0.0030284058 0.15456867 0.00025055217 0.096508674 0.05650198 1.7780632e-05 0.07397511 0.00018582433 4.8948878e-05 1.0205097e-05 6.221086e-06 0.080450326 2.6105396e-05 0.06189747 1.3330165e-05 1.098868e-05 0.0018763514 0.00015294373 2.1678074e-05 0.0006327838 6.4564315e-06 0.00224987 5.438421e-06 8.117634e-06 5.5973414e-06 0.012760521 2.119435e-05 7.3062506e-06 5.827362e-06 4.057244e-06 1.8139712e-05 8.398319e-06 0.00045666445 1.3267659e-06 1.5822891e-06 0.0050781015 1.7227383e-05 0.00036196996 0.0055948044 4.0950436e-06 1.9986066e-06 1.2858548e-06 1.0487116e-06 4.6517553e-06 0.00017627486 5.481556e-06 7.3206706e-05 0.00010216709 8.2633255e-07 2.3377515e-06 2.0803639e-06 5.7308002e-06 5.8498626e-06 1.7482454e-06 2.5675948e-07 1.743639e-05 5.7303274e-05 6.149896e-07 4.593912e-05 1.0382108e-05 7.404037e-06 2.6858233e-06 0.0025790718 6.4233354e-06 3.7177382e-05 2.1320911e-05 1.789342e-06 2.1868567e-05 9.869579e-06 1.3046668e-05
0.17839818 4.235809e-05 0.0012953671 0.0011626501 0.013515439 0.024763115 0.006596133 0.06480035 0.03210008 0.0029786539 0.0057250946 0.0014077219 0.0745847 0.0009814468 0.0011849229 0.0004228729 0.2379908 0.22261097 0.31958735 0.18997289 0.0682236 0.038433474 0.07781697 0.0005052109 2.269621e-18 0.000113022135 0.5798502 0.69910365 0.27715948 0.053807672 0.5409105 0.08592859 0.0070074014 0.4463542 0.00029431182 0.0002894142 0.04983729 0.00055762776 0.024212005 0.05783804 0.0067434334 0.016914232 0.00092669966 0.041321937 0.00066021114 0.012742869 0.011329447 0.0003618787 0.004392317 0.010612463 0.000501742 0.0045561716 1.9702586e-05 0.004117762 0.001062743 0.0006106538 0.05164975 0.00030027117 0.00038006422 0.0002411769 0.00016886371 7.53422e-05 5.0362287e-05 8.34728e-06 0.00024293127 0.00016487556 2.4885603e-05 3.8416678e-05 1.0868553e-05 0.00013392317 0.00010597377 1.430489e-05 8.765343e-06 3.1373904e-06 5.914545e-05 8.544838e-06 6.384661e-05 0.0002787684 2.149746e-05 1.5326261e-06 7.662254e-06 5.3303197e-06 1.77871e-06 1.6538044e-06 1.3995483e-05 4.3154822e-07 2.2916827e-06 2.0237505e-05 4.9042325e-07 1.2530105e-05 6.646909e-07 1.7544662e-05 4.1561216e-06 0.00076649943 1.2062253e-06 0.0001228354 7.982793e-06 8.60922e-06 0.0008649856 3.3607039e-06 1.6779019e-05
0.00034436275 1.6410275e-05 0.010527018 0.0028823614 0.000482605 0.0005622691 0.0012506689 7.077123e-05 0.0023521278 5.1574596e-05 1.762494e-05 0.0075250934 4.4171044e-05 0.42302823 0.0007841376 0.00023688932 0.000108705186 7.72911e-05 0.00027001748 1.6682965e-05 3.2462704e-05 0.11050084 1.7839026e-05 0.00018959604 0.000113022135 5.692656e-24 0.00038689232 7.8808764e-05 0.0024805777 4.605315e-06 0.00011600909 3.908502e-06 2.2996683e-05 3.3905475e-05 2.7834387e-06 3.3499566e-07 9.904499e-05 8.081704e-05 1.5234367e-06 1.7539425e-05 0.040974803 0.0022867348 3.7266673e-06 3.0253777e-05 1.7075487e-06 4.2514357e-06 3.4683364e-06 0.005226746 8.753983e-06 2.3293837e-06 0.009489364 3.7411624e-05 1.8143068e-05 2.5586155e-06 1.8602319e-07 1.5789374e-07 1.447002e-07 6.0677932e-05 1.1313698e-06 3.6598256e-06 2.1492879e-06 0.0045647463 0.00044728242 0.0004369543 8.891964e-08 3.6535937e-08 1.7328183e-06 0.00865269 0.0013359998 2.5324084e-07 8.372415e-08 4.920977e-07 6.0841227e-05 9.3425336e-07 3.1678073e-08 2.1661367e-06 4.783242e-08 0.0013317815 0.00013670788 3.2298744e-06 0.0009227599 0.0022672997 3.5001304e-07 3.8799746e-07 2.9506044e-08 1.8678901e-07 5.414926e-08 5.671961e-07 0.0011615324 8.448953e-08 4.5256943e-08 7.6337066e-08 5.8415204e-05 1.6338628e-07 1.4231009e-08 3.5281091e-06 2.9779237e-06 5.281825e-05 3.1633938e-06 1.9841373e-08 5.7235464e-08
0.05447335 0.00016737793 0.0020751162 0.0010372587 0.009716033 0.013375832 0.010036463 0.0334052 0.023712734 0.0012484851 0.0025547377 0.0011695009 0.030441351 0.00073299627 0.0012566348 0.0004911055 0.1850656 0.16405743 0.38958195 0.07256224 0.033705477 0.20590048 0.0371229 0.0006353956 0.5798502 0.00038689232 3.0791413e-19 0.49493483 0.77323025 0.02911288 0.7571978 0.05133282 0.0040307012 0.33766478 0.00022542782 0.00024248687 0.22229825 0.00055079546 0.025793595 0.062222533 0.038387235 0.09207091 0.0006840472 0.1018233 0.0005930089 0.015552051 0.013416631 0.0005204182 0.0049032955 0.024277113 0.00077453215 0.009825023 2.8214872e-05 0.0049304436 0.0010662881 0.00041101384 0.035064247 0.0010042312 0.0004189086 0.00026382215 0.00027840232 0.00022932024 0.00019732438 1.9146184e-05 0.00011786856 7.065538e-05 0.00011403618 0.0002842688 3.1557902e-05 0.000308215 4.439487e-05 8.311169e-06 2.988224e-05 1.2972412e-05 3.0476698e-05 1.23303735e-05 3.313304e-05 0.0016302582 3.624434e-05 7.970546e-06 7.9140984e-05 5.018298e-05 2.4609792e-06 2.5509116e-06 8.114809e-06 2.6469438e-06 1.6362181e-06 5.7421385e-05 3.2123064e-06 7.807062e-06 1.1446983e-06 4.093166e-06 9.99762e-06 0.0005500603 8.2990067e-07 0.000264654 9.0112235e-06 2.2385522e-05 0.00092493166 1.3811833e-06 7.208298e-06
0.11140217 1.7776172e-05 0.00044656103 0.00048781626 0.0075046574 0.010837587 0.0029353271 0.023048019 0.0073355394 0.0010949536 0.0025240653 0.0007781485 0.029382538 0.0003423584 0.00047366341 0.00018915195 0.11368167 0.091567054 0.14237179 0.1447683 0.044553045 0.025857646 0.07535489 0.00040536534 0.69910365 7.8808764e-05 0.49493483 5.200843e-19 0.26922408 0.076294586 0.64953256 0.13095345 0.009074027 0.640968 0.00025643635 0.0003984935 0.11799665 0.00087784074 0.09928083 0.2630428 0.012500803 0.025660524 0.0012221219 0.14458264 0.000980464 0.026658172 0.024265619 0.0013592334 0.012922412 0.05870232 0.0013737167 0.008605396 8.058393e-05 0.021518877 0.008604841 0.0048133917 0.040733468 0.0024303626 0.0026570314 0.0017684746 0.0017148223 0.0003786988 0.00047895484 4.102837e-05 0.0015995766 0.0011260062 0.0001555552 0.00027728121 5.902853e-05 0.00040310124 0.00092242466 0.00032239014 0.00011512343 5.426141e-05 0.0004616493 7.4717245e-05 0.00044282587 0.0006622 0.00013817486 2.672913e-05 0.000100979974 5.923826e-05 1.869364e-05 2.1058735e-05 0.0001299389 6.5661534e-06 2.1490017e-05 0.00014633057 6.5971485e-06 0.00011952918 7.902133e-06 9.2890055e-05 2.9423474e-05 0.001621838 1.0344334e-05 0.0003665308 2.6248914e-05 7.3206575e-05 0.0024979229 8.649324e-06 5.5654975e-05
0.029656753 3.7980335e-05 0.0014830078 0.00035632178 0.0024712486 0.0033937036 0.00751797 0.009158973 0.012081528 0.00013720225 0.0006868757 0.0003141253 0.007626649 0.001051777 0.00022791985 4.015201e-05 0.05470211 0.0400703 0.22683954 0.020105945 0.0052520568 0.6024294 0.010649493 0.00010757447 0.27715948 0.0024805777 0.77323025 0.26922408 3.1848906e-20 0.008686009 0.690001 0.017661124 0.0006846858 0.22518139 5.1934257e-05 0.000113804665 0.5012665 0.00016870165 0.01381379 0.07907846 0.17242141 0.2780316 0.00017026445 0.099642314 0.00011046548 0.04491582 0.036735907 0.00055479014 0.0035195602 0.023470907 0.0006113839 0.025863113 3.987265e-05 0.0025109744 0.0015327819 0.00069284614 0.007350473 0.0009900864 0.00040687388 0.0004212418 0.00035257192 0.00050904293 0.0003228612 7.9200705e-05 8.376262e-05 9.0954774e-05 0.00010946408 0.0007141182 0.000104836974 0.00019815845 9.5698604e-05 1.6960606e-05 0.00014541367 2.2131962e-05 5.9046488e-05 2.6528836e-05 6.668471e-05 0.0055355453 0.00015833927 3.2103326e-05 0.00031971931 0.00017361977 7.759482e-06 9.821196e-06 1.4407752e-05 5.0654353e-06 4.086107e-06 7.557205e-05 1.8757697e-05 1.2044788e-05 3.4201018e-06 1.0019363e-05 1.8763138e-05 0.00034005282 2.9748044e-06 0.00043310507 2.4158491e-05 5.3724052e-05 0.00089889084 3.0525055e-06 1.880457e-05
0.6823254 1.2968812e-05 0.00018849502 0.0027266222 0.0037606433 0.0038535988 0.001661363 0.004362893 0.0012408113 0.021418093 0.0119522 0.03697275 0.05736579 9.350975e-05 0.0230614 0.003881544 0.008455471 0.0063256663 0.011097963 0.30551222 0.5053482 0.0013921023 0.5927359 0.009160902 0.053807672 4.605315e-06 0.02911288 0.076294586 0.008686009 1.2516024e-18 0.04236396 0.701047 0.35993063 0.17965852 0.011456579 0.061214153 0.0043349373 0.12925015 0.39104563 0.06209964 7.801603e-05 9.925983e-05 0.009216935 0.010367214 0.0030549378 0.0011310679 0.00078764925 0.023518754 0.120384425 0.012803697 0.020512449 6.300596e-05 0.013817995 0.047023606 0.0025996342 0.001313643 0.08784054 0.015369626 0.015420145 0.012119846 0.011677048 0.0050994568 0.0031549418 0.0030951104 0.0002468508 0.0004924996 0.0053003817 0.0019531184 0.0020236294 0.0033107363 0.0011490423 0.0031686735 0.00061768614 0.00041330702 0.0005674117 0.0010413249 0.00053859205 1.1219185e-05 0.00088382716 0.000101038364 0.00026123165 0.00023438036 0.00010698966 0.00010444718 0.00010823358 1.2659091e-05 8.454398e-05 0.002007482 8.9045374e-05 6.799914e-06 2.9262821e-05 4.191639e-06 0.00024685622 0.005621962 1.25886745e-05 5.1807447e-06 2.147846e-07 0.00040125215 0.007367633 5.64534e-07 3.2183746e-06
