1.29e-43 0.18970019 0.07877319 0.4629403 0.02841377 0.042856127 0.034988996 0.49972013 0.023140654 0.6316715 0.032475688 0.025477042 0.12548342 0.007817114 0.008957165 0.6879061 0.16238569 0.014594677 0.72798616 0.89442104 0.90613055 0.8686254 0.0029034142 0.8739783 0.002416741 0.0034532866 0.016470624 0.12256941 0.0023407177 0.8899589 0.0017287713 0.0017943311 0.0052073174 0.8565605 0.36606774 0.5706478 0.8811814 0.8047744 0.0014078863 0.68922716 0.004488517 0.0022275827 0.5521489 0.15657304 0.75167817 0.74193686 0.000984372 0.7941879 0.0013993867 0.87895757 0.531927 0.24379015 0.5944733 0.007389066 0.0001303358 1.2001835e-05 0.010097431 0.0004103314 0.0002512051 0.88471127 0.003682998 0.15782215 0.92993575 0.0010844932 0.03394021 0.0045579686 0.028348066 0.1668116 0.0010370525 0.00036267936 0.9899058 0.0045369333 8.799307e-06 4.9360464e-05 0.9616224 0.5821645 0.042478494 0.010968333 0.042322475 0.00030177546 0.19647141 0.004453543 0.15992908 0.013707239 0.4054081 0.4556232 0.0011118222 0.0002679259 3.0006062e-05 0.34580818 0.7104713 3.6435016e-05 3.357793e-07 3.4002019e-06 0.92454886 1.9502397e-06 0.952114 4.713829e-08 3.124679e-06 4.2012667e-05 0.97182214
0.18970019 1.3283837e-21 0.32283464 0.31957692 0.3294791 0.45481282 0.31289816 0.20615585 0.22705945 0.18643223 0.20767508 0.10532982 0.14599703 0.16105509 0.16329016 0.1272869 0.10487045 0.07257307 0.17478594 0.16430409 0.20518503 0.15392464 0.071466826 0.13541624 0.06042923 0.047458913 0.067753166 0.011890092 0.05311255 0.135676 0.03657467 0.036274754 0.030816643 0.10337356 0.0025026964 0.0041286405 0.07099865 0.02535608 0.024200391 0.015185445 0.014495288 0.01414464 0.009610721 0.05613375 0.023075791 0.018718163 0.014904184 0.01783684 0.01985843 0.049807843 0.0018931674 0.00053665956 0.0018392393 0.0038363794 0.0023435499 0.0008076354 0.0039298274 0.0016629109 0.0006639222 0.050521784 0.00027238374 9.396818e-05 0.013654034 0.0039400496 3.8044793e-05 7.139851e-05 0.022743547 0.020979756 0.0020333452 4.0979645e-05 0.0008312318 2.1459566e-05 1.386816e-05 3.0333294e-06 6.556415e-05 0.01022954 5.0065078e-06 3.3785998e-06 9.712307e-07 0.00026217705 1.4235837e-05 1.5473743e-06 7.275876e-05 2.314084e-06 3.160151e-05 9.180151e-06 2.0287953e-06 2.18754e-06 6.839603e-07 0.032459565 1.43654115e-05 4.696493e-07 2.6847823e-07 3.2388084e-07 4.4828703e-05 4.1902706e-07 0.03559654 8.841044e-08 4.5197532e-07 3.0642613e-07 2.0025362e-05
0.07877319 0.32283464 1.2452314e-24 0.42674014 0.3826145 0.13361344 0.070488416 0.32599 0.07107743 0.27111065 0.32252747 0.039790027 0.1831948 0.2839469 0.26923034 0.19884168 0.13982005 0.032014795 0.0470845 0.23356515 0.08666504 0.039812934 0.048724208 0.127505 0.07369989 0.10401638 0.12073722 0.03172883 0.053678013 0.11530421 0.061620068 0.030038167 0.07529408 0.026581181 0.010002036 0.012054177 0.03904759 0.00821357 0.011696871 0.032462895 0.039707463 0.041542213 0.023909708 0.015837317 0.009304789 0.008010413 0.0071972464 0.00574482 0.017406503 0.044420052 0.0037314317 0.0023730695 0.0046848967 0.011956464 0.0061739283 0.0012125535 0.013333295 0.0042649433 0.0025587024 0.046710577 0.0012479238 0.0005015353 0.020548075 0.0036987758 0.00012902795 0.00021419644 0.0042159404 0.0042784316 0.0010910635 4.7366157e-05 0.002758593 3.0013789e-05 4.401949e-05 4.949912e-06 0.00024619277 0.0018961359 2.3064486e-05 4.151178e-06 2.4531503e-06 4.5371446e-05 5.3801472e-05 1.5781841e-06 0.00036155424 4.4650415e-06 6.733559e-05 4.366693e-05 2.2396293e-06 2.0891896e-06 5.0579416e-07 0.013184015 3.5230907e-05 2.7653584e-07 1.7002955e-07 1.2875438e-07 0.00020994796 1.3451394e-07 0.029213056 3.1107405e-08 3.0764366e-07 2.8099726e-07 2.9253277e-05
0.4629403 0.31957692 0.42674014 2.5781875e-22 0.24213247 0.11784649 0.070925996 0.65411276 0.062946 0.535984 0.2901871 0.039613567 0.35165632 0.21160547 0.20005016 0.36781538 0.26849562 0.03315894 0.075391866 0.37123588 0.20942934 0.10318738 0.04692501 0.2947812 0.059184704 0.07241767 0.11210845 0.062812716 0.046985783 0.2725627 0.04996527 0.02911279 0.050858304 0.08944167 0.015473096 0.02266984 0.13685784 0.01581158 0.014388618 0.074584514 0.02408693 0.023289865 0.041618258 0.027757311 0.015538182 0.01360145 0.008562133 0.01524892 0.01250608 0.13841225 0.007033701 0.0035227605 0.009040671 0.009213547 0.004632239 0.0014731077 0.010750767 0.0044803983 0.0018161531 0.13306808 0.0014449542 0.00064720196 0.06288648 0.0025195775 0.0002432672 0.00045742243 0.00820409 0.008363121 0.00076090056 1.8372064e-05 0.0074312733 0.0001280799 3.3862787e-05 3.3530334e-06 0.00086811883 0.0076689115 5.450148e-05 1.7062863e-05 6.8268077e-06 8.427873e-05 0.000109520464 4.0483583e-06 0.00026490196 1.104194e-05 0.0005386855 0.00013874119 7.77446e-06 5.867384e-06 5.818658e-07 0.032928403 8.1054546e-05 4.331897e-07 7.442765e-07 2.1039139e-07 0.00066417706 5.75697e-07 0.06530047 2.866898e-07 4.212789e-07 9.399559e-07 5.9177222e-05
0.02841377 0.3294791 0.3826145 0.24213247 1.1714344e-24 0.17525049 0.09303329 0.15595531 0.09384142 0.10290435 0.23684666 0.04835707 0.100341015 0.29052868 0.27194148 0.080756545 0.08681781 0.036277533 0.04627993 0.08503647 0.06380173 0.03337447 0.07338071 0.07376892 0.1354411 0.12753648 0.09647977 0.02214035 0.09587796 0.06120407 0.12334477 0.049011674 0.067015365 0.020195518 0.006554146 0.0055133835 0.028616436 0.00816518 0.015109164 0.018460263 0.04502525 0.07327606 0.014352788 0.021362912 0.0089803105 0.0071829497 0.011406115 0.0065907096 0.028579753 0.030502174 0.0025592537 0.0012944312 0.0025618982 0.010202484 0.008295415 0.0026253886 0.009726244 0.005617824 0.0064857434 0.028406179 0.0018318914 0.00034859678 0.014301045 0.010341544 0.00016186787 0.00017511271 0.0071469024 0.005245532 0.005099287 0.000682399 0.0017752736 2.8833028e-05 0.0002108513 3.593657e-05 0.00017165973 0.0034378655 2.6170977e-05 4.168614e-06 3.7135653e-06 0.0002841257 6.152307e-05 2.1700012e-06 0.00019579701 1.910951e-06 0.00018079772 2.3403378e-05 1.527401e-06 2.5461818e-06 4.595546e-07 0.014787064 9.385165e-05 4.4332128e-07 1.4113855e-06 1.3176019e-07 0.0002821249 1.3576579e-06 0.028844094 2.7550135e-07 1.5254089e-07 2.9958824e-07 6.3494124e-05
0.042856127 0.45481282 0.13361344 0.11784649 0.17525049 7.138369e-23 0.52134126 0.08768083 0.511604 0.06502107 0.085739374 0.25498164 0.040831108 0.0931988 0.0947913 0.03202937 0.026334582 0.15543969 0.1102966 0.04168356 0.07368367 0.049656738 0.18166336 0.04183486 0.06278291 0.04190988 0.049575623 0.0036364032 0.06225991 0.034090348 0.03819119 0.06055136 0.020742886 0.042083856 0.0010919754 0.0008396749 0.02768852 0.016855298 0.05817004 0.004860825 0.009474846 0.011905717 0.0054226727 0.03590034 0.01880298 0.014948838 0.031478513 0.012041682 0.029565321 0.028850874 0.0021276926 0.00070343784 0.0017869803 0.0037086057 0.0031401028 0.0009828655 0.0043574893 0.0019941682 0.001566934 0.018607758 0.0006886338 0.00019077043 0.005127654 0.010571028 4.6032532e-05 0.00020420454 0.012290073 0.014388509 0.0061623924 0.00042803923 0.00039738347 9.309919e-05 0.0002030427 2.1216472e-05 4.6084497e-05 0.00910298 1.2005384e-05 1.6485348e-05 2.0321083e-06 0.0008253549 2.0689034e-05 1.0382425e-05 6.132648e-05 1.1201919e-05 4.015795e-05 2.643785e-06 1.4200054e-05 2.2268327e-05 2.542833e-06 0.024062391 2.611162e-05 3.3466122e-06 1.5979022e-06 1.5243363e-06 2.0219932e-05 2.9304083e-06 0.021326788 6.098241e-08 1.910131e-06 2.3867894e-06 2.7608341e-05
0.034988996 0.31289816 0.070488416 0.070925996 0.09303329 0.52134126 2.2197657e-22 0.055702254 0.47255883 0.041773863 0.05459757 0.31600857 0.035402667 0.057474095 0.055081807 0.022136774 0.022003891 0.20831619 0.13972625 0.02554264 0.068241954 0.057562027 0.13711423 0.03231157 0.044119943 0.027067095 0.026906261 0.002707511 0.048827745 0.020792564 0.023472685 0.05145984 0.014478385 0.038213357 0.0005319952 0.0005064723 0.02398607 0.017920762 0.057983465 0.0029817137 0.0073371036 0.0069430205 0.004034374 0.04950407 0.016019978 0.013714084 0.038746253 0.012457466 0.021693604 0.01663305 0.0010662405 0.00037958374 0.00093623344 0.0033660447 0.0014962379 0.00038488372 0.0033771475 0.0012042491 0.00076045113 0.010934464 0.00049655436 0.00012843106 0.0021060002 0.00641915 7.1192015e-05 0.0001979137 0.027063191 0.021438215 0.0041109878 0.00027704675 0.00017279551 0.00010817104 0.00011269171 1.456076e-05 2.0688678e-05 0.008460299 1.0169402e-05 1.8663357e-05 2.6610874e-06 0.0008958647 1.245576e-05 9.228526e-06 2.7462442e-05 1.1141742e-05 1.26428995e-05 5.2454413e-07 1.0356801e-05 2.0700854e-05 1.7676945e-06 0.023910932 9.258066e-06 2.162271e-06 9.501284e-07 6.8345366e-07 1.4212627e-05 3.1288923e-06 0.020977736 5.492503e-08 1.026843e-06 1.4960767e-06 1.786744e-05
0.49972013 0.20615585 0.32599 0.65411276 0.15595531 0.08768083 0.055702254 4.2173735e-23 0.044821043 0.63371706 0.2683631 0.027642546 0.39565784 0.17983882 0.1818297 0.44583425 0.32681635 0.019652708 0.035548627 0.4743499 0.13069761 0.044493176 0.02982729 0.26997283 0.052248128 0.09178815 0.16533585 0.097921684 0.037403036 0.2434283 0.050427552 0.023267025 0.07896721 0.040803693 0.034179755 0.046425838 0.09058288 0.009791592 0.007826963 0.123883195 0.038974453 0.036630813 0.06823427 0.011367136 0.010635132 0.008851443 0.004922836 0.009538913 0.009420812 0.17138585 0.012226745 0.005560015 0.01789849 0.019073224 0.005933211 0.0021736196 0.020173986 0.005799042 0.0026811953 0.15867366 0.0033942065 0.0015089089 0.102566406 0.0017715511 0.00049820956 0.0010974834 0.0034653165 0.005971332 0.0008807698 2.5486783e-05 0.01922379 0.0004226423 7.782661e-05 5.4605343e-06 0.0015479729 0.005059541 0.00013707617 5.333846e-05 2.9885401e-05 7.511843e-05 0.00038454597 1.2755021e-05 0.00049494 3.5772922e-05 0.0008697542 0.00042189812 1.4030363e-05 1.1949025e-05 9.171037e-07 0.01986029 0.00019152858 8.33001e-07 1.3775473e-06 3.3214536e-07 0.00186311 9.14468e-07 0.052457657 9.496112e-07 9.555004e-07 1.5595491e-06 0.00018800885
0.023140654 0.22705945 0.07107743 0.062946 0.09384142 0.511604 0.47255883 0.044821043 8.137484e-23 0.027039869 0.04843188 0.29005635 0.025343955 0.054711666 0.05333831 0.017314434 0.015352003 0.22777571 0.10482402 0.015643561 0.04833453 0.038889963 0.22021894 0.023764424 0.051670674 0.026938286 0.02369854 0.0014929874 0.05679652 0.015406629 0.027868018 0.067106515 0.012747737 0.02676604 0.00051872607 0.00031013388 0.017491011 0.015105021 0.07790764 0.0028329936 0.0061086523 0.006851385 0.0042031966 0.03780774 0.01649285 0.014016755 0.048035283 0.012790553 0.027541855 0.016414745 0.0011623873 0.000366249 0.0009668697 0.0026721575 0.0015635777 0.0005385905 0.0024849083 0.0010024677 0.0013214792 0.01133977 0.00032308142 0.00013529211 0.0020799811 0.011823487 7.265863e-05 0.00012356267 0.018968616 0.019517904 0.008049306 0.0005173379 0.00011575414 6.592573e-05 0.00026652985 4.5340134e-05 3.3451524e-05 0.009547605 1.5088356e-05 1.89354e-05 3.3166186e-06 0.0017164453 1.450333e-05 7.0276524e-06 1.285951e-05 1.3325157e-05 1.6362548e-05 3.6951613e-07 7.710906e-06 2.9942146e-05 3.3311812e-06 0.024238873 1.1180402e-05 4.5348106e-06 4.4284443e-06 1.123957e-06 1.6543889e-05 1.1373951e-05 0.023924101 1.7545263e-07 1.8536238e-06 2.1086457e-06 1.449831e-05
0.6316715 0.18643223 0.27111065 0.535984 0.10290435 0.06502107 0.041773863 0.63371706 0.027039869 5.8781156e-23 0.27296132 0.015324159 0.46868056 0.14188151 0.15415691 0.59720045 0.43318254 0.010564386 0.023008723 0.5711668 0.07981624 0.027873967 0.020747807 0.21901953 0.042977348 0.08443852 0.20651975 0.1556012 0.029147295 0.20920335 0.043266814 0.016652312 0.0916042 0.01825921 0.061113063 0.07400979 0.0630773 0.0057406495 0.005071096 0.1637028 0.048310593 0.0368001 0.104203336 0.0063784076 0.006381906 0.005148926 0.0026764537 0.0059168697 0.0057428037 0.17885818 0.02048221 0.0077830255 0.027310519 0.024286544 0.0067285784 0.0021611114 0.02664172 0.00747582 0.002630027 0.14695874 0.005110813 0.0017235923 0.13924031 0.00066806003 0.000878504 0.0018937188 0.0011186568 0.002931761 0.0007695806 8.061271e-06 0.045019764 0.0006912239 7.944104e-05 2.9710336e-06 0.002978806 0.0022401295 0.00016450741 9.424271e-05 4.218659e-05 7.795393e-05 0.0005181521 2.0523274e-05 0.0009431208 5.1830106e-05 0.0015326891 0.0012368134 2.2911878e-05 1.167452e-05 6.98452e-07 0.01314057 0.000347404 8.439204e-07 1.1546913e-06 4.6176484e-07 0.0036794557 6.9720016e-07 0.03720942 1.5524323e-06 1.1960946e-06 2.8355666e-06 0.00040461312
0.032475688 0.20767508 0.32252747 0.2901871 0.23684666 0.085739374 0.05459757 0.2683631 0.04843188 0.27296132 6.096369e-23 0.027404701 0.29570237 0.34869856 0.4212437 0.26077804 0.28630897 0.015970966 0.018905323 0.23851247 0.040544227 0.019642642 0.044907726 0.087711774 0.16387202 0.28536266 0.36214128 0.106694326 0.098155454 0.09000495 0.19404298 0.041792654 0.3004436 0.013718565 0.07365854 0.06144214 0.016879225 0.0034493417 0.008910888 0.092550874 0.21635413 0.2403958 0.07817975 0.006732095 0.003917085 0.0031849837 0.0053961566 0.0015738516 0.023601888 0.04691403 0.0152260335 0.011091228 0.018080076 0.08189566 0.027318312 0.008907969 0.08038038 0.02843802 0.015331511 0.03407714 0.020061802 0.0045078923 0.0374258 0.008502804 0.004787585 0.008329721 0.00047961375 0.0019965677 0.003814419 0.0008894323 0.0131778745 0.0032106724 0.0018221767 8.113111e-05 0.0026902584 0.0011657116 0.00096562016 0.00046632753 0.000402502 2.8695322e-05 0.0020532454 0.0001791367 0.0012136791 0.00043020782 0.0006302131 0.0014169435 8.404732e-05 0.00013948054 1.6352145e-05 0.0062968656 0.00039168648 1.007978e-05 2.4880537e-06 4.3557147e-06 0.006346098 1.0838737e-06 0.020967212 1.3713678e-05 1.2163418e-05 1.5549002e-05 0.00029193985
0.025477042 0.10532982 0.039790027 0.039613567 0.04835707 0.25498164 0.31600857 0.027642546 0.29005635 0.015324159 0.027404701 1.801481e-20 0.011504512 0.028332844 0.02535675 0.007567929 0.006605894 0.4196371 0.41220984 0.009411473 0.06632389 0.088549346 0.117279656 0.018663658 0.025142422 0.010885675 0.01183387 0.00056803063 0.03163471 0.0121515235 0.012786237 0.05082131 0.006038267 0.061113074 0.0003369968 0.00028033924 0.023268174 0.03193006 0.1300391 0.0012963256 0.003647173 0.0032376212 0.0015317503 0.18974055 0.032114934 0.028777841 0.09379324 0.030149564 0.019070059 0.009195455 0.00046743866 0.00027636855 0.00042755742 0.003511269 0.0011021767 0.00020885721 0.004154778 0.0014063256 0.0003427326 0.0072877235 0.00073279353 0.00010245728 0.0010067446 0.0047824285 0.00010912471 0.00047118752 0.07884706 0.05915283 0.0042880205 8.5631735e-05 6.832602e-05 0.00025923087 9.003815e-05 9.776266e-06 1.2678035e-05 0.027362194 2.6094442e-05 6.8242014e-05 8.242245e-06 0.00240077 2.9409504e-05 3.60081e-05 8.342114e-06 4.164948e-05 7.569102e-06 1.4422488e-07 1.643485e-05 1.6440696e-05 1.4319199e-06 0.048908122 6.923299e-06 1.613717e-06 1.1107046e-06 7.931098e-07 3.4921854e-05 4.1237113e-06 0.04199883 8.600013e-08 1.1519503e-06 1.7059176e-06 2.0872629e-05
0.12548342 0.14599703 0.1831948 0.35165632 0.100341015 0.040831108 0.035402667 0.39565784 0.025343955 0.46868056 0.29570237 0.011504512 1.0179885e-25 0.18957557 0.22754094 0.4328107 0.4003814 0.0079820035 0.01486044 0.44027495 0.06732332 0.019286683 0.03173406 0.19861612 0.07841811 0.14608291 0.28731284 0.12591879 0.043535624 0.19853292 0.09112648 0.020249866 0.20011298 0.013059067 0.12178261 0.115807146 0.041145552 0.0029979649 0.0030639316 0.2158919 0.127883 0.11302839 0.14221238 0.0029501615 0.0038148484 0.0032973276 0.002050595 0.0025311462 0.009801028 0.117331564 0.036798988 0.018152434 0.051544063 0.06802146 0.01738966 0.004119545 0.0694026 0.021231636 0.005413664 0.10669494 0.012490026 0.0052156425 0.108924314 0.001869341 0.0021553854 0.0050223675 0.00019177937 0.0013994796 0.00047719316 0.00024520067 0.06630149 0.0016160265 0.00034993765 9.9700455e-06 0.00888185 0.0014240276 0.0002679236 0.00015901556 9.9949735e-05 3.061333e-06 0.0016104326 0.0001277347 0.004369445 0.00026104387 0.0023238547 0.005865368 6.440673e-05 6.681942e-05 5.6631534e-06 0.0077992077 0.0015051262 2.5677577e-06 3.8619075e-07 1.0158899e-06 0.010774815 2.1880918e-07 0.05657508 1.3319675e-06 3.946602e-06 5.359859e-06 0.0017844999
0.007817114 0.16105509 0.2839469 0.21160547 0.29052868 0.0931988 0.057474095 0.17983882 0.054711666 0.14188151 0.34869856 0.028332844 0.18957557 6.752196e-27 0.52870876 0.14744645 0.21717034 0.019435711 0.017798921 0.08988734 0.022982929 0.017822608 0.04763651 0.046922263 0.23756674 0.3217276 0.26875457 0.077853344 0.12388991 0.039289188 0.2764495 0.047319468 0.21313605 0.010897668 0.037245616 0.022341035 0.010149711 0.0027836591 0.008827733 0.032323398 0.14503118 0.22413118 0.030651577 0.007225795 0.0033918833 0.002930343 0.0065703103 0.0020936565 0.031360522 0.023050904 0.0059502735 0.0033526917 0.005580712 0.0434974 0.029136447 0.00824177 0.037926808 0.023338 0.012924908 0.014781381 0.008572689 0.0014462667 0.013049089 0.012563735 0.000692897 0.0008812122 0.0006755896 0.0020869742 0.0071375435 0.0010428913 0.004610373 0.00012194355 0.0003608649 6.768706e-05 0.0007338744 0.00088500365 0.00021061035 1.5878224e-05 4.633423e-05 0.000120666955 0.00031397733 2.9399982e-06 2.7944277e-05 2.3554454e-05 0.00013416451 6.678511e-06 2.1470075e-06 1.2148892e-05 1.456489e-06 0.006513534 0.000100065234 1.3678194e-06 4.382896e-06 6.270994e-07 0.0019357072 2.1211565e-06 0.0060016476 1.523404e-05 7.3447893e-07 1.1020569e-06 7.4219686e-05
0.008957165 0.16329016 0.26923034 0.20005016 0.27194148 0.0947913 0.055081807 0.1818297 0.05333831 0.15415691 0.4212437 0.02535675 0.22754094 0.52870876 1.3973341e-26 0.17802964 0.2719722 0.015660888 0.013982811 0.102057375 0.021907428 0.015760666 0.05349204 0.046582837 0.29812938 0.44481862 0.39953673 0.097493015 0.17128833 0.04079242 0.37307808 0.05492981 0.34341428 0.00882959 0.054948803 0.033061672 0.009676834 0.0019158532 0.010657128 0.04198102 0.27662906 0.34580818 0.036322076 0.004593689 0.0025316698 0.0023168775 0.0062491028 0.001851992 0.043555196 0.025159376 0.006491204 0.00499728 0.006399105 0.098949 0.060242526 0.020534914 0.08501428 0.04959373 0.033255372 0.014832415 0.018016512 0.0023718092 0.014675935 0.01795453 0.0018735877 0.002852021 0.00035617675 0.0016978496 0.010569284 0.0038157783 0.005430542 0.00039264557 0.0012690937 0.00016740413 0.0011683655 0.0003911247 0.00041624584 4.0151823e-05 0.00011797698 0.00029787136 0.00052064506 6.425927e-06 4.9506747e-05 7.152445e-05 0.00014262424 3.6606518e-05 7.200562e-06 3.4434288e-05 4.1527537e-06 0.004390571 0.00011011544 3.5927812e-06 7.2149146e-06 1.9923837e-06 0.0025114173 4.5748175e-06 0.0048794704 0.00038094333 2.8429886e-06 3.1126488e-06 0.00010360818
0.6879061 0.1272869 0.19884168 0.36781538 0.080756545 0.03202937 0.022136774 0.44583425 0.017314434 0.59720045 0.26077804 0.007567929 0.4328107 0.14744645 0.17802964 7.2065556e-22 0.4916758 0.0053527006 0.013415141 0.6376999 0.04882612 0.017411243 0.018040685 0.16551735 0.046657722 0.104160234 0.2969765 0.25758266 0.03074633 0.18173815 0.04993001 0.015977804 0.14916861 0.0065617384 0.15263665 0.19817314 0.031040302 0.002606726 0.0037599802 0.25427693 0.08733102 0.058653753 0.18063544 0.0037572237 0.0034059305 0.0028479588 0.0031546126 0.0024974118 0.005724841 0.22878268 0.06598002 0.028434359 0.07690406 0.06903993 0.011157869 0.0031774705 0.07923456 0.013225119 0.0021640225 0.19051035 0.0141421715 0.007099486 0.27458897 0.00053689355 0.0057870066 0.013174669 0.00057752605 0.0014789635 0.000818499 1.5586786e-05 0.18458414 0.0054481733 0.00025672265 1.2804148e-05 0.014360118 0.0006212899 0.0006546103 0.000573238 0.00024935981 0.00018956116 0.0019570775 0.00029632717 0.003430598 0.00039308693 0.0060898894 0.0045977733 0.00023291883 0.00011210419 6.387039e-06 0.006013034 0.0024131953 5.7660445e-06 2.6139512e-06 3.5682845e-06 0.013659686 2.6081743e-06 0.04417796 2.2498923e-06 6.654352e-06 2.1234044e-05 0.0034049691
0.16238569 0.10487045 0.13982005 0.26849562 0.08681781 0.026334582 0.022003891 0.32681635 0.015352003 0.43318254 0.28630897 0.006605894 0.4003814 0.21717034 0.2719722 0.4916758 1.6269768e-25 0.004132272 0.0073527666 0.4751231 0.03620173 0.01281974 0.022729026 0.210722 0.07818347 0.18383686 0.3927542 0.21024929 0.03966061 0.21318716 0.10148833 0.01671205 0.30425277 0.0049186014 0.25537086 0.25346777 0.021923495 0.001386408 0.0012955475 0.26275393 0.20308015 0.13524598 0.19925462 0.0011406719 0.0020928201 0.0019249592 0.0010990117 0.0011210629 0.009695087 0.12854585 0.07893915 0.053870697 0.09050564 0.14018518 0.02197515 0.0051848423 0.1631306 0.026666157 0.004538145 0.11156692 0.023724115 0.024466867 0.16244078 0.001755688 0.009145723 0.014882915 8.452141e-05 0.0005173699 0.00048003954 0.00013256693 0.13820621 0.0053192982 0.00041716997 1.049898e-05 0.031204801 0.00025584424 0.001230769 0.00043067662 0.0004991407 6.946361e-06 0.0048062727 0.00031621003 0.006607743 0.0008578204 0.004210715 0.010203403 0.00019615098 0.00017869189 8.833864e-06 0.0032899943 0.0025319937 5.055552e-06 4.3296296e-07 2.3033876e-06 0.02316504 4.1871107e-07 0.04242601 1.3714141e-06 6.478105e-06 2.5070141e-05 0.004246503
0.014594677 0.07257307 0.032014795 0.03315894 0.036277533 0.15543969 0.20831619 0.019652708 0.22777571 0.010564386 0.015970966 0.4196371 0.0079820035 0.019435711 0.015660888 0.0053527006 0.004132272 2.6801062e-20 0.30831125 0.0059047304 0.04873222 0.062031824 0.12884913 0.011345854 0.01907234 0.007995823 0.009636543 0.00046395473 0.025201958 0.0068436335 0.009111153 0.056974083 0.0050208713 0.0495112 0.00059419544 0.00046451148 0.016128726 0.040641185 0.23570757 0.0023140276 0.0035567558 0.0019365962 0.0030967284 0.23696974 0.042953216 0.041581094 0.19882697 0.035943255 0.020719394 0.008762665 0.0010670553 0.00058398274 0.00070735975 0.0043675615 0.00045251448 0.00012810531 0.00526101 0.00096278026 0.00031852114 0.0067591076 0.000835718 0.00024567184 0.0004858651 0.0049979975 0.00035983208 0.00051454623 0.10837543 0.075058565 0.008784877 7.124587e-05 2.5896657e-05 0.0002747123 0.00030027173 1.068549e-05 1.2243651e-05 0.03660548 4.443134e-05 0.00015434215 1.5583457e-05 0.0053389636 5.7604197e-05 7.626557e-05 4.1658595e-06 8.985089e-05 6.8390073e-06 1.2785662e-07 2.569508e-05 1.9534387e-05 2.467677e-06 0.06842359 8.8172665e-06 1.7820142e-06 1.9804834e-06 1.4305006e-06 2.9740824e-05 7.2955763e-06 0.041734032 1.2136258e-07 2.0769403e-06 2.8627135e-06 6.273875e-06
0.72798616 0.17478594 0.0470845 0.075391866 0.04627993 0.1102966 0.13972625 0.035548627 0.10482402 0.023008723 0.018905323 0.41220984 0.01486044 0.017798921 0.013982811 0.013415141 0.0073527666 0.30831125 1.0195476e-16 0.0152995605 0.28336236 0.501696 0.04595895 0.0950946 0.010851952 0.008020584 0.007365936 0.0013611513 0.01256612 0.08497385 0.008271259 0.016748587 0.005083099 0.5418794 0.0005006515 0.0004934674 0.27164793 0.48081878 0.08259986 0.004665132 0.003071093 0.004085158 0.0030404194 0.72036356 0.41559812 0.38670063 0.055782035 0.45308065 0.00804718 0.09126267 0.00070133613 0.00011647081 0.00080662005 0.0022133947 0.002396704 0.0012735937 0.0030053314 0.001803678 0.0009675191 0.11400075 0.000660384 3.566429e-05 0.0020471883 0.0012902131 0.0002280216 0.00017640252 0.3075249 0.5180771 0.0013027198 4.9357634e-05 4.001184e-05 5.4597615e-05 0.00014249807 1.1503952e-05 8.375092e-06 0.49966136 1.172132e-05 2.1683782e-05 4.1742865e-06 0.0011533564 1.1699419e-05 9.69768e-06 2.1904845e-05 3.8719016e-05 0.0006101825 2.2603188e-06 1.9284932e-06 3.6846523e-06 4.665119e-06 0.29541194 0.0001652198 2.832421e-06 2.7722936e-06 1.2525774e-06 5.5249897e-05 5.283268e-06 0.33878824 5.2214693e-07 5.1299304e-07 5.737138e-06 1.39723315e-05
0.89442104 0.16430409 0.23356515 0.37123588 0.08503647 0.04168356 0.02554264 0.4743499 0.015643561 0.5711668 0.23851247 0.009411473 0.44027495 0.08988734 0.102057375 0.6376999 0.4751231 0.0059047304 0.0152995605 1.5888555e-20 0.0904218 0.03462853 0.009791891 0.23760356 0.021245152 0.039893482 0.19895849 0.23579963 0.014283713 0.22413749 0.015674423 0.0065221433 0.059221108 0.011707189 0.12000282 0.16251238 0.05376174 0.005355476 0.003674089 0.3177531 0.027484536 0.015640892 0.19348042 0.004833671 0.0058295424 0.00411296 0.0020161427 0.003996179 0.0035823227 0.2694954 0.069999665 0.024674002 0.07691877 0.018484658 0.0066742743 0.0026702215 0.02539584 0.0074617066 0.0017456348 0.2570612 0.006972894 0.007223407 0.3163434 0.00060065376 0.0026837932 0.0037545247 0.0012405799 0.0021241438 0.00082284666 3.381435e-05 0.21857089 0.0016939892 0.00015421871 1.002309e-05 0.00982025 0.0019452026 0.0006295106 0.00060211594 0.00025050796 0.00023784643 0.0015142616 0.00020787139 0.0031952271 0.0002902492 0.006565628 0.004485697 0.00021480666 0.000100099496 2.9118935e-06 0.014397135 0.002047484 4.3390605e-06 2.8066718e-06 1.8017771e-06 0.006424457 2.1112232e-06 0.09554457 1.7672496e-06 5.896402e-06 1.5359572e-05 0.0033909893
0.90613055 0.20518503 0.08666504 0.20942934 0.06380173 0.07368367 0.068241954 0.13069761 0.04833453 0.07981624 0.040544227 0.06632389 0.06732332 0.022982929 0.021907428 0.04882612 0.03620173 0.04873222 0.28336236 0.0904218 2.4236077e-16 0.69431484 0.013542082 0.22866628 0.013339616 0.010524258 0.01161611 0.01158816 0.012843167 0.213265 0.011730937 0.008597767 0.0074675465 0.43795097 0.0019508874 0.0018813207 0.5460727 0.105449244 0.013738956 0.011255783 0.0044802697 0.0042458046 0.0066450685 0.07214026 0.09439945 0.07483239 0.009889407 0.13050655 0.004562331 0.28645554 0.0014892688 0.0004301387 0.0017674317 0.0043051587 0.0015118843 0.0015681144 0.004408467 0.0013184801 0.0027626776 0.2312574 0.001411611 0.000110551795 0.028444778 0.0010043068 0.00010286642 0.0005015358 0.037603073 0.04246809 0.0016510797 0.0002586977 0.002342503 0.00025140282 0.0003810438 8.646101e-05 0.000113363036 0.060508426 1.9427283e-05 7.712845e-05 9.643092e-06 0.0012417937 2.9034432e-05 5.792972e-05 0.00032322502 0.00011259944 0.010112928 0.0001482301 5.4518583e-05 5.500322e-05 1.9071831e-05 0.07338589 0.004380259 1.4134728e-05 7.083606e-05 1.41068385e-05 0.00013417756 5.7554225e-05 0.4963075 1.2449967e-05 1.6553326e-05 2.9159552e-05 0.00022818864
0.8686254 0.15392464 0.039812934 0.10318738 0.03337447 0.049656738 0.057562027 0.044493176 0.038889963 0.027873967 0.019642642 0.088549346 0.019286683 0.017822608 0.015760666 0.017411243 0.01281974 0.062031824 0.501696 0.03462853 0.69431484 6.620624e-16 0.012183177 0.14547816 0.010494016 0.00835579 0.009449908 0.0036652507 0.00989538 0.14567502 0.007819819 0.006510898 0.007133229 0.6435306 0.00069994567 0.00066446624 0.44710428 0.30203563 0.01900542 0.0065060193 0.004246566 0.0035187763 0.0037202798 0.17676887 0.25783098 0.20652735 0.012117617 0.29519016 0.0035954998 0.20350115 0.00088907144 0.00018264895 0.0011523521 0.006230902 0.001714119 0.001474332 0.0061976486 0.0013798308 0.0012834505 0.19807763 0.0016249992 5.3944506e-05 0.014422388 0.0009989748 0.00012006261 0.0008355591 0.05896424 0.12473923 0.0011022493 0.00012869957 0.0007223655 0.00038660553 0.00021552733 3.676353e-05 2.8000217e-05 0.15862797 8.776595e-06 5.3646025e-05 4.6599694e-06 0.0012088218 1.4675199e-05 5.0432798e-05 0.00017295263 0.00015090982 0.0044253925 6.8805515e-05 0.00017584018 6.628337e-05 1.3247321e-05 0.10591643 0.002067859 1.1528927e-05 9.5900425e-05 1.1753075e-05 4.981145e-05 5.0212086e-05 0.5459886 2.4949026e-05 2.5404468e-05 0.0001105711 0.0001333915
0.0029034142 0.071466826 0.048724208 0.04692501 0.07338071 0.18166336 0.13711423 0.02982729 0.22021894 0.020747807 0.044907726 0.117279656 0.03173406 0.04763651 0.05349204 0.018040685 0.022729026 0.12884913 0.04595895 0.009791891 0.013542082 0.012183177 4.942513e-22 0.009697486 0.114375584 0.0329339 0.025994563 0.003761266 0.21232878 0.0058636093 0.04064955 0.30826676 0.017414905 0.011370248 0.0032444692 0.0017113414 0.005243974 0.009087901 0.13333373 0.0032024586 0.010363348 0.012203638 0.00421371 0.016490294 0.008687781 0.0077444506 0.08886661 0.005908832 0.1292481 0.009744051 0.002095717 0.0011386075 0.0015582031 0.004859423 0.0037363027 0.0015206442 0.005329951 0.003168548 0.0036184369 0.0057448335 0.00076014333 0.0006404059 0.0009690538 0.035950627 0.00030484737 0.00029353338 0.01203134 0.0073643937 0.026836239 0.0019838559 7.074822e-05 0.0001427252 0.0003570666 0.00012313495 0.00015162434 0.0032115423 3.9410337e-05 4.274787e-05 1.0156298e-05 0.00636341 3.682434e-05 1.2083629e-05 1.3041977e-05 3.7156926e-05 2.4484441e-05 6.436086e-07 1.2454799e-05 1.9285697e-05 2.8598595e-06 0.012372297 1.9994695e-05 3.5701398e-06 1.2356472e-05 1.3370479e-06 1.0314623e-05 2.1833912e-05 0.0045015966 5.267338e-07 3.0770395e-06 2.0870964e-06 6.5813065e-06
0.8739783 0.13541624 0.127505 0.2947812 0.07376892 0.04183486 0.03231157 0.26997283 0.023764424 0.21901953 0.087711774 0.018663658 0.19861612 0.046922263 0.046582837 0.16551735 0.210722 0.011345854 0.0950946 0.23760356 0.22866628 0.14547816 0.009697486 3.021386e-17 0.017490426 0.024746204 0.044873904 0.09471735 0.014951626 0.79656756 0.01918563 0.008825629 0.024496075 0.08306414 0.023199312 0.019349137 0.17675857 0.009634774 0.008752221 0.040814657 0.017978622 0.012333651 0.026734034 0.02095054 0.0070259245 0.006261768 0.005611794 0.008060407 0.0058582686 0.17261225 0.005937256 0.0018753575 0.00666851 0.015567379 0.0047875806 0.0022194635 0.014368734 0.004813761 0.004151362 0.092121124 0.0055672578 0.00080657966 0.049960915 0.0018563914 0.0014588073 0.0039889067 0.011596165 0.008652092 0.0043007825 0.0002792836 0.015141562 0.0016741218 0.00058183476 0.00014387905 0.0017315764 0.009274849 0.00016022513 0.00053660915 0.00013850798 0.0043615345 0.00021561018 0.00020334906 0.0013241556 0.00046461093 0.015171843 0.0020552487 9.89434e-05 0.000101434394 1.7587145e-05 0.027657121 0.010657591 7.7934565e-06 3.3583186e-05 5.4906704e-06 0.001145168 2.5592975e-05 0.3968435 1.0684496e-06 6.8001605e-06 2.0564416e-05 0.005036748
0.002416741 0.06042923 0.07369989 0.059184704 0.1354411 0.06278291 0.044119943 0.052248128 0.051670674 0.042977348 0.16387202 0.025142422 0.07841811 0.23756674 0.29812938 0.046657722 0.07818347 0.01907234 0.010851952 0.021245152 0.013339616 0.010494016 0.114375584 0.017490426 2.1288696e-25 0.3139909 0.1450273 0.02284528 0.46286362 0.011769368 0.47116736 0.18707621 0.17453063 0.009441998 0.013952061 0.0060515087 0.0076589566 0.0021074447 0.011381395 0.006656644 0.14385054 0.23023544 0.0067238766 0.003198189 0.0030823457 0.002502679 0.010124358 0.0033175396 0.23430695 0.013714614 0.0025303147 0.0027006257 0.0023824212 0.05348774 0.05220117 0.0499621 0.048984535 0.04416857 0.17703402 0.0094100945 0.014560191 0.0020759206 0.005533226 0.1240567 0.0010553964 0.0018434292 0.0007333826 0.002428787 0.037187528 0.03777674 0.0024323475 0.00024745963 0.001855674 0.0029639872 0.001425672 0.00038240672 0.00058935717 8.20916e-05 0.00021440574 0.0053890236 0.00063900306 2.3957622e-05 0.00028836724 0.00031194213 0.0002247184 0.00015372915 2.8317525e-05 1.9598841e-05 9.451213e-06 0.0072664795 0.00025066352 1.2420412e-05 3.3718774e-05 5.4770576e-06 0.00060433656 0.00011934853 0.0021863647 0.0005921428 6.0037023e-06 3.2068547e-06 0.00017938869
0.0034532866 0.047458913 0.10401638 0.07241767 0.12753648 0.04190988 0.027067095 0.09178815 0.026938286 0.08443852 0.28536266 0.010885675 0.14608291 0.3217276 0.44481862 0.104160234 0.18383686 0.007995823 0.008020584 0.039893482 0.010524258 0.00835579 0.0329339 0.024746204 0.3139909 4.047331e-27 0.3292527 0.08076116 0.17294785 0.015868938 0.5097695 0.04547244 0.42047477 0.0025676661 0.04429621 0.019282145 0.004662717 0.0012972184 0.004775931 0.016817741 0.3859759 0.5225096 0.01687797 0.0021471481 0.0019006475 0.0014195349 0.0033172753 0.0008237703 0.05654564 0.016468221 0.0043863375 0.0041975803 0.0037231583 0.17664678 0.16729799 0.060495 0.15618922 0.15658312 0.10111237 0.009603826 0.07441746 0.0034298357 0.010900677 0.042057786 0.0035734102 0.012450963 0.00017990079 0.00035632876 0.01758411 0.019163234 0.0038679347 0.0017444784 0.004659381 0.0008425908 0.0014368247 2.332228e-05 0.00057411473 0.00011365087 0.00027247364 0.00062908366 0.0005380019 2.7892516e-05 0.00017190466 0.00014351617 0.00016111354 0.00019080499 2.7550372e-05 6.890586e-05 9.903984e-06 0.0032818594 0.00020772374 1.48212785e-05 1.4669785e-05 3.3380088e-06 0.0030135817 2.8363256e-05 0.0035612735 0.002375618 4.1021267e-06 3.0393123e-06 0.0003335473
0.016470624 0.067753166 0.12073722 0.11210845 0.09647977 0.049575623 0.026906261 0.16533585 0.02369854 0.20651975 0.36214128 0.01183387 0.28731284 0.26875457 0.39953673 0.2969765 0.3927542 0.009636543 0.007365936 0.19895849 0.01161611 0.009449908 0.025994563 0.044873904 0.1450273 0.3292527 6.840644e-23 0.24592982 0.07985927 0.034711055 0.19803426 0.02080266 0.4621278 0.0036987776 0.28145736 0.19844617 0.0040226043 0.0015233519 0.0061199698 0.12046495 0.4028738 0.32831377 0.10622527 0.002568581 0.0016008943 0.001446526 0.0038900268 0.00036854498 0.02594756 0.015878014 0.051150747 0.063995115 0.047743216 0.28664082 0.03555337 0.010307825 0.29818246 0.04161931 0.012017786 0.009865349 0.068650894 0.044076942 0.03159512 0.009566979 0.038179863 0.04394142 0.00020906226 0.0006950323 0.007187537 0.00057167094 0.021836983 0.018991468 0.0030081617 7.02229e-05 0.010947124 6.211942e-05 0.0084513435 0.0035032397 0.0037672664 0.00011414183 0.007393637 0.0016682821 0.00064874784 0.00495563 0.00028940593 0.0010843432 0.0007878355 0.00096464914 2.9211684e-05 0.0037425952 0.00031557013 5.087757e-05 2.0435064e-06 2.091854e-05 0.011495837 1.725462e-06 0.0043779854 1.1869563e-06 4.4417993e-05 0.00010074816 0.00050016784
0.12256941 0.011890092 0.03172883 0.062812716 0.02214035 0.0036364032 0.002707511 0.097921684 0.0014929874 0.1556012 0.106694326 0.00056803063 0.12591879 0.077853344 0.097493015 0.25758266 0.21024929 0.00046395473 0.0013611513 0.23579963 0.01158816 0.0036652507 0.003761266 0.09471735 0.02284528 0.08076116 0.24592982 1.8313968e-24 0.008368083 0.08908355 0.036870383 0.0028649152 0.15268224 0.0004293442 0.41955712 0.3919414 0.0036577743 0.00010552056 0.00032596925 0.21694626 0.10897779 0.061759338 0.1845764 0.00035372324 0.00015750896 0.00020586523 0.0003556913 9.2311355e-05 0.002614895 0.044091582 0.13724174 0.09407012 0.12824595 0.09312075 0.006775265 0.0010096924 0.106517784 0.009262129 0.0010101409 0.040227678 0.01907557 0.0853271 0.097252734 0.000307122 0.023916107 0.017675295 3.7063284e-05 0.00013240393 0.00038927485 2.412184e-05 0.11204356 0.008055016 0.00020356367 1.2439083e-05 0.06265812 3.5679055e-05 0.004680795 0.0016403337 0.0022576088 5.546571e-05 0.009706017 0.00080885284 0.0070903483 0.0020161397 0.0026794814 0.008690586 0.0006299241 0.00042267717 8.811802e-06 0.00076918036 0.0020859933 7.5689936e-06 1.5266248e-06 3.332802e-06 0.033465087 1.1106697e-06 0.02976008 1.3151515e-07 6.2323634e-06 7.051529e-05 0.0056406613
0.0023407177 0.05311255 0.053678013 0.046985783 0.09587796 0.06225991 0.048827745 0.037403036 0.05679652 0.029147295 0.098155454 0.03163471 0.043535624 0.12388991 0.17128833 0.03074633 0.03966061 0.025201958 0.01256612 0.014283713 0.012843167 0.00989538 0.21232878 0.014951626 0.46286362 0.17294785 0.07985927 0.008368083 3.1475013e-25 0.009367399 0.26577678 0.2557728 0.082413055 0.010939975 0.005651719 0.0024419455 0.0072570755 0.0027727142 0.016078506 0.0039890683 0.061548416 0.08953497 0.0042451466 0.00443683 0.0034103703 0.003124185 0.014791315 0.0033989004 0.260456 0.01224757 0.0021064149 0.0017621203 0.0018077791 0.019789608 0.023345256 0.018027743 0.01843626 0.017604321 0.1018946 0.0073212995 0.003090462 0.0013302627 0.0037262607 0.12828013 0.00045946724 0.00041071334 0.0022370513 0.0032120126 0.04973316 0.034882814 0.0011084683 0.00010564632 0.00095616694 0.0025451914 0.00089954905 0.0011010054 0.00023131154 3.517585e-05 4.663266e-05 0.007973447 0.00028497045 1.3630998e-05 0.000114184506 9.452399e-05 0.00012304491 1.9666975e-05 2.4589532e-05 2.1413976e-05 6.2886406e-06 0.00924255 0.00015999074 8.870155e-06 4.0995634e-05 3.918295e-06 0.00019593131 0.0001470408 0.0025313392 0.00011012415 6.108229e-06 4.0359723e-06 9.306199e-05
0.8899589 0.135676 0.11530421 0.2725627 0.06120407 0.034090348 0.020792564 0.2434283 0.015406629 0.20920335 0.09000495 0.0121515235 0.19853292 0.039289188 0.04079242 0.18173815 0.21318716 0.0068436335 0.08497385 0.22413749 0.213265 0.14567502 0.0058636093 0.79656756 0.011769368 0.015868938 0.034711055 0.08908355 0.009367399 2.376564e-19 0.013408131 0.004759152 0.0146625545 0.065045334 0.013496086 0.009671515 0.1885364 0.0056402553 0.004293869 0.022508003 0.011437825 0.0078030475 0.012798461 0.013797314 0.0043534935 0.0037000882 0.0029037336 0.006477445 0.0026636368 0.23552796 0.0023391265 0.00076146424 0.0026652997 0.009380934 0.00196317 0.00086050096 0.008093829 0.0023530656 0.001802165 0.11177135 0.0033548088 0.00022968203 0.047549002 0.000711154 0.0007843429 0.0016568552 0.006131543 0.005547029 0.0019207487 0.00038063354 0.012228437 0.00055889087 0.00027044016 0.00019648892 0.0008001662 0.0062069707 5.370766e-05 0.00018528037 4.4990597e-05 0.0015383424 6.9360314e-05 8.8362685e-05 0.0009702379 0.00020501706 0.014079743 0.0010766756 4.724458e-05 3.640539e-05 6.495742e-06 0.021578176 0.008905048 4.5552656e-06 5.875731e-05 1.8707542e-06 0.0006350572 2.4033916e-05 0.33146134 3.829328e-06 1.7004812e-06 6.1141213e-06 0.0050531593
0.0017287713 0.03657467 0.061620068 0.04996527 0.12334477 0.03819119 0.023472685 0.050427552 0.027868018 0.043266814 0.19404298 0.012786237 0.09112648 0.2764495 0.37307808 0.04993001 0.10148833 0.009111153 0.008271259 0.015674423 0.011730937 0.007819819 0.04064955 0.01918563 0.47116736 0.5097695 0.19803426 0.036870383 0.26577678 0.013408131 1.1549845e-26 0.076735 0.29720283 0.004675374 0.020606956 0.008255052 0.0056642806 0.0014177727 0.0050398284 0.0075876685 0.31018847 0.45182982 0.008286453 0.002828955 0.002119236 0.0014337607 0.005121264 0.0011651074 0.11906333 0.015595427 0.002750059 0.0027099394 0.0027081424 0.109102346 0.18713054 0.18344876 0.097538255 0.1562105 0.20923316 0.009178397 0.040185757 0.0027876454 0.0064766575 0.083058454 0.0019393391 0.008489889 0.00069985195 0.00091273506 0.03069004 0.067133136 0.002389459 0.00089922565 0.011044386 0.0062900926 0.0014175171 5.8241487e-05 0.000574362 0.00013550323 0.0003246309 0.002917702 0.00060297595 4.3110846e-05 0.0006070954 0.00028859617 0.00040790852 0.00033521157 1.926421e-05 4.0046732e-05 1.3572858e-05 0.005112017 0.00033193783 1.2985558e-05 5.4220855e-05 3.0198762e-06 0.0024781032 0.00013400275 0.004191502 0.005489493 3.1811858e-06 1.1583629e-06 0.0004689825
0.0017943311 0.036274754 0.030038167 0.02911279 0.049011674 0.06055136 0.05145984 0.023267025 0.067106515 0.016652312 0.041792654 0.05082131 0.020249866 0.047319468 0.05492981 0.015977804 0.01671205 0.056974083 0.016748587 0.0065221433 0.008597767 0.006510898 0.30826676 0.008825629 0.18707621 0.04547244 0.02080266 0.0028649152 0.2557728 0.004759152 0.076735 1.0586224e-23 0.022357335 0.006364988 0.004460197 0.0019608769 0.00394122 0.0031822615 0.050690472 0.003481166 0.015011655 0.023309 0.0050449255 0.007091552 0.0038819588 0.0035255225 0.04135777 0.0030520677 0.30679956 0.0065910774 0.002567491 0.0019763766 0.0023121263 0.0054503535 0.005520115 0.004191056 0.006623642 0.0033028098 0.021664074 0.0036413101 0.0007255867 0.0012494887 0.0012514838 0.12390896 0.00048814292 0.00038237285 0.0042155464 0.003749074 0.061120555 0.017616756 8.307528e-05 0.00016175846 0.0003472387 0.0009794724 0.00025970474 0.0016491254 0.00013484192 0.00010071243 3.647086e-05 0.011251265 8.5001644e-05 2.0899917e-05 3.552499e-06 0.00016609218 1.0088396e-05 5.041813e-07 2.4345043e-05 3.305912e-05 5.6653953e-06 0.008466303 1.606291e-05 4.6972887e-06 3.6490168e-05 2.5996715e-06 3.323165e-05 0.000108202 0.0026969593 4.271374e-06 5.64079e-06 1.0231817e-05 1.0256104e-05
