1.232e-42 0.010762573 0.004154545 0.0051851687 0.003201407 0.0056888442 0.08055226 0.0069759865 0.1050583 0.002732818 0.03785398 0.08492083 0.17010473 0.005753411 0.17712916 0.011028702 0.0013333764 0.007339017 0.49552009 0.46817142 0.32607967 0.43520772 0.33565867 0.62499344 0.6636177 0.0018386184 0.039012484 0.0049164323 0.1630728 0.6748301 0.600986 0.0025649606 0.32230446 0.53058404 0.39974812 0.0016298417 0.00081314077 0.51445276 0.06921544 0.36611012 0.7047869 0.6555509 0.58807325 0.071439914 0.0038129864 6.2663494e-05 0.66470736 0.0012281548 0.22028567 0.003400335 0.50231063 0.4966715 0.8166468 0.7391861 0.45501363 0.40688908 0.011649676 0.47769567 0.27592286 0.888662 0.4368066 0.7905088 0.0049647763 0.12661949 0.76164085 0.8498074 0.45566612 0.0056717317 0.17864299 0.3529244 0.8534567 1.7918453e-06 0.6719609 0.9225341 0.00053346495 0.3347283 1.0135969e-05 0.7741804 0.96636295 0.0020065194 0.9430071 0.15901028 0.00010762229 1.4712888e-06 0.0053905533 0.19756263 0.011017255 1.9300343e-05 0.5638041 0.99404 0.0023606797 0.76853573 0.0002139686 0.76119745 0.002915531 0.69339925 0.5912517 0.82905114 0.9961852 0.60596895 0.9905916
0.010762573 1.5928833e-22 0.601872 0.34155703 0.605256 0.348036 0.61306447 0.34081742 0.26547986 0.25019756 0.22390354 0.12666242 0.38596904 0.27569908 0.14738475 0.04914375 0.14263342 0.056018047 0.07556241 0.15780856 0.1955638 0.10993534 0.033529673 0.030285483 0.01690367 0.0019691945 0.011366881 0.0010455018 0.015061041 0.0032769695 0.00086137047 0.0002044522 0.00075505447 0.010856476 0.00030866123 0.027363127 0.005403023 0.00038358508 0.00424817 0.013116312 0.0004007982 0.009277896 0.00023927791 0.00011671888 0.0010398016 0.00021529784 0.002104473 0.0022309439 0.00043482674 0.00022771627 0.00021494046 0.0059074373 0.0057979 0.0007804569 0.00012798562 7.91699e-05 1.3300806e-05 0.00010061048 0.0017656233 0.0031945736 0.0014086108 0.0010521754 2.497489e-06 7.653494e-05 0.0008725224 0.00062484323 0.0009324407 0.00024082755 5.5626217e-05 7.737274e-05 0.0011842721 0.000110584486 0.0008657948 0.0036768757 1.7689199e-05 4.2483178e-05 8.409223e-05 0.0008034911 0.0017692692 9.280585e-05 0.0011413874 8.52919e-06 1.21536195e-05 2.1087371e-05 4.003045e-06 7.3319443e-06 8.042599e-07 6.319723e-06 0.00012437202 0.0039030178 6.604142e-06 0.0032873664 2.6956259e-06 1.6144844e-05 0.00022879444 4.9407838e-05 5.4732172e-05 2.6360647e-05 6.292264e-06 1.8204128e-05 4.8949394e-05
0.004154545 0.601872 4.682452e-25 0.039492015 0.7883667 0.048543412 0.3233524 0.05129262 0.02899962 0.38008523 0.015090947 0.014614942 0.11800346 0.22219981 0.014462405 0.067251235 0.19548391 0.0021231382 0.004487041 0.019937132 0.039412986 0.013595693 0.0012045776 0.0034643714 0.0011349081 0.0042114784 9.812942e-05 0.001423355 0.006416359 0.00018986673 7.799624e-05 0.00021165353 8.031685e-05 0.002690724 4.636584e-05 0.0069342987 0.01180954 5.252179e-05 0.0041251397 0.0031856415 5.030109e-05 0.002232717 7.037254e-05 1.2537145e-05 7.125226e-05 0.0045811264 0.0004738243 0.00033855476 4.327545e-05 0.00025134673 9.01366e-05 0.0015913676 0.0017929636 0.00039819715 2.2952141e-05 2.841223e-05 1.6705563e-06 0.00013217647 8.469198e-05 0.0009821805 0.0006298082 0.00017589048 4.5502355e-07 9.2622744e-05 0.00019433556 0.00023958363 7.9455436e-05 0.00061642297 7.718039e-05 5.22012e-05 0.0005568548 0.005367369 0.00033192578 0.0013708397 0.00023294415 2.3549757e-05 0.0046799686 0.000386901 0.0007601259 0.0003447178 0.0004935277 4.2182064e-06 1.7581442e-05 0.00022349549 2.4893222e-07 5.302217e-06 8.791605e-08 1.3534654e-06 3.3275857e-05 0.0009595989 3.7838902e-07 0.0033644943 1.2012977e-07 1.6707021e-05 0.00048175754 4.7996444e-05 5.978839e-05 2.4586014e-05 6.2053964e-06 2.4626026e-05 6.8726195e-06
0.0051851687 0.34155703 0.039492015 1.837711e-22 0.03693228 0.7200832 0.24541889 0.5464981 0.23368545 0.03219847 0.3180708 0.102099575 0.12505336 0.23236556 0.086195156 0.002806427 0.026071522 0.11324807 0.08592768 0.09165204 0.06629227 0.042037696 0.094887465 0.030696757 0.032424364 7.193798e-05 0.05893066 0.00010399622 0.0031761494 0.017725399 0.00832915 2.7859685e-05 0.014349729 0.0038461844 0.005782607 0.10928101 0.0075249607 0.0041916138 0.00074568903 0.005339638 0.0034275649 0.007703652 0.002256766 0.0020305733 0.018890576 4.6300793e-05 0.008566788 0.029443132 0.0030670331 2.0784117e-05 0.0016095964 0.0035004949 0.0058396575 0.0053543323 0.00048822883 0.00036843025 0.00045096033 0.00072962977 0.0020403927 0.0047963117 0.0012966068 0.0026312666 0.00011311509 0.00041289415 0.0026907113 0.0029659197 0.0018967626 8.284323e-05 0.00011188109 0.00021290321 0.0040013045 0.0003364764 0.0031681207 0.0036404107 6.347157e-06 9.8180724e-05 8.195991e-06 0.003114077 0.0033980643 2.2715287e-05 0.0027010737 7.817385e-05 0.0005502319 9.5187796e-05 3.574833e-05 5.679539e-05 9.278033e-06 5.1872285e-05 0.00045460497 0.0023393808 4.3581353e-05 0.00046187144 1.1676101e-05 0.00011676764 4.4756785e-06 0.0003698978 0.00028254496 0.00025798366 1.6996033e-05 0.00014091759 5.9932936e-05
0.003201407 0.605256 0.7883667 0.03693228 4.2981057e-25 0.047173887 0.33679083 0.045860376 0.02223104 0.43209806 0.008970574 0.011625302 0.10941685 0.2207389 0.010515034 0.10103811 0.25132835 0.0011446837 0.0037084413 0.015938655 0.03661156 0.011371067 0.0007783905 0.0028413273 0.0010140273 0.0060308315 7.15886e-05 0.0021202466 0.006153161 0.00019290193 6.94296e-05 0.00029362412 6.1236475e-05 0.0025138808 4.2291485e-05 0.0053782314 0.009778188 5.3960714e-05 0.005221428 0.0033396413 5.381548e-05 0.0021928141 9.747457e-05 8.304149e-06 4.645843e-05 0.0073838634 0.00039628823 0.00028244907 3.0049876e-05 0.00033730484 8.5389605e-05 0.0017986861 0.0020153238 0.00038320426 2.2121158e-05 2.6549467e-05 1.0198544e-06 0.00015816103 6.522382e-05 0.00083010655 0.00077255367 0.0001911753 2.5486804e-07 0.00010358782 0.00023253486 0.00022047582 6.757728e-05 0.00093227177 7.702069e-05 5.406817e-05 0.0005755074 0.005848631 0.00040414458 0.0012109107 0.00051308994 2.2550337e-05 0.0067912918 0.0004584006 0.0008766858 0.0006105853 0.00062406104 4.369153e-06 1.7815139e-05 0.00019996782 2.4723798e-07 6.203899e-06 8.949986e-08 1.1440643e-06 3.6413585e-05 0.00095537526 4.952771e-07 0.0029195128 1.8829226e-07 1.8517394e-05 0.0007906819 4.1702104e-05 4.441592e-05 2.1122072e-05 7.762495e-06 1.7590719e-05 6.1555315e-06
0.0056888442 0.348036 0.048543412 0.7200832 0.047173887 9.324406e-23 0.2432835 0.551627 0.23708598 0.046373967 0.30217332 0.103301965 0.13374653 0.28372905 0.08726473 0.0031168596 0.031438723 0.1186485 0.08081769 0.089644566 0.06923651 0.04181074 0.094229415 0.02937658 0.031690102 6.1034338e-05 0.055820882 9.3609764e-05 0.0032058444 0.016090818 0.0075448044 2.774702e-05 0.013680382 0.0036842958 0.005382598 0.12224158 0.008856872 0.003683623 0.0007799632 0.005275492 0.0030862312 0.0060374346 0.0017505545 0.0016695817 0.018308314 5.5572553e-05 0.0066495663 0.032319106 0.003179697 2.092283e-05 0.0014612941 0.002820196 0.004483773 0.0044922773 0.00043199337 0.00033683743 0.00038505148 0.00070188113 0.0015488581 0.004078118 0.00091063016 0.00222803 0.00010877228 0.00036986856 0.0023143333 0.0021182925 0.001579708 6.860502e-05 0.000121660574 0.00021416151 0.0038940408 0.000614802 0.0029641013 0.0027770542 7.834876e-06 0.00010025561 1.546956e-05 0.0028187293 0.0028662474 2.1966056e-05 0.0024465562 8.121077e-05 0.0009823247 0.00017675984 3.0185187e-05 6.3851905e-05 7.713487e-06 6.462829e-05 0.000427124 0.0020091878 3.0386323e-05 0.00035142887 9.374776e-06 0.000115057686 4.862048e-06 0.00032833227 0.00023614497 0.0002301396 1.836975e-05 0.00011849318 6.844843e-05
0.08055226 0.61306447 0.3233524 0.24541889 0.33679083 0.2432835 2.7666697e-20 0.20311138 0.3980793 0.1283242 0.21234368 0.22066092 0.72255677 0.1476076 0.31043875 0.28942382 0.04625825 0.031618357 0.1422034 0.34323558 0.44997332 0.26212934 0.10216766 0.11877318 0.06595184 0.032265496 0.0144375665 0.034773804 0.104221664 0.031269792 0.012704737 0.008830537 0.011509571 0.08070255 0.0052898224 0.007546002 0.0014804396 0.007078072 0.06883972 0.0786514 0.014903757 0.074160434 0.008130446 0.0025995201 0.0009886357 0.0011717739 0.075648956 0.0019298478 0.0071543558 0.009295973 0.0031207248 0.05517805 0.06722615 0.030282466 0.0043182815 0.0036996612 0.00035003523 0.0016978732 0.02380712 0.049798097 0.037276126 0.016969578 7.747878e-05 0.00055354217 0.014416921 0.014624102 0.013412249 0.016453717 0.0007563715 0.0015793291 0.017253224 0.00023383717 0.01174399 0.067175575 0.0012855827 0.0010776346 0.00038774998 0.012224378 0.02399463 0.015501905 0.013253009 0.00039043726 9.7348224e-05 0.000110767825 0.00022429705 0.00044151992 2.3167435e-05 0.00023962389 0.00087436533 0.032351077 0.00015950673 0.19674382 0.0002045501 0.00053222844 0.009706225 0.0005697825 0.00059251284 0.0003791588 0.0016178939 0.0003236927 0.0011157721
0.0069759865 0.34081742 0.05129262 0.5464981 0.045860376 0.551627 0.20311138 8.0395554e-22 0.25962746 0.042645 0.4062193 0.12917075 0.13203752 0.37016368 0.10857674 0.0038555472 0.024479395 0.27837384 0.13218051 0.096619 0.06413464 0.04643133 0.18937506 0.03640693 0.057102554 9.703245e-05 0.21888849 0.00012353357 0.002510547 0.027332833 0.016843181 3.977467e-05 0.046061527 0.0033966016 0.015621333 0.21288106 0.008650994 0.013020448 0.0004168546 0.006325853 0.008046014 0.006641008 0.009090388 0.022511862 0.12816902 5.3696134e-05 0.009459718 0.1373213 0.029804371 6.894089e-05 0.00823479 0.003990505 0.0045850165 0.0056530987 0.0037959968 0.002443653 0.013098013 0.004574698 0.0039936644 0.0058703544 0.0012595599 0.00447772 0.003815212 0.0040425253 0.003671311 0.0028375944 0.0032515968 0.000121947385 0.0012134443 0.0010066571 0.0050051617 0.0005390159 0.004938676 0.004323363 1.2217792e-05 0.00042024747 2.6715572e-05 0.0049981857 0.0066045146 4.6088226e-05 0.006519199 0.00025214138 0.007688229 0.00034392937 0.00019485537 0.000234893 3.0102568e-05 0.0014013145 0.0017658691 0.006955914 5.3135023e-05 0.0004456829 5.89895e-06 0.00035873923 2.3023544e-05 0.0023112367 0.0006443484 0.0016996722 0.00011215457 0.00042057046 0.0008791481
0.1050583 0.26547986 0.02899962 0.23368545 0.02223104 0.23708598 0.3980793 0.25962746 1.6115018e-20 0.012762389 0.5095628 0.6402453 0.30284396 0.046240546 0.5283526 0.016816545 0.0021611413 0.1607505 0.41530526 0.34289744 0.2416444 0.23352177 0.39317724 0.30329233 0.25735435 0.0012744692 0.1538587 0.0009206656 0.013504101 0.14195773 0.058809746 0.00029287487 0.11148616 0.02801449 0.039943594 0.011172942 0.00013176932 0.03472146 0.0068440414 0.025966994 0.059625793 0.08695664 0.027367882 0.019922132 0.017741388 3.6892183e-05 0.18494083 0.0070106136 0.044393394 0.00036465988 0.019355997 0.022084061 0.06549063 0.09550197 0.012825634 0.011594456 0.006415194 0.00751592 0.05153578 0.09741571 0.014927833 0.032061275 0.0010234736 0.0011551667 0.024485629 0.0485418 0.043782808 0.00087129965 0.0020096311 0.003688782 0.045069262 1.7720713e-06 0.018553259 0.03523598 1.4352581e-05 0.003787459 1.7199467e-06 0.02002624 0.057663213 0.0006161955 0.029889103 0.001052856 1.506627e-05 7.961984e-06 0.00048532282 0.0015974027 0.00014965334 7.9756224e-05 0.0024111837 0.04800124 0.0004084488 0.023279848 0.00024519925 0.0019674196 0.00014996294 0.0023439254 0.0010252623 0.0020717774 0.0031366684 0.00047775303 0.004682601
0.002732818 0.25019756 0.38008523 0.03219847 0.43209806 0.046373967 0.1283242 0.042645 0.012762389 5.0536784e-24 0.012703816 0.0063647237 0.04003355 0.53897303 0.0042613717 0.020137733 0.75417143 0.002162396 0.0008218683 0.006192441 0.014926809 0.005003432 0.0003505036 0.0006811071 0.00032313442 0.004492567 0.00031079858 0.0007267713 0.0020337156 0.00016485968 0.000118794145 0.00019915479 0.00014915793 0.0005923784 0.00010961984 0.006805699 0.08417945 9.5996686e-05 0.0018039111 0.00057730026 5.9980226e-05 0.0005427187 9.984894e-05 1.8011116e-05 4.4608812e-05 0.00813572 0.00015310149 0.0005076382 0.0001576988 0.00013410604 5.8623427e-05 0.00020364909 0.0007464435 0.00029109666 3.903892e-05 2.3893117e-05 9.716338e-07 6.8741436e-05 3.978821e-05 0.00019759423 9.13341e-05 0.00015751061 3.6002257e-07 3.101423e-05 0.00020315309 0.00016419473 2.6972291e-05 0.0008507987 2.0020778e-05 1.966313e-05 0.00041548078 0.026460152 0.0005382564 0.00035453137 0.0002523928 6.6703506e-06 0.049510404 0.00078611466 0.00071352697 0.00046431768 0.0010530121 5.018977e-07 0.00010414599 0.0024302758 3.9284478e-07 4.9961886e-07 5.187438e-08 5.8769353e-07 2.589098e-05 0.00041641 5.9002525e-07 0.002159977 3.623661e-08 1.032967e-06 0.0012073569 2.547033e-05 2.74553e-06 3.5257174e-06 1.8856045e-06 1.6321426e-06 2.0577943e-06
0.03785398 0.22390354 0.015090947 0.3180708 0.008970574 0.30217332 0.21234368 0.4062193 0.5095628 0.012703816 2.6280588e-19 0.30569914 0.1518137 0.05105378 0.26654294 0.003385538 0.003763492 0.44061685 0.33544976 0.2371681 0.10352084 0.13240382 0.49468958 0.22938937 0.22092775 0.00037397226 0.42110324 0.0006507716 0.0024292816 0.14832151 0.087418996 0.0002844521 0.25899822 0.008433253 0.08864144 0.060913835 0.0008510807 0.07464097 0.0007296899 0.012172557 0.09550205 0.024305366 0.05552691 0.12202498 0.11072401 0.00011309383 0.095962256 0.052520145 0.13986509 0.00030486047 0.07888122 0.0074913967 0.020211302 0.066888 0.03528926 0.03358398 0.06278293 0.044339556 0.034523524 0.024933172 0.0044432934 0.033240613 0.014010828 0.0129179815 0.026147604 0.02657062 0.026099242 0.00021225936 0.015812539 0.009168485 0.018406058 7.3264923e-06 0.023146888 0.009809308 6.515202e-05 0.0069051837 4.9173275e-07 0.023840973 0.032104768 0.00018300045 0.026139053 0.0052704457 9.148666e-05 1.8885912e-05 0.0050601107 0.005939444 0.001295676 0.00089569855 0.0067173583 0.027049398 0.0010737573 0.0023107133 0.00040336122 0.003774448 0.00011147212 0.0064182533 0.0024403716 0.0074557057 0.0017613489 0.0015597612 0.0070667514
0.08492083 0.12666242 0.014614942 0.102099575 0.011625302 0.103301965 0.22066092 0.12917075 0.6402453 0.0063647237 0.30569914 3.3144308e-19 0.16643226 0.019212475 0.64772135 0.009115468 0.0026026235 0.09690773 0.4787842 0.309001 0.17284174 0.1915036 0.3610445 0.32513517 0.30420864 0.001250382 0.120497234 0.0010521869 0.008201958 0.16364644 0.053426478 0.0005292159 0.102037475 0.01576555 0.037624035 0.001577707 1.8864384e-05 0.03297714 0.0046569556 0.018476775 0.065251246 0.08985273 0.023443727 0.016895073 0.012844638 5.0129267e-05 0.27046767 0.0015891382 0.031331304 0.00050506927 0.016107213 0.014442337 0.069208674 0.12113997 0.010842533 0.0081330715 0.0075219898 0.009158187 0.06324434 0.11081214 0.009931011 0.041094296 0.0014104854 0.002707489 0.029451257 0.08606338 0.04857098 0.00079504214 0.0027847518 0.0034813003 0.07130002 1.3910744e-07 0.02154656 0.02899901 9.668933e-06 0.0026481824 9.712506e-08 0.02186865 0.070466965 0.0004916549 0.034455642 0.0023019505 7.089793e-06 6.2286944e-07 0.0018979841 0.0022631756 0.00075604586 8.1188926e-05 0.0026821287 0.04922503 0.0011274832 0.015784867 0.00043778683 0.0024953703 0.0002322193 0.0018084871 0.0010792081 0.0011564717 0.002099566 0.0006375987 0.0033082338
0.17010473 0.38596904 0.11800346 0.12505336 0.10941685 0.13374653 0.72255677 0.13203752 0.30284396 0.04003355 0.1518137 0.16643226 3.021141e-19 0.067258954 0.3417182 0.2665225 0.015063318 0.019441107 0.13657996 0.47738734 0.63494414 0.4031884 0.07141035 0.15902211 0.08378397 0.031965278 0.01685254 0.029434295 0.17979114 0.034648687 0.011673369 0.008602192 0.014003522 0.11905423 0.0054547526 0.0030534244 0.0007898487 0.0064245886 0.094946824 0.11902502 0.015920067 0.12882522 0.005601181 0.003274141 0.0016892952 0.00031422536 0.10760018 0.0016262465 0.0067835147 0.0108825825 0.0021800718 0.08191995 0.108436964 0.04449932 0.002422347 0.0017623329 0.0006228748 0.00087005453 0.039911374 0.1129206 0.050956633 0.018760964 0.00017278627 0.0003942573 0.016058968 0.027013734 0.02520266 0.022567598 0.00053804246 0.0010788172 0.032604527 8.297409e-05 0.012752187 0.11226262 0.0015574647 0.0006630493 5.0120852e-05 0.013614786 0.033876415 0.017548429 0.013560012 0.00016148857 0.0005689449 6.956574e-05 0.0001647085 0.00017463791 2.4806272e-05 0.00039839605 0.00065847003 0.057900347 0.00014869448 0.32763702 0.00030214232 0.00053808634 0.012157011 0.00040211217 0.00042018972 0.00037871595 0.0018316215 0.0002484874 0.0011672716
0.005753411 0.27569908 0.22219981 0.23236556 0.2207389 0.28372905 0.1476076 0.37016368 0.046240546 0.53897303 0.05105378 0.019212475 0.067258954 2.9575712e-25 0.010777888 0.0039202916 0.46521124 0.043453537 0.0019813704 0.008724072 0.018513583 0.00770139 0.0017676881 0.001021351 0.00044418676 0.00017575786 0.007970159 0.00017355838 0.0011964825 0.0014099273 0.0010185248 4.930814e-05 0.000746806 0.0013519854 0.0013469681 0.39310864 0.4624489 0.001373667 0.0009125005 0.0019842256 0.0005725095 0.0014076172 0.0014018733 8.678477e-05 0.0012713772 0.00031138366 0.0003147304 0.031918194 0.0006078917 8.9831876e-05 0.0004041145 0.0010926977 0.000857047 0.000721501 0.00043777094 0.00014934795 1.3185492e-06 9.4720075e-05 8.661445e-05 0.00013361915 0.00015216669 0.00031799363 6.876818e-07 6.017405e-05 0.00023657708 6.690314e-05 6.32893e-05 0.0003153496 1.6672102e-05 9.343509e-06 0.0002009313 0.033231944 0.0005427619 0.000136069 1.8877487e-05 1.1050373e-06 0.00076346786 0.0005530965 0.00021121619 0.00015777884 0.00047026385 9.433865e-07 0.015406129 0.009996896 3.0793657e-07 6.689089e-07 4.4463444e-08 6.1165647e-06 1.0545954e-05 0.00021488164 5.8131053e-07 0.0028854236 3.0717146e-08 2.0644016e-07 0.0021276611 2.0895692e-05 2.9390199e-06 3.920508e-06 6.488428e-07 1.8625617e-06 1.2585753e-06
0.17712916 0.14738475 0.014462405 0.086195156 0.010515034 0.08726473 0.31043875 0.10857674 0.5283526 0.0042613717 0.26654294 0.64772135 0.3417182 0.010777888 2.0288242e-19 0.012809749 0.0012936314 0.08479622 0.47732124 0.5659693 0.328917 0.32531148 0.27303517 0.5808549 0.3234288 0.0019302359 0.117779106 0.0016003951 0.013253128 0.16220807 0.046440464 0.0008129329 0.081009194 0.03659018 0.026059205 0.00015469272 2.658685e-06 0.026119985 0.007868235 0.029872049 0.05542229 0.21923023 0.022192946 0.009133938 0.004389074 1.6268119e-05 0.3435334 0.00023301571 0.021871172 0.00087499764 0.011194833 0.027252216 0.16183165 0.13861142 0.009225513 0.006245191 0.0025716508 0.0036369804 0.10774142 0.29987818 0.023881689 0.04603062 0.000258318 0.0006018091 0.031818055 0.1373357 0.0848813 0.002013301 0.0008915711 0.0025309396 0.13010328 2.4932124e-08 0.021060439 0.09106716 4.2695738e-06 0.0019941737 6.212128e-08 0.022758894 0.1324852 0.001444361 0.039975867 0.0006112556 6.0576144e-06 2.4614542e-07 0.00057555706 0.00076293433 0.0003292598 4.8385897e-05 0.001882299 0.09843016 0.00056221464 0.06273083 0.00038240987 0.0012229369 0.0008148303 0.00091086415 0.00040499147 0.0004915035 0.0033345507 0.00019761815 0.002327571
0.011028702 0.04914375 0.067251235 0.002806427 0.10103811 0.0031168596 0.28942382 0.0038555472 0.016816545 0.020137733 0.003385538 0.009115468 0.2665225 0.0039202916 0.012809749 7.196741e-24 0.033683874 0.00015400678 0.0025547878 0.018098794 0.15249851 0.018716425 0.00017830683 0.0033626212 0.0007031303 0.4468851 0.00026173686 0.5072342 0.16012943 0.0001640997 4.617983e-05 0.24022882 9.1667534e-05 0.0067346413 3.0565796e-05 0.00028317704 0.0002277875 3.450394e-05 0.28450945 0.011552262 0.00010359207 0.0036188578 3.808258e-05 2.9853187e-05 2.5985422e-05 0.057488047 0.00072028424 3.3788237e-05 0.0003956091 0.17225087 3.0275914e-05 0.004612073 0.0030276505 0.00014376958 2.3887376e-05 1.7889966e-05 9.2361023e-07 1.4460598e-05 0.00043004725 0.0009422703 0.002710425 0.00012840435 4.454122e-07 9.581207e-06 0.00015926079 0.00017415873 0.00015910657 0.05673485 1.3789149e-05 2.1065885e-05 0.0009140556 0.00014271935 0.00022370424 0.004766206 0.10154193 1.0818883e-05 0.013499138 0.00020019509 0.00077162514 0.015013487 0.00031096968 2.0485857e-06 6.2408714e-07 5.9604868e-06 7.8931663e-07 4.695412e-06 4.0863227e-07 5.8911434e-07 1.2810292e-05 0.003623456 1.6484395e-06 0.015939893 1.7644044e-07 1.219058e-05 0.0049610487 5.9905365e-06 2.3145132e-05 2.5862687e-06 1.238592e-05 1.0704125e-05 8.1625467e-07
0.0013333764 0.14263342 0.19548391 0.026071522 0.25132835 0.031438723 0.04625825 0.024479395 0.0021611413 0.75417143 0.003763492 0.0026026235 0.015063318 0.46521124 0.0012936314 0.033683874 3.2075324e-20 0.0013288844 0.00042088158 0.00192387 0.001552357 0.0016535671 0.00062059466 0.00037756428 0.00049016543 0.032151014 0.00012836212 0.004059768 0.0012395285 0.0005885077 0.00061279244 0.0010140302 0.00065312866 0.0015762444 0.0007102217 0.0013175568 0.17190145 0.0005827221 0.0029330798 0.0013861727 0.00032264693 0.0012775699 0.0005734242 3.1388914e-05 8.9953006e-05 0.097472064 0.00075978064 0.00020175544 0.00030370118 0.00051655865 0.0003078927 0.00092209305 0.0013493679 0.0007920755 0.0001492349 0.000114729846 2.5007637e-06 0.0004426433 1.9956404e-05 0.00048295676 0.00030036652 0.0005672324 1.1419551e-06 0.00017830411 0.00052329013 0.00027936776 7.5041125e-06 0.004297666 6.860646e-05 0.00012129935 0.00035302952 0.097542465 0.0012822595 0.00028256438 0.001144017 3.3416738e-05 0.25168112 0.001236028 0.0005893963 0.0033157857 0.0012908401 3.836079e-06 0.00015132545 0.0088307485 4.0949185e-06 4.159266e-06 4.461681e-07 9.05372e-07 0.00024452998 0.00014401124 2.676812e-06 0.007520473 2.3981212e-07 1.0855314e-05 0.010099391 7.0139766e-05 5.6005476e-05 3.0134279e-05 1.3934485e-07 5.436091e-05 1.0469883e-07
0.007339017 0.056018047 0.0021231382 0.11324807 0.0011446837 0.1186485 0.031618357 0.27837384 0.1607505 0.002162396 0.44061685 0.09690773 0.019441107 0.043453537 0.08479622 0.00015400678 0.0013288844 1.9810622e-20 0.12936208 0.06664049 0.012025546 0.02478417 0.23261562 0.05795413 0.08511865 1.685647e-05 0.41864225 5.332127e-05 0.0008688925 0.049611647 0.036899075 2.9571389e-05 0.12802215 0.0014223406 0.045744307 0.12918168 0.0013251257 0.040827215 0.0003281808 0.0037253262 0.03943892 0.0050419285 0.029764717 0.13975908 0.17171654 1.2784784e-05 0.025135888 0.13801713 0.10806246 1.474e-05 0.057628457 0.003194065 0.005764071 0.02411202 0.019561334 0.01826294 0.10749054 0.05562289 0.012257303 0.0070237266 0.0021038263 0.012987237 0.044885088 0.020456484 0.010329879 0.010323162 0.009217444 2.353135e-05 0.015572563 0.0094016725 0.009012384 6.4576325e-06 0.011391406 0.004961432 3.1017914e-06 0.0063791648 7.771776e-08 0.0121301375 0.0170512 2.271429e-05 0.01766959 0.0025378487 0.0009114238 1.9897703e-05 0.002813613 0.0035325836 0.0007407678 0.004468548 0.009567234 0.014402168 0.00077600277 0.00029485146 0.0003217175 0.00576442 2.4984289e-05 0.009658404 0.002780575 0.01302915 0.00076426484 0.0017695982 0.0038845176
0.49552009 0.07556241 0.004487041 0.08592768 0.0037084413 0.08081769 0.1422034 0.13218051 0.41530526 0.0008218683 0.33544976 0.4787842 0.13657996 0.0019813704 0.47732124 0.0025547878 0.00042088158 0.12936208 9.1215636e-20 0.41139942 0.2097357 0.27774116 0.5351544 0.50054973 0.6418587 9.943321e-05 0.12269728 0.0008139138 0.0038653493 0.3880947 0.16230965 0.00046193996 0.14754574 0.019075384 0.08606865 8.57279e-05 5.722714e-07 0.07947766 0.0012363611 0.016833875 0.20284466 0.12559976 0.052857254 0.010107451 0.0038714018 2.499531e-06 0.36916924 0.00012718137 0.044341136 0.00054365036 0.032263394 0.015447935 0.10378871 0.25896534 0.02601925 0.020021405 0.004446377 0.01128496 0.118024305 0.20233944 0.010964475 0.13420726 0.00052847853 0.0023222496 0.13003767 0.24916658 0.14156729 0.0003820466 0.002569219 0.0118695805 0.21153235 4.4366e-09 0.11841267 0.045424704 1.1786464e-06 0.008651328 2.2107298e-09 0.10825684 0.33090124 0.000101773825 0.14615831 0.0012121325 4.9716675e-07 2.5526697e-07 0.0003733533 0.001595755 0.00012766795 1.6565407e-05 0.011112344 0.1611707 0.00020494706 0.010801638 0.00020528647 0.0024756903 4.1284355e-05 0.0058315294 0.0005579185 0.0035268092 0.025849016 0.0002614667 0.02260321
0.46817142 0.15780856 0.019937132 0.09165204 0.015938655 0.089644566 0.34323558 0.096619 0.34289744 0.006192441 0.2371681 0.309001 0.47738734 0.008724072 0.5659693 0.018098794 0.00192387 0.06664049 0.41139942 6.069929e-18 0.6131997 0.6129491 0.26474163 0.6415802 0.3660226 0.0033490066 0.066488266 0.003985743 0.028481003 0.19105017 0.049281396 0.0025231712 0.03239768 0.10439176 0.019566959 0.00070272735 4.84957e-05 0.024932694 0.0103274295 0.08638072 0.06738916 0.414313 0.022953548 0.0052702953 0.0051151947 5.0980783e-05 0.50844043 0.0008694864 0.01001696 0.0030707999 0.006475274 0.061251547 0.32156292 0.17291625 0.008926078 0.0053482843 0.0016143398 0.0013024274 0.18104863 0.43634903 0.053276505 0.06311644 0.00034071485 0.00025437865 0.04834576 0.18909669 0.15139237 0.0022036547 0.000349766 0.0011539054 0.21830747 1.4165859e-07 0.039108805 0.20194815 2.568342e-05 0.000677386 2.8219862e-08 0.035830103 0.18781303 0.0015674954 0.038505044 0.00010722234 0.00020801199 2.9147886e-06 0.00029815102 0.000107453474 0.00010486808 0.00041092825 0.0012621831 0.20095436 0.00033500962 0.1164699 0.00037768582 0.00027571412 0.0022534486 0.0003485627 7.462887e-05 0.00012182998 0.0056849914 4.4026834e-05 0.00064002984
0.32607967 0.1955638 0.039412986 0.06629227 0.03661156 0.06923651 0.44997332 0.06413464 0.2416444 0.014926809 0.10352084 0.17284174 0.63494414 0.018513583 0.328917 0.15249851 0.001552357 0.012025546 0.2097357 0.6131997 3.799461e-20 0.67020965 0.055726666 0.32905507 0.15450208 0.010748978 0.012254026 0.017501622 0.44518995 0.06273041 0.019678768 0.006046718 0.011464596 0.38338947 0.008523288 0.002751646 6.443057e-05 0.010344513 0.15115696 0.38274068 0.023049386 0.47770104 0.0074637737 0.0025351346 0.0037458823 2.4705061e-05 0.24725817 0.0027784982 0.005775748 0.011337374 0.0015877136 0.228088 0.3350767 0.09023864 0.0018491542 0.0011723014 0.0014311263 0.00076496927 0.12436125 0.35505778 0.12668559 0.042283688 0.00018101405 0.0002271532 0.030330062 0.08220717 0.10267565 0.035513114 0.0003617167 0.0003549761 0.10983257 4.0015025e-06 0.020097002 0.25082952 0.00022591786 0.00014438624 2.7556385e-07 0.019531539 0.06727344 0.021297636 0.020689115 7.665664e-05 0.0012694382 1.6298975e-05 6.187181e-05 6.7595785e-05 7.990341e-06 0.00040300435 0.0005837121 0.12223338 4.36798e-05 0.47601238 4.7010195e-05 0.00017161424 0.016585706 0.00015235865 5.0636463e-05 7.0420945e-05 0.0019220747 2.3296094e-05 0.0001267988
0.43520772 0.10993534 0.013595693 0.042037696 0.011371067 0.04181074 0.26212934 0.04643133 0.23352177 0.005003432 0.13240382 0.1915036 0.4031884 0.00770139 0.32531148 0.018716425 0.0016535671 0.02478417 0.27774116 0.6129491 0.67020965 1.1313413e-18 0.10648518 0.5081728 0.20995432 0.00339683 0.021263607 0.003972359 0.10006788 0.07365371 0.016920589 0.0022189524 0.009048568 0.23293576 0.0057502952 0.0039457297 4.583409e-05 0.00817566 0.025071835 0.20779878 0.029862793 0.46941918 0.007982164 0.002002039 0.007559306 7.581886e-05 0.35184813 0.004948506 0.0046066376 0.002777547 0.00081418594 0.13722716 0.39022467 0.08367938 0.0021613298 0.0009817572 0.0015971262 0.00019692659 0.13839634 0.44044665 0.093326144 0.03620812 0.00025391014 0.00014479055 0.024395356 0.08891258 0.11814506 0.004900157 0.00018209987 0.00017573572 0.16561235 1.1894322e-06 0.01605442 0.27212206 0.0001119557 7.6147626e-05 2.0930779e-08 0.013734777 0.0840452 0.0029224085 0.014040122 2.6358486e-05 0.0029331413 4.7801595e-06 0.00015560817 1.779758e-05 3.1392687e-05 0.0012329882 0.00042794863 0.19890434 9.689106e-05 0.24961473 0.00033951912 3.183057e-05 0.004070462 5.8543195e-05 1.650435e-05 2.702345e-05 0.0011316899 8.293797e-06 6.131408e-05
0.33565867 0.033529673 0.0012045776 0.094887465 0.0007783905 0.094229415 0.10216766 0.18937506 0.39317724 0.0003505036 0.49468958 0.3610445 0.07141035 0.0017676881 0.27303517 0.00017830683 0.00062059466 0.23261562 0.5351544 0.26474163 0.055726666 0.10648518 2.2219877e-20 0.31626752 0.51855344 5.040274e-05 0.29197806 0.00021649037 0.0004432357 0.56749624 0.58628 0.00013090008 0.6590537 0.003658303 0.52006435 0.0003616256 2.3688726e-06 0.44807136 0.00012301416 0.0026278272 0.40790454 0.05052642 0.24706236 0.06653674 0.016605338 1.3745915e-05 0.24414973 0.001181337 0.21058376 0.00012737462 0.31503388 0.0020478433 0.025951894 0.25124928 0.14938217 0.14305563 0.02439895 0.14371307 0.07521009 0.07631897 0.0006942851 0.16281812 0.0058196955 0.016818952 0.1649693 0.115536846 0.0775474 3.122155e-05 0.018652825 0.07642589 0.102906294 3.510445e-08 0.16491653 0.0070598135 2.4534381e-06 0.06461582 1.7354346e-08 0.15007539 0.21235858 7.496073e-06 0.18360947 0.0057254955 3.0249188e-07 3.3191486e-07 0.0021842797 0.010196687 0.00056887144 2.1410524e-05 0.05689374 0.05505883 0.00053754466 0.00036956428 0.0004597721 0.015954265 3.4937744e-05 0.04120911 0.0031313316 0.035158496 0.03603505 0.0027210463 0.08720865
0.62499344 0.030285483 0.0034643714 0.030696757 0.0028413273 0.02937658 0.11877318 0.03640693 0.30329233 0.0006811071 0.22938937 0.32513517 0.15902211 0.001021351 0.5808549 0.0033626212 0.00037756428 0.05795413 0.50054973 0.6415802 0.32905507 0.5081728 0.31626752 1.6536517e-17 0.47159448 0.0003983812 0.06160533 0.0019820856 0.0063531566 0.28281194 0.08855059 0.0013384178 0.08287528 0.051408775 0.03959413 7.919444e-05 1.2009568e-06 0.04511588 0.0017103797 0.04222722 0.16576424 0.3466597 0.03776616 0.0055347984 0.0016973204 3.4373668e-06 0.53169435 9.638362e-05 0.018336065 0.0013971125 0.011157693 0.03722405 0.28389767 0.3425448 0.015575243 0.00976632 0.0019040611 0.004553735 0.3014019 0.497946 0.0385599 0.18810782 0.0005724571 0.001356265 0.13219382 0.42794454 0.1994201 0.00040160835 0.0017669767 0.0040679765 0.3404096 2.60595e-09 0.07689129 0.12551947 1.4560461e-06 0.0027543043 1.0418596e-09 0.06721703 0.43027255 0.00023132369 0.099053614 0.0006341981 5.7271063e-06 3.638505e-07 0.00041969877 0.00063988793 0.00031084337 0.00011858905 0.0033449847 0.28460723 0.00039814098 0.056075647 0.00025363764 0.00040457802 8.156353e-05 0.00097645813 0.00011447617 0.00027398416 0.020566357 5.3521435e-05 0.0048374482
0.6636177 0.01690367 0.0011349081 0.032424364 0.0010140273 0.031690102 0.06595184 0.057102554 0.25735435 0.00032313442 0.22092775 0.30420864 0.08378397 0.00044418676 0.3234288 0.0007031303 0.00049016543 0.08511865 0.6418587 0.3660226 0.15450208 0.20995432 0.51855344 0.47159448 8.580102e-20 4.242629e-05 0.08723908 0.0005496379 0.002673311 0.5596186 0.2702205 0.00034156773 0.17804806 0.013585564 0.11858486 1.9222183e-05 7.418133e-07 0.12525955 0.00042752826 0.012352414 0.49093467 0.12383896 0.11762053 0.0100841215 0.0016411574 1.739345e-06 0.4642505 5.5580505e-05 0.044751447 0.00048217672 0.040760268 0.011386472 0.104262106 0.38402477 0.051578917 0.03163863 0.0034016762 0.012728101 0.123847514 0.20835765 0.009119911 0.24436615 0.00082135416 0.0022831121 0.23479927 0.3337253 0.14770228 0.00015029682 0.0033388562 0.020637948 0.251271 2.4770668e-09 0.1808953 0.043608986 4.2568135e-07 0.013974618 2.7528135e-10 0.1694674 0.4241753 3.2798413e-05 0.2210944 0.0021658489 4.2218625e-07 1.10198684e-07 0.00050994277 0.0025229126 0.00014288808 6.0917946e-06 0.019504108 0.15046111 0.00037602938 0.006266341 0.00026491587 0.0029296903 1.3352711e-05 0.010222665 0.00089782546 0.0060793553 0.038553663 0.0005822258 0.03627538
0.0018386184 0.0019691945 0.0042114784 7.193798e-05 0.0060308315 6.1034338e-05 0.032265496 9.703245e-05 0.0012744692 0.004492567 0.00037397226 0.001250382 0.031965278 0.00017575786 0.0019302359 0.4468851 0.032151014 1.685647e-05 9.943321e-05 0.0033490066 0.010748978 0.00339683 5.040274e-05 0.0003983812 4.242629e-05 1.360569e-23 2.3617346e-05 0.4841987 0.027370734 1.630647e-05 5.6040763e-06 0.3255098 1.7743652e-05 0.0017480555 5.288854e-06 1.7690563e-05 0.00024182015 6.4802116e-06 0.1017289 0.00306502 8.992621e-06 0.00054245326 1.3842236e-05 8.000872e-06 3.184417e-07 0.40448776 0.00027925882 4.4635368e-07 5.0977575e-05 0.19713299 8.65193e-06 0.0014062378 0.0008995992 9.79827e-05 8.996171e-06 8.2376955e-06 1.3760551e-07 3.0098377e-05 2.2137809e-05 0.00030653065 0.0005337016 4.01717e-05 3.930957e-08 9.229415e-06 7.240104e-05 9.019473e-05 4.2349722e-05 0.048104536 9.757628e-06 3.802979e-06 0.00045475177 0.00072493724 0.00014546611 0.0009720472 0.37181994 3.286794e-06 0.061352074 0.00020351398 0.00054793357 0.01489818 0.0004036221 1.4796512e-06 3.6299976e-08 8.0614285e-07 9.2396357e-07 2.7826427e-06 2.6891593e-07 5.262557e-09 6.632039e-06 0.000822134 3.8249644e-07 0.004660405 4.093111e-08 9.1755655e-06 0.007214523 5.3876406e-06 1.9635601e-05 2.3302525e-06 2.2193478e-06 6.076639e-06 1.7267138e-07
0.039012484 0.011366881 9.812942e-05 0.05893066 7.15886e-05 0.055820882 0.0144375665 0.21888849 0.1538587 0.00031079858 0.42110324 0.120497234 0.01685254 0.007970159 0.117779106 0.00026173686 0.00012836212 0.41864225 0.12269728 0.066488266 0.012254026 0.021263607 0.29197806 0.06160533 0.08723908 2.3617346e-05 3.9609702e-20 4.9888273e-05 0.00082279835 0.06290224 0.06351842 2.6670261e-05 0.36581126 0.0018284696 0.10111125 0.07528297 0.00013477751 0.081739075 0.00060801697 0.0058133695 0.054688327 0.007819615 0.0451552 0.55537903 0.2888516 2.9656069e-06 0.038764358 0.15368117 0.4258153 2.0262612e-05 0.18751302 0.0051452545 0.00951794 0.02786544 0.03594817 0.058477443 0.39391413 0.33189306 0.017673803 0.012809872 0.0025944419 0.017648244 0.31511614 0.1826251 0.015396714 0.013098826 0.014614914 1.2902136e-05 0.14611979 0.07212812 0.008989839 1.1306687e-06 0.0131747965 0.006084082 7.6096364e-07 0.057966303 9.096335e-09 0.014630331 0.013317187 2.281981e-05 0.02163128 0.035628222 0.00029349336 1.0200806e-05 0.05094087 0.037881706 0.02105112 0.009508038 0.023591364 0.011366751 0.017396769 0.0001688531 0.012736394 0.024455646 2.0972375e-05 0.024128187 0.009310763 0.029348169 0.0012758815 0.0073322775 0.007005364
0.0049164323 0.0010455018 0.001423355 0.00010399622 0.0021202466 9.3609764e-05 0.034773804 0.00012353357 0.0009206656 0.0007267713 0.0006507716 0.0010521869 0.029434295 0.00017355838 0.0016003951 0.5072342 0.004059768 5.332127e-05 0.0008139138 0.003985743 0.017501622 0.003972359 0.00021649037 0.0019820856 0.0005496379 0.4841987 4.9888273e-05 2.5739198e-24 0.11292349 0.00015772753 4.5329238e-05 0.70295167 9.313195e-05 0.0030039004 3.5795307e-05 6.313931e-05 0.00059458095 3.2992226e-05 0.36872756 0.006706189 0.0001341878 0.0012380672 2.5184998e-05 1.2981918e-05 1.6189471e-06 0.089065224 0.00092342234 2.1230167e-06 9.414821e-05 0.5917578 1.1581602e-05 0.0041135564 0.0009464789 0.0002511756 7.05674e-06 3.6383017e-06 4.448041e-08 1.1660367e-05 0.00021425384 0.000755697 0.002275718 9.547308e-05 2.6332469e-08 3.160472e-06 9.336112e-05 0.0001613277 7.7030534e-05 0.2579491 2.765291e-06 3.3532826e-06 0.00066717924 0.0021729688 0.00013146468 0.005656499 0.36745563 1.4549342e-06 0.01967174 0.0001452403 0.0007212713 0.10465899 0.00039181835 3.6261932e-07 1.4024074e-07 4.4631878e-07 3.1259057e-07 6.3590596e-07 1.856448e-07 2.3275229e-08 6.8835943e-06 0.003591362 5.1964327e-07 0.04674657 4.546043e-08 4.115076e-06 0.048304923 1.1940584e-05 1.4613386e-05 1.8605468e-06 3.0865415e-06 3.641763e-06 3.538391e-07
0.1630728 0.015061041 0.006416359 0.0031761494 0.006153161 0.0032058444 0.104221664 0.002510547 0.013504101 0.0020337156 0.0024292816 0.008201958 0.17979114 0.0011964825 0.013253128 0.16012943 0.0012395285 0.0008688925 0.0038653493 0.028481003 0.44518995 0.10006788 0.0004432357 0.0063531566 0.002673311 0.027370734 0.00082279835 0.11292349 1.1405993e-22 0.00059925456 8.872791e-05 0.0635061 3.632365e-05 0.40808377 4.565044e-05 0.0016543622 7.229023e-05 5.3212054e-05 0.7206294 0.51089543 0.00016651659 0.045541704 2.324494e-05 3.2824853e-05 0.00013972311 0.00018286612 0.0059086457 0.0005331932 5.275125e-05 0.13194942 1.02673785e-05 0.34759688 0.054057322 0.0009530061 7.88627e-06 3.9887273e-06 1.0089176e-05 4.0397813e-06 0.007859373 0.02437588 0.18030868 0.00046140235 4.850111e-07 2.9715125e-06 0.00035111097 0.0015224187 0.0035396977 0.16864508 4.625139e-06 1.7209952e-06 0.0032797584 8.996961e-06 0.00037731233 0.18026087 0.008893412 5.956495e-07 1.7902211e-06 0.00039663 0.0013144932 0.0771618 0.00075886206 7.3007936e-07 0.0005306226 4.110695e-06 2.157282e-06 8.275218e-07 4.0765528e-07 4.2947813e-05 4.2697284e-06 0.023787517 5.3966396e-06 0.41514736 1.0106032e-06 1.7131841e-06 0.033430107 2.039626e-06 1.3446809e-06 5.925899e-07 1.3182355e-05 3.956632e-07 3.5996027e-06
0.6748301 0.0032769695 0.00018986673 0.017725399 0.00019290193 0.016090818 0.031269792 0.027332833 0.14195773 0.00016485968 0.14832151 0.16364644 0.034648687 0.0014099273 0.16220807 0.0001640997 0.0005885077 0.049611647 0.3880947 0.19105017 0.06273041 0.07365371 0.56749624 0.28281194 0.5596186 1.630647e-05 0.06290224 0.00015772753 0.00059925456 1.5490339e-19 0.6283921 0.00014203935 0.30929548 0.0024201109 0.23021106 1.114169e-05 1.8508997e-06 0.27202797 3.893452e-05 0.0023479569 0.74260044 0.038060065 0.4303645 0.01324119 0.0023676362 8.143102e-05 0.36757854 8.337967e-05 0.05305367 7.091135e-05 0.11079316 0.0014594508 0.035029348 0.47236082 0.17082392 0.09458566 0.007458775 0.03449314 0.089260474 0.112465054 0.0012929648 0.3068045 0.00080399925 0.005052559 0.3048993 0.22239536 0.07189967 1.6003201e-05 0.0083096605 0.031384367 0.15636644 1.2699858e-08 0.26664913 0.013652583 8.516276e-06 0.02508118 1.33339e-09 0.24117345 0.44429624 1.0334739e-05 0.32042256 0.0046904734 2.4902528e-07 1.06048624e-07 0.0010474519 0.0064038057 0.00031396654 4.885884e-06 0.037803516 0.089332886 0.00040719527 0.0005554223 0.00011491545 0.0067794817 1.47814435e-05 0.025705468 0.0017848283 0.017382646 0.05160252 0.0013457278 0.08541971
0.600986 0.00086137047 7.799624e-05 0.00832915 6.94296e-05 0.0075448044 0.012704737 0.016843181 0.058809746 0.000118794145 0.087418996 0.053426478 0.011673369 0.0010185248 0.046440464 4.617983e-05 0.00061279244 0.036899075 0.16230965 0.049281396 0.019678768 0.016920589 0.58628 0.08855059 0.2702205 5.6040763e-06 0.06351842 4.5329238e-05 8.872791e-05 0.6283921 3.4390147e-20 3.3100478e-05 0.43767995 0.0002325484 0.5762268 1.669721e-05 1.3600541e-06 0.7317343 3.521225e-06 0.00027274454 0.6371993 0.004938665 0.6504551 0.015648361 0.0021358705 0.00016929279 0.16316095 0.00014293115 0.057443038 8.83763e-06 0.25681463 9.030412e-05 0.0040044594 0.34121475 0.4030842 0.24523488 0.010895283 0.077540874 0.03201897 0.01660043 6.4185624e-05 0.17736556 0.0014765889 0.0070665693 0.1900531 0.051790036 0.016505113 1.1039081e-06 0.008661594 0.041257203 0.035439257 1.5868482e-08 0.22112952 0.0029413516 2.9159024e-05 0.03815374 6.837131e-09 0.20449111 0.22977394 1.5594912e-06 0.2775722 0.003184463 1.9873103e-07 5.6747282e-08 0.0013500346 0.004313012 0.0007667996 4.4978906e-06 0.058947276 0.024181439 0.00035415107 5.816544e-05 8.854549e-05 0.0057235337 4.0856157e-06 0.036113437 0.0016982788 0.026836636 0.0343152 0.0013289775 0.09494395
