1.1786e-41 0.8057456 0.28220513 0.35441494 0.34020975 0.6937947 0.3375008 0.70998406 0.58267915 0.71930355 0.79155916 0.28659862 0.26440194 0.3456191 0.9251032 0.8896045 0.38414982 0.48558173 0.25980803 0.88207495 0.42066425 0.6157825 0.031471353 0.14073223 0.9566752 0.029032856 0.4322723 0.4591673 0.5406556 0.20666118 0.1020714 0.029347552 0.020239493 0.5680851 0.5608509 0.017157055 0.92141426 0.4233139 0.0284405 0.904778 0.010642224 0.96093816 0.00793909 0.825622 0.97038096 0.0032495803 0.38951477 0.031214911 0.003346019 0.004035057 0.0032190902 0.97271466 0.0074413395 0.0018883661 0.85843456 0.0015136615 0.0019402825 0.93538123 0.0013347905 0.0018870233 0.0038277167 0.0020917852 0.00086129614 0.0019077589 0.0010987486 0.0005880651 0.0014800061 0.0020959647 0.9311494 0.7318791 0.00038230483 0.0014260479 0.008290888 0.00018536927 0.0003014484 0.16724361 0.0006133818 0.62641287 7.339265e-05 0.00036166995 0.0009877592 0.00042765183 0.0028968742 7.715648e-05 0.00027955568 1.1768037e-05 0.8037298 0.0004170952 5.518214e-06 0.00012277602 0.9919915 3.7040034e-05 0.004654087 0.84010524 6.2288666e-05 0.00034290898 0.9321467 0.0032169234 0.22154166 3.427867e-06 2.7717162e-05
0.8057456 2.6661894e-18 0.23510513 0.5713467 0.17185374 0.19518133 0.64263976 0.43774807 0.081103675 0.29716173 0.18243805 0.12551264 0.07196974 0.22621332 0.5752932 0.19870907 0.09720111 0.1093584 0.16497017 0.2814759 0.04763652 0.032128006 0.19084494 0.10298773 0.42517477 0.16563043 0.02437599 0.022835184 0.015384767 0.03645185 0.038563594 0.11017228 0.096004225 0.026762692 0.0014569019 0.038779367 0.09870064 0.0030532847 0.013349758 0.19312438 0.0034868494 0.36941758 0.001534472 0.015360114 0.12537329 0.030453635 0.0010992805 0.0016426011 0.037026405 0.024156265 0.028788108 0.0348332 0.0047171516 0.0004209912 0.00080963544 0.00022135899 0.012724222 0.09538302 0.0061005885 0.003980548 0.0010711631 0.009582346 0.0014030436 0.0001841916 0.0014250168 9.8201985e-05 0.0089203 0.0002102447 0.021548064 0.003846958 0.00018050641 0.008133029 0.00016352996 0.0001244571 0.0005514916 0.00055150373 0.0020282662 0.010256657 4.787781e-05 0.00019852752 3.3943717e-05 0.0016404737 3.4940676e-05 1.8170495e-05 0.00043755202 1.6144859e-05 0.03735575 0.0011103763 1.01282585e-05 1.4803012e-05 0.004682161 1.9923375e-05 6.1985855e-05 0.0028498825 0.00035410412 0.00031948948 0.008066086 0.00014283345 9.4667244e-05 1.8533578e-05 4.8792048e-05
0.28220513 0.23510513 3.7313655e-19 0.2271816 0.45888475 0.83050257 0.083210714 0.20230216 0.6956407 0.03144872 0.50563896 0.094468154 0.07208579 0.016631655 0.093729034 0.5597691 0.005381584 0.014458364 0.017547015 0.014829507 0.005009151 0.0032494483 0.04770263 0.05260541 0.11648592 0.045336213 0.0027951633 0.002919205 0.023841558 0.0038887765 0.02724144 0.039408468 0.02273772 0.0025921965 0.005817648 0.0071660937 0.005043309 0.002596006 0.0024989618 0.009113321 0.0011505166 0.04135908 0.00062925223 0.0010781327 0.024418756 0.007935041 0.0007207875 0.0003533879 0.016284622 0.015074455 0.0134224845 0.021446893 0.005139109 0.0002962085 0.0010709838 0.00015453613 0.005609898 0.009533302 0.00337099 0.0037872735 0.0010857655 0.008713292 0.0007210306 4.740914e-05 0.0011389875 3.6881665e-05 0.008034751 0.000122060235 0.003689489 0.00010665857 0.00013803368 0.006068312 0.00033259628 7.513964e-05 0.0007248616 3.0191088e-05 0.0030168584 0.00067482423 2.0114363e-05 0.00063109363 6.6475027e-06 0.001846607 7.950565e-06 2.7077083e-05 0.0016615816 1.969261e-05 0.0011186466 0.0018727679 1.1879182e-05 2.4068447e-06 0.004112188 4.0805597e-05 1.12659845e-05 0.0038913754 0.00044167638 0.0006188987 0.0015649926 2.6186333e-05 0.00030512543 1.9185609e-05 8.3805535e-05
0.35441494 0.5713467 0.2271816 5.6837462e-21 0.6712812 0.15229243 0.59286314 0.14835942 0.18254301 0.087651044 0.13050188 0.40530503 0.30637887 0.08571003 0.25859806 0.12971692 0.023806935 0.030868817 0.12229209 0.06993094 0.00863847 0.0068737576 0.3010567 0.2776357 0.1812768 0.26290628 0.0047780066 0.0045421263 0.019643623 0.0111447675 0.09908846 0.21891384 0.13080962 0.004349831 0.0020159225 0.05466322 0.013889291 0.0019392733 0.01435849 0.029419696 0.0031044653 0.06316995 0.0013930913 0.0018236274 0.02272082 0.06193541 0.00049096684 0.000730601 0.087739825 0.07310439 0.06888252 0.019465141 0.005472203 0.00060638547 0.00045802392 0.000279962 0.029011814 0.015680829 0.013978364 0.006412921 0.0019040692 0.018230762 0.0029677884 0.00024964774 0.002985865 0.00016911159 0.014411965 0.0002029761 0.0035101878 0.00047286387 0.0005230416 0.009094104 0.00018286855 0.00029184995 0.0002517243 6.909386e-05 0.0024511358 0.0013749094 4.2375545e-05 0.0003236927 4.5145065e-05 0.0014821461 3.4440396e-05 0.00011482333 0.00064853963 6.589022e-05 0.0057890625 0.00071914616 2.5661138e-05 1.08612785e-05 0.0010433274 8.400398e-05 2.210058e-05 0.0014825978 0.00018289227 0.00032804464 0.0015606533 4.649287e-05 0.00014672421 3.2269447e-05 1.8670817e-05
0.34020975 0.17185374 0.45888475 0.6712812 2.6024867e-21 0.13082412 0.13212529 0.045759346 0.774254 0.025414413 0.07827394 0.52023077 0.37684628 0.012229042 0.08681771 0.1549409 0.0024011352 0.0061790617 0.019295312 0.01038252 0.0009601377 0.00076616334 0.08186903 0.16399439 0.12553906 0.07920497 0.0005319207 0.00052515406 0.035800464 0.00053495547 0.06788262 0.07077819 0.04076174 0.00040487814 0.0034626143 0.009204075 0.0016999746 0.0020370437 0.001024864 0.004397986 0.00043128862 0.039830167 0.00015007038 7.188606e-05 0.013727045 0.01650867 0.00043010485 0.00010166691 0.03821992 0.037299577 0.03147857 0.019310893 0.0037800765 9.1049544e-05 0.0011458825 4.4320754e-05 0.007841941 0.0032706927 0.0037533308 0.0073774336 0.00085971307 0.011596087 0.0006506801 2.026667e-05 0.0007491128 1.7650758e-05 0.00807989 2.6535694e-05 0.0014029165 1.0925231e-05 0.00011114559 0.005961227 0.0001283221 7.171679e-05 0.00045731073 2.9864557e-06 0.0018053198 0.00014776348 7.86338e-06 0.00018674707 2.505266e-06 0.001285272 8.390949e-07 1.7257475e-05 0.0004550433 6.4194774e-06 0.00034468342 0.0006020195 2.8832683e-06 6.8078333e-07 0.0007884211 2.0210833e-05 6.785762e-07 0.0010820872 0.00011307873 0.00012014151 0.00045053218 1.9253473e-06 0.00042200874 5.6823483e-06 1.4346189e-05
0.6937947 0.19518133 0.83050257 0.15229243 0.13082412 5.2074315e-20 0.080452725 0.62833256 0.25184023 0.062130313 0.8284154 0.043502912 0.031104682 0.020220725 0.2678436 0.6891536 0.006394734 0.017793678 0.015691025 0.02811554 0.006292417 0.0029304025 0.035111953 0.027929947 0.23989776 0.034219235 0.0034143976 0.0038489988 0.011961557 0.004604193 0.013380987 0.02319725 0.0149543 0.0037910244 0.0027309083 0.0055031925 0.007626736 0.0012387669 0.001930652 0.018888617 0.00083288597 0.0808126 0.00034941823 0.0033365611 0.043170027 0.005093372 0.0004308202 0.00037400975 0.0078170085 0.007625983 0.007504049 0.026814273 0.0010846985 0.00018112804 0.00046365816 9.982143e-05 0.0052938275 0.021720314 0.004612719 0.001322177 0.00025244625 0.0058314158 0.0006566117 2.7746042e-05 0.0011911521 4.67138e-05 0.0070624934 5.509746e-05 0.0094042905 0.00034016115 0.00015365308 0.0070421924 6.2352265e-05 0.00013205552 0.0006077428 3.8248516e-05 0.0026790586 0.0029545072 1.3087318e-05 0.00048216686 4.7865824e-06 0.002288491 5.0581657e-06 2.0454278e-05 0.0014184265 1.532041e-05 0.003991704 0.0018740013 1.8454934e-05 1.4061956e-06 0.009039069 2.8621338e-05 6.6726343e-06 0.0073703458 0.00018769373 0.0007583176 0.0047525144 1.8053146e-05 8.5691776e-05 2.1744021e-05 6.626858e-05
0.3375008 0.64263976 0.083210714 0.59286314 0.13212529 0.080452725 4.472984e-20 0.19617727 0.041713305 0.2003728 0.109366596 0.120685704 0.081977844 0.26359355 0.41182372 0.11095505 0.15625675 0.14599012 0.30578545 0.21702161 0.060254812 0.044880923 0.17344615 0.10903648 0.22656924 0.14079781 0.036820162 0.039405327 0.016060561 0.076617464 0.046251945 0.1295412 0.11269465 0.04292067 0.002295281 0.065271415 0.10702464 0.0027150612 0.050285935 0.15109488 0.0077127423 0.1452401 0.0026630613 0.03686004 0.040925056 0.050640922 0.0011018572 0.0060648723 0.054976318 0.034422748 0.044788696 0.021324422 0.0052388255 0.0015929968 0.0012394192 0.00067993504 0.02739228 0.053399976 0.011749372 0.0029854183 0.0013679148 0.00998451 0.0038756367 0.00035680825 0.003189987 0.000120044286 0.009177557 0.00042514768 0.0100541385 0.012842997 0.00033116218 0.007822371 8.848024e-05 0.00019333586 0.000114917755 0.0016755937 0.0016447895 0.0075013656 2.0951202e-05 0.00022034129 5.7200734e-05 0.0008285343 0.00029988855 2.4568506e-05 0.00040991255 1.6734719e-05 0.037949655 0.0007903724 5.902135e-06 1.0376505e-05 0.002720582 1.3215648e-05 0.00021958338 0.0030749424 0.00024915085 0.00018818807 0.0060507874 0.00037837154 5.124874e-05 7.0596075e-06 3.0374362e-05
0.70998406 0.43774807 0.20230216 0.14835942 0.045759346 0.62833256 0.19617727 6.0272006e-17 0.036742073 0.8395817 0.4599492 0.034697223 0.019663798 0.0776064 0.5436429 0.08617039 0.041230083 0.06992919 0.044067305 0.12045808 0.022095352 0.01765364 0.04389347 0.023152117 0.09945323 0.03871433 0.011203864 0.010800484 0.0038810458 0.01933498 0.0073210793 0.025766345 0.025117503 0.014315694 0.0003557069 0.009012088 0.029657453 0.0007799234 0.0037627744 0.048885275 0.0016199782 0.07171853 0.0011392598 0.019742774 0.038763747 0.0064790724 0.0005790653 0.0010416626 0.0087540075 0.00774824 0.008884973 0.010324171 0.0020960178 0.0011259224 0.000300695 0.0008121216 0.008334919 0.059987385 0.006098736 0.0027725531 0.00053097314 0.009027718 0.0012819263 0.00031820295 0.0018382694 0.00029936963 0.010724239 0.00039062314 0.019507084 0.0054134703 0.0006779488 0.00931938 0.0001652305 0.000850207 0.0025371783 0.0009046644 0.004778346 0.01556142 0.00010712882 0.0010503797 8.6133885e-05 0.006093617 0.00016622989 6.987372e-05 0.0024990535 8.0362595e-05 0.030740466 0.0039524427 7.9661586e-05 2.0456875e-05 0.009335204 0.00010734399 0.00030878047 0.0043825908 0.0004943089 0.0019771876 0.011063719 0.0005776781 0.00022095574 0.00012314117 0.0002704195
0.58267915 0.081103675 0.6956407 0.18254301 0.774254 0.25184023 0.041713305 0.036742073 1.9544897e-20 0.01592801 0.14281167 0.28274828 0.24357542 0.005071055 0.083390415 0.5876748 0.0011141043 0.002626205 0.00618819 0.0068569467 0.001039074 0.00066001725 0.042098366 0.07450934 0.33881032 0.039179083 0.00056417997 0.0005643879 0.36760756 0.00040033847 0.10621815 0.03154114 0.014701886 0.00015085154 0.04459785 0.003644581 0.0013376834 0.033939853 0.00016929506 0.0024597992 0.000105836705 0.050336808 5.4625118e-05 1.0901637e-05 0.020381136 0.0075262603 0.0071672797 2.6760043e-05 0.020589985 0.023904469 0.017063638 0.0673091 0.017354729 3.2866355e-05 0.012432803 1.3317116e-05 0.0022169312 0.00049359875 0.0010784967 0.013214163 0.005042907 0.016877357 0.000107953594 6.6755947e-06 0.00013637911 1.1333963e-05 0.011929028 1.8610586e-05 0.0007642437 2.3257326e-06 3.8946106e-05 0.0059309117 0.0011002349 3.2460815e-05 0.0029913476 7.419202e-07 0.00073680363 1.9508992e-05 5.100906e-06 5.906029e-05 9.733179e-07 0.0017602389 2.666019e-07 6.513236e-06 0.00018481906 6.222071e-06 3.875077e-06 0.0004751313 2.5532822e-06 4.372848e-07 0.0019245426 1.1179197e-05 3.6853604e-07 0.0028730452 0.0008269831 6.414768e-05 0.000204114 2.2991278e-06 0.002152726 4.143449e-06 0.00028432085
0.71930355 0.29716173 0.03144872 0.087651044 0.025414413 0.062130313 0.2003728 0.8395817 0.01592801 2.4236723e-16 0.060751952 0.019738203 0.011189881 0.14075214 0.43809983 0.045531366 0.0990625 0.13778624 0.07641866 0.8341369 0.058062702 0.047460113 0.04568045 0.016818944 0.05883924 0.03843887 0.03421968 0.032367673 0.0026555706 0.034170844 0.005453606 0.027071627 0.029206572 0.04187906 0.00020660985 0.0118618 0.074373774 0.00039156192 0.0051140827 0.091311075 0.0019143594 0.06146616 0.0011625264 0.050858814 0.036068328 0.0060783233 0.00035476324 0.0017191418 0.007834155 0.0068730954 0.008552143 0.009144428 0.0023458085 0.0011862582 0.00015529286 0.00080507156 0.0064543765 0.07406107 0.00525389 0.0026636152 0.00048421352 0.008819239 0.0010045995 0.00024714266 0.0017367204 0.00031251652 0.010706913 0.00032141205 0.022632547 0.018200822 0.0005404675 0.009381556 6.841163e-05 0.00062418036 0.0034395924 0.0031650933 0.0041299067 0.021058394 8.2919265e-05 0.0011272306 7.071275e-05 0.0056812945 0.00019664827 5.7398225e-05 0.00272384 7.2179806e-05 0.05251531 0.003987568 7.524519e-05 2.5149933e-05 0.010920082 8.532221e-05 0.00041276895 0.005276086 0.00028813691 0.0019600925 0.013942423 0.00089533726 0.000114334456 0.00011817505 0.00012924802
0.79155916 0.18243805 0.50563896 0.13050188 0.07827394 0.8284154 0.109366596 0.4599492 0.14281167 0.060751952 1.909936e-19 0.046503786 0.03155723 0.034086276 0.5208251 0.6954316 0.010349749 0.026498305 0.022705264 0.03246086 0.006693269 0.003939131 0.036163453 0.025444048 0.27209795 0.032441538 0.0034199194 0.0035622653 0.0112819895 0.007656784 0.008988677 0.02315089 0.017196583 0.0044844677 0.0021780748 0.005547383 0.009588471 0.0012291896 0.0021055741 0.016846016 0.0010066745 0.051717088 0.00062740664 0.005716328 0.027378196 0.0035963105 0.0005640159 0.00050826726 0.0047110664 0.0042592976 0.005641436 0.018841581 0.00077630806 0.00023240561 0.00035208673 0.00011019529 0.003925814 0.02306676 0.0035676146 0.0014556858 0.00013771823 0.0050097913 0.00040178132 1.6898026e-05 0.0008827038 4.6457902e-05 0.0063285595 2.2999995e-05 0.0118550835 0.00050643564 0.00020450057 0.004963359 5.5562334e-05 0.00017828165 0.0011653247 0.000107850385 0.0015327833 0.0064195236 1.0055029e-05 0.0005592863 3.3781007e-06 0.003465186 9.121341e-06 3.2852946e-05 0.0011846732 1.7402997e-05 0.0058085285 0.0017202486 1.8670567e-05 1.7924008e-06 0.01465822 4.3876695e-05 2.0431158e-05 0.012304105 0.00013679513 0.00091512664 0.009774285 4.176391e-05 6.1263876e-05 3.8431117e-05 4.9479087e-05
0.28659862 0.12551264 0.094468154 0.40530503 0.52023077 0.043502912 0.120685704 0.034697223 0.28274828 0.019738203 0.046503786 1.6569751e-22 0.6944329 0.011682736 0.06887901 0.07916413 0.0027726323 0.0055542197 0.034958586 0.008232179 0.001438457 0.0006096099 0.19015473 0.4178921 0.08750954 0.19176747 0.0007062331 0.00059405295 0.13326208 0.0002989488 0.24380638 0.16909702 0.07070948 0.00012806426 0.0037148956 0.027620403 0.0006233175 0.0024758498 0.0012521094 0.0017519492 0.00019096595 0.006945878 5.133674e-05 1.910919e-05 0.0024869735 0.043707736 0.00045119371 7.820353e-05 0.06758751 0.061173636 0.058724217 0.013101368 0.008075122 5.8217385e-05 0.001113228 3.2855263e-05 0.025233667 0.0012977283 0.0145595325 0.015324889 0.0014407889 0.025139961 0.0014122238 1.6245298e-05 0.00289283 1.23521e-05 0.023087313 1.2811087e-05 0.00032948412 5.349631e-06 0.00011087743 0.017182527 0.00012471553 0.00012045782 0.0005836988 3.6002774e-07 0.0025315515 0.00016805723 3.7457658e-06 0.00013789618 5.1309066e-06 0.0030294156 2.240844e-07 5.14169e-05 0.00019269895 8.77446e-06 0.00025979962 0.00033878602 1.6067223e-06 6.5498836e-07 0.0006697908 2.2232529e-05 1.5663109e-07 0.0011983851 0.00015177335 5.4053737e-05 0.0005331596 3.1507437e-07 0.00014149758 1.6773107e-06 9.170464e-06
0.26440194 0.07196974 0.07208579 0.30637887 0.37684628 0.031104682 0.081977844 0.019663798 0.24357542 0.011189881 0.03155723 0.6944329 5.4059887e-23 0.0080941385 0.03298871 0.0599563 0.0015286609 0.0024351988 0.03221386 0.0042607905 0.0006893846 0.0003879192 0.26616067 0.59268177 0.056019098 0.2662593 0.0004523697 0.0004064775 0.26846868 0.00010585721 0.406152 0.22003345 0.08742337 7.685413e-05 0.0053808503 0.026260633 0.0002248925 0.0029785605 0.0009202289 0.0006855956 0.00016102582 0.0036966898 4.0855397e-05 1.1044794e-05 0.0014057545 0.055933177 0.00055652804 5.2429907e-05 0.09201916 0.08031774 0.07674206 0.008869383 0.016562376 6.916644e-05 0.0010720487 4.0548366e-05 0.029953321 0.0004978723 0.015943633 0.027248593 0.002514051 0.04168335 0.002094648 1.7357981e-05 0.003740069 1.005688e-05 0.03783208 1.1424567e-05 0.0001839574 3.0750564e-06 0.00013475849 0.022122256 0.00019540117 9.272217e-05 0.0009753437 1.1857123e-07 0.0035216669 6.287402e-05 2.8557222e-06 0.00026729092 4.1324824e-06 0.0068794335 1.1471774e-07 8.743666e-05 0.00036540223 1.1221143e-05 0.00013443129 0.0009758628 2.5205002e-06 8.1031277e-07 0.0007212915 2.9696897e-05 1.04759756e-07 0.0010148316 0.00023488112 0.00011142589 0.00056953944 1.7841285e-07 0.0002508302 2.098913e-06 1.7455191e-05
0.3456191 0.22621332 0.016631655 0.08571003 0.012229042 0.020220725 0.26359355 0.0776064 0.005071055 0.14075214 0.034086276 0.011682736 0.0080941385 7.571964e-22 0.18823749 0.030247476 0.7128464 0.1971916 0.62870896 0.14218241 0.12872945 0.076680504 0.08853698 0.043809135 0.046833422 0.083775364 0.076793656 0.07665474 0.0010660456 0.26064745 0.014142758 0.105092525 0.10796682 0.06160803 5.2292733e-05 0.1282646 0.061267648 0.00012198529 0.118064165 0.069466904 0.014220579 0.030661121 0.005681398 0.038428307 0.00856707 0.057373982 6.473168e-05 0.014987974 0.05363169 0.03197833 0.04966371 0.007165619 0.0008474377 0.0023376914 3.0774725e-05 0.0013653097 0.053086743 0.020257654 0.03119449 0.0006356025 0.0006931231 0.006051255 0.014583059 0.00056023465 0.014516289 0.00030438663 0.009014688 0.0006369235 0.003552784 0.028294934 0.0021835342 0.011931815 8.856598e-06 0.0015441417 0.00010517656 0.004257411 0.003922019 0.0025102429 4.741212e-05 0.0008512244 0.00015455368 0.0018313576 0.0003085273 0.0004782766 0.0009051477 0.00013454135 0.03723683 0.0012317653 2.9558276e-05 4.9528848e-05 0.00096948736 0.0001796986 0.00030407534 0.00076695316 5.9119848e-05 0.00037316428 0.0020608348 0.0004736772 2.8014962e-05 2.7568978e-05 4.612849e-06
0.9251032 0.5752932 0.093729034 0.25859806 0.08681771 0.2678436 0.41182372 0.5436429 0.083390415 0.43809983 0.5208251 0.06887901 0.03298871 0.18823749 9.468853e-17 0.27142507 0.08310308 0.12940896 0.072721474 0.49106538 0.04249411 0.03345171 0.06435323 0.03098752 0.45492733 0.0562861 0.015806 0.013656176 0.008914262 0.020739168 0.00905706 0.030971553 0.027533676 0.017382026 0.0009768332 0.00958618 0.04607 0.0011028916 0.002940367 0.06551282 0.0012212149 0.16364656 0.00055628264 0.026765954 0.077578 0.0043826494 0.0010448667 0.0004982561 0.005597329 0.005633632 0.006675729 0.04207475 0.001431942 0.0002764748 0.00074593653 0.0001703039 0.0059461775 0.09551867 0.004438929 0.002041688 0.00034423024 0.00406026 0.00043045735 4.1433963e-05 0.00060449104 8.791207e-05 0.0054542194 3.0378906e-05 0.043595433 0.004165447 0.00024004816 0.0049334723 0.00010985793 0.00044068907 0.0023054546 0.0004885356 0.0016470993 0.059017207 4.4987333e-05 0.00031557135 2.1262413e-05 0.0058710705 5.754116e-05 3.5389952e-05 0.0018039335 2.8611403e-05 0.04696131 0.0029299667 4.776785e-05 2.2091242e-05 0.05883029 5.806086e-05 0.00017548451 0.048790995 0.00025999342 0.0014100724 0.04078994 0.0004106699 0.00017994572 7.320119e-05 9.6531905e-05
0.8896045 0.19870907 0.5597691 0.12971692 0.1549409 0.6891536 0.11095505 0.08617039 0.5876748 0.045531366 0.6954316 0.07916413 0.0599563 0.030247476 0.27142507 1.9079627e-19 0.008063756 0.019398183 0.012587114 0.031423233 0.005247689 0.0031589912 0.03563473 0.03529984 0.7995593 0.031145815 0.0024725443 0.0024445246 0.033225987 0.0027543542 0.015266913 0.019353436 0.012603056 0.001657534 0.008076119 0.0033236844 0.0069530355 0.0056091486 0.00040179075 0.010383906 0.0002902055 0.054087225 0.00019359434 0.0012978612 0.027051268 0.0036573575 0.002773944 0.00013978416 0.005569998 0.0053536124 0.005842816 0.06664144 0.00201208 8.9959525e-05 0.0024340693 4.666941e-05 0.0032646002 0.0122432085 0.0022810043 0.0020134123 0.00040114849 0.0054328186 0.00025726357 6.571648e-06 0.00043711867 1.6128732e-05 0.005951332 9.95981e-06 0.0116391415 3.951926e-05 8.535998e-05 0.0033824868 0.00031049643 0.0001099074 0.0011396062 7.4558266e-06 0.0008812815 0.0044108033 1.3432884e-05 0.00033713676 1.75993e-06 0.003081962 6.228994e-06 4.451659e-05 0.00094814703 2.3074055e-05 0.0018569388 0.0007209914 2.4322835e-05 2.4181254e-06 0.025099343 7.0444585e-05 9.3565095e-06 0.03691117 0.00024285229 0.00053312303 0.011038557 2.0711796e-05 0.0003678273 8.309017e-05 0.000110931265
0.38414982 0.09720111 0.005381584 0.023806935 0.0024011352 0.006394734 0.15625675 0.041230083 0.0011141043 0.0990625 0.010349749 0.0027726323 0.0015286609 0.7128464 0.08310308 0.008063756 6.932747e-23 0.32951233 0.6244573 0.12610434 0.19127358 0.11943476 0.044177078 0.012527615 0.017113589 0.045758408 0.1260703 0.12328836 5.1036677e-05 0.4810976 0.0022826744 0.064044945 0.09537852 0.09779521 5.2963846e-06 0.13418125 0.06704686 1.7685403e-05 0.17833392 0.06516297 0.017378347 0.015671143 0.006155946 0.035276387 0.005224264 0.036439527 1.1742398e-05 0.020721765 0.025032163 0.013092237 0.025670772 0.0030397007 0.00018219888 0.002002354 2.8833151e-06 0.0010368805 0.0353402 0.019334976 0.024600588 0.00021869205 0.00019237286 0.0019505757 0.0135030765 0.00047932155 0.013330173 0.00016132416 0.0038793958 0.0006294764 0.0029019192 0.037012763 0.0013629303 0.0065807295 1.0150086e-06 0.0005307965 6.340669e-05 0.007051429 0.0031308497 0.0028506666 3.1169424e-05 0.00064102304 0.00010770156 0.0012595479 0.00026525767 0.00016422494 0.0006727994 4.5686716e-05 0.042596288 0.0011245795 1.4546741e-05 4.8700975e-05 0.00070232473 8.293548e-05 0.00035330653 0.000369218 1.6177828e-05 0.0002993562 0.0021646211 0.00042743896 6.6222487e-06 1.3153008e-05 1.219775e-06
0.48558173 0.1093584 0.014458364 0.030868817 0.0061790617 0.017793678 0.14599012 0.06992919 0.002626205 0.13778624 0.026498305 0.0055542197 0.0024351988 0.1971916 0.12940896 0.019398183 0.32951233 4.3289363e-20 0.20031868 0.18763962 0.38146687 0.3019941 0.038335178 0.008032326 0.02479462 0.033364967 0.2812757 0.2763699 5.6352117e-05 0.28270572 0.0012565335 0.032698218 0.05665422 0.2194192 1.8225963e-05 0.052078277 0.27151394 7.5822004e-06 0.08918822 0.23178586 0.021357194 0.07354456 0.010477477 0.14063899 0.02160643 0.021795621 1.0485593e-05 0.03300469 0.012825005 0.0075771697 0.012045804 0.0045089545 0.0009684889 0.005356252 1.4313719e-05 0.003112603 0.02573286 0.10353894 0.009143494 0.0004311015 0.0002673006 0.0044317483 0.0046192636 0.0018996509 0.0025703744 0.0005487177 0.006304849 0.0044377055 0.008837222 0.10274191 0.0010736053 0.0072709164 3.6954664e-06 0.00061205303 0.0002757223 0.017859759 0.0026649656 0.010129457 0.000117875315 0.0007066535 0.00048375427 0.0028981303 0.0024789993 0.00014299237 0.0012386459 7.4311414e-05 0.10230929 0.0029777694 4.9353966e-05 0.00013787804 0.0011634587 0.0001166014 0.0017279331 0.00058046496 1.6338909e-05 0.0008282242 0.004778861 0.0020869893 1.31560555e-05 0.00012699145 2.0504951e-06
0.25980803 0.16497017 0.017547015 0.12229209 0.019295312 0.015691025 0.30578545 0.044067305 0.00618819 0.07641866 0.022705264 0.034958586 0.03221386 0.62870896 0.072721474 0.012587114 0.6244573 0.20031868 2.7065682e-23 0.06674098 0.1118191 0.055298418 0.306866 0.12140227 0.02013975 0.28773874 0.059133478 0.055748053 0.0015169593 0.35801247 0.04062988 0.31771708 0.39535904 0.04218735 6.758882e-05 0.4190247 0.022098357 0.000205028 0.32797962 0.02965651 0.049281973 0.005370423 0.02054179 0.008641776 0.0018176328 0.1500063 0.0001226557 0.023458358 0.1214558 0.06686776 0.11115668 0.004511617 0.0005058704 0.004783537 3.187477e-05 0.0020257214 0.12542494 0.004239305 0.08131683 0.00055382965 0.00056486635 0.005632257 0.042479817 0.00042451549 0.0391432 0.0001796945 0.01041037 0.00068303087 0.0011502346 0.0046018534 0.0043867244 0.018068777 2.049189e-06 0.0024845009 1.6537104e-05 0.0012349599 0.011455062 0.00053200766 2.2840168e-05 0.0035942588 3.3778862e-05 0.0014385228 0.00012551268 0.0006946888 0.002820429 0.00017690692 0.00873627 0.005788632 8.6848355e-05 1.6779244e-05 0.0007402996 0.00022085314 8.394519e-05 0.00041787775 2.1404341e-05 0.002361548 0.00078079046 8.222787e-05 2.3977918e-05 4.027619e-05 1.1930141e-06
0.88207495 0.2814759 0.014829507 0.06993094 0.01038252 0.02811554 0.21702161 0.12045808 0.0068569467 0.8341369 0.03246086 0.008232179 0.0042607905 0.14218241 0.49106538 0.031423233 0.12610434 0.18763962 0.06674098 1.0486343e-16 0.09948598 0.13141039 0.025345888 0.00722596 0.042319413 0.018602626 0.054066885 0.054746404 0.0012759973 0.054846454 0.0020363359 0.01296978 0.01794812 0.08149471 7.7068e-05 0.010607429 0.20929901 5.8072765e-05 0.004763202 0.20637819 0.0016682401 0.107882924 0.00096746377 0.12337269 0.052279513 0.0042773033 7.954983e-05 0.0014501876 0.0042827893 0.0043578576 0.0056440644 0.0061096945 0.0013844414 0.0007627594 4.8059286e-05 0.0005142772 0.0060003023 0.088211276 0.0044895257 0.0009687854 0.00012938751 0.004399146 0.0007542074 0.00015598572 0.001444472 0.00035165218 0.0061176647 0.00011224938 0.04781218 0.045359947 0.00027742327 0.007858347 2.052431e-05 0.00047176192 0.0023653186 0.006628783 0.0028528247 0.052891083 0.000100385914 0.00068092166 5.3712727e-05 0.0062552495 0.00014008042 3.5823858e-05 0.0024684963 4.441253e-05 0.12150828 0.0037271688 8.4470725e-05 8.3606996e-05 0.042440288 6.6696295e-05 0.0004858716 0.01807592 6.517737e-05 0.0015408745 0.045351014 0.0011751704 3.383719e-05 9.152785e-05 3.8621583e-05
0.42066425 0.04763652 0.005009151 0.00863847 0.0009601377 0.006292417 0.060254812 0.022095352 0.001039074 0.058062702 0.006693269 0.001438457 0.0006893846 0.12872945 0.04249411 0.005247689 0.19127358 0.38146687 0.1118191 0.09948598 1.978765e-21 0.69729567 0.024287255 0.0047704214 0.0059187245 0.020982359 0.5730417 0.518378 1.8513316e-05 0.20554562 0.0007933406 0.01967181 0.03376236 0.3161088 7.742644e-06 0.028977912 0.19490996 4.3128266e-06 0.04784738 0.14506401 0.009946233 0.028811198 0.005568609 0.14322884 0.00950414 0.012031643 3.8531903e-06 0.014786803 0.0114322025 0.010043931 0.012700897 0.0009845878 0.0016761426 0.0021575796 1.1597988e-06 0.0013898592 0.016203824 0.05743917 0.009431347 0.0015123233 0.0006106983 0.010708256 0.002329734 0.00072723866 0.0022579962 0.00041762658 0.014853469 0.0009178261 0.003931248 0.06049609 0.0010180568 0.016114973 8.955759e-06 0.00062813406 0.0011845375 0.00973948 0.008972739 0.0038172395 0.0001653948 0.00147721 0.00022168287 0.013787606 0.001382738 0.00025983926 0.0039205886 0.0001353112 0.055677623 0.009368972 7.351545e-05 0.000121236546 0.0005233253 0.00035161176 0.001448987 0.00021610897 6.37894e-05 0.0040720655 0.0021629361 0.0014019589 9.465592e-06 0.0003689413 7.344717e-06
0.6157825 0.032128006 0.0032494483 0.0068737576 0.00076616334 0.0029304025 0.044880923 0.01765364 0.00066001725 0.047460113 0.003939131 0.0006096099 0.0003879192 0.076680504 0.03345171 0.0031589912 0.11943476 0.3019941 0.055298418 0.13141039 0.69729567 1.620298e-20 0.010658414 0.0019539688 0.0059523764 0.009396639 0.7308087 0.67914206 5.0601634e-06 0.117832996 0.00033007472 0.010729021 0.0152149135 0.44941577 2.5247896e-06 0.015297022 0.30210337 1.9796332e-06 0.018665561 0.21558961 0.0035022544 0.036606822 0.0016048603 0.19746685 0.014702265 0.005821497 1.164267e-06 0.0069314195 0.0069583 0.005882706 0.007855897 0.00075266964 0.0007425152 0.00057804014 5.322241e-07 0.00044307768 0.008800273 0.07206364 0.007810306 0.00059735985 0.00022364984 0.006634415 0.0011183644 0.0002834007 0.001440659 0.00033907255 0.012860382 0.00036468092 0.0057977396 0.07077755 0.00045238185 0.01893592 2.332665e-06 0.0003011832 0.00064303074 0.011312863 0.0062388782 0.007627456 9.413743e-05 0.000823256 7.760242e-05 0.013039889 0.0007633376 0.000118123105 0.0017039498 8.9847286e-05 0.07167427 0.0064773955 3.9329167e-05 6.8103334e-05 0.00078484375 0.0001705342 0.00072322367 0.0002164625 2.6852971e-05 0.0015085752 0.0029113537 0.00082569494 4.352962e-06 9.548947e-05 3.3066137e-06
0.031471353 0.19084494 0.04770263 0.3010567 0.08186903 0.035111953 0.17344615 0.04389347 0.042098366 0.04568045 0.036163453 0.19015473 0.26616067 0.08853698 0.06435323 0.03563473 0.044177078 0.038335178 0.306866 0.025345888 0.024287255 0.010658414 9.7657664e-26 0.612818 0.033367213 0.6245358 0.012350682 0.011255456 0.026471458 0.01296037 0.2670337 0.5699563 0.45880193 0.007837048 0.0016505152 0.25776637 0.0047345753 0.00176372 0.018213853 0.0056417054 0.002945589 0.0010094837 0.00072709576 0.00051540474 0.0001988337 0.11979948 0.0007421212 0.0005070588 0.13393804 0.10450365 0.113295205 0.0043204795 0.0030192183 0.00028259537 0.00047659347 0.00014480574 0.08262019 0.00033188055 0.060464513 0.0070040813 0.0016006727 0.03029974 0.010184209 3.3327335e-05 0.017110577 3.5304634e-05 0.030383946 1.6030055e-05 8.976807e-05 0.00013228871 0.00078593206 0.034540236 1.7622622e-05 0.0004744419 0.0002665662 7.1965255e-06 0.016719025 0.00012829261 4.3318705e-06 0.0015640855 4.674489e-06 0.0037885916 1.2793719e-06 0.00021893119 0.0019682387 3.9295574e-05 0.00066214224 0.0089548845 6.8894783e-06 1.8828159e-06 0.00042659685 9.724097e-05 1.1975042e-06 0.00037067896 2.8546645e-05 0.0019597656 0.00046496335 1.9189094e-06 3.311456e-05 9.143349e-06 1.5832643e-06
0.14073223 0.10298773 0.05260541 0.2776357 0.16399439 0.027929947 0.10903648 0.023152117 0.07450934 0.016818944 0.025444048 0.4178921 0.59268177 0.043809135 0.03098752 0.03529984 0.012527615 0.008032326 0.12140227 0.00722596 0.0047704214 0.0019539688 0.612818 1.0897379e-23 0.02979425 0.632625 0.0034116274 0.002631648 0.2191507 0.0024493786 0.61401004 0.6349116 0.40702254 0.0014781993 0.0068845167 0.13457468 0.0015205201 0.0039346125 0.0074271066 0.0017248675 0.0006718018 0.0018537786 0.00014716777 6.915549e-05 0.00047777462 0.17739527 0.0010424382 0.00016115933 0.315386 0.29219195 0.27507538 0.005639112 0.026351063 8.739372e-05 0.0016209958 5.104203e-05 0.07197834 0.00017857025 0.047346152 0.060209215 0.0056515597 0.1012859 0.0051652123 1.48344425e-05 0.008829034 1.8643452e-05 0.09060381 1.4048947e-05 0.00011093835 8.53636e-06 0.00039947426 0.0680746 0.00030305222 0.00011118588 0.0019115818 4.8998425e-07 0.020552013 2.7901775e-05 3.070028e-06 0.001135778 2.3969997e-06 0.022598403 1.9332063e-07 8.7550885e-05 0.0020796133 2.1942478e-05 0.00012097831 0.012953999 4.4743774e-06 2.007568e-06 0.00037169456 3.6230274e-05 3.915174e-07 0.0004441084 0.00024226752 0.0023061421 0.0003396538 3.6993188e-07 0.00071903336 3.5994346e-06 1.4765241e-05
0.9566752 0.42517477 0.11648592 0.1812768 0.12553906 0.23989776 0.22656924 0.09945323 0.33881032 0.05883924 0.27209795 0.08750954 0.056019098 0.046833422 0.45492733 0.7995593 0.017113589 0.02479462 0.02013975 0.042319413 0.0059187245 0.0059523764 0.033367213 0.02979425 4.4343673e-20 0.028484127 0.0032368216 0.0035197595 0.087248355 0.0024536476 0.014803854 0.015905892 0.011533382 0.005441818 0.034536753 0.0046043955 0.015299605 0.02198772 9.9527795e-05 0.019414816 0.00012970032 0.07343038 9.156077e-05 0.0053285384 0.035050448 0.00323672 0.005777654 7.233692e-05 0.0056352764 0.006907281 0.0059878984 0.14926045 0.0023257392 3.089199e-05 0.010284773 2.392846e-05 0.0044323127 0.024387667 0.004338432 0.0015910172 0.0010271325 0.004827583 0.0003333368 6.084671e-06 0.0007410003 3.5041583e-05 0.006055885 4.2967004e-06 0.03195414 0.00026170592 0.00018616545 0.004748697 0.001578592 0.00024327672 0.0019480846 4.853647e-05 0.0022149826 0.012309526 2.3449873e-05 0.0008223414 3.8107664e-06 0.003284175 6.210132e-06 2.4734954e-05 0.0020830403 2.0683035e-05 0.005399891 0.0021602921 1.9669356e-05 9.132039e-06 0.08308921 3.8570422e-05 1.25059905e-05 0.08250063 0.00091739907 0.0012809132 0.03188354 2.8160384e-05 0.0013667771 6.488942e-05 0.00023028605
0.029032856 0.16563043 0.045336213 0.26290628 0.07920497 0.034219235 0.14079781 0.03871433 0.039179083 0.03843887 0.032441538 0.19176747 0.2662593 0.083775364 0.0562861 0.031145815 0.045758408 0.033364967 0.28773874 0.018602626 0.020982359 0.009396639 0.6245358 0.632625 0.028484127 2.2883913e-25 0.011510582 0.010096083 0.028898329 0.011994324 0.27535883 0.5967527 0.47894114 0.0066711884 0.00193792 0.28188398 0.0036697905 0.0018421444 0.021951698 0.004873127 0.003386245 0.0010369911 0.0008404357 0.00032678945 0.00019210318 0.1317025 0.0007626976 0.00066165114 0.15004049 0.11932768 0.12819985 0.004166903 0.003945479 0.00030074807 0.0003872572 0.00015417564 0.091406174 0.00028099847 0.06928978 0.008837041 0.001624278 0.037186854 0.013013863 3.2262433e-05 0.019688923 4.888548e-05 0.03861797 1.5587693e-05 9.5437485e-05 6.6805595e-05 0.0010726663 0.04481512 2.10237e-05 0.000622653 0.00030999962 6.0369043e-06 0.023488518 9.244342e-05 6.056066e-06 0.002198432 4.946373e-06 0.006018022 1.3543784e-06 0.0003137262 0.00302084 5.7387442e-05 0.0004554204 0.01403761 8.961953e-06 2.0601547e-06 0.00042147262 0.00016551866 1.144491e-06 0.00027880855 2.8368368e-05 0.0033408883 0.0004129875 1.7008786e-06 5.0434963e-05 1.9896182e-05 1.7433521e-06
0.4322723 0.02437599 0.0027951633 0.0047780066 0.0005319207 0.0034143976 0.036820162 0.011203864 0.00056417997 0.03421968 0.0034199194 0.0007062331 0.0004523697 0.076793656 0.015806 0.0024725443 0.1260703 0.2812757 0.059133478 0.054066885 0.5730417 0.7308087 0.012350682 0.0034116274 0.0032368216 0.011510582 6.798633e-22 0.68352 1.93876e-05 0.1699872 0.00088023033 0.012134853 0.019738857 0.5413458 3.709909e-06 0.0170065 0.13937055 2.138109e-06 0.029276976 0.09369356 0.0066671334 0.010123784 0.0032905766 0.15431017 0.005357808 0.007198602 1.0095938e-06 0.014355436 0.00872999 0.00819196 0.010209575 0.0004681728 0.001078144 0.0016118416 2.9223634e-07 0.0009913476 0.01099787 0.039673854 0.00822038 0.0015736986 0.00037644163 0.011160817 0.0019379985 0.0004948912 0.0021559466 0.00021963741 0.015211751 0.00067325676 0.0026960734 0.06631004 0.000581582 0.022807777 2.9973298e-06 0.00028143806 0.0016981097 0.0141028855 0.011013048 0.003616612 0.00014634411 0.001522103 0.000115382274 0.01989631 0.0010584071 0.00014893277 0.0026457945 5.843008e-05 0.04611723 0.009104095 3.3407243e-05 0.00010652468 0.00045755284 0.00018737288 0.0015862356 0.0001035983 8.402289e-05 0.0023067887 0.0017833014 0.0014825215 2.711283e-06 0.00018512407 2.8645295e-06
0.4591673 0.022835184 0.002919205 0.0045421263 0.00052515406 0.0038489988 0.039405327 0.010800484 0.0005643879 0.032367673 0.0035622653 0.00059405295 0.0004064775 0.07665474 0.013656176 0.0024445246 0.12328836 0.2763699 0.055748053 0.054746404 0.518378 0.67914206 0.011255456 0.002631648 0.0035197595 0.010096083 0.68352 4.3380736e-22 1.9526024e-05 0.19529815 0.0006976994 0.010607525 0.01736131 0.6979234 2.7336193e-06 0.016766127 0.1685503 1.6555907e-06 0.03530982 0.11184944 0.007360462 0.011937238 0.0036894998 0.18831407 0.006505737 0.005969322 9.0376585e-07 0.019225556 0.006017569 0.0050369324 0.0071343346 0.00046030097 0.00066333293 0.001920183 2.1445345e-07 0.0011197994 0.009792942 0.047903445 0.006695606 0.0009811632 0.00023552602 0.008334732 0.0016859509 0.00056166505 0.0018417044 0.00022126465 0.01263744 0.0011681999 0.0032526653 0.08415977 0.00041999546 0.018083517 1.8010196e-06 0.00021000825 0.0012791139 0.02119219 0.009216702 0.0043651965 0.00015330617 0.0012012811 0.00014054957 0.015913457 0.001373117 0.00010816238 0.0021623876 4.0877265e-05 0.058247697 0.0086772395 2.657918e-05 0.000118125696 0.00055044045 0.00014156927 0.0023469955 0.00010884637 4.6959158e-05 0.0029831058 0.0021953147 0.0020011158 2.066402e-06 0.00015482838 1.6376966e-06
0.5406556 0.015384767 0.023841558 0.019643623 0.035800464 0.011961557 0.016060561 0.0038810458 0.36760756 0.0026555706 0.0112819895 0.13326208 0.26846868 0.0010660456 0.008914262 0.033225987 5.1036677e-05 5.6352117e-05 0.0015169593 0.0012759973 1.8513316e-05 5.0601634e-06 0.026471458 0.2191507 0.087248355 0.028898329 1.93876e-05 1.9526024e-05 3.947991e-23 2.3137945e-06 0.66999435 0.03044535 0.004932555 3.5495327e-06 0.5883609 0.0011295932 9.002995e-06 0.35849696 2.8894174e-06 1.9250601e-05 6.8586473e-06 0.00083360384 4.211534e-06 3.097852e-07 0.0003512734 0.017305363 0.026859997 2.6989308e-06 0.07351367 0.1379828 0.0735298 0.0808684 0.4525718 1.0684298e-05 0.034701258 6.4615997e-06 0.0025635005 3.5103678e-06 0.0006375297 0.2891164 0.31197777 0.18687128 1.8151288e-05 1.9265851e-06 2.689467e-05 2.6429886e-06 0.120070964 1.1945306e-06 3.1002637e-05 2.9291354e-07 1.666738e-05 0.043618366 0.013482784 1.589589e-05 0.10907288 7.1119366e-08 0.0012481584 2.1531898e-06 2.5583959e-06 2.3319608e-05 5.616782e-07 0.021629276 4.3284672e-08 1.0477895e-05 3.507519e-05 3.1991815e-06 1.6894459e-06 0.0003529191 2.047777e-06 6.9810767e-07 0.00029375937 7.386849e-06 4.1728136e-08 0.0007978471 0.029707933 1.0507194e-05 0.00021787977 1.1962422e-07 0.00789758 2.3522698e-06 0.004100967
0.20666118 0.03645185 0.0038887765 0.0111447675 0.00053495547 0.004604193 0.076617464 0.01933498 0.00040033847 0.034170844 0.007656784 0.0002989488 0.00010585721 0.26064745 0.020739168 0.0027543542 0.4810976 0.28270572 0.35801247 0.054846454 0.20554562 0.117832996 0.01296037 0.0024493786 0.0024536476 0.011994324 0.1699872 0.19529815 2.3137945e-06 6.5273163e-22 0.00012733125 0.019641476 0.032295406 0.24063544 1.3492557e-07 0.07384695 0.079724535 1.7358094e-07 0.4683863 0.07300892 0.19061737 0.0074944086 0.1091798 0.07109103 0.0025830877 0.018484948 2.199255e-07 0.3224483 0.004071089 0.0012973823 0.003670249 0.002012655 3.213996e-05 0.02763873 5.6145325e-07 0.017204653 0.041792613 0.035354134 0.038921446 2.3100763e-05 3.6389076e-05 0.00026769628 0.03292279 0.0064991415 0.02822738 0.0033051162 0.00067916804 0.0135583505 0.0038114665 0.1329508 0.0074993703 0.0013072543 8.4999165e-08 0.006714258 4.8083057e-06 0.053044148 0.0015787953 0.007990541 0.00028837856 0.0016814428 0.0018154873 0.00010595174 0.0042876075 0.00043164927 0.0013660371 0.00014900182 0.107638605 0.0013846144 0.00012764543 0.00044288038 0.001342739 0.00015561441 0.004372934 0.00035011352 3.886448e-07 0.0010655329 0.0027881905 0.0048922235 5.897051e-07 4.2708023e-05 1.5864396e-08
0.1020714 0.038563594 0.02724144 0.09908846 0.06788262 0.013380987 0.046251945 0.0073210793 0.10621815 0.005453606 0.008988677 0.24380638 0.406152 0.014142758 0.00905706 0.015266913 0.0022826744 0.0012565335 0.04062988 0.0020363359 0.0007933406 0.00033007472 0.2670337 0.61401004 0.014803854 0.27535883 0.00088023033 0.0006976994 0.66999435 0.00012733125 2.206385e-22 0.356067 0.10141353 0.0002104365 0.06469867 0.038990837 0.00021182661 0.021364385 0.00081440835 0.00018397145 0.0002846437 0.0005963936 0.000117865085 2.2388427e-05 0.0001329413 0.1489528 0.002364058 9.262884e-05 0.35809 0.40400434 0.31761548 0.011437497 0.2938046 0.00027408975 0.0038853607 0.00021456937 0.05215345 2.0811527e-05 0.026968254 0.32292846 0.07611606 0.2691919 0.0020575207 0.00011707273 0.0042975494 0.00013336504 0.21566035 0.00016412475 0.00010554954 1.09855155e-05 0.00039650354 0.12506218 0.0035167048 0.00030367423 0.063029565 6.701451e-07 0.021111818 6.049047e-06 0.00011517549 0.0010279571 2.4817018e-05 0.064699344 4.6086691e-07 0.00051204505 0.0021713977 0.00021933056 3.1631484e-05 0.020267097 9.627311e-05 1.4352773e-05 0.00029200697 0.000255365 3.289806e-07 0.0003414233 0.0067511005 0.0030423051 0.0004151992 5.790542e-07 0.0025149623 1.9024183e-05 0.00033042813
