1.0164322e-33 0.016203938 0.047046985 0.1353461 0.008652248 0.04465072 0.005755074 0.19024044 0.07028547 0.026424035 0.09208399 0.23173158 0.0011137436 0.02622808 0.50517106 0.0032773493 0.1460182 0.00023065445 0.030481985 0.06621871 0.0002514143 0.0002511428 0.7342464 0.01794244 0.001432683 0.69825506 0.767193 0.0033420704 0.00042288724 0.66567534 0.005376485 0.894419 0.3227635 0.066351 0.7424451 0.1971217 0.5094987 0.8715272 0.6882575 0.85804516 0.61124134 0.6966965 0.9318895 0.0008269874 9.4206225e-05 0.9119078 0.023583315 0.9402231 0.7412904 0.37256044 0.8876701 0.88554627 0.9543935 0.0014825681 0.93831474 0.18433681 0.9188056 0.008859779 0.9506468 0.5501056 0.048046745 0.00056230207 0.047242936 0.013528418 0.0013668893 0.34134093 0.03498398 0.85717773 0.3478887 0.7681428 0.0017389728 0.0021634034 0.034959577 0.98811775 0.090529636 0.016807158 0.7480087 0.98964626 0.89390993 0.037002992 0.59361655 0.002604107 0.99606764 0.37392822 0.0103597855 0.007446941 0.99905324 0.9188521 0.9927252 0.0004219331 0.2615738 0.994329 0.008900871 0.9952389 0.021110367 0.0004883718 0.99405396 0.10769724 0.010061745 0.00012273855 0.9796808
0.016203938 3.4575338e-21 0.5101421 0.3057393 0.5693093 0.34607503 0.26040748 0.2090676 0.24008611 0.16904984 0.1767718 0.28617492 0.13575476 0.22879472 0.20089376 0.31022924 0.053522542 0.11440182 0.16492693 0.016868427 0.10098698 0.03194464 0.09712672 0.003104714 0.1315804 0.08739316 0.0932909 0.0012688997 0.05385015 0.052965745 0.1089661 0.06583703 0.044817675 0.15571499 0.028471656 0.009284092 0.0161949 0.0325982 0.014517951 0.015191057 0.010359751 0.011703041 0.031408254 0.050623577 0.0022322177 0.017853986 0.049208876 0.022578212 0.014643703 0.005835836 0.006315868 0.01848055 0.019061446 0.020380838 0.0053788368 0.0018518234 0.016879603 0.031148434 0.01309707 0.0046720584 0.0010751929 0.0043299417 0.00058503065 0.012577486 0.0039028428 0.0016983363 0.0001695746 0.0008232434 0.0008610243 0.0062577534 0.0010045824 0.0009007109 0.00040417386 0.0022410261 0.00012906635 0.00033949336 0.00033451474 0.005192891 0.003350868 0.0005688859 0.0006042118 0.00020309152 0.005193424 0.00014833205 0.0006682869 8.95438e-05 0.0013649106 0.00044813936 0.00032748393 0.00024011546 4.6571902e-05 0.00013943626 6.0411756e-05 0.0009162056 0.00025878253 1.2215619e-06 5.819202e-05 0.0005415334 9.0134105e-05 9.900674e-05 0.0007355052
0.047046985 0.5101421 6.194383e-22 0.4562222 0.43138847 0.19348164 0.09791993 0.49033773 0.6455424 0.068036236 0.5724716 0.27947083 0.024185598 0.49730074 0.24602878 0.21865624 0.02405133 0.03235256 0.30997536 0.0030299488 0.04053663 0.0051475414 0.20494196 0.0005311509 0.12804434 0.05345665 0.06646722 0.00020650843 0.056800194 0.13771437 0.1524725 0.07156765 0.042567007 0.16142699 0.03584361 0.0006379284 0.02304129 0.07871789 0.016146401 0.025421914 0.011232043 0.0013331005 0.021858118 0.108661465 0.00016530523 0.003539426 0.060891468 0.022880629 0.03599707 0.0047882334 0.019687612 0.031094937 0.032149743 0.034994368 0.014491779 0.0013968588 0.010702927 0.048290554 0.021567436 0.0009982495 0.00013304061 0.009292396 0.0006220532 0.016530467 0.0070710117 0.0011805161 1.564506e-05 0.00052917906 0.000115570816 0.0034125336 0.0031878506 0.00014407223 0.00019192885 0.0038444041 7.275292e-05 0.00012354582 0.000251511 0.009527123 0.0021653096 0.0002456081 5.9939914e-05 4.8386035e-05 0.006282665 3.2275264e-05 0.00020928349 1.5162324e-05 0.00078980695 9.375308e-05 0.0007951296 3.8857735e-05 2.6799655e-05 0.00021891532 5.869097e-06 0.0005768784 5.7621113e-05 2.796595e-07 0.00015120038 1.39982585e-05 5.8505688e-05 1.1017116e-05 0.00023677366
0.1353461 0.3057393 0.4562222 3.056167e-21 0.22577173 0.34501505 0.08550569 0.6643684 0.36259735 0.11136257 0.30163124 0.6297877 0.025946734 0.15308283 0.4722644 0.10833955 0.04603211 0.025266947 0.119861424 0.009238856 0.02586566 0.0065355925 0.25254792 0.0042939135 0.06262864 0.15923177 0.2146189 0.0019171473 0.02435436 0.13879809 0.07381213 0.24571046 0.033290174 0.08913654 0.024824362 0.0051298277 0.018509699 0.078559406 0.010822905 0.021354893 0.0072969757 0.010927728 0.117539726 0.03514824 0.0002868048 0.021397794 0.030520808 0.14292583 0.053598896 0.0028502522 0.033266935 0.0692699 0.11739604 0.014726661 0.03451591 0.00095553754 0.053503875 0.028071133 0.04983231 0.006143741 0.00048859895 0.0053301295 0.00041457659 0.008920411 0.005432349 0.0005959476 0.00014345418 0.0006664594 0.0010717537 0.017357867 0.00067842944 0.0005062418 0.00019990206 0.0064945226 3.9471688e-05 0.0008184166 0.00015726131 0.023523465 0.0067555285 9.1103306e-05 0.0005595933 0.0003325703 0.0091415765 0.00016956475 4.471099e-05 0.00012875765 0.004388507 0.0006798377 0.0010646908 1.7918257e-05 6.8624677e-06 0.00040337045 2.8582059e-05 0.003066916 2.7029508e-05 3.473508e-07 0.00026106133 6.5985674e-05 1.938287e-05 2.1552578e-05 0.0026652552
0.008652248 0.5693093 0.43138847 0.22577173 2.6298212e-21 0.25666294 0.23902468 0.15160769 0.17927442 0.11166855 0.12649575 0.22638129 0.13488184 0.2317291 0.14304195 0.35470042 0.035456426 0.11946231 0.15648915 0.00911187 0.110813715 0.03404306 0.077728994 0.0020190203 0.1549249 0.075521834 0.07324734 0.0009727919 0.066972904 0.03726521 0.11251256 0.04978554 0.034767844 0.119267605 0.026395148 0.0057912907 0.016676236 0.02738952 0.013416822 0.011240331 0.009438154 0.008292963 0.022256821 0.058259256 0.0016554068 0.013313561 0.040440526 0.017430099 0.012494625 0.0044111866 0.005575637 0.014322602 0.015401846 0.019303106 0.0041643367 0.001276548 0.014223515 0.024506653 0.010453717 0.0028400975 0.0006258147 0.004031032 0.0006585963 0.0075481255 0.002853165 0.001364826 9.1262795e-05 0.00075387803 0.00047425175 0.004752548 0.000605056 0.00083436986 0.0003743839 0.0021295613 0.00015842612 0.00026282293 0.00029118854 0.0053176926 0.0026643532 0.0005608686 0.00039119762 0.00014832498 0.005941864 9.0234564e-05 0.0006346283 4.716651e-05 0.0009462167 0.00028768304 0.00037418152 0.00010486957 4.4081455e-05 0.00025110258 2.861948e-05 0.0005882695 0.0002573308 6.356101e-07 0.00010914636 0.000190505 0.00010408503 0.00010530241 0.0006235339
0.04465072 0.34607503 0.19348164 0.34501505 0.25666294 1.7733225e-19 0.2952246 0.1651161 0.092613116 0.6284392 0.06647281 0.54590684 0.14026247 0.0638039 0.26386994 0.13322258 0.35727856 0.07721459 0.075798966 0.118519805 0.05550514 0.06365972 0.11080809 0.054288436 0.051011644 0.312662 0.30982083 0.016980594 0.020014748 0.05649763 0.046916097 0.20557544 0.032014847 0.08675633 0.017438546 0.08839215 0.011278671 0.0386984 0.009996362 0.010607444 0.008427046 0.085995205 0.10909317 0.018493108 0.0063421116 0.09351327 0.026092319 0.07750611 0.02374171 0.005471704 0.011816526 0.032915633 0.05852177 0.015938472 0.009217257 0.0030092548 0.05494533 0.030869987 0.025778111 0.034108654 0.010204188 0.0036180506 0.0009410503 0.011804085 0.0041314648 0.0016940642 0.005025815 0.0011724976 0.008172775 0.02060484 0.0014487598 0.0061453586 0.0002634008 0.0028017713 9.9252065e-05 0.0067947935 0.00030219826 0.007348539 0.010669743 0.0004087553 0.0021563382 0.0032836816 0.005535387 0.0032846336 0.0003839439 0.002259212 0.0047958675 0.0020367904 0.00084485626 9.957555e-05 4.1364674e-05 0.00016361919 0.0014220733 0.006323431 0.0003267193 9.860514e-07 3.5646983e-05 0.003361653 7.050333e-05 3.7133461e-06 0.0039714817
0.005755074 0.26040748 0.09791993 0.08550569 0.23902468 0.2952246 2.5449464e-21 0.045339584 0.031708345 0.2878078 0.023832079 0.16925706 0.21565427 0.030764291 0.0694344 0.09332207 0.056337293 0.104765214 0.030190011 0.018482177 0.05624646 0.105184816 0.031167874 0.008978161 0.030581428 0.09095277 0.08231508 0.004208766 0.015908964 0.015231165 0.018207593 0.04655295 0.0077185584 0.022681598 0.0048474115 0.021428786 0.0030027519 0.013044411 0.003645243 0.0026638769 0.0025439598 0.027330885 0.02268373 0.009684362 0.0029189573 0.024743345 0.006078416 0.012493015 0.006326034 0.001529061 0.002830547 0.00913839 0.012368911 0.0032211985 0.002036458 0.00065076357 0.014385175 0.0058943727 0.0073094643 0.011364611 0.0021871189 0.0005647384 0.0002474464 0.0031559183 0.00029610036 0.0010366382 0.0005038833 0.0007606818 0.0028453337 0.0063364287 0.0001200902 0.001102141 0.0001478757 0.0010825825 6.619563e-05 0.0008908946 0.00021389106 0.0033385728 0.004277481 0.00027586354 0.0009635982 0.00060121 0.002983551 0.0004498474 0.00021931257 0.00052599714 0.0012572753 0.0010776253 0.00021306511 2.521528e-05 2.2207461e-05 9.336299e-05 0.00043508701 0.0011293179 0.0001878368 3.7866698e-07 9.719688e-06 0.0009927952 3.8320555e-05 7.0731385e-06 0.0013274429
0.19024044 0.2090676 0.49033773 0.6643684 0.15160769 0.1651161 0.045339584 7.790153e-22 0.5278054 0.03948024 0.4602874 0.49842513 0.01124047 0.2482766 0.50800675 0.067261696 0.012999194 0.0119254785 0.17525427 0.0034812822 0.016330259 0.0017951706 0.47147408 0.0013352897 0.048158728 0.047775842 0.07168649 0.0003998316 0.025287136 0.19273286 0.09147766 0.12353268 0.04087483 0.08822604 0.039727446 0.00090464245 0.027144691 0.12960234 0.018496847 0.039743226 0.011826565 0.0025233254 0.054690283 0.051176038 6.125225e-05 0.004736923 0.03545087 0.09581281 0.08973679 0.005044827 0.03858169 0.06077299 0.09600222 0.021350296 0.042615566 0.0014217087 0.023585966 0.022033762 0.048296005 0.0017187573 4.0736773e-05 0.010555509 0.000873704 0.007296124 0.005527021 0.0009532138 9.401636e-06 0.0009809169 0.00020210918 0.00640292 0.0009856176 0.00018187788 0.00019698255 0.011108726 2.6374077e-05 0.00022417218 0.00014906436 0.03931848 0.003015414 0.000111313086 8.9403606e-05 0.00013112661 0.012480202 2.1953301e-05 2.538093e-05 2.9837362e-05 0.0020076246 0.000119852215 0.0013176505 1.675727e-05 7.0777132e-06 0.00041758074 7.0035603e-06 0.0012573438 2.2458697e-05 4.208408e-07 0.00037466804 1.2762601e-05 1.9676916e-05 2.3635257e-05 0.00035129974
0.07028547 0.24008611 0.6455424 0.36259735 0.17927442 0.092613116 0.031708345 0.5278054 1.0587117e-22 0.03085314 0.67335033 0.1672548 0.008628332 0.47393006 0.24800424 0.08484836 0.008630771 0.015594631 0.3239797 0.0010436523 0.020087622 0.0015701778 0.25764924 0.0001613848 0.07414612 0.030655304 0.036858004 8.2812345e-05 0.040131755 0.17910409 0.12145198 0.052056905 0.0483847 0.14690429 0.06370709 0.00014974328 0.039150964 0.10951544 0.031181658 0.060789075 0.020722624 0.0007690813 0.01775613 0.09891437 5.6728488e-05 0.0020026488 0.06714378 0.024325337 0.06518674 0.0065810937 0.032452453 0.035737313 0.038448047 0.03961612 0.035178002 0.0016275892 0.009763665 0.044680685 0.026619213 0.0007620752 1.8344945e-05 0.013880328 0.001038498 0.018480651 0.012651477 0.001837034 2.5383629e-06 0.0010514752 4.18229e-05 0.0026459785 0.0034173634 6.0644965e-05 0.00031561556 0.0109709585 5.0012226e-05 4.9825845e-05 0.0002790147 0.019424072 0.0014640078 0.00018154828 1.874899e-05 1.2070718e-05 0.008291141 3.6860404e-06 8.602954e-05 4.9327164e-06 0.00067461317 1.8155288e-05 0.0016849294 2.74365e-05 2.9168728e-05 0.00042808268 1.6201255e-06 0.0004174657 4.310292e-05 2.0634606e-07 0.00026644167 3.9104634e-06 3.9071623e-05 1.8805844e-05 0.00011526998
0.026424035 0.16904984 0.068036236 0.11136257 0.11166855 0.6284392 0.2878078 0.03948024 0.03085314 1.00567835e-20 0.023192821 0.37637332 0.21062443 0.020013656 0.081965126 0.052830435 0.42651704 0.07308923 0.020326063 0.20904724 0.03547863 0.18872139 0.030325808 0.16239433 0.01849907 0.27774706 0.23033614 0.057448883 0.006613123 0.01526053 0.011656638 0.11727325 0.014134573 0.030355994 0.0030651765 0.14810802 0.003175094 0.010767363 0.0033759836 0.0022446 0.0027953607 0.1197131 0.06995902 0.0037669088 0.016376171 0.119626164 0.008036286 0.03782924 0.010782807 0.0030036254 0.0044965744 0.012910482 0.027120626 0.0032263682 0.0034747133 0.0018956532 0.037131257 0.0032271927 0.013907524 0.044678893 0.018561797 0.00020901821 0.00039898368 0.0056328047 0.00012940195 0.00088410825 0.008308844 0.0005674737 0.012461542 0.018454453 0.0001990255 0.006745354 9.727139e-05 0.0018852453 3.5801113e-05 0.009604592 0.00021571651 0.0041855862 0.011849042 0.00017740276 0.0045831255 0.00544139 0.0021026998 0.0055601923 0.00017627655 0.003251248 0.0036097064 0.0019773392 8.123733e-05 1.07834185e-05 1.4793528e-05 1.5942818e-05 0.002592865 0.00407841 0.00023808901 1.5939504e-07 8.319511e-06 0.0043744463 5.266062e-05 6.9382736e-07 0.0031421534
0.09208399 0.1767718 0.5724716 0.30163124 0.12649575 0.06647281 0.023832079 0.4602874 0.67335033 0.023192821 5.930982e-22 0.12864271 0.006074887 0.47891694 0.22428457 0.07254403 0.0066456203 0.0088525405 0.3582585 0.00065690605 0.012659739 0.0008241809 0.21527429 9.994011e-05 0.06216915 0.014437443 0.018133583 4.6100846e-05 0.038315322 0.22985315 0.1424285 0.026446775 0.107326776 0.23376545 0.0897416 5.987906e-05 0.068329364 0.13746399 0.053714387 0.11411852 0.037452046 0.00034762194 0.008892962 0.09336917 3.692932e-05 0.00077887985 0.09007841 0.01609879 0.055608742 0.017618507 0.032131575 0.033047974 0.034919284 0.046900794 0.038669396 0.0054209023 0.007669631 0.045857552 0.027896756 0.00017878291 4.539237e-06 0.016686665 0.0033321541 0.025481302 0.016845608 0.0036743376 1.0855351e-06 0.0018747746 8.332318e-06 0.0019282149 0.005582535 2.6214517e-05 0.00084411254 0.027402107 0.0001704716 3.6530106e-05 0.00051523815 0.032765117 0.0012246752 0.000536348 6.2189215e-06 5.4149464e-06 0.0152084 1.9299669e-06 0.00011815228 2.3595405e-06 0.0014064845 6.7299156e-06 0.004777216 8.091491e-05 0.00010408265 0.0016475415 1.3650192e-06 0.00050881965 6.3020976e-05 5.1133526e-07 0.00071397825 2.3678742e-06 6.122077e-05 6.964805e-05 6.4055435e-05
0.23173158 0.28617492 0.27947083 0.6297877 0.22638129 0.54590684 0.16925706 0.49842513 0.1672548 0.37637332 0.12864271 1.3259747e-20 0.067900196 0.08978407 0.6064877 0.12288155 0.37558818 0.047590327 0.10786104 0.11484793 0.034922954 0.02330445 0.27339092 0.03525933 0.058481384 0.51385236 0.5008774 0.011805413 0.013394079 0.08026358 0.051216185 0.38333935 0.02886004 0.068934515 0.012943837 0.04831306 0.010590382 0.044599265 0.0037209166 0.0076592662 0.0029364678 0.07042721 0.2372765 0.018113343 0.0015382147 0.106813654 0.023345832 0.19670314 0.046590846 0.0014806606 0.023654787 0.07002312 0.15574516 0.009580943 0.019760545 0.00053727947 0.10610734 0.018911337 0.056558274 0.023884166 0.0055965814 0.0031288422 0.00024233846 0.005393739 0.0017361193 0.00025063608 0.0023829858 0.00035132584 0.0054741288 0.046036214 0.00018803414 0.0022899997 0.00012238299 0.0022096343 1.7056891e-05 0.0060793553 4.1558895e-05 0.014620747 0.023640499 4.5966466e-05 0.0022991542 0.0013742953 0.007849228 0.0021055965 1.8577446e-05 0.0005675614 0.013577864 0.0033030447 0.0007240456 1.112311e-05 2.7647293e-06 0.00037933656 0.00038792362 0.012820412 2.7147904e-05 2.123637e-07 0.00021478065 0.00068511395 1.1182567e-05 1.3455101e-05 0.010220618
0.0011137436 0.13575476 0.024185598 0.025946734 0.13488184 0.14026247 0.21565427 0.01124047 0.008628332 0.21062443 0.006074887 0.067900196 1.8707148e-21 0.010616562 0.018766005 0.057082664 0.03668677 0.22124897 0.010343763 0.011738082 0.097919546 0.33543387 0.008484534 0.010328494 0.020017192 0.046966944 0.03801882 0.008145044 0.009900807 0.0024091164 0.007271235 0.014302456 0.0029761002 0.00835262 0.0012117836 0.015008821 0.00066841376 0.0034177515 0.0011253926 0.0005177458 0.00085806835 0.014325184 0.0070443647 0.003022965 0.0070773433 0.012680063 0.0026915788 0.0049498207 0.0022286887 0.00074736093 0.00077568827 0.0037472688 0.0057675242 0.0011260492 0.0005075266 0.00044960467 0.00875203 0.0007165042 0.0022272472 0.006481891 0.00097034674 0.0001850404 0.00019565328 0.0012582159 5.8724203e-05 0.00048206933 0.00016283555 0.0002969459 0.0015208704 0.0029317415 7.016393e-05 0.0015627271 0.00016576557 0.0007975322 5.0144994e-05 0.0007997482 0.00011766585 0.0025092615 0.0015432355 0.0005405286 0.000642631 0.0008365932 0.002185232 0.00036255814 0.00040513035 0.0003159809 0.0006492253 0.00046033895 0.00017775518 2.0426325e-05 9.85719e-06 9.448334e-05 0.0003135602 0.0005158813 8.8511464e-05 2.9532973e-07 5.1067423e-06 0.00031917705 2.3785424e-05 1.0332207e-05 0.00033684593
0.02622808 0.22879472 0.49730074 0.15308283 0.2317291 0.0638039 0.030764291 0.2482766 0.47393006 0.020013656 0.47891694 0.08978407 0.010616562 9.743386e-22 0.13369557 0.22487208 0.008075114 0.019280301 0.5669456 0.0007076833 0.032452404 0.0027260217 0.14279097 8.7791595e-05 0.2096203 0.013374958 0.016333234 7.072016e-05 0.09511778 0.13315022 0.29789445 0.021602018 0.09862967 0.28642437 0.06843588 0.000105885774 0.053277686 0.08310768 0.036693573 0.063463554 0.028743993 0.00022951452 0.0076606474 0.18090887 0.00015123296 0.0008424671 0.119985975 0.008347328 0.041147932 0.016250072 0.021874987 0.021223301 0.01510734 0.08161102 0.020358793 0.0051049944 0.007374567 0.057588365 0.018521847 0.000229997 3.2584507e-05 0.02971031 0.0028857512 0.021224692 0.01689848 0.0042753886 4.056482e-06 0.0012799681 3.8252856e-05 0.0015955473 0.0054169693 9.8718985e-05 0.00062894623 0.01341825 0.00022945106 1.6868513e-05 0.00055930787 0.01670979 0.0015949958 0.0005229097 1.638052e-05 8.101115e-06 0.011005708 3.4173927e-06 0.0004622306 2.8653576e-06 0.0015932695 1.627875e-05 0.003558428 8.51084e-05 0.000107146705 0.0012527353 2.9085077e-06 0.0006025471 0.00021286424 7.981731e-07 0.0006635361 7.782301e-06 0.0001122223 0.00012700357 6.251195e-05
0.50517106 0.20089376 0.24602878 0.4722644 0.14304195 0.26386994 0.0694344 0.50800675 0.24800424 0.081965126 0.22428457 0.6064877 0.018766005 0.13369557 4.2582473e-20 0.07188506 0.058978215 0.014316226 0.121037714 0.01296364 0.016779564 0.0020833928 0.6582914 0.0067166537 0.036426228 0.2408435 0.33176005 0.0039437013 0.015711816 0.18828607 0.048531372 0.40356454 0.034690086 0.06177748 0.037477 0.0049790465 0.023328094 0.15084566 0.01584426 0.06090333 0.011653976 0.009813421 0.24200515 0.0223719 0.00027011562 0.023022288 0.018364567 0.27299207 0.11844826 0.0039125187 0.07701873 0.13959433 0.25378183 0.009315399 0.08772901 0.0015459149 0.107121445 0.009164516 0.13613175 0.0065901624 0.00041841672 0.0036645916 0.00074560754 0.0019817143 0.0019508706 0.0011259128 0.00012697003 0.0018026213 0.0018313254 0.049439315 0.00021250422 0.00038673443 0.00023671566 0.027366571 3.33831e-05 0.000757021 0.00020161425 0.12238859 0.02451199 0.00015438838 0.0012561921 0.0006352592 0.03762498 0.00021520116 1.8626284e-05 0.00024071135 0.01701033 0.0016484224 0.0012412135 8.222508e-06 7.2633097e-06 0.0007848921 5.377921e-05 0.009376891 5.932351e-05 3.6106442e-07 0.000761924 4.842772e-05 8.1146514e-05 6.0303278e-06 0.0042718877
0.0032773493 0.31022924 0.21865624 0.10833955 0.35470042 0.13322258 0.09332207 0.067261696 0.08484836 0.052830435 0.07254403 0.12288155 0.057082664 0.22487208 0.07188506 2.974481e-21 0.027447524 0.15267229 0.2208405 0.0048586954 0.20058806 0.031236166 0.03248812 0.0010824436 0.30486515 0.027036304 0.025174646 0.0007831522 0.1790594 0.01585487 0.17445056 0.014162052 0.04511162 0.1556304 0.011374103 0.0014377896 0.0090842955 0.010237909 0.009491531 0.0058230576 0.006941825 0.0016085353 0.0062366654 0.13395427 0.0018570166 0.0020919251 0.091657 0.0057078185 0.011343637 0.0038899023 0.004766124 0.008777746 0.0076747714 0.018833948 0.0034391952 0.0016092388 0.0059139277 0.022290794 0.0067623383 0.00084740744 0.00013410131 0.005470285 0.00081737485 0.008825528 0.002919848 0.0009044591 7.4058025e-06 0.0009788894 0.00012862938 0.0017127187 0.00052994874 0.0010476307 0.00013427204 0.0009264099 0.00010517906 0.00013047707 0.00033423287 0.0039170273 0.00088683673 0.0003220515 0.0001779538 0.00012209098 0.0019702483 2.1600152e-05 0.0006839976 2.7475147e-05 0.00038827676 8.194307e-05 8.8695415e-05 0.00012375867 6.387133e-05 0.00017482703 1.8031085e-05 0.0003685508 0.00018576656 1.5588295e-06 0.00010446212 5.1060382e-05 0.00014597988 0.00053146 0.00013898898
0.1460182 0.053522542 0.02405133 0.04603211 0.035456426 0.35727856 0.056337293 0.012999194 0.008630771 0.42651704 0.0066456203 0.37558818 0.03668677 0.008075114 0.058978215 0.027447524 4.8066e-19 0.025441673 0.012180414 0.5465342 0.015296804 0.058154687 0.019888787 0.4474209 0.011348977 0.3581392 0.29954663 0.11041097 0.0033382957 0.0067123664 0.011257313 0.12220214 0.009843199 0.021391165 0.0016157721 0.36128077 0.0015570765 0.0061666546 0.0015929992 0.0013330096 0.0013862685 0.223794 0.098957874 0.0029785363 0.012525913 0.2016856 0.012456368 0.05980856 0.0079523735 0.0011553011 0.0033811384 0.013470768 0.044294804 0.0019733089 0.0024934602 0.0007194014 0.06968703 0.009013618 0.011536765 0.06632081 0.021337578 0.0003434215 0.00015783947 0.0062271412 0.00029160845 0.00025949258 0.0135546 0.00014821114 0.016420154 0.034757525 0.0005452269 0.011502933 4.420535e-05 0.000992584 5.021671e-06 0.015941193 2.2842845e-05 0.0038043996 0.022324067 4.1374456e-05 0.007643334 0.006658108 0.0013162231 0.0056574964 5.643214e-05 0.0030445603 0.0070232647 0.0040614 3.141332e-05 1.5994825e-05 1.7650533e-06 1.1680723e-05 0.0026281255 0.010550371 7.1116156e-05 4.317404e-07 2.6552123e-05 0.0036356607 3.9033897e-05 1.8389725e-06 0.009247942
0.00023065445 0.11440182 0.03235256 0.025266947 0.11946231 0.07721459 0.104765214 0.0119254785 0.015594631 0.07308923 0.0088525405 0.047590327 0.22124897 0.019280301 0.014316226 0.15267229 0.025441673 2.0674634e-22 0.019720122 0.0060213837 0.44841594 0.28326124 0.0044065486 0.0033554055 0.058796655 0.023571353 0.017698472 0.0029172304 0.037040807 0.000539299 0.022149347 0.004959609 0.0024540303 0.011192757 0.00091624324 0.0046657817 0.00029093178 0.0009456687 0.0004976487 0.00019635721 0.00039196634 0.0038272198 0.0029662391 0.008197904 0.0068436754 0.0069740177 0.00474261 0.002005755 0.00039941634 0.00017019577 0.00022910644 0.0006647388 0.0027855928 0.00066732144 0.00012415255 0.00010903036 0.0028940635 0.00051026605 0.00069732853 0.000647519 0.00028257896 5.389082e-05 0.00010505486 0.00028303528 1.6285925e-05 0.00013251042 3.565579e-05 0.00014469157 0.0002506093 0.0004460907 1.1069848e-05 0.00067877205 0.00011584183 0.00012330111 3.1092233e-05 9.761663e-05 6.0511855e-05 0.0007954862 0.00026052605 0.00018847562 0.00017243632 0.00019463435 0.0006448842 4.5665765e-05 0.00016286537 5.1600327e-05 0.00014140074 0.00024575857 2.1926686e-05 1.9728711e-06 2.598618e-06 1.6854074e-05 4.401617e-05 0.00012184276 2.2929366e-05 2.5180734e-08 8.7655144e-07 0.0001164868 4.524668e-06 6.2722947e-06 5.2013565e-05
0.030481985 0.16492693 0.30997536 0.119861424 0.15648915 0.075798966 0.030190011 0.17525427 0.3239797 0.020326063 0.3582585 0.10786104 0.010343763 0.5669456 0.121037714 0.2208405 0.012180414 0.019720122 2.1815305e-20 0.0014282215 0.04054189 0.0040962887 0.10925176 0.0001884544 0.25286084 0.0106791435 0.012870197 0.00023339891 0.1296985 0.17860714 0.45316902 0.015662193 0.27663884 0.56230044 0.12139235 0.00028960084 0.099738576 0.09873491 0.07357169 0.10829444 0.06323718 0.00032649224 0.006422236 0.2708251 0.000978922 0.0010370876 0.281691 0.0076154703 0.03049877 0.053923175 0.022398083 0.019721951 0.014699335 0.16698708 0.027637267 0.01954477 0.0067556384 0.12200002 0.018144384 0.0003483577 6.1593164e-05 0.06366416 0.012676749 0.06361619 0.0402134 0.011394411 6.7109577e-06 0.0040133907 3.571235e-05 0.0019222057 0.017104914 0.00012007553 0.0032802855 0.024479184 0.0019466555 1.72332e-05 0.0016853826 0.01959978 0.001338486 0.0019273306 3.0564923e-05 1.3569609e-05 0.016575184 3.6539914e-06 0.001281069 5.1364536e-06 0.0037439482 2.1814412e-05 0.009259131 0.0004123275 0.0005598517 0.0030609353 5.189522e-06 0.00078960054 0.0006913772 7.348444e-06 0.0013549379 2.4542489e-05 0.00033625393 0.0010029526 6.0711332e-05
0.06621871 0.016868427 0.0030299488 0.009238856 0.00911187 0.118519805 0.018482177 0.0034812822 0.0010436523 0.20904724 0.00065690605 0.11484793 0.011738082 0.0007076833 0.01296364 0.0048586954 0.5465342 0.0060213837 0.0014282215 8.5704805e-21 0.0028755972 0.034621023 0.006426605 0.61369735 0.0017103315 0.24202304 0.1705356 0.22235052 0.00038649936 0.0012238132 0.0020530848 0.040222112 0.0035882944 0.00770308 0.00020087115 0.57818645 0.00022061777 0.0015488892 0.00030365802 0.00027405578 0.00024315703 0.3058984 0.04349237 0.00032793396 0.014673163 0.14894536 0.0038818326 0.017963301 0.0021154357 0.00022455046 0.0007999305 0.0034742393 0.013617903 5.2595024e-05 0.0006653108 0.00025596409 0.029101094 0.00044031348 0.004310857 0.05652483 0.027996728 8.930786e-06 1.6354623e-05 0.0004190219 8.668422e-06 5.9104295e-05 0.015472099 2.9231025e-05 0.015751032 0.015492136 8.53172e-06 0.014010407 2.1914614e-06 0.00023987812 3.5075618e-07 0.018786112 2.821015e-06 0.000737173 0.010902859 1.5606369e-06 0.006847439 0.0064397003 9.433361e-05 0.0057875 1.9651666e-06 0.0025059746 0.0017328499 0.0025202911 7.8588107e-07 4.6536698e-07 1.8258389e-07 3.3475874e-07 0.0031218722 0.0049148384 7.1352665e-06 6.873468e-09 1.4317234e-06 0.0036059236 2.9884675e-06 1.8158289e-08 0.0036316689
0.0002514143 0.10098698 0.04053663 0.02586566 0.110813715 0.05550514 0.05624646 0.016330259 0.020087622 0.03547863 0.012659739 0.034922954 0.097919546 0.032452404 0.016779564 0.20058806 0.015296804 0.44841594 0.04054189 0.0028755972 1.6333604e-21 0.09531291 0.006922155 0.00060579495 0.115403 0.014460612 0.0120530045 0.0007967849 0.09166865 0.0014490837 0.043470535 0.0048965784 0.0055381614 0.02795129 0.0018597894 0.001828792 0.00068652176 0.0013332341 0.0008401303 0.00032133114 0.0005798387 0.0017987797 0.002539736 0.029176252 0.002596474 0.0015666987 0.016197912 0.0016355366 0.0008530078 0.0003028884 0.00052459823 0.0009181991 0.0035315177 0.003713904 0.00033185648 0.00019587151 0.0026294154 0.0034490358 0.0012180889 0.0002714406 0.00026221058 0.00083846465 0.00022536548 0.0009781199 0.00023832165 0.00023444138 2.606502e-05 0.00018187788 0.00011164766 0.0006082982 6.127667e-05 0.00033180777 0.0001287062 0.0002120265 3.953803e-05 0.00011148285 0.000103127015 0.0018515312 0.0003821508 0.00024156914 0.00014254483 0.00014260765 0.0016225883 2.7704027e-05 0.00030254052 3.6215697e-05 0.00022655155 0.00024046288 7.479668e-05 1.4694919e-05 1.4591245e-05 7.954763e-05 1.6842923e-05 0.00015473065 0.00011716151 2.5143123e-07 1.0818408e-05 3.796806e-05 3.4113087e-05 0.00017712197 7.330592e-05
0.0002511428 0.03194464 0.0051475414 0.0065355925 0.03404306 0.06365972 0.105184816 0.0017951706 0.0015701778 0.18872139 0.0008241809 0.02330445 0.33543387 0.0027260217 0.0020833928 0.031236166 0.058154687 0.28326124 0.0040962887 0.034621023 0.09531291 8.454716e-21 0.0010592163 0.085962 0.009553443 0.02114583 0.013208272 0.17060547 0.005671051 0.00016692968 0.002642472 0.0027146044 0.001296903 0.005888086 0.0001682038 0.03560596 0.00012590663 0.00036051823 0.00027896365 6.399584e-05 0.00029461732 0.018919824 0.0019810027 0.0009994203 0.23052035 0.010170193 0.0015778147 0.0012583892 0.0006253574 0.00062317244 0.00015170983 0.00080507423 0.0030926128 0.00019867052 9.198419e-05 0.0004919708 0.0038588743 7.171194e-05 0.0006918329 0.009436305 0.0024576709 4.0152314e-05 0.00019400891 0.00062884815 1.3673117e-05 0.00013875219 0.0005404469 6.799911e-05 0.003309933 0.0018361581 5.102378e-05 0.0074550705 6.6422646e-05 0.00029728675 1.965445e-05 0.0032930255 4.6761677e-05 0.0010484413 0.0009579289 0.00021456547 0.0012378582 0.0031205982 0.0016721258 0.00080605596 0.00045233266 0.0014845206 0.001272932 0.00042454057 2.350511e-05 3.1726042e-05 6.4803294e-06 2.1124186e-05 0.002205814 0.00059252186 1.6600896e-05 3.9916195e-08 7.621322e-07 0.0021171512 6.0036105e-06 2.983484e-06 0.0005347996
0.7342464 0.09712672 0.20494196 0.25254792 0.077728994 0.11080809 0.031167874 0.47147408 0.25764924 0.030325808 0.21527429 0.27339092 0.008484534 0.14279097 0.6582914 0.03248812 0.019888787 0.0044065486 0.10925176 0.006426605 0.006922155 0.0010592163 2.592058e-18 0.0043320484 0.023103954 0.07799444 0.111494794 0.0020522492 0.015343308 0.32300693 0.049518865 0.2861093 0.04461621 0.07137945 0.06248927 0.0021247626 0.04478631 0.33190572 0.030784328 0.108556986 0.022113893 0.0043346705 0.14903346 0.028139709 0.00014510172 0.007905974 0.025246363 0.23070683 0.51153076 0.009896809 0.2542701 0.29421455 0.25863695 0.0147188045 0.14395264 0.0031375329 0.06820307 0.011058691 0.27044445 0.0021093024 9.433487e-05 0.007507159 0.0015960465 0.003963351 0.0058133192 0.0037344769 2.1928568e-05 0.0023872566 0.000409015 0.020773878 0.0011443651 0.0001221457 0.0009088542 0.103123926 0.0001727993 0.0005769799 0.00037173196 0.2527298 0.008865738 0.00058653177 0.00032905673 0.0005420287 0.09566271 7.97033e-05 5.512379e-05 0.00016954516 0.026318926 0.00049240264 0.0033206448 4.379538e-05 1.2161678e-05 0.0020794754 1.4890018e-05 0.008956541 5.8051894e-05 6.83809e-07 0.0013545329 4.438628e-05 6.599454e-05 1.088788e-05 0.0015134861
0.01794244 0.003104714 0.0005311509 0.0042939135 0.0020190203 0.054288436 0.008978161 0.0013352897 0.0001613848 0.16239433 9.994011e-05 0.03525933 0.010328494 8.7791595e-05 0.0067166537 0.0010824436 0.4474209 0.0033554055 0.0001884544 0.61369735 0.00060579495 0.085962 0.0043320484 1.4545262e-21 0.00023574152 0.10179964 0.07329883 0.46662235 6.050297e-05 0.00040491016 0.00033805097 0.01935971 0.0008982575 0.002074749 0.00022209679 0.5840992 0.00011788633 0.00077172293 0.00023647107 0.00018757528 0.00012995141 0.258695 0.020910932 5.6553254e-05 0.06231208 0.10183248 0.0006574209 0.007119521 0.0010408727 0.00011202127 0.00029173112 0.0012545548 0.0054619703 8.061848e-06 0.0001632999 0.00011965612 0.013397561 2.351899e-05 0.0016720084 0.04894302 0.057402033 1.1037755e-06 1.4055956e-05 2.0775755e-05 1.0392672e-06 5.481742e-05 0.026065128 1.2313911e-05 0.017147692 0.009018619 6.271598e-07 0.032059364 9.296397e-07 0.00012947466 4.1397186e-07 0.038797576 3.5538885e-06 0.00028222718 0.006606961 5.923842e-07 0.00950598 0.0122326575 1.3999915e-05 0.0069681676 8.843156e-07 0.002685063 0.0007943179 0.0018300674 1.2034774e-07 2.6355128e-08 1.9644646e-07 7.799188e-08 0.0040137237 0.0020662947 4.7638946e-06 5.184881e-10 1.5018054e-07 0.0045488365 1.5447542e-06 1.2090118e-09 0.002621913
0.001432683 0.1315804 0.12804434 0.06262864 0.1549249 0.051011644 0.030581428 0.048158728 0.07414612 0.01849907 0.06216915 0.058481384 0.020017192 0.2096203 0.036426228 0.30486515 0.011348977 0.058796655 0.25286084 0.0017103315 0.115403 0.009553443 0.023103954 0.00023574152 1.2842665e-21 0.008957699 0.009122377 0.00022025009 0.3514371 0.016073294 0.24936533 0.006727471 0.030578593 0.14079773 0.010303467 0.000811784 0.0076039066 0.0094755 0.0055627436 0.0039665615 0.0032540692 0.00038836765 0.0026972035 0.23998244 0.0007007852 0.00072059926 0.10941075 0.002840313 0.008848497 0.0030626566 0.0036814737 0.0066807414 0.004947676 0.061947167 0.0022152308 0.0012366241 0.0023448588 0.02493631 0.0050104414 0.00014446725 0.00010846886 0.019680517 0.001143054 0.006991125 0.004644003 0.0007489189 5.793953e-06 0.0007135661 3.1264455e-05 0.00079939817 0.00076258264 0.00067137554 0.00020891237 0.00096654944 0.00017947392 8.642103e-05 0.00037492608 0.0043370333 0.00038996915 0.0003539824 6.7996196e-05 6.6745604e-05 0.0040428606 9.820259e-06 0.0004883614 1.5501786e-05 0.00024475326 4.8423055e-05 0.00050639943 6.8173584e-05 8.835258e-05 0.00051870133 7.0106967e-06 0.00016342908 0.00031581795 8.232044e-07 0.00012984785 3.1600517e-05 0.00021032713 0.0003302523 3.4853645e-05
0.69825506 0.08739316 0.05345665 0.15923177 0.075521834 0.312662 0.09095277 0.047775842 0.030655304 0.27774706 0.014437443 0.51385236 0.046966944 0.013374958 0.2408435 0.027036304 0.3581392 0.023571353 0.0106791435 0.24202304 0.014460612 0.02114583 0.07799444 0.10179964 0.008957699 2.2652e-19 0.7244548 0.03034049 0.0027656986 0.024256771 0.008203503 0.46417242 0.004085098 0.00834052 0.0025769942 0.2518111 0.0019541786 0.0221924 0.0010027646 0.0031102174 0.0006557484 0.40158057 0.4063981 0.0035229535 0.002431103 0.4117087 0.004478892 0.24042307 0.03671809 0.00030485232 0.02718038 0.067448296 0.18884355 0.0025309096 0.018702915 0.00017334596 0.25073248 0.0020870022 0.072212175 0.0990313 0.017480388 0.0009480227 8.20265e-05 0.00048405674 0.00033933006 5.361641e-05 0.008407218 0.00021863992 0.028747395 0.1844264 3.7080787e-05 0.0078226905 6.400311e-05 0.0018548219 5.9154904e-06 0.027293919 1.5647673e-05 0.024752513 0.14933732 2.0181844e-05 0.023653384 0.0074173426 0.008857773 0.012207713 4.201805e-06 0.0026217145 0.09483909 0.0273929 0.00038882997 6.5269523e-06 4.2049498e-07 0.0003163765 0.0015578725 0.07203422 2.2922983e-05 2.7779058e-07 0.00027513705 0.0020115918 2.2484282e-05 1.4447598e-05 0.05033957
0.767193 0.0932909 0.06646722 0.2146189 0.07324734 0.30982083 0.08231508 0.07168649 0.036858004 0.23033614 0.018133583 0.5008774 0.03801882 0.016333234 0.33176005 0.025174646 0.29954663 0.017698472 0.012870197 0.1705356 0.0120530045 0.013208272 0.111494794 0.07329883 0.009122377 0.7244548 1.191261e-19 0.022922486 0.0029939192 0.038315732 0.009333812 0.5055565 0.0036341217 0.008641153 0.0028663238 0.16415755 0.0023394926 0.038457755 0.0011646276 0.0046280553 0.00077716436 0.28932598 0.41709077 0.0045002443 0.0013848732 0.3679113 0.0056311777 0.28107813 0.04225406 0.00029311434 0.03500338 0.078090124 0.2318682 0.0025271543 0.03163297 0.0001933012 0.26818547 0.0025633576 0.09168483 0.073695354 0.010052408 0.0008293703 8.8585184e-05 0.00057811284 0.0004135369 5.8766836e-05 0.005443188 0.0001908354 0.020729627 0.16322485 6.849728e-05 0.003453418 6.3034684e-05 0.0027466214 5.657022e-06 0.012306133 1.263244e-05 0.036755554 0.13064162 2.1469086e-05 0.017656604 0.003302553 0.010266797 0.00672923 5.4748793e-06 0.0016541184 0.10098859 0.023344668 0.00044027827 8.761483e-06 4.3676008e-07 0.00027001233 0.0011321083 0.07065375 1.9107823e-05 4.3409082e-07 0.00023061155 0.0011688046 2.4842446e-05 1.5503796e-05 0.050438922
0.0033420704 0.0012688997 0.00020650843 0.0019171473 0.0009727919 0.016980594 0.004208766 0.0003998316 8.2812345e-05 0.057448883 4.6100846e-05 0.011805413 0.008145044 7.072016e-05 0.0039437013 0.0007831522 0.11041097 0.0029172304 0.00023339891 0.22235052 0.0007967849 0.17060547 0.0020522492 0.46662235 0.00022025009 0.03034049 0.022922486 5.22779e-21 8.90553e-05 0.0002718349 0.0004074808 0.0076018507 0.0009838239 0.0020378472 0.0001628795 0.32608962 9.119467e-05 0.0004955214 0.00013553437 0.00012960375 0.00012440667 0.09656168 0.005364554 4.5939643e-05 0.170237 0.028573396 0.00032817075 0.0019434948 0.00028155057 0.00030798963 5.761227e-05 0.00045516377 0.0022457114 1.1187782e-05 2.0592874e-05 0.000221187 0.005024423 9.705322e-06 0.0004364843 0.018889103 0.03250756 2.4913113e-06 1.3591186e-05 1.2630427e-05 1.0326705e-06 8.2228726e-05 0.013173496 1.0905005e-05 0.007495141 0.0024881405 3.9209098e-07 0.03595869 4.2279407e-06 8.2739956e-05 1.3952656e-06 0.026715416 5.3849853e-06 0.0001302318 0.0023004252 8.299937e-06 0.004278623 0.009178747 6.954318e-05 0.0034654157 7.905661e-06 0.0020228303 0.00054147845 0.00072359585 9.690925e-07 4.7160146e-08 5.4116657e-07 6.7172294e-07 0.004264829 0.0009832255 6.9965704e-06 1.5051217e-09 7.652351e-08 0.0049177897 1.6053544e-06 4.013252e-09 0.0020134132
0.00042288724 0.05385015 0.056800194 0.02435436 0.066972904 0.020014748 0.015908964 0.025287136 0.040131755 0.006613123 0.038315322 0.013394079 0.009900807 0.09511778 0.015711816 0.1790594 0.0033382957 0.037040807 0.1296985 0.00038649936 0.09166865 0.005671051 0.015343308 6.050297e-05 0.3514371 0.0027656986 0.0029939192 8.90553e-05 3.675825e-21 0.008949467 0.21804182 0.0031448556 0.012321207 0.06400799 0.005305419 0.00041794014 0.0032000071 0.0062527386 0.0016689507 0.0009637623 0.000878068 0.00034323422 0.0009655479 0.3249208 0.0005325716 0.00029423292 0.07477726 0.0015750567 0.0038202151 0.0006027258 0.0010307106 0.002466449 0.0025633613 0.11649073 0.00050475984 0.00027377103 0.0012668391 0.03064003 0.0015047007 5.9024478e-05 0.0001005462 0.06514758 0.0004248763 0.00506476 0.015047066 0.00017485021 1.3273397e-05 0.00032637705 9.846855e-06 0.00028348205 0.0012204738 0.00030587797 0.00011941684 0.0005687708 6.318202e-05 5.652333e-05 0.00014342394 0.0033828788 0.00017826175 0.00016533596 2.2440136e-05 2.7821347e-05 0.005098633 4.836793e-06 0.00025668374 3.140986e-06 9.1686416e-05 3.229189e-05 0.00027157346 3.586799e-05 5.2714586e-05 0.0003920568 1.1671921e-06 5.1852945e-05 0.00031231839 6.637515e-07 6.595277e-05 5.8902533e-06 5.5998862e-05 0.00023425097 2.9875498e-06
0.66567534 0.052965745 0.13771437 0.13879809 0.03726521 0.05649763 0.015231165 0.19273286 0.17910409 0.01526053 0.22985315 0.08026358 0.0024091164 0.13315022 0.18828607 0.01585487 0.0067123664 0.000539299 0.17860714 0.0012238132 0.0014490837 0.00016692968 0.32300693 0.00040491016 0.016073294 0.024256771 0.038315732 0.0002718349 0.008949467 3.8503993e-19 0.05315922 0.14566393 0.16227011 0.22746642 0.40434316 0.00013910422 0.20978208 0.730938 0.19426496 0.52819496 0.1179113 0.00040928874 0.06437444 0.028239772 1.6304883e-05 0.0019268958 0.071336 0.10424497 0.19951302 0.04173891 0.22595368 0.0855999 0.1302592 0.017312527 0.31975707 0.014420084 0.022605624 0.017513838 0.13591392 0.00022115327 1.4297776e-06 0.006392548 0.008867966 0.012610045 0.0072028907 0.007372433 2.5721653e-07 0.01283106 2.1076916e-05 0.0077469433 0.0027792826 4.6658747e-06 0.0032332893 0.33815452 0.0029542057 3.53759e-06 0.0027253095 0.41588897 0.0042662043 0.001587095 1.8390647e-05 4.998793e-06 0.33553678 5.241866e-07 0.00015343314 2.4364124e-06 0.030344103 0.000101448815 0.035923474 0.00015528663 0.00017409597 0.017117275 1.2133648e-06 0.0045640864 0.000113096314 1.6411504e-06 0.0076796003 2.2837435e-06 7.650327e-05 3.378766e-05 0.00030950425
0.005376485 0.1089661 0.1524725 0.07381213 0.11251256 0.046916097 0.018207593 0.09147766 0.12145198 0.011656638 0.1424285 0.051216185 0.007271235 0.29789445 0.048531372 0.17445056 0.011257313 0.022149347 0.45316902 0.0020530848 0.043470535 0.002642472 0.049518865 0.00033805097 0.24936533 0.008203503 0.009333812 0.0004074808 0.21804182 0.05315922 6.4096953e-21 0.0059419684 0.12822104 0.4595542 0.053926148 0.00072478584 0.047933437 0.034771673 0.03520475 0.028098036 0.029109674 0.0005793041 0.0032022982 0.46771744 0.0016657948 0.0017373109 0.37756252 0.0032110002 0.014939954 0.024740867 0.009181064 0.01059563 0.007036066 0.33036667 0.0078079235 0.008941116 0.0044253585 0.25206646 0.00871973 0.00082755066 0.00014722123 0.19078062 0.0087555945 0.09427445 0.10589132 0.0057200906 5.599237e-06 0.0026376972 0.00010530281 0.0019158871 0.02152837 0.0002632461 0.002361898 0.0054774918 0.0010683178 4.2429972e-05 0.001057373 0.00840311 0.0016751096 0.0017950662 0.0001970733 2.838964e-05 0.00920818 9.528493e-06 0.0016562794 8.131581e-06 0.00038749917 0.00010689021 0.0017629884 0.00035921973 0.0002862045 0.001513655 3.907317e-06 0.0001693196 0.00080578047 6.0467864e-06 0.00039430454 3.7493595e-05 0.00027726695 0.0010018756 7.909333e-06
