8e-45 0.025445454 0.00736175 0.07232241 0.04884062 0.0051421416 0.08201459 0.034960426 0.16978888 0.056880962 0.28922713 0.053574283 0.0031781264 0.0025057415 0.19132936 0.23301952 0.05848543 0.47500697 0.23282948 0.0030161145 0.3834203 0.42544165 0.031404212 0.13698976 0.4112425 0.074166976 0.093247935 0.0013783025 0.31421646 0.35306826 0.0039321273 0.6007265 0.08769235 0.0017502565 0.22546463 0.0018957924 0.42329663 0.7009802 0.5936733 0.00268252 0.3548016 0.091652766 0.030865874 0.48342857 0.02779031 0.49824017 0.0003331534 0.024372164 0.0153628485 0.7128771 0.60156476 0.65293944 9.744315e-05 0.00044881064 0.015905006 0.003071434 0.0013749731 0.50805545 0.6571108 0.6631198 0.5983788 0.8106648 0.0031538752 0.77146804 0.55183506 0.81295615 0.00069304736 0.0035357552 0.34429905 0.0005230132 0.882154 0.00038591484 0.57816154 0.9280652 0.0105243325 0.02696572 0.6539716 0.7256614 0.847604 0.9450373 3.2658347e-06 0.92053044 0.95889837 0.44842842 5.594273e-06 0.9356005 0.0024365543 0.00021948895 0.07873491 6.193946e-05 0.0030692045 0.25617415 0.46086854 0.00068648317 0.0026758031 0.3072644 0.05548295 0.98964936 7.3253005e-07 0.99258393 0.8910805
0.025445454 3.9872362e-23 0.43083942 0.53730035 0.44305715 0.26402664 0.40195668 0.2568277 0.3050186 0.26395288 0.27802312 0.16973858 0.19790846 0.26854202 0.25989726 0.19335146 0.14381374 0.22839442 0.123944886 0.03239381 0.061695542 0.07088851 0.03166968 0.114624895 0.045642562 0.10153762 0.10235849 0.13500378 0.04387077 0.032903444 0.027425054 0.115136415 0.04518532 0.07710815 0.1287565 0.0019199183 0.013553741 0.07595247 0.07911834 0.0006765347 0.008237425 0.017244589 0.005619445 0.036998995 0.0028758033 0.038769066 0.0047398065 0.0028645669 0.006260633 0.006082023 0.030341206 0.017262185 0.0011174093 0.00011871544 0.0011634054 0.0008308047 9.4670235e-05 0.011520201 0.091762885 0.024224676 0.015512287 0.023457391 0.0015150133 0.01760794 0.016071316 0.027940482 4.2412536e-05 0.00055823516 0.0045221965 6.223137e-05 0.030368011 5.0196864e-05 0.00068277004 0.014519424 0.00026452405 0.0019837602 0.032214567 0.031336904 0.006587665 0.039422702 6.373085e-05 0.038968336 0.027448112 0.0030869672 0.00011640185 0.027209505 0.00017008396 3.911478e-06 0.0005050904 0.00032772508 0.0001335822 0.0015814678 0.0026616496 3.0153697e-06 9.2470575e-05 0.002138088 0.00030498637 0.002823556 5.717199e-07 0.0006907557 0.0026010678
0.00736175 0.43083942 2.1987305e-22 0.3469688 0.4031836 0.60898066 0.25339708 0.45608357 0.233019 0.29470772 0.16038245 0.2620821 0.46702123 0.31011835 0.1658448 0.10356472 0.20192306 0.091622114 0.06400119 0.24934852 0.028323168 0.02830726 0.13670105 0.07690813 0.016122805 0.16007008 0.09368174 0.16229528 0.015029884 0.0107995095 0.11260044 0.043682627 0.084627315 0.08608985 0.079238735 0.020496298 0.0031035594 0.023251161 0.02743225 0.008365885 0.0011065084 0.036776964 0.002089882 0.012453564 0.001027573 0.011126491 0.02719707 0.015080343 0.002359929 0.00054519495 0.009273602 0.004215752 0.0026930822 0.005552194 0.00031159664 0.0031899903 0.00086372794 0.03162502 0.021876737 0.018852709 0.019714015 0.015600372 0.0008774632 0.0049788994 0.023484506 0.018501576 0.00044661836 0.0022951267 0.018873312 0.00016350936 0.008720192 0.000119910634 2.723771e-05 0.002756928 0.0001785946 0.0072428775 0.013562444 0.013835175 0.0068882564 0.015072724 0.0044283667 0.021125065 0.013696858 0.0067415433 6.8840964e-05 0.017730765 0.00011098534 5.7993316e-06 4.1948726e-05 4.6674664e-05 5.025923e-05 0.004290483 0.003979493 1.8337352e-05 0.0004615553 0.0040338794 6.6125336e-05 0.0008126128 5.0498682e-05 0.00027703858 0.0005381553
0.07232241 0.53730035 0.3469688 3.612587e-22 0.3215407 0.19440055 0.6079941 0.15983777 0.27902502 0.20128277 0.2964801 0.11453947 0.12325165 0.2685357 0.19695091 0.36421913 0.10693451 0.34169075 0.27223557 0.015053388 0.16624287 0.16483502 0.015247022 0.08172154 0.1456662 0.07406684 0.06663035 0.12839817 0.12010149 0.08048615 0.0139620565 0.14713377 0.020837959 0.07198986 0.09218434 0.0010873162 0.04959781 0.11439942 0.16695163 0.00043813328 0.028712783 0.008836334 0.014011083 0.066743225 0.0073442752 0.07018203 0.001580163 0.0015544785 0.015011411 0.021403607 0.06707099 0.059645712 0.0007957385 5.083683e-05 0.003220194 0.00078017305 9.0107125e-05 0.0047113653 0.08913667 0.014036338 0.0078062955 0.015613255 0.0021487705 0.045638733 0.008632426 0.018754862 3.222977e-05 0.0004998796 0.002731806 7.020254e-05 0.0680801 5.9664282e-05 0.0031980453 0.046296064 0.0009123265 0.0014063163 0.028589722 0.02718618 0.0042591062 0.055670824 3.767949e-05 0.060219683 0.020837655 0.001750683 0.00026255214 0.03840071 0.00040274812 9.190839e-06 0.00199887 0.001413685 0.00046407513 0.0021214664 0.0020854573 9.3170956e-07 8.5212916e-05 0.0019453092 0.0013520196 0.0035132768 8.890523e-08 0.0021216637 0.009509267
0.04884062 0.44305715 0.4031836 0.3215407 2.0679356e-23 0.23556386 0.23583873 0.368137 0.37909448 0.517625 0.3072621 0.29638517 0.15799798 0.17624931 0.42767444 0.13395026 0.26767498 0.14749122 0.08948891 0.03987112 0.053084586 0.056442376 0.05026698 0.22354774 0.036424927 0.1682578 0.20510712 0.095383584 0.02445525 0.01856169 0.02642736 0.12438897 0.07592212 0.037083134 0.2080287 0.003326918 0.008973526 0.082808785 0.07361454 0.0014503849 0.00424055 0.033718407 0.002863679 0.03721867 0.0014400162 0.040689282 0.005300941 0.0077572525 0.003097439 0.0031038288 0.026171805 0.013330534 0.0010832662 0.00010734931 0.0005566366 0.0015178456 0.00019156074 0.024380228 0.13125041 0.047438346 0.031332236 0.04574643 0.0009903436 0.0152137885 0.031372778 0.04569535 4.9846374e-05 0.0010859229 0.009180954 0.000112411995 0.029860422 7.2988376e-05 0.00011893109 0.006251425 0.00016070687 0.0022866356 0.047776386 0.040362433 0.012948979 0.04830047 6.964752e-05 0.038925484 0.03266985 0.00727214 8.7823166e-05 0.018268894 0.00015057602 4.93869e-06 0.00019837251 0.00020886277 7.387099e-05 0.001598464 0.0037589134 3.6735369e-06 6.449776e-05 0.0017570028 0.00010221095 0.002427054 8.801081e-07 0.00019683778 0.00066461903
0.0051421416 0.26402664 0.60898066 0.19440055 0.23556386 4.5956925e-23 0.12165349 0.3185668 0.09373588 0.19029915 0.067995474 0.17808808 0.5444429 0.2722074 0.078273594 0.03769687 0.13552548 0.032641012 0.026973946 0.42330885 0.0127076395 0.012815938 0.14343111 0.04183005 0.00801687 0.1006754 0.055638097 0.20470382 0.007982015 0.006170623 0.24800871 0.011637821 0.05514828 0.08487677 0.04931646 0.059494678 0.0019901772 0.0074420525 0.014048238 0.017623564 0.00068197615 0.032616448 0.0008373108 0.005278597 0.00040240202 0.004689454 0.03795474 0.011873912 0.0006097134 0.00023851992 0.004441393 0.0014859916 0.0020477565 0.041928273 0.0001727815 0.0017519108 0.0006566912 0.022007832 0.0063153645 0.00997563 0.01274152 0.007678106 0.0009669758 0.0019161612 0.015455213 0.0107279625 0.00090522884 0.0013979729 0.012640598 0.00040414458 0.004616698 0.0002546952 2.0903524e-05 0.0012808747 0.00012353026 0.008624646 0.008033517 0.009137161 0.0044870004 0.013203449 0.010314655 0.0267323 0.014220037 0.0061197216 6.24105e-05 0.017025959 0.00020221774 2.3103581e-05 3.254969e-05 2.0419158e-05 0.000113873924 0.003376727 0.0053520654 7.781281e-05 0.0006246076 0.004240754 0.00011274278 0.00030738045 0.00023543462 0.00016874539 0.0005573274
0.08201459 0.40195668 0.25339708 0.6079941 0.23583873 0.12165349 3.537637e-21 0.10395953 0.25460535 0.13630006 0.26319954 0.07744655 0.07186597 0.17279151 0.14245221 0.32262674 0.07028758 0.33786404 0.26163846 0.010973832 0.1807909 0.16714916 0.011405549 0.055724997 0.15292114 0.05011097 0.046620827 0.07534993 0.119288094 0.08766649 0.010846055 0.14519915 0.016386397 0.0372729 0.06318643 0.0009173667 0.055642657 0.13533725 0.20491068 0.0004893373 0.030361924 0.007861978 0.011709696 0.079432145 0.006790978 0.08327 0.0007081329 0.0020866191 0.010615327 0.023885978 0.084394805 0.07931546 0.0004014598 3.0589737e-05 0.0026990485 0.0007631203 0.00012626074 0.004315308 0.08676349 0.013811434 0.0070575136 0.013263858 0.0019459603 0.05036186 0.0071197106 0.016708879 2.7541439e-05 0.00052763906 0.0030078664 6.2603045e-05 0.07093373 4.1531046e-05 0.0030324894 0.049207523 0.00082593324 0.0013068666 0.02313962 0.022544738 0.0035001594 0.05320831 1.9642157e-05 0.05597517 0.017130096 0.0018933576 0.0002119624 0.0317577 0.0006570424 1.3062092e-05 0.0023257558 0.0011738883 0.00066170824 0.0012657426 0.0022509752 1.976129e-06 0.000116145915 0.0012696162 0.0020598082 0.0036697905 4.453805e-08 0.0021940325 0.008151859
0.034960426 0.2568277 0.45608357 0.15983777 0.368137 0.3185668 0.10395953 9.191684e-24 0.12456407 0.41084686 0.09189586 0.53181756 0.24831791 0.040189672 0.24079634 0.012042032 0.40735632 0.049674783 0.016124764 0.20804657 0.017028784 0.01848136 0.60262793 0.10290015 0.011485148 0.37023908 0.17245999 0.05089615 0.0048983297 0.0031074213 0.07468018 0.039410934 0.23782763 0.01906246 0.24531321 0.06948688 0.0021700023 0.023306895 0.027297841 0.054507855 0.0013975163 0.16485392 0.0003626491 0.016383871 0.00018762233 0.018240206 0.0024509255 0.06841909 0.0003623855 0.0009006189 0.014169705 0.005359566 0.00044918724 0.004973074 0.00014229315 0.020627731 0.0077837897 0.08096507 0.031204056 0.041179538 0.069433115 0.032815374 0.00015878445 0.007657879 0.07221501 0.035505347 0.004289534 0.0121462345 0.06688916 0.0021447712 0.011306822 0.0016635803 2.884447e-05 0.0027977861 0.00010745369 0.033383477 0.0314347 0.02971245 0.027686248 0.01984227 0.0019564154 0.020846779 0.025987897 0.030418647 4.133543e-06 0.014391137 1.5767135e-05 0.00021548642 3.858017e-05 1.01337755e-05 1.0139817e-05 0.03025883 0.021597965 0.0014352662 0.0051830974 0.024743982 2.0274578e-05 0.0014181717 7.514135e-05 0.00018169136 0.00013354831
0.16978888 0.3050186 0.233019 0.27902502 0.37909448 0.09373588 0.25460535 0.12456407 2.984712e-20 0.27614245 0.52409047 0.10791153 0.0438884 0.06485576 0.31397718 0.089755386 0.093334734 0.3153253 0.08382329 0.011951939 0.06683134 0.08690203 0.01759368 0.14102012 0.04503835 0.056212008 0.09508311 0.034353536 0.023792215 0.019125601 0.0037188325 0.23376457 0.0293109 0.008497458 0.12588401 0.0018589109 0.012873285 0.17824088 0.16743037 0.00095216493 0.004747626 0.016546879 0.0020386772 0.08356137 0.0012346819 0.09424002 0.00012456931 0.004300148 0.001262525 0.0045463494 0.06838087 0.04180265 0.00011368318 6.1187757e-06 0.00053750805 0.0014795788 0.00016392765 0.015546245 0.29485685 0.062467817 0.028506624 0.06326063 0.00042585115 0.057411272 0.023448797 0.06489478 1.675914e-05 0.0010670032 0.0046967804 5.6159566e-05 0.09184772 3.169266e-05 0.00062576425 0.016469555 0.00033923495 0.0031578091 0.081900306 0.07538592 0.009087762 0.16903071 5.5913924e-06 0.1118171 0.069394805 0.006165611 3.580019e-05 0.045456544 0.00023865643 8.18803e-06 0.0010994592 0.0002307178 0.00017600274 0.0024266418 0.0051889755 6.1055903e-06 0.00013978576 0.0037070673 0.0002897376 0.01082407 8.949504e-09 0.001568394 0.003962136
0.056880962 0.26395288 0.29470772 0.20128277 0.517625 0.19029915 0.13630006 0.41084686 0.27614245 6.809034e-24 0.20829591 0.4541901 0.11720436 0.09599688 0.5576158 0.059704382 0.40625268 0.098268524 0.0466906 0.042943988 0.03324181 0.032993507 0.08317676 0.34725675 0.021194499 0.28493565 0.30609944 0.06695505 0.012082289 0.009044661 0.021543184 0.11215567 0.11308853 0.030821266 0.2612786 0.0051041986 0.0057142535 0.075653516 0.064264 0.0032465986 0.0022240048 0.051582772 0.0014368474 0.028371787 0.0007721021 0.03173126 0.0034410618 0.013418384 0.0011123811 0.0019339018 0.01955907 0.008450763 0.00090104854 8.671196e-05 0.00050823623 0.0030001125 0.0004276184 0.040761504 0.12924004 0.06634878 0.050145354 0.063903645 0.0008669618 0.010741988 0.047412183 0.06504191 8.5110914e-05 0.0018680035 0.021054536 0.000193809 0.018617362 0.00011522602 2.9915029e-05 0.0030137543 0.000109505745 0.004060596 0.056280226 0.052933823 0.019706862 0.042186514 4.9417267e-05 0.024857225 0.04107021 0.013286425 2.8157108e-05 0.009589371 7.567843e-05 5.878418e-06 5.976787e-05 7.768802e-05 3.0077426e-05 0.004096136 0.008328161 7.1169848e-06 0.00012381321 0.003939514 4.1258692e-05 0.0019028159 4.598387e-07 7.756431e-05 0.00021580045
0.28922713 0.27802312 0.16038245 0.2964801 0.3072621 0.067995474 0.26319954 0.09189586 0.52409047 0.20829591 6.6603084e-19 0.07353155 0.025789525 0.05298512 0.26477483 0.10669532 0.077844806 0.3780977 0.09707996 0.008631446 0.08730932 0.11664792 0.012921833 0.12170671 0.07112638 0.047494017 0.077296086 0.025738426 0.03233845 0.029799435 0.0021952067 0.261631 0.025979294 0.0059958664 0.09390473 0.0011902925 0.018234083 0.2261488 0.20229109 0.0006843437 0.007488321 0.01201374 0.0024793963 0.111531034 0.0014611799 0.12030626 9.5561896e-05 0.002762779 0.001462325 0.0064015347 0.09167198 0.05719289 0.000113622154 3.6824497e-06 0.00053896115 0.0007042638 0.000112586335 0.013709487 0.31432918 0.06470064 0.02643273 0.06355163 0.0005986864 0.078816384 0.025089368 0.0641229 1.6456037e-05 0.00056839234 0.0034977717 5.571663e-05 0.108770445 3.3032742e-05 0.0012466547 0.022589937 0.0003776244 0.0024975191 0.0813762 0.06882437 0.008830938 0.21292277 1.7925205e-06 0.13459477 0.07241708 0.006354292 5.696431e-05 0.05820916 0.00032891554 6.996911e-06 0.0014922345 0.00031189303 0.00025311063 0.00173323 0.005337004 5.0010963e-06 9.385909e-05 0.0033887841 0.00035967774 0.01641926 2.165557e-09 0.0027214694 0.0061618816
0.053574283 0.16973858 0.2620821 0.11453947 0.29638517 0.17808808 0.07744655 0.53181756 0.10791153 0.4541901 0.07353155 1.0035418e-24 0.13014998 0.024040423 0.4022895 0.011718566 0.56500506 0.035139415 0.013258913 0.07737698 0.01320897 0.013485517 0.37824568 0.22710435 0.007330249 0.50370115 0.30481166 0.041763935 0.0035347305 0.0023764723 0.029999983 0.053505547 0.2658093 0.014653328 0.3197883 0.01649948 0.0015672045 0.03145485 0.030771201 0.017749071 0.0006130914 0.13904878 0.00028714415 0.015245728 0.00013347485 0.017219912 0.0013537897 0.035040963 0.00048113512 0.0006292258 0.014620245 0.0060015563 0.00030568874 0.00031389768 0.00011409547 0.0067120814 0.0023281958 0.06189749 0.05281206 0.056124706 0.06315622 0.055507608 0.00021908723 0.009729032 0.06605486 0.06419949 0.00016107589 0.0051530227 0.04481323 0.0003838738 0.015108234 0.0002875248 1.0554587e-05 0.002156509 4.339799e-05 0.0136747025 0.045061182 0.04397934 0.035188437 0.027419664 0.00016485497 0.018973695 0.04447697 0.03174786 3.883075e-06 0.010881098 1.5275751e-05 2.9660725e-05 7.5622834e-06 1.1068561e-05 5.712302e-06 0.016023783 0.02081303 0.00022964962 0.0020252508 0.014032745 6.0318343e-06 0.0013466862 2.339596e-06 5.7061257e-05 0.00011977395
0.0031781264 0.19790846 0.46702123 0.12325165 0.15799798 0.5444429 0.07186597 0.24831791 0.0438884 0.11720436 0.025789525 0.13014998 3.7129926e-26 0.266202 0.0414823 0.019830877 0.09248746 0.011513546 0.017500572 0.4038888 0.007118072 0.0061917175 0.08268154 0.020492604 0.004103207 0.07068937 0.031486727 0.18174626 0.0054859505 0.0039221654 0.59695745 0.004898944 0.029847097 0.060379446 0.024421172 0.05855479 0.000958442 0.0038148812 0.008082472 0.010710104 0.00057469786 0.015107089 0.00036880467 0.0032941247 0.00010909671 0.0026991863 0.07471138 0.0028341801 0.00021318014 0.00024084753 0.002839664 0.0012500524 0.0012190791 0.20013621 4.2244443e-05 0.0013557271 0.00035283781 0.008149838 0.0041196025 0.004270035 0.0052133743 0.004863992 9.150874e-05 0.0005411119 0.0046735173 0.006737796 0.00036185767 0.0003728299 0.0035671708 0.00016570787 0.001230887 0.00011492049 1.949427e-06 0.00014883395 4.758845e-06 0.0041828165 0.001980795 0.0015152553 0.0019269042 0.0015492283 0.01991159 0.00074067956 0.001677242 0.0022963823 6.184293e-06 0.00010268489 2.4679604e-05 6.8962316e-07 7.772711e-06 2.6895914e-06 1.9105784e-05 0.00069734914 0.0010505561 9.4202405e-06 0.00016036897 0.001012151 5.2369895e-05 1.4037174e-07 0.0001008141 2.5514115e-07 2.041466e-05
0.0025057415 0.26854202 0.31011835 0.2685357 0.17624931 0.2722074 0.17279151 0.040189672 0.06485576 0.09599688 0.05298512 0.024040423 0.266202 2.727942e-23 0.04966169 0.15508455 0.025573075 0.04126023 0.09638441 0.016210075 0.030952146 0.026349455 0.0012433053 0.023663238 0.024181627 0.009427261 0.02058825 0.4981601 0.036133748 0.025081348 0.07418476 0.010612286 0.004493432 0.5313782 0.0105638765 0.00072845095 0.011067327 0.007633984 0.014435309 6.6233384e-05 0.011333408 0.004495361 0.03192588 0.0057497225 0.017666778 0.0052593397 0.21722253 0.0010429813 0.082228966 0.005189359 0.00558792 0.0045008557 0.119575255 7.7904726e-05 0.002568724 0.00019110565 7.94845e-06 0.006199315 0.0062399553 0.0047060596 0.005433557 0.004589293 0.007036328 0.0024673303 0.005844772 0.0059773885 2.6087848e-05 0.000118448894 0.003410476 3.2153115e-05 0.0046522836 2.7759168e-05 0.00036142376 0.002199294 0.00079101784 0.001964495 0.0024659235 0.001968175 0.0004990912 0.005539152 7.112415e-05 0.00645369 0.0016688162 0.002234341 0.0055292747 0.002777775 0.0006796465 3.3569253e-07 0.0005325203 0.0007056231 0.0006010084 0.0006477139 0.00051472714 4.9588085e-08 6.165019e-06 0.0006533888 0.00080405676 4.935135e-06 3.200028e-07 1.5114164e-05 0.00039849634
0.19132936 0.25989726 0.1658448 0.19695091 0.42767444 0.078273594 0.14245221 0.24079634 0.31397718 0.5576158 0.26477483 0.4022895 0.0414823 0.04966169 3.2536032e-24 0.053349018 0.4521534 0.16053069 0.04638278 0.022903023 0.026621887 0.036382694 0.052469827 0.582386 0.018190201 0.31278467 0.45187336 0.031477395 0.008018381 0.0054368614 0.0051676263 0.20817035 0.093682855 0.011678362 0.32591236 0.0020095536 0.003294475 0.15833168 0.07297438 0.0015256869 0.0010939573 0.03104489 0.0006060507 0.03090986 0.0005060976 0.03647767 0.00074252114 0.009671496 0.00038070124 0.0010885712 0.016961642 0.0066554192 0.00029877297 9.631796e-06 0.00032831414 0.0017113733 0.00020275786 0.035915427 0.32353196 0.091508985 0.05252861 0.09029162 0.00055356964 0.01180512 0.04804693 0.0910948 3.884521e-05 0.0011127089 0.01786292 0.00013682828 0.02381153 8.246086e-05 9.402469e-06 0.0024068255 6.3299805e-05 0.002812914 0.09009071 0.08835696 0.018562417 0.072518416 1.3111834e-06 0.035048164 0.0720406 0.010631927 1.7206894e-05 0.009566504 9.556271e-05 9.457147e-06 5.9679245e-05 7.65407e-05 4.947673e-05 0.005518152 0.008499824 6.0596713e-06 8.478257e-05 0.0068286327 3.6591784e-05 0.0043842546 2.308212e-08 0.00016008278 0.00039192708
0.23301952 0.19335146 0.10356472 0.36421913 0.13395026 0.03769687 0.32262674 0.012042032 0.089755386 0.059704382 0.10669532 0.011718566 0.019830877 0.15508455 0.053349018 7.49815e-22 0.01490537 0.1995892 0.61100054 0.00474659 0.24615996 0.20850526 0.0009843481 0.017265413 0.300238 0.005783699 0.012479161 0.055353332 0.61807466 0.50077647 0.0026211771 0.04270853 0.003389085 0.0503706 0.015129668 0.00104616 0.36643958 0.038879775 0.08001282 0.0003025746 0.30139425 0.003465014 0.0935402 0.05325575 0.07446326 0.05849987 0.0008696692 0.00044273044 0.06325914 0.18965559 0.08585158 0.12841763 0.0009366497 3.0439081e-05 0.018835079 0.0003632812 2.7211696e-05 0.00037846467 0.03484079 0.0016159626 0.0006268361 0.0016732048 0.010535964 0.08388078 0.0008134715 0.0027247027 1.4359192e-05 0.0002538893 0.00037052753 2.5641446e-05 0.117465 2.2476139e-05 0.03726015 0.20151705 0.01213564 0.0010942155 0.012780934 0.012473695 0.0003971942 0.05097139 4.3155564e-05 0.078230165 0.0038178277 0.00019317883 0.0028559293 0.06591922 0.002099739 7.703879e-06 0.012070915 0.0052975114 0.002222421 0.00023909085 0.0001226384 4.2674384e-07 2.7940707e-05 0.00033944528 0.0062059765 0.0024088786 1.34178e-07 0.013037539 0.06131105
0.05848543 0.14381374 0.20192306 0.10693451 0.26767498 0.13552548 0.07028758 0.40735632 0.093334734 0.40625268 0.077844806 0.56500506 0.09248746 0.025573075 0.4521534 0.01490537 1.4140165e-25 0.04603772 0.01633532 0.044786785 0.0125930235 0.0139063625 0.284795 0.3100346 0.0063376226 0.5758599 0.4157658 0.04385139 0.0031701364 0.0023953544 0.019150348 0.061522312 0.2850327 0.020047767 0.3608848 0.008800499 0.0015170721 0.03735032 0.033743177 0.008946659 0.00040633045 0.12731902 0.00022849962 0.01368127 0.00013699633 0.015419453 0.0011849839 0.029057095 0.0003615522 0.0004838622 0.01205604 0.004814007 0.00016811125 5.3609103e-05 0.00013139886 0.0061452356 0.0022463528 0.06551392 0.06275627 0.06792474 0.061307408 0.06481149 0.00021094001 0.008052662 0.06344677 0.07299104 8.1703045e-05 0.005332789 0.049916632 0.00017949445 0.01523708 0.00013715934 8.127705e-06 0.002017663 2.4830983e-05 0.011444638 0.048744008 0.050897557 0.03594811 0.03035913 2.571175e-05 0.017332269 0.063228406 0.028384434 2.2857173e-06 0.0088891545 1.6062513e-05 1.0664784e-05 3.6994543e-06 1.0049717e-05 5.2503938e-06 0.017294563 0.02157688 5.1709245e-05 0.0015237471 0.015115057 4.540493e-06 0.0015680118 3.882421e-07 4.1415435e-05 8.7388646e-05
0.47500697 0.22839442 0.091622114 0.34169075 0.14749122 0.032641012 0.33786404 0.049674783 0.3153253 0.098268524 0.3780977 0.035139415 0.011513546 0.04126023 0.16053069 0.1995892 0.04603772 3.3961235e-20 0.25759923 0.0047419905 0.37506118 0.4893279 0.003823621 0.09173765 0.2635578 0.023331176 0.048902594 0.012895574 0.08126075 0.07702749 0.0009131547 0.326887 0.014750541 0.003945863 0.05350514 0.00031868432 0.037014436 0.3841088 0.37146237 0.00015496073 0.015273618 0.003939852 0.0035141988 0.19370638 0.0025344759 0.21051376 4.8450678e-05 0.00064428576 0.001749001 0.022530623 0.22154388 0.14877379 7.9606594e-05 1.5078248e-06 0.0017554244 0.00016607126 9.603024e-06 0.0044803596 0.30471772 0.028386576 0.008560818 0.029736739 0.0013678451 0.16948019 0.007689809 0.042182162 5.734764e-06 6.5757136e-05 0.00092662935 2.063951e-05 0.21548925 1.9447063e-05 0.0038724446 0.07210228 0.0007423311 0.00068263593 0.07003103 0.05971201 0.0042893356 0.27573842 1.2997533e-06 0.2520098 0.060508743 0.000845927 1.2509842e-05 0.13986449 0.00067555445 1.9454483e-05 0.0031991221 0.00017362591 0.0005900025 0.0004114427 0.0015023627 1.087481e-06 2.6205595e-05 0.00055937667 0.0012173927 0.030588958 8.748172e-10 0.016773907 0.008209032
0.23282948 0.123944886 0.06400119 0.27223557 0.08948891 0.026973946 0.26163846 0.016124764 0.08382329 0.0466906 0.09707996 0.013258913 0.017500572 0.09638441 0.04638278 0.61100054 0.01633532 0.25759923 1.6785994e-22 0.0043005403 0.38506517 0.2733134 0.0011922892 0.016241023 0.45339215 0.0069040875 0.01185791 0.04211986 0.61142594 0.4945775 0.002835536 0.08109832 0.0030781317 0.022770679 0.010220862 0.0010310002 0.34478876 0.08322689 0.13554692 0.0003433134 0.19113454 0.0018923684 0.040884804 0.07535162 0.030990662 0.078655005 0.0007295539 0.00053004985 0.02926211 0.147383 0.1429199 0.19100036 0.00050253 1.6000777e-05 0.009746957 0.00054775696 4.6874324e-05 0.00042900493 0.052861262 0.0011096322 0.00040357784 0.0011994254 0.008456451 0.12242066 0.00063308835 0.0019479927 2.3639452e-05 0.00030963207 0.00061352045 6.1978884e-05 0.15864585 4.6758196e-05 0.019944757 0.20398277 0.0050894385 0.0006332538 0.012837639 0.013284854 0.0002321717 0.08078407 1.385276e-05 0.09805045 0.0036771984 0.0001322573 0.0009657652 0.07061543 0.0021148236 1.8573974e-05 0.008192425 0.0029175878 0.0020984218 0.00019225747 0.00014277801 1.2856916e-06 3.164675e-05 0.00011262565 0.0051400503 0.0047573866 2.3682965e-08 0.015079574 0.042920146
0.0030161145 0.03239381 0.24934852 0.015053388 0.03987112 0.42330885 0.010973832 0.20804657 0.011951939 0.042943988 0.008631446 0.07737698 0.4038888 0.016210075 0.022903023 0.00474659 0.044786785 0.0047419905 0.0043005403 1.3829692e-25 0.003966032 0.0031723427 0.2649649 0.013707011 0.0021179104 0.05967821 0.020931294 0.021976614 0.0033978636 0.0029814392 0.30688012 0.0022692953 0.039056793 0.0053229975 0.02324931 0.53588676 0.00096595316 0.0008765621 0.0026587157 0.16717102 0.00022257831 0.03787885 7.995286e-05 0.0012515029 2.4257994e-05 0.0010516001 0.005160985 0.021282574 5.571355e-05 0.00013524566 0.0009899504 0.00022169237 0.00017526692 0.2799087 1.3321726e-05 0.0045589316 0.005380307 0.013793112 0.002526848 0.00397661 0.008003476 0.0032315783 4.999315e-05 0.00027289023 0.008280342 0.004719527 0.073776804 0.0027331335 0.013025274 0.010956776 0.0010296737 0.009831833 1.3076744e-06 9.457548e-05 3.6270321e-06 0.01094546 0.0031378306 0.0029003946 0.002266918 0.007554989 0.047760017 0.009153584 0.0056074876 0.0056563234 4.1561748e-07 0.0024315172 2.478239e-05 0.0012266344 3.3256297e-06 8.5435784e-07 1.5215064e-05 0.002805342 0.0039644493 0.00052308873 0.0017094144 0.0036136347 3.2644697e-05 6.862717e-06 0.007443909 2.6253808e-06 9.3919925e-06
0.3834203 0.061695542 0.028323168 0.16624287 0.053084586 0.0127076395 0.1807909 0.017028784 0.06683134 0.03324181 0.08730932 0.01320897 0.007118072 0.030952146 0.026621887 0.24615996 0.0125930235 0.37506118 0.38506517 0.003966032 3.4644784e-21 0.62695473 0.0018722207 0.011744404 0.66771734 0.006106485 0.008379372 0.0123914145 0.11191207 0.081288666 0.0011391722 0.06447093 0.003283121 0.0069797435 0.006363756 0.00024022082 0.03383325 0.073665984 0.10286326 9.394398e-05 0.010642274 0.0013714313 0.0062092063 0.047811925 0.0045932485 0.051431753 9.941216e-05 0.00038850956 0.0029324323 0.0148370825 0.1323303 0.1624982 0.0002174262 3.4357054e-06 0.0015039963 0.00020893668 1.2770454e-05 0.0004949285 0.049256273 0.00088654965 0.00041643344 0.0010883055 0.0014593931 0.103383005 0.0004174201 0.0018593495 9.797499e-06 0.00018124432 5.7444882e-05 2.615107e-05 0.14800856 2.5783474e-05 0.001777842 0.07729042 0.00076877116 0.00031003542 0.013428869 0.0098875165 0.0001788999 0.086527705 1.3038265e-06 0.11383794 0.0045624874 2.647306e-05 7.975584e-05 0.080091506 0.00046894109 4.0821087e-05 0.00092024246 0.0007538636 0.00046866792 2.8679426e-05 7.417603e-05 5.3835294e-07 1.2029715e-05 4.2993383e-05 0.0006805585 0.01055484 7.3307477e-10 0.012533458 0.009391205
0.42544165 0.07088851 0.02830726 0.16483502 0.056442376 0.012815938 0.16714916 0.01848136 0.08690203 0.032993507 0.11664792 0.013485517 0.0061917175 0.026349455 0.036382694 0.20850526 0.0139063625 0.4893279 0.2733134 0.0031723427 0.62695473 5.36417e-21 0.0018951823 0.017249372 0.55717295 0.0063874475 0.010950832 0.009659909 0.093675755 0.07800386 0.000837971 0.10217528 0.0039032488 0.0056211683 0.009237201 0.00020940826 0.032362957 0.123607725 0.1760282 5.4911867e-05 0.011177312 0.0013280255 0.0047834846 0.078526966 0.0036999825 0.08344591 5.5566095e-05 0.00041025708 0.0023795113 0.015470189 0.16949996 0.17846432 0.00012394553 1.0884605e-06 0.0012019809 0.00010447776 6.613262e-06 0.00073927414 0.07680226 0.002335041 0.00079561025 0.002749718 0.0012341792 0.13562024 0.00081373187 0.0041357595 4.9613395e-06 0.00010203213 6.876602e-05 1.6170763e-05 0.18653578 1.4135469e-05 0.0021237114 0.080364846 0.0008148155 0.00036962912 0.02198253 0.016532132 0.00029083996 0.1291834 5.5787876e-07 0.16868147 0.0074145487 3.8827286e-05 3.6738857e-05 0.109430745 0.00052382436 2.6287922e-05 0.0010466381 0.000428724 0.00053714344 3.4467303e-05 0.0001353348 3.827482e-07 1.3497705e-05 5.6516918e-05 0.00076747674 0.015602002 2.6117755e-10 0.015646173 0.00850336
0.031404212 0.03166968 0.13670105 0.015247022 0.05026698 0.14343111 0.011405549 0.60262793 0.01759368 0.08317676 0.012921833 0.37824568 0.08268154 0.0012433053 0.052469827 0.0009843481 0.284795 0.003823621 0.0011922892 0.2649649 0.0018722207 0.0018951823 3.5396583e-23 0.03151795 0.00087720586 0.4828702 0.07557632 0.0035469949 0.0006977633 0.0005336462 0.014808803 0.007466696 0.42315558 0.0017260833 0.16763683 0.27730346 0.00025432382 0.0049830102 0.0049065235 0.43797556 0.00012779585 0.45005617 2.6705842e-05 0.0024882415 1.2482767e-05 0.002520844 0.00021987004 0.4578209 4.3302945e-05 5.9048183e-05 0.002486205 0.00039491063 9.356738e-05 0.0054123863 2.338379e-05 0.24618606 0.15615754 0.08379304 0.008304289 0.024291286 0.043956224 0.020659225 3.249566e-05 0.0014646271 0.049046516 0.01970707 0.09590217 0.08416713 0.13158552 0.054328643 0.0031133792 0.050538786 1.0272377e-06 0.0003965805 6.744565e-06 0.08343794 0.013496157 0.013897321 0.029953735 0.010996041 0.0034211902 0.009714133 0.019837797 0.041324668 7.51531e-07 0.0052400446 3.208326e-06 0.025412362 3.1229572e-06 1.558131e-06 1.4637831e-06 0.040238228 0.03164454 0.027758848 0.03019506 0.036472213 4.3168798e-06 0.0006176181 0.00017845789 4.5936402e-05 2.0099042e-05
0.13698976 0.114624895 0.07690813 0.08172154 0.22354774 0.04183005 0.055724997 0.10290015 0.14102012 0.34725675 0.12170671 0.22710435 0.020492604 0.023663238 0.582386 0.017265413 0.3100346 0.09173765 0.016241023 0.013707011 0.011744404 0.017249372 0.03151795 6.619457e-25 0.0070452215 0.23115556 0.46856716 0.014166145 0.003210965 0.0026297953 0.0027911756 0.13463312 0.09428814 0.0052893786 0.32360083 0.0012725266 0.001559063 0.101038806 0.040922053 0.0009459311 0.0004672007 0.027909424 0.00030304355 0.014494702 0.00019800734 0.01640922 0.0004880955 0.0070232884 0.0002652511 0.00044323973 0.008082037 0.0033585527 0.0001304965 2.8679683e-06 0.00013351892 0.0011119427 0.00013542984 0.03215749 0.23218015 0.08855718 0.048162673 0.089149036 0.00029354237 0.0058543924 0.04559762 0.084115796 2.2826951e-05 0.00094612053 0.017937426 6.472371e-05 0.012864639 3.737368e-05 2.0600366e-06 0.0016744044 2.0183521e-05 0.0018106381 0.07376775 0.07545661 0.018700602 0.050770298 3.6305536e-07 0.020802297 0.087063216 0.010837979 9.359366e-06 0.0060591316 3.6667974e-05 4.0498526e-06 9.282714e-06 2.5089515e-05 1.5509371e-05 0.0065249274 0.00664639 8.8924235e-06 0.000107377884 0.007011397 8.949526e-06 0.0041357926 5.6141785e-09 0.00010744324 0.00021198847
0.4112425 0.045642562 0.016122805 0.1456662 0.036424927 0.00801687 0.15292114 0.011485148 0.04503835 0.021194499 0.07112638 0.007330249 0.004103207 0.024181627 0.018190201 0.300238 0.0063376226 0.2635578 0.45339215 0.0021179104 0.66771734 0.55717295 0.00087720586 0.0070452215 1.0583737e-20 0.0023980986 0.0048365206 0.008426053 0.1949712 0.15248032 0.0004887879 0.04557708 0.0011590775 0.006437339 0.003119414 0.00012022852 0.06828862 0.05376511 0.09021472 3.629297e-05 0.023501517 0.0007727305 0.012581985 0.04622601 0.010552942 0.050045747 5.4730088e-05 0.00020967465 0.004944166 0.035563536 0.166926 0.3380115 0.00015662012 8.8440174e-07 0.0020534415 8.724142e-05 5.35943e-06 0.00014746012 0.033688724 0.0003446254 0.00013910633 0.0003902731 0.0017056615 0.13068318 0.00014516067 0.0006617779 3.710489e-06 8.1415565e-05 2.6695861e-05 1.3888568e-05 0.17649679 1.2448493e-05 0.004454843 0.11047756 0.0012575069 0.00019125007 0.008791519 0.0067602396 4.5704324e-05 0.082414426 6.0242377e-07 0.12666786 0.0013003771 7.790499e-06 9.5247546e-05 0.09595045 0.0005117753 2.3205803e-05 0.0013626274 0.00063010736 0.0006141155 9.605021e-06 1.4858512e-05 3.4317478e-07 7.067657e-06 1.2201828e-05 0.0009680563 0.007414938 8.661703e-10 0.01499465 0.020683877
0.074166976 0.10153762 0.16007008 0.07406684 0.1682578 0.1006754 0.05011097 0.37023908 0.056212008 0.28493565 0.047494017 0.50370115 0.07068937 0.009427261 0.31278467 0.005783699 0.5758599 0.023331176 0.0069040875 0.05967821 0.006106485 0.0063874475 0.4828702 0.23115556 0.0023980986 1.4559613e-25 0.41056114 0.026034856 0.0010266968 0.00069117086 0.013597125 0.04176943 0.5326546 0.009159134 0.46430597 0.014161202 0.0005427689 0.02522156 0.021443509 0.02604094 0.00015268083 0.33216408 3.9024813e-05 0.010752705 1.692735e-05 0.012686896 0.00043781288 0.07700285 9.485133e-05 0.00022086115 0.009037509 0.0034018143 6.581046e-05 3.4793764e-05 3.5921323e-05 0.015432548 0.009443092 0.09141201 0.056481022 0.066884995 0.08068457 0.06487731 5.6812944e-05 0.006955539 0.08876416 0.07333586 0.00022092075 0.010340292 0.085818954 0.0009324808 0.011568705 0.0005053855 2.797845e-06 0.0014500979 7.1510162e-06 0.021850571 0.04824842 0.050719358 0.05491276 0.029297777 3.6058922e-05 0.01624825 0.07016475 0.04134941 5.5811563e-07 0.008713117 5.6892127e-06 6.117046e-05 1.4696186e-06 4.981371e-06 1.948011e-06 0.027537739 0.034954336 0.0017781785 0.003908681 0.026611274 2.2384743e-06 0.0015821852 4.190434e-07 5.3255866e-05 4.7410045e-05
0.093247935 0.10235849 0.09368174 0.06663035 0.20510712 0.055638097 0.046620827 0.17245999 0.09508311 0.30609944 0.077296086 0.30481166 0.031486727 0.02058825 0.45187336 0.012479161 0.4157658 0.048902594 0.01185791 0.020931294 0.008379372 0.010950832 0.07557632 0.46856716 0.0048365206 0.41056114 5.3210547e-25 0.01894146 0.0025011373 0.0019123136 0.0046292143 0.08109028 0.22067635 0.009597147 0.46681663 0.0036178865 0.001096176 0.042820644 0.022263382 0.003764029 0.00037705872 0.072422214 0.00019979056 0.0085884 0.0001185055 0.009502096 0.0010812309 0.015849315 0.0003149505 0.00038011535 0.0058034793 0.0025269242 0.00023903066 7.136539e-06 0.000114481314 0.0041959793 0.00107408 0.04913562 0.11762401 0.086868435 0.06171993 0.0831011 0.00017838982 0.0034278294 0.059376143 0.07915052 2.8758112e-05 0.0032106559 0.032939643 0.00012377567 0.007545405 8.294125e-05 3.2998407e-06 0.0014302871 2.3014478e-05 0.0061000884 0.05353256 0.056430206 0.026382752 0.027541954 1.3593952e-06 0.013665583 0.08562884 0.01745764 5.4294874e-06 0.0056242268 2.463878e-05 5.817989e-06 4.180521e-06 1.5926862e-05 9.781777e-06 0.015239898 0.014313858 2.661703e-05 0.0007792833 0.015094905 4.8279812e-06 0.0022972608 2.2717243e-08 3.9619863e-05 9.86564e-05
0.0013783025 0.13500378 0.16229528 0.12839817 0.095383584 0.20470382 0.07534993 0.05089615 0.034353536 0.06695505 0.025738426 0.041763935 0.18174626 0.4981601 0.031477395 0.055353332 0.04385139 0.012895574 0.04211986 0.021976614 0.0123914145 0.009659909 0.0035469949 0.014166145 0.008426053 0.026034856 0.01894146 5.595937e-25 0.011040467 0.0077551035 0.09517312 0.0064157047 0.0133973425 0.57632625 0.014603837 0.0003821102 0.002415643 0.004851738 0.0066508 8.3422776e-05 0.0017628917 0.010517777 0.0045151724 0.0011879649 0.001569407 0.0010753447 0.2288235 0.0009611733 0.009335071 0.0007344601 0.0023691575 0.0010666278 0.085103475 0.002178694 0.00016067055 0.00018923331 5.141884e-06 0.011661786 0.0041161147 0.008779907 0.014138303 0.008971112 0.0002754802 0.0005851984 0.015736207 0.00971923 1.4078205e-06 4.966284e-05 0.002500788 2.5655377e-06 0.0016422159 2.2603942e-06 3.41056e-05 0.0003597995 5.148103e-05 0.00058431196 0.0017490834 0.0017044574 0.026280146 0.0015720839 0.00011047171 0.0006039563 0.0027157927 0.020212043 0.00035854412 0.00014635402 3.6644553e-05 3.925779e-08 0.00012176969 1.8919804e-05 1.8561417e-05 0.00023530688 0.00854378 2.5269264e-08 4.1264119e-07 0.00069742 8.411934e-05 3.2095457e-07 7.714131e-09 8.5261524e-07 3.6339206e-05
0.31421646 0.04387077 0.015029884 0.12010149 0.02445525 0.007982015 0.119288094 0.0048983297 0.023792215 0.012082289 0.03233845 0.0035347305 0.0054859505 0.036133748 0.008018381 0.61807466 0.0031701364 0.08126075 0.61142594 0.0033978636 0.11191207 0.093675755 0.0006977633 0.003210965 0.1949712 0.0010266968 0.0025011373 0.011040467 3.300777e-20 0.64607024 0.0010238329 0.021278586 0.0007744848 0.011292566 0.0013744237 0.0004020186 0.5208646 0.019769859 0.028970858 8.078869e-05 0.23141658 0.0011581007 0.05252653 0.016769733 0.04226892 0.01783884 0.0003175306 0.0004115599 0.017467799 0.2247798 0.05993337 0.1356829 0.00071501464 1.0496157e-05 0.013915345 0.00026199134 1.8622144e-05 0.00018053188 0.013460994 9.969432e-05 6.484555e-05 9.836592e-05 0.0058985874 0.0670758 0.00010339427 9.8879726e-05 3.3352168e-05 0.00018693578 7.3840005e-05 7.590025e-05 0.09274752 7.1452116e-05 0.01860358 0.17486121 0.006714959 0.00027408113 0.0030405442 0.0025878514 1.7414754e-05 0.022055075 1.3530093e-05 0.045896687 0.00039752063 1.1171928e-05 0.0005259588 0.044405684 0.0016475217 3.0223671e-05 0.005135156 0.0029686887 0.001830131 2.312631e-05 1.1401557e-05 1.159791e-06 9.821636e-06 1.405373e-05 0.0031526755 0.0011045728 2.5291492e-08 0.009978474 0.04372267
0.35306826 0.032903444 0.0107995095 0.08048615 0.01856169 0.006170623 0.08766649 0.0031074213 0.019125601 0.009044661 0.029799435 0.0023764723 0.0039221654 0.025081348 0.0054368614 0.50077647 0.0023953544 0.07702749 0.4945775 0.0029814392 0.081288666 0.07800386 0.0005336462 0.0026297953 0.15248032 0.00069117086 0.0019123136 0.0077551035 0.64607024 1.0763708e-19 0.00058245845 0.019127317 0.0006054213 0.009936377 0.001167946 0.00024781033 0.62506497 0.01633845 0.024151053 4.157297e-05 0.3077405 0.0010600253 0.05514243 0.014755149 0.04643766 0.01584973 0.0002242977 0.00031057963 0.018997412 0.33356673 0.05843893 0.17440201 0.00064799434 4.0206055e-06 0.016686203 0.0001362695 8.437664e-06 0.00013598934 0.009833258 5.89056e-05 3.536792e-05 4.9637132e-05 0.0063175787 0.065598056 5.569948e-05 5.548232e-05 2.2838098e-05 0.00010847952 5.378747e-05 7.133739e-05 0.0928393 7.815395e-05 0.02547698 0.21068934 0.0092620365 0.0002229284 0.0022124008 0.0014432608 1.1872115e-05 0.018836068 5.2972987e-06 0.041926093 0.0001958181 7.156037e-06 0.0004750758 0.044464335 0.0017815589 2.9253026e-05 0.0074851876 0.0027061235 0.0021118186 1.702663e-05 9.841194e-06 9.879423e-07 9.8339415e-06 1.19058805e-05 0.004456874 0.00088546297 7.766393e-09 0.010005394 0.05530061
0.0039321273 0.027425054 0.11260044 0.0139620565 0.02642736 0.24800871 0.010846055 0.07468018 0.0037188325 0.021543184 0.0021952067 0.029999983 0.59695745 0.07418476 0.0051676263 0.0026211771 0.019150348 0.0009131547 0.002835536 0.30688012 0.0011391722 0.000837971 0.014808803 0.0027911756 0.0004887879 0.013597125 0.0046292143 0.09517312 0.0010238329 0.00058245845 1.7614395e-23 0.00064074225 0.004570799 0.053465903 0.0036233626 0.047589906 0.0002172718 0.00033659607 0.000961255 0.002919389 0.00012174055 0.0029211782 1.7460352e-05 0.00023704366 4.798315e-06 0.00021896294 0.080276854 0.00069054693 1.2512671e-05 3.146897e-05 0.00038067187 0.00020601528 0.0006275299 0.3518541 8.681445e-06 0.00034195522 8.284631e-05 0.002187198 0.0010271316 0.0031253425 0.0030527548 0.003946469 1.196967e-05 4.0504998e-05 0.0021499726 0.0061709024 0.00032052927 0.0001725314 0.0009655875 7.868688e-05 0.000120287 7.2758616e-05 2.8802822e-07 1.2495368e-05 1.4433474e-06 0.0013708062 0.00099688 0.0007157907 0.022189997 0.00013956024 0.022836033 2.7732236e-05 0.0022225387 0.021393184 1.1114262e-06 5.79408e-06 2.8685647e-06 2.8804347e-06 2.320245e-06 5.5471213e-07 2.3193488e-06 0.0015307594 0.026701186 1.7063741e-05 6.419994e-05 0.0074319784 4.547097e-06 4.108982e-08 0.00015845436 2.8404926e-08 2.1124981e-06
0.6007265 0.115136415 0.043682627 0.14713377 0.12438897 0.011637821 0.14519915 0.039410934 0.23376457 0.11215567 0.261631 0.053505547 0.004898944 0.010612286 0.20817035 0.04270853 0.061522312 0.326887 0.08109832 0.0022692953 0.06447093 0.10217528 0.007466696 0.13463312 0.04557708 0.04176943 0.08109028 0.0064157047 0.021278586 0.019127317 0.00064074225 3.2593614e-20 0.03569736 0.0028860443 0.115893364 0.0002836822 0.009053519 0.6385118 0.40765586 0.00022994612 0.002844444 0.010865006 0.0010089205 0.22290552 0.0011365878 0.2322556 0.00013992982 0.0012744005 0.00049490796 0.005876533 0.103265524 0.03906597 0.000102820326 1.6780162e-06 0.0005110136 0.00042084444 3.4653393e-05 0.023634424 0.44378582 0.081378974 0.047592822 0.08652507 0.00044059684 0.07779662 0.035544965 0.095254265 6.481263e-06 0.00030160457 0.0055046966 2.5771942e-05 0.13302691 1.7552728e-05 0.00065198727 0.015003584 0.00036335582 0.0015392845 0.18059604 0.14910065 0.029561324 0.39794856 5.550251e-06 0.31401074 0.13885799 0.007585035 2.9850437e-06 0.15903625 0.00023788588 1.0120196e-05 0.00044009712 5.4799126e-05 0.0001957199 0.004487105 0.0061591202 3.1130644e-06 0.000111332505 0.0052875862 0.00012335744 0.08606067 6.954818e-10 0.011962914 0.0028508897
