2.8735795e-35 0.0015690156 0.0023859523 0.00054540456 0.00023825778 0.048731178 0.008692472 0.03442618 0.0004906666 0.25745416 0.00017606754 0.07130623 0.004433061 0.27248478 0.043361165 0.07475107 0.65900856 0.2356004 0.73866755 0.00032887256 0.13984358 0.0027095568 0.78753436 0.16024272 0.32101014 0.6834468 0.7410563 0.00041000047 0.8310692 0.40255094 0.9140561 0.9641089 0.0037368995 0.15365438 0.70430934 0.012475115 0.86963004 0.8793523 0.626129 0.96571374 0.9443758 0.08324719 0.7302215 0.8687351 0.003994105 0.84653413 0.9101601 0.904702 0.28356424 0.20610675 0.9500481 0.010571603 0.6492835 0.96184117 0.00048111222 0.9879294 0.90334576 4.9124435e-07 0.002875869 0.96138877 0.82547796 0.06854687 0.6628016 0.7635088 0.7893483 0.97306514 0.99393517 0.061734606 0.0016638484 0.17466962 5.7261866e-07 0.95253927 0.9696378 0.074642844 0.9673376 0.0013160121 0.96044683 0.96611285 0.9947768 0.54472244 0.2575512 0.0143130375 0.17177574 0.00011079508 0.9981282 0.996083 0.9538192 0.23602206 0.00017800168 0.9983723 0.00066904834 0.9736056 0.037742887 0.75465 7.895466e-06 0.11634759 0.9999174 0.99750847 0.24344017 0.06765069 0.7894368
0.0015690156 4.8990066e-20 0.6680586 0.1697366 0.17773914 0.50108683 0.21029405 0.21059574 0.01904981 0.036255863 0.018929603 0.03245976 0.0020057873 0.014674234 0.0022667355 0.011333785 0.05516552 0.006515861 0.004417524 0.0012049826 0.0028502129 1.197555e-05 0.0030437068 0.0020082623 0.0043292893 0.0034414723 0.0023653996 7.0781156e-05 0.003169923 0.0010699364 0.0009652238 0.00062083144 3.0041122e-06 5.824998e-05 0.0018489823 3.6833098e-06 0.0010135385 0.00056202064 0.00091645634 0.00056862546 0.0005472416 0.0026069558 0.001822087 0.0011595783 3.301312e-07 0.00054947805 0.00065545546 0.0004452426 3.4185512e-05 0.004772287 0.0004625033 1.0143168e-06 9.834753e-05 0.00055024156 0.0033186912 0.00037749714 0.00082655606 3.031067e-05 3.5106342e-07 0.00020350466 6.247624e-05 2.2583568e-05 0.0001370716 5.148054e-05 7.6994686e-05 0.00018681637 0.00052124547 3.4824557e-06 4.49854e-05 9.148125e-05 3.811979e-05 0.00032395578 0.0008640377 1.1146121e-05 0.0007398987 5.4540447e-08 0.0005160451 0.0023538761 0.00042711996 0.00079321954 0.00010201365 4.9115954e-07 4.540036e-05 0.0003176293 0.0009569063 0.000986011 0.00046137022 7.7992154e-05 2.2300512e-08 0.0025602328 9.068082e-09 0.00037847747 0.0017924933 0.00017181845 6.0913797e-05 4.7260683e-06 0.0010698686 0.0008839616 2.3440705e-05 2.5356433e-06 3.7431535e-05
0.0023859523 0.6680586 9.836375e-22 0.093255855 0.07344966 0.6592655 0.19203797 0.22646116 0.028282564 0.069788896 0.016799057 0.03839392 0.002348371 0.025058514 0.0022222784 0.016099328 0.115885735 0.014993784 0.012275892 0.0012729217 0.006683838 1.7062e-05 0.008107933 0.0038910136 0.012005064 0.010145742 0.009349276 6.542105e-05 0.010544523 0.0032960037 0.0030821778 0.0031902639 1.8404673e-06 5.7020075e-05 0.005846537 1.6870838e-06 0.0017631481 0.0011561501 0.0010855149 0.0025819708 0.0015171322 0.0051780874 0.0042597707 0.00462317 3.02474e-07 0.0004767133 0.003999569 0.0025557207 9.071308e-05 0.005298153 0.000971292 4.5614317e-07 0.0005325755 0.0021325112 0.0047683767 0.00064768887 0.0017712943 9.864675e-06 2.2994644e-07 0.0008935298 0.00031543296 4.132737e-05 0.00042540967 0.00046829937 0.00063311035 0.00032781856 0.0009129736 4.7503113e-06 4.3954133e-05 9.392194e-05 8.951609e-06 0.0008415817 0.0013328355 4.5402066e-06 0.001091153 5.493991e-08 0.00079749565 0.0029559701 0.0005344794 0.0012537779 0.00024174406 4.2556243e-07 4.6357964e-05 0.00036722914 0.0011808864 0.0017158267 0.00045819167 7.988373e-05 1.2147101e-08 0.0029219666 1.0692089e-08 0.00027647693 0.0023100865 0.00017703298 8.1840684e-05 7.1700138e-06 0.0012361547 0.0014277685 3.628048e-05 3.7890957e-06 4.7378493e-05
0.00054540456 0.1697366 0.093255855 1.0343337e-20 0.6905433 0.15106596 0.17782766 0.10887986 0.007431457 0.016950063 0.0057958188 0.033192817 0.0045515075 0.010249294 0.0032918304 0.015397125 0.0097238105 0.0063042142 0.0019537676 0.0055156 0.0039106854 0.0001631564 0.0016151136 0.002906883 0.0038734423 0.0024990058 0.0006909689 9.647006e-05 0.0018458789 0.0019191686 0.0004124233 0.0002787514 7.139936e-06 0.00025405354 0.0018294245 7.167375e-06 0.00019766584 0.00013010047 0.00025931717 0.0003177981 0.00017625168 0.0003465708 0.001716028 0.0009522898 1.5807401e-06 0.0002441802 0.00045202195 0.00037046286 4.2016993e-05 0.0014064711 0.0001885202 7.145722e-07 0.0001207799 0.00067287096 0.0027128404 7.114919e-05 0.0006235176 0.00018283038 4.5989833e-07 0.00046755633 0.00011619777 1.5717771e-05 0.00011307518 4.8737773e-05 6.9192836e-05 6.8413196e-05 0.0007541937 2.991724e-06 7.1770605e-06 4.8814014e-05 0.00012590314 0.0006847256 0.00059597177 1.24799335e-05 0.00048349155 2.0465068e-07 0.0003607168 0.00073339546 0.00023144946 0.0010861596 0.00010066144 7.723635e-07 7.6800716e-05 0.00012732507 0.00047897222 0.00067080115 0.00068903755 0.0002345089 1.1524694e-07 0.0018623391 1.7466288e-08 0.00028836314 0.0012822247 0.00018962027 4.0740633e-06 2.061144e-05 0.00016015775 0.0005739946 3.359638e-05 3.4583418e-06 7.400271e-05
0.00023825778 0.17773914 0.07344966 0.6905433 1.3220589e-22 0.10986025 0.5033822 0.14503269 0.003647959 0.012770181 0.0031186792 0.060605217 0.020670772 0.009237532 0.008058996 0.026892299 0.002419701 0.0058266628 0.00082926947 0.036833353 0.004114459 0.000558699 0.0007173981 0.0032388892 0.0032195323 0.0015814195 8.700877e-05 0.00040844845 0.0011026172 0.0021955732 0.00026919777 5.111198e-05 6.398635e-06 0.00022414824 0.0013895452 4.753552e-06 1.2073896e-05 1.0183155e-05 0.00011015672 4.920963e-05 7.3297946e-05 3.2070584e-05 0.0013719454 0.0006052591 1.1143874e-06 9.823889e-05 0.00025595064 0.00020392021 1.88017e-05 7.6105076e-05 4.4553373e-05 7.780516e-07 6.297316e-05 0.00035982608 0.0003673567 6.754265e-06 0.00023759069 0.0012203079 6.482168e-07 0.00028928838 5.781074e-05 4.5551265e-06 6.010259e-05 1.7017703e-05 3.1242667e-05 1.3008339e-05 0.0003378834 2.1733251e-06 3.645034e-07 2.8470682e-05 0.00029901924 0.00018026211 0.00024326234 1.009702e-05 0.000110236695 5.2346998e-08 9.056657e-05 0.00019643307 5.51807e-05 0.00017644289 3.3674296e-05 1.3443104e-06 3.3066215e-05 8.873878e-06 0.0001848702 0.0002963823 0.00020159774 7.9544065e-05 2.71768e-08 0.0011282436 2.4268788e-08 6.654755e-05 0.00014196445 5.3769058e-05 1.079013e-06 1.5605334e-05 2.9369678e-05 0.00022627969 1.2470249e-05 7.576201e-06 2.4334666e-05
0.048731178 0.50108683 0.6592655 0.15106596 0.10986025 3.0443253e-19 0.5698082 0.7522908 0.061610673 0.5950994 0.033852734 0.24470633 0.009101578 0.28558594 0.010643507 0.091153815 0.41606507 0.124154575 0.21347308 0.0025193254 0.055152677 0.00013004117 0.12390781 0.03632523 0.10645351 0.07310852 0.08518144 0.00025894103 0.06894193 0.047970172 0.10521438 0.1258222 1.2823285e-05 0.00028350207 0.054750264 2.4122403e-06 0.017307756 0.010467938 0.0039298125 0.0999993 0.03766249 0.017252203 0.03054134 0.023072535 1.3255087e-06 0.001960445 0.016690461 0.010658688 0.00015749951 0.006635202 0.017079186 4.9995964e-07 0.001000808 0.030575123 0.016394345 0.001989851 0.013600627 3.2732227e-05 5.4949106e-07 0.002092415 0.0005404113 6.845967e-05 0.00054659694 0.0005054472 0.0006864314 0.0032531722 0.0009024421 7.2805365e-06 3.0043428e-05 8.0823134e-05 2.9600447e-05 0.0010449366 0.0030662364 5.5967594e-06 0.002749435 1.1351265e-06 0.0019251639 0.0076794242 0.0032114931 0.0007897127 0.00013096539 1.2054664e-06 2.2935314e-05 0.0010678797 0.0026915057 0.005231157 0.00072914385 2.0825066e-05 1.4545617e-07 0.010035803 1.6821475e-07 0.00010028439 0.010075869 4.287105e-05 0.00081475993 3.1155087e-06 0.005559395 0.0050902525 2.4537716e-05 3.9919623e-06 3.092778e-05
0.008692472 0.21029405 0.19203797 0.17782766 0.5033822 0.5698082 1.3563728e-21 0.87586015 0.007974809 0.39619604 0.0033852411 0.73554707 0.33239615 0.26905814 0.2905698 0.5856551 0.0070703505 0.19470291 0.02525751 0.07273279 0.1784696 0.005734122 0.016960502 0.17212486 0.11929668 0.05223557 0.0008490569 0.0026899544 0.025478339 0.09399252 0.0055091 0.0011248456 0.00031202246 0.004353809 0.046229053 0.00064934697 0.00024240642 0.00011896512 0.00048232736 0.0011106443 0.002424367 0.0001536651 0.023955962 0.009493089 6.1857245e-05 0.00030643915 0.003824396 0.002666158 0.00064684503 0.0011893245 0.00053215533 2.8231723e-05 0.0031201562 0.0016098728 0.0006758219 0.00020352058 0.0004923127 0.0039815605 1.1643931e-05 0.0008514606 0.00048423916 0.000103831226 0.00063163013 0.00047638585 0.0006359281 0.00016532067 0.0010738387 2.8745333e-05 1.9504164e-06 0.00018660839 0.0017552654 0.00088067446 0.0007356641 7.9272955e-05 0.0005545175 2.561213e-06 0.00041417076 0.00065351184 0.0003550166 0.0015099145 0.00020237941 2.1828957e-05 0.00021873043 0.00037945758 0.0008529577 0.00060886214 0.0011060189 0.00026929408 6.890841e-07 0.00044124044 4.465495e-07 0.0003672971 0.007340431 0.00030536472 6.775914e-05 2.0674674e-05 0.0003638904 0.00029373277 6.2152605e-05 8.504486e-05 0.00013260676
0.03442618 0.21059574 0.22646116 0.10887986 0.14503269 0.7522908 0.87586015 2.8137783e-20 0.03734214 0.5960933 0.010406593 0.5532013 0.053871106 0.3557219 0.059656136 0.34828123 0.08285023 0.17165205 0.0909479 0.009040581 0.098464526 0.0020716162 0.057415392 0.08566552 0.097616896 0.057274707 0.00905127 0.0007367179 0.054190736 0.051814727 0.035731878 0.013516998 0.00013490584 0.0021226138 0.04400816 0.0002650503 0.0037141133 0.0013584221 0.0012253815 0.014241725 0.014424623 0.00027587905 0.023855494 0.02676387 2.0606783e-05 0.0006738724 0.015085781 0.00892762 0.000621636 0.001360847 0.003926366 4.715183e-06 0.0013880995 0.008458947 0.0027583565 0.0004170827 0.0064738197 0.0007985703 2.5212237e-06 0.0016533156 0.0005618287 0.0001437097 0.0005045325 0.0007685255 0.0011822194 0.0013694663 0.001784396 1.4585137e-05 9.143638e-06 7.214925e-05 0.00029372828 0.001933083 0.0027456223 2.2910697e-05 0.002111006 4.141316e-06 0.0017164813 0.0037759873 0.0015701172 0.0011013555 0.00011107057 3.6714669e-06 4.005697e-05 0.0011777593 0.0018315044 0.0043392284 0.0012838447 0.00010277885 4.3977278e-07 0.004418091 5.194862e-07 0.00042398262 0.013160436 0.00021177327 0.00025819856 8.697222e-06 0.0011668828 0.0027752884 4.0666517e-05 1.9557632e-05 0.00013049126
0.0004906666 0.01904981 0.028282564 0.007431457 0.003647959 0.061610673 0.007974809 0.03734214 2.567114e-17 0.024204195 0.55642045 0.01695628 0.0011393243 0.016810453 0.0033754134 0.010267409 0.2663719 0.014796028 0.0037583937 0.00019513747 0.014558804 5.403404e-05 0.005364539 0.013481928 0.015531901 0.010141829 0.014577428 3.4663903e-05 0.010847808 0.044012126 0.0017944474 0.0013110954 9.827847e-06 0.0016412575 0.017413344 1.6262069e-05 0.0021271694 0.002815382 0.005045885 0.0007043145 0.0014418529 0.10296014 0.02804909 0.0047551366 6.8897875e-06 0.00089402543 0.004258359 0.004555685 0.002866086 0.016079212 0.00057920144 6.9316498e-06 0.011289782 0.0017534092 0.017694203 0.000578246 0.0012737996 2.6055153e-05 3.0224808e-06 0.0023805734 0.0030535685 0.0027484214 0.013753757 0.011812571 0.009402771 0.000499288 0.0013951055 0.0006896542 0.00024484456 0.0042538824 4.5475237e-05 0.006311373 0.0022345735 0.00019272065 0.0017922274 1.5204519e-05 0.0014737941 0.0016213245 0.0010597287 0.01657248 0.007347176 6.575234e-06 0.0025947227 0.0005147428 0.0022328298 0.0028152182 0.0018373056 0.0050699236 8.825212e-05 0.014225855 2.5895263e-06 0.0025037862 0.0015729812 0.00250255 0.00068563264 0.00038383168 0.0016868217 0.0075881397 0.00065617595 7.353067e-05 0.0008568381
0.25745416 0.036255863 0.069788896 0.016950063 0.012770181 0.5950994 0.39619604 0.5960933 0.024204195 7.482735e-18 0.0034515958 0.42414418 0.0068436167 0.79924375 0.017269883 0.1570086 0.14375636 0.4287722 0.5151908 0.00028996868 0.15151711 0.00044482326 0.3178735 0.085425965 0.27539814 0.14790648 0.03164683 3.026538e-05 0.1432017 0.0881216 0.18808877 0.16421242 9.560264e-05 0.0018723793 0.08363867 0.00015058808 0.02166143 0.012731663 0.0053303484 0.16279873 0.08035208 0.011771984 0.05374332 0.055643894 2.7576581e-05 0.0025665313 0.0384601 0.03146715 0.002029857 0.007209698 0.038457178 1.4272825e-05 0.006941293 0.06534842 0.0064405845 0.002319589 0.02195915 2.442942e-07 3.4851898e-06 0.010656605 0.006338477 0.0006008669 0.00312118 0.0036730974 0.0037587523 0.0065898523 0.0042147846 9.380039e-05 0.000100613164 0.0007756324 7.2395574e-07 0.003108957 0.015613999 3.7936356e-05 0.013852748 1.8690031e-06 0.0113465525 0.010104049 0.00842564 0.0009953146 0.00042560388 8.336865e-06 0.00014290199 0.0015479204 0.008587454 0.010211752 0.0006365206 0.00018484516 4.5806914e-07 0.008808304 3.3033655e-07 0.00010419855 0.015687015 0.00010270262 0.00022027615 1.0183349e-05 0.012491621 0.0114567 3.4490913e-05 8.004551e-06 2.2915507e-05
0.00017606754 0.018929603 0.016799057 0.0057958188 0.0031186792 0.033852734 0.0033852411 0.010406593 0.55642045 0.0034515958 1.7844521e-18 0.0042301896 0.0001524598 0.004803837 0.00022496565 0.0020043934 0.146562 0.0028127197 0.0005203336 2.0327217e-05 0.0012528773 3.5245173e-06 0.0008132605 0.0012668543 0.0038938494 0.0032562872 0.0038875083 6.562294e-07 0.0022229545 0.0078059984 0.0006289973 0.00035363348 9.579284e-07 3.5936642e-05 0.010254536 7.370485e-07 0.0008811903 0.00103924 0.0009999523 0.0004806671 0.00037121566 0.06463169 0.016382335 0.002597004 2.1408421e-07 0.0005454706 0.0018673418 0.0017256498 0.00020763603 0.0142324725 0.00096557825 8.838249e-07 0.0055643017 0.002851099 0.011604844 0.0001607228 0.0017792948 2.2355985e-06 1.4325872e-07 0.0018862027 0.0044634202 7.344349e-05 0.009003751 0.012510787 0.014309005 0.0013579786 0.0029525892 2.6684433e-05 0.00012767928 0.00082191447 2.3438145e-06 0.012334593 0.0062805316 2.0163994e-05 0.004416347 3.1946996e-08 0.0040377667 0.0021159453 0.001762691 0.025518509 0.007848965 4.82547e-07 0.0036398657 0.00043977803 0.005904289 0.006256067 0.002393482 0.009452301 2.5203317e-08 0.031197272 9.629513e-09 0.0014221452 0.002412321 0.0053589395 0.00022677593 0.0001023068 0.0020997461 0.007029252 0.0009180047 1.0190614e-05 0.0009948215
0.07130623 0.03245976 0.03839392 0.033192817 0.060605217 0.24470633 0.73554707 0.5532013 0.01695628 0.42414418 0.0042301896 2.669231e-19 0.32024103 0.51300305 0.4913921 0.873476 0.008703588 0.56794834 0.055725317 0.023398668 0.5683506 0.020950126 0.040512826 0.542651 0.31527942 0.12755091 0.000738492 0.005061503 0.06283673 0.30356234 0.020760585 0.0040979646 0.0029312747 0.032983426 0.097336754 0.009014904 0.00062299566 0.00032237935 0.00015482202 0.005088512 0.009787046 0.00021381235 0.07062492 0.042473894 0.0007391652 8.037662e-05 0.018591143 0.020084659 0.008485388 0.0005608828 0.0017721112 0.00035425663 0.020298598 0.008500433 0.0007114003 6.82911e-05 0.002469995 0.0010109533 7.894726e-05 0.0057605323 0.004910132 0.0019570014 0.004836318 0.003917965 0.0043301275 0.0003247743 0.004164642 0.00040751268 2.7881679e-06 0.0029295252 0.0004346955 0.0039665406 0.0032185866 0.00055706117 0.0021745225 1.901205e-05 0.0020073012 0.0007798695 0.0011032315 0.002806806 0.001205512 6.5448636e-05 0.00083261984 0.00029952297 0.002973674 0.005797477 0.002229769 0.0005944516 2.2537579e-06 0.005410926 7.359275e-07 0.0009797117 0.01425012 0.0007626325 0.00011278332 0.00013103934 0.00033383435 0.005031294 0.00019814618 0.00016508199 0.00022231907
0.004433061 0.0020057873 0.002348371 0.0045515075 0.020670772 0.009101578 0.33239615 0.053871106 0.0011393243 0.0068436167 0.0001524598 0.32024103 1.1837672e-21 0.014720251 0.8313125 0.47682837 0.0016871716 0.03577643 0.0011456612 0.2570811 0.07562522 0.29786304 0.0014233319 0.11546237 0.01600295 0.009559012 1.6596952e-05 0.010690266 0.006362087 0.039830744 0.0011541216 4.765114e-05 0.008173598 0.015885813 0.011911759 0.004483114 9.95426e-07 1.9257989e-06 1.7121191e-06 0.00010469419 0.00081305427 2.4753339e-05 0.010211464 0.003984948 0.00048442572 6.369991e-07 0.0026914992 0.0022286028 0.00092359143 1.0580447e-05 1.2514318e-05 5.540713e-05 0.0028834005 0.000778516 0.00048788934 4.0452954e-07 1.9722891e-05 0.007054603 4.785115e-05 0.0007506207 0.00032478853 4.6363362e-05 0.0012881169 0.00028410295 0.00068682304 3.2794985e-06 0.0009964689 1.7231574e-05 5.662087e-07 0.00036732006 0.0006103737 0.00054403674 0.00044202778 3.9386818e-05 0.00017279107 9.696173e-06 0.00015390811 3.6285117e-05 7.929548e-05 0.00021764259 0.00029156255 9.209405e-06 0.000116315074 9.033905e-06 0.0005711537 0.0010432657 0.00028749107 7.655086e-05 1.6374561e-06 0.0003418853 2.9927983e-07 9.135196e-05 0.0019344671 0.000104825674 2.3663913e-06 2.5400446e-05 3.9025075e-05 0.00014917471 1.4703357e-05 2.4159666e-05 1.5554755e-05
0.27248478 0.014674234 0.025058514 0.010249294 0.009237532 0.28558594 0.26905814 0.3557219 0.016810453 0.79924375 0.004803837 0.51300305 0.014720251 6.7945436e-20 0.052593544 0.33032843 0.030521438 0.69392145 0.47365737 0.0010300219 0.46545973 0.0024090484 0.35894597 0.31843764 0.55640924 0.32653448 0.008468254 0.00015037754 0.25029024 0.20002301 0.17223234 0.04104106 0.00045443294 0.005933339 0.17915116 0.0021263894 0.004399379 0.0024444128 0.0010167758 0.05734881 0.107108876 0.0012393028 0.12546515 0.10301774 0.00015952348 0.00043017135 0.065729894 0.05993177 0.005346471 0.001375947 0.010969902 4.7066223e-05 0.01653839 0.05587494 0.0011085665 0.00034430923 0.009365666 5.6640096e-07 1.6432185e-05 0.015150191 0.008988535 0.0011454393 0.0054181395 0.0054311375 0.005410136 0.0024035948 0.006055974 0.0002930892 2.85467e-05 0.0019073678 1.6039573e-06 0.0038010667 0.014333288 0.00012968201 0.010485348 5.529836e-06 0.009584242 0.0016632907 0.0044322307 0.002369658 0.000990406 1.3520214e-05 0.0003999496 0.00045071827 0.007947779 0.013192757 0.0013884637 0.0002451712 2.2291125e-07 0.008848881 1.4259084e-07 0.00044605348 0.023659373 0.0002497675 0.0001357504 1.647496e-05 0.0019527599 0.011007361 6.724485e-05 2.17723e-05 8.03036e-05
0.043361165 0.0022667355 0.0022222784 0.0032918304 0.008058996 0.010643507 0.2905698 0.059656136 0.0033754134 0.017269883 0.00022496565 0.4913921 0.8313125 0.052593544 1.0256623e-20 0.69388527 0.0029211517 0.13739198 0.0037128911 0.072883196 0.24663804 0.16942728 0.005444647 0.3696508 0.062617496 0.02852463 0.00017304155 0.018804066 0.016131187 0.14448766 0.0019503228 0.00024973822 0.021812905 0.085473135 0.031402234 0.018381858 2.2277376e-05 1.7361706e-05 6.122944e-06 0.0006202426 0.0018614957 3.502505e-05 0.03391748 0.009335106 0.0022264072 3.870663e-06 0.004611125 0.004602648 0.010506525 4.5651832e-05 3.485534e-05 0.0004071722 0.013070599 0.002553857 0.00038514403 8.583286e-07 3.5544057e-05 0.0077581517 0.00032618476 0.00120743 0.0017128226 0.0012539035 0.0040577124 0.0025669474 0.0035633373 6.025889e-06 0.002481729 0.00047075923 8.0407057e-07 0.0018800196 0.0014823977 0.0018578916 0.0011905752 0.0005159735 0.00067867147 6.3831205e-05 0.0006487364 3.9524915e-05 0.0002708624 0.0014896936 0.0012560704 0.000104830666 0.00091335585 3.1529293e-05 0.0020667333 0.003421562 0.0010766264 0.00040510466 7.096754e-06 0.0032250206 8.687304e-07 0.0006445131 0.010278033 0.0005465717 7.5644043e-06 0.0004283159 5.783522e-05 0.002344992 0.00016823506 0.00023110448 0.00023252712
0.07475107 0.011333785 0.016099328 0.015397125 0.026892299 0.091153815 0.5856551 0.34828123 0.010267409 0.1570086 0.0020043934 0.873476 0.47682837 0.33032843 0.69388527 6.42132e-21 0.0018605008 0.54648924 0.018009296 0.047270045 0.6422243 0.10700653 0.023542501 0.6891376 0.27684543 0.12538956 0.00010981834 0.0214901 0.05601295 0.45455158 0.0093064355 0.00089938426 0.013872036 0.09569803 0.11268899 0.030661495 4.8665504e-05 3.2675343e-05 1.067675e-05 0.0014036988 0.005728131 7.3556694e-05 0.09207903 0.0354027 0.0049800435 6.243833e-06 0.014639228 0.01405416 0.013005153 6.8611036e-05 0.00026887478 0.001053223 0.026951889 0.0043158755 0.00036864993 4.3525674e-06 0.00034463924 0.010037616 0.00019200335 0.004658017 0.0042406856 0.0020248308 0.008915073 0.0054126987 0.006659368 5.2025272e-05 0.0037174243 0.00079134834 5.953048e-07 0.0039795144 0.0012987399 0.003548653 0.0021756303 0.0005692187 0.0016056969 1.8966395e-05 0.0016323142 6.0691305e-05 0.00032397461 0.003518335 0.0014636776 9.441039e-05 0.001218338 8.949565e-05 0.0024361769 0.0042251395 0.0020240904 0.00061687635 1.6964528e-06 0.003279871 3.3414983e-07 0.0009223186 0.014122899 0.00088320026 5.38622e-05 0.0001396228 0.00010375679 0.0029219012 0.00017043712 0.00012281806 0.00048403043
0.65900856 0.05516552 0.115885735 0.0097238105 0.002419701 0.41606507 0.0070703505 0.08285023 0.2663719 0.14375636 0.146562 0.008703588 0.0016871716 0.030521438 0.0029211517 0.0018605008 6.431522e-20 0.0059625483 0.08505761 8.0654274e-05 0.0021928381 4.2149237e-05 0.049599364 0.0011038709 0.008021907 0.0046336623 0.6862422 1.5496758e-05 0.009195771 0.0007667693 0.021190021 0.10320442 1.0328001e-05 0.0010539349 0.0031063145 3.8372924e-05 0.35566702 0.40966472 0.34660184 0.05294985 0.00917308 0.7097454 0.0013883251 0.005192403 7.804889e-06 0.20100555 0.003397768 0.0016030299 8.9067704e-05 0.24285467 0.03993558 4.082422e-06 0.00010118715 0.007655875 0.17766052 0.2891872 0.14114037 1.0123381e-07 1.6979192e-06 0.00036810417 6.8053996e-05 9.568136e-05 4.6880494e-05 9.1210066e-05 9.4631236e-05 0.03315199 0.00014087379 8.324337e-06 0.016221372 3.650381e-05 5.6431657e-07 0.00015237305 0.001600093 5.8370624e-06 0.001973208 2.512293e-06 0.001218158 0.195913 0.006618228 0.00013604226 1.3514412e-05 7.3024154e-07 5.568521e-06 0.023907257 0.00084787264 0.00038861236 5.4236167e-05 5.602164e-06 4.618736e-07 0.00025400872 1.1372556e-06 9.6629865e-06 0.04912197 7.664191e-06 0.021665165 9.275542e-07 0.0759835 4.4065564e-05 4.6412706e-06 5.20912e-07 1.3278076e-06
0.2356004 0.006515861 0.014993784 0.0063042142 0.0058266628 0.124154575 0.19470291 0.17165205 0.014796028 0.4287722 0.0028127197 0.56794834 0.03577643 0.69392145 0.13739198 0.54648924 0.0059625483 2.332526e-20 0.22294483 0.0022082229 0.73428124 0.0054970584 0.18546247 0.65180695 0.74293274 0.47677037 0.001689441 0.0008654769 0.2723215 0.5491296 0.08844005 0.010889465 0.0017053201 0.03908453 0.35868284 0.008049234 0.00048658176 0.0005585805 0.00013142319 0.018829836 0.06416242 0.00029230982 0.2734602 0.10002752 0.0010220272 6.171394e-05 0.06306166 0.07474546 0.015309938 0.0006639893 0.0034245672 0.00073605776 0.05969328 0.036377247 0.00021261876 4.4947024e-05 0.0026504816 3.0989765e-06 9.9568526e-05 0.027892891 0.023430338 0.0029981593 0.011809269 0.01397961 0.013280173 0.0006423222 0.010931382 0.0011828623 1.2445028e-05 0.005384937 1.1657476e-05 0.0092566805 0.010925806 0.0006813936 0.0070756963 9.82528e-06 0.0066604414 0.00044111756 0.0020768533 0.0070598098 0.003439984 0.00011633737 0.0019583502 0.00013628679 0.005869851 0.0143867945 0.0027608157 0.0009650692 5.7766647e-07 0.006763719 2.5166077e-07 0.0012098125 0.02143708 0.000726004 9.917306e-05 0.00021127723 0.00027631823 0.007771232 0.00041712905 0.00017070342 0.00018863945
0.73866755 0.004417524 0.012275892 0.0019537676 0.00082926947 0.21347308 0.02525751 0.0909479 0.0037583937 0.5151908 0.0005203336 0.055725317 0.0011456612 0.47365737 0.0037128911 0.018009296 0.08505761 0.22294483 4.188297e-20 6.246105e-07 0.04137968 3.404787e-06 0.8013669 0.016785253 0.28005964 0.2208506 0.03909837 4.7540212e-07 0.29079726 0.025729517 0.5328897 0.22483362 2.4853075e-06 0.00037401138 0.08632494 3.0999774e-05 0.049350545 0.023661258 0.0019074952 0.3480782 0.29678953 0.0047291396 0.037530098 0.14517017 1.7759254e-06 0.0015775777 0.09276233 0.07910234 0.00031249566 0.008343174 0.13715507 1.4049274e-06 0.0074638454 0.24966785 0.009601868 0.015515549 0.0887663 3.2178432e-10 6.9239627e-07 0.04969638 0.024935814 0.00011028927 0.0022237962 0.0060417806 0.0039525633 0.04432413 0.0219901 1.4209834e-05 0.0004692156 0.00026021147 6.534008e-10 0.008070279 0.09882992 2.9440387e-06 0.09852268 7.431782e-08 0.08489097 0.06207159 0.063449025 0.0021528574 0.00015570586 1.281416e-06 2.1358073e-05 0.0016117177 0.074679375 0.07037964 0.005400757 9.440912e-05 3.1400035e-08 0.062441915 2.1169065e-08 0.0008507585 0.017205253 0.00026201858 0.00013345983 3.8847875e-07 0.04461521 0.04502559 8.138497e-07 1.63736e-07 5.8324862e-05
0.00032887256 0.0012049826 0.0012729217 0.0055156 0.036833353 0.0025193254 0.07273279 0.009040581 0.00019513747 0.00028996868 2.0327217e-05 0.023398668 0.2570811 0.0010300219 0.072883196 0.047270045 8.0654274e-05 0.0022082229 6.246105e-07 5.5057162e-24 0.0052644904 0.66920435 1.0723398e-06 0.01821898 0.00073921843 0.0001383559 5.690833e-07 0.5423698 5.0522915e-05 0.0030342194 8.608395e-07 1.9905928e-08 0.12133688 0.009158007 0.000292251 0.015225495 6.3276383e-07 3.3239033e-07 3.4333011e-06 4.4493223e-08 4.9930395e-07 4.0905707e-06 0.00061700994 9.874394e-05 0.008939117 3.8710263e-07 4.508694e-05 4.923512e-05 0.00063756225 5.5374458e-06 2.9609215e-08 7.102194e-05 0.000920695 1.7046297e-06 7.984944e-07 5.9312956e-08 1.1252116e-06 0.14594287 0.00023549951 0.00013206672 4.7197198e-05 6.182138e-05 0.00016508908 3.972406e-05 0.000100976715 1.2455938e-07 0.00025285946 1.8631808e-05 4.2126704e-08 0.000112909554 0.048546813 0.00030044102 0.00025943737 0.00017776333 0.000114340444 0.00041623908 8.768976e-05 1.2905631e-05 1.7980266e-06 3.5709418e-05 1.0653561e-05 1.9937475e-05 7.108404e-06 5.7329313e-08 0.00050209765 0.00193325 0.00016371063 8.027274e-07 2.6482264e-06 0.00455433 3.8344513e-08 6.5605804e-05 6.9364637e-06 1.575702e-05 1.2456329e-09 2.1783094e-06 1.1036186e-06 0.0004133581 5.0435534e-07 1.7959934e-05 3.5555295e-06
0.13984358 0.0028502129 0.006683838 0.0039106854 0.004114459 0.055152677 0.1784696 0.098464526 0.014558804 0.15151711 0.0012528773 0.5683506 0.07562522 0.46545973 0.24663804 0.6422243 0.0021928381 0.73428124 0.04137968 0.0052644904 8.01066e-21 0.016549112 0.048836414 0.8953791 0.60507214 0.32642734 0.0001374507 0.0064368052 0.1597401 0.6638756 0.026118446 0.0021879636 0.0065247277 0.09059576 0.28300682 0.018521748 0.00015787651 0.00016751127 1.9891611e-05 0.0047506765 0.021815786 0.00028123282 0.25084218 0.08098173 0.0031857048 9.248288e-06 0.046170764 0.06358654 0.032344382 0.00016839687 0.0008896143 0.0017180281 0.09092942 0.016228799 0.00020301346 1.14946415e-05 0.00087416853 0.00025099918 0.0001743856 0.029222729 0.027636377 0.0025889906 0.021410925 0.020940589 0.022543572 0.00020740999 0.016428502 0.00107116 3.904404e-06 0.00738179 9.685429e-05 0.0151742175 0.0070041446 0.0009475659 0.004370508 8.8676525e-06 0.0044936356 0.00023603399 0.0016792065 0.0103418 0.0038137739 0.0001694894 0.0027896895 7.744479e-05 0.005457516 0.012068407 0.0064126705 0.0025699518 1.4911155e-06 0.0073687853 7.1005275e-07 0.0036440126 0.01000848 0.0019800887 3.554389e-05 0.00064583163 0.00010962246 0.007980115 0.0007304474 0.0004013716 0.00063779333
0.0027095568 1.197555e-05 1.7062e-05 0.0001631564 0.000558699 0.00013004117 0.005734122 0.0020716162 5.403404e-05 0.00044482326 3.5245173e-06 0.020950126 0.29786304 0.0024090484 0.16942728 0.10700653 4.2149237e-05 0.0054970584 3.404787e-06 0.66920435 0.016549112 2.8546862e-22 4.244849e-06 0.06220049 0.003320385 0.0007516529 5.6511146e-07 0.70298386 0.00019607709 0.043968424 9.593532e-06 2.3523128e-06 0.58919775 0.09762064 0.0018515303 0.09737175 1.4006363e-07 1.2743031e-07 1.2057067e-06 1.0210255e-05 1.51372715e-05 4.2431185e-07 0.0024631948 9.417416e-05 0.06825798 8.681493e-08 3.4385455e-05 3.3003867e-05 0.014178539 2.6941672e-07 2.6809817e-06 0.0014234954 0.0042329584 6.446388e-05 2.8493932e-05 1.6201843e-08 4.647237e-06 0.0040461663 0.002090847 0.00017485055 4.0507508e-05 0.00084664405 0.0003559672 2.1988104e-05 7.733564e-05 7.9198065e-07 0.00045323142 0.00013199382 1.7454224e-07 0.00045518784 0.0015749657 0.00031788298 0.00016694369 0.00021463896 4.2209893e-05 0.002066348 5.558083e-05 1.4195451e-05 2.1828271e-05 3.3716748e-05 6.88092e-05 1.6289077e-05 5.5260007e-05 2.7594348e-08 0.00041211955 0.0009613076 0.00025062409 1.127696e-05 2.5446598e-06 0.00026306065 6.260348e-08 4.3332315e-05 1.536697e-05 4.602906e-05 6.664129e-09 4.446298e-06 5.9286776e-06 0.00014723542 1.1288328e-06 1.1478494e-05 4.238829e-06
0.78753436 0.0030437068 0.008107933 0.0016151136 0.0007173981 0.12390781 0.016960502 0.057415392 0.005364539 0.3178735 0.0008132605 0.040512826 0.0014233319 0.35894597 0.005444647 0.023542501 0.049599364 0.18546247 0.8013669 1.0723398e-06 0.048836414 4.244849e-06 7.022484e-20 0.022073625 0.29885414 0.27940515 0.03019027 1.4514571e-06 0.4623115 0.027805123 0.60989285 0.2097766 3.6864833e-06 0.0006670049 0.17052533 7.604493e-05 0.034423627 0.017235067 0.0014903387 0.3949378 0.49691984 0.004630583 0.079801306 0.22782046 2.6799976e-06 0.0012456415 0.19264235 0.16078544 0.00052067585 0.007687077 0.1182449 2.5365164e-06 0.012136624 0.28536808 0.0127985645 0.007593511 0.069350615 9.545736e-10 1.6822238e-06 0.08115019 0.04124839 0.00023459033 0.003542423 0.010696386 0.0064166836 0.040240455 0.042162657 4.6650453e-05 0.0010232057 0.0005834375 4.033396e-09 0.014518345 0.0846211 7.28248e-06 0.08827197 2.3068489e-07 0.08057529 0.04523212 0.058212616 0.003405674 0.0004804373 4.1758713e-06 7.878848e-05 0.008415389 0.0793717 0.093699254 0.008390302 0.00022822522 1.2708976e-07 0.085263446 9.356616e-08 0.0018581576 0.03331823 0.00072905415 0.00061792554 1.1051595e-06 0.028235199 0.06136536 2.7480503e-06 6.485303e-07 0.00018395601
0.16024272 0.0020082623 0.0038910136 0.002906883 0.0032388892 0.03632523 0.17212486 0.08566552 0.013481928 0.085425965 0.0012668543 0.542651 0.11546237 0.31843764 0.3696508 0.6891376 0.0011038709 0.65180695 0.016785253 0.01821898 0.8953791 0.06220049 0.022073625 2.5816249e-20 0.50061417 0.2181385 4.091845e-05 0.0143309375 0.091714546 0.7825054 0.009833427 0.0006604747 0.033423044 0.41439176 0.23290144 0.088816114 3.1645e-05 2.9246137e-05 4.414765e-06 0.0020686747 0.009686395 0.00013294446 0.23356247 0.05119633 0.021098752 1.8078669e-06 0.02683763 0.04471412 0.16754276 3.248206e-05 0.00038637483 0.018947504 0.12187575 0.014193889 9.553903e-05 1.943617e-06 0.00045626244 0.0059851976 0.0039480063 0.026934309 0.031545732 0.013814852 0.034319952 0.02926726 0.03522255 9.970773e-05 0.0158175 0.005063902 1.127532e-06 0.017905772 0.00085719646 0.019509153 0.006234804 0.0064485404 0.0033665407 0.0001449497 0.0037353158 7.732162e-05 0.001251815 0.015582305 0.0067873327 0.0007104708 0.0067018247 4.1523323e-05 0.0053858943 0.01270908 0.008180397 0.004507209 3.4013271e-06 0.0075059133 1.3940594e-06 0.0060309665 0.004349437 0.0041803266 2.4070527e-05 0.0012992123 8.139631e-05 0.009423391 0.0012153215 0.0009882807 0.0021715686
0.32101014 0.0043292893 0.012005064 0.0038734423 0.0032195323 0.10645351 0.11929668 0.097616896 0.015531901 0.27539814 0.0038938494 0.31527942 0.01600295 0.55640924 0.062617496 0.27684543 0.008021907 0.74293274 0.28005964 0.00073921843 0.60507214 0.003320385 0.29885414 0.50061417 2.7469844e-19 0.6536332 0.0023611852 0.00028597203 0.46443424 0.5259775 0.20586859 0.023511406 0.0007289412 0.023643984 0.5262722 0.0063544014 0.00042531235 0.0005486787 0.00019738046 0.03610286 0.17853187 0.00051303196 0.42627576 0.1901114 0.0012195745 4.2045252e-05 0.13400608 0.1515746 0.01857886 0.0008509224 0.006242881 0.0009415229 0.10498583 0.06968834 0.00065202307 3.2622193e-05 0.0031157848 1.9926804e-06 0.00012030684 0.05276709 0.03975063 0.0040605054 0.017519416 0.026793998 0.025353365 0.0007630904 0.021430343 0.0018459818 2.9495424e-05 0.008632019 5.598062e-06 0.01733884 0.017233508 0.00094368856 0.009698018 1.1354778e-05 0.009424801 0.00034959023 0.0020031026 0.013562619 0.005053911 0.0001704342 0.002754357 0.00034038082 0.0064017023 0.023878371 0.0052181603 0.0017686145 5.489259e-07 0.008538294 3.160826e-07 0.0019791182 0.029874183 0.001105661 0.0001230685 0.00028048633 0.00020028064 0.013245213 0.0006400216 0.00028014145 0.00047523942
0.6834468 0.0034414723 0.010145742 0.0024990058 0.0015814195 0.07310852 0.05223557 0.057274707 0.010141829 0.14790648 0.0032562872 0.12755091 0.009559012 0.32653448 0.02852463 0.12538956 0.0046336623 0.47677037 0.2208506 0.0001383559 0.32642734 0.0007516529 0.27940515 0.2181385 0.6536332 2.5262905e-19 0.0046383506 7.6073076e-05 0.60294986 0.41389412 0.34474835 0.04593295 0.00036618716 0.009716709 0.6210567 0.0033521766 0.0013593741 0.0007518795 0.00014611623 0.08065334 0.3070183 0.00035592017 0.4739289 0.3071592 0.0007259359 8.253222e-05 0.2078278 0.23202154 0.014029085 0.0014203818 0.023956249 0.0006781739 0.1401445 0.19139193 0.0016320659 0.00012528617 0.007842587 1.2170176e-06 0.00015308367 0.12958513 0.107377045 0.0040290025 0.024960235 0.05281574 0.040038392 0.0028350693 0.078351066 0.0016592033 4.9821425e-05 0.0064829136 1.4844793e-06 0.0393664 0.0583566 0.00078924256 0.037156437 1.0914515e-05 0.037620876 0.0007608392 0.005927935 0.017661395 0.0046318066 0.00016880817 0.0018431224 0.0010019129 0.029567482 0.09556159 0.022768445 0.0018661999 2.1531744e-07 0.035856996 2.6939512e-07 0.007870159 0.02223228 0.003964084 0.00017156711 0.00023603307 0.0007922129 0.048925523 0.0005057717 0.00014553063 0.0026202048
0.7410563 0.0023653996 0.009349276 0.0006909689 8.700877e-05 0.08518144 0.0008490569 0.00905127 0.014577428 0.03164683 0.0038875083 0.000738492 1.6596952e-05 0.008468254 0.00017304155 0.00010981834 0.6862422 0.001689441 0.03909837 5.690833e-07 0.0001374507 5.6511146e-07 0.03019027 4.091845e-05 0.0023611852 0.0046383506 7.70106e-17 1.9058439e-06 0.010557935 4.312384e-05 0.030369757 0.25881645 4.2962105e-07 2.8207312e-05 0.002381207 6.630015e-06 0.80379647 0.84330654 0.14432065 0.09929049 0.012972458 0.2823327 0.0013263598 0.008409701 1.2986072e-06 0.09856978 0.0048294365 0.0029616687 1.378075e-05 0.06949443 0.15466379 4.8474664e-07 9.068437e-05 0.028903814 0.012644133 0.36617413 0.5215121 6.2997176e-09 4.703456e-08 0.0010550527 0.0002802518 3.504822e-06 2.7756998e-05 3.6970196e-05 4.718069e-05 0.16529982 0.0006889942 7.347802e-07 0.0018345076 1.4804467e-05 8.522412e-09 0.00033926842 0.008976157 6.46812e-07 0.014268288 5.7229894e-08 0.008820101 0.39977092 0.052660868 2.1043055e-05 3.1445677e-06 1.4812262e-07 1.3687735e-06 0.0010869083 0.009560612 0.0014805116 3.359664e-05 6.451548e-07 1.6461136e-07 0.0012112838 3.8994938e-07 3.0076208e-06 0.017013345 1.6693349e-06 0.0009542443 8.81096e-08 0.1531264 0.00022199278 9.589616e-08 1.2044788e-07 7.4491105e-08
0.00041000047 7.0781156e-05 6.542105e-05 9.647006e-05 0.00040844845 0.00025894103 0.0026899544 0.0007367179 3.4663903e-05 3.026538e-05 6.562294e-07 0.005061503 0.010690266 0.00015037754 0.018804066 0.0214901 1.5496758e-05 0.0008654769 4.7540212e-07 0.5423698 0.0064368052 0.70298386 1.4514571e-06 0.0143309375 0.00028597203 7.6073076e-05 1.9058439e-06 5.6162775e-24 1.824057e-05 0.011649774 1.4455212e-06 2.632643e-07 0.36326492 0.01798338 0.00022040246 0.047870222 5.8030747e-07 3.049801e-07 2.909419e-07 5.6975284e-07 2.1447647e-06 1.2809944e-06 0.0005246297 3.5565554e-05 0.055733923 4.626687e-08 2.6432115e-05 1.9692236e-05 0.0019279926 6.4629586e-07 3.4514505e-07 0.00342979 0.0019675924 7.039901e-06 1.823621e-06 6.103838e-08 1.4695345e-06 0.05312521 0.0052041127 9.0720096e-05 6.728604e-05 0.00024824438 0.000614158 8.989563e-05 0.00023993874 1.7941049e-07 0.00014493892 5.727967e-05 3.0093794e-08 0.00031292572 0.022941168 0.00013459074 0.00025108366 0.0006103903 7.445605e-05 0.004144483 9.697517e-05 4.2500455e-06 1.4573839e-06 6.570912e-05 2.6943037e-05 0.00016169244 2.0474323e-05 6.0347602e-09 0.00034364525 0.00094680744 0.00016095611 7.871979e-06 1.789715e-05 0.00052529585 9.9889654e-08 3.786049e-05 4.095569e-07 4.516505e-05 7.063653e-10 1.3838355e-05 8.0884274e-07 0.00011448863 1.8165168e-06 6.8142064e-05 9.153051e-06
0.8310692 0.003169923 0.010544523 0.0018458789 0.0011026172 0.06894193 0.025478339 0.054190736 0.010847808 0.1432017 0.0022229545 0.06283673 0.006362087 0.25029024 0.016131187 0.05601295 0.009195771 0.2723215 0.29079726 5.0522915e-05 0.1597401 0.00019607709 0.4623115 0.091714546 0.46443424 0.60294986 0.010557935 1.824057e-05 1.7223672e-18 0.17381741 0.478074 0.0876302 0.0001388463 0.002660164 0.48365414 0.00096368365 0.0037186302 0.002444822 0.00023139978 0.17725071 0.52056473 0.0012418826 0.354367 0.42440143 0.00021006333 0.00014483377 0.36654043 0.37535614 0.0047421553 0.0027776037 0.05550355 0.00011482551 0.07832915 0.3032742 0.006727734 0.00041432618 0.022445606 1.107833e-07 5.3353982e-05 0.19989832 0.14080754 0.0023774346 0.02327353 0.055797104 0.04488986 0.0083003845 0.13047126 0.0009515245 0.00089302287 0.0045418707 7.0373534e-07 0.061812617 0.072990924 0.0002467444 0.06756785 5.810697e-06 0.064268544 0.0041523087 0.016909476 0.018468516 0.0038724153 8.324396e-05 0.001388647 0.026083205 0.051904097 0.1229033 0.03439785 0.0017398403 3.788046e-07 0.064445555 4.799951e-07 0.00918302 0.061324026 0.0039612916 0.0017570424 0.00010147561 0.003987849 0.08478559 0.0002888327 3.8058362e-05 0.0026005916
0.40255094 0.0010699364 0.0032960037 0.0019191686 0.0021955732 0.047970172 0.09399252 0.051814727 0.044012126 0.0881216 0.0078059984 0.30356234 0.039830744 0.20002301 0.14448766 0.45455158 0.0007667693 0.5491296 0.025729517 0.0030342194 0.6638756 0.043968424 0.027805123 0.7825054 0.5259775 0.41389412 4.312384e-05 0.011649774 0.17381741 1.3685255e-19 0.015604673 0.00043742274 0.04317397 0.55820614 0.5660128 0.13049851 6.321423e-06 1.1521222e-05 3.6484619e-06 0.0021967564 0.015699018 0.00010491868 0.64764637 0.0564452 0.054112513 9.588424e-07 0.030855346 0.050719634 0.7034802 2.3031404e-05 0.00021515049 0.108489744 0.54548556 0.015099578 0.000105939405 2.8747388e-07 0.0001392133 0.0017879418 0.02836207 0.045539662 0.06286041 0.13975342 0.23251155 0.07945783 0.10445568 3.798117e-05 0.031327873 0.07096904 2.9746244e-07 0.17038357 0.000271661 0.037463505 0.0071595875 0.124941275 0.0029896507 0.002123288 0.003724474 1.013914e-05 0.00038325306 0.03539432 0.033673186 0.007947737 0.04127326 1.1639314e-05 0.0033962452 0.016326303 0.019368721 0.011206524 5.6975994e-05 0.006183851 1.5761603e-05 0.015336652 0.00072115887 0.010894161 4.4319763e-06 0.0068192114 2.1200412e-05 0.011766046 0.0045689032 0.0057575363 0.006116239
0.9140561 0.0009652238 0.0030821778 0.0004124233 0.00026919777 0.10521438 0.0055091 0.035731878 0.0017944474 0.18808877 0.0006289973 0.020760585 0.0011541216 0.17223234 0.0019503228 0.0093064355 0.021190021 0.08844005 0.5328897 8.608395e-07 0.026118446 9.593532e-06 0.60989285 0.009833427 0.20586859 0.34474835 0.030369757 1.4455212e-06 0.478074 0.015604673 4.129473e-19 0.3279223 3.7912462e-06 0.0003551214 0.23507714 2.9431192e-05 0.046356358 0.016872192 0.0021526092 0.6433402 0.7624418 0.0068422626 0.14757909 0.4630719 5.1231227e-06 0.0012960616 0.40471616 0.2810602 0.0007666194 0.0054105413 0.25310236 4.7810167e-06 0.014694374 0.64840186 0.012907331 0.010412107 0.13103399 4.5388666e-09 2.0046866e-06 0.12687446 0.06295345 0.0004048627 0.0038310178 0.012911098 0.008891275 0.11500241 0.080506355 0.00010271232 0.0009253807 0.0005469077 4.196599e-08 0.02215788 0.20040381 2.9993274e-05 0.20663387 2.6451076e-07 0.18734017 0.08948287 0.20441332 0.003448847 0.00051295175 3.2259002e-06 0.00010583651 0.005698534 0.23543167 0.20516422 0.016917111 0.00029669056 1.1587667e-07 0.26938954 1.5849842e-07 0.0024005515 0.016174203 0.000633076 0.0009385287 1.4861778e-06 0.056538016 0.15916558 2.6577243e-06 9.414676e-07 0.00020217705
