6.7572227e-34 0.07653548 0.014826113 0.010273619 0.8491595 0.029314058 0.028703267 0.21153498 0.004003818 0.0010689099 0.82136905 0.6059185 0.23940821 0.15212628 0.021107348 0.0680504 0.79553366 0.39432442 0.89245087 0.00071745354 0.47503805 0.87682164 0.7261794 0.0014463583 0.6943712 0.008041918 0.26780728 0.8570579 0.62985104 7.756972e-05 0.020059347 0.1415892 0.00028998195 0.9939057 0.85742915 0.0034892294 0.43212283 0.82293653 0.93126315 0.23442233 0.010086175 0.98636556 0.14805454 0.0001313658 0.7110108 0.052285038 4.017553e-05 0.94472283 0.9903474 0.87217593 0.715283 0.9803363 0.84056383 0.9947683 0.0045817294 0.95836216 0.31388077 0.003102993 0.6211021 0.009664903 0.9994582 0.1173458 0.8820775 0.02532386 0.8802705 0.9646027 0.59764224 0.81058353 0.99997383 0.04151138 1.7706854e-05 0.00591768 0.0515408 0.9997466 3.1090174e-06 0.99646884 0.12081718 0.9889418 0.94996613 0.999102 0.9960545 0.33455664 0.4889081 0.0019218216 0.024958488 0.021289397 0.82042664 6.9329624e-05 0.0053782878 0.9997833 0.69008565 0.9639769 0.0049115187 0.6161132 0.01994827 0.56414735 0.5062934 0.99949163 0.71412015 0.9411205 4.5287452e-05
0.07653548 5.0490885e-18 0.8943302 0.24507898 0.9589198 0.7433423 0.45904675 0.37246475 0.06336645 0.031046689 0.53282183 0.038738735 0.00913961 0.017397184 0.013994417 0.08319378 0.01314482 0.19536129 0.0041334587 0.007921306 0.031886764 0.28724697 0.0022650035 0.00025414466 0.005505124 0.00064691383 0.017164322 0.00997311 0.046265904 0.0025697988 0.00040449452 0.0012893847 0.00018618442 0.012603819 0.031255513 3.8520535e-05 0.004829591 0.0149209155 0.009228369 0.0008451899 5.5787527e-06 5.064153e-05 0.00018751822 0.00012294708 0.0011896859 5.851406e-05 1.2304766e-05 0.00641017 0.012976349 0.0020592138 0.000337551 0.008867365 0.00023126038 0.016886963 3.221773e-05 0.00063095044 0.00023624048 3.0798685e-05 5.4630433e-05 7.998362e-06 0.010951218 9.094459e-06 0.00016670773 1.1053666e-05 8.614513e-05 0.0013816372 9.248142e-05 2.1979613e-05 0.016059808 0.002089355 0.0003337761 1.4093944e-05 0.0008120864 0.010259353 0.00019247159 0.012616031 7.829083e-05 0.003801964 0.001905328 0.007456474 0.007133739 0.0020845048 8.5110305e-06 4.3257667e-05 0.00044102795 1.4241226e-05 0.000110383975 1.3008637e-05 9.768143e-05 0.019870786 8.182991e-05 3.6293317e-05 2.1896134e-05 3.4729671e-06 0.00016975292 1.7246888e-06 5.1652733e-06 0.0013742186 7.5075127e-06 4.636971e-06 9.71682e-07
0.014826113 0.8943302 1.4565314e-20 0.9405321 0.16603097 0.00013172383 0.9010039 0.0015250242 0.3750767 0.23573968 0.6900693 0.00049262436 3.2363212e-06 2.061213e-05 4.5329216e-06 0.11584359 0.00022828748 0.06253744 0.00020205273 3.1211173e-06 0.00572791 0.13403036 1.2087733e-05 7.5919064e-07 0.0004683945 0.00014634816 0.0007890304 0.0013259285 0.022263393 0.0004700881 8.973863e-05 0.00021415071 1.813428e-07 0.00082617195 0.019182501 8.716564e-09 0.0043079616 0.008424085 0.008792969 1.644256e-07 8.356829e-06 3.9497386e-06 0.00013397925 2.2531701e-07 0.005374399 8.974517e-06 2.2560836e-05 0.003781625 0.005196086 0.0026130602 0.0018005174 0.0037032655 0.0005405108 0.003934228 1.2412016e-07 0.0004693946 3.4239936e-05 1.6220548e-08 6.794239e-05 4.6335157e-07 0.007856653 9.752524e-07 0.00020742048 7.6188076e-07 0.00013194449 0.0013268468 3.6881276e-05 6.0057497e-05 0.0027185641 1.5496648e-06 1.0037787e-06 2.5435293e-06 1.2451562e-06 0.008900819 2.8534612e-07 0.0039148256 7.209983e-06 0.002466789 4.7542293e-05 0.000118507196 0.003464583 2.039738e-05 6.861761e-06 2.0408791e-08 6.538674e-07 2.4174278e-07 0.00012122787 4.497661e-07 1.2505399e-08 0.0021564865 0.00011580063 2.280556e-05 1.2103495e-06 4.1014595e-05 1.830768e-07 1.442564e-05 1.5935946e-05 0.00017737417 2.2365218e-06 1.6219012e-05 5.639778e-08
0.010273619 0.24507898 0.9405321 1.1269995e-18 0.005935863 1.1135804e-05 0.9399222 9.643952e-05 0.52169776 0.33022422 0.65717 0.00010001286 3.0804629e-06 3.110558e-05 3.3488118e-06 0.3460317 6.333694e-05 0.12387522 0.0001122664 4.208607e-06 0.0013543798 0.13569526 6.1079318e-06 2.7452238e-06 0.00021111146 0.0018183897 0.0061973534 0.0007838961 0.036325257 0.0010735858 0.0004985998 0.0011596679 8.466485e-07 0.00012082011 0.03563356 7.3502726e-08 0.007377564 0.026237963 0.009704227 1.3789223e-06 4.501274e-05 2.7610565e-06 0.00032709932 7.535089e-07 0.008278203 5.2344025e-05 3.3408927e-05 0.0072441413 0.0020980907 0.0058949403 0.0035919987 0.0039818315 0.0020078698 0.0014998353 3.5279882e-06 0.0013196915 0.00013094467 5.5684916e-07 0.00026414896 8.915979e-06 0.0023907411 3.0560055e-05 0.0014281024 1.6588252e-05 0.0004354818 0.0015193656 0.00018507552 0.00018876072 0.0016102913 3.7472664e-06 4.8919733e-06 1.7826389e-05 4.5971747e-06 0.004188493 3.375828e-07 0.0031159366 3.342601e-05 0.0028807686 1.1957564e-05 7.361347e-05 0.0027885975 1.0313129e-05 6.41097e-05 8.264007e-08 2.0672337e-06 4.9272344e-06 0.00028900185 3.6134415e-07 1.4109932e-07 0.0025592502 0.00026230988 8.090603e-05 4.7516755e-06 9.094124e-05 1.3652639e-06 3.0013789e-05 3.5431287e-05 0.0010199395 3.9068982e-05 6.2710904e-05 3.1603918e-07
0.8491595 0.9589198 0.16603097 0.005935863 5.0331247e-19 0.053897794 0.09376056 0.47177896 0.00060426944 8.970885e-05 0.45173362 0.3430432 0.019724673 0.012420947 0.002125248 0.0031448486 0.5808067 0.073376074 0.181049 0.00029434715 0.75988764 0.3410471 0.016050968 4.437633e-05 0.2470518 0.00015963898 0.0019206811 0.2562912 0.027221821 1.1450472e-05 0.00016506767 0.00033983626 2.1375821e-05 0.45539096 0.17703761 6.508818e-05 0.003680719 0.08111615 0.20536321 0.00025987418 4.370349e-06 0.0004885216 0.0002360335 2.2508271e-05 0.0034195234 2.2855465e-05 2.3872983e-05 0.073966436 0.3185433 0.015709756 0.0018894554 0.12425205 0.0014938455 0.3776736 2.0576697e-05 0.0022245906 7.605277e-05 1.3239024e-05 0.00010296986 1.030095e-05 0.24303383 6.855414e-05 0.00043179299 7.238109e-05 0.0002885073 0.0039629615 6.332565e-05 3.4206714e-05 0.2986485 0.0010773788 3.2300544e-05 7.3183954e-05 0.0007688822 0.079073094 2.035716e-06 0.02360713 2.085134e-05 0.004671617 0.0016606954 0.007169525 0.015726762 0.0013234008 4.15584e-06 4.205275e-05 0.000385604 5.5638047e-05 4.63299e-05 6.023571e-07 3.2017288e-05 0.02129399 3.3920125e-05 1.1092634e-05 0.00012471135 3.424557e-06 0.00016674638 1.800374e-06 2.9913163e-06 0.0010098264 6.9163175e-06 3.8514972e-06 1.1278428e-06
0.029314058 0.7433423 0.00013172383 1.1135804e-05 0.053897794 1.0637906e-18 5.168859e-05 0.82936656 2.3808402e-06 4.1604733e-07 0.00082811166 0.23823129 0.53213394 0.7784235 0.93282694 5.3768537e-05 0.022087285 6.987545e-05 0.009196924 0.6696005 0.0032223137 6.779113e-05 0.09435351 0.23218112 0.0024486592 3.1584439e-06 0.00044103194 0.0018824005 0.00013783491 1.3378171e-06 2.638604e-06 3.4271136e-05 0.0085485885 0.020384746 1.5091233e-05 0.0060679126 0.00034209926 5.921295e-05 0.00045956846 0.004519786 7.8153e-08 0.0011920213 2.816968e-05 0.0033175445 0.000104893574 3.0811843e-05 2.1033713e-06 4.4302247e-05 0.0011747462 2.5019532e-05 3.419846e-05 0.0003426351 1.2991863e-05 0.0057625324 0.00022608707 7.003874e-06 5.1320098e-05 0.00016001149 1.4476203e-05 5.6596036e-07 0.0007295347 5.2187092e-06 9.42396e-06 2.3295182e-05 6.3019265e-06 5.1287393e-06 1.5313632e-05 5.6942285e-06 0.0064571155 0.00038844324 6.280537e-06 1.0195349e-05 0.00059709477 0.00037156767 0.00038198833 6.0565024e-05 2.8027307e-05 7.398425e-06 0.0006013745 0.001655733 2.6678477e-05 0.00026035024 3.3058661e-06 0.000116982534 0.00014386643 3.2275282e-06 6.5853123e-06 1.5161506e-06 0.00016873187 3.036037e-05 1.2540853e-05 9.2775714e-08 1.0578772e-05 5.0630814e-07 9.289954e-05 3.38188e-07 2.0725022e-06 6.6843893e-07 1.5560964e-06 2.4146892e-08 6.3110296e-05
0.028703267 0.45904675 0.9010039 0.9399222 0.09376056 5.168859e-05 3.1375012e-19 0.00032391935 0.36204985 0.16326989 0.87097317 0.00013158735 3.941727e-06 2.707884e-05 7.428636e-06 0.45325026 0.0003215813 0.254252 0.00036938104 3.430987e-06 0.006802574 0.28098878 3.5291587e-06 8.727112e-07 0.0011143864 0.0020582252 0.011876437 0.0017073477 0.086603984 0.001134777 0.0010245463 0.0016955099 3.8989322e-07 0.00032008204 0.09986233 2.9658445e-08 0.01670116 0.04782504 0.040879842 4.5779223e-07 4.6057343e-05 1.3380685e-06 0.00060836354 3.5303253e-07 0.017975759 8.041664e-05 5.5586497e-05 0.020471878 0.009569816 0.01002767 0.006408174 0.011962573 0.0025532118 0.0050271098 1.507086e-06 0.0014054896 0.0002798608 2.8201663e-07 0.0014399147 3.4152388e-06 0.0068106847 7.573542e-06 0.002185701 4.8665715e-06 0.00047173354 0.0041477038 0.00087956816 0.0002908061 0.0022950752 3.4229342e-06 1.9959173e-06 1.3532958e-05 1.9121376e-06 0.008095258 3.0177787e-07 0.0066135176 1.9490935e-05 0.0056241173 7.835966e-06 6.6484885e-05 0.0057131937 4.7101134e-06 6.7389425e-05 6.572274e-08 7.587332e-07 3.3846566e-06 0.0001332965 4.1013263e-07 3.0517967e-07 0.0039974866 0.00038984735 2.3178376e-05 2.3096832e-06 8.465185e-05 1.3205109e-06 7.8094716e-05 6.0777784e-05 0.0013876712 2.6465006e-05 3.733791e-05 1.6503405e-07
0.21153498 0.37246475 0.0015250242 9.643952e-05 0.47177896 0.82936656 0.00032391935 3.1244845e-18 6.616101e-06 4.31455e-06 0.0027064772 0.9595773 0.7365201 0.4408832 0.07651931 2.716572e-05 0.26245275 8.7513574e-05 0.13096982 0.011269849 0.010450527 0.00061363337 0.14917761 0.0020659708 0.008311408 9.747722e-06 3.8476628e-05 0.007163658 0.00017981656 2.7421644e-05 3.1832496e-06 8.090376e-06 0.000496413 0.05963429 0.00015949579 0.00080780755 7.8566154e-05 0.0001899533 0.0022917616 0.0024201164 4.1198433e-08 0.0036445342 1.604838e-05 0.0002954961 0.00012820798 3.6560847e-05 0.00016070489 0.00094140536 0.0058782753 5.9088852e-05 3.9200087e-05 0.0017494722 9.82025e-06 0.020205723 0.0007795914 6.774893e-05 2.5050305e-05 0.00038694823 9.523496e-06 4.0100217e-06 0.0029059597 6.0052425e-06 4.602112e-05 6.373163e-05 2.86852e-05 6.5575274e-05 1.0258031e-05 1.228809e-05 0.020355226 0.00058290496 1.6437905e-05 9.781577e-05 0.0014939824 0.001352026 9.350253e-05 0.0005178455 1.7496755e-05 0.00018980772 0.0011296994 0.003364677 0.00043703118 0.00029477838 2.5793272e-06 0.0001542836 0.00028662104 4.5540405e-06 1.246711e-05 4.088769e-06 0.00018735073 0.00035795456 1.0630694e-05 2.0510846e-07 0.00022605796 1.8504585e-06 0.00033189953 5.081143e-07 9.706993e-07 1.24810995e-05 2.5110712e-06 1.5233952e-07 7.7762954e-05
0.004003818 0.06336645 0.3750767 0.52169776 0.00060426944 2.3808402e-06 0.36204985 6.616101e-06 2.3020395e-19 0.9281168 0.24066253 1.3156119e-05 1.4784805e-06 8.686993e-06 1.4373462e-06 0.59835136 6.4564315e-06 0.13036455 6.2258705e-06 4.650531e-06 0.00022969737 0.09958428 5.3467184e-06 6.773704e-07 2.0205262e-05 0.014424945 0.036961082 5.805106e-05 0.03981465 0.0027725266 0.0024031524 0.010841273 9.0109876e-07 7.810615e-06 0.017770505 6.773545e-08 0.019336293 0.012839286 0.0040983283 1.4326316e-06 0.00023482984 1.1609121e-06 0.0023839176 1.9556076e-06 0.012452495 0.00052235194 0.00010473724 0.0025992997 0.000891584 0.0037402634 0.0026900098 0.0015856692 0.0023718083 0.00043781585 1.5343942e-06 0.0011930051 0.00047918444 5.514529e-07 0.00021986102 6.5365675e-05 0.0014505514 0.0001884562 0.00076459034 0.000109212684 0.0005506657 0.0013254209 0.00021209462 0.00034542396 0.00019081538 3.675254e-06 2.305383e-06 0.00012414402 5.273975e-06 0.0025311643 3.276999e-07 0.0021875475 7.3053e-05 0.0024518056 1.0001339e-05 5.0324215e-05 0.0021309368 8.955315e-06 6.897805e-05 5.7392334e-08 1.2710863e-06 2.2719834e-05 0.0006665099 5.8457726e-07 1.08223816e-07 0.0015310398 0.00063646724 7.898626e-05 1.1033361e-05 0.00027044787 2.3881248e-07 9.629175e-05 8.74761e-05 0.0008525239 2.4679322e-05 7.752933e-05 8.408793e-08
0.0010689099 0.031046689 0.23573968 0.33022422 8.970885e-05 4.1604733e-07 0.16326989 4.31455e-06 0.9281168 8.701993e-21 0.16341932 3.6308325e-06 4.2051943e-07 3.6858403e-06 1.3770272e-06 0.71990925 2.0425504e-07 0.1267682 5.7637874e-07 2.1283156e-06 5.5422693e-06 0.060338 1.7377698e-06 1.7773425e-07 6.8819554e-07 0.051115956 0.042339142 4.305072e-06 0.026197331 0.018175662 0.0056500505 0.017256737 3.2451436e-07 4.9782457e-06 0.009788511 1.0591211e-08 0.018274087 0.007818404 0.0010607833 4.601155e-07 0.0009330816 4.160406e-07 0.002178488 5.939104e-07 0.00937407 0.0003329895 0.00022658135 0.000746655 0.00016883538 0.0019840354 0.0019427192 0.0003067365 0.001302331 0.00025433305 1.6051256e-07 0.0004464778 0.00026069806 9.2882836e-08 9.8169854e-05 6.103702e-05 0.00088025973 0.00013373427 0.00018907242 5.7458034e-05 0.00012301006 0.0008275503 5.0996292e-05 4.8016682e-05 8.265186e-05 5.5785586e-07 6.5771214e-06 4.1490588e-05 7.803277e-07 0.0014379242 8.590766e-08 0.0012479114 5.456446e-05 0.0017435286 1.7445614e-06 1.9476181e-05 0.0014437365 1.4177679e-06 3.2434637e-05 1.4216956e-08 1.1820813e-07 8.012028e-06 6.4617394e-05 2.6636874e-06 1.2502179e-08 0.00093289436 0.00014134776 1.0365507e-05 5.022504e-06 8.992007e-05 3.2927925e-08 4.2114312e-05 5.793508e-05 0.0006394475 9.635986e-06 9.954379e-06 1.3589351e-08
0.82136905 0.53282183 0.6900693 0.65717 0.45173362 0.00082811166 0.87097317 0.0027064772 0.24066253 0.16341932 1.0986707e-15 0.0015908305 0.00017481788 0.0003501493 0.0004273114 0.56187004 0.0030914862 0.6393923 0.001833433 0.0002778583 0.04695801 0.7577426 3.246199e-05 0.0003279821 0.0069573405 0.014543366 0.080494836 0.013905242 0.4107059 0.00784399 0.010831107 0.019789273 0.00018529152 0.003970793 0.3810013 5.888675e-06 0.077385455 0.2608447 0.18158986 8.724973e-05 0.00051562843 5.7008956e-06 0.005001259 7.678753e-05 0.056966584 0.0016741107 0.0003028994 0.111600466 0.043226343 0.042720173 0.020719152 0.05706097 0.012667939 0.017133288 0.00021864618 0.013056352 0.0019458258 0.00012181173 0.00659869 0.00020793563 0.026416628 0.0002552912 0.007446983 0.0005895233 0.005767508 0.024562547 0.006139012 0.0027592324 0.020091087 0.00013971046 0.00011528252 0.00023046095 1.0300508e-05 0.022920951 8.4393745e-05 0.034473855 0.00011681476 0.028046798 0.000121620906 0.00028157953 0.027425973 0.00033163658 0.00037649926 3.267325e-05 9.597449e-06 0.00017215879 0.0011415146 0.00015845725 1.7337185e-05 0.030081103 0.0012911103 0.00088872516 5.6787e-05 0.00058607524 2.7768412e-05 0.00060536043 0.0006055161 0.015528989 0.00015450828 0.00060128537 6.6254897e-06
0.6059185 0.038738735 0.00049262436 0.00010001286 0.3430432 0.23823129 0.00013158735 0.9595773 1.3156119e-05 3.6308325e-06 0.0015908305 2.4036717e-18 0.6692198 0.33461523 0.025349692 9.976408e-06 0.3989375 8.893081e-05 0.2298302 0.0031175981 0.013350326 0.0003218731 0.6133638 0.0017213237 0.00718777 5.0205313e-06 9.519102e-06 0.0026399659 6.559561e-05 1.2064734e-05 4.3769683e-06 2.7916162e-06 0.001786245 0.17191233 0.00023950324 0.0013582292 3.614982e-05 0.00018831875 0.0034812689 0.0064943153 1.1243691e-07 0.051332906 5.391259e-06 0.00086652994 5.1769835e-05 4.2494294e-06 0.00012530075 0.0004308557 0.008483641 1.448692e-05 2.961657e-05 0.0021644167 1.1388115e-05 0.058595274 0.00020605752 4.1794352e-05 2.0321006e-06 0.0001648644 9.286982e-06 5.2538576e-07 0.0056231497 2.718149e-06 2.7281461e-05 2.9791624e-06 3.0986826e-05 4.0670668e-05 3.6743286e-06 2.5777646e-05 0.04695183 0.00030196746 8.006017e-06 1.4815526e-05 0.00026145496 0.0016826934 0.00011681286 0.00069558434 2.1237292e-06 0.00034017282 0.0014448763 0.0066037457 0.0007426508 0.00026186893 1.1592426e-06 0.00026548823 0.0001489251 1.8585375e-06 3.7404057e-05 1.5397255e-06 0.00020321453 0.0010066716 1.0593966e-05 1.0006887e-06 3.859706e-05 6.5220524e-07 0.00020827164 2.0709798e-07 3.5147445e-07 1.7441946e-05 4.804416e-07 1.4451842e-07 0.00023531969
0.23940821 0.00913961 3.2363212e-06 3.0804629e-06 0.019724673 0.53213394 3.941727e-06 0.7365201 1.4784805e-06 4.2051943e-07 0.00017481788 0.6692198 7.5302974e-18 0.9506866 0.25736165 4.8200823e-06 0.0677753 3.632081e-05 0.043728635 0.018954847 0.0028021375 5.06227e-05 0.82194746 0.018946689 0.0018806141 3.4566306e-06 1.9155717e-05 0.0006073407 9.016472e-05 8.215885e-06 4.15925e-06 4.127646e-06 0.0064885453 0.018297527 4.468473e-05 0.008744476 3.9658044e-05 5.857341e-05 0.00027366166 0.07205892 8.2958245e-09 0.116866834 4.618316e-06 0.0016354709 2.80866e-05 6.257723e-06 4.2605157e-06 9.1836846e-05 0.0012358305 6.5871714e-06 1.1513765e-05 0.00032879697 2.00294e-06 0.0076736626 0.00178248 3.9470574e-06 1.5962039e-06 0.00060405856 1.2397696e-06 3.425231e-07 0.00066022406 9.812755e-07 1.9202423e-06 6.8569886e-07 1.3840261e-06 6.534564e-06 6.0244383e-07 1.8420775e-06 0.0086001735 0.0008802828 3.4643035e-06 6.680601e-06 0.0010538464 0.00016502877 0.00018624126 0.00012991721 7.8063584e-07 6.1176586e-05 0.0024918306 0.008968332 0.00013017094 0.0008047203 4.120631e-07 0.00015572768 0.00033049745 1.3418421e-06 4.842345e-06 3.327949e-06 0.00024316121 7.930532e-05 1.1851397e-06 1.7575039e-07 2.1686468e-05 2.1716437e-07 0.00024595548 4.2370946e-08 1.104413e-07 1.1919167e-06 1.2033989e-06 6.5706075e-08 5.618314e-05
0.15212628 0.017397184 2.061213e-05 3.110558e-05 0.012420947 0.7784235 2.707884e-05 0.4408832 8.686993e-06 3.6858403e-06 0.0003501493 0.33461523 0.9506866 3.597561e-19 0.78246987 0.00014128454 0.015781587 7.344937e-05 0.008958946 0.240115 0.0012695374 3.9839277e-05 0.70583475 0.35695684 0.00041695184 7.733475e-05 0.000112633585 0.000266353 0.00013213123 3.697774e-05 2.2610033e-05 0.0001537922 0.07970852 0.0077484287 4.2908716e-05 0.13406508 5.745381e-05 4.439894e-05 9.589101e-05 0.2620184 1.5842293e-08 0.05641454 0.000118629985 0.020448245 5.1102623e-05 7.777475e-05 5.966316e-06 1.6545751e-05 0.00032978586 2.6355408e-06 6.372868e-06 0.0002461026 1.2086944e-06 0.0037698164 0.018587632 1.9274858e-06 2.4615905e-05 0.007072802 7.9094883e-07 2.6792563e-06 0.00015528515 4.488819e-06 3.4716786e-06 6.4169067e-06 3.1042387e-06 1.0261872e-06 1.5277142e-06 2.8893185e-06 0.004539281 0.001393638 4.782891e-06 5.1975483e-05 0.0027370173 6.1915845e-05 0.0021673054 5.8101625e-05 7.075973e-06 9.408146e-06 0.0025667858 0.007624107 2.0193916e-05 0.0008249052 9.888925e-07 0.0009451696 0.0006527143 2.3380503e-06 3.458365e-06 3.9016795e-06 0.0012134975 1.37324705e-05 1.7358253e-06 1.01140785e-07 6.465567e-05 3.4735942e-07 0.00073289877 2.0075039e-07 6.0904557e-07 7.1519395e-07 3.4992247e-06 9.6550636e-08 0.00045269838
0.021107348 0.013994417 4.5329216e-06 3.3488118e-06 0.002125248 0.93282694 7.428636e-06 0.07651931 1.4373462e-06 1.3770272e-06 0.0004273114 0.025349692 0.25736165 0.78246987 1.7611684e-18 0.00011880209 0.0014188426 0.0003024658 0.0018622796 0.8494559 0.00015687275 0.0002966334 0.13112924 0.74515295 0.00016106146 6.375023e-05 0.0010659914 0.00011089393 0.00038822787 3.9474624e-05 7.783522e-05 0.0005651805 0.20381175 0.0022695963 6.734734e-05 0.335001 0.0005249938 0.00031337727 2.0752108e-05 0.072830334 1.34054625e-08 0.004777234 0.00034341103 0.06317644 0.00010563503 0.0001730688 5.2070764e-06 1.6759748e-05 0.00016106237 1.0589663e-05 2.5574116e-05 0.0001798344 1.1457497e-05 0.0014413716 0.009152786 2.3924833e-05 5.4129152e-05 0.0046690404 2.6578271e-05 1.2600728e-06 0.00019134146 4.1229246e-06 5.4734206e-05 0.00015441887 3.7194473e-05 1.0333093e-05 3.582908e-05 2.5181711e-05 0.0016278541 0.00036796377 1.4651314e-05 0.00013073454 0.0004408995 8.483522e-05 0.0016885687 0.00021673206 3.7300295e-05 3.8165916e-05 0.00066666654 0.0022351595 0.00015251538 0.00025466777 6.596601e-06 0.0003463598 9.210296e-05 7.614272e-06 3.4401233e-05 5.8454684e-06 0.0001673725 0.00015063662 3.27238e-05 1.7886238e-06 5.597942e-05 6.344827e-06 0.00015136889 3.1110906e-06 9.664673e-06 4.114912e-06 1.1246865e-05 4.249377e-06 0.00031901576
0.0680504 0.08319378 0.11584359 0.3460317 0.0031448486 5.3768537e-05 0.45325026 2.716572e-05 0.59835136 0.71990925 0.56187004 9.976408e-06 4.8200823e-06 0.00014128454 0.00011880209 3.317136e-20 4.7116637e-06 0.9246969 2.843539e-06 6.8659276e-05 0.0008124543 0.66938907 1.1334666e-05 8.710275e-05 0.000107933425 0.68698555 0.73022145 0.000119987046 0.5507064 0.021068243 0.29284757 0.50952464 8.972147e-06 1.3603922e-05 0.29309976 2.0105637e-07 0.36708224 0.18755458 0.01005419 3.4485602e-06 0.0780004 7.208226e-07 0.050232723 7.516346e-06 0.22740656 0.042360548 0.0034789273 0.016192485 0.0010156715 0.024264164 0.060655404 0.0071503725 0.032252915 0.0010358398 9.627591e-06 0.008393142 0.00891905 2.2775382e-06 0.010775206 0.0003979489 0.001952922 0.0007370858 0.0103548085 0.00025681176 0.004787008 0.010673723 0.0074051004 0.0017933756 0.0017993597 1.1139267e-05 7.8586236e-05 0.0001098151 1.9838176e-06 0.006042259 5.563054e-06 0.009169079 0.0010263629 0.01158662 1.5924948e-05 4.1463016e-05 0.011124368 3.0466499e-05 0.000940738 1.288953e-07 1.5504187e-06 3.4727535e-05 0.002213436 3.717192e-05 2.8661584e-06 0.011308283 0.0021417327 0.002856643 1.8574858e-05 0.0012365751 2.892613e-06 0.00081056164 0.0009189682 0.0105159115 0.00034225232 0.0008816274 1.7287925e-06
0.79553366 0.01314482 0.00022828748 6.333694e-05 0.5808067 0.022087285 0.0003215813 0.26245275 6.4564315e-06 2.0425504e-07 0.0030914862 0.3989375 0.0677753 0.015781587 0.0014188426 4.7116637e-06 1.3567165e-18 0.00011545294 0.9715704 0.00046301456 0.1193542 0.0023386225 0.056972913 0.00016476146 0.058326114 5.5279037e-07 8.489094e-06 0.027304184 0.00020040789 3.1134948e-06 2.819931e-06 7.4125256e-07 0.00013698549 0.75492585 0.0023111806 0.00012290523 7.684588e-06 0.0009161912 0.022308242 0.00044756767 1.331843e-08 0.0036366596 2.3477699e-06 4.7833222e-05 1.1613455e-05 3.3201047e-07 1.796038e-05 0.004107259 0.029018823 0.00010067324 5.5543014e-06 0.009069848 5.404149e-06 0.15142976 6.782528e-05 4.6148572e-05 5.1667195e-07 2.6912425e-05 2.1813827e-07 3.825198e-07 0.014447435 6.2299e-07 6.0450852e-06 2.0384086e-06 1.2850904e-05 0.00020588996 8.4142314e-08 7.200424e-06 0.10514482 0.00024827395 4.97006e-07 2.7533324e-05 0.00035611438 0.006400628 4.088588e-05 0.0030085735 4.6210403e-07 0.0015165904 0.0004881034 0.0014529625 0.0036857226 0.00013218302 3.0160738e-08 7.26632e-05 0.00015620126 9.579229e-07 1.7671207e-05 1.1956087e-06 2.8019209e-05 0.0031747941 3.2724317e-06 7.99395e-07 3.0443525e-05 8.3852655e-08 8.3618004e-05 2.7128221e-08 1.9038655e-08 0.00018616064 9.226432e-08 1.2713183e-07 2.045578e-05
0.39432442 0.19536129 0.06253744 0.12387522 0.073376074 6.987545e-05 0.254252 8.7513574e-05 0.13036455 0.1267682 0.6393923 8.893081e-05 3.632081e-05 7.344937e-05 0.0003024658 0.9246969 0.00011545294 2.9176232e-17 8.121912e-05 0.00026473252 0.009952315 0.7515153 4.0290656e-06 0.000742847 0.0013649444 0.07503457 0.39685416 0.0014614905 0.48880136 0.0033052594 0.058789194 0.14074236 0.00011278719 3.1885225e-05 0.3648288 1.0496197e-05 0.20940664 0.22713171 0.05731376 1.3990992e-06 0.004227552 5.568566e-07 0.019000206 2.9776187e-05 0.14308603 0.010241483 0.0006797957 0.06370074 0.005720131 0.053034674 0.066587664 0.019380921 0.033860557 0.002120901 3.289555e-05 0.011730317 0.0046668965 3.2636133e-05 0.01431964 0.0003449751 0.0030069326 0.0008328157 0.016212773 0.00041103346 0.004849201 0.027636683 0.0071196803 0.0026059255 0.0016412638 1.2830024e-05 2.3704875e-05 0.00020337543 1.4021418e-06 0.006741697 3.0672672e-05 0.02256279 0.0005582969 0.023632394 1.358809e-05 3.715994e-05 0.022800693 1.8750972e-05 0.0011862253 3.5776518e-06 3.0064477e-06 0.00015597635 0.0011713598 9.74802e-06 2.40235e-06 0.020699663 0.0011962521 0.0015709343 5.876392e-05 0.0008026681 1.1993803e-05 0.00062760053 0.00083721936 0.023477202 0.0005059264 0.00087553775 2.5087948e-06
0.89245087 0.0041334587 0.00020205273 0.0001122664 0.181049 0.009196924 0.00036938104 0.13096982 6.2258705e-06 5.7637874e-07 0.001833433 0.2298302 0.043728635 0.008958946 0.0018622796 2.843539e-06 0.9715704 8.121912e-05 3.3261102e-18 0.0009577841 0.07513865 0.001280407 0.04330963 0.00034358774 0.041780956 1.3783227e-06 3.2237688e-06 0.0147863375 0.0001097798 2.1916254e-05 4.29518e-06 5.127934e-07 0.00052807346 0.6690505 0.0019332988 0.00029133604 3.1739703e-06 0.0004806213 0.022769965 0.0017215961 1.2182508e-08 0.009078117 1.1353798e-06 0.00041638318 1.9073021e-06 1.9839113e-07 1.4712474e-05 0.0026070627 0.037847526 1.9691483e-05 9.373135e-07 0.0098251775 9.905897e-07 0.21684141 5.5175966e-05 1.5120419e-05 1.2423551e-07 2.6537999e-05 1.8546874e-07 5.1142496e-07 0.023336397 2.6707903e-07 3.5878168e-06 1.9625538e-06 3.474292e-06 0.00013791762 6.694734e-08 2.9108523e-06 0.2435435 6.352792e-05 4.5078463e-07 1.7240682e-05 8.724433e-05 0.0085580675 6.644165e-05 0.0053112507 1.4466472e-07 0.0025234357 0.00039181177 0.0020811418 0.005371419 5.620972e-05 2.6998912e-08 0.00015452097 9.04478e-05 3.37918e-06 8.24359e-06 6.466269e-07 7.761144e-05 0.0030602256 1.3987602e-06 4.31845e-07 1.7522623e-05 4.5743192e-08 0.00013764025 1.4545221e-08 1.7576639e-08 6.131987e-05 4.8432913e-08 3.6550016e-08 0.00012215142
0.00071745354 0.007921306 3.1211173e-06 4.208607e-06 0.00029434715 0.6696005 3.430987e-06 0.011269849 4.650531e-06 2.1283156e-06 0.0002778583 0.0031175981 0.018954847 0.240115 0.8494559 6.8659276e-05 0.00046301456 0.00026473252 0.0009577841 1.4758977e-16 6.621955e-05 0.00016759835 0.021710424 0.91529435 5.5244043e-05 2.2059494e-05 0.0004753942 0.00028872225 9.578197e-05 5.0780013e-06 4.0160474e-05 0.00020342162 0.48607492 0.0007806377 1.9056559e-05 0.43717727 0.00010601814 0.0001866682 3.8051687e-05 0.01230337 1.145111e-06 0.00026595854 0.00022720323 0.3213838 9.543176e-05 0.000106251755 4.826982e-06 2.0239553e-05 0.00017088895 3.516022e-05 4.449813e-05 7.229279e-05 3.509717e-05 0.00123834 0.0038863164 4.2607207e-05 0.00015777626 0.0043198327 0.000111588684 1.9591764e-06 0.00030359693 2.8307968e-05 5.9741433e-05 1.2767568e-05 3.5734116e-05 2.969919e-05 0.00012361181 2.6222719e-05 0.0005875474 6.61883e-05 4.072456e-06 3.7682436e-05 8.513478e-05 0.00014464522 0.011861568 0.00017753325 6.321541e-05 5.4461736e-05 5.8134163e-05 0.00028268457 0.000100493584 1.9240892e-05 0.00010872902 0.0018438767 4.5530436e-05 9.53954e-06 9.190737e-05 9.0004705e-06 0.00013234309 3.6595236e-05 0.00011286983 2.7136707e-06 1.711131e-05 8.498126e-06 6.485452e-05 4.9610558e-06 6.796562e-06 3.5800103e-06 1.0968221e-05 6.249335e-07 0.00021475626
0.47503805 0.031886764 0.00572791 0.0013543798 0.75988764 0.0032223137 0.006802574 0.010450527 0.00022969737 5.5422693e-06 0.04695801 0.013350326 0.0028021375 0.0012695374 0.00015687275 0.0008124543 0.1193542 0.009952315 0.07513865 6.621955e-05 3.884716e-19 0.03875901 0.002536472 3.198451e-05 0.9380231 2.8787197e-05 0.0008889757 0.90731245 0.007993731 1.8323376e-06 1.4341361e-05 5.6362493e-05 9.741031e-06 0.3855401 0.05452674 9.277811e-06 0.00085238606 0.031234723 0.19917645 1.92738e-05 7.599624e-08 0.00035676177 4.1693074e-05 4.6565006e-06 0.0005612579 1.8217248e-06 1.0540736e-05 0.046861235 0.32086572 0.01055792 0.0003287487 0.08678565 0.0002251833 0.27789837 4.4421995e-06 0.0020038679 4.7389494e-06 1.7206472e-06 4.2534116e-06 3.1462027e-06 0.10549163 5.4268676e-06 0.0002763446 1.4097721e-05 0.00020548978 0.0049799625 3.9885754e-06 4.5645822e-05 0.13789752 8.1804246e-05 3.435237e-06 1.4025921e-05 9.992458e-05 0.037391473 3.1817774e-06 0.016016234 8.5344993e-07 0.010698227 0.0006245912 0.0015796033 0.016221242 0.00012009203 4.0907832e-07 2.7505805e-06 9.593103e-06 4.521765e-06 0.0001474597 3.907088e-07 1.3731324e-06 0.017729733 2.2519971e-05 2.7377584e-05 1.3916478e-05 1.3914188e-06 5.789738e-06 5.196874e-07 4.0914702e-07 0.0030803399 2.619195e-07 1.7592521e-06 1.8502344e-06
0.87682164 0.28724697 0.13403036 0.13569526 0.3410471 6.779113e-05 0.28098878 0.00061363337 0.09958428 0.060338 0.7577426 0.0003218731 5.06227e-05 3.9839277e-05 0.0002966334 0.66938907 0.0023386225 0.7515153 0.001280407 0.00016759835 0.03875901 3.1626657e-18 0.0001240289 0.00069793593 0.010734635 0.12100519 0.53416806 0.013033966 0.88387126 0.0009971991 0.11316943 0.2897759 6.499346e-05 0.0030238347 0.7339494 8.226967e-05 0.4887959 0.55895483 0.15152323 1.4328291e-05 0.0035426442 2.9723374e-06 0.11361382 2.8159686e-05 0.34223095 0.031402033 5.275754e-05 0.20238651 0.096168846 0.13859032 0.10229869 0.13028419 0.05510967 0.04399339 4.8670656e-05 0.021853514 0.007987371 2.6897542e-05 0.025721315 0.001020773 0.10524902 0.0017385224 0.018825315 0.0022207962 0.010857532 0.10650161 0.005892538 0.0063715805 0.044057116 0.00014432595 8.576867e-06 0.00047924725 8.1256585e-06 0.11867923 3.9491908e-05 0.18884319 0.00047793778 0.1357105 3.375336e-05 0.0001900073 0.14971486 8.937572e-05 0.00048990885 3.039554e-05 8.237554e-06 0.0002528168 0.0063825944 4.147229e-06 1.0985807e-05 0.123930484 0.0033895955 0.0060444865 0.00021632588 0.0003310416 3.051567e-05 0.00038860182 0.000342688 0.11649539 0.00015282768 0.001430792 6.3013736e-06
0.7261794 0.0022650035 1.2087733e-05 6.1079318e-06 0.016050968 0.09435351 3.5291587e-06 0.14917761 5.3467184e-06 1.7377698e-06 3.246199e-05 0.6133638 0.82194746 0.70583475 0.13112924 1.1334666e-05 0.056972913 4.0290656e-06 0.04330963 0.021710424 0.002536472 0.0001240289 4.268453e-16 0.044303317 0.0023208226 1.4490796e-06 4.165518e-06 0.00062184746 8.713765e-05 1.1132805e-06 1.8268362e-06 1.6767141e-06 0.03224524 0.0087717585 6.330995e-05 0.070584394 5.6185304e-06 2.6065416e-05 5.884709e-05 0.6326506 2.2270152e-09 0.93954635 3.6739398e-06 0.011065174 2.2534355e-06 6.207559e-07 7.799103e-07 3.834601e-06 0.00060719124 1.1965459e-07 1.3599049e-06 0.0003405352 4.3011178e-07 0.007277941 0.029570896 1.5521192e-07 2.0620601e-07 0.009934611 5.2192267e-08 1.4133595e-07 0.00020632453 4.9396363e-08 1.7483661e-07 9.781801e-07 7.912222e-08 9.079647e-08 4.8653177e-08 6.023597e-08 0.008664593 0.006576793 2.7800988e-06 3.0857495e-06 0.040565085 4.3370394e-05 0.0015664321 1.8240464e-05 1.5750362e-07 3.954092e-06 0.012313068 0.044213414 1.7064833e-05 0.0028935804 4.1163243e-08 0.0020257977 0.008602598 9.911552e-08 7.31828e-08 2.196399e-06 0.004378831 3.3904553e-06 7.007141e-08 1.2840244e-09 2.2872568e-06 3.53953e-08 0.0038880089 1.299587e-08 3.8102975e-08 4.4166764e-08 5.6048084e-08 9.251004e-10 0.00022358182
0.0014463583 0.00025414466 7.5919064e-07 2.7452238e-06 4.437633e-05 0.23218112 8.727112e-07 0.0020659708 6.773704e-07 1.7773425e-07 0.0003279821 0.0017213237 0.018946689 0.35695684 0.74515295 8.710275e-05 0.00016476146 0.000742847 0.00034358774 0.91529435 3.198451e-05 0.00069793593 0.044303317 4.24251e-17 2.6966969e-05 2.6964806e-05 0.003092073 4.9851416e-05 0.0015471618 2.5353907e-05 1.2343305e-05 0.00050828763 0.78089404 0.00019394748 0.00012046644 0.76849204 0.0012147034 0.00070652214 5.0244038e-05 0.18720053 1.2370502e-07 0.0021906516 0.00038922383 0.6068502 0.0011203346 0.00022716424 2.4092633e-06 3.33111e-05 2.1068758e-05 3.5289955e-05 0.0004151083 5.7605397e-05 5.4872813e-05 0.00026759418 0.121032685 3.0326803e-05 0.0003628082 0.13020413 0.0002597892 2.575474e-07 4.4395507e-05 3.8236154e-05 0.00015044812 5.008898e-05 6.0070848e-05 2.8011837e-05 0.00029152283 8.3545e-05 0.0005427073 0.00014875931 1.3789585e-05 5.083256e-05 0.00047986058 6.112702e-05 0.0076103415 0.0005191549 4.5764165e-05 8.664832e-05 0.00016454335 0.00051297154 0.00029984937 6.654539e-05 7.2364935e-05 0.005243709 0.0004348952 2.3215662e-06 9.2165865e-05 5.4990182e-06 0.0021417807 0.00018158587 0.00010609187 1.9709848e-06 2.9689532e-05 2.422341e-05 0.00039094663 7.139575e-06 7.281487e-06 2.4902956e-05 3.7164227e-05 1.5200321e-06 0.00039810454
0.6943712 0.005505124 0.0004683945 0.00021111146 0.2470518 0.0024486592 0.0011143864 0.008311408 2.0205262e-05 6.8819554e-07 0.0069573405 0.00718777 0.0018806141 0.00041695184 0.00016106146 0.000107933425 0.058326114 0.0013649444 0.041780956 5.5244043e-05 0.9380231 0.010734635 0.0023208226 2.6966969e-05 7.754852e-19 1.9171973e-06 1.8336148e-05 0.55824196 0.0023472207 5.8227374e-07 1.836489e-06 1.6584524e-06 1.5884752e-05 0.8028929 0.029947652 1.868284e-05 6.643373e-05 0.008387754 0.13508748 5.121508e-05 6.3155263e-09 0.0003245337 2.237704e-06 6.5986333e-06 7.787272e-05 2.0552258e-07 1.6583102e-06 0.017043713 0.41122878 0.0033603322 4.8883336e-05 0.060471576 5.7550762e-05 0.6739719 2.047222e-06 0.0010575469 1.4781075e-07 1.0707304e-06 1.7660584e-06 6.591092e-08 0.16967374 2.4935943e-07 7.379221e-05 7.3547915e-07 8.783213e-05 0.003091896 4.2324407e-07 2.8327924e-05 0.48977566 4.898899e-05 4.5852326e-07 1.1868374e-06 7.8253135e-05 0.051578414 4.008511e-06 0.02060927 8.2222485e-08 0.010354546 0.00021810344 0.0012899067 0.01995966 1.4302447e-05 8.849581e-08 7.1109334e-06 3.161993e-05 2.486897e-07 6.569934e-05 5.3383722e-08 3.0558815e-06 0.018551355 3.8029937e-06 1.3623187e-05 8.8734254e-07 4.413492e-07 1.4445187e-05 1.3037574e-07 1.2004581e-07 0.0011279875 9.722899e-09 5.325002e-07 6.724905e-06
0.008041918 0.00064691383 0.00014634816 0.0018183897 0.00015963898 3.1584439e-06 0.0020582252 9.747722e-06 0.014424945 0.051115956 0.014543366 5.0205313e-06 3.4566306e-06 7.733475e-05 6.375023e-05 0.68698555 5.5279037e-07 0.07503457 1.3783227e-06 2.2059494e-05 2.8787197e-05 0.12100519 1.4490796e-06 2.6964806e-05 1.9171973e-06 1.4295112e-18 0.637925 3.2320495e-06 0.1408719 0.23524225 0.96780074 0.731114 3.7928014e-06 5.5786603e-07 0.020952065 6.8255997e-07 0.18348767 0.019653827 0.00201889 1.3227659e-06 0.8095929 1.0151747e-07 0.057808146 6.2186186e-06 0.13946624 0.081364244 0.02814996 0.0018434132 0.00019231948 0.0062067667 0.044895157 0.00065974356 0.015598908 0.0003071604 1.4930978e-06 0.0033283967 0.01851578 9.4670685e-07 0.0065083276 0.06688729 0.00038567293 0.015514927 0.0067435717 0.018682508 0.00265113 0.0024165567 0.0072679664 0.0014147033 0.00017294702 6.9879445e-07 1.222623e-05 0.0019882347 1.0226568e-07 0.0013043588 1.7469887e-06 0.0023530924 0.007754054 0.0034656732 3.7850918e-07 2.3684142e-06 0.0031400414 1.5905405e-06 0.0022677106 5.416731e-07 2.4309014e-07 0.00037147626 0.0021221908 1.0079405e-05 2.4779527e-07 0.0033721253 0.0019334547 0.0010950931 0.00043373625 0.0010539636 1.791419e-07 0.0016118384 0.0022942317 0.0066828085 0.0011239296 0.00052285957 5.1708156e-07
0.26780728 0.017164322 0.0007890304 0.0061973534 0.0019206811 0.00044103194 0.011876437 3.8476628e-05 0.036961082 0.042339142 0.080494836 9.519102e-06 1.9155717e-05 0.000112633585 0.0010659914 0.73022145 8.489094e-06 0.39685416 3.2237688e-06 0.0004753942 0.0008889757 0.53416806 4.165518e-06 0.003092073 1.8336148e-05 0.637925 1.3883597e-19 7.574774e-05 0.59108675 0.0062967367 0.6034284 0.93319374 0.00018429192 1.6701867e-06 0.22460574 3.7349415e-05 0.56489277 0.20557432 0.010578127 2.5899042e-06 0.2170112 7.817268e-08 0.3078984 8.620332e-05 0.40787306 0.28040224 0.008297157 0.02233598 0.00094846764 0.0358692 0.14909929 0.005703618 0.08336441 0.0005102777 5.2166713e-05 0.014807207 0.08166128 3.0047582e-05 0.047031287 0.0138233 0.00091310154 0.018647965 0.029812695 0.015359888 0.008578054 0.031293135 0.02841818 0.005443074 0.00035939345 2.007861e-06 4.817047e-05 0.0016609028 1.2545385e-07 0.0029834986 6.708996e-05 0.014812793 0.011611226 0.025841344 1.0471497e-06 6.09025e-06 0.018718211 4.4319004e-06 0.0045751296 7.858493e-06 6.787167e-07 0.0005289477 0.0053148437 1.930073e-05 1.9168428e-06 0.016497042 0.0037617018 0.0041885967 0.00037554 0.0010013207 2.3252467e-06 0.0011946007 0.0019624594 0.030307816 0.0014356531 0.0011315279 1.7452652e-06
0.8570579 0.00997311 0.0013259285 0.0007838961 0.2562912 0.0018824005 0.0017073477 0.007163658 5.805106e-05 4.305072e-06 0.013905242 0.0026399659 0.0006073407 0.000266353 0.00011089393 0.000119987046 0.027304184 0.0014614905 0.0147863375 0.00028872225 0.90731245 0.013033966 0.00062184746 4.9851416e-05 0.55824196 3.2320495e-06 7.574774e-05 4.9140763e-19 0.0034365982 1.6760122e-06 5.5744986e-06 9.878872e-06 2.271782e-05 0.45666796 0.0348443 6.6995685e-06 0.000142285 0.012686449 0.33515257 7.758928e-06 9.951521e-08 3.17904e-05 4.9516357e-06 6.8015743e-06 0.00015851256 8.28486e-07 1.39401745e-05 0.04559596 0.85751724 0.006123724 0.00016944157 0.11808386 0.00014400823 0.67427754 2.1254616e-06 0.0013578153 1.8601902e-06 1.1296652e-06 6.9212865e-06 1.8317304e-07 0.3655275 7.9156376e-07 0.00020324785 1.2564549e-06 0.00011557589 0.0075912303 3.215819e-06 6.4917265e-05 0.49558267 3.728425e-05 2.019069e-06 7.083899e-06 2.3483957e-05 0.08922652 4.9317337e-06 0.03569247 5.278174e-07 0.016294284 4.4369306e-05 0.00038231432 0.028018752 1.2530679e-05 7.467087e-07 2.6206558e-06 4.2632428e-06 7.4718315e-07 0.000281346 1.248931e-06 1.2545188e-06 0.024689801 2.5425044e-05 6.216226e-05 3.50097e-06 2.8954726e-06 1.4927275e-06 1.1489254e-06 1.1189164e-06 0.0027177643 1.4197276e-07 6.202231e-06 3.786455e-06
0.62985104 0.046265904 0.022263393 0.036325257 0.027221821 0.00013783491 0.086603984 0.00017981656 0.03981465 0.026197331 0.4107059 6.559561e-05 9.016472e-05 0.00013213123 0.00038822787 0.5507064 0.00020040789 0.48880136 0.0001097798 9.578197e-05 0.007993731 0.88387126 8.713765e-05 0.0015471618 0.0023472207 0.1408719 0.59108675 0.0034365982 2.4877445e-16 0.0015425609 0.17534864 0.36121327 0.0003069759 0.000224718 0.71935636 0.00025763208 0.75248206 0.58450335 0.07851929 2.6757953e-05 0.041521683 3.9640104e-06 0.30328798 0.00019211929 0.49323922 0.07651349 0.0013165546 0.15440772 0.027281977 0.14656137 0.184773 0.056031648 0.122672394 0.007403077 5.9397957e-05 0.03468564 0.041630648 3.5930436e-05 0.059979275 0.006205207 0.020696618 0.014818303 0.047374435 0.013188587 0.01958147 0.12714325 0.019976418 0.01468687 0.0065936795 3.2573294e-05 4.2622534e-05 0.0015059498 6.9984453e-06 0.039096266 0.00017567491 0.11579426 0.0059189918 0.09656138 1.1953242e-05 7.752356e-05 0.08993572 2.3433575e-05 0.0032245792 2.0731755e-05 3.0950805e-06 0.0022939383 0.021654977 1.760344e-05 6.6616285e-06 0.06829267 0.011760982 0.023488075 0.00048744655 0.0017466365 8.887801e-06 0.0024356563 0.0025258411 0.09359173 0.001990766 0.007604291 1.0907711e-05
7.756972e-05 0.0025697988 0.0004700881 0.0010735858 1.1450472e-05 1.3378171e-06 0.001134777 2.7421644e-05 0.0027725266 0.018175662 0.00784399 1.2064734e-05 8.215885e-06 3.697774e-05 3.9474624e-05 0.021068243 3.1134948e-06 0.0033052594 2.1916254e-05 5.0780013e-06 1.8323376e-06 0.0009971991 1.1132805e-06 2.5353907e-05 5.8227374e-07 0.23524225 0.0062967367 1.6760122e-06 0.0015425609 1.409916e-20 0.014195512 0.006349488 3.77272e-05 9.553833e-08 0.0005350728 2.28628e-06 0.0040589957 0.00037644486 1.5840504e-05 1.6685924e-07 0.78985304 1.1353072e-06 0.0022503454 2.7361715e-05 0.0023369559 0.001019292 0.89362055 3.2900557e-06 1.9273625e-06 4.704428e-05 0.0006288074 5.2409287e-06 0.00016141789 4.9223196e-05 3.9970078e-07 1.8468085e-05 0.00059480296 1.8174983e-07 7.877194e-05 0.01471747 1.2540888e-05 0.0006736945 2.5664049e-05 0.0019454326 9.405644e-06 8.497477e-06 6.13758e-05 3.914209e-06 0.00017506862 1.6322728e-07 0.004132996 0.00096051086 4.2790592e-08 0.000105209554 1.3783542e-06 3.5673063e-05 6.2242645e-05 3.2360946e-05 1.4069917e-07 1.6207723e-05 3.2676155e-05 4.900394e-07 4.0856412e-05 2.982437e-06 1.8873497e-08 2.3970968e-05 1.8077875e-06 0.0014745337 4.6905555e-08 2.7135275e-05 6.4672035e-06 6.270103e-07 0.00022954014 1.1473264e-05 5.8503398e-09 8.940254e-06 1.455683e-05 3.5744208e-05 3.3598753e-05 1.6106651e-06 5.813804e-07
