2.6562136e-38 0.34800458 0.91588056 0.65178484 0.9404963 0.6800278 0.97670555 0.8499925 0.7893084 0.699652 0.8890485 0.94775385 0.96852803 0.9594773 0.79793304 0.6393187 0.59016025 0.8006614 0.65830237 0.75920033 0.8934988 0.3105296 0.9725901 0.72309184 0.3155124 0.27899888 0.5592858 0.4125894 0.27498496 0.47655654 0.21554098 0.6254739 0.8597531 0.17254534 0.11611631 0.21145579 0.9536586 0.9989401 0.15108536 0.5511897 0.09793948 0.14243987 0.7883585 0.63430697 0.6982517 0.17933454 0.05179506 0.9800026 0.03269697 0.06608522 0.998121 0.76235807 0.036259 0.32473317 0.0073980913 0.024195395 0.003996762 0.012561902 0.76772714 0.0019642645 0.1523944 0.5020911 0.08998308 0.010605036 0.011010365 0.22264194 0.14945805 0.19648418 0.11330534 0.003948801 0.020536432 0.0019588284 0.34350958 0.09226153 0.010012926 0.0031009114 0.3999763 0.0028945338 0.1707289 0.018946331 0.0022043316 0.0038131464 0.004471462 0.03603804 0.020734545 0.0053122435 0.02855184 0.003164103 0.73306894 0.0062279697 0.0023247257 0.0056035 0.00084912323 0.013254153 0.0013489343 0.0004895343 0.0003983516 0.0005455101 0.00034047256 0.00019041309 0.0015963175
0.34800458 4.4848886e-22 0.66236955 0.5913646 0.18758751 0.059734456 0.101004384 0.0883922 0.2463815 0.3121852 0.03697145 0.014218742 0.006990175 0.016703637 0.1620243 0.21713427 0.124197125 0.035192724 0.07750644 0.04547929 0.0051359124 0.101840205 0.22926582 0.01840354 0.05140661 0.041809533 0.014787697 0.023842929 0.021649428 0.013381209 0.03274893 0.0065060062 0.007335753 0.011197716 0.028283468 0.0102092875 5.3992473e-05 0.0010584076 0.003918905 0.005387245 0.024725147 0.005704673 0.00017904087 0.0027320806 3.2603266e-06 0.0042743697 0.014921982 1.8263197e-05 0.00914478 0.0040293466 0.12378913 7.0104255e-07 0.0012347356 3.6570294e-05 0.002760522 0.012573997 0.00173869 0.004426006 2.6766743e-06 0.0013162413 0.0013764405 5.7005826e-07 0.0023652578 0.004917487 0.0012252267 4.7086946e-06 2.2836617e-05 1.2810841e-05 1.6546554e-05 0.0009816627 0.0005843457 0.00044948095 1.0354278e-06 0.0020287614 0.0054783695 0.002867866 7.055774e-05 0.0025015105 4.807201e-06 0.00056892756 0.0020190354 0.00026924914 0.00023526806 2.0226895e-05 8.748962e-05 0.0006529826 8.223994e-05 0.0026839045 5.0874176e-05 0.0020093217 0.00016836314 0.0030383386 4.5375513e-05 5.05168e-05 0.00030690304 0.00014559629 0.0001600002 3.6532754e-05 6.0846563e-05 3.0337014e-05 0.00064903183
0.91588056 0.66236955 1.9305807e-24 0.39246827 0.28381693 0.070687935 0.121761136 0.09939933 0.17659445 0.19221759 0.057753954 0.015525731 0.008154732 0.01715938 0.1472127 0.11686639 0.09760421 0.036020342 0.07454102 0.041886367 0.0060139857 0.05621943 0.29447562 0.019488955 0.032267738 0.024417398 0.014686128 0.021092629 0.016167296 0.011733971 0.027104344 0.006455706 0.010484722 0.013241859 0.021440452 0.011425646 5.1121046e-05 0.0015074864 0.003747921 0.0066226064 0.017357238 0.005135158 8.267394e-05 0.0027863258 7.4269856e-06 0.005952055 0.0061979294 5.6245726e-06 0.0055978727 0.0073165083 0.20810707 5.364008e-07 0.0026671165 9.347359e-06 0.003040469 0.0059406627 0.0016526163 0.0015732521 3.3016116e-07 0.00074545044 0.00049369666 8.3877445e-08 0.0009438379 0.0011262539 0.00037832482 3.8053352e-07 2.9650244e-06 1.941192e-06 2.002392e-06 0.00044068258 0.00046587657 0.00018715946 1.2794554e-07 0.00044826372 0.001927961 0.0010515585 3.270025e-05 0.0009379797 1.3711572e-07 0.00013972618 0.000715886 0.00019576303 0.0001251572 7.6197887e-07 1.3730329e-06 0.00018786297 5.309265e-06 0.00065371505 5.2488867e-06 0.00025015106 0.0001126135 0.0005924026 7.430191e-05 3.5161308e-06 0.0002055913 0.00024216564 0.00026967854 1.7622267e-05 7.4615986e-05 2.6988733e-05 0.00034107378
0.65178484 0.5913646 0.39246827 1.7766783e-22 0.23741059 0.069658056 0.33649307 0.299845 0.035988156 0.32706547 0.09992914 0.027199846 0.012658458 0.03436028 0.27609196 0.11877253 0.13146421 0.07407374 0.10796014 0.07862527 0.007620698 0.014421755 0.1409831 0.05085994 0.047453914 0.044662386 0.041134436 0.03327623 0.025735551 0.033655826 0.03490532 0.017665572 0.009744302 0.014498904 0.019047685 0.013093861 4.9664355e-05 0.004335494 0.0042391852 0.010020233 0.01507882 0.0044054035 0.00014989474 0.0059355744 1.0102588e-05 0.0041018156 0.0054676956 0.00014869876 0.0031128728 0.003238236 0.06478553 5.785113e-06 0.0005035067 2.3846156e-05 0.0018821293 0.0153137725 0.002010561 0.0016566269 7.2544626e-06 0.00039631844 0.00021486217 1.5198234e-06 0.00062610634 0.0016999526 0.00018142592 2.9751163e-06 1.1720531e-06 1.658568e-06 1.7185221e-06 0.0007605936 0.0002181798 8.417013e-05 3.362624e-06 0.00028689613 0.0015585471 0.0012609632 0.00028486448 0.0007992152 6.804669e-06 0.000167638 0.0005698542 0.00014264179 8.9119196e-05 8.744362e-06 8.539047e-06 9.212132e-05 3.2375425e-05 0.00056476914 0.00038396718 0.000673795 4.045593e-05 0.00057798746 2.2521366e-05 1.5409425e-05 3.6086545e-05 0.00011360546 0.00010666629 1.885016e-05 2.6548403e-05 1.0927628e-05 0.00019751699
0.9404963 0.18758751 0.28381693 0.23741059 9.568094e-23 0.17012303 0.20976381 0.097996935 0.049559563 0.0960255 0.113432854 0.0792353 0.05660487 0.095983475 0.075038455 0.06843844 0.053945735 0.05874846 0.05589945 0.06010271 0.044922035 0.014527437 0.32922852 0.0438831 0.024603005 0.023991415 0.03083079 0.029758897 0.021823335 0.02810532 0.030095141 0.034668762 0.007968609 0.026932124 0.021918671 0.030535089 0.0017742799 0.032849364 0.0035418079 0.03929863 0.017103855 0.0049226484 0.0009390493 0.0285777 0.00030739923 0.031678542 0.0013989172 0.0011083921 0.00838993 0.014704348 0.36937422 0.00013831475 0.011071403 0.0005048718 0.0044900184 0.0039204224 0.002104418 0.003658036 4.5559544e-05 0.00073031225 0.0070030997 1.7383823e-05 0.010527591 0.0033816658 0.00013647485 1.2701949e-05 8.401479e-05 1.7004626e-05 1.46375305e-05 0.00025834364 0.00418583 0.0005663165 3.0285487e-06 0.0046619903 0.0024366055 0.0023657584 0.0010259186 0.001842863 7.492764e-06 0.0034188987 0.0022373742 0.0018639052 0.0012450025 3.5208889e-06 7.722674e-06 0.0009914191 2.1502443e-05 0.0004737034 5.453923e-05 4.8999227e-05 0.00044568314 0.0014282154 0.0004152338 2.5744848e-05 0.00048248234 0.0006883781 0.00067176204 0.00022877808 0.00038377056 0.00346289 0.0012886839
0.6800278 0.059734456 0.070687935 0.069658056 0.17012303 2.4889055e-21 0.10181422 0.049877103 0.017217146 0.049969334 0.07119349 0.048789818 0.061913572 0.062194187 0.03461094 0.04205101 0.03005913 0.02834429 0.028162628 0.03181105 0.055600032 0.00368763 0.15642168 0.026050838 0.012357793 0.010399524 0.018517347 0.0146364495 0.009973465 0.018306375 0.012550073 0.027450236 0.0053000585 0.011663431 0.01575146 0.014378352 0.0074349805 0.00958745 0.0020297552 0.042040084 0.014004577 0.0035780242 0.0048252707 0.0320143 0.00026735826 0.022505369 0.0004891015 0.0014014556 0.0032384999 0.009617653 0.12342106 0.00010332882 0.00968174 0.0011529413 0.002825723 0.0010918357 0.0009812368 0.002720726 2.808111e-05 0.00030890002 0.014038723 4.5816323e-06 0.012143055 0.002652259 3.6912945e-05 3.084386e-05 0.0010071944 0.00011498079 0.00033670943 7.784271e-05 0.002020142 0.00017416937 4.0680843e-06 0.011400107 0.0029935648 0.0025523012 0.00020733326 0.0021404566 0.00029715974 0.001434314 0.0009638937 0.0006235479 0.0009963254 1.6542752e-05 0.0005723479 0.00061353185 0.00016147994 0.00075376773 1.7136099e-05 0.00023123258 0.0002294491 0.0027782158 2.212736e-05 0.00048574488 0.00015011962 6.193008e-05 7.212641e-05 4.9715065e-05 2.4929144e-05 0.0013641044 0.0042257803
0.97670555 0.101004384 0.121761136 0.33649307 0.20976381 0.10181422 2.3859972e-23 0.36717618 0.002346107 0.0701812 0.627874 0.3245793 0.11999868 0.31527776 0.14839205 0.02447706 0.06916905 0.21265198 0.13709679 0.19828978 0.076167874 0.0012706422 0.08260812 0.13057533 0.03328695 0.04859827 0.10168881 0.07066165 0.04633977 0.08012057 0.034161683 0.07822503 0.004090564 0.022404013 0.0065301163 0.030740395 0.00091406296 0.017659862 0.0014034101 0.04770247 0.0036973986 0.0018374405 0.0018097905 0.05074582 0.00020039928 0.012190459 0.00019818738 0.0012083031 0.0007721923 0.0022304237 0.04631196 7.031491e-05 0.00081876596 0.00022990556 0.0010080362 0.004173371 0.00072252704 0.00020828951 7.507918e-05 6.966273e-05 0.003014642 2.195328e-05 0.0032032898 0.00016885455 3.6956586e-05 6.057799e-06 2.3187573e-05 5.243299e-06 6.9002754e-06 0.00042644836 0.00071115105 1.8425528e-05 1.2606973e-05 0.0015178276 0.00051710574 0.00023695688 0.0015666136 0.0001615978 6.0365533e-06 0.00059081835 0.00013199671 4.6192865e-05 0.00017639005 1.1408997e-05 4.9119026e-06 5.4947333e-05 4.0250507e-05 0.00012826166 0.0030081416 0.00054744753 3.8287348e-05 0.00034869867 5.4707875e-06 1.4609596e-05 3.248017e-05 9.555229e-06 1.3767509e-05 3.7024756e-06 4.1751146e-06 2.3468945e-06 7.080107e-05
0.8499925 0.0883922 0.09939933 0.299845 0.097996935 0.049877103 0.36717618 2.779957e-20 0.009934337 0.23925787 0.5330305 0.031605914 0.013057399 0.047537927 0.5724703 0.057578478 0.29953483 0.36263806 0.4982759 0.35760808 0.027793443 0.0050250003 0.03905101 0.18497455 0.07946294 0.11775819 0.09702954 0.13234821 0.081495546 0.057173703 0.03678718 0.057575338 0.012779556 0.012706348 0.015056388 0.016323244 0.00038167788 0.002117845 0.0043813246 0.024500344 0.006060516 0.005031474 0.0009729259 0.021398857 4.5225515e-05 0.003958001 0.0012885352 0.00018688213 0.0011870854 0.0011057605 0.017994909 9.835818e-06 0.0003199627 0.00018233916 0.00032117672 0.0025091048 7.5889024e-05 0.00030002472 1.9897645e-05 5.5119217e-05 0.0013217496 5.6777003e-06 0.0015839319 0.00012923397 8.109096e-05 1.1698158e-05 1.2351487e-05 7.9326455e-06 3.0202677e-06 0.00023993096 0.0002557774 1.0012599e-05 3.952674e-06 0.0006805812 0.00027128897 5.77211e-05 8.072916e-05 3.8742914e-05 2.6913156e-06 0.0002861996 2.4257602e-05 1.0699032e-05 2.0527325e-05 6.082118e-06 6.5259e-06 5.0016904e-05 1.0854621e-05 0.00021192883 0.000414801 0.00033513232 6.0520824e-06 0.00024632522 9.777838e-07 8.863999e-06 6.7690576e-06 1.6767221e-06 1.5082319e-06 1.1112618e-06 2.7869464e-07 3.8863848e-07 1.8573885e-05
0.7893084 0.2463815 0.17659445 0.035988156 0.049559563 0.017217146 0.002346107 0.009934337 9.630401e-19 0.06348252 0.003570903 0.0002865776 9.059309e-05 0.00046280576 0.013294613 0.12949085 0.015685167 0.0016599646 0.006740614 0.0020551498 0.00013509832 0.7677743 0.14657174 0.0006162111 0.004683916 0.0031037624 0.000334674 0.0010745779 0.0010537972 0.00019993256 0.0012197989 9.826671e-05 0.02777908 0.00014685931 0.0045791715 8.272938e-05 1.6749673e-06 4.9978016e-06 0.01429932 4.7204092e-05 0.0047778836 0.018942969 5.280488e-06 3.1754073e-05 2.0941373e-07 3.129649e-05 0.2023129 1.0673385e-08 0.0035074507 4.184512e-05 0.012580617 1.3302764e-08 1.9313866e-06 2.5181802e-07 0.00014029967 0.045411896 1.7423625e-05 0.0007343599 1.7313258e-07 4.160581e-05 9.388666e-05 1.0554777e-07 0.00012171675 0.003205039 0.0028251333 9.680696e-08 2.2521185e-06 1.0120258e-06 9.989351e-07 0.0033649486 9.658527e-06 9.535966e-06 1.0198514e-08 0.00019325824 0.010076552 0.00040882776 3.9959463e-08 0.00069512054 1.6237978e-08 1.5585612e-05 9.825781e-05 2.021512e-06 5.678307e-06 3.7333548e-06 2.5605597e-05 3.226871e-05 1.1163322e-05 0.0040191724 9.9669265e-08 0.020134978 2.5936463e-06 0.00021584863 2.0849389e-07 9.31734e-06 4.051556e-06 1.2284735e-06 8.1444836e-07 3.9501472e-07 1.202007e-07 8.296934e-07 2.1827083e-05
0.699652 0.3121852 0.19221759 0.32706547 0.0960255 0.049969334 0.0701812 0.23925787 0.06348252 1.025471e-19 0.050220605 0.009777893 0.005675806 0.015854359 0.39246598 0.784473 0.45394963 0.034028795 0.16734217 0.03799147 0.008669829 0.07572752 0.035914775 0.025520861 0.13093221 0.09308295 0.02123817 0.034889266 0.031555377 0.018122604 0.041343853 0.015537544 0.020321164 0.009644437 0.06195544 0.010338216 0.00025722824 0.0003115705 0.013556224 0.0065041673 0.048877534 0.012589114 0.00061282463 0.0059739836 0.0001133118 0.0029098128 0.028542984 5.2739047e-06 0.022548724 0.002298365 0.004790759 1.3851347e-05 0.00029847136 0.0001841649 0.0018072198 0.007634359 0.00059371226 0.005751211 0.000114609014 0.00060625793 0.00072241377 5.5475124e-05 0.000837713 0.0057324646 0.0013410508 2.3444169e-05 7.747315e-05 0.00010481948 5.2379186e-05 0.0033488008 0.00018039867 5.4120996e-05 2.9059097e-06 0.0007730146 0.0061549307 0.0013161309 0.00010674954 0.0013727745 4.4245795e-07 0.00018380328 0.00016614542 1.4829166e-05 4.1069005e-05 2.0619855e-05 3.74971e-05 0.0001251158 3.26702e-05 0.001610779 0.00052553485 0.0074729575 1.7840455e-05 0.00048319378 4.8216866e-06 2.0075748e-05 2.151313e-05 1.74895e-05 1.4475375e-05 1.4104646e-05 3.0804601e-06 4.737278e-06 4.1991756e-05
0.8890485 0.03697145 0.057753954 0.09992914 0.113432854 0.07119349 0.627874 0.5330305 0.003570903 0.050220605 1.17998066e-20 0.20950167 0.08631524 0.30106205 0.21762173 0.014593786 0.064856075 0.47785112 0.20537415 0.41691208 0.1871235 0.0015595843 0.0192744 0.3541123 0.04608397 0.0661826 0.22373378 0.1369878 0.06773852 0.14779446 0.035941586 0.1705595 0.006871195 0.024854068 0.0099455835 0.04161152 0.0034352026 0.022321789 0.0029283229 0.07559577 0.0040631513 0.0031226673 0.0066954335 0.08410336 0.0010537569 0.016299117 0.0001527117 0.0022365754 0.00056381687 0.0026629546 0.013151698 0.00028433278 0.0018197325 0.0018594782 0.0006381422 0.004569886 0.0002956782 0.00018151072 0.00035134846 7.0207294e-05 0.009581743 0.00013206685 0.00970897 4.539404e-05 7.563679e-05 0.00013226639 0.00014864458 7.04636e-05 5.397919e-05 0.0004103786 0.0040588775 1.2080714e-05 6.319262e-05 0.0033548886 0.0002603758 8.6955675e-05 0.0024642646 3.26394e-05 9.008728e-05 0.0036307045 6.4348955e-05 0.00012531343 0.00029127684 8.655011e-05 1.774614e-05 0.00039432783 0.00012923188 0.00014350493 0.0044319495 0.00021624938 9.371509e-05 0.000950646 8.997725e-06 3.6695852e-05 5.0442657e-05 1.1332773e-05 1.0464184e-05 9.155924e-06 3.4168286e-06 2.8001164e-06 0.00010802651
0.94775385 0.014218742 0.015525731 0.027199846 0.0792353 0.048789818 0.3245793 0.031605914 0.0002865776 0.009777893 0.20950167 6.942112e-24 0.5338928 0.51895064 0.03425593 0.0045557613 0.02428938 0.122026406 0.048156135 0.11114219 0.2917467 7.633463e-05 0.012870554 0.13264905 0.014627875 0.02334523 0.1048545 0.062339004 0.036570624 0.09130865 0.017931327 0.12077413 0.001044555 0.018097285 0.002269779 0.043239776 0.0041284477 0.041841444 0.00031345975 0.07304841 0.0011390647 0.0003563403 0.010805809 0.073329054 0.0010706402 0.026181545 1.3331766e-05 0.0034349307 5.1340172e-05 0.0013031778 0.015978888 0.0005492635 0.0008760188 0.0022308633 0.0006439049 0.00055509876 0.00044167953 3.850816e-05 0.0007312117 7.3846415e-05 0.010551246 0.0005758247 0.008190941 2.5570018e-05 2.7625223e-05 0.00022597326 0.00041699817 0.000118330456 0.00021199393 0.00015750866 0.001936539 1.859448e-05 0.00014122877 0.0053372276 0.0002150317 0.00019882081 0.0032007229 0.00012558799 9.476905e-05 0.0017730121 0.00018566013 0.00015423019 0.0003937993 5.210929e-05 4.1655003e-05 0.00046512764 0.00017324169 0.0001436583 0.0048797843 0.00012095662 0.00019887582 0.0008124203 6.993029e-06 5.4212793e-05 0.00020531075 1.8057382e-05 2.9135088e-05 1.8753137e-05 9.737947e-06 1.24284215e-05 0.00049129827
0.96852803 0.006990175 0.008154732 0.012658458 0.05660487 0.061913572 0.11999868 0.013057399 9.059309e-05 0.005675806 0.08631524 0.5338928 1.1986699e-24 0.38117486 0.018443497 0.001809283 0.012360403 0.083554216 0.03663767 0.07884931 0.24686408 1.2956884e-05 0.007852095 0.11224928 0.008799185 0.014388241 0.09716404 0.049503326 0.023703882 0.09172799 0.010302489 0.1162685 0.00026074084 0.013038217 0.0008833329 0.04108932 0.0113217775 0.077417776 0.000111769856 0.08637493 0.0003435394 0.00012735726 0.024343055 0.09416725 0.0013176857 0.031886064 2.6794557e-06 0.0048753046 1.0695819e-05 0.00096061535 0.008587773 0.00034921005 0.0008362116 0.004946232 0.00033032507 0.00022526064 0.00026916957 1.2919447e-05 0.0006966921 2.5649295e-05 0.01437271 0.00068404456 0.009065516 8.367707e-06 1.2257682e-05 0.0005791191 0.0012072509 0.00021995581 0.0005538996 4.1692398e-05 0.0019452489 1.680174e-05 0.00022659323 0.008030982 8.6127475e-05 0.00010112223 0.0047734748 6.579609e-05 0.00018994877 0.0021197181 0.00014530042 0.00021529169 0.0005581196 9.612576e-05 8.802357e-05 0.0008043789 0.00026168398 8.77957e-05 0.006073508 1.8364899e-05 0.00021460211 0.00093819853 1.1422409e-05 0.0001070365 0.00026929894 2.1036514e-05 3.6577796e-05 3.3754295e-05 1.1738144e-05 9.137518e-06 0.0005066745
0.9594773 0.016703637 0.01715938 0.03436028 0.095983475 0.062194187 0.31527776 0.047537927 0.00046280576 0.015854359 0.30106205 0.51895064 0.38117486 2.3798353e-22 0.04071699 0.007346973 0.024609728 0.16751724 0.049947646 0.1470405 0.7016186 0.0001889538 0.009641392 0.16109924 0.017738104 0.027561497 0.12693776 0.06675457 0.04145188 0.11652954 0.022022124 0.15422004 0.0017872589 0.025094422 0.0035628532 0.057159487 0.014004302 0.05489098 0.0007755877 0.1003466 0.0016160558 0.00056043983 0.027731204 0.11770228 0.0022541536 0.035452534 3.319709e-05 0.005115999 0.00013953669 0.0018702325 0.017102184 0.000799728 0.0011540578 0.0061922814 0.0005870237 0.0010008973 0.0004863746 0.00012488286 0.0014407904 0.000103689315 0.022920858 0.0011674538 0.016680675 6.132203e-05 3.9209845e-05 0.00064432935 0.0014727988 0.00049845426 0.0006475666 0.00018635036 0.0033144972 2.0403002e-05 0.0005083271 0.009886003 0.00036163858 0.00030500442 0.00632955 0.00021269014 0.0001882886 0.0037162087 0.00022030598 7.7403885e-05 0.0004278623 0.00031940936 9.630855e-05 0.0009045544 0.00051136187 0.000102358244 0.00827028 0.0001974927 0.00011752107 0.0017431328 5.871689e-06 0.00014644687 0.00013165324 1.1412163e-05 1.558594e-05 7.26719e-06 5.550229e-06 8.291472e-06 0.00056723645
0.79793304 0.1620243 0.1472127 0.27609196 0.075038455 0.03461094 0.14839205 0.5724703 0.013294613 0.39246598 0.21762173 0.03425593 0.018443497 0.04071699 1.9085787e-22 0.19514413 0.6952574 0.14571354 0.6384289 0.1596776 0.034042083 0.017816413 0.010489933 0.07870588 0.33272877 0.37462604 0.050791804 0.17217335 0.20873277 0.04204498 0.15063596 0.03884357 0.010182427 0.038307775 0.043314546 0.03698338 0.0010297587 0.00082437554 0.0071339193 0.029705767 0.025157947 0.007763588 0.0011784362 0.012040402 0.0004899203 0.011068045 0.0041967477 5.9752256e-05 0.012337815 0.005800059 0.0015976342 5.5799956e-05 0.0020772594 0.000119904806 0.0036351185 0.0012632494 0.0013021225 0.0017058828 0.00012887792 0.000535997 0.0017214444 9.648598e-05 0.0027300217 0.00054229464 0.00015960427 7.9907266e-05 7.78291e-06 1.3197726e-05 3.2367072e-06 0.00039201064 0.00046186484 3.3877586e-05 5.7657367e-06 0.000675159 0.0012980414 0.00014408088 0.00018673319 9.976519e-05 5.6835916e-07 0.00034773516 4.539261e-05 2.5819842e-05 8.675266e-05 3.7662478e-06 4.2315833e-06 1.939561e-05 5.816242e-06 0.00049403275 0.0012463324 0.00076398574 5.88401e-06 7.914605e-05 2.363172e-05 4.7541184e-06 4.5002075e-06 3.8887465e-05 3.1834967e-05 1.8014414e-05 6.880837e-06 6.244637e-06 9.8160735e-06
0.6393187 0.21713427 0.11686639 0.11877253 0.06843844 0.04205101 0.02447706 0.057578478 0.12949085 0.784473 0.014593786 0.0045557613 0.001809283 0.007346973 0.19514413 6.8369946e-22 0.2788553 0.022037482 0.063687995 0.024292912 0.0019347531 0.11135993 0.030815078 0.01600067 0.09770891 0.042508155 0.013234241 0.016923767 0.014808555 0.011505402 0.025992751 0.007782576 0.024721103 0.0045712874 0.15357205 0.0049944688 8.953236e-05 0.0002241604 0.016834268 0.004033439 0.14330585 0.016250055 0.00021042964 0.0021382135 7.358953e-05 0.0017067055 0.05621962 3.638975e-06 0.06931606 0.001282846 0.003542264 1.889865e-05 0.000111993395 7.100582e-05 0.0032055755 0.013312158 0.0008111166 0.017016584 0.00017717942 0.00086583185 0.00073794 0.00011705519 0.0006933535 0.017777896 0.001978142 2.6218317e-05 4.006988e-05 7.621512e-05 3.2150725e-05 0.0037469165 4.241937e-05 8.582402e-05 1.4521355e-06 0.00095729553 0.01470197 0.002394826 0.00022759901 0.0027245544 3.512486e-07 5.6709716e-05 0.0002635134 1.0609425e-05 2.593957e-05 9.890769e-06 7.068044e-05 4.60732e-05 2.3635504e-05 0.0023362474 0.00031502018 0.016475502 1.8699275e-05 0.00035767272 1.3235679e-05 3.50876e-05 2.5650006e-05 5.8631867e-05 3.96077e-05 1.5507301e-05 8.1018725e-06 5.8598293e-06 5.788367e-05
0.59016025 0.124197125 0.09760421 0.13146421 0.053945735 0.03005913 0.06916905 0.29953483 0.015685167 0.45394963 0.064856075 0.02428938 0.012360403 0.024609728 0.6952574 0.2788553 1.0908358e-23 0.07321497 0.54507923 0.080471985 0.012187269 0.02473537 0.0084232045 0.04208773 0.53912127 0.46633163 0.031253353 0.13407423 0.17528613 0.02687327 0.25997803 0.020715792 0.00909279 0.07207775 0.08614497 0.045677975 0.000841573 0.0005188473 0.006154992 0.018533401 0.058125425 0.0061791586 0.00051903265 0.0045012683 0.00041441628 0.018450804 0.0066144895 3.5057394e-05 0.026304713 0.011570552 0.0008141413 5.9865415e-05 0.003046926 3.135352e-05 0.0083011845 0.0016944545 0.0026112169 0.0060387333 0.00013734994 0.0011983657 0.0012643655 0.000118387456 0.0036464077 0.0016814565 0.00021029745 1.5244258e-05 3.1765746e-06 6.560639e-06 3.798039e-06 0.0004117232 0.0014235489 0.00012802055 2.3881148e-06 0.00056380127 0.0015940449 0.000723669 0.00022961348 0.00051145797 1.2992159e-07 0.0008372022 0.00014676647 0.00021956034 0.00028652238 1.0141707e-06 2.7546469e-06 3.725525e-05 2.5949305e-06 0.0003160608 0.00072376913 0.0007152237 1.27029425e-05 5.0287275e-05 0.00012621909 2.0960165e-06 1.0126925e-05 0.00021673743 0.0001337867 2.4778064e-05 3.947696e-05 1.9230965e-05 5.69336e-06
0.8006614 0.035192724 0.036020342 0.07407374 0.05874846 0.02834429 0.21265198 0.36263806 0.0016599646 0.034028795 0.47785112 0.122026406 0.083554216 0.16751724 0.14571354 0.022037482 0.07321497 3.4255254e-22 0.28360933 0.6893516 0.1655264 0.0017226341 0.0030030739 0.51835054 0.07267421 0.15485252 0.37705684 0.46100524 0.25912142 0.28929016 0.0722841 0.24675201 0.0047699367 0.06181366 0.01344994 0.107225694 0.0028490294 0.004694443 0.0017172091 0.13032272 0.0072515993 0.0019446877 0.0065413225 0.053213898 0.0016975462 0.03462427 6.91245e-05 0.000993489 0.0019348545 0.005911216 0.000985767 0.00050823647 0.0043188315 0.0010426954 0.0019938392 0.00029171834 0.00032764883 0.00019920344 0.00021242318 5.9942366e-05 0.008215246 0.00019058258 0.008238697 1.7690414e-05 2.7070835e-05 0.0007465425 6.697227e-05 6.788307e-05 2.6994216e-05 3.1414882e-05 0.0041864207 3.159827e-06 3.907483e-05 0.0027466554 0.00011113701 1.2961159e-05 0.00076625287 6.8098825e-06 1.4848553e-05 0.003925546 8.34669e-06 0.0001525737 0.0002805754 2.0467509e-05 3.576378e-05 0.00020748854 2.1635673e-05 5.070402e-05 0.0023016345 3.414827e-05 3.7656355e-05 0.0005159031 1.50035385e-05 8.06487e-06 2.3879336e-05 1.5383952e-05 1.0292289e-05 2.4512268e-05 3.5782625e-06 6.638098e-07 2.4133735e-05
0.65830237 0.07750644 0.07454102 0.10796014 0.05589945 0.028162628 0.13709679 0.4982759 0.006740614 0.16734217 0.20537415 0.048156135 0.03663767 0.049947646 0.6384289 0.063687995 0.54507923 0.28360933 3.8496273e-23 0.32060596 0.037878055 0.008187281 0.0052473983 0.17964634 0.48518023 0.59382147 0.13097686 0.49520144 0.50768095 0.0914063 0.29413393 0.06459757 0.008037153 0.1478804 0.043990023 0.1428697 0.0018347928 0.0018257729 0.004853895 0.049075503 0.024472194 0.0047007482 0.0019207295 0.018441945 0.0010048926 0.038306516 0.0012543467 0.00017456149 0.01223582 0.014909201 0.0006537269 0.00023540767 0.006201341 0.00014373587 0.008541319 0.0008484586 0.0023467883 0.0015835693 0.00015052332 0.0008296147 0.004359622 0.00022707004 0.008273823 0.00029216937 0.00015536396 7.964509e-05 1.2050233e-05 2.6348484e-05 8.733653e-06 0.00010812999 0.0042599333 8.161123e-05 2.6629417e-05 0.0019542344 0.00038304276 0.00012521917 0.00047570775 6.296421e-05 2.11963e-06 0.0030707824 5.448818e-05 0.00055924465 0.00070615025 2.5992845e-06 7.2648613e-06 0.000121153564 5.809196e-06 0.00013497044 0.0016060545 0.00016438008 5.8628342e-05 0.00012496042 0.00017500235 4.3253813e-06 3.4633733e-05 0.00028581172 0.00026237566 6.5897635e-05 8.759231e-05 1.7327615e-05 1.7584076e-05
0.75920033 0.04547929 0.041886367 0.07862527 0.06010271 0.03181105 0.19828978 0.35760808 0.0020551498 0.03799147 0.41691208 0.11114219 0.07884931 0.1470405 0.1596776 0.024292912 0.080471985 0.6893516 0.32060596 1.4910024e-22 0.12791301 0.0020691117 0.00356368 0.5112841 0.092478834 0.18711315 0.381866 0.4907008 0.29110783 0.27914 0.090064645 0.22399695 0.0051268907 0.07680505 0.015520535 0.12827432 0.0025148075 0.0047878427 0.0021922193 0.12938042 0.008938464 0.002484951 0.004970511 0.046244785 0.0015887625 0.04146578 0.00010207632 0.0010530904 0.0025091514 0.007448706 0.0010576388 0.00061202 0.005647185 0.00084813876 0.0026816581 0.00034987004 0.0005414441 0.00028953346 0.0002543316 9.182826e-05 0.008870981 0.00018870995 0.010160238 1.9857931e-05 3.821351e-05 0.000615344 5.2953266e-05 6.5720145e-05 2.7727367e-05 3.7618844e-05 0.0053169876 3.8682606e-06 4.770248e-05 0.0028422268 9.046152e-05 1.4907637e-05 0.0009755544 7.628954e-06 1.4459839e-05 0.004899266 9.186037e-06 0.00026708044 0.0003775209 1.7238788e-05 3.687273e-05 0.00027145457 1.9062267e-05 4.2252945e-05 0.0026694604 3.516807e-05 5.1532807e-05 0.0005483073 2.2042903e-05 9.908141e-06 2.5351248e-05 2.2433756e-05 1.7158682e-05 3.1527758e-05 5.8307864e-06 1.039754e-06 1.7890938e-05
0.8934988 0.0051359124 0.0060139857 0.007620698 0.044922035 0.055600032 0.076167874 0.027793443 0.00013509832 0.008669829 0.1871235 0.2917467 0.24686408 0.7016186 0.034042083 0.0019347531 0.012187269 0.1655264 0.037878055 0.12791301 2.2687878e-20 3.3408545e-05 0.0023518149 0.19570293 0.009434019 0.016617054 0.16527592 0.059551373 0.026793966 0.16023973 0.010713894 0.2674373 0.0021079741 0.012284811 0.001487847 0.036174994 0.07283626 0.14625216 0.0010514962 0.15637101 0.00037014435 0.0007980788 0.11694425 0.34316742 0.017925901 0.030296266 2.2932014e-05 0.031550653 6.3848616e-05 0.0012242671 0.0042789355 0.0039674616 0.0015814882 0.049652576 0.00023035152 0.0007772481 7.283589e-05 8.023953e-05 0.0033125381 4.3569176e-05 0.07184203 0.004127223 0.04135802 2.5817848e-05 4.959185e-05 0.004822264 0.01287477 0.00648323 0.007415479 7.824836e-05 0.0060296613 6.281233e-06 0.002869223 0.028846756 0.00011915223 0.00010161129 0.022606904 5.504987e-05 0.0021394095 0.008497397 5.37568e-05 0.00028099932 0.00084679585 0.002827095 0.0007372338 0.0036476098 0.0029944372 7.237653e-05 0.020101622 8.872191e-05 0.0003297689 0.0035349615 1.3608332e-05 0.0008144104 0.00034895886 1.2653637e-05 1.4125188e-05 2.313646e-05 9.491625e-06 4.572959e-06 0.0005497181
0.3105296 0.101840205 0.05621943 0.014421755 0.014527437 0.00368763 0.0012706422 0.0050250003 0.7677743 0.07572752 0.0015595843 7.633463e-05 1.2956884e-05 0.0001889538 0.017816413 0.11135993 0.02473537 0.0017226341 0.008187281 0.0020691117 3.3408545e-05 1.3596335e-18 0.05807607 0.0005727858 0.0072539407 0.0034681533 0.00031559484 0.0011419143 0.0011184813 0.00022762723 0.0010675631 0.00010844239 0.040061146 4.6367517e-05 0.0068868217 4.417395e-05 3.9782312e-06 5.497398e-08 0.020219939 5.6670302e-05 0.008503782 0.021326985 3.8938215e-06 5.3322336e-05 3.560906e-07 1.7095079e-05 0.6450275 2.925884e-08 0.005941424 7.1162317e-06 0.004049801 9.0661835e-08 3.1705352e-07 2.0188513e-06 0.00014734779 0.37290323 2.2278376e-05 0.0010932856 1.0523614e-06 4.363496e-05 3.6619644e-05 2.9722054e-07 5.4925327e-05 0.005389656 0.009435464 2.7371658e-07 2.0846717e-06 4.4998947e-06 1.3945406e-06 0.010950445 1.5890001e-06 1.0623651e-05 5.5941495e-08 2.9779141e-05 0.031366624 0.0005893651 4.713604e-08 0.0009856636 3.7386314e-08 4.4763447e-06 7.271054e-05 1.2909607e-07 1.0423065e-06 2.3695732e-06 1.8410547e-05 6.95811e-06 4.610144e-06 0.009692535 3.2202536e-08 0.07045828 1.6695402e-06 4.2644366e-05 2.2841824e-07 4.9630767e-06 6.13009e-06 1.3713395e-06 1.5269495e-06 2.4101662e-06 3.9579305e-07 1.8539665e-06 3.1176558e-05
0.9725901 0.22926582 0.29447562 0.1409831 0.32922852 0.15642168 0.08260812 0.03905101 0.14657174 0.035914775 0.0192744 0.012870554 0.007852095 0.009641392 0.010489933 0.030815078 0.0084232045 0.0030030739 0.0052473983 0.00356368 0.0023518149 0.05807607 9.0935755e-13 0.0014152438 0.0041467547 0.0027012888 0.0008616219 0.0020695548 0.0015246955 0.0008247325 0.0030827087 0.00046979566 0.069849856 0.0014263681 0.0062780674 0.0012479775 0.0012525141 0.004472886 0.043766633 0.00085384405 0.0045604995 0.054152597 0.00019309834 0.0016436636 2.3855175e-06 0.0013363177 0.0070531606 3.1957254e-05 0.0036505226 0.0030029537 0.2977051 5.629469e-07 0.0014783918 0.00027220795 0.0022282468 0.012596981 0.00029182795 0.0037977097 3.5812185e-08 0.00016975243 0.00019884887 2.4725164e-09 0.0005328262 0.006039911 0.0060888883 5.5723433e-07 0.00013621934 6.388547e-05 5.6301513e-05 0.0020332201 0.00024683477 6.884174e-05 7.249372e-08 0.00019273316 0.0048906277 0.0020300543 3.9544723e-08 0.0018038879 2.8388937e-05 7.148551e-05 0.0005211903 3.0232692e-05 1.032871e-05 9.156377e-06 4.5700184e-05 1.803229e-05 2.0646163e-05 0.007250521 2.8848772e-08 0.014906032 2.553056e-06 9.582473e-05 8.277875e-06 2.6140146e-05 5.4089232e-06 9.5387495e-06 1.8378618e-05 2.5636568e-06 1.5201749e-05 4.9989954e-05 4.8519065e-05
0.72309184 0.01840354 0.019488955 0.05085994 0.0438831 0.026050838 0.13057533 0.18497455 0.0006162111 0.025520861 0.3541123 0.13264905 0.11224928 0.16109924 0.07870588 0.01600067 0.04208773 0.51835054 0.17964634 0.5112841 0.19570293 0.0005727858 0.0014152438 8.678248e-23 0.062331278 0.12276435 0.5521129 0.5156023 0.2688386 0.44478673 0.06703253 0.37724793 0.003932853 0.08044885 0.012655267 0.16808316 0.0058448925 0.0064906497 0.0012219454 0.24129379 0.007046975 0.0011718665 0.012523858 0.073444985 0.0025732035 0.07437305 6.162389e-05 0.0017617362 0.0014220226 0.007191356 0.0004995731 0.0009652841 0.004328662 0.0014820881 0.0019719533 0.00020809751 0.00033724724 0.0001928598 0.00044799555 5.7523495e-05 0.01597376 0.00046613254 0.018166391 1.9860146e-05 3.182389e-05 0.0013908624 0.0004262892 0.00020313665 0.00013979856 1.735063e-05 0.0077082855 4.535836e-06 0.00018669043 0.007726346 5.3039035e-05 1.3194694e-05 0.001059942 8.283189e-06 4.5391058e-05 0.007143212 7.3790197e-06 0.0010741374 0.00087590603 3.4229684e-05 9.968377e-05 0.000933281 7.6530196e-05 1.7324524e-05 0.0041322825 2.5777596e-05 0.00012378948 0.0012263969 8.94604e-05 2.9518837e-05 7.364998e-05 4.7709756e-05 4.971535e-05 7.926191e-05 2.4965377e-05 2.0687562e-06 2.7908774e-05
0.3155124 0.05140661 0.032267738 0.047453914 0.024603005 0.012357793 0.03328695 0.07946294 0.004683916 0.13093221 0.04608397 0.014627875 0.008799185 0.017738104 0.33272877 0.09770891 0.53912127 0.07267421 0.48518023 0.092478834 0.009434019 0.0072539407 0.0041467547 0.062331278 1.3132913e-24 0.800059 0.05251253 0.26955304 0.36776564 0.048934516 0.7512978 0.030386692 0.0057862974 0.34092 0.20645718 0.17192435 0.00045782284 0.0002984486 0.0023059254 0.04684986 0.09605844 0.0023306853 0.00019954435 0.004137545 0.00036874032 0.06554189 0.0025719206 3.9820858e-05 0.022191146 0.13564807 0.00031762267 0.0001499083 0.029511474 2.0029123e-05 0.028161716 0.000365145 0.013208171 0.0076597882 0.00017719818 0.0021033306 0.002942182 0.00016025767 0.0059528043 0.0017506288 4.750948e-05 1.5841153e-05 9.816383e-06 1.0037745e-05 6.77924e-06 0.000105130624 0.004250932 0.00026393868 6.527967e-06 0.001180521 0.0016837664 0.001137732 0.0006459324 0.00088255404 1.5788517e-07 0.0019768942 0.00041085537 0.0014918438 0.0006527824 1.3052636e-06 1.939449e-06 9.8775396e-05 4.390769e-06 0.0002598006 0.0022848635 0.0001063511 4.7932634e-05 5.331898e-05 0.0011656026 6.865244e-06 3.1158368e-05 0.0013471531 0.0011082436 6.7922636e-05 0.00022274413 0.00021666285 3.606374e-05
0.27899888 0.041809533 0.024417398 0.044662386 0.023991415 0.010399524 0.04859827 0.11775819 0.0031037624 0.09308295 0.0661826 0.02334523 0.014388241 0.027561497 0.37462604 0.042508155 0.46633163 0.15485252 0.59382147 0.18711315 0.016617054 0.0034681533 0.0027012888 0.12276435 0.800059 8.994798e-25 0.11133982 0.44972515 0.63893 0.09687455 0.75884396 0.049606923 0.0043749157 0.46231353 0.10265414 0.27312514 0.0007784565 0.0004179017 0.0015377491 0.05822636 0.047946226 0.0016841358 0.00052816636 0.010259847 0.00048217882 0.08446725 0.0015109018 6.623218e-05 0.012357475 0.103391446 0.00020795011 0.000144954 0.027726777 5.865256e-05 0.016970793 0.00022736883 0.0064193956 0.0034587397 0.00020193715 0.0010277934 0.004164031 0.00014403103 0.0074980115 0.00065483537 3.9964096e-05 2.7833925e-05 2.0113615e-05 3.2187694e-05 9.669052e-06 5.7318688e-05 0.0059617725 7.2510564e-05 1.5281375e-05 0.0018810768 0.0005083458 0.00039283716 0.00071806443 0.00022743174 2.544212e-07 0.0027394393 0.00012637036 0.0012219547 0.0007731093 1.6523618e-06 1.876388e-06 7.277076e-05 3.748832e-06 0.00010601642 0.002402591 4.9699134e-05 4.319204e-05 5.1475094e-05 0.001096278 6.117177e-06 2.8021346e-05 0.0013216942 0.0011449222 5.9749065e-05 0.00021928287 8.038958e-05 3.99599e-05
0.5592858 0.014787697 0.014686128 0.041134436 0.03083079 0.018517347 0.10168881 0.09702954 0.000334674 0.02123817 0.22373378 0.1048545 0.09716404 0.12693776 0.050791804 0.013234241 0.031253353 0.37705684 0.13097686 0.381866 0.16527592 0.00031559484 0.0008616219 0.5521129 0.05251253 0.11133982 1.767605e-23 0.5368875 0.2575612 0.5685473 0.06707952 0.44561568 0.0026456972 0.10104955 0.014149545 0.23503964 0.0071958397 0.0052048946 0.0007667477 0.36666578 0.007490532 0.00073048956 0.01491827 0.07887446 0.0029411495 0.13410094 0.0001287601 0.0022896568 0.0018242336 0.009569058 0.00033039058 0.0010800159 0.00694253 0.0016251868 0.0023768963 0.00013207781 0.00050395855 0.00026581477 0.00044151506 8.965343e-05 0.022935929 0.0006305612 0.027836043 4.845151e-05 1.983062e-05 0.0017580397 0.0008641391 0.00039479273 0.00034261527 9.961425e-06 0.012277696 1.1790223e-05 0.00027428978 0.012897019 9.286651e-05 2.8443734e-05 0.0011818542 1.4877911e-05 0.00011026119 0.011366036 1.7359354e-05 0.002659597 0.0017766403 5.7065117e-05 0.0002588645 0.0019699468 0.00014958129 2.0985139e-05 0.005810293 4.7407553e-05 0.0003225485 0.0024091704 0.00037590944 6.8549954e-05 0.00023062584 0.00019863658 0.00025811337 0.00019306758 0.0001275869 6.597104e-06 8.4622305e-05
0.4125894 0.023842929 0.021092629 0.03327623 0.029758897 0.0146364495 0.07066165 0.13234821 0.0010745779 0.034889266 0.1369878 0.062339004 0.049503326 0.06675457 0.17217335 0.016923767 0.13407423 0.46100524 0.49520144 0.4907008 0.059551373 0.0011419143 0.0020695548 0.5156023 0.26955304 0.44972515 0.5368875 7.7566665e-24 0.72606015 0.5173224 0.30442157 0.3239784 0.0037531087 0.40048498 0.03757667 0.5715628 0.0023371642 0.0028863812 0.0015492365 0.41101748 0.019306973 0.0015895801 0.0030866475 0.03462663 0.0015304617 0.30797017 0.0005931011 0.0010558901 0.0062902663 0.02997168 0.00027999535 0.0005481382 0.026324242 0.00035229934 0.0080863815 0.00051175046 0.0022507822 0.0012297423 0.0003373323 0.00046546955 0.021017697 0.0003778885 0.032670654 0.00016935238 3.272106e-05 0.0002431452 0.00013778824 0.0001277917 7.4900534e-05 2.4923223e-05 0.024011726 4.287775e-05 8.267709e-05 0.009096258 0.00034910714 0.000111795234 0.000922561 5.3755724e-05 1.0519687e-05 0.015726821 6.955539e-05 0.003746102 0.0022604556 1.2048465e-05 6.0039114e-05 0.0008959646 2.513358e-05 2.8794584e-05 0.0037629218 4.272823e-05 0.00030718412 0.0007488589 0.0009889837 2.8656214e-05 0.0001520547 0.0009973303 0.0011553373 0.00025076995 0.00040920757 2.598307e-05 9.106917e-05
0.27498496 0.021649428 0.016167296 0.025735551 0.021823335 0.009973465 0.04633977 0.081495546 0.0010537972 0.031555377 0.06773852 0.036570624 0.023703882 0.04145188 0.20873277 0.014808555 0.17528613 0.25912142 0.50768095 0.29110783 0.026793966 0.0011184813 0.0015246955 0.2688386 0.36776564 0.63893 0.2575612 0.72606015 6.006244e-25 0.24158287 0.56500685 0.13335533 0.002710628 0.632838 0.0505948 0.58974475 0.0017923865 0.0010500116 0.00084327784 0.16489886 0.0199478 0.00093448104 0.0017859087 0.019542988 0.00087652187 0.23618272 0.0005026652 0.00037886063 0.005780426 0.06893867 0.00013557482 0.00026007005 0.043641042 0.00017501571 0.009360353 0.00014178207 0.0032974675 0.0014380388 0.0002481232 0.00031086526 0.008820888 0.00023202381 0.020680755 0.0001547038 2.1922944e-05 7.8696336e-05 3.1475516e-05 4.820365e-05 2.032877e-05 1.6950646e-05 0.013512533 2.606937e-05 2.676714e-05 0.0032807502 0.00019089837 9.385005e-05 0.0007141546 5.2032217e-05 1.8338411e-06 0.007959381 4.6503512e-05 0.0024529716 0.0014560885 2.0093494e-06 7.1869704e-06 0.00017049957 6.6921484e-06 2.1333908e-05 0.0025723178 8.130193e-06 6.226746e-05 0.000120385695 0.0013893013 8.707173e-06 3.4280813e-05 0.0013588686 0.001406331 8.239569e-05 0.00028110892 3.3029402e-05 4.4733213e-05
0.47655654 0.013381209 0.011733971 0.033655826 0.02810532 0.018306375 0.08012057 0.057173703 0.00019993256 0.018122604 0.14779446 0.09130865 0.09172799 0.11652954 0.04204498 0.011505402 0.02687327 0.28929016 0.0914063 0.27914 0.16023973 0.00022762723 0.0008247325 0.44478673 0.048934516 0.09687455 0.5685473 0.5173224 0.24158287 2.3844231e-23 0.06738392 0.55161065 0.0019728271 0.11765749 0.017663298 0.31934842 0.01252138 0.0058617224 0.0005771002 0.5385441 0.0085452795 0.00046200692 0.021411365 0.12581578 0.0038518778 0.23426642 0.00017688549 0.0041243294 0.002069083 0.010745616 0.0002917108 0.0013493402 0.0108125415 0.0022665658 0.0030736977 0.00010477441 0.0006785831 0.00045063192 0.00069970806 0.0001578756 0.042225126 0.001010666 0.046466995 0.0001425383 1.7155704e-05 0.002541717 0.002323425 0.00084315793 0.00087269256 7.9802285e-06 0.021695316 2.8595854e-05 0.00054867275 0.022735093 0.00022423032 8.1487255e-05 0.0018023798 4.1010804e-05 0.0003254173 0.021930616 4.835614e-05 0.003818288 0.0028486352 0.00015201178 0.0008390826 0.0044974103 0.0004400755 2.5114268e-05 0.009835241 6.787115e-05 0.00073679624 0.005368203 0.0005202118 0.0002358364 0.0005419764 0.00026141905 0.0005912851 0.00027510006 0.00024292248 1.1366772e-05 0.00030947887
0.21554098 0.03274893 0.027104344 0.03490532 0.030095141 0.012550073 0.034161683 0.03678718 0.0012197989 0.041343853 0.035941586 0.017931327 0.010302489 0.022022124 0.15063596 0.025992751 0.25997803 0.0722841 0.29413393 0.090064645 0.010713894 0.0010675631 0.0030827087 0.06703253 0.7512978 0.75884396 0.06707952 0.30442157 0.56500685 0.06738392 1.7801423e-25 0.029314771 0.0030047556 0.7782464 0.1672235 0.42043436 0.0004927472 0.0005058323 0.0009455934 0.05003736 0.07849065 0.00092568086 0.00014314736 0.003224104 0.0003859925 0.15993929 0.00050702476 7.156095e-05 0.018817507 0.41078946 0.00025056914 0.00020882435 0.24613462 1.0106414e-05 0.046678804 5.3803316e-05 0.036258887 0.0047949413 0.0002232107 0.0020523635 0.0036296847 0.00014114138 0.008759086 0.00080852275 1.7207582e-05 1.242014e-05 7.75531e-06 5.9782774e-06 3.5503313e-06 1.6667887e-05 0.01600882 0.000252038 4.58141e-06 0.0014104303 0.00037497474 0.0006531069 0.0008994336 0.0003728372 8.813045e-08 0.0060069384 0.0003362584 0.007568885 0.0012101529 4.6492778e-07 1.6449594e-06 0.00022563215 2.1655046e-06 8.6681874e-05 0.0027106488 2.9742005e-06 5.774858e-05 0.00011167802 0.0047788904 4.9984733e-06 3.9002083e-05 0.008899177 0.006951352 7.260709e-05 0.0018143649 0.0034370653 4.37654e-05
