9.216752e-39 0.4791307 0.74061847 0.7330828 0.7869532 0.22531247 0.7287237 0.7634556 0.27049753 0.8751005 0.9149808 0.86440897 0.15576625 0.01741645 0.8197957 0.931225 0.16106018 0.01613741 0.6600356 0.19359405 0.93032634 0.48791352 0.66243637 0.024457028 0.9790723 0.030044334 0.018325739 0.17554064 0.2866588 0.019073833 0.012040096 0.017449966 0.005688413 0.005437966 0.57346225 0.02269298 0.29837394 0.020021625 0.9548277 0.0035621598 0.6276644 0.9674553 0.86253226 0.092961125 0.7608941 0.1787408 0.084459335 0.9812946 0.70825326 0.32269314 0.01496291 0.00019855345 0.9880239 0.58867586 0.023529865 0.7352602 0.3496927 0.00074116746 0.02234476 5.339964e-05 0.00027984747 0.00046482455 0.00053153554 0.03560218 0.008919676 0.00013080037 0.11100866 6.244694e-05 0.002868063 0.79497683 0.6294487 0.0052857557 0.06997844 0.35506362 0.05776334 0.00022192844 0.0006101444 0.8947533 1.4507313e-05 0.00013751534 0.9852199 0.48614505 2.8838235e-06 0.2624655 0.9950673 0.0022713707 0.76435035 0.86682326 0.002751225 1.4435996e-06 4.4621534e-05 0.28406182 0.8922606 0.93641406 0.000274312 1.6849292e-06 0.00013064455 0.94946474 0.9684175 9.848047e-06 4.80833e-07
0.4791307 4.1808947e-18 0.33929765 0.73902893 0.12764461 0.17415947 0.14072716 0.12326126 0.13410625 0.142755 0.35535857 0.068918295 0.038713325 0.05073401 0.29360443 0.09589737 0.031854887 0.05318864 0.41256586 0.023485241 0.038603444 0.037873827 0.029080145 0.018531105 0.052309815 0.3431665 0.009034039 0.022983192 0.015911538 0.0030846242 0.0043409937 0.2526558 0.034876566 0.006543051 0.02012073 0.19804306 0.12678432 0.0014104288 0.013928802 0.0014926642 0.009036966 0.008162505 0.31056195 0.016437216 0.16276395 0.012338297 0.01190591 0.015665038 0.0045253993 0.0028251533 0.0010985155 0.0001853371 0.005263665 0.0018997142 0.028088627 0.0016285194 0.001509455 0.0003066859 0.0010954032 4.9210757e-05 6.308412e-05 0.0014011256 0.00013808081 0.0024875246 0.00014530873 5.5008044e-05 0.0011711171 7.195242e-06 3.5482957e-05 0.016316094 0.00040134153 5.5829238e-05 0.00022004225 0.00033662387 0.00012724579 5.1339193e-05 0.029303772 0.00023304259 3.4283444e-06 1.6330669e-05 0.11125067 5.412972e-05 6.417705e-05 4.188904e-05 0.05291676 4.6256744e-05 3.8837763e-05 0.0017738399 3.819934e-05 1.1022386e-08 0.006182855 2.8420968e-06 1.768757e-06 1.4167183e-05 3.741703e-06 9.726012e-06 0.0091757625 6.125528e-05 2.0678883e-06 2.740066e-06 1.2557744e-08
0.74061847 0.33929765 9.832639e-19 0.38836727 0.4194066 0.3652517 0.3145826 0.33526286 0.49262503 0.33711725 0.25188538 0.3933735 0.21228904 0.060653687 0.08494374 0.40717784 0.16518334 0.048594598 0.077238865 0.1818684 0.25351396 0.22193076 0.20339699 0.037266545 0.25472075 0.056852624 0.015852293 0.11542081 0.088723265 0.008010856 0.007541869 0.020495536 0.012620194 0.0072881924 0.089723505 0.034372557 0.025496773 0.004626231 0.06831714 0.0030276857 0.026199149 0.054494936 0.194495 0.027562791 0.05171651 0.02363814 0.014417656 0.13933384 0.005164611 0.0022883264 0.0010544003 0.00034758696 0.07943121 0.0012257871 0.0040623588 0.0024065285 0.0007084433 0.00021224577 0.0005090968 9.346623e-05 2.1018364e-05 0.00012641567 0.00010388075 0.00020700805 0.00012401292 1.954488e-05 0.0004928779 2.137426e-06 7.545502e-05 0.07750554 0.0001774554 3.13782e-05 2.2660413e-05 0.00016543391 2.0718038e-05 3.175371e-05 0.00646866 0.00042966948 7.7889496e-07 1.8057948e-05 0.12219647 1.7705232e-05 1.0084722e-05 5.046741e-06 0.09844288 6.1615865e-06 0.00066311035 0.018062936 6.693074e-06 1.4045214e-08 0.004765333 7.5661603e-07 0.00015381744 7.819379e-06 2.4866067e-06 4.3174907e-07 0.0040380997 0.0009948728 0.00010154153 6.962105e-06 1.3173293e-07
0.7330828 0.73902893 0.38836727 4.78719e-17 0.190201 0.093429975 0.26804045 0.21930093 0.07157185 0.23670553 0.69167346 0.07953467 0.026236087 0.029031748 0.58112663 0.143502 0.017427132 0.026812198 0.5983163 0.013771804 0.041799378 0.03042491 0.026238754 0.00970885 0.060512178 0.29509917 0.0047286055 0.0076104035 0.009612624 0.0020725064 0.0024456407 0.14366016 0.0066246404 0.0024579898 0.017843299 0.1657957 0.14940289 0.0013272011 0.014390917 0.0011873295 0.0082217045 0.009022073 0.47932824 0.0039065126 0.23011963 0.0021651487 0.0032289366 0.017416142 0.0025290516 0.0011356869 0.00076876016 0.00031160703 0.005161714 0.0006671051 0.028745072 0.00088329543 0.00049148593 0.00026816543 0.00040335444 0.00017399521 7.823299e-05 0.0004064205 0.00026098016 0.0003543012 0.00020839482 0.00011110119 0.00031457646 8.592962e-06 6.666952e-05 0.015034365 0.00024382975 8.2621526e-05 4.4837594e-05 0.00013728366 2.0516443e-05 6.6824774e-05 0.0164408 9.694818e-05 1.1749387e-05 3.674716e-05 0.21355286 7.001356e-06 8.936882e-05 5.680858e-06 0.10046904 0.00010020906 3.5245712e-06 0.0021764636 8.718428e-05 1.0606521e-07 0.008880822 3.573536e-06 2.1140104e-07 6.228061e-06 1.925464e-05 6.3713974e-06 0.0113331 4.636402e-05 5.3220987e-07 1.0763928e-05 1.18520575e-07
0.7869532 0.12764461 0.4194066 0.190201 7.345361e-21 0.07627049 0.6283816 0.68795776 0.07428533 0.55015224 0.17573847 0.4172935 0.056884974 0.026785508 0.049338616 0.47162005 0.039283317 0.021814004 0.050004873 0.036840886 0.16038682 0.05533696 0.063412964 0.010594276 0.16074258 0.021108616 0.005789344 0.018300893 0.024826901 0.003155017 0.0030478619 0.011149072 0.00436847 0.0020249218 0.037478004 0.013562877 0.011305583 0.001599893 0.05199068 0.0010180646 0.011140937 0.034948085 0.0675069 0.004536282 0.016855683 0.002680161 0.0024574765 0.076064736 0.0020496938 0.00068188866 0.00044476285 9.3927585e-05 0.03177669 0.0005170769 0.002420883 0.0017696581 0.00033401872 6.8589514e-05 0.00041513346 3.1895535e-05 6.3810876e-05 8.581191e-05 7.186488e-05 7.763787e-05 7.271013e-05 4.9769023e-06 6.7496e-05 4.462011e-06 3.161613e-05 0.029067662 3.567327e-05 3.2686658e-05 1.2612431e-05 2.4418636e-05 9.75319e-06 7.649565e-06 0.0041132034 0.00027661116 2.529839e-06 3.4669508e-06 0.11082561 2.3539328e-06 5.7384013e-06 1.157559e-06 0.10405673 2.5929328e-05 8.902669e-05 0.0063108644 1.36982935e-05 1.53026e-08 0.0027521434 1.3755887e-06 7.678105e-06 1.1860872e-06 1.3540271e-06 2.7429055e-06 0.0013509266 0.00012906597 3.7216453e-06 3.71885e-06 5.19294e-07
0.22531247 0.17415947 0.3652517 0.093429975 0.07627049 4.9739315e-21 0.053564824 0.05775 0.69200104 0.0436342 0.030036561 0.08907039 0.40111357 0.37321112 0.022581335 0.066377744 0.503758 0.27259532 0.027023194 0.38657933 0.073602796 0.14276345 0.10686541 0.31764317 0.058601126 0.023633962 0.10376603 0.14382362 0.08162567 0.045900833 0.049719322 0.020905023 0.07878856 0.04921826 0.04555243 0.023476202 0.024120044 0.029130043 0.029425744 0.020117037 0.019413717 0.01906586 0.03108748 0.06882824 0.014522735 0.03520898 0.052206974 0.033171907 0.0053896457 0.0042433334 0.005578307 0.0022859913 0.022754952 0.0012370115 0.005544617 0.0012313847 0.0010929061 0.0006345856 0.001988981 0.00034186544 0.00058212865 0.004728808 0.0010057364 0.0001371999 4.8277212e-05 2.0310883e-05 0.00080330874 3.3166016e-05 2.3280767e-05 0.009153239 0.0002199879 1.1387984e-05 6.311667e-05 0.00018651462 6.0481678e-05 4.0145238e-05 0.0039542015 0.00031612648 5.5959963e-06 1.655484e-05 0.03706873 1.743353e-05 6.819882e-05 1.1188359e-05 0.021803329 8.686861e-06 0.0001361679 0.0016609489 8.569451e-06 3.274417e-08 0.0029923234 1.2197924e-06 8.323888e-05 4.0248047e-05 4.3627824e-06 4.2620236e-06 0.00197637 0.00013597637 4.141429e-05 1.6237149e-05 7.527202e-07
0.7287237 0.14072716 0.3145826 0.26804045 0.6283816 0.053564824 4.57588e-20 0.7184328 0.050456915 0.5811024 0.26510552 0.2035373 0.037794217 0.01790252 0.0716647 0.29309824 0.02298788 0.017926978 0.07964719 0.022299953 0.0902874 0.03385966 0.04378853 0.005999321 0.08630054 0.0367465 0.0025975388 0.007162951 0.013334082 0.0012621434 0.0014924955 0.015636321 0.002281146 0.00093123346 0.01857576 0.02064851 0.015585873 0.0007680797 0.023884166 0.00062066806 0.0051397663 0.01580032 0.09772419 0.0024862464 0.025336778 0.0010054257 0.0012079056 0.034441795 0.00067711173 0.00019147343 0.00030166554 3.952401e-05 0.013782776 0.000181501 0.003065963 0.0006644581 7.693054e-05 4.4767006e-05 0.0001983392 1.37470815e-05 3.70706e-05 8.144212e-05 6.143249e-05 3.7141835e-05 2.2651577e-05 3.5793958e-06 2.4353054e-05 1.5502945e-06 9.587751e-06 0.018481886 1.20364175e-05 1.1980472e-05 5.09828e-06 7.421244e-06 4.814596e-06 2.5269912e-06 0.007359578 4.0705625e-05 9.864455e-07 1.2051802e-06 0.11796396 1.1081992e-06 2.0762886e-06 5.042101e-07 0.09763017 2.122627e-05 1.18369e-05 0.0026534633 1.1329965e-05 3.76065e-09 0.0031330986 4.3006384e-07 1.7495647e-06 2.643494e-07 5.7204227e-07 8.4930497e-07 0.0032073657 4.8644346e-05 1.1049593e-06 2.8058128e-06 1.2854947e-07
0.7634556 0.12326126 0.33526286 0.21930093 0.68795776 0.05775 0.7184328 1.3754543e-20 0.055566907 0.6121296 0.19956507 0.26958445 0.04432089 0.018875116 0.051284216 0.366236 0.027715731 0.018485676 0.058868147 0.027251609 0.11175345 0.038385626 0.049318917 0.0066911187 0.10438487 0.028149396 0.0031659552 0.008779889 0.015261606 0.0014808675 0.0017352899 0.012691773 0.0022227794 0.0009834885 0.020654876 0.01623174 0.012178259 0.00096533523 0.02752952 0.0006496053 0.0058152247 0.018094247 0.07019323 0.002959245 0.016607145 0.0012402197 0.0016499888 0.044804033 0.0006560111 0.00022624884 0.0004373618 4.62721e-05 0.017802393 0.0001778415 0.0021731926 0.000664128 0.00010596296 6.0698017e-05 0.00031258803 2.2585591e-05 5.3931184e-05 8.503327e-05 5.546354e-05 4.543549e-05 3.405844e-05 4.5124166e-06 2.9962426e-05 2.158634e-06 1.4859079e-05 0.021265524 1.0724264e-05 1.81086e-05 6.4163128e-06 7.640182e-06 6.0938405e-06 3.7922912e-06 0.0063241124 5.4045744e-05 1.4106372e-06 1.5082967e-06 0.10162946 1.1690804e-06 2.0296932e-06 5.45476e-07 0.08966218 2.5753296e-05 1.5122251e-05 0.0028555687 1.4099037e-05 8.278501e-09 0.0033303143 5.3345883e-07 2.2441643e-06 2.9798315e-07 7.3985484e-07 9.677284e-07 0.002533339 5.2634514e-05 1.5123788e-06 3.0475376e-06 1.5741172e-07
0.27049753 0.13410625 0.49262503 0.07157185 0.07428533 0.69200104 0.050456915 0.055566907 1.0599534e-20 0.0484048 0.025619993 0.116019845 0.5234336 0.17849633 0.014975572 0.08549153 0.5755467 0.10432832 0.016287774 0.50948036 0.104036786 0.24317928 0.17692095 0.2693045 0.077219516 0.014089321 0.0688375 0.14929445 0.09528768 0.038197193 0.034842048 0.011418413 0.038121145 0.026715772 0.06265827 0.012669951 0.01162068 0.026048975 0.04378876 0.013028814 0.028656399 0.027648252 0.021724928 0.06353732 0.008191112 0.035214018 0.04334991 0.03925428 0.007536592 0.0045738425 0.00424163 0.0014555887 0.029053913 0.0017822703 0.0039672423 0.0018064262 0.0011431494 0.0004060854 0.0015826545 0.00017535001 0.00026593165 0.0017426526 0.00051209977 0.00013075149 4.893548e-05 9.379336e-06 0.0006971098 1.3933529e-05 1.2770222e-05 0.007519039 0.00030632375 5.8310757e-06 5.961519e-05 0.00024292803 7.632203e-05 1.875861e-05 0.0036429078 0.00060279394 2.2486588e-06 6.6427365e-06 0.025226941 2.2645594e-05 8.085446e-06 1.3339652e-05 0.014432059 6.223686e-06 0.0001529242 0.0010681298 6.474955e-06 4.277329e-08 0.0043220166 1.9500947e-06 0.00012151319 3.4187207e-05 3.8359544e-06 9.706964e-07 0.0024696668 7.256487e-05 7.5230404e-05 1.0479964e-05 2.4413373e-07
0.8751005 0.142755 0.33711725 0.23670553 0.55015224 0.0436342 0.5811024 0.6121296 0.0484048 2.0454151e-19 0.29415414 0.28426537 0.041310985 0.0131468065 0.068814486 0.41032943 0.025259664 0.009872997 0.06760335 0.03653372 0.118614584 0.04406449 0.04486884 0.0045160875 0.12794137 0.02772905 0.0020878424 0.0064619486 0.011734977 0.00094814075 0.0012542809 0.01155862 0.001087519 0.0007023656 0.016096847 0.01566359 0.013079776 0.0005597304 0.03138806 0.0006739383 0.0036651597 0.019715346 0.118835986 0.0016715812 0.025086407 0.001131296 0.0009159649 0.07072408 0.00056339893 0.0001535154 0.0003630867 4.1830877e-05 0.027144607 0.00016481127 0.0033752525 0.00043836 7.260405e-05 7.8169825e-05 0.00013595835 2.1619564e-05 2.4393266e-05 4.0331117e-05 6.277199e-05 3.0355304e-05 9.668904e-06 8.134986e-06 1.316238e-05 1.1032125e-06 7.33519e-06 0.03199665 1.2236485e-05 1.1215975e-05 3.0456226e-06 8.986473e-06 1.5786416e-06 2.9163125e-06 0.00476362 0.000112154456 5.993762e-07 2.160189e-06 0.186904 9.898304e-07 1.8830959e-06 7.414166e-07 0.11851093 1.2492854e-05 5.870278e-06 0.002446541 9.639516e-06 9.796373e-09 0.0044089425 4.0121083e-07 1.2449995e-06 4.739711e-07 1.1110723e-06 1.0430772e-06 0.0041236663 3.3517557e-05 5.3617435e-07 5.161137e-06 3.1291717e-07
0.9149808 0.35535857 0.25188538 0.69167346 0.17573847 0.030036561 0.26510552 0.19956507 0.025619993 0.29415414 5.1302048e-18 0.07484714 0.011645326 0.007638757 0.646926 0.09842298 0.0067818654 0.006695408 0.5733854 0.0063826586 0.030255502 0.01319813 0.012669407 0.0020295046 0.025691763 0.20820343 0.000624747 0.0013558014 0.0029405523 0.00038644113 0.0003675969 0.055366915 0.0003674795 0.00025876035 0.0033946407 0.110487886 0.08262561 0.00024335561 0.008093366 0.00021223587 0.00089951814 0.0051213913 0.43852428 0.00062557304 0.1722971 0.00037988342 0.00037945888 0.015789347 5.067961e-05 4.5422705e-05 0.00014022223 2.236478e-05 0.0048329635 2.0666337e-05 0.01693864 1.9942781e-05 1.4620719e-05 2.2949796e-05 4.2582797e-05 1.6017677e-05 3.384992e-06 2.1030157e-05 8.566713e-06 7.825959e-06 7.63335e-06 9.346263e-06 6.2982976e-06 3.111727e-07 8.038838e-06 0.024102997 1.921191e-06 7.708001e-06 1.2141126e-06 9.1559275e-07 2.4776742e-07 9.836822e-06 0.008353045 3.1865268e-06 2.3039665e-07 8.119547e-06 0.50355685 6.847641e-08 1.3046263e-06 4.970162e-08 0.21526898 9.999546e-06 5.612316e-07 0.0019227832 6.6196285e-06 6.5402452e-09 0.009347276 1.2207843e-07 5.875929e-08 7.535034e-08 7.362487e-06 1.5501445e-07 0.011052983 4.809943e-06 7.792587e-08 3.8193234e-06 1.1084855e-08
0.86440897 0.068918295 0.3933735 0.07953467 0.4172935 0.08907039 0.2035373 0.26958445 0.116019845 0.28426537 0.07484714 4.2089783e-18 0.106951594 0.026275892 0.020971041 0.71869767 0.0760161 0.017505972 0.020582099 0.09131469 0.68274677 0.12400028 0.16683246 0.018044936 0.4460262 0.008798595 0.009873359 0.076133184 0.07666524 0.0070175105 0.0032754808 0.008813433 0.0030095908 0.0018576215 0.09897343 0.0067783636 0.006921762 0.005409726 0.1689253 0.0012024537 0.044123106 0.12520279 0.040351562 0.016888112 0.008516942 0.01605041 0.010195608 0.23759972 0.0083189765 0.0036727649 0.001628125 0.00017245556 0.16060983 0.0027207779 0.002222966 0.0069910083 0.0011514901 0.00013668182 0.0012029819 0.00020667075 7.2766874e-05 3.103074e-05 4.47656e-05 0.00029329554 0.00033001494 2.704075e-05 0.00058966776 9.4254965e-06 0.0002407545 0.09024606 0.0002944971 0.00020680895 0.0001640199 0.00022039088 0.00011951995 7.31679e-05 0.005129539 0.0016495397 2.6569132e-06 5.4315147e-05 0.07101984 8.5190906e-05 1.3175341e-05 3.877685e-05 0.10268417 7.449555e-05 0.0018954508 0.027886476 3.644551e-05 3.9489115e-07 0.004263947 2.8039283e-05 0.00045866627 2.8986124e-05 2.1653239e-05 5.161501e-06 0.0020704034 0.0032559722 0.00035176153 2.1608228e-05 2.38243e-06
0.15576625 0.038713325 0.21228904 0.026236087 0.056884974 0.40111357 0.037794217 0.04432089 0.5234336 0.041310985 0.011645326 0.106951594 3.7359585e-23 0.09600175 0.008735899 0.08263442 0.7398137 0.050932396 0.0070582945 0.7471714 0.10996266 0.4609386 0.3724528 0.30762213 0.08361755 0.002679806 0.11758775 0.29000816 0.20329376 0.078945756 0.05275389 0.003068436 0.030174427 0.02694433 0.12261306 0.002567381 0.003963939 0.0517075 0.07546096 0.018562682 0.08794186 0.0535322 0.009902516 0.10933202 0.004015801 0.07020424 0.07711683 0.05729802 0.01453601 0.0085531585 0.011781131 0.0016612639 0.03313332 0.0039785733 0.0008326049 0.004021233 0.0014584115 0.0011162452 0.0059535657 0.00032508757 0.0005293648 0.00019800829 0.00019473891 0.00022906034 0.00018609957 2.650077e-05 0.0007397657 2.1705568e-05 5.6508885e-05 0.0042991764 0.00024451414 1.9622254e-05 8.154269e-05 0.00025304375 6.284891e-05 7.101185e-05 0.0007491053 0.0015133995 2.0344196e-06 1.49083335e-05 0.012465828 4.5285466e-05 4.1209437e-06 2.6576014e-05 0.009005386 7.0682636e-06 0.0004958032 0.00054107193 7.164149e-06 4.3087475e-08 0.0036739716 6.424254e-06 0.00046077644 0.00010138197 2.4076944e-06 4.968629e-07 0.00026621585 0.000105899904 0.00017315909 1.6224318e-05 1.3324235e-06
0.01741645 0.05073401 0.060653687 0.029031748 0.026785508 0.37321112 0.01790252 0.018875116 0.17849633 0.0131468065 0.007638757 0.026275892 0.09600175 3.0828626e-22 0.00681381 0.014656802 0.13269 0.67131764 0.008220266 0.06394805 0.01960883 0.051690586 0.04209882 0.33315295 0.0111427745 0.0048782025 0.18137877 0.03360265 0.02895834 0.047411133 0.13982356 0.00673215 0.23926699 0.16106331 0.018715762 0.0066069905 0.0053952406 0.023426969 0.007480213 0.04347233 0.008745217 0.005231269 0.005021846 0.013204337 0.0042618085 0.0044253077 0.010924774 0.0061343885 0.002840019 0.0019522116 0.0023736379 0.0031536843 0.0027700607 0.00076911907 0.0017536005 0.00061416905 0.00054350984 0.0013409704 0.0008412829 0.0008339626 0.0017096743 0.0067081074 0.002348228 6.208856e-05 2.5390105e-05 3.369688e-05 0.00019063603 0.00011554481 2.5918129e-05 0.0009566034 6.503624e-05 1.2203411e-05 2.927248e-05 7.133542e-05 2.7660682e-05 8.8785804e-05 0.0036470806 7.5164215e-05 0.0001273326 3.2724114e-05 0.010579232 8.259502e-06 0.0005163786 8.002536e-06 0.0065622795 1.3344677e-05 7.4784007e-06 0.0001606816 1.4042799e-05 2.9585857e-07 0.0014845447 2.4078686e-06 4.8923143e-06 1.134812e-05 4.078021e-06 6.3089894e-05 0.0004442009 3.4840952e-05 6.3916327e-06 3.290349e-05 1.3001246e-05
0.8197957 0.29360443 0.08494374 0.58112663 0.049338616 0.022581335 0.0716647 0.051284216 0.014975572 0.068814486 0.646926 0.020971041 0.008735899 0.00681381 1.9457293e-17 0.029692493 0.0074933115 0.007155976 0.7590079 0.007850355 0.008587044 0.0071095913 0.005321041 0.0032349315 0.005558637 0.37263134 0.0020553987 0.0014105116 0.0013833486 0.00084299356 0.0009732721 0.10725731 0.00060712924 0.00048122625 0.0013624671 0.22488694 0.17616741 0.0004654766 0.0017403597 0.00039083065 0.00032387392 0.0009258322 0.32299346 0.00034140894 0.26764908 0.00016411144 0.0002585635 0.0042918846 3.6354217e-05 2.0250867e-05 0.00012794488 1.2737054e-05 0.00068912003 1.3620993e-05 0.021617515 1.5328256e-05 7.6114984e-06 3.528245e-05 3.7344038e-05 4.1220637e-06 7.985656e-06 2.6514497e-05 8.540964e-05 9.306567e-06 4.2234997e-06 2.515232e-06 2.9888952e-06 1.1568984e-07 1.1359929e-06 0.0028256478 2.4105924e-07 3.3744718e-06 3.9558057e-07 1.144653e-07 2.1069903e-07 1.6781458e-06 0.0054132016 6.177511e-07 8.142173e-08 8.4529944e-07 0.23055665 1.14903385e-08 1.146594e-06 4.9867483e-09 0.09957922 4.055225e-06 1.5022867e-07 0.00030241188 2.815618e-06 1.6094189e-09 0.00810755 2.9554034e-08 7.874175e-09 1.4486829e-08 4.9700793e-07 1.1984083e-07 0.0088222455 1.582511e-06 8.928959e-09 1.3739656e-06 3.253865e-08
0.931225 0.09589737 0.40717784 0.143502 0.47162005 0.066377744 0.29309824 0.366236 0.08549153 0.41032943 0.09842298 0.71869767 0.08263442 0.014656802 0.029692493 3.9774158e-19 0.060954075 0.009948908 0.028056692 0.08166365 0.48722848 0.104131855 0.15048969 0.007928736 0.47349292 0.011229885 0.00379786 0.034848493 0.048291825 0.0019791021 0.0013311885 0.007829551 0.0008530525 0.00064960064 0.0785239 0.0071087475 0.003377719 0.0013350795 0.104717754 0.0006265895 0.020798678 0.08156844 0.054059792 0.0051592626 0.0076167923 0.003858628 0.0032997683 0.23025513 0.002917382 0.000639552 0.0005510847 4.2567168e-05 0.12888828 0.00091353536 0.0016556311 0.0016638136 0.0002525158 5.7668887e-05 0.00019826074 6.688795e-05 2.1174248e-05 2.0463098e-05 1.6638665e-05 4.823795e-05 3.5149056e-05 1.1864339e-05 8.8958535e-05 5.193933e-06 3.4117766e-05 0.08185269 8.530236e-05 2.732375e-05 1.8120485e-05 6.0993087e-05 1.1488734e-05 1.7487815e-05 0.006862891 0.0005801586 1.4707598e-06 8.432074e-06 0.112528116 9.175591e-06 3.3032884e-06 5.606814e-06 0.107839055 1.6460102e-05 0.00018152784 0.015128174 1.39381955e-05 7.421144e-08 0.0072286413 3.329009e-06 3.9463368e-05 3.2379053e-06 2.9126713e-06 1.6671297e-06 0.0044621197 0.00083072827 1.8482197e-05 1.9250967e-05 1.0640781e-06
0.16106018 0.031854887 0.16518334 0.017427132 0.039283317 0.503758 0.02298788 0.027715731 0.5755467 0.025259664 0.0067818654 0.0760161 0.7398137 0.13269 0.0074933115 0.060954075 1.5734604e-23 0.059930313 0.0059688385 0.75018847 0.078938976 0.40625742 0.27645874 0.4218172 0.07658299 0.0026136895 0.2566365 0.35010326 0.22509171 0.19785301 0.116494976 0.0027944983 0.051425207 0.054245543 0.12101816 0.00277622 0.004143983 0.13086087 0.06581009 0.036141623 0.08597136 0.04763359 0.00948285 0.18363601 0.0050038183 0.099363595 0.14621142 0.048473585 0.012240734 0.009351899 0.024726903 0.0058686696 0.03217685 0.0027807949 0.00048666386 0.0024597791 0.0018642901 0.0038557327 0.013738406 0.0009882186 0.0020203576 0.00047132612 0.00077294756 0.00026426458 0.00035551973 0.0001675068 0.00070174993 0.00010261245 0.00013935172 0.004547919 0.0002174739 3.4947505e-05 7.9384394e-05 0.00025533725 6.103865e-05 0.00019640612 0.0007875821 0.0013650896 9.412275e-06 4.037961e-05 0.014180744 5.4215994e-05 1.2404041e-05 3.143481e-05 0.009860491 6.8574373e-06 0.00033369684 0.00047992347 6.065221e-06 2.2275144e-07 0.00080038793 4.724082e-06 0.00035691916 7.386578e-05 2.895514e-06 1.8473411e-06 0.000106375344 9.0405716e-05 0.000119219076 2.4043706e-05 5.4941274e-06
0.01613741 0.05318864 0.048594598 0.026812198 0.021814004 0.27259532 0.017926978 0.018485676 0.10432832 0.009872997 0.006695408 0.017505972 0.050932396 0.67131764 0.007155976 0.009948908 0.059930313 2.3249383e-21 0.008619979 0.041680265 0.012256369 0.030807579 0.023998134 0.20916614 0.00761887 0.0053428113 0.11875865 0.01945733 0.015038537 0.033687506 0.12250328 0.0068002 0.33730274 0.22711422 0.010435553 0.006854388 0.0069819866 0.017917456 0.005543134 0.05071944 0.005346948 0.0033465868 0.0060343435 0.00911945 0.005122485 0.0036323478 0.00795245 0.0053864648 0.0011111125 0.0015353553 0.0018832111 0.003026173 0.002044059 0.0004050668 0.0018181651 0.00014753552 0.00050365867 0.0011719918 0.00066557934 0.00081612053 0.0017808081 0.0076299994 0.0023944238 9.9125115e-05 3.1285574e-05 5.4915483e-05 0.0002589218 0.00013430674 3.8000624e-05 0.0013353081 6.0286635e-05 1.8868468e-05 4.0154002e-05 6.0878774e-05 3.2578635e-05 0.00016265194 0.0032871952 0.0001257365 0.00014943173 8.6389635e-05 0.015118662 9.6778995e-06 0.00067518314 1.305619e-05 0.0093466295 1.7882341e-05 1.8870449e-05 0.00032710776 1.8169127e-05 4.076133e-07 0.0008464551 1.7173277e-06 8.898098e-06 1.523439e-05 7.916496e-06 0.000100262114 0.00043273784 7.581994e-05 1.4075795e-05 8.01924e-05 2.6603959e-05
0.6600356 0.41256586 0.077238865 0.5983163 0.050004873 0.027023194 0.07964719 0.058868147 0.016287774 0.06760335 0.5733854 0.020582099 0.0070582945 0.008220266 0.7590079 0.028056692 0.0059688385 0.008619979 5.8309655e-17 0.00420942 0.008659169 0.005452153 0.0048028496 0.0029573182 0.0071376725 0.5872505 0.0009821439 0.00094360026 0.00087691523 0.0002514577 0.0004821165 0.24976723 0.0018649962 0.00059571175 0.0009949593 0.3809564 0.376532 0.00015025039 0.0022199217 0.0004051444 0.000548837 0.001089509 0.34440342 0.00028484926 0.44822836 0.00018706096 0.00022293646 0.0026623732 9.913344e-05 4.5155488e-05 6.597196e-05 2.609066e-05 0.0006901872 3.2589513e-05 0.09092746 3.1685886e-05 1.335042e-05 2.5630321e-05 2.2775544e-05 6.5679264e-06 5.7855877e-06 6.856146e-05 8.0739315e-05 1.7546185e-05 3.3620017e-06 1.0538539e-06 4.1950066e-06 3.9635734e-07 1.1134388e-06 0.0021207887 3.0709095e-06 1.5056852e-06 7.2075386e-07 1.1562186e-06 6.1944604e-07 1.1347953e-06 0.012188309 7.8526045e-06 2.9396912e-07 1.1469549e-06 0.10066466 1.7566659e-07 2.7330354e-06 5.0613988e-08 0.038679782 1.4503958e-06 1.8676257e-06 0.0004884287 8.742365e-07 9.141819e-09 0.031153848 3.9056513e-08 9.622468e-08 1.0157053e-07 4.8277525e-07 8.210792e-08 0.03962605 1.0309264e-05 1.05181805e-07 3.2598305e-07 4.304263e-08
0.19359405 0.023485241 0.1818684 0.013771804 0.036840886 0.38657933 0.022299953 0.027251609 0.50948036 0.03653372 0.0063826586 0.09131469 0.7471714 0.06394805 0.007850355 0.08166365 0.75018847 0.041680265 0.00420942 2.4197931e-23 0.100759946 0.58188105 0.46782303 0.329522 0.10405212 0.0013423426 0.19659647 0.4522353 0.3269345 0.19109726 0.09453784 0.002073055 0.03070658 0.033563007 0.24263482 0.0015369208 0.0018355709 0.12917854 0.11009855 0.028380744 0.1687422 0.07869482 0.0041891397 0.24021512 0.0024061888 0.14344566 0.19365452 0.07648127 0.024737777 0.0143418275 0.044492457 0.0053365612 0.057921994 0.009128952 0.0003016575 0.008285026 0.004811175 0.00443709 0.025778227 0.0011587784 0.0012661773 0.00019536335 0.0005675912 0.00091509 0.0010388065 0.00028235343 0.0015140637 6.0134924e-05 0.00032397278 0.004147468 0.0005453876 0.00015183025 0.00018988177 0.00046279453 0.00017638148 0.00032213228 0.00034668567 0.0030487007 6.7272463e-06 8.638782e-05 0.0052292016 0.00015432773 6.8038057e-06 0.00016459764 0.004842283 2.01268e-05 0.0011185139 0.00042718163 2.280408e-05 1.7229716e-07 0.0029371483 5.2404466e-05 0.0011359187 0.0002060243 5.083443e-06 6.0520506e-07 0.00011112863 0.00016246497 0.00018939255 4.1578598e-05 9.375554e-06
0.93032634 0.038603444 0.25351396 0.041799378 0.16038682 0.073602796 0.0902874 0.11175345 0.104036786 0.118614584 0.030255502 0.68274677 0.10996266 0.01960883 0.008587044 0.48722848 0.078938976 0.012256369 0.008659169 0.100759946 9.544528e-19 0.16967441 0.24768275 0.019577187 0.6826808 0.003111064 0.010504721 0.10248352 0.11030338 0.008287524 0.0029403095 0.0035297147 0.0015947587 0.0014195571 0.16257536 0.0028353154 0.001366467 0.0053282897 0.32322803 0.0010000943 0.06866773 0.24382053 0.014829564 0.03393495 0.0019437997 0.02989605 0.018780963 0.43614894 0.015296782 0.008376634 0.0017972596 9.390626e-05 0.28536105 0.0043520695 0.0007192237 0.013665863 0.0025053008 0.00012589859 0.0011312043 8.667823e-05 4.0963976e-05 3.8160524e-05 2.5166702e-05 0.00026286428 0.0002890832 2.3207283e-05 0.0016234433 8.545857e-06 0.00024213907 0.10510522 0.0006869363 0.0002640502 0.00024940117 0.0003891891 0.00022713523 5.2084994e-05 0.008464947 0.0033711283 1.4507762e-06 3.942282e-05 0.040897824 0.0001480789 3.8835504e-05 9.5563715e-05 0.07542891 0.00010654124 0.0029943602 0.041589115 4.894486e-05 3.0882035e-07 0.0029199473 8.343415e-05 0.0011105918 6.660807e-05 1.2464351e-05 5.646452e-06 0.0012525823 0.0063486835 0.0005820037 1.7661234e-05 3.3252838e-06
0.48791352 0.037873827 0.22193076 0.03042491 0.05533696 0.14276345 0.03385966 0.038385626 0.24317928 0.04406449 0.01319813 0.12400028 0.4609386 0.051690586 0.0071095913 0.104131855 0.40625742 0.030807579 0.005452153 0.58188105 0.16967441 2.4574974e-22 0.6470547 0.14046332 0.16715835 0.0021221351 0.08556711 0.45346284 0.39749667 0.091323934 0.045306604 0.0021920414 0.011584116 0.014084397 0.30871725 0.0021917678 0.0021566912 0.08086726 0.16962418 0.016884489 0.15439771 0.13615772 0.008661994 0.19814694 0.0022593415 0.14171275 0.15529017 0.16964121 0.03659966 0.017300414 0.028005112 0.0029111982 0.13979481 0.01207662 0.00036688524 0.020697547 0.0057835695 0.0044697374 0.0191636 0.0007028437 0.00022841421 0.00010831112 0.0002766096 0.0016727166 0.0022634263 0.00023206588 0.002982076 1.5670714e-05 0.00052820216 0.022355944 0.0017878147 0.0003468419 0.0005437284 0.0012746686 0.00054794794 0.00038608344 0.001000422 0.007919395 2.6516711e-06 0.00018562612 0.0115689095 0.0006314193 4.8661022e-06 0.0003872284 0.009734049 5.5453915e-05 0.004586838 0.0030128472 0.00010120462 1.5726452e-07 0.023710817 0.0005783045 0.0033746844 0.001120247 1.5034004e-05 1.0097727e-06 0.0013050452 0.0010053404 0.0006653108 7.1837065e-05 3.895047e-06
0.66243637 0.029080145 0.20339699 0.026238754 0.063412964 0.10686541 0.04378853 0.049318917 0.17692095 0.04486884 0.012669407 0.16683246 0.3724528 0.04209882 0.005321041 0.15048969 0.27645874 0.023998134 0.0048028496 0.46782303 0.24768275 0.6470547 1.992512e-22 0.09811779 0.1966487 0.0009066177 0.05291627 0.3900417 0.46033382 0.05339095 0.027081696 0.0012485654 0.0069461563 0.007682002 0.43029958 0.0009969827 0.0012087566 0.043336004 0.27596262 0.008618356 0.28284442 0.21054786 0.006799723 0.15931658 0.0011164761 0.13679132 0.09005291 0.21598941 0.080387205 0.021312458 0.016141457 0.00042128877 0.20675631 0.023260765 0.00028175872 0.036340438 0.0069295294 0.0010706095 0.011708557 7.9090816e-05 1.8204682e-05 4.7259717e-05 0.00011470075 0.0014248298 0.0012486839 3.3640114e-05 0.0036084328 2.0549978e-06 0.00018766224 0.024326805 0.0029042945 0.00015834728 0.0005087447 0.0022745377 0.00065892737 9.6154916e-05 0.0017843569 0.012444292 4.5855424e-07 4.9644324e-05 0.011160823 0.00065572996 9.958627e-07 0.00045442424 0.007378243 4.546843e-05 0.004356218 0.002792206 9.929684e-05 3.41912e-08 0.0546404 0.0007247247 0.004009978 0.001551344 7.009099e-06 1.956681e-07 0.004199438 0.00079374283 0.0007701859 3.4531793e-05 5.3632056e-07
0.024457028 0.018531105 0.037266545 0.00970885 0.010594276 0.31764317 0.005999321 0.0066911187 0.2693045 0.0045160875 0.0020295046 0.018044936 0.30762213 0.33315295 0.0032349315 0.007928736 0.4218172 0.20916614 0.0029573182 0.329522 0.019577187 0.14046332 0.09811779 2.8328352e-24 0.008808177 0.000788397 0.62037736 0.22295131 0.12659474 0.47646484 0.41010466 0.0018394619 0.10019027 0.16687587 0.05829239 0.0011285138 0.0010516217 0.35143352 0.010751977 0.16283819 0.024141267 0.006735567 0.002681842 0.14011355 0.0007853009 0.045437478 0.12233796 0.008864342 0.005759596 0.00672965 0.04350789 0.0141397305 0.0052652312 0.0010313218 0.0001283636 0.0012807447 0.0016784141 0.012874813 0.016456816 0.0025182513 0.0042061335 0.0042677713 0.004832012 0.0001811581 0.0002931876 0.00027524674 0.00064179406 0.00021070619 0.00010051687 0.00065959094 0.00023036117 2.9798091e-05 7.0760296e-05 0.00019807232 5.037631e-05 7.6244185e-05 0.0009019345 0.00042829016 3.4459877e-05 1.5735784e-05 0.0031504242 2.4211655e-05 0.00012670307 2.4938012e-05 0.0041507035 8.7239805e-06 3.127513e-05 6.311036e-05 6.050409e-06 1.477579e-07 0.00087804365 1.3085707e-05 1.609307e-05 2.644679e-05 1.5107165e-06 3.4868273e-05 8.547125e-05 2.4152754e-05 1.4197278e-05 1.7336011e-05 1.2838947e-05
0.9790723 0.052309815 0.25472075 0.060512178 0.16074258 0.058601126 0.08630054 0.10438487 0.077219516 0.12794137 0.025691763 0.4460262 0.08361755 0.0111427745 0.005558637 0.47349292 0.07658299 0.00761887 0.0071376725 0.10405212 0.6826808 0.16715835 0.1966487 0.008808177 3.6968943e-19 0.0029825808 0.004951277 0.06698434 0.08573697 0.0033675376 0.0010972575 0.0022243464 0.00048081361 0.00054397056 0.12707922 0.0022013546 0.0011651558 0.0022392431 0.2772021 0.00038128605 0.048070543 0.27450982 0.029795593 0.013024807 0.0020590792 0.012518592 0.008248687 0.55337876 0.0064203353 0.002752877 0.0011560015 7.0366965e-05 0.34383872 0.0015725757 0.00043047845 0.005196718 0.00082745595 0.0001924279 0.00049873366 0.00016885407 3.871178e-05 7.71921e-05 3.1837855e-05 8.9107896e-05 0.00010240764 6.1519844e-05 0.00088032347 1.5173101e-05 9.587235e-05 0.12770595 0.0003309311 0.00010114324 0.00015347279 0.0003162474 0.00017635792 9.470933e-05 0.015842514 0.003337398 5.622717e-06 8.59864e-05 0.12142737 7.27471e-05 7.116133e-05 4.56111e-05 0.17213818 0.00012313118 0.00424322 0.093440205 6.074272e-05 2.7763338e-06 0.0070716725 3.2421554e-05 0.0020906467 0.00010007564 4.1259398e-05 3.4481476e-05 0.0059450064 0.010661794 0.0014033259 0.0001784749 1.681098e-06
0.030044334 0.3431665 0.056852624 0.29509917 0.021108616 0.023633962 0.0367465 0.028149396 0.014089321 0.02772905 0.20820343 0.008798595 0.002679806 0.0048782025 0.37263134 0.011229885 0.0026136895 0.0053428113 0.5872505 0.0013423426 0.003111064 0.0021221351 0.0009066177 0.000788397 0.0029825808 2.1910203e-21 0.0006862462 0.0003548186 0.0005388383 0.00032640414 0.00088946964 0.39560187 0.0057354616 0.0016685862 0.0002880575 0.5724992 0.3563653 0.0003680071 0.0006883154 0.00040926022 0.0005734778 0.00039289976 0.019284466 0.00019503795 0.2629143 0.00012111025 0.00015604463 0.0010905771 0.00019343842 4.292591e-05 0.0001237524 4.5674828e-05 0.00023990033 3.981706e-05 0.29048064 2.1635571e-05 2.9641864e-05 3.52946e-05 1.5982672e-05 4.988297e-06 3.0492572e-05 0.00021415396 0.00018768819 2.6184834e-05 1.2231018e-06 1.4326057e-06 1.3248925e-05 2.0326578e-07 1.9440182e-07 1.5718746e-05 3.094148e-06 4.2143682e-07 9.269559e-06 1.9094807e-06 6.348683e-06 1.9708654e-07 0.018953089 1.0317496e-05 9.596638e-07 1.8082574e-07 0.0059968075 1.3488602e-06 7.732888e-06 5.6634485e-07 0.0014309658 2.2743693e-06 1.07015e-07 1.1352186e-06 1.1989457e-05 1.2269815e-08 0.03802166 1.0167714e-07 2.3975117e-08 6.601809e-07 6.976505e-07 4.946578e-07 0.04056818 3.859485e-07 2.4303958e-07 3.2982845e-07 3.15748e-08
0.018325739 0.009034039 0.015852293 0.0047286055 0.005789344 0.10376603 0.0025975388 0.0031659552 0.0688375 0.0020878424 0.000624747 0.009873359 0.11758775 0.18137877 0.0020553987 0.00379786 0.2566365 0.11875865 0.0009821439 0.19659647 0.010504721 0.08556711 0.05291627 0.62037736 0.004951277 0.0006862462 1.4497001e-23 0.25169268 0.10581961 0.6269072 0.60443854 0.0017670476 0.23121035 0.34803975 0.042641424 0.00094064523 0.00019814013 0.51390296 0.0069350526 0.40699852 0.020951612 0.0047356747 0.002743476 0.23840174 0.0003924133 0.06569484 0.23197114 0.007847316 0.0039669243 0.009957024 0.17732705 0.11946299 0.0044168984 0.0009284605 8.542798e-05 0.0005551718 0.002732947 0.12179795 0.04478888 0.024373636 0.04306647 0.010086018 0.022163022 0.0010435532 0.0017301509 0.0063945176 0.0010468172 0.0036745197 0.0016973827 0.00046591565 0.00023097823 0.00046325507 0.00016326488 0.00022249405 0.000119696415 0.0011558487 0.0011028514 0.000793895 0.0005225784 0.00039756144 0.0014202747 4.3441138e-05 0.0009850574 5.493863e-05 0.003120183 5.7903213e-05 0.00013508028 8.688058e-05 3.688314e-05 8.047234e-05 0.0001893225 3.697989e-05 0.00011327582 0.0001274626 1.498828e-05 0.00048755112 0.00010567091 3.5949943e-05 5.9849488e-05 0.00012632458 0.00043460182
0.17554064 0.022983192 0.11542081 0.0076104035 0.018300893 0.14382362 0.007162951 0.008779889 0.14929445 0.0064619486 0.0013558014 0.076133184 0.29000816 0.03360265 0.0014105116 0.034848493 0.35010326 0.01945733 0.00094360026 0.4522353 0.10248352 0.45346284 0.3900417 0.22295131 0.06698434 0.0003548186 0.25169268 6.810856e-23 0.60074055 0.31455478 0.13794298 0.0011557126 0.022785649 0.026112301 0.35975257 0.00039755023 0.00025891166 0.34122956 0.14750315 0.027729431 0.28101724 0.109615356 0.0012551658 0.5142215 0.00049424614 0.49487332 0.46624643 0.064414926 0.08021857 0.07818612 0.18351017 0.006111507 0.059702605 0.051313765 6.433828e-05 0.03671049 0.04758731 0.012573517 0.16663189 0.0013018573 0.00087545335 0.00047707124 0.001264287 0.048685364 0.017865254 0.0017903902 0.013265812 0.000101112106 0.005967817 0.004530599 0.005049214 0.003463808 0.0038976169 0.004770758 0.0032243503 0.0014655897 0.0014740662 0.012306616 1.2535017e-05 0.0010259689 0.0041373493 0.0028517246 2.687234e-05 0.002163357 0.0077055264 0.00027770095 0.00801515 0.00072792306 0.00038604994 4.3960293e-07 0.004675365 0.004025448 0.008185329 0.0022221773 6.137562e-05 6.52844e-06 0.00089515455 0.0007305851 0.0015153015 0.00018240907 4.3075383e-05
0.2866588 0.015911538 0.088723265 0.009612624 0.024826901 0.08162567 0.013334082 0.015261606 0.09528768 0.011734977 0.0029405523 0.07666524 0.20329376 0.02895834 0.0013833486 0.048291825 0.22509171 0.015038537 0.00087691523 0.3269345 0.11030338 0.39749667 0.46033382 0.12659474 0.08573697 0.0005388383 0.10581961 0.60074055 8.9909305e-23 0.14999345 0.049934223 0.00077241287 0.007115774 0.009848744 0.48804113 0.00043268685 0.00015129385 0.16537298 0.18528566 0.015070582 0.45930484 0.13884656 0.0004940051 0.4122059 0.0005198255 0.5170061 0.38113496 0.09601199 0.24183585 0.20712103 0.07274471 0.003205664 0.09115816 0.14294477 5.495603e-05 0.09971485 0.13530706 0.009042543 0.12151185 0.00094232016 0.00034532155 0.00031593724 0.0006989132 0.053955264 0.023273388 0.0012768756 0.031124948 3.196655e-05 0.008205729 0.0061944495 0.01588689 0.0071547613 0.0128879575 0.013448143 0.011923118 0.0028857442 0.0022160613 0.03579314 7.8209005e-06 0.0030024038 0.0026162635 0.0051072417 5.770239e-05 0.0051882826 0.0044872616 0.0015667182 0.011568848 0.0011741493 0.0023600776 7.033492e-08 0.007909067 0.015148473 0.012553866 0.00561024 0.00032064697 1.3400295e-05 0.0017559066 0.0013309289 0.0023287786 0.00034575275 5.6580007e-05
0.019073833 0.0030846242 0.008010856 0.0020725064 0.003155017 0.045900833 0.0012621434 0.0014808675 0.038197193 0.00094814075 0.00038644113 0.0070175105 0.078945756 0.047411133 0.00084299356 0.0019791021 0.19785301 0.033687506 0.0002514577 0.19109726 0.008287524 0.091323934 0.05339095 0.47646484 0.0033675376 0.00032640414 0.6269072 0.31455478 0.14999345 1.4635694e-23 0.49278533 0.0022906759 0.09880516 0.20429982 0.059041232 0.0003210781 3.7067774e-05 0.6848289 0.009439743 0.30689207 0.036264826 0.005925157 0.0008495533 0.32985356 0.00018201029 0.12502395 0.3315712 0.008779936 0.008916669 0.017138837 0.42731735 0.12280698 0.0058419383 0.0028153323 4.52824e-05 0.0016691774 0.009621946 0.275431 0.14151783 0.03098639 0.034204017 0.004829934 0.013268103 0.008551152 0.012664019 0.029321132 0.0041728364 0.004465481 0.010422341 0.00042716696 0.0007870436 0.0036998095 0.00063101423 0.0005792917 0.00045042674 0.0047376393 0.00057583017 0.0027229765 0.0004051203 0.0025319476 0.00034775754 0.00011968465 0.0005124552 0.00019315066 0.0013859427 0.00036254036 0.0005175224 8.244906e-05 0.00027353197 0.00017569367 0.00013837873 0.00023483545 0.0005417013 0.0007895188 5.9755104e-05 0.0001945783 0.00012267828 0.00010203447 0.00036852394 0.00030937148 0.002030039
0.012040096 0.0043409937 0.007541869 0.0024456407 0.0030478619 0.049719322 0.0014924955 0.0017352899 0.034842048 0.0012542809 0.0003675969 0.0032754808 0.05275389 0.13982356 0.0009732721 0.0013311885 0.116494976 0.12250328 0.0004821165 0.09453784 0.0029403095 0.045306604 0.027081696 0.41010466 0.0010972575 0.00088946964 0.60443854 0.13794298 0.049934223 0.49278533 2.7139295e-23 0.0015484033 0.354179 0.49317792 0.01476518 0.0010213057 0.000118717704 0.4071254 0.002324359 0.6239872 0.007494494 0.0017322683 0.001060631 0.1231734 0.00019887408 0.026611928 0.12488747 0.0018515957 0.0025032314 0.00531732 0.16517647 0.37007284 0.00086012355 0.0005752322 0.00015290699 0.00025238414 0.0017993631 0.22076218 0.034242146 0.08280905 0.13810852 0.018494686 0.052674476 0.0010099809 0.002757419 0.008255182 0.0014619381 0.013387509 0.002664446 0.00016824454 0.00021446543 0.00065201125 0.00030636258 0.00018455257 0.00013445296 0.0017467164 0.00042672054 0.000650053 0.0018960382 0.0007388509 0.00056615315 4.0487386e-05 0.0022600365 4.967137e-05 0.00089541497 0.00016277205 6.0968712e-05 5.6342822e-05 9.7632634e-05 0.00059591664 0.00014386026 3.2412838e-05 6.396064e-05 9.24399e-05 3.3583347e-05 0.0010312845 0.00012422314 3.4790846e-05 2.5406454e-05 0.00014429967 0.0011360266
