4.14873e-40 0.36857226 0.3179567 0.13953169 0.11624164 0.80560845 0.16330774 0.7235602 0.03066422 0.13261144 0.04695651 0.10156047 0.36133745 0.82460016 0.77375686 0.11111522 0.027767949 0.7286473 0.006497453 0.006766222 0.46304286 0.8678844 0.63827276 0.014810187 0.1144215 0.6249688 0.015490718 0.6664951 0.9310157 0.71514183 0.061496682 0.5159688 0.4047933 0.8651136 0.04709511 0.0043484936 0.009538782 0.04299985 0.89657265 0.087385334 0.9587687 0.5764109 0.79327846 0.046687353 0.005291748 0.04405183 0.0033948643 0.9003819 0.009723615 0.7431679 0.0023452505 0.8164754 0.008715557 0.030277608 0.0012434991 0.741572 0.88111794 0.9741491 0.029571036 0.0010499606 0.0012600165 0.89342016 0.0017012485 0.0020945303 0.008134436 0.0005704831 0.8813294 0.0005120715 0.0015162202 0.019016266 0.00049014576 7.2666285e-06 0.96689457 0.002836826 0.9935895 0.00032837395 0.98281515 0.0020506917 0.36229828 0.0007558004 0.26200813 0.68082994 9.1663205e-06 0.17761546 0.00012842103 0.8958173 0.6616878 0.9435087 0.9007452 0.015593636 0.01703168 4.2396037e-05 3.5948858e-06 0.7133721 6.9362766e-05 0.009360862 0.24599335 3.1968302e-06 0.9620991 3.132525e-05 0.0021102703
0.36857226 1.7497098e-19 0.6016548 0.6312827 0.5955602 0.5070939 0.36868173 0.38820708 0.26478451 0.25225767 0.3099305 0.16736275 0.3090758 0.34001273 0.08180935 0.08802514 0.19767483 0.26979432 0.19215454 0.1986016 0.007707863 0.36553305 0.10634419 0.09071734 0.033987656 0.13034704 0.090157025 0.09218161 0.26335397 0.08219651 0.035883382 0.059293527 0.03314435 0.083743624 0.046903808 0.0779765 0.031924617 0.032320276 0.09344809 0.0008324135 0.1505803 0.008464365 0.03705058 0.00031611894 0.009308823 0.00033698458 0.052059412 0.036152635 0.0061205155 0.03428263 0.018573966 0.008309933 0.0011717201 0.0030289213 0.0023266864 0.014594425 0.013109584 0.033285104 0.0012327859 0.00067588245 0.0022249566 0.0015281196 0.00034046377 0.0001475887 0.00017663851 0.0023011614 0.0013595854 0.0002575476 0.00016911337 0.00051016605 0.00026875504 0.0006891962 0.007025208 0.00025789635 0.052426003 3.126237e-05 0.02070036 3.847839e-05 0.00019302193 0.0003890878 0.000122019745 0.001759906 2.5675092e-05 9.326029e-05 1.4516184e-05 0.0028566949 0.00048568446 0.0009896588 0.0016280666 5.9601945e-05 3.9391554e-05 8.522559e-07 1.570756e-06 0.0025602854 1.1003366e-06 4.0878316e-05 0.00011954857 6.6288835e-06 0.0017335293 3.9791554e-05 3.695768e-05
0.3179567 0.6016548 2.2237283e-18 0.44805393 0.45809752 0.48453373 0.22855575 0.23609313 0.1646013 0.13383855 0.23848867 0.08507967 0.45016927 0.25238964 0.1826942 0.049813107 0.3789619 0.14237699 0.29327986 0.30258888 0.047699686 0.12711151 0.079915166 0.07247884 0.09378217 0.059851386 0.07208818 0.030551434 0.08894487 0.02866322 0.10304055 0.019720742 0.012762043 0.10187155 0.026090644 0.12157783 0.016044166 0.014138268 0.035098456 0.0025008582 0.06809179 0.015439877 0.019469198 0.0014104672 0.0034004971 0.001325627 0.09577901 0.054997075 0.0030576864 0.014814023 0.02638221 0.0033476672 0.0008791837 0.0012993542 0.0016626263 0.008653378 0.0063702227 0.013383015 0.0005284317 0.00063087855 0.0060794656 0.0015270604 0.0006100979 0.0003238208 0.00016237855 0.0026112406 0.001321289 0.00050358666 0.0004329405 0.0025147954 0.00081120746 0.0017428694 0.0030133675 0.00038953093 0.068627015 0.00012215084 0.04041638 0.00030896248 0.0001179547 0.00055736775 0.00010340986 0.0022748185 6.685939e-05 8.26283e-05 0.00023513079 0.0017240567 0.00024602047 0.00084209157 0.0015788072 0.00045023864 6.846391e-05 3.4675459e-06 1.1034508e-05 0.0009587757 9.858252e-06 5.0368002e-05 0.0011696114 0.00019534005 0.0008255312 5.5832807e-05 6.435172e-05
0.13953169 0.6312827 0.44805393 2.4756203e-21 0.67579246 0.20481506 0.39965424 0.22248301 0.38801482 0.27948168 0.43161583 0.17684233 0.12893425 0.15493678 0.014959399 0.086612314 0.15432484 0.17583933 0.1711871 0.17044377 0.0033860484 0.21984114 0.030304644 0.15204503 0.015585048 0.0991714 0.14705446 0.070200644 0.118721366 0.0692164 0.01651142 0.05369299 0.031518664 0.021514302 0.06289251 0.064739406 0.033471048 0.04222738 0.062279817 0.001069942 0.090205126 0.004001594 0.02520163 0.00026273396 0.0061012115 0.00024492232 0.038071 0.012862344 0.007877489 0.023059929 0.032243926 0.009115477 0.0012625244 0.0035592802 0.0012822418 0.01409088 0.013337611 0.029499333 0.0010802997 0.00036177656 0.000990117 0.0048902268 0.00060985354 0.0003608775 0.000119893826 0.0007840425 0.0041432343 0.0003735385 0.00031828578 0.00028119877 0.00072273315 0.0002718341 0.0060281693 0.00023440339 0.01432028 4.549155e-05 0.00691962 1.3446083e-05 0.00024334402 0.00032834453 0.00021769677 0.002018205 2.086401e-05 0.00014822627 3.1624e-05 0.0018033504 0.00025414175 0.00055435044 0.0023507867 2.898325e-05 7.525042e-05 1.6566837e-06 1.0107633e-06 0.0016122374 5.415339e-06 6.760184e-05 0.00010063821 1.4924379e-05 0.0005319457 3.884458e-05 5.7112324e-05
0.11624164 0.5955602 0.45809752 0.67579246 9.156203e-23 0.121598706 0.4560501 0.173555 0.5105662 0.3466356 0.57725495 0.22693643 0.11597011 0.10119435 0.008725387 0.12511064 0.17238134 0.15304165 0.20205979 0.20211197 0.0026947057 0.15836775 0.0199539 0.2276828 0.012370368 0.09953757 0.21431121 0.07168883 0.091625914 0.0728378 0.0103707835 0.06878051 0.04420066 0.012794079 0.101394124 0.08380984 0.042208616 0.059599493 0.05138562 0.0011023387 0.06714118 0.0035039198 0.025083171 0.00033139033 0.006600645 0.0003314216 0.04247683 0.010452008 0.008374522 0.024887232 0.046074938 0.010995029 0.001154263 0.0044890614 0.001120792 0.014352089 0.014510386 0.027233014 0.0011331019 0.00019689521 0.00085438805 0.00614997 0.00037952166 0.0002137251 9.5503594e-05 0.00053656084 0.0046029417 0.00056752807 0.00015791341 0.00019803265 0.0010747439 0.00023830029 0.0046441625 0.0001560662 0.01073701 3.8713995e-05 0.004149591 7.6190004e-06 0.00039856043 0.00016616871 0.00027420348 0.0024354751 1.0232744e-05 0.0001479616 4.7091722e-05 0.0012004359 0.00014922138 0.00038295236 0.002095707 1.8778299e-05 9.720861e-05 1.6736227e-06 5.131139e-07 0.0010347073 8.445964e-06 7.826545e-05 6.732121e-05 2.9163139e-05 0.00029581838 1.6903443e-05 4.113599e-05
0.80560845 0.5070939 0.48453373 0.20481506 0.121598706 6.9622286e-20 0.08563137 0.24622442 0.020583171 0.021205375 0.023648044 0.022930369 0.538083 0.31593332 0.48124558 0.0072783083 0.20353541 0.11041636 0.07438298 0.08560198 0.21617052 0.10239904 0.5861527 0.0043643992 0.16709183 0.013632677 0.0053350907 0.009765235 0.08696028 0.009256521 0.12654158 0.0052560703 0.0039158952 0.2918134 0.0021966537 0.029585006 0.0024875996 0.0014775256 0.0383535 0.028457716 0.18948533 0.14349455 0.015045926 0.019318242 0.0020232848 0.016605757 0.0503533 0.22766651 0.0018390681 0.009620887 0.0013511449 0.00062684715 0.00061980623 0.0008441556 0.001337321 0.0070972117 0.0059696524 0.016461305 0.00044752928 0.00034221643 0.01996593 0.00015395024 0.00020937572 0.00010987156 0.00020774375 0.0012196332 0.00013947269 5.359877e-05 7.673007e-05 0.016622609 6.7297326e-05 0.0025176175 0.0025720396 0.00027207143 0.1825602 1.4970636e-05 0.10515229 0.0045986483 0.00012212613 8.720573e-05 0.0001753261 0.000112314265 1.7626639e-05 0.00019254815 4.9230006e-05 0.00064969726 5.797747e-05 0.0019358337 0.00019728919 0.008966002 6.147023e-05 1.2151481e-06 1.8023685e-06 0.00041237133 5.578902e-06 6.047672e-05 0.019189823 2.1403523e-05 0.0009696501 2.113021e-05 2.6478083e-05
0.16330774 0.36868173 0.22855575 0.39965424 0.4560501 0.08563137 5.271443e-22 0.2655981 0.36643872 0.6191313 0.3478772 0.48593965 0.08660141 0.1138857 0.0029431921 0.34894213 0.10327039 0.30307075 0.12989183 0.12743336 0.001019781 0.3093742 0.022054255 0.25779328 0.0057457373 0.20539667 0.22591336 0.17224881 0.23442039 0.18538377 0.005334925 0.13841087 0.11211268 0.012915772 0.18540385 0.04272545 0.056572273 0.10714278 0.12593387 0.00045461432 0.11160323 0.0017577203 0.061308283 0.000102849444 0.012591258 0.000103905324 0.018670604 0.00820924 0.017342659 0.05906454 0.025177754 0.061583128 0.004073274 0.018512614 0.0030588296 0.02650627 0.02302214 0.05038544 0.0063041816 0.00058062107 0.0008462203 0.015480408 0.00058712054 0.00042220546 0.0005873252 0.0011254126 0.009887573 0.00013828295 0.0002540899 4.617182e-05 0.00018082964 0.000117713425 0.0130112255 0.00032032543 0.009034436 2.4852612e-05 0.0032979187 4.8692455e-06 0.00075007865 0.00039695698 0.00049888826 0.004374127 3.2298143e-05 0.00030144554 5.146147e-06 0.0073342 0.00054349407 0.0007550717 0.0042981477 5.493405e-06 0.00014305729 4.400341e-07 1.0998551e-06 0.0031612378 1.1670173e-06 0.00012302343 2.0827412e-05 3.7392626e-06 0.00093324046 3.9160335e-05 8.508738e-05
0.7235602 0.38820708 0.23609313 0.22248301 0.173555 0.24622442 0.2655981 8.6186595e-17 0.05612927 0.113686875 0.03478009 0.12026775 0.1477286 0.717179 0.022403555 0.05097685 0.04353384 0.4074978 0.04701205 0.046428487 0.0047654305 0.52752876 0.060270384 0.022957515 0.0042194137 0.119577885 0.02363184 0.0879271 0.34221014 0.08550345 0.004734814 0.05440915 0.042324968 0.03668478 0.03925701 0.010823039 0.010315022 0.015339007 0.21222794 0.00056302914 0.42683282 0.0029072682 0.046668634 0.0004182585 0.0039456617 0.0003840195 0.004330508 0.016233165 0.0049172784 0.038621962 0.0027473262 0.02537216 0.0027410777 0.0049681035 0.0008191452 0.019039106 0.025896989 0.14620456 0.0021310444 0.00045948237 0.0009924 0.013110848 0.00036460112 0.0002492274 0.00051155896 0.0005063574 0.00739136 9.9100915e-05 0.00016657726 0.0006382628 0.00010856376 0.00013196588 0.13189317 0.00068087917 0.03904993 1.5441703e-05 0.0087258285 0.00012602098 0.0015824327 0.00029432582 0.0007810469 0.003632618 1.7639806e-05 0.00054214266 1.6164735e-05 0.040731754 0.016455134 0.026890049 0.0037481785 0.00024084614 0.00030505474 2.8138247e-06 9.0457115e-07 0.024543181 2.4109638e-06 0.00031833924 0.00047570828 6.042642e-06 0.0077948216 1.1614997e-05 9.6093776e-05
0.03066422 0.26478451 0.1646013 0.38801482 0.5105662 0.020583171 0.36643872 0.05612927 4.94775e-25 0.37809917 0.67949796 0.23249514 0.025581462 0.028367769 0.0022696469 0.18989114 0.05114414 0.08508255 0.12058374 0.11093264 0.00097159494 0.05941551 0.0065166745 0.26414853 0.0035459737 0.08770412 0.19791056 0.06948171 0.045589007 0.07273629 0.002144895 0.063874416 0.04910905 0.0037593974 0.11198353 0.06475351 0.044906296 0.06995376 0.031957842 0.00048318185 0.03147107 0.0012424116 0.020653738 0.00021903729 0.007211929 0.00018463092 0.028665368 0.004081821 0.009893266 0.020302078 0.06730802 0.015803672 0.0016894547 0.009494424 0.0010872228 0.010708552 0.009565774 0.018364595 0.0032502608 0.00016915482 0.0005586287 0.005919077 0.0002046793 0.00011415207 0.00020916815 0.0002435395 0.004835414 0.00073295116 4.967132e-05 1.4478068e-05 0.0013099381 0.00016211071 0.0023309672 0.00012335226 0.0029691444 4.104191e-05 0.0013737429 3.1755144e-06 0.0005976668 3.556569e-05 0.00039635188 0.0021612227 4.249685e-06 0.00023530936 0.00010880019 0.001066493 0.0001078035 0.0003054926 0.0014272159 3.6870886e-06 0.00010243519 2.9163677e-06 8.0589376e-07 0.0008502569 1.2650656e-05 7.6254306e-05 1.1068191e-05 5.8436104e-05 0.000118887656 8.040065e-06 2.5351077e-05
0.13261144 0.25225767 0.13383855 0.27948168 0.3466356 0.021205375 0.6191313 0.113686875 0.37809917 9.790469e-24 0.3823583 0.5405377 0.030486355 0.0535719 0.0015602723 0.4767936 0.059093278 0.20782103 0.1023383 0.09470381 0.00036589237 0.16692671 0.010413553 0.27942866 0.0022430595 0.19581543 0.2224247 0.14955607 0.12461599 0.16102584 0.0016572812 0.14221051 0.11831721 0.0052902694 0.22855368 0.03851776 0.065596685 0.13736095 0.08313342 0.0002849384 0.089519605 0.0007493386 0.054825664 4.9904836e-05 0.018202376 5.0415772e-05 0.016421579 0.0037888107 0.021311985 0.06756603 0.04160032 0.06813596 0.0062869834 0.02504985 0.003766968 0.026326606 0.026498126 0.049419686 0.011915389 0.00058017496 0.0006467405 0.021113193 0.0008242815 0.0005658657 0.0009862795 0.0010034495 0.013230107 0.00027286995 0.00033169036 8.220822e-06 0.00031532225 5.8891335e-05 0.010918493 0.00047664487 0.004331974 2.5267853e-05 0.0014325839 2.3918822e-06 0.0015154815 0.0003296749 0.0008168213 0.0051073586 2.246178e-05 0.000518115 7.719508e-06 0.005790611 0.00032269064 0.0006161876 0.004779467 1.9956433e-06 0.00017131728 8.685481e-07 1.5599047e-06 0.0024003226 1.8474009e-06 0.00013729834 8.50849e-06 5.1363504e-06 0.0006281406 3.173621e-05 0.00012649383
0.04695651 0.3099305 0.23848867 0.43161583 0.57725495 0.023648044 0.3478772 0.03478009 0.67949796 0.3823583 1.0406799e-24 0.22997959 0.03265325 0.01962607 0.0021814518 0.21174896 0.08591876 0.06633271 0.23575534 0.21412204 0.0004887765 0.029675454 0.00498776 0.34604883 0.0027385748 0.085434966 0.28603122 0.055969216 0.025460705 0.056881092 0.002971945 0.064935535 0.059174858 0.0034903807 0.10903806 0.107711755 0.057209726 0.07945628 0.018906904 0.00025489443 0.021695063 0.0009962518 0.013394283 9.550733e-05 0.011696604 7.727245e-05 0.05598406 0.0041940208 0.008474619 0.014716692 0.10660737 0.009653675 0.001487049 0.008834248 0.0013600445 0.008938579 0.008791431 0.013557607 0.0027270215 0.00012176818 0.0007433484 0.003200706 0.00012870658 6.954026e-05 0.0001645002 0.00023820053 0.0028126605 0.0014051418 3.2143304e-05 2.371177e-05 0.0026454725 0.00044779928 0.0018264862 0.0001255456 0.004281166 5.1114122e-05 0.0016784276 3.0530616e-06 0.00042377523 2.083186e-05 0.0002494345 0.0012319451 4.6864425e-06 0.00014875278 0.000577775 0.00081249146 6.4250846e-05 0.0002404404 0.0008242674 4.766889e-06 6.696116e-05 4.2876745e-06 9.1469474e-07 0.00069234776 2.4200528e-05 4.721994e-05 8.87497e-06 0.0001775148 0.00015139907 1.0502776e-05 1.4339009e-05
0.10156047 0.16736275 0.08507967 0.17684233 0.22693643 0.022930369 0.48593965 0.12026775 0.23249514 0.5405377 0.22997959 1.515782e-23 0.020933894 0.05686271 0.0010809866 0.42731348 0.038564466 0.21372958 0.0711226 0.06444845 0.00024907934 0.19928896 0.010874242 0.18932898 0.0017762769 0.20066361 0.15055634 0.15445101 0.14027551 0.16575395 0.0017358362 0.1463358 0.12006399 0.0047831214 0.1768753 0.027414504 0.05117634 0.10027044 0.09968958 0.00016743237 0.08634201 0.00052705314 0.062922634 2.9005483e-05 0.0155479945 2.9252718e-05 0.011272159 0.0031844035 0.016446814 0.07919039 0.026526663 0.06825407 0.0054179225 0.025192881 0.0033983479 0.029394934 0.02785523 0.05102549 0.011341127 0.0008617542 0.00049743784 0.028253542 0.00079799705 0.00047498316 0.0010731887 0.0009424312 0.016328428 0.00015543391 0.0003680161 6.9679577e-06 0.000115411654 3.407881e-05 0.011645021 0.0005298681 0.004280909 1.855487e-05 0.0012111198 1.3924196e-06 0.0018920013 0.0002826695 0.00090936135 0.006808263 2.191525e-05 0.0005225218 2.2897295e-06 0.0073571713 0.0003695592 0.0008199756 0.0057025054 1.4122028e-06 0.00018162448 3.5624106e-07 1.4466921e-06 0.0029655178 5.255937e-07 0.00014827025 3.6591139e-06 1.9517431e-06 0.001165512 2.9203524e-05 0.00013322737
0.36133745 0.3090758 0.45016927 0.12893425 0.11597011 0.538083 0.08660141 0.1477286 0.025581462 0.030486355 0.03265325 0.020933894 3.9221498e-19 0.14657888 0.5169335 0.008678428 0.46834564 0.050872575 0.22254294 0.25446734 0.4329088 0.025237229 0.076592855 0.0040589706 0.46469578 0.008231704 0.0043817447 0.006970218 0.014748988 0.0075882985 0.45659664 0.0035342688 0.002713944 0.08902506 0.0018332913 0.11839226 0.0003683117 0.002704003 0.008745226 0.11103579 0.02109383 0.11175327 0.005961759 0.06405194 0.00013307943 0.062429987 0.19579501 0.12245016 0.00047376618 0.0023389983 0.0017804346 0.0010358832 0.00016653627 0.0011074011 0.00012061956 0.004232478 0.0027222093 0.0034846056 0.00024367633 5.350695e-05 0.11657325 0.00021538984 7.9637124e-05 3.9362487e-05 3.2404958e-05 0.00023081155 0.00015090464 2.6400878e-05 5.0731247e-05 0.017429559 5.7193913e-05 0.010875034 0.0007197596 7.7791585e-05 0.06487596 1.4683585e-05 0.06129113 0.004840261 2.5542575e-05 3.7290545e-05 4.6254805e-05 0.00030911487 2.2856902e-05 3.984198e-05 8.813075e-05 0.00031008982 2.0772522e-05 0.00018777736 8.518293e-05 0.0098676365 5.3295447e-05 2.339306e-06 2.9573516e-06 7.1306036e-05 2.645258e-06 6.571413e-05 0.018620007 9.907371e-05 0.00013464774 2.8267366e-05 1.7451246e-05
0.82460016 0.34001273 0.25238964 0.15493678 0.10119435 0.31593332 0.1138857 0.717179 0.028367769 0.0535719 0.01962607 0.05686271 0.14657888 5.1416413e-20 0.08707771 0.02528194 0.030277245 0.18910111 0.027257962 0.026740052 0.014973436 0.23163295 0.80215335 0.007623755 0.013771615 0.07236848 0.009904179 0.051499877 0.1776626 0.049949173 0.0142398095 0.035974078 0.02240816 0.049825024 0.012153019 0.004903408 0.0035832676 0.007509329 0.09935977 0.0022525077 0.19056067 0.005788737 0.020941641 0.0022833387 0.001182996 0.0022577464 0.0031241863 0.02005783 0.0030375882 0.016454013 0.0012434564 0.013880042 0.0018066805 0.0019887914 0.0007288772 0.0073806434 0.010989033 0.057121962 0.00090438797 0.00024768698 0.0008322258 0.007787799 0.00019988968 0.00018995366 0.0003635449 0.00062890555 0.003500378 3.579367e-05 8.123617e-05 0.003978981 2.1256736e-05 4.9691454e-05 0.05330278 0.0009967993 0.042530812 4.5161537e-06 0.013160913 0.00070699456 0.00043471373 0.0001604444 0.00045819127 0.00069793564 1.266025e-05 0.00053841 3.087018e-06 0.017296396 0.0077389344 0.02513435 0.0006629649 0.0011672361 0.0006106063 1.2463205e-06 4.426825e-07 0.008999005 5.533357e-07 0.0006021929 0.0030641798 5.964937e-07 0.008824628 1.5352938e-05 6.3142026e-05
0.77375686 0.08180935 0.1826942 0.014959399 0.008725387 0.48124558 0.0029431921 0.022403555 0.0022696469 0.0015602723 0.0021814518 0.0010809866 0.5169335 0.08707771 2.3457745e-22 0.00012835527 0.11967912 0.00325352 0.033511873 0.041991938 0.7258829 0.0060914643 0.12194742 0.0004814707 0.44001314 0.00019660064 0.00022221054 0.00022834081 0.003949381 0.0002173058 0.25091246 9.271623e-05 3.4026103e-05 0.15236698 3.4760105e-05 0.011850483 5.553219e-05 6.218213e-05 0.00071886915 0.10627866 0.009515577 0.3946193 0.00028722305 0.06041572 5.7874062e-05 0.053360417 0.026607957 0.3638562 3.121854e-05 0.000105369116 4.4357887e-05 7.3155447e-06 2.1508678e-05 2.5292085e-05 6.208092e-05 0.00012510768 5.593198e-05 0.00032584707 1.0331538e-05 1.8994435e-05 0.034636687 2.2253923e-06 7.857952e-06 3.5113223e-06 6.274401e-06 3.9961426e-05 1.2987534e-06 6.1630067e-07 2.0152004e-06 0.010765171 2.0830598e-06 0.0010932925 5.02761e-05 7.3736173e-06 0.05202927 3.2082391e-07 0.073231675 0.0027991098 3.936436e-07 3.151584e-06 8.6809933e-07 2.229926e-06 3.4095808e-07 9.233144e-07 3.1721033e-06 1.0927805e-05 1.0962789e-06 1.837329e-05 6.630214e-07 0.004028618 4.1960405e-07 6.321254e-08 5.9745666e-08 6.2243203e-06 2.1935051e-07 4.3434676e-07 0.004978773 1.141992e-06 2.463758e-05 8.8453066e-07 8.8892807e-07
0.11111522 0.08802514 0.049813107 0.086612314 0.12511064 0.0072783083 0.34894213 0.05097685 0.18989114 0.4767936 0.21174896 0.42731348 0.008678428 0.02528194 0.00012835527 1.1788952e-22 0.012809322 0.15129502 0.047361907 0.040096033 7.3381176e-05 0.08297942 0.005957615 0.26973107 0.0006844772 0.26978645 0.21789177 0.18308772 0.06366963 0.19700214 0.00045244288 0.25921938 0.3087989 0.0019878584 0.37943706 0.02057991 0.085995205 0.21651486 0.07307912 5.9110942e-05 0.050388597 7.8118406e-05 0.06518055 1.3748577e-05 0.032741357 1.2811929e-05 0.0049424763 0.0005017891 0.040282026 0.09876006 0.0336263 0.1264599 0.016611548 0.06967468 0.004636104 0.039419502 0.03365708 0.048551567 0.034411985 0.0011179469 0.0003022533 0.05323369 0.0016703932 0.0013049418 0.005575009 0.0010629949 0.03523051 0.0002453899 0.0006991171 1.9041706e-06 6.0165443e-05 1.4470545e-05 0.015674535 0.002164137 0.0022189626 2.2141547e-05 0.00032838364 4.192001e-07 0.011699086 0.00044090685 0.0053308485 0.02366572 2.8232369e-05 0.0026052932 3.036661e-06 0.014398612 0.0009558451 0.0013185908 0.019687764 5.5103027e-07 0.0010368434 9.1855406e-07 2.7931367e-06 0.0069532185 3.429039e-07 0.00090129004 1.0326302e-06 1.6933234e-06 0.0016861109 5.0116403e-05 0.00042461627
0.027767949 0.19767483 0.3789619 0.15432484 0.17238134 0.20353541 0.10327039 0.04353384 0.05114414 0.059093278 0.08591876 0.038564466 0.46834564 0.030277245 0.11967912 0.012809322 7.267262e-22 0.029683108 0.5598408 0.5955985 0.069551185 0.014203969 0.012237816 0.013530121 0.18522039 0.011009587 0.012297118 0.007277742 0.011533019 0.007787933 0.4970978 0.0031944576 0.0016487053 0.014059597 0.0023456898 0.41919973 0.0008760778 0.0018838093 0.0070408955 0.021017415 0.008393572 0.013847134 0.0059455563 0.012648757 0.0002922187 0.012109969 0.52106047 0.014208054 0.00043920364 0.005230306 0.008692281 0.0033237068 0.00021084226 0.0009879566 0.00037226555 0.0038458486 0.0019433863 0.0032252988 0.00035631383 0.0001247048 0.13209158 0.0022291415 5.6439625e-05 3.0670828e-05 5.3324577e-05 0.0004818917 0.0013272138 2.4793004e-05 2.3284121e-05 0.007560679 0.00017628763 0.044145186 0.00037500638 0.00032168927 0.008791275 5.0325775e-06 0.015253347 0.0024522254 0.00029903263 2.867694e-05 0.00031092457 0.00066919636 2.2454487e-06 0.00017060741 0.00022398944 0.000101074205 3.0138028e-06 7.8347526e-05 0.00020808956 0.0028465579 5.3880132e-05 9.829043e-07 3.8852437e-07 1.2407283e-05 3.5158191e-06 3.0241026e-05 0.004727708 0.001025545 1.8438273e-05 4.068737e-06 4.1278113e-06
0.7286473 0.26979432 0.14237699 0.17583933 0.15304165 0.11041636 0.30307075 0.4074978 0.08508255 0.20782103 0.06633271 0.21372958 0.050872575 0.18910111 0.00325352 0.15129502 0.029683108 1.2311604e-17 0.039206974 0.03630376 0.0009179526 0.55558926 0.042298622 0.05670242 0.0011614846 0.36018547 0.04760389 0.3360193 0.5001304 0.34644908 0.001811278 0.25709867 0.15137397 0.018027512 0.09020353 0.011351043 0.018291794 0.051398043 0.37540773 0.0003060811 0.42324802 0.0007031357 0.13966218 9.145883e-05 0.0046089618 9.130545e-05 0.0044205124 0.004431106 0.0083110025 0.14549854 0.0011448639 0.12896015 0.0054184105 0.015199383 0.0012950083 0.05986407 0.06801986 0.26459694 0.0073133903 0.0007223248 0.00047379057 0.06736237 0.0007409268 0.0006260616 0.0014226689 0.00085251284 0.035552684 4.3709217e-05 0.0003348652 7.3587915e-05 4.7989208e-05 0.00013053519 0.22903806 0.00080330874 0.015637558 2.3067676e-05 0.0023725037 3.1130156e-05 0.0063263476 0.00048128178 0.0030566833 0.014135934 5.114065e-05 0.0021343648 1.0646663e-05 0.118382074 0.019554725 0.028038401 0.026027707 6.464926e-05 0.00067575485 4.9517816e-06 3.9260754e-06 0.060239766 4.1581593e-06 0.0006358778 6.561737e-05 1.9937364e-05 0.010494852 4.481763e-05 0.00023113975
0.006497453 0.19215454 0.29327986 0.1711871 0.20205979 0.07438298 0.12989183 0.04701205 0.12058374 0.1023383 0.23575534 0.0711226 0.22254294 0.027257962 0.033511873 0.047361907 0.5598408 0.039206974 4.3432043e-23 0.6031847 0.011280085 0.018555798 0.0057993988 0.071695834 0.05922332 0.038395282 0.04643051 0.023649696 0.012820199 0.021809636 0.08492387 0.017810425 0.008714867 0.0047326274 0.019508269 0.3797199 0.0037946794 0.0052035945 0.008326664 0.0038336783 0.007367183 0.0025089695 0.008578384 0.0027718577 0.0003525274 0.0026227683 0.368688 0.003945018 0.000484144 0.008505241 0.035468962 0.0044950433 0.00024453652 0.0005669966 0.00021420931 0.005306378 0.0035601205 0.005576575 0.00030486917 0.0001182516 0.008134301 0.002456886 0.00010464289 5.8510544e-05 9.708983e-05 0.0001631469 0.0014417876 0.00010028678 5.3097287e-05 0.0014483212 0.0011173427 0.018819615 0.0008612567 0.00043516027 0.0048272056 1.5056674e-05 0.0033064766 0.00048171758 0.00055893324 6.597051e-05 0.0004354631 0.0005982801 1.4460687e-06 0.00029850326 0.0011759652 0.00034734953 1.2752333e-05 8.103445e-05 0.0005734966 0.0004456738 0.00010366541 2.1523072e-06 4.1953925e-07 0.00011120306 3.1253496e-06 6.633826e-05 0.00052835105 0.0013824439 1.7744618e-05 4.0720206e-06 5.4869856e-06
0.006766222 0.1986016 0.30258888 0.17044377 0.20211197 0.08560198 0.12743336 0.046428487 0.11093264 0.09470381 0.21412204 0.06444845 0.25446734 0.026740052 0.041991938 0.040096033 0.5955985 0.03630376 0.6031847 4.148411e-23 0.015616471 0.01751433 0.0060019307 0.058363702 0.06919632 0.03414952 0.040930893 0.020497462 0.012616699 0.018545654 0.1119788 0.012483042 0.0069671837 0.0047043273 0.01522148 0.38069946 0.003383314 0.00410674 0.008040514 0.005302518 0.006763535 0.002857692 0.00765609 0.0038302175 0.00035952748 0.0034803774 0.38599584 0.0042628143 0.00046259156 0.007843519 0.02996433 0.003597611 0.00026457375 0.000661938 0.00020920407 0.00482809 0.0033900386 0.0051128343 0.00033309878 0.00014193982 0.011515769 0.002382403 0.000100257144 5.4751225e-05 0.00011234673 0.00016027357 0.0013165991 7.751026e-05 4.731514e-05 0.0019251555 0.0009693089 0.02154252 0.0007141053 0.00047111287 0.004293598 1.2008715e-05 0.0038823364 0.0006423029 0.0005031378 6.669922e-05 0.00035647812 0.000540609 1.1426566e-06 0.00026778158 0.0009594288 0.000273339 8.643996e-06 7.645732e-05 0.0004863797 0.0006316551 7.7799305e-05 1.9157535e-06 3.416169e-07 7.28297e-05 3.4095274e-06 5.2803593e-05 0.0008963171 0.0013449779 1.5653986e-05 3.0108727e-06 4.309278e-06
0.46304286 0.007707863 0.047699686 0.0033860484 0.0026947057 0.21617052 0.001019781 0.0047654305 0.00097159494 0.00036589237 0.0004887765 0.00024907934 0.4329088 0.014973436 0.7258829 7.3381176e-05 0.069551185 0.0009179526 0.011280085 0.015616471 3.055784e-20 0.0027654981 0.018997122 0.00027658002 0.5858517 0.00019330415 0.00034068347 0.00038207648 0.0018662629 0.00036499582 0.32796088 9.93445e-05 2.3491593e-05 0.030901477 2.4109468e-05 0.0037037616 5.9219445e-05 5.8751313e-05 0.0003647152 0.40014234 0.0012624431 0.44127992 0.00024392139 0.29999682 4.0107236e-05 0.27746743 0.01863493 0.2026127 0.00010428792 0.00013582176 1.6431792e-05 2.5640296e-05 8.699483e-05 2.6062835e-05 7.2127514e-05 0.0001242171 4.1603907e-05 0.00016020342 1.4328648e-05 3.5793222e-05 0.045189556 4.128796e-06 2.1311562e-05 9.297474e-06 1.0031208e-05 7.41336e-05 3.900273e-06 5.229879e-06 4.790076e-06 0.022951305 1.6494703e-05 0.0007079668 1.32731575e-05 7.5507814e-06 0.017232759 8.9951544e-07 0.090954565 0.003785701 1.0902276e-06 2.5144957e-06 1.2473229e-06 3.930751e-06 8.5897784e-07 9.371356e-07 1.3336472e-05 3.2784042e-06 6.265268e-07 1.6814354e-05 2.3283799e-06 0.0026923157 2.0571811e-07 1.5068495e-07 4.6793232e-08 1.0431667e-06 1.2330909e-06 1.5909934e-07 0.0026012152 4.019751e-06 1.4970466e-05 9.670467e-07 3.519001e-07
0.8678844 0.36553305 0.12711151 0.21984114 0.15836775 0.10239904 0.3093742 0.52752876 0.05941551 0.16692671 0.029675454 0.19928896 0.025237229 0.23163295 0.0060914643 0.08297942 0.014203969 0.55558926 0.018555798 0.01751433 0.0027654981 1.3135566e-17 0.04385409 0.01846348 0.00102144 0.29080278 0.015252846 0.2611495 0.7464393 0.26160538 0.0017811708 0.17115386 0.09055357 0.023762332 0.038528293 0.007821487 0.007001815 0.017978588 0.4387005 0.00041290125 0.5092947 0.00083237415 0.13721223 0.00017012762 0.001966013 0.00017960762 0.00455337 0.005816106 0.0045253476 0.11479282 0.00072048994 0.08365093 0.002794253 0.006534449 0.0009592284 0.049769208 0.07010218 0.28125778 0.0034990965 0.0007902221 0.00046354407 0.042687062 0.00071358855 0.0004564228 0.00061602157 0.0011809181 0.024904605 4.9575585e-05 0.00034473898 0.00014662113 5.3716365e-05 0.000102903905 0.2761221 0.00073671265 0.02028809 2.9366876e-05 0.002827687 8.066605e-05 0.004252051 0.0005307008 0.0026387514 0.00731961 5.5730612e-05 0.0015489926 1.8668183e-05 0.123969264 0.031540778 0.05918175 0.008510446 0.000112935086 0.00071338477 4.916767e-06 3.2081946e-06 0.04748479 7.1908858e-06 0.0006785821 0.00021072848 1.9200435e-05 0.022090819 0.000105486644 0.00028472813
0.63827276 0.10634419 0.079915166 0.030304644 0.0199539 0.5861527 0.022054255 0.060270384 0.0065166745 0.010413553 0.00498776 0.010874242 0.076592855 0.80215335 0.12194742 0.005957615 0.012237816 0.042298622 0.0057993988 0.0060019307 0.018997122 0.04385409 8.485827e-22 0.0016200708 0.019122295 0.012356108 0.00257594 0.008077945 0.03784248 0.007930566 0.013111197 0.007493276 0.00631385 0.7678534 0.002178537 0.0012704422 0.0005664742 0.0016367818 0.016593238 0.006134338 0.06785854 0.022765666 0.0031945403 0.0040833587 0.00036869268 0.0042563006 0.0016499574 0.07024183 0.00092561595 0.0022230106 0.00020779746 0.0024555987 0.00047722957 0.00033571228 0.00015537166 0.0007648664 0.0009743117 0.009346673 0.0001825718 6.370325e-05 0.0014328196 0.0005690971 2.4333622e-05 1.8215207e-05 3.7980808e-05 0.00013199418 0.00034157292 8.223197e-06 9.016553e-06 0.0062848404 1.1167731e-05 2.4906662e-05 0.00427533 9.981523e-05 0.10846554 4.754536e-06 0.021554276 0.00074604177 6.289958e-05 2.1095077e-05 7.804022e-05 7.8839286e-05 4.4672524e-06 6.1606326e-05 2.1323708e-06 0.00080975203 0.0004785291 0.012522507 5.2352563e-05 0.0015180802 2.9436243e-05 2.243212e-06 1.968389e-06 0.00032659067 1.190684e-06 2.5845193e-05 0.0024260208 8.785433e-07 0.010145094 1.9287243e-05 1.4299393e-05
0.014810187 0.09071734 0.07247884 0.15204503 0.2276828 0.0043643992 0.25779328 0.022957515 0.26414853 0.27942866 0.34604883 0.18932898 0.0040589706 0.007623755 0.0004814707 0.26973107 0.013530121 0.05670242 0.071695834 0.058363702 0.00027658002 0.01846348 0.0016200708 4.357277e-23 0.00081457116 0.09519857 0.71152246 0.051012967 0.014413786 0.04891827 0.0003011694 0.08241961 0.112743214 0.000801507 0.36147135 0.047886137 0.41032287 0.31387588 0.011715739 0.00029123103 0.009832911 8.765799e-05 0.0098989615 2.7582733e-05 0.1443502 3.2053857e-05 0.012146506 0.00020840614 0.11356334 0.01116613 0.21851143 0.02927717 0.031727128 0.07775106 0.014835533 0.005198899 0.0050221016 0.012377957 0.03260741 0.0025812718 0.00047191468 0.011397171 0.0020786307 0.001614841 0.005388769 0.003956946 0.0075548263 0.0075364048 0.0006640295 1.3346238e-06 0.007825826 7.1627386e-05 0.003933033 0.001884219 0.0005905145 0.0005295145 0.0003338025 1.6639101e-06 0.006417014 0.00016800515 0.0029153186 0.0053701587 2.2158485e-05 0.0015278746 0.00053864956 0.0038244014 0.00030535803 0.00037371414 0.004904811 3.1986172e-06 0.0007196367 8.7001215e-05 1.4362576e-05 0.0027721075 0.00012144867 0.0005748308 7.091551e-06 3.7132202e-05 0.00023207451 5.4578464e-05 0.00015343915
0.1144215 0.033987656 0.09378217 0.015585048 0.012370368 0.16709183 0.0057457373 0.0042194137 0.0035459737 0.0022430595 0.0027385748 0.0017762769 0.46469578 0.013771615 0.44001314 0.0006844772 0.18522039 0.0011614846 0.05922332 0.06919632 0.5858517 0.00102144 0.019122295 0.00081457116 2.0303463e-22 0.00064756966 0.0005407134 0.0012673135 0.00084225903 0.0012197181 0.5139251 0.00030952282 0.00012817935 0.030724319 0.00025377577 0.042845655 0.00012714269 0.00019234442 0.0001316741 0.34883654 0.00037206145 0.19710802 0.00015798496 0.24775831 4.809817e-05 0.23934151 0.17163445 0.11634814 6.2070445e-05 0.00015311931 4.76451e-05 5.7161637e-05 1.0748335e-05 9.700913e-05 4.9855746e-05 0.00010596012 2.6412412e-05 0.00011527867 5.1464198e-05 1.1574591e-05 0.30315125 2.390351e-05 3.5592343e-06 1.1287241e-06 1.1981639e-05 3.6210688e-05 1.3599341e-05 4.711421e-06 1.0625561e-06 0.034155887 3.914297e-05 0.0139989285 2.883402e-05 9.889524e-06 0.019156579 9.4399485e-07 0.06695538 0.009072171 2.320745e-06 1.6225563e-06 3.8600647e-06 3.6857803e-06 2.7222285e-07 2.863489e-06 2.2826602e-05 6.6163343e-06 5.954967e-07 1.1047048e-05 5.691696e-07 0.006123499 8.210914e-07 5.2910835e-08 4.7527674e-08 1.8540729e-06 1.9509132e-06 4.1030677e-07 0.007248374 4.9734554e-05 1.723174e-05 8.583818e-07 3.7894333e-07
0.6249688 0.13034704 0.059851386 0.0991714 0.09953757 0.013632677 0.20539667 0.119577885 0.08770412 0.19581543 0.085434966 0.20066361 0.008231704 0.07236848 0.00019660064 0.26978645 0.011009587 0.36018547 0.038395282 0.03414952 0.00019330415 0.29080278 0.012356108 0.09519857 0.00064756966 1.27367994e-20 0.08465664 0.4528827 0.28488055 0.47166887 0.00080246304 0.55297095 0.39356437 0.005253254 0.1856613 0.015518797 0.046778716 0.0863706 0.26039934 0.0001599032 0.21175218 0.00025166763 0.14951117 3.6085483e-05 0.017327037 3.1913914e-05 0.0056993794 0.0015352308 0.024232533 0.2007312 0.005726351 0.2502096 0.013080493 0.05151624 0.005257484 0.08846463 0.08036195 0.1958467 0.026582606 0.0019207818 0.00036907347 0.11248326 0.0024695995 0.0021406435 0.0060943463 0.001659201 0.077733226 5.943603e-05 0.0011713721 7.763162e-06 5.059162e-05 0.000127815 0.123721145 0.003413406 0.003842267 3.2133805e-05 0.0004125942 5.6277704e-06 0.015821762 0.00072348345 0.008155533 0.03636326 5.4754357e-05 0.0051033297 6.662887e-06 0.105543286 0.006024951 0.008543979 0.049806133 4.5394754e-06 0.0029768252 5.4136553e-06 3.5286137e-06 0.043581735 6.8673066e-06 0.0025841582 7.4843506e-06 1.8674575e-05 0.0043933727 0.00016487463 0.0010280885
0.015490718 0.090157025 0.07208818 0.14705446 0.21431121 0.0053350907 0.22591336 0.02363184 0.19791056 0.2224247 0.28603122 0.15055634 0.0043817447 0.009904179 0.00022221054 0.21789177 0.012297118 0.04760389 0.04643051 0.040930893 0.00034068347 0.015252846 0.00257594 0.71152246 0.0005407134 0.08465664 2.237534e-22 0.047223303 0.012764069 0.04442417 0.0003253056 0.08826084 0.12611866 0.0012287517 0.36000252 0.042811222 0.5129363 0.3819211 0.008021585 0.00027615545 0.007024789 5.8157395e-05 0.008417656 4.1743286e-05 0.29981434 5.2494255e-05 0.011839463 0.00018922123 0.16543598 0.010625284 0.25223526 0.030038023 0.046253674 0.10501079 0.057363138 0.005985286 0.0054686135 0.012234146 0.045394514 0.0061840927 0.00085877033 0.013306738 0.004687567 0.0041826954 0.009216719 0.024423454 0.011697931 0.03207314 0.001646848 7.992773e-06 0.01889132 0.00012130606 0.0032314921 0.005164789 0.00078938936 0.0029894183 0.00036019928 8.677074e-06 0.009589948 0.0006579763 0.005924496 0.010710712 7.76033e-05 0.0037439144 0.0018068441 0.0035647308 0.0004514832 0.00060913217 0.008008579 1.8133918e-05 0.0014857819 0.0011495673 0.00034876633 0.0038514752 0.00050963013 0.0012050585 1.8201732e-05 0.00011444736 0.00046051966 0.00015383828 0.0006240509
0.6664951 0.09218161 0.030551434 0.070200644 0.07168883 0.009765235 0.17224881 0.0879271 0.06948171 0.14955607 0.055969216 0.15445101 0.006970218 0.051499877 0.00022834081 0.18308772 0.007277742 0.3360193 0.023649696 0.020497462 0.00038207648 0.2611495 0.008077945 0.051012967 0.0012673135 0.4528827 0.047223303 1.674917e-20 0.22355476 0.68842286 0.001116143 0.4060886 0.21446459 0.0027274129 0.0984061 0.009986462 0.018631788 0.047663458 0.21680638 0.00032033704 0.19326578 0.00011429281 0.12674692 6.63201e-05 0.0070363246 6.4318156e-05 0.006098654 0.0011841343 0.008439741 0.15900673 0.0016957907 0.20881525 0.0059959125 0.017332317 0.0011262296 0.06272981 0.052728895 0.17398795 0.008876664 0.0009247331 0.00024259998 0.07444531 0.0009317647 0.000749651 0.0023745445 0.0008554913 0.046175838 3.2253665e-05 0.0003418697 8.98751e-06 3.7316164e-05 7.440466e-05 0.12599945 0.0015268353 0.0016096181 1.5874908e-05 0.00024198141 5.552813e-06 0.009047722 0.00025584863 0.00431851 0.02129524 2.93103e-05 0.0030331071 9.847991e-06 0.09607441 0.0062360177 0.009865496 0.024340061 7.490756e-06 0.0016888435 2.1399737e-06 2.1879762e-06 0.03476692 1.6658742e-06 0.001293156 6.0762277e-06 1.116983e-05 0.0039082603 4.9572274e-05 0.00040923269
0.9310157 0.26335397 0.08894487 0.118721366 0.091625914 0.08696028 0.23442039 0.34221014 0.045589007 0.12461599 0.025460705 0.14027551 0.014748988 0.1776626 0.003949381 0.06366963 0.011533019 0.5001304 0.012820199 0.012616699 0.0018662629 0.7464393 0.03784248 0.014413786 0.00084225903 0.28488055 0.012764069 0.22355476 1.0155573e-16 0.22881335 0.0028361473 0.15293683 0.086318076 0.016546967 0.02738685 0.006182495 0.0049206633 0.014157568 0.53548527 0.00045900693 0.5162258 0.00055937376 0.1941717 0.00012139494 0.0014801114 0.00013296539 0.0043158773 0.0033376382 0.0033323301 0.14370112 0.0007065784 0.102106 0.0022832984 0.0049301866 0.0007551034 0.0663585 0.08477516 0.331731 0.0029410752 0.0007338667 0.00053816126 0.0545854 0.0008273964 0.0005085528 0.00048594712 0.00075243035 0.030447591 6.7606285e-05 0.0003174213 8.961752e-05 5.8188187e-05 7.11857e-05 0.330526 0.0006886723 0.018220715 3.1857355e-05 0.0021974866 7.713507e-05 0.0050676106 0.00052499585 0.0029070228 0.009126019 7.067701e-05 0.0018710925 1.9931791e-05 0.21409956 0.04078531 0.073809735 0.010475637 6.779185e-05 0.00097588566 4.09445e-06 2.415493e-06 0.075646155 5.5602636e-06 0.0008364146 0.00011603001 1.5648522e-05 0.029864844 9.415682e-05 0.0003469117
0.71514183 0.08219651 0.02866322 0.0692164 0.0728378 0.009256521 0.18538377 0.08550345 0.07273629 0.16102584 0.056881092 0.16575395 0.0075882985 0.049949173 0.0002173058 0.19700214 0.007787933 0.34644908 0.021809636 0.018545654 0.00036499582 0.26160538 0.007930566 0.04891827 0.0012197181 0.47166887 0.04442417 0.68842286 0.22881335 1.9046385e-20 0.0011851585 0.45215786 0.22905914 0.002639855 0.10198698 0.009434137 0.015464591 0.04573155 0.2317712 0.0003106839 0.19997507 8.2435465e-05 0.14970058 7.041671e-05 0.0057851966 6.8879905e-05 0.0054804436 0.0009911747 0.0074300617 0.19525217 0.0015619717 0.23963234 0.0053088 0.015046598 0.0009446493 0.07760057 0.059247777 0.19158652 0.008215451 0.00079814205 0.00023904048 0.08484925 0.0007504206 0.0006065668 0.002076786 0.0006794757 0.052533794 2.6959227e-05 0.00027390578 7.039633e-06 3.0417465e-05 7.157979e-05 0.1408184 0.0012595167 0.0014171603 1.3063812e-05 0.0001873586 5.5377204e-06 0.009466897 0.0002184611 0.004246627 0.021805968 3.263943e-05 0.0028874138 8.050975e-06 0.10457589 0.006634934 0.010635183 0.023804558 8.3930745e-06 0.0015660609 2.0395423e-06 2.7174412e-06 0.036729783 1.5973064e-06 0.0011058792 5.5439655e-06 1.1085293e-05 0.004090033 4.335042e-05 0.00031943314
0.061496682 0.035883382 0.10304055 0.01651142 0.0103707835 0.12654158 0.005334925 0.004734814 0.002144895 0.0016572812 0.002971945 0.0017358362 0.45659664 0.0142398095 0.25091246 0.00045244288 0.4970978 0.001811278 0.08492387 0.1119788 0.32796088 0.0017811708 0.013111197 0.0003011694 0.5139251 0.00080246304 0.0003253056 0.001116143 0.0028361473 0.0011851585 4.764512e-23 0.00044435263 0.00027472092 0.027412804 0.00018256014 0.07124836 0.00010356797 0.00023829889 0.0010053883 0.30884022 0.0013268038 0.085775815 0.0008583442 0.15590307 9.56851e-05 0.15276264 0.3502446 0.06604461 9.457755e-05 0.0006086302 0.00013344787 0.00018119457 2.3085986e-05 0.00033434574 5.1108913e-05 0.0005217142 0.00023215552 0.00093608705 9.8013166e-05 1.0577653e-05 0.3858709 9.1271846e-05 2.1166443e-06 9.805617e-07 9.20238e-06 5.1130555e-05 4.9993298e-05 6.2373288e-06 8.415183e-07 0.030568525 3.6240952e-05 0.03383683 8.0646656e-05 1.0912153e-05 0.019031076 4.4374343e-07 0.05557056 0.008246699 1.4145528e-05 2.006259e-06 1.704507e-05 2.2085742e-05 7.897956e-07 1.060721e-05 2.2492499e-05 3.990128e-06 1.6969906e-07 2.5072986e-05 8.818376e-06 0.0056487527 3.694138e-06 8.10307e-08 1.1155213e-07 7.6993285e-07 1.3583209e-06 3.4856423e-06 0.008686689 0.00042520041 8.698816e-06 2.5020975e-06 1.4648905e-06
