4.1338546e-34 0.002750426 0.005407789 0.0074344906 0.00054487656 0.038742512 0.006867611 0.17731728 0.07043952 0.014988495 0.008483834 0.56842184 0.5767658 0.0058662575 0.04764739 0.6900268 0.3125949 0.02185343 0.0012791633 0.14384905 0.71346945 0.54104745 0.3359997 0.5866499 0.6947756 0.0024841314 0.72469777 0.8201073 0.75872386 0.0128289005 0.8229452 0.5323094 0.79167503 0.8164854 0.633005 0.42542058 0.7973417 0.7905046 0.62240523 0.1113071 0.67608595 0.65418524 0.88917404 0.44526434 0.0021257314 0.26891348 0.2852582 0.024504896 0.3090978 0.27341035 0.6587762 0.9596067 0.7357866 0.008295728 0.27839848 0.6608085 0.63209254 0.5653356 0.7927314 0.38263193 0.8432458 0.94553685 0.8364091 0.30736804 0.002476192 0.002764471 0.64462733 0.94203633 0.8263233 0.53459084 0.57626235 0.87347 0.010110651 0.21357217 0.0015239811 0.00010983793 0.10080529 0.9930994 0.016273784 1.6217627e-06 0.96112585 0.004087838 0.9787443 0.00012532873 0.9806628 0.22434862 0.020884247 0.9789512 8.997909e-05 0.35006034 0.0032407753 0.6283544 0.46679148 0.33956596 0.6785577 0.3083861 0.00078285823 0.9936808 0.9902288 0.9982385 0.9894499
0.002750426 1.7902858e-21 0.5335394 0.41403767 0.1811088 0.39107603 0.3018772 0.09393599 0.032930702 0.22204988 0.053337026 0.04298238 0.04153808 0.05543198 0.11631169 0.012929883 0.10571809 0.039340828 0.19864652 0.07398712 0.014147514 0.03980442 0.05461503 0.022753928 0.00770514 0.014072113 0.0026551697 0.0026186684 0.002114507 0.004773493 0.002147903 0.04637474 0.0032228946 0.0027567758 0.0006596523 0.027488457 0.0027329302 0.0012728525 0.015233323 0.0045712697 0.0031628092 0.009805988 0.000491805 0.0146015035 0.0014736452 9.716496e-05 0.0070698014 0.00061968685 0.0024106835 0.0026942869 0.0064978893 0.00013939623 0.00030224724 0.00014469793 0.0011714492 0.0058948053 0.00020240239 0.0037526435 0.0021689606 0.0004167642 0.0021864963 0.00032420273 0.0018338131 0.0009974991 7.1302734e-06 8.3199e-06 0.0035187176 0.0016816241 0.0016762179 0.00048828125 0.0004128792 0.0012158495 1.2567193e-05 0.001355599 1.9100042e-05 0.00039173538 0.00029533156 0.002573486 3.092365e-05 2.5300058e-06 0.0019431908 2.802804e-06 0.0023821418 1.3102577e-07 0.0021341052 0.0007436139 3.534671e-05 0.003836105 5.0040444e-06 0.0031220806 1.2757349e-06 0.0070342342 0.0036359404 0.0034570987 0.0012662527 0.0027558834 6.629952e-08 0.0013267533 0.00024883103 4.728041e-05 0.00011869166
0.005407789 0.5335394 1.8823338e-20 0.42476726 0.15128085 0.46253255 0.24952547 0.119973674 0.035761215 0.16506161 0.050570328 0.06868199 0.059657995 0.017395882 0.077949725 0.020690475 0.11887686 0.02072968 0.072441466 0.049372938 0.06922171 0.09342254 0.06948999 0.051862422 0.034656834 0.008308301 0.014461219 0.015548551 0.0097343 0.0026730685 0.007110029 0.05098263 0.010879771 0.0070085516 0.0016281048 0.01498748 0.0070176846 0.003753238 0.02810422 0.0049894443 0.010921467 0.023068413 0.0028391469 0.014035174 0.0016308811 0.00029438199 0.0057650795 0.00023094827 0.0013517746 0.0037321094 0.006043423 0.0012055459 0.0015263672 7.758214e-05 0.0022070608 0.0048721908 0.0006949087 0.0036831996 0.004888464 0.0006081324 0.0065502804 0.0025518206 0.0039913687 0.0018569414 5.6633858e-06 6.224606e-06 0.00257834 0.0034593332 0.0035169593 0.00053508504 0.00067098887 0.0032084489 9.785743e-06 0.0011439193 5.407281e-05 9.105241e-05 0.0005116087 0.0035195164 6.584719e-05 5.010615e-06 0.0031358025 3.0648325e-06 0.002620551 1.7160752e-06 0.0014739198 0.00054456596 7.465963e-05 0.0025226877 3.134923e-06 0.0034484342 2.7036376e-06 0.0039378125 0.0024947245 0.0010208271 0.001491317 0.0012903755 4.257006e-08 0.0014475913 0.00044815132 2.5796335e-05 0.00017885573
0.0074344906 0.41403767 0.42476726 2.6075363e-20 0.08557032 0.4480196 0.2683529 0.07900622 0.021803837 0.19744202 0.02481907 0.053139374 0.04583037 0.02927956 0.10774834 0.010408236 0.16063794 0.034420863 0.07263934 0.08353751 0.07013687 0.103769325 0.09340416 0.0643076 0.040439397 0.015845627 0.016072571 0.011875972 0.01035229 0.007358623 0.0075941193 0.072334066 0.020136323 0.013599408 0.0007130535 0.039505057 0.0140191885 0.0034212833 0.041193932 0.004547271 0.022704095 0.03367049 0.002659942 0.027061552 0.0029527538 0.0002283615 0.011359734 0.0020835905 0.00526434 0.008621537 0.014059952 0.0007554711 0.0013274715 0.00025501262 0.00574482 0.012213821 0.00051544164 0.009903881 0.008562051 0.00030550628 0.009031878 0.003788527 0.0077855084 0.0033029832 3.1771095e-05 3.980548e-05 0.0058925017 0.0055730483 0.0050014164 0.00027175582 0.0003445482 0.004722264 5.0545423e-05 0.002109038 0.0001299089 3.6075056e-05 0.00072496425 0.004069661 0.00011757364 4.996989e-07 0.0047639315 1.1215483e-05 0.003946757 3.982078e-07 0.0012865227 0.00014802568 0.0001744157 0.0033012887 3.7589455e-06 0.00454501 1.4634737e-05 0.0044592144 0.0030012 0.0013364828 0.0020492296 0.0017998513 3.5938763e-07 0.0030480684 0.00076377374 3.7746566e-05 0.0001280915
0.00054487656 0.1811088 0.15128085 0.08557032 1.0374472e-21 0.08850659 0.013004433 0.10580587 0.17470914 0.0077098855 0.49307248 0.039580904 0.039068174 9.747169e-05 0.001830722 0.021390736 0.0044215787 0.00025643586 0.007113253 0.0018838316 0.002434898 0.0024673052 0.0030085219 0.0015710953 0.0013467197 0.00011272031 0.001221148 0.0021309897 0.0009239522 4.302788e-05 0.00075684447 0.0027470943 0.0011827783 0.0010809061 0.0046600658 0.0010082743 0.0007448521 0.0031022145 0.0018208713 0.041390438 0.00075992744 0.0016997688 0.00080325047 0.0013198501 6.983168e-05 0.00034823015 0.0006670997 4.2812986e-05 0.00017686676 0.00036677698 0.00096150016 0.0007921253 0.00074027554 9.717899e-06 0.00017281612 0.0012236346 0.0005695185 0.0009286694 0.00021313684 0.0017326805 0.00039961538 0.0013073926 0.0004251343 0.00031653282 3.5459243e-07 3.3518296e-07 0.0011895582 0.0010654673 0.00027436146 0.0019569367 0.0016691376 0.00023547819 2.3677321e-06 0.00022453097 4.3179642e-07 0.00092277967 6.6286404e-05 0.003602505 1.4481974e-05 0.005224456 0.0016853086 7.605947e-08 0.0011894942 0.00011892713 0.0016437897 0.0064207786 5.563202e-06 0.0007006085 2.6536112e-08 0.00049608055 1.0079698e-08 0.00079941296 0.00035418486 0.0005695701 0.0001185454 0.00057305215 2.2732523e-10 9.765732e-05 0.00012849686 3.8883758e-05 0.0005751999
0.038742512 0.39107603 0.46253255 0.4480196 0.08850659 5.09284e-20 0.26431805 0.18279855 0.06262756 0.25539047 0.109559864 0.16933946 0.14838143 0.028491374 0.16697983 0.06842706 0.32498008 0.03962309 0.032856043 0.18428247 0.2517461 0.27523503 0.23471291 0.19014579 0.13720974 0.010076326 0.07888077 0.07584866 0.059163414 0.0037510118 0.046334095 0.1418421 0.08385337 0.06587954 0.007558131 0.061396763 0.061821472 0.013483576 0.11884572 0.025862966 0.081525125 0.100581676 0.020891773 0.052967057 0.0035893843 0.0012157087 0.023894757 0.0013577151 0.00672623 0.020733472 0.031572815 0.0047433376 0.0034777117 0.00066563516 0.0123276245 0.030273736 0.0019468403 0.022293767 0.024200872 0.0028633282 0.01965074 0.012988761 0.017710257 0.0069608316 5.175029e-05 6.0105973e-05 0.013814621 0.012267735 0.011380977 0.0037277786 0.00365191 0.010778983 5.4168962e-05 0.0025789721 0.00029340718 2.4103145e-05 0.0012460217 0.01387371 0.00019214328 5.856936e-06 0.009123509 2.5275856e-05 0.008411754 3.7322534e-05 0.0055306875 0.0019175761 0.00019223384 0.0061468445 2.972635e-06 0.008538884 4.8381928e-05 0.006705642 0.0035499649 0.0018502444 0.0027954336 0.0033508774 2.3759635e-06 0.0058680903 0.0029218693 0.00026658576 0.0022670294
0.006867611 0.3018772 0.24952547 0.2683529 0.013004433 0.26431805 1.1096908e-20 0.009004146 0.0012926004 0.42981097 0.001489369 0.0070866025 0.0066423765 0.32732892 0.20819366 0.0014941945 0.10158479 0.2900678 0.14076534 0.117613345 0.004885048 0.022887353 0.045568954 0.015905991 0.00440102 0.13601792 0.0018587539 0.0009505368 0.0014285109 0.083105266 0.0008829931 0.056683496 0.0032571538 0.0019430389 0.00019281864 0.064025134 0.0024560543 0.00052092195 0.014050569 0.00035474176 0.0032584213 0.009223121 0.00021676578 0.022331934 0.03268174 6.216849e-05 0.018119339 0.01559359 0.028977588 0.010959859 0.012464014 4.32274e-05 0.00016779428 0.0014114791 0.006659244 0.010610939 7.1245195e-05 0.009750773 0.0024923487 3.3811513e-05 0.002572074 0.00030311872 0.0017068584 0.0033575871 0.00015676641 0.00016258664 0.00658438 0.0010830265 0.0011149041 1.7338358e-05 1.7266251e-05 0.00095880724 0.00036894696 0.0025407437 0.0012203126 0.00058970635 0.0016574739 0.0009971092 0.00033375315 2.4998278e-07 0.0008910768 6.4899876e-05 0.0013403387 3.4544453e-08 0.0009569469 0.000107756 0.0003077706 0.0020123294 0.00071132596 0.002428016 4.3408756e-05 0.0012288847 0.00093993626 0.0009871072 0.00095010997 0.0010652078 2.349759e-06 0.0018486588 0.00041263178 1.7038536e-05 3.3131175e-05
0.17731728 0.09393599 0.119973674 0.07900622 0.10580587 0.18279855 0.009004146 5.948846e-19 0.41744438 0.0159484 0.33115515 0.3522412 0.3487397 0.0012087878 0.0072946344 0.40228724 0.078974895 0.0028116095 0.0012857935 0.014304243 0.1447604 0.11391136 0.09300163 0.09904984 0.081769444 0.0010837091 0.08113751 0.23271777 0.07265684 0.0005345651 0.06869025 0.052511632 0.052312016 0.06511985 0.12225045 0.0047545433 0.05037566 0.12428168 0.063959464 0.12663549 0.049006 0.063647464 0.0827035 0.013678627 0.0006392505 0.025772512 0.0056777634 0.0004451443 0.0018469318 0.0043161577 0.011399841 0.05464809 0.021377347 0.000121155645 0.0029622011 0.013595667 0.017486624 0.010791233 0.015459916 0.020810561 0.016421767 0.019349968 0.014153263 0.0034267183 2.612756e-05 2.9189321e-05 0.012147966 0.015572019 0.010351742 0.015759071 0.015664762 0.01004887 2.4866766e-05 0.0022261452 1.2246127e-05 1.3869813e-05 0.0007067674 0.02812885 0.00016993724 0.00037171107 0.01273745 2.1555867e-05 0.008259962 0.00031189155 0.03750988 0.013647258 9.192473e-05 0.0042881314 9.053673e-06 0.0034546915 1.1319348e-05 0.005176977 0.00257768 0.0017641885 0.0012608916 0.0021629455 9.1587043e-07 0.0020125406 0.0014794779 0.011605923 0.03663747
0.07043952 0.032930702 0.035761215 0.021803837 0.17470914 0.06262756 0.0012926004 0.41744438 1.1272697e-19 0.0014193533 0.5754185 0.27574933 0.30863875 5.355452e-05 0.00066110305 0.4078245 0.015651636 0.00022728388 8.979248e-05 0.0017743105 0.03435215 0.02595357 0.016054826 0.020430502 0.022567028 9.639576e-05 0.021467745 0.11811484 0.021716027 2.1147953e-05 0.029327309 0.010871649 0.01455552 0.017080244 0.19525765 0.0010580549 0.016225735 0.09445192 0.013888399 0.26278737 0.01698854 0.018540341 0.03371406 0.003612491 5.355769e-05 0.04165882 0.00050301454 3.23524e-05 0.00014129761 0.00017445114 0.0022551804 0.026444392 0.01956839 2.933088e-05 0.0002541982 0.004026805 0.023570113 0.0032210723 0.009043233 0.03773467 0.008186664 0.008418102 0.008951777 0.0005388309 5.1097136e-06 3.8109554e-06 0.0033814707 0.005024864 0.005562399 0.024106981 0.023078503 0.005012836 3.3366564e-06 0.00030063535 1.916157e-06 1.024009e-06 0.00012670185 0.011242904 1.2112959e-05 0.0014647361 0.0038195571 8.6270256e-07 0.0014269347 0.0019476129 0.015322888 0.02573939 7.2480657e-06 0.0014328142 1.893267e-07 0.0008251656 8.58295e-07 0.0026869648 0.0015065644 0.00049502525 0.00044537275 0.0005833062 6.2118404e-09 6.92032e-05 2.854229e-05 0.0027178358 0.025887376
0.014988495 0.22204988 0.16506161 0.19744202 0.0077098855 0.25539047 0.42981097 0.0159484 0.0014193533 1.3020163e-19 0.0018024535 0.011005714 0.009027538 0.14617565 0.33185047 0.0014344316 0.17140585 0.30539575 0.031822514 0.23566394 0.017631674 0.05644244 0.08419212 0.03441081 0.013573313 0.035653576 0.003498739 0.001197784 0.0015833414 0.052224062 0.00085008465 0.09575326 0.0066693877 0.0032244225 3.401634e-05 0.09591464 0.0040788534 0.0001803942 0.03703797 0.00026870865 0.008822242 0.022839086 0.00015475218 0.041439943 0.012216254 1.113572e-05 0.032996226 0.017786687 0.03716662 0.023159059 0.020332145 4.1581137e-05 4.18547e-05 0.0014943571 0.017726919 0.017297871 2.8420198e-05 0.019094927 0.004770489 1.146753e-05 0.003572751 0.001193256 0.0029708568 0.010240931 0.00022123828 0.00027472829 0.013198042 0.00230602 0.0018307683 1.1883987e-05 1.3271145e-05 0.0016542699 0.00067088817 0.0058073075 0.00067189016 0.00012374818 0.0031746505 0.002190257 0.0007881207 4.955989e-07 0.0029444178 8.7808345e-05 0.0035927969 1.0904204e-07 0.0019110395 6.549965e-05 0.00044185057 0.0030057617 0.00017271248 0.0062382417 3.7115035e-05 0.00234072 0.0020941205 0.0014262702 0.002394795 0.0017965947 2.9517726e-06 0.0042898143 0.0022530176 2.8003795e-05 7.245243e-05
0.008483834 0.053337026 0.050570328 0.02481907 0.49307248 0.109559864 0.001489369 0.33115515 0.5754185 0.0018024535 1.3281406e-21 0.22368708 0.23188108 7.8394805e-06 0.0011771662 0.28775662 0.012180954 0.00035886944 5.7972833e-05 0.002785618 0.01788665 0.015457868 0.009924275 0.010869067 0.010273036 1.450741e-05 0.0074587613 0.03272505 0.0067805075 6.8496825e-05 0.010194106 0.0077231904 0.0080285 0.0066629983 0.23005624 0.0012556656 0.007445084 0.03583927 0.008148043 0.42909852 0.007100681 0.008272158 0.011939652 0.0034913945 7.588298e-06 0.033150773 0.0009412549 3.0436935e-05 0.00011306763 0.00041174397 0.0009890374 0.0093727745 0.00661878 3.0360256e-05 0.00028704805 0.0016079999 0.008518095 0.0013600354 0.0022434744 0.030993972 0.0024539952 0.0012008196 0.0029805738 0.0004403849 2.1242295e-06 2.027331e-06 0.00087101466 0.0016295301 0.0012805389 0.018123874 0.017076196 0.0011600241 6.4908627e-06 0.0001276856 1.999823e-06 9.34202e-06 7.4059055e-05 0.0028471972 1.950916e-05 0.0039334814 0.00124968 9.132791e-07 0.00065900217 0.0004579582 0.0022977307 0.021573575 4.5335482e-06 0.00066842115 7.347199e-09 0.00037562576 7.4274567e-07 0.0031060406 0.0011481227 0.0006288854 0.0002520476 0.000748544 1.8468946e-09 0.00015020612 2.212812e-05 0.00036709593 0.009839473
0.56842184 0.04298238 0.06868199 0.053139374 0.039580904 0.16933946 0.0070866025 0.3522412 0.27574933 0.011005714 0.22368708 6.515211e-19 0.6235311 0.0022444665 0.0073808227 0.5449036 0.07720201 0.003943489 0.0011438512 0.01409641 0.38821137 0.17837672 0.08410569 0.12835398 0.2668282 0.00084388634 0.2565331 0.48059183 0.18861486 0.00071694807 0.20738189 0.044356406 0.15093805 0.18401335 0.16153273 0.005071911 0.12522739 0.23939739 0.08458736 0.14566267 0.14286135 0.101837814 0.20987488 0.009677928 0.0007372475 0.04373358 0.0034908005 0.0005538408 0.0014748445 0.0029276065 0.0136822425 0.1582976 0.09478811 0.0001254477 0.0019447517 0.014503304 0.0474081 0.008786649 0.024867272 0.023702716 0.029665241 0.09395865 0.019300546 0.002491845 5.542938e-05 5.8773392e-05 0.008879745 0.043547325 0.020964436 0.016987333 0.018551107 0.021090824 4.3506145e-05 0.0015644673 3.888539e-05 1.1635917e-05 0.000681536 0.18859194 0.00022870368 0.00012540477 0.042040896 3.1430074e-05 0.025937237 0.00019393675 0.1908773 0.017248897 0.00012618562 0.004765671 2.4025989e-05 0.0016690118 4.0494608e-05 0.0024704097 0.0013380285 0.00046983082 0.00070716045 0.0005553741 2.3584696e-06 0.008727475 0.009139332 0.073137 0.12101183
0.5767658 0.04153808 0.059657995 0.04583037 0.039068174 0.14838143 0.0066423765 0.3487397 0.30863875 0.009027538 0.23188108 0.6235311 1.0595826e-18 0.0019749664 0.00580553 0.5779032 0.060571693 0.003392369 0.0011161786 0.012296919 0.37060276 0.15568139 0.07051246 0.11178817 0.25010762 0.0007419882 0.2431253 0.5008968 0.18718895 0.0005477787 0.20963956 0.035965417 0.12517014 0.17367172 0.18228331 0.004894699 0.09986982 0.2571369 0.06893138 0.17301355 0.109027505 0.0879452 0.2257361 0.008709914 0.00074571604 0.05536542 0.0033143833 0.0004981165 0.0013238203 0.0025426054 0.013076272 0.16983129 0.107812315 0.00012616096 0.0017260028 0.013135596 0.05970641 0.008803185 0.017567877 0.029400736 0.025604753 0.09015561 0.014974287 0.0023959144 5.3136395e-05 5.1414747e-05 0.009449015 0.03797517 0.017592683 0.01918728 0.020900326 0.017383741 3.552606e-05 0.0013580803 3.564987e-05 1.0379949e-05 0.0005532025 0.19861765 0.00018598603 0.00018609088 0.037265543 2.8736891e-05 0.023217862 0.00039440644 0.2009479 0.01979976 8.413972e-05 0.0034504456 2.3342662e-05 0.0013094066 3.4443154e-05 0.0018993457 0.0009777367 0.00034537242 0.00051226636 0.00040030904 1.6941846e-06 0.0065935543 0.007423658 0.08345476 0.14134261
0.0058662575 0.05543198 0.017395882 0.02927956 9.747169e-05 0.028491374 0.32732892 0.0012087878 5.355452e-05 0.14617565 7.8394805e-06 0.0022444665 0.0019749664 2.6418844e-23 0.07438231 0.0003333018 0.005877127 0.23779623 0.20541865 0.018436749 0.00044616195 0.00095030613 0.0013345042 0.00077985274 0.00018592697 0.55298245 3.8394923e-05 4.5492503e-05 2.0338173e-05 0.16197371 1.755199e-05 0.0021784506 6.0658956e-05 3.3054108e-05 1.2377519e-06 0.011627947 4.5250068e-05 4.015017e-05 0.00084424944 2.7386932e-07 0.00017033899 0.00052807044 2.6408468e-06 0.00091336406 0.37447897 1.1798214e-06 0.0009659942 0.018947473 0.012894577 0.00020262062 0.0007096723 8.506506e-07 4.0386985e-06 0.00866508 0.00023380147 0.0006729576 6.957303e-07 0.00048806035 7.181089e-05 1.3458015e-07 4.4697474e-05 1.6431903e-05 2.6312877e-05 8.9248126e-05 0.0002557974 0.00022182116 0.00039881514 3.2027063e-05 7.386328e-06 1.7409555e-07 1.4196641e-07 4.877313e-06 0.00014801227 0.00025374748 0.008797684 0.05425395 0.00015091745 1.1379082e-05 5.8624373e-05 7.8353636e-11 5.2614236e-05 1.1704263e-05 0.00012653618 2.841301e-11 3.9658935e-06 6.0097054e-06 2.6942187e-05 1.0620014e-05 0.020341007 7.559922e-05 6.53113e-06 4.8698235e-05 4.5323228e-05 2.8191096e-05 1.7729782e-05 3.4108692e-05 2.4595396e-05 3.7978907e-06 3.277751e-06 3.2185465e-08 5.2674707e-08
0.04764739 0.11631169 0.077949725 0.10774834 0.001830722 0.16697983 0.20819366 0.0072946344 0.00066110305 0.33185047 0.0011771662 0.0073808227 0.00580553 0.07438231 7.579341e-20 0.0013102292 0.32194248 0.4063576 0.008390639 0.5952515 0.018631753 0.06924192 0.13212389 0.04774631 0.017925113 0.01806391 0.0054869726 0.0010531306 0.0032052314 0.08015613 0.0017672911 0.14574392 0.016302917 0.008278791 3.10493e-05 0.23720339 0.011601978 0.00030017554 0.052402373 0.000303215 0.026129663 0.038415078 0.00048032828 0.07046991 0.008171477 1.151786e-05 0.07679243 0.042580508 0.108322345 0.06230162 0.046175368 0.000111747686 7.521182e-05 0.0028316379 0.04886679 0.0436379 4.2856696e-05 0.047049474 0.013201504 5.2548576e-06 0.00753269 0.0046674376 0.0067704823 0.029256886 0.00075077097 0.00095083646 0.03803963 0.008683475 0.004285235 1.1995793e-05 1.2568366e-05 0.003909166 0.0014446827 0.017189164 0.0004389373 2.84586e-05 0.011444867 0.0035892457 0.0016839479 6.139204e-08 0.0062889713 0.00019554919 0.0059078964 3.314778e-08 0.0011631707 4.7196307e-05 0.0009273831 0.0081753675 6.67017e-05 0.02222631 6.247749e-05 0.0067884913 0.005254795 0.0036023557 0.005788229 0.0051219845 2.6334553e-06 0.0057369056 0.0052853073 2.6117195e-05 7.883831e-05
0.6900268 0.012929883 0.020690475 0.010408236 0.021390736 0.06842706 0.0014941945 0.40228724 0.4078245 0.0014344316 0.28775662 0.5449036 0.5779032 0.0003333018 0.0013102292 1.2542517e-16 0.012882348 0.00089204015 0.00018262578 0.0034825106 0.18742079 0.045941982 0.01916821 0.037548713 0.0683148 0.00012743076 0.091634735 0.50459087 0.09226974 0.00016245506 0.12564759 0.009506891 0.034795325 0.050335623 0.3788855 0.0020770612 0.031120457 0.45202413 0.022249103 0.3052749 0.029255508 0.030423597 0.17373106 0.0024521118 0.00021586055 0.15419234 0.00031980593 6.485328e-05 0.00019830687 0.00022779142 0.002247181 0.23539867 0.20752557 3.655307e-05 0.00026929562 0.0026954396 0.17682177 0.0016123657 0.007080483 0.095936544 0.011159763 0.051491704 0.0064911847 0.00039511404 2.250681e-05 1.998101e-05 0.0023343966 0.014561734 0.009326262 0.06221829 0.06422035 0.008534545 6.3653542e-06 0.0003912754 3.844552e-05 7.83288e-06 0.00013380009 0.13768782 4.6651297e-05 0.001323156 0.014470698 2.9604798e-05 0.009626247 0.0056357873 0.25431627 0.063615166 3.1131876e-05 0.00071975583 6.3368448e-06 0.00036988425 7.035422e-05 0.0002320183 0.00016198601 4.765169e-05 7.766254e-05 8.055773e-05 1.6584224e-06 0.0030662494 0.0034851255 0.14172722 0.27711204
0.3125949 0.10571809 0.11887686 0.16063794 0.0044215787 0.32498008 0.10158479 0.078974895 0.015651636 0.17140585 0.012180954 0.07720201 0.060571693 0.005877127 0.32194248 0.012882348 4.0853953e-20 0.057135932 0.00047893202 0.65012175 0.10863452 0.44578108 0.6472056 0.31711164 0.090673685 0.00043312117 0.044057976 0.01454193 0.028760975 0.007695975 0.018407295 0.5079253 0.0850985 0.057820868 0.0006713762 0.26856887 0.08145955 0.0027673042 0.3079576 0.006734343 0.17599234 0.24496824 0.0077372114 0.23660658 0.00030121912 0.00013670346 0.11377599 0.008944306 0.032722775 0.100911304 0.18049735 0.0023685908 0.00097608013 0.00020411672 0.06765702 0.14941558 0.00060834415 0.12571904 0.11434332 7.9789694e-05 0.05020254 0.025160143 0.058031943 0.039464485 0.00021435112 0.00028458075 0.09030887 0.041541416 0.036056176 9.914404e-05 0.0001178144 0.03974705 0.0004194059 0.019525385 1.8928376e-05 5.5110984e-08 0.007165998 0.016892318 0.0011054274 1.5981834e-07 0.04114053 3.216768e-05 0.034162164 2.7982304e-07 0.0034125422 0.00016721615 0.0011018966 0.07415522 1.4304493e-07 0.03870644 1.127624e-05 0.016777787 0.0115306275 0.008099154 0.010996649 0.010459929 4.043527e-08 0.019860532 0.016057344 0.0001728883 0.00019278626
0.02185343 0.039340828 0.02072968 0.034420863 0.00025643586 0.03962309 0.2900678 0.0028116095 0.00022728388 0.30539575 0.00035886944 0.003943489 0.003392369 0.23779623 0.4063576 0.00089204015 0.057135932 4.6549993e-21 0.0044374387 0.26538 0.0020794608 0.012382632 0.02806474 0.01112864 0.0023895171 0.057224393 0.0006625042 0.00025422635 0.00045360267 0.5681259 0.00020257561 0.045207478 0.0015030025 0.00066764804 2.56796e-05 0.18229175 0.0010183761 0.00018690476 0.016342876 4.1248895e-05 0.0025580206 0.01085352 5.7102083e-05 0.025260288 0.032349277 1.00071775e-05 0.041986477 0.19676825 0.2359689 0.02494264 0.014817794 1.8874425e-05 3.790041e-05 0.03102506 0.02920207 0.013921683 1.657353e-05 0.016770246 0.0011799431 3.608952e-06 0.000639374 0.00043744856 0.0004917599 0.02205071 0.004616905 0.0049220663 0.01504987 0.00056238356 0.00041550995 3.32905e-06 3.175439e-06 0.0003866481 0.008586467 0.016191682 0.006096695 0.00045713 0.01684514 0.00093026063 0.0048478437 2.6570195e-08 0.0009737228 0.00061410177 0.0020415178 2.6275071e-08 0.0006693432 4.4120905e-05 0.0022075628 0.002276801 0.0025153798 0.007954042 0.00025741474 0.0017737859 0.0014149374 0.0011762283 0.0016716458 0.0018331743 9.7869975e-05 0.0019330241 0.0018493941 5.189101e-06 1.6222679e-05
0.0012791633 0.19864652 0.072441466 0.07263934 0.007113253 0.032856043 0.14076534 0.0012857935 8.979248e-05 0.031822514 5.7972833e-05 0.0011438512 0.0011161786 0.20541865 0.008390639 0.00018262578 0.00047893202 0.0044374387 1.9393813e-22 0.0008279083 4.3091775e-05 9.660217e-05 0.00010509593 4.465768e-05 3.239689e-05 0.21025658 1.9268618e-05 4.56161e-05 1.5633352e-05 0.0018357809 2.0318439e-05 0.00010040411 1.5873335e-05 1.1131801e-05 1.7667147e-05 0.00017825956 9.018059e-06 2.7549742e-05 1.1551972e-05 6.1487175e-05 1.961247e-05 1.1395502e-05 3.879003e-06 5.9996182e-05 0.05153984 1.6577156e-06 1.9094345e-05 2.3185064e-06 1.44728765e-05 7.948389e-06 3.91123e-05 5.784305e-07 3.3474083e-07 4.4710094e-05 6.0051566e-06 7.5230404e-05 3.697728e-07 3.6464877e-05 1.878566e-05 4.494623e-06 3.154415e-05 2.2566915e-06 6.8976433e-06 7.885444e-06 2.9880158e-07 2.1737384e-07 0.00031250133 1.043202e-05 1.0737629e-05 3.3221806e-06 1.7665217e-06 9.084481e-06 8.97991e-08 1.2354881e-05 1.1243026e-05 0.24439257 4.1494127e-06 4.604674e-06 8.8599296e-07 7.919708e-09 1.4090353e-05 7.700698e-08 1.3790807e-05 4.656582e-09 5.118748e-07 0.00018024028 1.7252158e-07 5.042522e-06 6.703365e-06 0.00011086739 6.107169e-08 0.0005571435 0.00022311215 0.00040776905 8.934505e-05 0.00033322047 1.2323831e-08 1.8654451e-06 1.0480898e-06 1.7449396e-09 5.0720166e-09
0.14384905 0.07398712 0.049372938 0.08353751 0.0018838316 0.18428247 0.117613345 0.014304243 0.0017743105 0.23566394 0.002785618 0.01409641 0.012296919 0.018436749 0.5952515 0.0034825106 0.65012175 0.26538 0.0008279083 2.831523e-20 0.033217877 0.1738127 0.3312636 0.09357985 0.029401453 0.0035146545 0.013172283 0.0018770797 0.007995922 0.03846818 0.0036779277 0.36246908 0.026855977 0.015688868 6.9606416e-05 0.48367643 0.022852387 0.00047600546 0.121408574 0.0002493327 0.059680775 0.07778045 0.0010727507 0.19409719 0.0007047932 2.8325843e-05 0.16713712 0.035313874 0.14750724 0.1255602 0.10857568 0.0003317125 0.00015716969 0.0016121813 0.105913416 0.09472935 0.00011605435 0.0933967 0.030569777 8.686289e-06 0.016839022 0.01139526 0.016766615 0.05541518 0.0008607312 0.0011992368 0.06998982 0.014983243 0.009843823 2.152222e-05 2.3345467e-05 0.009700849 0.0019862258 0.027687041 0.00011480351 1.3617245e-06 0.017879494 0.0051447907 0.0023309262 7.139809e-09 0.01536564 0.00017599856 0.0131199155 8.091297e-09 0.001369273 4.8097252e-05 0.0017819301 0.029126603 1.4459611e-06 0.036386997 6.667137e-05 0.014600051 0.009148331 0.0071987673 0.010013077 0.008892543 2.201809e-07 0.008903264 0.009217405 3.543896e-05 5.3832722e-05
0.71346945 0.014147514 0.06922171 0.07013687 0.002434898 0.2517461 0.004885048 0.1447604 0.03435215 0.017631674 0.01788665 0.38821137 0.37060276 0.00044616195 0.018631753 0.18742079 0.10863452 0.0020794608 4.3091775e-05 0.033217877 8.39725e-20 0.38699383 0.15526648 0.3333559 0.700428 0.0001147177 0.6187799 0.33569998 0.4576737 0.0001953941 0.33293518 0.101231396 0.2953986 0.35204566 0.0068749934 0.0069525684 0.2667036 0.049910054 0.1536208 0.008539353 0.28078276 0.21873091 0.19215295 0.029186055 9.4786585e-05 0.0019488494 0.0053758086 0.0003622953 0.0006885705 0.004721267 0.029427582 0.06444933 0.0189272 1.4835788e-05 0.0021199274 0.020227108 0.005729899 0.011386434 0.046241798 0.0024690132 0.0641697 0.24253292 0.04084056 0.0012682293 7.3867295e-06 8.351866e-06 0.006333085 0.18375808 0.055939615 0.0031874373 0.0032900872 0.06203577 2.6225944e-05 0.00070721604 1.1114516e-06 8.3306617e-07 0.00033341374 0.24700373 0.00012389706 2.679094e-07 0.15877715 1.2746162e-06 0.11756096 6.1974e-06 0.1281374 0.0014206332 0.00012213989 0.034507938 1.8557745e-06 0.0012834265 1.3055959e-06 0.002377388 0.0020237507 0.0002322029 0.0026172602 0.00034476296 7.823937e-08 0.046334494 0.0617102 0.054976914 0.021816676
0.54104745 0.03980442 0.09342254 0.103769325 0.0024673052 0.27523503 0.022887353 0.11391136 0.02595357 0.05644244 0.015457868 0.17837672 0.15568139 0.00095030613 0.06924192 0.045941982 0.44578108 0.012382632 9.660217e-05 0.1738127 0.38699383 1.2062008e-18 0.5410479 0.6347425 0.29278037 0.00011514232 0.1203575 0.061070085 0.07790268 0.0015927666 0.0467799 0.30446425 0.2570247 0.19960965 0.0029800322 0.042800978 0.2520807 0.009689698 0.3269991 0.0062330207 0.40516415 0.32607186 0.03252093 0.09555621 0.00016077922 0.0006501537 0.032137256 0.0029910381 0.008707926 0.0322274 0.11534117 0.0146381315 0.0030134784 3.894763e-05 0.018370945 0.08658875 0.0013810161 0.053215206 0.16170064 0.00054362643 0.10367253 0.09715003 0.10283661 0.012218084 4.2449235e-05 6.258418e-05 0.037456512 0.15467449 0.079726055 0.00039973034 0.00048012557 0.08924969 0.00017184255 0.005700545 2.6023426e-06 6.2165604e-08 0.0028437616 0.08319203 0.0006469314 5.9952146e-07 0.11254821 1.036618e-05 0.08533156 4.153657e-06 0.017242778 0.0004887506 0.00066869624 0.10359371 2.9121546e-08 0.014337402 6.756675e-06 0.0075644907 0.00574517 0.002120074 0.00695293 0.003428585 3.263823e-08 0.04694604 0.038266324 0.0022094299 0.0013102154
0.3359997 0.05461503 0.06948999 0.09340416 0.0030085219 0.23471291 0.045568954 0.09300163 0.016054826 0.08419212 0.009924275 0.08410569 0.07051246 0.0013345042 0.13212389 0.01916821 0.6472056 0.02806474 0.00010509593 0.3312636 0.15526648 0.5410479 1.03653434e-19 0.4378048 0.10674555 5.487711e-05 0.05348866 0.029434163 0.037829 0.003909069 0.023678036 0.5013763 0.11015109 0.08349621 0.00091672735 0.12431334 0.1153843 0.0040317625 0.37643555 0.0047123586 0.25963247 0.34644917 0.012407592 0.21392727 0.00019456809 0.00020400716 0.07074842 0.0065142177 0.019649446 0.06936781 0.17492175 0.0032009687 0.001117391 9.010188e-05 0.045009922 0.13130939 0.00044694578 0.09819361 0.17574804 0.00018019475 0.082844324 0.035397038 0.10109128 0.02773781 0.00011168505 0.0001628868 0.064069815 0.083278835 0.0643908 0.00018101097 0.0002133752 0.07818092 0.0004193241 0.012861276 7.744039e-06 1.1487512e-08 0.0051490217 0.025536345 0.0010901341 2.870742e-07 0.061775047 1.2773122e-05 0.0551165 3.9698455e-07 0.0045532268 0.00022702846 0.0010575857 0.11081916 1.9736481e-08 0.02781081 5.099865e-06 0.012961512 0.0089531 0.005273704 0.008372589 0.0072839395 2.0941842e-08 0.027830537 0.017388102 0.00026480926 0.00025177255
0.5866499 0.022753928 0.051862422 0.0643076 0.0015710953 0.19014579 0.015905991 0.09904984 0.020430502 0.03441081 0.010869067 0.12835398 0.11178817 0.00077985274 0.04774631 0.037548713 0.31711164 0.01112864 4.465768e-05 0.09357985 0.3333559 0.6347425 0.4378048 3.2386296e-18 0.28265408 4.1798256e-05 0.12529247 0.06662713 0.07617952 0.0017980029 0.051436648 0.23746155 0.29468012 0.25040302 0.002141218 0.036664046 0.29582414 0.010083309 0.28609067 0.0034290296 0.43295828 0.3250623 0.035509467 0.07237859 7.40433e-05 0.00046081113 0.028945591 0.0030527462 0.009110957 0.027590776 0.0894964 0.013593165 0.0025786057 4.3663058e-05 0.015694952 0.065884136 0.0009193 0.04535135 0.16073991 0.00039347287 0.13568036 0.124326624 0.11900337 0.009888111 5.139058e-05 7.757496e-05 0.02893642 0.2006909 0.103407234 0.00032071976 0.0003949317 0.112416536 0.00017305427 0.0045677926 1.4796244e-06 4.571232e-08 0.0025934312 0.09216385 0.0005735314 3.3226513e-07 0.1519501 1.1071727e-05 0.10712643 3.4432364e-06 0.019321099 0.00047959958 0.0005866179 0.11452839 1.4771091e-08 0.011796236 6.806065e-06 0.006725005 0.00523949 0.0016657657 0.006146138 0.0026273297 2.506506e-08 0.0524159 0.035297923 0.0019574773 0.0016414893
0.6947756 0.00770514 0.034656834 0.040439397 0.0013467197 0.13720974 0.00440102 0.081769444 0.022567028 0.013573313 0.010273036 0.2668282 0.25010762 0.00018592697 0.017925113 0.0683148 0.090673685 0.0023895171 3.239689e-05 0.029401453 0.700428 0.29278037 0.10674555 0.28265408 6.1467475e-20 3.434655e-05 0.57842875 0.23920718 0.4058755 0.000287371 0.25344113 0.0809498 0.40221623 0.47022435 0.0050634076 0.011845714 0.34797645 0.029898062 0.15335879 0.004703199 0.35666585 0.21784852 0.12183376 0.028451968 8.470604e-05 0.0011177924 0.0072585945 0.0003801052 0.0011667687 0.005989192 0.036140203 0.04926851 0.0103429 1.0281311e-05 0.002870182 0.0252983 0.0035433422 0.014307164 0.08031535 0.0011037424 0.11154159 0.31216624 0.068368524 0.0015138333 7.451427e-06 9.208297e-06 0.008284525 0.29357865 0.07560386 0.0013162231 0.0015190367 0.08075773 3.968767e-05 0.00090877136 3.0801282e-06 3.7096524e-07 0.0006347215 0.25631464 0.00016878403 5.7269315e-08 0.2287749 1.279273e-06 0.17154291 5.725323e-07 0.11564933 0.000780678 0.00013752701 0.06344701 1.5370832e-06 0.0016277694 1.6896875e-06 0.0022657057 0.001958435 0.0002304137 0.002454165 0.00030308487 4.900364e-08 0.05721461 0.059064906 0.032294013 0.0105681345
0.0024841314 0.014072113 0.008308301 0.015845627 0.00011272031 0.010076326 0.13601792 0.0010837091 9.639576e-05 0.035653576 1.450741e-05 0.00084388634 0.0007419882 0.55298245 0.01806391 0.00012743076 0.00043312117 0.057224393 0.21025658 0.0035146545 0.0001147177 0.00011514232 5.487711e-05 4.1798256e-05 3.434655e-05 3.309174e-20 2.2117065e-05 3.281681e-05 1.8030176e-05 0.08920549 2.4716233e-05 0.00022887104 4.6750305e-05 2.8071418e-05 1.4452436e-05 0.0017088657 1.807342e-05 0.00050614134 6.2286475e-05 6.55413e-06 3.6018264e-05 4.667804e-05 4.0446404e-05 0.000111145804 0.5174397 1.7449633e-05 7.161414e-05 0.010755098 0.0030951295 1.0554426e-05 7.842437e-05 9.516379e-06 3.5845933e-05 0.025993662 8.558025e-06 7.878937e-05 3.1518573e-06 3.5856876e-05 1.0919668e-05 6.6835025e-07 7.651874e-05 7.6057986e-05 6.6367147e-06 1.1933345e-05 0.001587924 0.0014040179 4.11245e-05 0.00024499826 4.2851876e-05 5.5065044e-07 3.9712543e-07 2.7455186e-05 0.00051980437 5.2191597e-05 0.02178976 0.111815795 0.00022697562 1.3245185e-05 0.00026664932 2.2178337e-09 0.0002604883 5.298615e-05 0.0001945221 1.2875014e-10 7.693611e-07 3.4919954e-05 6.426843e-05 1.1002862e-06 0.0349944 1.7627679e-05 2.5303132e-05 5.126057e-05 4.1848834e-05 1.7569644e-05 4.4337372e-05 1.360745e-05 0.00010172317 1.5077898e-05 9.85025e-05 9.639322e-10 7.017409e-09
0.72469777 0.0026551697 0.014461219 0.016072571 0.001221148 0.07888077 0.0018587539 0.08113751 0.021467745 0.003498739 0.0074587613 0.2565331 0.2431253 3.8394923e-05 0.0054869726 0.091634735 0.044057976 0.0006625042 1.9268618e-05 0.013172283 0.6187799 0.1203575 0.05348866 0.12529247 0.57842875 2.2117065e-05 2.7910185e-20 0.335755 0.7214492 8.310246e-05 0.5871658 0.029640296 0.2010263 0.30687168 0.0050092707 0.0044495417 0.17817824 0.036255818 0.05182898 0.004441289 0.1555734 0.08409855 0.2326732 0.0120627275 7.8339006e-05 0.0019856652 0.0019017942 8.6234075e-05 0.00036452652 0.001240977 0.008459762 0.061030198 0.008991193 3.0785982e-06 0.0005628246 0.0061431816 0.0022064315 0.0033619879 0.024910927 0.0010031821 0.0421717 0.28192154 0.02033265 0.0003339783 2.5249824e-06 3.1869704e-06 0.0016134825 0.16615517 0.024291513 0.0009641401 0.0010007421 0.023196716 1.3216985e-05 0.0001941931 3.8496023e-06 1.5682375e-07 0.00014848732 0.26953006 6.2467254e-05 3.441902e-07 0.1469343 3.7106219e-07 0.09966734 6.021193e-07 0.13573688 0.0010644421 8.9331166e-05 0.0136213945 5.524396e-06 0.00026085725 1.4734862e-06 0.0002854364 0.000321952 2.5386616e-05 0.00044873403 4.4713634e-05 1.5470711e-07 0.030120257 0.03495375 0.04654981 0.019157201
0.8201073 0.0026186684 0.015548551 0.011875972 0.0021309897 0.07584866 0.0009505368 0.23271777 0.11811484 0.001197784 0.03272505 0.48059183 0.5008968 4.5492503e-05 0.0010531306 0.50459087 0.01454193 0.00025422635 4.56161e-05 0.0018770797 0.33569998 0.061070085 0.029434163 0.06662713 0.23920718 3.281681e-05 0.335755 3.5147734e-19 0.38630214 5.7395104e-05 0.63299394 0.010442726 0.07415102 0.17507316 0.082586735 0.00048666252 0.05831615 0.35545668 0.023757845 0.032559466 0.04564871 0.036915325 0.6290766 0.003545059 0.000114740025 0.04700853 0.00014389344 4.9227703e-05 5.5260218e-05 0.00011312274 0.0033650496 0.45856604 0.13705334 1.5111583e-05 6.4344786e-05 0.0020988772 0.052179683 0.00069510494 0.00684364 0.021287408 0.012415155 0.25498572 0.006652094 7.0071444e-05 1.850479e-05 1.5743786e-05 0.0003671656 0.06867275 0.014794899 0.012563735 0.013651639 0.014667379 8.607209e-06 8.699425e-05 1.5824846e-05 1.0387015e-06 7.642262e-05 0.34646404 5.0679268e-05 2.9841087e-05 0.092153125 1.1115538e-05 0.06498992 9.1132155e-05 0.39725855 0.015253347 6.1236125e-05 0.0008380985 5.6547808e-05 6.802052e-05 2.345054e-05 4.2928732e-05 5.1604904e-05 8.703812e-06 5.9297832e-05 1.6179447e-05 8.0166626e-07 0.009366358 0.02092932 0.18604872 0.15728846
0.75872386 0.002114507 0.0097343 0.01035229 0.0009239522 0.059163414 0.0014285109 0.07265684 0.021716027 0.0015833414 0.0067805075 0.18861486 0.18718895 2.0338173e-05 0.0032052314 0.09226974 0.028760975 0.00045360267 1.5633352e-05 0.007995922 0.4576737 0.07790268 0.037829 0.07617952 0.4058755 1.8030176e-05 0.7214492 0.38630214 5.3108275e-20 5.010532e-05 0.6785553 0.023408877 0.16250026 0.2731066 0.0053247693 0.0036362698 0.14641885 0.044879876 0.03825471 0.0044385754 0.11055434 0.058866207 0.32618588 0.00934045 7.251305e-05 0.0022580663 0.0013034991 4.8750466e-05 0.0003540474 0.0008774766 0.0071434025 0.06987979 0.010595356 3.0047854e-06 0.00037056126 0.0050832275 0.0020015433 0.0029056522 0.022971202 0.0009876867 0.03803871 0.29188636 0.017948762 0.0002343875 2.0079376e-06 2.1728422e-06 0.0011195084 0.16196807 0.01853205 0.00095658517 0.0009773195 0.017837828 9.702324e-06 0.00017396551 7.0775454e-06 1.1472442e-07 0.00012029389 0.2747061 5.2348176e-05 5.418612e-07 0.14284779 4.1339155e-07 0.101029314 7.7376274e-07 0.15907669 0.0012968399 7.7858385e-05 0.008975588 5.543638e-06 0.00017426857 1.444704e-06 0.000106312174 0.00015232452 1.5454903e-05 0.0002150393 2.916086e-05 3.7163127e-07 0.029351695 0.03579548 0.04897819 0.025384963
0.0128289005 0.004773493 0.0026730685 0.007358623 4.302788e-05 0.0037510118 0.083105266 0.0005345651 2.1147953e-05 0.052224062 6.8496825e-05 0.00071694807 0.0005477787 0.16197371 0.08015613 0.00016245506 0.007695975 0.5681259 0.0018357809 0.03846818 0.0001953941 0.0015927666 0.003909069 0.0017980029 0.000287371 0.08920549 8.310246e-05 5.7395104e-05 5.010532e-05 3.042685e-21 3.3045188e-05 0.009507313 0.00021234762 0.00010251963 3.5490145e-06 0.062402844 0.0001345991 4.0001767e-05 0.004771672 8.279493e-06 0.00032397493 0.0022939637 1.5298741e-05 0.0070661916 0.19346565 1.4728414e-06 0.016394196 0.53707534 0.19701405 0.0063309195 0.004278276 2.7266985e-06 6.1110663e-06 0.22373539 0.010153559 0.0043731946 3.2422222e-06 0.005569515 0.00030819676 3.981064e-07 0.000116743584 3.555087e-05 9.5545496e-05 0.009107452 0.043062553 0.04682515 0.0055073793 5.8507365e-05 6.9928916e-05 3.640049e-07 3.1688063e-07 5.2214895e-05 0.03194595 0.009925789 0.08074454 0.0043193796 0.017479187 0.00012662986 0.010793379 1.6289339e-09 0.0001077258 0.006021438 0.00041386238 1.7410269e-09 0.00011133305 3.5804985e-06 0.0051591177 0.00074253074 0.014766636 0.0017326277 0.00135429 0.0006457076 0.00055169547 0.00046922293 0.0005924148 0.00053504953 0.0066975127 0.0007082015 0.0005914639 1.4574998e-07 1.8717863e-07
0.8229452 0.002147903 0.007110029 0.0075941193 0.00075684447 0.046334095 0.0008829931 0.06869025 0.029327309 0.00085008465 0.010194106 0.20738189 0.20963956 1.755199e-05 0.0017672911 0.12564759 0.018407295 0.00020257561 2.0318439e-05 0.0036779277 0.33293518 0.0467799 0.023678036 0.051436648 0.25344113 2.4716233e-05 0.5871658 0.63299394 0.6785553 3.3045188e-05 1.2528247e-19 0.0150835505 0.11456255 0.207349 0.013784577 0.0015766572 0.0963806 0.08708861 0.024955854 0.0069754478 0.06634681 0.03662583 0.7184257 0.005880774 0.0001195448 0.0074835494 0.0004970575 4.1318188e-05 0.000121535675 0.00031153514 0.0058517414 0.14420538 0.02690585 5.440761e-06 0.00013201358 0.004008615 0.005948327 0.0015189542 0.0158171 0.0018868855 0.025057387 0.30058464 0.013792078 9.6547e-05 3.605048e-06 4.076839e-06 0.00050086144 0.11451142 0.01631487 0.0019442223 0.0020876771 0.015634427 6.0297643e-06 8.3355415e-05 3.333191e-05 1.52434e-07 6.670704e-05 0.29054675 3.2665714e-05 1.3106034e-06 0.11599149 1.2937134e-06 0.08204086 6.0794328e-06 0.20447516 0.0027798868 6.7413726e-05 0.0034532368 2.193892e-05 8.538415e-05 3.9318156e-06 4.4774522e-05 6.63825e-05 6.192024e-06 6.7648216e-05 1.1295225e-05 1.7976752e-06 0.022013646 0.033062715 0.06138196 0.041521255
0.5323094 0.04637474 0.05098263 0.072334066 0.0027470943 0.1418421 0.056683496 0.052511632 0.010871649 0.09575326 0.0077231904 0.044356406 0.035965417 0.0021784506 0.14574392 0.009506891 0.5079253 0.045207478 0.00010040411 0.36246908 0.101231396 0.30446425 0.5013763 0.23746155 0.0809498 0.00022887104 0.029640296 0.010442726 0.023408877 0.009507313 0.0150835505 7.1231237e-19 0.08184368 0.05271938 0.00014647144 0.4012157 0.08829635 0.0011176389 0.42262205 0.00087144173 0.22425881 0.36424497 0.0052342312 0.47003725 0.00044069832 5.5574146e-05 0.25437194 0.013531625 0.050301693 0.20231618 0.33804086 0.0012683932 0.0004031316 0.00023835959 0.11632712 0.2533929 0.00020416637 0.1950515 0.18080483 3.1200598e-05 0.06886919 0.026678849 0.09060116 0.06030155 0.00033442673 0.00047809436 0.12077966 0.06513294 0.054023392 3.2179556e-05 4.1304713e-05 0.0636297 0.0017899942 0.024705105 2.0215708e-05 1.3651551e-07 0.011348099 0.013677683 0.0025028838 5.173667e-07 0.05503336 8.447128e-05 0.048162997 3.167658e-07 0.002692426 0.0001507135 0.0032837428 0.17810953 6.88293e-08 0.036675837 2.7710315e-05 0.020891817 0.017430317 0.008007564 0.019441936 0.010570916 8.54491e-08 0.035667676 0.019560698 0.00013838719 0.00016608615
