0.0 0.2875104 0.48086765 0.2681543 0.37126046 0.2125876 0.42623934 0.23299347 0.088819645 0.07807853 0.28788525 0.68465513 0.07708196 0.06383896 0.67660564 0.39878818 0.7865735 0.0679147 0.040727008 0.24496701 0.71005964 0.19524956 0.057835087 0.71725315 0.32781288 0.10266053 0.01193799 0.6816191 0.57663774 0.80288666 0.7931812 0.019170724 0.18099734 0.0086553255 0.86885774 0.71948063 0.68224657 0.01580717 0.17370677 0.6516311 0.12893705 0.72439796 0.014281153 0.0116794985 0.90617305 0.0061634593 0.0062429677 0.6204069 0.0030452486 0.003540474 0.6907131 0.4792763 0.37273556 0.0014853639 0.017465616 0.50237477 0.0025455568 0.41462982 0.04261649 0.5502968 0.04885467 0.0015207856 0.0034733017 0.5536782 0.6978161 0.0005084757 0.43059063 0.0010043773 0.28498587 0.4020192 0.0024100873 0.0019126431 0.00031510374 0.03912417 0.00039455583 0.00028436695 0.0021097462 0.04923437 0.7657156 0.81648636 0.37679768 5.950358e-05 0.95416427 0.37284338 0.15257965 0.831684 0.9454024 0.00017895589 8.60462e-05 0.31216064 3.351817e-05 0.49568993 8.881671e-05 0.00029958153 0.00013864426 0.00027852395 0.0059890803 0.0003131251 1.7009508e-05 1.9738698e-05 0.9136437
0.2875104 1.5383845e-22 0.607199 0.3410296 0.23486559 0.16567297 0.16500545 0.11402845 0.19169576 0.21107839 0.06901562 0.19815879 0.08719654 0.12714784 0.099305235 0.0833899 0.0819262 0.112543516 0.054873474 0.04587937 0.1037882 0.021406107 0.06444348 0.04361618 0.042928122 0.037579592 0.04066341 0.025666345 0.009857817 0.118058145 0.12460313 0.037126366 0.007577075 0.047899887 0.0978225 0.022477603 0.021071056 0.023455763 0.0022509324 0.03675828 0.014862595 0.12372156 0.018586902 0.019022353 0.08887216 0.0185607 0.023589894 0.012362985 0.008419973 0.009158038 0.0064854305 0.004286371 0.0039349217 0.00054488255 0.0013961502 0.0035607503 0.0031986814 0.0008295898 0.0044494756 0.0037163065 0.0050615463 0.00079450617 0.0010076908 0.024361605 0.0035308376 2.2109745e-05 0.0019183771 9.393055e-05 0.00023822756 0.0006269464 0.0012743816 0.0003761766 1.8381703e-05 0.0038666641 3.3793687e-05 3.655544e-05 0.0018860787 0.00295167 0.0023936955 0.0026829957 0.00038117828 3.1463376e-06 0.0015440076 0.00035814632 0.0006441899 0.0016533171 0.0040362747 8.812096e-06 2.2232628e-06 7.562842e-05 3.00041e-06 0.00029531412 4.4580343e-06 4.0973624e-05 3.9988167e-06 5.5378314e-06 0.0013413329 6.8964495e-05 2.590281e-05 1.9207496e-06 0.002103829
0.48086765 0.607199 3.1458243e-23 0.23561198 0.43642303 0.24872068 0.12477078 0.16499089 0.11434648 0.1406406 0.049557544 0.5328664 0.0522238 0.0746004 0.1765482 0.12323428 0.16217114 0.08943789 0.032309946 0.07568361 0.11570987 0.014329262 0.033488814 0.043935217 0.05581334 0.04922713 0.021670485 0.028672652 0.008974677 0.13738135 0.13222462 0.019338137 0.005819657 0.027422644 0.119054735 0.021743437 0.035238534 0.012745792 0.002448015 0.059993703 0.018008513 0.14050421 0.0105171595 0.007450109 0.10443055 0.007304795 0.011832154 0.024623137 0.0035522082 0.0042092693 0.013576122 0.006620059 0.0054597594 0.0002189717 0.00046871827 0.004697663 0.0012316431 0.001848368 0.0046079685 0.004613927 0.0047830692 0.00022435632 0.0007095918 0.02398977 0.0055995523 3.0108524e-06 0.0028305026 3.6693404e-05 8.700628e-05 0.0010026742 0.0006528329 0.000113134396 2.9828523e-06 0.002900764 5.9214954e-06 1.2652453e-05 0.0010037486 0.002310636 0.0033850523 0.0038085561 0.0008578368 6.106711e-07 0.001846075 0.0006101575 0.00029535554 0.0029191885 0.002481909 4.8242023e-06 3.9482262e-07 0.00019840487 8.1246003e-07 0.00039618052 1.5823148e-06 2.1349031e-05 2.4611834e-06 3.5514086e-06 0.0014966405 5.7018664e-05 1.8738083e-05 6.679126e-07 0.002889995
0.2681543 0.3410296 0.23561198 1.4114635e-23 0.17029835 0.10721409 0.45681396 0.13242058 0.46600875 0.37041923 0.3022175 0.17294373 0.36535653 0.42934707 0.10056708 0.09542289 0.09451369 0.17290209 0.17873673 0.05610845 0.15458177 0.10746018 0.18364596 0.113018155 0.0515469 0.04474132 0.05898785 0.07429216 0.042824876 0.13424903 0.15029725 0.047668807 0.036354326 0.07469958 0.1190267 0.059116315 0.022314813 0.051775914 0.007494923 0.026467053 0.018342977 0.06419449 0.036000427 0.020122418 0.060711905 0.028317118 0.046633042 0.0043753576 0.018721648 0.019425405 0.003494764 0.002921422 0.0026988657 0.0009809196 0.0049515152 0.0018746539 0.0018214679 0.00020903675 0.005586751 0.0019945009 0.005184222 0.0005915189 0.002051631 0.025246875 0.0012065079 4.130223e-05 0.0009279582 0.00011799272 0.00078962994 0.000460912 0.0005930782 0.0006621312 2.0381103e-05 0.0031865104 3.5781177e-05 3.7800313e-05 0.00093784026 0.0032398934 0.00077819487 0.0007661871 8.836404e-05 2.020142e-06 0.0005048607 3.1527037e-05 0.0008103403 0.0006113576 0.0043489267 1.3577468e-05 7.125123e-07 1.124055e-05 2.0869093e-06 6.996033e-05 3.437724e-06 4.0050934e-05 4.7489207e-06 1.1239777e-05 0.00084727333 5.6891884e-05 2.5384525e-06 3.0842727e-06 0.0015065933
0.37126046 0.23486559 0.43642303 0.17029835 7.2343436e-23 0.6295637 0.058158524 0.49207148 0.11148114 0.21797018 0.022062853 0.29254657 0.029789703 0.052625492 0.39853814 0.35825822 0.20612687 0.20439215 0.018105198 0.20844994 0.06514758 0.007051365 0.026481263 0.020350166 0.15429623 0.10696177 0.032578222 0.009953231 0.004600199 0.095071934 0.0769249 0.046731956 0.0039052516 0.025326831 0.08133895 0.00787937 0.09686609 0.00748357 0.0008704492 0.1470013 0.038928464 0.17917728 0.007177352 0.028970577 0.06504633 0.016576953 0.010711217 0.0507452 0.0026033085 0.003102515 0.032990664 0.016518947 0.018578598 0.00030230114 0.00017553558 0.012120176 0.0044925944 0.008040185 0.014848067 0.013066198 0.013488681 0.00043494577 3.9303784e-05 0.012667142 0.020218646 2.7932963e-06 0.012139507 5.1783114e-05 2.231001e-05 0.005937907 0.0011059646 1.9227407e-05 2.4074761e-06 0.007797617 1.9460947e-06 8.753724e-06 0.0017252368 0.0068331235 0.015067557 0.017256424 0.003157979 2.9160913e-07 0.0005508774 0.003657169 7.450194e-05 0.0051169214 0.0005882639 3.4162696e-07 3.4422135e-07 0.0023874294 3.7929766e-07 0.004740801 9.1111565e-07 2.7323629e-06 3.0723172e-07 2.0285927e-07 0.0011879507 6.6258503e-06 2.1986036e-06 1.6354655e-07 0.0073054503
0.2125876 0.16567297 0.24872068 0.10721409 0.6295637 4.431737e-24 0.038136426 0.4883228 0.12224726 0.24041596 0.018679019 0.1308593 0.034888852 0.057819095 0.1802264 0.23591793 0.09689901 0.22079325 0.024803117 0.15585157 0.03895395 0.007947242 0.03546464 0.014715731 0.10658404 0.0880364 0.045445535 0.0069210064 0.002849979 0.052802704 0.044950522 0.058113065 0.0027631877 0.036469117 0.0475388 0.004560038 0.060297407 0.010170465 0.0006046343 0.08197291 0.028511096 0.09584107 0.010070139 0.039423283 0.04112616 0.029828878 0.017527312 0.023782164 0.007292291 0.0074595613 0.019430103 0.009900198 0.013251107 0.0019107286 0.00028834195 0.0082062725 0.010617894 0.0037828733 0.016032197 0.008118905 0.018035628 0.002764284 8.283146e-05 0.008293367 0.011718951 1.5800115e-05 0.0053984807 0.0003030947 2.2944852e-05 0.004512779 0.0034695242 7.3228424e-05 2.6972548e-05 0.009978993 2.5320971e-05 4.0321698e-05 0.004771304 0.008899206 0.008173157 0.009067292 0.0009814468 3.2991452e-06 0.00025048506 0.0011977413 9.197384e-05 0.002617209 0.00044586507 1.6657599e-06 3.6961503e-06 0.0005556893 5.000104e-06 0.002104995 5.7686407e-06 2.0651718e-05 1.6903111e-06 8.1772174e-07 0.001497218 2.8810187e-05 1.7550601e-05 5.1244047e-07 0.004913908
0.42623934 0.16500545 0.12477078 0.45681396 0.058158524 0.038136426 3.5972125e-22 0.032207746 0.21752171 0.14220572 0.61018133 0.084677614 0.44954574 0.3344244 0.02804335 0.026109809 0.03200523 0.061518084 0.2480462 0.02035715 0.1896509 0.3255891 0.19860323 0.1897007 0.017512232 0.01941129 0.026043195 0.1211658 0.11141915 0.1195078 0.16561025 0.014217149 0.084043406 0.036124073 0.13202955 0.08181217 0.0037140972 0.07605702 0.013994563 0.007606978 0.0051739113 0.048462503 0.03656578 0.0031618741 0.051807698 0.005854482 0.032222237 0.0011778829 0.0059472355 0.008321952 0.0005376011 0.00050193514 0.0004983136 3.6731883e-05 0.004586945 0.00034461886 0.000587442 3.2000466e-05 0.0051181028 0.00013220811 0.005089264 0.00018268972 0.003283885 0.03287764 0.00028212118 6.337171e-06 4.49821e-05 4.9666443e-05 0.0011299454 0.00012324678 0.0005231172 0.0012036819 1.5569152e-05 0.0026989223 3.511187e-05 3.1222145e-05 0.0006206234 0.002991189 6.0922044e-05 8.515548e-05 1.48402005e-05 3.5216212e-06 0.00083944434 5.704627e-06 0.0012980006 9.4053255e-05 0.0052157044 1.8127139e-05 9.298366e-07 3.403894e-06 1.3501393e-06 4.235532e-06 3.1894242e-06 4.7252823e-05 1.1867701e-05 4.826059e-05 0.00072704203 7.179815e-05 7.874051e-06 1.0772914e-05 0.00024476516
0.23299347 0.11402845 0.16499089 0.13242058 0.49207148 0.4883228 0.032207746 5.556036e-24 0.10857219 0.25855833 0.017143456 0.1760704 0.019682765 0.037738312 0.32401243 0.44157428 0.17255682 0.30892023 0.012912095 0.32387766 0.04898903 0.006303409 0.021426605 0.016342612 0.24571456 0.17704958 0.04057849 0.008221172 0.002161571 0.062017184 0.048143066 0.06212372 0.0014380579 0.026453074 0.0516885 0.004523471 0.15726562 0.003519342 0.00069039053 0.17147465 0.061355613 0.12434634 0.0040531624 0.053849354 0.040090986 0.02350547 0.007719836 0.04420559 0.0028329086 0.0027261346 0.040721454 0.023317695 0.028788486 0.0014941896 4.0829887e-05 0.015312157 0.009638583 0.013984144 0.024708616 0.019282615 0.025749523 0.0023879348 8.212963e-06 0.0064264727 0.022422532 1.7814851e-05 0.02103928 0.00020728305 8.824931e-06 0.017461944 0.003837364 1.2891385e-05 1.204966e-05 0.014105723 6.162933e-06 4.1159383e-05 0.0050941515 0.0136786215 0.020250913 0.022468537 0.0041302806 8.1666974e-07 0.00034138063 0.006308502 4.0412127e-05 0.008107222 0.00016739022 1.6531192e-07 1.6180194e-06 0.0042209094 1.522195e-06 0.011160615 4.083033e-06 2.90678e-06 2.4065912e-07 1.109804e-07 0.0024144924 3.4276775e-06 2.0765026e-06 7.022701e-08 0.0121600265
0.088819645 0.19169576 0.11434648 0.46600875 0.11148114 0.12224726 0.21752171 0.10857219 2.5919088e-26 0.6152112 0.14234458 0.10636123 0.46171576 0.59095776 0.05842736 0.055368196 0.06696412 0.42076218 0.33126262 0.049063817 0.11486156 0.07304952 0.42370495 0.07876131 0.035474375 0.09988485 0.25219464 0.04009231 0.029541979 0.09814965 0.10258034 0.1901006 0.02469158 0.2555848 0.07778391 0.025915598 0.021544566 0.07504137 0.010850778 0.021642558 0.018427854 0.055998277 0.074680254 0.075111784 0.03333427 0.09360875 0.15358368 0.007104945 0.07792088 0.08169777 0.009732331 0.007521154 0.004831431 0.018516764 0.008714231 0.0068302765 0.0067115016 0.0018235457 0.013446887 0.005810753 0.01774252 0.0036265657 0.0052910056 0.0142785935 0.0031223574 0.0045723137 0.0024457863 0.0007370384 0.0024886306 0.00089659076 0.0016218325 0.0005650307 0.0003066245 0.006784799 0.00111106 0.0002935555 0.0016613299 0.0062287925 0.0013203057 0.0013305976 0.00015789339 6.397241e-05 0.00023856474 2.8310073e-05 0.0012672422 0.0008375596 0.0024623454 2.8379085e-05 1.5232835e-05 1.0116105e-05 3.986231e-05 7.059099e-05 1.5547386e-05 0.00043076143 3.7506255e-05 4.959443e-06 0.0012382442 0.00054784864 1.4006766e-05 1.2179477e-06 0.002663991
0.07807853 0.21107839 0.1406406 0.37041923 0.21797018 0.24041596 0.14220572 0.25855833 0.6152112 1.7271576e-25 0.0849959 0.10304378 0.31320083 0.45570692 0.078814894 0.10895769 0.070266016 0.5953695 0.2128202 0.09196727 0.08694895 0.02815497 0.3167084 0.043521468 0.062285416 0.16793224 0.3119254 0.019227799 0.011956254 0.068362676 0.070713244 0.28919265 0.01133258 0.25813034 0.051678155 0.01245739 0.03119164 0.031547077 0.004141812 0.036045346 0.032673124 0.062906735 0.03676136 0.1508556 0.027273932 0.16560698 0.10402764 0.010928343 0.06584784 0.06350355 0.014430711 0.007743701 0.009403336 0.031846363 0.002701589 0.0067674443 0.012459017 0.0040530795 0.018045729 0.0053511877 0.027740482 0.0071122423 0.00067301217 0.0068442565 0.004336393 0.0072906325 0.0041363095 0.002376112 0.000605659 0.002655263 0.004668261 4.7021535e-05 0.00044268023 0.008618989 0.0010167522 0.000441681 0.0034635456 0.007903449 0.0018938795 0.0019620487 0.0004918132 0.00013118038 0.00019346256 0.00016067484 0.00027377313 0.0018618453 0.0008196422 1.5270557e-06 4.620639e-05 9.8849276e-05 8.58842e-05 0.00021214297 3.2229036e-05 9.251301e-05 3.6121407e-06 4.1067983e-07 0.0020628362 9.727037e-05 1.08942995e-05 1.069338e-07 0.0045300093
0.28788525 0.06901562 0.049557544 0.3022175 0.022062853 0.018679019 0.61018133 0.017143456 0.14234458 0.0849959 5.2975836e-24 0.026621278 0.49093246 0.2997927 0.009231542 0.012320261 0.009603189 0.034441434 0.35373938 0.012658858 0.09931391 0.6380936 0.3042723 0.19395648 0.0072334446 0.013956617 0.01668989 0.13090518 0.2040272 0.06334446 0.08451094 0.009091783 0.21575087 0.033640847 0.07369439 0.08380206 0.0012601031 0.13205163 0.026880106 0.0035868404 0.0034750476 0.025175497 0.050442938 0.0030727936 0.029890371 0.004104526 0.034879584 0.00073539885 0.0076244343 0.009807821 0.00028511343 0.00035193213 0.00023225229 0.00014771741 0.0104008885 0.00019232168 0.0004825629 7.371213e-06 0.004089561 7.586529e-05 0.0024340355 0.00013910793 0.007869859 0.03174282 9.592082e-05 2.950651e-05 2.4248027e-05 6.0267263e-05 0.0017817942 4.084161e-05 0.00025326057 0.0025780625 1.6495664e-05 0.0013128866 5.151659e-05 3.6997244e-05 0.00046541315 0.0016984537 2.3375722e-05 2.9737337e-05 4.2988195e-06 2.0652299e-06 0.0007426359 3.1054733e-06 0.0013611495 2.3252102e-05 0.005854326 4.6833215e-05 5.869223e-07 1.2046953e-06 6.1069676e-07 2.2846498e-06 2.3067598e-06 0.00013049052 3.5456505e-05 0.00017785912 0.001111458 0.0003440412 8.152212e-06 9.383555e-05 7.919255e-05
0.68465513 0.19815879 0.5328664 0.17294373 0.29254657 0.1308593 0.084677614 0.1760704 0.10636123 0.10304378 0.026621278 2.4051169e-21 0.04675546 0.087044515 0.32802266 0.13426776 0.785557 0.0818768 0.031364024 0.08001602 0.13473919 0.009715857 0.03759908 0.032281533 0.06798526 0.048085842 0.016289761 0.016480107 0.0077836975 0.16682886 0.137326 0.018349819 0.0048174835 0.018158128 0.13214616 0.011045249 0.041736774 0.010988252 0.002011113 0.05187745 0.016789865 0.2996721 0.011401335 0.009233541 0.24232186 0.0058037834 0.011373795 0.026267607 0.0028718456 0.00360133 0.013139437 0.007386251 0.0054415762 0.00043323208 0.0010441103 0.0063525042 0.0016696485 0.0020941996 0.009392916 0.005748788 0.014180236 0.000625647 0.00076123554 0.049719784 0.009866897 4.359181e-06 0.0029738133 5.5529537e-05 0.00062736415 0.0009363611 0.0022069828 0.00014668518 1.0501934e-05 0.008439206 1.0001843e-05 0.00010529377 0.0032337687 0.006081886 0.011688652 0.014445044 0.0012080761 3.260703e-06 0.037012074 0.0010015384 0.00072009634 0.024397211 0.012733091 5.567507e-06 2.7368658e-05 0.0004052175 4.5103017e-05 0.0012750849 5.2998483e-05 9.257169e-05 5.8085475e-06 1.2748892e-05 0.0031115 0.0001713194 0.00017747587 9.5697005e-06 0.011111947
0.07708196 0.08719654 0.0522238 0.36535653 0.029789703 0.034888852 0.44954574 0.019682765 0.46171576 0.31320083 0.49093246 0.04675546 4.1660555e-26 0.648427 0.017659653 0.016798345 0.019353691 0.1485624 0.5703579 0.010073347 0.08146254 0.42977637 0.5777917 0.09945934 0.0087666195 0.021541148 0.052338567 0.06217478 0.07362765 0.050787736 0.07399937 0.032086294 0.15892269 0.08226913 0.05570559 0.04390486 0.0041956473 0.17644148 0.013627684 0.006162334 0.006621959 0.01413992 0.09376013 0.009058856 0.013268615 0.008663135 0.07591823 0.0019379043 0.012634296 0.017252056 0.0018140525 0.0023281726 0.00092561153 0.0004883062 0.019075993 0.0015129673 0.00064559025 8.212348e-05 0.0077326535 0.001739059 0.007048413 0.00019914568 0.0075425995 0.008693052 0.00070507557 2.350401e-05 0.00031200968 2.5349846e-05 0.00188257 0.00018513748 0.00030597398 0.0008214048 4.5301904e-06 0.002800572 1.0483262e-05 1.5253173e-05 0.0005623302 0.002397704 9.62095e-05 8.184412e-05 2.5214367e-05 9.173417e-07 0.00013234347 5.906099e-06 0.0019039259 2.5578605e-05 0.0023313086 3.636746e-05 2.5630052e-07 2.2970764e-06 2.465046e-07 2.471002e-06 9.759874e-07 3.4742374e-05 2.406495e-05 4.2900367e-05 0.00026609199 0.00022067271 3.476965e-07 8.043984e-06 0.00018739059
0.06383896 0.12714784 0.0746004 0.42934707 0.052625492 0.057819095 0.3344244 0.037738312 0.59095776 0.45570692 0.2997927 0.087044515 0.648427 3.7622367e-27 0.030265776 0.026799746 0.03904375 0.2944201 0.5327113 0.021478804 0.11236422 0.21137215 0.5656597 0.11138672 0.015819794 0.03584963 0.13924584 0.06660479 0.06712307 0.082640894 0.08994727 0.077845916 0.08211382 0.19299622 0.074176356 0.04562504 0.009411342 0.18435992 0.015631996 0.010827503 0.010444559 0.029553303 0.13936196 0.026503112 0.024887308 0.035946917 0.15269525 0.0037228472 0.040929038 0.04727981 0.004334342 0.005318603 0.0013700855 0.002418709 0.017612098 0.003954126 0.0018017078 0.00045670234 0.010703794 0.0048066736 0.009477733 0.0010309909 0.014070951 0.016491717 0.0020287393 0.00029656015 0.0010544617 8.68829e-05 0.0027682781 0.00024760433 0.0009002278 0.0009540045 4.9381273e-05 0.0024242895 0.00013526178 5.6997407e-05 0.0012572964 0.0023279737 0.0006647518 0.0005566225 4.5505043e-05 4.2192282e-06 0.0001540842 1.0235877e-05 0.0016020711 0.00013710154 0.003335101 8.938843e-05 1.3742671e-06 3.6389683e-06 1.6334461e-06 9.563269e-06 4.1182643e-06 0.00022127393 0.0001092456 4.6222965e-05 0.00033531134 0.0007403692 1.2067708e-06 7.2092944e-06 0.00074762903
0.67660564 0.099305235 0.1765482 0.10056708 0.39853814 0.1802264 0.02804335 0.32401243 0.05842736 0.078814894 0.009231542 0.32802266 0.017659653 0.030265776 8.018827e-20 0.4507498 0.5807428 0.09269072 0.010618815 0.24142672 0.037556797 0.00461418 0.01449862 0.01171614 0.27891997 0.118173175 0.009612683 0.0058517135 0.0020447522 0.072975196 0.053167835 0.016447606 0.0027127215 0.008005895 0.06386956 0.0040904037 0.19948676 0.0027226987 0.00031874387 0.27392963 0.059729796 0.35063583 0.004824764 0.009114952 0.18813689 0.0034432502 0.0049579563 0.121925674 0.0015937225 0.0018965355 0.07114392 0.05278209 0.027535789 0.0005274798 0.00029236558 0.036999207 0.0014146304 0.016307926 0.02397621 0.041495483 0.030429631 0.0006108087 0.00044860414 0.0072789886 0.064420454 1.793479e-05 0.023346445 8.462118e-05 0.00019065003 0.011864472 0.0021770925 7.027141e-05 1.0418548e-05 0.012839286 1.0297591e-05 6.428131e-05 0.0031525267 0.0102657005 0.09363161 0.10450976 0.011186611 2.3102846e-06 0.008012964 0.016235208 0.0001293822 0.050595447 0.0005763986 3.1653706e-06 2.7324907e-06 0.009877512 4.0840105e-06 0.019865694 2.0177535e-05 1.3908465e-05 3.2970033e-06 5.942727e-06 0.0039972425 3.4740588e-05 1.0161889e-05 3.5996027e-06 0.036041588
0.39878818 0.0833899 0.12323428 0.09542289 0.35825822 0.23591793 0.026109809 0.44157428 0.055368196 0.10895769 0.012320261 0.13426776 0.016798345 0.026799746 0.4507498 2.2048641e-20 0.15462188 0.14221287 0.010152398 0.46030658 0.030652191 0.0058829417 0.012315221 0.009887658 0.54869914 0.20464799 0.021398902 0.0059108916 0.0019653908 0.048616245 0.033718597 0.041702457 0.0027354034 0.013813672 0.038924713 0.004541732 0.23806368 0.0029676287 0.0005296152 0.26689664 0.12405651 0.2029508 0.004191544 0.032966256 0.06167187 0.011276311 0.0050891037 0.08682874 0.0012754346 0.0015880406 0.09627578 0.048850667 0.05598932 0.00029178456 5.3500466e-05 0.02815987 0.0062072165 0.037343018 0.047467444 0.03628825 0.056569144 0.0006606964 5.3644082e-05 0.0034572242 0.04280299 1.1152692e-05 0.035100486 6.743578e-05 2.392335e-05 0.034669165 0.0037192544 2.5440933e-05 3.8584158e-06 0.030563949 3.594142e-06 1.8541003e-05 0.006211086 0.028527828 0.05497708 0.059232164 0.017816246 9.3017275e-07 0.00074380083 0.02625674 6.74554e-05 0.018227024 0.00015970736 1.428457e-06 5.354298e-07 0.02124481 3.2566766e-07 0.032798555 2.7143021e-06 6.4501482e-06 2.4318765e-06 1.1609021e-06 0.0030264354 1.029816e-05 2.192053e-06 7.2551916e-07 0.024558652
0.7865735 0.0819262 0.16217114 0.09451369 0.20612687 0.09689901 0.03200523 0.17255682 0.06696412 0.070266016 0.009603189 0.785557 0.019353691 0.03904375 0.5807428 0.15462188 2.4589065e-20 0.060488496 0.012407178 0.105782054 0.04200647 0.0028090028 0.017503893 0.010234707 0.1082205 0.055213355 0.007475303 0.004877386 0.0023175792 0.07245166 0.051460065 0.00984074 0.0018712396 0.00839655 0.0555659 0.002817223 0.07480472 0.0027648285 0.0006035771 0.1108486 0.017727857 0.26364806 0.004289941 0.0042004697 0.15826747 0.002613885 0.005815795 0.039068714 0.0016661842 0.0021966193 0.024458768 0.011555743 0.00947486 0.00036806223 0.00035751006 0.0071170125 0.0010752012 0.004516697 0.007171034 0.0069037937 0.012870358 0.0005806773 0.00049193087 0.018904395 0.015667966 4.3271634e-06 0.004430147 5.988775e-05 0.00018059352 0.0020912148 0.0019402335 9.645286e-05 9.153941e-06 0.006312384 1.3015127e-05 9.328279e-05 0.0025094901 0.0036785768 0.022689104 0.02780574 0.0023283947 3.9637494e-06 0.013541035 0.002234029 0.00016182387 0.026639504 0.0023578987 4.4202375e-06 1.0190829e-05 0.0013579554 1.0222075e-05 0.003234452 2.7309472e-05 1.8672152e-05 6.1393976e-06 1.6586715e-05 0.0044677793 7.251512e-05 2.2283475e-05 1.4970023e-05 0.011803516
0.0679147 0.112543516 0.08943789 0.17290209 0.20439215 0.22079325 0.061518084 0.30892023 0.42076218 0.5953695 0.034441434 0.0818768 0.1485624 0.2944201 0.09269072 0.14221287 0.060488496 1.0464403e-24 0.11235175 0.19940351 0.04535685 0.015983535 0.21379912 0.017479138 0.11396058 0.33301067 0.31651735 0.008271081 0.0041075954 0.037368625 0.032673728 0.4564959 0.005199827 0.21441525 0.023572879 0.0040571014 0.048799753 0.012540632 0.00092020165 0.051538266 0.07487219 0.073277354 0.017711144 0.2998899 0.022036789 0.26944396 0.075795494 0.017371884 0.049355406 0.045045733 0.023918359 0.012178642 0.021889457 0.06269132 0.00055788603 0.009789659 0.040958744 0.007331347 0.062678635 0.00773501 0.0979794 0.019420937 0.00027641945 0.003311859 0.008702339 0.010154363 0.008383427 0.007840262 8.664757e-05 0.010971325 0.016288813 1.5284175e-05 0.00044902295 0.031243442 0.00057370367 0.0017051745 0.014034699 0.028921453 0.0046361815 0.0047325934 0.001723316 7.241817e-05 0.00019758387 0.0011230314 0.00011118906 0.0028903729 0.00042977926 6.9833743e-07 6.002463e-05 0.00087904325 5.4050743e-05 0.0011811838 0.0001262404 3.4790846e-05 1.8305597e-06 2.8390886e-07 0.00707028 5.0109335e-05 2.8926381e-06 1.092398e-07 0.0060476605
0.040727008 0.054873474 0.032309946 0.17873673 0.018105198 0.024803117 0.2480462 0.012912095 0.33126262 0.2128202 0.35373938 0.031364024 0.5703579 0.5327113 0.010618815 0.010152398 0.012407178 0.11235175 1.293472e-26 0.005866078 0.063209325 0.4111678 0.6631928 0.074007064 0.003984827 0.015982682 0.05375964 0.04993859 0.06856472 0.034633856 0.04531431 0.027931215 0.21475317 0.098515056 0.032218684 0.0340161 0.0040501426 0.27633196 0.023435483 0.0046112263 0.004127357 0.0118021555 0.155652 0.008226622 0.013022938 0.0105060525 0.110455535 0.0017104312 0.01874587 0.027536193 0.001876702 0.002466349 0.0007098659 0.0002847656 0.026230069 0.0017083876 0.00036636146 0.00011894367 0.00551656 0.0014811463 0.0045729964 0.00012540094 0.017791718 0.0083122635 0.0011623773 2.1012092e-05 0.00023064432 3.2785465e-05 0.0045671826 0.00016377529 0.00019838159 0.0013920115 6.1859796e-06 0.0018172056 1.07395235e-05 1.3229431e-05 0.0003503051 0.0017065866 0.00024654964 0.00019925911 2.0553809e-05 1.0024404e-06 0.00013726337 4.610021e-06 0.0025330852 1.6106276e-05 0.0023011307 0.00018536078 2.7302858e-07 3.3823687e-06 2.0556945e-07 1.2240224e-06 9.720072e-07 4.10441e-05 9.671777e-05 0.00010270037 0.00024481324 0.00047707665 1.6922425e-07 1.631957e-05 0.00011898021
0.24496701 0.04587937 0.07568361 0.05610845 0.20844994 0.15585157 0.02035715 0.32387766 0.049063817 0.09196727 0.012658858 0.08001602 0.010073347 0.021478804 0.24142672 0.46030658 0.105782054 0.19940351 0.005866078 4.5150167e-21 0.027891235 0.004286575 0.009789851 0.009939534 0.4443662 0.29878938 0.026392933 0.0058083874 0.0017174177 0.03404983 0.024086615 0.0698503 0.0013275114 0.013272829 0.022900205 0.0027530568 0.19476777 0.0012185251 0.0004090591 0.19659749 0.13905756 0.112224415 0.002572534 0.07080621 0.03549391 0.020967187 0.0041411663 0.06790942 0.0011095185 0.0013271177 0.090391636 0.04914123 0.07944224 0.0015865987 9.135632e-05 0.02881064 0.012262074 0.043074556 0.06042961 0.04414921 0.06780965 0.0039127595 1.4204076e-05 0.0035267386 0.03959036 7.598599e-05 0.050770238 0.00048900634 1.799503e-05 0.06546345 0.009534103 1.8563278e-05 1.4991853e-05 0.046429213 8.272697e-06 0.00013040206 0.012422787 0.04384025 0.054687943 0.057319324 0.035155404 2.030322e-06 0.0007571426 0.04620399 0.00012260576 0.022130998 0.0002572562 5.113162e-07 3.2197224e-06 0.04106083 2.124096e-06 0.053388655 1.6886203e-05 4.5879683e-06 7.4082357e-07 4.872713e-07 0.005549677 5.485542e-06 2.3969676e-06 3.3849355e-07 0.032114606
0.71005964 0.1037882 0.11570987 0.15458177 0.06514758 0.03895395 0.1896509 0.04898903 0.11486156 0.08694895 0.09931391 0.13473919 0.08146254 0.11236422 0.037556797 0.030652191 0.04200647 0.04535685 0.063209325 0.027891235 2.4632425e-21 0.056927294 0.06963892 0.74362046 0.020126486 0.019568017 0.00839926 0.32316193 0.08721433 0.3565447 0.4875333 0.005971301 0.022032345 0.011889668 0.3852204 0.1365896 0.008755381 0.026827998 0.021581683 0.011030675 0.005119194 0.09665628 0.016506286 0.0018587424 0.1817045 0.00073511706 0.0077273855 0.0018064547 0.0012103387 0.0017221463 0.0010711678 0.0005099029 0.00079228735 5.191346e-05 0.004283827 0.0006354662 0.0007007629 0.00014716397 0.0059069386 0.00054039794 0.008888829 0.0002672792 0.0038781397 0.10401603 0.0018132093 1.5477846e-06 0.00019807855 3.303479e-05 0.0019214074 0.00023654843 0.000699929 0.0016653414 2.9301413e-05 0.0055745146 3.9510105e-05 0.00010700424 0.0013279412 0.004320474 0.0020656781 0.0024153057 6.911824e-05 1.18898815e-05 0.03836977 1.6772075e-05 0.0019198421 0.0065141055 0.03305187 4.6877813e-05 4.282748e-05 9.924738e-06 6.4150314e-05 9.493911e-05 8.384471e-05 0.0001230313 1.9538076e-05 9.125617e-05 0.004108685 0.00025249776 0.00027654073 5.453549e-05 0.0029358852
0.19524956 0.021406107 0.014329262 0.10746018 0.007051365 0.007947242 0.3255891 0.006303409 0.07304952 0.02815497 0.6380936 0.009715857 0.42977637 0.21137215 0.00461418 0.0058829417 0.0028090028 0.015983535 0.4111678 0.004286575 0.056927294 1.780937e-25 0.3404528 0.12458786 0.004240174 0.0057413583 0.007723964 0.09499464 0.36255506 0.02515946 0.034141332 0.0042416505 0.67350286 0.023216002 0.038422458 0.0734451 0.0010175481 0.22687133 0.045633968 0.0015551308 0.0034962776 0.013025572 0.0680325 0.0026625053 0.018547375 0.002107079 0.028098112 0.00025209665 0.0033312023 0.005297408 0.00015745821 0.00017661342 0.00034233343 3.902809e-05 0.08205039 0.00012366723 0.00043479397 1.1055564e-05 0.00520217 0.00011488708 0.0029307296 0.00013579105 0.027719432 0.029368097 5.627274e-05 3.286007e-06 2.057352e-05 1.0626346e-05 0.009815185 7.426827e-05 0.0003328641 0.015442868 3.1800057e-06 0.0016398979 1.25244305e-05 1.1184466e-05 0.0007775602 0.0019657817 3.5049106e-05 3.7972804e-05 2.5075701e-06 5.716387e-07 0.00047229422 3.1516379e-06 0.006330289 1.1834597e-05 0.0058849226 0.00045046624 1.5674152e-07 1.1075704e-06 1.5486327e-07 1.5652424e-06 9.65481e-07 6.1845734e-05 0.00014483447 0.0018319124 0.0011084952 0.0002882639 1.7189285e-06 0.0007401443 1.605225e-05
0.057835087 0.06444348 0.033488814 0.18364596 0.026481263 0.03546464 0.19860323 0.021426605 0.42370495 0.3167084 0.3042723 0.03759908 0.5777917 0.5656597 0.01449862 0.012315221 0.017503893 0.21379912 0.6631928 0.009789851 0.06963892 0.3404528 5.109576e-27 0.07437055 0.0051944335 0.029930228 0.09434447 0.050095767 0.071531095 0.042246807 0.04731973 0.054020215 0.19196633 0.17737271 0.039121386 0.035710383 0.0049974467 0.38417295 0.023692062 0.0061947326 0.0067688287 0.019862415 0.23951103 0.017337237 0.018147413 0.024666801 0.18323582 0.0027309656 0.045994904 0.06366416 0.003138121 0.0042443653 0.0009072897 0.001346647 0.0346548 0.0030179475 0.0012143704 0.00028525188 0.012087838 0.003919802 0.008959685 0.00040488646 0.03208739 0.012970761 0.0020408013 0.00011253299 0.0006647294 0.00012291202 0.0075028683 0.00038871117 0.0006337431 0.002403377 4.0429743e-05 0.002612937 6.5659005e-05 4.392145e-05 0.0012337109 0.0026322303 0.0008372809 0.0007037539 3.8718685e-05 4.7216e-06 0.00016496176 8.959774e-06 0.0034142884 5.2045667e-05 0.0033841208 0.0006206713 1.2107166e-06 5.2761184e-06 1.0322934e-06 3.17378e-06 4.3712703e-06 0.00020507672 0.0005463236 0.0004302431 0.0005716265 0.0021037278 7.67663e-07 5.0885243e-05 0.00030191793
0.71725315 0.04361618 0.043935217 0.113018155 0.020350166 0.014715731 0.1897007 0.016342612 0.07876131 0.043521468 0.19395648 0.032281533 0.09945934 0.11138672 0.01171614 0.009887658 0.010234707 0.017479138 0.074007064 0.009939534 0.74362046 0.12458786 0.07437055 2.597825e-21 0.0073339907 0.008283498 0.003407758 0.7317468 0.5284423 0.18026859 0.33837107 0.002457493 0.047830485 0.007419698 0.24729791 0.52343297 0.0018418089 0.04172346 0.037865248 0.0020309624 0.003590778 0.049166445 0.016648762 0.0018404657 0.13986772 0.0006372987 0.0074389167 0.0004308331 0.0012568355 0.0018892372 0.00034627027 8.9295725e-05 0.00046777536 4.712025e-05 0.005148307 0.000114286486 0.0013669519 6.19988e-05 0.007821285 7.0968315e-05 0.009141206 0.00069327274 0.0072688297 0.12627734 0.0003186582 2.2939546e-06 4.5667766e-05 9.5854804e-05 0.0034575935 0.0001289485 0.0011415408 0.0052216444 6.601715e-05 0.0063619744 0.0001047867 0.00020208859 0.0021658072 0.005497391 0.00024640464 0.00030230777 1.5718371e-05 1.4807827e-05 0.03251376 4.708474e-06 0.0022442415 0.0011179134 0.034431975 0.00029353672 2.8981069e-05 1.0189746e-06 4.9589533e-05 7.985893e-06 9.20077e-05 0.00015509379 9.849189e-05 0.0008714227 0.0074680136 0.000614845 8.481338e-05 0.00037992053 0.0005013918
0.32781288 0.042928122 0.05581334 0.0515469 0.15429623 0.10658404 0.017512232 0.24571456 0.035474375 0.062285416 0.0072334446 0.06798526 0.0087666195 0.015819794 0.27891997 0.54869914 0.1082205 0.11396058 0.003984827 0.4443662 0.020126486 0.004240174 0.0051944335 0.0073339907 7.1322834e-20 0.20831963 0.015866298 0.0041905767 0.0008845772 0.028522471 0.01923981 0.04260998 0.0013269475 0.0062699337 0.01950518 0.0026010107 0.357455 0.0017089491 0.00020910332 0.34162238 0.17592472 0.18250224 0.0039953636 0.040243197 0.043416172 0.010389715 0.0042514186 0.12479989 0.0012131549 0.0016538408 0.18979366 0.09177149 0.11664491 0.00048854627 1.9481051e-05 0.051328856 0.007057669 0.08687277 0.074885 0.10040447 0.11304335 0.0009977741 6.197066e-05 0.00087890076 0.07332406 1.7174842e-05 0.08089164 0.0001179448 1.2947199e-05 0.085734166 0.0058356686 1.7490484e-05 5.09156e-06 0.060138807 4.5711363e-06 3.55159e-05 0.009988247 0.05589005 0.11271016 0.11209684 0.05784408 1.1192985e-06 0.0003683632 0.07705326 5.3249973e-05 0.027256941 7.81825e-05 4.792258e-07 4.760472e-07 0.068448015 3.5083582e-07 0.09611979 4.894115e-06 3.688189e-06 1.2053722e-06 8.042269e-07 0.00409999 1.03390685e-05 1.0921373e-06 8.723368e-07 0.043677893
0.10266053 0.037579592 0.04922713 0.04474132 0.10696177 0.0880364 0.01941129 0.17704958 0.09988485 0.16793224 0.013956617 0.048085842 0.021541148 0.03584963 0.118173175 0.20464799 0.055213355 0.33301067 0.015982682 0.29878938 0.019568017 0.0057413583 0.029930228 0.008283498 0.20831963 1.7814423e-22 0.076426834 0.0043025212 0.0029382494 0.023708837 0.01732346 0.22986646 0.0022095563 0.031736992 0.014318118 0.002034255 0.13715209 0.0024701366 0.0003718318 0.12147813 0.17677069 0.09524056 0.006319049 0.25273693 0.036098916 0.059991386 0.015830621 0.03826771 0.008272363 0.0077684578 0.054822434 0.026373055 0.08906196 0.013967702 0.00014763263 0.020337148 0.042873062 0.039341446 0.10290292 0.028376076 0.13418467 0.016953442 6.915859e-05 0.0055552553 0.03075628 0.0039000262 0.033642188 0.005531703 1.2796507e-05 0.10429989 0.036034476 2.0425605e-05 0.00010262439 0.08955631 7.3951e-05 0.0017900087 0.047279537 0.09552919 0.032802764 0.0348422 0.034905866 1.5444972e-05 0.0008132485 0.029415894 0.00025491073 0.015168907 0.00031299616 8.394943e-07 3.742404e-05 0.03686302 2.9106652e-05 0.04346866 0.00043605574 1.5054191e-05 2.0749349e-06 4.8991046e-07 0.025626462 1.4854163e-05 3.840274e-06 3.941447e-07 0.025491232
0.01193799 0.04066341 0.021670485 0.05898785 0.032578222 0.045445535 0.026043195 0.04057849 0.25219464 0.3119254 0.01668989 0.016289761 0.052338567 0.13924584 0.009612683 0.021398902 0.007475303 0.31651735 0.05375964 0.026392933 0.00839926 0.007723964 0.09434447 0.003407758 0.015866298 0.076426834 2.5383478e-25 0.0012096481 0.0005143657 0.005213009 0.0042920075 0.32286653 0.0024365461 0.28087464 0.0038455203 0.0005311765 0.0051759253 0.018298756 2.6929778e-05 0.0070981923 0.025209602 0.021805178 0.04563186 0.18527459 0.00976529 0.29340717 0.23002402 0.0017234302 0.18906271 0.17804997 0.002219803 0.0024885547 0.0029101018 0.14711422 0.00028046037 0.0023075202 0.029088361 0.0005021075 0.016285125 0.0021716335 0.021561528 0.015326833 0.0004681346 0.0019411236 0.0019647619 0.07158994 0.0016490906 0.022311185 2.886607e-05 0.0010281943 0.006904031 3.6917416e-05 0.003949103 0.010498782 0.0034168307 0.0018908532 0.0064793816 0.009076264 0.0019860202 0.002012396 0.00026932234 0.00077180983 5.50755e-05 4.7469173e-05 0.000101662954 0.0005438253 0.00029220057 1.5340396e-05 0.00044580747 0.000100525795 0.0005448498 0.0001052213 0.00027000127 0.0031679904 3.6444817e-05 6.0873695e-06 0.01049389 0.0031536089 0.00019344063 8.122547e-07 0.0019432527
0.6816191 0.025666345 0.028672652 0.07429216 0.009953231 0.0069210064 0.1211658 0.008221172 0.04009231 0.019227799 0.13090518 0.016480107 0.06217478 0.06660479 0.0058517135 0.0059108916 0.004877386 0.008271081 0.04993859 0.0058083874 0.32316193 0.09499464 0.050095767 0.7317468 0.0041905767 0.0043025212 0.0012096481 8.201784e-21 0.6959019 0.10103554 0.15592156 0.00088973687 0.055031836 0.002835103 0.15259305 0.772394 0.0010195569 0.027296714 0.06783416 0.001210923 0.0014747797 0.034667917 0.008124338 0.0007251087 0.11027254 0.00024161222 0.0027198375 0.00027577011 0.00040926333 0.0007155703 0.00013102024 7.807706e-05 0.00020659549 1.624183e-05 0.006547324 9.757334e-05 0.0005802065 2.171511e-05 0.00445247 4.4116146e-05 0.005321335 0.00013252925 0.004348723 0.10726456 0.00018964613 1.2017377e-07 1.652328e-05 1.647301e-05 0.0044737887 3.5036875e-05 0.00029679242 0.0036462985 9.707163e-06 0.004309595 1.0769288e-05 3.8797934e-05 0.0005954093 0.0039657387 8.986709e-05 0.00010727093 1.1404668e-05 1.223845e-06 0.03690341 4.3276873e-06 0.0015150298 0.00078676903 0.040022235 0.00022501759 5.27125e-06 1.5236997e-06 6.077196e-06 6.532289e-06 1.12075395e-05 1.8548748e-05 2.7185239e-05 0.00078414654 0.004531733 0.00010773916 1.0316847e-05 0.00038977154 0.00041129935
0.57663774 0.009857817 0.008974677 0.042824876 0.004600199 0.002849979 0.11141915 0.002161571 0.029541979 0.011956254 0.2040272 0.0077836975 0.07362765 0.06712307 0.0020447522 0.0019653908 0.0023175792 0.0041075954 0.06856472 0.0017174177 0.08721433 0.36255506 0.071531095 0.5284423 0.0008845772 0.0029382494 0.0005143657 0.6959019 3.267286e-23 0.03377618 0.051735125 0.00060003286 0.36384386 0.003903217 0.0657043 0.6708642 0.00018156871 0.060537748 0.61287695 0.00016826218 0.001275774 0.010914033 0.022127405 0.0006519997 0.08406846 0.00019722617 0.0066109514 2.4890303e-05 0.00040132605 0.00081694906 4.161454e-05 1.1858514e-05 4.4720156e-05 9.607413e-06 0.04280783 9.4269635e-06 0.0013828685 7.3449546e-06 0.008885977 1.0697582e-05 0.0076154564 0.00019610254 0.020035498 0.17757732 8.025939e-06 3.21096e-07 5.921411e-06 4.313653e-06 0.078741215 1.810568e-05 0.00055114407 0.028425654 4.289785e-06 0.004741567 4.0820405e-06 1.960527e-05 0.00078604114 0.005761013 4.3146774e-06 5.1008037e-06 2.2465733e-06 3.588434e-07 0.012364737 8.248649e-07 0.008779362 8.885938e-06 0.04580257 0.0018624758 4.023818e-07 2.9772437e-07 5.58922e-07 2.245876e-07 3.4890675e-06 2.7274282e-05 0.00013450888 0.007091511 0.0022408422 0.00016349985 1.4288494e-06 0.0024268907 4.793069e-06
0.80288666 0.118058145 0.13738135 0.13424903 0.095071934 0.052802704 0.1195078 0.062017184 0.09814965 0.068362676 0.06334446 0.16682886 0.050787736 0.082640894 0.072975196 0.048616245 0.07245166 0.037368625 0.034633856 0.03404983 0.3565447 0.02515946 0.042246807 0.18026859 0.028522471 0.023708837 0.005213009 0.10103554 0.03377618 3.587444e-21 0.71996796 0.005898534 0.011739556 0.005066045 0.57188916 0.06797351 0.028352711 0.0109921815 0.010748952 0.037313025 0.0038394486 0.17213942 0.0075991 0.0015822644 0.17504194 0.00036426575 0.0024468442 0.0053110933 0.00040934375 0.00049055216 0.004200155 0.0009210212 0.0024300579 4.8096794e-05 0.0031296257 0.0010326937 0.0002938782 0.0003691965 0.0032543377 0.0009916733 0.0056637973 9.959702e-05 0.0013536457 0.042536676 0.003416544 1.961579e-06 0.00047262467 1.7391749e-05 0.000615019 0.00037943572 0.00026693734 0.00034786583 2.5777032e-05 0.0039069187 3.0123561e-05 4.9020025e-05 0.00054170704 0.0032987492 0.004548611 0.0052872677 0.00020126173 1.7798106e-05 0.06514555 7.393802e-05 0.00034232918 0.026736781 0.038293447 4.753155e-05 7.4629446e-05 0.0001174386 0.00015736287 0.00060291495 0.00012327913 0.00018497933 3.7604532e-05 0.000100474805 0.0060110963 0.00031687535 0.0001833806 4.9441587e-05 0.013586212
0.7931812 0.12460313 0.13222462 0.15029725 0.0769249 0.044950522 0.16561025 0.048143066 0.10258034 0.070713244 0.08451094 0.137326 0.07399937 0.08994727 0.053167835 0.033718597 0.051460065 0.032673728 0.04531431 0.024086615 0.4875333 0.034141332 0.04731973 0.33837107 0.01923981 0.01732346 0.0042920075 0.15592156 0.051735125 0.71996796 6.897169e-21 0.00442911 0.014220945 0.004621894 0.6806369 0.09594654 0.015511067 0.0117172245 0.0146801425 0.021100566 0.0024588478 0.1370437 0.007197555 0.0009631149 0.1862421 0.00026018714 0.0026424418 0.0028068968 0.0003571611 0.00047994222 0.0016831562 0.0004807636 0.001087097 4.0334122e-05 0.002828186 0.00054953544 0.00033027155 0.00013564156 0.0028305766 0.0004955105 0.0053939163 9.234818e-05 0.0015376698 0.05633419 0.0022974468 9.391173e-07 0.00019109291 1.4745301e-05 0.00064267725 0.00012277496 0.00028702643 0.000392616 1.8667346e-05 0.0040130387 2.590916e-05 3.8608177e-05 0.0006337229 0.0034055293 0.00258905 0.0030671782 6.4652835e-05 1.4547547e-05 0.06964613 2.2956649e-05 0.0004668989 0.019818636 0.04187385 5.104154e-05 7.079034e-05 3.596074e-05 0.0001751321 0.00022030725 0.00011115481 0.000250529 3.99268e-05 0.0001436964 0.007892693 0.00036921515 0.00032678348 7.114492e-05 0.008722255
0.019170724 0.037126366 0.019338137 0.047668807 0.046731956 0.058113065 0.014217149 0.06212372 0.1901006 0.28919265 0.009091783 0.018349819 0.032086294 0.077845916 0.016447606 0.041702457 0.00984074 0.4564959 0.027931215 0.0698503 0.005971301 0.0042416505 0.054020215 0.002457493 0.04260998 0.22986646 0.32286653 0.00088973687 0.00060003286 0.005898534 0.00442911 4.273209e-24 0.00083243655 0.16368824 0.0032266125 0.0005651269 0.017980123 0.0058167134 4.713346e-05 0.018739857 0.07800581 0.032608308 0.01585934 0.5423387 0.014289565 0.33861443 0.10325713 0.0061469264 0.0868809 0.07934004 0.008467398 0.0075692283 0.018041424 0.16432142 0.00030264095 0.0072478387 0.16978121 0.0040861657 0.06641198 0.005862295 0.14212196 0.07452435 0.00045337627 0.0019788304 0.0070094676 0.05329569 0.0068979207 0.042561486 3.7810894e-06 0.013213072 0.050049502 2.9637169e-05 0.0038709992 0.06457911 0.0028259133 0.010362967 0.042228732 0.046955355 0.0052922773 0.005142831 0.0025489614 0.00049567735 8.665253e-05 0.0018957028 5.2933676e-05 0.0015367176 0.00015389328 4.3307075e-05 0.0013919312 0.002106192 0.0012165154 0.0014384043 0.0033512975 0.0008567572 6.7560206e-05 1.21452085e-05 0.02435647 0.0008235347 7.8750614e-05 1.5986369e-06 0.0041768057
