4.1614484e-34 0.94828486 0.9621837 0.97621447 0.9717201 0.9854501 0.92865866 0.9981692 0.82726806 0.75806177 0.9752666 0.95115393 0.8033593 0.75959176 0.7892718 0.6735983 0.91594154 0.29581115 0.81903666 0.880446 0.9925686 0.90036994 0.054939073 0.5037916 0.68250406 0.72723037 0.30308247 0.79067695 0.81266266 0.6764228 0.54285735 0.46471485 0.0139449965 0.43465495 0.923148 0.38053265 0.8637293 0.07327416 0.38029778 0.28473315 0.2832858 0.32043347 0.115405016 0.2881881 0.30342233 0.061092667 0.092364274 0.17453918 0.2367973 0.7213889 0.72152305 0.792178 0.24658377 0.37252378 0.15041052 0.00045169095 0.17352502 0.1616848 0.9539372 0.06126613 0.0354137 0.023380863 0.044395383 0.019320847 0.016184557 0.014592547 0.022937838 0.035454344 0.0073156916 0.008480465 0.3540729 0.0084619485 0.8780312 0.07014769 0.0022576272 0.00084684114 0.6636477 0.01966829 0.005818112 0.1383971 0.010551392 0.009293703 0.0034401154 0.002620788 0.0040967204 0.001123463 0.0014755072 0.0001686973 0.27611527 0.8794738 0.0005522864 0.057543598 0.00026486383 0.00030837112 0.00025610204 0.0033624542 0.0008046045 0.00044997744 0.0046109906 0.30497277 0.00011794425
0.94828486 3.625646e-15 0.0029860218 0.01714367 0.66057193 0.15711367 0.021389823 0.14955948 0.011572931 0.010073631 0.0002583303 0.06734311 0.47479784 0.0007690351 0.75773245 0.2652563 0.24130788 0.20521143 0.11399822 0.004660912 0.0144941285 0.007564401 0.055713 0.07801085 0.0056244982 0.03573833 0.009436683 0.0035391238 0.0017120019 0.06458461 0.0014783319 0.0037880014 0.008810424 0.018889789 0.0003875402 0.0051838337 0.00025890968 0.0006223722 0.007906185 0.0016679259 2.309096e-05 0.00014474333 0.0004843599 0.00037202952 0.026146771 0.068706594 0.08295819 0.00087885425 0.00033907255 0.00010291911 0.0017384661 0.002256796 0.033482008 3.1599895e-06 0.019834997 0.0010740128 0.006666208 0.00019934065 0.0003631132 0.00036356522 0.00034520435 0.012984382 2.2711363e-05 0.00030069068 0.013463845 0.013126826 0.03377411 0.0015215812 9.893372e-06 0.00742278 6.6030143e-06 2.1501992e-05 3.096545e-06 1.0586184e-06 0.005640562 0.00015084421 9.586512e-07 0.00032188598 2.8813029e-06 2.0795396e-07 9.132675e-06 0.00018378628 0.00025524912 8.8815446e-05 1.13411215e-05 5.5372588e-05 9.1748254e-05 0.0016595443 6.901097e-08 7.7363217e-07 0.00052839844 1.4187638e-07 0.00018501692 0.00010397094 0.0012996586 7.592453e-06 0.00011984879 5.2011626e-05 9.308791e-05 1.1033897e-07 7.9234334e-05
0.9621837 0.0029860218 4.4147696e-21 0.75838405 0.010540807 0.2084061 0.08887371 0.074283846 0.711227 0.85748744 0.001942923 1.7640469e-06 0.0010139397 0.012462843 0.0007620098 4.3728814e-05 0.021754364 0.0019558659 0.04672937 0.06272768 0.00017168939 0.07576987 5.890239e-05 0.019355886 0.048375174 0.052483417 3.5285916e-07 2.0020368e-06 0.03700301 0.040953062 0.035135396 0.029622784 2.0281463e-05 0.029048953 0.0063119596 0.020721113 0.00045900236 4.5133527e-07 0.022226091 0.024442432 7.3219555e-05 0.024437316 0.011997248 0.054838203 0.05662562 0.0006816939 0.006164009 0.014810857 0.047321036 0.00023632092 0.0034805764 0.00406488 0.028897779 0.00021440859 0.044456266 1.8742676e-05 0.03729082 9.084481e-08 0.0014468578 0.015793443 0.011125472 0.007944476 0.00010931417 0.010364919 0.0031618557 0.0023525427 0.0007403088 0.018331664 0.00028021683 0.003396786 1.1953779e-05 0.0010876014 4.8088928e-06 2.5624504e-07 1.2982338e-05 3.846637e-06 1.4756096e-06 0.0021231696 3.148173e-05 1.1100178e-07 3.1637678e-06 0.007551193 0.0032004481 0.0036821673 3.8076912e-05 0.0010663797 0.0015308484 0.00037291792 5.1994043e-08 1.1273766e-05 0.001046922 8.804543e-08 0.0009591977 0.00014264518 0.001064566 3.3065e-06 0.0010799421 0.0011139062 0.00016235656 9.130235e-08 0.0006757049
0.97621447 0.01714367 0.75838405 1.3219833e-22 0.023483314 0.15926822 0.028374294 0.06526715 0.057967376 0.8651977 0.00012715216 9.458562e-06 0.008875166 0.0028499642 0.004600436 0.00031270494 0.07513955 0.0061087366 0.08546284 0.01705404 0.000156032 0.040929526 0.00019115413 0.033480506 0.02969045 0.10216608 8.931408e-06 5.4902152e-06 0.008856239 0.07744007 0.022738772 0.031298365 6.2648374e-05 0.05626316 0.00013863818 0.028816117 0.0001542449 3.2913517e-06 0.035542306 0.018712165 1.3426275e-05 0.0044901893 0.007405468 0.014123356 0.07495227 0.0040783715 0.01857283 0.009344174 0.0135335475 2.1305974e-05 0.0010898946 0.0020648153 0.049981058 5.1448734e-07 0.061471418 5.3247484e-05 0.040433004 5.680671e-07 0.0001405095 0.0012419553 0.0030213974 0.021854956 4.6928335e-06 0.0023965873 0.011357119 0.008017295 0.0018945533 0.011838961 7.887249e-06 0.007881922 2.496864e-07 3.6794256e-05 5.515084e-08 3.3584094e-08 1.6881999e-05 1.4912164e-06 1.1837998e-08 7.751078e-05 5.882386e-07 8.9565395e-09 3.5812957e-07 0.0022328596 0.0030001458 0.0016593434 2.2796808e-06 3.351152e-05 5.6487544e-05 0.0007742607 3.4828967e-10 5.0909094e-08 0.0011194908 3.917056e-09 0.0009087817 1.0044744e-05 0.0016463493 3.2083676e-07 0.00020347282 0.00026511503 9.4507905e-06 4.331397e-09 0.00021240393
0.9717201 0.66057193 0.010540807 0.023483314 2.2396417e-16 0.046890836 0.007171591 0.068798766 0.008294762 0.008939739 0.0017980988 0.511872 0.22408022 0.0020406274 0.57919276 0.49322802 0.13233688 0.058581486 0.05689055 0.0042956746 0.03396007 0.0029190714 0.14072897 0.023319412 0.0019842228 0.007436668 0.058320872 0.007580339 0.00070098747 0.012507011 0.00045320077 0.00088484137 0.035749055 0.0037854211 0.00013714757 0.0012537338 7.191706e-05 0.0019418607 0.0019460756 0.00036588853 2.477822e-06 0.00010520535 0.0001225277 0.00020634166 0.006202066 0.015012908 0.010792812 0.00011576022 0.00014987915 2.0453215e-06 0.0011240841 0.0018505197 0.008258174 9.0863654e-07 0.0049042352 0.0018021934 0.0035177127 0.0006741733 0.00021576033 0.00027539273 0.00017505912 0.0020970276 4.1053692e-05 0.00016705324 0.0015394232 0.0017319545 0.0061531756 0.00079046853 1.0976154e-05 0.000978224 2.5374516e-07 6.7958405e-05 8.97905e-07 7.1325175e-08 0.002912948 0.00088932 2.65504e-07 0.00029356754 4.5336265e-06 3.6212413e-07 2.5658337e-06 0.00029626052 0.00029175007 0.00015688322 2.0453987e-05 0.00022363961 0.0005521079 0.00089119247 1.4015415e-10 1.3143595e-08 0.00021893664 1.6174177e-08 0.00013127511 0.00054365525 0.0014369263 1.6834066e-06 0.00065690605 0.00019700528 8.258631e-05 1.7700942e-09 0.00015812182
0.9854501 0.15711367 0.2084061 0.15926822 0.046890836 2.1636738e-13 0.23066214 0.38148436 0.17847307 0.050418016 0.080274135 0.0068945494 0.04414409 0.063739814 0.033554386 0.00798126 0.12526287 0.012119407 0.10780749 0.14261705 0.0072329026 0.071338125 0.0038310064 0.018985834 0.030022847 0.03036629 0.0022055258 0.00259537 0.021177335 0.016434466 0.0046226564 0.008136096 0.0004984947 0.0100078415 0.014616162 0.008080649 0.03718914 0.0004098191 0.007446384 0.004540247 0.017767964 0.003943946 0.0021968917 0.0062039765 0.0071301614 0.007894387 0.005402918 0.0018450543 0.004532295 0.04178471 0.09004788 0.09088121 0.006691562 0.00028111294 0.008755778 0.001011174 0.008752802 7.046071e-05 0.053198155 0.0038791774 0.00162833 0.0065010944 0.0005164299 0.0021258672 0.0037034154 0.0039629187 0.011320764 0.0051485747 0.0007679922 0.004643879 0.0015981165 0.0017802614 0.01596705 0.00016031378 0.0006359785 0.00019137013 0.0026313744 0.012784059 0.00044177473 6.78819e-05 0.00013708911 0.002015689 0.002290728 0.0015040358 5.2635016e-05 0.004638512 0.007983296 0.0025516332 0.00058275653 0.002401172 0.0009214988 0.0007102973 0.0010292466 0.011821361 0.005712477 4.7630198e-05 0.006015113 0.00086290634 0.0058186133 0.00018727248 0.0011781086
0.92865866 0.021389823 0.08887371 0.028374294 0.007171591 0.23066214 6.1739396e-19 0.058523137 0.24667245 0.028218806 0.72341347 0.00017229184 0.0010983876 0.37606424 0.0015364862 0.00019289735 0.006247187 0.00042517894 0.015767721 0.44139668 0.0008568953 0.07871355 1.4712292e-05 0.00073755195 0.02001692 0.0027729878 7.442641e-06 4.089914e-05 0.22341086 0.0013848138 0.0034230994 0.0016897618 3.5738904e-06 0.00074041117 0.5000241 0.0011120916 0.07137923 1.5775776e-06 0.0008708283 0.001645618 0.020420827 0.031507097 0.00071616424 0.0228623 0.002820102 0.00021978954 0.00040775488 0.0003980068 0.0090449015 0.013266463 0.0979565 0.082239404 0.0021641515 0.026874924 0.0032937697 2.6446187e-05 0.0023848559 5.8753544e-09 0.05461606 0.0036552828 0.0006700234 0.0008202333 0.003040327 0.00056847034 0.00026996393 0.0003242454 0.0018020961 0.00052689435 0.00033707122 0.00045201613 0.004760035 0.000649877 0.009495172 0.0018690263 0.000109276654 6.5776417e-06 0.0058081048 0.0010934676 0.0005509549 0.0008505963 0.00038950564 0.0002985841 0.00024148967 0.00017676457 0.0001910898 0.0004889721 0.00040641762 0.0012227375 0.00021004291 0.0010914615 0.00042789333 0.0002583589 0.00015250665 0.00029894253 0.0024068623 9.8559816e-05 0.00022380432 0.00012806206 0.0019643712 0.00018256172 0.00031414776
0.9981692 0.14955948 0.074283846 0.06526715 0.068798766 0.38148436 0.058523137 1.4708339e-12 0.029601397 0.019162517 0.0053985394 0.012647598 0.022464054 0.009766873 0.02482031 0.0107029155 0.04097146 0.008530412 0.03720325 0.016145345 0.019470278 0.006273462 0.0036002141 0.008725346 0.0046989983 0.0075641368 0.005019548 0.011705168 0.003571727 0.0048114113 0.0014429291 0.0023795022 0.00048401934 0.0030838787 0.0029438534 0.0026902047 0.028397957 0.005063398 0.0029906486 0.0020522354 0.013060007 0.0032746827 0.0013251296 0.006048128 0.003975946 0.009035849 0.0060424404 0.000725839 0.004546445 0.038035065 0.048120618 0.05247835 0.006474675 0.0001524149 0.006242905 0.001127829 0.0037431398 0.0006628994 0.021455845 0.005200355 0.0016958416 0.0061086025 0.0023780991 0.002540069 0.0046071694 0.0044635735 0.009312028 0.0028818871 0.0012087186 0.004375155 0.00045114572 0.0047200583 0.007327118 8.978973e-05 0.0008536368 0.00034788725 0.0005931644 0.027222302 0.00050371536 0.00016406778 8.823721e-05 0.0023335118 0.0018625663 0.001313276 0.00035913565 0.009593167 0.018197142 0.0009729723 9.8526936e-05 0.0006699112 0.00033282125 0.0001421666 0.0005717287 0.013017258 0.0020835993 0.00012776686 0.0042067496 0.0006521814 0.01123821 2.5087074e-05 0.0007382811
0.82726806 0.011572931 0.711227 0.057967376 0.008294762 0.17847307 0.24667245 0.029601397 6.4012225e-19 0.37081587 0.08044816 9.2120745e-06 0.0020767157 0.32342425 0.0011639342 0.00013369818 0.017646654 0.0016816522 0.043398857 0.63539255 0.00035556528 0.6612653 3.814721e-05 0.0070718685 0.2976492 0.10053481 2.3618583e-07 4.1429736e-05 0.22345878 0.03250567 0.19867533 0.09721882 1.2724877e-05 0.03895069 0.11063094 0.05434083 0.004062967 7.4677314e-06 0.036180496 0.10354523 0.0013264895 0.10600657 0.06251092 0.22317158 0.062564984 0.00011669217 0.0017425686 0.059869677 0.20335077 0.002521313 0.009791018 0.010208758 0.01722525 0.002686058 0.054398604 1.0685378e-05 0.09205508 5.0586215e-07 0.0026533066 0.08000053 0.049746178 0.0049994467 0.002153306 0.044403065 0.0016616767 0.00088281924 0.00021538493 0.057778735 0.0052847425 0.00212998 0.00038014745 0.012109021 0.0001199087 0.00012590314 2.2262118e-06 1.9619047e-06 0.00010309741 0.01329848 0.0003194843 4.135806e-06 0.00017928265 0.025101198 0.005183332 0.009953335 0.00069876225 0.008178561 0.009974231 0.0002909085 0.00012813891 0.0010261432 0.0016323134 2.7670467e-05 0.002605025 0.0019085597 0.000615584 2.2506294e-05 0.005839582 0.0046644895 0.0014539107 9.985403e-06 0.002523574
0.75806177 0.010073631 0.85748744 0.8651977 0.008939739 0.050418016 0.028218806 0.019162517 0.37081587 5.1894277e-19 0.002309515 0.0001420128 0.003196943 0.012871531 0.0015107641 0.0005903616 0.05530864 0.0030562489 0.102787025 0.045525003 0.00075232744 0.599015 0.00021032251 0.02570909 0.36436465 0.33697844 2.2984954e-05 0.00023144616 0.025892964 0.10168266 0.20713854 0.23027442 9.796093e-05 0.11254555 0.0022247622 0.13795526 0.00038027143 0.00016935756 0.11210039 0.12536971 7.7875615e-05 0.012743988 0.05063623 0.044290982 0.07977588 0.00084814115 0.0065696402 0.060297806 0.043708507 0.00016550382 0.0013831098 0.0018290468 0.043413274 5.9561007e-06 0.08377785 7.990613e-05 0.11933298 6.5826557e-06 0.00020848049 0.009043746 0.022385579 0.032569975 0.00046208687 0.018108273 0.016721115 0.010902844 0.0011027382 0.07886319 0.00030481222 0.015033159 1.3298168e-05 0.00071363203 2.5414365e-06 2.8317618e-06 4.146588e-06 5.9968584e-06 3.0678798e-06 0.0017528023 1.1585182e-05 6.627701e-08 1.2980494e-05 0.015324919 0.02332994 0.020701539 3.000635e-05 0.0010066634 0.0021409884 0.0017954377 4.7640124e-06 0.000126144 0.010973632 3.6032316e-07 0.011798863 0.00022918318 0.0034464973 3.444064e-06 0.0022929453 0.0065818564 0.0003886789 5.1732326e-07 0.0066631828
0.9752666 0.0002583303 0.001942923 0.00012715216 0.0017980988 0.080274135 0.72341347 0.0053985394 0.08044816 0.002309515 2.5238413e-21 1.1042096e-09 2.8884838e-06 0.7951137 6.853896e-07 1.4751326e-08 0.00018596085 9.694388e-06 0.0014835016 0.33338022 6.8906347e-06 0.029890623 3.4911075e-08 8.082691e-05 0.020537991 0.0018234107 2.3528115e-09 2.721416e-07 0.3557914 0.00023245573 0.01606269 0.004933992 2.701165e-07 0.0006304154 0.519675 0.0021079583 0.08161126 8.422618e-07 0.0013225729 0.0071317703 0.02186891 0.20998845 0.0055653336 0.19700466 0.00026426534 6.5612335e-06 2.1868213e-05 0.00417063 0.08734135 0.017863473 0.07130058 0.064814694 8.516133e-05 0.16795707 0.00018729661 7.674082e-07 0.0008377062 1.04555546e-07 0.01772451 0.07077931 0.005043244 8.282802e-06 0.022015957 0.0049880925 2.5287104e-06 1.3502978e-06 1.6642522e-05 0.0007462666 0.033137426 2.9134048e-06 0.0030556004 0.036010668 0.004089961 0.00035462677 5.246977e-07 2.0652189e-07 0.0030472327 0.023817847 0.0040742042 0.00035054504 0.0008301236 0.0010875169 3.243264e-06 4.551542e-05 0.0038878329 0.0045381105 0.0013730415 1.718105e-05 0.005161155 0.014585103 1.363913e-06 0.0003263845 4.366041e-06 0.0018811808 2.572048e-05 0.00016699622 0.0005874978 2.43505e-05 0.004029035 6.002011e-05 6.276699e-06
0.95115393 0.06734311 1.7640469e-06 9.458562e-06 0.511872 0.0068945494 0.00017229184 0.012647598 9.2120745e-06 0.0001420128 1.1042096e-09 1.3915251e-19 0.018349001 5.9531556e-07 0.30132088 0.83261174 0.006607437 0.012494231 0.0048093884 1.0484097e-06 0.08943093 1.8485149e-06 0.5436912 0.0077696317 8.007155e-06 0.00016430767 0.8430352 0.009145902 6.46254e-07 0.0011367782 7.5288654e-06 9.085634e-06 0.2906352 0.00024138606 4.855313e-09 3.547798e-05 7.526714e-09 0.0028220997 0.000100212885 7.929915e-06 9.082201e-10 1.01161426e-07 1.0297772e-06 5.629566e-07 0.001317104 0.0475155 0.020553516 1.6749289e-06 1.0218608e-06 1.7053353e-08 8.611532e-07 2.050859e-06 0.0050987783 1.7143518e-09 0.0012411634 0.012315627 0.00015414006 0.0033521624 5.9162943e-07 1.346462e-06 8.9040776e-07 0.0010787754 3.83682e-07 6.119164e-07 0.0010012347 0.00096391945 0.012698281 8.412042e-06 6.220213e-08 0.00040547745 3.706489e-08 1.7312317e-07 1.3240203e-10 1.156531e-09 0.015832547 0.0072537223 3.845558e-10 1.5127018e-06 4.896785e-08 6.6925815e-10 3.0202933e-08 4.4261114e-07 5.179897e-07 1.5945888e-07 3.466119e-07 1.7255006e-07 2.9902762e-07 0.0007054344 3.7719584e-12 6.157668e-10 1.195286e-06 2.2033031e-10 8.028591e-07 1.0553609e-07 1.7262168e-05 5.3623435e-08 2.5013398e-07 9.660387e-08 8.934087e-07 3.5430436e-11 9.624964e-08
0.8033593 0.47479784 0.0010139397 0.008875166 0.22408022 0.04414409 0.0010983876 0.022464054 0.0020767157 0.003196943 2.8884838e-06 0.018349001 5.0933696e-18 0.00010653748 0.5242683 0.041021984 0.17542459 0.8134755 0.042049102 0.00026818435 0.0069020195 0.00016395704 0.030574502 0.23219948 0.00013688297 0.0034068075 0.0040232665 0.0005042813 0.00010700323 0.017112682 8.264714e-05 0.00012741909 0.01246528 0.0037409915 2.6890168e-06 0.0003118966 2.801914e-06 0.00041556422 0.0009177744 5.0107563e-05 1.0555034e-06 6.346092e-06 1.4727916e-05 3.0892374e-05 0.008590432 0.13996243 0.117946 3.580367e-05 2.9616627e-05 4.7485314e-06 0.00015520431 0.00018320075 0.029642954 1.4468887e-07 0.013500964 0.002826385 0.003178795 0.0004965363 2.2862005e-05 2.2116896e-05 6.417632e-05 0.022641031 1.7886442e-06 2.276002e-05 0.020678408 0.020664832 0.046830676 0.00049363193 1.179142e-06 0.012550234 4.299336e-06 3.1501233e-06 1.6556253e-08 3.5177102e-08 0.002913726 0.00014100134 1.53043e-07 5.5946173e-05 8.25064e-07 2.4911687e-08 5.4434105e-07 7.378637e-05 6.5881424e-05 2.0937481e-05 1.760663e-05 3.5358815e-05 4.260847e-05 0.0037855946 3.2122724e-08 4.1404687e-07 0.00060896203 5.7177527e-08 0.00023282979 1.5122065e-05 0.0024146193 2.423463e-06 3.1059073e-05 1.8715331e-05 2.1908836e-05 1.950316e-08 5.8861006e-05
0.75959176 0.0007690351 0.012462843 0.0028499642 0.0020406274 0.063739814 0.37606424 0.009766873 0.32342425 0.012871531 0.7951137 5.9531556e-07 0.00010653748 2.8726414e-17 2.7195247e-05 3.1275501e-06 0.0012592585 9.535606e-05 0.005876468 0.5900908 0.00013629744 0.08557706 1.2527303e-06 0.0004283263 0.043877684 0.0069450927 2.7318484e-07 2.3587925e-05 0.34076238 0.0014866032 0.03345979 0.014505398 8.1252565e-06 0.0018022002 0.49330285 0.005765212 0.013796425 9.286628e-06 0.0030753014 0.016185151 0.005433233 0.17014806 0.013541312 0.18102953 0.0037990555 3.1843505e-05 0.00013298746 0.008899011 0.10596781 0.0068997527 0.011054911 0.0111112 0.0011397644 0.07343614 0.003959851 2.5590169e-05 0.0071237898 2.3115385e-06 0.004810897 0.06519026 0.015138768 0.0004721823 0.016328499 0.014830767 0.0001713449 8.292473e-05 0.00015626848 0.0057714805 0.028568866 0.00023808925 0.0028270695 0.04487316 0.0013893285 0.0005443622 2.2703505e-05 1.4044646e-05 0.001828671 0.026547119 0.004642095 0.00028358374 0.0005201582 0.0030092997 7.5250784e-05 0.00043241997 0.0031952087 0.0073775994 0.0048289923 0.0005379021 0.001920835 0.005682975 0.00015066192 0.0005499795 0.00023473693 0.0074381535 0.00062884105 0.00027661773 0.0031568876 0.0007285325 0.0036417944 0.0002291189 0.0003011625
0.7892718 0.75773245 0.0007620098 0.004600436 0.57919276 0.033554386 0.0015364862 0.02482031 0.0011639342 0.0015107641 6.853896e-07 0.30132088 0.5242683 2.7195247e-05 2.7889063e-16 0.83495325 0.08577113 0.6928215 0.023815852 4.005995e-05 0.015580456 4.685801e-05 0.4513515 0.13807663 8.795946e-05 0.0019839332 0.05703796 0.0032764978 2.877998e-05 0.009075606 3.2014876e-05 7.844928e-05 0.16170041 0.0014661043 3.4090218e-07 0.000196874 1.1919606e-05 0.001634898 0.00039698536 3.660805e-05 2.584661e-06 2.4014935e-06 6.1948595e-06 8.5216125e-06 0.005030486 0.48421153 0.2475887 1.2371848e-05 1.0429423e-05 1.9400883e-05 0.00014641028 0.00012149118 0.03427733 5.6042527e-08 0.008297045 0.013709788 0.0014820811 0.003876343 5.2453768e-05 1.7782717e-05 2.9194362e-05 0.02130508 1.0405614e-06 1.1437342e-05 0.020655349 0.022607494 0.17119858 0.00013009387 6.6127695e-06 0.011453756 1.1996708e-05 1.3175781e-05 3.394551e-08 4.204282e-08 0.041746594 0.0018554118 1.9946718e-07 7.353446e-05 3.5937387e-07 1.7323423e-08 5.030042e-07 2.1990138e-05 1.8286308e-05 6.6210487e-06 9.912337e-06 4.504456e-05 4.1671254e-05 0.0069809016 9.750064e-10 1.4618897e-08 8.5818785e-05 4.6304827e-08 5.9790615e-05 3.570605e-05 0.0014879224 2.1984633e-06 1.3167993e-05 9.927597e-06 3.9220093e-05 1.4466672e-08 1.418258e-05
0.6735983 0.2652563 4.3728814e-05 0.00031270494 0.49322802 0.00798126 0.00019289735 0.0107029155 0.00013369818 0.0005903616 1.4751326e-08 0.83261174 0.041021984 3.1275501e-06 0.83495325 1.4451383e-17 0.008508516 0.0566902 0.0063155037 4.411318e-06 0.0321894 3.3415224e-06 0.67122227 0.016652629 1.0670094e-05 0.00027257632 0.27771187 0.005329405 5.2742016e-06 0.001764805 4.712027e-06 9.824746e-06 0.2882111 0.00026952688 7.122906e-08 4.1588635e-05 2.860529e-07 0.0019691016 9.599916e-05 4.440256e-06 1.3161916e-07 6.164076e-07 3.9715647e-07 1.9791898e-06 0.0017666818 0.15041028 0.051410582 1.898852e-06 2.0583852e-06 2.009104e-06 1.3977389e-06 2.5745549e-06 0.0079964595 8.2435845e-09 0.001881616 0.019901536 0.00041887446 0.0057732803 2.96278e-06 5.8454852e-06 5.1299867e-06 0.0023195117 1.1224406e-07 1.6624524e-06 0.002818795 0.0032879685 0.03276098 1.370335e-05 1.1282463e-06 0.001308017 8.657612e-07 2.4386882e-06 2.5103752e-09 9.178562e-09 0.02465135 0.0037393826 2.6789877e-08 8.873261e-06 7.728155e-08 1.1901952e-09 1.5492132e-07 1.1377764e-06 7.2846024e-07 1.9304906e-07 3.0294502e-06 4.7727485e-06 2.8324505e-06 0.002545245 4.3600304e-11 4.5214215e-09 8.72973e-06 1.7411265e-09 4.1308713e-06 9.931398e-07 0.00030062563 3.3915398e-07 7.0164657e-07 3.6231793e-07 4.932989e-06 2.0385114e-10 4.919466e-07
0.91594154 0.24130788 0.021754364 0.07513955 0.13233688 0.12526287 0.006247187 0.04097146 0.017646654 0.05530864 0.00018596085 0.006607437 0.17542459 0.0012592585 0.08577113 0.008508516 5.534627e-17 0.5424724 0.8276242 0.002275324 0.0047940295 0.004239875 0.0070498926 0.86217564 0.0035831681 0.08526073 0.0018970259 0.0007807624 0.0008869543 0.30343392 0.0038820382 0.009078415 0.0038954632 0.07594565 8.204711e-06 0.014883808 7.0189785e-06 0.00059068965 0.03336274 0.0035787576 3.4977027e-06 0.0001460318 0.00085270114 0.0005425657 0.057007223 0.074645214 0.14779635 0.0023664692 0.00074564206 3.080372e-06 0.00096540386 0.0010435578 0.1250564 6.983417e-08 0.07506913 0.0019128254 0.03676875 0.00040500442 0.00016816016 0.000323439 0.0015960701 0.10517395 7.780416e-06 0.0010769186 0.07881758 0.06921439 0.06661088 0.014625684 6.1464157e-06 0.05004323 2.0355685e-06 1.6358228e-05 4.797523e-08 5.0797357e-08 0.002457548 0.0001234025 9.348674e-07 9.07747e-05 8.917964e-07 1.554299e-08 1.6986237e-06 0.0015053833 0.0062633953 0.0015270028 2.9990013e-05 0.00010101023 0.000122003905 0.007537551 9.061206e-06 3.1169813e-05 0.0061065694 1.9501961e-07 0.0035415618 1.5170134e-05 0.0075405748 4.1103694e-06 0.00020748992 0.00029570726 4.58445e-05 1.12038734e-07 0.0008573629
0.29581115 0.20521143 0.0019558659 0.0061087366 0.058581486 0.012119407 0.00042517894 0.008530412 0.0016816522 0.0030562489 9.694388e-06 0.012494231 0.8134755 9.535606e-05 0.6928215 0.0566902 0.5424724 1.2651627e-19 0.19950843 0.00017899633 0.003221633 0.0002787559 0.06837146 0.62459755 0.0002507575 0.013274127 0.0055337055 0.0011402406 0.00011575414 0.078935765 0.00012046655 0.0003787795 0.039619427 0.019676056 2.1489731e-07 0.001030155 3.0293286e-06 0.0006298343 0.0040049637 0.00020216548 2.9367604e-07 8.474357e-06 1.7735076e-05 4.3401014e-05 0.051144578 0.49118245 0.48353437 5.1451334e-05 5.9416874e-05 1.8616969e-06 9.923494e-05 9.805075e-05 0.18125181 1.0624373e-08 0.07601082 0.011787256 0.013158535 0.00103386 1.4950719e-05 0.00010759941 0.00014492759 0.16217066 5.608257e-06 9.6392905e-05 0.16786718 0.16839427 0.25429484 0.0025485107 9.493699e-06 0.09085688 4.3227337e-06 1.8251652e-05 2.1621736e-08 2.2703944e-08 0.014669346 0.0004918038 7.074933e-08 0.00061243953 2.2836682e-07 6.0053997e-09 5.3218116e-08 0.0003764441 0.00022511717 9.860167e-05 4.5961883e-06 0.00036414832 0.00036185834 0.018936459 1.1689258e-09 1.523178e-08 0.0018841822 1.2657007e-08 0.0011272177 0.00050052884 0.006838949 4.45074e-06 0.00032579334 0.00012976021 0.00030138288 8.785869e-09 0.0003539223
0.81903666 0.11399822 0.04672937 0.08546284 0.05689055 0.10780749 0.015767721 0.03720325 0.043398857 0.102787025 0.0014835016 0.0048093884 0.042049102 0.005876468 0.023815852 0.0063155037 0.8276242 0.19950843 1.5686109e-17 0.007799435 0.0035187511 0.013706402 0.0034923672 0.8276111 0.014204768 0.34756997 0.0014182514 0.0009072226 0.0023044315 0.6796474 0.017785076 0.03838719 0.0016450082 0.37804115 4.2667594e-05 0.06325104 0.00018413908 0.0007339157 0.15220629 0.022780016 1.8375691e-05 0.0007790447 0.010340854 0.0028870283 0.21812283 0.06279779 0.15493146 0.017749317 0.0049178675 3.4556764e-05 0.0022448527 0.0026969386 0.24839889 1.0758518e-07 0.21002916 0.0013630447 0.12880048 0.00018912001 0.00036950703 0.00262466 0.009406322 0.21677916 2.3946131e-05 0.0068418123 0.14853543 0.11838637 0.05592373 0.049504463 4.0686802e-05 0.11422482 2.6637736e-06 0.000106767955 9.611422e-07 3.491622e-07 0.0017422287 0.00015860116 1.6276318e-06 0.001751539 9.951987e-06 1.3913903e-07 9.48948e-06 0.0116661675 0.026707673 0.012915439 0.00012688614 0.0013543747 0.0035531654 0.013863606 6.480555e-05 0.0001855826 0.025845427 9.628624e-07 0.014569387 0.00012440939 0.017914321 1.614229e-05 0.0012143807 0.0024776438 0.000114820265 9.216674e-07 0.0044638393
0.880446 0.004660912 0.06272768 0.01705404 0.0042956746 0.14261705 0.44139668 0.016145345 0.63539255 0.045525003 0.33338022 1.0484097e-06 0.00026818435 0.5900908 4.005995e-05 4.411318e-06 0.002275324 0.00017899633 0.007799435 4.7307832e-18 0.0002143628 0.31746468 8.109034e-07 0.00032302164 0.13402078 0.021096937 9.545563e-08 5.155468e-05 0.8183664 0.0031596706 0.10155902 0.0332532 1.3753761e-06 0.004341698 0.48326507 0.016433455 0.041118015 9.745222e-06 0.0070658247 0.038155407 0.021192057 0.51158506 0.030717045 0.39150348 0.005507062 1.8879664e-05 0.00014509894 0.025945341 0.20519646 0.014633064 0.027644029 0.027436644 0.0027113673 0.05726497 0.0052323192 2.2108883e-05 0.025834553 3.4626548e-06 0.007919864 0.1704681 0.038907308 0.0006503689 0.043364096 0.039201345 8.275937e-05 3.2118634e-05 2.3956616e-05 0.026825784 0.052346703 0.00011517021 0.0029988082 0.06223384 0.0018669446 0.0005867735 5.0794306e-06 1.15979165e-05 0.0014775587 0.073136084 0.00525603 0.00026844023 0.0012771757 0.024598917 0.0007755858 0.0028017927 0.005153239 0.01738206 0.016893243 6.818216e-05 0.0044653253 0.009073624 0.00047220502 0.00041585878 0.00047251812 0.010038814 0.00017594971 0.00031667898 0.0059386995 0.001605752 0.0052449293 0.00033067304 0.00068165263
0.9925686 0.0144941285 0.00017168939 0.000156032 0.03396007 0.0072329026 0.0008568953 0.019470278 0.00035556528 0.00075232744 6.8906347e-06 0.08943093 0.0069020195 0.00013629744 0.015580456 0.0321894 0.0047940295 0.003221633 0.0035187511 0.0002143628 1.07138236e-13 0.00010927801 0.011875389 0.0023452335 0.00017392222 0.00043960277 0.21541779 0.72552943 0.00012806829 0.00091088325 4.0434563e-05 6.6526045e-05 0.007028675 0.00034460486 2.9164084e-05 0.00014763925 5.9520235e-06 0.17370787 0.00023244087 6.655251e-05 6.40481e-07 2.2948925e-05 3.578285e-05 2.493597e-05 0.00051689154 0.0039069 0.0038027272 6.898541e-05 2.642554e-05 9.601266e-06 0.00017387296 0.00029169858 0.0017983888 2.164086e-06 0.0011796011 0.0005503174 0.00060183724 0.051850453 3.7163023e-05 7.5552794e-05 5.9320064e-05 0.0012968078 1.9004391e-06 4.9561117e-05 0.0011815506 0.0013412806 0.002428105 5.8386526e-05 4.424008e-06 0.0008726992 2.926677e-06 1.7397555e-05 7.469344e-07 3.7500154e-08 0.0013157814 0.0008825133 6.4602534e-07 0.00025199237 1.2456574e-06 2.1916577e-08 4.3263486e-07 1.694848e-05 3.1516996e-05 1.6004971e-05 7.154532e-07 1.526055e-05 3.8857514e-05 0.00031860772 1.1743848e-10 2.892716e-09 2.8829014e-05 7.085031e-09 2.051484e-05 3.5023795e-06 0.00015598541 2.2679794e-08 1.3604284e-05 3.5357111e-06 5.567724e-06 9.695621e-09 1.2432363e-06
0.90036994 0.007564401 0.07576987 0.040929526 0.0029190714 0.071338125 0.07871355 0.006273462 0.6612653 0.599015 0.029890623 1.8485149e-06 0.00016395704 0.08557706 4.685801e-05 3.3415224e-06 0.004239875 0.0002787559 0.013706402 0.31746468 0.00010927801 8.033729e-22 1.7048882e-06 0.0020317547 0.82050055 0.14471027 2.0813908e-07 5.4677357e-06 0.17034549 0.031501494 0.62860197 0.23688862 2.2413217e-06 0.027463341 0.007107649 0.09278226 0.0011253235 1.0283297e-06 0.0397572 0.19634317 0.00041290303 0.07912017 0.10931163 0.11932506 0.016527386 1.1597021e-05 0.00026217333 0.07670509 0.114675 0.0011852387 0.0040645055 0.0040199333 0.0056017824 0.00017497715 0.016987316 1.2060989e-06 0.061334483 2.7338137e-07 0.001021364 0.02459265 0.034648795 0.002914508 0.000443497 0.026974048 0.0006873269 0.00019504518 3.9972863e-05 0.055171553 0.0011282717 0.00060406025 9.5400086e-05 0.0012797575 1.7991202e-05 1.1920076e-06 3.2432408e-07 5.4606573e-07 3.524354e-05 0.007327398 0.00010980482 1.7160596e-07 1.7154705e-05 0.032999866 0.0136731835 0.015332199 0.00033637308 0.004079717 0.006351351 8.788014e-05 0.00019603147 0.00053691014 0.0030163059 1.6940098e-06 0.0031097871 0.0010345164 0.00011845431 3.4070931e-06 0.006123957 0.0050282744 0.00020518566 1.5893676e-07 0.0019418403
0.054939073 0.055713 5.890239e-05 0.00019115413 0.14072897 0.0038310064 1.4712292e-05 0.0036002141 3.814721e-05 0.00021032251 3.4911075e-08 0.5436912 0.030574502 1.2527303e-06 0.4513515 0.67122227 0.0070498926 0.06837146 0.0034923672 8.109034e-07 0.011875389 1.7048882e-06 8.017643e-18 0.013381663 5.6700496e-06 0.00021666285 0.41189268 0.004053006 8.041134e-07 0.00083968416 2.2428442e-06 8.561829e-06 0.6831103 0.000119142125 5.001179e-09 2.7695602e-05 2.2253457e-06 0.0030237092 5.1050647e-05 2.4821904e-06 2.2886087e-07 2.5528644e-07 2.6196497e-07 1.2997644e-06 0.0009114434 0.18835309 0.046728145 5.1599045e-07 2.0060886e-06 1.6564419e-06 1.0003494e-05 1.5450747e-05 0.0046300865 3.7519094e-09 0.0011299445 0.08962854 0.0003029323 0.01211363 4.9968007e-06 5.935285e-06 8.298726e-06 0.0012721245 1.8763367e-07 2.4673193e-06 0.0013516869 0.0012163043 0.04010834 2.3380315e-05 1.7279946e-06 0.0006183542 9.729681e-07 3.816455e-06 2.8155978e-09 7.840215e-09 0.042168483 0.012864528 5.9433645e-09 2.5784873e-05 2.186284e-08 1.1272605e-09 4.3418623e-08 1.8015779e-06 1.1847363e-06 7.799281e-07 1.3671271e-06 1.00781845e-05 1.249364e-05 0.0013681465 3.578262e-12 1.6573548e-10 2.0618774e-05 6.43283e-10 2.2422893e-05 8.99703e-06 0.00040897616 1.7534491e-07 5.018913e-06 9.26731e-07 9.120672e-06 3.5845483e-11 3.4071677e-06
0.5037916 0.07801085 0.019355886 0.033480506 0.023319412 0.018985834 0.00073755195 0.008725346 0.0070718685 0.02570909 8.082691e-05 0.0077696317 0.23219948 0.0004283263 0.13807663 0.016652629 0.86217564 0.62459755 0.8276111 0.00032302164 0.0023452335 0.0020317547 0.013381663 1.0407348e-18 0.002211672 0.18415663 0.0020709257 0.0005792572 0.00023596801 0.6730242 0.0024942972 0.0114934705 0.0044955923 0.27801755 9.62117e-07 0.03022531 3.6220856e-06 0.00037945743 0.1140997 0.0066371616 3.852597e-07 8.10857e-05 0.0012032004 0.00063666486 0.30684525 0.3602913 0.551803 0.002658437 0.0014780244 7.938695e-07 0.00029513112 0.00037763864 0.5138535 5.9050624e-08 0.2778877 0.004999547 0.11982781 0.00014386766 3.5233097e-05 0.0007547985 0.0020597766 0.4922573 1.1467215e-05 0.0013131001 0.4450059 0.4199764 0.22379555 0.02288335 2.886326e-05 0.31900778 4.1985804e-06 6.0162572e-05 1.368372e-07 5.2398637e-08 0.004552339 0.0003689072 3.1088527e-07 0.000679853 9.224242e-06 9.39657e-08 1.5149482e-06 0.0014149428 0.009501721 0.0022102918 5.5120163e-05 0.0007071999 0.0010915011 0.029653592 2.8492068e-06 3.6254205e-06 0.021911519 6.2002704e-07 0.013959013 0.00022629523 0.01848349 2.264147e-05 0.0002545944 0.00043063555 0.0003707048 5.747803e-07 0.002429219
0.68250406 0.0056244982 0.048375174 0.02969045 0.0019842228 0.030022847 0.02001692 0.0046989983 0.2976492 0.36436465 0.020537991 8.007155e-06 0.00013688297 0.043877684 8.795946e-05 1.0670094e-05 0.0035831681 0.0002507575 0.014204768 0.13402078 0.00017392222 0.82050055 5.6700496e-06 0.002211672 2.2975878e-22 0.20843883 6.243383e-07 9.600918e-06 0.08011469 0.03281982 0.8615308 0.42059776 5.4765146e-06 0.03920967 0.0030160225 0.15942521 0.0005256135 4.263353e-06 0.067839436 0.3122618 0.0002822751 0.048213147 0.137313 0.109652184 0.021664256 3.4639153e-05 0.0005219563 0.10811185 0.13139808 0.0007945032 0.0024833994 0.0026389235 0.0060386187 5.8657544e-05 0.022086868 4.7410335e-06 0.1120157 8.1527287e-07 0.000491373 0.027066404 0.047353443 0.0030677395 0.00030351008 0.039038915 0.0010078334 0.00042197376 0.00010243557 0.10455748 0.0011560665 0.0012014295 0.00011378796 0.0011272869 6.755695e-06 2.2631507e-06 1.9048027e-06 1.1478161e-06 2.2205322e-05 0.006706416 7.881155e-05 1.5060624e-07 1.4547657e-05 0.051524244 0.022829173 0.022563292 0.00026159937 0.005653522 0.009357694 8.351289e-05 0.000119792 0.00021681807 0.0071276766 1.3258942e-06 0.007115167 0.0012685704 0.00040821848 4.3323084e-06 0.007695465 0.008215603 0.0002430418 5.1926776e-07 0.00488946
0.72723037 0.03573833 0.052483417 0.10216608 0.007436668 0.03036629 0.0027729878 0.0075641368 0.10053481 0.33697844 0.0018234107 0.00016430767 0.0034068075 0.0069450927 0.0019839332 0.00027257632 0.08526073 0.013274127 0.34756997 0.021096937 0.00043960277 0.14471027 0.00021666285 0.18415663 0.20843883 1.1399052e-19 4.2137293e-05 3.2524124e-05 0.0071892785 0.6556697 0.46267954 0.66606915 7.728225e-05 0.73393464 5.3930053e-05 0.7436986 8.012621e-05 1.6172382e-05 0.7908327 0.40134925 9.355698e-06 0.0016550682 0.12404929 0.007216952 0.23637535 0.0019856 0.009680133 0.19882295 0.01886548 1.784646e-05 0.0015758799 0.0020773169 0.10562606 4.850373e-08 0.1540344 7.270347e-05 0.30090767 7.4662858e-06 0.0002647585 0.009178007 0.04214588 0.07021924 1.512818e-05 0.03404465 0.035178274 0.022860719 0.0022608438 0.16796814 0.00014171124 0.029942604 3.073368e-06 0.00036252703 4.870836e-07 5.8983755e-08 1.1215868e-05 6.472905e-06 1.51381e-06 0.002568658 1.5552107e-06 3.8774015e-08 1.8690654e-06 0.051832568 0.057861667 0.03990892 9.8836035e-06 0.005702451 0.008899567 0.0016774707 7.64606e-05 0.00011603963 0.027546637 4.4016926e-07 0.019691609 0.00068511395 0.007106795 3.1548377e-06 0.0038142847 0.012501244 6.863021e-05 6.085747e-07 0.012288314
0.30308247 0.009436683 3.5285916e-07 8.931408e-06 0.058320872 0.0022055258 7.442641e-06 0.005019548 2.3618583e-07 2.2984954e-05 2.3528115e-09 0.8430352 0.0040232665 2.7318484e-07 0.05703796 0.27771187 0.0018970259 0.0055337055 0.0014182514 9.545563e-08 0.21541779 2.0813908e-07 0.41189268 0.0020709257 6.243383e-07 4.2137293e-05 8.406978e-16 0.1520798 2.3132553e-07 0.00034613739 6.0527606e-07 8.947951e-07 0.6574981 5.4031312e-05 5.1503594e-08 5.698172e-06 2.0123869e-08 0.14179115 2.4981762e-05 8.5571963e-07 4.7393853e-09 7.0388234e-07 3.0836682e-07 9.604898e-07 0.00065735285 0.022575619 0.004661359 2.2389738e-06 1.1929094e-06 4.6867907e-08 3.821056e-07 9.984656e-07 0.001969478 6.274619e-09 0.0011255027 0.14675412 0.0001258171 0.5901537 3.8195333e-07 2.268211e-06 8.63345e-06 0.00022471306 1.05842105e-07 2.8165177e-06 0.00018059094 0.00014021462 0.0030641404 1.551745e-05 4.732658e-08 0.00012435115 4.0313445e-08 6.117265e-08 4.359758e-10 9.545104e-09 0.0602608 0.22604388 1.4259068e-09 1.5321469e-06 5.6784096e-08 4.80665e-10 5.508933e-08 1.2619718e-06 3.8821677e-06 2.2471324e-06 4.5619362e-07 1.9000412e-07 7.615161e-07 0.0003184376 3.1973996e-12 5.0423315e-11 3.1109987e-06 4.3581657e-12 5.112941e-06 6.626538e-08 6.0551978e-05 2.7167674e-08 8.664046e-07 4.7943786e-07 7.3258843e-06 1.033151e-12 6.8570347e-07
0.79067695 0.0035391238 2.0020368e-06 5.4902152e-06 0.007580339 0.00259537 4.089914e-05 0.011705168 4.1429736e-05 0.00023144616 2.721416e-07 0.009145902 0.0005042813 2.3587925e-05 0.0032764978 0.005329405 0.0007807624 0.0011402406 0.0009072226 5.155468e-05 0.72552943 5.4677357e-06 0.004053006 0.0005792572 9.600918e-06 3.2524124e-05 0.1520798 3.2406475e-16 4.8010268e-05 0.000112763955 5.236023e-06 4.447367e-06 0.002215739 1.737103e-05 4.6506907e-06 1.115567e-05 1.1584353e-07 0.679178 1.9914085e-05 8.001018e-06 5.599655e-09 6.9584876e-06 3.8127223e-06 4.67952e-06 4.9302078e-05 0.00078909955 0.0006169755 5.3017006e-06 4.806797e-06 1.507528e-07 1.8754228e-05 5.208375e-05 8.7365726e-05 1.13538576e-07 4.249667e-05 0.00022439742 0.00014164341 0.26372233 1.774658e-05 4.6397457e-05 5.404633e-06 2.381461e-05 1.0052876e-06 3.8896496e-06 2.414283e-05 1.7629849e-05 0.0008285267 1.8496392e-05 1.2928649e-06 9.806053e-06 1.0879814e-07 3.533773e-06 2.7247475e-09 3.6045855e-09 0.00029501008 0.0009785598 1.8820212e-09 8.066935e-05 7.089035e-08 2.8867622e-10 4.3518448e-08 2.0771165e-06 6.484104e-07 4.1688264e-07 6.2443924e-08 4.3601076e-06 5.3944013e-06 2.536329e-05 3.6916843e-13 2.2760191e-11 8.188081e-07 1.9094667e-11 8.7032913e-07 7.7923966e-07 2.1561622e-05 6.917207e-10 2.742037e-06 3.8518843e-07 6.0895786e-07 4.2621406e-12 2.392844e-07
0.81266266 0.0017120019 0.03700301 0.008856239 0.00070098747 0.021177335 0.22341086 0.003571727 0.22345878 0.025892964 0.3557914 6.46254e-07 0.00010700323 0.34076238 2.877998e-05 5.2742016e-06 0.0008869543 0.00011575414 0.0023044315 0.8183664 0.00012806829 0.17034549 8.041134e-07 0.00023596801 0.08011469 0.0071892785 2.3132553e-07 4.8010268e-05 3.9463596e-18 0.0018990404 0.08101501 0.013644565 6.542835e-07 0.0013641897 0.49677873 0.005563951 0.030700115 7.30306e-06 0.002054214 0.01845084 0.012643745 0.8644269 0.017082028 0.6635096 0.0025035155 2.4423014e-05 0.00016029926 0.010680926 0.31951755 0.012074691 0.017220438 0.016913708 0.002694346 0.07672933 0.0018859655 1.4010894e-05 0.01503716 2.7631977e-06 0.0042824466 0.2816661 0.02505946 0.00021260619 0.39783397 0.025770914 7.08904e-05 3.645952e-05 1.8496145e-05 0.010072766 0.22558694 5.959064e-05 0.003405544 0.18232125 0.0018416272 0.00086381286 1.7070504e-06 3.7631348e-06 0.0014581583 0.2322029 0.006887711 0.0003189245 0.001772909 0.013483421 0.0003312873 0.0016187914 0.007796275 0.043563437 0.022748858 1.7123748e-05 0.0055942093 0.011792097 0.00012827499 0.00052547944 0.00019365159 0.028880922 4.7194684e-05 0.00037150693 0.004328204 0.00055212755 0.021786252 0.000495654 0.0001362513
0.6764228 0.06458461 0.040953062 0.07744007 0.012507011 0.016434466 0.0013848138 0.0048114113 0.03250567 0.10168266 0.00023245573 0.0011367782 0.017112682 0.0014866032 0.009075606 0.001764805 0.30343392 0.078935765 0.6796474 0.0031596706 0.00091088325 0.031501494 0.00083968416 0.6730242 0.03281982 0.6556697 0.00034613739 0.000112763955 0.0018990404 9.711234e-18 0.04799478 0.117664024 0.00022670909 0.84121156 4.6486157e-06 0.21095361 1.0360713e-05 6.718498e-05 0.57701623 0.074137926 1.7663061e-06 0.00039216844 0.023637965 0.0017466907 0.63928694 0.024402762 0.10441888 0.056784123 0.003903507 3.9181905e-06 0.00062059023 0.00083854777 0.45845795 5.4907122e-08 0.41447964 0.00020145568 0.24860892 3.7799306e-05 7.046132e-05 0.0028848117 0.0091548115 0.26997074 1.7675151e-05 0.0065914732 0.16113292 0.12615398 0.03273957 0.09686035 6.8248846e-05 0.12374669 5.9213776e-06 0.000117155476 3.3289248e-07 3.8667668e-08 0.0001429655 2.2374874e-05 8.3964164e-07 0.0024268224 3.513228e-06 1.008201e-07 1.5228775e-06 0.013083788 0.048583828 0.021905778 1.8095254e-05 0.005706823 0.0066395416 0.011912959 8.8216686e-05 5.5186858e-05 0.034464747 3.3412115e-07 0.027078835 0.0008919199 0.019694475 6.8028785e-06 0.0023280769 0.0060195266 0.00011382312 4.378465e-07 0.013114505
0.54285735 0.0014783319 0.035135396 0.022738772 0.00045320077 0.0046226564 0.0034230994 0.0014429291 0.19867533 0.20713854 0.01606269 7.5288654e-06 8.264714e-05 0.03345979 3.2014876e-05 4.712027e-06 0.0038820382 0.00012046655 0.017785076 0.10155902 4.0434563e-05 0.62860197 2.2428442e-06 0.0024942972 0.8615308 0.46267954 6.0527606e-07 5.236023e-06 0.08101501 0.04799478 9.49998e-22 0.78689736 8.858941e-07 0.07794753 0.0009090198 0.4413311 0.00016377607 7.314993e-06 0.21653128 0.82954717 3.978218e-05 0.06429792 0.53855747 0.22367804 0.047795597 2.6887616e-05 0.00034245703 0.48069677 0.44015002 0.00033879248 0.0012328365 0.0016043024 0.009058986 1.4204821e-05 0.04138947 7.6284086e-06 0.26986334 1.1046664e-06 0.00012297113 0.06404403 0.1592853 0.0032633939 0.00022309578 0.12520011 0.0014797545 0.0007106747 0.00011369966 0.23075078 0.0016177666 0.0014112995 8.542284e-05 0.00214684 4.245638e-06 3.7847583e-06 1.6090223e-06 2.663624e-06 1.6585356e-05 0.013819457 2.7271162e-05 2.0919636e-07 2.590669e-05 0.11665565 0.04193978 0.043113504 0.00010344773 0.013781565 0.020632064 0.00021719866 6.013183e-05 0.000111936475 0.016514152 1.7418049e-06 0.015862962 0.003961275 0.0010224137 9.682109e-06 0.015973575 0.015292873 0.0008239059 2.3288328e-06 0.009789304
