1.1377807e-34 0.16144916 0.46012166 0.03280928 0.15846004 0.11864025 0.04783954 0.016347593 0.5866718 0.64137644 0.12646785 0.77694273 0.00626976 0.028699115 0.030980896 0.05031286 0.01174357 0.0680629 0.859898 0.00704503 0.000529979 0.20833495 0.0025010777 0.7614959 0.90506715 0.73442894 0.023609657 5.673514e-05 0.87287754 0.91132325 0.92347693 0.0021864465 0.71553856 0.82075685 8.076149e-05 0.020561634 0.8949555 0.762901 0.82838255 0.8610421 7.300355e-05 0.93468136 0.94036424 0.49622917 0.6322331 0.00093085517 0.18464096 0.9349333 0.00028929196 0.94955784 0.52711964 0.23988558 0.13400798 0.5156069 0.00013895836 0.043987636 0.9285026 0.003479863 0.1978288 0.00036940837 0.004765169 0.9649083 0.016732799 0.7570448 0.016262839 0.32127205 0.9778692 0.016610604 0.99358 0.12691313 0.63413936 0.00030734588 0.008156688 0.0036778366 0.0016012645 0.99423647 0.0022929825 0.5530415 7.9265774e-05 0.9962555 0.7389305 0.00024558423 0.002206928 0.0036187475 0.0057771606 0.00011454388 0.99561244 0.9881912 0.0016031407 0.99737406 0.0017007019 0.00032746763 0.9760672 0.017789148 0.25319344 0.9973118 0.9415225 0.9944347 0.4809706 0.99848115 0.00010075489
0.16144916 2.0768848e-23 0.6158844 0.39817935 0.70255095 0.10921772 0.62839246 0.11857935 0.15060756 0.22895783 0.022075523 0.34375945 0.13880491 0.0034324322 0.47926623 0.47481295 0.27496874 0.35275072 0.24675973 0.2434267 0.03359376 0.0022598663 0.0007962964 0.0027417915 0.12435105 0.11568683 0.2652124 0.004269886 0.0975805 0.010675138 0.13161351 0.105050735 0.059358604 0.055877887 0.023411805 0.15805617 0.06652543 0.012299464 0.007723654 0.043191314 0.034712363 0.002705014 0.052761756 0.006978901 0.0048655095 0.08518853 9.163265e-05 0.039408755 0.00042222417 0.042620625 0.0034926187 0.021978684 2.6451786e-05 0.002683679 0.035944004 0.026939915 0.016456313 0.055124518 0.00040143187 0.039698906 0.0001256395 0.0058827675 0.051714417 0.00031804852 0.00011243258 0.0002512355 0.0039662854 8.6334214e-05 0.015554202 0.0006462593 0.00012405917 0.0059399037 0.00015499117 0.00012615015 0.002287733 0.0057385033 0.0004911893 0.000116779 0.0005713916 0.00589697 0.0005293941 0.0001112788 2.9697632e-05 0.00011195068 9.487653e-06 8.163624e-06 0.0002105304 0.00152939 1.9374904e-05 0.0002049504 1.1110176e-05 6.291013e-07 0.0007499009 1.4451291e-05 8.06535e-05 0.0006598272 0.00037473525 0.00053379656 4.365685e-05 0.00015459406 1.259053e-06
0.46012166 0.6158844 1.23323614e-20 0.2899986 0.5498642 0.13293307 0.4117345 0.09562614 0.31147206 0.36155495 0.028521646 0.6836046 0.10925659 0.0056428323 0.30204472 0.3260827 0.19308396 0.25690606 0.3454414 0.1596411 0.024846578 0.0042667068 0.0019223376 0.0047761546 0.2173135 0.15519199 0.20092078 0.0023330923 0.14090957 0.02386329 0.19314796 0.059639867 0.097378284 0.10127335 0.013266483 0.13256715 0.08043796 0.015219311 0.015260078 0.052597687 0.017155092 0.0052332752 0.15476295 0.00826175 0.005715834 0.044412237 0.00014447357 0.06224865 0.0003583305 0.076681525 0.0047572367 0.022328243 3.6831854e-05 0.00591562 0.019160293 0.0218882 0.05215645 0.03507693 0.0009824358 0.0172399 0.00037790037 0.01944087 0.011782368 0.000938693 0.00026405475 0.0008044491 0.009722094 0.00035903428 0.074056976 0.0012211316 0.00033208568 0.004227836 0.0003524324 0.00032818297 0.00089452 0.019482395 0.00016088276 0.00023387416 0.0007413272 0.040293448 0.0015391443 9.686612e-05 9.473724e-05 0.00027750077 3.412688e-05 9.575461e-06 0.00058814016 0.007194488 3.839371e-05 0.0007211169 2.4015588e-05 2.0924494e-06 0.0014618642 1.8436322e-05 0.00016285061 0.003360919 0.00033623277 0.0016879451 0.00012990594 0.0011298102 1.1698008e-06
0.03280928 0.39817935 0.2899986 2.0211294e-20 0.15232186 0.44156462 0.53621614 0.5489092 0.25976872 0.26361567 0.20203681 0.08936194 0.4473431 0.07807227 0.18905787 0.1142802 0.33344 0.080462314 0.1572955 0.31677917 0.17454155 0.07089614 0.018680887 0.07774252 0.10791894 0.035624176 0.13588645 0.047237262 0.036856815 0.10205295 0.06599043 0.14076091 0.013287937 0.018851608 0.076145105 0.10939691 0.032123633 0.0068931356 0.0045862193 0.013348205 0.048395418 0.05157681 0.04067159 0.0047019524 0.007958865 0.06662304 0.006358048 0.01614149 0.012958657 0.012213331 0.004932404 0.021358788 0.0032361904 0.022138603 0.023316331 0.03047416 0.024659727 0.0466998 0.0009301036 0.013181294 0.0024490855 0.017116075 0.042470712 0.0010453917 0.0024160154 0.0034392169 0.0023553118 0.0003426086 0.005302991 0.0013407427 0.0051849536 0.005928096 0.0004131035 0.0016029589 0.003947073 0.002308688 0.00075248134 0.0005061645 0.0005286935 0.008933607 0.0031489613 0.0003243391 0.0005592697 0.0002528607 4.1239062e-05 4.226814e-05 0.00025598114 0.0073847543 0.00017361763 0.00012948169 0.00035764405 6.6627404e-06 0.0042756987 0.0019705847 0.00044810452 0.0009965431 0.0055582714 0.0003972529 0.00382481 0.00044432422 1.1195793e-06
0.15846004 0.70255095 0.5498642 0.15232186 1.0986123e-22 0.037441984 0.49298972 0.050191876 0.0760004 0.09068036 0.00966696 0.35822242 0.06133271 0.0012507201 0.42777124 0.46721357 0.16531627 0.37486613 0.15373613 0.14130594 0.017290855 0.0006813264 0.00043954302 0.0008492055 0.06826382 0.1997081 0.22936752 0.002438608 0.16020644 0.0043886346 0.089399435 0.069415964 0.06843295 0.058448676 0.011904554 0.14970462 0.054611504 0.0251909 0.020489478 0.04885049 0.018126465 0.0010750074 0.030608607 0.012797734 0.009704179 0.06515431 1.9378653e-05 0.04040074 0.00015620574 0.079788536 0.0071837474 0.029355973 2.8411619e-06 0.00066029077 0.033887383 0.032141753 0.010573418 0.058673434 0.001305812 0.045205135 5.246957e-05 0.0034969663 0.03536946 0.001006795 3.532319e-05 9.71241e-05 0.009711549 0.00030178754 0.033970162 0.0015598424 1.8726507e-05 0.007625947 0.00037018847 3.331558e-05 0.0027534429 0.012010326 0.0005317604 0.0002716685 0.0010997371 0.005297284 0.00016408264 0.00022858004 8.723215e-06 0.00012414805 1.780593e-05 1.3920634e-05 0.0010661194 0.0010248396 2.5892608e-05 0.0009306328 4.4259623e-06 6.7332763e-07 0.0002036254 7.504034e-06 0.00020989953 0.0005768613 2.0506135e-05 0.0013144381 1.9235129e-05 0.00019102766 3.7531927e-06
0.11864025 0.10921772 0.13293307 0.44156462 0.037441984 1.109163e-18 0.19102582 0.43544152 0.34328887 0.2767338 0.62051564 0.04015239 0.17529824 0.47363994 0.06350291 0.03294073 0.094465286 0.029435813 0.13021643 0.08365831 0.071786344 0.37272403 0.08933298 0.23990327 0.11612325 0.012124916 0.05171254 0.040894803 0.014301113 0.22387289 0.072411984 0.050699856 0.009103302 0.015898917 0.04485381 0.042822942 0.033548456 0.0032378777 0.0021723048 0.008026241 0.027409568 0.15544908 0.07295296 0.0019278812 0.0043719835 0.030485937 0.025956439 0.0152731305 0.020858651 0.008315629 0.0028845735 0.016642738 0.01578534 0.06442154 0.010513234 0.022923682 0.043212794 0.02029064 0.0011628924 0.0065658633 0.010518208 0.04053571 0.044440594 0.00079002505 0.01641433 0.009198696 0.0021744384 0.0006409057 0.005666774 0.0010925304 0.012948356 0.0020591137 0.0005927717 0.007180443 0.0020786913 0.002078057 0.0016980723 0.00037945455 0.00016150273 0.014857778 0.008155354 0.00027776026 0.0030425359 0.00031599178 2.6570186e-05 6.547524e-05 0.00025368916 0.020389339 0.00014780632 0.00014217717 0.0018022138 4.025636e-06 0.011888954 0.0029644137 0.00024340203 0.004022313 0.014194125 0.00046206973 0.004987423 0.0015266621 1.607812e-06
0.04783954 0.62839246 0.4117345 0.53621614 0.49298972 0.19102582 1.6209277e-21 0.3129471 0.19577737 0.235243 0.079796895 0.21373804 0.4333942 0.013947598 0.52436894 0.4199868 0.53784424 0.3014926 0.18800533 0.52634764 0.1351157 0.019477056 0.0029977958 0.014182833 0.0927174 0.095427096 0.32996 0.024683015 0.07952719 0.023332102 0.06926922 0.24732749 0.025984 0.025394598 0.06698797 0.22527145 0.033513103 0.016504675 0.011321113 0.018762771 0.063546896 0.008569088 0.020378469 0.009998646 0.010364158 0.15048984 0.00058884535 0.01833966 0.0049116896 0.01818695 0.0075982884 0.04100114 0.00019863356 0.0074827606 0.056372203 0.059055228 0.012133082 0.10482199 0.0012491307 0.03746821 0.0010547801 0.0052318727 0.078280486 0.0010253283 0.00029305034 0.0008339557 0.0025841955 0.00027192148 0.0055276006 0.0016837752 0.0007124051 0.012380264 0.00051899505 0.00069073564 0.0074922075 0.0026433945 0.0018276823 0.00034896302 0.0020454184 0.003977194 0.00071623595 0.0007531206 6.8948844e-05 0.00021927868 7.347459e-05 5.1055464e-05 0.00019613546 0.0020162032 0.00019963742 0.0001114853 4.47034e-05 8.849193e-06 0.00089958624 0.00020530722 0.00091779453 0.0006267413 0.0010236907 0.00088178384 0.0006118447 0.0001993509 8.343109e-06
0.016347593 0.11857935 0.09562614 0.5489092 0.050191876 0.43544152 0.3129471 9.351845e-21 0.19277868 0.13832484 0.27502525 0.026411576 0.42390049 0.17334214 0.0827475 0.044865645 0.18225902 0.029266905 0.0710149 0.15955494 0.2459798 0.117797926 0.051909145 0.11886292 0.055613108 0.008142819 0.05645512 0.10638284 0.008868993 0.10953203 0.029091474 0.0649106 0.00491142 0.0073534073 0.086705714 0.039071817 0.01712664 0.00306129 0.0016517483 0.0048881634 0.037518002 0.057738356 0.018732453 0.002115106 0.0037564943 0.030873228 0.010780351 0.008739298 0.026872225 0.0054140845 0.0024895445 0.010649823 0.0052254726 0.025770964 0.011521762 0.013188562 0.01685926 0.017785883 0.0006732869 0.0042195446 0.0044586873 0.01530202 0.0178491 0.00091827876 0.0045034513 0.0048849992 0.0016452986 0.00032289446 0.003083357 0.0009427116 0.004597982 0.0012754498 0.00033031375 0.0035584827 0.00066388 0.0010112207 0.000443658 0.00035501522 4.522668e-05 0.0057613533 0.0039327964 5.065627e-05 0.00127362 0.00030838524 4.423634e-05 9.547613e-06 0.00014536099 0.0071606734 0.00013870298 8.320928e-05 0.0011520444 1.3512484e-06 0.0054335957 0.002126668 0.00018457053 0.000891754 0.0061633387 8.574409e-05 0.00454387 0.0003285149 5.582439e-07
0.5866718 0.15060756 0.31147206 0.25976872 0.0760004 0.34328887 0.19577737 0.19277868 1.112535e-20 0.70152944 0.24732736 0.1013824 0.11798175 0.08002071 0.060326193 0.041941844 0.08052269 0.02868115 0.40993926 0.074817315 0.056929942 0.21394384 0.022537386 0.31513187 0.3231616 0.01709064 0.03651762 0.009766077 0.01738245 0.3808532 0.17038949 0.029945519 0.02133644 0.028638938 0.020325094 0.024985412 0.06636758 0.0016563932 0.0013242434 0.021102624 0.012419655 0.16912438 0.21104641 0.0007447015 0.0004513308 0.01602511 0.007788914 0.032327443 0.002420966 0.011035846 0.00037175167 0.0020636567 0.004496778 0.051409736 0.0032226178 0.007046209 0.14643832 0.009048664 6.653505e-05 0.0027057158 0.0029847634 0.14415835 0.006432973 0.00011712867 0.007627122 0.011170635 0.0013820893 5.936285e-05 0.012380594 9.646777e-05 0.010904482 0.0008633129 6.7212284e-05 0.002338841 0.00012076977 0.0018997841 2.0287576e-05 4.8020025e-05 0.0001252863 0.116187535 0.01797839 2.6814969e-05 0.0010861001 0.000100542275 1.4533721e-05 5.1574225e-06 0.00011978469 0.06387147 4.384572e-06 0.00024287244 0.00045432046 2.73245e-07 0.024906598 0.00057347235 0.00015286879 0.008321055 0.020532079 0.001210015 0.0012781359 0.006731761 8.041687e-07
0.64137644 0.22895783 0.36155495 0.26361567 0.09068036 0.2767338 0.235243 0.13832484 0.70152944 3.023826e-20 0.15572391 0.16294107 0.097770244 0.047171738 0.07098814 0.042425223 0.0856723 0.03208015 0.4484604 0.0766089 0.03987784 0.0969299 0.011607927 0.17957443 0.35353297 0.027483214 0.04005306 0.0054964395 0.031774346 0.29104516 0.20184334 0.030411854 0.02655267 0.03568915 0.015380754 0.027016837 0.08490782 0.0019278113 0.0021607457 0.029275553 0.010769026 0.10426657 0.23108809 0.0009154448 0.0006293324 0.016598389 0.0043439236 0.043454148 0.0014018025 0.022976823 0.00048008782 0.0019571309 0.0023932469 0.036258776 0.0030632725 0.005529768 0.1408054 0.00973417 6.472464e-05 0.0030260906 0.0012909337 0.116346255 0.006368774 0.00013254405 0.0038479455 0.007824321 0.0018478947 5.266539e-05 0.021748373 0.00011018141 0.006533614 0.001011569 6.743462e-05 0.0011418565 0.00016927505 0.0024376467 2.2671567e-05 4.0387968e-05 0.00016160365 0.12958983 0.01374568 4.4365075e-05 0.0005357417 6.979606e-05 1.35911605e-05 7.6209335e-06 0.00015218627 0.0572702 3.9380375e-06 0.00022476363 0.00019824995 3.684141e-07 0.018650385 0.0003328536 0.00012826423 0.007520724 0.015504869 0.001073697 0.000926485 0.005806978 1.8257128e-06
0.12646785 0.022075523 0.028521646 0.20203681 0.00966696 0.62051564 0.079796895 0.27502525 0.24732736 0.15572391 2.7695222e-19 0.011667616 0.07196686 0.62202793 0.018394317 0.011085284 0.033901446 0.00940286 0.046034127 0.026877915 0.032277662 0.5904923 0.20908363 0.2966689 0.05154029 0.002505763 0.017393982 0.030216783 0.0029895795 0.22959271 0.025419861 0.016213933 0.003210446 0.0054872036 0.018384011 0.017047707 0.012093366 0.00084790983 0.0005260659 0.0027977396 0.0104852775 0.19203444 0.031459972 0.0008039011 0.0008714849 0.009691176 0.05239555 0.0063606673 0.03385653 0.0028882483 0.00085207145 0.00714772 0.029976252 0.0925961 0.0034387198 0.012801213 0.024949731 0.01024205 0.00037667868 0.0020683806 0.019154843 0.031870946 0.022499455 0.00018668848 0.02439683 0.008759453 0.00075941294 0.00028311275 0.0022054238 0.00023680824 0.009923419 0.0004056577 0.00021507232 0.011080386 0.00031481477 0.0006029865 0.0002225904 7.098293e-05 2.8857015e-05 0.006876442 0.007435211 4.3009255e-05 0.004803441 9.249343e-05 3.8173175e-06 7.619008e-06 2.1733653e-05 0.015559809 3.543014e-05 8.944321e-06 0.0037072494 5.746526e-07 0.00907429 0.003733567 8.9747184e-05 0.0012078354 0.013346589 0.00011783418 0.006005169 0.0007336456 7.979722e-07
0.77694273 0.34375945 0.6836046 0.08936194 0.35822242 0.04015239 0.21373804 0.026411576 0.1013824 0.16294107 0.011667616 3.5815264e-19 0.03374893 0.0022503142 0.1731056 0.23182023 0.0834204 0.21132384 0.28035817 0.07161267 0.0088220695 0.0015166282 0.00042237056 0.0021252653 0.15613936 0.27816066 0.13537847 0.00038561923 0.325648 0.011402308 0.22937647 0.03071714 0.29438743 0.2699917 0.003925424 0.10853212 0.12987962 0.04446129 0.06179073 0.15150481 0.0069118575 0.002505775 0.14825754 0.024423238 0.014663889 0.028179469 9.126728e-06 0.1558647 5.7083733e-05 0.21847424 0.011480116 0.032360457 2.1017934e-06 0.0024479786 0.015350896 0.030438455 0.048240133 0.03679083 0.004323981 0.018574435 5.6437253e-05 0.013893426 0.014155792 0.0029027844 4.793094e-05 0.0006151835 0.05936029 0.0011301406 0.28231776 0.0043835603 6.366821e-05 0.008571716 0.0009527635 5.3347212e-05 0.003015722 0.10675446 0.00053452124 0.0008180678 0.0022916754 0.11658812 0.0008158894 0.00042248477 2.2480168e-05 0.00042108048 0.00010485078 3.925516e-05 0.004051174 0.0058676903 5.089815e-05 0.004327525 3.981651e-06 8.436698e-06 0.0007138091 4.0126993e-06 0.0003546584 0.008383968 6.47919e-05 0.0047599077 8.5948275e-05 0.004095015 5.443304e-06
0.00626976 0.13880491 0.10925659 0.4473431 0.06133271 0.17529824 0.4333942 0.42390049 0.11798175 0.097770244 0.07196686 0.03374893 8.337871e-22 0.018713545 0.19567122 0.07460575 0.4383945 0.04982172 0.0508323 0.45895666 0.4262426 0.02590894 0.010084685 0.0271086 0.032153748 0.015305632 0.15240662 0.12440475 0.014843685 0.037272085 0.018315306 0.1994419 0.0043562697 0.006043043 0.19692287 0.12296497 0.013899859 0.0051704366 0.0028516906 0.0047001345 0.10090233 0.019185867 0.010912623 0.003034927 0.005131543 0.09232885 0.002345646 0.0064247544 0.019916689 0.0040951828 0.003739964 0.01929924 0.0007562915 0.01136809 0.030532822 0.030804062 0.008878103 0.061525118 0.0009107286 0.012728555 0.0013409021 0.006624843 0.03834458 0.00079214 0.000903749 0.0014216584 0.0007353309 0.00033423287 0.0022901767 0.000979515 0.0017248912 0.0015551071 0.00041020132 0.0013471332 0.0015337594 0.00079766527 0.0009289418 0.00037236974 8.741689e-05 0.0022656927 0.0015790723 5.3645716e-05 0.00015775385 0.00017808657 9.130032e-05 1.1081109e-05 4.9045648e-05 0.0042667496 0.00030504106 5.4974433e-05 0.00017418998 7.2748658e-06 0.0026147305 0.000835693 0.00043114508 0.00042743896 0.0028116738 0.00014198679 0.0019195109 0.00018271428 2.2367906e-06
0.028699115 0.0034324322 0.0056428323 0.07807227 0.0012507201 0.47363994 0.013947598 0.17334214 0.08002071 0.047171738 0.62202793 0.0022503142 0.018713545 8.559437e-21 0.0023548594 0.0015978178 0.005913073 0.0013737424 0.013448529 0.00489077 0.019644234 0.5903398 0.45565507 0.2142472 0.016514845 0.0004426228 0.0023037812 0.04050587 0.0006359818 0.12348787 0.006740364 0.0027782954 0.0011147197 0.0024026346 0.008133292 0.0031092875 0.0045201373 0.00028803662 0.00012084339 0.0009548502 0.0019870037 0.128087 0.008000239 0.00017271758 0.00034033068 0.0013015134 0.08798825 0.0014126373 0.07789512 0.0005368792 0.00022262437 0.002387722 0.0373067 0.07175585 0.00059748837 0.0050945934 0.009363496 0.0029518625 4.7741116e-05 0.00032616578 0.024016941 0.0143377585 0.002917897 6.1098224e-05 0.04272435 0.008475929 0.00014503115 6.358945e-05 0.00062205415 7.541387e-05 0.012024497 3.45312e-05 3.9551836e-05 0.01119406 1.3885933e-05 9.114893e-05 5.5873948e-06 1.40414995e-05 1.741139e-06 0.002388878 0.00536536 1.6872383e-06 0.0035413757 9.786956e-06 5.635604e-07 1.3648584e-07 1.946054e-06 0.006146739 5.4077314e-06 1.0318229e-06 0.0037112806 1.6843043e-08 0.005776723 0.004103649 1.4892986e-05 0.00032709623 0.011038751 1.0294576e-05 0.00617948 0.00028354942 3.685692e-08
0.030980896 0.47926623 0.30204472 0.18905787 0.42777124 0.06350291 0.52436894 0.0827475 0.060326193 0.07098814 0.018394317 0.1731056 0.19567122 0.0023548594 7.9283266e-23 0.5500695 0.42898688 0.46117103 0.07522544 0.44837138 0.04616522 0.0009071365 0.0005083237 0.0012431536 0.030032884 0.12160682 0.4866504 0.006359876 0.08651933 0.0047863387 0.03745952 0.24101 0.031074164 0.027145019 0.037736632 0.30756882 0.023270015 0.027296735 0.020963447 0.02076701 0.04494795 0.001768548 0.008387514 0.014292857 0.010977124 0.20605981 5.664869e-05 0.01838159 0.0009660891 0.022436429 0.007891684 0.040455304 1.0329625e-05 0.00093616423 0.07566154 0.057333574 0.0059303776 0.15545252 0.001863581 0.086308375 0.00020627142 0.0025271892 0.06269819 0.00091316 5.9328544e-05 0.00018725624 0.004314532 0.00031734168 0.011431968 0.0022484867 1.4325299e-05 0.018908346 0.00074420695 9.9238336e-05 0.008865208 0.005898627 0.0021410875 0.00045367362 0.003346183 0.00354257 0.00018781872 0.0011235353 3.3948816e-06 0.00015555846 6.503711e-05 4.1068764e-05 0.00046168143 0.0012002958 0.00014613365 0.000636236 2.6991318e-06 5.101208e-06 0.00015545139 1.6705524e-05 0.0009545256 0.00037438408 1.6512111e-05 0.0016004569 6.418538e-05 0.00019645874 5.360887e-06
0.05031286 0.47481295 0.3260827 0.1142802 0.46721357 0.03294073 0.4199868 0.044865645 0.041941844 0.042425223 0.011085284 0.23182023 0.07460575 0.0015978178 0.5500695 4.4589732e-23 0.25637078 0.58364594 0.063396126 0.25815862 0.020618437 0.0004636672 0.00027610513 0.00035026902 0.02111796 0.22701044 0.4432251 0.002938503 0.15151554 0.0018097855 0.03434726 0.116884746 0.039151877 0.031073457 0.017669626 0.3054051 0.029002618 0.049777705 0.049744636 0.035290092 0.023731556 0.0008165257 0.007787844 0.027470943 0.02023237 0.12263315 2.276853e-05 0.028096963 0.00031250698 0.06085693 0.014629032 0.06859906 2.7543e-06 0.00046872316 0.052976962 0.08306695 0.0060962033 0.11403864 0.0036154357 0.077148296 7.483291e-05 0.0020703985 0.07530988 0.0022695337 3.0287178e-05 0.00011593344 0.010826802 0.00053377415 0.030795183 0.004331251 4.2554843e-06 0.019938828 0.00096345396 2.9268738e-05 0.012168026 0.014056687 0.002585154 0.00094491005 0.004512271 0.003960238 5.1308944e-05 0.0019360414 2.174144e-06 0.0002573107 9.109983e-05 9.312707e-05 0.0027486733 0.0009302176 0.00015346476 0.0019670024 2.7450617e-06 4.5913253e-06 8.7439075e-05 6.464263e-06 0.000787848 0.0004546399 5.506176e-06 0.002512354 1.9043497e-05 0.000101345824 9.218138e-06
0.01174357 0.27496874 0.19308396 0.33344 0.16531627 0.094465286 0.53784424 0.18225902 0.08052269 0.0856723 0.033901446 0.0834204 0.4383945 0.005913073 0.42898688 0.25637078 1.729066e-21 0.1629585 0.060558576 0.62724066 0.20860326 0.007562753 0.002382411 0.00930987 0.029271476 0.043020293 0.33593583 0.030974396 0.036843628 0.0141341835 0.023283143 0.31713393 0.009799538 0.01057369 0.10153799 0.2129196 0.014798694 0.014772129 0.009651204 0.008993681 0.10828315 0.008324032 0.008676931 0.009066324 0.009827651 0.19627823 0.00046825781 0.008045071 0.004386645 0.009156025 0.0071236505 0.025282662 7.845377e-05 0.0035871908 0.070892006 0.044484526 0.007036103 0.1453912 0.0012681204 0.047085635 0.0008289705 0.0047046794 0.05274396 0.0009443507 0.00023551208 0.00035034103 0.0013295074 0.000407152 0.0036481107 0.0013882464 0.00028284072 0.0062972917 0.00077005377 0.0006220748 0.0049558193 0.0016412976 0.0013582285 0.00048286328 0.0006513276 0.0023112458 0.00096108817 0.00026201908 2.6912578e-05 0.00015465925 0.00011563432 1.4207693e-05 0.00014601692 0.0017042015 0.0003626636 8.8753295e-05 1.6442546e-05 1.4900117e-05 0.0006949064 0.00012289433 0.0014968738 0.0002650852 0.00035192876 0.0006803135 0.00067884073 0.00020272363 5.0227964e-06
0.0680629 0.35275072 0.25690606 0.080462314 0.37486613 0.029435813 0.3014926 0.029266905 0.02868115 0.03208015 0.00940286 0.21132384 0.04982172 0.0013737424 0.46117103 0.58364594 0.1629585 2.8182577e-20 0.044346347 0.1549249 0.012431743 0.00043276505 0.00020155004 0.00026078758 0.019313525 0.22874884 0.43631005 0.0014186186 0.16971989 0.0017202095 0.030625278 0.08453335 0.035915527 0.028467339 0.009786365 0.32973778 0.027928999 0.07414773 0.07654913 0.033491485 0.015610017 0.00043404658 0.0079275 0.044910982 0.03222223 0.0880939 1.3747842e-05 0.02523809 0.00015111563 0.062613875 0.022878787 0.115922615 1.9967683e-06 0.00021386355 0.044654947 0.11178348 0.004946621 0.1263482 0.011074993 0.070663825 3.804073e-05 0.001989589 0.0799827 0.004102866 4.111438e-05 4.79883e-05 0.014733481 0.0027285367 0.04071999 0.0066211163 4.036773e-06 0.021868587 0.0023426875 2.3546772e-05 0.014211312 0.018243162 0.004304095 0.0015606026 0.0070951576 0.0047443197 3.2781838e-05 0.0026037307 1.8062314e-06 0.0005031899 0.00018110732 0.00028047242 0.00397845 0.000994388 0.00019499236 0.0036840464 2.1580395e-06 1.4037068e-05 7.47025e-05 6.54408e-06 0.001684658 0.0018076213 2.642593e-06 0.005616506 2.9882924e-05 0.00040467855 5.408808e-05
0.859898 0.24675973 0.3454414 0.1572955 0.15373613 0.13021643 0.18800533 0.0710149 0.40993926 0.4484604 0.046034127 0.28035817 0.0508323 0.013448529 0.07522544 0.063396126 0.060558576 0.044346347 5.5716503e-19 0.053553943 0.016247924 0.0137980245 0.0030574983 0.020050077 0.53664947 0.044417143 0.035882626 0.0013875596 0.06201182 0.10183597 0.41968864 0.020649755 0.061043993 0.08059656 0.0041191974 0.02499604 0.14574894 0.0049380665 0.004813059 0.056232248 0.007281325 0.026777245 0.294085 0.00273592 0.001549102 0.015070006 0.00066919957 0.07958216 0.0001868684 0.08094137 0.0014385866 0.002842216 0.00011517515 0.017683785 0.005660646 0.0041521704 0.15158524 0.0060654855 0.00013045405 0.0034121952 0.00016821324 0.08688227 0.0028138359 0.00043812057 0.00022162366 0.0034701596 0.008781933 0.000100346675 0.08369845 0.00026986765 0.0005770165 0.00083125365 0.00015720357 8.839489e-05 0.00013334851 0.018522138 3.620834e-05 0.00014986415 0.00023184776 0.2463844 0.006056682 6.459681e-05 2.102815e-05 0.00015420519 1.2942212e-05 1.0611611e-05 0.000830733 0.04267183 1.3391657e-05 0.0009556267 4.248283e-06 8.783246e-07 0.014303301 3.3501008e-05 7.970969e-05 0.025047902 0.0050245933 0.0021862814 0.000115827694 0.013414417 2.1620256e-06
0.00704503 0.2434267 0.1596411 0.31677917 0.14130594 0.08365831 0.52634764 0.15955494 0.074817315 0.0766089 0.026877915 0.07161267 0.45895666 0.00489077 0.44837138 0.25815862 0.62724066 0.1549249 0.053553943 1.8889794e-21 0.22412618 0.0059699425 0.0021227922 0.008309506 0.02471478 0.038397375 0.3995608 0.031442653 0.033169847 0.013681212 0.021380527 0.39251113 0.009024254 0.010083233 0.14735927 0.26516098 0.013756617 0.015918534 0.00907845 0.008865784 0.16422027 0.0076830504 0.008314812 0.009490631 0.0102296285 0.2657118 0.00044841383 0.00789412 0.003813159 0.00839765 0.006840534 0.028346265 7.0119444e-05 0.0026460164 0.100804925 0.052711524 0.006637924 0.19014442 0.001395745 0.06926279 0.0008968682 0.004483557 0.05073457 0.0009814436 0.00033999316 0.00030734236 0.0013792353 0.00042337654 0.0037304885 0.0013809022 0.0002251307 0.0056112567 0.0008438417 0.0006231959 0.004099988 0.0016396298 0.00084856385 0.00052174955 0.0006251281 0.0016321874 0.0008119191 0.00019290468 2.2535934e-05 0.00017120475 0.00013537677 6.228376e-06 0.00016753796 0.0014481388 0.00031291644 0.0001120342 9.715675e-06 1.009678e-05 0.0005864445 8.12822e-05 0.0017797553 0.0004263105 0.00013302817 0.0008081238 0.0005524415 0.00021456035 5.206396e-06
0.000529979 0.03359376 0.024846578 0.17454155 0.017290855 0.071786344 0.1351157 0.2459798 0.056929942 0.03987784 0.032277662 0.0088220695 0.4262426 0.019644234 0.04616522 0.020618437 0.20860326 0.012431743 0.016247924 0.22412618 2.7801877e-22 0.0134219425 0.015785199 0.021767646 0.010324565 0.0029163682 0.039061114 0.15452272 0.0031005552 0.022742126 0.004492258 0.08803078 0.0008111166 0.0016412264 0.17466909 0.027952535 0.0044388124 0.0013963208 0.0005820703 0.00096622773 0.070014216 0.014007107 0.0042886403 0.00068062334 0.0017144085 0.035833478 0.0006932232 0.0011879801 0.022094853 0.00066284573 0.0012060243 0.0033896458 0.00017788475 0.0046192305 0.014746392 0.006622442 0.0033490243 0.02285782 0.00016513663 0.003987821 0.0009265994 0.0022616955 0.005704129 0.00019590552 0.0008651188 0.00039249376 0.00019291225 0.00013314837 0.00059183454 0.00028239275 0.00054639083 0.00016209172 0.00015521675 0.0010178266 0.00010076766 0.0002187415 9.1155714e-05 8.454543e-05 1.1257736e-05 0.0011856423 0.00063587143 5.99512e-06 0.00016313398 0.00012849452 2.0218968e-05 1.5780334e-06 2.719971e-05 0.0022483352 0.00014720847 2.9081844e-05 0.00010628206 1.3681287e-06 0.0026776933 0.00014551939 7.2773255e-05 0.00011612211 0.0015371662 4.334951e-05 0.0002973843 4.9687573e-05 1.7176502e-06
0.20833495 0.0022598663 0.0042667068 0.07089614 0.0006813264 0.37272403 0.019477056 0.117797926 0.21394384 0.0969299 0.5904923 0.0015166282 0.02590894 0.5903398 0.0009071365 0.0004636672 0.007562753 0.00043276505 0.0137980245 0.0059699425 0.0134219425 3.9974483e-19 0.23021281 0.6520792 0.020428002 6.423406e-05 0.0017238092 0.011318324 0.00010642801 0.32936683 0.00610383 0.003884047 0.00077044964 0.0010747721 0.0023272214 0.003125268 0.002193861 3.088301e-05 9.488367e-06 0.00053725415 0.0011263778 0.28536543 0.01174016 2.1825335e-05 3.2896773e-05 0.0023927016 0.5432086 0.0011816666 0.053250667 0.00011484392 1.9697589e-05 0.00039252295 0.26017666 0.16772255 0.0004909753 0.0022360634 0.012903682 0.0024823458 2.7889973e-06 0.00012887544 0.14952302 0.0240901 0.0026656406 3.40746e-06 0.2871847 0.022516042 1.5731523e-05 3.391904e-06 0.00012812486 3.8216485e-06 0.08891079 1.1924151e-05 2.0000234e-06 0.083228596 1.7473302e-06 7.4160293e-06 4.797786e-07 4.3536195e-07 7.128692e-07 0.0028986956 0.015446284 2.471359e-07 0.015374074 1.8339556e-07 1.1735871e-07 2.3317575e-08 1.238318e-07 0.027102655 3.241342e-07 9.274422e-08 0.014183739 9.043641e-09 0.0108170435 0.00913015 6.290212e-06 0.0003119975 0.022334725 8.829838e-06 0.011299648 0.0004294149 7.597837e-09
0.0025010777 0.0007962964 0.0019223376 0.018680887 0.00043954302 0.08933298 0.0029977958 0.051909145 0.022537386 0.011607927 0.20908363 0.00042237056 0.010084685 0.45565507 0.0005083237 0.00027610513 0.002382411 0.00020155004 0.0030574983 0.0021227922 0.015785199 0.23021281 4.213036e-21 0.07321974 0.002657779 0.0002246687 0.0005108442 0.09069098 0.00037818518 0.040484805 0.0015259917 0.0010969258 0.000183599 0.0004032956 0.0071102832 0.0010555875 0.0007369814 0.0002324912 8.4387466e-05 0.00013526889 0.0016605234 0.042723373 0.0015329317 0.00013151346 0.00027194768 0.0007324575 0.047720708 0.00021976838 0.17647304 0.00014269391 0.00023253886 0.0008650697 0.0134435855 0.030533433 0.0005546947 0.0019599195 0.003085909 0.0008357197 6.270881e-05 0.00023254861 0.022922687 0.0043021603 0.0004934728 6.655371e-05 0.021889348 0.0020258827 0.00012244277 6.594679e-05 0.00028797565 4.5293244e-05 0.0065082065 2.2608136e-05 2.068627e-05 0.0077213603 8.819386e-06 5.5927077e-05 3.5389398e-06 1.2239822e-05 1.204585e-06 0.0016367723 0.0012672059 8.4701827e-07 0.0015075367 1.312156e-05 2.0305663e-06 7.58659e-08 5.436046e-06 0.00346965 1.1670367e-05 3.7608997e-06 0.0025351758 1.5922548e-07 0.0039336295 0.0017110542 3.97685e-06 0.00016818325 0.008104192 8.126631e-07 0.0026248917 0.00028048767 5.65871e-08
0.7614959 0.0027417915 0.0047761546 0.07774252 0.0008492055 0.23990327 0.014182833 0.11886292 0.31513187 0.17957443 0.2966689 0.0021252653 0.0271086 0.2142472 0.0012431536 0.00035026902 0.00930987 0.00026078758 0.020050077 0.008309506 0.021767646 0.6520792 0.07321974 1.05800284e-19 0.05379614 0.000113274415 0.0012006724 0.009772733 0.00025551167 0.6491859 0.014075616 0.0024229651 0.0018402779 0.0024878155 0.0051553156 0.0016642831 0.005849808 2.2690732e-05 1.7282397e-05 0.0011024548 0.0018651775 0.6210639 0.04429958 2.2072878e-05 2.4488994e-05 0.0013942901 0.3399616 0.0024080826 0.0120740915 0.00030196115 2.5136576e-05 8.568834e-05 0.14895384 0.355823 0.0005030546 0.0007866024 0.0980686 0.0009812423 1.9753938e-06 0.0005656242 0.035223998 0.1826828 0.00096713816 5.0672957e-06 0.087157816 0.10796136 5.099216e-05 5.025642e-06 0.00032180033 3.6820634e-06 0.07742801 0.00015394394 5.740706e-06 0.025713902 7.532492e-06 6.269733e-05 2.704468e-06 1.117173e-06 3.3029213e-05 0.05227068 0.08959692 4.8340626e-06 0.010196084 5.728461e-06 5.00789e-07 4.6664732e-07 6.667454e-07 0.183418 1.1417939e-06 7.9333296e-07 0.0065767425 7.628437e-08 0.044581432 0.008335081 7.246628e-06 0.0010125237 0.042767797 1.9359868e-05 0.009877856 0.0025320866 4.444047e-08
0.90506715 0.12435105 0.2173135 0.10791894 0.06826382 0.11612325 0.0927174 0.055613108 0.3231616 0.35353297 0.05154029 0.15613936 0.032153748 0.016514845 0.030032884 0.02111796 0.029271476 0.019313525 0.53664947 0.02471478 0.010324565 0.020428002 0.002657779 0.05379614 5.5967226e-19 0.03112097 0.016533054 0.00094754953 0.040997826 0.23080094 0.50530046 0.007996777 0.05523882 0.0817543 0.0025711728 0.011801694 0.1874961 0.0027064036 0.0016041716 0.053798743 0.003279882 0.093835466 0.42688063 0.001185579 0.0005906093 0.0043984074 0.0016470301 0.0851124 0.0001269756 0.057992056 0.00052541605 0.001575536 0.00053158903 0.037588205 0.0013584502 0.0023450446 0.23668146 0.0035685622 4.85131e-05 0.0011293524 0.0001646179 0.16503006 0.0019549408 0.00026588578 0.00023110604 0.0073327734 0.0040408005 6.58833e-05 0.058734022 0.0001791702 0.0015403859 0.0003886126 7.465429e-05 0.00014708652 7.467379e-05 0.007274526 2.4856336e-05 8.385846e-05 0.0001015003 0.32248038 0.014131419 3.502368e-05 5.141651e-05 7.668486e-05 4.7532703e-06 6.792298e-06 0.00036736156 0.0720054 3.5372864e-06 0.0003246266 1.1985604e-05 4.750359e-07 0.028454108 0.00010641604 2.336297e-05 0.0344232 0.011902108 0.0008860438 0.00039300334 0.019882612 1.0816268e-06
0.73442894 0.11568683 0.15519199 0.035624176 0.1997081 0.012124916 0.095427096 0.008142819 0.01709064 0.027483214 0.002505763 0.27816066 0.015305632 0.0004426228 0.12160682 0.22701044 0.043020293 0.22874884 0.044417143 0.038397375 0.0029163682 6.423406e-05 0.0002246687 0.000113274415 0.03112097 3.7763003e-19 0.1693876 0.00021272626 0.6268728 0.00081988843 0.04875697 0.014209692 0.07005059 0.039633628 0.00042430416 0.19539969 0.037801508 0.24999915 0.47202802 0.10347051 0.0016687118 0.00018670256 0.029689265 0.11367617 0.078075975 0.018892642 2.1092059e-07 0.0702214 3.3695567e-05 0.309863 0.05640409 0.14140804 2.0818423e-08 0.00022750461 0.0074128658 0.11509997 0.01597376 0.049065515 0.01926587 0.020502452 5.9525914e-06 0.0039691534 0.04484075 0.010321046 6.991557e-07 5.2752406e-05 0.23424223 0.0061281146 0.42429107 0.0095830355 2.353687e-07 0.009539491 0.0042153923 1.9706185e-06 0.013859522 0.24252996 0.0050900504 0.005242316 0.0037855078 0.0810153 0.00030380487 0.0036365539 4.354093e-07 0.0008655215 0.0005157487 0.00042896502 0.038673334 0.0023397515 0.00018285043 0.032409232 5.1510153e-07 3.0335075e-05 0.00014716746 6.917765e-07 0.001644726 0.02033599 1.1746475e-05 0.030438563 1.2819805e-06 0.008197286 0.00012659618
0.023609657 0.2652124 0.20092078 0.13588645 0.22936752 0.05171254 0.32996 0.05645512 0.03651762 0.04005306 0.017393982 0.13537847 0.15240662 0.0023037812 0.4866504 0.4432251 0.33593583 0.43631005 0.035882626 0.3995608 0.039061114 0.0017238092 0.0005108442 0.0012006724 0.016533054 0.1693876 2.947532e-20 0.005962296 0.11617641 0.004454114 0.017882768 0.33845448 0.030830342 0.021700354 0.050516643 0.6231323 0.01963852 0.07267871 0.06079167 0.025159668 0.06673786 0.0019673747 0.0065277466 0.045340147 0.03189419 0.31496972 0.00013385662 0.015502984 0.003205065 0.039104123 0.021913921 0.18723597 2.8115974e-05 0.00090875884 0.14767501 0.24609824 0.0061461935 0.3507611 0.012460248 0.20117147 0.00024380581 0.003383101 0.19803177 0.0046076784 7.910816e-05 0.00018330787 0.01103924 0.0029969797 0.022322848 0.010281867 1.3915165e-05 0.05202518 0.0038563213 0.00014002953 0.02178335 0.011392086 0.0065838182 0.0018310085 0.014625649 0.006911907 0.00019110876 0.0039013466 5.9154168e-06 0.0006514425 0.0004468614 0.0002506762 0.0038300443 0.0020466612 0.00060786365 0.0033812015 4.276359e-06 2.215519e-05 0.00018473376 2.7134316e-05 0.0031846145 0.0019572813 4.611652e-06 0.0039174454 0.00023140178 0.000404643 0.00012321342
5.673514e-05 0.004269886 0.0023330923 0.047237262 0.002438608 0.040894803 0.024683015 0.10638284 0.009766077 0.0054964395 0.030216783 0.00038561923 0.12440475 0.04050587 0.006359876 0.002938503 0.030974396 0.0014186186 0.0013875596 0.031442653 0.15452272 0.011318324 0.09069098 0.009772733 0.00094754953 0.00021272626 0.005962296 1.409889e-20 0.00018712165 0.004190882 0.00048605743 0.021691184 9.296832e-05 0.00017187615 0.11834406 0.0044213766 0.00029905373 0.000120139106 7.060156e-05 5.3890515e-05 0.039406605 0.0049327733 0.0004456066 6.026203e-05 0.00016226541 0.009771233 0.0011803522 6.362639e-05 0.16596836 6.220929e-05 0.00015940044 0.00055524247 0.0002419198 0.00282733 0.0039310753 0.0016753157 0.0008257883 0.0026660177 8.365398e-05 0.00094337575 0.0022272621 0.00063082436 0.0005383771 5.87186e-05 0.0025546474 0.00016868651 0.00011266346 0.00015186833 0.00014713072 8.35685e-05 0.0005091677 7.979609e-05 9.333014e-05 0.0024395294 2.084975e-05 9.316092e-05 3.0147932e-05 1.0467338e-05 1.0326632e-05 0.0013673613 0.00041394998 6.8132863e-06 0.00071352726 8.7926e-05 6.5567183e-06 2.6374491e-06 2.9069602e-06 0.0014286226 7.115869e-05 3.5241005e-06 0.00055730826 1.2125076e-06 0.002444898 0.0002268923 1.7126351e-06 7.465443e-05 0.0018072411 6.725986e-07 0.00032198086 6.699828e-05 1.3374805e-06
0.87287754 0.0975805 0.14090957 0.036856815 0.16020644 0.014301113 0.07952719 0.008868993 0.01738245 0.031774346 0.0029895795 0.325648 0.014843685 0.0006359818 0.08651933 0.15151554 0.036843628 0.16971989 0.06201182 0.033169847 0.0031005552 0.00010642801 0.00037818518 0.00025551167 0.040997826 0.6268728 0.11617641 0.00018712165 1.3583691e-17 0.0012672126 0.070093624 0.012137578 0.09921945 0.048054237 0.00057134003 0.12939578 0.049710184 0.13515042 0.27130523 0.15708755 0.0012541511 0.00021339371 0.041542824 0.07573749 0.042855393 0.013658059 4.975334e-07 0.08662333 4.3292206e-05 0.40080038 0.03424008 0.079491235 6.478197e-08 0.00031191448 0.0057331347 0.07649467 0.019137917 0.032657772 0.0100103235 0.012809542 3.1233503e-06 0.0046241092 0.01811367 0.008009584 1.538657e-06 8.546961e-05 0.26152843 0.0045848284 0.48091155 0.0068220613 5.7322126e-07 0.005817063 0.0028793074 3.4372717e-06 0.00747097 0.25649324 0.0025565277 0.0038282913 0.0022292628 0.13573709 0.0006716583 0.002413733 2.4146664e-06 0.0008133947 0.00029076455 0.00032795488 0.031550944 0.003012135 0.00017465756 0.026417458 1.2626821e-06 3.444069e-05 0.00015964752 2.3695143e-06 0.0013106891 0.037685387 1.5037631e-05 0.025780573 8.64698e-06 0.0117278 2.1180507e-05
0.91132325 0.010675138 0.02386329 0.10205295 0.0043886346 0.22387289 0.023332102 0.10953203 0.3808532 0.29104516 0.22959271 0.011402308 0.037272085 0.12348787 0.0047863387 0.0018097855 0.0141341835 0.0017202095 0.10183597 0.013681212 0.022742126 0.32936683 0.040484805 0.6491859 0.23080094 0.00081988843 0.004454114 0.004190882 0.0012672126 2.2303473e-17 0.08668513 0.0038487453 0.0042607053 0.0073729465 0.008259788 0.004249923 0.024753198 0.00010940439 0.00010689582 0.0038803692 0.003063832 0.67493373 0.18993974 8.376438e-05 6.996033e-05 0.0022009714 0.11223098 0.006300662 0.0022333912 0.0014565414 9.617859e-05 0.00042629242 0.061771996 0.38495305 0.0010763266 0.0024005699 0.25342482 0.0026719396 3.0225025e-05 0.0015667883 0.00886876 0.37399846 0.0014790687 5.2700365e-05 0.0217156 0.102439985 0.00039005745 5.1303756e-05 0.0017300576 2.7068822e-05 0.041767318 0.0003246009 4.321779e-05 0.0063874805 7.9487945e-05 0.00037044592 2.310788e-05 1.1545696e-05 0.00010233432 0.1998025 0.102069765 4.268644e-05 0.0054347487 0.00010697385 3.776804e-06 7.3243336e-06 1.2358476e-05 0.22065566 5.2716473e-06 8.356663e-06 0.0022313143 1.5701628e-06 0.07929694 0.0052981 3.0068883e-05 0.008436277 0.04494858 0.00016298315 0.011611403 0.015830666 1.6851108e-06
0.92347693 0.13161351 0.19314796 0.06599043 0.089399435 0.072411984 0.06926922 0.029091474 0.17038949 0.20184334 0.025419861 0.22937647 0.018315306 0.006740364 0.03745952 0.03434726 0.023283143 0.030625278 0.41968864 0.021380527 0.004492258 0.00610383 0.0015259917 0.014075616 0.50530046 0.04875697 0.017882768 0.00048605743 0.070093624 0.08668513 6.750782e-19 0.007641431 0.08762132 0.31553656 0.0013995763 0.014346143 0.5697083 0.0043900954 0.0042583146 0.06599086 0.0017955876 0.022091286 0.49977222 0.0020136293 0.00059974595 0.0063113007 0.0001682102 0.16637692 9.189651e-05 0.093142994 0.0004963851 0.0023534864 3.137491e-05 0.00692363 0.0029333986 0.003788834 0.21916442 0.006019902 6.838247e-05 0.004963605 2.9157101e-05 0.0916859 0.0050822776 0.0003838487 3.217486e-05 0.0018088552 0.0068346485 0.00014371297 0.07980142 0.00014763248 0.00044272497 0.0010448648 0.000137622 5.9787937e-05 0.00032254172 0.015311172 0.00020419402 0.00016122419 0.00029392415 0.3693013 0.0034170665 9.2352406e-05 2.3724619e-05 0.0001346245 4.9766886e-06 2.9885034e-05 0.00041414626 0.03126452 1.034396e-05 0.00043473553 2.8043198e-06 3.4105453e-06 0.013810728 5.4544744e-05 5.4789565e-05 0.038483456 0.004238225 0.0008131555 0.00024166268 0.022177288 3.586609e-06
0.0021864465 0.105050735 0.059639867 0.14076091 0.069415964 0.050699856 0.24732749 0.0649106 0.029945519 0.030411854 0.016213933 0.03071714 0.1994419 0.0027782954 0.24101 0.116884746 0.31713393 0.08453335 0.020649755 0.39251113 0.08803078 0.003884047 0.0010969258 0.0024229651 0.007996777 0.014209692 0.33845448 0.021691184 0.012137578 0.0038487453 0.007641431 4.934528e-21 0.008784626 0.010101496 0.148028 0.3034088 0.010637662 0.008862196 0.0022651223 0.006901322 0.17592229 0.0014293327 0.0046953163 0.0074168826 0.00400369 0.34385258 0.00028833922 0.0055775484 0.0024703639 0.0020618862 0.0031058942 0.03489232 4.6980258e-05 0.0006293144 0.19875935 0.10071162 0.004385131 0.2589557 0.0011065323 0.1730474 0.00061330636 0.0021925308 0.07583655 0.00038182223 0.0005886119 0.00025813628 0.000749176 0.0003881703 0.0031400968 0.0004551353 7.855829e-05 0.009461987 0.00088665786 0.00043567375 0.002073662 0.0009820901 0.0005867253 0.00023077238 0.0012912464 0.0010480509 0.00032522774 0.00025491437 2.6637445e-05 0.00014680512 9.822146e-05 8.55858e-06 5.3528485e-05 0.0013517643 0.00030903795 0.00011902005 8.799256e-06 9.883085e-06 0.00086804974 5.4126675e-05 0.0015704363 0.00027058486 0.00016019381 0.0025857766 0.00023872154 0.00042518866 5.7376332e-05
