4.48756e-36 0.95695025 0.97100914 0.983894 0.9298082 0.98888046 0.9480907 0.91706145 0.97999525 0.8179461 0.90073353 0.9980782 0.8578065 0.9762885 0.9445175 0.80536926 0.8920741 0.82515293 0.95633405 0.7959683 0.96654284 0.59390503 0.8974474 0.9202789 0.9099595 0.48839444 0.91947913 0.40114665 0.98052627 0.8010369 0.289049 0.30457452 0.35127166 0.39706558 0.26830864 0.52481455 0.9130814 0.24100599 0.15517266 0.11499325 0.45139685 0.7243474 0.3426777 0.10854496 0.10502069 0.021190956 0.6890932 0.9979799 0.26184255 0.22325435 0.12791768 0.96916395 0.34481564 0.68504953 0.43363786 0.72681963 0.6205775 0.539356 0.42197883 0.66818 0.018437598 0.35551724 0.3715122 0.063825026 0.014682836 0.99881566 0.9979135 0.015846435 0.30451745 0.0058876765 0.009769057 0.0066948878 0.0040070135 0.004353139 0.0044049895 0.40622014 0.9709286 0.020028519 0.12671529 0.0045073614 0.0022030715 0.028827291 0.0054819807 0.061455727 0.002090483 0.6154739 0.66973066 0.003076608 0.0553304 0.029354816 0.0011511378 0.0026605746 0.0010586968 0.0005810094 0.0013796668 0.021404654 0.00033374203 0.032199666 0.040670756 0.0026139913 0.0023566005
0.95695025 1.1289885e-16 0.68824625 0.6611293 0.56042993 0.330606 0.25340483 0.35876936 0.20056953 0.13132463 0.059252206 0.3164786 0.26134497 0.018779589 0.24228229 0.13724104 0.0026821618 0.015452236 0.014667163 0.0990654 0.0045224917 0.0012147335 0.0029401905 0.05635116 0.005630539 0.05712546 0.07126087 0.033432264 0.015344793 0.0004096425 0.05988365 0.045976046 0.038781356 0.040170245 0.03654451 0.00025237547 0.0017419247 0.00010643268 0.010132027 0.008162914 9.7855795e-05 0.0016710131 0.00025837444 0.007814184 0.008606352 0.0053024166 0.014009271 0.007478237 0.0015546659 0.0071930746 0.004797389 0.0035070577 0.0018801326 0.0021291228 0.0006421005 0.0010081016 0.0026342957 0.0031943251 0.0029654317 0.00082753296 0.005565344 0.000897792 0.0007341302 0.0018447657 0.0039971755 0.011050321 0.045081683 0.0007410724 0.00035553376 0.00090795703 0.000977292 0.0040447386 0.0009781923 0.0004610942 0.00037312263 0.012942558 0.00089301134 0.00083391205 7.3909614e-05 0.00020390756 0.00029319513 0.0010110824 0.000376189 0.00046962115 0.00025129496 0.0008371942 0.0007566316 1.4941269e-05 0.00019573054 5.044648e-06 0.00034801319 0.00038769952 7.159208e-05 0.00016794556 4.9457478e-05 0.0016025332 0.0002746371 8.717837e-05 0.00036839445 0.00024194035 0.00051698275
0.97100914 0.68824625 1.3198106e-16 0.39361483 0.3702732 0.5337339 0.13250686 0.7563933 0.47356743 0.28693703 0.1431343 0.21414621 0.36705557 0.03915142 0.16424339 0.19547208 0.0062789535 0.02805248 0.12535127 0.096988484 0.0042354576 0.004498854 0.002117962 0.020393249 0.004323429 0.045644242 0.050877064 0.074443474 0.08231612 0.0018514289 0.09479238 0.053612184 0.02424126 0.023168644 0.032974344 0.00059460616 0.00083202415 0.000916133 0.0063449424 0.0058601433 0.00047654848 0.00062370964 0.0017181765 0.013024566 0.01344038 0.014865331 0.0027048348 0.005935676 0.009513103 0.0030312652 0.0022641409 0.0027537185 0.009319531 0.00018526272 0.007912102 9.379162e-05 0.00020607971 0.00040771734 0.0005842234 8.944829e-05 0.010708674 0.00032583656 0.00011456782 0.0006892331 0.004633291 0.014521564 0.017523553 0.00026160112 0.00013978736 0.0018683171 0.00054103247 0.002146057 0.00039538296 0.00014405245 0.00012836728 0.005403559 0.000243228 0.00058053277 3.66376e-05 0.000776855 0.00011014622 0.00041068142 0.00013722503 0.0003710157 8.726788e-05 0.00029184244 0.00024628363 7.2558294e-05 7.806403e-05 7.535775e-06 9.484889e-05 8.811108e-05 2.6192727e-05 3.0681596e-05 0.00024156386 0.00063737377 5.9070484e-05 6.098948e-05 9.629101e-05 0.0010930793 0.00018992867
0.983894 0.6611293 0.39361483 2.0367715e-20 0.20275073 0.41634238 0.173724 0.17692979 0.18870287 0.09427108 0.039231446 0.5501358 0.15722546 0.008349561 0.23072325 0.122862086 0.0014217953 0.010146231 0.0046712854 0.07886846 0.017385293 0.00047477483 0.006162202 0.121816196 0.010934155 0.043852385 0.088306494 0.018451683 0.007650426 0.0005060492 0.045874175 0.029516308 0.03462574 0.039158724 0.024179196 4.8037793e-05 0.003784986 4.2263506e-05 0.014682348 0.011249962 6.915905e-05 0.0049494593 7.579463e-05 0.011017549 0.010884471 0.0026655337 0.03318186 0.010853903 0.00071911095 0.01424025 0.010582511 0.0044776406 0.0007838781 0.0077580665 0.000101782076 0.0025977457 0.00847852 0.0113508925 0.013758198 0.0022195375 0.0028373862 0.0011142652 0.0010272692 0.0061199493 0.002632455 0.027513504 0.10869612 0.0020278136 0.0019122217 0.0001389545 0.0018158447 0.00513462 0.0011509896 0.001201704 0.0012057171 0.025231436 0.0010006286 0.0019596103 0.00051880744 1.4086418e-05 0.00057646265 0.0020375305 0.0018129569 0.0018539792 0.00031451468 0.00081490487 0.0008366855 2.541255e-06 0.00019044286 1.1118947e-06 0.00035956845 0.001046647 0.00024478737 7.392752e-05 9.630107e-06 0.0017200668 0.00015629962 0.00019031868 0.0007871739 5.935639e-05 0.0010829828
0.9298082 0.56042993 0.3702732 0.20275073 4.076777e-17 0.16473395 0.7766587 0.2082135 0.089568295 0.06586737 0.019917965 0.2059047 0.193637 0.0042952625 0.29174888 0.11880068 0.0004190972 0.006115419 0.0071715326 0.09863486 0.004761826 0.0003450151 0.0025608714 0.06195015 0.0058657653 0.05660167 0.087439135 0.021239595 0.0073631546 9.7948505e-05 0.030431628 0.036709797 0.033480387 0.035488676 0.034724638 7.2658004e-05 0.0015174504 1.6245993e-05 0.008991738 0.006685295 3.2805605e-05 0.002586281 8.0892765e-05 0.0071728667 0.006192063 0.003488968 0.016266266 0.010373067 0.0005785031 0.0070395363 0.005096154 0.0066358633 0.00035995358 0.0066803847 0.0001617978 0.0031172668 0.0050591505 0.0046313587 0.0032311669 0.0025929478 0.0050431434 0.00063803454 0.0008947163 0.003039428 0.0021172562 0.0041624387 0.022958059 0.00036560357 0.00094141025 0.00038425488 0.0002974898 0.0021448152 0.00024269948 8.19748e-05 6.350733e-05 0.008947048 0.0006980425 0.00042683264 0.00030750918 5.00597e-05 8.7197914e-05 0.00065497495 5.320875e-05 0.0005380794 2.458461e-05 0.00079403736 0.00071039586 2.275352e-06 0.00047662167 7.000337e-07 1.6501768e-05 3.3682936e-05 8.731654e-06 1.7563545e-05 7.746094e-06 0.00070563867 1.3184242e-05 0.00012880025 0.00024470192 0.00031981568 8.674894e-05
0.98888046 0.330606 0.5337339 0.41634238 0.16473395 5.731719e-19 0.12799983 0.24577545 0.45249337 0.1753431 0.14984596 0.18363443 0.18135671 0.12909308 0.20533538 0.15521687 0.03287339 0.064128384 0.042875506 0.054058768 0.0087664565 0.014586459 0.0035439641 0.06845811 0.00524906 0.030405963 0.067713976 0.061177175 0.037021115 0.0047055683 0.09936186 0.03724592 0.022656964 0.02384659 0.022697387 0.0008673096 0.0024464652 0.0017201349 0.011920759 0.011027146 0.0015680343 0.0025473856 0.0032208068 0.024131576 0.03180403 0.007689329 0.012431755 0.005390157 0.0035563316 0.008044361 0.00779491 0.0019134358 0.0052699656 0.0020889973 0.0011292232 0.00062065595 0.0022643544 0.0033220781 0.005496547 0.0007281776 0.011550191 0.000893002 0.0022685826 0.006531931 0.014313523 0.09742832 0.20404764 0.0014789727 0.0015617416 0.002515383 0.0026140986 0.04335309 0.0032352293 0.0008170589 0.00072274724 0.027197007 0.0012782706 0.006686679 0.00090438186 0.0011811196 0.012154322 0.0038420619 0.002082652 0.0016635407 0.00074123393 0.0015615757 0.0017146529 0.00054538634 0.0014649114 0.00027299722 0.0012539197 0.0058104764 0.010791403 0.0006188896 0.0009905453 0.007883008 0.0013569585 0.0004004501 0.0017393832 0.0016881841 0.01450986
0.9480907 0.25340483 0.13250686 0.173724 0.7766587 0.12799983 1.0693366e-17 0.13761872 0.060327314 0.04214085 0.00967373 0.21532725 0.14960806 0.002461978 0.47254997 0.098282725 0.00011937847 0.0033436152 0.004133285 0.14542106 0.020931873 9.633987e-05 0.0094870245 0.16335587 0.023023661 0.072221026 0.15693022 0.009728086 0.006211243 3.402513e-05 0.019893961 0.038357813 0.044415247 0.060913976 0.037596002 3.2745313e-05 0.007441631 9.318931e-06 0.009727733 0.006460205 9.990605e-06 0.012255013 2.977204e-05 0.0058404873 0.0042428174 0.001348547 0.051656507 0.031404395 0.00023115984 0.0135405315 0.0064362306 0.021210806 0.0001792883 0.025466023 6.3270236e-05 0.014178594 0.018477323 0.014495117 0.006162193 0.011268634 0.0026521746 0.002137893 0.0029491363 0.004905124 0.0012635741 0.0019711852 0.017749215 0.00040670857 0.0027441788 7.5636424e-05 0.00021247726 0.0011479908 0.0001013784 4.420855e-05 3.694242e-05 0.01611737 0.003307623 0.00046356313 0.001544917 1.01993755e-05 1.9864368e-05 0.0008495801 5.061956e-05 0.00086028397 6.154745e-06 0.00379903 0.0037347886 1.3396977e-06 0.0015101909 2.8319144e-07 9.757953e-06 2.4774286e-05 3.6628705e-06 3.903913e-06 1.8146641e-06 0.00054800516 7.022313e-06 0.0006367568 0.00031847376 3.5559075e-05 3.6287987e-05
0.91706145 0.35876936 0.7563933 0.17692979 0.2082135 0.24577545 0.13761872 1.9183069e-16 0.278591 0.3877469 0.21329227 0.12216827 0.6833827 0.04097285 0.2671194 0.40706885 0.008102959 0.055986315 0.10291083 0.1883979 0.010987309 0.0061017815 0.0068933666 0.026802527 0.009543467 0.10891931 0.06772142 0.16960464 0.056763615 0.0027688458 0.1579944 0.15072902 0.061082996 0.049359262 0.09053828 0.0022795887 0.0018871619 0.0012989572 0.012110014 0.014703527 0.0009760476 0.0016621562 0.00185499 0.033193618 0.03174405 0.02663262 0.004643381 0.0052974867 0.0072806682 0.007198327 0.005500273 0.002713358 0.007085444 0.0008676277 0.008984157 0.00060960726 0.0007400014 0.0009897659 0.00054506754 0.00042047157 0.012440209 0.0008230546 0.00041569106 0.0011050848 0.0021110633 0.0031329298 0.0012838563 0.0011705363 0.00020495392 0.0017636281 0.0009420358 0.0012522138 0.00028264738 0.00013048715 8.403835e-05 0.0010916458 0.000420098 0.00020454054 7.323939e-05 0.0007304133 6.0119735e-05 0.00028609918 4.9945782e-05 0.00016361449 1.3892822e-05 0.0002581712 0.00026893322 0.0001213491 0.00011521009 5.157784e-05 8.150728e-06 1.6898526e-05 2.4294182e-05 3.8128205e-06 0.00048087162 0.00026981696 1.0990272e-05 6.0494254e-05 4.6455552e-05 0.00029625822 6.0590042e-05
0.97999525 0.20056953 0.47356743 0.18870287 0.089568295 0.45249337 0.060327314 0.278591 2.9708212e-19 0.27990133 0.32719356 0.06939152 0.1730149 0.4470125 0.10932137 0.1482031 0.13837421 0.16129948 0.2735217 0.041301027 0.0011027377 0.04311405 0.00069105846 0.0097453855 0.00093906315 0.02237394 0.028508464 0.124053955 0.1754549 0.04416733 0.11518379 0.024157133 0.011760768 0.012370061 0.012364082 0.0030003446 0.0004400123 0.009917969 0.003661818 0.00300383 0.0043303776 0.00042113755 0.011762558 0.011662346 0.020331448 0.0065057646 0.0018517554 0.00024524183 0.008573131 0.0013568039 0.0008930472 9.1681344e-05 0.015753001 0.000108832355 0.00452081 4.8946586e-05 0.00010177897 0.00024435585 0.0008639582 5.13272e-05 0.00864353 0.000104706574 0.00050533615 0.0017127531 0.010245673 0.12351033 0.14343403 0.00019207495 0.00014888606 0.0018339592 0.0004173009 0.02319886 0.0007146145 0.00022437407 0.0002118466 0.00407066 3.0354726e-05 0.003288194 9.119424e-05 0.0013532134 0.0037489398 0.0012833881 0.0008122816 0.00031431165 0.0002509307 0.00014889671 0.0001512285 0.0008504625 0.0002586725 0.0004210416 0.0004530873 0.0027890669 0.0028797057 0.0003504752 0.00089248264 0.0052163834 0.00052111124 9.393494e-05 0.00047218252 0.0010512517 0.0073908097
0.8179461 0.13132463 0.28693703 0.09427108 0.06586737 0.1753431 0.04214085 0.3877469 0.27990133 1.2313578e-17 0.7451024 0.07530848 0.16779236 0.13849886 0.04276966 0.14853261 0.06911929 0.2085446 0.15815587 0.049716834 0.0033668953 0.06682327 0.00090381026 0.0035203474 0.0010208591 0.036056258 0.020884328 0.25532517 0.10878603 0.016080761 0.15169635 0.06025715 0.017353248 0.014133772 0.038722962 0.0040342603 0.0001867179 0.011541491 0.0058518634 0.0058936537 0.0023579637 0.00010664513 0.015740138 0.022941623 0.025481181 0.045856033 0.00026667834 0.0013779765 0.016261892 0.0017445106 0.0011557463 0.0004976926 0.012665771 3.0793894e-05 0.03160017 0.000103894025 4.487049e-05 7.15368e-05 2.9362816e-05 0.00013106284 0.018819222 7.183693e-05 6.4010914e-05 0.00039193025 0.003472454 0.0040340065 0.0007696915 0.00019469153 0.00011193498 0.005093649 0.0003323816 0.001614537 0.00014684096 6.2995205e-05 4.646636e-05 0.0014080689 3.8521383e-05 0.0003654258 7.529852e-05 0.0051208027 7.363101e-05 0.0007424171 4.4560427e-05 0.00034252708 1.3422113e-05 2.6573784e-05 4.4207794e-05 0.0019623651 0.00016557297 0.00031535653 1.03017655e-05 4.8453774e-05 3.111739e-05 2.5704824e-06 0.0036023762 0.00040459423 8.234436e-06 5.2401418e-05 0.00020985349 0.00114312 7.6750046e-05
0.90073353 0.059252206 0.1431343 0.039231446 0.019917965 0.14984596 0.00967373 0.21329227 0.32719356 0.7451024 2.0156209e-16 0.023241827 0.056208413 0.8140892 0.010542687 0.04645539 0.44500646 0.5549188 0.27059624 0.019092329 0.0004372836 0.26389375 0.00021504666 0.00028151833 0.00015182284 0.013916559 0.0056566717 0.34958246 0.16400354 0.053217385 0.10920267 0.025640195 0.0052562235 0.0037686336 0.009084426 0.0053972215 6.8947134e-05 0.06349301 0.0017466015 0.0020446966 0.0038790572 2.8157618e-05 0.08572998 0.004830448 0.0076998584 0.06298671 8.7432076e-05 0.00017157022 0.013265305 0.0005301365 0.00021920928 6.356131e-05 0.016050417 2.2278778e-05 0.038109988 3.6549234e-05 1.9773664e-05 4.7122005e-05 4.081186e-05 4.2935775e-05 0.02405133 4.3735363e-05 4.6917034e-05 0.0002911541 0.001796706 0.0038123461 0.0011528786 8.818717e-05 9.463457e-05 0.008895736 0.00013467729 0.0010320789 0.00015872192 3.9838902e-05 3.7139784e-05 0.00019657289 1.1324336e-05 0.0005450164 4.831751e-05 0.012505829 6.5674474e-05 0.00062106125 4.1036863e-05 0.00042773894 2.2088881e-05 2.523354e-05 2.4966877e-05 0.0040503377 0.00011438581 0.0012882305 3.4258686e-05 8.0235244e-05 1.3907429e-05 1.4132544e-05 0.0063843722 0.0015839289 4.2585034e-05 0.00010013607 0.00032767726 0.0035173234 0.00019930565
0.9980782 0.3164786 0.21414621 0.5501358 0.2059047 0.18363443 0.21532725 0.12216827 0.06939152 0.07530848 0.023241827 2.2361518e-22 0.13015747 0.0046333815 0.2352179 0.09524842 0.0014887775 0.011369879 0.0026258845 0.08619583 0.13385506 0.0008389637 0.05509013 0.25334474 0.08960245 0.052750934 0.15127885 0.015381055 0.006701873 0.00043251895 0.035087578 0.02371695 0.045445804 0.05544374 0.025020543 9.062636e-05 0.046684194 0.00013482082 0.03470306 0.023760729 0.00022099008 0.037561867 0.00030772627 0.019155284 0.020083055 0.0018292823 0.0787864 0.06757403 0.00038718816 0.027970035 0.024865476 0.054200206 0.0004721244 0.030742496 3.3562053e-05 0.016876128 0.02894799 0.039144795 0.04721733 0.015139556 0.0034270682 0.013371374 0.012549773 0.016905291 0.01296733 0.028390482 0.16724825 0.0062883385 0.011389197 0.00014677936 0.0037546896 0.012390795 0.0023147187 0.0030570158 0.002879195 0.110713005 0.02281786 0.0068537113 0.0044016237 5.0891693e-05 0.0024456137 0.0077249208 0.005232711 0.0102668265 0.00082171266 0.01934666 0.022469597 1.0371855e-05 0.0040953355 6.7441915e-06 0.000964932 0.0038682865 0.0009836911 0.0003140378 2.8762555e-05 0.011947266 0.00044240753 0.0023919623 0.0064558997 0.00014949359 0.0028836138
0.8578065 0.26134497 0.36705557 0.15722546 0.193637 0.18135671 0.14960806 0.6833827 0.1730149 0.16779236 0.056208413 0.13015747 2.243805e-17 0.016532486 0.34435043 0.49919745 0.0040220725 0.021507291 0.05381362 0.29664308 0.015625536 0.0031184459 0.008426153 0.06960515 0.016156975 0.13400254 0.102529734 0.079952024 0.037582766 0.0020087834 0.106476754 0.15390733 0.060099 0.061815754 0.08730508 0.0015749373 0.004982526 0.00066555047 0.020913167 0.021766301 0.0006173463 0.0037033288 0.0010285696 0.042775627 0.027158791 0.014710385 0.025399271 0.011445767 0.0027779017 0.021180166 0.012502325 0.005982498 0.002860431 0.004247072 0.0029873007 0.0027174961 0.0042849015 0.00493918 0.0029782888 0.0024838042 0.009823398 0.0013637708 0.00096000405 0.0031741268 0.003261143 0.0021717323 0.001130769 0.0032558588 0.000598243 0.001021351 0.0022826507 0.0019488112 0.0009101279 0.000509056 0.00037376746 0.0050512603 0.0012680902 0.00026552012 0.00014862616 0.00023919942 0.00034625543 0.00014714937 0.00022269084 0.00020500728 4.6407065e-05 0.001220386 0.0012276963 2.9334322e-05 0.00031554155 5.3682643e-06 1.4231981e-05 2.6158401e-05 7.334641e-05 4.3470377e-06 0.00015974422 0.0001790759 1.0607352e-05 4.5864486e-05 3.080012e-05 0.0002499541 3.280251e-05
0.9762885 0.018779589 0.03915142 0.008349561 0.0042952625 0.12909308 0.002461978 0.04097285 0.4470125 0.13849886 0.8140892 0.0046333815 0.016532486 2.6574482e-17 0.002197382 0.013110798 0.71036124 0.23422922 0.673369 0.003366921 1.9814306e-05 0.30448854 9.367009e-06 9.094437e-05 2.2525664e-05 0.0014042831 0.0006909681 0.074293956 0.41990054 0.21954407 0.018422969 0.0023942068 0.00037786507 0.000321451 0.0005944602 0.0041745696 6.4907513e-06 0.07129601 5.3879514e-05 6.514569e-05 0.007624584 5.6638446e-06 0.06369933 0.00046758956 0.0014696475 0.011425326 3.6960428e-05 4.9325496e-05 0.013606894 9.272606e-05 2.3210361e-05 5.020038e-06 0.023357522 1.3663372e-06 0.024447963 1.4647269e-06 1.9255676e-06 5.56645e-06 3.306568e-05 2.4248177e-06 0.0048339088 5.614647e-06 9.521608e-06 6.191201e-05 0.0010835498 0.024142876 0.025331546 5.1027405e-06 1.3949045e-05 0.0038627589 6.402529e-06 0.00028671673 2.3082905e-05 7.2019834e-06 6.4729543e-06 0.0011454565 5.2414606e-07 0.00014554714 2.0775811e-05 0.004882212 2.0025227e-05 8.913356e-05 1.3180871e-05 7.020214e-05 5.933282e-06 3.8053481e-06 2.5199258e-06 0.0022663756 1.6069607e-05 0.002067096 2.2195412e-05 6.150383e-05 4.51107e-06 4.641784e-06 0.0033317169 0.0009014834 2.2583805e-05 2.1054057e-05 0.0001874147 0.0021001846 8.226277e-05
0.9445175 0.24228229 0.16424339 0.23072325 0.29174888 0.20533538 0.47254997 0.2671194 0.10932137 0.04276966 0.010542687 0.2352179 0.34435043 0.002197382 2.2605346e-15 0.26898494 0.00023118009 0.004952637 0.011420358 0.56687963 0.022799404 0.00044117772 0.00967815 0.1674207 0.027458105 0.17932431 0.30858442 0.015671888 0.009635542 0.00014609226 0.049607154 0.092942774 0.07092974 0.0849931 0.07893006 9.682233e-05 0.00642268 3.2630127e-05 0.009411796 0.007816226 1.5639349e-05 0.008031911 9.760852e-05 0.01717111 0.0107072955 0.0044481438 0.06021948 0.06021589 0.00063871214 0.020702768 0.006450758 0.050209396 0.00043746503 0.023345202 0.00029161235 0.015885588 0.01857 0.014820212 0.004582907 0.01323715 0.0034928715 0.004145582 0.0032464843 0.0027775192 0.002373278 0.00040319195 0.0011077126 0.0021636789 0.0026153177 0.0001491787 0.0012364283 0.0018245982 0.00031238125 0.00026968605 0.00016686712 0.0051573245 0.0050569675 0.0007430978 0.00084449747 1.5478252e-05 2.8079288e-05 0.0005708287 0.00025132968 0.0008094899 1.9576255e-05 0.0056870217 0.005836609 1.5463888e-06 0.0018024674 6.2168607e-07 1.6079219e-05 4.42878e-05 3.0721458e-06 9.579667e-07 5.734463e-06 0.00030472645 7.831641e-06 0.00046534682 0.00014579651 8.928227e-05 4.649771e-05
0.80536926 0.13724104 0.19547208 0.122862086 0.11880068 0.15521687 0.098282725 0.40706885 0.1482031 0.14853261 0.04645539 0.09524842 0.49919745 0.013110798 0.26898494 9.589348e-18 0.0026337432 0.023753753 0.046918325 0.4168199 0.008180027 0.0023342117 0.0038249283 0.032093316 0.0074145272 0.27754438 0.122731194 0.14887659 0.023962958 0.00089254946 0.24578415 0.39443922 0.10265283 0.09963051 0.21844003 0.00072956533 0.0016246947 0.00043635734 0.030286971 0.031882156 0.00024413479 0.0011883831 0.00074667565 0.07700094 0.0663476 0.029279804 0.020080412 0.006170867 0.0005059831 0.029266829 0.016060231 0.0019172012 0.000511337 0.0018102375 0.00087215175 0.0007780988 0.002965552 0.0052026515 0.0024944115 0.00073164835 0.014041046 0.00070231105 0.00033912965 0.0024358493 0.008274427 0.0004205357 0.00017260102 0.0026432183 0.00045966642 0.00048755112 0.0031904208 0.0057003656 0.0017945338 0.00056839857 0.00037272664 0.0012515285 0.00019394785 0.00017332795 2.7948967e-05 0.0001263835 0.001218614 0.00012243168 0.00027439548 0.00016001088 8.7025284e-05 0.00026455786 0.000229954 2.1148195e-05 7.714043e-05 8.1781695e-07 1.3566168e-05 2.319089e-05 0.0003799702 2.0711923e-06 9.782892e-05 5.9867874e-05 4.9436753e-06 1.0904735e-05 1.0241052e-05 7.723532e-05 2.7828008e-05
0.8920741 0.0026821618 0.0062789535 0.0014217953 0.0004190972 0.03287339 0.00011937847 0.008102959 0.13837421 0.06911929 0.44500646 0.0014887775 0.0040220725 0.71036124 0.00023118009 0.0026337432 1.101438e-19 0.51150644 0.6244496 0.00010284749 9.7314015e-08 0.81606364 1.05904704e-07 3.1900126e-07 4.1154357e-07 4.0281953e-05 9.675417e-06 0.24002285 0.2717746 0.7238861 0.014880566 0.00025781692 7.094899e-06 4.818855e-06 7.168281e-05 0.018933019 1.0157189e-07 0.4872867 8.936435e-06 7.3521305e-06 0.043806482 2.2279481e-07 0.44554576 8.991836e-05 0.00051563163 0.05031202 1.5263191e-06 4.075276e-06 0.0060312627 3.815112e-06 1.3884403e-06 1.1803858e-07 0.003198073 1.7714822e-07 0.016783502 5.8305e-07 2.7941397e-07 7.183575e-07 3.614908e-06 1.1025971e-06 0.011150854 4.7590174e-06 5.804557e-07 5.91619e-06 0.00062451884 0.00048989814 7.94015e-05 1.1294972e-06 8.1666974e-07 0.009179448 2.833842e-06 3.9601167e-05 7.7739405e-06 1.0827828e-06 1.2529525e-06 7.857908e-06 1.7355876e-07 1.9476052e-05 3.9133414e-07 0.026185729 7.675338e-06 7.870752e-05 1.6636436e-06 1.1888545e-05 8.2353347e-07 2.769231e-06 2.2513627e-06 0.018228738 3.1266138e-06 0.004001892 1.3157755e-06 4.5493175e-06 2.8063198e-07 1.3597797e-07 0.010040886 7.509006e-05 1.5562762e-06 4.603189e-06 7.3803853e-06 0.00372371 1.1766993e-05
0.82515293 0.015452236 0.02805248 0.010146231 0.006115419 0.064128384 0.0033436152 0.055986315 0.16129948 0.2085446 0.5549188 0.011369879 0.021507291 0.23422922 0.004952637 0.023753753 0.51150644 2.0464766e-19 0.2608133 0.004490928 7.791108e-06 0.6004353 3.4635766e-06 6.864654e-06 7.450326e-06 0.0023060574 0.001180561 0.54094654 0.104194365 0.1394684 0.09704401 0.0068842117 0.00080479786 0.0005645023 0.0021109958 0.009587424 3.098932e-06 0.19277519 7.027985e-05 8.929513e-05 0.01578738 7.6701635e-06 0.24293777 0.0027086241 0.010160088 0.14361422 5.140609e-06 0.00015910657 0.009115099 3.23921e-05 7.714944e-06 8.050815e-06 0.0055553326 1.2801029e-06 0.019774953 6.0579728e-06 9.2846483e-07 2.1907656e-06 3.4098462e-06 9.635702e-06 0.044478085 9.635077e-06 4.472594e-06 1.4112166e-05 0.0055087977 0.000581549 0.00016214923 4.558568e-06 6.4767087e-06 0.012174804 1.4932422e-05 0.0034467028 1.7993845e-05 8.699678e-06 7.2404937e-06 0.0006936352 1.5294592e-06 0.00010368636 2.5233105e-05 0.024158211 2.1300548e-05 0.00017815485 5.9886684e-06 4.842024e-05 2.9527214e-06 2.3438236e-06 4.493466e-06 0.009634876 2.3599672e-05 0.003753268 5.3936096e-06 1.3928613e-05 1.3266956e-05 6.826564e-07 0.011374206 0.00028905395 3.5963292e-06 1.6690492e-05 0.00011328036 0.007992194 2.158024e-05
0.95633405 0.014667163 0.12535127 0.0046712854 0.0071715326 0.042875506 0.004133285 0.10291083 0.2735217 0.15815587 0.27059624 0.0026258845 0.05381362 0.673369 0.011420358 0.046918325 0.6244496 0.2608133 6.755106e-20 0.004073709 1.0549344e-05 0.37865922 3.2703163e-06 3.35339e-05 6.3634366e-06 0.0008362131 0.002039109 0.1328404 0.36992943 0.5691843 0.063170336 0.002671797 0.00022736278 0.00012874426 0.0007715217 0.037409518 1.2875223e-06 0.26842606 3.4387685e-05 5.174096e-05 0.06339771 3.5887813e-06 0.34843025 0.0008241306 0.0037640126 0.008930689 1.6164502e-05 8.655404e-08 0.019699441 2.4423434e-05 7.702366e-06 2.951678e-09 0.033053733 1.3563198e-06 0.029543761 3.992788e-06 2.3772145e-06 4.077982e-06 9.587833e-06 5.113321e-06 0.007154346 4.7465523e-08 1.0197927e-05 2.0078964e-05 0.0016720906 0.12780403 0.13971029 1.9356278e-06 4.9880546e-06 0.0037850582 3.8691314e-06 0.0002886014 1.0371796e-05 6.3305024e-06 6.9648613e-06 5.661261e-05 2.636043e-10 2.255079e-05 1.9187962e-06 0.0077257496 8.645529e-06 1.0234101e-05 6.3577704e-06 1.5180092e-05 4.466694e-06 3.7645878e-10 1.6014902e-10 0.008089191 6.544211e-06 0.009141314 7.1450313e-06 8.186375e-06 2.0461937e-06 1.9590889e-06 0.0066659003 1.280587e-05 5.2824926e-06 1.0359878e-06 4.71713e-06 0.006746421 1.7998856e-05
0.7959683 0.0990654 0.096988484 0.07886846 0.09863486 0.054058768 0.14542106 0.1883979 0.041301027 0.049716834 0.019092329 0.08619583 0.29664308 0.003366921 0.56687963 0.4168199 0.00010284749 0.004490928 0.004073709 5.729027e-20 0.0106243715 0.00018195216 0.004646094 0.0764535 0.013534521 0.6474501 0.5470428 0.034659423 0.0019309603 3.423432e-05 0.058056712 0.4027163 0.37243178 0.43552068 0.20989628 2.0875672e-05 0.0023893167 5.9058225e-06 0.039611407 0.027945533 7.777746e-06 0.0044882135 3.5746933e-05 0.026156878 0.0172551 0.004841784 0.052645322 0.013504493 7.615249e-05 0.036371913 0.020762451 0.0066028824 6.4912005e-05 0.006570079 0.00012092466 0.0034362301 0.009183064 0.013382186 0.008289421 0.003133124 0.0011174546 0.002687084 0.0014575612 0.0027995023 0.001111588 3.9622548e-05 8.732483e-05 0.0010013508 0.0022559438 4.203535e-05 0.00089904165 0.0015683267 0.00032407936 0.00016474667 0.00017478054 0.00078504556 0.00074480986 0.00010149865 0.00014915522 1.0181446e-05 7.4087875e-05 0.00018393234 0.00018443646 0.0002580649 2.5256386e-05 0.0016075585 0.001935232 2.2397044e-06 0.00033136504 4.4516483e-08 1.7938126e-05 3.434285e-05 1.1653897e-05 1.1424203e-06 8.608235e-06 7.177686e-05 1.0305508e-05 9.39533e-05 3.495941e-05 1.9937437e-05 3.8124006e-05
0.96654284 0.0045224917 0.0042354576 0.017385293 0.004761826 0.0087664565 0.020931873 0.010987309 0.0011027377 0.0033668953 0.0004372836 0.13385506 0.015625536 1.9814306e-05 0.022799404 0.008180027 9.7314015e-08 7.791108e-06 1.0549344e-05 0.0106243715 2.2743767e-20 3.8492624e-07 0.7250538 0.22687377 0.5577529 0.008445483 0.04085062 9.69333e-05 2.720726e-05 7.8001966e-07 0.003824739 0.0018126458 0.0068165716 0.009779111 0.0028217605 1.8088947e-06 0.15026301 7.292318e-07 0.0024262774 0.0009780845 1.533518e-06 0.09026206 4.044839e-06 0.0004513951 0.0004137148 0.00034605587 0.044693563 0.039711583 9.69014e-07 0.0054752124 0.0017904373 0.02952367 3.0252045e-07 0.08022727 4.3141486e-07 0.094602704 0.04467841 0.026873328 0.006964241 0.079126224 0.0024258136 0.006067322 0.011137983 0.002717675 0.0022346298 2.7032602e-05 0.0012350777 1.62123e-05 0.012829475 0.00021430556 1.4877911e-05 0.0009252298 2.0890113e-05 4.0491536e-06 4.7673943e-06 0.0034780998 0.002532137 0.00038243865 0.0064653824 1.177885e-05 1.5681688e-05 0.0012915863 5.1940524e-06 0.00260785 2.9935334e-06 0.0023050504 0.0023992402 1.2150373e-07 0.0040775333 1.0393162e-07 3.577092e-06 5.9003396e-06 3.2711896e-06 2.2553038e-06 2.1605663e-06 0.0009021013 6.7221927e-06 0.0015634054 0.0014444506 0.0003877951 3.1391788e-05
0.59390503 0.0012147335 0.004498854 0.00047477483 0.0003450151 0.014586459 9.633987e-05 0.0061017815 0.04311405 0.06682327 0.26389375 0.0008389637 0.0031184459 0.30448854 0.00044117772 0.0023342117 0.81606364 0.6004353 0.37865922 0.00018195216 3.8492624e-07 2.147144e-20 6.8144067e-07 6.8682e-07 2.3046512e-06 0.00010762455 3.509834e-05 0.39967299 0.076510936 0.55782527 0.026272142 0.00058783876 1.826581e-05 1.5367146e-05 0.00016542176 0.009975425 8.6275276e-07 0.6376046 4.195979e-06 6.5252284e-06 0.038613327 2.2149814e-06 0.5452562 0.00022168392 0.000923846 0.12968543 2.5827205e-07 9.782328e-06 0.002397033 1.8014492e-06 1.1856326e-06 2.0756126e-07 0.0010431947 1.8427056e-07 0.009914433 2.0051743e-06 1.1968778e-07 2.3915914e-07 2.5173375e-07 4.264817e-06 0.035365917 1.4255848e-05 5.2353735e-06 2.1812882e-06 0.0011582918 1.6164178e-05 5.314098e-06 1.0053077e-06 1.1450422e-06 0.025226671 6.192018e-06 0.00024817928 1.7233808e-05 7.573675e-07 6.179344e-07 1.7115674e-06 2.8738862e-07 2.0928299e-05 2.3594482e-06 0.056474086 9.479784e-06 2.4029769e-05 7.2062187e-07 1.0860772e-05 5.282767e-07 1.6115471e-06 2.246912e-06 0.0483029 7.3899073e-06 0.004872058 6.9647587e-07 8.102019e-06 1.8276814e-06 5.7227413e-07 0.03024944 0.00011284637 1.668932e-06 6.472368e-06 1.6476451e-05 0.01414251 2.446843e-05
0.8974474 0.0029401905 0.002117962 0.006162202 0.0025608714 0.0035439641 0.0094870245 0.0068933666 0.00069105846 0.00090381026 0.00021504666 0.05509013 0.008426153 9.367009e-06 0.00967815 0.0038249283 1.05904704e-07 3.4635766e-06 3.2703163e-06 0.004646094 0.7250538 6.8144067e-07 6.014215e-20 0.21254249 0.71892005 0.0034425047 0.021456692 7.690399e-05 9.86972e-06 2.05019e-06 0.001382432 0.00061529496 0.0027013107 0.004238023 0.00092947314 1.8760173e-06 0.57711405 3.3846177e-06 0.000717546 0.00019816944 2.2074596e-06 0.23452324 1.1877416e-05 0.0001456592 0.00027032977 0.00037943572 0.032991283 0.04160834 1.7797815e-07 0.0034282007 0.00094977114 0.045337357 7.848418e-08 0.10389366 1.5518928e-07 0.15681507 0.04985419 0.023065759 0.0048538647 0.12163565 0.0028570148 0.014939954 0.025161253 0.0014955988 0.0025338763 8.98721e-06 0.00072369387 1.15719085e-05 0.01247467 0.00048160338 1.1119812e-05 0.00086373254 2.9294932e-05 6.79994e-06 9.6629865e-06 0.0020914404 0.0071524903 0.0003849309 0.011769705 4.799809e-05 1.8799728e-05 0.0009961264 7.2795297e-06 0.0021379737 9.535511e-06 0.007909413 0.0074782167 3.3362e-07 0.007950971 1.7635008e-07 7.743884e-06 1.0391627e-05 4.3700948e-06 8.573055e-06 3.4086384e-05 0.0011256953 1.21780195e-05 0.0027883993 0.0017848404 0.002808679 7.264415e-05
0.9202789 0.05635116 0.020393249 0.121816196 0.06195015 0.06845811 0.16335587 0.026802527 0.0097453855 0.0035203474 0.00028151833 0.25334474 0.06960515 9.094437e-05 0.1674207 0.032093316 3.1900126e-07 6.864654e-06 3.35339e-05 0.0764535 0.22687377 6.8682e-07 0.21254249 1.7661865e-19 0.43743405 0.032932963 0.2188163 0.00039870906 0.0001084093 3.0484473e-06 0.0059178662 0.008127325 0.020203194 0.03299129 0.008100398 1.6719988e-06 0.122206315 5.885935e-06 0.00895199 0.00258553 1.6960468e-06 0.1799724 1.6140071e-05 0.00067800086 0.0004123568 0.00041482103 0.2346433 0.088106126 1.091032e-05 0.030406944 0.0108329365 0.0996855 3.134089e-06 0.2741762 1.0929743e-05 0.21834862 0.19165494 0.13984889 0.03262106 0.19312218 0.001178584 0.016862765 0.029135594 0.013536851 0.00075516105 0.00013614947 0.00078276504 0.0017447278 0.044390704 9.208662e-05 0.000608683 0.0002582441 0.00021005693 7.723238e-05 6.3525375e-05 0.007782673 0.010447334 0.0014571005 0.011586266 1.8141252e-05 3.308978e-05 0.0024208287 0.00039085717 0.009016825 1.234341e-05 0.006116752 0.0078553455 6.2726633e-07 0.0055451537 1.2952312e-07 3.5506415e-05 0.0003027671 2.9289329e-06 2.0475852e-06 4.7329922e-06 0.0030128818 1.975751e-05 0.002778172 0.0028148973 0.00010870984 0.00024288958
0.9099595 0.005630539 0.004323429 0.010934155 0.0058657653 0.00524906 0.023023661 0.009543467 0.00093906315 0.0010208591 0.00015182284 0.08960245 0.016156975 2.2525664e-05 0.027458105 0.0074145272 4.1154357e-07 7.450326e-06 6.3634366e-06 0.013534521 0.5577529 2.3046512e-06 0.71892005 0.43743405 1.6424718e-19 0.009133072 0.052369185 0.00048783954 2.6143414e-05 7.811017e-06 0.0028460678 0.0023792482 0.007407456 0.010519246 0.0022926743 5.092871e-06 0.41012308 9.715472e-06 0.0017032876 0.0004768308 4.468088e-06 0.2727363 5.9411614e-05 0.00031793784 0.0005071427 0.0006055561 0.063721016 0.0570978 1.6864403e-06 0.0079778135 0.002439014 0.057649784 5.1200675e-07 0.20126306 1.650162e-06 0.25153354 0.110148095 0.05626933 0.006898256 0.20695193 0.002791197 0.022612998 0.03357809 0.0035071177 0.0030218614 2.0151016e-05 0.00070299953 6.425477e-05 0.02771889 0.00070144446 5.0642884e-05 0.00087139645 5.77878e-05 1.616797e-05 1.6143566e-05 0.0038185506 0.0135795465 0.0004377962 0.015139893 0.00028172674 3.0003002e-05 0.0014108083 2.0983138e-05 0.004390035 1.3125103e-05 0.01375065 0.01343373 7.864449e-07 0.011216233 6.3072207e-07 1.604134e-05 3.9526156e-05 3.071094e-06 1.9052197e-05 0.00042849506 0.0014311604 3.0454907e-05 0.0045601493 0.0024669773 0.0036333455 9.60313e-05
0.48839444 0.05712546 0.045644242 0.043852385 0.05660167 0.030405963 0.072221026 0.10891931 0.02237394 0.036056258 0.013916559 0.052750934 0.13400254 0.0014042831 0.17932431 0.27754438 4.0281953e-05 0.0023060574 0.0008362131 0.6474501 0.008445483 0.00010762455 0.0034425047 0.032932963 0.009133072 7.635724e-21 0.22927156 0.00963026 0.00040548926 2.5784504e-05 0.034119003 0.56593734 0.60969573 0.58949363 0.43168625 8.507581e-06 0.001332075 6.4646574e-06 0.17714661 0.14112215 5.1810707e-06 0.001930478 4.7413752e-05 0.079264134 0.0409903 0.0015869725 0.020905389 0.0031315456 2.741709e-05 0.06956097 0.057211924 0.00077005156 2.28435e-05 0.002494345 7.225343e-05 0.0009604751 0.004627303 0.0073034684 0.007914077 0.0012099509 0.0011366772 0.001119622 0.0005299189 0.007555558 0.0031944609 3.8251907e-05 8.758934e-06 0.005845009 0.0011497049 5.888673e-05 0.007876271 0.0059830747 0.004374217 0.0013840249 0.0011615555 0.00018486877 0.00011859425 0.00086571294 9.727362e-05 3.7597183e-05 0.0025785477 0.0008570563 0.0012601247 0.00028805912 0.000505574 0.0002345449 0.000293328 2.1707463e-06 0.000115103554 3.2507266e-08 0.00028196652 0.00041034824 0.0009903853 5.0142506e-05 1.7936534e-05 0.00046435953 0.00018317523 4.3319094e-05 5.9619342e-05 7.846387e-05 0.00030390138
0.91947913 0.07126087 0.050877064 0.088306494 0.087439135 0.067713976 0.15693022 0.06772142 0.028508464 0.020884328 0.0056566717 0.15127885 0.102529734 0.0006909681 0.30858442 0.122731194 9.675417e-06 0.001180561 0.002039109 0.5470428 0.04085062 3.509834e-05 0.021456692 0.2188163 0.052369185 0.22927156 6.5899484e-19 0.0058256346 0.0010041766 4.468784e-05 0.049614016 0.08187131 0.18124498 0.2653978 0.0899704 1.876498e-05 0.015704297 1.0730892e-05 0.049890757 0.033495516 4.9212426e-06 0.024097888 3.580695e-05 0.044734407 0.039835677 0.0017219476 0.2892621 0.068124145 5.019126e-05 0.19777384 0.09164019 0.061346255 1.8510296e-05 0.07179996 3.472664e-05 0.031899683 0.08811688 0.11699053 0.09801337 0.029207837 0.0015461383 0.018955257 0.013755653 0.044885438 0.0024563365 0.00011368544 0.00024278837 0.01160822 0.029491207 9.524409e-05 0.0037978075 0.0045768907 0.0015271622 0.0014786393 0.0012717852 0.0038493713 0.012549839 0.007464123 0.0071729687 8.288333e-06 0.00039557833 0.005840933 0.0028975348 0.0075122155 0.00023015565 0.017116297 0.025077457 4.0913142e-07 0.0054901033 9.930948e-08 0.0002345608 0.0006459589 3.3067285e-05 1.1076755e-05 3.4260827e-06 0.0022714152 0.00015518093 0.0014609895 0.00096640235 7.260682e-05 0.0004370372
0.40114665 0.033432264 0.074443474 0.018451683 0.021239595 0.061177175 0.009728086 0.16960464 0.124053955 0.25532517 0.34958246 0.015381055 0.079952024 0.074293956 0.015671888 0.14887659 0.24002285 0.54094654 0.1328404 0.034659423 9.69333e-05 0.39967299 7.690399e-05 0.00039870906 0.00048783954 0.00963026 0.0058256346 3.035588e-22 0.04365611 0.102511466 0.39247483 0.035254743 0.0042360737 0.00246892 0.01602133 0.013829009 7.1083734e-05 0.2677233 0.00048035118 0.00073262234 0.02593317 0.00025487208 0.33280218 0.035967197 0.098636426 0.56212175 4.781771e-05 0.0008068693 0.005762826 7.3231844e-05 5.812762e-05 6.2557396e-05 0.002617027 7.3772894e-06 0.019826142 7.1081304e-05 4.407803e-06 8.537613e-06 7.139344e-06 9.335631e-05 0.32263196 0.00018373247 5.942612e-05 5.254885e-05 0.066245295 0.00063467125 0.00013868113 9.467768e-06 2.437987e-05 0.08615654 0.0001622705 0.03606435 0.00016325197 2.7779985e-05 2.6468211e-05 0.00058403204 1.1502175e-05 0.0004782034 0.00010889236 0.09426809 0.000114934744 0.0013309784 1.8755802e-05 0.0011221283 8.980459e-06 5.0145187e-05 0.000114282004 0.041597623 0.00034537507 0.0019763683 2.7767486e-05 7.1322014e-05 0.00020270585 3.7458017e-06 0.048196662 0.0026219906 3.755393e-05 0.0003232056 0.0013913877 0.041984983 0.00020295828
0.98052627 0.015344793 0.08231612 0.007650426 0.0073631546 0.037021115 0.006211243 0.056763615 0.1754549 0.10878603 0.16400354 0.006701873 0.037582766 0.41990054 0.009635542 0.023962958 0.2717746 0.104194365 0.36992943 0.0019309603 2.720726e-05 0.076510936 9.86972e-06 0.0001084093 2.6143414e-05 0.00040548926 0.0010041766 0.04365611 2.006961e-21 0.31712753 0.021656943 0.00042188566 0.0002645798 0.00018477766 0.0003355716 0.037155304 3.044798e-06 0.042847987 7.899221e-05 9.474836e-05 0.04796028 9.549698e-06 0.038821872 0.0007441985 0.0020094328 0.0022959488 0.00013625651 9.291912e-07 0.03396405 8.006311e-05 3.63117e-05 1.3691886e-08 0.058710728 2.9403474e-05 0.03085603 3.551661e-05 2.825537e-05 3.376505e-05 8.2487924e-05 4.581718e-05 0.0029685316 3.6995198e-07 1.0484012e-05 4.744654e-05 0.00056960236 0.15582575 0.13936634 5.784892e-06 2.4370247e-05 0.0025271145 7.487357e-06 0.0002555787 1.1453311e-05 1.4296202e-05 1.1115983e-05 1.8736082e-05 5.631595e-09 1.4373716e-05 1.1358034e-06 0.006195941 4.43648e-06 9.633312e-06 9.855187e-06 1.3082539e-05 2.5178308e-06 1.4898013e-09 4.853107e-10 0.0056930752 1.5605251e-06 0.0068235253 6.0337675e-06 9.026285e-06 2.9167797e-06 9.462076e-07 0.0048004324 1.3850831e-05 1.953706e-06 7.932622e-08 2.6369662e-06 0.0020647042 1.144831e-05
0.8010369 0.0004096425 0.0018514289 0.0005060492 9.7948505e-05 0.0047055683 3.402513e-05 0.0027688458 0.04416733 0.016080761 0.053217385 0.00043251895 0.0020087834 0.21954407 0.00014609226 0.00089254946 0.7238861 0.1394684 0.5691843 3.423432e-05 7.8001966e-07 0.55782527 2.05019e-06 3.0484473e-06 7.811017e-06 2.5784504e-05 4.468784e-05 0.102511466 0.31712753 2.6193925e-18 0.0038709603 8.829716e-05 6.9604193e-06 5.2343853e-06 3.4023218e-05 0.32587644 4.357198e-06 0.537299 1.2614838e-05 9.556304e-06 0.6318908 8.241985e-06 0.51651007 7.13951e-05 0.00028186865 0.026767991 3.5105152e-06 1.1033508e-05 0.09041159 4.056811e-06 2.6509201e-06 1.5951242e-07 0.025473852 2.2533452e-06 0.06788179 9.564063e-06 1.9250479e-06 2.96406e-06 5.348039e-06 2.0799938e-05 0.004027831 4.765914e-05 8.664199e-06 9.0553485e-06 0.000827716 0.00011245328 1.6913973e-05 7.4575223e-07 5.083734e-06 0.0072333585 3.3667184e-06 0.00013996931 1.0216596e-05 2.4210926e-06 3.4431837e-06 1.9653585e-07 2.776987e-07 1.133072e-05 2.2804918e-06 0.05350048 1.3401956e-05 1.7792268e-05 6.667972e-06 6.7899286e-06 2.9805124e-06 2.0369648e-06 1.4339411e-06 0.11887536 6.687931e-06 0.095698066 4.834334e-06 1.5444382e-05 4.8545844e-06 2.8684142e-06 0.030255195 2.5442827e-05 9.478103e-06 4.404193e-06 3.416656e-06 0.00493543 4.080353e-05
0.289049 0.05988365 0.09479238 0.045874175 0.030431628 0.09936186 0.019893961 0.1579944 0.11518379 0.15169635 0.10920267 0.035087578 0.106476754 0.018422969 0.049607154 0.24578415 0.014880566 0.09704401 0.063170336 0.058056712 0.003824739 0.026272142 0.001382432 0.0059178662 0.0028460678 0.034119003 0.049614016 0.39247483 0.021656943 0.0038709603 2.5206023e-18 0.14030041 0.023385273 0.015892958 0.08510908 0.0041698883 0.0013561512 0.0035215828 0.0062125465 0.010618506 0.0021378798 0.0009165508 0.0039280513 0.17920938 0.33738425 0.22268209 0.0014865656 0.006732998 0.003994548 0.004325243 0.0025444075 0.0010590204 0.003191729 0.00015770452 0.015561346 0.00022119861 0.00021749301 0.00041683196 0.00045446932 0.00025183574 0.20410213 0.0010619726 0.00041878654 0.00060507475 0.10050069 0.0008898548 0.00017847608 0.0008105088 0.00029409718 0.009865759 0.0014084147 0.04310439 0.0010542958 0.00030389676 0.00019368465 0.00054530264 0.00042980674 0.0005707253 0.00013830366 0.004144647 0.001152485 0.0010439659 0.00025862784 0.0013120966 0.000100976125 0.001159219 0.0013400755 0.0006514171 0.00048104866 0.00026187894 9.140111e-05 0.00024906013 0.0036314891 2.825136e-05 0.000922755 0.0022255762 0.00010500417 0.00016637135 0.0005943232 0.003069853 0.0003387432
