2.5703914e-36 0.84913 0.20010604 0.89068574 0.38333362 0.45581967 0.4082492 0.7835531 0.4330705 0.35449502 0.9208577 0.04344737 0.026833132 0.68393034 0.008553664 0.8898469 0.08077647 0.21705651 0.7627219 0.5781429 0.00073349196 0.7538828 0.96217024 0.14142667 0.048174467 0.009368543 0.79998285 0.004132903 0.0317074 0.016442642 0.96136904 0.04586194 0.9816812 0.8733398 0.0043922015 0.00012025283 0.008670388 0.66759205 0.0020622865 0.0068058576 0.48929378 0.9066453 0.61206114 7.340344e-05 0.00035207448 0.0030363777 0.0065324516 0.013980171 0.024138486 0.001964786 0.0046457197 0.68399495 0.9911124 0.43838006 0.008146139 0.975715 0.9736409 1.7346116e-05 0.19067815 0.28905094 0.002841902 0.00042148613 0.876944 0.1751548 0.0045960597 2.1431872e-05 0.8612965 0.8668015 0.003264328 0.98329836 0.096515 8.150273e-05 0.027590154 0.7741463 0.24372417 0.9490178 0.3424858 1.0639478e-05 0.0029416152 0.008879755 0.0005623811 0.9972411 0.993644 0.031793293 0.9757337 0.066941425 0.9913969 0.00791855 3.6943162e-05 0.0019111497 0.001885141 0.0014224091 0.7426684 0.0001276906 0.0006265462 0.6172339 0.00062471157 0.9958547 8.276868e-05 0.0002702223 0.003352645
0.84913 1.8814608e-17 0.3925772 0.53143656 0.27722308 0.26832932 0.24491076 0.19502284 0.13803495 0.1513639 0.44270888 0.37063587 0.34227753 0.07066047 0.21709217 0.12283554 0.077420026 0.03870631 0.041704778 0.049283285 0.069272995 0.03271818 0.1963333 0.06289591 0.012377131 0.12031329 0.04113058 0.08959896 0.026139196 0.022453874 0.02697381 0.013035246 0.37349874 0.012943059 0.0070422115 0.008294513 0.030971648 0.008543527 0.04706057 0.0094916625 0.006391042 0.007770925 0.11351862 0.018986965 0.03746421 0.024179468 0.016641896 0.010528485 0.010892529 0.020886993 0.0041392082 0.0006806825 0.36484498 0.00023723657 0.014624227 0.005122331 0.49576002 0.013658931 0.00010691214 0.0003050114 0.0006491832 0.0065518734 0.0017797224 0.00010805516 0.0021718056 0.005399629 0.11743548 0.06533631 0.0071406444 0.0016617291 0.004033964 0.003254437 0.00035350118 0.020234743 9.89434e-05 0.06636948 0.009567941 0.0012978459 0.00091053237 0.00010603959 0.004025003 0.044213954 0.11866932 0.00012075318 0.00036263806 3.053465e-05 0.000279335 0.0002027654 0.0010404226 0.00026797113 7.842729e-05 0.00019217958 0.025355596 6.367999e-05 1.4863884e-05 0.009165063 3.2857156e-06 0.0013095159 5.7827574e-06 2.5002487e-06 1.745972e-05
0.20010604 0.3925772 4.0103875e-18 0.34155566 0.119394556 0.069659285 0.57688993 0.009021117 0.01296301 0.49541566 0.36211422 0.49603105 0.31698492 0.004530856 0.4215405 0.0056404434 0.022471836 0.008046302 0.001613905 0.0060911532 0.202615 0.0013118577 0.008902775 0.0374868 0.13527429 0.06333184 0.00087155105 0.08399674 0.005920073 0.13499326 0.00060332334 0.006241625 0.042611767 0.00046128884 0.102962226 0.044563085 0.011572418 0.00038933777 0.030636415 0.039044987 0.00040807872 0.00030215873 0.036154963 0.052287545 0.03900241 0.010325879 0.004712938 0.005495541 0.004460571 0.008520646 0.05283469 1.975086e-05 0.019679928 0.00012632276 0.012448245 8.476163e-05 0.098409936 0.006846251 7.3469266e-05 0.00024135913 0.008050132 0.010583496 8.376199e-05 3.239541e-05 0.015487053 0.0026224924 0.031275086 0.049023867 0.00826866 3.4160974e-05 0.03330892 0.0037635532 0.00046659468 0.025197841 9.281661e-06 0.013938574 0.04633713 0.00075956073 0.00078924326 4.2418644e-05 0.0036314111 0.005448698 0.009557864 5.9515725e-05 3.3709043e-06 8.113757e-06 1.9463994e-06 0.0020322548 4.9818387e-05 8.7264714e-05 5.0266513e-05 3.8458027e-05 0.011635496 2.2253414e-06 7.68294e-06 0.014972894 1.1150315e-06 0.00076244195 2.8565353e-07 7.1727595e-07 1.8348103e-06
0.89068574 0.53143656 0.34155566 1.3323507e-16 0.12548184 0.10224898 0.3433169 0.06425482 0.04645571 0.26919648 0.56802356 0.2551859 0.19657047 0.025808882 0.15765165 0.05791394 0.022750437 0.013505066 0.018541409 0.015077511 0.048784968 0.009656019 0.097144514 0.12980326 0.027457278 0.041237574 0.007125044 0.039717056 0.0060686157 0.029670196 0.004318216 0.0036490464 0.2427645 0.0027993235 0.0081893345 0.006972701 0.008053902 0.0013929809 0.018530363 0.011357211 0.0013842856 0.0018502842 0.12716241 0.012089314 0.015532025 0.0069284723 0.004219605 0.0032994554 0.0020409261 0.006458379 0.005269805 0.00015521764 0.1873886 5.0452378e-05 0.0041348203 0.0010729579 0.49069172 0.0061590555 4.5054745e-05 9.855512e-05 0.0013849273 0.0022494337 0.00031361132 5.3997523e-05 0.0035820988 0.0008461831 0.14578527 0.11027311 0.0022919914 0.00017359032 0.0061482955 0.0008777557 0.00026433342 0.023928253 4.282671e-05 0.07911753 0.011588912 0.00019428536 0.00023144989 5.120409e-05 0.0007853556 0.023960475 0.14046325 2.8950433e-05 3.255084e-05 7.986311e-06 3.2200125e-05 0.0009341055 0.00019741699 8.491657e-05 2.136616e-05 4.5657187e-05 0.025800712 1.2686962e-05 8.915919e-06 0.012873199 2.5692518e-06 0.000256826 2.1862948e-06 2.871962e-06 7.527701e-06
0.38333362 0.27722308 0.119394556 0.12548184 1.0410273e-20 0.63825613 0.018057304 0.16495247 0.22882724 0.011046492 0.05101719 0.2975466 0.39922178 0.064675 0.07185759 0.08852275 0.3912381 0.21853898 0.039585028 0.092929855 0.02285218 0.034640756 0.13213924 0.0038414833 0.0011895996 0.24977818 0.05207674 0.11338992 0.12508938 0.004278754 0.035535637 0.055058658 0.19456084 0.021956006 0.0031532587 0.0033782055 0.11338981 0.012572924 0.102575384 0.0023665414 0.011688708 0.008504328 0.012930282 0.012639075 0.059900478 0.09641206 0.05355673 0.04484226 0.032791957 0.08475833 0.0016844473 0.0013556482 0.13313743 0.0010462543 0.04391024 0.005843655 0.086914845 0.01922724 0.00035357737 0.0012635175 0.00034642883 0.023347685 0.0011837273 0.0002553455 0.00027883996 0.015930828 0.016485702 0.013397714 0.0124898115 0.001712842 0.0004949639 0.010689058 0.0005058856 0.0035386446 0.00016642609 0.009054667 0.0014902065 0.0036545123 0.00088687695 3.401809e-05 0.0052518486 0.015209821 0.015411088 0.000121301426 0.00021138565 2.0687157e-05 0.00013904095 4.335623e-06 0.00056465494 9.265057e-05 7.132147e-05 7.9020545e-05 0.002050513 4.2571468e-05 7.774022e-06 0.00046524472 1.553124e-06 0.0018755498 7.076263e-06 1.1587264e-06 4.123904e-06
0.45581967 0.26832932 0.069659285 0.10224898 0.63825613 3.2258522e-20 0.013876688 0.22205973 0.29736683 0.0064039095 0.032864098 0.24405 0.34923074 0.07681144 0.043923654 0.10797044 0.38797432 0.2507268 0.050338477 0.13748686 0.015007226 0.043821584 0.14755352 0.003067035 0.0005465737 0.24325956 0.06901979 0.10037384 0.14085108 0.0031318022 0.044530787 0.08251768 0.20879902 0.03208291 0.0024817858 0.0029469042 0.13532102 0.018946234 0.10086721 0.0019587798 0.015868537 0.012452791 0.00835634 0.0099832285 0.05152674 0.108716466 0.06850345 0.0521662 0.042379595 0.088340186 0.0011005439 0.0017730865 0.15053666 0.0015779983 0.04711406 0.008529793 0.0866541 0.018264785 0.0005215316 0.0018840905 0.0002802203 0.029740531 0.0013888131 0.00039449352 0.00017892312 0.016531257 0.016048389 0.011674364 0.015156124 0.0020315223 0.00032511642 0.014678272 0.0008345731 0.0032642733 0.00017465054 0.008074976 0.0010712203 0.0052847574 0.0011121425 5.3355605e-05 0.0069122724 0.015029046 0.01373766 0.00016025554 0.00025190896 2.0504785e-05 0.00015248658 4.4403155e-06 0.00081564265 0.00014354681 0.00012465357 0.00014652357 0.001676659 7.0402544e-05 1.4862127e-05 0.00037767037 2.817149e-06 0.0016345113 1.0376396e-05 2.254437e-06 5.3192293e-06
0.4082492 0.24491076 0.57688993 0.3433169 0.018057304 0.013876688 1.0011506e-19 0.0031856487 0.0041136723 0.7344748 0.4636848 0.19712842 0.05532573 0.001353534 0.17537259 0.0028161404 0.0033690906 0.0009209361 0.00052946096 0.0004814588 0.05814338 0.00021564164 0.0032558525 0.081889644 0.36816147 0.012283008 9.142029e-05 0.017003791 0.00052828854 0.34141186 9.02634e-05 0.00015425064 0.019761978 4.059363e-05 0.23996384 0.031974357 0.00075124303 7.4101015e-05 0.005824468 0.18142596 3.666441e-05 2.4445686e-05 0.06447019 0.015535648 0.005371281 0.00069265615 0.0001561478 0.00023125927 8.092657e-05 0.0007331137 0.2263448 2.970334e-06 0.0045257513 1.7735989e-05 0.0010506322 7.332818e-06 0.11760147 0.00086667447 6.6299267e-06 1.8602532e-05 0.028074352 0.001505882 6.9564976e-06 1.4228581e-06 0.054326266 0.0004522925 0.051689193 0.20179568 0.00037096275 1.0162707e-06 0.06958662 0.00021479846 6.707736e-05 0.06805928 3.2211332e-07 0.01903537 0.05962641 2.9037894e-05 2.223622e-05 1.7081039e-06 6.486033e-05 0.0007470898 0.0036843522 6.8990875e-07 4.534136e-08 4.88464e-08 3.1449122e-08 0.0075207925 3.4464626e-06 1.4914966e-06 2.7094853e-07 1.7173161e-06 0.020780275 2.3422916e-07 6.8226194e-07 0.023685765 1.597033e-07 1.7540697e-05 4.330821e-08 9.332021e-08 2.9363989e-07
0.7835531 0.19502284 0.009021117 0.06425482 0.16495247 0.22205973 0.0031856487 2.9694247e-21 0.7467731 0.0012410297 0.010410831 0.04708092 0.08882301 0.7042627 0.010119401 0.47144306 0.1276754 0.09024477 0.27618575 0.11198361 0.0028913668 0.11501189 0.24982072 0.0009336174 2.1957843e-05 0.06905982 0.101998754 0.02703502 0.07436276 0.00055755035 0.064108945 0.052559502 0.18910271 0.0455196 3.0707677e-05 0.000498015 0.055114906 0.019441059 0.023466274 9.350172e-05 0.017996412 0.01749202 0.0018191746 0.0017774885 0.011927805 0.03403095 0.03786116 0.030003816 0.027104612 0.028150935 4.137284e-05 0.0010866948 0.2454114 0.0005785379 0.024381448 0.009982639 0.06989952 0.0050199833 0.0002026438 0.00054250704 8.794515e-06 0.012159209 0.0015955451 0.0002752465 1.3049554e-05 0.005665569 0.0038000173 0.0025425812 0.0075401715 0.0016762946 1.41292685e-05 0.0077486015 0.00047564675 0.00039707264 0.00019427126 0.004551015 7.232761e-05 0.003675801 0.00092464936 0.000103668564 0.004292845 0.019486021 0.019455537 8.3087165e-05 0.0005739401 2.1844015e-05 0.00028968148 8.543905e-07 0.002442983 0.00015575353 0.00013477147 0.00012470411 0.000106172345 6.852779e-05 2.4604122e-05 1.6302814e-05 7.653103e-06 0.0005686737 8.8415e-06 4.720929e-06 1.86883e-06
0.4330705 0.13803495 0.01296301 0.04645571 0.22882724 0.29736683 0.0041136723 0.7467731 3.9576303e-21 0.0011040767 0.008755302 0.07874837 0.14088637 0.5523582 0.016059764 0.16291669 0.20367947 0.20527251 0.15647613 0.18517426 0.0048763626 0.111911386 0.10770244 0.0010461705 1.3751618e-05 0.09446839 0.094538964 0.043814745 0.13407904 0.0004705882 0.055644114 0.08457127 0.126737 0.046214875 4.487032e-05 0.00061312417 0.086111635 0.028688826 0.04267982 8.315042e-05 0.026083335 0.021255704 0.0017078932 0.0021519419 0.020663282 0.059968974 0.06298516 0.05383049 0.046315882 0.05060421 6.6097724e-05 0.0031905698 0.16056386 0.0026208845 0.044620942 0.022086283 0.046202607 0.009229162 0.00097523397 0.0023850787 8.621791e-06 0.022216812 0.0022015478 0.000979141 5.7453612e-06 0.011170492 0.003423824 0.0023212743 0.016260566 0.0034536473 1.5587351e-05 0.014606058 0.0013386104 0.0005755763 0.0005573239 0.0029039443 6.369943e-05 0.0063704806 0.0019072904 0.00024211944 0.006976626 0.014315577 0.012670441 0.00038372574 0.0012029228 6.2507235e-05 0.0005948775 3.801407e-07 0.0040131514 0.00044481817 0.00033692757 0.00035828378 8.776288e-05 0.00015508979 3.869369e-05 5.507925e-06 1.1251918e-05 0.001207552 1.3438867e-05 4.836516e-06 6.187561e-06
0.35449502 0.1513639 0.49541566 0.26919648 0.011046492 0.0064039095 0.7344748 0.0012410297 0.0011040767 1.08489495e-20 0.435815 0.14423558 0.055485528 0.00038497677 0.13446166 0.0010610007 0.0013302126 0.00015806362 6.542854e-05 5.7478803e-05 0.04219425 2.028978e-05 0.0011050137 0.05732457 0.49930912 0.0060124006 1.4116219e-05 0.007908629 0.00010105763 0.4096869 2.3785264e-05 2.99434e-05 0.0070934086 9.420393e-06 0.24954514 0.025067065 0.00016497671 1.6305987e-05 0.0030729913 0.20286778 8.373359e-06 7.043017e-06 0.03294652 0.008050187 0.0029975357 0.00021934729 6.940557e-05 0.00014076514 6.301659e-05 0.00022514851 0.3152895 7.8258284e-07 0.0011361483 5.68121e-06 0.001041532 9.162662e-07 0.05661842 0.00058461324 1.5211358e-06 5.0994713e-06 0.04008747 0.0009255568 1.084341e-06 3.7464e-07 0.090277225 0.0002736601 0.04139829 0.21257712 0.00038760673 9.970463e-08 0.11432334 0.000119691955 2.0418534e-05 0.124576874 4.357933e-08 0.02020157 0.06717834 1.4324001e-05 1.9106676e-05 3.9239734e-07 2.5974223e-05 0.000243215 0.001831279 8.877763e-08 8.975128e-09 3.980092e-09 9.46434e-09 0.0128267165 9.657997e-07 1.5728598e-07 4.088414e-08 3.6580826e-07 0.027920384 1.2636572e-07 1.8475447e-07 0.03964037 5.5458642e-08 2.6173611e-06 2.1194438e-08 4.4226702e-08 2.3342972e-07
0.9208577 0.44270888 0.36211422 0.56802356 0.05101719 0.032864098 0.4636848 0.010410831 0.008755302 0.435815 1.6315898e-16 0.15764458 0.09435808 0.004389932 0.12793708 0.011589074 0.004600342 0.0024894257 0.0026449454 0.002505529 0.060626514 0.00095445546 0.025019165 0.41233623 0.12861702 0.016463587 0.00048033832 0.022738982 0.0009851896 0.058515 0.00057904975 0.00051112147 0.11153646 0.0003576332 0.017327046 0.014936712 0.0022894833 0.00016140049 0.009349585 0.02617043 0.00014903351 0.00030831996 0.26285586 0.019375898 0.012706174 0.002466702 0.0013213067 0.0009243214 0.00044130563 0.0024172862 0.015765527 2.148086e-05 0.038447607 1.3150925e-05 0.0027381633 0.00015032478 0.51438415 0.0038333382 1.0088974e-05 6.141134e-05 0.0034235108 0.0015911545 7.73875e-05 1.7447102e-05 0.008563953 0.00046720688 0.22072992 0.24627942 0.0012732646 1.8884652e-05 0.020931782 0.00043934 0.00027294984 0.05665507 4.876983e-06 0.103809826 0.029796323 8.2464474e-05 0.0001294391 4.908533e-05 0.0003522829 0.0147065 0.14592168 1.4086418e-05 4.6572195e-06 1.2771494e-06 6.0517245e-06 0.0037164444 0.00019450761 6.000843e-05 2.7681845e-05 5.0723796e-05 0.052878793 1.632125e-05 1.1691723e-05 0.030689344 7.0027113e-06 0.00015686543 4.7219105e-06 2.4237263e-06 1.0719254e-05
0.04344737 0.37063587 0.49603105 0.2551859 0.2975466 0.24405 0.19712842 0.04708092 0.07874837 0.14423558 0.15764458 6.254462e-20 0.602289 0.027333157 0.44627136 0.027707856 0.2110414 0.04510959 0.01308292 0.018659102 0.16985345 0.0114587275 0.02935524 0.010669479 0.026534282 0.22552873 0.010666137 0.26763317 0.038020175 0.009929728 0.0074552903 0.0240579 0.045493096 0.0050255302 0.014303145 0.031242946 0.057114303 0.00446012 0.104327254 0.006540515 0.00342483 0.004163868 0.008739544 0.08936225 0.11098381 0.04767324 0.023627376 0.018523209 0.017414331 0.037182577 0.006482225 0.0002917069 0.018582879 0.0010382216 0.020776747 0.0014712994 0.015634771 0.03322547 0.00068515184 0.0018982004 0.0028689806 0.026485682 0.0012315597 0.0005658439 0.0039227298 0.02043174 0.0043867556 0.00706966 0.0109105725 0.0003698664 0.00973975 0.012488127 0.0031232475 0.010497369 0.00015721648 0.004451061 0.012640448 0.0036911028 0.0029865133 0.00022015456 0.009000707 0.004718076 0.00381171 0.00091435947 0.000220088 0.00023311684 8.2662824e-05 0.00073441636 0.00058329816 0.00035661703 0.00041202916 0.00042253232 0.0066759107 1.3352189e-05 6.0845054e-05 0.0072434405 6.500316e-06 0.0023115287 2.9908454e-06 4.75816e-06 6.4281517e-06
0.026833132 0.34227753 0.31698492 0.19657047 0.39922178 0.34923074 0.05532573 0.08882301 0.14088637 0.055485528 0.09435808 0.602289 2.2522668e-19 0.056753658 0.33603153 0.052827083 0.42919794 0.103726946 0.02414122 0.042259432 0.11620864 0.019247504 0.04159177 0.0061945766 0.011250235 0.44895852 0.02236901 0.40000758 0.09059588 0.0059053814 0.012386039 0.058000404 0.051846728 0.008790996 0.007522963 0.018375453 0.12133367 0.01079657 0.20580865 0.0051543596 0.00987043 0.0046906946 0.004070841 0.09475358 0.1849958 0.09664826 0.047618337 0.042027134 0.039495733 0.07542608 0.0037138457 0.0007611263 0.020160051 0.0016779292 0.044813618 0.002038413 0.010608668 0.047894552 0.0010360146 0.0026516763 0.0023872976 0.040555034 0.001120707 0.0006233571 0.0018253229 0.0282327 0.0031544648 0.0055990745 0.017084463 0.00052813365 0.0044175684 0.020148689 0.0023699915 0.0078029577 0.00021809015 0.003992482 0.0057932767 0.005442264 0.002469065 0.00016644943 0.01277777 0.005310757 0.0035923878 0.0013690987 0.00023606572 0.00019862845 8.364209e-05 0.00025616653 0.0013368467 0.00036375198 0.00079218915 0.00037964783 0.0048051593 5.568137e-05 0.00014139291 0.0045822035 7.910254e-06 0.0024647985 8.65637e-06 7.0916726e-06 1.8815963e-05
0.68393034 0.07066047 0.004530856 0.025808882 0.064675 0.07681144 0.001353534 0.7042627 0.5523582 0.00038497677 0.004389932 0.027333157 0.056753658 9.984113e-22 0.0062466124 0.70708054 0.08279311 0.082235344 0.69332063 0.09237623 0.0011771338 0.49273485 0.28392532 0.00016039147 3.3878743e-07 0.042778697 0.1946115 0.017146006 0.07844306 7.192199e-05 0.14440402 0.050987616 0.07478178 0.05294215 3.6598294e-06 0.0003689888 0.04851 0.020116018 0.012017974 1.2797081e-05 0.020772917 0.01930081 0.00042422547 0.0008279861 0.00653077 0.029302415 0.040910915 0.0362993 0.032046065 0.026010368 5.610793e-06 0.0013774523 0.16136134 0.00052069145 0.029486794 0.013269962 0.028118031 0.002025112 0.00017212202 0.0005706517 1.0751262e-06 0.013338604 0.0014414266 0.0002093953 1.7315099e-06 0.0043020495 0.0009260261 0.00064188195 0.01100415 0.0014240523 1.1175845e-06 0.009881616 0.00080428686 0.00012202649 0.00012688179 0.00181423 2.4329074e-05 0.0034660287 0.0018462846 0.0001475935 0.0066341646 0.02301385 0.014599994 9.1937356e-05 0.0010597039 2.1537147e-05 0.00047555042 5.453886e-07 0.005197846 0.00016046948 0.00032086996 0.0001424963 4.718357e-05 0.00012366028 4.2873045e-05 3.9490155e-06 9.406631e-06 0.00036926498 8.225653e-06 3.3317149e-06 1.0275767e-06
0.008553664 0.21709217 0.4215405 0.15765165 0.07185759 0.043923654 0.17537259 0.010119401 0.016059764 0.13446166 0.12793708 0.44627136 0.33603153 0.0062466124 9.793957e-21 0.006046551 0.0318803 0.007617871 0.0023814568 0.0026916943 0.2447013 0.0019443688 0.007871548 0.010308449 0.035374038 0.06979451 0.0012924952 0.1265425 0.009832845 0.015852323 0.0014158128 0.0059889 0.01646223 0.0010680667 0.009591525 0.05213544 0.012316813 0.00047848825 0.0312897 0.00573812 0.00029281373 0.0009837075 0.0084149195 0.11758127 0.060018484 0.009391545 0.0057443753 0.005357678 0.005893069 0.007119932 0.0063227927 0.00011269365 0.010079146 0.000652657 0.005947743 0.0005102347 0.006756221 0.020058392 0.00031249478 0.0007252737 0.0042005572 0.0071252803 0.00060775754 0.00016295454 0.0057493 0.007448248 0.002444646 0.006067279 0.0037225436 8.809462e-05 0.011918008 0.0030008082 0.001485223 0.0102037545 8.53113e-05 0.0024751946 0.0182464 0.000862138 0.0011412888 0.00015000829 0.0017991684 0.0037892153 0.0023578224 0.0001930166 6.299676e-05 0.0001282004 3.593273e-05 0.0011359832 8.859507e-05 0.00017123987 8.793605e-05 0.00014294205 0.007278701 2.9690113e-06 9.730734e-06 0.010260238 2.4909239e-06 0.00072713563 7.426415e-07 9.2442355e-07 3.0575372e-06
0.8898469 0.12283554 0.0056404434 0.05791394 0.08852275 0.10797044 0.0028161404 0.47144306 0.16291669 0.0010610007 0.011589074 0.027707856 0.052827083 0.70708054 0.006046551 2.884276e-20 0.07026005 0.05966885 0.63761944 0.08897488 0.0013654404 0.23632534 0.7656222 0.00032687982 1.8941242e-06 0.026274424 0.07709976 0.010113313 0.047534518 0.0001346539 0.09456863 0.033555854 0.23716669 0.051518284 9.4637235e-06 0.00035288258 0.021575814 0.019561455 0.008946207 2.9594974e-05 0.019138541 0.016143467 0.0009846194 0.0009133489 0.004723411 0.012267753 0.018824799 0.017484698 0.019197997 0.012205629 1.0997843e-05 0.00085089647 0.28066978 0.00017829782 0.013803869 0.007631716 0.07228288 0.00093776995 3.8817103e-05 0.00018021914 5.2123128e-06 0.0073609953 0.0010032281 6.6036664e-05 9.494187e-06 0.0012342441 0.0021526688 0.0013859479 0.0057083247 0.0009226508 3.7568202e-06 0.004951754 0.0004193583 0.0002995373 6.782534e-05 0.004275501 3.874332e-05 0.0010989812 0.0010302217 8.6545995e-05 0.0038938366 0.035893537 0.03513698 4.2166037e-05 0.00034708297 1.0545239e-05 0.000201651 2.9297457e-06 0.0012478239 0.000122013334 0.00012703956 0.00011810114 0.00010272329 2.7657275e-05 1.5089406e-05 2.7768703e-05 2.9744722e-06 0.0002993074 3.9098477e-06 2.2215904e-06 2.5435897e-06
0.08077647 0.077420026 0.022471836 0.022750437 0.3912381 0.38797432 0.0033690906 0.1276754 0.20367947 0.0013302126 0.004600342 0.2110414 0.42919794 0.08279311 0.0318803 0.07026005 1.3551458e-23 0.6191537 0.04633236 0.26846662 0.01157791 0.053654596 0.044762712 0.0008369348 6.135245e-05 0.47371563 0.0921335 0.26456693 0.59586054 0.00025030188 0.037787765 0.49545598 0.03728536 0.03569428 0.0008280264 0.0033031122 0.41812557 0.018458528 0.18430226 0.00058426295 0.016046192 0.010837908 0.00084969227 0.023245351 0.09822838 0.24679223 0.23853666 0.1761614 0.11721495 0.214433 0.00025587963 0.0012562741 0.020769613 0.0019189426 0.095027894 0.0034726807 0.0052885595 0.04933396 0.00073620374 0.0020532173 0.00011647736 0.07917784 0.0005379175 0.00033571146 1.994092e-05 0.050045505 0.00080149097 0.0018198201 0.031441968 0.0009244819 2.099631e-05 0.041191544 0.0013676984 0.00025240218 8.7372966e-05 0.00077249436 9.5786534e-05 0.017090086 0.0028232206 3.2481963e-05 0.015826387 0.0026174989 0.0006745296 0.000117875315 7.213095e-05 1.3743253e-05 3.286407e-05 5.653562e-07 0.0033758848 6.635382e-05 0.00040197533 4.3507185e-05 0.00018287885 1.998179e-05 9.194626e-06 3.3118446e-05 1.4572463e-06 0.0005188575 5.090361e-06 1.1096913e-06 5.921535e-06
0.21705651 0.03870631 0.008046302 0.013505066 0.21853898 0.2507268 0.0009209361 0.09024477 0.20527251 0.00015806362 0.0024894257 0.04510959 0.103726946 0.082235344 0.007617871 0.05966885 0.6191537 3.251832e-22 0.051456593 0.5905383 0.0029714007 0.060540937 0.04557834 0.00057841954 1.3712087e-06 0.1945358 0.11938418 0.071827516 0.50572956 9.514305e-05 0.06965608 0.5050746 0.047096986 0.0767908 0.00019978275 0.0013505073 0.26861826 0.06470455 0.08224479 0.00022773103 0.07175292 0.04200313 0.00074438524 0.0044849357 0.039519783 0.18396398 0.20551087 0.21226841 0.1936408 0.15436278 6.830133e-05 0.008766406 0.054713935 0.0073624738 0.124054655 0.032266058 0.009743912 0.015313165 0.0029632605 0.0067223567 1.17508e-05 0.06368293 0.0032593303 0.0021431274 1.2190841e-06 0.021501528 0.0010360862 0.0017110454 0.05452644 0.0076497733 7.979189e-07 0.03814011 0.0043304726 0.00010063533 0.0006433559 0.0008686811 7.205013e-06 0.019986877 0.0052456073 0.00025011148 0.019053763 0.0061604893 0.0037271671 0.0008731433 0.0014970837 0.000118383046 0.0008595278 1.0912319e-07 0.006311689 0.00021936592 0.00086895085 0.0002128409 3.665902e-05 0.0002719049 6.452422e-05 1.0528122e-06 6.300328e-06 0.003121235 2.4493553e-05 4.877183e-06 1.2139905e-05
0.7627219 0.041704778 0.001613905 0.018541409 0.039585028 0.050338477 0.00052946096 0.27618575 0.15647613 6.542854e-05 0.0026449454 0.01308292 0.02414122 0.69332063 0.0023814568 0.63761944 0.04633236 0.051456593 1.1338412e-21 0.07899703 0.0004462005 0.65125746 0.23842359 4.5640034e-05 5.113438e-08 0.015793834 0.3027728 0.0045786193 0.04230592 1.1343403e-05 0.504274 0.028977187 0.05767994 0.0662376 1.2132872e-06 9.491023e-05 0.023231125 0.02289183 0.0046046143 3.8803796e-06 0.020478558 0.02876504 0.00015310703 0.00040657812 0.0024955631 0.012594758 0.020754695 0.019802237 0.02214733 0.0114400545 1.4148679e-06 0.0013889575 0.1572526 0.00048790165 0.019692747 0.016988004 0.017816966 0.00025455604 9.97785e-05 0.00039407596 2.7035952e-07 0.008314289 0.0010675031 0.0001447599 8.2520563e-07 0.0008681565 0.00047600546 0.00020118768 0.007977947 0.0013162732 2.1086224e-07 0.0062838127 0.0006764409 2.4113353e-05 8.842668e-05 0.0013056047 5.8074233e-06 0.0012470643 0.0010793986 8.1248254e-05 0.0048211333 0.030186946 0.01873737 5.5915072e-05 0.00055803586 9.0697395e-06 0.00030000755 3.3884334e-07 0.002117848 7.026129e-05 0.00020855684 8.203198e-05 1.0135186e-05 3.280708e-05 2.0795438e-05 6.773154e-07 3.280966e-06 0.00025254715 2.5886202e-06 8.7524995e-07 5.26568e-07
0.5781429 0.049283285 0.0060911532 0.015077511 0.092929855 0.13748686 0.0004814588 0.11198361 0.18517426 5.7478803e-05 0.002505529 0.018659102 0.042259432 0.09237623 0.0026916943 0.08897488 0.26846662 0.5905383 0.07899703 4.4519264e-20 0.0005903689 0.100081734 0.0757125 0.0008650721 1.1858118e-07 0.06653682 0.25691998 0.028848428 0.23677607 5.4175318e-05 0.15482296 0.28294423 0.070524834 0.2026075 2.6587673e-05 0.00043183946 0.11249129 0.19556396 0.041204855 3.6942598e-05 0.18516858 0.13450226 0.0009152196 0.0013808418 0.017336674 0.09068008 0.11446187 0.1435457 0.15627241 0.07759423 1.2001995e-05 0.03045548 0.19740023 0.014093682 0.12169296 0.18597998 0.020683305 0.005911687 0.0037580782 0.011285099 2.9817322e-06 0.036305904 0.01671194 0.0037496975 2.7157148e-07 0.008968884 0.0012906721 0.0018292955 0.07023151 0.037308097 3.0012902e-07 0.028579384 0.012953839 0.00011415969 0.0015217162 0.00140813 5.562714e-06 0.014827711 0.009041857 0.0007675002 0.020743722 0.022316175 0.016749978 0.0021956265 0.007968412 0.00043499927 0.0071162973 3.394493e-08 0.0098263305 0.00030458556 0.0025951534 0.0003286296 3.1411135e-05 0.0017241165 0.00049829006 5.8573073e-07 5.0337803e-05 0.017524062 0.00018623665 6.0732007e-05 1.7842665e-05
0.00073349196 0.069272995 0.202615 0.048784968 0.02285218 0.015007226 0.05814338 0.0028913668 0.0048763626 0.04219425 0.060626514 0.16985345 0.11620864 0.0011771338 0.2447013 0.0013654404 0.01157791 0.0029714007 0.0004462005 0.0005903689 1.870923e-20 0.00037891447 0.0015162644 0.003122481 0.032984618 0.024745032 0.0002344378 0.057248194 0.004198888 0.016582044 0.0002496944 0.002388255 0.0066822325 0.0002839602 0.0115025975 0.20136611 0.0040837387 0.00043789932 0.02416918 0.005032914 0.00020533013 0.0002757386 0.002879099 0.28110674 0.049109448 0.0029487116 0.0012287108 0.0023647007 0.001864757 0.0029458532 0.008005601 0.00012824233 0.0074795387 0.00062366115 0.002462423 0.00017641243 0.004617376 0.014854993 0.000366714 0.00082736247 0.006278634 0.005062927 0.00036100196 0.00023492346 0.0056428835 0.006073427 0.0008331954 0.0027704784 0.0018004281 4.2347667e-05 0.0064129056 0.0017273151 0.0012632987 0.0062520206 9.514723e-05 0.0010548132 0.009949586 0.00034053746 0.0010660468 0.00013578418 0.0010891813 0.0032342284 0.0018151992 0.0001856626 7.587694e-05 7.784933e-05 4.0135168e-05 0.0009972196 2.6648091e-05 0.00023880327 1.2625597e-05 0.0002410341 0.0036529426 9.389113e-07 1.2275552e-06 0.0056110453 1.3650841e-06 0.00015231318 1.3059164e-07 4.108177e-07 4.3296527e-06
0.7538828 0.03271818 0.0013118577 0.009656019 0.034640756 0.043821584 0.00021564164 0.11501189 0.111911386 2.028978e-05 0.00095445546 0.0114587275 0.019247504 0.49273485 0.0019443688 0.23632534 0.053654596 0.060540937 0.65125746 0.100081734 0.00037891447 1.0439219e-21 0.045382865 3.9878585e-05 1.614274e-08 0.017053192 0.67165476 0.0057524894 0.053146016 1.4153248e-05 0.6398445 0.038071174 0.038264118 0.13219537 1.0446281e-06 0.00013320336 0.028361538 0.033051975 0.004712055 3.5469438e-06 0.027063997 0.056834765 0.00013380405 0.00037285945 0.0021637047 0.015961228 0.029995196 0.028295152 0.03025054 0.015332089 1.2371535e-06 0.0028520413 0.15216862 0.0011505022 0.029620565 0.030856743 0.0123625025 0.00019870632 0.00021385681 0.0011229 2.3469022e-07 0.0077758105 0.002246518 0.00031383574 4.6238307e-07 0.0009533256 0.00042803193 0.00014856055 0.011201832 0.0032721793 1.0716596e-07 0.006415466 0.0012839813 1.9118012e-05 0.00024482328 0.0009429265 2.1622336e-06 0.001785396 0.0019431128 0.0002205162 0.0063653397 0.031716663 0.016859943 0.00024238328 0.0015443478 4.3174005e-05 0.0009815652 2.0248838e-07 0.0037111302 0.00019083137 0.00047976885 0.00018227188 5.455444e-06 0.000117484655 6.6008964e-05 4.540486e-07 1.2631222e-05 0.00090804533 6.9752446e-06 3.6822003e-06 1.2907643e-06
0.96217024 0.1963333 0.008902775 0.097144514 0.13213924 0.14755352 0.0032558525 0.24982072 0.10770244 0.0011050137 0.025019165 0.02935524 0.04159177 0.28392532 0.007871548 0.7656222 0.044762712 0.04557834 0.23842359 0.0757125 0.0015162644 0.045382865 1.4564155e-19 0.0010721913 2.3717728e-06 0.016048098 0.059031926 0.008172986 0.018694488 0.00017862782 0.06148344 0.013097751 0.73447514 0.042401325 1.8331566e-05 0.00026459468 0.011427624 0.027905311 0.0058869547 2.7227972e-05 0.024736932 0.014943209 0.00197047 0.00062483875 0.004415652 0.006799873 0.0072169728 0.008996855 0.008510268 0.005995392 6.552817e-06 0.00056487793 0.60846114 0.00010133258 0.00701168 0.010788902 0.18876211 0.0006009073 2.4389195e-05 0.00013437335 5.809739e-06 0.004051414 0.0006253926 3.479536e-05 8.357993e-06 0.0006128132 0.0052580982 0.0019505516 0.003680591 0.0007540516 4.616519e-06 0.00153161 0.00039797623 0.0003408702 3.859117e-05 0.008478678 4.037684e-05 0.000256103 0.0004312103 4.4731118e-05 0.0015458463 0.093464665 0.13983224 1.1817352e-05 0.00018644046 3.410129e-06 0.00011553092 2.65886e-06 0.00040165996 4.8808473e-05 3.205407e-05 6.163412e-05 4.4017346e-05 3.3688782e-05 1.1425995e-05 7.760845e-06 2.9145385e-06 0.00013181985 5.9522727e-06 1.0012175e-06 1.8816722e-06
0.14142667 0.06289591 0.0374868 0.12980326 0.0038414833 0.003067035 0.081889644 0.0009336174 0.0010461705 0.05732457 0.41233623 0.010669479 0.0061945766 0.00016039147 0.010308449 0.00032687982 0.0008369348 0.00057841954 4.5640034e-05 0.0008650721 0.003122481 3.9878585e-05 0.0010721913 5.618263e-19 0.013501486 0.00091140595 0.00013195202 0.00092797104 0.000403315 0.010440043 0.00015694936 0.00015058591 0.014858712 0.0002451843 0.0017523218 0.0010210607 0.00028091596 0.00031772204 0.00022436574 0.0051275413 0.00021319152 0.000106053936 0.75887537 0.00020786762 0.000117164534 9.066864e-05 0.00014408502 0.00025675914 0.00016581838 6.563615e-05 0.0011155189 1.0540533e-05 0.003200824 6.707828e-06 0.00031125598 1.6845284e-05 0.10563163 4.3876695e-05 3.0885349e-06 1.7411032e-05 0.00023871538 0.0004193765 5.356165e-06 2.3013915e-06 0.0005931987 5.309015e-05 0.42506263 0.092885464 0.00013131069 1.4499974e-06 0.0013658617 0.00014924046 1.5409734e-05 0.006465712 6.386244e-07 0.18244271 0.0024681808 1.6627451e-05 6.5896784e-06 9.741407e-07 0.00016816513 0.0036184816 0.033873912 7.981419e-07 4.429857e-07 8.4652605e-08 1.6962797e-06 0.00023929046 6.2241634e-05 1.0955066e-06 2.8380111e-05 8.85634e-07 0.0045348955 6.620475e-06 8.41888e-06 0.0014519342 1.2176283e-06 1.0190051e-05 3.3205828e-07 5.869083e-07 7.096838e-07
0.048174467 0.012377131 0.13527429 0.027457278 0.0011895996 0.0005465737 0.36816147 2.1957843e-05 1.3751618e-05 0.49930912 0.12861702 0.026534282 0.011250235 3.3878743e-07 0.035374038 1.8941242e-06 6.135245e-05 1.3712087e-06 5.113438e-08 1.1858118e-07 0.032984618 1.614274e-08 2.3717728e-06 0.013501486 1.05804664e-20 0.0013521626 7.965944e-09 0.0034117594 3.6404506e-06 0.50147074 5.2213847e-09 2.6832745e-07 9.0822505e-05 6.897225e-09 0.16357584 0.015518441 5.137916e-05 2.2141913e-08 0.00036534024 0.2877968 1.6999735e-08 6.860815e-09 0.012517225 0.0024612127 0.00042781478 0.00011131372 3.2442586e-05 7.1680997e-06 2.1167596e-06 0.00011711415 0.32692978 1.2714031e-09 1.3904167e-05 5.841609e-09 0.00010104732 6.3531123e-09 0.007885575 5.462251e-05 6.4977956e-09 1.6467407e-08 0.11807337 3.891258e-05 5.220648e-09 4.7809774e-09 0.18139125 1.2321535e-05 0.011954184 0.73126733 9.170412e-06 8.9593194e-10 0.25696597 1.789633e-05 1.2508507e-07 0.5709985 1.5613154e-10 0.012587393 0.124049865 3.252026e-06 3.407595e-07 5.9591905e-08 6.4921073e-06 2.5703092e-05 0.0011943489 3.909137e-09 3.896057e-10 4.6064386e-10 7.322237e-10 0.030676711 1.9186916e-06 4.568103e-08 1.2244982e-07 3.335269e-08 0.038613115 5.063004e-07 7.469996e-08 0.06868222 1.2079936e-08 2.3862556e-09 4.3898932e-08 1.8726693e-08 4.3707274e-08
0.009368543 0.12031329 0.06333184 0.041237574 0.24977818 0.24325956 0.012283008 0.06905982 0.09446839 0.0060124006 0.016463587 0.22552873 0.44895852 0.042778697 0.06979451 0.026274424 0.47371563 0.1945358 0.015793834 0.06653682 0.024745032 0.017053192 0.016048098 0.00091140595 0.0013521626 8.232347e-21 0.024482267 0.5279132 0.28723156 0.0018089322 0.009190555 0.13910529 0.012862412 0.011837148 0.0012480691 0.013244506 0.4032193 0.021567898 0.45005926 0.00089189346 0.017938409 0.005527477 0.0005836724 0.07276289 0.31585056 0.31176966 0.13502093 0.08107211 0.06365533 0.26296833 0.00031681193 0.0020267407 0.006939661 0.0036594055 0.07398003 0.0020388132 0.002338539 0.077254556 0.0013251005 0.0036928614 0.00049786735 0.07337078 0.00082582526 0.0006839594 0.00017001538 0.061364274 0.00065097463 0.0018638386 0.024822723 0.0004505266 0.00025971537 0.03659436 0.0014238029 0.0011870763 0.00014803499 0.0014784228 0.00094779715 0.01532546 0.0024742659 5.0780814e-05 0.018185139 0.0022758883 0.00094603363 0.0006811341 8.197582e-05 0.00010699905 4.317977e-05 5.6891728e-05 0.00266846 7.293521e-05 0.0021123553 0.00012755052 0.0012354634 0.0001229057 0.00018635318 0.0013327198 7.7476225e-06 0.00105784 2.28817e-05 1.6970978e-05 4.84474e-05
0.79998285 0.04113058 0.00087155105 0.007125044 0.05207674 0.06901979 9.142029e-05 0.101998754 0.094538964 1.4116219e-05 0.00048033832 0.010666137 0.02236901 0.1946115 0.0012924952 0.07709976 0.0921335 0.11938418 0.3027728 0.25691998 0.0002344378 0.67165476 0.059031926 0.00013195202 7.965944e-09 0.024482267 1.7948412e-20 0.00918786 0.09939046 1.6707372e-05 0.6897945 0.09740442 0.060786016 0.63397855 1.2388584e-06 8.1353166e-05 0.04903685 0.18335016 0.007896857 3.1610055e-06 0.11833329 0.27340814 0.0004114916 0.00021255652 0.0034936562 0.028155675 0.06535827 0.07249964 0.07818144 0.02663568 1.5550285e-06 0.023158642 0.28532755 0.009869655 0.06800484 0.15914506 0.019564154 0.00027324544 0.0040707067 0.009206161 6.269995e-07 0.010028565 0.029147612 0.0031824773 2.576634e-07 0.00066754327 0.001248834 0.0001872325 0.030451717 0.03678267 3.180673e-08 0.009431231 0.0060186735 1.0914348e-05 0.0016623227 0.0012553064 7.5938465e-07 0.003680033 0.0067292843 0.00095034513 0.009404187 0.07105679 0.03412835 0.0012436544 0.007351788 0.00042109078 0.0053298473 1.0911154e-07 0.005170015 0.000937737 0.0016685907 0.0005246785 1.4777347e-06 0.00034937175 0.00014349152 6.800199e-08 1.3094496e-05 0.005545907 3.6388417e-05 1.0994329e-05 1.1567783e-05
0.004132903 0.08959896 0.08399674 0.039717056 0.11338992 0.10037384 0.017003791 0.02703502 0.043814745 0.007908629 0.022738982 0.26763317 0.40000758 0.017146006 0.1265425 0.010113313 0.26456693 0.071827516 0.0045786193 0.028848428 0.057248194 0.0057524894 0.008172986 0.00092797104 0.0034117594 0.5279132 0.00918786 1.4918793e-21 0.10810175 0.0015524672 0.0038125026 0.054648142 0.009328445 0.0056264 0.00088162575 0.021276169 0.20745619 0.007056959 0.36108947 0.0006097157 0.0066180574 0.0030836584 0.00065905805 0.20423523 0.32004437 0.13899726 0.06602073 0.040577002 0.03553505 0.098760195 0.0007197987 0.00082177966 0.0061715497 0.0021457225 0.03786871 0.0011450648 0.0020747182 0.06585925 0.0006686235 0.0020525018 0.001458828 0.04280768 0.0007984774 0.00043840078 0.0004704545 0.03966377 0.0004955907 0.0018052002 0.013215422 0.00023015607 0.0006140104 0.018569207 0.00072228827 0.0019729289 0.00012004234 0.0012608357 0.001363003 0.005543779 0.0014498911 8.678427e-05 0.009573531 0.0028868315 0.0010264877 0.0007794215 0.00010611586 0.00011161956 6.474656e-05 0.000115447656 0.00094601145 0.0001213755 0.0010674124 0.00017058478 0.0016045083 1.5481206e-05 6.0969876e-05 0.0024216701 5.783817e-06 0.00045162166 2.9044136e-06 2.4632354e-06 1.8621437e-05
0.0317074 0.026139196 0.005920073 0.0060686157 0.12508938 0.14085108 0.00052828854 0.07436276 0.13407904 0.00010105763 0.0009851896 0.038020175 0.09059588 0.07844306 0.009832845 0.047534518 0.59586054 0.50572956 0.04230592 0.23677607 0.004198888 0.053146016 0.018694488 0.000403315 3.6404506e-06 0.28723156 0.09939046 0.10810175 5.428739e-24 6.407981e-05 0.04388963 0.6054127 0.01244027 0.060410224 0.00020103787 0.0017084805 0.46188533 0.04998356 0.122836635 0.00028399186 0.04649037 0.02698274 0.00025194764 0.012583197 0.06649829 0.2952447 0.3465142 0.3107086 0.26732972 0.26684836 7.654348e-05 0.005242921 0.011393906 0.0061073117 0.14534011 0.008915589 0.002233082 0.03425219 0.002240324 0.005298782 1.9839246e-05 0.108598255 0.0018847635 0.0012425532 3.7025782e-06 0.044187203 0.00023833096 0.00049284945 0.049288627 0.003005614 2.1981468e-06 0.06556051 0.003293352 1.920073e-05 0.00031705762 0.00033643242 1.7172451e-05 0.033710763 0.0064404127 0.00014241315 0.029021043 0.0022901318 0.00041057295 0.0005502623 0.00067991886 0.00010350329 0.00046504044 3.5474395e-07 0.0145663805 0.00015968818 0.002299787 0.000113836155 2.382599e-05 0.00021127178 5.5134882e-05 2.9147052e-06 4.7942576e-06 0.00094925496 2.7941345e-05 4.7686945e-06 2.308962e-05
0.016442642 0.022453874 0.13499326 0.029670196 0.004278754 0.0031318022 0.34141186 0.00055755035 0.0004705882 0.4096869 0.058515 0.009929728 0.0059053814 7.192199e-05 0.015852323 0.0001346539 0.00025030188 9.514305e-05 1.1343403e-05 5.4175318e-05 0.016582044 1.4153248e-05 0.00017862782 0.010440043 0.50147074 0.0018089322 1.6707372e-05 0.0015524672 6.407981e-05 2.4208572e-21 7.270239e-06 2.398368e-05 0.00059762597 1.3284275e-05 0.36076856 0.055793155 0.00029777593 4.2723743e-05 0.0014045576 0.45562342 1.9423152e-05 1.5297941e-05 0.0022606854 0.004642287 0.001368959 0.00058254454 0.00011575833 0.00012136091 0.00015395568 0.0012032337 0.45453098 3.4925733e-06 6.5287735e-05 2.8113775e-05 0.0017759542 1.0442401e-05 0.0009720912 0.0011405528 1.3218209e-05 2.212352e-05 0.22018288 0.004804614 1.622079e-05 3.5244907e-06 0.13818249 0.002108679 0.002300298 0.15945663 0.0015019658 8.6506054e-07 0.13309263 0.0022394033 4.07807e-05 0.16782309 5.050637e-06 0.0022641614 0.057583395 0.00040473143 7.142677e-05 5.5516853e-06 0.0019335294 2.5444886e-05 8.380809e-05 1.6146676e-05 4.5815602e-07 2.2949569e-06 1.3682246e-07 0.020929867 1.0884557e-05 2.8336476e-06 3.1209804e-06 8.284986e-07 0.009858794 2.0946736e-06 3.8613757e-06 0.047617488 9.695991e-07 1.6241231e-06 1.4245587e-07 1.1224299e-07 8.8984837e-07
0.96136904 0.02697381 0.00060332334 0.004318216 0.035535637 0.044530787 9.02634e-05 0.064108945 0.055644114 2.3785264e-05 0.00057904975 0.0074552903 0.012386039 0.14440402 0.0014158128 0.09456863 0.037787765 0.06965608 0.504274 0.15482296 0.0002496944 0.6398445 0.06148344 0.00015694936 5.2213847e-09 0.009190555 0.6897945 0.0038125026 0.04388963 7.270239e-06 1.4606775e-19 0.040584948 0.06273981 0.47438323 1.0719239e-06 0.00011635557 0.013344088 0.08792706 0.0029981735 1.6211442e-06 0.064230114 0.20762368 0.0003479939 0.00029852346 0.0018744303 0.0084067015 0.01887184 0.02695358 0.029065391 0.008016588 6.741829e-07 0.007536042 0.4309593 0.0022138003 0.018680196 0.1548402 0.013835552 0.00032999695 0.00058466033 0.0022709894 8.8506823e-07 0.004854073 0.014617617 0.0006270543 5.7874e-07 0.00029242027 0.00063282275 0.0001160102 0.0071393205 0.01947713 4.361018e-08 0.0040607047 0.0018744189 2.1566992e-05 0.00042799738 0.0014089937 9.916274e-07 0.0009408431 0.0011693536 0.00033054725 0.004977556 0.11225434 0.058148865 0.00021279362 0.003521771 9.706206e-05 0.0022381062 1.7623577e-07 0.0018725982 0.00022471928 0.0005227177 0.00020036624 1.6758748e-06 9.855146e-05 8.121363e-05 5.0341924e-07 2.1670407e-05 0.0029089614 1.7518028e-05 1.2829266e-05 1.9092786e-06
