8.790218e-33 0.00048192503 0.0036689888 0.0020719415 0.00044752372 0.01295324 0.0015899567 0.020969205 0.011476197 0.04684928 0.058282316 0.08212599 0.042331107 0.0010138681 0.007904481 0.0010407034 0.13060114 0.044517264 0.14884982 0.094979756 0.22304252 0.31893933 0.09321468 0.0016680865 0.03573769 0.3805319 0.00091478863 0.14262635 0.0026914184 0.008715972 0.4461736 0.022638766 0.075796366 0.76004535 0.0019073024 0.015787516 0.00011031631 0.8575144 0.003489584 0.7129056 0.8462937 0.70561653 0.8602642 0.2781207 0.86148673 0.48606673 0.8622758 0.80120873 0.8302622 0.1177512 0.95152366 0.9090826 0.89501345 0.38246748 0.22239408 0.901019 0.095168225 0.8181494 0.6207847 0.5495606 0.90910083 0.91671634 0.041134346 0.00044055335 0.93374676 0.090271436 0.9683525 0.97772115 0.8952953 0.97530526 0.0031170053 0.71570605 0.12997007 0.83897036 0.9911186 0.033612285 0.9378479 0.7558696 0.009179435 3.763198e-05 0.00069302786 0.86028403 0.99630475 0.99669385 0.75784254 0.042317756 0.9485375 0.9706905 0.9629618 0.9989312 0.03820052 0.021264616 0.33028942 6.192004e-05 0.004105571 0.9934203 0.9995923 0.017874064 0.9971838 0.99889666 5.043453e-05
0.00048192503 2.3926556e-19 0.28578728 0.1701652 0.14636783 0.27252898 0.24719812 0.21212684 0.25204366 0.03763611 0.048423376 0.09335989 0.04598384 0.32172957 0.062118933 0.02118295 0.01624849 0.08367795 0.011008936 0.08462028 0.023013193 0.011135031 0.01781989 0.0075653065 0.018943114 0.04115602 0.0018144358 0.016874654 0.003953155 0.002026075 0.003233272 0.0060019307 0.0059668263 0.009297511 0.00042495475 0.0025348577 0.0063510234 0.0039053166 0.00028457204 0.00040160053 0.015723763 0.0005581846 0.010611531 0.000777858 0.0010582946 0.00068584905 0.0005522432 0.00069582195 0.0003614305 0.0043286416 0.00040705805 0.0007322361 0.0043329555 0.003040904 0.00021567948 0.004333251 0.00013563872 0.0025212793 3.804737e-05 0.00019015522 0.00049824757 0.0024392325 0.00016352713 0.00011090787 0.00024028498 0.0005599307 0.0019365104 0.00026083086 0.00017987608 0.0018084223 0.00051674934 0.00056608004 0.00034005282 0.0027817101 0.0010256051 0.00016978514 0.00017498784 0.0002437851 0.00023398796 0.00020481383 7.563152e-05 0.0011341646 9.4958945e-05 0.0018421821 0.00018482681 0.00035548175 0.00056409114 0.00012427635 0.0003576707 0.002293501 6.918835e-05 0.00046254566 3.3686632e-05 1.7419403e-05 1.3321775e-07 5.94417e-05 0.000859857 3.94103e-05 0.0011898589 0.00011940636 8.383831e-07
0.0036689888 0.28578728 2.7543906e-20 0.2534624 0.12623666 0.35695723 0.047649313 0.31062758 0.100876495 0.2502253 0.24925119 0.25189337 0.20203668 0.017104859 0.13014124 0.06496255 0.05909591 0.031588882 0.040892016 0.09969866 0.06581155 0.050480995 0.11279217 0.016820066 0.11868603 0.07739566 0.008450465 0.008679955 0.00041646478 0.024103165 0.033279754 0.0011813309 0.00310049 0.034018427 0.0053055454 0.016443841 0.0013063034 0.027669983 0.003710778 0.0077534583 0.017442346 0.007351399 0.014644688 0.0036398412 0.0116341375 0.0054056416 0.009026044 0.00796503 0.0068994337 0.0020909996 0.00744855 0.0076335613 0.008360792 0.0018026738 0.0002870563 0.0082863625 0.00013794196 0.0016070749 0.0001028413 0.0021564935 0.009590693 0.006862233 0.00017353684 0.00032102547 0.0057529807 0.00041463174 0.00810105 0.004151022 0.0014396297 0.004630846 0.00021138284 0.00042689615 0.00013289048 0.005771203 0.0061020814 9.782127e-05 0.0011181032 0.00027848277 0.00010405059 0.0004148671 0.00012623679 0.0028330707 0.0011448438 0.0030926673 6.418642e-05 0.00019745974 0.0012701678 0.00031412768 0.0002852206 0.0037277555 0.00034929498 0.00030686468 0.00016576967 3.0538846e-05 4.401334e-06 0.00022374181 0.0012575472 0.00026790777 0.00042683573 0.00038242794 2.7241072e-06
0.0020719415 0.1701652 0.2534624 6.153316e-20 0.25184822 0.14489521 0.019921945 0.12138934 0.04361687 0.213095 0.13957605 0.12105758 0.21961516 0.00872728 0.18710959 0.16425735 0.050537292 0.014479387 0.04225658 0.053206947 0.04127657 0.044339556 0.10686496 0.03485266 0.10620525 0.047598712 0.0155820465 0.0047162245 0.00020212501 0.022535315 0.033723794 0.0004991219 0.0015285675 0.025214104 0.0047808806 0.014652085 0.001183115 0.021995164 0.004830501 0.006372759 0.0070048766 0.004919504 0.006114912 0.0032202723 0.010270856 0.003898719 0.0065924386 0.009248549 0.0046721203 0.00037897518 0.0058421586 0.0074951625 0.0033218341 0.0001791034 0.00026406834 0.002067373 0.00014942772 0.00027148283 8.692409e-05 0.0020511516 0.0072226287 0.0029561857 0.00012764835 0.00026021467 0.0055355164 0.0002459611 0.0047513107 0.0046018115 0.0014647319 0.0028150394 0.0003334468 0.00017812462 6.0379673e-05 0.0025884425 0.0041147317 7.66513e-05 0.0013379531 0.00010725414 9.9368845e-05 0.0010218469 0.00011266399 0.0016399825 0.0012560255 0.0022960901 2.0421981e-05 9.8931516e-05 0.0006118704 0.0006740129 0.00010257616 0.0044945916 0.00061241444 0.00017908339 0.00038651688 4.848202e-05 3.974408e-06 0.00020736254 0.0011654393 0.00043226575 7.432792e-05 0.00041325716 6.344083e-06
0.00044752372 0.14636783 0.12623666 0.25184822 5.921765e-20 0.054167803 0.008613866 0.043940634 0.017863143 0.0813793 0.046127483 0.03490997 0.117886685 0.0040378748 0.224881 0.23405606 0.024035947 0.0034245995 0.0213108 0.017340451 0.014004476 0.017763438 0.049975604 0.07902573 0.06257661 0.011173299 0.040078275 0.00055207417 3.7330723e-05 0.024294946 0.013025117 6.441146e-05 0.000108423985 0.0077269254 0.00962452 0.009538836 0.0004568108 0.009453959 0.0041093174 0.0021143083 0.0012236846 0.0013971799 0.001231026 0.0011547728 0.003867621 0.0011850009 0.0018072354 0.004951539 0.0009916069 0.00015145697 0.0016154147 0.003965648 0.00074091053 4.4842298e-05 9.4697316e-05 0.00056152395 9.0082984e-05 6.558259e-05 3.7686852e-05 0.00042353908 0.0012401215 0.00050589256 6.688962e-05 5.3632983e-05 0.0009288236 7.610798e-05 0.0010339279 0.0008316144 0.000366542 0.00085556024 9.69099e-05 5.1829713e-05 2.9225646e-05 0.00037830678 0.0011068521 2.1390115e-05 0.00031261877 2.7338163e-05 1.4142534e-05 0.000190797 2.7433674e-05 0.00037257082 0.00027677818 0.0017033226 4.4047856e-06 1.0534646e-05 0.00014941748 0.00032764632 2.0210795e-05 0.0029845755 0.00021042384 2.3358361e-05 0.00014022758 2.1458378e-05 1.7431375e-06 0.00010207457 0.00021886376 0.00013465494 2.8471415e-05 0.000289605 1.5187497e-06
0.01295324 0.27252898 0.35695723 0.14489521 0.054167803 9.705558e-20 0.11233155 0.6771799 0.35770336 0.3381422 0.5638697 0.59919554 0.22465897 0.016666649 0.12676209 0.028698744 0.24428473 0.11535157 0.17866604 0.26189336 0.28079808 0.21050082 0.11623599 0.01586337 0.07892664 0.24320017 0.008242147 0.021488607 0.0007562211 0.017368106 0.05603053 0.0028603463 0.0069614523 0.14282002 0.0051761325 0.015012034 0.0014180574 0.10148152 0.0038767976 0.024056949 0.06411604 0.01493105 0.059306152 0.0077787996 0.038846597 0.010964747 0.020100717 0.030881811 0.012651237 0.0044041853 0.020060472 0.029158888 0.04043367 0.006556831 0.0006248221 0.024401948 0.00055987196 0.010351475 0.0002387345 0.0028523107 0.014519681 0.017605286 0.0005432179 0.0002113925 0.008660119 0.0043169227 0.018959891 0.006907446 0.0018301819 0.010830695 0.0001558941 0.0018226642 0.001954954 0.010757208 0.012142117 0.00015717495 0.0013788744 0.00045034252 0.00013198011 1.135872e-05 9.4387426e-05 0.0072437963 0.0026607993 0.009195806 0.00029901043 0.0002052336 0.0032286749 0.00030034536 0.0007783481 0.005187226 0.00024901165 0.00055174174 0.00023856723 5.6539584e-06 2.8102072e-06 0.00053959864 0.0015832349 0.00017497131 0.0031236904 0.00037208805 5.1210145e-07
0.0015899567 0.24719812 0.047649313 0.019921945 0.008613866 0.11233155 4.277752e-20 0.10372218 0.26149565 0.010827091 0.02484002 0.08333868 0.010220311 0.22567207 0.006587926 0.0010183587 0.007290817 0.22214794 0.005082394 0.1341399 0.022154225 0.010961735 0.00435476 0.00060501206 0.0014403397 0.065528065 0.00019181559 0.02575851 0.005868893 0.00021534055 0.0016264863 0.012870222 0.01223711 0.018836865 0.00014920843 0.0010794454 0.006957958 0.008499695 0.00027084586 0.00035057662 0.04236429 0.0010036146 0.034410466 0.00080381375 0.0012497067 0.0014918965 0.00097415247 0.0025580435 0.00043510634 0.013133431 0.0010116627 0.0029577198 0.013123577 0.013640817 0.00027935632 0.012917564 0.00025678385 0.011381938 9.248275e-05 0.0007812268 0.001838935 0.008196504 0.00037660103 3.2210264e-05 0.0006204574 0.0025166909 0.006633621 0.00065300375 0.00050618144 0.0040041218 0.0007172404 0.0021554232 0.0019449714 0.008428741 0.0038617812 0.0006972497 0.00031140144 0.0008346548 0.0006730282 1.8157752e-06 4.0098323e-05 0.0029653357 0.00037990807 0.0015100333 0.0009768918 0.0007707679 0.0015564031 7.828717e-05 0.000734124 0.0010596937 5.9619968e-05 0.0008853321 4.4102144e-05 2.9234773e-06 2.8015282e-07 4.0937965e-05 0.00075400743 5.675646e-05 0.0016710975 8.284394e-05 2.5462998e-07
0.020969205 0.21212684 0.31062758 0.12138934 0.043940634 0.6771799 0.10372218 1.0696906e-19 0.36313403 0.3158548 0.58529806 0.63375556 0.21011388 0.015629718 0.112055495 0.023767302 0.29473713 0.16233009 0.21463087 0.3127442 0.33404326 0.2667773 0.11253702 0.01485058 0.07543306 0.29245165 0.00792708 0.02694431 0.0008931902 0.022485582 0.053445652 0.004194855 0.009939951 0.1824379 0.0064568296 0.01671197 0.0014186051 0.1321988 0.006008869 0.021126952 0.07772834 0.015018673 0.07264647 0.0071524726 0.035512965 0.01046392 0.01898667 0.03571421 0.011668572 0.0057381536 0.021335213 0.034753446 0.05136993 0.009542621 0.00044372148 0.03147273 0.00039161457 0.0142512815 0.00019510249 0.0029982347 0.017660476 0.020823907 0.00041846477 0.0002601564 0.011369045 0.0043782275 0.025031244 0.008638104 0.0017899259 0.013947657 0.000116765535 0.0024842082 0.0019663533 0.011929215 0.016569445 0.0001510832 0.0013273379 0.0006369229 0.00014160316 1.3502522e-05 0.00013878831 0.009112604 0.002331321 0.008283956 0.00049288094 0.00030244185 0.0045679165 0.00022369614 0.0010038735 0.0037569262 0.00014669035 0.0008267043 0.00018591722 6.0964326e-06 3.138034e-06 0.00031809494 0.002490341 0.0001297566 0.0049039433 0.00022532335 7.3996284e-07
0.011476197 0.25204366 0.100876495 0.04361687 0.017863143 0.35770336 0.26149565 0.36313403 1.04862074e-19 0.062654294 0.17104451 0.40400058 0.059270896 0.13851863 0.029105246 0.0034830505 0.040352494 0.44807777 0.03274338 0.4062004 0.11766894 0.05383743 0.02255455 0.0028429443 0.008389182 0.2678602 0.0008768283 0.06862054 0.008088371 0.0028009925 0.012944224 0.024323357 0.028515935 0.061026793 0.00070035533 0.0045493334 0.006282994 0.035820376 0.00064070034 0.0028509726 0.104213595 0.005840075 0.087011024 0.0049802004 0.006339874 0.007279707 0.0066332417 0.013427293 0.0040317797 0.03129105 0.0050157364 0.013364969 0.043905236 0.032155517 0.0002835759 0.03521668 0.00018032161 0.03170601 0.000100539684 0.0018312975 0.0067349044 0.018694742 0.00030599002 6.250962e-05 0.0037498372 0.009237777 0.0151500255 0.004320772 0.0012852994 0.010450453 0.0014978949 0.006116553 0.007799275 0.01417893 0.0106751425 0.0014045972 0.0012924772 0.00231897 0.0017396329 8.493511e-07 5.804231e-05 0.009475934 0.0007930071 0.0031896208 0.0028522823 0.0022261238 0.005374489 0.00017440239 0.0020296187 0.0012780281 0.00010408493 0.003603615 0.00012975748 1.9325437e-06 2.6128123e-06 6.187234e-05 0.0029944973 0.00013289857 0.0068451082 8.7699635e-05 2.3985692e-07
0.04684928 0.03763611 0.2502253 0.213095 0.0813793 0.3381422 0.010827091 0.3158548 0.062654294 2.3117359e-20 0.5796894 0.30950066 0.67016387 0.001945105 0.3698449 0.18736246 0.5431125 0.021449707 0.57820106 0.0768225 0.15302409 0.30395836 0.29465237 0.10425211 0.22229044 0.093899965 0.04962009 0.0036338896 9.971496e-05 0.058826093 0.1398524 0.00018903725 0.00056800456 0.10459212 0.024436321 0.044209085 0.00016333075 0.13409156 0.025667273 0.064491495 0.0086779315 0.031243673 0.009996843 0.021045586 0.08044035 0.022441924 0.03907816 0.09899502 0.034709524 6.80921e-05 0.06380991 0.075036004 0.012094324 0.00011525427 0.0012044547 0.0048278044 0.0007160768 0.00082880055 0.0007633347 0.0030863518 0.033421233 0.006733084 0.0006840876 0.0012307167 0.033442155 0.00020861551 0.019137911 0.026498662 0.0017644619 0.00846695 5.0638926e-05 8.815488e-05 5.4338e-05 0.0034469557 0.01746619 6.963205e-05 0.00093761523 1.1615085e-05 2.225039e-05 0.00020332949 8.708464e-05 0.0031431783 0.012502038 0.014447903 5.9400977e-06 4.1893916e-05 0.001956281 0.00047277054 3.1153766e-05 0.0076378398 0.00021696369 0.00017329176 0.00022803528 1.45348995e-05 1.27018775e-05 0.001209448 0.003305378 0.0002015733 0.00060248707 0.0003278961 2.1905546e-06
0.058282316 0.048423376 0.24925119 0.13957605 0.046127483 0.5638697 0.02484002 0.58529806 0.17104451 0.5796894 2.531519e-19 0.63163483 0.3862213 0.0039762496 0.1640335 0.057875626 0.59931785 0.06727782 0.5849787 0.17786549 0.4160888 0.48579594 0.14414133 0.035114747 0.13577272 0.26556534 0.015435682 0.013633905 0.00072238443 0.035248138 0.08539836 0.002377531 0.00447185 0.25456244 0.011309999 0.02578186 0.0003451681 0.21496007 0.012135026 0.04491849 0.043794822 0.024543967 0.048022732 0.014193102 0.07026561 0.015551295 0.03410277 0.10895776 0.02385435 0.001017629 0.051216207 0.09180235 0.04921325 0.0019664096 0.00050417724 0.020952404 0.00027965163 0.005522816 0.00014506407 0.0029869175 0.04923765 0.019120237 0.00027970635 0.0004922599 0.033592507 0.0011892582 0.058612626 0.026103312 0.0014129396 0.022582129 8.1148675e-05 0.00055988476 0.00033348656 0.007660012 0.037355136 0.0002470067 0.001138413 0.000107014865 0.00011134781 2.222636e-05 8.381281e-05 0.006518251 0.0069166874 0.014072038 5.993734e-05 9.542493e-05 0.0033363686 0.00028322078 0.0002744075 0.0062161796 0.000114215116 0.00031272045 0.00014966048 5.7878283e-06 2.9342477e-06 0.00079599424 0.0028837044 8.3419756e-05 0.0040190937 0.0004203186 4.940256e-07
0.08212599 0.09335989 0.25189337 0.12105758 0.03490997 0.59919554 0.08333868 0.63375556 0.40400058 0.30950066 0.63163483 6.2111214e-19 0.20804606 0.014208201 0.116206706 0.025343476 0.39088482 0.3528811 0.32581642 0.5408649 0.55205953 0.5062083 0.12902826 0.021411452 0.10064951 0.5466031 0.010546628 0.09010964 0.0032249745 0.040010814 0.0781872 0.013077567 0.028758444 0.36375317 0.010869332 0.020508546 0.00163551 0.23356284 0.00892801 0.029472865 0.19993225 0.021041624 0.19188543 0.009852732 0.044973772 0.013351903 0.023242088 0.06027787 0.0147872185 0.017658252 0.026335318 0.059357796 0.1475388 0.023572521 0.00044582956 0.08033846 0.00032007502 0.031323947 0.00012439872 0.0032501721 0.042915147 0.053535745 0.00022437151 0.00021859656 0.025903929 0.008445471 0.07088269 0.01786425 0.0015005213 0.042286884 0.00026679257 0.004782766 0.0054514585 0.018331055 0.036626857 0.00053899124 0.0011126709 0.0011386618 0.0005038785 9.560707e-06 5.2519586e-05 0.014060314 0.003873263 0.011989252 0.001159628 0.0007771721 0.007177112 0.00011964472 0.0016546509 0.0046022614 6.020413e-05 0.0014528366 0.00011522459 4.8956836e-06 1.1189443e-06 0.00047190092 0.00589728 6.009525e-05 0.012037835 0.00026108045 5.34771e-07
0.042331107 0.04598384 0.20203668 0.21961516 0.117886685 0.22465897 0.010220311 0.21011388 0.059270896 0.67016387 0.3862213 0.20804606 3.5617573e-19 0.0030406152 0.5130931 0.29188362 0.38804182 0.013894319 0.45419443 0.06951803 0.112278745 0.23443869 0.5037779 0.19488639 0.40460664 0.0858564 0.10577749 0.0034582794 0.00018726607 0.17209004 0.32431924 0.00018451281 0.00054375484 0.07787029 0.057118293 0.11233535 0.0012180913 0.120873764 0.06476758 0.12565015 0.0046467474 0.10788673 0.0054079387 0.06539233 0.12851432 0.06622327 0.08478304 0.13372195 0.075375855 7.506264e-05 0.10292678 0.08997698 0.006519239 7.162636e-05 0.00506362 0.003630523 0.00357935 0.00052975264 0.0036552025 0.006352926 0.025977187 0.005131927 0.002564657 0.001929369 0.035366938 0.00018503086 0.013909859 0.030951865 0.004358433 0.007979879 7.264872e-05 0.00010254828 3.7692425e-05 0.0031450673 0.013714288 4.356697e-05 0.0018778981 1.4340854e-05 1.3703401e-05 0.0008841918 0.00025022932 0.0030303793 0.023539029 0.019314785 7.4200834e-06 4.8688627e-05 0.0016995013 0.0010684023 4.9307862e-05 0.010811181 0.00057882315 0.00023172684 0.0006116714 9.777977e-05 4.0631083e-05 0.0037800695 0.007377469 0.0005633759 0.00054153963 0.0012159017 1.2711958e-05
0.0010138681 0.32172957 0.017104859 0.00872728 0.0040378748 0.016666649 0.22567207 0.015629718 0.13851863 0.001945105 0.0039762496 0.014208201 0.0030406152 4.758904e-21 0.0020556084 0.00022682092 0.0010743863 0.26177818 0.00054357154 0.09698002 0.0041652895 0.0011285599 0.0019864426 7.6068136e-05 0.00046993094 0.024263933 2.8432316e-05 0.056159187 0.21012717 9.428311e-06 0.0003520008 0.12722318 0.050295375 0.0014584616 7.1305317e-06 0.00023514248 0.2174653 0.0006416506 2.5307478e-05 4.535791e-05 0.024567477 0.00036233157 0.015267306 0.00025480063 9.159928e-05 0.0004639125 0.00013406704 0.00020436001 8.8789195e-05 0.04396554 6.477565e-05 0.0002715548 0.001775806 0.023676483 8.644832e-05 0.0038991056 4.0573348e-05 0.010599475 7.2602834e-06 9.682519e-05 0.00039246923 0.0023733003 8.74319e-05 7.208559e-06 0.00011576451 0.008481092 0.002063824 0.00010783825 6.439003e-05 0.0014075084 0.005669671 0.003571657 0.0059440886 0.0047683036 0.0010733878 0.0032483174 6.413838e-05 0.0022381532 0.003693897 1.4504304e-06 7.8735775e-06 0.002092396 5.981759e-05 0.0003219827 0.0031946437 0.004351003 0.00085187616 1.548831e-05 0.0008045327 0.00023414599 8.889879e-06 0.009421629 6.84998e-06 2.867204e-07 1.02331965e-08 4.7852227e-06 0.0009627748 5.7477346e-06 0.0017616968 8.994455e-06 3.6259078e-08
0.007904481 0.062118933 0.13014124 0.18710959 0.224881 0.12676209 0.006587926 0.112055495 0.029105246 0.3698449 0.1640335 0.116206706 0.5130931 0.0020556084 9.601595e-21 0.4848315 0.090429656 0.00878388 0.12381271 0.042201843 0.0412002 0.0711332 0.408814 0.36816925 0.52084875 0.033452597 0.21488687 0.0024075096 0.00033307716 0.31044796 0.0969994 0.00027991875 0.00073450524 0.025729928 0.12714073 0.11860472 0.0013598785 0.034958858 0.07132415 0.045127958 0.0019454483 0.027190797 0.0020923652 0.028889863 0.04308712 0.022237739 0.030323155 0.035072353 0.029134007 0.00012598542 0.027917184 0.024639264 0.0025553845 0.00012332099 0.0020966325 0.0012278464 0.0014869428 0.0004842232 0.0010833066 0.005379927 0.01021787 0.00222355 0.0011496074 0.00089794485 0.012960178 0.000123216 0.00560401 0.013076421 0.003906988 0.0035043478 6.126253e-05 0.00025230882 2.5591855e-05 0.002309638 0.00603696 4.379864e-05 0.002662075 6.3932705e-05 2.4633424e-05 0.0019836486 0.0002888561 0.0036386356 0.0056466735 0.010022269 1.1997773e-05 3.026633e-05 0.0020286406 0.0010188487 0.00014395289 0.007654009 0.00084888114 9.2813556e-05 0.00061382446 0.0001389349 5.938028e-05 0.0008852393 0.0019631288 0.00051028136 0.000116891875 0.0005418852 2.7201058e-05
0.0010407034 0.02118295 0.06496255 0.16425735 0.23405606 0.028698744 0.0010183587 0.023767302 0.0034830505 0.18736246 0.057875626 0.025343476 0.29188362 0.00022682092 0.4848315 1.00192575e-20 0.045632076 0.00078700355 0.052212313 0.005909657 0.015376874 0.027408179 0.17795701 0.39628077 0.31560385 0.0055457354 0.24683331 0.00027113195 2.0518302e-05 0.25353897 0.036761288 3.1803473e-05 7.9314996e-05 0.010128042 0.1411371 0.054754745 0.00024869817 0.0156124355 0.06145618 0.015620961 0.0005676713 0.00572835 0.0006962006 0.0031365952 0.016193815 0.0037646592 0.0096771475 0.015231835 0.006206408 9.1763824e-05 0.0073949248 0.010614299 0.0006019291 6.680037e-05 0.00032105026 0.00060235575 0.00022980385 0.00021309864 0.00015732205 0.0008307473 0.0027355258 0.0007166121 0.00012144392 0.00020865654 0.0026876375 7.448183e-05 0.0014771811 0.002564624 0.0006390198 0.00081647706 2.425501e-05 0.0001034647 1.6461765e-05 0.0005569828 0.0017857213 1.7516642e-05 0.00043922497 2.2459297e-05 4.5160073e-06 0.00020222063 3.479334e-05 0.00046828997 0.0011673118 0.0023364075 2.737992e-06 5.9758827e-06 0.00018365557 0.00033103555 3.1294196e-05 0.0027575819 0.00014416102 1.1884906e-05 0.00013050408 1.0621817e-05 6.189267e-06 6.4395375e-05 4.1608946e-05 7.0472604e-05 1.7164082e-05 0.00016281877 2.2598315e-06
0.13060114 0.01624849 0.05909591 0.050537292 0.024035947 0.24428473 0.007290817 0.29473713 0.040352494 0.5431125 0.59931785 0.39088482 0.38804182 0.0010743863 0.090429656 0.045632076 2.6890961e-21 0.0198733 0.7224331 0.059990413 0.27999955 0.5518901 0.1197466 0.031177664 0.07100785 0.12435106 0.015600046 0.003337726 0.00015302018 0.021973355 0.066348635 0.00035326512 0.0009309999 0.19994283 0.011300075 0.017018288 6.381733e-05 0.26443252 0.01100139 0.056515627 0.015331278 0.013692064 0.019838596 0.006836728 0.09110938 0.0071933456 0.043753672 0.13368481 0.03032044 0.00011604152 0.08349754 0.11302194 0.029949844 0.0005021022 0.0003402612 0.010033047 0.00012642112 0.0022427577 0.00012602292 0.0030951134 0.07136433 0.015491869 0.00010548946 0.00026194463 0.067284346 6.2679326e-05 0.058747414 0.050956726 0.0015753317 0.021919752 2.5822255e-05 0.00017338365 1.5630849e-05 0.004541927 0.039379876 0.0001650579 0.0009747662 9.5353935e-06 4.8386402e-05 2.3396844e-05 1.690396e-05 0.004519489 0.019219736 0.018566236 3.7766854e-06 3.5182024e-05 0.0019365576 0.0001651108 2.7488511e-05 0.0058541917 2.0160896e-05 0.00012903656 3.984137e-05 1.1270407e-06 6.905584e-07 0.00074424926 0.001832918 1.5874908e-05 0.0013585855 0.00017676626 1.2235586e-07
0.044517264 0.08367795 0.031588882 0.014479387 0.0034245995 0.11535157 0.22214794 0.16233009 0.44807777 0.021449707 0.06727782 0.3528811 0.013894319 0.26177818 0.00878388 0.00078700355 0.0198733 6.0161195e-20 0.0145872105 0.6528702 0.09193497 0.02944555 0.010979039 0.0010447567 0.0051370324 0.44362068 0.00017467071 0.46221507 0.12251628 0.0009178051 0.005032153 0.3211206 0.30724785 0.0532947 5.2835177e-05 0.0025791703 0.018063532 0.02767592 9.016524e-05 0.0006428459 0.27438197 0.0023257458 0.22572133 0.0021323524 0.0013064473 0.0022491 0.0016508594 0.004703461 0.0014132827 0.1450367 0.001424779 0.005140636 0.09683984 0.11430649 6.7796114e-05 0.08703316 2.84519e-05 0.0912889 1.3015672e-05 0.0006241003 0.005787445 0.03460236 3.4389424e-05 2.7170915e-06 0.0029783587 0.027422022 0.015471118 0.0032478918 0.00030769428 0.017405862 0.0049286988 0.02133275 0.019952435 0.03182512 0.010535637 0.007825374 0.00025590183 0.009362138 0.0045435494 4.945066e-08 2.8647235e-06 0.018780306 0.00028141795 0.0014116184 0.006508862 0.003347712 0.011321 7.691348e-06 0.0054660346 0.00027247026 7.5436556e-06 0.005353949 1.3451062e-05 2.853124e-07 2.3086446e-07 4.101293e-06 0.0047952845 3.1746626e-05 0.010444016 1.28875145e-05 2.6677801e-08
0.14884982 0.011008936 0.040892016 0.04225658 0.0213108 0.17866604 0.005082394 0.21463087 0.03274338 0.57820106 0.5849787 0.32581642 0.45419443 0.00054357154 0.12381271 0.052212313 0.7224331 0.0145872105 2.8670522e-21 0.046400215 0.2753169 0.5334825 0.20157608 0.041255344 0.11965554 0.101244815 0.022353785 0.0026544165 8.555426e-05 0.037703484 0.15686199 0.00021613143 0.00064856384 0.21025555 0.016130649 0.028893456 5.0419858e-05 0.2822322 0.018871253 0.09137207 0.0070187715 0.02845216 0.008928846 0.012882042 0.13154203 0.013714902 0.07194565 0.17962956 0.048976734 3.0581632e-05 0.13172692 0.15776812 0.017599294 5.8015583e-05 0.0010063285 0.0047182604 0.0002727318 0.0003824593 0.00032292953 0.0048933546 0.0771184 0.009423449 0.0001951371 0.000741008 0.08298593 1.2935548e-05 0.048519474 0.058487218 0.0029965711 0.017480897 1.2020059e-05 2.643247e-05 3.0864649e-06 0.0028555181 0.037465736 9.019473e-05 0.0011112948 9.187565e-07 1.5804213e-05 2.7988735e-05 1.4633859e-05 0.0033508213 0.039490465 0.029664883 1.4649994e-06 3.0856307e-05 0.0015329801 0.00021729128 4.977173e-06 0.01097592 1.7112925e-05 7.58412e-05 3.4915724e-05 1.5858438e-06 9.123546e-07 0.0020665254 0.0025834264 1.4329413e-05 0.0006977287 0.0004553776 1.5005855e-07
0.094979756 0.08462028 0.09969866 0.053206947 0.017340451 0.26189336 0.1341399 0.3127442 0.4062004 0.0768225 0.17786549 0.5408649 0.06951803 0.09698002 0.042201843 0.005909657 0.059990413 0.6528702 0.046400215 8.929185e-19 0.27338973 0.12194544 0.028653266 0.0074382494 0.01830496 0.5376598 0.0028739949 0.3531438 0.026344221 0.009694177 0.019407628 0.12814282 0.16425022 0.18307632 0.002288729 0.011083404 0.009683037 0.09672866 0.0021341124 0.0069287694 0.2958903 0.008848532 0.2840438 0.005566783 0.009895474 0.009093107 0.008916183 0.021066349 0.007638878 0.085620955 0.007461286 0.02318371 0.13478278 0.07619112 0.0002516835 0.1047618 8.504536e-05 0.07777819 4.0432828e-05 0.0015918078 0.017675104 0.06548059 0.00010859431 7.377616e-05 0.010094124 0.019337088 0.040897306 0.008238981 0.00092701043 0.040800095 0.004078303 0.017785618 0.016045082 0.03666599 0.024445364 0.0061069774 0.0007910235 0.0048720725 0.0038593658 1.820806e-06 2.2526758e-05 0.022951527 0.0012299686 0.0055801664 0.0055124452 0.0034403729 0.013093192 3.8750157e-05 0.0042423904 0.0016213408 2.672179e-05 0.005120512 5.166966e-05 3.7235375e-06 1.673511e-06 4.086132e-05 0.008557627 6.6712135e-05 0.021929502 2.0396814e-05 3.7273549e-07
0.22304252 0.023013193 0.06581155 0.04127657 0.014004476 0.28079808 0.022154225 0.33404326 0.11766894 0.15302409 0.4160888 0.55205953 0.112278745 0.0041652895 0.0412002 0.015376874 0.27999955 0.09193497 0.2753169 0.27338973 8.37195e-20 0.66676927 0.06752355 0.011949038 0.040305316 0.5639086 0.0067419545 0.025362894 0.0027931903 0.019239351 0.052421063 0.006313308 0.01007711 0.4500399 0.0077229217 0.008023053 0.0004593459 0.30328977 0.0042353626 0.022250494 0.10719697 0.006871778 0.123074144 0.0030568189 0.034934796 0.0038513544 0.018646894 0.066572204 0.012444447 0.0053599235 0.030991718 0.069903724 0.16099271 0.0057145692 0.00028886134 0.09038951 9.6447155e-05 0.014831204 4.9487913e-05 0.0017213679 0.07657158 0.07625198 5.6019475e-05 0.00010958995 0.052736197 0.0024954004 0.12338008 0.04496961 0.0008527377 0.07465048 0.00026673402 0.0018947123 0.00077311334 0.024542449 0.08591077 0.001023377 0.0005394286 0.00040714908 0.0007221582 1.0510641e-05 1.7877568e-05 0.016234506 0.009452869 0.022204736 0.00030616487 0.00039422463 0.0088059595 3.260288e-05 0.001334013 0.005853494 4.210454e-06 0.00059565436 7.984194e-06 1.8826811e-06 2.6518566e-07 0.00079261686 0.006330718 4.2056217e-06 0.011191369 0.0002888897 1.7176002e-07
0.31893933 0.011135031 0.050480995 0.044339556 0.017763438 0.21050082 0.010961735 0.2667773 0.05383743 0.30395836 0.48579594 0.5062083 0.23443869 0.0011285599 0.0711332 0.027408179 0.5518901 0.02944555 0.5334825 0.12194544 0.66676927 2.2520412e-21 0.08262969 0.023139147 0.04523388 0.5071942 0.012486178 0.008574046 0.00086515624 0.018331815 0.066944264 0.0020580154 0.0035340663 0.58292335 0.008972794 0.008593726 9.638932e-05 0.4893785 0.0050128717 0.03452092 0.024316918 0.008842829 0.034618095 0.0026691458 0.073326945 0.00456123 0.02683398 0.14021008 0.01825216 0.0004212683 0.061725713 0.1450094 0.055008024 0.0006485882 0.00025478215 0.022265201 5.916695e-05 0.0028642104 3.06584e-05 0.0012321323 0.11099303 0.03532053 4.3564607e-05 0.00012203137 0.09706205 0.00012469792 0.11190958 0.064882845 0.00114004 0.051051103 5.7238824e-05 0.000295736 4.096593e-05 0.009216842 0.09589849 0.00027805206 0.00042510533 5.198723e-05 0.00022859072 2.0289704e-05 7.3115552e-06 0.007962487 0.025412127 0.036129493 1.8310144e-05 0.00015342335 0.004027379 2.2084376e-05 0.00020034981 0.006417635 1.3257351e-06 0.00015804554 3.0531114e-06 1.3582278e-06 1.8635345e-07 0.00097059377 0.004091041 1.8995818e-06 0.0027664558 0.00017440988 7.571354e-08
0.09321468 0.01781989 0.11279217 0.10686496 0.049975604 0.11623599 0.00435476 0.11253702 0.02255455 0.29465237 0.14414133 0.12902826 0.5037779 0.0019864426 0.408814 0.17795701 0.1197466 0.010979039 0.20157608 0.028653266 0.06752355 0.08262969 1.314408e-18 0.20766401 0.5473532 0.033168532 0.12693352 0.0051185857 0.00089393894 0.31946114 0.5056489 0.0014067261 0.0017558547 0.03076604 0.13944015 0.31851488 0.0012083544 0.049503654 0.16347687 0.16469912 0.0021820292 0.25077718 0.002301811 0.32816994 0.14964345 0.2289718 0.13161124 0.106981196 0.12937146 0.0002244554 0.11868308 0.06900212 0.0028836604 9.6962416e-05 0.038780086 0.0018449626 0.024746668 0.0006475064 0.020233853 0.035127908 0.014805668 0.0030990476 0.016576992 0.0063406937 0.021083413 0.00015554394 0.010950137 0.028354995 0.020308072 0.007436171 5.69936e-05 0.00012150056 1.7238788e-05 0.0030170726 0.012339174 3.8783543e-05 0.0068817856 1.4762903e-05 1.4926116e-05 0.002383745 0.0011302839 0.004147233 0.045560807 0.021736229 1.2113976e-05 7.433225e-05 0.001558091 0.003634158 4.262107e-05 0.013677533 0.001130015 0.00022825655 0.0015535759 0.0007372844 0.0001696626 0.012044369 0.005371788 0.00066835195 0.000565274 0.003963918 0.00014015245
0.0016680865 0.0075653065 0.016820066 0.03485266 0.07902573 0.01586337 0.00060501206 0.01485058 0.0028429443 0.10425211 0.035114747 0.021411452 0.19488639 7.6068136e-05 0.36816925 0.39628077 0.031177664 0.0010447567 0.041255344 0.0074382494 0.011949038 0.023139147 0.20766401 4.805069e-23 0.30736884 0.0077803014 0.5077875 0.000287479 4.6531263e-06 0.3223686 0.05485546 1.5925085e-05 5.046869e-05 0.005573114 0.25431323 0.118516274 2.6769081e-05 0.010420149 0.11716058 0.019358698 0.0008527356 0.017391162 0.000978426 0.023546077 0.021852342 0.014479988 0.01792302 0.016578866 0.015249364 6.464204e-05 0.009407143 0.011752544 0.000588228 0.00010092992 0.0014816013 0.0008604514 0.0011434488 0.00033166632 0.00045519372 0.0016743853 0.0018869737 0.00078132894 0.0009401367 0.0009471552 0.0018854043 1.58269e-05 0.0009289136 0.0022568738 0.0007921049 0.00040433503 1.5928046e-07 4.897769e-05 2.7695323e-06 0.00081787625 0.001135387 6.9958463e-07 0.0004962918 5.0089334e-06 1.0100583e-07 0.0002813259 8.5672975e-05 0.0003188594 0.0012341699 0.0011956237 2.898737e-07 1.1247472e-06 0.00020766987 0.0002683926 5.897302e-06 0.0011004391 0.000110592606 1.1552904e-06 0.00010668267 1.5549364e-06 4.129603e-06 3.9174024e-06 1.260366e-06 3.5143326e-05 5.6005133e-06 7.923436e-06 3.2866762e-07
0.03573769 0.018943114 0.11868603 0.10620525 0.06257661 0.07892664 0.0014403397 0.07543306 0.008389182 0.22229044 0.13577272 0.10064951 0.40460664 0.00046993094 0.52084875 0.31560385 0.07100785 0.0051370324 0.11965554 0.01830496 0.040305316 0.04523388 0.5473532 0.30736884 2.2581835e-21 0.020993084 0.19994318 0.0030739438 0.00015758394 0.51492125 0.32174164 0.00033696048 0.00089871767 0.01794765 0.25035036 0.4458116 0.00021613206 0.020316469 0.25058186 0.10868518 0.0013286582 0.15959759 0.0014321475 0.31845218 0.083758324 0.14620362 0.07797959 0.05001762 0.088877805 0.00018386025 0.0673329 0.029129267 0.0012846622 8.274863e-05 0.020257635 0.0010673458 0.017958686 0.0006391243 0.012353603 0.024553945 0.005495855 0.0010559984 0.012595083 0.0070374287 0.008185751 3.941391e-05 0.0040974664 0.011365618 0.013123175 0.001902168 3.931066e-06 0.0001151097 6.9026646e-06 0.0014105022 0.005285085 4.073279e-06 0.0057843383 6.323136e-06 1.4324213e-06 0.002932638 0.0011447088 0.0013774621 0.013184902 0.010316587 1.1886543e-06 1.0016774e-05 0.00093761395 0.0021431006 1.1230243e-05 0.005618395 0.0017257453 1.5647733e-05 0.0008817876 0.0004033254 0.0001333724 0.00077748566 0.0001653024 0.001054048 4.5184304e-05 0.0003616877 5.3346906e-05
0.3805319 0.04115602 0.07739566 0.047598712 0.011173299 0.24320017 0.065528065 0.29245165 0.2678602 0.093899965 0.26556534 0.5466031 0.0858564 0.024263933 0.033452597 0.0055457354 0.12435106 0.44362068 0.101244815 0.5376598 0.5639086 0.5071942 0.033168532 0.0077803014 0.020993084 5.8187355e-20 0.0034200153 0.35332286 0.013793037 0.011383647 0.026994964 0.061060965 0.17847621 0.51712734 0.0030165247 0.0052181226 0.0024982267 0.26975855 0.0008071421 0.009398701 0.45722732 0.003278592 0.41797587 0.001210243 0.010512562 0.0013917353 0.006203399 0.030426215 0.004249195 0.050929844 0.008660867 0.03427216 0.2931443 0.04472016 0.00010914989 0.19651069 4.698196e-05 0.0646652 1.6634842e-05 0.0006784954 0.05550253 0.1181383 2.063642e-05 7.2258044e-05 0.035066735 0.012352867 0.12286457 0.021284508 0.0004845117 0.10686597 0.0035039517 0.0110215265 0.007887837 0.062464856 0.07944854 0.008362064 0.0002514107 0.0036782206 0.0028354588 1.3773536e-05 9.8407345e-06 0.047437258 0.0030639826 0.015002352 0.004765965 0.0020926124 0.028728742 7.2558046e-06 0.0053733946 0.004289442 1.299042e-06 0.0021986228 3.565679e-06 2.6401067e-06 1.5626048e-07 0.00056446594 0.015082458 3.027001e-06 0.027134914 0.00019555255 1.757814e-07
0.00091478863 0.0018144358 0.008450465 0.0155820465 0.040078275 0.008242147 0.00019181559 0.00792708 0.0008768283 0.04962009 0.015435682 0.010546628 0.10577749 2.8432316e-05 0.21488687 0.24683331 0.015600046 0.00017467071 0.022353785 0.0028739949 0.0067419545 0.012486178 0.12693352 0.5077875 0.19994318 0.0034200153 6.768018e-23 9.208934e-05 1.362396e-06 0.27642396 0.03538302 3.2798864e-06 8.6131695e-06 0.0027390055 0.3874471 0.1186921 4.100726e-06 0.0052237837 0.18284063 0.012485839 0.00039284612 0.012739358 0.0005041085 0.025478594 0.014448655 0.013856766 0.012778636 0.009794731 0.01092824 1.6138718e-05 0.005930926 0.007594876 0.0003616084 2.3173425e-05 0.0018290275 0.00030454778 0.0014154551 0.00014399394 0.00033092985 0.0013058033 0.0007703266 0.00022452348 0.002355149 0.0040444783 0.0007872054 2.643402e-06 0.000473902 0.00081512367 0.00038585247 0.0001813313 1.2916791e-08 1.3107852e-05 3.7067946e-07 0.00022004079 0.0006370872 1.6587775e-07 0.00024801627 7.39553e-07 1.1420638e-08 0.0005513068 0.00014762065 0.00010210612 0.0005152296 0.000860638 2.6542844e-08 1.4202843e-07 5.3518277e-05 0.00014633867 8.9499315e-07 0.0010254027 7.3601674e-05 1.3788255e-07 4.1220348e-05 1.1745651e-06 4.0001214e-06 2.4145074e-06 7.841719e-07 3.5490433e-05 1.2868693e-06 3.706277e-06 3.0177154e-07
0.14262635 0.016874654 0.008679955 0.0047162245 0.00055207417 0.021488607 0.02575851 0.02694431 0.06862054 0.0036338896 0.013633905 0.09010964 0.0034582794 0.056159187 0.0024075096 0.00027113195 0.003337726 0.46221507 0.0026544165 0.3531438 0.025362894 0.008574046 0.0051185857 0.000287479 0.0030739438 0.35332286 9.208934e-05 1.13627515e-20 0.18363875 0.00072219264 0.0028058344 0.5930294 0.7000922 0.032513056 4.132564e-05 0.0009828528 0.008413162 0.017265717 3.3194745e-05 0.00028307602 0.3531648 0.000592018 0.24013174 0.00061615754 0.00041999365 0.00048370557 0.00042512195 0.0033427735 0.00027927375 0.34858787 0.0003859248 0.00369246 0.078623354 0.11779539 8.445506e-06 0.093856156 1.6671044e-06 0.09295953 1.2421283e-06 0.00015555136 0.0044128885 0.041357968 1.4726983e-06 1.0157214e-06 0.002730975 0.019982202 0.012162102 0.0022753642 5.1330768e-05 0.019604066 0.006652053 0.020638434 0.017724628 0.041599635 0.008298604 0.009192162 2.2466173e-05 0.008831708 0.0038526491 1.8464938e-08 1.1404977e-06 0.022993132 4.247925e-05 0.0005721588 0.0038548817 0.0025609764 0.013799006 2.7228748e-07 0.0065480475 8.044333e-05 6.2140685e-07 0.003016142 6.480048e-07 8.58857e-08 8.44193e-08 5.153246e-07 0.005498526 2.001466e-06 0.011460415 4.7720175e-07 4.9731845e-09
0.0026914184 0.003953155 0.00041646478 0.00020212501 3.7330723e-05 0.0007562211 0.005868893 0.0008931902 0.008088371 9.971496e-05 0.00072238443 0.0032249745 0.00018726607 0.21012717 0.00033307716 2.0518302e-05 0.00015302018 0.12251628 8.555426e-05 0.026344221 0.0027931903 0.00086515624 0.00089393894 4.6531263e-06 0.00015758394 0.013793037 1.362396e-06 0.18363875 7.606912e-21 2.2236886e-06 0.00034195476 0.64804155 0.3652862 0.0037487806 3.9732885e-07 1.44155865e-05 0.28114557 0.0022514253 2.8054288e-07 5.8834856e-05 0.023790786 0.00019278975 0.018537909 6.731903e-05 0.00020251553 0.000104112034 0.0001271849 0.00040394114 5.4022912e-05 0.44799942 0.00015866896 0.0003843608 0.004307701 0.11084032 3.6060073e-06 0.006123943 1.327862e-06 0.020577457 1.2533553e-06 5.654161e-05 0.00019355687 0.0021344572 1.1730618e-06 7.822112e-09 5.0145187e-05 0.071844585 0.0010664376 4.7012523e-05 8.63952e-06 0.0013395663 0.04394919 0.008327688 0.045846075 0.0050872867 0.0005959561 0.043026805 1.0911653e-05 0.005737267 0.018595265 4.913405e-10 2.5539881e-08 0.0034994734 5.554063e-06 2.165229e-05 0.0051885326 0.005045529 0.0020651177 1.8098697e-06 0.003255907 6.2165373e-06 1.2459913e-06 0.010299866 1.8611661e-06 5.437441e-10 3.4734187e-09 8.309465e-08 0.00089033786 1.2632337e-06 0.0020303477 3.12317e-07 2.3155164e-10
0.008715972 0.002026075 0.024103165 0.022535315 0.024294946 0.017368106 0.00021534055 0.022485582 0.0028009925 0.058826093 0.035248138 0.040010814 0.17209004 9.428311e-06 0.31044796 0.25353897 0.021973355 0.0009178051 0.037703484 0.009694177 0.019239351 0.018331815 0.31946114 0.3223686 0.51492125 0.011383647 0.27642396 0.00072219264 2.2236886e-06 1.0581223e-22 0.12755004 8.580778e-06 0.00011084413 0.009214791 0.44813475 0.5068036 2.6822664e-07 0.008324734 0.34125122 0.04939941 0.00059796555 0.06911619 0.0008402713 0.18364961 0.046742663 0.07232815 0.044334214 0.017992208 0.048891988 6.4628846e-05 0.027084762 0.012531761 0.0005706235 5.4241234e-05 0.022079576 0.00035837252 0.02365511 0.0002222364 0.007210811 0.01138881 0.003431393 0.00037085914 0.02092134 0.0076687685 0.0042335615 4.3881237e-06 0.0012715828 0.004250178 0.00501793 0.000360013 8.073476e-09 3.2712913e-05 3.0234304e-07 0.0007235983 0.0015121863 1.6574967e-07 0.0027782077 1.2191737e-06 3.1462083e-08 0.0007956979 0.0006077691 0.00048112395 0.0030180968 0.0012110781 4.7990785e-08 1.7435134e-06 0.00028869443 0.0007245118 7.16461e-07 0.00085665064 0.0010168893 5.6517723e-07 0.0006761503 4.139802e-05 3.4842513e-05 4.8256818e-05 6.380269e-06 0.00039879384 1.0413278e-06 5.6576937e-05 2.2493152e-06
0.4461736 0.003233272 0.033279754 0.033723794 0.013025117 0.05603053 0.0016264863 0.053445652 0.012944224 0.1398524 0.08539836 0.0781872 0.32431924 0.0003520008 0.0969994 0.036761288 0.066348635 0.005032153 0.15686199 0.019407628 0.052421063 0.066944264 0.5056489 0.05485546 0.32174164 0.026994964 0.03538302 0.0028058344 0.00034195476 0.12755004 1.2913087e-17 0.00037139392 0.00095139607 0.03344718 0.046870843 0.16924597 0.00015288 0.057434466 0.0710068 0.27974698 0.0014249528 0.43419316 0.0017027141 0.32105502 0.23851925 0.30954143 0.23152107 0.13372892 0.23788932 7.251215e-05 0.22026503 0.09366242 0.0025868632 2.4483532e-05 0.040957477 0.0014362234 0.026060369 0.00017510368 0.036513217 0.0657889 0.030571083 0.0024750473 0.016897867 0.007143069 0.041235417 1.410509e-05 0.018918732 0.054163106 0.047139 0.0078874 7.354234e-06 1.8927492e-05 2.2879683e-06 0.0015842725 0.022821799 1.6765855e-05 0.02081897 3.702684e-06 7.1518753e-06 0.001224053 0.0009962514 0.0038498319 0.1576761 0.07180506 5.310769e-06 3.2141586e-05 0.0022419603 0.0071744574 2.7586034e-06 0.04831951 0.00051045977 0.00012467189 0.0020404006 0.00033722812 3.8412098e-05 0.039530244 0.00863318 0.00010612214 0.00052064285 0.016041502 3.000615e-05
