3.0597898e-32 0.52299756 0.95588416 0.966434 0.9437798 0.11799665 0.05763713 0.42058575 0.40608087 0.016733693 0.36625287 0.023424085 0.695566 0.14645176 0.6589417 0.5137733 0.92068106 0.026437985 0.9281405 0.1767967 0.35578468 0.11741258 0.5238458 0.34783402 0.016988644 0.86458933 0.49140945 0.6201679 0.8172881 0.88166547 0.83879983 0.0029001846 0.4685863 0.9590771 0.047939904 0.84018546 0.7937206 0.027861236 0.4917199 2.3245671e-05 0.0034018275 0.4631671 0.95011485 0.0023878792 0.0019720746 0.0045274287 0.90258473 0.96161234 0.0034832745 0.0030776635 0.97506416 0.000396357 0.011622747 0.0038836582 0.9656742 8.412788e-06 0.0025019534 0.010300906 0.000339124 0.002135996 0.00016782485 1.9977675e-05 0.34705776 0.39778107 0.9464569 0.000116142815 3.3051936e-05 0.0008474167 0.9501003 0.13765396 0.9510903 0.03565864 0.95131993 6.490785e-07 0.0051165777 2.7862821e-05 0.00017763098 4.0192735e-05 0.0006239664 0.98976856 1.5335033e-08 7.551091e-08 4.8805427e-06 0.9938418 0.5563653 1.4737216e-07 0.7540416 0.004488821 5.47856e-05 0.9968714 0.012209406 0.00029483516 0.10393365 0.9564609 0.014683753 0.0046034204 0.60357285 0.9988939 0.99997514 0.14451356 0.0043521672
0.52299756 2.552175e-17 0.5958728 0.92670345 0.89785373 0.38469136 0.31118995 0.15513773 0.6786726 0.034842525 0.5698093 0.3122817 0.30695724 0.37548834 0.25269148 0.09427262 0.22378281 0.035839688 0.35700527 0.28658077 0.07735323 0.12113607 0.14513405 0.23955345 0.096683934 0.08859162 0.22546192 0.17888236 0.10143109 0.04320285 0.039433796 0.025208471 0.07488879 0.016690318 0.16005883 0.052783635 0.022097312 0.039638758 0.010530268 0.001221672 0.027775817 0.007768295 0.053981643 0.05639005 0.08004672 0.07464666 0.027293496 0.0815331 0.02651431 0.014171981 0.04157379 0.007428393 0.0030725738 0.004925114 0.07808655 0.0013482687 0.0014377115 0.00046545287 0.003395465 0.0018106477 0.001128079 0.001040118 0.00039280343 0.012319227 0.03253126 0.0016245747 4.149854e-05 0.00033541175 0.04634904 0.00017761592 0.02750244 0.000177316 0.0072101858 0.00029198077 6.168875e-05 0.00034938808 0.0005019212 0.0001859087 4.4480097e-05 0.015749073 1.1046405e-05 0.00010066586 1.6673357e-05 0.0612939 0.00081992085 1.0988726e-06 0.0042720954 1.6939033e-06 2.2396434e-05 0.06561042 2.5577898e-05 1.3282989e-06 0.0010000046 0.025489256 0.00016399582 0.00027746375 0.0003236797 0.010896472 0.0033503743 0.00031896372 8.534634e-06
0.95588416 0.5958728 8.153748e-20 0.46251708 0.026230285 0.74395883 0.65512997 0.9164111 0.04771826 0.41183704 0.18389006 0.6427088 0.45015144 0.4230292 0.0027639584 0.43140385 0.0011608048 0.3086006 0.1542845 0.02199939 0.37182122 0.0021821498 0.0010751094 0.00097243435 0.0017249085 0.0016930411 0.00044184024 0.00018793822 0.026837606 0.00594132 0.0064676604 0.09079227 0.00012964467 0.0018948081 0.00432473 0.007142596 0.17258173 0.00096251484 3.43668e-05 0.0016939389 0.0006586569 8.87624e-06 0.004377202 0.0014887583 0.053767044 0.0015827738 0.002137683 0.06637081 0.0029848202 0.002058608 0.0032358419 0.017215954 2.0925963e-05 0.0004139141 0.17723368 0.0005006875 4.7144995e-06 2.6474423e-05 0.0004286142 7.45513e-06 5.576527e-05 0.0004742691 8.959705e-06 0.001972701 0.33975098 8.9268055e-05 1.4502512e-05 7.07206e-06 0.2453695 7.9186054e-07 0.19185765 5.6582275e-07 0.00055376836 2.4125084e-05 1.7624443e-06 0.0008551116 0.00010381825 5.309779e-05 5.809794e-06 0.0036000751 1.65864e-05 0.00011572997 1.736124e-05 0.16952407 8.973845e-07 3.509548e-06 9.526826e-05 1.9652273e-07 6.6910766e-06 0.3481692 2.2326367e-06 5.5655482e-06 0.0043187803 0.09567434 6.29567e-05 2.421177e-05 6.918643e-05 0.14087383 0.029257277 1.1811482e-05 4.2474956e-05
0.966434 0.92670345 0.46251708 2.6507243e-18 0.745316 0.1069165 0.0683051 0.16011404 0.2656315 0.011851161 0.20533594 0.026504861 0.6342087 0.08589764 0.13996156 0.2364046 0.37717628 0.0051183905 0.67790216 0.052302636 0.11069709 0.023695853 0.15789574 0.08452933 0.01040445 0.16223583 0.0720991 0.049794775 0.21779563 0.13227421 0.1293585 0.00060264935 0.05460544 0.042068407 0.024179358 0.14634392 0.030109653 0.00470256 0.002829759 3.184511e-05 0.0017899676 0.0027762558 0.13466102 0.0041686357 0.0052470854 0.007030834 0.04390926 0.23365593 0.004323476 0.0020586373 0.14857028 0.0010959408 0.00026111086 0.0004718861 0.26844746 0.0001280578 8.075572e-05 7.669561e-05 0.0007654155 0.0001208374 7.840022e-05 7.2629045e-05 8.794889e-05 0.012860382 0.094990924 0.00016813481 1.9622676e-06 1.597018e-05 0.15623856 5.074596e-05 0.05570305 9.347315e-06 0.0062502115 2.3858827e-05 2.4109822e-06 0.00022206924 8.770265e-05 1.1843122e-05 6.267022e-06 0.06120548 2.0031368e-06 3.4477103e-05 1.1440976e-05 0.37767836 0.0007196402 1.4436436e-06 0.0036194117 3.9244394e-08 1.9301933e-06 0.28082323 3.7791335e-07 2.3415703e-07 0.00010039942 0.064176254 4.0210678e-05 4.549498e-05 0.000115026975 0.0591488 0.020743884 3.1728036e-05 4.2932e-07
0.9437798 0.89785373 0.026230285 0.745316 3.4674586e-18 0.037995365 0.023219483 0.006539841 0.67196536 0.0010851242 0.3433039 0.02222159 0.084640615 0.09656969 0.884716 0.020321265 0.49064836 0.0009337373 0.1746688 0.36125177 0.004886495 0.42476133 0.21993285 0.66489375 0.24079084 0.15210769 0.5970232 0.4096706 0.040405255 0.19443484 0.12812847 0.00070911524 0.07401364 0.08991869 0.4054586 0.11054203 0.0023161375 0.07124172 0.024176719 1.0055441e-05 0.030829893 0.00718752 0.24095486 0.06223173 0.038378764 0.14689077 0.0940553 0.06726475 0.043317758 0.01668843 0.092446744 0.003179095 0.0061447755 0.012056764 0.0633427 0.002086396 0.0012449146 0.0010179669 0.003033635 0.0018324417 0.0033418012 0.0020831523 0.00029704274 0.022204446 0.013132547 0.0012017562 0.0002735972 0.00014307188 0.01988205 0.00019778823 0.006326224 0.000107604224 0.006484021 2.7203134e-05 2.2023802e-05 0.0001611581 0.0002915006 0.00010825722 2.5082076e-05 0.038154628 2.250135e-06 2.8980376e-05 2.0667874e-05 0.052040286 0.0022819475 2.3689315e-06 0.001563999 3.1628733e-07 3.120004e-06 0.046215784 1.7962544e-06 1.118175e-06 8.129174e-05 0.008093274 2.5357704e-05 4.2348394e-05 0.00025055406 0.0030684934 0.006125149 0.00013855477 1.0269018e-06
0.11799665 0.38469136 0.74395883 0.1069165 0.037995365 3.2407236e-22 0.96473724 0.10873368 0.06598054 0.0834109 0.17271106 0.7106419 0.10131966 0.42535675 0.0064578364 0.07310146 0.0038605658 0.18901165 0.023513775 0.051918067 0.033977773 0.0032223398 0.0015376017 0.0034079982 0.0074210744 0.0027701692 0.0021784238 0.0009774625 0.0033528926 0.002529667 0.0024247856 0.06740749 0.00040688846 0.00030093486 0.0031597957 0.003744309 0.013016613 0.0010178091 0.00031415644 0.004280613 0.00023394376 0.00021344685 0.0010691846 0.014878123 0.10982052 0.0125825545 0.00076585327 0.0036431127 0.0063670552 0.0023673472 0.00075764616 0.091555886 2.7569295e-05 0.0002525139 0.012792139 0.002309398 7.4166232e-06 8.778519e-06 0.0008221556 5.677034e-06 0.00012579128 0.0013912431 8.6265445e-06 0.0012667015 0.042938724 0.00033344902 2.5016716e-05 5.0740805e-06 0.00881068 4.3665787e-06 0.007836729 5.982184e-06 0.000103043545 0.0005889122 4.184925e-06 0.001572287 0.00045069554 0.00023600133 1.8379827e-05 0.0009944198 3.4987523e-05 0.0008149791 7.304066e-05 0.012344113 1.04286876e-07 2.644881e-05 2.5076768e-05 6.616624e-08 4.532403e-06 0.042257328 3.0782738e-07 2.0622108e-06 0.0018141243 0.019134719 1.552724e-06 1.8467935e-06 1.9069712e-06 0.01910208 0.0029915432 1.2624641e-06 5.069918e-07
0.05763713 0.31118995 0.65512997 0.0683051 0.023219483 0.96473724 2.6921344e-21 0.07836847 0.055753488 0.08388572 0.15610227 0.8508901 0.069052346 0.38560918 0.0068670944 0.04875763 0.0012029108 0.24371286 0.016082393 0.04733515 0.02637689 0.0027097557 0.00044054748 0.002914818 0.0069012037 0.0012369348 0.0016016378 0.00041571326 0.0024465467 0.0010304635 0.0012485809 0.13943857 0.000109891254 6.5061926e-05 0.001616808 0.0021347273 0.008315011 0.00024250605 0.00010683019 0.015213304 5.9985377e-05 5.2204694e-05 0.00036044893 0.020439904 0.15535666 0.014621355 0.00047205467 0.0021137628 0.0030196316 0.0017940017 0.00057067384 0.14392939 7.2989938e-06 8.034405e-05 0.009614664 0.0032545829 2.4969222e-06 5.8572814e-06 0.0006026287 2.2783813e-06 0.00019252537 0.0018669615 3.3005895e-06 0.00042159762 0.017226458 0.00030815415 4.2879306e-05 2.292811e-06 0.0055447146 1.3604807e-06 0.0046746833 3.5343523e-06 1.8958275e-05 0.0017430929 1.148852e-06 0.0035209581 0.000130986 8.055035e-05 6.919755e-06 0.00017711082 6.0321774e-05 0.0012093816 2.4839606e-05 0.007500296 1.7470386e-08 1.7868533e-05 8.30046e-06 1.0005358e-08 1.1152943e-06 0.022686148 1.2198197e-07 4.9645934e-07 0.0027186654 0.013197646 4.0115188e-07 2.5796976e-07 6.3821284e-07 0.0070846365 0.0016686807 2.3042234e-07 7.220889e-08
0.42058575 0.15513773 0.9164111 0.16011404 0.006539841 0.10873368 0.07836847 1.8986131e-17 0.0031471886 0.97938144 0.005825395 0.04848253 0.24439988 0.013520233 0.00091571204 0.34617552 0.00086424337 0.28056318 0.039074387 0.0026524363 0.6896351 0.000301149 0.0012942103 0.00067720737 0.0001976287 0.001142982 0.0006570589 0.0005191933 0.0072598057 0.0034471496 0.0038571912 0.0043365643 0.00016606826 0.0006095564 0.002654152 0.00355486 0.2345379 0.00090432796 0.00015878354 0.00096054113 0.000457528 4.5248384e-05 0.002281187 0.000103564016 0.0015681278 0.00038279334 0.00095844833 0.011954874 0.003405021 0.0025928698 0.00096948363 0.00071683555 9.3739494e-05 0.0011814575 0.10762033 2.8387098e-05 4.4864668e-05 4.2568503e-05 0.0006910769 2.738696e-05 4.4606855e-05 2.7031803e-05 2.0383873e-06 0.0013595548 0.4815788 0.0003460605 1.0076589e-05 7.5942386e-05 0.12893403 1.8649257e-06 0.25292972 4.493479e-06 0.00013349266 0.00027259943 5.900734e-06 0.00034881712 0.0007529095 0.00016843864 0.0002626606 0.001617735 4.7928203e-05 0.00040092418 0.00022156218 0.14418155 3.6096768e-07 6.9390576e-06 1.7543874e-05 2.6440233e-07 0.00016470285 0.34411484 3.69452e-07 5.456623e-05 0.12918907 0.12540378 9.04802e-06 2.3444707e-05 4.236489e-06 0.18217391 0.018084638 9.144379e-06 6.1065803e-06
0.40608087 0.6786726 0.04771826 0.2656315 0.67196536 0.06598054 0.055753488 0.0031471886 1.9903175e-21 0.0007833822 0.90018094 0.14052945 0.036182992 0.6000764 0.71479976 0.0067178477 0.07244926 0.0025794886 0.028772337 0.8566482 0.0016816128 0.59039223 0.01693025 0.28283474 0.53270537 0.02492242 0.11368039 0.030631289 0.0033677062 0.027283994 0.018274194 0.016417947 0.0049489453 0.0065394547 0.22057648 0.01252983 0.0008250586 0.026400149 0.005844772 2.7349975e-05 0.029794997 0.0026468188 0.023027705 0.08249403 0.073489 0.17413132 0.008962335 0.002658835 0.109971784 0.06403359 0.0052611255 0.007685758 0.00097440236 0.009387167 0.003337672 0.006178225 0.0002476813 0.00010415453 0.017746972 0.00049869035 0.010843712 0.0062127686 9.6272095e-05 0.0023098155 0.0043004295 0.013592414 0.0012909824 4.7046342e-05 0.0032402207 0.00011470677 0.0013108298 3.7670437e-05 0.0017634913 0.00013053918 2.0842432e-05 0.00022079881 0.0005078176 0.00014200155 1.4063371e-05 0.0040836646 1.8843095e-05 0.00010305956 3.0715644e-05 0.001323034 0.00022994855 6.083612e-05 0.0014285919 8.223844e-07 1.3699305e-06 0.009458437 5.583027e-06 2.1039673e-06 3.919463e-05 0.009818944 3.6359175e-05 3.4195098e-05 4.413854e-05 0.0008422478 0.00093508506 9.2424205e-05 2.7774899e-05
0.016733693 0.034842525 0.41183704 0.011851161 0.0010851242 0.0834109 0.08388572 0.97938144 0.0007833822 1.6439003e-20 0.0031770307 0.08947579 0.016995823 0.0043576458 7.070782e-05 0.054854266 2.199471e-05 0.84708333 0.0029962258 0.00013134186 0.2064322 1.3981208e-05 2.8098468e-05 2.4298975e-05 1.41758055e-05 3.9570095e-05 1.1889859e-05 2.873651e-05 0.00035739297 0.00010171735 0.00022160061 0.02170582 4.491795e-06 1.9128664e-05 3.4724686e-05 0.0004740378 0.079618126 1.3045947e-05 4.492575e-06 0.015944347 1.300465e-06 1.0252979e-06 3.5702575e-05 7.5751706e-07 3.2516367e-05 5.172998e-06 8.80506e-05 0.0014636602 4.571875e-05 5.2654494e-05 0.00014162099 2.7746413e-05 8.4768175e-07 1.900468e-06 0.011689673 2.3710729e-07 5.0082264e-08 7.622238e-07 1.38197065e-05 4.6320995e-08 5.220085e-07 2.1859789e-07 4.0595643e-07 0.00010094387 0.31828615 6.0678367e-06 1.1698895e-07 1.606838e-07 0.012029956 6.353443e-08 0.05306113 2.4617432e-07 3.2520788e-06 2.0793593e-07 7.699597e-08 0.00021449591 5.3216695e-06 3.313982e-06 6.487496e-08 0.00011182967 5.921606e-07 4.016597e-06 1.3594497e-06 0.028844904 3.592089e-08 3.942836e-08 5.275205e-07 5.471773e-10 6.2868327e-07 0.051149726 1.0219928e-09 5.858941e-08 0.2227224 0.021353183 1.6316642e-07 7.240597e-08 5.6410908e-08 0.04648749 0.0018627023 3.154952e-08 4.325562e-08
0.36625287 0.5698093 0.18389006 0.20533594 0.3433039 0.17271106 0.15610227 0.005825395 0.90018094 0.0031770307 5.5118844e-20 0.50148857 0.05166151 0.92126703 0.23193583 0.022497527 0.025608346 0.011974962 0.02078622 0.821631 0.003893556 0.14725682 0.008224802 0.064408414 0.30411756 0.009732656 0.036255028 0.008062756 0.004068564 0.011200739 0.009392943 0.09047468 0.0027332623 0.002580485 0.0992158 0.009808373 0.0012244937 0.014569513 0.0030864063 0.00039665293 0.016676905 0.0011202518 0.009247742 0.24468903 0.37691173 0.23673071 0.0032298544 0.0029379928 0.082018994 0.058071207 0.0019839513 0.0905778 0.00053044147 0.0093243895 0.006293726 0.028930198 0.0002566059 8.0662896e-05 0.023303343 0.00023697315 0.026922174 0.029106155 2.2465143e-05 0.0011430889 0.005630914 0.028379587 0.008879034 4.1645784e-05 0.005881029 2.1075692e-05 0.0014719436 2.346202e-05 0.0006227222 0.0019557027 1.7076018e-05 0.0010829207 0.00064383855 0.00060184096 1.9844905e-05 0.0013968634 0.000106510866 0.0006135795 5.2245978e-05 0.0030357765 4.2132193e-05 0.0007763851 0.00050011795 7.7589897e-07 8.861607e-06 0.0110725425 3.1075292e-06 3.1680945e-06 4.490084e-05 0.016087938 1.1654196e-05 1.2733375e-05 9.741412e-06 0.0013345468 0.0051850625 7.651761e-06 4.88382e-06
0.023424085 0.3122817 0.6427088 0.026504861 0.02222159 0.7106419 0.8508901 0.04848253 0.14052945 0.08947579 0.50148857 2.5262986e-20 0.01987023 0.8115026 0.012809413 0.025843864 0.00017377367 0.4577987 0.0023836212 0.21558148 0.012257491 0.006245311 7.6658616e-05 0.0022847294 0.022057803 0.00010109234 0.0011355159 0.00013958447 0.00057103287 0.0002695978 0.00076266844 0.85931504 3.819479e-05 2.0966514e-05 0.0004334067 0.0011536721 0.0026275027 8.311494e-06 3.8002294e-05 0.12619916 1.4082152e-06 1.774795e-05 0.0002206117 0.07678478 0.52395123 0.02941788 0.00022556007 0.00031650026 0.0050376127 0.0027027861 0.00013779155 0.39904922 3.7828295e-07 4.5543834e-06 0.0038945067 0.010170015 2.1693698e-08 3.8278947e-07 0.00039526215 2.0974543e-08 0.00013368874 0.0060912725 3.0179644e-06 3.4047756e-05 0.0060675046 0.00039304476 6.923085e-05 2.4431666e-08 0.0054720826 2.833134e-06 0.0027778782 4.106661e-07 3.2243652e-06 0.007671292 8.7082604e-08 0.024518332 6.4671917e-06 5.6713848e-06 2.4640107e-08 7.079776e-05 0.00018967364 0.005766691 5.1715944e-07 0.0019373528 6.6298504e-08 1.3105458e-06 3.931047e-06 5.0008425e-10 1.3746936e-07 0.054895498 7.3486843e-09 5.864472e-09 0.00077765435 0.009891001 6.60259e-07 6.6522325e-08 2.9128282e-07 0.004428979 0.0004728278 9.3266965e-07 9.021025e-08
0.695566 0.30695724 0.45015144 0.6342087 0.084640615 0.10131966 0.069052346 0.24439988 0.036182992 0.016995823 0.05166151 0.01987023 2.6931861e-18 0.029148411 0.014773615 0.9386056 0.0228406 0.00907938 0.7751491 0.0050078477 0.563309 0.0030102984 0.0089375265 0.00548618 0.00074585155 0.01214639 0.0058833715 0.0033358752 0.32774204 0.014314854 0.025563689 0.0006657139 0.0012195489 0.0036507277 0.0035987913 0.04449672 0.28242952 0.00064089074 0.00075637 0.0001559597 0.0001384186 0.00026093388 0.015732635 1.9409747e-05 0.00028791002 2.5252195e-05 0.0049394225 0.2910267 0.00027576173 0.00029927003 0.02834468 0.0003181365 0.00010482798 9.014765e-06 0.66080666 1.0040913e-05 2.2272502e-06 2.5035402e-05 2.3444685e-05 8.870714e-06 1.3247744e-06 5.222493e-06 2.7056174e-05 0.0021410852 0.18161532 7.194144e-06 1.1933691e-06 5.6550525e-06 0.59137356 1.6464246e-05 0.24877013 9.436911e-06 0.0010330183 2.5094685e-05 4.115563e-06 0.00012296539 6.393026e-05 3.986282e-06 1.0010103e-06 0.015963953 2.24607e-06 2.61737e-05 5.228453e-06 0.53782433 6.180812e-05 1.7575407e-07 0.0004318488 1.2895553e-07 2.0967564e-06 0.37745094 4.1978137e-07 7.666709e-07 1.5680236e-05 0.034254648 8.811054e-06 1.06795205e-05 3.258047e-05 0.10122992 0.05701376 1.5299998e-05 1.0946563e-06
0.14645176 0.37548834 0.4230292 0.08589764 0.09656969 0.42535675 0.38560918 0.013520233 0.6000764 0.0043576458 0.92126703 0.8115026 0.029148411 1.6277577e-19 0.091139056 0.021203192 0.0029771377 0.028678812 0.0052510425 0.75388753 0.0025733828 0.071938775 0.0005569581 0.012867718 0.2078439 0.0017386493 0.004826992 0.00035298237 0.0014249698 0.003099154 0.0035731462 0.40223643 6.24906e-05 0.00048749027 0.016356943 0.0033480693 0.0006739627 0.0017640361 0.00027585958 0.002611704 0.00036186818 2.6412135e-05 0.0020490028 0.45379782 0.72726816 0.36975905 0.0006600138 0.00048051038 0.036935262 0.03633954 0.0003314102 0.39884874 5.0979056e-06 8.198457e-05 0.0028580271 0.09918445 3.8431259e-07 1.5485051e-06 0.015059814 2.3321432e-07 0.02719682 0.07925652 1.2579201e-06 0.00017009873 0.003317228 0.020495256 0.012512522 2.2958095e-07 0.0030746225 5.7085094e-07 0.0009556701 2.4315318e-07 1.9269133e-05 0.022004286 2.741296e-07 0.0055022766 9.652693e-05 5.6551744e-05 3.64364e-07 0.0001085207 0.0010258731 0.008155242 9.249171e-06 0.0014724975 6.590115e-07 0.0009781041 2.0917561e-05 7.399459e-09 8.4780055e-07 0.020395929 2.6251179e-08 1.4717638e-07 2.9057866e-05 0.017895343 2.5644786e-06 3.5163018e-06 1.4912478e-06 0.0005622399 0.002884663 6.852942e-07 1.16732e-06
0.6589417 0.25269148 0.0027639584 0.13996156 0.884716 0.0064578364 0.0068670944 0.00091571204 0.71479976 7.070782e-05 0.23193583 0.012809413 0.014773615 0.091139056 1.1360623e-21 0.0015086738 0.13093446 0.0001475728 0.013973573 0.55534 0.00055574306 0.93560404 0.039989386 0.5959503 0.598743 0.028256817 0.21747862 0.039824147 0.0023306306 0.036654413 0.021580018 0.00044308105 0.010107683 0.015638156 0.349908 0.013488334 0.00012457087 0.05584218 0.005633253 3.2012508e-06 0.050776932 0.0013363234 0.03857036 0.09301249 0.05109196 0.23104164 0.013295373 0.0018733054 0.18690594 0.14965641 0.0041195233 0.0024655766 0.0018939212 0.014074541 0.0022988133 0.0071923644 0.00063840125 0.00014448268 0.017557468 0.0006362035 0.025462499 0.011081521 2.6377722e-05 0.0038626173 0.0008963296 0.022937745 0.005731612 0.00010841861 0.0016515009 2.4477205e-05 0.00017809762 1.8436778e-05 0.0013157468 2.4903362e-05 6.0250563e-06 1.6787933e-05 0.0012814405 0.0003203123 1.757328e-05 0.0025320624 5.987452e-06 1.3853541e-05 3.4262575e-05 0.0011085719 0.00026342014 0.00023217192 0.0006829928 1.5709573e-07 1.6815196e-06 0.0032581931 1.4922606e-06 1.146594e-06 3.6276863e-06 0.0029355157 3.2197102e-06 6.793348e-06 2.7642618e-05 0.00012326406 0.00043369923 1.7789196e-05 2.6745258e-06
0.5137733 0.09427262 0.43140385 0.2364046 0.020321265 0.07310146 0.04875763 0.34617552 0.0067178477 0.054854266 0.022497527 0.025843864 0.9386056 0.021203192 0.0015086738 2.6920783e-17 0.0014657675 0.023445535 0.19773087 0.0013024788 0.96315086 0.000341906 0.0013066529 0.0009339919 0.00025711884 0.0010440022 0.0023332736 0.0015355612 0.03051966 0.001731682 0.0025583608 0.0014609408 0.00016443244 0.00088869006 0.0017308606 0.0029448995 0.4858432 0.00054974563 0.00040842933 0.00031699805 0.00010324352 0.00013672862 0.0020147406 5.6166664e-06 0.00028904676 1.4282262e-05 0.0008346766 0.07708001 0.00030983883 0.0004785985 0.002375787 0.0006020097 9.714086e-05 1.8637782e-05 0.46466172 1.1624182e-05 5.208472e-06 2.0912277e-05 5.8724203e-05 9.125404e-06 3.9813967e-06 7.953447e-06 9.5548185e-06 0.00089609326 0.30055624 3.9730312e-05 2.166521e-06 4.2164006e-06 0.58419067 1.1442045e-05 0.33749413 1.2861044e-05 0.0003051228 2.5728574e-05 2.513237e-06 0.00020190864 0.00021343322 1.7432267e-05 2.1458552e-06 0.0025691297 1.878755e-06 1.7295568e-05 1.4230475e-05 0.38342273 1.410145e-06 3.0007504e-06 1.1528443e-05 9.985326e-08 5.7705165e-06 0.33924294 3.4285287e-07 5.59546e-07 0.00030734207 0.05168195 4.063587e-06 6.944599e-06 2.494257e-06 0.07991173 0.027187131 1.4131012e-06 2.0751347e-06
0.92068106 0.22378281 0.0011608048 0.37717628 0.49064836 0.0038605658 0.0012029108 0.00086424337 0.07244926 2.199471e-05 0.025608346 0.00017377367 0.0228406 0.0029771377 0.13093446 0.0014657675 1.8288811e-19 7.0311057e-06 0.10810302 0.019695418 0.00048795424 0.06667965 0.96130574 0.17713208 0.028037248 0.6332616 0.27078903 0.41982436 0.049183983 0.3512484 0.22974207 4.495247e-05 0.3823723 0.70837057 0.07940921 0.1455325 0.00035262288 0.043611057 0.0944515 7.2997036e-06 0.01827178 0.09083537 0.35408047 0.0012363621 0.0008245186 0.008925168 0.24589288 0.045114495 0.03360499 0.020398695 0.23422118 0.00014271431 0.009356386 0.0034682043 0.008948341 7.0430746e-05 0.0032029185 0.003592641 0.0023984027 0.0035594057 0.00032869822 9.8291835e-05 0.009034729 0.21053325 0.001120373 0.0017195673 3.4492182e-06 0.0003943617 0.007358304 0.0032680687 0.0006064147 0.0020465832 0.07980458 7.1509066e-06 0.00024468487 2.682277e-05 0.00073760934 7.891903e-05 0.00013296246 0.18950297 2.396554e-06 8.875444e-06 3.1445154e-05 0.12936935 0.0062822998 3.6429822e-06 0.009820095 1.2690883e-05 6.804799e-06 0.012262536 0.00012307953 3.2649002e-06 1.2319672e-06 0.0062519996 7.1817325e-05 0.000106482024 0.005205567 0.008450252 0.057912726 0.00114053 6.4114133e-06
0.026437985 0.035839688 0.3086006 0.0051183905 0.0009337373 0.18901165 0.24371286 0.28056318 0.0025794886 0.84708333 0.011974962 0.4577987 0.00907938 0.028678812 0.0001475728 0.023445535 7.0311057e-06 9.7190064e-20 0.001464563 0.0013994962 0.046338696 0.00010144069 5.4915065e-05 4.0204854e-05 0.000102722406 7.936066e-06 1.51136155e-05 3.602888e-05 0.00015766466 5.6685007e-05 0.00011058112 0.55201405 4.0584146e-05 7.0845817e-06 0.0010481968 0.0003398944 0.020891732 0.00031918313 5.9085273e-06 0.70271784 0.00024035764 1.9056787e-06 6.507384e-05 4.3420845e-05 0.0012982204 0.000116201096 9.586339e-05 0.00017489641 0.00086559827 0.0012312438 4.5430163e-05 0.0030689922 3.2344997e-05 0.00015915133 0.006916338 6.502083e-06 3.484419e-06 9.662683e-06 0.0001756213 4.594523e-06 6.6181265e-06 3.85052e-06 1.3922921e-06 2.8498229e-05 0.1932126 3.3572713e-05 1.5273253e-06 4.676522e-06 0.0069433018 3.1069646e-07 0.029829213 3.5229493e-07 1.1084723e-05 2.9754058e-06 1.0703363e-06 0.035104077 0.00034062294 0.00015443168 3.5226017e-06 4.7993863e-06 4.97332e-06 4.3085038e-05 4.5111025e-05 0.002428413 6.6243357e-09 3.6523782e-06 5.8116116e-06 6.761176e-09 1.774846e-05 0.31529897 5.3827436e-09 7.956985e-07 0.8980917 0.10568178 7.530649e-07 1.0656522e-06 6.768212e-08 0.060327943 0.0007997459 9.742391e-09 3.3478457e-07
0.9281405 0.35700527 0.1542845 0.67790216 0.1746688 0.023513775 0.016082393 0.039074387 0.028772337 0.0029962258 0.02078622 0.0023836212 0.7751491 0.0052510425 0.013973573 0.19773087 0.10810302 0.001464563 4.0184285e-17 0.0023031516 0.0951333 0.0018414435 0.047869045 0.006703708 0.00059545017 0.2158576 0.0076275477 0.010571859 0.9155264 0.2371586 0.29360288 0.00030912636 0.01335478 0.049481083 0.0027909374 0.46374694 0.034589123 0.0004899222 0.0006589296 1.6993019e-05 4.040353e-05 0.000499764 0.21014488 4.624426e-05 8.388653e-05 0.00012803983 0.080477275 0.6497653 0.00017255738 0.0005270861 0.2713321 9.72036e-05 2.0159609e-05 7.551531e-06 0.525575 2.6413445e-05 1.6132722e-06 1.2500863e-05 0.00014445953 5.292325e-06 1.680799e-05 2.0555046e-05 6.950142e-05 0.010206864 0.022300085 4.5051776e-05 4.525829e-06 3.0881167e-06 0.26910797 3.6962367e-05 0.03310132 1.3520412e-06 0.0024532042 5.9093694e-05 1.4318517e-06 4.2203414e-05 0.00015248964 1.805442e-05 1.5226567e-06 0.059401583 9.6332205e-06 4.043333e-05 2.0478774e-05 0.5752542 6.4146116e-06 3.368938e-06 0.00025128058 2.2586892e-08 3.0100514e-06 0.15114026 2.124026e-07 3.1624964e-07 3.0615258e-06 0.041598465 2.0922891e-05 1.8399785e-05 0.0001112072 0.1361146 0.16235967 7.2707458e-06 9.5173357e-07
0.1767967 0.28658077 0.02199939 0.052302636 0.36125177 0.051918067 0.04733515 0.0026524363 0.8566482 0.00013134186 0.821631 0.21558148 0.0050078477 0.75388753 0.55534 0.0013024788 0.019695418 0.0013994962 0.0023031516 3.0465062e-21 0.0002120981 0.631695 0.0047937986 0.1894388 0.8853922 0.002409069 0.05883976 0.0066428795 0.00046966012 0.0038771543 0.0031014245 0.04446376 0.0007679025 0.0009137553 0.23337425 0.0020440505 1.7475097e-05 0.015336541 0.0031146798 1.51905915e-05 0.012216978 0.00020451403 0.0021932137 0.5666028 0.5283297 0.633425 0.0007597259 0.00012399163 0.23662288 0.17656083 0.00015667868 0.11353391 0.00015224986 0.008765645 0.00072611554 0.26433578 0.00012757447 1.205498e-05 0.08104553 0.000115401206 0.14626485 0.285465 7.99943e-06 0.0001519625 0.00033187767 0.09187119 0.1112473 4.2875927e-06 0.00043065153 2.01203e-06 5.864199e-05 1.1527591e-06 4.875316e-05 0.004646752 5.257406e-07 0.00043851702 0.0030253734 0.001826211 2.5013387e-06 0.00016019869 0.0008251432 0.0023621707 5.8383514e-05 0.00057814294 2.6628604e-07 0.013053619 4.9515435e-05 2.0213307e-08 1.2925259e-06 0.0040516825 7.57878e-08 2.3922803e-07 2.8214859e-06 0.0028605526 2.9714924e-06 4.9024866e-06 6.9209163e-06 0.00025354646 0.008654154 2.6654102e-06 1.1906646e-06
0.35578468 0.07735323 0.37182122 0.11069709 0.004886495 0.033977773 0.02637689 0.6896351 0.0016816128 0.2064322 0.003893556 0.012257491 0.563309 0.0025733828 0.00055574306 0.96315086 0.00048795424 0.046338696 0.0951333 0.0002120981 2.2201502e-19 0.00033996915 0.00021133546 0.0006559727 2.8227469e-05 0.00018754844 0.0009978916 0.00048381352 0.02177527 0.0010003214 0.0017164951 0.00036645008 2.7290882e-05 0.00017842316 0.0009432246 0.002971045 0.8766255 0.00023097692 0.00020216028 0.00014340603 4.8211714e-06 2.8373779e-05 0.0012891904 8.20788e-06 1.8120414e-05 1.01269825e-05 0.00065461936 0.049294908 7.4471965e-05 0.000127737 0.0012806482 2.144868e-05 8.075567e-06 2.3498553e-06 0.47006574 3.0190336e-07 5.0503405e-07 2.0860498e-06 2.6198846e-05 7.875624e-07 3.3903407e-07 1.9482498e-07 8.082552e-07 0.00038372647 0.7007937 1.8758117e-06 1.7591069e-07 9.001436e-07 0.70175135 7.5460264e-07 0.63243026 3.2480943e-07 6.616186e-05 1.981962e-05 1.06267706e-07 3.0098632e-05 6.7441186e-05 6.501605e-06 4.9068194e-07 0.0018013892 1.1300542e-06 8.745364e-06 2.7814378e-06 0.44125417 4.177064e-07 8.419305e-08 6.521791e-07 1.6912858e-09 1.2621714e-06 0.47813028 5.1590283e-09 3.1976398e-07 0.009822526 0.07613004 1.8864482e-06 2.6887614e-07 1.7854664e-07 0.25297394 0.034411334 2.4975662e-07 1.00536276e-07
0.11741258 0.12113607 0.0021821498 0.023695853 0.42476133 0.0032223398 0.0027097557 0.000301149 0.59039223 1.3981208e-05 0.14725682 0.006245311 0.0030102984 0.071938775 0.93560404 0.000341906 0.06667965 0.00010144069 0.0018414435 0.631695 0.00033996915 1.750636e-21 0.03143548 0.5970965 0.90253574 0.007679933 0.22178584 0.060841214 0.00045594858 0.00432165 0.0043795137 0.0005974257 0.011860647 0.0059171696 0.4925631 0.0029986051 2.8349572e-05 0.090274364 0.026788197 3.6482877e-06 0.05843775 0.0073094745 0.005648515 0.088629246 0.041116677 0.2271905 0.0029512998 8.7840344e-05 0.41169572 0.2236536 0.00065636216 0.0018325284 0.0021766692 0.10098867 0.0003942686 0.013196651 0.0029520357 0.00023242092 0.056176115 0.0019656203 0.061682314 0.018533505 0.00019380236 0.0018350123 0.00010403075 0.07152325 0.022226484 0.00043309512 0.00045373075 0.00047947632 3.1164494e-05 0.000166962 0.0030999267 0.00016669487 3.9463142e-05 2.2725255e-05 0.00563216 0.0038025244 5.5021217e-05 0.0013398359 7.603115e-05 5.169287e-05 0.0005073662 7.840052e-05 0.00019758179 0.002064148 0.0021352575 8.3384833e-07 3.3288536e-06 0.0007604874 9.587596e-06 1.8834211e-06 2.3891578e-06 0.00031567397 2.3441822e-05 1.6547485e-05 3.825001e-05 1.4882933e-05 0.0005350378 5.0072977e-05 7.0490178e-06
0.5238458 0.14513405 0.0010751094 0.15789574 0.21993285 0.0015376017 0.00044054748 0.0012942103 0.01693025 2.8098468e-05 0.008224802 7.6658616e-05 0.0089375265 0.0005569581 0.039989386 0.0013066529 0.96130574 5.4915065e-05 0.047869045 0.0047937986 0.00021133546 0.03143548 3.7822236e-20 0.12154415 0.0076628355 0.32804212 0.30880848 0.6032384 0.024562564 0.1354349 0.10122186 0.00029479747 0.93316895 0.48461002 0.0984481 0.049424954 0.00021905462 0.06681396 0.20862886 2.1228786e-06 0.042094123 0.26460764 0.17635688 0.0003221888 0.00014007707 0.0022475594 0.18628946 0.023132581 0.014759146 0.0052778525 0.13618238 0.00014452387 0.02457882 0.0052323323 0.005775472 4.894666e-06 0.0059053563 0.008987722 0.00047806092 0.005197293 4.454186e-05 1.3643783e-05 0.14354752 0.31717038 0.000760453 0.0002451296 4.955793e-06 0.0014961268 0.006302805 0.03866606 0.00042933726 0.010296118 0.3347658 1.1259272e-05 0.001819644 7.971082e-05 0.00049033 0.00023721464 0.00034198217 0.15325436 2.754631e-06 5.3461167e-06 9.87268e-05 0.06548279 0.016454045 8.186398e-08 0.045135092 0.00046225198 2.0307436e-05 0.0044005495 0.0023683307 4.746177e-06 2.0848227e-06 0.0009696501 0.0012374221 0.0013637453 0.015483089 0.0015098584 0.047544077 0.008983732 4.7389607e-05
0.34783402 0.23955345 0.00097243435 0.08452933 0.66489375 0.0034079982 0.002914818 0.00067720737 0.28283474 2.4298975e-05 0.064408414 0.0022847294 0.00548618 0.012867718 0.5959503 0.0009339919 0.17713208 4.0204854e-05 0.006703708 0.1894388 0.0006559727 0.5970965 0.12154415 3.7458264e-19 0.2739729 0.042049848 0.95123106 0.38707572 0.0016388303 0.030104456 0.014641072 0.00023510231 0.06458985 0.03438281 0.9116689 0.009383479 0.00014394273 0.70765543 0.1876881 8.278996e-06 0.4870163 0.026606217 0.045149535 0.038757995 0.0034774577 0.10162179 0.02258525 0.0012918427 0.37008312 0.28399476 0.006174614 4.3874265e-05 0.048699353 0.3257471 0.0014929654 0.0026007516 0.059294757 0.0047170343 0.047337547 0.05216252 0.039630756 0.0034442763 0.00068613526 0.010932779 0.00022854669 0.056821417 0.0030992588 0.01140096 0.0011317357 0.00052832207 0.00011096121 0.0013317124 0.005681576 1.1033434e-05 0.0005113231 4.494132e-05 0.010391494 0.0036415095 0.0008551544 0.0067565884 2.3130679e-05 7.839756e-06 0.0004431964 0.00087918626 0.0018158484 5.7913374e-05 0.0022615187 6.1744045e-06 1.2763696e-05 0.0015528279 3.1289062e-05 1.1541979e-06 8.710313e-06 0.0021749302 4.8369006e-05 4.0033712e-05 8.8601664e-05 0.000101601785 0.0028673369 0.00015078811 8.258926e-06
0.016988644 0.096683934 0.0017249085 0.01040445 0.24079084 0.0074210744 0.0069012037 0.0001976287 0.53270537 1.41758055e-05 0.30411756 0.022057803 0.00074585155 0.2078439 0.598743 0.00025711884 0.028037248 0.000102722406 0.00059545017 0.8853922 2.8227469e-05 0.90253574 0.0076628355 0.2739729 1.9061847e-22 0.0015052748 0.10231469 0.013402979 0.00011591377 0.0012704137 0.0011992637 0.002300219 0.003192909 0.00058319466 0.25182602 0.0012074017 7.066167e-06 0.026975863 0.010562406 1.813536e-06 0.019795822 0.0008569959 0.0012128669 0.3888088 0.19969583 0.55515295 0.00062263577 4.1085772e-05 0.40134284 0.26339966 0.00015294636 0.018357871 0.0005979062 0.021051055 0.00021566178 0.12686123 0.00061638915 0.00011698031 0.13501905 0.00032920457 0.27171546 0.18207374 5.1313393e-05 0.00048707434 2.232425e-05 0.20597729 0.1643816 3.7705766e-05 0.00013894538 2.425455e-05 9.42078e-06 2.6663316e-05 0.0006248227 0.0014991998 7.4402e-06 4.756066e-05 0.005520907 0.003618749 8.9354506e-07 0.000104180566 0.00075026817 0.00041875607 0.00012762437 7.949705e-05 3.0579895e-06 0.015238643 0.00035681197 7.955941e-08 9.517872e-07 0.00033958827 1.1685854e-06 1.365723e-07 2.706607e-06 9.151485e-05 9.535665e-06 4.4688973e-06 2.1258033e-05 4.909687e-06 0.0003295322 2.0075786e-05 1.925094e-06
0.86458933 0.08859162 0.0016930411 0.16223583 0.15210769 0.0027701692 0.0012369348 0.001142982 0.02492242 3.9570095e-05 0.009732656 0.00010109234 0.01214639 0.0017386493 0.028256817 0.0010440022 0.6332616 7.936066e-06 0.2158576 0.002409069 0.00018754844 0.007679933 0.32804212 0.042049848 0.0015052748 4.384418e-17 0.059556115 0.095282786 0.14114533 0.81566995 0.62750703 0.0001316451 0.1025949 0.8806832 0.010523756 0.4911341 0.000263328 0.006397641 0.019169975 1.724178e-05 0.0017771003 0.023661444 0.7209284 4.098981e-05 0.000105918094 0.00014998054 0.6272122 0.055292025 0.002820005 0.0035592425 0.57046413 7.869724e-05 0.000407171 0.0002047076 0.0061798748 5.9610535e-05 6.225742e-05 0.00031244592 0.0019423126 0.00015196597 0.00014087713 3.3407367e-05 0.0035068619 0.23279215 0.000121689 0.00086646125 5.9379323e-05 0.00012308845 0.006542168 0.000493299 0.0003848426 0.00010373156 0.015208414 0.0006628062 1.9748806e-05 0.00016424233 0.0006583742 0.00015967202 2.5526699e-05 0.11739772 0.00010755273 0.0001828145 0.00014644295 0.049968492 0.00072632125 0.00023653355 0.0021434748 4.0573659e-07 2.4428933e-05 0.0028864325 3.523627e-06 1.472222e-06 4.0316368e-06 0.0010870523 5.1202383e-05 3.4161723e-05 0.00037138842 0.008621602 0.13674589 0.00012456623 5.5578257e-06
0.49140945 0.22546192 0.00044184024 0.0720991 0.5970232 0.0021784238 0.0016016378 0.0006570589 0.11368039 1.1889859e-05 0.036255028 0.0011355159 0.0058833715 0.004826992 0.21747862 0.0023332736 0.27078903 1.51136155e-05 0.0076275477 0.05883976 0.0009978916 0.22178584 0.30880848 0.95123106 0.10231469 0.059556115 8.4328905e-18 0.8647418 0.0039039652 0.046633177 0.028007979 0.0001631304 0.19140752 0.07451935 0.756337 0.012758506 0.00048566217 0.67670906 0.6632994 6.9463013e-06 0.44339088 0.12847659 0.06467308 0.006420365 0.001328066 0.03938054 0.03521672 0.003166607 0.23299517 0.17474285 0.010979285 3.8870858e-05 0.16139778 0.39254138 0.0020619226 0.0002916446 0.15322785 0.056406714 0.03101918 0.12708212 0.011727571 0.00024884052 0.010779368 0.033985958 0.00043393878 0.033881616 0.0002343493 0.053866304 0.0020976197 0.007887937 0.00013073154 0.012581037 0.045278594 1.9945207e-06 0.006400289 6.9778296e-05 0.01261564 0.005909947 0.006786067 0.019839277 4.106119e-06 4.778861e-06 0.0017152589 0.001352369 0.012150544 1.1495419e-05 0.013298727 0.0002551077 0.00036950453 0.0015545266 0.00078260596 4.8974838e-05 1.9064802e-06 0.002169156 0.00037165612 0.00031458217 0.001723159 0.00013255859 0.0056454297 0.001953476 9.6626594e-05
0.6201679 0.17888236 0.00018793822 0.049794775 0.4096706 0.0009774625 0.00041571326 0.0005191933 0.030631289 2.873651e-05 0.008062756 0.00013958447 0.0033358752 0.00035298237 0.039824147 0.0015355612 0.41982436 3.602888e-05 0.010571859 0.0066428795 0.00048381352 0.060841214 0.6032384 0.38707572 0.013402979 0.095282786 0.8647418 7.938178e-19 0.0040343395 0.054934002 0.035816923 0.00010557592 0.45693466 0.16401494 0.32922232 0.019966258 0.00032412665 0.33374953 0.96186393 5.894963e-06 0.19629149 0.34775606 0.07193298 0.0003030817 0.000105115185 0.0038896499 0.064191364 0.0046921754 0.09248867 0.046211224 0.028812429 7.046222e-06 0.15824404 0.07215325 0.0023074509 1.8728151e-05 0.06545292 0.075554304 0.006867952 0.058563154 0.0008175016 2.0888836e-05 0.040217444 0.13418362 0.00082584267 0.0037389472 3.0979347e-05 0.031102663 0.0024780114 0.03224128 0.00024211344 0.030182555 0.118430376 9.1502625e-07 0.012340834 4.102027e-05 0.0035572036 0.0015753187 0.0039383024 0.052418802 4.2884026e-06 2.3117127e-06 0.00081466127 0.0061654462 0.027182454 1.1804112e-06 0.023940101 0.00044268105 0.00052611704 0.0021400147 0.001249547 0.00010420361 1.2803299e-06 0.0020582792 0.00036593477 0.0007228417 0.0011409493 0.00022172282 0.005995369 0.0020981987 0.00011255316
0.8172881 0.10143109 0.026837606 0.21779563 0.040405255 0.0033528926 0.0024465467 0.0072598057 0.0033677062 0.00035739297 0.004068564 0.00057103287 0.32774204 0.0014249698 0.0023306306 0.03051966 0.049183983 0.00015766466 0.9155264 0.00046966012 0.02177527 0.00045594858 0.024562564 0.0016388303 0.00011591377 0.14114533 0.0039039652 0.0040343395 4.5087263e-17 0.2381534 0.3793338 0.00021506945 0.0059972224 0.030441722 0.0005773256 0.6968522 0.009842513 0.0006926258 0.0007864412 1.4606114e-05 3.0631338e-05 0.0015928898 0.20920296 4.632511e-06 4.8397615e-05 2.0795278e-05 0.092116736 0.87281793 0.00017977713 0.0005595832 0.42192274 0.0001805763 2.1347445e-05 3.3607068e-06 0.33608577 3.1749153e-06 8.5943475e-06 4.536872e-05 0.00013742279 1.868202e-05 1.1963769e-05 3.4232805e-06 0.00022484125 0.020003393 0.0058396766 1.5146715e-05 5.539574e-06 1.9785097e-05 0.11260745 8.762823e-05 0.013722013 1.5430383e-05 0.0024009945 9.959483e-05 3.9011024e-06 6.7912915e-05 5.1075145e-05 1.3931603e-05 1.1089271e-05 0.06367509 5.5916375e-06 2.0172723e-05 7.3971983e-06 0.53433454 3.9675524e-05 3.6706408e-06 0.00027810247 8.546541e-08 5.549605e-06 0.049162913 1.5133828e-06 4.1585696e-07 7.221399e-06 0.016324816 4.4902594e-05 2.3543807e-05 0.00010467623 0.06789717 0.19178541 5.8253536e-05 5.6066875e-07
0.88166547 0.04320285 0.00594132 0.13227421 0.19443484 0.002529667 0.0010304635 0.0034471496 0.027283994 0.00010171735 0.011200739 0.0002695978 0.014314854 0.003099154 0.036654413 0.001731682 0.3512484 5.6685007e-05 0.2371586 0.0038771543 0.0010003214 0.00432165 0.1354349 0.030104456 0.0012704137 0.81566995 0.046633177 0.054934002 0.2381534 1.5373695e-15 0.86700237 0.0001517389 0.032371916 0.625301 0.004504824 0.7570865 0.00075992086 0.0032519721 0.014262608 2.9781411e-05 0.0010557432 0.009075299 0.8104658 6.4866894e-05 0.00036413744 0.00017967122 0.7382669 0.08600672 0.0020155679 0.0016548458 0.7417081 0.00047707048 0.00047255016 6.3572465e-05 0.010086902 3.1772943e-05 7.443127e-05 0.00036562694 0.0006523611 0.00012198599 9.829145e-05 0.0001079988 0.002470946 0.103583515 0.00025949947 0.00020990332 7.1234324e-05 0.00014415578 0.0076322546 0.0007053298 0.0006164383 0.00032699673 0.0061761155 0.00020645722 3.780161e-05 0.00028672357 0.00019686705 7.211499e-05 8.582746e-05 0.10360369 3.4341447e-05 0.00011562593 3.8002727e-05 0.067689784 0.00088759273 5.6132478e-05 0.0012166871 2.9227551e-06 3.084192e-05 0.004842491 2.7899381e-05 4.0797286e-06 3.4674963e-06 0.00072352897 5.0704555e-05 4.2922016e-05 0.0010469295 0.009224635 0.15088178 0.00015754036 5.9979166e-06
0.83879983 0.039433796 0.0064676604 0.1293585 0.12812847 0.0024247856 0.0012485809 0.0038571912 0.018274194 0.00022160061 0.009392943 0.00076266844 0.025563689 0.0035731462 0.021580018 0.0025583608 0.22974207 0.00011058112 0.29360288 0.0031014245 0.0017164951 0.0043795137 0.10122186 0.014641072 0.0011992637 0.62750703 0.028007979 0.035816923 0.3793338 0.86700237 2.3640099e-15 0.0004836809 0.028885204 0.40217075 0.004635112 0.84620106 0.0016256511 0.0035348835 0.009004481 8.700653e-05 0.0011171424 0.010591841 0.7676773 7.955749e-05 0.0006573776 0.00013536618 0.671779 0.13581648 0.0024173164 0.0027524412 0.7575182 0.0009058221 0.00066498393 0.0002179394 0.02024592 3.6326313e-05 0.00023205193 0.0005639069 0.00090171775 0.00047810376 0.00011371418 0.00010996947 0.0038862538 0.109275304 0.00054680055 0.0001480268 9.426572e-05 0.0003355199 0.01198417 0.0009249325 0.0018987552 0.00059942086 0.0073980945 0.0004064254 8.429086e-05 0.00074851007 0.00042445472 9.113703e-05 0.00031779445 0.11248141 4.8289785e-05 0.00019314622 7.980697e-05 0.110054955 0.0011030091 7.40402e-05 0.0017118012 1.1072922e-05 0.00014741962 0.012346037 8.303441e-05 2.8887274e-05 1.4032356e-05 0.001744054 0.00016338639 0.00017099948 0.0017544336 0.013740955 0.17491612 0.00028911766 8.888509e-05
