1.0675221e-26 0.9585734 0.96865 0.9310848 0.9438699 0.6493751 0.6377282 0.9079133 0.9038046 0.9566701 0.9522537 0.88090336 0.90379304 0.5894615 0.9424972 0.36484355 0.9579692 0.35528532 0.99811673 0.8449725 0.8560085 0.9977493 0.27755916 0.7831054 0.43516216 0.69268537 0.742739 0.86223894 0.82111335 0.9492047 0.37957218 0.44777304 0.49371454 0.29949442 0.058859784 0.9159284 0.9998216 0.8973373 0.64589506 0.08462207 0.63256925 0.043296985 0.14249651 0.59239316 0.4042688 0.9756728 0.29292217 0.94774336 0.8986836 0.9996914 0.8789778 0.8402413 0.99665487 0.051252972 0.136802 0.009617057 0.79038167 0.5328521 0.03687528 0.9999975 0.9956333 0.008943725 0.0511996 0.0663495 0.030950712 0.97844595 0.007902755 0.49109063 0.93900746 0.9792813 0.00057204993 0.9996167 0.9331796 0.0007764869 0.07409817 0.006254621 0.0059487633 0.94462043 0.8005741 0.71972793 0.91652465 2.576187e-05 0.9991254 0.9387038 0.9835476 5.116304e-05 0.0057739527 0.4587935 0.9783891 0.00026422352 0.10817603 0.25338888 0.010135994 0.025531948 0.04184355 0.8855673 5.1268296e-07 0.00037883496 0.08312843 0.013368066 0.024684492
0.9585734 6.327983e-16 0.9705918 0.93198156 0.4092299 0.2092775 0.5354577 0.007849602 0.011742903 0.20663677 0.013586258 0.0062205587 0.03078921 0.5034439 0.013656105 0.30006 0.0023865462 0.12883663 0.011452172 0.0043791756 0.012985065 0.045423742 0.22174819 0.0018291889 0.059068408 0.2917923 0.005897527 0.0030603176 0.030856235 0.00052441686 0.0059548686 0.010856362 0.0026446187 0.17395358 0.05456526 0.000344149 0.024754383 0.0008477259 0.0008525287 0.02785443 0.00021951637 0.0051370836 0.0037809904 0.01745893 0.00016671761 0.00025839414 0.00057336077 0.00020051764 0.0006205923 0.002480295 3.846617e-05 0.00012658206 0.00034531395 0.00010706978 5.944255e-05 0.001285734 5.7079787e-06 0.00018657529 1.1080094e-05 0.09406712 0.00034472207 0.004101153 9.608878e-06 1.726416e-05 0.00039282592 0.0003035784 0.0006770246 7.752086e-06 1.2351124e-05 0.00058941427 6.958269e-06 0.00080711715 3.9426486e-06 6.0458093e-05 8.1890495e-05 1.9871759e-05 5.3670996e-05 3.5981407e-06 4.3934583e-06 2.8739755e-06 2.0449129e-07 1.5980713e-06 0.0032709653 6.749375e-05 0.00069185375 3.545694e-07 3.366304e-06 3.7225595e-07 0.0007491849 2.8045529e-06 8.730026e-07 1.866455e-07 4.3052446e-06 4.115563e-06 1.1402421e-06 0.00023614 4.641308e-07 3.8974307e-05 1.3314875e-06 3.9144047e-07 2.9845842e-05
0.96865 0.9705918 3.517005e-16 0.21207279 0.83695847 0.5243577 0.17178902 0.026691051 0.03575234 0.01278506 0.037575424 0.03666354 0.25238812 0.47710186 0.0006547367 0.22728145 0.005477426 0.2931048 0.00056546245 0.0003660674 0.0751469 0.083582275 0.17444015 0.013138202 0.24879353 0.31438667 0.041145712 0.00047620048 0.0053500724 0.0026491764 0.0014797557 0.07997757 0.0006456389 0.10776861 0.058120348 0.0017431097 0.093326226 0.00022893457 0.005357813 0.0852006 0.0007581646 0.037380345 0.03595786 0.0038249923 4.9573504e-05 0.0010042839 0.00017283425 0.00046945727 9.7625285e-05 0.00044376592 0.00011154315 0.0020050206 0.0006749163 5.3554726e-05 0.00089928176 0.02466942 4.090117e-05 3.5935544e-05 0.00028158733 0.108332366 0.00043506586 0.00071728043 3.9808497e-06 1.6639397e-05 0.00017286689 0.0002465727 0.00027041513 0.00012544316 1.8347499e-05 0.0004205634 6.071608e-05 0.0015856065 4.421418e-06 0.0020698674 2.0766185e-05 1.4718285e-05 3.334043e-05 2.887608e-06 6.5058352e-06 3.0798226e-06 1.7671948e-07 9.620844e-06 0.0045271697 2.5358162e-05 0.0007271502 2.0776592e-06 2.0362172e-06 3.2586865e-07 0.0031341268 2.5384184e-06 6.4133246e-07 2.0384543e-07 6.233362e-06 2.1152055e-06 5.0803294e-07 0.0003406351 1.2674765e-06 2.3848566e-05 9.54393e-07 7.5061917e-07 1.654621e-05
0.9310848 0.93198156 0.21207279 1.3992462e-15 0.06985177 0.046272557 0.9457003 0.0015856889 0.0033967262 0.89138556 0.0016518413 0.0004656236 0.002376197 0.37162742 0.07041948 0.38856477 0.00071859814 0.040077064 0.072680496 0.029349469 0.00081296935 0.019610789 0.34855443 0.00046382446 0.014388124 0.38227388 0.0006208682 0.019754013 0.44792113 8.8586035e-05 0.07424756 0.0017612885 0.026933115 0.5478597 0.12701602 8.74726e-05 0.0037033926 0.0035402023 5.088475e-05 0.02958938 1.3384302e-05 0.0033195887 0.0007527724 0.3098346 0.0010541499 2.2459146e-05 0.0015766541 2.2843435e-05 0.0011216345 0.004119414 3.1072861e-06 1.0587694e-05 0.000106699255 0.00024706346 1.512156e-05 0.0006023339 1.801303e-06 0.00028512758 1.0424446e-06 0.020917755 0.00014962537 0.061120555 9.313156e-06 4.2929223e-05 0.018112686 4.4806562e-05 0.0132282665 6.114057e-06 7.0272104e-06 8.251876e-05 1.7088308e-06 0.0002031314 1.4753621e-06 3.8133025e-05 0.000119035714 1.6684255e-05 6.628862e-05 4.6062567e-07 1.794378e-06 4.326177e-06 4.6236345e-08 1.0613771e-06 0.0012324856 8.1613485e-05 0.0001466017 5.0659185e-08 1.4348974e-06 2.744194e-07 0.0003307702 1.4218334e-05 3.449239e-07 1.0773755e-07 1.4283439e-06 4.05813e-06 3.8749343e-07 3.5436493e-05 8.366154e-09 1.0736073e-05 8.57863e-07 1.8587846e-07 0.00012314646
0.9438699 0.4092299 0.83695847 0.06985177 4.5484938e-17 0.9714461 0.1783847 0.05241625 0.042100012 0.002672434 0.06149889 0.02802131 0.48832375 0.5375284 0.0002181536 0.27552608 0.010793996 0.57221895 0.00013107671 0.00028977296 0.14006715 0.033805776 0.22022688 0.008680129 0.5314179 0.40702882 0.13460259 8.066173e-05 0.0012341917 0.0008834387 0.00020481306 0.3103193 3.386253e-05 0.15436213 0.08079336 0.0008056383 0.047752257 1.1454273e-05 0.001298349 0.1411456 0.00014700743 0.09452589 0.1257019 0.0017897611 8.16825e-06 5.8740727e-05 1.6700793e-05 3.7194863e-05 1.1524244e-05 0.00010236087 2.0656562e-05 0.003275301 0.00019502958 2.6100304e-06 0.00371634 0.04606183 4.2580423e-06 8.36833e-06 0.0008656932 0.0077995094 6.6010034e-05 0.0005905277 3.0945776e-07 2.3618459e-06 3.4307042e-05 7.191877e-05 0.00019223109 7.429051e-05 1.5076781e-06 3.6728627e-05 0.0004365286 0.0002522987 1.9694985e-06 0.0027409513 5.423135e-07 1.8097127e-06 1.5182372e-06 3.5816063e-07 7.8755716e-07 7.90063e-07 5.933106e-08 1.1756685e-05 0.0013753946 1.9380704e-07 8.467841e-05 8.2026804e-07 8.37855e-08 3.3948556e-08 0.0005477374 3.457888e-07 3.4249748e-08 3.9287738e-09 5.7369544e-07 9.1669966e-07 2.676189e-08 3.055784e-05 1.05696046e-07 2.0391785e-06 2.4628642e-08 7.638527e-08 9.655313e-06
0.6493751 0.2092775 0.5243577 0.046272557 0.9714461 1.8575704e-17 0.1469246 0.04646651 0.033574626 0.002797598 0.026586765 0.025889715 0.4672239 0.7198381 0.00023476715 0.4268508 0.0053165825 0.82307684 0.0003226571 0.00027036484 0.10599571 0.0311077 0.31609365 0.013506723 0.66808003 0.36076334 0.11934225 0.00015168001 0.0022868887 0.0006019142 0.00090199814 0.17191982 0.00020617645 0.13894162 0.07164189 0.0005984795 0.017890513 7.5309404e-06 0.0034318396 0.06373562 0.0005822924 0.033830024 0.038840406 0.0010388175 6.828241e-06 5.212768e-05 8.647063e-06 3.9805935e-05 1.2402232e-05 3.181348e-05 4.2903026e-05 0.0011054764 0.000104302744 1.3111235e-06 0.0015117573 0.010664667 7.005397e-06 2.9889063e-06 0.00035179337 0.003501974 7.2669165e-05 0.0010711661 2.4108178e-07 1.449309e-06 8.9480245e-06 1.930003e-05 0.00011418799 1.9395276e-05 1.4607066e-06 1.4930258e-05 0.00057737215 0.000497227 1.8368637e-06 0.001289084 1.1603812e-07 6.4643923e-06 3.1456295e-06 5.4986435e-07 3.4824274e-07 2.198021e-06 1.4752902e-08 2.1351372e-05 0.0019442464 1.7362316e-07 2.7437336e-05 1.244441e-05 2.531824e-07 1.5123346e-07 0.00023542924 1.1604527e-06 2.5318533e-07 1.1444406e-08 1.6561086e-06 3.2673672e-06 2.6644327e-07 4.5931083e-06 8.257953e-07 2.1429084e-06 9.53832e-08 1.0715144e-07 1.3598758e-05
0.6377282 0.5354577 0.17178902 0.9457003 0.1783847 0.1469246 8.066547e-17 0.00079895306 0.0014276932 0.4013216 0.00044808042 0.00048701392 0.0067701982 0.87985116 0.013098975 0.90068614 0.00033809547 0.4269596 0.011037242 0.0063181957 0.00036098526 0.004575972 0.7598576 0.0001534586 0.061829746 0.6058379 0.0006605635 0.004418356 0.2985707 8.547348e-06 0.04462991 0.0055907583 0.0140659 0.3865708 0.19495104 8.497023e-06 0.00047422704 0.0006841985 5.0415536e-05 0.029919427 1.2513876e-05 0.005097665 0.001583666 0.07336164 0.00026719586 1.5105826e-06 0.00035812668 1.2648188e-06 0.00017316685 0.00047084878 6.532355e-07 2.7959643e-06 1.3158547e-06 0.000111088266 5.437332e-06 0.00053864624 6.577503e-08 0.00041383872 2.633733e-07 0.0038361854 2.4824556e-06 0.02137598 7.266573e-06 3.202816e-05 0.0029537298 2.9980818e-06 0.003114643 1.4541852e-06 2.6796613e-07 2.7843573e-06 5.380311e-05 2.2938988e-05 2.0900154e-07 2.8684706e-05 2.8228089e-05 1.7511413e-05 9.03621e-05 5.8346966e-08 7.1818384e-08 9.864398e-07 8.090062e-09 8.4747484e-07 0.00087622984 3.7047135e-05 2.2131413e-05 2.1821098e-08 4.0130017e-06 5.0549346e-08 9.357192e-05 2.3657392e-06 2.5474947e-07 4.904899e-08 5.220464e-07 4.0821997e-06 2.1502277e-07 2.9591486e-06 5.605113e-10 1.067306e-06 2.3640418e-07 1.2400068e-07 3.2967473e-05
0.9079133 0.007849602 0.026691051 0.0015856889 0.05241625 0.04646651 0.00079895306 1.8504446e-21 0.9411537 0.0015188875 0.7482505 0.79095113 0.26886255 0.01629851 0.0008461723 0.0026884924 0.79224443 0.025387531 0.0001387723 0.00034165586 0.2617073 0.6540147 0.0024729897 0.31171784 0.021473045 0.005672056 0.14461063 0.00016819335 0.00030843937 0.117968634 0.00015533151 0.053195085 6.780439e-05 0.00047714313 0.0014059609 0.12097277 0.49375644 3.2240362e-06 0.102443285 0.0031231125 0.052929834 0.003462383 0.011042294 3.9253253e-05 3.0524297e-06 0.022062358 2.4381043e-06 0.012136075 2.5096888e-05 0.00016341568 0.017851245 0.038277064 0.008483082 3.969742e-06 0.0103198 0.00089844473 0.0033205578 1.9161638e-05 0.0028554634 0.10909553 0.0008437327 0.0013295803 1.6824492e-07 1.4244298e-05 1.4265708e-05 0.000803051 0.00056387385 0.0031585784 7.7629506e-05 0.0014796428 0.000374717 0.015680006 2.2413484e-05 2.2875329e-05 3.8819078e-08 1.5682024e-06 5.5339983e-06 9.669394e-06 1.9338206e-05 2.7988071e-05 8.282885e-07 6.6234425e-06 0.010729906 3.451699e-06 0.0020929608 0.00011919724 3.0540764e-07 3.1050704e-06 0.003795358 7.0851156e-06 4.4347753e-06 8.778197e-07 7.9510086e-05 1.253931e-05 5.7640045e-06 0.0001418106 3.705353e-05 1.0779963e-05 7.3159873e-07 1.1728381e-06 9.475297e-05
0.9038046 0.011742903 0.03575234 0.0033967262 0.042100012 0.033574626 0.0014276932 0.9411537 1.2725144e-20 0.005610754 0.9341999 0.65804857 0.27209798 0.016022071 0.0012326655 0.0023240817 0.71027255 0.02169436 0.0015521238 0.0008176704 0.23624799 0.7722198 0.0018046253 0.15259077 0.030822244 0.007509805 0.16274606 0.00032371428 0.00045751012 0.0681556 0.00028547805 0.074769035 0.0001518227 0.0003403706 0.00047037398 0.08555195 0.26449212 6.186821e-05 0.059514146 0.0012893527 0.021268656 0.0017681331 0.0105655305 9.367899e-05 3.4916243e-06 0.030585656 8.59216e-06 0.015054005 8.2086284e-05 0.0005513554 0.015888209 0.023361057 0.008536694 9.198696e-06 0.0046051173 0.00037074136 0.0044373567 0.00014399133 0.0009739183 0.09115479 0.0012378847 0.00045765346 2.8821617e-07 1.2765096e-05 1.3356761e-05 0.0019662064 0.00026590502 0.0016164696 0.00016160689 0.0016805155 7.5958975e-05 0.020824252 9.659942e-05 3.4167276e-06 3.0645273e-07 2.9488465e-06 3.8197063e-06 1.3347109e-05 1.4843527e-05 4.7691377e-05 3.2762289e-06 3.0525205e-06 0.015133362 0.00012280494 0.0057236375 2.6669271e-05 3.4499465e-07 4.1206727e-06 0.0077392007 3.4271443e-06 8.039989e-06 1.8206357e-06 1.2587271e-05 3.692164e-05 1.233014e-05 0.0006667594 6.7498604e-06 2.009515e-05 1.9669683e-06 7.468575e-07 5.7780584e-05
0.9566701 0.20663677 0.01278506 0.89138556 0.002672434 0.002797598 0.4013216 0.0015188875 0.005610754 1.2321713e-16 0.002390415 0.00046021384 0.00035173923 0.021644535 0.7556172 0.10846613 0.0002845639 0.0026143852 0.3037648 0.38567877 0.00018205734 0.0116898175 0.06300257 0.0001507227 0.0015241883 0.05843304 0.0002036394 0.7296387 0.9098741 4.7102526e-06 0.77807486 0.00036986964 0.5844524 0.2933346 0.025735168 2.7758097e-06 0.002405786 0.08259025 3.134049e-05 0.0012639182 3.7557566e-06 0.00019306208 3.9071772e-05 0.529776 0.04744707 4.3299956e-06 0.025894308 1.6816617e-05 0.008377804 0.017155198 2.9270482e-06 1.9797542e-06 1.8434668e-05 0.003955591 3.162062e-07 1.6124319e-05 3.3767458e-07 0.0020759038 1.2426678e-07 0.043198373 2.9950912e-05 0.2264136 0.00031119483 0.0016932777 0.30372366 4.0349873e-06 0.04903884 2.2670485e-05 5.672148e-06 6.4555147e-06 2.031895e-06 9.294616e-05 1.9863223e-06 1.8868117e-06 0.0012177828 0.000486053 0.0020509686 5.509856e-07 1.5985728e-06 1.4226811e-05 8.21499e-08 1.3332193e-06 0.0010679852 0.00023796213 0.00012857188 3.2432453e-08 2.8794448e-05 2.963949e-07 0.00025351238 0.0003592081 2.7401146e-07 5.7901083e-08 6.366529e-05 1.7774359e-05 4.20103e-07 4.818809e-06 1.4181714e-07 4.9872528e-05 5.373327e-07 1.11358034e-07 0.00046899103
0.9522537 0.013586258 0.037575424 0.0016518413 0.06149889 0.026586765 0.00044808042 0.7482505 0.9341999 0.002390415 2.3505524e-19 0.80303836 0.40397206 0.0128782885 0.00096014905 0.002198645 0.75121224 0.022236401 0.00026403734 0.00015111605 0.3798702 0.76014036 0.001924013 0.2994411 0.05660858 0.014500406 0.303704 0.00012620944 0.00020323583 0.14824782 0.00015574892 0.20773971 4.207521e-05 0.00032709562 0.00091786945 0.17154996 0.26447186 9.806071e-06 0.14089862 0.0022626307 0.038505968 0.006208623 0.060325284 7.34973e-05 7.3086375e-07 0.0824262 1.034938e-06 0.05134254 3.800016e-05 0.00046993434 0.028514558 0.106171116 0.029129472 1.3828942e-06 0.025610674 0.0011012668 0.009544369 4.6695583e-05 0.005392157 0.10529575 0.0027807471 2.7413926e-05 7.364572e-08 2.63677e-06 3.0017036e-06 0.003638403 4.7330446e-05 0.0025432578 0.0009038284 0.0047697523 8.158547e-05 0.052794043 0.000566725 2.0270816e-06 2.1209209e-07 1.1221211e-06 3.4624704e-06 3.695345e-05 4.365369e-05 0.00034436898 1.4896195e-05 7.4814034e-06 0.022525951 4.3370062e-05 0.015270763 2.790288e-06 1.7536482e-07 8.007475e-06 0.015476225 4.5502873e-07 3.2614928e-06 8.4112116e-07 1.6091704e-05 3.3558725e-05 5.775477e-06 0.0052463375 2.83857e-06 1.3249052e-05 1.1625384e-06 1.8920769e-06 5.6121185e-05
0.88090336 0.0062205587 0.03666354 0.0004656236 0.02802131 0.025889715 0.00048701392 0.79095113 0.65804857 0.00046021384 0.80303836 2.1105482e-16 0.6645411 0.005624823 0.00016495625 0.0012986605 0.8781235 0.010836914 9.730182e-05 6.0500195e-05 0.496256 0.14670266 0.00079825544 0.97039026 0.017175095 0.0028033121 0.30145535 4.224062e-05 2.1790644e-05 0.18403737 3.4753342e-05 0.14878845 3.1259844e-06 9.376157e-05 0.0013023876 0.15527552 0.18174239 1.1813031e-06 0.13455448 0.0017914543 0.02617845 0.0040867636 0.024978098 7.193472e-06 3.6301572e-06 0.006668268 5.2214123e-06 0.0033557622 9.481168e-06 0.00017337258 0.0024845754 0.053976044 0.004312695 1.7929958e-06 0.019919543 0.003210659 0.0010627654 3.5097858e-06 0.0073048887 0.0051378575 0.000609609 3.0785264e-05 2.1402805e-07 3.9884844e-06 3.9259185e-06 0.00078621355 6.146914e-06 0.0016947623 7.025894e-05 0.00064991385 0.0009305849 0.0033835175 0.00010557974 6.7903875e-06 2.0086325e-08 6.816298e-07 6.7795975e-07 2.342227e-05 3.3742705e-05 4.5283567e-05 3.7290956e-06 1.970983e-06 0.0036314924 3.3571078e-07 0.00088134833 0.00010099049 1.6834524e-07 3.8881626e-06 0.0022511375 6.0288124e-07 1.838378e-06 2.818091e-07 3.082763e-05 3.587057e-06 2.2514196e-07 0.0005036457 9.212113e-07 7.065193e-07 1.7590516e-07 7.7485043e-07 2.3903467e-05
0.90379304 0.03078921 0.25238812 0.002376197 0.48832375 0.4672239 0.0067701982 0.26886255 0.27209798 0.00035173923 0.40397206 0.6645411 2.0396184e-19 0.059845172 0.00023724812 0.009847733 0.081813514 0.46859038 7.523952e-05 0.00017932523 0.979951 0.07252917 0.008683002 0.5363505 0.6054579 0.047560878 0.7776719 2.6266142e-05 2.0347117e-05 0.008636704 3.057565e-05 0.6096351 1.4448597e-06 0.0009885263 0.0038925612 0.014287085 0.08271277 5.3076525e-07 0.027861888 0.020232676 0.0035237449 0.046037495 0.15842126 1.2771148e-05 4.6859302e-07 0.00045267443 8.6569514e-07 0.0003533867 2.6221705e-06 0.00010821324 0.00019872414 0.006862492 0.00053064234 9.127519e-08 0.0071767564 0.01806651 4.1284944e-05 2.591053e-06 0.002792837 0.004984921 0.000375839 1.2760934e-05 5.8187933e-08 3.4137523e-07 4.5332217e-07 0.00022789049 5.428152e-06 7.446003e-05 5.7598886e-06 0.00011378199 0.0012002472 0.0008809563 5.5925343e-06 0.00014779858 2.203999e-08 8.5497e-07 6.5469544e-07 5.0645517e-06 9.2863934e-07 2.3625512e-06 1.5416805e-07 6.0055118e-06 0.0024196007 2.8025835e-07 0.0003901062 1.1617864e-05 5.082517e-08 1.3279791e-07 0.0019026134 1.6518504e-07 1.5465532e-07 7.0306484e-08 5.669403e-07 1.5211328e-06 2.396827e-07 0.00022609031 1.0611397e-07 6.232348e-07 1.8682641e-07 1.3057969e-07 4.958776e-06
0.5894615 0.5034439 0.47710186 0.37162742 0.5375284 0.7198381 0.87985116 0.01629851 0.016022071 0.021644535 0.0128782885 0.005624823 0.059845172 5.965074e-18 0.00040726658 0.9561946 0.0016491466 0.7943986 0.0010022043 0.0004274673 0.016545845 0.012010785 0.8402181 0.0035668681 0.5661584 0.7587375 0.008058043 0.00037659804 0.0039652037 5.353446e-05 0.0003871682 0.051588755 2.956335e-05 0.30416766 0.27561298 0.00012320073 0.008540676 1.1133543e-05 0.0002444372 0.11928755 4.655663e-05 0.040032044 0.026221922 0.007587177 5.420423e-06 1.1466957e-06 5.56064e-06 2.9374535e-06 2.5090352e-05 8.9518435e-05 2.4325886e-06 1.8656043e-05 8.656651e-06 3.3799631e-06 5.4985652e-05 0.0068650246 7.214793e-07 4.7041744e-06 3.77179e-06 0.0019375801 1.14793265e-05 0.0009405622 3.0200448e-07 1.8413889e-06 4.47054e-05 2.9999521e-06 0.00029921578 3.7423522e-06 2.9872805e-07 2.8713512e-06 6.492723e-05 7.715096e-05 2.5698583e-07 0.00050765614 2.3990074e-08 2.934732e-06 2.320858e-06 1.8861161e-07 1.8349711e-08 7.4257065e-07 6.885395e-09 1.1705607e-06 0.0007234237 1.8234688e-07 1.9848292e-05 1.11563196e-07 2.2204243e-07 4.3320266e-08 0.00026023554 9.789397e-07 1.01423794e-07 5.8927054e-09 1.4909953e-07 5.1569896e-06 2.071432e-07 3.0441827e-06 3.974905e-08 3.3591432e-06 9.2792355e-08 2.9135504e-07 7.3635683e-06
0.9424972 0.013656105 0.0006547367 0.07041948 0.0002181536 0.00023476715 0.013098975 0.0008461723 0.0012326655 0.7556172 0.00096014905 0.00016495625 0.00023724812 0.00040726658 1.025429e-17 0.0013572329 4.4034015e-05 0.0001275555 0.93242085 0.98241854 4.258745e-06 0.019940192 0.0016980715 0.00015657353 7.633717e-05 0.00043775386 9.952632e-06 0.680725 0.1344107 5.284175e-06 0.21494912 4.8150123e-05 0.14284477 0.023577496 0.0006608458 8.630915e-06 0.012605483 0.24457192 2.4341005e-05 0.00030581615 2.7159178e-06 4.5830988e-05 1.8662352e-06 0.104417205 0.03401162 2.8353925e-05 0.02505438 8.229364e-06 0.038018174 0.005748154 2.394991e-06 1.2160623e-05 5.6099296e-05 0.004169236 1.334009e-06 1.0579327e-05 1.0009884e-06 0.00012881696 7.092356e-06 0.3029856 5.0073646e-05 0.01771333 0.00047150438 0.0030159117 0.18053643 1.2436164e-05 0.01034474 0.0001236177 8.922864e-07 6.614142e-05 3.056916e-06 9.8883036e-05 7.066333e-07 2.0897443e-05 0.00022661248 0.0014390044 0.0043047112 3.8128877e-07 6.453092e-07 9.823617e-07 6.2965344e-09 6.4497794e-06 0.00057074433 0.00022859684 1.935459e-05 1.2085093e-05 0.00044541075 4.4736254e-08 4.487477e-05 0.00010371385 2.2254738e-07 3.2923843e-08 8.94106e-05 7.3769584e-06 1.9869408e-07 1.8255736e-06 6.3079638e-06 2.5746738e-05 2.537391e-07 3.1334451e-07 0.00036354942
0.36484355 0.30006 0.22728145 0.38856477 0.27552608 0.4268508 0.90068614 0.0026884924 0.0023240817 0.10846613 0.002198645 0.0012986605 0.009847733 0.9561946 0.0013572329 4.872992e-18 0.00064601 0.40136078 0.0015932695 0.00065568613 0.0037879618 0.0039354796 0.93915147 0.0010898664 0.2050016 0.76698524 0.0020066493 0.0008424755 0.03026284 2.5659963e-05 0.0023173701 0.014038876 0.00026001153 0.41391626 0.3623814 9.083948e-05 0.0022328214 0.00012991102 0.00011047697 0.119066514 6.762732e-05 0.021983273 0.012458102 0.049906503 5.469888e-05 3.6537278e-07 6.9266905e-05 2.0653993e-06 4.6703917e-05 0.00019533595 1.9133872e-06 6.558406e-06 3.3660858e-06 1.9444577e-05 3.0847186e-05 0.0021868767 1.8637058e-06 8.5068874e-05 2.511785e-06 0.0015662558 3.4176044e-06 0.00426581 1.2483034e-06 1.1516082e-05 0.00014431798 4.3430346e-06 0.0005701554 6.8167565e-06 1.116006e-06 8.365521e-06 6.4958076e-05 2.4491284e-05 6.7721595e-07 0.00019386427 4.628927e-07 5.591355e-06 1.0849818e-05 4.6236107e-07 5.8313926e-08 1.2016008e-06 1.0058149e-08 1.5799262e-06 0.00034527757 1.4279667e-06 2.4336268e-05 1.199227e-07 6.6464844e-07 9.933467e-08 9.535261e-05 4.869617e-06 2.0707724e-07 9.949676e-09 4.1217473e-07 1.9986688e-05 6.56195e-07 2.2884437e-06 3.0982523e-08 7.0988044e-06 2.1539138e-07 7.761995e-07 2.1728702e-05
0.9579692 0.0023865462 0.005477426 0.00071859814 0.010793996 0.0053165825 0.00033809547 0.79224443 0.71027255 0.0002845639 0.75121224 0.8781235 0.081813514 0.0016491466 4.4034015e-05 0.00064601 2.0309633e-17 0.003629633 2.328432e-05 2.0024998e-05 0.18989916 0.61552066 0.0005532432 0.7860055 0.0065617003 0.00092172116 0.116262674 2.1890268e-05 3.2982769e-06 0.9104099 3.2799303e-06 0.02770672 7.747097e-06 8.202939e-05 4.0015922e-05 0.67610866 0.6657912 3.3124476e-07 0.39165643 0.00027125716 0.15907198 0.0010075158 0.0054014726 1.2095297e-05 2.1158332e-06 0.2026002 1.3200804e-06 0.13631408 4.994414e-06 2.5703092e-05 0.15360332 0.18445218 0.05179547 3.9613477e-07 0.038776517 0.00043334594 0.045535047 4.009689e-06 0.0049732826 0.053179592 0.00787237 4.8603397e-05 1.17459024e-07 5.0879535e-06 1.2451997e-05 0.004272285 0.00014942858 0.025226077 0.0023727652 0.005184331 0.00019585266 0.061212927 0.0007449675 1.744706e-06 3.8522938e-08 5.2619935e-06 1.4978119e-05 0.0002459602 0.00041023575 0.0010398899 4.0704268e-05 6.232583e-06 0.016140973 5.2142144e-07 0.0114437705 0.00013066074 6.647667e-06 4.3844986e-05 0.009866304 1.878224e-05 9.850725e-06 1.9302994e-05 0.0007354448 4.878083e-05 9.846686e-06 0.004113762 3.0991345e-05 3.8942667e-06 5.2313762e-06 4.34243e-06 0.0004701775
0.35528532 0.12883663 0.2931048 0.040077064 0.57221895 0.82307684 0.4269596 0.025387531 0.02169436 0.0026143852 0.022236401 0.010836914 0.46859038 0.7943986 0.0001275555 0.40136078 0.003629633 3.8080256e-18 0.00035368782 0.00014578512 0.11420878 0.009497145 0.3163987 0.016212627 0.97770023 0.43177465 0.11738747 0.00015685166 0.00061255466 0.0002674016 0.0002045273 0.36134577 8.0905065e-06 0.1771587 0.16769925 0.000657462 0.0070942435 2.2342238e-06 0.0013275418 0.15860856 0.0002757102 0.08891692 0.08485125 0.00038688438 2.480127e-06 5.7391076e-06 1.6989899e-06 6.5986774e-06 9.784371e-06 4.9261467e-05 1.1679632e-05 0.0001582318 4.240291e-05 5.820989e-07 0.00034545263 0.014170862 2.5198106e-06 2.4207973e-06 9.078656e-05 0.00075952127 1.3251301e-05 0.0005768798 9.4559184e-08 2.40009e-06 3.0264659e-05 4.214913e-06 6.225232e-05 5.5250493e-06 4.004173e-07 7.545239e-06 0.00073913776 9.771787e-05 1.129565e-06 0.0012713682 6.1988095e-09 1.5502309e-06 1.3596689e-06 3.9291785e-07 5.968349e-08 1.6437474e-06 2.0003974e-08 4.8986353e-06 0.00076414866 1.2288629e-07 1.8061755e-05 2.3577209e-06 1.7784734e-07 3.562742e-08 0.00034567592 1.3415516e-06 1.7985745e-07 6.440101e-09 3.0271755e-07 5.4993593e-06 8.6932246e-08 5.2914165e-06 1.7075395e-07 1.6456672e-06 7.681569e-08 1.4518233e-07 1.28472275e-05
0.99811673 0.011452172 0.00056546245 0.072680496 0.00013107671 0.0003226571 0.011037242 0.0001387723 0.0015521238 0.3037648 0.00026403734 9.730182e-05 7.523952e-05 0.0010022043 0.93242085 0.0015932695 2.328432e-05 0.00035368782 1.6569026e-18 0.9095549 2.2634356e-06 0.0032765917 0.0021000246 6.069622e-05 6.9058944e-05 0.0020667294 1.2159775e-05 0.9072801 0.08410253 5.838126e-06 0.14312989 1.9364485e-05 0.12263966 0.009086098 0.00060438184 3.932198e-06 0.000931177 0.73341733 7.448368e-05 0.00015724586 5.8105143e-06 2.0519476e-05 2.1615863e-06 0.032077644 0.077646844 0.00010326913 0.069398865 4.7316047e-05 0.41321245 0.02082803 5.2746645e-06 1.24395565e-05 4.1725496e-05 0.02329765 2.394555e-06 1.0804623e-05 2.2634183e-06 0.009158976 1.1708058e-05 0.56113124 2.474248e-05 0.010010725 0.0034096986 0.005964491 0.090991616 3.8343907e-07 0.0031935335 2.6637748e-05 2.9379412e-06 5.6832478e-06 6.766795e-07 2.7231323e-05 1.2471064e-06 3.5269043e-06 0.002945079 0.0019911455 0.0070685805 3.6113056e-07 1.2780938e-06 8.507731e-07 3.202405e-08 9.198244e-07 0.00016899663 0.0042451 4.4661747e-06 3.0162726e-06 0.0010835286 4.966218e-07 3.0735318e-06 6.965669e-05 7.6289064e-07 8.778181e-07 8.267867e-05 2.3198268e-06 5.876146e-07 2.104203e-07 1.2936196e-06 1.1394927e-05 6.537016e-07 3.8648184e-07 2.1721076e-05
0.8449725 0.0043791756 0.0003660674 0.029349469 0.00028977296 0.00027036484 0.0063181957 0.00034165586 0.0008176704 0.38567877 0.00015111605 6.0500195e-05 0.00017932523 0.0004274673 0.98241854 0.00065568613 2.0024998e-05 0.00014578512 0.9095549 3.5285568e-19 1.031334e-06 0.009144022 0.0006178157 4.1035608e-05 3.9979266e-05 0.00027951592 1.9132194e-06 0.9096406 0.12358698 2.4320063e-06 0.34146345 7.5265825e-06 0.22604527 0.0075750384 0.00027726934 2.6272019e-06 0.004390271 0.51398796 4.62979e-06 3.0257008e-05 1.2294121e-06 5.392797e-06 4.1185095e-07 0.0871802 0.0929106 1.082648e-05 0.06691066 1.0093512e-06 0.1092844 0.0065809963 1.5035982e-07 3.6261226e-06 2.0435251e-05 0.014228196 4.929074e-07 4.8604187e-07 1.868608e-07 0.0005425818 1.1667323e-06 0.12211733 1.476134e-05 0.025378918 0.0013506027 0.009231437 0.1935073 1.8647141e-06 0.011426398 1.5137849e-05 5.439985e-07 6.7829706e-06 1.1337049e-06 0.00011643349 1.0930984e-07 1.965879e-06 0.0006414624 0.0026850016 0.006616543 2.4298151e-08 2.8403423e-07 4.132693e-07 1.0997223e-09 2.1327885e-07 0.00031343492 0.0007339399 1.6868747e-06 4.5783086e-06 0.00043004725 1.8535264e-08 3.8583867e-06 7.62109e-05 5.0453792e-08 7.688616e-09 1.1459857e-05 2.3448988e-06 3.2921516e-08 1.3733288e-08 2.9189513e-07 1.3187169e-05 1.0714791e-08 2.3650237e-08 5.704085e-05
0.8560085 0.012985065 0.0751469 0.00081296935 0.14006715 0.10599571 0.00036098526 0.2617073 0.23624799 0.00018205734 0.3798702 0.496256 0.979951 0.016545845 4.258745e-06 0.0037879618 0.18989916 0.11420878 2.2634356e-06 1.031334e-06 1.785236e-17 0.034229025 0.003051502 0.57968116 0.29600567 0.021176329 0.9016778 1.2531126e-06 1.4271246e-05 0.036504373 6.2433087e-06 0.61386335 1.0151102e-06 0.0017601869 0.0023667705 0.06748635 0.124064095 2.481338e-08 0.117209755 0.0285743 0.019383097 0.06701827 0.2386056 9.56114e-05 2.414868e-07 0.00086130266 1.3928002e-07 0.0010817709 1.6500051e-07 7.02097e-07 0.0006591835 0.20157048 0.0012626429 3.1349707e-08 0.054011486 0.04412939 0.0015198308 4.5385487e-08 0.024744324 0.0037746404 0.00033523142 1.7840573e-05 3.043738e-08 1.8307638e-06 5.7515945e-06 0.00011278643 1.9968875e-05 0.004514451 4.649817e-06 4.750989e-05 0.0020884534 0.0007907392 5.7489406e-06 0.0018398382 4.35784e-09 1.1326598e-06 1.400474e-06 1.1903365e-06 2.215258e-06 4.7628905e-06 7.700081e-08 8.9665744e-05 0.0010498215 1.5450229e-09 6.7245885e-05 0.00016610643 1.2575006e-07 1.775667e-07 0.00063222344 1.2046591e-07 2.8530803e-07 3.774838e-08 8.3262545e-05 1.0260124e-05 5.7639795e-07 0.00011131755 4.3060536e-06 5.815207e-07 2.6916607e-07 2.6631398e-07 3.243733e-05
0.9977493 0.045423742 0.083582275 0.019610789 0.033805776 0.0311077 0.004575972 0.6540147 0.7722198 0.0116898175 0.76014036 0.14670266 0.07252917 0.012010785 0.019940192 0.0039354796 0.61552066 0.009497145 0.0032765917 0.009144022 0.034229025 6.2274235e-18 0.0041929632 0.040279847 0.009350005 0.006651228 0.027069664 0.0011262371 0.0053791087 0.1786235 0.003231928 0.012352115 0.0021504238 0.0007576924 0.0011740271 0.056910332 0.7718349 0.0006497314 0.03507301 0.0005556215 0.02160179 0.00062266603 0.0011170418 0.00023492952 0.00021362503 0.43163794 0.0003335648 0.19842687 0.00050620147 0.0020016418 0.22663987 0.004211344 0.089499705 0.00021722767 0.0012360067 0.00011158316 0.012096336 0.0031090132 0.00043818948 0.59746444 0.009341092 0.004388994 3.4212746e-05 0.0005053614 0.0012254913 0.011923829 0.0066143824 0.0029352568 0.010264369 0.0053915423 0.00015524354 0.07897416 0.0052162963 1.36663375e-05 6.635446e-05 0.00033886873 0.0005054492 0.0011464673 0.00094129134 0.0018371767 0.0010997953 5.9289086e-06 0.051978227 0.0028574932 0.025254993 1.7229142e-05 0.00019782633 0.0003765903 0.01649137 6.198881e-05 0.0010390067 9.677221e-05 3.7159694e-05 0.0018207341 0.0012134888 0.009020253 1.5152473e-06 1.9545922e-05 0.0001278351 0.0006543088 0.0004661472
0.27755916 0.22174819 0.17444015 0.34855443 0.22022688 0.31609365 0.7598576 0.0024729897 0.0018046253 0.06300257 0.001924013 0.00079825544 0.008683002 0.8402181 0.0016980715 0.93915147 0.0005532432 0.3163987 0.0021000246 0.0006178157 0.003051502 0.0041929632 8.337288e-17 0.0012155742 0.24709813 0.95453745 0.0021845088 0.0014194285 0.043913193 1.7129694e-05 0.0027992993 0.016737467 0.0002104443 0.5140476 0.49822572 0.00013790157 0.0031319098 0.00013602033 0.00015123398 0.15377103 8.651892e-05 0.026949108 0.013441001 0.09342411 7.2013485e-05 1.4172588e-07 7.693663e-05 1.5389929e-06 0.00010773792 0.00013662265 1.3048042e-06 1.09909015e-05 2.998019e-06 3.904637e-05 1.6514427e-05 0.003026708 1.6627409e-06 3.516317e-05 1.2226032e-05 0.001293521 1.0074389e-05 0.009260601 4.420853e-06 3.6167614e-05 0.00019193745 5.721173e-06 0.0009559093 1.6604365e-05 1.7279601e-06 8.259651e-06 0.00012631169 2.7005004e-05 1.3568645e-06 0.00058298395 5.896534e-07 1.6839358e-05 1.7770257e-05 8.1963617e-07 1.9805047e-07 1.2655132e-05 1.1352948e-07 4.1795724e-06 0.00028228614 1.8684808e-06 2.4212002e-05 2.3369589e-07 2.297681e-06 5.085593e-07 0.00010892134 2.3668887e-05 2.255478e-06 1.3937688e-07 3.2240823e-06 4.3795673e-05 4.7277003e-06 6.9859293e-06 1.2325765e-07 2.8676226e-05 2.7834815e-06 3.5027167e-06 4.0009432e-05
0.7831054 0.0018291889 0.013138202 0.00046382446 0.008680129 0.013506723 0.0001534586 0.31171784 0.15259077 0.0001507227 0.2994411 0.97039026 0.5363505 0.0035668681 0.00015657353 0.0010898664 0.7860055 0.016212627 6.069622e-05 4.1035608e-05 0.57968116 0.040279847 0.0012155742 5.6488904e-18 0.034308583 0.0033031532 0.5247158 1.2105441e-05 1.7659431e-05 0.591819 1.8138258e-05 0.197895 3.286285e-05 6.612994e-05 0.0005223233 0.7946611 0.10156532 1.7411588e-06 0.8604795 0.001592883 0.65448654 0.0062299124 0.03759229 4.55154e-06 3.7190414e-06 0.025018914 1.2799442e-06 0.024064377 4.8219026e-06 2.217597e-05 0.02685826 0.4619365 0.011790405 1.9575322e-07 0.12378032 0.0020318343 0.021526892 1.9289346e-06 0.016857661 0.0037839052 0.0030812814 7.584145e-06 2.744754e-07 7.798054e-07 1.745222e-06 0.0021539265 6.6869748e-06 0.01657707 0.00081716804 0.0016126602 0.00098457 0.005240444 0.000870208 2.7052754e-06 4.448618e-08 1.6841886e-06 3.2658188e-06 0.00045614757 0.00012609878 0.00023768157 2.539439e-05 1.4478101e-06 0.0021283461 3.4206366e-06 0.0012613648 0.00048341276 1.7945533e-07 6.666891e-06 0.0016416872 8.242155e-07 1.4321626e-05 9.499277e-06 0.00023140047 0.00010362694 1.240688e-05 0.0006835769 1.4834102e-05 2.1476578e-07 7.456595e-06 4.6648074e-06 0.00014771051
0.43516216 0.059068408 0.24879353 0.014388124 0.5314179 0.66808003 0.061829746 0.021473045 0.030822244 0.0015241883 0.05660858 0.017175095 0.6054579 0.5661584 7.633717e-05 0.2050016 0.0065617003 0.97770023 6.9058944e-05 3.9979266e-05 0.29600567 0.009350005 0.24709813 0.034308583 4.397634e-17 0.55248713 0.43099973 0.00011001153 0.00018231917 0.0007597118 0.00010870238 0.8910482 1.5962016e-05 0.2199861 0.32806537 0.0025947574 0.013034662 2.3511318e-07 0.0027547367 0.5162565 0.0008166959 0.45017573 0.51421815 0.001072405 3.8999533e-06 1.8408824e-05 2.9243752e-06 2.5494704e-05 4.93322e-06 8.286183e-06 4.2488115e-05 0.0014434179 7.913253e-05 1.7550007e-06 0.0053017293 0.07281663 2.0346148e-05 2.1982287e-06 0.00466762 0.0010006723 6.2541396e-05 0.0004383337 5.0934125e-07 1.3578308e-05 8.89559e-05 1.5531336e-05 0.00024724638 0.0001050762 2.155795e-06 1.592978e-05 0.0058108 0.00014282638 4.639775e-06 0.006335353 3.810661e-08 1.7139417e-05 1.4134984e-05 2.219259e-06 4.988285e-07 5.6806844e-06 1.8384964e-07 0.0001513194 0.00044402183 8.74628e-08 2.927873e-05 5.4455137e-05 3.8190537e-06 3.3066812e-07 0.00020091751 8.114059e-06 1.1255208e-06 2.2686024e-08 7.3252418e-06 1.6777387e-05 4.9842547e-06 7.394151e-06 6.452228e-06 8.3888735e-06 1.5604106e-06 1.542727e-06 5.0733815e-05
0.69268537 0.2917923 0.31438667 0.38227388 0.40702882 0.36076334 0.6058379 0.005672056 0.007509805 0.05843304 0.014500406 0.0028033121 0.047560878 0.7587375 0.00043775386 0.76698524 0.00092172116 0.43177465 0.0020667294 0.00027951592 0.021176329 0.006651228 0.95453745 0.0033031532 0.55248713 1.9768085e-16 0.0101461345 0.0016056028 0.05944899 8.679163e-05 0.0016524903 0.095345385 0.000117732074 0.77955985 0.8371766 0.00063829985 0.013383908 6.564623e-05 0.00055345264 0.609703 0.00016251054 0.22571516 0.112205096 0.2581642 7.079297e-05 8.5857414e-07 0.0002444076 4.6657324e-06 7.874934e-05 0.00018428384 6.684781e-06 0.00012865968 1.4647751e-05 0.00010543797 0.00063554617 0.036301974 6.6907705e-06 8.6536875e-06 0.00037029723 0.003468123 3.0464027e-05 0.0077772085 1.521859e-05 9.6763164e-05 0.0006114789 7.1337286e-06 0.0023451229 0.00011219105 6.4791984e-06 1.2187512e-05 0.0013232669 0.00010965341 1.0776572e-05 0.007982932 1.1009968e-06 3.691724e-05 2.340693e-05 1.387556e-06 2.2000993e-06 1.6731528e-05 3.3802613e-07 7.621235e-05 0.00055305427 1.0381567e-06 3.8442147e-05 2.9151975e-06 1.0745845e-05 9.126662e-07 0.00049604505 0.00014068892 5.9284057e-06 3.5639874e-07 1.0737998e-05 0.00011470446 1.625875e-05 6.239176e-05 6.745249e-07 0.0005838911 7.748346e-06 8.741211e-06 0.000104535065
0.742739 0.005897527 0.041145712 0.0006208682 0.13460259 0.11934225 0.0006605635 0.14461063 0.16274606 0.0002036394 0.303704 0.30145535 0.7776719 0.008058043 9.952632e-06 0.0020066493 0.116262674 0.11738747 1.2159775e-05 1.9132194e-06 0.9016778 0.027069664 0.0021845088 0.5247158 0.43099973 0.0101461345 4.85487e-16 6.098218e-06 5.11882e-06 0.02284474 1.50458945e-05 0.9741536 1.340884e-06 0.000958831 0.0049852463 0.1315878 0.15814689 5.6326083e-08 0.19732481 0.030363306 0.03497772 0.09423542 0.373325 4.3394884e-05 1.1649902e-06 0.0011713208 4.030443e-07 0.0011660635 6.812866e-07 6.0191123e-06 0.0012080387 0.1128347 0.0017083852 2.2879976e-07 0.078292236 0.056604628 0.0010253122 4.3000063e-07 0.049061045 0.0023222452 0.00043270193 2.8941018e-05 1.17253215e-07 5.439402e-06 1.5130401e-05 0.00013976404 1.0300469e-05 0.002645749 1.2708929e-05 0.00010955463 0.006120046 0.00066141173 3.6734647e-05 0.0022448741 8.98988e-09 2.980174e-06 3.3804624e-06 7.308481e-06 5.8288297e-06 1.7903192e-05 7.281977e-07 0.00019232644 0.0014962496 3.4976196e-08 0.00024560926 0.00101357 8.44753e-07 8.2961265e-07 0.0019169132 5.5843606e-07 3.7877483e-06 2.5176448e-07 6.118949e-05 1.8500095e-05 4.307359e-06 8.918789e-05 3.1464082e-05 1.4563376e-06 1.9494237e-06 1.0120394e-06 9.979601e-05
0.86223894 0.0030603176 0.00047620048 0.019754013 8.066173e-05 0.00015168001 0.004418356 0.00016819335 0.00032371428 0.7296387 0.00012620944 4.224062e-05 2.6266142e-05 0.00037659804 0.680725 0.0008424755 2.1890268e-05 0.00015685166 0.9072801 0.9096406 1.2531126e-06 0.0011262371 0.0014194285 1.2105441e-05 0.00011001153 0.0016056028 6.098218e-06 2.3563478e-15 0.66445756 3.4023668e-07 0.92657965 3.2735632e-05 0.84471446 0.010098418 0.00043205186 1.1771372e-05 0.0003641645 0.79890996 5.329776e-06 0.00014978113 2.6737837e-06 1.9792324e-05 8.732744e-06 0.4494159 0.69270617 2.3520309e-07 0.3221921 1.5617296e-06 0.09672636 0.012330581 1.3499849e-06 3.0205863e-05 4.131042e-07 0.0646897 8.776825e-07 2.5159625e-05 1.7339012e-06 0.001167078 5.4976056e-07 0.0071609872 6.9031516e-06 0.111177355 0.0043612495 0.09833716 0.64525837 2.4121575e-06 0.04033767 0.00013444155 2.2711397e-06 6.453083e-06 4.2644756e-06 3.281277e-05 7.3713284e-07 7.560574e-06 0.0017999733 0.006970174 0.016864985 4.7714394e-07 6.928976e-07 3.1035459e-06 4.948397e-08 4.753762e-07 0.000895444 0.0004607193 0.00019640407 2.771761e-07 0.00078720733 3.0854952e-07 0.00017566419 0.00087042636 5.235491e-07 6.6738215e-07 8.188101e-06 0.00019203979 4.863391e-07 4.8613665e-06 5.0143246e-08 1.0757257e-05 6.493528e-07 2.193156e-07 0.0010872255
0.82111335 0.030856235 0.0053500724 0.44792113 0.0012341917 0.0022868887 0.2985707 0.00030843937 0.00045751012 0.9098741 0.00020323583 2.1790644e-05 2.0347117e-05 0.0039652037 0.1344107 0.03026284 3.2982769e-06 0.00061255466 0.08410253 0.12358698 1.4271246e-05 0.0053791087 0.043913193 1.7659431e-05 0.00018231917 0.05944899 5.11882e-06 0.66445756 1.467073e-17 6.627158e-08 0.7017876 4.594201e-05 0.8768616 0.35662508 0.037162647 1.2610407e-06 0.0018241006 0.081498556 2.430564e-06 0.0018813694 1.9435333e-06 0.00013694799 7.328075e-05 0.9710197 0.088543996 1.7965054e-07 0.022109793 2.8515134e-07 0.0055017127 0.0055768625 1.5766007e-07 1.2181304e-07 1.1690793e-06 0.0015374484 2.64722e-07 2.6332256e-05 6.323603e-07 0.00039169856 1.514868e-07 0.0033661537 6.3983384e-07 0.16754813 0.00011633283 0.00091825204 0.3447226 1.2120498e-06 0.09304314 4.0891926e-05 7.6098394e-07 6.8411885e-07 8.771231e-06 1.0418787e-05 8.433911e-07 4.0154504e-05 0.00027084898 0.00019355539 0.00036794448 1.9864926e-08 3.913504e-08 9.122386e-06 1.5945577e-08 2.3092217e-07 0.00038081058 1.360178e-05 9.876254e-06 5.732319e-08 3.5762245e-05 4.419474e-08 6.465036e-05 0.0007258428 1.0394407e-06 8.356143e-08 6.964652e-05 0.0002803839 1.3916655e-06 1.8818744e-05 1.2141495e-08 0.00020426199 1.4132462e-07 1.6750487e-06 0.00045441664
0.9492047 0.00052441686 0.0026491764 8.8586035e-05 0.0008834387 0.0006019142 8.547348e-06 0.117968634 0.0681556 4.7102526e-06 0.14824782 0.18403737 0.008636704 5.353446e-05 5.284175e-06 2.5659963e-05 0.9104099 0.0002674016 5.838126e-06 2.4320063e-06 0.036504373 0.1786235 1.7129694e-05 0.591819 0.0007597118 8.679163e-05 0.02284474 3.4023668e-07 6.627158e-08 3.4048342e-16 6.061596e-08 0.0044033392 1.5532298e-07 1.9790077e-07 5.122646e-07 0.9458597 0.33343053 5.2549773e-08 0.30872235 1.2681167e-05 0.35357156 5.4223856e-05 0.0014596992 3.4301215e-07 6.190893e-07 0.61048263 7.9695646e-08 0.6065293 2.0200464e-07 3.679973e-05 0.5528046 0.15061872 0.30907467 2.142199e-08 0.018155687 2.4538476e-06 0.23489007 8.0375924e-07 0.0017365399 0.014103423 0.053564195 1.6610745e-07 1.7473251e-08 6.331164e-07 2.3109313e-07 0.011878697 1.2812338e-06 0.055655036 0.026089793 0.014121296 8.206342e-05 0.15046741 0.004615106 2.2477657e-07 1.268451e-08 3.7781749e-07 2.3630805e-06 0.002558374 0.0024966297 0.003799282 0.00031188174 5.9131463e-07 0.03800281 1.0204984e-06 0.023915797 0.00026484462 1.3814342e-07 0.00033964135 0.03376983 4.431951e-06 0.0002476452 0.00014335147 0.00044639927 0.0007375207 7.45475e-05 0.019530632 8.2907644e-07 3.9299726e-07 5.168686e-05 0.00016186787 0.00096024066
0.37957218 0.0059548686 0.0014797557 0.07424756 0.00020481306 0.00090199814 0.04462991 0.00015533151 0.00028547805 0.77807486 0.00015574892 3.4753342e-05 3.057565e-05 0.0003871682 0.21494912 0.0023173701 3.2799303e-06 0.0002045273 0.14312989 0.34146345 6.2433087e-06 0.003231928 0.0027992993 1.8138258e-05 0.00010870238 0.0016524903 1.50458945e-05 0.92657965 0.7017876 6.061596e-08 5.801182e-20 3.8207065e-05 0.9790312 0.020849174 0.00037225455 5.59518e-06 0.0009896455 0.3348204 7.7792665e-06 2.2184664e-05 4.8815315e-07 6.3960483e-06 7.944335e-06 0.48656133 0.2766419 1.976859e-07 0.08367613 1.1910258e-06 0.014585542 0.0076040295 2.052294e-07 9.2298075e-07 3.726536e-06 0.0114070065 4.1240475e-07 8.617747e-06 4.2312604e-06 0.0011539022 4.4085576e-07 0.0011924881 2.20439e-06 0.12846212 0.00069940084 0.013452088 0.29919106 2.6065977e-06 0.06519285 1.9912812e-05 3.3721074e-06 5.235219e-06 5.011258e-07 3.7898677e-05 8.622913e-07 1.2863919e-06 0.0012098379 0.0009213279 0.0017039448 5.884501e-07 3.0009667e-07 7.3295046e-06 2.5984814e-08 3.9269178e-08 0.000590144 0.0003381082 4.337122e-05 1.872965e-07 0.000105954874 6.4602165e-07 0.00015680889 0.0008790882 2.9249495e-06 1.7972252e-07 5.6451785e-07 0.000111909045 3.082251e-07 1.8054643e-05 2.1446438e-08 6.6486784e-05 1.409987e-07 4.5158583e-07 0.0005220345
