2.350557e-30 0.02220172 0.005736966 0.002282818 0.05095308 0.07598607 0.34841165 0.36196387 0.52221304 0.0011174268 0.017629692 0.7421491 0.008166656 0.15753858 0.2628022 0.91816926 0.52618706 0.5766848 0.0039556534 0.027334502 0.970359 0.08940572 0.93546206 0.014162586 0.00031165726 0.00022665484 0.9463498 0.12107293 0.62272257 0.97263694 0.36993915 0.018464137 0.7638982 0.8700184 0.99362624 0.0047024908 0.1836859 0.7508773 0.8712882 0.011362866 0.9530629 0.0013313479 0.9885432 0.99126583 0.9280966 0.6118069 0.015432891 0.0017676872 0.9873892 0.121256076 0.020094821 0.33516142 0.9733055 0.34062177 0.0054833614 0.655183 0.001003264 0.50304383 0.90550214 0.0008316061 0.48022223 0.9744064 0.94214445 0.9596743 6.128517e-06 0.0316231 0.83414155 0.8709531 0.0010512051 0.0010211815 2.440818e-05 0.00049200415 0.9784154 0.7150573 9.413553e-07 0.6697851 0.9948789 0.0015068381 0.4007231 0.0072934944 0.92134064 0.23456627 0.57995564 0.9583233 0.2261585 0.9734864 0.9995289 0.82965624 0.20313762 0.9966878 0.9995831 0.0021200415 0.9999451 0.999665 0.26112002 0.74582225 0.99903804 0.00014560128 0.99786824 3.111877e-06 8.301686e-08
0.02220172 6.414985e-19 0.99709517 0.19353834 0.11185091 0.070238166 0.67058396 0.36497626 0.8068898 0.0066289064 0.02782342 0.07583329 0.0044822507 0.002609274 4.129601e-05 0.0042580953 5.4224012e-05 1.2928483e-05 0.00035515934 2.7739426e-07 0.024458708 9.385801e-07 0.0077612787 3.6328533e-05 3.5945325e-06 2.0083992e-06 0.00024335005 2.7762119e-06 0.044877443 0.00032930286 0.0071243364 3.4121233e-06 9.054572e-06 2.2909944e-06 1.059619e-05 9.630933e-06 1.6587736e-06 3.2125636e-06 1.7067166e-06 1.057699e-06 2.564603e-06 1.3835471e-06 0.0015833015 0.0008661308 0.014822048 4.7218655e-06 9.480737e-07 2.2623285e-06 0.00021145299 0.016688105 9.76906e-08 8.618478e-06 0.013391531 3.2067815e-06 8.4823006e-07 0.002716071 4.3617415e-08 9.916681e-07 4.636926e-06 3.8245027e-08 1.5180106e-05 1.8698344e-07 0.0052570505 1.5010265e-05 5.1380476e-07 1.9129446e-07 3.909583e-06 5.432056e-06 1.5495338e-07 4.380574e-07 2.0375594e-06 1.1318008e-07 0.0005226947 1.9338418e-06 1.9162916e-07 5.802341e-06 0.0004918535 4.3046634e-07 3.688606e-05 2.1218646e-06 8.458208e-06 3.4218458e-05 3.562676e-05 0.02856522 2.1095107e-06 0.008875386 0.14563268 0.00043352574 1.5266525e-06 0.0013268436 0.11145932 1.8793265e-06 4.3478234e-05 0.0004346781 1.3214955e-05 1.0350354e-05 0.0011926196 1.2635951e-06 0.0010864756 8.881307e-07 4.0006817e-08
0.005736966 0.99709517 9.926177e-19 0.08171314 0.41181082 0.2915521 0.18031411 0.10798195 0.22148794 0.005642071 0.43198618 0.01638802 0.24887475 0.036657386 0.00049495936 0.0012431291 0.00023906372 1.5528372e-05 0.0025192362 6.230393e-07 0.0035618066 8.202555e-07 0.0008477421 3.1041127e-05 0.00024004931 2.5050138e-05 9.188344e-05 6.21947e-07 0.0035896979 0.000109253095 0.0032927427 5.174525e-07 5.276697e-06 1.8044941e-06 5.164254e-06 1.7668569e-06 9.0307566e-07 4.3688257e-07 1.1841455e-06 2.4064076e-07 3.8785743e-06 3.163178e-07 0.00016794156 7.589735e-05 0.0025287345 3.9369354e-07 2.7740802e-07 2.5146142e-07 4.0722905e-05 0.01746127 9.124838e-08 3.5020872e-07 0.00344313 4.913024e-07 2.0482268e-07 0.0010751683 2.9378176e-08 5.2825e-07 2.015533e-06 2.0887112e-08 4.688116e-07 1.556308e-07 0.0021172017 1.0258207e-05 2.1016781e-07 3.2702662e-08 1.6972959e-06 4.0800282e-06 1.4219696e-08 6.63848e-08 6.463707e-08 3.989853e-08 8.617004e-05 3.8534276e-07 6.4750225e-08 1.8393777e-06 0.00012377756 1.1177598e-07 4.492549e-06 2.514348e-07 3.754653e-06 8.461254e-07 1.2742444e-06 0.022303533 3.0493168e-06 0.011873532 0.038816832 2.8347924e-05 1.891097e-08 7.9169375e-05 0.020846575 5.6854436e-08 1.0924137e-05 7.939098e-05 1.08946416e-07 4.5790944e-08 5.4489945e-05 9.617949e-09 6.0935352e-05 1.4642702e-08 2.4784375e-09
0.002282818 0.19353834 0.08171314 7.044623e-19 0.00030845936 0.00022350658 0.007856193 0.00035387438 0.1299105 0.9975457 0.00022955655 0.00028872254 9.7795346e-05 4.2123775e-06 5.8393507e-06 1.4769212e-05 1.736929e-05 5.7416155e-06 7.660606e-05 1.2500142e-06 0.0016655939 9.886719e-07 2.4354937e-05 2.206426e-06 1.8151582e-05 4.310569e-06 3.5648357e-06 1.6121542e-06 0.003991085 4.6369638e-05 0.009446641 1.5124666e-06 7.5054586e-06 6.603572e-07 2.7484293e-07 2.2552123e-05 1.8385965e-05 2.7444332e-06 1.8726159e-06 1.6033778e-06 2.7560448e-06 1.9606493e-06 6.7962996e-05 0.00033590663 0.009991395 7.2002626e-07 4.469558e-06 1.1238765e-06 4.4041053e-06 0.5130994 2.6450925e-07 1.5751054e-07 0.0013615454 7.4650334e-06 9.1783384e-08 0.0026383335 2.0119502e-07 6.1908017e-06 4.781427e-06 1.6732454e-07 5.6153783e-07 8.090384e-06 0.002523283 6.956926e-05 2.23817e-07 5.9030776e-07 3.0129636e-06 1.48631325e-05 1.979959e-07 2.1480122e-07 4.9383385e-07 6.5730677e-07 1.061154e-05 3.6872884e-06 7.084331e-08 3.0785952e-06 0.0009976509 2.9044344e-07 1.9228912e-05 2.2448621e-06 2.2646416e-05 2.9622772e-06 4.0998502e-06 0.022461334 2.3531945e-06 0.011135881 0.0129411025 0.00035345717 2.4016444e-08 5.9344846e-05 0.01596542 2.3376634e-07 4.6250477e-07 1.1153373e-05 4.973991e-07 4.2316834e-08 0.00018434624 1.880942e-08 2.848399e-05 1.764083e-07 1.8577559e-08
0.05095308 0.11185091 0.41181082 0.00030845936 6.1400273e-18 0.9905642 0.42009947 0.6399142 0.14539517 6.60322e-05 0.7409461 0.22385195 0.43304536 0.72762173 0.2888055 0.34267485 0.058936846 0.0031306406 0.035646874 0.009026951 0.012662776 0.0021294223 0.05949259 0.008352424 0.00096644013 0.00027463818 0.009966311 1.0918856e-05 0.0021129928 0.0055530868 0.0015310221 1.1478308e-05 0.00028006162 4.2490792e-05 0.0035218631 2.7575972e-05 1.1047697e-06 1.1770646e-06 3.7011484e-06 3.489189e-07 1.1421593e-05 4.1772313e-07 0.0032887885 0.0011423964 0.005731273 4.411257e-07 7.876728e-07 2.733365e-07 0.0007635472 0.0025296425 8.814911e-08 1.1328376e-07 0.0077574817 5.4908693e-08 6.730377e-08 0.002499136 1.0191708e-08 2.594762e-08 5.231496e-06 2.4405244e-09 5.422768e-07 2.7775122e-06 0.0053385585 2.5790148e-06 7.0877473e-07 1.2786996e-08 2.1554015e-07 9.121946e-07 2.3248605e-08 1.0593697e-08 2.4266532e-07 1.6191834e-08 0.0006711585 3.2597123e-07 2.3975812e-07 9.3012744e-07 0.0006948823 4.5929763e-08 3.051839e-06 5.7725753e-08 7.219729e-07 1.1106569e-06 2.7029237e-06 0.008170348 1.299796e-07 0.004934361 0.052510127 0.0008103955 4.389642e-08 0.0023835688 0.01533282 1.5710893e-07 0.00066200615 0.0011497318 9.574466e-08 1.218951e-07 0.0010674592 4.9606815e-08 0.0008849084 1.5558895e-07 3.89015e-08
0.07598607 0.070238166 0.2915521 0.00022350658 0.9905642 1.6679814e-18 0.29176882 0.57971865 0.09369418 3.5474397e-05 0.7145247 0.16598709 0.44612542 0.7872602 0.39049104 0.35669753 0.12014913 0.009418207 0.04997169 0.015091169 0.009236523 0.0079119215 0.05012874 0.012037261 0.0010046862 0.00041451454 0.014691562 9.065306e-05 0.0023576345 0.0052815587 0.0010412217 7.493711e-05 0.0013230676 0.000191497 0.008424908 0.00013149189 4.638656e-06 2.783398e-05 2.8197066e-05 2.6499595e-06 0.00021901264 1.026513e-06 0.0057060113 0.0009455574 0.0040178234 3.2448045e-06 2.3071402e-06 7.923848e-07 0.0014333423 0.0009876556 1.214676e-07 5.6393833e-07 0.0077643325 2.0337765e-07 2.4743636e-07 0.0019410719 2.5583276e-08 1.2230008e-07 2.0403859e-05 3.8926493e-09 4.1006597e-06 3.3366373e-06 0.0032052286 3.5835592e-06 9.604851e-07 1.511587e-08 3.5202223e-07 1.7879826e-06 3.61942e-08 1.9016156e-08 3.2033964e-07 2.8412837e-08 0.0010580024 4.3075298e-07 1.5327481e-07 3.5297646e-06 0.0011352522 1.1707857e-07 7.3002047e-06 1.5681911e-07 1.1918382e-06 2.7876893e-06 6.7825954e-06 0.0060073426 4.482032e-07 0.0040739477 0.042070154 0.0014502541 4.239781e-07 0.0022400932 0.014523629 1.6623693e-07 0.0010937331 0.0023404532 1.0078015e-06 1.4376697e-06 0.0014317774 6.524065e-08 0.001098183 1.7511195e-07 2.2569969e-08
0.34841165 0.67058396 0.18031411 0.007856193 0.42009947 0.29176882 2.8273288e-17 0.9685864 0.93150574 0.011393466 0.068512574 0.9204521 0.009728893 0.02282255 0.006963477 0.28130272 0.00234053 0.0009879391 0.00083896535 0.00022912154 0.75116634 0.00011772241 0.34400803 0.00010155219 0.00012992279 5.138778e-05 0.04472685 1.8503342e-05 0.08478084 0.04701967 0.008248785 2.095612e-05 0.00043049143 3.807441e-05 0.0030411012 3.819661e-05 1.09857665e-05 1.7616034e-05 2.6130703e-05 3.5600624e-06 5.8780064e-05 7.267328e-06 0.019112924 0.010806202 0.034940455 2.5425882e-06 6.3019324e-06 1.3129741e-06 0.003932628 0.0043943343 2.8655027e-06 7.7703936e-07 0.031804968 2.0326122e-06 1.7976495e-06 0.009265721 6.497976e-07 1.4691632e-06 4.7798567e-05 9.84215e-08 3.3701203e-06 1.6671227e-05 0.01301932 7.41789e-06 1.926405e-06 4.922547e-08 3.58607e-07 1.3555361e-06 1.2190377e-06 2.917883e-07 3.0457857e-06 5.99299e-07 0.0018098103 4.9263576e-07 1.4262723e-06 2.7737983e-06 0.00015148096 8.1367745e-07 2.7422097e-06 3.6423168e-07 1.4020751e-06 8.5042103e-07 1.2313106e-06 0.009275039 4.1824015e-07 0.0048065456 0.013732962 0.00012404523 3.1509764e-08 0.0058323666 0.0069451663 7.551735e-07 0.00019036116 0.00075502205 4.1919666e-08 2.7641929e-07 0.0019389165 1.0726038e-06 0.00030053817 2.6592302e-06 1.9417206e-07
0.36196387 0.36497626 0.10798195 0.00035387438 0.6399142 0.57971865 0.9685864 3.8829397e-18 0.3695181 0.0004577484 0.17754991 0.975468 0.040717144 0.13688017 0.06551165 0.5721304 0.009223837 0.0016568946 0.010424268 0.0014436442 0.5314969 0.0010785173 0.3832981 0.0010546759 0.0011143694 0.00021739844 0.09243759 7.05537e-05 0.020958126 0.05874628 0.0019936215 9.726526e-05 0.0003951214 4.8516313e-06 0.005476656 0.00018477676 1.0921616e-05 2.256232e-05 1.3964019e-05 4.391422e-06 3.3794364e-05 1.5530091e-05 0.04767855 0.014976857 0.019235626 8.6991923e-07 1.3849925e-06 8.3415455e-07 0.0014897936 0.00090694847 1.601281e-06 2.4803597e-07 0.01698122 8.3812563e-07 3.3494905e-07 0.0024903184 2.5493657e-07 1.5441408e-07 1.4467743e-05 1.08316534e-07 1.5053422e-06 6.7641727e-06 0.005199876 1.6257004e-06 1.0904439e-06 2.453309e-08 1.2099727e-07 6.431086e-07 2.1962599e-07 4.031506e-08 8.2103503e-07 2.5535024e-07 0.0011049215 1.5653104e-07 5.1008647e-07 7.028782e-07 0.00011570227 4.31689e-07 3.412476e-07 4.7053337e-07 2.5150987e-07 2.3733034e-07 7.664859e-07 0.0045033745 5.223442e-07 0.003006712 0.02373914 0.00018866209 3.73318e-08 0.004793515 0.009338326 1.084584e-06 0.000103492624 0.00035744478 4.7764495e-08 1.6129715e-07 0.0011468069 3.2481455e-06 0.00019793314 5.630522e-07 8.580956e-08
0.52221304 0.8068898 0.22148794 0.1299105 0.14539517 0.09369418 0.93150574 0.3695181 1.6083352e-17 0.17064737 0.01650798 0.39177737 0.0009527544 0.00051406067 0.00046024827 0.0199957 0.0006070928 0.00016883135 3.0384093e-05 9.087401e-06 0.9678975 4.570509e-06 0.11409586 1.8729294e-05 1.8497627e-05 8.8164425e-06 0.013495005 1.0529985e-05 0.86012185 0.023426937 0.33242777 4.1180956e-06 4.5609184e-05 1.7688075e-06 0.00035600472 0.00021504832 1.1432588e-05 6.2114113e-06 6.8660033e-06 4.2440793e-06 1.6111053e-05 1.6970272e-06 0.014123026 0.00726884 0.24780677 4.779813e-06 1.1465115e-05 1.3419996e-06 8.258284e-05 0.087207034 4.367928e-06 7.5477465e-07 0.14123712 1.6565319e-06 3.4374425e-06 0.054535557 1.179557e-06 3.272978e-06 1.1940522e-06 2.3749404e-07 3.6520994e-06 3.9322862e-07 0.035087932 5.588354e-06 5.6680676e-07 3.849688e-07 2.0616197e-07 2.0068005e-06 1.7028375e-06 3.523156e-08 1.5600936e-06 1.3160164e-06 0.0005025882 9.71985e-07 2.7056663e-07 9.611353e-06 4.421897e-05 3.8620402e-07 5.559511e-06 4.7650232e-07 1.9180595e-07 2.0115888e-06 5.8471386e-07 0.07042541 1.444598e-06 0.023565711 0.114756234 0.00022235975 8.9986285e-09 0.008556357 0.043935638 5.297521e-06 7.5462216e-05 0.00041269968 1.0527434e-07 7.8760894e-07 0.001345012 9.981143e-07 0.000102477 1.2642677e-06 5.8802456e-08
0.0011174268 0.0066289064 0.005642071 0.9975457 6.60322e-05 3.5474397e-05 0.011393466 0.0004577484 0.17064737 1.3326753e-17 3.8389102e-05 0.00035409667 1.0157713e-05 4.427921e-06 2.271599e-06 0.00017543366 4.5509685e-05 1.3966869e-05 1.8486515e-05 9.725079e-07 0.0014705285 2.610202e-06 0.0008832327 1.1260996e-06 1.0009329e-06 4.7572087e-07 0.00011214473 8.203584e-06 0.032260675 0.0003559076 0.09272599 1.7417035e-06 0.00010979708 9.635582e-06 5.1613147e-06 1.9455909e-05 2.9167699e-05 2.9121866e-05 2.4973095e-05 2.626127e-06 0.00025651563 1.2580101e-06 0.0016296186 0.001041235 0.019958796 1.546307e-05 4.383268e-06 2.7623483e-07 0.0002451497 0.9763199 6.663563e-07 3.3451397e-05 0.0039404556 6.5425756e-06 8.4487425e-08 0.0042870743 2.2206665e-08 2.2058968e-05 0.0001350155 1.33596965e-08 4.498253e-05 1.3264994e-05 0.0033542824 5.0097722e-05 1.1784704e-07 5.6219847e-07 6.338694e-06 6.464981e-05 6.524973e-08 3.4942587e-08 4.2094815e-08 1.2574469e-07 0.0022052072 1.254236e-05 9.881162e-08 5.6334604e-05 0.0015233061 4.4867835e-07 0.00013858278 1.4559586e-06 9.360781e-05 6.659542e-05 6.424306e-05 0.020368865 1.1756814e-06 0.0061916555 0.003096207 0.0008977908 4.2665067e-07 0.003712183 0.0032147183 1.7546266e-07 1.8188979e-05 0.00058498833 2.1996348e-05 2.5356447e-05 0.0021960894 3.8510084e-08 0.00042272074 1.268534e-07 2.4937073e-08
0.017629692 0.02782342 0.43198618 0.00022955655 0.7409461 0.7145247 0.068512574 0.17754991 0.01650798 3.8389102e-05 1.4017565e-16 0.030817924 0.9829728 0.7378086 0.2611652 0.018352129 0.008608499 0.0006572213 0.1346057 0.008889362 0.0020393645 0.00088436925 0.0027143878 0.024708187 0.0038200235 0.00097251777 0.00026866482 8.951729e-06 0.0009086687 0.00017178619 0.00081586954 7.4660798e-06 3.0093724e-05 1.027934e-05 0.00018872184 6.8183595e-05 1.4978255e-06 2.4411197e-06 2.293644e-06 1.8647034e-06 3.8046476e-06 1.4610843e-06 0.0009848457 0.00036463398 0.0047110845 6.76917e-07 2.970875e-06 3.001104e-07 0.0010773432 0.0042142705 2.924254e-07 5.018245e-07 0.007928237 2.4312004e-07 1.1983055e-07 0.004073528 1.1765449e-08 1.199482e-07 4.2898223e-06 4.798555e-09 4.894556e-07 9.2293135e-07 0.006088876 8.685378e-06 2.153195e-07 7.066959e-09 7.079938e-07 4.9972155e-06 6.024536e-09 1.4172337e-08 6.981899e-08 4.215562e-09 0.0007667909 1.1930255e-06 1.2999001e-07 7.6194544e-07 0.0015340075 2.361044e-08 6.6874086e-06 1.6932403e-07 5.9763333e-06 4.8804727e-06 1.335345e-05 0.014362167 1.7504364e-07 0.00970709 0.07982767 0.00014583752 1.0100328e-08 0.00077783765 0.034692325 6.7509994e-08 0.0002362184 0.001228829 5.0693107e-08 1.05303656e-07 0.0008174276 3.7382677e-08 0.0006495597 3.9052047e-08 1.0953246e-08
0.7421491 0.07583329 0.01638802 0.00028872254 0.22385195 0.16598709 0.9204521 0.975468 0.39177737 0.00035409667 0.030817924 3.6655546e-17 0.009317313 0.025419794 0.015973281 0.88304526 0.007818347 0.0024693662 0.0016671523 0.0008231028 0.81171346 0.00091218646 0.82131696 0.00055269606 0.00022645044 0.00018491692 0.39393237 0.00018583426 0.06459523 0.33108452 0.0038964648 8.200498e-05 0.0019533625 8.4776104e-05 0.06502577 6.50793e-05 1.974602e-05 2.2568409e-05 2.8768536e-05 2.30515e-06 0.00024571587 1.0427256e-05 0.108120576 0.10324951 0.05647148 2.9344321e-06 2.3268638e-06 6.035699e-07 0.04939472 0.0014628704 1.6582088e-06 1.7140014e-06 0.056534268 7.2299053e-07 1.2318192e-06 0.024539126 1.5393094e-07 6.0654963e-07 3.967057e-05 4.5511612e-08 4.337542e-06 2.6490561e-05 0.026545094 1.8508044e-06 1.621738e-06 1.1700133e-07 1.0756672e-07 7.204281e-07 3.0177154e-07 5.2588568e-08 1.7443865e-06 7.373761e-07 0.01418677 2.1936786e-07 1.0449639e-06 8.774046e-07 0.0009193464 1.5299755e-06 1.5589959e-06 3.918222e-07 5.953224e-07 7.455517e-07 8.059291e-07 0.022672495 3.5781994e-07 0.014501836 0.032818314 0.0014873024 8.532598e-08 0.026305163 0.019520892 1.0058437e-06 0.0018205005 0.0043804557 5.012135e-08 1.1820987e-06 0.0062076426 3.664607e-06 0.0026220358 3.5455575e-06 3.5278245e-07
0.008166656 0.0044822507 0.24887475 9.7795346e-05 0.43304536 0.44612542 0.009728893 0.040717144 0.0009527544 1.0157713e-05 0.9829728 0.009317313 9.341764e-19 0.72564703 0.29652897 0.006769979 0.012482554 0.0010760596 0.58171463 0.059225198 0.0010143904 0.023255965 0.00030750802 0.22274359 0.106538236 0.035455942 6.429075e-05 7.002281e-05 0.0001720636 7.6580356e-05 0.0003282653 0.00016025019 4.1879335e-05 1.9396182e-05 6.9437025e-05 0.0015348342 2.6857567e-06 4.6538585e-06 2.7847211e-06 5.2005353e-06 1.9158192e-06 5.257333e-06 0.0003022902 0.00010636734 0.001266254 1.353761e-06 4.873664e-06 5.7385023e-07 0.00012792254 0.0039040486 1.6043857e-06 2.3440303e-07 0.0023071803 8.827004e-07 2.5816615e-07 0.0020393813 6.3773484e-08 3.218585e-07 1.2131819e-06 3.6423913e-08 7.964246e-08 2.898159e-07 0.001772314 2.0715963e-05 3.9777964e-07 1.1518095e-08 1.9417014e-06 2.7368121e-06 2.2492616e-08 8.2368935e-08 1.6048531e-07 2.2093946e-08 0.00023985958 2.1273333e-06 1.9628149e-07 5.3724455e-07 0.0010212725 7.3679445e-08 5.490812e-06 3.0929988e-07 2.308417e-06 2.24318e-06 3.2555854e-06 0.005262016 2.5598493e-07 0.0033675074 0.019031452 2.3965003e-05 3.0164002e-09 0.00042114116 0.0040183063 7.742244e-08 8.1623686e-05 0.00031237229 2.037021e-08 2.5737297e-08 0.00014708455 6.151359e-08 0.00032566846 4.277843e-08 2.3201252e-08
0.15753858 0.002609274 0.036657386 4.2123775e-06 0.72762173 0.7872602 0.02282255 0.13688017 0.00051406067 4.427921e-06 0.7378086 0.025419794 0.72564703 5.4280538e-17 0.9838844 0.14898843 0.27976495 0.048487455 0.4265035 0.35260612 0.0016539173 0.3372476 0.010581448 0.33359888 0.04044962 0.015945451 0.006290969 0.0035731085 0.0002976899 0.0014916199 0.00043540975 0.0021213663 0.00353908 0.0014458033 0.01606606 0.013324911 9.2566755e-05 0.0005650921 0.0004670118 0.00010036619 0.0010962104 8.543371e-06 0.002058889 0.00043118373 0.0014813647 1.9304744e-05 6.646295e-05 3.1946434e-05 0.00017645316 0.0007792951 2.2834005e-05 2.9502585e-06 0.0026963009 7.0559718e-06 6.1812443e-06 0.0010980258 8.8907217e-07 3.4091247e-06 5.7928508e-05 2.6254847e-07 5.354878e-06 7.684375e-06 0.0017251315 9.93056e-06 3.3743459e-06 2.6371874e-08 5.4832424e-07 5.422729e-06 2.6343307e-07 1.14306914e-07 1.4178029e-06 1.199426e-07 0.00023225938 1.0331454e-06 6.479912e-07 4.780547e-06 0.0013344011 1.9652762e-07 3.8201833e-06 4.0198984e-07 7.826739e-07 2.0554073e-06 3.0496337e-06 0.0017472914 3.48774e-06 0.0007699767 0.014567282 0.00045168196 1.688968e-07 0.0013064666 0.0037723714 7.8872677e-07 0.00028582674 0.00055625825 1.1485891e-06 2.1076364e-06 0.00060734304 2.9885942e-07 0.0014912621 3.0904602e-07 1.1119122e-07
0.2628022 4.129601e-05 0.00049495936 5.8393507e-06 0.2888055 0.39049104 0.006963477 0.06551165 0.00046024827 2.271599e-06 0.2611652 0.015973281 0.29652897 0.9838844 3.4438513e-17 0.38280454 0.78121066 0.40124154 0.26515794 0.6230147 0.0015049259 0.63272816 0.017374037 0.32354248 0.017021583 0.012944182 0.027391475 0.05766859 0.00021512709 0.0045318673 0.00016412004 0.012106683 0.028940732 0.009738181 0.13692693 0.012837572 0.0006341706 0.0027402597 0.002862034 0.0008964082 0.00730883 3.3132786e-05 0.008782469 0.0010638656 0.0010359894 0.00058021396 0.00031955683 3.4830584e-05 0.0011274134 0.000120507575 0.0001352111 4.7286634e-05 0.0048104892 9.772263e-05 2.4947361e-05 0.0006100667 1.7187499e-06 1.5332307e-05 0.000296034 3.6165375e-07 2.8013437e-05 9.3212286e-05 0.0012548295 1.7662835e-05 1.2036135e-06 2.3242501e-07 4.629448e-07 7.330623e-06 4.467152e-07 1.4224774e-07 7.5007034e-07 3.600933e-07 0.0004693832 2.5449049e-06 2.5976823e-07 2.6880884e-06 0.0013440328 3.733303e-07 6.472628e-06 7.7634684e-07 2.7020214e-06 2.6375246e-06 2.9111936e-06 0.0017682806 1.6971251e-07 0.0009358755 0.008926743 0.0007192717 4.6284253e-08 0.0034114064 0.0011621722 8.795664e-08 0.0003684977 0.0004079402 7.1188715e-08 5.923266e-07 0.0008834172 2.9051808e-08 0.001324153 2.6207703e-08 2.905962e-08
0.91816926 0.0042580953 0.0012431291 1.4769212e-05 0.34267485 0.35669753 0.28130272 0.5721304 0.0199957 0.00017543366 0.018352129 0.88304526 0.006769979 0.14898843 0.38280454 3.145042e-17 0.44538504 0.41020226 0.010126179 0.122007705 0.22061817 0.14466703 0.89942306 0.012316896 0.00070550805 0.0002628495 0.88205886 0.02226591 0.0022053774 0.58591306 0.0010256999 0.004456723 0.082774 0.013892279 0.84202254 0.008421213 0.00379855 0.003614774 0.0037247348 0.00043772647 0.018530412 0.00013601658 0.33336008 0.1710004 0.009505295 0.00021877883 0.00017862661 3.9067043e-05 0.26359773 0.00012774066 2.9208313e-05 1.2651247e-05 0.008119137 1.7141852e-05 0.00023738277 0.003991744 4.634252e-06 7.2905273e-06 0.00054504443 2.7604876e-06 3.7809161e-06 0.0009633938 0.008546714 2.6453601e-05 3.9389146e-05 3.6765454e-07 9.873594e-07 4.924099e-05 1.5415548e-06 8.583981e-07 9.266193e-06 1.3418382e-06 0.12438045 1.48702065e-05 2.798333e-06 5.86718e-07 0.02067141 6.4212777e-06 4.830588e-06 7.3067804e-06 7.794319e-06 2.0772077e-06 2.9682865e-06 0.013171623 1.8768961e-06 0.006135787 0.025823131 0.0016403508 1.9678022e-07 0.0764979 0.016058685 8.788362e-06 0.006240137 0.022593938 6.802985e-07 2.029544e-06 0.029508013 1.5284699e-05 0.0057034846 1.0858653e-06 6.5025694e-07
0.52618706 5.4224012e-05 0.00023906372 1.736929e-05 0.058936846 0.12014913 0.00234053 0.009223837 0.0006070928 4.5509685e-05 0.008608499 0.007818347 0.012482554 0.27976495 0.78121066 0.44538504 4.501212e-19 0.9917667 0.05202938 0.5631465 0.0018054618 0.7060514 0.027218342 0.15580907 0.0038046571 0.009777991 0.09987466 0.25464883 0.0008361757 0.015553993 0.00017010554 0.07070518 0.13442422 0.21358052 0.4081142 0.02866048 0.04585485 0.039080396 0.027353585 0.012512916 0.041089267 0.0014262274 0.07121018 0.0041792 0.0017107556 0.0051821237 0.008465622 0.0039048218 0.018806625 0.00017944103 0.0029915404 0.001941768 0.0028636123 0.0019701696 0.0049255975 0.001775502 0.00032700266 0.0010598686 0.0018890281 2.778131e-05 0.0007848026 0.0015172175 0.0017460902 0.00011344751 1.0345084e-05 9.338231e-05 6.1154215e-06 0.00012181963 6.236243e-05 2.9036603e-06 1.2878546e-05 3.752371e-05 0.01036437 3.120622e-05 5.45929e-06 3.15237e-05 0.015334282 1.687479e-05 3.4384244e-05 6.25635e-06 4.9768383e-05 1.5210264e-05 1.485116e-05 0.0018503979 1.5001764e-07 0.0013488411 0.0056699202 0.0017151559 1.4468887e-07 0.0132497605 0.0012361943 4.972597e-07 0.0022467866 0.0049953787 2.1626366e-07 5.2325036e-06 0.0017968457 6.459194e-07 0.0033616272 1.9837013e-07 3.2175905e-07
0.5766848 1.2928483e-05 1.5528372e-05 5.7416155e-06 0.0031306406 0.009418207 0.0009879391 0.0016568946 0.00016883135 1.3966869e-05 0.0006572213 0.0024693662 0.0010760596 0.048487455 0.40124154 0.41020226 0.9917667 1.7914355e-19 0.006434034 0.211205 0.0013379888 0.42239618 0.013201617 0.038833465 0.0003938177 0.0015890027 0.05269867 0.18711579 0.00043780627 0.011660345 5.776907e-05 0.026905961 0.71117383 0.28387138 0.7076305 0.004104526 0.0193318 0.021905083 0.027159935 0.005144923 0.062427457 0.00038557992 0.07891307 0.005970173 0.0014261357 0.0056892624 0.004379094 0.00073997426 0.052766167 4.0145653e-05 0.0010481824 0.0019160149 0.0025717916 0.0005228501 0.003049922 0.0011074475 0.00013995504 0.000111051726 0.0047492273 9.5882915e-06 0.0011759893 0.0038136407 0.0014237901 0.00013392048 2.9447547e-06 1.0487472e-05 5.247881e-06 8.9581976e-05 1.06644275e-05 2.8104564e-06 2.4811277e-06 7.4559116e-06 0.021371001 7.267013e-05 2.9936774e-07 2.5176594e-05 0.06432904 8.371044e-06 6.5121145e-05 9.3577637e-07 5.0779407e-05 3.815583e-05 3.544626e-05 0.0038764335 1.6086719e-07 0.0019317957 0.008375181 0.008511303 1.5582276e-06 0.025149934 0.0025077662 2.9324866e-07 0.0076310146 0.012047339 6.537608e-07 8.633788e-06 0.003282304 1.1248674e-06 0.012548486 3.386235e-08 1.790681e-07
0.0039556534 0.00035515934 0.0025192362 7.660606e-05 0.035646874 0.04997169 0.00083896535 0.010424268 3.0384093e-05 1.8486515e-05 0.1346057 0.0016671523 0.58171463 0.4265035 0.26515794 0.010126179 0.05202938 0.006434034 7.262534e-19 0.41962963 0.0005971819 0.33688876 0.00062110147 0.9667726 0.6840225 0.35546237 0.0003953962 0.021002699 0.00015084709 0.00012123412 0.0009150547 0.036180247 0.00076184707 0.0007982531 0.0004727191 0.071240224 0.00047247732 0.0005243434 0.00023034604 0.0012589048 5.9214195e-05 0.0016947824 0.00038185206 0.00010727523 0.0015347522 0.0001731827 0.00035114982 3.4760764e-05 8.7504144e-05 0.0048945844 6.595447e-05 4.2816213e-05 0.0022231918 3.4307304e-05 4.7308217e-06 0.0024473565 5.2384826e-07 9.016854e-06 1.1550761e-05 1.8484964e-07 1.1156262e-06 4.3537552e-06 0.0017248141 0.00011228342 2.273041e-05 4.5493326e-07 1.8697e-06 1.0482892e-05 5.1171845e-08 5.2009244e-07 9.706251e-07 3.2035703e-07 0.0003488216 1.4424168e-05 2.3311684e-06 1.0157592e-06 0.0021718564 5.3112376e-07 1.8988927e-05 6.125049e-07 1.0174398e-05 9.147676e-06 7.160754e-06 0.00059921166 6.3888143e-07 0.00020953672 0.0024667748 0.00017925547 3.4373045e-08 0.00032251034 0.00046355557 1.8181095e-06 0.00014885212 0.0007707117 6.799486e-08 7.361241e-07 0.00015380364 4.6192827e-07 0.000876445 2.7775852e-07 6.981483e-07
0.027334502 2.7739426e-07 6.230393e-07 1.2500142e-06 0.009026951 0.015091169 0.00022912154 0.0014436442 9.087401e-06 9.725079e-07 0.008889362 0.0008231028 0.059225198 0.35260612 0.6230147 0.122007705 0.5631465 0.211205 0.41962963 9.938638e-20 0.000106307394 0.9890223 0.0034501592 0.6153864 0.06461484 0.087257296 0.0061276844 0.45762342 1.7554352e-05 0.0013221303 2.893296e-05 0.12910107 0.054353565 0.07448976 0.06507737 0.04579067 0.011631513 0.026474541 0.018715845 0.007035167 0.013360571 0.0019059624 0.0017105208 0.00036577656 0.00045355532 0.0012648455 0.0023718842 0.0009559066 8.9429435e-05 3.3311673e-05 0.002195592 0.00021152743 0.0012186478 0.0007677348 0.0005046679 0.00024439266 8.445143e-06 3.736944e-05 0.00046189278 9.51858e-07 2.4413794e-05 0.0001686418 0.0005594345 3.045443e-06 4.9897576e-06 2.1948454e-06 2.5044906e-07 3.2825149e-06 6.3805027e-07 3.6368255e-07 2.5717843e-06 7.384352e-07 0.00022677983 1.5612263e-06 4.7444593e-07 8.8145543e-07 0.0016503973 3.893886e-07 8.076722e-06 5.9704973e-07 8.790093e-07 2.301822e-06 3.909017e-06 0.0005542085 4.9509833e-08 0.00018428946 0.0019549904 0.00018404919 3.0836298e-09 0.0018545919 0.00020694568 3.9623924e-08 5.913158e-05 0.0003272797 6.8861308e-09 2.468318e-07 0.00030143143 8.782685e-09 0.0010406945 1.5976019e-08 6.273772e-08
0.970359 0.024458708 0.0035618066 0.0016655939 0.012662776 0.009236523 0.75116634 0.5314969 0.9678975 0.0014705285 0.0020393645 0.81171346 0.0010143904 0.0016539173 0.0015049259 0.22061817 0.0018054618 0.0013379888 0.0005971819 0.000106307394 3.8604204e-16 0.00011762568 0.86303496 0.0002224287 0.00014414136 9.330682e-05 0.23472817 0.000110064204 0.18734758 0.5353775 0.0369013 9.9097044e-05 0.0006502071 0.00015017446 0.003982109 0.0004619922 1.4822718e-05 2.954641e-05 1.9579411e-05 3.815847e-06 8.066482e-05 7.388453e-05 0.077259496 0.28808123 0.13926518 7.900882e-06 4.5242923e-06 5.5860946e-06 0.023549424 0.0058858376 5.8521787e-06 7.080438e-07 0.12770876 7.846633e-07 6.121624e-06 0.09392575 1.5389857e-06 9.127567e-07 5.0880284e-05 6.833879e-07 2.6261193e-06 3.7046868e-06 0.07017128 9.325091e-06 6.915539e-06 2.2507176e-07 2.8802162e-07 2.663042e-06 2.759569e-06 6.8637803e-07 8.011531e-06 3.651953e-06 0.018640636 8.2154645e-07 2.7368355e-06 1.551204e-06 0.0017669109 1.0224931e-05 3.4629525e-06 3.1851291e-06 8.770775e-07 2.320951e-06 7.535319e-07 0.1467686 2.037915e-06 0.09485788 0.08176256 0.000733768 1.5952094e-07 0.07378164 0.0838244 7.4403133e-06 0.004615714 0.0120989205 4.3112e-07 8.323761e-07 0.028051317 1.7236536e-05 0.00088211737 4.3224863e-06 3.7128714e-06
0.08940572 9.385801e-07 8.202555e-07 9.886719e-07 0.0021294223 0.0079119215 0.00011772241 0.0010785173 4.570509e-06 2.610202e-06 0.00088436925 0.00091218646 0.023255965 0.3372476 0.63272816 0.14466703 0.7060514 0.42239618 0.33688876 0.9890223 0.00011762568 3.2279573e-20 0.0031971002 0.62027085 0.041460194 0.072788306 0.013078397 0.55396444 4.9108552e-05 0.0016760364 3.7529153e-05 0.20190254 0.11294018 0.19489968 0.16865735 0.13358861 0.024658 0.046206333 0.024730232 0.01621513 0.022579854 0.008027921 0.0036007792 0.0007442993 0.0006547692 0.0010486032 0.003195774 0.00306189 0.0005855831 1.7097282e-05 0.0023066832 0.00021348085 0.0018768649 0.0011085438 0.0017068015 0.00065216614 3.219991e-05 9.720675e-05 0.0004348535 4.346872e-06 0.000102289145 0.00022466313 0.0013526579 1.7712611e-05 6.710878e-05 4.30295e-06 1.3497211e-06 4.7875824e-06 1.882044e-06 7.9886615e-07 1.0362789e-05 1.3017628e-06 0.000905124 1.8517703e-06 2.3649902e-06 2.016977e-06 0.0049866135 6.289249e-07 6.8468116e-06 8.1651467e-07 1.8861982e-06 1.9177842e-06 1.6157034e-06 0.0007273888 3.3832183e-07 0.00016539905 0.002971667 0.001366959 2.0792115e-08 0.0031953522 0.00034884055 1.1895812e-07 0.0012308722 0.0009440657 1.4423864e-07 1.383214e-07 0.00075062027 6.8316986e-08 0.0019283069 1.2770283e-07 2.555427e-07
0.93546206 0.0077612787 0.0008477421 2.4354937e-05 0.05949259 0.05012874 0.34400803 0.3832981 0.11409586 0.0008832327 0.0027143878 0.82131696 0.00030750802 0.010581448 0.017374037 0.89942306 0.027218342 0.013201617 0.00062110147 0.0034501592 0.86303496 0.0031971002 2.758075e-17 0.00022664403 9.063414e-05 2.7494383e-05 0.87011135 0.0003402208 0.022604946 0.84593517 0.004701488 6.964175e-05 0.0067474125 0.0012087735 0.05944814 0.0005487766 6.0098348e-05 0.00019093751 0.00015749199 2.7400154e-05 0.0005682701 4.0527833e-05 0.21965246 0.37044567 0.044953287 8.005467e-06 1.4721471e-05 9.408155e-06 0.13646634 0.0005537945 1.1022928e-05 6.1762387e-07 0.042059913 3.1679524e-06 1.1346258e-05 0.029946946 2.8811023e-06 5.803451e-07 7.5314616e-05 1.6947597e-06 1.548003e-06 0.00014161384 0.02825375 1.2817746e-05 4.2187335e-06 3.5465496e-07 5.31294e-07 6.703429e-06 1.55146e-06 3.2702603e-06 4.477613e-06 3.4732452e-06 0.043407798 3.3183649e-06 1.1820943e-06 2.1471561e-07 0.0015669214 1.4277795e-05 1.6738799e-06 8.603647e-06 1.7173586e-06 3.7338654e-07 5.4964624e-07 0.048270285 4.137491e-06 0.024595603 0.0627257 0.0008252935 1.1619128e-07 0.09608788 0.041983716 1.4824571e-05 0.0019068294 0.009637435 9.484929e-08 1.2262541e-06 0.026710002 3.3641783e-05 0.0013367542 7.7525965e-06 2.1064027e-06
0.014162586 3.6328533e-05 3.1041127e-05 2.206426e-06 0.008352424 0.012037261 0.00010155219 0.0010546759 1.8729294e-05 1.1260996e-06 0.024708187 0.00055269606 0.22274359 0.33359888 0.32354248 0.012316896 0.15580907 0.038833465 0.9667726 0.6153864 0.0002224287 0.62027085 0.00022664403 5.7755525e-18 0.5580301 0.54141116 0.00032236797 0.32448426 1.653012e-05 0.00022743345 0.00076496194 0.16645698 0.004025404 0.0055533536 0.0011756854 0.41923085 0.006187063 0.0067248447 0.0017567482 0.012953765 0.0009857736 0.058247697 0.00033044923 0.00017046102 0.0008183717 0.0007713577 0.0018109368 0.00335861 0.00013446169 0.0002650551 0.00051093684 0.00034685511 0.0013255297 0.00012722905 0.00016421195 0.0007078224 8.90292e-06 0.0001262103 5.5112225e-05 3.063348e-06 3.3359196e-05 2.19234e-05 0.0007950288 0.00011403945 0.00039886765 3.5424448e-06 3.5178033e-05 3.07242e-05 7.9642734e-07 1.4330567e-06 3.631707e-05 1.0156758e-06 0.0003360023 6.076031e-06 1.2567647e-05 1.9368159e-05 0.0028278248 6.8234783e-07 5.266278e-05 3.4108873e-06 1.5759093e-05 2.9679171e-05 1.0430458e-05 0.00017291454 1.7315364e-06 5.5689754e-05 0.0031421983 0.00027565312 1.4622782e-07 0.0019909053 0.00036784605 1.5040164e-06 0.00058100605 0.00094819913 5.580341e-07 4.5233087e-06 0.0003878003 4.4258118e-07 0.00090654375 7.355641e-07 4.0270464e-07
0.00031165726 3.5945325e-06 0.00024004931 1.8151582e-05 0.00096644013 0.0010046862 0.00012992279 0.0011143694 1.8497627e-05 1.0009329e-06 0.0038200235 0.00022645044 0.106538236 0.04044962 0.017021583 0.00070550805 0.0038046571 0.0003938177 0.6840225 0.06461484 0.00014414136 0.041460194 9.063414e-05 0.5580301 1.01598976e-19 0.9411954 4.0998955e-05 0.0038685158 4.0970713e-06 2.148711e-05 0.0002414625 0.021377588 2.8283546e-05 0.000105373736 1.1720537e-05 0.09306996 6.730331e-05 6.0291753e-05 1.2901607e-05 0.00041439338 2.8487614e-06 0.01061303 5.8139045e-05 0.000119853816 0.00023671315 9.780938e-06 3.328119e-05 4.440258e-05 0.00023379856 0.00012998798 2.5826144e-05 5.079445e-06 0.000102134065 6.2437794e-06 6.8241916e-06 0.001471232 4.406304e-07 8.64332e-06 5.856338e-06 4.1741765e-07 1.437778e-06 8.6560766e-07 0.000213534 3.4772438e-05 3.0437981e-05 6.2998686e-07 9.3133997e-07 2.630639e-06 1.2773828e-07 3.4939407e-07 5.154406e-07 2.4726842e-07 0.0005188315 2.0329437e-06 2.1542724e-06 8.315088e-07 0.0020932022 4.3852765e-07 7.203309e-06 1.7333313e-07 4.995548e-06 2.9310731e-06 1.534065e-06 0.00044766054 1.73848e-07 0.0001733835 0.00021837048 4.2668977e-05 3.4745384e-09 0.00018849125 5.044506e-05 7.5087655e-08 0.00015756636 0.00033236007 2.0123973e-07 1.591614e-07 0.00055521494 3.816707e-07 7.7633806e-05 1.6269824e-07 2.450537e-07
0.00022665484 2.0083992e-06 2.5050138e-05 4.310569e-06 0.00027463818 0.00041451454 5.138778e-05 0.00021739844 8.8164425e-06 4.7572087e-07 0.00097251777 0.00018491692 0.035455942 0.015945451 0.012944182 0.0002628495 0.009777991 0.0015890027 0.35546237 0.087257296 9.330682e-05 0.072788306 2.7494383e-05 0.54141116 0.9411954 2.5496782e-21 3.2454685e-05 0.034720693 1.618606e-06 3.3813543e-05 0.00010783774 0.116571024 0.00019241232 0.00085400156 1.7176953e-05 0.85355383 0.0024768747 0.0015876181 0.00015821609 0.02208111 7.936307e-06 0.19228822 5.5331147e-05 0.0004136349 0.00016309385 0.00012345277 0.0026169184 0.008126089 0.00019603036 6.6579996e-05 0.0016394453 5.2041498e-05 2.2804299e-05 0.00024084271 0.0008509046 0.00034608657 7.271443e-05 2.3960774e-05 4.455896e-06 4.7896712e-05 3.3992617e-06 9.2521645e-07 4.6332596e-05 3.0099984e-05 0.0023159762 3.6773397e-06 3.609713e-06 1.3854866e-06 3.779842e-06 0.00012150022 0.00019232571 7.667656e-06 0.00047566564 1.3447066e-06 0.0004178226 1.1704736e-06 0.0027965803 1.0005298e-05 6.777268e-06 7.1600307e-06 3.153072e-06 2.0154484e-06 8.944053e-07 5.5708933e-05 6.325074e-07 1.7056178e-05 0.00011341613 4.264953e-05 3.1642309e-09 0.00024269137 6.6238654e-06 1.4628444e-07 3.2078475e-05 0.00013552417 8.824819e-08 2.5673218e-08 0.00031549615 1.7343824e-06 7.587383e-05 3.44169e-06 3.2885778e-06
0.9463498 0.00024335005 9.188344e-05 3.5648357e-06 0.009966311 0.014691562 0.04472685 0.09243759 0.013495005 0.00011214473 0.00026866482 0.39393237 6.429075e-05 0.006290969 0.027391475 0.88205886 0.09987466 0.05269867 0.0003953962 0.0061276844 0.23472817 0.013078397 0.87011135 0.00032236797 4.0998955e-05 3.2454685e-05 1.3071827e-18 0.001351647 0.0068929647 0.9404261 0.0017000345 8.559213e-05 0.014754777 0.004756956 0.5105473 6.357635e-05 0.00038644558 0.00067539304 0.0009597596 2.4781753e-05 0.0057390835 5.606234e-05 0.5427985 0.5393963 0.026627384 4.7435642e-05 1.5402566e-05 9.27086e-06 0.49278426 0.00014988502 9.887855e-06 6.8594127e-06 0.03476127 4.9676464e-06 1.00952775e-05 0.016453598 4.2613815e-06 2.2873137e-06 0.00016129616 1.5078107e-06 3.657823e-06 0.0007960683 0.02368338 1.3342858e-05 1.1051901e-06 8.705283e-07 8.92603e-07 1.8988458e-05 2.448171e-05 1.8015213e-06 3.4585064e-06 1.9338942e-05 0.27448764 1.1770967e-05 7.801677e-07 1.1782753e-06 0.021584768 2.688136e-05 3.0255233e-06 2.2884308e-06 3.2641205e-05 1.5071348e-06 1.8208007e-06 0.029454887 1.0155209e-06 0.019344142 0.12541153 0.005826629 1.0466169e-07 0.20017922 0.04811873 1.4292377e-06 0.020900078 0.093251325 7.236179e-08 3.2564512e-06 0.0658315 5.2653063e-06 0.011544721 1.135448e-06 6.7467096e-07
0.12107293 2.7762119e-06 6.21947e-07 1.6121542e-06 1.0918856e-05 9.065306e-05 1.8503342e-05 7.05537e-05 1.0529985e-05 8.203584e-06 8.951729e-06 0.00018583426 7.002281e-05 0.0035731085 0.05766859 0.02226591 0.25464883 0.18711579 0.021002699 0.45762342 0.000110064204 0.55396444 0.0003402208 0.32448426 0.0038685158 0.034720693 0.001351647 2.8030662e-19 1.1363379e-05 0.00027151336 6.329802e-06 0.98986715 0.22884321 0.3742926 0.16104318 0.31055576 0.5636251 0.37529722 0.25056008 0.22496022 0.024550414 0.024054166 0.0031565668 0.0002693876 0.0001075242 0.013384906 0.05371605 0.033463046 0.001273711 1.5041935e-05 0.017220905 0.0021201912 8.59545e-05 0.005841028 0.027072787 4.6558624e-05 0.0031384847 0.00044274816 0.000981936 0.00071241905 0.001246493 0.0006030757 8.4742234e-05 0.00057610153 0.0013698961 0.00031330762 5.7868656e-05 0.0001739131 0.00011293744 0.00019780594 0.00022262457 9.6943e-05 0.0016215147 0.00014550703 2.1766324e-05 8.89766e-05 0.014965043 5.5413315e-05 0.00031275442 1.962903e-05 5.495939e-05 0.00015145539 9.774555e-05 9.573512e-05 2.413346e-07 1.5102204e-05 0.0005631765 0.0021166818 1.8545138e-07 0.002360941 8.662138e-05 2.1894643e-06 0.0016449031 0.0017426119 6.8985736e-07 2.2992836e-06 0.00042593293 1.8985733e-06 0.0018051406 2.2036997e-07 4.036725e-07
0.62272257 0.044877443 0.0035896979 0.003991085 0.0021129928 0.0023576345 0.08478084 0.020958126 0.86012185 0.032260675 0.0009086687 0.06459523 0.0001720636 0.0002976899 0.00021512709 0.0022053774 0.0008361757 0.00043780627 0.00015084709 1.7554352e-05 0.18734758 4.9108552e-05 0.022604946 1.653012e-05 4.0970713e-06 1.618606e-06 0.0068929647 1.1363379e-05 8.798208e-17 0.022792492 0.9466501 7.578928e-07 0.00016833907 9.095187e-06 2.3283721e-05 3.3154884e-05 2.416741e-05 8.376977e-06 5.0853873e-06 5.428897e-06 1.1975916e-05 1.4336881e-06 0.0076351166 0.05788653 0.96524525 1.4225725e-07 3.560721e-06 2.080729e-06 0.0010115097 0.046412524 5.843844e-07 2.7928781e-08 0.22003862 1.1317528e-06 1.8624888e-06 0.5620939 5.2718804e-07 2.8133698e-07 2.0164405e-06 1.5801861e-07 8.26869e-08 1.9668566e-07 0.1427597 5.7132993e-06 2.5892446e-08 1.02505105e-07 5.3043574e-09 2.564175e-06 7.311774e-07 3.9129215e-08 1.4816443e-07 5.158345e-07 0.0017989274 5.8248696e-07 2.0611165e-07 1.6190113e-07 5.2685187e-05 8.9085887e-07 4.075095e-07 1.3521593e-07 1.2873148e-06 8.629819e-08 2.2144269e-07 0.4841518 2.0778493e-10 0.21510835 0.09636554 2.6571945e-06 4.2243248e-10 0.044241574 0.09374714 2.3913063e-07 1.3669947e-05 0.0012860264 1.1596633e-09 4.7024514e-08 0.02556241 1.575755e-06 9.883858e-06 6.3006105e-08 2.629633e-08
0.97263694 0.00032930286 0.000109253095 4.6369638e-05 0.0055530868 0.0052815587 0.04701967 0.05874628 0.023426937 0.0003559076 0.00017178619 0.33108452 7.6580356e-05 0.0014916199 0.0045318673 0.58591306 0.015553993 0.011660345 0.00012123412 0.0013221303 0.5353775 0.0016760364 0.84593517 0.00022743345 2.148711e-05 3.3813543e-05 0.9404261 0.00027151336 0.022792492 4.9934236e-19 0.0066650994 6.656736e-05 0.007450433 0.0021104214 0.13610493 6.53147e-05 6.583444e-05 0.00013269734 0.00023603938 9.287505e-06 0.002265978 2.0921572e-05 0.5570045 0.83852524 0.04811226 1.6215023e-05 3.177687e-06 5.02501e-06 0.5717483 0.0007756993 3.829686e-06 1.8171839e-06 0.056290552 3.901021e-06 5.910629e-06 0.054329533 1.8974671e-06 6.113576e-07 0.00017754866 1.0211594e-06 1.3664467e-06 0.0002273142 0.0684248 2.470987e-05 5.3623467e-07 2.3531639e-07 6.3950345e-08 2.0232217e-05 7.6015244e-06 1.0418125e-06 1.1721683e-06 2.0003572e-06 0.28279495 9.541542e-06 2.37942e-07 1.3042389e-07 0.0053129783 2.721751e-05 5.059951e-06 1.1468226e-06 1.2402326e-05 3.018143e-06 1.8480249e-06 0.11257666 1.6533004e-07 0.09648445 0.19370674 0.00422428 1.2684953e-07 0.22505662 0.10920542 2.6446955e-06 0.019132605 0.06856712 5.4957834e-08 1.6061371e-06 0.10992494 2.3361723e-05 0.0076925443 1.0743565e-06 5.583679e-07
