1.7755312e-24 0.106887355 0.15396897 0.42311224 0.56314635 0.59149545 0.8338501 0.1753003 0.8937912 0.94380766 0.9396195 0.8436474 0.34318966 0.8933332 0.940412 0.98466647 0.9913462 0.7181028 0.9013574 0.84176654 0.86269885 0.5214843 0.88749886 0.9739601 0.32479122 0.97234344 0.9379036 0.44609907 0.21004379 0.89237106 0.9413834 0.9788436 0.939477 0.79093707 0.89796084 0.0039280457 0.2494183 0.99857086 0.97414994 0.7770615 0.9999905 0.8927359 0.7310183 0.8780178 0.7142961 0.9942814 0.0024561107 0.8333499 0.90909433 0.11196911 0.008709105 0.003149038 0.7962586 0.95584226 0.96440876 0.8965728 0.8165981 0.8961643 0.97199374 0.99978876 0.9916331 0.8736471 0.80792 0.57360786 0.005272774 0.009280148 0.006558053 0.26603684 0.9161408 0.16517377 0.87761277 0.66322553 0.72199935 0.4982067 0.03104526 0.43034855 0.008028178 0.33067718 0.00063227775 0.50716484 0.42827752 0.87749654 0.00042512803 0.041257937 0.36863053 0.0019051437 0.002073333 0.91521156 0.8765587 0.88932014 0.9884491 0.8401922 0.96514845 0.002599337 0.015214008 0.023854017 2.4007915e-05 2.1144533e-06 0.0021581468 0.0018050176 0.99537563
0.106887355 3.8380602e-22 0.99633944 0.9346971 0.5514126 0.8498542 0.43608424 0.06000563 0.25735432 0.22605872 0.0074842237 0.013218082 0.26524147 0.0010293919 1.4882139e-05 0.031905163 0.20774677 3.8791717e-05 0.00054988905 0.00015820673 7.123392e-05 0.00050592347 0.0001934299 0.0054787137 0.0064447257 0.050250113 6.690738e-06 0.00038249374 0.00044296042 0.009557012 0.013868478 0.00032504075 0.0039291005 6.604126e-05 6.5427105e-07 0.00012730334 8.057228e-06 0.008579603 4.6309003e-07 4.6689635e-08 0.021365823 1.352784e-06 9.4434427e-07 8.508607e-07 9.304113e-07 7.319243e-06 4.8516475e-05 3.0847949e-07 7.826037e-09 0.0013201812 6.59285e-05 1.2501363e-05 4.6794213e-08 2.2796212e-05 1.6094543e-07 1.5008254e-08 9.043762e-09 9.7830274e-08 4.4211163e-07 0.00019912592 8.164703e-07 3.9906274e-09 1.00358e-09 2.1184847e-09 7.3294686e-08 9.365339e-06 3.7969196e-06 1.4159087e-06 5.2294205e-08 8.583917e-07 2.391322e-09 1.8157717e-10 1.283555e-08 2.0967564e-06 5.423774e-08 1.33781315e-08 7.0544615e-07 2.6022844e-09 2.4804011e-08 2.3672749e-07 8.131883e-08 4.9912017e-09 6.1292475e-08 1.0093978e-07 0.026504626 1.4715827e-07 8.593781e-08 8.4655305e-09 1.2961783e-06 1.4792175e-05 7.218218e-06 1.08451e-09 7.6992e-08 7.70809e-08 1.7357358e-08 1.0634261e-09 5.1218812e-08 2.4047646e-09 1.4281369e-08 1.4006503e-08 0.009504299
0.15396897 0.99633944 5.7175266e-18 0.8671992 0.63634306 0.4393344 0.30685005 0.040111866 0.3759758 0.22520413 0.0888635 0.071652584 0.02017652 0.007725975 0.00019285009 0.047823556 0.15636814 0.00011188697 0.0022731682 0.00083825877 0.0007375755 0.0048096064 0.00033324366 0.003611142 0.03774014 0.010539395 6.151333e-05 0.005578373 0.010413539 0.00030851466 0.014905214 0.0010603847 0.0036982712 0.0005829931 5.6676486e-06 0.00075951545 0.0015154236 0.005469088 6.6601488e-06 6.4122387e-06 0.012503946 9.304634e-06 1.4997101e-05 1.9801158e-05 1.0879857e-05 6.860717e-05 0.0001229962 7.833814e-06 5.636243e-07 0.00011783305 0.002012886 0.0008083974 3.611886e-06 7.101239e-05 1.1951186e-06 3.4129532e-06 2.2218935e-06 4.0315135e-06 2.3635504e-05 0.00032533196 3.4768556e-05 1.2876463e-06 7.52792e-07 8.83637e-07 3.5977788e-05 0.00082094746 9.49193e-05 0.00013239724 2.0569173e-06 1.6132286e-05 1.3174498e-07 9.8483845e-08 5.7373677e-06 5.8065234e-05 4.108485e-06 6.0408724e-06 2.1685475e-05 3.4697504e-07 8.434361e-07 9.053294e-06 6.4420215e-06 1.9412909e-07 6.3081557e-06 8.2319e-06 0.0054430664 1.3119164e-06 2.7093472e-06 8.4734467e-07 5.7994976e-06 5.0523493e-05 7.114186e-05 5.967275e-09 1.3106945e-06 8.189873e-06 8.864527e-07 5.4822777e-08 4.6882948e-07 7.995448e-08 7.8684775e-07 9.707613e-07 0.0045479992
0.42311224 0.9346971 0.8671992 2.6144698e-19 0.4977606 0.8664141 0.8000251 0.02956111 0.7869601 0.71589595 0.0664345 0.03725166 0.1796025 0.005061011 0.00030466806 0.2921673 0.53347313 0.0004182615 0.015317197 0.0009732856 0.0024474754 0.0030759764 0.0066473912 0.13274159 0.01568809 0.06518554 0.00042243057 0.0024591929 0.0019890484 0.0056440644 0.07049676 0.00616664 0.024936106 0.00026194612 2.5385672e-05 0.00028851116 0.00021904836 0.05821983 1.3730611e-05 2.7632584e-06 0.04615539 4.6070127e-05 1.97454e-05 1.3032963e-05 1.5135985e-05 0.00021975893 0.000112390975 5.27934e-06 1.569936e-07 0.000626459 0.00089589803 0.00017212269 8.6667984e-07 0.00062134 3.9525963e-07 3.9277515e-07 5.575671e-07 8.831324e-07 1.4320614e-05 0.0019498755 8.1455946e-05 9.053863e-08 1.1053635e-07 2.602607e-07 1.2619278e-05 2.773768e-05 1.1549408e-05 4.7326807e-06 6.9150144e-07 4.5116553e-06 6.743741e-08 4.3315563e-08 4.849672e-07 4.1861684e-05 8.503338e-08 3.8046312e-07 3.353967e-06 4.116678e-08 6.888551e-08 1.5228834e-06 2.556252e-06 3.4669753e-07 2.5509516e-07 3.2707435e-06 0.015580471 2.740402e-07 1.3446711e-07 4.3218245e-07 2.9678606e-05 0.00025290865 0.00021913194 1.1528773e-09 1.9072658e-06 1.8924558e-06 1.5491867e-07 4.567676e-08 1.4066092e-07 2.178978e-08 1.6474503e-07 1.928724e-07 0.010569828
0.56314635 0.5514126 0.63634306 0.4977606 3.3389864e-19 0.24623415 0.069528654 0.9715172 0.044350136 0.025943492 0.04221641 0.7036013 0.21439937 0.011645538 0.0020934439 0.014597592 0.071491584 0.002039347 0.0029601622 0.0010452949 0.00087242795 0.009405479 0.0010843815 0.0018402068 0.9040653 0.039706055 5.5740125e-05 0.040322673 0.16778445 0.014294009 0.011356719 0.00014471862 0.0076274816 0.0023858065 9.7622815e-06 0.16242519 0.010566452 0.011043474 1.9021415e-06 5.3460813e-06 0.06354649 3.1118295e-06 4.676192e-06 1.3609994e-05 1.7706133e-06 0.00016252232 0.035799257 2.5561521e-06 2.707739e-07 0.10218847 0.015873805 0.00698593 2.1558753e-06 0.00015667763 3.2455458e-07 1.2296501e-06 1.2830703e-06 1.4043742e-06 5.1452713e-05 0.00041611804 2.4809373e-05 1.1332282e-06 4.4326717e-07 4.930835e-06 0.0003523692 0.0019370702 0.0004482067 3.6650579e-06 7.743009e-07 8.161835e-06 5.787985e-07 7.998068e-07 7.562871e-07 9.101261e-06 5.3047734e-07 5.2332445e-07 1.1066065e-06 1.0921751e-05 8.295529e-06 1.4648757e-07 9.3855414e-07 8.3561e-07 9.655331e-06 4.43765e-07 0.11250842 3.6164062e-07 1.2159532e-07 3.7163784e-06 4.4570393e-06 8.361498e-05 5.1685427e-05 1.6711928e-07 4.4964027e-06 3.8591463e-07 8.181227e-09 1.5467368e-06 8.421457e-08 7.074056e-08 2.0660127e-07 1.2904037e-06 0.045194287
0.59149545 0.8498542 0.4393344 0.8664141 0.24623415 2.254788e-17 0.9636879 0.035302702 0.23132075 0.42093527 0.002250489 0.004069187 0.84750587 0.0008844102 0.00016247599 0.07657843 0.8897383 9.7586366e-05 0.0017447928 0.0002237672 0.00016357597 0.0004550483 0.00094268285 0.0035155076 0.0012596399 0.26292333 6.084755e-05 0.00017572015 0.0002763617 0.031489886 0.011537513 0.00033864664 0.0058968584 1.9051544e-05 1.8039884e-06 0.00072009914 3.7184473e-05 0.014726865 1.5686331e-06 5.8964775e-07 0.06418359 2.334343e-06 1.4073802e-06 1.1118873e-06 4.93864e-07 6.7274127e-06 0.00038881256 4.6997823e-07 8.639784e-08 0.0047608544 0.00011015242 9.170636e-05 2.0710115e-07 0.00010676908 7.6917775e-07 2.6332657e-07 7.643395e-08 7.693472e-07 3.999141e-06 0.00030091387 2.0294077e-05 8.8638544e-08 1.8523387e-08 2.5515573e-07 5.624849e-05 2.1710162e-05 1.0836519e-05 6.114497e-07 4.0160702e-07 1.7872153e-06 3.2373617e-08 3.1644134e-08 5.8297326e-07 5.0717777e-06 7.0906175e-08 5.21697e-07 1.1126681e-06 4.6011505e-07 1.3108709e-06 5.3099814e-07 1.2847994e-06 2.2448202e-07 8.170518e-06 7.610144e-07 0.019439856 8.921528e-07 8.958172e-07 3.0082018e-07 3.3506218e-05 0.00018904336 0.0002038811 2.438744e-08 1.328456e-06 1.0782142e-07 2.8457203e-08 2.7656327e-07 3.5974594e-07 1.2923539e-07 1.6931587e-08 5.3642896e-07 0.033501927
0.8338501 0.43608424 0.30685005 0.8000251 0.069528654 0.9636879 6.1676104e-18 0.0047414275 0.60301936 0.9142586 0.0065172156 0.0045691845 0.23332685 0.0011270494 0.000252975 0.28927287 0.90809554 0.0004141522 0.0069479025 0.00029903723 0.000723274 0.00025545098 0.0032897813 0.022770915 0.0004958232 0.14108026 0.00024268882 0.0002875056 0.00019464438 0.011347159 0.047180727 0.0011286446 0.018034603 3.5128647e-05 1.116229e-05 0.0003931486 6.071649e-05 0.038728144 4.3032987e-06 1.8996292e-06 0.06567821 1.3577441e-05 3.6730044e-06 2.4193778e-06 3.0671633e-06 3.0944713e-05 0.0006514317 2.6588143e-06 1.6611774e-07 0.0029069842 8.692641e-05 0.00011223728 1.0601531e-06 0.0003040579 1.3984148e-06 5.3178974e-07 2.4557636e-07 2.7019234e-06 1.6711994e-05 0.00018503828 6.442676e-05 4.18284e-07 3.9230695e-08 6.863008e-07 0.00022033961 0.00027349754 0.00011574111 6.003857e-06 1.909122e-06 2.695375e-05 2.2437595e-08 6.654657e-08 1.849893e-07 6.2545456e-05 5.3298113e-06 8.5020616e-07 3.4118336e-06 4.5961687e-07 4.3333703e-06 8.041656e-07 1.9837078e-06 4.7356446e-07 1.3347262e-05 1.579125e-06 0.005057703 1.22266865e-05 4.554748e-06 4.740457e-07 7.999602e-05 0.00051861996 0.00044398053 5.6153596e-08 7.37871e-06 3.269618e-06 1.5784947e-07 1.8601829e-06 3.056071e-06 5.824542e-07 1.0976529e-07 1.8538527e-05 0.031724498
0.1753003 0.06000563 0.040111866 0.02956111 0.9715172 0.035302702 0.0047414275 6.2009176e-19 0.0009817942 0.0013173578 0.00053357135 0.0322987 0.066281036 0.00014136461 2.019461e-05 0.00069205766 0.0064208857 7.901364e-06 4.112897e-05 5.4965485e-06 1.692317e-05 0.00024058559 3.856282e-06 2.4266394e-05 0.66032547 0.014713724 6.9108387e-06 0.0013594785 0.02070494 0.008409641 0.0005984938 7.662276e-06 0.00037561147 2.2708007e-05 5.0189847e-06 0.56524646 0.0019221358 0.00067949557 2.8792371e-08 1.3037519e-06 0.01573214 6.434724e-07 2.102103e-07 1.5116794e-06 3.54095e-07 1.2445122e-05 0.20713344 1.296979e-07 4.461477e-07 0.9651418 0.018509677 0.025393322 9.9398356e-08 3.1446666e-06 4.4065987e-07 7.889783e-08 3.4347661e-07 2.804249e-07 9.979068e-07 6.468552e-05 4.3056403e-07 2.1122359e-08 2.5712765e-08 4.201583e-07 0.0010110589 0.00171682 0.0003471785 3.0902774e-07 9.131071e-08 8.7315914e-07 4.7311506e-08 1.4827411e-07 8.70298e-08 5.530311e-06 1.6663396e-08 3.8313607e-07 6.0845747e-07 3.7325788e-06 2.2428176e-05 1.5724383e-07 5.1212123e-06 6.7348944e-09 1.6674074e-05 5.7189385e-07 0.20482826 2.5280446e-08 1.9131626e-08 1.0809447e-07 8.218057e-09 4.4193501e-07 3.0297778e-07 3.912278e-09 7.35752e-09 4.0076166e-08 2.0649322e-08 2.8523985e-08 5.7270412e-08 1.8814552e-06 6.9214994e-09 1.9651486e-07 0.05877141
0.8937912 0.25735432 0.3759758 0.7869601 0.044350136 0.23132075 0.60301936 0.0009817942 4.0245368e-16 0.95528215 0.2617059 0.043351028 0.015799604 0.03941561 0.018956505 0.9453733 0.36833367 0.008882985 0.1886183 0.036183584 0.021548763 0.017968321 0.18555441 0.42899865 0.0060935467 0.02844183 0.020689208 0.006087872 0.0018166157 0.0037939812 0.31108406 0.021013744 0.113779984 0.0036321902 0.0001055878 1.6302783e-05 0.0017688558 0.13252692 0.0052908068 2.2637973e-05 0.031321943 6.300368e-05 1.3079358e-05 1.7299444e-05 7.5953208e-06 0.00032488522 2.5144609e-05 1.1347893e-05 6.2572217e-06 0.00023409665 0.00011912657 4.310912e-05 2.8637376e-06 0.00044336505 2.0605132e-05 1.6147992e-06 3.356988e-06 4.7888975e-06 2.8473398e-05 0.0008031375 4.668668e-05 3.0388137e-06 2.1962799e-06 2.0995035e-06 0.0003509389 0.0012793744 0.00033252555 9.5394906e-05 5.8495893e-06 0.00016716785 1.4380549e-06 3.65485e-07 4.750783e-06 0.00032656477 0.00024045414 6.452268e-05 6.6448934e-05 6.113664e-07 2.7471136e-05 7.4091163e-06 8.213546e-05 5.469165e-06 2.1213114e-05 3.2272434e-05 0.003444038 3.9338243e-05 2.0953143e-05 1.3650478e-06 0.0001981942 0.0005308491 0.0009454762 3.387062e-08 5.2684478e-05 3.0846375e-06 1.3711107e-06 1.4239543e-05 2.4755566e-06 3.9009666e-07 1.9743213e-07 4.8023183e-05 0.0058767656
0.94380766 0.22605872 0.22520413 0.71589595 0.025943492 0.42093527 0.9142586 0.0013173578 0.95528215 3.6402096e-16 0.033449363 0.008944604 0.041923456 0.0042909617 0.0014370152 0.8905623 0.6888959 0.0011220705 0.033468857 0.001871311 0.0033022035 0.0013310342 0.023270508 0.10610036 0.00089985353 0.060922228 0.0019863083 0.00096414424 0.0004722913 0.004882477 0.15702114 0.003156311 0.06267832 0.00013861066 3.0631305e-05 6.387925e-05 9.074043e-05 0.10517097 9.4951516e-05 1.8462385e-06 0.04169254 3.5689194e-05 1.1430518e-05 5.056897e-06 7.0788283e-06 8.1726575e-05 0.00023629995 7.650849e-06 3.7831828e-07 0.00095064426 0.00014510655 3.7189544e-05 1.8077842e-06 0.0002210318 3.5390847e-06 4.969401e-07 3.0093753e-07 3.2824712e-06 3.678306e-05 0.00024559547 3.832344e-05 7.302618e-07 2.1858558e-07 1.0423353e-06 0.00025596237 0.00016764647 7.201499e-05 1.9774192e-05 5.7705333e-06 2.7894406e-05 1.8214075e-07 2.8078645e-07 3.3205671e-07 0.0004533149 5.0235267e-05 9.779609e-07 1.8543831e-05 2.8760414e-07 4.6238774e-06 1.9554695e-06 9.027576e-06 1.1982849e-05 1.0739893e-05 2.1642866e-06 0.0039599356 1.2279118e-05 5.625072e-06 3.5232267e-06 0.00027135026 0.00064355315 0.0008030246 1.1146487e-08 0.0001004269 7.443155e-07 1.00868185e-07 2.477562e-06 2.1062278e-06 2.0674634e-07 4.1786038e-08 3.4004127e-06 0.026062407
0.9396195 0.0074842237 0.0888635 0.0664345 0.04221641 0.002250489 0.0065172156 0.00053357135 0.2617059 0.033449363 1.9300858e-18 0.4929953 0.0018390402 0.8863883 0.9016408 0.07683087 0.0129569825 0.90660346 0.4386109 0.6369164 0.7545516 0.4279651 0.10390699 0.1515543 0.004106899 0.004998038 0.07088479 0.10676331 0.022156825 0.0006891237 0.095806986 0.0649512 0.10463038 0.29800728 0.0042071184 1.6300894e-06 0.04087186 0.05202256 0.2458895 0.00016128064 0.013330286 0.00040550335 0.00012697608 0.00010724024 6.9866524e-05 0.0122583555 1.9906014e-05 0.00011322506 2.2003207e-05 3.225102e-05 0.0006783026 1.38434225e-05 2.046538e-05 0.0035435294 0.00030360994 5.1714446e-06 2.5083607e-05 6.895615e-05 0.0007513236 0.013538169 0.003264306 0.00026658704 4.305302e-06 5.2071455e-06 5.986725e-05 0.004327915 0.0034601581 0.030166334 1.4923198e-05 0.01071856 1.1767857e-05 3.3974238e-06 6.6294083e-06 0.008820093 0.0033118716 0.0011791736 0.00038656424 1.4155157e-06 8.1685785e-06 0.00028599796 0.000714045 3.918069e-05 5.2852033e-06 4.2829037e-05 0.002936706 1.7193735e-05 5.2422834e-06 1.7529475e-05 0.00043693883 0.0006848513 0.00033014274 9.02056e-08 0.00017094909 6.563721e-07 2.3484594e-08 3.763813e-06 7.833773e-07 3.2500773e-07 5.470211e-07 2.590712e-06 0.0044724382
0.8436474 0.013218082 0.071652584 0.03725166 0.7036013 0.004069187 0.0045691845 0.0322987 0.043351028 0.008944604 0.4929953 4.2978584e-18 0.001884254 0.80780953 0.04642232 0.006459262 0.0034089654 0.013668079 0.0057023065 0.5802659 0.00704153 0.9488484 0.0002720906 0.001329912 0.8484885 0.0025685453 0.00010510667 0.82439035 0.7953385 0.00051890145 0.0052174237 9.2702896e-05 0.0023682914 0.32760203 1.41316405e-05 0.00057820417 0.38164186 0.0024495083 0.0014151986 1.585304e-06 0.0051772203 1.7418373e-07 4.6035757e-06 5.9774566e-06 1.8064518e-06 6.246666e-05 0.0008718154 1.9002433e-06 5.077205e-07 0.00088004733 0.07459684 0.016481875 8.2765996e-07 7.3707697e-06 1.2573012e-06 4.5127285e-07 2.861761e-06 2.726687e-07 3.5108735e-06 0.00011440568 9.096028e-06 2.7613828e-06 7.7013846e-07 4.2515234e-07 0.0028741306 0.03713065 0.02397353 0.0023422854 2.0604246e-07 0.003362525 7.735912e-08 8.145171e-08 1.634014e-07 0.0009179675 0.0044442955 7.689742e-06 0.0010269842 1.4381531e-07 0.00034393393 5.612241e-07 3.577198e-06 6.323038e-08 1.6215732e-05 8.673835e-07 0.042446833 1.8236594e-06 3.3405793e-06 2.8782065e-07 1.3432608e-06 7.4510854e-06 4.8415736e-06 4.6377487e-08 1.4011006e-06 9.466151e-08 3.4277243e-09 1.0307449e-06 6.7266785e-07 1.6466961e-07 4.419331e-08 1.171576e-06 0.0038329472
0.34318966 0.26524147 0.02017652 0.1796025 0.21439937 0.84750587 0.23332685 0.066281036 0.015799604 0.041923456 0.0018390402 0.001884254 4.1733753e-17 0.0007792621 9.662217e-05 0.009507168 0.5066626 2.5094685e-05 0.00049308944 7.588476e-05 6.8105874e-05 0.00035394257 0.00045436597 0.0034134388 0.000915527 0.9554689 1.1458251e-05 0.0004133348 0.00042171468 0.97502124 0.007576089 0.00055316347 0.002305137 6.843467e-05 1.5401515e-06 0.0006817001 6.065271e-05 0.013626027 2.8317968e-06 8.561224e-08 0.22953422 5.049021e-05 2.3149403e-06 2.7826557e-06 2.8555808e-06 5.4761673e-05 0.00024899124 1.1256238e-06 2.327745e-08 0.029770618 0.0008674961 0.0024625792 2.927002e-07 0.0002584471 2.2063377e-06 5.494816e-07 6.134089e-08 1.0499756e-06 4.6594896e-06 0.0002625286 2.1017242e-05 1.15307195e-07 4.7317346e-09 1.18802696e-07 0.00051266025 0.0015091615 0.00029525385 3.620751e-05 1.4032711e-06 6.227334e-05 1.5252802e-08 3.4834433e-09 2.914251e-07 1.2920766e-05 1.843814e-06 9.684837e-07 7.102499e-05 7.3818662e-09 2.2961533e-05 1.34614165e-05 5.9306394e-06 4.4336903e-09 2.2187054e-05 1.7514452e-05 0.11073823 1.02811055e-05 2.0590753e-05 3.3232344e-09 2.8558557e-06 1.1872523e-05 1.5048578e-05 1.9358168e-09 5.4226015e-09 5.0690477e-07 1.3238467e-07 6.5114705e-08 8.0705973e-07 9.9123454e-08 2.2372726e-08 2.7503863e-06 0.13458419
0.8933332 0.0010293919 0.007725975 0.005061011 0.011645538 0.0008844102 0.0011270494 0.00014136461 0.03941561 0.0042909617 0.8863883 0.80780953 0.0007792621 1.3016692e-18 0.5537359 0.012007114 0.0023708404 0.49950236 0.0730514 0.9506638 0.13301516 0.86794275 0.0081021665 0.012556219 0.007433672 0.0015409398 0.008979402 0.24203573 0.05220049 0.00020825338 0.015885578 0.006587992 0.013303948 0.5194187 0.002866924 1.0295714e-07 0.11716013 0.006650841 0.04945364 0.00029386222 0.0027491727 8.64245e-05 9.8885575e-05 0.00010584893 5.9972906e-05 0.0047617466 1.0335519e-05 5.6582925e-05 5.7630237e-05 1.7758955e-05 0.002644615 1.427849e-05 1.0814871e-05 0.0014762016 0.00030086594 5.1331676e-06 6.0353424e-05 1.7712866e-05 0.00023391523 0.0038831471 0.00064068724 0.00051628577 6.4283727e-06 3.0101116e-06 0.00063983304 0.018440155 0.016811969 0.075643055 1.4730921e-05 0.032392733 6.550593e-06 2.0332461e-06 1.1475386e-05 0.014462405 0.023236567 0.0014788563 0.003552044 3.6178844e-06 0.00033292093 0.00018743043 0.0011561475 4.261389e-06 4.215225e-05 0.00036737733 0.003393362 0.00012628085 5.3197793e-05 2.0020293e-06 6.4215616e-05 9.5307696e-05 0.00011205386 3.488001e-07 1.1583271e-05 1.2296478e-06 5.7840452e-09 1.1727692e-05 3.8335484e-06 6.2068494e-07 2.2399723e-07 3.358352e-06 0.0017535345
0.940412 1.4882139e-05 0.00019285009 0.00030466806 0.0020934439 0.00016247599 0.000252975 2.019461e-05 0.018956505 0.0014370152 0.9016408 0.04642232 9.662217e-05 0.5537359 1.2652358e-18 0.017057827 0.0021983106 0.9664429 0.22170947 0.5243448 0.5508415 0.23907052 0.02634058 0.032389894 0.0026227462 0.0006873846 0.07343099 0.09443227 0.021094473 1.4983721e-05 0.028315943 0.060837265 0.03849099 0.5897852 0.0075875823 6.940451e-07 0.1259678 0.008746944 0.6278209 0.00059663627 0.004552428 0.0014285742 0.00014212173 0.00015166771 0.00016567468 0.03087378 1.34547045e-05 0.00023110778 0.0001414447 1.9723668e-06 0.0018144435 1.4893539e-05 5.3356118e-05 0.009470803 0.0035191756 2.4284845e-05 0.0002543134 0.00028030825 0.0023230258 0.01728365 0.009695466 0.0017089156 6.0539845e-05 2.3826718e-05 0.0018560694 0.04297747 0.030256059 0.43224394 9.791983e-05 0.30896926 1.08327595e-05 5.9116205e-06 0.0003551839 0.12843688 0.12723397 0.054433513 0.0055661667 1.3829411e-05 0.0007214701 0.007082566 0.028406609 0.00013601476 0.00044640392 0.0042271814 0.0002490012 0.0029654996 0.00077886716 8.405378e-06 0.00013359991 0.0004827832 0.0012920718 1.06680375e-07 4.2271568e-05 0.00020903755 0.00010448474 0.00030330493 4.3744665e-05 1.1232106e-05 2.973867e-05 0.00027710677 0.0005166754
0.98466647 0.031905163 0.047823556 0.2921673 0.014597592 0.07657843 0.28927287 0.00069205766 0.9453733 0.8905623 0.07683087 0.006459262 0.009507168 0.012007114 0.017057827 7.500057e-17 0.44449148 0.006580482 0.19432573 0.007176253 0.021217862 0.0022641257 0.22312802 0.6472338 0.0002492502 0.061709717 0.021439832 0.00040745304 9.111765e-05 0.003735898 0.7506069 0.053898383 0.53508085 0.00038612803 0.0002480974 5.752478e-06 9.984647e-05 0.534967 0.0017845475 1.9197067e-05 0.10239572 0.00024560766 3.2672786e-05 2.6085932e-05 1.7217677e-05 0.0010695074 0.00012436172 1.903518e-05 4.09996e-06 6.4886015e-05 1.9584939e-05 1.0761198e-05 5.025211e-06 0.00090157025 1.7645863e-05 2.45116e-06 2.317147e-06 9.74669e-06 5.798317e-05 0.0013643639 0.00020430777 8.1142787e-07 1.066609e-06 2.6358098e-06 0.0001530999 0.00019546752 5.6801895e-05 4.297375e-05 9.9052595e-06 0.00010336529 1.8753932e-06 5.9600586e-07 5.056171e-07 0.00021035221 0.000112399655 8.812214e-06 9.247088e-06 4.6771994e-08 1.185047e-06 3.6699967e-06 9.921019e-06 3.0686773e-05 5.405937e-06 3.6611661e-06 0.0061657433 3.1873762e-05 5.0679964e-06 1.5101649e-06 0.0031871088 0.0044884253 0.0038899595 2.2514161e-08 0.00039690285 2.3527085e-07 1.5813545e-07 7.443638e-07 2.6515556e-07 7.876867e-08 2.893794e-08 5.643338e-07 0.043165147
0.9913462 0.20774677 0.15636814 0.53347313 0.071491584 0.8897383 0.90809554 0.0064208857 0.36833367 0.6888959 0.0129569825 0.0034089654 0.5066626 0.0023708404 0.0021983106 0.44449148 1.9915378e-16 0.0013382197 0.007021845 0.0009334078 0.0021929187 0.0007219068 0.0058589834 0.011861478 0.0005305869 0.7358206 0.0023656525 0.000495619 0.00033808145 0.02075503 0.09803818 0.0015658861 0.043664146 0.00016178422 0.00032538752 0.00022598467 0.00011008584 0.24715841 0.00017917668 9.204307e-05 0.72929835 8.725856e-05 8.7278866e-05 7.7575554e-05 3.2547086e-05 0.00026221332 0.00029521415 2.4581748e-05 2.2923985e-05 0.004275739 0.00015854537 0.00012222145 8.634924e-06 0.0003499929 2.5638486e-05 4.216879e-06 9.412006e-06 1.6534077e-05 5.8680256e-05 0.00041721115 6.360643e-05 5.9587082e-06 7.3433366e-06 9.388518e-06 0.00046157578 0.00040988403 0.00021721191 1.6897351e-05 2.0496926e-05 4.9057624e-05 2.0408227e-06 4.8889465e-06 2.4313323e-07 9.798859e-05 5.0632843e-05 2.7062094e-06 3.1815907e-05 9.58155e-07 5.38723e-06 1.6912659e-06 2.6002304e-05 1.4708757e-05 1.11550535e-05 2.3005412e-05 0.026304362 1.4595015e-05 8.589006e-06 3.8828966e-06 0.00053396076 0.002711992 0.0029936049 6.773846e-07 0.00021188134 2.9695748e-06 3.451098e-07 1.8080307e-06 6.2213003e-06 3.7327868e-07 2.2750189e-07 3.33721e-06 0.15791523
0.7181028 3.8791717e-05 0.00011188697 0.0004182615 0.002039347 9.7586366e-05 0.0004141522 7.901364e-06 0.008882985 0.0011220705 0.90660346 0.013668079 2.5094685e-05 0.49950236 0.9664429 0.006580482 0.0013382197 9.040434e-20 0.3667938 0.5146654 0.9078074 0.12234479 0.13160756 0.057327565 0.00038319276 0.00021277452 0.16594782 0.017662583 0.0023948075 4.774355e-06 0.027948497 0.1102789 0.0335395 0.21178724 0.09223664 5.662649e-07 0.01687788 0.016600888 0.57576203 0.007372384 0.0007481339 0.0094153555 0.002729126 0.0017526837 0.0022960417 0.043212645 6.914671e-07 0.0014733198 0.00082150154 4.522129e-07 0.00014929056 3.48771e-06 0.0004839898 0.020743525 0.03142515 8.7866065e-05 0.00051337434 0.00065418583 0.0027564182 0.022287605 0.007132477 0.007376899 0.00020074015 6.8967856e-05 1.6795813e-05 0.0026110525 0.001483208 0.17707577 0.00054912106 0.06405185 4.342581e-05 2.5357946e-05 0.0005859811 0.09683813 0.019560497 0.012791956 0.00031493968 6.446462e-05 3.908193e-06 0.010099083 0.010311709 0.00014475023 8.03483e-06 0.0043323254 2.3176031e-05 0.00039639178 0.00012114131 4.5445322e-05 0.002587015 0.0030806365 0.0023668236 9.699773e-07 7.661118e-05 0.00012906315 8.484974e-06 3.0566232e-05 4.5253237e-06 1.1237919e-06 1.3623031e-05 3.816107e-05 4.303264e-05
0.9013574 0.00054988905 0.0022731682 0.015317197 0.0029601622 0.0017447928 0.0069479025 4.112897e-05 0.1886183 0.033468857 0.4386109 0.0057023065 0.00049308944 0.0730514 0.22170947 0.19432573 0.007021845 0.3667938 3.2244797e-17 0.07643562 0.7152163 0.02453123 0.98237324 0.7204791 0.00017414993 0.0028875268 0.8348806 0.0048975474 0.0004389103 0.0004613557 0.28112128 0.5647854 0.31875792 0.036309604 0.06717817 1.3638371e-05 0.0011585454 0.16886185 0.14196754 0.0016660618 0.016285049 0.0135344835 0.001686694 0.00050657237 0.0025235957 0.06450735 2.5023706e-05 0.0004902739 0.00015007597 3.3741564e-06 9.935283e-05 3.5674428e-05 9.236218e-05 0.022547148 0.0030340096 3.2079606e-05 0.00010117894 0.00020405698 0.0011698466 0.07107002 0.007779263 0.00044816843 3.9357077e-05 1.9850528e-05 0.00025486358 0.001283478 0.00059947436 0.008967674 0.00016718985 0.00356108 1.3341676e-05 7.858454e-06 5.3157324e-05 0.00452886 0.0018180861 0.0019246178 0.00037317516 2.0535941e-05 0.000117745985 0.0010050767 0.0017634592 0.00024628761 0.0001727805 0.0014274582 0.00023314639 0.00041396957 0.00021504956 0.0001336268 0.002127695 0.002219621 0.0072264085 5.4232953e-07 0.0018007915 0.00059134065 0.00025286525 7.609419e-05 0.0001668684 1.7416796e-05 8.195041e-05 0.00023566284 0.0036040945
0.84176654 0.00015820673 0.00083825877 0.0009732856 0.0010452949 0.0002237672 0.00029903723 5.4965485e-06 0.036183584 0.001871311 0.6369164 0.5802659 7.588476e-05 0.9506638 0.5243448 0.007176253 0.0009334078 0.5146654 0.07643562 8.0626406e-17 0.16386454 0.9333052 0.0037681141 0.006471282 0.0023126996 0.0002634179 0.012523219 0.2488294 0.0517641 2.0173252e-06 0.008301825 0.00887961 0.0068570096 0.8409449 0.0077671055 8.8826575e-08 0.18262693 0.0032630078 0.46606207 0.0016670201 0.00055903086 0.00043325956 0.00014800945 0.000231327 0.00013099438 0.0106170075 5.2441437e-06 0.00013157543 0.00069226325 5.169482e-06 0.0035583365 1.7812385e-05 4.89107e-05 0.002289121 0.0067015984 1.8073146e-05 0.0005845394 4.3642198e-05 0.0004787845 0.004388053 0.0005801841 0.0026573685 4.268595e-05 5.799581e-06 0.002238499 0.048705235 0.047893927 0.27842218 7.104138e-05 0.20426798 6.362363e-06 2.8656611e-06 0.00018899344 0.06421315 0.14321455 0.019192295 0.013885709 2.5925941e-05 0.0019031869 0.004537916 0.010970645 4.818193e-06 0.00044825693 0.005897696 0.0005629615 0.0031327489 0.0019421254 6.9189065e-07 3.4668865e-05 0.00019966619 0.00037113583 9.1166974e-08 1.491151e-06 6.497078e-05 1.1326631e-06 9.9648794e-05 8.996721e-06 2.6500352e-06 4.79554e-07 6.7787514e-05 0.0004516057
0.86269885 7.123392e-05 0.0007375755 0.0024474754 0.00087242795 0.00016357597 0.000723274 1.692317e-05 0.021548763 0.0033022035 0.7545516 0.00704153 6.8105874e-05 0.13301516 0.5508415 0.021217862 0.0021929187 0.9078074 0.7152163 0.16386454 9.759336e-16 0.03895704 0.48877794 0.12496522 0.00023100422 0.0009673111 0.97326225 0.017348565 0.0017311338 6.455671e-05 0.06447929 0.43706432 0.09294823 0.15465023 0.5488802 8.056901e-07 0.011385601 0.03199796 0.42814666 0.081822395 0.0057988507 0.059909854 0.038088717 0.019893259 0.052864958 0.13988492 4.0957198e-06 0.008367257 0.011314363 3.0247258e-05 3.626979e-05 7.681167e-06 0.0014630699 0.045963235 0.11472253 0.0005396655 0.0031285288 0.0023061289 0.004066095 0.04526476 0.012629398 0.021164762 0.0005246195 0.00017092284 0.00056405936 0.0008154572 0.00032709967 0.05763597 0.0007498984 0.029805824 6.7361994e-05 3.7199086e-05 0.00045060934 0.054436073 0.006661518 0.014351548 0.0013383954 0.00016728138 3.230575e-05 0.022266285 0.013952598 0.0005300379 2.2832415e-05 0.010493807 0.00018372231 0.0002637082 0.0011434417 0.00012523984 0.003537209 0.0041444097 0.0036423276 2.7471188e-07 0.00037085774 0.0004901196 0.00044467353 6.859985e-05 7.636022e-06 1.8282149e-06 3.1861306e-05 0.00027534284 0.0006596582
0.5214843 0.00050592347 0.0048096064 0.0030759764 0.009405479 0.0004550483 0.00025545098 0.00024058559 0.017968321 0.0013310342 0.4279651 0.9488484 0.00035394257 0.86794275 0.23907052 0.0022641257 0.0007219068 0.12234479 0.02453123 0.9333052 0.03895704 3.2530298e-18 0.0009037427 0.002052577 0.039413672 0.000398985 0.0021492164 0.6706113 0.2547615 2.6312677e-05 0.0042183073 0.00086284376 0.0025960617 0.84570664 0.0006977942 1.0996788e-06 0.36808574 0.001520333 0.041520584 0.00019551117 0.0011665489 1.5198806e-05 1.710803e-05 5.1836283e-05 1.2395421e-05 0.00029372072 3.829345e-05 1.1762999e-05 9.1307455e-05 4.169208e-05 0.013728236 0.0002801316 3.925465e-06 0.00027876362 0.0014541291 2.6520909e-06 7.641497e-05 2.3662851e-06 8.419872e-05 0.0005800768 3.0124478e-05 0.0002732092 4.013059e-06 1.432043e-06 0.0021150585 0.054204807 0.03906929 0.0536725 3.2730934e-06 0.031646993 7.77872e-07 5.799555e-07 2.1020513e-05 0.011696553 0.030727535 0.0016291875 0.0063569504 2.495061e-06 0.0013317225 0.00065195747 0.0013996859 1.2140089e-07 0.00032499892 0.0007078099 0.006239566 0.00027037 0.00022570683 1.9880686e-07 3.9146908e-06 3.1328746e-05 8.300349e-06 1.3895007e-07 1.2639921e-07 2.3031373e-06 6.741002e-08 1.2286404e-05 2.5449049e-06 7.566348e-07 1.2130135e-07 5.6001153e-07 0.0007123096
0.88749886 0.0001934299 0.00033324366 0.0066473912 0.0010843815 0.00094268285 0.0032897813 3.856282e-06 0.18555441 0.023270508 0.10390699 0.0002720906 0.00045436597 0.0081021665 0.02634058 0.22312802 0.0058589834 0.13160756 0.98237324 0.0037681141 0.48877794 0.0009037427 8.155233e-22 0.8642309 3.7679395e-06 0.003107128 0.8089418 7.8221645e-05 2.4987091e-06 0.00029548147 0.4927771 0.76549524 0.44185114 0.00072210754 0.08213262 4.6321193e-07 1.954391e-05 0.23301001 0.0034044757 0.0016572296 0.013223176 0.031350095 0.009356056 0.0011253637 0.008119575 0.10934757 1.4010899e-06 0.00090489606 6.2898376e-05 1.7322836e-07 2.8949562e-06 2.591862e-07 9.309403e-05 0.029903613 0.00056990207 1.2249643e-05 8.495533e-06 0.00039556346 0.0010312342 0.052766886 0.0050589866 8.3566825e-05 9.233875e-07 3.5197206e-06 1.3292988e-06 9.731662e-06 7.686824e-06 0.00034061787 7.5135555e-05 7.218215e-05 6.252175e-06 1.8632173e-06 1.5627978e-06 0.00074890244 1.46996135e-05 1.0414714e-05 6.733922e-06 1.9909403e-06 2.3750877e-07 1.0343723e-05 4.7342023e-06 7.209326e-05 4.7372117e-07 1.4568649e-05 0.00020214004 3.7181294e-06 5.968789e-07 4.6340945e-05 0.00667073 0.004970691 0.0065859878 5.1582436e-08 0.003745359 2.2088325e-06 5.275595e-08 3.073891e-07 3.595448e-08 2.5044355e-09 2.9421986e-07 1.757339e-06 0.0025454282
0.9739601 0.0054787137 0.003611142 0.13274159 0.0018402068 0.0035155076 0.022770915 2.4266394e-05 0.42899865 0.10610036 0.1515543 0.001329912 0.0034134388 0.012556219 0.032389894 0.6472338 0.011861478 0.057327565 0.7204791 0.006471282 0.12496522 0.002052577 0.8642309 1.07053715e-16 3.2723397e-05 0.024796063 0.28676808 0.0006975853 4.549667e-05 0.002178169 0.8566832 0.6800141 0.8277143 0.002041434 0.012601859 3.8030155e-06 0.00012166255 0.69972706 0.0020519712 0.00045969032 0.06748803 0.0040681916 0.0011018341 0.00046781838 0.0011214494 0.03624645 1.138108e-05 0.00037319437 0.00012069446 1.8293389e-05 2.4904833e-05 1.3892079e-05 2.7181373e-05 0.015020756 0.00010542037 6.046256e-06 4.2251217e-05 8.704313e-05 0.0007759465 0.02837592 0.0026663993 7.08394e-06 3.1776958e-06 1.5248678e-05 0.0011073609 0.00023128683 0.00013753041 0.00011912338 5.2253003e-05 0.00023888894 2.7993437e-05 1.4731977e-05 1.9694573e-06 0.0011851935 0.000119114186 0.00027327618 2.411809e-05 2.1118597e-06 1.5033402e-05 6.963686e-06 0.00014338743 9.118336e-05 3.0972584e-05 1.683207e-05 0.002647214 2.6030391e-05 3.2746404e-05 4.299945e-05 0.0048614945 0.009440201 0.01424078 4.9705244e-07 0.0025753705 7.5934163e-06 5.5149258e-08 5.7648404e-06 5.8787828e-06 1.0367538e-06 5.860643e-07 5.3797263e-05 0.016032305
0.32479122 0.0064447257 0.03774014 0.01568809 0.9040653 0.0012596399 0.0004958232 0.66032547 0.0060935467 0.00089985353 0.004106899 0.8484885 0.000915527 0.007433672 0.0026227462 0.0002492502 0.0005305869 0.00038319276 0.00017414993 0.0023126996 0.00023100422 0.039413672 3.7679395e-06 3.2723397e-05 1.6969805e-15 0.00054432836 1.1860121e-05 0.36862236 0.9530378 7.699902e-05 0.00011504145 7.084707e-05 7.6602046e-05 0.026752403 4.574564e-06 0.58107454 0.36473334 0.00025569397 4.7153786e-05 3.4260595e-06 0.0063337735 6.255506e-07 4.8856928e-06 8.792151e-06 5.121129e-06 8.794936e-06 0.51202023 2.615063e-06 2.0805046e-06 0.08527331 0.75710595 0.45395035 2.7222322e-06 3.6549147e-06 5.5262745e-07 8.3035195e-07 1.3202806e-06 1.331005e-06 6.786406e-06 1.4521834e-05 4.540302e-06 4.667571e-06 3.8030822e-07 6.518225e-06 0.22824863 0.11730256 0.08100786 0.00011880752 2.820874e-07 0.00021306939 1.1432757e-06 5.007895e-07 7.733976e-07 8.4549705e-05 0.00012543752 1.0660557e-06 0.00015872753 1.366259e-06 0.0004998488 5.750709e-07 1.5507189e-06 3.3822667e-07 2.5507254e-05 2.1635044e-06 0.09781022 8.1942204e-07 1.9050216e-07 1.0203534e-06 1.2983917e-06 7.6089436e-06 1.2161602e-06 1.2420008e-07 4.9722958e-06 2.0660345e-07 2.8294725e-08 6.7458666e-07 1.7453374e-07 8.728314e-08 3.729401e-08 3.2921534e-07 0.0035001275
0.97234344 0.050250113 0.010539395 0.06518554 0.039706055 0.26292333 0.14108026 0.014713724 0.02844183 0.060922228 0.004998038 0.0025685453 0.9554689 0.0015409398 0.0006873846 0.061709717 0.7358206 0.00021277452 0.0028875268 0.0002634179 0.0009673111 0.000398985 0.003107128 0.024796063 0.00054432836 7.032759e-18 0.00020041017 0.0002187371 0.00026030725 0.7901709 0.21931204 0.0029109998 0.053969853 1.8674948e-05 8.959761e-05 0.0006995029 3.8455717e-05 0.39160496 1.6236561e-05 1.9956748e-05 0.94719476 0.00046439076 0.00011483723 6.7376255e-05 6.541812e-05 0.0005076372 0.00017756254 9.700051e-05 1.9728466e-06 0.022904474 0.00035556892 0.0013070455 2.9170733e-05 0.0014431163 3.1134887e-06 3.5103112e-06 9.507665e-07 9.042197e-06 0.00045853332 0.0037582037 0.00012329711 3.2624368e-07 5.623958e-07 8.371398e-07 0.000107542975 0.00018014784 3.4475754e-05 3.9028405e-06 1.6938171e-05 1.0416234e-05 2.469506e-08 4.1501128e-08 1.2566298e-08 3.6552618e-05 1.7464922e-06 1.8395775e-06 9.7825705e-06 2.4378926e-08 1.2388573e-06 3.7281586e-07 9.1561986e-07 1.614194e-08 4.0414493e-06 1.8326942e-06 0.07426553 5.420676e-06 1.7489674e-06 1.0074906e-09 3.720783e-06 0.0005889088 0.0007866913 1.0316565e-08 1.3197732e-08 7.3895654e-07 6.553135e-08 1.4938989e-07 1.6323826e-06 2.4646982e-07 2.6316314e-07 3.3905215e-07 0.45122302
0.9379036 6.690738e-06 6.151333e-05 0.00042243057 5.5740125e-05 6.084755e-05 0.00024268882 6.9108387e-06 0.020689208 0.0019863083 0.07088479 0.00010510667 1.1458251e-05 0.008979402 0.07343099 0.021439832 0.0023656525 0.16594782 0.8348806 0.012523219 0.97326225 0.0021492164 0.8089418 0.28676808 1.1860121e-05 0.00020041017 1.8069483e-17 0.00035689806 6.6794214e-06 5.555848e-06 0.19586045 0.8935809 0.2869193 0.0076478114 0.48066798 6.8868394e-07 7.018207e-05 0.10180626 0.07734794 0.056765467 0.010179262 0.22997236 0.11408104 0.06480114 0.123711 0.41688398 1.2445507e-06 0.03045312 0.005966258 4.1465862e-07 4.0382597e-06 3.1560336e-07 0.001818172 0.18211627 0.023028992 0.00028449445 0.00047457247 0.0039838753 0.014742667 0.22697641 0.060881488 0.0011744304 6.461795e-05 5.6891942e-05 3.8581824e-05 1.9862475e-05 1.995279e-05 0.002885187 0.0010273202 0.00078619405 7.051799e-05 1.1176777e-05 7.2067414e-05 0.00356861 0.00018567925 0.00058834074 9.642554e-05 1.3295848e-05 1.5451035e-06 0.0015697086 0.00062775525 0.00050798204 2.1172762e-06 0.00041241894 1.3699259e-05 6.5863765e-05 9.371629e-06 0.00010896362 0.008677158 0.010569859 0.012405994 1.8617759e-07 0.0014970265 2.1325914e-05 9.483387e-07 3.9335296e-06 6.1144743e-07 5.5394793e-08 2.2212196e-06 2.8637646e-06 0.00032374111
0.44609907 0.00038249374 0.005578373 0.0024591929 0.040322673 0.00017572015 0.0002875056 0.0013594785 0.006087872 0.00096414424 0.10676331 0.82439035 0.0004133348 0.24203573 0.09443227 0.00040745304 0.000495619 0.017662583 0.0048975474 0.2488294 0.017348565 0.6706113 7.8221645e-05 0.0006975853 0.36862236 0.0002187371 0.00035689806 4.3546814e-17 0.947834 3.2265862e-06 0.00088051957 0.00029692976 0.0005972201 0.8949484 6.934582e-05 1.4727509e-05 0.9607289 0.00042353137 0.015158891 3.8654303e-05 0.0009342735 7.2330195e-06 1.6195425e-05 2.7718535e-05 1.08245695e-05 5.346456e-05 0.00045466397 1.5800417e-05 1.5436593e-05 0.00042162903 0.10613054 0.0266377 4.785186e-06 3.8203023e-05 0.00079068565 3.1094178e-06 2.0098736e-05 5.2874975e-06 2.6258478e-05 0.00015235225 1.0327961e-05 7.572037e-05 2.782404e-06 5.258692e-06 0.049918838 0.14923394 0.13641419 0.019524397 1.4770923e-06 0.013380534 1.1771426e-07 3.330665e-07 1.5450718e-05 0.0018320513 0.053178985 0.00010553192 0.009653596 2.3625082e-06 0.0048828013 6.847076e-05 9.261338e-05 1.773154e-07 0.0015112752 1.9787134e-05 0.011177967 0.00022518523 0.00017581083 5.4164985e-07 9.674993e-06 2.6154037e-05 6.0336756e-06 5.1654602e-08 1.881773e-06 3.0226595e-06 4.1161908e-08 2.2077404e-05 1.3393803e-05 2.8115235e-06 6.328372e-08 8.926545e-06 0.00012691239
0.21004379 0.00044296042 0.010413539 0.0019890484 0.16778445 0.0002763617 0.00019464438 0.02070494 0.0018166157 0.0004722913 0.022156825 0.7953385 0.00042171468 0.05220049 0.021094473 9.111765e-05 0.00033808145 0.0023948075 0.0004389103 0.0517641 0.0017311338 0.2547615 2.4987091e-06 4.549667e-05 0.9530378 0.00026030725 6.6794214e-06 0.947834 6.2086165e-17 1.6725991e-05 0.00015837295 7.746585e-05 0.00012813597 0.42986155 6.443422e-06 0.0022907162 0.96077245 0.00015163214 0.004777041 3.3808337e-06 0.0011186387 1.0962046e-06 1.8905906e-06 3.5295932e-06 1.1226575e-06 1.1837633e-05 0.024699558 1.8349958e-06 1.6907206e-06 0.0010990064 0.52821344 0.2587954 2.7535305e-06 7.6142423e-06 2.0794088e-05 8.64245e-07 1.7312078e-06 3.210441e-06 1.8220124e-05 5.1372397e-05 1.9780304e-05 1.223163e-05 2.9515036e-07 4.2487122e-06 0.25109884 0.24475072 0.15255211 0.0044672443 9.1492586e-07 0.0027175467 2.2680065e-07 1.7114392e-07 2.2317874e-06 0.00057989894 0.019657249 2.1972402e-05 0.008260648 1.680553e-06 0.01009167 5.7030597e-06 6.4436804e-06 4.6455992e-07 0.0014912386 4.787564e-06 0.023540108 2.5385069e-05 1.6101161e-05 1.6724549e-06 1.555234e-05 3.2011456e-05 2.681869e-06 1.5958486e-07 5.962915e-06 4.63983e-07 6.7496224e-08 1.9003629e-06 3.2710714e-06 8.14088e-07 5.8993773e-08 1.2221865e-06 0.00018729786
0.89237106 0.009557012 0.00030851466 0.0056440644 0.014294009 0.031489886 0.011347159 0.008409641 0.0037939812 0.004882477 0.0006891237 0.00051890145 0.97502124 0.00020825338 1.4983721e-05 0.003735898 0.02075503 4.774355e-06 0.0004613557 2.0173252e-06 6.455671e-05 2.6312677e-05 0.00029548147 0.002178169 7.699902e-05 0.7901709 5.555848e-06 3.2265862e-06 1.6725991e-05 1.7201038e-16 0.013885497 0.0027288166 0.003712893 8.0528685e-07 1.2475596e-06 0.00011544115 2.7717542e-06 0.023720503 2.220219e-07 6.619691e-08 0.6595959 4.9830738e-05 7.1698867e-07 4.7442285e-07 7.364629e-06 0.0010926363 1.2876727e-05 1.2021704e-06 1.4388246e-08 0.01708325 1.1942732e-06 0.00015567409 1.1735049e-06 0.001863612 4.522088e-06 1.5291733e-06 3.6626712e-08 2.1918677e-07 0.00014012663 0.0026728367 1.2048016e-05 9.93504e-08 4.68049e-09 3.724148e-08 6.4155415e-06 2.1618666e-06 5.242301e-07 2.8308557e-07 4.748801e-07 2.868956e-06 8.3606627e-10 1.0929195e-10 7.3557274e-08 9.137004e-06 3.9160046e-08 2.1153144e-06 7.0076516e-07 5.032193e-08 2.321232e-08 2.1978092e-06 2.0163414e-07 5.122863e-10 1.1689843e-08 3.6612553e-05 0.7676839 9.972855e-07 1.829459e-07 9.544289e-12 2.2217735e-07 3.784399e-05 2.0626267e-05 1.732585e-10 4.276762e-10 3.6013006e-07 4.6320288e-08 6.8939108e-09 6.3342247e-09 3.76359e-10 1.1723046e-08 1.7054818e-08 0.86296237
