1.768087e-27 0.2394795 0.33557084 0.52716637 0.48133743 0.6762158 0.9214984 0.92312807 0.7724717 0.016556168 0.89109296 0.9656601 0.5887918 0.88795733 0.8491378 0.8840116 0.8521078 0.98899305 0.98080724 0.56164384 0.32183018 0.9456554 0.05066944 0.8159213 0.44280738 0.9717109 0.9862771 0.9544015 0.9513443 0.8460596 0.09171736 0.16399421 0.6856891 0.999621 0.9768397 0.80561763 0.6253261 0.8320015 0.034611277 0.7606341 0.66335374 0.97583205 0.9900545 0.8656405 0.9038727 0.99998516 0.054650083 0.76885116 0.94712263 0.7746828 0.8526432 0.7104459 0.9656548 0.9730482 0.00014844626 0.99095976 0.99994314 0.74479735 0.8793253 0.65006584 0.9634459 0.0017598614 0.0010953113 0.90061057 0.5768791 0.00012237598 0.2573553 0.69213945 0.010022551 0.037354797 0.9006867 0.026069783 0.15911329 0.04815715 0.0010690046 0.00093398883 0.00041241813 0.041409425 0.75483793 0.9286507 0.94379514 0.030667262 0.0015498858 0.0007133409 0.9491943 0.06368103 0.026100729 0.97724843 2.415909e-05 0.19167861 0.46691123 0.9986913 0.0014976521 4.748353e-05 0.0011117352 7.357865e-05 5.9403983e-06 0.0010264813 0.50609696 0.7513241 0.94867116
0.2394795 1.2082897e-21 0.9902916 0.96747816 0.82454115 0.47673273 0.39164543 0.02399643 0.51701075 0.53175384 0.0002452839 0.16260457 0.0008550459 0.0017610963 0.0020593386 8.654236e-05 0.0011126612 0.55906886 0.009341826 0.033438906 0.3096052 1.9338057e-05 0.018734735 0.00028907158 0.0009712104 0.04439755 0.0015722562 0.024200456 0.008978059 7.9261345e-06 0.013041606 0.0011496292 1.2528701e-06 0.019950688 0.02330969 2.4316294e-05 3.435204e-06 1.7825121e-06 0.00090150663 8.901247e-06 0.00025215172 4.55889e-06 3.7576785e-05 1.6069429e-06 2.025921e-07 0.048056655 1.6594056e-05 5.139719e-07 5.2995958e-05 1.9954156e-07 1.5015011e-06 4.7057202e-07 4.6674393e-07 7.894702e-07 6.7201894e-05 2.5947745e-06 0.0005006816 2.4752499e-08 3.5052545e-07 3.180244e-07 1.09954094e-07 7.616287e-05 2.6703574e-05 1.3851228e-07 2.0997086e-07 4.679364e-06 1.5080852e-08 2.3685509e-07 9.068844e-05 2.4991296e-05 6.2872044e-07 2.1730245e-06 9.495138e-06 1.0261162e-05 0.0003063667 0.00064570573 1.8545299e-07 9.91584e-07 1.5359682e-06 4.766828e-05 2.067917e-05 1.1098189e-07 3.1235977e-06 2.6499974e-06 3.761601e-05 3.076907e-10 1.0453422e-05 7.37342e-06 4.0919463e-07 1.0734004e-07 1.5488254e-10 8.556031e-05 1.916552e-06 1.8271471e-07 4.5757136e-07 2.307949e-07 2.600136e-07 5.411694e-08 8.4957097e-10 2.3550756e-08 1.132115e-07
0.33557084 0.9902916 3.927613e-20 0.5887531 0.8116409 0.74033046 0.72014594 0.07307899 0.67372984 0.36246702 0.00065536326 0.50789046 0.0006241806 0.007852388 0.005708115 0.00030120413 0.0035837337 0.55703574 0.07549337 0.043536037 0.110550836 0.000105772546 0.014508379 0.0005756013 0.0026991633 0.033300504 0.0019621255 0.0398483 0.01482887 1.7253673e-05 0.020881036 0.0020948777 2.0135906e-06 0.031848684 0.008201719 6.727839e-05 2.2928282e-06 1.4632415e-06 0.0023704006 7.978988e-06 0.00026988104 6.687823e-06 0.00029497634 1.186094e-06 6.575735e-08 0.029714972 7.1188275e-05 4.7756964e-07 0.0001674359 4.077892e-08 1.0698557e-06 1.1997783e-07 2.8305266e-07 1.6525147e-06 0.00014960754 9.4124725e-06 0.0014993957 1.6989492e-08 6.493797e-08 2.013988e-08 8.241592e-08 0.00024473158 2.1708194e-05 2.9785541e-08 2.7219025e-08 2.4545812e-05 4.1791357e-09 4.9075844e-08 0.00013532372 5.5517753e-06 1.4503335e-06 6.709009e-07 3.1714349e-06 1.37236075e-05 0.00010409932 0.00027324856 1.0746295e-07 5.416664e-07 1.8189298e-06 5.204736e-05 4.2850686e-05 5.096299e-07 6.423883e-07 5.897901e-07 4.656804e-05 7.2337525e-11 3.471043e-06 6.558638e-06 3.1428064e-07 3.3988528e-08 3.585136e-11 9.4353774e-05 2.7410724e-06 6.145061e-08 2.577702e-06 7.0780374e-08 2.0808845e-07 8.5445514e-08 5.9032096e-10 8.525079e-09 4.0861514e-07
0.52716637 0.96747816 0.5887531 5.9350643e-19 0.734282 0.3053703 0.28018126 0.0022809368 0.34178883 0.992487 5.020289e-05 0.110918105 2.3001356e-05 0.00048470555 0.00033228655 3.5122346e-07 6.638389e-05 0.5185068 0.0012205519 0.0631296 0.5096332 1.6210815e-07 0.5281899 6.816318e-05 0.0004442094 0.1196399 0.00047528427 0.0070848395 0.003641098 3.4560664e-08 0.11681753 0.0010716576 2.5566822e-09 0.0069140433 0.08302998 2.1261134e-07 5.2581452e-08 3.9153253e-08 0.0042576506 6.4040066e-08 5.491983e-05 1.9308479e-07 2.9229616e-06 3.564013e-08 1.438574e-09 0.083827525 5.893802e-05 1.37719e-08 3.1093405e-06 3.3429353e-09 4.425867e-07 2.397035e-09 5.9236163e-09 1.5586243e-08 0.0020714758 7.3706957e-07 0.00022380774 8.800657e-10 1.6893104e-08 6.3471384e-10 1.7528127e-08 0.00014654914 0.00029472946 2.280671e-09 4.590303e-09 5.652974e-05 3.8646784e-09 8.127817e-09 0.0086575225 4.5221978e-07 3.246773e-08 9.03244e-08 1.1542937e-06 1.283079e-06 7.5745214e-05 0.00019422606 4.7368754e-08 2.9712632e-08 8.0572704e-07 3.4468653e-07 2.3800898e-07 6.913481e-08 1.0905343e-06 2.4159654e-06 9.216885e-07 3.9255262e-11 5.949952e-06 6.570617e-07 3.91178e-08 2.5009474e-08 4.028064e-11 2.976476e-06 2.9054108e-06 5.511361e-08 2.3921066e-07 2.9660367e-08 6.449717e-08 1.4924698e-08 1.1161373e-09 6.775286e-09 3.7184275e-08
0.48133743 0.82454115 0.8116409 0.734282 8.687399e-21 0.9650889 0.093827106 0.003974301 0.42994237 0.14210749 0.00033355493 0.06828004 0.00050801743 0.0007381167 0.0010512692 6.007142e-05 0.0006873718 0.88717294 0.0017664057 0.004518293 0.9413905 1.2749523e-05 0.020742664 0.00028164187 0.00042638593 0.27169845 0.0004740898 0.0071594547 0.0023833164 3.4723341e-06 0.0018747684 0.00013950955 1.9093113e-06 0.0073206997 0.06507385 6.1790934e-06 7.702369e-07 1.2492634e-06 0.0002764205 1.2484868e-06 0.0001311994 2.4768156e-06 1.2056417e-05 5.79484e-07 3.8496958e-07 0.098568834 5.697871e-05 2.4372616e-07 2.2849295e-05 3.5761605e-08 1.0702516e-06 2.0972672e-07 1.0097662e-06 9.800224e-07 0.00011092089 1.133654e-06 0.0002196546 2.4770728e-08 1.6980213e-06 5.9182547e-08 1.7716395e-07 4.3734115e-05 0.00013110059 1.645165e-08 2.2326558e-08 5.6323343e-06 3.648538e-08 2.7743184e-07 0.0014496602 6.287828e-07 1.6649014e-07 2.2878493e-07 1.2172446e-05 2.0515798e-05 2.92989e-05 6.871102e-05 4.8050415e-06 1.2172724e-05 2.2934505e-07 9.056734e-07 5.3059216e-07 4.3282325e-06 3.0986748e-06 2.7454636e-05 5.339719e-07 6.726302e-10 9.189098e-07 4.2878987e-08 4.5935985e-06 5.2247615e-09 2.9652177e-11 9.466883e-06 3.3576957e-06 4.1980823e-07 6.1434247e-07 1.1256292e-06 2.6934827e-06 1.5293928e-07 6.487783e-11 2.47571e-10 1.831759e-10
0.6762158 0.47673273 0.74033046 0.3053703 0.9650889 4.6077997e-18 0.5878617 0.009999236 0.9347511 0.056655746 0.0009598502 0.46060494 0.00077717664 0.0048318207 0.0015315654 0.00031074582 0.006529017 0.9016699 0.013322222 0.009155706 0.2606378 0.00060206174 0.010032707 0.00035994654 0.0005516549 0.07952018 0.0016862138 0.040292352 0.013415159 6.635066e-05 0.0013020908 0.00038144426 1.8561632e-05 0.029906975 0.034445696 4.976416e-05 5.7816605e-06 2.0687385e-06 0.00021872355 1.1904519e-05 0.00026508293 2.5970212e-05 0.00021584965 3.415268e-06 2.0830719e-06 0.07032342 0.00027654733 4.905625e-06 0.0005083397 5.8786844e-07 9.953933e-06 1.9395247e-06 4.3794857e-06 7.838493e-06 0.00020520894 1.6275739e-05 0.0006259051 1.4273614e-07 1.8525421e-06 8.781403e-07 1.732278e-06 0.00015418167 0.00036256266 2.1263972e-07 5.242431e-07 2.0581998e-05 7.7714795e-08 1.6219266e-06 0.0013013583 7.2807725e-06 1.0544375e-05 1.8411116e-06 1.4135766e-05 2.965617e-05 0.00016076514 0.00028658853 1.7143422e-05 2.9563946e-05 7.109624e-06 0.00010266736 0.00014152715 5.171449e-06 1.781896e-05 1.9031495e-05 0.00021384517 1.0041358e-08 7.2664066e-06 1.1646975e-05 8.709266e-06 2.2910304e-07 1.2226126e-09 0.0003992777 4.8630964e-06 2.5989748e-06 1.7316785e-06 6.063539e-06 5.9991407e-06 8.6975007e-07 1.9435612e-08 6.5271266e-08 9.1462184e-08
0.9214984 0.39164543 0.72014594 0.28018126 0.093827106 0.5878617 4.4328685e-17 0.17541058 0.96875006 0.009327787 0.0063476204 0.96867317 0.003492362 0.19104281 0.05096394 0.0035819332 0.26083723 0.49704564 0.5045804 0.1342446 0.012692851 0.005365309 0.0017257807 0.025163539 0.014561171 0.010393303 0.02312583 0.22934231 0.11157942 2.5180461e-05 0.02354178 0.011019245 8.789552e-06 0.12024821 0.0058836066 5.693471e-05 1.1308374e-05 9.362615e-06 0.0027189543 8.536002e-06 0.004565863 0.008037823 0.00044047605 7.637231e-06 1.1292215e-06 0.032081544 0.0013560116 1.7847048e-06 0.00047405026 2.9332696e-07 2.5738798e-06 7.852135e-07 2.8545475e-05 3.551537e-06 2.94445e-05 3.7527938e-05 0.0010158533 5.754714e-07 1.2093088e-06 1.9115568e-07 4.986054e-07 0.00035694093 8.2431296e-05 5.041798e-07 9.504143e-08 1.1935734e-05 1.0216875e-06 1.1970332e-07 6.298812e-05 0.0001571664 3.519482e-06 9.1150236e-05 7.0173655e-06 2.0166357e-05 0.0010790892 0.0012471303 1.4917293e-05 3.0900595e-05 8.16217e-06 0.00019732626 0.00017375792 9.5902205e-06 0.0003158601 4.3389344e-05 0.0003526321 2.4582977e-08 9.687687e-06 2.0010966e-05 8.468152e-06 1.1247766e-05 4.985904e-08 0.0007372425 6.7682117e-06 4.877788e-06 1.6077124e-06 4.463424e-06 1.9959507e-05 1.3449463e-06 3.4770113e-07 4.4210364e-07 2.969515e-06
0.92312807 0.02399643 0.07307899 0.0022809368 0.003974301 0.009999236 0.17541058 3.5931155e-20 0.04337671 0.037414294 0.9574146 0.07511546 0.94325596 0.54360896 0.8513723 0.6204759 0.12973726 0.019298464 0.1646159 0.48028025 0.0032160725 0.050708666 0.0003966134 0.6325079 0.41184166 0.0055011325 0.054608986 0.112692565 0.10971095 0.0021867736 0.011721763 0.14809462 0.0002965802 0.036561143 0.0029307634 0.000118835625 0.000112808375 8.851695e-05 0.029307788 0.00012970922 0.33875373 0.2217847 0.0066933744 6.4797336e-05 3.4065717e-05 0.010910115 0.041099224 1.679924e-05 0.0018459923 4.9118557e-06 3.7485588e-05 1.952651e-05 0.00018339584 6.5468485e-05 1.1306439e-06 0.0011544942 0.0073099276 2.2426773e-06 2.2863007e-05 4.487809e-06 1.4811379e-06 0.0006599433 2.8462402e-05 2.3478313e-05 2.4912376e-06 2.766697e-06 1.5079033e-07 3.7059675e-07 2.1256574e-05 0.0053920927 3.1836884e-05 0.0014282187 8.573633e-05 0.0018638094 0.0029896833 0.0029820194 7.1926587e-07 4.368338e-05 0.00012060921 0.00058424234 0.00019036478 1.9489802e-05 0.00019042978 2.4964665e-05 0.0001281532 1.1020156e-08 7.629951e-06 0.000222427 1.3826475e-06 3.587204e-06 1.2829381e-08 0.0004579211 1.3086163e-06 5.014107e-07 5.776009e-07 2.5563412e-07 1.1676385e-06 1.1314205e-06 1.24418e-07 1.0315455e-06 5.398807e-06
0.7724717 0.51701075 0.67372984 0.34178883 0.42994237 0.9347511 0.96875006 0.04337671 3.2789488e-15 0.012022926 0.0027413615 0.96609116 0.00088644103 0.054491505 0.007795141 0.0011842208 0.02873813 0.8192041 0.10462102 0.031408455 0.055899628 0.0010191584 0.005558186 0.001034253 0.0013692795 0.027011799 0.0029819724 0.15265661 0.06457963 2.4388311e-05 0.0057726693 0.0009807479 5.078626e-06 0.10286567 0.015954051 9.241963e-05 1.8293911e-05 3.782492e-06 0.0005343316 2.811769e-05 0.0006491006 0.00021734516 0.00022481379 1.4111481e-05 8.435527e-07 0.053684324 0.00019429109 6.3829225e-06 0.00032277868 2.429098e-07 1.41506835e-05 7.398274e-07 8.246986e-06 6.16003e-06 0.00011110554 1.0345922e-05 0.000248176 6.5573865e-08 4.2367054e-07 3.8022156e-07 1.9983552e-06 0.00023904571 0.00042600287 1.5030325e-06 6.175921e-07 1.1826225e-05 1.5687102e-07 5.176181e-08 0.00068396435 1.3455461e-05 5.1943493e-06 1.2893728e-06 1.3375971e-05 6.76377e-05 0.00010976107 0.00020269192 2.2237999e-05 9.273538e-06 4.54182e-05 0.00018331503 0.00020983987 3.7314367e-06 8.808954e-06 3.945548e-06 0.00019290065 2.4312e-09 1.1950952e-05 1.9957964e-05 2.5546071e-06 1.2492335e-06 1.9324227e-09 0.00069759024 6.3289813e-06 4.9633815e-07 6.800299e-07 1.0742817e-06 2.5838426e-06 2.3730612e-07 7.242103e-08 2.425177e-07 2.1719293e-07
0.016556168 0.53175384 0.36246702 0.992487 0.14210749 0.056655746 0.009327787 0.037414294 0.012022926 1.854705e-22 0.0017332484 0.0017182247 0.00066776806 0.0025934041 0.0062922314 9.585425e-05 0.0002594886 0.016529553 0.00021470529 0.63074994 0.038627934 8.698218e-06 0.97653383 0.00028118643 0.009907585 0.0060796333 3.4750527e-05 0.0028192012 0.0015537671 8.7587505e-06 0.8637442 0.026994064 6.5335794e-06 0.00194203 0.016067905 4.318524e-07 5.200111e-07 4.265419e-06 0.068334535 3.6239393e-07 0.0006194482 7.0587754e-07 2.35629e-05 1.9180011e-07 3.8669305e-07 0.015293128 0.003655506 6.779727e-07 2.4030363e-05 4.5222845e-07 3.3367118e-07 1.0023621e-06 1.7654158e-07 4.264298e-07 0.10189396 3.358317e-06 5.4947857e-05 3.4956105e-07 1.0176537e-06 8.9748295e-07 1.0226841e-07 0.002576326 0.04097792 6.289828e-08 3.6743933e-07 0.00046471594 9.978848e-09 1.2513916e-06 0.10980875 1.8678492e-07 1.2605013e-07 6.684921e-08 2.8965164e-08 8.0605207e-07 9.1629074e-05 0.0004837257 4.108986e-06 1.2125354e-06 6.824823e-08 1.8501886e-06 5.7670695e-07 2.1695261e-07 4.837844e-08 6.5052646e-08 4.5825917e-07 2.1624212e-08 2.897891e-07 3.3826024e-07 3.528529e-08 8.9819835e-08 1.0914476e-08 3.788259e-07 3.8607473e-07 3.4772896e-09 2.0730528e-07 1.3191013e-08 1.3712055e-07 1.2888707e-07 1.7446452e-07 4.440251e-08 2.0432926e-09
0.89109296 0.0002452839 0.00065536326 5.020289e-05 0.00033355493 0.0009598502 0.0063476204 0.9574146 0.0027413615 0.0017332484 5.3506285e-18 0.01132667 0.97644085 0.22886488 0.63797885 0.6101314 0.02538578 0.004211404 0.030198824 0.09799617 0.0002470074 0.04863214 4.625229e-05 0.61157477 0.35434613 0.0006451893 0.038907528 0.026560761 0.034208003 0.007096917 0.005422875 0.18642725 0.0013673457 0.0068794787 0.0008246641 0.00078413973 0.00023334572 0.000253093 0.022444567 0.0006211726 0.58208907 0.7131737 0.0136757055 0.00043178268 0.00042409686 0.0025114114 0.11579155 0.00021070056 0.00539243 5.441366e-05 0.00027458995 0.0004242827 0.017341163 0.0005568182 7.7964114e-07 0.004458602 0.0098509835 0.00012944528 0.0011511493 4.8504957e-05 5.9139133e-05 0.0014286846 1.6408178e-05 0.00010354841 1.731146e-05 1.8112511e-06 0.00017112771 1.7655591e-05 5.199236e-06 0.12473927 0.00015576927 0.05595034 0.006808168 0.017237378 0.022480648 0.022195533 7.7920486e-05 0.0032743958 0.00071219483 0.00024607257 0.00024113574 0.0019988557 0.012537529 0.0018409615 0.00069461024 2.0369869e-07 0.00084695895 0.0002836059 0.00046835988 2.2019243e-05 3.8277356e-08 0.00025304643 8.8122935e-05 5.5598906e-05 3.9708644e-05 4.643659e-05 4.9518032e-05 1.4565482e-05 9.64043e-07 8.289439e-06 6.089347e-05
0.9656601 0.16260457 0.50789046 0.110918105 0.06828004 0.46060494 0.96867317 0.07511546 0.96609116 0.0017182247 0.01132667 1.0379372e-15 0.0034056609 0.23924166 0.010818602 0.009904514 0.11877276 0.5860523 0.6600104 0.014046248 0.0043672137 0.006511407 0.00028777387 0.0026437398 0.0021029406 0.010553868 0.012269538 0.7291457 0.50191265 0.00012576225 0.00067357137 0.0007163107 4.6614074e-05 0.61135346 0.0037271688 0.0001007817 2.2194017e-05 2.044921e-05 0.00018883312 3.3173194e-05 0.0007422005 0.0005432782 0.0006037432 1.5930735e-05 9.979577e-06 0.09520513 9.026125e-05 7.6116653e-06 0.00060490594 1.4667089e-06 8.63896e-06 1.6768707e-06 1.637471e-05 9.450501e-06 1.1251307e-05 4.709276e-05 0.0010873816 3.2281667e-07 9.558914e-07 8.48875e-07 1.4258356e-06 5.4353706e-05 4.3367047e-05 2.4003532e-06 3.7891334e-07 3.6380034e-06 8.3290296e-08 3.8768025e-08 6.342204e-05 7.8823e-06 9.574868e-06 1.0284616e-05 5.4068137e-06 4.0222647e-05 0.00017321805 0.00020835329 1.03384755e-05 4.3504693e-05 4.545781e-05 0.0009197284 0.00126994 6.201881e-06 2.8938231e-05 1.6631891e-05 0.0015090299 6.254891e-09 6.697358e-06 9.2759576e-05 4.541467e-06 3.4250547e-07 1.0078312e-08 0.0031527386 2.3197294e-06 1.3155422e-06 3.226643e-07 2.0683635e-06 9.769648e-06 3.492721e-07 9.861694e-08 1.5441678e-06 4.5147626e-06
0.5887918 0.0008550459 0.0006241806 2.3001356e-05 0.00050801743 0.00077717664 0.003492362 0.94325596 0.00088644103 0.00066776806 0.97644085 0.0034056609 2.6960744e-18 0.3306221 0.53974473 0.9216697 0.12602203 0.0019062068 0.06472955 0.022626078 4.1001498e-05 0.12618275 1.0788984e-05 0.43295863 0.107048206 0.00018384482 0.16770801 0.034963887 0.037508037 0.09704186 0.00031850048 0.021913368 0.013681819 0.018085854 0.000299731 0.009621038 0.0037479424 0.0024933866 0.002976659 0.0036897464 0.1831247 0.55426186 0.03486674 0.0015264532 0.0013516011 0.0008101969 0.008606196 0.00072832656 0.021609375 6.278834e-05 0.00046106518 0.00093075307 0.02338995 0.0010458732 4.4503307e-07 0.0046150843 0.02452188 0.00012699715 0.0057346905 3.9498726e-05 0.0002113135 0.00022332014 1.3560715e-06 5.057435e-05 1.2722826e-05 8.530739e-07 8.638223e-05 8.658785e-05 9.661448e-06 0.04521783 0.00012609528 0.011304764 0.009466135 0.009739239 0.008640218 0.010224137 8.2221663e-07 0.00040074126 0.00047679964 0.0018798708 0.0016004936 0.0010790554 0.0010494256 5.166296e-05 0.0019693165 3.8755363e-07 0.0013683148 0.00030612925 3.7464947e-06 4.9445596e-05 6.4572836e-09 0.0018735414 1.7015493e-05 2.7815404e-05 7.473243e-05 7.784676e-06 2.1672668e-06 2.6054533e-05 1.4295895e-06 1.333609e-05 4.2178464e-05
0.88795733 0.0017610963 0.007852388 0.00048470555 0.0007381167 0.0048318207 0.19104281 0.54360896 0.054491505 0.0025934041 0.22886488 0.23924166 0.3306221 2.2843525e-18 0.12038059 0.53741306 0.9864379 0.004531046 0.8927738 0.021296047 0.00034578145 0.7096153 8.6358836e-05 0.14499232 0.045811024 0.0017620035 0.46408266 0.26805767 0.28562456 0.027796146 0.00027635222 0.013497715 0.0016048441 0.1040741 0.0014150752 0.004709227 0.00083488325 0.0004003163 0.0016281344 0.0011831822 0.13103633 0.40723482 0.0458017 0.00035893926 0.00014875307 0.014425902 0.004122006 0.00011268065 0.021147642 2.7908614e-05 0.00020922782 0.00020283929 0.0049445056 0.0009989534 6.6205876e-06 0.010684453 0.05291377 3.1118634e-05 0.000408286 1.6402795e-05 3.185383e-05 0.000111310226 5.3707477e-06 1.7665125e-05 6.372661e-06 3.1434884e-06 3.2232692e-05 1.0413601e-05 5.167148e-05 0.001535378 0.00013826911 0.0010552383 0.0014991976 0.0006913393 0.0029782238 0.0036587494 5.0379003e-05 0.00077785837 0.00035142485 0.0007252892 0.0013311758 0.00027835 0.00045305013 0.00052711176 0.009796328 5.626405e-07 0.000978839 0.0014930593 0.00010770721 1.5312418e-05 2.0726019e-09 0.002671402 0.0010326961 3.3913915e-05 0.0006995606 1.1366522e-05 5.053303e-05 6.189477e-05 7.8018964e-08 3.3800918e-06 0.0002084811
0.8491378 0.0020593386 0.005708115 0.00033228655 0.0010512692 0.0015315654 0.05096394 0.8513723 0.007795141 0.0062922314 0.63797885 0.010818602 0.53974473 0.12038059 1.244793e-19 0.16650452 0.0111656925 0.004279682 0.013027031 0.795215 0.0009516302 0.0068438416 6.747863e-05 0.97431344 0.8965438 0.0013268065 0.010691801 0.021748114 0.024098586 0.0014839232 0.031264074 0.33086392 0.00016604671 0.0064033754 0.00068744854 5.933704e-05 3.712505e-05 3.786746e-05 0.072604015 4.6152403e-05 0.5519003 0.08026009 0.0048372173 1.7136883e-05 4.3865442e-05 0.0038272692 0.120939344 5.5960977e-06 0.0012733995 1.3703172e-06 6.8278564e-06 2.032559e-05 7.515232e-05 1.6730779e-05 1.7398152e-07 0.0006814258 0.003908415 1.1739223e-06 3.9446702e-05 1.8424498e-06 1.1981141e-06 0.001447113 1.9367531e-05 4.3558066e-06 1.9513113e-06 8.304902e-06 1.814677e-07 5.5034747e-07 1.2040677e-05 0.008200684 7.855345e-06 0.0021042463 3.503644e-05 0.0007832071 0.007457417 0.008360282 6.7367124e-05 1.8400611e-05 2.7296428e-05 0.00019260634 6.1116116e-05 4.2839045e-05 0.00072740676 0.00022367119 0.0003065046 8.624455e-08 2.3602031e-05 3.286921e-05 7.786893e-05 7.157778e-06 5.168e-09 0.0001292781 8.7375724e-07 5.329125e-06 1.4353599e-06 1.9204767e-06 4.5272186e-06 1.7307424e-06 4.250538e-07 7.936826e-07 1.9299798e-06
0.8840116 8.654236e-05 0.00030120413 3.5122346e-07 6.007142e-05 0.00031074582 0.0035819332 0.6204759 0.0011842208 9.585425e-05 0.6101314 0.009904514 0.9216697 0.53741306 0.16650452 1.1329787e-17 0.3867583 0.0008787486 0.15563655 0.005864963 7.079759e-06 0.97844666 1.9603503e-06 0.19864339 0.039088886 0.00016575355 0.54921603 0.042037368 0.08184288 0.38547698 9.399129e-05 0.017403688 0.02843086 0.021716064 0.00025032528 0.029969273 0.0219347 0.0090850275 0.0013929696 0.03193875 0.1925223 0.53478396 0.09706624 0.005015502 0.001252341 0.0015025677 0.003221272 0.00027733465 0.028642086 4.7862333e-05 0.00031407856 0.00045243636 0.067909345 0.0010593301 3.388265e-07 0.008677976 0.056026965 1.2522722e-05 0.0035733285 7.135872e-06 4.3659227e-05 5.2434112e-05 7.798043e-08 1.4503827e-05 3.7314755e-06 5.045916e-07 2.3724006e-05 1.1207384e-06 1.35874025e-05 0.028994374 0.00013081185 0.0031275593 0.008324087 0.01231349 0.001484476 0.0019122974 4.686845e-06 0.0018581256 0.0002760814 0.00059503864 0.00066530996 0.0017974619 0.0016837816 7.4779266e-05 0.0030548517 1.9519385e-08 0.0014289803 0.0006482697 2.2498107e-06 2.43318e-06 2.6461468e-11 0.0010253752 0.0003964952 4.7695994e-06 0.00018669828 2.082613e-06 8.537185e-07 1.49651405e-05 2.6656997e-08 2.4754931e-06 1.3749953e-05
0.8521078 0.0011126612 0.0035837337 6.638389e-05 0.0006873718 0.006529017 0.26083723 0.12973726 0.02873813 0.0002594886 0.02538578 0.11877276 0.12602203 0.9864379 0.0111656925 0.3867583 1.1190162e-22 0.002212348 0.891109 0.00035196415 0.00043702076 0.7847995 4.676959e-06 0.00513086 0.001576785 0.0023012569 0.78517747 0.45107445 0.41717398 0.018968314 1.1255294e-06 0.00022193648 0.0027463662 0.22642696 0.006207951 0.045464158 0.007878201 0.0020817502 1.692994e-06 0.007274641 0.0038014834 0.0052128304 0.107053764 0.0021676526 0.00020495351 0.017934432 5.9331064e-06 0.00052935473 0.032780975 1.2348662e-05 0.00056045584 0.0001867533 0.0011391998 0.0012672577 7.518381e-08 0.0086047435 0.060416196 6.440461e-06 0.00033640195 2.2110517e-06 0.00011837007 1.6568621e-06 2.0840432e-08 1.6341886e-05 3.5780713e-06 8.0366345e-09 2.012645e-07 6.4874257e-07 2.0704805e-07 4.7563386e-05 0.00020852244 1.318756e-05 8.3795465e-05 1.2848465e-05 2.9478328e-05 2.7524477e-05 6.515124e-08 3.0396252e-06 0.00063425984 0.006908203 0.008198365 1.0146787e-06 8.063012e-07 8.809933e-07 0.0049286517 3.713225e-08 2.7431015e-06 0.0016256565 3.1705273e-08 4.2363117e-06 2.213118e-09 0.008791749 2.3981713e-07 3.945695e-08 4.4678254e-07 1.7746316e-08 1.1278114e-08 8.0675235e-08 5.7153615e-09 1.2634686e-06 2.8678607e-05
0.98899305 0.55906886 0.55703574 0.5185068 0.88717294 0.9016699 0.49704564 0.019298464 0.8192041 0.016529553 0.004211404 0.5860523 0.0019062068 0.004531046 0.004279682 0.0008787486 0.002212348 1.5471457e-17 0.0033195429 0.006757371 0.5441954 0.00045470454 0.017655903 0.0012665311 0.0007619313 0.76188934 0.0009567402 0.07667661 0.019897575 0.00012546194 0.0027952592 0.0002204203 7.879577e-05 0.2303422 0.034156896 3.9477334e-05 2.2355698e-05 1.0406691e-05 0.00029888694 1.6940236e-05 0.00011329905 2.3600953e-05 0.00020667823 7.831827e-06 4.9171864e-05 0.5958205 0.000120117 7.3180354e-06 0.00023865074 2.1791425e-06 8.442316e-06 1.1238491e-05 9.782328e-06 9.89982e-06 8.301913e-05 1.5468808e-05 0.00040281416 4.0774708e-07 1.9069311e-06 3.668422e-06 5.721063e-06 8.6401174e-05 0.0002654801 4.9915593e-07 3.2358875e-07 5.333716e-06 8.737755e-09 1.2612925e-07 0.010013054 2.677984e-06 4.6346227e-06 5.106788e-07 1.1237876e-06 9.6182575e-06 0.0001221082 0.00018550828 2.6529497e-05 7.0494143e-06 4.397822e-06 6.84611e-05 0.00016805853 1.3382071e-05 1.1128384e-05 3.1972893e-05 0.0003609608 1.742207e-08 2.3028944e-05 3.8140388e-06 9.298442e-06 3.6480665e-07 6.9816424e-09 0.0006519665 2.4717774e-06 3.6777396e-06 3.1466225e-06 1.572424e-06 2.7392455e-06 1.3900619e-06 1.2054342e-08 1.3005119e-08 1.755686e-09
0.98080724 0.009341826 0.07549337 0.0012205519 0.0017664057 0.013322222 0.5045804 0.1646159 0.10462102 0.00021470529 0.030198824 0.6600104 0.06472955 0.8927738 0.013027031 0.15563655 0.891109 0.0033195429 2.2348528e-17 0.0013784011 0.0011769149 0.27108744 7.234824e-05 0.004794201 0.0015387356 0.0036179745 0.4320929 0.8671515 0.7853913 0.0044664307 3.8803337e-05 0.0003971516 0.0004041685 0.6534402 0.010612867 0.0014652496 0.00030296238 0.00014496285 6.546243e-05 0.00040711122 0.0031127024 0.0017631733 0.019450106 0.00017315662 7.543833e-05 0.040957663 5.735401e-05 4.0970343e-05 0.0096799815 2.7815972e-06 4.2777763e-05 1.3180507e-05 0.00016147208 0.00027658953 6.7938885e-07 0.0010931257 0.021234259 1.4443478e-07 2.7883802e-06 2.1864116e-06 1.3981981e-05 1.6302069e-05 2.6319065e-06 5.969418e-06 7.996756e-07 7.137876e-07 2.94219e-07 1.3096463e-06 3.212259e-05 8.5147885e-06 9.877597e-05 1.1056714e-05 1.626168e-05 3.5214787e-05 0.0006470206 0.00039997627 0.0001269038 9.42516e-05 0.00019291355 0.0028307803 0.0036048354 1.5798381e-05 5.3824566e-05 9.116171e-05 0.007107039 1.0354514e-08 3.813228e-06 0.0005805834 2.4258643e-05 1.3977303e-05 1.167095e-08 0.010100066 3.421397e-06 9.186824e-06 7.66933e-06 3.707168e-06 7.5353296e-06 2.6247826e-06 2.7313845e-07 8.2237075e-06 8.770892e-05
0.56164384 0.033438906 0.043536037 0.0631296 0.004518293 0.009155706 0.1342446 0.48028025 0.031408455 0.63074994 0.09799617 0.014046248 0.022626078 0.021296047 0.795215 0.005864963 0.00035196415 0.006757371 0.0013784011 6.661654e-19 0.0017280179 8.346376e-05 0.009191474 0.56635076 0.9701792 0.0016006293 0.00011918247 0.004825388 0.004432759 6.960267e-06 0.92793554 0.8258915 1.1659916e-06 0.001807113 0.00076393184 5.5702365e-08 1.3162568e-07 5.582678e-07 0.6842589 1.2530796e-07 0.34796384 0.003909474 2.2348811e-05 8.240743e-08 2.3521655e-07 0.0063437205 0.28688794 5.2403937e-08 5.0465587e-06 3.8277648e-08 8.531996e-08 1.7028903e-07 3.6178997e-07 9.38185e-08 0.00012898316 4.0893074e-06 4.72654e-05 2.4099041e-08 2.1059698e-07 2.5071898e-08 3.009299e-08 0.033218294 0.00071129814 4.780551e-08 1.0146651e-08 0.0031141273 1.1008051e-09 1.2380611e-08 0.0001581277 0.00022579187 2.6524992e-07 6.6148925e-05 2.2638902e-07 1.8375307e-05 0.009827995 0.01690152 0.00012523578 6.2887246e-08 1.5809188e-07 3.5929785e-05 2.3243442e-06 8.185804e-08 2.9092833e-05 8.867018e-06 9.85751e-06 8.566349e-09 1.4452007e-07 2.3641198e-06 7.2899293e-06 1.8712063e-07 1.7418039e-09 1.2274152e-05 3.0233124e-07 4.9090637e-08 1.7253622e-07 1.0012656e-07 1.8083033e-06 4.0272923e-07 7.808e-08 1.2871319e-08 9.1567266e-08
0.32183018 0.3096052 0.110550836 0.5096332 0.9413905 0.2606378 0.012692851 0.0032160725 0.055899628 0.038627934 0.0002470074 0.0043672137 4.1001498e-05 0.00034578145 0.0009516302 7.079759e-06 0.00043702076 0.5441954 0.0011769149 0.0017280179 1.5390174e-16 6.588013e-06 0.105801836 3.3826185e-05 0.00015427712 0.957734 0.0012598386 0.0010036075 0.0007827904 2.3216637e-06 0.0023918254 9.753287e-05 4.332715e-07 0.0027091266 0.9812792 1.6759202e-05 6.5532765e-07 5.141778e-07 0.00020505852 3.2082282e-06 2.2020715e-05 1.7778503e-06 6.2034516e-05 3.0113733e-07 1.3193358e-07 0.21087861 2.4522018e-05 4.734509e-08 0.00013670372 1.0487145e-08 3.454592e-07 1.2932618e-08 8.283698e-07 4.0559903e-06 0.00032666294 2.3015684e-05 0.0006926205 1.1051262e-09 3.041146e-07 1.3952715e-09 1.584694e-07 0.00017402243 0.0006788821 3.099576e-08 1.081142e-08 0.00040728462 2.3426914e-09 7.55149e-09 0.063373186 3.2066284e-06 8.78011e-08 3.6559295e-06 1.388408e-05 1.4989866e-05 0.00018413081 0.0005852676 2.5429896e-05 7.09917e-06 1.11311536e-07 8.047893e-07 6.2252855e-07 2.3702512e-06 3.944469e-06 2.1442525e-05 1.4679194e-06 5.207786e-10 2.8459183e-06 9.516001e-09 5.2410633e-06 1.0494309e-08 2.3228303e-12 7.475278e-06 1.4679455e-07 4.8957884e-07 3.4961172e-07 5.795215e-07 2.932576e-07 7.7950986e-08 2.4593994e-12 2.3436095e-11 1.7798076e-12
0.9456554 1.9338057e-05 0.000105772546 1.6210815e-07 1.2749523e-05 0.00060206174 0.005365309 0.050708666 0.0010191584 8.698218e-06 0.04863214 0.006511407 0.12618275 0.7096153 0.0068438416 0.97844666 0.7847995 0.00045470454 0.27108744 8.346376e-05 6.588013e-06 6.111702e-19 5.244541e-07 0.012089032 0.0014364871 5.9839556e-05 0.9324009 0.15808755 0.28906813 0.5681831 1.8712216e-06 0.00048242416 0.036946826 0.10270692 9.094766e-05 0.2608677 0.103510655 0.059216492 4.9188116e-06 0.10164922 0.013815143 0.23614056 0.36924395 0.029341824 0.0019020092 0.0036494504 4.0870673e-05 0.0018915241 0.15183088 0.00022065167 0.0029233908 0.00036447577 0.03886466 0.006839594 2.2003373e-07 0.04334395 0.2331033 5.0990802e-05 0.0012012456 1.82648e-05 0.0002584257 1.1986256e-05 2.7325191e-08 5.914196e-05 9.448807e-06 6.763385e-08 1.44061305e-05 5.6356926e-06 5.3389607e-07 0.0018663885 0.0005275902 0.0001571192 0.001965506 0.0013374932 0.00031854148 0.00043148792 2.533944e-06 9.7579854e-05 0.001010254 0.0028481178 0.00394285 6.634326e-05 6.068731e-05 4.659696e-05 0.0121626295 5.937691e-08 0.00023630042 0.0014103057 1.68138e-06 7.262966e-07 1.4180138e-10 0.0024745422 1.6115095e-05 5.650029e-06 1.3663144e-05 4.1866574e-06 2.5552504e-06 3.9735746e-06 1.1865894e-08 9.34092e-07 3.4490422e-05
0.05066944 0.018734735 0.014508379 0.5281899 0.020742664 0.010032707 0.0017257807 0.0003966134 0.005558186 0.97653383 4.625229e-05 0.00028777387 1.0788984e-05 8.6358836e-05 6.747863e-05 1.9603503e-06 4.676959e-06 0.017655903 7.234824e-05 0.009191474 0.105801836 5.244541e-07 3.8688806e-17 8.417355e-06 8.591443e-05 0.030978275 3.0061028e-05 0.00046380653 0.00023196166 6.230806e-06 0.4845769 0.0005015533 1.7017499e-06 0.0008206797 0.25025117 2.1360547e-06 9.762462e-07 7.164272e-06 0.006146162 6.1360527e-07 1.6141857e-05 1.2831359e-07 7.278807e-06 5.928918e-07 1.0710328e-06 0.10530267 0.00039647304 2.5909987e-06 5.5141427e-06 1.4825016e-06 4.383916e-06 9.163274e-07 4.0582463e-06 1.8867182e-06 0.19882666 1.7760913e-06 9.817735e-05 3.6185241e-07 1.2099779e-06 2.150921e-07 3.098069e-06 0.0030612648 0.08291973 4.61686e-07 5.711657e-07 0.0013295803 3.3951355e-07 1.3692944e-06 0.98562634 1.3633435e-06 1.7693609e-06 4.2336197e-07 6.7848146e-06 6.685801e-06 0.00012237424 0.00038499513 4.298971e-06 1.2034436e-06 3.651469e-06 2.9987336e-06 3.556438e-06 2.1769603e-05 2.5372628e-07 1.984092e-06 1.2157317e-07 4.4970214e-09 4.3634436e-06 3.3401537e-07 1.2223059e-07 1.215417e-06 4.489266e-09 2.2711603e-07 2.1719306e-06 4.389081e-08 2.1442523e-07 8.177752e-08 2.8241134e-06 1.486835e-07 2.8987782e-07 6.871322e-08 4.7699653e-09
0.8159213 0.00028907158 0.0005756013 6.816318e-05 0.00028164187 0.00035994654 0.025163539 0.6325079 0.001034253 0.00028118643 0.61157477 0.0026437398 0.43295863 0.14499232 0.97431344 0.19864339 0.00513086 0.0012665311 0.004794201 0.56635076 3.3826185e-05 0.012089032 8.417355e-06 1.01970326e-16 0.9397806 0.00023747947 0.008943947 0.009798846 0.009810796 0.0055644577 0.015559156 0.34791672 0.0016650691 0.0029996778 7.281353e-05 0.00017352393 9.928378e-05 0.00013107709 0.034701705 0.00015669587 0.8158444 0.43134633 0.00387429 8.0793776e-05 0.00083218643 0.00072333956 0.18127379 2.7628832e-05 0.0011698231 8.746463e-06 1.9330462e-05 0.0005263818 0.0065533114 2.208608e-05 5.046744e-07 0.00022529607 0.0029485147 2.9487946e-05 0.000979595 6.6814864e-06 1.0167036e-05 0.0040007588 2.0733793e-05 6.7398905e-06 4.2065367e-06 4.2212425e-05 2.715171e-05 4.6683454e-06 7.847049e-06 0.05980188 1.3410571e-05 0.034088552 0.0011251812 0.0073393076 0.035678387 0.035969757 0.00022182286 0.00049899035 4.679777e-05 0.00029146805 0.00015081141 0.000803072 0.017254753 0.0027026753 0.00028760513 3.3112318e-07 0.0004301418 1.7745431e-05 0.0008157127 1.9401454e-05 2.8603184e-09 0.00017551548 5.634e-06 0.00023400356 8.090761e-06 0.00016769493 6.990144e-05 3.24396e-06 3.940312e-07 5.4890813e-07 1.5130452e-06
0.44280738 0.0009712104 0.0026991633 0.0004442094 0.00042638593 0.0005516549 0.014561171 0.41184166 0.0013692795 0.009907585 0.35434613 0.0021029406 0.107048206 0.045811024 0.8965438 0.039088886 0.001576785 0.0007619313 0.0015387356 0.9701792 0.00015427712 0.0014364871 8.591443e-05 0.9397806 2.037271e-18 0.00040368736 0.0018532835 0.0045868442 0.0045830165 0.00048052392 0.090695456 0.756339 0.00016033425 0.0014323292 0.00014556892 2.8159177e-05 5.096486e-06 1.42968975e-05 0.23666017 1.013165e-05 0.8913354 0.08286669 0.00042043472 2.595601e-06 0.00010967098 0.0008159291 0.28282818 1.6109876e-06 0.00012529515 1.3908178e-06 2.3979828e-06 2.9921535e-05 0.0011169693 6.3351226e-06 4.275727e-06 3.019682e-05 0.00040226273 2.3162806e-06 0.00013971273 3.0210429e-06 4.269621e-07 0.012261179 8.6720574e-05 9.767268e-07 4.789955e-07 0.00042155365 3.7195484e-06 2.1338415e-06 0.00011764845 0.016380075 5.107638e-06 0.005994998 0.00012445531 0.0015179397 0.030197866 0.035369966 0.00040165574 0.00010305878 6.740399e-06 0.00010311275 4.288192e-05 0.00024582676 0.0039519845 0.0013063208 4.6502497e-05 1.4232809e-07 7.576949e-05 2.185089e-05 0.0007260377 2.5323423e-06 1.30210305e-08 2.3942135e-05 2.6949858e-06 4.76456e-05 3.9742154e-06 2.4964616e-05 4.280327e-05 1.9848642e-06 1.894882e-07 1.1934311e-07 2.397698e-07
0.9717109 0.04439755 0.033300504 0.1196399 0.27169845 0.07952018 0.010393303 0.0055011325 0.027011799 0.0060796333 0.0006451893 0.010553868 0.00018384482 0.0017620035 0.0013268065 0.00016575355 0.0023012569 0.76188934 0.0036179745 0.0016006293 0.957734 5.9839556e-05 0.030978275 0.00023747947 0.00040368736 7.4284465e-17 0.0023004932 0.032231137 0.0052711526 7.508971e-05 0.00087365776 5.998709e-05 2.866961e-05 0.2174421 0.9114348 0.00015788029 3.3183635e-05 3.8901413e-05 5.309612e-05 4.3852095e-05 1.9865753e-05 2.30619e-06 0.0027572848 5.9791186e-05 1.35909795e-05 0.9528107 1.1663314e-05 2.7966405e-05 0.0024818818 1.1754857e-05 1.8129906e-05 1.8210126e-06 1.1663203e-05 0.00025501312 0.0003660639 0.00014977298 0.009233686 1.1961437e-06 2.8705379e-06 3.767706e-06 3.14775e-05 6.84705e-05 0.00044418016 2.262047e-07 4.3218165e-07 7.66573e-05 4.8082933e-09 2.0451216e-07 0.085038915 4.1178755e-06 7.0930455e-06 2.1560707e-06 1.1110208e-05 2.8632858e-05 0.00013812783 0.00021298873 6.8873237e-06 5.236105e-05 2.9627827e-06 2.755841e-05 0.00027941333 5.8033736e-05 1.0878705e-05 4.9370065e-05 0.0010392247 1.2304946e-08 3.9379756e-05 2.921419e-07 2.6829524e-05 1.0483251e-07 5.6972183e-09 0.00052814477 6.7820974e-06 8.164894e-06 5.6896633e-06 5.82284e-06 4.2667857e-06 2.7074282e-06 1.9723188e-09 1.2771177e-08 3.414691e-10
0.9862771 0.0015722562 0.0019621255 0.00047528427 0.0004740898 0.0016862138 0.02312583 0.054608986 0.0029819724 3.4750527e-05 0.038907528 0.012269538 0.16770801 0.46408266 0.010691801 0.54921603 0.78517747 0.0009567402 0.4320929 0.00011918247 0.0012598386 0.9324009 3.0061028e-05 0.008943947 0.0018532835 0.0023004932 9.4847896e-18 0.59604603 0.78944695 0.31511503 2.8296225e-05 0.00032656945 0.044165157 0.77693254 0.006085713 0.3242526 0.14283364 0.07482022 9.937661e-05 0.1334804 0.0035531605 0.022980195 0.7364938 0.068482876 0.02785666 0.045660324 0.0005061908 0.010734733 0.25915742 0.0025247645 0.009755423 0.003357827 0.0057479627 0.011362216 4.1720814e-06 0.038921185 0.39131063 0.00021537054 0.0006620826 0.00034026674 0.00119681 0.00041371852 3.5151203e-05 0.00042487026 6.302591e-05 2.7998253e-06 3.1642057e-06 0.00013665628 0.00010107373 0.00039818996 0.0007984001 4.7464597e-05 0.00010144116 0.0026193478 0.0053013572 0.0054046367 0.0020241686 0.0009487114 0.0010105412 0.012211923 0.018557252 0.0018315673 0.0007853881 0.0011943245 0.041633524 1.8329889e-05 0.00023949135 0.0038650236 0.00076689466 8.307853e-05 8.2959207e-07 0.05983851 3.0457988e-05 0.00031060926 0.000677784 0.00015343388 0.00014482564 9.683433e-05 4.2515217e-06 7.54797e-05 0.00065555645
0.9544015 0.024200456 0.0398483 0.0070848395 0.0071594547 0.040292352 0.22934231 0.112692565 0.15265661 0.0028192012 0.026560761 0.7291457 0.034963887 0.26805767 0.021748114 0.042037368 0.45107445 0.07667661 0.8671515 0.004825388 0.0010036075 0.15808755 0.00046380653 0.009798846 0.0045868442 0.032231137 0.59604603 8.2934416e-19 0.96835184 0.008407949 0.0001627587 0.0012082853 0.0029791256 0.92995524 0.033829506 0.0066591455 0.0032878492 0.0026778798 0.0002714424 0.0037112236 0.011760571 0.0047228453 0.027111549 0.002680353 0.0017609156 0.09926689 0.00029994376 0.0010531964 0.0070586987 0.00046917197 0.00261038 0.00030389876 0.004088011 0.0021213784 2.3473702e-05 0.0019827124 0.013728865 0.000104020124 0.0005025978 0.00019246351 0.0015771398 5.1394694e-05 5.7346027e-05 0.0018821311 0.00028372713 1.3876123e-05 3.3734293e-06 1.28873435e-05 0.0009270927 0.00057117984 0.0019955253 0.0004637831 0.00014759363 0.00029103528 0.00087010354 0.0005802585 0.000118196476 0.0002593488 0.0017351204 0.0049079554 0.009132135 0.00014032162 0.0006940206 0.00067235203 0.010850405 7.827705e-06 7.667806e-05 0.0010704601 0.00019512705 0.00036179036 1.0747793e-05 0.02067487 4.8052505e-05 0.00021491465 0.0003448822 0.00020699405 0.00021873586 9.4947085e-05 9.159435e-06 0.000207964 0.00029462716
0.9513443 0.008978059 0.01482887 0.003641098 0.0023833164 0.013415159 0.11157942 0.10971095 0.06457963 0.0015537671 0.034208003 0.50191265 0.037508037 0.28562456 0.024098586 0.08184288 0.41717398 0.019897575 0.7853913 0.004432759 0.0007827904 0.28906813 0.00023196166 0.009810796 0.0045830165 0.0052711526 0.78944695 0.96835184 3.7961492e-17 0.028263373 0.00013942548 0.0013873829 0.008048152 0.94530076 0.011254946 0.0149451895 0.0066249184 0.004824525 0.0003379994 0.008925674 0.010165021 0.010671727 0.07798967 0.006011664 0.005525073 0.03732829 0.00045410023 0.0021785318 0.014157852 0.0005236687 0.0043482534 0.00058482157 0.012194819 0.0045276983 3.7377602e-05 0.005134262 0.024711214 0.000108112465 0.001102958 0.00030592468 0.0029830802 6.950135e-05 7.938938e-05 0.0020567076 0.00032421944 3.0970987e-05 8.822144e-06 2.8525443e-05 0.00060149125 0.0015629493 0.0029391435 0.0012462677 0.000262748 0.0007957919 0.0014425777 0.0011570862 0.00028364352 0.0006097369 0.0023165804 0.01720252 0.02451825 0.00014322315 0.0015968337 0.0015191484 0.022733241 6.897512e-06 0.00015984813 0.002409486 0.0007485972 0.00072359934 2.5631494e-05 0.043630835 1.5279538e-05 0.00028753243 0.0002687558 0.0002762695 0.0007092728 6.145692e-05 4.814291e-05 0.0008757511 0.0009552478
0.8460596 7.9261345e-06 1.7253673e-05 3.4560664e-08 3.4723341e-06 6.635066e-05 2.5180461e-05 0.0021867736 2.4388311e-05 8.7587505e-06 0.007096917 0.00012576225 0.09704186 0.027796146 0.0014839232 0.38547698 0.018968314 0.00012546194 0.0044664307 6.960267e-06 2.3216637e-06 0.5681831 6.230806e-06 0.0055644577 0.00048052392 7.508971e-05 0.31511503 0.008407949 0.028263373 7.6622547e-19 2.4112583e-06 0.00025561644 0.9871983 0.012832382 2.6219768e-05 0.48734978 0.709227 0.8572103 1.088841e-05 0.57003075 0.009167637 0.5450848 0.46819332 0.4139991 0.41673127 0.0005130493 6.460513e-05 0.08225113 0.08309967 0.045633662 0.03455377 0.073369816 0.6541887 0.047890376 2.1286695e-07 0.069487005 0.096096165 0.007874765 0.240491 0.001786361 0.0013849583 6.8215563e-06 4.7487895e-08 0.0008624551 0.0006426764 5.1209728e-08 0.009711124 0.00045200187 2.4397023e-06 0.0065068603 0.0005447986 0.00042538595 0.031789824 0.018181581 0.00018597751 0.00020311803 1.6102281e-07 0.0034665691 0.0015641712 0.0013282604 0.0008260825 0.004884359 1.5267946e-05 2.0677573e-05 0.0018236978 6.898558e-06 0.0014876988 0.0015819701 4.2043163e-07 2.0552947e-05 3.94334e-08 0.00097625004 0.00024124292 1.5619344e-05 6.156357e-05 9.539231e-06 8.0309195e-07 6.1393126e-05 3.0295496e-07 9.985051e-06 0.00029446254
