2.8703813e-27 0.8654812 0.87064457 0.99143964 0.9956631 0.9980717 0.9924176 0.79926354 0.95044416 0.9742725 0.91404307 0.93421 0.9966088 0.9591845 0.84628254 0.8740276 0.8938638 0.9920523 0.7284301 0.67398506 0.96381825 0.5677374 0.9419999 0.8710896 0.8630032 0.8495636 0.99985045 0.99977803 0.98740906 0.8712438 0.5715543 0.99994266 0.7735871 0.7092342 0.2792387 0.96276075 0.2954561 0.6767428 0.9993513 0.070160925 0.8252121 0.88496673 0.24547637 0.9256589 0.975286 0.6978407 0.9482456 0.9211291 0.04865233 0.9071073 0.9226901 0.31115666 0.023971193 0.22626522 0.3603485 0.019674335 0.99590737 0.3591158 0.20728737 0.013473196 0.52675575 0.0063468795 0.010469261 0.6458724 0.114053294 0.022194711 0.32495815 0.8856196 0.8426149 0.9652837 0.04752318 0.07409922 0.004439771 0.6670381 0.17650361 0.07368049 0.10379576 0.0035172664 0.9999686 0.0035139644 0.014208528 0.6955514 0.99138516 0.0026377235 0.0005267976 0.002416619 0.28680047 0.054750122 0.31704786 0.00046246624 0.00035621104 0.002169759 0.0034998022 0.0011491826 0.0010996968 0.00060288276 0.43120912 0.1210073 0.00060290925 0.003351494 5.3787313e-05
0.8654812 1.0026483e-20 0.97986543 0.77368647 0.6060434 0.60756224 0.19277246 0.4619235 0.33055493 0.23335022 0.06912985 0.031710993 0.31960922 0.14959578 0.0115512265 0.020047901 0.1271991 0.03886278 0.034890525 0.017308548 0.0057716896 0.015985433 0.08168831 0.0029339653 0.0015726956 0.006922917 0.055069793 0.093842044 0.00037460017 0.0059095817 0.006415221 0.1659621 0.0020593856 0.05255741 0.01052193 0.011088736 0.0018460759 0.00041573387 0.020655278 0.0011432127 0.00024653436 0.0026339404 0.0008116795 0.0025206301 0.01189952 0.00019899456 0.0013978623 0.0001729437 0.0003787983 0.0015753285 0.0012048138 4.4844477e-05 8.680008e-05 0.0042360593 6.4935164e-05 0.00029872794 0.00022119672 0.005555475 6.592252e-05 5.484822e-05 0.0001165498 0.0009142343 0.00011690637 4.205291e-05 0.00023471295 0.002834468 1.6522445e-05 0.0001110226 0.00016414354 0.00014996695 1.4936823e-05 0.00029429354 1.06071276e-07 1.2704118e-05 2.015881e-06 6.2205822e-06 1.371167e-06 5.185801e-06 0.0070194756 1.9421125e-06 1.7989194e-05 2.6647987e-05 8.850535e-06 8.697886e-06 1.9732738e-06 2.2580498e-06 8.351277e-06 1.4771452e-07 3.165505e-05 1.2103495e-06 3.0415345e-07 1.9059838e-06 4.6965653e-07 1.8575913e-06 1.7873858e-06 3.4409156e-06 4.9361795e-08 2.5004015e-06 1.7395224e-06 2.8238264e-07 4.5638963e-08
0.87064457 0.97986543 5.4349302e-18 0.5120775 0.46214378 0.41598764 0.062628075 0.5158811 0.077632196 0.03468825 0.48789623 0.3312049 0.58083606 0.03026414 0.1960826 0.24124034 0.03483238 0.25012276 0.24659288 0.1262528 0.096373655 0.1002372 0.078423165 0.025587676 0.017301278 0.040297173 0.15932225 0.07422636 0.015147252 0.03734024 0.043969 0.2501246 0.013254134 0.004126367 0.031445302 0.0006060721 0.0064806114 0.0033956103 0.005121838 0.0044430727 0.0019108179 0.00015127826 0.0024163008 0.0005251521 0.005115519 0.0014568594 7.986285e-05 0.0014139919 0.0010582178 8.879495e-05 0.0001411823 0.00030202046 0.00017829917 0.0013693096 0.0012925704 0.0011880532 0.009179438 0.00050095713 0.00029505455 0.00021063666 2.4655728e-05 0.0015154034 0.0005211993 1.0534715e-05 8.8177316e-05 0.0013427518 0.00016337095 0.00279503 0.004315126 0.005308377 0.00018861568 5.907769e-07 1.7155637e-07 0.00036300637 1.4526833e-05 5.228304e-06 2.645587e-07 1.3747095e-05 0.0045840372 2.6919752e-06 3.31834e-06 4.990714e-06 1.0917353e-06 1.0887928e-06 3.3899832e-06 1.6408491e-07 9.454635e-07 3.162833e-08 6.040251e-06 7.287486e-07 6.0433216e-08 8.895523e-07 1.7672945e-05 1.4961709e-06 9.659894e-07 6.723674e-06 2.8032476e-08 0.000116820214 4.866847e-07 8.3192965e-08 3.0565428e-08
0.99143964 0.77368647 0.5120775 5.687089e-20 0.86702687 0.8371087 0.4075705 0.48209393 0.621336 0.13664854 0.16385989 0.09351695 0.36821714 0.117484376 0.024275573 0.015342533 0.087649725 0.03221171 0.09003811 0.040312003 0.010467779 0.041379403 0.27481338 0.005320612 0.0034145052 0.0126571 0.097746335 0.671142 0.0060408935 0.009194438 0.023795398 0.37720057 0.005417122 0.06436151 0.020483645 0.0057981736 0.0040796725 0.0013889417 0.016081352 0.001351509 0.0006397022 0.0035790445 0.0011889435 0.0010699665 0.0022120886 0.0003300851 0.00092656055 0.00034133065 0.00048762694 0.0008084368 0.00066839147 6.472964e-05 0.00016306182 0.0024269058 0.0006053665 0.0005611022 0.00048496656 0.0036028263 0.0001321316 0.00020412859 0.0002496125 0.0011882458 0.00036456392 0.00019172046 0.00059179764 0.0029580782 4.682772e-05 0.00013432941 0.00059138547 0.00073989446 9.642352e-05 0.00029230118 1.8902525e-05 3.901259e-06 3.390533e-06 7.857772e-06 2.2349013e-06 1.811188e-05 0.04082661 1.207605e-05 1.4792484e-05 6.246993e-05 1.875632e-05 6.213672e-05 2.5398629e-05 0.00031592185 1.862943e-05 1.0124255e-06 0.00019333548 0.00033288033 6.137229e-05 1.3512132e-05 7.8041774e-07 1.358544e-06 2.690846e-06 3.6749545e-05 1.2196766e-07 1.9594614e-05 4.394405e-06 6.310196e-08 2.2103054e-06
0.9956631 0.6060434 0.46214378 0.86702687 2.4673358e-19 0.6408652 0.2376226 0.32436585 0.4620791 0.1795756 0.15385987 0.124470204 0.4032483 0.13905694 0.06309652 0.06257769 0.098346494 0.08699314 0.11790955 0.07640091 0.064376384 0.07166491 0.18926127 0.026051164 0.015233076 0.024725677 0.1818691 0.5948681 0.023025278 0.028734505 0.0303992 0.61172754 0.007886452 0.097617425 0.019484006 0.015955916 0.0077537694 0.0038519618 0.012745938 0.0020208657 0.00299658 0.009429073 0.002324268 0.0025459938 0.0022524646 0.0014368768 0.0018474717 0.0011374087 0.0010294262 0.0012474925 0.0008557683 0.00032765322 0.0006176734 0.004094107 0.0016704721 0.00090196106 0.0038319917 0.007990631 0.00028416418 0.0005719002 0.00046827347 0.0011964596 0.0005550627 0.00039420452 0.00089558924 0.0030844451 0.00022024487 0.0016774083 0.0024228645 0.0029191063 0.0008080849 0.0013400526 7.505469e-05 7.563873e-05 1.2942433e-05 1.1172482e-05 1.03968305e-05 0.00050446653 0.07541283 0.00025503107 2.8976589e-05 0.00015785905 8.197645e-05 0.00021550039 0.00024908007 0.00048514208 9.550505e-05 6.6608154e-06 0.00040324565 0.001119888 9.0087786e-05 3.2517175e-05 8.96846e-06 1.2647844e-05 1.6249962e-05 0.00022359376 1.3733583e-07 5.5320328e-05 2.0302052e-05 4.4619617e-07 1.8141899e-06
0.9980717 0.60756224 0.41598764 0.8371087 0.6408652 2.5738859e-20 0.6637893 0.40162894 0.71233934 0.39674652 0.15647209 0.14147605 0.059442427 0.35298908 0.036561206 0.02221223 0.22840375 0.005243249 0.10293785 0.05240087 0.00695481 0.053484567 0.60092807 0.0038086053 0.0027030592 0.03313698 0.04514717 0.65783364 0.0015992553 0.037399214 0.05136655 0.25006935 0.0044597737 0.35017893 0.06432771 0.06786898 0.006530717 0.0012389602 0.028931396 0.0022298857 9.484147e-05 0.03655874 0.00038515378 0.010581665 0.003639397 3.283074e-05 0.003885396 4.0904597e-05 0.00015032994 0.0019245185 0.0014902591 6.1364067e-06 5.2576666e-05 0.016142137 1.9209318e-05 8.39592e-05 3.9733302e-05 0.031956393 1.222243e-05 4.347421e-05 0.00061341864 0.0019962802 0.00015338164 0.0004975389 0.0008396978 0.019295204 6.186257e-06 0.00040757723 0.00035366404 0.0001964464 1.3301478e-05 0.004214313 2.2511008e-06 1.0981493e-05 8.591651e-08 1.7412693e-05 8.957571e-06 2.875892e-06 0.10220238 3.241489e-08 3.3775126e-05 0.00034798696 0.0002163059 0.00016521208 4.1861924e-07 0.0003183823 9.846494e-05 4.2105703e-06 0.00040484627 3.1425217e-05 1.6506254e-05 2.190453e-05 4.409777e-07 7.1801887e-06 9.954284e-06 2.4100627e-06 9.0777473e-07 5.5974886e-07 4.590135e-06 7.448172e-08 6.5091774e-07
0.9924176 0.19277246 0.062628075 0.4075705 0.2376226 0.6637893 1.4881401e-20 0.06773563 0.35604396 0.88965476 0.0068410784 0.0043163532 0.02224243 0.55544037 0.0009479025 0.0005313257 0.30868903 0.0017701966 0.006856333 0.0042628995 0.00026758527 0.004737371 0.1466369 0.00018088086 0.00010341755 0.002939323 0.020440232 0.47388262 3.2639993e-05 0.0038881775 0.0042513334 0.12142453 0.00016920354 0.27611846 0.007849183 0.29591802 0.00028978236 3.958406e-05 0.14728352 0.00033201632 5.7236616e-06 0.09042936 2.2899776e-05 0.036350492 0.008308372 9.871367e-06 0.013103785 2.7835633e-06 2.5969914e-05 0.004835128 0.004108332 2.0853397e-06 7.469163e-06 0.06956967 5.6755944e-06 1.8320276e-05 2.7323133e-06 0.039436936 3.8171574e-06 8.25417e-06 0.005836014 0.00048727042 2.022105e-05 0.0032443115 0.006153091 0.0039862925 2.9352186e-06 2.9248953e-05 3.383377e-05 1.9693061e-05 3.3178999e-06 0.02772341 2.5541003e-06 1.1717581e-06 4.954557e-07 0.00018508239 0.00019138562 3.347183e-06 0.11411563 6.828247e-08 0.00024009096 0.0010953808 0.0009821252 0.00089945504 7.096703e-07 0.00058280653 0.0006029762 3.2115207e-05 0.00044422975 4.4649456e-05 1.766344e-05 0.00011064884 1.4630872e-07 2.5106341e-05 3.5713605e-05 7.829289e-06 1.5247544e-05 7.690834e-08 7.774041e-05 5.457747e-07 1.922056e-06
0.79926354 0.4619235 0.5158811 0.48209393 0.32436585 0.40162894 0.06773563 3.0559038e-18 0.93457705 0.033787254 0.68081194 0.15654185 0.23878102 0.041125868 0.042710938 0.016282167 0.09112378 0.028448896 0.45449552 0.12847285 0.0024364972 0.16087095 0.9448141 0.0021006896 0.0015299713 0.058270935 0.039552547 0.03859067 0.00050644844 0.03044122 0.12905177 0.033509936 0.0044038533 0.06805635 0.14004248 0.002425912 0.016804665 0.0009188052 0.00745923 0.011837873 0.00029356504 0.0016282026 0.002179304 0.00081681035 0.0015972555 0.00018313891 0.0003114766 7.9238634e-05 0.001266272 0.0006235589 0.00054122286 0.0002008581 0.00040939372 0.0024192384 0.00018345933 0.0018591341 0.00013132596 0.00981038 0.00012329593 0.00039362788 0.00011526306 0.016940286 0.0039313063 4.012962e-05 0.00021670005 0.030746222 6.081303e-05 0.00013089147 4.0545696e-05 9.5242096e-05 2.2168317e-05 0.00076494075 1.34101765e-05 5.212947e-05 2.1394544e-05 1.1252328e-05 1.6371937e-06 1.5020304e-05 0.0016202757 8.986517e-06 1.2820949e-05 9.770636e-06 3.6292229e-06 2.8477712e-05 7.052978e-06 8.116786e-05 4.9558116e-06 3.2302975e-07 1.3915815e-05 0.00022248577 7.25813e-06 4.66965e-06 8.816408e-06 5.568962e-06 2.2658935e-06 3.3703582e-06 2.6245831e-07 4.0528066e-05 2.2042493e-06 5.3047106e-06 8.932897e-08
0.95044416 0.33055493 0.077632196 0.621336 0.4620791 0.71233934 0.35604396 0.93457705 1.0006734e-19 0.34745017 0.044402275 0.012449515 0.25529897 0.39715138 0.0025010814 0.0018119458 0.7059106 0.024220238 0.04026475 0.011194828 0.00076859887 0.013122988 0.9312809 0.0008069378 0.0006474054 0.0073381495 0.041615576 0.10580408 0.000121068675 0.0047550374 0.020531068 0.08326805 0.00070490985 0.2785911 0.04253986 0.02420236 0.0023728015 0.000107254345 0.07294775 0.0016960575 1.7636878e-05 0.012409367 0.00043188359 0.0046090344 0.020729067 1.6073162e-05 0.005012891 3.5089956e-06 0.0003616094 0.0040767537 0.0043046023 1.336382e-05 0.000117677846 0.017128896 1.712125e-05 0.0003101809 3.8251834e-05 0.036152128 1.736755e-05 0.00013477031 0.0011908942 0.0062988745 0.0010981525 0.0001899073 0.0013524335 0.034106806 1.1073111e-05 3.1753796e-05 3.883016e-06 1.8478302e-05 1.5456008e-05 0.010574895 8.671548e-06 3.0788328e-06 5.240094e-06 3.67184e-05 9.15347e-06 2.026613e-05 0.0031643189 1.3668789e-05 0.00016900341 6.011859e-05 8.0189646e-05 0.00014511016 9.162843e-06 0.00037040014 1.7608307e-05 3.978854e-06 0.0002286579 0.00016526724 1.8788849e-05 1.2116576e-05 5.760705e-07 1.3630491e-05 9.081085e-06 2.0319396e-06 4.6954433e-06 2.6717496e-06 2.0339203e-05 5.404045e-06 4.463243e-07
0.9742725 0.23335022 0.03468825 0.13664854 0.1795756 0.39674652 0.88965476 0.033787254 0.34745017 1.6581402e-20 0.0005197997 0.00019513747 0.026823124 0.84854144 1.0838102e-05 2.0728612e-05 0.49649543 0.0023066027 0.0010506217 0.0002733041 4.7752317e-05 0.0002516242 0.012765963 8.739218e-06 5.4400143e-06 4.828932e-05 0.018507885 0.26808435 8.119679e-06 4.2028976e-05 0.00010033299 0.1866357 4.2162274e-06 0.12612562 0.0010531697 0.81396115 9.449781e-06 1.278045e-06 0.3388569 1.27810545e-05 2.512276e-06 0.29136246 3.1556501e-06 0.41772905 0.253065 3.12659e-06 0.11995314 2.7128877e-07 4.9572773e-06 0.0768396 0.05629712 5.466018e-07 1.0503933e-06 0.12896034 2.2933555e-06 3.980041e-06 3.0126646e-06 0.029156009 4.779063e-07 1.4413599e-06 0.04660399 3.069295e-05 1.0079755e-06 0.012918068 0.046596378 0.0017807842 9.5039843e-07 2.7171511e-06 3.2227942e-06 7.1912145e-06 1.465503e-07 0.029024052 6.1744953e-07 6.694006e-08 3.492741e-07 0.0009687022 0.0008001235 8.48924e-06 0.1370721 1.1938313e-06 0.00058059616 0.0025733854 0.002253714 0.0013487844 2.1263113e-06 0.00034773332 0.0010265161 5.2989388e-05 0.0023878962 1.4276024e-05 3.2229143e-06 6.387176e-05 3.2544878e-07 0.00012768657 0.00015639146 7.0787937e-06 2.3078523e-05 1.112353e-06 4.336936e-05 2.177819e-06 4.4863658e-08
0.91404307 0.06912985 0.48789623 0.16385989 0.15385987 0.15647209 0.0068410784 0.68081194 0.044402275 0.0005197997 4.6749547e-18 0.8679837 0.21947461 0.0010189585 0.28515843 0.03217567 0.003043913 0.016227802 0.90795624 0.54245573 0.0020259444 0.64560056 0.5143716 0.000768275 0.00039509084 0.47732198 0.029852426 0.012967269 0.00016164588 0.38031864 0.48591593 0.009985675 0.0318261 0.0051782555 0.12176479 2.0468133e-05 0.09998088 0.005043047 0.00069083605 0.052889716 5.6091107e-05 2.7051325e-05 0.0046970895 1.8178504e-05 7.715022e-05 3.456273e-05 1.213086e-06 8.765453e-06 0.001698543 3.4197103e-06 2.9531268e-06 5.796277e-05 0.0007538324 2.74449e-05 4.1980788e-05 0.0028927815 8.892507e-06 0.0017757271 3.570145e-05 0.00084474793 4.6664936e-06 0.008636057 0.014188617 9.562389e-07 1.3307218e-06 0.016279876 9.720866e-06 3.6892183e-05 1.4654668e-05 9.36666e-06 0.00014391281 5.733331e-06 0.00024932344 9.578924e-06 3.3085628e-06 2.5959042e-07 4.095602e-08 2.0112223e-06 0.0008734686 3.4124132e-06 2.1883754e-07 3.3721506e-07 5.5808712e-08 1.8167646e-06 2.9497692e-06 8.774938e-06 1.4517387e-07 2.300573e-08 9.373618e-07 0.00019968445 1.7777994e-06 1.2262213e-06 2.4368015e-07 2.7098044e-06 1.6142865e-06 3.9205866e-06 2.1185627e-08 2.1875908e-07 3.4046e-07 3.3305128e-07 2.9959054e-07
0.93421 0.031710993 0.3312049 0.09351695 0.124470204 0.14147605 0.0043163532 0.15654185 0.012449515 0.00019513747 0.8679837 2.4402786e-16 0.35845304 0.0004922782 0.8529441 0.14586514 0.0011194107 0.03822478 0.73485094 0.86138976 0.0206865 0.66069794 0.16877007 0.004942966 0.0010073462 0.5549478 0.05480487 0.008721827 0.0015123681 0.5140175 0.3772165 0.012890895 0.11236758 0.001013317 0.074830554 3.517167e-06 0.1410663 0.030275248 0.000275676 0.0527277 0.00021490685 4.833371e-06 0.018005392 3.4553516e-06 2.9005483e-05 0.00014652775 2.3529239e-07 3.0266674e-05 0.004272707 4.0770504e-07 3.668035e-07 0.00011500612 0.0024155888 8.713228e-06 0.00028516783 0.0056379344 0.000119211225 0.0004990058 9.84917e-05 0.0017264053 1.4124925e-06 0.005621157 0.016883515 2.903241e-07 3.1105313e-07 0.0109881265 3.346467e-05 0.00022801681 4.085727e-05 7.958769e-05 0.0021887799 1.3075983e-06 0.0005203656 5.5583052e-05 1.0560125e-05 6.7984224e-08 1.0092085e-08 5.4739403e-06 0.00055367727 3.561492e-06 5.2260603e-08 4.69222e-08 1.3160504e-08 1.2024307e-06 4.4010153e-06 3.0244614e-06 4.542359e-08 1.1550964e-08 9.427267e-08 0.00011427896 4.025814e-07 4.1139953e-07 1.9023194e-06 9.698507e-07 4.6079003e-07 5.974977e-06 7.876937e-09 5.907476e-07 9.812984e-08 1.5749626e-07 4.711998e-07
0.9966088 0.31960922 0.58083606 0.36821714 0.4032483 0.059442427 0.02224243 0.23878102 0.25529897 0.026823124 0.21947461 0.35845304 2.7944652e-16 0.078243665 0.43664163 0.31090596 0.036238424 0.6481809 0.14676239 0.20308378 0.37954518 0.11504233 0.16481394 0.26378876 0.13924652 0.07788459 0.7954801 0.29307884 0.37613443 0.14127196 0.027069295 0.6103893 0.062011726 0.010136077 0.00998971 0.00078108866 0.014229377 0.03406723 0.004108791 0.001552522 0.11501367 0.0011634665 0.0075073093 0.0009568232 0.0009107603 0.05912637 0.0005165446 0.07204665 0.0033226165 0.00047086788 0.00032215254 0.009329317 0.001729195 0.00092068576 0.038949657 0.001350703 0.12937324 0.0026421268 0.010759736 0.001132329 4.316634e-05 0.0004850056 0.00043155355 4.3018732e-05 0.00029942303 0.0021655958 0.009266052 0.054490898 0.07449543 0.07331616 0.008415999 0.00013998614 0.00039641088 0.0022355167 0.0012973979 4.6051478e-06 1.1246025e-06 0.00084705476 0.018480228 0.0011353913 5.5378337e-07 4.7337257e-05 1.7369455e-05 0.00018692632 0.00051749207 0.0009431549 8.777733e-06 1.996453e-07 0.00029938534 0.0024362009 0.00042636742 5.081015e-06 8.633043e-05 4.359347e-06 6.0784128e-06 0.00100994 2.2355121e-07 0.003088532 7.566002e-05 1.8753349e-07 0.00021995748
0.9591845 0.14959578 0.03026414 0.117484376 0.13905694 0.35298908 0.55544037 0.041125868 0.39715138 0.84854144 0.0010189585 0.0004922782 0.078243665 2.635439e-18 4.7043697e-05 9.711252e-05 0.9618861 0.0061887098 0.0018592902 0.0008955615 0.00023015279 0.0009103197 0.08306321 7.8222176e-05 4.2092594e-05 0.0006615962 0.031343825 0.08067659 5.0257117e-05 0.00061615463 0.0009780771 0.054272838 3.7652797e-05 0.46450022 0.007884433 0.578195 0.00020954112 7.014188e-06 0.1624049 0.0003103614 3.1174047e-06 0.294054 2.4992773e-05 0.08092752 0.05662548 1.1060637e-05 0.021530578 4.8095916e-07 3.156037e-05 0.01505562 0.018390385 1.8879095e-06 2.6347138e-06 0.12784033 9.832995e-06 5.358247e-05 2.9237297e-05 0.11466019 7.0728893e-06 1.0602072e-05 0.022155525 0.00045208161 1.0162518e-05 0.0032067099 0.018255346 0.008663688 1.3172684e-06 8.494901e-06 4.866894e-07 2.9765467e-06 2.4167075e-06 0.06309884 1.197484e-07 4.482528e-07 3.2449083e-07 0.00073403755 0.0003441802 1.232405e-05 0.0080907475 6.945195e-06 0.0005104386 0.0009794977 0.00079992553 0.0006552842 6.060914e-06 0.0037781068 0.00018931745 3.2832428e-05 0.001036103 5.3496105e-06 3.0694312e-06 2.013509e-05 1.6657772e-06 3.3635493e-05 5.091946e-05 4.034822e-06 2.3807117e-05 2.5888671e-06 0.00013093678 1.0945156e-06 1.3505509e-07
0.84628254 0.0115512265 0.1960826 0.024275573 0.06309652 0.036561206 0.0009479025 0.042710938 0.0025010814 1.0838102e-05 0.28515843 0.8529441 0.43664163 4.7043697e-05 1.8792658e-17 0.91056436 0.00016807423 0.123328716 0.35443613 0.8778221 0.16941167 0.531192 0.014772368 0.124938734 0.020731 0.39576015 0.14999227 0.004083289 0.01614554 0.595272 0.08065596 0.034751423 0.31432003 2.062251e-05 0.010860355 1.203893e-07 0.06473326 0.1129928 5.9009562e-05 0.011566376 0.005954778 3.8857175e-07 0.06708343 4.3192867e-07 1.2140691e-05 0.011205654 6.1129256e-08 0.0007012563 0.009818271 1.746483e-07 6.59064e-08 0.0013928314 0.005229346 4.0065584e-06 0.014167292 0.0068607507 0.0021582288 1.9455316e-05 0.002792439 0.0026792872 2.8308776e-07 0.0007810607 0.003715982 3.941235e-08 2.3577152e-07 0.0011583604 0.00061070354 0.0024196815 0.00025440293 0.00069701404 0.007615914 2.0783042e-07 0.00013927119 0.00054694683 3.9046594e-05 2.7308207e-08 1.1546509e-09 4.079396e-05 0.0005039883 0.0001087646 1.7440996e-07 3.1519384e-08 1.8088429e-08 1.9062483e-07 1.4211326e-05 1.2162902e-06 3.8098758e-08 2.7679885e-09 1.3994682e-07 2.6597922e-05 1.8123455e-07 2.4977547e-07 1.8892832e-05 3.1894166e-07 3.985626e-07 2.124878e-06 1.7853294e-08 1.7050883e-06 5.2100464e-08 2.012595e-07 7.119903e-08
0.8740276 0.020047901 0.24124034 0.015342533 0.06257769 0.02221223 0.0005313257 0.016282167 0.0018119458 2.0728612e-05 0.03217567 0.14586514 0.31090596 9.711252e-05 0.91056436 8.101588e-15 0.00019709399 0.33495557 0.034047052 0.20493828 0.8441827 0.037958797 0.0013199426 0.8075594 0.5515358 0.03204372 0.19722225 0.006394594 0.23740278 0.17258355 0.008833687 0.07984424 0.28462118 5.225316e-05 0.0016477512 1.2663951e-06 0.014969602 0.27242848 0.00016537997 0.0035372628 0.33846888 1.5519277e-06 0.06501853 1.0550515e-06 2.8098068e-05 0.32040215 1.6208118e-06 0.09542192 0.02220596 7.654603e-07 2.1004038e-07 0.053710658 0.020686721 2.90403e-05 0.1666042 0.008219647 0.018033907 9.937282e-05 0.066547245 0.0050832788 1.9721863e-06 0.00016453378 0.0008308035 1.1992755e-06 1.2014368e-06 0.00015232655 0.012755514 0.0075855637 0.0045819716 0.00726374 0.04101562 1.2583023e-05 6.1169354e-05 0.0012791846 0.0013088791 6.3007155e-07 1.0899007e-07 0.00074141804 0.0001727525 0.004972488 6.9648677e-06 8.3311264e-08 1.7834958e-07 4.7104636e-06 0.00014336214 3.8158723e-06 5.4523806e-08 3.2373617e-08 1.8691707e-06 3.253076e-05 1.4297462e-06 1.44688875e-05 0.00025128011 7.4404437e-07 1.1347943e-06 1.2649486e-05 1.6824043e-07 0.00014141436 7.28208e-07 6.7817444e-07 2.2768118e-07
0.8938638 0.1271991 0.03483238 0.087649725 0.098346494 0.22840375 0.30868903 0.09112378 0.7059106 0.49649543 0.003043913 0.0011194107 0.036238424 0.9618861 0.00016807423 0.00019709399 3.1673744e-18 0.0021098386 0.0081813065 0.002120357 0.00015873765 0.003441958 0.2000847 8.238831e-05 2.4534604e-05 0.0024517472 0.0167422 0.060383968 3.2799067e-05 0.0008857362 0.006386537 0.03531218 0.0002741616 0.7848347 0.04071767 0.40511087 0.0017948437 3.3989036e-05 0.0940243 0.002393329 4.9213127e-06 0.30658415 0.0002752368 0.03192394 0.03355208 1.3493125e-05 0.011661941 1.9949887e-06 0.00015643398 0.008985283 0.012484519 4.746453e-06 1.50716005e-05 0.2280613 2.9504286e-05 0.0002229216 5.2605383e-06 0.17980126 1.2998469e-05 3.0098032e-05 0.015507413 0.00827707 0.00013869317 0.0021980978 0.058905687 0.03944167 3.1166678e-06 1.1129359e-05 8.6859615e-07 2.0591312e-06 5.35733e-06 0.12594157 1.0171143e-06 3.5104298e-07 1.8739566e-07 0.00044715236 0.00030726823 1.2167212e-05 0.0028491735 1.010385e-05 0.00074131414 0.00071745686 0.0010478441 0.0014399757 7.804412e-06 0.01129073 0.00023287398 2.6118842e-05 0.0011578528 2.0831503e-05 3.4178047e-05 4.888874e-05 3.637348e-06 3.3188036e-05 9.578279e-05 7.0118604e-06 9.019735e-06 5.4426446e-06 0.00023541531 5.1453935e-07 8.205074e-07
0.9920523 0.03886278 0.25012276 0.03221171 0.08699314 0.005243249 0.0017701966 0.028448896 0.024220238 0.0023066027 0.016227802 0.03822478 0.6481809 0.0061887098 0.123328716 0.33495557 0.0021098386 1.1355532e-17 0.016175885 0.030114248 0.6797188 0.015094964 0.006261511 0.35020405 0.3178641 0.015704265 0.82733446 0.026178693 0.8020563 0.032555886 0.0039055347 0.3853183 0.033152524 0.0002960295 0.0012904572 0.0001260223 0.002348153 0.027773285 0.00022177101 0.00035633863 0.24060506 6.328496e-05 0.0045883055 1.5397662e-05 1.6539832e-05 0.13411811 3.7213401e-06 0.32502228 0.0021314214 2.5059182e-06 2.170562e-06 0.037519228 0.0009509416 0.00023744843 0.07374248 0.00052961655 0.40338147 0.00052400894 0.03675582 0.00024158828 8.373115e-07 3.1105406e-05 1.9768291e-05 1.7772858e-06 9.261161e-05 0.0005155377 0.034017947 0.17530158 0.24173798 0.2895217 0.0078071035 5.0352082e-06 1.0522175e-05 0.008393195 0.0049338154 1.170356e-07 5.925766e-08 0.0004929063 0.0007700049 0.0015141749 8.039474e-08 1.731519e-07 1.0276032e-08 1.5366546e-05 0.00023651028 0.00020961247 5.370863e-07 5.1517343e-08 2.1241972e-06 8.6388e-05 2.7713833e-05 2.3223755e-07 0.00063841464 4.3996278e-07 1.1352001e-06 0.0001242106 4.956527e-09 0.0086617675 2.0028656e-06 6.477814e-08 1.0251822e-05
0.7284301 0.034890525 0.24659288 0.09003811 0.11790955 0.10293785 0.006856333 0.45449552 0.04026475 0.0010506217 0.90795624 0.73485094 0.14676239 0.0018592902 0.35443613 0.034047052 0.0081813065 0.016175885 3.9217816e-16 0.7658623 0.0047718817 0.9042951 0.53320116 0.0023711917 0.0013756847 0.71145064 0.017297236 0.00986327 0.00045350145 0.5308568 0.5978651 0.007928627 0.08069207 0.006934947 0.24766113 7.278825e-05 0.24237734 0.015548107 0.0011556972 0.10452793 0.00052307156 0.00013326321 0.026023895 0.0001232476 0.000374062 0.000241007 9.5547e-06 8.062275e-05 0.005779092 4.374028e-05 3.1638752e-05 0.00022103604 0.0033107477 0.00013574393 0.0006667143 0.011321201 5.050668e-05 0.002269661 0.00028421025 0.0041294573 3.2409407e-05 0.021944383 0.05084103 8.5091715e-06 5.3651884e-06 0.017877286 0.000120431745 9.251495e-05 4.039001e-05 5.825115e-05 0.00079296617 1.8768184e-05 0.0012246706 3.891099e-05 1.9801877e-05 1.9442564e-06 1.6280332e-07 3.0824835e-05 0.00055393396 6.823584e-05 2.2597735e-06 7.5348266e-06 3.8876374e-07 7.2329576e-06 3.510052e-05 6.953722e-05 2.7906658e-06 1.812641e-07 1.8263581e-05 0.0007854462 1.5729604e-05 1.0985807e-05 1.2311732e-06 1.0787719e-05 8.336309e-06 4.123261e-05 2.2820878e-07 2.7395643e-06 2.3564014e-06 2.8156153e-06 2.6425953e-06
0.67398506 0.017308548 0.1262528 0.040312003 0.07640091 0.05240087 0.0042628995 0.12847285 0.011194828 0.0002733041 0.54245573 0.86138976 0.20308378 0.0008955615 0.8778221 0.20493828 0.002120357 0.030114248 0.7658623 1.3876099e-16 0.028852187 0.91747344 0.10682046 0.017506279 0.0034367312 0.7166472 0.029066818 0.0049822503 0.0029702561 0.61998177 0.2731581 0.009840641 0.19832173 0.0011434852 0.05683884 2.4246906e-06 0.20281434 0.049964868 0.000290172 0.06390849 0.0012902592 2.6184658e-05 0.045574747 1.1903633e-05 0.00012798453 0.0006865532 1.2462883e-06 0.00024910618 0.011102418 3.689325e-06 1.1453274e-06 0.0004207941 0.0056196274 3.7983016e-05 0.0023629996 0.013189341 0.0004511694 0.00030201385 0.00037392165 0.0041218814 4.524616e-06 0.0061633387 0.03181259 8.226645e-07 6.8490283e-07 0.0061904807 0.00030601252 0.00043997102 0.00011043083 0.00034105493 0.0016017219 1.9340814e-06 0.0006975793 7.335298e-05 2.4243494e-05 2.7216961e-07 1.08005995e-08 3.395955e-05 0.00023683284 5.381872e-05 3.03096e-07 1.572757e-06 5.5638335e-08 2.590082e-06 2.73318e-05 2.2222228e-05 2.4883963e-07 3.995809e-08 1.8711502e-06 0.00021871478 1.6316603e-06 1.5877354e-06 3.970192e-06 2.2838828e-06 2.1379726e-06 1.0851795e-05 2.3652586e-08 6.886384e-06 8.215433e-07 4.899488e-07 6.4525074e-07
0.96381825 0.0057716896 0.096373655 0.010467779 0.064376384 0.00695481 0.00026758527 0.0024364972 0.00076859887 4.7752317e-05 0.0020259444 0.0206865 0.37954518 0.00023015279 0.16941167 0.8441827 0.00015873765 0.6797188 0.0047718817 0.028852187 3.862649e-14 0.009045368 0.0015423571 0.9024145 0.8434675 0.016838074 0.31332532 0.007526407 0.44554 0.1021173 0.001728093 0.2522422 0.11460115 2.4072087e-05 0.00059304223 3.4872212e-06 0.0066540004 0.18004559 0.00025466116 0.0009870982 0.30531257 9.044742e-06 0.037287194 4.4376964e-07 5.3661068e-05 0.25962418 1.7128794e-07 0.108224794 0.01738879 1.5376263e-07 3.4175294e-08 0.10769139 0.017869651 6.85393e-05 0.25003737 0.0022519007 0.017958598 0.00074206956 0.18849555 0.0012893404 5.268407e-07 3.2451626e-05 0.00017850283 1.5364816e-07 1.7185121e-06 0.00015563206 0.045034535 0.012814686 0.003410536 0.0030887574 0.11596851 5.927807e-06 0.0006866567 0.003160816 0.012156241 2.0389501e-07 6.694912e-08 0.0011907154 0.0007853301 0.012160142 3.2234739e-06 3.1607115e-07 3.7788848e-07 1.1854297e-05 0.0004228445 1.7584427e-05 1.796956e-07 8.611125e-08 7.1043173e-06 2.3001992e-05 2.3090686e-06 8.02046e-06 8.317564e-05 5.8836315e-07 8.8665735e-07 6.8860136e-05 1.43141e-07 0.00038541778 1.8551817e-06 4.3558288e-07 1.1319353e-06
0.5677374 0.015985433 0.1002372 0.041379403 0.07166491 0.053484567 0.004737371 0.16087095 0.013122988 0.0002516242 0.64560056 0.66069794 0.11504233 0.0009103197 0.531192 0.037958797 0.003441958 0.015094964 0.9042951 0.91747344 0.009045368 1.1474933e-17 0.19757223 0.0047676763 0.0009293765 0.7952195 0.017196855 0.004934291 0.0007902488 0.6368845 0.36555547 0.0068703326 0.13394323 0.0022158723 0.11456716 1.159199e-05 0.2781217 0.024158867 0.0006706854 0.07999605 0.00061416294 2.809678e-05 0.037184335 2.8635424e-05 0.00016398613 0.00021176097 3.526407e-06 9.0604844e-05 0.008159065 7.0988185e-06 5.2700234e-06 0.00017419628 0.0037835604 2.1480779e-05 0.0008025345 0.008863966 0.00010264328 0.0008968058 0.00018886228 0.0029545412 6.641166e-06 0.008640313 0.04083307 1.0934899e-06 3.7640802e-07 0.006372115 0.00013613427 0.00017864368 1.9429952e-05 0.00010175626 0.0010066524 2.1178862e-06 0.00054563343 2.9030778e-05 1.9622536e-05 2.9613972e-07 1.3368058e-08 2.1424577e-05 0.00021348248 2.7034508e-05 1.6444129e-07 2.6303555e-06 8.095623e-08 2.289815e-06 1.9191848e-05 1.4449514e-05 3.9880825e-07 8.794205e-08 4.652181e-06 0.00013406489 1.5790239e-06 4.3195523e-06 6.8845947e-07 4.383928e-06 3.5747019e-06 1.3009022e-05 3.9960756e-08 1.5860509e-06 6.0189257e-07 7.1500847e-07 7.7492444e-07
0.9419999 0.08168831 0.078423165 0.27481338 0.18926127 0.60092807 0.1466369 0.9448141 0.9312809 0.012765963 0.5143716 0.16877007 0.16481394 0.08306321 0.014772368 0.0013199426 0.2000847 0.006261511 0.53320116 0.10682046 0.0015423571 0.19757223 3.6784155e-16 0.0006698378 0.0005032995 0.25096288 0.02069861 0.031395856 0.00015186644 0.10768708 0.6996785 0.010834135 0.014687136 0.4383717 0.9046078 0.0013428491 0.14224339 0.0011653947 0.016836397 0.14070572 1.8158249e-05 0.0014551904 0.0052459724 0.00041525305 0.002350975 1.776072e-05 0.00034713297 2.2070974e-06 0.0022721605 0.0003215528 0.0002608035 4.9012124e-05 0.0005292275 0.002869877 7.273218e-05 0.0056445412 5.4723507e-05 0.109730944 5.630506e-05 0.001532988 0.00021886334 0.25747702 0.047524463 2.3796405e-05 0.00020427426 0.41399398 5.548425e-06 1.8602886e-05 2.4987637e-06 4.059667e-06 4.4528693e-05 0.0033299555 0.0003709658 5.9923477e-06 9.994202e-07 1.1932116e-05 1.2033983e-05 4.6288455e-06 0.0012236328 8.707032e-06 9.816083e-06 8.616399e-06 9.860707e-06 0.00011037618 2.2770212e-06 0.009191554 3.3482336e-06 6.3018035e-07 3.978491e-05 0.010926263 0.0010708903 4.108363e-06 3.4158006e-07 4.1540534e-06 1.813223e-06 1.6593417e-06 6.453751e-07 3.500945e-07 4.5261872e-06 1.3390029e-06 4.755048e-06
0.8710896 0.0029339653 0.025587676 0.005320612 0.026051164 0.0038086053 0.00018088086 0.0021006896 0.0008069378 8.739218e-06 0.000768275 0.004942966 0.26378876 7.8222176e-05 0.124938734 0.8075594 8.238831e-05 0.35020405 0.0023711917 0.017506279 0.9024145 0.0047676763 0.0006698378 5.3663556e-15 0.84285533 0.0042105885 0.14113353 0.011511794 0.5310015 0.031035582 0.000755008 0.08254609 0.06397639 8.691129e-06 0.0004279158 5.442305e-07 0.002160724 0.14594862 0.00026688824 0.00047885027 0.5244113 3.790212e-06 0.020768367 2.9717577e-07 2.8849556e-05 0.3604548 2.8861143e-07 0.2811479 0.009247869 6.063079e-07 3.641563e-07 0.1326964 0.010044994 0.0001384697 0.27352056 0.0019767669 0.017174605 0.000116258736 0.18019348 0.001131495 1.2693371e-06 2.6369851e-05 0.00010192545 4.5078124e-07 4.6781906e-06 0.00010079997 0.044387437 0.010896878 0.005848349 0.0033571594 0.094680436 3.2302653e-06 8.15745e-05 0.0024242017 0.0058234516 5.435966e-07 1.5878693e-07 0.0025316533 0.0002670504 0.021560844 1.0916379e-05 3.704438e-07 1.6509992e-08 1.3884438e-05 0.001342269 8.084672e-05 1.6282894e-07 8.23248e-08 4.574996e-06 3.1540934e-05 2.3304892e-05 1.9526471e-05 4.7742436e-05 2.0728226e-06 4.1801945e-06 0.00017365736 6.987295e-08 0.0004775528 1.8416349e-06 1.8897477e-07 2.4887656e-06
0.8630032 0.0015726956 0.017301278 0.0034145052 0.015233076 0.0027030592 0.00010341755 0.0015299713 0.0006474054 5.4400143e-06 0.00039509084 0.0010073462 0.13924652 4.2092594e-05 0.020731 0.5515358 2.4534604e-05 0.3178641 0.0013756847 0.0034367312 0.8434675 0.0009293765 0.0005032995 0.84285533 7.569647e-16 0.0007421382 0.12172645 0.015957903 0.9263465 0.006746029 0.00028837935 0.090824984 0.012233603 3.8483613e-06 8.877911e-05 2.2400341e-07 0.00035379615 0.03389878 0.00034811773 3.5379016e-05 0.6315796 1.423773e-06 0.0032686533 2.554791e-07 2.0613877e-05 0.30326092 2.7601297e-08 0.5978975 0.0016635477 8.9283155e-08 7.32631e-08 0.12704913 0.0012961252 7.744664e-05 0.13940756 0.0002593926 0.10354235 4.6148707e-05 0.098621346 7.50529e-05 2.7170177e-07 6.3748435e-06 4.141916e-06 2.0488618e-07 1.5938004e-06 1.9198917e-05 0.08077956 0.036122464 0.024791032 0.014958886 0.033099882 1.7968541e-06 5.42884e-06 0.013222016 0.012927718 3.520323e-07 1.5419207e-08 0.00059808156 0.0007746134 0.021065863 7.8727254e-07 1.5388733e-07 3.156515e-09 4.914048e-06 0.0006815366 2.2261745e-05 6.484057e-08 6.213962e-09 2.1168178e-06 1.1992738e-05 3.7176442e-06 3.0616222e-06 0.000287036 2.1967773e-07 4.5093822e-07 8.4491265e-05 1.0434631e-08 0.0006587718 2.3543245e-07 3.34478e-08 3.6965253e-07
0.8495636 0.006922917 0.040297173 0.0126571 0.024725677 0.03313698 0.002939323 0.058270935 0.0073381495 4.828932e-05 0.47732198 0.5549478 0.07788459 0.0006615962 0.39576015 0.03204372 0.0024517472 0.015704265 0.71145064 0.7166472 0.016838074 0.7952195 0.25096288 0.0042105885 0.0007421382 1.5898894e-16 0.01343068 0.004004271 0.0018897661 0.88200843 0.7646897 0.0036832104 0.55220866 0.0015263935 0.2976046 3.8544035e-06 0.8052163 0.18138357 0.0007014499 0.4135474 0.00057610736 1.21708445e-05 0.27948534 3.105239e-06 5.7181922e-05 0.0003302844 4.6416184e-07 3.4967677e-05 0.08711159 9.605153e-07 1.5486823e-06 0.00022753913 0.057535652 6.091104e-06 0.001968133 0.06556609 6.857022e-05 0.002677032 0.0005912095 0.03778442 1.8754916e-06 0.042923417 0.24486321 1.3713474e-06 2.0232585e-07 0.019390594 4.4601242e-05 0.00011912122 1.4664217e-05 4.5765348e-05 0.011993745 5.0641336e-07 0.010613403 1.4349254e-05 1.8512734e-05 2.942976e-07 1.983895e-08 2.3137387e-05 0.00032925262 1.1851957e-05 1.2210616e-07 1.6483091e-06 6.898821e-08 1.8168788e-06 1.4920523e-05 8.559168e-06 1.2470915e-07 3.495272e-08 2.8366326e-06 0.00017723451 1.7774722e-06 6.8771765e-06 2.266946e-06 2.9686603e-06 2.0652772e-06 4.0548824e-05 6.4694795e-08 5.094107e-07 2.8172872e-07 3.8866776e-07 8.461476e-06
0.99985045 0.055069793 0.15932225 0.097746335 0.1818691 0.04514717 0.020440232 0.039552547 0.041615576 0.018507885 0.029852426 0.05480487 0.7954801 0.031343825 0.14999227 0.19722225 0.0167422 0.82733446 0.017297236 0.029066818 0.31332532 0.017196855 0.02069861 0.14113353 0.12172645 0.01343068 1.0892198e-13 0.10708465 0.4149487 0.035322294 0.004613223 0.5279808 0.023784015 0.005254968 0.00208909 0.0016566237 0.0030651456 0.018070588 0.007265686 0.00036661222 0.11647079 0.0017435526 0.0023870696 0.0006934808 0.00066297053 0.059979025 0.00053960795 0.14840162 0.0011034693 0.00060546404 0.00066836283 0.011674844 0.0005319341 0.0014330131 0.025724579 0.00036767017 0.4079609 0.0014460591 0.014102635 0.0002688732 6.3537984e-05 0.00014823787 7.918568e-05 0.00012906044 0.0005339554 0.0007060644 0.015505823 0.10204557 0.13954568 0.21613127 0.0057365857 8.422433e-05 0.00012495636 0.00954674 0.005782979 9.793286e-06 2.3672026e-05 0.0007540459 0.011906405 0.0012424442 1.4005676e-06 3.0672498e-05 6.635265e-06 0.00039140694 0.00059784745 0.00062513887 5.4365108e-05 7.329714e-06 0.000120722434 0.0001636365 0.00014674535 4.631455e-06 0.00081918156 4.438221e-05 5.399567e-05 0.0006463437 1.8977548e-06 0.021257153 6.0563925e-05 1.751147e-06 9.719433e-05
0.99977803 0.093842044 0.07422636 0.671142 0.5948681 0.65783364 0.47388262 0.03859067 0.10580408 0.26808435 0.012967269 0.008721827 0.29307884 0.08067659 0.004083289 0.006394594 0.060383968 0.026178693 0.00986327 0.0049822503 0.007526407 0.004934291 0.031395856 0.011511794 0.015957903 0.004004271 0.10708465 1.1379387e-16 0.0052083777 0.0033961707 0.003062652 0.7729756 0.00033436422 0.0382363 0.0037208349 0.12334454 0.0007724796 0.00013302919 0.18877453 0.00023133516 0.0003853538 0.025774226 0.00030551825 0.08262963 0.09324378 0.00015352931 0.08816992 0.0005012599 0.00040666788 0.04729446 0.045626897 0.000111200294 0.00031883144 0.008419102 0.00034156625 0.00031368702 0.002272221 0.0062262835 0.00045842247 0.00035894767 0.0019886224 0.0007371607 0.0001880449 0.0032064286 0.0034229523 0.0019214266 0.00011483285 0.0029990643 0.011956938 0.017581537 0.0014540056 0.0028584034 0.0001242805 0.00016303694 1.7919881e-05 0.0006557178 0.0008195476 0.0010023692 0.5535157 0.0014978305 0.00015428271 0.0051158774 0.005580899 0.0019428416 0.00038262713 0.001869743 0.0019029509 0.00019701148 0.0040364075 0.0026744914 0.0011922482 0.00024428804 2.2132066e-05 0.0007293288 0.00068893016 0.0018817157 0.00020218459 1.4800401e-05 0.0011352203 3.5455087e-05 7.4854186e-05
0.98740906 0.00037460017 0.015147252 0.0060408935 0.023025278 0.0015992553 3.2639993e-05 0.00050644844 0.000121068675 8.119679e-06 0.00016164588 0.0015123681 0.37613443 5.0257117e-05 0.01614554 0.23740278 3.2799067e-05 0.8020563 0.00045350145 0.0029702561 0.44554 0.0007902488 0.00015186644 0.5310015 0.9263465 0.0018897661 0.4149487 0.0052083777 3.542075e-16 0.010271551 0.00017499253 0.32065395 0.011928823 9.296557e-07 9.824202e-06 4.0727213e-07 0.00031805976 0.024078494 0.00014502837 1.886111e-05 0.25164923 1.5317685e-06 0.0020685433 4.831785e-08 2.866891e-06 0.09858656 9.198049e-09 0.3392424 0.0007949788 8.3970997e-10 1.0700857e-09 0.051590916 0.0007776707 6.8802988e-06 0.08082336 0.000117096286 0.187562 7.861359e-05 0.06327354 5.434505e-05 2.0126161e-07 6.182274e-07 5.197072e-07 2.6162501e-08 3.3824992e-07 4.4043863e-06 0.07074638 0.10751241 0.038839824 0.025704121 0.032858595 2.3885573e-07 1.5630349e-06 0.028248759 0.029938566 1.3304313e-08 2.0811237e-08 0.00067104615 0.0005685501 0.011565113 3.47834e-08 3.4358752e-08 2.895852e-09 1.1193488e-06 0.0004924956 2.6599974e-07 1.7915822e-08 3.6402366e-09 3.146825e-07 1.4735213e-06 2.3958924e-07 2.7769892e-07 0.0006355465 1.3357156e-07 1.013909e-07 7.310924e-05 3.2983916e-09 0.0005038739 2.9545143e-07 2.8925742e-08 7.647317e-08
0.8712438 0.0059095817 0.03734024 0.009194438 0.028734505 0.037399214 0.0038881775 0.03044122 0.0047550374 4.2028976e-05 0.38031864 0.5140175 0.14127196 0.00061615463 0.595272 0.17258355 0.0008857362 0.032555886 0.5308568 0.61998177 0.1021173 0.6368845 0.10768708 0.031035582 0.006746029 0.88200843 0.035322294 0.0033961707 0.010271551 1.7300026e-14 0.48996472 0.006431408 0.81669694 0.00023791016 0.11949699 1.0303726e-06 0.6593475 0.47990406 0.00043089208 0.3154064 0.004235347 2.36115e-06 0.45319304 1.065954e-06 1.46743605e-05 0.0034886384 2.2311629e-07 0.0001884571 0.24742897 1.3503357e-07 1.1318959e-07 0.0010132688 0.1257197 1.7009871e-06 0.04178268 0.111878805 0.0008262546 0.00036341717 0.005231686 0.05616604 7.7416723e-07 0.013721547 0.17998283 3.6057682e-07 1.3607085e-07 0.007860779 0.00028179956 0.00061615586 0.00010812123 0.00022493325 0.036228135 1.01358424e-07 0.020954099 6.873226e-05 2.5758725e-05 2.8247166e-08 3.7030248e-09 0.00021330177 0.0007673509 4.3935484e-05 8.827244e-08 4.8125713e-08 6.5755557e-09 3.6248588e-07 2.8142853e-05 3.0203773e-06 4.1137813e-08 2.4642632e-09 3.7516517e-07 0.00026690704 3.5626994e-07 2.2372835e-06 7.667298e-06 4.305419e-07 4.866513e-07 1.4412755e-05 3.6634606e-08 1.5375803e-06 1.4735348e-07 1.2319067e-07 2.5952606e-05
0.5715543 0.006415221 0.043969 0.023795398 0.0303992 0.05136655 0.0042513334 0.12905177 0.020531068 0.00010033299 0.48591593 0.3772165 0.027069295 0.0009780771 0.08065596 0.008833687 0.006386537 0.0039055347 0.5978651 0.2731581 0.001728093 0.36555547 0.6996785 0.000755008 0.00028837935 0.7646897 0.004613223 0.003062652 0.00017499253 0.48996472 2.84806e-16 0.0022066357 0.08732872 0.0026460418 0.9580233 8.98745e-06 0.8223492 0.012278018 0.00026190342 0.6117788 4.8003312e-05 6.81547e-06 0.04477907 2.853433e-06 3.0847095e-05 1.41738865e-05 1.8368927e-07 1.4517561e-06 0.0082586985 1.9541858e-07 3.6663462e-07 1.2251373e-05 0.0034383852 9.7841e-06 3.4225344e-05 0.019796453 4.42068e-06 0.0028687783 8.697836e-06 0.005175244 1.1192078e-06 0.13164291 0.19168495 3.9017485e-07 1.8231229e-07 0.08640617 1.3245167e-06 2.238738e-05 1.7477334e-06 4.021357e-06 0.0007951611 9.389874e-07 0.005164222 2.506028e-06 7.2553445e-07 6.0797746e-08 1.17452705e-08 1.2997899e-05 0.0001773265 5.0004232e-06 7.9436596e-08 2.982931e-07 3.28665e-08 6.1507485e-06 3.7825428e-06 6.0543545e-05 1.6050032e-07 1.31889495e-08 1.4778997e-06 0.0023680823 5.3560245e-05 3.4637978e-06 6.565938e-07 9.141253e-07 5.525321e-07 4.9341043e-06 2.4852362e-08 1.1025798e-07 4.111638e-07 1.236464e-07 4.6762252e-05
