2.7254551e-31 0.61826044 0.24618798 0.08983428 0.2580844 0.35451683 0.00815016 0.02779646 0.6323868 0.5425852 0.014178437 0.010363077 0.00230689 0.011142753 0.25032437 0.38697398 0.6720099 0.7981061 0.08498853 0.016917894 0.016451214 0.40199292 0.01601725 0.21792956 0.07270386 0.0006811779 0.14675474 0.43383262 0.0007641993 0.0006882442 0.00011782092 9.487992e-05 7.232858e-05 0.47481495 0.8707306 0.5594842 0.3544487 0.8709354 0.9156456 0.7648052 0.95110345 0.966442 0.09860649 0.984148 0.2636378 0.00018244058 0.0048465077 0.006722578 0.0015190272 0.13297473 0.0020960197 0.9716519 0.49522102 0.013293338 0.006157285 0.21536437 0.92786473 0.28810033 0.9516931 0.7065223 0.000700529 0.87058246 0.2930771 0.7717986 0.9386894 0.90121067 0.00037328652 0.064402744 0.84480995 0.17472926 0.7389227 0.00386361 0.9929026 8.115115e-05 0.99996257 0.72061896 0.0032643573 0.003456916 0.99917865 0.8597136 2.0021256e-05 0.7972117 0.014058973 1.5390113e-05 0.2423345 0.009547783 0.99750274 0.99993795 0.0030841907 0.018292073 0.036231928 0.9723059 1.12518155e-08 0.69713575 0.90319383 0.010813836 0.00034043714 0.73481625 0.44538122 8.1093425e-09 2.6789164e-06
0.61826044 7.752401e-18 0.8419456 0.55454475 0.8190963 0.22598968 0.5014544 0.6494402 0.90675044 0.63728595 0.5555257 0.22654839 0.2114223 0.23161875 0.13695149 0.046600122 0.22199586 0.2816648 0.04944632 0.058607105 0.015284263 0.12745556 0.23324443 0.04032642 0.039517984 0.004993945 0.025955264 0.011867741 0.0016818622 0.0026495908 0.060025133 0.012174236 0.0030677032 0.05699479 0.4069129 0.047619306 0.005352785 0.1968027 0.0927666 0.0042486927 0.009843889 0.0027893567 0.00523467 0.3545065 0.007782068 9.702013e-05 0.013459319 0.0051958063 0.00030157637 0.0011745272 0.001149439 0.01537357 0.0005444839 0.00065105467 0.0013856632 0.0003232466 0.004364468 0.0002754844 0.038957447 0.00017588797 4.718379e-05 0.0033200593 0.00015269277 0.0024669042 0.002654029 0.004166448 1.6331252e-06 8.650993e-05 0.0025354705 8.560973e-06 0.0005844692 6.139061e-05 0.0017500813 5.9175694e-05 0.025926264 0.000245102 2.441966e-05 0.00063696667 0.01782357 0.016812745 5.9786876e-06 0.00078040146 2.5542307e-05 4.030903e-06 8.66717e-05 3.9861894e-05 0.00068822847 0.06161438 4.033162e-05 0.00027699684 0.0005988589 0.011314968 2.8385145e-07 0.00026072815 0.0077709844 0.0007889438 4.213979e-05 0.00020285901 1.1299233e-05 1.390416e-06 1.2438442e-05
0.24618798 0.8419456 2.901846e-20 0.96342486 0.2655167 0.483471 0.44776523 0.6699518 0.5150197 0.09630782 0.177321 0.20835564 0.1408938 0.17393067 0.09089341 0.09063037 0.13698307 0.14199159 0.05367598 0.063490435 0.0010625424 0.05500957 0.24336882 0.0011190943 0.0015369243 0.001846592 0.042099543 0.033277933 6.4082255e-05 0.00037542416 0.02115272 0.010723237 0.0038257039 0.08654087 0.21259144 0.009994222 0.0007317219 0.10649902 0.01659436 0.01751139 0.018694358 0.027271833 0.0006805429 0.1374554 0.011505347 1.1900046e-05 0.0083770575 0.0039516357 0.0002543823 0.0016776772 0.0012742497 0.007853653 0.00057611504 2.400478e-05 3.26683e-05 0.0012734759 0.004294093 0.00023609586 0.00975046 0.00021878885 0.00010359365 0.0041212835 0.00012716488 0.0039722905 0.0025499996 0.0042880494 1.5128613e-05 0.00066572754 0.0028752834 3.795135e-06 0.0004373979 5.8586542e-05 0.0012938486 5.3207234e-05 0.008897026 0.00054762955 2.0052517e-05 5.7813606e-05 0.0009677179 0.0011461682 1.9234249e-05 0.00048084508 5.6857607e-05 4.521778e-06 1.1256857e-05 9.971149e-06 0.00050957454 0.009377231 3.0220644e-05 9.573863e-06 0.0003526131 0.0006015314 1.5879027e-07 6.810697e-05 0.0015800998 0.000107984386 9.482017e-06 9.087518e-05 5.8873775e-06 2.934179e-07 1.325012e-06
0.08983428 0.55454475 0.96342486 1.7783276e-20 0.15503731 0.69283336 0.31995276 0.75227505 0.34772864 0.048090477 0.030747414 0.43710324 0.07537451 0.37811285 0.1729659 0.18019767 0.12316362 0.09409553 0.1491783 0.18771331 9.0020374e-05 0.075270705 0.39786527 0.00023248367 0.00034336795 0.0007677296 0.11034496 0.069530845 3.552599e-05 4.8003996e-05 0.027079558 0.032496832 0.011554502 0.17997427 0.07470634 0.0031869512 0.00014591015 0.0428786 0.007332578 0.034641024 0.043625582 0.05968952 0.0001442097 0.08414422 0.025486559 1.8576268e-06 0.039896403 0.01976815 0.00011316159 0.006908016 0.0054025725 0.012161419 0.002745858 1.0628009e-05 2.0745778e-05 0.010013069 0.00383751 0.0010891464 0.010863238 0.0013522459 0.0012977154 0.0049449652 0.0007932986 0.0029128047 0.0031989042 0.0038901304 0.0002636886 0.0029806136 0.0016504785 2.7375156e-05 0.00032037584 0.00023055899 0.0018373721 0.00013676748 0.0041035786 0.00017055208 3.0886484e-05 2.0982486e-06 0.00035969226 0.00013693506 9.776401e-05 0.00095030887 2.821681e-05 1.3165746e-05 8.25683e-06 5.9714625e-06 0.00023551208 0.0021823973 1.0956231e-05 1.3075365e-05 8.008617e-05 0.00013125071 5.3382735e-07 9.095251e-05 0.00036249662 6.4411365e-06 5.7400603e-06 3.3656193e-05 2.3438638e-06 4.6581766e-07 2.0468142e-06
0.2580844 0.8190963 0.2655167 0.15503731 4.0643528e-18 0.010888728 0.2719958 0.1977169 0.47011817 0.9787635 0.57210606 0.042882632 0.19262303 0.038196385 0.005690497 0.0030576312 0.02682084 0.09386807 0.0039287764 0.009468184 0.24663097 0.022204977 0.01633096 0.1887197 0.21830206 0.049198736 0.0022140662 0.00053767214 0.02371231 0.019077577 0.008499621 0.0052357637 0.0018127891 0.010376388 0.20978016 0.097947955 0.027740356 0.13078842 0.13003628 0.0005496203 0.0002307486 0.00062222674 0.023279533 0.22495869 0.0007147542 0.0009392715 0.0013897897 0.0014359241 0.00192701 0.00023755805 0.00025133017 0.0015444502 7.0215734e-05 0.00092212996 0.0013731266 4.8765345e-05 0.00030430654 4.1123483e-05 0.0073691886 3.9127706e-05 4.2740492e-05 0.00045481487 9.3704715e-05 0.00062886445 0.0006249794 0.0012432537 8.096658e-06 9.3518305e-05 0.0006290536 1.9810593e-06 9.1928945e-05 0.00012965767 0.00079542695 5.3720054e-05 0.008383311 4.6171597e-05 1.7031827e-05 0.00056557707 0.038244724 0.0234753 1.1868312e-05 0.00014573548 4.1617674e-05 6.6296357e-06 1.1074727e-05 1.2667171e-05 0.000102226346 0.05509779 0.00014325239 7.8704514e-05 0.00097119977 0.011540947 1.3615165e-06 2.544775e-05 0.01016487 0.0006394834 6.1368955e-05 5.9464237e-06 1.1979668e-06 6.971051e-07 3.285379e-05
0.35451683 0.22598968 0.483471 0.69283336 0.010888728 2.8708625e-20 0.0343545 0.32843468 0.14565824 0.003358615 0.0017776766 0.20990427 0.005652196 0.18343277 0.9766184 0.68252444 0.26650116 0.07692369 0.32537353 0.22857817 6.818886e-05 0.07418539 0.33309358 0.00012165014 4.2429972e-05 7.355374e-05 0.1830334 0.13924797 2.4049417e-05 9.619285e-06 0.010605764 0.016140573 0.0049162074 0.1175757 0.05869143 0.00087556144 0.00015010516 0.015541458 0.0037206379 0.04029435 0.08388242 0.09524588 0.00011364664 0.0423386 0.0293895 3.82493e-06 0.1332267 0.0660079 1.9771098e-05 0.014264745 0.013339158 0.029503671 0.0047786124 9.358982e-06 4.8886623e-06 0.0075597414 0.019976405 0.0058027343 0.02387949 0.003203372 0.00797437 0.011779811 0.00102521 0.007653108 0.009062037 0.00813159 0.0012180716 0.003361903 0.0038370162 0.0001844018 0.0013892993 0.002216409 0.0035046467 0.00026717753 0.013529095 0.0009927909 0.00049430487 4.4341175e-07 0.00030042985 0.00031287584 3.157524e-05 0.0025800187 4.726098e-05 4.4228032e-05 1.8051234e-05 1.1483016e-05 0.0018199772 0.003301317 7.121473e-06 8.4618594e-05 2.881428e-05 0.0001203702 1.6994426e-07 0.00049694657 0.0006072839 1.1849974e-06 4.418004e-06 0.00016370267 3.4733512e-06 1.3605743e-06 4.560253e-07
0.00815016 0.5014544 0.44776523 0.31995276 0.2719958 0.0343545 1.9928713e-20 0.8550642 0.1209378 0.11430537 0.6561455 0.33774003 0.9305846 0.3253964 0.0025653874 0.006270403 0.01056877 0.006858537 0.012379161 0.030370155 0.0035316711 0.0019021027 0.41717312 0.0065142205 0.0074857255 0.007047688 0.0076466477 0.0029463547 0.00065100373 0.0011977087 0.38014233 0.050601717 0.02451791 0.0011255768 0.043212872 0.006281452 0.0024737786 0.011559347 0.005881211 0.002957562 0.0010121032 0.004317004 0.0014779906 0.0042017237 0.0055492218 2.4356468e-05 0.004728959 0.001910611 0.00016606113 0.00074370723 0.0013228095 0.0010371015 0.00015790015 0.00010760956 0.00011744376 0.00033573803 0.0008457378 7.888193e-05 0.0013593631 0.00015243002 4.867752e-05 0.0014838723 2.832344e-05 0.0027042686 0.00087981904 0.0018072163 3.349473e-06 0.00012306382 0.0034027633 1.8543999e-06 7.217512e-05 2.3956229e-05 0.0010996087 4.5563165e-06 0.00024948016 0.00012314787 6.501271e-06 5.501224e-05 0.0008716375 0.0009346157 4.242145e-06 3.5169913e-05 5.382977e-06 1.3685425e-06 1.13653305e-05 6.4377315e-07 2.7839791e-05 0.002692775 3.870862e-06 2.2501166e-07 0.0008058638 0.0018294891 5.267885e-07 7.6057368e-06 0.001550858 0.0003137702 1.3837647e-06 2.919958e-06 2.7871495e-06 7.365036e-08 2.0392302e-07
0.02779646 0.6494402 0.6699518 0.75227505 0.1977169 0.32843468 0.8550642 2.1721068e-19 0.31069022 0.06463175 0.29505402 0.86610395 0.426381 0.78027093 0.036618643 0.1594076 0.063433245 0.03938193 0.116791606 0.15215017 5.4317585e-05 0.021707086 0.7805284 0.0010925285 0.0006078491 0.0007835963 0.10416543 0.04501969 1.26621335e-05 0.00015507339 0.3921926 0.08267312 0.03039398 0.013329849 0.04519395 0.0025062186 0.00038472735 0.017555919 0.0023331034 0.022474317 0.004675216 0.024312098 0.00020806676 0.034268264 0.02946864 4.0282393e-06 0.01973737 0.0074547245 0.00010935546 0.003991201 0.003961856 0.0021521759 0.0015038536 1.0212057e-05 1.3712252e-05 0.0012391793 0.0031972665 0.0006979034 0.0023223893 9.902194e-05 0.0009138608 0.004619043 0.00024751696 0.0061146724 0.0015923362 0.0032355397 9.4585215e-05 0.0011109377 0.005984487 7.954311e-06 0.00029812942 9.076778e-05 0.001720156 3.3869896e-05 0.001178111 0.000915334 1.0207121e-05 0.0005536361 0.0002984102 0.00022156641 1.2899847e-05 0.00025111815 2.5634577e-05 4.173984e-06 4.635129e-05 6.9940425e-06 0.00015834591 0.0016582313 1.16690435e-05 3.069873e-06 0.0003026949 0.00045096403 7.0628556e-07 4.7967063e-05 0.00058611325 0.00012248938 6.708948e-06 4.939804e-05 4.540073e-06 8.7383216e-07 1.6194151e-06
0.6323868 0.90675044 0.5150197 0.34772864 0.47011817 0.14565824 0.1209378 0.31069022 2.0705832e-20 0.36872423 0.042532485 0.1053886 0.023477385 0.09849089 0.18505457 0.0410672 0.33260655 0.94727296 0.02211912 0.03433917 0.0027537853 0.14230196 0.05057856 0.015481695 0.017210135 0.0007824153 0.012452145 0.009683679 0.00022839854 0.0002712667 0.0037016273 0.0019924487 0.00025818427 0.17965817 0.35215434 0.04774088 0.0030442467 0.24497005 0.16336 0.004670323 0.0188634 0.0066261883 0.0022866149 0.27883944 0.005452446 2.9919709e-05 0.0035910155 0.0013685505 0.00013339252 0.0011186001 0.00028483948 0.022164969 0.0005982823 0.00033510098 0.0006068349 0.0011505774 0.004992709 6.494284e-05 0.079562336 0.0006100222 7.539272e-05 0.0036463349 0.00012387852 0.003137642 0.010799521 0.005090446 1.0324794e-06 0.00021002928 0.0028887896 3.1616926e-06 0.00064006186 6.940544e-05 0.006183571 9.565358e-06 0.04354545 0.00054965937 1.0224619e-05 1.1920184e-05 0.025642818 0.017797887 1.8098369e-06 0.00043291817 3.88087e-05 2.2368354e-06 1.3686587e-06 2.0806347e-05 0.0019321874 0.06688425 2.7231279e-06 5.1179628e-05 0.00023286443 0.0059884805 5.5088073e-08 0.0001874535 0.0067456467 0.0004695488 1.3912842e-05 0.00023356591 1.935502e-06 7.3588046e-07 3.2007838e-06
0.5425852 0.63728595 0.09630782 0.048090477 0.9787635 0.003358615 0.11430537 0.06463175 0.36872423 1.1820221e-19 0.47852942 0.014246886 0.100064866 0.013043658 0.0006378088 0.00057810737 0.012539352 0.058324255 0.001364619 0.0030955514 0.2958971 0.0031463841 0.003037894 0.37962332 0.30906925 0.047161877 0.00052928977 5.474637e-05 0.03289517 0.031637397 0.0017620226 0.00082743197 0.00026428403 0.0010315068 0.38243616 0.20688626 0.047869287 0.2982223 0.1886985 8.019233e-05 8.857353e-05 8.101961e-05 0.033689864 0.19790925 0.00011080132 0.0013407491 0.00039439293 0.0003065204 0.0016134856 8.583789e-06 0.0001496866 0.0011567381 2.2047612e-05 0.0019901062 0.003408226 8.0183645e-06 0.00039587027 7.0064725e-06 0.0074007697 3.5489638e-06 6.3492334e-06 0.0007049499 7.935671e-06 0.0008002998 0.000755554 0.0014770129 4.881248e-07 4.8742772e-06 0.00044898465 3.3508962e-07 6.513618e-05 5.3058434e-06 0.00058891723 1.432099e-06 0.012014175 5.7575086e-05 1.2779122e-06 0.0008556214 0.09214326 0.05355633 2.0628883e-07 1.7652663e-05 2.1701368e-05 2.0607743e-07 1.2160477e-06 2.9774951e-06 0.00045338922 0.13330132 4.2637025e-06 1.9064266e-05 0.0015775876 0.027295185 4.790674e-08 6.7028855e-06 0.021214785 0.0011839407 2.1965845e-05 3.6669983e-06 1.1230998e-06 9.7110615e-08 2.8907405e-06
0.014178437 0.5555257 0.177321 0.030747414 0.57210606 0.0017776766 0.6561455 0.29505402 0.042532485 0.47852942 7.423994e-18 0.019851757 0.94565463 0.020506745 0.00024395327 0.0005401156 0.0022239785 0.0019755862 0.00027623182 0.00044872568 0.6167471 0.00047297863 0.015705891 0.19110616 0.16521153 0.7218012 0.00010218453 6.696704e-05 0.16208163 0.33310428 0.080871694 0.0052674236 0.0027823218 0.00012849562 0.059324168 0.07148094 0.046843514 0.019058429 0.040657435 0.0002542637 4.3160293e-05 0.00028051308 0.041684784 0.003722434 0.0007090358 0.0064498903 0.00061968685 0.00030703534 0.0073941727 6.173937e-05 0.0002703865 0.0014522236 7.3394825e-05 0.0024385874 0.003319899 0.0001602421 0.00022227348 4.0260176e-05 0.0022237557 5.1258274e-05 1.0918711e-05 0.00054239866 0.00010173413 0.0020856273 0.00062437024 0.0014331441 9.729773e-07 0.00010143864 0.0055377022 1.4844694e-06 5.0151546e-05 3.9960476e-05 0.000519677 3.1381117e-06 0.0016150643 0.00011329938 1.9711513e-05 0.004154285 0.010414109 0.01671343 1.3237463e-06 3.9659597e-05 1.7409007e-05 5.7062397e-07 0.00094084797 1.8008617e-06 7.302775e-06 0.032807857 9.5181626e-05 2.4405751e-06 0.004940155 0.009789813 4.1397502e-07 1.635882e-05 0.005733362 0.0031979661 9.146838e-06 7.381905e-06 1.4279278e-05 1.8034403e-07 1.4644211e-06
0.010363077 0.22654839 0.20835564 0.43710324 0.042882632 0.20990427 0.33774003 0.86610395 0.1053886 0.014246886 0.019851757 5.661893e-20 0.09411966 0.85532236 0.02862 0.13962267 0.04656496 0.017901273 0.19410162 0.17728162 5.047434e-06 0.017276464 0.69059426 0.00017078729 3.66245e-05 0.00013418972 0.13304621 0.077088244 4.400251e-06 1.2165007e-05 0.13629112 0.062192302 0.025919292 0.019701233 0.01686952 0.00047147606 5.1428135e-05 0.004537096 0.00049398514 0.033080608 0.0061465455 0.033501197 3.8961818e-05 0.010294321 0.042340808 1.4546525e-06 0.034567818 0.024591506 7.070661e-05 0.014332338 0.021635816 0.002225519 0.0036697607 2.651059e-06 3.0932717e-06 0.0036243028 0.0020726153 0.0025429062 0.0022675905 0.00030629948 0.013420758 0.0020825595 0.000695659 0.0017931609 0.0011515501 0.0016695564 0.00068616896 0.0013153586 0.0014710432 3.0268642e-05 0.000106252766 0.00044515554 0.001304145 0.00020913723 0.0013202914 0.00017526976 2.6975327e-05 6.770943e-06 0.00017090622 3.6626836e-05 3.512121e-05 0.00015565284 2.4563635e-05 8.549207e-06 3.7320933e-05 2.003116e-06 9.0275964e-05 0.00078315445 1.4469869e-05 3.6270046e-06 8.504559e-05 8.16919e-05 1.1758765e-06 1.779539e-05 0.00027451117 2.7234553e-06 1.5822106e-06 4.7126027e-06 3.0311087e-06 4.4897672e-07 4.1972493e-07
0.00230689 0.2114223 0.1408938 0.07537451 0.19262303 0.005652196 0.9305846 0.426381 0.023477385 0.100064866 0.94565463 0.09411966 4.6592835e-20 0.094917245 0.0013273727 0.0028448887 0.0020552555 0.0028358332 0.0019788116 0.006805725 0.018897014 0.00039554364 0.0984819 0.010860665 0.009862865 0.08163424 0.0014137485 0.000292178 0.006810805 0.017955825 0.34380886 0.042322166 0.04457519 0.0002603624 0.008932589 0.006415867 0.0047929618 0.006247252 0.0042657815 0.00027658424 2.636276e-05 0.00047363338 0.0046401783 0.0013265616 0.0014230977 0.00055396964 0.0022968652 0.0016590522 0.0009367922 0.00023031351 0.0014888234 0.0005457206 1.4946999e-05 0.00094218174 0.000992914 0.00017360503 0.0002391059 4.1141448e-05 0.0008728728 2.0972293e-05 5.2024876e-05 0.00014000776 1.9188721e-05 0.00039817573 0.00016313835 0.00026126252 9.1631655e-06 7.224468e-05 0.0006255554 2.150522e-06 2.314001e-05 6.416267e-05 0.000466511 3.6074125e-05 0.00015367125 1.7816328e-05 6.1705876e-05 0.0007943994 0.000937318 0.0016665084 7.850493e-06 3.77199e-05 2.1002137e-05 5.422574e-06 4.238023e-05 3.400283e-06 1.0324307e-05 0.0027636858 3.1210773e-05 1.680936e-06 0.0012439908 0.0015259378 2.2206225e-06 6.6473435e-06 0.002279968 0.0015341991 6.7125834e-06 5.474457e-06 4.06127e-06 1.6931756e-07 1.0564622e-06
0.011142753 0.23161875 0.17393067 0.37811285 0.038196385 0.18343277 0.3253964 0.78027093 0.09849089 0.013043658 0.020506745 0.85532236 0.094917245 1.8631107e-19 0.030351697 0.16083106 0.04899314 0.018111277 0.21412617 0.20908149 4.5386355e-06 0.016773796 0.77933127 0.00020707736 2.9014946e-05 0.00014883367 0.16568145 0.106717 2.470929e-06 1.4796562e-05 0.1826408 0.08580633 0.04265494 0.01738433 0.013870211 0.00040979584 5.666133e-05 0.002981914 0.00047194393 0.048636764 0.006766235 0.044161007 4.187466e-05 0.008879763 0.059985567 1.1957786e-06 0.05670205 0.038048316 5.9429683e-05 0.024744447 0.042181015 0.0024975452 0.0058218692 2.899081e-06 3.4970092e-06 0.003493195 0.0015726312 0.0051208367 0.0020026576 0.00045566823 0.0326905 0.0017153864 0.0017813346 0.0015293476 0.0013424258 0.0016015095 0.0028110838 0.0010754833 0.0013063103 0.00010290027 6.92329e-05 0.0019303104 0.0010333173 0.0014854503 0.0009332374 0.0001097506 9.156233e-05 6.3809625e-06 0.00024800468 4.945423e-05 7.2397655e-05 0.00016980311 5.2630297e-05 1.637924e-05 2.4970546e-05 5.3233653e-06 5.8415873e-05 0.00060926465 1.8503924e-05 7.6920305e-06 7.8676e-05 0.000100509395 3.959975e-06 2.0160935e-05 0.00024975225 3.009569e-06 2.4186743e-06 5.32693e-06 6.1265946e-06 4.6796336e-07 4.2910597e-07
0.25032437 0.13695149 0.09089341 0.1729659 0.005690497 0.9766184 0.0025653874 0.036618643 0.18505457 0.0006378088 0.00024395327 0.02862 0.0013273727 0.030351697 1.7701247e-20 0.9019833 0.41378888 0.07403247 0.13890137 0.08219149 2.2499974e-06 0.52883625 0.073337704 3.4334157e-06 2.7167314e-06 3.668399e-07 0.08669201 0.21124375 1.6247831e-06 1.3611874e-07 0.00066963176 0.0020202268 0.00049362273 0.48754513 0.07586461 0.00025724934 6.4530464e-06 0.02354482 0.0010826997 0.1049235 0.32877186 0.4059718 5.110747e-06 0.118529454 0.031248888 4.6537187e-07 0.028676694 0.013347913 7.666855e-07 0.011937255 0.0025610789 0.11042949 0.01528185 3.2078306e-06 1.7771537e-06 0.050651405 0.043188266 0.004026596 0.12107726 0.01318753 0.002037176 0.01881189 0.0015093457 0.011871703 0.039833777 0.021477243 0.000559366 0.016372573 0.0071546766 0.00012060208 0.0035995687 0.0018681682 0.023995336 0.00018245136 0.051279265 0.0034825574 0.0003126948 5.7647605e-07 0.000824703 0.00011326707 7.3422896e-05 0.00777877 4.4140892e-05 7.874686e-05 6.3636464e-05 2.5138948e-05 0.015476166 0.003413012 1.5776159e-05 5.141607e-05 6.963533e-06 3.473449e-05 6.77529e-08 0.0061992654 0.00063976285 1.1207587e-06 3.777784e-06 0.0043951287 3.8147937e-05 4.6169126e-07 2.160154e-06
0.38697398 0.046600122 0.09063037 0.18019767 0.0030576312 0.68252444 0.006270403 0.1594076 0.0410672 0.00057810737 0.0005401156 0.13962267 0.0028448887 0.16083106 0.9019833 2.1826792e-20 0.07105319 0.021715153 0.6169575 0.4683215 4.014085e-06 0.04520099 0.49630445 7.503691e-06 1.7186646e-06 1.719636e-05 0.5783717 0.9304344 8.5892025e-06 5.8090795e-06 0.009831364 0.012035528 0.004678983 0.20684889 0.017454393 3.4199405e-05 1.6343305e-05 0.0050497507 0.00030016038 0.16397761 0.14225684 0.37818384 2.2484306e-05 0.044892427 0.09541969 4.477937e-06 0.23464273 0.09901473 3.3134715e-05 0.038610186 0.03703095 0.034524024 0.02975827 7.603104e-06 3.3393367e-06 0.040201902 0.028254278 0.015788414 0.02624935 0.009853173 0.025275322 0.014931114 0.005209317 0.010456628 0.011251506 0.007216914 0.007416925 0.016624859 0.00518507 0.000726375 0.0017170862 0.0142162945 0.005116936 0.0022121815 0.010762173 0.0022128776 0.0033718664 1.058571e-06 0.00020242747 9.076302e-05 0.00051375024 0.005353219 0.00019659687 0.00042808353 0.00015927994 9.439383e-05 0.0047085797 0.0012643884 4.975054e-05 0.00077078183 1.9810774e-05 4.2072046e-05 7.7562163e-07 0.0018871152 0.0001569871 8.1906813e-07 1.4760229e-05 0.0010130171 2.2009608e-05 1.3678077e-06 2.499698e-06
0.6720099 0.22199586 0.13698307 0.12316362 0.02682084 0.26650116 0.01056877 0.063433245 0.33260655 0.012539352 0.0022239785 0.04656496 0.0020552555 0.04899314 0.41378888 0.07105319 7.918421e-21 0.83758485 0.060135823 0.049051546 4.7092308e-05 0.96069044 0.055274945 9.411355e-05 3.0009154e-05 2.0291e-05 0.046630494 0.030576862 4.968153e-06 1.5154422e-06 0.0006714575 0.0017510814 0.00014087983 0.23070371 0.18260595 0.0014890387 5.272771e-05 0.09509079 0.005242509 0.012937635 0.14195205 0.052142814 1.979257e-05 0.4279683 0.008120632 4.2946948e-07 0.020684483 0.0050570206 1.4442328e-06 0.0022774504 0.00038629115 0.07936697 0.0008998592 3.1466345e-06 8.14535e-06 0.0038846773 0.035191033 0.00030867037 0.13145816 0.0021309622 0.0001549059 0.017714549 0.00023573163 0.009770413 0.024551978 0.013625709 2.4711364e-06 0.00059750205 0.0053636646 4.8291276e-06 0.0021787602 0.00028058424 0.009517922 1.2814348e-05 0.1134921 0.0021319543 7.697659e-06 3.2537213e-07 0.0021337979 0.0014523877 4.078593e-06 0.0012866713 1.2465101e-05 2.3496805e-06 3.6889382e-06 4.530968e-06 0.0061354763 0.0447108 1.3122367e-06 2.0846092e-05 2.0285272e-05 0.001175612 1.0903186e-07 0.00022929597 0.0013154771 1.9801998e-06 7.211839e-06 0.00016104808 9.4942106e-07 4.0306736e-07 2.0962584e-06
0.7981061 0.2816648 0.14199159 0.09409553 0.09386807 0.07692369 0.006858537 0.03938193 0.94727296 0.058324255 0.0019755862 0.017901273 0.0028358332 0.018111277 0.07403247 0.021715153 0.83758485 3.652596e-20 0.00997144 0.009743545 0.00060691393 0.35689273 0.0065719024 0.0027597456 0.0022426744 0.00046997285 0.0038015125 0.0050214077 9.4384726e-05 0.00011085289 0.00059405464 0.00040816204 0.00015419711 0.15858568 0.40849227 0.016526116 0.0008723526 0.40198398 0.06838679 0.0018722464 0.037240256 0.009064508 0.00033550663 0.9211173 0.0010892815 1.12378275e-05 0.0008241047 0.00022925618 4.0986833e-05 0.00024667854 0.0003408915 0.028315593 0.00031108473 6.071278e-05 0.00024084731 0.0015546135 0.010327864 1.0612472e-05 0.21396029 0.0003133154 0.00021530381 0.0057586147 2.1405504e-05 0.0042208284 0.010753587 0.006182 5.2932237e-06 0.00026524905 0.0034249704 6.311559e-07 0.0012501883 0.00010977614 0.007403406 1.7297087e-05 0.13789198 0.0011532442 1.9196646e-05 9.309221e-06 0.032693703 0.0065002115 4.2324714e-06 0.0004583342 3.179289e-05 4.012864e-06 2.2898455e-06 9.088146e-06 0.0056398003 0.23204386 2.029393e-06 2.9484288e-05 0.00018170624 0.0055979798 7.4174366e-08 0.00023641986 0.006305266 0.00018155106 1.0449983e-05 0.00024287197 2.5514275e-06 3.4249962e-07 1.1782158e-06
0.08498853 0.04944632 0.05367598 0.1491783 0.0039287764 0.32537353 0.012379161 0.116791606 0.02211912 0.001364619 0.00027623182 0.19410162 0.0019788116 0.21412617 0.13890137 0.6169575 0.060135823 0.00997144 2.63475e-22 0.8954279 4.102899e-07 0.023590183 0.73557115 1.971624e-06 3.9687438e-07 6.1085493e-06 0.8859093 0.5970799 7.20604e-07 1.7977968e-06 0.02696603 0.0338234 0.018272555 0.036737893 0.0076329717 1.51529e-05 2.4336534e-06 0.0015830552 4.3818945e-05 0.08647444 0.019128446 0.07654591 3.134636e-06 0.0064464128 0.13697943 5.493852e-07 0.21854483 0.13498764 8.05182e-06 0.034766275 0.057685748 0.005258953 0.005297302 3.600056e-06 1.0253116e-06 0.007716593 0.005159885 0.005520152 0.0035191756 0.0021500536 0.039938066 0.003524205 0.0009918635 0.0020869595 0.0013737776 0.0019911644 0.007425492 0.002982797 0.0010981992 5.2482334e-05 0.00021358531 0.0032581664 0.0007943664 0.004063347 0.0020540445 0.00016331923 0.00076982763 1.6996429e-06 1.707833e-05 9.671293e-06 0.00053696474 0.00015244092 1.0034806e-05 0.00018150535 5.2522842e-05 3.167856e-06 0.00010582338 0.00019220359 2.579988e-05 3.0650448e-05 1.3577092e-05 8.650758e-06 1.3035773e-05 6.9131755e-05 3.7614325e-05 5.781757e-07 1.298274e-06 2.1971147e-05 4.2263646e-06 1.3691507e-06 2.0921702e-06
0.016917894 0.058607105 0.063490435 0.18771331 0.009468184 0.22857817 0.030370155 0.15215017 0.03433917 0.0030955514 0.00044872568 0.17728162 0.006805725 0.20908149 0.08219149 0.4683215 0.049051546 0.009743545 0.8954279 4.5054146e-22 1.5620327e-07 0.030293478 0.7945157 5.8326605e-06 3.4930878e-07 1.9419438e-06 0.8444276 0.5118333 2.5757e-07 4.6674703e-07 0.026552305 0.061494052 0.036568232 0.04536774 0.0039630863 2.8493172e-05 5.1165357e-06 0.0036805558 0.00036474474 0.1333325 0.020143919 0.097797096 5.8201035e-06 0.005223684 0.23090224 1.2017891e-07 0.2173791 0.1001672 5.3515696e-06 0.08228076 0.07925548 0.0061111078 0.022814684 1.630814e-06 1.3313172e-06 0.02202736 0.0031416516 0.011469659 0.0022695248 0.0027914152 0.05655806 0.0026392913 0.003009173 0.0022436841 0.0015655913 0.0020483006 0.009147267 0.008734366 0.0011679766 0.00026235942 0.00025373875 0.0072282446 0.0016510333 0.0040663453 0.002324311 8.444535e-05 0.0016063678 8.923205e-07 7.9705955e-05 2.2099166e-05 0.0007443447 0.00032206808 2.6320029e-05 0.0001621851 0.00018989516 6.24901e-06 7.294363e-05 0.00019878859 4.9916882e-05 1.0954234e-05 6.2530075e-05 1.357172e-05 1.876011e-05 3.482494e-05 0.00029392724 1.8723069e-06 1.4932699e-06 1.5499832e-05 3.7473164e-06 1.233185e-06 1.5315331e-06
0.016451214 0.015284263 0.0010625424 9.0020374e-05 0.24663097 6.818886e-05 0.0035316711 5.4317585e-05 0.0027537853 0.2958971 0.6167471 5.047434e-06 0.018897014 4.5386355e-06 2.2499974e-06 4.014085e-06 4.7092308e-05 0.00060691393 4.102899e-07 1.5620327e-07 6.7158236e-19 1.068547e-05 4.6073245e-07 0.4850335 0.49456826 0.5852776 3.2714325e-08 1.10393074e-07 0.97254026 0.57797176 0.00013996131 3.8304674e-06 2.2590923e-06 2.1699481e-05 0.0149953365 0.123535514 0.24722616 0.011815117 0.060084816 1.4168257e-06 1.1418838e-05 5.7946654e-06 0.40232003 0.000662308 1.6207699e-06 0.13108686 2.7846642e-07 3.3312082e-07 0.030453598 5.9918193e-07 5.0446266e-07 5.7922596e-05 3.061253e-07 0.020275792 0.02677139 1.23254595e-05 1.4766099e-05 2.633597e-07 0.00032234893 1.9131974e-06 1.1887029e-08 4.3015778e-05 1.0367469e-06 6.669953e-05 5.5503864e-05 6.293486e-05 3.3029242e-09 3.0139379e-06 5.0952636e-05 3.5677058e-08 8.931497e-07 1.2405579e-07 3.868303e-05 3.2491645e-08 0.00028630334 2.4941614e-06 6.78354e-08 0.0015917813 0.017573062 0.019701995 2.720999e-08 4.2561034e-05 1.8501586e-06 2.2672614e-08 4.827102e-06 2.4653423e-07 1.058183e-05 0.014051681 8.940295e-08 2.6205316e-07 0.0011141791 0.0060215215 5.9086164e-10 8.97819e-06 0.0033107002 0.00075429154 3.1517115e-07 5.89985e-06 1.2713141e-06 1.2721089e-09 6.145988e-08
0.40199292 0.12745556 0.05500957 0.075270705 0.022204977 0.07418539 0.0019021027 0.021707086 0.14230196 0.0031463841 0.00047297863 0.017276464 0.00039554364 0.016773796 0.52883625 0.04520099 0.96069044 0.35689273 0.023590183 0.030293478 1.068547e-05 2.0944462e-21 0.008638281 3.3862758e-05 3.2925087e-05 4.7481694e-06 0.023501793 0.04241715 7.4052906e-07 3.7723532e-07 6.49076e-05 8.487172e-05 1.4252831e-05 0.8812557 0.06908889 0.0010430687 1.7328604e-05 0.06801509 0.008621123 0.033699866 0.46362612 0.22114724 4.1536487e-06 0.38427323 0.010542516 4.4412022e-07 0.0067135217 0.001706795 7.4456966e-07 0.0044422555 7.60168e-05 0.17734711 0.0068425406 6.112547e-06 8.717684e-06 0.054881193 0.07378168 0.00069617905 0.29873127 0.0135550145 9.364004e-05 0.021019084 0.0014747102 0.013702815 0.05715912 0.022448579 5.4116786e-06 0.012828803 0.009182272 2.6124273e-05 0.0065369885 0.00040082404 0.035312794 1.6010346e-05 0.14864644 0.00659607 7.6687276e-05 5.1555804e-07 0.0047837654 0.0001627331 1.2934019e-05 0.009840406 6.766557e-05 4.739442e-06 5.068507e-05 2.0044181e-05 0.029498735 0.020339705 2.151231e-05 6.855538e-05 2.3647974e-05 0.00033085977 1.872798e-08 0.0028009177 0.00067621283 2.6950963e-06 1.551221e-05 0.004701302 1.1565003e-05 2.4492755e-07 3.0247616e-06
0.01601725 0.23324443 0.24336882 0.39786527 0.01633096 0.33309358 0.41717312 0.7805284 0.05057856 0.003037894 0.015705891 0.69059426 0.0984819 0.77933127 0.073337704 0.49630445 0.055274945 0.0065719024 0.73557115 0.7945157 4.6073245e-07 0.008638281 9.413734e-20 7.679548e-06 2.1226329e-07 5.6484178e-06 0.8632005 0.59210056 2.515209e-07 1.4372268e-06 0.7863853 0.5891575 0.4150303 0.008928752 0.003773129 1.5580366e-05 1.0410036e-05 0.0004039236 4.5624154e-05 0.33669582 0.008344379 0.08082879 1.9323217e-05 0.003454184 0.50433075 9.5975e-07 0.65610373 0.5628945 5.6045177e-05 0.3125423 0.47572163 0.0021020744 0.014890118 5.1341976e-07 5.84366e-07 0.0047527044 0.0020196566 0.050631326 0.0003701563 0.0004820597 0.30184886 0.0019651677 0.0063660415 0.001966947 0.0015085263 0.0015970683 0.06418188 0.000766796 0.0021708976 0.00030988108 9.5832496e-05 0.02307275 0.00045863542 0.08816441 0.0009279488 0.00014922793 0.0015041676 6.753189e-06 9.7264616e-05 6.942033e-05 0.0026578335 0.00015631094 2.2644645e-05 0.00072795677 0.0009808363 3.5297678e-06 6.255226e-05 0.0009914446 0.00010500928 3.8339685e-06 5.152347e-05 0.00021253382 0.0013451248 9.4952964e-05 0.0002584799 3.158408e-06 7.438107e-06 7.67961e-05 8.783423e-05 2.6778948e-06 1.000038e-06
0.21792956 0.04032642 0.0011190943 0.00023248367 0.1887197 0.00012165014 0.0065142205 0.0010925285 0.015481695 0.37962332 0.19110616 0.00017078729 0.010860665 0.00020707736 3.4334157e-06 7.503691e-06 9.411355e-05 0.0027597456 1.971624e-06 5.8326605e-06 0.4850335 3.3862758e-05 7.679548e-06 2.3465837e-19 0.9803296 0.034404345 8.659057e-07 1.1929919e-07 0.13812937 0.05289221 0.0011503294 0.00012773859 6.688815e-05 4.0956984e-05 0.077303514 0.5795262 0.39917433 0.07405222 0.42448112 2.4515366e-06 1.1681464e-06 5.07471e-06 0.29267067 0.003921447 2.9390114e-06 0.008985039 4.315326e-05 3.9865237e-05 0.005290534 4.5542077e-07 0.00010645421 1.3321321e-05 6.810684e-07 0.005058241 0.005358894 1.8572504e-05 3.435312e-06 6.042687e-08 0.00026696816 4.81757e-07 4.3448596e-05 9.350792e-06 2.0889613e-07 1.9826575e-05 1.8228537e-05 2.8498609e-05 1.2696239e-06 3.366102e-06 1.7525213e-05 1.22625865e-08 9.610935e-07 7.404196e-07 1.51053e-05 1.48022e-06 0.002015099 1.1505515e-06 4.700656e-07 0.00040041847 0.067386165 0.03232473 7.244786e-07 1.8146208e-06 1.676407e-06 2.7088473e-07 1.561463e-06 2.6337656e-07 8.997346e-06 0.08306526 1.0153345e-05 6.8079275e-06 0.0005545854 0.0059905425 6.502037e-07 1.4344587e-07 0.0046967138 0.00013313681 5.8404867e-06 7.769875e-07 2.5730537e-07 2.1845035e-07 1.6159161e-06
0.07270386 0.039517984 0.0015369243 0.00034336795 0.21830206 4.2429972e-05 0.0074857255 0.0006078491 0.017210135 0.30906925 0.16521153 3.66245e-05 0.009862865 2.9014946e-05 2.7167314e-06 1.7186646e-06 3.0009154e-05 0.0022426744 3.9687438e-07 3.4930878e-07 0.49456826 3.2925087e-05 2.1226329e-07 0.9803296 4.631265e-21 0.05193607 2.012168e-08 1.5657276e-08 0.15978555 0.0768015 0.00036912505 1.7706094e-05 3.5185226e-06 4.712279e-06 0.03709435 0.5079934 0.40700042 0.07103223 0.44483602 2.768963e-07 1.1147003e-07 1.0673772e-06 0.27594683 0.0038230468 3.2039463e-07 0.017688887 5.4898976e-07 2.366134e-06 0.009697658 2.1886581e-08 1.8142739e-05 9.785439e-07 4.9148635e-08 0.008571634 0.012374517 8.9686694e-07 1.04572294e-07 7.245539e-09 5.3980322e-05 1.1085981e-07 2.4472386e-06 1.0395745e-06 1.5964444e-08 2.199386e-06 2.135855e-06 4.4041512e-06 3.6272084e-08 1.7976298e-07 3.0157175e-06 1.0167278e-09 2.5459874e-08 7.04602e-08 5.221721e-06 4.055424e-07 0.0013070274 7.676809e-08 3.443236e-08 0.000456573 0.10786682 0.022323456 2.1559997e-07 2.408669e-07 2.7486178e-07 3.0402976e-08 2.2806735e-07 8.399063e-08 8.432504e-07 0.042187925 8.318729e-07 3.937838e-08 0.0006073899 0.003770902 1.6072265e-08 2.7759791e-08 0.0033955588 6.702461e-05 1.245945e-06 1.1349213e-07 8.639784e-08 3.4688372e-09 2.0210119e-07
0.0006811779 0.004993945 0.001846592 0.0007677296 0.049198736 7.355374e-05 0.007047688 0.0007835963 0.0007824153 0.047161877 0.7218012 0.00013418972 0.08163424 0.00014883367 3.668399e-07 1.719636e-05 2.0291e-05 0.00046997285 6.1085493e-06 1.9419438e-06 0.5852776 4.7481694e-06 5.6484178e-06 0.034404345 0.05193607 1.0142328e-17 6.52637e-07 8.0007453e-07 0.49892876 0.9564815 0.0008678622 0.000103060054 8.146045e-05 9.193653e-06 0.0012990402 0.014108165 0.022394182 0.00062314037 0.004574872 1.0297276e-05 3.9734005e-06 2.0766662e-05 0.031656895 0.00018924686 1.579787e-05 0.03474837 2.1643093e-06 2.137259e-06 0.009242871 3.7056902e-06 1.2894965e-05 0.00016692172 3.6617005e-06 0.005455536 0.006452825 1.2723335e-05 4.1246574e-05 4.5180795e-06 0.00035335656 3.122835e-06 6.206441e-07 4.86844e-05 6.9403086e-06 0.00017004051 6.552577e-05 0.00026528828 2.9284314e-07 1.9734347e-05 9.861284e-05 2.1158036e-07 4.573413e-06 9.2123555e-06 4.588242e-05 2.980879e-06 0.00018774225 7.910574e-07 8.354598e-06 0.0023628722 0.0034729657 0.009318936 1.0883151e-06 3.7885777e-05 3.4125333e-06 1.9927563e-06 2.5235488e-05 2.6434208e-07 1.5814051e-06 0.0026707207 1.01196465e-05 9.985384e-08 0.0020509441 0.005185935 4.422527e-08 5.559174e-07 0.0019680015 0.0008889888 1.2184856e-06 1.5855058e-07 2.4718236e-07 3.1295578e-08 3.822091e-07
0.14675474 0.025955264 0.042099543 0.11034496 0.0022140662 0.1830334 0.0076466477 0.10416543 0.012452145 0.00052928977 0.00010218453 0.13304621 0.0014137485 0.16568145 0.08669201 0.5783717 0.046630494 0.0038015125 0.8859093 0.8444276 3.2714325e-08 0.023501793 0.8632005 8.659057e-07 2.012168e-08 6.52637e-07 1.1163356e-20 0.8797639 2.2982584e-07 2.0549007e-07 0.022111505 0.044692963 0.027288303 0.06762087 0.0020713713 6.4855476e-06 1.4296604e-06 0.0016149874 1.8880583e-05 0.2662166 0.052467003 0.22333924 7.742655e-07 0.0044590356 0.46821567 1.4976962e-07 0.41900706 0.2620734 3.9595366e-06 0.16443092 0.17906018 0.010011975 0.043163635 2.5785698e-06 7.318793e-07 0.036879536 0.007052256 0.030694762 0.003691182 0.0070577804 0.15852912 0.005258926 0.009180524 0.002509069 0.0025090822 0.002728892 0.038527228 0.019938072 0.00078033074 0.00095914106 0.00012642196 0.030658744 0.0010747736 0.023020625 0.0019387861 0.00020592904 0.010496329 1.7506787e-07 2.503082e-05 4.1252415e-06 0.0041361046 0.00046713828 4.9023907e-05 0.0020530145 0.00017010086 1.4039089e-05 0.00013228745 0.00032367505 0.00041074623 8.879952e-05 3.8152684e-06 4.281917e-06 0.00013596288 7.677084e-05 2.3621691e-05 5.5143897e-08 2.7477333e-06 2.712909e-05 6.0440593e-06 8.937355e-06 2.2492575e-06
0.43383262 0.011867741 0.033277933 0.069530845 0.00053767214 0.13924797 0.0029463547 0.04501969 0.009683679 5.474637e-05 6.696704e-05 0.077088244 0.000292178 0.106717 0.21124375 0.9304344 0.030576862 0.0050214077 0.5970799 0.5118333 1.10393074e-07 0.04241715 0.59210056 1.1929919e-07 1.5657276e-08 8.0007453e-07 0.8797639 3.0142195e-21 2.0379255e-07 3.8437895e-07 0.0040962044 0.007879822 0.0033447968 0.15185252 0.0035028558 1.0178634e-06 5.177339e-07 0.001868644 3.4261052e-06 0.5584356 0.12837741 0.54399323 5.592121e-07 0.014025768 0.4397145 4.3564648e-07 0.3471558 0.14880683 4.291049e-06 0.11289527 0.052814778 0.024984835 0.07064071 1.6079348e-06 3.3842315e-07 0.0491905 0.016954955 0.031905796 0.015583227 0.008302662 0.04878236 0.007962851 0.008988171 0.0047424473 0.0068154866 0.004481118 0.01445609 0.014417986 0.0014936076 0.0007510671 0.00028730906 0.023894083 0.0029480115 0.0070258537 0.0051774876 0.0003063746 0.0050896257 2.7080878e-07 2.9867937e-05 7.821408e-06 0.0011106258 0.0014916155 0.00013707421 0.0007517199 8.392335e-05 4.3324217e-05 0.0012664925 0.00043455377 0.00024091576 0.00027487584 1.8715393e-06 6.7783085e-06 3.0023107e-06 0.0008802081 3.5760946e-05 9.754129e-08 7.5439075e-06 0.0003228846 1.5673659e-05 5.048568e-07 1.4278687e-06
0.0007641993 0.0016818622 6.4082255e-05 3.552599e-05 0.02371231 2.4049417e-05 0.00065100373 1.26621335e-05 0.00022839854 0.03289517 0.16208163 4.400251e-06 0.006810805 2.470929e-06 1.6247831e-06 8.5892025e-06 4.968153e-06 9.4384726e-05 7.20604e-07 2.5757e-07 0.97254026 7.4052906e-07 2.515209e-07 0.13812937 0.15978555 0.49892876 2.2982584e-07 2.0379255e-07 1.706025e-19 0.73729557 4.20087e-05 1.9926993e-06 5.354633e-06 3.8718185e-06 0.0011627167 0.031040384 0.11807787 0.0009076073 0.012458572 1.3571051e-06 7.9118945e-07 3.4842526e-06 0.21544874 5.0475668e-05 5.7028474e-06 0.25675693 9.2044917e-07 2.1761603e-06 0.08175245 4.524936e-06 4.0704886e-05 2.796467e-05 3.5569622e-07 0.023558661 0.026537724 7.413441e-06 1.8170895e-05 2.1937071e-06 9.5650896e-05 1.5943646e-06 1.0341715e-06 4.604693e-05 2.3979644e-06 8.707385e-05 3.5110967e-05 7.444753e-05 1.805359e-07 4.4335957e-06 5.4635533e-05 7.351015e-08 5.7511585e-07 2.140455e-06 7.671817e-06 9.1075765e-07 2.6294914e-05 1.4836174e-06 3.7960092e-07 0.003928999 0.0038871355 0.009393369 9.921708e-08 6.3850475e-06 3.0427227e-06 2.802629e-07 4.8113607e-06 1.1224637e-06 1.7650264e-06 0.0025234334 6.3792925e-07 5.3797596e-08 0.0023574703 0.0021687145 1.2897098e-08 3.0721324e-07 0.0016813547 0.0008266081 3.845098e-07 1.8700307e-07 6.3316645e-07 5.6656835e-09 1.5511958e-07
0.0006882442 0.0026495908 0.00037542416 4.8003996e-05 0.019077577 9.619285e-06 0.0011977087 0.00015507339 0.0002712667 0.031637397 0.33310428 1.2165007e-05 0.017955825 1.4796562e-05 1.3611874e-07 5.8090795e-06 1.5154422e-06 0.00011085289 1.7977968e-06 4.6674703e-07 0.57797176 3.7723532e-07 1.4372268e-06 0.05289221 0.0768015 0.9564815 2.0549007e-07 3.8437895e-07 0.73729557 1.817997e-17 0.00021004971 3.786867e-06 5.1777415e-06 1.8566951e-06 0.00096805586 0.019394366 0.03921825 0.0005770842 0.007123552 3.3670876e-06 1.0430006e-06 5.701368e-06 0.08368985 7.824858e-05 1.7617209e-05 0.15009657 9.3790896e-07 3.7692675e-07 0.04073328 3.0334136e-06 6.4720907e-06 0.000111451925 2.6217954e-06 0.0123115815 0.01713248 6.3026055e-06 2.3577331e-05 2.8636694e-06 0.000734027 5.32018e-07 3.253014e-07 3.1757463e-05 4.4615645e-06 0.0001612751 0.00010460487 0.00016062918 2.4441269e-08 6.751837e-06 0.00011056224 6.0986245e-08 1.8319269e-06 1.2012135e-06 5.2917323e-05 5.6757216e-07 0.0001730683 1.866399e-06 7.9119474e-07 0.005370607 0.003403956 0.01040981 2.9906755e-07 1.3632103e-05 4.6965292e-07 5.013261e-07 1.2835716e-05 7.588008e-08 1.4215019e-06 0.004539599 8.361991e-07 1.6597735e-08 0.003808883 0.0064506005 3.2179877e-08 3.0793836e-07 0.0028007722 0.0010708214 3.7111207e-07 8.028609e-08 4.4384075e-07 1.8539897e-08 3.6844463e-07
0.00011782092 0.060025133 0.02115272 0.027079558 0.008499621 0.010605764 0.38014233 0.3921926 0.0037016273 0.0017620226 0.080871694 0.13629112 0.34380886 0.1826408 0.00066963176 0.009831364 0.0006714575 0.00059405464 0.02696603 0.026552305 0.00013996131 6.49076e-05 0.7863853 0.0011503294 0.00036912505 0.0008678622 0.022111505 0.0040962044 4.20087e-05 0.00021004971 5.029651e-19 0.7825561 0.85259116 0.00056253077 0.00024664606 0.00065410574 0.00025112365 0.00039491398 0.0017942926 0.0035162386 8.403684e-05 0.0010873914 0.00091190805 0.0006854368 0.007673897 7.362294e-05 0.01923614 0.016372424 0.0008170648 0.0037428988 0.015446725 0.0020014816 0.00013826622 0.00015883018 0.00012213849 0.00026362698 0.0017369788 0.00066071725 0.0032164096 1.24924845e-05 0.0017734714 0.0009217502 0.00028143567 0.002322647 0.00050029735 0.0014488585 0.0001591691 0.00038391587 0.0041846824 6.649404e-06 0.0004962038 0.0001655474 0.0006666704 0.00044603902 0.00024053488 0.00013804328 0.00015157966 0.00046835945 0.00037526578 0.00021635232 0.00030064568 9.777427e-05 8.506206e-05 7.312619e-05 0.00052121666 2.3103297e-05 3.718678e-05 0.001369508 0.00027156956 4.4912314e-05 0.00017650044 0.00043744937 2.455169e-05 2.7241427e-05 0.0008146298 3.6759604e-05 1.5515191e-06 4.6260034e-06 1.5858053e-05 1.2036146e-06 1.4454895e-06
