4.112514e-25 0.4063198 0.017605513 0.010796385 0.6584203 0.4077542 0.8965528 0.020712322 0.08250628 0.8133595 0.21992058 0.43069258 0.6342321 0.40110418 0.9208199 0.023489581 0.8522679 0.6692374 0.6889826 0.46564057 0.84895325 0.89131516 0.9250887 0.8534147 0.93079823 0.93081903 0.065920524 0.9689008 0.09450385 0.9726544 0.9443187 0.9927772 0.98574495 0.0078743715 0.8544806 0.9933678 0.12937549 0.003969265 0.21523993 0.14493406 0.9896583 0.94906217 0.94716305 0.2772578 0.7517796 0.952437 0.8914732 0.018122906 0.06432668 0.0026450465 0.95771664 0.004187307 0.99995744 8.926762e-05 0.96785706 0.8900276 0.9667856 8.510413e-06 0.7548345 0.97750795 0.99865043 0.06632577 0.95201945 0.01249528 0.8859623 0.7609427 0.9387484 0.88303703 0.93429404 8.7444576e-05 0.9687209 0.83800834 0.22479068 0.99841213 0.35657933 0.9380033 0.02861627 0.9027974 0.0075556193 0.99396026 0.83081377 0.6681657 0.8436386 0.6318124 0.051075682 0.6220789 0.9200863 0.9150161 7.995247e-07 0.7736775 0.062316377 0.9290926 0.001623372 0.9995342 0.80988926 1.7671848e-05 0.6856028 0.9957339 0.0006909978 0.12091819 0.20578793
0.4063198 1.4399436e-17 0.6595009 0.12580338 0.9892674 0.5374554 0.74417853 0.0047829277 0.0037528155 0.03174033 0.00939452 0.01876226 0.0062681725 0.0008749521 0.0026770819 0.00015765656 0.018196309 0.00037407162 0.00012851437 0.11799485 7.538402e-05 4.560616e-06 0.003450926 1.2964565e-06 9.7620075e-05 0.026430292 8.56943e-05 0.0039237887 6.510885e-05 0.0011202609 4.933636e-07 0.010251846 0.028631708 4.5913694e-06 9.626318e-07 0.001791011 4.9348623e-06 8.132104e-07 8.578187e-07 0.8793275 9.736823e-08 6.036695e-07 5.379816e-06 1.0698363e-06 1.7592427e-07 2.7499658e-05 1.402063e-06 6.36306e-08 3.2802885e-07 3.191253e-06 1.3804656e-06 1.687935e-08 0.053003374 9.406648e-08 1.82001e-05 2.5209533e-07 3.0943577e-06 7.629281e-08 4.8614197e-07 3.6627796e-06 1.3279095e-05 4.9368745e-09 2.404109e-07 1.6806556e-08 1.3319858e-07 1.6297085e-06 2.4408123e-06 3.4503432e-06 9.1835145e-06 1.625995e-08 1.090356e-07 5.265166e-06 8.275016e-08 8.121978e-08 4.7881343e-08 1.885494e-07 5.2896908e-08 1.8975088e-06 3.063934e-07 0.23471785 3.1410995e-08 9.1214405e-09 1.4960696e-06 1.0015559e-07 1.0058303e-08 9.209794e-09 3.273816e-05 1.3919284e-06 4.3848766e-10 1.0693518e-06 2.7344534e-08 1.5168492e-08 1.5496653e-09 3.289789e-06 1.9662546e-07 2.1026723e-09 3.407991e-09 2.3179046e-08 2.2771895e-09 9.6367756e-08 1.9407522e-09
0.017605513 0.6595009 2.3634537e-20 0.99693745 0.039010327 0.80345803 0.026307879 0.021901637 0.006433641 0.010037578 0.014614021 0.00032723602 0.0016102138 0.00019009536 0.00035082962 0.0038872007 0.0015900183 0.00018996742 2.9577339e-05 0.012693226 4.6047435e-06 1.4118755e-06 0.0008899439 8.152336e-08 1.1432676e-05 0.003723204 1.5042759e-06 0.00027276194 3.1359713e-07 0.000109739296 2.965443e-06 0.002181458 0.0053317538 6.7539077e-07 2.8361117e-07 3.1198604e-05 1.7868453e-08 1.5409293e-07 6.13762e-09 0.49037105 5.1705635e-09 9.887077e-07 7.4992126e-06 1.2654281e-08 6.898159e-09 1.6025835e-05 2.831342e-07 3.5014758e-09 3.2158263e-09 2.8226646e-08 2.387256e-06 2.4203442e-10 0.06887633 3.1792395e-09 3.4437504e-05 7.687857e-08 8.567743e-06 2.148926e-09 2.1314515e-08 2.7321494e-06 3.9523275e-06 2.7198963e-10 7.7403513e-07 3.2034724e-09 7.1934267e-07 2.2789765e-08 2.8997736e-05 1.5741638e-05 3.5517369e-06 1.3630905e-09 4.443939e-07 1.04269575e-05 3.0282061e-09 2.2636386e-06 2.6976197e-09 2.4216942e-07 4.5760626e-09 8.699487e-06 2.3353435e-09 0.013944856 2.7491799e-08 4.0069974e-08 1.4249018e-06 2.8463933e-08 1.0277594e-09 4.7160327e-08 0.0002042922 1.0930478e-06 2.3541738e-11 2.0145213e-05 1.1128707e-08 1.3449381e-05 3.6451515e-11 2.8699262e-05 1.3409312e-06 1.13153154e-10 3.5897877e-08 1.6339221e-05 4.954398e-10 1.3738266e-08 2.7973122e-09
0.010796385 0.12580338 0.99693745 2.6524197e-21 0.0022070399 0.29131863 0.0035832983 0.6251547 0.053107128 0.009560042 0.027865468 0.00025690877 0.0004090458 0.002006663 0.00017218589 0.533462 0.0012872819 0.003659657 2.2191012e-05 0.007254947 6.122103e-06 6.9971605e-07 5.3727534e-05 2.029932e-07 1.8922428e-06 0.0024408847 0.0009911823 2.4343324e-05 0.0003797771 1.3639723e-05 6.553308e-07 0.0005390529 0.0036568362 0.00046451722 8.6094985e-08 1.3770437e-05 5.360764e-06 1.2020574e-05 1.1966313e-07 0.13281506 9.95332e-09 6.5964244e-08 6.1648316e-06 1.4287232e-07 7.5417745e-07 2.7420424e-06 5.344352e-08 1.0293883e-08 7.829142e-09 1.8479128e-07 1.7834907e-07 3.0556901e-09 0.024397293 1.2217033e-07 1.2157225e-05 4.9758814e-08 3.723513e-06 4.923486e-08 3.4889975e-08 2.7457594e-07 2.0483258e-06 1.9934339e-09 7.7385536e-08 4.516095e-09 9.533392e-08 3.2523516e-08 6.3316645e-07 9.92425e-07 1.7556168e-06 3.6171593e-10 3.0946393e-07 1.2576321e-06 8.732086e-10 1.6941716e-06 2.800553e-09 2.3156169e-07 6.4012523e-10 3.7147007e-07 2.1901898e-09 0.0007168746 5.1727465e-08 5.964445e-08 5.585234e-07 1.493985e-08 2.1509534e-11 4.310831e-10 0.00010352659 4.0067548e-07 3.3952466e-10 2.2541858e-06 5.2283653e-11 8.853465e-06 2.4462266e-11 0.0002396234 1.5181575e-08 3.301209e-10 2.311869e-08 5.111851e-05 3.883502e-11 1.0619805e-10 1.9091728e-10
0.6584203 0.9892674 0.039010327 0.0022070399 4.396898e-16 0.6727615 0.9670908 0.0040101656 0.00302955 0.37153104 0.013502439 0.16538677 0.13310589 0.0021611508 0.04418681 0.00032411155 0.075457945 0.0010402524 0.0011439051 0.10214079 0.0016701017 9.39757e-05 0.01773112 3.229297e-05 0.006104957 0.012922549 0.00019695383 0.023641104 0.00012098672 0.027732154 3.807234e-05 0.038420353 0.034405608 8.595257e-06 3.4236833e-05 0.011467914 4.6848427e-06 2.3575342e-06 5.385527e-07 0.3667799 3.976899e-08 1.288153e-05 0.000480416 4.1652456e-07 1.3084353e-06 0.0021889624 0.00059250207 9.2030876e-07 8.649483e-07 1.5331561e-05 6.750424e-05 1.5345266e-07 0.08030918 2.4550202e-06 0.0021273973 2.9042033e-06 0.0008794365 1.9671202e-06 1.13196066e-07 0.00024216631 0.0026551923 3.219553e-08 2.0545462e-05 9.672574e-08 2.29334e-06 1.278254e-07 5.5851815e-05 1.8708442e-05 3.0426809e-05 2.9027507e-07 6.944645e-08 0.000110228495 1.9444288e-08 0.00013108335 3.2713334e-08 5.005961e-07 8.289756e-08 3.564817e-05 7.0882135e-07 0.06663253 3.1096487e-08 1.0010709e-07 2.7185351e-06 6.823859e-08 1.3320258e-08 7.0865984e-09 0.0004560458 3.173226e-06 1.6412598e-08 3.1674451e-06 8.329538e-08 1.0306748e-05 5.420317e-07 0.0006284522 2.0922849e-07 3.865456e-07 4.0497303e-09 6.631675e-05 3.889223e-06 1.6034106e-07 1.7338753e-07
0.4077542 0.5374554 0.80345803 0.29131863 0.6727615 7.8246056e-16 0.26873413 0.52129626 0.79513663 0.9159841 0.95373285 0.017103733 0.049961984 0.42275786 0.012351961 0.38234204 0.002339623 0.46334112 0.028289124 0.014811324 0.0025969804 0.00039381374 0.00070048124 0.0034939842 0.0024982563 0.0035793227 0.18104188 0.0027919118 0.13246281 0.0060255625 0.00034252822 0.003782175 0.008687922 0.010662836 8.25367e-05 0.0019950478 0.00073979143 0.00048596849 0.00041150962 0.2571729 5.187879e-06 2.1947691e-05 0.00069913315 4.8192065e-05 8.0518555e-05 9.486019e-05 2.283063e-05 1.0125395e-06 3.4785921e-06 1.439697e-05 8.672495e-05 6.794977e-07 0.027963195 7.7608183e-07 0.00028226728 1.5270251e-06 9.523946e-05 4.7524432e-07 1.5110604e-07 1.3905679e-05 0.00041459815 3.0148274e-07 0.00011123042 1.7697912e-08 7.1660425e-06 3.5382425e-07 3.9256694e-05 5.908081e-06 1.9805842e-05 8.496934e-08 7.393104e-07 2.9798599e-05 1.250079e-07 2.856707e-05 2.895663e-06 3.96907e-05 1.7382676e-07 2.0519085e-05 2.5525662e-08 0.018359752 4.6616673e-08 9.9342964e-05 2.8165043e-06 8.0161504e-07 2.9137658e-08 2.8835404e-06 0.00012566803 6.818798e-06 9.11113e-09 1.4393763e-06 5.807528e-08 4.644381e-07 3.108516e-08 0.00020345286 2.8909915e-06 1.1909787e-07 1.3403935e-07 9.3163486e-05 2.6373183e-08 7.7000044e-07 8.373982e-08
0.8965528 0.74417853 0.026307879 0.0035832983 0.9670908 0.26873413 2.5900527e-17 0.0060069216 0.0047738184 0.07716013 0.006903481 0.9629338 0.75161344 0.0033421186 0.5115911 0.00022188782 0.9038847 0.00090152817 0.0009109341 0.6432868 0.000329371 3.1262218e-05 0.33026183 6.2547692e-06 0.0010594623 0.10288543 0.00028044463 0.29326436 7.579044e-05 0.2929409 1.4252233e-05 0.28534067 0.19505651 1.2486397e-05 7.477431e-06 0.051356032 3.1378995e-06 2.2964718e-06 5.5808795e-07 0.41424108 1.0103199e-08 1.2629589e-06 0.00011389478 3.3835184e-07 3.2247357e-07 0.0021702547 7.496957e-05 2.2920476e-06 1.3375634e-06 3.6478527e-06 2.3157374e-06 5.5120555e-08 0.22068416 2.4385345e-06 0.0046594497 7.447806e-07 0.0011555654 9.786886e-07 1.9687041e-08 0.00015849563 0.0042026774 1.5227425e-08 2.2708461e-07 2.8901658e-07 1.3459547e-08 1.4431762e-07 7.24997e-07 2.4357132e-06 2.6571845e-06 4.1491415e-07 4.9052453e-08 4.5773395e-06 3.905547e-08 4.5676766e-06 3.3638457e-08 1.9234733e-08 1.0099967e-07 1.308222e-06 4.9856504e-07 0.081472486 6.6167e-08 2.087774e-09 9.478761e-08 1.4211894e-07 1.5034498e-08 7.283931e-10 0.00028561638 1.2201117e-07 7.260729e-09 6.9324665e-07 4.9906237e-08 1.6386871e-06 1.1745115e-06 0.0007460788 2.8640379e-08 2.820524e-07 1.02209165e-10 8.22194e-05 7.126643e-08 1.8609786e-07 5.619281e-08
0.020712322 0.0047829277 0.021901637 0.6251547 0.0040101656 0.52129626 0.0060069216 1.0344108e-16 0.97799367 0.06676655 0.32674375 0.00036291638 0.0022937537 0.019406676 0.0004443357 0.97895217 0.0014026528 0.30905056 0.00032067206 0.019548794 6.501553e-05 9.090404e-05 0.00043899572 2.8186312e-05 7.334791e-06 0.012503284 0.02236189 0.000102437436 0.02351344 0.00014440085 1.7561702e-05 0.00096363766 0.013653162 0.0013296305 8.0666575e-07 2.1240221e-05 2.778115e-05 0.00013237869 5.698832e-07 0.08030957 1.757611e-07 1.0272599e-05 1.3697627e-05 5.438149e-07 3.461554e-07 4.8244667e-05 7.845721e-07 1.10894916e-07 1.6865745e-07 1.3095377e-06 1.0063206e-06 9.249566e-08 0.071522646 3.2364125e-07 0.000133927 1.2343457e-07 0.0001118158 2.2143658e-07 1.3870792e-07 2.3297969e-06 4.1538253e-05 7.489038e-09 4.5048856e-07 6.650546e-08 7.5172596e-07 8.769599e-08 9.0464755e-06 2.2067888e-05 1.0450602e-05 2.0935452e-08 2.0855366e-06 3.187279e-05 8.952953e-09 4.938144e-06 7.991648e-09 8.34568e-06 1.7624341e-08 1.9094034e-05 5.105631e-08 0.00052352936 1.4513483e-07 5.9303797e-08 4.274781e-06 1.2025974e-07 1.3113866e-09 7.5856015e-09 0.00025948166 1.2096048e-05 4.0958263e-09 4.521157e-06 6.4402608e-09 3.439943e-05 1.658507e-09 0.0001979728 6.4032093e-07 2.6864738e-08 1.1236209e-07 0.00024953968 3.8303067e-08 5.7055296e-08 1.9874062e-08
0.08250628 0.0037528155 0.006433641 0.053107128 0.00302955 0.79513663 0.0047738184 0.97799367 8.9881065e-18 0.20551352 0.5290247 0.00038466608 0.0024165232 0.08460285 0.0010443499 0.9677779 0.0007189484 0.57253903 0.016277788 0.0040281652 0.002989548 0.0016760221 0.00053465227 0.0037947232 0.00085628097 0.0015532173 0.14085966 0.00034710363 0.10387694 0.0005955067 0.0005578727 0.0014087566 0.009329993 0.005451118 5.80921e-05 0.00029520737 0.0008032007 0.0018773985 8.575701e-05 0.011406512 0.00036633338 4.6114477e-05 7.5144715e-05 3.6543624e-05 5.3938716e-06 0.00025325018 6.940193e-05 1.1483876e-06 1.0352699e-06 5.7600402e-05 4.6874233e-05 1.3664845e-06 0.14968795 4.5286783e-06 0.00026399986 7.1422583e-06 7.929004e-05 4.8854695e-06 1.627933e-06 8.2771214e-05 0.00015734653 1.1445417e-07 7.126701e-05 1.921234e-07 6.5533015e-05 4.4055733e-07 0.00020023022 0.00023953452 0.00010606204 1.3347549e-06 1.8133398e-05 0.0005915279 9.55048e-08 0.000118436124 9.1705694e-08 0.00027029729 1.0590127e-07 0.0002589539 9.9750466e-08 0.00020557997 2.1537699e-07 5.6898458e-05 9.5714844e-05 7.01685e-08 6.635455e-08 4.314674e-06 0.00093566754 3.1679363e-05 1.0844946e-07 4.044814e-05 3.516e-08 9.1533875e-05 1.6649768e-08 0.000601456 4.2828706e-05 3.01853e-07 5.123577e-06 0.00025210725 1.296313e-06 2.2742726e-07 7.449465e-08
0.8133595 0.03174033 0.010037578 0.009560042 0.37153104 0.9159841 0.07716013 0.06676655 0.20551352 6.3636374e-17 0.7190224 0.0140977 0.05885127 0.7892116 0.019701589 0.04599771 0.0027635407 0.5646501 0.94329613 0.0055696983 0.78044456 0.4460014 0.0031815819 0.19297582 0.3740303 0.0013312813 0.13682465 0.013389264 0.12760665 0.05214632 0.017766885 0.0057293605 0.0042395634 0.006300031 0.008694516 0.012474378 0.014608504 0.00021316328 0.038400017 0.040414713 0.0038673924 0.00038415779 0.0011868619 0.0104559455 0.006457147 0.0003669423 0.00015627399 0.0006097861 0.0005386649 2.8330165e-05 0.00014626751 1.8072808e-06 0.006145798 1.1152039e-06 0.0007647745 0.00019193525 0.00048760697 9.792226e-07 4.497438e-05 6.4188986e-05 0.0013144645 2.227042e-06 9.933956e-05 2.829107e-07 8.611701e-06 2.3934658e-06 2.5290443e-05 1.56034e-05 5.090351e-06 3.639086e-08 8.9806946e-07 4.198531e-05 9.3452337e-07 0.00012914934 2.0201342e-06 2.3257155e-05 2.585461e-07 2.2074963e-05 7.701139e-08 0.004377687 2.992727e-07 2.279856e-05 3.1238808e-06 2.572297e-06 2.6986248e-08 3.7162525e-07 0.0003250315 4.4244257e-06 4.408967e-08 2.0430368e-06 2.82253e-08 5.5570727e-06 7.1702697e-09 0.0012549419 6.0850593e-06 3.6269178e-08 9.493164e-08 6.469447e-05 1.2033789e-07 2.049407e-07 2.6603868e-08
0.21992058 0.00939452 0.014614021 0.027865468 0.013502439 0.95373285 0.006903481 0.32674375 0.5290247 0.7190224 4.8661586e-17 0.0004555811 0.004581904 0.9385812 0.00077849097 0.38150862 0.00010011 0.9581442 0.17933996 0.00029950155 0.029298963 0.014702875 7.843559e-05 0.2538426 0.004591602 4.917585e-05 0.326387 0.0002932287 0.2766688 0.0012779019 0.0026880184 0.00042875725 0.00038255303 0.01786039 0.00015865623 0.00030044102 0.01176553 0.0018014425 0.013593417 0.029689083 0.0028392714 9.243403e-06 5.0753217e-05 0.0025746005 0.0022786597 1.622059e-05 8.9838636e-07 0.00036782463 0.0002706259 7.244421e-05 5.0252015e-06 9.130132e-06 0.003148367 5.931449e-06 6.9724614e-05 8.339891e-05 3.434033e-05 3.445907e-06 1.9935615e-05 9.165944e-06 7.4350544e-05 2.328432e-05 1.12475955e-05 2.086939e-06 2.7754443e-06 7.731694e-06 4.7315975e-06 2.7324645e-06 2.7577457e-06 8.4668227e-07 1.4805927e-06 1.4599179e-05 8.884366e-07 1.50126425e-05 5.726205e-06 1.3272486e-05 6.521841e-07 5.7142256e-06 8.510327e-07 0.0012135657 1.3018862e-07 9.027076e-06 8.1804166e-07 4.335956e-07 1.3035051e-07 5.088407e-07 5.3327323e-05 1.4975199e-06 2.726567e-07 1.5012462e-06 3.5160855e-07 1.1135714e-06 1.03227904e-07 0.0002227469 4.3813034e-06 1.9293047e-06 2.3028241e-07 2.4172985e-05 6.614041e-07 9.151345e-07 8.869825e-08
0.43069258 0.01876226 0.00032723602 0.00025690877 0.16538677 0.017103733 0.9629338 0.00036291638 0.00038466608 0.0140977 0.0004555811 1.9319844e-20 0.9900212 0.00042457477 0.9625898 3.2862157e-05 0.65526134 0.000106900625 0.0009385658 0.23324876 0.00068770745 0.00029173447 0.34740955 3.8776332e-05 0.0061294823 0.014198437 5.649132e-05 0.18126455 0.0001223795 0.27847433 2.9176157e-05 0.19444174 0.047370095 3.965602e-06 9.298756e-05 0.05095116 9.242354e-06 8.956882e-07 6.7103047e-06 0.012123338 2.7009987e-06 2.8839573e-05 0.0005646673 3.061736e-06 8.5920647e-07 0.0049421038 0.000712003 5.472742e-07 1.7973408e-06 6.690001e-07 2.9479312e-05 3.4731104e-07 0.03947622 1.7691922e-06 0.005559813 2.1230064e-06 0.0029754173 6.915852e-07 2.864471e-07 0.000121545534 0.010069299 2.0456989e-07 8.901349e-06 1.09568255e-07 5.1364947e-07 7.58024e-08 4.8125767e-06 3.9948372e-06 1.1963643e-05 9.988771e-07 4.5752618e-08 1.1415996e-05 1.5096688e-07 5.1827337e-05 7.3142644e-07 3.075882e-07 1.7352632e-07 1.8750229e-06 2.6450925e-07 0.010967345 4.4550458e-08 2.7912007e-08 2.1120518e-07 9.5033265e-08 1.0167268e-07 5.019767e-09 0.00031116634 1.2960307e-07 7.5132844e-10 1.2213185e-06 6.452609e-08 1.3623348e-06 2.7570005e-07 0.0013449516 1.5746592e-07 3.5806178e-08 1.2808201e-09 0.00021400981 1.461634e-07 2.303503e-07 2.8745783e-08
0.6342321 0.0062681725 0.0016102138 0.0004090458 0.13310589 0.049961984 0.75161344 0.0022937537 0.0024165232 0.05885127 0.004581904 0.9900212 2.4546632e-18 0.0028013664 0.89923763 0.00024624582 0.45186737 0.0011341366 0.003141446 0.04956217 0.003086674 0.0002702156 0.37754655 5.7710426e-05 0.041253917 0.0022841715 0.001042815 0.31304568 0.001392123 0.42702833 0.00011640506 0.15422425 0.024458049 3.5185512e-05 6.266152e-05 0.07428847 0.00011478346 6.1413302e-06 2.4453195e-05 0.0014410755 7.0578703e-06 7.281214e-05 0.0024964702 1.6167494e-05 1.719723e-05 0.011843127 0.00080531655 1.9277515e-05 1.8559207e-05 1.6008453e-05 8.0181235e-05 2.0469001e-06 0.03400348 9.762924e-06 0.009730568 5.7527463e-06 0.003467804 3.39402e-06 7.848324e-07 0.00036425688 0.008336469 2.2543007e-07 7.7653895e-06 1.4532056e-05 6.3411886e-07 1.2621956e-06 1.6963888e-05 2.2051629e-05 8.38891e-05 3.4359937e-06 1.6280457e-07 7.8233665e-05 6.8979887e-07 0.00017652822 1.5131117e-06 1.0400316e-06 3.8663373e-07 4.4226475e-05 5.8126093e-06 0.0044846516 6.109723e-07 1.667625e-07 1.4204286e-06 2.261181e-06 1.0330074e-06 7.164873e-08 0.00027344775 4.222144e-07 1.14076265e-07 6.917881e-06 6.924378e-07 9.915239e-06 3.1337306e-06 0.0027462142 1.9689803e-06 3.6814838e-06 1.535803e-09 0.00030548996 6.5016295e-08 7.699204e-07 4.8788877e-07
0.40110418 0.0008749521 0.00019009536 0.002006663 0.0021611508 0.42275786 0.0033421186 0.019406676 0.08460285 0.7892116 0.9385812 0.00042457477 0.0028013664 1.2103556e-15 0.0019093442 0.049166057 0.00034376147 0.9483579 0.72361726 0.00083887664 0.22497517 0.19795649 0.00025148172 0.9144811 0.03894289 5.1916133e-05 0.14648212 0.0017420345 0.1463395 0.012423274 0.040306006 0.0016320433 0.0005822761 0.013944058 0.0058401613 0.002180211 0.036407486 0.005090638 0.072097085 0.008769559 0.05405621 0.0019855506 0.0011527175 0.018268328 0.017443644 0.00041239182 3.952024e-05 0.004579246 0.005830882 0.0015347574 0.0001842819 9.299598e-05 0.0042361403 0.00021063907 0.0010760166 0.0022568253 0.000573913 3.698222e-05 0.0006640149 0.00056863687 0.0004456211 0.0045074536 0.00019226318 8.947457e-05 3.080653e-05 0.00035584244 8.372109e-05 6.7264096e-05 6.158705e-05 1.3447726e-05 7.3146766e-05 0.00016938985 9.748963e-05 0.0003655354 0.00032481703 0.00013267228 3.8284827e-05 9.65435e-05 1.46291e-05 0.0007358865 1.5718386e-05 5.564431e-05 1.071354e-05 2.7243606e-05 8.4647445e-06 4.466524e-06 0.000642109 1.4286281e-05 3.7946502e-06 2.1864604e-05 4.409859e-06 4.860727e-06 5.39505e-06 0.0007156621 2.9821744e-05 1.4770381e-05 7.8054944e-07 8.4628846e-05 4.032402e-06 8.034423e-06 1.5543168e-06
0.9208199 0.0026770819 0.00035082962 0.00017218589 0.04418681 0.012351961 0.5115911 0.0004443357 0.0010443499 0.019701589 0.00077849097 0.9625898 0.89923763 0.0019093442 1.8940134e-16 0.00027826958 0.6195224 0.0004400711 0.003100072 0.13494526 0.0035446805 0.00061775354 0.73274654 0.00012652569 0.04492291 0.008086735 0.00012679337 0.71778065 0.0002395896 0.78584516 0.0005934369 0.47323647 0.08042181 3.653307e-05 0.000525279 0.5073363 5.562707e-05 6.897492e-06 1.36514345e-05 0.0066219526 3.2000346e-05 0.0011344496 0.017836304 1.8285977e-05 1.1051817e-06 0.11548679 0.023754956 1.2182004e-05 1.6174248e-05 2.5708217e-05 0.0015234333 1.1582933e-06 0.13189675 1.3294363e-05 0.036079247 2.9654118e-06 0.018998707 2.8994903e-06 4.968156e-07 0.0041198595 0.045675624 3.6151266e-07 0.00020146451 3.0842405e-06 1.2417013e-05 1.9461338e-06 0.00013441361 0.00013360704 0.00019815788 3.9934414e-05 7.727377e-07 0.00021468523 3.1764125e-07 0.00049246015 8.6146696e-07 9.103101e-06 3.0076077e-07 0.00010453267 3.084967e-06 0.021981733 3.9067e-07 6.0441857e-06 1.9298686e-05 2.4050046e-06 7.668493e-07 1.0385925e-06 0.0012545463 1.729006e-05 6.992254e-08 8.124036e-05 2.6635907e-06 0.00015488685 9.566188e-06 0.0051545044 1.4286266e-05 1.5674661e-05 4.5171486e-08 0.00082314643 1.0350486e-06 2.173926e-06 1.1677565e-06
0.023489581 0.00015765656 0.0038872007 0.533462 0.00032411155 0.38234204 0.00022188782 0.97895217 0.9677779 0.04599771 0.38150862 3.2862157e-05 0.00024624582 0.049166057 0.00027826958 8.5202e-17 0.00013590026 0.54032683 0.0030584664 0.021736223 0.000387567 0.0010065001 0.00048220152 0.0020363396 1.3643106e-05 0.0044823578 0.6824281 0.00011661273 0.76819026 0.0002982571 7.055323e-05 0.0011086586 0.012712099 0.86135614 2.9017697e-06 0.000114953385 0.14463183 0.6256511 0.0050224564 0.01802391 6.520031e-05 6.77984e-06 6.0057123e-06 0.00031689953 0.0001280639 0.00016361012 2.2250697e-06 4.6791497e-06 7.101967e-06 0.0013115981 9.758786e-07 1.3383447e-05 0.016758647 0.00018112166 6.7251654e-05 1.329354e-05 8.162528e-06 1.687569e-05 1.2788674e-05 1.2425756e-05 4.2692277e-06 3.6482857e-07 7.416669e-07 3.9184483e-06 4.3719538e-06 4.5461084e-06 6.045435e-05 5.538547e-05 1.3476626e-05 1.1089745e-07 3.1101044e-05 1.4189779e-05 1.0368932e-06 1.2890882e-05 7.282032e-07 6.0547587e-05 7.1239754e-07 4.875944e-05 1.1776508e-06 8.779227e-05 1.8227519e-06 2.4893877e-06 6.503305e-06 1.4029418e-06 2.006691e-08 1.9174614e-07 0.00075535296 1.9075851e-05 1.532301e-07 2.0314553e-06 1.8888407e-08 2.59881e-05 2.7206827e-08 8.697574e-05 2.389445e-06 3.1596505e-07 9.999941e-07 0.00011100809 5.0047674e-07 2.0203565e-07 1.1025145e-07
0.8522679 0.018196309 0.0015900183 0.0012872819 0.075457945 0.002339623 0.9038847 0.0014026528 0.0007189484 0.0027635407 0.00010011 0.65526134 0.45186737 0.00034376147 0.6195224 0.00013590026 1.0387758e-17 0.000121435 0.00065450947 0.91614497 0.0009894954 0.0004067096 0.94860214 2.660023e-05 0.003698975 0.08436163 0.00013184462 0.27284995 0.00016115057 0.13244045 0.0003708646 0.793571 0.28302234 1.01500345e-05 0.00019428144 0.054370813 1.5335523e-05 2.0647788e-06 4.407193e-06 0.0354807 2.263425e-06 0.00015589545 0.0009454564 3.3482847e-06 1.8943736e-06 0.011975488 0.0026422113 4.4391677e-06 5.4681277e-06 1.3094265e-06 0.00010484057 7.6776917e-07 0.11418035 1.967049e-06 0.011837244 5.449742e-07 0.0061557344 8.332974e-07 4.254898e-07 0.00034571314 0.017833345 7.8966636e-08 1.1384737e-05 3.1059605e-07 2.9679015e-06 3.429078e-07 5.5218206e-06 4.7700364e-06 1.572404e-05 1.3100079e-07 3.8997058e-07 1.1100982e-05 1.65788e-06 5.871743e-05 2.2966974e-06 7.5832413e-06 7.6339865e-07 8.609433e-06 4.3037727e-07 0.036942758 8.967365e-08 4.8430325e-06 6.7120874e-07 2.461391e-07 4.3614034e-07 3.929283e-07 0.0003830795 2.6395578e-06 1.6457895e-08 7.810331e-06 7.8145064e-07 4.0890927e-06 2.928341e-06 0.0019017981 1.9271834e-05 5.897304e-07 1.6401872e-07 0.0005323764 8.114995e-06 3.8689043e-07 3.944318e-08
0.6692374 0.00037407162 0.00018996742 0.003659657 0.0010402524 0.46334112 0.00090152817 0.30905056 0.57253903 0.5646501 0.9581442 0.000106900625 0.0011341366 0.9483579 0.0004400711 0.54032683 0.000121435 1.434178e-15 0.38697416 0.00012939652 0.11214661 0.16708529 0.00014045752 0.84754926 0.018014828 5.0753217e-05 0.66644573 0.001614329 0.7122113 0.0034548447 0.08011544 0.0016348714 0.00036092137 0.17062794 0.0008251054 0.0033067951 0.24746609 0.064131 0.21617302 0.0069029485 0.14903748 0.00026551023 0.00061771966 0.06029696 0.05557167 9.164847e-05 2.6799886e-05 0.0092561245 0.008634995 0.014734022 0.000106926214 0.0018173165 0.008676425 0.0015618511 0.00022464151 0.007855893 0.00011230141 5.4131884e-05 0.001234954 0.00011836036 0.00026179405 0.004473225 0.00010868735 0.00020537655 2.791961e-05 0.0002414763 5.894775e-05 2.5878857e-05 5.3492557e-05 3.7699832e-05 4.0969095e-05 0.000117008545 0.00038003162 0.00045579468 0.00056340435 7.8276644e-05 5.7785273e-05 0.00011279386 3.180529e-05 0.00073995267 1.3010052e-05 4.6807094e-05 1.4199376e-05 1.7074306e-05 5.9323684e-05 4.392821e-06 0.0018928404 5.226793e-06 9.4216097e-07 2.315809e-05 4.606064e-05 1.8519053e-05 1.1720448e-05 0.0012855808 1.671252e-05 2.199452e-05 3.043528e-07 5.7726884e-05 6.2644463e-06 9.485028e-06 1.5089701e-06
0.6889826 0.00012851437 2.9577339e-05 2.2191012e-05 0.0011439051 0.028289124 0.0009109341 0.00032067206 0.016277788 0.94329613 0.17933996 0.0009385658 0.003141446 0.72361726 0.003100072 0.0030584664 0.00065450947 0.38697416 2.3923387e-17 0.0008541547 0.89747417 0.9227883 0.0006121756 0.9240633 0.43887115 0.00022051556 0.04825664 0.0061815046 0.07019329 0.03298628 0.23129603 0.002705246 0.0011284982 0.011354937 0.11960757 0.011603504 0.050564237 0.0009320979 0.11393241 0.0043409215 0.1686108 0.018825343 0.011896207 0.043046888 0.07580394 0.0030836756 0.0021895878 0.023093445 0.020804834 0.00054437487 0.0018576711 0.00042558092 0.0030589886 3.3519802e-05 0.0032201018 0.012771698 0.0023656164 5.652815e-06 0.002533333 0.0022485037 0.0028201584 0.009173855 0.0014381629 0.00012401209 9.2151895e-05 0.0020584087 0.00014213719 0.000113622475 0.00035945204 1.844236e-06 0.00014490368 0.00023930824 0.0008399397 0.0017926422 0.001555412 0.00013900237 8.071199e-05 0.00015551709 8.437133e-06 0.001888089 0.00021647863 2.429462e-05 1.3015189e-05 0.00017103471 4.2409098e-05 3.3461938e-06 0.0015047644 9.345407e-06 7.6945724e-07 1.2936499e-05 1.1132226e-05 4.79635e-05 1.5643308e-06 0.004207359 3.8591726e-05 5.4026646e-06 2.0918978e-07 0.00046999997 1.6393153e-06 9.489073e-06 4.593467e-06
0.46564057 0.11799485 0.012693226 0.007254947 0.10214079 0.014811324 0.6432868 0.019548794 0.0040281652 0.0055696983 0.00029950155 0.23324876 0.04956217 0.00083887664 0.13494526 0.021736223 0.91614497 0.00012939652 0.0008541547 2.7145059e-18 0.00115388 0.00017953005 0.43997055 1.2442073e-05 0.0046455557 0.94956446 0.006796948 0.075279325 0.0030263402 0.031226443 0.0001007326 0.6283972 0.9361819 0.0007972109 2.5102272e-05 0.01588889 0.0003772006 3.0463274e-05 6.292315e-05 0.37318003 6.012087e-07 6.496489e-05 0.0006269413 9.46933e-06 1.762069e-05 0.008243511 0.0007071186 5.1729044e-06 1.1359403e-05 9.132578e-06 5.4821347e-05 1.9915212e-06 0.26583415 6.7966917e-06 0.017969375 1.2412384e-05 0.0027005973 1.5303418e-06 1.1414096e-06 0.0005518596 0.012636723 1.1864356e-06 1.2538652e-05 1.6736898e-06 6.3484254e-07 2.8990877e-07 1.0246225e-06 6.1584383e-06 0.00011836532 7.4140524e-07 4.1147877e-07 3.2924203e-05 6.118146e-06 0.00013932926 7.482339e-06 6.387803e-07 1.7532392e-06 6.978671e-06 5.3825e-06 0.14091857 1.8350491e-07 6.971932e-08 3.575412e-07 1.3254127e-06 3.286877e-07 4.2737042e-10 0.00035195058 2.994177e-07 5.1401208e-09 7.005183e-06 2.0324134e-07 9.244774e-07 6.254674e-06 0.00043173574 1.0111282e-07 1.5797643e-07 8.7113416e-10 4.829793e-05 1.4954911e-07 6.5417964e-08 8.7346885e-09
0.84895325 7.538402e-05 4.6047435e-06 6.122103e-06 0.0016701017 0.0025969804 0.000329371 6.501553e-05 0.002989548 0.78044456 0.029298963 0.00068770745 0.003086674 0.22497517 0.0035446805 0.000387567 0.0009894954 0.11214661 0.89747417 0.00115388 4.7767147e-19 0.959593 0.0010303617 0.57152253 0.87889683 0.0004955852 0.013372827 0.009598018 0.027172 0.05088069 0.5083621 0.003954518 0.0017953581 0.0019373028 0.5016699 0.019550571 0.022650937 0.00019315931 0.08330862 0.0018410942 0.26303753 0.06712986 0.029510269 0.033897933 0.11076634 0.012343735 0.01550603 0.0061357515 0.010178863 0.00011488631 0.007586613 7.713654e-05 0.0057714335 1.9626239e-05 0.0073732627 0.016166987 0.007110801 1.2998629e-05 0.0037224728 0.010152542 0.0056813005 0.002994353 0.0019587022 2.5844798e-05 0.0001486715 0.001111031 0.00026806828 0.00033873078 0.00037866356 1.0455591e-06 0.00013173751 0.00030828646 0.0001758764 0.0028804266 0.00079889287 0.0001476498 7.1462305e-06 0.00018998249 1.917267e-06 0.0011088699 0.00012304091 7.91989e-05 6.7236644e-05 0.00020011398 5.350518e-06 2.547259e-05 0.0022861722 5.1844538e-05 2.902781e-07 0.00029132215 2.2151908e-06 4.8324604e-05 1.9327379e-07 0.00705269 7.957464e-05 5.758101e-07 1.4895406e-06 0.0012173799 3.7441444e-06 5.663229e-06 2.1074616e-06
0.89131516 4.560616e-06 1.4118755e-06 6.9971605e-07 9.39757e-05 0.00039381374 3.1262218e-05 9.090404e-05 0.0016760221 0.4460014 0.014702875 0.00029173447 0.0002702156 0.19795649 0.00061775354 0.0010065001 0.0004067096 0.16708529 0.9227883 0.00017953005 0.959593 8.449345e-18 0.00043001238 0.83225834 0.66979706 6.703957e-05 0.031143462 0.004910547 0.05661034 0.033865746 0.5637015 0.001146832 0.0006194107 0.0070440522 0.4977565 0.012649192 0.122896664 0.0010060751 0.40146992 0.0003250947 0.43694168 0.06870121 0.03513635 0.25243238 0.42117587 0.0081427805 0.008168384 0.08194196 0.09692373 0.0015012191 0.0074845515 0.003469089 0.0033668985 6.109356e-05 0.0057073096 0.035292078 0.0045636296 3.2897275e-05 0.023288438 0.012883767 0.005168299 0.12408829 0.0036693898 0.002229452 0.00017177832 0.007370451 0.00017780978 0.00022059886 0.00076845184 4.8483267e-05 0.0015012469 0.00046618102 0.012899639 0.008888231 0.011530512 0.0001923624 0.0014394486 0.0002349871 4.8240297e-05 0.0006221814 0.00173246 8.61421e-05 2.7211436e-05 0.0016914813 0.00076992234 4.6876652e-05 0.0036706252 1.1999295e-05 3.857187e-06 9.2537186e-05 0.00013011784 5.9588136e-05 4.7721064e-06 0.007923747 0.00019065475 3.363229e-05 9.422706e-07 0.0006637398 1.3510161e-05 3.14627e-05 4.9386003e-06
0.9250887 0.003450926 0.0008899439 5.3727534e-05 0.01773112 0.00070048124 0.33026183 0.00043899572 0.00053465227 0.0031815819 7.843559e-05 0.34740955 0.37754655 0.00025148172 0.73274654 0.00048220152 0.94860214 0.00014045752 0.0006121756 0.43997055 0.0010303617 0.00043001238 1.5270224e-17 2.107583e-05 0.006315401 0.020494133 9.5547046e-05 0.8721336 0.00024131194 0.51846653 0.00042174608 0.8920484 0.18685067 5.262302e-05 0.00028304014 0.3139285 2.9180692e-05 1.3822381e-05 1.4832971e-05 0.011903924 2.6227868e-05 0.00034968142 0.006589198 1.35520995e-05 6.3854947e-07 0.077707656 0.014503268 5.6458002e-06 1.3876931e-05 2.457713e-05 0.000835693 1.0399171e-05 0.12789746 1.1110283e-05 0.03685397 3.5219213e-07 0.022018345 5.356395e-06 3.6398305e-07 0.0011602326 0.039308637 8.6992924e-07 9.2383045e-05 1.526734e-06 1.2899921e-05 4.3803735e-07 3.3967746e-05 2.8670429e-05 6.198556e-05 7.408695e-07 5.5638685e-07 8.207055e-05 2.5080556e-06 9.542429e-05 1.1870683e-06 1.96286e-05 1.2385501e-06 4.8096197e-05 8.0201573e-07 0.035861082 1.49006e-07 9.049781e-06 7.2516195e-06 6.842467e-07 9.847779e-07 1.8659317e-07 0.00065727986 4.0622617e-06 8.296558e-08 8.3968014e-05 6.942443e-07 1.1592078e-05 2.5174663e-06 0.0020793614 3.3058965e-05 3.62997e-06 9.817477e-08 0.00030872834 8.800775e-06 2.1331598e-06 6.9144576e-08
0.8534147 1.2964565e-06 8.152336e-08 2.029932e-07 3.229297e-05 0.0034939842 6.2547692e-06 2.8186312e-05 0.0037947232 0.19297582 0.2538426 3.8776332e-05 5.7710426e-05 0.9144811 0.00012652569 0.0020363396 2.660023e-05 0.84754926 0.9240633 1.2442073e-05 0.57152253 0.83225834 2.107583e-05 1.3941246e-17 0.13382135 1.0742448e-06 0.07398305 0.0005698825 0.2543647 0.007212191 0.4594275 0.000523989 0.00013603266 0.007448692 0.101656154 0.0034450185 0.2071206 0.0012889525 0.48365495 0.00019391364 0.79906225 0.017997485 0.008660451 0.48339513 0.7346539 0.0020473474 0.00040038902 0.11801975 0.15193966 0.0052688783 0.0026626703 0.00941272 0.0016607261 0.0011302409 0.0021194543 0.14478563 0.0011634082 0.00017811426 0.0364419 0.0045844438 0.0010256912 0.14010207 0.0012385844 0.0025472736 7.9797916e-05 0.013367766 9.889256e-05 0.00013945541 0.0004674761 0.0004982521 0.0034509967 0.00028873354 0.006558678 0.003926195 0.007579439 0.00015321541 0.0011778362 9.302862e-05 0.0003155533 0.00016567865 0.0022321122 6.873715e-06 4.3326554e-06 0.0054130782 0.0008219219 1.2793969e-05 0.003118859 5.0639337e-06 8.528511e-07 6.795989e-05 2.8498442e-05 4.750608e-05 1.27351705e-05 0.004524593 9.1100876e-05 5.805767e-06 2.6395274e-08 0.00053823314 2.4059727e-06 4.564034e-05 2.132627e-06
0.93079823 9.7620075e-05 1.1432676e-05 1.8922428e-06 0.006104957 0.0024982563 0.0010594623 7.334791e-06 0.00085628097 0.3740303 0.004591602 0.0061294823 0.041253917 0.03894289 0.04492291 1.3643106e-05 0.003698975 0.018014828 0.43887115 0.0046455557 0.87889683 0.66979706 0.006315401 0.13382135 9.325198e-21 0.0030252612 0.0006071197 0.04756466 0.0019427404 0.3353141 0.95312726 0.015577671 0.009166776 2.27269e-05 0.9520272 0.12019347 0.0016906249 2.7971246e-06 0.008026241 0.0029701004 0.32993117 0.6157377 0.35108817 0.0061997594 0.025811948 0.122292325 0.22506824 0.000117590906 0.00063171354 4.173733e-06 0.0940875 1.5966531e-06 0.026589844 2.289828e-06 0.04582029 0.0030585963 0.065859444 1.901717e-06 0.000404826 0.051651116 0.04103893 2.1141407e-06 0.010932628 1.8226318e-06 0.00020253425 0.00018213165 0.00021340634 0.0004641528 0.002480903 1.5283007e-07 5.0444778e-05 0.0005107965 9.385147e-07 0.013393856 2.7242656e-06 5.5357694e-05 4.6311746e-07 0.00022640167 1.0135412e-06 0.005866655 2.1535277e-05 2.6755246e-05 7.4590804e-05 5.501544e-05 1.6833208e-07 1.0293206e-06 0.0037633018 0.000100479214 2.4258698e-08 0.0008634299 3.5457214e-07 0.00033938978 7.936466e-08 0.013334228 2.7171529e-05 2.2648445e-07 4.5452712e-08 0.0057894355 8.4003733e-07 3.3856392e-07 1.4495406e-07
0.93081903 0.026430292 0.003723204 0.0024408847 0.012922549 0.0035793227 0.10288543 0.012503284 0.0015532173 0.0013312813 4.917585e-05 0.014198437 0.0022841715 5.1916133e-05 0.008086735 0.0044823578 0.08436163 5.0753217e-05 0.00022051556 0.94956446 0.0004955852 6.703957e-05 0.020494133 1.0742448e-06 0.0030252612 4.1255118e-16 0.0029624824 0.014938954 0.00017943181 0.008259391 0.00020218128 0.086971 0.7207451 7.961673e-06 4.1186984e-05 0.01105488 4.988747e-05 3.2487884e-07 8.951412e-06 0.83736426 4.174824e-06 2.8066332e-05 0.0017763269 1.0694788e-05 1.1654631e-05 0.013353406 0.003596858 1.6063118e-06 1.1179133e-05 1.1422398e-07 0.00038202875 2.5195422e-07 0.5589769 2.190754e-07 0.028579246 4.5204906e-05 0.004518707 5.037302e-08 4.686049e-06 0.0040412666 0.053427 3.5577677e-06 0.00014520691 1.03133e-06 4.250613e-06 4.599758e-06 2.9352848e-05 0.00016114303 0.0032662367 5.9313976e-08 8.321797e-06 0.0011698182 1.0412364e-06 0.00196845 1.0723869e-06 5.180196e-06 2.5111032e-07 0.0001636574 7.41179e-07 0.84248155 2.9123407e-06 1.2194417e-07 9.877239e-07 7.957361e-06 1.6038557e-07 1.0839124e-09 0.00088795467 1.8317915e-07 8.311865e-10 4.3599474e-07 2.1538057e-08 2.267362e-07 5.2715535e-07 0.0024352963 9.041766e-08 2.5993439e-08 2.0766014e-10 7.136443e-06 3.950309e-09 1.8485272e-08 2.603009e-09
0.065920524 8.56943e-05 1.5042759e-06 0.0009911823 0.00019695383 0.18104188 0.00028044463 0.02236189 0.14085966 0.13682465 0.326387 5.649132e-05 0.001042815 0.14648212 0.00012679337 0.6824281 0.00013184462 0.66644573 0.04825664 0.006796948 0.013372827 0.031143462 9.5547046e-05 0.07398305 0.0006071197 0.0029624824 5.0099657e-19 0.0001899276 0.9917965 0.00043134377 0.011609011 0.0014256596 0.007173858 0.68251246 0.00021246733 9.403451e-05 0.60235375 0.28896764 0.29839155 0.0020800347 0.026074873 4.7493897e-05 0.00018229883 0.07077644 0.0069791144 3.797963e-06 3.6070323e-06 0.0011775325 0.0013292024 0.0034418975 1.7072662e-05 0.0003354553 0.017867044 0.0001889583 9.103843e-05 5.7578764e-05 0.00010425094 3.3363253e-06 3.259063e-05 2.460118e-06 0.00010746619 5.94985e-06 4.3586962e-05 1.6676069e-06 2.0152072e-05 1.0221888e-05 3.4451594e-05 2.947875e-05 6.1434216e-06 3.6436628e-08 2.2495287e-05 2.1672948e-05 8.8013536e-08 2.4757139e-05 1.7064319e-06 2.2460303e-05 7.133307e-08 5.033547e-06 6.5489707e-09 9.604824e-05 1.9611309e-07 8.5744495e-07 2.3046938e-07 9.691225e-08 3.4220296e-08 1.3934591e-07 0.00064118294 3.8606774e-07 4.9452424e-09 7.160187e-06 1.688682e-08 1.2295815e-05 4.6534096e-10 0.0012570746 2.942677e-06 7.6672935e-09 5.912974e-08 0.0007897158 7.032365e-08 3.983656e-08 3.2842433e-08
0.9689008 0.0039237887 0.00027276194 2.4343324e-05 0.023641104 0.0027919118 0.29326436 0.000102437436 0.00034710363 0.013389264 0.0002932287 0.18126455 0.31304568 0.0017420345 0.71778065 0.00011661273 0.27284995 0.001614329 0.0061815046 0.075279325 0.009598018 0.004910547 0.8721336 0.0005698825 0.04756466 0.014938954 0.0001899276 4.2937495e-16 0.00028862205 0.9185067 0.0034835122 0.7385108 0.11256643 6.025571e-05 0.0018036882 0.8481489 0.00021111952 2.758852e-05 8.699989e-05 0.011292055 0.0008446218 0.005709506 0.03957137 3.663976e-05 1.00212455e-05 0.17934889 0.05816589 5.5921584e-05 5.8071495e-05 5.3088224e-05 0.00716743 3.7747825e-05 0.1414347 1.1368572e-05 0.17378558 3.616439e-06 0.08592477 4.8137836e-06 4.7643757e-06 0.007664473 0.10868328 1.8990302e-05 0.0007655254 8.576294e-06 5.3295953e-05 4.013078e-06 7.273642e-05 8.809126e-05 0.00030468695 1.6445439e-06 1.4494065e-05 8.640909e-05 1.1457966e-05 0.00070938974 9.707803e-06 1.6844255e-05 5.9796575e-06 6.1935156e-05 5.529029e-06 0.041038852 9.723707e-07 1.6568361e-05 4.7004818e-05 6.7598653e-06 1.886389e-06 8.385757e-07 0.0015533648 3.373466e-05 3.1650308e-07 0.00037924325 4.440794e-06 4.1255782e-05 6.8248946e-06 0.0032175586 1.8380195e-05 2.431263e-05 2.734481e-07 0.00060087896 5.0108542e-06 7.944178e-07 3.2877514e-07
0.09450385 6.510885e-05 3.1359713e-07 0.0003797771 0.00012098672 0.13246281 7.579044e-05 0.02351344 0.10387694 0.12760665 0.2766688 0.0001223795 0.001392123 0.1463395 0.0002395896 0.76819026 0.00016115057 0.7122113 0.07019329 0.0030263402 0.027172 0.05661034 0.00024131194 0.2543647 0.0019427404 0.00017943181 0.9917965 0.00028862205 1.0000485e-17 0.0009844335 0.022344124 0.001218803 0.0028365243 0.82451683 0.000683167 0.00027056033 0.8019654 0.46659687 0.6181756 0.0012090432 0.10456242 0.0001527315 0.000284026 0.29668933 0.054771263 1.7906266e-05 2.5667037e-05 0.008471206 0.009670113 0.014241935 7.502778e-05 0.0029846567 0.0075020636 0.000974197 0.00016978578 0.0011553417 0.00020709059 3.9843344e-05 0.00041552994 8.558148e-06 0.0004009932 0.0001167151 6.69818e-05 8.1733044e-05 5.781939e-05 6.166505e-05 0.0002170738 0.0002482311 1.8317061e-05 5.754072e-07 7.509794e-05 0.00018855471 3.6651593e-06 0.00012714705 3.1286883e-05 0.00020253657 6.38172e-07 5.998343e-05 1.8738011e-07 8.660485e-05 4.033787e-06 4.1682283e-06 1.6424012e-06 2.8444476e-06 9.839124e-07 2.0214736e-06 0.0019188466 1.2268541e-06 1.2274586e-07 6.698285e-06 1.5566553e-07 9.681702e-06 4.2963295e-09 0.001402124 2.0331756e-05 1.8071559e-07 3.6733422e-07 0.0008714592 2.991751e-07 3.82032e-07 1.423843e-07
0.9726544 0.0011202609 0.000109739296 1.3639723e-05 0.027732154 0.0060255625 0.2929409 0.00014440085 0.0005955067 0.05214632 0.0012779019 0.27847433 0.42702833 0.012423274 0.78584516 0.0002982571 0.13244045 0.0034548447 0.03298628 0.031226443 0.05088069 0.033865746 0.51846653 0.007212191 0.3353141 0.008259391 0.00043134377 0.9185067 0.0009844335 5.262556e-17 0.03747561 0.3965145 0.06824743 0.00038648405 0.020857815 0.8955154 0.00106189 3.5124795e-05 0.0015173347 0.0014751364 0.012628586 0.049213942 0.21471079 0.00014784947 0.00011134281 0.4473794 0.23330915 0.0002514167 0.00036495717 0.00021141187 0.07070002 0.00016430594 0.13193503 2.2776307e-05 0.3807751 1.0003408e-05 0.24130349 6.7888077e-06 1.1383163e-05 0.056823242 0.21805331 0.0004005426 0.003180798 1.620026e-05 7.937947e-05 1.1627901e-06 9.78181e-05 0.000103708604 0.00042454584 1.1285578e-05 5.141994e-05 0.0002105742 0.00016351466 0.001676926 0.000107634296 2.3190667e-05 5.7890567e-05 0.0001370882 4.5054253e-06 0.012482983 8.763292e-07 9.840059e-06 2.0856649e-05 7.982184e-06 4.2102165e-06 1.4729313e-06 0.0018434899 5.4148586e-06 2.1126616e-06 0.000108716165 6.274024e-06 8.3264764e-05 2.7218808e-05 0.009389473 3.7782381e-06 0.0001179421 1.7981388e-07 0.0005435516 4.970271e-06 2.2246074e-06 4.4041323e-07
