4.1113963e-27 0.99869215 0.92564726 0.9924067 0.9998695 0.84942216 0.9557795 0.99488056 0.89695567 0.93380547 0.99999654 0.992217 0.98765254 0.99984235 0.9531409 0.9256908 0.97771746 0.9981819 0.92489815 0.9895662 0.8927824 0.77773273 0.8809192 0.9648157 0.722524 0.9310388 0.88488984 0.9925137 0.8786856 0.9146895 0.93673426 0.88292724 0.8259684 0.5660711 0.9162508 0.85477376 0.12700766 0.11521812 0.601978 0.9890623 0.9158324 0.26164082 0.92236865 0.9100134 0.28186786 0.16851883 0.9324908 0.84798825 0.6725464 0.26697788 0.9738125 0.8511352 0.18216702 0.9837831 0.10082336 0.72033554 0.6439548 0.72761184 0.6973003 0.0444257 0.08353119 0.6562058 0.08077288 0.66346663 0.06462594 0.55062217 0.04910227 0.30085889 0.7012912 0.10812523 0.09321049 0.9798296 0.03110459 0.018314783 0.009490816 0.0023267155 0.014471546 0.058853786 0.002179517 0.017825931 0.015198186 0.00041690157 0.0034513192 0.06581724 0.006529904 0.9956423 0.017650964 0.0155193005 0.0006107003 0.0010247213 0.00035886464 0.0010018307 0.24224044 0.00915135 0.042124804 0.10983257 0.007250855 0.00051438017 0.0067425785 0.3567158 0.051631134
0.99869215 5.4619677e-19 0.88060737 0.010676598 0.06194098 0.78434145 0.07491754 0.0050564297 0.80543166 0.63169044 0.7897406 0.0003439192 0.0027899966 0.03180517 0.25167626 0.02327491 0.0023726225 0.0030762109 0.2102616 0.012124899 0.0008648766 0.026436575 0.005406644 0.060083292 0.10956154 0.049452353 0.00033637244 0.00033090395 0.014838335 0.006172945 0.04206434 0.15825622 0.0023115939 0.03444972 0.004610529 0.15271288 0.011206835 0.035045467 0.0030958676 0.0013294048 0.0031254631 0.03492161 0.0004752199 0.002332435 0.0015599324 0.014093803 1.8912551e-05 0.001409897 0.0015929581 0.005475217 3.6275324e-05 0.00026687243 0.025539692 2.7873051e-05 0.0021930546 1.0399727e-05 1.1373603e-05 0.00010058265 0.00023488271 0.008115561 0.0035171339 6.51468e-05 0.0025047932 4.5505305e-05 0.003389072 0.00023767725 0.0005845795 0.0002136929 1.9324434e-05 0.00036540435 0.0005589693 0.001973558 0.00063475297 0.00015496573 0.00053725054 3.4753575e-05 0.0012898133 4.22407e-05 0.0011604872 0.00074101443 0.0008985441 0.0002851594 0.00060969364 0.00042502224 0.0005600634 1.5474356e-05 2.7829998e-05 0.00010728329 5.650287e-06 1.6991802e-05 4.967826e-06 1.9068613e-05 2.1391838e-06 0.00065840536 2.138875e-05 4.330156e-06 1.071257e-05 0.00010500617 0.00026842003 6.6102507e-07 3.8109715e-07
0.92564726 0.88060737 5.7944617e-19 0.008824703 0.03680356 0.9381161 0.039218158 0.006281302 0.60281026 0.5337208 0.1847953 0.0019402705 0.0016787599 0.01819317 0.18887372 0.011468971 0.0033943914 0.0050624153 0.6954045 0.010385188 8.017375e-05 0.011793018 0.00040223091 0.045179874 0.47682074 0.21129672 4.1791977e-06 0.00044933823 0.008458826 0.002088883 0.04165258 0.31931964 7.6732125e-05 0.03000781 0.0015508108 0.40253314 0.020538827 0.110126086 0.012049827 0.001246648 0.0026815135 0.16141365 9.725956e-06 0.0025127807 0.0004174 0.014011228 1.4862607e-07 0.0013760237 0.00070524204 0.0046262904 7.361177e-07 3.5998553e-07 0.09190371 2.0140806e-06 0.0013567249 4.1324924e-07 8.330336e-07 5.788328e-07 6.672008e-07 0.0637741 0.0020911752 1.4035842e-06 0.038437095 6.229288e-07 0.007696504 3.55337e-08 0.0007255483 6.8573845e-06 6.4060433e-09 2.5676365e-05 0.00043592975 0.0011595341 0.00010552357 8.702321e-07 4.938066e-05 0.0011942915 0.0022245036 9.631796e-08 0.008842061 0.0004430149 6.5639404e-05 0.0013071969 0.002375232 0.00061911385 1.9945094e-06 2.826285e-06 7.998377e-08 3.4322844e-07 2.3180607e-07 0.00014965162 5.0823448e-05 8.330206e-06 1.645165e-06 2.652469e-05 9.781018e-07 4.9395394e-09 4.4824682e-07 1.9486558e-06 2.3944785e-05 4.3542798e-07 3.4781007e-08
0.9924067 0.010676598 0.008824703 2.6675238e-17 0.6284314 0.006413022 0.92095286 0.7942922 0.00578473 0.012726547 0.6714481 0.053436752 0.29595459 0.13214876 0.21528235 0.6519959 0.02249469 0.030863922 0.0052115056 0.00036470196 0.05946714 0.4879881 0.24135298 0.00019089309 0.013682397 0.18805541 0.03568513 0.007551981 0.00017496264 0.45714438 7.84995e-05 0.0011143014 0.122372374 0.00021938789 1.3560632e-05 0.005170769 0.025392396 0.008392583 0.42468292 0.00060357916 0.39510134 0.00079127477 0.05682022 0.0013850012 1.5615225e-06 0.0001506688 0.009665724 0.0005766334 6.5709523e-06 4.5782588e-05 0.0010514286 0.01607836 0.00016506451 0.0008579493 4.2774416e-05 0.0009259762 0.00065934414 0.003415464 0.005390779 0.00011074828 3.595042e-05 0.0008886095 0.024483958 0.00090634916 2.6755708e-05 0.00746144 0.046786714 0.004903429 0.0031955014 0.0056584547 9.370486e-06 0.0007932234 6.8618792e-06 0.00020836102 6.480339e-05 0.00014730214 0.00027035942 0.000117418116 0.00024322962 2.6755577e-05 2.021251e-05 8.821282e-05 0.00012500428 4.2288542e-05 0.00016729973 2.6173899e-05 7.5632925e-06 2.1564585e-05 4.6460095e-06 0.0003132837 1.0540383e-05 0.00014017275 2.690089e-06 5.0572955e-05 6.8095476e-05 6.2444224e-06 1.1300639e-06 4.485701e-05 1.739467e-05 2.7616725e-06 1.7208319e-07
0.9998695 0.06194098 0.03680356 0.6284314 2.5109809e-15 0.028871221 0.15008882 0.80061024 0.028249843 0.03038488 0.77794546 0.5459505 0.7471238 0.80796385 0.14544223 0.04536257 0.39387697 0.17466487 0.005604398 0.0020319717 0.07572919 0.03198992 0.14147572 0.0026551392 0.0051879063 0.058894034 0.04904136 0.05772074 0.00088771293 0.04419015 0.00057528104 0.0016797825 0.027620006 0.0005684129 0.00024712685 0.004231606 0.006793877 0.0031161655 0.02870591 0.0010265465 0.05989402 0.0003243258 0.04187899 0.00452902 1.07554715e-05 9.2737195e-05 0.015192194 0.0018847851 5.579049e-05 7.4897245e-05 0.03096589 0.020719586 0.00015529286 0.025602285 2.460633e-05 0.0044434373 0.007658449 0.0061147837 0.007735408 6.653791e-05 3.5232253e-05 0.014453284 0.002753342 0.011117613 2.5008367e-05 0.0060503604 0.003228518 0.0035292197 0.00395069 0.0045084106 2.6784093e-05 1.1676702e-05 6.015187e-06 0.00029010698 3.5942227e-05 0.00023233006 5.7030134e-05 0.00027494898 0.0012044554 2.3608043e-05 1.0327588e-05 8.3698425e-05 0.00013091494 4.923479e-05 0.00027004915 0.0030560042 0.00022772189 0.000470245 1.3408795e-05 0.00010177372 0.00013453737 0.00015067801 1.0238191e-05 0.0003710691 0.0004872404 0.0003377743 3.079006e-06 0.00018129568 9.720898e-05 0.0012444874 2.2380247e-05
0.84942216 0.78434145 0.9381161 0.006413022 0.028871221 9.5023084e-20 0.025690483 0.004086134 0.92512435 0.4043935 0.14767055 0.0015802247 0.0010054583 0.015510394 0.09191718 0.0063224877 0.002265538 0.0045210645 0.6033612 0.009984528 5.2328654e-05 0.012125766 0.0002633242 0.053010695 0.29538342 0.10703636 6.5376867e-06 0.0004741918 0.010335987 0.0008410875 0.04635944 0.20855945 7.5353695e-05 0.055216104 0.0034565416 0.2739147 0.02464735 0.06786993 0.009327338 0.0018110638 0.00028399756 0.0731717 9.999117e-06 0.0025801372 0.0014847352 0.022379836 3.756442e-07 0.0020303826 0.0015638998 0.009859626 2.723693e-07 4.093277e-07 0.061659396 3.8301516e-07 0.0021822476 7.7099685e-07 6.871594e-07 9.134534e-07 3.4119424e-07 0.027577901 0.0019649211 1.6615727e-06 0.012452667 3.6929916e-07 0.00488739 1.8698861e-07 0.0012864723 4.6138075e-06 4.1194582e-08 2.2727247e-05 0.0004887441 0.0015384934 0.0003287164 2.5754168e-06 0.0002678674 0.00037374557 0.0011648636 5.518312e-07 0.006168893 0.00052510755 6.763808e-05 0.00091576664 0.0011656815 0.00038802446 8.284015e-07 1.0770956e-06 2.4598864e-07 4.4785668e-07 7.7640976e-07 0.00030049492 2.6187481e-05 9.967622e-06 3.052296e-06 2.5074112e-05 9.232016e-07 4.780613e-09 2.8722218e-06 2.0401317e-06 1.3639074e-05 1.1952763e-07 7.3290733e-09
0.9557795 0.07491754 0.039218158 0.92095286 0.15008882 0.025690483 1.8137351e-19 0.33860987 0.02095635 0.12951963 0.18018875 0.09001124 0.099181294 0.097400375 0.7933734 0.93728244 0.020393107 0.026682094 0.017593982 0.00050108734 0.040776435 0.63719195 0.20829745 0.0009435927 0.04281267 0.32771048 0.0128024705 0.011311271 0.0014151608 0.3685138 0.00019084285 0.0024038996 0.07293022 0.0005474755 2.0478132e-05 0.0067701596 0.11837777 0.04567265 0.22878847 0.0015128123 0.058109973 0.0013648684 0.009580194 0.0011773005 7.4983755e-06 0.000116498246 0.0006085124 0.00055061036 4.079367e-06 4.6745627e-05 0.00039475888 0.0016030163 0.00021904062 0.00057997496 3.8868668e-05 0.00038839504 4.1292387e-05 0.000864257 0.00047199187 0.00015372681 7.3669753e-06 0.00016421257 0.05474332 0.00032784702 1.8839464e-05 0.00046719753 0.036818188 0.0004363971 9.1992e-05 0.0025538267 6.1928035e-06 0.00031019247 1.2003969e-06 4.2393167e-05 2.5511695e-06 0.00017328697 1.2912205e-05 2.2420165e-06 0.00012020592 1.963696e-06 1.8796995e-06 6.0464463e-06 1.4985963e-05 2.2273636e-05 1.8620814e-05 2.5370717e-05 1.3788656e-06 3.3802968e-05 2.4306985e-06 0.00027817723 8.1813994e-07 5.3467513e-05 6.8605705e-06 3.9329465e-05 1.1381015e-05 1.4765654e-06 1.9312927e-06 6.41971e-06 7.241854e-08 1.7991981e-06 4.0935483e-08
0.99488056 0.0050564297 0.006281302 0.7942922 0.80061024 0.004086134 0.33860987 3.4584e-16 0.0027520293 0.0047915406 0.35877252 0.46163714 0.81219786 0.2667602 0.11544907 0.3004251 0.092600174 0.05227338 0.001991513 0.00020417279 0.48804542 0.17265339 0.7201246 5.404275e-05 0.005969638 0.10948988 0.30973983 0.013933331 5.689129e-05 0.59334785 1.4566857e-05 0.0003041429 0.4152477 9.341313e-05 3.5106325e-06 0.0013318672 0.011750667 0.003693804 0.27917537 0.00027218848 0.70255977 0.00029366105 0.34065127 0.00051522045 4.7884157e-07 1.4386154e-05 0.09968934 0.00021217739 3.1567308e-06 3.5571604e-06 0.018677866 0.15578279 7.355999e-05 0.008647043 6.4396813e-06 0.021595908 0.015094847 0.046359938 0.06665785 4.122554e-05 1.1284921e-05 0.013213155 0.0063786907 0.0072815716 8.6353275e-06 0.044901483 0.012881009 0.05983064 0.03526139 0.058374096 2.7774433e-06 0.00016451023 2.176127e-06 0.0016703493 2.8899688e-06 0.00016461177 6.4926426e-05 0.0022825873 0.00012259829 1.4463149e-05 4.5594948e-06 3.1428393e-05 5.0593982e-05 1.3018951e-05 0.001176213 0.00026196812 0.00040914604 0.00027634803 0.00012524091 0.00031492315 1.864939e-05 0.00017592052 1.8259843e-06 7.230203e-05 0.0008334796 0.00021231463 4.8213803e-07 0.0005525848 3.8606446e-05 0.00022346052 1.4704983e-05
0.89695567 0.80543166 0.60281026 0.00578473 0.028249843 0.92512435 0.02095635 0.0027520293 8.836e-20 0.8890782 0.21986878 0.00037215743 0.00017785389 0.011275499 0.16774619 0.005781774 0.0008732804 0.0029358868 0.62685364 0.004157259 1.0313601e-05 0.012690661 2.653023e-05 0.021836914 0.31981826 0.12542215 1.1926614e-06 0.00020024857 0.005128595 0.00035123187 0.03334265 0.17645334 3.8757327e-05 0.033883363 0.0010304516 0.33902022 0.049250152 0.119662896 0.0064644087 0.000538507 9.7619515e-05 0.08894298 6.9946755e-06 0.0013802228 0.0005157207 0.0281776 2.997849e-07 0.0009909233 0.0007603768 0.0112953065 1.3730086e-07 2.956087e-07 0.065221354 3.1478666e-07 0.001958991 1.882016e-07 1.18520354e-07 3.9697093e-07 6.800472e-08 0.027486464 0.002221616 6.8540334e-07 0.032356985 2.0330319e-07 0.006724697 2.117574e-07 0.0042186817 2.290953e-06 4.3004302e-08 3.4586832e-05 0.00029722098 6.8266745e-05 0.00036431177 3.10819e-06 0.0003026695 0.00089220743 0.0018120528 3.6637212e-07 0.012363834 0.000747185 3.0088819e-05 0.0011939055 0.0018672821 0.00012294615 2.5275626e-06 5.0018997e-07 3.3770195e-07 9.5211796e-08 3.4000962e-07 0.00061261945 0.0001884819 1.5667292e-05 4.5798657e-07 1.862433e-05 3.1319064e-07 1.1249343e-09 1.2955887e-06 4.1414028e-06 1.2321476e-05 1.06754605e-08 4.4450537e-09
0.93380547 0.63169044 0.5337208 0.012726547 0.03038488 0.4043935 0.12951963 0.0047915406 0.8890782 4.4246056e-18 0.13342524 0.0006725498 0.000544794 0.012395317 0.92304426 0.031455822 0.0012361371 0.0022772257 0.58912975 0.00040251695 2.6110723e-05 0.020512044 0.00013362271 0.0022410122 0.55007094 0.5352858 2.162434e-06 0.00020090563 0.0008946745 0.0031366877 0.0031524438 0.07364398 0.00017984537 0.0032668891 8.07521e-05 0.16534768 0.14981566 0.26618877 0.031572286 5.8699843e-05 0.0013977657 0.047767967 2.1774753e-05 0.0001838392 2.2177706e-05 0.0022933774 8.8256576e-07 5.113782e-05 8.178423e-06 0.00044092303 3.6707665e-06 8.245976e-07 0.00979707 7.732336e-06 0.00024798786 1.634515e-06 3.5689635e-07 7.185069e-07 3.345701e-07 0.010212146 0.00025870037 1.8879258e-06 0.1807077 9.3886024e-07 0.0008101486 1.3797884e-07 0.016605163 4.5165284e-06 7.407412e-08 9.330505e-05 2.7397966e-06 5.0244563e-07 3.0974104e-06 2.0584107e-06 3.8886255e-06 0.0033408438 0.00058108446 9.9869645e-08 0.0043640686 9.5772375e-05 5.557057e-06 0.000325242 0.00056353066 6.8993277e-06 9.2256405e-06 2.982642e-06 3.7094188e-07 3.0492106e-07 5.086898e-07 0.00022203135 0.00068428373 3.478816e-05 3.8380804e-08 9.961939e-06 3.4386898e-07 9.349405e-09 6.5783604e-07 1.7584998e-05 1.3118082e-05 1.4163793e-07 1.46318975e-08
0.99999654 0.7897406 0.1847953 0.6714481 0.77794546 0.14767055 0.18018875 0.35877252 0.21986878 0.13342524 3.9819476e-15 0.13616562 0.11597405 0.20326433 0.025569143 0.0064855516 0.15040213 0.045234475 0.007816595 0.5000149 0.008052877 0.0035615517 0.006470394 0.21633483 0.003479037 0.035949044 0.008870207 0.010044146 0.06268605 0.0045083524 0.031439565 0.009425688 0.0047699935 0.007281179 0.16065435 0.008617518 0.003906982 0.0027857027 0.0046309587 0.7953517 0.00806584 0.0011304235 0.008714048 0.41325662 0.0025377383 0.0014482832 0.0061267265 0.26452792 0.02437076 0.0025787964 0.008682932 0.004370789 0.0018408247 0.014830448 0.0017176408 0.0026956517 0.0013496182 0.0032378128 0.001997577 0.0004216835 0.0014285701 0.0027145408 0.010274441 0.0015329617 0.0010502146 0.005692847 0.0028604225 0.0014677692 0.0018799927 0.0009860237 0.0035651778 0.7234102 0.0010946842 0.00027047368 0.00025818552 0.00043617113 0.0005705655 0.00024233636 0.00028900406 0.0018239806 0.0008965027 4.3354597e-05 0.00021777132 0.021874396 0.00023164864 0.009530707 0.00015738179 0.0001778581 1.8189279e-06 5.0506394e-05 8.1789105e-05 1.0137158e-05 0.025539977 0.0032304274 0.00026146095 0.00066886755 0.003378721 1.3597454e-06 0.005698371 0.00036947566 2.347791e-05
0.992217 0.0003439192 0.0019402705 0.053436752 0.5459505 0.0015802247 0.09001124 0.46163714 0.00037215743 0.0006725498 0.13616562 4.1958833e-17 0.8639667 0.6342913 0.020000266 0.05775215 0.56848943 0.23428634 0.0002368342 1.1500815e-05 0.81132776 0.037046943 0.6957257 3.3547542e-06 0.0010989986 0.009367578 0.30926368 0.08494366 1.3013575e-05 0.1172359 2.7546942e-06 1.2509414e-05 0.13376845 2.976391e-06 4.2323276e-07 7.5550066e-05 0.0030774493 0.00067869184 0.021254007 2.4554194e-05 0.10050557 0.00012472992 0.21396314 0.00011688608 4.6058702e-07 2.4283793e-06 0.09410777 2.208669e-05 1.7084044e-07 8.254103e-07 0.054326154 0.12779649 8.721085e-06 0.009940156 7.588855e-06 0.03456359 0.028870707 0.05346117 0.06522899 2.8594053e-05 2.3303814e-06 0.022532912 0.00033761037 0.011257309 1.3920135e-06 0.033411123 0.0008738639 0.017448694 0.021921154 0.010488868 6.578043e-08 4.0396344e-08 1.1653146e-06 0.0010778566 4.3377798e-07 4.8077095e-06 1.31988345e-05 0.0023886934 3.5282686e-05 2.0690188e-06 1.1327583e-06 7.934567e-06 1.0344473e-05 7.016552e-07 0.00029407977 0.0021331287 0.0011171519 0.0042965882 9.44765e-05 4.9874336e-05 6.302209e-06 6.325509e-05 9.303904e-08 9.412168e-06 0.0023346748 0.00063654495 9.5349556e-08 0.00010896944 2.1979591e-07 0.00019750964 3.127361e-05
0.98765254 0.0027899966 0.0016787599 0.29595459 0.7471238 0.0010054583 0.099181294 0.81219786 0.00017785389 0.000544794 0.11597405 0.8639667 7.6104686e-17 0.40298328 0.010745933 0.058988456 0.4327717 0.11266081 0.00029722325 7.911438e-06 0.7977949 0.042506292 0.7919425 3.879288e-06 0.00058646715 0.008426906 0.42127588 0.03806032 1.2120909e-05 0.23551105 2.4145902e-06 3.855093e-05 0.2554692 4.1804215e-06 1.8334833e-07 3.2634856e-05 0.003174393 0.00095829164 0.04250777 3.8914413e-06 0.19166854 7.4712334e-05 0.27300018 3.741348e-05 7.4289474e-08 1.2304455e-06 0.09269777 5.4007223e-06 1.9347428e-07 5.715428e-07 0.022770785 0.079095155 9.843409e-06 0.0053881677 5.6968033e-06 0.0195831 0.009534056 0.03289151 0.037124123 4.378609e-06 2.203831e-06 0.0064127864 0.00031948677 0.005345508 1.991058e-06 0.020978497 0.0022948661 0.009261789 0.01317136 0.014627227 2.432114e-07 3.1207346e-09 4.233349e-07 0.0010601971 5.9003645e-07 3.643168e-05 2.6405623e-06 0.00074628444 3.5691235e-05 1.31445e-06 2.3479042e-06 4.1434137e-06 5.8791807e-06 8.585075e-06 0.0005757198 0.00061977434 0.00042536747 0.00058563804 0.0001744613 0.00038372664 1.4232864e-05 0.00043108073 1.3304319e-07 6.871388e-06 0.00040447194 0.00025171565 3.7930633e-07 0.00024512818 1.4670063e-07 0.00034748172 3.1378693e-06
0.99984235 0.03180517 0.01819317 0.13214876 0.80796385 0.015510394 0.097400375 0.2667602 0.011275499 0.012395317 0.20326433 0.6342913 0.40298328 1.05291845e-10 0.056199692 0.021287909 0.86554575 0.80293334 0.0014979985 0.0015167517 0.14000635 0.020099135 0.09384191 0.0010720108 0.0025446175 0.017647237 0.083023116 0.48092934 0.0010254032 0.023192616 0.00046322547 0.0013883332 0.025304656 0.00062953343 0.00012692317 0.00096315035 0.0038012117 0.0032089965 0.013468583 0.0006808113 0.0076161968 0.00040213348 0.04268398 0.0015592355 7.3337804e-05 0.00034529684 0.02744998 0.0001940798 6.8413065e-05 0.0002730683 0.115586475 0.026624585 0.0003468649 0.17419238 0.0003103987 0.023474326 0.032831382 0.0147117805 0.01741645 0.00058557466 0.00048626398 0.037087042 0.002242793 0.0314301 0.00013783635 0.01145493 0.006102608 0.005842423 0.010145467 0.0019789475 8.169003e-05 2.8556378e-06 0.00018157027 0.0007802835 0.0001662432 0.0012308176 0.0013516011 0.0013673542 0.0032116037 0.00046587142 9.003136e-05 0.0008953061 0.0020743257 0.00018828464 0.0010929548 0.20269541 0.0016004271 0.014457262 0.0005022435 0.00049378304 0.0036808383 0.0005979179 6.0521605e-05 0.0022426497 0.014311134 0.0142677715 2.7744429e-05 0.0008910509 0.00074152305 0.034223177 0.0036378617
0.9531409 0.25167626 0.18887372 0.21528235 0.14544223 0.09191718 0.7933734 0.11544907 0.16774619 0.92304426 0.025569143 0.020000266 0.010745933 0.056199692 2.6323544e-18 0.47524193 0.0067127347 0.014439762 0.22759055 3.7798472e-05 0.0027591377 0.48283178 0.01658675 0.0013675791 0.49522382 0.95800304 0.00037442963 0.0021054228 0.00060775003 0.08056157 0.00033364815 0.013061595 0.0059343996 0.0011744035 4.3423224e-06 0.04698489 0.31669855 0.24681953 0.26183158 4.0147992e-05 0.02813555 0.01709739 0.0004179485 0.0002254465 2.8409318e-06 0.00038399996 1.4837485e-05 4.9016096e-05 1.6928456e-06 7.94756e-05 0.00018523743 5.2406165e-05 0.0009534729 0.0001111439 4.536894e-05 6.716566e-06 1.1971564e-05 6.447836e-06 6.0752136e-06 0.0012808393 2.5549984e-05 3.09559e-05 0.11423893 4.303202e-05 5.8788584e-05 2.1771734e-06 0.040906448 0.00031287942 4.5968173e-07 0.0013828474 1.7086992e-07 5.758181e-06 2.266906e-07 1.055814e-05 4.2792288e-07 0.0011535682 3.233889e-05 2.1126682e-07 0.0006948077 1.1859016e-06 3.0129186e-07 5.2866475e-05 4.7537123e-05 7.886447e-07 1.2851713e-05 5.8475543e-06 1.957114e-07 7.575634e-07 2.1199107e-06 0.00029522993 2.9172093e-05 3.8484774e-05 1.35862415e-08 2.1048625e-06 5.941546e-07 3.078501e-08 6.242226e-08 8.965604e-06 1.219165e-07 5.3775537e-08 2.001564e-09
0.9256908 0.02327491 0.011468971 0.6519959 0.04536257 0.0063224877 0.93728244 0.3004251 0.005781774 0.031455822 0.0064855516 0.05775215 0.058988456 0.021287909 0.47524193 2.342537e-15 0.037580416 0.030429559 0.0016968275 6.415294e-05 0.019475551 0.96375775 0.13102268 0.00019852731 0.0113307 0.34990528 0.007672722 0.010118648 8.402497e-05 0.37291178 2.1341215e-05 0.0004238625 0.05198227 0.00011612388 1.2135616e-06 0.0017181837 0.08517523 0.017402261 0.71641964 0.00019094699 0.2137937 0.00045854598 0.00811467 0.00011348635 1.1960033e-06 3.7181635e-05 0.0005149198 1.6167895e-05 2.4799378e-06 1.3475636e-05 0.0009369128 0.001260814 6.11332e-05 0.0014956453 9.960457e-06 0.000101808 0.00017364214 0.00044706406 0.0003222896 3.6852867e-05 4.985981e-06 0.00030199916 0.18263476 0.0008262255 3.4005197e-06 0.0003489853 0.18241243 0.0010616668 0.00013263812 0.003095338 4.662699e-06 8.295391e-05 2.2851127e-07 4.4186043e-05 5.1647858e-06 0.00088757667 1.6976262e-06 9.93579e-06 8.613972e-05 3.2997858e-07 2.3889256e-06 9.238705e-06 3.7979848e-06 1.0605161e-06 2.2534365e-05 7.2966664e-05 1.3968273e-06 5.4703578e-05 7.65006e-06 0.0004595185 1.1865363e-06 8.390806e-05 4.6289134e-07 5.7632183e-06 1.2908007e-05 4.89125e-06 3.8219744e-07 1.3204839e-05 1.0724993e-08 5.148648e-07 2.5823954e-07
0.97771746 0.0023726225 0.0033943914 0.02249469 0.39387697 0.002265538 0.020393107 0.092600174 0.0008732804 0.0012361371 0.15040213 0.56848943 0.4327717 0.86554575 0.0067127347 0.037580416 4.4351613e-13 0.9361817 0.000300476 0.00014049905 0.52435714 0.022485267 0.26020455 1.9004126e-05 0.00031303227 0.0052240402 0.36724392 0.6509711 4.5479752e-05 0.055493638 1.3451933e-05 0.000114379705 0.12856622 1.0219919e-05 8.895417e-06 5.3646385e-05 0.0021920542 0.0017057812 0.029165346 1.0011501e-05 0.06273918 1.7805218e-05 0.32285503 0.000199516 7.9323155e-07 6.2804415e-06 0.29792944 1.0208454e-05 2.1471674e-06 3.4451414e-06 0.5992439 0.25801134 7.4788068e-06 0.350423 1.1574944e-05 0.20565999 0.2902979 0.19347261 0.23750336 9.2049795e-06 6.7357005e-06 0.27668056 0.0014756669 0.095248036 2.3360667e-06 0.15299085 0.0010878 0.056488685 0.25388777 0.00541497 1.0766997e-07 1.4363513e-08 4.0599843e-06 0.005251113 9.512495e-06 0.0004967277 4.6539673e-05 0.04597183 0.00077128 8.810592e-06 2.2040547e-05 0.00010067056 0.00034475312 2.677476e-06 0.0010689537 0.036118355 0.009272164 0.027354078 0.00085439265 0.00025945692 0.0007961464 0.00032511394 2.9563859e-07 4.9132956e-05 0.047477234 0.024161542 1.8411774e-07 0.0012812138 6.350921e-05 0.009975006 0.00020511915
0.9981819 0.0030762109 0.0050624153 0.030863922 0.17466487 0.0045210645 0.026682094 0.05227338 0.0029358868 0.0022772257 0.045234475 0.23428634 0.11266081 0.80293334 0.014439762 0.030429559 0.9361817 1.7651776e-10 0.0007083217 0.00042973974 0.087077536 0.015124647 0.050654534 0.00018896948 0.0006084938 0.010643878 0.1285918 0.74201554 0.00020014278 0.023990816 0.00026778106 0.00085714576 0.049983107 0.00013014663 9.327355e-05 0.00026072393 0.002283442 0.0011998609 0.017668344 3.1356212e-05 0.018618388 3.2193002e-05 0.13282178 0.00017010198 5.0529347e-06 2.9417275e-05 0.14232835 1.348488e-05 1.4987365e-05 1.1464765e-05 0.4661036 0.059520647 2.2998154e-05 0.4769487 1.3510161e-05 0.08652632 0.14784336 0.048613176 0.045144554 6.359051e-06 2.8914505e-05 0.16207391 0.00022419098 0.107018165 1.2657872e-05 0.03733647 0.00066040445 0.012318434 0.09925413 0.0011161648 2.8809513e-06 1.9018913e-08 4.0743007e-06 0.001451058 1.5265483e-05 6.974589e-05 5.2901632e-05 0.01669413 5.2218482e-05 9.366768e-06 7.034955e-06 2.851212e-05 4.090772e-05 5.7684647e-06 0.000534296 0.19442025 0.0050251107 0.021795651 0.00036979857 0.00010368943 6.882488e-05 6.793124e-05 1.0698046e-06 9.3710434e-05 0.051282126 0.026927939 2.491348e-07 0.0003374884 5.7736156e-06 0.029041303 0.0015019466
0.92489815 0.2102616 0.6954045 0.0052115056 0.005604398 0.6033612 0.017593982 0.001991513 0.62685364 0.58912975 0.007816595 0.0002368342 0.00029722325 0.0014979985 0.22759055 0.0016968275 0.000300476 0.0007083217 6.342698e-17 0.015469938 5.435378e-06 0.0038528366 2.1842137e-05 0.09669209 0.97539157 0.09776871 2.5922847e-07 0.00012382501 0.013077549 0.0001636137 0.025486851 0.5956503 8.203983e-06 0.0574955 0.0007147004 0.6461491 0.014771742 0.1100922 0.0021859189 0.001039194 4.0236035e-05 0.19909698 1.6438179e-06 0.0023818428 0.00019067276 0.01644799 1.0152056e-07 0.000783976 9.450894e-05 0.003474352 2.1276603e-06 1.2395066e-07 0.033070855 1.8687357e-06 0.0012871677 2.3387629e-07 4.5732443e-07 2.5279252e-07 1.9156538e-07 0.027827626 0.00071696617 1.3516596e-06 0.020477043 5.041346e-07 0.0017456574 2.5705852e-08 0.0004435173 9.944127e-07 1.6221136e-08 1.6334164e-06 0.00010600267 0.00029089572 1.9045148e-05 3.5258333e-07 4.79064e-05 0.0008611294 0.0011176043 6.493067e-08 0.0063189487 0.0001594944 1.18025755e-05 0.0008810664 0.000992135 3.6142344e-05 9.694105e-07 8.0387116e-07 9.962688e-08 9.704358e-08 1.3472153e-07 1.5453681e-05 0.00012653341 1.7890409e-07 1.776946e-07 3.1670436e-06 4.0132768e-08 4.7326107e-09 6.783937e-07 4.4582063e-07 2.5299478e-06 1.9324792e-08 2.592742e-09
0.9895662 0.012124899 0.010385188 0.00036470196 0.0020319717 0.009984528 0.00050108734 0.00020417279 0.004157259 0.00040251695 0.5000149 1.1500815e-05 7.911438e-06 0.0015167517 3.7798472e-05 6.415294e-05 0.00014049905 0.00042973974 0.015469938 1.4896807e-18 1.2112773e-07 0.00016616443 1.9232029e-07 0.890547 0.0015880413 6.379652e-05 1.1626803e-08 1.7115945e-05 0.95475197 3.358525e-06 0.4478019 0.03584122 4.14193e-07 0.1342225 0.8957915 0.009021449 1.1174208e-05 0.00020718464 1.118742e-05 0.016401194 1.1005985e-05 0.00072397105 1.2274819e-07 0.02276608 0.25295374 0.069029994 1.1050951e-08 0.01820945 0.18905076 0.22343783 1.4557565e-07 2.9243164e-08 0.023005378 4.2134238e-07 0.098555036 1.7699936e-08 3.0609417e-08 3.3325538e-08 2.2196671e-08 0.00044766074 0.064840734 6.1895506e-08 2.284872e-06 2.5617991e-08 0.04773518 2.7879285e-08 2.0973202e-06 4.6424063e-07 9.470119e-09 9.988452e-06 0.005353824 0.005776026 0.0067270384 1.6060558e-06 0.0018410548 6.579411e-08 0.010504465 3.0644165e-07 9.436493e-05 0.01655298 0.002629755 9.6827505e-05 0.00080881116 0.0016117209 3.6434512e-06 1.2365359e-07 1.9977941e-07 1.3854333e-07 7.6850023e-07 7.504979e-06 6.318443e-07 1.419756e-07 3.766174e-05 0.00075929705 1.5244744e-06 7.1704336e-09 3.2454747e-05 6.9772693e-07 0.00090956734 3.6842849e-09 3.1054373e-10
0.8927824 0.0008648766 8.017375e-05 0.05946714 0.07572919 5.2328654e-05 0.040776435 0.48804542 1.0313601e-05 2.6110723e-05 0.008052877 0.81132776 0.7977949 0.14000635 0.0027591377 0.019475551 0.52435714 0.087077536 5.435378e-06 1.2112773e-07 9.447065e-16 0.012762828 0.95464164 1.2423361e-07 0.0001852076 0.0019393334 0.960915 0.14785814 7.865506e-07 0.09159389 2.0238856e-07 3.4842396e-06 0.14954437 6.217578e-07 9.206127e-08 1.4475822e-06 0.0011111243 0.00014570949 0.0043594013 8.822102e-06 0.067161284 1.6376975e-05 0.22861071 3.7104005e-06 2.535573e-08 5.9460064e-07 0.11265148 8.3562827e-07 7.936118e-08 4.208629e-07 0.022222633 0.08737364 2.8213753e-06 0.007263757 1.7595288e-06 0.023225442 0.034066502 0.042943988 0.034945235 4.969577e-07 3.704593e-07 0.01239037 0.00013981629 0.0088635655 2.1001833e-07 0.022027045 0.00025863847 0.0052253157 0.02184132 0.0041133324 1.5617756e-08 3.1464965e-06 1.7720534e-07 0.00077258085 4.2741593e-07 8.4003415e-07 1.6220488e-08 0.0020687792 1.215628e-06 1.5649007e-08 3.597559e-07 1.3625836e-07 7.7437655e-08 1.446935e-06 6.649534e-05 0.000743981 0.0004432076 0.0010911919 5.698067e-05 5.406618e-06 7.270933e-06 6.1561304e-06 3.0177384e-07 7.6761313e-07 0.0005839711 0.0003071238 8.139564e-08 2.45999e-05 8.798328e-09 5.736796e-05 1.10069395e-05
0.77773273 0.026436575 0.011793018 0.4879881 0.03198992 0.012125766 0.63719195 0.17265339 0.012690661 0.020512044 0.0035615517 0.037046943 0.042506292 0.020099135 0.48283178 0.96375775 0.022485267 0.015124647 0.0038528366 0.00016616443 0.012762828 3.124559e-16 0.13049048 0.0004958873 0.024106331 0.38555723 0.009157413 0.0059084035 0.00028750914 0.5805335 7.710704e-05 0.0016564381 0.0872723 0.00037520117 1.5571186e-05 0.0025076875 0.16606694 0.07847705 0.9507542 0.00010302635 0.40835577 0.001005196 0.0141656045 0.00017631758 3.2652365e-06 4.0680865e-05 0.0008613972 2.3955132e-05 2.8758784e-06 4.2566113e-05 0.0010125801 0.0059373206 0.00015205078 0.0011338359 4.745229e-05 0.00026827876 0.00018322065 0.0015705111 0.0015653912 5.3702897e-05 1.7654784e-05 0.00034141578 0.17485121 0.0006574943 9.419531e-06 0.0010720502 0.22133596 0.008486727 0.00045793375 0.023759443 6.3875386e-06 5.3006268e-05 1.5496707e-06 0.0001877043 9.593029e-06 0.000897169 3.380914e-06 5.5640758e-05 5.7321093e-05 1.7232402e-06 5.5892333e-06 9.2820155e-06 8.205454e-06 1.0574873e-06 5.9300542e-05 0.0001449077 2.9156145e-06 1.6101161e-05 5.986002e-06 0.0029952384 9.0119975e-06 0.00048436565 2.3572429e-07 3.276771e-05 1.1706998e-05 6.172473e-06 1.1808143e-06 1.8866327e-05 5.63512e-09 4.355756e-06 6.162718e-07
0.8809192 0.005406644 0.00040223091 0.24135298 0.14147572 0.0002633242 0.20829745 0.7201246 2.653023e-05 0.00013362271 0.006470394 0.6957257 0.7919425 0.09384191 0.01658675 0.13102268 0.26020455 0.050654534 2.1842137e-05 1.9232029e-07 0.95464164 0.13049048 2.1082215e-17 3.4980746e-07 0.00037946954 0.006179474 0.83631957 0.03632599 1.6127601e-06 0.5574362 2.466123e-07 2.1854776e-06 0.6491597 2.39548e-06 1.622588e-07 3.3685137e-06 0.0045296894 0.0005165978 0.06649012 1.7409463e-06 0.30309418 0.000105855084 0.5124499 2.5802942e-06 6.057215e-08 9.729486e-07 0.16964369 2.2599802e-06 9.746392e-08 2.3487696e-07 0.007720396 0.31719816 2.3717335e-05 0.0030601893 1.4230752e-06 0.02040769 0.011353426 0.122629605 0.12648025 2.7330848e-06 1.5387625e-06 0.0052525303 0.0017218449 0.0045955116 5.1018064e-06 0.030559825 0.0068370868 0.024174418 0.022898614 0.03261847 5.3307307e-08 2.0002847e-06 8.700105e-07 0.0022005267 8.043543e-07 2.8418244e-05 5.1674243e-07 0.0021392985 2.076375e-05 8.533229e-07 1.0677046e-05 3.5249343e-06 4.1922667e-06 6.4690053e-06 0.0005795194 0.00018557056 0.00082508527 0.0003050611 0.00023373659 0.00024522428 1.3812986e-05 0.00025685196 4.0222835e-07 1.668244e-05 0.00026868252 0.00026191864 1.9315046e-06 0.00017865951 3.601328e-07 5.2270654e-05 3.5535274e-07
0.9648157 0.060083292 0.045179874 0.00019089309 0.0026551392 0.053010695 0.0009435927 5.404275e-05 0.021836914 0.0022410122 0.21633483 3.3547542e-06 3.879288e-06 0.0010720108 0.0013675791 0.00019852731 1.9004126e-05 0.00018896948 0.09669209 0.890547 1.2423361e-07 0.0004958873 3.4980746e-07 9.2297775e-15 0.020364175 0.0011937938 3.9561773e-08 3.296601e-06 0.8342448 3.115758e-06 0.7893339 0.23512448 2.767255e-07 0.5477952 0.16162705 0.07534089 0.00043619485 0.003579401 0.00037310628 0.0019099008 1.7838021e-05 0.026832039 6.848229e-08 0.005361603 0.096535236 0.41925746 1.3263444e-08 0.0061587407 0.05715266 0.4239707 1.070444e-07 1.4737434e-08 0.29562798 1.8637724e-07 0.14387934 2.4148423e-07 2.7962963e-07 3.0803747e-08 1.6341005e-08 0.016917072 0.1769006 2.801365e-07 0.00030141821 2.3974705e-08 0.3663351 3.7126092e-08 0.0001381364 7.451948e-07 3.2977386e-08 5.005613e-05 0.0014528366 0.0005643642 0.011048614 2.373222e-05 0.0010056382 2.3365435e-06 0.10079236 1.8513342e-06 0.00409286 0.07658683 0.0012597382 0.0017348969 0.011087436 0.00020293004 7.5393946e-05 1.1373229e-06 5.684841e-06 2.9226982e-07 9.470224e-06 1.5152003e-05 1.8840023e-05 2.6967894e-07 1.1494417e-06 5.624082e-05 1.5447041e-06 1.2973036e-08 2.1095439e-05 6.839587e-06 0.0027587984 3.227331e-08 1.8528585e-08
0.722524 0.10956154 0.47682074 0.013682397 0.0051879063 0.29538342 0.04281267 0.005969638 0.31981826 0.55007094 0.003479037 0.0010989986 0.00058646715 0.0025446175 0.49522382 0.0113307 0.00031303227 0.0006084938 0.97539157 0.0015880413 0.0001852076 0.024106331 0.00037946954 0.020364175 6.6227955e-16 0.8314964 5.9536587e-06 7.764876e-05 0.0030787408 0.0022268766 0.007863168 0.5675745 0.00022606528 0.02583727 0.0004571662 0.76197916 0.49757534 0.8530698 0.059022803 0.00039603055 0.0012121487 0.47858804 2.4425202e-05 0.0014928572 0.00014759279 0.016075624 2.7515619e-06 0.00041918398 8.4813786e-05 0.002390342 5.59669e-06 5.374478e-06 0.032535937 8.147245e-06 0.0013387303 4.6865293e-07 1.2324925e-06 2.6145995e-06 1.6892895e-06 0.070474476 0.0008607566 2.46016e-06 0.3091564 9.167899e-07 0.0013967148 4.297862e-07 0.0090104295 6.219467e-06 1.6286e-07 9.184837e-06 2.0184048e-06 0.0002072119 3.082382e-06 3.122296e-06 6.042359e-06 0.0059257974 0.00038638402 2.4407368e-07 0.015060611 1.3612044e-05 8.652804e-06 0.0010148311 0.0007439551 2.671435e-07 1.264105e-06 9.139321e-06 2.4551827e-07 9.107954e-08 4.742487e-07 0.00043433727 0.001155338 8.6991514e-07 7.985146e-08 5.543141e-06 9.781045e-07 2.1378723e-08 5.733733e-07 2.4720769e-06 1.1439373e-07 2.45295e-07 3.76114e-08
0.9310388 0.049452353 0.21129672 0.18805541 0.058894034 0.10703636 0.32771048 0.10948988 0.12542215 0.5352858 0.035949044 0.009367578 0.008426906 0.017647237 0.95800304 0.34990528 0.0052240402 0.010643878 0.09776871 6.379652e-05 0.0019393334 0.38555723 0.006179474 0.0011937938 0.8314964 2.2331056e-17 0.0006071733 0.001277445 0.00024894282 0.04085512 0.00017983335 0.010379831 0.0028138815 0.00090833683 6.2645413e-06 0.04652774 0.9010076 0.7617347 0.4348614 1.5731148e-05 0.03709203 0.045678828 0.0003331671 0.00016241618 5.7145934e-07 0.00036659688 2.843435e-05 1.53002e-05 3.6850437e-07 5.8583635e-05 0.00026335058 2.9610386e-05 0.0013281445 0.00014117788 7.216501e-05 1.5607477e-05 1.8643666e-05 1.8474318e-05 6.977979e-06 0.0032260374 1.6192986e-05 4.363933e-05 0.49394333 3.481275e-05 5.1237548e-05 2.2935401e-05 0.17027302 0.00036578128 9.735273e-06 0.0025525214 2.3706546e-07 6.294109e-05 3.8045187e-07 3.4771626e-06 1.3556228e-06 0.012230693 9.901736e-06 2.405351e-06 0.00313211 1.1378936e-06 1.4101585e-06 9.04447e-05 3.3138793e-05 7.0889104e-07 6.279334e-06 2.7196182e-05 9.445545e-06 2.84159e-06 5.3452245e-06 0.0011996257 0.00094693305 6.450003e-05 5.4286485e-08 4.0303303e-06 7.850051e-06 1.5414652e-06 7.60405e-07 4.509633e-06 9.585666e-08 3.0405076e-07 1.4822803e-07
0.88488984 0.00033637244 4.1791977e-06 0.03568513 0.04904136 6.5376867e-06 0.0128024705 0.30973983 1.1926614e-06 2.162434e-06 0.008870207 0.30926368 0.42127588 0.083023116 0.00037442963 0.007672722 0.36724392 0.1285918 2.5922847e-07 1.1626803e-08 0.960915 0.009157413 0.83631957 3.9561773e-08 5.9536587e-06 0.0006071733 3.1405222e-17 0.15909868 2.3502932e-07 0.09650977 4.8744486e-08 2.0016252e-07 0.42453536 1.3734815e-07 2.582409e-08 1.2948854e-07 0.00049582653 1.4584413e-05 0.001929266 9.550081e-08 0.14907895 4.9347914e-06 0.63232327 3.3406317e-07 3.1470708e-09 1.5365433e-07 0.59129095 3.6339184e-08 2.3372117e-08 2.9706905e-08 0.15410532 0.45109043 6.669037e-07 0.020246236 2.9401372e-07 0.26354912 0.25541872 0.24316327 0.22732943 2.0584567e-07 2.8079234e-07 0.035670545 6.123239e-05 0.020812217 6.3642955e-07 0.06292352 6.739771e-05 0.024265412 0.0745082 0.009027722 2.822604e-09 6.996924e-08 1.4239731e-07 0.002236716 2.928867e-07 2.1019057e-06 3.8207045e-08 0.0076555237 9.76189e-06 4.400389e-08 1.7355637e-06 8.461181e-07 5.781034e-07 1.3879777e-07 0.00013743431 0.0065358854 0.0040122713 0.0024302234 0.00015379573 5.0509066e-06 2.3096873e-06 1.0462179e-05 1.8315163e-08 6.26804e-07 0.0008338771 0.0010302989 2.923664e-08 0.00016562508 3.060555e-09 0.00030437272 1.2733812e-05
0.9925137 0.00033090395 0.00044933823 0.007551981 0.05772074 0.0004741918 0.011311271 0.013933331 0.00020024857 0.00020090563 0.010044146 0.08494366 0.03806032 0.48092934 0.0021054228 0.010118648 0.6509711 0.74201554 0.00012382501 1.7115945e-05 0.14785814 0.0059084035 0.03632599 3.296601e-06 7.764876e-05 0.001277445 0.15909868 4.107112e-14 6.739023e-06 0.018927688 2.2187976e-06 3.4866447e-05 0.027450483 2.2153258e-06 4.9584733e-06 3.511845e-06 0.0007160703 0.00031864448 0.0059116352 4.4503176e-07 0.010684202 1.0732388e-05 0.08390421 7.3711913e-06 1.1241247e-07 7.124634e-07 0.07591393 6.0981364e-08 4.8537254e-07 5.610112e-07 0.82978755 0.024788314 9.0468325e-07 0.877628 1.9508334e-06 0.048009884 0.17678994 0.027278297 0.020593986 1.5196395e-06 7.3729876e-07 0.34830227 0.000105602 0.32905942 2.954858e-07 0.018941073 0.0003166642 0.003147448 0.038810186 0.00056688173 7.899074e-08 3.984298e-10 2.1083449e-07 0.00057369657 7.950636e-07 4.1363728e-05 3.3708368e-06 0.0064440584 8.450742e-06 3.2973887e-07 2.4149807e-07 2.8784355e-06 4.8714005e-06 7.972891e-07 0.00026584975 0.1776713 0.0033708327 0.030258942 0.0002682025 3.239278e-05 2.0817699e-05 4.9793114e-05 8.800611e-09 5.248859e-07 0.05674639 0.0532733 3.5736223e-09 0.00017225306 5.8608634e-08 0.014689764 0.0008982931
0.8786856 0.014838335 0.008458826 0.00017496264 0.00088771293 0.010335987 0.0014151608 5.689129e-05 0.005128595 0.0008946745 0.06268605 1.3013575e-05 1.2120909e-05 0.0010254032 0.00060775003 8.402497e-05 4.5479752e-05 0.00020014278 0.013077549 0.95475197 7.865506e-07 0.00028750914 1.6127601e-06 0.8342448 0.0030787408 0.00024894282 2.3502932e-07 6.739023e-06 9.410527e-15 1.2876065e-05 0.52142805 0.04546285 3.5327282e-06 0.30704474 0.5797318 0.01282923 0.00016466706 0.001018979 0.00013364106 0.012163762 4.4074724e-05 0.0050746812 3.3072806e-07 0.015803076 0.5573436 0.3010136 4.4849372e-08 0.013209709 0.16838486 0.698717 1.9612618e-07 1.7448007e-08 0.08803595 3.045659e-07 0.38932055 2.9731265e-07 2.12241e-07 2.8937167e-08 1.2879938e-08 0.0032381306 0.23336606 6.7581595e-07 6.625354e-05 3.5452732e-08 0.1758311 1.7155229e-07 0.00010473555 1.4710195e-06 4.0222506e-08 3.883536e-05 0.008892814 0.0040101977 0.014219623 1.5737045e-05 0.0052401344 5.2966725e-06 0.043203663 1.3709798e-06 0.00070998544 0.048005003 0.004973909 0.0007199292 0.003515003 0.0013456187 0.00011502346 2.8099928e-06 1.324684e-05 2.1660828e-06 1.5454123e-05 3.9661863e-05 1.885318e-05 4.5856286e-06 2.379132e-05 0.00018385903 2.9136645e-05 2.3514792e-07 6.491658e-05 2.5958745e-05 0.0017354877 1.384203e-06 3.8314812e-07
0.9146895 0.006172945 0.002088883 0.45714438 0.04419015 0.0008410875 0.3685138 0.59334785 0.00035123187 0.0031366877 0.0045083524 0.1172359 0.23551105 0.023192616 0.08056157 0.37291178 0.055493638 0.023990816 0.0001636137 3.358525e-06 0.09159389 0.5805335 0.5574362 3.115758e-06 0.0022268766 0.04085512 0.09650977 0.018927688 1.2876065e-05 1.1253128e-15 6.822594e-07 1.3508215e-05 0.9706059 1.2789784e-05 5.791828e-07 2.0871912e-05 0.026324745 0.0038614827 0.3977663 9.786722e-06 0.9345834 0.00014108823 0.112014174 8.360456e-06 1.0939041e-06 4.2993934e-06 0.017457148 6.9694534e-06 1.4164273e-06 1.2317158e-06 0.0010864362 0.07874071 3.5879075e-05 0.0012933082 1.3951904e-05 0.0017809058 0.0003926918 0.011891624 0.013857565 9.837817e-06 1.4504365e-05 0.0005180693 0.054004155 0.0012808162 4.2920095e-05 0.011955535 0.050857916 0.033882894 0.006986436 0.091337025 3.1464783e-06 0.00010087363 3.682413e-05 0.0014533098 4.965799e-06 0.00026894812 6.3900848e-06 0.00059145904 0.00022698213 6.9295156e-06 1.0471372e-05 1.8943401e-05 1.8015548e-05 9.801995e-06 0.0002826838 0.00020138768 0.000213045 0.00033218006 8.496866e-05 0.0007242013 5.8594083e-05 0.00045597515 7.0177343e-06 0.00014043153 0.00025252858 0.00012692281 1.0880822e-05 0.00016734889 2.5229003e-06 4.4684793e-06 2.3953933e-06
0.93673426 0.04206434 0.04165258 7.84995e-05 0.00057528104 0.04635944 0.00019084285 1.4566857e-05 0.03334265 0.0031524438 0.031439565 2.7546942e-06 2.4145902e-06 0.00046322547 0.00033364815 2.1341215e-05 1.3451933e-05 0.00026778106 0.025486851 0.4478019 2.0238856e-07 7.710704e-05 2.466123e-07 0.7893339 0.007863168 0.00017983335 4.8744486e-08 2.2187976e-06 0.52142805 6.822594e-07 3.834326e-16 0.2718432 1.0197546e-07 0.98249555 0.12342591 0.08176412 2.9137926e-05 0.00048778186 3.6525886e-05 0.0020108148 1.2257127e-06 0.017993785 6.6748946e-08 0.0033511778 0.21993816 0.5522025 5.1860038e-08 0.003175421 0.024823474 0.56489813 1.6137363e-07 6.2412098e-09 0.3617203 7.02601e-08 0.21688935 8.179562e-08 1.2245273e-07 4.8684278e-08 5.8007936e-09 0.016267305 0.14190304 2.4382706e-07 0.0001831108 2.6175284e-08 0.17164181 2.7805148e-08 1.5153983e-05 2.768855e-07 2.6102393e-08 4.1076187e-06 0.0010953238 0.0007141883 0.0020608718 1.3672835e-06 0.00029058932 1.150274e-06 0.03426482 5.2012473e-07 0.0024273768 0.026052168 0.0004061392 0.0009784283 0.0045561865 0.00014409737 1.2259459e-05 1.7352913e-07 1.8487758e-06 6.182014e-07 2.0631353e-06 3.9123697e-06 4.65148e-06 2.282066e-07 4.2597782e-07 1.20764635e-05 2.0410902e-05 7.4054884e-07 3.931722e-06 2.5775546e-06 0.00047371988 2.0001874e-08 6.273075e-09
