3.9885264e-32 0.0062867883 4.1649872e-07 2.2180124e-08 7.4447256e-05 9.010721e-05 1.0587394e-08 0.0034701612 0.0069863396 0.004195339 0.20408067 3.7289374e-05 4.1277974e-07 0.059375223 0.00022402342 0.16011256 0.34470996 0.0002822568 0.034903567 0.0003301103 0.05141595 0.09702174 0.48604384 8.667199e-08 8.8027344e-05 0.001413408 0.0896935 0.0055789454 0.0044721803 0.6916124 0.0964325 0.22748071 0.37059262 0.8621593 0.08732654 0.35807303 0.04673541 0.9633149 0.0072983718 0.23629454 0.06096928 0.007195102 5.987826e-05 0.00012583149 0.4424664 0.9344526 3.2268432e-05 0.0064413496 0.0040720208 0.743314 0.003633808 0.5523161 0.027269332 0.044595547 0.0017788535 0.9035438 0.76113296 0.4372303 0.33156523 0.00042821665 0.3568594 0.5998229 0.013479775 0.59941745 0.9193559 0.06907305 0.9256997 0.15936762 0.10711369 0.44632015 0.00018652725 0.97400194 0.95309365 0.8865143 0.91987133 0.012267869 0.9439516 0.9072096 0.9835948 0.042819005 0.95199025 0.9755758 0.9950295 0.95873916 0.94490945 0.8689366 1.8810633e-05 0.9926395 0.97780776 0.9964771 0.71979946 0.0015350318 1.4330273e-05 0.6973647 0.008026805 0.003815742 6.9832645e-06 0.9990616 0.99942946 0.79236174 0.47704816
0.0062867883 2.3546358e-19 0.72354627 0.15128545 0.8532648 0.77685493 0.24387704 0.8144015 0.8341434 0.6256115 0.84806406 0.047119167 0.20346878 0.5014876 0.026065942 0.52779263 0.40177414 0.010587381 0.18400644 0.0072680665 0.17233972 0.13181 0.065868296 0.028806949 0.001869178 0.0088007385 0.017924154 0.0014249372 0.00586047 0.037107065 0.0033539354 0.012915358 0.024483826 0.07932326 0.0016238855 0.0005005622 1.4389571e-05 0.026268 2.4203342e-05 0.0007847221 3.2744752e-05 0.00016558275 4.3487294e-06 7.687857e-06 0.0012618894 0.0115599595 1.085984e-05 7.2403384e-07 4.387686e-07 0.000111634996 6.947616e-07 0.00029162457 4.3200916e-06 1.6283662e-06 6.5732615e-07 0.00084695785 0.0003065634 0.00054075796 0.00029749435 1.8787281e-06 8.3052706e-05 0.0001813778 6.849992e-06 2.6193375e-05 0.0005123521 5.7609026e-07 0.0006819423 3.1498262e-06 8.175542e-05 1.5006486e-05 1.2141844e-06 0.0005566323 0.0011853399 0.00013336352 0.0012373589 1.3378956e-07 6.331949e-05 0.0003025105 0.0025070396 1.5672187e-08 0.0012694545 0.0004963588 0.00020964706 0.0011663793 4.448833e-05 0.0002465287 5.773729e-07 0.002464977 3.5523757e-05 0.0022853417 5.7621637e-06 6.7591045e-06 6.8006176e-07 3.069418e-05 9.004038e-07 3.8920297e-07 5.067564e-07 4.5651876e-05 0.00012922967 1.3067998e-05 1.30111e-06
4.1649872e-07 0.72354627 1.6826512e-22 0.2359968 0.1476605 0.13347171 0.14698571 0.06686639 0.23135893 0.022934332 0.032872915 0.0095625175 0.057078525 0.027908476 0.0022357032 0.005604809 0.0024487083 0.0032776275 0.0022147526 0.0011646886 0.0018056212 0.0009761109 0.00011249028 0.010688233 0.00027230504 0.0018864278 4.4338558e-05 0.0002439521 0.0010531406 4.3732904e-05 1.8269713e-05 5.9547463e-05 0.00044005306 2.8741935e-05 3.087785e-05 4.4981607e-06 7.4213425e-08 4.227306e-05 1.5657068e-06 5.6777688e-05 2.4119527e-06 1.9576655e-06 4.729279e-06 2.8881725e-06 1.24586e-05 2.4683326e-05 1.0414202e-06 1.2903106e-07 6.6473625e-08 4.9704186e-06 1.4358302e-07 2.553942e-06 6.232966e-07 4.8472765e-07 5.4897594e-08 1.5562917e-05 8.426744e-06 7.548063e-05 5.5286997e-05 2.8685741e-07 8.184329e-06 2.2098848e-05 9.329098e-07 1.0005756e-05 0.0002772902 2.1298818e-07 0.0010539751 3.9838234e-08 1.21407265e-05 2.6650466e-06 8.885963e-08 0.00031922635 0.0014015244 0.0005862676 0.0027917866 6.9591245e-08 2.1072054e-05 0.0024382083 0.000581587 6.488482e-09 0.002065749 0.00029130772 0.00012376126 0.0003243923 2.6284011e-05 0.00019751379 5.9209416e-08 0.00020851905 3.0408823e-05 0.00023195679 1.8068396e-06 1.4727964e-08 1.070832e-07 3.0374216e-05 4.0123812e-08 1.1134715e-08 5.6796228e-08 0.000118428 2.7982518e-05 2.7073494e-05 6.884408e-06
2.2180124e-08 0.15128545 0.2359968 5.0270472e-17 0.034170035 0.02058377 0.05585354 0.005363426 0.08092404 0.0032472413 0.0020006886 0.0033408133 0.0042813886 0.0037310615 0.0014617261 0.00052951043 0.0002998059 0.0034824924 0.0005381928 0.00071222335 0.0005487475 0.00021347514 4.5552413e-05 0.62208915 0.00027288529 0.0017848106 1.4594278e-05 4.8498663e-05 0.00040336564 1.2934068e-05 6.896476e-05 0.00010292422 0.000332137 4.680089e-05 4.8599228e-05 7.2024854e-06 2.1798783e-06 3.268282e-05 2.101591e-06 0.00016645975 4.089728e-06 2.7842486e-06 6.5627605e-06 3.7523407e-06 2.2351645e-05 2.9080678e-05 3.807007e-06 5.897012e-07 4.0496886e-07 1.6678701e-05 2.0937432e-06 1.4186883e-05 2.685708e-06 3.402982e-06 1.954731e-06 9.983166e-06 1.5103557e-05 2.5009893e-05 5.8588106e-05 3.9875677e-06 2.6103653e-05 5.2353666e-05 1.2095136e-05 1.8092096e-05 0.0003435455 1.7521076e-06 0.0006530742 5.3221845e-07 9.492423e-06 3.8646026e-06 6.350478e-07 0.00034104887 0.00033928716 0.00026080722 0.0007942062 5.0049397e-07 3.005429e-05 0.00056143967 9.229886e-05 1.232131e-07 0.0009773335 1.2218584e-05 1.9611178e-05 0.0005598212 2.743545e-05 0.00024257891 5.058158e-07 0.00024056356 0.00012272532 0.00012857163 3.9390366e-06 3.2478525e-07 1.6022847e-06 2.4433288e-05 6.654996e-07 3.91712e-07 8.9960724e-07 1.2492383e-06 1.2741392e-05 4.247941e-05 2.9095716e-05
7.4447256e-05 0.8532648 0.1476605 0.034170035 2.4423518e-19 0.8724352 0.19418181 0.65465826 0.07275323 0.51109093 0.15653922 0.25091526 0.38474214 0.024205284 0.15087421 0.2528791 0.03862221 0.00045737208 0.18157347 0.02836279 0.0058049737 0.006026146 0.0101838745 0.013556786 1.3362404e-05 0.020080427 0.016997624 0.01434048 0.021492599 0.011883149 5.0332517e-05 0.001200771 0.0025287224 0.0024939144 0.0059922542 0.0027562159 1.8647006e-07 0.002086477 3.1704145e-05 4.0295366e-05 0.00025412597 0.00011949135 8.793623e-05 5.8605652e-05 0.0015754179 0.0011301147 3.1872183e-05 1.9159033e-06 6.63963e-07 0.00025324078 8.713897e-07 0.0005386123 2.1678147e-06 1.1416055e-06 3.3028203e-07 0.00044700355 6.242485e-05 6.731055e-05 4.4259934e-05 4.215142e-06 4.8451484e-06 5.112816e-05 5.434344e-07 3.484391e-05 0.000108418295 5.301688e-07 0.00040173923 4.9259165e-07 5.1395896e-06 1.992992e-06 1.7728725e-08 8.4287894e-05 0.00034547193 5.0572515e-05 0.00041266266 1.6338605e-08 4.5685803e-05 0.00029516546 0.00048770744 5.776592e-09 0.0005989203 0.0003116962 0.00020017121 0.00034908415 3.8849845e-05 0.00020270277 1.8780713e-07 0.000107569336 2.3122517e-05 0.00013480475 1.5926322e-06 4.1197488e-08 2.659163e-07 3.844422e-06 6.192088e-08 3.613479e-09 5.827045e-08 0.00012641858 4.302361e-05 3.146738e-05 1.3133134e-06
9.010721e-05 0.77685493 0.13347171 0.02058377 0.8724352 7.283335e-21 0.19338372 0.65859634 0.038791247 0.58773905 0.13592423 0.40119863 0.43942478 0.01069483 0.2784757 0.31515083 0.036936384 0.00013204418 0.28764936 0.048179414 0.003497185 0.0032350656 0.009177902 0.010190213 1.1994838e-06 0.030159378 0.025444036 0.018183611 0.043809634 0.016213492 6.5552986e-06 0.00028366325 0.0010622191 0.0007358774 0.0050430656 0.0038402944 3.3732004e-08 0.0011343453 1.0785516e-05 5.919446e-06 4.2709158e-05 5.780175e-05 2.026263e-05 8.109054e-06 0.0014340752 0.00019158595 9.249408e-06 3.715618e-07 1.3403181e-07 5.3433054e-05 1.7044304e-07 8.475055e-05 7.2206717e-07 5.506925e-07 4.6252218e-08 9.195156e-05 3.1317852e-06 1.3941213e-05 1.0685622e-05 1.0324628e-06 5.700218e-07 4.8866486e-06 9.4088726e-08 2.0141706e-06 3.110024e-05 9.836502e-08 0.00010963249 4.6517016e-08 5.1408813e-07 2.8519622e-07 2.4134044e-08 3.086196e-05 0.00030411012 1.2643503e-05 0.00035057747 3.4254566e-09 1.2457258e-05 0.00019376724 0.0005876365 1.6047933e-09 0.0004208595 2.4120898e-05 3.1578646e-05 0.0002018199 3.4236687e-06 9.4991556e-05 5.310313e-08 4.5321027e-05 7.0690385e-06 3.361385e-05 3.782541e-07 2.268992e-08 8.6334744e-08 1.347599e-06 4.822983e-08 2.8016693e-09 4.0458723e-08 3.4243953e-05 1.2420708e-05 3.3716038e-05 6.066312e-07
1.0587394e-08 0.24387704 0.14698571 0.05585354 0.19418181 0.19338372 2.0972853e-20 0.019483969 0.015994042 0.013970534 0.002175537 0.016610058 0.58794963 0.0016620738 0.005910435 0.0016234557 0.00030688575 0.00034968712 0.0025753728 0.0026248316 0.00010053145 7.063779e-05 4.0650037e-05 0.04010857 5.89837e-06 0.0046663005 0.00015411434 0.0016623021 0.0025264279 3.99118e-05 2.2671049e-05 2.6231173e-05 0.000109349305 5.018489e-05 0.00022148082 0.0001003217 2.0628389e-07 4.278264e-06 2.487987e-06 4.2276162e-05 8.912391e-06 3.9244023e-06 1.2669804e-05 1.2030679e-05 3.779988e-05 8.920826e-06 3.2164294e-06 8.5043644e-07 7.8789594e-07 2.0262556e-05 2.3903272e-06 1.5337426e-05 1.9478698e-06 5.6308363e-06 1.6384058e-06 4.178552e-06 7.189158e-06 3.5839762e-06 1.5079437e-05 1.6946562e-06 2.274827e-06 8.881481e-06 3.520815e-06 3.0931951e-06 6.033903e-05 7.5795134e-07 0.00027175323 7.1338945e-07 7.5447525e-07 1.2869025e-06 1.5114206e-07 0.00018409974 0.0001785871 6.5042004e-05 0.00037330523 1.8765516e-07 3.4767381e-06 0.0003020723 0.00011679626 5.316201e-08 0.00052072504 7.1218597e-06 9.656192e-05 0.00019202533 1.0729973e-05 0.0003861862 5.3407024e-07 3.2751403e-05 3.5611338e-05 2.4968142e-05 3.6367354e-07 1.4253345e-07 7.5697324e-07 6.1601304e-06 4.439085e-07 1.3107852e-07 4.445817e-07 2.355979e-06 8.585976e-06 2.9158997e-05 2.5897882e-06
0.0034701612 0.8144015 0.06686639 0.005363426 0.65465826 0.65859634 0.019483969 2.7523336e-19 0.06890762 0.8823833 0.5208249 0.32061496 0.192821 0.079686455 0.24116606 0.582986 0.24542008 1.0895099e-05 0.5118527 0.08206119 0.02030088 0.019775193 0.13012175 0.00041519856 8.090747e-06 0.029115183 0.089765854 0.048871357 0.064704835 0.09276638 0.00024400375 0.012347068 0.034745276 0.0034947458 0.011318566 0.03437647 1.1891418e-06 0.064590186 0.0002985249 0.00018771969 0.00069681107 0.00011189571 2.1491678e-05 1.9746414e-05 0.013751482 0.006461206 2.40801e-05 2.0218263e-06 8.742265e-07 0.0014422352 4.9364417e-07 0.0006809915 1.4474608e-06 9.2672127e-07 9.4946124e-08 0.0025938223 1.527227e-05 1.795978e-05 0.00058490265 9.005034e-07 1.2164369e-05 0.00023088069 1.7413647e-06 2.1699088e-05 6.383169e-05 3.2769567e-06 0.00018482734 7.019832e-07 3.1479868e-07 4.534223e-06 1.0584815e-07 0.0001006003 0.00028734058 1.994908e-05 0.00031615334 1.8092916e-08 1.547136e-05 0.00015019423 0.0003371106 2.0199664e-08 0.0003087434 0.00012149745 8.071761e-05 0.00018087775 4.0056053e-05 0.0005136466 9.99882e-08 0.0004815908 1.9897057e-05 0.00025379032 5.108634e-07 4.4106093e-07 3.5469048e-07 3.5418416e-05 1.0324027e-06 1.5683497e-07 5.9546437e-07 0.00038080785 7.886146e-05 1.7276709e-05 8.655143e-07
0.0069863396 0.8341434 0.23135893 0.08092404 0.07275323 0.038791247 0.015994042 0.06890762 6.009864e-18 0.016735202 0.53841007 6.6145956e-05 0.0031505565 0.86480224 3.1454932e-05 0.114425376 0.13388933 0.71847874 0.012301518 0.00024234214 0.34122548 0.18183818 0.034801967 0.052837413 0.8091681 0.007352387 0.0011965287 0.002757537 0.00511555 0.002185176 0.5449472 0.010977621 0.008951754 0.14352664 0.004524815 0.00015038959 0.030307528 0.0026903187 0.0005218918 0.006346858 0.00059694727 0.022242775 0.002092762 0.0035712232 0.00012908419 0.0010736657 0.0024604807 0.00017342715 6.884031e-05 5.9199458e-05 0.0005726449 0.00021915742 0.00022844973 0.00018009389 0.001712375 7.7152654e-05 0.0011047255 0.0046401117 0.00015204585 0.0021846027 0.00015772031 0.00070347806 0.0007778995 0.00010886454 0.00019647731 7.0432354e-05 4.7848047e-05 1.2236753e-05 0.056563765 2.0983638e-05 0.0016989146 0.00013353126 0.0014781253 0.0009944406 0.0022320657 2.329266e-06 0.00297015 0.0039574346 0.0028197968 2.389707e-06 0.004171179 0.0004734223 0.0002846619 0.01029442 0.000504021 8.5617365e-05 0.0011589852 0.0053944485 0.0022671593 0.018707596 7.5637836e-06 8.1188235e-05 0.00033080584 5.0356568e-05 3.120507e-06 3.4989557e-07 0.00011633059 0.00014280458 0.00014530667 5.681806e-06 2.6091045e-06
0.004195339 0.6256115 0.022934332 0.0032472413 0.51109093 0.58773905 0.013970534 0.8823833 0.016735202 9.351394e-18 0.35027352 0.6044245 0.22985034 0.031476066 0.529482 0.5844082 0.22499678 1.8205211e-06 0.6047719 0.23839393 0.020422237 0.023412699 0.21451533 0.00011859662 1.7580136e-05 0.09417297 0.2354223 0.123664275 0.17209281 0.23759912 0.00027141397 0.0074693775 0.03316038 0.002919468 0.06483548 0.0972301 2.5230543e-06 0.10957778 0.0063373437 0.00024623715 0.011651637 0.0039502964 0.00013211346 0.0002546539 0.03801036 0.005856992 0.00012472266 0.00017088161 7.071288e-05 0.0071301754 1.6564143e-05 0.006568378 3.2280495e-05 2.440127e-05 1.8875153e-06 0.010715023 1.706532e-05 1.7519682e-05 0.0014338428 7.416475e-06 9.037421e-06 0.00088914356 2.6086804e-05 0.00011497487 0.00014765347 2.960375e-05 0.00035330807 7.622787e-06 1.8830482e-07 1.5174027e-05 3.118856e-06 0.00042443952 0.00056796265 3.8775186e-05 0.00057643274 2.642652e-07 9.124726e-06 0.00023695054 0.0006169596 2.8547788e-07 0.00041651964 9.2579205e-05 0.00014896531 0.00019826338 8.429023e-05 0.00031075414 6.736577e-07 0.00041539443 2.06856e-05 0.00028959475 1.0315957e-06 8.485452e-06 2.5275579e-06 8.445317e-05 5.8862215e-06 8.9075775e-07 4.1072544e-06 0.0011771125 0.00013941778 8.416179e-05 3.091172e-06
0.20408067 0.84806406 0.032872915 0.0020006886 0.15653922 0.13592423 0.002175537 0.5208249 0.53841007 0.35027352 1.4704436e-20 0.013174212 0.003406692 0.76380163 0.026064405 0.74518126 0.9186679 0.005884572 0.21695048 0.016068887 0.3926406 0.4034907 0.6211347 0.00094433397 0.003220323 0.023444977 0.050383937 0.01642472 0.019850964 0.11574129 0.025669035 0.19240372 0.12474015 0.2927523 0.014025319 0.007712175 0.0029215794 0.061031997 0.0005318978 0.008900403 0.0019941756 0.00024246651 9.049271e-06 2.3525e-05 0.0026062797 0.05686228 1.9537722e-05 2.0046962e-06 8.571253e-07 0.00044005347 1.3415031e-06 0.00036356278 4.198276e-06 1.3783174e-06 4.4727193e-07 0.0019389434 0.03751917 0.02321814 0.00080225983 4.9846375e-07 0.002070222 0.00013737103 2.4189649e-06 1.3872975e-05 0.0063961335 1.1661706e-06 0.0034234028 4.5310347e-07 6.9180064e-06 6.9531905e-07 1.06716804e-07 0.0011747127 0.006938016 0.0022485242 0.005635543 1.6879964e-08 0.00095933495 0.0033485533 0.0044203205 3.3041276e-09 0.0017964893 0.00078182237 0.00022770693 0.006889781 1.0649852e-05 2.2253002e-05 3.912804e-07 0.0056740963 0.002837194 0.0042329985 3.0788198e-07 1.8020599e-07 8.7949894e-07 2.7539314e-05 4.457485e-08 2.8557192e-08 1.9467018e-06 9.831471e-05 0.00014643821 2.2717052e-06 2.2331065e-07
3.7289374e-05 0.047119167 0.0095625175 0.0033408133 0.25091526 0.40119863 0.016610058 0.32061496 6.6145956e-05 0.6044245 0.013174212 1.0389125e-21 0.57403415 0.00019368944 0.90237373 0.11229816 0.0082566 4.1744456e-06 0.2792186 0.5205642 6.6366796e-05 9.947476e-05 0.0021085432 0.0010905231 3.9681478e-08 0.19295983 0.04261837 0.07357403 0.2055905 0.008870029 1.1311733e-06 3.1394197e-06 1.8880186e-05 3.507726e-05 0.014501844 0.0073675127 1.3133028e-07 5.96132e-05 8.9682406e-05 7.738177e-06 0.00019636098 0.00011556222 0.000108459244 5.156259e-05 0.0010255352 4.9905193e-06 9.144344e-06 3.7247113e-07 1.420371e-07 3.8072667e-05 8.894e-08 5.3647305e-05 4.0733156e-07 3.1000715e-07 8.7992724e-08 1.787911e-06 1.7819393e-06 2.7200135e-06 4.6843065e-06 9.777389e-07 3.6765633e-07 9.658946e-07 4.0329422e-07 2.7856123e-07 1.0173564e-05 2.639987e-07 0.00011721593 2.3955837e-07 1.0614389e-06 1.4349329e-06 4.2845794e-08 8.77664e-05 0.00025969878 1.2574336e-05 0.00019877343 5.5991354e-08 9.895808e-06 7.09539e-05 0.00052035594 8.1456214e-08 0.00042992504 7.429614e-06 2.3470457e-05 0.0003420593 4.993397e-05 0.00012088984 6.184107e-09 3.465346e-05 6.0189573e-06 3.44379e-05 9.428846e-07 9.193651e-08 1.30278845e-08 1.440363e-05 1.3286974e-07 1.7264083e-08 3.987814e-08 3.1802047e-05 1.543886e-05 0.00012327029 8.2602255e-06
4.1277974e-07 0.20346878 0.057078525 0.0042813886 0.38474214 0.43942478 0.58794963 0.192821 0.0031505565 0.22985034 0.003406692 0.57403415 1.5250924e-21 4.512251e-05 0.23450173 0.02951122 0.00096150115 7.784881e-05 0.06080911 0.09582579 5.7385823e-06 2.7097463e-05 0.00024554957 0.04252099 1.7119659e-06 0.10333316 0.008659785 0.029140707 0.06267198 0.00077235466 6.714645e-06 5.7689267e-06 6.9210023e-06 9.030408e-06 0.0010970094 0.00056301197 9.4049796e-08 7.464207e-06 6.240226e-06 1.9407858e-05 1.4104806e-05 0.00033982424 0.0010883588 0.000330969 3.5175817e-05 6.059579e-06 9.2824084e-05 2.9312255e-07 1.2852827e-07 4.8716515e-06 5.225211e-07 0.00010618085 3.2325736e-06 2.0658995e-06 3.6423413e-07 5.201885e-06 3.8863423e-06 8.313388e-06 2.606205e-06 6.9858925e-07 8.725015e-07 9.105641e-07 7.151135e-07 1.0912044e-06 9.544286e-05 3.2719151e-07 0.0009423921 8.0892295e-07 6.4872734e-06 3.7265374e-07 1.4672791e-07 0.00086404843 0.00087936193 0.000112963295 0.0011548224 1.7258266e-07 3.0324618e-06 0.00091844343 0.0018432585 1.0829567e-07 0.004407889 1.4333458e-05 0.0005384575 0.00012886329 0.0001504147 0.0006313272 1.8229629e-07 2.2474744e-05 2.5852871e-06 7.676997e-05 4.1526664e-06 4.1292068e-07 3.7011608e-07 4.3235024e-05 6.7870303e-07 6.986762e-08 1.7716664e-07 6.953576e-05 3.912172e-06 0.00014568337 3.400873e-06
0.059375223 0.5014876 0.027908476 0.0037310615 0.024205284 0.01069483 0.0016620738 0.079686455 0.86480224 0.031476066 0.76380163 0.00019368944 4.512251e-05 3.543813e-19 0.0004896674 0.16663651 0.48075256 0.031332295 0.037340853 0.00035977032 0.7837371 0.5696876 0.18124549 0.0012525459 0.08621998 0.0014886865 0.00505162 0.00090583414 0.0022605313 0.024075866 0.28191987 0.28405806 0.11289832 0.62240565 0.0006965788 0.0014372236 0.07144173 0.017475272 2.708478e-05 0.045136772 6.42457e-05 1.7910997e-05 1.05933395e-05 2.6633203e-05 0.0021245347 0.023289824 2.415515e-05 1.3993633e-06 7.281254e-07 0.00055427506 2.419678e-06 0.00019109364 1.7589283e-06 1.712155e-06 3.9657286e-07 0.0006298001 0.03560357 0.042239074 0.00015552227 6.5937866e-07 0.009822677 0.00021295564 3.0396195e-06 2.9242705e-05 0.004729063 1.0352931e-05 0.0008858693 3.2987991e-06 0.00067489245 2.200813e-06 8.996591e-08 0.00027983545 0.0016249319 0.0025779565 0.0022218563 1.3274277e-08 0.004895287 0.002089837 0.0013336015 1.1799564e-08 0.00072423107 0.0010497073 0.00014230862 0.008860192 2.2629294e-05 5.6547808e-05 2.3502103e-07 0.00971146 0.0040211445 0.015589427 1.1827273e-07 9.5156395e-07 4.2712662e-07 6.6361763e-06 3.1402627e-07 1.5858559e-08 1.9468168e-06 0.00019812975 0.0002843973 2.9508833e-06 5.803539e-07
0.00022402342 0.026065942 0.0022357032 0.0014617261 0.15087421 0.2784757 0.005910435 0.24116606 3.1454932e-05 0.529482 0.026064405 0.90237373 0.23450173 0.0004896674 1.1401034e-22 0.13514002 0.022536265 1.5800529e-06 0.35997036 0.8730917 0.0001496288 0.00021474296 0.015884686 0.00021627825 8.208381e-08 0.267314 0.07350241 0.16069047 0.28103846 0.037076656 2.5258757e-06 0.00015176235 0.001707149 0.00013873949 0.054217216 0.04536056 3.6868573e-07 0.0030231408 0.0020671787 3.1688513e-05 0.003425233 0.002455503 0.00020271513 0.00018262056 0.014062593 0.000109008215 7.331186e-05 1.0497508e-05 4.3793443e-06 0.002849513 6.7813824e-07 0.0033270367 7.38573e-06 2.8842474e-06 1.6822214e-07 0.0005641891 1.4534628e-06 7.3877154e-06 4.405292e-05 8.8620254e-07 2.3711137e-07 1.5231484e-05 1.6184378e-06 6.0550847e-06 1.6536522e-05 3.7071359e-06 0.00039995284 8.7054167e-07 5.1734844e-07 5.82943e-06 5.1836796e-08 0.000621808 0.00038431335 3.1274532e-05 0.00037774042 4.507861e-08 1.1060183e-05 0.00012524772 0.00070552854 2.5652133e-07 0.0006628495 6.5240005e-05 0.00035367432 0.00044967947 8.924865e-05 0.0008211455 7.552773e-09 0.00015446026 1.2949694e-05 0.00028713676 2.667625e-06 2.9203935e-07 2.1534238e-08 2.7360618e-05 1.0533805e-06 3.6682067e-07 1.1823744e-07 0.0014912059 0.00014877605 0.00011479935 7.0517144e-06
0.16011256 0.52779263 0.005604809 0.00052951043 0.2528791 0.31515083 0.0016234557 0.582986 0.114425376 0.5844082 0.74518126 0.11229816 0.02951122 0.16663651 0.13514002 7.1308886e-22 0.8011479 0.00012421154 0.8964277 0.10195527 0.042855874 0.054543365 0.8328644 5.950279e-05 4.4316865e-05 0.11630346 0.5043845 0.23243013 0.1728082 0.4698447 0.0007940831 0.0681231 0.1286366 0.004953424 0.13846916 0.1090126 4.5129098e-05 0.27376294 0.025126848 0.0002501558 0.024689697 0.014491771 0.00050111365 0.0011703465 0.053028595 0.02995287 7.869896e-05 0.000352323 0.0001344913 0.010465274 4.8487615e-05 0.0032026023 0.00018345057 1.03185985e-05 8.362657e-06 0.014266622 0.0024410442 0.0005407892 0.0046485914 5.4968456e-07 9.251856e-05 0.0013057336 6.3069892e-06 0.00013105122 0.0025282428 8.277401e-06 0.0037056499 2.0249988e-06 3.5878386e-07 2.3001237e-06 1.4383573e-07 0.0022015308 0.0068537206 0.0007678439 0.004094437 1.9804434e-08 2.2583159e-05 0.0017329508 0.005126045 1.29432784e-08 0.0010927342 0.00049487915 0.0003081224 0.0012813183 5.4435353e-05 7.742508e-05 5.3180215e-06 0.0019516746 0.0002624943 0.0013920725 1.2518e-06 1.3329236e-07 2.3190936e-05 9.371955e-05 2.941726e-08 2.0531074e-08 1.3751828e-05 0.00036135846 0.00029494654 7.531156e-06 3.424754e-07
0.34470996 0.40177414 0.0024487083 0.0002998059 0.03862221 0.036936384 0.00030688575 0.24542008 0.13388933 0.22499678 0.9186679 0.0082566 0.00096150115 0.48075256 0.022536265 0.8011479 3.663842e-21 0.0007030944 0.39562723 0.018867062 0.14820166 0.16489379 0.89362323 1.1595352e-05 0.00055771926 0.03770565 0.117136285 0.06944315 0.042006962 0.24488664 0.011001606 0.2331377 0.27322063 0.09339837 0.06698959 0.039396033 0.002464575 0.29168183 0.017786484 0.0040877033 0.016617924 0.008023809 0.00024397118 0.000357111 0.021292167 0.09061 0.00010028086 0.00038625012 0.00019638271 0.011525278 9.525681e-05 0.004791362 0.0002795663 5.8263206e-05 1.4320095e-05 0.021740038 0.05521321 0.019832069 0.008496713 1.078019e-05 0.0022141286 0.004108828 5.242416e-05 0.00048020665 0.017987601 3.7437174e-05 0.010245342 1.3518422e-05 1.2060177e-05 1.4275698e-05 2.8577492e-06 0.003771636 0.016102552 0.0045862827 0.012150272 9.674995e-07 0.0021934228 0.008506491 0.01472244 6.634901e-07 0.0050702305 0.0033587448 0.0019977142 0.008419102 0.00017374416 0.0004302882 3.5051896e-06 0.011194497 0.0055136676 0.007258283 5.4542455e-05 1.3134587e-06 7.4929217e-06 0.00061463023 2.049637e-06 4.1950162e-07 1.5452824e-05 0.0005427443 0.0006911863 8.037026e-05 3.950127e-06
0.0002822568 0.010587381 0.0032776275 0.0034824924 0.00045737208 0.00013204418 0.00034968712 1.0895099e-05 0.71847874 1.8205211e-06 0.005884572 4.1744456e-06 7.784881e-05 0.031332295 1.5800529e-06 0.00012421154 0.0007030944 2.922144e-14 5.616184e-06 1.5758408e-06 0.0049147448 0.0022251816 7.1569826e-05 0.22905779 0.72059107 0.00015138189 3.5461221e-06 5.2057876e-05 7.445073e-05 3.8675396e-05 0.06613602 1.3665282e-05 3.6920337e-05 0.000108546476 3.8245562e-05 1.3698593e-05 0.00023344476 7.735924e-05 1.7968166e-06 0.00010914875 1.566122e-06 0.0002701187 0.000259597 0.00031117734 0.00013012788 0.00012882249 0.00015732205 5.1388006e-06 1.1670674e-06 0.00012058816 2.2483298e-05 0.00024351348 2.4526158e-05 4.1504554e-05 2.2935228e-05 2.59739e-05 1.6658607e-05 0.00017618293 5.640045e-05 0.000108861524 4.02784e-06 0.0002113911 9.503913e-05 9.908486e-05 3.530558e-05 4.0063194e-05 6.4746615e-05 6.4763694e-06 0.46058378 5.22405e-05 0.00015272539 0.00014715316 0.00033705094 6.0917515e-05 0.00054593635 1.7679813e-06 0.0002987624 0.00030182954 0.00019606457 5.699615e-07 0.00016539289 1.415565e-05 7.658732e-06 0.029091675 0.000118532735 9.966096e-05 1.751684e-05 0.002268908 0.0050899168 0.008259077 1.3929656e-06 1.6498007e-05 1.2301106e-05 1.0668358e-06 5.7816413e-07 1.0989833e-07 5.1832008e-06 8.165011e-06 8.414229e-05 3.203992e-07 5.2994933e-09
0.034903567 0.18400644 0.0022147526 0.0005381928 0.18157347 0.28764936 0.0025753728 0.5118527 0.012301518 0.6047719 0.21695048 0.2792186 0.06080911 0.037340853 0.35997036 0.8964277 0.39562723 5.616184e-06 7.6333024e-22 0.2662649 0.009656272 0.009918338 0.58306986 5.71404e-06 1.6541775e-05 0.29626322 0.90536857 0.5570052 0.43953303 0.4965545 0.00017312722 0.021702299 0.07070406 0.0005271157 0.31787714 0.20526776 3.631026e-06 0.1835609 0.049527552 0.000111770176 0.048250142 0.070207894 0.0026373211 0.00620611 0.06976 0.008771616 0.0003029863 0.004282851 0.0023199786 0.024985997 0.00062716106 0.0126138525 0.0012947818 0.00032788704 1.2571938e-05 0.024697062 0.0004062634 0.0001442284 0.008243566 1.3138094e-06 1.1722616e-05 0.0059619346 7.0775415e-05 0.0014102932 0.0006070749 4.954269e-05 0.0011838248 1.8914645e-05 9.010068e-07 8.161652e-05 4.9438944e-07 0.0011721443 0.0020003642 0.000390826 0.002161805 1.4373812e-07 1.792525e-05 0.0016820563 0.0024083997 1.3422253e-07 0.001931805 0.0002551515 0.00019980044 0.00021891636 0.0005419653 0.00024757694 1.8212487e-06 0.0003173308 3.017218e-05 0.00037116022 1.27107105e-05 9.3628074e-07 7.2368143e-06 0.0006872142 1.2358811e-06 1.5187635e-07 1.3336765e-05 0.0001643274 5.811731e-05 0.00014263186 1.8197514e-05
0.0003301103 0.0072680665 0.0011646886 0.00071222335 0.02836279 0.048179414 0.0026248316 0.08206119 0.00024234214 0.23839393 0.016068887 0.5205642 0.09582579 0.00035977032 0.8730917 0.10195527 0.018867062 1.5758408e-06 0.2662649 1.2158906e-22 4.304438e-05 0.00018675615 0.016893316 2.0846268e-05 9.545879e-07 0.8739056 0.050574344 0.39521003 0.49084094 0.02881561 1.5275664e-05 6.402899e-05 0.00057650113 6.998743e-05 0.074963264 0.033939265 3.53212e-07 0.001100998 0.010388769 0.00012636602 0.013653187 0.031710338 0.005377367 0.0050018383 0.022466904 0.00015551396 0.0007824691 0.0010494641 0.00014681899 0.0034718877 8.720386e-06 0.009370035 6.2038074e-05 8.766021e-06 2.3095906e-06 0.0014358117 2.3274608e-06 1.0591663e-05 5.4935754e-05 2.0322827e-06 3.5477473e-07 2.4730167e-05 3.0680553e-06 2.2721415e-05 2.9586874e-05 9.314923e-06 0.00055530947 7.903814e-06 1.0604817e-06 1.14117065e-05 4.398822e-07 0.0005731861 0.0003414353 3.4035907e-05 0.00029098563 5.376685e-07 1.1661734e-05 0.00011453045 0.0006184739 1.736943e-06 0.0003525161 1.2013619e-05 5.2953972e-05 0.00092542043 0.00022210757 0.00020544138 1.3414922e-07 2.6843958e-05 2.6449867e-05 0.00011931337 1.3182029e-05 1.4926535e-06 1.8972057e-07 6.9802656e-05 1.7602002e-06 8.2641213e-07 6.898258e-07 0.0002719249 6.244676e-05 0.00028952464 4.9529368e-05
0.05141595 0.17233972 0.0018056212 0.0005487475 0.0058049737 0.003497185 0.00010053145 0.02030088 0.34122548 0.020422237 0.3926406 6.6366796e-05 5.7385823e-06 0.7837371 0.0001496288 0.042855874 0.14820166 0.0049147448 0.009656272 4.304438e-05 8.211423e-22 0.9467358 0.047874216 2.2592334e-05 0.010253573 0.00037213048 0.001115338 0.00046015217 0.00033378912 0.005682709 0.15838555 0.2750873 0.07757634 0.5531829 0.0005113653 0.0005857883 0.03490223 0.012119782 3.7913636e-05 0.055421885 9.326189e-05 2.5807682e-05 1.827609e-05 5.0321818e-05 0.0007840998 0.035740487 1.1810659e-05 5.284306e-06 3.4409418e-06 0.00032750543 6.2185004e-06 0.000102898695 2.922995e-06 2.1039714e-06 1.9511774e-06 0.00066520745 0.04213118 0.03657411 0.00015398447 5.2995347e-07 0.012996455 0.00014393793 6.189952e-06 1.662108e-05 0.008492294 1.1666095e-05 0.001596785 8.5292345e-07 0.00020274064 1.3412599e-06 4.4330562e-07 0.00023829051 0.0021661564 0.002739263 0.0027385566 2.1485906e-08 0.0053254017 0.0021752683 0.0012643359 2.131553e-08 0.0005710217 0.0031889074 0.0003941053 0.0092765335 7.744844e-06 0.00012573707 1.7483646e-07 0.018791415 0.0037927998 0.013071059 1.6018003e-08 2.782872e-07 3.7013902e-07 2.4926874e-06 4.803142e-07 6.9638086e-09 1.1960238e-06 0.00041708627 0.0009584717 7.8476444e-07 4.1347057e-08
0.09702174 0.13181 0.0009761109 0.00021347514 0.006026146 0.0032350656 7.063779e-05 0.019775193 0.18183818 0.023412699 0.4034907 9.947476e-05 2.7097463e-05 0.5696876 0.00021474296 0.054543365 0.16489379 0.0022251816 0.009918338 0.00018675615 0.9467358 3.5937428e-22 0.059665993 2.1628039e-05 0.003016788 0.0010565958 0.0013239618 0.0019407932 0.0009771358 0.008412544 0.109132364 0.43181348 0.11639853 0.7174101 0.0015338412 0.0007611665 0.05732282 0.026495028 0.00033977177 0.10988074 0.0007570076 0.00039166707 0.00010889496 0.00023908471 0.0009240297 0.06342593 9.752971e-05 3.8727438e-05 1.517957e-05 0.0003662113 2.7755013e-05 0.00028738086 1.7391949e-05 5.5344626e-06 3.9668597e-05 0.0038988919 0.08660826 0.08175882 0.00071674195 1.1653018e-05 0.024026133 0.00037333995 6.019293e-05 8.490961e-05 0.020488795 2.7366883e-05 0.0035465553 1.0300459e-05 0.0011806894 2.7493036e-06 7.514382e-06 0.0011066615 0.0044355607 0.004082494 0.004672176 2.8139578e-07 0.0151712205 0.0035865493 0.0033139552 1.4703791e-07 0.0009827872 0.006123499 0.0010586438 0.018491775 2.2341097e-05 0.00065958814 2.001636e-06 0.035278067 0.0077750646 0.026140712 2.786444e-07 1.1840823e-06 3.1892114e-06 9.844367e-06 5.5608285e-07 4.327551e-08 7.164245e-06 0.0007840598 0.0039762477 2.2180695e-06 9.543926e-08
0.48604384 0.065868296 0.00011249028 4.5552413e-05 0.0101838745 0.009177902 4.0650037e-05 0.13012175 0.034801967 0.21451533 0.6211347 0.0021085432 0.00024554957 0.18124549 0.015884686 0.8328644 0.89362323 7.1569826e-05 0.58306986 0.016893316 0.047874216 0.059665993 1.5806382e-22 7.5167935e-07 4.7615347e-05 0.04023628 0.47886446 0.11521971 0.065614775 0.6793062 0.003680275 0.22228833 0.42975572 0.014460784 0.19155711 0.18026808 0.000843709 0.6353399 0.058151565 0.002673882 0.043579116 0.019862467 7.6048564e-05 0.0004905583 0.06902229 0.16292933 3.6177724e-05 0.0006945331 0.00059940596 0.058803294 0.00017151608 0.010219019 0.0008736973 0.0001436979 2.1537784e-05 0.087303296 0.04216908 0.0073207864 0.04340992 1.2255199e-06 0.0012294169 0.018603474 5.1553696e-05 0.002451318 0.03536378 4.6480018e-05 0.031340163 0.0001038341 3.7608046e-05 0.000121228804 2.4946348e-06 0.01753884 0.03274598 0.00670663 0.021257412 1.5778874e-06 0.002009157 0.014109598 0.034365892 9.137836e-07 0.014285812 0.0069340076 0.007058696 0.0129976645 0.0023623013 0.0025629983 3.2987648e-06 0.00987422 0.0075897933 0.008380254 0.0006752169 5.1021902e-06 8.982755e-06 0.001960329 8.986114e-06 9.541292e-07 2.106898e-05 0.003912517 0.0008718857 0.00022341004 5.2449515e-05
8.667199e-08 0.028806949 0.010688233 0.62208915 0.013556786 0.010190213 0.04010857 0.00041519856 0.052837413 0.00011859662 0.00094433397 0.0010905231 0.04252099 0.0012525459 0.00021627825 5.950279e-05 1.1595352e-05 0.22905779 5.71404e-06 2.0846268e-05 2.2592334e-05 2.1628039e-05 7.5167935e-07 1.1669639e-19 0.0014343077 0.00018536096 3.388283e-08 2.813233e-07 3.906363e-06 5.1358704e-08 5.006338e-05 1.4517097e-07 6.3680045e-07 5.5939367e-06 1.5196444e-07 2.1517076e-08 6.131188e-08 4.2942278e-07 6.307758e-10 1.511038e-06 2.8881075e-09 1.2529985e-07 2.1843388e-07 2.253961e-07 1.3291056e-07 5.0168405e-06 3.5963856e-07 1.279653e-09 4.2825493e-10 1.508578e-07 8.3514555e-09 1.7062405e-07 1.2474018e-09 4.3728767e-09 8.36239e-09 4.3160787e-07 8.194236e-07 6.1213264e-06 6.968369e-08 9.528484e-08 1.1162578e-07 1.793513e-07 2.8526694e-09 1.2666253e-07 0.00010573754 3.2150307e-08 0.0066490625 2.450246e-08 9.122902e-05 2.2918542e-07 4.5848427e-09 0.0034238696 0.005981671 0.00057182653 0.004224602 1.20841e-09 4.8473095e-05 0.002223531 0.0028250483 1.8391644e-09 0.0025680151 1.7417478e-05 0.00010262557 0.009972325 1.3305012e-06 6.0435385e-05 3.652897e-08 4.6819998e-05 0.0002658523 0.00024980278 4.8350028e-08 1.5130148e-08 8.037374e-08 5.0958054e-08 7.819516e-09 9.953333e-10 4.9757105e-08 9.276121e-08 3.31991e-06 3.7216326e-09 1.7559028e-10
8.8027344e-05 0.001869178 0.00027230504 0.00027288529 1.3362404e-05 1.1994838e-06 5.89837e-06 8.090747e-06 0.8091681 1.7580136e-05 0.003220323 3.9681478e-08 1.7119659e-06 0.08621998 8.208381e-08 4.4316865e-05 0.00055771926 0.72059107 1.6541775e-05 9.545879e-07 0.010253573 0.003016788 4.7615347e-05 0.0014343077 6.5372556e-23 0.00010114441 6.012067e-06 1.9453537e-05 6.2001345e-05 1.5763271e-05 0.7301919 0.00013867929 0.00030454807 0.0017449124 0.000121036355 7.1822024e-06 0.013138021 2.8841716e-05 9.086361e-06 0.0011669178 1.2366693e-05 0.00033834673 7.270243e-05 0.00045021457 4.6026205e-05 6.1984785e-05 3.0794337e-05 3.0107964e-05 1.115399e-05 5.21693e-05 4.9925166e-05 5.4921242e-05 4.038408e-05 3.4942306e-05 2.6318121e-05 8.122195e-06 0.00011301966 0.00026041278 9.873523e-06 5.4629545e-05 0.00010640345 1.4196086e-05 0.00015121221 3.851701e-05 4.5039364e-05 3.7401027e-05 2.170919e-05 3.9149672e-06 0.7774269 5.8325045e-06 1.8075627e-05 1.8562587e-05 8.812387e-05 0.0001675544 0.00032285717 5.2391497e-06 0.0004533112 0.0001568614 4.786626e-05 4.446771e-07 8.859482e-05 2.6412159e-05 7.26972e-06 0.009015179 2.9295097e-05 5.710249e-06 3.1256405e-07 0.0019919975 0.0032776494 0.013961184 4.2110256e-07 2.103585e-07 1.5532699e-07 6.771628e-06 3.7901685e-08 7.007163e-09 4.5472916e-08 1.2111012e-06 0.00019830612 1.1035281e-08 1.1273421e-09
0.001413408 0.0088007385 0.0018864278 0.0017848106 0.020080427 0.030159378 0.0046663005 0.029115183 0.007352387 0.09417297 0.023444977 0.19295983 0.10333316 0.0014886865 0.267314 0.11630346 0.03770565 0.00015138189 0.29626322 0.8739056 0.00037213048 0.0010565958 0.04023628 0.00018536096 0.00010114441 7.95864e-20 0.08859756 0.5880356 0.8660602 0.028689886 0.0011438468 0.0006657777 0.0025437367 0.00042349825 0.18169287 0.062283278 1.3552811e-05 0.0019839949 0.03353332 0.0010702125 0.04890578 0.22738177 0.10722723 0.09456836 0.037965667 0.0008933691 0.019878618 0.010054358 0.0035864692 0.009496262 0.0012033595 0.022904916 0.001195919 0.00075662223 0.00039831607 0.0032940086 5.3890624e-05 0.00014345499 0.00046018182 0.00030565285 1.7117985e-05 0.00017305609 8.382536e-05 0.000235535 0.00027387365 0.00019786558 0.0020655305 0.00010367608 5.659183e-05 5.792497e-05 2.7102455e-05 0.0013284138 0.0007597604 0.00041987613 0.0017223425 1.3548764e-05 6.97594e-05 0.0012087278 0.0008773561 1.6361972e-05 0.00092380587 0.00010998362 0.00014127335 0.0046241465 0.0004430413 0.00077731075 1.8037096e-06 0.00012611464 0.0003841252 0.0006295728 0.0001606874 5.7820278e-05 2.3453463e-06 0.000576359 0.00012054412 3.0494582e-05 7.405443e-06 0.00082366786 9.177932e-05 0.0010756525 0.00031233564
0.0896935 0.017924154 4.4338558e-05 1.4594278e-05 0.016997624 0.025444036 0.00015411434 0.089765854 0.0011965287 0.2354223 0.050383937 0.04261837 0.008659785 0.00505162 0.07350241 0.5043845 0.117136285 3.5461221e-06 0.90536857 0.050574344 0.001115338 0.0013239618 0.47886446 3.388283e-08 6.012067e-06 0.08859756 2.6224256e-23 0.43576753 0.23875113 0.92601573 5.299515e-05 0.016302217 0.05784474 0.00017971183 0.45621935 0.50655466 2.241931e-06 0.25718838 0.06884182 4.6914123e-05 0.08659579 0.07100344 0.0019927993 0.0048605907 0.12872438 0.009906587 0.00026693227 0.003284701 0.0016550192 0.082694426 0.0011759355 0.029097509 0.001533246 0.0002854508 5.7285735e-05 0.05156934 0.0005196044 7.6549535e-05 0.040467378 2.8237657e-06 3.356407e-05 0.020075945 0.00013041026 0.0040943217 0.0010318102 0.00010469709 0.0040711556 0.00012148493 1.0772518e-06 0.00015084277 9.4774555e-07 0.004190065 0.004199582 0.00044106625 0.0029362005 4.08476e-07 1.8545636e-05 0.0018761805 0.0064806733 6.5620446e-07 0.0030607497 0.00016298487 0.00047522012 0.0005867489 0.002453808 0.0012790638 8.869314e-07 0.00070206256 8.795761e-05 0.0004655972 0.00017629235 2.4182752e-06 5.445152e-06 0.0020297503 7.044475e-06 2.4913636e-06 1.3229482e-05 0.00048691526 2.3040675e-05 0.00011566376 8.835945e-06
0.0055789454 0.0014249372 0.0002439521 4.8498663e-05 0.01434048 0.018183611 0.0016623021 0.048871357 0.002757537 0.123664275 0.01642472 0.07357403 0.029140707 0.00090583414 0.16069047 0.23243013 0.06944315 5.2057876e-05 0.5570052 0.39521003 0.00046015217 0.0019407932 0.11521971 2.813233e-07 1.9453537e-05 0.5880356 0.43576753 1.3261762e-21 0.9592242 0.19213979 0.000101583384 0.0019150622 0.021116257 0.0005899355 0.49039423 0.33795375 1.2138116e-06 0.03164783 0.14042701 0.0005970859 0.21273065 0.46752954 0.071601816 0.084363475 0.18375409 0.0012515392 0.020296233 0.053102963 0.027713176 0.072379716 0.006352671 0.11756137 0.014780358 0.0021162569 0.00044504539 0.028578063 0.00024928252 0.00021087565 0.011378969 0.000315208 2.0270081e-06 0.01207445 0.00021319925 0.008233273 0.00014563753 0.0002632313 0.0012779282 0.00026192938 7.34159e-05 9.780345e-05 4.550702e-06 0.002198301 0.0011363873 0.00013605939 0.0015543036 1.0689027e-05 8.705978e-06 0.0007849471 0.0015790355 4.045622e-06 0.0017172721 9.1435635e-05 0.00025378476 0.0041112225 0.00087433035 0.0006108113 1.1647913e-06 0.00039916197 9.011967e-05 0.00046209106 0.0016589446 1.7340459e-05 1.5287023e-06 0.0021208897 8.9782625e-05 3.4248267e-05 2.9655105e-06 0.0005208559 1.2317563e-05 0.0008390954 0.0005900526
0.0044721803 0.00586047 0.0010531406 0.00040336564 0.021492599 0.043809634 0.0025264279 0.064704835 0.00511555 0.17209281 0.019850964 0.2055905 0.06267198 0.0022605313 0.28103846 0.1728082 0.042006962 7.445073e-05 0.43953303 0.49084094 0.00033378912 0.0009771358 0.065614775 3.906363e-06 6.2001345e-05 0.8660602 0.23875113 0.9592242 7.7264046e-22 0.1283453 0.00056330976 0.001767602 0.009374916 0.00074186677 0.3903034 0.23239467 1.0138126e-05 0.0072436305 0.08048403 0.0008538558 0.16449995 0.3241952 0.08296423 0.08614665 0.13195387 0.00071001693 0.022654923 0.03226499 0.014966642 0.029000131 0.0025185011 0.07594398 0.0060299174 0.0013047651 0.0003180625 0.010485092 9.6946234e-05 0.00023283288 0.0025943143 0.00042333352 9.620735e-06 0.0032538564 0.00022376227 0.0028703627 0.00031129428 0.00021353827 0.0022680913 0.00013258602 2.7724804e-05 3.5774763e-05 1.7475395e-05 0.0018473536 0.0013874767 0.000766562 0.0022811969 1.8383791e-05 1.7065044e-05 0.001440407 0.0014201604 9.918029e-06 0.002423693 0.0003542943 0.0003609839 0.0047053075 0.00078482693 0.00077992637 1.0527749e-06 0.00071658334 0.0002448254 0.0013797873 0.0012804845 3.3588025e-05 1.2815809e-06 0.0018319055 8.1400736e-05 6.859096e-05 4.225462e-06 0.0004222924 4.0101117e-05 0.0013055692 0.00027721777
0.6916124 0.037107065 4.3732904e-05 1.2934068e-05 0.011883149 0.016213492 3.99118e-05 0.09276638 0.002185176 0.23759912 0.11574129 0.008870029 0.00077235466 0.024075866 0.037076656 0.4698447 0.24488664 3.8675396e-05 0.4965545 0.02881561 0.005682709 0.008412544 0.6793062 5.1358704e-08 1.5763271e-05 0.028689886 0.92601573 0.19213979 0.1283453 1.2097563e-21 0.00021148991 0.051044043 0.18249448 0.0008699127 0.33909318 0.562805 4.2237636e-05 0.89165384 0.083839156 0.00033004073 0.12987599 0.026969053 0.00034817567 0.0014008397 0.20409438 0.16884595 0.0002345843 0.0019186736 0.0012364677 0.1271674 0.0004162784 0.017326673 0.00187305 0.00016209586 4.7646965e-05 0.21373083 0.01823651 0.0028830278 0.101760484 2.3850032e-06 0.000446132 0.034453783 1.7246371e-05 0.0029576465 0.028362243 1.4084175e-05 0.058644623 4.9714068e-05 3.841856e-06 5.7033125e-05 1.1859107e-06 0.050244637 0.050154887 0.005278283 0.028925171 1.7991132e-07 0.00012265173 0.015996039 0.05845637 3.2440823e-07 0.023871798 0.0054703164 0.013309004 0.005283629 0.0029205724 0.008313964 2.4078092e-06 0.00904664 0.002309777 0.0027129983 0.00065625453 1.672584e-06 7.248577e-06 0.0013220264 1.8117314e-06 2.0404527e-06 1.1997143e-05 0.0020406719 0.00024223284 0.00012199542 1.0321355e-05
