2.6880988e-23 0.91446453 0.965439 0.81132597 0.99927515 0.9281598 0.9785166 0.2436728 0.9617372 0.7426709 0.20577422 0.91886824 0.8661619 0.23128693 0.95261467 0.61891943 0.998885 0.8390666 0.998024 0.9666717 0.4118035 0.94473153 0.04146838 0.94456774 0.9641279 0.7683053 0.19498338 0.90291184 0.22813073 0.48577753 0.74636036 0.53770274 0.27433002 0.93470675 0.9856928 0.6048703 0.94226015 0.9842965 0.905484 0.9999975 0.36345652 0.12108627 0.5761638 0.8831639 0.9977113 0.18209873 0.93825936 0.90341455 0.46301687 0.9846035 0.44282392 0.8746663 0.5186422 0.81232244 0.6394079 0.8114168 0.0026898528 0.23947668 0.96002495 0.06521966 0.20704009 0.3481998 0.0026261637 0.86515266 0.9716335 0.650974 0.12055703 0.045280125 0.9941648 0.55551505 0.99474967 0.943286 0.071999 0.0093618445 0.98782444 0.02789945 0.88048977 0.9975632 0.9684963 0.47470596 0.91464114 0.045220748 0.014528538 0.0065436754 0.031424247 0.0011206899 0.5018281 0.86956835 0.9563767 0.81972015 0.8209572 0.001680715 0.0006562836 0.08521929 0.00051464 0.0001388075 0.45101255 0.06095861 0.21198997 0.6633677 6.68752e-05
0.91446453 1.3233157e-14 0.91859704 0.9406898 0.014875839 0.006169982 0.0009780873 0.96621567 0.019553106 0.03348717 0.03638241 0.0027173888 0.010489239 0.107302 0.0028761704 0.0012712403 0.03298845 0.0015113917 4.0835417e-05 0.00022980144 0.030610211 0.00022799331 0.020356694 0.00059917994 2.084134e-05 1.705146e-05 0.018271377 2.0930881e-06 0.13149792 7.795434e-06 2.7956578e-06 4.6397354e-06 1.6536269e-05 0.0007489121 0.00055603177 3.2139196e-05 0.00040597658 5.7850222e-05 0.0005310772 0.07225077 4.6133723e-06 0.03571821 4.6057914e-05 0.0042408514 0.00076208654 1.5261176e-05 3.244593e-05 2.5957347e-06 5.7511943e-06 1.2942273e-05 0.00032980193 4.333331e-07 0.002089419 4.234082e-06 3.3178856e-07 7.119249e-07 0.0036766145 1.1796369e-06 2.9699543e-06 4.6563198e-07 1.491257e-07 0.0013695596 0.0011259139 1.6122033e-06 5.403193e-05 5.3350567e-07 0.0007591523 5.9055896e-05 0.00018665148 9.490267e-08 3.370251e-05 1.9314086e-06 6.448891e-07 6.809554e-05 6.392691e-05 7.040022e-06 1.179214e-06 6.754571e-05 2.200306e-05 7.418862e-07 1.1618962e-05 8.6855636e-07 1.5291498e-06 7.464385e-08 2.6708284e-07 0.00022317217 8.142747e-08 3.7360262e-06 1.3583439e-05 3.2464236e-06 2.0243633e-06 1.601993e-06 6.636107e-06 2.2986926e-07 3.8259714e-07 1.7992994e-06 1.6344472e-07 1.2118977e-07 1.1941113e-08 1.2335268e-07 9.623777e-07
0.965439 0.91859704 1.2179701e-15 0.010764278 0.08221792 0.04278748 0.010305638 0.67408687 0.695092 0.7944493 0.8274913 0.011285191 0.3445839 0.8296215 0.0016259876 0.0031710314 0.008371863 0.0074809124 1.415592e-05 7.4480624e-05 0.66883475 6.550146e-05 0.32708013 0.0019748611 3.7698267e-06 4.8505394e-06 0.35621837 4.967189e-07 0.5700236 1.052888e-05 1.7237451e-06 7.67577e-06 4.4080272e-05 0.002447255 8.557075e-05 3.116672e-05 1.7785873e-05 5.294637e-06 4.4379547e-05 0.015890192 8.499309e-06 0.011054706 7.8005316e-05 0.08356285 0.0005070431 1.2427746e-05 8.061848e-06 4.3325977e-06 6.2025442e-06 5.323106e-06 0.00089847 1.6568843e-06 0.003247782 8.262474e-07 3.0655667e-06 4.902294e-06 0.015467549 4.4382955e-06 4.825801e-07 2.3416628e-06 3.7243845e-07 0.017474454 0.0021865026 3.4442328e-07 2.5281124e-06 1.7665417e-06 0.0319292 0.000783698 1.1204075e-05 4.3440477e-07 4.9832975e-05 7.674031e-07 1.0143168e-06 0.0003574153 1.458721e-05 2.0023605e-05 2.7251818e-07 0.00014390607 4.5796714e-06 2.6161183e-06 1.6567278e-06 1.7406045e-06 1.2154315e-05 5.2679854e-07 1.4799355e-07 0.00031004514 2.3859258e-07 4.427828e-06 2.4790686e-05 1.6068557e-06 2.1176659e-06 1.2808716e-05 1.5901878e-05 1.6715062e-06 2.6475635e-07 9.5094066e-07 7.2402753e-07 5.3875688e-06 4.375732e-08 1.2210127e-07 2.6226483e-06
0.81132597 0.9406898 0.010764278 3.871817e-18 0.0047054267 0.00090273557 0.0003161699 0.89539814 0.0003336179 0.0006598735 0.0020236417 0.0005235714 8.287373e-05 0.0039640106 0.00021547367 0.0002960905 0.36177924 0.0001771441 4.3690965e-05 6.288158e-05 0.0005690163 0.000101198246 0.00050437875 1.33118465e-05 2.8795228e-06 8.093223e-06 0.00012632312 4.6326187e-07 0.0018254675 1.3072106e-06 2.7101032e-07 6.248524e-07 7.0644796e-07 1.5604895e-06 0.0012895409 1.0446599e-06 0.00050727505 6.703567e-05 0.00036864166 0.07036184 6.046158e-08 0.9358707 1.7004317e-07 0.00022072194 0.00071627967 6.812645e-09 1.3042929e-06 7.068243e-08 1.10911216e-07 1.7967582e-06 1.782299e-05 1.3021005e-08 0.00018986383 4.0843005e-07 7.0593607e-09 7.22189e-09 7.2908646e-05 4.0144084e-09 6.767421e-07 3.0128873e-09 1.9691613e-09 0.00041139818 0.0002538472 9.643708e-08 0.00012508167 5.9179953e-08 0.00023809515 3.7710495e-06 0.00019813166 1.0114589e-09 1.2085405e-05 3.297934e-06 6.6810304e-07 1.6989032e-05 9.6645024e-05 7.1605393e-07 1.0898472e-06 1.50630085e-05 1.6579677e-05 3.5094946e-08 2.205042e-06 1.5597664e-08 3.1362447e-08 2.9312337e-09 1.8398092e-06 4.3760854e-05 2.4818278e-10 4.914922e-07 3.8921934e-07 2.3651965e-07 1.8367403e-07 2.536423e-09 2.4804513e-06 2.20645e-09 2.3442065e-07 4.405716e-07 3.555651e-10 2.2854525e-09 6.6604586e-12 4.725809e-09 3.7541017e-08
0.99927515 0.014875839 0.08221792 0.0047054267 4.5272125e-20 0.90192485 0.8848312 0.0017404659 0.5296779 0.045408893 0.014879565 0.79217833 0.04710585 0.0029082028 0.20826294 0.11005795 0.014630986 0.06683266 0.0011866236 0.015000479 0.016014598 0.002959809 0.003254057 0.07706961 0.00017579255 0.004756212 0.005358306 0.000128745 0.0011438446 0.0013459908 0.00015710152 0.0009295733 0.0014189731 0.019442817 8.756475e-05 0.0010105412 0.00010393882 5.6008653e-06 0.0002543168 0.15734053 0.00022290078 0.0014725886 0.009095525 0.10356459 0.00047371697 0.00091576745 3.77204e-05 0.00012378689 8.413442e-05 1.2119163e-05 0.008487609 1.709715e-05 0.006998156 2.9639161e-06 9.56929e-06 5.8345468e-06 0.00030313578 8.372756e-05 3.937348e-07 7.872489e-06 2.114163e-06 0.004439911 0.00012356302 9.4228045e-07 2.7094391e-05 6.4485002e-06 0.0011760381 0.0008029185 4.8525497e-05 2.2689596e-06 3.5956455e-05 1.8101753e-06 3.112987e-06 0.0005495768 3.8108632e-05 9.5297655e-06 4.900833e-07 4.1686e-05 5.8393002e-06 9.646441e-06 1.6321848e-06 3.839106e-06 3.1507786e-06 2.1854066e-06 8.4180084e-07 7.974998e-05 2.3622356e-06 6.2118824e-07 1.1670629e-06 1.5017145e-06 1.6427678e-06 8.789008e-06 0.0006256912 3.813673e-07 8.706434e-06 2.6170404e-05 5.985286e-07 4.168653e-06 3.3676866e-07 4.9166065e-08 1.787368e-05
0.9281598 0.006169982 0.04278748 0.00090273557 0.90192485 1.8016899e-17 0.96435666 0.00059212476 0.52922827 0.06733061 0.014712385 0.857397 0.08006938 0.0018630708 0.48576856 0.1946129 0.0043498203 0.16198342 0.00066718366 0.005210211 0.022463357 0.0010544729 0.0029417498 0.15359582 0.00019014324 0.0014093969 0.007898721 7.0280585e-05 0.0007725006 0.0005301676 0.00010656685 0.0003924028 0.0002863686 0.054823454 0.0007892185 0.0003065216 0.00033090808 2.2634542e-05 0.0003286829 0.050036084 0.000103783605 0.00021557254 0.0030452413 0.27299458 0.0020216173 0.0003246343 0.00016680412 0.00013752308 5.772639e-05 5.5049557e-05 0.01727152 1.7384667e-05 0.011649019 5.6989707e-06 9.620358e-06 2.3308314e-05 0.00014484813 1.616814e-05 3.9094903e-06 2.9791456e-06 2.5396778e-06 0.027556654 2.362185e-05 1.4524069e-06 2.5080353e-05 5.5707415e-06 0.009376783 0.0028643264 2.9693214e-05 2.840861e-06 0.00013246444 1.2539305e-06 3.542931e-06 0.0004829158 1.6909022e-05 2.9740087e-05 1.0600328e-06 0.00024158505 6.503484e-06 3.1211619e-06 1.814652e-06 5.7309585e-06 6.4363967e-06 4.660436e-06 1.3532121e-05 0.00010509685 3.6467118e-06 1.8712342e-06 2.9273356e-06 3.8627973e-06 1.1449594e-06 5.728439e-06 0.00016549624 6.848963e-07 9.523269e-06 2.142797e-05 1.193216e-07 9.839007e-06 8.943911e-08 1.5004497e-07 2.3415501e-05
0.9785166 0.0009780873 0.010305638 0.0003161699 0.8848312 0.96435666 4.4093088e-17 0.00019542988 0.17938454 0.027565513 0.0047972514 0.618792 0.035056658 0.00051059487 0.5708902 0.1260384 0.0033353204 0.11962039 0.0015313587 0.017384347 0.013080419 0.0029612663 0.0012408018 0.18734041 0.00017996684 0.0027056718 0.0046350695 8.594803e-05 0.00027891254 0.0012427516 0.00014132659 0.00047014948 0.0011464279 0.07400533 0.0009961906 0.0007249282 0.00040833413 1.695139e-05 0.0006418082 0.10203905 0.00014917811 0.00016602282 0.015738951 0.2595089 0.0038039717 0.0014540168 0.00015764362 0.00012519635 0.00010537634 3.598225e-05 0.019702183 1.7982986e-05 0.014184868 8.550944e-06 2.583701e-05 1.6319864e-05 0.00013858438 0.0001384685 2.0699324e-06 1.121896e-05 3.1058673e-06 0.021444777 3.7890146e-05 1.7568126e-06 3.473187e-05 5.627051e-06 0.0051422226 0.001965444 5.4406086e-05 9.032557e-07 0.00023544113 2.4008086e-06 3.233218e-06 0.00043396527 2.7078167e-05 0.00014901545 1.6573218e-06 0.00029205682 1.3355283e-05 1.1525174e-06 4.3517625e-06 8.5867896e-07 1.3561569e-06 4.5101345e-07 2.3035348e-06 9.122973e-05 1.9137083e-06 1.1260506e-05 2.1203063e-05 2.7156746e-06 9.701273e-07 2.6092202e-05 0.000117947275 1.8759985e-07 4.419243e-06 5.6527966e-05 2.7486126e-07 3.770794e-06 5.136164e-08 1.9982372e-06 9.634502e-05
0.2436728 0.96621567 0.67408687 0.89539814 0.0017404659 0.00059212476 0.00019542988 2.6451271e-19 0.006751374 0.07003167 0.39078757 0.0024761036 0.0039094025 0.9158419 0.00012749444 0.0003408367 0.0026972115 0.00026295232 8.113385e-06 1.531093e-05 0.06661422 1.0007797e-05 0.075411715 0.00014206291 3.657678e-07 4.7889293e-06 0.013803414 5.7351624e-08 0.34817863 2.0000967e-07 4.9165504e-08 3.9079392e-08 1.2041824e-07 2.4020193e-05 1.3170617e-05 3.7237095e-07 5.9516634e-07 1.6825646e-07 5.254068e-07 0.0010702471 2.2037414e-09 0.05717743 1.0498879e-07 0.001670218 4.5125522e-05 8.399054e-10 3.6961392e-08 8.495277e-09 4.0239158e-08 1.3283805e-07 5.9657136e-06 1.3414134e-08 5.8707516e-05 4.2909917e-08 1.5864751e-09 7.028138e-09 0.0063120923 4.1864516e-09 1.6849894e-07 9.845469e-09 2.737019e-09 0.0005410675 0.012445989 1.653306e-08 2.1070678e-06 6.8509976e-08 0.00071306876 2.1054889e-06 4.3027776e-06 1.2841175e-09 2.339558e-06 1.1405678e-07 5.8241667e-08 8.826327e-06 6.6733384e-07 3.8559623e-08 1.584762e-07 6.019767e-06 1.8954007e-07 2.496496e-08 4.5752816e-07 3.6499856e-08 5.1102784e-08 1.6030374e-09 3.0012037e-09 0.00014122648 6.356325e-09 2.320103e-08 9.527678e-09 7.617939e-08 7.532315e-09 5.16335e-09 5.4751926e-08 3.627599e-10 5.2213847e-09 4.8590305e-08 3.700677e-11 1.2913213e-09 4.3658198e-12 1.09314675e-10 9.44836e-09
0.9617372 0.019553106 0.695092 0.0003336179 0.5296779 0.52922827 0.17938454 0.006751374 1.468104e-16 0.8110775 0.42209354 0.71378976 0.97007716 0.09908213 0.029581029 0.06636282 0.004240726 0.13609315 4.8385296e-05 0.00017748671 0.53054756 9.048231e-05 0.09713764 0.01905647 4.997306e-06 8.6032205e-06 0.2786771 3.7129152e-07 0.13070892 9.395872e-06 5.653109e-07 4.17166e-06 1.4533874e-05 0.035646714 5.4681404e-05 1.8181312e-05 6.8668933e-06 5.2919944e-07 1.5670372e-05 0.0027381661 3.239964e-07 0.0023198512 0.00013283078 0.55544376 0.00043282862 2.1571977e-06 1.911379e-06 5.689131e-08 8.609782e-07 3.5658303e-07 0.007927731 4.1108873e-08 0.011621112 1.4545687e-07 2.7180738e-08 2.7909715e-08 0.0033848907 4.2066821e-07 4.397436e-08 7.227296e-08 2.7660162e-08 0.17830792 0.00015609211 3.3586144e-08 1.8426265e-07 1.8352859e-08 0.15488854 0.0027058886 1.1705441e-06 1.2245549e-08 1.8253917e-05 2.8039858e-08 5.2308843e-07 0.0011049911 1.407152e-06 2.960121e-07 3.6138943e-08 0.00011466214 1.0679973e-06 4.283828e-08 2.9496607e-07 1.4972734e-07 3.8720088e-07 7.170205e-08 2.6014321e-08 0.00031450568 5.854135e-09 1.0180061e-06 5.9005474e-06 6.158459e-07 2.6703868e-08 2.0960255e-07 3.191947e-06 3.1388e-08 9.3412275e-08 6.2199325e-07 1.0669848e-07 2.1172953e-07 1.22251045e-08 8.6445475e-08 6.758653e-08
0.7426709 0.03348717 0.7944493 0.0006598735 0.045408893 0.06733061 0.027565513 0.07003167 0.8110775 2.1314052e-17 0.91086704 0.2503236 0.9546297 0.5707889 0.0069124214 0.027975831 0.0012462481 0.05751171 1.1643731e-05 9.5086994e-05 0.75052553 3.1557418e-05 0.31098932 0.004205837 1.6338544e-06 4.7222074e-06 0.50052613 7.012502e-08 0.46773067 5.91232e-06 7.6693266e-07 3.0242427e-06 6.440394e-06 0.01870217 2.1493935e-05 4.768495e-06 1.8681725e-06 1.06799064e-07 2.735455e-06 0.00060052774 2.6638864e-07 0.003134663 2.7282867e-05 0.62661695 0.00013431712 2.5832587e-06 5.1517816e-07 1.4818788e-07 3.7466998e-07 1.3107152e-07 0.012043553 6.617672e-08 0.019074876 1.7795982e-07 5.156601e-08 4.7692943e-08 0.02368192 3.4688273e-07 3.3158344e-08 1.2800118e-07 1.843805e-08 0.32512373 0.0010678768 4.2699767e-08 3.483789e-07 2.3292769e-08 0.3857308 0.016777076 5.2120964e-07 5.8731024e-09 8.244068e-06 8.010514e-08 1.1523079e-07 0.0069117383 6.3619586e-07 3.9474017e-07 5.0932204e-08 2.3111472e-05 4.352179e-07 7.700625e-08 1.6969857e-07 1.3691748e-07 1.6044355e-07 1.9114045e-08 3.5606902e-08 0.004296379 7.2656747e-09 1.7760259e-07 1.2962396e-07 5.1810633e-07 8.3240586e-08 3.5062526e-06 1.6058453e-05 5.7092088e-08 2.6959097e-07 1.3747598e-06 4.225143e-08 8.646028e-07 3.6377379e-09 6.831253e-09 9.571942e-07
0.20577422 0.03638241 0.8274913 0.0020236417 0.014879565 0.014712385 0.0047972514 0.39078757 0.42209354 0.91086704 4.146329e-20 0.057915255 0.54056114 0.967721 0.0006759321 0.006124252 0.00041972962 0.0062496597 9.9809e-06 2.4708666e-05 0.71483207 1.4507562e-05 0.328532 0.00029179262 1.0493849e-06 1.6419472e-06 0.35130814 1.9425197e-08 0.30111006 8.362182e-07 3.6978744e-08 2.5124234e-07 1.648636e-06 0.00062556105 2.832344e-05 1.4670336e-06 8.604873e-07 1.3884582e-07 4.39928e-07 0.00029412773 1.0514906e-08 0.0023283812 9.38253e-06 0.09985679 2.643716e-05 2.5130151e-07 1.2837687e-07 1.14687495e-08 6.094322e-08 2.6856492e-08 0.0014270124 1.3578082e-08 0.0025996617 2.0824847e-07 9.953415e-09 1.3411729e-08 0.008208703 9.719937e-08 1.4536069e-08 4.535849e-08 3.990569e-08 0.0118766185 0.0007169269 2.781841e-08 2.2120818e-07 2.5792238e-08 0.032669596 0.002575686 1.0083592e-06 6.3366055e-09 8.896871e-07 4.3384187e-08 1.4478618e-07 0.0013848548 5.569766e-07 5.8763884e-08 2.2209335e-08 9.050298e-06 1.12719704e-07 2.8429437e-07 4.06342e-08 9.879428e-08 6.544913e-07 9.469902e-09 1.4978433e-07 0.00051814044 1.8332186e-08 9.530951e-09 5.2429833e-08 6.836613e-08 1.3728103e-08 5.601494e-07 2.57421e-05 2.9372574e-08 4.160553e-07 2.2332458e-06 1.9089916e-09 3.570402e-08 3.910092e-09 7.6465036e-11 1.4819587e-06
0.91886824 0.0027173888 0.011285191 0.0005235714 0.79217833 0.857397 0.618792 0.0024761036 0.71378976 0.2503236 0.057915255 3.9748435e-16 0.53774166 0.002916161 0.8098372 0.8726106 0.0024557896 0.81448436 0.00045609797 0.0030736066 0.14380585 0.0008273589 0.015609673 0.7533821 8.0851656e-05 0.0002347114 0.050808575 8.18486e-06 0.003372596 0.00017799999 2.4053203e-05 0.00011331569 0.0002389525 0.5866563 0.00019335485 0.0002868428 5.9226055e-05 1.1400133e-05 0.00010377915 0.0042982483 3.8027923e-05 0.0013708645 0.0058768997 0.7756616 0.00072521454 0.00051324704 1.20865225e-05 1.8265471e-06 2.126955e-05 3.4672748e-06 0.14505509 1.1614148e-06 0.058924638 8.081935e-07 2.3870946e-06 9.961562e-07 0.00023144306 1.4526265e-05 4.1363404e-07 1.0687492e-06 2.2082541e-07 0.17401312 1.5192053e-05 1.6858799e-07 1.402836e-06 9.652854e-08 0.048759945 0.01555524 9.392575e-06 8.561012e-08 4.4950968e-05 1.2919022e-06 8.88481e-06 0.0031511155 4.6588766e-06 1.844967e-05 3.489753e-06 0.0002685506 7.283376e-06 1.6812888e-06 2.723206e-06 3.2177593e-07 1.3384999e-06 1.2319242e-07 3.5347926e-05 0.00016595775 2.5209113e-06 3.3655517e-05 8.1870814e-05 5.3146146e-06 1.6166098e-06 3.8656034e-07 2.5549984e-05 4.452067e-07 1.2262775e-06 2.749121e-07 1.7787829e-06 3.109548e-06 2.8804674e-08 1.5085499e-06 8.233924e-08
0.8661619 0.010489239 0.3445839 8.287373e-05 0.04710585 0.08006938 0.035056658 0.0039094025 0.97007716 0.9546297 0.54056114 0.53774166 3.5711892e-17 0.13409953 0.028570984 0.12877199 0.0012348132 0.12541176 2.23001e-05 0.00016067515 0.7511365 2.145584e-05 0.20269845 0.017106963 2.2628528e-06 4.340981e-06 0.42387396 1.4746594e-07 0.27774438 3.5327957e-06 4.2348918e-07 1.7869767e-06 4.706391e-06 0.08179704 3.5938836e-05 7.390048e-06 1.6532445e-06 3.073161e-07 3.8237263e-06 0.0008980374 2.7355767e-07 0.0005744242 6.8650836e-05 0.82218134 0.00019792523 2.7655917e-06 1.0890118e-06 5.4117145e-08 7.681368e-07 3.576203e-07 0.019166086 2.515601e-08 0.035150375 1.6344893e-07 3.3917036e-08 3.989024e-08 0.010974532 6.324411e-07 1.2212583e-07 2.9933835e-07 1.1010057e-07 0.44836673 0.00012759212 9.3496226e-08 3.74103e-07 3.709622e-08 0.4852644 0.03207524 4.4802758e-07 1.6451773e-08 1.7599308e-05 3.042972e-08 9.240684e-07 0.013491845 5.633261e-07 3.8684375e-06 3.22314e-07 5.197469e-05 1.1777574e-06 1.0683498e-06 2.2874914e-07 7.852507e-06 3.2597234e-06 1.0567166e-05 6.6145667e-06 0.01519002 1.19101394e-07 1.6352292e-06 4.1945367e-07 1.5490767e-06 7.650221e-08 3.946083e-06 5.607758e-05 1.1409943e-07 2.7983117e-06 4.6967916e-06 1.9932057e-07 1.6272928e-05 9.6421076e-08 9.119497e-08 1.4227197e-06
0.23128693 0.107302 0.8296215 0.0039640106 0.0029082028 0.0018630708 0.00051059487 0.9158419 0.09908213 0.5707889 0.967721 0.002916161 0.13409953 4.4397524e-19 6.2790255e-05 0.0005608269 0.0006039214 0.00036528605 1.9568836e-06 7.1310283e-06 0.81729203 2.0982486e-06 0.69699603 5.174777e-05 2.3966692e-07 1.8695759e-07 0.51604724 3.415045e-09 0.7333146 1.14312584e-07 3.1229495e-09 3.9115857e-08 3.8761465e-07 8.5516906e-05 1.0347886e-05 5.920877e-07 1.6720762e-07 4.848227e-08 1.4989578e-07 0.0002648949 5.2046802e-09 0.004113111 9.805889e-07 0.030063273 5.491173e-06 1.9523975e-07 5.5031155e-08 3.4250252e-09 6.2410706e-08 2.4941828e-08 0.00045255592 1.1969709e-08 0.0007428703 3.907596e-08 8.036112e-09 1.9854811e-08 0.037907958 4.2163595e-08 3.0784484e-08 4.9528346e-08 1.1658359e-08 0.0073228185 0.006532489 1.4893133e-08 3.4977077e-07 5.004369e-08 0.024886714 0.001010882 4.4080986e-07 9.250903e-09 1.1727636e-07 7.617271e-08 9.156395e-08 0.0008879978 4.5452953e-07 9.406361e-08 7.940342e-08 2.7684032e-07 3.5712258e-08 1.4123556e-07 1.3724752e-08 8.880287e-08 8.0335076e-07 2.0813657e-08 9.846201e-09 0.001377403 1.3680556e-08 1.0356207e-09 3.060444e-09 1.8268551e-08 6.719728e-09 7.5085825e-07 7.4091295e-06 2.4654302e-08 1.8780948e-07 7.235161e-07 5.2342447e-10 1.689888e-07 1.1764636e-09 7.283618e-12 1.6440562e-06
0.95261467 0.0028761704 0.0016259876 0.00021547367 0.20826294 0.48576856 0.5708902 0.00012749444 0.029581029 0.0069124214 0.0006759321 0.8098372 0.028570984 6.2790255e-05 2.192807e-16 0.7951463 0.0039223633 0.6488511 0.14131793 0.7840849 0.006077167 0.14942771 0.00030866827 0.9112705 0.013168428 0.5595078 0.005445361 0.005157735 0.00023910726 0.17258099 0.0038466079 0.03746747 0.1189648 0.67101955 0.0023117526 0.081604935 0.0014896303 0.0012492676 0.0009829962 0.022309327 0.0036329646 0.0011586038 0.4358389 0.25114205 0.011607783 0.068636045 0.0002202476 0.00012626099 0.0014077856 5.6859943e-05 0.21128373 6.770617e-05 0.07715407 5.8795e-06 0.00035454964 4.5774334e-05 7.5887397e-06 0.020013642 6.158494e-07 0.0010294038 0.00020734631 0.035095904 6.164164e-07 2.587481e-07 1.4115161e-06 7.082605e-07 0.0034964292 0.020134326 1.2175812e-05 7.781165e-08 0.00019505131 1.7555917e-06 5.1178264e-05 0.0014091457 1.8840363e-05 0.00020901221 4.200613e-07 0.00043400293 6.0890416e-06 3.0982817e-06 2.1387748e-07 3.4086284e-07 9.307402e-06 7.665396e-08 0.0010821361 4.2927953e-05 7.431541e-08 3.4250602e-06 0.00020058361 2.5541013e-07 2.0722601e-07 5.9799453e-07 0.0001279045 3.8325574e-08 8.130092e-06 1.1949932e-06 1.4085315e-07 8.842279e-07 2.6415352e-09 1.265422e-06 3.123029e-06
0.61891943 0.0012712403 0.0031710314 0.0002960905 0.11005795 0.1946129 0.1260384 0.0003408367 0.06636282 0.027975831 0.006124252 0.8726106 0.12877199 0.0005608269 0.7951463 3.5482908e-19 0.00047336402 0.97996634 0.0065326416 0.027597766 0.008646639 0.004519866 0.0014640254 0.7726023 0.0007080438 0.014051916 0.0075596487 5.3103413e-05 0.00025455194 0.0018496136 0.00022871218 0.00065257424 0.0023743974 0.38093555 0.0021982256 0.0009769173 0.00030738485 9.9151024e-05 0.00027374257 0.0015454948 0.00014940607 0.0006484166 0.016178578 0.41211984 0.002789595 0.0010325909 1.3742493e-05 1.329444e-05 8.077543e-05 2.3259563e-06 0.1320491 6.042042e-06 0.051422253 3.1403572e-06 6.58849e-06 4.7148956e-06 1.1373278e-05 0.00020326319 9.501243e-08 3.6624777e-05 1.6853077e-05 0.04403732 5.2394023e-07 4.7468538e-07 3.4828308e-06 1.9983239e-07 0.008349904 0.0124506075 2.6612333e-05 5.8804137e-08 0.00013143923 1.0336952e-06 3.9080493e-05 0.0018476815 8.018196e-06 6.149538e-05 3.143969e-07 0.0006631448 2.072684e-06 1.5220442e-06 4.0549694e-06 2.2546425e-07 2.1140077e-06 7.690511e-08 0.0001614011 5.644465e-06 3.409942e-07 8.017844e-06 3.0183026e-05 2.4237636e-06 8.067861e-08 2.5975982e-07 3.2816715e-05 1.9750877e-07 8.9715434e-07 7.072569e-07 5.6393272e-08 8.075374e-08 5.074745e-09 2.0406115e-07 1.076098e-07
0.998885 0.03298845 0.008371863 0.36177924 0.014630986 0.0043498203 0.0033353204 0.0026972115 0.004240726 0.0012462481 0.00041972962 0.0024557896 0.0012348132 0.0006039214 0.0039223633 0.00047336402 1.4469222e-14 0.00025616214 0.0024196838 0.001790848 0.0010786654 0.00080666353 0.0003196641 0.0005999951 0.0003014168 0.00023603399 0.00042439744 0.00023936668 0.0012142244 7.7564386e-05 4.8028724e-05 4.4204968e-05 4.069309e-05 0.0010431522 6.488069e-05 4.366976e-05 0.00053602684 0.0006278897 0.00044036054 0.101346865 9.307472e-06 0.9961583 0.00018676916 0.0010214761 0.00021886357 5.979948e-06 0.00020743137 2.259988e-05 1.1407582e-05 5.4875687e-05 0.0003139279 9.133423e-06 0.00030996682 1.6196784e-05 1.5706562e-05 2.5752732e-05 7.41165e-05 1.5454254e-05 1.0042484e-05 2.5321829e-06 3.4612187e-06 0.00042427707 0.00041111346 8.912027e-06 3.1095464e-05 1.0730002e-05 0.0002054222 3.1791948e-05 7.487825e-05 2.6132932e-06 7.821848e-06 8.424212e-06 4.4922617e-06 1.8294872e-05 6.013315e-05 1.1045826e-05 1.0124438e-06 1.00344124e-07 1.2710243e-06 1.5997099e-05 1.9642258e-08 2.0609878e-06 1.605575e-06 1.301288e-07 0.00013178703 0.00012671828 2.2127973e-07 5.149119e-09 1.1481505e-09 1.1622442e-07 1.1572246e-06 1.9395081e-06 1.2219924e-05 5.838259e-08 6.5319027e-06 2.2643812e-06 2.1229837e-08 2.9521962e-07 6.7423265e-08 1.086766e-11 2.998099e-06
0.8390666 0.0015113917 0.0074809124 0.0001771441 0.06683266 0.16198342 0.11962039 0.00026295232 0.13609315 0.05751171 0.0062496597 0.81448436 0.12541176 0.00036528605 0.6488511 0.97996634 0.00025616214 1.160413e-17 0.0020054153 0.007887735 0.008301415 0.00069874286 0.0014166305 0.71902406 0.00022653665 0.0012021579 0.005422386 1.4634711e-05 0.00042523368 0.00014976441 5.661704e-05 6.31121e-05 0.00016661556 0.555775 0.0005553971 0.00015834847 1.6750368e-05 2.0247815e-05 3.7078167e-05 0.0012934298 1.1978746e-05 0.00038338298 0.0062166685 0.7955084 0.0017836016 0.00013426217 2.087627e-05 3.970779e-06 2.6913654e-05 3.0971623e-06 0.25157428 3.6833098e-06 0.18703929 4.3844884e-06 3.429129e-06 4.629371e-06 6.083977e-05 3.1708045e-05 5.7349854e-07 1.3566311e-05 1.8604927e-05 0.32887635 2.9639812e-06 7.879636e-07 7.9213205e-06 2.943307e-07 0.14982037 0.0984858 2.058975e-05 4.854003e-07 4.9052196e-05 2.2383495e-07 5.7084337e-05 0.018507885 4.3079062e-06 9.67567e-05 1.4357008e-06 0.00026035024 1.919316e-06 6.4366914e-06 2.5387212e-06 2.3380614e-06 3.8559438e-06 5.5891826e-07 0.004001232 0.0005222282 1.2101002e-06 6.543069e-06 3.6472056e-06 3.1971103e-06 1.5682406e-07 6.3621505e-06 0.00024111482 4.301229e-07 2.9619003e-05 7.14835e-06 1.3890383e-07 1.087116e-06 5.960532e-08 3.1025147e-07 5.1464217e-06
0.998024 4.0835417e-05 1.415592e-05 4.3690965e-05 0.0011866236 0.00066718366 0.0015313587 8.113385e-06 4.8385296e-05 1.1643731e-05 9.9809e-06 0.00045609797 2.23001e-05 1.9568836e-06 0.14131793 0.0065326416 0.0024196838 0.0020054153 6.664127e-17 0.81122607 8.399156e-05 0.9446154 1.3278778e-05 0.10997491 0.7844062 0.41187444 9.587436e-05 0.47433555 3.18577e-06 0.18828982 0.18104394 0.24412632 0.06597681 0.025347207 0.010352039 0.12859064 0.011457209 0.009468883 0.013515322 0.17564419 0.07220721 0.00011813741 0.091295876 0.00090944854 0.025359944 0.039624374 0.043471742 0.14176323 0.039620586 0.0019202938 0.006734744 0.036448732 0.0010518102 0.00245761 0.038559847 0.027793901 6.1617516e-06 0.05510114 0.00034843874 0.0071785017 0.018519657 0.0008995687 6.76298e-06 0.000245142 9.26381e-05 0.0010146546 1.4528663e-05 0.0008403695 0.000119777156 0.00015153948 0.0009778785 6.4137705e-05 0.0023247213 0.00017998177 8.739338e-05 9.584521e-05 7.12993e-05 0.0025178206 3.0143907e-05 0.00028943986 1.9452702e-05 8.82278e-05 1.20447185e-05 2.5718271e-05 9.839247e-05 2.740411e-06 3.3321172e-05 0.0001301614 0.00066194835 1.3236914e-05 1.3669556e-05 8.858642e-06 9.628982e-05 8.685958e-06 5.7061065e-06 4.792507e-06 1.3552034e-05 8.821753e-05 2.1681165e-06 6.978708e-05 9.025337e-06
0.9666717 0.00022980144 7.4480624e-05 6.288158e-05 0.015000479 0.005210211 0.017384347 1.531093e-05 0.00017748671 9.5086994e-05 2.4708666e-05 0.0030736066 0.00016067515 7.1310283e-06 0.7840849 0.027597766 0.001790848 0.007887735 0.81122607 2.9002777e-14 0.00020313819 0.81705725 1.4834387e-05 0.32397288 0.13981955 0.95460254 7.1695664e-05 0.10990424 3.1630198e-06 0.36796382 0.07564722 0.3171385 0.18768938 0.10520887 0.0074170595 0.26177916 0.0028556052 0.0022633462 0.0029230244 0.01376856 0.0486047 0.00046368493 0.43852687 0.002582717 0.008983218 0.16905177 0.0028691231 0.013051397 0.03196092 0.0005658468 0.03531723 0.003566798 0.0066927294 0.00025130357 0.018132154 0.003476463 7.8134264e-07 0.1210746 4.7628157e-05 0.014784786 0.031657506 0.0037073062 1.8919723e-06 2.3772041e-05 2.8515407e-05 4.3390373e-05 0.00028983073 0.0069725616 5.1946296e-05 1.2706736e-05 0.00027439732 6.101132e-06 0.015870726 0.0002127652 4.03532e-05 0.0013140151 5.207379e-06 0.0009105064 2.5830384e-05 3.2794534e-05 1.3236221e-05 6.4129454e-05 8.6107764e-05 3.562265e-05 0.011953751 7.2491166e-06 1.3191592e-06 2.9745337e-05 0.00032811036 7.0193537e-06 1.7778248e-06 7.832082e-06 9.612095e-06 2.8812326e-07 4.6568243e-06 1.4069828e-06 1.0227325e-06 9.158185e-06 1.6519671e-07 1.3733393e-06 1.0713228e-06
0.4118035 0.030610211 0.66883475 0.0005690163 0.016014598 0.022463357 0.013080419 0.06661422 0.53054756 0.75052553 0.71483207 0.14380585 0.7511365 0.81729203 0.006077167 0.008646639 0.0010786654 0.008301415 8.399156e-05 0.00020313819 1.7387664e-17 8.1430946e-05 0.95535636 0.00044545368 5.4246375e-06 9.177464e-06 0.9612521 2.1101593e-07 0.6405806 5.9208746e-06 7.9204483e-07 1.6841806e-06 1.1939868e-05 0.00059654383 0.00015449798 4.7297794e-06 6.2804893e-06 2.1709243e-06 3.6888891e-06 0.0004108589 3.6636268e-07 0.008194284 1.0957787e-05 0.46869618 0.00014651028 1.0736835e-06 6.473785e-07 6.266812e-08 8.0989173e-07 4.0174223e-07 0.001865287 2.0491258e-07 0.0039364104 6.3725184e-07 5.3998054e-08 3.1824706e-07 0.035515346 7.200754e-08 1.3738325e-07 1.2409927e-08 1.5441339e-08 0.07410306 0.0027110134 3.9428153e-07 1.1779755e-06 3.9630706e-07 0.23105086 0.005982921 1.6598568e-05 3.2296077e-07 2.3712064e-05 2.0343644e-07 1.5169157e-08 0.0036289685 2.933355e-06 7.4653785e-09 1.373338e-06 4.1046333e-05 1.8643656e-06 4.986611e-07 2.578324e-06 1.4383136e-07 8.606658e-08 1.8274198e-08 1.7474193e-07 0.010166175 5.6004165e-08 1.1952166e-06 1.1531748e-06 4.0802243e-07 6.4633406e-07 1.9977864e-07 5.754248e-05 2.7235642e-06 5.1978355e-07 1.6102405e-05 4.4748995e-07 3.6790146e-07 2.7700974e-08 3.1728609e-09 1.223166e-06
0.94473153 0.00022799331 6.550146e-05 0.000101198246 0.002959809 0.0010544729 0.0029612663 1.0007797e-05 9.048231e-05 3.1557418e-05 1.4507562e-05 0.0008273589 2.145584e-05 2.0982486e-06 0.14942771 0.004519866 0.00080666353 0.00069874286 0.9446154 0.81705725 8.1430946e-05 4.1987357e-16 6.134206e-06 0.06575979 0.95178115 0.55382276 1.18342e-05 0.4300078 8.430397e-07 0.29175496 0.3386686 0.41900823 0.12945457 0.013919406 0.025390217 0.2313492 0.014359557 0.011808826 0.013460699 0.025171416 0.14714402 0.00012257186 0.17474553 0.00051133137 0.022627933 0.10244775 0.015618989 0.12549348 0.10333037 0.0022706233 0.0059514763 0.02796792 0.00074409595 0.002134767 0.05223382 0.027057419 5.668408e-07 0.10753335 0.000306143 0.014159816 0.036165792 0.00042084086 1.1937277e-06 0.00012463598 0.00019864323 0.00029355916 1.4651523e-05 0.00073774223 0.00018606089 8.33067e-05 0.0013091038 6.007067e-05 0.007927893 7.8158344e-05 0.00013019082 0.0003918146 2.5466106e-05 0.002571284 8.819609e-05 0.0001078219 2.813515e-05 4.3100983e-05 4.2258347e-05 3.652101e-05 0.0009523238 7.111659e-06 3.484474e-05 9.520959e-05 0.00066805177 2.9357438e-05 1.876949e-05 1.0145785e-05 7.779652e-06 5.4200145e-06 2.4037254e-06 1.5585186e-06 6.708769e-06 1.5729289e-05 1.3076494e-06 3.0745185e-05 7.4837124e-07
0.04146838 0.020356694 0.32708013 0.00050437875 0.003254057 0.0029417498 0.0012408018 0.075411715 0.09713764 0.31098932 0.328532 0.015609673 0.20269845 0.69699603 0.00030866827 0.0014640254 0.0003196641 0.0014166305 1.3278778e-05 1.4834387e-05 0.95535636 6.134206e-06 4.0091174e-18 0.00015489409 7.879816e-07 3.2780601e-06 0.97403425 2.1155394e-07 0.9012627 2.1018395e-06 3.631987e-07 1.133319e-06 2.0464552e-06 0.00016818613 3.0035377e-05 4.874166e-06 6.716166e-07 2.0122305e-07 4.1181562e-07 0.00012728744 6.2724204e-08 0.0067111594 5.342106e-06 0.03496077 6.658355e-05 1.0030107e-07 1.3829975e-07 5.6093324e-08 8.5401575e-07 5.1865776e-08 0.00047572824 2.916995e-07 0.0010190854 6.1334725e-07 6.898518e-08 2.6218567e-07 0.090939306 1.0777558e-07 3.103007e-08 3.667194e-08 5.6667464e-08 0.009003675 0.023751628 4.42886e-07 2.4679784e-06 9.5099773e-07 0.030507185 0.0016661555 2.7397957e-05 1.4485413e-07 1.6637181e-06 8.1597057e-07 2.0460871e-07 0.0022695444 2.460897e-06 1.246024e-07 3.4552525e-06 6.293434e-06 5.525732e-07 1.1507611e-06 9.858915e-07 7.971085e-08 2.6960922e-07 1.3526359e-08 2.0634057e-07 0.002861768 2.566109e-07 9.033974e-08 8.7949935e-08 5.6893947e-07 5.979777e-08 8.188131e-08 0.00010681898 3.790579e-07 1.4992038e-07 9.79253e-06 1.4652667e-09 7.3853066e-08 7.3293256e-09 2.5401495e-10 1.2734437e-06
0.94456774 0.00059917994 0.0019748611 1.33118465e-05 0.07706961 0.15359582 0.18734041 0.00014206291 0.01905647 0.004205837 0.00029179262 0.7533821 0.017106963 5.174777e-05 0.9112705 0.7726023 0.0005999951 0.71902406 0.10997491 0.32397288 0.00044545368 0.06575979 0.00015489409 9.4036625e-17 0.021672487 0.32025993 0.0009543017 0.0019965477 7.256244e-05 0.039011277 0.0031096109 0.019698953 0.039961074 0.9629319 0.0024286297 0.045615204 0.0014673023 0.002050336 0.0010644918 0.0047170636 0.00132446 0.0006461693 0.5224889 0.53738713 0.007853833 0.04560496 0.000168818 3.263526e-05 0.0004983447 3.2226053e-05 0.3122622 4.893912e-05 0.18371782 2.191943e-05 4.5158587e-05 1.5355354e-05 4.3558316e-06 0.014202736 2.3496074e-07 0.00077624846 0.00018105966 0.0892687 7.6686905e-07 4.1290141e-07 5.0612925e-06 1.0415845e-07 0.011100682 0.07040691 3.624551e-05 1.02493765e-07 9.418862e-05 2.2526159e-07 0.0009789729 0.006912761 6.6731504e-06 0.0018975604 1.6422917e-06 0.00024288103 1.524082e-06 2.288662e-06 6.564432e-06 6.473856e-06 3.3636843e-05 1.7204618e-06 0.056838773 3.18949e-05 6.741387e-08 1.2745803e-05 3.4181634e-05 8.0507874e-07 1.5475512e-08 8.054324e-06 0.00034224332 6.119494e-08 0.0002046213 3.8361045e-06 6.062139e-08 2.7121832e-06 4.733775e-09 3.4647937e-07 8.823566e-06
0.9641279 2.084134e-05 3.7698267e-06 2.8795228e-06 0.00017579255 0.00019014324 0.00017996684 3.657678e-07 4.997306e-06 1.6338544e-06 1.0493849e-06 8.0851656e-05 2.2628528e-06 2.3966692e-07 0.013168428 0.0007080438 0.0003014168 0.00022653665 0.7844062 0.13981955 5.4246375e-06 0.95178115 7.879816e-07 0.021672487 2.2041633e-15 0.1498275 3.3071149e-06 0.9133305 4.6671946e-07 0.17900981 0.6493948 0.29373175 0.07905231 0.0031006942 0.05757713 0.22098142 0.047134336 0.0313896 0.037864808 0.04709575 0.2363827 1.2296391e-05 0.13558713 9.4407864e-05 0.044307467 0.091960914 0.069093324 0.41037306 0.21476805 0.004666612 0.001781423 0.08971151 0.00014796005 0.008474575 0.12669107 0.06525269 3.802578e-07 0.21970764 0.0010798908 0.04398864 0.0746539 0.00013919976 1.0379064e-06 0.000755269 0.00039310416 0.001735593 8.23062e-06 9.482356e-05 0.00038212296 0.0002608587 0.0035589885 0.00017649034 0.059825014 5.2685034e-05 0.00030886705 0.0012059524 0.0001291805 0.003860043 0.00021212881 0.00018230543 0.00010105908 0.00011556519 0.00031976934 0.00022034193 0.00050177623 2.9308665e-06 0.0001292553 0.00023648233 0.0035458042 0.00010421783 5.50641e-05 3.117323e-05 3.7482457e-06 2.3574588e-05 1.2788339e-06 6.849956e-07 1.13486285e-05 4.774321e-05 8.6550125e-07 0.00016778242 1.3439707e-06
0.7683053 1.705146e-05 4.8505394e-06 8.093223e-06 0.004756212 0.0014093969 0.0027056718 4.7889293e-06 8.6032205e-06 4.7222074e-06 1.6419472e-06 0.0002347114 4.340981e-06 1.8695759e-07 0.5595078 0.014051916 0.00023603399 0.0012021579 0.41187444 0.95460254 9.177464e-06 0.55382276 3.2780601e-06 0.32025993 0.1498275 7.097603e-18 5.5980807e-05 0.17120206 2.4366702e-06 0.8912466 0.17429909 0.86346483 0.73793757 0.035528198 0.0021587983 0.6546309 0.0016962038 0.0010655898 0.0015627323 0.0028245107 0.415669 0.00017126974 0.47456592 8.629948e-05 0.0014468315 0.29197714 0.00067869993 0.009522612 0.09083296 4.8301023e-05 0.014176451 0.00026282843 0.0013631512 4.858123e-06 0.009350392 0.00057087006 2.3843472e-07 0.15227935 2.6119226e-06 0.017782811 0.020358033 0.00047997863 5.045709e-07 2.2951876e-07 1.4967845e-06 2.5470852e-06 4.369417e-05 0.0012560459 2.9171913e-06 5.3245657e-07 9.622335e-05 2.2446942e-07 0.009978974 0.00012486214 7.062597e-06 0.00047461843 9.6225236e-08 0.0005568291 4.758046e-06 1.0956788e-06 5.0677284e-07 2.831365e-06 6.2946136e-05 1.8935444e-06 0.002706348 2.015341e-06 6.5228176e-07 7.901765e-06 7.578105e-05 2.5272527e-07 1.4267435e-07 1.3057839e-06 7.344012e-07 1.10972785e-07 2.1852973e-07 3.0977753e-07 9.341476e-08 1.5222314e-06 1.2272836e-08 1.2666203e-07 5.194768e-07
0.19498338 0.018271377 0.35621837 0.00012632312 0.005358306 0.007898721 0.0046350695 0.013803414 0.2786771 0.50052613 0.35130814 0.050808575 0.42387396 0.51604724 0.005445361 0.0075596487 0.00042439744 0.005422386 9.587436e-05 7.1695664e-05 0.9612521 1.18342e-05 0.97403425 0.0009543017 3.3071149e-06 5.5980807e-05 2.3899763e-17 1.3249803e-06 0.8640551 1.7111375e-05 8.6918e-06 7.991097e-06 1.9700406e-05 0.0023498992 0.00013909015 1.7931558e-05 1.8979496e-05 1.419708e-06 1.89592e-05 0.00045566866 1.0554652e-06 0.0035061897 5.035705e-05 0.33225793 0.0001397943 3.8383955e-06 1.6810932e-06 4.9663123e-07 3.8582284e-06 5.988003e-07 0.003349775 1.8094796e-06 0.0073306235 4.3761547e-06 1.0317432e-06 3.4159555e-06 0.18982357 1.295028e-06 1.6611024e-06 2.1282342e-06 9.650125e-07 0.15691197 0.04963864 6.864098e-06 1.5867463e-05 1.0695095e-05 0.4226496 0.019044537 5.238023e-05 6.041103e-06 5.070757e-06 2.3280845e-06 2.542838e-06 0.01936796 4.3082428e-06 4.329132e-06 5.9047394e-05 1.1332341e-05 1.5422473e-06 1.3427311e-05 3.4127726e-05 2.5915992e-06 4.7058616e-06 5.06087e-07 4.2856533e-05 0.09025329 4.1325575e-06 9.769075e-07 1.7631275e-07 7.5040984e-06 1.6803118e-07 2.2620848e-06 0.001520972 8.755861e-06 5.2392998e-06 0.0001261606 1.8163391e-07 3.364693e-06 1.2617582e-07 1.7178321e-08 1.8610712e-05
0.90291184 2.0930881e-06 4.967189e-07 4.6326187e-07 0.000128745 7.0280585e-05 8.594803e-05 5.7351624e-08 3.7129152e-07 7.012502e-08 1.9425197e-08 8.18486e-06 1.4746594e-07 3.415045e-09 0.005157735 5.3103413e-05 0.00023936668 1.4634711e-05 0.47433555 0.10990424 2.1101593e-07 0.4300078 2.1155394e-07 0.0019965477 0.9133305 0.17120206 1.3249803e-06 2.1704203e-16 1.03172e-07 0.30832863 0.96292824 0.55974466 0.1684877 0.0015082372 0.020159554 0.33423695 0.031307057 0.03652594 0.02369083 0.0043927967 0.65239 1.2829553e-06 0.17706631 5.1662046e-06 0.016585952 0.16386022 0.029951673 0.56152564 0.43995714 0.0024631443 0.0011879258 0.10687884 7.607199e-05 0.0024268504 0.30471855 0.12972078 1.02732926e-07 0.4088828 0.00028253932 0.10582802 0.22070448 4.6404453e-05 5.4440284e-07 9.950017e-05 0.00016317102 0.0003992882 1.3109609e-06 4.6482895e-05 0.00024552568 6.9849935e-05 0.0009497244 2.3955954e-05 0.13898075 7.89817e-06 0.00016150506 0.0046414523 1.9666111e-05 0.001710923 6.4442735e-05 0.00034213057 4.7025438e-05 0.00046503672 0.0013829205 0.00047974617 0.0010173583 9.610289e-08 4.8735314e-05 0.00011758687 0.0006708632 1.1137547e-05 4.014835e-06 8.178996e-05 3.1205263e-07 9.695673e-06 9.0426624e-08 2.4190444e-07 8.596966e-07 5.0772247e-05 2.0344652e-07 1.1771382e-05 3.76041e-07
0.22813073 0.13149792 0.5700236 0.0018254675 0.0011438446 0.0007725006 0.00027891254 0.34817863 0.13070892 0.46773067 0.30111006 0.003372596 0.27774438 0.7333146 0.00023910726 0.00025455194 0.0012142244 0.00042523368 3.18577e-06 3.1630198e-06 0.6405806 8.430397e-07 0.9012627 7.256244e-05 4.6671946e-07 2.4366702e-06 0.8640551 1.03172e-07 3.916041e-16 1.8997885e-06 2.472038e-07 6.3658007e-07 2.6625114e-06 9.2504626e-05 2.8211456e-05 4.0082477e-06 5.2510325e-07 2.2672715e-07 1.2116489e-06 0.00044875543 7.273818e-08 0.08732142 2.5651045e-06 0.052871488 2.5046866e-05 9.57483e-08 1.3219113e-07 2.9117436e-08 7.079877e-07 1.7025086e-07 0.00045252917 1.8557115e-07 0.0012423949 1.1802255e-06 8.566418e-08 4.095538e-07 0.94279546 2.2405557e-07 4.468639e-07 2.9068062e-07 1.7051069e-07 0.052587416 0.7613202 1.7778825e-06 9.703018e-06 3.0723272e-06 0.402791 0.0044779205 1.2517301e-05 5.534302e-07 1.9973472e-06 1.3120027e-06 8.133443e-06 0.014019376 1.2483928e-06 4.813882e-07 1.2248078e-05 2.227146e-06 1.4011722e-07 6.1492533e-06 1.128171e-06 2.2113952e-06 4.4912405e-05 5.9062984e-07 9.029866e-06 0.31871217 1.1842268e-06 2.3978592e-08 3.667187e-08 3.379842e-07 4.620161e-08 7.056231e-07 0.0008994735 1.1811882e-06 2.8083641e-06 0.00016621625 2.7782619e-08 1.2661989e-05 2.0962384e-08 1.037879e-09 6.2406066e-06
0.48577753 7.795434e-06 1.052888e-05 1.3072106e-06 0.0013459908 0.0005301676 0.0012427516 2.0000967e-07 9.395872e-06 5.91232e-06 8.362182e-07 0.00017799999 3.5327957e-06 1.14312584e-07 0.17258099 0.0018496136 7.7564386e-05 0.00014976441 0.18828982 0.36796382 5.9208746e-06 0.29175496 2.1018395e-06 0.039011277 0.17900981 0.8912466 1.7111375e-05 0.30832863 1.8997885e-06 3.7041257e-17 0.35748547 0.9602628 0.94998693 0.005525919 0.0032469518 0.8352403 0.0047966065 0.0040884167 0.0034908436 0.0013937637 0.44791076 1.551301e-05 0.41553223 3.9021426e-05 0.0041841753 0.29990283 0.0021801249 0.013728786 0.25897804 0.00039582685 0.0046577486 0.0010658215 0.00057267275 8.491252e-05 0.0133111365 0.0017702513 5.550036e-07 0.20413703 1.5262995e-05 0.023628753 0.0408071 0.00014262368 1.0590066e-07 7.3726537e-06 2.8464465e-05 6.2117488e-06 1.3779923e-05 0.000760106 5.5715358e-05 7.1376207e-06 0.00013710572 4.6353166e-06 0.034012076 6.341902e-05 3.1117837e-05 0.0012428707 3.096675e-06 0.0003073945 1.1977822e-05 8.694502e-06 7.168127e-06 1.5248373e-05 0.0003512674 1.3208693e-05 0.0045212954 8.6067445e-07 7.218762e-06 8.514927e-06 1.7827e-05 3.1764628e-06 1.7750538e-07 6.140941e-05 6.1747046e-06 3.9654373e-07 7.465521e-07 1.4792872e-06 1.486316e-07 2.5779455e-06 7.9386766e-08 3.676775e-08 7.9869515e-06
