1.7304421e-32 0.6289873 0.7039269 0.7616328 0.6850789 0.78538287 0.49025568 0.8597051 0.7955519 0.43422887 0.43295595 0.6116417 0.3813326 0.5646164 0.82955116 0.9526936 0.9137005 0.9552317 0.88435364 0.76996243 0.24285884 0.9356486 0.98130286 0.8254804 0.93421215 0.85393494 0.5922395 0.80835426 0.98951477 0.15561578 0.31109917 0.763527 0.8461969 0.3348406 0.9889267 0.20098104 0.9648437 0.97627413 0.031709537 0.10172291 0.11529957 0.45199716 0.37954706 0.69686866 0.118884034 0.8336335 0.5734017 0.14767472 0.8597875 0.010730982 0.13856593 0.0067969677 0.00765005 0.013773657 0.9529498 0.8662068 0.37955225 0.0018173661 0.40913853 0.53276443 0.4009616 0.21554944 0.009677047 0.045398273 0.0008855187 0.0029505515 0.30960745 0.9825274 0.030063342 0.9694304 0.007805362 0.0038544405 0.71584696 0.026248744 0.008385954 0.0018014844 0.014636282 0.0021528287 0.00031758478 0.99482477 0.012617089 0.9854752 0.98619765 5.020931e-05 0.00095693633 0.001724748 0.0042234436 0.000521912 8.38049e-05 0.00026524474 0.00033411558 0.99985445 0.00020291183 0.00021693824 0.00017159313 0.00016457535 4.8390422e-05 5.0332666e-05 8.434397e-06 0.00080641086 3.102327e-06
0.6289873 3.775843e-17 0.711089 0.41504684 0.13188942 0.22147934 0.6863563 0.03752734 0.25107324 0.8301157 0.051859975 0.012206949 0.011081945 0.07712209 0.006511627 0.20221613 0.0073854346 0.08807537 0.00281831 0.002656536 0.09959399 0.38386202 0.024180656 0.00048728622 0.22061005 0.0002544405 0.0016270671 0.00019744296 0.007838385 0.053880308 0.0046595433 4.6061075e-05 4.6531415e-05 0.00075844314 0.096665956 0.0015591263 0.0010222206 0.00078429386 0.015650889 0.006585589 0.00043933914 3.5610763e-05 6.8967033e-06 1.4796435e-05 0.0013188567 0.0041335667 6.388117e-06 5.056032e-05 1.2515595e-05 0.0034754022 0.00020259182 0.016275646 0.001607002 0.023216551 3.0818133e-05 8.905296e-06 2.6444054e-06 0.008260376 1.7013668e-06 6.7234423e-06 1.295757e-06 3.6749574e-07 0.0026018233 4.104772e-06 0.0046195667 0.010674277 5.8142086e-07 0.0013179445 6.0245085e-05 0.0010702864 0.010094057 0.0027586708 0.01816783 5.542919e-06 0.00031241283 5.489286e-05 3.3327527e-05 0.00013799735 0.0010022345 0.005999067 2.1495605e-06 0.015813125 0.0011853478 0.0006254567 8.808134e-05 5.8197593e-06 2.3309792e-06 0.0003126733 0.00017121634 2.5606283e-05 0.0011227801 0.00179577 0.00013963267 2.7577868e-05 3.9698723e-05 5.211933e-05 1.4458061e-05 1.4965083e-05 0.00046212412 0.0011028154 0.000101266014
0.7039269 0.711089 2.0333713e-20 0.38258407 0.6801675 0.25242695 0.36484924 0.21475647 0.050282 0.5374698 0.59198695 0.25639135 0.18951699 0.511484 0.05646446 0.04982712 0.03964616 0.016756954 0.029035367 0.06175133 0.006695887 0.28995275 0.06775305 0.0060733953 0.17704798 0.0027585628 0.01981597 0.0019356556 0.022924721 0.15142642 0.06100174 0.00015195916 0.00022116171 0.011464799 0.09975887 0.018766116 0.003768366 0.0022338897 0.058120463 0.0014958342 0.004685672 0.00016243663 1.0471621e-05 7.0997394e-06 0.012681883 0.001261816 2.496434e-06 0.0011048618 2.7540993e-05 0.017278565 0.0031945612 0.01848555 0.006504574 0.034264047 2.550098e-05 8.480906e-06 3.805232e-06 0.03621335 1.3872558e-06 3.5560652e-06 8.353622e-07 3.1690297e-07 0.002989723 1.939532e-06 0.014806043 0.008302622 1.0439618e-06 0.0019223697 0.00046315437 0.0018335177 0.0065568713 0.0024457956 0.006018869 1.0748863e-06 0.0005350539 0.00022050398 4.5849654e-05 0.0002189951 0.0023802014 0.0034873616 8.346888e-08 0.01066062 0.0028432002 6.584392e-05 9.132103e-05 7.943182e-06 3.2417597e-07 0.00018237969 6.315792e-05 2.1092923e-05 0.0024509921 0.0012992235 5.0913127e-06 1.9221488e-05 2.4621633e-05 4.0226292e-05 2.9047864e-05 6.2842606e-05 0.0010897387 0.00037310252 0.00016056241
0.7616328 0.41504684 0.38258407 3.7020433e-20 0.22900629 0.8266229 0.20995814 0.19881563 0.1084175 0.10335889 0.06540748 0.0429972 0.020642105 0.026562212 0.047585584 0.068461046 0.078472786 0.031432077 0.04704371 0.028161913 0.033705954 0.6203865 0.09574974 0.015264605 0.41041422 0.012379338 0.0049824403 0.0066557047 0.055178758 0.009750154 0.0037905215 0.001311528 0.0010681308 0.004171042 0.35059643 0.0042890944 0.0069044 0.0043803155 0.003622936 0.0053645927 0.001895608 0.00024220075 5.566692e-05 6.888516e-05 0.0008528605 0.0044067544 4.148453e-05 0.00044091 4.9377315e-05 0.0004474629 0.00045395622 0.004405723 0.00019701618 0.0032799493 0.00028552377 4.0914587e-05 7.02633e-05 0.001668727 2.9055675e-05 3.30496e-05 3.107793e-06 6.0383095e-06 0.002692463 2.370666e-05 0.0007735814 0.0013416565 4.6082364e-06 0.005782204 6.246898e-05 0.0058592684 0.0090320585 0.004732765 0.079446025 4.3625474e-05 0.000116090116 3.105632e-05 3.0386645e-05 4.525818e-05 0.00010640497 0.050273605 2.5467743e-06 0.054694947 0.0054781344 7.7286604e-05 2.9046258e-05 1.67288e-05 9.66837e-06 0.0002613181 7.5114775e-05 1.5536625e-05 0.0012835073 0.00879614 5.3622625e-06 8.945938e-05 3.1651158e-05 2.914487e-05 3.829922e-05 2.6006448e-05 0.0010787615 0.0008424683 6.5456436e-05
0.6850789 0.13188942 0.6801675 0.22900629 1.7453435e-19 0.13875994 0.02912991 0.8718486 0.00801269 0.074285775 0.59842783 0.749844 0.5142013 0.3165616 0.34736797 0.011315857 0.14364834 0.00292332 0.16800897 0.37759227 0.0006500245 0.065451406 0.116280116 0.08306304 0.06728864 0.020775532 0.1741284 0.017116264 0.07097961 0.061576463 0.104988806 0.0029648237 0.00349801 0.031232899 0.08992467 0.04159128 0.013386833 0.008895961 0.03507708 0.00020739813 0.010523687 0.002632288 0.0004108481 0.00011130811 0.032537915 0.00015113004 2.5333267e-05 0.0049803853 0.00017693103 0.024438038 0.011280317 0.0022643437 0.013454699 0.009132553 0.00045618718 6.715436e-05 6.017227e-05 0.01665119 1.2329233e-05 2.6733134e-05 1.7297003e-05 6.513751e-06 0.00045670127 0.00015752144 0.006267354 0.0016228914 1.1917854e-05 0.0044525405 0.002403158 0.0039219726 0.00035620236 0.00046308764 0.0032866548 5.199065e-05 0.0023526056 0.0008939282 0.00034141744 0.000839456 0.0034006056 0.004835935 1.1353603e-06 0.004480073 0.0061776005 2.814092e-05 0.0003115081 5.2457268e-05 2.9169187e-06 5.9567286e-05 0.00035242955 0.00010597913 0.0008406236 0.0023430248 2.1300598e-06 0.00015548417 0.00012054906 0.00016665162 0.000103299964 0.00019729596 0.0018132154 3.2117903e-05 0.00013786541
0.78538287 0.22147934 0.25242695 0.8266229 0.13875994 3.0081544e-21 0.13624309 0.13236123 0.07009698 0.07209034 0.038554084 0.029998785 0.018286431 0.015224189 0.043626674 0.059640076 0.08037893 0.028245779 0.045721103 0.032790758 0.022819525 0.6279208 0.115757905 0.014611994 0.41206574 0.013609262 0.005014959 0.008179902 0.07185243 0.0063225483 0.0030820721 0.0014596547 0.0013264983 0.0026643302 0.37674278 0.0028161658 0.009633695 0.0058127097 0.002300239 0.003949189 0.0009685702 0.00016501966 5.247503e-05 3.066305e-05 0.0004178612 0.0025527345 2.9436444e-05 0.00018641735 2.8448101e-05 0.00020323816 0.0001690774 0.0022022177 0.000112950154 0.0017412811 0.000218826 3.9533697e-05 3.316589e-05 0.0005425252 3.091495e-05 3.262521e-05 1.7344238e-06 4.1494045e-06 0.0010850871 1.6038113e-05 0.00019038112 0.001073871 3.3120639e-06 0.0049964627 1.6107395e-05 0.004762275 0.006939883 0.002756588 0.08124162 6.5496584e-05 7.787391e-05 2.2815371e-05 1.5289757e-05 3.100657e-05 7.4526884e-05 0.07946063 3.971328e-06 0.04529438 0.004407559 3.7526504e-05 1.608049e-05 1.0009965e-05 3.8348867e-06 9.499101e-05 8.065212e-05 8.165089e-06 0.0008368474 0.008492812 1.9975853e-06 3.719224e-05 1.5851248e-05 1.4131587e-05 2.3419523e-05 2.0560907e-05 0.0004258182 0.00035326456 2.0492216e-05
0.49025568 0.6863563 0.36484924 0.20995814 0.02912991 0.13624309 2.915762e-19 0.007118584 0.6842131 0.9356536 0.016363746 0.0037379528 0.004466914 0.024344785 0.0014760336 0.37534344 0.0018803558 0.3416648 0.00074310316 0.00048196892 0.6521961 0.3474945 0.003994794 7.0003916e-05 0.20234647 7.0309274e-05 0.00036305553 9.450118e-05 0.0028431257 0.015369595 0.0009759117 1.4064068e-05 8.4606445e-06 0.00016023415 0.081078805 0.00038068622 0.0005026148 0.000326581 0.0041094786 0.039824404 0.00010407719 8.757055e-06 1.6158715e-06 1.7130535e-06 0.00023074531 0.022407558 1.4715934e-06 1.0001167e-05 1.6853437e-06 0.0005388669 6.20798e-05 0.033099506 0.00030715717 0.025453167 2.9930309e-06 9.758153e-07 1.2337684e-06 0.0016372977 4.2404847e-07 6.280319e-07 1.0618018e-07 2.3848838e-07 0.019308418 5.688692e-06 0.0010993781 0.011996733 1.7569005e-07 0.00054524874 3.6799065e-05 0.0005177164 0.08429912 0.038295925 0.027099252 7.204202e-06 9.2724375e-05 2.6656782e-05 4.853068e-05 2.3420998e-05 0.00029289446 0.0067387274 1.070372e-06 0.031450182 0.0005767645 0.0011551451 1.8400418e-05 3.3329386e-06 1.7185399e-06 0.0018564739 6.950519e-05 6.7948704e-06 0.0004183511 0.0014114988 0.0010542389 1.7436223e-05 1.7847024e-05 1.8738674e-05 5.367926e-06 7.777767e-06 0.00011001625 0.0059751854 9.297869e-05
0.8597051 0.03752734 0.21475647 0.19881563 0.8718486 0.13236123 0.007118584 1.9614593e-19 0.0040302146 0.0159138 0.14713511 0.3429575 0.21017759 0.058644738 0.8210855 0.007873804 0.57358015 0.0011052514 0.4358852 0.34065154 0.0005592673 0.068900175 0.29859558 0.16272739 0.081728436 0.074626215 0.07030275 0.05783852 0.24582732 0.01702767 0.04207264 0.008617218 0.0040216474 0.020136168 0.24514195 0.024201332 0.037313975 0.024707785 0.008492747 9.37444e-05 0.0063202847 0.0018703091 0.00036535558 0.00022961128 0.013818238 2.4862238e-05 5.9993552e-05 0.002709686 0.00031083505 0.008242033 0.0054331915 0.00047255712 0.0051541287 0.001780945 0.0014214681 0.00025356316 8.100571e-05 0.0030512328 5.443219e-05 7.741459e-05 8.848113e-06 8.774953e-06 0.00019037059 0.0001591829 0.0009612229 0.00043673848 1.5260579e-05 0.014705175 0.0012108738 0.013869947 0.00012489228 7.394804e-05 0.005507408 6.210556e-05 0.0014367084 0.0010405785 0.00029687452 0.0006991067 0.00085252913 0.015916394 2.0107966e-06 0.006757371 0.012916702 1.6096248e-05 0.00018236594 2.7427943e-05 4.620113e-06 1.1699476e-05 0.00019979628 2.3092283e-05 0.0005313903 0.006421918 8.0230035e-07 0.0002686669 5.7900004e-05 5.2891588e-05 3.0678493e-05 5.46134e-05 0.0011799481 1.1634585e-05 7.030934e-05
0.7955519 0.25107324 0.050282 0.1084175 0.00801269 0.07009698 0.6842131 0.0040302146 1.2600327e-20 0.271294 0.0070790644 0.0011894573 0.0018843878 0.003873645 0.00076302496 0.7214096 0.0011213217 0.7199001 0.00047654167 0.00037839537 0.81584054 0.4587337 0.0028083331 5.1358777e-05 0.26543653 3.1011154e-05 0.00015199104 1.6322028e-05 0.0029481887 0.004877937 0.00033388304 3.1547954e-06 2.0580376e-06 1.5849011e-05 0.16645363 9.206133e-05 6.100134e-05 2.816632e-05 0.0013905201 0.102060415 2.5424657e-05 4.427399e-07 1.8478353e-07 2.0208537e-07 4.280629e-05 0.05062486 7.001917e-08 1.557112e-06 1.0390229e-07 7.3641764e-05 2.4145502e-05 0.021118665 4.7171507e-05 0.0071064397 1.0787408e-07 7.883055e-09 1.1821911e-08 0.00067782606 5.156156e-09 6.5993784e-09 1.2661596e-08 1.392873e-09 0.021819782 4.9050743e-07 0.00034771062 0.0051001743 2.9865794e-09 8.7263055e-05 8.274591e-06 5.3004143e-05 0.14049841 0.10018602 0.17718248 1.4488549e-07 5.4953358e-05 3.535718e-06 2.8728957e-06 4.0927112e-05 1.7152302e-05 0.012795587 2.8692265e-08 0.09183285 0.00025497613 0.0017413858 3.6949255e-05 6.22487e-07 2.0578717e-07 0.0069397395 1.8810812e-05 3.1255404e-06 0.0005107953 0.0022690224 0.0027849686 9.435913e-06 5.026642e-05 1.674604e-05 1.5314616e-06 4.671298e-06 0.00017510887 0.018807877 5.612543e-06
0.43422887 0.8301157 0.5374698 0.10335889 0.074285775 0.07209034 0.9356536 0.0159138 0.271294 1.04850474e-19 0.06562272 0.008933764 0.008710633 0.088620394 0.0031366085 0.13249385 0.0031592005 0.088635124 0.0017087853 0.0012545775 0.40594515 0.13435073 0.0048221746 0.0001936926 0.06647739 0.00010502901 0.00085337594 0.00011264874 0.0018602097 0.12687783 0.0052935905 1.5442498e-05 2.043638e-05 0.0012114982 0.03136029 0.0021237852 0.0004447486 0.00026108968 0.024418266 0.015598238 0.00057104265 2.8873643e-05 5.8841674e-06 3.263758e-06 0.0009883876 0.0063783415 4.3716454e-06 7.537619e-05 3.2425403e-06 0.0026428136 0.00016947469 0.08328755 0.00091389485 0.08828717 1.5372547e-06 7.843581e-07 3.750452e-06 0.02907082 7.0659075e-07 5.8321575e-07 2.8152945e-07 2.6048494e-07 0.036595464 3.9643505e-06 0.015057035 0.03886263 1.2000014e-07 0.00039969297 6.2360225e-05 0.00014935578 0.086910844 0.017751103 0.0059424415 1.8026452e-06 0.0001786912 6.043169e-05 3.7127316e-05 6.741913e-05 0.00037834648 0.0021864816 1.3211186e-07 0.010436958 0.0010254104 0.0018952112 2.5700643e-05 9.688911e-07 3.0181184e-07 0.0010195122 3.257876e-05 2.9275284e-06 0.004787665 0.0005261118 0.0004961915 1.4442075e-05 1.2457602e-05 1.72676e-05 2.4194862e-06 6.5462145e-06 0.0007715625 0.004121736 0.00013878116
0.43295595 0.051859975 0.59198695 0.06540748 0.59842783 0.038554084 0.016363746 0.14713511 0.0070790644 0.06562272 4.2665495e-23 0.49759743 0.6984496 0.900561 0.08937538 0.008997128 0.03430585 0.0029270092 0.03483577 0.104506545 0.0022804432 0.021682214 0.039554205 0.023083175 0.019626804 0.00667607 0.14039555 0.006249648 0.018193083 0.16535631 0.27907616 0.0020305878 0.0017168472 0.026503665 0.013854797 0.04956813 0.005395894 0.0047476804 0.10180149 0.00024110239 0.0060270107 0.0011366584 0.0003586084 0.00014795414 0.062560216 0.00014381114 4.31113e-05 0.002942008 0.0001624656 0.078127965 0.0112452265 0.002724739 0.03363588 0.010684305 0.000121032535 4.37352e-05 1.7529843e-05 0.022846892 8.160193e-06 1.1234581e-05 9.0270976e-07 2.014092e-06 0.0005066115 7.516931e-05 0.0077947653 0.0021200427 3.5919315e-06 0.002604457 0.0033454683 0.0026988438 0.0007792922 7.977037e-05 0.0006151809 6.153971e-06 0.0053291637 0.0037942473 0.0010278493 0.0012122493 0.012238089 0.00096846867 4.766337e-07 0.0015568892 0.0048398455 1.6664297e-05 0.00034283186 8.100293e-05 5.650266e-06 9.404532e-06 0.00074237323 0.00018718536 0.0010184849 0.0003092809 2.7183328e-06 0.00012455731 7.068807e-05 7.1360184e-05 5.6216268e-05 0.000120178076 0.0012587631 2.88623e-05 0.0005303269
0.6116417 0.012206949 0.25639135 0.0429972 0.749844 0.029998785 0.0037379528 0.3429575 0.0011894573 0.008933764 0.49759743 7.578433e-23 0.90073466 0.40032512 0.27184817 0.0015794142 0.079659045 0.00010129491 0.083097756 0.34219134 5.9248036e-05 0.011648869 0.06730366 0.06332424 0.011855846 0.013087412 0.36930153 0.013647857 0.044467725 0.061791647 0.32613587 0.0052143717 0.0047707874 0.053605285 0.01828766 0.101024985 0.011556405 0.0094602015 0.047693543 9.202327e-06 0.010811237 0.0022774744 0.001046701 0.00022436272 0.08552784 4.6907126e-06 8.229675e-05 0.006657784 0.00023465634 0.0794315 0.017744873 0.0006613849 0.0435608 0.003282279 0.0002518737 9.521349e-05 4.233487e-05 0.011618808 1.8234081e-05 4.7618847e-05 2.435143e-05 5.4399625e-06 3.8443763e-05 0.00020986429 0.0031473762 0.0003136254 1.0759269e-05 0.0045312755 0.005884081 0.0031653785 1.373716e-05 1.7977179e-06 0.00024522803 4.079595e-05 0.008502188 0.004558247 0.0018075197 0.0027095026 0.013680018 0.0017690827 7.1793016e-07 0.00049272086 0.007259093 4.6381247e-06 0.00058725884 4.9187485e-05 3.518603e-06 1.403089e-06 0.0006494058 0.00020921524 0.00011920294 0.00056528323 1.9186045e-07 0.0002711922 0.00011867311 9.354953e-05 3.4455574e-05 0.00012387792 0.00026132935 1.402348e-06 0.0003724012
0.3813326 0.011081945 0.18951699 0.020642105 0.5142013 0.018286431 0.004466914 0.21017759 0.0018843878 0.008710633 0.6984496 0.90073466 3.5527955e-22 0.6596234 0.13639383 0.002888718 0.045456544 0.00046986216 0.04846342 0.23286177 0.00019614874 0.0086781215 0.04777832 0.041863 0.010792066 0.008227163 0.34053582 0.008571659 0.023554293 0.10231718 0.48129395 0.004622284 0.0040268744 0.097569935 0.012961205 0.143539 0.0058891615 0.005312216 0.078699045 3.3062242e-05 0.016244872 0.002850781 0.001179294 0.00032513967 0.116691045 8.188148e-06 0.00024771085 0.006918475 0.0002925988 0.11355129 0.022194216 0.0013564622 0.061419398 0.0058468347 0.00020990934 0.00010270115 9.7100106e-05 0.019679733 4.4567183e-05 6.285712e-05 3.998697e-05 1.40464535e-05 0.00020034502 0.00031295017 0.0063395654 0.00061030674 2.9193136e-05 0.005260019 0.006108212 0.0032380829 2.8640012e-05 4.441776e-06 0.00014470234 6.117227e-05 0.010641321 0.009436192 0.002241386 0.0030580815 0.022242557 0.001427258 2.0353589e-06 0.00025921207 0.010422007 5.6261338e-06 0.00087313715 9.2321745e-05 1.1904428e-05 2.701063e-06 0.0018909171 0.00030344352 0.00021750525 0.0004109947 2.2884996e-07 0.00040554994 0.00022463634 0.00017339787 6.565268e-05 0.00015976097 0.0006111968 1.384895e-06 0.00070649077
0.5646164 0.07712209 0.511484 0.026562212 0.3165616 0.015224189 0.024344785 0.058644738 0.003873645 0.088620394 0.900561 0.40032512 0.6596234 8.0871087e-22 0.0344794 0.008347308 0.012574452 0.0016203267 0.014379765 0.051619697 0.0014838291 0.009308557 0.013229313 0.006775439 0.013109153 0.0021514404 0.07380012 0.0019267683 0.0054287454 0.47391167 0.53491455 0.0005057042 0.00040193563 0.034877684 0.009983805 0.08542036 0.0016204271 0.0013155052 0.25798044 0.00016695976 0.0057113008 0.00031138037 5.854599e-05 2.2597595e-05 0.10006768 0.00019309744 1.7256325e-05 0.0013523884 3.938216e-05 0.13236494 0.005794948 0.0051034004 0.047390528 0.024301307 9.695904e-06 3.5964497e-06 5.6347412e-06 0.059454594 9.0853086e-07 1.3071133e-06 4.919405e-07 7.4522114e-07 0.0008456749 1.8881232e-05 0.02373176 0.0045548035 1.1236505e-06 0.0014168116 0.0014705257 0.0008363475 0.0008403563 7.6325094e-05 0.00045351032 1.2791426e-06 0.0041608494 0.0037883932 0.00036705285 0.0008966566 0.020812199 0.0011045248 4.5038906e-08 0.0011094216 0.0034971645 3.068522e-05 0.00019662164 3.0209894e-05 6.3787996e-07 6.163421e-06 0.0010747066 6.518906e-05 0.0028879552 0.0002540201 1.8225206e-06 5.7312023e-05 4.6250745e-05 4.981739e-05 3.752654e-05 5.863573e-05 0.0016526489 2.2489923e-05 0.00040219675
0.82955116 0.006511627 0.05646446 0.047585584 0.34736797 0.043626674 0.0014760336 0.8210855 0.00076302496 0.0031366085 0.08937538 0.27184817 0.13639383 0.0344794 2.4717906e-20 0.0014214593 0.67100185 0.00013925022 0.80901086 0.69133824 2.4833942e-05 0.017899567 0.27591836 0.6074758 0.025421374 0.24642238 0.20028244 0.22345826 0.23249756 0.01294128 0.08606305 0.09071967 0.06521576 0.07942446 0.07975991 0.070146956 0.07195191 0.061597653 0.010153918 5.5107914e-05 0.033053197 0.017432926 0.004103862 0.0009938274 0.033720877 8.207176e-06 0.000491774 0.022475941 0.0009839645 0.013399535 0.024595246 0.00030011 0.009849613 0.0005058166 0.0038000827 0.0015920924 0.00048173367 0.0011819095 0.00031444358 0.0007392639 0.000118347845 0.00015086579 2.961906e-05 0.0018255685 0.00020700195 0.00010694314 0.00015929423 0.029107496 0.0065950607 0.02781823 2.1971333e-05 1.6705873e-05 0.0005998766 0.00044383723 0.0034676138 0.001386894 0.0034455198 0.0014984079 0.0011884135 0.005509896 3.2702712e-05 0.0007694639 0.027018536 6.44204e-06 0.00041165153 0.00013454788 4.0707648e-05 9.670989e-06 0.0002932052 0.00012656937 0.0007420444 0.0032954381 5.5333305e-07 0.00025615626 0.00014898746 8.842735e-05 0.0001683609 0.00024312364 0.0013140672 3.1216173e-06 9.1147194e-05
0.9526936 0.20221613 0.04982712 0.068461046 0.011315857 0.059640076 0.37534344 0.007873804 0.7214096 0.13249385 0.008997128 0.0015794142 0.002888718 0.008347308 0.0014214593 2.910793e-20 0.0010592027 0.6285256 0.0007426168 0.0021602965 0.58469146 0.31605265 0.0017315912 0.0001416534 0.19734141 1.1437724e-05 0.00047105315 1.0116095e-05 0.0018972068 0.005450538 0.00015025813 1.1130916e-06 4.5812008e-06 2.2110231e-05 0.13271372 9.956871e-05 2.8735414e-05 1.3600366e-05 0.0008396674 0.21404831 3.7230708e-05 1.4619038e-06 1.03361685e-07 4.618531e-08 2.9268766e-05 0.15235667 2.569487e-08 3.6732808e-06 4.951314e-08 8.680935e-05 2.5055946e-05 0.02166783 5.749245e-05 0.0078118145 1.827385e-08 5.0932765e-09 2.467706e-09 0.00093343446 8.038071e-10 3.3067253e-09 3.4849323e-09 2.7833935e-10 0.04511114 7.457693e-07 0.0012730255 0.0053135385 9.0354463e-10 2.4817631e-05 7.927215e-06 2.7815193e-05 0.12862296 0.0982225 0.23990382 2.1617129e-07 1.3089527e-05 1.9484773e-06 4.661423e-06 3.1901618e-05 0.00017525956 0.101386145 5.8071517e-08 0.34457657 0.00011766337 0.0015846601 5.031337e-05 1.1571016e-05 3.0030094e-06 0.011151465 2.324159e-05 2.145535e-05 0.0006130552 0.025143353 0.001953179 2.7788026e-06 1.2076971e-05 1.20392415e-05 5.7533805e-05 8.887425e-05 0.00028303257 0.042739727 1.2680889e-05
0.9137005 0.0073854346 0.03964616 0.078472786 0.14364834 0.08037893 0.0018803558 0.57358015 0.0011213217 0.0031592005 0.03430585 0.079659045 0.045456544 0.012574452 0.67100185 0.0010592027 2.6214408e-19 0.00019452171 0.77833635 0.30347523 6.4605316e-05 0.03903277 0.7833715 0.25053245 0.049293276 0.25929913 0.05734244 0.20208696 0.486399 0.003261022 0.0114862155 0.062283248 0.025051247 0.015275425 0.23848341 0.012666623 0.13200481 0.10275335 0.0013344826 5.3415173e-05 0.005472247 0.004924508 0.0016734011 0.002052535 0.0041703614 1.783484e-05 0.0005249355 0.0029384762 0.0010811767 0.0018438274 0.0035994556 0.0002154634 0.0010515063 0.000228992 0.0023463273 0.0006376145 0.00032593196 0.00048056836 0.000291183 0.00037755043 8.38531e-05 6.4483924e-05 0.0001243884 0.0005286093 9.527416e-05 6.4864915e-05 6.149726e-05 0.03488794 0.000653596 0.029919818 0.00021938096 8.022132e-05 0.0067298845 0.00047073158 0.0006869223 0.00021164729 0.00030291933 0.00037662493 0.0003299926 0.045171402 8.122076e-05 0.0071220607 0.030383099 2.1374028e-05 0.00014142325 6.10181e-05 9.860561e-05 2.5590049e-05 0.00018561145 7.071396e-05 0.0013503386 0.015863014 1.6062916e-06 9.278152e-05 4.896596e-05 3.8606777e-05 0.00011322819 0.0001387498 0.0015899297 4.7419857e-05 0.00013682555
0.9552317 0.08807537 0.016756954 0.031432077 0.00292332 0.028245779 0.3416648 0.0011052514 0.7199001 0.088635124 0.0029270092 0.00010129491 0.00046986216 0.0016203267 0.00013925022 0.6285256 0.00019452171 9.672215e-21 4.5787958e-05 4.3007614e-05 0.7250185 0.29135743 0.0004490992 1.6622442e-05 0.16929361 1.5705402e-06 2.750855e-05 1.3397489e-06 0.0010096522 0.002425063 1.4422076e-05 9.2114675e-08 7.49992e-08 3.1641873e-06 0.1113331 1.040185e-05 9.10733e-06 2.3705315e-06 0.00039325267 0.18526551 5.39737e-06 8.628141e-08 5.979762e-09 5.6491745e-09 5.257885e-06 0.14898244 2.6895641e-09 3.1904054e-07 3.7628385e-09 9.822751e-06 3.8736803e-06 0.019634498 1.3284085e-05 0.004940596 6.6976034e-09 9.971023e-10 2.0848165e-10 0.00048895204 1.942981e-10 7.068613e-10 4.8289334e-10 3.5111827e-11 0.052106388 3.6699646e-08 0.0005131692 0.004346696 8.346286e-11 5.9886373e-05 7.9943163e-07 5.066303e-05 0.17318992 0.18770356 0.31367195 1.9803112e-08 2.4632616e-06 5.2597727e-07 3.3539686e-07 3.2872858e-06 1.7825012e-05 0.08413598 2.1067118e-08 0.38501436 0.00014068367 0.0015708773 6.1409146e-06 7.6178776e-07 5.3222e-07 0.023562275 1.1199216e-05 1.4726504e-06 0.0004082539 0.027032422 0.004298986 7.392385e-07 2.7977408e-06 1.8544565e-06 2.4072717e-06 4.86107e-06 0.00014256046 0.056893937 5.3721974e-06
0.88435364 0.00281831 0.029035367 0.04704371 0.16800897 0.045721103 0.00074310316 0.4358852 0.00047654167 0.0017087853 0.03483577 0.083097756 0.04846342 0.014379765 0.80901086 0.0007426168 0.77833635 4.5787958e-05 4.2306594e-19 0.50415945 7.1856075e-06 0.018834393 0.3729871 0.6851548 0.023009825 0.5422942 0.13529192 0.47690102 0.4189806 0.0047315033 0.028183162 0.23393144 0.08697811 0.04373407 0.11166428 0.03459227 0.21190444 0.17829879 0.0039191647 2.2754333e-05 0.021029957 0.026583556 0.012252232 0.0070465314 0.013123701 4.2736765e-06 0.0027336534 0.017501708 0.0035880138 0.003943003 0.014893227 7.358405e-05 0.003273785 0.00013626508 0.008768066 0.0025888884 0.0009361776 0.0004022474 0.0010193639 0.0016391311 0.00036907822 0.00035127797 1.9834157e-05 0.0032038167 5.9687667e-05 3.502792e-05 0.00031518185 0.06179925 0.0037905397 0.054886635 2.0127354e-05 2.4799341e-05 0.0005502169 0.0016847454 0.0016901928 0.00044079855 0.0016858536 0.0008061648 0.00115394 0.006263004 0.00016214272 0.0008444443 0.05429202 6.1198207e-06 0.00022659628 0.000134933 0.00010367766 1.8407087e-05 0.0003279752 0.00019542241 0.00095686613 0.004759624 5.487689e-07 0.000115300994 6.41582e-05 7.2532624e-05 0.00020578277 0.00021027357 0.0010842042 1.5554162e-05 7.961092e-05
0.76996243 0.002656536 0.06175133 0.028161913 0.37759227 0.032790758 0.00048196892 0.34065154 0.00037839537 0.0012545775 0.104506545 0.34219134 0.23286177 0.051619697 0.69133824 0.0021602965 0.30347523 4.3007614e-05 0.50415945 3.248415e-19 5.72335e-06 0.01287609 0.22948197 0.77327204 0.024094254 0.2551379 0.9006952 0.30572078 0.3572501 0.014023768 0.13144702 0.15873186 0.18272883 0.20731811 0.13404305 0.11903348 0.27176824 0.22838731 0.0048098746 1.042133e-05 0.07507208 0.14403206 0.043563448 0.012391587 0.06553729 7.243332e-06 0.005093945 0.058831204 0.011602956 0.01357108 0.06104233 0.00019324849 0.012385674 0.00052853 0.011835614 0.0046216776 0.0017159198 0.002258848 0.0008141522 0.0013931543 0.0008427174 0.00028644208 8.131465e-06 0.007230972 0.00021990547 9.880649e-05 0.00046839917 0.07948213 0.020923145 0.044935614 3.9525157e-06 1.4162719e-06 9.443029e-05 0.0010113163 0.010009613 0.0022109707 0.014692397 0.0048853746 0.00096082373 0.0041453806 2.3004624e-05 8.9968016e-05 0.03894618 1.3676956e-06 0.003151094 0.0006688573 3.5842753e-05 7.557575e-06 0.00038337367 0.0012879767 4.2664826e-05 0.0012202364 8.2950855e-08 0.0005603454 0.0006000263 0.0004967338 0.00028246094 0.00052073196 7.6993296e-05 6.1799064e-06 0.00014006547
0.24285884 0.09959399 0.006695887 0.033705954 0.0006500245 0.022819525 0.6521961 0.0005592673 0.81584054 0.40594515 0.0022804432 5.9248036e-05 0.00019614874 0.0014838291 2.4833942e-05 0.58469146 6.4605316e-05 0.7250185 7.1856075e-06 5.72335e-06 1.705266e-24 0.13156989 0.00017713143 1.1087878e-06 0.07270071 3.4078286e-07 2.8787952e-06 1.5028728e-07 0.00046499126 0.0050302004 4.7378406e-05 6.9343833e-09 1.046874e-08 7.0750514e-07 0.021138905 2.4074934e-05 1.7666431e-06 7.061576e-07 0.0017189252 0.33440378 1.6096976e-06 6.1304135e-09 5.5299404e-10 3.0026925e-09 4.9633745e-06 0.23601347 3.1417438e-10 3.014803e-08 2.037599e-09 3.4148463e-05 9.52281e-07 0.17570712 8.589588e-06 0.020486405 4.782099e-09 4.8707544e-10 1.0861636e-10 0.000712854 1.0915196e-10 3.873539e-10 4.924521e-11 7.764826e-12 0.34209678 3.207171e-09 0.0002972746 0.028378883 9.244485e-12 2.751167e-05 2.8231426e-07 4.8368524e-06 0.61347747 0.4285475 0.027542783 7.7319356e-10 1.9296706e-06 4.4145017e-07 5.5133906e-08 6.088464e-07 3.5580395e-06 0.0016241812 2.9441702e-10 0.030231442 1.4199458e-05 0.01341058 4.1543043e-07 1.31591475e-08 9.870476e-09 0.07974497 8.5176595e-07 5.2669986e-08 0.0005477583 0.0005860437 0.020256432 5.288649e-07 1.2821126e-06 7.8192704e-07 2.1872477e-08 9.896269e-08 0.00018153028 0.084921904 2.2361744e-06
0.9356486 0.38386202 0.28995275 0.6203865 0.065451406 0.6279208 0.3474945 0.068900175 0.4587337 0.13435073 0.021682214 0.011648869 0.0086781215 0.009308557 0.017899567 0.31605265 0.03903277 0.29135743 0.018834393 0.01287609 0.13156989 3.2025547e-21 0.07155149 0.005655644 0.7789019 0.0068733743 0.0026465403 0.0051411362 0.033463452 0.007670751 0.0016154278 0.00049137557 0.0003140351 0.0008011807 0.41225523 0.0011253712 0.0032305461 0.002265657 0.0015050272 0.06200547 0.0003366545 0.00012116997 1.50408005e-05 3.0814783e-05 0.00019979723 0.04379731 4.57641e-06 5.9082933e-05 2.6057936e-05 0.00035365374 0.00012480486 0.005720737 0.00021014328 0.0022691851 6.623901e-05 1.220476e-05 3.25224e-06 0.001374315 2.1730534e-06 6.107967e-06 2.4733964e-07 3.8550337e-07 0.0038491527 2.0156744e-05 0.0007270895 0.001876737 8.832621e-07 0.0023579863 3.1243355e-05 0.0021715518 0.01084104 0.019457443 0.19751807 4.113197e-06 2.3029515e-05 6.1682604e-06 6.236787e-06 9.399699e-06 0.00043830107 0.20146155 8.3617516e-07 0.32611915 0.005443406 0.0011132568 1.7605487e-05 1.6430005e-05 6.3604486e-05 0.0025190262 8.670857e-05 8.793996e-06 0.0037043074 0.06816257 0.0009878525 2.3392602e-05 2.9267538e-05 3.8750084e-05 4.9567876e-05 5.5720564e-05 0.0029897974 0.0063894307 0.00038613612
0.98130286 0.024180656 0.06775305 0.09574974 0.116280116 0.115757905 0.003994794 0.29859558 0.0028083331 0.0048221746 0.039554205 0.06730366 0.04777832 0.013229313 0.27591836 0.0017315912 0.7833715 0.0004490992 0.3729871 0.22948197 0.00017713143 0.07155149 1.3728078e-19 0.158317 0.075444214 0.19204435 0.05874723 0.15475342 0.7110773 0.0018568678 0.005680073 0.04455565 0.016254878 0.008776842 0.41052464 0.00661925 0.1960304 0.14953873 0.00068929716 0.00015955114 0.0024064262 0.003047683 0.0015095494 0.0024325352 0.0012610065 5.0229424e-05 0.00079046923 0.0009278767 0.0012299868 0.00043843547 0.0011582449 0.00011752599 0.00013059795 0.00019591393 0.0032319943 0.0005933319 0.000255723 0.00014084516 0.00024496764 0.00029701416 2.8734343e-05 3.7863272e-05 0.00011484456 0.00022836827 2.5744775e-05 3.833583e-05 4.5777608e-05 0.03470848 0.00013053408 0.035728388 0.00048583475 0.00014724313 0.03405008 0.00030483893 0.00019787822 4.6538382e-05 4.668027e-05 3.504299e-05 0.000101184356 0.21836989 3.2053704e-05 0.028552584 0.03362409 7.0617007e-06 2.5345493e-05 1.5021808e-05 6.655618e-05 1.7947124e-05 4.502459e-05 1.9119363e-05 0.0020653165 0.07492526 1.273309e-06 2.7086122e-05 1.3705729e-05 1.0828152e-05 3.8854847e-05 4.4805707e-05 0.0023063256 9.137322e-05 9.261222e-05
0.8254804 0.00048728622 0.0060733953 0.015264605 0.08306304 0.014611994 7.0003916e-05 0.16272739 5.1358777e-05 0.0001936926 0.023083175 0.06332424 0.041863 0.006775439 0.6074758 0.0001416534 0.25053245 1.6622442e-05 0.6851548 0.77327204 1.1087878e-06 0.005655644 0.158317 4.2309342e-19 0.006351905 0.59029794 0.45074257 0.6672535 0.26767808 0.0036364952 0.03233083 0.7200146 0.61333126 0.12985891 0.052696057 0.06732019 0.28137514 0.24363409 0.0012969753 2.1020621e-06 0.06786134 0.20040317 0.1626965 0.07245682 0.029527413 4.4073337e-07 0.08402744 0.07341846 0.035631366 0.0027415538 0.05291508 1.9570469e-05 0.003401934 7.123602e-05 0.046961013 0.017834716 0.0034674157 0.00015229458 0.0028756454 0.0053054723 0.0026837946 0.0011638876 2.882163e-06 0.0313288 1.0165001e-05 9.975134e-06 0.0014064658 0.112196885 0.015413389 0.094620004 2.818076e-06 1.5132413e-06 1.0873011e-05 0.012435146 0.0054927454 0.000837132 0.010813877 0.0017763971 0.0004386132 0.0031760023 0.0009865754 1.8104938e-05 0.07658957 1.1594229e-06 0.0009615993 0.001272461 0.00047329607 6.4530773e-06 0.00017354099 0.0005722794 0.00025150715 0.0014224132 1.04875916e-07 0.0001673342 0.00027958845 0.0002261358 0.0006215731 0.0004564278 0.0001770323 3.901672e-06 2.6622994e-05
0.93421215 0.22061005 0.17704798 0.41041422 0.06728864 0.41206574 0.20234647 0.081728436 0.26543653 0.06647739 0.019626804 0.011855846 0.010792066 0.013109153 0.025421374 0.19734141 0.049293276 0.16929361 0.023009825 0.024094254 0.07270071 0.7789019 0.075444214 0.006351905 2.1098344e-21 0.0074244053 0.0052182497 0.0046025887 0.049427893 0.0058677234 0.0011072285 0.00035326192 0.00036929353 0.00028956882 0.39651114 0.0005895635 0.0061438875 0.004371877 0.00058430166 0.05923993 9.0381836e-05 8.044118e-05 3.53965e-05 2.567431e-05 9.444488e-05 0.041062634 6.399355e-06 2.643146e-05 1.8535717e-05 8.494508e-05 4.4650566e-05 0.003675046 1.3696817e-05 0.0014822233 1.51953445e-05 1.0173438e-05 1.785435e-06 0.00020012943 2.2669547e-06 3.950424e-06 1.4763452e-07 2.1266894e-07 0.003644529 8.064847e-06 0.000105365805 0.0015684665 1.5024986e-07 0.0012581031 5.1501142e-06 0.0009863646 0.010143682 0.008660921 0.17968252 4.452005e-06 1.3330444e-05 2.8757386e-06 1.519767e-06 3.5187877e-06 0.00044850813 0.17942162 6.120833e-07 0.30131373 0.003642668 0.000300108 7.1996346e-06 2.3277516e-06 3.1306347e-05 0.0011736852 1.9665644e-05 7.2701287e-06 0.0010592982 0.07335916 0.00027556665 2.6735722e-06 7.029154e-06 1.8696706e-05 2.246191e-05 4.342892e-05 0.0007729958 0.0031818068 5.0201357e-05
0.85393494 0.0002544405 0.0027585628 0.012379338 0.020775532 0.013609262 7.0309274e-05 0.074626215 3.1011154e-05 0.00010502901 0.00667607 0.013087412 0.008227163 0.0021514404 0.24642238 1.1437724e-05 0.25929913 1.5705402e-06 0.5422942 0.2551379 3.4078286e-07 0.0068733743 0.19204435 0.59029794 0.0074244053 1.0741072e-18 0.07317863 0.7585687 0.42404327 0.00046829757 0.0045777243 0.59795654 0.1836783 0.022230022 0.068629585 0.012135739 0.4377282 0.4147316 0.00040941912 2.172198e-06 0.01136233 0.045727406 0.044196058 0.1504743 0.0034991698 1.5464884e-07 0.12823747 0.010849655 0.06527014 0.00039024776 0.0075172065 2.9090112e-05 0.00043770144 5.0584043e-05 0.05777731 0.02018845 0.0052905646 0.00014353724 0.0037046464 0.005568391 0.0035505993 0.0010034902 4.1596422e-06 0.008861203 4.00073e-05 1.305192e-05 0.0005540172 0.13126469 0.0018946809 0.12783146 1.0908594e-05 7.5673047e-06 0.00016671282 0.008641512 0.0007868542 0.00013215996 0.0018830369 0.00037455623 0.0002572827 0.006177954 0.0011294822 0.00019036571 0.11875642 5.9184413e-06 0.00016809105 0.00033169193 0.000472031 9.12994e-06 0.00033139408 0.00013012701 0.00094619865 0.0046329643 1.7273776e-07 5.2467472e-05 3.278018e-05 4.1137602e-05 0.00032023442 0.00016473222 0.00034125222 1.1604731e-05 2.9030722e-05
0.5922395 0.0016270671 0.01981597 0.0049824403 0.1741284 0.005014959 0.00036305553 0.07030275 0.00015199104 0.00085337594 0.14039555 0.36930153 0.34053582 0.07380012 0.20028244 0.00047105315 0.05734244 2.750855e-05 0.13529192 0.9006952 2.8787952e-06 0.0026465403 0.05874723 0.45074257 0.0052182497 0.07317863 8.4949743e-19 0.0868714 0.08322706 0.025236135 0.40951127 0.098625645 0.35712045 0.73362654 0.020795574 0.45308414 0.08370827 0.07468014 0.009446853 3.304057e-06 0.41314214 0.63860923 0.21392372 0.010584021 0.26231357 1.8480732e-05 0.006943494 0.37040353 0.006719687 0.024221392 0.3475778 0.00013567947 0.026090423 0.0009176498 0.0047676307 0.0016763728 0.0017488508 0.0038170593 0.0006144348 0.0009100905 0.0021387385 0.00038392632 8.423972e-06 0.050233256 0.00035329055 0.00018650449 0.00060536707 0.028279237 0.1426739 0.016114043 3.897711e-06 2.80789e-06 1.2516681e-05 0.004255856 0.03830761 0.0056477934 0.078582816 0.02059536 0.0016183507 0.001126879 6.738178e-05 5.0558872e-05 0.021584863 4.173693e-06 0.01712913 0.0052313865 0.00017222349 4.0718984e-05 0.0010621301 0.0075313537 8.200155e-05 0.00029751423 2.2788451e-07 0.002039625 0.0030440523 0.00247226 0.0019321339 0.0020972185 0.00014426843 1.380007e-05 0.00016831241
0.80835426 0.00019744296 0.0019356556 0.0066557047 0.017116264 0.008179902 9.450118e-05 0.05783852 1.6322028e-05 0.00011264874 0.006249648 0.013647857 0.008571659 0.0019267683 0.22345826 1.0116095e-05 0.20208696 1.3397489e-06 0.47690102 0.30572078 1.5028728e-07 0.0051411362 0.15475342 0.6672535 0.0046025887 0.7585687 0.0868714 1.836026e-18 0.34906378 0.0007098368 0.0040933164 0.758555 0.31377962 0.032660846 0.050730456 0.015175244 0.41543046 0.39781895 0.00048023142 8.395864e-07 0.017144037 0.07500946 0.07865743 0.18884867 0.0039014397 7.924184e-08 0.16690595 0.016516317 0.09115248 0.00041768013 0.0088519715 3.883162e-05 0.00034867175 6.274027e-05 0.065969415 0.030204542 0.011156651 0.00016557977 0.005626953 0.008961552 0.006679617 0.0022250828 3.3715864e-06 0.01595097 5.032657e-05 1.5020046e-05 0.0013510471 0.14717309 0.0026803298 0.123674735 7.620425e-06 9.505729e-06 1.7621698e-05 0.01570455 0.0011011518 0.00020437734 0.0026309756 0.0003967643 0.00036123028 0.0052954303 0.0022915485 3.6879515e-05 0.12322726 5.978939e-06 0.0001874349 0.00033507156 0.000915805 1.163747e-05 0.0003003654 0.00017804123 0.0009786349 0.0038222412 1.8193192e-07 9.709872e-05 5.915307e-05 6.3589505e-05 0.00035299515 0.0002864571 0.00041008263 7.679424e-06 4.2870142e-05
0.98951477 0.007838385 0.022924721 0.055178758 0.07097961 0.07185243 0.0028431257 0.24582732 0.0029481887 0.0018602097 0.018193083 0.044467725 0.023554293 0.0054287454 0.23249756 0.0018972068 0.486399 0.0010096522 0.4189806 0.3572501 0.00046499126 0.033463452 0.7110773 0.26767808 0.049427893 0.42404327 0.08322706 0.34906378 3.4810715e-17 0.00062814157 0.0037818938 0.18048136 0.08554759 0.0063488255 0.33780777 0.005048306 0.6233305 0.54399574 0.0002722082 0.0014776695 0.003475147 0.0073517803 0.007028766 0.038359504 0.00094194186 0.0007497875 0.011761519 0.002596661 0.021242406 0.0003246492 0.0014649051 0.00012322034 0.00021311978 0.00010323781 0.028893827 0.007834932 0.0020493127 0.00022768586 0.0033314931 0.0038388788 0.0010764467 0.001657915 0.00010302074 0.0010820071 8.1627026e-05 6.227227e-05 0.001747777 0.10080565 0.00068499736 0.117008016 0.000713839 0.0017321231 0.07627613 0.0011759585 0.00028333857 8.972818e-05 0.00039464314 0.00011778429 0.0016250248 0.33142424 0.00045112768 0.07530769 0.11230597 8.284691e-06 0.00014108069 0.00021578235 0.00036350192 0.00062626007 0.00029594114 6.67365e-05 0.0012262887 0.17916147 4.0881137e-06 7.064595e-05 6.2825115e-05 4.8816153e-05 0.00020034198 0.0001318314 0.0012475757 0.00050816376 0.000680114
0.15561578 0.053880308 0.15142642 0.009750154 0.061576463 0.0063225483 0.015369595 0.01702767 0.004877937 0.12687783 0.16535631 0.061791647 0.10231718 0.47391167 0.01294128 0.005450538 0.003261022 0.002425063 0.0047315033 0.014023768 0.0050302004 0.007670751 0.0018568678 0.0036364952 0.0058677234 0.00046829757 0.025236135 0.0007098368 0.00062814157 1.8166623e-21 0.42891142 0.00015076352 0.00029971902 0.007225929 0.0059090997 0.036759317 0.00046953562 0.0003150325 0.7681509 0.00074259844 0.0028966297 0.0003643606 7.842026e-05 2.5502974e-05 0.09246168 0.00016376388 2.9132369e-05 0.0006612858 1.8232777e-05 0.27468553 0.00295791 0.022513125 0.083815515 0.12213925 4.8523484e-06 1.0238201e-05 4.469539e-05 0.2549715 5.3632393e-06 4.6086498e-06 3.6476667e-05 1.2013801e-05 0.0025987024 9.543381e-06 0.11626146 0.015624598 4.0061248e-05 0.0003189996 0.001094774 0.00054501614 0.002077073 0.0002566453 0.0002046264 1.5744192e-05 0.006879355 0.0070921737 0.0007001473 0.0017287703 0.02623631 0.0006721199 1.0855578e-06 0.0008379239 0.0047588632 0.0001237825 0.00049974845 4.358118e-05 5.960544e-06 2.5562194e-05 0.0018322415 0.00013120552 0.008560569 9.249263e-05 2.2958926e-05 0.00083420076 0.00014100752 6.164693e-05 2.5376257e-05 4.5064713e-05 0.011004013 0.00010898036 0.0029752299
0.31109917 0.0046595433 0.06100174 0.0037905215 0.104988806 0.0030820721 0.0009759117 0.04207264 0.00033388304 0.0052935905 0.27907616 0.32613587 0.48129395 0.53491455 0.08606305 0.00015025813 0.0114862155 1.4422076e-05 0.028183162 0.13144702 4.7378406e-05 0.0016154278 0.005680073 0.03233083 0.0011072285 0.0045777243 0.40951127 0.0040933164 0.0037818938 0.42891142 8.2714704e-22 0.00107997 0.001083523 0.64708143 0.0017659904 0.8500689 0.0009327493 0.0006683536 0.4153482 9.315705e-06 0.12656963 0.0015538107 0.00040435488 2.7729431e-05 0.8062507 2.4797155e-06 1.8105406e-05 0.0314086 4.0951905e-05 0.6016468 0.15739268 0.0003902902 0.37505785 0.0043635443 8.610994e-06 9.492286e-06 3.547937e-05 0.028708236 2.7197982e-06 2.842609e-06 1.3624128e-06 4.0559094e-06 2.3640305e-05 0.00013239865 0.0055548055 0.0002226316 1.0379e-05 0.00050549733 0.021594854 0.0006316545 1.8944287e-05 1.0844052e-06 4.964821e-05 6.2817176e-06 0.04586091 0.029576983 0.0034698385 0.0072762817 0.075105734 0.00027724792 1.13293694e-07 0.00033406302 0.0050197775 8.791321e-06 0.001993454 0.00020866508 1.648515e-06 1.7537443e-06 0.004463167 0.00075491297 0.0003647543 8.327135e-05 1.3430571e-06 0.0013045872 0.0003951278 0.00027021248 0.00012178025 0.00029361347 0.0007645593 7.664834e-06 0.0015824409
