1.6298874e-21 0.90542054 0.9827202 0.9945464 0.8385493 0.9704313 0.8788894 0.41132724 0.9774181 0.8388453 0.743572 0.99944186 0.0421378 0.3073932 0.09318222 0.9781845 0.33882043 0.5532986 0.80371237 0.8372134 0.7277404 0.943008 0.93456304 0.9660806 0.0034141028 0.871216 0.002233242 0.50309724 0.5842232 0.8738933 0.78653073 0.9341603 0.912739 0.99990815 0.051680997 0.9996586 0.95034736 0.00035426152 0.78285676 0.7665061 0.71093714 0.0036675425 0.051625714 0.91073775 0.75435394 0.917481 0.7841261 0.9240296 0.34354395 0.010971586 0.31977767 0.8500654 0.6952508 0.27432695 0.8842998 0.23119776 0.8027585 0.01208842 0.43350938 0.013323741 0.5145756 0.14642923 0.7574956 0.009285203 0.8340279 0.012786992 0.21358402 0.92565465 0.57894474 0.9997089 0.9998899 0.9153453 0.21603577 0.07654679 0.76606256 0.95200187 0.65097487 0.10854095 0.30641326 0.9918893 0.17300875 0.6492167 0.039894093 0.99987346 0.0100647295 0.10308523 0.60281044 0.4285445 0.34867784 0.21639386 0.00010979792 0.6246261 0.40021256 0.014113722 0.0506901 0.00014167515 0.037414525 0.9978393 0.50791 0.038451675 2.7192782e-05
0.90542054 5.1746916e-15 0.2489879 0.9948506 0.24812667 0.015554254 0.0076630516 0.3408167 0.02374001 0.025518058 0.009124 0.07580419 0.018665891 0.9062723 0.008570154 0.010503954 0.00353839 0.00058507593 0.00037098487 0.00011500107 0.000170469 0.00018659879 0.00010303657 0.001482822 0.0006049484 8.921069e-05 0.0068339286 4.5657147e-05 6.7032335e-05 2.1358868e-05 5.2451862e-05 1.1101238e-05 0.0010042404 0.0029389653 0.00047022547 0.037249494 4.639302e-06 6.785601e-05 3.8484002e-05 8.482344e-06 1.8050561e-05 8.060845e-05 6.3644235e-05 0.010589255 4.761539e-05 3.4166216e-05 0.41632706 0.00024846534 4.6704386e-06 2.2233644e-06 0.03830245 2.0187397e-06 3.8053481e-06 5.0170033e-08 1.2121262e-06 1.0623609e-07 2.631152e-07 4.6312425e-06 6.786037e-08 1.0266383e-06 0.04065025 3.4848625e-07 0.0021143407 0.8107704 4.594017e-07 1.624762e-07 0.0018398295 7.3152446e-06 0.0041513266 0.013280148 0.0025442962 1.0602046e-06 1.7580043e-06 1.4829272e-08 1.6448756e-05 0.00023079636 4.7858935e-06 8.318455e-08 5.3353062e-05 0.0012768914 6.400203e-06 0.00011089043 1.8698452e-07 6.04953e-05 8.004986e-08 0.00062162115 0.0011577777 9.522465e-05 6.496074e-05 6.55237e-05 0.00014637552 0.00148806 8.539295e-05 3.3607183e-05 0.00027223025 0.00014395907 2.3495695e-05 0.00024761356 4.7475896e-06 0.00029418437 4.3211032e-05
0.9827202 0.2489879 1.4577505e-14 0.018707147 0.9739022 0.7379486 0.46938697 0.6667405 0.04709044 0.07121531 0.6332509 0.87233347 0.17190728 0.55563474 0.37566498 0.012159042 0.20355181 0.14998297 0.008400511 0.006061155 0.006370435 0.0020390553 0.0023445426 0.0013082332 0.012043037 0.007997375 0.010620213 0.0043210606 0.010094634 0.0014304672 0.0004049117 7.142527e-05 0.00035061827 0.0012585975 0.017840797 0.0005075707 2.0423522e-05 0.00037968642 0.00010355937 0.00030317882 0.00016497655 0.0017818045 0.0011027593 0.00017842572 0.0013820261 1.0357976e-05 0.015195606 1.8181487e-05 3.783717e-05 0.0007150798 0.00094863644 8.38373e-06 1.7917933e-05 2.8530599e-06 1.4753297e-06 3.6313309e-06 6.178657e-06 3.491178e-06 5.281505e-06 3.2388257e-06 0.001556723 5.2104688e-06 2.1281623e-05 0.0057157497 2.2488657e-05 6.476332e-06 0.00011835043 6.260146e-06 0.0005382287 0.0009928846 0.00040484781 2.6180888e-07 4.777596e-07 1.1185729e-06 5.3143613e-06 2.7317885e-05 1.3357608e-06 2.1447063e-07 3.1248194e-06 7.354329e-05 6.20292e-07 3.5489877e-06 4.0223753e-07 1.3542234e-06 8.226265e-06 8.709308e-06 1.9923222e-05 5.2035566e-06 3.5188111e-06 3.622172e-06 1.0869295e-06 7.63934e-05 4.1704564e-07 1.2541928e-05 3.191294e-05 1.2596565e-05 5.9687927e-06 5.3579015e-06 3.891321e-07 3.0216738e-06 6.7326346e-07
0.9945464 0.9948506 0.018707147 3.5670556e-14 0.014163579 0.0008953219 0.00064298965 0.0041620815 0.0026361856 0.0032162762 0.00030601572 0.075000696 9.588159e-05 0.050835595 4.1823816e-05 0.00041677992 0.0001185886 1.2641128e-05 8.396597e-06 1.3545966e-06 3.1199063e-06 1.1957745e-05 3.349516e-07 0.00010963344 1.6450136e-05 4.2687003e-07 2.7074268e-05 3.4824672e-07 1.4112213e-06 5.6262085e-08 1.9945094e-06 1.3672006e-07 0.0001169357 0.00032618258 1.6357899e-05 0.21358655 3.005886e-08 1.0978137e-06 3.1753543e-06 6.7134536e-08 2.469225e-07 2.9130463e-06 4.3908423e-07 0.0316303 1.7238378e-07 2.7659953e-06 0.74788535 1.6025378e-05 4.965178e-08 5.5709774e-07 0.0795896 1.6244607e-08 4.4618403e-08 2.5063374e-09 8.786007e-08 6.6856187e-09 8.277665e-09 2.9825068e-07 3.6678218e-09 1.1993619e-07 0.15691018 8.335413e-09 0.003122645 0.39308774 2.8889227e-09 7.825548e-08 0.0025685038 8.191681e-07 0.003954022 0.02978493 0.0012078458 4.116175e-08 2.0930113e-07 2.6511765e-07 5.846224e-07 7.968369e-05 3.8112753e-06 4.0200725e-08 9.52867e-05 0.001255953 2.7498304e-06 3.644704e-05 1.5476509e-09 3.39515e-06 5.3775434e-08 0.0006739229 0.0026081558 0.00014463322 1.6543288e-05 4.1873067e-05 3.1459793e-05 0.003062262 2.1711301e-05 3.5454745e-05 0.0006195616 1.2321334e-05 1.6717111e-05 4.1017665e-06 5.7278708e-08 0.0001795744 1.0889229e-05
0.8385493 0.24812667 0.9739022 0.014163579 1.4714044e-11 0.25921434 0.16841766 0.94721323 0.030736078 0.057459295 0.7678473 0.21503818 0.39760756 0.7642182 0.6407211 0.013832808 0.15864994 0.05091641 0.0016927705 0.0011012217 0.0012446 0.00080825755 0.00041210977 0.00063522474 0.027039979 0.001444762 0.01805579 0.0014161321 0.001731753 0.00028017568 0.00012642906 3.2998516e-05 5.684064e-05 0.00049043546 0.032767136 0.00032416132 1.5573354e-05 0.00088494003 3.6748246e-05 0.00011621727 7.979851e-05 0.0017224412 0.00020027913 0.00017204866 7.597447e-05 7.928137e-06 0.011056641 3.150669e-05 1.7122215e-05 3.577855e-05 0.0008684546 9.842217e-06 1.736101e-05 3.0509689e-06 4.0469454e-06 3.4843658e-06 9.155408e-06 3.1955148e-07 2.712509e-06 1.4904921e-07 0.0015260056 2.033993e-06 4.1065476e-05 0.025930196 7.0598464e-05 1.9072622e-06 0.00016290172 1.3402734e-05 0.0011336391 0.000242834 0.00016079747 9.3115335e-07 2.9886797e-07 1.8850446e-07 7.1672175e-06 1.22103265e-05 5.0998847e-06 4.0112167e-07 3.4306093e-05 1.5163206e-05 3.1353268e-06 2.9742257e-06 8.32787e-08 5.8270625e-06 2.0528185e-07 2.0107344e-05 6.9140956e-06 2.7324606e-05 6.4783585e-06 4.97508e-06 1.9032368e-05 1.5290123e-05 3.8973897e-07 1.1073365e-05 2.1653424e-05 6.5271115e-07 1.071821e-05 1.5202662e-05 2.8019008e-06 4.393685e-06 5.7467344e-07
0.9704313 0.015554254 0.7379486 0.0008953219 0.25921434 1.5326785e-12 0.9693628 0.12539212 0.4957919 0.6345755 0.81725514 0.8654494 0.07933898 0.052836977 0.30284056 0.43525437 0.34450123 0.43163612 0.17139897 0.20318338 0.120006196 0.03755686 0.06950563 0.009124048 0.01751508 0.19522561 0.006361235 0.08743362 0.14749049 0.030290697 0.00807302 0.0028770869 0.0023468665 0.016743341 0.16777776 0.0002042244 0.00045042735 0.0012402174 0.0015067928 0.011329738 0.0035590427 0.017220305 0.022859434 2.0328634e-05 0.061808612 0.0003812957 0.0016781165 0.00090705353 0.0034688823 0.007767432 0.00030351238 0.00027397528 0.0004663547 0.00033270195 3.2573167e-05 0.0002592437 5.457737e-05 0.00022595967 6.0941573e-05 4.630914e-05 0.000825536 7.294662e-05 3.2914602e-05 0.00239661 0.00029949215 3.4669985e-05 5.457383e-05 0.00032155798 0.0010057029 0.00020657538 0.002090794 3.211608e-06 2.469551e-06 3.420521e-05 8.6262866e-05 7.2754833e-06 1.886989e-05 2.9891573e-06 9.463777e-06 6.7974634e-06 1.2986784e-05 1.6181878e-06 2.4877834e-06 4.4738114e-05 8.640072e-06 3.9127353e-06 1.7393996e-06 1.0069087e-05 2.2159047e-06 2.7505412e-06 3.0517606e-06 1.0497158e-05 7.5437237e-07 6.8686427e-06 2.3586847e-05 3.2726032e-06 1.9211131e-05 2.3889188e-06 1.3205903e-06 1.1612543e-06 1.1437021e-06
0.8788894 0.0076630516 0.46938697 0.00064298965 0.16841766 0.9693628 5.8872026e-12 0.14906104 0.30700204 0.50103474 0.9594283 0.56050307 0.16147067 0.021421358 0.48464358 0.4246589 0.5390129 0.6800374 0.3767308 0.35541135 0.19334872 0.01793622 0.04907501 0.008046467 0.017405955 0.111877345 0.005238461 0.05607507 0.07289315 0.015557918 0.0040319813 0.00094877573 0.0032095 0.01583882 0.13817857 0.0001285129 0.0001722897 0.0015145699 0.00039263433 0.0041823997 0.0018987679 0.011709752 0.0153367985 8.492762e-06 0.031628024 0.000220331 0.00069317955 0.0012573961 0.001065391 0.0047742985 8.5630825e-05 0.00018991056 0.0001825685 0.00012839101 3.1521387e-05 0.000104290404 7.573777e-05 0.00014648931 4.7845813e-05 2.9949286e-05 0.0006988521 5.983791e-05 4.3709947e-06 0.0015125432 8.696895e-05 3.8122915e-05 8.157913e-06 0.00022696177 0.0008137128 0.00013142393 0.0019443957 2.49143e-06 1.2026027e-06 6.201574e-06 4.271254e-05 1.8682883e-06 2.6412716e-05 3.4835919e-06 1.2868282e-05 1.980587e-06 2.7093613e-05 4.471163e-07 7.45445e-07 9.554595e-05 4.5411466e-06 2.0970483e-06 7.64638e-07 5.8829164e-06 3.6406152e-07 2.0085752e-06 2.4351335e-05 2.1584789e-05 4.1514332e-07 1.9928182e-05 3.4083754e-05 6.417249e-06 1.4741349e-05 3.8525254e-06 4.2601173e-06 5.029934e-06 5.719026e-07
0.41132724 0.3408167 0.6667405 0.0041620815 0.94721323 0.12539212 0.14906104 2.1167417e-15 0.017336227 0.022466693 0.49123546 0.043988682 0.9425287 0.9716797 0.5892235 0.004007854 0.10293114 0.015562265 0.00017048216 6.905828e-05 0.00017986732 2.8515407e-05 1.2249561e-05 9.102528e-06 0.027733829 4.9178852e-05 0.039558526 8.2059116e-05 0.0003441211 2.7569017e-06 1.5890092e-06 2.152542e-07 1.3630158e-06 8.2215156e-05 0.0039208974 0.00016555276 9.854097e-08 0.001987809 5.500781e-06 3.0926053e-06 1.657858e-06 0.0014592677 0.000108262684 4.2425767e-05 8.230443e-05 1.4773655e-06 0.004762337 2.1696949e-06 7.037908e-06 8.356921e-05 0.0002934214 1.8384121e-07 5.451598e-07 1.6979182e-07 3.3104993e-07 2.0429013e-07 5.117021e-07 3.20819e-05 1.7270166e-07 2.083518e-05 0.00052761415 3.420875e-06 7.561598e-06 0.022854306 2.2238883e-06 1.200875e-05 3.0177156e-05 3.9443144e-06 0.00012494206 0.000410065 0.00010692651 1.1334628e-06 2.5569761e-06 1.4054876e-06 7.583679e-07 1.4428521e-06 3.8309474e-07 7.534733e-08 7.008985e-06 2.4984158e-06 5.7904975e-07 1.4548399e-06 1.1252615e-07 3.397084e-06 5.4174336e-07 1.5046841e-05 3.4138322e-06 1.6142034e-06 3.631925e-07 3.4919952e-07 4.2745385e-05 2.1896294e-06 8.9893696e-08 1.502274e-05 5.2799787e-06 7.740904e-07 1.0877143e-06 4.966947e-07 2.2982617e-08 1.3376646e-07 9.8337445e-08
0.9774181 0.02374001 0.04709044 0.0026361856 0.030736078 0.4957919 0.30700204 0.017336227 6.381746e-14 0.9881206 0.2100911 0.96752936 0.005996507 0.0064689377 0.038633797 0.6009085 0.19436158 0.24932641 0.20080142 0.21915182 0.12766376 0.09972345 0.20616397 0.014297445 0.0040562227 0.2981936 0.0007798903 0.11636074 0.19642481 0.05856419 0.025985612 0.007972931 0.002837481 0.009370307 0.08381 0.0013176491 0.0029718953 0.00021377995 0.00299941 0.013427056 0.007217647 0.004870957 0.009600824 0.0008707165 0.057225227 0.0007743851 0.0100442525 0.0002616433 0.0033730469 0.0017140742 0.0016909385 0.0010538636 0.001599321 0.0009508563 0.000118740245 0.0008604329 0.00021233001 0.00024387348 0.00015468757 0.0001261114 0.0018057848 0.00015575012 0.00036878654 7.219323e-05 0.00010279189 0.00012298168 0.00012723256 0.00038928806 0.00013796958 0.0029830546 0.0021235482 7.131854e-05 0.000118063865 0.00012932916 0.00020415371 2.3057117e-05 0.00014630043 1.8804596e-06 6.645721e-06 0.0009950659 7.591856e-05 2.0225864e-06 2.5786312e-06 9.157531e-06 0.0002029825 9.031808e-05 0.00046932054 8.614509e-06 9.857721e-07 3.9605808e-07 1.4855961e-05 0.0015226183 7.733246e-07 8.267945e-05 0.00023207805 7.4429285e-05 1.0702971e-05 5.6533218e-06 1.3217968e-07 6.7719634e-06 4.9335304e-06
0.8388453 0.025518058 0.07121531 0.0032162762 0.057459295 0.6345755 0.50103474 0.022466693 0.9881206 2.315614e-17 0.3294981 0.6653628 0.010867098 0.007917727 0.05894145 0.9556523 0.2580938 0.41787198 0.43260783 0.5054273 0.30175793 0.33614397 0.4701115 0.06329598 0.0057492508 0.532653 0.0010260991 0.21543887 0.38285065 0.20392784 0.08885538 0.038711824 0.004508978 0.010273378 0.11727616 0.0005712902 0.013566784 0.00026925377 0.009538895 0.057800304 0.027228259 0.0070990217 0.026088178 0.00034795894 0.14921862 0.0033340815 0.0015289314 0.0005919111 0.014428241 0.0055593364 0.0003882947 0.0065454664 0.0063847704 0.004734471 0.0003608111 0.003107768 0.00059188367 0.00032673706 0.0004792231 5.6678786e-05 0.00065749645 0.00013057292 9.062726e-06 5.048337e-05 0.00017192893 9.160072e-06 3.6287759e-06 7.275896e-05 7.45051e-06 0.00019038311 0.0010281816 0.00010657305 3.0274185e-05 5.740285e-06 0.00016369924 1.086347e-06 6.1021125e-05 6.287776e-08 1.4822676e-07 5.3991804e-05 1.0137496e-05 8.5310035e-08 5.5009616e-07 1.9995105e-06 3.22586e-06 1.1940509e-06 1.7176258e-06 8.3531e-08 2.7392716e-08 1.187049e-08 2.9341174e-07 5.8869042e-05 1.8183831e-08 1.7825045e-07 3.4800138e-07 1.1870587e-05 7.162359e-08 2.0595878e-07 1.7359965e-09 1.4771204e-08 6.785118e-08
0.743572 0.009124 0.6332509 0.00030601572 0.7678473 0.81725514 0.9594283 0.49123546 0.2100911 0.3294981 5.7995324e-13 0.21854816 0.6763635 0.09234397 0.90978146 0.23728447 0.93955797 0.8974287 0.02111058 0.010243847 0.0153055005 0.005237304 0.0018679367 0.0053137024 0.117460676 0.023806712 0.03081214 0.015820276 0.020802777 0.0016170301 0.00040285336 5.5782668e-05 0.0007355276 0.0038541504 0.25635764 0.00011552475 2.039808e-05 0.010655618 0.0002287578 0.00041942712 0.00016031072 0.024108779 0.0059985947 3.0318997e-05 0.0019822936 9.5041396e-05 0.00055864255 0.00041453665 6.41486e-05 0.0011199516 0.00032615426 1.7996728e-05 1.2230442e-05 5.4661414e-06 2.9315028e-05 8.917008e-06 8.693781e-06 7.910292e-06 1.0816655e-05 1.9531174e-06 0.0008992059 1.49265e-05 9.753897e-06 0.0020547854 3.1928284e-05 1.2898765e-05 1.2706844e-05 0.00010274465 0.000632275 0.00010329749 0.0009959554 2.878076e-06 5.430215e-07 4.2239364e-07 2.7684879e-05 9.0228116e-07 4.4951354e-05 2.8650322e-06 1.644195e-05 6.1121887e-07 1.3768704e-05 6.729502e-07 2.5951542e-07 5.848048e-05 1.2188424e-06 1.3194983e-05 3.3184604e-06 4.1772096e-06 2.565539e-07 8.065958e-07 0.00018288427 2.9477822e-05 1.7243491e-07 3.1395903e-06 6.75787e-05 5.1357307e-07 5.9994895e-06 1.5002636e-05 2.7118003e-06 2.2116074e-05 4.0541204e-07
0.99944186 0.07580419 0.87233347 0.075000696 0.21503818 0.8654494 0.56050307 0.043988682 0.96752936 0.6653628 0.21854816 1.5682647e-16 0.011569813 0.02715476 0.027130067 0.23953472 0.06909195 0.07601947 0.037442476 0.031937666 0.014614997 0.040648762 0.022994334 0.01798062 8.952911e-05 0.027567102 0.00012191425 0.006302144 0.007751721 0.006821814 0.0080071315 0.003518248 0.005069416 0.0023512768 0.0036702524 0.01133437 0.0014221087 2.3913428e-05 0.0011339483 0.001698525 0.0017871754 0.00029000075 0.00024330597 0.011851771 0.001286105 0.00065608433 0.010091145 0.0003128893 0.000552471 6.884588e-05 0.0044311336 0.00025046544 0.00042117308 0.00019205976 5.7536552e-05 0.00015621542 3.6749472e-05 1.7595987e-05 4.709797e-05 4.6880878e-06 0.003942412 1.0206148e-05 0.0015209459 0.00073543994 1.9874962e-05 1.1753233e-05 0.00026519265 3.5270677e-05 0.00054149807 0.0035603582 0.00058544433 3.3268272e-05 7.1628447e-06 1.6082517e-05 6.408213e-05 0.0001449461 1.333323e-05 3.8883684e-07 0.00012618779 0.0033539997 2.4364192e-06 2.152489e-05 3.4543578e-07 6.778069e-08 3.3737368e-05 0.00011854054 0.00010161031 6.2183666e-05 5.8460428e-06 3.5037392e-06 3.2436245e-05 0.00023455679 1.2177752e-05 7.655333e-05 3.9443916e-05 1.7983106e-05 3.8405542e-05 8.3023915e-06 2.0758915e-07 1.0267907e-05 1.3582375e-05
0.0421378 0.018665891 0.17190728 9.588159e-05 0.39760756 0.07933898 0.16147067 0.9425287 0.005996507 0.010867098 0.6763635 0.011569813 1.0759295e-15 0.5417312 0.9977608 0.0025242532 0.53648734 0.14328352 0.00022181714 9.687729e-05 0.00019662088 7.500124e-05 4.9779108e-05 6.939836e-05 0.3725072 0.00030734998 0.12908271 0.00051289884 0.0004120712 2.4431378e-05 2.6460895e-05 2.430374e-06 3.3956135e-06 0.00011041009 0.012867731 2.1074948e-05 1.4758784e-06 0.015111304 4.5641623e-06 7.883173e-06 4.605982e-06 0.010370561 0.0002731509 3.2708374e-06 0.00024774036 9.827046e-07 0.0008740982 4.839526e-07 8.333296e-06 0.0002057816 4.711598e-05 3.907643e-07 3.5132734e-07 3.5558597e-07 5.5568552e-08 5.3936066e-07 3.381686e-07 1.3421109e-06 1.792376e-07 1.8861173e-06 0.00018823044 3.9151428e-06 8.224351e-06 0.017068112 7.3062193e-07 1.2791443e-05 1.1855681e-06 3.7004177e-06 5.008568e-05 6.1170234e-05 0.000104434424 9.233821e-07 2.915193e-07 2.689825e-06 3.3065803e-07 1.3560871e-06 3.9295796e-07 1.1386247e-07 7.715577e-06 2.2064228e-07 6.9505853e-07 4.3681922e-07 5.6718065e-08 3.8135731e-06 1.7318541e-07 8.303223e-06 7.51983e-08 6.1489545e-06 1.8386365e-07 1.3367847e-07 8.720245e-06 1.672482e-06 2.6697908e-08 4.0261522e-05 2.0280879e-07 2.3176474e-07 1.0030695e-06 1.0833271e-06 6.869772e-09 1.3467637e-08 2.4833088e-07
0.3073932 0.9062723 0.55563474 0.050835595 0.7642182 0.052836977 0.021421358 0.9716797 0.0064689377 0.007917727 0.09234397 0.02715476 0.5417312 1.6896614e-12 0.20630977 0.0015169275 0.03568155 0.0020998411 0.00014591 5.015408e-05 6.817008e-05 3.8154853e-05 9.972984e-06 7.997256e-06 0.51685894 2.2393016e-05 0.8681699 2.9539846e-05 9.4196344e-05 5.0591934e-06 1.0485011e-05 1.0534359e-06 6.5186285e-08 3.5773228e-05 0.0008599443 0.000339798 5.6129954e-07 0.039209224 1.6671935e-06 4.581541e-06 4.1567437e-06 0.0023114681 2.3357627e-05 7.887463e-05 3.9334118e-05 3.0539482e-07 0.018265262 7.4687676e-07 2.1615811e-05 3.6661364e-05 0.0003773395 1.2435571e-07 5.636335e-07 2.0760778e-07 1.5764202e-07 3.9945684e-07 5.613927e-07 2.4094513e-06 1.1351535e-06 7.5543544e-06 0.003858637 4.006772e-06 3.725358e-05 0.95158076 3.6557006e-07 2.7483375e-05 0.000118919634 2.6415396e-06 0.0005356186 0.00021729314 0.00016238025 5.9320564e-07 3.57242e-07 1.5951388e-06 8.324761e-07 4.1038267e-05 2.335132e-07 6.0829905e-07 0.00011104791 2.1686737e-05 5.764139e-07 4.83371e-05 2.8745688e-07 1.1159699e-06 6.564016e-07 0.0002152882 6.452619e-05 0.0001394183 7.2257044e-06 8.032662e-06 0.0004404603 2.436238e-06 2.8101414e-07 6.036965e-05 9.0764064e-05 5.88902e-07 1.3467978e-05 4.692594e-05 5.6802486e-07 1.4387622e-05 1.7839747e-06
0.09318222 0.008570154 0.37566498 4.1823816e-05 0.6407211 0.30284056 0.48464358 0.5892235 0.038633797 0.05894145 0.90978146 0.027130067 0.9977608 0.20630977 3.653915e-15 0.011629623 0.8232809 0.45725587 0.0020818159 0.00076625205 0.0010889875 0.0005143956 0.00033891964 0.00023202959 0.28693053 0.0010476321 0.09570539 0.00087770465 0.00085828523 0.0001312143 0.00017796602 1.9655256e-05 1.8632662e-05 0.00021095207 0.020720694 8.135111e-06 8.732011e-06 0.015193853 3.2295062e-05 6.214134e-05 3.579397e-05 0.011622304 0.0014672149 1.6083082e-07 0.0010101813 1.1744033e-05 0.0002576692 8.944816e-06 2.4617291e-05 0.00060168485 8.5759675e-06 4.471016e-06 3.947359e-06 6.961504e-07 1.2801425e-07 1.1207972e-06 6.254817e-06 6.812052e-06 8.6462836e-07 3.622856e-06 8.577697e-05 9.444924e-06 1.746062e-05 0.0038409336 7.818954e-06 9.203951e-06 2.115724e-06 2.0061621e-05 2.148371e-05 2.8339597e-05 7.0372604e-05 4.225268e-06 2.3349999e-06 3.7021227e-06 2.136395e-06 2.9142535e-07 9.3140824e-07 2.9949112e-07 1.9526733e-05 4.5189495e-08 9.825425e-07 1.4209955e-07 5.433965e-07 8.024982e-06 2.8425265e-07 1.25863835e-05 4.1759346e-08 3.956683e-06 6.1283095e-07 6.073421e-07 2.64784e-06 7.525394e-07 5.6553546e-08 8.875774e-06 5.51943e-08 2.1300627e-07 3.890987e-07 4.3994598e-07 1.0401982e-08 2.6976508e-09 4.0169013e-07
0.9781845 0.010503954 0.012159042 0.00041677992 0.013832808 0.43525437 0.4246589 0.004007854 0.6009085 0.9556523 0.23728447 0.23953472 0.0025242532 0.0015169275 0.011629623 8.559986e-15 0.14986177 0.3606673 0.587776 0.685718 0.4713442 0.7398693 0.795113 0.68424517 0.0007973562 0.7441324 0.0002826056 0.34178188 0.5257788 0.52227294 0.23586509 0.16721575 0.07477357 0.1417811 0.11426298 0.00023878143 0.053617693 0.00017227755 0.021625267 0.25369906 0.12425022 0.0074294126 0.054617558 0.00012131994 0.37486684 0.016747719 0.0001884447 0.0036955178 0.032542143 0.009810848 8.488426e-05 0.01845705 0.017157253 0.015141121 0.001932168 0.011809828 0.002281706 0.0017277345 0.0019231911 0.00071422313 2.7908216e-05 0.001125587 2.0394364e-05 8.595045e-06 0.00061232975 0.00034753824 2.7747747e-06 0.0005994275 3.006101e-06 0.0001362344 0.0072074286 0.00062957907 0.0007153073 0.00018872634 0.00055774476 6.6972973e-07 0.00037390276 2.670374e-06 1.606304e-06 1.6307898e-05 0.00012135211 1.10942516e-07 1.4630804e-05 2.9292276e-05 0.0007246438 2.4075163e-05 1.309823e-07 3.895669e-07 5.900379e-08 3.1987177e-08 1.434731e-07 0.0001700637 8.7346095e-08 3.461607e-05 1.5555178e-06 3.981463e-05 2.691454e-06 1.1790661e-07 1.1065948e-08 4.2639293e-08 2.0692168e-07
0.33882043 0.00353839 0.20355181 0.0001185886 0.15864994 0.34450123 0.5390129 0.10293114 0.19436158 0.2580938 0.93955797 0.06909195 0.53648734 0.03568155 0.8232809 0.14986177 5.3855895e-16 0.9939861 0.09867276 0.03092399 0.04993694 0.0042149723 0.0039742384 0.007223945 0.3749298 0.016229907 0.050361913 0.017362345 0.024470871 0.0006670434 0.00069210544 0.0001642262 0.0006197025 0.0042563006 0.5371521 4.4995275e-05 6.640504e-05 0.113073334 0.00036781008 7.68005e-05 0.00015184414 0.44559076 0.02310481 1.17312175e-05 0.004199743 0.00012281373 0.00017821741 0.00019589039 3.3770135e-05 0.034163892 2.8444276e-05 2.9478792e-06 2.2720365e-06 9.647539e-07 3.618302e-06 1.1342056e-06 2.6595878e-06 1.1531181e-05 9.4819046e-07 6.006291e-06 0.00019388481 4.065614e-06 1.2747123e-06 0.00040587145 1.0929854e-06 2.8919317e-06 1.5956118e-06 3.2490392e-05 7.986582e-05 2.2259474e-05 0.00066504325 1.1198623e-06 4.3721974e-07 3.7376992e-07 1.2766253e-05 1.8603559e-07 4.6849273e-06 2.8631734e-07 3.2509438e-06 3.0469462e-07 1.4636098e-06 4.2447414e-07 3.9028797e-07 1.1240271e-05 3.2788276e-07 1.1367558e-06 1.0452738e-06 1.7588075e-06 1.2639728e-07 2.8343354e-07 7.8596344e-07 2.0574893e-05 3.495812e-08 8.769904e-07 5.0584986e-06 9.611714e-07 6.385245e-07 1.4899755e-06 1.7348445e-09 1.0932981e-06 4.4467345e-08
0.5532986 0.00058507593 0.14998297 1.2641128e-05 0.05091641 0.43163612 0.6800374 0.015562265 0.24932641 0.41787198 0.8974287 0.07601947 0.14328352 0.0020998411 0.45725587 0.3606673 0.9939861 1.7516418e-17 0.5515041 0.16173609 0.30976996 0.013785964 0.057066582 0.016981615 0.09692748 0.1891057 0.0066182907 0.15677412 0.2679878 0.013067931 0.003185046 0.00088144926 0.0024197737 0.007967621 0.80802417 3.9969316e-05 0.00022556525 0.019295191 0.0010895147 0.0008500299 0.00087475864 0.5011032 0.20672844 4.774355e-06 0.068532094 0.00049256004 0.00021891847 0.0012128113 0.00036673027 0.16183099 9.115742e-06 1.4763214e-05 8.416439e-06 8.129302e-06 2.3704875e-05 1.198326e-05 7.233744e-06 8.7617955e-05 3.6244387e-06 2.432599e-05 0.00022457895 1.0697217e-05 1.1628301e-06 0.00013175637 2.7345577e-06 6.830227e-06 1.176756e-06 9.2256e-05 0.00012063072 1.1929545e-05 0.0009507911 2.522809e-06 1.1181495e-06 7.627779e-07 3.3059438e-05 2.6473714e-07 1.4210118e-05 4.3283046e-07 2.8191728e-06 1.1202399e-07 3.7449404e-06 3.5188197e-07 5.865726e-07 5.6048706e-05 1.0979718e-06 1.2750552e-06 1.3120641e-06 1.2223101e-06 1.7330075e-07 3.230803e-07 1.3262382e-06 1.5317195e-05 3.417314e-08 8.8715046e-07 8.0372365e-06 5.547131e-07 9.549912e-07 7.7752713e-07 2.2888291e-09 8.17615e-07 9.672071e-09
0.80371237 0.00037098487 0.008400511 8.396597e-06 0.0016927705 0.17139897 0.3767308 0.00017048216 0.20080142 0.43260783 0.02111058 0.037442476 0.00022181714 0.00014591 0.0020818159 0.587776 0.09867276 0.5515041 1.1688025e-14 0.9792326 0.97415906 0.040350493 0.3734652 0.016214188 0.0010615817 0.75064313 0.00073853735 0.4140014 0.52827644 0.20103194 0.011346839 0.001901097 0.0018326514 0.005915095 0.13514635 9.931736e-06 0.00035717132 0.0003458355 0.0016209286 0.031251557 0.00638573 0.008709658 0.061253242 6.396624e-07 0.38246575 0.00034233785 6.168034e-05 0.0009951167 0.006019276 0.0145029565 1.09852745e-05 0.00013595588 0.00036142895 0.0008836805 8.183108e-05 0.00075190817 6.423228e-05 0.0013741478 0.00017109947 0.000641379 5.6400318e-06 0.00013466162 9.347697e-08 0.00017499551 4.344785e-05 0.00014931064 1.1578948e-06 0.00016366738 1.9482331e-05 4.7056215e-05 0.0009529211 6.8685117e-06 2.0937201e-05 3.3821318e-05 3.1256346e-05 4.4691035e-07 9.699132e-06 1.6697885e-06 4.3514072e-07 8.4621284e-08 1.2294995e-05 4.1429652e-07 1.0629675e-06 3.7034137e-05 2.4679583e-05 4.521745e-07 2.832587e-07 4.6984087e-06 2.5204196e-07 1.3334527e-07 1.5344339e-06 3.7575228e-06 1.28898e-07 2.8122733e-05 1.9053543e-05 5.208683e-07 2.7293158e-06 5.656689e-07 1.7211353e-07 1.2192155e-06 7.454482e-08
0.8372134 0.00011500107 0.006061155 1.3545966e-06 0.0011012217 0.20318338 0.35541135 6.905828e-05 0.21915182 0.5054273 0.010243847 0.031937666 9.687729e-05 5.015408e-05 0.00076625205 0.685718 0.03092399 0.16173609 0.9792326 3.9733596e-15 0.94894826 0.2645033 0.84413743 0.050276082 0.00029190673 0.5398852 0.0002088321 0.20683281 0.33550414 0.24749519 0.036323585 0.005085148 0.006541825 0.013648781 0.061840605 2.616096e-06 0.0013158328 0.00014122043 0.00538524 0.045499843 0.014540237 0.0052130986 0.030389246 9.630621e-08 0.3103094 0.0014352882 7.751625e-05 0.0035758836 0.012065322 0.0076825707 2.7976232e-06 0.00048258176 0.0009856072 0.0019649044 0.00041390816 0.0018976781 0.000136519 0.0020094502 0.0007476397 0.00080147525 7.107787e-06 0.0008119799 1.1578367e-07 6.884359e-05 0.00014700911 0.00032140806 8.4687775e-07 0.00032451793 8.167082e-06 1.6849284e-05 0.001589298 1.7576313e-05 0.00018812687 9.1730144e-05 6.631612e-05 5.535761e-08 8.194815e-05 1.2535292e-05 3.5469859e-07 9.469343e-09 0.000317378 5.7013956e-08 2.1771214e-06 0.00013648007 0.00013129265 1.508383e-06 1.4553513e-07 1.533142e-06 7.147484e-08 1.0462277e-07 8.740894e-06 3.002597e-06 7.9010476e-08 3.098044e-05 9.214315e-06 8.146627e-07 1.5565166e-06 1.5886889e-07 2.1917592e-07 7.0616096e-07 4.9325187e-08
0.7277404 0.000170469 0.006370435 3.1199063e-06 0.0012446 0.120006196 0.19334872 0.00017986732 0.12766376 0.30175793 0.0153055005 0.014614997 0.00019662088 6.817008e-05 0.0010889875 0.4713442 0.04993694 0.30976996 0.97415906 0.94894826 6.9203824e-15 0.14662011 0.88576126 0.048010636 0.00039810833 0.82574373 0.00018732875 0.49111876 0.4553969 0.4979078 0.05629288 0.007837085 0.006472665 0.010991784 0.12392878 4.523145e-06 0.0028851856 0.00021259826 0.0065281917 0.10622674 0.026238985 0.008490487 0.06964089 2.8991929e-07 0.4726013 0.0025365446 7.2216986e-05 0.0031868522 0.017659087 0.018310172 2.3108685e-06 0.0014529238 0.0019833914 0.0036957697 0.0006002678 0.003549027 0.00041888905 0.0035780445 0.001153391 0.0015006596 1.23030995e-05 0.0006624981 2.9402435e-07 2.745427e-05 9.7184784e-05 0.0002671202 1.0032936e-06 0.00046420898 1.0692993e-05 3.1697433e-05 0.001810701 6.9229856e-05 0.000116808405 3.8557733e-05 0.0001561271 4.825824e-07 6.6380344e-05 2.2141198e-06 2.1876695e-06 5.2956874e-08 3.543558e-05 4.1937363e-07 2.7331057e-06 9.82505e-05 5.1077768e-05 3.1413006e-06 4.539466e-08 6.4791802e-06 1.8051318e-07 1.711444e-07 2.3683306e-06 9.011971e-06 2.814398e-07 3.6224057e-05 2.8888612e-06 1.5548355e-06 1.969448e-06 5.91981e-07 3.9381257e-07 2.5341214e-07 5.379123e-08
0.943008 0.00018659879 0.0020390553 1.1957745e-05 0.00080825755 0.03755686 0.01793622 2.8515407e-05 0.09972345 0.33614397 0.005237304 0.040648762 7.500124e-05 3.8154853e-05 0.0005143956 0.7398693 0.0042149723 0.013785964 0.040350493 0.2645033 0.14662011 4.8405084e-13 0.7940031 0.95462507 7.297731e-05 0.2418907 6.2658175e-05 0.088593185 0.07976525 0.3291426 0.7919696 0.8033902 0.22670986 0.22362153 0.013852346 1.1987352e-05 0.64117104 0.00012517511 0.5162362 0.26477933 0.35265198 0.000932776 0.013370086 1.4483197e-06 0.22461277 0.10142488 0.00023810106 0.106696896 0.13045387 0.005655458 2.0293535e-05 0.08576161 0.12310232 0.118365005 0.018855933 0.10102457 0.010664103 0.010119595 0.0142335845 0.0042962544 1.1127026e-05 0.005856925 6.455329e-08 2.581844e-05 0.0055996026 0.002046097 9.526698e-07 0.0053368486 0.00014414066 5.288857e-05 0.011267672 0.0013341517 0.0034694336 0.0005791252 0.0013630525 2.8158247e-06 0.0002085479 0.00019455884 8.8134783e-07 3.5650055e-06 0.0006973947 1.5803316e-06 3.0943e-05 0.0014775636 0.0003077477 2.2304756e-07 1.1938893e-06 2.9435105e-06 1.3173853e-06 5.389195e-07 2.7233568e-06 4.335793e-06 3.9721218e-07 6.3813463e-06 1.1960393e-05 7.097514e-07 1.8147679e-06 7.197932e-06 3.9061174e-06 7.027753e-06 6.553835e-08
0.93456304 0.00010303657 0.0023445426 3.349516e-07 0.00041210977 0.06950563 0.04907501 1.2249561e-05 0.20616397 0.4701115 0.0018679367 0.022994334 4.9779108e-05 9.972984e-06 0.00033891964 0.795113 0.0039742384 0.057066582 0.3734652 0.84413743 0.88576126 0.7940031 1.13336515e-14 0.36510196 6.410353e-05 0.8562426 2.7307673e-05 0.5078366 0.4876539 0.9058916 0.71691716 0.27726835 0.1573361 0.13298139 0.09100722 7.6892065e-06 0.040803418 0.000118932556 0.15639357 0.6576379 0.4780346 0.0036158876 0.1058283 2.9157187e-07 0.63354397 0.06180201 3.2329823e-05 0.047568444 0.20101342 0.019540831 2.7816288e-06 0.01687624 0.02680146 0.053740837 0.0062809843 0.053658642 0.0031271284 0.030423235 0.010050749 0.0075175865 1.2208904e-05 0.0046715476 3.7557868e-07 2.9604911e-05 0.000846303 0.0029856688 8.4775854e-07 0.0051732007 2.640745e-05 5.00493e-05 0.009693946 0.00055491395 0.0013503153 0.00038339707 0.0004945687 1.8864473e-07 0.0010149768 4.551251e-05 9.624079e-07 9.481854e-08 0.002320835 2.8281494e-07 2.7497557e-05 0.0024329587 0.00061677664 2.2424956e-06 1.4299107e-07 1.4218612e-06 1.0649394e-07 6.945042e-08 5.455262e-06 9.908916e-06 2.8462048e-07 1.4212871e-05 3.2996973e-05 3.2070093e-07 2.2826218e-06 2.7059077e-06 1.9720537e-07 3.652392e-06 7.792007e-08
0.9660806 0.001482822 0.0013082332 0.00010963344 0.00063522474 0.009124048 0.008046467 9.102528e-06 0.014297445 0.06329598 0.0053137024 0.01798062 6.939836e-05 7.997256e-06 0.00023202959 0.68424517 0.007223945 0.016981615 0.016214188 0.050276082 0.048010636 0.95462507 0.36510196 1.2213716e-14 9.5166826e-05 0.15797307 2.2541095e-05 0.065540776 0.07148054 0.34875035 0.27046275 0.43158588 0.8682403 0.87504864 0.0071317563 5.6126424e-05 0.49202433 8.17523e-05 0.23532675 0.2663806 0.29304063 0.00041915075 0.012373654 9.335208e-06 0.29897276 0.29311466 0.00057993794 0.14551766 0.12453488 0.0028136477 8.060522e-05 0.09391263 0.14580508 0.11923105 0.026447764 0.09679986 0.01865717 0.013636838 0.024509361 0.006447151 4.494068e-05 0.0105766645 4.760856e-06 5.422755e-06 0.009509345 0.0026290643 1.240326e-05 0.0030701645 5.7753205e-05 0.00013608912 0.017829085 0.0051616197 0.010069337 0.0021893904 0.0030845553 5.8253177e-06 0.00035897075 7.1874e-05 8.100021e-07 2.1335272e-05 0.00044781363 9.4254295e-07 3.9773833e-05 0.00023399666 0.0012317124 3.4838938e-06 7.208167e-06 5.270828e-06 5.368256e-07 4.1083885e-07 1.8971178e-06 3.074932e-05 4.1161692e-07 6.608703e-06 2.290707e-05 5.433445e-06 1.3330031e-06 7.6816536e-07 9.753348e-08 1.8975684e-06 2.6697109e-07
0.0034141028 0.0006049484 0.012043037 1.6450136e-05 0.027039979 0.01751508 0.017405955 0.027733829 0.0040562227 0.0057492508 0.117460676 8.952911e-05 0.3725072 0.51685894 0.28693053 0.0007973562 0.3749298 0.09692748 0.0010615817 0.00029190673 0.00039810833 7.297731e-05 6.410353e-05 9.5166826e-05 4.597024e-16 0.00023044094 0.9829232 0.0003923323 0.00011138806 2.559454e-05 1.5700633e-05 1.2279955e-06 1.27064195e-05 5.1767118e-05 0.0009826443 7.237249e-06 3.8509845e-07 0.990774 6.9616107e-07 9.458229e-06 6.574866e-07 0.0064155883 0.00013262004 5.797675e-07 7.604159e-05 1.2093215e-06 1.0159393e-06 1.3760132e-05 3.6925744e-06 0.00014769952 1.0194595e-06 5.6661946e-08 2.5725237e-07 9.179109e-08 6.833885e-07 1.0118265e-07 5.97091e-08 2.398279e-07 3.5148265e-08 7.902329e-08 2.0374544e-06 1.2774412e-07 1.9185634e-08 0.0016535522 6.148219e-07 5.756344e-07 2.4646077e-08 1.9717916e-06 2.084108e-07 0.00026907385 9.9347904e-05 6.002757e-08 1.0666613e-07 2.9741605e-08 4.3463393e-07 9.4120287e-07 1.6829202e-06 2.5179677e-08 7.914135e-09 8.43478e-07 1.1058632e-07 1.5533972e-07 1.2061332e-08 2.0951202e-07 1.8243392e-10 2.2183931e-08 1.0610204e-07 2.4369584e-08 3.9384e-09 3.127617e-09 2.2965058e-07 1.5214484e-07 2.6276112e-09 5.436897e-08 1.4586541e-07 2.994795e-08 9.560615e-08 5.020801e-09 4.471486e-11 6.691896e-09 1.6778625e-08
0.871216 8.921069e-05 0.007997375 4.2687003e-07 0.001444762 0.19522561 0.111877345 4.9178852e-05 0.2981936 0.532653 0.023806712 0.027567102 0.00030734998 2.2393016e-05 0.0010476321 0.7441324 0.016229907 0.1891057 0.75064313 0.5398852 0.82574373 0.2418907 0.8562426 0.15797307 0.00023044094 3.8680014e-14 6.5879976e-05 0.96000683 0.8831187 0.8413002 0.12627614 0.032077737 0.045071024 0.051174764 0.1417519 1.5617781e-05 0.007195524 0.00041011043 0.023194475 0.17111841 0.119144835 0.010928843 0.13934019 2.0591202e-07 0.646578 0.011679332 9.0428395e-05 0.017035922 0.02582171 0.025426328 1.9407553e-06 0.0027752277 0.0053802733 0.0029840248 0.0017966864 0.0027853746 0.00050977163 0.007405786 0.003407756 0.0012802569 2.1350457e-05 0.0006292757 2.828341e-07 3.2157375e-05 6.937936e-05 0.00028008592 1.7197156e-06 0.0004903361 2.2001634e-05 3.49967e-05 0.0023516612 7.157959e-05 8.164236e-05 4.7869682e-05 0.00020603316 2.168105e-07 0.00013974737 7.497975e-06 9.686943e-07 6.6221794e-08 0.000122009034 1.419968e-06 1.0220022e-06 0.00021521369 6.772441e-06 7.982089e-07 1.786192e-07 9.5047363e-07 3.9665608e-07 2.3748134e-07 1.9713805e-05 8.936239e-06 2.2930546e-07 2.704423e-05 2.9514224e-05 5.7506816e-07 2.6913924e-06 8.546969e-07 8.7106855e-08 2.0296572e-07 2.8380287e-08
0.002233242 0.0068339286 0.010620213 2.7074268e-05 0.01805579 0.006361235 0.005238461 0.039558526 0.0007798903 0.0010260991 0.03081214 0.00012191425 0.12908271 0.8681699 0.09570539 0.0002826056 0.050361913 0.0066182907 0.00073853735 0.0002088321 0.00018732875 6.2658175e-05 2.7307673e-05 2.2541095e-05 0.9829232 6.5879976e-05 1.8722708e-14 4.6370344e-05 4.44865e-05 1.3717006e-06 1.0807034e-05 3.331583e-07 1.7505592e-06 7.5088733e-06 8.3478015e-05 4.067487e-06 1.0099909e-07 0.9375904 3.6120593e-07 3.0899355e-07 4.8915604e-07 0.00511428 8.299977e-06 2.6740233e-06 4.185568e-06 2.7151785e-07 0.00026708582 1.7728642e-06 4.1460698e-08 7.771988e-05 1.8698847e-05 3.4091634e-08 2.191503e-08 8.083985e-09 2.2640691e-07 8.365595e-09 1.264817e-07 2.5479986e-08 1.5154438e-08 1.13236815e-08 1.6654081e-05 2.2964915e-08 3.131582e-08 0.95072937 2.5412183e-08 3.797434e-08 1.4127193e-07 2.9072555e-07 1.1284496e-06 0.000118247655 0.0005249848 4.2043144e-08 8.843759e-08 7.1365274e-09 1.1330671e-06 1.5802976e-07 1.0311363e-06 3.947492e-09 9.4273936e-08 1.6419989e-06 9.150214e-08 6.007542e-07 8.8348817e-10 4.5192248e-08 9.0492785e-10 2.6230748e-07 9.009393e-06 6.408097e-07 1.4444758e-07 8.0181884e-08 7.1662976e-07 1.1124489e-07 1.8360343e-09 1.6923346e-07 4.0545112e-07 2.7700247e-07 4.9680864e-08 1.3291251e-08 4.6127754e-11 2.676928e-09 3.1976075e-08
0.50309724 4.5657147e-05 0.0043210606 3.4824672e-07 0.0014161321 0.08743362 0.05607507 8.2059116e-05 0.11636074 0.21543887 0.015820276 0.006302144 0.00051289884 2.9539846e-05 0.00087770465 0.34178188 0.017362345 0.15677412 0.4140014 0.20683281 0.49111876 0.088593185 0.5078366 0.065540776 0.0003923323 0.96000683 4.6370344e-05 8.0098554e-16 0.9796049 0.8214416 0.07544193 0.022001958 0.020873811 0.02582799 0.07217837 1.1153192e-05 0.00724976 0.0003920869 0.01474995 0.15659256 0.07566558 0.009381685 0.2245242 2.7315073e-07 0.6420761 0.007673381 5.6530065e-05 0.005431813 0.032660943 0.058559805 1.2680762e-06 0.004284176 0.007829195 0.003574339 0.0009949288 0.0031800456 0.00070614694 0.010463327 0.0029264218 0.002327188 2.780697e-05 0.0006339046 5.7416565e-07 1.2490388e-05 0.000117108335 0.00021450962 1.4240622e-06 0.00031077873 1.3483824e-05 2.8932905e-05 0.0008607678 0.00010203622 7.6624696e-05 3.7650967e-05 0.0004322513 3.6460665e-07 4.4940723e-05 2.4476938e-06 2.1693388e-06 2.1348113e-07 1.4931725e-05 3.923822e-06 8.705367e-07 0.00010122508 6.8994024e-07 1.4143578e-06 1.244943e-07 7.466367e-07 3.1584906e-07 4.4900284e-07 1.1800921e-05 3.4867326e-06 2.6408605e-07 1.3717837e-05 1.4945037e-06 8.8912054e-07 1.9987117e-06 4.3416992e-07 1.9364455e-08 1.5918166e-08 3.974167e-09
0.5842232 6.7032335e-05 0.010094634 1.4112213e-06 0.001731753 0.14749049 0.07289315 0.0003441211 0.19642481 0.38285065 0.020802777 0.007751721 0.0004120712 9.4196344e-05 0.00085828523 0.5257788 0.024470871 0.2679878 0.52827644 0.33550414 0.4553969 0.07976525 0.4876539 0.07148054 0.00011138806 0.8831187 4.44865e-05 0.9796049 3.8431687e-13 0.4830412 0.0650259 0.027369464 0.011286999 0.022880072 0.29937628 4.523811e-05 0.005107495 0.00018947657 0.0151590435 0.11069276 0.06609199 0.030576538 0.5138732 2.0157927e-06 0.9277844 0.0042016613 3.861201e-05 0.0027966257 0.021330742 0.30666387 2.4024305e-06 0.0030569646 0.0038362183 0.001175584 0.00066942105 0.0009100983 0.001649509 0.0039993036 0.0016785654 0.00072562747 0.00020231825 8.86703e-05 2.3086513e-05 3.9889463e-05 3.8072267e-05 0.00018118661 1.0593592e-05 0.00027454807 3.3171298e-05 3.3712215e-05 0.00091631786 5.740337e-05 6.8818217e-06 9.358376e-06 0.00033674153 7.125161e-06 6.8405825e-05 6.9031116e-06 2.5689849e-06 8.212198e-07 8.664422e-06 1.0274087e-05 1.2152617e-06 9.9608034e-05 6.0217906e-07 5.9283917e-07 1.16677526e-07 8.542451e-06 1.916786e-06 1.999707e-06 4.666787e-06 4.8830334e-06 2.5399768e-07 1.5521044e-05 8.04479e-06 5.8036056e-07 3.6886147e-06 1.353336e-05 9.647989e-09 4.71608e-07 1.6066133e-08
0.8738933 2.1358868e-05 0.0014304672 5.6262085e-08 0.00028017568 0.030290697 0.015557918 2.7569017e-06 0.05856419 0.20392784 0.0016170301 0.006821814 2.4431378e-05 5.0591934e-06 0.0001312143 0.52227294 0.0006670434 0.013067931 0.20103194 0.24749519 0.4979078 0.3291426 0.9058916 0.34875035 2.559454e-05 0.8413002 1.3717006e-06 0.8214416 0.4830412 2.1806791e-15 0.4685845 0.22954859 0.15931278 0.19363424 0.027210204 1.0591692e-05 0.047139496 2.6572212e-05 0.11423203 0.96838796 0.5645944 0.001829654 0.12085287 8.889726e-08 0.8379355 0.08460959 8.4395715e-06 0.04389478 0.39983058 0.009472998 1.511174e-07 0.041389223 0.054434504 0.038810942 0.008469025 0.037337977 0.007138214 0.06595816 0.02224102 0.011402581 1.0479814e-05 0.003426534 1.5945242e-06 2.8557033e-06 0.0004884627 0.0022325136 7.526499e-07 0.0035543465 5.1577913e-06 2.2878252e-05 0.0063345134 0.0007508472 0.00075495866 0.0002484708 0.0014443721 1.4413853e-07 0.0011376311 2.6257376e-05 4.995664e-07 7.198131e-08 0.00067960186 3.6259067e-07 8.5980565e-07 0.0012990211 4.9102537e-06 9.2236164e-08 4.5840142e-08 2.0840285e-07 1.5438494e-07 4.162305e-08 4.320834e-06 1.5532528e-06 2.8507941e-08 5.0469775e-06 6.240163e-07 6.691115e-06 4.591831e-07 6.42106e-07 2.0227384e-08 7.538111e-08 2.5017521e-09
0.78653073 5.2451862e-05 0.0004049117 1.9945094e-06 0.00012642906 0.00807302 0.0040319813 1.5890092e-06 0.025985612 0.08885538 0.00040285336 0.0080071315 2.6460895e-05 1.0485011e-05 0.00017796602 0.23586509 0.00069210544 0.003185046 0.011346839 0.036323585 0.05629288 0.7919696 0.71691716 0.27046275 1.5700633e-05 0.12627614 1.0807034e-05 0.07544193 0.0650259 0.4685845 1.727757e-14 0.98612297 0.12839109 0.12060796 0.00625932 7.580609e-06 0.10317298 2.1295347e-05 0.3686793 0.5610829 0.9570224 0.0004270118 0.013720482 1.302421e-06 0.31568563 0.033647705 4.8751113e-05 0.06800369 0.4098312 0.0049960027 8.541611e-06 0.04887011 0.12775125 0.2695728 0.017254729 0.20203955 0.013398277 0.057333592 0.030604646 0.015992226 8.235449e-06 0.008200613 4.713144e-07 2.6347466e-06 0.00607575 0.0045341845 1.857368e-06 0.0038860815 6.139781e-05 7.810641e-05 0.007019797 0.0011255558 0.0017963754 0.00097650295 0.0012065708 1.7894546e-06 0.0004181622 8.350349e-05 3.2149833e-07 5.402631e-07 0.0014124379 1.6473615e-06 2.8367558e-05 0.0019233453 0.00029271128 5.6470114e-08 2.5990823e-07 3.4999052e-06 4.1993312e-07 2.1132547e-07 5.873638e-06 1.8127726e-05 2.274008e-07 4.825799e-06 5.9019376e-06 1.3840129e-06 2.0513244e-06 1.9606493e-06 3.3003425e-07 4.7323515e-06 8.8147424e-08
