4.880734e-32 0.95904833 0.83774716 0.3797394 0.85947937 0.35933858 0.62225646 0.5952832 0.83706355 0.9034203 0.9112547 0.48974532 0.9133199 0.6171741 0.89769405 0.49865472 0.85664356 0.91760594 0.19787328 0.7189881 0.34800243 0.30023962 0.8391106 0.72703886 0.8783795 0.36235648 0.3621533 0.97433174 0.5844772 0.59611994 0.20945556 0.05817639 0.9327401 0.97924185 0.10952701 0.009393758 0.08179335 0.031764843 0.99280244 0.80868703 0.08506746 0.55723864 0.011945655 0.0060251346 0.9757574 0.008093568 0.043246992 0.004912867 0.056998998 0.022575645 0.97566384 0.8410533 0.028919555 0.0011175526 0.93157285 0.6957872 0.8570128 0.99586993 0.0006352523 0.7017692 0.9838019 0.0009963843 0.012031735 0.9988932 0.00027793355 0.012014725 0.0015168717 0.11910905 0.019358452 0.9968625 0.003418519 0.0032019347 0.9707031 0.993018 0.00021074917 0.94289213 0.00013732295 0.413813 0.99199027 2.4268871e-05 0.99394673 0.36139777 4.322092e-05 0.00025565497 5.1689153e-06 0.99991226 0.022133883 7.1333884e-06 2.341615e-05 0.00011650113 4.3431673e-06 0.000112569374 0.09166268 0.064067 1.5930555e-05 0.9999709 0.995053 0.00052419264 1.1139527e-06 0.23163544 0.8669584
0.95904833 5.301759e-20 0.37509605 0.62556154 0.42775375 0.22257657 0.16650507 0.6137978 0.057901245 0.14240547 0.11226491 0.5069341 0.030372003 0.12248622 0.11628295 0.13553466 0.013444566 0.19377838 0.49760717 0.016425489 0.0061458685 0.09728056 0.0028090177 0.06660467 0.020718416 0.03791389 0.006872319 0.17850865 0.020172376 0.0026773675 0.011583139 0.050025016 0.018748773 0.065152675 0.092090756 0.04498856 0.0033655101 0.014600328 0.07070532 0.00018950204 0.0002014215 4.618919e-06 0.10482793 0.13386013 0.054808818 0.0992039 0.0013284675 0.019600121 0.0036559226 0.00021606672 0.10760016 0.017277412 1.1940438e-05 0.0133639155 0.006690471 9.404504e-06 0.00020959326 0.19773538 0.0047169533 5.9752598e-05 0.01752193 0.06599478 0.00773923 0.11878861 0.004809246 1.8488809e-05 0.002576326 2.7031774e-07 2.5673144e-06 0.014552578 7.804092e-06 0.0010134471 0.001884821 0.0023936795 0.021264188 0.00037826004 5.8392536e-05 1.1823372e-05 0.10154992 0.00044156754 0.1575851 0.008796664 0.0010767445 2.5716286e-05 0.00017778165 0.0017138191 2.1834237e-06 0.00077737076 0.00017468371 0.00013185594 0.003549936 2.6041986e-05 1.9870404e-06 2.059681e-06 0.0019647768 0.0023953486 6.806892e-05 1.7955522e-06 0.00019753998 0.012745684 4.319536e-06
0.83774716 0.37509605 1.00463974e-19 0.5933654 0.4139947 0.3597435 0.7944556 0.06768731 0.84247977 0.1879301 0.40513712 0.032300893 0.2628062 0.005152143 0.2583199 0.024126008 0.10267621 0.058892436 0.16229492 0.08052614 0.00024348215 0.118838355 0.02318549 0.009301395 0.17792644 0.08608104 0.0003236038 0.26703897 0.0042186435 0.014076194 0.02542097 0.05050674 0.18765329 0.013014265 0.0019224749 0.023734022 0.00019459038 0.022781497 0.17457227 0.0024799355 0.002030882 0.00024857532 0.0031668188 0.0134538775 0.18983988 0.0031924874 0.0035987725 0.021154657 7.50718e-05 0.0014019842 0.006731001 0.002341058 0.0002018557 0.009897442 0.053612404 0.00021165273 0.0018083542 0.05598957 0.005163641 0.000778771 0.10301253 0.0062646708 5.7344165e-05 0.05306236 0.0046212347 0.00015290115 0.0047605727 1.4430414e-05 5.583674e-05 0.107998036 2.9059142e-05 1.687648e-05 0.021436986 0.029120328 0.0070982096 0.0056164423 0.00012496553 9.727287e-05 0.010238115 0.0016549524 0.012718041 0.00074916036 0.0026337458 2.6410497e-05 0.0007502836 0.019524522 1.9087553e-05 0.00046390717 0.0001487583 1.6403475e-06 0.0013482205 7.048476e-07 1.0271825e-05 2.3912859e-05 0.00022935041 0.0025860567 0.0006148225 2.9345529e-06 0.00035641115 0.00042250167 0.00012058069
0.3797394 0.62556154 0.5933654 3.8637496e-24 0.1318385 0.8823184 0.6488497 0.040086474 0.13610485 0.04777956 0.10371058 0.021230284 0.04349903 0.0026392548 0.08125024 0.0096973935 0.023073178 0.029877726 0.42962146 0.04325889 4.8948878e-05 0.16355094 0.004043302 0.0031762463 0.059461214 0.031824324 0.00010208177 0.06487902 0.0024671254 0.0018112919 0.0075753485 0.08160017 0.039263304 0.0041019553 0.003148176 0.051568512 5.338691e-05 0.014373183 0.031042825 0.0004653313 0.00021338396 5.3238828e-06 0.0053434796 0.023642141 0.03924918 0.004922963 0.0009542703 0.01713937 5.0366758e-05 0.00018730696 0.0025124883 0.000612321 5.321198e-06 0.013441618 0.0072714644 2.4616093e-05 0.00028225087 0.011771293 0.0047648465 0.000111136585 0.02179338 0.01232395 0.00012762097 0.00818994 0.008148707 4.0423433e-06 0.0024988283 5.3243826e-07 7.416499e-07 0.012339656 8.139964e-07 8.593708e-06 0.004228774 0.004448765 0.015075915 0.00075147656 4.0879095e-05 9.331425e-06 0.002333661 0.0022043115 0.003856062 0.00028282643 0.0044475496 5.7928037e-06 0.00070340594 0.0014919349 1.2352908e-06 0.00058146723 4.1080013e-05 5.639583e-07 0.0009993932 1.605819e-07 2.5375714e-06 2.4195142e-06 0.00038623184 0.0003715218 0.000105336556 2.7731042e-07 0.0003750638 0.00013526759 1.4250275e-05
0.85947937 0.42775375 0.4139947 0.1318385 6.464186e-20 0.050006326 0.08982355 0.17088796 0.12270828 0.8574175 0.49059448 0.093696766 0.072482966 0.027389353 0.34785903 0.18099946 0.024236258 0.6902156 0.037879135 0.015172018 0.0038477324 0.016132286 0.003076563 0.12520315 0.12887019 0.012106967 0.0034811546 0.5781972 0.0608689 0.0006881694 0.0049327803 0.007891252 0.13918436 0.21179603 0.0029131228 0.0015314458 0.0018205101 0.0032347573 0.24955869 0.00024280342 0.0008016846 1.975557e-05 0.0025316784 0.003562413 0.12902461 0.0024246422 0.0008075456 0.002320834 0.00035058582 0.00014898703 0.081053175 0.028798671 5.855291e-05 0.0008259427 0.014981472 6.9088424e-06 0.00026577245 0.28307432 0.00069919846 3.690717e-05 0.09507498 0.003062262 0.00040261736 0.22945173 0.00030164025 3.3288296e-05 0.0007848172 5.0633463e-07 1.4360699e-05 0.1446801 1.5167676e-05 0.00014579066 0.005622085 0.012310882 0.00249948 0.00071734644 3.5958477e-05 4.291839e-06 0.08046592 0.0003027267 0.119833514 0.003129257 0.0006386357 1.0614587e-05 0.00020168387 0.023587814 2.071453e-06 0.000107060805 5.84923e-05 6.767102e-06 0.001343587 1.7984897e-06 1.7027303e-06 2.6324963e-06 0.0023458654 0.016321672 0.00011788992 2.164887e-06 0.0001859548 0.007354943 7.402081e-06
0.35933858 0.22257657 0.3597435 0.8823184 0.050006326 4.7175258e-23 0.720287 0.017317051 0.16402617 0.019293113 0.06491023 0.0059723626 0.055034984 0.0012440862 0.05754076 0.0028398372 0.03872169 0.0063823503 0.5552909 0.08706834 2.8916742e-05 0.43245295 0.017497519 0.0014126946 0.0712474 0.1446124 6.94108e-05 0.030950174 0.0016098084 0.0118573615 0.045327242 0.17695972 0.03588255 0.0014185659 0.0022760814 0.093121976 4.109435e-05 0.052368887 0.018815098 0.0020801646 0.0038699214 0.00010839534 0.0028179942 0.008780018 0.030489733 0.0019289055 0.007512721 0.047831595 9.089785e-06 0.0021501738 0.0007457086 0.00019763024 0.00012850814 0.029360699 0.0114661595 0.0006162839 0.00139919 0.00412547 0.014758211 0.0011121102 0.025975868 0.0039945883 7.100237e-05 0.003002577 0.0137095805 7.870369e-05 0.010782551 9.995589e-06 1.8450075e-05 0.011050627 1.436111e-05 7.84241e-06 0.008386982 0.009207732 0.014327261 0.0018825494 0.00036339706 0.00031801758 0.00033211577 0.0065418063 0.0006632751 0.00015228616 0.008695469 5.991533e-05 0.002521657 0.00096026814 6.4765427e-06 0.0026067756 0.0002704089 3.8462056e-07 0.00039356103 1.0442998e-07 4.4236214e-05 4.2834956e-05 0.000107319116 0.0001133251 0.00040385214 9.623216e-07 0.00039297895 7.091048e-05 9.111712e-05
0.62225646 0.16650507 0.7944556 0.6488497 0.08982355 0.720287 3.3183255e-20 0.05074422 0.77316594 0.04592202 0.13840538 0.014698528 0.29104024 0.0019772507 0.124578945 0.0053692632 0.21854527 0.013786331 0.24885146 0.47894084 8.0861064e-05 0.30085552 0.078316696 0.0030940406 0.16101298 0.34269795 8.0885206e-05 0.07544839 0.0025824867 0.094350524 0.08103806 0.11243474 0.12129716 0.0025924544 0.0015801637 0.055281032 5.30782e-05 0.07831727 0.05614482 0.009660324 0.016925488 0.0030408488 0.0023929023 0.0065245754 0.079652295 0.0020978118 0.029971395 0.058324225 2.037473e-05 0.009455628 0.0023751196 0.00052444614 0.002188884 0.025846094 0.043660056 0.0015609725 0.0045120795 0.010192415 0.021079302 0.0025781717 0.07778169 0.0027511148 9.5084906e-05 0.008434454 0.00968676 0.0010995175 0.025246214 0.00020407801 0.00048497538 0.038694955 0.0003551971 8.603237e-06 0.022762638 0.025837783 0.0057370784 0.00811199 0.0015794488 0.0011834581 0.0009468698 0.005623355 0.0025936924 0.00047542798 0.005272198 0.00028572124 0.002753192 0.00560253 0.00013419689 0.003362286 0.00088814733 7.3029724e-07 0.00066983583 2.0568416e-07 0.00018491638 0.0002557413 7.853447e-05 0.00029569626 0.0027958723 1.4090368e-05 0.00024163273 8.538904e-05 0.0010117177
0.5952832 0.6137978 0.06768731 0.040086474 0.17088796 0.017317051 0.05074422 1.360379e-20 0.045857426 0.06189612 0.04434803 0.9216052 0.013733179 0.24420571 0.040153384 0.060185365 0.009476766 0.05514722 0.1391061 0.010237387 0.018569557 0.03131341 0.001777653 0.022683293 0.012061019 0.013987465 0.05134709 0.04790724 0.0138386395 0.0017107648 0.005786049 0.03892931 0.009083524 0.023170438 0.22619067 0.022185745 0.007345144 0.014470725 0.021247461 0.00016305404 0.00041148943 3.4964043e-05 0.16833924 0.12504026 0.01332416 0.151432 0.00095025176 0.019759987 0.008322924 0.00037044997 0.032431554 0.01064835 3.5286695e-05 0.012211229 0.0018630717 5.6945624e-05 0.00023374663 0.039834324 0.007856459 0.00014683229 0.0053097317 0.04786655 0.02283312 0.017219122 0.0053674555 7.88823e-05 0.0070986496 1.0080435e-05 1.3687049e-05 0.0045536608 2.1544522e-05 0.0022680534 0.00069854065 0.00062382955 0.01604493 0.0002240467 0.00072889944 9.939367e-05 0.031851552 0.0014030336 0.027272549 0.001703385 0.0017599622 7.95226e-05 0.00047123132 0.0012408184 4.5294364e-05 0.0011542852 0.0009266927 5.3316035e-05 0.004498369 1.4473566e-05 9.893208e-05 0.00013612428 0.0060936343 0.0025514544 0.00017945303 4.3007058e-06 0.00058110553 0.005238628 0.0001334662
0.83706355 0.057901245 0.84247977 0.13610485 0.12270828 0.16402617 0.77316594 0.045857426 1.8808686e-21 0.07031188 0.18277396 0.014413868 0.74425673 0.0007842217 0.1684081 0.006331831 0.42499775 0.017224371 0.12508762 0.35056302 4.278866e-05 0.14789294 0.1527664 0.0036401695 0.3210509 0.20063055 2.5454474e-05 0.13645567 0.0022635763 0.07827177 0.066749796 0.068599254 0.20545776 0.0034026804 0.0010664489 0.022520836 4.6858724e-05 0.06515392 0.10083284 0.019943792 0.022952886 0.006076866 0.0014425226 0.0045707533 0.1675114 0.0011147871 0.038584128 0.041835245 1.3865515e-05 0.012039614 0.0022032964 0.0006026519 0.0041389433 0.010454191 0.10552728 0.0030250603 0.011011761 0.015107371 0.010832663 0.0042928364 0.16569209 0.0018684595 4.398965e-05 0.015822433 0.0037394573 0.002348406 0.020147838 0.00039371778 0.0014582605 0.11383413 0.000683533 1.7713135e-05 0.06883503 0.074254006 0.002287674 0.020581752 0.0025405416 0.0016644262 0.0017480672 0.0022607942 0.0030890552 0.00025204234 0.0017216947 0.0006670093 0.0011624527 0.020217957 0.00017635424 0.0015197112 0.0012013584 5.80978e-07 0.00039857448 2.3140099e-07 0.00020804295 0.00041513858 7.071928e-05 0.0007101798 0.0037815333 4.2286e-05 0.00020924816 5.1947485e-05 0.0013081342
0.9034203 0.14240547 0.1879301 0.04777956 0.8574175 0.019293113 0.04592202 0.06189612 0.07031188 1.0625641e-21 0.5072893 0.024765044 0.04777371 0.0060953433 0.40194452 0.074871935 0.018848851 0.5779809 0.010607463 0.008281717 0.0012439042 0.0076673967 0.002697547 0.06540978 0.13411996 0.0072610625 0.0008224908 0.625882 0.024764605 0.0004299521 0.0025466736 0.004160893 0.15007566 0.13634202 0.00091064925 0.00040698503 0.0006786449 0.0015490827 0.28885317 0.00019079425 0.00030912636 1.396944e-05 0.00077420793 0.0017904397 0.18072462 0.00054573285 0.0002738789 0.0012044323 4.7817208e-05 5.2838805e-05 0.029833956 0.010944154 2.153039e-05 0.00033715527 0.025072109 1.4314755e-05 0.000503669 0.21049564 0.00041590282 7.175011e-05 0.1025921 0.0009845587 4.9165305e-05 0.19264127 0.00017725784 1.5090931e-05 0.0006825106 5.2668105e-07 1.35975e-05 0.1439398 8.055952e-06 3.9377053e-05 0.008440373 0.014183192 0.0026931707 0.0010765637 4.4799985e-05 6.802314e-06 0.043303 0.00018115966 0.062791474 0.0009695563 0.00051420066 1.5066039e-05 0.000119632496 0.05408408 7.231771e-06 0.00026556925 0.000102421705 4.7984154e-06 0.001180565 1.4252932e-06 2.8045768e-06 2.2198876e-06 0.002743323 0.022026798 8.127329e-05 2.8155698e-06 0.0003808414 0.0022711128 4.136603e-06
0.9112547 0.11226491 0.40513712 0.10371058 0.49059448 0.06491023 0.13840538 0.04434803 0.18277396 0.5072893 1.8279462e-19 0.014562573 0.15178137 0.0014833608 0.81117326 0.017614365 0.063251615 0.16096362 0.040843677 0.040551286 0.0002510018 0.026536513 0.015378854 0.014555679 0.36725837 0.030589908 0.0001607383 0.51180065 0.0066049327 0.0030157422 0.011032564 0.0129076075 0.33581483 0.027098192 0.0005012248 0.001717783 0.00012360675 0.0059048915 0.26439607 0.003903602 0.0011423795 0.00021221137 0.0003579817 0.0012884529 0.23416768 0.000287567 0.0010427858 0.0046441047 7.3281626e-06 0.00022493649 0.0030396616 0.00121661 8.817236e-05 0.0011211303 0.047477905 0.000261444 0.0039736014 0.044938605 0.00092548266 0.0008428492 0.14011607 0.0009306249 1.7193572e-05 0.049688853 0.0007580461 5.9843667e-05 0.002163748 7.940653e-06 8.676946e-05 0.15629998 3.214864e-05 1.61003e-05 0.01611074 0.031004312 0.004255688 0.005807332 8.2672595e-05 0.00039247525 0.0026575064 0.0012292422 0.0040608756 8.367576e-05 0.0016984231 2.3610837e-05 0.0006938763 0.051280823 1.8982393e-05 9.498965e-05 8.100239e-05 3.9193543e-07 0.0019432176 1.3121696e-07 4.0655035e-05 8.460746e-05 0.0035190214 0.008864474 0.0010409531 1.770579e-05 0.0016756225 0.00014900736 0.00014998611
0.48974532 0.5069341 0.032300893 0.021230284 0.093696766 0.0059723626 0.014698528 0.9216052 0.014413868 0.024765044 0.014562573 5.835884e-24 0.0027109408 0.44341704 0.011112642 0.076352276 0.0016025584 0.023436047 0.07644667 0.0014545694 0.045414094 0.0052819336 0.00027492878 0.014226018 0.0016517035 0.0016253488 0.12149369 0.014678253 0.01586464 0.000101140075 0.00078043755 0.006983289 0.0016213291 0.008253958 0.40135553 0.009170427 0.016448986 0.003318152 0.005419292 1.6223328e-05 4.1447674e-05 1.8475191e-06 0.3016347 0.23755947 0.0028556844 0.26479623 0.00013265104 0.006716804 0.029627528 4.3824588e-05 0.01977789 0.011982498 5.5885243e-06 0.006394902 0.00034483057 1.9120755e-06 2.0002173e-05 0.009027886 0.0024153034 1.38989835e-05 0.001147031 0.061896186 0.04560733 0.004918301 0.0012746637 7.655753e-06 0.001844616 2.631978e-07 9.039813e-07 0.00071574055 2.1161195e-06 0.0030333805 0.00011006515 0.00014800267 0.028799145 1.0047782e-05 0.0001721189 1.8608766e-06 0.032880686 0.0007789867 0.03243123 0.0020968034 0.0014960191 1.321803e-05 0.00019806287 0.00034581093 1.1800488e-06 0.00045510946 0.00025919973 0.00016383856 0.010317434 3.2853164e-05 1.6764168e-06 2.9180733e-06 0.012670403 0.00083635113 3.3950175e-06 3.072358e-07 0.00064037537 0.0037050263 4.4710837e-06
0.9133199 0.030372003 0.2628062 0.04349903 0.072482966 0.055034984 0.29104024 0.013733179 0.74425673 0.04777371 0.15178137 0.0027109408 1.1963433e-19 9.7387325e-05 0.15442276 0.0010451319 0.780062 0.008148171 0.05235523 0.51512355 6.4945657e-06 0.112391606 0.48840487 0.00091184716 0.5949751 0.22411643 3.1302388e-06 0.10708379 0.0005171077 0.16644599 0.09737094 0.044969805 0.29617047 0.0015433782 0.00012289328 0.008898798 3.5583923e-06 0.060419947 0.097864956 0.14295971 0.04347912 0.034877326 0.00013046998 0.0010525347 0.2113751 0.000102372884 0.05166815 0.034316093 2.303157e-06 0.02440803 0.00060704857 0.00016754994 0.021044694 0.005385212 0.21261327 0.033821505 0.08524395 0.007786982 0.0070062424 0.03412551 0.23412445 9.9241835e-05 7.226077e-06 0.010178849 0.0021699362 0.016748229 0.022834148 0.003121658 0.011619428 0.14954828 0.0055016233 3.2725316e-06 0.11717361 0.14766477 0.0002573833 0.051717743 0.00449388 0.004825047 0.00052905665 0.00039526253 0.0008930267 5.7973768e-05 7.1936054e-05 0.0017035638 0.000578462 0.02168566 0.0011157913 0.0016014875 0.0015437243 3.009298e-07 5.3273085e-05 1.2884712e-07 0.00036610826 0.00059458683 1.0845163e-05 0.00034169236 0.0076596504 7.5293785e-05 6.827977e-05 1.3122649e-05 0.0040932735
0.6171741 0.12248622 0.005152143 0.0026392548 0.027389353 0.0012440862 0.0019772507 0.24420571 0.0007842217 0.0060953433 0.0014833608 0.44341704 9.7387325e-05 3.393053e-21 0.0010944478 0.21198432 8.5651656e-05 0.02526862 0.015756285 8.6824744e-05 0.62382716 0.0005363702 1.9418763e-05 0.07255202 7.662959e-05 0.0001263806 0.80872464 0.003413365 0.09931684 5.649959e-06 6.967336e-05 0.0010998893 0.00022682092 0.0191505 0.35569727 0.0009700348 0.23816495 0.0008099501 0.0015943008 1.6162152e-06 5.7306906e-06 1.5452e-07 0.14030094 0.03644838 0.00049079227 0.12375449 7.2430455e-05 0.0016769613 0.294051 7.4210243e-06 0.062493484 0.061992772 3.513327e-07 0.0004053632 2.0492802e-05 5.0269006e-07 4.2779006e-06 0.010917958 0.00028119257 3.2978242e-06 0.00039730087 0.016318658 0.07877323 0.0077254404 0.00017338745 6.863976e-07 0.0020322674 2.3018325e-08 1.6742078e-07 0.00030969083 3.0386641e-07 0.03574941 2.6972111e-05 3.812804e-05 0.0006239009 6.189934e-06 0.0001030574 1.3707095e-06 0.024432529 3.7670867e-05 0.017478695 0.02572144 1.6573718e-05 1.0402574e-05 6.3068e-05 0.00019496876 3.8449846e-07 0.00023600314 0.0002292553 0.0012300649 0.00057309156 0.00086688204 5.948043e-07 8.978117e-07 0.0024124845 0.0014207877 2.247217e-07 7.7238553e-07 6.7679157e-06 0.014952246 5.552321e-08
0.89769405 0.11628295 0.2583199 0.08125024 0.34785903 0.05754076 0.124578945 0.040153384 0.1684081 0.40194452 0.81117326 0.011112642 0.15442276 0.0010944478 2.625903e-20 0.009228391 0.08561796 0.1928562 0.021633297 0.0544929 0.000107243606 0.021052478 0.036803357 0.009121939 0.36785114 0.023479385 0.00012773128 0.63387865 0.0037560414 0.006067091 0.008185286 0.0066895173 0.41398492 0.023652092 0.00022949198 0.00055231876 7.9122874e-05 0.0023964432 0.31720042 0.008231956 0.0007070128 0.0003220512 0.000143777 0.0008500895 0.27595773 0.00010831277 0.00050533947 0.0014190387 6.537842e-06 0.00015209791 0.0021179884 0.0010005924 2.675216e-05 0.00024913685 0.07002679 0.00047727692 0.0041719014 0.056919914 0.00017955352 0.00090992433 0.17861183 0.0002558684 1.773159e-05 0.06549088 0.00016052413 2.5370597e-05 0.0004346499 4.5348975e-06 2.9712817e-05 0.16611803 2.1023077e-05 6.9579237e-06 0.013072643 0.026693298 0.004477026 0.002759705 1.662693e-05 0.00041647934 0.0033548088 0.00038357318 0.0054435437 6.1882194e-05 0.001672569 8.073905e-06 0.00022009411 0.06692042 8.062125e-06 5.375875e-05 3.5210083e-05 1.0443154e-06 0.0010809298 2.8115193e-07 1.2035693e-05 2.6836276e-05 0.0021210143 0.014674899 0.0008650045 8.281302e-06 0.0010521859 0.00010460288 8.246156e-05
0.49865472 0.13553466 0.024126008 0.0096973935 0.18099946 0.0028398372 0.0053692632 0.060185365 0.006331831 0.074871935 0.017614365 0.076352276 0.0010451319 0.21198432 0.009228391 4.411066e-21 0.00030198303 0.35406017 0.0035374062 0.00027252221 0.18684658 0.0014125254 5.2575015e-05 0.8547147 0.0015672024 0.000570343 0.13157855 0.040460344 0.9259405 4.9864822e-05 0.00022794768 0.00055953616 0.0034805553 0.20566577 0.017456623 3.146642e-05 0.023584839 0.0006186016 0.0121213095 5.135234e-06 4.4267024e-05 7.385542e-07 0.0042180317 0.0017600007 0.003324891 0.003357233 0.0001940798 0.0003725223 0.024155227 1.4204157e-05 0.3504556 0.24122918 1.380563e-06 1.7201855e-05 0.0001177945 1.4550508e-06 2.45517e-06 0.06118507 3.086069e-05 1.3042071e-06 0.0011968261 0.00033175934 0.008031896 0.03875303 1.6586448e-05 4.6332596e-07 0.000684008 3.6717992e-08 1.2819714e-07 0.0042061256 1.6774506e-07 0.0013507772 8.400493e-05 0.00035232486 2.216263e-05 5.088662e-06 4.179262e-06 2.1333663e-07 0.16318324 1.9196554e-05 0.11169097 0.014859187 4.7965787e-05 5.65098e-07 3.482132e-05 0.002935695 3.7835218e-07 4.4730673e-06 3.177235e-06 0.0012176837 9.481959e-05 0.0005996247 9.069955e-08 1.5567963e-07 0.0003415508 0.025207546 5.1164153e-07 3.0895114e-07 6.935647e-07 0.014499265 5.0672977e-09
0.85664356 0.013444566 0.10267621 0.023073178 0.024236258 0.03872169 0.21854527 0.009476766 0.42499775 0.018848851 0.063251615 0.0016025584 0.780062 8.5651656e-05 0.08561796 0.00030198303 1.2034603e-20 0.0021494983 0.036098987 0.7794448 4.600324e-06 0.12000174 0.8069957 0.00032943036 0.3710674 0.34416762 3.977943e-06 0.043146547 0.00024009943 0.40881214 0.15639363 0.055870518 0.17223904 0.0003904637 0.00016809009 0.009158705 1.6686615e-06 0.10082434 0.038293194 0.22479533 0.103936054 0.14911656 0.00019293395 0.0013152644 0.101273835 0.00010554501 0.110307194 0.04620901 1.2780804e-06 0.061319396 9.746778e-05 7.80266e-05 0.061090354 0.0061955214 0.13355744 0.103772976 0.09187521 0.0023493099 0.008658418 0.061056085 0.13742942 0.00014795906 1.1675288e-05 0.0022962564 0.002353566 0.056725867 0.038816772 0.018459942 0.043951746 0.055024054 0.021661533 1.8030474e-06 0.08963383 0.09882045 0.0006306043 0.048520274 0.011105698 0.0073812306 8.5513966e-05 0.0007970604 0.00014010607 5.7039713e-05 0.000108781926 0.0064030946 0.0007174686 0.0080913175 0.002696684 0.0034773604 0.0033018983 2.3391017e-07 0.00010017915 6.536184e-08 0.0006885633 0.0009924009 3.018104e-05 0.00010249226 0.007247672 0.0003005809 2.7251897e-05 5.3343065e-06 0.0064244876
0.91760594 0.19377838 0.058892436 0.029877726 0.6902156 0.0063823503 0.013786331 0.05514722 0.017224371 0.5779809 0.16096362 0.023436047 0.008148171 0.02526862 0.1928562 0.35406017 0.0021494983 9.534256e-21 0.0034847069 0.00089456234 0.005109361 0.0015267888 0.00050372595 0.4948049 0.012600364 0.00049672317 0.0054611163 0.63216877 0.14395481 4.6401532e-05 0.0001233291 0.00073094293 0.0333053 0.77796596 0.0018857028 0.0001054778 0.0032918635 0.00028548838 0.21111403 7.8834244e-05 4.415167e-05 2.7551564e-06 0.0015427108 0.0016325329 0.07788519 0.0012666356 0.000112409856 0.0005585051 0.0012538497 4.0216968e-05 0.16221905 0.04373394 6.243881e-06 8.8868146e-05 0.0038688884 3.161684e-06 5.282999e-05 0.55029815 0.0001496869 6.4752394e-06 0.029475 0.0009505064 0.00055195176 0.4281259 8.494767e-05 9.779082e-06 0.0003326207 1.2101886e-07 2.6977086e-06 0.058315426 3.3460058e-06 0.00038043666 0.002441788 0.0053682695 0.0008121971 0.00026166052 5.66966e-06 2.6205505e-06 0.16521932 2.9965284e-05 0.19289137 0.0055843797 5.518454e-05 3.9253714e-06 4.086015e-05 0.032417826 2.2660101e-06 1.1404722e-05 1.2457983e-05 0.00011479322 0.00055716105 3.504961e-05 1.2299234e-06 9.281887e-07 0.002226747 0.06501841 2.4488389e-05 1.075801e-06 5.5923447e-05 0.012847878 3.7426287e-07
0.19787328 0.49760717 0.16229492 0.42962146 0.037879135 0.5552909 0.24885146 0.1391061 0.12508762 0.010607463 0.040843677 0.07644667 0.05235523 0.015756285 0.021633297 0.0035374062 0.036098987 0.0034847069 5.9542916e-20 0.04955809 0.0008672053 0.72556776 0.0101385955 0.0009304487 0.019160137 0.19343856 0.0010746287 0.009824217 0.0008415661 0.00702294 0.078998536 0.7952652 0.007129142 0.00012176423 0.031906825 0.6748305 0.00045413096 0.24373427 0.0037152024 0.0002883755 0.001814718 0.00014448653 0.026781263 0.06849523 0.0059103 0.020830717 0.0082702255 0.24400005 0.00023942055 0.0015841819 0.0003865377 0.00027381882 6.779281e-05 0.29506728 0.001644145 9.0778776e-05 9.987294e-05 0.0018516046 0.108295046 0.00012328746 0.002327388 0.044298474 0.0018038157 0.0012822718 0.14775866 7.292555e-05 0.009223442 2.1433007e-06 1.2148787e-05 0.0008880487 2.5062467e-05 4.28109e-05 0.0009070073 0.0007985912 0.097772665 0.000411701 0.00020153158 7.5231415e-05 0.00058974174 0.032588962 0.0008123548 0.001513326 0.057220142 6.95611e-05 0.0126309525 0.00021193229 3.695692e-06 0.004456394 0.00026590758 7.9832694e-07 0.008242788 1.8997457e-07 2.2750884e-05 3.6248624e-05 0.0028354507 0.00042113053 0.00017262522 2.6739112e-06 0.006205728 0.00025262614 7.321348e-05
0.7189881 0.016425489 0.08052614 0.04325889 0.015172018 0.08706834 0.47894084 0.010237387 0.35056302 0.008281717 0.040551286 0.0014545694 0.51512355 8.6824744e-05 0.0544929 0.00027252221 0.7794448 0.00089456234 0.04955809 5.2366123e-21 3.440594e-06 0.2919957 0.7716 0.0003099547 0.225023 0.66996217 2.9794323e-06 0.019214958 0.00019368558 0.7908308 0.42356345 0.10103664 0.10369697 0.00020525299 0.00024063722 0.013628938 5.198534e-07 0.23411487 0.025236616 0.15428558 0.31694093 0.3798626 0.0001722741 0.0012760923 0.07862247 0.000111818685 0.32475904 0.083930396 2.0586197e-07 0.13832413 3.286683e-05 2.4461966e-05 0.11099953 0.013287672 0.11158261 0.08276132 0.050570603 0.0022620289 0.02126791 0.032884583 0.09736472 0.00024090608 7.99763e-06 0.0018195302 0.0043856637 0.0750109 0.055446014 0.03345305 0.06913255 0.031353556 0.023789473 1.4446675e-07 0.070788234 0.085569516 0.0006324068 0.036480665 0.014650609 0.0060394853 9.745584e-06 0.0012782511 1.664638e-05 6.417651e-05 0.00022451105 0.007896272 0.000871165 0.003944674 0.0018194149 0.005763606 0.0043267263 7.29075e-08 6.1606384e-05 3.8754052e-08 0.0005620104 0.00090536743 1.2363334e-05 4.54056e-05 0.006361174 0.00021987759 2.1541153e-05 3.5425762e-06 0.0046576285
0.34800243 0.0061458685 0.00024348215 4.8948878e-05 0.0038477324 2.8916742e-05 8.0861064e-05 0.018569557 4.278866e-05 0.0012439042 0.0002510018 0.045414094 6.4945657e-06 0.62382716 0.000107243606 0.18684658 4.600324e-06 0.005109361 0.0008672053 3.440594e-06 6.978757e-23 1.3172602e-05 9.262786e-07 0.042125605 1.659895e-05 2.0246105e-06 0.87864494 0.0007525233 0.08342557 2.4020326e-07 2.4424728e-06 5.737502e-05 4.2878404e-05 0.005030872 0.059435766 4.003493e-05 0.68602705 0.00014724497 0.00036278437 1.2611397e-07 1.6682867e-07 8.313329e-09 0.016523337 0.0029634952 0.00011053589 0.016935514 3.4888083e-06 0.00029948071 0.47782472 3.7214448e-07 0.09703895 0.14081949 1.922263e-08 1.4850975e-05 1.5981491e-06 9.961206e-08 1.2273122e-07 0.0028764806 1.6845011e-05 1.9465782e-07 3.8740145e-05 0.00071497576 0.032886434 0.0020536452 1.52015045e-05 4.0157044e-08 9.1717025e-05 2.798641e-09 1.5974617e-08 1.9002842e-05 1.2404673e-08 0.15913844 2.0107698e-06 2.3308926e-06 7.960708e-06 3.5654693e-07 1.2882126e-06 7.261716e-08 0.03697913 1.5319146e-06 0.017214691 0.074697934 1.0259561e-06 3.8942204e-07 5.2540104e-06 2.2085997e-05 2.8156903e-08 7.598118e-06 4.4866447e-06 0.0018996926 2.5226731e-05 0.0020054583 2.6210204e-08 1.495456e-08 8.354045e-05 0.00062111125 1.5724314e-08 3.3520163e-08 5.5141084e-07 0.022729428 1.5174154e-09
0.30023962 0.09728056 0.118838355 0.16355094 0.016132286 0.43245295 0.30085552 0.03131341 0.14789294 0.0076673967 0.026536513 0.0052819336 0.112391606 0.0005363702 0.021052478 0.0014125254 0.12000174 0.0015267888 0.72556776 0.2919957 1.3172602e-05 8.763919e-22 0.07003262 0.00032768227 0.06464254 0.79619145 1.6131024e-05 0.005652684 0.0004260366 0.14247593 0.7265727 0.74425125 0.014405678 5.585512e-05 0.0023022457 0.24704625 3.711142e-05 0.68259877 0.0039241384 0.0063845245 0.18181218 0.0030789082 0.0021465882 0.0068522342 0.008587515 0.0011489069 0.32919276 0.33256292 2.8867157e-06 0.072318584 8.045392e-05 6.845444e-05 0.0052260756 0.09044762 0.0074346084 0.0019146194 0.0014116872 0.0008618487 0.077906206 0.0016541593 0.007172255 0.0031760267 0.00014463253 0.00047957164 0.028194623 0.0016040988 0.119739175 3.514869e-05 0.0004113962 0.0018412855 0.0002480087 2.9955552e-06 0.005837762 0.0052675116 0.009256377 0.0031079683 0.004852412 0.00059524213 3.3051776e-05 0.02220568 0.000104851475 0.000728312 0.0131743 0.00085410906 0.01110379 0.00049762026 2.6051002e-05 0.0132036 0.003351862 1.03894756e-07 0.00045905096 5.7143396e-08 0.00011559826 0.00017032925 0.00011753396 0.00015917333 0.00028188102 7.89092e-06 0.00022184062 8.822376e-05 0.00020566721
0.8391106 0.0028090177 0.02318549 0.004043302 0.003076563 0.017497519 0.078316696 0.001777653 0.1527664 0.002697547 0.015378854 0.00027492878 0.48840487 1.9418763e-05 0.036803357 5.2575015e-05 0.8069957 0.00050372595 0.0101385955 0.7716 9.262786e-07 0.07003262 4.9108343e-19 6.892557e-05 0.24387081 0.3119174 1.5720221e-06 0.007937905 7.5992226e-05 0.6004456 0.12349002 0.027974375 0.092773944 8.632293e-05 5.9003036e-05 0.0035996905 2.7877144e-07 0.077954866 0.0154772205 0.45738155 0.19725409 0.46395695 4.7194953e-05 0.00026342392 0.08036908 2.5444331e-05 0.12835327 0.035036992 5.0636027e-07 0.087886654 3.6130057e-06 3.5129067e-06 0.15482649 0.0031464128 0.14091228 0.28894827 0.1355877 0.0015641175 0.0056569465 0.12765859 0.10283403 2.3752395e-05 8.485055e-06 0.0013806514 0.0011341608 0.11465102 0.037281092 0.09174837 0.10446932 0.038930327 0.05063311 1.5663027e-06 0.088407986 0.08977535 3.5348734e-05 0.08584673 0.017343627 0.027358465 4.2036127e-06 0.0002984022 5.632673e-06 1.042149e-05 3.044428e-05 0.014728782 0.0003458538 0.0029910866 0.0111279385 0.0028782848 0.0047349203 2.618905e-07 2.4586201e-05 1.09036016e-07 0.0020885442 0.003133668 1.4536991e-05 3.165837e-05 0.0123736495 0.0015264057 8.500639e-06 6.970373e-07 0.010538339
0.72703886 0.06660467 0.009301395 0.0031762463 0.12520315 0.0014126946 0.0030940406 0.022683293 0.0036401695 0.06540978 0.014555679 0.014226018 0.00091184716 0.07255202 0.009121939 0.8547147 0.00032943036 0.4948049 0.0009304487 0.0003099547 0.042125605 0.00032768227 6.892557e-05 4.7105336e-22 0.0024319126 0.00024122636 0.027938962 0.06014937 0.68496037 4.3766657e-05 7.124152e-05 0.00018558382 0.0050208834 0.58942926 0.003387807 5.0625116e-05 0.006785336 0.00024823844 0.014947114 1.9971988e-06 1.589903e-05 1.227128e-06 0.00090751343 0.0009773922 0.004277801 0.0007706426 9.660245e-05 0.0004595189 0.0032773307 1.3120384e-05 0.27785292 0.08093676 3.767442e-07 3.207624e-05 0.00025077138 1.7559265e-06 2.0518019e-06 0.14923628 5.665901e-05 9.683444e-07 0.0023271316 0.00045106225 0.0015600699 0.09027508 3.2423563e-05 3.381251e-07 0.0003792503 1.3072273e-07 2.1510726e-07 0.006152445 1.8671794e-07 0.0004513396 0.000103803206 0.00060848624 0.00010613772 3.298607e-06 3.5023495e-06 2.656666e-07 0.14630976 2.0190757e-05 0.12833396 0.004680261 5.246172e-05 4.6056107e-07 1.643328e-05 0.010023439 1.2404154e-06 1.9469666e-05 2.4677804e-06 0.0006076909 0.00027843684 0.0004650265 3.542179e-07 7.208975e-07 0.0019390672 0.06425817 2.2765752e-07 3.3323235e-07 2.076451e-06 0.00910902 7.987838e-09
0.8783795 0.020718416 0.17792644 0.059461214 0.12887019 0.0712474 0.16101298 0.012061019 0.3210509 0.13411996 0.36725837 0.0016517035 0.5949751 7.662959e-05 0.36785114 0.0015672024 0.3710674 0.012600364 0.019160137 0.225023 1.659895e-05 0.06464254 0.24387081 0.0024319126 7.4233465e-17 0.16830316 1.2176986e-05 0.21414152 0.000982939 0.0923681 0.067306355 0.019942883 0.79874325 0.0030962974 0.00012557134 0.00073839934 1.2130402e-05 0.027276698 0.24816658 0.27015314 0.01033174 0.01791761 3.870414e-05 0.00032177332 0.46918175 2.7177613e-05 0.016225774 0.014754108 3.9700026e-06 0.0066426448 0.0012879503 0.00037663826 0.004778273 0.00069492304 0.45518464 0.034602225 0.15320607 0.028757408 0.0019214514 0.082414664 0.46981648 4.6552635e-05 2.2553822e-05 0.0411946 0.0003301506 0.002191889 0.008336945 0.0011329361 0.0027813266 0.40279385 0.0008594533 5.22458e-06 0.2296473 0.3121339 0.0007061839 0.110367455 0.00041202622 0.008659247 0.00036355638 0.00019399502 0.00092519005 9.66747e-05 6.319672e-05 0.00019995695 0.00035055724 0.14287618 0.00046274374 0.0003931825 0.00030814885 9.896887e-07 0.00035371698 6.7469927e-07 0.00081634586 0.0011176623 4.1777617e-05 0.002869591 0.022930928 5.4787997e-05 0.0005425065 2.0156416e-05 0.018278899
0.36235648 0.03791389 0.08608104 0.031824324 0.012106967 0.1446124 0.34269795 0.013987465 0.20063055 0.0072610625 0.030589908 0.0016253488 0.22411643 0.0001263806 0.023479385 0.000570343 0.34416762 0.00049672317 0.19343856 0.66996217 2.0246105e-06 0.79619145 0.3119174 0.00024122636 0.16830316 2.0140235e-22 2.69802e-06 0.0059633907 0.0002651383 0.5882997 0.8914525 0.3131669 0.031388734 5.5835302e-05 0.00026244324 0.041080393 4.536849e-06 0.55875814 0.006488818 0.079896115 0.5803303 0.13352343 0.00037086956 0.0021043236 0.01649775 0.00027279527 0.53945076 0.13294435 8.320237e-07 0.2990149 1.6541348e-05 2.016807e-05 0.09131341 0.021066409 0.023690548 0.040362548 0.011490685 0.0006501662 0.028119696 0.013081597 0.0144380275 0.0006733556 6.1301216e-05 0.0003703193 0.010123291 0.057187773 0.10879174 0.004104213 0.02234357 0.0030428288 0.016861591 4.2054836e-07 0.020238774 0.014743889 0.0026099284 0.013304201 0.026086204 0.0026977581 0.00012646247 0.008252616 0.0001615924 0.00042760107 0.0016739678 0.009151385 0.0034814712 0.0005621624 0.0005793058 0.017619386 0.010125029 1.6053339e-07 0.00014453352 4.4785686e-08 0.00040847005 0.0006422689 3.5690693e-05 0.00024329181 0.0019668408 5.60277e-05 0.00014353642 9.382695e-05 0.0015038329
0.3621533 0.006872319 0.0003236038 0.00010208177 0.0034811546 6.94108e-05 8.0885206e-05 0.05134709 2.5454474e-05 0.0008224908 0.0001607383 0.12149369 3.1302388e-06 0.80872464 0.00012773128 0.13157855 3.977943e-06 0.0054611163 0.0010746287 2.9794323e-06 0.87864494 1.6131024e-05 1.5720221e-06 0.027938962 1.2176986e-05 2.69802e-06 8.7900254e-24 0.00051194086 0.05174231 3.0527576e-07 2.8209909e-06 7.092975e-05 2.7942491e-05 0.003705486 0.31063017 1.9020428e-05 0.6239571 7.927106e-05 0.00020342044 3.1418892e-07 2.2306054e-07 1.3357276e-08 0.06811095 0.008879009 0.00011593732 0.06600878 1.8195891e-06 0.00021125948 0.7055343 4.3318803e-07 0.043312017 0.09311839 1.7852306e-08 1.453483e-05 4.6978575e-06 7.3132e-08 7.5555675e-07 0.0022728755 1.9600335e-05 6.2980126e-07 6.540209e-05 0.0031580017 0.082674734 0.0019728432 1.7738545e-05 1.8185084e-08 0.00013937683 1.3596007e-09 7.076211e-09 4.3892513e-05 8.366186e-09 0.20510148 6.6511802e-06 1.4118884e-05 3.995724e-05 8.1381484e-07 8.160535e-06 1.9797663e-07 0.028993566 5.949549e-06 0.016252235 0.049776174 3.5865098e-06 9.2558105e-07 1.8201124e-05 6.925257e-05 2.3110312e-08 1.744459e-05 3.1396103e-05 0.0068789544 7.6949844e-05 0.0058644037 3.2429362e-08 1.5926792e-08 0.00028021575 0.00096651894 7.386997e-08 3.179599e-08 2.9864018e-06 0.019855049 1.167547e-08
0.97433174 0.17850865 0.26703897 0.06487902 0.5781972 0.030950174 0.07544839 0.04790724 0.13645567 0.625882 0.51180065 0.014678253 0.10708379 0.003413365 0.63387865 0.040460344 0.043146547 0.63216877 0.009824217 0.019214958 0.0007525233 0.005652684 0.007937905 0.06014937 0.21414152 0.0059633907 0.00051194086 3.7681698e-19 0.015572472 0.0014929469 0.0019516596 0.0013971179 0.3509974 0.20569764 0.0004260565 6.812523e-05 0.0005371642 0.0007426299 0.7114659 0.002239836 0.00022233179 2.6704312e-05 0.00023990513 0.00045267548 0.3388002 0.00023001105 0.0003702889 0.00039563535 5.4957756e-05 0.00010170435 0.013474249 0.005841638 7.4921068e-06 5.8779e-05 0.05499208 0.00010965268 0.002150797 0.2859938 7.408519e-05 0.0003917352 0.1803231 0.0002900099 1.9476498e-05 0.28618205 6.470872e-05 2.2036618e-05 0.00012102099 1.066613e-06 1.044043e-05 0.2525603 2.6693315e-05 1.7902254e-05 0.014552404 0.033673763 0.0031564615 0.002918711 4.6190644e-06 0.00011995147 0.028793601 4.0447867e-05 0.04163298 0.0016893346 0.00032912294 6.419869e-06 4.0210256e-05 0.18888618 3.5029775e-06 1.5988588e-05 3.2530665e-05 7.8761095e-06 0.0020690397 4.1160934e-06 1.4719814e-05 1.1697757e-05 0.0059764707 0.11816208 0.00085908826 1.2610724e-05 0.00063706294 0.004628643 0.00010451204
0.5844772 0.020172376 0.0042186435 0.0024671254 0.0608689 0.0016098084 0.0025824867 0.0138386395 0.0022635763 0.024764605 0.0066049327 0.01586464 0.0005171077 0.09931684 0.0037560414 0.9259405 0.00024009943 0.14395481 0.0008415661 0.00019368558 0.08342557 0.0004260366 7.5992226e-05 0.68496037 0.000982939 0.0002651383 0.05174231 0.015572472 3.593249e-22 4.9162492e-05 0.00016137726 0.00032350782 0.0030548694 0.18608643 0.0043502776 3.462175e-05 0.016259573 0.0002586323 0.008357197 3.0778758e-06 1.958367e-05 1.0224613e-06 0.001067807 0.000806179 0.002751288 0.0010251529 7.884996e-05 0.0002980723 0.010603888 1.3350636e-05 0.5829285 0.33031395 1.3792996e-06 3.5270983e-05 0.00020619709 1.8539489e-06 1.335436e-06 0.065805264 2.692259e-05 4.979031e-07 0.0015505748 0.00021454481 0.0013618746 0.048201926 2.0859454e-05 7.7232363e-07 0.00033122697 9.426512e-08 2.400235e-07 0.003374337 1.8378074e-07 0.0017504394 7.011737e-05 0.00026554393 6.825532e-06 2.849745e-06 3.4221734e-06 2.7129838e-07 0.26992723 3.7778382e-06 0.20221448 0.01853329 1.8842142e-05 4.1449806e-07 4.0836408e-06 0.0038583113 1.2768852e-06 7.6177075e-06 4.0435466e-06 0.0008470439 2.8364795e-05 0.0007487239 4.0640554e-08 8.589718e-08 0.00019696847 0.057865772 5.138006e-08 2.5744922e-07 1.2887982e-07 0.022486039 1.424882e-09
0.59611994 0.0026773675 0.014076194 0.0018112919 0.0006881694 0.0118573615 0.094350524 0.0017107648 0.07827177 0.0004299521 0.0030157422 0.000101140075 0.16644599 5.649959e-06 0.006067091 4.9864822e-05 0.40881214 4.6401532e-05 0.00702294 0.7908308 2.4020326e-07 0.14247593 0.6004456 4.3766657e-05 0.0923681 0.5882997 3.0527576e-07 0.0014929469 4.9162492e-05 1.3119271e-20 0.38566023 0.048198365 0.02570132 1.9605888e-05 4.0477273e-05 0.0050318753 2.4620763e-07 0.21417223 0.0035510464 0.2064724 0.5793227 0.7942776 3.082404e-05 0.00027996599 0.011820532 2.48675e-05 0.3870959 0.052852288 6.3935225e-08 0.27970037 8.615212e-07 2.0147663e-06 0.38101947 0.007960204 0.030158374 0.21488331 0.05564197 0.00024734306 0.013101448 0.06533361 0.018605102 0.000107028136 9.181036e-06 0.00018506387 0.0024462668 0.24618505 0.065561935 0.20904604 0.22427265 0.0035365375 0.11822191 2.419769e-07 0.026216144 0.02551314 0.00033345952 0.01976596 0.029760838 0.015012156 3.3953252e-06 0.00078123464 2.9152445e-06 6.351229e-05 7.5310876e-05 0.031862702 0.00065834913 0.00058414094 0.018439593 0.0086202705 0.0134262685 1.9243035e-07 3.3753968e-05 9.4186234e-08 0.0015829903 0.0034046364 2.064071e-05 2.395383e-05 0.0041339635 0.0019854836 2.8273944e-05 3.1837048e-06 0.005195462
0.20945556 0.011583139 0.02542097 0.0075753485 0.0049327803 0.045327242 0.08103806 0.005786049 0.066749796 0.0025466736 0.011032564 0.00078043755 0.09737094 6.967336e-05 0.008185286 0.00022794768 0.15639363 0.0001233291 0.078998536 0.42356345 2.4424728e-06 0.7265727 0.12349002 7.124152e-05 0.067306355 0.8914525 2.8209909e-06 0.0019516596 0.00016137726 0.38566023 1.1790347e-22 0.26361114 0.011892565 2.7191434e-05 0.000330424 0.02774787 5.3572016e-06 0.6842391 0.0028099152 0.034134567 0.71451056 0.07994901 0.00018301634 0.0008172261 0.0074423263 0.00011112503 0.68181056 0.19586055 2.7804873e-07 0.43963847 8.064047e-06 1.2066402e-05 0.118797146 0.021892395 0.00956363 0.022372566 0.0033462422 0.00031375402 0.033176158 0.005225527 0.0070218816 0.00034077774 2.7819806e-05 0.00015704278 0.010581865 0.07200821 0.19318238 0.0040197857 0.03243062 0.0018050522 0.014982528 4.982e-07 0.007424561 0.0068589128 0.0011451341 0.004481712 0.030624945 0.0017863482 1.5847743e-05 0.009068554 2.9506537e-05 0.00022697996 0.001257932 0.010019091 0.0050266944 0.00043894295 0.00033442926 0.02135798 0.011527883 6.992414e-08 9.273242e-05 2.2110937e-08 0.00021330989 0.0003685861 8.253186e-06 7.312494e-05 0.00057138916 2.8263485e-05 5.3297583e-05 1.20825125e-05 0.00042479893
