2.8272487e-20 0.99291784 0.9881466 0.9026992 0.98128814 0.95101434 0.9997269 0.81698954 0.95698136 0.9989391 0.9146976 0.9536025 0.9019482 0.9427048 0.80515677 0.7116782 0.7168808 0.9105042 0.85764563 0.86419004 0.9155322 0.6504718 0.59320927 0.6252533 0.9917511 0.78222436 0.81203526 0.81829315 0.8448341 0.78901774 0.88064647 0.48527238 0.79100513 0.37619862 0.5563349 0.15285905 0.4020035 0.09862416 0.30655876 0.34947604 0.2874213 0.9939524 0.06144168 0.059169732 0.20590863 0.8632319 0.15349504 0.7187532 0.024497887 0.29071704 0.9085291 0.031635232 0.06583541 0.062419586 0.6826204 0.11440182 0.16421396 0.68905306 0.98668885 0.19728798 0.027149985 0.24046372 0.28882685 0.21379651 0.0069264537 0.09712729 0.9849177 0.010978197 0.005578631 0.00054031465 0.007361368 0.99958855 0.99310666 0.8752985 0.6632052 0.56372464 0.012331363 0.99979544 0.602545 0.79173994 0.44220307 0.99999654 0.473031 0.97992563 0.90454865 0.8084105 0.30286473 0.34492218 0.71707004 0.21936741 0.018584589 0.9228121 0.053621758 0.19919638 6.5854942e-06 0.73949796 0.017675534 0.99815226 0.022306222 0.0013324751 0.038678084
0.99291784 4.4818963e-14 0.936601 0.9301943 0.2068011 0.06424895 0.847545 0.7906455 0.007044929 0.017372424 0.15226534 0.0006551358 0.0008117089 0.0044848565 0.0037795808 0.47078103 0.12053433 0.013097232 0.043663003 0.00038601534 0.38680407 0.37095353 0.24636538 0.4034598 0.004427917 0.0101056965 0.000884951 0.38210875 0.16635004 0.0002252965 0.00012550897 0.0008581883 0.036739174 0.15915522 0.48419866 0.0007565865 0.21161048 0.0005977263 0.4073181 0.00029155673 0.0061003035 0.0008655929 0.10007949 0.054526765 0.034979098 0.00015187035 0.000103225895 0.069498956 0.00041577945 0.0039576967 2.7089689e-05 8.024336e-05 0.020343328 0.00010097296 8.838451e-05 0.13798046 9.686458e-06 5.548481e-05 4.088792e-06 8.0302025e-06 0.0053865397 2.1815305e-05 0.02379643 2.7532536e-07 0.01253512 8.7810776e-07 0.0015062182 3.5697703e-05 0.06664631 0.00039391176 0.008111811 0.00022002966 0.03653146 3.977698e-05 0.0013773545 0.00034362284 0.00016636818 0.0003291587 0.00064568757 2.5418232e-05 4.2735275e-05 0.20430844 2.862472e-05 2.2869766e-05 3.2900648e-06 1.3997758e-06 4.247096e-06 1.891156e-05 1.3375978e-06 5.082617e-05 4.6181194e-05 0.034027368 5.17907e-06 7.986826e-05 5.725534e-06 0.00083459186 0.00011317595 1.5112707e-07 1.0077972e-07 4.1041712e-05 1.1019717e-06
0.9881466 0.936601 8.5135404e-13 0.5552809 0.03794497 0.6059118 0.37800434 0.50969696 0.05259036 0.1409036 0.7625744 0.004083109 0.00444195 0.025200395 0.009704369 0.8085686 0.015481776 0.08711063 0.2377465 0.0014422564 0.82354724 0.643017 0.56995565 0.22328803 0.00071486196 0.036909748 0.0064333193 0.73709124 0.44312215 0.00087431783 0.00041214962 0.0039904206 0.12148279 0.3370273 0.52857673 0.0033812 0.42155597 0.0024161914 0.28077254 0.0006172901 0.020431427 0.0028312583 0.033184208 0.012065978 0.0053670844 0.00025332338 0.00022512405 0.22293662 0.0023983924 0.0012346919 0.0001521011 0.00027598903 0.0747929 0.00010052445 0.00013123643 0.24115731 5.9194605e-05 4.979141e-05 2.5273108e-05 1.0827553e-05 0.015791154 2.8876037e-05 0.0016187442 1.3894609e-07 0.015801147 1.3414799e-06 0.0003068828 2.9784649e-05 0.02455818 0.00030954112 0.0015180048 6.120828e-05 0.018450715 5.3508193e-06 0.000109455636 3.53515e-05 4.5185297e-05 1.9694153e-05 6.359969e-05 4.672795e-06 4.6832033e-06 0.105900355 2.7923163e-06 3.6489124e-07 4.172151e-07 1.16132675e-07 1.9165266e-06 1.2963272e-07 8.2147395e-08 3.5302426e-06 6.671413e-06 0.031393506 1.0278089e-06 6.9692374e-05 1.7708296e-06 0.0022438145 6.668099e-06 4.524978e-08 7.9359177e-07 1.7047532e-06 3.6390392e-07
0.9026992 0.9301943 0.5552809 8.925739e-13 0.5771379 0.0045146085 0.7795384 0.97348845 0.0021240576 0.017691638 0.007990289 0.00026851884 1.5679983e-05 0.00010728167 0.00016765112 0.2066003 0.26310822 0.0006698841 0.0032835328 5.5768755e-06 0.0549982 0.08630203 0.074304365 0.7630253 0.001947742 0.00057985797 3.1930842e-05 0.091764286 0.025238017 8.141094e-06 2.3278213e-05 3.2222368e-05 0.004644966 0.039534267 0.4478624 2.5323145e-05 0.049446013 2.3409966e-05 0.38398856 6.8140403e-06 0.00059252465 0.0013482154 0.34992743 0.079479896 0.07541136 3.782245e-05 2.1290576e-05 0.007949977 3.8989325e-05 0.0019316633 3.2378866e-06 1.6911183e-05 0.007564765 2.2729047e-05 7.315663e-06 0.103298366 2.073303e-06 3.2414137e-05 1.3438232e-06 3.2934709e-06 0.0023747461 3.7589132e-06 0.041556027 7.47218e-07 0.008610604 1.931849e-06 0.00096175936 2.726349e-05 0.10176806 0.0011287451 0.020887116 4.9752725e-05 0.0026147142 1.1431487e-05 0.00036890895 3.6856592e-05 0.0008535115 2.919503e-05 0.00031599024 3.6030666e-05 4.5777262e-05 0.0117733255 9.671878e-05 3.7564922e-07 1.789098e-06 1.0886899e-06 2.8841125e-06 1.1968648e-06 6.260555e-07 1.7443026e-05 3.0731214e-06 0.0020125466 2.4305918e-06 1.6929529e-05 4.004419e-06 0.00021730413 2.231695e-05 7.0698843e-07 1.9956833e-06 7.411377e-06 4.052901e-06
0.98128814 0.2068011 0.03794497 0.5771379 1.9298507e-14 0.00088840997 0.9462546 0.24479087 0.00020146434 0.0027084628 0.0011849392 1.178739e-05 1.4724412e-06 6.114022e-06 8.515479e-06 0.004591755 0.9781673 1.5511056e-05 0.0001943921 9.5017197e-07 0.0013228108 0.0026578146 0.0036106617 0.43195578 0.18456863 3.708315e-05 6.3051937e-07 0.0027609656 0.00065940764 9.655013e-07 1.340852e-06 1.3484603e-06 8.962205e-05 0.0011213478 0.09635376 1.1148678e-06 0.0019999645 1.62253e-06 0.16320297 1.1489145e-06 6.778793e-06 7.7883116e-05 0.22811632 0.21526745 0.5653136 6.822239e-06 2.4154979e-06 0.00023500907 1.7289954e-06 0.014112907 2.387287e-07 4.3908904e-06 0.00043859857 6.384901e-06 1.8258469e-06 0.013596387 2.016056e-06 1.8148647e-06 2.6668505e-07 5.801033e-07 0.00060009124 7.6700286e-07 0.57782304 8.464793e-08 0.0019544768 6.2949016e-07 0.009634098 1.7141658e-05 0.08617467 0.000480137 0.039544035 0.00028151242 0.0058935126 0.00010350063 0.0035551328 0.00020802848 0.0020671797 0.00025917104 0.0018987925 6.988325e-05 0.00014847556 0.0728136 7.8893136e-05 5.6984545e-06 9.531511e-06 2.9131018e-06 3.0648764e-06 9.395424e-06 4.970044e-06 5.7625348e-05 1.8738585e-05 0.005676948 2.014332e-06 6.439058e-05 2.7301087e-07 0.00017583095 4.334298e-05 1.8595782e-06 9.834584e-07 9.287744e-06 7.4394907e-06
0.95101434 0.06424895 0.6059118 0.0045146085 0.00088840997 2.7433326e-13 0.023238204 0.0035819605 0.86615634 0.9005415 0.96010303 0.2523784 0.27668533 0.6099196 0.31960282 0.15580979 0.00046437926 0.50526446 0.37307492 0.032016404 0.5004472 0.034047272 0.08638092 0.003722567 3.0110981e-05 0.23980324 0.12703004 0.21362089 0.43697542 0.030130409 0.002939093 0.099298365 0.29874873 0.082900755 0.013104479 0.059480965 0.061948914 0.03716151 0.0047134794 0.025354309 0.1221138 0.01666681 0.00048429242 0.00011862388 2.8001177e-05 0.011789156 0.012721705 0.19454144 0.011250686 6.71534e-05 0.002182822 0.005088439 0.011139741 0.0042050006 0.00012469792 0.012297904 0.0015978316 0.00083844794 0.00015392045 0.000120639685 0.005684709 0.0013224878 2.7352125e-06 3.4928114e-05 0.0010289099 1.1720235e-05 2.0082105e-05 0.00053613144 0.00035284233 0.00020818962 7.960598e-05 3.4931027e-06 0.012326308 2.9688002e-07 3.0985375e-05 7.6221545e-06 2.4226852e-05 3.1575557e-06 2.0664325e-05 3.986115e-06 3.0961698e-06 0.027447164 5.1477077e-06 1.3770988e-07 4.2747746e-07 5.0170033e-08 4.029332e-07 2.062587e-07 3.894642e-08 2.2436764e-06 1.9113136e-06 0.0036173933 1.9360884e-07 5.7552706e-06 6.5966543e-07 0.000875117 6.859962e-06 2.6232874e-07 2.6732366e-07 2.2383216e-07 5.0339526e-07
0.9997269 0.847545 0.37800434 0.7795384 0.9462546 0.023238204 1.2364184e-16 0.5422342 0.006500791 0.012718047 0.031257294 0.00030777705 0.00059278193 0.0014885872 0.00081790984 0.0509521 0.57355845 0.0041960953 0.011458278 0.00014120359 0.030672805 0.03780864 0.023298288 0.33312866 0.36038402 0.0017077833 0.00021750109 0.029820785 0.0157313 9.142953e-05 2.5467123e-05 0.00013628068 0.005178569 0.009356073 0.1405805 7.553681e-05 0.014680583 7.585176e-05 0.21380614 5.8286045e-05 0.0010605992 0.00014001258 0.091057844 0.058897924 0.106708445 2.1134403e-05 7.4316686e-06 0.0018148165 2.0075631e-05 0.026196556 5.490864e-06 3.2888602e-06 0.00040561435 1.21067105e-05 3.6005297e-06 0.01156029 5.55592e-07 5.2837877e-06 8.2937255e-08 6.8668305e-07 0.00028586108 3.8806793e-06 0.13954933 5.110864e-08 0.0007504253 1.7377596e-08 0.049889877 1.4776609e-05 0.012783705 7.42842e-05 0.0034780717 0.0029531987 0.024908394 0.0016749059 0.014099347 0.0025574313 0.0008865695 0.0019845662 0.0033001446 0.00062695716 0.00012294637 0.307644 0.00040075826 0.0003525153 3.5044894e-05 1.0054405e-05 8.685946e-05 0.000110200635 4.8694546e-06 0.000110061796 8.242312e-05 0.11117727 2.2754724e-05 3.3260978e-05 1.1465141e-06 2.3223356e-05 0.00012291003 1.4791602e-06 1.7615873e-08 0.00030940713 1.9666174e-06
0.81698954 0.7906455 0.50969696 0.97348845 0.24479087 0.0035819605 0.5422342 8.7462915e-13 0.002336215 0.012923127 0.004773402 0.0003164761 1.5897089e-05 9.362736e-05 8.570093e-05 0.24612246 0.12311353 0.00022447896 0.0012360298 7.5466705e-06 0.042165127 0.17639706 0.09517548 0.9775115 0.0019302691 0.0002800843 2.3337852e-05 0.06772007 0.01505862 8.801018e-06 1.42936115e-05 2.6766706e-05 0.0018676553 0.024308465 0.6874544 3.9586477e-05 0.027147174 3.084589e-05 0.55900896 6.6246175e-06 0.00013521471 0.0005429433 0.45600507 0.07690354 0.08719389 5.0561765e-05 1.1479545e-05 0.004786514 6.8772156e-06 0.0015716769 2.5300876e-06 8.103402e-06 0.0074088587 1.530757e-05 7.503619e-06 0.09430488 1.3150631e-06 9.614075e-06 5.697729e-07 6.6693965e-06 0.0018724535 6.334872e-07 0.01635312 4.6450677e-07 0.009907891 3.6137067e-07 0.0005922261 2.270687e-06 0.07667412 0.0016587373 0.016354041 1.0656263e-05 0.0011887088 1.2972078e-05 0.00030684037 3.541585e-05 0.0009306418 1.2265915e-05 0.00032826717 2.1878393e-05 2.2846072e-05 0.006373589 0.0001102325 3.4174818e-07 2.5731952e-06 1.3302081e-06 2.078585e-06 1.5940074e-06 9.374851e-07 3.706083e-06 7.831039e-07 0.00060846534 1.7129007e-07 1.8459667e-05 1.7286588e-06 8.1847706e-05 1.9372463e-05 1.7764909e-06 2.210102e-07 1.0150847e-05 4.8590214e-06
0.95698136 0.007044929 0.05259036 0.0021240576 0.00020146434 0.86615634 0.006500791 0.002336215 2.4662775e-15 0.916862 0.33474448 0.949397 0.61303437 0.7019777 0.49645373 0.021028813 2.8979906e-05 0.5196607 0.31704572 0.4476892 0.20858163 0.005330099 0.015184487 0.0006144482 1.6253665e-05 0.31610027 0.4698968 0.037725415 0.20738004 0.2479566 0.025334124 0.31006035 0.23081182 0.020023707 0.0024841595 0.12982257 0.012362684 0.09059282 0.0006990201 0.119594134 0.13024323 0.12548918 0.0001002645 2.6362535e-05 5.510237e-06 0.11333343 0.06827149 0.09585438 0.018797064 2.7841652e-05 0.03885959 0.015132871 0.0035549281 0.027793994 0.00053569773 0.0012991189 0.0076125404 0.014069604 0.0010989677 0.0011972216 0.0011131963 0.008943585 2.370562e-07 0.00022196464 8.428974e-05 6.2834646e-05 7.4695768e-06 0.0002468317 4.0512685e-05 0.00022686308 7.4563027e-06 2.6205557e-06 0.022938307 3.4317114e-07 5.485782e-06 3.4789202e-06 4.9833284e-06 1.688344e-06 1.0170751e-05 5.6494764e-07 9.438518e-07 0.037433673 1.4803809e-06 9.565831e-08 4.4855983e-07 1.3401419e-07 9.296672e-07 5.5096063e-08 6.829511e-08 6.1283476e-06 1.5743133e-06 0.017231444 3.22716e-07 4.4163567e-06 4.609678e-06 0.002421162 5.7850634e-06 8.779368e-09 1.51441e-07 4.3896992e-07 5.152825e-08
0.9989391 0.017372424 0.1409036 0.017691638 0.0027084628 0.9005415 0.012718047 0.012923127 0.916862 1.2079392e-14 0.43369135 0.72728515 0.469469 0.47756004 0.25961637 0.06590405 0.00081124576 0.43555143 0.31009975 0.1369438 0.321654 0.021649238 0.042195156 0.007933319 0.0003837702 0.23223421 0.22505324 0.10497247 0.3711494 0.08801244 0.018725634 0.12246782 0.2928075 0.04850203 0.011879931 0.0593559 0.060122844 0.03919533 0.006226842 0.049567763 0.14430048 0.15949698 0.0007767665 0.000245436 0.00015305523 0.027639164 0.021851905 0.12948368 0.012501501 0.00094955694 0.026806967 0.0064073917 0.0068512703 0.009808509 0.00090522243 0.0037508365 0.0018196802 0.011674911 0.00019185474 0.0003797449 0.0036629373 0.0044408576 2.554472e-05 0.00010819281 0.00058304286 5.1547304e-05 9.110401e-05 0.00016372127 0.00024867183 9.514142e-05 1.5577529e-05 3.8971295e-05 0.07747124 6.9254193e-06 0.00014381883 9.611247e-05 2.0677671e-05 1.8113107e-05 5.3269578e-05 1.4470324e-05 5.4841134e-06 0.20588362 7.5274074e-06 2.7215601e-06 2.1258386e-06 1.2356561e-06 4.7416574e-06 2.7562078e-06 1.5857999e-06 0.00011904774 5.9137697e-06 0.12317628 3.1167892e-06 3.53486e-05 2.3436874e-06 0.0053401603 0.00012388844 4.8034465e-08 1.3174963e-07 5.2580353e-06 2.0672859e-07
0.9146976 0.15226534 0.7625744 0.007990289 0.0011849392 0.96010303 0.031257294 0.004773402 0.33474448 0.43369135 2.1534226e-13 0.08435891 0.020004148 0.51496345 0.30336022 0.46909067 0.00040954934 0.72157764 0.73338115 0.0057604774 0.8611074 0.10377327 0.24436764 0.0047440846 2.7085243e-05 0.45086783 0.07817334 0.4406454 0.5499126 0.014425862 0.0021920719 0.06063414 0.40622482 0.20829251 0.018657416 0.052758094 0.12665403 0.035407428 0.0067222537 0.015343351 0.18245684 0.012259257 0.0006064603 6.442627e-05 4.4391192e-05 0.005615965 0.008701455 0.3310083 0.01245297 6.5584965e-05 0.00041405938 0.0036331967 0.02105732 0.002931862 8.137225e-05 0.031684972 0.0008074328 0.00043876696 0.00010829543 9.93262e-05 0.010186973 0.00023899694 6.683392e-06 4.0936247e-05 0.0029740485 2.8520726e-06 1.8216475e-05 9.35556e-05 0.00037320168 0.00047702392 0.00020929807 2.3187517e-06 0.0048826705 4.3918303e-07 3.316804e-05 6.8824775e-06 6.113926e-05 2.1132034e-06 3.200999e-05 2.535972e-06 2.2537085e-06 0.030789929 1.7929233e-05 1.8299477e-07 2.946068e-07 2.155457e-07 1.0291096e-06 4.6675504e-07 2.0845492e-07 2.337611e-06 2.6243382e-07 0.0015524777 9.274369e-08 3.0694662e-06 2.1281377e-07 0.0007658229 9.100219e-06 2.0064292e-06 4.7781384e-07 7.1425404e-07 3.283373e-06
0.9536025 0.0006551358 0.004083109 0.00026851884 1.178739e-05 0.2523784 0.00030777705 0.0003164761 0.949397 0.72728515 0.08435891 2.3491768e-15 0.90090936 0.6129534 0.3477028 0.0038270373 1.5056961e-05 0.2550741 0.117916755 0.8563889 0.035540137 0.0010185252 0.0027478084 0.00023227112 1.5516716e-06 0.1694586 0.45927235 0.00686258 0.061401665 0.44122344 0.35523778 0.21697359 0.11378602 0.004703601 0.0003020265 0.07510912 0.0027972686 0.050513305 0.00010385173 0.096894525 0.08106145 0.4392495 9.786658e-06 3.2102266e-06 2.6717419e-06 0.31811416 0.07081376 0.019374624 0.011607898 2.821992e-06 0.26890466 0.012774573 0.0004155236 0.0362948 0.0028725178 0.00028074643 0.02284509 0.03966619 0.0046075094 0.0018983623 0.00029335343 0.022972101 1.2504117e-07 0.0010821063 3.1139745e-05 0.00038275044 2.7501937e-07 0.0009539164 2.1027226e-05 0.0001248538 1.1047391e-06 5.013588e-08 0.037680615 1.7550299e-07 3.860547e-06 8.245897e-07 2.5349348e-06 3.2651993e-08 3.8028159e-06 5.7231944e-07 4.0571953e-07 0.07757591 5.010694e-07 8.997153e-09 2.1090226e-07 7.49057e-08 1.2726089e-07 2.0997877e-08 2.942736e-08 7.014081e-06 2.0137527e-07 0.01603007 1.1857789e-07 1.4061927e-06 2.1374465e-06 0.009628321 5.328975e-07 1.5643776e-09 5.239594e-08 8.188728e-07 3.4332615e-08
0.9019482 0.0008117089 0.00444195 1.5679983e-05 1.4724412e-06 0.27668533 0.00059278193 1.5897089e-05 0.61303437 0.469469 0.020004148 0.90090936 3.041901e-14 0.59387183 0.32224458 0.00051611866 3.852346e-06 0.13559312 0.062595226 0.9820251 0.017169643 9.0722686e-05 0.0007058069 1.6738024e-05 5.531563e-07 0.16888663 0.5081256 0.00185973 0.05147316 0.4635332 0.08130924 0.28708848 0.089642 0.0017374643 8.820584e-05 0.08923738 0.0014442942 0.063486144 2.3930195e-05 0.15154476 0.08319148 0.12977153 6.3176203e-06 5.0936287e-06 3.1850077e-06 0.26341948 0.084193066 0.016990768 0.009658321 1.1467046e-06 0.058662735 0.010311542 0.0003377028 0.030930268 0.0016074375 0.00027410622 0.02233964 0.006690085 0.0062211934 0.0032973038 0.0004618384 0.015363177 2.591222e-07 0.00037040564 0.00016018006 0.00010032361 1.8887947e-07 0.0014195065 6.66506e-06 0.00012220921 4.4633578e-07 1.2612252e-07 0.011428093 2.2718383e-07 1.0902696e-05 5.4626105e-07 3.3810752e-06 2.0601988e-07 2.7504797e-05 6.8915773e-07 7.8177123e-07 0.015753355 2.7244344e-06 2.5060851e-08 1.4222266e-07 7.397628e-08 2.991303e-07 2.1527542e-08 6.706671e-08 3.3928843e-06 7.165307e-07 0.002141609 1.1249504e-07 3.3663298e-06 3.1175475e-06 0.0017779277 3.9821066e-06 9.386969e-08 2.4650038e-07 9.094289e-07 9.721389e-07
0.9427048 0.0044848565 0.025200395 0.00010728167 6.114022e-06 0.6099196 0.0014885872 9.362736e-05 0.7019777 0.47756004 0.51496345 0.6129534 0.59387183 6.032086e-14 0.99110514 0.0015149035 1.2661662e-05 0.41309005 0.15913491 0.58035266 0.04511538 0.00029548738 0.0023563216 2.5888437e-05 1.0804237e-06 0.2663811 0.3588786 0.0057637473 0.08626571 0.20792605 0.024822675 0.23432834 0.13660611 0.0046887207 0.0001655564 0.09134493 0.0047787447 0.065777525 4.2823685e-05 0.098567724 0.111176826 0.0814537 1.0069605e-05 7.0646515e-06 1.3798417e-06 0.06771946 0.025159163 0.03723299 0.014242024 3.4668712e-06 0.00996718 0.010645579 0.0005694213 0.015786147 0.00076545525 0.0002809066 0.0071051214 0.0034919675 0.004569853 0.0023553097 0.00050412846 0.008567388 2.4882019e-07 0.00068119646 8.2971004e-05 7.231306e-05 8.071956e-08 0.00053988385 1.3115587e-06 5.0778443e-05 5.570022e-07 6.3958524e-08 0.008749531 2.0370824e-07 3.41498e-05 1.080518e-07 6.4029894e-07 1.3646333e-07 1.1418804e-05 1.2451581e-07 1.3076288e-07 0.044073492 1.1369802e-06 6.059003e-09 1.9160758e-07 5.0897928e-08 1.6349836e-07 2.3634321e-08 1.5420031e-08 1.5197973e-06 1.5272225e-07 0.0016409392 1.9634578e-08 2.3270902e-06 8.1107424e-07 0.0042791134 2.588684e-06 1.869658e-07 5.8111738e-08 5.1181974e-07 5.6781363e-07
0.80515677 0.0037795808 0.009704369 0.00016765112 8.515479e-06 0.31960282 0.00081790984 8.570093e-05 0.49645373 0.25961637 0.30336022 0.3477028 0.32224458 0.99110514 3.1734416e-13 0.0019013502 2.0683843e-05 0.844711 0.31796613 0.2488807 0.064138405 0.00043852328 0.0028578325 0.00012650638 3.4879463e-06 0.5451829 0.7519439 0.0081032105 0.11125019 0.3385238 0.0060581868 0.57761765 0.24910605 0.006804784 0.00045576732 0.30480045 0.006513962 0.24480844 0.00022197986 0.2912643 0.2989313 0.01647932 2.0383184e-05 1.8102364e-05 7.4170125e-06 0.074446335 0.056167312 0.06893373 0.05342818 5.907462e-06 0.0048010796 0.0307073 0.0019285716 0.03801404 0.00023276407 0.0006900391 0.0105402935 0.0017905594 0.00045289937 0.0003062928 0.001087115 0.008347408 5.658055e-07 0.00019502603 0.00011185335 2.5143961e-05 4.9093103e-07 0.000447595 4.664816e-06 8.77428e-05 4.6999298e-07 1.7059152e-07 0.0017844718 1.066785e-06 2.7037526e-05 1.347103e-06 2.302753e-06 2.643073e-07 6.9785674e-05 1.8878737e-06 6.336407e-07 0.0116176605 7.080542e-06 2.015898e-08 4.0529804e-07 1.9871284e-07 4.9459013e-06 9.071663e-09 1.3067923e-07 5.1612255e-06 3.0896618e-07 0.0008121603 8.807718e-08 3.2827625e-06 1.3049348e-06 0.0006937411 4.2088923e-06 3.7605318e-07 2.7708174e-07 2.7449846e-07 1.6471918e-06
0.7116782 0.47078103 0.8085686 0.2066003 0.004591755 0.15580979 0.0509521 0.24612246 0.021028813 0.06590405 0.46909067 0.0038270373 0.00051611866 0.0015149035 0.0019013502 9.366899e-16 0.0009491169 0.0034087591 0.022578806 0.00033491058 0.80470276 0.9898014 0.93766385 0.0114565855 1.827801e-05 0.005794044 3.099826e-05 0.43182236 0.21145871 1.6725147e-05 9.5428295e-05 0.00012942059 0.02847247 0.15669113 0.11438177 0.00013509806 0.24705096 0.00012680024 0.014599868 0.0001042911 0.0037568314 0.0012680643 0.0010000223 0.00012631109 7.1461116e-05 5.1057952e-05 6.0161427e-05 0.13076565 0.0005945321 9.77491e-05 2.7891306e-06 0.00012428878 0.019289494 4.0969368e-05 3.18471e-06 0.053207427 2.5805539e-05 7.870538e-06 5.983836e-05 1.5582224e-05 0.006491507 7.852926e-06 3.026642e-05 9.0294395e-07 0.003990465 1.6659973e-07 7.673566e-06 1.9998319e-05 0.0007203202 0.00046144417 0.0009074464 1.9329013e-06 0.00061096105 5.011057e-07 3.8084436e-05 1.828873e-07 4.5382916e-05 1.7899837e-06 4.1270123e-06 1.6568993e-07 2.7467496e-07 0.009276122 1.9442937e-06 6.048669e-09 3.5433922e-07 1.0243317e-07 5.271192e-07 1.872913e-07 2.8975496e-08 1.8756472e-06 3.0921788e-07 0.00046563605 6.742352e-08 1.1535768e-05 3.199595e-07 1.645268e-05 4.7236854e-06 8.145636e-08 1.2898686e-06 5.1741727e-06 4.334385e-07
0.7168808 0.12053433 0.015481776 0.26310822 0.9781673 0.00046437926 0.57355845 0.12311353 2.8979906e-05 0.00081124576 0.00040954934 1.5056961e-05 3.852346e-06 1.2661662e-05 2.0683843e-05 0.0009491169 3.70422e-12 1.7892167e-05 0.000120254874 1.758794e-06 0.00034945906 0.0010508081 0.0010086882 0.6709462 0.18591826 3.7457463e-05 1.8791617e-06 0.00069970975 0.00018813316 3.1997795e-06 3.079999e-06 6.108042e-06 3.0322695e-05 0.000884565 0.042682167 5.2407036e-06 0.0014374361 6.304794e-06 0.13037552 5.2825976e-06 3.3738697e-06 4.2122152e-05 0.48313412 0.42438906 0.9624642 4.6113026e-05 3.928274e-06 1.5780613e-05 6.0264097e-07 0.12305589 1.4488737e-06 7.878539e-07 8.322396e-05 4.758804e-06 5.6430554e-06 0.0044817356 2.5116174e-06 4.8347906e-06 3.4058664e-07 3.280224e-06 5.4677756e-05 1.2111317e-07 0.716078 6.4420243e-07 0.002454405 2.2505715e-07 0.016123112 1.0212295e-06 0.039678406 0.0015474259 0.038843624 0.0002316725 0.0007440679 0.00020066721 0.008108636 0.0003349949 0.023255799 7.165021e-05 0.0022838528 0.00015495908 0.00024365682 0.009321696 0.00064292527 4.1067647e-06 2.0619796e-05 1.6738775e-05 1.8043593e-05 2.4517061e-05 6.9099224e-06 2.5406382e-05 2.5818376e-06 0.00042298686 1.0160798e-06 2.7984628e-05 3.687992e-06 5.3932366e-05 4.1484454e-05 1.1390156e-05 5.066905e-06 1.2178949e-05 1.1508561e-05
0.9105042 0.013097232 0.08711063 0.0006698841 1.5511056e-05 0.50526446 0.0041960953 0.00022447896 0.5196607 0.43555143 0.72157764 0.2550741 0.13559312 0.41309005 0.844711 0.0034087591 1.7892167e-05 2.8337467e-14 0.98191625 0.085210264 0.18985382 0.0010468008 0.0053495346 3.8636208e-05 8.815201e-07 0.87924504 0.17019086 0.03139742 0.3161556 0.045164667 0.0063862717 0.28497788 0.43245682 0.020663254 0.0006080515 0.22054178 0.01967388 0.15950127 9.779889e-05 0.07131709 0.36692557 0.021351859 7.216511e-06 9.889911e-06 1.599198e-06 0.015708938 0.013622779 0.1635195 0.05890719 2.6485345e-06 0.001242055 0.017665919 0.0026051316 0.012513448 0.0002574469 0.0010042744 0.0036778627 0.0006598174 0.0009961132 0.00047638765 0.0014056921 0.0014234717 1.3405605e-06 0.00010021183 0.00016611452 8.035834e-06 1.4526694e-07 0.00023864755 5.961983e-06 8.410193e-05 1.222493e-06 1.8972473e-07 0.003185386 2.9167532e-07 1.942745e-05 2.3837151e-07 1.0404126e-06 2.0692029e-07 8.533998e-06 1.0685102e-07 1.1993619e-07 0.017519433 9.2953593e-07 5.4457883e-09 7.347918e-08 6.437256e-08 7.2436455e-07 3.612096e-08 4.2136023e-08 3.0075778e-06 4.288474e-07 0.0005713101 4.180286e-08 5.3435224e-06 6.5422483e-07 0.0008524624 2.6896862e-06 2.9479844e-07 2.3468463e-07 1.4262797e-07 6.26938e-07
0.85764563 0.043663003 0.2377465 0.0032835328 0.0001943921 0.37307492 0.011458278 0.0012360298 0.31704572 0.31009975 0.73338115 0.117916755 0.062595226 0.15913491 0.31796613 0.022578806 0.000120254874 0.98191625 6.291308e-14 0.015467955 0.5756791 0.0062625357 0.030471776 0.00029870885 7.927767e-06 0.9550574 0.044333052 0.14173129 0.588923 0.01454025 0.0022539226 0.110241756 0.68203384 0.10163716 0.0027801231 0.14248689 0.07578566 0.11003591 0.00043825153 0.038330726 0.494531 0.010409094 9.3395225e-05 4.0327963e-05 1.2049716e-05 0.006215951 0.01157739 0.31850204 0.08978949 2.6039206e-05 0.0002525746 0.01974073 0.014305478 0.007465201 0.000111504865 0.00824736 0.0006147132 0.00019422366 0.0003391314 0.00013496273 0.007290914 0.00027349754 4.4023627e-06 3.206367e-05 0.00071612425 7.2774337e-06 3.1193467e-06 0.0001171662 4.5670426e-05 0.0003514934 2.2605007e-05 1.8191536e-06 0.001769502 2.6770267e-06 2.343069e-05 2.1004607e-06 7.993734e-06 2.600941e-06 2.3370683e-05 1.3085139e-06 1.3993781e-06 0.010984469 8.581014e-06 8.029391e-08 1.0650842e-06 7.273704e-07 1.541818e-06 8.063261e-08 1.4355221e-07 2.8819625e-06 4.324764e-07 0.0005436915 1.1142263e-07 1.4794078e-05 2.418168e-07 0.00022990622 9.112465e-06 8.82299e-07 1.2923655e-06 1.0804e-06 3.9299002e-06
0.86419004 0.00038601534 0.0014422564 5.5768755e-06 9.5017197e-07 0.032016404 0.00014120359 7.5466705e-06 0.4476892 0.1369438 0.0057604774 0.8563889 0.9820251 0.58035266 0.2488807 0.00033491058 1.758794e-06 0.085210264 0.015467955 1.929995e-13 0.0039600227 7.415312e-05 0.0002743246 1.6387316e-05 2.5445104e-07 0.045465793 0.62623423 0.00065530953 0.011404305 0.82148695 0.46898028 0.23028494 0.023091316 0.0006724713 1.6424194e-05 0.04941035 0.00043454856 0.033193633 5.602981e-06 0.18368247 0.034410227 0.18736167 1.7159344e-06 1.8832646e-06 1.572604e-06 0.80134404 0.17025442 0.002691775 0.006887804 5.8380004e-07 0.5296334 0.007869353 0.00012835024 0.045871343 0.025611792 9.464062e-05 0.11274913 0.06704565 0.030838769 0.02105385 0.00022699598 0.08560124 9.416466e-08 0.0044465996 4.3182237e-05 0.00094386406 6.971653e-08 0.0053227893 5.158423e-07 2.5470186e-05 2.118869e-07 1.8348347e-08 0.01360027 7.171146e-07 3.285918e-05 7.9124294e-07 1.8967669e-06 2.498997e-08 1.59316e-05 4.1763232e-07 2.717676e-07 0.038395904 5.0680666e-07 1.7866716e-08 1.6672561e-07 5.239095e-08 1.3125401e-07 1.518337e-08 1.2764603e-08 2.0161597e-06 6.664208e-08 0.0024669832 7.747607e-08 1.3310633e-06 6.158103e-06 0.0051419917 2.5119598e-06 8.030754e-08 6.228429e-08 5.0066814e-07 6.6804824e-07
0.9155322 0.38680407 0.82354724 0.0549982 0.0013228108 0.5004472 0.030672805 0.042165127 0.20858163 0.321654 0.8611074 0.035540137 0.017169643 0.04511538 0.064138405 0.80470276 0.00034945906 0.18985382 0.5756791 0.0039600227 7.708239e-15 0.4753878 0.8706949 0.0032326248 8.219944e-06 0.29059407 0.004851396 0.86529225 0.9124997 0.000544534 0.000580682 0.00721174 0.5296249 0.5417996 0.043766037 0.0064011007 0.5538553 0.00495824 0.004922395 0.0016288309 0.17939317 0.008097251 0.000512638 0.00013075909 2.545746e-05 0.00036919492 0.0008729914 0.64664775 0.014414007 3.679696e-05 9.103783e-05 0.00169152 0.09021629 0.0005802206 0.00012046241 0.09595597 0.00012082403 5.2921307e-05 0.0005111893 0.00015101247 0.03134531 3.9555947e-05 8.386329e-06 1.4330874e-05 0.004680306 3.9939423e-06 1.846177e-06 0.00022388203 0.00023698965 0.0004167312 8.938843e-05 3.828915e-06 0.0016744109 4.253669e-07 2.7344448e-05 4.879879e-07 2.2141567e-05 2.4960414e-06 1.3545341e-05 4.4064515e-07 4.6336393e-07 0.020769672 3.1077425e-06 1.5629647e-08 1.556832e-07 5.9642964e-08 3.1142965e-06 6.089372e-08 3.9725474e-08 3.4918373e-06 6.0010035e-07 0.000734967 2.105587e-08 1.6428063e-05 1.5600705e-07 0.0006219797 1.3712173e-05 2.0497444e-06 2.2874642e-06 4.796087e-06 1.4346333e-06
0.6504718 0.37095353 0.643017 0.08630203 0.0026578146 0.034047272 0.03780864 0.17639706 0.005330099 0.021649238 0.10377327 0.0010185252 9.0722686e-05 0.00029548738 0.00043852328 0.9898014 0.0010508081 0.0010468008 0.0062625357 7.415312e-05 0.4753878 6.706826e-15 0.9839831 0.017569669 3.2621694e-05 0.0014219031 7.731015e-06 0.6478048 0.18251137 4.6931514e-06 1.5753698e-05 2.6607588e-05 0.014539705 0.27626032 0.33222792 3.777541e-05 0.3286429 5.0337276e-05 0.033975895 1.12461685e-05 0.0016169361 0.00031405338 0.002018478 0.00010845242 0.00013288452 1.77575e-05 5.79629e-06 0.15033491 0.00030190096 0.00011854744 1.8667621e-06 5.239777e-05 0.026410915 1.0934383e-05 7.2142984e-07 0.08794284 3.141612e-06 3.022988e-06 1.7546678e-06 9.197472e-07 0.009036513 1.6229773e-06 8.765231e-05 2.5382138e-07 0.0061150957 2.3177756e-07 2.6962467e-05 3.0718556e-06 0.0010267849 0.0006074461 0.00095082866 1.3263989e-06 0.0005266419 1.2154738e-06 2.9123587e-05 6.562357e-07 0.00010604515 3.1651412e-06 5.1967677e-06 2.3984367e-07 4.954245e-07 0.0049544796 5.363858e-06 2.5001269e-08 7.959801e-07 3.3404532e-07 1.3792168e-06 1.663987e-07 1.14172465e-07 2.5277627e-06 5.3828103e-07 7.424596e-05 1.6701095e-07 1.0790249e-05 3.9341808e-07 2.7706892e-06 3.5072392e-06 2.9708224e-07 2.4918363e-06 1.26118e-06 5.7072793e-07
0.59320927 0.24636538 0.56995565 0.074304365 0.0036106617 0.08638092 0.023298288 0.09517548 0.015184487 0.042195156 0.24436764 0.0027478084 0.0007058069 0.0023563216 0.0028578325 0.93766385 0.0010086882 0.0053495346 0.030471776 0.0002743246 0.8706949 0.9839831 2.2484943e-15 0.0104233045 2.9065488e-05 0.0095256865 8.734623e-05 0.78066045 0.31814674 3.8081744e-05 8.886493e-05 0.00021300498 0.065869235 0.37127993 0.19355084 0.00020975205 0.35626987 0.00023047435 0.015038802 8.81089e-05 0.0068369433 0.00093638705 0.0014830191 0.00010220178 0.00010859379 6.0709248e-05 5.2028194e-05 0.34105584 0.001467401 3.9150586e-05 2.0668464e-05 0.0003383911 0.060038716 5.1090923e-05 7.3565284e-06 0.10683006 2.1557655e-05 1.569427e-05 1.3791386e-05 2.0370892e-06 0.013442931 5.000376e-06 4.1138665e-05 2.1473056e-07 0.006377952 3.7467535e-07 2.6335421e-05 9.672714e-06 0.0009880649 0.0014191518 0.00071420474 1.0115647e-06 0.00024925306 2.5823106e-06 3.3491327e-05 2.460283e-07 4.9191895e-05 1.413437e-06 8.614772e-06 2.775472e-07 5.010183e-07 0.0049888683 2.8327881e-06 1.9036985e-08 7.065793e-07 3.6227578e-07 2.9268836e-06 5.6475933e-08 5.6664216e-08 5.1786305e-06 6.0296344e-07 0.00012856867 2.9567522e-07 1.305472e-05 4.5631893e-07 7.747201e-06 2.3894406e-06 9.7805454e-08 2.6591667e-06 2.2916502e-06 1.4307508e-07
0.6252533 0.4034598 0.22328803 0.7630253 0.43195578 0.003722567 0.33312866 0.9775115 0.0006144482 0.007933319 0.0047440846 0.00023227112 1.6738024e-05 2.5888437e-05 0.00012650638 0.0114565855 0.6709462 3.8636208e-05 0.00029870885 1.6387316e-05 0.0032326248 0.017569669 0.0104233045 2.6866e-13 0.005847236 6.986133e-05 1.6140694e-06 0.013991481 0.0020124898 2.4705403e-06 8.770947e-06 3.0718527e-06 0.00015032777 0.010774861 0.7141779 1.232428e-06 0.01082865 1.4108094e-06 0.89594984 1.7371103e-06 1.1120724e-05 0.00070573855 0.9002302 0.4856365 0.4369658 1.1677013e-05 5.129595e-06 0.00045472925 1.3907635e-06 0.0066716424 1.8187701e-06 2.2192676e-06 0.0061794063 7.383737e-06 7.6199453e-06 0.14133912 2.8481884e-06 6.570996e-06 8.146189e-06 7.0971464e-06 0.0014246043 3.818539e-07 0.07997278 3.1711354e-06 0.01487218 2.9566903e-07 0.0011305049 3.6893148e-06 0.23406664 0.0075476468 0.054913457 8.020632e-05 0.0010008791 5.5383673e-05 0.000290494 0.000102258426 0.003189193 2.1341397e-05 0.00041754651 4.5118682e-05 2.0975493e-05 0.0054182657 9.624282e-05 5.803235e-07 2.6220202e-06 1.3914228e-06 4.1469007e-06 4.2791735e-06 2.2580853e-07 1.9792312e-06 1.104533e-07 0.00070885796 2.8599327e-08 3.65719e-05 1.4004407e-06 0.00025457545 3.8144666e-05 1.7027327e-05 2.0029686e-06 2.7018104e-06 1.25398965e-05
0.9917511 0.004427917 0.00071486196 0.001947742 0.18456863 3.0110981e-05 0.36038402 0.0019302691 1.6253665e-05 0.0003837702 2.7085243e-05 1.5516716e-06 5.531563e-07 1.0804237e-06 3.4879463e-06 1.827801e-05 0.18591826 8.815201e-07 7.927767e-06 2.5445104e-07 8.219944e-06 3.2621694e-05 2.9065488e-05 0.005847236 4.861894e-16 2.4411756e-06 4.9473865e-08 1.2756723e-05 1.1581609e-06 7.961969e-08 2.6244734e-07 1.009623e-07 4.4909186e-07 4.6983996e-06 0.00031929393 3.9003364e-08 4.0061877e-06 5.502349e-08 0.0016939496 2.8188392e-08 1.7498189e-07 2.9369958e-05 0.0015528182 0.0023766242 0.05559656 1.6610001e-07 1.555655e-07 9.060686e-08 5.7421653e-07 0.9928417 4.9260688e-08 1.9362082e-07 1.6356516e-06 1.0901771e-07 6.830553e-08 0.00010190358 2.2662078e-07 4.0165185e-07 3.276716e-08 8.139145e-08 1.5531446e-06 2.7733119e-08 0.3799689 3.5110073e-08 6.2942568e-06 3.876211e-08 0.72826064 7.1049534e-08 0.0005538101 4.352457e-05 0.006593045 0.00932704 0.008458023 0.0019578151 0.03276497 0.0032782683 0.02234362 0.0023125696 0.0015281528 0.00024139341 0.00015369015 0.28730676 0.00027893114 4.5799967e-05 4.535293e-05 9.7038646e-05 1.8183133e-05 0.00033317757 2.3518785e-05 3.4545526e-05 5.3647404e-05 0.00476536 2.1710755e-06 0.00015199467 2.6019717e-07 0.0001579696 0.00017126338 1.3077617e-06 1.673033e-07 9.65582e-06 1.2677733e-05
0.78222436 0.0101056965 0.036909748 0.00057985797 3.708315e-05 0.23980324 0.0017077833 0.0002800843 0.31610027 0.23223421 0.45086783 0.1694586 0.16888663 0.2663811 0.5451829 0.005794044 3.7457463e-05 0.87924504 0.9550574 0.045465793 0.29059407 0.0014219031 0.0095256865 6.986133e-05 2.4411756e-06 8.672121e-13 0.2551831 0.047024805 0.55689114 0.07404923 0.0025387818 0.8729575 0.93257475 0.048510745 0.00030368957 0.9018075 0.036223903 0.8621926 5.6395613e-05 0.3967936 0.8853382 0.009959146 2.1108057e-05 1.6994461e-05 1.0227017e-05 0.024688173 0.060507834 0.398441 0.48932955 5.3332024e-06 0.000682032 0.20632008 0.01656168 0.047714267 0.00018043377 0.0037517205 0.0017491635 0.00023388646 0.00024078687 0.000115959425 0.006357663 0.0020510557 3.829686e-06 2.2910128e-05 0.00041626947 4.254628e-06 1.6234075e-06 6.438278e-05 2.3710152e-06 0.00014255501 5.4253957e-07 8.6853987e-07 0.00081456534 3.912653e-06 1.0425008e-05 7.1015234e-07 3.6319718e-06 1.1773295e-06 3.5515965e-05 2.9689916e-06 3.3270383e-06 0.005377834 4.645513e-06 6.024217e-08 6.2422527e-07 5.011707e-07 1.4866002e-06 2.2714644e-08 1.3199273e-07 1.3623478e-06 3.1727342e-07 0.00024738506 2.2660378e-08 9.952339e-06 3.6327077e-07 0.00016128032 6.356189e-06 1.0525109e-06 1.9680274e-07 6.040196e-07 1.1564181e-06
0.81203526 0.000884951 0.0064333193 3.1930842e-05 6.3051937e-07 0.12703004 0.00021750109 2.3337852e-05 0.4698968 0.22505324 0.07817334 0.45927235 0.5081256 0.3588786 0.7519439 3.099826e-05 1.8791617e-06 0.17019086 0.044333052 0.62623423 0.004851396 7.731015e-06 8.734623e-05 1.6140694e-06 4.9473865e-08 0.2551831 2.9998343e-14 0.00024399794 0.019906847 0.9865238 0.025372686 0.8998711 0.069322474 0.0003701226 7.9063057e-07 0.1749546 0.00036038828 0.12036005 3.4132933e-07 0.6227397 0.10633189 0.0362342 3.2149893e-07 2.7004387e-07 2.1858351e-07 0.25006658 0.14477251 0.013339984 0.027467951 1.7211863e-07 0.011718979 0.022281786 0.0003433426 0.05190719 0.00062716316 1.1513127e-05 0.013834754 0.0020156994 0.002986166 0.001737625 0.00024075634 0.010831826 9.764217e-08 0.00075986906 5.4110437e-06 4.5434233e-05 2.361071e-08 0.00043445433 2.583011e-07 4.121329e-06 3.0330344e-08 6.2530695e-08 0.0023454637 3.354221e-07 6.1405512e-06 4.4020847e-08 1.4812615e-07 1.9596202e-07 3.8310445e-06 1.16658725e-07 6.841818e-08 0.009894406 3.0081242e-07 3.0560459e-09 1.2920728e-07 7.0497165e-08 2.3735073e-07 7.3796698e-09 2.3119792e-08 7.323233e-07 8.1630716e-08 0.0005435358 2.277764e-08 3.8673275e-06 1.2535315e-07 0.0005260949 1.2269571e-06 6.5941855e-08 3.2896332e-07 3.549915e-08 1.2543806e-07
0.81829315 0.38210875 0.73709124 0.091764286 0.0027609656 0.21362089 0.029820785 0.06772007 0.037725415 0.10497247 0.4406454 0.00686258 0.00185973 0.0057637473 0.0081032105 0.43182236 0.00069970975 0.03139742 0.14173129 0.00065530953 0.86529225 0.6478048 0.78066045 0.013991481 1.2756723e-05 0.047024805 0.00024399794 1.2911014e-14 0.8355966 8.622404e-05 4.531359e-05 0.0004889024 0.17142442 0.9564227 0.15735844 0.00031183535 0.88124645 0.0002977044 0.01736641 0.00027892774 0.015754603 0.0012131676 0.0011237689 0.00021541718 5.4208085e-05 5.7832738e-05 0.00010684039 0.5840869 0.0016100494 5.8652055e-05 6.1965966e-06 0.0005556686 0.15188615 4.9045415e-05 4.0786626e-06 0.1578052 2.802589e-05 1.2618268e-05 9.627508e-06 7.756708e-06 0.032421805 7.468907e-06 4.2607822e-05 3.8548683e-07 0.0075710984 3.980354e-07 2.8444774e-06 2.561797e-06 0.0009019142 0.0018383055 0.00025099845 4.962523e-06 0.0005195834 1.0722428e-06 2.889568e-05 5.348771e-07 9.345238e-06 2.11526e-06 5.664961e-05 5.6518905e-07 1.4116844e-06 0.022682156 4.401296e-06 2.3233978e-08 6.903081e-07 1.7621561e-07 1.5869905e-06 5.9031926e-08 4.733326e-08 1.077071e-06 1.0589016e-07 0.00021545868 1.4127691e-07 5.360938e-06 1.2172353e-07 1.3498544e-05 5.7300567e-06 1.9805256e-07 1.0464878e-06 4.390589e-06 4.4135188e-08
0.8448341 0.16635004 0.44312215 0.025238017 0.00065940764 0.43697542 0.0157313 0.01505862 0.20738004 0.3711494 0.5499126 0.061401665 0.05147316 0.08626571 0.11125019 0.21145871 0.00018813316 0.3161556 0.588923 0.011404305 0.9124997 0.18251137 0.31814674 0.0020124898 1.1581609e-06 0.55689114 0.019906847 0.8355966 6.1067505e-15 0.0045546927 0.00079619774 0.026185168 0.9646664 0.78383374 0.011894659 0.014309373 0.60398954 0.012720359 0.0011749502 0.00925616 0.382558 0.011461311 0.00010963145 4.4580105e-05 8.882828e-06 0.00032317263 0.0014513147 0.83215773 0.06383445 1.8855624e-05 0.00012880763 0.010545428 0.1670341 0.0015455072 0.00014680905 0.048061542 5.708532e-05 9.906275e-05 0.0004196265 4.8785718e-05 0.0326643 0.00010392842 5.294551e-06 1.3500531e-06 0.0030721696 5.9570887e-08 9.624712e-07 2.1413925e-06 8.589199e-05 0.00040046484 2.0072787e-06 1.5498539e-06 0.0012146715 2.1850005e-06 4.1207102e-05 1.0665595e-07 1.4288712e-06 1.35699e-06 2.2943235e-05 1.1404434e-06 3.5245085e-07 0.023737175 5.3310896e-07 1.7375708e-08 2.2079993e-07 1.0321393e-07 6.323826e-07 6.6607737e-09 5.1691735e-09 2.8938064e-07 5.0716903e-08 0.0015835611 4.880968e-09 6.1302703e-06 1.2750319e-08 0.00019394972 1.8346186e-07 4.3579774e-07 2.200206e-08 1.0038989e-07 1.0293018e-08
0.78901774 0.0002252965 0.00087431783 8.141094e-06 9.655013e-07 0.030130409 9.142953e-05 8.801018e-06 0.2479566 0.08801244 0.014425862 0.44122344 0.4635332 0.20792605 0.3385238 1.6725147e-05 3.1997795e-06 0.045164667 0.01454025 0.82148695 0.000544534 4.6931514e-06 3.8081744e-05 2.4705403e-06 7.961969e-08 0.07404923 0.9865238 8.622404e-05 0.0045546927 1.02998264e-13 0.0785856 0.48823443 0.023157265 7.250863e-05 1.1042135e-06 0.08091411 0.00016811414 0.05802469 2.1604703e-07 0.81165415 0.05908608 0.064587146 1.6968331e-06 3.0990725e-07 4.013995e-07 0.8963545 0.52996397 0.0016703709 0.013765476 9.5104895e-08 0.13255224 0.019990187 0.00017223204 0.17384918 0.0042580343 1.4782247e-05 0.11506647 0.011582316 0.013651769 0.011905865 0.00013666331 0.058058128 9.852988e-08 0.006034968 7.1444924e-06 0.0008439629 3.1613006e-08 0.0066112257 6.344894e-08 6.050911e-06 7.124427e-08 3.6591658e-08 0.0025072594 1.4936531e-06 1.3613357e-05 8.5291816e-08 1.639381e-06 8.109904e-08 1.3058082e-05 2.4493175e-07 2.0823198e-07 0.010866523 8.9642566e-07 9.111008e-09 2.1823108e-07 1.1639756e-07 1.4295049e-06 7.147739e-09 9.523613e-08 5.444903e-06 1.9128716e-07 0.0005241251 1.979839e-08 1.0039487e-05 8.7824924e-07 0.0019567718 1.1388923e-06 1.3611097e-07 7.491067e-07 5.286744e-07 4.7255347e-07
0.88064647 0.00012550897 0.00041214962 2.3278213e-05 1.340852e-06 0.002939093 2.5467123e-05 1.42936115e-05 0.025334124 0.018725634 0.0021920719 0.35523778 0.08130924 0.024822675 0.0060581868 9.5428295e-05 3.079999e-06 0.0063862717 0.0022539226 0.46898028 0.000580682 1.5753698e-05 8.886493e-05 8.770947e-06 2.6244734e-07 0.0025387818 0.025372686 4.531359e-05 0.00079619774 0.0785856 2.918074e-13 0.00840974 0.001775221 6.435172e-05 1.4128723e-06 0.0027757648 0.00010594962 0.0018338815 7.1803225e-07 0.008811152 0.0011965089 0.9702167 1.1464967e-06 1.303778e-06 1.2594601e-06 0.43318564 0.030909684 0.0003238934 0.0006734195 1.240865e-06 0.94491553 0.0010070105 2.9945913e-05 0.007848862 0.64153385 8.839494e-06 0.15803246 0.76647586 0.7712666 0.17335033 1.07240285e-05 0.11393864 1.2336496e-06 0.13466093 4.1922913e-06 0.0338469 2.897319e-07 0.016089711 3.8710817e-07 6.5141794e-06 1.484446e-07 4.893912e-07 0.14882761 2.3652992e-06 3.21089e-05 4.53552e-06 1.6522089e-06 6.506453e-07 5.329537e-06 1.4323339e-06 1.575082e-06 0.06425448 2.4538217e-06 1.8258129e-07 2.5537315e-07 3.053332e-08 1.3162695e-07 7.7188005e-08 1.9187063e-08 4.803371e-07 2.2893758e-08 0.037545368 4.546806e-08 2.9364003e-06 3.4319473e-07 0.023635946 1.2642792e-05 1.1277067e-07 4.8200036e-08 6.164513e-08 6.319907e-07
