1.0369485e-21 0.9868202 0.99759775 0.99991554 0.97369015 0.9407773 0.9894318 0.8438668 0.91998017 0.95237684 0.8462666 0.99787873 0.98469263 0.8316103 0.8601426 0.8869133 0.8624769 0.8772675 0.9889066 0.86801225 0.89087063 0.7444095 0.88013995 0.864326 0.9288658 0.7843326 0.7537981 0.9332068 0.89658314 0.78733706 0.9985844 0.36815408 0.8565256 0.72272956 0.48679632 0.8973067 0.8758523 0.5305725 0.8894303 0.9998186 0.9862774 0.33173087 0.92617583 0.022204945 0.90465945 0.0066947946 0.66495615 0.90948254 0.7158521 0.9475485 0.05016309 0.9734568 0.97663796 0.99048245 0.8557105 0.97077644 0.9023241 0.893972 0.8734626 0.86915714 0.50659573 0.65393573 0.9116865 0.5763974 0.83038735 0.40373087 0.16873983 0.3078556 0.088254996 0.40485424 0.43970945 0.2148234 0.574856 0.068854325 0.40243614 0.17165428 0.0099617215 0.043903794 0.026370086 0.040062267 0.28213176 0.043728787 0.0023058825 0.078758 0.196242 0.052265495 0.09928038 0.031683844 0.00042697432 0.008512529 0.036687303 0.036165833 0.015146031 0.0009685277 0.024284657 0.00073211314 0.00275911 0.00091980293 0.002018305 0.0012003536 0.0021947315
0.9868202 7.382206e-16 0.92863 0.05243595 0.8349255 0.7099493 0.0085189035 0.53175765 0.15515015 0.028360471 0.022011658 0.025584785 0.008871396 0.035655204 0.0012684797 0.02091739 0.028079767 8.49766e-05 0.00017581148 0.0145014 0.010155171 0.012657324 0.07813206 0.004569091 0.0016415011 0.021707697 0.012825224 0.0054587396 0.012778989 0.000984625 0.0036230376 4.6089415e-05 0.018216113 0.008723206 0.02740989 3.134636e-06 0.00054835645 0.007175135 0.014458923 5.4277505e-05 0.0068985852 0.0009720138 0.018777732 0.00059136207 0.001591461 8.837651e-05 0.000403316 0.01456472 0.0007667229 0.0037407274 0.0006887813 7.066299e-05 0.0021862627 0.014285185 0.07212757 0.0044224854 0.00037076382 0.0039673997 0.0014085531 0.003545938 0.16186439 0.0013234094 0.028216671 0.00066509517 0.0020806903 0.0015752565 7.8816424e-07 0.0008588023 0.025591685 0.0072284895 0.0072001745 0.00014984186 0.0036382228 0.024809806 0.0010557537 0.0007227434 0.00016705056 0.00024627752 0.010980211 7.548063e-05 0.0068591316 0.000472117 1.0267643e-05 0.0005580693 0.0007032886 0.003266307 0.0005717751 0.0015497728 0.000420312 0.00013948148 0.008154141 0.0016567605 0.0004257443 0.00027190725 0.0007140937 0.00019186898 0.00019655452 8.100177e-05 0.00052231684 0.0003608617 0.00044278172
0.99759775 0.92863 8.2345976e-16 0.014566637 0.35521838 0.83797365 0.008168147 0.1357366 0.042348005 0.028801894 0.017993933 0.0069369082 0.0069582295 0.011742219 0.0011726817 0.023772294 0.01342237 5.5547393e-05 4.3673925e-05 0.0134738125 0.01736795 0.010578052 0.052856486 0.008834546 0.004777471 0.010851379 0.008373971 0.009556793 0.012704676 0.0019129878 0.039711546 8.8854584e-05 0.008937331 0.007175986 0.018022586 3.12299e-06 0.00031263576 0.008792554 0.008376191 3.2494077e-05 0.0042083827 0.0036818811 0.009288471 0.0017999321 0.0008045002 0.00029438842 0.00016227545 0.008960403 0.00024306103 0.0017061359 0.001794842 1.8175833e-05 0.0020999555 0.017942576 0.11302187 0.003159675 0.00017073435 0.0046215123 0.0014768917 0.003831343 0.1288491 0.000653562 0.018135155 0.00049377105 0.00091250916 0.00047123153 2.6537998e-07 0.00019588665 0.005864843 0.0022080597 0.0027202836 4.2210177e-05 0.0003521299 0.020546962 6.583545e-05 7.633412e-05 5.2457068e-05 1.835907e-05 0.0036741446 8.552078e-06 0.00049150747 4.254821e-05 1.0065337e-06 0.00012117806 6.8507766e-06 0.00039917833 3.85835e-06 0.00019675537 0.0005081977 1.993874e-06 0.0012388797 2.1422944e-05 9.7346965e-06 3.0620122e-05 3.1920806e-06 1.1048019e-05 2.5928452e-06 2.5069184e-07 6.2021536e-06 3.6759477e-06 8.55107e-07
0.99991554 0.05243595 0.014566637 1.4034947e-17 0.052860584 0.0046307934 0.9406109 0.026185803 0.17034042 0.4867786 0.29594076 0.28237033 0.3837376 0.02106201 0.037997775 0.18637834 0.060822435 0.004895098 0.0064951363 0.13462189 0.17891227 0.15379938 0.011454656 0.028399406 0.0067049097 0.008872055 0.0099504655 0.042704806 0.024731776 0.0039471406 3.037133e-08 8.227045e-05 0.008534305 0.009842542 0.0037773 1.9014387e-05 0.0031374523 0.0009817727 0.010655127 0.032812808 0.057783306 6.8551645e-07 0.057369675 2.4254106e-05 0.007865579 1.8408979e-09 0.00046486603 0.003968631 0.0029055662 0.0125042265 0.00010999338 0.0001522622 0.0033562344 0.013891293 0.0001681305 0.0013076558 7.724077e-05 0.00086148176 0.0006052095 0.0027139585 0.0011806145 0.00065600575 0.0016454343 7.848543e-05 0.005525574 0.0009774648 1.6431283e-06 0.00014719204 2.2331214e-05 0.0026117438 0.00028891946 3.8632043e-05 0.0046041184 2.9974499e-06 0.0059097423 0.0050821444 1.0775164e-05 2.9843251e-05 0.00017649776 2.5050927e-05 0.006474168 0.00014510557 2.026096e-06 0.00028385513 0.0052802586 0.0015841667 0.00158704 0.0019214925 9.419275e-05 5.178892e-06 0.0013966904 0.0024127744 0.00031461788 5.1316474e-05 0.0019824523 5.8351732e-05 1.2729356e-05 5.276526e-06 0.00013372254 6.3273554e-05 0.00062299595
0.97369015 0.8349255 0.35521838 0.052860584 7.882015e-21 0.48169762 0.0023715866 0.89817953 0.40015107 0.015315713 0.031800322 0.022011999 0.00045930227 0.3593979 3.6583584e-05 0.014454966 0.090354405 1.1094009e-05 0.0001862226 0.015823284 0.0011005519 0.004563662 0.3176931 0.00029341585 8.697389e-06 0.10055492 0.042298894 0.0011438249 0.03187164 3.860221e-05 0.0010032157 8.2555786e-08 0.07536642 0.024001457 0.04624441 8.498778e-09 1.1886616e-05 0.009519407 0.034727983 0.00013856612 0.001303458 3.5291978e-05 0.031297117 0.0005481499 6.622871e-05 1.8558729e-05 2.1435284e-07 0.029225105 1.2708153e-05 0.00016443167 0.00062748505 3.408201e-08 1.8501085e-05 0.0033419684 0.020741496 0.00042169937 9.426836e-08 0.00032734306 2.1432365e-05 0.00064172957 0.035613704 3.861937e-05 0.009637058 1.3812307e-06 0.00036000818 0.00015064882 7.984646e-11 4.6918645e-05 0.015993675 0.003976794 0.008214933 1.0128291e-06 0.0016617408 0.005511733 1.3127782e-05 1.7418224e-05 6.509264e-07 1.4212476e-05 0.014483758 9.519978e-07 0.0014845084 1.3060747e-05 5.4991047e-09 3.1525353e-05 1.1865743e-05 0.0012807477 5.327781e-05 0.0005434899 0.00025784716 4.5528787e-07 0.010358891 3.6593567e-05 5.7733763e-07 1.5902395e-05 2.0096417e-05 3.2086828e-05 7.510567e-07 6.6754026e-08 6.5687213e-06 7.329689e-07 1.6753436e-05
0.9407773 0.7099493 0.83797365 0.0046307934 0.48169762 1.6290241e-20 0.00045338878 0.9029598 0.0915675 0.007635578 0.0074704033 0.0020378677 0.00024768297 0.08327445 9.466775e-06 0.0065117264 0.020369953 4.9713235e-06 3.8671784e-05 0.0017829647 0.00020287624 0.00018472601 0.9304472 5.417222e-05 2.2941222e-05 0.036290534 0.007569445 7.984039e-05 0.0042520612 1.6290662e-05 0.020855524 4.889279e-07 0.012757425 0.0029042407 0.38250098 4.0894803e-09 6.353913e-07 0.06003434 0.0035121834 1.2801969e-06 6.960628e-05 0.015071688 0.0014684013 0.003586529 8.61861e-06 0.00047587728 3.1496805e-07 0.00989369 1.65822e-06 6.825851e-06 0.0009325554 9.3734025e-09 2.3676755e-06 0.00017309387 0.0065093767 2.9050687e-05 1.6144874e-07 5.267263e-05 1.2580125e-06 4.9596583e-05 0.015057142 5.095278e-07 0.00032293817 3.5881396e-07 1.9045157e-06 1.5826723e-06 4.4940673e-11 1.5690221e-06 0.0016496498 4.5915465e-05 0.00018179622 5.6202346e-08 2.4684255e-06 0.006633614 1.7062193e-07 7.5474766e-08 3.790315e-07 2.3462175e-07 0.0010225073 5.5488165e-08 2.2871838e-05 1.4213086e-07 2.869477e-09 1.1007138e-07 8.619374e-08 2.4053063e-05 5.8732738e-08 3.3479496e-06 6.7964356e-05 4.3987193e-08 0.00016074625 2.5105646e-07 1.3555989e-07 3.884382e-06 1.0470083e-07 2.8373277e-06 1.3299727e-07 3.8100104e-10 5.942237e-07 1.9234506e-07 2.0567494e-07
0.9894318 0.0085189035 0.008168147 0.9406109 0.0023715866 0.00045338878 1.6950904e-16 0.004096013 0.026534319 0.42089877 0.32203493 0.17765555 0.44168115 0.021616742 0.045857433 0.43882927 0.22792709 0.014256222 0.024649108 0.61950874 0.5973766 0.58397675 0.0028234776 0.14420766 0.02887403 0.005836409 0.01636663 0.16389345 0.05050118 0.028225284 7.488638e-09 0.00048347496 0.0070841974 0.0249302 0.00031526815 0.00027577011 0.015475361 0.00025521795 0.012571112 0.08583934 0.17726466 2.1718577e-08 0.1347083 1.713385e-06 0.01453061 2.7386013e-09 0.0010370214 0.00061817194 0.0037857657 0.019878775 1.6729016e-06 0.00022803528 0.0033099153 0.032114405 0.0002744133 0.0029217731 0.00028592462 0.0012468103 0.00069331116 0.0006142036 0.0022755237 0.0004470048 0.00027891895 0.00019740305 0.0007913906 0.0012497746 3.770373e-06 0.0003286117 2.6911757e-05 0.00024329807 5.551646e-05 4.7786805e-05 0.0005857445 1.6691494e-05 0.0005448867 0.00050851214 0.0001672361 0.00012844944 0.00011828612 1.4368865e-05 0.00050419476 0.00037204108 2.4641097e-06 0.00062135863 0.0006345584 9.774089e-05 0.00060499134 0.0002775495 6.952721e-05 1.2525517e-05 0.00038797082 0.0027727394 0.0013057237 3.525746e-05 0.0025053043 2.935433e-05 8.1439015e-05 1.0284165e-05 0.00034549975 0.00012507619 0.0009140561
0.8438668 0.53175765 0.1357366 0.026185803 0.89817953 0.9029598 0.004096013 9.635541e-20 0.7254152 0.105148934 0.15262745 0.0056105424 0.0011144417 0.8071206 0.0001530142 0.028195724 0.17120793 6.0768336e-05 0.00038564738 0.0071679153 0.00038583076 0.0015642325 0.8804689 0.00020716467 6.6546214e-05 0.15636824 0.043603625 0.00012713566 0.012661543 6.545694e-05 0.0022233857 6.7850733e-06 0.05214685 0.009571714 0.24380785 9.624909e-08 1.4117981e-05 0.014981608 0.011910829 3.104178e-05 0.00034789703 0.001023624 0.0044002538 0.0006104779 5.0472398e-05 9.1653805e-05 6.127828e-06 0.02330594 1.979172e-05 5.7588975e-05 0.00026122842 3.9577452e-07 2.2173093e-05 0.00090717076 0.010430021 0.00034579067 1.5642755e-06 0.00018800564 8.298101e-06 6.8715024e-05 0.010090886 1.3801944e-06 0.0011587392 1.0390729e-06 8.53216e-06 5.5413498e-06 3.7757342e-10 4.9309056e-06 0.0014863324 0.000117858894 0.00049090944 5.860696e-08 1.7267634e-05 0.0009942425 1.4114353e-06 1.00523e-06 4.9553577e-08 1.08434e-06 0.00081683765 1.7235583e-07 2.6855354e-05 1.5262128e-06 2.7642004e-09 6.0300374e-07 7.513919e-07 3.3763114e-05 1.7895024e-06 7.6089727e-06 5.0498056e-05 2.7495932e-07 0.00032916688 1.1027687e-06 3.2331147e-07 4.0206405e-06 9.030558e-07 6.345111e-06 2.4239793e-07 3.885039e-09 1.7352411e-06 5.2830694e-07 4.197017e-07
0.91998017 0.15515015 0.042348005 0.17034042 0.40015107 0.0915675 0.026534319 0.7254152 1.5187897e-18 0.8653409 0.88108486 0.00844404 0.00902055 0.710262 0.0016597714 0.14771594 0.47984612 0.001115946 0.0028380558 0.071409516 0.0063064964 0.009070147 0.10361856 0.00039556308 0.00013397961 0.10489465 0.050842267 0.0011719331 0.044695783 0.0005316154 5.6032568e-05 7.0475966e-05 0.035909228 0.024956305 0.056112528 1.3740088e-06 0.00018585712 0.001654785 0.014617547 0.004085924 0.00086599623 0.00011973032 0.01684902 0.0003503858 0.00016533361 2.790537e-05 3.233707e-05 0.0043337345 0.00023392457 0.00019489943 0.00017539802 2.3829093e-06 2.8912467e-05 0.0009203899 0.00342097 0.00062931137 4.546334e-06 0.00017277557 2.7053335e-05 7.612722e-05 0.0013270486 7.2707594e-06 0.00035739248 1.1719515e-06 4.4882643e-05 1.7061479e-05 4.737869e-08 3.995097e-06 0.00072142854 6.605165e-05 0.00016944058 5.5470064e-08 4.8846985e-05 6.916235e-05 1.4309576e-06 7.6546695e-07 9.3933585e-07 1.7077132e-06 0.00033247165 3.1441763e-07 7.297982e-05 2.7849762e-06 7.06133e-08 1.7181713e-06 1.1814024e-06 3.5527555e-05 1.6564332e-05 5.0293416e-05 1.7751136e-05 2.9716074e-07 0.000109812674 3.6758568e-06 3.7303087e-06 2.693489e-05 3.178795e-05 2.2202295e-05 9.346641e-07 1.9102748e-08 7.0488827e-06 5.020038e-06 4.389636e-05
0.95237684 0.028360471 0.028801894 0.4867786 0.015315713 0.007635578 0.42089877 0.105148934 0.8653409 1.04574855e-19 0.9284043 0.02602157 0.07321246 0.193993 0.008386594 0.54644835 0.48748004 0.003009628 0.0073116086 0.31620884 0.10609976 0.15006155 0.005511018 0.004826315 0.0010547015 0.020191917 0.017887194 0.010737564 0.04073692 0.0011777071 4.9294243e-08 4.9240003e-05 0.0073903063 0.013220483 0.0036125667 9.584095e-06 0.00032390605 0.00013363444 0.008107493 0.012873752 0.008509208 2.6416743e-07 0.03751462 2.1951353e-05 0.0005561521 3.653566e-08 5.8556372e-05 0.0004941396 0.0004050998 0.00074632966 2.6650187e-06 1.1278686e-06 4.0694566e-05 0.0022461375 0.0009961117 0.00022667754 4.887091e-06 5.763145e-05 2.9316618e-05 5.087306e-05 0.00017521645 2.1044661e-05 5.4095657e-05 2.4016836e-06 1.933024e-05 3.7026082e-05 1.11191014e-07 1.3733375e-05 1.0235702e-05 6.2060324e-05 1.0867683e-05 2.1652762e-07 8.804053e-05 1.1425656e-05 1.5911763e-06 2.7976446e-06 8.399788e-07 1.967471e-06 3.0727288e-06 2.057275e-07 3.7892674e-05 5.983845e-06 1.6439417e-08 8.933845e-06 5.176226e-06 1.0639599e-05 3.2035645e-05 3.9493414e-05 4.539213e-07 1.331005e-06 2.7062186e-05 8.898141e-06 6.34545e-06 4.493884e-05 0.00020500437 4.6099525e-05 1.8226345e-05 2.8895084e-08 6.501311e-05 2.0964655e-05 0.0001295343
0.8462666 0.022011658 0.017993933 0.29594076 0.031800322 0.0074704033 0.32203493 0.15262745 0.88108486 0.9284043 2.4938298e-20 0.0043650987 0.025874024 0.3206558 0.0022011816 0.6356356 0.64838433 0.00033653737 0.0021183558 0.29002574 0.07601562 0.101550676 0.00971867 0.0024020344 0.00046873544 0.046523545 0.03646666 0.0039525935 0.0579213 0.00055519666 1.03849196e-07 1.4711001e-05 0.017738154 0.022296116 0.004069222 5.566363e-07 0.00012064165 0.0002645662 0.011150078 0.001604861 0.0135999005 9.560929e-07 0.043904003 3.1234413e-05 0.00039647936 1.2441099e-07 2.3902236e-05 0.0008672313 0.00024255093 0.00045452738 3.4585064e-06 9.011545e-07 8.167383e-05 0.0036383595 0.0008546057 0.00041222374 4.2181664e-06 9.6676085e-05 4.478016e-05 8.0770435e-05 0.00012922978 9.9992885e-06 4.6911082e-05 2.6443664e-07 2.283688e-05 2.3822471e-05 5.1970844e-08 4.36153e-06 4.260987e-06 7.992038e-05 1.595882e-05 1.2530181e-08 0.0001396211 6.969719e-06 3.080642e-06 3.335155e-06 7.889948e-08 3.4355855e-07 2.002178e-06 3.4526405e-08 4.5261026e-05 2.511591e-06 1.8212599e-09 1.7894171e-06 1.1669088e-05 1.0236366e-05 2.7970164e-05 3.4828026e-05 2.5473244e-07 3.2621193e-07 1.2806651e-05 1.4343071e-05 3.7752236e-06 2.9349208e-05 0.00015318356 2.4705934e-05 1.0353576e-06 4.3857407e-09 1.7136525e-05 2.6521288e-06 6.450933e-05
0.99787873 0.025584785 0.0069369082 0.28237033 0.022011999 0.0020378677 0.17765555 0.0056105424 0.00844404 0.02602157 0.0043650987 3.6633938e-10 0.3403893 0.002997559 0.5478622 0.006923895 0.002683156 0.80606604 0.9412603 0.0043413807 0.029795138 0.012366039 0.0009434783 0.054948803 0.032983616 0.0012505013 0.0013967735 0.02323314 0.0030763838 0.028505689 3.5934e-05 0.0102584725 0.0010763876 0.0018664125 0.0014505272 0.21629702 0.02617716 0.0011431902 0.0017116141 0.6476989 0.013904268 7.374437e-05 0.0031013063 0.0008191178 0.008133513 1.615075e-06 0.007846811 0.00074757263 0.0065011443 0.013325927 3.0014362e-05 0.03059158 0.008952673 0.0075686877 0.0011464296 0.010580967 0.010875288 0.0060278964 0.0031972863 0.0018000066 0.016055087 0.0019519463 0.0030997982 0.0053957943 0.0024855104 0.0014159261 0.019128406 0.0013964406 0.00035953848 0.0015769909 0.0010855834 0.0020917775 0.0019750712 0.00037391667 0.0011787419 0.00055001857 0.0023834233 0.0005334783 0.0010699563 0.00043181295 0.0080338 0.0011350948 0.0021677776 0.00082575635 0.0005751532 0.00020764554 0.00023821098 0.00031947152 5.3928972e-05 0.00096225337 0.0026518418 0.0040334584 0.006613764 4.0080165e-05 0.0007269175 1.8081611e-05 0.00046516024 0.00041079347 0.0015133556 0.0011773336 0.0002454236
0.98469263 0.008871396 0.0069582295 0.3837376 0.00045930227 0.00024768297 0.44168115 0.0011144417 0.00902055 0.07321246 0.025874024 0.3403893 1.07158304e-16 0.0015150358 0.95929134 0.051026154 0.018995116 0.13232471 0.07695611 0.048294272 0.48867372 0.39253566 0.00029749208 0.66738564 0.6296099 0.00048172678 0.0009987967 0.36741695 0.003848573 0.23016538 1.5236858e-09 0.019254426 0.00051812985 0.0020501844 6.1581304e-05 0.0012887577 0.08904104 7.163562e-06 0.00063015183 0.07992739 0.089824535 5.888259e-08 0.008026988 2.644098e-06 0.041300453 1.4964242e-07 0.010148719 3.1836913e-05 0.016571878 0.026950074 2.4535598e-06 0.004437716 0.005491454 0.013120354 0.00013878527 0.003691555 0.0012933206 0.00074750144 0.00028050452 0.00014971303 0.0009986819 0.00019032322 4.8388803e-05 0.00044544923 9.095582e-05 0.00035998606 3.2419437e-06 0.00046160023 3.4897796e-06 0.0002724235 3.5609166e-05 4.8399786e-05 0.00020788846 1.8492959e-06 4.595638e-05 3.8671413e-05 2.5444331e-05 8.026524e-05 1.0586443e-05 2.0532905e-05 0.00011695052 7.118557e-05 8.6941545e-06 4.0514657e-05 1.0352723e-05 5.7019774e-06 6.51108e-06 4.1706935e-06 6.2494894e-07 5.544125e-06 1.9437264e-06 8.370625e-05 7.527799e-05 1.4109824e-07 1.3414084e-06 1.637927e-07 9.35098e-06 5.3848926e-06 7.342615e-06 2.969671e-06 4.021121e-07
0.8316103 0.035655204 0.011742219 0.02106201 0.3593979 0.08327445 0.021616742 0.8071206 0.710262 0.193993 0.3206558 0.002997559 0.0015150358 3.33871e-17 0.00019465922 0.3368581 0.9510812 0.00017953948 0.0016614327 0.2591571 0.0040351916 0.015794225 0.6268168 3.6899957e-05 4.778872e-05 0.86198115 0.59190995 0.00013698026 0.34166932 5.2009793e-05 0.00067459355 8.530224e-06 0.573189 0.1953353 0.36725324 2.0667459e-07 1.0979859e-05 0.009786425 0.16886453 0.0011867792 0.00047535138 0.00014142043 0.03795312 0.00052390224 5.0955558e-05 4.9172006e-05 8.4417525e-06 0.03166929 4.546509e-05 3.0010697e-05 0.000206922 7.3027985e-07 6.3380658e-06 0.0001697929 0.0044055865 4.9162023e-05 2.703519e-06 1.6510143e-05 1.0303023e-05 9.608952e-06 0.0008637396 2.3889324e-06 0.00012122718 8.041959e-08 1.0133731e-06 3.3508338e-06 7.111014e-08 3.870936e-06 0.00079825276 6.183742e-05 0.0001854598 1.7787796e-08 5.33823e-06 1.1005628e-05 1.0944738e-06 1.8151261e-06 8.558629e-08 1.6419455e-06 0.0008280121 1.7016029e-07 2.823991e-05 1.6852089e-06 2.2393857e-08 4.93913e-07 2.5102547e-06 3.9966344e-05 9.189506e-06 4.0493604e-05 3.5453904e-05 1.3936106e-07 9.879113e-05 1.1925625e-06 2.609622e-06 1.49109355e-05 2.4691012e-06 5.775235e-06 1.297808e-07 2.3718032e-09 2.6201708e-06 1.9909442e-06 2.699021e-06
0.8601426 0.0012684797 0.0011726817 0.037997775 3.6583584e-05 9.466775e-06 0.045857433 0.0001530142 0.0016597714 0.008386594 0.0022011816 0.5478622 0.95929134 0.00019465922 1.29837e-20 0.0033315837 0.0010912117 0.95454246 0.18937981 0.0035285992 0.06058353 0.048429932 0.00012507928 0.3936807 0.83320105 0.0003508867 0.00040811862 0.12890522 0.0011950958 0.44011024 4.7619453e-10 0.59127873 0.0002536374 0.0007857582 5.3005813e-05 0.041426383 0.3123494 3.3410663e-06 0.00040929846 0.058812257 0.023291491 1.940335e-08 0.0017986683 4.51714e-06 0.02471094 1.529014e-08 0.019566556 3.369688e-05 0.023030829 0.015446196 4.6233413e-07 0.022776784 0.00751592 0.0074619087 4.0251503e-05 0.011566631 0.0055009546 0.0026196588 0.0008540321 0.00025785086 7.5178265e-05 0.00018134461 0.0004120409 0.0020365901 9.201385e-05 0.00021084708 0.0006459786 0.00036336778 8.021523e-06 0.00020309015 1.8661969e-05 0.00032640508 0.00013593916 3.025414e-06 4.9787894e-05 1.7353015e-05 0.0007963833 9.0908645e-05 9.2682825e-07 5.6040633e-05 7.401224e-05 8.5127474e-05 0.00023861819 3.207193e-05 7.1760746e-06 3.9484808e-06 8.08808e-07 2.1285102e-06 1.10750754e-07 3.6557187e-05 1.9502166e-07 2.8221251e-05 2.0930633e-05 1.7049059e-08 3.7252653e-07 1.1908997e-08 1.6702019e-05 6.0646576e-05 2.7127728e-06 2.0838527e-06 1.5006944e-07
0.8869133 0.02091739 0.023772294 0.18637834 0.014454966 0.0065117264 0.43882927 0.028195724 0.14771594 0.54644835 0.6356356 0.006923895 0.051026154 0.3368581 0.0033315837 1.078776e-18 0.88422114 0.0008201848 0.005878248 0.95935893 0.23333153 0.33507138 0.0012124673 0.004062936 0.00053276366 0.027881209 0.028926764 0.01033517 0.09501412 0.000684103 3.0805158e-08 2.5821515e-05 0.011138961 0.021227628 0.0010147562 8.099455e-06 6.452951e-05 3.830601e-05 0.011866741 0.0061306893 0.017367063 7.097545e-08 0.061920144 3.3136643e-05 0.0003013754 1.2028663e-08 8.168594e-06 0.00046123826 0.00011177455 0.00046686194 2.2470533e-06 1.455506e-06 9.6873686e-05 0.0033691889 0.0003764266 0.0002993071 4.995424e-06 6.193167e-05 3.8586055e-05 3.8373983e-05 2.7512404e-05 1.9931222e-05 5.0242837e-05 2.6546908e-07 2.506811e-05 2.5639734e-05 8.7104034e-08 5.8313262e-06 1.3317198e-06 8.593352e-05 1.1787041e-05 3.0658267e-08 0.00021558817 3.881838e-06 3.962517e-06 3.2460243e-06 7.134663e-07 1.5620736e-06 1.1084592e-06 1.8349964e-07 1.3907721e-05 6.8923696e-06 1.9385077e-08 5.573175e-06 1.4108345e-05 4.343747e-06 3.124064e-05 3.218551e-05 4.0246087e-07 1.4456385e-06 1.5210046e-05 9.571262e-06 1.3781881e-05 3.8034672e-05 0.00035338805 2.7046244e-05 8.669795e-06 8.017267e-09 7.8830635e-05 4.911024e-05 0.00023096107
0.8624769 0.028079767 0.01342237 0.060822435 0.090354405 0.020369953 0.22792709 0.17120793 0.47984612 0.48748004 0.64838433 0.002683156 0.018995116 0.9510812 0.0010912117 0.88422114 1.1174157e-16 0.00044889154 0.001830544 0.8514116 0.055147573 0.13728605 0.090768024 0.0006873453 0.00013404428 0.44014046 0.37575716 0.0025393195 0.4464717 0.00014055963 4.2929634e-05 1.4679805e-05 0.25699124 0.19743687 0.01826624 6.465036e-07 2.2498398e-05 0.0009794935 0.121995166 0.0032502543 0.014392619 1.1446116e-05 0.16775954 7.317628e-05 7.462937e-05 1.3081434e-06 1.0878943e-05 0.006366961 3.9459832e-05 0.00015081213 1.8814471e-05 1.3321643e-06 0.0001064869 0.0048766625 0.0018413734 0.0004444056 2.2934919e-05 9.617693e-05 7.492103e-05 0.000112360336 0.00018438228 1.66301e-05 0.00017437512 1.0864615e-07 3.1063104e-05 4.8003174e-05 3.408027e-07 6.217694e-06 5.545624e-05 0.00015504913 0.00019464048 3.1137027e-08 0.00017683016 7.565515e-06 3.51153e-06 3.4947457e-06 2.5094587e-07 3.6545941e-06 1.9781379e-05 1.9009745e-07 3.7915917e-05 2.7376707e-06 1.2593098e-08 9.560985e-07 1.3736125e-05 2.4302572e-05 8.5614585e-05 8.9354086e-05 4.2434604e-06 3.4810728e-07 3.007714e-05 8.148947e-06 1.7306468e-06 6.329534e-05 0.00010758504 2.2078058e-05 9.571631e-07 1.2339143e-08 1.1893489e-05 5.4384477e-06 0.00011705899
0.8772675 8.49766e-05 5.5547393e-05 0.004895098 1.1094009e-05 4.9713235e-06 0.014256222 6.0768336e-05 0.001115946 0.003009628 0.00033653737 0.80606604 0.13232471 0.00017953948 0.95454246 0.0008201848 0.00044889154 7.6685233e-16 0.92919207 0.0006971068 0.02623286 0.005573332 3.179028e-05 0.08902447 0.083132215 8.95701e-05 6.3642416e-05 0.019856317 0.00031813225 0.027524585 2.4682663e-09 0.3494309 2.0907632e-05 0.0001282032 3.3364176e-06 0.7653573 0.028956447 2.976686e-06 8.236639e-05 0.2723964 0.007283569 2.2634885e-07 0.00049388316 4.88897e-06 0.013329022 1.8473747e-08 0.008785284 4.5294732e-06 0.008403071 0.010321652 7.3638425e-08 0.03092202 0.0062740096 0.004502717 5.324855e-05 0.010399862 0.007349965 0.0036020637 0.0011111343 0.00083464157 0.0005020861 0.00033756514 0.00038375266 0.0034384704 9.515784e-05 0.00045933053 0.0032568867 0.0011645798 5.155335e-05 0.00019930187 5.6787212e-05 0.0009923072 0.00039197828 9.115863e-06 3.9464725e-05 2.6657548e-05 0.0008194714 0.00021161781 7.8858306e-05 0.00012031832 0.00017751142 0.00011878441 0.0017662599 0.00012616637 1.2904608e-05 8.738476e-06 6.555499e-06 7.741905e-06 9.096292e-07 9.683082e-05 5.9406193e-06 0.00012619224 0.00012596644 6.834117e-06 3.2231542e-06 3.3354315e-06 0.00018616383 0.0001496014 5.7651127e-05 6.5844484e-05 8.187726e-06
0.9889066 0.00017581148 4.3673925e-05 0.0064951363 0.0001862226 3.8671784e-05 0.024649108 0.00038564738 0.0028380558 0.0073116086 0.0021183558 0.9412603 0.07695611 0.0016614327 0.18937981 0.005878248 0.001830544 0.92919207 4.3474057e-12 0.0026568046 0.014920488 0.0045224484 0.00018232195 0.01793581 0.018891718 0.0008707269 0.0005005484 0.012887368 0.00089791534 0.008674887 3.1930913e-08 0.022265846 0.00040982617 0.00030511673 7.904421e-05 0.9264175 0.014397678 6.596334e-05 0.00037149238 0.9367941 0.0071452735 3.5937064e-06 0.00045147652 1.6812688e-05 0.006328131 2.017814e-06 0.008037701 9.116294e-05 0.0045576626 0.0072188 2.6289447e-07 0.03446301 0.008386614 0.0063535925 0.00015093343 0.010499151 0.012575177 0.006355338 0.002795826 0.0019482296 0.0023945027 0.0015540397 0.0109020285 0.007023998 0.0016383935 0.0014376431 0.18539445 0.0011849845 0.00010722489 0.0014560941 0.00019094463 0.0011735032 0.0010753949 4.057424e-05 0.003260336 0.00049721776 0.001357286 0.00055062183 0.00019786463 0.00035387592 0.0027360884 0.00053642696 0.006366563 0.00043830794 0.0007721651 0.00021484641 6.629816e-05 0.000121058285 7.208047e-07 0.0012653403 0.00044660538 0.0015946194 0.0006008285 8.2353516e-05 0.00063079305 2.561962e-05 0.00079414796 0.00081423484 0.00020571194 0.0004715525 0.000116965355
0.86801225 0.0145014 0.0134738125 0.13462189 0.015823284 0.0017829647 0.61950874 0.0071679153 0.071409516 0.31620884 0.29002574 0.0043413807 0.048294272 0.2591571 0.0035285992 0.95935893 0.8514116 0.0006971068 0.0026568046 4.1034242e-18 0.45915592 0.78752613 0.00046734774 0.0065252013 0.0007006386 0.054333597 0.08146511 0.024295531 0.28334758 0.0006870759 2.7609563e-08 5.0708277e-05 0.02246777 0.08187883 0.000427987 1.7496096e-06 0.00016740874 2.4217614e-05 0.02703573 0.003387768 0.08000225 1.9781064e-08 0.24124157 1.1469434e-05 0.00042459584 4.1098187e-09 1.43963925e-05 0.0004899463 7.584648e-05 0.00087047153 3.5043587e-07 1.06539865e-05 0.0007124088 0.035940394 0.000261814 0.0013519156 3.843273e-05 0.0005152207 0.00046251854 0.0005184163 3.1935197e-05 0.000116214505 0.0002704409 7.5177184e-07 0.0002844312 0.00011903378 2.205601e-08 3.1183787e-05 8.337979e-06 0.0004986081 7.9423386e-05 4.539345e-08 0.0012964715 1.1313008e-06 6.0271628e-05 6.357865e-05 2.2065753e-06 4.932731e-06 1.5182416e-06 2.738975e-07 9.878793e-05 1.8452309e-05 2.4060368e-08 1.7007318e-05 0.0001738252 3.207147e-05 0.00026998427 0.00023623866 5.297071e-08 2.163523e-06 6.6954294e-06 9.553374e-05 0.00012541589 0.00010271437 0.0017486191 4.138006e-05 4.058308e-06 1.4891449e-09 0.00012098477 4.4877295e-05 0.0004634241
0.89087063 0.010155171 0.01736795 0.17891227 0.0011005519 0.00020287624 0.5973766 0.00038583076 0.0063064964 0.10609976 0.07601562 0.029795138 0.48867372 0.0040351916 0.06058353 0.23333153 0.055147573 0.02623286 0.014920488 0.45915592 1.2265805e-17 0.98968196 1.1303825e-05 0.31111166 0.058616683 0.00041923192 0.00070827507 0.5062196 0.009654452 0.022852061 2.3275082e-09 0.0042940485 0.00054451346 0.003150346 4.58025e-07 0.0010820185 0.021795128 6.090743e-08 0.0010227847 0.018845106 0.3430667 3.206943e-10 0.08049744 2.2518682e-07 0.037132744 3.3203748e-10 0.0026741372 7.792952e-06 0.006343176 0.021343699 4.977379e-09 0.00034347046 0.019817123 0.08385405 7.1557886e-05 0.007922923 0.00029013658 0.0021981166 0.0014637238 0.000939074 2.2478194e-05 0.00031083627 6.297883e-06 7.2965167e-06 9.652988e-05 0.00035678217 1.8892656e-08 0.000104182654 3.5244468e-06 1.5247443e-05 9.3438475e-06 2.5750913e-07 4.9525257e-05 2.7971603e-07 5.151163e-05 5.1199986e-05 7.1538398e-06 6.8935265e-06 7.372854e-07 5.2859366e-07 1.5145321e-06 6.1377614e-05 2.3999308e-07 0.00015173918 5.5149656e-05 1.6169844e-06 0.00012091958 3.5392331e-06 1.4083568e-07 2.3281623e-06 8.597327e-07 7.0568305e-05 0.00010055109 7.680771e-06 0.00037435174 3.5969535e-06 4.1980464e-05 2.5998547e-08 0.000113493705 8.7664506e-05 0.00015581444
0.7444095 0.012657324 0.010578052 0.15379938 0.004563662 0.00018472601 0.58397675 0.0015642325 0.009070147 0.15006155 0.101550676 0.012366039 0.39253566 0.015794225 0.048429932 0.33507138 0.13728605 0.005573332 0.0045224484 0.78752613 0.98968196 1.7943918e-17 7.528477e-06 0.16406283 0.017413517 0.00055631367 0.0034879334 0.3705668 0.044788066 0.0068252045 4.246816e-10 0.0006062941 0.00054584915 0.008645518 1.2935832e-05 5.3185973e-05 0.0074922 1.6279579e-06 0.0019202633 0.004209454 0.2939993 2.093648e-09 0.0963242 1.6407355e-06 0.016567178 1.4696108e-09 0.00025359797 1.377158e-05 0.0011160338 0.010632414 8.514373e-08 0.00010022043 0.007485569 0.087794706 4.6241043e-05 0.0043344926 0.00013760336 0.0011179134 0.0011707969 0.00045414572 1.586144e-05 0.00014176963 4.1979623e-05 4.607986e-06 5.2482384e-05 0.00015425858 1.5623357e-08 2.9507159e-05 1.4784396e-06 8.6677814e-05 6.139046e-06 1.7316545e-07 0.00014125154 5.8452986e-07 6.0889517e-05 3.0076628e-05 3.5080789e-06 1.1619776e-06 2.3433687e-07 2.0488014e-07 1.5521008e-06 2.0779815e-05 8.335164e-08 6.308954e-05 2.3984849e-05 3.543402e-07 1.8539093e-05 1.8665136e-05 1.7926178e-08 9.325198e-06 5.51261e-07 0.0001248569 0.0001065887 6.2616775e-05 0.00042711623 2.2531465e-05 2.6682626e-05 3.3502696e-09 8.0511796e-05 3.987661e-05 0.00025331514
0.88013995 0.07813206 0.052856486 0.011454656 0.3176931 0.9304472 0.0028234776 0.8804689 0.10361856 0.005511018 0.00971867 0.0009434783 0.00029749208 0.6268168 0.00012507928 0.0012124673 0.090768024 3.179028e-05 0.00018232195 0.00046734774 1.1303825e-05 7.528477e-06 2.2076726e-15 5.717567e-06 6.912289e-06 0.17189324 0.033127986 2.4141838e-05 0.008116471 1.932601e-06 0.011348954 1.7588059e-06 0.19734298 0.012594681 0.8756312 1.7523072e-07 7.9671986e-07 0.73907304 0.090304874 6.470927e-05 4.4567947e-05 0.0018452109 0.004550266 0.009819272 6.921804e-07 0.00045058294 1.8786366e-08 0.76872945 9.76742e-08 1.6723465e-06 0.0015056294 1.001714e-08 4.0971355e-07 6.248006e-05 0.052433543 8.4319445e-06 2.9963851e-07 5.066426e-06 3.0457159e-06 3.0176711e-06 0.0057708854 2.177921e-06 0.0002336002 1.5682541e-07 1.8043755e-06 5.632984e-06 1.1930016e-06 8.047652e-06 0.00093166955 9.387046e-05 0.00101828 1.508801e-07 7.1832954e-05 0.0017192861 5.8689375e-07 8.921435e-07 7.247772e-07 3.2645423e-06 0.0017058292 5.5441217e-07 6.0048795e-05 3.2406606e-06 8.701353e-08 5.9120185e-07 1.2673037e-06 3.2817028e-05 4.23613e-06 2.4277899e-05 0.00026230712 1.5579354e-07 0.002270122 2.9089238e-06 3.7443297e-06 1.258736e-06 7.600454e-07 8.6802316e-07 1.8427987e-07 1.4026876e-08 5.956024e-07 5.392002e-07 3.7537026e-07
0.864326 0.004569091 0.008834546 0.028399406 0.00029341585 5.417222e-05 0.14420766 0.00020716467 0.00039556308 0.004826315 0.0024020344 0.054948803 0.66738564 3.6899957e-05 0.3936807 0.004062936 0.0006873453 0.08902447 0.01793581 0.0065252013 0.31111166 0.16406283 5.717567e-06 1.9505332e-14 0.8940796 3.0946572e-05 7.187756e-05 0.9695326 0.0010105543 0.5247765 2.5802079e-08 0.21480039 2.7355167e-05 0.00035322332 2.505495e-06 0.008691312 0.42084438 1.16000294e-07 4.195585e-05 0.015390614 0.49521995 7.43209e-09 0.009004584 4.7408545e-07 0.45290366 3.76202e-09 0.23168688 7.347409e-07 0.17627607 0.23596956 3.7988464e-08 0.045534134 0.06445353 0.069018714 3.7420363e-05 0.008673066 0.0017861191 0.0018259289 0.0017617615 0.00019135787 2.3035469e-05 0.00029042977 6.9886346e-06 1.43617135e-05 3.1512758e-05 0.0002265198 3.0245192e-06 7.252329e-05 6.0099893e-07 2.2367425e-05 2.7457163e-06 1.7894298e-07 0.00017918026 6.176109e-07 7.365163e-06 4.718035e-06 2.0315552e-05 5.699406e-06 2.8427516e-07 9.017693e-07 4.1166973e-06 4.0266437e-05 7.5690616e-07 2.093816e-05 2.7587532e-06 1.0142108e-07 7.117962e-06 6.994892e-07 6.201816e-08 3.2488733e-06 8.581448e-08 1.564506e-05 2.7073622e-05 1.5519469e-06 1.6228156e-05 7.943277e-07 1.1432687e-05 4.7755385e-08 2.0375643e-05 2.4912673e-05 6.2266777e-06
0.9288658 0.0016415011 0.004777471 0.0067049097 8.697389e-06 2.2941222e-05 0.02887403 6.6546214e-05 0.00013397961 0.0010547015 0.00046873544 0.032983616 0.6296099 4.778872e-05 0.83320105 0.00053276366 0.00013404428 0.083132215 0.018891718 0.0007006386 0.058616683 0.017413517 6.912289e-06 0.8940796 2.2020373e-15 2.7925309e-05 4.9811737e-05 0.601653 0.00057500874 0.938061 2.1511985e-08 0.7396255 3.1234802e-05 0.00018880448 5.246535e-06 0.03906888 0.730813 3.603963e-07 7.706808e-05 0.020924253 0.20728223 7.4880845e-08 0.00171282 2.8825204e-06 0.42757902 1.4683115e-08 0.44506955 6.3399575e-06 0.31883603 0.16265081 7.285829e-08 0.09600168 0.04241854 0.032612868 0.0008522243 0.0076649548 0.0037436981 0.0027801613 0.0016373118 0.00036145 0.000181478 0.00073876843 5.362628e-05 0.00026623387 0.0001276732 0.0007835903 6.705868e-05 0.00041907263 2.0515386e-05 6.214597e-05 3.8936672e-05 2.189695e-05 0.0007027428 6.892863e-06 2.0758443e-05 1.5786514e-05 0.00018422463 0.0001444722 1.0251698e-06 1.5673048e-05 5.190301e-05 0.00015609509 1.8121718e-06 0.00016885568 1.8774537e-05 5.4398504e-07 7.8405756e-05 5.166756e-06 3.3314467e-07 1.8735172e-05 5.789448e-07 4.725066e-05 0.00017556286 1.5001541e-06 0.00010288437 2.0325735e-06 0.00010777656 1.5945728e-06 0.00012257819 0.00017979548 6.700716e-05
0.7843326 0.021707697 0.010851379 0.008872055 0.10055492 0.036290534 0.005836409 0.15636824 0.10489465 0.020191917 0.046523545 0.0012505013 0.00048172678 0.86198115 0.0003508867 0.027881209 0.44014046 8.95701e-05 0.0008707269 0.054333597 0.00041923192 0.00055631367 0.17189324 3.0946572e-05 2.7925309e-05 3.651769e-15 0.9238948 0.0001434145 0.6225137 3.3298682e-05 9.634797e-05 7.118485e-06 0.8833059 0.5452849 0.13185047 6.0782236e-07 2.6817947e-06 0.006386406 0.5493019 0.002699379 0.00047245887 6.9477455e-06 0.20683648 0.00021379684 8.50359e-06 4.4771814e-06 4.1300474e-08 0.20276716 1.8945397e-06 2.2911527e-05 9.409471e-05 3.1534435e-07 3.073882e-05 0.001038702 0.0029105844 0.00011701668 4.10021e-06 4.026371e-05 2.5651792e-05 1.4379078e-05 0.00037401065 4.6135706e-06 0.000101429556 7.173857e-08 7.373976e-06 5.4713046e-06 1.1490915e-07 6.313654e-07 1.0481083e-05 3.2652162e-05 1.8597866e-05 1.9132356e-08 1.976833e-05 1.17373265e-05 2.2422465e-07 2.2301778e-07 7.2319534e-07 5.643106e-07 2.1567115e-05 9.419521e-08 1.3951999e-05 2.4192925e-06 2.0665674e-08 1.2616096e-06 6.1949686e-07 1.8027965e-06 5.55508e-06 3.788828e-06 9.336988e-06 3.7977762e-07 1.0596119e-05 1.5831587e-06 6.0260395e-06 3.4964826e-06 1.625886e-05 3.971559e-06 4.743399e-06 1.1483043e-08 1.2737795e-05 1.640943e-05 2.5394003e-05
0.7537981 0.012825224 0.008373971 0.0099504655 0.042298894 0.007569445 0.01636663 0.043603625 0.050842267 0.017887194 0.03646666 0.0013967735 0.0009987967 0.59190995 0.00040811862 0.028926764 0.37575716 6.3642416e-05 0.0005005484 0.08146511 0.00070827507 0.0034879334 0.033127986 7.187756e-05 4.9811737e-05 0.9238948 1.6615319e-15 0.0004742112 0.8775933 2.727665e-05 1.540183e-05 3.805751e-06 0.82864887 0.777059 0.03228905 1.2724257e-07 2.6700252e-06 0.000878336 0.54431933 0.001971786 0.0020286078 5.1431954e-07 0.32281452 0.00012822106 5.885124e-05 1.0178115e-07 3.9890529e-07 0.09475024 1.2099174e-05 0.00013601099 3.123799e-05 7.2235645e-07 0.00022124503 0.0074857217 0.004797176 0.0008633397 2.9758503e-05 0.0004386404 0.0004505167 0.00037453513 0.00063575956 0.00013142319 0.00051383744 7.509858e-07 0.0001893355 0.0002554522 8.483331e-08 2.7496695e-05 5.6419336e-05 0.0007284933 0.00033912156 2.0587925e-07 0.00067748316 5.182454e-06 5.1204165e-06 6.851025e-06 2.4994642e-06 2.5165084e-06 4.686065e-05 3.306265e-07 0.00036697116 8.685321e-06 1.2038418e-08 3.899916e-06 5.3130034e-06 8.556145e-05 6.064641e-05 9.963473e-05 9.713674e-06 1.076651e-06 0.00012487287 3.0380372e-06 7.66286e-06 8.904087e-05 4.524713e-05 8.479454e-05 4.245687e-06 2.3572957e-08 9.620193e-06 1.477489e-05 9.300086e-05
0.9332068 0.0054587396 0.009556793 0.042704806 0.0011438249 7.984039e-05 0.16389345 0.00012713566 0.0011719331 0.010737564 0.0039525935 0.02323314 0.36741695 0.00013698026 0.12890522 0.01033517 0.0025393195 0.019856317 0.012887368 0.024295531 0.5062196 0.3705668 2.4141838e-05 0.9695326 0.601653 0.0001434145 0.0004742112 3.444743e-14 0.0042607454 0.36215 8.564969e-07 0.03464497 8.3072264e-05 0.0013891311 1.0609182e-05 0.004955214 0.37899756 2.7400424e-06 0.0006068572 0.016105147 0.76654595 1.7441944e-07 0.034403753 9.161138e-06 0.6184521 1.906591e-08 0.18242703 8.952241e-06 0.23464763 0.42050502 1.8638829e-07 0.08877807 0.23669554 0.23484753 0.0007754567 0.043468084 0.010065823 0.010524459 0.009654974 0.0033801054 0.0002822382 0.003862247 3.6279685e-05 0.0004862118 0.0010471877 0.00410137 1.9805975e-05 0.0018304891 1.7645441e-05 8.508892e-05 8.204679e-06 7.317621e-05 0.0004674799 1.0433318e-06 0.00047012212 0.00018781297 4.6584522e-05 0.00018248164 2.3536702e-06 1.016218e-05 5.9370715e-05 0.00036630977 9.527267e-06 0.00016995589 0.00021727926 1.9286479e-06 6.352186e-05 2.119749e-06 3.9804945e-07 2.142145e-05 4.3916714e-07 0.0002133213 0.00023656694 5.180112e-06 0.0001874905 2.4407682e-06 3.5204106e-05 1.2726137e-07 5.2539173e-05 4.543566e-05 4.9675535e-05
0.89658314 0.012778989 0.012704676 0.024731776 0.03187164 0.0042520612 0.05050118 0.012661543 0.044695783 0.04073692 0.0579213 0.0030763838 0.003848573 0.34166932 0.0011950958 0.09501412 0.4464717 0.00031813225 0.00089791534 0.28334758 0.009654452 0.044788066 0.008116471 0.0010105543 0.00057500874 0.6225137 0.8775933 0.0042607454 3.7997318e-15 0.00015218904 1.5416812e-06 3.4337445e-05 0.66997164 0.9124463 0.00093614106 3.849874e-06 4.2212425e-05 0.00033913692 0.5489424 0.0038501844 0.018887874 3.749563e-07 0.64942217 3.2355456e-05 0.0008023988 3.572091e-08 5.0807434e-06 0.04342374 0.00011940579 0.0025878304 3.2765254e-06 1.1883931e-05 0.002743268 0.05151377 0.008341355 0.0041667637 0.00020692535 0.0039474363 0.0030548226 0.0060460865 0.0015378004 0.0011812396 0.0049045277 6.3702855e-06 0.0030041656 0.0029101628 5.5893105e-07 0.0003534017 0.0005370958 0.004890875 0.0021458871 3.1742852e-06 0.0064045936 7.401245e-05 0.00017802985 0.0004413835 9.776704e-06 1.9700989e-05 0.00019773823 1.8869305e-06 0.007828707 4.2514504e-05 7.933046e-08 2.1068718e-05 0.00089315145 0.0032767695 0.0025182192 0.0027070758 1.982096e-05 1.887616e-06 0.0025086144 6.621419e-05 1.4281035e-05 0.00067176746 0.003962325 0.0003461379 4.6495065e-06 8.0792105e-08 2.376234e-05 9.255188e-06 0.0005575815
0.78733706 0.000984625 0.0019129878 0.0039471406 3.860221e-05 1.6290662e-05 0.028225284 6.545694e-05 0.0005316154 0.0011777071 0.00055519666 0.028505689 0.23016538 5.2009793e-05 0.44011024 0.000684103 0.00014055963 0.027524585 0.008674887 0.0006870759 0.022852061 0.0068252045 1.932601e-06 0.5247765 0.938061 3.3298682e-05 2.727665e-05 0.36215 0.00015218904 2.2388494e-14 1.9049906e-09 0.7870913 2.542861e-05 8.3676634e-05 2.6694981e-06 0.05604573 0.9556239 4.128687e-07 2.9343473e-05 0.017087862 0.12331213 3.2102452e-08 0.0006455613 2.0388266e-06 0.34473187 5.579101e-09 0.33858785 2.0557738e-06 0.2824886 0.10803229 1.2877776e-08 0.1302042 0.028121324 0.017139427 0.0002898556 0.00806399 0.0040128166 0.0013281299 0.0008772034 0.00013551679 0.00011543555 0.00023108203 2.9635616e-05 0.00019763815 4.2691932e-05 0.00026656696 4.918528e-05 0.00032985507 4.084445e-05 1.4337082e-05 1.1750509e-05 1.303417e-05 7.246598e-05 3.044502e-06 7.9201045e-06 8.885268e-06 0.00010885976 4.6216755e-05 1.3625739e-06 1.122401e-05 1.551085e-05 5.594324e-05 1.1994065e-05 8.318298e-06 2.6690223e-06 3.7335556e-07 6.833387e-06 6.91131e-07 2.8370273e-08 7.2554662e-06 5.0271087e-08 5.740087e-06 1.7691544e-05 1.0579867e-06 2.6604453e-06 7.0173286e-07 2.588834e-05 4.4523536e-06 9.820475e-06 1.6595655e-05 1.6329554e-06
