6.3590637e-13 0.82753617 0.9155927 0.9754389 0.48776627 0.97684264 0.070103936 0.92726713 0.14913504 0.013947491 0.5126929 0.9094211 0.04490582 0.448005 0.6806755 0.9706687 0.9755148 0.90593874 0.9735205 0.2570853 0.95460826 0.22231367 0.9945124 0.9929764 0.9972241 0.015175041 0.99167615 0.59058005 0.837561 0.93702465 0.99818623 0.9225846 0.00063565955 0.00010794402 0.9724524 0.99714303 0.6404145 0.024448419 0.15246062 0.9951502 0.99937177 0.1914581 0.29923207 0.9171452 0.11516122 0.9835161 0.9382045 0.004186323 0.71517134 0.937046 0.99254197 0.9288886 0.00038656793 0.11868242 0.99934703 0.90529114 0.9889154 0.0005669474 0.956126 0.9043775 0.98194575 0.9285407 0.99726003 0.90245545 0.8092065 0.9996215 0.6876571 0.6252581 0.13706027 0.89848876 0.8722219 0.7671252 0.5399912 0.22755452 0.9282824 0.04869695 0.82956195 0.1961878 0.12810852 0.13761462 0.2154696 0.10448988 0.9383732 0.12830761 0.012403682 0.75411725 0.915248 0.66773534 0.69486403 0.0006219871 0.928729 0.9143108 0.58969027 0.04341468 0.79729503 0.5525165 0.22345331 7.1853916e-05 6.3221014e-05 3.8062684e-05 0.1773877
0.82753617 1.6800529e-08 0.9881613 0.95413744 0.9913891 0.87719214 0.59642965 0.062787645 0.086920954 0.06276333 0.059905555 0.27827916 0.10078632 0.0009412895 0.026374985 0.8256823 0.011462153 0.08544813 0.0023716057 0.16688609 0.45505655 0.01556231 0.160496 0.003394984 0.017191868 9.982657e-05 0.2664624 0.0018605115 1.7219483e-05 2.8280605e-05 0.026501866 2.569601e-05 1.0157364e-05 0.00035656482 1.9879342e-05 0.00014174961 9.0428744e-05 4.602202e-06 1.3800747e-06 2.5987034e-05 0.003074837 7.2794984e-07 0.00021993443 2.3351345e-07 1.2881757e-06 1.7252045e-05 7.703949e-05 3.638366e-07 7.279561e-05 1.0195679e-05 1.7265647e-06 1.2639379e-07 1.8738234e-08 5.6291256e-09 2.3572026e-07 8.453128e-06 1.441318e-05 6.41911e-08 2.7009486e-07 6.156427e-05 1.2216387e-06 5.9699423e-06 1.9528632e-05 4.8232455e-06 1.9452293e-05 1.4920189e-06 1.3039143e-05 4.9500093e-05 6.5718923e-06 1.3052092e-07 1.801102e-06 5.341917e-08 2.3464278e-05 2.999912e-06 1.0209881e-06 2.5217753e-07 2.9960796e-07 1.1749148e-06 2.4914445e-06 7.8438575e-07 4.6256875e-05 1.6575939e-06 5.52653e-08 6.810476e-07 9.229613e-07 3.018124e-07 1.0950182e-07 6.5451026e-08 6.734975e-08 6.1715934e-07 5.6029893e-07 1.3898612e-07 1.5126816e-06 7.9674685e-08 1.139002e-06 2.1080074e-07 3.4728427e-07 1.4768958e-07 3.0413458e-09 2.2061984e-08 1.2183066e-06
0.9155927 0.9881613 3.997463e-08 0.9761694 0.95695853 0.40093806 0.115211934 0.697014 0.0037509836 0.048426397 0.28603762 0.8296429 0.21418278 0.053075876 0.0027300075 0.6465806 0.0023128595 0.33356482 0.15755896 0.7475917 0.3880506 0.000757286 0.37011454 0.0020292762 0.12274749 0.0008842352 0.1780697 6.367531e-05 2.9025434e-05 7.5991393e-06 0.007081337 0.00028631915 7.756294e-06 0.0021069292 0.00080241327 0.0016142044 5.2608666e-05 5.0199947e-06 1.5670894e-05 0.00026586294 0.0009996385 3.007238e-05 2.4614827e-05 1.2553272e-05 3.2381274e-06 7.8753163e-07 5.653055e-05 1.3508942e-06 3.622682e-05 1.5667135e-06 9.567242e-05 4.1489216e-06 2.719535e-07 2.6882882e-08 4.3069776e-06 1.2196598e-06 1.988319e-05 1.1522833e-06 3.425258e-05 7.778461e-05 2.694879e-07 3.5117544e-06 3.1880605e-05 6.2167004e-07 1.9579493e-06 3.6512427e-06 1.0848106e-06 8.321348e-05 1.4843485e-05 6.659215e-06 3.9307495e-05 1.1825007e-07 8.375276e-06 5.8665427e-07 2.3798912e-06 1.9042652e-06 1.6500981e-07 6.891443e-06 1.836272e-06 1.1387691e-07 0.00012981083 3.8012279e-06 9.722645e-08 1.881895e-06 8.1218e-06 7.1163026e-07 4.5314758e-07 5.6043277e-08 4.1890678e-07 3.4122472e-06 4.143821e-06 7.8051676e-07 1.4733963e-06 5.212897e-07 3.268318e-06 1.2411348e-06 1.5855852e-06 8.3276836e-07 6.6967516e-08 1.2552734e-07 4.358114e-05
0.9754389 0.95413744 0.9761694 2.8693963e-08 0.16827436 0.6059922 0.016664306 0.66657573 0.003826273 0.00432976 0.16995814 0.94879496 0.011731508 0.02081407 0.013919126 0.94060194 0.017590335 0.44798902 0.24546553 0.1103643 0.8137168 0.0037014345 0.4784555 0.0018595012 0.055419 0.0005861099 0.42334235 0.0013780567 0.0003322932 0.00011319645 0.021130772 0.00074294367 1.2377536e-05 0.00011437916 0.002373289 0.0023928932 0.00022863127 1.762721e-05 6.0134815e-05 0.00011990881 0.002050202 1.0392668e-05 0.00013869147 1.3933495e-06 1.2218537e-05 4.1753876e-05 0.00014708891 4.5981898e-07 8.203729e-05 3.711008e-05 6.659549e-05 1.02276035e-05 2.5984033e-07 2.1645999e-08 3.4951156e-06 9.255346e-06 3.857031e-05 1.7564969e-07 4.196655e-06 6.1968305e-05 4.812586e-06 1.5365915e-05 5.4740784e-05 6.1527735e-06 7.722939e-06 4.2269126e-06 1.723536e-06 2.620317e-05 6.803073e-06 3.5677404e-06 2.2818942e-05 5.441916e-07 4.525544e-06 8.139199e-06 4.0384654e-07 4.6725277e-06 1.0342256e-06 2.8553925e-06 3.833351e-06 8.6961234e-07 2.7356029e-05 1.2463562e-06 2.727657e-07 3.0867076e-07 9.065349e-07 1.4659428e-06 3.01151e-06 4.650832e-08 6.9307544e-07 1.0118193e-06 4.776806e-06 2.5710756e-06 1.391363e-06 9.6448304e-08 8.429625e-07 6.4888053e-07 5.087189e-07 1.537289e-07 1.5526336e-08 6.033762e-08 9.463398e-06
0.48776627 0.9913891 0.95695853 0.16827436 2.2084783e-10 0.59750533 0.75060856 0.007578257 0.0072996276 0.8083646 0.006297376 0.03446063 0.9970373 0.0004019354 0.010040494 0.21205844 0.00071202806 0.011705619 0.0050843135 0.064077176 0.06959142 0.0013705611 0.03200066 0.0001893225 0.002760147 1.9925577e-05 0.03511926 6.7134126e-05 1.6221642e-05 2.1411515e-06 0.00076749217 2.4487266e-05 2.4532883e-06 0.006098154 1.5497291e-05 0.0001905477 3.8322196e-05 1.2038489e-06 2.5907426e-07 3.965192e-05 0.0002624372 1.1947288e-06 6.3553525e-06 5.050779e-07 7.843798e-07 2.251223e-06 1.7760472e-06 4.2304958e-07 1.9821413e-05 5.9751087e-06 2.1446247e-05 1.7898027e-06 2.8732629e-08 8.718614e-08 1.7340152e-06 1.129844e-06 6.777306e-06 2.8702325e-09 5.999066e-06 1.5745736e-05 2.1726846e-06 7.769808e-07 8.503396e-06 3.043084e-07 1.2320747e-05 1.0631661e-06 2.174518e-07 1.255805e-05 2.8692052e-06 6.8525173e-07 3.0204753e-06 5.1047913e-09 2.55492e-07 4.343285e-07 3.4282426e-08 1.3819739e-06 1.3315451e-07 3.8704525e-06 1.1721928e-06 2.3598735e-08 2.8283584e-06 1.3977075e-07 1.0222098e-08 2.7823415e-07 2.3071416e-05 4.84449e-07 1.7346444e-07 8.3414053e-10 1.5367102e-07 1.5475558e-06 1.8167939e-06 2.062134e-06 2.6035477e-07 7.4857574e-08 5.156036e-06 7.843988e-08 3.8027397e-06 1.8678243e-07 7.708086e-09 1.5413703e-07 3.2606047e-05
0.97684264 0.87719214 0.40093806 0.6059922 0.59750533 3.5381934e-08 0.8221227 0.024213487 0.9670249 0.16253482 0.0017075725 0.14799689 0.08946674 0.00012633446 0.9312826 0.9583195 0.79799485 0.035084937 0.00031609213 0.010118938 0.5520501 0.89779764 0.1474097 0.16860774 0.009818163 1.0168714e-05 0.6299221 0.1299737 3.1248237e-05 0.003811659 0.16031714 4.3782686e-05 9.274401e-07 3.4381854e-05 0.0002069232 0.0003312055 0.0022649916 5.4184898e-06 2.5929144e-06 9.9770026e-05 0.014129445 2.1565459e-06 0.0067599174 9.4948433e-07 4.0859427e-06 0.000633648 0.0026549164 1.9671512e-07 0.0012842824 0.000100514386 1.8031998e-05 1.0722499e-06 1.5999447e-07 2.7133032e-08 1.8273137e-06 8.188058e-05 6.9916445e-05 1.2799191e-07 1.5423342e-06 7.112612e-05 9.279758e-06 2.5297053e-05 3.8425325e-05 0.00032366737 3.3181135e-05 1.2269344e-05 0.00034266023 5.228406e-05 0.00034052465 4.9243386e-07 6.983461e-05 6.4588306e-07 1.8783761e-05 7.962257e-06 2.3927767e-06 4.8069785e-07 6.2011867e-07 3.5735322e-06 1.4253272e-06 3.1691266e-07 0.00013555674 7.14973e-07 8.1886895e-07 5.123784e-07 2.3889233e-06 1.0221202e-06 1.7733764e-06 2.6189266e-06 5.4865274e-07 3.6891774e-06 3.0170895e-06 2.1294018e-06 3.2144453e-06 7.685291e-08 6.60521e-07 5.1109905e-06 5.765349e-07 1.0442879e-07 9.427515e-09 5.2449032e-08 2.4636186e-06
0.070103936 0.59642965 0.115211934 0.016664306 0.75060856 0.8221227 1.2179771e-11 0.00036164993 0.9995437 0.9975193 7.472038e-05 0.0024105124 0.02936443 9.985075e-05 0.29325214 0.07818711 0.002885978 0.0014802922 4.4063254e-05 0.0043891137 0.023583934 0.023235949 0.0023261362 0.00041224752 0.00014694226 2.3799591e-06 0.011516956 0.00030939654 0.00015098655 3.2592867e-05 0.0021565945 1.6148448e-05 9.659904e-07 0.00024338138 1.2330875e-06 1.0574061e-05 4.8361766e-05 7.8646286e-07 5.058831e-08 3.1348693e-06 9.861699e-05 4.0234303e-07 9.667604e-06 4.4033516e-07 1.2773213e-06 5.1506545e-06 2.4664194e-05 1.4894712e-06 0.00026807952 5.201865e-06 7.853311e-07 1.7795262e-06 1.8114358e-08 1.0196126e-07 2.4317313e-07 8.952241e-06 3.7786308e-06 5.7467203e-10 1.2469654e-07 6.9529224e-06 4.9366745e-06 7.322045e-07 8.7241995e-07 6.910271e-06 7.9327065e-06 1.0252618e-06 3.3920628e-06 2.9287373e-06 1.5205621e-05 3.33277e-08 4.878558e-07 6.855327e-07 4.2582184e-07 4.0873397e-07 4.329012e-08 1.6252758e-06 2.0354064e-07 7.44147e-06 1.9356628e-06 9.224092e-08 3.368909e-06 5.0430508e-08 3.7362863e-08 1.8094269e-07 1.7455523e-05 1.3035511e-05 1.4977512e-06 1.6579385e-08 5.005059e-07 7.503465e-07 3.5795836e-06 1.1434894e-06 7.3426605e-07 4.72633e-06 2.6083133e-06 5.0011647e-07 5.3174435e-06 3.871905e-07 1.7353749e-08 1.6547627e-07 3.5501082e-06
0.92726713 0.062787645 0.697014 0.66657573 0.007578257 0.024213487 0.00036164993 2.7400773e-11 9.851415e-05 9.776364e-05 0.9997557 0.9548155 0.018357867 0.520576 0.00017598848 0.19510435 0.0002226849 0.6334962 0.8607916 0.8538444 0.119717 2.1906077e-05 0.46156117 0.00027136167 0.34681374 0.036369693 0.0821434 3.76829e-05 0.00043041198 1.0472171e-05 0.004801586 0.0017204605 1.7430173e-05 0.0007661702 0.0013780508 0.0014220632 2.9262457e-05 2.6528407e-05 5.1067593e-05 0.00027746428 0.00086055184 6.241517e-06 2.8796256e-07 2.9044013e-05 8.6162146e-07 5.473222e-07 6.796053e-07 9.0851216e-08 4.104445e-07 1.6692321e-07 1.1179475e-05 2.3933802e-07 3.80946e-07 4.944043e-10 3.738849e-06 3.034384e-07 2.1945076e-05 1.5347096e-07 7.061152e-07 3.5640012e-05 1.2234908e-07 1.6542049e-06 1.4999318e-05 2.6708348e-08 1.7629259e-07 1.4023906e-06 1.0300011e-08 6.827091e-07 1.6053048e-07 1.2458052e-07 9.4159515e-07 1.5767231e-08 3.4821632e-08 5.88286e-08 4.569776e-08 1.0481512e-07 2.2572324e-09 9.2137213e-07 8.6662396e-08 8.774848e-09 2.1250905e-08 2.6099455e-08 3.8286853e-08 2.816308e-08 1.8905642e-07 6.357791e-09 2.6939604e-08 6.066297e-10 2.0687995e-08 1.2804008e-08 7.971172e-07 8.321392e-08 9.975651e-09 1.0339067e-07 9.309829e-09 1.1847712e-08 2.4672133e-08 3.3399225e-08 9.616623e-10 6.238425e-09 1.255832e-06
0.14913504 0.086920954 0.0037509836 0.003826273 0.0072996276 0.9670249 0.9995437 9.851415e-05 1.2696275e-08 0.8380652 8.325516e-05 0.0005358735 0.0033580912 3.726461e-06 0.3871446 0.11437201 0.0768683 0.00029460553 2.2522121e-05 0.0014070688 0.02080253 0.99096674 0.00072283164 0.0077410936 6.7508685e-05 5.5210567e-06 0.024138447 0.0038346108 2.3870537e-06 0.0007388104 0.007642485 2.6539996e-05 1.5304016e-06 0.00020743631 7.094957e-07 4.8533943e-06 0.00045721547 2.01387e-07 1.7931855e-08 5.000369e-07 0.00066453917 2.2494105e-07 0.00022808292 1.3022205e-07 9.7745215e-08 0.00014048794 9.211938e-05 1.3887602e-07 0.00047662848 7.18359e-05 2.9938815e-06 5.185532e-07 9.624721e-09 2.8019059e-08 2.7388788e-07 3.0735308e-05 0.00015147332 7.370593e-10 1.4701868e-07 0.00012756305 3.9009523e-05 2.9949797e-05 2.5510322e-05 8.13196e-06 3.8640115e-05 1.5839227e-06 1.5946847e-05 8.07489e-06 3.728436e-05 9.006721e-08 3.5208755e-06 1.6174032e-07 2.3441387e-06 4.5767543e-08 2.3522485e-07 1.7646021e-06 1.04085366e-07 5.326386e-06 4.1694545e-07 1.0078991e-07 9.7175274e-08 7.0511014e-08 2.1489392e-08 2.889984e-07 8.366211e-07 3.9848396e-07 2.9896833e-07 1.2382855e-08 3.381038e-07 8.9171306e-07 6.0758166e-06 1.7761438e-06 8.4547116e-07 2.5875354e-07 1.1347e-06 4.4934996e-08 1.7863096e-07 4.2927053e-07 2.3885836e-08 8.484496e-08 1.2180487e-06
0.013947491 0.06276333 0.048426397 0.00432976 0.8083646 0.16253482 0.9975193 9.776364e-05 0.8380652 9.209675e-12 0.00013012516 0.00036582258 0.99908596 9.259085e-05 0.019503439 0.00950168 0.00026964716 0.00024720372 1.3146474e-05 0.0031522275 0.0029146846 0.017331365 0.00018866445 8.148392e-05 4.0024588e-05 8.434598e-06 0.0014588753 0.0001555739 1.3677686e-06 5.0727162e-06 0.00016507774 2.008244e-06 1.4980634e-07 0.0002725776 1.0399375e-06 1.9194797e-05 3.1637966e-05 1.1177423e-06 3.019291e-08 6.611909e-07 3.45509e-05 7.3068975e-08 3.6410024e-06 3.1443085e-07 3.8623017e-07 9.577124e-06 9.448312e-06 3.1089093e-07 6.042495e-05 2.1078204e-05 1.1754247e-06 1.6619666e-07 5.891188e-09 6.184626e-09 8.930909e-07 4.8527952e-05 1.784864e-05 4.087862e-11 1.1416778e-07 5.060513e-05 2.4308838e-06 6.7313505e-07 2.4592994e-06 9.690496e-06 1.67986e-05 3.0031995e-07 1.9271834e-05 5.958379e-06 4.6729087e-07 1.837746e-07 1.3426563e-06 5.41411e-08 2.625148e-06 2.7310343e-06 7.912886e-08 3.892089e-07 8.64733e-09 4.947925e-06 4.2438265e-07 3.2568784e-07 2.529271e-07 5.6297083e-08 1.0117861e-07 2.986279e-08 7.2528815e-07 3.1343131e-06 7.5470047e-07 6.8244543e-09 7.3232263e-07 1.1170564e-07 2.9869632e-06 3.47272e-07 1.01268185e-07 6.387391e-08 8.4499035e-08 1.2558708e-07 1.0660709e-06 1.768789e-08 6.348951e-11 2.2915545e-09 2.0461563e-08
0.5126929 0.059905555 0.28603762 0.16995814 0.006297376 0.0017075725 7.472038e-05 0.9997557 8.325516e-05 0.00013012516 6.528051e-07 0.6527063 0.0097578745 0.99895966 9.61331e-05 0.051714744 0.00012726146 0.25884187 0.68967056 0.68634003 0.036424685 5.0392126e-05 0.08241228 6.52278e-05 0.10904945 0.08118028 0.009737748 2.914604e-05 0.013766559 1.2790222e-05 0.0017960028 0.011868115 0.00032664297 0.0023785855 0.0016605733 0.0014236319 2.9303146e-05 0.0019897958 0.000116519914 0.0003220957 0.00023263469 4.7708396e-05 4.505964e-07 0.00032716547 0.00018849898 1.7071285e-06 2.4371433e-05 3.2344597e-05 1.7166982e-05 1.8166882e-06 3.9901257e-05 5.76541e-05 5.173201e-06 3.0097453e-07 3.4788955e-05 3.792382e-06 1.8500077e-05 4.544067e-06 6.17823e-05 2.3177668e-05 2.1018736e-06 8.4978265e-06 4.765369e-05 1.314633e-06 1.8549393e-06 3.7014328e-05 6.111967e-07 1.4030589e-05 6.723081e-07 6.611288e-06 2.0895173e-05 6.933098e-06 5.452126e-06 2.795731e-07 3.3510223e-06 1.0035629e-05 6.577351e-07 1.749776e-05 6.013464e-07 9.3844974e-08 3.0532974e-06 1.7371508e-07 1.4984377e-05 1.8105336e-05 1.32369905e-05 9.882237e-06 1.378167e-05 2.139847e-06 1.3926941e-05 2.4101134e-06 1.4434419e-05 7.800044e-06 2.2118702e-06 2.6306016e-06 4.7076032e-06 8.85452e-06 8.4724206e-07 2.502188e-06 6.0396768e-09 1.6079953e-07 1.9945996e-05
0.9094211 0.27827916 0.8296429 0.94879496 0.03446063 0.14799689 0.0024105124 0.9548155 0.0005358735 0.00036582258 0.6527063 6.094917e-11 0.003815547 0.6460539 0.0015028127 0.87718904 0.006274369 0.9914034 0.8371716 0.26846346 0.53484464 0.0005179786 0.64534897 0.0005409419 0.2623049 0.0034893241 0.05070672 0.00062006194 0.006392024 0.00094697863 0.006377477 0.12913065 8.14812e-05 0.00011537336 0.1712582 0.07949485 0.00040547957 0.00018491692 0.0014201781 0.0018352513 0.0016943114 0.00011666768 2.5782268e-05 0.00040803885 0.00033604505 0.0006403906 0.00045870082 7.5451453e-06 9.796019e-05 0.00026662313 0.0014740219 0.00028244584 1.4787513e-06 8.548526e-07 6.221333e-05 5.827465e-05 0.00031463406 2.1517008e-05 7.963431e-05 6.5172644e-05 5.103789e-05 0.000110117966 4.2981697e-05 1.7442877e-05 0.00010911805 3.4212684e-05 1.5931078e-06 1.6287693e-05 2.6238467e-06 0.00019692676 0.0002104106 6.426169e-05 3.6734248e-06 8.139828e-06 3.227017e-06 4.720659e-06 6.9552993e-07 1.249081e-06 4.502989e-06 4.788744e-07 9.985027e-05 4.0000527e-06 1.218065e-06 1.0184781e-06 1.279101e-06 6.559945e-06 1.5165146e-05 1.6813754e-06 9.707924e-06 5.6720586e-07 1.9503153e-05 6.2035055e-05 4.715871e-06 6.387005e-07 3.870445e-06 3.3869233e-06 4.1119318e-07 2.472361e-07 2.5872252e-08 4.1923187e-08 6.455644e-06
0.04490582 0.10078632 0.21418278 0.011731508 0.9970373 0.08946674 0.02936443 0.018357867 0.0033580912 0.99908596 0.0097578745 0.003815547 7.0361683e-10 0.0013863564 0.0022409414 0.01054235 0.00028670498 0.0020369564 0.0008016136 0.890853 0.0035366153 0.0017490333 0.0013355087 4.4848028e-05 0.00038841914 0.00014748852 0.0009947555 0.00021101344 5.583962e-05 1.1826846e-05 3.775063e-05 0.0001332913 9.46218e-06 0.81571543 1.0651366e-05 5.380783e-05 6.513283e-05 6.5182685e-06 4.545393e-06 1.36735e-06 3.0087883e-06 1.2421619e-05 1.7978851e-05 6.759751e-07 8.819141e-06 9.1658e-07 2.7660206e-05 4.872239e-07 0.0006972148 2.0573607e-06 1.03854445e-05 1.3198751e-06 9.158001e-08 9.966546e-08 2.5246175e-07 2.5722013e-06 2.958632e-06 1.1500397e-07 6.817084e-07 7.834218e-06 4.5289808e-06 1.3643853e-06 1.4397428e-06 5.6459944e-06 7.3688905e-05 2.0634295e-07 6.860194e-05 2.6581312e-05 5.083729e-06 3.0727744e-05 3.1587483e-06 5.670041e-07 8.324384e-06 7.330424e-05 5.0585396e-07 3.794247e-05 1.3685797e-05 1.4463963e-05 4.3314052e-05 1.0948298e-06 1.1575662e-05 1.1513835e-06 2.1767839e-07 2.9729242e-06 1.591835e-06 1.2538025e-06 0.00020560995 5.590171e-08 5.7433786e-06 1.1152745e-07 0.0001220848 0.00051236385 0.0002059041 7.164699e-07 2.7048747e-05 8.619029e-06 3.189911e-06 1.8314107e-07 4.2358645e-09 2.173503e-08 1.7980625e-06
0.448005 0.0009412895 0.053075876 0.02081407 0.0004019354 0.00012633446 9.985075e-05 0.520576 3.726461e-06 9.259085e-05 0.99895966 0.6460539 0.0013863564 8.580644e-12 1.069844e-05 0.00890839 1.612424e-05 0.4821463 0.9466607 0.9894298 0.01055413 2.1425976e-06 0.08523408 5.8887254e-06 0.23267879 0.6226515 0.0048971083 9.1348477e-07 0.050802387 8.752438e-08 0.0004562328 0.052853327 0.0006277469 0.0016182719 0.009638634 0.006163239 1.7123142e-07 0.002998618 0.0016737434 0.0010444584 0.00017849397 5.68156e-05 1.9553342e-07 7.402396e-05 0.00046455822 4.4060475e-09 2.461446e-08 5.6127524e-06 6.402736e-08 1.3494577e-09 0.00012616109 3.1638e-05 1.1894753e-06 1.3346453e-06 2.4245133e-05 1.1035071e-08 9.858304e-07 0.00015305974 2.8984025e-05 1.2493146e-06 3.2406713e-09 7.861764e-09 1.6411752e-06 4.635241e-10 3.1074194e-08 1.2729028e-05 3.429704e-10 1.6879663e-07 7.6421706e-08 9.219625e-06 2.0916546e-05 6.815524e-07 1.10446564e-07 2.4161116e-07 1.0145596e-06 1.5429786e-06 8.4470635e-09 5.4255537e-08 2.1387545e-07 4.4925315e-08 1.1676112e-07 3.164836e-08 8.2838284e-08 9.75725e-07 5.4904714e-08 3.5180443e-07 9.5620194e-08 3.6867573e-10 1.8092388e-07 4.416767e-09 2.7527192e-06 5.407327e-07 1.1010414e-07 1.9624031e-07 4.380384e-06 2.1252315e-07 6.881421e-08 2.0800444e-08 4.394516e-09 5.0791322e-09 3.0289445e-06
0.6806755 0.026374985 0.0027300075 0.013919126 0.010040494 0.9312826 0.29325214 0.00017598848 0.3871446 0.019503439 9.61331e-05 0.0015028127 0.0022409414 1.069844e-05 1.1419932e-06 0.17740482 0.99742854 0.0015587539 4.373144e-05 0.00023513797 0.056401197 0.9898954 0.0066650007 0.4244452 0.0008226877 1.5881761e-06 0.0901888 0.9155114 2.8221953e-05 0.1613425 0.06200685 3.2472144e-05 1.499422e-06 3.7634312e-05 3.085051e-05 0.000106441505 0.14803028 3.840479e-06 1.6541419e-06 6.021251e-05 0.0068364316 3.686399e-06 0.30266097 4.800773e-06 1.6377582e-05 0.00897284 0.05511779 4.7285326e-07 0.021704681 0.0012658302 1.3377221e-05 3.6178499e-06 1.9856781e-08 5.712858e-08 8.106405e-07 0.00033384038 0.00015530708 4.321439e-08 6.927192e-07 6.11945e-05 0.00018847975 0.00014371489 9.7239215e-05 0.0002744138 0.00011134281 1.7062017e-05 0.0011357968 0.00012420597 0.004533633 1.2592559e-06 1.2388389e-05 2.0636605e-06 4.1774347e-05 1.07503965e-05 9.681946e-07 1.014968e-06 7.0900496e-06 4.0531624e-05 2.5531458e-06 1.6245289e-06 3.244729e-05 1.4488661e-07 8.358105e-06 1.1273363e-06 1.9397348e-05 2.5829113e-06 1.3597065e-06 6.6345723e-07 1.15877114e-07 5.1163628e-05 3.7648074e-06 4.2224065e-07 1.48514855e-05 3.9904643e-07 3.7681268e-06 3.0747835e-06 5.2819104e-07 1.888728e-07 2.0434108e-08 4.3533e-07 1.8774439e-06
0.9706687 0.8256823 0.6465806 0.94060194 0.21205844 0.9583195 0.07818711 0.19510435 0.11437201 0.00950168 0.051714744 0.87718904 0.01054235 0.00890839 0.17740482 2.0267624e-08 0.7343764 0.6826391 0.007237243 0.021596769 0.97496 0.021619385 0.4602326 0.21820028 0.013280533 0.00013219853 0.5996604 0.024619546 0.0002844372 0.048889004 0.18053965 0.0024829183 9.696811e-06 2.1358399e-05 0.00096112397 0.0011824727 0.0037141074 2.7633918e-05 0.00012462767 0.00016933575 0.012701919 4.7594323e-05 0.0029601622 5.255511e-05 4.4443674e-05 0.024401294 0.012202708 6.43016e-07 0.0023255863 0.0043627266 0.0004886428 3.6525926e-05 5.115679e-07 1.3395834e-07 5.312656e-05 0.0010751524 0.0064622383 2.6278346e-07 3.1416195e-05 0.0005155989 0.0023798847 0.0018382476 0.00078388967 0.0009227999 0.0008500749 0.00015203729 0.0022511869 0.00045746038 0.00097045174 5.9623606e-05 0.00026223782 2.149132e-06 0.0005526755 0.00013142583 0.00016301207 3.8392777e-06 1.7820152e-05 4.7696925e-05 5.951817e-05 3.599196e-05 0.00083002937 0.0001728199 2.373333e-05 1.3390266e-05 6.8915186e-05 1.3854366e-06 1.6918393e-05 1.1362513e-05 0.00016214195 5.333709e-05 1.9160103e-05 1.6855618e-05 0.00020245682 8.4564937e-07 1.960025e-06 3.6590857e-06 4.0372717e-07 9.720721e-07 3.4163676e-07 1.6245451e-07 4.1801663e-06
0.9755148 0.011462153 0.0023128595 0.017590335 0.00071202806 0.79799485 0.002885978 0.0002226849 0.0768683 0.00026964716 0.00012726146 0.006274369 0.00028670498 1.612424e-05 0.99742854 0.7343764 1.8355313e-06 0.007313438 0.0001035178 0.00020392254 0.361914 0.30550417 0.04224582 0.96430904 0.0039845346 1.01119185e-05 0.6752495 0.6230017 1.7577696e-06 0.30721748 0.76103723 4.89889e-05 1.9607055e-06 7.170171e-06 0.00018334914 0.000409195 0.047042735 2.4841702e-06 1.2604568e-05 0.00013204331 0.07691226 3.2946133e-05 0.045835715 1.0845493e-05 5.2919972e-06 0.013125122 0.013946068 6.572215e-07 0.0032261834 0.0025886225 5.4931817e-05 1.1022308e-05 2.8013448e-08 1.5903366e-07 9.353745e-06 0.0006943026 0.0008866156 8.99268e-08 6.4275814e-06 0.0003080363 0.000637413 0.00043538836 0.00051604316 0.0002714424 0.0003131732 0.00011439737 0.00026337744 0.00042550082 0.004141925 2.1333756e-06 0.00021014546 1.9223373e-07 0.000114248665 2.1706208e-05 2.6830008e-05 7.3762976e-06 4.9393493e-06 1.6310527e-05 6.791392e-06 1.0594189e-05 0.00033162965 5.011514e-06 1.7734415e-05 3.7417045e-05 1.2420708e-05 1.0209316e-06 1.8717659e-06 7.851446e-07 4.5810475e-06 4.9681697e-05 1.031306e-05 1.58117e-06 1.7041737e-05 4.4596644e-07 1.3001622e-06 1.976615e-06 7.076535e-07 3.206358e-07 4.597911e-08 8.180513e-08 6.2990425e-06
0.90593874 0.08544813 0.33356482 0.44798902 0.011705619 0.035084937 0.0014802922 0.6334962 0.00029460553 0.00024720372 0.25884187 0.9914034 0.0020369564 0.4821463 0.0015587539 0.6826391 0.007313438 2.1824251e-09 0.8264856 0.12922874 0.7118203 0.0005677471 0.99171966 0.00040963374 0.8146402 0.008221106 0.12122769 0.0002468706 0.02552226 0.0008010118 0.010300028 0.41171792 0.00012105228 0.00012865245 0.3875614 0.51565605 0.00031248105 0.0008113873 0.013664931 0.017278796 0.0016619526 0.0011142998 6.7669407e-06 0.0030082262 0.000876315 0.00041640105 0.0004366541 6.517687e-05 4.1432104e-05 0.00010331966 0.0072906706 0.0034719522 8.286958e-06 2.8795685e-05 0.0006115897 2.3945217e-05 0.0005356237 4.2600586e-05 0.00053309323 8.449957e-05 6.2286825e-05 0.0001153803 2.648743e-05 6.322912e-06 4.6062745e-05 0.00033792222 1.2334332e-06 8.4774365e-06 1.7033476e-06 0.00090602983 0.0016489915 0.0005843184 2.3921368e-05 4.7150884e-06 0.00021205013 3.4914825e-05 7.200709e-07 1.8840948e-06 4.5341144e-06 3.267911e-07 5.7357563e-05 1.8451343e-05 2.2066564e-05 7.78575e-05 4.0755188e-07 8.8681125e-05 0.0003796529 5.627234e-06 0.00028723045 3.7014922e-07 0.00082580175 0.0011660719 5.7804255e-06 5.0683157e-06 5.461387e-05 1.6743645e-05 2.4867584e-06 7.0309534e-07 1.9445243e-07 2.6732977e-07 3.94979e-05
0.9735205 0.0023716057 0.15755896 0.24546553 0.0050843135 0.00031609213 4.4063254e-05 0.8607916 2.2522121e-05 1.3146474e-05 0.68967056 0.8371716 0.0008016136 0.9466607 4.373144e-05 0.007237243 0.0001035178 0.8264856 1.3882183e-09 0.11829828 0.0049471282 1.632785e-05 0.22656626 7.6090023e-06 0.9708572 0.15053847 0.017545182 8.586851e-06 0.93502206 8.0144355e-06 0.0020574236 0.8326826 0.001414847 0.00011277149 0.7092135 0.60762745 5.6977733e-05 0.033022117 0.09158679 0.036340248 0.0004941126 0.0025011136 3.090727e-06 0.011443225 0.05321336 3.1858082e-07 3.8029917e-05 0.00015028635 1.0446276e-05 4.25083e-07 0.004403675 0.0022250128 4.4893644e-05 6.422304e-05 0.00028592406 2.2260407e-07 1.8156135e-05 0.0032756042 0.00016524029 2.261305e-05 5.687485e-07 3.948793e-06 1.7691762e-05 5.7144786e-07 6.256362e-06 0.0001114836 4.5627562e-08 3.4924365e-06 7.5632596e-07 0.0003492435 0.00062275276 0.0014456158 4.6412574e-06 1.8026856e-05 1.0427733e-05 3.193763e-05 6.489875e-07 1.1420291e-06 4.693827e-06 1.4347269e-07 3.1560252e-05 5.5934033e-06 6.336404e-06 4.191835e-06 1.7574452e-07 0.0002507269 0.00015115742 4.370591e-06 7.6323195e-05 1.4042583e-07 4.9478756e-05 6.5949695e-05 1.2644438e-06 2.428127e-06 6.3782186e-06 9.581883e-06 3.093816e-05 9.0986265e-07 2.2150691e-07 5.867779e-07 1.5648791e-05
0.2570853 0.16688609 0.7475917 0.1103643 0.064077176 0.010118938 0.0043891137 0.8538444 0.0014070688 0.0031522275 0.68634003 0.26846346 0.890853 0.9894298 0.00023513797 0.021596769 0.00020392254 0.12922874 0.11829828 4.556186e-10 0.02674769 0.00040558536 0.04938953 0.00023947333 0.040493995 0.671 0.01171927 4.382582e-06 0.0039785765 1.2487249e-06 0.0020573353 0.0010811618 0.023587234 0.9999844 0.0002995601 0.00058721966 1.9809262e-05 0.00037271777 3.8971444e-05 9.83694e-05 0.0002722134 7.315723e-05 1.700326e-07 3.402812e-05 1.6819424e-05 6.4659673e-07 5.0806466e-06 5.876392e-07 3.9793485e-05 1.9722127e-06 1.362064e-05 5.8966185e-07 1.5249326e-06 1.9442832e-07 2.238026e-06 1.5670289e-06 1.0738141e-05 7.5790655e-07 3.0252215e-07 8.93031e-06 6.1971696e-06 3.9786386e-07 1.9807967e-06 4.99299e-06 2.053411e-06 9.994868e-07 1.3357921e-05 7.389217e-06 1.6351137e-06 3.3852226e-07 4.1479308e-07 1.6215083e-07 7.673171e-06 2.6053664e-07 1.3371271e-06 1.8649507e-06 1.0577334e-06 5.5924806e-06 1.6645728e-07 3.3249748e-07 2.2029326e-07 1.6162713e-07 3.214545e-07 1.1727335e-05 1.310444e-05 2.788398e-07 4.537958e-07 1.9332202e-08 1.2770071e-06 8.795711e-07 3.6210204e-05 8.56586e-05 2.3036655e-07 8.4694557e-07 2.7960592e-05 5.5997145e-07 9.920961e-06 3.0703487e-07 4.734897e-08 6.3672e-08 9.435327e-06
0.95460826 0.45505655 0.3880506 0.8137168 0.06959142 0.5520501 0.023583934 0.119717 0.02080253 0.0029146846 0.036424685 0.53484464 0.0035366153 0.01055413 0.056401197 0.97496 0.361914 0.7118203 0.0049471282 0.02674769 4.799751e-10 0.0074670524 0.9217935 0.1166301 0.034424968 0.00034057582 0.98509043 0.012616324 0.0004954373 0.053545047 0.9071911 0.014156205 2.9397738e-06 2.3159926e-05 0.0030391978 0.0065004868 0.0033567164 1.2886555e-05 0.00032684242 0.0003617907 0.051387064 0.00022927366 0.001987122 0.0004568997 6.366639e-05 0.03411567 0.012157127 4.902346e-06 0.0012775545 0.006486609 0.0013535909 0.00026108098 3.4847693e-07 2.9528806e-07 6.7085486e-05 0.0019523541 0.023142276 7.878666e-09 5.3869655e-05 0.0010103418 0.008288986 0.0039095595 0.0030903309 0.0010023497 0.0007679357 0.0006810165 0.00077331765 0.00032108763 0.00040980053 0.00018106811 0.00084291754 4.8000336e-05 0.0017192721 5.4262397e-05 0.0011693207 3.7953596e-06 5.7731235e-05 4.035147e-05 1.7104456e-05 1.06610505e-05 0.0005740389 0.000114081 0.000105015984 4.2570573e-05 1.5378611e-05 2.6531002e-06 5.183154e-05 1.6252674e-05 0.0005533994 5.932416e-06 0.00023080273 0.00025868334 0.000116212956 3.324723e-06 2.3007533e-06 2.4445467e-06 2.404203e-07 1.1182487e-06 9.897043e-08 6.109301e-08 2.4363007e-06
0.22231367 0.01556231 0.000757286 0.0037014345 0.0013705611 0.89779764 0.023235949 2.1906077e-05 0.99096674 0.017331365 5.0392126e-05 0.0005179786 0.0017490333 2.1425976e-06 0.9898954 0.021619385 0.30550417 0.0005677471 1.632785e-05 0.00040558536 0.0074670524 4.232113e-11 0.0005328119 0.0722172 6.7242865e-05 1.51085e-05 0.018394217 0.98539793 5.490141e-06 0.022846619 0.015945526 1.0540605e-05 1.5851934e-06 3.8479087e-05 1.0678623e-07 7.605817e-06 0.1015975 4.8492816e-06 9.103681e-08 9.225846e-07 0.00097152544 5.837257e-06 0.4121209 9.056053e-07 1.6253549e-06 0.0016125035 0.0023531811 1.4054199e-07 0.0031447974 0.00041250765 3.8296166e-06 2.0455312e-07 1.1425127e-08 2.7010088e-08 8.5802355e-08 0.00011496215 9.510113e-05 2.2282092e-09 1.6118875e-07 8.862795e-05 3.4889395e-05 7.09979e-05 2.3626175e-05 7.0180926e-05 0.00017989357 1.3329549e-06 0.000769588 5.6764096e-05 0.000923975 4.764355e-07 5.657539e-06 7.2546555e-08 8.83957e-06 8.8838914e-07 7.569459e-07 1.2669528e-05 3.9162646e-07 0.0001784807 2.2105478e-06 4.3387417e-06 5.12781e-06 1.2319514e-07 5.6383154e-08 1.3362902e-07 5.7942734e-06 3.055291e-07 6.931217e-07 2.5722722e-08 3.0867048e-07 2.866127e-05 4.2857205e-06 5.60089e-05 1.8391776e-06 2.805786e-06 1.5808337e-06 1.3937635e-07 1.4083469e-06 1.1754908e-06 7.765637e-09 3.6201172e-08 2.419228e-06
0.9945124 0.160496 0.37011454 0.4784555 0.03200066 0.1474097 0.0023261362 0.46156117 0.00072283164 0.00018866445 0.08241228 0.64534897 0.0013355087 0.08523408 0.0066650007 0.4602326 0.04224582 0.99171966 0.22656626 0.04938953 0.9217935 0.0005328119 1.945855e-10 0.0040528704 0.7293737 0.0019965153 0.8480975 0.00062526943 0.016548362 0.0035010006 0.14213583 0.21983305 4.882654e-05 3.700988e-05 0.07610868 0.4397335 0.00056319265 0.00020442414 0.0058880807 0.011476515 0.010560348 0.0011212105 5.8662517e-05 0.011038109 0.00040982655 0.00068428955 0.0017837428 3.6563633e-05 0.00011834084 0.00028411456 0.014913802 0.0036239072 1.408486e-05 1.2801328e-05 0.0027859008 9.732679e-05 0.0010506418 6.3250536e-06 0.0014126743 0.00038631845 0.00023720534 0.00048209282 0.00045285665 0.00019873455 0.0001025387 0.0031353373 5.8276208e-05 6.376957e-05 1.4693536e-06 0.0022428273 0.0044006375 0.0023963267 0.000110266876 1.8466111e-05 0.0011050084 1.9745174e-05 9.137235e-07 1.752233e-06 1.5445e-05 8.463965e-07 0.0002767766 0.0001428359 0.00012730964 6.617814e-05 1.8972979e-07 0.00048343532 0.0012410687 1.0308743e-05 0.0011122783 1.6461074e-07 0.0018055066 0.0037586594 2.0387226e-05 9.949103e-06 0.00021887921 1.9340841e-05 7.932176e-06 2.1565684e-06 6.1842314e-07 1.4575264e-07 2.5609042e-05
0.9929764 0.003394984 0.0020292762 0.0018595012 0.0001893225 0.16860774 0.00041224752 0.00027136167 0.0077410936 8.148392e-05 6.52278e-05 0.0005409419 4.4848028e-05 5.8887254e-06 0.4244452 0.21820028 0.96430904 0.00040963374 7.6090023e-06 0.00023947333 0.1166301 0.0722172 0.0040528704 1.3810944e-07 0.0007829151 1.2674191e-05 0.4969866 0.4930004 3.1506313e-06 0.9903181 0.8700428 4.2189026e-06 1.1763991e-06 2.111356e-06 6.460654e-05 0.00011078558 0.37381864 4.8271527e-06 3.2657474e-06 4.1867675e-05 0.26983407 3.3970516e-06 0.14154033 1.2151702e-06 1.4064368e-06 0.4329741 0.21943676 3.247063e-07 0.08165324 0.07966244 1.6053935e-05 6.875815e-07 3.4078843e-07 2.1734824e-08 3.2584212e-06 0.008842343 0.0060808454 4.2779598e-07 1.7303282e-06 0.0002817445 0.012579273 0.001714568 0.00092094135 0.0027745024 0.0011672389 0.000117200965 0.008094363 0.0007862777 0.020029137 6.793626e-08 6.659784e-05 3.7613353e-07 7.7183635e-05 3.3916534e-05 0.00012286949 7.099938e-07 3.633207e-05 5.3264244e-05 1.3424238e-05 0.00012674536 0.0003159562 9.820919e-05 2.647797e-06 6.8381396e-06 8.080202e-05 1.349544e-07 1.2108183e-06 5.36249e-07 1.5121213e-05 7.5099226e-05 9.247812e-06 1.6656629e-06 1.9037578e-05 2.9546044e-07 1.5627531e-06 1.0571817e-06 4.8460385e-07 8.6409256e-07 1.5899015e-07 3.6561326e-07 3.0062142e-07
0.9972241 0.017191868 0.12274749 0.055419 0.002760147 0.009818163 0.00014694226 0.34681374 6.7508685e-05 4.0024588e-05 0.10904945 0.2623049 0.00038841914 0.23267879 0.0008226877 0.013280533 0.0039845346 0.8146402 0.9708572 0.040493995 0.034424968 6.7242865e-05 0.7293737 0.0007829151 1.1949258e-10 0.016644651 0.18022648 0.00020897077 0.8328747 0.00027104377 0.0428655 0.9203373 0.001226456 2.3653183e-05 0.70438004 0.8311251 0.00010080006 0.031980243 0.06435355 0.2731037 0.0059822476 0.031063471 2.4429746e-05 0.38047564 0.060963448 0.0004120569 0.00076396274 0.00050531805 0.00027560425 0.00016658584 0.06642948 0.12686409 6.152137e-05 0.0017765141 0.0075343493 6.867375e-05 0.00052444113 0.00025646988 0.004449652 0.0003344548 0.00011203025 0.00010164685 0.0004959694 5.9647096e-05 3.749935e-05 0.0033027024 2.970429e-05 8.484461e-05 4.614864e-06 0.008493128 0.0074688545 0.04259275 8.3591774e-05 1.24313265e-05 0.0014991667 0.00018215945 9.5170543e-07 8.3455797e-07 1.0531572e-05 8.96006e-07 0.0003651344 0.0005021745 0.0004990437 9.975843e-05 1.8766035e-07 0.0071117235 0.0056327214 0.00014532605 0.00167587 3.6939404e-08 0.0014727159 0.0057383804 2.5226465e-05 0.00011934375 0.00020060485 2.884978e-05 3.963888e-05 1.269688e-06 2.1296332e-06 1.3613777e-06 7.2511255e-05
0.015175041 9.982657e-05 0.0008842352 0.0005861099 1.9925577e-05 1.0168714e-05 2.3799591e-06 0.036369693 5.5210567e-06 8.434598e-06 0.08118028 0.0034893241 0.00014748852 0.6226515 1.5881761e-06 0.00013219853 1.01119185e-05 0.008221106 0.15053847 0.671 0.00034057582 1.51085e-05 0.0019965153 1.2674191e-05 0.016644651 3.4134948e-09 0.0003435039 2.921005e-06 0.3224482 3.037866e-06 0.00013173965 0.0043230187 0.9995697 0.9846706 0.00011681977 0.00024261477 6.406692e-05 0.98525995 0.0003020689 7.147747e-05 0.00013206534 1.604994e-05 2.5666266e-06 1.1573056e-05 2.0250267e-05 3.7268271e-06 1.520552e-05 3.8307344e-06 8.582313e-05 8.001505e-06 6.753972e-05 7.319613e-06 2.3883947e-06 2.8854906e-06 1.1986861e-05 1.4309297e-05 1.975687e-05 4.097054e-05 3.0658484e-05 4.1887244e-05 3.0210156e-05 2.5511085e-06 1.0440593e-06 5.4139655e-06 0.000106983745 7.6020096e-06 8.076516e-06 1.44182795e-05 3.468219e-05 5.0755425e-06 2.1435102e-05 3.6667902e-07 1.0218321e-05 0.00032630767 8.5149384e-07 2.6229147e-05 3.6057047e-06 1.3598395e-05 0.00020167194 2.6983278e-05 1.2701065e-05 7.095362e-07 1.3291492e-06 5.5380187e-05 0.00017939262 1.2523475e-05 5.2277628e-05 3.493786e-08 1.6873726e-05 1.2396887e-05 0.00013614415 4.1355597e-05 5.0837898e-05 4.256122e-06 0.00014864217 0.00013297187 2.7369962e-05 2.5928798e-06 1.9248195e-07 2.8383846e-07 0.0005230134
0.99167615 0.2664624 0.1780697 0.42334235 0.03511926 0.6299221 0.011516956 0.0821434 0.024138447 0.0014588753 0.009737748 0.05070672 0.0009947555 0.0048971083 0.0901888 0.5996604 0.6752495 0.12122769 0.017545182 0.01171927 0.98509043 0.018394217 0.8480975 0.4969866 0.18022648 0.0003435039 1.778014e-07 0.03610342 0.0015258105 0.21287853 0.9756783 0.05626509 4.054745e-06 7.1651602e-06 0.014410645 0.09974974 0.014749719 2.2656783e-05 0.0015261634 0.009418862 0.4422602 0.0006847733 0.0083153555 0.004360077 9.801111e-05 0.26133853 0.06418814 3.086001e-05 0.0037275758 0.057373263 0.021865943 0.004644541 3.9746133e-06 2.5956704e-06 0.0059929397 0.013230896 0.06347286 9.0553144e-08 0.0019754884 0.0035667557 0.04053061 0.018557996 0.021217937 0.005618502 0.003118007 0.016625145 0.0029020603 0.0015882913 0.0016558869 0.0030029537 0.0040806355 0.0015442712 0.007799223 0.0003189193 0.0074763373 3.2214655e-05 6.458363e-05 5.4217497e-05 0.00020493651 4.2545737e-05 0.0018228815 0.00058038277 0.0014702046 0.0005795498 6.02624e-06 0.00016906273 0.0010798578 0.00018024561 0.0063755224 1.7271066e-06 0.0042132153 0.0077163945 0.00049868535 1.3623239e-05 0.00069685857 6.188267e-05 2.7031144e-06 5.143738e-06 1.2627206e-06 1.3272953e-07 2.7524793e-05
0.59058005 0.0018605115 6.367531e-05 0.0013780567 6.7134126e-05 0.1299737 0.00030939654 3.76829e-05 0.0038346108 0.0001555739 2.914604e-05 0.00062006194 0.00021101344 9.1348477e-07 0.9155114 0.024619546 0.6230017 0.0002468706 8.586851e-06 4.382582e-06 0.012616324 0.98539793 0.00062526943 0.4930004 0.00020897077 2.921005e-06 0.03610342 3.7217374e-10 8.9270355e-07 0.6430479 0.034015067 6.4853404e-05 3.450218e-06 1.977785e-05 2.1984915e-05 0.00016774451 0.8156194 5.903199e-06 7.647562e-07 2.1543741e-05 0.0010485202 6.0444686e-06 0.9979146 1.3872465e-06 6.877028e-07 0.0023973624 0.01090533 4.666647e-07 0.021604475 0.00030331564 5.4149978e-06 1.681693e-06 2.4088102e-08 4.4214158e-07 3.6808254e-07 0.00014949359 0.0001145854 3.6312906e-09 2.204985e-06 0.00010935014 2.1374984e-05 5.223532e-05 1.9490953e-05 3.0236642e-05 0.0001958564 7.3168844e-06 0.00043010522 4.4366723e-05 0.009766044 1.5418835e-05 0.0001319304 9.169996e-07 6.463181e-05 1.402584e-05 5.0872035e-07 3.387083e-05 5.5202537e-07 0.00024089921 2.3525268e-05 4.3049262e-05 0.00044903645 1.4496941e-05 3.160276e-06 1.6516356e-06 2.0784551e-05 9.978178e-06 3.6490671e-06 1.550949e-07 2.1387139e-05 0.00011911622 1.9358687e-05 5.889346e-05 1.87471e-06 2.9892742e-06 3.3761519e-06 4.590465e-07 2.673317e-06 2.860686e-06 5.995617e-08 3.8058323e-07 2.3314986e-05
0.837561 1.7219483e-05 2.9025434e-05 0.0003322932 1.6221642e-05 3.1248237e-05 0.00015098655 0.00043041198 2.3870537e-06 1.3677686e-06 0.013766559 0.006392024 5.583962e-05 0.050802387 2.8221953e-05 0.0002844372 1.7577696e-06 0.02552226 0.93502206 0.0039785765 0.0004954373 5.490141e-06 0.016548362 3.1506313e-06 0.8328747 0.3224482 0.0015258105 8.9270355e-07 1.9942274e-10 1.6208412e-06 0.0002204897 0.9839146 0.00551101 0.00013806211 0.4692623 0.27516973 2.6947982e-06 0.9994157 0.28501806 0.032937087 0.0001461402 0.048691925 4.3769455e-07 0.024802709 0.072723225 4.4079577e-08 1.9998204e-07 0.0014417813 3.511637e-06 2.5294192e-08 0.010695926 0.0028819337 0.00025188015 0.0012816782 0.002644552 5.405999e-08 5.9267327e-06 0.20883353 0.0007460774 2.6392294e-05 1.1713871e-06 5.3546404e-07 4.042612e-05 1.6098181e-07 3.746775e-05 0.00035209075 2.3232293e-08 2.6068052e-05 7.3177002e-06 0.00012366699 0.00031902458 5.405755e-05 4.746573e-05 1.06098105e-05 7.2476855e-06 0.00020478529 1.2297069e-07 1.2119662e-05 8.44102e-06 9.5044335e-08 2.691432e-05 6.624725e-06 1.4411303e-06 4.9108225e-05 7.1653385e-06 1.4388871e-05 1.274489e-05 2.5928364e-07 8.845485e-05 4.6604515e-07 8.582762e-05 1.8742141e-05 3.552967e-06 5.8519386e-06 2.7106898e-05 1.35256805e-05 6.487685e-05 1.7942326e-06 1.0672698e-07 2.578008e-07 6.97596e-05
0.93702465 2.8280605e-05 7.5991393e-06 0.00011319645 2.1411515e-06 0.003811659 3.2592867e-05 1.0472171e-05 0.0007388104 5.0727162e-06 1.2790222e-05 0.00094697863 1.1826846e-05 8.752438e-08 0.1613425 0.048889004 0.30721748 0.0008010118 8.0144355e-06 1.2487249e-06 0.053545047 0.022846619 0.0035010006 0.9903181 0.00027104377 3.037866e-06 0.21287853 0.6430479 1.6208412e-06 8.336065e-09 0.61259 6.8205677e-06 1.6358842e-06 1.1058628e-06 1.613201e-05 7.123779e-05 0.9982845 2.2356626e-06 2.9606292e-07 3.176355e-05 0.09238869 1.1022387e-06 0.38287252 1.4997615e-07 4.5334335e-07 0.75873435 0.5316544 6.2038606e-07 0.22195387 0.114622295 2.9080693e-06 6.1145784e-07 1.8622117e-08 1.9111339e-07 7.657706e-07 0.0058358773 0.00085367303 3.6529038e-08 3.682841e-07 0.0003396736 0.0010319485 0.0003899167 0.00024785168 0.00093488756 0.00036865746 1.9259067e-05 0.0063678655 0.00038922107 0.042712707 1.7361836e-07 2.2361304e-05 1.374257e-07 7.2024544e-05 1.8555984e-05 2.7510002e-06 8.159511e-07 2.602653e-06 0.00021135602 2.2180889e-06 3.0659456e-05 0.00012364576 4.96032e-07 4.0229276e-07 1.9538643e-06 9.9247336e-05 7.0597274e-08 1.6053332e-06 8.606658e-08 1.0474033e-06 0.00013550387 2.8589322e-06 7.541102e-06 6.648973e-06 2.2306892e-08 3.1516618e-06 9.997395e-07 2.489106e-07 3.129837e-07 2.9304958e-09 1.4971599e-08 7.065865e-06
