1.254268e-13 0.9625135 0.9903243 0.9952877 0.9655566 0.99681664 0.99798405 0.91404235 0.9967814 0.97908413 0.9996743 0.9396221 0.9739141 0.99548835 0.99111074 0.97249 0.96007437 0.89004236 0.9280729 0.9479766 0.7212159 0.8330836 0.93702257 0.6437879 0.9203486 0.536327 0.999534 0.9928188 0.18778484 0.1341052 0.95246154 0.9977785 0.99991167 0.84823614 0.98765105 0.9345931 0.96508473 0.80913717 0.6443247 0.9091559 0.09521363 0.11405183 0.41078883 0.85570425 0.9740859 0.92341775 0.004713471 0.012537678 0.5787326 0.6547192 0.13455081 0.7503091 0.024871625 0.6200232 0.042961277 0.36493307 0.00046060086 0.30578735 0.8614195 0.31292346 0.981839 0.4843732 0.77639556 0.83414066 0.022561897 0.9884378 0.92773134 0.63046896 0.0006156645 0.0004706066 0.63924336 0.66333413 0.89955914 0.84757215 0.9855891 0.009448006 0.20120263 0.092057206 0.13839035 0.8865149 0.8324727 0.77648485 0.6179465 0.21551168 0.37283936 0.71569914 0.25358313 0.6425973 0.79192 0.00019047192 0.116773695 0.37389565 0.0070578065 0.102283016 0.10823685 0.008640654 0.07172162 2.793061e-05 0.006344607 0.0022223778 4.0939216e-05
0.9625135 6.5524036e-10 0.8815706 0.9851352 0.9821941 0.42447487 0.84515 0.7459312 0.063429885 0.025855117 0.07452767 0.8581641 0.020596735 0.0022392988 0.18393695 0.5533667 0.32352045 0.3653184 0.055428743 0.38110012 0.13809426 0.045015547 0.16556075 0.0425693 0.0009869067 0.017171247 0.0006936619 0.0039475113 0.0002558623 0.0009597746 0.00041783592 0.0018654433 0.0005962896 0.000509385 0.015153703 0.00036731496 0.041083463 0.0011840136 0.10973857 0.00071543787 0.012612224 6.205115e-05 0.025925877 0.00040930472 0.000680368 0.0023275209 9.159234e-06 0.0016463061 0.0011488615 0.00016519254 6.119403e-07 0.006270232 0.00032872643 0.011777442 0.0027937496 0.035988715 5.712937e-07 0.00015858439 0.00020997201 0.0007834827 0.021803983 0.008627525 0.0003960366 0.00020739753 2.6509342e-05 0.0029882183 0.009290353 0.00016995086 2.609764e-06 2.7618306e-08 7.8855e-05 0.00043568574 0.002672011 0.0053201783 0.0005036695 7.5347048e-06 3.914566e-05 0.0011649936 2.1976446e-05 0.00017805329 0.00038759471 0.00074533676 1.3272955e-05 0.00018055375 1.5784979e-05 8.211283e-05 0.00016244003 0.00020950695 1.5448832e-05 3.3309192e-05 1.4607408e-05 5.9305796e-07 1.3518647e-06 4.9260834e-06 6.6990256e-06 8.641532e-06 1.0688104e-06 4.5551934e-07 3.7617174e-06 1.0028104e-06 6.027088e-07
0.9903243 0.8815706 1.867702e-10 0.712189 0.58128613 0.90878373 0.08162496 0.9925049 0.5909347 0.7531804 0.0073644784 0.4380323 0.39676824 0.0115445135 0.00048772554 0.011454689 0.0076810215 0.03104595 0.34844527 0.18575975 0.017502207 0.0017426808 0.6365973 0.28808555 0.0028392877 0.479794 0.0005052925 0.0042791497 0.0009369038 0.011634026 0.00029369106 6.765273e-05 0.00027440727 0.0015754082 0.00037180874 0.0010716264 0.00038407155 0.027159333 0.032152683 7.511864e-05 0.0018591458 0.0009363732 0.00043670574 0.0001820721 0.00010825113 7.600796e-05 5.8951173e-05 0.00013472815 1.1434563e-05 2.2029304e-05 1.6497881e-05 0.000408628 0.009132127 0.00087279704 0.0014628837 0.16151002 1.9136729e-05 4.444164e-05 2.9515122e-05 0.00011461928 0.0002029275 0.0004207692 1.4157635e-05 4.9116188e-05 0.0010157475 1.0207424e-05 0.00015244832 0.0010187287 5.1552463e-05 2.1944508e-05 2.4612033e-05 0.000606585 6.674287e-05 0.00017807484 7.037932e-05 1.7247407e-05 5.12495e-06 1.9576293e-05 8.395092e-06 0.00019314695 0.0005057146 7.173834e-05 2.4142968e-05 1.0199755e-05 8.682603e-06 0.0001065135 2.5331647e-05 1.4629339e-05 8.7200243e-07 6.9864924e-05 4.1077303e-07 3.0464466e-07 1.4877505e-06 9.225394e-06 3.4413129e-06 4.210811e-06 8.5375395e-06 2.3825902e-07 5.0630564e-07 4.3493284e-07 4.2230909e-07
0.9952877 0.9851352 0.712189 2.3785172e-07 0.75498974 0.39765424 0.9566499 0.19746394 0.19040692 0.04014673 0.38754395 0.2937475 0.026753139 0.011595215 0.51114535 0.60245436 0.6181445 0.14975275 0.07016876 0.12109264 0.06416964 0.096893884 0.0863522 0.017445507 0.004983262 0.007911952 0.0071095466 0.02724901 0.0006424169 0.0020543542 0.0025646782 0.011951397 0.0050606797 0.0042350134 0.07504696 0.0013346492 0.14626104 0.0014397731 0.04706339 0.003744025 0.008536889 7.175778e-05 0.04301212 0.0027212359 0.002830979 0.013256572 3.9331342e-05 0.0010485187 0.0041767224 0.0013145929 1.3385828e-06 0.022266068 0.00038751005 0.031324543 0.0008642595 0.014036091 5.6872436e-06 0.0011860653 0.001263893 0.0019122408 0.21336524 0.036345396 0.002375556 0.00059211376 1.7152319e-05 0.023270292 0.05809781 0.001170826 2.7432743e-06 1.8920922e-07 0.00027588982 0.0034049058 0.016888589 0.022792358 0.0036475102 7.347638e-06 0.00020098726 0.004355377 0.00011095475 0.0013459332 0.0035023815 0.0058099637 9.199112e-05 0.001002505 0.0003530202 0.0030806425 0.0007476711 0.00033961365 2.2242666e-05 1.3068772e-05 1.887979e-05 2.6039093e-06 2.2894349e-06 2.8744458e-05 2.0762343e-05 2.9371917e-05 4.054552e-06 3.420035e-07 2.669222e-05 8.428359e-06 1.3891423e-06
0.9655566 0.9821941 0.58128613 0.75498974 1.7316337e-10 0.015370387 0.68288565 0.80057395 0.0023582235 0.004239875 0.04728774 0.95000666 0.001562514 0.00015944666 0.3959513 0.95776916 0.73995566 0.8099271 0.0065562646 0.59562427 0.5459294 0.20435344 0.19705583 0.061506957 0.00022990754 0.010672064 7.148074e-05 0.0006205101 7.029547e-05 0.00017023472 2.4483577e-05 0.001197075 0.00012932695 1.5424275e-05 0.013117133 4.5677523e-05 0.05503118 0.00029431487 0.34701592 0.00056009676 0.05574465 6.279977e-05 0.1814894 1.5281972e-05 0.00029649484 0.0024977548 4.2958007e-07 0.0041287174 0.0005513623 0.00031905045 6.880896e-08 0.011200183 9.968567e-05 0.039381105 0.0105975345 0.025408112 7.785782e-08 0.000114182985 4.9495462e-05 0.0009070747 0.025074372 0.037634395 0.0009923782 6.809795e-05 3.3206463e-05 0.0034419694 0.0101625435 2.001947e-06 6.6442763e-06 5.5658397e-08 3.9297036e-05 0.00015872314 0.0026793573 0.008740994 5.587682e-06 4.875944e-07 7.732671e-05 0.002864321 1.6065884e-05 1.5304244e-05 1.3575356e-05 0.0011258612 5.2033107e-07 0.0004159665 5.748066e-07 7.053708e-07 0.00029440023 0.00013962468 2.1396421e-05 3.806991e-05 4.096755e-06 1.2706934e-08 1.7147264e-07 4.1549936e-07 8.048669e-07 6.321908e-07 1.0490332e-07 9.430127e-08 4.4882327e-06 5.565691e-06 9.300639e-08
0.99681664 0.42447487 0.90878373 0.39765424 0.015370387 2.4397545e-11 0.07659384 0.28831065 0.83259356 0.9671126 0.007599966 0.038375366 0.68333155 0.18231118 0.0012847768 0.005955874 0.0045351097 0.016871838 0.9243896 0.14670882 0.0081104655 0.0015789376 0.24072526 0.15503703 0.31814072 0.29790306 0.0075547835 0.06208864 0.02660762 0.0671556 0.0050363014 0.0005370694 0.0018602746 0.09512609 0.0009284579 0.003647126 0.000539951 0.80201936 0.009730132 0.00034679446 0.00013640823 0.06331027 6.629462e-05 0.0067771873 0.001028064 0.00014158033 0.00058094534 4.3429085e-05 0.00010655761 9.885682e-05 0.0020729017 0.00035139688 0.028965479 0.00049411587 0.0004119105 0.058588013 0.00011278719 0.0011273101 0.000111169335 0.0002719464 0.00065499806 8.062936e-05 6.436418e-05 0.0004180169 0.03293377 0.00024041449 0.00036477574 0.023215178 0.0011971616 0.00024965656 0.00011514506 0.0027941572 0.00021023749 0.00043954718 0.0021997564 3.700748e-05 1.2179901e-05 2.4759098e-05 7.992811e-06 0.006436163 0.0029484613 0.00014398075 0.002634963 2.6871801e-05 0.00018175393 0.0014107282 8.589071e-06 2.714234e-05 1.5255638e-06 3.2673473e-05 6.865122e-07 6.326875e-08 2.8135715e-05 7.0489274e-05 2.2180011e-05 2.810805e-06 3.476866e-05 9.139248e-07 2.4664007e-07 2.4345843e-06 1.7720189e-06
0.99798405 0.84515 0.08162496 0.9566499 0.68288565 0.07659384 8.581575e-07 0.02281489 0.07945359 0.0048305904 0.8707367 0.029812055 0.009028385 0.008983167 0.92429185 0.16270031 0.80682766 0.013164289 0.012080336 0.002651413 0.005182111 0.08076028 0.00853341 0.004195719 0.0023960879 0.0011693502 0.006773876 0.016458431 0.0006896105 0.0014586229 0.001990367 0.08530914 0.024179487 0.0025735141 0.5638155 0.0050545493 0.5371769 0.00027728121 0.0017241938 0.038968038 0.0022633658 0.00015893155 0.014854094 0.0018668245 0.027499873 0.062639385 6.207109e-05 0.00019687643 0.01542021 0.0063934256 2.740641e-06 0.098878466 0.000217038 0.03916224 5.701464e-05 0.0030612354 5.472567e-06 0.0035759618 0.0044097686 0.0070379083 0.6131462 0.024638088 0.006912596 0.0033816255 2.318994e-05 0.22973862 0.30388993 0.0009572837 5.6153754e-06 9.7141545e-08 0.0010180814 0.0045711496 0.22639264 0.14606394 0.0031124605 1.2144918e-05 0.0012931128 0.015860314 0.0011378871 0.001647819 0.0038025987 0.054749563 7.4586824e-05 0.006491888 0.0008583957 0.0040094103 0.0052646687 0.00189159 0.0009970018 3.8637695e-06 0.00058225106 0.00017889563 3.469266e-06 5.2501662e-05 0.00011775015 9.737617e-05 1.09775765e-05 7.9504093e-07 0.00010373868 0.00018615248 5.3977305e-06
0.91404235 0.7459312 0.9925049 0.19746394 0.80057395 0.28831065 0.02281489 5.587655e-12 0.036605712 0.74004984 0.002828186 0.98129153 0.07541954 0.0010999873 0.0007085781 0.0653849 0.009220367 0.37220263 0.09991445 0.77294624 0.069627635 0.0019416244 0.93221277 0.6691528 0.0001746687 0.6557858 5.838669e-05 0.00065301155 9.258114e-05 0.00095548376 6.394843e-05 0.00010727379 4.8465376e-05 0.00015059698 0.00026524175 6.508415e-05 0.00052375736 0.005719752 0.10299188 0.00010260912 0.0030112732 0.00020689753 0.0007745056 3.4356544e-05 1.9524796e-05 4.404901e-05 9.310003e-06 0.00033700242 1.1995358e-05 7.755813e-06 1.0704384e-06 0.00036372838 0.007910398 0.00078365416 0.0043165176 0.35787463 7.9237793e-07 1.2214814e-06 4.735927e-06 3.3254255e-05 0.00030572663 0.0007673406 4.937463e-05 2.7763815e-06 0.0001683503 2.1934906e-05 0.0001881737 6.240943e-05 9.683406e-05 1.1794845e-05 6.1489254e-06 1.5257027e-05 6.429222e-05 0.00010425789 3.3365545e-06 1.8056063e-06 3.6029858e-06 5.2131403e-05 2.0675886e-06 5.7684533e-06 1.553824e-05 1.7636812e-05 1.0498784e-06 1.8075032e-06 8.200678e-07 8.050519e-07 6.1982007e-07 6.7530736e-06 1.0296229e-06 0.0002019227 1.150246e-07 1.6893877e-08 1.6533177e-07 9.3819256e-07 4.952502e-07 3.077701e-07 1.7232426e-07 9.270249e-08 1.8459374e-08 1.6827877e-07 4.5367226e-08
0.9967814 0.063429885 0.5909347 0.19040692 0.0023582235 0.83259356 0.07945359 0.036605712 6.583807e-11 0.4674354 0.00367791 0.003193008 0.9687508 0.93827724 0.00023296083 0.00035834158 0.0008084163 0.00046753543 0.76108724 0.0077228327 0.00014312744 0.0001299695 0.0012519028 0.0033325066 0.93101496 0.0075726407 0.016650977 0.3327683 0.19661711 0.15271264 0.016337812 0.00017201585 0.00033004326 0.5409384 0.00015664058 0.0058819037 0.00014184171 0.25006822 0.002554844 9.9114244e-05 2.3608427e-05 0.05999177 1.3351278e-06 0.041745655 0.0003494962 5.3837502e-05 0.0033847422 1.8827575e-05 3.885288e-05 1.5437021e-05 0.1804667 0.00023748216 0.00030327457 0.00050208037 5.908248e-05 0.00061385985 0.00022017914 0.0001526239 7.7727964e-05 7.875167e-05 0.00014214504 7.859504e-06 3.2988257e-05 0.00044997575 0.0032623315 5.821944e-05 8.111153e-05 0.12315856 4.1503525e-05 0.00022915583 9.39017e-05 0.005658004 4.9107617e-05 0.00020970883 0.0032753653 0.0006671255 3.7705638e-06 3.587124e-05 4.9482364e-06 0.034313787 0.012263086 3.555975e-05 0.016038205 2.0432083e-06 0.00012304104 0.0017332127 1.9620447e-06 1.0844077e-05 2.117559e-06 3.3035087e-06 1.1305792e-06 1.899868e-08 7.228375e-05 9.700709e-05 5.930801e-05 1.0481507e-06 3.341438e-05 2.875771e-06 1.5987261e-07 1.2511722e-06 2.1864803e-06
0.97908413 0.025855117 0.7531804 0.04014673 0.004239875 0.9671126 0.0048305904 0.74004984 0.4674354 2.932127e-10 0.00091516285 0.1008017 0.5731241 0.015467402 1.5032541e-05 0.00019051661 0.000117412616 0.004082169 0.824876 0.30369014 0.005146464 7.190821e-05 0.8387249 0.7570937 0.015797291 0.95803696 0.00025333592 0.0031470775 0.0026112928 0.06272048 0.0001397895 1.8960807e-05 0.00012658096 0.002866048 1.3612343e-05 0.00017609005 1.7456405e-05 0.9451726 0.022601819 2.2527018e-05 3.9558967e-05 0.03565147 1.6355294e-05 0.0001524024 1.36447325e-05 1.391091e-06 0.00027831603 1.1215654e-05 3.0045303e-06 9.2741533e-07 3.6848407e-05 3.872526e-05 0.19348383 3.360837e-05 0.0004952051 0.18461262 3.548001e-05 4.2816514e-06 1.2903242e-05 1.0655502e-05 7.773314e-07 1.9436735e-05 6.177903e-06 1.1069839e-05 0.033480767 6.111658e-07 7.0265827e-07 0.0018699213 0.0015388537 0.0009489694 3.087061e-05 0.00016305248 7.2210776e-07 7.289944e-06 2.4652576e-05 1.3881498e-05 1.0978884e-05 4.007716e-06 1.7498417e-06 0.00014418412 4.7374386e-05 2.5352033e-06 0.00010208859 8.948245e-08 6.1469964e-06 1.5585916e-06 7.713825e-08 7.038763e-07 5.123467e-07 0.00016987695 1.7850765e-07 2.6126898e-08 5.4611417e-07 6.2636877e-06 6.8029885e-06 1.4331919e-06 4.062087e-06 3.177388e-07 3.448402e-08 4.1317827e-07 4.853656e-07
0.9996743 0.07452767 0.0073644784 0.38754395 0.04728774 0.007599966 0.8707367 0.002828186 0.00367791 0.00091516285 4.5785573e-10 0.0018126664 0.0015917204 0.0057356344 0.41245604 0.008556815 0.06459475 0.0012761572 0.001481508 0.00044420752 0.00074029533 0.008921802 0.0017265361 0.00057555625 0.0009631934 0.00027081254 0.025989458 0.007577307 0.00029269006 0.00030752912 0.0060436972 0.8105842 0.145668 0.0016222972 0.9714854 0.066409506 0.08255476 0.00017307918 0.00026492926 0.9148692 0.00011864199 1.3773654e-05 0.0011251018 0.0030462812 0.24362063 0.68557906 1.6811886e-05 3.0283076e-05 0.10263384 0.07406686 1.4824769e-05 0.017953075 9.8879456e-05 0.0018461911 2.8496063e-06 0.0003510415 5.022523e-06 0.02078782 0.017764285 0.023496801 0.20690832 0.001278437 0.12134601 0.0153558 2.7761289e-05 0.75618774 0.19752786 0.00010455521 1.8117537e-06 1.0888284e-07 0.0017514939 0.010478405 0.30522174 0.033238467 0.017556773 2.9903418e-05 0.024324507 0.00029071243 0.021966623 0.004063397 0.006803534 0.17070428 0.00010285651 0.002386587 0.0011272961 0.009513281 0.013899807 0.060051262 0.06336284 3.8912356e-07 0.012148243 0.0020006846 1.0250848e-06 0.00027790864 0.00046360597 0.00015555165 6.345151e-05 2.728241e-06 0.0010175646 5.9399823e-05 9.2969117e-07
0.9396221 0.8581641 0.4380323 0.2937475 0.95000666 0.038375366 0.029812055 0.98129153 0.003193008 0.1008017 0.0018126664 1.4098805e-09 0.0027766358 0.00014100039 0.0022215429 0.7305074 0.02481173 0.97342366 0.0016561783 0.9528042 0.75484735 0.010434051 0.50517416 0.12910953 2.7142062e-06 0.010651387 4.589653e-06 8.1146194e-05 8.304466e-06 3.642939e-05 3.0284446e-06 2.1863876e-05 4.335933e-06 5.3231415e-06 5.4931617e-05 6.907689e-06 0.00024826924 0.00016753876 0.21071143 2.6006868e-05 0.010155085 1.2663125e-05 0.0029839992 1.1732195e-06 6.3604904e-07 1.6061364e-05 5.364188e-07 0.0017860022 6.008502e-06 5.540467e-06 7.879361e-08 0.0005934994 0.0006198163 0.0017356183 0.005164397 0.09092505 1.0716425e-08 1.7549362e-07 2.2548554e-07 2.7259862e-06 0.00026226786 0.0026114325 2.2654147e-05 7.1227186e-07 6.070696e-06 1.4631027e-05 0.00021304458 3.7477506e-07 3.6079614e-06 1.0326394e-07 1.6025017e-06 4.3236532e-06 1.7715163e-05 0.00012352155 1.4189621e-06 5.2116666e-06 3.0319122e-06 0.00010059445 2.1610422e-06 2.9018584e-06 4.20831e-06 1.5004469e-05 4.2611515e-07 3.114071e-06 7.009149e-07 1.0651543e-06 7.694767e-06 3.2166963e-06 1.9388006e-07 8.336313e-05 4.764419e-07 2.5588252e-08 2.6654455e-08 1.5318209e-06 6.515233e-07 1.3778811e-06 2.2194588e-07 2.4678297e-08 7.611026e-08 3.776417e-07 7.944625e-09
0.9739141 0.020596735 0.39676824 0.026753139 0.001562514 0.68333155 0.009028385 0.07541954 0.9687508 0.5731241 0.0015917204 0.0027766358 4.883503e-12 0.7910545 0.00011963046 0.00021331904 0.00041118776 0.00019674469 0.9789314 0.005340876 3.848507e-05 6.4368105e-05 0.0010079583 0.0043279026 0.9744118 0.011491019 0.007459334 0.28056186 0.56867194 0.6765354 0.0069742505 3.011365e-05 0.0001729137 0.58211637 1.8594605e-05 0.0008121212 6.586566e-05 0.44570535 0.00021045456 5.5585224e-05 4.9882065e-06 0.091868564 9.577666e-07 0.011688585 6.8983776e-05 2.5139561e-06 0.005290358 1.2046678e-06 4.6233968e-06 8.0613364e-07 0.1719578 5.5395667e-05 0.0001770708 3.267606e-05 1.954624e-05 0.00037983526 0.00032245807 6.0949944e-05 7.675557e-06 1.7100834e-05 1.8698935e-05 2.175051e-07 7.7990137e-07 1.0621563e-05 0.0075023957 3.7762677e-06 1.0842609e-05 0.14025588 4.271299e-05 0.00038506984 5.3220072e-05 0.0011727118 9.01357e-06 7.110309e-06 0.00069462886 0.00020533738 1.4771888e-07 1.3830088e-06 2.4250406e-07 0.013323798 0.00541693 2.7712786e-06 0.0042448044 1.0844946e-07 1.0305233e-05 0.00027818524 1.2191754e-07 3.162635e-07 6.6710663e-07 1.19904e-06 4.803337e-08 1.1493775e-09 4.3401134e-05 1.4993383e-05 1.5817897e-06 1.3023445e-07 1.9985126e-05 7.5193674e-07 9.17008e-08 7.162331e-08 3.674267e-07
0.99548835 0.0022392988 0.0115445135 0.011595215 0.00015944666 0.18231118 0.008983167 0.0010999873 0.93827724 0.015467402 0.0057356344 0.00014100039 0.7910545 2.6429237e-11 7.054819e-05 5.880159e-05 0.00015005707 2.4741916e-05 0.31341693 0.00038851157 5.8986852e-06 7.8422956e-05 0.0002846874 0.0007003847 0.9504773 0.00096749095 0.10689917 0.87881976 0.20703004 0.06357781 0.22413342 0.0006436771 0.0031156335 0.9614098 0.000112266716 0.03565037 6.572893e-05 0.016922744 0.00022327073 0.00019618841 5.940127e-06 0.04540289 4.302759e-07 0.32506743 0.0021948814 2.7638898e-05 0.003415539 5.341889e-07 0.00010315908 3.3181674e-05 0.39416203 8.7155015e-05 4.7992642e-05 6.3533254e-05 1.5461735e-06 7.835746e-05 0.00033786596 0.0008117371 0.00048153708 0.00019096902 6.2086074e-05 6.907586e-07 1.4272676e-05 0.0004902106 0.000700814 2.190988e-05 1.29931395e-05 0.40113842 2.2124143e-06 0.00045414263 0.00018870566 0.05189264 4.1751806e-05 4.2158237e-05 0.013382128 0.006446502 2.5433037e-06 2.0536343e-06 3.6978495e-06 0.17265143 0.13076846 2.2321803e-05 0.07145696 1.7304551e-06 0.0003809014 0.024284089 8.049997e-07 2.6926646e-05 2.9569708e-06 2.6794273e-08 4.191326e-07 7.031989e-08 0.0005262395 0.00016765046 1.3894371e-05 1.4114057e-06 0.000795762 3.7051425e-06 2.8690078e-08 5.1657853e-08 8.231209e-06
0.99111074 0.18393695 0.00048772554 0.51114535 0.3959513 0.0012847768 0.92429185 0.0007085781 0.00023296083 1.5032541e-05 0.41245604 0.0022215429 0.00011963046 7.054819e-05 4.8423306e-08 0.11174599 0.97518086 0.0029725162 1.5558553e-05 0.0014139857 0.0065607154 0.56979024 0.00031553674 0.00015476104 1.4898162e-06 1.590825e-05 7.345052e-06 3.579814e-05 9.966129e-06 1.3602248e-05 5.271034e-06 0.0018516742 0.00019419717 9.961221e-07 0.024920715 9.000484e-05 0.98310477 3.1057634e-06 0.00042145315 0.00050562393 0.000511239 4.2646743e-06 0.013283814 2.7129033e-07 9.846409e-05 0.007519039 1.0824255e-06 6.741289e-05 0.00034832794 0.001626843 2.9952925e-08 0.56036055 1.2400482e-05 0.6151579 8.9656845e-05 0.0001890104 2.3268092e-07 0.00033363703 4.6515643e-06 0.00085527386 0.5630487 0.12806948 0.003016595 6.2023224e-05 4.5324505e-06 0.01986753 0.20936374 3.5623904e-07 6.8283936e-07 6.1053487e-07 8.2357155e-06 3.068408e-05 0.058856335 0.23436202 2.4469723e-06 4.1711746e-06 4.980589e-05 0.122466095 3.4078163e-05 4.0973605e-06 7.012699e-07 0.007422066 3.3912556e-07 0.017002333 2.7884923e-06 1.2622077e-06 0.002485176 5.5566306e-05 4.5829416e-05 5.040724e-06 0.0001838143 2.9078157e-07 3.447404e-07 5.9593697e-07 1.2628518e-06 1.6310565e-06 5.72177e-07 6.8510013e-07 0.00010745256 0.0009511643 8.924771e-07
0.97249 0.5533667 0.011454689 0.60245436 0.95776916 0.005955874 0.16270031 0.0653849 0.00035834158 0.00019051661 0.008556815 0.7305074 0.00021331904 5.880159e-05 0.11174599 1.6708612e-09 0.87791425 0.8405312 8.3352e-05 0.123319894 0.9088444 0.9162002 0.011658927 0.00080392836 1.3829232e-06 0.00011332553 3.400455e-06 2.2419512e-05 1.5801583e-06 1.6663381e-06 2.1911771e-06 5.2360003e-05 1.4557372e-05 1.389769e-06 0.00027869956 1.995785e-05 0.005928429 3.743625e-05 0.80651015 8.971004e-05 0.7962051 1.3382887e-05 0.88981885 6.841547e-07 4.421355e-06 8.1027734e-05 5.2801573e-07 0.09077621 0.000100585436 4.312076e-05 3.5844785e-08 0.0058050756 9.3181225e-06 0.12859344 0.051143497 0.006896654 2.4768732e-07 1.5725486e-06 1.3713683e-06 0.00010727523 0.0016917862 0.85982555 8.4288135e-05 8.006964e-06 3.7138982e-06 4.3667635e-05 0.0005976101 1.9965378e-06 6.698071e-07 1.9686976e-07 9.977303e-06 1.9325522e-05 0.00024220422 0.0017824887 2.434329e-06 1.1779933e-06 1.2803795e-05 0.0038412635 9.483315e-07 9.741286e-07 3.2051792e-06 0.00066270446 1.0518136e-06 9.739252e-05 3.5642036e-06 2.6534553e-07 0.00016779076 6.8532136e-06 1.2515786e-05 2.6857171e-05 1.3826898e-06 8.558073e-08 7.344513e-08 1.7771451e-06 6.99647e-06 2.4766168e-06 8.298904e-07 3.1029728e-07 1.8418561e-06 1.6166769e-05 4.163268e-07
0.96007437 0.32352045 0.0076810215 0.6181445 0.73995566 0.0045351097 0.80682766 0.009220367 0.0008084163 0.000117412616 0.06459475 0.02481173 0.00041118776 0.00015005707 0.97518086 0.87791425 5.747266e-07 0.017815888 8.398884e-05 0.002610496 0.038050238 0.99399143 0.00061199 0.00031316542 1.4257181e-05 4.0050472e-05 1.04289065e-05 7.287305e-05 4.790832e-05 2.5715475e-05 8.583699e-06 0.0004675653 8.969816e-05 1.1772359e-05 0.002768026 0.00010144513 0.36593595 4.120252e-06 0.0025582425 0.00023276672 0.004126422 1.5092529e-05 0.09302915 4.1845897e-06 5.082757e-05 0.0014165908 5.554757e-06 0.00032479753 0.00021620916 0.0005905204 1.5574528e-07 0.12066121 9.458626e-06 0.7255326 0.0005478581 0.0006100173 1.6198381e-08 5.9916506e-06 3.0848478e-05 0.00020977424 0.034445476 0.35621616 0.00096667884 2.4545929e-05 4.31001e-06 0.00093185535 0.009621424 1.014166e-06 8.2897833e-07 1.7184291e-07 2.4027388e-05 4.1561278e-05 0.0021791563 0.016648699 9.799892e-06 4.1502815e-05 4.077292e-05 0.05287102 8.919755e-06 4.442585e-06 5.0512267e-07 0.0003468181 2.5786437e-06 0.0019010898 3.8160615e-06 1.01461715e-07 0.00029650133 3.592122e-05 7.5276444e-06 1.8884526e-05 1.9718564e-05 1.3156463e-06 5.2451765e-07 5.397579e-07 8.082364e-06 8.7497765e-06 1.2910106e-06 2.370867e-07 1.0373457e-05 0.00017247892 7.1443185e-07
0.89004236 0.3653184 0.03104595 0.14975275 0.8099271 0.016871838 0.013164289 0.37220263 0.00046753543 0.004082169 0.0012761572 0.97342366 0.00019674469 2.4741916e-05 0.0029725162 0.8405312 0.017815888 8.911843e-09 0.00010980965 0.9633272 0.99704957 0.027241362 0.035566915 0.02447883 1.3135902e-06 0.0006275607 4.4500057e-06 1.359802e-05 1.5019465e-06 1.2709953e-06 4.6236873e-06 1.93314e-05 7.157402e-06 1.0446839e-06 2.2001108e-05 2.1573069e-06 9.803112e-05 6.975324e-06 0.31902173 2.7530095e-05 0.048959073 2.171732e-06 0.0049669123 4.788484e-07 3.6712268e-07 5.0130575e-06 3.0022102e-06 0.001354739 2.5618947e-06 5.644724e-06 2.3290237e-08 0.00037800783 4.450547e-05 0.0007681222 0.005292356 0.055676047 4.168621e-08 2.293177e-07 1.5792295e-07 1.6421977e-06 3.6529025e-05 0.0029156494 1.4445161e-05 1.7311474e-07 5.291056e-07 2.2230124e-06 1.2969455e-05 1.890459e-08 8.3895486e-07 4.5959382e-08 1.0922554e-05 5.477355e-06 1.5081903e-06 5.280833e-05 3.350762e-07 1.6614665e-06 9.84799e-08 3.4316367e-05 1.3171082e-07 1.2231156e-06 1.2774858e-06 1.1213772e-05 4.815246e-07 6.3057737e-06 1.7741638e-07 1.2780248e-07 2.9069148e-05 2.4244466e-07 1.2105764e-07 4.1504914e-05 5.1870916e-08 2.9840415e-08 1.1191762e-07 1.2702621e-06 3.0873582e-07 2.6553238e-07 9.278213e-07 1.0866646e-07 3.5754874e-07 1.8537721e-06 5.082943e-08
0.9280729 0.055428743 0.34844527 0.07016876 0.0065562646 0.9243896 0.012080336 0.09991445 0.76108724 0.824876 0.001481508 0.0016561783 0.9789314 0.31341693 1.5558553e-05 8.3352e-05 8.398884e-05 0.00010980965 6.025866e-10 0.001214434 1.1209932e-05 3.330856e-05 0.0015042711 0.016166415 0.23991548 0.052616753 0.0037893634 0.03546127 0.24810201 0.95188814 0.0025430939 2.0039575e-05 7.411127e-05 0.020538064 5.3175754e-06 4.472685e-05 1.3427759e-05 0.98243475 4.782195e-05 2.2281838e-05 5.5421613e-05 0.48389533 2.4607854e-05 0.00011099264 3.2365558e-06 6.299589e-06 0.018759474 2.4810424e-06 5.633484e-06 9.101712e-06 0.012305694 8.972048e-05 0.005253219 0.00016553144 0.00013134889 0.0013536322 0.00035233446 9.507547e-07 8.190326e-06 7.9242185e-05 1.18130366e-07 1.1272884e-05 1.14136e-05 6.3303096e-06 0.03197935 2.3941188e-06 1.2174593e-07 0.0014408383 0.00022586767 0.0028148624 3.4628665e-06 2.8008604e-05 2.4368083e-07 4.6356595e-07 1.4612995e-05 4.4555836e-05 2.2651146e-05 9.629932e-06 2.788539e-05 3.8002654e-05 1.3268233e-05 4.2945186e-07 0.00010017782 1.9170254e-06 7.8957455e-06 3.4494002e-07 4.429819e-07 2.7240802e-05 5.9947774e-06 3.739154e-05 4.5224933e-08 6.90216e-07 1.6142965e-05 1.3161603e-05 1.8021648e-05 1.1881879e-05 8.153246e-06 4.3848914e-07 6.95721e-07 2.4867277e-06 1.0338737e-06
0.9479766 0.38110012 0.18575975 0.12109264 0.59562427 0.14670882 0.002651413 0.77294624 0.0077228327 0.30369014 0.00044420752 0.9528042 0.005340876 0.00038851157 0.0014139857 0.123319894 0.002610496 0.9633272 0.001214434 6.6539135e-10 0.97592705 0.0021711872 0.8331105 0.3082234 2.1433692e-05 0.09039538 1.7993449e-05 0.00019935149 6.556871e-05 4.559997e-05 7.047173e-05 4.7319518e-05 1.4178903e-05 5.40505e-06 1.2897892e-05 7.672836e-06 7.266001e-05 7.409204e-05 0.9732988 2.914087e-05 0.040510584 1.1023611e-05 0.0033238588 1.33568e-05 3.1786383e-06 1.7616076e-06 1.6075822e-06 0.015032293 5.712226e-06 2.3708108e-05 6.643838e-08 0.0002495568 0.0014256869 0.00018952844 0.12570794 0.7531436 8.044625e-07 1.055202e-05 2.6968073e-07 3.1614833e-05 5.0926333e-06 0.00042464864 6.8976497e-06 1.3353672e-06 1.1548933e-05 1.445382e-06 2.7056828e-06 2.6762646e-07 6.580271e-06 1.4607903e-06 1.083386e-06 1.5195851e-05 1.2448e-06 2.110212e-05 8.064619e-07 4.8733987e-06 6.674815e-07 4.671545e-05 1.4150284e-06 1.3859981e-06 1.3509058e-06 7.077795e-06 2.263699e-06 5.4956577e-06 3.6174407e-07 6.3601453e-07 7.923346e-06 3.432067e-06 2.6830178e-06 0.00089701544 3.0705652e-07 3.5972587e-08 1.7364064e-06 1.3242477e-06 5.4936927e-06 5.8738738e-06 4.4635323e-07 2.9407963e-07 1.2777672e-06 3.1940722e-06 8.377017e-08
0.7212159 0.13809426 0.017502207 0.06416964 0.5459294 0.0081104655 0.005182111 0.069627635 0.00014312744 0.005146464 0.00074029533 0.75484735 3.848507e-05 5.8986852e-06 0.0065607154 0.9088444 0.038050238 0.99704957 1.1209932e-05 0.97592705 8.078071e-08 0.14943746 0.094951436 0.07152243 5.3938277e-07 0.0028177414 4.817221e-07 4.114052e-06 2.121007e-06 4.39213e-06 3.9346872e-07 4.083639e-05 3.3112808e-06 5.304745e-08 4.2635216e-05 5.3114655e-07 0.00039660488 3.0596577e-06 0.98083574 7.386402e-05 0.28539333 4.5855886e-06 0.067949526 2.6093446e-07 3.0689552e-07 3.178276e-05 4.4881546e-08 0.010821046 1.1520827e-05 9.52599e-05 4.206604e-10 0.0018441984 3.7505684e-05 0.0038747517 0.023315486 0.0882917 4.462802e-08 2.278505e-06 3.5895465e-07 4.368128e-06 0.00014854284 0.04389417 0.00020509116 2.2580618e-07 1.6280122e-06 2.3199762e-05 0.00014275419 6.713172e-08 2.484561e-06 2.4273325e-08 1.2585981e-06 1.7173637e-06 5.043429e-05 6.417148e-05 9.273467e-08 1.0775652e-06 1.025536e-05 6.153956e-05 8.000307e-06 6.0155024e-08 1.548819e-07 3.3515804e-05 1.0045098e-07 6.4518645e-06 1.1183911e-07 1.8409368e-07 2.6391086e-05 1.1051153e-06 1.341352e-06 0.00012863503 2.2463944e-07 4.694966e-09 7.6399694e-08 6.610547e-07 8.5452655e-07 8.478402e-07 1.667535e-08 8.757727e-09 1.6638054e-06 2.12807e-06 3.970758e-09
0.8330836 0.045015547 0.0017426808 0.096893884 0.20435344 0.0015789376 0.08076028 0.0019416244 0.0001299695 7.190821e-05 0.008921802 0.010434051 6.4368105e-05 7.8422956e-05 0.56979024 0.9162002 0.99399143 0.027241362 3.330856e-05 0.0021711872 0.14943746 3.7973996e-07 0.00014111985 8.321579e-05 3.3135361e-06 1.2045982e-05 1.6370814e-06 2.4000474e-05 3.7734667e-06 2.2313875e-06 1.4342612e-06 0.00014961467 1.7709572e-05 1.7439075e-06 0.00018978473 5.359093e-06 0.16461301 2.9879675e-05 0.02913747 9.770986e-05 0.27950862 1.6614167e-05 0.4088841 8.016808e-07 8.273999e-06 0.00022735172 6.9025157e-07 0.014360579 5.3153064e-05 0.00020224262 1.14407904e-07 0.275007 4.009857e-06 0.94365406 0.002252627 0.0003267115 1.6904803e-08 1.3802477e-07 3.816775e-06 5.000798e-05 0.010794645 0.98529756 0.00035502165 1.0275076e-05 3.1157847e-06 0.00018262875 0.002311542 3.328285e-06 5.0942384e-07 3.6350624e-08 4.825311e-06 9.058087e-06 0.0007345764 0.027399667 3.6338527e-06 1.854163e-06 2.2872231e-05 0.28807727 4.886457e-06 9.4367977e-07 2.8713143e-07 0.0006653572 1.8186037e-06 0.003286926 1.0029166e-06 1.3265771e-08 0.00014233956 2.5423471e-05 2.0646894e-05 2.057817e-05 2.1120186e-06 1.5386643e-06 2.6512245e-07 5.187199e-07 8.541653e-06 2.8992247e-06 3.053721e-07 5.75166e-08 6.526473e-06 0.00022274499 2.3951725e-07
0.93702257 0.16556075 0.6365973 0.0863522 0.19705583 0.24072526 0.00853341 0.93221277 0.0012519028 0.8387249 0.0017265361 0.50517416 0.0010079583 0.0002846874 0.00031553674 0.011658927 0.00061199 0.035566915 0.0015042711 0.8331105 0.094951436 0.00014111985 8.910639e-12 0.9998056 9.234117e-06 0.5069141 3.5681246e-06 9.824184e-06 3.923961e-06 4.7977224e-05 9.284356e-07 1.8751742e-05 6.2976787e-06 6.029401e-08 1.3072125e-05 7.761351e-07 2.2057706e-05 0.00024664865 0.01432528 2.2307715e-05 0.00045007357 1.2890853e-06 8.534149e-05 2.1842292e-08 1.6189881e-07 5.9987997e-07 5.1720853e-08 9.499011e-05 8.197836e-08 3.455864e-07 1.2834166e-10 2.6492811e-05 0.029292949 1.7248985e-05 0.025112186 0.91082764 1.16669725e-07 1.1600415e-09 8.790427e-09 1.669244e-08 3.5606715e-07 1.308829e-05 2.860147e-07 2.6459945e-08 1.7089833e-05 1.3425301e-07 3.8724497e-08 2.0038264e-08 1.6743357e-05 6.559037e-08 5.2460414e-09 3.1566373e-08 2.9174304e-08 1.1120012e-07 4.745602e-08 6.080111e-08 7.1501425e-08 5.8675437e-07 5.4156896e-08 4.88569e-09 2.551943e-08 9.521666e-09 3.4037686e-09 7.089356e-09 2.6618507e-10 7.632799e-09 1.0556095e-09 1.2374779e-08 1.3315983e-09 0.0006538011 8.7458707e-10 3.8525616e-10 6.474936e-08 3.9436125e-07 1.5732857e-07 1.3065555e-07 2.7832e-08 1.7371888e-09 1.1830302e-08 2.485933e-08 1.2981767e-09
0.6437879 0.0425693 0.28808555 0.017445507 0.061506957 0.15503703 0.004195719 0.6691528 0.0033325066 0.7570937 0.00057555625 0.12910953 0.0043279026 0.0007003847 0.00015476104 0.00080392836 0.00031316542 0.02447883 0.016166415 0.3082234 0.07152243 8.321579e-05 0.9998056 1.4496628e-06 0.00030009967 0.99895394 7.615764e-05 0.00012278128 6.7140085e-05 0.00019187156 9.258406e-05 8.9734254e-05 7.667514e-05 4.6552945e-05 1.877889e-05 2.1761447e-05 2.2793189e-05 0.014131319 0.007528047 2.654992e-05 9.543595e-05 0.00015639266 5.3901e-05 4.111628e-06 1.6648124e-05 6.922692e-06 3.859824e-05 0.00013969606 1.9954405e-05 1.0258481e-05 3.3214727e-07 6.161373e-05 0.07646227 0.00014175016 0.0062663793 0.7104167 6.3030866e-06 2.4382787e-08 1.8713741e-05 1.0462777e-05 3.2982614e-06 4.6214678e-05 2.9385403e-06 4.2226762e-05 0.0023041184 1.2850187e-06 1.7644911e-06 1.5928228e-05 0.00031035577 5.693338e-06 1.7263632e-05 1.1026008e-05 3.4743462e-07 1.04872415e-05 8.773431e-06 1.41583905e-05 9.710677e-07 5.568319e-06 1.5675281e-06 6.3188977e-06 2.3309516e-05 4.18554e-06 4.4613384e-06 6.7058527e-06 6.2853846e-06 8.645533e-07 2.1794187e-06 8.836256e-06 4.9753976e-06 0.0023773361 9.512231e-08 7.590332e-06 2.1489168e-06 2.444662e-05 1.2439913e-05 4.9075785e-05 1.6835784e-06 7.745066e-08 2.932393e-06 1.1201026e-06 4.4120206e-08
0.9203486 0.0009869067 0.0028392877 0.004983262 0.00022990754 0.31814072 0.0023960879 0.0001746687 0.93101496 0.015797291 0.0009631934 2.7142062e-06 0.9744118 0.9504773 1.4898162e-06 1.3829232e-06 1.4257181e-05 1.3135902e-06 0.23991548 2.1433692e-05 5.3938277e-07 3.3135361e-06 9.234117e-06 0.00030009967 2.595998e-09 6.8567344e-05 0.034890763 0.348902 0.9959628 0.28159237 0.026561536 0.00012127621 0.00064253295 0.56401694 1.3895001e-06 0.00024908673 5.0909404e-07 0.015495054 5.273912e-07 2.1015481e-05 1.3728718e-06 0.058219485 4.875137e-08 0.004949535 3.3960914e-05 1.602012e-07 0.023540067 1.5868247e-07 9.345701e-06 1.3303807e-06 0.8172434 2.7132696e-06 9.879852e-06 9.075233e-06 8.220465e-07 4.928045e-05 0.00034095164 2.0505754e-06 1.0740087e-05 9.485843e-06 1.6159438e-08 3.64437e-07 3.1586325e-07 4.780802e-06 0.00031001648 5.547864e-08 1.5231112e-08 0.22849244 1.577361e-06 0.0002841948 1.2212608e-05 9.906275e-05 2.685101e-08 9.870029e-08 0.00010226759 0.000868373 1.2849395e-07 7.018322e-08 1.0483457e-06 0.0023921812 0.0007242034 1.4700832e-07 0.003899221 2.7782248e-08 3.3829172e-06 7.065989e-05 6.142059e-09 3.4658945e-07 7.669754e-08 6.124783e-08 1.2973351e-09 2.2891093e-08 0.00010282071 1.8738298e-05 1.0463909e-06 5.141116e-07 1.9871606e-05 3.8094856e-07 4.228585e-08 3.1460325e-09 4.9444503e-07
0.536327 0.017171247 0.479794 0.007911952 0.010672064 0.29790306 0.0011693502 0.6557858 0.0075726407 0.95803696 0.00027081254 0.010651387 0.011491019 0.00096749095 1.590825e-05 0.00011332553 4.0050472e-05 0.0006275607 0.052616753 0.09039538 0.0028177414 1.2045982e-05 0.5069141 0.99895394 6.8567344e-05 7.87595e-12 3.6904352e-05 0.00016086879 5.9517373e-05 0.0017197896 3.249312e-05 2.135906e-06 1.5017367e-05 1.1731116e-05 4.849625e-07 9.531156e-06 5.1422495e-07 0.031521194 0.00051762606 5.4715053e-07 7.8839665e-05 0.00041641854 2.5021975e-06 2.2496713e-06 7.4602536e-07 1.5855926e-08 9.731588e-06 3.7665082e-05 2.454284e-07 1.08362826e-07 1.987067e-06 9.848784e-07 0.62813216 4.130083e-06 0.0011067311 0.9888496 2.0074876e-06 1.5705131e-08 3.4055188e-07 1.5631086e-07 7.574051e-09 3.7552732e-06 5.8841273e-08 7.035911e-07 0.002204139 7.3320514e-09 3.864877e-09 1.7103763e-06 0.0006361013 0.00016564816 6.786979e-09 7.862492e-07 1.0983162e-08 1.0181021e-08 2.710359e-07 9.747558e-07 3.9716895e-07 3.3470764e-07 3.79093e-07 5.9510132e-08 8.6627324e-07 1.3281544e-08 1.2270489e-07 3.7616186e-09 4.043296e-08 1.07324894e-07 1.3843633e-09 3.8226233e-07 6.863001e-09 0.0012297275 2.7889906e-09 8.42224e-09 1.1559124e-07 1.4260927e-06 1.402586e-06 2.5983256e-06 5.967095e-08 1.3012953e-09 3.3570647e-08 1.7138679e-07 4.9151514e-09
0.999534 0.0006936619 0.0005052925 0.0071095466 7.148074e-05 0.0075547835 0.006773876 5.838669e-05 0.016650977 0.00025333592 0.025989458 4.589653e-06 0.007459334 0.10689917 7.345052e-06 3.400455e-06 1.04289065e-05 4.4500057e-06 0.0037893634 1.7993449e-05 4.817221e-07 1.6370814e-06 3.5681246e-06 7.615764e-05 0.034890763 3.6904352e-05 5.224225e-12 0.6673003 0.000773574 0.00024568496 0.9868641 0.0007792985 0.0057141474 0.19149752 4.5461707e-05 0.023195574 3.209247e-06 0.0019400299 4.185492e-06 0.00021223808 4.570846e-07 2.5360365e-05 8.6285844e-08 0.9196259 0.0013768974 1.0632996e-05 8.912247e-06 2.5720257e-07 3.2724518e-05 8.438964e-05 0.007728845 8.486872e-07 1.2721346e-05 1.7550979e-06 6.276163e-07 2.1680378e-06 7.0615265e-06 0.00047740916 0.0015431657 0.00017749061 2.352649e-06 1.7855909e-07 4.0263844e-06 0.0005494885 1.8896128e-05 3.665568e-06 1.2805693e-06 0.054938324 4.83451e-06 1.1644587e-05 0.00072147144 0.014033589 2.8640109e-06 4.5061042e-06 0.18085617 0.002885451 2.0246491e-06 3.5659627e-07 3.0965302e-06 0.7698564 0.51998395 3.856716e-06 0.6718729 7.3358045e-08 0.00059166475 0.10065794 6.9011594e-07 3.15338e-05 1.9894087e-06 4.6543667e-07 6.627612e-08 5.386138e-07 0.0013398341 0.019022012 0.0006556174 1.816982e-05 0.064092256 3.2406224e-05 1.8883445e-07 3.0328016e-07 4.0492756e-05
0.9928188 0.0039475113 0.0042791497 0.02724901 0.0006205101 0.06208864 0.016458431 0.00065301155 0.3327683 0.0031470775 0.007577307 8.1146194e-05 0.28056186 0.87881976 3.579814e-05 2.2419512e-05 7.287305e-05 1.359802e-05 0.03546127 0.00019935149 4.114052e-06 2.4000474e-05 9.824184e-06 0.00012278128 0.348902 0.00016086879 0.6673003 2.1117869e-10 0.020765198 0.00775178 0.8894892 0.0003841296 0.0010953489 0.9821912 3.1561965e-05 0.004388304 8.335403e-06 0.011033474 6.0190003e-05 0.00020587287 3.8085393e-06 0.0015203388 1.0798891e-06 0.8316478 0.00030998545 4.542879e-06 0.00052027655 6.6975275e-07 3.6725298e-05 3.1188516e-05 0.5387515 5.23322e-05 7.50031e-05 4.780071e-05 8.381124e-06 3.611464e-05 6.134941e-05 0.00031167926 0.00028048365 0.00028036837 1.591744e-06 2.0588975e-06 1.1696296e-05 0.00020924577 0.00015786792 3.0826404e-06 1.1117601e-06 0.817169 6.9636594e-06 0.00028524888 0.000283574 0.010004979 2.8342906e-06 1.3397995e-05 0.016856052 0.058963392 7.659602e-06 3.7969742e-06 8.172731e-06 0.63373184 0.1536807 1.5440024e-05 0.7878889 6.961769e-07 0.0005641283 0.018800704 6.300848e-07 2.8827913e-05 2.3647037e-06 1.0592062e-06 2.1869819e-07 4.3669223e-07 0.024279416 0.0035918022 0.00012253669 1.5004496e-05 0.18185425 0.00013057866 1.00500614e-07 3.7696955e-07 0.00033415097
0.18778484 0.0002558623 0.0009369038 0.0006424169 7.029547e-05 0.02660762 0.0006896105 9.258114e-05 0.19661711 0.0026112928 0.00029269006 8.304466e-06 0.56867194 0.20703004 9.966129e-06 1.5801583e-06 4.790832e-05 1.5019465e-06 0.24810201 6.556871e-05 2.121007e-06 3.7734667e-06 3.923961e-06 6.7140085e-05 0.9959628 5.9517373e-05 0.000773574 0.020765198 7.711758e-10 0.9956893 0.0006953974 5.5479304e-05 3.8531703e-05 0.15356673 5.4501397e-06 1.92634e-05 2.7469682e-06 0.0441326 1.1807907e-06 2.0669255e-05 2.7668736e-06 0.25220498 2.5478735e-07 0.00079769036 1.6883949e-05 8.4630166e-08 0.31457314 3.3927712e-08 1.1911525e-05 1.1280923e-06 0.97516555 2.2513314e-05 5.812088e-06 6.019305e-05 6.9558273e-06 3.8811588e-05 0.0020311447 1.4389474e-07 5.8967903e-06 1.0652722e-06 1.8634081e-07 7.4018412e-06 1.118142e-06 3.257203e-06 0.00023243886 3.4235038e-07 3.1195654e-07 0.13580164 6.098343e-07 0.0021710952 4.59792e-06 4.0728886e-05 7.7127225e-08 2.9219203e-07 6.633624e-05 0.00062534097 4.9178806e-07 1.10471845e-07 3.750754e-07 0.0007317187 0.00070545153 2.1247492e-07 0.0006194172 2.0818909e-07 4.5593074e-06 4.529091e-05 3.856933e-08 7.6200865e-07 7.451259e-07 2.2924095e-07 9.2919645e-09 1.9115332e-07 1.9657036e-05 1.1627021e-05 2.1203234e-06 2.950094e-07 4.6130067e-06 2.7674213e-07 7.0147324e-09 1.39048755e-08 1.6879294e-07
0.1341052 0.0009597746 0.011634026 0.0020543542 0.00017023472 0.0671556 0.0014586229 0.00095548376 0.15271264 0.06272048 0.00030752912 3.642939e-05 0.6765354 0.06357781 1.3602248e-05 1.6663381e-06 2.5715475e-05 1.2709953e-06 0.95188814 4.559997e-05 4.39213e-06 2.2313875e-06 4.7977224e-05 0.00019187156 0.28159237 0.0017197896 0.00024568496 0.00775178 0.9956893 7.772879e-14 0.00022668856 1.1787041e-05 6.759021e-06 0.042246796 4.8929674e-06 2.6594596e-05 4.963604e-07 0.2791581 3.7145378e-07 5.246955e-06 1.1483526e-06 0.99799454 1.66079e-08 0.00013601397 3.5297242e-06 4.3430052e-08 0.32063332 1.7062615e-07 7.330728e-08 1.1090444e-07 0.10640004 3.245538e-06 0.00027435756 3.5220576e-06 7.1767863e-06 8.473011e-05 0.0018323194 2.348588e-09 3.2674467e-07 3.3313906e-08 1.406294e-07 1.766529e-07 1.0423471e-06 8.526038e-07 0.004741409 1.1486192e-07 1.252443e-07 0.05068081 4.8966525e-05 0.0076129944 4.500894e-08 7.523166e-06 1.0456447e-08 7.0794646e-09 1.2465837e-05 0.00029152894 1.1301388e-07 3.6053966e-09 1.7246773e-08 4.120671e-05 9.785062e-06 7.5683175e-09 0.000113215574 1.5265606e-08 3.712289e-07 2.5765812e-06 3.273878e-09 3.3373244e-08 2.4173113e-08 1.8313017e-06 5.9495087e-10 4.503751e-09 3.4857417e-06 1.2329098e-06 3.6620548e-07 9.782257e-09 1.0723869e-06 4.3555985e-08 9.216924e-10 3.4199203e-09 1.6492084e-08
