1.4136099e-13 0.5470411 0.6249643 0.6518374 0.80582494 0.00639164 0.8131694 0.0006769504 0.93812406 0.38815784 0.6121424 0.36306882 0.9376689 0.021200668 0.004070167 0.057830177 0.51755214 0.86964977 0.96656 0.95719695 0.93405217 0.9770858 0.8941887 0.8462978 0.9066153 0.501951 0.9022659 0.9397632 0.8599735 0.6720125 0.96159095 0.987763 0.99963707 0.99950206 0.9540436 0.86847204 0.0045867986 0.7745726 0.9987504 0.08844952 0.00084282795 0.7828398 0.43241024 0.73059964 0.96376777 0.97862893 0.8525911 0.010204704 0.5398826 0.9860055 0.9604414 0.9540345 0.9714202 0.99828786 0.00011675596 0.65426093 0.99910647 0.08646776 0.99997044 0.9399394 0.9797772 0.5742209 0.94360244 0.9975977 0.81944036 0.73185486 0.9589199 0.11830364 0.99546504 0.62984776 0.7879732 0.0042347326 0.9463052 0.17620452 0.023664469 0.99713355 0.9784209 0.9814839 0.6855875 0.14896134 0.48356673 0.9890983 0.1369806 0.8323431 0.0030627425 0.0077853007 0.9449951 0.86416173 0.48627502 0.3754254 0.20501153 0.38301048 0.17262584 0.7235383 0.18532324 0.01796282 0.05749964 0.015549077 0.04302297 0.001512352 0.002299059
0.5470411 5.5485833e-12 0.9940477 0.9966871 0.6930312 0.12937938 0.42625394 0.01579165 0.96227473 0.6777328 0.07893077 0.02044315 0.0049164956 0.0033413405 0.000110313464 2.1053202e-06 0.0053016637 0.054489948 9.700736e-07 0.18330741 0.014736312 0.39604008 0.000592057 0.00012985441 9.4249626e-05 5.5831333e-06 0.0021317143 0.0016368262 5.6070917e-06 0.00012414782 0.00025676182 0.0006230103 0.022598622 0.046237852 6.274967e-05 4.1075975e-05 1.1204664e-05 3.7748363e-05 0.0001377139 3.261154e-08 5.2358257e-07 2.6823636e-07 3.401692e-05 7.810067e-07 8.639487e-08 2.471524e-05 1.442524e-05 4.6017977e-08 1.3217994e-05 1.5695834e-06 3.197013e-06 1.4308839e-06 7.435043e-08 0.00025382396 1.1286203e-05 1.9811924e-07 0.0011669156 9.02974e-07 0.0028103788 0.00017332152 4.021204e-06 1.9271824e-06 3.56878e-07 5.4895895e-07 8.691779e-07 1.1459966e-05 3.4755922e-07 7.5328404e-05 2.8729478e-06 3.988866e-07 3.2783885e-06 2.0339037e-06 3.6209149e-06 2.6052383e-06 9.224826e-07 2.2811345e-07 3.7194718e-07 2.9761859e-08 7.292585e-08 1.9701222e-06 2.9589098e-09 2.5619227e-07 5.2049913e-06 7.425378e-08 5.070114e-06 7.551656e-07 9.5584625e-08 3.1685158e-07 2.5613582e-07 2.49795e-07 8.842748e-06 9.074354e-07 3.3933861e-06 4.670549e-08 3.9001114e-07 2.6461687e-06 3.3546644e-06 2.5005312e-07 1.001695e-06 1.1458278e-06 4.343699e-09
0.6249643 0.9940477 2.9776636e-11 0.67513734 0.9601253 0.009451782 0.024023818 0.0043500285 0.89961964 0.9930512 0.005188565 0.0016052788 3.8290524e-05 0.00014693328 8.235484e-05 2.6038333e-07 0.012742917 0.0013168702 4.332116e-07 0.03587964 0.000591845 0.4860536 0.0016787774 3.853874e-06 1.2102375e-06 1.2142319e-06 0.025259946 9.215357e-05 7.095295e-07 0.00094081246 0.00080152537 4.0818322e-05 0.0011613934 0.22513767 1.2821292e-05 7.652272e-06 5.317609e-05 0.00019075206 0.0004212878 2.7657456e-09 1.1972888e-07 1.06201385e-08 2.9340088e-05 1.2498107e-07 1.261319e-07 1.2631035e-06 3.873032e-05 1.6181119e-08 2.4996538e-05 9.721162e-06 5.017063e-07 4.5773632e-07 4.6250193e-08 1.0817732e-06 8.1351536e-05 6.718991e-07 0.00082850066 3.8204057e-06 0.00038395816 6.7824956e-05 6.647483e-06 1.17273906e-07 5.7955083e-07 3.355655e-07 3.0600418e-07 3.885853e-06 3.7847185e-06 8.583409e-05 2.2102233e-06 3.4180033e-07 3.344195e-07 3.885208e-06 6.9188604e-07 9.86724e-07 5.2817973e-06 9.40297e-08 1.8348347e-08 7.982938e-08 4.7163903e-07 6.156568e-07 2.822374e-08 5.5091334e-08 2.5179825e-06 8.601994e-07 2.2695147e-05 1.5052517e-06 1.6282289e-07 6.709636e-07 2.981237e-08 1.0977701e-07 1.3316849e-05 1.0787347e-07 6.4843164e-08 2.8305507e-09 7.023117e-08 5.381712e-05 5.55379e-07 2.1265665e-08 1.4163177e-06 5.0080637e-08 1.5626815e-08
0.6518374 0.9966871 0.67513734 1.3783514e-12 0.9391461 0.81922114 0.964977 0.4890428 0.9029103 0.07783979 0.78675413 0.46442398 0.13073713 0.042779185 0.008038663 0.00020212308 0.0006531601 0.31116137 1.6411012e-05 0.42425358 0.059894506 0.40688995 0.00016221526 0.002806102 0.00027832718 6.789831e-06 0.00033979138 0.003367496 1.2649895e-05 0.00015769294 0.00010451533 0.0025067935 0.024847982 0.0146124605 0.00015871134 0.0001083694 1.5701867e-06 1.738316e-05 9.249748e-05 1.9511077e-07 1.0762824e-06 8.1668367e-07 0.00019117766 6.4982582e-06 1.828314e-06 0.00018748442 1.0056525e-05 6.411734e-07 1.1928372e-05 2.362695e-06 2.9874149e-05 8.926997e-06 7.1852504e-08 0.000256947 1.25187935e-05 3.155939e-06 0.00047855102 1.0040186e-05 0.0011569588 2.817572e-05 5.889933e-06 9.771162e-07 1.5351502e-07 6.4508095e-07 3.5540018e-07 7.2087246e-06 7.1844386e-07 3.193644e-05 1.4463873e-06 1.3577278e-06 4.4624983e-07 1.8730867e-05 4.676883e-06 6.68075e-07 1.8764959e-07 5.2489668e-08 3.8779103e-07 2.6387283e-07 2.0297327e-07 2.3857724e-06 1.21247e-07 4.943821e-08 5.5412784e-07 1.2777343e-06 1.8483748e-05 2.5660638e-06 1.0998402e-08 4.4888682e-07 1.3218623e-07 6.304036e-08 7.939472e-06 4.1436408e-07 8.0889095e-08 6.3062817e-09 3.7217198e-08 4.719088e-06 2.127583e-06 8.378663e-08 6.7732426e-06 1.9751951e-07 7.809663e-09
0.80582494 0.6930312 0.9601253 0.9391461 1.1804295e-11 0.9998699 0.6038492 0.5123018 0.9463982 0.09178736 0.7288844 0.030855669 0.15508835 0.0007499427 0.00068394217 2.3218406e-06 0.002799182 0.069345854 5.2503487e-06 0.48927844 0.0470278 0.5455192 0.00052835763 0.0001883281 6.7538436e-05 1.7273586e-06 0.0028116992 0.0013998352 8.5429065e-06 0.0005831315 0.00041034786 0.0003057164 0.010270841 0.047283098 6.078457e-05 5.9016224e-06 3.0366366e-05 0.00013851804 0.00030221613 6.131773e-08 2.377084e-07 1.1235903e-06 2.4025669e-05 1.3382069e-07 7.009777e-07 4.195371e-06 5.4934862e-05 2.0297927e-07 2.0760344e-05 7.5548116e-05 2.3800513e-07 6.3828645e-07 9.447626e-08 2.8806517e-06 1.9884443e-05 1.7186916e-05 0.0012595376 1.9910085e-06 0.0002471264 1.756192e-05 4.336229e-05 1.0771084e-07 2.6915875e-06 3.2699234e-06 2.0834632e-06 1.0528001e-06 4.9258483e-06 1.899891e-05 1.9910249e-05 1.9335843e-07 1.4824295e-06 1.5056622e-06 2.0834423e-05 1.0458741e-06 1.5825856e-07 2.3520054e-06 3.4347076e-07 3.6600943e-06 1.1662806e-06 5.9154644e-07 2.7266415e-08 5.180994e-07 2.5370959e-05 1.5125921e-06 8.221716e-06 1.7517341e-07 4.0878547e-07 9.3467486e-07 7.493371e-08 3.217429e-08 8.026643e-06 6.154516e-08 1.00758584e-07 2.693431e-08 8.979122e-08 1.4543377e-06 3.2251572e-07 4.773339e-10 5.779472e-08 2.8570378e-08 1.8688824e-09
0.00639164 0.12937938 0.009451782 0.81922114 0.9998699 1.4042044e-13 0.22313517 0.99946934 0.05041562 0.00020633044 0.59255195 0.14590788 0.0024382803 0.0017822643 0.0007809997 9.555865e-06 2.5985943e-05 0.0020274722 1.0135085e-06 0.0040918025 0.0012653148 0.0024795502 1.2500576e-05 0.00011117486 0.00016516434 2.1058322e-06 4.7888494e-05 7.805287e-05 1.159492e-05 8.067132e-06 2.0108668e-05 3.167489e-05 0.0007276271 0.0001236539 8.119392e-06 2.280403e-06 2.0370902e-07 7.474019e-07 3.305592e-06 1.1748703e-07 4.9982635e-08 8.563851e-07 5.5449105e-05 6.1746306e-07 3.7089728e-07 1.6789462e-06 3.0630812e-07 1.05109e-07 5.628332e-07 1.0019023e-06 4.777525e-06 3.1139787e-06 9.328141e-08 1.4438273e-05 1.0943548e-06 1.1276019e-06 3.1556126e-05 1.0718655e-06 0.00022233602 2.85055e-06 1.1206625e-06 1.3562009e-06 8.310527e-08 4.4033766e-07 4.541348e-07 2.427027e-06 4.6450722e-07 2.510742e-05 1.8236003e-06 2.1756736e-07 1.0167971e-06 1.1596396e-06 2.9187136e-06 2.2628775e-07 4.2932493e-07 1.3629899e-06 7.830733e-07 1.0867758e-08 1.8242167e-07 2.0105925e-07 9.4677034e-08 6.556811e-08 7.1639442e-06 5.003636e-07 2.9794734e-07 1.8075013e-08 1.117715e-07 1.1476797e-07 5.260944e-08 1.00684616e-07 1.1857716e-06 9.2711286e-07 1.3288596e-07 2.7722313e-09 6.476875e-08 3.3144164e-07 7.8406117e-07 6.871623e-08 6.820736e-08 5.507817e-09 1.08639965e-10
0.8131694 0.42625394 0.024023818 0.964977 0.6038492 0.22313517 9.6797977e-14 0.16613063 0.32742724 0.0053992295 0.9912813 0.68952996 0.97373086 0.42373568 0.016966186 0.017496476 0.00010906218 0.7478356 0.0027739268 0.69901836 0.37927645 0.31185463 3.095962e-05 0.094357915 0.0048910757 0.00013496207 0.00012959856 0.052567597 0.000108591106 0.00010620121 4.5021625e-05 0.022826169 0.11983423 0.007016413 0.002180024 0.00083317596 1.9034536e-06 2.8804566e-06 1.2259834e-05 1.5167595e-06 1.005709e-05 3.6464926e-06 3.0348068e-05 2.2302502e-05 1.34950415e-05 0.00039220866 2.672895e-07 2.4350045e-06 4.020289e-07 6.6727935e-08 3.505897e-05 3.422172e-05 2.1739105e-07 0.00047213817 3.5777678e-06 1.0404204e-06 0.00067020423 2.9660129e-07 0.0045324336 2.4940224e-05 7.64001e-07 4.2907075e-07 5.29597e-08 5.8334535e-07 3.4166672e-07 3.835e-06 3.477439e-07 1.7660408e-05 7.192089e-07 2.2877227e-07 1.6514292e-06 8.8867644e-05 8.721338e-07 2.5239494e-06 1.2274434e-07 5.616409e-08 3.024042e-07 1.3737342e-07 5.48777e-08 1.2559013e-06 2.176245e-08 3.94495e-08 1.4491279e-06 6.794857e-08 2.6402147e-06 2.7007192e-07 1.848185e-08 3.5337914e-07 2.91256e-08 3.7655488e-07 3.9931405e-05 2.8056402e-07 1.4642262e-07 1.5787032e-08 1.1649418e-07 5.7753173e-06 3.0191836e-07 8.443422e-09 7.592015e-07 6.1172294e-08 3.7743195e-08
0.0006769504 0.01579165 0.0043500285 0.4890428 0.5123018 0.99946934 0.16613063 4.0307476e-14 0.013228379 0.0001412859 0.4718032 0.8915938 0.0073588095 0.011311147 0.9976911 0.00047035105 1.2434302e-05 0.0013511031 1.1178888e-05 0.00284827 0.00063654006 0.00093135564 3.330889e-06 0.0002913738 0.000106823165 1.5537283e-06 9.939031e-06 4.040253e-05 1.1787232e-05 2.323161e-06 1.5735596e-06 1.139922e-05 0.00020669302 1.6171518e-05 1.5263839e-05 6.5183494e-06 1.389306e-07 2.2208383e-06 1.1852154e-06 1.3134317e-07 1.452019e-08 1.8009697e-08 6.739498e-06 4.2474178e-07 2.0960974e-07 6.4863143e-06 6.3959106e-07 4.015584e-07 2.263876e-06 1.4420582e-06 3.0397905e-06 1.8265453e-06 4.1594003e-08 7.45811e-06 1.1252536e-06 6.4708506e-06 9.823284e-06 6.4458623e-06 1.6999957e-05 2.2948244e-07 5.1174163e-07 2.978871e-07 3.8268308e-08 6.143723e-07 2.9799352e-08 6.157625e-07 7.569025e-07 1.8685594e-06 2.8133716e-06 8.685949e-08 3.033597e-07 5.7982066e-07 1.9803083e-07 5.6139646e-07 2.789882e-07 1.0565518e-06 1.1448511e-08 2.609718e-07 2.1509229e-07 2.6959906e-08 7.868549e-08 7.569112e-09 6.526255e-08 6.513996e-07 2.3521982e-06 5.717403e-08 8.65629e-09 4.5968525e-07 2.000049e-09 5.437571e-08 2.4140547e-07 4.4764594e-08 6.1340977e-09 3.4618328e-08 6.474306e-08 2.0853377e-06 8.6658424e-08 2.3226345e-09 3.4721103e-07 6.6906286e-10 4.721903e-11
0.93812406 0.96227473 0.89961964 0.9029103 0.9463982 0.05041562 0.32742724 0.013228379 2.6811152e-11 0.9323118 0.03830646 0.14566025 0.013249477 0.00076496345 0.00047508258 1.238197e-06 0.38609377 0.5960765 2.0910522e-05 0.62400323 0.041229833 0.9812975 0.011739869 0.0014945088 9.12826e-06 2.2492519e-05 0.046599813 0.006250277 7.611724e-06 0.0004688414 0.0018828824 0.00830135 0.18298696 0.5741378 0.0003202271 8.2205595e-05 2.8060847e-05 2.9648309e-05 0.0016751607 1.17296e-06 2.661076e-05 1.4206331e-06 0.00023111199 3.7130747e-05 8.121897e-07 0.00033188716 3.879314e-06 6.603065e-06 9.842433e-06 3.5213438e-07 8.541682e-05 2.4757563e-05 4.3082977e-07 0.0034767864 8.896036e-06 6.8292724e-07 0.0083668735 2.6613552e-05 0.015429471 0.0003947265 2.6792499e-05 1.036298e-06 4.0757794e-07 1.3665157e-06 1.4525676e-06 3.444194e-05 4.867246e-07 0.00013807212 1.1210104e-05 2.6677028e-05 9.94995e-07 0.0002369013 2.4138903e-06 8.987686e-07 1.6072586e-06 1.6143981e-07 2.6501666e-06 1.7615007e-07 1.5260899e-07 1.6216398e-05 6.086211e-07 6.6504094e-07 1.4105574e-05 2.1143928e-06 1.1123407e-05 6.204589e-05 2.2044142e-07 6.0198437e-07 2.0087103e-07 2.640784e-06 0.000105178166 1.308197e-06 7.3924343e-07 1.1184807e-07 1.0235726e-06 0.00018864142 2.1790304e-06 6.0215666e-07 2.7382741e-06 4.4161737e-07 7.3722566e-07
0.38815784 0.6777328 0.9930512 0.07783979 0.09178736 0.00020633044 0.0053992295 0.0001412859 0.9323118 3.8022567e-14 0.00037444071 0.00036519984 0.00015832462 5.0099537e-05 1.50916785e-05 1.041883e-06 0.99895704 0.036495514 8.484877e-06 0.025795344 0.0020903575 0.47324198 0.03945376 0.00033179476 6.788222e-05 1.6471603e-06 0.22953874 0.0012554124 2.2320442e-05 0.008171934 0.009318851 0.0015908411 0.014487314 0.27382296 0.00021954381 8.4610765e-05 0.00032972643 0.0015354139 0.005333302 2.369521e-08 4.3875076e-08 3.9062496e-07 0.000148558 9.8265355e-06 9.986769e-07 0.00022751698 0.0002456215 9.9731636e-08 5.9257134e-05 4.26231e-05 2.7113414e-05 3.123784e-05 9.212044e-07 0.00061707577 6.5293425e-06 4.834095e-06 0.0046809376 3.2942405e-06 0.003269191 0.0005970472 0.00011688808 1.0148509e-06 9.070829e-06 7.445304e-06 1.12062025e-05 1.48194395e-05 3.1771538e-06 3.105768e-05 6.694603e-05 7.4294435e-06 6.087706e-06 4.454783e-06 3.2021533e-05 1.6134316e-05 2.39333e-05 2.8491593e-07 3.3786174e-07 9.2050533e-07 7.9977326e-07 8.18454e-08 1.8125046e-07 2.6649477e-06 3.119078e-05 8.596635e-06 9.3523295e-07 3.8338024e-07 8.79439e-06 4.0630057e-06 3.0595191e-07 2.3378586e-06 6.140463e-06 6.5792605e-08 7.426125e-07 1.1749555e-07 3.745662e-08 2.4866527e-05 7.15299e-07 9.2873575e-09 2.974644e-07 1.3286333e-08 1.3552628e-07
0.6121424 0.07893077 0.005188565 0.78675413 0.7288844 0.59255195 0.9912813 0.4718032 0.03830646 0.00037444071 6.6855575e-12 0.9721646 0.97196823 0.9586533 0.05764713 0.4233397 1.0979566e-05 0.20063101 0.04305707 0.4314778 0.20177297 0.07517224 2.6471393e-05 0.116809756 0.006939704 0.00077534025 4.9116796e-05 0.04962053 0.0002628565 5.373107e-05 6.6332277e-06 0.028947826 0.047924217 0.0006959121 0.0011667832 0.0007282085 1.1182907e-07 1.1451285e-06 5.518624e-06 5.0927036e-05 0.00017986064 1.6164147e-05 3.2090973e-06 0.00013808016 3.6300622e-05 0.00029100894 4.0639918e-07 9.583067e-05 7.4540526e-07 5.6511492e-08 4.1673637e-05 5.901727e-05 7.9028223e-07 0.000262468 0.00011218078 1.9091385e-06 0.0004888371 3.0197987e-06 0.0014702698 3.3627504e-05 1.1735642e-06 1.9759648e-06 2.1530006e-08 1.1077458e-06 2.0351153e-07 1.4801163e-05 3.9652805e-06 0.000105559106 2.3311707e-06 9.611485e-07 3.102464e-07 0.0002598063 1.0525763e-06 4.7545606e-07 3.5283225e-07 1.449582e-07 1.7164378e-07 5.984583e-07 2.9669761e-06 2.4276521e-06 1.3681287e-06 1.4544395e-07 1.6913722e-06 7.612895e-07 6.0418963e-05 1.0346751e-05 1.228727e-07 6.1904444e-07 1.5260394e-08 2.627228e-07 4.0937535e-05 6.003868e-08 1.6992888e-07 3.9027603e-09 4.4333862e-07 2.4433499e-05 1.4761761e-07 1.4001448e-09 2.527118e-05 2.0673008e-08 1.80903e-07
0.36306882 0.02044315 0.0016052788 0.46442398 0.030855669 0.14590788 0.68952996 0.8915938 0.14566025 0.00036519984 0.9721646 4.459715e-11 0.5443217 0.97812116 0.9992226 0.01856984 8.370801e-05 0.15619062 0.0021505123 0.3038427 0.14691402 0.06256998 3.2485033e-05 0.052435566 0.01747193 0.00044975302 0.0002375472 0.046269674 0.00092986546 0.00012520041 2.58571e-05 0.0112009365 0.028192377 0.0007754826 0.0012020278 0.0006335453 8.0055156e-07 5.3613576e-06 4.897433e-05 7.407307e-06 2.5479965e-06 7.720984e-05 2.9523511e-05 0.00011029486 4.8979742e-05 0.00038319326 4.106017e-06 1.4387033e-05 2.7458276e-05 1.3306388e-05 6.723485e-05 0.0001827488 1.7278628e-06 0.00024677077 9.636253e-06 2.3329142e-06 0.00030099569 2.0433496e-05 0.0014561407 2.6227144e-05 2.062545e-06 8.058289e-06 8.643377e-08 3.0146753e-05 1.6710862e-07 1.9322913e-06 1.4071782e-05 0.0011187383 2.0389969e-05 8.475831e-07 9.958324e-07 9.873776e-06 7.2121966e-06 3.7176952e-07 9.714554e-06 8.499811e-06 1.1269815e-06 4.4162894e-06 2.5530217e-06 2.5929367e-06 1.6194103e-06 4.3845074e-07 1.9086061e-05 7.8814776e-07 1.2467466e-05 1.2174564e-06 3.8685462e-07 2.926119e-06 6.9469735e-07 1.8340832e-07 7.8493995e-06 6.0861476e-07 5.2955886e-07 4.1130654e-09 3.182973e-08 4.2589174e-05 2.6140073e-05 1.3677563e-07 3.7668045e-08 9.3137416e-08 7.755435e-10
0.9376689 0.0049164956 3.8290524e-05 0.13073713 0.15508835 0.0024382803 0.97373086 0.0073588095 0.013249477 0.00015832462 0.97196823 0.5443217 1.6982427e-12 0.18702596 0.0062182723 0.07008267 2.5978114e-05 0.96055347 0.16477612 0.80392325 0.74363846 0.27208337 1.4625836e-05 0.5684569 0.044444345 0.004228064 0.00011862434 0.4472401 0.0010020385 2.2739734e-05 2.7280577e-05 0.2217129 0.32669708 0.009370883 0.022369498 0.00814009 9.0512906e-08 5.394348e-07 1.5457761e-05 2.2857645e-05 3.464989e-05 3.0642062e-05 2.4790345e-06 0.00018421795 0.00013118052 0.0031942388 8.9196696e-08 9.184319e-06 5.3427623e-08 2.2591934e-08 0.0003076051 0.00012915561 4.404878e-06 0.0017533062 2.849915e-07 7.480875e-08 0.0014016359 3.9113e-09 0.010541706 1.3312532e-05 2.4526648e-07 1.2541144e-06 4.362008e-08 7.776959e-06 4.7233783e-08 1.1144659e-06 1.7995775e-06 6.6468615e-06 1.7416116e-05 7.7934786e-08 1.8816804e-07 2.4940604e-05 1.5269349e-06 3.5107544e-07 4.5959997e-08 3.0446836e-07 2.8872896e-07 2.168384e-07 3.6600245e-08 7.3833945e-07 1.2736034e-07 9.382135e-08 5.8913542e-06 1.468602e-07 3.3269112e-06 1.7654699e-07 3.935991e-08 3.8242567e-07 5.4078967e-08 3.0681562e-07 7.847812e-06 1.7833088e-07 1.4703048e-07 9.395579e-09 1.7201558e-07 2.8608222e-06 6.7996314e-07 5.0519633e-09 1.2344988e-07 1.6179792e-08 8.1872095e-08
0.021200668 0.0033413405 0.00014693328 0.042779185 0.0007499427 0.0017822643 0.42373568 0.011311147 0.00076496345 5.0099537e-05 0.9586533 0.97812116 0.18702596 8.933497e-11 0.9794839 0.99980956 1.2736095e-05 0.015881361 0.0024234273 0.007332689 0.008025862 0.0005118888 1.4075183e-06 0.051397733 0.004246088 0.00083198247 1.6897577e-05 0.005641791 0.00016070795 8.347471e-06 6.0901684e-06 0.0016551377 0.0014219983 1.5967651e-05 0.00016469343 0.00014551355 2.4257253e-07 6.7206925e-06 1.2401871e-06 2.5548958e-05 1.510579e-05 1.3301123e-05 9.8314285e-06 3.2577733e-05 1.5955578e-05 4.0888997e-05 1.705129e-06 8.412242e-06 5.207742e-06 4.9177026e-05 8.77349e-06 6.452935e-06 1.3015488e-05 2.6082624e-05 2.3489367e-06 7.3790725e-05 2.6090685e-05 0.0001505091 0.00032799772 3.6786378e-06 5.5248806e-06 2.985166e-06 3.3713948e-07 2.0893547e-06 2.3448439e-07 1.6655803e-06 2.3857244e-06 5.2762567e-05 1.3232725e-05 3.7046583e-08 2.6195262e-06 6.447996e-06 4.755597e-06 1.3462552e-06 4.6679847e-06 9.535633e-07 3.861425e-07 6.684179e-07 3.3109586e-06 2.2435671e-08 1.8407947e-07 4.2415928e-07 0.000100882666 1.6970895e-05 2.8439015e-05 5.03662e-06 4.7331278e-06 1.6540986e-05 4.4578445e-07 2.1962138e-07 1.6680315e-06 6.593082e-07 1.1861868e-06 1.1701761e-07 1.02134685e-07 4.521584e-06 1.972194e-06 3.6517125e-08 8.821194e-06 7.4519946e-08 5.25973e-08
0.004070167 0.000110313464 8.235484e-05 0.008038663 0.00068394217 0.0007809997 0.016966186 0.9976911 0.00047508258 1.50916785e-05 0.05764713 0.9992226 0.0062182723 0.9794839 4.7709133e-12 0.2509597 9.422077e-07 0.00087865314 0.00023900399 0.0014584282 0.0015079575 0.00036666731 6.0205844e-07 0.002129925 0.0005875686 7.071625e-05 1.0202187e-05 0.00043832514 2.0136167e-05 2.906816e-06 9.733374e-07 0.00020888807 0.00018696928 6.401051e-06 3.8651135e-05 2.910149e-05 1.5338449e-07 3.7139637e-07 2.8450378e-07 5.2606856e-07 1.3382121e-05 1.138477e-05 3.4611296e-06 1.5256547e-05 8.114701e-06 1.466444e-05 6.467666e-08 3.4757797e-06 1.1493211e-06 1.1564385e-07 6.06233e-06 8.405755e-06 2.361688e-06 4.4179747e-06 1.4014556e-05 1.8159503e-06 9.3540433e-07 8.090056e-05 5.1678828e-05 4.1321692e-07 1.1051569e-07 1.1534365e-06 3.3816636e-07 1.3276942e-05 4.546882e-07 1.2494772e-07 5.009371e-05 6.296613e-05 2.3824596e-06 1.7128874e-09 1.2402904e-07 5.4195284e-06 2.0400541e-06 5.425354e-07 1.1356841e-06 5.6860667e-06 4.4164278e-10 1.9008958e-06 9.335627e-06 9.614079e-09 4.166209e-06 8.62036e-08 5.0383955e-05 1.7478413e-05 9.120437e-06 7.9086277e-07 1.7908015e-06 3.2660712e-06 1.0885628e-07 3.5856905e-07 8.948139e-07 1.4029143e-07 4.9083735e-07 1.8561515e-08 3.0624236e-07 1.1210093e-05 9.784254e-07 6.6342616e-09 1.9254153e-06 7.8266293e-10 3.5083079e-09
0.057830177 2.1053202e-06 2.6038333e-07 0.00020212308 2.3218406e-06 9.555865e-06 0.017496476 0.00047035105 1.238197e-06 1.041883e-06 0.4233397 0.01856984 0.07008267 0.99980956 0.2509597 9.268763e-12 4.6069903e-07 0.003929106 0.9998155 0.00089557975 0.0015791618 5.008401e-05 1.9741565e-08 0.030113049 0.004185113 0.003945033 3.3803607e-07 0.010164444 0.0010366491 4.8485623e-07 4.5462073e-08 0.0038812386 0.0005093479 1.9385761e-06 0.0016097284 0.0011978189 6.408002e-08 1.04528624e-07 1.8790917e-08 1.7975597e-05 0.00013483432 7.670179e-06 1.3626618e-07 6.5041946e-05 3.4893157e-05 0.00013442693 1.1943846e-08 3.705643e-05 3.3950025e-09 1.0499715e-08 3.053066e-05 2.5729163e-05 1.5046431e-06 5.0385108e-05 4.4784174e-05 7.189929e-07 2.786679e-06 1.6512182e-06 0.0002378371 4.6137234e-08 1.395243e-08 5.716457e-07 7.2387705e-09 5.009829e-07 2.268914e-08 3.641002e-08 9.601619e-07 3.5608773e-06 4.5838726e-07 3.0956928e-09 7.576294e-08 2.363687e-06 1.2115679e-06 2.4992547e-08 1.6195239e-07 2.2686125e-07 1.4795212e-10 4.545074e-07 4.1464e-07 1.0888231e-09 2.0031607e-07 1.6446315e-08 5.24725e-06 4.5899662e-07 1.004678e-06 2.5140807e-06 2.3965617e-07 2.0855446e-06 1.1595797e-08 9.6039116e-08 1.6323412e-07 1.7935653e-08 5.840595e-09 4.0712203e-10 9.7506124e-08 2.381611e-05 1.2342814e-08 6.272794e-11 4.556313e-06 6.0458977e-10 2.711372e-09
0.51755214 0.0053016637 0.012742917 0.0006531601 0.002799182 2.5985943e-05 0.00010906218 1.2434302e-05 0.38609377 0.99895704 1.0979566e-05 8.370801e-05 2.5978114e-05 1.2736095e-05 9.422077e-07 4.6069903e-07 3.2923634e-13 0.02798509 4.190948e-06 0.06412851 0.0011446706 0.62932855 0.9991231 0.0002259877 3.702771e-05 7.5596154e-06 0.7082165 0.0009849232 2.2395474e-05 0.043077063 0.07676274 0.0016639467 0.021936791 0.49345475 0.00016266064 0.00010424556 0.014469904 0.00286955 0.027483936 9.709431e-08 2.5112902e-07 1.6288789e-06 0.001030415 4.3742537e-05 5.057254e-06 0.0004175314 0.00034037285 5.443127e-06 0.00030207896 0.00010823285 0.00025903195 0.00021082496 4.9267883e-06 0.0018384861 7.6843724e-05 7.507968e-05 0.0075363647 2.7402712e-05 0.0047784275 0.0007927269 0.0003288327 6.9164757e-06 0.0001393892 2.8567534e-05 7.330116e-05 0.00018700602 8.462461e-06 1.4864876e-05 0.00024153368 5.3927684e-05 7.0890186e-05 1.4388666e-05 7.634577e-05 8.945204e-05 0.00023002177 2.69235e-06 3.7921466e-06 2.4852768e-06 9.660263e-07 6.769807e-06 1.7171949e-06 6.867775e-05 5.8414036e-05 6.174257e-06 2.3497263e-05 3.2039143e-06 1.6093623e-05 1.0759289e-05 1.958985e-07 1.1264319e-05 1.766531e-05 2.4870062e-07 1.1099008e-06 1.1583293e-07 3.7365197e-07 4.8981703e-05 2.9091677e-06 1.5733322e-07 1.658239e-06 3.7826888e-07 3.5854134e-07
0.86964977 0.054489948 0.0013168702 0.31116137 0.069345854 0.0020274722 0.7478356 0.0013511031 0.5960765 0.036495514 0.20063101 0.15619062 0.96055347 0.015881361 0.00087865314 0.003929106 0.02798509 1.7632291e-10 0.0691068 0.9796098 0.9921128 0.42314854 0.0009837812 0.92398673 0.19243124 0.011652959 0.0018400042 0.29266995 0.008636696 0.0004672838 0.00035536752 0.093948245 0.4976345 0.016595865 0.004633797 0.0015455448 2.4633719e-06 4.8508562e-05 6.6870096e-05 0.0017975981 6.075153e-05 0.00012731693 0.00017702606 0.0006061943 0.000112264686 0.0013919496 9.15038e-06 3.1678454e-05 1.76658e-05 1.3246323e-07 0.00037918304 0.00037230903 1.532022e-05 0.0035644062 1.2616481e-06 7.2161976e-07 0.0025854132 1.2106451e-06 0.010207891 0.0001109155 1.1323439e-05 6.7787965e-05 1.325465e-07 1.9966188e-05 7.262086e-07 2.9593986e-05 1.6508615e-05 1.4787075e-06 0.0001121598 4.5408956e-06 2.2453867e-06 3.8635506e-05 1.1810007e-05 2.5052694e-07 1.2085271e-06 3.403217e-07 7.068584e-07 1.9095907e-07 7.5587246e-07 6.682914e-06 2.4870217e-06 3.5900976e-07 3.2413034e-08 2.5524666e-06 8.9996513e-07 1.3463477e-06 2.5550125e-07 1.0124352e-06 4.9407174e-07 2.1883527e-07 1.503518e-05 1.3816134e-07 4.2804e-07 2.9623632e-07 5.9864185e-08 4.9115697e-06 2.745999e-06 1.88049e-08 3.992992e-07 3.4774178e-08 1.7431242e-08
0.96656 9.700736e-07 4.332116e-07 1.6411012e-05 5.2503487e-06 1.0135085e-06 0.0027739268 1.1178888e-05 2.0910522e-05 8.484877e-06 0.04305707 0.0021505123 0.16477612 0.0024234273 0.00023900399 0.9998155 4.190948e-06 0.0691068 3.577482e-13 0.0051588984 0.057264905 0.00024809124 1.081795e-06 0.94737166 0.6050785 0.81655794 1.62677e-05 0.79020905 0.41456905 4.4243625e-06 2.6478867e-07 0.48754314 0.031062793 4.324921e-05 0.505704 0.41591066 7.054842e-08 2.5410475e-07 5.322809e-07 0.003966658 0.017954146 0.008780706 7.6398203e-07 0.01613381 0.008880975 0.07443153 2.1961224e-08 0.001701483 6.0230194e-09 1.2890924e-08 0.004196936 0.0015744003 0.000678753 0.0058240346 3.4715177e-07 1.5022867e-07 1.547443e-05 1.6016873e-08 0.00912628 4.3968342e-07 2.6452476e-08 7.520605e-06 1.680944e-08 0.00034840935 1.9486578e-08 5.8413004e-08 0.00014039577 1.8912751e-05 0.00010632676 8.204053e-10 3.178138e-08 3.7764315e-05 9.662599e-06 3.9269327e-08 8.480938e-06 1.11962045e-05 1.1070445e-08 1.5185535e-05 6.3165146e-07 4.9125298e-08 1.764746e-07 8.097496e-07 8.892338e-06 5.0796143e-06 2.7995648e-07 4.315093e-06 2.5267361e-06 8.3866735e-06 2.758665e-07 1.28751e-06 1.9692233e-07 5.0938445e-07 5.8308476e-08 1.9291683e-08 1.8961114e-07 1.3042251e-05 4.9060777e-06 2.6850022e-09 4.6215516e-07 5.902022e-08 9.469401e-08
0.95719695 0.18330741 0.03587964 0.42425358 0.48927844 0.0040918025 0.69901836 0.00284827 0.62400323 0.025795344 0.4314778 0.3038427 0.80392325 0.007332689 0.0014584282 0.00089557975 0.06412851 0.9796098 0.0051588984 2.3749755e-10 0.9656001 0.9729262 0.0032681609 0.06838421 0.012070638 0.0010654313 0.01448755 0.38024306 0.00038144225 0.001566111 0.0036607233 0.15261398 0.8943537 0.20300472 0.0041775685 0.00090301625 2.9470275e-06 0.00012787315 0.00050059304 6.375637e-05 6.9975317e-06 3.1169904e-05 0.00011680172 0.00015250767 2.0524134e-05 0.0025482408 4.4062705e-05 1.4319481e-05 5.805798e-05 5.718243e-06 0.0005121039 0.0002498926 4.6530463e-06 0.0075556845 1.6301983e-06 1.9779265e-05 0.009985985 3.2205912e-06 0.029541941 0.0004057869 0.00010108935 2.2492304e-05 5.99528e-06 1.4037615e-05 5.178001e-05 0.00017695533 5.6954614e-06 1.8014947e-05 0.00028684063 7.3429937e-06 1.1486181e-05 2.28817e-05 1.0974028e-05 1.499562e-06 1.6477684e-06 2.3682785e-06 7.118044e-06 1.6806435e-07 5.6342066e-07 1.0107889e-05 2.6465761e-07 3.0010767e-06 3.7541605e-07 3.9664852e-07 4.2525895e-07 4.43983e-07 1.0351544e-06 7.9998915e-07 2.88797e-07 4.509214e-07 2.3679095e-05 5.7370883e-08 2.7092076e-06 1.1799475e-06 9.634557e-07 4.5408437e-06 5.938563e-06 1.7486762e-07 1.2866931e-07 2.922032e-07 4.2949875e-08
0.93405217 0.014736312 0.000591845 0.059894506 0.0470278 0.0012653148 0.37927645 0.00063654006 0.041229833 0.0020903575 0.20177297 0.14691402 0.74363846 0.008025862 0.0015079575 0.0015791618 0.0011446706 0.9921128 0.057264905 0.9656001 3.9401916e-11 0.21877903 0.00017999964 0.9112781 0.18076363 0.01057953 0.0008714625 0.9184058 0.00857441 0.00014126528 0.00014717394 0.34859753 0.8661356 0.018190123 0.0716089 0.029712778 4.5083542e-07 7.756465e-06 2.3841383e-05 0.0031390383 7.560996e-05 0.00046354215 1.9633804e-05 0.0009575918 0.00022462072 0.006883437 1.0161971e-06 2.435468e-05 1.8881797e-06 2.6638649e-08 0.0021389627 0.0009325759 9.2591305e-05 0.00869517 4.0741625e-07 8.652371e-07 0.0018752547 2.2183691e-07 0.025271423 9.4796436e-05 4.6802743e-06 9.21627e-05 4.3298623e-08 6.64549e-05 1.2271408e-06 8.413904e-06 2.3656228e-05 4.74768e-06 0.00024220374 2.5203641e-07 3.7503568e-07 7.995605e-05 4.4284636e-05 1.5840926e-07 2.7103265e-06 4.552968e-06 6.570047e-07 1.0563987e-06 1.7125652e-06 1.3405439e-06 6.0576376e-06 7.4037365e-07 9.2583616e-07 3.1823056e-06 6.3808166e-08 7.534715e-07 4.420107e-06 1.2284335e-06 3.9842357e-07 3.9884551e-07 9.457502e-07 4.7857878e-08 9.727954e-07 4.0858332e-08 6.4299144e-07 9.751939e-07 4.223294e-06 2.992403e-08 1.5049732e-08 1.3905088e-08 3.611228e-08
0.9770858 0.39604008 0.4860536 0.40688995 0.5455192 0.0024795502 0.31185463 0.00093135564 0.9812975 0.47324198 0.07517224 0.06256998 0.27208337 0.0005118888 0.00036666731 5.008401e-05 0.62932855 0.42314854 0.00024809124 0.9729262 0.21877903 1.2431578e-12 0.10005552 0.006571163 0.0017766997 0.00038752376 0.5387079 0.035108656 0.00017563571 0.017515581 0.06500563 0.0298906 0.9071384 0.9194146 0.00093741016 0.00025270157 0.00010998069 0.0019023557 0.00959389 2.45727e-05 1.0187399e-05 2.3519797e-05 0.0005250176 7.3307594e-05 1.2421633e-05 0.0014280846 0.00037596625 3.6492934e-06 0.00066485774 2.6225995e-05 0.0005302996 0.00020746797 1.8518022e-06 0.011223016 1.056484e-05 7.4698444e-05 0.05827269 9.059237e-06 0.082277 0.001955106 0.00029173752 4.6241817e-06 1.783319e-05 6.7702326e-06 0.00013625248 0.0009168856 2.1790927e-06 3.04428e-05 0.00036949487 2.648695e-05 2.3613109e-05 1.1186544e-05 1.380997e-05 1.5557982e-06 7.4336214e-07 5.628616e-07 2.6503298e-05 3.8591555e-08 1.9329703e-07 4.9368795e-05 4.317919e-07 6.5485874e-06 2.424756e-07 4.4875023e-07 9.1064044e-07 2.0394363e-07 6.0054344e-07 5.4802837e-07 1.1009911e-07 2.1168209e-07 2.0438894e-05 6.34637e-08 4.044781e-06 7.251691e-07 2.8014102e-07 8.299162e-06 5.499666e-07 4.0029855e-07 2.53209e-07 3.534066e-08 2.8047998e-07
0.8941887 0.000592057 0.0016787774 0.00016221526 0.00052835763 1.2500576e-05 3.095962e-05 3.330889e-06 0.011739869 0.03945376 2.6471393e-05 3.2485033e-05 1.4625836e-05 1.4075183e-06 6.0205844e-07 1.9741565e-08 0.9991231 0.0009837812 1.081795e-06 0.0032681609 0.00017999964 0.10005552 4.641845e-12 2.2824786e-06 5.892144e-07 2.6660976e-07 0.9829152 0.00015614885 1.053863e-06 0.8973561 0.45634577 0.00023475752 0.008034275 0.74994355 1.7816123e-05 1.7851738e-05 0.7102901 0.07420949 0.2407626 9.794299e-09 4.3844273e-07 2.3623065e-07 0.2231392 6.990421e-06 3.2802964e-06 6.498144e-05 0.009463688 1.4891721e-07 0.01509279 0.0006226678 3.0323217e-05 8.385658e-06 2.8456836e-07 0.0005645023 0.0004659403 0.00058232684 0.022634132 0.0020644267 0.0066120545 0.002285018 0.0027569914 2.7708916e-07 0.00051347545 3.3669496e-06 0.0004105242 0.0006876174 1.3034946e-06 4.6569156e-05 7.127448e-05 6.875049e-05 3.534833e-05 2.817019e-05 1.7765682e-05 1.1830253e-05 2.2462873e-05 2.8031516e-06 2.1121688e-05 5.6162858e-06 5.2033483e-06 7.921925e-06 4.7003446e-06 2.902513e-05 1.4641411e-05 4.2480374e-07 2.2999402e-05 1.9072476e-06 1.1906642e-05 5.8460373e-06 5.066404e-07 4.0806174e-07 2.661368e-05 2.3225019e-07 6.770575e-06 6.3721114e-07 2.0333488e-08 8.236533e-06 2.285941e-05 3.033665e-08 1.1301333e-07 2.0685075e-08 1.0826217e-06
0.8462978 0.00012985441 3.853874e-06 0.002806102 0.0001883281 0.00011117486 0.094357915 0.0002913738 0.0014945088 0.00033179476 0.116809756 0.052435566 0.5684569 0.051397733 0.002129925 0.030113049 0.0002259877 0.92398673 0.94737166 0.06838421 0.9112781 0.006571163 2.2824786e-06 3.642926e-12 0.99846476 0.6672577 0.00013695793 0.88801014 0.19295987 3.7939393e-05 2.0974874e-05 0.41142997 0.2750882 0.0043500033 0.34789285 0.38835767 2.0256157e-07 3.4344964e-06 7.0960427e-06 0.0028073185 0.00080228853 0.0001430232 9.486269e-06 0.003102377 0.0018181261 0.016447455 1.9870063e-06 1.9840458e-05 2.0377604e-07 4.292858e-08 0.00052934635 0.0004565255 2.6835945e-05 0.0024061461 4.41124e-07 7.2790364e-08 0.0021398237 3.1225877e-08 0.0055592647 5.366997e-05 3.1181035e-06 1.5756943e-05 2.2449359e-07 4.621845e-06 2.3610082e-06 1.1008326e-05 2.0730944e-05 0.00013142558 6.4706306e-05 2.9590765e-07 3.2978852e-07 2.6197275e-05 3.4375127e-05 6.2320686e-07 6.260418e-05 7.251709e-08 1.4671812e-07 1.5358634e-07 1.0348867e-06 1.8390004e-06 5.0309103e-07 8.638614e-08 1.2920272e-07 8.5551356e-08 2.5355225e-06 9.49073e-06 1.5489474e-07 2.0148373e-06 8.990845e-08 3.3337156e-07 1.6639236e-05 1.6913697e-07 1.2682311e-06 8.100732e-09 1.0429263e-07 6.6925245e-06 3.4622873e-05 1.3107152e-07 2.4411591e-08 3.620946e-06 7.70372e-09
0.9066153 9.4249626e-05 1.2102375e-06 0.00027832718 6.7538436e-05 0.00016516434 0.0048910757 0.000106823165 9.12826e-06 6.788222e-05 0.006939704 0.01747193 0.044444345 0.004246088 0.0005875686 0.004185113 3.702771e-05 0.19243124 0.6050785 0.012070638 0.18076363 0.0017766997 5.892144e-07 0.99846476 4.005736e-12 0.97178847 3.2675904e-05 0.8955099 0.8780203 6.3473267e-06 2.1873482e-06 0.47371972 0.25982457 0.0019166007 0.5899028 0.6448957 3.5457397e-08 2.6360698e-07 3.4397049e-06 0.02180141 0.0023103706 0.005208552 4.576982e-06 0.04711966 0.016739342 0.09668094 2.6242267e-08 0.00024590225 2.28072e-08 1.1462948e-09 0.0094146235 0.005551085 0.00071939215 0.010206318 1.3910028e-07 4.4012115e-08 0.0014272676 6.13301e-09 0.013813311 1.0114639e-05 1.5186976e-06 0.00011343582 9.792599e-09 0.0002875097 5.237269e-07 6.73248e-07 8.176727e-05 1.5894997e-05 0.00046465214 1.9775596e-08 8.0876134e-08 7.7683566e-05 6.519398e-05 1.0608362e-07 2.6378251e-05 5.3087033e-06 2.3638963e-08 3.6248916e-06 3.0028118e-06 1.182627e-07 2.1347942e-06 6.482057e-07 2.5607796e-05 7.4728143e-07 3.9878276e-07 6.0059924e-06 1.1636632e-06 4.6055475e-06 3.6438348e-07 2.0085447e-06 1.1695754e-06 8.484108e-08 3.913599e-07 4.365562e-08 7.4271625e-08 1.4534904e-06 9.83979e-07 6.725591e-08 9.716322e-08 7.695251e-08 5.519451e-08
0.501951 5.5831333e-06 1.2142319e-06 6.789831e-06 1.7273586e-06 2.1058322e-06 0.00013496207 1.5537283e-06 2.2492519e-05 1.6471603e-06 0.00077534025 0.00044975302 0.004228064 0.00083198247 7.071625e-05 0.003945033 7.5596154e-06 0.011652959 0.81655794 0.0010654313 0.01057953 0.00038752376 2.6660976e-07 0.6672577 0.97178847 1.3402222e-11 7.389372e-06 0.25075984 0.99704117 6.1023243e-06 3.6063066e-06 0.0701264 0.014121 0.0001865897 0.19497998 0.301241 3.0875054e-07 3.6749593e-06 1.340981e-06 0.8636099 0.95410556 0.12105512 4.199838e-06 0.038745835 0.01587999 0.059957527 8.969542e-07 0.0030374606 6.7623375e-07 1.3997958e-08 0.0036650302 0.002836956 0.0006624949 0.003203786 7.5586418e-06 8.037531e-07 0.00025757827 9.099069e-07 0.00074392924 7.0694095e-06 1.8910018e-06 0.00027358442 2.4684147e-07 9.8398756e-05 2.2576733e-06 1.3893238e-06 5.161165e-05 2.650082e-05 2.7928398e-05 6.1437845e-08 2.485457e-06 0.00017181649 8.626871e-05 2.3456057e-06 8.118804e-06 2.3086677e-06 6.82395e-08 4.508135e-05 7.088451e-05 5.5424277e-08 3.972544e-06 5.7355703e-07 2.370243e-05 2.1702472e-06 7.867138e-06 2.1553471e-06 2.2404029e-06 1.5113859e-05 2.7895537e-06 1.7703803e-06 1.0833203e-05 6.8818696e-07 2.7166354e-06 2.6336298e-07 9.674659e-08 6.455604e-05 1.8904564e-05 1.3321764e-07 1.1239151e-06 8.608743e-08 1.5789419e-07
0.9022659 0.0021317143 0.025259946 0.00033979138 0.0028116992 4.7888494e-05 0.00012959856 9.939031e-06 0.046599813 0.22953874 4.9116796e-05 0.0002375472 0.00011862434 1.6897577e-05 1.0202187e-05 3.3803607e-07 0.7082165 0.0018400042 1.62677e-05 0.01448755 0.0008714625 0.5387079 0.9829152 0.00013695793 3.2675904e-05 7.389372e-06 9.645993e-11 0.0013729539 2.2208564e-05 0.9560449 0.9834272 0.0034677694 0.03969826 0.96615463 0.00053785363 0.00013520272 0.01096815 0.16622639 0.55516917 7.647467e-07 2.5598995e-06 7.299144e-05 0.08712959 0.00011306408 0.00010169969 0.0009767087 0.015432393 8.734823e-07 0.010159245 0.004910474 0.0014161834 0.0006215382 1.4795532e-05 0.00463813 0.00012988747 0.0010566385 0.060908917 0.00022382825 0.017697467 0.0042208647 0.0014270341 7.041003e-06 0.00020642039 5.4041724e-05 0.00024813667 0.0015083263 3.1902506e-05 2.5556343e-05 0.0008239444 0.0002433173 5.8276655e-05 4.6516067e-05 8.7592896e-05 7.4253076e-06 6.045815e-07 8.781132e-06 2.278782e-05 9.419589e-07 2.3822618e-06 7.2353345e-05 7.978367e-07 6.1200284e-05 6.3772364e-07 3.4321258e-06 4.7436884e-06 6.50869e-06 3.1094547e-05 3.8887483e-06 7.483545e-06 7.154416e-07 4.147203e-05 5.0050966e-07 9.466333e-06 4.2760366e-06 5.1396036e-08 7.1061063e-06 1.1335195e-05 7.990752e-08 9.328675e-08 5.6583865e-08 6.467669e-07
0.9397632 0.0016368262 9.215357e-05 0.003367496 0.0013998352 7.805287e-05 0.052567597 4.040253e-05 0.006250277 0.0012554124 0.04962053 0.046269674 0.4472401 0.005641791 0.00043832514 0.010164444 0.0009849232 0.29266995 0.79020905 0.38024306 0.9184058 0.035108656 0.00015614885 0.88801014 0.8955099 0.25075984 0.0013729539 3.6694866e-13 0.7679874 0.00062211615 0.00041477114 0.98546815 0.7564549 0.0027001905 0.9388658 0.3128024 8.361453e-08 0.00012010738 2.2725255e-05 0.0060599814 1.7425567e-05 0.020245159 2.0238182e-05 0.004630813 0.005932425 0.027551174 4.412246e-05 4.1126932e-05 6.607065e-06 1.1867298e-06 0.0018304149 0.0012403078 0.00938262 0.019997451 7.012917e-08 2.490424e-07 0.0023811376 8.035534e-08 0.026018469 0.00017822726 3.0648724e-05 0.0004860097 1.1058997e-06 0.000113901086 5.6687226e-05 0.00011606796 6.854231e-05 1.0163474e-06 0.001157483 8.776104e-07 2.057706e-06 6.2720595e-05 0.000857026 1.5581436e-07 3.1678771e-06 2.5856236e-05 1.2625188e-05 3.7861373e-06 4.7344192e-06 1.068029e-06 2.290256e-06 1.6198963e-05 2.9189612e-06 1.4372688e-05 7.66819e-08 6.0827156e-06 0.00010582167 1.9053242e-06 5.1611964e-06 2.5428633e-07 9.5207224e-07 1.6500358e-08 3.9032648e-06 4.4334048e-08 4.0800785e-08 1.9317736e-06 4.8025495e-06 3.137996e-09 3.751539e-08 4.575672e-08 1.2973995e-09
0.8599735 5.6070917e-06 7.095295e-07 1.2649895e-05 8.5429065e-06 1.159492e-05 0.000108591106 1.1787232e-05 7.611724e-06 2.2320442e-05 0.0002628565 0.00092986546 0.0010020385 0.00016070795 2.0136167e-05 0.0010366491 2.2395474e-05 0.008636696 0.41456905 0.00038144225 0.00857441 0.00017563571 1.053863e-06 0.19295987 0.8780203 0.99704117 2.2208564e-05 0.7679874 6.1133945e-11 1.8538563e-05 6.153131e-06 0.31241557 0.079260066 0.0006389717 0.7594863 0.96633685 1.3110702e-07 4.810835e-07 1.4719913e-05 0.8829927 0.25823528 0.561648 1.4753043e-06 0.7691807 0.31260854 0.54302716 2.1168944e-08 0.007504761 9.258428e-08 7.913184e-09 0.046570424 0.076955676 0.0075040557 0.024535593 4.5699294e-06 8.110349e-09 0.002017364 1.9733612e-07 0.011829932 2.2709999e-05 2.2761747e-06 0.00087976153 9.066378e-07 0.0008776846 1.2110272e-06 2.2001686e-06 0.00071094115 4.7692654e-05 0.0007420773 1.0307032e-07 3.8758417e-06 0.0012097178 0.00041698484 4.7941435e-06 7.923214e-05 3.2350334e-05 3.0888603e-07 6.4493885e-05 2.6289674e-05 7.99028e-06 1.671848e-05 9.494641e-06 0.00016621355 2.5433874e-05 1.3120579e-06 3.6360976e-05 5.2090254e-05 4.1615334e-05 1.3353819e-05 1.6406644e-05 9.726848e-06 8.393526e-07 3.7464445e-06 1.5270885e-07 1.9111413e-07 5.9948998e-05 1.4626939e-05 3.519279e-07 7.3964674e-07 8.9447134e-08 4.431987e-07
0.6720125 0.00012414782 0.00094081246 0.00015769294 0.0005831315 8.067132e-06 0.00010620121 2.323161e-06 0.0004688414 0.008171934 5.373107e-05 0.00012520041 2.2739734e-05 8.347471e-06 2.906816e-06 4.8485623e-07 0.043077063 0.0004672838 4.4243625e-06 0.001566111 0.00014126528 0.017515581 0.8973561 3.7939393e-05 6.3473267e-06 6.1023243e-06 0.9560449 0.00062211615 1.8538563e-05 3.5574572e-09 0.9814097 0.0012118211 0.009069489 0.3738197 0.00019709869 0.00018578181 0.45897767 0.97063875 0.78090125 1.5117506e-07 6.156181e-07 6.477969e-06 0.97411394 4.437036e-05 2.7715416e-05 0.0003322932 0.29686517 3.5131343e-06 0.1949779 0.038901582 0.00017834849 8.86895e-05 9.554199e-06 0.0024488787 0.0034962841 0.018613327 0.024180466 0.043740418 0.007301093 0.0064211222 0.0052487347 1.1460852e-05 0.00068604236 1.2628585e-05 0.0011961368 0.0034178982 4.035909e-05 0.00022688883 0.00024184251 0.0006706764 0.0001402637 6.739836e-05 0.0005297256 5.61818e-05 1.8272309e-05 8.424125e-06 3.669673e-05 2.0655743e-06 5.6307285e-06 6.603263e-05 1.5320445e-06 0.00021034779 1.795822e-05 8.452693e-06 6.532339e-06 5.52973e-06 0.00014055747 1.960127e-05 6.950834e-06 2.3576837e-05 3.914234e-05 1.020932e-07 1.6983946e-05 5.2899486e-06 9.4638935e-08 4.096175e-05 1.4472753e-05 1.3739334e-07 6.232943e-07 5.5347584e-08 7.563916e-07
