1.1804194e-13 0.056091957 0.2569341 0.9727451 0.074984185 0.0016405354 0.96484196 0.7081953 0.0013703735 9.1689384e-05 0.80026555 0.22232094 0.25793752 0.057306968 0.8315671 0.8636931 0.50846624 0.5028878 0.87051755 0.9425418 0.91802144 0.8295021 0.9475562 0.00021984885 0.19477098 0.022626089 0.97940445 0.0039511514 0.64651185 0.92459714 0.88246083 0.2499249 0.95857954 0.7069688 0.98390394 0.9630393 0.9995129 0.9138013 0.968297 0.9748693 0.8926346 0.9991216 0.6898451 0.9586793 0.95507306 0.9367623 0.02278314 0.44145226 0.99811333 0.9976626 0.066579856 0.9135731 0.96617675 0.8043527 0.99754906 0.9999562 0.15709153 0.9988835 0.0068286094 0.49002314 0.027624218 0.8589934 0.50741297 0.8489614 0.8009005 0.9342342 0.97807646 0.98379755 0.9860517 0.9583266 0.9936308 0.13214679 0.9531966 0.829343 0.92090523 0.7716258 0.06915959 0.83476484 0.85453594 0.85397553 0.9232803 0.3542842 0.0021026286 0.9247486 0.9787979 0.5324562 0.9822297 0.04674058 0.32755575 0.35643694 0.021533754 0.13532399 0.69652855 0.008301533 0.19946915 0.14429824 0.0061722915 0.7222006 0.75601465 0.005085436 4.8816575e-05
0.056091957 2.2170618e-11 0.9648281 0.995916 0.99242187 0.9254337 0.06387499 0.034522362 0.0004211544 2.1532793e-05 0.004947723 0.00060831476 6.4029846e-05 6.2070445e-05 0.020012315 0.002410085 0.0011573207 4.9031364e-06 0.0034180675 6.0475453e-05 0.00672019 0.0005225131 0.0036376242 3.6037484e-06 4.3237274e-06 2.994887e-06 0.00010155693 1.4674505e-06 2.6361943e-06 0.0074282866 0.00018737164 5.595084e-06 0.00040887322 2.3426961e-05 0.0015943928 5.229555e-06 0.001073487 2.1335525e-06 4.013622e-06 3.1969263e-05 9.506486e-07 1.1983313e-06 9.898474e-07 3.8077185e-06 9.4916476e-07 2.7603717e-08 9.947549e-07 9.763776e-07 9.054445e-09 8.340308e-06 1.042369e-06 1.8426917e-07 1.5479227e-07 8.907903e-08 3.7396995e-07 4.4515236e-05 2.262924e-06 1.2375123e-06 1.4718704e-07 1.4511062e-07 7.0716175e-07 2.5673021e-08 9.2822624e-08 5.4521e-08 3.2447196e-07 4.0073243e-07 1.4687323e-07 8.5232494e-07 2.8173355e-07 6.234551e-08 3.0077513e-07 4.9693753e-08 3.0561758e-08 3.329468e-07 2.5881522e-07 9.6466145e-08 1.7722048e-06 6.508438e-09 2.356127e-08 7.4144055e-09 9.6151844e-08 2.086529e-08 8.8900144e-08 1.417336e-07 3.9951438e-09 2.8063344e-08 1.0931911e-09 1.3177446e-06 4.8784855e-08 1.4633015e-08 1.505063e-07 1.6594371e-09 2.6811433e-09 2.1066255e-06 4.633071e-08 3.5623952e-08 2.4761516e-08 2.3193287e-08 5.073947e-07 5.6815406e-06 6.560689e-08
0.2569341 0.9648281 2.4316034e-13 0.52846783 0.8870745 0.017855374 0.94944197 0.9968351 0.12817962 0.28040496 0.6610021 0.88418233 0.06808567 0.02620236 0.045075197 0.0015402014 0.00027366533 0.00010490978 0.07588073 0.0063006985 0.08849377 8.75124e-05 0.20939916 3.76191e-05 5.9455333e-06 9.3451945e-06 0.014232431 2.3711747e-05 1.2643039e-06 0.024148759 0.00016803239 3.496509e-06 0.00039120542 1.7185637e-05 0.0073238206 6.438379e-06 0.018753545 5.82126e-07 6.595409e-07 5.442726e-05 5.422972e-06 0.00019157826 2.7058043e-06 1.6145244e-05 2.4040598e-06 2.8146152e-07 6.15643e-06 1.0149133e-05 4.0072973e-07 4.5146964e-05 1.5059725e-06 5.526087e-08 3.0630488e-07 3.0829153e-07 8.311624e-07 0.00023010779 1.1109832e-06 0.00011834062 8.1954636e-07 4.564784e-08 1.5816993e-06 1.8947502e-07 1.8539038e-07 1.6622764e-08 1.492546e-07 4.8320277e-07 4.1235205e-07 8.407786e-07 1.3524501e-08 3.2421196e-06 2.8169677e-07 5.9107638e-08 5.62933e-07 7.0469306e-09 8.673119e-08 9.752971e-07 3.7085027e-07 6.8320736e-09 9.0180144e-08 3.6947034e-07 1.7555832e-08 6.632848e-08 6.1895854e-08 1.5867181e-08 6.136661e-09 4.385891e-07 4.5232482e-10 1.7104699e-07 2.171535e-06 2.0485814e-08 1.6134194e-05 3.980191e-09 2.4949966e-08 1.4663097e-05 2.211835e-07 1.7823115e-08 4.0239463e-08 6.295874e-09 2.323977e-09 8.428009e-07 2.0303038e-07
0.9727451 0.995916 0.52846783 1.1202022e-13 0.01909913 0.0075020953 0.5445899 0.1014313 0.00071626465 2.6412665e-05 0.004782944 0.0006106366 5.2184576e-05 3.7522727e-06 0.92567855 0.42913386 0.8102534 3.703574e-06 0.21216933 0.00021591964 0.07048464 0.47038582 0.0077394107 0.012017572 2.1029195e-05 0.003477506 0.0003698245 0.0047115427 0.013346881 0.8471803 0.35361853 3.8616465e-05 0.5233071 0.016791137 0.4350029 0.0064687277 0.01751635 2.5920492e-06 0.0025578106 0.06298339 5.4094394e-06 8.0094804e-05 8.925468e-05 0.0034423438 0.00046821343 7.3964463e-07 1.0961089e-05 2.7643262e-06 2.5000688e-07 0.004129767 2.0910902e-05 1.7140987e-05 9.403554e-06 1.1484457e-06 0.00013016773 0.004355337 7.5614034e-06 4.5572575e-05 2.7714702e-07 9.491859e-08 4.6170517e-06 1.3741752e-06 1.2615932e-07 4.4601325e-07 4.8979837e-07 1.864691e-06 1.3933125e-06 0.000104855266 2.38404e-07 3.9273917e-07 6.628801e-06 6.7122244e-08 2.7882277e-07 6.607304e-08 1.9498493e-06 3.552565e-07 9.3269314e-08 4.524279e-08 3.5249172e-08 2.0844021e-07 8.0206553e-07 8.479174e-08 1.5056744e-07 4.833299e-07 8.2195476e-07 5.533711e-07 2.8012273e-08 7.2922546e-07 8.6227e-07 2.075558e-08 2.7332504e-07 6.121595e-08 2.2525715e-08 1.268294e-06 1.1699163e-07 8.134939e-08 6.014845e-09 2.3640263e-07 1.6478266e-06 2.3695666e-06 4.410043e-08
0.074984185 0.99242187 0.8870745 0.01909913 3.3301025e-11 0.99921024 0.024514917 0.06125263 0.96365863 0.024463287 0.01384297 0.04127012 0.00011761446 7.896661e-05 0.0014967175 0.00029551386 2.786476e-05 8.178315e-06 0.003353966 0.00039762552 0.007186923 1.0488232e-05 0.019675605 2.583287e-07 5.288975e-06 5.5848983e-07 0.0014124925 9.5048006e-07 7.5464726e-07 0.0015745775 2.3638257e-05 8.657963e-06 5.865838e-05 2.6600799e-06 0.0003744614 2.8407337e-06 0.000834289 2.3695256e-06 1.2146685e-06 3.1757525e-05 3.8507737e-06 4.0479586e-05 2.4255855e-06 4.2104693e-06 2.0160194e-06 1.2712703e-06 2.4660196e-07 2.1398369e-06 6.0912106e-07 2.9797437e-05 2.143728e-06 3.6791693e-07 2.2814274e-06 1.034834e-07 4.7787835e-06 4.171149e-05 5.381284e-06 5.4655604e-05 6.61043e-08 7.301281e-07 4.785416e-07 8.233846e-08 7.552679e-07 3.1034762e-07 2.3979394e-06 1.7604798e-07 3.0357677e-07 3.9748634e-06 3.0442595e-07 9.376725e-06 2.546926e-07 5.223666e-07 1.853331e-07 3.6162993e-07 2.892165e-07 1.5368912e-06 7.9962985e-07 3.5168586e-08 2.5896261e-07 1.9853553e-07 5.4055867e-08 1.5949462e-07 2.9027535e-07 2.2191476e-07 2.926219e-08 1.2098492e-07 5.706223e-09 3.5942105e-06 9.944634e-06 4.257656e-08 8.9233583e-07 3.1271174e-08 6.007579e-08 8.10106e-06 6.462811e-07 1.8412985e-07 2.4252683e-08 1.6099632e-08 7.186727e-09 2.1899038e-07 1.7323192e-08
0.0016405354 0.9254337 0.017855374 0.0075020953 0.99921024 3.997608e-12 0.00036802396 0.0011784597 0.9922804 6.82631e-05 0.00039483776 0.002243146 9.175171e-06 1.0502506e-05 0.00033245515 5.996919e-05 2.599231e-05 1.0355403e-06 0.00011135067 1.5800508e-05 0.00033764855 7.0647934e-06 0.00028141125 2.6173338e-06 1.0550334e-06 3.81055e-07 6.477268e-05 2.597285e-06 1.8548757e-06 0.00014618244 1.7549799e-05 7.269809e-08 2.1384221e-05 8.8961673e-07 5.6839934e-05 1.2797574e-06 4.8642076e-05 1.1903417e-07 1.8707614e-06 3.0989793e-06 9.644413e-07 1.1265303e-06 1.0754604e-06 1.2736296e-06 3.2077833e-07 8.589471e-08 9.0138747e-07 7.0776696e-07 3.556808e-08 2.9095133e-07 2.056776e-06 3.8610384e-07 1.3298211e-06 1.5327541e-07 8.234231e-06 5.6909707e-06 7.2731873e-06 3.5786667e-07 2.3457454e-07 1.6482093e-07 5.5560787e-07 1.7946441e-07 4.1601007e-07 5.0689994e-07 4.005798e-06 3.85665e-06 1.887887e-07 1.2487285e-06 9.6622486e-08 1.8446431e-07 6.7354597e-07 6.933723e-07 8.535068e-09 6.894949e-07 3.0691617e-06 1.2446748e-07 1.7882076e-06 2.5605962e-07 2.4360844e-08 8.517249e-08 6.4557764e-07 9.602782e-07 6.0236573e-07 2.2776001e-07 6.416704e-10 3.0805114e-07 1.2087304e-09 1.1506153e-06 8.851893e-08 4.9190085e-08 6.348534e-07 3.7271327e-08 1.11176535e-08 2.6446726e-06 1.7675747e-08 1.2220932e-08 1.1461954e-07 1.8488302e-08 4.764621e-08 8.2951533e-07 1.3396588e-07
0.96484196 0.06387499 0.94944197 0.5445899 0.024514917 0.00036802396 2.6152636e-11 0.9942892 0.0025171912 0.0001853265 0.092760004 0.02601819 0.0037631548 0.00030192832 0.5560761 0.02389354 0.0031390083 7.383863e-06 0.9590469 0.0049205855 0.7693137 0.0011735 0.85198075 2.7886694e-05 1.1802553e-05 1.49398165e-05 0.20369679 7.972349e-06 1.999929e-05 0.57828414 0.010998873 1.684559e-05 0.031202413 0.00023252112 0.24623294 0.0002492174 0.39370438 1.3933902e-05 8.457635e-06 0.0045837616 0.00022429001 0.013275411 2.8474467e-06 0.00046218626 0.00022680836 5.5605105e-05 2.8548864e-06 3.209647e-05 3.8981074e-05 0.00198891 1.0152841e-05 2.868592e-06 9.388016e-06 2.3166608e-06 2.6215243e-05 0.014414741 3.6719011e-06 0.0023174298 1.1812266e-06 1.0447966e-06 7.8649855e-06 1.8622563e-06 4.6354955e-07 7.260165e-08 5.3175216e-07 3.7646319e-06 3.6010945e-07 0.00013501538 6.194821e-07 6.282985e-05 1.39053e-06 2.0792639e-07 3.593251e-06 4.1806686e-08 1.5247542e-07 2.9812445e-05 2.8217025e-07 7.1081155e-07 5.8594753e-07 5.4907854e-08 1.3058343e-07 3.7175002e-07 8.822156e-09 3.2032403e-07 1.7384387e-07 6.6873063e-06 4.9621768e-08 4.0336963e-07 1.5174642e-06 3.0130653e-07 2.4774083e-06 1.881596e-07 2.2119808e-07 9.641199e-06 1.1623068e-06 1.5463755e-06 1.15956375e-07 6.8858455e-08 2.1249486e-08 1.3152762e-06 5.7368037e-08
0.7081953 0.034522362 0.9968351 0.1014313 0.06125263 0.0011784597 0.9942892 9.856248e-14 0.044538878 0.009413856 0.9632343 0.5970165 0.48157355 0.045397446 0.03692004 0.0014708982 3.46232e-05 0.0003163029 0.4642396 0.049664743 0.18772304 5.568099e-05 0.5011525 6.691249e-06 0.00023988634 2.3879302e-06 0.10133437 1.4874128e-06 1.1435853e-06 0.03747083 0.00031659534 9.551552e-05 0.0011958249 7.477681e-06 0.01132065 6.243898e-06 0.06687927 1.4032758e-05 7.5945485e-07 0.00022822847 6.643373e-05 0.0037709977 2.1366518e-06 2.0924805e-05 4.9078053e-06 1.5879876e-05 5.968587e-06 4.2047737e-05 4.1402027e-06 0.00027582745 8.4964273e-07 3.083855e-08 1.1307619e-07 1.3165061e-06 7.551491e-07 0.0025609042 1.9304501e-07 0.00050231797 4.369949e-06 1.7729284e-06 8.6317664e-07 4.7545285e-07 6.713777e-07 6.1892864e-09 1.666025e-08 2.3718316e-08 1.5357102e-08 1.0855982e-06 1.2410786e-07 3.254935e-05 1.4208194e-07 1.2265787e-07 4.2828995e-07 4.4999386e-09 1.2787996e-08 6.6801035e-06 1.3095745e-07 1.4017576e-07 8.212699e-07 4.0449617e-08 1.0282462e-08 2.3671674e-08 8.3275635e-09 5.5934887e-08 9.5732425e-08 1.3992045e-06 2.7431513e-08 2.2185763e-07 3.0516836e-07 2.556451e-07 9.995422e-07 1.3902754e-08 2.3666924e-07 4.3948367e-06 8.621182e-08 4.425953e-08 3.2163125e-08 2.9452124e-08 4.639489e-09 6.0946275e-07 2.1757014e-08
0.0013703735 0.0004211544 0.12817962 0.00071626465 0.96365863 0.9922804 0.0025171912 0.044538878 5.834301e-14 0.99991316 0.11784514 0.5197901 0.0016705915 0.0010680021 0.0002593446 9.1417496e-05 7.370148e-07 0.0003085932 0.0007312539 0.004009106 0.00042128676 8.898887e-06 0.0019324915 1.9207373e-09 8.534203e-06 4.905641e-07 0.00042557585 3.715632e-07 7.118397e-08 3.889125e-05 1.8670764e-05 3.6752992e-06 2.8596207e-05 1.8208493e-06 1.4993512e-05 1.0063571e-06 0.00025349398 4.133947e-07 1.313567e-07 1.6826803e-05 2.6179665e-05 1.2498633e-05 4.1779545e-06 5.526462e-06 4.7469107e-06 1.1666267e-06 7.56269e-07 1.5577314e-06 6.825086e-07 2.517627e-06 9.115137e-07 1.6612186e-07 2.0336922e-06 1.4828368e-06 2.7940105e-06 6.282556e-06 1.4322909e-07 6.4179344e-06 1.2495438e-07 2.3360009e-07 4.2099554e-08 6.6665444e-07 1.3753066e-06 3.2759285e-08 7.174521e-06 8.022265e-06 1.713225e-06 9.185786e-07 3.2544863e-06 9.713132e-07 1.3289045e-06 1.6137648e-06 3.6162544e-07 9.039054e-07 7.1122656e-07 6.3025095e-06 1.2981739e-06 1.524172e-08 6.990601e-06 1.1088456e-07 4.5957782e-07 1.3243834e-07 9.064922e-08 2.446446e-07 3.4538044e-09 3.8184385e-06 3.270268e-07 8.27909e-08 5.641561e-09 4.9214697e-07 8.053502e-08 2.5877304e-07 6.4392117e-07 2.8520193e-07 6.7315042e-09 2.0557877e-08 1.124032e-06 2.3470086e-08 1.148416e-08 4.692399e-06 4.8686855e-09
9.1689384e-05 2.1532793e-05 0.28040496 2.6412665e-05 0.024463287 6.82631e-05 0.0001853265 0.009413856 0.99991316 5.847926e-14 0.22010662 0.99999297 0.0030362934 0.005315335 3.384016e-05 4.4695596e-05 8.4825353e-07 0.000574456 0.00014516496 0.002204978 9.7216296e-05 1.6468557e-06 0.00037256104 1.140507e-07 2.6263764e-05 1.888184e-07 0.00014131608 3.1408184e-08 7.6651594e-07 5.6893214e-06 7.1553166e-07 2.7441944e-05 6.227515e-06 1.8048598e-07 4.1997464e-06 3.4007158e-07 0.00014317453 3.99141e-06 1.14956386e-07 2.0269483e-06 1.7725268e-05 1.1946326e-05 2.1502934e-05 3.2885719e-06 7.6600503e-07 2.7304718e-06 2.0909695e-06 2.5809761e-06 5.2434854e-07 3.0774213e-06 5.043773e-06 6.896712e-07 2.3360631e-07 1.404922e-06 2.3534648e-07 2.6747055e-05 4.9790715e-06 9.595683e-06 1.2938916e-07 1.8710227e-05 1.6924451e-08 2.7561748e-07 1.8529406e-07 3.6733243e-09 2.0135819e-07 9.7713155e-08 2.356963e-08 1.0466894e-06 3.711733e-07 1.6409172e-06 4.9225093e-08 1.1707092e-06 9.2623125e-08 1.4292024e-06 2.1520973e-08 3.7507823e-07 7.0252975e-07 8.624077e-08 2.1104532e-07 1.274353e-07 8.99947e-09 6.308198e-08 4.4568644e-08 1.91294e-08 7.9292185e-08 3.654615e-06 2.4228586e-07 3.8393637e-07 6.900031e-08 6.43546e-07 3.2131655e-07 2.9374142e-08 4.0785842e-08 1.0233983e-07 3.693095e-08 3.2037978e-08 5.715079e-07 8.959346e-08 2.5889682e-08 1.09339446e-07 1.0976644e-09
0.80026555 0.004947723 0.6610021 0.004782944 0.01384297 0.00039483776 0.092760004 0.9632343 0.11784514 0.22010662 1.5497545e-12 0.9777938 0.98717046 0.7371014 0.005498712 0.0005343089 6.3412066e-05 0.044298552 0.36331242 0.91214496 0.15223123 0.00015372915 0.6735912 6.4319297e-06 0.018499138 8.6359825e-07 0.49802184 4.523945e-07 1.0263188e-05 0.014123997 0.00057951413 0.00096350815 0.00057494675 2.6110001e-05 0.008501925 1.258409e-05 0.082466744 0.00014156348 4.4406517e-07 0.0004904883 0.0015956608 0.049822204 9.272203e-06 9.426338e-05 0.00010214498 0.00029297013 1.0097868e-05 0.00059294194 0.00015995718 0.0004332821 4.6147998e-05 9.570673e-07 1.8861225e-06 2.4357932e-05 4.659907e-06 0.003822119 1.06643e-06 0.0010982301 5.9171994e-06 7.169333e-05 1.4499941e-05 0.00010936475 0.00014502023 4.7726612e-08 3.123069e-07 9.379868e-07 2.8859517e-07 6.899187e-05 1.2813017e-05 0.00018014078 3.4171984e-07 1.7243894e-06 1.2113075e-05 8.767375e-06 2.0614742e-07 0.00022126485 1.8610357e-05 5.2683873e-07 4.364128e-05 6.1027873e-07 1.6100184e-08 9.371404e-08 1.3657483e-06 4.4630383e-07 1.1285895e-06 6.7891515e-06 1.3503357e-07 5.5286546e-06 9.905831e-05 1.6528172e-06 0.00023019889 5.924918e-08 2.3914205e-05 2.9254952e-05 6.161452e-06 3.5057449e-06 3.538526e-07 7.9371057e-07 3.0887936e-08 7.804378e-07 2.0906852e-07
0.22232094 0.00060831476 0.88418233 0.0006106366 0.04127012 0.002243146 0.02601819 0.5970165 0.5197901 0.99999297 0.9777938 7.2498826e-12 0.6407093 0.8524057 0.0003147271 9.341625e-05 3.3288583e-05 0.6048574 0.028241562 0.84582037 0.018297577 3.2292137e-05 0.22048812 1.9178813e-06 0.014960456 2.7446558e-06 0.22145344 9.542665e-07 1.5892298e-05 0.0014385195 6.0590326e-05 0.0029612405 0.00023089783 2.0785908e-06 0.00038603725 8.199243e-06 0.012191034 0.0004429936 1.263165e-06 3.0267109e-05 0.0013654145 0.0071315966 3.2230464e-06 1.9328072e-06 3.5305018e-06 0.000692975 8.263755e-06 0.0005263346 0.0007692589 1.5746113e-05 9.353289e-06 4.2978604e-06 2.9815812e-06 0.00034676632 9.1885595e-06 0.00022023478 6.1294086e-05 0.0015088738 3.230655e-05 8.170889e-05 6.578579e-07 0.00021668 0.0001472253 3.4149994e-07 7.163913e-07 9.681915e-06 3.2916748e-06 7.1149834e-06 0.0003686 0.00016227204 1.6354085e-06 9.295852e-06 0.0001589637 4.910448e-05 1.0345572e-06 8.990476e-06 2.0695821e-05 3.9341885e-05 1.5008347e-05 2.9579707e-07 1.545415e-05 3.90079e-06 1.8638473e-05 6.671499e-07 5.5448254e-07 1.5248126e-05 1.3502663e-05 7.2094355e-07 1.3969027e-07 1.2971015e-05 4.376584e-06 1.0480578e-06 2.726886e-06 1.591372e-06 8.9038096e-08 1.8652057e-07 1.0079813e-06 3.674069e-08 1.2778176e-07 5.0879413e-07 1.3764055e-07
0.25793752 6.4029846e-05 0.06808567 5.2184576e-05 0.00011761446 9.175171e-06 0.0037631548 0.48157355 0.0016705915 0.0030362934 0.98717046 0.6407093 1.5396547e-12 0.9977084 0.00071126124 8.0967555e-05 2.2712848e-06 0.46736905 0.107713625 0.95315284 0.00572409 9.61901e-06 0.09960372 1.2722522e-07 0.2459453 2.4475883e-08 0.15812975 2.2790253e-07 2.0166349e-06 0.0013550975 1.5128728e-05 0.0011330057 9.027175e-05 5.930637e-07 0.00026885478 2.3598793e-07 0.0082309935 0.00033289584 3.971031e-07 2.3948345e-05 0.0017496791 0.010274358 8.766676e-07 2.3775387e-06 9.694272e-07 9.800888e-05 1.0960499e-06 8.736498e-05 7.478554e-05 6.1558225e-05 2.0055347e-07 1.2024857e-06 7.231074e-08 9.806633e-06 5.0307085e-07 0.0010459515 8.833253e-07 0.00036361616 1.6507678e-06 2.345003e-05 3.3454265e-07 2.422528e-05 1.7390143e-05 1.537155e-08 2.5784518e-08 4.066731e-08 4.5851074e-08 1.8196341e-06 1.7738814e-05 4.8806007e-05 6.381014e-07 5.8800185e-07 2.8123063e-06 3.3173937e-06 2.5955343e-08 1.5017955e-05 4.259082e-06 1.6411872e-07 9.866816e-07 3.5430645e-07 4.3319776e-08 2.0540443e-07 6.323313e-07 2.592584e-07 6.1275635e-08 1.4217051e-06 5.003252e-08 2.956528e-06 1.3402197e-07 1.1298958e-06 8.7566923e-07 1.06231425e-07 7.9229444e-08 6.57629e-07 9.8879106e-08 8.6979185e-08 1.4703096e-06 1.2508404e-08 2.1611346e-08 1.1271278e-06 6.9644193e-09
0.057306968 6.2070445e-05 0.02620236 3.7522727e-06 7.896661e-05 1.0502506e-05 0.00030192832 0.045397446 0.0010680021 0.005315335 0.7371014 0.8524057 0.9977084 1.5388064e-12 6.593661e-05 1.0204678e-05 6.220763e-07 0.99939704 0.0013151616 0.6155458 0.0008516904 9.433339e-06 0.021483324 1.1960944e-08 0.05096213 2.4082546e-08 0.04767749 5.3781694e-08 3.768008e-06 0.00011477931 1.6210784e-05 0.0005284924 2.0934327e-05 1.8729962e-06 2.7353026e-05 9.691166e-07 0.0016399535 7.622733e-05 2.35557e-06 8.293298e-06 0.00097014266 0.0046508242 3.288807e-06 3.0021733e-06 9.3529985e-07 8.2986124e-05 7.8730366e-08 5.568407e-05 2.2163644e-05 7.0809133e-06 1.0986939e-07 2.1393187e-06 5.151202e-07 1.6004544e-05 1.1795863e-06 0.00026843048 1.15871806e-07 8.977483e-05 1.494585e-06 1.287599e-05 1.4363376e-08 1.1673618e-05 1.4232972e-05 4.802483e-07 7.339486e-08 2.8973272e-07 2.5680723e-07 7.0332308e-06 5.7785932e-05 6.93975e-05 3.138857e-06 7.1154267e-07 7.891025e-06 4.826464e-07 3.0507087e-07 1.02847625e-05 1.050223e-06 3.075913e-06 5.13968e-07 3.8063553e-07 4.541686e-07 5.555025e-07 2.0455956e-07 6.247594e-07 8.2138666e-07 4.5613383e-06 1.0171327e-06 1.0653168e-06 1.1312521e-08 3.334412e-07 2.9182252e-07 1.3055697e-08 2.0874039e-07 1.3617665e-07 4.724574e-09 1.4011101e-08 4.2483944e-07 9.7059136e-08 3.575622e-08 1.6135994e-07 1.876436e-10
0.8315671 0.020012315 0.045075197 0.92567855 0.0014967175 0.00033245515 0.5560761 0.03692004 0.0002593446 3.384016e-05 0.005498712 0.0003147271 0.00071126124 6.593661e-05 8.1564885e-12 0.9981328 0.82617825 5.0032904e-06 0.9478928 0.0009067304 0.9180341 0.33263597 0.07238578 0.00017030147 8.999359e-05 0.000509473 0.0049923095 3.2619737e-05 0.00014675794 0.88502747 0.2548443 0.00040694664 0.33314794 0.0021906812 0.34046236 0.0015558576 0.26792106 9.532529e-06 5.2448562e-05 0.015083342 0.00042165615 0.005353285 8.441721e-06 0.0007721489 0.00049678737 5.9647497e-05 5.5656856e-06 0.0001602433 8.3451305e-06 0.0020000597 3.7581158e-05 1.6254704e-05 1.6361018e-05 4.3454047e-06 1.1145867e-05 0.005449065 1.1156549e-06 0.0029126187 1.230429e-06 8.054816e-06 2.4691588e-05 9.971253e-06 4.516722e-06 4.9907595e-07 6.728616e-07 3.0629027e-07 4.0694096e-07 0.00010581118 1.7394262e-06 0.00020982286 2.1687038e-06 1.05566905e-05 9.711905e-06 3.4734984e-07 3.5764933e-07 2.5178708e-05 6.685174e-07 1.9042615e-06 1.595615e-06 2.5231324e-07 5.6364126e-08 1.829494e-07 4.9821303e-08 3.4511808e-07 2.1788338e-07 3.0982155e-05 2.032875e-07 4.2610277e-06 1.9583733e-06 1.1156995e-06 1.5900121e-05 7.592511e-08 1.2769625e-07 1.2206001e-06 1.7940707e-07 1.6260478e-06 8.624553e-08 1.2782357e-07 1.5689084e-08 1.2597526e-07 4.5252784e-09
0.8636931 0.002410085 0.0015402014 0.42913386 0.00029551386 5.996919e-05 0.02389354 0.0014708982 9.1417496e-05 4.4695596e-05 0.0005343089 9.341625e-05 8.0967555e-05 1.0204678e-05 0.9981328 9.840742e-12 0.9803589 8.2883645e-08 0.18785925 4.1335707e-06 0.18516697 0.87709427 0.0084073385 0.00070640416 7.5669795e-06 0.0053268215 0.0008364146 0.00044826634 0.0049167555 0.88710177 0.6012646 4.2587468e-05 0.5614076 0.022134602 0.3836347 0.009898479 0.23971063 7.8815606e-07 0.00037918775 0.10406576 2.2776392e-05 0.0020351163 0.00011395356 0.01159956 0.005068473 1.4536429e-06 2.9603103e-05 3.530152e-06 3.2383127e-06 0.009950569 2.0708596e-05 3.531191e-05 6.138476e-05 9.594026e-08 0.0003336599 0.01488862 1.361994e-05 0.0019683787 1.4952722e-06 1.680513e-06 1.5312915e-05 7.660894e-08 1.2632847e-07 1.0859648e-06 1.4885609e-06 7.3436127e-07 5.7081934e-07 0.00048599718 2.0815486e-08 3.4595014e-05 8.289693e-06 1.88825e-06 4.1163203e-06 5.1719077e-08 2.1305667e-07 2.286784e-06 8.388688e-08 5.631115e-08 2.9258382e-07 7.6546394e-07 2.5554888e-08 4.2266663e-08 1.284542e-08 1.9852322e-07 2.270398e-07 2.7115466e-06 6.3656302e-09 8.364097e-07 4.6011684e-07 3.463043e-07 1.6796741e-07 4.426221e-07 1.1499064e-08 3.0236987e-07 1.6376958e-07 6.4561516e-07 5.411477e-08 1.4236447e-07 1.8492782e-08 1.189562e-07 4.0776666e-08
0.50846624 0.0011573207 0.00027366533 0.8102534 2.786476e-05 2.599231e-05 0.0031390083 3.46232e-05 7.370148e-07 8.4825353e-07 6.3412066e-05 3.3288583e-05 2.2712848e-06 6.220763e-07 0.82617825 0.9803589 1.3816429e-10 6.057617e-07 0.010143155 1.17035925e-05 0.010621271 0.998158 0.0007160461 0.95153314 1.8781299e-06 0.8773273 0.00011221074 0.0050967927 0.1501305 0.2696238 0.26073912 3.9937542e-05 0.20319076 0.029441532 0.060079873 0.010505031 0.01459428 3.6559308e-07 0.00079927006 0.05478713 6.2176046e-06 0.000113595495 9.994993e-05 0.0033027672 0.0025036896 9.765364e-06 9.155898e-06 1.6274978e-05 2.3304326e-06 0.0025687192 1.5324647e-05 6.817261e-05 1.9704446e-05 1.1246689e-06 0.00010664331 0.0008986144 1.3720113e-05 0.00020035992 1.2724791e-05 3.3698952e-06 4.8457077e-06 1.6733132e-06 3.6156284e-06 5.2032187e-06 7.379808e-06 8.937602e-06 8.519776e-06 0.00010449271 2.545377e-07 8.143696e-06 2.6586331e-05 3.938488e-06 3.229169e-06 4.0786333e-07 1.8032479e-05 1.3802801e-06 7.2528364e-06 3.4449394e-07 6.8309015e-07 7.9725e-06 4.030522e-06 9.50003e-06 9.322855e-07 3.0600315e-06 2.3852717e-06 4.147638e-05 3.387341e-07 5.660076e-06 2.2332417e-06 1.0857834e-06 1.2580905e-06 5.977824e-07 6.577604e-08 1.2546074e-06 1.3385159e-07 5.908828e-07 1.4285006e-06 3.454213e-07 4.904476e-07 8.63541e-06 1.3722246e-07
0.5028878 4.9031364e-06 0.00010490978 3.703574e-06 8.178315e-06 1.0355403e-06 7.383863e-06 0.0003163029 0.0003085932 0.000574456 0.044298552 0.6048574 0.46736905 0.99939704 5.0032904e-06 8.2883645e-08 6.057617e-07 1.9021385e-11 0.00019393324 0.8744249 0.00023579391 9.819893e-08 0.024002047 2.9295025e-08 0.9956822 8.6488267e-10 0.26030716 6.480755e-08 1.2339214e-08 3.5420006e-05 2.8704707e-07 0.0277074 1.6868875e-06 9.783264e-09 1.2211466e-05 1.8899035e-08 0.0008766636 0.0039688996 4.569872e-08 1.7705754e-07 0.017089253 0.21092308 2.533411e-07 3.553092e-08 3.1888735e-08 0.0018335491 1.9087824e-07 0.0027583838 0.00052565784 7.450417e-08 2.0124467e-06 4.6180904e-08 6.122211e-07 0.0001353689 4.9005415e-08 0.0005890737 5.8914753e-07 0.0010625086 0.00047293422 6.07001e-05 1.0362635e-06 4.567892e-05 8.631553e-05 9.3225744e-08 2.3376087e-08 4.812459e-09 2.3982432e-08 6.040254e-07 0.00030675292 5.0959927e-05 4.048304e-08 1.0728279e-06 8.091209e-06 7.891529e-06 3.6268833e-08 3.4527625e-06 2.0680176e-05 3.9101553e-07 3.7169258e-07 4.2720356e-09 1.02324606e-07 1.9603753e-07 5.4818e-05 1.7104439e-07 2.9646001e-08 8.8715046e-07 3.5552407e-08 2.0559642e-06 5.83028e-08 1.4254462e-07 3.5070018e-06 3.3998757e-07 2.6379055e-07 1.7100045e-06 5.1615796e-08 4.3827297e-09 8.595802e-07 5.308966e-08 9.306136e-09 5.3164445e-06 1.3586293e-08
0.87051755 0.0034180675 0.07588073 0.21216933 0.003353966 0.00011135067 0.9590469 0.4642396 0.0007312539 0.00014516496 0.36331242 0.028241562 0.107713625 0.0013151616 0.9478928 0.18785925 0.010143155 0.00019393324 7.6924515e-11 0.4484369 0.9930666 0.008113536 0.98009264 9.195507e-05 0.006603601 0.0006644881 0.48860443 1.4158984e-05 8.001594e-05 0.23234074 0.00092949445 0.013640714 0.0034213501 0.00033507863 0.053532626 7.517949e-05 0.4101625 0.00066106895 2.0448057e-05 0.0008420522 0.0027935538 0.011160929 7.920887e-05 0.00022528083 0.00013869809 0.00014915764 2.868178e-05 0.0005689984 2.8769331e-05 0.0020872848 1.6545338e-05 2.4044864e-06 7.429302e-06 2.3223114e-05 2.4173794e-05 0.0076989555 1.2099173e-07 0.0025333522 0.00012407977 7.942096e-05 1.1616343e-06 1.1760969e-05 4.707013e-05 1.4625048e-06 3.8901985e-06 3.970758e-07 1.1653762e-07 6.0404727e-05 1.1470456e-06 0.00011017962 9.921071e-07 9.989942e-07 8.209736e-06 3.2588983e-07 1.3421256e-07 2.2446213e-05 1.0505886e-06 7.0233403e-07 1.33654885e-05 5.2051195e-08 8.848699e-09 6.002666e-08 1.7510344e-07 1.1768519e-07 1.0097194e-07 5.637956e-06 5.539138e-07 1.1071237e-06 4.71234e-07 1.1907988e-06 4.015674e-06 2.1635941e-07 2.7781111e-06 5.356479e-07 1.7384453e-07 1.5468078e-06 7.796166e-07 4.915747e-07 1.9771184e-08 1.413443e-07 9.217706e-08
0.9425418 6.0475453e-05 0.0063006985 0.00021591964 0.00039762552 1.5800508e-05 0.0049205855 0.049664743 0.004009106 0.002204978 0.91214496 0.84582037 0.95315284 0.6155458 0.0009067304 4.1335707e-06 1.17035925e-05 0.8744249 0.4484369 2.4673506e-11 0.033317138 2.167856e-06 0.6342815 5.8597966e-06 0.8503273 5.909544e-07 0.9776379 2.1391188e-06 4.113285e-07 0.008450332 5.681154e-05 0.25580043 0.00030752856 5.9019376e-06 0.010571401 5.996095e-07 0.18771084 0.006396427 1.3015443e-06 0.00041602977 0.041207172 0.6612678 5.251821e-06 9.930205e-05 1.1561187e-05 0.0024615275 0.00013323741 0.0019189966 0.0021716482 0.0037195967 7.6269935e-05 1.1594925e-06 2.2470395e-07 5.0373434e-05 9.5024353e-07 0.020090532 1.066093e-05 0.013043024 0.00034578174 9.737795e-05 0.00022273458 2.9888633e-06 1.8039049e-05 2.855474e-08 1.67671e-07 3.8113004e-08 8.154513e-08 6.3443826e-05 1.5496292e-06 0.00044522644 2.8352056e-07 3.619969e-06 4.893156e-05 1.1638136e-05 2.19761e-08 0.00016890914 7.3568935e-06 4.364318e-06 4.8957794e-05 2.7524555e-07 2.0530447e-08 9.1081624e-08 2.7103265e-06 1.575849e-07 2.934782e-06 1.7327218e-05 7.1661617e-07 8.371164e-06 7.1746103e-06 1.1746043e-06 6.934689e-05 6.3443883e-07 3.6244823e-05 6.2725194e-05 1.0888072e-06 2.11492e-07 1.7439557e-06 9.539062e-07 1.2986845e-07 3.0686408e-06 5.850262e-07
0.91802144 0.00672019 0.08849377 0.07048464 0.007186923 0.00033764855 0.7693137 0.18772304 0.00042128676 9.7216296e-05 0.15223123 0.018297577 0.00572409 0.0008516904 0.9180341 0.18516697 0.010621271 0.00023579391 0.9930666 0.033317138 1.0167733e-11 0.010766244 0.96919686 7.296513e-05 0.00029951843 0.0017096549 0.16297619 9.989576e-06 0.00045926153 0.92258835 0.023749102 0.00039721729 0.06826806 0.0007608745 0.2642249 0.00024524954 0.8466084 0.00014588442 0.00016756161 0.008044997 0.0009092395 0.012435406 8.8648914e-05 0.001881093 0.0005202374 7.416641e-05 5.553664e-05 0.0001675151 1.3676064e-05 0.0060440227 7.6516e-06 3.0462461e-05 3.6025478e-05 7.9106385e-06 8.504292e-05 0.018233363 1.5733812e-06 0.0014421587 8.740219e-06 1.6476184e-05 1.3098498e-06 1.2389363e-06 9.849954e-06 2.923413e-06 8.126418e-06 1.716008e-06 2.2231736e-06 0.000223761 3.920506e-07 0.00010524929 3.494239e-06 8.331747e-06 7.792899e-06 3.1759794e-07 3.4296866e-07 2.2124006e-05 2.3332711e-07 7.711306e-07 2.6189769e-06 1.7028212e-06 5.3328158e-08 3.2151704e-07 4.757329e-08 3.7326178e-08 4.1333237e-07 1.1256899e-05 9.903879e-08 2.8088944e-06 2.540912e-07 2.891434e-07 5.1946444e-07 1.4421498e-07 1.9443185e-07 7.1762423e-07 9.4533405e-08 3.0491003e-07 3.1600214e-07 1.4882238e-07 1.5207301e-09 2.68799e-07 1.2130228e-07
0.8295021 0.0005225131 8.75124e-05 0.47038582 1.0488232e-05 7.0647934e-06 0.0011735 5.568099e-05 8.898887e-06 1.6468557e-06 0.00015372915 3.2292137e-05 9.61901e-06 9.433339e-06 0.33263597 0.87709427 0.998158 9.819893e-08 0.008113536 2.167856e-06 0.010766244 5.6184363e-11 0.00033501792 0.19258769 5.2264045e-06 0.7239198 0.00011910554 0.01263744 0.59894806 0.79077905 0.97554886 3.399072e-05 0.7859463 0.7272718 0.25090262 0.2873558 0.06697487 8.2701615e-07 0.005284206 0.5066157 4.1351457e-05 0.0004356382 0.0006053861 0.052526176 0.074134864 9.2412965e-06 0.00013183153 2.470565e-05 6.3756765e-06 0.021479147 4.6118566e-05 0.00050536817 0.00039487277 4.5044948e-07 0.0007287417 0.011307787 8.8244116e-05 0.002359435 3.3172198e-06 7.1322756e-07 4.678264e-05 1.4844943e-07 5.148957e-07 2.4840552e-05 5.0282626e-05 1.2510201e-05 1.8186722e-05 0.0008005078 6.8357004e-08 3.467984e-05 3.1411495e-05 6.371282e-06 2.5204617e-06 3.377907e-08 2.0570498e-05 3.5902367e-06 8.528967e-07 8.9068044e-07 7.9575466e-07 1.6227661e-05 1.0919434e-06 6.0829652e-06 5.2954448e-08 6.014556e-06 8.315331e-06 4.256205e-05 3.6514217e-07 2.5344045e-05 7.119079e-05 1.7108526e-06 2.1051927e-05 1.05572944e-07 1.1891231e-07 1.2449752e-05 7.0205954e-07 2.0919108e-06 3.2087914e-06 1.806085e-06 7.170683e-08 4.3035507e-07 1.6324658e-07
0.9475562 0.0036376242 0.20939916 0.0077394107 0.019675605 0.00028141125 0.85198075 0.5011525 0.0019324915 0.00037256104 0.6735912 0.22048812 0.09960372 0.021483324 0.07238578 0.0084073385 0.0007160461 0.024002047 0.98009264 0.6342815 0.96919686 0.00033501792 2.0072097e-10 3.4586883e-06 0.003209638 1.37928855e-05 0.97347397 4.515008e-06 2.3825947e-05 0.33992583 0.00068748486 0.04489094 0.0039524557 0.00012320401 0.112730615 1.6039596e-05 0.8914427 0.0022909052 1.361629e-05 0.0021343648 0.03835502 0.24098673 1.6855038e-05 0.00035608638 0.00018307882 0.0043966165 2.6925003e-05 0.0028332046 0.0004348717 0.004995629 4.2363276e-06 7.1937495e-07 5.608643e-06 0.0001371634 1.3611357e-05 0.024891714 2.6609922e-07 0.012291572 7.781993e-05 5.367289e-05 4.0024875e-06 0.000101778285 0.0001760039 3.3798935e-07 1.6080122e-07 2.386153e-07 1.4354866e-07 0.000371559 2.8625322e-05 0.00054191594 1.8834139e-06 3.8173357e-06 0.00023497095 1.2104887e-05 8.124023e-08 0.0002728512 2.4194726e-06 9.2108225e-05 8.525592e-05 3.149557e-07 2.3825045e-08 1.8595347e-07 1.0556263e-06 6.858538e-09 1.1568935e-06 0.00023419155 3.0088975e-06 2.5939407e-06 3.4776514e-07 1.4667671e-05 3.725793e-06 1.2512874e-07 1.6020289e-05 3.2404505e-06 2.5548812e-07 1.1300251e-06 3.0862882e-06 1.6717786e-06 6.3378627e-09 3.7509398e-07 7.053859e-08
0.00021984885 3.6037484e-06 3.76191e-05 0.012017572 2.583287e-07 2.6173338e-06 2.7886694e-05 6.691249e-06 1.9207373e-09 1.140507e-07 6.4319297e-06 1.9178813e-06 1.2722522e-07 1.1960944e-08 0.00017030147 0.00070640416 0.95153314 2.9295025e-08 9.195507e-05 5.8597966e-06 7.296513e-05 0.19258769 3.4586883e-06 5.7517933e-15 2.1426598e-07 0.997873 2.6131236e-06 0.99997336 0.0016466139 9.373425e-06 6.6533845e-05 1.7039845e-06 2.5878857e-05 0.00021879385 1.7462617e-05 2.1994458e-05 1.1662324e-05 9.3925246e-07 0.00067453797 1.7957673e-05 3.924507e-06 4.501521e-06 0.00031870225 2.7887147e-05 2.184195e-05 1.1451439e-06 0.00027460308 1.3491362e-07 8.227484e-07 1.1277939e-05 1.205021e-05 4.756765e-05 3.0431318e-06 2.9726758e-07 7.829759e-06 5.2286152e-05 4.4646627e-06 1.4058007e-05 1.0194259e-07 1.1352417e-07 1.5761399e-06 2.0981896e-07 4.6223053e-07 1.5164023e-06 2.7537512e-06 6.150547e-07 7.1286985e-07 9.331915e-06 2.4144853e-07 3.930766e-06 2.2512597e-06 1.8942976e-06 7.9571564e-08 3.3615372e-06 1.10683615e-07 1.8607996e-07 2.702595e-07 2.2099482e-07 4.573671e-09 4.7115262e-07 9.1556956e-08 2.5545694e-07 1.4410538e-09 2.2383858e-07 1.2153706e-08 1.5025504e-05 6.739537e-08 9.066068e-07 2.3893856e-08 2.428144e-07 9.568875e-09 4.0591747e-08 3.5529324e-10 2.0116998e-08 1.2987489e-09 2.2516264e-08 1.5465863e-08 7.6770394e-09 1.0395412e-09 7.652129e-09 5.0716196e-09
0.19477098 4.3237274e-06 5.9455333e-06 2.1029195e-05 5.288975e-06 1.0550334e-06 1.1802553e-05 0.00023988634 8.534203e-06 2.6263764e-05 0.018499138 0.014960456 0.2459453 0.05096213 8.999359e-05 7.5669795e-06 1.8781299e-06 0.9956822 0.006603601 0.8503273 0.00029951843 5.2264045e-06 0.003209638 2.1426598e-07 5.888623e-14 3.9928985e-08 0.20586883 9.772658e-08 2.1897137e-07 8.0486156e-05 5.1055104e-06 0.999524 2.3869865e-05 6.6244475e-06 9.198621e-05 1.4607693e-06 0.003287183 0.018878022 9.855075e-06 4.578075e-05 0.13655747 0.16151245 8.840724e-06 9.1394095e-06 4.2761917e-06 0.005781275 7.1271047e-06 0.010015567 0.0016239837 0.0001389316 0.00021603108 2.1315687e-05 1.4460728e-06 0.00076644943 3.7715636e-06 0.0012379349 1.4727382e-05 0.0017339013 0.0007395463 6.892117e-05 1.5019107e-06 0.00022106555 7.558934e-05 4.6363223e-07 9.639602e-07 2.9929095e-07 1.9376972e-07 4.9598428e-05 9.437086e-05 9.271854e-05 6.903016e-07 4.9597482e-05 0.0001255177 8.564034e-06 1.3683492e-06 9.025836e-06 4.5073997e-05 1.1560625e-05 1.1035876e-05 5.165101e-06 4.6525471e-07 2.5681911e-06 5.856802e-06 3.5751516e-06 1.3205375e-06 0.0002123142 2.1446276e-06 2.4655024e-05 8.816354e-07 1.6147022e-06 9.3503866e-07 2.4468252e-06 3.6625963e-07 5.5302735e-06 1.1248318e-08 5.8248002e-08 5.142673e-06 1.1569338e-07 2.6038151e-06 9.130871e-06 1.1863977e-07
0.022626089 2.994887e-06 9.3451945e-06 0.003477506 5.5848983e-07 3.81055e-07 1.49398165e-05 2.3879302e-06 4.905641e-07 1.888184e-07 8.6359825e-07 2.7446558e-06 2.4475883e-08 2.4082546e-08 0.000509473 0.0053268215 0.8773273 8.6488267e-10 0.0006644881 5.909544e-07 0.0017096549 0.7239198 1.37928855e-05 0.997873 3.9928985e-08 1.6763164e-13 7.1936984e-06 0.97432166 0.99201953 0.001289753 0.022407874 1.3626072e-07 0.002588187 0.03138784 0.00030576278 0.006185391 0.00040472348 2.3114104e-08 0.03542462 0.004517819 1.003635e-06 3.3311957e-05 0.005719995 0.0024077 0.005914969 1.5690752e-07 0.0004331821 1.02766e-08 5.654457e-07 0.00075000175 0.000249297 0.00022886731 0.0006396762 7.01701e-08 0.00035364562 0.00070621254 5.984641e-05 8.268033e-05 4.2011475e-08 3.8341877e-08 1.0624461e-05 3.2421212e-07 5.5272046e-08 6.624709e-05 6.3493404e-05 3.3389706e-06 1.2141919e-05 2.8659604e-05 4.8706687e-07 1.9772974e-06 1.6127748e-05 6.851178e-07 5.843069e-07 1.8235959e-07 1.08819734e-07 9.2986355e-08 1.7653687e-07 1.1363904e-08 1.3037133e-08 3.010993e-06 2.2042723e-08 7.634766e-07 4.8182505e-07 3.0705743e-07 1.4003993e-08 9.547007e-07 4.5653763e-08 1.325625e-06 1.0653788e-06 6.105142e-08 1.7287124e-07 2.1337875e-07 4.2696793e-10 2.6939978e-07 4.3150635e-08 2.3112516e-08 1.8013408e-08 6.237402e-09 7.8094065e-10 1.6732393e-10 1.6314658e-08
0.97940445 0.00010155693 0.014232431 0.0003698245 0.0014124925 6.477268e-05 0.20369679 0.10133437 0.00042557585 0.00014131608 0.49802184 0.22145344 0.15812975 0.04767749 0.0049923095 0.0008364146 0.00011221074 0.26030716 0.48860443 0.9776379 0.16297619 0.00011910554 0.97347397 2.6131236e-06 0.20586883 7.1936984e-06 3.8756246e-13 1.2486273e-06 7.2250978e-06 0.028251994 0.00016691278 0.5402918 0.0007276302 3.889344e-05 0.017326228 1.2570212e-05 0.8759906 0.09491095 2.1136307e-06 0.0012265993 0.7292417 0.89600325 2.8859672e-06 0.00044053822 0.00014284326 0.07716454 3.3526428e-06 0.029868532 0.011362774 0.008376882 1.6417732e-06 7.8790345e-07 1.5350149e-06 0.0012275962 8.738743e-06 0.056489654 2.066661e-07 0.07343728 0.001060267 0.00037985446 1.5774668e-07 0.00063102745 0.0007391011 1.2092273e-07 5.646495e-08 7.590802e-08 2.1001282e-08 0.0005462796 7.2371906e-05 0.0022655434 6.577212e-07 2.9933037e-07 0.0009362139 6.636667e-05 3.1435867e-08 0.0016830431 4.9950136e-06 0.00022528083 8.9803514e-05 2.4655117e-07 5.845466e-09 5.870205e-08 4.565682e-06 2.556781e-08 8.1414355e-06 0.00047764322 3.0887704e-06 4.7339378e-07 1.8166145e-07 1.628681e-05 5.2972737e-06 1.2071212e-07 2.2208415e-05 2.3196696e-06 6.94054e-08 4.1320394e-07 8.3016505e-07 8.028086e-07 8.523551e-09 2.502996e-07 5.829655e-09
0.0039511514 1.4674505e-06 2.3711747e-05 0.0047115427 9.5048006e-07 2.597285e-06 7.972349e-06 1.4874128e-06 3.715632e-07 3.1408184e-08 4.523945e-07 9.542665e-07 2.2790253e-07 5.3781694e-08 3.2619737e-05 0.00044826634 0.0050967927 6.480755e-08 1.4158984e-05 2.1391188e-06 9.989576e-06 0.01263744 4.515008e-06 0.99997336 9.772658e-08 0.97432166 1.2486273e-06 3.3690657e-12 0.95713365 2.780246e-05 0.00047802238 1.0695966e-06 0.00011950308 0.019568987 2.095214e-05 0.002397298 9.159006e-06 9.8636505e-08 0.88112617 0.0003729567 2.3951404e-07 4.7783903e-08 0.6987747 0.0011817996 0.0035178165 4.342707e-08 0.9051312 1.380336e-07 1.0570834e-07 0.0001530653 0.014663428 0.017881464 0.012191175 8.340694e-07 0.00080708176 8.698877e-05 0.006952505 1.715823e-06 1.1464163e-07 2.3172626e-07 0.002699423 2.064562e-06 6.5620284e-08 0.0048484583 0.00863761 0.0008662394 0.000843546 2.4432891e-05 3.402372e-06 3.3751123e-06 0.00018893037 0.00018353124 5.545016e-07 3.0514477e-07 4.478435e-05 8.6218066e-08 1.1724126e-07 3.538774e-08 1.2666928e-09 7.5899596e-05 6.259042e-06 5.2556465e-05 7.983075e-08 1.27922485e-05 4.9799546e-08 1.7769784e-05 5.4040845e-07 5.119596e-06 1.6417091e-06 7.131877e-08 2.2641532e-07 2.386314e-06 6.710911e-10 1.3527693e-07 6.295589e-08 1.8519476e-07 5.171609e-09 1.3085644e-07 4.2221844e-09 1.293173e-08 0.00030897663
0.64651185 2.6361943e-06 1.2643039e-06 0.013346881 7.5464726e-07 1.8548757e-06 1.999929e-05 1.1435853e-06 7.118397e-08 7.6651594e-07 1.0263188e-05 1.5892298e-05 2.0166349e-06 3.768008e-06 0.00014675794 0.0049167555 0.1501305 1.2339214e-08 8.001594e-05 4.113285e-07 0.00045926153 0.59894806 2.3825947e-05 0.0016466139 2.1897137e-07 0.99201953 7.2250978e-06 0.95713365 1.8075125e-11 0.0087287575 0.4831436 3.8955093e-07 0.13932504 0.99135953 0.011582245 0.5510581 0.00333118 1.8130301e-07 0.57415104 0.5085845 7.706014e-05 4.6181376e-05 0.029573057 0.1766994 0.2780814 2.1892554e-06 0.0016954202 3.282728e-06 1.6907143e-06 0.033271454 0.00052987976 0.002712067 0.015062745 3.3231078e-07 0.012406632 0.008595029 0.00029287682 0.0003060373 1.049543e-06 1.5451284e-06 0.00023510747 2.4691423e-07 6.382901e-07 7.57169e-05 0.00061849836 0.00026486002 0.00038451477 0.0006869917 1.1963444e-06 2.0838715e-05 0.00012607605 1.4285395e-05 3.351569e-06 7.3430596e-07 7.323366e-05 3.4467191e-06 3.6676713e-07 2.4149486e-07 1.7832502e-06 0.00012320412 1.1709097e-05 1.7727754e-05 1.5210704e-08 2.0461088e-05 6.743311e-06 8.960997e-06 2.9372336e-07 1.3333414e-06 6.9376656e-05 2.9227162e-06 8.5565676e-07 7.283227e-07 1.8848394e-07 5.62813e-06 3.03244e-07 8.8244536e-07 4.4403467e-07 4.9688947e-07 8.721757e-08 1.2909477e-08 1.5265114e-06
0.92459714 0.0074282866 0.024148759 0.8471803 0.0015745775 0.00014618244 0.57828414 0.03747083 3.889125e-05 5.6893214e-06 0.014123997 0.0014385195 0.0013550975 0.00011477931 0.88502747 0.88710177 0.2696238 3.5420006e-05 0.23234074 0.008450332 0.92258835 0.79077905 0.33992583 9.373425e-06 8.0486156e-05 0.001289753 0.028251994 2.780246e-05 0.0087287575 2.929864e-13 0.30958855 0.0006722847 0.9390532 0.0050547593 0.9885754 0.0066769035 0.73039967 9.901496e-05 0.00674535 0.0369657 0.0020453471 0.0024227155 0.00018699873 0.000969817 0.00052394427 0.00032101106 2.258094e-05 0.0008381633 2.0703423e-05 0.011930881 1.5797494e-05 0.0005702187 2.7112692e-05 0.00011221759 0.00012979127 0.012674464 9.605675e-07 0.0020689794 1.1080755e-06 3.4020668e-06 8.332589e-06 4.3081585e-05 1.5953754e-05 2.1231432e-05 7.3990186e-06 2.651231e-06 3.3767187e-06 0.0005301428 1.2094305e-05 0.0001692899 1.2093706e-05 7.323191e-07 4.4916385e-05 4.893277e-07 1.5970962e-06 6.186113e-05 1.2607597e-07 3.122835e-06 3.8903877e-06 3.6028175e-06 2.3723348e-07 6.9926176e-07 2.2750806e-08 9.638871e-08 5.848909e-06 0.00014651405 6.239077e-06 5.634357e-07 5.09987e-06 2.5108677e-06 1.1105367e-07 8.363319e-08 3.1979705e-06 2.764132e-07 2.3228385e-07 7.1561493e-07 1.4825433e-07 6.122906e-07 4.8061293e-09 6.068964e-08 3.3514986e-08
