1.9760191e-14 0.9999277 0.9999667 0.99988914 0.99081695 0.9972849 0.9685374 0.99226385 0.9989688 0.9007739 0.99682677 0.9820833 0.9993295 0.89522314 0.99825126 0.887166 0.98783344 0.99279237 0.97305095 0.9971907 0.7880518 0.9706623 0.9694999 0.9462043 0.9110207 0.84887445 0.90919954 0.7964481 0.89241225 0.8223444 0.95661014 0.9190172 0.7643351 0.86633307 0.9679533 0.936387 0.6727037 0.7920614 0.93917954 0.94285065 0.5691516 0.91795146 0.46279016 0.9509054 0.97717977 0.9320549 0.14357924 0.42469984 0.6045469 0.68110526 0.4745025 0.96546364 0.43601018 0.12178643 0.86267835 0.5922397 0.10630016 0.9707736 0.8670463 0.24857038 0.6305976 0.9448315 0.032159667 0.47507003 0.4532988 0.44199678 0.12865606 0.30874264 0.12406091 0.8015677 0.8262753 0.39035547 0.41758782 0.0048979395 0.66047907 0.8753628 0.39829952 0.6791723 0.057721853 0.17208764 0.22187781 0.23089479 0.31006417 0.0071153673 0.006748516 0.46538654 0.14094599 0.26337302 0.40868464 0.026719326 0.13610353 0.0051007187 0.04335449 0.0006290071 0.030473026 0.00032313843 0.0050763846 0.30464014 0.008081366 0.0016491417 0.011803201
0.9999277 4.9011175e-13 0.05840374 0.067445725 0.9247897 0.07170068 0.011294854 0.5052839 0.14634123 0.0026833224 0.0032706817 0.008132013 0.3564535 0.5563593 0.005989783 0.8027832 0.039161243 0.011597559 0.91763484 0.7762641 0.09586936 0.027916877 0.008786962 0.0043387488 0.010687055 0.0023994173 0.0011561408 0.0018410222 0.0031877551 0.80681586 0.04302027 0.38197172 0.002297642 0.0029019509 0.0046730605 0.0026472735 0.00078716455 0.061167344 0.0013252174 0.0035491267 0.0007400211 0.03856914 0.00070770556 0.00075005897 0.0098624285 0.0009875252 0.00017415076 0.0033581315 0.0021405872 0.1263761 0.06069604 0.028596804 0.013174049 0.00020479663 0.45994332 0.27061895 0.00071543007 0.9029368 0.00037651273 0.002992426 0.00072435115 0.005821522 0.0024733176 0.15994787 0.00040725918 0.00030751093 0.0001178752 0.0026583672 0.00025267218 0.0050760047 0.006130657 0.00070243666 0.00015687394 7.7686345e-06 0.5045468 0.0043150913 0.004542538 0.00034231562 0.00037820975 0.00781509 0.059351724 0.11257661 0.018805353 1.7264143e-05 3.8146954e-05 1.547437e-07 3.705028e-05 0.00058633636 6.922937e-06 0.00013947708 0.00045952795 6.3334104e-05 8.98479e-05 1.1465683e-05 1.8431063e-05 4.1638594e-07 1.4947739e-05 0.0013116394 3.2224885e-05 5.9473592e-08 3.2711352e-05
0.9999667 0.05840374 6.898389e-11 0.31695545 0.0020484067 0.0061280676 0.9837511 0.0067664995 0.24215598 0.75163853 0.6985331 0.8784374 0.07844925 0.0016631845 0.4060394 0.006400481 0.28455913 0.2046979 0.0014258153 0.017038148 0.001482211 0.0015419283 0.0144363195 0.13333431 0.042388007 0.024345677 0.30274233 0.07880798 0.009692452 0.0009052409 0.0012189134 0.021293096 0.026228495 0.0011344914 0.20277278 0.30792668 0.0504809 0.008721431 0.0017979814 0.00081915606 0.009023711 0.026921647 0.020049816 0.0030914836 0.00091285387 0.0012083135 0.004992174 0.0030528596 0.012552969 0.0025611205 0.00023056383 0.0056878547 0.001704495 0.0030151857 0.003262336 0.001656762 0.0013297782 0.009295308 0.003361308 0.00020041534 0.09003963 0.0023615533 2.2833256e-06 0.0015953495 0.005850257 0.025100773 0.0053660665 0.0047441777 0.0011024323 0.0015212076 0.00022596268 0.00026565182 0.000916959 0.0003630211 0.0071326103 0.0018748633 1.16021865e-05 0.0007564645 0.00031528738 0.00011197769 6.365607e-05 8.069697e-05 0.00011382648 4.0489937e-05 0.00029092928 0.00071300525 0.0002161671 0.0008975909 0.03051317 1.906523e-05 0.00016960259 1.2760302e-05 0.0010006888 3.3790996e-06 9.574197e-05 1.0446226e-05 0.0011929118 0.0012453326 0.0015035188 2.1971764e-06 0.000120558725
0.99988914 0.067445725 0.31695545 2.6746925e-09 0.020520557 0.60761136 0.061396357 0.6502852 0.0011454705 0.099781245 0.18490918 0.013889869 0.0006746894 0.020606421 0.69958085 0.023149002 0.0015050251 0.9153087 0.0035455949 0.0021021303 0.036238827 0.8059692 0.9441928 0.00095714274 0.0012403781 0.6817892 0.026216932 0.0013253212 0.6871591 0.003454721 0.050538003 0.0011187432 0.13473769 0.27006462 0.20007487 0.0046498682 0.000978461 0.0012524688 0.47030258 0.31723237 0.059283026 0.0018275045 0.010590806 0.6415768 0.29492107 0.3391219 0.00164127 0.00028002766 0.0008555762 0.0008898536 0.00062576606 0.29350296 0.0006695446 0.00531533 0.002136546 0.0016115033 0.0001070806 0.009530102 0.29617444 0.0017522766 0.0020320811 0.26533338 9.460371e-05 0.0015764287 0.00040047977 0.00046409565 0.00056887633 0.05091529 0.00016277996 0.059370324 1.5571855e-05 0.02314055 0.023879226 0.00015535965 0.008390106 0.2290252 0.0001815372 0.07449907 0.001905606 5.690659e-05 0.00025422827 0.00030643857 8.168255e-05 0.00085479405 0.00011430884 0.072855294 0.0051700124 0.030800229 0.00086861243 8.6527834e-05 0.005859333 5.5080018e-05 0.016344896 9.9288605e-05 0.0012041113 8.81371e-06 0.00017066843 0.00013813296 0.0003102203 0.00011780361 0.0003311913
0.99081695 0.9247897 0.0020484067 0.020520557 4.8584875e-14 0.01727644 0.0016376567 0.66228706 0.009869001 0.00013820254 8.41727e-05 0.0004974921 0.0048971223 0.97221774 0.00036244665 0.9629066 0.002244491 0.0014240595 0.9104672 0.10915298 0.54280394 0.0057514636 0.00083994085 0.00041278687 0.00067180564 0.00028775327 6.4696223e-06 5.6840046e-05 0.0003776059 0.473359 0.023475742 0.07822489 0.0001404602 0.00020479254 0.00015220747 0.00016517192 4.405514e-05 0.008127961 6.021992e-05 0.00023746588 0.00012575962 0.0013285835 3.0735715e-05 1.715662e-05 0.0012523822 3.385788e-05 7.5165967e-06 0.0001344045 0.000116634874 0.008763063 0.04531067 0.0040524974 0.0034195967 9.417492e-06 0.023494307 0.04606028 5.7852925e-05 0.2696506 3.914047e-05 0.0011416405 2.7507447e-05 0.0002115256 0.0040376955 0.011711388 2.7444796e-05 6.3801963e-06 6.46557e-06 0.00032352543 3.208423e-05 0.00040759213 0.00015626832 0.00019095755 1.645817e-05 8.8910616e-07 0.07324668 0.00019482936 0.0033830304 2.527612e-05 5.4617045e-05 0.0005239952 0.01486351 0.00999528 0.00017025534 8.591549e-07 1.8896749e-06 1.8315234e-08 1.7042559e-06 0.00019610104 3.7194347e-06 7.068854e-05 0.00010948517 1.5708547e-06 3.607932e-05 4.8218703e-06 5.5618757e-06 3.4876802e-08 8.145887e-06 6.936137e-05 1.0066265e-05 1.7808707e-08 2.1643204e-05
0.9972849 0.07170068 0.0061280676 0.60761136 0.01727644 1.1948858e-12 0.0004899883 0.82931846 4.100615e-05 0.0011122953 0.0009408363 0.00019535088 0.00012329064 0.018438745 0.0068029864 0.014129763 3.5703088e-05 0.07912725 0.001229781 0.00067490083 0.12787543 0.9393492 0.6388563 3.2738008e-05 1.4574736e-05 0.045756053 5.8559726e-05 7.3868773e-06 0.059712544 0.001193 0.16460149 0.00035618062 0.0018974538 0.1306971 0.00093219796 7.5054195e-05 2.0903286e-05 0.000119845135 0.040427096 0.21335359 0.001273292 1.8580351e-05 0.00013301372 0.031026332 0.85490274 0.05943989 2.3181912e-05 9.706766e-06 1.0197994e-05 1.3082225e-05 0.00070134725 0.9688684 5.9887287e-05 0.00013107885 0.00010872706 0.00042857497 1.6408718e-06 0.0005474765 0.00409465 0.17305842 1.3499599e-05 0.25962082 8.129042e-05 0.00021204489 9.425268e-07 6.6181265e-06 2.8767385e-05 0.7151372 4.0640924e-07 0.6130114 2.7123474e-07 0.11663518 0.00015318139 8.003108e-06 0.0013182292 0.12837625 0.012284906 0.0044239494 0.055434607 1.1425444e-06 4.800917e-05 6.194738e-05 1.3419771e-05 4.624426e-05 3.3249698e-06 5.993368e-05 0.0003887304 0.027566338 7.6166134e-07 0.024813555 0.043089386 1.36488e-06 0.017004158 0.00037885917 0.0020053599 7.2135066e-07 6.6742327e-06 6.5508116e-06 4.6371228e-05 5.4802942e-05 0.005871261
0.9685374 0.011294854 0.9837511 0.061396357 0.0016376567 0.0004899883 7.780278e-11 0.003655396 0.043205786 0.9933488 0.098981455 0.8982211 0.0033203613 0.0006932497 0.00690822 0.0043578343 0.07168649 0.0072721266 0.002349722 0.00037222222 0.00062492694 7.27403e-05 0.0006395579 0.08250677 0.0074524153 0.0017963814 0.13553761 0.08955518 0.00039824506 0.0005430389 6.515077e-05 0.0009847025 0.0019937565 0.00010528625 0.015396708 0.57876277 0.20951934 0.0010548565 0.000119360935 4.5843448e-05 0.00025857805 0.0010321728 0.003436528 0.00011536478 1.8195917e-05 1.573733e-05 0.0016120942 0.00024541124 0.007976569 0.00016791433 7.8653866e-05 3.6932415e-05 0.00035194843 0.0002484452 0.00017330234 0.00054261985 0.00023847353 0.0002276038 0.000421098 2.0873842e-05 0.3414707 4.7768946e-05 1.1763846e-06 0.0001785643 0.008242088 0.12613165 0.0017428411 0.00022795309 0.0010004472 2.2513723e-05 0.00015859997 4.532852e-06 3.8836988e-05 7.467543e-05 0.0002528831 4.6854344e-05 1.478322e-05 2.5475118e-05 5.749867e-06 5.279229e-06 2.6882424e-06 2.3831253e-06 2.3012808e-05 2.3658135e-06 0.00019617661 2.476198e-05 2.734383e-06 3.713702e-05 0.027467484 2.099876e-06 1.1327609e-05 2.2153554e-06 1.5820486e-05 1.1389793e-06 9.903975e-06 1.8443626e-06 0.0018204554 0.00031033863 0.0032816452 3.114274e-07 1.4671002e-05
0.99226385 0.5052839 0.0067664995 0.6502852 0.66228706 0.82931846 0.003655396 1.341918e-11 0.0007875895 0.0029966284 0.00033711028 0.00046108323 0.00036739153 0.33770037 0.001099873 0.062224075 0.00025099772 0.00879489 0.012351814 0.0027226948 0.99341846 0.23635677 0.007884865 5.441034e-05 8.3087e-05 0.0009759936 4.586203e-05 4.8381025e-06 0.0022172567 0.0065506957 0.93356323 0.00037958534 0.00026547784 0.0049850163 0.00021464714 3.1181466e-05 1.2417227e-05 0.00020611256 0.0007661125 0.0024406451 0.00012683448 0.000102862294 7.632554e-05 0.00012432934 0.031501308 0.0004194647 7.322085e-06 5.5714983e-05 4.37172e-06 0.00011887314 0.016695905 0.118834846 0.0004012696 5.618277e-05 0.00046352108 0.0017139891 8.132388e-06 0.0023188682 0.00010744826 0.09267838 1.9318077e-05 0.0013116726 0.013570977 0.0010885431 1.5531616e-05 6.8633126e-06 5.2551102e-05 0.3670141 1.2563225e-05 0.008576065 2.6997872e-05 0.0010764231 2.6237078e-05 2.4846345e-06 0.0009171144 0.00030958277 0.19521534 7.2707015e-05 0.0005500194 5.1980092e-05 0.0011264788 0.00025409157 0.00010203107 1.2008945e-05 5.030795e-05 3.5600166e-07 2.3387092e-05 0.00054265937 1.9280649e-06 0.007178023 0.002281383 2.5563204e-06 0.00060377055 4.388992e-05 6.467281e-05 1.314275e-07 0.00014376355 0.00017623739 0.00013927836 2.4997777e-07 0.000365779
0.9989688 0.14634123 0.24215598 0.0011454705 0.009869001 4.100615e-05 0.043205786 0.0007875895 2.2572656e-14 0.003870968 0.0003920265 0.058538623 0.28346327 0.00065410323 0.00019398042 0.008793037 0.9566619 0.0003337713 0.010705039 0.015460308 0.00054184365 7.6807555e-06 3.3912074e-05 0.48769307 0.8496703 2.4101788e-05 0.0005234727 0.095560774 1.6410133e-05 0.001729872 2.4558363e-05 0.08557837 1.5931055e-05 2.5863476e-06 0.00012246975 0.017583324 0.004610142 0.10973923 6.29846e-06 5.7114366e-06 1.0525059e-06 0.9577348 4.8856116e-05 9.044081e-07 2.5999193e-06 1.8958707e-07 1.8159288e-05 0.6110495 0.74570954 0.0018187322 0.00012230925 2.9771315e-06 0.018965283 2.0565642e-06 0.0007696654 0.0006673981 0.105931394 0.0013582474 1.2840479e-05 7.752434e-06 0.0006048745 1.6715333e-06 4.367526e-07 0.00073642045 0.020292772 0.0021889831 3.2745873e-05 9.239879e-06 0.05042276 3.3882961e-06 0.6612036 6.970665e-07 8.0859667e-07 4.0195877e-07 0.006200418 2.0041343e-06 2.847835e-06 1.7543967e-06 5.9931506e-07 0.003214018 1.3101915e-05 4.2520307e-05 0.00023247414 2.122147e-07 0.0018908883 9.95847e-08 2.977837e-07 3.4188756e-06 1.1005187e-05 2.6072266e-06 2.2240895e-06 0.00043786952 4.3820782e-07 5.439583e-08 1.061932e-06 2.1005327e-08 1.0626803e-05 0.20582022 0.00010473435 7.95826e-09 1.13092e-06
0.9007739 0.0026833224 0.75163853 0.099781245 0.00013820254 0.0011122953 0.9933488 0.0029966284 0.003870968 2.4198422e-13 0.65072024 0.91969824 0.0006085141 0.00022008087 0.054730304 0.001267632 0.008383268 0.029241566 0.00041804757 0.00012745713 9.332443e-05 0.00030834228 0.0025668938 0.07560255 0.0022524046 0.00581764 0.8918935 0.14909211 0.0007881888 3.982796e-05 2.966146e-05 0.00021879844 0.013258306 0.00025286042 0.26165327 0.92704254 0.65900254 0.00019588292 0.0005005202 9.612687e-05 0.0017639917 0.00068493787 0.06256141 0.00019739929 2.1904158e-05 1.614118e-05 0.026551368 0.00022752088 0.0006503702 8.982442e-05 2.2503033e-05 1.9106876e-05 0.000110439374 0.004000692 3.755583e-05 6.9301335e-05 5.2914194e-05 4.430263e-05 0.0009863571 9.487363e-06 0.91084176 2.9096242e-05 2.625883e-07 0.00018298614 0.02243507 0.43887427 0.019692943 5.6535646e-06 0.00083617045 2.777719e-06 8.216688e-05 1.0997334e-06 8.458875e-05 0.00021271732 4.7223764e-07 5.4824635e-05 1.4389124e-06 1.9374886e-05 2.3004536e-07 5.269603e-07 7.5110034e-07 1.3182186e-06 2.2017017e-05 6.5434676e-08 0.00019488957 2.5568092e-05 1.3105183e-06 1.209682e-05 0.4872066 5.0555714e-06 1.1296723e-05 1.4116492e-06 1.1345616e-06 7.087207e-07 3.2464418e-06 6.850763e-06 0.012224482 3.9647573e-05 0.0075675794 9.6657686e-08 5.768907e-07
0.99682677 0.0032706817 0.6985331 0.18490918 8.41727e-05 0.0009408363 0.098981455 0.00033711028 0.0003920265 0.65072024 1.3071748e-11 0.0048211394 0.0003027489 0.00015735131 0.32117963 0.0004057782 0.00014966619 0.025810238 4.3252552e-05 4.0491905e-05 6.909827e-05 2.5914149e-05 0.00013573111 0.00013118314 0.000335654 0.0044272286 0.99074244 0.00051193766 0.0007255528 1.091514e-05 4.4977252e-05 8.4310246e-05 0.13122068 7.166783e-05 0.9439349 0.0074649807 0.002411425 0.0001072158 7.7456905e-05 4.866541e-05 0.023996392 4.6365017e-06 0.33587304 0.00022175685 1.794023e-05 3.0743864e-05 0.11906245 2.5202973e-05 0.00028159833 1.2356819e-06 5.0335857e-06 3.501668e-06 1.7331811e-05 0.049835294 3.7725922e-06 2.7636315e-05 4.3415832e-05 8.125365e-06 0.008993431 3.5193348e-06 0.07367225 3.0967447e-05 2.595033e-07 1.3162795e-05 5.089252e-05 0.0016279349 0.049319185 4.638251e-05 0.00010253009 1.682056e-05 5.455657e-06 2.6672003e-06 0.0020786615 0.0012461797 7.1060185e-06 0.00014066839 3.0293372e-06 8.647042e-05 2.0729153e-06 2.2180761e-06 1.197977e-06 2.068986e-07 9.463651e-06 4.0192485e-06 3.5765534e-06 0.0006705619 2.4743684e-05 6.155541e-05 0.16242003 3.2720462e-07 7.034183e-06 7.975013e-07 0.00042943904 1.1061666e-06 1.4421252e-05 0.00010490888 0.0011097015 8.4527695e-05 0.00010965592 6.729325e-06 4.180613e-06
0.9820833 0.008132013 0.8784374 0.013889869 0.0004974921 0.00019535088 0.8982211 0.00046108323 0.058538623 0.91969824 0.0048211394 2.3439337e-13 0.001486309 0.00011870797 0.0012197308 0.0015709883 0.26947328 0.0012407929 0.0009943506 0.00020092401 9.709557e-05 2.0284344e-05 0.00015805216 0.9052524 0.07627 0.00054034306 0.018324345 0.9337259 0.0001272367 0.00016465527 2.3172874e-05 0.00106196 0.0010455097 2.5745685e-05 0.0044655446 0.96322745 0.81892943 0.0010503412 8.891129e-05 2.8630457e-05 0.00013732951 0.0037347514 0.001237893 7.206494e-05 2.8015988e-06 4.7787144e-06 0.00038392688 0.0018480179 0.035210606 0.00012565628 1.4753656e-05 2.7650826e-06 0.00023891217 9.760602e-05 0.00013657068 9.357523e-05 0.0010900666 2.8600844e-05 0.00013684851 1.3014693e-05 0.478948 1.0273372e-05 6.889435e-07 0.0001891 0.27056783 0.6399766 0.00035403355 1.0115556e-05 0.012005453 4.1151197e-06 0.03331224 1.3391498e-06 3.5923908e-06 2.3414967e-05 1.2831774e-05 1.2789064e-05 2.905145e-06 1.9854237e-05 3.9271293e-07 7.90683e-06 1.1977703e-06 9.578005e-07 3.4737703e-05 1.494543e-07 0.0028629566 2.3632292e-06 1.1842777e-06 1.361888e-06 0.0024321664 5.729098e-07 2.3499697e-06 2.0348427e-06 8.403002e-07 4.803239e-07 3.68545e-06 1.5742936e-06 0.00158703 0.0006422199 0.010141278 4.6449365e-08 7.140208e-06
0.9993295 0.3564535 0.07844925 0.0006746894 0.0048971223 0.00012329064 0.0033203613 0.00036739153 0.28346327 0.0006085141 0.0003027489 0.001486309 4.7337316e-12 0.0015203716 0.0002459745 0.0048074233 0.021400958 0.00013962934 0.005534846 0.5634666 0.0010437245 2.0777932e-05 2.0965515e-05 0.0015492556 0.012614171 1.8220246e-05 7.125927e-05 0.00045689775 4.310293e-06 0.0044774464 0.0004397468 0.93907493 1.8839788e-05 3.2893338e-06 7.7420795e-05 0.0005515771 0.00012131866 0.97832173 4.996186e-06 4.011066e-06 3.3263113e-06 0.9154513 2.590733e-05 4.885583e-07 7.095488e-06 1.5661585e-07 6.517529e-06 0.09542675 0.042822864 0.17147362 0.0001098549 1.1692258e-05 0.39982134 1.027861e-06 0.08111926 0.002599916 0.01159302 0.06154852 2.1472299e-05 4.0486808e-05 0.00010705293 5.2383903e-06 4.952188e-06 0.017436517 7.498587e-05 8.31731e-05 1.5272357e-05 1.5462015e-06 0.00024933388 9.718094e-06 0.060347628 1.6730883e-06 2.1702763e-06 2.0148477e-07 0.028077511 8.353842e-06 1.5282703e-05 2.223481e-06 1.5485567e-06 0.45463023 5.584825e-05 0.0019270384 0.013552139 1.4415488e-07 5.58805e-06 1.593995e-08 1.22917e-07 1.4192167e-06 4.1973416e-07 1.1044062e-06 8.565656e-07 0.013545982 3.6434233e-06 3.0964266e-08 1.6268025e-07 1.3535261e-08 7.0672927e-06 0.18622313 4.839755e-06 2.8482163e-09 1.5446451e-06
0.89522314 0.5563593 0.0016631845 0.020606421 0.97221774 0.018438745 0.0006932497 0.33770037 0.00065410323 0.00022008087 0.00015735131 0.00011870797 0.0015203716 7.47038e-12 0.00038629596 0.9954728 0.00015675028 0.0010765294 0.40477434 0.0035393194 0.9781866 0.003461285 0.00070885627 7.7806535e-06 2.2245255e-05 0.00021841089 4.131206e-06 6.86966e-07 0.00020387452 0.30258876 0.026642649 0.002274887 6.2485655e-05 0.0004313927 3.1902535e-05 3.747756e-06 2.115049e-07 0.0007509884 0.00013369869 0.00029990543 6.317473e-05 0.00022336935 4.8582474e-06 2.244788e-05 0.00058150466 3.5458095e-05 1.1188626e-07 1.6757016e-05 1.1128018e-06 0.0012491097 0.77417064 0.0015381809 0.0008540435 2.0081789e-06 0.0029527175 0.12083268 1.1390715e-06 0.012823556 4.2311898e-05 0.0021002837 2.842387e-06 7.52132e-05 0.56743896 0.0049725496 2.8517505e-05 1.0158502e-06 8.0151685e-06 0.0004744492 1.1985101e-05 0.00024917463 6.579401e-07 4.2034506e-05 4.0010636e-06 2.6018205e-07 0.0032319112 0.000153266 0.0048560477 5.162435e-05 7.1462573e-06 2.8644326e-05 0.09649234 0.0016623163 7.6867036e-05 4.915306e-07 3.7387542e-07 1.5684925e-08 5.507229e-07 9.968482e-05 3.3957215e-07 0.00024501132 0.0001798596 1.2967978e-06 4.377682e-06 5.887423e-06 2.556774e-06 5.3184773e-10 1.2375377e-05 1.7058404e-05 1.7375395e-06 4.8803726e-09 6.6764096e-06
0.99825126 0.005989783 0.4060394 0.69958085 0.00036244665 0.0068029864 0.00690822 0.001099873 0.00019398042 0.054730304 0.32117963 0.0012197308 0.0002459745 0.00038629596 9.667819e-11 0.00035156833 0.00012178875 0.7374486 4.3942357e-05 1.9750936e-05 0.00023776591 0.00016685104 0.00094889244 3.3179367e-05 6.956275e-05 0.07314944 0.0757482 7.196549e-05 0.0069754412 1.237239e-05 7.3894174e-05 2.3163968e-05 0.9951948 0.0005986453 0.83945334 0.0002367082 9.677866e-05 2.1669353e-05 0.0015061738 0.0003099154 0.41078514 5.9264926e-07 0.10369373 0.0040285047 9.8646524e-05 0.0005402575 0.013390139 5.829363e-06 4.489677e-05 1.6089265e-07 4.4768226e-06 2.1905427e-05 5.566461e-06 0.20383005 7.9722065e-07 1.2193755e-05 1.7858089e-05 6.096386e-06 0.13914871 3.95435e-07 0.0015036156 0.00017480769 2.7326874e-07 2.8073116e-06 2.3806913e-05 2.7376123e-05 0.0031494554 7.083762e-05 1.3564887e-05 6.605002e-05 1.97354e-07 2.1938504e-05 0.08313905 0.0015370672 5.595361e-06 0.00071561325 8.5785473e-07 0.0003393328 9.048447e-07 1.1661663e-06 2.5873046e-06 4.5991982e-07 8.785014e-07 2.0457555e-05 1.6100723e-06 0.01622794 0.000119407625 0.00020172216 0.00975521 9.3060925e-07 6.448128e-05 4.6244438e-07 0.00056622067 1.0184903e-05 8.8076886e-05 0.00022397152 0.000119116674 3.146393e-05 2.5597956e-05 0.00016579797 1.4623983e-05
0.887166 0.8027832 0.006400481 0.023149002 0.9629066 0.014129763 0.0043578343 0.062224075 0.008793037 0.001267632 0.0004057782 0.0015709883 0.0048074233 0.9954728 0.00035156833 8.345917e-12 0.002101984 0.0010387505 0.9402328 0.0134104965 0.27813128 0.0035119958 0.0004588894 0.0002926342 0.00033714887 0.00017086597 3.601387e-05 1.561489e-05 0.00015699382 0.89788705 0.005310704 0.009711429 8.059445e-05 0.00018853636 8.546122e-05 3.6692847e-05 2.0835785e-06 0.0024187104 7.799587e-05 0.0001792582 7.219068e-05 0.00042098493 9.573215e-06 2.7355336e-06 0.00048617797 2.7558922e-06 2.0242562e-07 0.00010781634 6.340602e-05 0.007684619 0.93463594 0.00043610996 0.004506934 5.9784484e-06 0.015699526 0.49245602 1.8359478e-06 0.12805313 3.001728e-05 0.0002645614 2.0229903e-05 2.7096718e-05 0.67573714 0.019985512 0.00014274086 2.3599152e-05 1.1019018e-05 0.0003999479 6.5427507e-06 0.00010428514 1.206616e-05 1.8672026e-05 3.911377e-06 5.4996394e-07 0.058694284 6.24336e-05 0.0009243849 2.341548e-05 4.2157735e-06 7.5571035e-05 0.07779356 0.019351656 0.00012355747 7.8305544e-07 2.9195182e-06 7.891957e-10 2.4853182e-07 6.510357e-05 5.303761e-07 0.000105050945 0.00012787376 4.5038696e-06 3.3261722e-06 7.018972e-06 1.1687733e-05 2.0302293e-08 4.3479107e-05 5.926255e-05 1.069671e-06 3.5772298e-09 3.893895e-06
0.98783344 0.039161243 0.28455913 0.0015050251 0.002244491 3.5703088e-05 0.07168649 0.00025099772 0.9566619 0.008383268 0.00014966619 0.26947328 0.021400958 0.00015675028 0.00012178875 0.002101984 1.4769596e-12 9.790564e-05 0.0017805662 0.00034164544 8.456108e-05 5.001979e-06 3.036906e-05 0.91106826 0.9892745 1.22512665e-05 0.00054078456 0.4682004 7.210691e-06 0.0005232531 4.655417e-06 0.0027577186 9.9833e-06 4.3376913e-06 8.535077e-05 0.040922765 0.022325886 0.003543391 1.2244714e-05 6.9598486e-06 3.3497347e-06 0.19186343 4.2891857e-05 2.164974e-06 2.1446463e-06 8.5663663e-07 3.5323697e-05 0.07185476 0.395531 0.00010038841 1.6098074e-05 1.2161614e-06 0.0010481963 9.264703e-07 0.00012007657 0.00022712265 0.028741542 3.8085705e-05 1.4540562e-06 3.3159672e-06 0.0013684721 3.5543192e-06 1.7010413e-07 0.00012198122 0.09767482 0.010646285 2.4332556e-05 2.3727953e-06 0.050557382 1.9026912e-06 0.6962375 3.04828e-07 1.1448845e-07 2.4051775e-07 3.3990298e-05 4.335896e-06 2.9943328e-06 1.96437e-06 1.2164983e-07 1.8488596e-05 7.595969e-07 1.294323e-06 6.924141e-05 4.4999646e-07 0.0024494533 1.6220945e-07 1.2157514e-07 1.6759778e-07 2.12786e-05 2.0458764e-07 1.8996678e-07 1.1983558e-05 8.923038e-08 6.402614e-08 1.0648298e-07 3.740422e-08 1.1892956e-05 0.012278889 0.00044112242 9.566009e-09 6.685766e-07
0.99279237 0.011597559 0.2046979 0.9153087 0.0014240595 0.07912725 0.0072721266 0.00879489 0.0003337713 0.029241566 0.025810238 0.0012407929 0.00013962934 0.0010765294 0.7374486 0.0010387505 9.790564e-05 2.499195e-10 0.00011176805 2.0588379e-05 0.0006560049 0.0072327373 0.037549816 1.676651e-05 2.0701527e-05 0.99438363 0.0062829736 4.6019886e-05 0.40958795 0.00013528604 0.00018668619 2.8127022e-05 0.56439143 0.005445836 0.033584304 0.00012003226 0.0001012106 4.208059e-05 0.016548473 0.0018704474 0.5253566 3.4432244e-07 0.0030050378 0.17299958 0.0011837882 0.011898209 0.00034789188 8.441608e-06 2.456059e-05 3.3066215e-07 5.016714e-05 0.0002884253 1.4381971e-05 0.117229804 9.566365e-07 0.00011493266 5.123572e-06 8.233972e-06 0.75007874 1.50014e-06 0.00022203302 0.0016790986 1.1045241e-06 3.886491e-06 2.6566006e-05 5.9965037e-06 8.1353624e-05 0.0002451165 5.1885518e-06 0.00017763318 1.9364447e-07 0.00017774571 0.266865 0.0006258866 1.1578477e-05 0.008088471 1.1643448e-06 0.013745326 3.0996057e-06 1.2922435e-06 3.1058908e-06 1.3144567e-07 7.156303e-06 0.00082558044 1.7577931e-06 0.16778316 0.0027571493 0.0019405639 0.00055915717 1.6941781e-06 0.00029859066 3.3659978e-07 0.0067551513 7.3561496e-06 0.0002587046 0.00020499418 5.7904444e-06 1.7152957e-05 1.7867509e-05 0.0014220395 1.0358026e-05
0.97305095 0.91763484 0.0014258153 0.0035455949 0.9104672 0.001229781 0.002349722 0.012351814 0.010705039 0.00041804757 4.3252552e-05 0.0009943506 0.005534846 0.40477434 4.3942357e-05 0.9402328 0.0017805662 0.00011176805 1.2733032e-13 0.1095472 0.069927424 0.00048152352 3.2372245e-05 0.00027989337 0.0005233939 5.373345e-06 6.8549784e-06 1.14878685e-05 1.12088e-05 0.9931348 0.002347584 0.049318258 3.920755e-06 1.5439478e-05 5.7991547e-06 3.731182e-05 1.6397235e-06 0.0050679054 3.6971799e-06 1.5835292e-05 1.5308244e-05 0.0006674312 2.0248094e-06 1.3753493e-07 8.512674e-05 8.27216e-08 5.8683355e-08 4.5544464e-05 7.758643e-05 0.044240505 0.5693573 0.00054362963 0.032942683 2.2451329e-07 0.0849225 0.599631 4.275429e-06 0.50912917 3.39607e-06 0.00027234424 1.0440679e-05 7.0846017e-06 0.034268532 0.091959134 1.0054098e-05 3.3694394e-06 7.735525e-07 2.9053708e-05 4.6902073e-06 9.4751245e-05 4.1583913e-05 1.6716145e-06 7.404249e-06 4.1182876e-08 0.2600552 2.25899e-05 0.000741411 7.466923e-07 8.9024144e-07 0.00033124117 0.099423416 0.095483266 0.0006783297 1.0587239e-07 4.817993e-07 1.9899122e-09 7.385687e-08 3.0424728e-06 6.2828525e-07 5.2179457e-05 1.8485916e-05 6.074321e-06 4.864133e-07 2.862846e-07 4.310164e-07 1.37716105e-08 1.7909109e-06 3.5341083e-05 1.973609e-06 1.8776363e-09 4.6615874e-06
0.9971907 0.7762641 0.017038148 0.0021021303 0.10915298 0.00067490083 0.00037222222 0.0027226948 0.015460308 0.00012745713 4.0491905e-05 0.00020092401 0.5634666 0.0035393194 1.9750936e-05 0.0134104965 0.00034164544 2.0588379e-05 0.1095472 3.036704e-12 0.0039598034 1.8154456e-05 1.1782175e-05 1.2827517e-05 0.00023579727 2.071054e-06 5.677695e-06 4.458166e-06 1.0511959e-06 0.01657101 0.00010290537 0.971557 3.110027e-07 2.9989938e-06 1.595752e-06 9.771922e-06 3.5712192e-06 0.43802932 9.1569666e-07 1.5832552e-06 1.0122782e-07 0.010491624 5.451847e-07 4.1785082e-08 1.5800076e-06 2.67347e-08 8.310637e-08 0.00022633256 6.453025e-05 0.9461651 0.00089021435 1.8728622e-06 0.8315499 4.0523442e-08 0.8089037 0.014405343 4.8000056e-05 0.59602267 5.9793234e-07 1.1185287e-05 1.9613021e-06 1.3552602e-07 1.3703048e-05 0.28506896 1.1509362e-05 6.9133503e-06 1.2402593e-06 6.828654e-07 3.5733042e-06 4.906188e-07 0.00016728122 5.7209157e-08 6.2101265e-08 8.1469885e-08 0.146656 2.3422001e-07 2.7203498e-05 1.4899904e-07 4.732658e-08 0.2506035 0.00061996444 0.025706945 0.2510037 1.8230473e-08 1.0723563e-06 1.4169689e-08 2.7814114e-08 7.453402e-08 1.2013928e-07 1.061529e-06 1.4055728e-07 0.0002192724 3.7152532e-07 2.5088784e-08 8.522562e-08 4.4875982e-08 2.1227129e-06 0.0011974078 2.515347e-06 2.743945e-09 4.824062e-07
0.7880518 0.09586936 0.001482211 0.036238827 0.54280394 0.12787543 0.00062492694 0.99341846 0.00054184365 9.332443e-05 6.909827e-05 9.709557e-05 0.0010437245 0.9781866 0.00023776591 0.27813128 8.456108e-05 0.0006560049 0.069927424 0.0039598034 4.6445204e-12 0.012612452 0.0027124137 2.8988652e-06 8.73202e-06 0.0001938151 3.4026186e-06 2.3640575e-07 0.00039806656 0.23214154 0.97866714 0.002019281 8.6181455e-05 0.0013702972 4.049306e-05 1.6864838e-06 1.2156424e-07 0.00045058315 0.00020751051 0.00043030895 6.7243636e-05 0.00010715375 5.7175403e-06 3.3704884e-05 0.0029311462 0.000101344376 1.6802667e-07 2.3210625e-05 7.9196775e-07 0.000567615 0.6415691 0.016130226 0.00043231543 4.0604974e-07 0.0014656234 0.00978232 1.0294359e-07 0.007814348 6.9768407e-06 0.009987853 1.3893084e-07 7.775591e-05 0.8518505 0.0014694904 3.2428667e-05 2.8877814e-06 1.309815e-06 0.003541347 9.124747e-07 0.00026742835 2.8228843e-07 6.0099323e-05 4.446224e-07 4.5742144e-08 0.0049655954 8.344776e-05 0.30286416 1.391466e-05 6.509289e-05 5.2743526e-06 0.0045461305 0.00097301684 1.9834064e-05 6.060521e-08 9.253726e-09 8.185269e-09 2.600248e-07 7.7092416e-05 1.8210802e-08 0.0005018382 4.5903253e-05 3.3878192e-07 1.4902142e-06 1.0223473e-06 5.269654e-07 9.2798755e-11 6.677266e-07 3.0403905e-06 7.038216e-08 1.0013506e-09 2.7349438e-06
0.9706623 0.027916877 0.0015419283 0.8059692 0.0057514636 0.9393492 7.27403e-05 0.23635677 7.6807555e-06 0.00030834228 2.5914149e-05 2.0284344e-05 2.0777932e-05 0.003461285 0.00016685104 0.0035119958 5.001979e-06 0.0072327373 0.00048152352 1.8154456e-05 0.012612452 5.3093147e-10 0.98142076 1.4114031e-06 4.550971e-06 0.0154111115 4.895152e-06 2.4157534e-06 0.13634577 0.00041798915 0.009412882 6.8244946e-05 0.000178162 0.93586403 4.217163e-05 2.8001927e-05 1.9283085e-05 1.889692e-05 0.09787935 0.511709 0.00037029863 1.4331865e-06 4.8086058e-05 0.010204868 0.9341446 0.090146475 9.973127e-06 3.1959553e-06 1.1345686e-05 2.1194076e-06 0.00021334428 0.6609082 3.7366444e-05 5.136654e-06 5.576886e-06 0.00010028372 9.184512e-06 2.26712e-05 0.0012504882 0.0009601198 1.307023e-05 0.50789267 7.101916e-05 3.8315473e-05 8.651178e-06 3.8043722e-06 1.812178e-05 0.09787352 2.4787626e-06 0.21418048 2.3324112e-06 0.16314101 9.318464e-05 3.6370542e-07 4.2057323e-05 0.25093278 6.230613e-05 0.0077479184 0.0057745 5.476018e-06 8.620534e-06 1.6725084e-05 0.00010221192 0.00017387577 5.340542e-06 0.00016586551 0.0026559622 0.09955776 1.6254766e-05 0.0008255678 0.027160421 3.3382794e-06 0.049035948 0.0004484264 0.0064146826 1.0048676e-06 6.9274074e-06 6.7641246e-05 9.7296994e-05 0.00014674521 0.005226562
0.9694999 0.008786962 0.0144363195 0.9441928 0.00083994085 0.6388563 0.0006395579 0.007884865 3.3912074e-05 0.0025668938 0.00013573111 0.00015805216 2.0965515e-05 0.00070885627 0.00094889244 0.0004588894 3.036906e-05 0.037549816 3.2372245e-05 1.1782175e-05 0.0027124137 0.98142076 2.3201228e-10 5.9428858e-06 4.8716047e-06 0.11038602 2.5217347e-05 2.8080585e-06 0.6835119 2.8708186e-05 0.00036000749 1.9769062e-05 0.0013704239 0.98231703 0.00034380163 1.7241224e-05 3.7983704e-05 6.584012e-06 0.5120717 0.5553228 0.0026496237 4.893861e-07 3.802542e-05 0.143843 0.46160802 0.48925814 1.4390751e-05 1.800707e-06 5.606482e-06 3.0754947e-07 6.28528e-05 0.21940944 4.820068e-06 0.00024560062 5.970879e-07 1.0233984e-05 2.3659263e-06 3.4679824e-06 0.007724166 6.415466e-05 1.6111637e-05 0.49915883 3.0113777e-06 4.883159e-06 2.9757946e-06 9.584675e-07 1.8862604e-05 0.008875555 2.9074922e-06 0.0816619 9.4880903e-07 0.07949451 0.00040735648 9.193469e-06 5.2953137e-06 0.44516528 1.23433165e-05 0.025335021 0.002025533 9.495767e-07 1.2363338e-06 2.818619e-06 3.1421935e-06 0.00026050746 2.3660393e-06 0.0013921722 0.008466651 0.08318971 9.896224e-06 6.71356e-05 0.014926188 5.6841776e-07 0.05151605 0.00014472484 0.0044518104 1.243732e-06 4.9278265e-06 9.840931e-06 2.1294474e-05 0.00041009163 0.0010678885
0.9462043 0.0043387488 0.13333431 0.00095714274 0.00041278687 3.2738008e-05 0.08250677 5.441034e-05 0.48769307 0.07560255 0.00013118314 0.9052524 0.0015492556 7.7806535e-06 3.3179367e-05 0.0002926342 0.91106826 1.676651e-05 0.00027989337 1.2827517e-05 2.8988652e-06 1.4114031e-06 5.9428858e-06 1.33229565e-11 0.9615984 3.623499e-06 0.00047168427 0.9977467 1.7410675e-06 9.764088e-06 2.733863e-07 0.0001843742 6.353977e-06 1.1515549e-06 3.5272024e-05 0.24186537 0.14639801 0.00026019634 4.2000024e-06 5.9490355e-07 1.4750004e-06 0.005602816 3.5007484e-05 4.0683076e-07 2.9922845e-07 2.0618979e-08 3.29357e-05 0.006146577 0.21051754 7.356858e-06 3.530721e-06 6.8720816e-08 0.00032092017 7.9027996e-07 2.6312334e-06 1.7520399e-05 0.00500321 1.7096817e-06 2.4584385e-06 2.6517291e-06 0.006882075 1.7884992e-06 6.435316e-08 1.2719139e-05 0.40266266 0.19121277 6.7042245e-05 1.07337165e-07 0.09147496 6.6682423e-07 0.4707342 7.481318e-08 6.7703905e-07 4.4249046e-07 1.0939718e-06 2.9465386e-06 3.3622136e-06 4.6815666e-07 1.092062e-08 8.42353e-06 5.669836e-07 1.5797492e-07 1.7419703e-05 3.0012328e-07 0.0031965377 1.0380562e-07 2.2223912e-08 6.6432676e-08 3.133786e-05 1.361681e-07 9.0433485e-07 3.0723304e-06 5.400434e-08 2.9601194e-08 5.126409e-07 3.8701604e-08 3.3304463e-05 0.0011356793 0.00362878 7.941959e-09 4.8593995e-07
0.9110207 0.010687055 0.042388007 0.0012403781 0.00067180564 1.4574736e-05 0.0074524153 8.3087e-05 0.8496703 0.0022524046 0.000335654 0.07627 0.012614171 2.2245255e-05 6.956275e-05 0.00033714887 0.9892745 2.0701527e-05 0.0005233939 0.00023579727 8.73202e-06 4.550971e-06 4.8716047e-06 0.9615984 1.2489069e-12 2.1174437e-06 5.612541e-05 0.40104038 8.827467e-07 0.00015187543 4.9495297e-06 0.0013653572 1.10615965e-05 1.0598085e-06 7.3103874e-05 0.010893314 0.0062127425 0.0024042744 3.149772e-06 3.8193784e-06 1.2529382e-06 0.31981593 5.5380086e-05 6.1631005e-07 2.4127096e-06 7.45845e-08 3.5499895e-06 0.3354892 0.9161251 0.0002650033 8.522141e-06 1.5836206e-06 0.0015327103 9.49029e-07 0.00017727558 0.00012013086 0.16061914 6.794654e-05 3.8575845e-06 7.4859213e-06 0.001097517 3.7800146e-06 4.3221544e-07 0.00017355983 0.6614128 0.053151134 2.3327662e-05 1.02609555e-07 0.6607549 2.043678e-06 0.9621035 6.034524e-07 6.7568834e-07 2.5055835e-08 2.524389e-05 1.8267552e-05 4.259866e-06 1.6015744e-06 2.2823171e-08 6.889002e-05 6.0814505e-06 3.4904658e-06 7.546776e-05 8.835885e-08 0.020402696 4.107384e-08 1.2076153e-07 6.457168e-07 5.7588542e-05 5.338042e-06 3.259464e-07 2.3179635e-05 5.6318672e-08 1.4279155e-07 3.2347598e-06 9.842371e-09 2.887582e-05 0.03435581 0.00083987677 6.7371038e-09 4.6697633e-07
0.84887445 0.0023994173 0.024345677 0.6817892 0.00028775327 0.045756053 0.0017963814 0.0009759936 2.4101788e-05 0.00581764 0.0044272286 0.00054034306 1.8220246e-05 0.00021841089 0.07314944 0.00017086597 1.22512665e-05 0.99438363 5.373345e-06 2.071054e-06 0.0001938151 0.0154111115 0.11038602 3.623499e-06 2.1174437e-06 7.524234e-12 0.00043543236 7.680134e-06 0.99534833 5.516294e-06 2.9704797e-05 1.1112253e-05 0.10051494 0.018862547 0.0052324217 6.2127474e-05 3.864144e-05 1.0119425e-05 0.15908363 0.0018731832 0.26577044 2.5775998e-07 0.001184044 0.49333647 0.0015221088 0.02609366 0.0001766377 5.8253704e-07 6.4668643e-06 1.7935781e-07 2.3849498e-05 0.0008651258 1.1100337e-05 0.018538008 5.82169e-08 9.591959e-06 1.7908613e-06 1.0422181e-06 0.84453166 2.7146984e-06 9.200709e-05 0.0033608738 1.0136037e-05 6.487215e-07 1.1744918e-05 8.978498e-06 5.762815e-05 0.00044869338 3.5714233e-06 0.00022440618 1.3330978e-07 0.00030386978 0.039798252 0.00052789797 1.5077867e-07 0.015846195 1.4208417e-06 0.054616738 8.168227e-06 1.0857193e-06 2.2301278e-06 1.419105e-07 2.3741457e-05 0.003667392 2.98378e-06 0.20716433 0.010255356 0.006982553 9.581824e-05 7.644154e-06 8.760567e-05 6.8492244e-07 0.032232717 3.0510027e-05 0.0006803392 0.00013853482 8.98973e-06 7.4404484e-06 4.1326188e-05 0.0020094395 3.065454e-05
0.90919954 0.0011561408 0.30274233 0.026216932 6.4696223e-06 5.8559726e-05 0.13553761 4.586203e-05 0.0005234727 0.8918935 0.99074244 0.018324345 7.125927e-05 4.131206e-06 0.0757482 3.601387e-05 0.00054078456 0.0062829736 6.8549784e-06 5.677695e-06 3.4026186e-06 4.895152e-06 2.5217347e-05 0.00047168427 5.612541e-05 0.00043543236 6.0392876e-12 0.00037299388 0.0001332735 7.671375e-07 3.6904723e-06 5.1098432e-05 0.096159354 5.3639146e-06 0.9327017 0.042621408 0.011389826 3.5403827e-05 3.5835543e-05 2.91602e-06 0.016752837 1.4122128e-05 0.94413704 3.3948443e-05 4.177556e-06 9.072243e-07 0.86808985 6.920494e-06 6.824188e-05 6.4188093e-06 9.1471213e-07 1.4448542e-06 0.00011878045 0.25808012 6.69694e-07 4.903641e-06 3.2257649e-06 4.615632e-07 0.00019194421 1.7681684e-06 0.7673303 4.602632e-06 2.6772753e-07 4.3817085e-06 2.3506364e-05 0.023795368 0.6900332 1.031446e-08 8.376331e-06 1.7706353e-06 8.626183e-06 1.17511696e-07 0.0016736253 0.022567868 9.492218e-09 2.3357316e-05 1.0567353e-06 4.6239875e-06 2.5693744e-08 5.877465e-08 5.442715e-07 3.4466578e-07 1.9819012e-05 1.1157511e-07 8.589918e-07 5.125468e-06 2.9246777e-07 1.3446539e-06 0.9075728 4.040588e-07 4.7294993e-08 4.7786034e-07 6.991801e-08 1.4058729e-07 1.5372182e-06 0.00039711525 0.026173962 3.348422e-06 0.0002702991 8.567088e-08 9.909e-08
0.7964481 0.0018410222 0.07880798 0.0013253212 5.6840046e-05 7.3868773e-06 0.08955518 4.8381025e-06 0.095560774 0.14909211 0.00051193766 0.9337259 0.00045689775 6.86966e-07 7.196549e-05 1.561489e-05 0.4682004 4.6019886e-05 1.14878685e-05 4.458166e-06 2.3640575e-07 2.4157534e-06 2.8080585e-06 0.9977467 0.40104038 7.680134e-06 0.00037299388 3.154348e-13 1.8906701e-06 4.95579e-07 4.0971435e-07 3.7418726e-05 3.5490062e-05 1.3097524e-06 0.00018731393 0.8659918 0.8421076 0.00012949368 7.525398e-06 1.0975477e-06 1.9226089e-05 0.0020515036 7.771291e-05 2.1653393e-06 1.7676786e-07 7.4285225e-08 5.088116e-05 0.003770185 0.13684154 5.4881893e-06 1.0769589e-06 6.5924375e-08 0.00012911028 3.1738402e-06 2.7357578e-06 2.0202208e-06 0.0068378597 1.9393352e-07 2.244237e-06 5.859816e-07 0.094631225 3.66753e-06 6.952372e-08 3.0856336e-05 0.95766485 0.7625074 0.00014532286 1.270737e-08 0.41446376 4.6550502e-07 0.8020093 5.9114626e-08 1.04164215e-07 1.04209526e-07 4.2965688e-08 2.2716836e-06 1.0685495e-06 1.2011492e-06 3.5331003e-09 5.337148e-07 2.2487748e-06 1.3347783e-07 2.3382967e-05 1.3833081e-08 0.02670978 1.7678042e-08 2.7817668e-08 7.196937e-08 3.9046925e-05 4.286705e-08 3.5636376e-07 4.0228664e-07 5.8520357e-09 5.6201813e-08 1.3921361e-07 2.7990816e-07 0.0002765405 0.000528982 0.033635635 4.369967e-09 6.352679e-08
0.89241225 0.0031877551 0.009692452 0.6871591 0.0003776059 0.059712544 0.00039824506 0.0022172567 1.6410133e-05 0.0007881888 0.0007255528 0.0001272367 4.310293e-06 0.00020387452 0.0069754412 0.00015699382 7.210691e-06 0.40958795 1.12088e-05 1.0511959e-06 0.00039806656 0.13634577 0.6835119 1.7410675e-06 8.827467e-07 0.99534833 0.0001332735 1.8906701e-06 4.527574e-13 2.4645583e-06 4.6704674e-05 6.4088243e-07 0.007948147 0.66703004 0.0020104796 7.6041347e-06 9.591264e-06 3.5322028e-06 0.94338095 0.048661113 0.021763025 6.351092e-08 0.00022974053 0.9702433 0.0052139387 0.41118088 4.077556e-05 2.0252326e-06 8.419116e-07 1.0295832e-07 1.0664081e-05 0.0035924788 4.4938835e-07 0.0022068874 1.16917896e-07 1.2107462e-05 2.9411663e-07 9.822764e-07 0.41238874 2.8543907e-06 1.3760972e-05 0.01507797 2.7484788e-07 3.1924628e-07 3.6632825e-06 1.8538146e-06 3.5383677e-05 0.00050175324 3.1277753e-07 0.0025477086 5.097144e-09 0.0020957459 0.0035037363 1.8786557e-05 2.7340923e-07 0.10082327 7.415269e-07 0.093827926 2.811498e-05 1.3124613e-07 2.4644257e-07 2.312773e-08 2.5682388e-07 0.0021648689 1.0598933e-06 0.30621892 0.027758662 0.025775423 3.026571e-06 3.1583356e-06 0.0012236013 1.3537722e-07 0.023444043 1.9991625e-05 0.0021187258 3.0593063e-05 8.19868e-06 1.5616789e-06 8.910038e-06 0.0033101477 4.0134746e-05
0.8223444 0.80681586 0.0009052409 0.003454721 0.473359 0.001193 0.0005430389 0.0065506957 0.001729872 3.982796e-05 1.091514e-05 0.00016465527 0.0044774464 0.30258876 1.237239e-05 0.89788705 0.0005232531 0.00013528604 0.9931348 0.01657101 0.23214154 0.00041798915 2.8708186e-05 9.764088e-06 0.00015187543 5.516294e-06 7.671375e-07 4.95579e-07 2.4645583e-06 5.4259457e-12 0.00025564377 0.0086554745 1.7765334e-06 1.8919425e-05 5.69532e-06 1.4660742e-06 4.3930368e-07 0.0010818554 1.6452262e-06 1.6496797e-05 5.6451922e-06 0.00014656213 8.227383e-07 5.438753e-08 8.7621804e-05 3.1264975e-08 5.921902e-08 2.1526284e-05 1.05179215e-05 0.009466143 0.9677276 4.2817355e-05 0.018238345 2.6153874e-08 0.018583491 0.98029727 2.389812e-06 0.2734681 2.0127707e-06 7.651626e-05 5.0313563e-05 2.446683e-06 0.116985284 0.08462117 1.6746071e-05 2.2414051e-06 6.89073e-07 1.1272729e-06 4.8030806e-06 2.4628878e-06 1.5182517e-06 3.48172e-07 8.416414e-08 2.6646525e-08 0.12587205 1.2202764e-06 0.0020991794 1.7300053e-07 4.687589e-07 0.00016872882 0.0687521 0.07063485 0.00017704176 4.871837e-08 1.1027024e-06 4.218345e-09 2.408011e-08 2.5695275e-07 8.446584e-08 6.615564e-06 5.498701e-07 1.0924424e-06 1.6059394e-08 5.1253437e-07 6.4284797e-07 1.5732384e-08 1.4195509e-06 4.6336576e-05 1.3819087e-05 6.22237e-09 2.4990854e-06
