1.6218272e-14 0.7572223 0.21248685 0.38098675 0.34367022 0.9604708 0.9452635 0.5155268 0.89803946 0.9965341 0.5611546 0.7798619 0.98350453 0.2698128 0.8779812 0.82639456 0.7600132 0.9543842 0.9802417 0.70857835 0.93494964 0.999023 0.97829586 0.8831312 0.9852923 0.5024086 2.4780463e-06 0.98114485 0.14977954 0.684318 0.0022720129 0.96832675 0.97958016 0.90754384 0.91208744 0.64494914 0.004286886 0.31985846 0.14338659 0.6336861 0.9552779 0.9696604 0.8801586 0.9994781 0.5819615 0.0053515118 0.99817663 0.964186 0.96290076 0.69493103 0.07889468 0.56316894 0.999974 0.83815587 0.9617342 0.6601264 0.91145205 0.95136106 0.9544271 0.9549266 0.57750493 0.002971137 0.9416369 0.58243793 0.9962999 0.8588333 0.99241525 0.92664844 0.4143376 0.989197 0.89697427 0.14622283 0.0581504 0.023666922 0.99408364 0.87560445 0.9864207 0.85781795 0.32740486 0.90275234 0.0014216632 0.864811 1.8861974e-05 0.47846347 0.681082 0.43330652 0.9766321 0.61103094 0.9891211 0.80976886 0.32453772 0.0055995574 0.120903194 0.009057392 0.41635782 0.5852496 0.739257 0.61216056 0.5298362 0.16403556 0.0004199312
0.7572223 5.4507834e-14 0.9995192 0.91519064 0.0018859898 0.6156977 0.9880753 0.22147082 0.8161111 0.35694864 0.0025070359 0.0014131183 0.0010957135 0.009967062 0.033334415 0.012793329 0.00030231036 0.002723349 0.0043094927 0.00012391197 1.45432605e-05 0.025863988 0.00018769856 0.000111317975 0.01291959 1.7933438e-05 1.4981183e-06 0.00044316452 0.00015898218 2.6101809e-05 1.2462427e-05 3.520901e-05 0.000114376875 0.00010635993 9.029797e-06 1.9743638e-06 6.564895e-06 2.1143454e-05 5.297294e-06 4.234607e-06 1.2637536e-05 3.0760507e-06 1.5923465e-06 0.019387469 4.030172e-06 1.3902649e-06 0.0025646782 2.055627e-06 1.1627214e-06 5.222588e-06 2.1527925e-05 1.0110935e-07 0.0051091514 6.4941073e-06 5.7940444e-05 1.9093122e-05 2.6506152e-07 1.0063859e-06 2.6213256e-06 1.1399094e-06 4.2407946e-06 2.6187806e-07 2.8813138e-06 0.00010245493 8.1458435e-05 5.335868e-08 7.3564934e-06 6.58806e-05 3.228718e-05 0.0007821774 5.8239708e-05 4.1139134e-05 1.1410058e-06 1.3171484e-07 7.2914386e-06 2.194342e-05 0.000113211674 6.6366916e-09 4.476801e-06 1.7262529e-07 2.1924768e-08 5.860475e-07 3.9518904e-06 9.108902e-06 2.2183332e-05 5.131305e-05 5.9107756e-06 2.8626468e-05 1.5811058e-05 6.5641816e-06 4.7713465e-06 1.2853581e-08 1.5654141e-08 1.1722242e-06 7.5886265e-07 4.850412e-07 3.1514219e-06 1.8724186e-05 3.5333755e-06 3.2539725e-07 4.4650137e-09
0.21248685 0.9995192 5.1067752e-14 0.9541393 9.7738375e-05 0.8736745 0.5833426 0.7463959 0.34094882 0.06945196 0.00011294186 0.025373012 0.0036338517 0.9670086 0.00073623745 0.000304073 8.352332e-05 4.9926115e-05 0.00014184997 0.0008025805 0.00017562449 0.017501121 0.00031313405 2.823494e-06 0.0006927116 9.174528e-05 0.00402052 0.00030311607 1.0913952e-05 7.0798746e-06 0.00012591862 5.4955923e-05 4.3094857e-05 4.8879556e-05 9.237807e-06 2.6283758e-05 2.405108e-06 1.2985471e-05 1.914664e-05 3.2086903e-06 1.6995871e-05 3.2661928e-06 1.7897585e-06 0.0015286565 3.164939e-06 1.1649123e-06 0.00046319544 1.931357e-06 1.2791584e-06 8.006066e-07 2.0517296e-06 1.995155e-07 0.0005535749 4.684825e-06 3.6394506e-06 6.739762e-06 7.592782e-07 5.3502586e-06 1.7068876e-06 1.1803268e-06 1.1477477e-05 5.606469e-07 1.0448319e-05 8.641647e-06 1.1338672e-06 4.5717464e-08 2.6464666e-06 2.827134e-06 4.8860006e-06 6.540415e-05 1.6804968e-06 1.5385389e-05 6.593699e-07 2.866209e-07 4.076899e-07 2.7950418e-06 3.0500294e-06 3.5560618e-08 1.2304543e-05 1.1539234e-07 2.1522342e-07 8.455321e-08 1.3728077e-06 1.1730103e-06 2.456545e-06 4.308711e-06 7.72426e-07 4.5650722e-06 3.754345e-08 2.1946864e-06 2.0108301e-07 7.9202245e-08 9.198945e-09 8.066042e-07 8.4715765e-08 3.2863084e-06 5.3478175e-07 1.1966952e-07 3.1918796e-06 1.3404748e-06 9.210603e-09
0.38098675 0.91519064 0.9541393 3.6273463e-12 0.99999964 0.013185694 0.27396908 9.716171e-05 0.82259583 0.054577593 0.85001534 2.079506e-05 0.00039023365 5.9107395e-05 0.04835083 0.01798633 0.00037684428 0.000659285 0.00423828 0.0001011175 1.4204048e-05 0.0040604104 0.00029175868 1.3865105e-05 0.002750788 3.856047e-06 4.0985582e-05 0.00066812156 0.00027961723 1.5955007e-06 5.3779517e-05 9.559471e-05 0.00026602932 5.8649035e-05 1.8466912e-06 5.847395e-07 0.035165984 5.728303e-06 3.0739204e-05 3.1862746e-06 1.6746086e-05 3.4162977e-06 8.406047e-07 0.0013742481 2.995938e-06 5.9762197e-06 0.0013362031 1.4666012e-06 3.7011168e-06 2.958858e-06 1.0126568e-05 1.5590406e-06 0.00019323357 4.48599e-06 7.658309e-06 3.621081e-06 7.035844e-07 2.84816e-05 1.7418739e-05 1.3928641e-05 0.000103095445 1.1700992e-05 3.201144e-06 2.3192913e-06 6.0818486e-05 1.1324514e-06 8.0118254e-05 3.309983e-06 3.7286743e-05 0.00033916993 8.243177e-07 1.3337388e-05 1.10971405e-05 5.294031e-06 1.8034663e-05 1.473662e-06 2.9885428e-05 7.393788e-07 0.0006496753 1.1942208e-06 9.745672e-07 7.7221245e-07 0.0003161114 2.977968e-07 2.0449673e-07 4.890961e-06 4.064645e-06 3.4274595e-07 1.1066677e-06 6.2923477e-06 3.9179494e-07 4.308446e-07 3.0849876e-06 7.5774215e-06 1.6565723e-07 5.9580003e-07 7.868811e-06 8.353514e-08 8.5170666e-07 1.1720095e-06 3.6027657e-08
0.34367022 0.0018859898 9.7738375e-05 0.99999964 3.8920402e-13 2.7206894e-05 0.010306026 4.399804e-07 0.84889776 0.005697461 0.97569305 3.525052e-08 7.830808e-07 3.047889e-06 0.22935697 0.12324431 0.03693696 0.04719444 0.0452486 4.949768e-07 9.8196864e-08 2.5598907e-05 2.9685143e-07 0.0041740225 0.014209172 9.051113e-09 2.1200594e-07 3.5107164e-06 0.01436007 3.9780065e-08 2.5598677e-06 2.4207498e-07 1.0967673e-06 1.734178e-07 1.8010864e-08 2.7538496e-07 0.9529521 3.611886e-06 3.7723155e-06 4.1527856e-06 1.5571736e-07 3.774829e-07 4.8610698e-08 0.011201694 4.0468086e-07 1.2140002e-06 8.308391e-05 7.168919e-08 2.3657695e-07 0.00077804347 0.004692883 2.0607538e-06 0.0010463247 4.861397e-07 0.00031819718 6.712068e-07 5.3741167e-07 4.303469e-05 6.1298994e-07 1.698981e-05 0.00012564944 4.392237e-07 4.795634e-06 0.00026129244 9.160723e-05 3.1614575e-06 4.8147667e-06 0.00044683306 8.763258e-05 6.566702e-05 0.00012466879 3.1744472e-05 6.5494687e-06 2.9212558e-06 4.0110813e-06 3.7557154e-05 3.8580314e-05 1.348007e-05 0.00093831035 1.1227988e-06 1.5108657e-07 5.4242264e-07 0.0008045738 5.0720897e-05 1.0177299e-07 5.505061e-05 3.0956576e-07 2.421453e-06 3.486661e-05 1.577099e-06 6.842262e-06 3.478298e-07 1.4920252e-05 1.37472125e-05 7.84094e-07 9.371789e-06 4.2470233e-06 1.9930412e-06 2.5751402e-07 4.513618e-06 2.448764e-07
0.9604708 0.6156977 0.8736745 0.013185694 2.7206894e-05 9.441819e-13 0.937056 0.9999375 0.4280463 0.3654326 5.2819228e-06 0.1167838 0.54033023 0.27134484 0.004621975 0.003401209 5.4150423e-05 0.0003699072 0.0012148505 0.0045514815 0.0023770514 0.845161 0.008934642 1.6633928e-06 0.009669637 0.00088188984 6.9186394e-06 0.010968407 6.8034325e-07 5.0774328e-05 0.00038102723 0.00065913284 0.0024880967 0.0015393452 6.0955696e-05 5.190712e-05 3.3707232e-07 9.012956e-05 5.654258e-05 1.4373674e-05 2.6524714e-05 4.2349526e-05 2.8086372e-06 0.03080982 1.489194e-06 4.370545e-06 0.12585418 8.044663e-05 5.6986806e-07 2.2490408e-06 2.2393999e-07 1.8227527e-05 0.0376085 3.985708e-06 1.5023204e-06 1.6121234e-06 2.6233923e-07 2.0941684e-06 6.832129e-06 9.349539e-07 5.6144654e-06 4.3801774e-07 4.5054594e-06 1.3701323e-07 3.7697982e-06 2.576312e-09 2.2230854e-05 7.3642246e-07 1.2453635e-05 0.0041069924 2.4685526e-06 1.7897534e-06 4.4593563e-08 5.307569e-08 2.3118648e-06 1.7810237e-06 6.466393e-05 9.9988e-08 3.1835227e-06 9.545232e-07 9.646725e-08 1.1947795e-07 3.6093343e-08 1.1939947e-05 2.015612e-06 4.0659747e-06 1.6548533e-06 1.1366201e-08 1.1699414e-06 3.3692975e-06 1.0841621e-06 9.04321e-09 4.4180442e-07 2.7933113e-05 6.318626e-08 2.4414197e-08 7.7053227e-07 2.2521647e-07 1.259713e-07 7.913094e-07 6.163958e-09
0.9452635 0.9880753 0.5833426 0.27396908 0.010306026 0.937056 1.4923886e-10 0.59305674 0.95017797 0.9729918 0.0013494265 0.010350207 0.07072023 0.047305174 0.052304726 0.007893856 0.000725632 0.0012661212 0.0008666047 0.0020122346 0.0022856926 0.3121134 0.0020793108 0.00021220998 0.0256082 0.0008136927 1.330274e-06 0.009151704 2.1194854e-05 5.789079e-05 8.028741e-06 0.0005990517 0.00072331197 0.0005431233 2.9168063e-05 0.00010646944 1.5291238e-06 0.0001168756 2.812525e-05 0.000117134805 2.9242736e-05 3.7143644e-05 1.1975526e-05 0.08570273 4.3567346e-05 1.2880222e-06 0.038638655 0.00011482694 8.933414e-07 5.5809505e-06 2.3487373e-06 2.4689598e-06 0.020808712 8.176439e-05 0.00011745328 3.0866813e-05 3.8363937e-06 0.00010100733 4.0907096e-05 1.968186e-06 1.8340728e-05 1.7007835e-07 7.5318594e-06 6.799334e-05 6.0368387e-05 1.9002603e-07 0.00018855058 2.1243806e-05 6.351175e-05 0.0008774728 1.898938e-05 1.3097169e-05 1.9949877e-07 2.1354557e-08 3.544004e-05 4.718996e-05 0.00025289465 6.080282e-07 7.481839e-06 3.9597257e-06 4.5406612e-08 1.2172347e-06 1.0595506e-06 1.4898228e-05 2.7668095e-05 2.3963505e-06 5.211252e-05 3.1314598e-06 7.2317644e-06 0.00011094777 2.9785531e-05 1.3851948e-06 2.806523e-07 6.415141e-07 1.4019193e-05 1.3960624e-05 7.82967e-06 2.968997e-06 4.7356966e-06 1.6075952e-05 1.1786608e-08
0.5155268 0.22147082 0.7463959 9.716171e-05 4.399804e-07 0.9999375 0.59305674 1.5278674e-17 0.018697845 0.049970925 1.683149e-07 0.9679719 0.825326 0.91716444 9.023345e-05 0.00010345513 5.628911e-07 1.7280308e-06 4.3131595e-06 0.30850103 0.0658062 0.411239 0.034961928 1.0315897e-08 0.00028252558 0.19483168 0.00014420983 0.0281154 2.000135e-07 0.0013772177 0.021251012 0.0022454532 0.0026238505 0.0026909935 0.00043231028 0.0021081 8.8637194e-08 0.00407673 0.0047513745 0.0005681793 3.275159e-05 4.438869e-05 4.6237496e-06 0.0024587098 5.473776e-05 2.0113903e-05 0.012073729 0.00013749802 2.104215e-07 5.4562785e-09 2.2833566e-09 0.003209866 0.007821002 0.0002312641 1.1709346e-08 6.515749e-05 1.9060692e-06 0.00013406781 7.1306204e-06 1.0048572e-06 0.00013306167 3.665827e-06 2.5241507e-05 2.441628e-09 2.8029696e-08 5.972398e-09 1.3546529e-05 6.6649897e-10 0.00014270697 0.00058937486 3.8848782e-08 2.4807182e-06 3.9468464e-08 1.1637209e-08 2.821358e-07 1.6583844e-08 7.533349e-07 2.649503e-09 2.4488247e-07 2.710819e-07 4.271712e-08 1.0572246e-07 1.6556053e-09 4.9753883e-08 2.4672005e-07 3.627174e-08 2.715386e-07 2.0441582e-09 2.1179192e-09 6.68687e-07 3.5023657e-08 3.5991768e-10 9.659798e-08 1.9269994e-07 1.2647018e-08 5.7684478e-08 2.6607571e-08 1.3133815e-09 8.984279e-08 2.8098412e-07 2.6149555e-10
0.89803946 0.8161111 0.34094882 0.82259583 0.84889776 0.4280463 0.95017797 0.018697845 8.392052e-15 0.98603547 0.39677864 0.0010560206 0.015203208 0.0010072929 0.98168385 0.21477166 0.12426267 0.095320165 0.042668495 0.00014802597 0.00046916123 0.083635494 0.0018355182 0.02839973 0.4907785 6.342193e-05 1.9238e-06 0.012727941 0.0014230509 4.5326942e-05 1.3998599e-06 0.0004519806 0.001354792 0.0005465151 4.016055e-05 2.8810106e-05 3.4765406e-05 2.5256531e-05 1.7598957e-05 1.0362789e-05 2.7947686e-05 3.7086906e-05 1.2774583e-05 0.20054781 1.1598679e-05 3.6615728e-07 0.029316274 0.00014197026 9.757492e-07 0.002293292 0.0004151089 1.2880963e-07 0.043441508 1.1788559e-05 0.0034230794 2.4666888e-06 1.8813746e-06 1.3222142e-05 0.00013950623 1.6668722e-06 8.966407e-06 1.137952e-08 1.687454e-06 0.00045085093 0.0041053807 5.694342e-08 0.0002886584 0.0007556793 1.941515e-05 0.0008420639 0.000833404 5.3697026e-06 8.099593e-08 1.36461304e-08 2.320538e-05 0.00071307225 0.0012793926 4.7861988e-08 2.9690382e-05 1.958633e-06 2.733675e-09 2.0685876e-07 2.2138885e-07 7.476244e-05 2.5624956e-06 1.3874853e-05 1.5358297e-05 1.6196459e-07 0.00047389657 4.3929613e-05 2.2996585e-06 3.339938e-10 4.7170577e-08 8.2835004e-07 4.0683773e-07 2.522045e-07 1.2308845e-06 6.8382076e-07 6.115862e-07 3.526953e-07 1.934665e-09
0.9965341 0.35694864 0.06945196 0.054577593 0.005697461 0.3654326 0.9729918 0.049970925 0.98603547 2.3307922e-12 0.00873452 0.003170567 0.06494271 0.004601026 0.3622369 0.05172456 0.005158746 0.002571408 0.0031197113 0.00087042176 0.0019412561 0.53627 0.005717088 0.0005242859 0.42816752 0.00042352534 5.9513906e-07 0.06702084 0.00012626701 7.9487574e-05 1.3632818e-05 0.001566893 0.0025415944 0.0023928122 8.6427965e-05 0.00011926331 2.8897953e-06 0.000100808524 0.00010813763 0.00012300619 0.00012101903 5.066791e-05 2.13416e-05 0.4756535 4.956381e-05 2.3061154e-06 0.29801676 0.0006136679 6.358195e-06 0.00021108892 6.523359e-05 0.000291725 0.3213479 0.00016104378 0.00023287177 2.1686386e-05 1.08802615e-05 7.705125e-05 0.00044428822 9.486829e-06 3.0000052e-05 4.2656484e-07 9.699622e-06 0.00017913654 0.00093096483 2.565803e-07 0.0021623094 4.680312e-05 0.00021747929 0.004982115 4.4671822e-05 4.8920687e-05 2.4277886e-06 1.02042584e-07 0.00031552473 0.000117789794 0.00035595326 3.6079592e-07 9.771294e-05 4.7488393e-06 4.056203e-08 3.4196342e-05 1.5850817e-06 4.0169132e-05 5.805981e-05 3.653406e-06 0.00032595836 1.2381786e-05 0.00028599225 0.0025888437 0.0005063799 3.98411e-07 2.9968884e-05 1.4342906e-07 5.541199e-05 5.3442127e-05 0.0003237723 5.9953923e-05 3.112003e-05 4.048065e-06 2.3099076e-08
0.5611546 0.0025070359 0.00011294186 0.85001534 0.97569305 5.2819228e-06 0.0013494265 1.683149e-07 0.39677864 0.00873452 5.4508095e-12 2.5264288e-07 1.2791991e-05 2.5135472e-07 0.36455253 0.5595985 0.99750155 0.70015055 0.46962208 4.974098e-06 3.974825e-06 0.0002644998 4.485387e-06 0.93458855 0.07698643 1.6871627e-06 2.1089172e-06 2.5111705e-05 0.8586718 2.9751178e-07 4.534426e-06 1.2202422e-05 4.3799496e-06 1.6559727e-06 2.5282895e-07 2.2279066e-06 0.5300753 1.8886678e-06 4.8962906e-06 7.0609203e-06 1.2024478e-06 2.5991483e-06 2.9792346e-07 0.023265017 1.0612941e-06 4.104083e-06 0.0004248342 4.1779086e-07 3.5787622e-07 0.026796725 0.016987836 4.9646146e-06 0.0020680996 4.2085067e-06 0.0028652211 5.4278976e-06 2.4285887e-07 1.5485051e-06 1.6576224e-06 1.3602727e-07 1.0584463e-05 2.9713183e-07 7.460169e-05 0.00057650247 0.0004212757 6.647426e-08 2.0942703e-06 0.00038898076 2.5482868e-05 0.00018627607 0.00014541284 4.7311532e-05 1.8910667e-06 5.4696375e-07 1.6310153e-07 7.2326366e-05 0.00029579128 0.00013518118 0.005262558 1.2344846e-07 5.345059e-07 1.7614959e-05 0.001310909 6.717422e-05 1.0654724e-06 1.6061089e-05 2.985038e-06 7.045862e-07 2.5118713e-06 4.152651e-06 1.6393255e-07 3.2253448e-07 2.3956945e-06 2.220236e-05 5.125724e-07 3.0337228e-06 1.3183937e-07 5.6363053e-08 2.6144971e-06 1.1250782e-05 2.3418794e-08
0.7798619 0.0014131183 0.025373012 2.079506e-05 3.525052e-08 0.1167838 0.010350207 0.9679719 0.0010560206 0.003170567 2.5264288e-07 1.0536582e-13 0.9702538 0.96812934 6.54741e-05 7.5229254e-05 1.1133772e-06 1.4088895e-06 8.684798e-06 0.9459276 0.40208083 0.58558226 0.24710426 1.1001577e-07 0.00024079699 0.9544191 0.00027026635 0.019992825 9.970393e-07 0.007800134 0.8195119 0.008253982 0.009513535 0.0042755967 0.0025443614 0.003167033 1.1595915e-05 0.020259667 0.23451646 0.00025784716 5.2259733e-05 0.00016127832 1.2741623e-05 0.003958918 2.3798197e-05 0.0076258485 0.014686191 2.3982264e-05 5.6593774e-07 7.767612e-08 1.9050162e-07 0.030007647 0.0098371655 1.7069357e-05 1.2220285e-07 5.607081e-06 2.2895852e-08 2.8724891e-05 5.382877e-07 2.7251374e-07 0.000113602975 0.0010301943 8.00957e-07 2.0785262e-07 2.9776622e-08 5.0849964e-09 3.9134832e-07 2.6363525e-08 0.00039718152 0.00032609142 5.471156e-07 1.4038499e-05 7.786098e-07 2.7819567e-07 1.11523626e-07 1.1401225e-06 1.0474243e-06 8.4640465e-07 1.6459677e-07 3.1571354e-09 1.4731926e-06 2.1592518e-08 1.8488048e-07 1.5219106e-06 1.2818515e-07 5.124454e-07 1.2275264e-07 3.269543e-08 1.4803554e-08 9.1973055e-07 1.2244872e-06 4.2846125e-08 3.7498577e-08 1.1360032e-05 3.7995566e-08 8.655833e-08 3.5275352e-07 2.5125908e-07 2.1338913e-07 2.5735999e-06 3.8985863e-09
0.98350453 0.0010957135 0.0036338517 0.00039023365 7.830808e-07 0.54033023 0.07072023 0.825326 0.015203208 0.06494271 1.2791991e-05 0.9702538 3.2271271e-12 0.19953842 0.0011239919 0.0015940879 3.952222e-06 4.262867e-05 0.000102514845 0.92441493 0.9349171 0.95675457 0.73880804 5.193074e-07 0.004790142 0.713755 3.2411877e-05 0.33403286 4.3737014e-06 0.072475426 0.005014287 0.04655861 0.061930735 0.05465559 0.020307709 0.03810897 1.16438635e-07 0.012861891 0.022129135 0.005258444 0.00067064253 0.0011982314 0.0017305411 0.03195855 0.0016901462 0.00027028183 0.15773454 0.0004821852 2.4595041e-05 4.680794e-07 6.823563e-07 0.014536237 0.06683539 0.00064536254 2.414041e-07 5.3547832e-05 1.3669192e-05 0.0019986078 0.00012193319 3.6680183e-05 0.00049708615 6.715731e-05 1.4048157e-05 7.562532e-07 1.4791658e-06 1.6674398e-06 0.000119939796 9.8446286e-08 0.0006219067 0.0030392006 1.5906824e-07 5.98729e-05 1.4670253e-06 4.2893737e-07 2.7626986e-05 1.813027e-05 4.3154283e-05 4.041592e-06 6.3080233e-06 1.4636364e-06 7.4556697e-06 3.6175738e-06 2.1362906e-08 8.285654e-06 8.781367e-06 1.5787921e-06 3.7772566e-05 2.9022416e-07 8.785504e-06 3.2670698e-05 0.00026340684 5.7109656e-07 1.1372252e-06 4.445253e-07 2.6193861e-06 1.6307938e-06 2.0877345e-05 7.3920573e-06 6.3292714e-06 2.0485015e-06 3.1217184e-08
0.2698128 0.009967062 0.9670086 5.9107395e-05 3.047889e-06 0.27134484 0.047305174 0.91716444 0.0010072929 0.004601026 2.5135472e-07 0.96812934 0.19953842 4.284992e-14 1.4928593e-05 6.6766515e-06 1.258244e-06 4.2246495e-07 2.5625568e-06 0.009761445 0.0009993707 0.04621075 0.00031772113 1.9716127e-08 5.911297e-05 0.12255511 0.99999785 9.316025e-06 1.5269436e-06 3.6638871e-06 0.00026335233 5.3888893e-06 1.318407e-06 1.2545205e-07 8.7281285e-07 9.93425e-07 8.451415e-07 2.8365703e-06 7.409875e-05 2.5528524e-07 8.509435e-07 4.1069995e-08 1.6136523e-08 0.000659662 3.7790883e-08 1.7468788e-06 6.654987e-06 6.8785955e-09 1.6443556e-08 8.238842e-08 1.3406717e-08 5.655412e-07 0.0007492318 8.619045e-08 1.6756095e-06 8.389565e-09 5.9097544e-10 1.8586144e-07 5.5408105e-08 7.7363507e-07 5.440725e-08 4.7304403e-07 1.3252469e-08 5.795685e-07 2.7641627e-06 1.9583368e-09 3.608123e-08 2.8858844e-06 1.6091367e-07 7.738e-06 3.8470492e-07 2.2099721e-08 1.1400035e-07 7.2060985e-08 1.7859868e-08 1.1155676e-06 1.0096942e-07 5.8073257e-09 3.3399356e-06 1.2565465e-07 2.2976074e-09 2.1799341e-08 4.4398809e-07 3.0850003e-09 2.5027843e-08 4.6808587e-08 4.6684743e-08 2.1639737e-07 1.7193047e-07 4.127693e-08 8.182476e-09 5.455456e-09 1.702693e-08 2.2101355e-07 2.9266012e-10 1.3414484e-09 1.3694321e-07 4.1299923e-08 6.9782082e-09 1.9229003e-09 7.617354e-09
0.8779812 0.033334415 0.00073623745 0.04835083 0.22935697 0.004621975 0.052304726 9.023345e-05 0.98168385 0.3622369 0.36455253 6.54741e-05 0.0011239919 1.4928593e-05 2.0582804e-14 0.996143 0.41027132 0.338474 0.42034912 4.9803995e-05 6.568563e-05 0.008310313 0.0004484844 0.16622883 0.9576343 5.260611e-05 2.0543109e-07 0.003476748 0.007954042 7.757227e-06 1.4840957e-06 0.0001193136 0.00055372453 0.00010765257 5.6393487e-06 2.0155974e-05 0.0019011053 1.3139905e-05 6.542901e-06 4.954205e-06 1.8655102e-05 2.2165208e-05 2.5787076e-06 0.2981436 3.2398266e-06 1.2301264e-06 0.008081863 4.2944826e-05 1.6506639e-06 0.010478405 0.000858953 1.2257443e-06 0.022258038 4.1759226e-06 0.014901532 1.2083404e-06 1.5671229e-06 1.645756e-05 8.519447e-05 3.3588644e-06 1.0065227e-05 7.503297e-08 9.31034e-06 0.00094755634 0.0036358533 9.09778e-08 0.0004082808 0.0021029655 8.961996e-06 0.0011761037 0.0016262078 3.3057777e-06 5.1873815e-07 2.6941953e-07 0.00011764296 0.0006819972 0.0028373168 1.0308463e-06 0.00024599492 2.9997605e-06 2.1084764e-08 3.3822976e-06 6.2324048e-06 0.00046527892 1.6756192e-06 9.796887e-05 0.00014654535 1.8671687e-07 0.00017716101 0.00020907383 1.3310158e-05 2.3638377e-08 9.796121e-07 3.2316535e-07 1.162186e-06 5.4284104e-08 1.6358648e-05 2.3806267e-06 3.5184368e-07 6.41727e-07 1.4349437e-08
0.82639456 0.012793329 0.000304073 0.01798633 0.12324431 0.003401209 0.007893856 0.00010345513 0.21477166 0.05172456 0.5595985 7.5229254e-05 0.0015940879 6.6766515e-06 0.996143 8.9037664e-14 0.7956471 0.8915477 0.960961 6.625942e-05 7.963819e-05 0.004998801 0.00041934432 0.5082271 0.945277 2.7412725e-05 1.4171959e-06 0.0026187357 0.017134614 1.186735e-05 1.5796567e-06 0.00011015703 0.00028520264 5.7875386e-05 1.0146085e-05 4.593855e-05 0.0009386979 8.317187e-06 7.000492e-05 1.23303735e-05 9.17615e-06 2.7828246e-05 4.1281737e-06 0.30304706 7.2080365e-06 4.827044e-07 0.0030500689 2.9472312e-05 1.1139846e-06 0.048669036 0.009088355 1.4337634e-06 0.028174447 8.739619e-06 0.17726018 7.434132e-07 2.0916214e-06 1.9400772e-05 7.856256e-05 1.6436024e-05 1.3072125e-05 6.3702124e-08 1.9200006e-06 0.0077970927 0.05793539 3.995527e-08 0.00034311163 0.036407918 4.996658e-06 0.0018512512 0.038785145 1.8290344e-06 2.5351005e-07 1.14332856e-07 0.00018290362 0.0114792725 0.010727835 7.4461093e-07 0.00028198963 2.3112709e-05 1.397211e-08 7.3609426e-06 6.3959655e-05 0.0031488128 2.4622621e-05 0.00035130288 0.00048130495 1.0582125e-06 0.015533145 0.0010998977 5.7807647e-05 4.1193484e-08 2.1574551e-06 3.977844e-06 9.858158e-06 5.8284456e-08 0.00013395074 4.53078e-05 5.9389204e-06 1.2668366e-07 2.5907005e-09
0.7600132 0.00030231036 8.352332e-05 0.00037684428 0.03693696 5.4150423e-05 0.000725632 5.628911e-07 0.12426267 0.005158746 0.99750155 1.1133772e-06 3.952222e-06 1.258244e-06 0.41027132 0.7956471 1.9941611e-08 0.98157555 0.89472014 5.4102698e-06 9.100171e-07 0.00018828412 2.6193163e-06 0.91470563 0.20248155 5.0025656e-06 4.1820767e-06 4.6356417e-05 0.20553261 2.3752258e-07 6.16323e-05 4.1785243e-06 7.752981e-06 4.678842e-06 1.3360021e-07 3.954395e-07 0.0033074652 1.0071362e-05 3.3238746e-05 1.4921526e-06 1.0744917e-06 9.5323696e-07 1.9635e-07 0.1352312 7.8898023e-07 3.794044e-05 0.00074361643 4.0032907e-07 8.751349e-07 0.0217627 0.0056404783 5.89521e-06 0.0065530767 4.3158357e-07 0.007862204 6.8600895e-07 4.244334e-08 4.1182307e-07 2.4963842e-06 6.652106e-08 6.990621e-06 4.2190068e-06 1.6002261e-06 0.00092831976 0.0018464158 3.3951014e-08 1.2568749e-05 0.0006530284 0.000105756 0.000766 0.00048669594 0.000382104 1.4421883e-05 3.793722e-05 3.5291018e-06 0.00057969213 0.00072519376 4.4530985e-05 0.00023701292 3.6515195e-07 2.4369144e-06 6.918864e-06 0.00019811292 0.0007877931 2.4022667e-05 0.00026993072 1.8624898e-05 2.1235704e-05 4.2563228e-05 8.8667e-05 9.399183e-05 1.5442925e-05 2.0720834e-06 2.5493613e-05 7.77921e-05 1.25017805e-05 5.8819824e-05 1.9939776e-05 3.937022e-05 2.9121757e-05 2.8296978e-07
0.9543842 0.002723349 4.9926115e-05 0.000659285 0.04719444 0.0003699072 0.0012661212 1.7280308e-06 0.095320165 0.002571408 0.70015055 1.4088895e-06 4.262867e-05 4.2246495e-07 0.338474 0.8915477 0.98157555 2.547838e-12 0.9833393 9.183453e-06 2.1875358e-06 0.00035605868 8.217781e-06 0.9627377 0.6046665 1.8658605e-07 1.849511e-06 0.00012678659 0.19530146 1.3702905e-07 1.7829107e-07 4.5965476e-06 3.257298e-05 5.8681176e-06 2.1493256e-07 1.412807e-07 0.0012869295 1.9268077e-06 5.0732217e-07 3.5112566e-07 3.1246418e-07 6.253078e-07 4.2896744e-08 0.61033523 6.5441796e-08 6.3141357e-07 0.0004639231 4.5934607e-07 5.7913564e-08 0.23133987 0.06537121 3.2400674e-08 0.044806145 1.1925255e-07 0.2788193 7.068634e-08 2.1193669e-08 2.3909803e-07 7.868357e-07 7.054977e-08 1.7629527e-07 1.1470505e-07 2.0996767e-07 0.013043919 0.051103305 1.9378717e-08 1.2359902e-05 0.009884029 1.810506e-07 0.00133968 0.0046060616 6.833253e-07 3.36205e-08 6.53294e-09 1.283514e-05 0.0051315282 0.0041071493 2.3578926e-07 0.0013808411 6.129785e-08 7.463413e-09 4.7669502e-07 7.990437e-05 0.0006464229 1.8770841e-06 0.00017222745 6.832752e-05 6.27605e-07 0.0013694428 0.00036447996 8.003739e-05 5.436233e-08 4.5720864e-08 7.689566e-06 5.3394624e-06 7.5255484e-06 8.955208e-05 4.045026e-05 5.682961e-06 8.638017e-07 1.3115904e-07
0.9802417 0.0043094927 0.00014184997 0.00423828 0.0452486 0.0012148505 0.0008666047 4.3131595e-06 0.042668495 0.0031197113 0.46962208 8.684798e-06 0.000102514845 2.5625568e-06 0.42034912 0.960961 0.89472014 0.9833393 3.634025e-14 1.0177503e-05 4.0740483e-06 0.000490657 2.477646e-05 0.7662386 0.9213634 1.8108002e-06 1.732763e-07 0.00016984083 0.060305804 2.9781893e-07 1.4314497e-07 5.4615816e-06 1.1043689e-05 5.8795e-06 1.3157799e-07 1.7270507e-06 0.00081283366 6.817429e-07 1.0254201e-06 6.3208716e-07 1.9675115e-07 4.879628e-07 1.2345316e-07 0.78438514 2.0946928e-07 2.9565322e-07 0.00069087464 1.981439e-06 1.7529999e-08 0.24867119 0.035607625 2.9575108e-07 0.07697915 4.2425233e-07 0.5489748 1.3744669e-07 5.8240342e-08 1.7046655e-06 5.724993e-06 2.6949687e-07 1.5534275e-06 5.3278812e-09 7.528832e-07 0.042044252 0.44474703 8.110317e-09 8.474458e-05 0.1573737 4.305423e-07 0.002334647 0.08870751 7.516736e-07 4.4016815e-08 3.398263e-08 1.9798705e-05 0.053393517 0.018147593 1.3045548e-07 0.0027527944 3.018844e-07 7.31283e-10 2.753587e-07 1.7666927e-05 0.010748516 1.3511105e-06 0.00077109 0.00017334895 8.36742e-08 0.018970734 0.0013933257 6.0375696e-05 2.0073237e-07 1.2165615e-06 2.1665983e-05 1.7251405e-05 1.7391276e-06 0.0003168699 0.000153409 2.9892597e-06 4.5591337e-06 2.1211777e-09
0.70857835 0.00012391197 0.0008025805 0.0001011175 4.949768e-07 0.0045514815 0.0020122346 0.30850103 0.00014802597 0.00087042176 4.974098e-06 0.9459276 0.92441493 0.009761445 4.9803995e-05 6.625942e-05 5.4102698e-06 9.183453e-06 1.0177503e-05 1.8061098e-11 0.99396217 0.35499057 0.58553433 3.5469117e-07 0.0001700016 0.9852718 2.2484455e-05 0.034393337 1.3333725e-05 0.23125155 0.07273252 0.029727906 0.01743606 0.008872546 0.02038007 0.12687385 8.175429e-06 0.57303494 0.07378598 0.0041013467 0.00066948903 0.0011489524 0.00051738496 0.002196322 0.00062061363 0.0005582048 0.010645949 0.000238737 7.522288e-05 8.5705005e-07 4.030883e-08 0.0139368875 0.008520602 0.00067135954 5.7455967e-08 7.958785e-05 4.871763e-06 0.0009936008 3.20812e-05 5.1615287e-05 0.0005282775 0.00035418704 1.4226364e-05 1.0842563e-06 3.6187174e-07 3.4709257e-07 1.2576147e-05 5.2877034e-08 0.0005883691 0.0011204686 1.3908993e-07 7.390186e-05 1.3159657e-05 8.5808216e-07 3.0612312e-06 7.986509e-06 1.7774806e-06 2.9873847e-06 3.7452803e-06 6.2727173e-07 6.467309e-06 3.8969197e-06 1.8142686e-07 1.3485438e-06 5.940908e-06 2.4222104e-06 1.0459425e-05 9.752682e-07 7.715724e-08 8.787616e-06 2.2090946e-05 2.6596726e-07 1.3075989e-07 1.1959233e-06 1.3497146e-06 4.865936e-06 3.3527216e-05 4.1376134e-06 3.3161475e-06 1.0961544e-06 3.4494217e-08
0.93494964 1.45432605e-05 0.00017562449 1.4204048e-05 9.8196864e-08 0.0023770514 0.0022856926 0.0658062 0.00046916123 0.0019412561 3.974825e-06 0.40208083 0.9349171 0.0009993707 6.568563e-05 7.963819e-05 9.100171e-07 2.1875358e-06 4.0740483e-06 0.99396217 9.361239e-12 0.55108774 0.97077334 4.456924e-08 0.00041037583 0.8074866 1.7543707e-05 0.18571395 4.2229117e-06 0.83856356 0.01132754 0.35153234 0.060220286 0.06569579 0.21325429 0.5050836 1.2167275e-06 0.5824552 0.11685207 0.026376715 0.004470268 0.0037179135 0.006916229 0.006072451 0.005925131 0.00084939174 0.044517063 0.001099627 0.000118986 1.2112416e-07 3.068313e-08 0.06797182 0.019921727 0.0016650214 5.7298486e-08 0.0002269674 1.5633606e-05 0.005258943 0.00018870797 8.276987e-05 0.0021651518 0.0003302873 1.34807515e-05 4.023795e-07 8.785185e-08 2.4308156e-07 8.558038e-05 2.8008266e-08 0.0015019889 0.0018064074 6.473837e-08 8.747377e-05 9.275804e-06 3.7934128e-06 1.5090197e-05 4.1259814e-06 2.6700022e-06 2.1233425e-06 1.2067225e-06 1.5612828e-06 7.407547e-06 3.6815363e-06 1.0852251e-07 4.8469997e-07 1.3273258e-05 1.4957642e-06 1.3447584e-05 6.6211055e-06 3.468053e-07 6.3093353e-06 7.180172e-05 8.4868884e-07 1.1128224e-07 4.5419677e-07 8.720798e-07 3.3351978e-07 7.504327e-06 1.9221e-06 3.9984625e-06 6.399828e-07 5.9387666e-08
0.999023 0.025863988 0.017501121 0.0040604104 2.5598907e-05 0.845161 0.3121134 0.411239 0.083635494 0.53627 0.0002644998 0.58558226 0.95675457 0.04621075 0.008310313 0.004998801 0.00018828412 0.00035605868 0.000490657 0.35499057 0.55108774 3.9757915e-12 0.7767094 4.9863447e-05 0.009380755 0.21057929 7.002952e-06 0.9502064 1.08411605e-05 0.054453988 0.00019055406 0.16681242 0.6387648 0.10202998 0.13762167 0.031647656 5.8245732e-06 0.0065282322 0.0075518084 0.014311742 0.041933555 0.023482269 0.045389976 0.06137979 0.010217539 7.263743e-05 0.56438404 0.04913451 0.008015899 0.0001823649 2.337453e-06 0.016327836 0.18034784 0.023781665 0.00016656726 0.0028786995 0.005703003 0.051031034 0.03176878 0.0123807425 0.0057787118 3.1950913e-05 0.0033314088 2.521516e-05 0.00040213056 0.00074965344 0.018036144 3.1463544e-05 0.0054397266 0.002862453 1.3672542e-05 0.00075187476 0.00022058266 0.00025383072 0.0011638487 0.00012708208 0.00011918497 6.043757e-05 3.1828535e-05 0.0009385009 3.1521624e-05 0.00072472845 1.5903206e-06 1.5911133e-05 0.0002335285 1.0421544e-06 0.0013070462 9.007249e-05 1.3546077e-05 0.0004230859 0.00046703249 2.6057241e-05 0.00017722469 9.277904e-07 0.000110157554 8.39157e-06 0.000173933 2.142664e-05 2.7343245e-05 2.5988496e-05 2.2065153e-07
0.97829586 0.00018769856 0.00031313405 0.00029175868 2.9685143e-07 0.008934642 0.0020793108 0.034961928 0.0018355182 0.005717088 4.485387e-06 0.24710426 0.73880804 0.00031772113 0.0004484844 0.00041934432 2.6193163e-06 8.217781e-06 2.477646e-05 0.58553433 0.97077334 0.7767094 1.2151711e-12 1.0625772e-06 0.0008402998 0.46928436 2.9557189e-06 0.9450246 6.210671e-06 0.8831703 0.0005661982 0.87737584 0.445677 0.8041152 0.9259306 0.29331893 2.448703e-07 0.07216271 0.030546146 0.1019739 0.066037364 0.011530869 0.421564 0.008234942 0.08473473 0.00034094093 0.14180139 0.0028205565 0.00083501183 9.4155655e-07 4.0978273e-07 0.072005525 0.041693535 0.011433189 4.9138487e-07 0.0012519488 0.0012386966 0.015846074 0.0009873763 0.0030396965 0.004447459 0.00019694272 0.0002219367 2.10867e-06 1.1647024e-06 9.5132345e-05 0.00032959407 6.54805e-08 0.003716012 0.001609812 1.0486311e-07 0.00066045206 9.573695e-05 5.946733e-05 5.906333e-05 2.5215064e-05 2.3130855e-05 0.000111087735 4.4583276e-06 3.2409914e-06 3.0132438e-05 6.0440685e-05 3.8225487e-08 1.1805976e-05 1.2869755e-05 5.6109724e-07 8.763785e-05 7.399043e-07 4.332862e-06 2.4418472e-05 0.00041725353 8.539665e-06 2.864579e-06 8.1574534e-08 2.9823204e-06 1.9071621e-06 8.8738736e-05 5.5354126e-06 8.655421e-06 3.5519706e-06 1.0990168e-07
0.8831312 0.000111317975 2.823494e-06 1.3865105e-05 0.0041740225 1.6633928e-06 0.00021220998 1.0315897e-08 0.02839973 0.0005242859 0.93458855 1.1001577e-07 5.193074e-07 1.9716127e-08 0.16622883 0.5082271 0.91470563 0.9627377 0.7662386 3.5469117e-07 4.456924e-08 4.9863447e-05 1.0625772e-06 1.3427936e-11 0.21878587 1.4812789e-08 4.096159e-07 9.332066e-06 0.99693596 1.7344949e-08 4.8390325e-07 2.80613e-07 1.1247827e-06 2.600756e-07 9.429817e-09 2.1030383e-08 0.019058038 6.004899e-08 1.2845396e-06 4.445412e-08 3.848879e-08 1.7228976e-07 9.078534e-09 0.4274976 1.8499064e-08 8.4259517e-07 0.0001242427 6.3954865e-08 2.6581551e-08 0.44727835 0.633215 2.0164942e-08 0.019233022 2.433535e-08 0.46023738 5.8584718e-08 1.5151366e-09 9.960859e-09 3.1128786e-07 2.9506082e-09 9.845098e-08 8.777598e-08 4.0391856e-07 0.08821046 0.035663035 1.2669102e-09 3.2613932e-06 0.035676736 1.0690846e-06 0.0012972746 0.011681421 4.9327546e-06 5.5998373e-07 5.4598394e-07 4.1282817e-07 0.0041834153 0.0014279899 7.2935734e-08 0.007384758 1.1771285e-08 2.462338e-08 1.2195202e-06 0.0013258508 0.005384467 7.076779e-07 0.0014600904 8.168971e-07 6.790999e-07 0.00016018296 1.5192112e-05 8.243416e-06 6.611779e-08 1.6902071e-07 7.130188e-05 2.2816341e-06 6.371345e-07 7.821997e-06 1.4489422e-05 5.9047525e-06 1.9452823e-06 1.503097e-08
0.9852923 0.01291959 0.0006927116 0.002750788 0.014209172 0.009669637 0.0256082 0.00028252558 0.4907785 0.42816752 0.07698643 0.00024079699 0.004790142 5.911297e-05 0.9576343 0.945277 0.20248155 0.6046665 0.9213634 0.0001700016 0.00041037583 0.009380755 0.0008402998 0.21878587 5.854533e-14 0.0002377446 5.858838e-07 0.015814617 0.006915401 9.45753e-05 5.5360465e-06 0.00020310913 0.0011562351 0.00022431032 0.00012923384 0.00013130755 0.00019758141 3.433627e-05 8.562723e-05 7.755803e-05 2.9961482e-05 3.0744595e-05 6.290227e-05 0.96692514 6.201063e-05 1.474189e-06 0.014888563 0.00040121103 1.7755874e-05 0.07404973 0.004159663 1.880346e-05 0.4628025 0.00013967062 0.31147859 2.328017e-05 8.74164e-05 7.875452e-05 0.00046952133 4.2147305e-05 9.338614e-05 2.1616924e-07 2.4120644e-05 0.007720645 0.3419334 4.412143e-06 0.0013355584 0.061852977 2.6484802e-05 0.002833126 0.013812975 5.9205017e-06 1.1002517e-06 1.5778738e-06 0.00050876505 0.014860837 0.039491657 3.0168453e-06 0.0005140455 3.441649e-05 5.4590398e-08 2.4438836e-05 1.288851e-05 0.00010163114 0.00016119576 5.96558e-05 0.00076242746 5.74121e-06 0.07737035 0.0033957819 0.00018185968 5.480354e-06 2.9229307e-06 3.976086e-07 0.0004069414 7.487614e-06 0.0014930657 0.0010509558 8.067959e-05 4.9968244e-06 2.8501255e-08
0.5024086 1.7933438e-05 9.174528e-05 3.856047e-06 9.051113e-09 0.00088188984 0.0008136927 0.19483168 6.342193e-05 0.00042352534 1.6871627e-06 0.9544191 0.713755 0.12255511 5.260611e-05 2.7412725e-05 5.0025656e-06 1.8658605e-07 1.8108002e-06 0.9852718 0.8074866 0.21057929 0.46928436 1.4812789e-08 0.0002377446 1.9421862e-12 4.3398155e-05 0.054972336 6.217688e-06 0.46093616 0.6657371 0.056711424 0.014375342 0.010403651 0.04879103 0.25155723 3.9371475e-06 0.6838715 0.997463 0.02248968 0.002465084 0.002324443 0.0016208777 0.0018883779 0.0019713393 0.04666 0.006344667 0.0004823331 8.286132e-05 2.7704937e-08 4.4791157e-08 0.28684327 0.0038237798 0.0004376259 8.8884923e-07 6.5945416e-05 2.7698861e-06 0.00030865622 4.727225e-05 3.6917363e-06 0.00024418323 0.010164958 1.8942354e-05 3.598966e-07 6.263024e-08 5.183917e-08 1.7633396e-05 3.3459926e-08 0.0006402505 0.00053809426 9.461855e-08 5.0465565e-05 3.3477356e-06 4.7276978e-07 9.1153373e-07 2.2196866e-06 4.782159e-07 2.2085784e-07 2.6803434e-07 5.131689e-08 3.3696944e-07 3.0800737e-07 2.3262923e-09 3.021757e-08 1.7538497e-06 2.2917145e-07 3.6456598e-07 7.076725e-07 1.4916921e-07 1.1538635e-06 1.9978093e-07 2.0378555e-07 1.5595015e-08 1.1849424e-07 6.841175e-09 5.9262863e-08 3.9155793e-06 2.596812e-06 1.19184676e-07 7.7460663e-07 7.1913617e-09
2.4780463e-06 1.4981183e-06 0.00402052 4.0985582e-05 2.1200594e-07 6.9186394e-06 1.330274e-06 0.00014420983 1.9238e-06 5.9513906e-07 2.1089172e-06 0.00027026635 3.2411877e-05 0.99999785 2.0543109e-07 1.4171959e-06 4.1820767e-06 1.849511e-06 1.732763e-07 2.2484455e-05 1.7543707e-05 7.002952e-06 2.9557189e-06 4.096159e-07 5.858838e-07 4.3398155e-05 5.258883e-17 6.785067e-06 1.538699e-05 2.6248804e-06 0.9999856 5.127052e-06 2.2035053e-06 2.1391818e-06 1.2310347e-06 3.3683916e-06 2.7917065e-06 6.6409757e-06 0.00025256255 3.0964284e-07 1.3824247e-06 1.8242351e-06 3.012393e-07 2.8380016e-06 2.6645978e-07 0.0023666972 1.5044702e-05 2.1898027e-06 2.3619596e-07 4.7909302e-06 1.6861735e-06 1.3412376e-05 5.5602586e-06 3.507052e-06 2.5567156e-06 8.7734765e-07 6.1963215e-07 1.500658e-06 2.3800978e-06 9.445117e-07 1.6710759e-06 0.0020249304 1.9586012e-06 6.6415544e-07 1.9467075e-06 3.8054313e-08 2.7870672e-06 3.109643e-06 2.4596755e-05 9.694152e-07 3.346596e-06 4.4640155e-06 6.030793e-08 1.0430438e-07 7.743282e-07 1.2688868e-06 6.199616e-08 6.7971934e-07 4.6931286e-06 1.3110347e-06 5.226302e-07 4.688049e-07 3.0843786e-08 2.1757045e-07 1.3131494e-06 3.1105017e-07 1.619503e-06 5.107285e-07 1.3689919e-09 3.8019434e-07 1.2371929e-07 1.2373198e-08 4.2902634e-08 1.4611936e-07 1.8484885e-08 3.915533e-07 7.050496e-08 1.0078236e-08 5.0269915e-07 3.9062942e-07 8.531162e-09
0.98114485 0.00044316452 0.00030311607 0.00066812156 3.5107164e-06 0.010968407 0.009151704 0.0281154 0.012727941 0.06702084 2.5111705e-05 0.019992825 0.33403286 9.316025e-06 0.003476748 0.0026187357 4.6356417e-05 0.00012678659 0.00016984083 0.034393337 0.18571395 0.9502064 0.9450246 9.332066e-06 0.015814617 0.054972336 6.785067e-06 6.3401445e-10 1.5389878e-05 0.13385575 7.4556454e-05 0.784228 0.97482854 0.9400956 0.5835132 0.052517686 7.057086e-07 0.012071842 0.006024784 0.03341952 0.11096344 0.08664387 0.1953857 0.032901257 0.038359568 0.00018170643 0.6740959 0.08632706 0.0052932594 8.932311e-06 8.089515e-07 0.024903523 0.1440499 0.017056681 6.976103e-06 0.0039183553 0.0049159024 0.009007152 0.010533336 0.003478936 0.0046064463 0.00011080693 0.0019415931 2.0720114e-05 4.6884652e-05 0.001035179 0.004087672 4.0280015e-06 0.0023877097 0.0030959547 1.8227065e-06 0.0013024384 0.00023578962 0.00017671872 0.00016861463 9.250269e-05 7.315116e-05 0.00012400358 2.8240754e-06 0.00036853008 3.569692e-05 0.0003404628 1.5329353e-07 2.5209389e-05 0.00014109012 2.2545212e-06 0.00013338044 1.1034939e-05 2.6597452e-06 0.00016411566 0.0004894923 1.8485052e-05 8.061825e-06 1.8889008e-07 4.286152e-05 3.83232e-06 0.00012071369 2.4662479e-05 2.6053587e-05 9.684472e-06 6.579967e-07
0.14977954 0.00015898218 1.0913952e-05 0.00027961723 0.01436007 6.8034325e-07 2.1194854e-05 2.000135e-07 0.0014230509 0.00012626701 0.8586718 9.970393e-07 4.3737014e-06 1.5269436e-06 0.007954042 0.017134614 0.20553261 0.19530146 0.060305804 1.3333725e-05 4.2229117e-06 1.08411605e-05 6.210671e-06 0.99693596 0.006915401 6.217688e-06 1.538699e-05 1.5389878e-05 2.3789684e-11 2.7147902e-07 3.6710328e-06 3.4391114e-06 3.6901733e-06 7.5664923e-07 5.8546937e-07 2.6136197e-06 0.99772745 1.1205252e-05 1.2990463e-05 9.646624e-06 1.798193e-06 5.5833193e-06 2.076763e-07 0.026490394 2.9787361e-06 1.0878291e-05 4.4645585e-05 4.111728e-07 5.7458413e-07 0.5624343 0.9232724 1.948037e-06 0.0007075035 2.9458806e-06 0.051594343 1.1626755e-05 9.034418e-07 1.7629261e-05 6.4238156e-07 1.5399648e-06 1.7342889e-05 1.1582337e-06 0.00018355208 0.030011911 0.00033621176 1.0195524e-07 1.2693661e-06 0.0017256152 2.8015924e-05 0.00016034266 0.00041144702 3.1909865e-05 2.1812134e-06 1.1934158e-06 5.315109e-07 0.00016779682 6.2118e-05 9.8849654e-05 0.0077078226 2.7700486e-07 1.7786566e-07 1.20776385e-05 0.06777823 0.00022258722 2.2065585e-06 3.20431e-05 2.0067479e-05 6.4635537e-06 6.209504e-06 8.119059e-06 9.587939e-07 2.101116e-06 5.2072746e-06 3.5450383e-05 1.0213474e-06 0.00046442906 1.583025e-05 1.2947896e-06 1.7855025e-05 4.287219e-05 9.0567255e-07
0.684318 2.6101809e-05 7.0798746e-06 1.5955007e-06 3.9780065e-08 5.0774328e-05 5.789079e-05 0.0013772177 4.5326942e-05 7.9487574e-05 2.9751178e-07 0.007800134 0.072475426 3.6638871e-06 7.757227e-06 1.186735e-05 2.3752258e-07 1.3702905e-07 2.9781893e-07 0.23125155 0.83856356 0.054453988 0.8831703 1.7344949e-08 9.45753e-05 0.46093616 2.6248804e-06 0.13385575 2.7147902e-07 8.7664115e-14 0.0012138956 0.60727406 0.05435805 0.11420388 0.98937434 0.9951512 5.7671606e-08 0.5560943 0.12642433 0.52322304 0.022531252 0.016105892 0.4523263 0.0010584701 0.45548397 0.00025758543 0.00805389 0.0020970386 0.00070196314 4.884954e-09 3.704296e-09 0.27739725 0.006754172 0.017762117 3.931227e-08 0.00083094457 0.00020925494 0.020289788 0.00028330288 0.0015146717 0.009999084 0.00046932453 7.0841124e-05 2.4066564e-08 4.5734122e-08 3.577778e-06 9.918592e-05 2.4259148e-09 0.005092915 0.00073474343 4.33984e-09 0.00014363254 5.8131473e-06 6.8642357e-06 6.011701e-06 1.2529287e-06 9.876175e-07 2.6653808e-05 4.4057977e-08 1.4095158e-06 6.6318586e-05 1.2589528e-05 4.420136e-10 3.1063053e-08 2.612533e-06 4.9583707e-07 1.9111834e-05 2.9304374e-07 9.091713e-07 6.009345e-06 1.615196e-05 1.0915687e-06 1.282383e-06 4.1626464e-08 2.4839224e-07 1.1852641e-08 1.1833096e-05 3.3264068e-06 8.698213e-07 5.664215e-07 3.0779958e-08
