6.770647e-17 0.99114245 0.9901674 0.9931503 0.99923575 0.9636361 0.84419435 0.94700366 0.795588 0.984606 0.9069377 0.9359883 0.3248683 0.9859329 0.56272024 0.12314365 0.768502 0.99835765 0.92837834 0.8780429 0.69886655 0.80621797 0.8536324 0.9424633 0.8124442 0.16024524 0.7359614 0.37302196 0.99815816 0.910737 0.957552 0.9783485 0.079954386 0.62616587 0.8425327 0.7687666 0.7585304 0.9397131 0.9263343 0.93232584 0.94259316 0.9017882 0.8535802 0.576145 0.16839355 0.9679624 0.95400447 0.94655824 0.73861897 0.9886013 0.9641658 0.858818 0.012142609 0.78171414 0.88627714 0.04765926 0.5702001 0.5651128 0.9951149 0.011523767 0.59501004 0.007383135 0.94025695 0.5911928 0.918548 0.35240716 0.92012745 0.93143624 0.10412016 0.012948541 0.47028333 0.8886417 0.96839017 0.9881037 0.5574456 0.56697667 0.94885767 0.072084844 0.29567006 0.0152006 0.6656364 0.19123146 0.10080267 0.99713486 0.96638477 0.003928722 0.9962562 0.0039392416 0.99855316 0.99462897 0.03418116 0.44840005 0.01911666 0.0015217795 0.001562278 0.032587927 0.9778849 0.9281852 0.024631247 4.544138e-05 0.84723336
0.99114245 4.3688997e-13 0.7519272 0.042473044 0.055790544 0.57696605 0.09615626 0.060425386 0.97654265 0.19846998 0.7540564 0.4158169 0.8073173 0.00037413478 0.8835605 0.5317044 0.45733023 0.35330966 0.0032275836 0.83065045 0.26604557 0.013394884 8.381936e-05 0.0016993561 0.065995105 0.71235114 0.0034182225 0.00041103977 0.016203035 0.0003372794 1.0993071e-05 0.0043599647 0.44811547 0.00033990838 4.917001e-06 2.501835e-06 6.2193516e-07 0.00044299124 0.040638376 0.00428144 4.395811e-05 4.296205e-06 8.796386e-06 0.00010877383 7.440353e-05 8.5035295e-05 0.0003244149 8.5994674e-07 0.005437517 0.0017121334 0.007713312 0.0023664737 0.0050426093 1.3586703e-07 5.3722255e-07 0.13523676 2.7324204e-06 1.1329903e-08 0.007482332 6.000872e-05 3.9213788e-08 0.0023308883 3.2103706e-06 1.3840148e-09 0.62146825 9.101038e-09 1.13173186e-07 3.6094789e-06 0.37782204 0.0011089054 3.5379474e-06 1.44688465e-05 0.026427139 0.00013647563 2.6316124e-10 0.0001358443 0.005603596 0.011936869 1.2323486e-07 0.00029876953 4.158915e-05 3.4450625e-08 7.3331853e-07 0.00017167874 0.0035679822 5.412177e-07 0.0010896913 0.0055522495 0.0024821195 0.014295072 1.928476e-05 4.4840043e-12 2.4634235e-06 2.9070532e-07 6.3866646e-05 3.2251447e-07 1.02514e-05 1.6581655e-05 1.8381833e-08 3.8685407e-06 1.8673507e-05
0.9901674 0.7519272 1.5730025e-14 0.043601617 0.080059715 0.82162124 0.09376428 0.2689709 0.95332235 0.5049092 0.52880454 0.680761 0.84695977 0.00012848411 0.88954186 0.64506567 0.61524093 0.29521546 0.018978719 0.84949195 0.50401914 0.0052222325 0.00031934815 0.00270993 0.045625765 0.75592005 0.0020642788 0.00021610918 0.0417369 0.0008317636 2.050555e-05 0.002954854 0.6052018 0.00026272444 2.2344582e-06 5.6929034e-06 8.522965e-07 0.00012260085 0.032151014 0.0058796606 2.439657e-05 1.5524931e-06 2.5602753e-06 4.0526018e-05 1.8280465e-05 0.00029588383 0.00015536025 1.7902006e-06 0.0018072603 0.0010936141 0.013537019 0.0016290849 0.0069864863 3.1068197e-07 5.943286e-07 0.18519439 9.558149e-07 1.8345792e-08 0.013909407 3.6470305e-05 9.7924364e-08 0.005447397 1.0879914e-06 1.7851864e-08 0.62446374 2.8396908e-08 1.1395806e-07 4.2603456e-06 0.39908937 0.001051192 3.6069603e-06 4.7072526e-06 0.02420911 0.00012938454 1.5931827e-09 4.9687147e-05 0.005368114 0.029213706 1.3327559e-07 0.002105768 0.000100220335 4.0086103e-08 1.9816223e-06 0.0002804296 0.0038318983 4.0183076e-07 0.0005098212 0.005450216 0.0020270643 0.011595966 8.912259e-05 8.6063164e-11 1.6951574e-06 5.3867414e-08 0.00037032596 8.0423234e-07 2.35443e-05 3.1799877e-06 4.9945466e-08 5.8435344e-06 3.3288365e-05
0.9931503 0.042473044 0.043601617 4.192294e-12 0.8043399 0.01719582 0.9731362 0.0002933196 0.18144691 0.0018538925 0.85802984 0.00023212386 0.011669746 0.26587802 0.014137984 0.003433932 0.0003000977 0.8809118 3.9880774e-06 0.0024061266 0.0002261662 0.8969223 6.696956e-06 6.17293e-05 0.62267876 0.0012105037 0.60109735 0.4021339 0.0022614119 3.9101782e-05 1.4699032e-06 0.32693705 0.00015347647 0.28924507 0.0033913918 1.9877236e-07 6.48151e-08 0.6555376 0.21077995 1.496253e-07 0.007752224 0.006151794 0.004668352 0.25560188 0.0543846 1.0793912e-05 0.01900576 2.8532054e-07 0.34917513 0.15344025 0.001511722 0.05822565 0.02972522 1.8609052e-08 2.5903176e-07 0.113821276 0.00022754911 1.1692185e-08 0.0019539902 0.007826199 1.1056875e-08 0.0013259639 0.0018340056 1.1553652e-08 0.00032316922 4.6417572e-08 2.7810826e-08 8.689649e-07 0.00030050092 0.0018882051 7.9751575e-05 0.011536935 0.15637973 5.9958144e-05 9.0591573e-10 0.0022162113 0.010114968 6.223193e-06 0.00029649877 2.6347138e-06 8.1576245e-06 2.8291395e-05 4.4502556e-08 0.00016442523 0.026492167 7.53905e-05 0.027518272 4.566664e-05 0.0073876213 0.14122908 3.5686384e-08 4.4153813e-11 0.004584586 0.00029648974 6.2251456e-06 5.0967075e-05 4.959048e-05 0.00060721266 4.8063953e-09 3.3582606e-07 6.498014e-05
0.99923575 0.055790544 0.080059715 0.8043399 1.6026772e-12 0.03356775 0.9565049 0.00042513895 0.1945721 0.0012726024 0.90284306 0.00074990763 0.013309734 0.3201784 0.014355032 0.0040933457 0.00044266187 0.78875303 1.7178168e-05 0.001787825 0.00021003847 0.8624795 1.0188759e-05 0.00049475144 0.46475193 0.0012169575 0.5093806 0.36649126 0.0013417487 6.730689e-05 5.6445515e-06 0.20019639 0.00013519343 0.30396104 0.011790612 8.0818813e-07 2.4033872e-07 0.6694731 0.22395188 2.4486064e-06 0.004661432 0.01405902 0.0097895805 0.21978438 0.06577935 1.8902454e-05 0.017729133 8.117057e-07 0.33712113 0.093537025 0.0030843022 0.06018447 0.01602085 1.3676376e-07 9.278895e-07 0.031463873 0.00021980338 1.0684959e-07 0.0033620617 0.0033018666 7.813422e-08 0.00029903263 0.001712949 6.518678e-08 0.0005565689 1.3823028e-07 7.9485545e-08 4.844881e-06 0.00045559736 0.00067697297 8.1948776e-05 0.013399592 0.19728912 9.52084e-05 8.936114e-09 0.0026695963 0.018415526 1.8939643e-05 0.00037738736 1.3082619e-06 2.4257415e-05 2.9934148e-05 1.8995901e-07 0.00026484992 0.047672603 6.584392e-05 0.015889103 1.9180725e-05 0.015304821 0.17674057 7.7333745e-08 1.00218694e-10 0.0023055945 0.00013886404 1.1070883e-05 8.3259285e-05 9.481986e-05 0.0004809021 8.3885885e-09 2.8412663e-07 7.0562106e-05
0.9636361 0.57696605 0.82162124 0.01719582 0.03356775 2.8676393e-16 0.030022325 0.9635503 0.11143875 0.9680421 0.02127215 0.8742571 0.057662126 0.0028314583 0.05441675 0.009092634 0.45331803 0.27424666 0.21011169 0.19290334 0.16707619 0.003783793 0.20358619 0.26806042 0.0020264245 0.038557936 0.0015888511 0.00044671123 0.24191764 0.0266171 0.008459754 0.03513141 0.041516583 0.0006776845 2.5819178e-05 0.0018384982 0.000727145 9.480295e-05 0.29857835 0.0062173447 0.00011216547 8.454814e-06 4.2702904e-06 5.1958755e-06 2.1827042e-07 0.0030970029 0.0026949435 0.0005022893 4.8067125e-07 0.0025320502 0.07882223 0.05687613 0.00013961468 2.031619e-05 1.872383e-05 0.0029030417 2.0801188e-05 1.0174286e-06 0.09944714 7.376916e-08 4.4442377e-06 1.1089735e-05 6.006649e-07 8.2247624e-07 0.12282732 5.156387e-07 3.0147798e-06 8.098663e-05 0.0052374965 2.1047902e-06 8.944262e-06 4.444564e-06 0.08107703 0.0008010909 1.8313209e-08 0.00046464082 0.09038469 0.011166918 1.5221964e-06 0.00045353494 0.0010956525 7.564598e-08 1.2803428e-05 0.0019945742 0.05226805 3.839124e-06 0.003005991 1.763147e-06 0.03631725 0.06378096 0.00022114484 5.953834e-10 9.653871e-07 2.3879368e-08 2.4771784e-05 1.0779753e-06 7.692218e-05 1.6835487e-05 3.2230352e-09 3.5558173e-08 7.392984e-05
0.84419435 0.09615626 0.09376428 0.9731362 0.9565049 0.030022325 2.6077514e-15 0.0011031178 0.5861811 0.0030666208 0.8158473 5.8953818e-05 0.041555714 0.39037526 0.006425633 0.021300301 8.968507e-05 0.53958356 6.7674404e-07 0.0003229129 8.798857e-05 0.976898 4.6508742e-07 2.1102762e-05 0.58537745 0.0014355299 0.34194708 0.31737214 0.00031544318 7.977116e-06 1.6224386e-06 0.14156978 6.987979e-05 0.11946717 0.012466356 1.11414764e-07 2.231583e-08 0.40415388 0.08947993 7.420606e-08 0.0016311998 0.001274468 0.0067848996 0.076865666 0.036611125 2.190404e-06 0.0056457445 3.503968e-07 0.12080391 0.025766639 0.0002047939 0.013492109 0.10893655 1.0634841e-07 2.1088698e-07 0.23938708 0.00025557965 1.9393767e-08 0.00025778913 0.008413844 9.202718e-09 0.00042033466 0.00045812989 1.263527e-07 2.3072296e-05 2.7633533e-08 8.844754e-08 4.9826986e-07 2.2172904e-05 0.0020882683 0.00015919702 0.0039179944 0.029737454 5.229156e-06 4.8281557e-08 0.0005756548 0.0021214401 1.6044929e-06 0.0008803167 8.610776e-07 2.1281146e-06 7.928331e-05 1.0863422e-09 1.5600885e-05 0.003161802 0.0016560622 0.005333175 1.3192441e-05 0.0012013167 0.012507298 3.6483345e-07 2.0904267e-10 0.0029445146 7.00927e-05 9.587549e-08 2.979732e-05 5.0844875e-07 0.00019832143 6.2496084e-09 2.4477098e-08 7.581101e-06
0.94700366 0.060425386 0.2689709 0.0002933196 0.00042513895 0.9635503 0.0011031178 1.0571335e-15 0.014192391 0.96767116 0.0066128396 0.9217476 0.011968473 1.1567892e-05 0.02602643 0.0029304672 0.6076875 0.010552646 0.67641723 0.28890958 0.35762778 0.00011145298 0.59787285 0.4801332 0.0003460884 0.021865955 3.570002e-05 4.360821e-05 0.3503949 0.10185801 0.080085725 0.00016911062 0.025985003 5.2866628e-05 8.6554536e-08 0.021541176 0.0062393574 1.2307659e-06 0.024754431 0.07254418 1.1195793e-06 3.3002305e-08 8.2134704e-08 2.3914922e-06 2.7257508e-07 0.014379462 2.0736974e-05 0.0020023463 6.696065e-07 2.0913174e-05 0.085018255 0.0029581725 3.44605e-05 7.5232056e-05 4.232368e-05 0.0008232194 3.1561603e-07 9.196766e-06 0.10477208 1.3245477e-07 3.555165e-05 2.8274953e-06 6.665187e-08 8.419706e-06 0.22199054 8.703155e-06 1.265984e-05 0.00031033714 0.0104550235 1.2029445e-06 5.803052e-07 1.8621763e-06 0.01825571 0.0013346856 8.900614e-07 2.9683077e-05 0.013522961 0.03147027 1.050304e-06 0.003833439 0.003418224 5.706291e-08 0.0036977194 0.0038441233 0.005094178 1.8699694e-06 6.511084e-05 7.3996816e-06 0.0056180703 0.010806856 0.0016544156 6.6464714e-09 5.546851e-07 4.5171312e-08 5.7381036e-05 9.109532e-07 0.0012963787 2.0122688e-07 1.4255555e-06 1.07215016e-07 0.00058571686
0.795588 0.97654265 0.95332235 0.18144691 0.1945721 0.11143875 0.5861811 0.014192391 2.96752e-15 0.019418811 0.84319973 0.006255346 0.93367696 0.00171976 0.74813133 0.84982866 0.0043272213 0.10973769 2.6220543e-05 0.032826986 0.002445013 0.037807975 8.137135e-06 8.063681e-05 0.2811365 0.56283945 0.010630103 0.0013056725 0.00082516985 5.0723604e-05 1.0580995e-06 0.0069003715 0.34700993 0.00054947863 9.956202e-06 6.2697626e-07 7.084868e-07 0.00023709635 0.0077931825 5.665984e-06 8.189635e-05 1.9340288e-05 4.353371e-05 0.00021533089 0.00035678936 3.1482675e-06 0.0007284377 7.66358e-07 0.011899604 0.0013101654 0.0016008797 0.0005759024 0.15145664 1.0353473e-07 4.6296202e-07 0.5942215 5.852128e-06 2.272873e-08 0.0004394041 0.001444116 3.811055e-07 0.033034816 7.7569257e-07 1.8847919e-08 0.04305905 1.9506357e-08 5.9976536e-08 1.8570262e-06 0.053159624 0.06821051 9.1536795e-06 1.7079607e-06 0.005988692 5.6235836e-05 4.2009374e-09 9.2415925e-05 0.0005139031 0.0004358499 1.14001544e-07 1.2854949e-05 1.8792578e-05 2.2232825e-07 2.55392e-08 2.621699e-05 0.00040460116 3.0643882e-06 0.00043098518 0.0021059068 0.0002046424 0.001969417 1.3711212e-06 3.3439525e-11 1.4202443e-06 1.667645e-06 2.4927955e-05 3.3801612e-07 1.1379365e-07 2.186154e-05 2.0596052e-09 3.8053025e-07 7.863546e-06
0.984606 0.19846998 0.5049092 0.0018538925 0.0012726024 0.9680421 0.0030666208 0.96767116 0.019418811 2.0497515e-14 0.032584198 0.8013886 0.008595794 6.1024733e-05 0.04036329 0.0016340563 0.5306204 0.022421146 0.5835662 0.34691572 0.2855219 0.0007061152 0.29546028 0.51798147 0.0020900685 0.019124191 0.000536481 0.00016686282 0.34436572 0.017972399 0.01803261 0.0011220159 0.021952279 0.00018963982 1.2320542e-06 0.014412701 0.0020308685 8.073119e-06 0.07461907 0.15279081 7.06319e-06 2.2995235e-07 1.1368556e-06 1.2899405e-05 8.039498e-06 0.0030282675 0.00022173465 0.00040564843 4.6401287e-06 9.539053e-05 0.097009435 0.0059835906 6.244634e-05 6.780387e-05 2.2209093e-05 0.0002809524 2.7462743e-06 4.8135958e-06 0.12259906 4.7639148e-07 4.413479e-05 2.7805602e-06 2.463387e-07 7.5963527e-07 0.5254307 1.2177509e-05 2.5633929e-06 0.0002215552 0.005914887 3.0887073e-05 4.5908456e-07 2.7718495e-06 0.052851938 0.0008487819 8.1351565e-08 0.00016165806 0.041974474 0.020378394 2.2772495e-06 0.0014176158 0.0015692924 8.652597e-08 0.0003935209 0.0034452586 0.014651414 1.1537748e-05 0.00022554417 2.4253402e-06 0.014344487 0.0372486 0.00024892975 8.016712e-10 2.8091622e-06 4.324789e-07 3.6339084e-06 1.5303726e-06 0.0004653229 8.485205e-07 1.8581625e-07 2.9608918e-07 0.00018119715
0.9069377 0.7540564 0.52880454 0.85802984 0.90284306 0.02127215 0.8158473 0.0066128396 0.84319973 0.032584198 1.24259945e-14 0.0005304035 0.12902443 0.009855767 0.09750261 0.26477277 0.00020044422 0.57329446 1.4377287e-06 0.0021513314 0.00014834564 0.45948723 2.4137546e-06 1.5753307e-05 0.9797241 0.016770797 0.2575334 0.045249835 0.004043358 1.274432e-05 1.1987393e-06 0.019484172 0.0021017536 0.02144906 4.0692506e-05 3.071289e-07 1.6526636e-07 0.015191179 0.008052724 6.3856896e-07 0.00060194597 0.00026895787 0.00012318979 0.0026226435 0.0046625794 5.1781863e-06 0.0008327946 1.6323864e-07 0.47749615 0.013298334 0.00059625716 0.00046877214 0.7802053 2.3431899e-07 6.823986e-07 0.89564866 3.9693576e-05 8.525505e-08 0.00022846478 0.0933263 1.4544993e-07 0.08219696 1.07885e-05 5.9149937e-08 0.0009162668 4.9048523e-08 1.2429867e-07 2.1721914e-06 0.019641045 0.20675012 3.867414e-05 9.457917e-05 0.0132059995 3.3804485e-05 6.086284e-08 0.000116783005 0.00032297696 9.290268e-06 3.8041578e-06 1.6093861e-06 4.032925e-06 2.3196187e-06 2.8675144e-08 1.0176669e-05 0.0007062419 9.033208e-06 0.0013397458 0.0012295876 0.0001590333 0.0050533186 2.0461302e-07 3.5516654e-10 0.0002759301 0.00056808104 1.4104162e-05 1.9243222e-05 3.1619535e-07 0.00014763305 3.781648e-08 4.0987146e-07 6.0026636e-05
0.9359883 0.4158169 0.680761 0.00023212386 0.00074990763 0.8742571 5.8953818e-05 0.9217476 0.006255346 0.8013886 0.0005304035 9.4072875e-17 0.018004127 1.4964148e-06 0.12711504 0.0054799127 0.9773235 0.019970804 0.7112402 0.7902846 0.79945385 1.7438635e-05 0.14250226 0.042449616 5.642181e-05 0.14319903 3.2986106e-06 1.6444873e-06 0.3746222 0.014593089 0.0029229883 5.8983904e-05 0.29824656 1.3917173e-06 2.3983988e-08 0.004005926 0.000714175 2.6970552e-08 0.0063306363 0.1512733 1.2008263e-06 2.2754277e-08 6.2200364e-08 7.5294133e-07 1.1182033e-07 0.0045295777 3.6376011e-06 9.095599e-05 6.3620865e-07 1.4106703e-05 0.055316143 0.00067562977 7.938449e-06 7.733419e-06 1.5477457e-05 0.00021463465 1.4788577e-07 1.9327374e-06 0.02480033 2.4861785e-07 4.2505384e-05 2.5634185e-05 3.3695354e-08 2.4076033e-07 0.5555547 1.713967e-06 6.280028e-06 0.0002901936 0.046020914 4.778291e-06 4.3698594e-07 4.0560945e-08 0.00896186 0.0016694162 4.11386e-08 1.1906835e-05 0.003871505 0.11107506 8.904621e-09 0.014909948 0.00038246857 4.383752e-08 0.000683856 0.00044910586 0.0013272316 5.3266734e-07 8.1559796e-05 0.0002005184 0.0012426261 0.0029638866 0.0042570843 2.5222011e-09 3.4420756e-07 4.1433502e-08 0.0004733972 2.0398993e-07 1.304337e-05 1.1790847e-06 2.5755e-06 2.0171328e-06 0.00025904525
0.3248683 0.8073173 0.84695977 0.011669746 0.013309734 0.057662126 0.041555714 0.011968473 0.93367696 0.008595794 0.12902443 0.018004127 7.6984826e-15 0.00026514663 0.97935903 0.98850924 0.004531489 0.009662692 8.396569e-05 0.04303327 0.0043762135 0.0011192559 5.024849e-05 8.4326646e-05 0.0074440828 0.61735857 0.0008152827 8.399156e-05 9.38709e-05 6.5677355e-05 7.02242e-06 0.00078055443 0.23974136 6.9229995e-05 1.1387577e-06 5.0133062e-06 4.386734e-06 4.9761907e-06 0.0012149664 8.682566e-05 3.8604165e-05 6.056182e-06 1.0586957e-05 4.7535585e-05 1.07374135e-05 1.0667111e-05 0.00014520262 1.5136831e-06 0.00019381547 4.0093277e-05 0.00061536866 0.00016747198 0.0071867076 3.8390414e-07 1.4752101e-06 0.16766137 1.3642423e-06 4.568547e-08 0.00012355854 4.9615504e-05 2.127512e-06 0.011640606 2.4596063e-06 4.0291535e-08 0.014217358 2.2724971e-07 4.1147524e-07 2.7477976e-05 0.08353309 0.0055070645 3.2313592e-06 8.437664e-08 0.001055868 5.0524603e-05 1.3371404e-07 1.764132e-05 8.9682326e-05 0.00024059706 2.488063e-08 8.384179e-06 1.0243728e-07 6.588653e-08 3.077085e-07 1.1172919e-05 0.00013047048 2.87257e-06 0.000122000194 0.0019247332 4.1261563e-05 0.00046990966 4.364955e-06 1.4959424e-10 4.407918e-07 4.7251515e-07 0.00065415906 4.280757e-08 4.1814978e-08 2.6748536e-05 1.0767484e-08 4.3000005e-06 1.6224983e-05
0.9859329 0.00037413478 0.00012848411 0.26587802 0.3201784 0.0028314583 0.39037526 1.1567892e-05 0.00171976 6.1024733e-05 0.009855767 1.4964148e-06 0.00026514663 7.607374e-14 1.7496408e-05 0.00014052678 1.5885654e-06 0.8009059 1.2760786e-07 2.7070757e-05 4.8271986e-06 0.42154405 7.85075e-07 2.6556074e-05 0.0046853162 1.9229481e-05 0.14747924 0.4140248 0.00015947632 1.1097025e-05 1.19221e-06 0.89298415 2.0351608e-06 0.46732116 0.98647743 2.2529959e-07 1.2142127e-07 0.69511026 0.3001455 1.485404e-06 0.152526 0.15906286 0.13077597 0.13409768 0.026359243 1.06593325e-05 0.23413466 4.02934e-07 0.0025986491 0.3720561 0.0005420824 0.30946368 0.0010216684 1.7367962e-07 6.5034754e-07 0.0013793827 0.023913363 9.35658e-08 0.0011455569 0.00017725937 3.5496828e-07 6.770578e-07 0.03212547 2.141622e-07 2.3126684e-05 1.43203e-07 2.2797231e-07 3.923455e-06 1.4563968e-05 1.0064843e-05 0.020583251 0.09311602 0.307698 1.9948393e-05 1.3470341e-07 0.025105366 0.01037516 8.251026e-07 0.018080862 9.0905775e-07 2.8147602e-05 0.004075745 2.1061163e-07 5.202532e-05 0.08451836 0.0007796259 0.05611062 5.579796e-06 0.010858185 0.2764595 1.8462923e-07 6.1507106e-09 0.0017450923 1.5778468e-06 2.5705594e-07 0.00030524418 3.4640736e-05 0.0007587556 2.4860694e-09 1.7962494e-08 2.1091015e-05
0.56272024 0.8835605 0.88954186 0.014137984 0.014355032 0.05441675 0.006425633 0.02602643 0.74813133 0.04036329 0.09750261 0.12711504 0.97935903 1.7496408e-05 1.233847e-14 0.95976216 0.037102513 0.009192838 0.003736964 0.33716646 0.03525524 0.0005573991 0.00011920952 0.00013554601 0.022050947 0.92260414 0.0009277746 5.109653e-05 0.0006756556 2.3115661e-05 1.9839075e-05 3.7092632e-05 0.8368639 3.8474533e-05 3.1462473e-06 3.9697286e-05 4.1062387e-05 1.2076764e-05 0.00025188326 0.005429752 2.1065061e-05 9.2359005e-07 1.5608167e-06 2.9879846e-05 7.3108235e-06 1.886066e-05 2.1224001e-05 1.9241008e-06 0.0012280032 7.3518363e-06 0.0011828088 2.4498926e-05 0.011001763 3.0259562e-06 4.202819e-06 0.27923417 9.865009e-07 5.9167905e-07 0.00028771843 5.03197e-05 1.8120036e-05 0.054065928 3.1487946e-07 4.6795847e-07 0.37266394 8.5548226e-07 1.8496734e-06 3.8789203e-05 0.6075042 0.023389298 1.272177e-05 3.657814e-07 0.0008284912 7.4659765e-05 9.890312e-07 4.2144927e-07 1.5015577e-05 0.017452387 6.420551e-07 0.0037742537 2.642205e-06 1.5454745e-08 2.2004633e-05 2.8610231e-05 2.470504e-05 1.0625226e-06 6.194425e-05 0.0240169 1.2361612e-05 0.0002225 0.0005233874 1.3152648e-08 6.4456196e-07 2.6209742e-07 0.01870848 1.4987671e-06 4.1153507e-06 1.345627e-05 6.7940086e-06 0.00022024002 5.3918277e-05
0.12314365 0.5317044 0.64506567 0.003433932 0.0040933457 0.009092634 0.021300301 0.0029304672 0.84982866 0.0016340563 0.26477277 0.0054799127 0.98850924 0.00014052678 0.95976216 1.975789e-14 0.0027433452 0.002722595 6.241157e-05 0.060612958 0.005376967 0.0045092637 1.5859036e-05 6.2114764e-06 0.046754472 0.9500764 0.0016483722 5.034942e-05 9.454526e-05 7.364292e-06 4.4317485e-06 0.00033177232 0.6103515 5.883435e-05 1.0799266e-05 1.2463372e-06 3.8362878e-06 2.0731131e-06 0.00017298777 0.00021775824 9.841893e-05 1.9089992e-05 6.7600195e-06 8.80669e-05 3.1409338e-05 1.8822477e-05 8.896049e-05 2.2541988e-06 0.0003019439 9.181417e-05 0.00014588746 1.0101875e-05 0.034780532 1.659905e-06 3.8083213e-06 0.65177566 3.4620246e-06 1.3266664e-07 5.0781204e-05 0.00011194928 3.3582846e-06 0.5270793 3.638496e-06 1.2774217e-07 0.01077181 2.2949467e-07 7.544853e-07 2.8484288e-05 0.5137177 0.12905955 1.1214787e-05 2.4844127e-07 0.0004181995 3.4747078e-05 4.0749322e-07 3.67992e-07 8.968793e-06 0.00017704986 1.1019574e-07 4.0730516e-05 8.315024e-09 6.026156e-09 5.6624458e-08 4.4763915e-06 7.767642e-06 5.822593e-07 9.761001e-05 0.016608404 9.817552e-06 0.00014435596 2.0165857e-05 1.1792696e-09 3.389435e-07 1.3989203e-06 0.00550667 7.270322e-08 1.4411364e-07 9.239522e-05 1.8909304e-07 6.604079e-06 2.2100936e-05
0.768502 0.45733023 0.61524093 0.0003000977 0.00044266187 0.45331803 8.968507e-05 0.6076875 0.0043272213 0.5306204 0.00020044422 0.9773235 0.004531489 1.5885654e-06 0.037102513 0.0027433452 3.727999e-16 0.0045267832 0.8445776 0.86302334 0.9859002 8.620583e-06 0.07538743 0.007850901 1.0815406e-05 0.024744011 5.6315394e-06 1.544037e-06 0.22952873 0.004806167 0.0026961889 0.00010332725 0.20911485 1.302344e-06 1.5528586e-08 0.0015699563 0.001110199 2.5775272e-08 0.0019943726 0.39894617 3.2390046e-06 2.5067774e-07 7.828145e-08 1.4626038e-06 1.0363707e-07 0.0032647185 1.6030505e-06 0.0001871127 1.5749447e-07 4.2121283e-06 0.019772055 0.00013293698 2.0563348e-06 1.5655254e-05 7.0131144e-05 1.0380464e-05 2.2676824e-07 5.2707824e-06 0.008340337 7.114406e-08 0.0001682102 5.197243e-06 2.135522e-07 2.4404937e-06 0.2824109 4.5151246e-06 2.0632799e-05 0.00043980946 0.025898928 9.764912e-07 1.0130387e-06 1.5496692e-08 0.0028439828 0.0015177784 3.3448364e-07 2.3729742e-06 0.00077934004 0.055257283 3.8660215e-08 0.0056179683 0.00017601583 4.0295532e-08 0.0025719942 0.00036251787 0.00021400247 3.9039423e-06 4.9802136e-05 5.7223708e-05 0.000166105 0.001065321 0.0027216875 3.399545e-09 5.287613e-08 4.7898125e-09 0.0006284099 4.751709e-07 1.5795813e-06 1.07199385e-05 1.0421669e-05 1.4482382e-06 0.0001629331
0.99835765 0.35330966 0.29521546 0.8809118 0.78875303 0.27424666 0.53958356 0.010552646 0.10973769 0.022421146 0.57329446 0.019970804 0.009662692 0.8009059 0.009192838 0.002722595 0.0045267832 1.3721262e-13 0.00059164525 0.007631298 0.001669023 0.28705093 0.00031028505 0.01807786 0.12295835 0.003285133 0.18752618 0.072774164 0.010869467 0.00030643246 0.00021226968 0.6569378 0.00025110735 0.08691062 0.20630296 0.000646014 3.5638957e-05 0.5071685 0.9421958 0.0006806179 0.04949361 0.088274345 0.053753894 0.08648484 0.015104315 0.00010070906 0.07605794 2.627351e-05 0.08368141 0.11980446 0.007485344 0.18729974 0.0024333776 8.033114e-06 4.022349e-05 0.0039420794 0.0031978122 1.1007297e-05 0.00995009 0.00020574823 4.0820505e-05 0.0001516641 0.031925835 2.5851589e-06 0.011335985 8.030991e-06 1.254023e-05 6.0551687e-05 0.0071646213 0.0002666224 0.00040765203 0.031920224 0.37390292 0.00024330571 3.5727555e-06 0.00077663455 0.10128718 0.00029805352 0.0019424291 0.0002111018 6.1055354e-05 0.00021984425 4.9753367e-06 0.002790988 0.07371569 0.00015854112 0.0056590727 0.00031739828 0.01697394 0.29107958 4.7893293e-05 1.8890098e-08 0.0014866968 9.040848e-05 8.155501e-06 0.00027229777 0.00040120797 0.004498569 1.4261015e-07 1.6182171e-06 0.00015628515
0.92837834 0.0032275836 0.018978719 3.9880774e-06 1.7178168e-05 0.21011169 6.7674404e-07 0.67641723 2.6220543e-05 0.5835662 1.4377287e-06 0.7112402 8.396569e-05 1.2760786e-07 0.003736964 6.241157e-05 0.8445776 0.00059164525 4.063258e-15 0.27344444 0.76128215 9.8224e-07 0.96143615 0.115997106 2.9684716e-07 0.00042393367 7.007064e-07 1.8801235e-07 0.8009308 0.16597621 0.15293251 7.3122733e-06 0.015022053 4.9504642e-08 8.275849e-09 0.59746563 0.2595409 7.1150805e-09 0.0019688078 0.972859 1.2065486e-06 4.399399e-08 6.3950964e-08 9.8269375e-08 6.4505508e-09 0.14129868 5.347769e-06 0.00857753 4.50475e-08 4.1460717e-07 0.23393199 2.5184061e-05 6.0080527e-07 0.013196072 0.0075369654 1.4958825e-06 1.1153085e-07 0.004774563 0.14288697 2.5526539e-08 0.035013735 4.3694965e-07 2.676124e-07 0.00050717394 0.5057901 0.0012014736 0.0010980719 0.01295877 0.0041691987 1.9877939e-07 4.886986e-07 1.6631994e-08 0.002865739 0.020220295 0.00014419554 1.1265776e-06 0.0020990984 0.35516584 3.3508975e-08 0.06433161 0.003877147 9.875147e-09 0.5202383 0.0017617043 0.00041079032 2.69058e-07 3.506425e-05 4.5375928e-06 0.0006307823 0.0009103305 0.027846247 3.2905418e-06 1.1610742e-07 1.4201272e-07 0.00043214415 5.4580408e-08 0.0002452872 2.441194e-06 0.0004147949 1.192873e-06 0.0035037394
0.8780429 0.83065045 0.84949195 0.0024061266 0.001787825 0.19290334 0.0003229129 0.28890958 0.032826986 0.34691572 0.0021513314 0.7902846 0.04303327 2.7070757e-05 0.33716646 0.060612958 0.86302334 0.007631298 0.27344444 1.5722317e-14 0.9729577 6.0404098e-05 0.0021008467 0.00059719186 0.00018201879 0.63605803 4.6358145e-05 5.6525187e-06 0.07877055 0.001179295 0.0006569531 0.00022171943 0.93634117 6.428863e-06 1.0750924e-06 8.6439584e-05 0.00030992547 7.6674326e-07 0.0010356857 0.6147389 2.0143178e-05 1.372078e-07 7.858915e-07 8.558981e-06 1.4356921e-05 0.00067208405 2.9166893e-05 5.2723186e-05 1.25355555e-05 5.883878e-05 0.013216204 3.5693825e-05 0.000108950015 1.5212816e-05 8.042684e-05 0.00096204004 1.73586e-06 4.3182463e-06 0.0038294762 3.7621514e-06 2.4887124e-05 0.0011205162 4.5154925e-07 1.1827426e-06 0.91733634 2.3694215e-06 6.652528e-05 0.00035587826 0.78899294 0.000101496415 6.2200183e-06 1.2173903e-06 0.002727028 0.0010834766 5.831295e-07 9.754041e-07 0.00027621284 0.41663218 2.9514106e-07 0.124306455 1.6425838e-05 2.1435264e-07 0.00013504885 8.450537e-05 6.8817986e-05 5.461847e-06 0.00014502727 0.019941349 7.77651e-05 0.0010102945 0.017180486 8.430983e-09 6.2172046e-07 6.618603e-07 0.015470889 1.8550307e-05 9.4480635e-07 1.5378302e-05 2.3958855e-05 0.00016451963 0.00026222382
0.69886655 0.26604557 0.50401914 0.0002261662 0.00021003847 0.16707619 8.798857e-05 0.35762778 0.002445013 0.2855219 0.00014834564 0.79945385 0.0043762135 4.8271986e-06 0.03525524 0.005376967 0.9859002 0.001669023 0.76128215 0.9729577 2.4532628e-15 3.0546682e-05 0.040372476 0.0038654085 3.1692627e-05 0.029581578 1.247038e-05 1.97575e-06 0.10489471 0.0041445447 0.0029609555 2.844753e-05 0.51359695 9.379465e-07 1.43303e-07 0.0051968866 0.0026619276 3.3052448e-08 0.0006082159 0.92282134 1.1039266e-05 1.1290131e-07 9.820137e-08 1.2805069e-06 3.71413e-07 0.00316557 1.0415648e-05 0.00026809075 2.3126465e-07 4.9955092e-06 0.016032511 1.0495256e-05 1.9524441e-05 8.907399e-05 0.00021039654 0.000100710226 7.4354965e-08 3.890345e-05 0.006818032 4.2890102e-07 0.00021807871 2.259503e-05 6.2736865e-07 2.1581578e-05 0.60014296 3.046217e-05 6.8947265e-05 0.0009670956 0.19278611 7.080637e-06 3.768288e-06 9.3995276e-08 0.0026968794 0.001972894 1.5552806e-06 2.47371e-07 0.00019308065 0.28491727 4.513858e-08 0.04894293 8.51844e-05 1.8320055e-08 0.032815907 0.0005958655 8.062428e-05 4.1744297e-06 5.4719225e-05 0.0006547214 6.590109e-05 0.0005805984 0.021342644 6.161528e-08 1.712516e-08 8.5690175e-08 0.007148616 1.5419363e-07 4.3313007e-06 8.414024e-06 0.00048147942 7.4662435e-06 0.0003234933
0.80621797 0.013394884 0.0052222325 0.8969223 0.8624795 0.003783793 0.976898 0.00011145298 0.037807975 0.0007061152 0.45948723 1.7438635e-05 0.0011192559 0.42154405 0.0005573991 0.0045092637 8.620583e-06 0.28705093 9.8224e-07 6.0404098e-05 3.0546682e-05 6.06433e-14 9.866181e-06 0.000111254085 0.6632963 0.00013594901 0.97800636 0.8446775 0.00057195313 3.211643e-05 1.3435535e-05 0.049471434 2.1650101e-05 0.6480484 0.0018548024 1.0388175e-06 1.499635e-06 0.209193 0.03965394 1.3985722e-06 0.0016069217 0.0015553584 0.0029058906 0.059743173 0.11364375 1.4734252e-05 0.0018305186 2.0662856e-06 0.49481404 0.01970934 0.0016050101 0.0068081296 0.06210549 7.4639115e-07 6.2312874e-06 0.027170273 0.0002492635 4.2129858e-07 0.0004007804 0.020532448 1.0364918e-06 3.1314557e-05 0.00069712644 1.0975803e-06 1.5891624e-06 1.786343e-06 9.363009e-06 3.9379494e-05 6.8320383e-06 0.0003855198 0.000113448485 0.00065874105 0.013117195 7.226438e-05 1.6918788e-06 0.0005958504 0.0010571305 1.1052407e-06 0.00014333738 3.849683e-06 8.23036e-06 0.0002746827 7.988052e-07 0.000128521 0.0024159001 0.0017499354 0.0013175827 6.637607e-06 0.0003447906 0.008911916 9.982185e-08 1.0269845e-07 0.0041979826 0.00089773943 5.9101814e-07 0.00014512149 2.7546694e-05 0.00016043537 1.3407796e-07 1.3407873e-07 0.0007304461
0.8536324 8.381936e-05 0.00031934815 6.696956e-06 1.0188759e-05 0.20358619 4.6508742e-07 0.59787285 8.137135e-06 0.29546028 2.4137546e-06 0.14250226 5.024849e-05 7.85075e-07 0.00011920952 1.5859036e-05 0.07538743 0.00031028505 0.96143615 0.0021008467 0.040372476 9.866181e-06 3.153539e-15 0.49759218 1.2705965e-06 0.00020118173 1.4078768e-06 2.7262945e-07 0.7208645 0.48209947 0.9794478 5.119994e-05 0.00038185375 3.6621805e-07 8.8417515e-08 0.9002075 0.70669734 1.1949178e-08 0.0016873543 0.036128595 3.560928e-06 1.6864249e-07 4.3417862e-07 3.744739e-07 2.2281338e-08 0.24872057 3.52379e-05 0.30734667 1.532851e-08 2.6992577e-06 0.14381705 0.00032644338 6.4376513e-07 0.070180476 0.009130641 8.200685e-07 1.2481498e-06 0.0081631085 0.09350068 4.7530463e-07 0.04477597 1.4398809e-07 3.7234648e-07 0.00049242075 0.022511836 0.0012015417 0.0028719795 0.008669614 4.581067e-05 7.875125e-08 3.2396813e-06 2.420812e-07 0.0036899077 0.0138588725 0.00015003332 4.4415306e-06 0.0024137937 0.015345803 2.4014199e-08 0.0017255682 0.017756943 4.25846e-08 0.3686223 0.0021267463 0.00092777814 1.7618881e-06 7.484998e-05 2.9053598e-07 0.0019827625 0.0015114277 0.0022173391 1.00212455e-05 2.0446201e-07 1.2398635e-07 2.2318907e-05 2.2697961e-07 0.00016949877 1.2983093e-05 1.6997767e-05 1.5678644e-08 0.000638799
0.9424633 0.0016993561 0.00270993 6.17293e-05 0.00049475144 0.26806042 2.1102762e-05 0.4801332 8.063681e-05 0.51798147 1.5753307e-05 0.042449616 8.4326646e-05 2.6556074e-05 0.00013554601 6.2114764e-06 0.007850901 0.01807786 0.115997106 0.00059719186 0.0038654085 0.000111254085 0.49759218 2.2517967e-17 1.635878e-06 1.8134453e-05 3.54745e-05 2.9240977e-05 0.97017676 0.97957534 0.74356294 0.011291321 4.4513068e-05 1.3938261e-05 9.728233e-07 0.11294456 0.106280416 9.510286e-07 0.3353349 0.0006103088 2.1236798e-05 3.7685453e-07 2.647947e-07 1.442112e-06 3.833961e-08 0.15300882 0.0006259066 0.11894468 2.0591811e-07 0.00012079016 0.7647032 0.04939471 1.934658e-05 0.014359434 0.0029135451 2.9386207e-05 2.1688215e-06 0.0018434809 0.5586676 2.2279586e-07 0.00045149503 5.4756416e-08 4.2840145e-07 0.00020305549 0.0003947227 0.00020665754 0.0002545104 0.012072141 9.153135e-07 5.5149258e-08 1.3546935e-06 3.851622e-06 0.05215268 0.007495041 4.3021108e-05 6.8327456e-05 0.26774064 0.00050899683 1.1857191e-05 2.4086761e-05 0.01977401 5.7765178e-08 0.00014256766 0.027448619 0.07579312 1.7573013e-05 0.00033187767 3.462792e-07 0.07265198 0.042396285 5.5164335e-05 2.9936004e-07 5.4982553e-07 7.6432634e-08 9.1675656e-07 3.7170852e-07 0.0003045164 6.6436237e-06 6.5944463e-09 9.468254e-10 0.00021503765
0.8124442 0.065995105 0.045625765 0.62267876 0.46475193 0.0020264245 0.58537745 0.0003460884 0.2811365 0.0020900685 0.9797241 5.642181e-05 0.0074440828 0.0046853162 0.022050947 0.046754472 1.0815406e-05 0.12295835 2.9684716e-07 0.00018201879 3.1692627e-05 0.6632963 1.2705965e-06 1.635878e-06 3.266996e-14 0.000222618 0.67886996 0.1304661 0.00070818764 3.6267138e-06 9.123025e-07 0.0040478394 8.633607e-06 0.07773681 1.2434504e-05 3.557067e-07 4.2009458e-07 0.0406898 0.0010800813 7.312514e-07 0.00016417702 0.0006429786 0.0004247125 0.027543629 0.09095107 2.3333034e-06 4.844121e-05 4.2881305e-07 0.9638419 0.002466895 0.0006687128 3.546364e-05 0.9357154 1.2820466e-06 1.0134311e-06 0.7939057 3.911043e-07 1.8947412e-07 9.5655174e-05 0.5036257 3.2122435e-07 0.11943654 2.2199658e-06 3.4174967e-08 2.1724993e-05 9.482504e-08 2.7606626e-07 7.1142163e-06 0.0006369108 0.29685107 3.767688e-06 2.274327e-05 0.0049360325 8.38711e-05 2.8131717e-07 1.0879654e-06 0.00014977742 8.6325194e-08 1.5140606e-07 1.8514497e-07 2.98917e-07 1.5981986e-07 1.8367885e-08 3.5368463e-05 0.000446296 1.3751972e-05 5.5168228e-05 0.00084154645 0.00013472533 0.0013372669 2.006851e-09 1.6290573e-10 0.0008203534 0.015595152 1.1954462e-07 1.8536936e-07 1.1198025e-06 8.03044e-06 5.465781e-08 1.2344893e-07 0.00010561177
0.16024524 0.71235114 0.75592005 0.0012105037 0.0012169575 0.038557936 0.0014355299 0.021865955 0.56283945 0.019124191 0.016770797 0.14319903 0.61735857 1.9229481e-05 0.92260414 0.9500764 0.024744011 0.003285133 0.00042393367 0.63605803 0.029581578 0.00013594901 0.00020118173 1.8134453e-05 0.000222618 1.7171946e-14 4.1737552e-05 7.0757633e-06 4.526215e-05 4.667934e-05 2.5863883e-05 9.017512e-05 0.99795264 1.2242765e-05 4.995545e-07 2.3924777e-06 1.0687885e-05 7.327055e-07 0.00086810644 0.00062801037 3.6495352e-05 3.3773465e-06 3.1140444e-06 1.3751618e-05 7.246967e-06 1.6425744e-05 7.487618e-05 3.833808e-06 7.0508094e-07 2.568773e-05 0.00044266396 9.252969e-05 0.00022664167 1.3553707e-06 3.183207e-06 0.010399078 1.1642182e-06 2.3778564e-06 5.061754e-05 3.6608208e-06 2.2469592e-06 0.009555325 9.659453e-07 3.5601133e-08 0.05585555 2.7232659e-06 6.335869e-07 0.00021434399 0.47236937 0.00088525907 6.147659e-06 3.0140498e-08 0.0018120985 0.00010638489 2.856549e-07 1.48183e-06 5.216617e-05 0.0023759578 5.786782e-07 0.0006989337 1.1984267e-07 6.533416e-08 1.1976937e-06 3.3751716e-05 0.00016067362 5.055255e-07 2.290196e-05 0.0078030247 1.762042e-05 0.00021535555 0.00012813316 1.4219443e-09 3.7285284e-07 3.2377073e-08 0.010056584 1.6210598e-07 1.2356459e-07 6.412679e-06 1.9894416e-07 2.6813563e-05 2.0909269e-05
0.7359614 0.0034182225 0.0020642788 0.60109735 0.5093806 0.0015888511 0.34194708 3.570002e-05 0.010630103 0.000536481 0.2575334 3.2986106e-06 0.0008152827 0.14747924 0.0009277746 0.0016483722 5.6315394e-06 0.18752618 7.007064e-07 4.6358145e-05 1.247038e-05 0.97800636 1.4078768e-06 3.54745e-05 0.67886996 4.1737552e-05 7.8862573e-13 0.9816183 0.00038409297 3.5511307e-06 6.9959594e-07 0.0327903 2.4110503e-05 0.7718253 0.0012112284 6.6173277e-07 4.3251356e-07 0.4195541 0.009410615 1.1841252e-06 0.0040305206 0.005602084 0.008339402 0.40416712 0.8685109 5.310407e-07 0.0016204588 1.397954e-07 0.913155 0.015976008 0.0005661432 0.0011046976 0.088479325 2.877169e-07 5.3767405e-07 0.04101955 0.00017115334 1.5148622e-07 0.00020487106 0.12402984 1.6780162e-06 0.00016436016 0.0005886158 1.2890312e-06 4.9370888e-06 4.1851886e-06 1.7042705e-06 3.139158e-05 5.4835775e-05 0.001041461 0.0001148322 0.00074079394 0.00932367 4.2507614e-05 9.601398e-07 0.00013971765 0.0005265369 4.2341344e-06 0.0006970882 1.8926843e-05 5.643125e-06 0.00012689643 3.0142999e-06 6.4143154e-05 0.0009148632 0.0012076724 0.0015069734 6.1956955e-05 0.00038857383 0.0073435544 1.5873455e-07 8.4633236e-08 0.0523586 0.01290354 3.3493895e-06 0.00027444755 5.7545412e-06 0.00012510529 1.3446866e-07 1.1603934e-07 0.00021605188
0.37302196 0.00041103977 0.00021610918 0.4021339 0.36649126 0.00044671123 0.31737214 4.360821e-05 0.0013056725 0.00016686282 0.045249835 1.6444873e-06 8.399156e-05 0.4140248 5.109653e-05 5.034942e-05 1.544037e-06 0.072774164 1.8801235e-07 5.6525187e-06 1.97575e-06 0.8446775 2.7262945e-07 2.9240977e-05 0.1304661 7.0757633e-06 0.9816183 1.8133256e-13 4.9050606e-05 6.8809286e-06 5.404172e-07 0.032233197 2.898495e-06 0.99359167 0.0036371972 1.7120563e-07 1.7422842e-07 0.43772048 0.007817706 3.2843936e-08 0.0022413894 0.002586392 0.009554126 0.2522269 0.5245826 9.302108e-07 0.00080589467 2.105582e-07 0.3999302 0.006415656 6.171364e-05 0.0006587467 0.004917942 1.405188e-07 2.0015241e-07 0.001100446 0.00014861937 9.8702365e-08 6.884451e-05 0.008128313 5.983904e-07 6.022649e-06 0.00030643682 1.129515e-07 7.822523e-07 7.795496e-07 1.492855e-07 3.864389e-06 2.4632636e-06 7.215289e-05 0.00015931731 0.00044849789 0.0022672738 4.5300694e-06 3.14666e-07 7.07209e-05 0.00019110639 1.7857706e-06 0.0004709467 1.5371389e-06 4.9416812e-08 0.00014865196 5.024384e-07 1.1700479e-05 0.00035494092 0.0010689379 0.00051859574 8.238681e-07 0.00019758235 0.0020276988 7.782352e-08 1.5516035e-08 0.012445527 0.0005105525 2.2457388e-07 0.0001665258 4.9141113e-07 0.00022547491 1.3403487e-09 2.0748416e-08 1.8302926e-06
0.99815816 0.016203035 0.0417369 0.0022614119 0.0013417487 0.24191764 0.00031544318 0.3503949 0.00082516985 0.34436572 0.004043358 0.3746222 9.38709e-05 0.00015947632 0.0006756556 9.454526e-05 0.22952873 0.010869467 0.8009308 0.07877055 0.10489471 0.00057195313 0.7208645 0.97017676 0.00070818764 4.526215e-05 0.00038409297 4.9050606e-05 3.7434307e-17 0.6918904 0.5659564 0.0018169648 0.00047933776 5.645922e-05 2.7792003e-06 0.38545895 0.26996562 5.4064585e-06 0.14222495 0.44940728 1.3591627e-05 1.6244228e-07 1.134541e-06 3.6855257e-05 1.4700187e-05 0.10182089 0.00027326995 0.022519087 0.001976885 6.132724e-05 0.7425599 0.0147099085 8.8928595e-05 0.032799408 0.019123973 0.00019409439 1.0252393e-06 0.0027129038 0.5178157 5.3025986e-05 0.009369806 2.9779481e-05 5.071625e-07 0.00033821043 0.14802787 0.00075614866 0.00033958937 0.0019969447 0.0014149543 4.5557324e-05 1.2805405e-07 3.7206926e-05 0.09177294 0.006117175 0.0007068968 0.00029551162 0.45389864 0.0069171 2.5416987e-06 0.0005895292 0.0009605883 5.652996e-07 0.0006992175 0.007818519 0.09937842 1.1084291e-05 0.0017142139 5.2203322e-06 0.12018767 0.11896102 0.00059233175 9.356791e-07 9.547377e-06 4.3091368e-05 6.098875e-06 4.4959282e-07 0.00015151534 1.4112262e-05 3.7491252e-06 7.514396e-08 0.0001990667
0.910737 0.0003372794 0.0008317636 3.9101782e-05 6.730689e-05 0.0266171 7.977116e-06 0.10185801 5.0723604e-05 0.017972399 1.274432e-05 0.014593089 6.5677355e-05 1.1097025e-05 2.3115661e-05 7.364292e-06 0.004806167 0.00030643246 0.16597621 0.001179295 0.0041445447 3.211643e-05 0.48209947 0.97957534 3.6267138e-06 4.667934e-05 3.5511307e-06 6.8809286e-06 0.6918904 2.6523973e-15 0.9226935 0.0004110666 2.8828956e-05 7.3480754e-07 6.93619e-07 0.3569728 0.31269088 6.4715505e-07 0.038596574 0.0059524863 2.5323518e-06 1.795512e-07 3.3417002e-08 3.581125e-07 3.0111824e-08 0.9493971 6.229597e-05 0.52056086 4.5304472e-07 4.0089053e-06 0.7895536 0.0051123416 1.4854234e-05 0.2647345 0.027557382 4.8319216e-05 2.6342653e-07 0.04772983 0.5097542 1.7134366e-07 0.03519864 1.4331721e-07 4.968733e-07 0.010784016 0.0009795201 0.008825351 0.011516836 0.419261 2.853313e-06 6.4283235e-08 9.990742e-07 1.0691315e-06 0.01340709 0.13527131 0.0017824714 1.1853211e-05 0.05908225 0.0006482892 1.1858135e-06 0.00019088309 0.36038798 1.627769e-09 0.008481485 0.09495871 0.017306244 3.7766293e-07 2.0326017e-05 1.13358865e-07 0.021284878 0.009795356 0.00015641861 5.16895e-06 8.675071e-08 3.355682e-08 3.0004e-07 1.0485492e-07 0.0060768076 2.5332636e-07 7.497568e-06 9.578186e-09 0.0012108715
0.957552 1.0993071e-05 2.050555e-05 1.4699032e-06 5.6445515e-06 0.008459754 1.6224386e-06 0.080085725 1.0580995e-06 0.01803261 1.1987393e-06 0.0029229883 7.02242e-06 1.19221e-06 1.9839075e-05 4.4317485e-06 0.0026961889 0.00021226968 0.15293251 0.0006569531 0.0029609555 1.3435535e-05 0.9794478 0.74356294 9.123025e-07 2.5863883e-05 6.9959594e-07 5.404172e-07 0.5659564 0.9226935 1.3218708e-13 0.00010816125 4.0198905e-05 1.236431e-07 1.0910488e-07 0.6948949 0.7126057 2.219608e-08 0.0031894061 0.012625846 7.2559915e-06 7.178333e-08 1.2016139e-07 1.4720712e-07 2.3473442e-08 0.8595733 3.5166595e-05 0.91443163 2.6873516e-07 5.663329e-07 0.35428023 0.00042589786 2.0150555e-05 0.5846099 0.06788031 2.2813056e-06 1.7999532e-06 0.09319723 0.25913587 5.494115e-07 0.07381499 2.2072163e-07 1.4717602e-06 0.011235487 0.0010624989 0.00956333 0.015646763 0.10422062 1.0759928e-06 1.5032296e-07 6.2821423e-06 9.973007e-07 0.00395383 0.06679232 0.003211262 3.0300584e-05 0.008669763 0.0011812414 3.2942924e-07 0.00024360685 0.07262406 4.6247102e-08 0.03823195 0.017443735 0.0034106143 6.352192e-07 1.7564935e-05 4.372337e-08 0.0047457973 0.002551334 0.0015075245 6.6865825e-05 3.7959182e-07 3.4006217e-07 9.85133e-07 1.4132395e-07 0.0005719891 2.110092e-06 2.3284654e-05 1.0401228e-08 0.001059334
