3.4171095e-13 0.96979976 0.95969224 0.96403736 0.8288711 0.96908975 0.9125072 0.719072 0.9052942 0.96240664 0.44802615 0.8826696 0.33521253 0.855574 0.826872 0.90889853 0.99527746 0.9855641 0.9848909 0.42831725 0.14633983 0.6708758 0.011315647 0.9801575 0.06621588 0.83804196 0.9429088 0.00800958 0.48249984 0.7907509 0.075257055 1.4935785e-05 0.00058882264 0.61290467 0.9964416 0.05598495 0.9078887 0.9601381 0.98463035 0.017090965 0.8111536 0.9892674 0.97418034 0.8368926 0.49376878 0.6748736 0.9572472 0.85862875 0.9810228 0.68362695 0.9946377 0.90565395 0.033408727 0.43813404 0.7025383 0.89346576 0.6974451 0.9832561 0.0027183814 0.9851609 0.790983 0.89629394 0.9386136 0.00010956038 0.89732534 0.88976794 0.9948797 0.99299765 0.7891851 0.975543 0.87579495 0.88155335 0.00977981 0.999632 0.81377536 0.94798076 0.17546684 0.7427405 0.964318 0.79052603 0.8532399 0.4654796 0.8201087 0.8933391 0.6664586 0.9988626 0.0551841 0.0027145303 0.89514035 0.9999951 5.4756187e-05 0.82097244 0.67577714 0.9952077 0.0008315106 0.799064 0.9309928 0.13083376 0.00010294512 0.8648668 0.02377795
0.96979976 6.966092e-13 0.91474503 0.69635093 0.9677619 0.79351866 0.44654495 0.6937547 0.9745418 0.73765546 0.27246708 0.22712506 0.43352732 0.0046877232 0.0010604314 0.08463759 0.30743018 0.16873801 0.0079966085 0.38353053 0.003977107 0.00041383196 0.010413443 0.013363139 0.0010608722 0.25120917 0.0023682741 0.15682152 6.763734e-06 0.0021635438 7.408738e-05 0.00016270144 0.00021156193 0.0012416292 0.90659064 0.08365306 0.015482357 0.007793368 0.009741859 0.022161871 0.00194425 0.00010714261 5.6616304e-06 4.944003e-05 0.0016790594 0.00070938375 3.8017515e-05 0.0001941592 0.12171775 0.00040263828 0.23372397 2.5863707e-07 6.7462565e-06 0.00017910682 3.2860294e-06 5.8091235e-08 1.3682168e-05 8.5841367e-07 0.0023621176 0.016151614 1.3789669e-06 6.0960956e-06 0.0024059606 3.4226025e-07 2.6889013e-06 1.4258302e-06 0.0071072965 0.0037243317 0.00077653275 1.6417043e-06 0.00038733843 0.0004152322 1.5117557e-06 0.0018000059 5.900776e-07 0.00062874623 1.4103199e-06 6.674754e-06 6.7364424e-05 2.4840897e-06 1.5231913e-06 7.8812405e-08 1.4162583e-06 3.124696e-05 6.601961e-05 4.5639426e-05 1.8313366e-06 6.924395e-08 1.1621382e-06 0.0107201245 8.646366e-07 2.2117497e-06 1.5866802e-06 0.00026584874 1.3395119e-07 6.5368326e-06 7.06063e-06 7.601596e-08 5.28847e-08 0.0003616094 1.32815785e-05
0.95969224 0.91474503 2.994655e-14 0.94792193 0.5142588 0.5765638 0.9689991 0.15217422 0.8665587 0.60203826 0.02528552 0.789966 0.65474564 0.23087032 0.0787891 0.014471249 0.6289748 0.06415159 0.0012336544 0.05673214 0.04067452 0.025578419 0.07088769 0.14695138 0.034321304 0.023939798 0.007945763 0.06393363 0.0014864522 0.00057880464 0.0005859604 0.00024378349 0.0041174614 0.00037845978 0.8511669 0.0018320889 0.008338616 0.009776351 0.024858067 0.00073701906 0.0011776183 4.9528277e-05 2.7410354e-06 2.4133944e-05 0.00028744718 0.0009026551 1.152053e-05 0.00021099916 0.19887912 0.00012553962 0.25062212 2.365236e-06 0.00017331903 1.6413796e-05 2.2921953e-05 1.5935414e-07 8.433678e-05 3.9079355e-06 0.00016090486 0.02707934 1.6168202e-05 2.6229159e-06 0.0016796936 1.7927462e-06 1.040626e-06 5.531416e-07 0.0064485716 0.0067103533 0.0011682617 2.5543002e-06 0.00058084755 0.00036246603 1.369852e-06 0.0015411815 8.382927e-07 0.0017695915 4.719558e-07 7.380772e-06 0.00010424228 1.4318545e-06 4.5748825e-06 1.55031e-07 6.710644e-06 4.3092023e-05 0.00016908013 0.00027352755 2.4618626e-07 3.8039852e-07 2.0803104e-06 0.013755699 8.791421e-08 4.9288137e-06 3.2763223e-06 0.00072334957 3.683115e-07 2.5097124e-05 2.9888366e-05 2.8213177e-07 2.6278667e-07 0.00044723594 1.465666e-06
0.96403736 0.69635093 0.94792193 6.820468e-14 0.1301056 0.07139598 0.9071302 0.024856195 0.9019098 0.06599677 0.0033949092 0.9566544 0.8429365 0.6863992 0.1273273 0.002225279 0.8499353 0.0095309885 2.4709469e-05 0.028932406 0.5159219 0.46383908 0.1868059 0.05746238 0.25877345 0.0037194456 0.035369966 0.065250576 0.0099193035 7.7403514e-05 0.0342206 0.0012053343 0.012018971 0.0001527838 0.60795563 0.0005086244 0.0014342695 0.0013540098 0.04985797 0.00019978597 0.0001035972 2.279358e-05 6.790699e-08 2.0493846e-06 0.00013963533 0.000117545154 1.3445526e-06 3.060967e-05 0.1181829 2.5637315e-05 0.1227244 1.5150184e-05 0.0014372764 4.0047285e-06 0.0001012136 5.105853e-07 5.0733954e-05 2.9262192e-06 6.808139e-05 0.01595577 2.3625164e-05 1.8708798e-07 6.0754886e-05 9.29626e-06 6.1111535e-08 4.564776e-08 0.000655912 0.0017657143 0.00047238046 2.6074093e-07 0.00015348554 0.0002401166 1.0947671e-06 0.00037845565 3.0840784e-08 0.00044781595 2.540822e-07 3.540582e-07 9.233773e-06 8.202085e-09 6.283976e-08 3.265766e-08 5.530809e-07 1.5151658e-05 1.962377e-05 3.8470735e-06 4.1806624e-07 7.5152377e-07 3.596305e-08 0.005536757 3.0451335e-07 1.8443152e-06 3.293138e-08 0.00027285665 7.9979195e-08 8.880757e-07 3.5761048e-05 2.997851e-09 2.9206333e-07 0.00014731097 1.3343222e-06
0.8288711 0.9677619 0.5142588 0.1301056 2.693745e-15 0.92422205 0.040813237 0.99727005 0.35932687 0.76220334 0.54975784 0.0020380046 0.009913071 0.00035181822 1.9751706e-05 0.58672357 0.05832691 0.22371037 0.02504532 0.24008836 5.4039094e-05 1.2537845e-06 2.731851e-05 0.00091019686 3.1390093e-06 0.70544475 0.00025650533 0.011534978 3.3022076e-08 0.0063046925 1.2777099e-06 8.4943995e-06 1.5822287e-06 0.0024573626 0.6043508 0.2201082 0.011804293 0.0051662344 0.00046997398 0.09077482 0.0017848351 0.00020978544 3.2844941e-06 2.7175387e-05 0.007412494 0.0008308756 5.2504616e-05 7.827508e-05 0.028227512 0.00036136174 0.07380298 2.8512567e-08 9.099237e-08 0.00079707324 3.0956944e-08 1.133654e-08 2.7824635e-07 2.0380637e-07 0.015413174 0.0024404682 6.3793806e-08 1.6587364e-05 0.0014193933 5.859888e-09 5.324053e-07 1.3709878e-06 0.0021323026 0.0010687483 0.00025136373 4.589684e-06 2.1013375e-05 7.215916e-05 9.779814e-07 0.00039830263 2.0906852e-07 0.0001774373 4.318557e-07 8.7282274e-07 2.3500537e-05 1.144372e-06 9.556331e-06 5.123139e-09 1.3733393e-06 3.19819e-06 1.8559613e-05 3.8129585e-06 8.1041014e-07 9.503933e-10 1.57469e-06 0.0018860607 3.768396e-06 6.8108915e-07 3.0795024e-06 4.483837e-05 2.2665554e-09 5.4546194e-07 2.0438425e-05 5.728002e-08 1.3364259e-08 0.00060831365 4.6104606e-06
0.96908975 0.79351866 0.5765638 0.07139598 0.92422205 4.1795736e-13 0.38508314 0.40371868 0.15103151 0.96975845 0.112519935 0.01067189 0.00531944 0.0012494929 0.00068961014 0.9409731 0.025102675 0.91469854 0.77930915 0.041133635 0.00027198554 0.0002235445 0.00015780653 0.009522721 2.8100156e-05 0.67579955 0.00021345256 0.0009855485 1.0107469e-06 0.4436485 6.495953e-06 1.9904314e-06 1.6298602e-05 0.11191207 0.7741617 0.038436525 0.21856755 0.16649227 0.0010714155 0.043845475 0.050217442 0.0061441255 0.01307942 0.026021559 0.098625556 0.006620074 0.0037701703 0.0038165404 0.10613128 0.008661598 0.396572 3.6519705e-08 2.9722978e-06 0.015678586 4.167111e-06 8.834486e-08 4.2626903e-06 6.2174416e-07 0.00857002 0.013959447 6.356313e-07 0.0018505249 0.022520006 2.817881e-07 0.002953655 0.00021992938 0.051268976 0.010631536 0.0013724413 0.00017179831 0.0001509019 7.891632e-05 4.2202726e-07 0.030380288 1.1028879e-05 0.001093685 7.0431684e-05 0.00019978828 0.000838174 8.799067e-05 4.9762166e-05 2.8056924e-08 1.7862021e-07 1.7120874e-05 0.000532642 0.00036901134 2.146415e-05 1.8287213e-07 3.8490443e-06 0.011949146 2.548548e-06 6.8573786e-06 8.045288e-06 9.869781e-05 4.3285872e-06 2.6707754e-05 9.116641e-07 8.0170416e-08 4.7754776e-07 7.365145e-05 4.525879e-05
0.9125072 0.44654495 0.9689991 0.9071302 0.040813237 0.38508314 5.580699e-16 0.0051671066 0.109014176 0.6700315 0.00094193115 0.28267443 0.17391253 0.83701134 0.8839551 0.0051684203 0.94397604 0.07981584 0.00024414808 0.0028081634 0.08128744 0.21885975 0.030597452 0.9090176 0.046755694 0.0021371676 0.068748474 0.0045158095 0.167263 0.00022308387 0.003909071 0.000130974 0.0019826414 0.00015269118 0.7934849 0.0001714415 0.007725374 0.04411461 0.069731735 2.688618e-05 0.0011936692 2.3117951e-05 3.6988848e-07 2.5338231e-06 3.6544356e-05 0.0010598134 1.3543572e-05 0.00014985987 0.5894621 2.2678683e-05 0.43316162 0.00051306374 0.003262137 4.694848e-06 0.0013187806 4.3976206e-06 0.0019109463 5.8349007e-05 1.237906e-05 0.110323735 0.00020044668 3.7372962e-07 0.0013850152 9.454847e-06 9.206949e-07 4.5981366e-07 0.016785823 0.046421587 0.007791421 4.79742e-07 0.0016320572 0.0025805233 7.1965286e-07 0.00085950404 3.5042552e-07 0.0069542355 5.614417e-08 3.404696e-06 9.51328e-05 4.303245e-08 1.920788e-06 5.6438672e-08 1.9737923e-05 8.378779e-05 0.00010905012 0.00027207637 3.869393e-08 1.7779375e-07 2.2940576e-06 0.023114258 6.21968e-08 1.9424968e-05 2.764836e-07 0.0005254394 4.210556e-09 2.360379e-05 0.00023970181 1.1262767e-08 8.165392e-08 0.0014922507 1.5545858e-07
0.719072 0.6937547 0.15217422 0.024856195 0.99727005 0.40371868 0.0051671066 1.8290924e-13 0.22168113 0.11017901 0.9970902 0.0005139948 0.0015155806 6.548797e-05 3.1832647e-06 0.10959054 0.03909157 0.020115081 0.0027251067 0.5295861 2.1820506e-05 7.3678916e-07 1.0920167e-05 9.076605e-05 2.508766e-06 0.51393944 4.7269543e-05 0.011461607 1.5922083e-08 0.00026956853 6.308321e-07 2.3030065e-05 3.9980387e-06 0.00024512492 0.2659644 0.13333346 0.00078685605 0.00030757138 9.068947e-05 0.025866825 0.0002862176 1.2384987e-05 6.070473e-07 3.1871803e-06 0.0026039393 3.283916e-05 3.5574353e-06 8.910041e-07 0.0041023404 1.4534677e-05 0.016348366 1.2489093e-08 4.2532726e-08 8.0233556e-05 1.968096e-08 1.6946254e-08 5.2483763e-08 4.510149e-08 0.0073182113 0.00023801978 8.017959e-08 1.8837623e-06 3.002796e-05 1.4252252e-08 4.264035e-08 2.0563475e-07 0.00012884093 5.0979903e-05 5.670563e-06 5.390912e-07 1.4172919e-06 5.578253e-06 2.2710694e-07 7.3740994e-05 6.144347e-08 7.5801463e-06 4.8912685e-08 2.3753934e-07 2.138421e-06 5.2254222e-08 1.0323761e-06 1.831072e-09 9.979728e-08 2.021968e-07 2.5703315e-07 8.3938104e-08 5.683944e-07 4.5913797e-09 3.2603776e-07 0.00079820974 1.2562615e-05 7.4734345e-07 1.1480465e-07 4.2790516e-06 9.448012e-10 1.5615194e-08 6.795227e-06 8.315136e-09 5.344546e-08 0.0001178353 8.910276e-06
0.9052942 0.9745418 0.8665587 0.9019098 0.35932687 0.15103151 0.109014176 0.22168113 3.1732707e-14 0.050852437 0.23580791 0.33285922 0.9645755 0.0078463275 0.00045743637 0.002770605 0.5893663 0.009255127 0.0005246943 0.84229755 0.013186649 0.0011369045 0.030769775 0.0015585158 0.0058955983 0.006896138 0.010444679 0.9647422 8.383763e-06 3.6258065e-05 0.000686992 0.0067007258 0.004169956 5.3989228e-05 0.68569463 0.010493835 0.0007909828 0.00028076948 0.004773117 0.001277093 0.00013246493 9.831335e-06 2.1282169e-07 2.8484624e-06 0.00021975432 0.00016165545 4.0427212e-06 1.0010509e-05 0.027278954 1.118343e-05 0.039600864 3.680501e-08 1.933626e-06 5.986293e-06 9.7934624e-08 4.9271565e-09 6.6231582e-06 1.9275547e-05 0.00048228962 0.00044353213 2.1963551e-06 8.739243e-08 0.00034071304 8.304731e-07 7.34433e-08 2.7632848e-06 0.00019349449 0.0001332388 1.0611854e-05 1.1217146e-06 4.8122693e-06 2.3480934e-05 3.0412227e-06 0.00062634103 3.3143358e-06 3.744307e-05 1.1593504e-05 3.1808293e-07 3.0555857e-05 1.6617113e-07 5.4596394e-06 3.373413e-08 2.4545344e-07 2.6166772e-06 1.1862472e-05 2.9297125e-06 7.3385345e-06 4.1033726e-07 1.6097713e-06 0.0009182604 6.348316e-07 1.3227016e-06 5.4499887e-06 2.9447925e-05 5.558933e-08 4.034233e-06 5.533724e-06 4.2617567e-09 3.8768417e-07 6.9508045e-05 1.2005887e-07
0.96240664 0.73765546 0.60203826 0.06599677 0.76220334 0.96975845 0.6700315 0.11017901 0.050852437 8.823581e-14 0.011159269 0.0042785886 0.0016654367 0.0043707658 0.001863341 0.7895619 0.119807005 0.98171604 0.710024 0.0059983404 0.0011619257 0.00033124656 0.000101958016 0.062272504 3.107786e-05 0.2290784 0.00083398045 0.0014864353 4.7983604e-06 0.26295963 4.8887646e-06 1.533499e-06 8.98697e-06 0.032540552 0.8428586 0.004903667 0.48903012 0.56465286 0.0017020308 0.013113873 0.086716965 0.011565953 0.005338251 0.014262146 0.01657308 0.010741354 0.004419214 0.003559528 0.2616163 0.005815399 0.5952483 1.7835093e-07 8.916209e-06 0.002573394 8.39944e-06 2.206385e-07 2.0653806e-05 6.22685e-06 0.0016907894 0.036372885 6.886555e-06 0.0003930783 0.05914274 6.246641e-07 0.0008389202 0.00013278062 0.11179383 0.052395478 0.0038602715 0.00014004529 0.00051802484 0.0005194226 1.0748811e-06 0.028806932 2.7772277e-05 0.0059592375 1.821201e-05 0.00026589286 0.0022892647 3.6021735e-05 8.793078e-05 2.2650225e-08 1.7271603e-05 7.132372e-05 0.00088247744 0.00092877395 1.4268035e-05 2.5263624e-08 6.759256e-05 0.030814873 1.4297456e-07 6.4961387e-06 4.9731493e-06 0.00081949873 3.3227747e-07 6.1101666e-05 3.6263875e-05 2.5084515e-07 2.492548e-07 0.0011930097 5.95772e-06
0.44802615 0.27246708 0.02528552 0.0033949092 0.54975784 0.112519935 0.00094193115 0.9970902 0.23580791 0.011159269 5.547424e-14 0.000304766 0.0033807033 2.997343e-05 3.0904705e-06 0.065444365 0.0060288934 0.0024625547 0.00073132705 0.9901991 4.3392407e-05 2.3788814e-06 1.8042922e-05 1.3714698e-05 4.800681e-06 0.89755225 1.9129411e-05 0.04532651 1.4916417e-08 0.0004858132 1.6650071e-06 5.9712773e-05 0.00037654737 0.0002921847 0.056497578 0.65445167 5.7916404e-05 5.2911313e-05 5.5925793e-05 0.29169402 1.1642088e-05 8.755268e-06 1.0736876e-06 5.333528e-06 0.03253193 4.881641e-06 1.7550007e-06 6.550596e-07 0.0001565383 3.396023e-05 0.0011107953 4.2105918e-07 2.9367433e-07 0.00059366075 1.3420998e-07 1.6654976e-08 1.1355173e-06 1.1255262e-06 0.07095617 3.7578364e-05 1.5095104e-07 1.8283978e-06 3.6348632e-05 8.0870585e-08 2.43381e-07 1.12096444e-07 1.25461165e-05 8.867263e-06 1.4853084e-07 1.6985671e-06 3.3290567e-06 1.6268591e-06 1.8596562e-06 0.00011900971 8.9643163e-07 9.278842e-07 3.4595473e-07 1.5923459e-07 1.8233657e-06 1.2514598e-06 1.8974256e-06 4.7724365e-07 1.5857424e-06 1.3117156e-07 1.0413442e-07 8.3762455e-07 7.608729e-07 8.054174e-09 2.9014916e-07 0.0006086548 0.00015066336 1.8151046e-05 2.4475326e-06 5.7789425e-06 2.1300657e-08 8.0576044e-08 2.1644455e-06 7.23095e-08 2.1843002e-08 6.668195e-06 0.00010105079
0.8826696 0.22712506 0.789966 0.9566544 0.0020380046 0.01067189 0.28267443 0.0005139948 0.33285922 0.0042785886 0.000304766 1.8124216e-11 0.98940736 0.39328602 0.012771849 1.5883299e-05 0.9208454 0.0005158476 9.475377e-07 0.002710017 0.51114583 0.16374834 0.8942916 0.021679133 0.9031634 3.5119036e-05 0.10899788 0.048707608 0.0059083696 7.448453e-07 0.201329 0.007726962 0.07491139 1.0170522e-06 0.37963468 4.811179e-05 0.00013537407 9.6401636e-05 0.044376314 8.858144e-06 7.749636e-05 1.4449589e-06 3.954457e-08 4.5775575e-08 8.422468e-06 2.805833e-05 9.4014865e-07 2.0712575e-06 0.05775168 4.2773274e-07 0.03626149 8.4850635e-06 0.0026695505 6.313073e-06 7.602394e-06 8.3448873e-07 3.4128116e-05 0.00011365196 4.312894e-05 0.0033359884 5.9740937e-06 3.8399477e-08 6.4661275e-05 4.3001422e-05 5.3885294e-08 8.4711684e-07 0.00032523516 0.0008255454 0.00012594146 1.3495974e-06 0.00012401184 0.00022929748 8.572753e-06 0.0014092007 7.644485e-07 0.00019380216 7.688865e-07 8.1311657e-07 2.1375577e-05 4.7551428e-08 5.31843e-07 6.2531916e-07 1.1193183e-05 2.7235346e-05 1.2402456e-05 6.1824117e-06 1.0067738e-06 5.5656537e-06 1.7875075e-07 0.0029039155 7.909492e-08 2.966494e-05 2.5345578e-06 0.0003106703 2.9609154e-08 2.418282e-06 9.200783e-06 4.836135e-09 1.8005876e-07 0.00067292876 5.2435354e-07
0.33521253 0.43352732 0.65474564 0.8429365 0.009913071 0.00531944 0.17391253 0.0015155806 0.9645755 0.0016654367 0.0033807033 0.98940736 1.83506e-14 0.055934787 0.001272733 1.9159444e-05 0.45973456 0.00018370671 6.682707e-07 0.08179179 0.21201278 0.03372863 0.9474145 0.0021479111 0.24558201 2.0438309e-05 0.0045965896 0.9810299 4.417892e-05 1.8427205e-06 0.06528391 0.052111626 0.2105499 2.773764e-06 0.06912113 0.00012093263 1.0580588e-05 1.2239927e-05 0.0034171417 6.9780453e-06 4.397382e-06 1.0336715e-06 3.9469068e-08 4.9207728e-08 6.755044e-06 1.1792646e-06 9.662936e-07 1.3016326e-06 0.002802418 3.2606016e-07 0.0019400523 9.4152774e-09 0.00020717218 3.7022727e-07 8.42827e-08 1.0596729e-08 1.2726521e-06 4.754656e-05 1.9419114e-05 0.00029092428 6.411119e-08 1.3843318e-07 5.7043195e-05 2.0823141e-05 9.72068e-08 7.5228286e-08 6.397155e-05 5.605261e-05 3.0991845e-07 1.3370608e-06 1.3363526e-05 1.3612188e-05 3.3207507e-07 0.00054332946 4.2121542e-07 2.5007628e-05 9.6913695e-09 7.019564e-09 3.7250402e-06 1.1158149e-07 1.5383445e-06 2.0347457e-08 2.048346e-09 8.7949594e-08 6.361688e-08 1.8635442e-06 7.457202e-07 1.0782426e-06 8.818443e-08 0.0007189227 1.1648685e-07 2.5235414e-07 2.2441654e-07 6.771815e-06 8.807848e-09 5.51097e-07 3.7444136e-07 2.2870879e-09 3.0642596e-08 1.0398443e-06 1.6884375e-06
0.855574 0.0046877232 0.23087032 0.6863992 0.00035181822 0.0012494929 0.83701134 6.548797e-05 0.0078463275 0.0043707658 2.997343e-05 0.39328602 0.055934787 2.260621e-15 0.987681 6.4754706e-05 0.71132296 0.0003921097 7.1441485e-07 0.00039887754 0.4877369 0.9733067 0.055707436 0.52134675 0.44981268 3.0523006e-05 0.80001134 5.56734e-05 0.87466145 2.028857e-06 0.1438471 3.567099e-05 0.00819446 2.734743e-06 0.06581113 1.0609577e-05 0.0004461809 0.0010451853 0.31995595 2.0994503e-07 0.000100140176 1.8555568e-06 2.0726187e-08 1.3013091e-07 2.5619092e-06 6.652973e-05 2.6387422e-06 1.6244383e-05 0.17616893 4.9098135e-06 0.06275544 0.026568212 0.18109809 9.342105e-07 0.00065245194 8.215289e-06 0.0004698987 0.00047926692 6.1134856e-06 0.04389097 0.000210666 1.05311635e-08 0.0001476415 7.2395064e-06 7.943705e-08 3.982995e-08 0.00096567126 0.0033285618 0.00088184985 2.5464453e-07 0.0006621476 0.0016057552 1.2722366e-05 0.0028312597 7.154112e-08 0.0008060975 3.9639212e-07 1.2840545e-06 1.4549086e-05 1.6010093e-08 6.076448e-08 2.8979864e-06 1.1635157e-06 5.5890338e-05 1.5370708e-05 3.0083624e-05 4.1047815e-07 3.615048e-05 8.54972e-08 0.0064771795 1.5009763e-07 1.6258316e-05 8.870701e-07 0.0004908428 2.1596834e-07 2.0055263e-06 1.3225861e-05 2.6049126e-08 1.0862874e-07 0.0003058036 1.7605275e-06
0.826872 0.0010604314 0.0787891 0.1273273 1.9751706e-05 0.00068961014 0.8839551 3.1832647e-06 0.00045743637 0.001863341 3.0904705e-06 0.012771849 0.001272733 0.987681 6.379544e-14 6.67163e-06 0.45281145 0.00011441243 4.8965703e-08 1.188495e-05 0.073408596 0.370118 0.002067298 0.88523823 0.011388529 2.2917352e-06 0.94921446 3.5871686e-05 0.9654539 9.8654745e-08 0.013501692 1.0009316e-05 0.00026870225 3.5020702e-07 0.032728698 2.3121008e-06 0.00013432774 0.0008603923 0.59699124 7.0343276e-07 3.9314353e-05 1.571272e-07 1.7504699e-09 5.7405803e-08 3.0839315e-06 2.6223344e-05 5.9403277e-07 7.08473e-06 0.27879605 1.7277564e-07 0.092401296 0.023241123 0.021626964 9.086507e-08 0.042099785 0.0016051265 0.018412149 0.00086407154 1.1407176e-06 0.0835582 0.0016656233 4.669142e-08 1.9408431e-05 2.8238333e-06 6.9813396e-08 2.24942e-08 0.0025155942 0.011962887 0.004738394 7.086075e-08 0.002271793 0.0050244783 3.894705e-06 0.00023504718 1.18180736e-07 0.004249839 3.4210704e-08 1.8520758e-06 1.1635594e-05 4.4372817e-07 1.2118579e-06 6.1965164e-07 0.00023774889 0.0006751648 1.8557774e-05 0.00011156443 4.440461e-07 3.470052e-05 1.5651335e-06 0.010227829 3.898326e-07 8.6548964e-05 3.8518756e-06 0.0007811118 1.9459677e-07 2.2488895e-05 0.00050597556 1.7755053e-08 3.3073943e-07 0.0014344993 9.800167e-07
0.90889853 0.08463759 0.014471249 0.002225279 0.58672357 0.9409731 0.0051684203 0.10959054 0.002770605 0.7895619 0.065444365 1.5883299e-05 1.9159444e-05 6.4754706e-05 6.67163e-06 3.3990694e-14 0.006710775 0.5900295 0.95082784 0.0073920363 1.11984355e-05 6.5443703e-07 5.869738e-07 0.00017723367 5.0474756e-07 0.9683484 3.1737603e-05 0.000114244096 1.1145573e-08 0.94134504 1.7971573e-06 6.373394e-07 8.8355614e-07 0.7101315 0.2343033 0.14297777 0.13555542 0.014795894 0.000111305446 0.45473588 0.017351791 0.009737206 0.0012024504 0.0037691498 0.89086235 0.00391832 0.005407158 0.0012521421 0.016417947 0.034181174 0.067334756 4.5143835e-08 4.1184234e-07 0.08787743 1.1687408e-07 3.8004192e-08 2.5121934e-05 2.7280587e-06 0.24531001 0.0016847212 2.2045045e-07 0.000210199 0.0055850195 9.820787e-07 0.00016610754 4.3050906e-05 0.0036835105 0.0010546609 0.00027767976 3.1221727e-05 9.307717e-05 0.0002457147 6.7630504e-06 0.0019151116 4.412846e-06 9.7820994e-05 5.1954517e-05 2.8108882e-06 0.00017599972 0.0001834518 4.526621e-05 3.4756954e-07 5.5748656e-06 9.767682e-06 5.3743577e-05 5.312899e-05 9.1716414e-05 3.3838767e-09 2.5998397e-06 0.0024571216 0.00010255669 1.5968884e-05 2.0153688e-05 0.00015295846 1.1322186e-07 6.1937662e-06 0.00012809677 1.1979091e-07 2.2916686e-07 0.0006534162 0.0010501359
0.99527746 0.30743018 0.6289748 0.8499353 0.05832691 0.025102675 0.94397604 0.03909157 0.5893663 0.119807005 0.0060288934 0.9208454 0.45973456 0.71132296 0.45281145 0.006710775 1.5034819e-11 0.010332056 0.0016799859 0.020085223 0.0728086 0.2902296 0.030649522 0.7113661 0.09737851 0.011579003 0.14308307 0.004113866 0.036843836 0.00047537766 0.008005758 4.6447043e-05 0.0014912578 0.00032810538 0.60083425 0.00044474902 0.004173501 0.022067515 0.036521357 3.3068583e-05 0.0010590916 4.1372325e-05 6.0325227e-05 9.488462e-05 0.00030907744 0.0008253395 3.873032e-05 0.00030084187 0.6157078 3.1207914e-05 0.49947798 0.0048715496 0.0004383182 0.00013872242 9.483966e-05 3.713383e-05 0.00021924126 9.7711345e-05 0.0001521841 0.18456867 0.000114074915 3.7608208e-06 0.0012036888 1.3737887e-06 0.00012371877 1.6157051e-06 0.022010231 0.054390967 0.009560999 1.9423476e-06 0.0009514151 0.0009369529 6.3014513e-06 0.006243798 4.9528157e-06 0.013422927 6.830058e-06 3.1803697e-06 0.00021599853 2.6663533e-06 9.702143e-07 2.1976952e-05 7.5744088e-06 0.000154113 0.00029236893 0.00047569262 5.4034836e-06 2.2220383e-05 6.6428693e-06 0.039493974 7.84544e-06 1.0446436e-05 7.4412463e-07 0.0005765929 3.5251828e-06 0.00012519218 9.843269e-06 1.7772712e-07 1.7826685e-06 0.0007144558 9.422905e-05
0.9855641 0.16873801 0.06415159 0.0095309885 0.22371037 0.91469854 0.07981584 0.020115081 0.009255127 0.98171604 0.0024625547 0.0005158476 0.00018370671 0.0003921097 0.00011441243 0.5900295 0.010332056 1.5886915e-13 0.8561899 0.00075620273 8.8292865e-05 7.219354e-06 9.18087e-06 0.010423294 7.8302776e-07 0.19635592 0.00010294797 4.0849165e-05 4.4766047e-08 0.2638174 7.6000987e-07 3.4378405e-07 1.2434172e-05 0.07663042 0.4815985 0.0011755403 0.87418723 0.8590777 0.0001774031 0.008365606 0.47335422 0.044088658 0.067450516 0.0908744 0.050691534 0.06267563 0.020096723 0.017488867 0.18781608 0.018714735 0.63637936 2.0051493e-08 1.5987725e-06 0.018727269 1.4289509e-07 1.4184839e-07 4.2507954e-06 3.069766e-07 0.0014441201 0.017058276 5.075196e-07 0.0077019185 0.14730436 1.944236e-06 0.03596691 0.0009108408 0.28658792 0.040986545 0.0023731817 0.00055209786 0.0001750945 6.384131e-05 3.577592e-07 0.07698643 0.00024100032 0.0026806802 0.00045677662 0.0007957328 0.0038580669 0.00024312573 0.0001461225 6.698731e-08 1.0628733e-06 6.3385496e-06 0.0017903807 0.0022781284 7.7230754e-05 4.2268354e-08 5.103327e-05 0.03705082 5.789581e-07 2.1349795e-06 1.1687421e-05 8.568704e-05 4.755678e-06 0.0003170761 8.5539335e-07 4.4859237e-07 1.2467318e-06 0.0002499026 7.8878575e-06
0.9848909 0.0079966085 0.0012336544 2.4709469e-05 0.02504532 0.77930915 0.00024414808 0.0027251067 0.0005246943 0.710024 0.00073132705 9.475377e-07 6.682707e-07 7.1441485e-07 4.8965703e-08 0.95082784 0.0016799859 0.8561899 3.5780396e-14 0.0006621946 2.784781e-07 1.520235e-08 8.316166e-09 9.599828e-06 1.7246442e-08 0.32578662 5.5289e-07 9.4601177e-07 2.3474492e-10 0.98180634 1.3551775e-07 6.2930767e-09 1.0163739e-07 0.6631367 0.26001266 0.0014357844 0.6034863 0.07351642 3.4444977e-06 0.0203515 0.17810014 0.36557215 0.20537294 0.50919735 0.51570725 0.05906891 0.07216343 0.018532394 0.0121631175 0.30150425 0.28745934 6.803374e-09 5.0643605e-09 0.43225756 2.5678016e-08 4.8880207e-09 1.6008056e-07 2.9629382e-08 0.012769841 0.0011084604 8.505297e-09 0.1406277 0.14056599 1.4635464e-07 0.060186498 0.00060794275 0.0719521 0.0024067096 0.0002316113 0.00065251417 6.1470196e-06 5.2272767e-06 8.992093e-07 0.04606488 0.00017812327 9.157439e-05 0.00011337559 2.5336889e-05 0.0010353178 0.12173945 8.313686e-05 9.672441e-07 3.574737e-07 3.3614697e-06 0.00030859237 0.00015960778 0.0001358351 6.681234e-09 3.9812618e-05 0.0045361673 1.2794029e-05 1.6420598e-06 2.1417898e-05 8.950816e-06 1.5073398e-07 2.7902523e-05 3.7451443e-06 8.9728866e-07 8.088042e-07 5.0415052e-05 0.0040532593
0.42831725 0.38353053 0.05673214 0.028932406 0.24008836 0.041133635 0.0028081634 0.5295861 0.84229755 0.0059983404 0.9901991 0.002710017 0.08179179 0.00039887754 1.188495e-05 0.0073920363 0.020085223 0.00075620273 0.0006621946 2.6524217e-12 0.00030020962 9.9770514e-05 0.0010505276 1.8094652e-05 0.0003195486 0.63133425 0.00011798576 0.64418876 1.8063047e-07 0.00015776513 2.3173092e-05 0.001980317 0.0024786708 0.00012643063 0.047167044 0.99240464 1.9983125e-05 4.86222e-06 0.0002236616 0.042947296 1.2187883e-05 1.3800675e-05 5.7860566e-06 2.65452e-06 0.009440796 2.1814733e-06 1.0542298e-06 6.139992e-07 0.00027306465 6.706108e-06 0.0007521753 1.3094271e-07 1.919691e-06 0.00015018722 2.7095268e-07 9.615551e-08 4.30655e-06 1.4555331e-05 0.010869891 2.7731969e-05 4.4736003e-06 4.1835742e-07 1.1782445e-05 3.6387878e-06 2.3842927e-07 2.4235217e-07 4.923519e-06 2.341692e-06 1.6208242e-08 1.8759816e-06 2.2333695e-06 3.1308746e-06 2.4140734e-05 0.00014043649 5.3172867e-06 6.0093987e-07 2.3328475e-06 3.2228235e-07 6.7126152e-06 2.932534e-07 1.7649388e-06 6.4781204e-07 9.448438e-06 1.01239024e-07 3.6686213e-08 1.6748483e-07 6.35318e-07 4.4509457e-07 2.3076343e-07 0.00026970453 0.00011271493 8.709761e-05 1.4116097e-07 4.0135128e-05 2.0470416e-07 1.11044285e-08 8.4411295e-05 5.461922e-09 1.4652927e-08 3.150478e-06 4.5361718e-05
0.14633983 0.003977107 0.04067452 0.5159219 5.4039094e-05 0.00027198554 0.08128744 2.1820506e-05 0.013186649 0.0011619257 4.3392407e-05 0.51114583 0.21201278 0.4877369 0.073408596 1.11984355e-05 0.0728086 8.8292865e-05 2.784781e-07 0.00030020962 1.5229461e-15 0.99757874 0.12422259 0.026541201 0.69890815 5.606472e-06 0.07387222 0.0011497033 0.23505393 3.42528e-07 0.9972362 0.00022278535 0.08832193 1.5257209e-06 0.0025056675 1.6736203e-05 6.946173e-05 0.0006152589 0.009007761 8.702777e-07 4.2049924e-06 2.298422e-06 1.7140616e-08 2.0131086e-08 3.2531505e-05 4.3150685e-06 1.2239851e-06 2.140829e-06 0.0032815137 5.403525e-06 0.0008819403 0.014754297 0.024339154 6.486163e-05 6.377754e-05 4.7383412e-07 1.9359759e-05 0.00014979884 4.974143e-07 0.0009937803 0.00030311063 3.5858392e-08 1.1011801e-05 0.0005191287 4.5494804e-07 1.6485228e-06 0.00011427417 0.00019067238 2.3666405e-05 2.7711278e-06 0.00026912696 0.00011397127 1.2231513e-05 3.2195123e-05 1.5620595e-05 6.9936184e-05 2.215295e-05 3.044435e-06 1.2940188e-05 1.7768205e-07 8.7296513e-07 9.671841e-07 8.5668486e-05 3.789813e-05 2.1518485e-05 1.0379435e-05 6.87029e-07 9.613301e-05 2.9921188e-07 0.0007782913 8.131026e-09 0.00027224194 8.2242525e-07 6.397717e-05 1.4307045e-07 2.9067954e-07 3.252217e-05 5.2509366e-09 2.0980584e-08 6.768887e-05 2.17873e-07
0.6708758 0.00041383196 0.025578419 0.46383908 1.2537845e-06 0.0002235445 0.21885975 7.3678916e-07 0.0011369045 0.00033124656 2.3788814e-06 0.16374834 0.03372863 0.9733067 0.370118 6.5443703e-07 0.2902296 7.219354e-06 1.520235e-08 9.9770514e-05 0.99757874 9.049665e-16 0.030492598 0.1561675 0.41581765 8.364934e-07 0.56988686 0.00044423438 0.84068054 2.3533063e-08 0.8508437 8.90813e-05 0.020695867 5.6870913e-08 0.014870307 1.0435339e-06 5.9960552e-05 2.708465e-05 0.12867934 1.4397223e-06 1.6442124e-05 8.401783e-09 1.7481109e-09 2.7616023e-09 8.1898924e-07 1.7367956e-06 9.099701e-09 2.8967276e-07 0.05128697 1.2594301e-08 0.016307652 0.025724284 0.1390633 1.6193873e-06 0.0022063504 5.65415e-05 0.00088392367 0.0016777021 6.0147977e-06 0.011796039 0.00066108187 1.1543383e-09 4.663099e-06 0.003796417 1.3498447e-08 3.0754023e-08 0.00021132942 0.00076132664 0.00020828712 3.9517334e-07 0.00085924834 0.0031153497 3.0525654e-05 0.00013154531 2.1390113e-07 0.0003341822 4.389643e-06 4.120682e-07 2.840406e-06 3.276424e-07 1.9692834e-07 3.6723036e-06 0.0002602775 3.2343174e-05 1.9834782e-07 5.235066e-07 2.3134714e-07 0.000648625 1.801114e-08 0.003879566 1.4280668e-07 0.00047141855 2.6384754e-08 0.00071439747 1.495755e-07 1.05108604e-07 0.0005668931 8.50838e-09 1.5469796e-07 0.0010862452 1.6829611e-07
0.011315647 0.010413443 0.07088769 0.1868059 2.731851e-05 0.00015780653 0.030597452 1.0920167e-05 0.030769775 0.000101958016 1.8042922e-05 0.8942916 0.9474145 0.055707436 0.002067298 5.869738e-07 0.030649522 9.18087e-06 8.316166e-09 0.0010505276 0.12422259 0.030492598 3.640128e-15 0.0011717404 0.9988415 9.359147e-07 0.0021800166 0.02961008 0.00035236115 2.4923805e-08 0.082562536 0.116552986 0.987979 7.052743e-08 0.00037993453 5.773754e-06 2.7490619e-06 2.7326118e-07 0.00040756437 9.1733733e-07 1.289395e-06 4.891546e-07 1.350169e-08 1.3095026e-08 8.478882e-08 6.586517e-08 5.6492954e-08 8.435937e-09 0.0002539644 1.1598562e-08 5.748291e-05 1.06469976e-07 0.0013069315 5.037847e-09 3.3861188e-08 1.4015055e-08 5.6711578e-08 1.2867515e-06 2.904879e-06 1.0531832e-05 3.8030135e-09 9.882377e-10 4.0357548e-07 2.7334849e-05 9.868937e-08 2.7744544e-08 6.127605e-06 2.81623e-06 8.2278646e-08 2.2108883e-07 2.610756e-07 2.3302591e-06 8.562482e-08 4.5864872e-05 5.422005e-08 1.5001685e-06 2.6669595e-09 3.0844356e-09 7.09742e-07 2.776438e-09 2.3595575e-07 2.679596e-08 6.110894e-09 7.8358795e-09 6.6470167e-09 1.6142248e-08 1.0250626e-07 1.0069706e-06 7.7262163e-10 0.00012304069 4.1174236e-08 1.8192064e-07 1.1504587e-09 5.2808775e-07 5.5845234e-08 1.3781037e-09 2.0263964e-07 5.871658e-09 5.798493e-09 1.2170535e-06 1.6359662e-07
0.9801575 0.013363139 0.14695138 0.05746238 0.00091019686 0.009522721 0.9090176 9.076605e-05 0.0015585158 0.062272504 1.3714698e-05 0.021679133 0.0021479111 0.52134675 0.88523823 0.00017723367 0.7113661 0.010423294 9.599828e-06 1.8094652e-05 0.026541201 0.1561675 0.0011717404 1.8572242e-12 0.0050346064 0.00010444857 0.952013 8.7017565e-05 0.59499687 1.3149684e-05 0.0030271139 9.554466e-07 0.00029483432 6.914801e-06 0.13121952 3.573708e-05 0.0011751024 0.015522483 0.6762779 1.6176709e-06 0.00030844347 7.1263844e-06 1.9117456e-06 3.082347e-06 4.8698235e-05 0.00031788298 9.514655e-06 0.0001312546 0.9378229 1.16861265e-05 0.49353844 0.09215932 0.008079809 3.037178e-05 0.28213513 0.016223988 0.068115376 0.007377402 1.263239e-05 0.7128753 0.0052135936 3.9606925e-06 0.0007221317 7.072518e-06 4.545276e-06 8.658438e-07 0.024376292 0.25364882 0.06872963 1.3963919e-06 0.01975276 0.05429772 2.491056e-05 0.0025931248 2.1434828e-06 0.047920633 1.8186063e-07 2.5001285e-05 0.0002484637 7.391253e-06 8.424759e-06 1.5751039e-05 0.00026520985 0.0020711173 0.00056659064 0.00030837732 1.9102986e-06 4.7976948e-05 1.6066633e-05 0.069512755 1.424228e-06 0.00022976681 7.841281e-06 0.003707513 1.3896452e-07 0.00011558316 0.0005273206 2.4530985e-08 2.1908166e-07 0.0059171272 8.143275e-06
0.06621588 0.0010608722 0.034321304 0.25877345 3.1390093e-06 2.8100156e-05 0.046755694 2.508766e-06 0.0058955983 3.107786e-05 4.800681e-06 0.9031634 0.24558201 0.44981268 0.011388529 5.0474756e-07 0.09737851 7.8302776e-07 1.7246442e-08 0.0003195486 0.69890815 0.41581765 0.9988415 0.0050346064 1.7127564e-17 3.6054345e-07 0.030521842 0.000586647 0.03339739 4.0987434e-08 0.699671 0.00619473 0.9755768 3.9450834e-09 0.0014842063 1.6929886e-05 4.6402948e-07 3.5712192e-06 0.007677853 8.304375e-07 1.4582007e-07 1.5486106e-07 1.2913047e-08 7.563555e-09 1.9764671e-07 4.9586575e-08 1.6433813e-07 3.733536e-08 0.0038318983 4.3166196e-08 0.00038243193 0.004326615 0.034053773 4.964352e-07 3.513123e-05 6.997347e-07 4.1186828e-05 0.0001279473 1.4098331e-06 0.00095627224 7.4897536e-05 1.5721547e-09 5.1808604e-07 0.003938325 1.9167521e-07 1.2841849e-07 7.95878e-06 0.0001509245 7.974834e-06 2.4558982e-08 0.00014436877 0.00011812142 6.6429393e-06 0.00011302947 2.9074357e-07 7.729011e-06 2.0875522e-08 4.6411994e-08 8.183858e-07 1.1996632e-08 2.1725869e-08 1.9290158e-06 2.1587393e-06 1.410776e-06 1.2660624e-07 6.260325e-08 6.083205e-09 0.00024519901 4.2147077e-10 0.0002646025 2.095322e-09 1.2686696e-05 2.067469e-09 0.00016224774 1.3092934e-07 3.9505954e-09 6.299526e-05 3.3998369e-09 4.5305204e-09 0.0003026525 3.5671345e-08
0.83804196 0.25120917 0.023939798 0.0037194456 0.70544475 0.67579955 0.0021371676 0.51393944 0.006896138 0.2290784 0.89755225 3.5119036e-05 2.0438309e-05 3.0523006e-05 2.2917352e-06 0.9683484 0.011579003 0.19635592 0.32578662 0.63133425 5.606472e-06 8.364934e-07 9.359147e-07 0.00010444857 3.6054345e-07 1.1022258e-12 0.0001148759 0.00049457315 3.2960536e-08 0.19225504 2.2183597e-06 1.5251302e-06 6.997902e-05 0.31298783 0.29248598 0.9607124 0.009785534 0.0019065413 0.0016793698 0.959751 0.0014369955 0.000996413 0.00044290168 0.0008974249 0.76786107 0.0004899504 0.00022466936 1.9500994e-05 0.01322136 0.004418651 0.07946213 3.2974938e-06 9.2393617e-07 0.089286365 3.9872287e-08 6.2496234e-08 1.9148767e-06 1.6904507e-05 0.5549435 0.002140874 5.873554e-08 3.419497e-05 0.0025364116 5.434567e-07 5.4804463e-05 6.743198e-07 0.0019790484 0.0009948291 3.6289715e-05 3.7911668e-06 2.0795991e-05 5.9264705e-05 8.126728e-06 0.00383803 3.5267701e-06 0.00035057095 1.1777416e-06 1.5204243e-07 8.157139e-05 9.889464e-05 1.9718102e-06 1.9574854e-05 4.943626e-07 1.598332e-06 1.2683181e-06 1.1378094e-05 6.776053e-06 1.2168504e-08 6.494912e-08 0.0018299166 0.0024144156 5.1776624e-06 1.1447033e-07 9.249298e-05 6.547725e-08 1.195391e-06 5.3605086e-06 2.0894722e-08 3.5832823e-08 0.00019439674 0.0053544315
0.9429088 0.0023682741 0.007945763 0.035369966 0.00025650533 0.00021345256 0.068748474 4.7269543e-05 0.010444679 0.00083398045 1.9129411e-05 0.10899788 0.0045965896 0.80001134 0.94921446 3.1737603e-05 0.14308307 0.00010294797 5.5289e-07 0.00011798576 0.07387222 0.56988686 0.0021800166 0.952013 0.030521842 0.0001148759 4.350081e-10 0.0001577191 0.9781674 1.5566263e-06 0.02061678 2.8567492e-06 0.00043621255 1.3645272e-06 0.02487925 1.6701668e-05 9.330166e-05 0.0005820626 0.9027053 5.8022886e-07 2.2516599e-05 8.2142424e-07 2.452915e-07 2.6531307e-06 2.3531014e-05 2.6770507e-05 1.845612e-06 2.2262573e-05 0.48821634 3.3494025e-06 0.11313039 0.5311753 0.044472817 5.661874e-06 0.06981942 0.00516861 0.0076443404 0.0034517571 9.028251e-07 0.2279806 0.0017867784 1.6733483e-06 5.6020384e-05 5.9600948e-06 3.1084126e-06 7.150006e-08 0.0017851297 0.024809795 0.010348174 8.407907e-07 0.0034524878 0.0038199418 0.0003465381 0.0015863173 1.183887e-06 0.006247077 1.4584671e-06 2.7697936e-06 5.2867985e-05 5.5289638e-05 3.823201e-06 0.0012513859 0.00021857799 0.0007811605 8.414494e-05 0.00023238634 1.6870966e-06 6.633427e-05 4.6783334e-06 0.026748683 2.7666798e-07 0.0005153145 2.3588655e-06 0.0053956653 5.305059e-08 5.78179e-05 0.0006024187 5.482924e-07 4.524169e-07 0.004942999 1.9769044e-05
0.00800958 0.15682152 0.06393363 0.065250576 0.011534978 0.0009855485 0.0045158095 0.011461607 0.9647422 0.0014864353 0.04532651 0.048707608 0.9810299 5.56734e-05 3.5871686e-05 0.000114244096 0.004113866 4.0849165e-05 9.4601177e-07 0.64418876 0.0011497033 0.00044423438 0.02961008 8.7017565e-05 0.000586647 0.00049457315 0.0001577191 1.883177e-13 5.4134334e-06 3.555265e-06 0.00020633971 0.99990404 0.0020771127 7.6604596e-07 0.0018322689 0.0009848992 8.1179205e-06 6.3469934e-06 2.7856471e-05 8.871818e-05 1.3536907e-05 2.8204997e-07 5.4854475e-08 5.8919216e-08 3.768319e-05 3.0620224e-06 5.9309787e-08 1.589464e-06 0.0001407399 9.7073574e-08 0.00021529969 1.3638492e-06 8.4206265e-05 5.6282374e-06 1.8656744e-08 2.8158206e-07 6.7394076e-08 2.7549936e-06 0.00013545064 5.019083e-05 3.6039406e-08 4.2399325e-08 9.2474545e-07 4.594725e-06 4.3924632e-07 1.5155369e-07 1.5754975e-05 2.13933e-05 2.2152614e-07 1.8166814e-08 7.4609653e-07 6.7099813e-07 4.760663e-07 0.00015427271 3.4108817e-07 6.172638e-06 1.937044e-06 1.4263156e-08 1.7324581e-06 9.295072e-08 2.2123034e-07 2.2723398e-08 1.5134303e-08 1.2176027e-08 3.1714045e-08 1.0049645e-06 4.6657142e-08 8.428772e-07 4.8757595e-08 0.00034971477 1.769668e-06 9.717398e-08 1.0883109e-08 5.553012e-07 2.0978662e-08 2.6629657e-08 2.8421414e-07 5.7133153e-08 3.3809624e-08 4.7058975e-06 2.0101206e-07
0.48249984 6.763734e-06 0.0014864522 0.0099193035 3.3022076e-08 1.0107469e-06 0.167263 1.5922083e-08 8.383763e-06 4.7983604e-06 1.4916417e-08 0.0059083696 4.417892e-05 0.87466145 0.9654539 1.1145573e-08 0.036843836 4.4766047e-08 2.3474492e-10 1.8063047e-07 0.23505393 0.84068054 0.00035236115 0.59499687 0.03339739 3.2960536e-08 0.9781674 5.4134334e-06 1.2545764e-17 3.9070558e-10 0.16309059 1.0504648e-07 0.0006523583 3.0578067e-09 0.0006026735 7.455222e-08 6.7026906e-07 3.827937e-06 0.7014445 3.3487044e-09 9.77385e-08 2.4734645e-09 3.410818e-10 4.7773835e-10 3.0434379e-07 5.180435e-09 1.5474502e-09 1.2221648e-09 0.070010394 4.4998187e-09 0.0056607407 0.93643993 0.8285423 1.3907149e-09 0.6422705 0.062832355 0.17801502 0.008772561 7.283908e-07 0.03831782 0.0134403035 2.57331e-10 1.1986318e-08 6.9088324e-05 3.763657e-09 6.2241566e-11 1.9447543e-05 0.0041794954 0.0017101073 1.5287598e-09 0.0038975796 0.015905855 0.0015158334 3.058835e-06 5.7210187e-10 0.0005633125 1.5744623e-09 2.684845e-08 2.0441233e-07 8.4674046e-09 1.559308e-08 0.00062795886 0.00033284602 0.00039284822 1.702015e-07 1.2400706e-07 9.9074505e-08 0.001908455 6.644047e-10 0.0035581905 5.7389926e-08 0.0017829178 2.6406754e-08 0.00032136054 1.0116017e-09 8.331667e-08 0.00091456436 6.103043e-09 2.6417938e-08 0.001008772 4.0723873e-07
0.7907509 0.0021635438 0.00057880464 7.7403514e-05 0.0063046925 0.4436485 0.00022308387 0.00026956853 3.6258065e-05 0.26295963 0.0004858132 7.448453e-07 1.8427205e-06 2.028857e-06 9.8654745e-08 0.94134504 0.00047537766 0.2638174 0.98180634 0.00015776513 3.42528e-07 2.3533063e-08 2.4923805e-08 1.3149684e-05 4.0987434e-08 0.19225504 1.5566263e-06 3.555265e-06 3.9070558e-10 1.5304751e-13 7.6945867e-07 3.4822713e-07 5.6950125e-07 0.9968447 0.029140545 0.00055225316 0.13908121 0.010654358 1.6424758e-05 0.022366975 0.032213468 0.057245538 0.01656665 0.07693161 0.55492467 0.007418421 0.06685707 0.0022655902 0.0033306018 0.33240235 0.018918246 1.8754934e-08 3.4576604e-07 0.38554218 1.3653765e-07 1.757456e-08 7.377862e-07 2.719911e-07 0.024553739 0.0004972052 1.4714873e-07 0.0054812985 0.00889381 6.6897937e-06 0.0018308357 0.0010167055 0.00543215 0.00079953234 7.3457784e-05 0.00032165676 1.0369659e-05 2.218572e-05 6.397329e-06 0.0034592936 6.642632e-05 4.34964e-05 0.00013279736 1.8489038e-05 0.00038834027 0.0039819283 0.00029110583 2.1112201e-07 2.4794565e-07 2.6983107e-06 0.000112607704 5.3892672e-05 0.00026575115 2.8464964e-08 2.2587832e-05 0.0020539958 5.574496e-05 1.1098199e-05 4.647341e-05 1.2397004e-05 5.5225075e-07 1.3632923e-05 3.9485167e-05 9.503232e-07 6.3594084e-06 0.00018701746 0.0048391717
