1.9743377e-15 0.99340165 0.9617696 0.9487371 0.9655566 0.8859291 0.9792255 0.99498725 0.8584457 0.983064 0.79917896 0.8683529 0.95478815 0.5518664 0.58159745 0.7771828 0.5999694 0.9764795 0.445912 0.97765666 0.9951623 0.99814504 0.9258154 0.90105754 0.44950667 0.9444766 0.5407399 0.92801315 0.93489856 0.8970538 0.9842887 0.7605583 0.94714147 0.6020616 0.99763626 0.9769235 0.9914575 0.36039358 0.8414115 0.7703878 0.9945441 0.27052215 0.003973005 0.7012876 0.9477824 0.88734776 0.89730924 0.01437947 0.9924538 0.9369389 0.042148262 0.62308097 0.17133018 0.61743903 0.6979975 0.015124127 0.00011758529 0.006988939 0.0009738905 0.77006567 0.7715771 0.3722684 0.7124089 0.7547107 0.00085949915 0.42214578 0.30549848 0.002235023 0.38002396 0.75752014 0.69766873 0.031125236 0.0028877554 0.6921822 0.00089845667 0.9740334 0.9445992 0.857367 0.00043187925 0.0007655436 0.5839015 0.9855005 0.67446846 0.9807341 0.3921463 0.9947665 0.9490554 0.27243477 0.92820716 0.6504846 0.00042825894 0.56228375 0.2353666 0.68036395 0.88905644 0.24102132 0.9933099 0.99733555 0.9999855 0.741946 0.9995659
0.99340165 2.7340685e-11 0.7430284 0.30374396 0.39287674 0.8921193 0.087975286 0.6979879 0.67242414 0.056665942 0.9241702 0.8237051 0.0039661867 0.78605294 0.540878 0.69017196 0.07717683 0.0003363256 0.019670343 0.14528085 0.0013953516 0.0002566252 0.0075119683 0.234089 0.2711827 0.00067392964 0.63583046 0.055158462 0.00010407481 0.6391887 0.1172275 0.000750829 0.017521195 0.10488311 0.74682426 2.6137716e-06 0.0020164964 0.3892198 0.00038228987 0.00957092 0.034487627 0.3683634 0.0031905335 0.00033277238 1.8879591e-07 0.0017292617 6.2653544e-06 0.00055355375 9.790676e-05 0.00043581668 0.18002 1.3133943e-05 0.041782387 1.2940793e-05 6.5190015e-08 7.1181086e-05 5.843922e-05 0.0005568824 9.979887e-05 4.393915e-06 0.0026285115 1.6362791e-06 1.7305416e-07 1.7747563e-05 0.00023593291 1.4250968e-07 9.766816e-06 2.8630166e-06 5.885913e-08 0.0014014769 1.1156931e-06 0.00011142599 5.9634667e-06 0.0026371817 6.796799e-07 0.0035643638 0.0019870189 0.0008070286 2.4642927e-06 1.2761584e-06 5.152916e-07 6.37623e-06 5.463149e-06 7.810529e-05 2.1452095e-07 0.022976568 0.0015829542 4.199844e-07 0.0005748317 7.92759e-05 1.5350288e-05 4.9354855e-07 5.7031437e-09 1.5365205e-06 3.8306192e-05 9.7473404e-08 0.00068037026 1.3480353e-05 0.056046586 5.715983e-09 0.00032969058
0.9617696 0.7430284 4.408928e-14 0.7171165 0.84158313 0.86876494 0.300913 0.8905028 0.32637748 0.9380348 0.40231106 0.89135057 0.005142357 0.25920752 0.09875544 0.41663447 0.44026837 0.0174958 0.21058501 0.7141637 0.0008303841 0.012472297 0.11712876 0.26836672 0.31502315 0.050032787 0.08017905 0.0020029736 0.00018259096 0.036674317 0.619218 0.00046660134 0.07115128 0.08807241 0.8633472 0.0013628685 0.014107485 0.010734247 0.004119716 0.006282722 0.045460936 0.047083635 0.00014304175 5.4945445e-05 1.3869456e-05 0.015828524 0.00018754452 0.00087726617 8.536429e-05 0.0071761366 0.012454682 2.3157736e-05 0.0011348289 3.764483e-05 9.816851e-06 0.000299485 1.8314797e-06 5.9114605e-05 1.2172382e-06 0.0002712988 3.8340877e-05 2.0015203e-05 1.3659717e-05 5.812238e-06 5.3353347e-06 3.1544783e-05 0.00027592693 7.565157e-07 1.0297684e-06 0.002278413 9.799251e-07 0.00096458796 6.703029e-07 0.0059107114 5.0296575e-07 0.020328786 0.005676607 0.002443413 6.523175e-06 1.0901605e-07 5.747915e-06 0.00017028653 0.00016399627 0.000105344196 1.2139886e-06 0.04577973 0.0042253495 2.6096172e-06 0.004578831 0.0001396657 1.0086054e-06 4.3145974e-05 9.889075e-09 8.807135e-05 9.643961e-05 6.4480906e-07 0.0048930286 0.000791331 0.08380454 2.357441e-07 0.0018270917
0.9487371 0.30374396 0.7171165 2.3103984e-14 0.9506682 0.9507592 0.88511646 0.84174 0.956678 0.0204702 0.6003251 0.048689615 0.18632004 0.31694797 0.55488664 0.015020685 0.0012097347 1.904949e-05 0.0005352851 0.14553842 0.019573256 2.5725163e-05 1.9420613e-05 0.00028695582 0.005341398 2.0310108e-05 0.33578986 0.19561964 0.0066293334 0.59687 0.07561947 0.010821233 0.07943373 0.00056263653 0.29559183 9.09686e-08 0.00018233778 0.13441125 3.4285438e-06 3.0525217e-07 0.11281708 0.0048784465 0.0023099554 0.002120462 7.752733e-09 0.0006926717 2.2407614e-08 3.7322603e-05 0.00013213386 9.6324635e-05 0.0097183725 7.015382e-05 0.043633975 8.754655e-05 3.845861e-09 4.510599e-07 1.2080052e-06 1.62411e-05 0.00010658148 1.0464368e-06 0.017105298 2.3714742e-08 9.2804e-09 0.00011274213 3.0569383e-05 7.245805e-08 1.2891602e-06 2.130195e-05 2.1809563e-09 0.0034492644 1.7179527e-05 5.5746796e-06 1.0760305e-05 0.0035574967 1.2698672e-08 0.0009141707 0.0021633655 0.0018394304 3.2227604e-08 2.4487395e-06 4.593697e-07 3.3152287e-07 8.791635e-07 0.00046374905 1.9706943e-09 0.011976572 0.0009842879 2.0024234e-07 0.0003743361 0.00019811255 1.0726964e-05 4.6860512e-07 4.9488164e-10 3.998239e-07 0.00022474048 2.6067528e-07 0.00044543284 4.5567924e-07 0.059329413 2.5083855e-08 0.0014242606
0.9655566 0.39287674 0.84158313 0.9506682 3.0449117e-15 0.89299786 0.95472467 0.910376 0.80873245 0.067883395 0.53325176 0.11362821 0.55812687 0.13473497 0.27407604 0.026124032 0.0024963226 5.73772e-05 0.00070560497 0.59031284 0.050584957 3.169716e-05 6.237492e-05 0.0012835423 0.007291804 8.053667e-05 0.21126768 0.38208073 0.048750527 0.5447642 0.19518827 0.03587464 0.5397069 0.0012572983 0.44762793 5.115099e-07 0.0005999619 0.059437342 1.6530199e-05 2.7551537e-06 0.29917428 0.0011465111 0.00032619532 0.002733664 6.206739e-08 0.004492689 2.922355e-07 2.0666455e-05 0.0003855211 0.00081612903 0.003086658 0.00018824874 0.039383665 0.00018830781 2.031558e-08 6.206979e-07 3.3110265e-07 2.4295443e-06 8.020314e-06 3.4601364e-06 0.044843726 1.2273567e-07 4.8230657e-08 0.00014096207 1.5691463e-06 1.1014468e-07 1.3341439e-06 8.919143e-06 6.860174e-09 0.0077855717 6.072622e-05 6.8125005e-06 1.1009165e-05 0.00819763 1.26544e-08 0.0038006897 0.008632702 0.0055018147 3.995283e-08 5.368753e-07 7.3696344e-07 2.2043857e-06 1.8960582e-06 0.00063027174 7.343542e-09 0.020521535 0.0018393453 1.3942488e-07 0.0012407083 0.0008108609 1.9941326e-06 1.3810622e-06 1.0359823e-09 1.1126915e-06 0.0005038439 1.7341796e-07 0.0017810467 3.6905428e-06 0.098817125 3.554231e-08 0.00303206
0.8859291 0.8921193 0.86876494 0.9507592 0.89299786 3.4687204e-15 0.58767533 0.76176107 0.98104227 0.025026746 0.94936883 0.020832866 0.013221619 0.61993396 0.5910117 0.013201737 0.0006701371 8.48731e-05 0.00035034266 0.036028706 0.005723678 5.49269e-05 1.1627708e-05 0.00024631555 0.006497307 5.060291e-05 0.23235446 0.017699629 0.00030928414 0.26683655 0.026292149 0.0011556172 0.008185927 0.0008427797 0.20979401 1.1516416e-06 0.00017822334 0.099647954 1.05052095e-05 7.796359e-07 0.016541846 0.013612487 0.0061551947 0.00030959753 2.853694e-08 0.0002831527 2.5095284e-07 7.4701646e-05 3.2456483e-05 5.53284e-05 0.03863058 6.429982e-05 0.023447515 1.7576564e-05 4.927911e-08 2.4256065e-06 4.417292e-06 6.470206e-05 6.7403955e-05 4.1852923e-06 0.0004725456 3.2212117e-08 6.46176e-08 2.7876882e-05 0.00017838337 5.840044e-07 8.620064e-06 5.8320206e-06 1.7064645e-08 0.0010137492 1.6727499e-06 2.4294702e-06 2.7142468e-07 0.0007021316 5.566888e-09 0.0019817806 0.00036182694 0.00048200798 1.279465e-07 5.3505363e-07 2.1039973e-06 6.7885753e-06 2.092721e-06 5.844435e-05 3.856703e-09 0.0083446335 0.00022435054 3.0736183e-07 0.00045284754 7.150058e-05 2.302104e-05 2.5480863e-06 6.565389e-10 9.004558e-06 8.803067e-06 3.1411074e-07 9.4581614e-05 2.8161327e-05 0.014826191 4.2915752e-07 0.00023157752
0.9792255 0.087975286 0.300913 0.88511646 0.95472467 0.58767533 1.0463608e-12 0.7983641 0.64410865 0.023334382 0.1222685 0.012103521 0.9296113 0.021007422 0.121345736 0.0031706295 0.0012910771 4.2759082e-05 0.0004930551 0.6466538 0.24456419 2.574313e-05 1.4969038e-05 0.00022620763 0.0013495598 2.0686606e-05 0.06930189 0.58599615 0.44094786 0.4479818 0.18201107 0.30096543 0.87879395 2.5676416e-05 0.30960584 6.821377e-07 0.00038611918 0.030992316 3.1357845e-06 3.8903266e-07 0.59703386 0.00012899362 0.0002027366 0.07041983 5.4212606e-08 0.0074721314 5.130965e-08 1.0063749e-05 0.012543646 0.0017535922 0.000918595 0.0020455683 0.07362404 0.0024584667 2.4256847e-08 2.2603346e-07 4.3623348e-07 1.0442177e-06 4.068056e-05 3.1360862e-06 0.13021226 2.90172e-08 2.7663488e-08 0.00079261203 1.0804391e-06 1.7779121e-07 7.080958e-07 0.00020801656 3.2046454e-09 0.03131157 0.0010388324 1.1242425e-05 0.00014490423 0.032949746 1.8508274e-08 0.005777918 0.021758353 0.038466845 6.9779986e-08 9.750261e-06 6.4904015e-07 1.7274082e-06 1.1085347e-05 0.009953906 1.5152763e-08 0.030937403 0.0030275919 5.216104e-07 0.0018989942 0.0072644916 5.6028028e-05 4.3555593e-07 6.495699e-10 2.5775298e-06 0.0033726527 1.6939767e-07 0.0035648085 6.5624786e-06 0.18582505 2.7227125e-08 0.008793317
0.99498725 0.6979879 0.8905028 0.84174 0.910376 0.76176107 0.7983641 9.880803e-12 0.5295989 0.31057087 0.5339293 0.6446086 0.39804575 0.19183291 0.19674297 0.29070157 0.04488966 0.0042621153 0.008618972 0.6823455 0.045037176 0.0018651136 0.014646189 0.10323801 0.06652212 0.013787863 0.19658633 0.20715603 0.04999678 0.48424172 0.2747754 0.03648739 0.36498675 0.025459193 0.640344 0.00014212809 0.0010766382 0.095791526 0.002080136 0.0032439572 0.07680638 0.01789484 0.00035481484 0.0037909865 1.4356392e-06 0.028714951 3.1349846e-05 0.00013728917 0.0012135403 0.0029598516 0.0050625456 0.00017905011 0.025346251 0.00036877074 1.8789735e-06 1.3549876e-05 1.0819352e-06 2.4698866e-05 3.6549583e-05 5.685083e-05 0.0032891866 8.43904e-06 2.493958e-07 0.00016034344 1.6498967e-05 1.5700565e-06 5.8841477e-05 2.5834952e-06 9.0730737e-07 0.008279403 3.1435888e-05 8.256512e-05 5.8413443e-06 0.014182393 3.5108616e-07 0.016091283 0.012014285 0.0057356637 1.2741434e-06 2.7844983e-06 1.2305082e-05 1.989459e-05 5.571902e-05 0.0002450471 1.3508297e-06 0.095239356 0.0076164696 9.592115e-06 0.0030813976 0.00065820315 9.548069e-06 1.0634802e-05 1.2382855e-08 1.2364618e-05 0.00034830702 1.4304842e-06 0.0033947928 2.8681916e-05 0.18266611 2.1591953e-07 0.0045093587
0.8584457 0.67242414 0.32637748 0.956678 0.80873245 0.98104227 0.64410865 0.5295989 3.47085e-16 0.0052691824 0.8483491 0.0018068441 0.3078635 0.3621894 0.9420478 0.0024252608 0.00013636128 3.0310016e-06 5.9659436e-05 0.011988984 0.038863156 1.0056807e-06 1.4094003e-06 6.5758766e-05 0.0005651061 1.1796443e-05 0.3710766 0.49216762 0.004623618 0.89801615 0.006194213 0.009877455 0.009692087 1.1336147e-05 0.046352986 2.4738566e-07 1.2635518e-06 0.29964682 2.085627e-07 2.0733502e-08 0.026491348 0.0011836449 0.01392635 0.0049521388 2.5171885e-09 4.542314e-05 1.0872693e-08 5.0986837e-06 0.0002298341 4.031722e-06 0.008667299 0.00039022378 0.07997864 9.674941e-05 1.798511e-09 1.8090198e-07 1.0560542e-06 2.7574513e-06 0.00072099344 5.3470036e-08 0.007122465 2.4708995e-09 3.2417842e-09 0.00015754833 0.00023645187 8.603979e-09 5.9050257e-07 0.00014241181 9.833152e-10 0.0007799755 1.7264389e-05 6.093043e-08 1.0470512e-05 0.00040087162 5.3216637e-10 0.00013421147 0.00036387684 0.00059094885 1.0230264e-09 2.284383e-05 1.8825759e-07 4.8933774e-08 5.5181215e-09 0.00026141183 6.899458e-10 0.0035068365 8.7458415e-05 5.0659278e-08 1.27075955e-05 5.3324882e-05 6.633282e-05 3.828442e-07 2.9269306e-10 2.7333169e-08 3.1558266e-05 1.775733e-07 1.3015003e-05 4.442555e-08 0.014715668 5.7815996e-08 0.00022561278
0.983064 0.056665942 0.9380348 0.0204702 0.067883395 0.025026746 0.023334382 0.31057087 0.0052691824 9.1843525e-14 0.005168854 0.8352099 2.5884092e-05 0.004606253 0.0029567226 0.20711027 0.62752277 0.47885317 0.51001394 0.568512 7.1656286e-05 0.56171477 0.9071047 0.5550826 0.25838336 0.7912316 0.0027395673 2.918228e-05 1.2825671e-05 0.00043947407 0.873503 1.4730023e-05 0.040274266 0.08810295 0.7035514 0.30005002 0.12421234 0.0003590291 0.25521854 0.15854633 0.0070574367 0.004501405 2.2912284e-06 1.3467793e-06 0.0009839411 0.16249588 0.04106319 0.0021943266 3.7877864e-05 0.14901337 0.0006758815 4.2230927e-06 1.1428916e-05 5.184303e-06 0.0005300534 0.004666661 1.683202e-07 1.5355836e-05 6.062717e-08 0.0044037593 3.295925e-06 0.0027486694 0.00017295148 9.0559666e-07 8.326107e-08 0.0002816295 0.0063101966 2.4754044e-07 0.00015248366 0.0036327206 4.243543e-07 0.0056853923 1.0668831e-07 0.008415839 6.530763e-06 0.15705796 0.013022342 0.0031423527 2.1054035e-05 7.019514e-08 7.659343e-05 0.00050071283 0.0026635656 0.00018171492 0.0007205411 0.17158328 0.0361751 3.2026022e-05 0.034065362 0.00040459406 2.4571247e-07 0.00041735917 1.551747e-06 0.0008430808 0.00010366342 3.3375795e-06 0.028426034 0.002568025 0.11549684 3.228932e-06 0.0033109586
0.79917896 0.9241702 0.40231106 0.6003251 0.53325176 0.94936883 0.1222685 0.5339293 0.8483491 0.005168854 9.621081e-14 0.0052489876 0.0034219325 0.9924235 0.90612245 0.0064344485 0.00036129763 0.00011981861 8.296586e-05 0.004231495 0.0061040977 5.562298e-05 4.894913e-06 8.918253e-05 0.0017386959 8.595139e-05 0.45546198 0.004291204 7.241222e-05 0.1665895 0.008976559 0.00034121907 0.0016117631 0.0005242954 0.06413692 7.0435703e-07 7.7061464e-05 0.13290663 8.89372e-06 4.3774546e-07 0.0010944034 0.03247494 0.008268582 5.1321767e-05 2.3098812e-08 2.1364916e-05 2.9707135e-08 8.1296545e-05 3.3382017e-05 3.4686639e-06 0.066298276 1.3201125e-05 0.016785126 1.0892081e-06 5.5991457e-08 3.5144612e-06 2.8540737e-05 0.0002975508 0.00028006212 2.3900582e-06 0.00021960807 2.119104e-08 7.806715e-09 4.490287e-06 0.0004982646 2.178574e-07 4.5965435e-06 6.873354e-06 2.4112651e-08 0.00014730115 3.7197415e-07 5.131114e-07 1.7194786e-07 7.000184e-05 1.4050278e-08 0.00043050782 7.7889206e-05 8.114596e-05 1.3399067e-07 6.3174247e-07 6.585616e-07 2.703492e-07 2.133291e-07 4.975863e-06 3.4293133e-09 0.0024837605 6.627155e-05 2.7089814e-07 3.0216754e-05 2.1458943e-06 2.7028347e-05 1.1506821e-06 1.1090115e-09 5.234986e-07 6.678482e-07 2.845092e-07 1.3033199e-05 2.9470807e-06 0.0049880357 1.0551214e-07 6.4213535e-05
0.8683529 0.8237051 0.89135057 0.048689615 0.11362821 0.020832866 0.012103521 0.6446086 0.0018068441 0.8352099 0.0052489876 2.8765672e-17 3.8259514e-06 0.019739743 0.00046560672 0.99490184 0.8657208 0.046003945 0.35468775 0.06514845 0.00013698051 0.014183806 0.037585236 0.1960335 0.8012996 0.010758294 0.00137092 5.2907358e-06 1.5295838e-07 4.369063e-05 0.26243216 1.4028616e-06 0.00486456 0.2652308 0.3675533 5.6710847e-05 0.012434463 6.147803e-05 0.00076426705 0.00506952 0.003741821 0.12797889 3.4316334e-05 1.1884151e-06 7.4005743e-07 9.363405e-05 3.9450123e-07 0.006825823 1.2398762e-06 0.0007657582 0.007607569 7.815975e-07 1.7624721e-05 1.382797e-07 8.3079624e-07 0.0014514669 6.1639444e-06 0.0013137882 9.2893157e-07 3.5315088e-06 6.5219124e-06 5.922162e-08 5.555467e-08 5.1370556e-08 5.0802632e-06 2.628862e-07 0.00011973477 1.4372193e-07 6.751756e-09 0.00069634634 2.8627543e-08 0.0007350476 4.6351392e-08 0.00058979687 3.4460433e-07 0.011753088 0.0010411347 0.00026317083 0.00010309465 3.3045957e-08 3.8734985e-08 2.396211e-06 2.1574715e-06 0.00019630218 7.7867625e-08 0.008913051 0.00026534518 4.919109e-09 0.00091748877 2.022865e-05 2.0529713e-07 5.642611e-07 1.2856174e-09 1.8327053e-07 7.6120756e-05 2.4691373e-09 0.00026548744 4.2812967e-06 0.025649367 2.9172897e-09 0.00021126374
0.95478815 0.0039661867 0.005142357 0.18632004 0.55812687 0.013221619 0.9296113 0.39804575 0.3078635 2.5884092e-05 0.0034219325 3.8259514e-06 9.63365e-16 0.0004952944 0.017772986 4.9821665e-05 7.827661e-06 9.8654176e-08 4.341954e-06 0.07383772 0.675379 2.5252217e-07 3.2775784e-08 1.7878187e-06 2.4889484e-06 7.949495e-08 0.012397231 0.94982904 0.75919694 0.37030438 0.0019227649 0.93902504 0.43904045 6.2966095e-08 0.13644357 6.566294e-09 1.822498e-06 0.019916339 1.3802939e-07 3.0403847e-08 0.4209036 1.09748335e-05 0.00053638505 0.5641417 1.215319e-09 0.00019703028 1.7093008e-09 1.3542487e-05 0.030011974 8.838077e-06 0.0002866544 0.0053802812 0.19731604 0.004725891 2.5290996e-09 3.0495045e-07 2.7836335e-09 3.4961803e-07 0.00015010918 1.0418706e-07 0.648531 1.3664876e-09 2.2814979e-09 0.01055573 1.5463137e-06 1.4198583e-08 3.853887e-07 0.0020219171 1.042635e-09 0.0093835825 0.0011850261 1.3368135e-06 0.00062992354 0.0061930935 2.677619e-08 0.0006753489 0.0026039814 0.014380236 1.7684481e-08 5.099814e-05 2.609536e-07 9.895156e-08 2.4800538e-06 0.0059513655 4.4745814e-08 0.013961184 0.00048293974 8.132613e-08 0.00022090896 0.003985912 0.0002209391 6.212763e-06 7.076357e-10 3.1904662e-07 0.00094188884 9.4876974e-08 0.00019905019 1.1093284e-06 0.14566721 7.552272e-08 0.0024572983
0.5518664 0.78605294 0.25920752 0.31694797 0.13473497 0.61993396 0.021007422 0.19183291 0.3621894 0.004606253 0.9924235 0.019739743 0.0004952944 4.1886128e-14 0.96351975 0.012589283 0.0004969698 0.00018167021 0.00012758287 0.0009713781 0.0010753503 7.17105e-05 4.7037306e-06 0.00031164594 0.011577087 8.1568505e-05 0.951792 0.001737417 3.8051014e-06 0.2903085 0.0013595951 0.00011780676 0.00012238264 0.0038593344 0.020043146 2.7063166e-07 9.342221e-05 0.62046635 4.4534427e-05 3.6380206e-06 6.744864e-05 0.4670252 0.3420702 7.1599216e-06 1.3750346e-07 6.075593e-07 5.258785e-07 0.0009732716 3.0978683e-06 4.0311447e-06 0.58245087 1.3035816e-06 0.05585298 4.5450355e-07 5.0476194e-07 4.312438e-05 0.0006650534 0.003067886 0.00090102875 2.5115958e-06 0.0008287721 1.1928087e-07 4.5043743e-07 1.9226757e-06 0.08433289 8.2967586e-07 3.300947e-05 1.6145498e-06 8.153222e-08 4.6936413e-05 9.841916e-06 8.98004e-06 1.1308488e-06 1.7210126e-05 8.970123e-07 0.0001942746 4.1080326e-05 2.8788845e-05 3.8232083e-06 9.975442e-07 4.2597134e-07 1.440501e-06 3.3590035e-07 4.0406647e-07 7.84846e-09 0.00079860346 2.2398357e-05 9.857782e-08 1.0723537e-05 9.926143e-07 0.00012728258 1.9694799e-06 6.9941876e-08 2.2655174e-06 6.215414e-07 1.1646325e-06 3.974481e-06 2.0747953e-05 0.002667909 1.0540514e-05 2.2095046e-06
0.58159745 0.540878 0.09875544 0.55488664 0.27407604 0.5910117 0.121345736 0.19674297 0.9420478 0.0029567226 0.90612245 0.00046560672 0.017772986 0.96351975 1.0568155e-14 0.0010286666 8.359839e-05 4.3699052e-05 7.398634e-05 0.0023972162 0.01251886 5.431691e-05 1.2386718e-06 0.000103017504 0.0002815994 3.1488154e-05 0.98261404 0.05447493 0.00024946613 0.95306325 0.0025500716 0.00093042204 0.0012001761 5.1415725e-05 0.011195297 4.0200786e-07 4.9971604e-05 0.5496535 6.500836e-06 1.6679003e-07 0.0011413242 0.005637429 0.24635679 0.00035309553 9.939305e-08 4.0006744e-06 6.586443e-08 8.031489e-06 3.3670764e-05 9.353236e-06 0.03998156 3.0757532e-05 0.10930196 1.3693931e-05 4.6107242e-08 1.7740007e-06 8.19897e-06 2.3323146e-05 0.0011978189 4.3619772e-07 0.0017761161 4.059988e-08 1.1292317e-07 2.7013582e-05 0.006673606 5.6935274e-08 3.510527e-07 2.1697144e-05 8.391165e-09 0.00010610139 7.690736e-07 3.7114214e-07 9.746574e-07 0.00021758572 2.6215204e-08 0.00063337974 0.00016357003 8.556862e-05 6.7891017e-09 1.538583e-05 4.2734374e-07 6.488198e-07 3.7067875e-07 1.6111377e-05 7.7041655e-08 0.0012175883 6.719241e-05 2.2867324e-07 6.86181e-05 1.451237e-06 0.00010568299 4.574791e-06 5.3691803e-08 2.0524594e-06 3.6663425e-07 2.470247e-07 2.052944e-05 7.58592e-07 0.004712064 5.492852e-07 6.6162456e-06
0.7771828 0.69017196 0.41663447 0.015020685 0.026124032 0.013201737 0.0031706295 0.29070157 0.0024252608 0.20711027 0.0064344485 0.99490184 4.9821665e-05 0.012589283 0.0010286666 5.477634e-13 0.4122989 0.016294803 0.16131462 0.0074921683 0.0001268294 0.013888928 0.007807201 0.11665321 0.9895929 0.002856857 0.0020337729 0.00016525936 8.750001e-06 0.00067764154 0.065350205 3.2129545e-05 0.00044985174 0.35632727 0.23829828 1.37507e-05 0.0034283623 0.000695805 0.00053824903 0.0015461072 0.0008707352 0.43923518 0.00023586227 4.8579554e-06 3.034872e-06 1.0627045e-05 4.5306183e-06 0.010717578 0.00019901525 7.474468e-05 0.059631176 9.023418e-06 0.00037527524 2.3093241e-06 4.5919255e-06 0.0011561365 0.00040058937 0.011546038 2.8877552e-05 1.5957481e-05 0.00012499021 6.445235e-06 1.3254594e-06 2.2105519e-06 3.2394324e-05 2.489525e-06 9.143031e-05 3.1678196e-06 1.2329498e-06 0.0001372406 7.5758894e-06 0.0003375542 2.2829258e-07 8.867605e-05 6.004441e-06 0.0012686176 0.00020596106 0.00014170422 0.00015808351 5.7625834e-07 2.4779163e-06 1.63165e-05 1.9022414e-06 1.6677619e-05 5.8471077e-08 0.0027382614 2.6054135e-05 3.3326126e-07 9.7014025e-05 9.184986e-06 1.6272385e-07 7.8076545e-07 1.4768077e-08 2.8131555e-07 2.2204455e-05 7.733109e-08 4.850579e-05 4.296076e-05 0.016736804 3.3396378e-07 3.60093e-05
0.5999694 0.07717683 0.44026837 0.0012097347 0.0024963226 0.0006701371 0.0012910771 0.04488966 0.00013636128 0.62752277 0.00036129763 0.8657208 7.827661e-06 0.0004969698 8.359839e-05 0.4122989 3.1008382e-14 0.03478376 0.99451363 0.0098991925 7.526765e-05 0.0075729107 0.5083885 0.8514733 0.9658177 0.0219075 0.0002100483 1.4135198e-05 3.4446716e-06 3.9275004e-05 0.03763368 7.467176e-06 0.001195219 0.47016016 0.047935423 0.00030647538 0.004917642 5.0975385e-05 0.0041691926 0.030554445 0.00026757582 0.017584547 5.491864e-06 3.0986012e-06 9.178847e-06 0.00023834231 1.3632245e-05 0.021340469 2.6954678e-05 0.00065029546 0.0005350636 6.9865555e-06 7.196762e-05 9.16889e-06 2.7522929e-05 0.005317185 9.4555446e-07 0.001978333 9.049336e-07 0.00015060962 5.8227157e-05 1.2119996e-05 2.9814275e-06 1.0487967e-06 3.0736183e-07 5.884162e-06 0.00046804486 4.2222666e-08 6.531483e-07 0.00029080283 1.1169516e-06 0.0035323547 3.1759765e-07 0.0002636325 4.390193e-05 0.0015959705 0.0010193366 0.00025349302 0.0006185526 1.4801268e-08 2.1168462e-06 1.8596076e-05 1.0440848e-05 0.00018486471 2.1940293e-06 0.0017315985 0.00019301107 1.0291881e-06 0.00071529637 2.97235e-05 1.8928112e-08 6.270866e-06 1.3562273e-07 1.1481216e-06 8.046293e-06 2.1138129e-07 0.00045091135 3.115259e-06 0.005741027 5.2419033e-08 0.00015849608
0.9764795 0.0003363256 0.0174958 1.904949e-05 5.73772e-05 8.48731e-05 4.2759082e-05 0.0042621153 3.0310016e-06 0.47885317 0.00011981861 0.046003945 9.8654176e-08 0.00018167021 4.3699052e-05 0.016294803 0.03478376 3.596289e-13 0.05997628 0.021892212 4.4997716e-07 0.9564567 0.7861933 0.15361956 0.008825738 0.9479755 0.00023609746 2.8852912e-07 1.2038241e-07 1.5511634e-05 0.43983993 3.153293e-07 0.00010701169 0.036368556 0.40894523 0.43552935 0.67932117 4.781514e-06 0.91440207 0.7238249 3.2910644e-05 0.0006080312 8.9631027e-07 1.7982924e-08 0.0051238555 0.020701485 0.4273837 0.0005623892 6.896677e-06 0.112135 0.00010641554 4.2382123e-07 1.3419701e-06 1.966279e-07 0.0068873046 0.022813693 2.6756163e-07 1.6000591e-05 3.6452116e-07 0.0076048886 1.382515e-07 0.023248533 0.00042520041 4.4003723e-08 3.2093023e-08 0.00059413793 0.049201123 5.8928205e-08 0.009026922 0.0008524117 4.168335e-08 0.07395609 1.0924106e-07 0.0017023822 0.0003380824 0.12724964 0.003830234 0.0003374821 8.7140135e-05 5.22269e-07 0.0001380288 0.0023802978 0.003254558 4.2183692e-05 0.009350842 0.077665076 0.011234051 2.0612777e-05 0.020092988 1.4564558e-06 5.704455e-07 4.945559e-05 0.000308332 0.0008792768 4.085082e-06 2.244098e-06 0.009331336 0.0060478454 0.02192782 1.8396382e-05 0.00026151034
0.445912 0.019670343 0.21058501 0.0005352851 0.00070560497 0.00035034266 0.0004930551 0.008618972 5.9659436e-05 0.51001394 8.296586e-05 0.35468775 4.341954e-06 0.00012758287 7.398634e-05 0.16131462 0.99451363 0.05997628 1.8460736e-13 0.003919383 4.9179464e-05 0.012222956 0.8597726 0.978637 0.7200622 0.08237038 6.0515373e-05 1.2622576e-05 1.9364531e-06 2.238277e-05 0.025235936 3.9877423e-06 0.00042923455 0.27325842 0.028406799 0.0011283115 0.0043427395 1.2394806e-05 0.012266098 0.045037746 0.00014103134 0.0022855478 1.2097724e-06 7.78262e-06 4.9000115e-05 0.0002483218 0.00024355065 0.012890453 5.8305228e-05 0.0008158777 0.00020656257 9.576403e-06 4.274983e-05 2.6309464e-05 0.00020211248 0.0045127273 2.9830045e-07 0.00056190434 4.928515e-07 0.00074028195 9.203263e-05 0.000101810125 1.5586354e-05 8.531341e-07 5.6426945e-08 5.1170453e-05 0.0010713051 7.9846735e-08 1.19129445e-05 0.0001172515 3.383925e-07 0.0038309828 2.9515206e-07 0.00014179856 4.023266e-05 0.0017072469 0.00028554827 0.00011831894 0.00045982315 1.08160405e-08 2.142517e-05 8.85666e-05 3.099158e-05 1.7866096e-05 3.088498e-05 0.001099926 0.00013831277 4.364805e-06 0.00047884436 1.8020753e-05 2.7831629e-08 0.00010614845 1.0446022e-06 4.066762e-06 2.1178175e-06 7.221519e-07 0.00023800434 5.1923585e-06 0.002134021 4.198775e-07 3.6438596e-05
0.97765666 0.14528085 0.7141637 0.14553842 0.59031284 0.036028706 0.6466538 0.6823455 0.011988984 0.568512 0.004231495 0.06514845 0.07383772 0.0009713781 0.0023972162 0.0074921683 0.0098991925 0.021892212 0.003919383 6.9620874e-15 0.12437536 0.017027233 0.0024120556 0.0073171672 0.004305343 0.012171977 0.0007344625 0.0030686616 0.06165582 0.002293325 0.898788 0.009680322 0.94304305 0.00021389536 0.8194638 0.0029048265 0.007482739 8.816421e-05 0.00033608705 1.1385237e-05 0.4828352 2.2456234e-05 4.539209e-07 0.0017515698 2.952872e-05 0.8756151 6.17439e-05 7.2015578e-06 0.014235261 0.13614614 1.4085088e-05 0.0005241626 6.6921835e-05 0.006230029 4.9821497e-06 4.4195676e-06 4.0423838e-09 2.4487733e-07 4.4206317e-07 0.00042964323 0.00020022565 5.016815e-05 2.877054e-05 8.765707e-05 1.1297261e-07 1.8025688e-05 1.0591108e-05 1.0155916e-06 2.085778e-07 0.16373298 0.00062254583 8.3765335e-05 2.981119e-07 0.18591115 2.21565e-07 0.095972806 0.1508505 0.026303338 1.9587907e-07 1.14699596e-07 1.6920167e-05 0.00013426846 0.00038775848 0.010731826 1.2208748e-06 0.2626184 0.084967636 1.7161407e-06 0.024468116 0.038995117 7.931544e-07 8.723572e-06 1.45568775e-08 4.894948e-05 0.0037945148 1.8364847e-07 0.023969257 3.170212e-05 0.22476558 3.825738e-07 0.022713242
0.9951623 0.0013953516 0.0008303841 0.019573256 0.050584957 0.005723678 0.24456419 0.045037176 0.038863156 7.1656286e-05 0.0061040977 0.00013698051 0.675379 0.0010753503 0.01251886 0.0001268294 7.526765e-05 4.4997716e-07 4.9179464e-05 0.12437536 3.2944817e-12 6.9500015e-07 8.293674e-07 1.2638319e-05 1.3621017e-05 5.886679e-07 0.023996873 0.80670655 0.9721986 0.21722423 0.0013074476 0.6905874 0.7936224 2.6429607e-06 0.13741918 7.1066886e-08 7.4837303e-06 0.025941007 4.517534e-07 3.8868663e-07 0.7601874 7.8062885e-06 0.00012899472 0.48731762 2.778808e-08 0.0006948869 3.0451204e-08 3.8946517e-05 0.25321263 5.577708e-05 3.133242e-05 0.042947836 0.1325641 0.03772083 6.406926e-08 2.5266854e-06 4.206488e-08 1.4992803e-06 0.00017158725 1.9049826e-06 0.84997374 2.5882915e-08 2.1928868e-08 0.20782873 4.795975e-07 6.36505e-08 3.1341758e-06 0.0043191775 2.4341986e-08 0.061970655 0.010096699 9.2442895e-07 0.00240524 0.05071699 1.3490461e-07 0.0063284053 0.050190043 0.092333585 1.5198749e-07 7.1199414e-05 4.0907327e-07 1.1140398e-06 1.18883745e-05 0.1018339 1.888293e-08 0.04956761 0.0031505115 1.754292e-07 0.00061883323 0.030354995 0.00018869448 2.4113032e-07 7.680173e-09 2.1633766e-06 0.009378058 9.886723e-08 0.00074328773 2.687207e-06 0.41494128 1.09326315e-07 0.027976891
0.99814504 0.0002566252 0.012472297 2.5725163e-05 3.169716e-05 5.49269e-05 2.574313e-05 0.0018651136 1.0056807e-06 0.56171477 5.562298e-05 0.014183806 2.5252217e-07 7.17105e-05 5.431691e-05 0.013888928 0.0075729107 0.9564567 0.012222956 0.017027233 6.9500015e-07 4.7278523e-14 0.51217544 0.048412256 0.003515965 0.8889491 0.00024631017 7.955195e-07 1.8821022e-07 2.503896e-05 0.45621273 2.7664925e-07 0.00010483448 0.012339416 0.18906632 0.7621533 0.702182 2.205288e-06 0.68791574 0.27426323 2.8958302e-05 0.0002804288 9.859667e-07 4.3717947e-08 0.053790666 0.060783584 0.47508043 0.00011592372 6.5502113e-06 0.2221792 1.9780813e-05 1.5536291e-06 1.7296418e-06 3.57707e-07 0.027591694 0.0036083364 1.12436055e-07 1.5758054e-05 2.4729848e-06 0.068343446 1.352368e-07 0.020372273 0.00042713195 2.1743697e-08 4.3390006e-07 0.0016577877 0.028181316 4.104995e-08 0.010414809 0.0005824854 2.6809966e-08 0.015634153 1.6921868e-08 0.0020869374 0.00010173162 0.28805086 0.0035208995 0.00035694538 3.5713267e-05 1.3971584e-07 0.0006494312 0.001185032 0.010952362 3.3830092e-05 0.01742164 0.18960609 0.036251575 5.1085033e-05 0.057587776 1.6276063e-05 7.9758723e-07 0.0006356383 0.0007576371 0.0015980236 7.129423e-06 9.933885e-06 0.031947244 0.009937529 0.04497791 3.1735697e-05 0.00045097325
0.9258154 0.0075119683 0.11712876 1.9420613e-05 6.237492e-05 1.1627708e-05 1.4969038e-05 0.014646189 1.4094003e-06 0.9071047 4.894913e-06 0.037585236 3.2775784e-08 4.7037306e-06 1.2386718e-06 0.007807201 0.5083885 0.7861933 0.8597726 0.0024120556 8.293674e-07 0.51217544 5.3484277e-17 0.96855825 0.06959106 0.9538436 7.849265e-06 2.567328e-07 4.1627874e-09 8.895421e-07 0.32243267 1.6525233e-07 2.3156217e-05 0.3833918 0.18897158 0.09869935 0.16021326 3.3511964e-07 0.54948586 0.68097395 9.385278e-06 0.00075946655 1.3633057e-06 5.8723327e-08 0.0010851144 0.0009508169 0.032969385 0.018994167 2.809844e-07 0.01467159 5.8947044e-06 2.9799978e-06 2.1389646e-07 8.745429e-08 0.0034016923 0.06264359 4.829399e-08 0.00038238798 1.8084955e-07 0.0021033275 9.298015e-06 0.005192693 0.00015775881 3.5715118e-08 3.8344588e-08 0.00069060683 0.12759438 5.6776837e-08 0.0017869172 0.0001017254 6.1135786e-08 0.025384532 1.3967907e-07 0.0002815527 0.00017777724 0.03067304 0.00046479193 6.9328904e-05 0.0010105614 2.0703904e-08 5.9953574e-05 0.000910644 0.0008905438 5.800972e-07 0.0006141073 0.022743966 0.0016451166 2.5306006e-05 0.0074237534 1.9124176e-05 3.30004e-09 0.0016438917 0.00017989306 0.00044145042 1.0758333e-07 2.0490888e-05 0.002409638 0.0023530175 0.008615229 3.0978666e-05 2.7556496e-05
0.90105754 0.234089 0.26836672 0.00028695582 0.0012835423 0.00024631555 0.00022620763 0.10323801 6.5758766e-05 0.5550826 8.918253e-05 0.1960335 1.7878187e-06 0.00031164594 0.000103017504 0.11665321 0.8514733 0.15361956 0.978637 0.0073171672 1.2638319e-05 0.048412256 0.96855825 1.3968058e-12 0.86526525 0.06784941 0.0002781762 5.1792035e-06 1.566379e-06 3.2145388e-05 0.12219119 1.5205172e-05 0.0003075168 0.91379446 0.33661526 0.0011263246 0.03325864 6.350715e-05 0.041852053 0.5267605 0.00050575077 0.019995013 9.076012e-06 1.0038937e-06 7.635931e-05 0.00012846194 0.0006391576 0.121723615 6.63806e-05 0.0014314143 0.000711075 7.781528e-06 3.2851032e-05 3.8464573e-06 0.0002726894 0.080583565 3.5425055e-06 0.0038404646 5.6576016e-07 0.00068839156 3.2809457e-05 0.00018919182 0.00022812774 7.14393e-07 1.4511402e-06 0.0001760998 0.005513331 4.1702415e-07 6.599121e-05 0.00020053139 9.622564e-07 0.037004177 3.5637616e-08 0.00022963996 0.0006206971 0.0053709378 0.00048359533 0.00019036622 0.006265331 4.5119297e-08 5.5274715e-05 0.00029883735 0.00013161759 3.824474e-06 0.00017855203 0.014284203 0.00052311487 1.4198199e-05 0.0012856133 4.59309e-06 4.143619e-08 0.00020376351 5.3982303e-06 8.4855776e-05 9.021279e-07 4.3084647e-06 0.00081172324 0.00065377617 0.04972 1.86341e-05 0.00010922664
0.44950667 0.2711827 0.31502315 0.005341398 0.007291804 0.006497307 0.0013495598 0.06652212 0.0005651061 0.25838336 0.0017386959 0.8012996 2.4889484e-06 0.011577087 0.0002815994 0.9895929 0.9658177 0.008825738 0.7200622 0.004305343 1.3621017e-05 0.003515965 0.06959106 0.86526525 5.6392987e-14 0.0040542507 0.0006606539 5.0898343e-05 2.3770683e-07 0.00024509197 0.02300771 1.0249489e-06 0.00013194335 0.94208676 0.028548202 5.897777e-05 0.0025430843 7.072893e-05 0.0014691085 0.011657255 4.5345925e-05 0.63417864 9.895587e-05 6.977742e-07 4.085261e-06 4.345732e-06 3.113146e-05 0.16628508 3.3453627e-05 2.999765e-05 0.0100948885 3.7617033e-06 0.00012727856 1.9799315e-06 4.705e-06 0.011482442 0.00011063734 0.28660485 5.1046067e-07 6.641894e-06 1.2783821e-05 1.24544185e-05 2.490525e-06 2.223537e-07 1.1434868e-05 6.21507e-07 0.00029731455 4.6272982e-07 2.379964e-06 1.3112954e-05 1.1320945e-07 0.005860876 3.0008152e-07 2.9010656e-05 1.43374355e-05 0.0002140243 0.00013890497 1.438562e-05 0.0015346212 4.5040544e-08 1.7881513e-06 5.5352157e-05 1.5308154e-07 3.396836e-07 4.5494153e-07 0.0010253318 9.97735e-06 1.5063631e-06 1.6848722e-05 4.4680723e-07 8.101246e-08 1.404502e-05 1.1698074e-08 4.8519176e-08 2.9556244e-07 1.5815415e-07 1.9555095e-05 4.605565e-06 0.0033945288 1.1181159e-07 2.6886333e-05
0.9444766 0.00067392964 0.050032787 2.0310108e-05 8.053667e-05 5.060291e-05 2.0686606e-05 0.013787863 1.1796443e-05 0.7912316 8.595139e-05 0.010758294 7.949495e-08 8.1568505e-05 3.1488154e-05 0.002856857 0.0219075 0.9479755 0.08237038 0.012171977 5.886679e-07 0.8889491 0.9538436 0.06784941 0.0040542507 7.0903664e-14 0.00013854682 1.2425039e-06 7.541289e-08 1.6111037e-05 0.45563963 2.4734143e-06 5.721688e-05 0.017003452 0.5316129 0.5688713 0.45018938 1.9998288e-06 0.94734865 0.38202494 9.824114e-05 0.0006086427 3.311862e-06 3.0943955e-08 0.011769323 0.010173051 0.5456363 0.0016452365 3.0347096e-06 0.049317904 2.8837962e-06 1.3121573e-05 2.1942742e-06 1.00766655e-07 0.039563317 0.009734703 4.2216787e-08 7.948363e-05 1.232941e-05 0.011625104 2.7500994e-07 0.05398401 0.0010242625 4.53009e-08 2.7594556e-08 0.0025606537 0.35029364 2.7898926e-07 0.011063714 0.00036994353 4.5092634e-08 0.09192148 2.401742e-07 0.00042934954 0.00019700475 0.16636828 0.0011604561 0.00020118362 0.0001453772 3.4444184e-08 0.0004426511 0.0038443564 0.0037562815 3.630405e-05 0.008275586 0.11102739 0.00731128 9.19428e-05 0.016563488 6.193211e-06 1.1856862e-07 0.00032229634 8.229133e-05 0.0008126407 1.9159444e-05 1.3908252e-05 0.007254806 0.0040587983 0.04649095 2.1681632e-05 0.00014984785
0.5407399 0.63583046 0.08017905 0.33578986 0.21126768 0.23235446 0.06930189 0.19658633 0.3710766 0.0027395673 0.45546198 0.00137092 0.012397231 0.951792 0.98261404 0.0020337729 0.0002100483 0.00023609746 6.0515373e-05 0.0007344625 0.023996873 0.00024631017 7.849265e-06 0.0002781762 0.0006606539 0.00013854682 5.206556e-13 0.04707744 0.00021530011 0.9289002 0.0054599005 0.0017353869 0.000370947 6.832335e-05 0.013760881 7.082119e-07 0.00028287363 0.96669286 3.7312424e-05 2.8210472e-06 0.00057030655 0.010849443 0.9099742 0.0002626979 6.933144e-08 6.7406523e-07 5.0818846e-07 0.00022207433 5.8662346e-05 7.4553495e-06 0.17445476 7.405277e-05 0.29284164 9.568451e-06 1.6711212e-07 3.583214e-06 3.8448343e-05 0.00022133283 0.032131355 3.3884365e-07 0.0011289427 2.3418762e-07 2.2455304e-06 4.4541262e-05 0.23504423 7.974035e-08 1.783501e-05 1.3968187e-05 6.9566426e-08 0.00015324743 3.9960207e-05 2.7867097e-07 4.1659387e-06 0.00011352001 8.0644924e-08 0.0015931723 0.00042781496 0.0001102878 1.2329262e-08 0.00012491955 6.420851e-07 1.9970255e-06 5.407517e-07 1.1522849e-05 9.0466425e-09 0.0024187588 0.00011696035 1.0791057e-06 2.2069678e-05 4.952731e-06 0.00124875 1.5595127e-05 2.2701824e-08 1.11180625e-05 1.9994113e-06 3.6147874e-06 4.7760153e-05 2.1516455e-05 0.0074364804 1.08301465e-05 2.4815148e-05
0.92801315 0.055158462 0.0020029736 0.19561964 0.38208073 0.017699629 0.58599615 0.20715603 0.49216762 2.918228e-05 0.004291204 5.2907358e-06 0.94982904 0.001737417 0.05447493 0.00016525936 1.4135198e-05 2.8852912e-07 1.2622576e-05 0.0030686616 0.80670655 7.955195e-07 2.567328e-07 5.1792035e-06 5.0898343e-05 1.2425039e-06 0.04707744 1.0730907e-12 0.20234065 0.94694537 0.00044997205 0.5629629 0.018555917 1.48513e-07 0.019590871 2.5657127e-07 1.3376258e-06 0.18897022 1.1821562e-06 1.1518476e-07 0.20032045 4.1654903e-06 0.045985848 0.89261043 2.4266612e-08 1.0667484e-06 1.5950473e-08 0.00012469258 0.02351479 1.321384e-06 0.0003496554 0.011444032 0.79074967 0.0041466025 3.214755e-08 4.9994746e-06 2.3135321e-08 3.6587858e-06 0.01203714 1.9670867e-06 0.9301413 1.4886524e-07 8.339536e-08 0.073395304 3.5271318e-05 4.252914e-07 3.36448e-05 0.04253777 8.382674e-08 0.0013152363 0.0013968807 3.4862435e-08 0.006808065 0.0010985711 4.283616e-08 0.00055433775 0.00083027635 0.0012560842 9.983608e-09 0.0017767283 2.5127265e-06 2.5454912e-07 7.0616475e-06 0.002707778 1.0293216e-08 0.007644413 0.00013743588 1.5031559e-06 1.3103615e-05 0.0010063994 0.011686452 5.0970277e-05 5.0481295e-09 2.4639146e-06 0.0007963796 4.2444276e-06 4.6506975e-05 1.8864391e-06 0.14724353 5.3958365e-06 0.00060024095
0.93489856 0.00010407481 0.00018259096 0.0066293334 0.048750527 0.00030928414 0.44094786 0.04999678 0.004623618 1.2825671e-05 7.241222e-05 1.5295838e-07 0.75919694 3.8051014e-06 0.00024946613 8.750001e-06 3.4446716e-06 1.2038241e-07 1.9364531e-06 0.06165582 0.9721986 1.8821022e-07 4.1627874e-09 1.566379e-06 2.3770683e-07 7.541289e-08 0.00021530011 0.20234065 2.4487098e-15 0.0076257656 0.000622406 0.9769225 0.7049706 4.672946e-08 0.032383192 8.38491e-09 3.438096e-07 0.000113724054 2.0671241e-07 3.069946e-08 0.6490797 5.1318875e-07 1.6108448e-06 0.5607948 1.5912239e-09 0.00019665933 2.483856e-09 4.0396844e-06 0.56681246 1.5087736e-05 4.989831e-07 0.11840782 0.0068151094 0.3955759 1.7490982e-09 1.4290878e-08 8.322292e-09 2.611725e-07 7.1334975e-06 1.5026018e-07 0.3793721 2.6888292e-10 1.2266557e-09 0.10910059 3.7746652e-08 5.8629737e-09 9.890344e-08 0.00045512946 3.264668e-09 0.048794843 0.112057984 2.1685021e-07 9.674259e-05 0.028912937 6.7428374e-09 0.0016815542 0.019735089 0.08579111 9.030919e-09 2.1130504e-06 9.710931e-08 3.7772168e-07 6.500403e-06 0.07632492 1.2447852e-09 0.016699256 0.0012798717 7.915377e-08 0.0002421333 0.026668554 1.6997158e-06 1.0822738e-06 1.8497606e-09 4.681607e-07 0.008144201 5.997078e-07 0.0005613791 1.1809336e-06 0.14308238 1.1055131e-07 0.008576552
0.8970538 0.6391887 0.036674317 0.59687 0.5447642 0.26683655 0.4479818 0.48424172 0.89801615 0.00043947407 0.1665895 4.369063e-05 0.37030438 0.2903085 0.95306325 0.00067764154 3.9275004e-05 1.5511634e-05 2.238277e-05 0.002293325 0.21722423 2.503896e-05 8.895421e-07 3.2145388e-05 0.00024509197 1.6111037e-05 0.9289002 0.94694537 0.0076257656 1.2929039e-12 0.0037092282 0.0324507 0.004481469 1.741154e-06 0.029877376 3.8447607e-07 2.8130778e-05 0.9615686 3.7583072e-06 2.3512506e-07 0.031020254 3.3788205e-05 0.7534569 0.028906068 1.349992e-07 4.6808505e-06 1.9000629e-07 0.000114818504 0.0007585469 1.5353817e-05 0.004234569 0.0012439066 0.9418009 0.00024777654 5.3150455e-08 1.077969e-06 8.035554e-07 1.3832893e-05 0.072747916 7.6323704e-07 0.08092893 1.0180676e-07 2.6915248e-07 0.00070123054 0.018518252 2.3137626e-07 2.6179578e-06 0.0015612473 1.248426e-08 0.0007367583 0.0004760191 2.501663e-08 3.5031764e-05 0.0007493919 9.629715e-09 0.010022584 0.0015551872 0.00064150954 1.1587633e-09 0.0006061111 1.0004034e-06 2.1271549e-06 5.0228105e-06 0.00049285457 4.0104666e-09 0.01493622 0.00040999873 1.0896881e-06 0.000101622034 7.161052e-05 0.0090147015 1.0695951e-05 5.999046e-09 5.5439978e-06 6.4483866e-05 1.1252546e-06 0.00017709662 1.0059719e-05 0.04711764 2.911266e-06 0.00019103623
0.9842887 0.1172275 0.619218 0.07561947 0.19518827 0.026292149 0.18201107 0.2747754 0.006194213 0.873503 0.008976559 0.26243216 0.0019227649 0.0013595951 0.0025500716 0.065350205 0.03763368 0.43983993 0.025235936 0.898788 0.0013074476 0.45621273 0.32243267 0.12219119 0.02300771 0.45563963 0.0054599005 0.00044997205 0.000622406 0.0037092282 1.7856815e-14 0.0005066743 0.12292711 0.016143005 0.7878214 0.29984292 0.34962922 9.417325e-05 0.15653138 0.03915497 0.0073020365 0.00021807247 1.7403223e-06 4.911825e-05 0.0041458625 0.91378146 0.058907468 3.9063874e-05 0.00053579285 0.75810695 0.0003627124 7.028085e-05 6.320082e-05 0.00016413601 0.00079909863 0.0002465518 4.736993e-08 3.1359846e-06 2.275736e-06 0.015947504 0.0001538641 0.0016074227 0.00061594637 5.3839476e-06 1.1188386e-06 0.00034397282 0.0009560142 1.2377264e-07 0.0002335343 0.008625657 2.4735025e-05 0.0014183049 4.637837e-08 0.03468899 1.8205646e-06 0.37070125 0.031912994 0.0027611898 7.5282793e-07 9.829862e-08 0.00049194053 0.0022756201 0.009231168 3.7194473e-05 0.0004379952 0.39266416 0.15214203 0.00010404186 0.1094655 0.00071087433 1.3549597e-06 0.00074222736 1.7266537e-06 0.00047967964 7.9241734e-05 1.07694e-05 0.06997019 0.0016000425 0.125195 1.1003603e-05 0.0038575775
