1.8373381e-16 0.02394106 0.018714614 0.015473022 0.015797805 0.5351008 0.72498435 0.30774406 0.9561384 0.392312 0.5724403 0.6844214 0.89370716 0.81211054 0.90561247 0.6010213 0.50664216 0.575195 0.43161762 0.68070364 0.25947034 0.91809785 0.8486943 0.9472294 0.8309445 0.49281543 0.9541269 0.8833546 0.25912198 0.96932703 0.8440706 0.9685395 0.81152993 0.9910687 0.13005897 0.9447486 0.9945172 0.96531296 0.9278649 0.72008806 0.9407737 0.00029011586 0.0039612427 0.28803384 0.9481115 0.79689837 0.5353117 0.7624466 0.9928438 0.9216812 0.97636086 0.86381274 0.91578645 0.94484085 0.6791591 0.95723087 0.9740615 1.7993038e-05 0.98690945 0.71039885 0.61471003 0.8178113 0.00044677893 0.0052910764 0.9064513 0.7708078 0.9289812 0.6945317 0.87022835 0.17227855 0.004926765 0.0013104997 0.5308964 0.77598184 0.9398947 0.93422645 0.93152213 0.9408418 0.9999797 0.6327838 0.00028874565 0.912467 0.94210094 0.5717555 0.9762131 0.7892274 0.99688464 0.3845475 0.93158907 0.9691099 0.9579023 0.9856537 0.78731495 0.90211743 0.99996275 0.99947625 0.58052033 3.3935332e-05 0.3102108 0.9965338 0.9999727
0.02394106 9.537227e-16 0.9997469 0.97271967 0.07866874 0.9298519 0.10341428 0.17527217 0.6967604 0.017982155 0.0027417275 0.0028597289 0.0052940645 0.040461984 0.24164896 0.008183487 0.0005596072 0.00032246788 0.0008020345 0.00022152669 0.3114834 0.0025739374 0.0001791302 1.5107693e-05 0.019449608 6.71566e-05 0.0008026314 0.00028098968 0.00020045185 2.3042983e-05 9.5239186e-05 0.009422465 2.5771109e-05 0.003280872 0.00059928995 6.814388e-05 0.005824596 0.005345816 1.5965777e-05 5.3768313e-06 1.7053379e-05 2.695861e-05 0.00014810123 1.1651596e-05 1.5706264e-05 6.761989e-07 2.5305098e-06 7.494387e-06 0.002250665 2.3774626e-05 0.00023147307 4.2034262e-05 5.8658996e-05 0.00010323958 3.5015997e-05 6.303315e-06 4.5256536e-05 7.12385e-06 2.7853228e-05 3.6037522e-06 3.814808e-07 1.23748805e-05 7.6507206e-07 5.361155e-07 1.0872865e-07 8.505504e-06 1.8794493e-05 5.9980707e-06 6.6927228e-06 3.028966e-07 3.192458e-08 1.7855083e-06 9.9128565e-06 1.3463149e-07 9.3468415e-08 6.6338666e-06 0.00012483809 6.019692e-06 0.0005600107 3.588217e-06 6.8327384e-09 5.7617053e-05 6.3905727e-06 1.1374189e-07 2.298195e-05 2.4294795e-06 0.00014514502 3.0010053e-06 1.8447346e-07 2.7856177e-05 2.144865e-06 5.568813e-06 3.55873e-07 1.6425703e-06 7.220531e-06 1.7756789e-05 3.5867234e-07 2.6319988e-10 1.0109378e-06 2.2684967e-06 9.892146e-06
0.018714614 0.9997469 8.466199e-15 0.98453027 0.64708817 0.7611416 0.087814935 0.030737238 0.47098106 0.0013047329 0.00032629116 0.001087587 0.0012517947 0.008043191 0.093617864 0.37707242 0.0001044681 0.00015515636 0.00013290187 8.721696e-05 0.59175 0.0032464562 4.946314e-05 8.4565145e-06 0.007880644 8.570656e-05 0.00023027156 0.0009021732 0.0008849118 1.5708827e-05 1.3228195e-05 0.0019350603 1.4373667e-06 0.0013764726 0.0036860162 2.8185168e-06 0.0015716432 0.0026957134 1.3405382e-05 7.964225e-06 2.0735974e-06 1.8137256e-05 0.0016138357 2.7513743e-05 9.3034924e-07 1.2251704e-06 0.00019210757 3.3851196e-05 0.0020414945 1.0237234e-05 3.3320568e-05 1.38578735e-05 1.6078773e-05 5.4338776e-05 7.662108e-06 1.4061003e-06 4.8595335e-05 1.3079332e-05 1.8419501e-05 2.831578e-06 7.165222e-06 5.1614546e-07 1.1202569e-05 3.069832e-06 6.1985347e-06 1.0957338e-05 6.0618277e-06 2.9395986e-07 1.9019783e-06 1.2965053e-07 6.2779e-07 1.7868028e-06 1.3516578e-05 7.3841056e-07 2.1608432e-07 1.0192456e-06 6.687246e-05 1.6410111e-06 0.0015011748 3.709658e-06 1.4478411e-07 5.2870787e-06 2.1941548e-06 2.3105126e-07 1.4385317e-05 1.5074424e-06 0.00025712326 4.7213632e-07 3.9906904e-08 2.0733989e-05 3.28049e-06 1.8158706e-06 6.752026e-07 9.224624e-07 2.4544432e-05 7.5071903e-06 3.331958e-07 1.0562123e-08 9.295762e-08 2.0720713e-06 1.5724865e-05
0.015473022 0.97271967 0.98453027 1.2629665e-15 0.98439705 0.8745197 0.44915894 0.0018685771 0.4199901 0.00047224035 0.00017956704 0.015318153 0.018364135 0.0011318366 0.017792938 0.072769776 5.686786e-05 0.0010083828 0.011168776 0.0013770984 0.0010640746 0.00035508396 0.00056621013 0.00050922617 0.027930167 0.002238309 4.0390238e-05 1.1653619e-05 1.6556342e-05 1.4844313e-06 2.6116961e-06 0.00095835736 1.7738432e-06 0.0004024876 4.8301154e-05 1.4185455e-06 0.00317467 0.00576885 2.8537756e-06 1.9099962e-06 1.7861794e-06 3.0269332e-05 7.381927e-06 0.00026494896 5.4891547e-07 2.8453417e-07 3.3064953e-05 0.00016153631 0.002814532 2.9253946e-05 4.917168e-05 8.317461e-05 5.216689e-06 1.5787236e-05 1.0273804e-05 1.1392139e-06 1.316901e-05 8.6979014e-08 7.2229896e-06 1.2905323e-05 8.935978e-05 4.5644168e-07 6.316165e-07 3.4403774e-06 2.7607416e-07 1.316238e-05 1.3175191e-05 2.0035026e-07 1.4927673e-06 1.7244865e-06 1.1995674e-06 2.0163664e-07 3.6581646e-06 1.3220533e-06 2.0162192e-06 7.265176e-07 8.43836e-05 2.0291648e-06 0.0010686383 2.8900322e-06 1.5406656e-08 4.9991027e-06 3.4664713e-06 2.0808429e-07 6.953552e-06 2.4382857e-06 9.0000976e-05 1.5982032e-07 1.1919457e-07 5.237097e-06 1.9413872e-07 2.651313e-07 3.9959616e-08 5.934167e-07 6.000022e-06 1.0586483e-05 4.171495e-07 2.1090465e-09 1.6086832e-06 5.5000544e-07 1.8793176e-06
0.015797805 0.07866874 0.64708817 0.98439705 6.320017e-14 0.719863 0.982967 6.5983313e-06 0.07547313 5.6598865e-06 1.996572e-06 0.060152337 0.019917974 3.789813e-05 0.0005659564 0.9500524 1.5402698e-07 0.0038462225 0.1962144 0.007387854 6.179268e-05 5.47287e-06 0.00956228 0.001131159 0.004071574 0.029955493 1.2787857e-05 9.6985666e-08 9.055975e-07 1.2214814e-06 1.0447003e-07 3.021001e-05 2.1413526e-07 2.6918815e-05 7.857676e-06 1.325283e-07 6.9848196e-05 0.0014662779 2.0081231e-06 8.478183e-07 9.020591e-07 4.353371e-05 8.323166e-07 0.0003482253 1.8893569e-07 4.545326e-07 0.00045556674 0.0008483818 0.0008290196 1.1685548e-05 2.8544437e-07 1.800732e-05 1.5593997e-07 1.1592575e-05 1.0204629e-05 9.063188e-07 1.6809241e-05 3.7602074e-08 3.203998e-07 4.324214e-06 0.00033641042 3.6275839e-07 7.631245e-08 2.392276e-05 1.5139856e-05 1.1416247e-05 9.85719e-06 1.6472152e-08 1.457917e-07 1.4394849e-06 1.0217385e-05 2.3114755e-07 8.844085e-07 3.2381848e-07 2.8406903e-06 1.673681e-07 7.783537e-05 6.6520047e-06 0.00048388643 9.35867e-06 1.7257696e-08 1.0958414e-07 6.0766965e-06 7.292878e-08 5.091468e-06 1.1418559e-06 0.00017777046 9.350586e-08 3.0817322e-08 7.8172724e-07 2.8373128e-07 2.8009335e-08 2.151806e-08 9.18322e-07 2.2711258e-05 3.2416003e-06 8.3327285e-07 7.5855624e-08 8.4120774e-07 8.67724e-06 2.2819017e-06
0.5351008 0.9298519 0.7611416 0.8745197 0.719863 4.2684674e-13 0.95592916 0.0062106657 0.9860935 0.0031565502 0.00029338198 0.5846252 0.7191817 0.0035780922 0.11000282 0.53752905 8.862338e-05 0.23291388 0.1240824 0.08534628 0.028099518 0.01143296 0.0333669 0.01250292 0.5253947 0.08446553 0.00016662208 0.000856582 0.0005955266 8.082209e-06 2.500312e-05 0.008399625 1.7362714e-05 0.006872955 0.00010178674 1.9190129e-05 0.049466476 0.2009721 4.4229614e-06 7.35657e-06 1.3393778e-05 0.00014241044 3.191522e-05 0.0007814366 5.6752915e-06 7.4400606e-07 7.8067234e-05 0.00028446596 0.14488426 3.420769e-05 0.0013125879 0.004439145 0.00020596969 0.0016503722 0.00042874258 6.048603e-06 0.0010794064 8.880011e-09 0.000601744 1.4170926e-05 0.0001503341 3.3797198e-05 4.235721e-08 1.7717088e-07 6.910255e-07 8.670394e-05 1.9597062e-05 4.634358e-06 4.2476795e-06 7.334287e-06 6.233528e-08 1.0699699e-08 0.00010679495 3.827311e-07 3.0294643e-06 1.3080218e-05 0.002527129 1.30654935e-05 0.036575135 4.891773e-06 1.1204194e-07 0.00034718658 4.976864e-06 2.5342783e-07 5.4897573e-05 4.8755833e-06 0.0055488436 1.6383487e-07 3.575138e-08 0.00030809685 1.2922492e-05 1.5411042e-05 4.830991e-07 9.0608034e-07 0.00033804437 0.00080346846 2.7660744e-06 4.748889e-08 5.0125605e-06 1.713878e-05 0.0005606951
0.72498435 0.10341428 0.087814935 0.44915894 0.982967 0.95592916 2.862751e-14 2.9291745e-05 0.26514173 0.00014837903 1.3853903e-06 0.7846279 0.3815243 0.001164948 0.0044916924 0.92164564 1.16926486e-07 0.32654855 0.9294592 0.40370694 0.0022878854 8.668675e-05 0.39896426 0.093434095 0.08397731 0.68025655 3.1801592e-05 8.471815e-07 4.170431e-06 8.6727846e-07 1.0827022e-06 0.00023738142 4.997432e-07 0.00093436247 1.9339413e-06 1.9555628e-06 0.0010153903 0.069728844 2.3611128e-07 4.070939e-07 1.2022328e-07 0.0009891968 1.340214e-06 0.16318838 5.2624677e-07 3.8841005e-08 3.41193e-05 0.0076910006 0.068284206 0.0008559397 2.538185e-05 0.0030581923 1.9472643e-06 0.009185459 0.00069715263 8.087186e-05 0.0124174645 1.1479862e-09 2.2812088e-05 8.709187e-05 0.0019951859 5.6742175e-07 8.657347e-09 0.00016229835 1.7840155e-06 6.246939e-05 6.773982e-05 2.1763479e-07 2.101158e-08 8.840496e-06 1.3e-06 3.3057557e-08 5.2700765e-05 2.2047506e-07 3.0367002e-05 4.7834635e-07 0.003351945 3.3655002e-07 0.13286991 2.1336625e-06 6.165639e-09 5.3300446e-06 1.8436822e-06 2.2796286e-08 4.0962957e-05 4.6971158e-07 0.0076311775 1.27763e-07 3.9930736e-08 9.114941e-06 6.936031e-07 5.3009853e-07 2.9833814e-08 6.116168e-08 0.00036918683 0.00021464365 3.1891e-07 1.9616161e-08 5.7639445e-06 1.5042249e-05 2.8139528e-05
0.30774406 0.17527217 0.030737238 0.0018685771 6.5983313e-06 0.0062106657 2.9291745e-05 2.5878691e-14 0.18445309 0.9889331 0.9703251 0.000127889 0.0006877223 0.9510153 0.9019853 1.9635872e-06 0.48561415 2.775422e-05 7.0971664e-06 2.9682684e-05 0.1853223 0.43929854 1.7579096e-05 1.4482141e-05 0.007454284 7.9259564e-07 0.091665044 0.055597953 0.0025234083 0.0057812636 0.005353747 0.6341703 0.0011828013 0.52705383 0.008977998 0.0016232305 0.180142 0.0047038984 0.00057447184 0.00015942781 0.0002524809 3.7661487e-09 0.00012287934 2.7387665e-07 0.00010740451 0.00011410254 0.00070041383 2.760213e-05 0.008470766 9.060147e-07 0.004326877 6.1616665e-05 0.0011068869 4.722318e-05 3.6313326e-05 7.7794397e-07 2.5751036e-05 9.882212e-09 0.0007101835 7.08168e-07 2.9065875e-05 1.8395733e-05 1.2714523e-06 1.8958717e-08 3.030223e-05 9.128598e-06 1.2621456e-05 3.0736783e-06 2.6439443e-06 8.5928434e-07 2.7523068e-08 1.1619554e-08 5.3262293e-06 1.2369659e-06 1.0390434e-06 3.6988056e-06 8.010099e-05 1.5091449e-05 0.005867911 3.691782e-06 4.1337893e-09 5.156412e-05 1.533325e-06 2.7480672e-07 7.735917e-05 6.5381286e-08 0.00033288187 8.409835e-08 1.0201665e-08 7.090405e-05 9.0414676e-07 4.2470274e-06 2.3082514e-08 1.6684476e-07 0.00023297682 4.6262834e-05 3.5475425e-06 4.222909e-09 5.685302e-08 7.364165e-06 0.00015557627
0.9561384 0.6967604 0.47098106 0.4199901 0.07547313 0.9860935 0.26514173 0.18445309 5.772167e-12 0.15725015 0.02102785 0.12152715 0.42973238 0.19273591 0.794176 0.05097409 0.0022014703 0.049310155 0.003763329 0.015072327 0.03701073 0.06747307 0.0024046265 0.0066247475 0.8829731 0.0026817336 0.0007595307 0.0018194001 0.00015444995 0.00043217817 0.00019891278 0.19082454 0.000109063214 0.40807924 0.0002085125 0.00031838843 0.8543465 0.79083043 4.3743457e-05 1.8802724e-05 3.360244e-05 1.1393525e-05 2.4692437e-05 0.0004851833 6.605399e-05 4.4204444e-06 2.1184913e-05 8.246101e-05 0.7652884 3.9835555e-05 0.009430425 0.015124805 0.0019974923 0.002125996 0.0011551926 7.5845324e-05 0.0010981583 9.668494e-09 0.008859467 4.666536e-05 5.2691616e-05 0.00014481747 1.7846068e-07 2.4174255e-07 1.0140097e-05 0.00040492753 0.00027726748 2.904551e-05 9.896063e-06 7.5544262e-06 2.7481946e-08 5.5463376e-09 0.0007007441 1.6492895e-07 3.1829837e-05 0.00013608704 0.0050029187 3.97855e-06 0.26785648 2.0786802e-06 5.924037e-08 0.0012208463 7.852656e-06 2.796259e-07 0.00042013425 2.0420025e-06 0.041640937 4.7496613e-07 4.370459e-09 0.0011333202 2.248259e-05 5.5013345e-05 6.008608e-07 1.1008797e-07 0.0020461637 0.003988091 0.00010111557 4.0325364e-08 1.5311454e-05 0.00013299583 0.001718219
0.392312 0.017982155 0.0013047329 0.00047224035 5.6598865e-06 0.0031565502 0.00014837903 0.9889331 0.15725015 6.6726558e-15 0.48855022 0.00015668824 0.0008134498 0.9537968 0.9720892 3.2607868e-06 0.06108036 0.000121636556 1.9508287e-05 7.033959e-05 0.028934909 0.25563467 2.7179922e-05 8.272863e-06 0.019766757 4.0940713e-06 0.04362628 0.035214394 0.0019907337 0.0024304946 0.003096631 0.8444781 0.002626354 0.71487015 0.00793481 0.005289094 0.48285133 0.009681047 0.00033934898 0.000114842056 0.0002551289 1.7414429e-08 4.7328096e-05 6.2647956e-07 0.00020875943 1.3577882e-05 0.0010024577 3.817658e-05 0.011619025 2.2062166e-07 0.015223941 0.00042461103 0.0057176547 3.243547e-05 0.00020603137 2.0181767e-07 8.301283e-06 2.3454781e-08 0.0015970255 1.552812e-07 9.999745e-06 0.000137698 3.8955906e-07 3.0537268e-09 2.780771e-05 4.581423e-06 1.7293063e-05 2.7213458e-05 1.1266479e-05 2.2372078e-07 5.0102802e-08 6.7012067e-09 6.9909045e-05 2.2690203e-06 1.8300909e-07 8.125206e-05 0.00031654554 8.399552e-06 0.007708954 5.018056e-06 3.7284957e-09 0.00037417046 3.4052446e-06 8.0144574e-08 6.800611e-05 3.8641585e-07 0.0016349034 2.656344e-07 1.8301292e-09 0.0006826532 3.906989e-06 2.593356e-05 7.5016224e-08 4.5422638e-08 0.00024212059 0.00031774325 5.6499157e-06 1.5121607e-08 3.6593683e-08 4.623441e-06 0.00031360926
0.5724403 0.0027417275 0.00032629116 0.00017956704 1.996572e-06 0.00029338198 1.3853903e-06 0.9703251 0.02102785 0.48855022 7.7052906e-17 2.6710375e-05 4.652161e-05 0.9071518 0.55508834 3.7346243e-07 0.9971361 7.2466487e-06 5.6918343e-06 8.2847055e-06 0.13809447 0.5748807 3.5470557e-06 3.1586865e-07 0.0015291901 4.0026836e-07 0.67608887 0.12895219 0.0065309694 0.030693803 0.04543385 0.7645166 0.020605337 0.6992409 0.023796195 0.027778553 0.10046636 0.0033307911 0.00068733544 0.00053163286 0.0011301319 1.985465e-09 0.0012404468 2.0521677e-06 0.00045000357 0.00011160775 0.001563943 2.5690315e-06 0.0069738287 4.7393605e-08 0.015400202 8.861721e-05 0.008960275 6.2452627e-06 5.9415656e-06 1.3844591e-08 2.5609836e-06 9.3322704e-08 0.008418045 5.799119e-07 1.3085421e-05 0.00014545376 6.7985755e-05 1.5031679e-09 0.00013297744 2.600036e-06 1.3419663e-06 5.1245956e-05 2.9992416e-05 1.5093549e-07 3.119867e-08 7.7490523e-07 2.0887253e-06 2.1809981e-05 4.7103717e-07 4.415007e-05 8.10731e-05 1.9241495e-05 0.008277603 1.2727632e-05 3.4458163e-09 0.00020943224 1.2912094e-05 6.569558e-07 7.751664e-06 8.2234834e-07 0.0006754282 3.300506e-07 1.2296566e-09 0.0003116849 6.3097987e-06 3.79238e-05 6.5453904e-08 1.680892e-07 0.00058705255 0.00014227374 2.7222438e-07 4.169669e-09 6.0781605e-07 3.7782397e-07 0.00023885499
0.6844214 0.0028597289 0.001087587 0.015318153 0.060152337 0.5846252 0.7846279 0.000127889 0.12152715 0.00015668824 2.6710375e-05 6.3645554e-11 0.9903753 3.913088e-05 0.0016347818 0.26667383 1.6104992e-06 0.98634714 0.8260598 0.817902 0.00031249417 2.691291e-05 0.1327949 0.1718086 0.1341169 0.07711498 6.331756e-05 4.4308334e-07 6.497173e-06 2.9398592e-07 8.181013e-06 0.00062891596 1.2468543e-06 0.0012015773 3.44445e-05 2.3394955e-06 0.011521811 0.18006825 4.809473e-07 9.438949e-07 1.6206449e-06 4.453757e-05 1.9947356e-06 0.011130583 3.532321e-06 8.7170724e-07 6.634778e-06 0.00066846574 0.21134868 0.00010863512 0.001146024 0.054111928 2.8723003e-05 0.013411059 0.0013996444 8.844904e-05 0.004912376 2.8649723e-08 0.00020581104 0.00020270931 0.0015638864 1.5947075e-05 2.3608584e-07 1.8400873e-05 2.1726516e-06 0.0003319445 0.00023331924 3.2811847e-06 4.4858467e-07 0.00013211068 6.52516e-06 4.1199354e-07 0.0002995087 6.3150296e-06 7.343382e-05 5.630213e-06 0.010417938 4.352281e-06 0.10370036 4.997799e-05 9.957179e-08 0.00013427755 3.5307578e-06 1.7761691e-06 0.00045185318 2.2672357e-06 0.041313663 1.1047802e-06 1.0106216e-06 9.5605465e-05 7.2533558e-06 1.1519008e-06 2.1003968e-06 1.5929123e-07 0.0006429492 0.0010218985 1.5628866e-05 2.1959079e-07 1.8301957e-05 3.218349e-05 0.0005258748
0.89370716 0.0052940645 0.0012517947 0.018364135 0.019917974 0.7191817 0.3815243 0.0006877223 0.42973238 0.0008134498 4.652161e-05 0.9903753 9.605257e-14 0.0001524133 0.029411953 0.048551366 8.132228e-07 0.8619449 0.106108226 0.49222896 6.163094e-05 1.0478264e-05 0.015154281 0.12773402 0.9646372 0.008411987 4.479827e-05 1.9364538e-07 5.081005e-06 2.1465827e-07 6.348864e-06 0.009034379 2.218806e-06 0.009166749 8.246727e-06 4.5530983e-06 0.26430905 0.78687304 4.6357744e-07 2.0404673e-07 2.7077456e-06 8.891406e-06 5.196264e-07 0.0011127217 7.6048377e-06 1.5021277e-07 2.3792592e-07 0.00011907965 0.8322039 7.319052e-05 0.0033691693 0.35550964 5.0620285e-05 0.0067720194 0.0039991834 0.00013806291 0.003810449 1.6652126e-07 0.00061013305 9.2800714e-05 0.0012284957 3.1616943e-05 2.820812e-07 6.676814e-07 1.2240306e-06 0.00032875183 0.00040929948 8.494062e-07 5.162459e-07 1.701345e-05 7.901361e-07 8.419449e-08 0.00036530627 4.84933e-07 5.410603e-05 2.1946686e-05 0.016474826 1.3483419e-06 0.51318043 1.044511e-05 8.792628e-08 0.0008935153 2.2384231e-06 1.4217953e-07 0.00021323627 2.5919228e-06 0.15929197 1.7979168e-06 1.2617582e-07 0.0002479801 1.7324392e-05 7.932744e-06 2.6901787e-06 1.1357923e-06 0.00076851016 0.004793643 5.447695e-05 3.0508698e-08 1.1978669e-05 7.077063e-05 0.00079792284
0.81211054 0.040461984 0.008043191 0.0011318366 3.789813e-05 0.0035780922 0.001164948 0.9510153 0.19273591 0.9537968 0.9071518 3.913088e-05 0.0001524133 3.540527e-13 0.86531514 0.00045377036 0.81113726 5.0384435e-05 5.4073374e-05 1.7686836e-05 0.3542881 0.8911109 1.845481e-05 1.3316544e-05 0.004402581 0.00014425686 0.2292152 0.5133042 0.14032434 0.047801293 0.02022024 0.89774626 0.014420084 0.9029255 0.06515585 0.016650159 0.3240244 0.011568705 0.004054142 0.0011808369 0.0010367129 6.8564395e-07 0.0065779663 5.73829e-05 0.00036290512 0.0019509478 0.030593516 7.658101e-05 0.0129513685 3.868198e-06 0.022139827 6.4762986e-05 0.006633624 5.789716e-06 6.992045e-05 3.590733e-06 2.772148e-06 6.085247e-07 0.0054712323 1.7206448e-05 1.371513e-05 0.00014560683 5.3470674e-05 6.448122e-07 0.0015239223 1.5780959e-05 6.0506572e-06 0.00010234175 3.4203807e-05 1.732431e-05 4.738466e-06 2.68399e-06 2.9021337e-05 4.9706337e-05 1.295254e-06 4.2573218e-05 7.365904e-05 7.11758e-05 0.030567652 7.590915e-05 2.1584809e-07 0.00024209174 9.461675e-06 4.5502744e-05 9.22916e-06 7.982504e-06 0.0008047921 5.7227553e-06 6.159933e-07 0.0001650897 1.523378e-05 1.6542926e-05 1.2632976e-06 1.6860946e-06 0.001735482 3.326161e-05 4.017283e-06 1.3180959e-07 8.4762104e-07 1.3973225e-05 0.00066267606
0.90561247 0.24164896 0.093617864 0.017792938 0.0005659564 0.11000282 0.0044916924 0.9019853 0.794176 0.9720892 0.55508834 0.0016347818 0.029411953 0.86531514 6.4685683e-15 0.0005546603 0.18851005 0.00069955725 0.00021022807 0.0002907981 0.07887338 0.41861627 8.3514875e-05 0.00021770466 0.31169543 6.922834e-05 0.010089298 0.04976229 0.004118029 0.007057666 0.00038638292 0.83094394 0.0003338987 0.91032946 0.0034678653 0.0017127872 0.9591526 0.19386263 0.0003086097 0.00015078696 2.837156e-05 7.928885e-08 0.00011282947 2.5720821e-05 8.2158025e-05 5.2982563e-05 0.00017915413 6.2027604e-05 0.24158701 4.889333e-06 0.048169218 0.005137502 0.0069651515 0.00010143448 0.00089181564 1.0536504e-05 7.0780414e-05 5.981322e-10 0.010015514 4.1183744e-06 1.47459905e-05 0.00011604207 5.3559653e-08 2.802567e-09 2.0967194e-05 5.7641562e-05 3.8614733e-05 9.584872e-06 3.8250137e-06 1.1103647e-06 2.0157943e-08 2.7319498e-09 0.00033613387 2.4153147e-07 2.5669497e-06 0.00016615665 0.0010882723 5.780395e-07 0.091401264 2.0963485e-06 1.611357e-09 0.002148915 2.4313963e-06 1.1185888e-08 6.3105545e-05 4.995526e-07 0.02952522 3.2198864e-07 2.7865965e-10 0.0014698878 2.9513894e-06 4.879521e-05 2.4955249e-08 1.4653682e-08 0.0039825416 0.002663535 5.9029403e-06 3.1192169e-09 2.421073e-07 2.2943914e-05 0.0016101025
0.6010213 0.008183487 0.37707242 0.072769776 0.9500524 0.53752905 0.92164564 1.9635872e-06 0.05097409 3.2607868e-06 3.7346243e-07 0.26667383 0.048551366 0.00045377036 0.0005546603 3.2066357e-11 1.2717756e-07 0.019592272 0.5999318 0.09504314 0.00011041651 9.79827e-05 0.4177155 0.0626154 0.0043738955 0.99852204 9.5199415e-05 3.453093e-07 9.42988e-07 6.833811e-06 1.502895e-06 3.922455e-05 3.3417086e-07 0.00012926306 2.2402352e-05 1.6269491e-06 2.3936176e-05 0.024791986 3.516976e-06 9.613942e-07 2.5212742e-06 0.6874293 1.7050288e-05 0.15668164 3.0530064e-06 1.7969124e-06 0.00017489241 0.03262087 0.016983088 0.0010003175 1.6090984e-05 0.00029084162 5.7497027e-06 0.006823984 0.00011139858 0.00012866964 0.0024373133 1.9298244e-07 7.3959495e-06 0.00047733542 0.0036047166 5.5337973e-06 3.711864e-07 0.5818442 1.0263858e-06 0.00018397268 0.00013023106 1.2433371e-06 6.094546e-07 0.0014000508 0.0013006089 1.2708645e-06 3.5887526e-05 1.2910985e-07 0.00035185477 9.1871624e-07 0.003963869 6.8859113e-06 0.039275564 6.594849e-05 1.075341e-07 1.5537322e-05 2.027333e-06 2.631695e-08 0.00018101149 7.4812e-07 0.0041102213 9.66995e-07 6.267158e-08 4.3825967e-05 7.2613176e-07 2.8502807e-06 1.9859444e-07 1.6142289e-07 0.011072648 0.00014369913 3.4247591e-06 7.930451e-06 7.877356e-06 0.00010748351 7.063369e-05
0.50664216 0.0005596072 0.0001044681 5.686786e-05 1.5402698e-07 8.862338e-05 1.16926486e-07 0.48561415 0.0022014703 0.06108036 0.9971361 1.6104992e-06 8.132228e-07 0.81113726 0.18851005 1.2717756e-07 2.393527e-16 4.4092005e-07 6.276924e-07 9.298936e-08 0.1167553 0.87022144 2.3739918e-07 8.630687e-09 0.00023609902 2.4974403e-07 0.95234853 0.43713692 0.03157921 0.3948146 0.5686723 0.7814935 0.22473699 0.52951103 0.061455697 0.18684004 0.04940684 0.00067895174 0.028415611 0.015470617 0.29805103 3.3628417e-10 0.00043642873 1.2453943e-05 0.03329966 0.0024619089 0.020094918 1.8299226e-06 0.001752432 1.2541162e-07 0.03492254 7.2248295e-06 0.029642664 6.60538e-07 6.103338e-06 8.903912e-08 5.9785765e-07 5.6806607e-07 0.019846098 1.4337532e-07 1.6436234e-06 0.00092142407 9.208908e-05 1.2766153e-09 0.00089009036 4.4962243e-07 2.7909255e-07 0.0014160092 0.0013674689 1.0048816e-07 1.3062122e-08 4.4129317e-07 1.7012468e-06 0.0025901885 4.9325653e-08 0.0010716442 8.80305e-06 0.00040678194 0.0034112663 0.0006725774 7.327386e-08 0.00055649615 0.00022726457 3.869146e-06 3.2659733e-07 8.9229245e-05 0.000380905 2.7948303e-05 2.6238976e-07 0.001465745 0.0006207024 0.00035723278 3.7796617e-06 1.2075053e-06 0.004371917 3.925355e-05 1.1399198e-07 3.5686074e-10 4.0102623e-08 3.5247206e-07 0.005389391
0.575195 0.00032246788 0.00015515636 0.0010083828 0.0038462225 0.23291388 0.32654855 2.775422e-05 0.049310155 0.000121636556 7.2466487e-06 0.98634714 0.8619449 5.0384435e-05 0.00069955725 0.019592272 4.4092005e-07 4.7338168e-14 0.52259445 0.99373055 2.6086043e-06 7.787164e-06 0.101832405 0.26918998 0.276243 0.007770262 6.1215345e-05 6.9675417e-07 1.4874867e-06 3.842631e-07 4.4476856e-06 0.00026425224 1.3738737e-06 0.00038434175 5.2926125e-06 6.860466e-06 0.016253985 0.17851277 1.5357558e-06 2.4374452e-07 1.1076698e-06 1.1311707e-05 6.7516885e-06 0.0016098337 2.7815734e-06 1.2882562e-07 2.972238e-06 0.00075515703 0.20480955 0.00040969445 0.00088230835 0.25383905 0.00011696814 0.02964313 0.012016106 0.00077500904 0.007619299 9.4309364e-08 0.00017665014 6.5157175e-05 0.00033124906 7.095488e-06 2.6200522e-07 4.96722e-06 6.47059e-08 0.0004886502 0.00094617024 1.9239734e-07 3.4231672e-07 3.8192673e-05 3.4799325e-06 9.3144564e-07 0.00069174916 1.032803e-05 7.601361e-05 3.61108e-06 0.014582718 1.8306381e-06 0.05003277 1.6232249e-06 5.4650616e-08 0.00013560406 1.263894e-06 3.233659e-06 0.001087197 5.417361e-07 0.033181086 2.4094203e-07 2.518424e-08 0.00021114368 9.1429615e-07 2.8927345e-06 7.960222e-08 7.396245e-08 0.00012517917 0.0036825128 7.9922735e-05 2.4781704e-07 0.00015392486 0.00027809502 0.00019788237
0.43161762 0.0008020345 0.00013290187 0.011168776 0.1962144 0.1240824 0.9294592 7.0971664e-06 0.003763329 1.9508287e-05 5.6918343e-06 0.8260598 0.106108226 5.4073374e-05 0.00021022807 0.5999318 6.276924e-07 0.52259445 1.1625976e-13 0.9557255 1.133645e-05 9.828176e-06 0.98792726 0.9091616 0.0116030015 0.5668707 1.34496995e-05 3.6606616e-07 3.779002e-06 3.45017e-07 5.156825e-07 9.432344e-05 5.413472e-07 0.00016207393 3.3138651e-06 1.1037839e-06 0.00063534157 0.0079034045 1.7147288e-06 1.1214814e-06 3.909188e-06 7.845205e-05 8.688157e-07 0.040579874 1.0262087e-06 5.2397443e-08 7.991286e-06 0.011040742 0.0133054 0.0036030516 5.8170433e-05 0.006954551 4.7724616e-06 0.017325228 0.0018127053 0.0033977954 0.0065375157 1.5176392e-08 3.367478e-05 0.00095475506 0.0013024632 2.2097088e-06 4.865302e-07 0.0001895577 2.9764019e-08 0.001625541 0.00097443024 5.6696322e-08 3.8906824e-09 0.00012176144 9.859705e-05 3.1241665e-08 0.00041168393 1.1137616e-06 8.7954846e-05 1.4478674e-07 0.0025702054 9.0570376e-07 0.01411566 6.535311e-06 4.2898196e-09 2.2228896e-06 1.0703945e-06 1.5301381e-07 0.001096918 7.0125814e-08 0.008280015 3.5902328e-08 2.657282e-07 6.4265278e-06 3.7967837e-07 9.211959e-08 8.601485e-09 6.32556e-08 4.8493577e-05 0.0011156364 1.750016e-05 6.106027e-08 8.730259e-05 0.00018815558 4.3354103e-05
0.68070364 0.00022152669 8.721696e-05 0.0013770984 0.007387854 0.08534628 0.40370694 2.9682684e-05 0.015072327 7.033959e-05 8.2847055e-06 0.817902 0.49222896 1.7686836e-05 0.0002907981 0.09504314 9.298936e-08 0.99373055 0.9557255 2.7827717e-14 5.036212e-06 1.7194302e-06 0.31151947 0.9045815 0.08115097 0.033535235 6.6338357e-06 2.7848526e-07 1.408606e-06 1.1201714e-07 9.212869e-07 0.00010100021 2.3234168e-07 0.00028165663 4.7289045e-06 2.5550762e-07 0.007111066 0.09344212 5.096075e-07 5.3265232e-08 1.2718033e-07 3.4592937e-05 1.2099548e-06 0.0040185857 2.5541453e-07 3.4629092e-08 5.589838e-07 0.004031149 0.119471796 0.0033387446 0.0008476176 0.21804374 2.10316e-05 0.07371334 0.029451298 0.0043277517 0.016747909 5.1004116e-09 6.3440435e-05 0.00021605745 0.0012561429 1.0425997e-06 1.0962679e-07 3.326069e-05 3.264072e-08 0.0019818947 0.0018231518 5.6425762e-08 1.817343e-08 0.00013795604 2.0180458e-05 1.6834956e-07 0.0021870823 7.6367166e-07 0.0003757761 1.798288e-07 0.023957698 1.3206615e-07 0.030692229 2.0728837e-06 1.6679902e-08 2.9036286e-05 3.4653954e-07 6.338165e-07 0.0045907153 3.4788574e-08 0.031226337 2.2345986e-08 5.20502e-08 6.218616e-05 3.0609579e-07 1.9250673e-07 8.029356e-09 1.1411275e-08 0.00022796614 0.0048084985 0.00022728927 8.200631e-07 0.0003253568 0.0007806888 0.00013155423
0.25947034 0.3114834 0.59175 0.0010640746 6.179268e-05 0.028099518 0.0022878854 0.1853223 0.03701073 0.028934909 0.13809447 0.00031249417 6.163094e-05 0.3542881 0.07887338 0.00011041651 0.1167553 2.6086043e-06 1.133645e-05 5.036212e-06 6.854669e-16 0.9972201 7.265156e-05 5.165384e-07 0.00013861516 1.3100467e-05 0.07453904 0.98353827 0.9413236 0.0526275 0.0018885833 0.029144237 0.00010995457 0.054107778 0.3379706 0.00015102456 0.00012814405 0.00033965462 0.0042498456 0.02790309 0.00053000427 3.8848432e-07 0.54846233 7.4176626e-08 4.918594e-05 0.0058461297 0.2583802 2.102492e-05 0.00015167943 2.964846e-06 4.1709045e-06 1.9483955e-06 7.2559496e-06 1.8636252e-05 9.667756e-07 1.5898254e-07 1.5489504e-05 5.3148706e-05 1.3624136e-05 3.0471394e-06 0.00018348925 2.4117745e-07 0.00017957819 1.2452226e-06 0.0008747211 1.2526383e-06 4.3055832e-07 1.9305285e-06 3.1864083e-06 1.10319824e-07 4.08118e-06 2.7802353e-05 2.6204415e-07 6.9350554e-06 1.5435775e-06 1.17176526e-07 0.00017501255 4.4622768e-05 0.0005816103 8.886154e-05 1.1680829e-06 5.9427897e-08 6.257839e-07 2.7302035e-06 1.8644847e-06 4.002852e-07 0.00013022509 6.657844e-08 9.313989e-08 1.153155e-06 1.0461321e-05 1.0198791e-07 4.1070155e-08 9.503232e-07 0.00027389845 7.655909e-07 8.204915e-06 8.413173e-08 1.4259837e-08 2.533405e-06 3.6986028e-05
0.91809785 0.0025739374 0.0032464562 0.00035508396 5.47287e-06 0.01143296 8.668675e-05 0.43929854 0.06747307 0.25563467 0.5748807 2.691291e-05 1.0478264e-05 0.8911109 0.41861627 9.79827e-05 0.87022144 7.787164e-06 9.828176e-06 1.7194302e-06 0.9972201 2.0963478e-14 2.2649527e-05 6.8991267e-07 0.00046139024 2.2674174e-06 0.7770597 0.9252645 0.31993973 0.7022717 0.1601031 0.65938574 0.026831325 0.72610265 0.29320657 0.024270425 0.024543807 0.004012174 0.0573586 0.026488854 0.016540805 4.112771e-07 0.075246304 3.470836e-07 0.0026088024 0.008612058 0.1223606 3.538452e-05 0.008079701 1.5109329e-06 0.01128071 1.2293009e-06 0.01176856 2.168584e-06 9.931341e-07 7.6534455e-08 1.5565529e-05 4.2808984e-05 0.021120714 1.7135224e-06 7.242653e-05 6.959307e-05 0.00070923154 5.8189705e-08 0.008177648 1.1227249e-06 1.2913989e-07 6.7632216e-05 0.0006858056 4.243934e-06 2.1518822e-06 6.356647e-05 2.4028003e-07 0.00026074878 3.6136776e-06 5.970441e-05 0.00042451138 0.0010336273 0.025502913 0.0003485795 2.935748e-06 9.878831e-05 0.00010438126 3.809878e-05 1.02791724e-07 4.4605156e-05 0.0036865347 1.9005241e-06 6.3942275e-07 0.00017954358 0.00011493804 1.1030204e-05 9.677071e-07 1.625178e-06 0.026847461 1.5308244e-05 2.3135973e-07 7.77566e-08 2.3961437e-07 1.1225627e-07 0.002243755
0.8486943 0.0001791302 4.946314e-05 0.00056621013 0.00956228 0.0333669 0.39896426 1.7579096e-05 0.0024046265 2.7179922e-05 3.5470557e-06 0.1327949 0.015154281 1.845481e-05 8.3514875e-05 0.4177155 2.3739918e-07 0.101832405 0.98792726 0.31151947 7.265156e-05 2.2649527e-05 1.3052788e-11 0.9964102 0.009898574 0.53950286 7.789445e-06 6.309838e-07 3.8785893e-06 5.916407e-07 7.83033e-07 0.0002851719 4.0566846e-07 0.000384829 5.2455343e-06 3.604326e-06 0.0007205371 0.06538796 1.8312537e-07 6.418311e-07 2.011773e-06 0.00041064736 2.7808599e-06 0.33005473 7.5545277e-06 2.5745362e-07 2.8510442e-06 0.060487673 0.10818374 0.042110004 2.5067775e-05 0.020581616 6.9973707e-06 0.2692339 0.0042855307 0.012235342 0.17753404 1.9434276e-08 0.00013419957 0.0045523606 0.0115698185 1.258502e-06 2.9332293e-06 0.0015538388 1.0675909e-06 0.005320703 0.0041183983 3.21636e-07 3.197205e-08 0.002721964 0.00048209945 2.0222342e-07 0.0023869663 1.1757857e-06 0.003387421 9.342186e-07 0.07032053 1.0547357e-06 0.12429331 6.782789e-06 3.599167e-08 4.3607856e-06 4.7426275e-07 1.9375217e-07 0.004526753 1.4319329e-07 0.10241181 3.5125296e-07 3.080576e-07 1.3823345e-05 4.6259478e-07 2.1145732e-07 4.6353694e-08 1.9062718e-07 0.00049198867 0.0033474888 0.0009810309 8.228414e-06 0.0072487886 0.0050276658 7.927499e-05
0.9472294 1.5107693e-05 8.4565145e-06 0.00050922617 0.001131159 0.01250292 0.093434095 1.4482141e-05 0.0066247475 8.272863e-06 3.1586865e-07 0.1718086 0.12773402 1.3316544e-05 0.00021770466 0.0626154 8.630687e-09 0.26918998 0.9091616 0.9045815 5.165384e-07 6.8991267e-07 0.9964102 1.4255761e-15 0.39819312 0.22640656 1.6952253e-06 2.8161471e-08 2.0736162e-07 3.6028208e-08 7.7769656e-08 0.00023305551 3.6544563e-09 0.00020808105 3.0459788e-07 2.6509767e-07 0.008239975 0.38945597 2.7562681e-08 3.4721137e-09 4.3240277e-08 2.2657367e-05 2.0195178e-06 0.08249821 3.0709668e-07 1.9271078e-09 3.6137084e-08 0.05606419 0.41628027 0.047219794 0.0006971351 0.8230852 6.889057e-06 0.73484695 0.1825131 0.093475424 0.3361014 2.1477671e-08 3.033962e-05 0.004337687 0.011360265 2.2874665e-06 2.8025138e-07 0.00022413989 3.1276304e-08 0.021053882 0.12927091 9.985303e-09 3.3208831e-09 0.0011486759 0.0007521068 1.6458029e-07 0.028665047 3.1516785e-07 0.0022576745 2.0140332e-07 0.43552917 4.6869783e-08 0.34752953 1.4311998e-07 1.5206382e-08 6.364296e-05 6.99124e-08 7.20167e-09 0.13101159 8.637439e-09 0.63780266 3.5664677e-08 3.2462326e-09 6.160209e-05 2.3723665e-07 6.8829013e-07 4.6205353e-10 7.578613e-10 0.00037379347 0.13869727 0.00093894097 3.5796056e-05 0.002370568 0.009928208 2.750771e-05
0.8309445 0.019449608 0.007880644 0.027930167 0.004071574 0.5253947 0.08397731 0.007454284 0.8829731 0.019766757 0.0015291901 0.1341169 0.9646372 0.004402581 0.31169543 0.0043738955 0.00023609902 0.276243 0.0116030015 0.08115097 0.00013861516 0.00046139024 0.009898574 0.39819312 1.9402663e-10 0.0017706981 0.00014742019 3.1975636e-05 3.4262735e-05 2.9642766e-05 3.7769107e-05 0.049746223 9.696186e-05 0.03104458 3.7239195e-05 0.00012508764 0.79127353 0.9855169 6.4453825e-06 2.6695516e-06 8.676405e-06 5.285652e-06 2.0894008e-06 0.00093869027 3.0777162e-05 5.5223023e-07 1.5754922e-06 0.00014767487 0.8421113 0.00065030257 0.009219757 0.21536723 0.0005800464 0.0017816176 0.015058521 0.0006360989 0.0009080371 1.320339e-07 0.00094528275 0.0001706987 0.00016632026 3.818408e-05 1.996378e-06 8.5017365e-07 1.1448475e-05 0.0005467192 0.00019865535 6.5989734e-06 1.9999682e-06 3.529915e-05 9.726012e-06 2.799664e-07 0.0012273948 1.7495486e-07 0.00011831014 3.867023e-05 0.0045962436 2.412712e-06 0.25540483 8.994079e-06 2.7504035e-07 0.0016772996 7.419057e-06 3.751734e-07 0.00097495544 1.0316059e-05 0.08155796 2.5634856e-06 1.5000705e-07 0.00037733896 7.0224874e-06 6.648691e-05 5.5741743e-06 1.5487755e-06 0.00033404262 0.012168901 0.00010264112 8.331301e-08 5.5051027e-05 0.00044009165 0.00054945686
0.49281543 6.71566e-05 8.570656e-05 0.002238309 0.029955493 0.08446553 0.68025655 7.9259564e-07 0.0026817336 4.0940713e-06 4.0026836e-07 0.07711498 0.008411987 0.00014425686 6.922834e-05 0.99852204 2.4974403e-07 0.007770262 0.5668707 0.033535235 1.3100467e-05 2.2674174e-06 0.53950286 0.22640656 0.0017706981 3.9916548e-13 1.7262842e-05 3.4027124e-08 7.8008804e-07 1.1764677e-06 1.4792068e-06 1.1260023e-05 2.6646413e-07 2.3759985e-05 1.2965048e-06 2.637029e-06 2.7253092e-05 0.0087274965 8.120631e-06 7.6450607e-07 4.5771017e-07 0.4922329 6.0227244e-06 0.9698269 2.2604115e-06 6.9775325e-08 6.204233e-07 0.44118044 0.0067293704 0.04085814 2.64847e-05 0.0015447264 4.927171e-05 0.050169107 0.0010872949 0.0087896865 0.019897494 2.1560417e-08 2.4267641e-05 0.0057484065 0.021015067 1.6620214e-06 4.7770236e-08 0.014934254 1.26150965e-08 0.0034759345 0.0016912151 2.8013342e-06 5.9925503e-07 0.002925763 0.005200836 1.0063764e-06 0.00042491994 8.397954e-07 0.0013087487 6.562901e-07 0.01193401 3.702453e-07 0.005577948 3.867053e-05 1.533004e-07 2.0250422e-05 1.958786e-06 5.593549e-09 0.0017018334 2.3850248e-07 0.0054626814 7.3864294e-07 1.138832e-07 5.317872e-05 3.454951e-07 1.9122342e-06 6.433316e-08 2.1287102e-07 0.00019977322 0.0012090979 0.0005512639 0.00014759167 0.00024250074 0.003038876 1.783229e-05
0.9541269 0.0008026314 0.00023027156 4.0390238e-05 1.2787857e-05 0.00016662208 3.1801592e-05 0.091665044 0.0007595307 0.04362628 0.67608887 6.331756e-05 4.479827e-05 0.2292152 0.010089298 9.5199415e-05 0.95234853 6.1215345e-05 1.34496995e-05 6.6338357e-06 0.07453904 0.7770597 7.789445e-06 1.6952253e-06 0.00014742019 1.7262842e-05 4.555699e-14 0.63633 0.108331956 0.8901554 0.97020644 0.76753885 0.6754142 0.64327896 0.10843913 0.49169558 0.020946419 0.001423748 0.31141123 0.25232887 0.5414093 7.531499e-08 0.0013592491 1.2065873e-05 0.1337279 0.06961346 0.15671588 3.420169e-05 0.0022086229 4.9790265e-07 0.23302051 4.6863508e-05 0.41728204 4.9743403e-06 4.967928e-05 8.465015e-07 9.645764e-07 1.371877e-06 0.42237025 1.1681686e-06 9.628719e-06 0.0061497437 0.00010947985 2.856425e-06 0.07219706 7.112344e-06 9.476611e-06 0.002872614 0.010286058 5.053951e-06 6.8382207e-07 5.868602e-05 1.1388917e-05 0.0023538948 2.914187e-07 0.006177712 7.7556986e-05 0.0009207925 0.013832313 0.0005638564 1.2200856e-06 0.0050583496 0.0011878996 0.0010996392 8.288681e-06 0.0005191641 0.0017042406 0.00013738504 2.0572399e-05 0.008291833 0.0024414458 0.0013799499 0.00030680848 5.020385e-05 0.19949101 0.00017842777 5.788833e-06 2.2052687e-08 5.7194677e-07 1.4953898e-05 0.027957834
0.8833546 0.00028098968 0.0009021732 1.1653619e-05 9.6985666e-08 0.000856582 8.471815e-07 0.055597953 0.0018194001 0.035214394 0.12895219 4.4308334e-07 1.9364538e-07 0.5133042 0.04976229 3.453093e-07 0.43713692 6.9675417e-07 3.6606616e-07 2.7848526e-07 0.98353827 0.9252645 6.309838e-07 2.8161471e-08 3.1975636e-05 3.4027124e-08 0.63633 1.909277e-15 0.9853143 0.8061231 0.43910444 0.13949114 0.033931628 0.24546371 0.873474 0.018371167 0.0019018688 0.00043799725 0.35706756 0.59851485 0.17408212 8.718045e-09 0.23241898 4.785067e-08 0.018046504 0.39522567 0.4080074 1.5089131e-07 0.00072087796 5.8247117e-08 0.00632712 4.0241864e-07 0.0067976587 4.668432e-07 2.1869221e-08 3.089442e-08 6.870689e-07 3.182362e-05 0.014162896 6.030267e-07 7.106516e-07 0.00023082874 0.00030642867 1.277091e-08 0.014147487 6.8142604e-08 7.354451e-08 0.0007907668 0.0073242923 3.6075999e-06 1.0359562e-06 3.6664722e-05 1.2925918e-07 0.013001246 1.1013061e-07 0.0003533862 5.2277876e-05 0.010592098 0.008402285 0.066129975 8.461605e-06 0.00014491985 0.00068932836 0.00026831942 4.8720597e-08 0.00048066853 0.0006636006 2.0171012e-05 7.2606913e-06 0.0007388597 0.00045304626 8.9591886e-05 2.4549945e-06 1.9786776e-05 0.035579983 6.8415834e-06 1.8513889e-08 1.5125503e-08 1.726819e-09 1.3261415e-07 0.0024182997
0.25912198 0.00020045185 0.0008849118 1.6556342e-05 9.055975e-07 0.0005955266 4.170431e-06 0.0025234083 0.00015444995 0.0019907337 0.0065309694 6.497173e-06 5.081005e-06 0.14032434 0.004118029 9.42988e-07 0.03157921 1.4874867e-06 3.779002e-06 1.408606e-06 0.9413236 0.31993973 3.8785893e-06 2.0736162e-07 3.4262735e-05 7.8008804e-07 0.108331956 0.9853143 1.4169997e-14 0.14048995 0.0042888857 0.010389368 8.883053e-05 0.014945062 0.9942749 6.284165e-05 6.31922e-05 2.4263894e-05 0.038803555 0.07371797 0.0027923419 2.7652635e-07 0.235521 8.388688e-08 0.00020290082 0.04924332 0.4309492 7.4203484e-07 0.0001062247 2.0581476e-06 9.227726e-06 4.6417819e-07 2.690052e-05 3.477698e-07 6.1841334e-08 2.975935e-07 9.81852e-07 1.9035362e-05 2.2330767e-05 4.695712e-06 1.4799836e-05 3.2589712e-06 0.00015011261 7.861527e-08 0.0056810514 2.1826145e-07 2.4903434e-07 6.3504353e-07 8.421534e-05 6.6696193e-06 8.024148e-06 1.0498259e-05 1.5646626e-07 0.00023271347 9.320459e-06 3.241996e-06 1.1824454e-05 8.907696e-05 0.0008691195 0.0016966956 3.550609e-06 2.203333e-06 3.325238e-05 2.7906633e-06 2.475766e-07 1.4087264e-05 0.00027425055 9.634584e-07 1.4134147e-07 2.9249231e-05 1.877103e-05 9.834139e-06 2.9380936e-07 1.5387244e-06 0.0019571814 4.303775e-06 2.1996746e-05 1.9797135e-07 2.5502107e-08 2.4654798e-06 0.0003905525
0.96932703 2.3042983e-05 1.5708827e-05 1.4844313e-06 1.2214814e-06 8.082209e-06 8.6727846e-07 0.0057812636 0.00043217817 0.0024304946 0.030693803 2.9398592e-07 2.1465827e-07 0.047801293 0.007057666 6.833811e-06 0.3948146 3.842631e-07 3.45017e-07 1.1201714e-07 0.0526275 0.7022717 5.916407e-07 3.6028208e-08 2.9642766e-05 1.1764677e-06 0.8901554 0.8061231 0.14048995 1.0923447e-13 0.76110184 0.26294088 0.41832468 0.09989819 0.43469793 0.36145648 0.001421849 0.00027548574 0.9766934 0.7137994 0.9138156 1.08708946e-07 0.025191613 1.9511152e-05 0.4261602 0.15828711 0.4470419 2.435728e-07 0.0004078768 4.732387e-08 0.05220051 1.814941e-06 0.13545652 5.656142e-08 3.6754238e-07 2.72815e-08 1.5034949e-07 9.034482e-06 0.31416658 1.524545e-07 8.109814e-07 0.0065894932 0.0004493629 2.9838495e-07 0.26529634 1.8707834e-07 1.3613044e-07 0.044319116 0.32749426 6.787727e-06 1.9454535e-07 0.0002377582 6.016722e-07 0.011927377 1.05238804e-07 0.017199026 1.9303676e-05 0.1036897 0.0014486714 0.013438151 2.434742e-06 0.0018192353 0.03278464 0.0011573272 5.689628e-07 0.019450396 0.00055040873 0.00096397137 0.00027615938 0.0044656275 0.012792133 0.00097347214 0.0023280592 0.00078245153 0.3404034 6.332836e-05 1.5316632e-06 1.7354676e-08 1.7077416e-07 5.7657667e-07 0.020772666
