1.7801308e-15 0.848436 0.86252695 0.930686 0.98371977 0.9428183 0.8948165 0.9299052 0.9676259 0.5414958 0.9955709 0.7709591 0.39997214 0.030159838 0.9491004 0.70747054 0.76487 0.87246567 0.9699044 0.93079674 0.074693814 0.9607028 0.9918286 0.9751819 0.076973185 0.81466526 0.8466124 0.29248673 0.12206107 0.9891159 0.9708159 0.4581165 0.13001548 0.38070178 0.98543894 0.967703 0.99681264 0.79873484 0.0045179334 0.8627252 0.8516928 0.9884354 0.87973714 0.9698719 0.00073840393 0.9933992 0.98722696 0.09263914 0.31836453 0.8567001 0.7227349 0.79668105 0.92017823 0.05445848 0.9999877 0.96032083 0.9918876 0.32774675 0.6282294 0.28931758 0.0264113 0.99436736 0.6672051 0.639022 0.6918947 0.0008962612 0.9956379 0.99888974 0.14858454 0.9662307 0.630473 0.82074755 0.20626335 0.4164211 0.42337197 0.3006251 0.9804587 0.7960709 0.41180703 0.9801315 0.995354 0.017003931 0.8159622 0.25551498 0.8297106 0.96651757 0.00060891756 0.9926287 0.9426481 0.95763993 0.93953526 0.123684295 0.18299134 0.00012115783 0.002154221 0.4610101 0.013257459 0.8965586 0.038510166 0.14414398 0.069170356
0.848436 3.311034e-14 0.99349797 0.96232176 0.83208364 0.60026276 0.9407785 0.790445 0.020051062 0.40805873 0.24086252 0.0302109 0.49435115 0.084638156 0.032696396 0.004360566 0.0022831939 0.0021063518 0.33154017 0.001984924 0.051537257 0.03382017 4.477999e-05 0.113319084 0.05333267 0.0046907016 0.00053615036 2.8765959e-05 0.00010252149 0.07413549 0.0015597107 0.0010499996 0.0009574357 5.6055033e-08 0.15637814 0.010899772 0.02342339 0.013620708 0.00017252828 0.0006190634 1.5142607e-06 0.00016474134 0.0002686997 0.04275644 0.0008330948 0.0010252609 0.013233665 0.015924204 0.00011454094 9.70428e-05 2.3398973e-06 2.553124e-06 8.425265e-06 1.4222347e-05 0.01766991 1.956893e-06 0.00013151308 1.0543102e-06 4.5253433e-05 2.2044026e-06 7.913698e-05 6.422965e-05 2.7119684e-06 1.9028781e-06 3.9487522e-06 5.725356e-07 3.088993e-05 7.503655e-06 9.729343e-06 0.000109788074 6.88755e-07 4.5126296e-07 1.25424785e-05 6.163286e-06 1.6016141e-06 2.5783559e-06 1.3528081e-07 3.0166495e-06 1.3718379e-06 4.058395e-07 9.009883e-08 1.2248836e-07 2.1373119e-06 9.3094066e-08 5.3226814e-09 3.764583e-07 3.3955695e-07 1.6923467e-06 2.0539611e-08 1.5359462e-06 4.2471482e-10 2.554165e-07 2.7321585e-07 9.935726e-11 5.81598e-10 1.2581407e-08 5.2836278e-09 5.7825336e-09 6.876366e-07 3.0371055e-07 1.1576423e-07
0.86252695 0.99349797 3.0254675e-14 0.9745096 0.81432253 0.9206921 0.6698729 0.64368784 0.0019634871 0.016039927 0.05891122 0.0022852381 0.42362902 0.06677725 0.008480999 0.04056644 0.026366655 0.00027250402 0.7445389 0.025835548 0.02707972 0.1899592 2.4589486e-05 0.38515013 0.0094090765 0.0009237019 4.1678762e-05 0.00016552277 0.00022726174 0.05696053 0.008359137 0.0006865166 0.00022063106 9.613879e-07 0.18088147 0.05359018 0.07599092 0.039340667 8.988423e-05 0.00018666535 1.7335977e-05 5.550804e-05 2.1697579e-05 0.05588323 0.00037709775 0.0008988437 0.019172903 0.010752592 2.6859427e-05 7.007312e-05 1.4131976e-07 2.5741667e-06 2.2340491e-06 2.3515287e-05 0.027319822 3.908925e-07 0.0016848273 2.0378538e-07 7.4023146e-06 7.766131e-06 1.6830254e-05 9.940903e-05 0.00034920237 4.2675265e-06 1.4343049e-06 2.0238751e-06 0.00048753724 1.2892235e-05 1.6191456e-05 0.00047197385 3.9681083e-07 8.6107605e-07 8.956386e-07 3.482889e-07 4.71258e-06 8.144702e-05 0.000117459655 9.493867e-05 4.425468e-06 8.3729554e-07 2.3859485e-07 4.9884633e-08 9.478016e-07 7.6086855e-07 1.01050546e-07 3.765958e-07 9.198384e-07 3.6924423e-05 3.8549197e-07 1.1832137e-05 1.4248329e-09 1.6645839e-07 5.7975844e-06 1.4765759e-09 1.922394e-09 1.0033738e-08 2.0953859e-09 2.1231975e-07 1.5723537e-06 2.597244e-07 4.5654637e-08
0.930686 0.96232176 0.9745096 7.602547e-17 0.9898362 0.5139076 0.33660334 0.15261902 0.006794839 0.045798287 0.1019049 0.0057743927 0.1337956 0.0010215457 0.036003705 0.0052174283 0.0010468158 0.00027307248 0.8178703 0.002658623 0.0047448175 0.12243254 3.126046e-05 0.6588484 0.0051353252 0.0025268905 0.0002853373 3.3639408e-05 3.123614e-05 0.16637485 0.0027875884 0.00043294957 0.00020991614 2.712589e-08 0.48021203 0.05997504 0.086261824 0.24271734 7.055128e-05 0.00023391364 3.195053e-06 0.00016329026 3.6709647e-05 0.2076007 0.00017755272 0.0024734025 0.07970222 0.0033090587 0.0005717372 0.00019096921 7.863458e-07 2.5063557e-06 3.184634e-06 1.9503337e-05 0.07794744 4.991635e-07 0.00044196987 1.1798613e-07 4.2366387e-06 3.7686814e-07 4.4844863e-05 0.00041129734 0.00011577424 2.172986e-07 5.81572e-06 7.8655766e-08 0.00044165616 8.957352e-05 1.412107e-06 0.0004694499 6.0820975e-07 1.1450538e-05 2.0642315e-06 1.7268085e-06 3.477383e-07 4.3390748e-05 1.2064377e-05 2.4695992e-05 1.9334975e-07 9.0836886e-07 4.6713335e-06 1.5826528e-08 6.238533e-07 3.8441467e-08 3.005949e-08 6.348936e-08 4.0705565e-08 8.054674e-05 2.0669143e-08 4.162391e-05 2.653139e-09 1.3984675e-07 8.806253e-07 2.2516672e-10 1.7517617e-10 1.4862343e-08 1.8602395e-10 2.3537195e-08 5.570372e-07 1.160814e-09 1.1413388e-08
0.98371977 0.83208364 0.81432253 0.9898362 4.3471468e-13 0.57188624 0.85598755 0.741452 0.0023327763 0.014176113 0.1391134 0.0009861286 0.39248815 0.004669953 0.0046443576 0.0036020018 0.0033605823 0.00044258736 0.9394196 0.004527174 0.054652087 0.15362695 7.366511e-06 0.7996306 0.010885656 0.006051278 1.866585e-05 1.37110355e-05 2.9207727e-05 0.12557358 0.003659348 0.0006048223 0.0010248997 6.997444e-08 0.51616496 0.035910543 0.096388645 0.20126589 0.00017759694 0.00012565832 5.1462202e-06 2.1252945e-05 1.8994126e-05 0.21379872 0.00029868752 0.00076977955 0.03979158 0.019416172 0.00017670692 0.00017982822 6.39512e-08 3.1025606e-06 6.4568536e-07 4.1919455e-05 0.07826412 1.5881056e-07 0.0006863286 3.8840022e-07 1.1581144e-06 7.5264456e-06 8.4325446e-05 0.00019369701 0.00014397719 1.8002828e-06 1.2322492e-06 5.362147e-07 0.00027292356 5.3066306e-05 1.1753568e-05 0.00049675966 2.306554e-07 3.155888e-06 1.1346924e-06 2.3157484e-06 5.3442534e-07 6.178171e-05 7.166101e-05 3.1635373e-05 7.458916e-07 2.0899865e-06 3.6852077e-06 9.286051e-08 8.971993e-06 2.7118378e-07 1.2232832e-07 1.5036025e-07 6.0450507e-06 0.0002382812 2.303636e-06 0.00012242128 2.9964436e-10 4.2826196e-06 2.6655845e-05 8.6881855e-08 6.0811285e-09 5.752549e-08 3.9112276e-08 1.6893927e-06 6.3024913e-06 5.350847e-09 2.5112053e-08
0.9428183 0.60026276 0.9206921 0.5139076 0.57188624 2.1732045e-12 0.044101574 0.9644079 6.897581e-05 8.754471e-05 0.006419934 2.0079655e-05 0.15924317 0.57492065 0.00015036335 0.92068845 0.9615633 2.8523662e-06 0.88790613 0.7318595 0.002879953 0.84455466 2.3757254e-06 0.4858882 0.0010972507 5.141286e-06 1.6656423e-06 0.005012568 0.057331577 0.005588074 0.16407685 3.3695578e-06 4.689241e-06 0.00048176627 0.041708253 0.2105563 0.4690886 0.013243318 1.0206177e-05 3.924703e-07 0.002721977 1.9028818e-06 8.1683794e-07 0.0315212 3.2259326e-05 3.6575177e-05 0.0038681338 0.0008794856 3.611326e-07 5.95413e-06 2.4852316e-08 2.7928635e-07 7.71575e-07 2.1551116e-07 0.03654031 1.097136e-07 0.00909602 8.27222e-09 5.3264955e-07 2.7248424e-08 4.0178056e-05 2.9872735e-06 0.00074276124 1.364371e-06 1.3502604e-06 3.7393605e-07 0.0015932309 3.095897e-07 7.502714e-05 0.0023499215 4.599694e-07 1.4235931e-07 4.368357e-06 1.1935717e-06 1.3372961e-05 0.0005873297 0.00029910452 0.0003076899 6.372579e-05 2.3484202e-07 9.575695e-07 1.3989618e-06 2.1269175e-06 1.3518982e-06 2.9263365e-06 2.6033233e-06 1.977358e-06 6.2833264e-05 6.3988664e-06 7.1321365e-06 1.7238484e-08 3.0689378e-07 6.473689e-06 1.9816335e-08 1.3944077e-08 2.0331937e-08 1.2005926e-08 8.54952e-07 3.3654746e-07 2.0692327e-07 1.5263947e-08
0.8948165 0.9407785 0.6698729 0.33660334 0.85598755 0.044101574 2.5732535e-12 0.5365217 0.54578394 0.85496366 0.89292276 0.06850593 0.9511415 0.02714506 0.03729698 0.000587001 0.0015443191 0.022799013 0.16698927 0.00024504872 0.8528195 0.0026991349 0.004294878 0.030031601 0.93753093 0.07044399 0.00034216486 2.5137738e-06 1.3104902e-05 0.11385695 0.00042080475 0.024704011 0.2039167 2.6873823e-07 0.2129605 0.0012320301 0.0120610595 0.007531917 0.005455377 0.00053893006 2.5681167e-05 0.00030537258 0.00014502354 0.023652278 0.012726996 0.0030124667 0.00312267 0.07198754 0.0112754665 0.0010865439 4.4759625e-07 1.6476435e-05 1.464523e-06 0.00013733866 0.030221712 1.8302366e-06 0.00025743755 4.3923774e-06 1.7885804e-05 0.00023529814 0.006257147 5.6851753e-05 8.4416e-06 0.00033520808 8.184259e-06 9.727621e-05 8.1934704e-05 3.8978622e-05 0.0061357813 0.00012793792 8.5886074e-07 2.8395434e-05 1.480561e-05 1.4467095e-05 6.867965e-05 5.0658605e-06 1.0092343e-05 1.7081113e-05 0.00013721861 3.374373e-07 5.772336e-07 3.1850411e-06 2.5581801e-05 3.1506192e-06 4.5102118e-07 3.5860137e-06 2.3535187e-05 1.9677807e-06 3.998294e-08 2.3720377e-06 5.2019836e-08 1.2128372e-06 3.662488e-07 5.0200182e-08 3.8187684e-07 1.0366771e-07 1.5124406e-06 8.557894e-08 3.462313e-07 1.8062254e-07 2.6701981e-08
0.9299052 0.790445 0.64368784 0.15261902 0.741452 0.9644079 0.5365217 8.782788e-12 0.0005266735 0.003410526 0.016581474 0.00021889215 0.54790217 0.9998843 0.0005673149 0.119905785 0.39944834 6.697847e-05 0.6553762 0.089454986 0.0022267674 0.20329446 2.9305298e-05 0.10873446 0.0006042239 2.6358639e-05 8.106803e-06 0.00023620666 0.0008919199 0.002508764 0.08073544 6.6584653e-06 3.8709306e-05 0.00013191969 0.0099533545 0.04181815 0.3094022 0.0022173456 1.3260479e-05 8.911864e-06 0.0027544894 1.3868899e-05 8.79122e-06 0.006367823 4.7171867e-05 0.00020062015 0.00029502923 0.004102786 7.653377e-07 7.0449314e-06 5.8428823e-06 8.108144e-07 1.389249e-05 6.225401e-06 0.024588635 2.5145673e-06 0.006482314 1.366659e-06 0.00010081755 3.2153696e-07 3.003515e-05 6.70264e-05 0.00019859416 8.243763e-06 5.755095e-06 5.8615933e-07 0.0016959353 4.8893828e-05 2.859572e-05 0.0019934957 2.2250083e-06 1.1123227e-05 1.28029515e-05 1.1872342e-05 3.7228026e-06 6.449579e-05 0.00023038973 0.0001457634 2.539644e-06 1.3478361e-05 1.5039454e-05 3.166912e-07 3.0230069e-05 1.6117907e-05 9.031627e-07 6.3012058e-06 1.49705e-06 0.00012766453 1.6096133e-06 4.0900713e-06 5.708327e-08 2.9806504e-05 3.8684433e-05 4.808615e-07 2.27118e-07 1.3013408e-06 1.1018792e-06 6.6975176e-08 8.0610325e-06 7.432342e-06 1.8390365e-07
0.9676259 0.020051062 0.0019634871 0.006794839 0.0023327763 6.897581e-05 0.54578394 0.0005266735 7.2685564e-13 0.96815085 0.9645972 0.8741975 0.0015418497 2.2532358e-06 0.8281596 7.4551585e-06 2.0181508e-06 0.9334538 0.004542711 9.520074e-06 0.004584238 3.157762e-05 0.039852746 0.008348824 0.3526945 0.8904532 0.05614729 8.0441646e-07 3.3276158e-06 0.7951547 1.156872e-05 0.516707 0.28488502 2.5124985e-08 0.53621346 0.00018983758 0.0004445398 0.013195909 0.0015442469 0.13169432 1.8616639e-07 0.0134160165 0.030289114 0.018015558 0.00037154322 0.046221957 0.035935022 0.0010032797 0.4177298 0.5381829 1.6301383e-05 0.0063531953 2.3939761e-05 0.030681752 0.0173323 3.5799745e-05 2.5610483e-05 0.00074389414 0.00022910252 0.031153373 0.07101975 0.0007989866 6.627018e-06 0.018749803 1.5639256e-05 0.0005305922 2.1839181e-05 0.00020960225 0.016071852 1.988044e-05 8.120898e-07 1.2455737e-05 9.2640885e-06 4.7181925e-06 0.0001887771 2.484517e-07 1.2030443e-06 3.9546327e-07 6.314401e-05 7.113592e-06 9.924547e-08 2.3214754e-06 2.5136576e-05 9.339744e-09 8.141843e-09 4.344215e-08 3.4879118e-05 1.0669752e-06 6.603638e-08 7.5115663e-06 5.0866383e-08 1.7605653e-05 9.869667e-07 1.1310574e-09 9.435444e-10 2.0780627e-07 1.0726652e-06 6.5236286e-08 2.0371047e-06 1.3325823e-08 1.7235164e-08
0.5414958 0.40805873 0.016039927 0.045798287 0.014176113 8.754471e-05 0.85496366 0.003410526 0.96815085 2.6604114e-16 0.879942 0.9822157 0.008197294 4.7650963e-05 0.79045445 2.6772477e-05 3.3084273e-06 0.84427226 0.002918747 3.5729587e-05 0.011968854 0.00031754965 0.053013768 0.0027905875 0.83558345 0.8319677 0.15013106 3.100509e-07 1.5367344e-06 0.13014045 6.8831537e-06 0.40985417 0.52706385 1.4506351e-08 0.060622342 0.00025552287 0.00037083225 0.0025210679 0.0036668729 0.03197223 7.7880394e-08 0.0025062447 0.008672992 0.004408278 0.0026753359 0.0057243034 0.005377367 0.008241047 0.073285386 0.017470114 1.1524536e-06 0.0001910754 2.057859e-06 0.006821511 0.0024493798 8.574335e-07 7.61008e-05 4.5596968e-05 0.00019650129 0.0010918139 0.018369123 3.3550692e-05 1.6062528e-05 0.0001703237 1.2646717e-06 0.0001360071 9.383921e-05 5.154341e-07 0.005705655 1.8434228e-05 1.3430493e-08 1.9846152e-07 8.55111e-07 1.4712214e-06 6.496275e-06 9.674877e-07 9.204926e-06 3.3720814e-06 5.863005e-06 3.0539614e-08 9.078084e-09 1.7888838e-07 7.84127e-07 7.153631e-09 1.4383245e-09 2.5330547e-08 4.0021555e-06 1.5340527e-07 1.2604322e-08 1.2947692e-07 1.9091728e-10 1.5327869e-08 6.3032545e-08 3.6547522e-11 7.724569e-09 2.8093788e-10 5.3631208e-08 6.244127e-09 3.5648034e-07 5.8568483e-09 5.2999387e-09
0.9955709 0.24086252 0.05891122 0.1019049 0.1391134 0.006419934 0.89292276 0.016581474 0.9645972 0.879942 1.4976175e-11 0.7806046 0.038628798 1.5688209e-05 0.37473497 8.355495e-05 6.407902e-05 0.8427924 0.006568306 0.00016828449 0.015794354 0.00047750887 0.042360052 0.014319893 0.21510686 0.77581227 0.107364655 4.0490977e-05 1.9270952e-05 0.73633903 0.00017271808 0.21791847 0.105735056 3.109419e-07 0.75543576 0.00059749297 0.0023339738 0.06824843 0.0015089479 0.11694792 4.5155853e-06 0.0010894586 0.061773382 0.09397687 0.00044900947 0.029660769 0.12340701 0.003583758 0.16525432 0.29412636 0.00031684 0.014975557 9.464595e-05 0.0073478525 0.06743445 0.00038511373 9.563065e-05 0.001296689 0.0005559989 0.0096498495 0.014236054 0.0022496525 4.454343e-05 0.009695993 0.00021889822 0.00013934361 0.00013507153 0.0009935908 0.0039981096 0.00013728668 5.081972e-05 5.6877725e-05 4.5474288e-05 5.222904e-05 0.0002829068 7.306829e-06 2.2706081e-05 6.273461e-06 0.00019596776 5.1809646e-05 3.0527113e-05 3.7845812e-06 0.00023433407 7.8837665e-08 1.3356059e-07 1.206677e-05 6.706796e-05 5.2181596e-05 2.1782282e-06 0.0001611358 4.623388e-06 1.3100105e-05 7.843832e-06 8.8219075e-08 2.4033492e-08 3.7811074e-06 1.7092503e-05 1.9494644e-06 1.0073399e-05 1.2466913e-06 2.8405861e-07
0.7709591 0.0302109 0.0022852381 0.0057743927 0.0009861286 2.0079655e-05 0.06850593 0.00021889215 0.8741975 0.9822157 0.7806046 2.2181169e-13 2.4677065e-05 8.3964085e-07 0.95358014 5.808143e-06 6.840145e-07 0.9851212 0.0013208902 9.930447e-06 6.940756e-05 5.860856e-05 0.24868298 0.002273165 0.049683686 0.43947643 0.8807071 3.5987082e-07 7.004605e-07 0.40117165 1.5521726e-05 0.20639126 0.0846779 1.1458822e-08 0.123750865 0.00011143524 0.0002679397 0.0023135631 2.7708971e-05 0.57283545 8.6409536e-08 0.020846544 0.20575757 0.00408397 1.3035798e-05 0.024952115 0.011624499 5.797543e-05 0.084260575 0.056204475 0.0021338877 0.005075233 7.59744e-05 0.0067059165 0.0057854448 0.00019960944 4.6645648e-05 0.0039852792 0.014936206 0.004860716 0.007963195 0.0006423026 5.3969793e-06 0.0014123261 2.286133e-05 0.00012207747 2.536658e-05 0.0001730513 0.003356649 7.3082924e-06 5.6694137e-07 1.4994326e-05 1.5724429e-05 9.035672e-06 0.00024953086 4.3246464e-06 1.5260703e-06 5.8681458e-06 0.00032351306 1.3944275e-06 9.309265e-08 1.0462882e-06 5.424992e-07 2.9891928e-07 2.6009209e-08 2.0017926e-06 7.87064e-05 1.2669386e-06 5.4435482e-08 1.6419754e-06 1.0108312e-07 1.5753051e-07 4.4777514e-07 4.6337316e-09 1.0011869e-08 8.149954e-09 1.7304692e-05 6.8410837e-09 2.4872588e-06 4.1026522e-07 2.2477948e-08
0.39997214 0.49435115 0.42362902 0.1337956 0.39248815 0.15924317 0.9511415 0.54790217 0.0015418497 0.008197294 0.038628798 2.4677065e-05 9.384117e-13 0.9719628 6.3594176e-05 0.0057175243 0.007955735 1.8408668e-05 0.044546813 0.0042646076 0.99848783 0.004226097 1.8598806e-05 0.009702578 0.00031899172 4.2028496e-05 1.0520935e-06 7.945642e-05 0.000116463816 7.99389e-05 0.00073792774 2.9198995e-06 8.216602e-05 1.2376274e-05 0.00027212102 0.00044872612 0.0035338455 7.513332e-05 3.1245112e-05 1.0198636e-05 0.00090874144 5.553205e-06 2.8491647e-07 0.00026693556 0.00057389605 2.1354325e-07 1.829789e-05 0.54324526 7.234779e-06 9.614089e-07 4.000407e-08 7.3918315e-08 1.7910824e-07 1.9687221e-07 0.0014478557 2.0967063e-08 9.814777e-05 6.866196e-09 1.473602e-09 7.316562e-08 2.884095e-05 1.9402914e-07 3.6063942e-05 1.9921528e-07 1.4875071e-07 3.7639944e-07 0.00011836024 2.8090403e-07 1.5698792e-05 0.00021263436 9.2057235e-08 1.6061333e-07 3.3717857e-08 9.190689e-08 6.831585e-07 3.0121475e-06 3.3026427e-06 7.6198535e-07 4.2553725e-07 6.090049e-07 1.5864467e-07 2.0872048e-07 5.36384e-07 2.4850658e-06 5.061949e-06 1.8174853e-06 1.5058648e-06 1.354104e-05 2.352557e-08 6.7259793e-07 8.3128725e-08 5.294266e-07 3.7413156e-07 2.1819348e-08 1.1896607e-07 6.7569994e-07 6.952823e-08 5.8149845e-09 7.2924395e-06 6.448318e-07 1.4411448e-07
0.030159838 0.084638156 0.06677725 0.0010215457 0.004669953 0.57492065 0.02714506 0.9998843 2.2532358e-06 4.7650963e-05 1.5688209e-05 8.3964085e-07 0.9719628 2.436652e-15 1.9676183e-07 0.06871844 0.9565206 6.4150925e-07 0.01038151 0.008116656 0.010619316 0.004505494 1.0670866e-07 0.0011580841 0.00020782898 2.8039204e-07 7.0259574e-08 0.0026912733 0.041364696 9.141937e-06 0.007778421 1.3804577e-06 5.929853e-06 0.00016712242 6.02452e-05 0.0012565262 0.002674448 3.6429024e-06 1.8854527e-05 4.346905e-06 0.00048687577 8.8654065e-07 5.5698723e-07 2.1242327e-05 1.6739572e-05 7.2474506e-08 4.060298e-08 0.009858944 3.0722482e-08 2.910951e-07 6.2724655e-07 8.7501974e-07 1.0403157e-07 5.753567e-09 0.00019596289 1.6426002e-08 0.00023067488 4.1165853e-07 2.4057217e-05 8.12438e-08 2.82732e-06 7.621107e-08 7.935222e-05 3.2346213e-06 1.1367916e-06 7.831203e-07 0.00018842763 3.0561054e-08 0.00021284353 0.00020302292 3.6949764e-08 2.3210943e-08 1.1922429e-08 7.2472324e-07 8.3981824e-08 9.034048e-05 2.7287433e-06 0.0002644774 6.707528e-08 1.6369018e-08 2.732507e-09 1.3286366e-07 5.1935496e-07 9.4221315e-07 1.3672978e-06 1.302801e-08 1.2572789e-05 5.013199e-07 5.1036624e-09 5.609161e-08 4.1250856e-09 6.006961e-08 2.0566956e-06 4.0924473e-08 7.3330625e-08 2.450371e-09 3.4173336e-08 4.1008395e-08 3.95901e-07 3.733132e-07 2.8278702e-08
0.9491004 0.032696396 0.008480999 0.036003705 0.0046443576 0.00015036335 0.03729698 0.0005673149 0.8281596 0.79045445 0.37473497 0.95358014 6.3594176e-05 1.9676183e-07 6.5962e-15 3.988155e-05 1.4800444e-05 0.738862 0.004026369 2.4048224e-05 3.7940514e-05 0.00012119621 0.61424744 0.013242718 0.03135277 0.33711404 0.95728505 5.3611934e-06 1.9525157e-06 0.9767263 1.2165923e-05 0.13077784 0.023255588 3.9850164e-08 0.73108584 0.00040764562 0.0011760095 0.05798631 9.700404e-05 0.4810307 2.3967757e-06 0.103977054 0.38770354 0.06412923 8.697476e-05 0.23081303 0.32396317 2.1958494e-05 0.10540827 0.31658414 0.0552252 0.14523694 0.0018413777 0.04589447 0.038615152 0.009441782 0.00018425431 0.023052465 0.017073257 0.061879985 0.017308615 0.01422789 1.9052815e-05 0.0057481052 0.0004172227 0.00035644107 0.00020743097 0.001874114 0.015841562 8.393879e-05 1.9385623e-05 0.00017635104 9.024446e-05 0.00014765121 0.0026003907 4.7787375e-06 1.0460073e-05 1.4317344e-06 0.0007182956 1.299128e-05 6.481955e-06 2.895613e-06 5.415714e-05 2.4776305e-08 7.085885e-08 4.6676196e-06 0.0001269297 1.6105876e-05 2.1530738e-07 3.5634504e-05 2.319278e-06 2.8189256e-06 5.0738697e-07 4.9462803e-09 1.8674475e-08 3.8400742e-07 0.00028760405 8.7844484e-08 1.3279e-06 1.6709204e-07 1.4560065e-07
0.70747054 0.004360566 0.04056644 0.0052174283 0.0036020018 0.92068845 0.000587001 0.119905785 7.4551585e-06 2.6772477e-05 8.355495e-05 5.808143e-06 0.0057175243 0.06871844 3.988155e-05 3.7922562e-13 0.96304035 6.633085e-07 0.29855394 0.99569124 0.0001524476 0.5611039 2.9852302e-07 0.05489653 1.2031188e-06 9.583944e-07 3.1936033e-06 0.8244553 0.7530912 0.0002975863 0.6395136 7.716766e-07 6.090017e-06 0.09303926 0.0027004299 0.31941506 0.36848375 0.0026316794 1.334471e-06 3.3580222e-06 0.011070272 1.53286e-06 5.790997e-06 0.0037095288 1.0951869e-06 6.928584e-06 0.00037578522 0.00022322666 4.4948116e-08 5.616476e-07 4.3302077e-07 1.20472e-07 5.49166e-06 1.1925938e-07 0.0076746177 3.2422358e-07 0.008939581 2.0791687e-07 3.2228883e-05 1.6091771e-08 5.8414284e-06 9.001273e-07 0.0036056724 4.882838e-06 4.3724795e-06 1.8359222e-07 0.0012858155 1.9864859e-07 2.9643927e-05 0.00086725864 4.3236466e-07 1.04609605e-07 5.966652e-06 1.2178925e-05 4.226619e-06 0.007120808 0.00024302605 0.0007553753 7.2895085e-07 9.373314e-07 2.1774856e-07 2.314161e-06 3.5182306e-06 1.3752109e-06 2.449737e-06 2.8968095e-06 1.0456797e-06 1.5784663e-05 1.5091822e-05 1.5947343e-06 1.2030265e-09 1.3296037e-07 1.8757893e-05 2.0693314e-07 1.1522585e-07 1.1501681e-07 1.642695e-07 2.0097184e-05 2.9851046e-07 1.5896163e-05 4.850033e-07
0.76487 0.0022831939 0.026366655 0.0010468158 0.0033605823 0.9615633 0.0015443191 0.39944834 2.0181508e-06 3.3084273e-06 6.407902e-05 6.840145e-07 0.007955735 0.9565206 1.4800444e-05 0.96304035 3.044301e-12 1.7931077e-07 0.17591509 0.5429041 0.00047394287 0.39033875 4.2352144e-07 0.014456214 4.4082924e-05 3.4779663e-07 5.5568637e-07 0.04606364 0.9899022 6.396185e-05 0.64573956 8.7298764e-07 2.29737e-06 0.01239774 0.0003274608 0.27481166 0.29597488 0.0002488023 4.7986123e-06 2.4544302e-06 0.07380424 4.288527e-07 6.3084843e-07 0.0007308575 1.514431e-06 6.0231633e-07 4.119783e-05 0.00023464784 4.8978784e-08 5.7770085e-06 3.9149057e-07 2.5453525e-07 1.2403184e-06 1.1082704e-07 0.0073781516 2.3747299e-07 0.013627411 4.1477443e-07 8.06036e-07 1.8349938e-06 2.0566025e-05 9.661414e-07 0.0052767955 1.5933758e-05 2.8876518e-06 2.1370877e-06 0.0021317152 4.3847163e-07 0.0012577438 0.0032197256 2.1377093e-06 4.3012836e-08 1.8432286e-06 3.5600488e-06 1.5302565e-05 0.0018603642 0.00027265117 0.0026225096 2.6065492e-05 1.8616419e-06 2.481712e-06 7.684071e-07 6.2946583e-06 0.00034820387 0.00033193687 5.6086747e-06 3.7963753e-05 0.00029332744 8.727733e-06 5.432805e-05 3.1114407e-08 9.357375e-06 1.8653624e-05 8.528401e-08 4.7007816e-07 7.3049716e-07 3.329395e-07 2.1829248e-07 1.2183508e-06 4.754497e-05 1.7174527e-07
0.87246567 0.0021063518 0.00027250402 0.00027307248 0.00044258736 2.8523662e-06 0.022799013 6.697847e-05 0.9334538 0.84427226 0.8427924 0.9851212 1.8408668e-05 6.4150925e-07 0.738862 6.633085e-07 1.7931077e-07 2.5276862e-13 0.00042518924 1.5055059e-06 3.1108666e-05 6.8329573e-06 0.49599943 0.00039437748 0.06975648 0.9653529 0.6542296 3.5852302e-08 1.4941489e-06 0.35414124 9.28696e-07 0.7202774 0.36742833 5.799533e-09 0.12619506 3.647848e-05 0.00015508477 0.0007886891 0.00013039396 0.76344 3.432849e-08 0.019049311 0.19425124 0.0017440167 3.3724595e-05 0.02307577 0.0041540912 0.00017747046 0.6573252 0.6720843 0.0013600705 0.0063946242 0.00010999926 0.06693314 0.002598181 0.00013429816 2.667582e-06 0.005840237 0.010711847 0.068971984 0.12968665 0.0001853645 2.2493184e-07 0.009475284 8.879792e-05 0.0021406137 3.4206892e-06 0.00011328901 0.025277061 8.6206e-06 1.1889002e-06 1.0763342e-05 4.5661975e-05 2.056073e-05 0.00012712547 1.08371296e-07 6.962138e-08 2.5735739e-07 0.00021323627 1.5406773e-06 2.7289305e-08 7.0145853e-07 8.901799e-06 7.102813e-08 1.4388184e-09 4.6458078e-07 0.00028089323 5.2525996e-07 1.5091038e-08 6.7473536e-07 5.289136e-08 7.5711805e-06 3.5050678e-07 6.5368533e-09 2.2394286e-08 4.3405706e-08 0.00010295416 1.8304235e-08 3.1550466e-05 4.259464e-06 1.5648948e-06
0.9699044 0.33154017 0.7445389 0.8178703 0.9394196 0.88790613 0.16698927 0.6553762 0.004542711 0.002918747 0.006568306 0.0013208902 0.044546813 0.01038151 0.004026369 0.29855394 0.17591509 0.00042518924 8.712819e-14 0.48805448 0.0012147682 0.94353306 9.265853e-05 0.9798927 0.00022046277 0.0017910724 0.0003021847 0.014733762 0.0071392595 0.038744017 0.028101828 0.00019083392 0.00014772643 0.00060003804 0.41989875 0.28081408 0.42181408 0.40636215 1.18897115e-05 0.00039728454 0.00030479417 3.9395047e-05 0.00021341612 0.20562227 1.2467335e-05 0.00056007167 0.04363066 0.0016523502 0.0001285384 0.000101840145 6.2995286e-06 5.456719e-06 3.0292435e-05 4.0298223e-06 0.11472382 6.8589875e-06 0.00084781204 1.632451e-06 1.2467432e-05 5.7486585e-07 4.2718486e-05 0.00013983669 0.0005199695 4.1609857e-07 3.9987848e-05 2.19921e-06 0.0007358381 5.5870943e-05 2.7179547e-06 0.00026383702 2.8999093e-05 2.3969171e-06 4.8438247e-05 1.7157177e-05 7.5591242e-06 0.0001621325 0.00017567942 3.503861e-05 2.3173789e-06 2.1619315e-05 3.345532e-05 5.4480324e-07 2.0262363e-05 1.3011218e-07 2.8127436e-08 2.5883437e-06 1.0551084e-05 0.00015427313 2.8700615e-06 0.00018356627 1.2055515e-08 1.750931e-05 1.14380955e-05 7.370755e-08 3.0639133e-09 1.1936742e-06 1.1953573e-07 1.00766665e-05 1.0066402e-06 2.6364557e-06 1.6535337e-07
0.93079674 0.001984924 0.025835548 0.002658623 0.004527174 0.7318595 0.00024504872 0.089454986 9.520074e-06 3.5729587e-05 0.00016828449 9.930447e-06 0.0042646076 0.008116656 2.4048224e-05 0.99569124 0.5429041 1.5055059e-06 0.48805448 6.479556e-12 3.5214685e-05 0.983107 9.951127e-07 0.15038903 1.6262061e-06 2.9515897e-06 8.115599e-06 0.32391065 0.07197789 0.00070238503 0.7048894 1.3227886e-06 2.0213888e-06 0.008178264 0.01397867 0.7662406 0.8275164 0.017091766 2.9819992e-06 9.375455e-06 0.010301122 1.4203025e-06 3.6612291e-06 0.028664274 1.0673446e-06 4.4437358e-05 0.0030963887 0.00021704606 8.430164e-07 4.5204756e-06 3.6444573e-07 1.1993664e-07 2.0290004e-06 6.062466e-07 0.041204486 2.6951153e-07 0.031842474 2.6822242e-08 1.7956756e-06 6.223679e-08 3.787708e-06 3.2015792e-05 0.007828248 1.650575e-07 1.356893e-06 1.811694e-07 0.0052054334 1.16803e-05 4.9345044e-06 0.003245382 5.545936e-07 6.955114e-07 5.4941434e-06 2.265822e-06 7.879996e-07 0.015256817 0.0006707113 0.0005845999 5.8209054e-07 2.862487e-06 3.0612184e-05 9.27364e-07 3.8189773e-06 3.1920047e-06 1.7653958e-05 4.062967e-06 1.1866213e-06 0.0002462794 1.9991492e-05 7.194305e-05 7.171582e-09 8.2536144e-07 1.1860969e-05 2.6245348e-06 1.1855245e-07 1.2666337e-07 1.2637065e-07 2.481853e-05 5.4820816e-07 1.07029e-05 1.1316422e-07
0.074693814 0.051537257 0.02707972 0.0047448175 0.054652087 0.002879953 0.8528195 0.0022267674 0.004584238 0.011968854 0.015794354 6.940756e-05 0.99848783 0.010619316 3.7940514e-05 0.0001524476 0.00047394287 3.1108666e-05 0.0012147682 3.5214685e-05 4.857322e-13 6.5418e-05 1.5754074e-05 0.00020692735 0.025880342 0.00011220817 2.0420852e-05 9.4836133e-07 1.5126519e-05 5.0356863e-05 7.479653e-05 0.00023452613 0.0020631955 3.908375e-06 0.00025141003 2.1929967e-05 7.511284e-05 6.3865795e-05 0.002238131 6.737606e-05 0.0001526491 8.970076e-06 1.4003133e-05 0.00025565474 0.25968683 3.0649087e-06 2.1157675e-05 0.99774545 6.45662e-05 3.6848858e-05 6.738451e-06 1.309346e-05 3.0361832e-06 8.946429e-06 0.0014724749 2.6978515e-07 3.2915385e-05 6.717175e-06 6.359554e-06 3.7091731e-06 0.0008828507 9.319458e-07 6.197465e-06 0.00013087486 1.531128e-05 6.14748e-05 1.6519962e-06 1.4337168e-06 0.00064423354 9.218858e-06 9.181675e-06 1.0907086e-05 3.7107404e-06 1.5049411e-05 1.0448169e-05 4.909036e-06 3.7229427e-07 2.0543284e-05 5.333449e-05 1.1233943e-06 1.0022071e-06 5.286108e-07 3.6879446e-05 2.2735463e-05 3.445263e-06 2.0537487e-05 5.751406e-05 8.8884e-07 1.855287e-07 2.0870019e-07 2.14922e-06 2.105036e-05 9.927572e-07 2.7304198e-08 1.07041956e-07 7.104995e-06 9.2826116e-07 1.9977358e-08 2.0712565e-05 3.598537e-05 3.0260944e-06
0.9607028 0.03382017 0.1899592 0.12243254 0.15362695 0.84455466 0.0026991349 0.20329446 3.157762e-05 0.00031754965 0.00047750887 5.860856e-05 0.004226097 0.004505494 0.00012119621 0.5611039 0.39033875 6.8329573e-06 0.94353306 0.983107 6.5418e-05 4.6129994e-13 4.105888e-06 0.8317779 3.1800241e-06 4.9359285e-05 1.3023843e-05 0.44942743 0.05218746 0.002031291 0.4701733 2.7910596e-06 5.074361e-06 0.013280977 0.032320555 0.91580933 0.8813462 0.13555159 3.404579e-06 1.5470961e-05 0.007967489 1.8822682e-06 5.7853613e-06 0.09929548 6.609129e-07 8.728086e-05 0.012254357 0.00024022954 4.2693987e-06 6.049094e-06 3.9108153e-07 3.251241e-08 1.7436947e-06 6.398314e-07 0.07054241 3.6317513e-07 0.031634677 3.698897e-08 1.8730641e-06 1.0368452e-07 6.2424456e-06 4.453281e-05 0.024406973 7.1041136e-08 2.0643454e-06 1.3469333e-06 0.0060837283 1.1459693e-05 2.535143e-06 0.0014033313 7.87772e-07 6.5884876e-07 7.0467795e-06 2.6498028e-06 1.180741e-06 0.010121408 0.0011532365 0.0005450668 2.4950064e-06 3.0087485e-06 2.317758e-05 3.8853395e-07 4.034787e-06 6.2857985e-06 4.3414407e-06 9.771522e-06 2.753092e-06 0.00011505241 7.826717e-05 9.527844e-05 3.1596714e-09 1.8513024e-06 3.0513545e-05 8.337016e-06 1.1940891e-07 2.574099e-07 7.8440785e-08 5.5605422e-05 2.927982e-07 1.7543498e-06 4.9294243e-08
0.9918286 4.477999e-05 2.4589486e-05 3.126046e-05 7.366511e-06 2.3757254e-06 0.004294878 2.9305298e-05 0.039852746 0.053013768 0.042360052 0.24868298 1.8598806e-05 1.0670866e-07 0.61424744 2.9852302e-07 4.2352144e-07 0.49599943 9.265853e-05 9.951127e-07 1.5754074e-05 4.105888e-06 3.978133e-13 0.00035001224 0.00052800495 0.3981847 0.92072994 8.637399e-07 2.990821e-07 0.85657734 4.24915e-06 0.1449899 0.025477083 3.201365e-09 0.3962746 0.00012539985 0.000114195944 0.007778328 2.014454e-05 0.95074177 5.2789133e-09 0.36944008 0.8571348 0.012511128 6.94611e-06 0.4097508 0.08905183 4.64766e-05 0.4200363 0.9225994 0.06200015 0.3841989 0.002861839 0.118100695 0.03001613 0.005991922 8.48186e-06 0.12010991 0.015376039 0.43720216 0.0491585 0.014320042 2.0203845e-06 0.48187023 0.001168254 0.0014137249 1.6985567e-05 0.004823455 0.19028988 1.0949012e-05 4.266991e-05 0.00020468241 8.9117755e-05 0.00011228556 0.04121576 5.8802346e-08 9.0245237e-07 4.391554e-07 0.012198239 9.492835e-05 2.0688696e-05 4.9455455e-05 0.00033194985 8.533998e-08 3.979105e-09 2.9303399e-05 0.00030433934 3.7432248e-05 5.0301566e-07 0.0001023111 1.8817864e-05 0.00017198386 3.947705e-06 3.3706602e-08 2.7218869e-08 3.1551958e-06 0.00022194009 2.6478236e-07 6.505492e-05 2.7375113e-06 5.2867176e-07
0.9751819 0.113319084 0.38515013 0.6588484 0.7996306 0.4858882 0.030031601 0.10873446 0.008348824 0.0027905875 0.014319893 0.002273165 0.009702578 0.0011580841 0.013242718 0.05489653 0.014456214 0.00039437748 0.9798927 0.15038903 0.00020692735 0.8317779 0.00035001224 2.8661877e-14 6.0319417e-05 0.0009591698 0.0008059446 0.013311854 0.0012535126 0.2313841 0.0124416035 7.132345e-05 0.00013423785 0.00010532441 0.8833028 0.7560978 0.4863689 0.9580043 1.0049785e-05 0.00057498325 9.028036e-05 0.00021586016 0.00055317197 0.48571324 1.6446536e-06 0.0017591391 0.27766702 0.00087024336 5.0994542e-05 0.00021839362 9.2772054e-05 1.6697957e-05 0.0003059162 1.6132548e-05 0.21441895 9.583405e-05 0.006479357 2.5184484e-06 2.6938307e-05 4.81419e-07 3.2483917e-05 0.00076075975 0.004154218 7.482274e-08 7.6469645e-05 4.0316772e-07 0.0039071385 0.00024481936 1.1887665e-06 0.0005984484 0.00017363617 1.5263257e-05 0.00015246475 1.5179629e-05 8.653497e-06 0.0016545301 0.00092577 0.00046989464 3.1259908e-06 0.00014687206 0.00016925162 3.563233e-07 7.534306e-05 2.1916221e-06 2.021671e-07 1.484214e-05 9.897874e-08 0.00023659311 8.0939295e-05 0.00014373039 1.2909009e-08 1.2781347e-05 2.7679283e-05 2.903613e-08 2.518173e-09 5.62239e-06 2.543973e-08 8.058619e-06 9.2501097e-07 1.8962803e-08 3.4460072e-07
0.076973185 0.05333267 0.0094090765 0.0051353252 0.010885656 0.0010972507 0.93753093 0.0006042239 0.3526945 0.83558345 0.21510686 0.049683686 0.00031899172 0.00020782898 0.03135277 1.2031188e-06 4.4082924e-05 0.06975648 0.00022046277 1.6262061e-06 0.025880342 3.1800241e-06 0.00052800495 6.0319417e-05 1.641038e-11 0.19803962 0.0013347785 1.03580355e-07 2.8514046e-07 0.0020943203 1.8736091e-06 0.107552305 0.97473365 7.294056e-09 0.0019686595 1.262316e-06 3.4432856e-06 9.677599e-05 0.99987036 0.0018134568 1.4976091e-07 0.00010301181 0.0002672262 0.00010291185 0.026236953 6.4486936e-05 0.00025854696 0.021837248 0.019835038 0.0015289736 8.0487143e-07 3.7762624e-05 1.4400134e-06 0.0009603519 0.00047252126 1.7882434e-06 9.5196964e-07 8.8045315e-05 1.0835296e-06 0.00029964157 0.014742194 2.4611786e-06 7.369111e-08 0.00018162154 1.8432479e-06 0.00032476374 1.3906587e-06 1.9867562e-06 0.0011917412 2.2168094e-06 8.8735777e-07 2.859626e-07 2.1556082e-06 6.8569494e-07 3.8356143e-06 1.7479518e-08 2.5315383e-06 4.9616773e-07 1.3598952e-05 1.4048946e-07 9.47699e-08 6.5646356e-07 3.1089716e-05 4.337211e-06 1.2214197e-08 8.685208e-05 5.3415988e-05 1.1573531e-07 1.4890414e-07 1.6552148e-08 2.1707781e-07 6.121426e-06 4.4310568e-07 3.0695595e-08 5.3721713e-08 4.0227206e-07 3.507453e-08 7.531499e-08 2.008947e-06 3.4161236e-05 1.3065244e-07
0.81466526 0.0046907016 0.0009237019 0.0025268905 0.006051278 5.141286e-06 0.07044399 2.6358639e-05 0.8904532 0.8319677 0.77581227 0.43947643 4.2028496e-05 2.8039204e-07 0.33711404 9.583944e-07 3.4779663e-07 0.9653529 0.0017910724 2.9515897e-06 0.00011220817 4.9359285e-05 0.3981847 0.0009591698 0.19803962 2.869987e-12 0.027409839 1.10582945e-07 4.982751e-07 0.12130231 1.546245e-05 0.9941634 0.9459778 3.9065977e-08 0.034553003 0.00015635179 0.00062520534 0.00022795917 0.003368699 0.38040015 6.1581623e-06 0.014666134 0.01706236 0.00030188484 0.000599426 0.005982225 0.0006247622 0.00054143067 0.5078429 0.13280275 0.00018753682 0.0019066896 1.1300871e-05 0.03492389 0.0017227228 1.2989609e-05 4.0997234e-05 0.0028781064 0.0013941319 0.018436648 0.1824207 0.00035676858 6.094005e-07 0.011270219 1.4950891e-05 0.0025072393 2.8659713e-05 8.831635e-05 0.020774506 7.6270735e-05 2.5851057e-07 7.5941616e-06 1.2184066e-06 1.0798458e-06 3.993247e-05 9.287199e-07 1.768106e-06 1.1200161e-06 4.027715e-05 6.1715525e-07 7.9595694e-08 0.00012419482 3.942098e-05 1.6126908e-06 1.0462163e-06 5.910665e-07 0.00043101478 2.1376768e-06 1.3642877e-08 1.3170517e-05 1.0736327e-09 1.8901155e-05 2.604873e-06 1.1005879e-07 1.1488888e-07 4.672697e-08 8.131969e-06 1.5764526e-08 5.9606493e-05 9.85936e-08 1.2586297e-07
0.8466124 0.00053615036 4.1678762e-05 0.0002853373 1.866585e-05 1.6656423e-06 0.00034216486 8.106803e-06 0.05614729 0.15013106 0.107364655 0.8807071 1.0520935e-06 7.0259574e-08 0.95728505 3.1936033e-06 5.5568637e-07 0.6542296 0.0003021847 8.115599e-06 2.0420852e-05 1.3023843e-05 0.92072994 0.0008059446 0.0013347785 0.027409839 1.10034737e-13 4.442623e-08 3.8477705e-08 0.6393173 2.333171e-05 0.032881804 0.001412019 1.8974153e-09 0.12628825 0.00011321708 7.757008e-05 0.004407666 2.619565e-05 0.878744 1.8597909e-08 0.79462445 0.98223865 0.005714245 1.0445499e-05 0.3384915 0.06980957 3.7331465e-05 0.011592786 0.07145385 0.57300293 0.7295618 0.003229052 0.0063199643 0.007986632 0.03775302 1.43636025e-05 0.11719902 0.8058878 0.020452457 0.0021640721 0.008704447 1.729684e-05 0.0046212194 0.0008105088 0.00015579631 6.7459996e-06 0.001412477 0.012075774 9.5054675e-06 6.4967335e-06 0.00017564809 0.0005011779 0.00051869295 0.0062501184 6.2691256e-06 2.1150593e-07 3.5504602e-06 0.0015727271 4.1321828e-06 4.7440867e-06 3.031139e-05 3.1865286e-05 1.6544037e-08 3.062133e-08 5.970708e-05 0.00041214275 1.8860596e-06 8.726317e-08 1.3476175e-05 9.927957e-06 3.331553e-06 7.787683e-08 8.035346e-09 7.188047e-08 6.185974e-08 0.0062656715 3.7681048e-08 6.1274995e-06 4.8926053e-05 2.3015441e-07
0.29248673 2.8765959e-05 0.00016552277 3.3639408e-05 1.37110355e-05 0.005012568 2.5137738e-06 0.00023620666 8.0441646e-07 3.100509e-07 4.0490977e-05 3.5987082e-07 7.945642e-05 0.0026912733 5.3611934e-06 0.8244553 0.04606364 3.5852302e-08 0.014733762 0.32391065 9.4836133e-07 0.44942743 8.637399e-07 0.013311854 1.03580355e-07 1.10582945e-07 4.442623e-08 9.73617e-16 0.99686116 9.388916e-05 0.8807555 3.0788405e-07 1.10084194e-07 0.9941373 0.00022366327 0.62630033 0.14189641 0.0035518117 9.983303e-09 1.1354036e-06 0.05676081 2.4394092e-06 2.803752e-07 0.0022992827 1.82737e-09 1.1073069e-05 0.0001328906 1.20544055e-05 5.416389e-09 6.10617e-07 2.4471905e-07 4.8859096e-07 5.1514103e-08 9.439714e-09 0.0013094653 1.2258523e-07 0.019294284 1.1184523e-08 8.062724e-08 2.5019684e-08 3.730659e-07 2.4898207e-05 0.013823648 9.905769e-08 1.5843985e-06 1.3437172e-09 0.001665077 8.815955e-06 3.792774e-07 0.0011484781 8.1696885e-07 3.6004163e-08 1.5233154e-07 1.4124964e-06 8.388657e-08 0.0057030492 0.00035419528 0.0007830282 6.7688056e-08 1.0561866e-07 1.1093121e-05 3.1030527e-09 2.8769316e-06 1.1508879e-05 1.8396628e-05 8.759214e-07 2.2089903e-08 0.00010644791 5.6225053e-07 1.1959342e-05 3.4624583e-07 4.707489e-07 1.6715914e-05 2.816159e-07 2.9840756e-08 1.9524634e-08 2.9676805e-10 5.181483e-07 1.671491e-07 2.8612928e-07 6.3027588e-09
0.12206107 0.00010252149 0.00022726174 3.123614e-05 2.9207727e-05 0.057331577 1.3104902e-05 0.0008919199 3.3276158e-06 1.5367344e-06 1.9270952e-05 7.004605e-07 0.000116463816 0.041364696 1.9525157e-06 0.7530912 0.9899022 1.4941489e-06 0.0071392595 0.07197789 1.5126519e-05 0.05218746 2.990821e-07 0.0012535126 2.8514046e-07 4.982751e-07 3.8477705e-08 0.99686116 1.0598798e-14 1.4225657e-05 0.13698202 3.8213363e-07 1.0670316e-07 0.8818929 9.431212e-05 0.018377818 0.010275627 9.5369614e-05 1.4626541e-08 6.6822954e-06 0.028530937 2.9404273e-06 6.259098e-07 0.00012180082 2.7091995e-10 2.5179172e-06 2.6634676e-05 4.089806e-06 2.6831593e-09 4.757715e-06 5.462154e-08 7.5740836e-06 1.4609415e-07 5.63239e-09 0.00041625142 2.9377406e-07 0.006108331 4.792721e-08 2.5623442e-06 1.00956726e-07 2.5284832e-08 1.0451712e-06 0.011310306 3.359209e-07 1.050222e-06 2.9581764e-09 0.00088811683 1.4181289e-06 6.619783e-07 0.0011039397 9.012477e-08 1.7107203e-08 2.234036e-08 9.161404e-09 1.1794103e-07 0.056566097 0.000297964 0.0030374723 1.2228935e-07 3.9148568e-07 3.369646e-07 2.1500162e-09 3.930929e-07 7.86004e-05 0.0002276774 9.272933e-07 8.412174e-09 1.8091372e-05 1.2940861e-06 3.1721395e-06 7.663755e-09 2.9522763e-08 4.9472314e-06 6.331647e-07 1.8049977e-07 7.116709e-09 1.5586233e-09 1.6677818e-06 9.707908e-09 1.0497994e-08 8.789903e-10
0.9891159 0.07413549 0.05696053 0.16637485 0.12557358 0.005588074 0.11385695 0.002508764 0.7951547 0.13014045 0.73633903 0.40117165 7.99389e-05 9.141937e-06 0.9767263 0.0002975863 6.396185e-05 0.35414124 0.038744017 0.00070238503 5.0356863e-05 0.002031291 0.85657734 0.2313841 0.0020943203 0.12130231 0.6393173 9.388916e-05 1.4225657e-05 3.6488246e-11 0.000315699 0.016596282 0.0047493926 4.372081e-07 0.9407255 0.0006448159 0.0025200918 0.28221765 2.5700718e-05 0.19739664 1.696553e-06 0.39631832 0.37882695 0.16566592 1.5683034e-05 0.657335 0.773058 8.7017565e-05 0.01764154 0.13415381 0.102060795 0.08423113 0.3218571 0.0020226983 0.153504 0.18200035 0.00028413223 0.005879184 0.020042745 0.0047187707 0.0012766193 0.029350176 7.562345e-05 0.0035679175 0.025528722 4.9051585e-05 0.00031474212 0.010345741 0.0070384047 7.043498e-05 0.0019531632 0.001958705 0.0006570013 0.0010573774 0.0039844164 4.7571525e-06 0.0001473572 3.4400513e-05 0.0010615165 0.00083434087 0.0003855174 3.443115e-06 0.0039445274 1.1051294e-07 2.5377213e-08 0.0013379245 0.00012377967 0.00014926352 4.6081725e-05 0.00043302638 2.8461696e-05 0.0001642442 4.628115e-05 1.8466206e-08 2.5540661e-08 2.2482203e-05 0.00022924152 3.2366238e-06 9.003612e-06 6.126533e-05 1.3955217e-07
