2.6873174e-17 0.9662984 0.74741244 0.4892793 0.113240086 0.010297852 0.04244311 0.31630278 0.6675181 0.7833984 4.9568065e-05 0.76857483 0.9121879 0.10891316 0.0006601646 0.8782569 0.9714972 0.99256545 0.8091963 0.6636651 0.59300935 0.8862716 0.8526174 0.99390197 0.24794006 0.9856545 0.96584725 0.9403518 0.88169277 0.9098889 0.94446397 0.31264666 0.97995293 0.7879562 0.9160771 0.3907646 0.9900166 0.6424009 0.99322486 0.896481 0.6660995 0.9895707 0.9511679 0.6408297 0.44514704 0.78431684 0.43959615 0.99830425 0.9548783 0.9705162 0.07843296 0.30000326 0.9419052 0.00050829875 0.99751294 0.7312887 0.9999792 0.9729269 0.5664635 0.9412929 0.9855382 0.8377312 0.79545134 0.61453545 0.97495013 0.10768177 0.77463055 0.99750614 0.5645468 0.9990209 0.9097392 0.99998915 0.45108947 0.994849 0.7973362 0.9117184 0.8651084 0.04786527 0.9646312 0.2787814 0.979488 0.30362186 0.91439074 0.8738351 0.96958464 0.03425099 0.7348473 0.587562 0.93834084 0.07932535 0.015045609 0.046141405 0.001306091 0.93730295 0.44971666 0.6999355 9.19428e-05 0.5732119 0.23651204 0.16194257 0.0036501845
0.9662984 3.0664913e-13 0.9695822 0.9257148 0.599716 0.120767154 0.0727909 0.734268 0.91587365 0.03112134 0.0012941522 0.69479436 0.8832017 0.4716514 0.00022947951 0.26148456 0.86950856 0.80251366 0.00078168255 0.008643292 0.0001739831 0.29584974 0.056488883 0.55378294 4.5740646e-05 0.030302938 0.7239267 0.0028984742 0.00024448032 0.00016422322 0.051390197 0.00020059585 0.030903848 4.0109495e-05 0.0006184698 0.00017823304 0.6311957 4.4146072e-05 0.055275008 2.9421875e-05 6.8694906e-05 0.0038292992 8.041269e-06 3.4586403e-05 2.273404e-06 0.00078996696 1.15758385e-05 0.004169143 7.467956e-05 0.0162003 5.8888995e-06 6.070401e-06 1.3993682e-05 1.295765e-05 0.0019832551 3.0970898e-07 0.023937467 6.945371e-05 8.330639e-05 5.1569455e-06 2.1067091e-05 1.0820689e-07 2.0973974e-05 1.7711403e-06 0.00028284988 5.2701243e-06 3.5774913e-06 0.000102937374 1.8850203e-06 2.796179e-05 1.4853086e-05 0.0025770743 1.8426671e-07 0.0002769205 0.00011323489 3.6823722e-06 0.0004655967 9.816265e-07 7.6564e-05 3.8794587e-06 4.1994117e-05 0.00026500307 9.355181e-06 1.5824227e-05 7.3431795e-05 1.0044764e-05 8.961534e-06 0.00026832943 3.1550662e-06 1.7490408e-06 5.252805e-07 3.072956e-05 2.8128618e-06 1.1823305e-05 1.1317819e-06 0.00014263022 5.2835276e-07 4.6143206e-05 2.257816e-05 2.217799e-06 9.398215e-05
0.74741244 0.9695822 4.635627e-15 0.9742481 0.40217397 0.8023288 0.9407057 0.08742563 0.3699026 0.07683651 0.005508157 0.82113254 0.83628 0.004016425 0.018423356 0.038894452 0.803443 0.56992966 6.523234e-05 0.022049129 0.00014000735 0.32585713 0.08144493 0.18974404 0.00011649136 0.015819445 0.6168851 0.00015861857 0.0031858766 1.1009701e-05 0.0585935 0.0002732379 0.019764315 2.9702203e-06 0.00033904443 0.0009154602 0.40831766 0.00018317296 0.10052216 3.235783e-07 1.818081e-05 9.300805e-05 1.7047725e-08 7.874269e-06 2.1332576e-06 0.00075707654 1.4353367e-06 0.0027082972 1.3137499e-07 0.0012117223 7.0825985e-07 3.516636e-05 1.4953805e-06 1.538773e-06 0.00082932995 3.9376204e-08 0.0030489536 6.5418305e-07 1.3442597e-05 1.8258763e-08 3.7056406e-08 1.526549e-08 1.308038e-05 8.437917e-07 0.00015036263 1.713237e-07 1.0133716e-07 2.044716e-05 2.1055832e-06 3.9508764e-06 3.5723244e-07 0.0007831779 1.1723818e-06 0.00011586127 8.044215e-06 2.5069749e-06 9.254076e-06 1.7734432e-07 1.6825006e-05 5.3060003e-06 1.1354052e-07 3.6120857e-06 7.862423e-07 8.7898155e-07 2.868737e-06 1.0315067e-05 1.8174274e-05 1.760881e-05 1.5107662e-07 2.4739993e-06 2.7276988e-07 1.1783569e-05 1.077131e-07 5.9646584e-07 1.5653715e-07 8.996669e-06 1.4922124e-06 9.383819e-06 5.7145775e-07 3.491842e-07 5.0312174e-05
0.4892793 0.9257148 0.9742481 5.8062224e-15 0.9994484 0.27218515 0.026846286 0.42994863 0.6387812 0.0028622958 0.0019176675 0.3672815 0.55413806 0.101949565 0.0002737734 0.39661917 0.43976647 0.70114154 0.0001684346 0.0007662039 0.00011557235 0.17639762 0.030169433 0.28971103 3.822961e-06 0.025448639 0.35300565 0.0013675387 7.214278e-05 0.00012812743 0.026423737 2.2327851e-05 0.0060813124 6.1502333e-06 7.443965e-05 2.7834087e-05 0.17931712 3.1403764e-05 0.020597585 2.0437003e-05 2.0193089e-05 0.00046664584 2.579726e-06 3.5947587e-06 2.145729e-07 0.0005483481 6.2892013e-07 0.0017431304 9.0307185e-06 0.00052169955 2.3342594e-07 1.9592158e-06 1.0167705e-05 2.2028695e-07 0.00088516495 2.6305875e-07 0.004320457 4.0527713e-05 2.7319722e-06 1.4373693e-06 7.5006856e-06 3.4097358e-08 7.807297e-05 3.3824537e-07 1.6982147e-05 5.221017e-07 1.1376061e-06 0.00013605705 4.3044378e-07 0.00010382588 1.30797e-06 0.0013393256 3.9529698e-07 0.0005151679 2.441731e-05 7.0669995e-07 2.4507079e-05 4.8888876e-07 8.564116e-06 5.317647e-06 1.2076849e-06 0.00013182187 1.0300856e-06 1.8777232e-06 4.382269e-06 6.1459295e-06 5.080632e-06 3.4637866e-05 2.6849384e-07 5.003815e-06 3.1592714e-07 1.6576232e-05 8.0571243e-07 6.5788873e-07 7.396231e-08 5.162353e-06 1.0869927e-06 8.5320903e-07 7.0474653e-06 4.1667315e-07 7.542102e-06
0.113240086 0.599716 0.40217397 0.9994484 8.570106e-17 0.98136795 0.07332332 0.824193 0.61826146 0.00013229893 0.0024814152 0.0063825515 0.035205238 0.740039 3.399328e-05 0.52427447 0.009740414 0.56203127 0.0011386807 5.3127346e-06 0.00020047287 0.011895747 0.002074741 0.27905732 7.64743e-09 0.010735792 0.047781184 0.008795394 3.9346344e-07 0.0008468003 0.001549268 3.5463535e-07 0.000110692425 3.294949e-05 0.00014105339 1.00550665e-07 0.0021063837 2.283296e-07 0.00034693402 1.3453896e-05 6.466636e-06 0.0043699862 4.6285763e-06 4.0737996e-06 1.740205e-07 4.695616e-05 2.382213e-07 1.987533e-06 1.3735654e-05 1.6798936e-05 1.7015331e-07 4.213289e-08 1.4044151e-05 2.988919e-07 4.328356e-06 8.929406e-08 0.0068607843 3.358354e-05 8.2135765e-09 1.1782271e-06 2.098876e-05 1.0327675e-07 5.3038248e-06 1.9300334e-08 4.1797378e-07 8.119748e-08 1.3890251e-07 6.253081e-06 8.8732776e-08 3.2667643e-07 2.4921155e-07 4.1682302e-05 1.4098977e-06 2.947362e-06 1.0400142e-07 1.774531e-07 4.6659972e-07 8.0442364e-10 7.855913e-10 2.0842413e-07 7.1260175e-08 4.5735015e-07 2.0107591e-09 8.6774044e-08 4.801134e-10 1.4146735e-08 1.8023684e-08 2.2593788e-08 3.7589865e-09 3.719539e-09 3.1920305e-07 2.3744964e-09 4.762786e-06 3.301562e-10 3.1651242e-09 8.156423e-09 3.5612945e-08 3.9475974e-09 2.053628e-08 5.2797895e-09 4.9304493e-08
0.010297852 0.120767154 0.8023288 0.27218515 0.98136795 1.003256e-14 0.9975194 0.06771825 0.1669073 0.00017565514 0.92770743 0.04585365 0.050835356 0.005650856 0.19770455 0.024241474 0.017395748 0.025630794 5.9947117e-05 0.001882668 0.0002823844 0.0041543543 0.0036100144 0.001739964 6.270172e-06 0.00016626016 0.0032430214 1.1508769e-05 0.00020171407 1.9562976e-06 0.00056189165 3.475435e-06 0.00017806025 1.2919318e-06 4.1348856e-05 1.7541539e-06 0.001125668 1.8235098e-06 0.00022193753 4.076724e-07 1.0911028e-05 1.526566e-05 9.795294e-08 1.0329827e-06 7.0392495e-08 2.9433046e-05 9.952523e-07 6.387389e-05 4.4698385e-08 2.7784065e-05 2.0967832e-07 1.0970205e-06 2.3381374e-06 1.537474e-07 5.7267353e-06 1.7315595e-06 0.00015318955 2.081368e-06 2.3132242e-07 2.0571564e-08 3.5476864e-07 1.2741726e-06 2.5697395e-06 2.627482e-08 1.568728e-07 7.324102e-08 3.0777244e-07 7.295141e-07 1.241722e-06 3.5704068e-07 4.351565e-07 0.00020674625 2.0277883e-05 2.7934057e-06 1.0638702e-06 4.7583475e-07 0.0017513752 4.2010356e-08 2.3829307e-09 3.4585298e-06 1.3058032e-07 2.0200061e-05 2.2190704e-08 1.0855019e-06 1.6575369e-08 0.00057685503 6.226918e-07 2.59185e-07 6.0122225e-08 1.1728408e-07 4.629805e-07 1.4256432e-07 2.8818251e-06 4.238423e-07 3.6121094e-08 1.8082496e-08 1.2257215e-07 1.5719046e-07 1.8954884e-08 1.5084678e-06 1.3131281e-06
0.04244311 0.0727909 0.9407057 0.026846286 0.07332332 0.9975194 2.8109743e-15 0.004213372 0.030404799 0.31366354 0.9720074 0.11909088 0.04241847 0.0005272326 0.82445943 0.000604476 0.067498274 0.0030466951 1.0535695e-06 0.0016229023 4.9761074e-05 0.0047799707 0.0030685547 0.0002578612 0.00010854689 9.61978e-06 0.0076057375 2.148094e-07 0.0008710221 1.0896137e-07 0.0009400475 3.6936963e-05 0.00038804155 2.3430268e-07 1.3303311e-06 9.679284e-06 0.009319376 4.6157397e-06 0.00070222124 1.1417269e-07 1.509006e-06 1.0621275e-06 5.8209326e-09 1.5213874e-07 1.849124e-07 5.496892e-05 5.568954e-07 0.0004971561 3.3136323e-09 7.970786e-05 1.2857842e-07 2.7936587e-06 1.3103171e-06 3.1066241e-07 0.00012598411 3.180811e-07 0.00015946446 1.3322297e-07 1.4323953e-06 1.2270542e-08 1.04569516e-07 4.5729845e-08 9.298064e-07 2.7938998e-07 7.5884094e-07 1.7877557e-06 9.312889e-08 1.0941435e-05 2.472776e-07 1.8072085e-06 1.6590418e-07 0.00045135015 3.9616916e-07 3.3688734e-06 2.0579946e-06 1.5593461e-07 7.8830635e-05 2.825451e-07 8.9617735e-08 2.8729262e-06 4.625381e-08 9.149125e-06 1.6818237e-07 5.808617e-07 1.4186693e-07 5.3149215e-05 2.8444086e-07 3.7152572e-07 1.0402801e-07 7.707991e-07 1.0933924e-07 1.08912245e-05 4.316579e-06 2.819594e-07 1.3703173e-08 1.25459e-07 1.4807764e-06 1.7090026e-05 3.3963335e-07 1.1017594e-06 5.7837233e-06
0.31630278 0.734268 0.08742563 0.42994863 0.824193 0.06771825 0.004213372 4.1283102e-14 0.99424857 0.0018175801 0.00013454274 0.00042568138 0.0034095522 0.99437714 7.0924805e-05 0.16981435 0.0010394829 0.09717617 0.009688898 6.5599133e-06 0.004884862 0.0008984687 0.00022343964 0.08382906 5.507092e-07 0.01026598 0.005235459 0.0030590354 2.6993624e-07 0.0010261231 0.0004676607 2.5733152e-06 7.2211544e-05 0.00036035597 0.010715125 1.4649365e-06 0.0014175212 1.7558797e-06 0.00043093445 7.0924805e-05 0.00020040447 0.0003932388 2.3121569e-05 0.00012982654 0.00011352001 1.7167635e-05 0.00017501504 8.025315e-05 0.0001049278 4.6183002e-05 1.4953243e-05 6.105011e-07 3.6822967e-05 1.22676e-05 1.3637955e-05 1.3275676e-05 0.0006587806 2.5084228e-05 2.4623196e-06 4.7700046e-06 5.8292744e-06 5.215704e-06 3.0981977e-05 5.9080708e-06 2.5096683e-06 4.16327e-06 2.3191521e-06 7.94235e-06 2.9331427e-06 1.4157858e-06 9.950772e-06 0.00014855657 1.0539368e-05 3.598206e-06 7.031242e-07 1.0939729e-06 3.692569e-05 8.439449e-08 6.5506333e-07 3.730307e-05 3.8053047e-06 2.7271892e-05 3.554127e-07 3.1890954e-06 8.6364673e-07 2.4726463e-05 9.4442485e-06 9.086131e-07 2.095606e-07 1.21728e-06 6.802699e-07 1.825449e-07 1.8548475e-06 1.10116325e-07 5.1722554e-07 1.4466887e-07 4.3123103e-07 9.0114935e-07 8.12579e-06 7.6018534e-07 2.1794583e-06
0.6675181 0.91587365 0.3699026 0.6387812 0.61826146 0.1669073 0.030404799 0.99424857 3.1069653e-14 0.0038556645 0.00016310505 0.04618859 0.4506663 0.7061937 0.00029081473 0.9621931 0.019240407 0.89863455 0.03682026 0.00028400272 0.057314225 0.04196033 0.011565953 0.6037845 1.275817e-07 0.31439477 0.07908254 0.1523201 4.2615048e-07 0.14305207 0.017181028 5.9767895e-06 0.00043171906 0.0012272006 0.015995193 3.093254e-06 0.020645129 1.2898046e-06 0.0069741304 0.0005971056 0.0007544005 0.0051564323 0.0001359367 0.00030210026 0.00021408044 0.0004057161 0.00022536462 0.0016447102 0.00041325597 0.0006980385 1.098475e-05 2.0637551e-06 9.357202e-05 4.0820934e-05 0.00033126803 4.535358e-07 0.007559028 0.00027424478 1.1974419e-05 2.3629826e-05 2.4460194e-05 4.0343444e-08 0.00016001775 4.421857e-06 1.5347594e-05 3.0967218e-08 1.0516061e-06 0.00016913352 1.5570176e-07 5.0592416e-06 1.7402226e-06 0.0005620779 5.750621e-07 3.4236687e-06 3.2122924e-07 9.932855e-09 2.8590455e-05 2.0137739e-07 2.9750854e-06 1.8853638e-06 1.0088876e-07 3.3704741e-06 7.0788204e-08 2.0397748e-07 2.011443e-06 7.4501366e-07 6.3874927e-07 4.7079826e-05 2.0100583e-08 1.771528e-07 1.3234207e-08 2.129616e-07 2.63678e-08 3.8518424e-06 9.794696e-08 3.4614783e-05 4.7664645e-07 2.7030653e-06 1.235659e-05 6.261949e-08 1.2747505e-05
0.7833984 0.03112134 0.07683651 0.0028622958 0.00013229893 0.00017565514 0.31366354 0.0018175801 0.0038556645 1.4990709e-09 5.3156364e-05 0.86528313 0.16689451 0.00019446311 0.9982002 0.00055846863 0.8920195 0.0007975177 3.5555415e-05 0.88778794 0.00029229085 0.06559708 0.09050193 5.3619733e-05 0.009236041 8.786083e-06 0.15808783 2.8515762e-05 0.06332543 3.140438e-06 0.016606081 0.0043363185 0.4868972 2.0402593e-05 0.0003826377 0.011027272 0.5418104 0.0056551774 0.055370152 5.114133e-07 0.00030430566 3.871209e-06 2.967733e-07 6.924492e-05 1.8482655e-05 0.015391876 8.881409e-05 0.007997737 2.1116371e-07 0.03545589 3.6130245e-05 0.0018486764 0.0005358398 6.42867e-05 0.008312502 0.0007218239 1.5990556e-05 1.086901e-05 0.0014386964 6.6435376e-07 1.11397885e-05 9.501022e-05 0.0040433235 6.567309e-05 0.0042067254 0.00032974375 5.1002324e-05 9.02121e-05 0.00053532695 2.272393e-05 0.0009548214 0.013715084 0.0037297627 0.002689667 0.00074131053 4.799333e-05 0.0045271027 8.330519e-05 7.83467e-05 0.0072446214 4.626039e-06 0.000154821 1.0544274e-05 5.6201035e-05 0.00010477361 0.003923222 0.0019008551 0.00055428146 0.00010299383 0.0003621383 0.00045030608 0.00092190225 0.0055071586 0.0022698918 4.544394e-05 0.001307265 7.838175e-05 0.00029494625 0.00016851528 0.001449459 0.0003668193
4.9568065e-05 0.0012941522 0.005508157 0.0019176675 0.0024814152 0.92770743 0.9720074 0.00013454274 0.00016310505 5.3156364e-05 1.4881351e-19 4.3236756e-05 3.9900726e-05 0.0012334127 0.99999994 2.087412e-05 7.370921e-05 2.58952e-05 6.0155826e-06 1.818126e-05 8.7681315e-07 6.9226126e-06 1.0812096e-05 3.4985405e-06 2.2957721e-07 4.270146e-07 6.8494633e-06 4.618355e-06 5.600075e-06 1.3283103e-06 1.056311e-06 4.1683748e-08 2.1309397e-06 4.256493e-07 4.389714e-06 3.4128507e-07 3.1836016e-06 3.912129e-07 2.2253203e-06 2.2966636e-07 4.125792e-06 1.6304548e-06 1.3365948e-07 3.528124e-07 1.3305208e-07 8.1044726e-07 4.4640196e-08 1.057682e-06 3.243066e-08 4.6811783e-07 8.27738e-09 1.590388e-07 1.3637123e-05 5.9247146e-08 2.859198e-07 4.6577992e-07 2.1945586e-06 9.207757e-07 1.3964272e-07 1.4594792e-07 1.435831e-06 8.7477855e-07 1.2889641e-05 5.3008157e-06 3.5803631e-09 6.0012604e-07 5.113367e-07 7.3331853e-07 2.5845918e-06 4.8188173e-08 1.0688848e-06 1.19519655e-05 2.8486909e-06 7.622398e-07 6.3240907e-07 9.242632e-07 2.2822967e-05 1.0435984e-08 2.3946587e-09 3.3176502e-06 1.038171e-07 1.9824013e-06 8.065027e-09 4.2515845e-07 1.3507169e-09 4.554175e-06 4.5759887e-07 7.5032864e-07 1.3193553e-08 8.013689e-07 1.7853064e-07 2.0569534e-07 0.0009739893 6.887313e-09 1.224027e-08 3.9556847e-09 3.0804802e-08 4.6041444e-07 5.4825914e-08 1.6565248e-07 7.557964e-08
0.76857483 0.69479436 0.82113254 0.3672815 0.0063825515 0.04585365 0.11909088 0.00042568138 0.04618859 0.86528313 4.3236756e-05 1.6061322e-12 0.98059565 9.096501e-05 0.0028050623 0.00015578621 0.9455659 0.012784017 5.755611e-06 0.9408455 2.3900388e-05 0.25392917 0.8149975 0.000719068 0.041538484 6.708651e-05 0.3325138 0.00011318868 0.5230868 1.0553624e-06 0.0546844 0.099154696 0.31175703 2.0635847e-05 1.5406473e-05 0.0035617556 0.65415686 0.005743685 0.124698795 2.2563482e-07 3.87274e-05 2.3964649e-06 9.7539804e-08 6.8693244e-06 2.383899e-07 0.006976686 2.7978901e-06 0.01474223 1.4573909e-06 0.007087431 8.4055023e-07 0.00018687749 4.888895e-06 6.711764e-06 0.0025136052 7.2547215e-07 0.0008532127 3.8150046e-07 0.00029199806 2.053585e-08 4.0649006e-08 9.819387e-08 1.1015383e-05 8.936146e-06 0.00057316205 4.928692e-06 8.5885665e-07 7.107648e-07 2.8461382e-06 2.1000132e-07 5.251317e-07 0.00034824773 5.403239e-07 5.7132015e-06 4.5640078e-05 5.1922164e-09 1.9605608e-05 4.566039e-06 1.6716112e-06 3.0559764e-05 1.2404266e-07 5.055935e-07 1.8692933e-08 1.9758703e-08 5.86572e-07 7.355441e-06 9.142316e-07 4.23511e-05 7.169545e-09 9.579562e-08 3.4476425e-06 1.0275939e-07 0.05059515 7.0673266e-08 2.9649394e-08 5.0345818e-05 6.3328787e-07 3.3752858e-06 8.311363e-07 2.3811204e-07 2.8133272e-05
0.9121879 0.8832017 0.83628 0.55413806 0.035205238 0.050835356 0.04241847 0.0034095522 0.4506663 0.16689451 3.9900726e-05 0.98059565 2.71041e-13 0.0014347716 0.00029200668 0.0030164137 0.8961883 0.45746762 0.000353961 0.14757206 0.0004961832 0.920894 0.859625 0.029856876 0.00015912812 0.004751721 0.8391888 0.0004700551 0.0028339056 9.320037e-05 0.37430182 0.0011993506 0.02350074 9.1823444e-05 0.0003066804 7.997527e-05 0.7592797 0.00024805908 0.27161816 6.4795076e-06 7.7889126e-05 0.0004723163 2.7987094e-06 5.9060817e-06 3.0345795e-06 0.0012684682 1.7650901e-06 0.023814557 5.254083e-05 0.005411501 2.742326e-07 6.674166e-05 8.428874e-06 1.0866279e-06 0.0024606283 1.3823509e-06 0.009292135 6.774951e-05 7.703648e-05 8.021466e-07 2.1043327e-06 6.688429e-08 6.369533e-06 7.743818e-06 0.00013894339 7.4231866e-07 1.4992719e-06 3.826964e-05 3.2511143e-06 2.5601423e-05 1.4969636e-07 0.0004919877 5.4336002e-08 7.366093e-07 4.298024e-06 7.0891266e-09 1.1551709e-05 3.4048628e-07 5.66297e-06 2.7315775e-07 3.908692e-06 3.855598e-06 9.259112e-07 2.310193e-07 3.3070487e-06 4.7446952e-07 3.171674e-06 4.471214e-05 1.3669563e-06 2.981699e-07 7.00861e-08 5.125663e-08 3.635489e-06 1.948402e-07 7.0446355e-08 1.141323e-05 3.8547853e-08 4.4575938e-07 1.0075489e-06 5.0607035e-08 9.594597e-07
0.10891316 0.4716514 0.004016425 0.101949565 0.740039 0.005650856 0.0005272326 0.99437714 0.7061937 0.00019446311 0.0012334127 9.096501e-05 0.0014347716 5.61024e-16 0.00019521957 0.7735893 0.0001942381 0.20298354 0.9589606 2.0532875e-06 0.8170189 0.00018357833 2.8493416e-05 0.1769593 7.427006e-08 0.08909489 0.0008837121 0.10654609 2.120511e-08 0.044482548 0.00011914009 1.1039155e-06 7.757059e-05 0.003408858 0.8307567 3.5073745e-07 0.00013981882 4.1120593e-06 0.00013137831 0.0003988448 0.011075108 0.00049584074 0.00011234984 0.0058949324 0.00507614 2.2303375e-05 0.0051250844 5.6169447e-06 3.924232e-05 2.9145497e-06 0.00039715273 1.0298488e-06 0.00027472514 0.0005288801 1.7241265e-06 0.00010518337 0.00021072506 3.4842615e-05 3.952203e-06 3.784877e-06 5.747504e-06 9.1563203e-07 0.00029221253 5.038302e-06 7.8951535e-07 2.3421208e-06 1.3731986e-07 8.010721e-06 6.0956013e-06 9.634864e-08 1.9222369e-05 0.00012880923 6.8267627e-06 1.2600789e-06 6.464805e-08 1.7275438e-07 0.00015660877 2.640347e-07 9.051169e-08 0.00011945773 1.6312644e-07 1.299721e-06 2.7943113e-08 2.4162237e-06 8.5663325e-09 2.8691189e-05 7.2620005e-06 6.746022e-07 8.57665e-09 1.0249728e-07 1.907184e-08 1.0312533e-06 4.4087254e-05 1.614846e-09 1.1398414e-09 1.22439126e-08 5.686907e-08 2.4823889e-08 2.628475e-06 1.229521e-08 2.1687326e-08
0.0006601646 0.00022947951 0.018423356 0.0002737734 3.399328e-05 0.19770455 0.82445943 7.0924805e-05 0.00029081473 0.9982002 0.99999994 0.0028050623 0.00029200668 0.00019521957 4.767448e-19 6.2157255e-06 0.0006696822 1.4855269e-05 1.922288e-07 0.0007944657 3.8004066e-07 4.218056e-05 0.0001522853 2.817727e-06 1.937459e-05 6.823065e-08 3.6145135e-05 5.5947453e-07 9.7265176e-05 3.0370535e-07 4.4708113e-06 1.7439683e-05 4.7951013e-05 8.502316e-08 4.7100164e-07 4.9132e-06 4.1169038e-05 1.5809558e-06 2.1896345e-05 2.0417033e-07 5.921973e-07 2.487184e-07 1.1070936e-07 6.134979e-08 6.1691004e-08 8.101726e-06 4.075948e-08 2.5159552e-05 7.3898963e-09 2.9561294e-05 1.3534383e-08 1.1538695e-05 2.9672703e-06 3.341339e-07 7.673113e-06 5.2798055e-07 1.9207293e-06 6.923329e-07 2.8907613e-07 7.669564e-08 1.1045463e-06 7.228013e-08 1.1769293e-05 4.519215e-07 7.376258e-07 1.3271189e-06 6.2846595e-08 6.5334975e-06 1.4608427e-05 1.2043972e-07 3.34277e-07 6.231024e-05 3.0792999e-06 1.3400256e-05 1.3893622e-06 1.8592377e-08 0.0001296898 2.3001121e-08 2.9042555e-08 2.389535e-05 1.8903435e-08 1.4975768e-08 4.1231863e-07 9.7927675e-09 2.0596287e-09 5.573321e-07 9.4931875e-07 6.8964687e-07 2.2518927e-08 1.0825804e-06 1.1187216e-07 3.7618018e-05 0.00018016982 1.4433276e-07 3.4351675e-08 1.1700885e-08 7.040445e-06 1.4508143e-05 1.0928968e-06 1.7886867e-08 3.0879798e-07
0.8782569 0.26148456 0.038894452 0.39661917 0.52427447 0.024241474 0.000604476 0.16981435 0.9621931 0.00055846863 2.087412e-05 0.00015578621 0.0030164137 0.7735893 6.2157255e-06 8.2222434e-13 0.0005463499 0.94114524 0.81911206 3.6169874e-06 0.91367304 0.0026432343 0.0005520715 0.9525946 1.6525225e-06 0.93250805 0.010762886 0.26564175 2.474071e-07 0.066398226 0.004105949 1.7612925e-05 3.5474735e-05 0.15702662 0.8099837 3.1365082e-06 0.0044604456 1.9374208e-06 0.0029213747 0.0024427222 0.023194265 0.007660136 0.00057792023 0.014289027 0.061918564 3.917008e-05 0.056280784 0.0006110146 0.00037567844 0.00012274405 0.0026241648 2.4916392e-06 0.00023408503 0.00047919335 9.506904e-05 0.00014852456 0.019162923 0.00019695135 8.592242e-06 3.8904087e-05 0.00014449646 5.895356e-06 7.333354e-05 2.848157e-05 2.2141103e-05 3.917688e-05 2.0042585e-06 0.00012641809 1.9428423e-06 1.9911597e-05 1.2572789e-05 0.0007986544 1.0227636e-06 8.228229e-07 1.6206604e-06 1.3884595e-07 1.0016e-05 3.044557e-08 3.2142277e-06 3.939955e-07 5.72783e-07 4.5346987e-06 2.9899485e-07 1.1185025e-06 2.5257505e-06 4.1290454e-07 2.863582e-06 1.8375395e-05 5.063448e-07 3.6610527e-07 1.4418128e-09 1.8542062e-07 1.4683864e-07 2.6349286e-07 1.05509734e-07 6.2883773e-06 3.673915e-08 6.8185926e-07 5.7932044e-07 4.5315227e-09 5.1040884e-06
0.9714972 0.86950856 0.803443 0.43976647 0.009740414 0.017395748 0.067498274 0.0010394829 0.019240407 0.8920195 7.370921e-05 0.9455659 0.8961883 0.0001942381 0.0006696822 0.0005463499 2.492076e-12 0.016632598 0.00024168668 0.18654205 0.00039950947 0.5990543 0.9401603 0.0014998053 0.0019912878 0.0001682487 0.59315324 5.091553e-05 0.022231048 3.4521668e-06 0.15645918 0.0054964814 0.061652128 4.000585e-05 0.0002598043 0.00017296748 0.9186376 0.0010763234 0.3411851 7.157774e-07 4.4814722e-05 4.403322e-05 1.3799635e-07 2.0962325e-06 2.0143973e-06 0.0026843846 1.39685e-06 0.02768868 1.6115055e-06 0.01601454 1.0464308e-06 8.008304e-05 1.0068687e-06 4.399242e-07 0.0071738856 4.1774348e-07 0.005094494 1.847572e-06 0.00014767417 7.426964e-08 3.2211736e-07 5.2892467e-08 5.370755e-07 2.3032942e-07 0.001046398 7.442644e-07 5.0705296e-08 4.308175e-05 4.1059442e-07 6.390871e-06 2.628446e-07 0.0017096589 4.9069108e-08 5.885806e-06 4.347185e-05 7.885567e-09 1.702952e-05 7.5861203e-06 2.6380289e-05 8.435293e-09 1.625344e-06 3.324114e-06 1.7738035e-05 1.72337e-06 8.246798e-06 4.3234326e-07 4.4497148e-07 7.184919e-05 1.8919083e-05 8.305725e-08 1.2584407e-08 2.1407309e-06 1.712067e-06 4.041584e-08 6.4939796e-09 2.2442768e-05 5.7944828e-08 1.2023825e-06 2.7241293e-07 1.0688745e-08 1.5482349e-06
0.99256545 0.80251366 0.56992966 0.70114154 0.56203127 0.025630794 0.0030466951 0.09717617 0.89863455 0.0007975177 2.58952e-05 0.012784017 0.45746762 0.20298354 1.4855269e-05 0.94114524 0.016632598 1.8427115e-12 0.45069936 0.0018314188 0.44465363 0.24804908 0.03016573 0.94244665 5.034889e-05 0.849133 0.44746158 0.33025056 0.000179465 0.118536934 0.2827911 0.0002512897 0.0009220535 0.042709257 0.46538764 0.0002210474 0.13618998 5.3910204e-05 0.12710412 0.005483073 0.00417493 0.046288855 0.0025117528 0.0047101974 0.012946268 0.00048153612 0.015113934 0.024980431 0.0017973472 0.003353176 0.0013125379 4.350656e-05 0.0004101315 3.931293e-05 0.0062518325 0.00016419441 0.3229934 0.0012910679 5.1359024e-05 0.0002922655 0.00038943972 5.154929e-06 0.00023388957 0.00017907692 0.0003465455 1.8744786e-05 1.1553229e-05 0.002600522 2.3134162e-05 0.0012780828 1.2774608e-05 0.0040084696 9.785714e-08 8.1676946e-05 0.00015614825 2.62988e-07 5.639631e-05 1.2722936e-05 0.000334689 4.860261e-07 4.213428e-05 3.4507939e-06 0.00014515582 3.95481e-05 6.4723776e-05 2.0847818e-07 3.0352643e-05 0.00046964266 0.00010214722 1.3281173e-05 4.85714e-08 1.4825505e-05 3.433915e-07 1.2571741e-06 1.3125614e-07 3.666343e-05 7.728007e-08 1.0954084e-06 3.9043966e-06 5.2231747e-10 7.14909e-07
0.8091963 0.00078168255 6.523234e-05 0.0001684346 0.0011386807 5.9947117e-05 1.0535695e-06 0.009688898 0.03682026 3.5555415e-05 6.0155826e-06 5.755611e-06 0.000353961 0.9589606 1.922288e-07 0.81911206 0.00024168668 0.45069936 2.849429e-16 1.206103e-07 0.9987138 0.0003635973 5.9313785e-05 0.6512552 1.4395088e-07 0.40714854 0.0058665317 0.6310593 1.5056499e-09 0.1888059 0.00050812814 4.7812745e-07 2.7455213e-05 0.03127833 0.7101972 1.5618913e-07 0.0040656803 8.201401e-08 0.00076058024 0.0024872543 0.014460524 0.03089453 0.0004776664 0.0039386745 0.024030013 1.6039498e-06 0.010304679 0.00021866681 0.0003473565 0.00025489347 0.00028031997 3.897646e-07 2.1979004e-05 6.492296e-05 5.9606722e-05 2.3931098e-06 0.009282821 8.836311e-05 2.452404e-06 6.644146e-05 5.9884773e-05 4.0957506e-08 5.952455e-06 1.940248e-06 7.939335e-06 3.2712975e-07 2.0564357e-07 5.6591398e-05 4.4588372e-08 1.8008823e-06 1.1869795e-07 0.00016024987 9.837584e-09 7.2830323e-07 4.2363337e-07 1.7606155e-09 3.0249062e-06 3.464255e-07 9.832656e-08 4.950096e-08 8.685932e-08 4.9058275e-07 7.075807e-07 8.234475e-08 3.0721648e-07 2.0685441e-07 1.533499e-06 2.5336769e-05 1.6051983e-08 4.450131e-07 2.4117697e-09 2.2940999e-07 3.3252982e-07 8.632849e-08 7.570946e-09 5.4107005e-07 1.2368502e-08 6.2665104e-09 2.653734e-07 7.847352e-09 8.8623295e-09
0.6636651 0.008643292 0.022049129 0.0007662039 5.3127346e-06 0.001882668 0.0016229023 6.5599133e-06 0.00028400272 0.88778794 1.818126e-05 0.9408455 0.14757206 2.0532875e-06 0.0007944657 3.6169874e-06 0.18654205 0.0018314188 1.206103e-07 6.1095703e-15 4.81763e-07 0.076875396 0.52726644 0.00014748641 0.9998393 1.3279329e-06 0.03989276 4.961307e-06 0.031482335 1.968172e-07 0.05730206 0.37960416 0.78569984 1.9572287e-06 7.1970676e-06 0.12135096 0.2508514 0.3826536 0.27106398 3.17505e-07 3.704392e-05 2.4533409e-05 4.050397e-08 6.0537336e-06 9.459744e-08 0.29651845 9.617079e-07 0.21023549 9.760531e-08 0.09368254 2.9429632e-06 0.0043595554 6.221036e-07 6.986758e-07 0.032108486 1.06017886e-07 0.00047514262 6.2026834e-07 0.0058623683 6.690419e-08 2.7809608e-06 7.806704e-08 4.080075e-06 5.66057e-07 0.006978239 4.8247755e-05 1.5014969e-06 7.447384e-06 6.2358054e-06 1.6176198e-06 1.4842084e-07 0.0012710972 1.4312654e-07 0.00023887593 0.0003826831 5.094632e-07 0.0016287616 5.497707e-06 5.4867627e-07 0.00017562581 8.2426726e-07 5.196024e-06 4.5942754e-05 1.4103529e-07 1.4941631e-06 3.1232954e-05 2.716505e-07 8.758584e-06 5.1397215e-06 2.9694759e-06 2.4903302e-06 2.0783054e-06 0.0026103482 3.751049e-06 1.7632117e-07 5.541355e-06 6.366168e-08 8.96521e-06 2.405928e-07 7.8519214e-08 1.0418136e-06
0.59300935 0.0001739831 0.00014000735 0.00011557235 0.00020047287 0.0002823844 4.9761074e-05 0.004884862 0.057314225 0.00029229085 8.7681315e-07 2.3900388e-05 0.0004961832 0.8170189 3.8004066e-07 0.91367304 0.00039950947 0.44465363 0.9987138 4.81763e-07 4.730737e-15 0.000351422 7.411332e-05 0.50450265 2.0538407e-07 0.6080029 0.0026683505 0.8927229 1.17778264e-07 0.8102799 0.00071287097 1.7806245e-06 8.7777036e-05 0.47871786 0.82117254 5.3189933e-07 0.0029433465 8.2620096e-07 0.0013994948 0.092924155 0.33938023 0.11668686 0.034059215 0.09131773 0.044927627 2.2098386e-05 0.050860874 0.0005467155 0.01206478 0.00067368126 0.0032322933 5.099865e-06 0.0007217199 0.0001634325 0.00026531002 0.00022005277 0.015622578 0.0012869516 7.5928365e-06 0.0011469212 0.001077084 1.3130855e-06 0.00050659507 4.1579788e-05 6.99941e-05 4.2417287e-06 1.3885933e-05 0.0012099214 1.0570558e-06 0.00010070166 5.8405926e-06 0.0008453278 5.2985644e-07 2.4124463e-05 8.315268e-06 6.249596e-07 0.00013103786 3.0347778e-07 3.9034253e-06 1.4557387e-05 1.1708577e-06 3.7368227e-05 4.5161537e-06 1.5752817e-06 1.4492744e-06 3.9772412e-06 5.829902e-06 5.77393e-06 3.1399813e-07 7.0392326e-07 1.6027416e-08 3.115042e-06 2.2679753e-06 5.3866133e-06 8.3783635e-07 2.2333056e-06 3.300822e-08 2.0006148e-08 1.1864175e-06 2.217817e-07 9.0626045e-08
0.8862716 0.29584974 0.32585713 0.17639762 0.011895747 0.0041543543 0.0047799707 0.0008984687 0.04196033 0.06559708 6.9226126e-06 0.25392917 0.920894 0.00018357833 4.218056e-05 0.0026432343 0.5990543 0.24804908 0.0003635973 0.076875396 0.000351422 1.5100903e-13 0.97938156 0.020073624 0.00014530361 0.004797549 0.9798022 0.0005506786 0.0043710414 0.00013380201 0.9069573 0.003437 0.0126008075 0.00024989664 0.00029376778 0.00031280963 0.66471195 0.0013988931 0.479238 1.2764998e-05 0.00020236147 0.0006554245 8.15985e-06 2.1559343e-05 5.0067033e-06 0.0014064979 3.1372634e-05 0.0789754 0.00017981022 0.0039496673 2.1389085e-06 0.00017342219 2.733725e-05 6.1225614e-07 0.004615892 2.4719639e-06 0.010147983 0.00015367258 0.00021848256 1.6804199e-06 2.2977436e-05 4.5575636e-08 1.2812991e-05 4.7761838e-05 0.000107116866 4.3365515e-07 2.0406389e-05 0.00014252675 3.100129e-06 0.0003535386 1.4798869e-06 0.0017920908 1.4447921e-08 1.0688334e-05 5.2634412e-05 1.13934924e-07 2.2766448e-05 1.617134e-06 6.969384e-05 9.6953855e-08 2.7854903e-05 3.750423e-06 1.6441809e-05 7.74729e-06 4.2346956e-06 8.195443e-08 1.4002158e-05 0.00028766302 3.1601117e-05 1.6398892e-06 5.4436073e-09 2.452209e-07 2.230009e-06 7.315618e-07 9.028703e-08 2.3811308e-06 3.333107e-08 1.7436439e-07 1.1323931e-06 1.5148137e-08 1.3215548e-07
0.8526174 0.056488883 0.08144493 0.030169433 0.002074741 0.0036100144 0.0030685547 0.00022343964 0.011565953 0.09050193 1.0812096e-05 0.8149975 0.859625 2.8493416e-05 0.0001522853 0.0005520715 0.9401603 0.03016573 5.9313785e-05 0.52726644 7.411332e-05 0.97938156 9.7218735e-14 0.0031861458 0.0047454624 0.00089345314 0.8240122 0.00015870725 0.08811183 2.0097374e-05 0.93521917 0.18901454 0.3635617 4.3015818e-05 6.515397e-06 0.015763152 0.89140946 0.020706391 0.8318934 2.8364107e-06 4.9874146e-05 0.00017926557 1.0658931e-06 2.2266895e-06 2.7265492e-07 0.025732726 1.7440755e-06 0.43004847 1.02349695e-05 0.02615763 2.9317007e-07 0.0020426433 1.00692205e-05 2.8051932e-07 0.020112582 1.3502411e-06 0.004623924 2.9278006e-05 0.0021490094 1.6109547e-07 1.8237358e-06 3.9876088e-08 2.656437e-06 4.8720135e-06 0.0012672603 1.8395663e-07 5.482754e-06 3.9335053e-05 2.9108635e-06 0.00022329841 4.3207407e-07 0.0030830083 4.327724e-08 0.000109833316 0.0009864027 4.441555e-08 0.00016669898 0.00031823118 0.0003885192 7.848223e-08 1.14032755e-05 2.8606448e-06 3.2761433e-05 2.4305386e-06 2.1904929e-05 6.462919e-08 8.1428025e-06 0.0010353627 6.2999236e-05 9.186395e-08 3.2271386e-09 2.023718e-05 0.000103127895 5.4878487e-06 3.2096082e-08 7.890601e-05 8.123647e-09 1.4326413e-06 1.0347821e-06 7.603231e-09 1.6639966e-07
0.99390197 0.55378294 0.18974404 0.28971103 0.27905732 0.001739964 0.0002578612 0.08382906 0.6037845 5.3619733e-05 3.4985405e-06 0.000719068 0.029856876 0.1769593 2.817727e-06 0.9525946 0.0014998053 0.94244665 0.6512552 0.00014748641 0.50450265 0.020073624 0.0031861458 3.3631266e-12 5.379765e-06 0.939443 0.04035155 0.560873 4.4407766e-06 0.2180599 0.06693632 9.2030255e-05 0.0002828383 0.15121153 0.7428087 5.57093e-05 0.031038268 7.6183246e-06 0.023451082 0.013342339 0.029993575 0.116017655 0.0070760073 0.007755751 0.06695068 5.1408566e-05 0.04657613 0.0059110075 0.0055139097 0.0013002541 0.003676178 1.0763209e-05 0.001045752 0.0001178797 0.0017186877 0.00062410446 0.27966902 0.0030297276 3.1497915e-05 0.0005539385 0.0005722548 1.0774084e-05 0.0006929974 0.00023766661 0.00013620297 2.6951851e-05 0.000119672564 0.0039835502 5.1870946e-05 0.0012676218 9.0942376e-05 0.0030619758 5.296483e-07 6.515239e-05 8.984558e-05 2.884052e-06 3.6974812e-05 4.5496604e-06 0.00035673392 2.3961081e-06 0.000105197614 2.6354843e-05 0.00019484645 0.00036309552 0.00015032233 1.0377172e-06 0.00015189426 0.00085382117 9.395884e-05 5.8230933e-05 3.2265124e-08 6.691409e-06 3.655338e-07 1.5646559e-06 2.2636298e-06 5.9884664e-05 3.5134744e-07 4.1266576e-06 2.980585e-05 2.849548e-09 1.2385939e-06
0.24794006 4.5740646e-05 0.00011649136 3.822961e-06 7.64743e-09 6.270172e-06 0.00010854689 5.507092e-07 1.275817e-07 0.009236041 2.2957721e-07 0.041538484 0.00015912812 7.427006e-08 1.937459e-05 1.6525225e-06 0.0019912878 5.034889e-05 1.4395088e-07 0.9998393 2.0538407e-07 0.00014530361 0.0047454624 5.379765e-06 1.3311868e-13 9.5701196e-08 0.000363055 1.0840566e-06 0.99898684 6.009688e-08 0.0003280656 0.13942558 0.20896883 2.7494855e-07 2.1746705e-06 0.034447197 0.0082938215 0.012607677 0.0027334448 7.196837e-07 1.954362e-06 1.9535196e-06 8.8010516e-08 1.9907645e-07 1.2903894e-07 0.0135704065 1.3927172e-08 0.007187678 7.507691e-08 0.019457566 3.29003e-08 0.0045368792 1.3036376e-06 1.3472422e-07 0.0045793555 5.970306e-08 3.9093913e-05 3.7456675e-07 0.0023719992 1.6049037e-07 5.6350615e-07 4.2022858e-08 2.1909516e-06 1.2806821e-07 0.0024129169 4.84382e-07 2.957099e-07 5.1349107e-06 2.3513865e-06 1.5046992e-06 5.996066e-07 0.00068054063 7.1177413e-07 0.0003195294 0.0006725948 7.619596e-08 0.0005690564 2.3354442e-05 2.5817267e-06 8.2892456e-07 6.5815954e-08 5.299921e-06 1.0386078e-05 4.7066177e-07 3.631802e-06 6.92047e-07 1.6796638e-06 2.4240026e-05 5.452755e-06 3.6083725e-07 5.5053622e-08 1.7985187e-06 5.007968e-08 3.6130037e-05 2.4875803e-07 2.7787724e-05 5.3664774e-08 4.9910814e-06 2.257855e-07 2.9514656e-08 4.666667e-08
0.9856545 0.030302938 0.015819445 0.025448639 0.010735792 0.00016626016 9.61978e-06 0.01026598 0.31439477 8.786083e-06 4.270146e-07 6.708651e-05 0.004751721 0.08909489 6.823065e-08 0.93250805 0.0001682487 0.849133 0.40714854 1.3279329e-06 0.6080029 0.004797549 0.00089345314 0.939443 9.5701196e-08 1.7932689e-14 0.008216877 0.9623362 1.1365482e-07 0.6865077 0.02107768 1.0745742e-05 9.425673e-05 0.26400807 0.5618873 4.0664554e-06 0.0071470626 4.5708813e-07 0.0077701285 0.04271475 0.033629242 0.4578682 0.05163858 0.01897857 0.070354514 1.7725488e-05 0.07760438 0.0020941696 0.032481793 0.00064892136 0.009458987 3.4015673e-06 0.00583706 0.0002566184 0.0005462048 0.0031102453 0.35700357 0.007616582 1.1950148e-06 0.0016108704 0.0018538705 4.972806e-05 0.0018298808 0.000599456 3.8346872e-05 0.00010628754 0.00041015557 0.0043167397 3.9446662e-05 0.0020581156 0.00011442892 0.001899709 3.2323254e-07 5.2662854e-06 2.6887758e-06 1.1116381e-06 3.0329159e-06 3.237104e-07 4.9052855e-05 3.89439e-06 4.7950147e-05 3.847701e-06 9.991562e-05 9.802841e-05 9.522252e-06 3.3055875e-07 6.272454e-05 0.00016804071 4.946083e-05 7.1447857e-06 2.0670955e-08 7.438546e-08 6.365828e-08 3.1980787e-07 3.2210414e-07 5.183957e-06 7.571354e-08 1.899195e-07 7.840534e-06 1.2187126e-09 2.2009061e-07
0.96584725 0.7239267 0.6168851 0.35300565 0.047781184 0.0032430214 0.0076057375 0.005235459 0.07908254 0.15808783 6.8494633e-06 0.3325138 0.8391888 0.0008837121 3.6145135e-05 0.010762886 0.59315324 0.44746158 0.0058665317 0.03989276 0.0026683505 0.9798022 0.8240122 0.04035155 0.000363055 0.008216877 1.5021301e-13 0.0022075868 0.0039408333 0.00033640035 0.96846616 0.0016420146 0.01591616 0.00069591415 0.003311096 0.00031329837 0.7540353 0.00092588837 0.5860603 3.2499844e-05 0.00031651987 0.0004685066 1.8005296e-05 1.9977922e-05 4.003734e-05 0.0005314126 3.0217388e-05 0.04847761 0.00011547166 0.004311745 5.216057e-06 7.534104e-05 6.527828e-05 3.5798703e-06 0.0032668582 1.771633e-05 0.025070742 0.00014819998 0.00010165781 1.7363633e-06 1.652829e-05 7.2004795e-08 1.3281426e-05 3.5352612e-05 0.00011008825 8.5507146e-08 7.941252e-06 0.00029215822 2.6429004e-06 0.00035466885 1.6864693e-06 0.003320279 9.29119e-08 3.6081262e-06 6.014238e-05 1.8964982e-07 1.9575975e-05 3.3479496e-06 9.3473194e-05 1.01399415e-07 4.437959e-05 5.670909e-06 1.997036e-05 3.9899664e-05 2.3057644e-05 6.87221e-07 3.08536e-05 0.00070809544 1.7835284e-05 9.779828e-06 1.0148276e-08 2.3848897e-06 7.3697885e-07 6.628008e-07 2.2691188e-07 7.8336725e-06 1.1023296e-07 7.221526e-07 2.2892166e-06 4.071121e-09 3.5156327e-07
0.9403518 0.0028984742 0.00015861857 0.0013675387 0.008795394 1.1508769e-05 2.148094e-07 0.0030590354 0.1523201 2.8515762e-05 4.618355e-06 0.00011318868 0.0004700551 0.10654609 5.5947453e-07 0.26564175 5.091553e-05 0.33025056 0.6310593 4.961307e-06 0.8927229 0.0005506786 0.00015870725 0.560873 1.0840566e-06 0.9623362 0.0022075868 2.0224796e-12 1.3008959e-07 0.97975165 0.001807523 8.966493e-06 1.886809e-05 0.8643754 0.85365033 4.006818e-06 0.0008603845 1.8362963e-06 0.000629351 0.17916244 0.44923228 0.52312833 0.033999987 0.2367233 0.34409893 1.8327457e-05 0.44550353 0.00044345428 0.0068892688 7.1037044e-05 0.052846644 3.996608e-05 0.0035699152 0.0005340886 7.871585e-05 0.0035947473 0.1004922 0.0015827873 2.8859053e-05 0.0009313427 0.0013806877 0.00054413924 0.0010235341 0.0008378848 9.106991e-06 0.0005385776 3.064881e-05 0.00057995005 7.827441e-05 0.00011884572 1.11259005e-05 0.0006583803 1.0130977e-06 4.6122814e-06 1.1196123e-06 1.9444632e-07 5.786843e-05 1.0704057e-06 1.39411595e-05 3.859053e-06 1.5572834e-05 5.5230894e-06 3.0187505e-06 6.9021185e-06 1.2292486e-05 2.618532e-06 2.854248e-05 0.00010239631 3.436957e-06 5.327979e-07 1.7105965e-08 1.4636595e-05 4.06275e-06 1.1175417e-06 8.0008334e-08 1.08900085e-05 1.1383745e-06 1.8848146e-05 2.9919824e-05 1.3086811e-08 4.658739e-06
0.88169277 0.00024448032 0.0031858766 7.214278e-05 3.9346344e-07 0.00020171407 0.0008710221 2.6993624e-07 4.2615048e-07 0.06332543 5.600075e-06 0.5230868 0.0028339056 2.120511e-08 9.7265176e-05 2.474071e-07 0.022231048 0.000179465 1.5056499e-09 0.031482335 1.17778264e-07 0.0043710414 0.08811183 4.4407766e-06 0.99898684 1.1365482e-07 0.0039408333 1.3008959e-07 8.209944e-16 7.756341e-09 0.013585751 0.9282163 0.91774386 2.0275706e-08 2.1360863e-07 0.8621661 0.123779625 0.4456398 0.055290762 3.1013087e-08 7.0708757e-07 1.1173521e-06 8.573476e-09 9.034142e-07 4.906499e-08 0.57336634 1.2002864e-07 0.20890963 2.2317608e-09 0.42175937 9.4750243e-07 0.15631944 3.105541e-08 1.7191352e-06 0.22708628 2.0184018e-07 0.0004537288 1.2646879e-07 0.071092404 1.4661837e-09 4.6679393e-08 4.808736e-08 1.215206e-08 2.6791194e-09 0.08285424 9.783993e-07 4.9054233e-08 1.0770195e-06 9.584679e-08 2.8398479e-06 3.0516134e-09 0.0048261844 1.0708443e-07 0.0054025184 0.007050087 3.2707216e-08 0.00096146856 0.0003257772 3.343159e-05 1.538186e-06 5.532879e-08 1.6149811e-06 7.445271e-05 5.2238377e-08 2.5739803e-06 2.4351461e-06 1.3596767e-06 4.105248e-05 1.4193824e-05 6.550661e-08 7.447988e-08 4.92293e-05 1.4285482e-06 7.146434e-06 2.3679938e-08 3.6771733e-05 9.902784e-08 1.1422628e-05 1.9836303e-08 6.2120535e-09 2.627233e-07
0.9098889 0.00016422322 1.1009701e-05 0.00012812743 0.0008468003 1.9562976e-06 1.0896137e-07 0.0010261231 0.14305207 3.140438e-06 1.3283103e-06 1.0553624e-06 9.320037e-05 0.044482548 3.0370535e-07 0.066398226 3.4521668e-06 0.118536934 0.1888059 1.968172e-07 0.8102799 0.00013380201 2.0097374e-05 0.2180599 6.009688e-08 0.6865077 0.00033640035 0.97975165 7.756341e-09 2.5795736e-15 0.00060043443 3.968661e-07 9.70279e-07 0.95705897 0.51424766 2.1762794e-07 0.00013630862 2.5314126e-08 0.00020290235 0.83601683 0.3464969 0.91792774 0.6982786 0.20147817 0.15100512 1.15422e-06 0.2664152 7.075646e-05 0.15692124 3.7525053e-06 0.12376098 8.5949256e-07 0.233323 0.00028587363 1.0644745e-05 0.041926168 0.13960196 0.007447825 1.733252e-07 0.0039855987 0.003331704 0.001744276 0.03360252 0.0061257184 8.787313e-08 0.0010877787 0.0004740342 0.00070135755 0.00010590264 0.00012209528 3.679471e-05 0.00021992666 4.5463534e-07 1.9343156e-06 1.1333378e-07 1.5500542e-07 8.359763e-06 2.578581e-07 2.0292093e-06 6.935469e-05 1.9620727e-06 7.963802e-07 3.477204e-07 9.604805e-07 3.8657802e-07 4.954177e-06 9.924907e-06 8.601096e-06 5.229992e-07 1.280245e-07 5.8246783e-08 1.1885828e-06 8.6831915e-06 4.243268e-07 1.6373296e-08 3.4169916e-06 9.2929315e-07 3.3315687e-06 1.7879535e-06 2.2772981e-09 2.2682943e-07
