1.0248752e-14 0.47877932 0.94975036 0.9378217 0.9854596 0.693997 0.78992134 0.24931641 0.9373575 0.6363342 0.170249 0.47793794 0.8669343 0.020645589 0.76417655 0.8686416 0.9545196 0.00023617897 0.9699607 0.0061659343 0.9825543 0.4125254 4.085261e-06 0.07639015 0.8989462 0.8819487 0.9150121 0.93634844 0.21419294 0.94629174 0.9651167 0.9833044 0.97166914 0.824352 0.5344601 0.7949576 0.8215745 0.3283797 0.94978553 0.6784876 0.99805295 0.9983713 0.0737205 0.93617976 0.93337864 0.77737963 0.8963148 0.956127 0.20976967 0.9527918 0.86581653 0.4655418 0.88040745 0.93756294 0.6890127 0.00026162833 0.86292446 0.7939135 0.96186686 0.966479 0.95769787 0.96636647 0.84811044 0.0064480607 0.10462167 0.72007406 0.88030076 0.99211794 0.91132575 0.8251221 0.9637368 0.93027925 0.33522844 0.9855142 0.0010481148 0.8706631 0.9895835 0.6531546 0.017098498 0.16058376 0.0011883831 0.3101915 0.0044081877 0.014774989 0.57808644 0.99711704 0.8569137 0.15616873 0.9998419 0.95206916 0.99700713 0.7384652 0.2298826 0.053604785 0.0076742405 0.9994768 0.94419223 0.74438983 0.9963089 0.99917454 0.99990124
0.47877932 1.1497555e-15 0.9980546 0.11134256 0.10650039 0.7158662 0.17729856 0.9384077 0.01330979 0.006900164 0.4154081 0.98489577 0.48500845 0.06597149 0.0014119354 0.0041259932 0.1716098 0.007659376 0.0012442642 0.00035480066 0.004186183 0.00046899973 2.1215441e-05 0.00019566299 0.0010033051 0.048855837 0.009056369 0.017096182 0.00044115898 0.00017297473 0.001427086 0.0045854314 0.0020683473 2.7313156e-06 2.7056976e-05 3.6939215e-05 8.6957755e-07 0.001085967 4.610425e-06 0.00014421671 0.026320208 0.025411593 0.0009350449 2.777874e-07 1.5983007e-05 1.2838367e-06 6.232063e-07 1.8286682e-06 8.75309e-06 1.3876534e-05 1.6822222e-06 1.544995e-07 1.5724e-06 7.415195e-06 9.751358e-06 5.7925686e-09 5.8587044e-05 4.7260525e-07 0.00032812913 1.5842838e-06 6.152354e-05 2.0622183e-06 2.9774922e-08 1.1705105e-06 8.4111474e-07 1.4415881e-06 1.0742579e-08 0.00013773609 3.1006453e-05 1.4582481e-05 6.3918956e-06 1.1357967e-06 7.129987e-08 3.7006157e-06 9.2775053e-07 2.283321e-06 0.00023415448 1.7518103e-08 1.932084e-07 1.3422151e-07 2.0822712e-08 3.9300275e-08 6.106342e-08 6.4995623e-07 4.4254698e-09 2.6880812e-06 0.00017846537 4.29145e-08 5.862963e-05 3.8025966e-05 0.00013580348 6.0305257e-07 7.2569424e-07 5.105366e-07 3.0695992e-05 4.728893e-07 0.00038270466 2.704358e-09 0.00060184585 0.00027436958 0.0003317138
0.94975036 0.9980546 1.5500457e-14 0.9794096 0.046609398 0.13709164 0.018062996 0.30748615 0.0015062966 0.00012594194 0.061334837 0.79034096 0.62898505 0.0020121129 0.00026739697 0.3105093 0.117681675 0.0015992172 0.00010170193 7.4913536e-05 0.00036153613 1.734208e-05 1.0638858e-05 0.014941541 0.061892748 0.30730796 0.002369013 0.13312721 2.9279121e-05 2.1981332e-05 0.00013768015 0.022865217 0.0002801153 5.8707064e-07 8.817249e-06 9.518393e-06 4.2003307e-06 0.02452867 3.199685e-06 0.0049504954 0.05631272 0.43499562 0.010194683 1.6036607e-06 0.00037160137 9.447424e-07 2.1001492e-07 4.4891078e-07 1.5751029e-06 1.7640839e-06 1.4291397e-06 1.6570226e-07 7.4950185e-07 9.0999373e-07 0.00034461785 1.4108177e-08 0.022519315 4.994778e-07 0.007510435 1.0754369e-06 0.0016235138 1.1036708e-05 8.569401e-10 2.99941e-05 4.0666204e-05 6.426512e-07 2.9264797e-09 0.00031099518 0.00021889697 7.359409e-05 0.00026683556 8.714584e-06 1.3956323e-07 4.67745e-06 6.365889e-06 6.925373e-06 0.00044207377 8.262242e-08 2.4615294e-05 2.6424453e-07 4.4146577e-07 3.3978463e-07 1.0826268e-06 8.219814e-07 1.1056735e-07 1.0784765e-05 0.0004429061 3.2351824e-08 1.6088788e-05 0.00027702245 0.0031870147 3.1254303e-06 1.7302619e-06 1.10862985e-07 0.00075883593 2.3473197e-06 0.0012846149 3.936858e-10 0.0010659822 0.022376705 0.00017334199
0.9378217 0.11134256 0.9794096 2.8348187e-13 0.011337451 0.007532686 0.0041509545 0.006347636 0.00032268328 7.181809e-05 0.0003984219 0.06412072 0.9620146 0.00054503564 0.00014298773 0.9759868 0.11553219 3.8967468e-05 0.0002479886 8.692317e-05 0.0003124003 1.8827719e-05 3.4279597e-07 0.81156987 0.63031185 0.38490918 0.0017793848 0.24568057 2.4599125e-05 6.3099884e-05 2.2768247e-05 0.2644181 0.00048593158 4.7075537e-06 3.285653e-06 4.2893435e-06 2.0646034e-06 0.028134203 1.3102179e-05 0.0028517707 0.009346277 0.516531 0.011127944 1.0295395e-06 0.00031363437 9.4316384e-08 9.86183e-07 7.0886665e-07 1.77769e-05 5.568372e-06 1.7610885e-06 1.2731693e-06 7.521006e-08 4.0601412e-07 0.00096384634 1.1543669e-07 0.0014946806 3.3041027e-07 0.0074974326 4.5461734e-06 0.0020268082 4.177574e-05 4.9098695e-08 0.00022115158 7.841446e-06 1.2515087e-06 8.9428615e-10 0.00079957844 0.00026232886 0.00019354082 0.00035607177 4.4533595e-06 6.3520827e-07 3.3170123e-05 7.8144885e-06 1.3134098e-06 0.0006056584 1.0638188e-07 3.0626823e-06 3.0332905e-07 1.0263002e-05 1.2191742e-07 1.033193e-07 9.819233e-07 1.4486407e-07 1.7496648e-06 0.00027513548 8.298603e-07 7.65782e-06 0.00013170435 0.002127352 4.3714637e-05 4.7846956e-05 1.4110377e-05 0.00016778996 8.725935e-06 0.000461034 5.506115e-09 0.00029064144 0.017827665 0.00030744524
0.9854596 0.10650039 0.046609398 0.011337451 1.5161424e-13 0.7512235 0.98358876 0.5008701 0.8911159 0.54503673 0.18452057 0.8321693 0.57467115 0.26794776 0.5829053 0.00019467149 0.93710667 0.0023234559 0.45066229 0.019460946 0.5097996 0.03489168 5.9449074e-05 2.2490653e-05 0.00042164876 0.16711642 0.6328889 0.069067806 0.09064534 0.023827795 0.24902856 0.0045617586 0.13268349 0.0020785881 0.0012277614 0.0008693227 9.189844e-05 0.00023208756 0.00096002 1.8737834e-05 0.84469616 0.24591501 1.0046651e-05 3.1179952e-05 1.2876851e-05 0.00016227143 1.4463162e-05 0.00032243103 0.00019969419 0.0019639216 0.00063696847 4.0877847e-05 0.000111269255 0.0002621113 5.810523e-05 8.540983e-08 2.5800532e-06 1.9678455e-05 0.0001575904 0.00027530474 0.0012403841 0.0011694138 1.7027822e-06 1.4996307e-06 7.0358504e-07 7.705264e-07 2.1787494e-08 0.0564189 0.00016469846 1.7573497e-05 6.7599126e-07 2.0487632e-06 1.7137855e-06 5.9369246e-05 7.460994e-07 1.9585264e-06 0.0006947977 1.3806017e-07 3.7686225e-06 4.6910594e-07 2.9483613e-07 4.4538461e-07 1.1667146e-06 4.2336515e-07 2.3769763e-08 3.3118e-05 8.324928e-05 9.498018e-08 0.000116969706 0.00079186854 0.0013082165 1.2860343e-05 2.3719302e-05 1.09499105e-07 6.3047075e-05 4.7674166e-06 0.00072449556 3.082886e-07 0.000110156194 0.0016629283 0.00010779403
0.693997 0.7158662 0.13709164 0.007532686 0.7512235 2.210328e-14 0.96723384 0.99605685 0.24428694 0.9101991 0.9343758 0.32851556 0.2816661 0.094668 0.075708926 0.00016351466 0.23320225 0.0024031147 0.069874994 0.00072561606 0.07019443 0.03876526 3.877343e-06 4.661805e-06 3.3389275e-05 0.0149631305 0.0578622 0.002386404 0.02811656 0.0052171648 0.017486349 0.0002615537 0.006633267 6.7250876e-05 0.0008985364 0.00012433325 2.4477766e-05 0.00016103456 8.510539e-05 1.1718123e-05 0.29875675 0.005942011 1.7425933e-05 1.8014317e-06 2.0711961e-06 3.2279777e-06 3.474121e-07 1.8222921e-05 0.00014793537 0.00031778566 2.4579755e-05 1.0321054e-06 1.9699448e-05 6.108619e-06 1.1324817e-06 9.28405e-08 8.311117e-07 2.4702832e-08 1.9208833e-06 1.2242846e-05 1.5662064e-05 2.806799e-05 6.513024e-08 1.5835488e-07 1.558646e-07 2.9755622e-06 2.124275e-09 0.00039765585 7.655279e-06 1.6208936e-06 1.1549715e-07 1.4747486e-06 5.7572365e-08 1.3638201e-05 1.6301448e-07 2.3063296e-07 0.00010879292 1.4128265e-08 1.1003108e-07 7.2885347e-09 2.5668038e-07 2.2051836e-09 4.319593e-08 1.01814926e-07 4.655176e-10 3.709072e-07 1.41729e-05 1.2682702e-07 2.8061231e-06 8.5463995e-05 0.000100835634 1.4576325e-08 4.4665487e-08 6.070806e-08 8.3178486e-07 4.5139075e-09 0.00028066157 5.1663594e-11 1.6956812e-06 9.21889e-05 6.928881e-06
0.78992134 0.17729856 0.018062996 0.0041509545 0.98358876 0.96723384 2.639377e-15 0.5663436 0.98484516 0.9560279 0.466039 0.737836 0.17028682 0.23548758 0.5162875 0.00016023597 0.44128105 0.0013652024 0.22861505 0.0070230775 0.14695625 0.034785792 1.211758e-05 1.1628673e-05 2.8347113e-05 0.021370025 0.180863 0.0063926214 0.09009843 0.008298355 0.06632451 0.0008371411 0.04063842 0.00064246956 0.0018351044 0.00035563213 1.772618e-05 4.728325e-05 9.822136e-05 3.0818057e-06 0.5242723 0.028601073 9.671201e-06 2.8231493e-06 1.4032655e-06 1.0928639e-05 1.1679002e-06 6.3244355e-05 0.00038784227 0.0014171981 0.00015163851 1.7588287e-05 4.7907863e-05 0.00010441173 7.5107205e-06 9.2727426e-08 1.593749e-06 2.831855e-07 9.458184e-06 6.167799e-05 6.0746606e-05 0.00035219418 1.0008146e-06 5.656075e-07 7.127676e-08 3.3366837e-07 1.3151043e-08 0.01085908 1.8818277e-05 2.6732355e-06 6.0802125e-07 3.7340044e-07 4.1019408e-07 3.5050547e-05 6.5536136e-07 1.3901726e-07 0.00013060593 2.9502667e-08 1.4299515e-07 4.0726917e-08 4.809651e-07 1.2901428e-08 1.2829204e-07 1.4937677e-07 3.100525e-10 1.0372013e-05 3.283885e-05 2.3730931e-07 0.00012320532 0.00020199762 0.00041436375 1.0753764e-06 1.6367386e-07 1.3834263e-07 9.004154e-06 3.7965486e-07 0.00062914303 5.250135e-09 7.6923825e-06 9.2435665e-05 0.00017527376
0.24931641 0.9384077 0.30748615 0.006347636 0.5008701 0.99605685 0.5663436 4.6823136e-12 0.079686455 0.21582447 0.99055886 0.7929594 0.056709964 0.5728132 0.08982154 0.0002489853 0.030306643 0.016848715 0.023055604 0.018899685 0.0019333963 0.018756045 0.00025339393 2.3059889e-05 6.3169726e-05 0.002514672 0.0048663886 0.0005206277 0.12311041 0.000443935 0.0015143048 0.00014876414 0.00060564536 2.3138577e-05 0.00015856532 0.00013974191 4.4870258e-06 0.0002886383 1.9696481e-05 5.8313317e-06 0.082977064 0.0014341648 2.6107262e-05 9.007155e-07 1.1793277e-06 2.74977e-06 1.0021221e-06 1.856263e-06 0.00011136639 6.0828635e-05 7.827534e-06 1.8542779e-06 1.2760562e-06 4.462028e-06 1.6613874e-06 5.548581e-07 1.7353022e-06 1.2616366e-07 3.967974e-06 2.5511123e-05 7.808112e-06 1.005487e-06 2.4376266e-07 9.899039e-07 3.675883e-07 6.353283e-07 4.7227546e-09 5.3692907e-05 2.7395122e-06 2.0363957e-06 5.799658e-08 1.1432016e-06 5.123735e-07 6.167854e-06 2.7749692e-07 2.3401572e-07 1.697423e-05 1.2801711e-08 1.6491431e-07 2.124284e-08 5.701659e-07 1.2658385e-08 1.3551593e-07 4.829761e-07 4.2050796e-10 2.511628e-07 1.8305605e-05 2.0824142e-08 9.228958e-06 4.4280787e-05 3.788523e-05 1.9555717e-08 1.06308654e-07 1.1388559e-07 6.4857395e-06 1.5174306e-08 0.000109184046 3.2513139e-09 1.031667e-05 1.5255719e-05 1.9619149e-05
0.9373575 0.01330979 0.0015062966 0.00032268328 0.8911159 0.24428694 0.98484516 0.079686455 8.203942e-14 0.9836029 0.110910006 0.19092996 0.20437585 0.030150147 0.5321552 3.3824606e-05 0.7749131 0.000109046894 0.60948116 0.001919475 0.83930194 0.47890732 4.3142045e-06 2.1351087e-05 3.8932235e-06 0.048114873 0.6076531 0.014661749 0.23092842 0.07893996 0.52795404 0.0003305693 0.14934634 0.0059845243 0.021196984 0.0023170179 0.00038652035 0.000106219944 0.003559788 2.620698e-06 0.9165136 0.062069695 5.7806405e-06 7.456989e-05 3.295342e-07 0.00026898095 5.0567985e-05 0.0016387785 0.0072691245 0.010331854 0.0010947374 0.00021009358 0.0003862149 0.0003386442 2.7828773e-07 6.7397873e-06 1.6920852e-06 7.3963724e-06 4.470453e-06 0.0020681845 5.4830125e-05 0.00203278 8.573309e-06 1.7897173e-06 5.361181e-07 2.7567703e-06 2.1328577e-07 0.050820097 7.5646344e-06 2.757283e-06 1.0145436e-07 1.5845164e-06 3.84455e-06 0.00022059484 7.868612e-07 2.4283827e-05 9.87705e-05 2.5582042e-07 1.4505285e-06 6.9881446e-07 2.2809336e-06 6.083345e-07 2.4288343e-07 3.555714e-07 1.5247362e-08 0.00017544602 5.4180695e-05 1.2850346e-06 0.0008048109 0.000408155 0.00094427855 6.8563226e-05 2.1531192e-05 1.2940026e-07 6.050051e-06 1.2249993e-05 0.0011171775 1.8348759e-07 5.3872814e-06 0.00034817684 8.4948326e-05
0.6363342 0.006900164 0.00012594194 7.181809e-05 0.54503673 0.9101991 0.9560279 0.21582447 0.9836029 4.5759983e-14 0.9741376 0.06526464 0.060297146 0.027220624 0.9456099 2.6125917e-05 0.28840044 0.00018261431 0.46063223 0.0014031706 0.23406471 0.5178224 3.173341e-06 3.1318034e-06 2.3164619e-06 0.0037643735 0.09976472 0.00063660776 0.45376617 0.0155553585 0.079818204 6.355071e-05 0.012526169 0.0012638073 0.009439054 0.00064407685 6.413838e-05 9.6355405e-05 0.0007336211 3.746866e-06 0.43614957 0.0021804003 1.7923052e-06 1.0172691e-05 2.2250008e-07 9.196139e-05 1.613764e-05 0.00029119244 0.003039176 0.0011387942 0.00021163578 3.78818e-05 0.00014232924 0.00029534596 9.439571e-07 1.5166048e-06 1.1232502e-05 6.9624076e-07 1.6281892e-06 0.00011541155 3.62287e-06 0.000106671585 2.5882991e-06 6.708961e-08 8.9098066e-08 3.505004e-07 2.18196e-08 0.0007423229 1.1728201e-06 1.1154909e-06 2.181488e-06 2.2544874e-07 9.361012e-07 1.583354e-05 5.201684e-07 2.3581547e-06 7.0317014e-06 1.6726742e-07 7.051895e-08 5.556813e-08 9.683659e-06 1.6663142e-08 9.3417974e-08 8.793417e-08 1.8424753e-09 3.91353e-06 8.569157e-06 6.634718e-07 0.00012242571 5.021328e-05 0.00012698711 5.1365564e-06 8.3835744e-07 7.624128e-07 4.732737e-07 1.3746208e-06 0.00012997273 1.8267786e-08 1.92644e-06 6.116404e-05 1.4315794e-05
0.170249 0.4154081 0.061334837 0.0003984219 0.18452057 0.9343758 0.466039 0.99055886 0.110910006 0.9741376 2.0743418e-13 0.06992375 0.006683296 0.21480826 0.9825042 3.9176695e-05 0.013782802 0.004592609 0.07396867 0.019157983 0.0048480816 0.37253293 3.4536664e-05 2.9892728e-05 1.19147635e-05 0.0004629245 0.0027752009 9.158347e-05 0.5898799 0.0029409602 0.0012302579 2.2410451e-05 0.00037775983 0.00046793438 0.0019184193 0.00056021457 0.00018577525 3.5013327e-05 0.00013776867 7.910057e-06 0.052297745 0.0002807569 4.957168e-06 2.716497e-05 2.7610682e-07 0.00014440154 4.1000535e-06 1.32239575e-05 0.00097093266 0.00014787188 1.9523957e-05 2.521872e-05 2.0888578e-05 5.9866907e-05 7.9755864e-08 5.0183553e-07 6.9599478e-06 1.5424452e-07 1.1402248e-06 1.964759e-05 9.040675e-07 4.195767e-06 4.1529736e-07 1.8037363e-07 1.1612193e-07 1.48957415e-05 6.7712165e-09 3.7452995e-05 4.71447e-07 2.9031012e-06 7.4291495e-07 2.7703247e-06 6.5697986e-06 7.921676e-06 2.6877192e-08 1.4558669e-06 2.1182436e-06 1.3352265e-07 1.2813925e-08 9.0553955e-09 7.9979765e-07 1.0311393e-08 4.5396913e-08 4.53552e-08 8.8716434e-10 6.871646e-07 8.469238e-07 6.0461144e-07 1.6194082e-05 2.1701026e-06 1.4381984e-05 2.655316e-07 2.7551917e-07 1.0400257e-06 6.9856156e-08 2.7185575e-07 2.661368e-05 5.3676827e-09 2.724988e-06 1.4589421e-05 1.926757e-05
0.47793794 0.98489577 0.79034096 0.06412072 0.8321693 0.32851556 0.737836 0.7929594 0.19092996 0.06526464 0.06992375 1.1311189e-11 0.28470358 0.99934065 0.012008636 0.006213921 0.19169904 0.43768463 0.0032484678 9.775263e-05 0.0020665894 0.00025911717 0.00025915573 0.00026931206 0.0014959739 0.042332496 0.019990452 0.008069456 3.903256e-05 2.8576827e-05 0.0019555106 0.00072749425 0.0019189665 1.2285601e-06 1.4142096e-06 3.1898924e-06 5.0244563e-07 0.0007758225 3.6358134e-07 2.2295357e-05 0.010497625 0.0025649103 0.00025786215 1.6902387e-08 7.070266e-06 1.0521914e-07 7.634183e-09 8.61298e-08 4.5111494e-05 1.7842758e-06 6.152603e-08 2.2229815e-07 6.268426e-08 1.3246739e-07 2.888488e-05 1.1102465e-07 0.0003746584 5.595065e-09 2.2553393e-05 1.6359755e-07 0.0002786459 8.448683e-07 3.174235e-07 4.0502237e-06 7.8982424e-07 1.7041389e-08 1.1199609e-09 5.8592068e-05 2.9927129e-05 1.9475187e-06 1.936106e-06 1.7209688e-06 6.1002586e-10 6.7189336e-07 8.7802573e-07 5.4751194e-08 2.852523e-05 2.1590912e-08 1.3392444e-06 8.666372e-08 7.4875565e-08 6.826169e-10 1.1412761e-07 2.3476412e-07 9.773561e-10 3.850966e-07 0.00059099705 4.756703e-08 9.675094e-06 0.0009404398 0.0011291989 6.588026e-08 6.1087874e-08 1.699617e-08 2.9304545e-05 1.1541155e-06 0.0025772585 2.967635e-10 7.4621756e-05 0.0012085952 0.00011565263
0.8669343 0.48500845 0.62898505 0.9620146 0.57467115 0.2816661 0.17028682 0.056709964 0.20437585 0.060297146 0.006683296 0.28470358 4.799462e-16 0.018661624 0.020111267 0.77265984 0.9727386 0.00031684755 0.020980153 0.0007232547 0.014118401 2.028957e-05 7.963089e-07 0.050255146 0.45351174 0.9786642 0.4060545 0.75472885 6.4788255e-05 0.0016862563 0.008334128 0.60543144 0.09643281 6.435123e-05 0.000109108885 0.00026805393 8.5682495e-06 0.0030558687 7.228258e-05 0.0010395081 0.10783258 0.66258967 0.0010077719 4.0322576e-07 0.0015108673 4.5409993e-06 4.6881877e-07 1.6334672e-05 3.7783745e-06 0.00014016594 1.3353552e-05 4.3422606e-06 1.9436918e-07 2.002943e-07 0.0010355375 9.872504e-10 1.8329958e-05 2.3756947e-07 0.0010103013 8.769918e-06 0.012203545 0.0016146916 1.4535252e-06 8.909749e-06 4.1944327e-07 1.5492753e-07 1.2651209e-09 0.024621494 0.0024574625 8.338929e-05 2.130959e-05 1.1410679e-06 9.454188e-08 1.9761637e-05 2.8242115e-07 5.2616567e-08 0.009321749 1.6826183e-08 2.0210753e-07 2.0278645e-08 5.2539743e-08 3.399493e-09 7.8027637e-07 1.5663437e-07 7.755099e-09 1.1774385e-06 0.00021042161 6.2657812e-09 2.5860847e-05 0.0038096928 0.0160983 4.6836362e-08 1.4455943e-06 1.0688282e-07 9.545905e-07 5.4013065e-09 0.0033794802 5.487882e-09 1.1839637e-06 0.0015834116 0.0013047988
0.020645589 0.06597149 0.0020121129 0.00054503564 0.26794776 0.094668 0.23548758 0.5728132 0.030150147 0.027220624 0.21480826 0.99934065 0.018661624 1.1487777e-15 0.09806413 0.00012404344 0.012495989 0.99961835 0.0042031426 0.29137498 0.0014824728 0.0026508681 0.000885552 1.1445035e-05 2.2011404e-06 0.0011546413 0.0019197488 0.00020828354 0.0016034084 1.30954695e-05 0.00029473056 1.1571109e-06 0.00025844318 2.4421533e-06 1.0142887e-06 8.032344e-07 1.3077392e-06 7.149663e-05 2.3828969e-07 1.0029739e-06 0.0027369154 8.0387235e-06 2.6072364e-06 3.2927108e-08 6.2622355e-08 8.841123e-09 4.062178e-09 1.0667182e-07 4.4205262e-05 2.4072306e-06 5.699653e-07 1.6989404e-07 2.4197413e-07 1.3565566e-06 8.6513104e-08 6.775199e-08 3.2241808e-06 6.689742e-08 8.8881535e-07 3.2810425e-07 8.6101846e-07 1.6012667e-07 2.7470665e-07 6.78463e-07 1.7130459e-07 7.442918e-08 3.4054637e-09 1.192367e-06 7.8798314e-07 1.050295e-06 1.8057963e-07 2.0153205e-07 2.0629942e-09 1.5040737e-06 3.7883762e-08 5.770888e-07 2.2902002e-07 4.6850655e-08 3.2534558e-08 5.0956203e-08 2.2312265e-07 7.5999207e-10 4.9544877e-08 2.1927522e-07 7.445064e-11 3.7592014e-07 8.404568e-06 1.5571683e-08 2.631555e-06 9.4208335e-06 7.2656576e-06 3.896232e-08 1.7228755e-08 1.7173177e-08 2.9009227e-08 3.3584286e-08 8.508438e-05 2.2219917e-09 1.4042456e-06 1.4687493e-05 2.3067796e-06
0.76417655 0.0014119354 0.00026739697 0.00014298773 0.5829053 0.075708926 0.5162875 0.08982154 0.5321552 0.9456099 0.9825042 0.012008636 0.020111267 0.09806413 4.0710484e-14 2.0472778e-05 0.105331376 0.0016302286 0.7600965 0.027594918 0.12668398 0.949388 5.1317165e-05 7.788522e-06 1.9532067e-06 0.0028746035 0.06922508 0.00030796966 0.98384124 0.07331162 0.07532493 2.1680316e-06 0.005991782 0.011311472 0.049917985 0.011258537 0.00066120614 0.00061865855 0.00093013205 5.083598e-06 0.5339466 0.0004067412 8.92121e-06 7.8558136e-05 1.5730143e-07 0.0012490252 0.00010829553 0.00024265182 0.05608368 0.0013836494 0.00024331639 0.0002493201 0.0005459575 0.0019527888 1.2484521e-08 0.00060574844 6.146451e-06 2.1369165e-06 2.979019e-07 0.00037772188 4.2850607e-07 3.4617076e-06 2.0516776e-05 1.5394282e-07 1.513777e-06 2.6464024e-05 1.6359186e-08 0.00074305455 1.5211697e-07 8.403357e-08 3.0895894e-08 1.3489624e-07 7.6065858e-06 8.487879e-06 9.2158785e-08 1.6497984e-06 1.8591234e-07 8.074928e-08 7.5898424e-07 1.0753615e-07 0.000107486994 1.7259647e-07 1.0355501e-08 1.7758235e-06 4.4275566e-08 2.4992212e-06 1.5234062e-06 3.5803566e-07 7.122672e-05 3.719859e-05 4.5562017e-05 3.6789872e-05 8.958176e-06 1.905854e-05 1.4504532e-07 1.4860269e-05 4.1136307e-05 5.9234867e-07 2.2422048e-06 1.4041204e-05 7.362936e-06
0.8686416 0.0041259932 0.3105093 0.9759868 0.00019467149 0.00016351466 0.00016023597 0.0002489853 3.3824606e-05 2.6125917e-05 3.9176695e-05 0.006213921 0.77265984 0.00012404344 2.0472778e-05 2.7683764e-15 0.0027932273 3.5791345e-05 1.2829206e-05 1.749457e-05 3.300286e-05 1.6792953e-06 1.3319223e-07 0.98766047 0.97948 0.19106005 0.00070185104 0.14345594 1.6762066e-05 7.4276586e-06 2.4203737e-05 0.40662366 0.00032991203 3.7164014e-07 8.836791e-07 1.3721665e-06 1.4500334e-06 0.08164487 8.770854e-06 0.0262221 0.0005445607 0.48284662 0.02115723 5.67922e-07 0.0052797655 1.3446687e-07 1.7597823e-06 1.572964e-06 1.3060709e-07 1.1889326e-05 4.9030377e-06 1.4806669e-07 1.5012469e-07 1.9460788e-07 0.0024166512 1.0893644e-07 0.001409331 2.9790572e-06 0.025868282 3.2956043e-06 0.015307944 7.519541e-05 3.729467e-07 0.00044240354 3.773238e-05 1.0152966e-07 4.607715e-09 0.00072065176 0.0009543067 0.00063958677 0.0004891628 3.4501016e-05 2.414801e-07 4.139265e-05 8.721293e-06 2.4551667e-07 0.0026017302 8.744294e-08 5.034106e-05 1.8344015e-07 2.865526e-07 2.306689e-08 1.1837797e-06 1.0936021e-05 7.656336e-08 1.5906588e-06 0.00024755616 2.6130337e-08 1.1796026e-05 0.00024759938 0.0036804136 1.9034871e-05 2.2399286e-06 8.466597e-07 0.0003386613 7.755824e-07 0.0004289708 4.828365e-09 0.00037250988 0.0074350545 0.0004030065
0.9545196 0.1716098 0.117681675 0.11553219 0.93710667 0.23320225 0.44128105 0.030306643 0.7749131 0.28840044 0.013782802 0.19169904 0.9727386 0.012495989 0.105331376 0.0027932273 2.8406409e-14 0.00019190542 0.26689252 0.00044884035 0.72182894 0.00862602 4.8575686e-07 0.00010928447 0.004737766 0.84545267 0.9579075 0.34530938 0.0005326674 0.024497518 0.6544675 0.07336374 0.58952063 0.004836297 0.0028521898 0.0018822002 0.0004676808 0.00028467033 0.0018014588 3.3323617e-05 0.36647385 0.47895086 5.8659327e-05 1.4700344e-05 6.007445e-05 3.1136955e-05 1.4342263e-05 0.00016118561 0.00026633622 0.003982591 0.00017867995 0.00014567685 3.829624e-06 7.892131e-06 0.00012413455 5.769545e-09 1.030749e-06 3.2190221e-06 8.541583e-05 5.1366078e-05 0.003544351 0.007618068 8.851438e-06 1.1603963e-06 7.356135e-06 1.7216272e-06 1.3066359e-08 0.063831486 0.0012168617 8.303159e-06 1.0426276e-06 2.0570214e-06 1.9943286e-06 0.00022924524 7.1933783e-07 7.1376377e-07 0.005578852 9.693134e-07 1.2458107e-06 6.6158066e-07 1.12091094e-07 1.386738e-07 8.649331e-08 1.332827e-07 7.3467824e-08 2.465601e-05 5.9920254e-05 3.319183e-07 0.00012502585 0.0033872414 0.015541361 4.785261e-07 2.2772624e-06 8.442026e-08 4.0198775e-06 1.2335268e-07 0.00459889 3.889616e-08 3.310935e-07 0.0004865662 0.0011122136
0.00023617897 0.007659376 0.0015992172 3.8967468e-05 0.0023234559 0.0024031147 0.0013652024 0.016848715 0.000109046894 0.00018261431 0.004592609 0.43768463 0.00031684755 0.99961835 0.0016302286 3.5791345e-05 0.00019190542 1.7429917e-15 4.7833313e-05 0.004449304 9.647269e-06 3.900353e-05 0.9999903 5.321746e-06 1.2134007e-06 2.1297257e-05 1.914045e-05 7.0139467e-06 3.5722904e-05 2.5567067e-07 8.4125395e-06 3.39133e-07 5.0913663e-06 3.3885935e-06 4.798138e-07 1.7696748e-06 3.5948943e-07 4.7858616e-06 1.10288475e-07 3.781758e-07 5.1670348e-05 1.5389153e-06 1.6401614e-06 4.535485e-08 2.9777948e-07 5.3670504e-08 1.5183803e-08 7.837722e-08 8.711168e-06 2.4179948e-07 3.5916575e-08 2.1873532e-07 3.3887792e-07 5.771177e-08 2.0289538e-06 6.7003214e-10 1.0145438e-05 5.1214193e-09 5.142377e-07 1.3127719e-07 2.3306535e-05 1.5707252e-07 5.6283477e-07 3.3946824e-07 3.0154456e-07 1.0429139e-08 1.1604803e-08 1.0540755e-07 1.2739345e-06 2.1167614e-06 1.5287519e-06 2.8549298e-06 7.583303e-09 3.6615873e-07 1.580752e-08 1.2322968e-07 2.8144302e-07 1.2695936e-08 2.271733e-08 9.961391e-09 3.108313e-09 1.3242556e-09 5.0215454e-10 1.7236569e-09 4.378692e-10 2.1214751e-07 5.260779e-06 3.9215905e-07 2.7219362e-06 2.7233875e-06 4.893898e-07 5.9498975e-09 4.3664286e-08 2.9646778e-09 1.7428974e-07 7.4690995e-08 2.3382397e-06 3.6571665e-10 5.778979e-07 2.290051e-06 1.2615169e-06
0.9699607 0.0012442642 0.00010170193 0.0002479886 0.45066229 0.069874994 0.22861505 0.023055604 0.60948116 0.46063223 0.07396867 0.0032484678 0.020980153 0.0042031426 0.7600965 1.2829206e-05 0.26689252 4.7833313e-05 1.8402307e-13 0.0048230984 0.9382383 0.9979875 7.051189e-06 1.2384627e-06 5.63952e-06 0.012382366 0.29935008 0.0033376992 0.6456235 0.7513578 0.4997879 7.308582e-05 0.07913967 0.17228633 0.41856214 0.035044026 0.023073142 0.0016442767 0.043408647 1.734246e-05 0.84953976 0.020130714 0.00024115367 0.004711693 4.170146e-07 0.011564745 0.005134928 0.026885053 0.033919256 0.027704772 0.015172176 0.0015937262 0.020341702 0.024696054 1.2513232e-05 0.00021246776 0.00023279649 0.00014806633 0.00014483792 0.032651484 0.00017535954 0.0052696443 5.3536547e-05 3.2628056e-06 1.2563093e-05 9.073368e-05 6.465286e-08 0.07011661 0.0001139278 3.7721534e-06 9.4999064e-07 6.065245e-06 0.0001281058 0.0016862322 3.421896e-06 0.00011983221 0.0008432625 2.672365e-07 6.2167037e-06 1.3318391e-06 2.0950483e-05 4.6593873e-06 6.611253e-07 9.4630144e-07 1.8194459e-07 0.002730308 0.00013987657 5.135951e-07 0.0072005517 0.0009876001 0.00354631 0.00018826706 4.8827053e-05 4.528786e-08 8.632342e-05 0.0005615298 0.0028322684 3.1059855e-08 0.00015654905 0.0016139734 0.00028763502
0.0061659343 0.00035480066 7.4913536e-05 8.692317e-05 0.019460946 0.00072561606 0.0070230775 0.018899685 0.001919475 0.0014031706 0.019157983 9.775263e-05 0.0007232547 0.29137498 0.027594918 1.749457e-05 0.00044884035 0.004449304 0.0048230984 1.239956e-16 0.00032933865 0.0027151257 0.99999905 6.408063e-06 1.1753904e-07 1.4600752e-05 0.00015006865 3.4964623e-06 0.9997301 2.5027859e-05 5.0858845e-05 4.6543995e-08 1.6213506e-05 2.5720577e-05 5.9566315e-05 3.0132853e-06 1.221626e-06 1.3008973e-05 7.319616e-07 7.284616e-07 0.00021212417 2.0964194e-07 2.6120472e-06 9.348161e-08 4.1992173e-08 2.3330888e-07 3.2703287e-08 5.986696e-07 0.00026005416 2.8465263e-06 1.5995435e-07 1.0761162e-06 4.595027e-06 3.7192945e-07 7.224419e-07 1.9741009e-07 3.3449783e-08 7.909808e-08 2.335885e-07 1.2230393e-07 7.961453e-06 3.2779963e-07 4.442812e-07 4.033288e-07 1.142632e-07 1.6471942e-07 1.7536657e-08 3.2252e-07 2.7758242e-07 2.9427315e-07 9.2481866e-07 3.1372454e-07 6.3731655e-08 1.0889547e-06 1.9485376e-09 2.8306263e-07 1.3845805e-08 9.67268e-09 5.9882197e-09 1.586358e-08 2.034828e-07 3.0734129e-09 4.858664e-10 3.4614478e-09 1.6477289e-10 6.2737877e-07 7.8284586e-08 3.29308e-07 2.5613938e-06 3.923474e-06 9.727017e-07 1.3556679e-08 6.831722e-09 2.1280798e-08 2.7411882e-09 2.0150706e-07 5.2806286e-06 4.4955784e-10 1.693837e-08 1.8048659e-06 2.3188191e-07
0.9825543 0.004186183 0.00036153613 0.0003124003 0.5097996 0.07019443 0.14695625 0.0019333963 0.83930194 0.23406471 0.0048480816 0.0020665894 0.014118401 0.0014824728 0.12668398 3.300286e-05 0.72182894 9.647269e-06 0.9382383 0.00032933865 5.4841433e-14 0.13268928 2.4212738e-07 7.1622367e-06 6.847037e-05 0.011667965 0.7445412 0.006198751 0.010267227 0.97276765 0.91798836 0.00032258756 0.34229398 0.33247036 0.21556188 0.1187439 0.21977404 0.00022260803 0.621005 2.0335274e-06 0.76771814 0.08020725 1.2192679e-06 0.0053334115 3.6117242e-06 0.00714937 0.025813842 0.026135242 0.018889261 0.055813126 0.01202264 0.004137892 0.001538492 0.000605542 1.327041e-05 1.6521932e-06 6.370204e-07 9.034711e-05 1.5462863e-05 0.009667148 0.0014464783 0.011957337 0.0002973307 2.9585573e-07 1.7498348e-06 3.0038958e-05 5.2902152e-08 0.20046611 0.00054952735 7.244493e-06 2.2678953e-06 8.0638733e-07 0.00018060609 0.0021096265 4.4280702e-07 5.1046558e-05 0.0032764103 8.151073e-07 1.5101247e-06 2.3318687e-06 2.9494201e-06 1.5354086e-06 1.8783186e-07 5.354321e-08 2.4806944e-08 0.0017442952 3.361779e-05 1.559509e-06 0.0008914118 0.0046209972 0.011387405 1.8030672e-05 8.347271e-06 2.2757132e-07 5.8774178e-05 5.7930856e-06 0.0077982484 5.5468167e-08 1.7872368e-05 0.0010842636 0.0018587913
0.4125254 0.00046899973 1.734208e-05 1.8827719e-05 0.03489168 0.03876526 0.034785792 0.018756045 0.47890732 0.5178224 0.37253293 0.00025911717 2.028957e-05 0.0026508681 0.949388 1.6792953e-06 0.00862602 3.900353e-05 0.9979875 0.0027151257 0.13268928 9.707513e-14 1.6244793e-06 6.5496897e-07 1.10913525e-07 6.113454e-05 0.0054724817 1.0154391e-05 0.86926526 0.22082865 0.018593812 2.3814815e-07 0.00091501407 0.68520814 0.9583979 0.07508704 0.005840075 5.275779e-05 0.0035559621 4.9378276e-08 0.04424309 6.483349e-05 2.149702e-06 0.00049658417 3.6033637e-08 0.005412518 0.00030752886 0.00095981586 0.8758647 0.0009187929 0.0003214004 0.0035739893 0.0006118225 0.0007602322 3.1785066e-07 0.00039588838 2.0787256e-06 7.9312946e-07 3.813973e-06 0.00026857696 9.757437e-07 3.294074e-06 0.00062452327 2.7436445e-07 9.559571e-07 2.8471306e-05 6.064394e-08 0.00013672459 8.3785864e-07 3.3308334e-07 1.0389575e-07 1.7695028e-06 6.689705e-06 5.25375e-06 7.0532266e-08 4.8871726e-07 8.8702444e-07 1.7204529e-07 1.9639101e-07 2.4470293e-07 1.8841927e-05 4.878325e-07 3.1051442e-08 3.6380726e-08 4.9787108e-08 1.0184557e-06 3.9547704e-06 2.6017804e-07 4.8015667e-05 4.510481e-06 3.6085687e-05 5.4713695e-07 1.1039117e-07 3.1469122e-07 9.331468e-08 3.2012722e-06 8.026203e-05 3.548175e-08 8.01006e-07 5.1708475e-06 8.269511e-06
4.085261e-06 2.1215441e-05 1.0638858e-05 3.4279597e-07 5.9449074e-05 3.877343e-06 1.211758e-05 0.00025339393 4.3142045e-06 3.173341e-06 3.4536664e-05 0.00025915573 7.963089e-07 0.000885552 5.1317165e-05 1.3319223e-07 4.8575686e-07 0.9999903 7.051189e-06 0.99999905 2.4212738e-07 1.6244793e-06 6.1422936e-20 6.3615346e-07 3.3071874e-08 4.4506444e-07 3.2536934e-07 1.6824667e-07 0.010143227 5.8617804e-08 1.2269389e-07 5.7585066e-09 7.057709e-08 2.2013056e-08 5.060192e-08 1.2197685e-07 4.3046075e-08 2.7072306e-07 2.4021439e-08 3.673144e-08 7.7124247e-07 4.713362e-08 3.7247663e-08 1.1200668e-07 1.2745073e-07 4.9056755e-08 1.7522346e-08 1.4938283e-08 3.4782902e-06 5.413325e-08 1.35535005e-08 1.3475492e-09 1.264159e-08 1.6973006e-08 1.0554355e-07 9.003843e-10 3.371273e-07 6.3349354e-10 1.120289e-07 2.12795e-08 1.517855e-06 3.62633e-08 1.6770851e-08 2.7451332e-09 6.1966134e-08 1.430937e-08 6.701548e-10 3.5618992e-08 4.4572214e-08 7.765227e-08 1.0468081e-08 5.3678253e-09 9.633238e-10 1.9650044e-07 2.9290737e-11 3.827692e-08 4.5780353e-09 4.5491153e-11 3.6965923e-11 7.375526e-11 5.712634e-10 1.0831597e-10 1.2634068e-12 4.973049e-10 2.8125407e-11 5.6084093e-09 7.92421e-09 7.248894e-10 3.6810926e-07 9.7260575e-08 1.2899902e-08 1.2377771e-09 1.57007e-08 1.7704184e-09 2.1561086e-11 1.4568898e-09 1.3863675e-07 1.7319696e-11 7.232128e-10 8.2293825e-09 1.0293849e-07
0.07639015 0.00019566299 0.014941541 0.81156987 2.2490653e-05 4.661805e-06 1.1628673e-05 2.3059889e-05 2.1351087e-05 3.1318034e-06 2.9892728e-05 0.00026931206 0.050255146 1.1445035e-05 7.788522e-06 0.98766047 0.00010928447 5.321746e-06 1.2384627e-06 6.408063e-06 7.1622367e-06 6.5496897e-07 6.3615346e-07 3.6722895e-12 0.9510233 0.0035217272 9.630952e-06 0.0026445559 1.1566965e-05 2.273877e-06 1.9651263e-05 0.16375609 2.6512906e-05 3.641261e-07 1.4506779e-06 0.0004484016 1.0591188e-05 0.6023968 3.3703102e-06 0.101069406 9.2164904e-05 0.005807194 0.98735243 1.6333628e-05 0.032804083 0.0008397991 3.0995645e-06 5.392555e-06 7.0506485e-07 2.2035892e-06 6.1166025e-07 0.00011668037 2.348716e-05 4.840133e-06 0.0088098245 2.7605574e-07 0.013396506 1.4483024e-07 0.0061494973 6.363388e-06 0.007596499 1.2099706e-05 4.3317443e-05 0.0111770285 0.0002025358 5.489317e-05 2.9003075e-07 8.83846e-05 0.0011823808 0.00045797965 0.0015192728 1.48378385e-05 6.141427e-05 1.2197045e-05 0.000116068084 1.9205663e-06 0.00082098687 1.691523e-07 1.1653374e-05 5.432598e-07 1.9983152e-06 2.0223682e-08 1.0157853e-06 1.6991382e-05 3.009322e-08 3.756795e-06 0.0010095538 5.7993757e-06 1.2734965e-05 0.00012928365 0.0005326707 6.0588246e-07 2.1323972e-06 3.0221954e-06 1.1037161e-05 5.417322e-08 0.0003229619 1.3668011e-08 8.275652e-05 0.0004910725 0.00017579857
0.8989462 0.0010033051 0.061892748 0.63031185 0.00042164876 3.3389275e-05 2.8347113e-05 6.3169726e-05 3.8932235e-06 2.3164619e-06 1.19147635e-05 0.0014959739 0.45351174 2.2011404e-06 1.9532067e-06 0.97948 0.004737766 1.2134007e-06 5.63952e-06 1.1753904e-07 6.847037e-05 1.10913525e-07 3.3071874e-08 0.9510233 2.2408575e-14 0.47320318 0.0009224713 0.40341097 1.5718933e-06 3.5859046e-06 0.00010115627 0.98156756 0.0009420326 1.4849835e-06 2.950724e-07 8.243157e-06 2.1500801e-07 0.6599282 8.702561e-07 0.4136268 0.0029067234 0.7913285 0.2237312 1.9583274e-07 0.47285607 2.451299e-07 2.3403224e-07 3.6781992e-06 4.270211e-07 2.5518568e-05 4.2069814e-06 1.10129356e-07 2.2112552e-07 4.82391e-07 0.21872205 8.156313e-09 0.01921836 3.5687253e-07 0.15737034 6.5533236e-06 0.42968565 0.0006205657 3.953081e-06 0.0091789225 7.8400146e-05 5.9925185e-08 9.430963e-10 0.01593737 0.07276268 0.014457752 0.00962273 3.2449116e-05 2.0897831e-08 2.6183934e-05 1.3805901e-05 7.378281e-08 0.11019868 8.299244e-09 1.0315509e-05 2.6563844e-09 1.5302112e-07 8.013287e-10 7.179525e-06 4.033414e-06 2.8263694e-09 3.2707378e-06 0.010828138 2.3370335e-08 5.7068497e-05 0.0081238225 0.04150277 2.5191173e-05 1.8108797e-06 3.8004774e-08 9.853614e-05 1.2148377e-06 0.010044765 1.0243508e-08 0.00039200034 0.031183964 0.0065184776
0.8819487 0.048855837 0.30730796 0.38490918 0.16711642 0.0149631305 0.021370025 0.002514672 0.048114873 0.0037643735 0.0004629245 0.042332496 0.9786642 0.0011546413 0.0028746035 0.19106005 0.84545267 2.1297257e-05 0.012382366 1.4600752e-05 0.011667965 6.113454e-05 4.4506444e-07 0.0035217272 0.47320318 3.859863e-15 0.373174 0.9947675 5.654449e-06 0.0016780868 0.008055742 0.74936616 0.19134592 0.00018521836 7.478141e-05 0.00019444383 4.8359187e-05 0.0005682641 0.00014115458 0.0011198367 0.024551142 0.85815215 0.00032493292 9.626057e-06 0.0038926078 6.41444e-06 1.9502713e-06 2.5923591e-05 1.6432693e-06 0.0002940265 4.4608852e-05 5.2681994e-06 5.802255e-07 3.0407458e-07 0.00093495887 1.047655e-08 2.027104e-05 1.2537174e-06 0.0003636845 2.4553025e-05 0.030885499 0.0054100435 6.490742e-07 1.0033946e-05 2.574912e-07 1.3843119e-07 7.1506028e-09 0.08507079 0.010346492 0.00024497582 2.299677e-05 1.13261085e-05 1.3344321e-07 0.00038106195 1.1515813e-06 1.2663415e-07 0.03133014 1.4614215e-08 7.0140004e-08 1.3386121e-08 4.408723e-08 4.701523e-10 1.16523736e-07 7.354634e-08 5.9600973e-09 3.9521823e-05 0.00052067713 1.18829036e-08 7.464297e-05 0.01824392 0.048347678 7.1715455e-08 2.2868273e-06 6.883613e-08 2.0961076e-07 1.5158802e-08 0.012165038 3.2786773e-09 2.0792668e-06 0.0016876407 0.00956581
0.9150121 0.009056369 0.002369013 0.0017793848 0.6328889 0.0578622 0.180863 0.0048663886 0.6076531 0.09976472 0.0027752009 0.019990452 0.4060545 0.0019197488 0.06922508 0.00070185104 0.9579075 1.914045e-05 0.29935008 0.00015006865 0.7445412 0.0054724817 3.2536934e-07 9.630952e-06 0.0009224713 0.373174 8.719765e-15 0.27370447 0.00011691652 0.22938763 0.96739674 0.023398228 0.9892768 0.01670343 0.0094173355 0.00827523 0.00660934 5.2304655e-05 0.018426813 3.926935e-05 0.6096088 0.33222926 8.6637865e-06 0.00040353762 0.00012917114 0.00089692645 0.0011892015 0.0038691724 0.00035024915 0.07489562 0.0027459601 0.00046816719 6.220294e-05 6.002217e-05 0.00020720814 1.3703637e-07 6.9287025e-06 7.228341e-05 3.4167002e-05 0.0008620546 0.008436342 0.09164213 0.00014242918 8.130429e-07 4.776079e-07 1.2463259e-05 2.8141187e-07 0.27526367 0.0051748417 6.0406113e-05 1.1699319e-05 3.4830769e-06 1.0161966e-05 0.00348323 3.52085e-07 9.682848e-06 0.014727882 1.9245506e-06 8.556687e-08 1.9786594e-06 4.4160137e-07 2.658993e-07 6.427919e-08 7.888023e-08 1.8964369e-07 0.0021190057 0.00043100186 6.4846046e-07 0.0011822821 0.025705276 0.047849253 1.037831e-06 1.984147e-06 1.6694726e-07 7.952471e-07 1.2764676e-06 0.017718477 3.4735596e-08 3.3118715e-06 0.00060164183 0.0163063
0.93634844 0.017096182 0.13312721 0.24568057 0.069067806 0.002386404 0.0063926214 0.0005206277 0.014661749 0.00063660776 9.158347e-05 0.008069456 0.75472885 0.00020828354 0.00030796966 0.14345594 0.34530938 7.0139467e-06 0.0033376992 3.4964623e-06 0.006198751 1.0154391e-05 1.6824667e-07 0.0026445559 0.40341097 0.9947675 0.27370447 1.6476824e-13 5.7384807e-07 0.0005849035 0.01242363 0.9600382 0.30763784 2.8471823e-05 3.3712662e-05 0.000110347355 7.784193e-06 0.0013645312 0.00011664955 0.0033260295 0.031020386 0.96536565 0.0006890773 1.8619597e-06 0.008796602 5.2833484e-06 1.5282549e-06 2.8034765e-05 3.8056673e-06 0.00066897814 0.00013718537 2.881343e-05 2.064066e-06 1.1177528e-06 0.008662225 2.3379075e-08 0.0002517939 4.008886e-06 0.0018086198 5.4730976e-05 0.22514682 0.02795048 6.3425096e-06 9.405138e-05 4.3258347e-06 3.4038078e-07 9.503975e-09 0.21552533 0.07232882 0.0012416068 0.00016670901 3.83063e-05 1.3471792e-07 0.000747299 1.1529378e-05 1.3999934e-06 0.16538349 7.617736e-08 1.188982e-06 3.7680275e-07 2.1983448e-07 1.634412e-08 1.6760339e-07 5.955348e-07 8.120305e-08 0.00015395832 0.0037840854 2.3653497e-07 0.00014673584 0.053895608 0.1506319 7.4928066e-06 1.2352973e-05 1.1447851e-07 6.7145265e-05 6.3513806e-07 0.033294905 3.3272823e-08 2.1357646e-05 0.00720534 0.020860352
0.21419294 0.00044115898 2.9279121e-05 2.4599125e-05 0.09064534 0.02811656 0.09009843 0.12311041 0.23092842 0.45376617 0.5898799 3.903256e-05 6.4788255e-05 0.0016034084 0.98384124 1.6762066e-05 0.0005326674 3.5722904e-05 0.6456235 0.9997301 0.010267227 0.86926526 0.010143227 1.1566965e-05 1.5718933e-06 5.654449e-06 0.00011691652 5.7384807e-07 3.0042777e-10 0.006934309 0.0007430996 1.5523361e-06 2.171569e-05 0.002404748 0.0123788295 0.0028448536 0.00037742118 0.00060697476 5.0471237e-05 9.844409e-05 0.0051923664 2.2907725e-05 7.885478e-05 2.5034376e-05 1.4474146e-05 0.0007672374 4.978716e-06 1.6559627e-05 0.6073711 6.145103e-06 3.7333817e-07 0.0006056223 2.8369559e-05 4.9770282e-05 1.906842e-06 0.00089745305 0.00041336988 3.1173613e-07 1.41913615e-05 6.9295875e-06 2.4933923e-05 1.1360785e-06 0.0001224409 4.1938747e-06 2.1221604e-06 1.7988199e-05 5.59095e-08 0.0005224334 1.4202728e-06 6.101649e-08 2.1732183e-07 1.2913122e-06 2.7995102e-06 4.708412e-06 3.0250112e-07 2.3027483e-06 4.9205875e-07 3.6087215e-08 2.7649032e-06 3.000872e-07 6.3236934e-05 1.2478802e-07 1.5994718e-07 2.4071326e-07 4.932735e-08 1.0496748e-05 3.837585e-05 4.428666e-07 0.00021122163 0.0001309549 8.254379e-05 1.4204414e-05 1.4564877e-06 3.5716163e-05 5.800535e-07 3.1722262e-05 0.00042902495 2.1216097e-06 1.0962548e-06 5.6212077e-05 0.00021831362
0.94629174 0.00017297473 2.1981332e-05 6.3099884e-05 0.023827795 0.0052171648 0.008298355 0.000443935 0.07893996 0.0155553585 0.0029409602 2.8576827e-05 0.0016862563 1.30954695e-05 0.07331162 7.4276586e-06 0.024497518 2.5567067e-07 0.7513578 2.5027859e-05 0.97276765 0.22082865 5.8617804e-08 2.273877e-06 3.5859046e-06 0.0016780868 0.22938763 0.0005849035 0.006934309 4.1434662e-13 0.8033674 4.4474877e-05 0.10064436 0.9631257 0.5853016 0.9244987 0.9053661 0.00022925682 0.86909354 7.3020783e-06 0.63812816 0.013875848 7.774801e-06 0.061240252 1.8759138e-06 0.12068064 0.094828844 0.22132947 0.09266657 0.11080407 0.04464937 0.028440475 0.061203174 0.012579381 8.392378e-06 2.886673e-05 4.4680637e-05 0.00023000555 3.330025e-06 0.020331258 0.0006505861 0.008317997 0.009884613 5.025333e-07 2.5403932e-07 0.00012398443 7.2972153e-07 0.12127961 0.000105622756 7.3457527e-06 1.1358471e-05 6.669731e-07 0.0002676131 0.0017989863 1.2968638e-07 6.774667e-05 0.0008250507 4.2677543e-06 3.200788e-07 2.1184435e-06 0.00010385539 1.01678315e-05 1.8722158e-08 2.1727685e-07 1.7723924e-08 0.0044473466 4.6635683e-05 2.4173773e-05 0.002185583 0.0025960272 0.0041605774 3.1425636e-05 4.616202e-06 4.328837e-07 0.00011416741 1.0231721e-05 0.003179944 7.241301e-08 5.3493375e-05 0.0008077474 0.0012258362
