2.7487957e-13 0.00045589166 0.32301185 0.004970765 5.340076e-05 0.18144831 0.12804446 0.6705528 0.5591874 0.41979876 0.28327617 0.6021809 0.7478343 0.942553 0.96892375 0.4540438 0.974711 0.54062885 0.96183085 0.8260585 0.20750016 0.70076436 0.9410995 0.9775066 0.2361031 0.88943326 0.9642369 0.73957646 0.7316803 0.7793774 0.18898052 0.7138349 0.9159836 0.00018232333 0.9321648 0.9732027 0.9270159 0.8657229 0.086817786 0.9174725 0.8985267 0.93225 0.9760577 0.9573667 0.9646523 0.889769 0.9994681 0.9528523 0.8971623 0.87478757 0.9396983 0.17966633 0.9972285 0.02007603 0.7872046 0.70482665 0.94951046 0.025271326 0.7901316 0.6383477 0.87711626 0.6939165 0.3204908 0.9669077 0.76374096 0.6633936 0.33151445 0.09937524 0.9500042 0.88867676 0.7670774 0.8834606 0.9696966 0.69074494 0.94832414 0.9856941 0.09905215 0.9928754 0.24698368 0.01653207 0.7986248 0.89552027 0.18794614 0.99561757 0.99677765 0.8157268 0.98512495 0.07887959 0.996263 0.00025982736 0.95519423 0.98791486 0.0009920485 0.9999714 0.0012137487 0.04032518 0.999987 0.0035762298 0.80636346 0.991842 0.9999421
0.00045589166 9.50672e-15 0.99995357 0.008319937 0.9999947 0.015105633 0.007172582 0.0035340462 0.0012480863 0.007962418 2.4529947e-05 0.0003896747 0.004186063 0.00048100782 0.0005105364 0.002768698 0.0045356876 0.00020507672 0.00042947385 0.00019966105 1.8674352e-06 4.1286754e-07 5.6218187e-07 3.056364e-05 1.5765647e-05 0.000142878 0.00034872445 2.7555177e-07 7.038521e-05 3.6876594e-07 3.729026e-07 1.2099421e-08 6.3908374e-05 2.7495495e-10 6.028689e-08 1.2999286e-05 4.4254445e-09 7.7714845e-05 6.8278955e-06 2.2379864e-07 3.117498e-09 8.754918e-06 4.436891e-06 1.890477e-08 1.6489922e-07 4.9313025e-09 3.878754e-05 2.3375854e-07 2.1354557e-08 2.083023e-07 6.5434435e-08 1.2992638e-06 6.6535813e-07 1.8194084e-10 4.037077e-08 1.7993241e-07 1.3998365e-07 2.1222178e-07 5.5797607e-09 3.2971037e-08 9.2377014e-08 3.7573877e-09 1.0824591e-07 1.5370084e-08 4.9819184e-09 2.6598718e-06 1.3191527e-10 7.221657e-07 3.576393e-08 3.868264e-08 9.824498e-07 8.621824e-06 5.5982355e-07 1.21588e-09 4.809461e-06 7.093333e-09 1.326583e-07 9.507366e-07 1.9087567e-07 3.6627708e-07 9.561034e-08 8.621762e-07 7.409264e-08 3.3621266e-08 3.9149015e-07 1.2258144e-08 1.0304928e-07 8.621013e-09 4.5679488e-07 1.2672607e-09 1.2751086e-06 2.3393884e-06 2.4452097e-11 3.0191862e-07 4.343583e-09 3.02666e-08 0.00014723922 1.4077364e-09 7.1347586e-09 2.9032973e-08 2.4762414e-08
0.32301185 0.99995357 2.4758032e-11 0.0005203983 0.00092558324 0.8325816 0.24961425 0.32462502 0.07634581 0.98577553 0.00035429074 0.11543529 0.6869796 0.23873398 0.37430996 0.81895655 0.5976852 0.001760292 0.0068852357 0.025804415 1.4409923e-05 1.522151e-05 0.00018019388 0.005361573 9.613815e-05 0.075350955 0.11694002 1.9800535e-05 0.0015025382 2.4342118e-05 3.597585e-06 2.2544619e-07 0.017595978 9.41785e-08 6.492961e-06 0.0039077555 4.3084174e-07 0.015619287 0.00039650276 0.00089096505 3.7798037e-07 0.002918676 0.0028920367 1.3464465e-06 0.0002775442 4.5672227e-08 0.014588978 1.2468144e-05 2.3749064e-07 1.194939e-07 3.1188483e-07 0.00023198621 0.0007360507 1.826538e-08 4.954396e-07 6.565206e-05 3.6398652e-07 0.00013831831 5.709677e-08 2.7193702e-08 7.814701e-05 1.1806752e-07 1.4356269e-06 4.278825e-07 2.6728427e-08 7.39278e-07 1.6140985e-08 1.2971467e-06 6.0644525e-06 2.808191e-07 1.2118898e-05 0.00027053582 4.1561318e-05 2.4680853e-07 0.0001295642 9.975595e-07 4.7835135e-07 0.00068444555 7.978751e-08 1.1607622e-05 3.3890893e-07 0.0001390098 2.2322793e-06 6.5017014e-07 1.8424631e-05 9.099811e-08 4.4198347e-07 4.781001e-07 0.0002297072 2.5712754e-07 9.5258816e-05 1.1756595e-05 2.1070091e-08 3.345757e-06 7.6218305e-07 1.9681881e-06 0.0054978365 1.3330317e-07 4.2819415e-06 3.4152226e-06 2.473304e-07
0.004970765 0.008319937 0.0005203983 3.8325708e-16 0.99999785 0.026508152 0.024405053 0.0027468363 0.023295173 0.003997479 0.9994411 0.004935816 0.016097791 0.0037704995 0.0004738107 0.000104853876 0.014865665 0.005260601 0.008522617 0.00017853313 0.00022932724 4.1013227e-05 0.00011372233 0.0007196278 0.0003781513 0.00067762955 0.00079647714 2.4266128e-06 0.00011551021 1.47675e-06 1.0448563e-06 7.898049e-08 0.00027481632 1.7567153e-08 1.945232e-06 9.531734e-05 5.0792316e-08 5.396257e-05 4.2914385e-06 6.702668e-08 3.1927684e-08 2.5232084e-06 8.048688e-06 6.28727e-07 4.829924e-08 1.0323337e-08 4.520021e-05 4.536632e-06 1.4802602e-07 2.2231945e-06 4.487669e-07 4.6740292e-06 5.4412848e-08 1.8143014e-09 4.4053843e-07 3.955187e-07 6.7021534e-07 6.9632966e-07 3.0524298e-08 3.2873533e-07 4.1048462e-08 1.5597454e-08 1.1274874e-07 3.8296562e-08 1.4434093e-08 8.017769e-06 3.8945783e-10 1.3757788e-06 7.063365e-08 9.473936e-08 2.9222045e-07 3.68888e-07 2.0164405e-08 1.9469624e-09 2.7678054e-06 2.6107768e-08 2.329978e-07 3.6216886e-06 2.9711256e-07 2.6503827e-07 8.3447716e-08 2.962934e-07 1.4245614e-07 1.7007218e-07 7.030367e-08 9.874455e-08 2.2794971e-07 3.7665888e-08 8.146739e-08 1.9948533e-08 9.56372e-07 1.56111e-06 1.9922772e-10 9.899371e-07 2.532343e-09 6.719407e-09 0.00021273883 2.1262236e-10 6.330867e-09 3.6124817e-08 2.2942335e-07
5.340076e-05 0.9999947 0.00092558324 0.99999785 7.158867e-18 0.004221974 0.0024699294 0.00023966638 0.001324066 0.00046013133 0.020838141 0.00037862224 0.00096428447 0.00018607739 4.9571423e-05 0.00036952746 0.00070237025 0.0002127916 0.00018048487 1.0488143e-05 1.083451e-06 9.2131366e-08 5.291873e-07 4.364197e-06 2.956741e-05 6.239309e-06 6.555067e-06 3.100808e-07 5.5664793e-07 3.5332792e-07 1.8380325e-08 2.2927135e-07 1.8023253e-06 2.6225927e-10 2.4642705e-07 1.043696e-06 3.3439445e-08 4.0795458e-06 5.8321353e-07 6.563755e-08 3.8887258e-08 5.292681e-07 3.4270383e-07 9.1743836e-08 2.4485596e-08 4.2509488e-10 4.258367e-06 4.8135837e-07 4.961505e-08 7.067164e-08 1.4905902e-07 7.971363e-07 5.636243e-07 4.1681558e-10 2.5723947e-08 5.630825e-08 7.883857e-08 5.791953e-08 1.1009611e-08 3.1476954e-09 1.3687251e-06 3.2727465e-10 2.5468216e-09 8.4556106e-08 2.7155217e-10 2.549018e-09 1.8701544e-10 6.3678525e-09 1.0237595e-07 2.8014304e-08 3.294418e-07 2.2701197e-06 1.7872927e-07 2.1064255e-09 6.544732e-07 5.5227893e-08 7.266045e-10 1.1011018e-06 4.398912e-08 6.052893e-09 2.640444e-08 7.548484e-08 8.6060346e-08 1.13813e-08 7.593785e-08 1.4283955e-08 1.924332e-08 1.0793443e-10 8.6105324e-08 2.0082456e-12 4.898675e-07 2.6411251e-07 7.366942e-13 2.3777982e-07 8.769669e-11 3.0509076e-10 0.00010001763 2.2729431e-11 3.6373522e-11 2.9158933e-09 2.6474384e-08
0.18144831 0.015105633 0.8325816 0.026508152 0.004221974 4.5517476e-10 0.992556 0.9979096 0.13261233 0.94538057 0.12941621 0.34711757 0.6293731 0.13979894 0.090078995 0.2281988 0.32900098 0.022394316 0.02144854 0.0025692005 3.9835177e-05 7.666084e-06 0.0002122043 0.0016913023 0.00011129547 0.010184432 0.026840212 0.00014346115 7.12418e-05 1.1395437e-05 5.9539534e-06 1.1214018e-05 0.0053470423 4.6703885e-08 1.7245795e-05 0.001337307 7.587397e-07 0.0026966636 1.3965883e-05 1.5614682e-05 8.559457e-07 0.00030513154 0.0006046614 1.0640995e-06 4.2442964e-05 1.60707e-08 0.076183766 4.058601e-05 8.263022e-06 5.1765614e-06 2.5505333e-05 0.00017665603 0.00047768193 1.5138056e-08 5.6068084e-06 2.8053444e-06 1.6665089e-07 1.4836693e-05 2.2489904e-07 4.3553717e-07 2.7517847e-06 1.3827801e-07 9.503178e-07 1.1794385e-05 1.7513216e-07 1.3177835e-08 7.586788e-09 1.22909505e-05 4.350837e-06 2.4152178e-07 1.0091534e-05 8.429216e-05 2.3285643e-06 1.8848674e-08 5.043883e-06 3.9599576e-07 2.8451598e-07 0.0002852127 4.6396886e-07 1.1005361e-06 7.402568e-08 5.9955833e-06 3.4716124e-06 1.1658631e-07 1.945811e-06 3.4259824e-07 7.7630645e-08 2.6673288e-07 1.9530811e-05 1.5873468e-09 3.620404e-06 2.262379e-07 1.2249589e-08 9.310021e-06 1.1125105e-07 3.4389782e-07 0.0009579458 1.1857687e-07 1.3260365e-07 1.9111285e-07 5.86482e-07
0.12804446 0.007172582 0.24961425 0.024405053 0.0024699294 0.992556 9.271026e-12 0.9309009 0.987402 0.25129932 0.52243316 0.957823 0.49152446 0.22752583 0.008335268 0.01746855 0.10386635 0.29652637 0.055370916 0.0007816125 0.0012986332 0.00022490686 0.00079833233 0.0037407074 0.00081604376 0.0014247572 0.010262925 0.00024416903 4.2538475e-05 0.0001098638 3.3041593e-05 3.8911134e-05 0.0019793354 4.0760202e-07 8.4935855e-05 0.001283961 1.333763e-05 0.0005136927 2.3964112e-05 4.070739e-06 4.3882364e-06 7.2004834e-05 0.0003360162 1.1020678e-05 7.790113e-06 2.480406e-08 0.037271768 0.00016611452 2.5543744e-05 3.460399e-05 0.00012212964 4.038046e-05 0.00016369126 3.1041374e-08 2.3973278e-05 3.4630843e-06 7.3542867e-07 8.986448e-06 6.01927e-07 2.7471606e-07 7.882774e-08 3.5539037e-07 4.5076575e-07 3.196713e-05 4.2397772e-07 2.7132824e-06 3.147817e-08 1.0923096e-05 1.3070205e-05 9.435728e-07 5.3639627e-07 0.00012801617 1.4787582e-06 4.8532225e-08 8.700114e-07 2.3951923e-06 4.862431e-07 0.00019882934 3.457224e-06 1.3819963e-06 4.6988316e-07 4.2699403e-06 9.708418e-07 2.5172546e-06 7.9332534e-07 1.574603e-06 1.8602522e-06 5.177714e-07 4.2320495e-05 2.9458174e-09 6.6386574e-06 1.5035558e-06 1.14582164e-07 6.252363e-05 4.3859597e-08 2.4661311e-08 0.0006488236 1.8968962e-07 3.0125555e-08 1.1104371e-07 2.0108005e-06
0.6705528 0.0035340462 0.32462502 0.0027468363 0.00023966638 0.9979096 0.9309009 2.5205691e-14 0.1228046 0.85038024 0.038614303 0.9109184 0.9610375 0.34181833 0.13178578 0.14049537 0.5697434 0.09195682 0.06744016 0.004955283 0.0004839063 5.4324166e-05 0.0031457199 0.029658027 0.00013881148 0.06080566 0.21017317 0.00010817548 0.00010479439 3.2642452e-05 1.063366e-06 3.7975137e-06 0.047218975 2.6246623e-08 7.610581e-05 0.010612943 1.1341644e-06 0.0110190045 4.8008965e-06 6.790479e-06 4.9519684e-07 0.0010777543 0.004511927 1.5240929e-05 7.8758356e-05 5.7932503e-10 0.3368162 0.00024570723 4.3586464e-05 2.477256e-05 1.7982487e-05 9.1403206e-05 0.0027473154 9.387053e-09 3.3292334e-05 4.920069e-06 4.6615334e-08 1.2941176e-05 7.438887e-08 2.9029376e-08 7.895327e-07 3.6805763e-09 1.3756149e-08 9.3194985e-06 1.5120244e-09 5.7187997e-08 4.214796e-10 9.76451e-07 7.274911e-05 2.0678773e-07 8.445706e-06 2.5827649e-05 1.1308002e-06 6.311381e-10 2.500231e-05 2.2685226e-06 4.724027e-08 0.0027877346 2.1729581e-06 4.3320375e-07 1.280736e-07 1.1739375e-05 6.771475e-07 1.1869472e-06 1.206887e-06 1.34192e-08 1.6479042e-07 1.6493053e-07 8.6687905e-05 5.1508895e-08 1.1427809e-06 4.9326525e-07 3.1412434e-08 1.2513678e-06 5.8690187e-08 1.616283e-08 0.0013176291 5.5926243e-08 2.7389374e-08 1.3975228e-08 3.7775752e-08
0.5591874 0.0012480863 0.07634581 0.023295173 0.001324066 0.13261233 0.987402 0.1228046 7.098826e-13 0.0021089124 0.9764344 0.9655494 0.5616034 0.52604085 0.00071231736 9.4578005e-05 0.41295117 0.9321888 0.73665667 8.987369e-05 0.03854268 0.0044744774 0.03553458 0.11420843 0.033391636 0.0021283836 0.05738166 0.005912107 1.4755838e-05 0.0006863777 0.00020980426 0.0012140619 0.037940037 6.868698e-05 0.00095213857 0.033525165 3.5907244e-05 0.00071459403 6.1192195e-06 7.33697e-07 3.822631e-05 0.000114481416 0.0026376972 9.910887e-05 9.425035e-07 1.1863117e-07 0.31463388 0.0007201421 0.00018995836 0.0008154234 0.0021305354 0.000121527686 0.00012951677 9.775039e-07 0.00013257616 9.685779e-07 9.030231e-07 5.7423733e-07 4.4684066e-06 6.8730455e-06 1.5334574e-07 2.9847206e-07 2.1452167e-06 0.0006870363 9.1826337e-07 2.2235454e-07 7.477623e-08 3.324908e-05 1.5201546e-05 1.5269668e-06 7.919364e-08 7.1367976e-06 8.448727e-08 5.4581452e-08 1.2674674e-07 5.2219607e-06 9.2850553e-07 0.0016449565 1.4003432e-06 3.628719e-07 1.3730067e-06 7.149471e-07 2.3951352e-06 3.5114263e-06 9.5278835e-08 4.3011758e-05 1.3922124e-06 6.3742755e-07 1.0838593e-06 4.1744914e-09 2.5064105e-06 7.502692e-09 1.9092194e-07 0.00015731546 1.5698033e-08 9.508626e-07 0.00019289771 2.7870565e-08 8.820629e-08 1.2319338e-05 6.08206e-06
0.41979876 0.007962418 0.98577553 0.003997479 0.00046013133 0.94538057 0.25129932 0.85038024 0.0021089124 1.6347797e-12 0.0014276283 0.007105962 0.13844253 0.0068410295 0.8899545 0.9917887 0.09881705 0.0007228706 0.0006025186 0.05627019 3.396998e-05 2.4109088e-06 0.000102532635 0.004398244 3.6185331e-06 0.38576376 0.26261175 1.7710248e-05 0.0022039877 5.2530606e-07 7.281463e-07 1.5267908e-06 0.023063118 1.7521969e-09 4.448826e-06 0.0020627175 2.0198104e-06 0.076907404 8.262971e-05 6.42362e-05 5.3885526e-07 0.015020935 0.0028902073 3.919267e-06 0.0011020139 1.3481926e-08 0.074785374 1.6041646e-05 3.7052557e-06 5.1188465e-07 3.0488106e-06 0.00057994406 0.021013647 3.8449124e-10 3.4396885e-06 2.7456026e-05 2.140683e-07 0.00017756662 1.8652501e-07 6.715391e-07 3.48856e-05 4.688263e-09 4.0173035e-07 1.1826755e-05 9.867125e-09 8.611978e-08 1.0187354e-08 1.31224615e-05 5.5151836e-06 9.965345e-07 2.4848183e-05 0.00026332322 0.0001885986 5.736352e-09 3.665955e-05 3.134494e-07 1.5443013e-07 0.0010491074 2.5203957e-07 1.0831803e-06 4.784572e-07 8.5578664e-05 1.3433965e-06 9.189598e-07 5.3086806e-05 4.0976784e-07 6.3609156e-07 2.8942353e-08 0.0005061242 1.12742975e-10 1.110738e-05 1.652569e-05 1.1455626e-09 4.242293e-05 4.6600832e-07 5.0953804e-07 0.0028453676 2.823918e-07 3.893307e-07 4.597523e-07 2.4711765e-06
0.28327617 2.4529947e-05 0.00035429074 0.9994411 0.020838141 0.12941621 0.52243316 0.038614303 0.9764344 0.0014276283 1.3928146e-09 0.39954042 0.20975374 0.2759662 0.00024661524 0.00036337247 0.14346772 0.9438819 0.6387683 0.00013483767 0.07824437 0.0045925174 0.02438469 0.026798436 0.7126172 0.00039312628 0.0014917015 0.013919532 8.333292e-05 0.0014457675 0.0012203645 0.0016837695 0.00043802214 0.0006623544 0.0002899358 0.0014949258 6.49125e-05 1.3628139e-05 2.5377178e-05 2.8367502e-05 2.2230686e-05 7.1974e-07 2.488489e-05 4.4412995e-05 3.3487574e-06 1.924616e-05 0.0015543873 2.5163585e-05 3.0288434e-06 5.877636e-05 0.00031204507 0.00021177933 1.3590136e-05 5.2091596e-05 0.00015131636 6.325835e-05 1.1043382e-05 1.5961607e-05 1.3690371e-06 2.4111354e-05 9.092386e-06 1.1003629e-06 8.594069e-06 9.676511e-05 2.6516227e-06 4.5255674e-05 1.90336e-07 0.000114674935 1.3114247e-06 2.7940157e-06 1.006598e-06 0.0005983408 3.882717e-07 2.4383382e-05 5.7897273e-06 1.2555972e-06 6.889373e-06 0.00030338796 5.298724e-06 6.587102e-06 1.9381465e-05 9.915641e-07 3.3926128e-06 1.3030639e-05 1.7193972e-06 0.00013046848 2.8318698e-06 1.0663317e-07 5.993894e-07 1.6468226e-08 3.123328e-05 1.1252804e-06 1.44044465e-08 0.00033075883 4.3435854e-08 4.596e-06 0.0040379725 9.179757e-08 9.977616e-08 0.0002212366 6.902246e-05
0.6021809 0.0003896747 0.11543529 0.004935816 0.00037862224 0.34711757 0.957823 0.9109184 0.9655494 0.007105962 0.39954042 1.4448878e-13 0.9503265 0.975558 0.00045097907 0.0001717354 0.39269558 0.6368331 0.521188 0.0002163915 0.0056893057 0.001254976 0.012167956 0.26960588 0.0012314393 0.010866844 0.18851846 0.00057963183 1.65577e-05 8.301089e-05 5.8928694e-05 8.383303e-05 0.09076493 3.0148763e-07 0.0011045343 0.08941609 9.229556e-06 0.0034257593 1.8386585e-06 1.3265759e-06 1.4168966e-05 0.00040243156 0.010608212 0.00026682255 3.52034e-05 1.4271021e-08 0.38308546 0.0018444035 0.00036642893 0.00024178141 0.00028815342 1.7383061e-05 0.0011868285 1.6847004e-07 3.6162994e-05 5.372351e-06 5.3483394e-08 1.4150542e-06 2.489086e-06 4.5293564e-06 4.928858e-07 8.3199e-08 2.600084e-07 0.00024802383 2.3550926e-07 4.775842e-07 4.582526e-09 6.4667597e-06 0.00028604572 4.2268643e-06 3.5073833e-06 1.8679277e-05 4.2480883e-06 6.4802577e-09 1.0382494e-05 1.7291297e-05 7.045939e-08 0.003991511 6.9533867e-06 3.6596842e-07 1.7763496e-05 7.983791e-06 5.0834643e-07 1.6455017e-05 1.9192682e-06 1.8425308e-06 4.18301e-06 1.4034015e-07 2.3703404e-05 1.3117274e-08 1.0773422e-06 1.26255e-07 4.6745328e-08 7.957229e-05 3.7698246e-07 1.9007025e-07 0.00051217375 2.389674e-07 3.4121575e-07 3.426437e-07 6.5292184e-06
0.7478343 0.004186063 0.6869796 0.016097791 0.00096428447 0.6293731 0.49152446 0.9610375 0.5616034 0.13844253 0.20975374 0.9503265 3.6877273e-14 0.97674334 0.022339102 0.0059947832 0.9902917 0.1284018 0.30103743 0.00447095 0.00070557505 0.0011248626 0.0063569406 0.3090985 0.0001575572 0.07310944 0.5350074 0.0002398955 6.834557e-05 2.0800851e-05 4.3504326e-05 1.2361505e-05 0.27272812 1.0335552e-08 0.00014162855 0.10110517 5.497571e-06 0.03511824 1.4585068e-05 4.582992e-06 1.8722908e-06 0.005283261 0.060437776 6.587891e-05 0.00025191787 3.4535496e-08 0.6374091 0.001863299 0.0002894661 0.00011886963 0.00015904468 6.298997e-05 0.02183124 1.1952216e-07 7.0138603e-06 6.008153e-06 2.7422358e-08 1.0965168e-05 2.5031522e-06 5.686118e-07 1.27887715e-05 1.6370794e-08 2.8081834e-07 0.00036014797 1.8909926e-08 5.1342152e-08 6.9486426e-09 5.4650563e-06 0.0007796835 4.2696738e-07 3.2469947e-05 3.4269568e-05 1.4386977e-05 3.6596457e-09 8.4598425e-05 2.2723476e-05 1.8160508e-08 0.015329486 1.368421e-06 2.3181549e-06 7.3353044e-07 4.8342677e-05 7.052632e-07 1.2356767e-05 2.100394e-05 9.134695e-08 3.0163488e-07 5.768624e-08 0.00034911596 1.6940591e-09 2.1762826e-06 2.197432e-06 3.3329094e-08 8.475177e-05 3.0361573e-06 8.679226e-06 0.0018805396 8.193916e-07 3.7323207e-07 4.2813124e-08 9.444708e-06
0.942553 0.00048100782 0.23873398 0.0037704995 0.00018607739 0.13979894 0.22752583 0.34181833 0.52604085 0.0068410295 0.2759662 0.975558 0.97674334 1.08494844e-13 0.0036980968 0.00038852307 0.78844124 0.5993295 0.79911906 0.00068012864 0.011863312 0.005561298 0.07049592 0.86781526 0.0021478394 0.064475216 0.7737946 0.0014499208 3.3436725e-05 0.00021379952 0.00016995976 7.894747e-05 0.60983485 3.2719993e-07 0.003404357 0.5944077 4.865446e-05 0.04953011 2.142282e-05 1.1655325e-06 3.0300784e-05 0.009056821 0.1600025 0.0016300164 0.00019020692 2.9364747e-07 0.92242557 0.02131674 0.0033950729 0.0005451721 0.00044441814 7.651669e-05 0.049752243 6.4771876e-07 1.8086248e-05 7.390069e-06 2.7746543e-07 3.5144042e-06 1.8708246e-05 2.5271406e-06 2.1213184e-06 2.0712406e-07 2.1097037e-06 0.0070166406 2.6467276e-07 1.8600811e-07 2.7725447e-08 1.4129477e-06 0.0037445356 1.51518025e-05 9.576795e-06 3.293856e-05 5.0405437e-05 3.340636e-08 0.0002021439 0.0003025936 3.7029206e-08 0.11757321 6.19314e-06 1.1566452e-06 2.5685842e-05 8.9242e-05 1.1049024e-06 0.0001784082 1.6649936e-05 2.1106032e-06 1.5972584e-05 4.7178298e-07 0.0005257717 3.3589092e-08 3.0520953e-06 1.9215684e-06 1.0934543e-08 0.0009005597 1.0375006e-06 3.922498e-06 0.003377864 1.7852724e-07 1.14580864e-07 4.6238815e-06 0.00011254941
0.96892375 0.0005105364 0.37430996 0.0004738107 4.9571423e-05 0.090078995 0.008335268 0.13178578 0.00071231736 0.8899545 0.00024661524 0.00045097907 0.022339102 0.0036980968 7.939788e-14 0.9928266 0.122126915 7.19891e-05 0.0006212401 0.9195787 1.7976246e-05 2.5399393e-06 0.00026072966 0.007855859 6.8312174e-06 0.8886156 0.8215109 2.5036024e-05 0.036258385 8.3953155e-06 1.1359743e-08 4.221891e-07 0.11093051 1.2149505e-09 4.1585976e-05 0.005196153 1.1932501e-07 0.5694837 0.0021207796 0.008879327 1.7919787e-06 0.23509975 0.015785117 1.8878405e-05 0.02342127 2.3856774e-09 0.63673455 0.00015823421 5.5064524e-05 1.5018428e-05 6.2357994e-06 0.0057258946 0.5632254 3.5197134e-10 3.341122e-07 0.0012138025 1.2574353e-08 0.002632234 3.6566544e-06 1.0655673e-07 0.00041391587 6.466445e-08 7.02976e-07 3.3460423e-05 2.407795e-08 7.582506e-09 1.08958055e-07 1.6447665e-06 0.0003965453 2.4358651e-05 0.0011687154 0.0008440888 0.0041644536 2.6313026e-07 0.002701862 2.478447e-05 3.4110738e-07 0.04178224 5.8265505e-06 5.22076e-06 7.6146785e-06 0.00085192197 1.9216026e-05 1.351583e-05 0.0005519944 7.466108e-06 3.177329e-06 1.1798776e-08 0.0033068268 1.1963404e-07 1.5220725e-05 0.00025370513 2.882313e-07 2.1916589e-05 6.311815e-06 1.9667068e-05 0.0051361895 1.1303802e-05 2.7162805e-06 3.1193676e-06 6.8625336e-06
0.4540438 0.002768698 0.81895655 0.000104853876 0.00036952746 0.2281988 0.01746855 0.14049537 9.4578005e-05 0.9917887 0.00036337247 0.0001717354 0.0059947832 0.00038852307 0.9928266 6.15364e-14 0.0039254935 9.294974e-06 6.3983694e-05 0.928079 1.5367383e-05 4.3565478e-07 3.2122465e-05 0.000142051 1.0614419e-06 0.23474573 0.021588476 4.30815e-05 0.055980753 4.114613e-06 1.7709714e-06 5.75013e-06 0.0006016648 9.004157e-09 5.9161275e-06 7.6992925e-05 8.0546425e-07 0.043098573 0.07144998 0.0051453104 8.223617e-07 0.0077647027 0.00012237739 1.0027779e-06 0.0016358929 3.809373e-09 0.0032682791 1.4426125e-06 1.0859989e-06 2.3009968e-06 2.0592706e-06 0.0023952404 0.022883765 2.0962904e-08 9.129047e-07 0.00018345828 1.464132e-06 0.003302972 2.4889587e-07 5.6039187e-07 0.00011174598 2.6806543e-08 5.0824804e-07 1.3908703e-05 1.1471873e-07 3.280013e-07 8.8749864e-08 1.1055185e-05 4.1263255e-07 1.9027549e-06 0.00011907181 0.0031276534 0.0007901169 1.4978898e-06 0.000122042664 5.51261e-07 2.0701901e-07 0.00024293568 3.814571e-07 0.00010875495 2.0479506e-06 2.722501e-05 2.3455039e-05 9.411983e-07 0.00010742152 2.1831433e-07 3.1245585e-07 6.3768586e-09 0.00020315754 1.5785157e-09 5.754215e-05 8.921605e-05 2.1185738e-09 2.7176281e-06 3.17889e-06 2.3549468e-05 0.0013772099 2.7809924e-06 2.1151793e-06 3.435559e-07 4.015061e-06
0.974711 0.0045356876 0.5976852 0.014865665 0.00070237025 0.32900098 0.10386635 0.5697434 0.41295117 0.09881705 0.14346772 0.39269558 0.9902917 0.78844124 0.122126915 0.0039254935 5.4198193e-13 0.04173325 0.29770824 0.010106511 0.00031037856 0.0010722567 0.01615542 0.648099 5.1953677e-05 0.31134138 0.9260824 0.00096433 0.00020273619 0.00010285475 4.7401812e-05 6.0736063e-05 0.7240297 5.969722e-09 0.0015611259 0.3201118 2.3098404e-05 0.16261765 6.395185e-05 0.0002657357 1.8060671e-05 0.038892124 0.21913955 0.00054458017 0.0027436488 4.7706685e-08 0.91732043 0.003190541 0.00094148837 0.000107376756 0.00018364174 0.0003353801 0.20643875 1.1924811e-07 1.2136171e-06 5.5191274e-05 4.1865498e-08 2.6427757e-05 1.0715503e-05 1.8650929e-06 3.623121e-05 1.3861006e-07 1.1231941e-06 0.0005183522 2.81765e-07 4.8069455e-09 9.465821e-09 1.2683466e-05 0.0024798445 1.1090744e-06 0.00013662827 2.8106324e-05 0.00045987495 5.2570122e-08 0.0016161321 6.125073e-05 3.141344e-07 0.14324819 3.5423536e-06 5.9033728e-06 1.2764494e-06 0.00034522952 1.2741726e-06 8.233155e-06 9.003342e-05 1.1651068e-06 9.527226e-07 9.340996e-08 0.0006585042 4.8295835e-08 3.1294298e-06 2.0460368e-05 1.0291179e-07 0.00011232497 2.612638e-06 3.1977968e-06 0.002651815 9.0036167e-07 2.5523132e-06 3.1613087e-07 8.205548e-06
0.54062885 0.00020507672 0.001760292 0.005260601 0.0002127916 0.022394316 0.29652637 0.09195682 0.9321888 0.0007228706 0.9438819 0.6368331 0.1284018 0.5993295 7.19891e-05 9.294974e-06 0.04173325 5.4829513e-14 0.9970092 1.550004e-05 0.9410654 0.84959924 0.38444218 0.31812984 0.8705589 2.0251871e-05 0.008085471 0.1056113 5.9635236e-06 0.008783177 0.002056332 0.018425543 0.012968234 0.00017159853 0.009363711 0.038853485 0.0012758573 0.00021021282 1.0544178e-06 4.7286154e-08 0.00091423385 1.4075111e-05 0.0022316559 0.0031724484 1.7726079e-07 0.00023105468 0.086423256 0.0034308615 0.0011527383 0.0040689018 0.00560152 0.00011278159 0.00013127725 1.8648341e-05 0.00024706748 3.8484014e-08 4.8636393e-06 6.449124e-07 2.1273802e-06 1.44003625e-05 6.558074e-08 2.6051748e-07 3.9433345e-07 0.0016923316 7.7360926e-07 4.93155e-06 3.174745e-08 4.632016e-06 1.52391285e-05 1.4929303e-07 5.6483156e-08 5.9821134e-05 2.72875e-07 5.982244e-07 7.7845533e-07 2.6438356e-06 1.0130914e-07 0.0016469178 8.3148825e-07 2.7997893e-07 1.4660916e-05 7.2947586e-07 1.113837e-06 9.389387e-06 8.156049e-07 4.2660126e-06 2.0771345e-06 1.6927194e-08 3.0259405e-05 1.6001087e-08 3.6720166e-06 1.4015224e-07 2.562366e-08 0.00012427919 4.48272e-09 4.2732134e-07 0.00063596637 7.440249e-08 6.623881e-09 1.5231774e-07 3.5418045e-05
0.96183085 0.00042947385 0.0068852357 0.008522617 0.00018048487 0.02144854 0.055370916 0.06744016 0.73665667 0.0006025186 0.6387683 0.521188 0.30103743 0.79911906 0.0006212401 6.3983694e-05 0.29770824 0.9970092 5.5531402e-14 0.00034210904 0.40346014 0.2508879 0.7825856 0.9511211 0.017272206 0.007304185 0.15625161 0.048286214 1.17011605e-05 0.021875931 0.0016787838 0.009828538 0.21223012 2.8728537e-05 0.05625165 0.52419096 0.0041374518 0.0110839475 1.8389356e-06 4.1850167e-06 0.003639196 0.0023114714 0.05349157 0.025512002 2.4502964e-05 2.8805436e-05 0.7677258 0.061267123 0.019644782 0.022715162 0.037092123 0.0016344676 0.021390803 1.8183428e-05 0.00066019606 1.1209869e-05 1.3675065e-06 1.9227116e-05 0.000118481425 8.058416e-05 2.5517559e-06 9.006641e-07 5.977063e-06 0.039442766 2.1150563e-06 1.3951957e-07 2.999191e-08 2.021541e-06 0.0039637764 7.692445e-05 3.903587e-05 0.00019754165 5.2407566e-05 9.171326e-07 0.0003203621 0.0011281038 2.0114881e-07 0.08925067 6.2641506e-05 4.238239e-06 0.00027216875 0.0003121454 3.4450055e-05 0.001515611 6.355343e-05 2.4727904e-05 0.00015120745 8.036929e-08 0.00086945365 8.6312895e-07 4.251274e-06 2.8247558e-05 7.695178e-08 0.0052729473 3.4251839e-06 3.424464e-05 0.005184222 2.3158545e-06 1.0189123e-06 4.2526022e-05 0.0007133375
0.8260585 0.00019966105 0.025804415 0.00017853313 1.0488143e-05 0.0025692005 0.0007816125 0.004955283 8.987369e-05 0.05627019 0.00013483767 0.0002163915 0.00447095 0.00068012864 0.9195787 0.928079 0.010106511 1.550004e-05 0.00034210904 1.5504287e-12 3.0342137e-05 6.172273e-06 0.00016182513 0.0014175362 7.7071645e-06 0.9630204 0.36004952 2.6979056e-05 0.9894675 1.5155443e-05 0.00010437538 7.2084017e-06 0.0073342733 5.1007385e-07 4.800111e-05 0.00046437635 2.3189981e-05 0.4615947 0.45703706 0.33340052 2.466744e-05 0.21199077 0.001904505 1.1743384e-05 0.17548059 3.995626e-08 0.007628012 3.617586e-05 8.316584e-06 2.437479e-06 3.8192984e-06 0.019443206 0.32103258 1.706802e-07 0.00022888806 0.007123745 1.158957e-05 0.024765907 2.2622983e-06 6.938797e-05 0.0026379752 1.9105491e-07 9.980076e-07 3.0259953e-05 3.2230616e-08 1.6300715e-05 3.815334e-06 0.0002979285 4.0238992e-05 4.2078364e-06 0.0045144316 0.028806048 0.017064841 1.2896956e-07 0.002368211 5.51883e-06 9.402855e-06 0.0030435065 1.1155022e-05 0.0011300817 2.1175508e-06 0.0010463331 0.00014131877 4.8059214e-06 0.0059133866 6.2077515e-06 1.7546325e-06 4.9166096e-07 0.003873453 8.8023775e-08 0.0006967911 0.017128153 3.3926628e-07 1.7404162e-05 2.2175927e-05 4.4113116e-05 0.006402688 2.341011e-06 1.0320449e-05 6.28778e-05 1.574272e-05
0.20750016 1.8674352e-06 1.4409923e-05 0.00022932724 1.083451e-06 3.9835177e-05 0.0012986332 0.0004839063 0.03854268 3.396998e-05 0.07824437 0.0056893057 0.00070557505 0.011863312 1.7976246e-05 1.5367383e-05 0.00031037856 0.9410654 0.40346014 3.0342137e-05 4.7664173e-13 0.9981127 0.42232165 0.11765438 0.9892112 1.113914e-05 0.00091646996 0.6504305 4.6320024e-06 0.05950756 0.10792233 0.14986625 0.0024073594 0.0025161211 0.03499883 0.030751836 0.0033089893 2.2416754e-05 9.4592883e-07 9.515316e-08 0.009434239 2.6877426e-06 0.00088605436 0.010608101 1.7461599e-07 0.002354727 0.01810141 0.004630636 0.0038298396 0.015773376 0.017724613 0.0004748305 5.8100242e-05 0.0032082042 0.0018715742 3.2301825e-06 3.834501e-05 3.8872007e-05 0.00011459545 0.0007233971 8.75827e-07 6.42125e-07 1.3516803e-06 0.0012975637 7.5605667e-06 8.772339e-05 6.616028e-07 0.00015209038 4.8358906e-05 6.4928313e-06 2.13328e-06 7.153844e-05 1.8534594e-06 9.847071e-08 1.4314457e-05 2.5440933e-05 3.4332718e-06 0.0010108761 3.598314e-05 2.72882e-07 3.1412605e-05 3.7976515e-06 5.0728437e-07 0.00017655449 7.0623435e-07 5.626309e-05 4.75946e-05 2.2261618e-07 1.02026925e-05 4.559233e-08 1.0611611e-05 3.811077e-07 5.028238e-09 0.0004137057 2.5189224e-09 3.0249808e-08 0.0008838368 8.1976324e-08 4.792557e-08 4.710369e-06 0.000105943356
0.70076436 4.1286754e-07 1.522151e-05 4.1013227e-05 9.2131366e-08 7.666084e-06 0.00022490686 5.4324166e-05 0.0044744774 2.4109088e-06 0.0045925174 0.001254976 0.0011248626 0.005561298 2.5399393e-06 4.3565478e-07 0.0010722567 0.84959924 0.2508879 6.172273e-06 0.9981127 1.4195459e-13 0.9625715 0.3476031 0.5490331 4.0621744e-05 0.004000442 0.96884745 7.176762e-07 0.3738373 0.012092669 0.4039598 0.016052347 3.0705272e-05 0.4135084 0.18565923 0.028783996 0.00022194644 4.9227043e-07 1.3262484e-06 0.05651392 1.1487825e-05 0.0064215073 0.08357028 4.892321e-07 0.0010353158 0.12370611 0.071442895 0.052434806 0.12165355 0.21043801 0.00021822371 0.00019785765 0.0010708378 0.0065806513 2.6189004e-05 0.00015299466 5.963236e-07 0.0013224834 0.00050671946 2.4119045e-06 9.634626e-06 1.7940178e-05 0.02732612 6.4680215e-05 0.0001046351 4.3581016e-07 8.210996e-06 0.002007796 0.0006116131 7.345252e-07 0.0002570583 1.3576735e-06 3.158292e-07 2.1791122e-05 0.00064568757 3.1818854e-07 0.01921163 0.00019363369 2.2287428e-07 0.00023582832 4.3213713e-05 1.282792e-07 0.0047339587 7.532506e-06 5.321946e-05 0.0001482356 1.6119336e-07 0.00052872655 1.1437294e-06 2.7558437e-07 1.9659933e-06 3.0743642e-08 0.003375505 6.280645e-08 4.4222993e-08 0.0022908493 1.576173e-08 1.7749626e-07 5.212087e-05 0.00028987607
0.9410995 5.6218187e-07 0.00018019388 0.00011372233 5.291873e-07 0.0002122043 0.00079833233 0.0031457199 0.03553458 0.000102532635 0.02438469 0.012167956 0.0063569406 0.07049592 0.00026072966 3.2122465e-05 0.01615542 0.38444218 0.7825856 0.00016182513 0.42232165 0.9625715 2.1181615e-13 0.96904945 0.08948103 0.0006372629 0.020159302 0.9272796 5.4558604e-06 0.92628795 0.009125353 0.18496285 0.21781121 5.6604267e-06 0.9000283 0.82755196 0.032622173 0.0034964744 9.402186e-07 1.5983456e-06 0.12682484 0.0006946616 0.10833445 0.40463218 2.5048037e-05 0.002359399 0.52829117 0.33953363 0.18677512 0.13554204 0.074659705 0.00016872562 0.013010518 7.0853894e-05 0.00020188572 3.42233e-06 1.7904275e-06 4.6347708e-07 0.00047006676 0.00019037805 6.7743213e-06 2.2426946e-06 3.7830225e-06 0.06864685 1.4281009e-05 1.7560403e-06 7.245294e-08 2.174433e-05 0.015510836 0.00018887004 1.5579237e-05 7.892813e-05 1.4104175e-05 4.332333e-08 0.00068266457 0.004814948 3.977408e-08 0.14530376 5.8667385e-05 4.3495072e-07 5.5161443e-05 0.00048842427 1.0483947e-06 0.008754643 2.3686638e-05 1.8778182e-06 3.6595382e-05 9.925793e-09 0.0022750245 1.523425e-08 2.0946777e-06 3.1782038e-05 2.5898508e-09 0.006720193 4.2177113e-08 1.0815867e-06 0.009130224 1.6885106e-07 1.400561e-06 3.2007897e-06 0.00036166856
0.9775066 3.056364e-05 0.005361573 0.0007196278 4.364197e-06 0.0016913023 0.0037407074 0.029658027 0.11420843 0.004398244 0.026798436 0.26960588 0.3090985 0.86781526 0.007855859 0.000142051 0.648099 0.31812984 0.9511211 0.0014175362 0.11765438 0.3476031 0.96904945 1.0727203e-12 0.008550416 0.011772899 0.6868054 0.13871035 7.8365534e-05 0.2744651 0.0038494945 0.008252761 0.72142917 2.0179188e-07 0.6213461 0.9441574 0.0032634859 0.014927178 1.2846162e-05 3.4373028e-05 0.031214517 0.0060288995 0.3140075 0.0485134 0.00022755278 8.734215e-05 0.77640384 0.13870896 0.031436004 0.0066224327 0.0043490306 0.00046734195 0.093377516 3.4599682e-06 9.134499e-05 9.151769e-06 9.386625e-07 5.7184666e-06 0.00019282763 7.900193e-05 5.255902e-05 5.609207e-07 4.115308e-06 0.026269471 2.3447067e-06 2.6100167e-07 1.3808862e-07 1.1685837e-05 0.017954292 0.00018437051 0.00012880578 7.0708295e-05 0.00011810475 5.394584e-07 0.0017856116 0.004471389 1.3577466e-07 0.2581812 3.29189e-05 1.4967488e-06 7.8174366e-05 0.0012475359 1.0197498e-05 0.0024847083 6.408788e-05 4.8715165e-06 2.8870669e-05 1.64987e-07 0.005500797 4.4843297e-08 4.6497726e-06 2.5675043e-05 2.3573632e-08 0.0016143329 6.4447835e-07 5.5285755e-06 0.019866554 2.1036562e-06 3.081612e-06 3.9634547e-06 0.00024390485
0.2361031 1.5765647e-05 9.613815e-05 0.0003781513 2.956741e-05 0.00011129547 0.00081604376 0.00013881148 0.033391636 3.6185331e-06 0.7126172 0.0012314393 0.0001575572 0.0021478394 6.8312174e-06 1.0614419e-06 5.1953677e-05 0.8705589 0.017272206 7.7071645e-06 0.9892112 0.5490331 0.08948103 0.008550416 1.0763852e-15 7.3691564e-07 3.620675e-05 0.58043504 5.695439e-08 0.039578874 0.9736797 0.4040699 0.000108624445 0.96605617 0.012253868 0.0026289076 0.0028103923 1.9811614e-06 5.203839e-08 1.05085356e-07 0.0042900904 8.597992e-07 0.00014820677 0.0021269228 3.7594776e-07 0.03261755 0.0009818986 0.000925604 0.00048457173 0.0074979113 0.010070788 3.6290825e-05 3.0337635e-06 0.43450078 0.0011461027 4.1705657e-06 0.000121921454 1.9000386e-06 7.41749e-05 0.00070343044 1.9385761e-06 8.066965e-07 7.866253e-08 0.0004801153 1.7171024e-05 0.00029444345 2.6215451e-08 3.5400688e-05 2.3786408e-06 6.332009e-07 4.3525236e-07 3.32313e-05 4.2078705e-07 1.7118457e-07 5.8588407e-06 1.8361596e-06 5.8814993e-07 0.00023998316 3.1948414e-07 3.7632496e-08 1.3843851e-06 2.9621444e-06 7.644693e-08 4.8516545e-06 2.3427293e-07 3.3570248e-07 1.3286227e-05 6.004853e-08 2.2330936e-05 3.2948751e-06 1.2272572e-07 1.1611645e-06 2.953321e-10 6.8042515e-05 4.6769696e-11 6.4965846e-08 0.0013642105 5.0577553e-10 4.2773657e-10 8.469411e-08 3.8285303e-05
0.88943326 0.000142878 0.075350955 0.00067762955 6.239309e-06 0.010184432 0.0014247572 0.06080566 0.0021283836 0.38576376 0.00039312628 0.010866844 0.07310944 0.064475216 0.8886156 0.23474573 0.31134138 2.0251871e-05 0.007304185 0.9630204 1.113914e-05 4.0621744e-05 0.0006372629 0.011772899 7.3691564e-07 5.891901e-15 0.96892613 7.7238336e-05 0.5542665 6.730275e-06 3.7292625e-06 1.4045845e-06 0.34606442 1.3929707e-10 5.6314617e-05 0.013328145 8.244898e-07 0.9711938 0.039223842 0.36718765 3.7689836e-07 0.6101032 0.113991916 1.0322595e-05 0.4127602 8.099743e-09 0.17063285 0.0004177879 3.570363e-05 4.91212e-07 4.0667905e-07 0.003156618 0.7273347 1.8405328e-09 5.706359e-07 0.0012456457 3.55638e-08 0.001682066 2.1229991e-07 6.456868e-08 0.0019302047 3.5091912e-09 2.095355e-08 1.5579699e-05 7.4388407e-09 4.9971836e-09 1.5388125e-08 1.5653142e-06 0.0036739348 1.6918825e-07 0.0020069643 0.00036596027 0.0022731703 2.2384036e-08 0.012558728 6.686971e-05 1.1458873e-07 0.05797727 3.0561654e-07 6.564667e-05 1.1095029e-08 0.0068120817 1.3181211e-05 3.1974491e-06 0.00063781766 1.964815e-07 2.1626025e-08 6.503428e-08 0.018413559 2.3367283e-10 8.074481e-06 0.00016954468 2.8954763e-09 3.7934726e-05 2.0586658e-06 1.8768568e-06 0.032824043 2.1865117e-06 5.9332956e-07 3.0040518e-08 6.9040294e-07
0.9642369 0.00034872445 0.11694002 0.00079647714 6.555067e-06 0.026840212 0.010262925 0.21017317 0.05738166 0.26261175 0.0014917015 0.18851846 0.5350074 0.7737946 0.8215109 0.021588476 0.9260824 0.008085471 0.15625161 0.36004952 0.00091646996 0.004000442 0.020159302 0.6868054 3.620675e-05 0.96892613 9.921427e-15 0.0015278679 0.00801102 0.00044104835 0.00019593858 3.3163928e-05 0.95753586 3.4767572e-10 0.00120871 0.51215523 1.4502595e-05 0.84986514 0.000749597 0.0042666784 9.6528365e-06 0.21453302 0.6413779 0.0001401955 0.04461086 9.946905e-07 0.5427747 0.00705428 0.0003120201 9.72004e-06 4.30352e-06 0.00045919782 0.5282072 3.532233e-08 5.9321164e-06 5.107139e-05 1.0169441e-07 8.491431e-05 1.920308e-06 1.5650842e-06 0.00037620583 1.131147e-07 3.0445352e-07 0.00014999641 1.020638e-07 2.0312944e-08 3.648587e-08 5.445249e-07 0.008735465 5.5926165e-07 0.00049251603 4.7418318e-05 0.00041833453 4.7358995e-08 0.0052482537 0.00045992166 2.4077826e-07 0.12465225 6.994091e-07 3.893706e-06 7.333412e-08 0.003889125 1.7403298e-05 3.0206957e-05 4.183507e-05 3.4197055e-07 3.1540628e-07 2.1160741e-07 0.008958652 5.94899e-09 1.3439707e-06 1.0352308e-05 3.194992e-08 8.963248e-05 2.9939088e-07 3.5959108e-06 0.033176467 3.6335044e-07 2.9705873e-07 2.0908635e-08 8.04812e-06
0.73957646 2.7555177e-07 1.9800535e-05 2.4266128e-06 3.100808e-07 0.00014346115 0.00024416903 0.00010817548 0.005912107 1.7710248e-05 0.013919532 0.00057963183 0.0002398955 0.0014499208 2.5036024e-05 4.30815e-05 0.00096433 0.1056113 0.048286214 2.6979056e-05 0.6504305 0.96884745 0.9272796 0.13871035 0.58043504 7.7238336e-05 0.0015278679 8.9173245e-11 5.664266e-06 0.99221057 0.19163226 0.9396039 0.0101958895 0.00017219245 0.55902237 0.101589836 0.20187613 0.00031820993 7.515827e-05 6.29122e-06 0.09912953 0.000104636 0.0027191087 0.18323447 1.816064e-05 0.023668649 0.07601483 0.07137133 0.068372436 0.26602057 0.20240507 0.00044617514 0.0007147924 0.0063075013 0.010284127 4.2771935e-05 0.0005698662 4.541413e-05 0.0021728217 0.0074341367 1.6832244e-05 0.00015690956 3.9023886e-05 0.039353933 0.0002819571 8.933013e-05 1.1527949e-05 0.00037100044 0.0032005778 0.00065317034 3.6795145e-06 0.00025879487 5.598105e-06 1.9854417e-06 5.389088e-05 0.00095593027 1.1306639e-05 0.032329503 0.00055508973 2.1542445e-07 0.0001635747 4.0471365e-05 4.811922e-07 0.0050363448 3.3734293e-06 6.44246e-05 0.00034195706 1.734881e-07 0.00022555751 2.3127116e-06 7.6939305e-06 2.2551092e-07 1.0822112e-07 0.006808814 9.0247426e-08 6.014677e-08 0.0021806248 2.5474895e-07 3.4483907e-07 6.00064e-06 0.00040269666
0.7316803 7.038521e-05 0.0015025382 0.00011551021 5.5664793e-07 7.12418e-05 4.2538475e-05 0.00010479439 1.4755838e-05 0.0022039877 8.333292e-05 1.65577e-05 6.834557e-05 3.3436725e-05 0.036258385 0.055980753 0.00020273619 5.9635236e-06 1.17011605e-05 0.9894675 4.6320024e-06 7.176762e-07 5.4558604e-06 7.8365534e-05 5.695439e-08 0.5542665 0.00801102 5.664266e-06 3.9238432e-14 3.6786378e-06 4.5476412e-05 1.2950929e-05 0.0012891043 5.5123365e-07 7.1607074e-06 5.83608e-05 6.939726e-06 0.32605547 0.98948103 0.9646669 4.068783e-06 0.14379516 0.0007444541 1.7816608e-06 0.39576644 4.485966e-07 0.0019379922 2.7111348e-05 2.4136269e-05 2.5925212e-06 1.4365171e-06 0.0657809 0.4183487 5.44068e-09 1.0476806e-05 0.006805176 2.248496e-06 0.030222852 2.081257e-06 1.3998273e-05 0.007837394 3.3400073e-07 2.6026928e-06 2.1902673e-05 2.1734753e-07 6.233082e-06 3.9267923e-07 8.107001e-05 0.00015749558 3.04903e-07 0.009879858 0.005672873 0.025030164 4.1635197e-08 0.028057033 2.9898545e-05 8.068335e-07 0.0037594622 1.1526063e-06 0.0007249161 1.6129223e-07 0.0038269425 0.00012590278 4.2943857e-06 0.0057132835 1.9410847e-06 2.6137306e-07 3.5604407e-07 0.009645398 2.7729943e-08 0.00048723718 0.0074770325 2.1016389e-08 3.1442363e-05 8.9480845e-06 6.0859442e-05 0.004523428 6.493615e-07 1.3362571e-05 7.6272518e-06 1.2915567e-05
0.7793774 3.6876594e-07 2.4342118e-05 1.47675e-06 3.5332792e-07 1.1395437e-05 0.0001098638 3.2642452e-05 0.0006863777 5.2530606e-07 0.0014457675 8.301089e-05 2.0800851e-05 0.00021379952 8.3953155e-06 4.114613e-06 0.00010285475 0.008783177 0.021875931 1.5155443e-05 0.05950756 0.3738373 0.92628795 0.2744651 0.039578874 6.730275e-06 0.00044104835 0.99221057 3.6786378e-06 1.2281657e-13 0.016742287 0.95964974 0.0058207917 1.1411565e-05 0.97244483 0.15974022 0.7243722 0.00012608903 6.7217056e-06 3.1949267e-07 0.45349273 2.0825624e-05 0.003482162 0.32979712 1.3609986e-06 0.019071514 0.04451394 0.12950164 0.09764975 0.25721404 0.15168518 5.1047144e-05 0.0002704417 0.0014649779 0.0125951 7.598363e-06 0.0001880058 8.685817e-06 0.0046613635 0.0032076288 5.351508e-06 3.606449e-05 2.5725976e-05 0.07262935 6.8366826e-05 0.00028221778 2.130072e-06 0.00010745502 0.005540098 0.0011914895 1.1988661e-06 0.00018123102 8.664646e-06 3.6591402e-07 5.917513e-05 0.0028371874 5.4334475e-07 0.028140556 0.00034661504 3.804526e-07 0.00013824577 7.544415e-05 4.9186795e-08 0.01088663 2.0881946e-05 5.432398e-06 0.00018054667 2.2071424e-07 0.00074123987 4.944472e-06 1.3100811e-06 1.3096894e-05 1.683425e-07 0.0064541018 6.22598e-07 4.4555455e-07 0.0034625167 3.461445e-07 1.327615e-06 7.4993336e-06 0.0004693297
