1.3742771e-16 0.44525877 0.6820258 0.7094029 0.9017535 0.86769617 0.96753347 0.97553074 0.86346936 0.55203784 0.95489 0.9613761 0.9252902 0.82198733 0.9689506 0.8839811 0.41477153 0.922775 0.11364967 0.20979401 0.97217387 0.964479 0.9251012 0.109028086 0.90624815 0.97784114 0.9406762 0.40281364 0.034399334 0.917275 0.85770285 0.89281386 0.7271907 0.630879 0.9602937 0.91851115 0.98721045 0.8103574 0.9524831 0.89311606 0.7499879 0.99271923 0.92590886 0.95843506 0.9577112 0.96515346 0.9068416 0.5856189 0.87489337 0.6647369 0.8826035 0.8913583 0.45124212 0.9957496 0.87634885 0.9852021 0.008007636 0.73903924 0.8883809 0.78896666 0.6110753 0.6564957 0.56589144 0.9706813 0.20136596 0.9616584 0.014522853 0.47009596 0.048307925 0.9296232 0.16332673 0.52167016 0.9672326 0.957296 0.9999744 0.027474131 0.39680648 0.12080223 0.6290786 0.8705945 0.06130242 0.980191 0.41871208 0.9993668 0.95026654 0.004548941 0.027720358 0.021811461 0.9864836 0.70709866 0.04776356 0.9208477 0.0012446096 0.1493663 0.86750394 0.9521599 0.9986844 0.9983242 0.72292775 0.00015406818 4.5415214e-05
0.44525877 1.4724155e-14 0.9866222 0.9642319 0.90376717 0.8997656 0.6977332 0.19852856 0.39274067 0.8002039 0.6714956 0.17508493 0.48835927 0.3752699 0.020509208 0.0036463384 0.066434115 0.0011884646 0.04902134 0.0030539443 0.066697136 0.0032508976 0.009021658 0.011216356 0.00056725513 0.008126749 0.0012023224 1.9695766e-05 0.0005395148 1.2479379e-06 0.00013144349 2.493636e-06 1.8759147e-05 9.092312e-05 8.625326e-08 1.676045e-05 0.03280217 0.00089707616 0.0007917511 1.1118252e-07 0.00014141895 9.82328e-05 5.7743786e-05 0.00012530829 3.99753e-05 0.003189484 0.0062587946 0.023433778 7.5564074e-08 0.004459327 0.00033706945 2.1854628e-08 6.5412314e-07 0.0009408839 3.791655e-06 9.154736e-06 5.3609938e-08 2.4120288e-06 6.9259017e-06 9.7235535e-08 1.6863541e-07 2.4531304e-05 7.440533e-08 4.6684867e-10 3.150344e-09 0.0002226248 1.5038648e-09 4.6827613e-06 9.833238e-08 0.0008864993 3.910588e-07 5.2670265e-07 0.00015246781 9.5274703e-07 0.0035539328 0.00073226506 0.004334383 1.8940438e-05 3.1879736e-08 3.9253356e-09 1.536445e-05 5.962576e-07 1.190911e-08 0.00019669686 3.3738538e-06 2.3611658e-06 1.5290812e-08 3.3657268e-06 8.7430315e-05 1.2739156e-07 1.6073952e-06 9.203438e-07 1.4807402e-07 1.2649852e-10 6.108916e-08 8.089967e-06 7.0532646e-05 2.1919388e-05 5.11718e-06 4.375799e-08 2.6379775e-08
0.6820258 0.9866222 7.379876e-14 0.9629523 0.6502801 0.8350302 0.68155205 0.014171753 0.055257987 0.42895237 0.9251599 0.29622182 0.36391944 0.09747907 0.007377796 0.000531077 0.0061892173 0.00091256096 0.011487492 0.00024209681 0.13562243 0.0020836918 0.038689777 0.0037073574 0.0008504527 0.011869779 0.003393671 7.838344e-06 2.060751e-05 2.4896797e-06 0.00012814881 1.2817544e-06 2.1134121e-05 6.837471e-05 1.1894566e-07 6.3783984e-05 0.033560712 0.0009344164 0.0016460236 1.3684883e-07 0.00042333332 0.000105971245 6.658622e-05 0.0007947006 0.00011879212 0.0040469053 0.010046413 0.008941435 1.5402081e-07 0.0029347446 0.0018646537 4.6359975e-08 6.9381977e-06 0.0010674731 7.394422e-07 3.258112e-05 4.0188016e-07 5.118234e-06 2.6041414e-05 6.0167963e-07 3.2043923e-07 3.1307118e-05 3.9429247e-07 7.1596884e-10 1.00919895e-08 0.00030214206 5.379438e-09 7.270662e-06 2.2931968e-07 0.0034710881 3.401452e-07 1.264398e-06 0.0002773328 1.817833e-05 0.0047487672 0.00012897271 0.00351623 1.099455e-05 8.373007e-08 9.736558e-09 1.4927631e-06 4.4145145e-07 8.392205e-09 0.0007348167 1.14751565e-05 1.7362144e-06 1.4675471e-08 6.154461e-07 0.000113399044 2.1892263e-06 4.2879788e-07 9.24335e-06 3.5962778e-08 1.5434022e-10 2.78045e-07 3.189903e-05 8.0396705e-05 9.9449986e-05 6.7104584e-06 4.073731e-09 7.2785182e-09
0.7094029 0.9642319 0.9629523 1.0139413e-12 0.8612895 0.9657516 0.7554235 0.14754307 0.4719628 0.50998086 0.63652676 0.3122468 0.04734715 0.33807057 0.05927392 0.005534244 0.0011665818 0.018084018 0.051296778 0.00020023384 0.11478775 0.07482946 0.0048763766 0.01082018 0.0032075278 0.036047466 0.00022105731 1.2157352e-05 2.8115328e-05 1.3807666e-05 0.00024792616 3.7291381e-06 0.00016883296 0.0007008885 4.7865893e-07 3.969219e-06 0.04697794 8.866295e-05 0.00019748797 3.6348456e-07 8.2490675e-05 0.00025390965 0.0037720622 0.0003897879 1.7830265e-05 0.0074263206 0.13656119 0.1837332 1.8829019e-06 0.0861455 0.031973854 2.5618226e-07 2.4937074e-06 0.002188211 0.00023965654 2.0263337e-06 2.531619e-07 4.623231e-07 5.1566108e-06 6.481356e-06 6.9567227e-06 8.441318e-06 1.100227e-07 2.0367528e-08 4.586111e-07 6.063368e-05 5.2432405e-09 3.9061024e-06 1.480045e-06 0.0011036956 1.3975842e-06 0.00032174512 0.00013128089 8.050956e-07 0.0032625583 0.023282256 0.16702081 0.0023122928 3.8187885e-08 4.155697e-08 0.0043742275 6.577212e-07 4.982539e-08 0.00022636929 1.8917088e-06 9.623601e-05 9.109536e-08 2.392981e-05 0.00010766099 5.635459e-07 1.1715306e-05 1.6190515e-05 8.420473e-07 6.521225e-09 1.17711124e-07 2.148377e-05 8.697815e-05 2.2939405e-05 1.1769744e-05 1.8849295e-07 2.9323974e-07
0.9017535 0.90376717 0.6502801 0.8612895 1.0973404e-12 0.9066197 0.89265317 0.5566169 0.6249484 0.97057563 0.44483468 0.13058165 0.0053123957 0.91920376 0.04649283 0.007027077 0.002269564 0.0101940865 0.5080189 0.00056479283 0.076460265 0.27787858 0.00093547313 0.07397971 0.0022075893 0.02142461 2.348754e-05 6.637148e-05 0.0009128007 1.1785018e-05 0.00014006198 5.5790993e-06 9.9254714e-05 0.00047753847 2.8966022e-06 2.1086528e-07 0.042945802 5.662716e-06 0.0005447929 1.6779097e-07 1.4562218e-05 0.0013447041 0.0017004652 9.926002e-05 1.5999922e-05 0.010418032 0.3468073 0.798982 2.7849762e-06 0.54064906 0.062480737 1.02328116e-07 6.047026e-07 0.0022703528 0.00012040475 1.410554e-06 4.635425e-07 2.121894e-07 6.0742977e-06 3.4015392e-07 2.072182e-06 7.0787937e-06 2.7518242e-08 5.670249e-08 1.047262e-07 2.1534806e-05 9.812717e-09 1.2316442e-06 7.820098e-07 0.0018299025 5.062656e-07 0.0014061506 0.00012767685 8.823696e-07 0.0018162417 0.31546125 0.73036534 0.013250885 3.378094e-08 3.3864932e-08 0.06983086 5.034841e-07 1.2466587e-07 0.00018078291 1.9850004e-06 0.00349244 5.19349e-07 0.00015065515 0.00011051744 1.2677256e-06 4.1205567e-05 9.018479e-06 3.2243268e-05 7.070838e-10 9.834363e-08 3.848742e-05 2.1565573e-05 1.573595e-05 1.6798103e-05 0.0001329697 4.619849e-06
0.86769617 0.8997656 0.8350302 0.9657516 0.9066197 7.880818e-12 0.94289666 0.76713914 0.87480354 0.5867452 0.5733093 0.713 0.004539989 0.5785805 0.41719592 0.1350988 0.00023364523 0.15780254 0.0543784 2.9987868e-05 0.110069595 0.41294456 0.0035612255 0.0039198184 0.024444863 0.13976702 0.00012650229 9.051826e-06 8.92492e-06 0.0005649628 0.0029485933 9.105145e-05 0.0013121129 0.0031539747 1.0918128e-05 1.6998652e-06 0.052047607 1.8396295e-05 9.2600654e-05 6.4269198e-06 0.00013353431 0.0007730762 0.0075383633 0.0005730131 2.0991964e-05 0.021005733 0.41824758 0.3988447 2.3459155e-05 0.23594102 0.0855389 2.7634508e-06 1.1345247e-06 0.008264809 0.0012529921 1.7891664e-06 3.2618365e-07 7.598852e-07 6.4099336e-06 4.9970222e-05 2.6860038e-05 1.3376392e-05 2.871789e-08 3.9435827e-07 1.7048004e-06 0.00012022943 6.995065e-09 3.2183652e-06 6.1013884e-06 0.0017292361 6.7136975e-06 0.0007399696 0.00030345132 1.5962603e-06 0.0040714154 0.068840064 0.33129236 0.0034924 2.6067417e-08 3.6173304e-07 0.012490382 9.11389e-06 2.727392e-07 0.00023198246 7.365039e-07 0.00043780668 2.5605254e-07 5.866459e-05 0.000464663 5.9236163e-07 1.023452e-05 0.00013077106 1.5211009e-06 1.0063235e-08 1.2695214e-07 0.00017980815 0.000415951 2.8700191e-05 0.00016339666 1.420591e-06 3.2082878e-07
0.96753347 0.6977332 0.68155205 0.7554235 0.89265317 0.94289666 4.433616e-12 0.55161107 0.33450547 0.6511192 0.91432524 0.9539684 0.053568996 0.589798 0.14347747 0.031436495 0.000778464 0.108073674 0.08150985 0.00020809792 0.49244118 0.40800682 0.022298161 0.009162772 0.021048697 0.2687667 0.0006552183 0.000114962044 3.1505937e-05 0.00046825092 0.0015402676 9.0287336e-05 0.001258573 0.0030565974 3.0002913e-05 9.0239046e-05 0.27945226 0.00024083813 0.0025568132 1.0387149e-05 0.0007195733 0.0023902704 0.0183385 0.0039332844 0.0004937692 0.04754474 0.2541128 0.30144167 1.4025305e-05 0.14183383 0.054156892 6.1853075e-06 1.4884381e-05 0.02138995 0.0005995032 6.38309e-05 6.5456555e-07 4.787934e-06 3.141299e-05 2.4205374e-05 1.3913877e-05 3.1309537e-05 1.587471e-07 9.488942e-07 2.1584303e-06 0.0013599531 1.3916841e-08 1.7508592e-05 5.223395e-06 0.007559947 3.5316336e-06 0.0008225465 0.0016312489 5.9610476e-05 0.01952349 0.017420137 0.34712905 0.0019448705 2.6275038e-07 4.126217e-06 0.003214772 3.6599184e-05 2.323684e-06 0.0013611701 8.218851e-05 0.00017962973 1.8306145e-07 0.00017925102 0.0012498837 2.035197e-05 3.0743453e-05 0.000210198 4.1703033e-06 7.1044224e-09 3.6562292e-06 0.0010866957 0.0011366312 0.00055922836 0.00053009356 2.4087392e-06 3.6912905e-07
0.97553074 0.19852856 0.014171753 0.14754307 0.5566169 0.76713914 0.55161107 1.8998197e-13 0.97650725 0.073098935 0.026405849 0.27517316 0.0003463296 0.3182923 0.69465464 0.77335125 4.70682e-05 0.7220959 0.00632582 1.6064695e-06 0.053377785 0.8947418 0.00031521762 0.00012356784 0.061246455 0.26228708 2.5929601e-05 9.1600455e-08 7.411656e-07 0.011511108 0.007383783 0.00041376174 0.017961254 0.02249367 0.000186079 6.7055225e-07 0.049514942 2.9704358e-06 2.436855e-05 2.2217946e-05 4.792276e-05 0.036279313 0.043511994 0.00043363555 5.983616e-06 0.11081612 0.84485155 0.5527482 2.4726844e-05 0.53219056 0.4748941 2.6266857e-06 4.054084e-06 0.039978668 0.004725177 1.5244512e-06 5.2290417e-08 3.6032174e-07 1.935807e-06 0.00025291566 6.5241926e-05 3.3278375e-06 1.2293311e-08 1.1797741e-06 7.940887e-06 3.7259728e-05 1.2411175e-09 4.6819932e-06 8.264598e-06 0.0017924294 4.854765e-06 0.020142497 0.00026458004 6.4400035e-07 0.0059242416 0.06158787 0.14525095 0.022080518 3.044104e-08 3.9304715e-07 0.06483364 2.3434111e-05 1.4485069e-07 0.00035875276 1.1257334e-06 0.0014587376 1.3952757e-07 0.00032507704 0.0010189688 1.5106228e-06 3.9044022e-05 0.00013340727 1.1014328e-06 1.9129391e-09 1.1540873e-07 0.0006938433 0.0009029699 4.6691846e-05 8.398924e-05 1.1094496e-05 1.5144716e-06
0.86346936 0.39274067 0.055257987 0.4719628 0.6249484 0.87480354 0.33450547 0.97650725 1.399417e-15 0.060306795 0.03829254 0.5154668 9.2400056e-05 0.21963653 0.8502885 0.97306687 1.6803408e-05 0.8427482 0.0016514506 2.4089516e-07 0.033016525 0.69894266 0.00047088225 1.3548649e-05 0.14775959 0.2528649 2.1115272e-06 3.4328295e-08 2.6644784e-07 0.054602627 0.033228133 0.008926508 0.04233488 0.1748672 0.0009520872 4.605143e-08 0.034398858 1.3428514e-07 1.6316299e-05 0.00011609066 9.0920485e-06 0.04512939 0.033578906 0.00017914694 1.3318507e-06 0.11384636 0.44699848 0.1813618 2.5981259e-05 0.1954814 0.1835143 5.8126257e-06 5.1392902e-08 0.049492408 0.0138162095 2.0533001e-07 2.1757418e-09 4.9122177e-09 4.0732067e-07 8.0744314e-05 0.0001251461 5.2463616e-07 1.7194965e-09 7.815356e-07 4.2511324e-06 1.8964876e-05 1.2032324e-10 4.4164182e-07 1.0638254e-06 0.0012173434 1.0323303e-05 0.0059159617 0.0004106223 5.3467076e-08 0.0057092584 0.0037549757 0.0027930595 0.00854642 4.063728e-09 2.438538e-07 0.0037264563 2.0002783e-05 6.628535e-08 0.0002542346 3.7109825e-07 0.0005966135 9.727073e-09 1.9973026e-05 0.0018482796 1.8749066e-08 1.2348084e-05 7.2732255e-05 2.7036892e-08 5.693728e-10 5.9759198e-09 0.000843575 0.0011475841 5.846812e-06 6.44616e-05 7.175249e-07 7.254739e-08
0.55203784 0.8002039 0.42895237 0.50998086 0.97057563 0.5867452 0.6511192 0.073098935 0.060306795 8.117268e-16 0.27125502 0.0055477694 0.4211556 0.9873331 0.0031751362 0.0003135934 0.38234267 0.00010955495 0.9306751 0.2565648 0.009588735 0.0052613863 0.0007383761 0.77134514 0.0001637186 0.00085502194 0.0013415659 0.0134296045 0.20444983 2.2727203e-07 7.310802e-06 3.4631337e-06 8.935144e-07 1.3312455e-05 1.0399513e-06 5.739592e-07 0.0054837195 0.00024147885 0.0010169607 6.8595625e-08 5.50076e-06 1.6670208e-05 6.533632e-07 3.103534e-06 9.583785e-06 0.00064809667 0.005983058 0.05654064 4.7632124e-08 0.007125213 4.4703316e-05 2.1147958e-08 4.040821e-08 0.0001661264 6.912872e-07 1.668799e-05 5.68421e-07 1.7253715e-08 3.3007846e-06 5.8762732e-09 2.6352012e-08 1.6982187e-06 1.47714845e-08 4.733944e-10 8.8722024e-10 3.5624686e-05 4.2105852e-10 1.723757e-07 1.17225545e-08 0.00018830458 5.9682e-08 1.5380194e-05 3.870237e-05 9.469776e-07 0.0004473503 0.042193394 0.56558204 6.371224e-05 9.91166e-09 2.231634e-08 0.01107164 1.09353834e-07 5.8547824e-09 0.00013678771 3.5296785e-07 1.7754877e-05 9.934694e-09 1.1472907e-06 1.6269436e-05 8.809768e-08 5.6096616e-07 1.423832e-07 7.1680997e-06 2.977652e-11 1.6617914e-08 2.8508134e-06 4.564637e-06 9.4293944e-07 1.4199918e-07 1.1064045e-05 1.5358465e-06
0.95489 0.6714956 0.9251599 0.63652676 0.44483468 0.5733093 0.91432524 0.026405849 0.03829254 0.27125502 1.4469292e-12 0.91577405 0.68313634 0.03280805 0.0383667 0.0042925742 0.0156214535 0.0067733983 0.0014772608 0.002875097 0.9696146 0.008583561 0.8600359 0.0029191272 0.008450195 0.16827908 0.09561464 0.0005049946 8.125539e-05 3.2075015e-05 0.0008972656 2.098936e-05 6.676438e-05 0.00011943574 1.2754393e-06 0.0017923625 0.55201614 0.012967627 0.05097576 1.3746366e-06 0.019169495 0.00036369942 0.00083597 0.03749383 0.0048416317 0.010097411 0.00525247 0.0025392624 1.1822498e-06 0.001730646 0.00053165946 3.3183667e-07 0.00033651473 0.013261385 7.3601987e-06 0.00047416257 1.05949675e-05 2.12171e-05 9.381103e-05 3.9818048e-07 3.794898e-07 0.00017622042 1.7289458e-06 3.226937e-08 7.0620445e-08 0.004558684 1.00319056e-07 3.711528e-05 2.667854e-06 0.07589328 1.9883625e-07 2.4133333e-06 0.012150539 0.0002351032 0.08356859 1.8277398e-05 0.0011081485 1.1191929e-06 6.0844644e-07 2.7597994e-07 1.3848104e-06 1.6107197e-05 1.2959343e-07 0.015685594 7.1930364e-05 1.7295743e-06 4.4495092e-08 7.6616504e-07 0.003918856 9.8484474e-05 1.0525703e-06 0.00011782597 5.460852e-08 4.1209314e-10 4.871807e-05 0.00094422046 0.00154077 0.0016318441 0.0001959511 1.7161365e-07 7.2022885e-09
0.9613761 0.17508493 0.29622182 0.3122468 0.13058165 0.713 0.9539684 0.27517316 0.5154668 0.0055477694 0.91577405 1.2552916e-14 0.002490175 0.0028766796 0.96116894 0.28448352 7.65067e-05 0.02899637 4.643788e-05 1.1300687e-05 0.72347075 0.005325612 0.1700243 2.5916077e-05 0.58853227 0.9223909 0.0010740871 4.3251686e-07 2.1117671e-06 0.0010463985 0.096421696 0.0026169321 0.0005534994 0.000584903 0.0007344769 9.075895e-05 0.5514319 0.00020311882 0.0022338924 0.00023091857 0.0027359824 0.018525649 0.00048759257 0.032402866 0.0005051504 0.24635197 0.0011708752 0.0007210082 2.1318105e-05 0.0004279982 0.0003339474 1.140148e-05 1.5528484e-06 0.19495553 5.4665037e-05 7.6220276e-05 1.7242307e-07 8.2609625e-07 3.993072e-05 3.3541337e-06 3.8503476e-06 1.9439238e-05 4.283926e-08 2.8250615e-06 1.8404717e-07 0.0017273563 3.732203e-09 1.0734311e-05 6.955286e-07 0.027666342 1.9544402e-06 2.802717e-07 0.009282919 8.9030844e-05 0.07060749 1.9547347e-06 2.2109061e-06 7.926946e-07 8.608349e-08 5.1087636e-06 7.52699e-08 0.0003102898 2.5374384e-06 0.0031280247 0.00021078758 2.719452e-07 3.729387e-08 3.3778412e-07 0.012124003 4.1960266e-06 9.623642e-08 0.0029056373 1.5709176e-08 3.6973784e-09 9.1889314e-07 0.0071230936 0.0062474045 0.001375063 0.0031782826 1.4881747e-08 1.0143898e-09
0.9252902 0.48835927 0.36391944 0.04734715 0.0053123957 0.004539989 0.053568996 0.0003463296 9.2400056e-05 0.4211556 0.68313634 0.002490175 5.1404575e-15 0.0055894707 0.00017699736 9.214333e-06 0.9953291 7.686963e-06 0.054498628 0.27678034 0.117187224 3.1963136e-05 0.40319437 0.16475877 0.0001987319 0.002427174 0.9377915 0.27573144 0.06854816 3.7197486e-07 5.3133986e-06 5.5427796e-07 4.007271e-07 3.7241766e-06 7.638309e-08 0.47694016 0.062853634 0.8283768 0.7129125 3.6030816e-08 0.020871872 6.1040744e-05 3.6806307e-06 0.0030364946 0.18871868 0.0006043319 0.0003825802 0.00052373344 4.7327822e-07 0.00015163576 3.732538e-05 4.0694175e-07 0.0066307364 0.0008350612 1.8902416e-07 0.08863138 0.17381957 0.001220387 0.047410883 4.3050412e-07 5.1636505e-07 0.0006471393 0.00024675595 1.409065e-07 1.2354339e-07 0.033217035 3.354455e-05 0.00046309253 5.904418e-07 0.066167496 4.1250348e-07 0.00024059499 0.018473849 0.014436973 0.03292713 0.00027969512 0.1498175 1.6610256e-05 7.510668e-05 3.8518547e-07 0.0007974284 1.4216178e-05 2.4998707e-07 0.063556455 0.011718125 3.4536156e-06 2.1463431e-07 1.8514867e-05 0.001180905 0.00064407534 0.00012356619 4.9333803e-06 3.453245e-05 1.7937763e-09 0.0020648171 0.00020132259 0.0004930386 0.011493787 1.705359e-05 7.9104234e-07 2.0256748e-06
0.82198733 0.3752699 0.09747907 0.33807057 0.91920376 0.5785805 0.589798 0.3182923 0.21963653 0.9873331 0.03280805 0.0028766796 0.0055894707 1.8041814e-15 0.0061678668 0.0013402078 0.0026740388 0.0024150466 0.9864793 0.00094038335 0.0027722847 0.14000966 2.8322009e-05 0.29277936 0.00028303906 0.0011496962 2.8180439e-06 4.747782e-05 0.0049033985 2.1632783e-05 6.223232e-05 2.947552e-05 8.493439e-05 0.00017258142 2.1978962e-05 4.893079e-08 0.001219856 1.1609585e-06 1.7490602e-05 3.9686097e-06 4.0177424e-06 0.00016394844 3.692115e-05 2.9269224e-06 4.115504e-06 0.00081230403 0.04470347 0.6174262 8.176068e-06 0.07318848 0.004812017 2.3360433e-07 2.5492382e-08 0.00024099549 3.0676885e-05 1.1596496e-06 6.259379e-07 2.889306e-07 3.4223777e-07 4.4901697e-07 2.433564e-07 7.785152e-06 4.7803688e-08 2.6990573e-08 1.9317715e-08 2.3088044e-06 1.4073264e-08 5.8150795e-07 4.7922344e-07 2.5365418e-05 1.6520585e-07 0.00018483757 4.848842e-06 2.3916576e-07 5.140994e-05 0.31222913 0.761321 0.0029383055 8.8955765e-08 1.1300494e-07 0.057038628 1.6394844e-06 1.976236e-08 1.802445e-05 5.582721e-07 0.0021553289 8.08254e-08 7.8470606e-05 2.4712132e-05 3.846868e-08 1.5993055e-05 1.0432442e-06 0.00038872563 2.1168451e-09 4.2865884e-09 4.941507e-06 6.244535e-06 1.3082881e-06 1.4703126e-06 2.4715173e-05 3.598987e-05
0.9689506 0.020509208 0.007377796 0.05927392 0.04649283 0.41719592 0.14347747 0.69465464 0.8502885 0.0031751362 0.0383667 0.96116894 0.00017699736 0.0061678668 2.6515008e-12 0.97200817 2.8680204e-06 0.6345928 7.5595184e-05 1.1879607e-06 0.1227959 0.2060442 0.0041348757 1.3817875e-05 0.8878376 0.87707984 2.6742875e-05 1.3482462e-07 6.43311e-07 0.08631614 0.52402914 0.095934875 0.033551455 0.031727035 0.022146335 4.6456037e-07 0.13437712 8.329912e-06 4.731943e-05 0.009140919 0.00030511583 0.25583488 0.042605072 0.0033683586 2.4179026e-05 0.4974089 0.042276014 0.014584756 0.00079369283 0.019579729 0.020099077 0.00035745825 7.9590495e-07 0.2674748 0.006472773 4.6060086e-06 1.0762664e-07 1.584898e-07 5.751902e-06 0.00047154687 0.00049485575 9.260238e-06 6.3055237e-09 0.0001025605 2.2360367e-05 0.00052250864 1.0682727e-09 3.4075576e-06 2.3061493e-05 0.008966228 1.0377e-05 0.00037426612 0.0031523402 9.527321e-06 0.025514781 2.7046319e-05 2.9345415e-06 0.00011861054 6.0026316e-08 1.9120967e-05 1.7492552e-05 0.000874006 8.62597e-06 0.00094442134 1.1409258e-05 1.5379197e-05 2.2875832e-07 4.5458696e-06 0.020735722 1.2154333e-06 3.7885104e-06 0.0038943118 2.6544768e-08 9.468065e-08 2.8498363e-07 0.011845828 0.008221474 0.0004891871 0.003843361 8.8178545e-08 1.1989039e-08
0.8839811 0.0036463384 0.000531077 0.005534244 0.007027077 0.1350988 0.031436495 0.77335125 0.97306687 0.0003135934 0.0042925742 0.28448352 9.214333e-06 0.0013402078 0.97200817 9.781966e-15 1.11685615e-07 0.9527049 8.393747e-06 8.3263085e-09 0.012944175 0.22816563 0.00046323318 6.6812636e-06 0.5113829 0.4357292 2.7957135e-06 5.981747e-09 4.3744475e-08 0.5826432 0.42451453 0.31595638 0.16032025 0.29848942 0.08716912 5.1724108e-08 0.022507451 6.524472e-07 9.627122e-06 0.066372775 0.00010072434 0.4614487 0.055221647 0.0005430785 4.92181e-06 0.34471446 0.06883155 0.006081095 0.0028421876 0.016331317 0.038263787 0.00097258034 1.601785e-08 0.14852916 0.019426415 1.2606762e-06 5.0413944e-09 3.6857326e-09 1.4328666e-06 0.0015961021 0.0013740686 3.8576118e-07 2.1142423e-09 0.00040442968 0.00014825836 6.169646e-05 2.5418848e-10 7.7599964e-07 2.2387017e-05 0.0021679027 8.206514e-05 0.0025894782 0.00082015776 1.8225076e-07 0.010579631 5.2352563e-05 8.3651216e-08 0.0013257553 9.49477e-09 2.5424755e-05 2.8027707e-05 0.0006881179 1.7146218e-05 0.0004055434 4.0853624e-06 6.205186e-05 4.6337323e-07 4.4519584e-06 0.008054225 1.964176e-07 1.2019852e-05 0.0028352288 1.9149368e-08 3.6476543e-08 5.7490613e-08 0.0045039216 0.0030444455 0.00022325711 0.001555311 3.4367996e-08 2.1462838e-09
0.41477153 0.066434115 0.0061892173 0.0011665818 0.002269564 0.00023364523 0.000778464 4.70682e-05 1.6803408e-05 0.38234267 0.0156214535 7.65067e-05 0.9953291 0.0026740388 2.8680204e-06 1.11685615e-07 7.81474e-14 1.2124846e-06 0.17878193 0.99439555 0.0016077602 4.2575975e-05 0.009376609 0.46881077 1.08334925e-05 4.7198777e-05 0.1384229 0.34359977 0.41111648 4.0894724e-07 4.4286193e-07 2.2841824e-07 2.5232237e-07 3.7973255e-06 1.2979095e-07 0.024656048 0.00035133556 0.25609925 0.032423217 5.5912913e-08 0.00035086862 6.445591e-06 1.9478625e-06 9.132927e-06 0.0021021054 1.1334805e-05 3.8311675e-05 0.00017846726 9.603972e-07 6.163318e-05 3.10104e-06 4.6786116e-07 0.0005290055 1.6404116e-06 1.1742264e-07 0.00082383 0.06455667 0.00015412831 0.0020201816 7.393178e-06 3.7262356e-07 0.00014477383 1.7736276e-05 1.468754e-08 2.5462532e-07 0.00039913438 4.251367e-06 2.514998e-05 9.598592e-06 0.0010771563 5.074705e-06 2.3274662e-05 0.00023476915 0.00062591763 0.000877421 0.00027367106 0.06649091 4.876248e-06 5.2421357e-05 1.7020761e-06 0.0004537818 2.39769e-06 2.277558e-06 0.0014387884 0.0002979893 2.150764e-06 3.0745883e-07 6.8729864e-06 6.4755885e-05 9.966524e-05 6.636917e-06 3.1511885e-07 3.4944078e-05 3.1150136e-09 0.00044848846 1.4033266e-05 4.69284e-05 0.00029380785 1.4388054e-06 4.9495554e-07 1.9136462e-06
0.922775 0.0011884646 0.00091256096 0.018084018 0.0101940865 0.15780254 0.108073674 0.7220959 0.8427482 0.00010955495 0.0067733983 0.02899637 7.686963e-06 0.0024150466 0.6345928 0.9527049 1.2124846e-06 6.4709067e-13 0.00013012193 8.090993e-08 0.027114697 0.93990374 0.0004498118 8.8741624e-05 0.25674388 0.24753883 1.1091872e-05 3.0292128e-08 3.9571148e-07 0.82596254 0.112537555 0.39362076 0.84484553 0.92837113 0.47662556 4.191689e-07 0.048383188 4.3170584e-07 1.9688612e-05 0.06621268 4.025196e-05 0.7216473 0.40176588 0.00032256235 2.5439525e-05 0.4146964 0.25158462 0.009296322 0.010723524 0.047211353 0.3292103 0.0038488132 1.2778737e-07 0.15313286 0.18100822 4.312937e-06 1.9920712e-07 5.282784e-08 3.5321655e-06 0.018277904 0.004645232 1.2947588e-06 9.794055e-09 0.0005308336 0.00017220527 0.00023985386 3.2908318e-09 7.500031e-07 0.00015849547 0.0028168699 8.945256e-05 0.04117934 0.0003682852 3.7609013e-07 0.005755807 6.08908e-05 8.4110184e-07 0.019713126 1.2265276e-08 8.734389e-05 0.0011026883 0.0004870906 8.77641e-06 0.00086851715 1.2421572e-05 0.0017354365 1.7808521e-06 0.0004767592 0.0032053017 8.2065685e-07 0.0003804528 0.00042630825 6.1263984e-07 6.717472e-09 6.357077e-07 0.0036257445 0.00088070304 0.00036428726 0.00059831544 3.298733e-06 6.8972945e-08
0.11364967 0.04902134 0.011487492 0.051296778 0.5080189 0.0543784 0.08150985 0.00632582 0.0016514506 0.9306751 0.0014772608 4.643788e-05 0.054498628 0.9864793 7.5595184e-05 8.393747e-06 0.17878193 0.00013012193 2.1563426e-15 0.15788196 7.3650044e-05 0.02332722 6.372853e-07 0.991019 1.8568049e-06 2.7120503e-05 1.1213488e-06 0.017133242 0.50501317 3.2127352e-06 2.822588e-07 8.5164487e-07 2.9270748e-05 3.8164024e-05 6.441496e-07 7.607956e-10 2.3248353e-05 4.4022552e-05 1.9008896e-05 4.5670397e-08 1.4948657e-08 1.9453813e-05 7.4505915e-05 9.729861e-08 2.7977621e-06 6.41552e-05 0.015047389 0.5910366 6.4415914e-08 0.035100523 0.0006987242 3.8328427e-08 1.8604721e-08 7.146196e-06 3.8476293e-05 3.0731726e-07 6.664879e-07 5.8512352e-08 1.08401274e-07 1.7039218e-07 8.516062e-08 5.963717e-06 1.8676103e-07 2.2983646e-10 1.9839963e-09 3.0673532e-06 8.0964646e-10 2.9917396e-07 7.7596894e-08 3.755443e-05 3.3983912e-07 0.00018096679 2.39296e-07 2.3882556e-08 0.00015954812 0.23942354 0.40014166 0.0018223816 5.4630374e-07 2.1359499e-07 0.05458005 1.36430945e-05 2.6573032e-08 6.621993e-05 8.9416136e-07 0.009036474 2.9364337e-08 0.0002701331 8.303865e-06 8.226056e-09 0.00012640363 4.867469e-07 0.00070182857 3.9036685e-09 9.279424e-09 2.380856e-06 1.7358359e-07 1.3795398e-07 4.729761e-08 0.001832164 0.0005308144
0.20979401 0.0030539443 0.00024209681 0.00020023384 0.00056479283 2.9987868e-05 0.00020809792 1.6064695e-06 2.4089516e-07 0.2565648 0.002875097 1.1300687e-05 0.27678034 0.00094038335 1.1879607e-06 8.3263085e-09 0.99439555 8.090993e-08 0.15788196 2.646939e-15 8.519869e-05 1.3263565e-05 0.0012606744 0.4116139 2.2804952e-07 3.0844844e-06 0.05318767 0.9979026 0.46319473 3.1177496e-08 1.042892e-08 2.3575566e-08 7.025873e-09 4.1118753e-08 7.722463e-09 0.003872286 3.276771e-05 0.08109445 0.004515437 1.5540816e-09 8.73571e-06 6.548834e-07 5.1095867e-08 8.4051163e-07 0.00024215224 9.290862e-06 1.4976468e-06 9.251591e-05 2.7299004e-07 2.8793762e-05 9.775132e-07 1.4445338e-07 0.00010447288 5.547417e-07 4.0530786e-08 8.145696e-05 0.018478349 2.5502926e-05 0.00038593085 1.1313885e-07 4.2940293e-08 2.642637e-05 5.4970524e-06 1.4984417e-09 2.0350548e-09 0.00030847435 4.226705e-07 7.518088e-06 4.469455e-08 0.0011049442 6.868036e-07 9.035534e-06 0.00020232037 0.00017772366 0.001161534 0.00013813468 0.00255552 2.4479714e-06 1.1007003e-05 1.8736091e-06 5.106959e-05 7.902058e-06 5.124493e-07 0.0020143006 0.00030164167 2.6613284e-06 1.7902432e-08 1.2530445e-06 9.697517e-05 4.7852656e-05 2.3152604e-06 1.3750628e-06 8.203169e-06 5.988537e-10 0.00011892677 6.364608e-06 3.2374683e-05 0.00024428384 3.8574535e-07 9.2988887e-07 4.320802e-07
0.97217387 0.066697136 0.13562243 0.11478775 0.076460265 0.110069595 0.49244118 0.053377785 0.033016525 0.009588735 0.9696146 0.72347075 0.117187224 0.0027722847 0.1227959 0.012944175 0.0016077602 0.027114697 7.3650044e-05 8.519869e-05 1.8495874e-13 0.018666442 0.92931986 0.00018263728 0.12040614 0.52714825 0.029302381 2.1509417e-05 4.526507e-06 0.00056193356 0.0056013092 0.00032497226 0.00045959128 0.0006849415 3.382793e-05 0.0023610522 0.9467577 0.0032501288 0.018273713 1.9063611e-05 0.039826073 0.00066433393 0.0017964568 0.5135186 0.0040557818 0.09056813 0.0026821478 0.0025669513 6.8662257e-06 0.0010041819 0.0004711259 1.1414717e-06 0.00048572407 0.16184169 0.00012889832 0.00012825958 1.7050883e-06 6.1915102e-06 0.00011606133 1.730244e-06 4.0925668e-05 9.698452e-05 3.5775495e-06 7.2399407e-06 1.1367882e-06 0.019672533 9.792417e-08 3.307145e-05 7.273301e-07 0.108534634 4.6134473e-06 0.00014594842 0.032963566 0.00037573543 0.13143903 0.00059108663 0.012108312 0.00042747057 2.5213595e-07 1.7320334e-06 5.3809115e-05 7.626252e-05 2.2570671e-07 0.014044139 0.0001955544 3.2444164e-05 1.1473329e-07 3.740008e-06 0.029383143 3.2778964e-05 8.986731e-06 0.008010585 1.9249946e-06 1.0447888e-09 1.9927858e-05 0.0057647307 0.007554333 0.0030434341 0.002342025 2.1621142e-06 2.6691913e-07
0.964479 0.0032508976 0.0020836918 0.07482946 0.27787858 0.41294456 0.40800682 0.8947418 0.69894266 0.0052613863 0.008583561 0.005325612 3.1963136e-05 0.14000966 0.2060442 0.22816563 4.2575975e-05 0.93990374 0.02332722 1.3263565e-05 0.018666442 2.1620447e-13 0.00010605991 0.001852954 0.013595732 0.040385287 1.5838072e-05 1.9456262e-07 1.4328114e-05 0.05796272 0.0024283216 0.011176443 0.18011655 0.785233 0.038407065 4.8131204e-07 0.029377723 9.750478e-07 0.00016774883 0.00094943505 6.4715286e-06 0.18930669 0.4670428 2.3889883e-05 1.1302067e-05 0.2012305 0.9394409 0.71966773 0.0010249588 0.7794249 0.8686321 0.00018217768 1.5160516e-07 0.023928419 0.2303845 1.9830118e-06 2.5268838e-07 3.0327048e-08 2.112351e-06 0.007181186 0.00045615062 2.4725791e-06 5.2656753e-07 1.8991271e-06 1.5129968e-05 3.7489233e-05 3.4621035e-08 1.5696403e-06 1.6595213e-05 0.0017561067 1.1933981e-05 0.04167028 0.00021425406 1.5436423e-06 0.003260162 0.042092137 0.0030753396 0.13600673 8.3284055e-09 5.765764e-06 0.116477795 1.163999e-05 3.937915e-07 0.00041175834 1.6017417e-05 0.02511935 3.6027228e-07 0.0043262667 0.0006036695 3.6346914e-06 0.0036149668 5.33495e-05 9.484468e-06 1.8744649e-10 1.2165407e-06 0.0007977114 0.00013558957 0.00031050353 4.757282e-05 0.0003662001 2.8031116e-06
0.9251012 0.009021658 0.038689777 0.0048763766 0.00093547313 0.0035612255 0.022298161 0.00031521762 0.00047088225 0.0007383761 0.8600359 0.1700243 0.40319437 2.8322009e-05 0.0041348757 0.00046323318 0.009376609 0.0004498118 6.372853e-07 0.0012606744 0.92931986 0.00010605991 2.7169547e-15 6.9206462e-06 0.031886484 0.0990484 0.47948337 2.0560692e-05 1.3612816e-06 8.593323e-06 0.0032428377 0.00012815456 8.160388e-06 2.3976856e-06 2.3344463e-05 0.13201262 0.81814146 0.022847442 0.86585486 1.4884906e-05 0.97128874 0.0002366405 5.103945e-05 0.8372225 0.3300253 0.029008057 7.805548e-05 3.08251e-05 1.1409546e-06 6.613382e-06 6.81059e-06 1.3665939e-06 0.0042609572 0.062763035 1.0155079e-05 0.09081114 7.679969e-05 0.0028468578 0.009124936 1.7310302e-07 3.9538277e-06 0.0024646374 0.0005522982 6.5539105e-08 9.610197e-08 0.6281078 1.2352243e-05 0.0013006703 2.1566805e-07 0.47832915 9.23177e-07 6.244444e-05 0.24538286 0.02485357 0.23645248 4.3413642e-05 0.000114983304 7.2872112e-06 2.5951495e-05 1.1828232e-07 2.796803e-05 7.30631e-05 3.3531754e-07 0.09950301 0.0039406605 7.765667e-07 2.730779e-08 4.7141825e-07 0.027155258 0.00035634288 8.817484e-06 0.007566046 5.008339e-07 2.738308e-10 0.0004501998 0.005567231 0.007583738 0.04646443 0.0014722735 2.6763155e-07 8.395034e-10
0.109028086 0.011216356 0.0037073574 0.01082018 0.07397971 0.0039198184 0.009162772 0.00012356784 1.3548649e-05 0.77134514 0.0029191272 2.5916077e-05 0.16475877 0.29277936 1.3817875e-05 6.6812636e-06 0.46881077 8.8741624e-05 0.991019 0.4116139 0.00018263728 0.001852954 6.9206462e-06 4.3850747e-15 2.301182e-05 9.977079e-05 0.00044550575 0.14159031 0.9963575 2.9182364e-05 2.830401e-06 5.2254572e-06 4.2853753e-05 1.9987203e-05 6.920718e-06 5.9563104e-06 0.0002893107 0.0008298398 0.00012137978 9.676934e-07 4.679743e-06 8.430043e-05 0.00017055437 5.835448e-06 0.00014731323 0.00015662417 0.00070041383 0.03502284 5.5263617e-06 0.0010848175 0.00017636734 3.3387223e-06 5.6743984e-06 6.697515e-05 9.508686e-06 1.6529411e-05 3.0503697e-06 1.0769544e-05 8.441475e-05 9.317833e-07 2.8287498e-06 0.0018639782 2.018872e-05 6.7469284e-07 7.9982584e-07 0.00022716814 3.6659753e-07 0.00015482896 1.1146223e-06 0.00072112377 4.3829914e-06 4.240752e-05 2.6841422e-05 9.2810544e-05 0.0013873286 0.02196654 0.84155804 0.0004039831 2.2734943e-05 4.8521406e-06 0.017486574 8.774875e-05 1.2912444e-06 0.0006465863 0.00035184238 0.0006113043 1.3292796e-08 2.4979168e-05 9.8466626e-05 5.1742613e-06 3.712434e-05 3.9304832e-05 0.00055678154 6.313446e-08 2.2660727e-06 6.2732375e-05 1.2859989e-05 2.5031917e-05 1.5730974e-08 0.00017409396 0.0002192003
0.90624815 0.00056725513 0.0008504527 0.0032075278 0.0022075893 0.024444863 0.021048697 0.061246455 0.14775959 0.0001637186 0.008450195 0.58853227 0.0001987319 0.00028303906 0.8878376 0.5113829 1.08334925e-05 0.25674388 1.8568049e-06 2.2804952e-07 0.12040614 0.013595732 0.031886484 2.301182e-05 4.77601e-13 0.9687126 0.00085090013 9.207902e-08 8.3037804e-07 0.08088631 0.9780767 0.42193797 0.013271923 0.0123479385 0.15954122 3.146165e-05 0.2317514 0.000115579416 0.00034207967 0.08277702 0.003533977 0.25549224 0.014772995 0.084774055 6.11399e-05 0.8102848 0.00315875 0.00018154275 0.0051780236 0.00038636284 0.0014146749 0.0066932025 7.688759e-06 0.59004 0.0017817435 8.856915e-05 1.1417137e-07 6.2633495e-07 4.7532143e-05 0.00031780626 0.0014687661 3.2355485e-05 1.2781609e-06 0.0066929534 0.0003330829 0.0013262219 5.4427588e-08 4.6863464e-05 0.00012437475 0.013010655 0.0001827596 5.0703533e-05 0.007574276 0.00011464137 0.03939182 3.329846e-05 5.0195545e-06 3.5708297e-05 1.2605385e-07 3.216808e-05 1.1055923e-05 0.010382456 1.405176e-05 0.0027032204 0.00013421212 7.429337e-06 1.1604892e-06 1.8903057e-06 0.11011635 1.008832e-05 2.81885e-06 0.09509005 5.4970517e-08 3.9630347e-08 4.1395865e-06 0.030339368 0.025341623 0.001373424 0.030765507 3.7026575e-07 3.455691e-08
0.97784114 0.008126749 0.011869779 0.036047466 0.02142461 0.13976702 0.2687667 0.26228708 0.2528649 0.00085502194 0.16827908 0.9223909 0.002427174 0.0011496962 0.87707984 0.4357292 4.7198777e-05 0.24753883 2.7120503e-05 3.0844844e-06 0.52714825 0.040385287 0.0990484 9.977079e-05 0.9687126 2.9947406e-14 0.0021991178 3.1654656e-07 7.326981e-06 0.023013348 0.311623 0.074494325 0.0072432263 0.0061144624 0.023907946 0.00015842522 0.6659871 0.0007528427 0.00088837434 0.012958306 0.006144204 0.052677453 0.014933407 0.33215958 0.00014026223 0.816501 0.003865322 0.0002583658 0.0010985961 0.00062497554 0.0018226833 0.0013453596 4.4699857e-05 0.6768889 0.0007770183 7.279686e-05 4.9599157e-06 2.686902e-06 5.747716e-05 5.4177595e-05 0.00013898885 9.356746e-05 3.982568e-07 0.00094468164 1.9332509e-05 0.0030051481 9.096531e-08 5.2238956e-05 2.962129e-05 0.057422526 1.5680358e-05 2.71529e-05 0.024561217 0.00026002963 0.12431085 0.00016307113 3.740534e-05 1.934444e-05 1.5236046e-07 1.3699129e-05 1.2450749e-05 0.0017289756 1.1126188e-05 0.0073066 0.00012155839 4.5608863e-06 1.3887568e-06 8.509195e-06 0.11302912 3.5275356e-05 2.6838443e-06 0.04153109 1.7073312e-07 5.0428778e-08 1.123472e-05 0.029571595 0.035944115 0.0031624606 0.016374046 3.675543e-07 1.0134045e-07
0.9406762 0.0012023224 0.003393671 0.00022105731 2.348754e-05 0.00012650229 0.0006552183 2.5929601e-05 2.1115272e-06 0.0013415659 0.09561464 0.0010740871 0.9377915 2.8180439e-06 2.6742875e-05 2.7957135e-06 0.1384229 1.1091872e-05 1.1213488e-06 0.05318767 0.029302381 1.5838072e-05 0.47948337 0.00044550575 0.00085090013 0.0021991178 1.9627835e-12 0.022359248 0.00015989433 9.386839e-07 3.6541605e-05 1.8784307e-06 2.5867075e-06 1.6123987e-06 3.7775405e-07 0.97871935 0.030609068 0.9231677 0.8555141 3.9623865e-07 0.13459837 6.8145664e-06 1.5431633e-05 0.04828427 0.8587466 0.0010158255 4.501712e-05 8.510409e-05 9.672376e-07 1.3105202e-05 5.198958e-06 7.264968e-07 0.29165843 0.0050527905 6.1945107e-06 0.21800381 0.012363622 0.036687534 0.106517196 1.5460114e-06 3.923854e-05 0.024388198 0.028514812 7.8216794e-07 3.6185882e-06 0.1374615 0.0005665912 0.0032038654 8.411648e-06 0.10443506 4.9356364e-05 3.0820367e-05 0.05995514 0.08652352 0.07275711 0.00022573653 0.0009981809 0.00045625065 0.00069358095 4.967217e-07 0.00017946638 5.4123164e-05 2.9784365e-05 0.18415527 0.028338363 0.0001094597 8.319591e-06 2.2979957e-05 0.0055331513 0.0002034674 4.8862174e-05 0.0009152005 5.025585e-06 3.451778e-08 0.00044252846 0.0018961658 0.0017612239 0.055089373 0.00010184927 2.3824288e-05 1.5217306e-06
0.40281364 1.9695766e-05 7.838344e-06 1.2157352e-05 6.637148e-05 9.051826e-06 0.000114962044 9.1600455e-08 3.4328295e-08 0.0134296045 0.0005049946 4.3251686e-07 0.27573144 4.747782e-05 1.3482462e-07 5.981747e-09 0.34359977 3.0292128e-08 0.017133242 0.9979026 2.1509417e-05 1.9456262e-07 2.0560692e-05 0.14159031 9.207902e-08 3.1654656e-07 0.022359248 6.2769906e-16 0.9989961 3.431481e-08 3.4698317e-08 9.974186e-09 1.0626847e-08 2.9955725e-08 2.1942623e-09 0.00014714908 1.8551862e-05 0.01552796 0.0052841 9.2477626e-09 2.041212e-06 1.094943e-07 2.6148973e-07 3.8417332e-07 0.00026709092 4.6043574e-06 1.7719497e-06 8.039911e-06 1.1095457e-07 4.7314282e-07 1.7941974e-07 4.9543935e-08 0.00015176597 2.506469e-07 1.0904449e-08 5.2717904e-05 0.0031015812 2.2878241e-06 3.2858523e-05 6.011752e-08 1.2694676e-08 2.0331987e-05 2.1734286e-06 1.8707191e-09 1.0350955e-09 7.242942e-05 4.2866586e-07 2.0611803e-06 5.7752626e-08 0.00022551707 1.6436586e-07 1.4722712e-06 3.302487e-05 4.3224303e-05 0.0014505916 0.00043409812 0.028757753 3.058027e-06 1.1951898e-05 5.1968044e-07 5.7764664e-05 1.3094277e-06 1.5764579e-07 0.0015211896 0.0003057147 9.660895e-06 1.8971005e-09 1.173618e-06 1.8111812e-05 1.0718486e-05 2.0364444e-06 4.1704442e-07 9.380262e-05 1.5304978e-10 2.5068446e-05 7.107702e-07 4.993059e-07 0.0003251459 5.705537e-09 1.7937278e-06 2.8749175e-05
0.034399334 0.0005395148 2.060751e-05 2.8115328e-05 0.0009128007 8.92492e-06 3.1505937e-05 7.411656e-07 2.6644784e-07 0.20444983 8.125539e-05 2.1117671e-06 0.06854816 0.0049033985 6.43311e-07 4.3744475e-08 0.41111648 3.9571148e-07 0.50501317 0.46319473 4.526507e-06 1.4328114e-05 1.3612816e-06 0.9963575 8.3037804e-07 7.326981e-06 0.00015989433 0.9989961 3.1109887e-16 2.4889164e-07 1.6248998e-07 1.7150468e-07 9.4982755e-07 1.0096563e-06 9.875208e-08 1.2812216e-06 4.3451478e-06 0.00010264925 1.08728445e-05 1.10810774e-07 3.8727913e-07 1.3559111e-06 2.8338395e-06 1.4556823e-06 1.7692926e-05 1.7258133e-05 4.6825848e-05 0.0014071246 7.3499365e-08 7.9815116e-05 1.220402e-06 2.6700135e-07 3.185474e-07 6.509931e-06 1.0751332e-08 3.707829e-06 4.877939e-05 8.082505e-07 8.1122935e-06 4.780323e-08 3.207038e-08 0.00010354574 3.0649087e-08 7.7766904e-10 1.2140452e-08 5.000359e-05 2.3193685e-08 2.2600534e-06 3.8963375e-07 4.4987977e-05 3.2271217e-08 4.3091526e-07 2.772381e-06 1.5516523e-06 0.0005118671 0.0040641995 0.44308493 2.6511034e-05 2.4282318e-07 5.8309812e-08 0.0032807237 7.2575796e-07 1.4357151e-07 0.00015445804 3.0669644e-06 0.00016857554 2.1845616e-09 1.8137022e-06 8.455208e-06 4.7256339e-07 6.6495504e-06 1.6637888e-07 0.0003654167 5.210528e-10 8.682686e-08 3.3531563e-07 4.327145e-07 1.9692563e-06 2.739538e-08 4.0285144e-05 0.00018421865
0.917275 1.2479379e-06 2.4896797e-06 1.3807666e-05 1.1785018e-05 0.0005649628 0.00046825092 0.011511108 0.054602627 2.2727203e-07 3.2075015e-05 0.0010463985 3.7197486e-07 2.1632783e-05 0.08631614 0.5826432 4.0894724e-07 0.82596254 3.2127352e-06 3.1177496e-08 0.00056193356 0.05796272 8.593323e-06 2.9182364e-05 0.08088631 0.023013348 9.386839e-07 3.431481e-08 2.4889164e-07 5.1182034e-14 0.20769341 0.89546216 0.9858526 0.6734883 0.8379174 1.0838054e-08 0.0029412503 9.113307e-08 6.3856226e-07 0.6893973 2.5276108e-06 0.80586153 0.52937764 1.8885787e-05 1.2101833e-06 0.24128611 0.035399005 0.00038320574 0.6366557 0.0033594703 0.08585985 0.15249632 1.6110445e-08 0.103768826 0.5244834 2.9355144e-07 2.4268104e-07 5.6087014e-08 3.6167097e-07 0.337639 0.39756763 4.986732e-06 8.035852e-09 0.035216972 0.09400004 5.191329e-06 4.390126e-09 3.7673806e-07 0.023758054 0.0007348149 0.013153698 0.037729565 9.8829856e-05 1.5898847e-07 0.0015586647 5.741281e-08 8.0252227e-07 0.0049841222 2.5394256e-08 0.0006101479 8.7266136e-07 0.009949445 0.00011320304 0.00026406228 9.069289e-06 1.8882418e-05 3.843324e-05 7.484683e-05 0.005940289 2.8432206e-07 0.00027998417 0.0030223674 3.8776456e-08 5.355657e-07 3.1604282e-07 0.010379965 0.0017250912 0.0002163853 0.002832348 9.587568e-08 9.1742205e-09
0.85770285 0.00013144349 0.00012814881 0.00024792616 0.00014006198 0.0029485933 0.0015402676 0.007383783 0.033228133 7.310802e-06 0.0008972656 0.096421696 5.3133986e-06 6.223232e-05 0.52402914 0.42451453 4.4286193e-07 0.112537555 2.822588e-07 1.042892e-08 0.0056013092 0.0024283216 0.0032428377 2.830401e-06 0.9780767 0.311623 3.6541605e-05 3.4698317e-08 1.6248998e-07 0.20769341 1.1707658e-14 0.87821513 0.021763578 0.020271143 0.8647424 1.3511892e-06 0.030849041 8.772602e-06 1.699438e-05 0.61469835 0.001112778 0.93718904 0.009741191 0.013608093 5.333335e-06 0.8536938 0.003030859 4.853809e-05 0.070776 0.00012576705 0.00066305307 0.031682882 2.7807815e-07 0.5749172 0.0058709257 1.0899776e-05 1.4629601e-09 1.830727e-08 8.798862e-06 0.0008104264 0.007967743 3.0316205e-06 9.6339825e-08 0.2857526 0.0012100241 0.00037508903 8.305134e-09 5.6911445e-06 0.00029973217 0.0049888166 0.00048560544 3.622962e-05 0.0034290066 6.685929e-06 0.021251477 6.810473e-06 1.4740624e-06 1.6698084e-05 1.381236e-08 0.0012100241 2.4929534e-06 0.16966048 6.0549264e-05 0.0005616335 1.1202045e-05 5.461391e-07 2.4333285e-06 3.459313e-07 0.24228004 9.3266334e-07 8.446818e-06 0.58899903 3.8644586e-08 2.01936e-06 2.3828785e-07 0.090824984 0.058297433 0.00043978242 0.34904152 7.476197e-08 1.3221407e-09
