1.4508918e-20 1.3931403e-05 2.1339165e-08 1.7745886e-05 3.0046938e-06 5.242506e-05 0.0047671944 0.013176876 0.00041399582 9.961615e-06 0.0032320023 0.2174347 0.14665481 0.021920035 0.018789362 0.0006355959 0.037234474 0.37335148 0.96236354 0.06485713 2.5337471e-05 0.025094967 0.55684 0.7260872 0.14177164 5.4992783e-05 0.02765885 0.7292654 0.22345686 0.018811066 0.84535515 0.96237695 0.8306076 0.035345033 0.45196152 0.05614648 0.58404404 0.69040567 0.970447 0.95837265 0.037998438 0.948257 0.80888295 0.94988954 0.00054477836 0.63157773 0.98364097 0.9056784 0.0056701414 0.92108613 0.859815 0.87337476 0.8677625 0.87206924 0.1096916 0.8519311 0.6866017 0.0014218055 0.06587649 0.91959274 0.925889 0.1568408 0.028292323 0.97436875 0.8014956 0.5430677 0.8142736 0.11030351 0.99474615 0.00011008783 0.91592836 0.9777522 0.907404 0.19989598 0.993288 0.8161194 0.98835516 0.82624805 0.5757162 0.5257891 0.8314568 1.336568e-05 0.006488812 0.6063031 0.9803426 0.4302516 0.9255598 0.99247044 0.99979234 0.97883725 0.06948493 0.7944156 0.9804827 0.35624406 0.99744266 0.9977344 0.99996865 0.94403565 0.01195276 0.9992089 0.99991953
1.3931403e-05 3.065959e-17 0.9630653 0.36199006 0.041715033 0.84605086 0.8995914 0.16372629 0.03056902 0.00020806755 0.0024432312 0.30109698 0.047851678 0.0028456622 0.44724584 1.4765833e-05 5.8239428e-05 0.24276274 0.09361114 0.0023483455 3.7675518e-06 4.3372484e-06 0.0025018961 0.0021927198 1.6264334e-05 6.361249e-07 7.2274204e-08 0.17852384 1.7760074e-05 1.0503361e-08 1.7949136e-06 0.0029713325 0.05702422 1.2239804e-08 0.0056170714 0.00048725787 1.15383976e-07 0.00358297 1.05805975e-05 0.016301721 0.0054526934 0.0008623259 0.00014198423 0.016952302 0.00021988053 1.4359906e-05 0.009990863 6.728096e-07 6.3397613e-07 0.00016731187 0.003873032 1.1566128e-05 8.198211e-06 0.003149331 3.326516e-05 1.6732222e-06 4.299654e-05 6.858385e-08 1.3350169e-08 0.0024436028 0.0001418961 6.987735e-06 1.0030974e-06 0.00088159554 0.0002514258 6.862848e-06 8.57073e-05 1.0877186e-06 3.729524e-05 3.2561284e-06 5.7486588e-05 1.2830833e-05 1.6138363e-05 2.11168e-08 0.0008639068 8.0242734e-07 2.9670355e-06 0.00062961783 2.8133405e-07 6.197622e-05 0.00044312622 6.2545595e-08 8.631861e-08 1.0922846e-05 7.525954e-05 1.7719648e-06 1.0999206e-05 0.0018719037 6.731813e-05 0.00012745542 3.6857486e-08 0.0013238336 0.00017430578 6.727773e-06 1.8995637e-06 8.743178e-06 1.2776885e-05 3.004134e-05 2.4182542e-10 6.82141e-05 0.00075266964
2.1339165e-08 0.9630653 3.9884442e-20 0.03927855 0.25961524 0.005308881 0.028340288 0.01286643 0.009795627 0.24084906 2.8259308e-05 0.0038729731 0.003375103 0.00076751254 0.005933933 0.00089982094 0.00017349217 0.0012389957 0.0009922524 0.0001336834 3.881255e-05 6.9543916e-05 0.0003580823 7.986879e-05 8.534784e-05 1.3595055e-06 1.2551789e-05 0.0006390783 6.4402766e-06 4.815159e-07 3.1176692e-06 0.000104727456 0.00023934066 1.5340987e-06 2.3754683e-05 2.1832726e-05 9.4112914e-07 1.79186e-05 8.51478e-06 0.00012988214 1.7785855e-05 3.4979315e-05 1.8489214e-05 3.0656265e-05 3.5320933e-05 2.7053502e-06 3.4273882e-05 8.1981364e-07 9.397748e-09 1.0185262e-05 0.00010182703 1.1364269e-05 1.9733483e-05 6.797149e-05 4.7213794e-06 4.676772e-06 6.716758e-06 6.1650425e-08 3.366717e-07 7.4149306e-05 8.781671e-07 1.5063856e-07 4.2487065e-07 0.00013087661 2.276156e-05 2.4668734e-07 7.920358e-07 6.235957e-07 3.788725e-07 1.6809962e-07 5.1065796e-05 3.4344735e-06 5.627403e-07 5.623489e-06 0.0005306636 1.197852e-05 5.4699038e-05 1.3831164e-05 6.465579e-07 0.00029364595 7.3821243e-06 4.8638684e-09 2.030785e-06 1.6930916e-07 3.4645796e-05 4.6530286e-06 1.00188745e-05 0.00035935885 4.8110374e-05 2.377964e-05 1.0368942e-08 0.0002635365 9.44938e-05 2.1670157e-05 9.0078083e-07 1.1797741e-06 3.0194256e-05 9.809893e-07 3.0497774e-11 2.7678307e-05 1.7885086e-05
1.7745886e-05 0.36199006 0.03927855 8.605125e-17 0.93012595 0.005740099 0.38228127 0.7899249 0.9315416 0.24578036 4.629667e-06 0.14089584 0.22982642 0.078116596 0.01339489 0.014503835 0.0026612727 0.010115203 0.04901063 3.2548369e-06 0.00016431503 0.00044068447 0.013071428 0.0045693303 0.0007224092 1.2203084e-07 1.0825845e-06 0.00028957517 4.2483498e-05 9.580073e-08 4.6097816e-07 0.0038519143 0.0010573699 7.108261e-08 5.322989e-06 8.8413435e-07 1.0142501e-06 2.0570593e-07 5.690638e-05 0.00043850407 1.3944563e-05 0.00085866754 8.0363196e-07 1.8319157e-05 4.1381615e-08 3.4786532e-07 0.0012198071 1.0667828e-06 1.34499505e-08 8.125247e-08 0.00023382132 6.709495e-05 9.509524e-05 0.00011831658 3.2831038e-06 1.525852e-06 5.058843e-07 1.0991824e-07 3.7743501e-07 5.9029235e-06 1.5842589e-07 2.641352e-07 6.685737e-08 0.00018874003 6.684517e-07 2.0600808e-07 3.66265e-08 3.7060648e-08 2.4602457e-07 3.059569e-07 1.9908138e-07 1.0900301e-06 2.7916494e-07 1.3005047e-06 9.3179755e-05 2.334402e-07 1.151344e-06 5.9371587e-06 2.521827e-08 7.0641725e-08 5.3889846e-07 1.8411765e-08 3.539969e-08 2.856775e-07 8.487345e-06 1.2268448e-06 1.6268288e-07 9.47555e-05 2.2316694e-05 6.6041196e-07 3.28349e-09 1.13753285e-05 3.6132963e-07 8.252127e-07 1.0442794e-08 1.061243e-07 2.9211182e-07 2.8059706e-08 2.2224556e-11 6.85271e-08 1.535372e-06
3.0046938e-06 0.041715033 0.25961524 0.93012595 2.5777735e-15 0.0021595033 0.08349906 0.12804492 0.23416595 0.83275443 9.145573e-06 0.011690291 0.04836433 0.016309932 0.0010121857 0.026494026 0.00074922 0.0014456302 0.0157377 4.5131463e-05 0.00022897233 0.00015659891 0.0040677264 0.0017786525 0.00035812994 1.0088354e-06 1.7265879e-06 5.6553254e-05 2.3650477e-05 5.322585e-07 3.4295574e-06 0.001647185 0.00019240954 6.993745e-07 3.6055517e-05 1.3604893e-05 3.9041174e-06 9.3572993e-07 5.9796886e-05 0.00015250301 0.00012643677 0.00043943553 1.950957e-05 4.8384395e-06 6.4956434e-06 1.288985e-05 0.0003980151 1.438422e-05 6.80282e-08 2.1670892e-06 0.00016853213 4.7761656e-05 0.00016071361 0.00013851393 1.5439464e-05 1.1578587e-05 1.7097746e-06 3.931302e-06 6.340033e-07 4.9761788e-05 6.723126e-07 5.4097795e-06 6.6054173e-07 0.00024377256 5.754179e-06 2.8160463e-07 4.7099584e-07 5.3869464e-08 2.2397362e-06 6.9290684e-07 3.2190378e-06 1.1148874e-05 2.1825138e-06 3.0732037e-06 0.0019094435 2.2954646e-06 6.027571e-05 3.101382e-05 8.6124345e-07 5.751491e-06 6.89817e-06 1.444051e-08 5.3893444e-07 6.2051856e-07 1.00328825e-05 3.7852312e-06 1.0100829e-06 0.00039571963 0.00034490405 7.1851277e-06 7.956199e-08 4.4565397e-05 1.1097247e-05 6.6783896e-06 1.6393092e-06 1.602692e-07 5.7910333e-05 4.867474e-07 4.652467e-11 1.8084023e-05 2.6012525e-05
5.242506e-05 0.84605086 0.005308881 0.005740099 0.0021595033 7.8099937e-16 0.9100196 0.016977333 0.0004002705 0.00021772605 0.99261326 0.22797996 0.0021523659 3.106378e-05 0.8314295 3.1647096e-06 2.8515528e-06 0.09730197 0.0022702543 0.01119401 1.0678664e-07 4.3369837e-06 9.659996e-05 0.000105438776 7.16745e-06 2.162582e-08 6.3119137e-07 0.2361199 2.1945241e-05 1.2519766e-08 1.1711928e-06 0.00043297315 0.017517487 1.0017165e-07 0.0045857728 0.0004178937 7.6929433e-07 0.0007332982 8.171812e-06 0.003153301 0.0001926521 0.000104553605 0.0008137346 0.0034299258 0.000117389776 4.102739e-05 0.0013450696 1.1082266e-06 9.894019e-07 7.0930626e-05 0.00044168267 9.461702e-06 2.0930214e-05 0.00024620097 6.995459e-05 9.440596e-07 1.968681e-05 5.8859012e-08 1.532249e-08 0.0007015021 0.00017311286 2.120827e-06 1.1528717e-07 9.669472e-05 9.861181e-05 7.3461456e-06 4.8346806e-06 5.4700394e-07 1.234101e-05 1.4542696e-08 5.9232218e-05 2.9833545e-05 7.941191e-06 2.569341e-07 0.00018307447 7.81035e-07 2.139792e-06 1.8188006e-05 1.4614159e-08 1.8330516e-05 6.2500796e-05 5.55805e-09 5.0039847e-07 9.2071156e-07 2.243869e-06 2.5635626e-07 1.0287628e-05 0.0001952028 4.6766672e-05 1.6788703e-05 8.828776e-08 0.00025997235 4.6993522e-05 1.6627151e-05 1.7957449e-07 1.52978e-06 8.334878e-06 2.7431838e-07 1.5459065e-10 4.032558e-05 0.000117760246
0.0047671944 0.8995914 0.028340288 0.38228127 0.08349906 0.9100196 3.5504082e-16 0.739719 0.16610557 0.010982825 0.3323444 0.95469064 0.37945724 0.041785765 0.91607475 0.0026794507 0.00052778475 0.39181232 0.40836558 0.028421875 1.3738038e-05 0.00026984504 0.010994766 0.007022632 0.00038053535 2.7049812e-06 2.4556734e-06 0.13739738 2.827556e-05 3.950594e-06 1.8254254e-06 0.008316703 0.15993352 1.4797216e-06 0.0015999632 0.0003602505 7.2891817e-07 0.00048127995 2.5505624e-05 0.030694783 0.00017893387 0.0056006843 0.00039856133 0.010375491 1.0027201e-05 7.0347574e-05 0.29828182 2.5936984e-06 2.5559254e-06 0.00014023828 0.045739517 0.0001146359 0.0002902326 0.008195746 0.000179515 7.662905e-06 3.3997155e-06 1.6390379e-05 1.1109139e-07 0.0020144493 0.00039858968 3.3341912e-06 2.7467104e-05 0.00548346 0.00013440836 2.7312155e-05 7.764591e-06 1.111926e-05 5.9716444e-06 6.1058324e-07 0.00012399424 2.77298e-05 8.909182e-05 5.2727282e-06 0.00021795728 1.425444e-06 6.7770156e-06 0.00013543888 1.34349e-06 2.5245126e-06 2.540769e-05 2.7603653e-07 1.1749712e-07 2.5859972e-06 0.00025893535 4.4159881e-07 6.858985e-05 0.0007228985 0.00016109017 7.652761e-06 1.1800195e-08 0.00017909297 3.988741e-05 1.3541097e-06 1.426775e-07 1.8129023e-05 2.1262035e-06 6.1194e-08 7.5542667e-10 3.2961092e-05 6.07371e-05
0.013176876 0.16372629 0.01286643 0.7899249 0.12804492 0.016977333 0.739719 5.453609e-15 0.9675933 0.08537594 7.577227e-06 0.88490945 0.9729888 0.6038299 0.07925224 0.017103015 0.046047658 0.10965517 0.7304149 2.329367e-05 0.0001107636 0.0009028247 0.25323543 0.17496388 0.008632896 3.3269206e-08 7.836911e-07 0.008671764 0.00037891263 1.5335063e-08 9.771121e-06 0.1317361 0.028991058 1.7184162e-07 5.729508e-05 6.43864e-07 4.0585186e-07 1.1988999e-05 0.0018933865 0.0083431965 1.80915e-06 0.051743086 1.0724765e-05 0.0021024814 4.9394476e-08 4.903024e-06 0.14850459 3.2220598e-06 7.509793e-09 7.1329424e-07 0.01613969 0.001840881 0.0050538555 0.0039702514 9.027993e-07 1.4008797e-05 3.1695418e-08 7.7157347e-07 1.1743365e-08 0.0013962861 1.7168913e-05 2.481072e-07 1.1458993e-07 0.015009349 6.494055e-05 8.531285e-07 6.052443e-07 3.597981e-07 2.8904194e-07 6.930953e-07 1.2910173e-05 4.4817393e-06 4.460864e-07 3.5325565e-06 0.00044227426 1.9246957e-06 9.77503e-07 0.00055412523 1.0745312e-07 1.2288308e-06 9.705554e-06 8.21847e-08 2.6984947e-07 6.635028e-07 0.0005083225 2.4262495e-06 3.3876833e-07 0.0010853292 0.00017769453 5.0961025e-06 7.911026e-09 0.00051441306 1.3780224e-05 7.933629e-06 4.828128e-08 5.516444e-07 5.565362e-06 5.2165916e-07 2.2724415e-10 1.3201691e-05 4.7289162e-05
0.00041399582 0.03056902 0.009795627 0.9315416 0.23416595 0.0004002705 0.16610557 0.9675933 6.824664e-16 0.9103892 4.812767e-07 0.19956997 0.80288506 0.7911336 0.00064902875 0.41854438 0.13690966 0.003743184 0.18800505 4.866887e-06 0.002083506 0.014001439 0.1697143 0.052869294 0.033975713 1.3021204e-06 0.0001411072 6.114089e-05 0.0013772073 2.1604035e-06 0.000101422986 0.03396436 0.0010898124 4.9675564e-06 9.906176e-06 1.9367708e-06 1.6811693e-05 9.4241443e-07 0.0021569028 0.00038319037 2.7808599e-06 0.0072247507 5.5448464e-07 1.4572221e-05 4.046451e-08 5.071536e-06 0.002082495 3.722705e-05 3.2773787e-08 3.3046794e-07 0.0005288214 0.00075023813 0.002991884 0.00037691114 4.831622e-07 0.00012559495 2.9475513e-07 2.0254836e-06 1.2643956e-06 1.21499e-05 2.339829e-07 2.1833475e-07 6.7221123e-07 0.00058185664 1.4259838e-06 2.8676977e-06 1.4313828e-07 1.3605132e-06 3.5457822e-07 9.0853683e-07 5.428993e-07 8.5423035e-06 1.3813592e-07 6.8136305e-06 0.00018898299 8.327878e-06 1.1983147e-05 6.9587136e-06 1.915241e-07 1.2995858e-06 1.8564718e-06 4.324319e-07 2.9793455e-07 7.185552e-08 1.6730412e-05 8.579083e-06 8.9421843e-07 9.979696e-05 5.448646e-05 1.9136025e-06 1.4373324e-08 3.0329293e-05 4.746073e-06 3.803703e-05 1.5590057e-07 2.5332105e-07 3.775238e-06 4.181807e-07 3.3397088e-10 4.0111286e-07 4.9381765e-06
9.961615e-06 0.00020806755 0.24084906 0.24578036 0.83275443 0.00021772605 0.010982825 0.08537594 0.9103892 4.803073e-15 1.4365171e-06 0.0021396226 0.06178788 0.18594946 0.00015825655 0.9760278 0.03310237 0.0003481237 0.0139408875 2.8076212e-05 0.024402384 0.018509278 0.028868752 0.006024534 0.012002425 0.00034255354 0.004441088 7.5309006e-05 0.0008897628 0.0002977671 0.00041439082 0.002771485 0.00015399327 0.0003296271 4.0352432e-05 3.9035724e-05 0.00033924624 4.840837e-07 0.0015670812 4.119584e-06 9.02888e-05 0.00094204204 4.3438713e-06 3.6361341e-06 4.726515e-06 5.418777e-07 0.00011234415 0.000235975 8.686611e-08 5.8827845e-07 8.825207e-06 0.00013171403 0.0008735253 1.2188622e-06 8.086573e-06 4.3855187e-05 4.9956475e-06 6.621598e-06 2.5590049e-05 7.498847e-06 2.3526434e-07 4.9330974e-06 5.961169e-08 0.00013811768 1.5853878e-07 1.02988956e-07 1.9354005e-08 5.638721e-09 1.9831537e-06 7.368865e-06 1.5531201e-07 1.13367305e-05 2.2147881e-07 0.0001137655 0.00034145228 2.6088397e-05 8.4368876e-05 1.4938212e-06 3.4887714e-06 1.4366391e-06 6.61604e-07 6.415728e-07 2.3974546e-06 1.5680735e-08 2.745749e-07 8.487852e-05 1.09093634e-07 6.858886e-05 0.0006190746 5.1637096e-07 1.7388665e-07 1.916088e-06 1.9955014e-07 9.536234e-05 1.2844035e-06 3.819478e-09 8.1535385e-05 2.2577635e-06 4.3439452e-10 2.847778e-08 4.063845e-05
0.0032320023 0.0024432312 2.8259308e-05 4.629667e-06 9.145573e-06 0.99261326 0.3323444 7.577227e-06 4.812767e-07 1.4365171e-06 5.0191142e-17 0.0004089756 5.0987397e-05 6.43438e-07 0.89835083 8.000772e-08 2.7174582e-07 0.07502126 3.9284372e-05 0.9560046 2.8639397e-08 3.1034567e-08 9.81642e-06 1.6552228e-06 1.0018125e-06 1.3759507e-08 8.181663e-09 0.70805144 3.5731985e-06 1.3687882e-09 1.819911e-07 2.3052081e-07 0.1038497 2.2787927e-09 0.22368811 0.021050619 1.2555404e-07 0.019312944 7.450758e-08 0.021812625 0.0076182093 3.5110892e-07 0.11546465 0.11305688 0.0017939203 0.0010873711 0.0041669924 1.4030837e-08 1.2936352e-05 0.0073130624 0.0032971546 7.2086794e-07 2.0162895e-07 0.0008569562 0.0010774733 1.6348496e-07 0.00037105515 4.5800355e-09 1.589425e-09 0.014903564 0.014196514 9.537853e-07 1.0394451e-05 5.681692e-06 0.000344737 6.800138e-05 0.00024706536 3.1886425e-06 0.000236279 8.248386e-08 0.00010811886 0.00012562094 0.00021589515 1.6744025e-09 3.8262526e-05 4.0261054e-07 1.9470733e-06 7.105645e-06 9.29188e-08 6.584794e-07 4.961404e-05 1.7615595e-09 1.626295e-09 8.459628e-06 5.326536e-07 1.8790371e-07 1.6672055e-05 7.4680276e-05 0.00012910536 0.000116914285 1.438738e-10 0.0006312856 0.0005564065 3.389104e-06 2.1330307e-07 1.8544617e-06 2.6235687e-06 1.7417086e-08 1.8037334e-12 1.3857531e-05 0.00024827893
0.2174347 0.30109698 0.0038729731 0.14089584 0.011690291 0.22797996 0.95469064 0.88490945 0.19956997 0.0021396226 0.0004089756 7.22439e-15 0.7944831 0.13611354 0.67301315 0.0029376345 0.007353933 0.82655466 0.9454025 0.0004903281 8.6080676e-05 0.0002113383 0.1791414 0.31027362 0.006139788 3.2245637e-07 7.3389256e-06 0.05394609 0.00032503583 1.9924607e-07 4.9353944e-06 0.47136506 0.28462058 2.0234756e-06 0.00048587323 5.1334344e-05 3.0901963e-06 0.00066247635 0.0028305969 0.15357885 1.2295023e-06 0.2964214 7.112327e-05 0.026132405 1.3521852e-05 0.0001428393 0.83332556 1.647763e-05 2.4208956e-07 0.00014558226 0.3599085 0.00891669 0.0148253925 0.090966254 2.2568724e-06 0.00010837777 1.6810322e-06 5.8536302e-06 1.0114599e-07 0.021239204 0.0024238434 5.048532e-06 5.775617e-07 0.21066938 0.0016335521 4.0252886e-05 7.197963e-05 6.412838e-06 4.6802875e-06 3.710894e-07 0.0012763112 2.379705e-06 4.5639335e-05 7.2472534e-07 0.0036651613 5.692733e-05 4.1481562e-05 0.003494671 5.4750417e-06 6.6890475e-06 0.0002893993 1.865469e-07 6.66383e-07 1.9982399e-05 0.0031694488 4.5557217e-06 5.115997e-05 0.014107943 0.0003405992 0.00019846522 3.93922e-08 0.0016177827 0.0001658391 1.5108197e-05 1.4231138e-07 1.2711098e-05 2.0746263e-06 1.0460177e-06 2.7043527e-09 0.00017482521 6.0031216e-05
0.14665481 0.047851678 0.003375103 0.22982642 0.04836433 0.0021523659 0.37945724 0.9729888 0.80288506 0.06178788 5.0987397e-05 0.7944831 4.9737493e-18 0.8985273 0.016171196 0.11765979 0.21333921 0.0588555 0.95247537 3.376009e-05 0.001969297 0.012496988 0.64619946 0.63738793 0.07348642 9.1220414e-07 0.0001523713 0.003273643 0.0037133833 1.9786057e-07 2.6943473e-05 0.3773291 0.023381503 2.419025e-06 3.747015e-05 2.2327392e-06 6.5506365e-06 7.3508404e-06 0.008229164 0.007080935 3.224951e-07 0.14998278 1.3006188e-06 0.001084835 1.4588504e-07 1.3351387e-05 0.24045964 2.3619325e-05 1.5979759e-09 2.1274752e-06 0.026436066 0.007538496 0.021387229 0.0052014985 1.0102607e-07 0.00018842313 3.9972267e-08 4.400916e-05 1.6490196e-06 0.0012079788 3.819475e-05 4.5861546e-07 5.494266e-07 0.05754896 0.000115820505 6.0665925e-06 7.8498715e-06 1.449168e-06 2.1657907e-07 4.079491e-06 7.217973e-05 2.7419546e-07 1.4182926e-06 1.13212045e-05 0.0042410553 8.310451e-05 1.6803824e-05 0.00052175845 2.8389165e-06 3.9070543e-05 1.0488472e-05 4.4377536e-08 7.72639e-07 9.955997e-07 0.00044622688 6.481578e-06 2.8389977e-06 0.0016711054 0.00085070136 1.2870626e-05 7.570325e-09 0.00024367332 4.0410432e-05 1.328102e-05 5.843607e-08 8.8732054e-07 6.4607375e-06 7.9375144e-07 9.050896e-11 1.5191127e-05 3.289411e-05
0.021920035 0.0028456622 0.00076751254 0.078116596 0.016309932 3.106378e-05 0.041785765 0.6038299 0.7911336 0.18594946 6.43438e-07 0.13611354 0.8985273 3.3028604e-17 0.00070707884 0.8186492 0.99002844 0.004826092 0.47345605 9.319206e-06 0.061370865 0.4230036 0.8332105 0.5344919 0.5891101 2.90623e-05 0.006094079 0.00035684244 0.03212316 1.2012272e-06 0.000993219 0.23196128 0.0037763203 3.4607583e-05 1.014004e-05 2.1013875e-05 4.133821e-05 2.348838e-06 0.07714962 0.0016692624 5.1088023e-06 0.082841456 3.7972166e-06 0.00011826772 1.2717906e-06 5.559447e-06 0.02709726 0.0001561131 8.198895e-09 1.7907436e-06 0.0034392888 0.019659642 0.0682372 0.0011797473 3.4363586e-07 0.0011640491 4.8022198e-08 2.7019818e-05 4.8587783e-05 9.460461e-05 2.5681397e-06 9.502046e-07 1.6141811e-07 0.011108657 1.8979894e-05 1.274706e-06 1.2891467e-06 1.0066105e-06 1.8500988e-06 7.593213e-06 2.5658837e-05 1.3203616e-07 1.7235706e-06 0.00016162754 0.0030412725 0.000261821 0.0001087481 6.8093206e-05 4.2369036e-05 5.6038575e-06 7.8834655e-06 1.4675842e-07 4.2389906e-06 2.0404634e-07 8.999239e-05 3.8771155e-05 3.5670428e-06 0.00041443523 0.0017619428 1.5610914e-05 7.247226e-09 4.972099e-05 1.20693485e-05 7.034764e-05 2.6572238e-07 5.00692e-07 1.6485928e-05 1.1511464e-06 1.4609573e-10 1.5383657e-05 4.2838594e-05
0.018789362 0.44724584 0.005933933 0.01339489 0.0010121857 0.8314295 0.91607475 0.07925224 0.00064902875 0.00015825655 0.89835083 0.67301315 0.016171196 0.00070707884 1.6199728e-17 4.524946e-05 2.8797029e-05 0.97735673 0.011657042 0.80320686 4.2970896e-06 6.576962e-05 0.0003722144 0.0013826536 3.5563484e-05 1.6195293e-06 1.9112224e-06 0.7744342 3.1553987e-05 3.0205128e-06 7.278658e-07 0.0033027923 0.35000083 1.5691217e-07 0.052212052 0.05255265 9.710308e-07 0.013361195 1.6769422e-05 0.09783848 0.004031497 0.0046464815 0.010735393 0.11751234 0.0008255666 0.0013541835 0.14341229 1.643687e-05 2.8658153e-05 0.0016002485 0.05175988 4.726364e-05 0.0001559671 0.01907764 0.0006820067 1.3944443e-05 0.0001898394 7.49211e-07 2.82022e-07 0.028428894 0.004892419 5.7542006e-06 0.00017448525 0.004352935 0.0017014783 0.0001337094 0.00022615479 1.2968208e-05 0.00029451368 1.1457709e-06 0.00237095 0.0003152483 0.00023928475 1.6337536e-07 7.257442e-05 1.7886747e-06 2.8947961e-06 0.00030861385 4.1445816e-07 1.5541129e-05 0.00020948716 1.9227993e-07 2.9287316e-08 1.2282186e-05 0.00018797426 3.0326063e-08 0.00040458553 0.0009872362 8.20956e-05 0.00017491725 1.0019433e-08 0.0005970783 0.0002801663 2.748274e-07 3.9869473e-08 5.7771216e-05 2.6538746e-06 2.846844e-08 7.9835694e-10 0.00013303845 0.00048012836
0.0006355959 1.4765833e-05 0.00089982094 0.014503835 0.026494026 3.1647096e-06 0.0026794507 0.017103015 0.41854438 0.9760278 8.000772e-08 0.0029376345 0.11765979 0.8186492 4.524946e-05 5.6738825e-16 0.8668831 0.0002091532 0.005758308 0.0003951476 0.9738956 0.75097877 0.26685995 0.04107923 0.26961142 0.008061714 0.3143764 0.0001520038 0.064492434 0.0023791424 0.040444855 0.010482629 6.444821e-05 0.0065086037 0.0001624052 5.225196e-05 0.00723042 6.035166e-06 0.077859804 1.6920765e-05 0.00010012089 0.002518201 1.1870372e-05 1.7986054e-05 7.1198457e-07 1.9703337e-05 0.0008208734 0.002171435 2.5664488e-09 8.9301475e-06 1.1296313e-05 0.0052955085 0.015165058 6.617028e-06 1.5438941e-06 0.0035411848 1.3401092e-06 0.00014813979 0.00044025874 1.6858206e-05 9.695843e-07 3.8765415e-07 1.9516862e-07 8.6257845e-05 3.5088522e-06 1.3143045e-06 6.3548094e-07 5.5291156e-07 1.7649102e-06 1.2609895e-05 5.642961e-07 1.7808521e-06 7.1857545e-07 0.0002535549 0.0015893148 0.0001474251 9.5541945e-05 1.8781235e-05 1.1481747e-05 2.1880936e-05 2.6709367e-06 3.3668326e-07 5.6084664e-06 1.5800475e-07 6.270411e-06 3.4597553e-05 2.5259058e-07 7.112944e-05 0.0077296305 7.854341e-06 3.198449e-08 3.3090662e-05 2.5628574e-06 5.0317256e-05 6.6141166e-07 6.870021e-07 2.3598095e-05 4.8113648e-06 2.5842095e-10 5.968917e-08 5.7686822e-05
0.037234474 5.8239428e-05 0.00017349217 0.0026612727 0.00074922 2.8515528e-06 0.00052778475 0.046047658 0.13690966 0.03310237 2.7174582e-07 0.007353933 0.21333921 0.99002844 2.8797029e-05 0.8668831 7.416469e-17 0.00025139924 0.04264191 2.0315512e-05 0.25015828 0.9389943 0.81060016 0.36192775 0.8787428 0.003857351 0.28601778 3.5676912e-05 0.2891972 0.0015351812 0.10468823 0.08972555 0.00014111056 0.0048400387 2.756175e-05 2.1493564e-05 0.0053153043 1.8651641e-06 0.37988785 7.4859825e-05 2.4185785e-05 0.043327738 4.5681513e-06 2.9828468e-06 4.1413837e-06 4.273142e-06 0.0075754286 0.0025512902 4.8049863e-08 7.6659404e-07 0.00042057142 0.06475297 0.11821219 3.198689e-05 1.1322019e-06 0.012115149 2.2941046e-07 6.729001e-05 0.0009887569 9.576557e-06 3.793418e-07 1.646983e-06 8.408508e-07 0.002984775 9.211349e-07 4.534493e-07 1.4626045e-07 1.5529757e-06 5.5814274e-07 9.723842e-06 1.5890548e-06 4.0240255e-07 7.7200485e-07 0.0006598794 0.009292387 0.0005355912 0.0003523489 2.98572e-05 0.0001799459 1.786728e-06 3.1909728e-06 1.3431506e-06 6.605859e-05 5.2295995e-08 3.481956e-05 0.00013630849 1.2894491e-06 0.00029686885 0.034879413 9.153305e-06 1.2574156e-07 1.6224829e-05 5.8201863e-06 0.00010885032 6.2993668e-06 1.0450208e-06 0.00018587396 1.9795484e-06 1.2801753e-09 5.6197528e-06 1.025769e-05
0.37335148 0.24276274 0.0012389957 0.010115203 0.0014456302 0.09730197 0.39181232 0.10965517 0.003743184 0.0003481237 0.07502126 0.82655466 0.0588555 0.004826092 0.97735673 0.0002091532 0.00025139924 1.595619e-16 0.18954809 0.04431327 7.949617e-06 0.00012547823 0.002818084 0.014491807 0.0004775854 1.6222546e-06 1.6501626e-05 0.68584436 6.6458946e-05 2.0666996e-06 2.9158255e-06 0.23656666 0.974052 1.3280077e-06 0.025817977 0.0029987753 1.4853504e-06 0.022291522 0.0004174428 0.7196746 0.0005560986 0.27080637 0.0029578526 0.22376916 0.00014867692 0.003680277 0.82038087 2.1338508e-05 4.853998e-07 0.005849953 0.49951905 0.0035970653 0.0050499747 0.2412903 0.0002770301 0.00013804251 3.065834e-05 8.8650895e-06 4.511414e-08 0.13288614 0.017581755 3.4511395e-06 0.0003208375 0.12652786 0.014754593 0.0005690464 0.0011487289 0.00010812062 0.00011512804 1.6928512e-07 0.01307672 7.0393005e-05 0.00042954346 1.3261041e-06 0.004097179 0.00012307684 0.000146319 0.0134437 2.1898359e-06 9.162645e-05 0.0014899173 7.747843e-08 3.6339052e-06 0.0003607786 0.006994846 1.2221259e-06 0.00050866656 0.035504878 0.00043043477 0.0017235272 2.3625484e-08 0.0067222384 0.0039559403 1.526247e-05 3.2176456e-07 0.0002501153 9.6018985e-06 1.21663525e-05 3.0621723e-09 0.00074790925 0.0004932639
0.96236354 0.09361114 0.0009922524 0.04901063 0.0157377 0.0022702543 0.40836558 0.7304149 0.18800505 0.0139408875 3.9284372e-05 0.9454025 0.95247537 0.47345605 0.011657042 0.005758308 0.04264191 0.18954809 7.815116e-17 5.0251176e-05 0.00015423828 0.00061841076 0.18683928 0.5922792 0.0036481975 9.327764e-07 8.348359e-05 0.002484528 0.00036126713 7.619912e-07 1.8865561e-06 0.8173478 0.09405414 4.449068e-06 0.00021605169 1.4276597e-05 6.665613e-06 9.483478e-05 0.013476017 0.08798468 1.574703e-05 0.650641 3.3260276e-05 0.0073486515 2.1248527e-05 0.000111891764 0.9124764 3.069355e-06 6.385245e-07 1.6679433e-05 0.40816748 0.05406312 0.064846486 0.103190966 2.0684545e-06 0.0003342303 7.563924e-07 1.7510378e-05 2.3554915e-06 0.016069364 0.0009346193 9.041365e-07 1.2800985e-05 0.67591095 0.0026487405 1.23758955e-05 9.892113e-05 5.168836e-06 2.3998061e-06 6.3678563e-06 0.0040677614 2.4485923e-06 1.592674e-05 1.6460228e-05 0.015949715 6.691635e-05 4.2041564e-05 0.008773399 6.8627564e-06 2.3376244e-06 0.00051137334 2.9646185e-07 5.032225e-07 3.080203e-05 0.011991671 1.8158229e-05 4.8445043e-05 0.04778531 0.0027246573 0.0001129926 1.8775262e-08 0.0021722114 0.0015776732 1.0240975e-05 2.9158994e-07 5.496648e-06 5.4229617e-06 2.3519658e-07 2.3401225e-10 0.00038850377 5.7687204e-05
0.06485713 0.0023483455 0.0001336834 3.2548369e-06 4.5131463e-05 0.01119401 0.028421875 2.329367e-05 4.866887e-06 2.8076212e-05 0.9560046 0.0004903281 3.376009e-05 9.319206e-06 0.80320686 0.0003951476 2.0315512e-05 0.04431327 5.0251176e-05 5.847413e-14 1.7047752e-05 9.796117e-06 0.0002037027 6.152313e-05 2.5869236e-05 2.4446329e-06 7.0447436e-06 0.97134507 2.9736715e-05 5.962913e-05 2.9084301e-06 5.273565e-05 0.04876732 0.00013180175 0.8264159 0.9573644 0.00012733795 0.11917774 6.8163145e-06 0.011017119 0.037327718 3.5776055e-05 0.5124045 0.26719806 0.09170594 0.024716798 0.0004399003 8.101825e-06 0.0017598907 0.026082803 0.0005871192 1.3258482e-05 2.0391175e-05 0.00059562747 0.1188723 2.06414e-05 0.011958278 4.0074352e-05 8.18703e-06 0.029280432 0.08562031 0.00051311264 0.010307279 6.7343615e-05 0.0028048644 0.0026843871 0.0037138793 0.004544282 0.016482946 1.7417944e-05 0.002028268 0.010040891 0.03432217 3.0514184e-07 0.0031475578 8.39237e-06 3.7635495e-05 3.8805407e-05 5.6664817e-06 0.0005206679 0.00017344917 8.365241e-06 5.8637816e-08 0.00047518543 8.62198e-06 9.192105e-07 0.0014774221 5.698376e-05 0.0001979152 0.0008612169 1.372053e-07 0.00090521976 0.0020365093 3.0850188e-05 6.20579e-07 0.0003044717 3.6766334e-05 3.8913786e-06 7.320195e-11 5.465508e-05 0.004525857
2.5337471e-05 3.7675518e-06 3.881255e-05 0.00016431503 0.00022897233 1.0678664e-07 1.3738038e-05 0.0001107636 0.002083506 0.024402384 2.8639397e-08 8.6080676e-05 0.001969297 0.061370865 4.2970896e-06 0.9738956 0.25015828 7.949617e-06 0.00015423828 1.7047752e-05 3.1508492e-20 0.6954508 0.011114321 0.0010789144 0.1632896 0.9688973 0.5394424 1.5097683e-05 0.029173136 0.00073471124 0.033172585 0.00070362067 1.7998513e-05 0.012518615 3.4183408e-06 2.1851858e-06 0.003505643 2.8882425e-07 0.019968381 9.000531e-06 2.9635514e-06 0.00043234657 8.75425e-06 3.2845958e-07 1.13224345e-07 4.425734e-06 0.00014583087 0.0038793774 6.613828e-10 1.6488074e-06 1.4873598e-05 0.00088392536 0.0015185855 2.7152772e-05 6.1453284e-07 0.0082109105 1.4990917e-06 0.0003583484 0.0008670635 6.1796704e-06 2.4553046e-07 9.552466e-08 1.0645732e-08 3.930067e-05 2.4329806e-06 7.916634e-07 1.994691e-07 1.04664686e-07 3.4575876e-07 3.63905e-05 1.0111268e-06 4.805823e-07 8.249759e-07 0.0006374829 0.00047912114 0.00039915455 0.0005077605 2.8986758e-05 5.981645e-05 4.3424154e-07 1.6883102e-06 5.555273e-07 4.1075582e-05 2.4846545e-07 5.5442406e-06 0.00019219167 4.5054483e-07 5.2166117e-05 0.00030445165 8.004589e-06 6.761415e-07 2.5940186e-05 2.711221e-06 0.00017139033 7.19855e-06 9.040778e-07 3.8751747e-05 6.384274e-06 2.2789957e-10 1.5612084e-06 2.4107533e-07
0.025094967 4.3372484e-06 6.9543916e-05 0.00044068447 0.00015659891 4.3369837e-06 0.00026984504 0.0009028247 0.014001439 0.018509278 3.1034567e-08 0.0002113383 0.012496988 0.4230036 6.576962e-05 0.75097877 0.9389943 0.00012547823 0.00061841076 9.796117e-06 0.6954508 5.3727644e-16 0.36860058 0.032306116 0.88512814 0.23233616 0.9945342 3.9007664e-05 0.4364717 0.3529971 0.36588034 0.009035004 9.887983e-05 0.23841245 5.6000834e-05 3.3547687e-05 0.077125266 9.298024e-06 0.4239115 8.008693e-05 0.0008319829 0.00395943 1.07426895e-05 1.8790983e-05 3.827667e-06 5.0440347e-05 0.00031499195 0.039881915 4.3202992e-09 1.8268744e-06 0.00015808821 0.028171003 0.049207702 3.2376658e-05 3.0840931e-06 0.07475058 5.9485023e-07 0.0020534014 0.0074641514 2.1137588e-05 1.400183e-06 2.2456438e-06 6.2146705e-06 0.00035228152 1.5935498e-06 2.406482e-06 1.75944e-06 4.5648915e-07 4.870497e-07 7.8484e-05 6.1966114e-07 1.1686088e-06 6.904886e-07 0.005746496 0.0019536717 0.0026223646 0.0007467372 4.264434e-06 0.0005272401 3.261222e-06 1.9717481e-06 9.741672e-06 0.00032978936 9.3239436e-08 1.6364327e-05 0.0015918305 4.1475272e-07 8.143397e-05 0.047245592 2.553056e-06 1.372771e-08 8.439636e-06 8.342847e-06 0.00018400514 6.75054e-05 8.2780673e-07 0.0005663316 5.0401472e-06 4.0703294e-09 1.2302249e-06 1.5418135e-06
0.55684 0.0025018961 0.0003580823 0.013071428 0.0040677264 9.659996e-05 0.010994766 0.25323543 0.1697143 0.028868752 9.81642e-06 0.1791414 0.64619946 0.8332105 0.0003722144 0.26685995 0.81060016 0.002818084 0.18683928 0.0002037027 0.011114321 0.36860058 1.2058345e-15 0.98782873 0.9500212 8.225116e-05 0.06488713 0.0007634063 0.29380363 0.00010614784 0.01784922 0.6682192 0.0027447178 0.00026814625 5.3074e-05 2.0285697e-05 0.00032648136 2.8132792e-05 0.48869637 0.0023158821 1.7766748e-05 0.28806937 1.9874658e-05 0.0002240651 9.993472e-06 1.8262936e-05 0.046598047 0.0018196614 3.2582747e-08 1.7702066e-06 0.0079602115 0.1776387 0.3098425 0.0014883516 3.477366e-07 0.010812703 5.874005e-07 0.00012248072 0.00046509635 0.00028033202 1.231242e-05 3.041314e-07 7.114389e-07 0.080606796 3.5758625e-05 2.4903518e-06 1.06749185e-05 2.1427824e-07 1.3511254e-07 4.7690583e-06 6.265692e-05 6.136617e-08 1.3889118e-06 0.00018730517 0.06611785 0.0009526309 0.0010817441 0.0006011414 0.00012337415 1.6192676e-07 4.529989e-05 3.2436245e-07 2.0912377e-05 1.4848547e-06 0.001836068 9.105979e-05 3.7714483e-06 0.0038411606 0.013402851 6.611603e-06 8.9141245e-08 0.0001776379 0.00012225923 4.1285104e-05 5.316374e-06 5.739811e-07 6.432013e-05 9.502163e-07 2.5871454e-09 6.875966e-05 1.356005e-05
0.7260872 0.0021927198 7.986879e-05 0.0045693303 0.0017786525 0.000105438776 0.007022632 0.17496388 0.052869294 0.006024534 1.6552228e-06 0.31027362 0.63738793 0.5344919 0.0013826536 0.04107923 0.36192775 0.014491807 0.5922792 6.152313e-05 0.0010789144 0.032306116 0.98782873 1.9450532e-18 0.47504643 5.206063e-06 0.0014911498 0.00045797022 0.07631664 4.46073e-06 0.002071085 0.96494454 0.005997697 1.0535348e-05 7.32976e-05 1.0482002e-05 2.9776784e-05 1.6518223e-05 0.37917197 0.008393007 1.6383832e-05 0.6362988 1.0695808e-05 0.00015933797 2.1456457e-05 2.1319162e-05 0.22613417 0.00027023154 9.634584e-09 1.6550333e-06 0.03206648 0.19810602 0.34124476 0.008058974 4.18864e-07 0.003201993 3.239281e-07 9.847649e-05 0.00011017322 0.001434342 4.2175452e-05 2.3672342e-07 4.4010862e-06 0.26961887 0.00020948796 3.9039164e-06 7.5946623e-06 3.7123138e-07 7.080441e-08 9.896128e-06 0.00035204226 2.3906907e-07 2.5490708e-06 0.00018146729 0.08362727 0.00041024282 0.00030083267 0.0035658188 4.1804476e-05 9.413684e-08 0.00029460018 4.1313575e-07 2.7802009e-05 1.9233368e-05 0.0072842073 1.7227105e-05 1.4621514e-05 0.01070847 0.008870563 3.915828e-05 7.615688e-08 0.0014144841 0.0003147004 3.4737735e-05 1.5612172e-06 3.5360013e-06 4.004906e-05 7.358398e-07 5.3640364e-10 0.0002681135 4.317326e-05
0.14177164 1.6264334e-05 8.534784e-05 0.0007224092 0.00035812994 7.16745e-06 0.00038053535 0.008632896 0.033975713 0.012002425 1.0018125e-06 0.006139788 0.07348642 0.5891101 3.5563484e-05 0.26961142 0.8787428 0.0004775854 0.0036481975 2.5869236e-05 0.1632896 0.88512814 0.9500212 0.47504643 2.0794288e-16 0.009327454 0.7138181 4.3542757e-05 0.98052585 0.0074978797 0.3406853 0.10428689 0.00052440114 0.00889694 3.1245647e-05 5.168292e-05 0.0019008741 4.200223e-06 0.6991011 0.00027158743 1.2190383e-05 0.043746747 2.3445422e-05 5.4623975e-05 8.817661e-06 1.1154883e-05 0.0014377562 0.008747357 1.0319522e-07 5.327649e-07 0.00035905087 0.111440696 0.21058726 6.9398426e-05 2.3891064e-07 0.08494728 1.1630868e-07 0.00056717586 0.0020859477 4.1594383e-05 7.634056e-06 2.3063242e-06 5.9688176e-07 0.0047708396 5.2395e-06 1.840348e-06 1.5199004e-06 1.5252023e-07 1.02345695e-07 1.435306e-05 1.4818239e-05 9.4147936e-07 1.0874524e-05 0.00056520285 0.037557263 0.0016187204 0.0012589685 0.00014475065 0.00038147028 9.3142876e-07 2.3260285e-05 1.3577784e-06 2.942889e-05 2.0927618e-07 0.0004511492 0.00028427748 9.3619855e-07 0.00058808917 0.039564673 5.5891214e-06 9.273396e-08 8.0402155e-05 3.670233e-05 0.00011696893 9.358898e-05 7.135984e-07 0.0005065489 1.1098839e-06 9.053962e-09 4.678215e-05 7.610504e-06
5.4992783e-05 6.361249e-07 1.3595055e-06 1.2203084e-07 1.0088354e-06 2.162582e-08 2.7049812e-06 3.3269206e-08 1.3021204e-06 0.00034255354 1.3759507e-08 3.2245637e-07 9.1220414e-07 2.90623e-05 1.6195293e-06 0.008061714 0.003857351 1.6222546e-06 9.327764e-07 2.4446329e-06 0.9688973 0.23233616 8.225116e-05 5.206063e-06 0.009327454 7.928709e-18 0.17784545 2.7892743e-06 0.008927956 0.9977586 0.055248395 1.3798154e-06 3.9229126e-06 0.079480335 4.4387316e-06 3.2905293e-06 0.026022067 1.0004653e-06 0.005478942 7.1551256e-07 4.402763e-05 1.2405692e-06 4.103105e-06 9.225218e-08 3.1916986e-07 1.1377775e-06 3.941329e-06 0.018561171 2.8128437e-09 9.413599e-07 2.0832098e-07 0.00017145196 0.00013272253 7.348811e-07 9.668853e-07 0.010465782 1.0354654e-06 0.0061233295 0.0031117715 3.6050894e-06 8.275979e-08 1.03316935e-07 9.5608335e-08 2.8071804e-06 5.1158304e-07 3.3907443e-07 2.0373115e-07 5.733872e-08 3.3409947e-07 0.0002846212 5.030293e-08 4.594959e-07 3.2428883e-07 0.00218754 0.00012584876 0.0007389132 0.00020814137 9.272636e-06 6.71992e-05 2.441179e-07 2.5472104e-07 2.6090062e-05 0.0003961006 7.499845e-07 2.5204557e-07 0.0008842761 1.7631882e-07 1.1777395e-06 0.001826016 3.216963e-06 1.2936789e-06 1.1108069e-05 1.2881708e-06 2.9166033e-05 4.959873e-06 1.956263e-07 5.4095766e-05 2.8158585e-05 4.2691686e-09 9.220327e-08 2.2667925e-06
0.02765885 7.2274204e-08 1.2551789e-05 1.0825845e-06 1.7265879e-06 6.3119137e-07 2.4556734e-06 7.836911e-07 0.0001411072 0.004441088 8.181663e-09 7.3389256e-06 0.0001523713 0.006094079 1.9112224e-06 0.3143764 0.28601778 1.6501626e-05 8.348359e-05 7.0447436e-06 0.5394424 0.9945342 0.06488713 0.0014911498 0.7138181 0.17784545 6.666942e-19 3.2221308e-06 0.56504 0.6692848 0.8164474 0.00040552733 9.640417e-06 0.84275377 2.1660013e-05 5.1263823e-06 0.26417005 8.941089e-06 0.32226968 1.990925e-06 4.906743e-06 0.00053961383 3.5201418e-07 6.4748374e-06 2.30661e-08 1.0130475e-06 3.2170905e-05 0.23269257 5.0812443e-09 2.8707117e-07 4.1190774e-06 0.022478336 0.027483562 1.1885443e-06 7.474372e-08 0.26078275 2.0894575e-07 0.09010563 0.083063185 1.4932045e-06 8.756946e-08 1.8584744e-07 7.6227906e-07 1.7100934e-05 1.449148e-07 7.5815564e-08 5.3668664e-08 5.6376383e-08 3.098183e-07 0.00077368534 8.652581e-08 1.9745012e-06 1.6354794e-07 0.07110026 0.0024281212 0.057237547 0.006465965 6.679683e-06 0.005382046 6.546461e-09 3.6352168e-07 0.00015743147 0.0030582491 1.9827803e-07 1.4417799e-05 0.010860752 2.453638e-07 1.5298596e-05 0.11869115 4.9609207e-07 7.1379026e-07 3.9627987e-05 2.8699658e-06 0.00064061885 0.00046007865 6.481844e-08 0.0027617519 0.0001065198 1.5838516e-08 9.281019e-07 4.2134902e-06
0.7292654 0.17852384 0.0006390783 0.00028957517 5.6553254e-05 0.2361199 0.13739738 0.008671764 6.114089e-05 7.5309006e-05 0.70805144 0.05394609 0.003273643 0.00035684244 0.7744342 0.0001520038 3.5676912e-05 0.68584436 0.002484528 0.97134507 1.5097683e-05 3.9007664e-05 0.0007634063 0.00045797022 4.3542757e-05 2.7892743e-06 3.2221308e-06 8.5643054e-13 2.0481373e-05 0.00030577037 2.930225e-07 0.0009327195 0.8858531 8.411914e-06 0.9115537 0.19759957 1.9372733e-06 0.43546972 0.00010428076 0.5200671 0.02480414 0.0022439987 0.15671775 0.829846 0.0029039334 0.06435243 0.28123277 1.3311999e-05 0.00031305195 0.08353528 0.20955357 0.0003432668 0.00045293957 0.07241954 0.003169686 0.000100289464 0.000994667 1.7298802e-05 6.0273584e-07 0.48315084 0.30316705 2.6238202e-05 0.001016739 0.010186245 0.10076835 0.008792018 0.01306002 0.00021861868 0.005330051 1.7963102e-05 0.08239773 0.0021390126 0.05345029 4.0897985e-06 0.0006073954 1.8940638e-05 4.3745626e-05 0.0010000352 1.7264043e-05 0.000115544586 0.0025070466 1.0775096e-06 1.9693154e-07 0.00074745435 0.00044972 5.007264e-07 0.0038664576 0.0061797397 0.00052990246 0.0038229171 7.850915e-09 0.011847748 0.028298933 1.2962037e-05 1.02869016e-07 0.00083114585 6.963374e-06 7.867344e-07 2.2149802e-09 0.0010141568 0.0036723162
0.22345686 1.7760074e-05 6.4402766e-06 4.2483498e-05 2.3650477e-05 2.1945241e-05 2.827556e-05 0.00037891263 0.0013772073 0.0008897628 3.5731985e-06 0.00032503583 0.0037133833 0.03212316 3.1553987e-05 0.064492434 0.2891972 6.6458946e-05 0.00036126713 2.9736715e-05 0.029173136 0.4364717 0.29380363 0.07631664 0.98052585 0.008927956 0.56504 2.0481373e-05 2.807565e-16 0.035094682 0.98155093 0.033547945 0.00018031611 0.041204333 1.7235945e-05 5.64673e-05 0.023488365 3.253878e-06 0.87605935 5.525943e-05 2.4291889e-05 0.025157377 2.0414951e-05 9.633799e-06 6.4403994e-06 1.5682495e-05 0.00047031342 0.08428907 5.748063e-08 4.6774875e-07 0.0001487996 0.19959758 0.23497228 4.1260737e-05 8.19832e-08 0.33891183 1.392378e-07 0.0061549363 0.019963002 2.3702863e-05 3.2152116e-06 1.4495785e-06 2.0177351e-06 0.0031894199 9.850997e-06 5.6766503e-06 4.142118e-06 2.3689664e-07 8.2498644e-08 0.00012496661 1.4936098e-05 6.301016e-07 8.880837e-06 0.0067419163 0.052209925 0.014503635 0.00712487 0.00018142418 0.0021618514 1.041731e-06 2.2158296e-05 0.00010554733 0.00097074144 2.0000712e-06 0.00070877076 0.0019314835 6.793439e-06 0.00031575738 0.22054818 1.5108513e-05 5.3916347e-06 0.00017564038 8.1797145e-05 0.0003137169 0.00022094413 2.057796e-06 0.0018460398 6.365309e-05 1.7428691e-07 4.818719e-05 4.8808055e-05
0.018811066 1.0503361e-08 4.815159e-07 9.580073e-08 5.322585e-07 1.2519766e-08 3.950594e-06 1.5335063e-08 2.1604035e-06 0.0002977671 1.3687882e-09 1.9924607e-07 1.9786057e-07 1.2012272e-06 3.0205128e-06 0.0023791424 0.0015351812 2.0666996e-06 7.619912e-07 5.962913e-05 0.00073471124 0.3529971 0.00010614784 4.46073e-06 0.0074978797 0.9977586 0.6692848 0.00030577037 0.035094682 5.8791032e-15 0.19499415 1.1088069e-06 1.2567311e-05 0.9642752 3.4016826e-05 1.2593142e-05 0.36579323 7.0831584e-07 0.006993752 1.7283729e-07 0.00010481228 6.773374e-07 2.0076111e-05 2.575515e-06 1.5938782e-06 3.511923e-07 1.0520067e-07 0.26660937 3.35901e-09 1.7300773e-06 1.1946735e-09 0.00025110258 9.073004e-05 6.6627304e-09 5.607685e-06 0.107876085 7.44802e-07 0.46726456 0.2379509 1.5921478e-06 9.168837e-08 1.9181612e-06 3.4355512e-06 8.299026e-06 3.224814e-08 5.9867807e-07 1.6193168e-07 1.3512124e-06 3.324138e-05 0.02938115 1.7670152e-08 0.0001857122 2.36282e-07 0.15885063 0.000676495 0.084597364 0.005191022 1.1628734e-06 0.017602272 1.4895109e-06 3.9383812e-07 0.0053870324 0.06961768 4.4609212e-08 1.1766326e-06 0.04607863 4.9802846e-09 2.201643e-07 0.030753024 1.3560644e-07 0.00013943826 2.0529742e-06 2.3570754e-08 0.010329543 0.0024500971 6.731212e-08 0.0061316392 0.004461803 2.511004e-06 4.397226e-08 1.1077252e-05
