1.3390087e-18 0.9910769 0.95491654 0.9655453 0.41058812 0.56824154 0.93558246 0.0948608 0.7227746 0.77314174 0.60187787 0.64331263 0.29004517 0.00542258 0.95929104 0.042091392 0.81228036 0.92749286 0.96004283 0.1550863 0.2391449 0.1988347 0.9670467 0.32255438 0.0771407 0.013336816 0.0015013214 0.00068566494 0.91936255 0.9670578 0.75690496 0.9016294 0.95514405 0.35416895 0.6318526 0.2095938 0.92203313 0.91672266 0.9691887 0.9898457 0.94521344 0.5808075 0.00010818569 0.007856421 0.00024780346 0.90886486 0.00032525472 0.9370456 0.15186267 0.97543913 0.81063646 0.008082232 0.17795411 0.79622877 0.78846747 0.9880691 0.69593316 0.9482657 0.09302788 0.916807 0.8153817 0.74504924 0.9616155 0.9384884 0.39167792 0.0024566625 0.92451257 0.99981785 0.8110717 0.96657103 0.0141044175 0.8220908 0.0026612994 0.03570389 0.9903272 0.80917156 0.18614323 0.82567644 0.015825883 0.9331511 8.69643e-05 0.11767851 5.810863e-06 0.888572 0.24330543 0.9994608 0.94058245 0.00025341735 0.76904327 0.9992611 0.9804273 0.00045915382 0.4820491 0.9999187 0.950952 0.9963246 1.8050872e-05 0.029244991 0.8715892 0.99794406 0.09043319
0.9910769 7.3039495e-14 0.9589626 0.9126724 0.5697053 0.9466457 0.18040329 0.50161564 0.062023632 0.008640688 0.4961039 0.029238973 0.63847005 0.20056112 0.81342316 0.14754072 0.008206469 0.45856136 0.19645013 0.025034772 0.0008719172 0.0008563659 0.048919257 0.0017521544 0.076512344 0.17610376 0.14441137 0.10020183 0.00039234108 0.67556906 0.0032482091 0.2530528 0.39830223 0.00014073253 2.8933098e-05 0.00041911402 0.1394946 0.0013161855 8.064151e-05 0.4817879 0.113547176 0.00022778142 0.014287766 0.014091894 0.0013502755 1.5582937e-05 0.0064887777 1.3099379e-05 0.0021590393 0.0659377 0.017792592 5.9566396e-06 8.64743e-05 0.0004489247 1.4771213e-05 0.009794212 0.00017249094 0.007606499 0.0028672875 6.2430295e-06 0.0011516828 1.2052256e-05 0.000117053176 4.0053343e-05 0.00028219627 1.0164613e-05 0.0015495992 0.057165224 0.0001731634 3.9841952e-06 2.9825283e-06 8.658784e-07 2.453398e-08 1.2782912e-06 0.0017062497 4.888674e-07 7.070127e-07 0.0023359132 2.2725554e-07 0.017679788 0.00017926899 1.6494295e-07 2.4024519e-07 0.03132201 8.720889e-07 0.0039118417 0.0022446245 1.5466455e-08 3.3256233e-06 6.597724e-05 0.0002970745 2.9095244e-07 0.00089386816 0.008168832 0.0013706802 0.012639707 6.1136694e-07 1.146787e-05 0.0005079167 0.009838056 1.422504e-08
0.95491654 0.9589626 1.2355815e-12 0.41862932 0.98753774 0.7197227 0.5428234 0.79553694 0.002648733 0.0008766816 0.03106977 0.0001561405 0.38367474 0.47248843 0.58256316 0.55352575 0.04286826 0.057912476 0.06175514 0.0012628008 0.00020926532 0.00023928405 0.02459734 0.012332404 0.01011124 0.05525397 0.40517357 0.107430205 0.00059892744 0.19080514 0.026838804 0.27638793 0.12056954 7.259809e-05 1.9358427e-05 0.002976994 0.040355977 0.01154404 4.70568e-05 0.16067156 0.19206664 0.0014823957 0.007926312 0.00088960235 0.0003886852 3.043245e-06 0.0015522363 4.213406e-06 0.011859764 0.01625417 0.005096163 0.0001727647 0.00031055888 0.0020724817 5.5283042e-05 0.027441872 0.00057622296 0.0011741308 0.00023150045 6.3106713e-06 4.7523255e-05 6.292888e-06 5.908138e-06 0.00017089743 1.5426129e-05 0.00014467971 7.868913e-05 0.044725623 9.313222e-05 1.818354e-06 6.261791e-07 3.567565e-07 5.483174e-09 1.2252289e-06 0.006912596 1.9350277e-06 7.530233e-07 0.00037279542 2.3405983e-06 0.007223583 1.526349e-05 4.4349167e-07 1.0646705e-05 0.012431161 1.9436022e-06 0.0042017116 0.005700219 1.2937398e-09 2.9180064e-06 4.825452e-05 5.9958784e-05 8.9858685e-07 0.00080110313 0.0021464091 0.00073945883 0.0037789717 2.400306e-07 4.0628856e-06 0.00031926378 0.0031455413 1.8164464e-07
0.9655453 0.9126724 0.41862932 3.102341e-14 0.021787776 0.92632836 0.0029739027 0.1380925 0.7053572 0.22110501 0.9519308 0.63751304 0.60391086 0.046242427 0.25994214 0.0023829313 0.00074576825 0.7110415 0.64645255 0.40428185 0.008784265 0.008046279 0.12094656 0.00020275438 0.31492302 0.23469216 0.018981759 0.07040977 0.002576977 0.88772696 0.00070611155 0.019419601 0.70740837 0.00058202376 0.00016997193 8.7728076e-05 0.26972607 5.4017302e-05 0.0014887556 0.36202213 0.008794843 5.039438e-05 0.013776383 0.14892565 0.012379491 0.00025522016 0.02247034 0.00013524774 5.4026215e-05 0.047376387 0.015452163 1.835905e-07 2.2413903e-06 2.5636775e-05 4.4644457e-06 0.00042230566 9.410426e-06 0.004658848 0.0150903715 7.022249e-05 0.0016901323 0.00014933327 0.00026803988 2.3555722e-06 0.0012516109 8.374105e-07 0.0010020711 0.005634011 2.2987759e-05 1.7491586e-05 0.00011595446 4.4378385e-06 8.241447e-07 2.1220298e-05 0.00023523756 1.20029e-05 1.2990636e-05 0.0013579248 3.8918702e-07 0.009956488 0.0014208771 9.822361e-09 2.3177101e-08 0.015394425 4.385304e-06 0.00054780324 0.00046642715 1.4272553e-07 1.1111872e-05 0.00018073412 0.0002587443 3.6430947e-07 3.3101016e-05 0.0030276044 9.985027e-05 0.008376083 3.3506835e-06 4.242087e-05 3.2724583e-05 0.004412238 2.1434293e-08
0.41058812 0.5697053 0.98753774 0.021787776 5.8428837e-15 0.34286007 0.7372334 0.99354833 1.9898895e-05 1.6404915e-06 9.911519e-05 2.9696895e-07 0.021178868 0.13098015 0.09622252 0.5724489 0.06310059 0.00040154177 0.000175694 2.0636755e-05 1.1448163e-06 8.6662527e-07 2.7905235e-05 0.051262558 2.237322e-06 0.00061957637 0.039349567 0.0043818494 9.143114e-06 0.0013370158 0.019252345 0.07030905 0.00091137335 2.992918e-07 5.4537534e-08 0.006212434 0.00010157262 0.007124333 9.4316255e-07 0.0025940312 0.047055308 0.00055725616 0.0004603815 8.547979e-07 8.983919e-08 4.586216e-09 9.840513e-07 5.459276e-09 0.23863026 4.298383e-05 1.2491365e-05 0.00013504009 0.00036721953 0.0007771762 3.8626153e-05 0.0028682884 0.00034512614 7.89437e-07 2.6885707e-06 1.1142236e-08 4.772559e-07 4.1140638e-08 1.2413531e-07 3.97208e-05 1.7161152e-07 0.0007379308 1.2558421e-07 0.004596259 2.2245807e-05 2.8778755e-08 7.674345e-09 3.5433804e-06 8.2417095e-10 3.9525943e-08 0.0009155566 5.0799844e-09 9.262785e-09 3.2948027e-08 5.2738947e-06 3.948031e-05 1.4626053e-06 5.278506e-07 3.9113605e-05 5.2065574e-05 2.4118228e-07 0.00044519122 0.0007835515 5.9737515e-10 2.7066676e-07 1.21285e-06 5.7996526e-06 5.7147025e-07 2.3260816e-05 1.2812406e-05 0.0002612937 3.7985697e-05 2.1915614e-08 6.516736e-07 0.00010919769 0.00019518998 6.2015526e-09
0.56824154 0.9466457 0.7197227 0.92632836 0.34286007 4.0220123e-12 0.01234947 0.8020001 0.026619524 0.005163668 0.7308416 0.028093416 0.97646594 0.87688696 0.07694614 0.28528753 0.0003679899 0.054897368 0.10790606 0.16809249 0.00026077192 0.0002803366 0.029234862 0.0002598866 0.13879119 0.45186716 0.6353622 0.50024617 0.00055385655 0.13929449 0.00067367166 0.0072704833 0.0649548 3.5889956e-05 3.5311518e-06 9.1138245e-05 0.009499441 0.0001568358 0.00024602635 0.02265117 0.004045256 1.746563e-05 0.053791728 0.0034757056 0.00073635473 6.054698e-06 0.0019480168 9.772435e-06 6.450798e-05 0.0022939811 0.00035817656 2.0518772e-07 6.542589e-06 2.0675454e-06 1.3068328e-06 0.000119300166 1.3692115e-05 2.8086146e-05 0.0003551774 2.2400782e-06 1.8663517e-05 9.783699e-06 6.691938e-06 2.1604035e-06 1.6176748e-05 1.0063058e-05 9.087496e-06 0.00077406206 2.200857e-06 2.497856e-06 6.4418833e-07 1.6926275e-06 7.44148e-09 3.3645793e-07 7.470386e-05 1.4753219e-07 1.5559577e-07 3.9772976e-06 1.8560532e-07 0.00021923459 4.2277694e-05 5.46061e-09 1.2471926e-07 0.0004354062 2.1413035e-07 0.00011515714 0.00017811648 2.156305e-08 6.658602e-07 8.944211e-06 2.1124368e-05 5.260967e-07 1.6654834e-06 7.5051976e-05 8.6091795e-06 0.0002890851 1.992668e-07 4.6745245e-06 7.037136e-06 0.00017559552 6.3354975e-08
0.93558246 0.18040329 0.5428234 0.0029739027 0.7372334 0.01234947 1.0548737e-15 0.2034232 0.0007297181 0.000111056164 0.00054996845 6.8046625e-06 0.0036134676 0.03102242 0.8838096 0.2397637 0.98706067 0.025120448 0.0012940343 7.055673e-05 5.6517507e-05 6.420294e-05 6.131998e-05 0.3527489 2.8285216e-05 0.00015917546 0.011890903 0.0010649223 3.5030193e-05 0.034238983 0.22091982 0.860635 0.007503967 3.2893527e-06 1.2841292e-06 0.019969257 0.0039187684 0.03591107 1.1327052e-06 0.13172494 0.7658797 0.0064125815 0.00014332455 2.2309056e-05 6.398354e-06 3.3908512e-07 1.5328913e-05 6.532217e-07 0.5357313 0.00041633972 0.0066809286 0.030580554 0.002595178 0.007844468 0.00076279143 0.1308712 0.021592796 0.00091478805 1.2552148e-05 5.1508385e-07 0.00024148692 1.3419157e-05 4.228056e-05 0.001419849 2.5611334e-07 0.0006236788 6.92424e-05 0.11401684 0.00015123989 1.06351045e-07 3.5107462e-08 8.473289e-06 4.1978158e-08 1.4276236e-06 0.011465394 5.5210826e-08 2.6761396e-07 0.00015184502 1.2465607e-06 0.005381802 3.5620033e-05 3.3402654e-07 2.7762717e-05 0.016537935 9.281028e-07 0.00087478163 0.0028038989 8.052253e-09 2.043256e-05 7.899055e-05 0.0005719583 2.8129406e-07 0.0010876128 0.009694587 0.00057929725 0.004006383 2.2100207e-06 4.4362137e-06 0.00023648301 0.0012234345 6.611644e-07
0.0948608 0.50161564 0.79553694 0.1380925 0.99354833 0.8020001 0.2034232 2.3363968e-15 0.00080240215 0.00018186904 0.005976608 0.000118483 0.10988177 0.7749245 0.06460196 0.9855071 0.010118421 0.004532211 0.0022817506 0.0006197945 0.00018872255 0.00016274457 0.0004225063 0.0068700253 0.00017973049 0.00714652 0.22775269 0.03550314 0.00018141449 0.00417367 0.0026807094 0.021522157 0.002881832 1.3823226e-05 1.1527998e-06 0.000449502 0.0013978375 0.00065881864 0.0001642132 0.0036196553 0.010034812 0.00025447254 0.0034837949 4.2917105e-05 5.9381896e-06 3.9542388e-06 6.423112e-05 9.592118e-07 0.027661685 0.00023001301 4.31046e-05 5.5677912e-05 0.000104792394 0.00023320688 5.9039736e-05 0.000618514 0.00020266951 6.843515e-06 0.00018065295 2.7929689e-06 7.9964475e-06 1.8049864e-06 1.1459551e-05 0.00022157612 4.1792814e-06 0.00051238923 4.280827e-06 0.0010135414 1.2773231e-05 6.9577586e-06 9.575762e-08 9.3323455e-05 2.5348754e-09 6.678103e-08 0.0004702369 2.6786697e-07 4.1621246e-07 1.1348099e-07 1.23173995e-05 0.00016045816 2.6497612e-05 6.6079815e-07 1.3216644e-05 0.00019769148 4.8225894e-07 0.00026016508 0.00019614854 1.9997972e-09 8.241734e-08 0.00033740632 0.00021643114 5.8076557e-06 2.8338854e-06 8.9656845e-05 2.4907897e-05 0.00031436415 2.1557489e-07 1.0176751e-06 4.462592e-05 0.00015844245 1.5770864e-07
0.7227746 0.062023632 0.002648733 0.7053572 1.9898895e-05 0.026619524 0.0007297181 0.00080240215 3.9857622e-15 0.99017924 0.43774498 0.9180968 0.032365657 0.0005709373 0.0111372825 1.5076991e-05 7.2645045e-05 0.62688255 0.7309482 0.26297584 0.7497765 0.6996435 0.5130819 1.553907e-05 0.14141162 0.014348997 0.00032841339 0.002721982 0.08188902 0.6633257 1.637218e-05 0.00084821234 0.5645228 0.05832809 0.020209227 5.499574e-06 0.20154329 9.102411e-07 0.027020266 0.0217283 0.0002959194 3.931077e-06 0.0012963101 0.25253385 0.011009849 0.006238953 0.020596528 0.0004304668 9.71525e-06 0.079263285 0.006862583 3.3108147e-09 7.9442924e-07 1.7946038e-06 2.4716041e-07 1.13861915e-05 2.3431262e-06 0.0027308187 0.14765744 0.00015638147 0.005228678 0.00037527148 0.00074470503 1.412819e-07 0.0062204488 9.545806e-07 0.0018349363 0.0006246293 2.8043027e-07 5.2707474e-06 0.001283816 2.5655729e-07 2.6408206e-05 1.6545789e-06 0.00012414604 4.0604295e-06 4.7394515e-06 0.00096878724 3.5766725e-08 0.0057106526 0.0073458306 1.582009e-09 1.455744e-07 0.005006599 2.3197538e-06 0.00028510854 0.00014255312 6.044679e-07 2.4128167e-07 6.3343046e-05 7.142527e-05 8.580842e-08 5.5263567e-06 0.0011708478 2.6464945e-06 0.0036299569 3.6424837e-05 7.779017e-05 8.300768e-06 0.004620662 8.449963e-09
0.77314174 0.008640688 0.0008766816 0.22110501 1.6404915e-06 0.005163668 0.000111056164 0.00018186904 0.99017924 5.866418e-17 0.08396471 0.31899214 0.007447655 9.471529e-05 0.0069577717 1.3115298e-06 2.4130492e-05 0.8365956 0.8760627 0.07502241 0.5875651 0.58738774 0.89103556 1.5879701e-06 0.021798037 0.0027141098 2.5469335e-05 0.0007096592 0.04587304 0.6057415 2.1010037e-06 0.0006510733 0.6599201 0.047719833 0.045636177 2.1005628e-06 0.24558313 1.1232353e-07 0.020549657 0.021995284 7.677179e-05 8.50198e-07 0.00016584985 0.058267113 0.0034720483 0.0073315958 0.002975758 0.0025561182 2.314627e-06 0.22971846 0.014362536 5.5755267e-09 1.8673539e-07 1.175936e-06 1.714857e-07 8.70636e-06 1.0517734e-06 0.006919768 0.11496617 0.00033600468 0.010253132 0.001195984 0.002681323 2.60777e-07 0.012580623 4.0927736e-07 0.005589999 0.0011380034 2.9063048e-07 1.3440135e-05 0.0016062099 7.532557e-06 8.9980545e-05 2.467217e-05 2.6645905e-05 6.459068e-06 2.2131624e-05 0.0032911901 5.1116924e-08 0.018867785 0.0046752114 1.192161e-08 1.3600261e-07 0.011088721 2.1630494e-05 0.0003528018 8.731808e-05 2.62745e-06 3.2741768e-06 0.00046834425 0.00065015844 6.9978947e-09 2.1154889e-05 0.0024950015 3.890594e-05 0.0062153707 3.972978e-05 0.0003073201 1.447507e-05 0.0063758814 3.5159598e-08
0.60187787 0.4961039 0.03106977 0.9519308 9.911519e-05 0.7308416 0.00054996845 0.005976608 0.43774498 0.08396471 2.1682775e-12 0.7595872 0.8866756 0.021163272 0.0085102795 0.00029239012 0.00017912645 0.09256915 0.4043224 0.90097815 0.005386853 0.0050860257 0.12068335 3.7745664e-05 0.9733936 0.7002517 0.10305429 0.41687393 0.0139741115 0.41509023 0.00017031479 0.0005081892 0.20131864 0.0007668757 0.00021457265 1.6143213e-05 0.019796275 3.54005e-06 0.004554043 0.011455585 0.0004320492 4.0729333e-06 0.15572295 0.22848503 0.033469975 0.0006650067 0.09764655 0.000119947355 8.749351e-06 0.010883225 0.00031695695 2.7930112e-08 1.9401277e-06 3.6988583e-06 1.7528957e-07 5.5707653e-05 3.2724678e-05 9.3360584e-05 0.049740024 4.0110946e-05 2.9077657e-05 0.00016367302 1.7249593e-05 1.2198483e-06 0.000148459 2.7612472e-07 1.6001355e-05 0.0003315714 3.5689496e-07 1.039582e-05 2.64967e-05 1.1061638e-05 1.1309862e-07 4.973133e-07 0.00016797728 3.530682e-07 5.3626127e-07 2.5459099e-06 6.019462e-08 0.0005624747 0.0031052441 2.7308293e-09 9.3330135e-09 0.00032325336 3.451233e-07 6.824644e-05 0.00014290647 2.5105393e-08 4.7617236e-06 6.70979e-05 9.4389674e-05 3.3662835e-07 6.358074e-06 5.7053636e-05 1.0500713e-05 0.00039193642 2.9037656e-06 1.2355082e-05 9.955946e-06 0.00054635876 1.0162208e-07
0.64331263 0.029238973 0.0001561405 0.63751304 2.9696895e-07 0.028093416 6.8046625e-06 0.000118483 0.9180968 0.31899214 0.7595872 4.2091456e-15 0.031033877 1.2105949e-05 0.0014116003 3.272964e-07 1.3854338e-06 0.15496695 0.627248 0.99406165 0.13690026 0.13029961 0.2591797 2.6736664e-06 0.17913546 0.014247763 2.5691688e-06 0.0014617973 0.031410653 0.5648099 1.1080491e-06 0.000117096715 0.387791 0.0038771157 0.0015451617 6.8307577e-07 0.052823488 3.4484547e-08 0.013786898 0.0029968086 1.1369059e-05 1.3451368e-07 0.0011760421 0.13687286 0.007907815 0.010156227 0.006687571 0.000111162444 1.7224984e-07 0.02282229 0.0008583098 6.1201786e-09 7.148424e-08 2.6266042e-07 1.8276568e-08 3.5201133e-06 2.2698275e-06 0.00013340308 0.10908044 4.8225073e-05 7.824247e-05 0.00025060857 9.003008e-05 1.4615524e-08 0.00072097697 6.267341e-07 1.613561e-05 0.0001180829 2.5668175e-08 9.978045e-06 0.0005119518 2.400802e-06 2.2283784e-06 1.6297972e-06 4.7942234e-05 3.3787996e-06 7.572657e-07 7.727986e-06 5.8596676e-08 0.0006605522 0.00372172 5.3804e-10 9.555743e-09 0.00055950286 8.259229e-07 2.0818197e-05 7.2055004e-06 2.7086703e-08 8.90542e-07 0.00010089825 4.3513737e-05 2.4094712e-07 9.175412e-07 2.245409e-05 3.3070157e-07 0.00030450887 3.0172092e-05 1.6621472e-05 2.7111034e-07 0.0003148433 2.1923475e-08
0.29004517 0.63847005 0.38367474 0.60391086 0.021178868 0.97646594 0.0036134676 0.10988177 0.032365657 0.007447655 0.8866756 0.031033877 4.4716607e-13 0.5388398 0.010429047 0.073334575 0.00063626876 0.015113179 0.058259256 0.43515706 0.0003863157 0.00036290614 0.011384218 0.00054508244 0.7005111 0.94814456 0.894478 0.8309638 0.0015904391 0.05404796 0.00039468153 0.0011129038 0.029437756 0.00025484097 0.00011133559 0.00010145481 0.004473268 5.0497434e-05 0.0005222777 0.004382087 0.0015619516 3.280029e-05 0.6252983 0.016031928 0.006468503 2.5933483e-05 0.038533796 3.4452747e-05 5.054547e-05 0.0031348485 7.403851e-05 2.1988733e-07 5.6147303e-05 3.949053e-06 3.0489766e-06 0.00016049137 7.612424e-05 1.9598336e-05 0.003311406 1.1782523e-05 2.5979574e-05 2.6256277e-05 1.2271414e-05 4.476989e-06 2.4246498e-05 1.2991454e-05 6.660301e-06 0.0008717414 1.8425009e-06 1.9626277e-05 3.2621335e-06 3.2439617e-05 8.119391e-08 8.042922e-07 0.00029590077 6.5817113e-07 1.8128823e-06 3.1074714e-07 3.3511904e-07 0.00029053338 0.00019034954 4.5842747e-09 4.111614e-07 0.0002844022 2.5034805e-07 0.00026993896 0.0003276354 4.479848e-09 9.987837e-07 4.1696298e-05 0.00011241618 3.6746738e-07 4.174983e-06 0.00021487652 2.6570056e-05 0.00060497667 1.6972294e-06 8.1762033e-07 4.285216e-05 0.00037683293 3.0561452e-07
0.00542258 0.20056112 0.47248843 0.046242427 0.13098015 0.87688696 0.03102242 0.7749245 0.0005709373 9.471529e-05 0.021163272 1.2105949e-05 0.5388398 3.9314582e-16 0.0069731097 0.9988779 0.0017161367 0.0016309059 0.00060678896 0.0007760438 2.0904023e-05 1.3287875e-05 8.9167996e-05 0.0026963176 0.002551031 0.18605861 0.90708405 0.045431778 0.00014581597 0.0009968291 0.0003381698 0.001156812 0.00065010914 4.5684083e-06 3.3731847e-06 9.2239556e-05 0.0001982547 3.199781e-05 0.00019648591 0.0003029358 0.00048281514 6.619651e-05 0.012110828 3.902476e-06 8.9471105e-06 3.7804116e-06 4.5027766e-05 7.2051466e-07 0.0034334392 8.63003e-05 2.5585618e-06 6.2817176e-06 1.782615e-05 2.225058e-05 1.5248751e-05 6.644792e-05 3.5855333e-05 9.273132e-06 5.4223856e-05 6.394447e-07 3.4877603e-06 1.9057875e-06 8.7722714e-07 1.5962092e-05 2.8659915e-06 1.4928193e-05 8.9098035e-07 0.0004178515 5.600318e-07 2.0434332e-07 6.5213776e-08 1.0479274e-05 3.6945869e-09 9.658743e-09 0.00048951845 3.9817035e-08 8.742827e-08 1.4924834e-07 9.411409e-07 6.929744e-05 3.493616e-06 7.1338064e-09 5.3138774e-07 8.4993786e-05 4.1175787e-07 5.211182e-05 8.184045e-05 1.8604533e-09 9.719345e-08 0.00014839954 0.00010451364 4.6053803e-08 2.1747731e-07 6.248417e-05 3.3534363e-06 0.00010762835 2.3921456e-07 2.1550584e-07 3.7205893e-07 1.5706115e-05 4.7567937e-08
0.95929104 0.81342316 0.58256316 0.25994214 0.09622252 0.07694614 0.8838096 0.06460196 0.0111372825 0.0069577717 0.0085102795 0.0014116003 0.010429047 0.0069731097 2.0930707e-15 0.008388082 0.53406626 0.31161577 0.018917132 0.00029459767 0.0013507797 0.0010637754 0.002777939 0.012399411 0.00043022382 0.00068797974 0.0024959082 0.00075725344 0.00011880311 0.14378366 0.067157924 0.9564055 0.03594482 2.3647814e-05 1.8202392e-05 0.0047225254 0.10592634 0.04039954 5.579333e-06 0.96029544 0.30887878 0.011169234 7.425361e-05 0.0009432705 6.635597e-05 1.2924697e-07 8.474669e-05 7.352432e-06 0.0015405422 0.012279118 0.21504559 1.6005613e-05 8.3847495e-05 0.03833823 0.00022998123 0.024766333 0.010466036 0.025936594 1.2023625e-05 9.849574e-07 0.002845007 1.2100829e-06 0.00032465075 0.0011400488 2.0548772e-05 0.00019743167 0.0014394238 0.34488 0.0002745316 2.4140838e-06 1.1973779e-07 7.9371624e-08 1.7542979e-08 7.9108304e-07 0.007373364 7.8059566e-07 6.3454473e-07 0.0059566777 2.0615066e-06 0.028579215 3.0277446e-05 1.3007292e-06 5.571171e-06 0.09192665 7.7063845e-08 0.020918338 0.004429801 2.386916e-07 7.3100733e-07 2.975924e-05 1.68634e-05 2.4028634e-06 0.0044094445 0.05624305 0.0009297666 0.028070334 7.891649e-08 7.645155e-07 0.0004189268 0.011990264 1.7350167e-09
0.042091392 0.14754072 0.55352575 0.0023829313 0.5724489 0.28528753 0.2397637 0.9855071 1.5076991e-05 1.3115298e-06 0.00029239012 3.272964e-07 0.073334575 0.9988779 0.008388082 2.2555483e-14 0.009018004 8.2975836e-05 7.144115e-05 9.581197e-06 5.1560824e-07 4.2022197e-07 2.1948843e-05 0.0121058235 2.3841856e-05 0.012073229 0.303393 0.010404827 1.1616968e-05 0.00019332184 0.0022565895 0.0033507014 0.00040121257 1.3992907e-07 2.3280636e-07 0.00036755466 4.323461e-05 0.00012373766 1.5046489e-06 6.0129936e-05 0.0010207546 4.0168634e-05 0.005509008 6.289099e-07 1.5841879e-07 1.4792019e-07 1.2980878e-05 4.2365127e-08 0.02106901 3.2796e-05 2.6401694e-06 0.00010661168 0.00013987737 3.549501e-05 1.3328118e-05 9.8495264e-05 2.5936746e-05 5.2087074e-07 7.902532e-06 1.7278577e-08 4.2932453e-07 5.4157914e-07 9.826906e-07 3.0462822e-06 2.140594e-06 0.00031090266 6.494736e-07 0.0033463903 2.899948e-05 9.4079894e-07 6.87051e-08 4.560651e-06 8.12309e-09 1.9072894e-08 0.00057749083 2.3514637e-07 5.0274732e-08 4.8025306e-08 8.684757e-06 9.755474e-05 1.1283914e-06 3.4169832e-07 5.0131366e-05 4.809129e-05 1.477631e-07 0.00027714242 0.00043021908 5.6913643e-09 9.870086e-08 3.6709294e-05 2.2227676e-05 6.905677e-07 4.3724145e-07 3.162542e-05 5.354883e-06 8.99061e-05 1.2666524e-08 7.9065465e-09 2.8006437e-07 6.920709e-05 3.0092744e-09
0.81228036 0.008206469 0.04286826 0.00074576825 0.06310059 0.0003679899 0.98706067 0.010118421 7.2645045e-05 2.4130492e-05 0.00017912645 1.3854338e-06 0.00063626876 0.0017161367 0.53406626 0.009018004 1.0982967e-13 0.0006632125 0.00011739404 9.868543e-06 2.9137062e-05 3.1721927e-05 1.4434309e-05 0.9657401 2.3234235e-05 1.5302478e-05 0.00031204923 4.3725435e-05 7.1717236e-06 0.0014292911 0.7106475 0.76502925 0.00023007466 7.332266e-06 4.1376607e-06 0.5070621 0.00040817854 0.26722476 2.5367e-06 0.013743529 0.7135666 0.21844198 4.4447847e-06 4.462543e-06 3.5909468e-07 8.3981945e-07 7.2436944e-07 1.0226802e-07 0.4756054 7.10651e-05 0.0006582628 0.013899959 0.052932885 0.07573646 0.010113598 0.23241115 0.036200352 0.00018366834 3.7952166e-05 1.0607042e-06 3.8114882e-05 2.5208328e-07 1.6437012e-05 0.00444874 8.60393e-07 0.0035442766 1.5685024e-05 0.07159335 0.0019831767 3.6114227e-07 1.1617865e-07 1.8026376e-05 3.659801e-08 1.6083167e-06 0.024461687 2.2272852e-07 3.0911663e-06 2.9595989e-05 1.9206167e-05 0.001114971 6.7221667e-06 7.751694e-06 2.294483e-05 0.0032376428 7.2260104e-07 0.005185255 0.007328666 7.9932025e-09 1.8268413e-06 0.00014526772 0.00011956201 5.290773e-07 0.0019396544 0.0028883324 0.001714674 0.0016067056 2.2637452e-07 5.9806553e-06 0.00096068584 0.00012330392 1.6791239e-08
0.92749286 0.45856136 0.057912476 0.7110415 0.00040154177 0.054897368 0.025120448 0.004532211 0.62688255 0.8365956 0.09256915 0.15496695 0.015113179 0.0016309059 0.31161577 8.2975836e-05 0.0006632125 5.3216245e-17 0.9404718 0.03410643 0.43748483 0.3805619 0.45630977 4.7419537e-05 0.011252745 0.002948692 0.00034441712 0.0011919163 0.03375854 0.9217914 3.681735e-05 0.012055655 0.92939967 0.024715811 0.04253811 6.2368763e-06 0.85583436 6.3775497e-06 0.006927616 0.51889414 0.0017559334 1.4922493e-06 8.130352e-05 0.013584637 0.00071210414 0.00089627743 0.0011994735 0.0017379457 2.9355955e-05 0.34728175 0.31068262 6.737866e-08 3.7896196e-08 2.6437006e-05 6.2425585e-08 3.8128368e-05 5.0424164e-06 0.055065524 0.010878416 8.3053725e-05 0.03421985 5.0110906e-05 0.00064631534 5.4523905e-08 0.0021964684 1.5649917e-06 0.017513888 0.012850746 1.1529746e-06 6.8999984e-06 0.00042172874 4.97135e-07 4.2005737e-05 7.668138e-06 0.00011781946 1.2579567e-05 2.286606e-05 0.013790303 3.0390396e-08 0.047282252 0.00055241305 3.9042116e-09 4.5492203e-07 0.042660873 1.3641824e-06 0.0014065303 0.00015168016 3.5396654e-06 4.828448e-07 8.347196e-05 5.1221967e-05 6.9162375e-08 0.00012993753 0.01710312 7.0857304e-06 0.02470705 2.1269025e-05 2.7618926e-05 3.7344591e-06 0.019916272 8.547809e-09
0.96004283 0.19645013 0.06175514 0.64645255 0.000175694 0.10790606 0.0012940343 0.0022817506 0.7309482 0.8760627 0.4043224 0.627248 0.058259256 0.00060678896 0.018917132 7.144115e-05 0.00011739404 0.9404718 4.7410006e-14 0.26368305 0.5743303 0.5380504 0.9063527 3.0572883e-05 0.074182816 0.006432433 9.886861e-05 0.00035665272 0.26631576 0.5898406 1.8264617e-06 0.0007092332 0.8374892 0.08238112 0.16011526 5.155554e-06 0.44033197 4.402832e-08 0.18366602 0.04028607 2.2389515e-05 6.262902e-07 4.3619606e-05 0.07651411 0.0032866532 0.06085037 0.0022760425 0.008154413 3.665039e-05 0.4899063 0.041650556 5.4972435e-07 9.148225e-08 4.418621e-07 4.2654833e-08 3.683108e-07 3.298159e-07 0.022393089 0.37319624 0.00035069615 0.043786492 0.0003363931 0.0028067618 2.5741063e-09 0.037007846 5.823726e-07 0.012623084 0.0008152737 6.583877e-07 4.7205755e-05 0.001036614 5.36359e-05 0.00017084625 1.5024143e-05 1.401743e-05 0.000110453475 0.00023964696 0.006425618 4.6991882e-08 0.035373516 0.00035020287 4.0302642e-10 1.4921383e-06 0.02197612 4.2471063e-05 7.5840406e-05 2.318379e-05 1.7483104e-06 6.07281e-06 0.00039940243 0.00017235988 2.522776e-07 2.8548933e-05 0.005898312 1.8180062e-07 0.016724113 5.053795e-05 0.0001393561 9.314753e-08 0.016496278 6.419689e-07
0.1550863 0.025034772 0.0012628008 0.40428185 2.0636755e-05 0.16809249 7.055673e-05 0.0006197945 0.26297584 0.07502241 0.90097815 0.99406165 0.43515706 0.0007760438 0.00029459767 9.581197e-06 9.868543e-06 0.03410643 0.26368305 3.1809405e-15 0.189869 0.21872278 0.10028065 0.00014122379 0.9202051 0.54639333 0.000388592 0.039992884 0.08244929 0.16980962 4.8516984e-05 2.4187422e-05 0.11709765 0.016923372 0.00920336 1.9640096e-05 0.0072546466 3.021919e-06 0.23576374 0.00051416684 9.3275674e-05 2.2546446e-05 0.12526646 0.90902877 0.23897219 0.2765304 0.2390563 0.003711769 7.9105513e-07 0.004437911 4.1554733e-05 3.246117e-08 3.4535315e-05 5.0754934e-06 2.935188e-06 1.9766745e-05 0.00013058588 2.7953422e-05 0.4789 0.0011627765 7.5315475e-05 0.013234292 0.00031109247 1.7204775e-05 0.04944561 9.63936e-06 3.0763193e-05 9.293118e-05 2.4714464e-07 0.00037200822 0.010237947 0.002905723 0.0016912256 8.884433e-05 0.00017223204 0.00021257071 3.530773e-05 2.2586228e-06 1.3727703e-07 0.00019497992 0.04116755 6.6321576e-10 3.1113234e-07 0.00013071757 7.989241e-05 2.6438696e-05 1.500218e-05 7.303785e-06 5.8385405e-05 0.0015009936 0.0008656069 1.0555809e-06 3.430825e-07 0.00010369388 3.338829e-07 0.00021948875 0.0017182314 0.0027373605 1.3507223e-05 0.0003215635 1.1150246e-05
0.2391449 0.0008719172 0.00020926532 0.008784265 1.1448163e-06 0.00026077192 5.6517507e-05 0.00018872255 0.7497765 0.5875651 0.005386853 0.13690026 0.0003863157 2.0904023e-05 0.0013507797 5.1560824e-07 2.9137062e-05 0.43748483 0.5743303 0.189869 2.3322271e-17 0.99452835 0.78470045 1.3854478e-05 0.0034435012 0.0004403614 2.68092e-06 1.7784532e-05 0.8595194 0.10433583 1.0211522e-05 5.9534974e-05 0.20194107 0.6247737 0.36197615 1.1145229e-05 0.081126705 6.8670795e-07 0.5490183 0.005958718 0.000117349715 6.9955363e-06 2.801034e-05 0.029558992 0.0018653634 0.17250513 0.00040295615 0.051614113 9.815292e-07 0.14474279 0.004860227 1.7501971e-08 6.5117973e-07 9.593936e-06 5.6007775e-07 7.5283406e-06 1.099412e-05 0.00306603 0.10237477 0.0024443194 0.042612284 0.015035984 0.00885108 3.2217097e-06 0.047489204 6.2151266e-06 0.00974315 0.00059452455 2.3408512e-07 0.00043551755 0.0054432973 0.00043791058 0.0013789716 0.00017535653 8.422369e-05 0.00019535197 7.5372955e-05 0.0031895326 4.4686263e-07 0.011304947 0.0031927386 5.9813705e-09 5.7412075e-07 0.0028363145 8.9045454e-05 0.00024787604 6.689728e-05 9.8399316e-05 3.2393723e-06 0.0010322295 0.00056593673 1.6874337e-07 3.5963618e-07 0.00045188205 6.1352594e-06 0.0020422735 0.00068988773 0.00037291026 8.291551e-06 0.001994069 2.1723915e-07
0.1988347 0.0008563659 0.00023928405 0.008046279 8.6662527e-07 0.0002803366 6.420294e-05 0.00016274457 0.6996435 0.58738774 0.0050860257 0.13029961 0.00036290614 1.3287875e-05 0.0010637754 4.2022197e-07 3.1721927e-05 0.3805619 0.5380504 0.21872278 0.99452835 4.0740568e-17 0.78037727 1.1790887e-05 0.003460703 0.00038234057 2.8174097e-06 1.2228027e-05 0.95160073 0.082960494 9.065926e-06 7.176276e-05 0.17654665 0.7127491 0.43265238 9.520663e-06 0.071413994 8.8584767e-07 0.69570994 0.0047635157 0.00015669977 7.836205e-06 2.2990347e-05 0.025985524 0.0017345009 0.24349141 0.00025636813 0.10320485 2.8271054e-07 0.14402291 0.0048183748 7.9439895e-09 6.841835e-07 1.6060307e-05 2.724722e-07 1.2383392e-05 8.069963e-06 0.00322807 0.11185501 0.0035996805 0.050019786 0.022589903 0.012720631 2.981348e-06 0.06584228 6.332326e-06 0.011345833 0.00045914005 1.3546064e-07 0.0007071763 0.007972034 0.00078676187 0.0017008113 0.00026021944 0.00012519529 0.00039604888 0.00011436095 0.0035412812 4.73202e-07 0.011206958 0.003889795 4.8323083e-09 2.2731861e-07 0.0027079603 0.00021354866 0.00019461413 6.825438e-05 0.00013632695 7.184627e-06 0.0015831889 0.0010061346 2.9544438e-07 1.298884e-07 0.00047155947 2.873707e-06 0.002159211 0.00083005265 0.00081250235 3.5148469e-06 0.0019498996 2.983218e-07
0.9670467 0.048919257 0.02459734 0.12094656 2.7905235e-05 0.029234862 6.131998e-05 0.0004225063 0.5130819 0.89103556 0.12068335 0.2591797 0.011384218 8.9167996e-05 0.002777939 2.1948843e-05 1.4434309e-05 0.45630977 0.9063527 0.10028065 0.78470045 0.78037727 9.771332e-16 5.9486133e-06 0.0061552827 0.00013775344 2.762172e-05 5.7509504e-05 0.6427684 0.31088728 4.652427e-07 5.851484e-05 0.72575676 0.61170036 0.76620644 2.3518528e-06 0.36511162 1.3464016e-08 0.51588583 0.013681596 1.324441e-06 1.5247848e-07 9.120915e-06 0.01595785 0.00036353245 0.17768598 0.00011829581 0.39081758 1.1017809e-05 0.8901872 0.031943437 4.028808e-08 5.3913155e-08 1.2248194e-07 2.6581294e-08 6.756201e-07 8.295671e-08 0.031554777 0.4183952 0.013852848 0.31911248 0.00842347 0.11082561 1.1779725e-09 0.17519951 1.0200717e-07 0.07708565 0.0003607822 2.6299955e-07 0.00068539527 0.008224912 0.013072605 0.0009391984 0.0002909712 6.6988664e-06 0.0011835947 0.0017449791 0.019992474 1.2181159e-08 0.15079975 0.00091144815 3.4389466e-10 9.906259e-08 0.06613009 0.000887787 4.665054e-05 8.903726e-06 0.00019314695 8.3430656e-05 0.0037482567 0.0034546666 9.967554e-08 1.7870952e-05 0.010442488 1.0438717e-07 0.032642752 5.755115e-05 0.0014156089 1.1860628e-07 0.06987424 3.6315143e-06
0.32255438 0.0017521544 0.012332404 0.00020275438 0.051262558 0.0002598866 0.3527489 0.0068700253 1.553907e-05 1.5879701e-06 3.7745664e-05 2.6736664e-06 0.00054508244 0.0026963176 0.012399411 0.0121058235 0.9657401 4.7419537e-05 3.0572883e-05 0.00014122379 1.3854478e-05 1.1790887e-05 5.9486133e-06 1.363576e-14 1.6343492e-05 5.2320873e-05 0.00023985821 5.4015138e-05 1.9063631e-05 0.00038003924 0.44363442 0.11772945 0.00010480329 7.88624e-06 7.973127e-07 0.97488475 2.9477005e-05 0.09427826 4.7306883e-05 0.00050282007 0.20387743 0.2590925 0.00016747469 3.2576678e-05 2.0952252e-06 2.2748563e-05 8.554346e-06 2.6229696e-07 0.96332216 3.7529295e-05 7.3660754e-06 0.6631845 0.66757077 0.007629162 0.018387897 0.06726554 0.003773843 9.228668e-06 6.8238885e-05 1.4224177e-07 2.9486946e-06 1.7448075e-06 2.0079299e-06 0.00063877035 3.9019047e-05 0.08614207 1.6146976e-06 0.0039346274 0.0029643828 1.308446e-07 3.11617e-07 0.004318352 4.3554715e-09 2.4570403e-07 0.0099905105 1.8798956e-07 1.10171165e-07 8.004435e-08 6.7595684e-06 0.0001384145 4.8993224e-06 8.4064953e-07 0.0022080997 0.00040713354 1.9018895e-06 0.00035547817 0.0005750734 6.419672e-08 3.0267613e-06 2.1018364e-05 0.00013296146 2.1478649e-05 7.3822615e-05 0.0003578068 7.1772905e-05 0.0006403241 4.9585987e-07 9.5073386e-07 7.342093e-05 0.00014843068 2.7273788e-07
0.0771407 0.076512344 0.01011124 0.31492302 2.237322e-06 0.13879119 2.8285216e-05 0.00017973049 0.14141162 0.021798037 0.9733936 0.17913546 0.7005111 0.002551031 0.00043022382 2.3841856e-05 2.3234235e-05 0.011252745 0.074182816 0.9202051 0.0034435012 0.003460703 0.0061552827 1.6343492e-05 1.9098182e-13 0.9785839 0.19727896 0.5282008 0.00653842 0.06499781 3.8566814e-05 1.4845949e-05 0.025342038 0.00031367835 4.6962785e-05 1.2408667e-05 0.0010788346 1.4506656e-06 0.0024980397 0.000628327 2.1195681e-05 1.4450534e-05 0.80826116 0.7566581 0.19567971 0.0022417058 0.5725441 1.8859295e-05 1.3028706e-06 0.00035770307 2.2517244e-05 7.3908684e-09 1.2562483e-05 1.7892344e-06 6.70638e-07 1.63222e-05 7.277229e-05 6.429415e-06 0.15670273 2.8708637e-06 1.0806169e-05 2.5443456e-05 4.1042395e-06 2.0616287e-06 0.00012891294 2.2727886e-06 1.5700085e-06 0.00036771872 1.5609932e-07 1.9250424e-06 4.1620693e-05 0.0026433908 5.590691e-07 1.6987946e-07 0.0001262776 7.8056877e-07 1.004885e-06 2.2184199e-07 7.5077914e-08 5.6628705e-05 0.010042251 1.0704511e-09 4.7899977e-08 9.779646e-05 7.495355e-07 0.00013052212 0.00010846308 3.631826e-08 9.114319e-07 2.9264522e-05 6.268005e-05 1.811758e-07 7.1166824e-07 7.116765e-05 4.600315e-06 0.0002631801 0.00012776125 3.2484272e-06 1.24269645e-05 0.00016394624 2.3390838e-07
0.013336816 0.17610376 0.05525397 0.23469216 0.00061957637 0.45186716 0.00015917546 0.00714652 0.014348997 0.0027141098 0.7002517 0.014247763 0.94814456 0.18605861 0.00068797974 0.012073229 1.5302478e-05 0.002948692 0.006432433 0.54639333 0.0004403614 0.00038234057 0.00013775344 5.2320873e-05 0.9785839 1.7033235e-15 0.89180404 0.8750844 0.0007161178 0.0044379616 1.2575356e-05 1.4360521e-05 0.0024118093 0.000107663356 6.7405526e-06 3.4399905e-06 0.00037384054 3.2313717e-06 0.00038086867 0.0005560975 6.753554e-05 9.96553e-06 0.9598409 0.059856072 0.041778006 2.3260196e-05 0.2464801 4.5811043e-06 1.3590765e-06 4.4567736e-05 2.2737208e-06 5.079849e-09 6.3654697e-06 1.8637808e-06 7.81842e-07 2.0097374e-05 4.509943e-06 3.9618594e-06 0.005022906 2.210495e-06 8.795087e-06 5.6497e-06 3.6730953e-06 2.7688034e-06 1.5174476e-05 3.4736092e-06 9.640789e-07 0.00050465803 1.9597978e-07 9.1428046e-07 1.33598e-06 0.00034826715 6.580792e-08 2.8052696e-08 9.560191e-05 2.0104983e-07 3.0502227e-07 1.5682502e-08 2.1122695e-07 1.2575632e-05 0.0009674015 2.854785e-10 4.3610123e-07 3.1822343e-05 3.0791117e-08 8.0249476e-05 9.1067865e-05 1.3868562e-08 5.149141e-08 7.665565e-06 3.4800407e-05 3.7629496e-07 2.8388664e-07 4.214855e-05 1.92778e-06 7.459586e-05 1.789005e-05 1.4812996e-07 1.0429722e-05 4.7143443e-05 4.8789882e-08
0.0015013214 0.14441137 0.40517357 0.018981759 0.039349567 0.6353622 0.011890903 0.22775269 0.00032841339 2.5469335e-05 0.10305429 2.5691688e-06 0.894478 0.90708405 0.0024959082 0.303393 0.00031204923 0.00034441712 9.886861e-05 0.000388592 2.68092e-06 2.8174097e-06 2.762172e-05 0.00023985821 0.19727896 0.89180404 2.9617748e-15 0.9951277 2.3268894e-05 0.00027032796 5.3175576e-05 0.00036909565 0.00016601649 2.8874993e-07 3.9586396e-07 1.9271982e-05 3.3235327e-05 8.790306e-06 1.0703359e-05 0.00013832319 0.00012587266 8.406709e-06 0.5686741 9.922178e-07 1.1220822e-05 1.0735888e-07 0.0001275172 7.05896e-08 0.00024942783 0.000102904785 8.2563076e-07 1.4358418e-06 9.728205e-07 1.1902066e-05 1.7955009e-06 4.3408832e-05 5.795271e-05 5.7597157e-07 4.7192184e-06 3.567393e-08 6.4373137e-07 3.1656407e-07 6.607144e-07 1.7606083e-06 2.2301758e-07 1.7988602e-06 3.71576e-07 0.001463543 5.070723e-06 6.596761e-07 2.2521762e-08 4.8540333e-06 8.440359e-10 1.4965517e-08 0.0002678485 6.397472e-07 1.6577022e-07 1.5368267e-08 2.7875387e-07 1.2186954e-05 1.7025598e-06 2.822033e-09 6.408836e-07 2.1356525e-05 1.6361317e-07 0.00022094815 0.00010013425 1.8302373e-09 4.499786e-08 3.0194815e-06 1.5991729e-05 2.673118e-08 8.152418e-07 4.6327623e-06 9.322645e-06 6.5151426e-06 5.070769e-07 1.4385283e-08 1.1131748e-07 1.0854368e-06 3.6666346e-08
0.00068566494 0.10020183 0.107430205 0.07040977 0.0043818494 0.50024617 0.0010649223 0.03550314 0.002721982 0.0007096592 0.41687393 0.0014617973 0.8309638 0.045431778 0.00075725344 0.010404827 4.3725435e-05 0.0011919163 0.00035665272 0.039992884 1.7784532e-05 1.2228027e-05 5.7509504e-05 5.4015138e-05 0.5282008 0.8750844 0.9951277 1.5180167e-14 0.00019902304 0.0003325002 6.6458724e-06 2.5047846e-05 0.00026277456 1.5738689e-06 2.7930125e-07 2.9410974e-06 9.824301e-05 4.938438e-07 0.00027126877 0.00011464059 9.992391e-05 9.72418e-07 0.9660432 8.827779e-05 0.0006201436 9.976751e-06 0.0049361805 7.215478e-08 2.7396025e-05 1.7204497e-05 2.4862202e-06 4.6657497e-08 4.4973606e-07 3.1891047e-06 1.7368593e-07 1.3744209e-05 5.034747e-06 1.6380606e-06 0.00041310684 2.8535945e-07 1.0376341e-06 2.2545308e-07 2.233591e-06 3.3644362e-06 2.2303852e-06 1.5001042e-06 1.7564781e-07 0.0004973266 2.8080066e-07 8.5714083e-07 1.7840742e-07 7.765294e-06 2.0995234e-08 2.2153234e-08 0.00022585927 4.4480097e-07 1.4209427e-07 4.1359204e-08 1.9588056e-07 7.513855e-05 6.0830604e-05 9.443238e-10 1.8156688e-07 3.119726e-05 7.4041075e-08 5.531864e-05 7.447957e-05 1.46464725e-08 2.1028771e-07 9.965402e-05 0.00015969486 1.0998927e-08 1.5896481e-07 5.3464508e-05 5.986838e-07 0.00014741499 8.181185e-06 3.1772763e-07 1.5550246e-07 5.200347e-06 6.285511e-08
0.91936255 0.00039234108 0.00059892744 0.002576977 9.143114e-06 0.00055385655 3.5030193e-05 0.00018141449 0.08188902 0.04587304 0.0139741115 0.031410653 0.0015904391 0.00014581597 0.00011880311 1.1616968e-05 7.1717236e-06 0.03375854 0.26631576 0.08244929 0.8595194 0.95160073 0.6427684 1.9063631e-05 0.00653842 0.0007161178 2.3268894e-05 0.00019902304 1.519823e-16 0.06886658 6.6674575e-06 2.7109485e-05 0.16902171 0.9452952 0.8048336 4.552412e-06 0.03238295 7.43876e-08 0.956989 0.0011883831 1.0020118e-05 8.223943e-06 0.0005046554 0.029780025 0.0014193502 0.6951626 0.000260577 0.23365678 9.198476e-06 0.27660108 0.0015153501 2.1894904e-07 1.9554695e-06 3.3039594e-06 4.9286086e-07 3.4408138e-06 1.1664165e-06 0.0014914633 0.57193357 0.018125223 0.012177213 0.1585741 0.01180869 5.833487e-07 0.526369 5.0240298e-05 0.007413584 0.00053898204 5.522497e-07 0.0044793617 0.08560822 0.094528794 0.014728824 0.00063912186 2.1455411e-05 0.0014994564 0.0006010529 0.0013170392 7.5273596e-07 0.009908152 0.011709667 1.4745777e-09 3.0170247e-07 0.0027781893 0.0014058322 5.0812545e-05 5.9839105e-05 0.0022575636 0.00037739635 0.0091318125 0.00597567 3.9980197e-08 1.2725963e-06 0.00059846183 2.2873442e-06 0.0036432536 0.00089542015 0.0038015523 4.858716e-06 0.015821075 2.2803973e-05
0.9670578 0.67556906 0.19080514 0.88772696 0.0013370158 0.13929449 0.034238983 0.00417367 0.6633257 0.6057415 0.41509023 0.5648099 0.05404796 0.0009968291 0.14378366 0.00019332184 0.0014292911 0.9217914 0.5898406 0.16980962 0.10433583 0.082960494 0.31088728 0.00038003924 0.06499781 0.0044379616 0.00027032796 0.0003325002 0.06886658 3.6607466e-14 4.2007217e-05 0.009940971 0.8823995 0.0059184837 0.01523376 4.453753e-05 0.9134013 1.8576508e-05 0.047179926 0.5480283 0.0011269553 1.912104e-05 0.00019065039 0.036621593 0.0017819345 0.023783248 0.0017008908 0.0023521984 0.0004594922 0.25457853 0.34891245 4.0913787e-06 3.0338852e-06 6.233324e-05 8.8144446e-07 5.6242327e-05 7.190694e-06 0.06834563 0.11558766 0.00029359048 0.0062057637 0.00015847689 4.1754036e-05 1.232868e-07 0.0029242414 1.3845219e-05 0.0039745774 0.012871075 1.4000035e-05 3.8622245e-05 0.0001771512 1.1352158e-05 9.086435e-05 1.7252063e-05 0.00038801835 0.0001015734 0.0001155997 0.0055893166 5.328009e-07 0.025692247 0.00022580026 1.9919371e-08 7.3134233e-06 0.04268153 8.666141e-06 0.000666905 0.00013197519 9.3365037e-07 1.5489969e-06 8.059015e-05 3.835115e-05 6.1593636e-07 0.00040813748 0.015353401 1.4858017e-05 0.01852057 6.327198e-05 1.4260022e-05 3.0183216e-06 0.025580257 6.2055994e-07
