1.6935858e-22 0.9760723 0.9378302 0.9437003 0.8029353 0.9652916 0.9937996 0.88895917 0.9938683 0.90505177 0.7431461 0.5547828 0.3631764 0.71160585 0.5511524 0.26732525 0.98321575 0.9657212 0.8963825 0.25057572 0.053429674 0.9776545 0.758209 0.9209449 0.32132155 0.099558756 0.5379875 0.026817786 0.0069005983 0.6298833 0.9756798 0.030157976 0.9545423 0.9567766 0.8890264 0.014855921 0.034761783 0.0045938226 0.8991797 0.9137634 0.003037352 0.91030806 0.90628624 0.21822914 0.35271138 0.25201574 0.8864058 0.9549932 0.80182564 0.8522959 0.938269 0.31813213 0.47998348 0.030612024 0.00023354207 0.0038523239 0.9667498 0.71344805 0.026280459 0.00075205875 0.032200888 0.033276796 0.9797647 0.6389094 0.8086117 0.97667855 0.06205913 0.90229106 0.0009922334 2.3689452e-06 0.29692698 0.9705547 0.002731333 0.9360115 0.9997449 0.0019825555 0.13422628 0.97247255 0.012491854 0.9995881 0.0017730088 0.99988353 0.5205527 0.9989735 0.18105674 0.000499378 0.79387265 7.4512136e-06 0.015101205 1.1373206e-08 0.007037586 0.5741641 5.5500495e-06 0.99954027 0.24222243 0.99937415 0.0066044796 0.007008324 1.1553648e-05 0.7091159 0.9630414
0.9760723 1.3011203e-11 0.890234 0.883277 0.9523587 0.8677102 0.70697737 0.083287925 0.104290545 0.38326326 0.7457742 0.051559698 0.012490477 0.17020133 0.17664705 0.55959153 0.066961475 0.7209335 0.4955034 0.42119664 0.31732175 0.0007948185 0.0027323894 0.0018717224 0.66258174 0.09674584 0.01833335 0.07652026 0.02704929 0.0001442097 0.101252444 0.018363632 0.00029498225 0.21259254 0.08093209 0.3833405 0.41627687 0.073383 0.0052212216 0.012294187 0.035290133 0.0009811155 1.4643924e-05 0.010488559 1.563255e-05 3.600041e-05 8.0614904e-05 0.041070536 0.00017683319 9.869104e-05 0.0001402138 6.314347e-05 0.00015370878 0.00040255705 0.054570243 0.014169436 0.0039052162 9.509194e-06 8.562768e-06 0.031322565 2.9275284e-06 1.4177151e-06 0.0020545747 5.790796e-05 7.393164e-06 0.00019078136 7.6172975e-05 0.00025566644 0.0143230455 0.00042048702 3.9884003e-06 0.0008145113 1.1455573e-05 7.798635e-05 0.007878299 9.3207476e-05 2.4337555e-06 0.00040575519 3.255317e-05 0.0014978242 2.5511585e-07 0.013463286 0.00030712702 0.023929898 5.6553713e-06 0.0027236594 1.3065562e-06 0.00029307717 1.0898631e-07 5.0980852e-06 6.0961074e-06 3.1626774e-07 3.5570351e-06 1.3076794e-06 2.721455e-05 0.0003224178 2.4034765e-07 2.0303193e-07 8.5844476e-07 3.44052e-07 0.00024688305
0.9378302 0.890234 1.8417758e-13 0.58452463 0.9104901 0.9222637 0.9355068 0.52841467 0.4982056 0.15602578 0.59191215 0.4063729 0.27328545 0.032095585 0.028246691 0.30977952 0.017876664 0.4035635 0.062450845 0.19401646 0.08898444 0.008813656 0.0018186759 0.0013182684 0.1935986 0.016761284 0.03581392 0.082831815 0.025792059 0.0013620005 0.12792876 0.026848594 0.00018066536 0.320717 0.25134325 0.05088292 0.1075214 0.029755611 0.00025212814 0.011020003 0.004438019 0.00837221 0.0002989072 0.008971716 1.5997297e-05 3.5219622e-05 0.0008477097 0.09155916 9.906454e-05 2.1967753e-05 0.0014098326 3.334279e-05 0.00068572024 0.001418833 0.0030625935 0.0004325367 0.005641363 0.00014029646 2.5344865e-05 0.006694955 2.6855803e-06 1.107842e-06 0.011983959 0.00025150162 7.4327145e-05 0.00010097305 2.5916153e-05 0.0009932839 0.0021300253 9.2155235e-05 1.9224788e-05 0.0036652803 2.4880278e-06 0.0006311505 0.02044573 6.4299356e-06 1.5451504e-06 0.0016799723 3.650371e-05 0.002508063 3.8588315e-08 0.043910846 0.00029091848 0.06140562 4.252284e-06 0.0020909836 4.579462e-06 3.3922006e-05 1.6181739e-08 7.191294e-07 3.6043432e-06 3.5484277e-07 4.9060127e-06 9.090963e-06 1.8149229e-05 0.000679772 5.8965957e-09 2.6444772e-07 6.13566e-07 2.8374723e-07 0.00024992644
0.9437003 0.883277 0.58452463 1.9436267e-13 0.8187471 0.8759382 0.22582369 0.005074674 0.013221568 0.93834364 0.34409773 0.006257046 0.0011173165 0.7584622 0.75495446 0.19005318 0.35896254 0.8497206 0.74029195 0.10911787 0.5443885 0.0001269244 0.04122902 0.021942629 0.457324 0.26289025 0.0011387262 0.01257104 0.0042981887 5.601896e-06 0.2538326 0.0018810034 0.0014286581 0.13237217 0.045190234 0.40506947 0.1948502 0.019856965 0.035912763 0.034228057 0.11564759 0.00037927 1.9512818e-06 0.0005184494 2.7780807e-05 4.413959e-05 2.2384134e-05 0.016012987 0.00044047835 0.0002559133 3.539917e-05 0.00012279816 5.690925e-05 6.217893e-05 0.055251807 0.038570095 0.008974659 1.6281799e-06 3.7401134e-07 0.017083243 1.179759e-05 4.99259e-06 0.0016877244 2.174767e-05 3.2772975e-06 0.00033344585 0.00077687163 8.490459e-05 0.03617839 0.0013490932 2.6791363e-06 0.000478016 7.6604825e-05 1.3490977e-05 0.009359161 0.00063616375 1.3463509e-05 0.00034990907 8.202966e-06 0.003117741 8.2949947e-07 0.004859351 0.00047274193 0.017145958 2.3190282e-06 0.0002497687 1.5352447e-06 0.0008516868 3.2866922e-07 3.6186848e-06 5.6201866e-06 2.1184871e-07 1.0458502e-06 1.924377e-07 4.9518883e-05 0.0007277742 1.7216764e-06 3.57597e-08 5.8878495e-06 9.380489e-08 0.00078042824
0.8029353 0.9523587 0.9104901 0.8187471 1.48697e-14 0.63581806 0.80229485 0.18581554 0.19634137 0.19767529 0.9521641 0.4327988 0.063984305 0.09728042 0.096915655 0.76946175 0.025751375 0.37425697 0.10128053 0.4128339 0.6545482 0.00063483533 0.0009403501 0.00031073784 0.45342132 0.06552787 0.011385927 0.11312647 0.03270024 0.00012743696 0.037263516 0.012375565 6.113856e-05 0.09464715 0.04335943 0.11995586 0.18779047 0.035775695 0.0003807768 0.0031274327 0.01306881 0.000878068 1.6499078e-05 0.009031021 4.966307e-07 1.0310674e-06 6.310891e-05 0.025811752 1.928774e-05 5.703402e-06 0.000109922395 2.006831e-06 7.8468365e-05 0.00037118446 0.012331128 0.0018910262 0.0011097994 2.2060326e-06 2.4976248e-06 0.011275391 1.495678e-07 6.762508e-08 0.0011781547 3.653028e-05 4.2421657e-06 4.052575e-05 1.2974701e-05 0.00010833096 0.0030563276 0.00042580118 7.5591897e-06 0.00037625124 5.01067e-07 2.9205054e-05 0.0034479522 2.795098e-06 4.655099e-07 0.00012523052 5.6543518e-06 0.00053982285 2.4331404e-08 0.0068619223 0.00022406809 0.009909975 1.0371791e-06 0.0018750285 2.2648478e-06 7.152049e-05 5.627464e-08 3.962336e-06 5.094693e-06 9.736916e-08 1.1442334e-06 2.0108531e-07 1.9301024e-05 0.00035631974 1.0852126e-07 3.070737e-08 7.8926996e-07 4.9781406e-08 0.00072309125
0.9652916 0.8677102 0.9222637 0.8759382 0.63581806 1.617608e-13 0.5939404 0.06465627 0.08688714 0.57922304 0.18208593 0.021273961 0.015116198 0.11230675 0.083106175 0.090914555 0.11338167 0.95257473 0.10977799 0.044986986 0.08861098 0.000804667 0.007566793 0.008877858 0.10578917 0.016411247 0.001595062 0.012498754 0.005402665 6.860443e-05 0.5330824 0.0019282812 0.0009230318 0.7361803 0.37846956 0.042284634 0.033895295 0.0051446604 0.0010807901 0.083705954 0.004751653 0.004670579 1.8481176e-05 0.0009948083 5.2716645e-05 9.729161e-05 0.00016294926 0.104813784 0.0005074594 6.26148e-05 0.0004086631 8.252765e-05 0.00036762792 0.00024975845 0.001578252 0.0011649098 0.025715487 1.2237313e-05 2.8034056e-06 0.0017068519 1.8730187e-05 6.3812918e-06 0.010910381 6.905434e-05 1.9953664e-05 0.0010636089 0.00010771902 0.0006198958 0.005970674 0.00011575194 8.454491e-06 0.0031496207 7.360254e-06 0.00031122542 0.043262653 4.0370443e-05 4.3483622e-05 0.002426179 1.1216777e-05 0.0073247678 1.5480517e-06 0.049181495 0.0009977189 0.092737935 2.302764e-06 0.000105333354 5.448355e-07 0.00010918519 1.3229658e-07 4.889807e-07 5.4447214e-06 4.1807104e-07 7.2434773e-06 2.1362196e-06 0.00018618106 0.0018379163 1.04826704e-07 7.550731e-08 6.4912897e-06 1.8513403e-07 0.0006886874
0.9937996 0.70697737 0.9355068 0.22582369 0.80229485 0.5939404 8.3225766e-13 0.6520758 0.7641501 0.012146106 0.70348287 0.5492514 0.36433846 0.004933928 0.006030346 0.53238726 0.0006880588 0.10660028 0.016565684 0.57699585 0.034640756 0.035955872 7.857679e-05 0.00014098884 0.47571132 0.0070628263 0.39162022 0.22779986 0.10658942 0.003304549 0.052139938 0.215603 9.027593e-06 0.3817329 0.38604018 0.05001584 0.23816629 0.12568443 0.00032776853 0.0059532425 0.002194964 0.014461274 0.00014544307 0.16188861 2.2930107e-07 1.846714e-06 0.00055240514 0.15783533 1.0452256e-05 1.513064e-06 0.00074827386 3.0511117e-06 0.000692251 0.0023291497 0.0031391073 0.000120172124 0.0018250315 5.5188066e-05 0.0001955089 0.0348633 3.1945672e-07 1.2899196e-07 0.015012356 0.00010690989 3.4806377e-05 6.220751e-05 1.0934508e-05 0.0007262711 0.0004476458 2.674392e-05 1.818088e-05 0.0039647706 2.4986232e-06 0.00018706595 0.008640852 2.0543139e-06 3.7373997e-07 0.0015830741 4.328255e-05 0.00025335114 1.3279018e-07 0.08014899 4.030974e-05 0.052488167 6.802917e-06 0.012906271 1.0162538e-05 1.03889215e-05 7.269421e-08 8.580012e-07 7.8339035e-06 1.7941204e-07 6.3165357e-06 1.8723507e-05 1.0225876e-05 7.322724e-05 9.78375e-07 3.9390198e-07 2.8347151e-06 5.68659e-07 1.406105e-05
0.88895917 0.083287925 0.52841467 0.005074674 0.18581554 0.06465627 0.6520758 4.4343276e-15 0.90164757 0.00035886705 0.31577253 0.95215577 0.95722663 0.00032581168 0.00056172773 0.1307725 6.776606e-05 0.006176867 0.0018527552 0.26578215 0.0029588325 0.4132462 6.940762e-05 8.304906e-05 0.09529566 0.00084380625 0.7267272 0.2716464 0.118080065 0.061507892 0.0029078142 0.3926698 1.723952e-06 0.019371815 0.056810867 0.021751087 0.17028207 0.21951775 0.00053462316 0.00047066406 0.0007763514 0.013916293 0.0013948713 0.5979648 2.9760204e-07 1.9559525e-06 0.0015304595 0.05180057 1.0628241e-05 1.1856536e-05 0.003204429 5.8749265e-06 0.0017225231 0.053438704 0.0009714819 0.00033616606 0.00010085313 0.0003865766 0.013810108 0.038848132 1.3277422e-07 7.911664e-08 0.00417068 0.000702306 0.00022193734 1.3620953e-05 2.6140558e-06 0.00021031608 0.00010785295 3.3788914e-05 0.0001013232 0.00069058215 1.266987e-06 0.00017190435 0.0008794948 5.815221e-06 1.0169737e-06 0.00039849768 0.00022456887 2.56194e-05 1.332574e-07 0.012965469 2.386647e-05 0.006090302 4.6304147e-05 0.118177764 0.0003508482 2.6412135e-05 2.4315318e-07 4.3870332e-07 7.730658e-05 4.3819005e-06 0.00020939429 1.02397335e-05 7.3303744e-07 2.1950349e-05 8.889786e-06 6.8241746e-07 4.005458e-06 1.0679545e-06 4.4359895e-06
0.9938683 0.104290545 0.4982056 0.013221568 0.19634137 0.08688714 0.7641501 0.90164757 3.5811052e-14 0.00023849079 0.24399313 0.76357836 0.8444569 0.00027909855 0.00027687455 0.12258728 8.2394356e-05 0.018796625 0.0013652224 0.22627087 0.0022399628 0.8339703 1.1258166e-05 1.0207569e-05 0.082766026 0.00042834633 0.7910572 0.23347932 0.1150912 0.121162504 0.014049291 0.37715957 2.1085955e-06 0.15464957 0.54265326 0.0054129385 0.039344326 0.069670774 0.00020932121 0.002010213 0.00022068617 0.19339268 0.009931698 0.6184603 2.5218078e-08 1.4489488e-07 0.010804079 0.3666913 1.6739643e-06 5.430505e-07 0.021016277 1.1126607e-06 0.007977581 0.05698942 0.0002468868 5.4673743e-05 0.0007885252 0.00096770463 0.032936253 0.023662874 9.660055e-08 5.1819104e-08 0.059886467 0.001217218 0.00025470686 2.1463333e-05 1.0062985e-06 0.0037031611 3.601768e-05 2.4512641e-05 0.00022222071 0.023121452 1.4808215e-06 0.0019580363 0.003894256 3.4796872e-06 1.5685994e-07 0.0058939685 0.00024729 4.7129106e-05 7.235351e-08 0.10794413 2.552217e-05 0.038415436 7.0438604e-05 0.08202647 0.00038639156 9.038783e-06 1.300055e-07 3.1545713e-07 0.00017817014 4.6932587e-06 0.00011598509 0.00016192437 3.959216e-06 3.392773e-05 8.708207e-07 1.996441e-06 2.1350058e-06 3.667222e-06 2.9300757e-06
0.90505177 0.38326326 0.15602578 0.93834364 0.19767529 0.57922304 0.012146106 0.00035886705 0.00023849079 1.945144e-16 0.012810318 0.00027126566 1.5556092e-05 0.9229961 0.87337285 0.00966219 0.91824746 0.62420255 0.63120383 0.0056434404 0.21449804 1.1612039e-05 0.7538113 0.43991756 0.04972 0.076255254 5.0196e-05 0.0012266799 0.00045651683 1.6311024e-07 0.5110074 9.5070034e-05 0.05959 0.12352791 0.028312841 0.07889664 0.011453963 0.00037641544 0.06512226 0.29242754 0.015984923 1.5881724e-05 2.2523106e-07 2.220096e-05 0.00032755948 0.0003190781 2.4825645e-06 0.007212844 0.0074068913 0.006972445 3.0397528e-06 0.0010643188 1.9791578e-06 2.369666e-06 0.003051036 0.016941974 0.047750134 1.7803451e-07 2.5689774e-08 0.000100894504 0.0001000975 5.3317664e-05 0.00044240442 8.948288e-06 1.2294039e-06 0.0007972192 0.0020132568 2.0613631e-06 0.028245818 0.00015808821 3.485298e-07 7.532251e-05 0.0001453147 4.6568684e-06 0.00956868 0.0011370037 0.00010076229 9.140059e-05 3.761836e-06 0.010644995 4.3071664e-06 0.0050579323 0.0010158562 0.014002954 1.3377814e-06 7.5336416e-06 1.4847385e-06 0.00043238347 1.6590977e-06 3.134911e-08 4.1949706e-06 8.963154e-07 3.195073e-07 1.1025482e-07 0.00024469398 0.002497949 1.29428545e-05 6.5507697e-09 3.8779068e-05 1.6983433e-08 0.0011879292
0.7431461 0.7457742 0.59191215 0.34409773 0.9521641 0.18208593 0.70348287 0.31577253 0.24399313 0.012810318 1.0659364e-16 0.38404796 0.020114403 0.005674745 0.004511339 0.9839176 0.0064987233 0.13215747 0.01656548 0.72627646 0.4228269 0.000677891 0.000120812045 8.049537e-05 0.6105869 0.018015636 0.018963259 0.1949256 0.052278172 2.2236156e-05 0.0053601204 0.019307286 1.2340855e-05 0.017886307 0.009110575 0.20005319 0.43744907 0.15297247 0.0001751882 0.00035532026 0.010702896 0.00034824325 3.4945222e-06 0.012384226 6.226897e-08 1.6654494e-07 1.3172753e-05 0.007269699 4.6289115e-06 2.1809158e-06 5.0987008e-05 5.617355e-07 2.9673682e-05 5.892521e-05 0.020293005 0.0014421245 0.00012506556 9.588379e-07 2.0679533e-06 0.04477235 2.9579407e-08 1.894126e-08 0.00017264216 2.5178204e-05 1.9652753e-06 1.8987117e-05 4.8348556e-06 8.841744e-06 0.00035958664 0.00041403886 1.1062778e-05 6.7300025e-05 1.3943892e-06 1.8421355e-06 0.0007126779 1.5609062e-06 1.1964539e-06 2.8508039e-05 1.2262792e-05 7.22792e-05 1.1368181e-07 0.0021956286 0.000118994285 0.0036516052 5.038681e-06 0.0027291393 1.7511138e-06 1.1025724e-05 9.617404e-08 5.2196747e-06 6.8118698e-06 5.598131e-08 3.2090773e-07 1.9327953e-07 6.169483e-06 0.000103949926 6.483473e-07 9.794621e-08 2.0289315e-07 3.8758066e-07 7.0760296e-05
0.5547828 0.051559698 0.4063729 0.006257046 0.4327988 0.021273961 0.5492514 0.95215577 0.76357836 0.00027126566 0.38404796 1.2686485e-17 0.9690241 7.944892e-05 0.00015714302 0.21488596 4.6627592e-05 0.004798761 0.00015222881 0.18296145 0.0059685595 0.23675862 9.644362e-06 1.8139037e-05 0.047469765 0.00068422954 0.9078009 0.67043155 0.4388935 0.2265937 0.00084762246 0.55456096 6.4035885e-07 0.002280451 0.006788699 0.010976244 0.1156255 0.18694061 5.5957164e-05 8.579488e-05 0.00031787236 0.0026637157 0.0016089702 0.46655968 2.4799755e-08 8.277148e-08 0.0004844068 0.011666563 3.434896e-06 8.1054077e-07 0.0011060933 2.0163989e-07 0.00024827587 0.11967198 0.003150256 0.00046772562 6.8568156e-06 8.258016e-05 0.009463462 0.022462161 7.3118573e-09 3.3811733e-09 0.00042971698 0.00029159957 3.876842e-05 2.3020284e-06 3.9531756e-06 9.1347436e-05 1.4803351e-05 2.5945901e-05 2.3669272e-05 0.0001643727 4.7434824e-07 4.3784064e-05 0.0003122067 8.74259e-07 2.612873e-07 8.56528e-05 0.000491729 2.0665982e-05 1.7186677e-08 0.0033481175 1.7004097e-06 0.002217611 1.6086389e-06 0.054225676 2.0120002e-05 1.9268298e-06 1.6564569e-07 6.441207e-07 0.00039401566 6.326797e-06 0.00044508424 6.6822313e-06 3.6150857e-07 3.9560324e-05 4.6671946e-07 5.859958e-08 2.4418764e-06 2.0994824e-07 1.514205e-05
0.3631764 0.012490477 0.27328545 0.0011173165 0.063984305 0.015116198 0.36433846 0.95722663 0.8444569 1.5556092e-05 0.020114403 0.9690241 7.0079265e-20 3.199619e-05 1.4422447e-05 0.009126371 6.665493e-06 0.002437376 2.6971751e-05 0.012266554 0.00052103173 0.8922889 1.6294927e-06 5.8262453e-06 0.0017008025 8.5668406e-05 0.5851501 0.11465125 0.038659897 0.6600289 0.0014224736 0.15242657 7.669374e-08 0.009634737 0.024877233 0.00031900327 0.008633543 0.015038107 3.600008e-06 0.00027127136 1.0806663e-05 0.07275776 0.0972353 0.24586523 2.2507892e-08 2.3893675e-08 0.01135283 0.030800214 9.642674e-07 6.666093e-07 0.011055417 1.0749267e-07 0.006513264 0.2259935 2.484246e-06 8.536676e-06 1.3091923e-05 0.0040015522 0.051396865 0.0006935389 1.4026119e-09 7.531636e-10 0.005188777 0.0021856092 0.000491187 1.7069576e-06 6.6484307e-07 0.00056912104 8.17058e-08 2.4822186e-06 0.0002775532 0.0025695413 1.08903414e-07 0.0005033783 0.00094230496 2.9876824e-07 6.2320424e-08 0.0003330257 0.0027561923 2.755854e-05 2.9383374e-09 0.007512244 9.2973903e-07 0.00551927 5.190752e-05 0.025688749 8.732566e-05 1.7824527e-06 1.1410905e-08 1.1120431e-08 0.0005328251 2.7660495e-05 0.0011224066 9.49911e-05 1.0138854e-08 6.319817e-05 2.7961455e-08 3.422797e-06 8.5760476e-08 4.6670634e-06 6.58807e-06
0.71160585 0.17020133 0.032095585 0.7584622 0.09728042 0.11230675 0.004933928 0.00032581168 0.00027909855 0.9229961 0.005674745 7.944892e-05 3.199619e-05 1.7152941e-16 0.9762481 0.0050067753 0.7197844 0.20895424 0.6686695 0.0035215374 0.25882328 2.4569305e-05 0.7376137 0.2505629 0.055146005 0.14686128 0.00023098287 0.00026870737 0.00021299928 2.1182649e-07 0.10085117 6.790748e-05 0.034056988 0.01779377 0.0031669724 0.122045375 0.0177553 0.00029135132 0.19185099 0.08498492 0.029061556 1.415457e-05 4.3650024e-07 2.2109136e-05 0.00020842244 0.00027169674 6.721205e-06 0.001353049 0.0074592973 0.017673584 5.968502e-06 0.00084979687 2.7723993e-06 4.2664315e-06 0.0058788173 0.035136055 0.0119604105 3.4289604e-07 1.0231602e-07 3.8579765e-05 4.7610214e-05 2.7808534e-05 0.00020138577 1.0652381e-05 7.6981684e-07 0.00089663145 0.0028434973 1.860545e-06 0.056079224 0.00020302179 2.776269e-07 3.1439005e-05 0.0003959773 4.893462e-06 0.0022534905 0.0022007374 2.3311117e-05 9.432547e-06 2.5463858e-06 0.00720877 1.0194352e-06 0.0014427387 0.0021638935 0.004006631 7.519518e-07 8.418831e-06 1.0238527e-06 0.0011626423 2.8365407e-06 2.0059498e-07 6.2466383e-06 1.4514715e-07 7.093455e-07 1.2258454e-07 8.936175e-05 0.0024705394 1.0122715e-05 1.2707879e-08 5.702247e-05 2.0480384e-08 0.0008707663
0.5511524 0.17664705 0.028246691 0.75495446 0.096915655 0.083106175 0.006030346 0.00056172773 0.00027687455 0.87337285 0.004511339 0.00015714302 1.4422447e-05 0.9762481 9.364537e-17 0.0057208072 0.601858 0.14594951 0.9034355 0.0021772054 0.36435682 1.0092948e-05 0.7986077 0.23094694 0.028509742 0.4027228 0.00018814212 0.00021271994 8.403106e-05 1.5516353e-07 0.07879898 2.2541095e-05 0.027788442 0.009727395 0.0013118145 0.07778964 0.0047904984 0.00012181417 0.30716598 0.045780547 0.03224522 7.419241e-06 9.220947e-07 2.393265e-06 0.0003233135 0.0002769028 2.8493487e-06 0.0010529534 0.009732712 0.02337308 2.6451091e-06 0.0004094888 6.485779e-07 9.0990943e-07 0.004358518 0.017728431 0.008387026 3.9365224e-07 1.8858024e-08 1.712904e-05 1.504555e-05 9.58479e-06 4.7349855e-05 2.9100142e-06 1.8941773e-07 0.00072799047 0.0014774713 2.2303139e-07 0.096738 0.00026103115 7.127499e-08 5.6766607e-06 0.00076093065 9.555615e-07 0.00260879 0.0036284148 5.8458536e-06 2.1446606e-06 6.242544e-07 0.005919969 2.909799e-07 0.00073333323 0.0007669181 0.005238156 2.0363015e-07 6.5474165e-07 1.9107013e-06 0.0011112232 4.061549e-06 4.40916e-08 5.6856845e-07 2.4552143e-08 3.510485e-08 1.0700255e-07 7.003426e-06 0.0019156679 1.4521382e-06 1.161915e-09 2.386017e-05 1.2034441e-09 0.00062586844
0.26732525 0.55959153 0.30977952 0.19005318 0.76946175 0.090914555 0.53238726 0.1307725 0.12258728 0.00966219 0.9839176 0.21488596 0.009126371 0.0050067753 0.0057208072 2.2734783e-17 0.006638551 0.08172399 0.026573945 0.9805621 0.6247204 0.0006520041 0.00017900042 7.160813e-05 0.79627633 0.07340631 0.018510748 0.25735795 0.065377325 1.583925e-05 0.002101133 0.02453912 9.946465e-06 0.005145664 0.0017312063 0.2859524 0.51756275 0.16642721 0.00020403751 8.1750746e-05 0.021691095 0.00012220898 5.174908e-06 0.010502801 1.3263907e-07 3.275187e-07 1.1821838e-05 0.0020922313 1.5704736e-05 3.4848674e-06 2.0832873e-05 8.647702e-07 4.6498926e-06 6.282565e-05 0.024231927 0.0034044771 4.797745e-05 5.807675e-07 1.3244397e-06 0.03286696 1.4553713e-08 7.4943385e-09 1.29123655e-05 1.518965e-05 1.6393467e-06 1.3552009e-05 2.5200338e-06 1.7071627e-06 0.0009335721 0.000323127 1.8764238e-06 1.6485836e-05 1.1434055e-06 1.0221396e-06 0.00022176406 2.4428243e-06 5.456269e-07 1.5981794e-06 3.2817231e-06 7.363516e-05 1.0590828e-08 0.0011304602 3.426643e-05 0.0022122404 8.2194686e-07 0.0021241903 1.3506829e-06 2.254002e-05 4.3913843e-08 5.256436e-06 4.0038235e-06 9.309834e-08 5.1251817e-07 7.2567175e-08 3.3657923e-07 4.109141e-05 1.8535415e-07 6.391426e-08 2.8688285e-07 6.8488944e-08 3.632244e-05
0.98321575 0.066961475 0.017876664 0.35896254 0.025751375 0.11338167 0.0006880588 6.776606e-05 8.2394356e-05 0.91824746 0.0064987233 4.6627592e-05 6.665493e-06 0.7197844 0.601858 0.006638551 1.7426468e-14 0.3758762 0.7601088 0.006014824 0.06445527 1.4847846e-05 0.74529046 0.910248 0.039439756 0.08417394 0.00014455433 0.00073390105 0.00042683186 2.3635212e-07 0.47269148 0.00020891058 0.3696044 0.14656915 0.026231727 0.038771544 0.0028459283 4.9784852e-05 0.5881054 0.66977316 0.011088135 4.218225e-05 6.3559855e-07 3.8003673e-05 0.022470139 0.034371167 4.767294e-06 0.008919156 0.06453927 0.10725516 2.9903804e-06 0.032414567 3.2746389e-06 1.977256e-06 0.00042404127 0.027134478 0.20058756 6.531769e-07 3.434873e-08 2.395279e-06 0.0014825045 0.00089303736 0.0012991374 1.2657274e-06 2.5670488e-07 0.021500533 0.058616187 2.8938977e-05 0.06316495 0.0002377684 2.4546725e-07 0.0003378059 0.003560793 8.711035e-06 0.047894847 0.016910313 0.00028856506 0.0002710663 2.4401284e-06 0.10000934 1.5501193e-05 0.008369384 0.008847025 0.033218827 3.297827e-06 7.877356e-06 2.3021073e-06 0.0009100358 4.8609472e-05 1.5473249e-07 4.2703637e-06 5.384317e-08 9.1722967e-07 1.9398283e-06 0.0006996907 0.016690047 3.1481217e-05 5.455126e-08 0.00021900909 8.711267e-08 0.001767415
0.9657212 0.7209335 0.4035635 0.8497206 0.37425697 0.95257473 0.10660028 0.006176867 0.018796625 0.62420255 0.13215747 0.004798761 0.002437376 0.20895424 0.14594951 0.08172399 0.3758762 4.638845e-12 0.31866 0.06212292 0.17187047 0.0016024446 0.01820136 0.06570168 0.32270005 0.06311081 0.0027430784 0.0044151735 0.002113395 6.581825e-05 0.91901493 0.0007964977 0.0029940591 0.45472732 0.10999153 0.096039765 0.04834907 0.002023998 0.07062859 0.15450211 0.013781192 0.0024108663 4.394047e-05 0.0010384662 0.00024643328 0.00027481135 7.7024364e-05 0.027251832 0.0013922133 0.0027256447 8.414517e-05 0.0002185972 6.2280174e-05 0.00025642023 0.003948136 0.011933979 0.00944898 1.9454334e-05 9.242054e-06 0.00026144175 5.786496e-05 3.8685244e-05 0.0052573513 8.806812e-06 7.8099777e-07 0.002300172 0.001179311 0.0002730709 0.019319775 0.00028432845 3.7171029e-07 0.0025126368 0.00015411712 2.7322316e-05 0.07629797 0.00051441725 4.5304645e-05 0.0012358212 2.347379e-05 0.0038859607 5.2646283e-06 0.02085626 0.0004838055 0.062103625 1.1625308e-06 3.5730092e-05 3.1615298e-06 0.00040526886 9.5101313e-07 1.7012645e-06 1.1254484e-05 6.0098233e-07 7.2899293e-06 1.0809823e-06 3.0035693e-05 0.00097546325 6.387995e-06 5.5254105e-07 2.104968e-05 3.5317632e-07 0.000110530724
0.8963825 0.4955034 0.062450845 0.74029195 0.10128053 0.10977799 0.016565684 0.0018527552 0.0013652224 0.63120383 0.01656548 0.00015222881 2.6971751e-05 0.6686695 0.9034355 0.026573945 0.7601088 0.31866 3.678095e-15 0.008085294 0.5975991 5.2285727e-06 0.69294673 0.341923 0.17767997 0.9744575 0.0006615867 0.00016166593 0.00016632359 1.1758165e-07 0.11298597 5.323637e-05 0.085515045 0.006034698 0.00016139435 0.24292597 0.06927245 0.00014595037 0.79672396 0.12214945 0.13469338 9.882214e-07 1.4939038e-06 0.00013307563 0.0015090154 0.003198105 6.8913477e-07 0.0002272132 0.024850037 0.10171704 1.385471e-06 0.0063914964 1.5178418e-06 2.3083974e-06 0.044987638 0.14818855 0.009918731 3.544622e-07 3.6421744e-07 0.0005556872 3.7399815e-05 1.1312247e-05 2.274894e-06 9.464653e-06 1.4809091e-06 0.006952575 0.008091942 6.356097e-08 0.24726956 0.0011206738 5.261529e-07 4.2234493e-07 0.0020290178 2.9092066e-06 0.00084722915 0.030996878 1.6015407e-06 5.8639137e-07 6.4578235e-06 0.005702429 1.821399e-07 0.00035565704 0.019118872 0.0025734073 5.399641e-06 8.472482e-06 3.4950722e-06 0.009342343 0.00043826574 1.007892e-06 0.00013481812 1.1736431e-07 6.0878943e-07 2.6586278e-07 8.939107e-05 0.0014325997 5.9020193e-05 1.3305937e-08 0.0008876879 1.4206682e-08 0.0007127557
0.25057572 0.42119664 0.19401646 0.10911787 0.4128339 0.044986986 0.57699585 0.26578215 0.22627087 0.0056434404 0.72627646 0.18296145 0.012266554 0.0035215374 0.0021772054 0.9805621 0.006014824 0.06212292 0.008085294 6.092229e-16 0.43006837 0.0014656053 0.00017048216 8.876396e-05 0.95612645 0.03403037 0.044419646 0.5952755 0.3319137 6.8735404e-05 0.00095025176 0.10765004 2.2470138e-05 0.0021464233 0.000572844 0.4374387 0.8732927 0.46053395 0.00014176787 1.3003501e-05 0.037085578 0.00025185948 6.87223e-05 0.023332965 1.796675e-07 8.0219627e-07 4.9564285e-05 0.0016955319 1.2194301e-05 5.458348e-06 0.00014266722 1.9319762e-06 7.956815e-06 0.0003713433 0.059762117 0.0062271566 1.9214887e-05 1.8117262e-06 1.4709725e-05 0.102813415 7.577913e-08 4.53957e-08 8.376626e-06 4.1206276e-05 4.257161e-06 5.6399484e-05 6.056713e-06 6.4221285e-06 0.0007365005 0.0008527263 1.6920394e-05 2.5693342e-05 3.2537728e-06 6.5450104e-06 0.00023326605 9.420725e-06 1.2876035e-06 1.8409606e-06 3.9379966e-06 6.310121e-05 3.2302683e-08 0.004030432 4.073149e-05 0.002808052 4.672626e-06 0.0056718155 6.5741424e-06 2.6156955e-05 2.1796401e-07 1.7162938e-05 3.5298708e-05 1.879064e-07 1.4657371e-06 1.169222e-06 2.206464e-06 4.7514644e-05 1.4097953e-06 2.412069e-07 1.8097143e-06 2.166026e-07 0.00014973199
0.053429674 0.31732175 0.08898444 0.5443885 0.6545482 0.08861098 0.034640756 0.0029588325 0.0022399628 0.21449804 0.4228269 0.0059685595 0.00052103173 0.25882328 0.36435682 0.6247204 0.06445527 0.17187047 0.5975991 0.43006837 7.826807e-18 3.734899e-05 0.0241733 0.006721639 0.953605 0.9953706 0.00017048053 0.00079879037 0.00023363676 5.1060215e-06 0.010503878 3.8857994e-05 0.0008779425 0.0033075535 0.0011002134 0.29483268 0.079881445 0.0011887331 0.15696464 0.0022537732 0.12106744 5.616096e-05 9.684694e-06 3.9896044e-05 9.833187e-05 0.00015977956 1.3081864e-05 0.0007380283 0.0013040269 0.0023749997 3.13133e-05 0.000119589946 2.2075856e-06 1.0807189e-05 0.012430248 0.0055294614 0.0009745854 3.930498e-07 1.2158674e-07 0.000413122 3.0051522e-06 1.5627963e-06 3.6603546e-05 9.904418e-06 4.4405524e-06 0.00052266015 5.0189487e-05 2.3863365e-06 0.008921419 0.0003709619 1.6229758e-06 8.053379e-06 2.4509041e-05 5.5249016e-06 0.0010226208 0.0004896541 1.4305886e-05 1.45443e-05 7.485986e-06 0.0012135009 4.3327788e-08 0.0005476512 0.00023481889 0.0018018031 2.7511262e-06 0.00011414456 4.051027e-06 0.0010028932 9.549967e-07 1.5538025e-06 7.4525497e-06 1.9687118e-06 1.0108712e-06 2.5526174e-06 7.2426556e-06 0.00057982013 1.0496897e-07 7.204409e-08 1.5013759e-05 2.6070883e-09 0.00039123342
0.9776545 0.0007948185 0.008813656 0.0001269244 0.00063483533 0.000804667 0.035955872 0.4132462 0.8339703 1.1612039e-05 0.000677891 0.23675862 0.8922889 2.4569305e-05 1.0092948e-05 0.0006520041 1.4847846e-05 0.0016024446 5.2285727e-06 0.0014656053 3.734899e-05 3.3601768e-16 1.2182903e-06 6.829181e-07 0.00010344033 4.3493887e-06 0.47552034 0.0036402426 0.0024589875 0.9466855 0.0006103769 0.02934963 7.407706e-07 0.010118195 0.3381142 1.0424988e-05 9.640762e-05 0.00040252807 1.7165115e-05 0.0015453408 4.3716996e-06 0.7619347 0.7552199 0.39688218 5.6163124e-08 2.228392e-07 0.6140435 0.28484973 2.8907337e-07 6.6843126e-07 0.6326953 1.4874915e-07 0.32648623 0.32677832 8.4606324e-07 1.0153863e-06 7.16224e-05 0.15675315 0.22637443 0.00020506243 2.7604418e-07 3.4603423e-07 0.20442425 0.1183154 0.047792096 3.667009e-06 3.508815e-06 0.06911245 2.2656286e-07 4.2426856e-07 0.016648604 0.14266296 4.6616936e-08 0.071995914 0.00068285083 1.8163598e-07 1.6167925e-07 0.064041905 0.06947912 2.0862517e-05 2.735163e-08 0.10872896 2.0566456e-05 0.01438235 0.003355738 0.052079707 0.0014708961 9.2531974e-07 1.4711484e-08 5.018276e-08 0.12180544 0.0009146691 0.004817706 0.029969601 1.54244e-06 0.0001395613 1.5489843e-07 0.00016797728 1.0712467e-07 0.00066949194 8.100807e-06
0.758209 0.0027323894 0.0018186759 0.04122902 0.0009403501 0.007566793 7.857679e-05 6.940762e-05 1.1258166e-05 0.7538113 0.000120812045 9.644362e-06 1.6294927e-06 0.7376137 0.7986077 0.00017900042 0.74529046 0.01820136 0.69294673 0.00017048216 0.0241733 1.2182903e-06 3.5193803e-16 0.98592687 0.0015110517 0.05439076 1.9838302e-05 6.0208666e-05 7.3363335e-05 3.194084e-08 0.019132204 9.174707e-06 0.56775135 0.0044485317 0.00030646488 0.012647002 0.0003836224 2.112202e-06 0.7896233 0.08166171 0.015578288 2.3737755e-06 2.8586882e-07 2.2904962e-06 0.09687468 0.19548401 1.3072879e-06 0.0003274605 0.53962344 0.5661156 1.5537431e-06 0.14457953 5.9598705e-07 2.1058463e-06 0.00016588718 0.040551424 0.016000524 1.5502384e-06 1.6942927e-08 8.9137296e-07 0.007575659 0.0047664284 9.121032e-05 4.4672586e-07 1.0761924e-07 0.032043543 0.31293458 5.6154744e-07 0.4565321 4.158962e-05 2.4323276e-07 1.3944297e-05 0.13689966 1.2340503e-07 0.003946629 0.27603367 0.00037565766 7.8110276e-07 1.7412784e-06 0.017303886 0.00012618574 0.0005278962 0.034207743 0.0017659551 1.0866999e-07 2.3395692e-06 2.2408835e-06 0.007901233 0.003958903 1.0706884e-08 2.8820793e-07 5.5638196e-09 2.3964657e-07 1.212578e-08 0.0014233061 0.009733204 0.00028667817 3.8732235e-09 0.005160722 1.5362904e-08 0.0032357955
0.9209449 0.0018717224 0.0013182684 0.021942629 0.00031073784 0.008877858 0.00014098884 8.304906e-05 1.0207569e-05 0.43991756 8.049537e-05 1.8139037e-05 5.8262453e-06 0.2505629 0.23094694 7.160813e-05 0.910248 0.06570168 0.341923 8.876396e-05 0.006721639 6.829181e-07 0.98592687 4.276213e-15 0.00039760937 0.008082576 7.4385753e-06 4.930339e-05 1.8698598e-05 2.635489e-07 0.32917488 6.274575e-06 0.8462861 0.043624513 0.0039913002 0.003801861 6.432779e-05 2.841174e-07 0.44550392 0.6721961 0.001919435 7.600897e-05 2.0493329e-07 1.6389465e-06 0.07617525 0.11393275 2.2280512e-06 0.0006901513 0.19072081 0.24452388 2.0682394e-06 0.058730245 1.8672064e-05 9.711705e-07 1.4163618e-05 0.0052645663 0.23715529 5.84488e-07 7.6819646e-08 7.24821e-08 0.008667783 0.005596557 0.00037699833 2.66403e-06 8.2780286e-07 0.3764074 0.116375715 7.911846e-06 0.0737612 2.9516981e-05 6.1250546e-07 7.016593e-05 0.03001027 1.3239144e-06 0.014468227 0.05614149 0.0011633954 7.904858e-05 3.4338477e-06 0.124257505 0.00024160508 0.00094459293 0.13319851 0.0048584198 1.1295855e-06 3.6895435e-06 9.1748524e-07 0.00074981834 0.0006883463 4.6638103e-08 1.0404344e-06 7.039088e-08 6.9155027e-07 3.264919e-08 0.012027479 0.045082536 0.00028373307 2.0641249e-08 0.0006155027 3.14261e-08 0.004901776
0.32132155 0.66258174 0.1935986 0.457324 0.45342132 0.10578917 0.47571132 0.09529566 0.082766026 0.04972 0.6105869 0.047469765 0.0017008025 0.055146005 0.028509742 0.79627633 0.039439756 0.32270005 0.17767997 0.95612645 0.953605 0.00010344033 0.0015110517 0.00039760937 1.835928e-14 0.4360857 0.00069815567 0.0144610265 0.0050510466 1.0623732e-05 0.0032364824 0.0014509415 8.272268e-05 0.0029858453 0.0003591394 0.9372554 0.9303368 0.13177714 0.0036420499 7.849464e-05 0.28141975 4.6387508e-05 6.5694358e-06 0.00095393456 1.054609e-06 4.4533217e-06 7.5147623e-06 0.0006917482 7.126987e-05 2.9457868e-05 5.7184016e-06 8.11262e-06 7.710693e-06 2.2251239e-05 0.19783838 0.047410205 7.607003e-05 1.1715424e-06 1.0220305e-06 0.052449342 5.540747e-08 4.8758157e-08 1.25819415e-05 2.7776436e-05 1.0908609e-06 6.912101e-05 1.9015966e-05 2.7704252e-06 0.0155345 0.0012465857 4.527517e-06 2.2013784e-05 1.847781e-05 9.1399795e-07 0.00017016493 4.212882e-05 2.276789e-06 5.7366947e-06 8.144193e-06 0.00013106734 1.855287e-07 0.002148254 0.00046837772 0.004357244 1.1569239e-05 0.0009624103 4.1640565e-06 0.00035485075 1.6007269e-06 1.8343126e-05 3.7083082e-05 1.9132528e-07 6.203097e-07 1.2729544e-06 5.110401e-06 8.079986e-05 1.2711467e-06 2.1459604e-07 1.0094252e-06 3.6049707e-07 0.000112133916
0.099558756 0.09674584 0.016761284 0.26289025 0.06552787 0.016411247 0.0070628263 0.00084380625 0.00042834633 0.076255254 0.018015636 0.00068422954 8.5668406e-05 0.14686128 0.4027228 0.07340631 0.08417394 0.06311081 0.9744575 0.03403037 0.9953706 4.3493887e-06 0.05439076 0.008082576 0.4360857 1.2839073e-16 0.00012900063 0.0004028645 0.0002724032 3.722829e-07 0.003465581 3.7720944e-05 0.0011041377 0.0003630805 0.00020302429 0.43895873 0.037982207 0.00094073714 0.44396642 0.0011864986 0.30038318 2.1456895e-06 2.9123908e-06 1.3751866e-05 0.00012437036 0.00020212615 2.0472926e-06 0.00012792462 0.0029695877 0.010958474 7.898012e-06 0.00022217557 1.610235e-06 1.1785845e-06 0.019750448 0.033655696 0.00034914893 2.3762271e-07 1.6008559e-07 0.00045542125 4.7555604e-06 2.0639382e-06 6.167419e-06 7.2822513e-06 1.3337954e-06 0.00054073945 0.00057889964 6.2804446e-07 0.08022716 0.0005036102 6.3718016e-07 2.2534678e-06 0.0005085196 7.414385e-07 0.00031581795 0.0024911084 1.4515715e-05 3.6668828e-06 1.8130156e-06 0.00058303674 1.4392782e-07 0.0002542084 0.0008474935 0.0012441201 2.4976737e-07 1.7313928e-06 2.790482e-06 0.0022571739 1.5164378e-05 1.1462245e-06 7.619266e-05 4.316186e-07 5.154037e-07 1.3830314e-06 7.3211904e-06 0.00035562756 1.2080143e-06 7.005804e-08 5.443743e-05 5.8034724e-09 0.00033698362
0.5379875 0.01833335 0.03581392 0.0011387262 0.011385927 0.001595062 0.39162022 0.7267272 0.7910572 5.0196e-05 0.018963259 0.9078009 0.5851501 0.00023098287 0.00018814212 0.018510748 0.00014455433 0.0027430784 0.0006615867 0.044419646 0.00017048053 0.47552034 1.9838302e-05 7.4385753e-06 0.00069815567 0.00012900063 8.13016e-16 0.64312917 0.423703 0.92096865 0.00025793546 0.8441885 7.610722e-06 0.0006520268 0.006625275 0.00013742513 0.007932949 0.11763107 0.00165202 0.00011650546 0.00011452652 0.011620953 0.17204201 0.9295471 5.9537147e-08 6.225434e-07 0.02410201 0.02598234 9.88794e-06 2.2585516e-06 0.039264306 4.0126342e-06 0.0013580531 0.7619231 0.0022648827 0.00018520263 4.4554117e-06 0.0062181572 0.55827665 0.036634594 6.199841e-08 4.9723045e-08 0.00057660666 0.012777295 0.0009881097 9.6699514e-05 2.2401678e-06 0.00010706018 8.0537326e-08 0.000119345226 0.0006924967 0.00029632123 4.4560252e-07 0.0006278708 0.00012555064 8.093346e-06 1.0755235e-07 6.879764e-05 0.019832566 5.2680407e-05 1.2813199e-07 0.028771447 9.312085e-05 0.0047749155 0.00030644442 0.29402956 0.0011899888 1.2945644e-05 1.7551698e-06 4.2413e-06 0.044080094 7.9484766e-05 0.06007986 0.000631694 8.153554e-05 0.00021523607 0.00030017126 6.783226e-05 3.0060348e-06 6.804539e-06 0.00065410667
0.026817786 0.07652026 0.082831815 0.01257104 0.11312647 0.012498754 0.22779986 0.2716464 0.23347932 0.0012266799 0.1949256 0.67043155 0.11465125 0.00026870737 0.00021271994 0.25735795 0.00073390105 0.0044151735 0.00016166593 0.5952755 0.00079879037 0.0036402426 6.0208666e-05 4.930339e-05 0.0144610265 0.0004028645 0.64312917 1.9864447e-18 0.9963528 0.0035825 0.0011248792 0.9101726 5.362838e-05 0.00049209746 0.00087302306 0.0018543948 0.054657094 0.32535538 0.00058345584 0.00015681905 0.00015210445 0.0006758312 0.00100036 0.2276006 7.709495e-06 1.291484e-05 0.00030356218 0.0009262574 8.024144e-05 0.00021880868 0.00027063236 8.770912e-06 0.00016061064 0.00060875557 0.0019563425 0.00027400273 1.7405771e-05 2.4071627e-05 4.019473e-05 0.028218072 1.2380423e-06 6.658507e-07 0.000106296146 0.00028732605 0.00014406139 0.00012949677 1.8176881e-06 7.0325873e-06 4.8286324e-07 2.532776e-05 0.00016419769 3.1787276e-05 6.9310386e-07 6.0919836e-05 0.0005989083 4.950677e-06 2.0481939e-05 1.2123175e-05 9.870378e-06 0.00018941567 3.538929e-08 0.0033589494 2.1151038e-05 0.0032337918 2.6069345e-05 0.012333763 6.903836e-06 8.426632e-06 8.263137e-07 6.035834e-06 0.00016417216 2.4557953e-06 5.5614444e-05 1.2651222e-05 4.245634e-06 0.0005833891 9.430604e-06 4.8528324e-07 2.4761246e-07 1.9022349e-07 0.0004109404
0.0069005983 0.02704929 0.025792059 0.0042981887 0.03270024 0.005402665 0.10658942 0.118080065 0.1150912 0.00045651683 0.052278172 0.4388935 0.038659897 0.00021299928 8.403106e-05 0.065377325 0.00042683186 0.002113395 0.00016632359 0.3319137 0.00023363676 0.0024589875 7.3363335e-05 1.8698598e-05 0.0050510466 0.0002724032 0.423703 0.9963528 1.759832e-18 0.004716911 0.00035759396 0.98575187 1.038086e-05 0.00011401725 0.00012495292 0.00066517544 0.034016773 0.5409981 0.00027676762 1.3348484e-05 0.00010308571 0.00020725025 0.0011475048 0.24359575 1.5284268e-06 2.557591e-06 0.00012378911 0.00038488206 3.4470264e-05 7.929699e-05 0.00016296124 2.8236905e-06 1.5487303e-05 0.00041926673 0.0012480429 0.000101235986 7.3365214e-07 9.574759e-06 6.430841e-05 0.058912095 1.3750949e-07 7.956442e-08 1.692049e-05 0.00010358742 2.91847e-05 2.525711e-05 1.031688e-06 2.7144706e-06 1.7013588e-06 6.046815e-06 9.644191e-05 1.6498368e-05 1.3749695e-06 1.7711767e-05 0.0002848756 6.2904455e-06 2.1838484e-06 3.0504946e-06 1.3169839e-05 1.8485845e-05 1.5116178e-09 0.00097158377 1.0122236e-06 0.0012775528 1.1630913e-05 0.018070845 4.3518744e-06 6.010548e-06 1.856064e-07 4.4284106e-06 1.18288535e-05 2.8882357e-06 2.6329595e-05 3.2149267e-06 3.101423e-07 8.822242e-05 5.0288733e-08 5.641024e-07 2.021324e-07 1.02725096e-07 0.00010993172
0.6298833 0.0001442097 0.0013620005 5.601896e-06 0.00012743696 6.860443e-05 0.003304549 0.061507892 0.121162504 1.6311024e-07 2.2236156e-05 0.2265937 0.6600289 2.1182649e-07 1.5516353e-07 1.583925e-05 2.3635212e-07 6.581825e-05 1.1758165e-07 6.8735404e-05 5.1060215e-06 0.9466855 3.194084e-08 2.635489e-07 1.0623732e-05 3.722829e-07 0.92096865 0.0035825 0.004716911 1.3106079e-18 8.431676e-05 0.13538867 1.7794616e-08 0.00026448673 0.005785527 1.3228321e-05 2.6772477e-05 0.000113627146 2.4413397e-05 4.2489213e-05 2.1434685e-06 0.0762298 0.9022492 0.66430175 1.1409267e-09 6.223391e-09 0.13692436 0.009082269 2.213173e-07 1.485368e-07 0.30814493 2.3008713e-08 0.05022587 0.8717761 1.049285e-06 5.5222237e-05 4.6249116e-07 0.23695031 0.7612128 2.658983e-05 1.7351093e-09 2.1220192e-09 0.0027377023 0.0738052 0.018449783 1.887041e-07 9.114503e-07 0.0022254295 2.424533e-08 1.3540581e-06 0.008916765 0.0023584745 2.4893113e-08 0.008642364 5.5458306e-05 2.1794054e-07 1.3829521e-08 0.00087371934 0.6711979 1.8916727e-06 1.5790164e-08 0.0024715362 2.068915e-07 0.0010680748 0.0046409657 0.046949077 0.012687405 7.656249e-06 5.295412e-07 1.5597507e-07 0.57118714 0.01971557 0.0921356 0.009728179 3.72121e-07 2.9031995e-05 3.328366e-07 0.0049871537 6.7276665e-07 0.0003915602 4.603001e-06
0.9756798 0.101252444 0.12792876 0.2538326 0.037263516 0.5330824 0.052139938 0.0029078142 0.014049291 0.5110074 0.0053601204 0.00084762246 0.0014224736 0.10085117 0.07879898 0.002101133 0.47269148 0.91901493 0.11298597 0.00095025176 0.010503878 0.0006103769 0.019132204 0.32917488 0.0032364824 0.003465581 0.00025793546 0.0011248792 0.00035759396 8.431676e-05 7.7125035e-15 6.5482345e-05 0.10986953 0.8389908 0.5051845 0.00206648 0.0001494323 1.199371e-05 0.0075202575 0.86472064 0.00028566812 0.052394595 8.165389e-05 5.6808934e-05 0.0047532483 0.007248661 0.00094830303 0.14624764 0.007139872 0.002162901 0.0009834046 0.0027337032 0.00060641783 0.00037537832 8.5865686e-05 0.00047637924 0.4353779 8.0435515e-05 4.202196e-05 5.092288e-06 0.0012752278 0.00080361945 0.040027805 0.00033400822 3.900614e-05 0.15829994 0.001089151 0.0012369336 0.0064776484 4.5830948e-05 1.2880363e-05 0.0053165136 0.0004042876 0.00038761433 0.8759194 0.001225333 0.00025130284 0.0029602088 4.1276442e-05 0.04852444 0.00011244158 0.01996017 0.012239601 0.24280177 1.80332e-05 0.0001540986 4.091913e-06 0.0005038184 3.6625213e-06 3.7511472e-07 4.251921e-05 1.055134e-06 3.3058393e-05 2.543078e-06 0.00023501848 0.0019480418 2.475858e-05 1.5991676e-06 0.0001877478 3.914019e-06 2.1343005e-05
