4.9243783e-19 0.99218786 0.9688798 0.995129 0.91964936 0.9771211 0.8069077 0.9890696 0.34757203 0.67603403 0.9692385 0.98923093 0.82022953 0.8958066 0.8960607 0.96109295 0.86729616 0.9522077 0.45645624 0.84268916 0.78723776 0.10353892 0.6841493 0.93999 0.0911437 0.9211311 0.9246822 0.9792305 0.17511545 0.09737324 0.81389123 0.23045832 0.88896894 0.71438056 0.7433994 0.8135883 0.8805194 0.88027054 0.5153991 0.1447022 0.9296508 0.95433223 0.96376365 0.64269596 0.7943431 0.8040107 0.65630805 0.3021953 0.9001384 0.84291494 0.52354515 0.9896822 0.9124467 0.5614881 0.72268337 0.32053468 0.073624216 0.19392543 0.98417693 0.01582591 0.9578628 0.0003861672 0.9999788 0.005340219 0.16318911 0.4247968 0.9237239 0.01790223 0.6806812 0.25083727 0.01470305 0.09295011 0.004206537 0.000358174 0.19478218 0.05003231 0.12296185 0.45296714 0.020745587 0.99642694 0.8867139 0.03357704 2.4957726e-06 0.004510361 7.729007e-05 0.9663361 0.9866045 0.0013229584 0.027542531 0.014617415 0.00032838897 0.9580217 0.7107214 0.008680866 0.61359346 0.9994028 0.9999765 0.9933651 0.8594281 0.94837713 0.90444446
0.99218786 7.87037e-14 0.8771943 0.30540705 0.8443633 0.17429763 0.86124057 0.91634506 0.8398333 0.8438054 0.001428579 0.036666013 0.15507165 0.087816685 0.0016598799 0.013671208 0.0048264163 0.00042562216 0.5283202 0.0032160524 0.07426808 0.3661438 0.011687895 0.0007028662 0.54164267 0.00026261472 0.7230125 0.00030569776 0.00095730467 0.0015213737 0.18283921 0.00018806696 2.428121e-05 0.067843966 0.04773459 0.550088 0.022048183 0.06750685 0.030207422 0.026677562 0.000834274 0.0033556325 0.005011825 0.0007045839 9.570317e-05 1.2222815e-05 0.5701156 0.0010167671 0.0670604 0.17582645 1.6052572e-05 0.018221097 0.10189241 0.091959484 0.0002574847 8.724754e-06 0.07309034 0.05140834 0.00045142765 0.08095363 0.00021316938 0.00045591444 0.0013911225 0.010142681 9.3946306e-05 0.0014184901 0.039125588 9.9370445e-05 2.1157987e-06 0.01566577 6.0157356e-05 0.104624785 3.829682e-06 0.0015829934 2.5116005e-06 3.5847863e-06 0.022969835 2.6525688e-06 5.7235167e-05 0.045775652 2.716681e-05 0.00027875698 1.0156677e-05 1.051431e-07 1.5820959e-06 5.8928243e-05 0.005812892 0.0012982432 0.0006348608 0.0032241517 0.00040079342 0.00011002108 3.395796e-07 5.04601e-06 0.00014109779 0.024551239 0.0007710895 0.008224622 8.9883025e-07 2.9434981e-05 5.5980245e-06
0.9688798 0.8771943 1.0658836e-16 0.051090624 0.10633583 0.9540231 0.052362718 0.7530455 0.22715837 0.7165652 0.087835096 0.002363775 0.013003483 0.0026570314 0.07795634 0.0002705077 0.10221047 0.016471999 0.010381133 0.4604926 0.011643845 0.007455045 0.0033726818 0.008734191 0.007740112 0.01235066 0.92615116 0.00550561 0.0005738479 0.000118039316 0.735655 6.0392806e-05 0.001983764 0.00044003522 0.009005276 0.38258046 0.0038189692 0.06509718 0.21011876 0.0002506332 0.0045908643 0.00029249553 0.009148606 0.01099107 0.0006434819 1.3299715e-05 0.32166103 0.03145725 0.029520249 0.027322728 1.8825709e-05 0.0065919543 0.013806344 0.0008485416 0.00047722957 1.8053988e-05 0.08787705 0.15618837 0.00069062004 0.0037138492 0.0007921835 9.958152e-07 0.0026252796 0.00014568753 3.6643502e-07 0.004406685 0.01936188 0.001274059 1.1107845e-05 0.045570128 0.00088724535 0.07202805 6.19485e-07 0.0026259408 9.146668e-05 0.00010387907 0.08125966 1.3285898e-05 0.00030990917 0.016765337 5.3806038e-05 0.0011829424 3.961786e-07 8.789674e-07 2.3990177e-07 8.9635985e-05 0.001609759 0.0054736924 0.008173839 0.021795537 0.0011212517 4.6320536e-05 6.6167723e-07 3.4685726e-07 9.450754e-06 0.009669606 0.0003088199 0.0039267517 5.361574e-07 5.8881305e-06 2.200389e-06
0.995129 0.30540705 0.051090624 2.0639177e-14 0.97207004 0.002226422 0.59333366 0.40065947 0.1437002 0.12906013 6.003799e-06 0.42684644 0.7241125 0.5763446 5.5693017e-06 0.24371679 9.821219e-05 2.1359924e-07 0.6252581 2.8126176e-06 0.3797484 0.14265463 0.12469094 8.983392e-07 0.07902778 4.7030973e-08 0.0257146 2.9392652e-07 0.0034407289 0.05623769 0.0016315678 0.0008894645 4.3048027e-09 0.31780285 0.11048238 0.01676731 0.23247018 0.016202495 3.579097e-05 0.0830075 8.5308175e-06 0.019497743 0.00026125656 1.3745127e-07 4.5412182e-07 1.350133e-08 0.032667756 1.009087e-05 0.08900758 0.46210337 1.5411572e-07 0.0030426083 0.28374508 0.30922392 2.3417122e-06 8.2226244e-08 0.000642272 0.0002167885 5.82988e-06 0.046634134 5.819756e-07 0.00029821217 8.505046e-05 0.009996305 0.0065534394 5.4830675e-06 0.036959544 7.97488e-06 1.238798e-08 0.000349088 4.0450122e-06 0.00513811 6.376854e-05 0.00037618825 9.857819e-08 4.0264132e-07 0.00026273122 5.4422816e-08 4.7113394e-06 0.032290976 1.090354e-07 2.711044e-05 4.14873e-05 4.7330394e-07 1.182105e-05 2.0669204e-06 0.014857274 0.00011933431 4.842075e-05 0.00010625712 3.539652e-06 3.0738809e-06 7.877344e-09 1.4578593e-06 3.216334e-06 0.02617073 5.7972058e-05 0.01794593 9.675374e-09 2.0983387e-06 6.549837e-08
0.91964936 0.8443633 0.10633583 0.97207004 4.777319e-14 0.0025851652 0.954235 0.11732502 0.447009 0.1343348 2.4729741e-05 0.32410067 0.43108106 0.16501954 1.1344929e-05 0.05577536 3.3754037e-05 3.79444e-06 0.7650726 6.552567e-06 0.06856194 0.30908197 0.065481685 7.597824e-07 0.17154086 4.0217135e-08 0.010290313 5.028315e-07 0.00845952 0.082681715 0.00025038928 0.013261264 4.527186e-09 0.18066466 0.0429506 0.011979395 0.10652242 0.005363227 6.428658e-05 0.09166872 3.0211984e-06 0.04626683 0.00021092592 1.9670903e-08 4.0616823e-07 1.587263e-08 0.049603112 1.3018591e-05 0.020382797 0.13795853 2.0209347e-07 0.0006552558 0.09211658 0.10338728 5.525268e-07 1.1073513e-07 0.0026892594 0.0012433272 3.891364e-06 0.14282642 5.572875e-07 0.0023717934 0.00010235735 0.021208717 0.0021266257 1.6869196e-06 0.007309959 8.911019e-07 5.2361276e-08 3.30317e-05 4.910209e-07 0.011852517 9.143093e-05 0.00095746084 1.0212436e-07 2.2856837e-07 0.0002449924 1.253461e-07 5.0925846e-06 0.005632397 1.0305085e-07 2.9833545e-05 6.5124375e-05 5.9099157e-09 8.824518e-06 1.8742882e-06 0.005389661 0.00021494969 0.00016678375 0.00033506713 9.3440485e-07 7.146445e-07 2.1809322e-08 5.3982586e-07 1.0119313e-06 0.005583741 1.8847912e-05 0.003436818 6.351323e-08 6.4047e-07 6.4478326e-07
0.9771211 0.17429763 0.9540231 0.002226422 0.0025851652 1.6628128e-15 0.0023444206 0.83323187 0.0034717189 0.026957449 0.70710737 0.0005494238 0.0019030098 0.0001168327 0.7782264 3.4330915e-06 0.8790027 0.432095 0.0006065011 0.781315 0.007972577 0.00048329405 0.00089472014 0.19691262 0.00062156195 0.18699436 0.672661 0.044886243 0.0003238384 0.00014740233 0.7306787 1.7881983e-05 0.012237506 2.5592219e-05 0.0021292313 0.26926687 0.00060027203 0.20976676 0.46681964 7.995159e-06 0.01646494 2.269779e-05 0.04210058 0.086966015 0.0010154096 0.000105785555 0.013348326 0.053890996 0.031113848 0.012641558 7.2436196e-05 0.042452175 0.005258911 6.632535e-05 0.0025471717 6.940895e-05 0.010500839 0.13966486 0.001816045 0.00011647225 0.000532894 3.4577152e-08 0.011591476 3.3378896e-05 3.509541e-08 0.05457394 0.031676628 0.007409848 4.0964815e-06 0.1753184 0.005229648 0.0020467765 3.7641485e-07 0.0010730156 0.00047490865 0.00012320449 0.100435354 6.382129e-05 0.0009503605 0.038536176 2.023388e-05 0.0021576437 2.0913254e-07 1.0614536e-05 2.2981226e-07 8.6211956e-05 0.0017268936 0.00050739816 0.03915935 0.02859679 0.0005114221 2.724228e-05 1.281031e-06 1.9205606e-06 1.6508253e-05 0.022131838 0.0013477777 0.003978527 1.5454268e-07 1.08544245e-05 6.8267656e-07
0.8069077 0.86124057 0.052362718 0.59333366 0.954235 0.0023444206 6.63826e-13 0.030229617 0.88090134 0.31791177 5.3743577e-05 0.13176993 0.3119996 0.09831372 4.382538e-05 0.01558817 6.167034e-05 3.1958865e-05 0.94732755 2.5660478e-05 0.010230224 0.8063614 0.01918053 1.6887063e-06 0.69466954 2.5945592e-06 0.009164555 4.508137e-06 0.0016352597 0.00847062 0.00047803967 0.0023081626 1.2177682e-07 0.23045945 0.00810936 0.0076503605 0.010733827 0.0010719975 0.00035899217 0.2716192 1.2423315e-05 0.0051889555 0.000115959876 1.2037529e-07 8.230533e-06 9.404836e-08 0.09581402 1.1894395e-05 0.0031182703 0.021719186 3.8963267e-07 0.00012666441 0.008261049 0.062554725 1.7488056e-06 2.2541974e-07 0.0039009282 0.0014803881 4.095177e-06 0.4139729 2.0620867e-06 0.018402841 2.718975e-05 0.06874085 0.00032274236 1.315945e-06 0.0013774214 3.6631395e-06 1.155448e-06 7.0365226e-05 4.0318096e-06 0.021014124 4.1080402e-05 0.0008973011 2.1007745e-07 1.612817e-06 0.00026643812 6.446519e-08 2.4793359e-05 0.0017300626 3.5642492e-07 7.3334268e-06 0.0002568657 3.746748e-08 2.2463451e-05 7.1286213e-06 0.00065711816 0.0005928961 0.00010723073 0.00066019484 4.793752e-05 2.5041218e-06 7.1107564e-08 1.6411486e-06 2.1844232e-06 0.0023333558 6.713541e-05 0.0010067228 1.2678391e-06 2.4940498e-06 2.682529e-06
0.9890696 0.91634506 0.7530455 0.40065947 0.11732502 0.83323187 0.030229617 8.515201e-16 0.009262354 0.023463616 0.007953868 0.3193146 0.039470308 0.021340305 0.009915321 0.004716274 0.18443494 0.0016447824 0.009604051 0.009974465 0.7572456 0.0017662777 0.1406937 0.061849903 0.0024843882 0.00068600907 0.11880581 0.0022816279 0.003745257 0.004971495 0.022723135 0.00016014508 1.4276841e-05 0.0005390262 0.22383074 0.020107998 0.021507174 0.90908843 0.0036435872 0.00010782395 0.07275665 0.000598427 0.34085882 0.0002088598 0.0019975933 2.7082273e-05 0.010882017 0.00010875527 0.5124669 0.33307713 7.035744e-05 0.36213455 0.16627532 0.0017739483 0.0037602365 3.282711e-05 0.0011819394 0.003646533 0.0044961153 0.00018457283 0.00072660495 2.3287564e-07 0.05554492 0.0008630372 2.8653906e-06 6.446302e-05 0.3304969 0.00064692466 3.9080755e-05 0.0026022452 0.00021763929 0.005542301 4.776414e-06 0.00020120358 6.0484995e-06 3.263213e-06 0.0019037052 1.2259501e-06 0.0001116614 0.24305595 0.00044681947 1.026405e-05 2.0938398e-07 3.603372e-07 9.491472e-06 0.0006658469 0.023113552 0.00012816091 0.0012465762 0.0031000185 8.032615e-06 0.0005611698 7.028946e-08 8.57185e-07 0.00030643799 0.23714516 0.0026506672 0.058165774 1.2457115e-05 0.00013431467 4.9643524e-05
0.34757203 0.8398333 0.22715837 0.1437002 0.447009 0.0034717189 0.88090134 0.009262354 4.4879333e-15 0.981434 0.00037265004 0.0017106251 0.075577095 0.016760621 6.9052425e-05 0.0018493368 8.9435925e-05 0.00013000806 0.39393795 0.00015464376 0.000462517 0.79272676 0.001335112 7.741536e-06 0.92590696 5.2765034e-05 0.019650225 3.0082707e-05 0.00036455697 0.0005164939 0.00071719725 0.0001001695 2.0072616e-06 0.012712246 0.0012281825 0.010923556 0.00052894064 0.00014784822 0.00039520656 0.06712107 0.00018182068 6.5180735e-05 0.00032041126 1.3251674e-06 0.00013214408 1.0957991e-06 0.30106702 5.808905e-05 0.0005016401 0.00246288 2.290195e-06 1.560444e-05 0.00072710024 0.000274244 1.3350279e-05 1.592374e-06 0.016026128 0.0013013942 0.00016251394 0.28421694 2.4303195e-05 0.009186751 3.474807e-05 0.0120729925 1.9948802e-06 2.3973802e-05 0.0009027623 2.7799583e-06 2.3136645e-06 5.2187963e-05 2.566536e-06 0.14249901 4.170009e-06 0.0013444264 8.0134674e-07 1.81424e-06 0.0013616058 2.6203031e-06 6.091426e-05 0.0007736274 6.9917405e-06 5.086646e-05 9.45643e-05 2.0885568e-07 2.9161217e-07 2.9953653e-05 0.00012258052 0.0012435056 4.5901677e-05 0.0005137752 0.000117442745 5.0626757e-05 6.3811785e-07 1.4760172e-05 5.765582e-06 0.0013059396 0.00027325793 0.0004945953 2.6048096e-05 7.886917e-06 1.5413137e-06
0.67603403 0.8438054 0.7165652 0.12906013 0.1343348 0.026957449 0.31791177 0.023463616 0.981434 1.9694172e-16 0.007098876 0.0008134851 0.035571527 0.0037930245 0.00046861946 0.00031794969 0.0010267854 0.0018861624 0.018971382 0.0016756247 0.000111767404 0.108424395 0.0006500633 5.765082e-06 0.4225243 0.00045778422 0.5780835 9.175342e-05 9.171073e-05 0.0001251448 0.0396774 2.4879337e-05 4.4894614e-06 0.0029827831 0.0002593701 0.3178888 0.0002725389 0.00051505514 0.0070993034 0.016737994 0.0006582528 5.995643e-05 0.0003208397 7.6273177e-06 9.303493e-05 2.0517743e-06 0.9465098 0.0015159203 0.00037962737 0.00043432566 4.268393e-06 8.351292e-06 0.0002156367 4.121732e-05 1.085402e-05 2.7227827e-06 0.25043592 0.031910483 1.3734777e-05 0.25233975 2.0978074e-05 0.004058117 8.556475e-06 0.0009105342 1.11363356e-07 5.9003282e-06 0.0009576805 4.400574e-06 1.2903083e-05 0.00029244422 2.1343258e-06 0.4838117 2.8143498e-07 0.0063523017 4.662103e-08 2.3808344e-07 0.0189411 2.6680306e-07 6.569781e-06 0.0001561481 6.321652e-06 0.00029279361 1.3823779e-05 7.630373e-08 7.401736e-08 7.288699e-06 4.768219e-05 0.009839365 1.6797992e-05 0.00075676764 0.0009774499 7.360114e-06 1.8207615e-07 2.9080013e-07 4.638218e-06 0.0003748203 0.00027477858 9.458395e-05 5.227396e-06 1.0829066e-06 4.8199163e-06
0.9692385 0.001428579 0.087835096 6.003799e-06 2.4729741e-05 0.70710737 5.3743577e-05 0.007953868 0.00037265004 0.007098876 6.939893e-15 1.6743556e-06 9.3038565e-05 2.4685478e-06 0.9044236 4.7985843e-08 0.51370835 0.9010396 7.838519e-05 0.9081847 0.00020573902 0.00011580527 8.3412715e-06 0.107567 0.0005430671 0.5773793 0.36821783 0.2529697 3.2418416e-06 8.552118e-06 0.537789 9.884799e-08 0.29063886 9.950829e-06 1.4375239e-05 0.28964728 6.7418896e-06 0.003322468 0.5489883 9.856316e-06 0.04856905 2.0914976e-08 0.0073541612 0.5457818 0.004799071 0.00013049909 0.0042915475 0.44334617 0.00025699555 6.292466e-05 0.00010724975 0.0014362433 6.0590326e-05 1.4888363e-06 0.0014123543 9.531524e-05 0.0039616977 0.19897676 0.0013608164 4.2745996e-05 0.0015268987 2.9853126e-07 0.0030641463 1.2602945e-05 1.9330027e-08 0.64146614 0.0012496574 0.08993141 2.9968998e-05 0.7073655 0.05923723 0.0013834937 1.064308e-07 0.0005919526 0.0037542582 0.0013844315 0.29035175 0.0001012191 0.0077498765 0.0035717883 4.8970356e-05 0.08641005 2.0741393e-06 0.00019019947 5.2835026e-07 0.00012066937 1.299956e-05 0.00020902 0.46313915 0.24051753 0.0003555526 9.0333924e-05 1.7710026e-05 0.00028743045 4.543397e-05 0.0043334225 0.0021321077 0.00034841898 4.3326202e-07 3.531733e-05 1.0979037e-06
0.98923093 0.036666013 0.002363775 0.42684644 0.32410067 0.0005494238 0.13176993 0.3193146 0.0017106251 0.0008134851 1.6743556e-06 4.7515515e-16 0.7556046 0.9122513 5.2863575e-06 0.9387771 5.3922027e-05 1.7285441e-07 0.2284275 2.4459248e-06 0.78263956 0.032607485 0.8001914 2.834069e-06 0.002257851 1.8865759e-08 0.00089920557 7.379558e-07 0.10836055 0.1260327 0.00012755416 0.007478501 1.2777926e-08 0.51062864 0.13059226 0.0008701347 0.56120497 0.010851947 3.087653e-05 0.08375351 2.7274387e-05 0.01390775 0.001065669 4.4187772e-07 7.883612e-07 4.4754096e-08 0.0005210129 2.8045433e-05 0.081977025 0.2639438 4.4201005e-07 0.0025199451 0.15102944 0.6554421 9.1301797e-07 1.9336838e-07 0.0001891029 3.7905687e-05 3.2986484e-06 0.0003730734 2.2126453e-07 4.5006735e-05 0.00017091534 0.004351914 0.070267335 6.3750076e-06 0.012825029 9.630667e-06 2.3890165e-08 5.635459e-05 1.1069448e-05 0.00047787745 0.000144869 0.0004044133 4.2502638e-08 4.4271755e-07 0.00011773027 4.7678415e-07 7.0139846e-05 0.01196745 4.3439815e-07 0.00010994 6.106811e-05 3.4630875e-06 1.6438611e-05 3.2846287e-06 0.011553825 3.68645e-05 7.7339835e-05 0.0011456427 2.1301532e-06 1.5480118e-06 5.509911e-08 4.407681e-06 4.10785e-06 0.02995115 0.00015038114 0.0151142925 1.2214272e-07 1.5172601e-06 7.3321434e-07
0.82022953 0.15507165 0.013003483 0.7241125 0.43108106 0.0019030098 0.3119996 0.039470308 0.075577095 0.035571527 9.3038565e-05 0.7556046 4.8913466e-14 0.9797275 2.0515936e-05 0.51704353 3.3733988e-05 1.0065476e-05 0.9256106 7.4668983e-06 0.089271784 0.3687951 0.3178761 1.1528812e-06 0.013426108 7.3412605e-07 0.0021670025 2.325923e-06 0.07202769 0.2753274 0.0001320564 0.043779876 1.4416052e-07 0.9326256 0.047056053 0.0005744666 0.18902235 0.0016675951 3.740431e-05 0.30996373 2.7918892e-05 0.11676162 0.00018386728 6.278564e-07 6.712724e-06 5.4823612e-08 0.0061290762 3.5905156e-05 0.0066097504 0.058920495 1.9598558e-07 0.0009623419 0.02524205 0.69038725 1.295752e-06 1.055746e-06 0.0005597681 0.00017107581 1.622808e-05 0.02030323 1.5804071e-06 0.0022102012 3.2735446e-05 0.25544494 0.017840814 1.0068472e-05 0.0037430646 4.794971e-06 5.3210456e-06 7.523004e-05 2.327734e-06 0.002450715 0.0075835166 0.0003903777 8.115195e-08 4.6159224e-07 3.8895218e-05 2.1682685e-07 1.639099e-05 0.0030964552 2.5560546e-06 5.9495578e-05 0.0011215617 3.2898438e-07 6.160245e-05 9.874634e-06 0.0033742466 4.8064325e-05 4.260339e-05 0.00010114209 2.766829e-06 1.2400717e-05 4.387435e-07 1.0879478e-06 2.1588216e-06 0.002850074 2.1296872e-05 0.0023665596 7.934121e-06 3.5403575e-06 2.2911878e-07
0.8958066 0.087816685 0.0026570314 0.5763446 0.16501954 0.0001168327 0.09831372 0.021340305 0.016760621 0.0037930245 2.4685478e-06 0.9122513 0.9797275 5.38637e-16 6.222431e-07 0.9169244 8.7678643e-07 5.351939e-07 0.6870525 7.6710705e-08 0.1498627 0.09184235 0.5797769 4.0151836e-08 0.0017255355 3.5784673e-08 0.00043744128 8.8547814e-08 0.11299547 0.6797691 6.182866e-06 0.13704081 4.5854986e-09 0.593762 0.05801783 0.00016442491 0.42158464 0.0010845495 1.8469837e-06 0.08214771 6.383053e-07 0.19846836 3.0491742e-06 3.0213997e-08 2.422951e-07 4.2892876e-09 0.0008893102 5.5262294e-06 0.009524051 0.13868654 1.9738513e-08 0.00024251855 0.08253648 0.58268017 1.0401234e-07 1.2159718e-07 0.00013134212 1.5842106e-05 8.5249087e-07 0.0012238959 3.831037e-08 0.00038064405 2.716593e-05 0.10230902 0.037815705 5.732043e-07 0.0059693875 7.2943067e-07 1.9012683e-07 3.63153e-05 1.3658637e-07 0.0012153876 0.0045669144 0.00010144648 3.9032013e-08 1.3768599e-07 3.366555e-06 5.301198e-07 4.833288e-06 0.003812757 5.6496944e-08 1.1490311e-05 0.00029089933 2.0384952e-07 3.031726e-05 3.6015342e-07 0.008748242 4.552707e-06 8.2075014e-05 9.281116e-05 9.5101264e-08 6.489145e-07 1.01944146e-07 1.4615519e-05 1.7813225e-08 0.0069507384 2.4213143e-06 0.004543976 2.5924655e-07 2.1684359e-07 8.6523455e-09
0.8960607 0.0016598799 0.07795634 5.5693017e-06 1.1344929e-05 0.7782264 4.382538e-05 0.009915321 6.9052425e-05 0.00046861946 0.9044236 5.2863575e-06 2.0515936e-05 6.222431e-07 1.5565354e-16 1.1456271e-07 0.89793 0.9594353 1.0974572e-05 0.8705957 0.00028702617 1.1360682e-05 1.5731568e-05 0.38825673 1.4010641e-05 0.5649796 0.028410032 0.813637 1.575967e-06 2.4720712e-05 0.07292999 1.314225e-07 0.46573442 2.2796307e-06 1.801383e-05 0.021901041 8.20019e-06 0.0043100365 0.09270555 7.240828e-07 0.20436734 5.09913e-08 0.04814605 0.20237102 0.060734496 0.011588205 0.0003254713 0.07059455 0.0005241736 5.731344e-05 0.0055892025 0.0017457897 1.8904273e-05 3.9606374e-07 0.013662885 0.010192706 0.00062666903 0.008441013 0.004842553 1.1030836e-05 0.0059166076 1.0835346e-08 0.008450348 3.6670613e-06 5.8120357e-09 0.084542535 0.002104945 0.048224296 0.00062650535 0.03815436 0.0366794 0.00031187342 9.302236e-08 0.00014113613 0.004446882 0.0017430248 0.012936346 0.0004920198 0.020000558 0.0032537233 0.00048164453 0.0070969705 3.1625416e-07 0.0006695185 1.1576225e-07 0.00018307936 5.4603188e-05 1.5632831e-05 0.018621068 0.0037075288 1.4899948e-05 0.00024118654 3.703558e-05 0.00010336292 0.00020183396 0.0027336378 0.0034968161 0.0005209515 2.6273572e-06 8.245134e-05 2.0178553e-05
0.96109295 0.013671208 0.0002705077 0.24371679 0.05577536 3.4330915e-06 0.01558817 0.004716274 0.0018493368 0.00031794969 4.7985843e-08 0.9387771 0.51704353 0.9169244 1.1456271e-07 7.781598e-15 2.7769904e-08 1.6167576e-08 0.2273269 7.212874e-09 0.1412088 0.021777939 0.76860183 3.4002259e-09 0.0002662537 4.8362336e-10 4.231263e-05 1.1285367e-08 0.44431868 0.89933074 7.351889e-07 0.54641104 8.823919e-10 0.33839887 0.080555655 8.464817e-06 0.7029055 0.00035706675 1.0239308e-06 0.046352103 3.042345e-08 0.7245986 7.546271e-07 6.992624e-09 7.873469e-09 5.199134e-09 6.069327e-05 4.9228873e-07 0.013720887 0.23170589 1.3429826e-08 3.349136e-05 0.13652983 0.8773933 3.875019e-09 6.1275635e-08 9.599298e-06 1.4919925e-05 2.8685866e-08 0.00047967868 6.9014887e-09 8.301462e-05 6.540474e-06 0.02633167 0.5754958 2.393558e-07 0.0036495528 1.257474e-06 1.3978694e-08 2.36831e-06 5.549147e-07 0.00022582029 0.008729914 8.5773e-06 8.3443574e-08 2.5653577e-07 1.5427254e-06 2.0007876e-07 4.9493506e-06 0.0007052747 2.6924551e-08 1.4230067e-05 8.1936036e-05 3.8192817e-07 0.00011741229 3.704282e-07 0.04155056 2.7504336e-06 4.0563293e-05 2.7046166e-05 5.244161e-07 3.186022e-08 6.9768635e-09 3.1701768e-06 3.926985e-08 0.0027740765 3.0217993e-07 0.0075184945 7.674243e-09 2.5115403e-08 4.651555e-10
0.86729616 0.0048264163 0.10221047 9.821219e-05 3.3754037e-05 0.8790027 6.167034e-05 0.18443494 8.9435925e-05 0.0010267854 0.51370835 5.3922027e-05 3.3733988e-05 8.7678643e-07 0.89793 2.7769904e-08 4.919673e-16 0.5589166 9.8200335e-06 0.44553238 0.0013007242 5.4480356e-06 0.00019648948 0.98428667 2.885744e-06 0.15210201 0.0064365407 0.7496084 7.987051e-06 0.00010594679 0.015498971 7.4495324e-07 0.08104582 2.4240662e-06 0.00012377636 0.0010920555 2.2915878e-05 0.08752087 0.009251818 3.960683e-07 0.53714836 1.2266511e-07 0.18276358 0.030321838 0.14164701 0.049507577 3.0522977e-05 0.009901709 0.0029488928 0.00051584165 0.023255888 0.037962776 0.00032899805 1.0154599e-06 0.08009578 0.025532562 3.372112e-05 0.0006834342 0.022401921 1.0893229e-05 0.014650003 3.649942e-09 0.0475031 1.2779857e-07 8.224361e-09 0.0044803084 0.0066481805 0.011530154 0.00054876873 0.002427003 0.008912358 5.3607666e-05 6.620348e-08 2.4811574e-05 0.0022831764 0.00082866306 0.0009047805 0.0006904656 0.00449421 0.009758778 0.0009975767 0.00049126544 1.6379072e-08 0.0003114365 7.298986e-08 0.00088671246 0.0004084283 9.195279e-07 0.0011466761 0.00021512524 8.149663e-06 0.0007102983 7.781993e-05 5.922702e-05 0.00063674134 0.0076700733 0.006288947 0.0015110733 5.3081617e-06 0.00031641094 4.1967414e-05
0.9522077 0.00042562216 0.016471999 2.1359924e-07 3.79444e-06 0.432095 3.1958865e-05 0.0016447824 0.00013000806 0.0018861624 0.9010396 1.7285441e-07 1.0065476e-05 5.351939e-07 0.9594353 1.6167576e-08 0.5589166 2.2881672e-15 1.8890543e-05 0.92483574 6.0102477e-05 2.2899121e-05 1.8881616e-06 0.18643983 0.00013239258 0.84093094 0.09412501 0.73465014 2.5629956e-07 1.3968099e-06 0.24257869 2.400962e-08 0.6417765 1.8162084e-06 2.6576229e-06 0.10222143 1.2933125e-06 0.0008837361 0.3105164 3.9219963e-06 0.069364816 1.6430096e-09 0.0155653 0.57459325 0.022021694 0.0027677817 0.0036416694 0.29438496 5.8849615e-05 9.787292e-06 0.001034106 0.00043500922 4.6444984e-06 3.62177e-07 0.0063784597 0.002954927 0.0017204112 0.04775862 0.0035877214 1.00999105e-05 0.0041766004 2.125412e-07 0.0030400283 4.5965216e-06 3.3945557e-09 0.52290064 0.00044453933 0.10888433 0.00038638272 0.3766704 0.080960274 0.0015183907 5.841601e-08 0.0003549135 0.035317317 0.008766319 0.080265 0.00057879667 0.024236059 0.0009246565 0.00012549317 0.056697972 4.532971e-07 0.0007290274 4.4293924e-07 0.000106411164 1.8800364e-06 5.345926e-05 0.17196897 0.031188726 0.00014025392 0.00014912251 5.489134e-05 0.00062464306 0.0001567609 0.0010183252 0.003569517 0.00023455544 3.3803758e-06 8.056233e-05 1.6123471e-05
0.45645624 0.5283202 0.010381133 0.6252581 0.7650726 0.0006065011 0.94732755 0.009604051 0.39393795 0.018971382 7.838519e-05 0.2284275 0.9256106 0.6870525 1.0974572e-05 0.2273269 9.8200335e-06 1.8890543e-05 7.7542107e-13 2.235025e-06 0.009364523 0.97031873 0.04297311 9.092954e-07 0.3173777 2.2823654e-06 0.00039231696 2.3393238e-06 0.0028313233 0.009000021 4.737488e-05 0.005387328 1.4756161e-07 0.8015334 0.0038369447 0.00052903825 0.012139865 0.0005433088 5.0101826e-05 0.7519444 1.0874255e-05 0.0076280236 1.6551083e-05 1.3014903e-07 2.0312693e-06 1.9069611e-07 0.00486792 8.512198e-06 0.0006955549 0.00883807 2.827126e-08 0.00011797788 0.0040825037 0.16911638 1.1562279e-07 4.4828144e-07 0.0006848086 0.00014029662 3.8860976e-06 0.22325805 5.773971e-07 0.02645729 4.0460927e-06 0.3506282 0.0021452375 3.8789294e-06 0.00057885406 5.638187e-06 1.4010667e-05 2.27126e-05 2.9712774e-06 0.00198064 0.0006973013 6.7391804e-05 1.2515392e-07 5.560584e-07 2.0857484e-05 3.2874914e-07 8.783699e-05 0.00054822344 1.5300157e-07 6.594686e-05 0.001131998 2.3521677e-07 4.6278852e-05 1.1118333e-06 0.0003584318 7.5021885e-06 3.4825902e-05 6.504455e-05 1.0190445e-06 4.074569e-06 8.943481e-07 7.797772e-05 2.5084873e-07 0.0010515158 1.9640227e-05 0.0004422886 1.0507293e-05 7.221678e-07 2.59609e-07
0.84268916 0.0032160524 0.4604926 2.8126176e-06 6.552567e-06 0.781315 2.5660478e-05 0.009974465 0.00015464376 0.0016756247 0.9081847 2.4459248e-06 7.4668983e-06 7.6710705e-08 0.8705957 7.212874e-09 0.44553238 0.92483574 2.235025e-06 1.8210013e-18 6.203872e-05 5.987858e-06 1.831439e-05 0.076094575 2.4933186e-05 0.96451336 0.16336027 0.48447812 2.509751e-07 9.302969e-07 0.3642544 1.055463e-08 0.5754118 9.10809e-07 8.614197e-06 0.03201322 4.5887386e-06 0.0019052255 0.49198455 3.004211e-07 0.04641058 4.374489e-08 0.014385477 0.6107253 0.0077984864 0.00037816932 0.0005640387 0.5025011 0.00022691871 2.8441427e-05 0.00024853527 0.0007699238 3.553009e-05 8.548073e-08 0.0031060718 0.00078181416 0.0029345304 0.044986285 0.0015648397 6.3252523e-06 0.0033313737 2.8290772e-09 0.0037198574 1.9956443e-07 3.0069225e-09 0.1380726 0.0017017216 0.24889366 0.00013718354 0.15996727 0.1615764 4.1118892e-05 5.0757063e-08 0.0011576954 0.0067221066 0.00533888 0.03205006 0.00029162792 0.039205644 0.0035733576 0.0002582143 0.018513028 1.9955763e-08 0.00093232066 3.779764e-09 0.00013796405 1.3789559e-05 0.00011929357 0.041653935 0.025631681 0.0005547402 0.00036754855 1.1190578e-05 0.00018365259 3.649619e-05 0.0014947319 0.0013158912 0.00016999252 2.7601098e-07 2.8670622e-05 9.340886e-07
0.78723776 0.07426808 0.011643845 0.3797484 0.06856194 0.007972577 0.010230224 0.7572456 0.000462517 0.000111767404 0.00020573902 0.78263956 0.089271784 0.1498627 0.00028702617 0.1412088 0.0013007242 6.0102477e-05 0.009364523 6.203872e-05 2.2347783e-15 0.00025746235 0.94028383 0.00033683146 6.1161622e-06 6.5579998e-06 0.0010824247 9.6609176e-05 0.4250154 0.03598432 5.448095e-05 0.0048322952 5.0563135e-06 0.0006491931 0.9770206 9.764e-05 0.8283734 0.44207928 5.301509e-06 2.4709469e-05 0.0016733276 0.0053023966 0.009606291 8.978417e-07 0.00014895991 2.8690624e-06 5.192405e-05 3.6229462e-06 0.6863716 0.68464285 4.2965716e-05 0.1252401 0.5144563 0.0008689761 0.00018335298 5.8316655e-06 1.8641094e-06 7.3458126e-05 0.00076632155 2.0572205e-07 0.00027296648 2.3317483e-08 0.004752992 2.7590837e-05 0.000594957 2.346812e-06 0.15190862 2.2280648e-07 4.9286728e-06 2.0591027e-05 1.5975114e-07 0.0006938122 2.9878236e-06 1.6561496e-06 6.054363e-08 1.03150754e-07 0.00010146555 4.2824416e-07 3.1349842e-07 0.062009957 8.2321945e-05 8.8439657e-07 1.2464393e-06 1.5679472e-09 0.00010657549 7.938242e-05 0.05202228 1.2403112e-06 7.389206e-05 8.658759e-05 8.7078284e-08 0.0004023431 9.833645e-07 7.188664e-06 0.00018392724 0.114743374 0.0006389957 0.09549353 0.00018879115 0.00023775706 0.0001165906
0.10353892 0.3661438 0.007455045 0.14265463 0.30908197 0.00048329405 0.8063614 0.0017662777 0.79272676 0.108424395 0.00011580527 0.032607485 0.3687951 0.09184235 1.1360682e-05 0.021777939 5.4480356e-06 2.2899121e-05 0.97031873 5.987858e-06 0.00025746235 4.2686018e-15 0.004385938 3.9943248e-07 0.96393526 1.4220293e-06 0.0006779265 2.1031146e-06 0.00017979532 0.0006361134 4.6165387e-05 0.0004051916 3.0731084e-07 0.35680503 0.00032574922 0.0007168951 0.00044960057 7.4598947e-06 1.8792613e-05 0.9314246 1.0451677e-05 0.00017510018 2.5552918e-06 1.6164564e-07 1.6544243e-06 7.6092075e-09 0.014456835 8.904104e-07 2.1374211e-05 0.00047120344 1.043081e-08 8.573263e-07 0.00023489479 0.025221234 1.7697802e-07 6.205922e-08 0.00052046037 0.000105771935 6.870988e-06 0.46547693 1.1702806e-06 0.15427636 4.659474e-07 0.45191875 0.00013771036 7.591986e-07 0.00010679709 3.2030968e-07 2.8119e-07 2.862685e-05 2.6005972e-07 0.003059327 0.00011403161 0.00010378836 2.9611753e-08 3.8269823e-07 1.1819595e-05 7.207487e-08 1.7512523e-06 0.00019065294 2.0851397e-07 9.7780185e-06 0.005876634 5.896573e-09 6.4000356e-05 1.7328413e-06 2.7665717e-05 2.7121096e-05 2.516182e-06 1.1267758e-05 8.2980256e-07 2.2889897e-06 9.7897285e-08 1.4685537e-06 5.542351e-09 0.00046544048 3.410515e-05 0.00011437414 5.1900115e-06 1.0084491e-07 8.7950106e-08
0.6841493 0.011687895 0.0033726818 0.12469094 0.065481685 0.00089472014 0.01918053 0.1406937 0.001335112 0.0006500633 8.3412715e-06 0.8001914 0.3178761 0.5797769 1.5731568e-05 0.76860183 0.00019648948 1.8881616e-06 0.04297311 1.831439e-05 0.94028383 0.004385938 2.5052175e-14 1.2553715e-05 0.00033449146 1.0122835e-06 0.0011134202 4.3769514e-06 0.9859656 0.4989365 0.0002198235 0.13937417 8.997067e-07 0.04604318 0.18255672 0.002142975 0.7754303 0.009682465 3.6431124e-05 0.0011952269 3.982128e-05 0.056762826 0.00026116142 2.9494367e-06 4.263487e-06 4.808455e-07 8.3482555e-05 2.6904212e-05 0.067213856 0.14721894 5.6593774e-07 0.001456267 0.079783015 0.081852965 3.3074366e-06 3.3443914e-06 3.4966506e-05 3.1697793e-05 3.216299e-05 8.081815e-06 2.442058e-06 5.981083e-06 0.00010360402 0.00059256796 0.052672543 5.0812473e-06 0.0057803374 5.569541e-06 6.1046677e-07 2.7122544e-05 4.7108097e-06 0.00012121517 0.00011197993 1.3382784e-05 4.3908673e-07 4.351787e-06 5.172246e-05 4.8947036e-06 1.2831261e-05 0.0032975585 6.542604e-07 1.35028695e-05 2.3266707e-06 3.456932e-07 5.1701256e-05 1.226774e-05 0.009728703 3.9470688e-06 2.0372913e-06 0.00016471604 5.729497e-07 5.0882154e-06 4.88478e-06 2.214788e-05 3.9716252e-07 0.009523947 4.0827275e-05 0.0071409885 9.983028e-07 9.935993e-07 3.4524643e-07
0.93999 0.0007028662 0.008734191 8.983392e-07 7.597824e-07 0.19691262 1.6887063e-06 0.061849903 7.741536e-06 5.765082e-06 0.107567 2.834069e-06 1.1528812e-06 4.0151836e-08 0.38825673 3.4002259e-09 0.98428667 0.18643983 9.092954e-07 0.076094575 0.00033683146 3.9943248e-07 1.2553715e-05 3.5588953e-17 6.9695756e-07 0.039066 0.00022644764 0.90836847 4.1701344e-07 1.5961652e-05 0.0012171327 2.2589866e-08 0.055703864 2.8180182e-07 3.1264513e-05 3.2697786e-05 2.5583836e-06 0.07600876 0.001559098 9.837759e-08 0.8800067 5.3425794e-08 0.41854066 0.0075943796 0.4525388 0.13178055 2.9334515e-07 0.0018830117 0.0017772511 9.286765e-05 0.1092221 0.047630336 3.8432878e-05 2.1706953e-07 0.32813063 0.070116386 2.0169116e-06 9.180624e-06 0.11682544 1.3977002e-06 0.0828416 1.6601186e-08 0.17160203 3.1658445e-08 4.725196e-09 0.0009383984 0.006813612 0.0047607454 0.00090378226 0.0005303081 0.003166536 2.3672646e-06 5.5325412e-08 3.97384e-06 0.001693763 0.0006199159 3.2479286e-06 0.000427836 0.002877906 0.008517997 0.006572852 0.00042831732 1.9589615e-08 0.00013169971 1.5545478e-08 0.003905056 0.00038992285 4.657117e-08 2.5813835e-05 1.4004895e-05 4.4111367e-08 0.0019884415 1.7209879e-05 1.2331961e-05 0.0016907466 0.005543089 0.014541838 0.0019779967 2.2479837e-06 0.0006801364 7.5573626e-05
0.0911437 0.54164267 0.007740112 0.07902778 0.17154086 0.00062156195 0.69466954 0.0024843882 0.92590696 0.4225243 0.0005430671 0.002257851 0.013426108 0.0017255355 1.4010641e-05 0.0002662537 2.885744e-06 0.00013239258 0.3173777 2.4933186e-05 6.1161622e-06 0.96393526 0.00033449146 6.9695756e-07 3.5954163e-14 1.0056937e-05 0.002305391 3.2755788e-06 2.7321405e-05 3.9431716e-06 0.00018663295 2.7703578e-05 1.2886647e-06 0.030476527 4.827037e-06 0.0023299581 5.2177664e-05 1.8943429e-06 3.045546e-05 0.7603153 2.3865243e-05 2.814162e-05 7.961771e-06 6.7757446e-07 2.7143153e-06 9.8217285e-08 0.081886135 8.535757e-06 5.2429887e-06 3.4585843e-05 1.7974617e-07 6.762998e-08 3.3725304e-05 0.00030050924 5.3597853e-07 6.23321e-07 0.007601445 0.00019174149 1.2744965e-05 0.97088 6.1956152e-06 0.310276 6.2732643e-06 0.09112378 6.142469e-07 1.6363205e-05 0.00014904133 2.4407097e-06 5.1092507e-06 2.8875846e-05 1.3445322e-06 0.06965554 2.3157575e-06 0.0038141028 1.0860387e-07 8.114542e-07 0.000754986 3.4526738e-06 5.2121664e-05 0.00011863112 7.7700383e-07 7.066414e-05 0.0019043108 9.009024e-08 9.081545e-06 3.608226e-06 1.9153946e-05 0.0011582548 5.9389513e-05 0.0007150563 6.932645e-05 2.3220633e-05 4.7502167e-06 2.2487415e-05 1.4189555e-06 0.0010350305 0.0003304259 8.265738e-05 9.488209e-05 1.1827511e-05 1.0682842e-05
0.9211311 0.00026261472 0.01235066 4.7030973e-08 4.0217135e-08 0.18699436 2.5945592e-06 0.00068600907 5.2765034e-05 0.00045778422 0.5773793 1.8865759e-08 7.3412605e-07 3.5784673e-08 0.5649796 4.8362336e-10 0.15210201 0.84093094 2.2823654e-06 0.96451336 6.5579998e-06 1.4220293e-06 1.0122835e-06 0.039066 1.0056937e-05 2.4255948e-17 0.016472304 0.650644 3.833091e-08 1.5781209e-06 0.13493812 1.3416462e-08 0.93924314 9.809821e-08 4.281772e-07 0.049196165 1.7629402e-06 0.00034849622 0.2959333 3.2658704e-07 0.0515927 5.7097824e-09 0.011948007 0.7704407 0.023722855 0.002626627 0.0007586099 0.47703335 9.63798e-06 1.7778553e-06 0.00094973535 0.00021674758 1.5941457e-06 1.5981353e-08 0.007015205 0.0012337263 0.0020324746 0.05344439 0.0043663294 4.431123e-06 0.009982185 8.118521e-09 0.002504725 4.0054942e-07 5.2120885e-10 0.6924221 0.00026397567 0.35262397 0.0009354293 0.49667543 0.26701072 0.0003159752 2.8821932e-08 0.00085489464 0.083349146 0.03157568 0.085568756 0.00089363457 0.064389974 0.00079823716 0.00068179274 0.10920317 3.73578e-08 0.003118364 3.2341212e-08 0.00020070013 3.608971e-07 0.00020475895 0.2833433 0.07075096 0.00029118106 0.000671051 2.7563276e-05 0.0011623069 0.00053032633 0.0004745548 0.0063883523 5.9327303e-05 3.6773786e-06 9.04372e-05 2.3198212e-05
0.9246822 0.7230125 0.92615116 0.0257146 0.010290313 0.672661 0.009164555 0.11880581 0.019650225 0.5780835 0.36821783 0.00089920557 0.0021670025 0.00043744128 0.028410032 4.231263e-05 0.0064365407 0.09412501 0.00039231696 0.16336027 0.0010824247 0.0006779265 0.0011134202 0.00022644764 0.002305391 0.016472304 3.8377627e-17 0.005344027 5.707459e-05 0.00028784195 0.9719181 5.5794266e-05 0.0012034443 0.00017984382 0.00091790315 0.9639307 0.0007068901 0.0043321415 0.5444326 0.00030218987 0.00089909835 0.00093176286 0.0012403019 0.0017979882 0.000117955606 2.802681e-06 0.605774 0.06640341 0.0028559172 0.004153762 1.0647623e-06 0.00013591323 0.0021067583 1.5229683e-05 1.41392175e-05 9.113994e-06 0.44018796 0.43033162 0.00010531356 0.00081849424 0.00023728161 2.3951716e-06 0.00019271843 5.1292896e-05 1.0776793e-06 0.004213033 0.005318489 4.2934178e-05 1.0025586e-05 0.105067894 2.369425e-05 0.23924752 6.776631e-07 0.09996901 2.882219e-07 9.5326146e-07 0.17173548 1.1118078e-06 5.3690397e-05 0.009687887 3.852312e-06 0.0034908669 1.778778e-06 1.8111155e-07 2.5116078e-06 3.4708214e-06 0.0010906291 0.07287499 0.015805775 0.08738584 0.008328065 1.8424756e-05 2.468622e-07 1.3402959e-06 6.797511e-07 0.024264853 0.00014305592 0.0014072508 4.3769577e-07 2.4518288e-06 7.304916e-07
0.9792305 0.00030569776 0.00550561 2.9392652e-07 5.028315e-07 0.044886243 4.508137e-06 0.0022816279 3.0082707e-05 9.175342e-05 0.2529697 7.379558e-07 2.325923e-06 8.8547814e-08 0.813637 1.1285367e-08 0.7496084 0.73465014 2.3393238e-06 0.48447812 9.6609176e-05 2.1031146e-06 4.3769514e-06 0.90836847 3.2755788e-06 0.650644 0.005344027 9.691548e-14 9.511166e-07 5.5294404e-06 0.013800559 7.595726e-08 0.91627747 1.825367e-07 9.0536905e-06 0.0023842645 7.4477252e-06 0.003658303 0.037353292 1.1047506e-06 0.6756981 6.119085e-08 0.07597282 0.4321468 0.6336909 0.8095697 9.0550166e-05 0.10540144 0.00030602448 1.8557648e-05 0.32913223 0.0043718684 1.1137652e-05 4.397023e-07 0.28442362 0.6220511 3.661842e-05 0.0037776744 0.116914734 4.55919e-06 0.35482326 9.024549e-09 0.033360068 4.917435e-07 8.530105e-09 0.08354587 0.0018642705 0.18559603 0.087114014 0.03428501 0.15796097 0.00031606018 3.2329247e-08 1.2425673e-05 0.39688295 0.17957312 0.0017000687 0.08025235 0.18498807 0.002077123 0.03544971 0.005884847 2.2227429e-08 0.017774928 2.2821922e-07 0.008509213 1.7846869e-05 1.7591715e-06 0.016070534 0.00075717404 3.4154311e-06 0.009720954 0.0045837834 0.0037712655 0.0053458544 0.0012972994 0.027463078 0.0006241217 0.00013328671 0.0024596315 0.0008030912
0.17511545 0.00095730467 0.0005738479 0.0034407289 0.00845952 0.0003238384 0.0016352597 0.003745257 0.00036455697 9.171073e-05 3.2418416e-06 0.10836055 0.07202769 0.11299547 1.575967e-06 0.44431868 7.987051e-06 2.5629956e-07 0.0028313233 2.509751e-07 0.4250154 0.00017979532 0.9859656 4.1701344e-07 2.7321405e-05 3.833091e-08 5.707459e-05 9.511166e-07 1.7777964e-15 0.90052915 9.472573e-06 0.7962165 1.9428013e-08 0.0033025893 0.0627172 8.784822e-05 0.88937867 0.0014232212 8.0096316e-07 9.403335e-05 2.85966e-06 0.61424625 0.00012859234 3.9606792e-07 8.6006025e-08 2.9898526e-08 9.34399e-06 1.1593974e-06 0.013020554 0.032025266 2.9457725e-09 0.00021233385 0.01925119 0.015234253 3.056677e-08 8.558465e-08 1.1684706e-06 6.2550225e-07 9.325811e-06 6.896863e-07 4.8316654e-08 1.0684587e-06 2.3340303e-05 9.574964e-05 0.04901788 6.065178e-07 0.0020885302 3.911487e-07 2.7771863e-08 2.0848684e-06 8.3466816e-08 1.0572065e-05 0.00018077705 8.773326e-07 8.159336e-08 1.438426e-07 2.1340206e-06 6.0216216e-06 5.7167085e-07 0.0007326793 1.20827925e-08 3.3532986e-06 2.7905526e-07 2.3368775e-08 8.1238955e-05 9.032091e-07 0.026752487 1.8923718e-07 1.7881529e-06 2.2089684e-05 1.4432498e-08 4.766055e-07 1.2896323e-06 8.79738e-07 6.102135e-09 0.0035503472 6.264117e-06 0.003591889 9.7323856e-08 2.2523997e-08 2.0616964e-09
0.09737324 0.0015213737 0.000118039316 0.05623769 0.082681715 0.00014740233 0.00847062 0.004971495 0.0005164939 0.0001251448 8.552118e-06 0.1260327 0.2753274 0.6797691 2.4720712e-05 0.89933074 0.00010594679 1.3968099e-06 0.009000021 9.302969e-07 0.03598432 0.0006361134 0.4989365 1.5961652e-05 3.9431716e-06 1.5781209e-06 0.00028784195 5.5294404e-06 0.90052915 7.845532e-15 2.3731565e-05 0.9907814 1.6431297e-06 0.0050174273 0.0072445036 0.0001706318 0.33132574 0.00090848113 4.132097e-06 0.0003317587 1.1280972e-05 0.11490057 8.3004874e-05 2.2320196e-06 4.0685577e-06 2.864284e-06 8.3005354e-05 4.5916368e-06 0.0027809804 0.009757271 4.5577573e-07 3.9073413e-05 0.003799677 0.014049927 6.942086e-07 3.2263401e-06 8.064031e-06 1.5440119e-06 4.4976096e-05 1.288333e-06 2.960131e-06 2.6966209e-06 4.3239666e-06 0.00018307727 0.07275187 3.0277602e-06 0.0016077664 1.3300851e-06 7.845215e-08 1.2292475e-05 2.9818867e-07 2.232604e-05 0.00072346645 4.6243404e-06 6.107987e-07 4.7477226e-07 1.0196263e-05 7.076263e-06 1.5297568e-06 0.000821447 4.1982526e-06 7.3209603e-06 2.5777854e-06 3.3123814e-07 0.00010570618 2.8733166e-05 0.009793932 2.045496e-07 6.8747266e-07 3.287518e-06 6.9802444e-09 2.9769655e-05 1.78628e-06 7.183278e-08 9.69509e-08 0.0009767478 9.3281915e-07 0.0049854964 3.4846695e-07 1.1954296e-06 2.5108985e-08
0.81389123 0.18283921 0.735655 0.0016315678 0.00025038928 0.7306787 0.00047803967 0.022723135 0.00071719725 0.0396774 0.537789 0.00012755416 0.0001320564 6.182866e-06 0.07292999 7.351889e-07 0.015498971 0.24257869 4.737488e-05 0.3642544 5.448095e-05 4.6165387e-05 0.0002198235 0.0012171327 0.00018663295 0.13493812 0.9719181 0.013800559 9.472573e-06 2.3731565e-05 2.404332e-18 2.659139e-06 0.01206687 7.0083174e-06 6.5592976e-05 0.6771227 6.7244524e-05 0.0012318275 0.98288065 6.6725265e-06 0.0029198718 1.1237925e-05 0.0030808216 0.014514656 0.0008255993 3.6039397e-05 0.06104761 0.26554283 0.00051863113 0.00062918325 1.9539622e-05 0.00010508471 0.00039926838 8.37516e-07 0.00013030037 2.377882e-05 0.11974637 0.5258268 0.00020974662 2.6422487e-05 0.00032858446 1.2134527e-08 0.00020053789 5.668408e-07 5.479891e-09 0.076313384 0.0020034858 0.00031673154 0.00019114047 0.40742466 0.00016992574 0.008119307 1.0985787e-07 0.041331965 4.196739e-06 1.986653e-05 0.39939696 6.0301554e-06 0.00018284381 0.0022127256 3.7165046e-05 0.019158656 8.750581e-09 3.0691674e-06 5.6039003e-08 9.695479e-06 4.3571003e-05 0.018251184 0.062752835 0.15869503 0.0065092747 9.6284406e-05 1.1027381e-06 2.3419947e-05 4.9050304e-06 0.0047786585 0.00068856095 0.00051952613 2.1166463e-06 1.3216141e-05 3.413487e-06
