6.490179e-20 0.96219146 0.9682798 0.95426667 0.92419857 0.96916103 0.7052486 0.8431417 0.9008923 0.88585496 0.85836446 0.91105247 0.956971 0.9835572 0.960961 0.78694284 0.98320013 0.24284577 0.88160443 0.35951957 0.5918828 0.60096264 0.85584253 0.80374986 0.7315485 0.9861863 0.40498963 0.8029248 0.9388474 0.93081963 0.6463831 0.68755704 0.93227917 0.98015624 0.8888444 0.91360635 0.8884799 0.68029493 0.47765157 0.83108675 0.5732997 0.8156379 0.77636945 0.9705583 0.9857284 0.040423363 0.9756124 0.8893877 0.902245 0.023927461 0.9225572 0.072190754 0.6589568 0.97254395 0.9525843 0.16514154 0.9266874 0.8119355 0.070244975 0.8430535 0.85051554 0.3409453 0.19528073 0.0057932907 0.053418454 0.008916094 0.007514605 0.9979189 0.9955489 0.0010115681 0.0013598591 0.017120026 0.02143066 0.9169015 0.0043665017 0.05422202 0.17465457 0.9986317 0.6778485 0.024542907 0.00012255526 0.0014034183 0.014210724 0.0717864 1.7348646e-05 0.2130106 0.99546075 0.97067326 0.028307814 0.0035775704 0.3081253 0.99379957 0.00022952305 0.0007932726 0.0021810315 0.098349586 0.99659437 0.99932563 0.97244537 0.0016597683 2.2046792e-05
0.96219146 5.593682e-15 0.76475817 0.59111893 0.961766 0.8826444 0.92059684 0.24521457 0.08127552 0.82977504 0.6996486 0.41620287 0.8464336 0.10719109 0.2784402 0.024559928 0.044422735 0.40628967 0.0006567557 0.16754298 0.10629575 0.10379945 0.05964858 0.0037878314 9.483478e-05 0.12944259 0.013559133 0.0037887637 0.019056639 9.298845e-05 7.007538e-05 6.5798004e-06 2.382564e-06 0.0021975297 0.0026612463 1.1163034e-05 0.0002939791 0.00035188327 0.0734605 2.1313512e-05 0.009782763 2.7754154e-06 0.005516792 0.00013667009 5.0747316e-05 0.014831679 2.1934886e-05 0.012239063 3.849545e-05 0.007607399 0.0041372487 0.14235905 1.9004108e-05 0.011905217 1.845141e-07 2.0111907e-05 0.00083749724 6.745693e-07 0.0004194551 4.490835e-06 0.0003037368 2.8207905e-05 5.546132e-05 0.012983244 0.016419074 0.0008649876 0.003622366 0.016966883 0.003948758 0.0022662363 0.0020953482 0.00056892406 6.8161976e-06 0.00022378961 0.0071435524 7.0762525e-07 2.2531559e-08 0.017883647 5.516851e-06 4.1737236e-05 3.81749e-05 6.8239155e-05 7.39876e-07 5.314726e-06 9.481325e-05 4.381804e-08 9.591945e-05 5.568781e-08 7.6145e-07 0.018133866 3.1167403e-07 0.0027098022 3.238393e-08 2.622862e-07 4.465642e-06 8.168176e-09 0.013454968 0.00010636074 0.0030907393 5.4258535e-06 6.972072e-06
0.9682798 0.76475817 2.9928507e-14 0.87662363 0.00973151 0.86060584 0.7635053 0.45287496 0.60630363 0.5733007 0.88358384 0.53557587 0.38759953 0.4065687 0.3043922 0.16751692 0.00022598446 0.4938939 0.0033894582 0.70507133 0.9240155 0.004187764 0.0017112062 0.02875462 0.00030153122 0.023542743 0.00027369897 3.7315076e-06 0.0003441131 0.0003849342 0.00016168952 4.5109948e-05 1.7878334e-05 0.0052279653 9.2056325e-05 7.755048e-05 2.2805334e-06 1.4115114e-05 0.69370145 5.119002e-07 0.3937232 1.7744482e-05 8.718494e-05 6.445281e-07 2.9558672e-07 0.17769577 2.5658423e-05 0.004693393 4.0075024e-06 0.00043502936 0.00010969377 0.08184522 0.00023699393 0.0016656321 5.3917915e-07 0.00011744924 0.00071880576 4.4071303e-06 5.4303808e-05 6.1818454e-08 0.00030899904 5.0043973e-06 0.00085850386 0.025635995 0.5897363 0.0045599644 0.23194961 0.0023345756 0.0035346881 0.07384823 0.06967951 9.7686185e-05 1.216521e-06 0.0003078592 0.3617626 2.7500337e-07 2.377449e-07 0.0009006052 9.586691e-06 5.471951e-06 3.953498e-05 0.000226111 4.7855237e-06 1.1977006e-06 0.0014707523 2.2446327e-08 3.5080273e-05 1.733409e-09 4.02107e-06 0.08821613 1.5355616e-07 2.5158735e-05 3.047898e-08 2.5020162e-08 8.943374e-06 3.2149693e-08 0.00087641156 2.6656759e-05 0.000106202024 6.6631346e-06 0.0005442552
0.95426667 0.59111893 0.87662363 3.3111155e-14 0.058650542 0.8819697 0.35787526 0.9446957 0.81452 0.25091413 0.35485914 0.89511496 0.48966673 0.68237716 0.7476573 0.46703574 0.0009966267 0.066843726 0.12852444 0.12825128 0.32295975 0.0054639657 0.0016382904 0.1651137 0.009018778 0.098355636 0.0006007775 5.3744392e-05 0.0013147008 0.00020534953 0.00026383324 4.292853e-05 0.00019813693 0.0070134755 6.0973663e-05 0.0029476895 2.7010299e-06 5.5368204e-05 0.07601242 2.0972531e-07 0.21619676 1.4904792e-05 8.2722436e-05 3.9013463e-07 2.5024661e-07 0.006681787 8.531716e-05 0.011566255 6.5497934e-06 0.00014018867 0.00012295447 0.008800164 0.00035285615 0.011721254 5.7539074e-07 0.0005781363 0.0008246959 1.6428382e-06 4.4967986e-05 2.6626457e-08 0.00043399257 1.1587403e-05 0.0010395464 0.00191854 0.17579903 0.0038332453 0.026769439 0.017244143 0.009938487 0.005029277 0.005813106 9.255854e-05 8.509978e-07 0.0010434284 0.041013714 1.5295095e-07 1.419964e-06 0.005874378 5.897147e-07 1.7318345e-05 2.518961e-05 7.937349e-05 1.5685015e-06 6.5100585e-07 0.0002012347 1.9199875e-08 0.00038771157 3.4328324e-10 1.2869625e-06 0.002155849 2.0470738e-08 5.314572e-05 2.410595e-07 4.030935e-07 8.092853e-06 7.118121e-09 0.0037825627 0.00019477865 0.00024662443 3.479531e-06 0.00018947314
0.92419857 0.961766 0.00973151 0.058650542 6.6534584e-17 0.37306908 0.6465247 0.0066975765 9.492681e-05 0.69016147 0.1564938 0.03523743 0.5470052 0.019115975 0.030316483 4.6980436e-05 0.7921242 0.45549574 9.647204e-06 0.029708648 0.001956473 0.965086 0.2770536 3.3501903e-05 7.1405174e-07 0.02317912 0.6454167 0.32842493 0.042317476 2.8863371e-05 1.6185844e-06 2.9742355e-07 5.8401522e-08 3.708789e-05 0.027513484 5.6439966e-08 0.0105576785 0.002320835 0.03316616 0.0010104284 0.0003567563 2.980468e-07 0.018407881 0.0034334392 0.00096481893 0.0122752255 3.0869594e-06 0.002128734 0.00028120546 0.50470245 0.015244856 0.6719751 7.170899e-09 0.0047034123 1.3043999e-08 1.3207105e-07 5.8170317e-05 1.2075191e-08 0.005918318 0.00011656092 1.3966122e-05 0.00014166717 1.4542995e-07 0.07171865 0.00128556 3.8347257e-06 0.00012474538 0.011684853 0.0010336431 0.0004571784 0.0003157345 0.06650072 0.0026878198 1.7973744e-05 0.00021826015 2.2956178e-06 1.142632e-09 0.034355044 3.2133096e-07 0.019813841 0.0034384034 5.744554e-07 5.9747606e-08 6.900696e-06 1.4099567e-08 5.2585835e-07 8.437584e-06 5.1304926e-07 2.8701352e-08 0.013173038 3.782822e-07 0.0041654683 2.4307564e-08 5.1786225e-07 9.843822e-08 1.1817126e-09 0.024884352 7.603336e-06 0.0025000426 3.1468164e-05 1.5965297e-08
0.96916103 0.8826444 0.86060584 0.8819697 0.37306908 8.191875e-13 0.59766424 0.57964814 0.42791083 0.49378178 0.51365054 0.8207963 0.95530504 0.16418183 0.7864642 0.086571656 0.023134038 0.098827235 0.005751683 0.16048504 0.17862226 0.021345967 0.02149673 0.034635507 0.0009505572 0.38055778 0.004983148 0.001452236 0.014201619 7.4546355e-05 0.00013779562 1.9043806e-05 1.9125873e-05 0.0012009313 0.0010188099 0.00078232953 0.00013723195 0.0005710539 0.0857221 8.785144e-06 0.038424604 4.616255e-06 0.0015637245 1.28635575e-05 9.805922e-06 0.0070570162 3.0789986e-05 0.013339979 8.669782e-05 0.0009776374 0.0009635816 0.024406327 8.026915e-05 0.019780818 4.9434374e-07 0.00021842048 0.0011349388 9.2225827e-07 0.00019956434 8.881519e-07 0.00031866334 0.00011733998 0.00031041112 0.0032600113 0.0635369 0.001186528 0.007732837 0.039593562 0.007026524 0.0019017165 0.0021672256 0.00045923746 7.5064536e-06 0.0012093094 0.008042205 2.5315817e-06 2.8409668e-06 0.022340734 5.247688e-07 0.00016296931 0.00016028459 6.5055596e-05 1.8848062e-06 9.161506e-06 0.0002006946 2.5560095e-07 0.00046909926 2.790892e-08 4.817853e-06 0.005052559 1.978068e-07 0.0010363377 1.1447704e-06 7.1395616e-06 3.9033825e-05 9.8319575e-09 0.011207394 0.00035650074 0.0016581925 2.2699001e-05 0.0002821478
0.7052486 0.92059684 0.7635053 0.35787526 0.6465247 0.59766424 9.526754e-16 0.062135953 0.054441784 0.9727639 0.950544 0.10756861 0.3279951 0.04744263 0.0426133 0.015990121 0.0060023633 0.7866395 0.00017291667 0.36368865 0.33970752 0.08298256 0.0044773547 0.002345853 1.14553e-05 0.015053545 0.0013801255 0.00040241968 0.0005102758 6.997862e-05 2.5303325e-05 2.1011301e-06 2.7350404e-06 0.00044316213 0.00020147835 2.4605133e-05 3.420061e-05 2.8563367e-05 0.19815825 3.4593083e-06 0.013677676 1.2689666e-06 0.00022301878 9.572028e-06 4.092815e-06 0.054429587 6.331022e-06 0.0014508095 4.507903e-05 0.006079303 0.00016622434 0.19463307 8.414119e-06 0.000935382 1.4597424e-07 2.5953921e-05 0.00032445948 7.734241e-07 7.2422794e-05 8.2657374e-07 7.943725e-05 1.2213585e-05 0.00021481629 0.031357877 0.03914013 0.00058957055 0.007217045 0.0014370974 0.0005507492 0.010035032 0.010657901 0.00082506717 2.3771101e-06 5.9732945e-05 0.029398229 7.96669e-07 2.0458941e-07 0.0012048385 3.8084052e-06 0.0001068029 6.669495e-05 0.00010249968 2.4864883e-06 5.6266595e-06 0.00021436137 1.3627826e-07 1.2012026e-05 2.8158247e-08 3.9141025e-07 0.0532021 4.3159963e-07 0.00014309263 1.5369507e-07 8.5970237e-07 1.8354709e-05 8.4416236e-08 0.0021168 9.684684e-06 0.00021644167 2.0892263e-05 8.998767e-05
0.8431417 0.24521457 0.45287496 0.9446957 0.0066975765 0.57964814 0.062135953 8.389134e-16 0.95988 0.014968312 0.039130684 0.8141746 0.2236341 0.92584175 0.6092183 0.7698156 4.5714743e-05 0.0072747204 0.8028123 0.009122399 0.0388039 0.0005343734 0.0008360565 0.26560888 0.228858 0.037541937 0.000116793475 5.415605e-07 0.00016156452 0.022352245 0.008583533 0.0016228767 0.018480718 0.06610759 5.3418942e-05 0.04188683 4.286272e-08 1.0461361e-05 0.002881343 1.10214664e-07 0.11273375 0.0003728877 9.2183705e-05 4.944057e-08 1.8871443e-08 0.00011674538 0.0007833669 0.029018773 9.906785e-07 3.426653e-05 4.051489e-05 0.0012822858 0.0021987257 0.01337068 3.4200875e-05 0.0059250128 0.0036706883 6.984041e-05 2.7864983e-06 2.2239217e-08 0.0014419594 7.724172e-07 0.0061269104 0.00025608198 0.049000308 0.022213861 0.0090996735 0.012802391 0.023069497 0.0024308644 0.0019394907 3.7218106e-05 1.06730035e-07 0.0029576002 0.00650417 1.697495e-08 2.6518013e-05 0.0015518018 1.56059e-05 3.2548091e-06 5.638819e-07 0.00020787554 2.634263e-05 3.731365e-08 0.00029157926 2.495871e-09 0.0015417542 4.4960416e-10 4.6774185e-06 2.8139095e-05 2.8758382e-09 2.2035378e-05 1.13637036e-07 2.8780072e-08 1.8851651e-05 5.4885444e-08 0.0010259533 0.00092048605 0.00029922463 3.165979e-07 0.00010443304
0.9008923 0.08127552 0.60630363 0.81452 9.492681e-05 0.42791083 0.054441784 0.95988 3.8251216e-16 0.0073170103 0.037136763 0.60548204 0.047326237 0.91253614 0.41907826 0.96933585 8.368948e-07 0.0034025977 0.3982899 0.015225169 0.09691976 9.997901e-05 9.839772e-05 0.5672598 0.023483623 0.00943419 1.4309917e-06 1.424803e-09 1.1462502e-05 0.016335445 0.002528503 0.0002292999 0.0030683968 0.049159642 6.3055154e-06 0.028037883 7.607655e-09 2.0957507e-06 0.009758741 1.9350868e-08 0.49229854 0.0002827129 1.079628e-05 4.0494932e-08 1.2404105e-08 0.00047890667 0.00039917207 0.02227108 3.4249044e-07 1.7953948e-06 1.494211e-05 0.0008959916 0.0017166489 0.007097066 9.190559e-06 0.0010151288 0.002207347 1.4489407e-05 5.53927e-07 4.387533e-08 0.0009902308 7.3444323e-07 0.023395255 0.0002831808 0.2749642 0.08065648 0.078666456 0.003994352 0.023481973 0.01033971 0.011287129 1.8840903e-05 1.8394783e-07 0.0010928598 0.1032848 1.3236681e-08 2.0849939e-06 0.001108731 2.9188766e-05 3.3241662e-07 4.917435e-07 0.0010481663 7.905631e-06 6.3067546e-08 0.0007294756 3.8748196e-09 0.00033729116 1.29034445e-08 6.789268e-06 0.0002769588 4.680809e-10 2.8532193e-05 1.3465094e-08 8.444035e-09 3.2827607e-05 1.7352425e-08 0.00049716956 0.0003621673 6.256216e-05 1.806177e-07 0.0004997301
0.88585496 0.82977504 0.5733007 0.25091413 0.69016147 0.49378178 0.9727639 0.014968312 0.0073170103 3.2807932e-12 0.95190614 0.067929424 0.23441939 0.060343243 0.038760666 0.002860382 0.010841215 0.8979851 0.00010914261 0.4520882 0.33649603 0.23163347 0.004376908 0.0007338013 1.1117999e-05 0.0074358024 0.003089989 0.001005759 0.0009085742 7.7959055e-05 4.2454056e-05 8.917747e-06 1.2973211e-06 0.00038508323 0.00024043237 2.4620658e-06 0.000212196 0.00016388262 0.7055671 1.114205e-05 0.032895304 3.5455892e-07 0.00018386304 8.212453e-06 4.676629e-06 0.3417936 1.5069438e-06 0.00045265653 5.5484703e-05 0.11230993 0.00035420374 0.684441 2.5472261e-06 0.00092470145 4.1889773e-08 1.6730395e-05 0.00010557673 9.973635e-07 0.000536731 6.950134e-07 3.057647e-05 2.2440006e-05 0.00016834082 0.2927533 0.16709062 0.0011312927 0.022156946 0.0014809509 0.0006019859 0.023022855 0.021862905 0.00378118 5.760189e-05 3.9982737e-05 0.08515204 7.3338356e-07 2.5936276e-07 0.0019259169 2.373642e-06 0.00068302144 0.0019585323 0.00013185215 1.0636245e-06 6.5735276e-06 0.00028722634 3.3786785e-07 6.4449337e-06 6.6107326e-08 3.6910249e-06 0.26883325 6.318033e-07 7.848131e-05 4.596541e-07 1.9275224e-06 3.982606e-05 7.296398e-08 0.0043565854 8.766021e-06 0.00019288925 4.6333436e-05 0.00024382373
0.85836446 0.6996486 0.88358384 0.35485914 0.1564938 0.51365054 0.950544 0.039130684 0.037136763 0.95190614 9.566345e-15 0.09920681 0.1703016 0.08013637 0.0703968 0.010543858 0.00090584246 0.90629774 0.00040276634 0.70274276 0.66764915 0.036118317 0.0012536704 0.0037243958 4.0722905e-05 0.0065632435 0.000425857 0.00010795123 0.00019320186 0.00014452498 7.742168e-05 1.0934122e-05 7.843862e-06 0.0007941305 5.241796e-05 5.0858653e-05 1.4459799e-05 1.397024e-05 0.705398 5.136676e-07 0.06943264 1.4085953e-06 1.5411057e-05 1.2446172e-06 5.202869e-07 0.3169219 3.9831016e-06 0.0009321038 7.4232607e-06 0.01928821 6.850662e-05 0.43245545 4.692442e-05 0.0004277858 1.3102353e-07 7.173198e-05 0.00017609188 5.3317785e-06 0.0001005325 5.9893765e-08 6.361353e-05 1.8764933e-06 0.00038395618 0.17284986 0.29689458 0.0023043798 0.04282408 0.0007938742 0.0005198007 0.050099432 0.044228997 0.000866439 4.2196752e-06 8.61182e-05 0.19707504 1.10372014e-07 9.0096887e-07 0.00059663143 1.2733338e-05 0.00010469081 0.0006378815 0.0002469589 5.1485326e-06 7.4138757e-07 0.0005687255 6.517784e-08 1.3059041e-05 1.2754229e-09 5.656439e-06 0.23314336 5.7373835e-08 3.2131167e-05 3.1705292e-07 1.020662e-06 4.08904e-05 2.1286249e-07 0.0022849583 1.3271854e-05 3.5203066e-05 3.3449036e-05 0.00085985207
0.91105247 0.41620287 0.53557587 0.89511496 0.03523743 0.8207963 0.10756861 0.8141746 0.60548204 0.067929424 0.09920681 9.695318e-14 0.7145615 0.8427967 0.9782918 0.21982676 0.0020761897 0.012513698 0.28117085 0.019631526 0.07887174 0.002292273 0.0049569136 0.0810373 0.0683671 0.30901322 0.00048743075 4.6838264e-05 0.0053862776 0.0012937153 0.00093410106 0.00024336953 0.0007596219 0.018659381 0.0005153669 0.0040083933 1.0217376e-05 0.0001779745 0.0099884095 1.4866639e-06 0.04894627 0.00016785238 0.00043748715 3.37378e-06 1.6308437e-06 0.00046048537 0.00073074806 0.056473196 1.1089821e-05 6.0884464e-05 0.00029581643 0.0022160646 0.0002317189 0.04269315 4.4250924e-06 0.0010460289 0.0038989591 3.780738e-05 1.6645063e-05 1.3292549e-07 0.0011536061 1.4911647e-05 0.0003962986 0.0004729712 0.040215306 0.001396085 0.004915628 0.048685238 0.016157152 0.0010972386 0.00089095574 5.4166536e-05 3.8961298e-07 0.003266277 0.00484921 1.6672656e-07 1.0511484e-05 0.013731156 3.7625102e-06 2.5691257e-05 7.744106e-06 6.320932e-05 1.1854975e-05 7.123718e-07 0.0001565265 9.0128e-09 0.0012449734 2.0558337e-09 1.1964676e-06 0.00063807773 1.7539465e-08 0.00040040736 1.18205186e-07 1.2506008e-06 1.06401985e-05 1.6301778e-08 0.0039276355 0.0007540064 0.0007955897 6.6438643e-06 0.00021387394
0.956971 0.8464336 0.38759953 0.48966673 0.5470052 0.95530504 0.3279951 0.2236341 0.047326237 0.23441939 0.1703016 0.7145615 2.9617313e-14 0.049294334 0.7536181 0.010617778 0.24556607 0.0325568 0.00093181577 0.020979788 0.022808032 0.018435514 0.7030903 0.0031980046 0.0005528602 0.94200385 0.010625901 0.008664973 0.40969118 8.231566e-05 3.7033427e-05 8.569827e-06 5.9913823e-06 0.001254007 0.02311272 7.7102486e-05 0.0015140536 0.0032153544 0.010833458 0.00017449989 0.0016373649 4.5185016e-06 0.025504297 0.0004741997 0.00045102055 0.00094504165 5.2614236e-05 0.04752122 0.00040288584 0.0009385381 0.012190977 0.01936465 6.01746e-06 0.10224022 1.125334e-06 1.0224668e-05 0.0024046162 8.872715e-07 0.00035497767 7.1646726e-05 0.00029694306 0.00017007488 2.294739e-05 0.0012337752 0.007078754 0.00021234986 0.00090696145 0.13205625 0.007785832 0.0006194192 0.00037473597 0.00021749736 1.0750109e-05 0.0016096134 0.0005740466 8.581539e-06 5.905645e-07 0.11129819 2.1993903e-06 0.00012165408 2.3093804e-05 4.156278e-05 9.919112e-07 1.235883e-05 4.730267e-06 1.0596477e-06 0.0006471252 1.1354599e-06 5.129627e-07 0.001709028 3.826854e-07 0.009511716 5.8629854e-07 8.986404e-06 3.3409806e-06 1.8221156e-08 0.03230219 0.00081777526 0.008764074 9.01094e-06 3.2016953e-05
0.9835572 0.10719109 0.4065687 0.68237716 0.019115975 0.16418183 0.04744263 0.92584175 0.91253614 0.060343243 0.08013637 0.8427967 0.049294334 4.8727163e-13 0.7577232 0.79065675 0.00019345537 0.018424084 0.79258174 0.04877172 0.18974157 0.0036398761 0.0004661879 0.6411428 0.38780093 0.041769534 0.0001350025 1.1463086e-06 0.00037927926 0.036102206 0.019479439 0.0043892935 0.06260992 0.18885173 2.1954913e-05 0.17678365 2.982275e-06 9.898809e-06 0.0501439 2.8191563e-08 0.5552892 0.00041666007 2.6685524e-05 1.4053006e-07 6.726797e-08 0.00075850857 0.0017884704 0.07027104 3.698975e-06 4.3485783e-05 2.7385991e-05 0.0032277035 0.01320445 0.03006429 2.3571374e-05 0.0023119203 0.005438848 0.00010146535 5.20378e-06 3.7053226e-08 0.001958661 2.835583e-06 0.017975554 0.0001502951 0.2788993 0.008001403 0.025812814 0.026222616 0.0461984 0.00063876854 0.0006553292 3.6227542e-05 1.3184447e-06 0.0047280733 0.0113371 7.5214366e-08 3.0541e-05 0.004359098 2.8860484e-05 3.297455e-05 3.2555745e-05 0.0003613095 1.5405472e-05 2.6748905e-06 0.00014612055 4.5351914e-08 0.0019898328 1.5304402e-09 3.8809183e-05 0.0009848143 1.1709253e-07 9.6970645e-05 7.036152e-07 7.504685e-06 9.777194e-05 2.1201343e-07 0.0013055854 0.0011858945 0.00033650929 4.415277e-05 6.6512344e-05
0.960961 0.2784402 0.3043922 0.7476573 0.030316483 0.7864642 0.0426133 0.6092183 0.41907826 0.038760666 0.0703968 0.9782918 0.7536181 0.7577232 2.8151196e-13 0.13110076 0.0046961084 0.0037777682 0.2844438 0.008695801 0.035373855 0.0013131832 0.03846589 0.045420375 0.14548495 0.6991758 0.00096244836 9.7637385e-05 0.024990613 0.0023783394 0.0007095042 0.0003871929 0.0004980347 0.046176326 0.0024334507 0.0035913757 4.2563268e-05 0.00022649538 0.0035734836 8.886556e-06 0.024032928 0.0002518941 0.002335608 1.9233334e-05 8.215186e-06 9.503722e-05 0.0020571616 0.21158808 6.541444e-05 1.5873047e-05 0.0007253771 0.0010541786 0.0004958294 0.16229224 1.9416115e-05 0.0017918831 0.013782526 4.9575203e-05 1.7512182e-05 3.1765019e-06 0.003905978 0.00010437608 0.00051455165 1.7594426e-05 0.023436865 0.001519128 0.0014634362 0.1497306 0.03426149 0.00030752443 0.00019345943 8.767513e-05 3.229871e-06 0.006899134 0.0019614163 3.6411484e-06 3.328071e-05 0.043516777 1.1553152e-05 0.00013130967 1.7494654e-05 0.00012274535 1.5952353e-05 3.8912433e-05 2.9061774e-05 1.7696031e-07 0.0019390729 5.4082886e-08 2.4585322e-06 0.00022358354 3.0265753e-07 0.0015527077 1.5255164e-07 8.635237e-06 2.2370157e-05 4.882423e-08 0.008977265 0.0010395136 0.0027327284 6.651272e-05 9.623859e-05
0.78694284 0.024559928 0.16751692 0.46703574 4.6980436e-05 0.086571656 0.015990121 0.7698156 0.96933585 0.002860382 0.010543858 0.21982676 0.010617778 0.79065675 0.13110076 8.5280356e-17 2.0731923e-06 0.010945569 0.3784986 0.014027033 0.20606075 0.00028522004 6.377158e-05 0.98433065 0.01774743 0.003095271 2.1393136e-05 6.495048e-08 6.165055e-06 0.082418844 0.010277293 0.0029689223 0.057768673 0.14626536 2.6512347e-05 0.18232861 7.286283e-09 1.3413292e-06 0.0066789705 4.766912e-08 0.5339665 0.0018089968 6.073151e-06 2.0807794e-07 6.0140685e-08 0.0005028891 0.0014787491 0.015028127 1.1002704e-06 4.758945e-06 1.4954584e-05 0.00039232257 0.08819196 0.0037209962 0.0002093228 0.04733574 0.00255728 0.00039006345 6.9740963e-07 1.1629959e-07 0.0014645811 1.2384224e-06 0.42647126 0.0007068641 0.10820732 0.34464228 0.02169946 0.0019524238 0.036805455 0.0057825404 0.0054340675 1.1114224e-05 1.5425269e-06 0.0012724332 0.05572595 1.4314475e-08 0.00020794375 0.00039931334 0.00016154832 2.2794266e-06 1.3024868e-06 0.0033766693 0.0003717935 4.050878e-07 0.00082543434 1.5615969e-08 0.00079813215 5.416496e-08 0.0029155938 0.00020697668 2.7622965e-10 7.42152e-06 4.4376517e-08 4.091542e-08 0.004562883 2.2029337e-06 0.0012843608 0.00086712843 4.4457745e-05 2.5863967e-06 0.0012313554
0.98320013 0.044422735 0.00022598446 0.0009966267 0.7921242 0.023134038 0.0060023633 4.5714743e-05 8.368948e-07 0.010841215 0.00090584246 0.0020761897 0.24556607 0.00019345537 0.0046961084 2.0731923e-06 9.457197e-16 0.0011396856 1.0966893e-05 7.0529415e-05 8.9828876e-07 0.16831936 0.9555005 1.0784817e-05 4.8754114e-06 0.048008364 0.6686359 0.9211241 0.21325363 1.6468583e-05 1.0137293e-05 9.157849e-07 1.1256205e-06 0.00026335864 0.78991437 6.894638e-08 0.7697762 0.5241136 9.3930095e-05 0.13480897 2.9611856e-05 2.7671563e-06 0.3301203 0.46542096 0.37174234 4.8308393e-05 7.313155e-05 0.031118292 0.16901805 0.036566768 0.25844628 0.012064292 2.1478063e-06 0.05610968 1.0944392e-06 6.8667e-07 0.0019015323 6.135388e-08 0.04085287 0.003683702 0.00032491464 0.032922126 3.3607068e-06 7.627081e-05 1.1309432e-05 1.4990245e-06 9.4711226e-07 0.14046286 0.004345138 1.01312235e-05 1.9824881e-06 0.019028492 0.010931221 0.00020628126 2.4661442e-05 0.0005912699 1.5615947e-07 0.42880228 2.1838516e-05 0.04990084 0.00020736984 1.1366035e-05 1.9118604e-06 0.00019203963 1.748899e-08 5.0633635e-06 7.92697e-05 3.795155e-05 9.818652e-07 0.0005756639 0.0019339174 0.15425192 0.00010232076 0.0008930148 2.3161747e-06 6.392575e-07 0.30012405 3.649765e-05 0.06082168 0.0013550917 2.5941148e-07
0.24284577 0.40628967 0.4938939 0.066843726 0.45549574 0.098827235 0.7866395 0.0072747204 0.0034025977 0.8979851 0.90629774 0.012513698 0.0325568 0.018424084 0.0037777682 0.010945569 0.0011396856 1.4850469e-16 3.6660735e-05 0.9840376 0.73319536 0.59231675 0.00039840306 0.005955283 2.7327866e-07 0.0011575475 0.0068116914 0.0008982447 1.6688853e-05 5.6998733e-06 2.6795706e-06 2.6267267e-07 1.9198721e-06 5.5317905e-05 2.8065151e-05 4.1891776e-06 3.2678658e-06 5.7354828e-05 0.56988674 1.8846877e-06 0.009622268 6.045973e-08 5.2076946e-05 4.159549e-07 3.5447238e-07 0.57628036 1.9638626e-06 6.483164e-05 5.2886926e-06 0.06251551 6.884793e-05 0.49340445 7.069048e-07 0.00021002187 3.770463e-08 2.2150216e-06 1.2463769e-05 2.2509106e-07 8.634286e-05 4.6235886e-07 1.1799317e-06 2.2087734e-06 2.8617953e-05 0.3178898 0.014595803 0.00031858252 0.007429703 0.00035993627 0.0001304145 0.053932037 0.03835333 0.0027705787 6.239169e-05 1.99291e-06 0.045950186 6.239213e-08 3.0671544e-08 0.0012825665 2.2598488e-06 7.25493e-05 0.0064311014 0.00011330391 6.980065e-07 6.215628e-07 0.0011259884 9.333302e-08 2.0787893e-06 5.0332968e-08 5.5546247e-06 0.1427545 1.3113197e-08 2.2974324e-05 1.3397393e-07 1.526857e-07 1.7424007e-05 1.6179392e-08 0.0031800165 3.5991359e-06 2.8113078e-05 1.0618616e-05 0.00036371814
0.88160443 0.0006567557 0.0033894582 0.12852444 9.647204e-06 0.005751683 0.00017291667 0.8028123 0.3982899 0.00010914261 0.00040276634 0.28117085 0.00093181577 0.79258174 0.2844438 0.3784986 1.0966893e-05 3.6660735e-05 1.370381e-14 0.00017069593 0.0016391099 6.0849925e-05 9.393583e-05 0.44688216 0.97689474 0.0053444654 4.052569e-06 1.7831276e-08 0.00014465376 0.8406461 0.6670074 0.23104382 0.8079815 0.8077388 7.5192784e-06 0.6815658 1.2030942e-07 1.4765465e-05 0.00014833843 5.070172e-08 0.111718215 0.11991334 2.0578061e-06 2.1715056e-08 6.097935e-09 6.3370595e-07 0.12747467 0.1515873 1.5298749e-06 1.6812118e-06 7.1937457e-06 2.934694e-05 0.24018319 0.04795168 0.008947488 0.17740966 0.094276175 0.001213711 5.603315e-07 2.9515727e-08 0.06871033 5.869446e-07 0.107281394 1.1115508e-05 0.015935767 0.030169906 0.0021266947 0.023372876 0.18515144 0.00012010623 0.00011225345 2.2151262e-05 6.4186787e-07 0.040828012 0.00079940504 5.3845404e-09 0.0018837329 0.0027750183 0.00056473276 5.9969043e-06 2.3236116e-07 0.00043354474 0.0001840197 4.323277e-08 1.1780781e-05 1.2523604e-09 0.01714635 2.3404807e-09 0.00050007604 0.00012723767 1.584985e-08 1.13834885e-05 7.2176114e-08 2.1412431e-08 0.0010385584 4.524439e-06 0.0011019986 0.0118619315 0.00021370083 3.4045302e-06 4.6381225e-05
0.35951957 0.16754298 0.70507133 0.12825128 0.029708648 0.16048504 0.36368865 0.009122399 0.015225169 0.4520882 0.70274276 0.019631526 0.020979788 0.04877172 0.008695801 0.014027033 7.0529415e-05 0.9840376 0.00017069593 4.8915094e-16 0.9446398 0.045984622 0.00015012249 0.0097046 4.227832e-06 0.0007301355 0.00028950532 3.175777e-05 3.925162e-06 1.6038266e-05 6.239e-06 9.5073204e-07 2.6547175e-06 8.235893e-05 5.523137e-06 1.633101e-05 2.1430422e-07 1.2345012e-05 0.82379967 1.8322807e-07 0.104451776 1.2039538e-07 7.451948e-07 6.955223e-08 2.1191527e-08 0.68895185 7.9857364e-07 1.4326489e-05 1.4676675e-06 0.004953634 1.2591521e-05 0.2333787 1.1792855e-05 1.6317497e-05 2.1126107e-08 1.769475e-05 2.481169e-05 2.6867533e-06 4.950533e-05 6.6415446e-08 1.1699944e-05 6.399913e-07 0.0002499579 0.25534037 0.23218516 0.0026992995 0.067885645 7.388579e-05 9.277435e-05 0.19506755 0.12294993 0.00021949188 7.579944e-06 1.2167258e-05 0.2716508 6.516938e-08 8.996882e-08 0.0003109163 1.5779606e-05 6.563487e-06 0.0014318415 0.0011424781 7.0649407e-06 9.0155254e-07 0.0034823865 2.0546419e-07 3.190897e-06 1.6955372e-08 1.819342e-05 0.31465694 5.2994125e-09 3.3297777e-06 5.7623583e-07 7.953465e-07 0.00011979896 1.7951557e-07 0.0011010956 6.9662165e-06 2.1866597e-06 2.4821724e-05 0.004716679
0.5918828 0.10629575 0.9240155 0.32295975 0.001956473 0.17862226 0.33970752 0.0388039 0.09691976 0.33649603 0.66764915 0.07887174 0.022808032 0.18974157 0.035373855 0.20606075 8.9828876e-07 0.73319536 0.0016391099 0.9446398 1.9056516e-17 0.010299349 4.6412377e-05 0.24249461 3.620368e-05 0.00034853147 3.9756957e-05 2.0969853e-07 7.0810654e-07 0.00015215 8.443081e-06 1.4243203e-06 5.4497136e-06 0.0007440541 1.7451587e-06 0.000112380694 1.4022756e-08 5.7710336e-06 0.9268523 2.9476007e-08 0.7083428 8.9209755e-07 9.813559e-07 1.1078704e-08 3.3354137e-09 0.6689324 5.8570726e-07 7.009109e-05 5.175187e-07 7.8276644e-05 1.3193479e-06 0.03975895 0.00010476691 2.4727784e-05 4.0608864e-08 9.658725e-05 2.2486236e-05 4.759549e-06 3.9495467e-06 1.1137567e-07 9.633726e-06 8.5283887e-07 0.0020264941 0.10141596 0.83793354 0.11646996 0.5349145 4.339505e-05 0.00012408674 0.42926595 0.35748544 1.8523664e-05 2.0173234e-06 1.1962719e-05 0.7319377 3.781821e-08 3.3305412e-07 6.0927567e-05 5.873126e-05 4.387686e-07 0.00035781245 0.020998463 1.3144055e-05 3.91286e-07 0.03741969 2.495288e-07 8.087406e-06 2.8101478e-08 3.1191492e-05 0.2969874 3.729065e-09 6.426359e-07 1.0134837e-07 9.024106e-08 0.00082167663 9.239745e-08 0.00027998362 8.002077e-06 7.309627e-07 1.3060859e-05 0.04308723
0.60096264 0.10379945 0.004187764 0.0054639657 0.965086 0.021345967 0.08298256 0.0005343734 9.997901e-05 0.23163347 0.036118317 0.002292273 0.018435514 0.0036398761 0.0013131832 0.00028522004 0.16831936 0.59231675 6.0849925e-05 0.045984622 0.010299349 1.8482923e-14 0.025871392 0.0010265372 8.602543e-07 0.0005765586 0.98562706 0.2550153 0.0007248478 7.339752e-06 1.0867558e-05 7.653435e-07 1.6820186e-06 4.0263865e-05 0.005465214 3.2825244e-06 0.081402004 0.0018936802 0.012399453 0.00055948977 0.0001823856 5.9199e-07 0.0016616468 0.0042279875 0.0022987695 0.02089921 5.408882e-06 0.00082015037 0.0019527692 0.74160844 0.001718837 0.54161286 1.5695355e-06 0.0005585749 2.050054e-07 6.241827e-06 5.624157e-05 3.7863734e-07 0.2705182 0.00015050537 2.344065e-06 0.00072150247 1.6428382e-06 0.05151972 1.4475899e-05 2.1743728e-05 2.8959132e-05 0.00235885 0.0011826744 8.860361e-05 6.933776e-05 0.7607644 0.1313297 1.0713101e-05 3.417117e-05 3.0406996e-05 2.2631323e-07 0.0029015609 3.8304075e-05 0.23686448 0.024834141 4.7794507e-05 3.6568324e-06 8.059146e-05 5.11606e-07 1.9802483e-05 3.4835834e-05 9.110822e-06 6.760838e-06 0.012157934 1.170126e-05 0.001988101 2.2781085e-05 0.0014178978 5.2726677e-06 1.3463843e-07 0.012180913 3.5325484e-05 0.00041165366 0.03020804 1.1097109e-05
0.85584253 0.05964858 0.0017112062 0.0016382904 0.2770536 0.02149673 0.0044773547 0.0008360565 9.839772e-05 0.004376908 0.0012536704 0.0049569136 0.7030903 0.0004661879 0.03846589 6.377158e-05 0.9555005 0.00039840306 9.393583e-05 0.00015012249 4.6412377e-05 0.025871392 2.7895127e-16 0.00014123456 0.00029544934 0.6470611 0.10758719 0.3022408 0.9838206 5.5964418e-05 7.663595e-05 8.1468725e-06 6.3207362e-06 0.00078683655 0.51945513 1.3460691e-06 0.09161431 0.19152859 0.00030421192 0.009617369 0.00043416998 5.392784e-05 0.2322076 0.009948212 0.005004966 9.750121e-06 0.00023522836 0.05114303 0.01020994 0.002892052 0.086531684 0.0022287387 8.386649e-06 0.0644476 6.871361e-06 3.3826153e-05 0.011302036 2.211465e-06 0.0041036196 0.0009041146 0.000850325 0.009564907 8.123419e-06 7.764395e-05 3.0185647e-05 3.2636224e-05 7.016824e-06 0.09577785 0.006235919 3.258541e-05 1.7089702e-05 0.00038749457 0.00037818702 0.0011692387 2.9027492e-06 0.00019013781 1.0114537e-06 0.51926273 1.3649574e-05 0.0016937968 7.0678325e-06 1.0730484e-05 2.1054445e-06 8.440863e-05 3.0272375e-08 1.4533514e-05 0.00052931736 0.00013345957 4.33572e-07 0.0011647675 0.00020504228 0.083107434 5.4535403e-06 0.0001791121 1.2835918e-06 6.4083537e-07 0.0968651 0.00044261542 0.043997534 4.320971e-05 1.21104575e-08
0.80374986 0.0037878314 0.02875462 0.1651137 3.3501903e-05 0.034635507 0.002345853 0.26560888 0.5672598 0.0007338013 0.0037243958 0.0810373 0.0031980046 0.6411428 0.045420375 0.98433065 1.0784817e-05 0.005955283 0.44688216 0.0097046 0.24249461 0.0010265372 0.00014123456 1.626443e-14 0.033183206 0.0008417732 5.2472627e-05 5.265861e-07 1.6813408e-05 0.31597242 0.032323174 0.020756895 0.13744505 0.27588037 2.5199173e-05 0.811669 3.4934526e-08 7.288852e-06 0.0071431235 1.5544909e-07 0.90697145 0.0150443325 5.9963804e-07 1.72453e-07 8.099562e-08 0.000771918 0.00682009 0.016783837 2.4776e-06 1.2997904e-06 5.4604592e-05 0.0001524681 0.57241076 0.0038049256 0.0033329816 0.6473364 0.002271742 0.0074553327 1.3212012e-06 1.9218645e-07 0.0018307378 1.1650578e-06 0.94146657 0.00045553027 0.33575475 0.86064166 0.06969976 0.003250445 0.033363767 0.0041760844 0.005406833 4.2330767e-06 1.379822e-06 0.002024544 0.05316391 1.6802797e-07 0.0071545946 0.0003384108 0.0042018257 2.1022825e-06 1.3225168e-05 0.051604215 0.0041879197 1.6838128e-06 0.0024793185 8.8711926e-07 0.0019370592 5.4871528e-08 0.12071822 0.0006831084 7.961145e-09 5.6647036e-06 1.0390393e-06 6.018004e-08 0.14657615 0.00011655337 0.0027565314 0.0029011415 4.0479976e-05 9.582861e-06 0.0038901991
0.7315485 9.483478e-05 0.00030153122 0.009018778 7.1405174e-07 0.0009505572 1.14553e-05 0.228858 0.023483623 1.1117999e-05 4.0722905e-05 0.0683671 0.0005528602 0.38780093 0.14548495 0.01774743 4.8754114e-06 2.7327866e-07 0.97689474 4.227832e-06 3.620368e-05 8.602543e-07 0.00029544934 0.033183206 2.4660787e-16 0.014990683 4.6502623e-07 1.2730496e-07 0.0003207164 0.95960134 0.5103542 0.23291646 0.36797756 0.92905855 6.306559e-05 0.09454131 3.218982e-08 2.15988e-06 3.1588327e-06 2.8443375e-07 0.0041427757 0.16649084 0.00010967411 3.91314e-07 1.1267832e-07 5.3397063e-08 0.3545414 0.3065355 4.1395433e-06 1.3264375e-07 7.271754e-05 2.7896467e-06 0.010197985 0.120890595 0.007940025 0.00868152 0.28686136 0.0011859109 4.4791392e-07 2.1034205e-07 0.16391891 8.2179173e-07 0.008831569 1.1726988e-07 0.0003187609 0.003265525 2.0802161e-05 0.025759716 0.25322595 3.322059e-07 2.574389e-07 4.303118e-06 2.8525633e-07 0.13121858 1.0147827e-05 1.5836008e-08 0.0010310081 0.005042003 0.00046823148 2.5797519e-05 1.9887476e-07 4.9889655e-05 0.0001955889 2.9314688e-07 6.036435e-07 5.275209e-09 0.034072496 5.750399e-08 8.1280574e-05 1.6386472e-05 2.8801284e-07 0.00018785043 7.894946e-08 2.4133368e-07 0.00018928385 5.6866957e-06 0.0013214207 0.026857315 0.0008549844 5.2711293e-06 2.513679e-07
0.9861863 0.12944259 0.023542743 0.098355636 0.02317912 0.38055778 0.015053545 0.037541937 0.00943419 0.0074358024 0.0065632435 0.30901322 0.94200385 0.041769534 0.6991758 0.003095271 0.048008364 0.0011575475 0.0053444654 0.0007301355 0.00034853147 0.0005765586 0.6470611 0.0008417732 0.014990683 3.1377335e-16 0.0010753601 0.0008677418 0.8127287 0.00084379787 0.00041301842 4.591538e-05 0.00011344307 0.034223936 0.07895449 0.00016224357 4.1977743e-05 0.0027306608 0.00023856382 0.00016163077 0.00017570388 0.0006514618 0.11136066 0.00044535022 0.00036933966 8.660466e-06 0.0064231274 0.6515106 0.0002741428 4.8955717e-06 0.047225427 6.7318004e-05 3.7435537e-05 0.82479036 4.9390976e-05 0.00013553929 0.06756595 1.9083129e-05 1.3539393e-06 2.4120898e-05 0.0084162755 0.00011060991 7.5996827e-06 0.00027456327 9.9243174e-05 1.3136259e-05 2.776277e-05 0.8409947 0.04336175 4.5728124e-05 2.2124153e-05 5.413788e-05 1.862773e-06 0.015715457 0.008671884 2.5044371e-06 2.013225e-05 0.82315284 1.6574493e-05 0.00014403692 1.8410395e-06 7.935275e-05 5.5050084e-05 5.0703657e-06 8.488771e-06 1.2537409e-07 0.0056907493 2.9671826e-06 7.2822894e-07 0.0002599602 1.501791e-07 0.027404409 4.9235513e-08 5.94512e-06 7.6198794e-06 7.996028e-08 0.08364503 0.001722786 0.088158965 0.00012825885 3.995413e-06
0.40498963 0.013559133 0.00027369897 0.0006007775 0.6454167 0.004983148 0.0013801255 0.000116793475 1.4309917e-06 0.003089989 0.000425857 0.00048743075 0.010625901 0.0001350025 0.00096244836 2.1393136e-05 0.6686359 0.0068116914 4.052569e-06 0.00028950532 3.9756957e-05 0.98562706 0.10758719 5.2472627e-05 4.6502623e-07 0.0010753601 1.2734633e-17 0.98785025 0.0038475252 3.893762e-06 1.2537582e-06 1.5958668e-07 6.224297e-08 5.940954e-06 0.05262124 2.1850181e-07 0.41489488 0.044871487 0.0002189239 0.007854263 2.1807746e-06 5.419782e-08 0.010682689 0.028068848 0.026476983 6.474959e-05 3.2280894e-07 0.0011444901 0.013305615 0.18077728 0.008976388 0.03887706 1.776141e-07 0.0014041392 3.355944e-08 2.3695289e-07 5.0607305e-05 9.2464624e-08 0.46370348 0.0017039302 3.7565303e-06 0.0027268184 6.482965e-07 0.0017608771 5.652176e-07 1.2089018e-06 1.5391765e-06 0.0019101267 0.0003635496 1.1209233e-06 1.3668206e-06 0.26213253 0.16657503 1.6184184e-05 7.930013e-06 6.9741174e-05 1.8871338e-08 0.0055248337 1.4190205e-06 0.26498023 0.004300245 1.1787396e-06 1.5751188e-07 0.00011603166 4.2762604e-08 3.0155131e-06 2.1410566e-05 4.746469e-05 2.9002604e-07 0.0003526444 0.000120928926 0.011943376 7.9067584e-05 0.02513525 9.313101e-08 2.973661e-08 0.019666236 1.41585115e-05 0.0018512972 0.0692616 6.1960145e-07
0.8029248 0.0037887637 3.7315076e-06 5.3744392e-05 0.32842493 0.001452236 0.00040241968 5.415605e-07 1.424803e-09 0.001005759 0.00010795123 4.6838264e-05 0.008664973 1.1463086e-06 9.7637385e-05 6.495048e-08 0.9211241 0.0008982447 1.7831276e-08 3.175777e-05 2.0969853e-07 0.2550153 0.3022408 5.265861e-07 1.2730496e-07 0.0008677418 0.98785025 1.590392e-17 0.024348335 1.110651e-07 4.6945274e-07 2.6351659e-08 1.5228898e-09 4.9911307e-07 0.31511623 8.835898e-09 0.9172946 0.39421633 8.7119864e-05 0.056947246 1.907294e-07 1.7299344e-09 0.09786703 0.16536443 0.10605881 1.5521207e-05 6.2146968e-09 0.00048153175 0.24055023 0.07594822 0.058534466 0.023695864 3.8249407e-08 0.0015907052 1.7608329e-10 2.0370318e-07 8.0146265e-06 1.8730542e-09 0.53268796 0.0258344 4.1636685e-07 0.038699787 7.399364e-08 9.913307e-05 4.045564e-08 4.5949284e-07 1.2738705e-07 0.003526071 9.076194e-06 3.8254316e-07 4.1993079e-07 0.054436892 0.088392876 5.5458486e-06 1.0992206e-06 0.0011773326 1.6233423e-08 0.028010014 8.6472807e-07 0.28560978 0.00032342513 1.18137116e-07 8.079242e-08 0.016339349 6.526136e-10 0.00020386498 2.8586624e-06 0.00025464126 6.018191e-07 0.00010958337 0.003882053 0.038207836 0.00067585055 0.023627033 7.426936e-08 1.3259346e-08 0.033550072 2.77867e-06 0.014941199 0.01742061 3.2250107e-08
0.9388474 0.019056639 0.0003441131 0.0013147008 0.042317476 0.014201619 0.0005102758 0.00016156452 1.1462502e-05 0.0009085742 0.00019320186 0.0053862776 0.40969118 0.00037927926 0.024990613 6.165055e-06 0.21325363 1.6688853e-05 0.00014465376 3.925162e-06 7.0810654e-07 0.0007248478 0.9838206 1.6813408e-05 0.0003207164 0.8127287 0.0038475252 0.024348335 1.5484616e-18 0.00013095888 2.5323436e-05 7.767894e-06 3.7379436e-06 0.0010632464 0.7655661 1.37258e-06 0.006092391 0.067904636 6.5605705e-06 0.008938085 1.4269709e-05 5.711592e-05 0.7361476 0.0055596153 0.003462274 1.3927006e-07 0.002337422 0.16261058 0.001786199 7.04645e-06 0.32012382 6.307185e-05 8.564446e-07 0.33071455 1.7797614e-05 8.825363e-07 0.020395758 1.2742163e-06 8.88695e-05 0.00034593444 0.0045486717 0.0010403616 8.70018e-07 1.9864785e-07 5.919607e-07 6.205192e-07 1.13379954e-07 0.5145773 0.016256977 9.2436983e-07 2.8962995e-07 7.51583e-06 7.799921e-07 0.006486869 1.2938306e-06 3.466827e-05 8.854219e-09 0.87726885 7.925763e-06 7.88905e-05 5.047528e-07 4.4051527e-07 1.6295694e-07 1.5064546e-05 4.0074024e-08 1.1955813e-06 0.0020669827 2.0257394e-05 3.0149163e-09 3.792051e-05 8.653543e-05 0.29341695 2.4834276e-07 5.610793e-06 7.829683e-08 4.106013e-08 0.2793363 0.00044663643 0.52497834 6.6819957e-06 5.0661164e-10
0.93081963 9.298845e-05 0.0003849342 0.00020534953 2.8863371e-05 7.4546355e-05 6.997862e-05 0.022352245 0.016335445 7.7959055e-05 0.00014452498 0.0012937153 8.231566e-05 0.036102206 0.0023783394 0.082418844 1.6468583e-05 5.6998733e-06 0.8406461 1.6038266e-05 0.00015215 7.339752e-06 5.5964418e-05 0.31597242 0.95960134 0.00084379787 3.893762e-06 1.110651e-07 0.00013095888 8.3468145e-14 0.8232525 0.8377013 0.86063975 0.900429 1.0777456e-05 0.7898078 2.4928002e-07 6.6189596e-06 1.4381066e-05 3.2786353e-08 0.015472084 0.438784 1.1679765e-05 3.4392652e-08 4.3142574e-08 3.514463e-07 0.61337364 0.22327282 2.612593e-06 2.1648756e-07 2.6166276e-06 3.1080526e-05 0.31090176 0.04614366 0.028723758 0.0810673 0.2817466 0.010178659 1.0835265e-06 8.819856e-08 0.24887507 1.056447e-06 0.038234062 7.719194e-07 0.00020498733 0.0055847047 3.127972e-05 0.008459157 0.26722175 1.6086832e-06 8.215684e-07 1.40304555e-05 5.165384e-07 0.17394564 8.4089654e-05 9.691614e-08 0.0053866166 0.0019124296 0.0010502009 2.8273971e-05 1.7598293e-06 0.00014105285 0.00028550116 3.998525e-07 1.417897e-07 4.275119e-08 0.075656585 1.6725297e-08 0.0005116448 0.00018620522 8.992303e-08 5.496966e-05 2.993235e-07 2.3833345e-06 0.0003273955 5.9212845e-05 0.0003919652 0.041665733 0.0003820515 6.84177e-05 9.82446e-07
0.6463831 7.007538e-05 0.00016168952 0.00026383324 1.6185844e-06 0.00013779562 2.5303325e-05 0.008583533 0.002528503 4.2454056e-05 7.742168e-05 0.00093410106 3.7033427e-05 0.019479439 0.0007095042 0.010277293 1.0137293e-05 2.6795706e-06 0.6670074 6.239e-06 8.443081e-06 1.0867558e-05 7.663595e-05 0.032323174 0.5103542 0.00041301842 1.2537582e-06 4.6945274e-07 2.5323436e-05 0.8232525 4.0247075e-15 0.985961 0.9253531 0.39328828 1.7533874e-05 0.33068132 1.07975154e-07 1.7395218e-05 3.6100075e-05 9.417025e-08 0.0015118165 0.6876039 4.3485556e-06 4.182104e-08 1.8650804e-08 5.9967465e-07 0.3047102 0.039559815 6.461711e-06 9.32506e-07 2.1799947e-06 1.1354594e-05 0.10628744 0.0063636373 0.035684835 0.27486193 0.07390451 0.026752753 1.1202159e-06 3.3363716e-07 0.06274825 4.0238027e-07 0.012529467 2.103882e-07 6.134385e-05 0.0063632037 4.8122944e-05 0.0031269523 0.09320476 7.482895e-06 3.7325005e-06 7.35976e-05 1.4797613e-06 0.058250003 4.5606885e-05 5.92461e-09 0.009085088 0.0007620974 0.0022695714 2.418455e-06 1.03317134e-07 7.775873e-05 0.0016110924 7.823563e-08 4.1436504e-08 2.335709e-09 0.040566005 2.3153243e-08 0.0005740422 2.4957926e-05 8.422758e-08 1.828343e-05 2.3145867e-08 5.753789e-08 0.00017072361 9.235882e-05 0.00026646047 0.01813147 0.00012601173 2.3073946e-05 2.4596018e-06
