2.9315209e-19 0.88830584 0.980919 0.78906924 0.8698084 0.90805346 0.95677966 0.31852368 0.2294602 0.9847861 0.96367496 0.9630722 0.87487173 0.9362347 0.9955812 0.9296245 0.8829466 0.8618166 0.96701556 0.58912694 0.9391305 0.9161314 0.98376286 0.9335122 0.84513664 0.8155921 0.7590651 0.9677075 0.9799014 0.81473 0.9147573 0.9808386 0.8822419 0.8858111 0.9215026 0.8083839 0.97993344 0.94635993 0.95685637 0.6221504 0.9480885 0.767378 0.33405903 0.7178236 0.086419195 0.99080926 0.99377966 0.9737624 0.8258396 0.380725 0.6755934 0.9712455 0.19569993 0.038267273 0.9061873 0.8800854 0.72112453 0.2544945 0.010012037 0.95602286 0.067567565 0.87563974 0.48464742 0.9608602 0.0029475475 0.026713908 0.9364484 0.5412605 0.001764656 0.008877329 0.0657354 0.60079515 0.58046556 0.53013575 0.001976685 0.00021447854 0.93471396 0.9159955 0.9937158 0.026518477 0.0030506724 0.2937449 0.66160625 0.00093386724 0.77606887 0.041612964 0.00032185958 0.0006049628 0.006258547 0.99944717 0.99946475 0.00055037247 0.9750573 0.98428094 0.00012807062 4.195927e-06 0.8969241 0.94270986 0.9991589 0.66885555 0.30528313
0.88830584 8.8647405e-14 0.33134514 0.9334156 0.9570978 0.28220555 0.9705624 0.5683003 0.5366622 0.8879352 0.0007538439 0.00018649772 0.00026877914 0.20748387 0.002330227 0.4933101 0.24462174 0.00020210707 0.367197 0.12019235 2.3231663e-05 5.212949e-06 5.5823775e-06 0.08005041 0.02385538 0.00011699928 0.00024400282 0.08281556 3.414553e-07 8.392599e-05 4.4285644e-05 0.0003023539 0.00011860205 6.8933823e-06 8.21411e-07 0.074172825 0.011033995 1.7607944e-08 1.4892764e-06 4.9817576e-05 2.9781908e-08 1.7033712e-05 0.0010006324 1.2670226e-07 0.16153714 1.3276143e-07 0.007078342 7.3670314e-08 8.537771e-09 3.1850456e-07 2.6171186e-08 1.2604471e-07 9.242596e-07 0.000871271 4.043288e-08 0.013196047 1.660543e-08 3.802067e-07 0.010956729 3.3867e-08 0.059912626 1.6475522e-07 4.4840306e-08 7.779458e-08 0.00040202515 0.00040757877 5.3935197e-05 2.8426405e-07 0.0001925597 4.72615e-06 2.0357688e-06 8.6142995e-07 3.0500019e-07 1.8745338e-07 2.8002087e-05 1.7914055e-05 9.0560775e-07 2.9290559e-06 0.0068120235 1.9679806e-07 1.8991036e-08 1.9046146e-07 2.4245976e-08 4.1822e-06 1.1927507e-07 8.46108e-08 2.3579106e-07 5.3927477e-07 1.6046779e-06 4.4053486e-06 0.003767507 2.7684811e-08 0.00027545 5.575498e-08 1.4149873e-07 5.3552608e-08 1.4293992e-07 2.3496052e-07 0.0007038797 1.7218177e-08 2.432921e-07
0.980919 0.33134514 9.574418e-14 0.033289716 0.035810374 0.00044093962 0.5422695 0.2638825 0.7285442 0.20062289 0.89254117 0.47385514 0.6026842 0.89896053 0.42448643 0.90545654 0.7197628 0.02280894 0.6499649 0.00048448553 0.06939332 0.0019505469 0.0051003788 0.8315471 0.84441954 0.21036346 0.16157317 0.50695664 8.13423e-05 0.013340379 0.0024343743 0.009316955 0.0027858901 0.0015549379 0.0004349393 0.31638262 0.14146611 2.5273432e-06 8.5964995e-05 0.0013388243 1.4737547e-06 0.000106210624 0.04274492 1.1237752e-05 0.27440783 2.657533e-05 0.09921503 1.6126995e-05 2.5323109e-06 1.8842466e-05 7.3428605e-06 1.0303209e-05 1.5259968e-05 0.006000329 2.0797259e-07 0.022724904 1.0875018e-06 8.398535e-06 0.046793554 6.435503e-07 0.0026354063 5.9901995e-06 1.4081722e-06 4.4425005e-06 0.000866813 0.0036017718 0.00044068636 1.420092e-05 0.004454367 0.00030950955 3.8820326e-05 1.8757473e-06 2.3599512e-07 2.5583715e-06 0.0001799912 4.13198e-05 4.462313e-06 2.2059896e-05 0.011338893 9.72412e-06 5.615164e-07 3.1245554e-07 1.1948694e-07 0.00024043467 1.725535e-07 8.106765e-06 2.9775534e-05 3.9720195e-05 2.678918e-05 0.00034808667 0.021361023 4.153613e-08 0.0018731029 1.15144886e-07 4.274347e-05 4.172786e-06 5.3697846e-08 8.567268e-08 0.0052026436 1.2641043e-07 1.548869e-07
0.78906924 0.9334156 0.033289716 2.636302e-12 0.97870713 0.97889614 0.63944817 0.48725215 0.059903774 0.660438 0.0001358373 6.390521e-05 9.8542434e-05 0.020927163 0.000113600814 0.036886353 0.023815613 4.6003566e-05 0.044245422 0.35891393 7.086994e-06 6.4550187e-07 1.9163438e-06 0.0066901897 0.0010468102 2.3691246e-05 2.4584304e-05 0.008764543 1.411852e-07 5.8049754e-06 8.009514e-06 5.392157e-05 3.7133423e-06 1.033741e-07 1.7489315e-07 0.011950844 0.000836833 3.2275338e-08 5.8384006e-07 1.4037823e-06 2.0979504e-08 1.992933e-06 4.304389e-05 5.1052103e-07 0.072302826 2.6445448e-09 0.0013766111 3.613486e-09 2.596511e-07 3.175295e-07 7.2348264e-08 4.8167223e-08 4.919124e-07 8.28984e-05 4.5908042e-08 0.02399614 2.8469525e-08 8.48147e-08 0.002222414 1.1344733e-07 0.050235726 1.9163316e-07 1.4533824e-08 9.0697476e-08 0.00024051586 2.9703071e-05 1.8517384e-06 1.0757857e-06 5.524915e-05 9.014709e-07 1.0247442e-05 2.8121977e-07 3.8783134e-07 5.075922e-07 7.953614e-06 7.970242e-06 9.997776e-07 6.432371e-08 0.010098818 4.2384688e-08 4.701241e-08 2.157679e-08 1.8417303e-09 1.5130856e-06 2.016302e-08 1.8174705e-07 3.8895436e-07 9.073454e-07 4.0718264e-06 7.3209875e-08 0.0015034686 3.5940218e-08 1.5512875e-05 3.5053511e-09 2.1583655e-07 3.306057e-07 1.7441021e-08 1.3031565e-08 8.078737e-05 8.004184e-10 5.0163025e-09
0.8698084 0.9570978 0.035810374 0.97870713 6.9666596e-14 0.8865305 0.6368232 0.95536643 0.5073666 0.5122506 0.00021565892 0.0001641072 0.000121531506 0.0061132563 0.000170916 0.27209577 0.017485999 0.00012930745 0.060903173 0.86215603 1.6499676e-05 5.8701667e-06 1.3010635e-05 0.025705548 0.0027651594 1.9543966e-05 4.7612124e-05 0.014760532 6.7562974e-07 1.5607373e-05 9.165455e-06 6.92022e-05 4.926128e-05 1.043095e-06 1.2812901e-06 0.10515194 0.0048834016 2.0594148e-07 5.56799e-06 2.8366314e-05 1.3579383e-07 3.0390918e-06 0.0011550288 1.4779496e-07 0.43184274 2.2635724e-07 0.003060843 3.7190074e-07 7.558021e-08 2.112908e-07 3.4351938e-08 1.79981e-07 3.9514583e-07 0.0005313242 1.107928e-07 0.017820187 1.5033861e-07 4.750646e-08 0.006376738 2.718267e-07 0.3052439 1.1962463e-06 4.476442e-08 5.466154e-07 0.0012161575 0.00039453493 2.0794942e-05 1.9399595e-06 0.0003329689 7.4180102e-06 5.2933497e-06 4.301261e-07 3.5841725e-07 9.359165e-07 1.2789772e-05 4.3373868e-05 1.1462594e-06 9.036701e-07 0.009998545 2.7332632e-07 1.4436911e-07 2.6683358e-07 1.2518853e-09 4.568888e-06 1.1748273e-08 4.1426924e-07 1.5062942e-06 2.6130863e-06 7.04844e-06 4.5482766e-06 0.005499184 7.6102424e-08 0.0003726829 1.154476e-07 3.1585358e-07 3.672701e-07 5.2878747e-08 4.8051607e-08 0.0010067406 8.3970997e-10 2.4586413e-07
0.90805346 0.28220555 0.00044093962 0.97889614 0.8865305 4.090677e-15 0.19334386 0.26640314 0.012657511 0.44405645 1.05826975e-05 8.539632e-06 5.169216e-06 0.0015742051 4.131547e-05 0.0017920599 0.0040495265 2.2161944e-06 0.0050294474 0.9864688 8.004935e-07 5.5389297e-08 1.8007816e-07 0.00064173137 0.00024562285 4.2812553e-06 1.1875693e-05 0.0020096465 4.7377064e-08 3.6520348e-07 4.5378025e-07 1.9013716e-05 3.5804555e-07 2.3182274e-08 3.054882e-08 0.0006386814 0.00021459289 1.92489e-08 1.2093584e-06 1.4182871e-06 1.3438565e-08 1.067761e-06 1.4421622e-05 5.1217736e-08 0.036649622 2.0999749e-09 0.00024780468 8.45728e-10 3.8464787e-08 4.5145985e-08 2.7098329e-08 9.855488e-08 5.9263197e-08 1.3126968e-05 4.5650608e-09 0.05149147 2.7344886e-09 3.5963737e-08 0.0012154526 2.7983223e-08 0.06095201 5.1399176e-08 7.861385e-10 4.7746006e-08 0.0003751298 5.756336e-06 5.58254e-07 1.3963678e-06 1.2865828e-05 4.5023302e-07 2.4262724e-06 2.012475e-08 3.9781912e-07 1.8660234e-08 1.4420707e-06 4.5789006e-05 3.4927993e-08 1.4421483e-09 0.01869243 6.5239774e-08 5.610667e-09 5.834649e-09 1.4562529e-10 7.8915406e-07 4.24515e-09 4.4335657e-08 1.46061e-07 3.4269792e-07 1.9481022e-06 3.2991276e-09 0.00045831388 4.78064e-09 1.1904716e-06 2.976897e-11 3.7646924e-08 6.323376e-08 1.560568e-10 6.375421e-10 2.8949312e-06 4.8653196e-11 2.1200026e-11
0.95677966 0.9705624 0.5422695 0.63944817 0.6368232 0.19334386 3.6011227e-16 0.3295102 0.36321703 0.9745334 0.010527667 0.0020617428 0.0030167014 0.17204824 0.0058894143 0.51106113 0.14424671 0.00041670716 0.70010036 0.067335695 0.00025055575 2.4384055e-05 9.490254e-05 0.1332299 0.034015182 0.00049797137 0.00059502537 0.116005756 3.2717404e-07 6.043054e-05 0.00021119947 0.002213551 0.0002340942 1.587855e-06 4.805727e-07 0.0068778303 0.029857809 6.352934e-08 1.2638313e-06 1.3587913e-06 9.802073e-09 1.3348032e-06 1.7825098e-05 3.9547265e-07 0.023183921 1.101794e-06 0.048715834 1.0563095e-07 3.8156283e-08 3.8398065e-07 1.9624583e-08 1.0483067e-06 2.921018e-07 1.0713153e-05 5.096036e-09 0.14584477 1.8476422e-08 2.4025836e-08 0.0011641944 8.858408e-09 0.0075139888 1.6321255e-08 2.1713473e-09 6.909684e-08 0.00036691182 1.34475595e-05 0.00059742056 1.5357102e-08 6.6874914e-06 2.823494e-06 1.4240928e-07 1.5303074e-07 2.6155755e-09 1.0638533e-07 1.1301997e-06 8.62754e-06 1.0598796e-07 2.990168e-07 0.051716078 1.5257413e-06 4.783632e-07 9.7161376e-08 3.5456367e-09 2.6449452e-06 7.2635964e-09 4.3274338e-07 8.943285e-07 1.4046515e-06 4.2292695e-07 1.2775997e-05 0.021805596 6.4585315e-08 0.0022968256 3.2642555e-10 1.9378301e-07 1.1872569e-07 2.8033638e-09 2.8964207e-09 0.00449909 2.3920646e-10 1.0075252e-09
0.31852368 0.5683003 0.2638825 0.48725215 0.95536643 0.26640314 0.3295102 1.8899932e-16 0.9944262 0.14220525 0.0020789262 0.0007651735 0.0010415971 0.031630255 0.00079927995 0.40275466 0.028191397 0.00055825297 0.031773917 0.88579243 0.00034992877 1.8756715e-05 4.680759e-05 0.03810522 0.011781046 0.0001411021 0.00016280668 0.006671277 2.6007626e-06 2.952799e-05 5.9487695e-05 0.000247228 3.065416e-05 4.952422e-07 1.5306731e-06 0.015864255 0.0018597362 1.982767e-07 1.0900758e-06 7.486554e-05 1.0847036e-07 4.6426076e-06 0.00057431875 2.884741e-07 0.101640835 6.280633e-08 0.001070925 4.089046e-08 1.00478e-07 3.5300323e-07 4.4247628e-08 2.1540275e-08 1.7224345e-07 0.00047733702 1.2514274e-08 0.007372483 6.0778035e-08 8.0106524e-08 0.0034426225 2.1981394e-07 0.022860315 1.5309169e-08 3.2982545e-08 2.022557e-08 0.0011613944 0.00013165514 7.5359225e-07 2.113028e-06 8.91299e-05 3.7738395e-05 2.124106e-06 8.010606e-08 5.006567e-07 2.6095486e-07 6.6599264e-06 1.2041066e-05 3.5013908e-08 2.7762066e-08 0.0024890827 7.940796e-08 9.17074e-09 2.1481986e-07 1.0401084e-09 4.8802817e-06 1.2648827e-08 8.009216e-08 1.8125263e-06 1.1669839e-06 9.072346e-07 8.5673133e-07 0.0011400298 1.128683e-08 3.3672244e-05 6.139924e-10 3.8632703e-07 4.321738e-07 3.3388234e-10 8.948395e-09 0.00023975852 1.8859416e-09 8.1677826e-10
0.2294602 0.5366622 0.7285442 0.059903774 0.5073666 0.012657511 0.36321703 0.9944262 5.8101356e-18 0.106910445 0.010357099 0.0011737272 0.0020002925 0.106430836 0.00091954466 0.9773042 0.057933692 0.0009931517 0.06485011 0.5006435 0.00031801334 0.00011426926 4.3124874e-05 0.49274388 0.18030797 0.00046402463 0.0002545983 0.0073305294 1.8635274e-05 3.662006e-05 1.38425785e-05 0.00014836925 2.5030295e-05 8.698413e-07 4.344833e-06 0.031507708 0.0011283916 5.365646e-07 3.6249006e-07 4.4326676e-05 1.199322e-07 3.1902791e-06 0.0012733205 5.431204e-07 0.2453213 9.971186e-08 0.00061455456 3.657533e-08 1.16806895e-07 1.2202661e-06 1.0342203e-07 7.589991e-08 8.9553447e-07 0.0006463416 7.502349e-09 0.0038423587 2.8579169e-07 3.6173134e-07 0.019202035 6.212445e-07 0.032221895 1.5535162e-08 6.165125e-08 2.85124e-08 0.0032311715 0.00040309894 2.1344479e-06 6.7156856e-07 0.00063701946 2.0650123e-05 3.2670932e-06 4.718532e-07 1.1993001e-07 1.2313541e-06 5.5909395e-06 6.9001864e-05 4.6921397e-08 2.302891e-08 0.0018157047 1.8018905e-08 3.0906309e-09 6.914062e-08 4.260456e-09 9.384503e-07 2.4218386e-08 5.8618365e-08 2.0378275e-06 2.306168e-06 2.2537333e-07 5.820883e-07 0.0015361301 3.9232697e-09 0.00024382767 6.6415162e-09 1.0159572e-07 1.8679809e-07 1.0241978e-09 2.6542892e-08 0.0005038292 1.0411529e-08 1.4266687e-09
0.9847861 0.8879352 0.20062289 0.660438 0.5122506 0.44405645 0.9745334 0.14220525 0.106910445 2.932497e-17 0.0036925885 0.0012915938 0.0023056536 0.071524665 0.0016686005 0.2368816 0.114433266 0.0005107305 0.77667534 0.041744206 0.00020739753 7.1799354e-06 6.0316826e-05 0.053622782 0.013589562 0.00028750725 0.00039758152 0.23723814 1.2591195e-07 3.3415523e-05 0.00041126306 0.0017275045 0.0005133109 2.6082301e-07 5.8407092e-08 0.0077260407 0.028590368 1.0448971e-08 1.6587625e-06 2.5151178e-07 5.5078484e-09 7.20991e-07 3.6343763e-06 3.8119418e-07 0.029602833 4.2360708e-07 0.050443888 3.6527368e-08 2.1436419e-08 2.2561676e-07 2.4647061e-08 3.4782684e-07 2.6348584e-07 8.110693e-06 2.344086e-09 0.7842969 4.134656e-09 1.955986e-08 0.000948252 2.5087288e-09 0.018763138 1.0097727e-08 8.165415e-10 6.606183e-08 0.00046905875 7.407314e-06 0.0004631349 3.3304126e-08 1.1944742e-05 3.7517378e-07 3.0572588e-07 4.0062164e-07 1.2931182e-09 1.3464195e-08 3.0385934e-06 1.922585e-05 2.4965672e-08 3.3903646e-08 0.1992542 3.1638422e-07 2.0000255e-06 1.2071453e-07 2.9048233e-10 9.0757993e-07 9.946084e-10 7.500352e-07 1.7134968e-07 5.124894e-07 6.4521015e-07 3.434488e-07 0.043393582 2.4693882e-08 0.0009875176 1.9771379e-11 2.9270787e-08 1.2452564e-07 1.7644738e-10 7.961683e-11 0.0005789576 1.4383257e-11 1.121538e-10
0.96367496 0.0007538439 0.89254117 0.0001358373 0.00021565892 1.05826975e-05 0.010527667 0.0020789262 0.010357099 0.0036925885 4.920668e-16 0.80980325 0.9423684 0.05232448 0.59584975 0.25539705 0.027865421 0.26737285 0.0069927857 2.0027159e-05 0.85113275 0.02922265 0.06402893 0.55297786 0.74513024 0.7993919 0.68316966 0.048593882 0.0007744261 0.57953566 0.00056860293 0.005399781 0.0009105863 0.32442638 0.06578888 0.5804435 0.02667646 3.597734e-07 5.6999224e-06 0.28350168 8.6382147e-07 0.004972287 0.44915333 1.7273844e-05 0.0066086533 6.431304e-06 0.012348963 9.583373e-06 4.9761826e-07 6.8142384e-05 2.5563242e-05 1.5358627e-06 0.0001045241 0.023080688 3.1079873e-07 0.002037239 1.6465063e-07 1.74599e-05 0.0002387518 1.9596801e-07 8.124977e-06 8.3203247e-07 4.9388163e-08 1.805181e-06 6.273974e-05 0.06001672 6.36455e-05 0.012333721 0.00022463806 0.014652972 0.023616018 7.078318e-07 3.5769946e-07 1.7897337e-07 4.704549e-05 3.6757658e-06 5.811254e-07 5.535611e-07 0.0018437562 6.369317e-05 0.00016832349 4.1498893e-07 2.008598e-08 0.00016703701 1.6861918e-07 3.8849043e-06 4.2684773e-05 7.46624e-05 0.00061212253 0.00016661317 0.0051458334 1.5375018e-07 0.0002900024 6.122062e-08 2.5889547e-05 8.102545e-06 2.12383e-08 7.842787e-09 0.0037656215 1.0563734e-08 3.1678604e-07
0.9630722 0.00018649772 0.47385514 6.390521e-05 0.0001641072 8.539632e-06 0.0020617428 0.0007651735 0.0011737272 0.0012915938 0.80980325 5.2907008e-15 0.94300056 0.08180677 0.8840795 0.013812289 0.01323645 0.8776047 0.0027365764 3.0174078e-05 0.8989329 0.4100936 0.47140625 0.037453715 0.16235858 0.5981745 0.45995826 0.057505865 0.025075687 0.5632191 0.014767319 0.033678606 0.015295505 0.46506366 0.34883004 0.07626227 0.041842613 3.6674828e-05 0.0004014212 0.34687355 2.4676734e-05 0.034309704 0.13546622 0.0010240091 3.364265e-05 9.6729855e-05 0.019440189 0.00010598023 2.9678806e-05 0.0004896151 0.00029252065 3.3440298e-05 0.0003257955 0.0012809908 9.887516e-06 0.0044919755 8.738634e-06 0.00014957444 5.803927e-05 2.7423457e-06 4.0511253e-07 4.082934e-05 3.9961387e-07 7.653571e-06 1.5753712e-05 0.025116919 0.0017868483 0.053055845 1.832966e-05 0.010013819 0.03951217 6.30572e-06 8.631297e-07 3.932528e-06 1.7771697e-05 4.106726e-06 8.443709e-06 5.2120445e-06 0.0027155194 0.00040121295 0.0021085774 1.7392952e-06 1.6894641e-07 2.864922e-05 1.2693928e-06 8.992821e-05 3.8087266e-05 6.1556646e-05 0.0016711174 0.00029192094 0.008939832 1.8598178e-06 0.00080909085 2.5735886e-07 4.0919662e-05 1.0229173e-05 2.3630479e-07 3.7352883e-08 0.005934881 1.3539548e-08 3.324897e-06
0.87487173 0.00026877914 0.6026842 9.8542434e-05 0.000121531506 5.169216e-06 0.0030167014 0.0010415971 0.0020002925 0.0023056536 0.9423684 0.94300056 6.4400436e-19 0.06691414 0.626671 0.016932704 0.0135758305 0.8566245 0.0035634611 1.9559393e-06 0.96050954 0.35037452 0.24506491 0.041669734 0.32351908 0.7021027 0.21499732 0.058351055 0.004387287 0.2889646 0.00455595 0.008903625 0.0036919336 0.18633418 0.07707371 0.025395071 0.026181782 9.313662e-06 0.0001812706 0.07417664 4.969873e-06 0.0067680934 0.035261113 0.0005000381 1.4925747e-05 0.00011830112 0.01185402 4.9747792e-05 1.8923366e-06 0.00017462442 1.1733768e-05 1.428203e-05 0.00033214394 0.0005589229 6.0223016e-07 0.0025676955 1.4399792e-06 3.5752196e-06 2.4380708e-05 1.52909e-06 3.6899425e-07 3.3044762e-06 2.3857004e-07 1.6439886e-06 3.3625088e-06 0.007780881 0.0009645351 0.009305046 6.873498e-06 0.0025903971 0.006644568 7.974488e-07 1.2664984e-07 7.3589554e-08 1.7070714e-06 2.1169157e-07 8.9619226e-07 3.822155e-06 0.0014521821 7.84647e-05 0.00024582676 3.4527574e-07 1.7579723e-08 1.776409e-05 2.6256084e-08 0.00013278062 4.4261873e-05 1.921357e-05 0.0007173263 0.0002657083 0.0046620853 6.87919e-08 0.000574779 5.2793496e-08 5.0575823e-06 4.8747114e-07 2.414072e-08 3.5811777e-08 0.0036778857 2.3862965e-09 1.417855e-07
0.9362347 0.20748387 0.89896053 0.020927163 0.0061132563 0.0015742051 0.17204824 0.031630255 0.106430836 0.071524665 0.05232448 0.08180677 0.06691414 5.1348868e-17 0.7341671 0.11009538 0.98598784 0.014466164 0.5510629 0.00016325289 0.003337301 0.0045613567 0.03376802 0.03785712 0.04196281 0.005057351 0.0014569387 0.8595263 0.00021061134 0.00077839784 0.61896026 0.54439425 0.3523096 0.0001407356 0.0003818124 0.003431984 0.27345467 0.00022651309 0.005587734 6.264718e-05 5.9204653e-05 0.00014265212 0.0005923326 0.0004961598 0.009689993 0.0040159463 0.2143704 4.0302897e-05 8.726368e-06 0.00038951662 2.4900917e-05 0.00033763613 8.880562e-05 0.00017038758 1.6379872e-06 0.22506242 0.00025971932 6.4604415e-06 0.007137404 2.555137e-05 0.0011736443 0.00024071618 1.4839891e-05 3.5265937e-05 0.001036317 0.0021539314 0.108758934 0.00030489854 0.00035354448 0.00011833305 5.023929e-05 0.00015404202 7.733681e-07 5.7017412e-05 2.1999178e-05 2.1968484e-05 0.00017710474 0.00014399902 0.043621726 9.201793e-06 4.5695347e-07 3.5117205e-06 7.930973e-08 0.0002443281 3.6628457e-08 0.00028922988 7.678333e-06 8.065732e-06 2.2628744e-06 0.001864108 0.17126605 2.1096382e-07 0.047399424 8.129294e-06 5.1936263e-06 5.402518e-07 4.8102643e-06 9.3745655e-07 0.024023838 1.1381475e-08 1.2461761e-05
0.9955812 0.002330227 0.42448643 0.000113600814 0.000170916 4.131547e-05 0.0058894143 0.00079927995 0.00091954466 0.0016686005 0.59584975 0.8840795 0.626671 0.7341671 4.986243e-13 0.009531012 0.16553666 0.6523177 0.014253695 3.4084303e-05 0.2756456 0.41049063 0.8253659 0.015630595 0.026570491 0.032655463 0.04392186 0.45463476 0.20780933 0.042233653 0.59743375 0.5941699 0.30940503 0.019753989 0.02825052 0.004416591 0.34325185 0.008496137 0.026199961 0.005815504 0.0011809781 0.006219542 0.0024100388 0.0033378757 0.00022523916 0.013007808 0.32288933 0.0011400542 0.00032220047 0.0007898694 0.00036195357 0.0014148398 0.000594474 0.000111522095 3.674096e-05 0.036893178 5.6574725e-05 0.00020026059 0.00019966046 3.909917e-05 9.429849e-06 6.993138e-05 1.0685673e-05 6.610787e-05 1.0420774e-05 0.0019836032 0.03541082 0.0016891335 5.381171e-06 0.00093364593 0.002847481 1.8998111e-05 1.7778852e-05 1.6664835e-05 3.6720503e-05 1.2185861e-05 2.656238e-05 0.00015233105 0.021968028 0.0003036815 0.00026365693 7.0936208e-06 2.646757e-06 0.00027018905 3.4606414e-06 0.00013682985 0.00027975754 0.000636929 0.0016666251 0.008414241 0.15984754 3.059722e-06 0.030692155 3.0171702e-06 0.00020994358 1.9632682e-05 1.076326e-05 2.2764601e-05 0.08641163 1.6321118e-06 6.1370442e-06
0.9296245 0.4933101 0.90545654 0.036886353 0.27209577 0.0017920599 0.51106113 0.40275466 0.9773042 0.2368816 0.25539705 0.013812289 0.016932704 0.11009538 0.009531012 3.045875e-16 0.1918384 0.001574694 0.19216515 0.26740715 0.0012515518 1.0893977e-05 2.6164591e-05 0.95107234 0.7415692 0.011783525 0.0075991 0.08654654 5.510949e-07 0.00032620778 4.22954e-05 0.00044180802 0.00012095419 2.0463535e-06 1.3677205e-06 0.5578687 0.018800847 1.0915103e-08 1.012216e-06 0.00014964493 1.4432001e-08 8.064408e-06 0.046983935 2.056532e-07 0.7138357 8.015543e-08 0.0095978435 9.5714526e-08 3.284287e-08 2.129747e-06 5.5316974e-08 6.21547e-08 1.8053979e-06 0.015126184 1.5304527e-08 0.010058843 8.594273e-08 2.4320676e-07 0.13722882 2.771378e-07 0.017145844 2.7269758e-07 1.3486999e-07 1.1767963e-08 0.0052095675 0.004403979 2.2966196e-05 5.7244387e-07 0.008138034 4.504624e-05 4.257076e-06 4.9723167e-07 2.1535622e-09 5.9891454e-07 0.00034918787 3.8854436e-05 1.15279924e-07 1.5376953e-07 0.0092352405 1.1282171e-06 1.0326119e-07 1.0325542e-08 2.0274083e-08 6.635522e-05 1.2446664e-07 4.5055774e-07 1.5044797e-06 3.3207457e-06 2.271302e-06 7.8930725e-06 0.008796857 8.802311e-08 0.0004949157 9.6890076e-08 1.0228729e-06 1.0454274e-06 6.095822e-08 7.149366e-08 0.0029743083 2.2279933e-08 1.931897e-08
0.8829466 0.24462174 0.7197628 0.023815613 0.017485999 0.0040495265 0.14424671 0.028191397 0.057933692 0.114433266 0.027865421 0.01323645 0.0135758305 0.98598784 0.16553666 0.1918384 3.4798635e-17 0.0031826457 0.98635393 0.0005392959 0.0016991163 0.00075915415 0.0025295138 0.056810077 0.041176256 0.0019143858 0.0012731142 0.739457 5.4247186e-05 0.0002259612 0.15680829 0.31914082 0.06338918 1.748663e-05 6.150442e-05 0.0051951893 0.22830498 1.1159694e-05 0.00037968296 5.220912e-05 8.54496e-06 2.8276532e-05 0.0006024161 5.114411e-05 0.019554473 0.00019689204 0.20430043 1.0432706e-05 6.252882e-07 1.1686896e-05 1.007964e-06 4.7740657e-05 1.8308383e-05 0.00033993297 5.203624e-07 0.31166348 3.4732618e-06 2.9268287e-07 0.01254361 2.3437788e-06 0.004794489 2.1810667e-05 6.68817e-07 3.1808493e-06 0.002689172 0.0004589844 0.027601274 1.0872699e-05 0.00042620054 6.444305e-05 2.1509191e-05 9.966776e-06 5.020796e-07 1.174824e-06 6.362541e-05 0.00019461114 3.441426e-05 1.8769133e-05 0.03946578 3.013955e-06 8.3836306e-07 1.344291e-06 4.042322e-09 9.5441676e-05 2.844237e-09 4.0079245e-05 2.3182188e-06 4.073838e-06 8.2048945e-07 0.00022177295 0.08594816 6.656266e-07 0.019889068 8.454679e-07 6.412676e-07 2.9884616e-06 7.948479e-08 1.909029e-08 0.011858521 2.425326e-10 3.539618e-06
0.8618166 0.00020210707 0.02280894 4.6003566e-05 0.00012930745 2.2161944e-06 0.00041670716 0.00055825297 0.0009931517 0.0005107305 0.26737285 0.8776047 0.8566245 0.014466164 0.6523177 0.001574694 0.0031826457 2.340392e-16 0.00072903297 2.2371278e-06 0.89045906 0.9797987 0.87721556 0.0007085781 0.0064467113 0.20203097 0.014241031 0.02949635 0.4166984 0.13015822 0.028410451 0.026204497 0.018019948 0.24282217 0.5591732 0.0007171737 0.027985575 0.0010468507 0.0045498456 0.05136645 0.0006302348 0.10136891 0.005685859 0.03974213 5.112117e-06 0.0060592243 0.014204978 0.0045469543 0.0010713246 0.0022138995 0.00077447965 0.0005737439 0.004425135 4.8174006e-05 0.0001508724 0.0021060484 0.00019640538 0.00029165545 7.285176e-06 0.00018962534 6.670007e-08 0.00018894588 2.7263932e-05 0.00011733572 1.556328e-06 0.0036300104 0.002941297 0.11829918 2.4878722e-07 0.002083226 0.019766001 3.7533304e-05 1.3575332e-05 1.8582175e-05 2.012599e-07 3.316397e-08 0.00012036446 0.0001568376 0.0019374691 0.009027489 0.0068497774 4.1754847e-06 1.1091952e-06 2.8756315e-06 2.5255267e-06 0.0037857748 6.4655425e-05 2.642826e-05 0.007558361 0.0017328928 0.0072204354 2.565638e-06 0.0017267766 1.8147332e-06 0.00013166906 8.366698e-07 5.8466924e-07 1.8835746e-07 0.008357197 1.4562661e-07 8.228665e-06
0.96701556 0.367197 0.6499649 0.044245422 0.060903173 0.0050294474 0.70010036 0.031773917 0.06485011 0.77667534 0.0069927857 0.0027365764 0.0035634611 0.5510629 0.014253695 0.19216515 0.98635393 0.00072903297 6.769481e-18 0.0007290124 0.0005537779 5.822599e-05 0.00023605647 0.042328987 0.015244862 0.00040362746 0.0005042551 0.8408562 9.62853e-07 6.103504e-05 0.005502623 0.10486967 0.004697909 1.1117135e-06 2.3578243e-06 0.0033540523 0.1996737 1.1806932e-07 8.395451e-06 1.48514e-05 1.7454873e-07 1.2489721e-05 3.271887e-05 2.068918e-06 0.017052552 1.2830153e-06 0.18046819 1.0442441e-07 6.2428086e-08 1.0877496e-06 8.426422e-08 2.44393e-07 1.7407172e-06 3.316804e-05 1.5966544e-08 0.87632793 1.12718205e-07 6.60287e-08 0.0020364039 8.559147e-09 0.00384019 1.2711547e-07 2.3720805e-08 4.6780382e-08 0.0005334289 2.6394133e-05 0.0044213743 1.2009328e-06 8.131364e-06 5.571567e-07 3.346293e-06 4.6971294e-07 3.0554705e-08 1.9185131e-07 1.9030189e-05 1.5863709e-05 1.3324482e-07 7.693486e-07 0.11933529 1.7539902e-06 1.309128e-06 6.154738e-08 6.342842e-10 2.999569e-06 1.0359547e-09 2.6486648e-05 3.1938466e-06 2.9471903e-06 1.3292632e-06 8.029874e-06 0.08522796 1.796728e-07 0.0052575893 9.65708e-10 4.5719233e-07 4.156912e-07 7.3311807e-10 1.1324757e-09 0.0024036337 1.1358816e-11 3.6355163e-10
0.58912694 0.12019235 0.00048448553 0.35891393 0.86215603 0.9864688 0.067335695 0.88579243 0.5006435 0.041744206 2.0027159e-05 3.0174078e-05 1.9559393e-06 0.00016325289 3.4084303e-05 0.26740715 0.0005392959 2.2371278e-06 0.0007290124 4.1615496e-16 2.0873372e-06 1.1478844e-07 3.4582314e-07 0.0028042293 0.00040364653 7.64376e-06 1.0013497e-05 0.0009671021 6.491132e-07 8.23579e-07 7.6600756e-08 1.742168e-05 1.1159342e-07 1.3969905e-07 4.4151e-07 0.0024696384 0.00010870974 9.357246e-07 1.0632884e-05 6.419281e-06 1.9586487e-07 8.614735e-07 1.39153235e-05 4.4197128e-07 0.39078185 1.2849739e-07 0.0007852496 3.042334e-08 1.0265043e-06 1.9056658e-06 1.0256128e-06 7.7901973e-07 4.840948e-07 0.00028292811 4.932857e-08 0.030722069 1.4930102e-07 2.0046007e-06 0.0068708444 4.0298955e-06 0.9254303 1.7047223e-06 1.12870836e-07 1.4642898e-06 0.0009702046 5.40841e-05 2.901959e-07 5.651683e-06 2.819537e-05 2.6760273e-07 2.4607996e-07 5.518407e-07 1.2277682e-06 1.7465923e-06 1.5948763e-05 0.00023947857 7.693479e-07 1.5730974e-08 0.017448684 8.643323e-07 2.8506404e-09 9.930038e-08 3.347576e-08 2.9647586e-06 4.8821835e-07 1.0622997e-06 5.832182e-08 5.017771e-07 4.5083627e-07 1.1572814e-09 0.00033173655 1.7410751e-07 2.0497941e-07 1.8179064e-10 9.288904e-08 2.3330507e-07 5.018101e-09 2.2138028e-08 9.125387e-06 1.0691742e-08 4.9222787e-10
0.9391305 2.3231663e-05 0.06939332 7.086994e-06 1.6499676e-05 8.004935e-07 0.00025055575 0.00034992877 0.00031801334 0.00020739753 0.85113275 0.8989329 0.96050954 0.003337301 0.2756456 0.0012515518 0.0016991163 0.89045906 0.0005537779 2.0873372e-06 3.7313567e-16 0.6751579 0.3342969 0.0055332785 0.20148501 0.9120429 0.48084185 0.03499288 0.045731004 0.8003219 0.0022377628 0.0042705685 0.0019575483 0.73971915 0.6575028 0.031422794 0.014765869 5.751899e-05 0.00030155075 0.19449665 5.9424074e-05 0.051052183 0.07017424 0.004703455 8.4348205e-05 0.003342563 0.0060462994 0.0011316775 8.4745145e-05 0.0009835139 0.00012929228 6.72003e-05 0.001402231 0.0033161668 9.260361e-06 0.00052326435 1.2163314e-05 0.0002083487 0.00018678038 6.2003205e-06 3.7315664e-07 1.6981468e-05 8.40925e-06 4.1281834e-05 1.7139752e-06 0.03334363 0.00036263026 0.12012152 0.00017763638 0.018270263 0.07582808 9.725419e-06 2.5292276e-05 1.6811749e-06 0.00013147847 9.479973e-08 1.6192955e-05 5.0925675e-05 0.000936927 0.010739981 0.013123501 9.054002e-06 6.059922e-07 0.00082613213 7.0354344e-07 0.0029158953 0.0011366394 0.0014275215 0.021005318 0.000655094 0.002593889 1.190482e-06 0.00041075857 1.2130778e-06 0.0011121903 3.1233194e-05 1.5491675e-07 1.18572586e-07 0.0035043713 3.589567e-07 5.709924e-07
0.9161314 5.212949e-06 0.0019505469 6.4550187e-07 5.8701667e-06 5.5389297e-08 2.4384055e-05 1.8756715e-05 0.00011426926 7.1799354e-06 0.02922265 0.4100936 0.35037452 0.0045613567 0.41049063 1.0893977e-05 0.00075915415 0.9797987 5.822599e-05 1.1478844e-07 0.6751579 1.3631625e-14 0.9581147 1.2317705e-05 0.0018732778 0.04020915 0.0056707934 0.014539337 0.8690973 0.08606207 0.025381653 0.016597003 0.013987305 0.2041603 0.617015 0.00022542827 0.017996078 0.017549492 0.011357536 0.04786365 0.007958193 0.22588836 0.0022467107 0.2387649 2.6344563e-07 0.021038232 0.007269183 0.013940727 0.011827963 0.010341125 0.0036288993 0.00089957344 0.016062574 2.8372997e-05 0.0014689377 0.00030890535 0.0014154705 0.0014108042 1.1523607e-05 0.00031237886 2.680148e-08 0.00065104227 0.000115900286 0.0004256213 4.0557776e-08 0.0016393039 0.0022336817 0.26635444 4.38618e-07 0.0012586581 0.03980233 0.00017407854 0.00025985437 9.151729e-05 1.2905638e-06 7.300365e-08 0.00059590326 0.0006108911 0.00083566067 0.020917475 0.017248346 0.00017833336 1.1150715e-05 3.2794953e-06 5.567735e-06 0.018266745 6.3876454e-05 3.7490485e-05 0.013923156 0.0058586346 0.004118043 0.00010104385 0.00080024556 1.1707354e-05 0.00019542802 3.5611793e-06 2.7819862e-05 4.784196e-06 0.00867712 1.3983855e-06 0.00010598306
0.98376286 5.5823775e-06 0.0051003788 1.9163438e-06 1.3010635e-05 1.8007816e-07 9.490254e-05 4.680759e-05 4.3124874e-05 6.0316826e-05 0.06402893 0.47140625 0.24506491 0.03376802 0.8253659 2.6164591e-05 0.0025295138 0.87721556 0.00023605647 3.4582314e-07 0.3342969 0.9581147 1.0056426e-15 8.078321e-05 0.0007459753 0.007167796 0.0047865943 0.044046357 0.9291761 0.030594554 0.67190254 0.27647218 0.28532454 0.05091789 0.2315435 0.00011381042 0.081523106 0.075190224 0.16665119 0.00977961 0.024353556 0.16358936 0.00030237064 0.18684399 3.71373e-07 0.10857636 0.062475033 0.03671404 0.013995645 0.013741649 0.0045495983 0.009838455 0.02352347 1.0099187e-05 0.0014960561 0.0058285575 0.0009778461 0.0029639306 1.6184191e-06 0.0006053382 2.869346e-07 0.000744786 0.00015203642 0.0010691229 1.5853455e-07 0.0003310899 0.04531638 0.049971167 4.2049498e-07 0.00034883656 0.006684033 7.056811e-05 0.00055707473 6.750785e-05 1.0053758e-06 1.2420685e-07 0.000463581 0.0015035002 0.0033826723 0.0030132455 0.0018401726 0.00024179961 3.15277e-05 1.8215197e-06 8.631968e-06 0.006659254 3.8039456e-05 1.9292982e-05 0.0045766574 0.03490505 0.02950242 5.452763e-05 0.025426848 2.2024578e-05 5.5284938e-05 7.90381e-07 2.0415362e-05 1.870764e-05 0.04829087 1.619744e-06 0.00022134148
0.9335122 0.08005041 0.8315471 0.0066901897 0.025705548 0.00064173137 0.1332299 0.03810522 0.49274388 0.053622782 0.55297786 0.037453715 0.041669734 0.03785712 0.015630595 0.95107234 0.056810077 0.0007085781 0.042328987 0.0028042293 0.0055332785 1.2317705e-05 8.078321e-05 2.6199335e-17 0.98455256 0.11490695 0.03834998 0.050668247 1.9031475e-07 0.0022248388 1.1678941e-05 0.00017348422 5.147435e-05 5.7941656e-05 6.566016e-06 0.9087833 0.019390844 1.1934556e-08 1.6926226e-06 0.002200643 2.3808195e-08 5.0528092e-06 0.33521977 3.209463e-07 0.40035006 1.4405992e-07 0.009913222 4.3775754e-07 3.902978e-08 1.9967854e-06 3.3492827e-07 1.2150352e-07 3.546883e-06 0.061797105 2.3827228e-08 0.0070856563 1.3340083e-07 1.1447955e-06 0.19468246 1.9704069e-07 0.00045147262 8.2906254e-08 9.175188e-08 6.483525e-08 0.0031402917 0.0296534 7.52707e-06 6.603956e-07 0.004600326 0.0019328564 2.7278289e-05 7.871547e-07 3.5233494e-09 2.5165767e-07 0.00065950165 3.8715694e-05 1.7265814e-06 1.2296291e-06 0.004362629 1.0359701e-06 1.8366169e-06 9.360418e-08 3.92954e-08 0.0010557451 1.3596461e-07 2.0952093e-06 0.00016518687 0.0004308785 3.312407e-05 2.4583856e-05 0.0049207075 5.1343494e-07 6.024462e-05 3.3553764e-07 0.00015199004 4.074194e-05 5.742431e-08 2.288734e-08 0.0012368764 2.8050179e-08 7.2574096e-08
0.84513664 0.02385538 0.84441954 0.0010468102 0.0027651594 0.00024562285 0.034015182 0.011781046 0.18030797 0.013589562 0.74513024 0.16235858 0.32351908 0.04196281 0.026570491 0.7415692 0.041176256 0.0064467113 0.015244862 0.00040364653 0.20148501 0.0018732778 0.0007459753 0.98455256 1.9324085e-16 0.89793015 0.91941243 0.04914595 2.32821e-05 0.18532321 6.155156e-06 0.00025610544 7.916608e-06 0.00643783 0.0006473467 0.87586766 0.017406553 2.2307074e-07 3.5176538e-06 0.03361828 1.0482632e-07 0.00030547104 0.37619242 3.471311e-06 0.039569017 3.2130997e-06 0.015810065 3.5045111e-06 1.3160573e-07 6.0653256e-06 6.463661e-07 4.2101462e-07 1.090949e-05 0.050038405 1.1704078e-08 0.0021526995 7.2562884e-08 1.6225781e-06 0.061911475 1.104798e-06 2.503841e-05 5.4077418e-08 3.323396e-07 4.3256264e-07 0.0017774961 0.035211816 9.749218e-06 1.0392409e-05 0.016265236 0.0020306972 0.0004324414 5.715024e-07 2.0782876e-08 1.4656756e-08 0.0009920552 2.225211e-05 5.79563e-07 1.5904973e-07 0.0017259206 2.3248177e-07 3.032057e-06 4.5489312e-08 1.66124e-08 0.0014656954 7.1060384e-08 1.1013208e-05 4.174922e-05 0.00013877839 0.00010931636 4.8014394e-05 0.0039425436 1.5939586e-08 7.141717e-05 1.8535475e-08 9.225438e-06 6.727747e-06 2.4319203e-08 1.643048e-08 0.0012471232 3.4213773e-08 4.588482e-09
0.8155921 0.00011699928 0.21036346 2.3691246e-05 1.9543966e-05 4.2812553e-06 0.00049797137 0.0001411021 0.00046402463 0.00028750725 0.7993919 0.5981745 0.7021027 0.005057351 0.032655463 0.011783525 0.0019143858 0.20203097 0.00040362746 7.64376e-06 0.9120429 0.04020915 0.007167796 0.11490695 0.89793015 5.0086474e-19 0.98552364 0.010478056 0.0017227294 0.95695347 0.000203907 0.00021704896 0.00015633197 0.3919113 0.07939797 0.25477493 0.0057344823 4.215013e-06 2.8802822e-05 0.24550666 4.076244e-06 0.0033203075 0.2628802 6.5795184e-06 1.832239e-05 2.167026e-05 0.0027964204 2.9812216e-05 1.1906374e-06 4.234621e-05 4.393496e-06 1.6116285e-06 5.9666843e-05 0.0042307405 3.079786e-07 0.00014533826 1.1591348e-07 7.093634e-06 0.0005244699 2.0645464e-06 1.09353834e-07 9.146999e-07 5.703405e-07 2.7846547e-06 2.6031892e-06 0.03017662 3.2483622e-06 0.0025947376 0.00040978944 0.0067536607 0.009421638 1.1908975e-06 1.3147488e-07 2.8454693e-07 3.468394e-05 5.8409074e-07 9.78669e-07 5.5252264e-07 0.00010517094 8.413695e-06 0.0005914636 1.3960316e-07 4.6947356e-08 0.00024495827 6.328613e-08 0.000116529474 0.00046325245 0.00067464693 0.0016089089 4.7296444e-06 0.0009865955 7.6821664e-07 1.2591053e-05 3.6979376e-08 9.827768e-05 8.220884e-06 3.7243237e-09 3.4079346e-08 0.00029917725 8.445101e-08 6.373114e-09
0.7590651 0.00024400282 0.16157317 2.4584304e-05 4.7612124e-05 1.1875693e-05 0.00059502537 0.00016280668 0.0002545983 0.00039758152 0.68316966 0.45995826 0.21499732 0.0014569387 0.04392186 0.0075991 0.0012731142 0.014241031 0.0005042551 1.0013497e-05 0.48084185 0.0056707934 0.0047865943 0.03834998 0.91941243 0.98552364 8.880991e-17 0.0071548303 0.0008761925 0.9575015 2.8659657e-05 0.0003585238 8.5676824e-05 0.14418967 0.006582069 0.5673597 0.003745105 2.0997559e-06 3.291686e-05 0.30080062 7.667421e-06 0.0009866667 0.6294538 7.202492e-06 0.00071708 1.8375991e-05 0.0021096717 1.19340275e-05 1.9805736e-06 9.368122e-05 3.884377e-05 1.9696433e-06 6.8374124e-05 0.0640503 2.5463578e-07 7.688924e-05 1.9113544e-07 2.5386717e-05 0.0016996252 3.1003126e-06 8.557417e-07 9.3859256e-07 4.7524705e-07 1.929888e-06 8.094385e-05 0.113804325 2.8277059e-06 0.0009025648 0.0033074636 0.019317016 0.013262144 1.2645644e-06 4.6773135e-07 1.0711258e-06 0.0013973337 3.688101e-06 3.4418313e-06 9.56125e-07 0.00038958556 1.4133474e-05 7.0453454e-05 1.1894111e-07 1.1582928e-07 0.0021966917 1.9187293e-07 4.0982926e-05 0.00035101874 0.0008609857 0.0006920392 4.674567e-05 0.0018896165 1.3737304e-07 1.1113832e-05 3.6473952e-07 0.00010582148 2.8873423e-05 6.377531e-08 9.6869755e-08 0.00087627117 2.3011974e-07 1.4072029e-08
0.9677075 0.08281556 0.50695664 0.008764543 0.014760532 0.0020096465 0.116005756 0.006671277 0.0073305294 0.23723814 0.048593882 0.057505865 0.058351055 0.8595263 0.45463476 0.08654654 0.739457 0.02949635 0.8408562 0.0009671021 0.03499288 0.014539337 0.044046357 0.050668247 0.04914595 0.010478056 0.0071548303 2.8247687e-13 0.002144321 0.0022781813 0.07999746 0.5545579 0.08085016 0.0018170888 0.0022950512 0.19546944 0.96748066 0.00078233925 0.0020670912 0.007594192 0.00025297306 0.0008638273 0.024425024 0.00029152448 0.049010046 0.0010102824 0.8403308 0.000453493 6.351096e-05 0.00012242408 6.2564606e-05 0.0012610304 0.00015648978 0.0037093183 0.00014853448 0.6577699 9.5751195e-05 3.5565452e-05 0.01676755 0.00012325679 0.023586301 4.7297683e-05 1.0819688e-05 0.00038110194 0.00017938732 0.0026848516 0.029889865 0.0044001904 0.0015992263 0.00075597555 0.0016450254 8.1470556e-05 0.0002977007 7.3995548e-06 0.0006608464 9.272164e-05 3.2174616e-05 0.00010971983 0.09335643 0.00033248877 2.837976e-05 0.000109778965 8.145032e-06 0.0007667601 2.4492465e-06 0.0002703633 2.6673795e-05 6.12307e-05 0.00089515926 0.0007718959 0.3202569 4.881755e-07 0.0338857 1.6507206e-06 3.108032e-05 5.050184e-06 4.780593e-06 3.770526e-05 0.014791886 1.0918106e-05 1.1281219e-07
0.9799014 3.414553e-07 8.13423e-05 1.411852e-07 6.7562974e-07 4.7377064e-08 3.2717404e-07 2.6007626e-06 1.8635274e-05 1.2591195e-07 0.0007744261 0.025075687 0.004387287 0.00021061134 0.20780933 5.510949e-07 5.4247186e-05 0.4166984 9.62853e-07 6.491132e-07 0.045731004 0.8690973 0.9291761 1.9031475e-07 2.32821e-05 0.0017227294 0.0008761925 0.002144321 1.20552245e-14 0.015145642 0.07707339 0.015917204 0.020265475 0.05229111 0.6248641 2.520831e-05 0.007391004 0.120866165 0.062917955 0.021091046 0.19949818 0.6951573 0.00030871568 0.98149014 5.871496e-07 0.42026612 0.0037804674 0.18877436 0.4593679 0.45283902 0.35379285 0.01534287 0.43924227 2.2567174e-06 0.02166359 0.00019165447 0.0016931711 0.1766608 2.8381223e-07 0.001057142 1.2830061e-07 0.00040268415 0.00014674172 0.0025578556 1.0360446e-07 0.0021477041 0.0043343524 0.59939086 4.8267747e-08 0.0030032056 0.072513744 5.3880547e-05 0.1771584 2.66101e-05 3.6666293e-07 1.6769155e-08 0.00023476715 0.00033145162 0.000109313645 0.13271528 0.057048842 0.17578751 6.6718945e-05 1.6078227e-06 0.00059129216 0.32417098 6.5141765e-05 2.564937e-05 0.014125889 0.0036620519 0.004407595 0.0020814037 0.0019162874 8.000918e-06 8.0197606e-05 3.7954806e-07 7.1233812e-06 1.1104784e-05 0.012248651 5.809617e-06 2.4189061e-05
0.81473 8.392599e-05 0.013340379 5.8049754e-06 1.5607373e-05 3.6520348e-07 6.043054e-05 2.952799e-05 3.662006e-05 3.3415523e-05 0.57953566 0.5632191 0.2889646 0.00077839784 0.042233653 0.00032620778 0.0002259612 0.13015822 6.103504e-05 8.23579e-07 0.8003219 0.08606207 0.030594554 0.0022248388 0.18532321 0.95695347 0.9575015 0.0022781813 0.015145642 4.720416e-19 0.000106418265 0.00035762446 0.000112250236 0.9710715 0.50911546 0.15586418 0.0028778815 3.4338955e-05 0.00011895661 0.80546147 6.956852e-05 0.027585499 0.3696239 4.73808e-05 1.222186e-05 2.7979157e-05 0.0011289287 1.8240378e-05 1.0367049e-05 0.00020368892 5.5361073e-05 2.9383446e-06 0.00011775789 0.012142662 3.4294496e-06 1.3152881e-05 2.8667063e-07 2.1068457e-05 0.00046670676 4.5017096e-06 1.2649244e-07 3.6163334e-07 5.811071e-07 2.3228486e-06 1.4555268e-06 0.19452646 7.836602e-06 0.12625377 0.0003226774 0.09818209 0.18415624 2.0940745e-06 2.3305015e-06 1.7088868e-07 0.00015607083 4.0948308e-07 1.0799005e-06 3.114102e-07 9.188257e-05 0.0044695605 0.008890337 2.3863388e-06 1.08831145e-07 0.0025155765 1.8246239e-07 0.0013998253 0.0024958097 0.0028450922 0.029626518 5.8178644e-05 0.0013529494 3.2190314e-06 7.946615e-06 4.3556813e-08 0.0016431895 0.00010314718 6.787341e-09 8.902706e-08 0.00060292386 1.0144643e-07 1.6991308e-08
0.9147573 4.4285644e-05 0.0024343743 8.009514e-06 9.165455e-06 4.5378025e-07 0.00021119947 5.9487695e-05 1.38425785e-05 0.00041126306 0.00056860293 0.014767319 0.00455595 0.61896026 0.59743375 4.22954e-05 0.15680829 0.028410451 0.005502623 7.6600756e-08 0.0022377628 0.025381653 0.67190254 1.1678941e-05 6.155156e-06 0.000203907 2.8659657e-05 0.07999746 0.07707339 0.000106418265 3.1771037e-18 0.8553999 0.9839813 0.00016266808 0.0015406283 6.307392e-06 0.16954255 0.0765989 0.805387 2.2033884e-05 0.011115031 0.00049315597 8.624711e-06 0.0053487844 5.357943e-06 0.79755235 0.16804248 0.23591255 0.0031673156 0.0009586829 0.0005759741 0.33976793 0.00060964096 1.4736634e-06 0.0026199024 0.0784018 0.0067106257 0.00013380444 3.1925495e-06 0.011009776 4.187834e-05 0.06634178 0.0004430639 0.021034481 4.2758147e-05 5.970509e-05 0.74989486 0.0011607046 6.3609e-08 6.262215e-05 0.00034530737 0.0015371611 0.00047112393 0.0043168142 3.025343e-07 1.9041497e-07 0.010620633 0.027103284 0.015239006 0.00082377426 0.00015236433 0.00010207846 7.542994e-06 6.6786924e-07 3.7357427e-07 0.0011500679 2.7513047e-06 7.9267505e-07 0.00020007732 0.07439749 0.14105216 5.6440026e-06 0.13151357 0.0009916152 1.6119451e-06 1.066624e-08 0.00051433383 0.00057694444 0.120040655 1.3475269e-06 0.0004309494
