3.475344e-22 0.2918073 0.46389297 0.6036067 0.96227926 0.5399659 0.076458864 0.46949416 0.33046728 5.4241802e-05 0.83107907 0.97789365 0.01778495 0.8849649 0.0007204666 0.00251896 0.54319984 0.9659167 0.025061838 0.007242369 0.81281424 0.0022659886 0.94280684 0.2844518 0.95133185 0.97218776 0.00043814664 0.8490981 0.9389389 0.17131759 0.95653844 0.34039533 0.42552006 0.63335395 0.80040044 9.237305e-06 0.8790511 0.6229246 0.87993675 0.11895764 0.9628096 0.9415428 0.007629344 0.9660503 0.98360443 0.74762535 0.007375816 0.18505216 0.84792364 0.8057142 0.81053954 0.9809896 0.0008637622 0.88870585 0.39523628 0.9774051 0.7821436 0.9805484 0.18807904 0.9904915 0.0028244045 0.75718397 0.91479677 0.0011476581 0.005010231 0.9919148 0.13447577 0.96242774 0.9446288 0.9993834 0.4177287 0.9986379 0.8857121 8.6544176e-05 0.94236 0.9998119 0.9877088 0.15360737 0.8980464 0.1614825 0.9819961 0.9116333 0.9516513 0.99900067 0.038947206 0.93436104 0.5803519 0.0005900312 4.6560002e-05 0.11533883 0.9007903 0.17501536 0.909506 0.2033587 0.91645086 0.0056050904 0.9962995 0.239917 1.7739955e-08 0.7103701 0.13201144
0.2918073 7.236301e-16 0.9638757 0.86845785 0.9739184 0.62360525 0.56445533 0.17429997 0.028590685 0.07574457 0.002600449 0.0018160848 0.013354355 0.07074422 0.005977437 0.01519791 0.004568422 0.0008253529 0.0009909219 9.998243e-05 0.00010246401 0.0020898683 0.00010543214 0.00011532914 0.22488014 0.10360508 0.0013199878 0.38103673 3.9743118e-05 1.5588585e-05 0.011134605 1.8184937e-05 8.920614e-06 0.085064 7.63608e-06 3.127561e-05 0.00040668144 0.09964812 0.0014226492 6.503091e-05 0.0008716542 0.0007036196 4.8227e-05 5.764469e-05 1.2492223e-05 5.204531e-07 9.910655e-06 1.4349583e-05 9.594818e-07 0.09878879 4.7471776e-06 0.019275881 6.3268512e-06 0.02348041 1.6979919e-06 2.809339e-06 3.086556e-06 0.01991045 2.7451157e-05 1.4739206e-06 1.3008569e-06 2.0996606e-07 0.0005873474 2.8778484e-06 4.961728e-06 0.0020519604 2.821661e-06 7.670698e-06 0.0012350387 0.0074397787 1.3564214e-07 0.0015247123 1.0389233e-06 4.34271e-05 0.0003999519 0.002659408 0.00031930034 1.1734002e-05 3.1899597e-06 1.4647808e-05 2.1872959e-06 2.4778574e-06 4.7669502e-07 1.5732963e-05 5.1197135e-06 8.7721304e-07 1.0661732e-07 0.000112556176 2.3774162e-06 6.015511e-07 7.819729e-08 3.6059073e-06 9.786789e-06 3.6328427e-07 5.463759e-08 2.0571526e-06 2.0700331e-06 1.1269934e-06 2.6764853e-08 3.1959004e-08 4.3939403e-06
0.46389297 0.9638757 1.2619117e-15 0.34230244 0.58970803 0.079262584 0.95495397 0.004635541 0.7969372 0.03423702 0.00028861352 0.00020895661 0.0024465316 0.007103163 0.0010755616 0.0014638425 0.0005296461 0.0005423862 0.00020012885 2.1330492e-05 1.5300391e-05 4.0298823e-05 1.2949151e-05 3.3215251e-06 0.21313965 0.025444245 0.0003166464 0.868639 1.926846e-06 2.5890151e-06 0.0019194193 2.420444e-06 5.343275e-07 0.109000064 2.3722682e-06 4.439989e-06 4.116335e-05 0.1863452 0.0002946103 6.296847e-05 4.8126432e-05 8.940957e-05 6.531458e-05 1.0708387e-06 1.0270369e-06 5.5176617e-08 2.2511695e-06 4.912441e-06 1.0210839e-07 0.29753146 5.4628293e-07 0.15008566 8.853164e-07 0.12319257 1.867468e-07 1.2856561e-06 1.3293876e-06 0.07650935 2.0908907e-05 2.0138364e-06 1.2718506e-07 1.6979864e-07 0.0001266771 1.1651912e-06 5.657402e-07 0.0020804594 2.8145737e-06 4.7880526e-06 0.00013813362 0.021757418 2.0332432e-07 0.00024316189 1.2830276e-06 8.1032755e-05 1.4582465e-05 0.0030120804 5.1872858e-06 6.1801306e-06 1.7882484e-06 4.2685724e-06 1.2206652e-06 3.0649716e-07 3.5698363e-08 5.106547e-06 9.1432315e-07 1.0890688e-08 3.7807015e-09 8.9503075e-05 1.2763356e-05 4.0387002e-07 9.272384e-09 1.8332665e-07 2.97216e-07 7.9975877e-07 6.6693544e-09 5.0602453e-06 1.09529815e-07 6.748193e-08 3.513647e-08 4.015656e-09 1.386297e-06
0.6036067 0.86845785 0.34230244 4.1505455e-13 0.81559765 0.8596744 0.74493426 0.7811432 0.008665246 0.564493 0.058700606 0.16398427 0.91284156 0.032975737 0.6330683 0.7057683 0.3019883 0.0025708196 0.23665363 0.057367638 0.0005148204 0.70969975 8.5247055e-05 0.00014836247 0.09131066 0.23922658 0.5232033 0.026233321 2.8313176e-05 2.2077298e-05 0.00027594456 4.9535505e-05 3.3990946e-05 0.006890221 6.694386e-05 0.11912944 5.158384e-05 0.008398059 0.00014274263 0.0014376246 5.0205e-05 1.7956525e-05 0.0034613793 3.8715343e-06 1.4182243e-05 2.3793316e-07 0.00022802137 0.0001751219 2.722061e-06 0.07247524 6.5334416e-06 0.010236489 0.012936463 0.039872874 1.1542696e-06 4.110907e-06 3.0821438e-06 0.086738676 0.00011297623 9.405653e-06 0.00022556115 3.8337785e-08 2.0913174e-05 0.0007481198 5.3174568e-05 0.0006098992 0.0006881005 1.0305322e-05 3.7094615e-05 0.051328253 8.639479e-06 0.00025308938 1.2135303e-06 0.021001844 1.75041e-05 0.0005785787 2.4746845e-05 0.0017395567 1.4546692e-06 0.00010372324 1.0522331e-06 8.4810345e-06 1.7644844e-06 2.430397e-06 5.707982e-05 2.5315671e-06 2.2980407e-06 0.0016818118 0.0004693597 8.71923e-06 3.12856e-07 2.0632346e-05 2.01277e-05 1.5581747e-05 1.0341946e-07 0.0004355391 2.0622774e-06 2.034863e-05 2.0194889e-06 2.256572e-07 0.00039080775
0.96227926 0.9739184 0.58970803 0.81559765 1.626549e-17 0.82355225 0.06325221 0.3796363 0.007716925 0.009211051 0.005311813 0.004546362 0.053624533 0.47878155 0.009413187 0.017641665 0.025575498 0.0013930275 0.0051553035 0.00019414068 7.005757e-06 0.0049386313 3.0955027e-06 1.0199725e-05 0.76217264 0.6322982 0.0006469619 0.5909744 4.1049614e-07 2.3295484e-06 0.19854333 4.776557e-07 2.4115974e-07 0.2875956 2.5957604e-07 8.561565e-05 0.00014298542 0.22577682 0.002110065 3.3780376e-05 0.00024009921 0.00044388842 5.4159565e-05 3.653392e-06 3.2904742e-07 1.528128e-08 5.846689e-06 5.0758445e-07 1.397259e-08 0.3592967 3.648733e-08 0.04357281 1.4519147e-05 0.10148885 1.0326985e-07 1.7218243e-08 3.242837e-08 0.11748034 1.201052e-06 2.5295893e-07 1.4427866e-07 9.784253e-09 0.0012975816 5.182051e-07 8.249837e-07 0.008770186 9.09024e-07 4.0898433e-07 0.0021158583 0.028268239 2.7278064e-08 0.0011738666 9.058095e-08 4.285874e-05 0.00025013342 0.012530548 8.45791e-06 1.648225e-07 3.1597576e-06 8.66903e-07 2.1019195e-08 1.5913227e-07 6.322673e-09 5.862885e-07 3.6857452e-06 2.4333713e-09 1.8016774e-08 0.0003125532 1.3581875e-06 3.122369e-07 9.562502e-10 5.48318e-07 3.650222e-08 1.954076e-07 5.304074e-09 8.17654e-07 1.5562566e-08 8.9404836e-08 6.472207e-08 6.5154526e-10 1.5829154e-06
0.5399659 0.62360525 0.079262584 0.8596744 0.82355225 3.648368e-17 0.005168314 0.98124343 0.0002747262 0.017375555 0.11320232 0.08346824 0.23505718 0.59234864 0.053147104 0.0751529 0.2645519 0.011491677 0.07735211 0.004926558 0.00013484141 0.09733069 0.00010421474 0.00017580076 0.29539612 0.5910969 0.01985491 0.25385967 1.05874615e-05 1.8615308e-05 0.086613365 1.12387925e-05 8.01199e-06 0.06522809 5.47759e-06 0.001090197 0.0007327981 0.047897127 0.0018974891 0.0009859047 0.00038245547 0.0006522896 0.00070889405 1.30734215e-05 1.8746742e-06 1.540991e-07 2.990088e-05 2.875496e-05 3.943338e-07 0.031852327 3.8945137e-07 0.00637351 0.0006233074 0.013366319 8.923086e-07 1.4978133e-07 2.7336438e-07 0.011176464 2.908315e-05 2.807147e-07 3.5435933e-06 3.3642034e-09 0.0007771825 1.2046419e-05 4.8140546e-06 0.0026076545 4.1772773e-06 1.2465285e-06 0.00056859886 0.005820434 1.1260001e-07 0.00063609006 7.6897194e-08 0.0008190159 7.528395e-05 0.0025682722 8.771993e-06 1.4035465e-06 2.7484424e-07 1.0972234e-06 3.3392666e-08 1.5797839e-07 9.800148e-09 8.4336726e-08 1.4570226e-06 8.281028e-09 2.3073097e-08 0.000610168 0.00029133604 5.1592156e-07 9.456811e-10 2.484825e-07 2.364203e-08 4.4026035e-07 4.2882893e-09 3.1373218e-06 1.4621743e-08 1.3904113e-07 2.6134785e-07 1.5163364e-09 4.2382712e-06
0.076458864 0.56445533 0.95495397 0.74493426 0.06325221 0.005168314 2.708849e-17 0.00011536885 0.99485075 0.16103503 0.00011645171 9.524128e-05 0.00017470405 0.0016268321 8.1279264e-05 0.0010166533 9.382221e-05 0.00027130163 5.9488033e-05 1.7026693e-07 3.6712954e-06 1.2267014e-07 1.8174144e-06 7.9184235e-07 0.0070675192 0.020044971 2.604575e-06 0.16685155 1.0985997e-07 3.0206897e-07 0.00025059853 1.944604e-07 8.6205745e-08 0.0027269032 1.2155556e-07 2.0811684e-07 2.7962014e-06 0.010404684 2.9920138e-05 1.9551177e-07 5.962324e-06 2.4393137e-06 3.7251182e-06 1.1261446e-06 1.9094652e-07 6.3319296e-09 4.872673e-08 5.290089e-10 6.7855934e-09 0.10842044 2.1511823e-08 0.117365785 2.725291e-07 0.11533925 7.0785234e-08 3.9055767e-08 7.208999e-08 0.08537781 1.0742586e-07 6.659549e-07 1.7450119e-10 1.8361193e-08 9.000586e-05 1.3830963e-09 1.2890296e-10 0.0009607092 5.161105e-09 1.7074646e-07 0.00015598988 0.052903388 1.4411501e-09 6.515208e-05 2.2294273e-07 5.158237e-07 0.00015349929 0.006173501 3.075457e-05 2.0911548e-08 2.9220706e-07 3.824335e-08 2.9350105e-05 4.3684445e-06 4.671077e-07 1.7700511e-06 5.53851e-07 2.2584686e-07 4.2125254e-08 3.933316e-06 1.9561754e-05 7.245004e-08 7.386007e-09 6.4741093e-06 4.175292e-05 7.548725e-09 9.811782e-09 4.7896207e-09 1.833805e-07 2.2811717e-07 1.8381483e-08 6.55142e-09 1.183165e-07
0.46949416 0.17429997 0.004635541 0.7811432 0.3796363 0.98124343 0.00011536885 4.42715e-20 1.4832115e-06 0.005913068 0.830402 0.7133227 0.39875233 0.72646546 0.13396995 0.026254456 0.68943906 0.22425339 0.47374693 0.052853964 0.0022861864 0.27483878 0.0012263706 0.0016460244 0.123364456 0.48716396 0.09151918 0.04527625 0.00010911087 0.00015325224 0.12325474 4.684228e-05 1.388988e-05 0.031327307 1.2006894e-05 0.004101063 0.0019554172 0.010405734 0.0034521916 0.015752008 0.0008949185 0.00071831135 0.01720522 9.798005e-06 4.1753415e-06 1.8370555e-07 0.00040244768 0.00087000185 1.7675875e-07 0.009114347 1.3743692e-06 0.002728905 0.0015469325 0.0055386955 1.1258278e-06 2.1341029e-07 4.8692243e-07 0.0049129967 0.00011483175 3.650461e-07 3.370794e-05 1.8076469e-07 0.001004291 7.2994467e-06 7.98016e-06 0.0033581473 5.4121356e-05 1.0778385e-06 0.0012334392 0.0050818557 4.1522208e-07 0.0012669563 3.1162095e-08 0.00056005805 0.00012500834 0.0018556278 3.4191069e-06 3.838346e-07 1.7725809e-07 2.0440588e-07 2.121992e-08 6.382667e-08 9.49296e-09 6.6719446e-07 1.4441689e-07 4.9915347e-09 9.207357e-08 5.5364984e-05 2.6650848e-06 7.151971e-08 8.438041e-10 1.4063302e-07 1.4623116e-07 1.8984599e-07 8.4140633e-10 1.9222476e-05 4.8495398e-08 7.247879e-08 3.468455e-08 1.0440319e-09 1.7329836e-06
0.33046728 0.028590685 0.7969372 0.008665246 0.007716925 0.0002747262 0.99485075 1.4832115e-06 2.3592674e-18 0.82214886 8.098836e-08 5.5111855e-07 1.8413952e-05 4.232839e-06 1.2959331e-05 0.00012322034 1.3172432e-06 6.382396e-07 3.8823688e-07 1.7412235e-08 3.245572e-08 2.6132083e-08 1.4313437e-08 5.3697e-09 0.004720918 0.00074706774 1.64289e-06 0.7861696 1.6018179e-09 1.4383252e-08 1.5260847e-06 4.597128e-09 1.3920498e-09 0.004187466 3.4861287e-09 3.8740893e-08 2.081759e-08 0.010569616 3.8518547e-07 1.1632703e-08 5.4392412e-08 1.4611058e-07 3.1867817e-08 7.557715e-09 6.899291e-09 1.376496e-09 5.361111e-10 2.3901034e-10 2.9311428e-10 0.14911754 6.301361e-10 0.3640821 4.2036884e-08 0.15118746 5.858064e-10 1.9376109e-10 3.8856157e-10 0.089804724 3.5662413e-09 5.423742e-08 3.7185655e-10 2.5649205e-10 2.0712092e-05 6.000911e-09 6.1669886e-10 0.00016831323 9.30922e-10 1.6138308e-08 9.135374e-06 0.03174195 4.5994591e-10 1.2466671e-05 1.629376e-08 4.2670035e-07 8.4653294e-07 0.00046915625 7.4907024e-07 2.7310898e-09 2.1862467e-08 2.452329e-10 4.7405334e-07 4.9699626e-08 2.5356348e-09 6.6828014e-09 1.020968e-09 1.6853177e-10 7.246555e-11 1.0599134e-06 1.0241888e-06 9.350304e-11 1.0018104e-10 6.089625e-09 1.0527509e-08 6.7187883e-10 2.4300154e-11 2.3476844e-08 2.5489827e-10 6.896284e-11 3.7354237e-08 5.9527713e-12 1.1139228e-10
5.4241802e-05 0.07574457 0.03423702 0.564493 0.009211051 0.017375555 0.16103503 0.005913068 0.82214886 5.0417936e-18 7.235133e-07 5.777199e-07 0.026451614 2.8148757e-05 0.018291462 0.95567435 2.7016058e-05 6.8408553e-07 0.00050719595 3.3505783e-06 9.645672e-07 0.0022867513 1.7677593e-07 1.7464414e-07 0.00045466961 1.4406734e-05 0.00041033575 0.0022699274 1.5667732e-08 4.7858883e-08 7.0295187e-07 6.0011885e-08 4.732992e-08 0.0002102014 1.175877e-07 0.0005177263 2.0228629e-07 0.00045029016 4.0126207e-07 2.6533138e-07 2.9467168e-07 1.837937e-07 1.014547e-06 1.9677611e-07 2.7484564e-08 6.2933136e-10 1.7435723e-09 6.7698314e-10 2.1732036e-09 0.008156514 3.3779308e-09 0.0036975201 3.58788e-05 0.005146933 1.3922649e-09 1.431646e-09 6.2984046e-10 0.0106407115 4.154825e-08 3.5348395e-07 1.5113468e-09 1.2750749e-09 1.9687811e-06 4.8051877e-08 1.7493617e-09 5.208996e-05 2.3206265e-07 1.3532235e-07 3.2875464e-06 0.006480006 1.66855e-08 2.0067135e-05 3.2576597e-08 1.1768502e-06 7.0000347e-06 0.00040562364 1.2668204e-06 9.928505e-08 3.2905402e-07 2.7484657e-09 1.6147253e-06 3.9927255e-07 2.453107e-07 5.860796e-08 4.6389315e-09 2.2353529e-08 2.0423508e-08 2.4231335e-07 2.2119637e-07 1.3272649e-09 7.522137e-09 2.7453902e-07 6.442184e-07 5.042791e-08 1.1703781e-09 1.45262575e-08 1.4852115e-08 2.760814e-08 6.652169e-08 8.8303503e-10 7.5002774e-08
0.83107907 0.002600449 0.00028861352 0.058700606 0.005311813 0.11320232 0.00011645171 0.830402 8.098836e-08 7.235133e-07 1.1157965e-17 0.9261496 0.13182837 0.34837574 0.040358894 0.00038280152 0.94428504 0.66626275 0.5692073 0.17408924 0.5036789 0.30541697 0.13942789 0.27377447 0.004534005 0.15059605 0.0547728 2.4270883e-05 0.015688099 0.03163376 0.011193734 0.007969172 0.004898094 0.0006468873 0.0015919551 0.0073702713 0.0048364494 0.00074279634 0.025817018 0.42631745 0.008588924 0.0018187106 0.2740886 0.002538932 0.00010831505 1.0796043e-05 0.13878794 0.03975903 6.2888744e-06 0.0012111822 1.9744344e-05 0.00021132236 0.03813703 0.00089183095 3.1737662e-07 6.319744e-07 2.6520414e-07 0.0008707771 0.000742077 4.3632335e-05 0.004886467 4.946606e-07 4.1036583e-05 0.0034502777 0.0006014342 0.0019551227 0.00020232884 1.3740821e-06 0.00010400079 0.0008100347 2.2739668e-07 0.00012739113 4.1848093e-08 0.0005948633 1.0949827e-05 0.0005089953 2.4922417e-07 5.237334e-07 1.1993521e-08 1.1637637e-07 2.9829846e-07 7.146349e-07 9.5113236e-08 4.550902e-06 5.3718846e-08 6.3295755e-09 1.5885654e-08 2.2016063e-06 4.1597275e-07 3.4824158e-08 8.4255936e-10 1.7921836e-08 1.2744388e-06 1.5614697e-07 3.1936423e-10 1.344441e-06 1.2021823e-07 7.615436e-09 1.0023639e-08 1.7637741e-10 2.9559345e-07
0.97789365 0.0018160848 0.00020895661 0.16398427 0.004546362 0.08346824 9.524128e-05 0.7133227 5.5111855e-07 5.777199e-07 0.9261496 2.9200296e-16 0.15693735 0.7232868 0.018460369 0.0010401632 0.8362457 0.91368663 0.40139696 0.17563187 0.51583475 0.36491302 0.1269421 0.20047922 0.014291296 0.38200337 0.03816307 0.0010062358 0.01817411 0.030355055 0.053180955 0.013657994 0.03138631 0.0042007137 0.009293504 0.0026512034 0.04868041 0.0035023515 0.122081675 0.4532822 0.03706238 0.016061611 0.20957659 0.019911058 0.000118039556 4.8876154e-05 0.14640686 0.104111016 2.4546936e-05 0.0038443326 0.0003241242 0.0016801517 0.06381178 0.003769011 9.72106e-06 1.1269176e-05 2.499231e-06 0.004118626 0.0033272286 0.0013849279 0.0031567656 3.4271284e-06 0.0016150904 0.0064995694 0.0003697707 0.012955995 0.00016719877 1.746445e-05 0.0020030967 0.0033246467 1.078443e-06 0.0039575608 5.2933876e-07 0.00035778072 0.00026540543 0.003110757 7.37225e-05 1.8430318e-06 5.4003724e-08 4.4750727e-06 6.6266143e-06 9.756408e-06 1.1974173e-06 0.00013297478 5.741073e-06 2.7728848e-07 1.6298462e-07 5.8210888e-05 1.29669215e-05 3.952472e-07 5.240281e-09 2.207513e-07 8.054001e-06 6.4483025e-08 1.0731624e-08 3.5082696e-06 1.2460115e-06 1.6273735e-07 2.0157069e-07 1.2083041e-09 1.710284e-07
0.01778495 0.013354355 0.0024465316 0.91284156 0.053624533 0.23505718 0.00017470405 0.39875233 1.8413952e-05 0.026451614 0.13182837 0.15693735 1.7355326e-17 0.011986153 0.9796889 0.6637721 0.34049627 0.0017623286 0.2933855 0.28761473 0.0006970905 0.6768201 6.394941e-05 0.00014706883 0.0021097723 0.00632868 0.40735814 0.0037465827 5.8311757e-06 1.2530236e-05 5.0909217e-05 7.2675916e-06 1.4696291e-05 0.00045408373 8.008262e-06 0.015478025 7.57852e-06 0.0011170359 1.0088127e-05 3.5201152e-05 3.2532917e-06 1.163205e-06 0.00059650396 8.538439e-07 8.327198e-07 4.5508838e-08 1.4761889e-05 2.8607963e-07 5.8331057e-08 0.017745381 3.9658156e-07 0.003573027 0.003133526 0.00832317 1.3696933e-07 5.189932e-08 2.1058048e-07 0.017828712 1.15692e-06 4.480908e-07 8.389773e-07 3.0552957e-08 2.424443e-06 2.7209994e-06 7.6404646e-08 1.37362695e-05 2.1681744e-06 1.2352589e-06 2.9974756e-06 0.0009832841 4.9280704e-08 1.7854964e-06 6.9558963e-09 3.407079e-05 1.3777851e-06 6.7677385e-05 5.408358e-07 4.5928036e-07 5.896132e-06 2.083916e-08 2.7108422e-07 2.5080664e-07 1.8781172e-08 7.298082e-08 1.816612e-08 8.3415564e-08 5.5259894e-09 5.4846887e-06 6.5364924e-07 8.9897085e-09 3.3491836e-09 3.334552e-07 1.948773e-06 1.196749e-07 2.4815119e-09 5.987455e-07 5.936318e-07 1.10208305e-08 6.462672e-08 1.4654095e-09 3.9012214e-08
0.8849649 0.07074422 0.007103163 0.032975737 0.47878155 0.59234864 0.0016268321 0.72646546 4.232839e-06 2.8148757e-05 0.34837574 0.7232868 0.011986153 9.324444e-15 0.0014647585 1.5335905e-05 0.07771599 0.91334844 0.014051494 0.0009581276 0.015603111 0.01093671 0.04853636 0.002406634 0.34639186 0.95311517 0.0014144408 0.030934475 0.006751436 0.0011972096 0.86827666 0.00049868727 0.00017213942 0.09246788 0.0003951263 1.2500016e-05 0.2530815 0.027601477 0.34135145 0.005963737 0.10583143 0.15889633 0.0023430693 0.0170011 9.807891e-05 1.0535082e-06 3.2698816e-05 0.00026375122 3.556357e-06 0.01653351 3.7185412e-06 0.008209713 5.945678e-05 0.0118965 2.3117261e-06 7.285794e-06 2.7073945e-06 0.017658861 1.5847303e-05 0.00080191414 5.9169994e-05 1.2059193e-08 0.010050423 1.9328588e-06 1.1160874e-05 0.058584675 8.737651e-06 2.0591911e-05 0.01720477 0.018260995 6.3725706e-06 0.017727848 9.642623e-08 0.00017856395 0.0027246184 0.022721939 0.0008492642 5.030159e-06 1.2893169e-07 3.4189504e-06 1.617003e-06 5.8351484e-06 1.0828942e-06 0.00028363758 8.1614417e-07 5.2652285e-07 3.2648802e-07 5.8943383e-06 4.4167e-05 5.528141e-07 1.2850884e-08 8.899256e-07 5.425895e-06 7.6802036e-07 2.2242146e-08 1.8733177e-06 2.9655025e-06 9.680805e-08 2.1722981e-07 7.744082e-10 1.3011148e-06
0.0007204666 0.005977437 0.0010755616 0.6330683 0.009413187 0.053147104 8.1279264e-05 0.13396995 1.2959331e-05 0.018291462 0.040358894 0.018460369 0.9796889 0.0014647585 4.0972183e-16 0.83877444 0.13507137 0.0005218172 0.24115805 0.39628178 0.00034313538 0.5188012 7.599215e-05 7.421892e-05 0.00086071395 0.0006494643 0.54031765 0.00038825438 1.5790369e-05 4.2059387e-06 1.0790474e-05 6.5984004e-06 6.36884e-06 0.00056912674 6.430678e-06 0.06395835 1.5821548e-06 0.00041966874 2.3457444e-06 0.00019701016 3.247532e-06 1.2252691e-07 0.00048547098 6.2458673e-07 1.3259436e-06 2.0553797e-08 2.2235467e-06 3.0354232e-07 3.840094e-08 0.0031214342 1.1446629e-07 0.0006039085 0.011439712 0.00082400296 4.704638e-09 6.344769e-09 2.5862239e-08 0.0019306954 4.7784573e-07 1.6210723e-07 1.4453717e-07 1.7395165e-09 1.3398562e-06 5.11247e-07 2.2817558e-08 2.3583112e-05 1.4062988e-06 7.0336526e-08 3.574279e-06 0.00021925861 9.480352e-08 5.054289e-06 1.0920741e-09 6.016756e-05 2.310278e-06 0.00011671577 4.6282517e-07 3.9598595e-07 2.0801963e-07 5.2130553e-09 4.9906834e-07 1.2364688e-07 4.054246e-08 3.1609932e-08 5.1221325e-09 1.3697483e-07 2.0791429e-09 2.0864766e-07 6.245081e-07 7.198073e-09 2.9282052e-09 6.276238e-08 1.3619685e-06 7.670617e-08 2.0665192e-09 4.6296968e-08 3.011052e-07 2.1200735e-09 9.778848e-08 3.1875458e-09 1.10707674e-07
0.00251896 0.01519791 0.0014638425 0.7057683 0.017641665 0.0751529 0.0010166533 0.026254456 0.00012322034 0.95567435 0.00038280152 0.0010401632 0.6637721 1.5335905e-05 0.83877444 3.4256585e-13 0.0037816088 3.346293e-06 0.022703143 0.051362764 2.525677e-05 0.33066902 1.2928623e-06 1.046931e-06 0.0020812668 0.00039283227 0.6538872 0.0065976214 8.1779353e-07 2.3654535e-07 1.5828928e-06 1.52823e-06 1.0121456e-06 0.00037465195 6.0623533e-06 0.46661946 2.0561388e-06 0.00070072577 8.249657e-07 8.518663e-06 3.4155562e-07 6.7946206e-07 1.607566e-05 2.4722783e-07 1.3104421e-06 2.9164735e-08 2.3409295e-07 9.065319e-08 1.9892671e-07 0.03936314 7.7238633e-07 0.007558462 0.006776974 0.020065913 2.8624324e-08 8.379238e-08 8.743243e-08 0.062419403 5.1964224e-07 2.124961e-06 5.279412e-07 4.4360418e-09 3.743423e-06 6.2295403e-06 1.7629293e-07 2.0344905e-05 1.3996443e-05 6.120375e-06 6.958103e-06 0.0071435664 6.2046205e-08 2.3218663e-05 1.4308833e-07 9.0349946e-05 6.577655e-06 0.0011616277 6.8386605e-08 1.7529726e-05 4.7206945e-06 1.4130872e-07 1.9656632e-06 7.067266e-06 7.616679e-07 5.528668e-07 3.380311e-08 2.3647601e-06 4.608423e-07 2.2689578e-06 6.0297443e-05 2.2887897e-07 2.4777262e-07 2.5793926e-07 1.6390833e-05 4.9075147e-06 3.3168732e-07 2.3003472e-06 9.438419e-07 5.173822e-08 5.0636827e-06 8.1635704e-08 4.9485925e-07
0.54319984 0.004568422 0.0005296461 0.3019883 0.025575498 0.2645519 9.382221e-05 0.68943906 1.3172432e-06 2.7016058e-05 0.94428504 0.8362457 0.34049627 0.07771599 0.13507137 0.0037816088 2.7118499e-15 0.31614482 0.89343786 0.7183443 0.65655667 0.5393821 0.13029265 0.4938105 0.0021915012 0.05188618 0.19701196 0.0008339553 0.04936294 0.022735067 0.0020276783 0.012855796 0.08373813 0.0046088854 0.008325421 0.012125004 0.002344368 0.002693357 0.0035138335 0.55067486 0.00089503714 0.0001757845 0.28471482 0.0005625263 0.0008726822 0.00014376876 0.055108722 0.027666677 0.00012105979 0.0045438283 0.00052299345 0.004167962 0.06184599 0.0056082984 0.00026904562 2.9853583e-05 2.8263701e-05 0.003959215 0.0010807212 5.0047103e-05 0.006085309 9.8860355e-06 8.871666e-05 0.0017505646 3.2161362e-05 0.0008417259 0.00013806659 0.00017508834 0.00016832782 0.0018882348 3.5984565e-06 0.00015218584 9.252073e-06 0.0025856672 3.3731092e-05 0.00194358 1.2022683e-05 1.7314318e-05 2.1260437e-06 2.030392e-06 8.442493e-06 2.8452849e-05 6.151884e-07 9.432731e-05 1.6730595e-06 1.0120616e-06 1.4587871e-06 5.8340775e-05 7.036307e-05 2.6606508e-06 8.606773e-08 1.3517119e-05 0.00013278204 1.4125752e-05 2.3184088e-08 1.3166311e-05 5.862882e-06 8.225582e-06 2.5362345e-07 3.8539106e-08 3.6684744e-06
0.9659167 0.0008253529 0.0005423862 0.0025708196 0.0013930275 0.011491677 0.00027130163 0.22425339 6.382396e-07 6.8408553e-07 0.66626275 0.91368663 0.0017623286 0.91334844 0.0005218172 3.346293e-06 0.31614482 2.8478616e-14 0.014621305 0.00488082 0.57378185 0.006090944 0.8640641 0.18403187 0.009462158 0.13621347 0.0012419147 0.0012385761 0.42750826 0.123920746 0.24437818 0.0794824 0.026299275 0.0037162087 0.03154486 2.3177137e-05 0.60451037 0.0026504474 0.7708822 0.12044209 0.44801736 0.25441033 0.014872563 0.16557512 0.018824022 0.0027037722 0.020663071 0.02747893 0.0029860605 0.0043067583 0.004207259 0.0029809985 0.00019911834 0.0035950353 0.000887137 0.00066437124 9.513705e-05 0.0041233934 0.0039308616 0.011109038 0.0012478607 0.00016586471 0.015977416 0.0015115311 0.00092289806 0.059604343 0.00050946034 0.00050839735 0.010383797 0.0051468294 0.000104628125 0.015897356 7.973413e-06 0.00015303712 0.002897297 0.007943517 0.001383685 1.288056e-05 5.5994183e-06 1.6785934e-05 7.147025e-05 7.5044816e-05 7.780535e-06 0.0004911481 1.3643704e-05 2.1446726e-06 2.0760708e-06 1.26569785e-05 0.00014160531 1.648765e-06 1.3245317e-08 1.0161623e-06 1.10392975e-05 1.6542919e-06 4.3285002e-08 3.334261e-06 1.0294812e-05 8.010037e-07 4.920451e-07 5.512283e-09 7.179555e-07
0.025061838 0.0009909219 0.00020012885 0.23665363 0.0051553035 0.07735211 5.9488033e-05 0.47374693 3.8823688e-07 0.00050719595 0.5692073 0.40139696 0.2933855 0.014051494 0.24115805 0.022703143 0.89343786 0.014621305 1.2764836e-17 0.99458236 0.06077388 0.5196207 0.003566259 0.028432224 0.0006795176 0.002744994 0.33823556 0.00017788731 0.0010581932 0.00057664904 8.747561e-05 0.0008898476 0.0015906817 0.0001872166 0.00073279144 0.017786697 0.00025806905 0.00021134494 4.52824e-05 0.09790365 2.6896978e-05 1.0490143e-05 0.18160525 2.3855027e-05 0.0001465824 1.1362848e-05 0.013965191 0.0022277154 1.3864457e-05 0.001785047 7.10321e-05 0.0008279813 0.05035552 0.0019280863 1.9708402e-06 1.6917069e-05 5.1696593e-06 0.0019128728 8.5970816e-05 1.338038e-06 0.00013595368 2.5205338e-06 2.7391309e-06 1.4356976e-05 4.7275203e-06 2.9391445e-05 7.6378325e-05 6.0207663e-06 1.5693842e-06 0.0006023819 1.3747087e-06 7.992065e-06 4.5344816e-08 0.0006792947 1.1813584e-06 0.0002790211 2.340645e-06 2.8087711e-06 3.2806968e-06 4.1934726e-07 1.0332597e-06 4.2345766e-07 3.6512805e-08 1.7759974e-05 2.714332e-07 1.08959306e-07 2.2870323e-08 7.5564217e-06 4.2854754e-06 7.455816e-07 4.3534968e-08 1.2347926e-06 5.86305e-06 8.608386e-07 1.6579408e-09 3.113315e-07 5.9280643e-07 8.35914e-08 2.7628383e-07 1.1686277e-08 6.2945713e-07
0.007242369 9.998243e-05 2.1330492e-05 0.057367638 0.00019414068 0.004926558 1.7026693e-07 0.052853964 1.7412235e-08 3.3505783e-06 0.17408924 0.17563187 0.28761473 0.0009581276 0.39628178 0.051362764 0.7183443 0.00488082 0.99458236 2.6967754e-17 0.03670529 0.851731 0.0016191404 0.018930847 1.760663e-05 0.0001600846 0.69322336 1.2733016e-06 0.0008922844 0.0003497656 4.0964696e-06 0.000640664 0.0036945133 1.471124e-05 0.0006383745 0.11920546 8.924916e-05 3.8144117e-05 1.0649945e-05 0.46175963 3.144791e-05 3.5494852e-06 0.53268766 8.403325e-06 9.010841e-05 7.074299e-06 0.1255391 0.022694403 8.912723e-06 0.00013046275 6.690958e-05 1.1614397e-05 0.43283778 0.0002823187 1.460417e-06 7.6050405e-06 5.903064e-06 0.00048233123 0.00018628461 1.4858505e-06 0.00030553396 1.20252e-06 4.742406e-07 0.00025855607 1.2446071e-05 8.981607e-06 0.00022798026 3.639829e-06 2.460748e-07 3.7890433e-05 1.0599707e-05 1.8635264e-06 2.9286858e-07 0.007266972 4.843899e-07 6.58136e-05 2.6281052e-07 1.0314698e-06 1.8377541e-06 3.0674467e-08 7.27938e-07 2.1623254e-07 3.2546538e-08 4.035037e-06 3.067131e-08 7.634784e-08 2.9390844e-08 7.680559e-06 2.2937938e-05 1.2710673e-07 2.3368374e-08 2.0860347e-07 3.3323824e-06 7.068637e-07 2.5448308e-09 4.4733977e-07 8.513307e-07 1.0517258e-07 5.5853303e-07 5.723696e-09 1.0300708e-06
0.81281424 0.00010246401 1.5300391e-05 0.0005148204 7.005757e-06 0.00013484141 3.6712954e-06 0.0022861864 3.245572e-08 9.645672e-07 0.5036789 0.51583475 0.0006970905 0.015603111 0.00034313538 2.525677e-05 0.65655667 0.57378185 0.06077388 0.03670529 3.913917e-14 0.033248886 0.8288849 0.9416261 1.9500047e-05 0.00026084852 0.0012211329 3.7038778e-06 0.7338385 0.90330434 0.0007143451 0.7144115 0.5061097 0.00012200717 0.57652324 0.00017093019 0.037657194 0.00017213187 0.032300655 0.68145764 0.024503764 0.0033909166 0.29441425 0.014702482 0.051483758 0.06448808 0.48939443 0.7390629 0.02741474 5.460548e-05 0.18237628 2.1717411e-05 0.08523024 6.0338112e-05 0.0010944232 0.000800488 0.00041444256 6.536842e-05 0.24868122 0.0017979591 0.15683311 0.002176037 9.920787e-05 0.23338614 0.097380295 0.00021662915 0.07994241 7.450521e-05 6.113768e-05 9.811437e-05 0.00045206567 7.800933e-05 1.6354623e-05 0.06388534 1.8796823e-05 9.469605e-05 1.4102008e-05 0.0039648144 5.720158e-06 0.00029215708 8.022633e-06 5.2434284e-06 1.0433426e-06 6.246177e-05 0.00012662902 7.4088643e-07 9.828668e-07 0.002903079 6.0223138e-05 1.2520644e-05 1.05009825e-07 2.7214298e-06 3.531327e-06 7.3123924e-06 1.20918076e-08 0.0033273937 1.3080148e-06 4.4436595e-07 9.753668e-07 2.706336e-08 1.3973837e-05
0.0022659886 0.0020898683 4.0298823e-05 0.70969975 0.0049386313 0.09733069 1.2267014e-07 0.27483878 2.6132083e-08 0.0022867513 0.30541697 0.36491302 0.6768201 0.01093671 0.5188012 0.33066902 0.5393821 0.006090944 0.5196207 0.851731 0.033248886 3.898611e-19 0.00061216776 0.008879865 0.0017751381 0.0017721737 0.97694504 0.0015860996 0.00012684937 0.00030639418 1.5566391e-05 0.00024832558 0.0008281934 0.0002045417 0.00013547765 0.37085086 7.1886956e-05 0.0009640734 2.8430337e-05 0.011848257 4.9627142e-05 1.952404e-06 0.032009125 3.850109e-06 1.2022696e-05 8.258757e-07 0.0014410707 4.128069e-05 2.5053257e-06 0.0033153368 2.5497611e-06 0.0015578398 0.07719987 0.0051512197 1.2481678e-06 3.0602777e-07 2.761404e-06 0.00094716507 2.8622868e-05 7.4690283e-06 3.0730032e-05 9.638889e-08 2.0636173e-06 0.00013640772 1.7084388e-07 5.9895174e-05 1.5416572e-05 6.1656665e-06 7.7233735e-06 0.00029554855 2.060122e-07 2.505874e-05 2.6113497e-08 0.0011873022 4.3894728e-05 0.0009839354 2.569922e-05 1.0047297e-06 6.0089037e-06 2.9334501e-08 6.8093887e-06 3.8073229e-06 2.359583e-06 2.2557426e-06 3.093086e-08 1.8241864e-06 2.356199e-08 2.3558205e-05 5.2069798e-05 4.5996213e-08 3.616675e-07 8.494022e-07 7.788587e-05 5.436988e-07 5.0511563e-08 5.6596843e-07 4.726758e-06 3.2938587e-09 7.5255514e-07 5.024223e-08 4.052644e-07
0.94280684 0.00010543214 1.2949151e-05 8.5247055e-05 3.0955027e-06 0.00010421474 1.8174144e-06 0.0012263706 1.4313437e-08 1.7677593e-07 0.13942789 0.1269421 6.394941e-05 0.04853636 7.599215e-05 1.2928623e-06 0.13029265 0.8640641 0.003566259 0.0016191404 0.8288849 0.00061216776 3.134058e-14 0.4271115 7.099587e-05 0.0010608687 4.418436e-05 7.387117e-06 0.9726116 0.5936531 0.004138993 0.53831816 0.39239165 0.0004726443 0.6154208 3.3230585e-06 0.5844867 0.00045931037 0.33176252 0.20698889 0.35841542 0.047084168 0.008987828 0.29431826 0.1335977 0.18087019 0.054479726 0.34115523 0.106120594 0.00024603246 0.26980594 6.542143e-05 0.00042646402 0.00024521913 0.004650791 0.0031221802 0.00082641776 0.0002007951 0.11906191 0.016437044 0.016012248 0.021768698 0.0043942756 0.019491231 0.01946166 0.0039420095 0.037915986 0.00046814038 0.00080031395 0.0002087646 0.0011610079 0.0013166768 9.7208e-06 0.0009732642 0.00036420702 0.0003645672 0.0002866328 0.0023950497 4.0849554e-05 0.00028165503 1.6305443e-05 2.1526139e-05 3.7854188e-06 0.00017745218 8.557622e-05 1.0627689e-06 4.7271166e-07 0.0003558608 4.9673667e-06 5.224122e-06 1.19786145e-08 2.550238e-06 7.2519583e-06 1.6092756e-06 8.434633e-09 8.848572e-05 3.193574e-07 5.760628e-07 1.5668488e-07 1.3587866e-09 1.5143185e-06
0.2844518 0.00011532914 3.3215251e-06 0.00014836247 1.0199725e-05 0.00017580076 7.9184235e-07 0.0016460244 5.3697e-09 1.7464414e-07 0.27377447 0.20047922 0.00014706883 0.002406634 7.421892e-05 1.046931e-06 0.4938105 0.18403187 0.028432224 0.018930847 0.9416261 0.008879865 0.4271115 9.988029e-16 4.6557316e-06 5.063332e-05 0.00039356988 1.2106987e-07 0.39914766 0.8497127 0.00013411602 0.660741 0.9639818 1.4084255e-05 0.60483 8.402649e-05 0.01027231 3.0026873e-05 0.0067264675 0.51655054 0.0055310437 0.00026521945 0.2531119 0.004741769 0.037014823 0.07863334 0.36702734 0.5201335 0.008073386 3.854591e-06 0.069520734 4.140649e-06 0.010271444 1.7236536e-05 0.0005044798 0.00046660242 0.0001576597 4.0901985e-05 0.12198414 0.0005571576 0.11377777 0.0011129669 2.845646e-05 0.10028897 0.03372913 0.00010703528 0.027521526 6.773814e-05 9.449799e-06 5.5874832e-05 0.00043338584 7.738927e-05 6.5563986e-06 0.007778161 2.577825e-06 4.6284724e-05 5.706593e-07 0.00090776826 1.5851663e-06 7.849126e-05 9.40577e-06 2.1360345e-06 3.7625264e-07 1.9322868e-05 2.1487029e-05 6.481608e-08 1.7200902e-07 0.0002857992 5.655288e-05 5.295001e-06 2.7729095e-08 3.6189311e-07 1.0966784e-06 5.3401317e-07 2.109429e-09 0.0002872885 6.799872e-07 9.509438e-08 2.593259e-07 6.5112693e-09 1.3573757e-06
0.95133185 0.22488014 0.21313965 0.09131066 0.76217264 0.29539612 0.0070675192 0.123364456 0.004720918 0.00045466961 0.004534005 0.014291296 0.0021097723 0.34639186 0.00086071395 0.0020812668 0.0021915012 0.009462158 0.0006795176 1.760663e-05 1.9500047e-05 0.0017751381 7.099587e-05 4.6557316e-06 9.026388e-17 0.85968715 0.0025283317 0.2527708 1.373758e-05 5.3241724e-06 0.7348706 4.7661983e-06 1.0163196e-07 0.96381 1.4037555e-06 0.000111891335 0.0028727234 0.367936 0.0256684 2.4600085e-05 0.0026593015 0.024892043 0.000102057915 4.580211e-05 7.6120286e-06 5.8865975e-08 9.120228e-06 3.6190278e-07 3.291287e-07 0.39919344 1.5393269e-07 0.062244643 4.0125942e-05 0.19985974 2.4401038e-07 3.0589663e-06 5.6869806e-07 0.4520963 6.1116607e-06 3.6365935e-05 8.768474e-07 2.3264308e-08 0.12598997 2.1938544e-07 6.680616e-07 0.4006752 6.2171927e-07 3.460729e-05 0.25466225 0.5380794 6.7608795e-07 0.065336 1.9086124e-06 0.00036428645 0.010956394 0.48552233 0.0025942267 1.1111321e-07 1.321144e-07 8.532692e-07 5.4511793e-06 1.8192595e-06 1.9611411e-08 4.250729e-05 9.329507e-07 1.2940465e-08 3.153526e-08 0.00011287511 2.0470602e-06 4.18146e-07 2.0453241e-09 5.2601017e-06 1.14280084e-07 1.3025183e-07 9.077721e-09 8.525896e-06 5.0242545e-07 9.658135e-07 9.526425e-09 2.1543964e-09 6.6306694e-07
0.97218776 0.10360508 0.025444245 0.23922658 0.6322982 0.5910969 0.020044971 0.48716396 0.00074706774 1.4406734e-05 0.15059605 0.38200337 0.00632868 0.95311517 0.0006494643 0.00039283227 0.05188618 0.13621347 0.002744994 0.0001600846 0.00026084852 0.0017721737 0.0010608687 5.063332e-05 0.85968715 1.8051512e-16 0.00036508095 0.0543446 8.9740344e-05 2.206025e-05 0.95213854 1.1650885e-05 3.8184353e-06 0.3650429 7.3821243e-06 0.00020201439 0.0022468842 0.1903003 0.039117318 0.0006169567 0.0014042443 0.0075830175 0.00032738052 8.760166e-05 1.2948805e-05 1.0316867e-07 0.00014863226 9.385134e-06 1.3630926e-06 0.05852305 5.3805724e-07 0.030297263 0.0002303234 0.050805658 5.607688e-07 7.972241e-06 2.027966e-07 0.09539799 2.203483e-05 9.249818e-05 2.206509e-05 6.067391e-08 0.02423003 1.2629271e-05 1.3418812e-05 0.14808276 5.8660253e-06 2.702193e-05 0.04579069 0.12334877 2.8332772e-06 0.025482299 8.0475246e-07 0.00048386407 0.0021345704 0.13658233 0.00063875504 3.3091354e-07 4.938433e-07 5.678789e-06 2.3963712e-06 1.9652609e-07 6.30864e-09 0.00065140467 3.1962907e-06 1.7092845e-09 5.800573e-09 0.00012006397 6.3504297e-07 5.4905837e-07 3.0917496e-10 1.4395485e-07 1.3126047e-06 3.6679688e-07 5.6510463e-10 5.077934e-06 3.8490347e-07 2.4842269e-08 1.0414018e-07 1.3277023e-10 8.7795786e-07
0.00043814664 0.0013199878 0.0003166464 0.5232033 0.0006469619 0.01985491 2.604575e-06 0.09151918 1.64289e-06 0.00041033575 0.0547728 0.03816307 0.40735814 0.0014144408 0.54031765 0.6538872 0.19701196 0.0012419147 0.33823556 0.69322336 0.0012211329 0.97694504 4.418436e-05 0.00039356988 0.0025283317 0.00036508095 8.739165e-18 0.0010710078 6.6675652e-06 2.0868527e-05 8.152791e-05 2.7600492e-05 5.4624492e-05 0.0013893127 2.8788023e-05 0.88900137 4.0524214e-06 0.0025043224 9.97055e-06 0.005787238 2.6340947e-05 1.2095621e-05 0.012525327 9.168256e-07 1.515842e-05 1.854475e-07 0.00081853097 2.6194974e-05 2.5334907e-07 0.0021190965 3.5407052e-06 0.00089418364 0.41540998 0.0027446812 7.2577e-08 8.863446e-07 1.2032715e-06 0.00056508643 1.1889042e-05 1.3343252e-05 9.197191e-05 6.0108576e-08 6.615034e-06 0.00027355205 1.8675811e-06 5.5988974e-05 0.00014116171 2.5492482e-06 2.2621893e-05 0.0005026865 1.9839708e-06 6.5487475e-05 3.080376e-07 0.0048548877 4.6006942e-05 0.0014009973 2.9978915e-05 9.5227195e-05 5.7812726e-05 3.1733063e-07 5.233108e-06 5.9908853e-06 1.58778e-05 7.895339e-06 7.357353e-07 2.620812e-05 3.799421e-07 5.8204558e-05 0.0016932632 9.872888e-07 4.387935e-06 1.6281737e-06 0.00021694237 1.852303e-05 6.143682e-07 2.0714472e-06 2.2962231e-05 2.2349397e-08 1.06710195e-05 1.5105978e-07 1.0629807e-06
0.8490981 0.38103673 0.868639 0.026233321 0.5909744 0.25385967 0.16685155 0.04527625 0.7861696 0.0022699274 2.4270883e-05 0.0010062358 0.0037465827 0.030934475 0.00038825438 0.0065976214 0.0008339553 0.0012385761 0.00017788731 1.2733016e-06 3.7038778e-06 0.0015860996 7.387117e-06 1.2106987e-07 0.2527708 0.0543446 0.0010710078 1.7261569e-17 2.3809694e-08 4.2236422e-07 0.044428073 2.0751594e-07 6.459776e-08 0.21663482 4.3347544e-08 0.00056918507 5.1022223e-05 0.8167136 0.0010482473 2.1896845e-05 0.00022045182 0.0032703853 0.00025592695 3.0404601e-06 9.584113e-06 1.3091554e-08 8.796722e-06 5.381969e-07 8.9538624e-08 0.43414482 2.284433e-07 0.97680885 0.0003363421 0.45732766 4.3130072e-08 1.3953249e-05 7.8443514e-07 0.17012984 1.0033323e-05 1.1831521e-06 3.7911937e-07 3.1485334e-07 0.000889756 7.723112e-07 2.711949e-07 0.008361749 1.8951107e-06 6.5209297e-06 0.0010354748 0.05916086 5.8723327e-08 0.00035305644 1.5633695e-07 3.764077e-05 2.7178767e-06 0.019911915 1.0544652e-06 4.0639975e-06 2.3961492e-08 1.4512716e-06 8.163648e-08 6.054279e-09 2.7723623e-10 2.462816e-09 3.484595e-08 1.0045538e-11 3.691153e-11 3.7404254e-06 1.7284792e-06 6.4626935e-09 8.064711e-11 1.5881078e-08 4.141742e-10 3.5313183e-11 6.135203e-11 3.8855156e-08 1.1445066e-11 4.0991383e-10 2.270727e-09 2.486437e-11 1.4126963e-09
0.9389389 3.9743118e-05 1.926846e-06 2.8313176e-05 4.1049614e-07 1.05874615e-05 1.0985997e-07 0.00010911087 1.6018179e-09 1.5667732e-08 0.015688099 0.01817411 5.8311757e-06 0.006751436 1.5790369e-05 8.1779353e-07 0.04936294 0.42750826 0.0010581932 0.0008922844 0.7338385 0.00012684937 0.9726116 0.39914766 1.373758e-05 8.9740344e-05 6.6675652e-06 2.3809694e-08 2.650726e-13 0.7118778 0.0013274803 0.6959406 0.47840095 0.00033416337 0.8255183 8.179199e-07 0.5987097 0.00021007433 0.12545536 0.17242244 0.26651105 0.02123608 0.0063507482 0.2926976 0.48913762 0.4506598 0.052295048 0.40758574 0.35775828 2.5618154e-05 0.5091866 3.2300377e-06 0.00015717975 6.5676286e-05 0.019992158 0.018785067 0.00438966 4.752829e-05 0.2873692 0.029122168 0.032263726 0.05970972 0.004423962 0.034116104 0.0552708 0.0022648124 0.114979126 0.0019088108 0.00053546054 6.0627557e-05 0.0043540043 0.00079505885 0.00014905824 0.0035748899 0.00037364895 9.479942e-05 0.0002633943 0.012224191 0.0004337559 0.0011712682 0.00017674503 0.00010634218 2.8580178e-05 0.00015331715 0.00029938878 9.230208e-06 2.0312724e-05 0.0014587864 2.7795226e-05 2.4214913e-05 1.2174664e-07 3.43477e-05 2.5328483e-05 1.9545867e-05 6.183945e-08 0.0003849483 2.1423464e-06 1.1416822e-05 2.2042693e-07 2.4580773e-08 5.1016114e-06
0.17131759 1.5588585e-05 2.5890151e-06 2.2077298e-05 2.3295484e-06 1.8615308e-05 3.0206897e-07 0.00015325224 1.4383252e-08 4.7858883e-08 0.03163376 0.030355055 1.2530236e-05 0.0011972096 4.2059387e-06 2.3654535e-07 0.022735067 0.123920746 0.00057664904 0.0003497656 0.90330434 0.00030639418 0.5936531 0.8497127 5.3241724e-06 2.206025e-05 2.0868527e-05 4.2236422e-07 0.7118778 6.741836e-16 0.00012451646 0.9785654 0.57304174 3.5713267e-05 0.88910794 8.9177684e-07 0.05305953 4.0076648e-05 0.008553546 0.0938781 0.017078266 0.0013383245 0.017402396 0.012871572 0.16541949 0.46979505 0.054437995 0.22450246 0.13498956 1.25033e-06 0.1662887 1.0989565e-06 0.00017411938 1.0291837e-05 0.006223618 0.002538944 0.0016041977 1.9777568e-05 0.06825178 0.0011257974 0.0343939 0.005232878 0.00038402926 0.031905472 0.03470873 0.00011020053 0.0363042 0.00030910101 2.0845593e-05 2.398636e-05 0.0018287355 4.589835e-05 3.053844e-05 0.0024949054 8.499585e-06 1.2883693e-05 6.954468e-06 0.0043327054 4.332112e-05 0.00043215096 1.5989273e-05 1.1162758e-05 2.745465e-06 1.674425e-05 0.00022706244 2.8774914e-06 1.6033548e-06 0.0012578175 1.8279821e-05 1.0953807e-05 1.8473068e-07 4.8647107e-06 2.7708825e-06 1.307382e-05 2.9937617e-08 0.0004366275 7.185432e-07 4.390775e-07 1.9414001e-07 1.0322667e-08 6.2881186e-06
