5.285143e-19 0.8917491 0.27816924 0.25458726 0.26228487 0.87965775 0.9910819 0.89631903 0.9130137 0.8620289 0.95389885 0.96245044 0.9871407 0.680845 0.89727587 0.4158859 0.9119255 0.89287794 0.95404166 0.939771 0.7556494 0.9090921 0.89219624 0.28496164 0.9552222 0.9763833 0.97639054 0.81666994 0.0724637 0.66860133 0.27496964 0.95282584 0.87419313 0.9631833 0.04666434 0.4353403 0.2616025 0.9445951 0.4251874 0.48379284 0.86281145 0.6671273 0.9616538 0.53028667 0.66890496 0.87371904 0.8766106 0.7224501 0.9774166 0.4452442 0.9577437 0.50759995 0.86083114 0.020495413 0.87880397 0.9727026 0.93145674 0.9591498 0.012424328 0.8768866 0.5074146 0.72257 0.98389566 0.5077353 0.93210495 0.9811941 0.00061422086 0.88833624 0.19006339 0.9841877 4.0292405e-05 0.031721674 0.65891975 0.0028741935 0.27164397 0.9999744 0.9532352 0.99061954 0.012109812 0.15046172 0.893168 0.109713905 0.25214717 0.41842157 0.3718318 0.7610793 0.00075517 0.0011010673 0.95484847 0.5211756 0.89542824 0.99883115 0.02324208 0.024216944 0.9998206 0.082112834 0.9962585 5.985018e-05 1.779198e-05 0.9329325 0.008755115
0.8917491 2.36539e-15 0.97209567 0.70563376 0.268872 0.9458117 0.3758057 0.7978756 0.13904794 0.43949208 0.8874827 0.023846796 0.0054323184 0.7017586 0.0037781394 0.4886577 0.47836608 0.123747915 0.39952058 0.03899653 0.021751713 0.0019292064 0.00024167098 0.13869998 5.7260993e-05 6.0071132e-05 0.06761371 0.004152673 0.0044284808 0.20399703 0.0010307436 0.0016245127 5.897504e-06 6.0048677e-07 0.000553464 0.00065827474 0.0045133918 1.6392849e-05 0.44978806 0.01233411 3.999713e-06 4.4973585e-06 0.011736846 0.21560265 0.016321298 7.938851e-06 0.026587088 1.7172688e-06 4.52379e-05 0.003133414 1.0043739e-05 7.011914e-06 1.0456986e-06 0.0029152865 1.6789367e-06 1.2761541e-07 0.0005742174 0.00023876545 0.003925082 0.0011323495 2.4272401e-06 3.4698266e-07 0.0006020267 0.00071936264 1.7855737e-07 0.0036078156 4.4920886e-05 1.5495932e-07 0.00044754293 0.00035274966 7.004495e-06 1.5372818e-05 2.7886676e-06 7.088431e-05 0.00078021426 0.00108171 9.816472e-05 0.0015813925 0.00010805897 2.3838491e-07 1.7104832e-05 0.00023200501 4.728465e-07 8.2542687e-07 5.5490256e-07 1.0812937e-06 2.32141e-07 7.157109e-06 3.1894348e-07 1.7211117e-06 1.9527056e-08 0.00018360776 6.129836e-05 2.5421042e-07 0.0025311762 4.6671988e-07 8.204096e-07 5.6733e-06 4.5771642e-08 1.3842808e-06 4.937663e-06
0.27816924 0.97209567 1.7724385e-13 0.96921384 0.85215193 0.75933903 0.019872202 0.90147495 0.92899984 0.23369902 0.6231525 0.0047148396 0.00083574164 0.2240212 0.0011290768 0.0781566 0.21204863 0.005260054 0.17273206 0.009269211 0.0009762399 0.0010580986 0.00018346788 0.005469153 9.8163684e-05 0.00013026905 0.16109009 0.0018364121 0.00015620426 0.0060687982 0.00014584434 0.0009371415 6.9992193e-06 2.4736644e-06 1.3025408e-05 0.00011569741 0.000111179725 2.4011511e-05 0.031904582 0.017674377 7.684662e-06 8.345432e-06 0.0038108376 0.07948168 0.009390095 1.0667266e-05 0.008030422 2.152531e-06 2.1763999e-05 0.0043298244 1.8456956e-05 3.1382492e-06 8.0575853e-07 0.0005133738 1.1930266e-06 1.1950798e-06 0.0012305384 0.00025772938 0.00039635377 0.0018628585 3.1687896e-06 2.2537523e-07 0.0006195507 0.0003831045 1.0920293e-07 0.0011637827 7.762514e-05 2.2373717e-07 0.00011295781 0.00082677254 1.0674199e-06 6.1785244e-07 1.2259209e-06 3.200927e-06 0.00016609536 0.0008355754 9.4753144e-05 0.00041583262 2.0269725e-05 2.547723e-07 1.1626289e-05 0.00015763263 8.0381517e-07 1.0640802e-06 1.5755501e-07 7.328599e-07 1.722974e-08 8.223029e-07 2.1630288e-07 1.3187616e-06 1.4943014e-08 0.00024289213 8.172653e-06 3.1440244e-08 0.00030674678 3.7239974e-07 1.6355864e-06 1.2098176e-06 6.1747514e-08 4.1093094e-07 4.847771e-07
0.25458726 0.70563376 0.96921384 3.3826484e-14 0.9916234 0.4433205 0.08092456 0.5080609 0.64259493 0.073153466 0.91492075 0.018867174 0.000492189 0.62238175 0.0009231225 0.28511658 0.06410584 0.01743704 0.04135365 0.0017463809 0.0020163944 0.0002027627 7.175462e-05 0.011232804 8.486067e-06 8.436582e-05 0.04178484 0.00022810968 0.00027650592 0.01373563 8.0795544e-05 0.0001514346 6.960493e-06 4.480539e-06 1.4005684e-05 5.0700728e-05 0.00040436548 3.1002815e-05 0.059257332 0.0028848734 6.070401e-06 6.043431e-06 0.0011901149 0.14762923 0.002705384 1.0439305e-05 0.004501798 1.2195446e-06 8.270655e-06 0.00048264943 2.5585117e-05 5.0904387e-06 3.812875e-06 0.0022463647 2.4443111e-06 1.3471234e-06 0.00027357685 4.442164e-05 0.0016676213 0.000525234 4.6344194e-06 1.4866215e-06 0.00018843805 0.0003024315 1.9662676e-07 0.0015028872 0.0004323237 1.6107605e-06 5.453684e-05 0.00033298097 1.4519674e-05 6.8134966e-07 7.2021758e-06 1.9087296e-05 7.6021075e-05 0.00079352374 2.903961e-05 0.00014906692 6.600553e-06 2.7180906e-07 3.551412e-06 0.00033667585 1.8804158e-07 1.8791385e-06 5.8483902e-08 4.4079223e-07 8.912727e-09 2.8528395e-06 1.1313314e-07 1.1095506e-06 2.9994356e-09 0.00013139425 3.2001763e-06 6.300069e-08 0.00025024076 3.3528412e-08 3.6083446e-07 1.3085913e-06 5.9603167e-08 1.1870401e-06 2.0468991e-07
0.26228487 0.268872 0.85215193 0.9916234 1.4468221e-15 0.034841023 0.0008935698 0.3712128 0.95624816 0.015170143 0.48981428 0.0004158919 2.0673984e-05 0.14658536 4.652654e-05 0.047880203 0.022712737 0.004235062 0.01868192 0.00034873694 0.00027008986 6.777094e-06 1.3352374e-06 0.0024534545 1.1603791e-07 4.1192442e-07 0.052853182 8.090048e-05 7.60271e-05 0.0075789695 9.827173e-06 5.6834186e-05 3.2396038e-08 2.3182011e-08 3.0663007e-06 1.6980805e-05 0.00024668183 5.6893484e-08 0.1154649 0.0020316832 1.7065676e-07 1.070095e-07 0.0012846242 0.24077708 0.0027013547 7.66993e-08 0.0057045207 8.596683e-08 7.5707035e-08 0.0013871441 6.3263656e-07 1.0137776e-07 7.435011e-09 0.0061519756 6.440863e-09 7.2021926e-09 0.0008887625 2.1676791e-05 0.00028328667 0.00015122865 1.6353219e-07 9.00627e-09 0.00015948407 1.4509858e-05 2.0422097e-09 0.0025115944 0.0005149701 5.6632206e-09 1.5172153e-06 0.0006067979 1.7578734e-06 1.240365e-07 3.5721882e-07 2.8957375e-06 5.8703117e-06 0.00044750917 3.271235e-07 3.8850398e-05 1.6989965e-06 2.2780018e-09 2.5754105e-07 3.935905e-06 1.2302155e-08 2.3266615e-08 2.4005946e-09 2.1580628e-07 6.838449e-09 1.1031372e-07 1.0419641e-07 1.0370029e-08 4.5781528e-11 3.582915e-05 5.720139e-07 1.5289172e-09 7.344503e-05 1.1107814e-09 8.428656e-08 8.040253e-09 2.48514e-09 1.0237048e-07 3.3963968e-08
0.87965775 0.9458117 0.75933903 0.4433205 0.034841023 2.3943133e-15 0.7335484 0.762957 0.02364124 0.9501193 0.59410524 0.43304798 0.7286842 0.42406023 0.17690505 0.31400925 0.85149705 0.17723635 0.8230883 0.5279576 0.034926247 0.22281097 0.00635109 0.077801965 0.04004554 0.0025957797 0.084352046 0.12004589 0.0033634726 0.0058285687 0.0047858595 0.027730042 9.716134e-05 6.143708e-06 0.00029414849 0.00055207516 0.00042021737 0.00050313637 0.004504246 0.049786985 0.00010728105 3.203418e-05 0.06165791 0.0033256535 0.03338966 0.000111671616 0.024623437 2.1445532e-05 0.0008220187 0.004877172 1.303126e-05 2.709235e-05 1.27948715e-05 3.8002476e-05 6.776366e-05 1.0007427e-05 0.0020339282 0.0070604025 0.00013971486 0.010391142 5.8115397e-06 8.644907e-07 0.013755253 0.0014233867 5.0547087e-06 0.008093174 4.78945e-06 4.5436245e-08 0.0001348346 0.0021196594 4.1022338e-07 1.732701e-06 1.2286988e-07 8.2063656e-07 0.00012889586 0.0050584753 0.0018348593 0.0058532897 1.9747564e-05 4.5198782e-09 0.00088145636 0.0004671768 3.0095778e-06 4.796645e-06 3.424792e-08 4.0995164e-05 8.137165e-10 5.932373e-07 5.164099e-05 5.4886077e-06 1.056192e-08 0.0015867682 1.28065785e-05 1.6004034e-06 0.0048368713 5.217592e-07 2.7495145e-05 1.5625191e-06 2.999992e-08 0.0001347297 1.900369e-07
0.9910819 0.3758057 0.019872202 0.08092456 0.0008935698 0.7335484 1.0204909e-13 0.15989117 0.00977182 0.31736237 0.4643824 0.679634 0.4403506 0.656679 0.30308995 0.7507414 0.48583922 0.97469056 0.32526332 0.06421968 0.78617567 0.006385721 0.0039237477 0.6217456 0.001127009 0.00028660736 0.0031750607 0.010758053 0.3406911 0.2872796 0.23931326 0.00860081 1.8695522e-06 2.1309017e-07 0.08203589 0.12062276 0.14748593 1.123711e-05 0.3301517 0.0032431327 2.4044692e-05 2.0489254e-06 0.014054691 0.011572561 0.005347976 9.957431e-07 0.0041586016 2.164854e-06 3.2839712e-06 0.00034591678 1.3518892e-06 1.9363506e-05 1.2773205e-07 0.001210053 1.2509233e-07 1.16158596e-07 4.7335678e-05 0.00020859505 0.054590404 0.00041495851 1.2892007e-06 4.18995e-09 0.0032269282 0.015342496 4.7015725e-08 0.0034796507 2.658453e-05 1.0093587e-08 0.0027938895 9.2986586e-05 5.9913276e-05 0.23033032 8.3393935e-08 0.004839107 0.015681997 0.0004528454 4.211492e-05 0.0012810751 0.000108747685 8.6427995e-08 1.2361387e-05 0.023756782 1.3364895e-08 1.378844e-07 1.8177106e-08 1.4202782e-06 2.1299762e-08 4.3635544e-05 4.094374e-07 3.4221034e-07 3.87105e-10 0.0001394892 2.4136889e-05 8.01591e-08 0.0029429174 1.0790289e-07 3.6282552e-05 4.0990937e-05 1.3371151e-05 2.795744e-07 4.3760374e-06
0.89631903 0.7978756 0.90147495 0.5080609 0.3712128 0.762957 0.15989117 1.3116547e-12 0.97200906 0.89148295 0.77913487 0.009281206 0.002004597 0.3093458 0.0019093197 0.14274746 0.81446207 0.073039666 0.8307519 0.051431365 0.0049525257 0.00035148047 3.151153e-05 0.009011371 0.00012289234 1.9544059e-05 0.54287535 0.019311145 0.0001320695 0.009436444 6.778693e-05 0.014166484 1.6957935e-07 9.778791e-08 8.1502685e-06 3.161043e-05 5.687312e-05 1.6996236e-06 0.022952301 0.083386354 1.1089222e-06 4.1224195e-07 0.13827464 0.07652891 0.11654323 8.6446255e-07 0.116840206 9.7877304e-08 1.5046762e-06 0.017610233 8.2856735e-07 3.9581042e-07 1.3746426e-07 0.00016442663 1.3711964e-07 2.8167484e-08 0.011027961 0.0005762826 0.00016870035 0.012228914 1.1438859e-07 4.8604488e-08 0.0067657796 2.512704e-05 1.6306663e-08 0.041441247 4.950842e-06 5.2669076e-08 4.6800023e-06 0.0040548462 2.0050347e-06 1.3283857e-07 3.274879e-08 2.5008044e-06 4.7977296e-06 0.006694473 0.00014603935 0.0012776485 5.0398705e-07 4.944717e-08 2.0160396e-05 3.8722967e-05 5.0059725e-08 4.9039073e-08 1.8139252e-08 1.5364539e-07 2.4489648e-09 2.5560255e-06 5.174029e-08 2.9443882e-07 3.1232237e-09 0.00032362013 1.9159372e-05 1.4965225e-07 0.0017120827 6.469714e-08 4.627437e-06 7.953768e-07 1.06085185e-08 6.300406e-08 3.0522946e-07
0.9130137 0.13904794 0.92899984 0.64259493 0.95624816 0.02364124 0.00977182 0.97200906 4.1760808e-14 0.06685581 0.7688672 0.00054607465 6.354107e-05 0.19126542 0.00029936308 0.07699186 0.16627546 0.027876811 0.14893016 0.0054920986 0.0011340083 8.707085e-05 1.0929384e-06 0.0037029316 7.80206e-06 2.3648074e-06 0.89174044 0.0013696557 3.041645e-05 0.04222264 3.593607e-06 0.00095450185 1.19170185e-08 2.877535e-08 3.8633093e-06 6.809746e-06 0.00026521896 5.0141335e-08 0.30091655 0.034121558 3.1252736e-07 1.7356739e-07 0.06377511 0.4933202 0.08435479 1.3116348e-08 0.26010144 5.1812084e-08 2.2467114e-07 0.02407259 2.2330595e-07 3.212657e-07 6.3364607e-09 0.0138516715 1.3239028e-08 4.4398507e-09 0.07823582 2.8122193e-05 0.00014339166 0.00029133577 9.437667e-08 2.7476805e-08 0.00051973475 1.549466e-05 5.2421e-09 0.1474722 0.0003461234 5.2465342e-08 7.860407e-07 0.014887919 4.3457754e-07 1.6997758e-08 2.0514955e-07 6.709764e-07 1.6373468e-06 0.005954426 8.220946e-08 0.00010789153 2.5392742e-07 2.692392e-09 7.925268e-09 3.1700518e-05 2.0555953e-08 1.364572e-07 6.014825e-08 5.544035e-08 4.4304163e-10 1.0252362e-06 1.6208254e-10 1.5978358e-07 3.9907303e-11 1.7205744e-05 9.562002e-06 3.519717e-08 2.3929559e-05 4.801173e-09 3.174017e-09 5.5720534e-08 8.9132995e-10 1.2355333e-10 1.3632186e-08
0.8620289 0.43949208 0.23369902 0.073153466 0.015170143 0.9501193 0.31736237 0.89148295 0.06685581 1.1984321e-13 0.24412435 0.043232724 0.15270294 0.10260789 0.019255761 0.063150644 0.96714634 0.049443573 0.96704376 0.53271484 0.003223669 0.04200172 0.0005632905 0.0015338106 0.011512838 0.00015774845 0.20219222 0.21489991 2.633306e-05 0.0007161393 0.00025152537 0.0725013 4.0406053e-06 1.9771174e-07 3.1284928e-06 0.00013204922 1.10989085e-05 5.7504243e-05 0.0013700136 0.11859438 4.1319663e-06 9.4035494e-07 0.2257601 0.0014581216 0.1184754 6.2452627e-06 0.066210724 4.3166136e-07 0.00019020437 0.010302233 9.851603e-07 5.856503e-07 1.7264405e-07 3.7652312e-06 8.755089e-07 1.4750012e-07 0.004580764 0.011416377 1.0549414e-05 0.025618019 1.1494049e-07 1.3869513e-08 0.04500608 0.00016075393 6.371671e-08 0.021480914 7.72401e-07 1.248564e-08 1.8637158e-05 0.0023729235 2.784263e-07 1.16575855e-07 1.5152386e-08 2.7642878e-07 3.0201918e-05 0.0079074865 0.0024610541 0.005903182 4.301875e-06 2.9116102e-08 0.0007243312 0.00013591985 2.0435287e-07 4.1932287e-07 1.7829304e-08 2.063206e-06 4.1145087e-09 4.0193268e-07 1.0842796e-05 3.7705726e-07 9.367648e-09 0.0016617925 2.2663676e-07 6.3024345e-07 0.006437244 2.6615402e-07 2.2530647e-05 3.9275e-07 2.3264576e-08 2.1450951e-05 7.020341e-07
0.95389885 0.8874827 0.6231525 0.91492075 0.48981428 0.59410524 0.4643824 0.77913487 0.7688672 0.24412435 1.4590265e-15 0.006222294 0.0038979624 0.9874685 0.0029008053 0.5653506 0.2904616 0.09664346 0.20697273 0.0038957144 0.014398901 7.597599e-05 1.5117449e-05 0.10998251 1.0979676e-06 6.4088306e-07 0.029788675 9.01722e-05 0.0033118606 0.21062712 0.0003002978 0.00010312937 5.0771174e-09 8.570321e-09 7.032873e-05 0.00014046328 0.030701179 1.02356815e-07 0.6041734 0.002363189 2.5974026e-07 7.3247875e-08 0.0015669999 0.31805432 0.0072665596 3.5590066e-08 0.015755443 1.03772756e-07 8.81521e-07 0.0015093428 1.8415882e-07 1.113967e-07 2.1852667e-08 0.029108929 3.572137e-09 2.3206463e-09 0.00203448 1.8328506e-05 0.04445454 4.259978e-05 3.558626e-08 1.6808093e-08 0.00038242518 2.1158403e-05 2.5214653e-09 0.006371289 0.00021038251 2.2351356e-08 5.151519e-06 0.000588295 0.0001511381 0.0012077179 9.078417e-08 0.0014193744 4.586481e-06 0.00046456375 1.3217122e-07 0.00018093539 1.2244224e-05 3.7737582e-08 1.6073184e-08 2.3378976e-05 1.1635617e-07 1.17673075e-07 5.6780163e-09 5.2662983e-07 1.0011143e-08 7.760589e-07 5.196316e-10 1.25023e-06 6.2764355e-10 8.525068e-06 7.692144e-07 1.2123077e-06 4.89761e-05 2.4707538e-07 2.4122402e-08 4.3686987e-06 1.3205745e-07 1.2696413e-09 4.766623e-07
0.96245044 0.023846796 0.0047148396 0.018867174 0.0004158919 0.43304798 0.679634 0.009281206 0.00054607465 0.043232724 0.006222294 8.5496695e-16 0.9047922 0.03290972 0.97569823 0.28858888 0.12713349 0.8185052 0.086354405 0.07597647 0.5008167 0.074586615 0.5731401 0.38118622 0.010494743 0.09137709 0.0022293522 0.022539053 0.20938894 0.04155875 0.57760286 0.014898136 0.00038908984 7.694107e-06 0.21520016 0.6744622 0.015037712 0.00029965842 0.037669342 0.0043896264 0.0009805118 0.00013031454 0.01251747 0.00010011067 0.0062781638 0.00016217952 0.0057343347 0.00019909517 9.399685e-05 0.0012660862 1.4775044e-05 0.000700209 8.775623e-06 5.2302858e-05 6.908269e-06 1.5569084e-06 0.00015459141 0.0036944414 0.013480438 0.0010378787 0.00012728317 8.047467e-08 0.014002873 0.52044344 1.1293561e-06 0.00412917 1.1195068e-06 3.819495e-08 0.1302171 0.00020662602 1.964564e-05 0.07894139 3.167871e-06 0.0008698069 0.49760836 0.00075483916 0.0010090336 0.007419995 0.0018052501 3.4248393e-07 0.00034497184 0.35019478 5.6383294e-07 2.1590913e-06 5.772072e-07 1.2448671e-05 2.468183e-06 0.0019021744 2.63364e-05 2.1629185e-06 1.3986553e-09 0.00056225486 0.005196847 5.419777e-06 0.007656269 2.4397684e-07 0.00035917468 0.00011310139 2.177363e-05 2.2357894e-05 0.00013422094
0.9871407 0.0054323184 0.00083574164 0.000492189 2.0673984e-05 0.7286842 0.4403506 0.002004597 6.354107e-05 0.15270294 0.0038979624 0.9047922 3.2612352e-15 0.0062330267 0.89027286 0.0307522 0.20590273 0.24163653 0.14676522 0.635089 0.06923284 0.9317734 0.79860675 0.064532064 0.33322924 0.8554063 0.00073661323 0.18730424 0.017000688 0.0012760685 0.11861496 0.06895811 0.055961482 0.010937931 0.016964287 0.14158149 0.00039053633 0.05366737 0.00038483305 0.0063157836 0.014808549 0.010238207 0.026194217 9.987936e-06 0.007320536 0.003991664 0.004456428 0.0024601133 0.011644026 0.0017440673 0.0006288248 0.016632948 0.00014028323 1.9903537e-06 0.00024171869 0.00015476637 0.00018112182 0.03678423 0.00032658284 0.008862224 0.0014459337 2.2792874e-06 0.06193507 0.37415943 2.1479795e-05 0.0048049414 3.0172134e-06 1.7794124e-06 0.10954427 0.0005716712 3.990388e-07 0.0006614467 3.319367e-05 2.4021117e-06 0.19865294 0.0022275636 0.015409171 0.025863385 0.007038583 1.2932662e-07 0.0065628393 0.072717555 6.5429194e-06 1.4905404e-05 3.6634665e-05 0.00011867594 4.041976e-05 0.0003200164 0.001749202 1.137549e-05 9.420999e-07 0.0030520153 0.019378264 1.2439129e-05 0.026682176 3.7045504e-07 0.001386209 4.867414e-05 6.04174e-05 0.0006325425 9.307371e-05
0.680845 0.7017586 0.2240212 0.62238175 0.14658536 0.42406023 0.656679 0.3093458 0.19126542 0.10260789 0.9874685 0.03290972 0.0062330267 2.7443042e-18 0.012753385 0.9914197 0.09728907 0.14777456 0.0419714 0.0014854113 0.037495974 0.00010921831 0.00015078855 0.27284783 2.998532e-07 2.493151e-06 0.0031402959 8.055081e-05 0.011530689 0.4634554 0.0047477325 3.4353958e-05 1.1984328e-08 3.3269696e-09 0.00015310514 0.00077878364 0.05962734 1.2041731e-07 0.2653578 0.00034788292 1.0107661e-06 3.764312e-08 0.0005501382 0.011411561 0.00093451317 1.3737383e-07 0.0029415577 1.7824449e-07 9.015126e-08 0.00020397487 1.5944809e-07 1.322629e-07 3.057779e-08 0.0026914529 4.7942823e-09 1.2296425e-09 0.00049825397 5.0369927e-05 0.03176757 2.8604773e-05 8.8441126e-08 2.0432422e-09 0.00033591595 4.0024854e-05 3.4975507e-09 0.0029353143 5.9131125e-05 3.6428134e-09 1.271613e-05 0.0005867064 0.00014791603 0.00014339782 2.79362e-07 0.0006194629 1.996398e-05 0.00047474584 1.1141238e-06 0.00039140397 4.7719745e-06 3.8896215e-09 4.0825714e-07 0.00022878351 4.6096332e-08 5.941313e-09 3.8542547e-09 2.1328273e-07 2.7647278e-09 2.6073e-07 6.7936654e-08 1.3384022e-07 2.6545094e-10 8.859904e-05 1.2167218e-06 1.0751661e-08 0.00064200134 4.9265577e-08 4.3728647e-07 2.6251307e-06 2.693431e-08 1.6933557e-08 5.8750186e-07
0.89727587 0.0037781394 0.0011290768 0.0009231225 4.652654e-05 0.17690505 0.30308995 0.0019093197 0.00029936308 0.019255761 0.0029008053 0.97569823 0.89027286 0.012753385 1.9205912e-16 0.1577846 0.049928892 0.58218473 0.0238741 0.039598648 0.39426348 0.08154391 0.9457578 0.17049865 0.010511223 0.43270087 0.00019106467 0.009315172 0.09170499 0.010262166 0.57240283 0.005607467 0.004091359 0.00014770404 0.11173051 0.56037855 0.0049821385 0.0016793114 0.0010661037 0.000869139 0.008519517 0.0015582329 0.0050262418 3.3170665e-05 0.0030418248 0.00055961835 0.0029772012 0.0011091931 0.00018883597 0.0003010439 0.00010337052 0.010405933 0.00013909997 8.95769e-06 7.062472e-05 1.141015e-05 1.8183982e-05 0.002944064 0.0043338626 0.00105726 0.0010641108 1.0844444e-06 0.005215906 0.69749725 1.6722292e-05 0.003528784 1.15087694e-07 2.5770197e-07 0.30652168 8.1987164e-05 3.8540543e-06 0.004698745 7.401973e-05 0.00019403204 0.32028562 0.00030454545 0.0018398085 0.00784858 0.028113013 9.249368e-07 0.00076997734 0.22746462 5.431694e-06 5.957549e-06 9.580577e-06 0.00011866904 0.00019845975 0.0033026603 0.00023217301 1.07996675e-05 1.6639888e-07 0.0012051959 0.05723296 1.99238e-06 0.008841247 8.570766e-08 0.0006746637 0.0005724229 0.0004053172 0.00013798906 0.00038908556
0.4158859 0.4886577 0.0781566 0.28511658 0.047880203 0.31400925 0.7507414 0.14274746 0.07699186 0.063150644 0.5653506 0.28858888 0.0307522 0.9914197 0.1577846 3.4714986e-16 0.05491915 0.52416086 0.024216276 0.0030935996 0.40019622 0.0013939916 0.0020884029 0.7919576 3.328265e-05 0.0005422567 0.0033949483 0.0002489561 0.22798976 0.92627764 0.08795723 0.0003606876 7.5627304e-06 4.6153502e-07 0.016260171 0.025666313 0.54841095 4.102633e-05 0.47238934 0.0006473637 8.4500134e-05 6.089245e-06 0.0012310642 0.0114615625 0.0013340486 1.7594579e-05 0.0031859835 1.2020506e-05 8.1473e-06 0.00017605328 1.0422026e-05 2.4886338e-05 3.5453477e-06 0.0065749018 9.580457e-08 3.680936e-08 0.00020187072 0.00012305815 0.19767189 0.00016771587 2.224514e-06 9.381992e-08 0.0007215214 0.00064194924 5.0133394e-08 0.0019233489 0.00020255646 1.5360185e-07 0.00029564946 0.00015590675 0.0014213236 0.008177145 3.827992e-06 0.0063719056 0.00022473514 0.00028632983 6.185487e-05 0.0007664067 0.00013820504 2.5614964e-08 2.0835407e-06 0.010577189 1.750747e-07 5.4853732e-08 2.093636e-07 2.1034064e-07 2.3786215e-09 1.5794818e-06 5.2571323e-08 8.0141865e-07 1.2274122e-08 0.0002344919 4.5174675e-06 4.1978018e-07 0.0009964176 1.2854758e-06 1.32394525e-05 0.000104653474 9.3728494e-07 1.7992736e-08 5.0350686e-06
0.9119255 0.47836608 0.21204863 0.06410584 0.022712737 0.85149705 0.48583922 0.81446207 0.16627546 0.96714634 0.2904616 0.12713349 0.20590273 0.09728907 0.049928892 0.05491915 3.2431644e-12 0.05286777 0.953749 0.73856354 0.004840111 0.026039189 0.004220503 0.0009811965 0.013910056 0.0020727338 0.18463218 0.3283097 4.237239e-05 0.0019540454 0.0007823505 0.13932727 1.9133498e-05 3.107633e-06 9.161758e-06 0.0005774764 6.0894745e-05 0.00015650844 0.00211272 0.110547625 3.4932493e-06 2.6474715e-06 0.32644686 0.000839872 0.13412355 7.694833e-06 0.07723796 4.7833583e-07 0.00022814861 0.012829689 9.2297006e-07 5.165931e-07 3.486661e-07 8.853236e-06 1.6928083e-06 2.0133648e-07 0.0065123355 0.02215026 1.9511206e-05 0.062880054 2.2445036e-07 1.4321576e-08 0.08962858 0.0003052084 1.0921085e-07 0.03667076 1.5401515e-06 2.6501262e-08 5.207421e-05 0.0044859606 1.1799261e-06 9.668194e-06 1.993796e-08 6.060284e-06 8.5986976e-05 0.03373444 0.0038983475 0.011488583 2.180132e-06 2.9313432e-07 0.001560558 0.0007747538 9.484205e-08 2.325107e-06 6.6861037e-09 9.1477676e-07 1.1050588e-09 1.0442396e-06 6.8458685e-05 5.739614e-07 4.408805e-09 0.001938116 5.5356e-07 2.3810023e-07 0.011594506 3.212738e-08 9.353918e-05 1.0346323e-06 5.877541e-07 3.248562e-05 5.675175e-07
0.89287794 0.123747915 0.005260054 0.01743704 0.004235062 0.17723635 0.97469056 0.073039666 0.027876811 0.049443573 0.09664346 0.8185052 0.24163653 0.14777456 0.58218473 0.52416086 0.05286777 9.75394e-16 0.041378208 0.009064936 0.9886252 0.0015438531 0.011685387 0.70450795 6.071119e-06 0.0004993278 0.0008550867 0.00047816618 0.36085227 0.17767447 0.4926887 0.00011982833 8.5222496e-07 4.0369e-08 0.19525838 0.1836505 0.18085837 4.4762332e-06 0.114330746 0.0011089509 6.2536994e-05 1.5336803e-06 0.0005142313 0.0028286553 0.0010562356 9.0088133e-07 0.002423032 7.4641935e-06 7.792352e-07 0.0001305362 3.345283e-07 7.578014e-06 5.6806734e-08 0.0004624696 2.0875044e-08 9.582756e-09 3.6369405e-05 2.2227125e-05 0.06901913 0.00011631096 6.662515e-07 3.4652594e-09 0.00058649457 0.0077409055 1.4044973e-08 0.0010978112 2.9173183e-05 2.448068e-09 0.0003904734 5.8262598e-05 8.51161e-05 0.33846572 6.230031e-07 0.011756681 0.0132493945 4.379317e-05 1.7515187e-05 0.0004684396 0.00035691267 8.367607e-09 3.5051762e-06 0.060763717 2.7218608e-08 5.284303e-09 4.209801e-09 1.465608e-07 3.1777667e-09 3.482733e-05 7.9827856e-08 2.2228969e-07 1.6357679e-09 4.4157485e-05 0.00013912715 1.6297747e-07 0.001058077 3.990487e-07 4.7438375e-06 6.114276e-05 4.515249e-06 5.006739e-07 2.352223e-06
0.95404166 0.39952058 0.17273206 0.04135365 0.01868192 0.8230883 0.32526332 0.8307519 0.14893016 0.96704376 0.20697273 0.086354405 0.14676522 0.0419714 0.0238741 0.024216276 0.953749 0.041378208 3.0107971e-12 0.6806167 0.002119241 0.009702958 0.0023228985 0.0004612968 0.007636052 0.0007380196 0.3861296 0.37330478 5.401217e-06 0.0006974935 0.00018148943 0.1523271 6.9562984e-06 9.4466765e-07 2.347481e-06 8.784135e-05 1.3212058e-05 7.112694e-05 0.00053135224 0.2345943 1.3364998e-06 5.4422634e-07 0.38854894 0.00015746031 0.14472301 2.8734767e-06 0.110273294 1.8456144e-07 8.444954e-05 0.0325863 2.9300406e-07 1.9072394e-07 1.1706327e-07 1.4753368e-06 3.8227583e-07 1.0260192e-07 0.019676924 0.02525339 2.6631831e-05 0.1151932 6.532918e-08 9.40912e-09 0.1245562 4.5097473e-05 7.0886024e-08 0.055206526 2.551953e-06 4.6876822e-09 2.5224253e-05 0.011879705 8.564185e-07 1.7887594e-05 8.6290575e-09 6.3258917e-06 5.1159113e-06 0.06578578 0.003007373 0.0138532445 3.894744e-07 2.5647046e-07 0.0015347522 9.013772e-05 7.827937e-08 2.3786795e-06 1.7338356e-09 8.333094e-07 5.0574556e-10 1.2194796e-06 5.3942655e-05 4.3774457e-07 8.7271734e-10 0.0032766147 5.0821023e-07 1.6098933e-07 0.014294956 1.850266e-08 3.531312e-05 9.1685365e-07 8.691431e-07 1.5939077e-05 2.6099667e-07
0.939771 0.03899653 0.009269211 0.0017463809 0.00034873694 0.5279576 0.06421968 0.051431365 0.0054920986 0.53271484 0.0038957144 0.07597647 0.635089 0.0014854113 0.039598648 0.0030935996 0.73856354 0.009064936 0.6806167 4.048245e-14 0.001132315 0.7621399 0.010590452 0.0004690299 0.77224594 0.015079826 0.076923884 0.9721254 1.344293e-05 0.00010267756 0.0005430713 0.48350433 0.00076587737 0.0001966991 7.291751e-06 0.00034177984 2.334237e-05 0.007039761 0.0011538845 0.105234854 0.00026190514 4.2280353e-05 0.22714444 1.12163925e-05 0.03198571 0.00068990653 0.029948402 4.3576612e-05 0.026784666 0.012448228 0.00014684544 2.138877e-05 6.188456e-05 9.6269205e-06 0.0003573146 0.00012871798 0.0037086604 0.20181872 0.00012351201 0.117315225 7.811382e-06 2.3292928e-06 0.16652848 0.002461781 2.8980736e-05 0.016301401 1.1871006e-05 6.879383e-07 0.00040530288 0.005001216 8.081476e-08 2.0223539e-05 3.9187114e-07 7.268558e-07 0.0013845271 0.03765309 0.049022682 0.051223032 9.9727085e-06 5.932091e-07 0.03660653 0.0016594122 7.848029e-06 0.00013650388 3.433144e-08 0.00023344342 2.4595677e-09 4.416216e-05 0.0044879587 2.9724464e-05 9.76526e-08 0.01037615 0.002015174 0.0001399549 0.10194934 1.7361514e-06 0.0027403198 2.6842165e-05 1.675476e-05 0.0010070287 5.9451136e-06
0.7556494 0.021751713 0.0009762399 0.0020163944 0.00027008986 0.034926247 0.78617567 0.0049525257 0.0011340083 0.003223669 0.014398901 0.5008167 0.06923284 0.037495974 0.39426348 0.40019622 0.004840111 0.9886252 0.002119241 0.001132315 1.288125e-14 0.00039800245 0.0095609445 0.9486691 4.7442763e-06 0.0006577981 0.000115287905 2.5694075e-05 0.8092476 0.23452464 0.8455018 1.3873293e-05 3.018759e-06 5.7176102e-08 0.6453794 0.41274968 0.35392553 5.4280117e-06 0.058577534 0.0003349671 6.43966e-05 1.2200786e-06 0.00013621453 0.00025918562 0.00032319728 1.1819043e-05 0.0011291306 1.4597842e-05 1.0141224e-06 7.673469e-05 1.8855903e-06 6.328034e-06 1.6647275e-06 3.4243953e-05 3.0136374e-07 2.2521677e-08 1.415432e-06 1.4436098e-05 0.12218155 3.160796e-05 2.6837495e-06 2.3973422e-08 0.0002350149 0.013515432 9.56605e-08 0.0006497753 7.6686396e-05 7.975005e-09 0.0004795177 4.0068867e-06 0.0006011082 0.70134497 1.2504374e-06 0.0627927 0.008008017 2.8013837e-05 2.1330716e-05 0.00050254725 0.0006769484 1.0547809e-08 1.5301302e-06 0.17685297 1.4348693e-07 9.97782e-09 3.740493e-08 3.3544228e-07 4.252527e-08 7.597462e-05 1.6873001e-07 4.191693e-07 2.1227368e-08 3.6313744e-05 0.00026622272 1.7931967e-07 0.0028672193 3.7682756e-07 6.212155e-05 0.00026002442 2.2774633e-05 2.78262e-07 4.4439177e-05
0.9090921 0.0019292064 0.0010580986 0.0002027627 6.777094e-06 0.22281097 0.006385721 0.00035148047 8.707085e-05 0.04200172 7.597599e-05 0.074586615 0.9317734 0.00010921831 0.08154391 0.0013939916 0.026039189 0.0015438531 0.009702958 0.7621399 0.00039800245 3.6523523e-16 0.06874597 0.00013549831 0.98478204 0.30787307 0.0019095946 0.28635344 3.0094472e-05 7.920637e-05 0.00038766384 0.11811948 0.041778512 0.029448478 1.3205507e-05 0.00044548445 3.314167e-05 0.7450799 1.4425212e-05 0.02181105 0.004174842 0.0022206467 0.031860005 1.9877189e-06 0.0049450807 0.04299847 0.0024814995 0.0009464469 0.37604442 0.0025754466 0.0016203815 0.0008818036 0.0014552855 3.4390044e-07 0.0028059077 0.0017093248 0.0004242065 0.32493782 9.074299e-06 0.046576586 0.00043581167 0.0001369676 0.10723445 0.0066873836 0.00023867712 0.0030220977 3.376321e-07 6.193309e-05 0.0028569687 0.000956841 1.7965816e-08 2.3337218e-06 7.618506e-06 1.301815e-06 0.0035588592 0.0058370517 0.1415096 0.082126185 0.00076523266 1.1825053e-05 0.12779959 0.0020555202 0.0005119228 0.0006589776 2.2536783e-06 0.00038394902 1.3442283e-06 8.8901e-06 0.06309226 2.585069e-05 8.4519706e-07 0.03370283 0.0034298962 8.47411e-05 0.079533845 1.4230942e-06 0.0052693556 1.1929628e-06 8.669365e-06 0.0063785054 2.736962e-05
0.89219624 0.00024167098 0.00018346788 7.175462e-05 1.3352374e-06 0.00635109 0.0039237477 3.151153e-05 1.0929384e-06 0.0005632905 1.5117449e-05 0.5731401 0.79860675 0.00015078855 0.9457578 0.0020884029 0.004220503 0.011685387 0.0023228985 0.010590452 0.0095609445 0.06874597 1.8896102e-17 0.0018372731 0.0052637504 0.94710344 4.520734e-06 0.0028953895 0.00082082645 0.00050074386 0.09066025 0.0014315487 0.055874556 0.0021943871 0.004273224 0.4319656 0.0004280097 0.0061386223 2.8124823e-05 0.00013798749 0.14503378 0.031922728 0.0006774353 1.6905246e-07 0.0006572294 0.0025501603 0.00025379733 0.024867913 0.00028265303 4.2269876e-05 0.0015573438 0.28263205 0.0004941446 2.526466e-06 0.00019321052 5.0898878e-05 2.066329e-06 0.002551885 0.00010552419 0.00048186115 0.014020525 6.6585803e-06 0.0074029365 0.92032135 2.8082315e-05 0.0014676489 2.8456566e-07 1.5170127e-06 0.73195773 2.05547e-06 2.6209614e-07 0.00031526602 0.0006063678 1.03422735e-05 0.53219295 0.00017345246 0.0015017783 0.009596218 0.14791737 9.870138e-07 0.0005460811 0.19222972 1.9395488e-06 5.3483554e-06 0.0007587571 1.6214944e-05 0.012393247 0.0047356766 0.00038167753 5.3026265e-06 2.2496639e-07 0.00171555 0.16614461 2.805061e-06 0.01308224 1.184494e-07 0.0005876695 0.0003026476 0.00035866536 5.996513e-05 0.004138639
0.28496164 0.13869998 0.005469153 0.011232804 0.0024534545 0.077801965 0.6217456 0.009011371 0.0037029316 0.0015338106 0.10998251 0.38118622 0.064532064 0.27284783 0.17049865 0.7919576 0.0009811965 0.70450795 0.0004612968 0.0004690299 0.9486691 0.00013549831 0.0018372731 2.7763742e-13 1.1851916e-06 0.00037501572 0.00018364542 3.457496e-05 0.97683114 0.9421537 0.49020746 3.532294e-06 2.654806e-06 1.710723e-07 0.41237482 0.027391493 0.9061673 3.5109874e-06 0.28878954 2.1840973e-05 8.1848804e-05 4.2603083e-06 6.282247e-05 0.0029705295 2.4790641e-05 7.138547e-06 0.00027893914 1.3899368e-05 4.8646457e-06 1.9074434e-05 4.9738443e-05 3.7635657e-06 2.5275433e-06 0.0014203521 3.7426197e-08 5.0738067e-09 1.1956994e-05 8.144756e-05 0.44212434 6.3108455e-06 4.0589935e-06 3.763707e-09 6.671722e-05 0.00012084915 1.0988589e-08 0.00040443838 0.00030123405 2.7271824e-08 1.3564537e-05 4.7024073e-06 0.0021692822 0.48165068 1.27419635e-05 0.0879515 0.00067532156 1.3235741e-05 3.2953783e-06 0.0007397516 3.426522e-05 7.4220177e-09 9.988322e-07 0.005585866 2.166625e-07 1.8568942e-09 9.173053e-08 5.3340262e-08 9.244942e-09 3.0930034e-06 9.456406e-08 1.7920856e-07 1.0777489e-08 3.0416593e-05 2.4945077e-05 9.94894e-08 0.0011137823 1.0823702e-07 4.3718783e-06 9.687858e-05 8.406929e-07 1.4565029e-06 1.152729e-05
0.9552222 5.7260993e-05 9.8163684e-05 8.486067e-06 1.1603791e-07 0.04004554 0.001127009 0.00012289234 7.80206e-06 0.011512838 1.0979676e-06 0.010494743 0.33322924 2.998532e-07 0.010511223 3.328265e-05 0.013910056 6.071119e-06 0.007636052 0.77224594 4.7442763e-06 0.98478204 0.0052637504 1.1851916e-06 4.5783115e-18 0.07182243 0.0019743298 0.6719309 2.4094777e-07 9.645553e-07 5.5506615e-07 0.28712094 0.010819411 0.0068297978 9.239604e-08 9.0808335e-06 7.745538e-08 0.54106885 3.0806996e-07 0.021888185 0.0007543908 0.00033507223 0.035169445 1.8686231e-08 0.003357385 0.0151272295 0.0031174598 0.00017213351 0.68999946 0.0006615432 0.0001980944 2.9578694e-05 0.0005731607 4.079316e-08 0.0020682209 0.0012410012 0.000406805 0.6436402 7.7541966e-07 0.14205815 1.0637022e-05 3.13873e-05 0.2111435 4.490161e-05 0.00012184799 0.0048335306 2.076956e-08 7.2836747e-06 4.5118682e-05 0.002086849 8.4162133e-10 1.8562656e-07 4.9939393e-07 1.1465366e-07 9.7472475e-06 0.01941562 0.2699997 0.1442373 8.050323e-06 2.2779598e-06 0.25986177 9.409488e-05 0.00014106737 0.00021400268 3.1572814e-08 0.00068823044 9.182821e-08 1.0013378e-06 0.07370141 5.1960513e-05 2.2812195e-07 0.08577033 1.3489124e-05 5.17805e-05 0.18230389 1.4101074e-06 0.013088903 2.1915919e-07 1.4468309e-07 0.018776197 1.0990938e-06
0.9763833 6.0071132e-05 0.00013026905 8.436582e-05 4.1192442e-07 0.0025957797 0.00028660736 1.9544059e-05 2.3648074e-06 0.00015774845 6.4088306e-07 0.09137709 0.8554063 2.493151e-06 0.43270087 0.0005422567 0.0020727338 0.0004993278 0.0007380196 0.015079826 0.0006577981 0.30787307 0.94710344 0.00037501572 0.07182243 5.830565e-17 3.8967282e-05 0.011304612 8.2444894e-05 7.0287686e-05 0.004836154 0.005880249 0.83445203 0.10952356 0.0005609077 0.032765802 5.3971753e-06 0.028117396 7.2954444e-06 0.00112236 0.8299068 0.71022964 0.001957316 1.069444e-07 0.0009166033 0.017198108 0.00034541785 0.46254963 0.0026890798 0.00015232903 0.023612054 0.78142834 0.0002996844 6.3954985e-08 0.00027037592 0.00014815548 3.478219e-05 0.015531516 3.254463e-05 0.0008777118 0.27976826 1.3253664e-05 0.017006671 0.73720586 4.645728e-05 0.001895606 7.120012e-08 7.624117e-06 0.6898486 0.00011785969 9.23224e-08 1.2611277e-05 0.007792554 1.1448266e-07 0.571056 0.00059944345 0.0045866123 0.019957557 0.26619208 1.9990948e-06 0.0029084967 0.09228549 1.3616828e-06 7.688521e-07 0.05124035 6.835092e-05 0.00842613 0.0007163261 0.0009924611 1.3820173e-06 1.1851962e-06 0.00439546 0.29695344 2.3677558e-07 0.031076465 5.4879795e-08 0.0016410386 4.7086112e-05 0.00015359053 0.00046261185 0.02658527
0.97639054 0.06761371 0.16109009 0.04178484 0.052853182 0.084352046 0.0031750607 0.54287535 0.89174044 0.20219222 0.029788675 0.0022293522 0.00073661323 0.0031402959 0.00019106467 0.0033949483 0.18463218 0.0008550867 0.3861296 0.076923884 0.000115287905 0.0019095946 4.520734e-06 0.00018364542 0.0019743298 3.8967282e-05 1.2128473e-14 0.039008636 5.423508e-05 0.00088196126 1.567952e-05 0.025341174 6.6051024e-07 8.037643e-06 2.3674602e-05 1.0785516e-05 2.0847361e-05 1.5425687e-05 0.0026956338 0.2704548 4.408597e-06 3.1104944e-06 0.15349801 0.024462417 0.443857 4.941587e-06 0.9390085 4.2952215e-06 7.48434e-05 0.7659088 5.657359e-05 1.6896923e-06 9.70964e-07 0.0016349923 1.4537983e-06 4.4067683e-06 0.8636836 0.0015555136 0.0014055299 0.009373565 3.2329192e-06 3.2041842e-07 0.012725345 0.00039919125 8.442465e-07 0.9172179 0.00016858037 1.6357112e-06 2.981196e-05 0.18726608 1.28323e-05 1.8261969e-06 1.0897453e-06 1.6875183e-06 1.9707453e-05 0.06594525 7.403024e-05 0.00072923774 2.7165709e-06 9.599407e-08 5.336563e-05 0.00033247704 2.3797504e-06 1.9204547e-06 5.181137e-07 8.454201e-06 3.3702083e-09 4.5434928e-07 2.754518e-06 4.436273e-06 5.291709e-08 0.0009321135 0.00023368713 1.3038116e-06 0.002846619 6.9879746e-08 3.4537322e-07 5.6549476e-07 5.3546888e-08 4.660858e-08 6.8625463e-06
0.81666994 0.004152673 0.0018364121 0.00022810968 8.090048e-05 0.12004589 0.010758053 0.019311145 0.0013696557 0.21489991 9.01722e-05 0.022539053 0.18730424 8.055081e-05 0.009315172 0.0002489561 0.3283097 0.00047816618 0.37330478 0.9721254 2.5694075e-05 0.28635344 0.0028953895 3.457496e-05 0.6719309 0.011304612 0.039008636 3.5562234e-16 2.557274e-06 2.2608801e-05 1.9843277e-05 0.9919906 0.00017924608 9.4175324e-05 1.1327052e-06 1.1028227e-05 4.285038e-06 0.009763316 6.459817e-05 0.2735562 1.7636845e-05 5.299082e-06 0.35108092 4.9241717e-06 0.031149436 0.00024944544 0.010056641 1.8481765e-06 0.033494048 0.008027417 6.3967127e-06 2.592855e-06 1.39024305e-05 4.8129687e-07 0.00023318866 0.000109495195 0.0016217234 0.4396528 2.5715783e-06 0.19455712 6.829351e-07 5.397991e-07 0.21024314 0.0009544214 1.4842608e-05 0.015204991 9.464685e-07 1.07541275e-07 0.00018072395 0.005622302 2.737495e-07 1.6019363e-06 1.1955653e-08 2.0375933e-07 0.00092778297 0.06779048 0.06504752 0.08010701 6.1140045e-06 6.07267e-08 0.040207684 0.0012016696 4.473449e-07 0.00018167749 8.100083e-09 7.340855e-05 4.409139e-10 9.976746e-07 0.012498872 1.6262487e-05 3.560324e-08 0.024390558 0.00026336263 4.1090293e-06 0.10855445 5.594478e-07 0.001376495 7.4294394e-07 2.996521e-06 0.00071314326 1.5692062e-06
0.0724637 0.0044284808 0.00015620426 0.00027650592 7.60271e-05 0.0033634726 0.3406911 0.0001320695 3.041645e-05 2.633306e-05 0.0033118606 0.20938894 0.017000688 0.011530689 0.09170499 0.22798976 4.237239e-05 0.36085227 5.401217e-06 1.344293e-05 0.8092476 3.0094472e-05 0.00082082645 0.97683114 2.4094777e-07 8.2444894e-05 5.423508e-05 2.557274e-06 2.9480565e-15 0.70800656 0.6495859 1.8515813e-06 5.029116e-07 6.9603594e-08 0.9610864 0.1504117 0.95454305 2.6814546e-06 0.060712453 6.1866235e-06 2.2868766e-05 9.0216145e-07 1.1674052e-05 0.00013484192 9.67752e-06 3.81877e-06 5.1970776e-05 4.855385e-06 5.8720916e-06 3.2837236e-06 6.4056926e-06 1.9811482e-06 4.772591e-07 0.00023577952 3.043413e-08 1.811975e-08 3.4366783e-06 2.7338032e-05 0.48297808 1.2759759e-06 1.0284356e-06 5.3105125e-09 2.5635849e-05 0.00019320297 1.1379434e-08 0.00020301538 0.00031866517 1.3531621e-08 8.066454e-06 5.8791613e-07 0.013238179 0.5612871 4.6810196e-06 0.5194267 0.00095188525 1.8800527e-06 2.5579773e-05 0.00048456225 9.9829185e-06 1.8254191e-09 3.8609724e-07 0.045866095 4.673588e-08 2.7378022e-09 3.1579094e-07 3.5697124e-07 6.284884e-09 2.6740552e-05 1.5929443e-07 1.7702124e-07 6.255702e-09 1.2846922e-05 2.6752848e-05 4.6370758e-08 0.0009946898 3.1334466e-08 3.855001e-05 0.0011226817 1.6966978e-05 1.7936989e-06 2.1288972e-05
0.66860133 0.20399703 0.0060687982 0.01373563 0.0075789695 0.0058285687 0.2872796 0.009436444 0.04222264 0.0007161393 0.21062712 0.04155875 0.0012760685 0.4634554 0.010262166 0.92627764 0.0019540454 0.17767447 0.0006974935 0.00010267756 0.23452464 7.920637e-05 0.00050074386 0.9421537 9.645553e-07 7.0287686e-05 0.00088196126 2.2608801e-05 0.70800656 5.4956465e-12 0.060793698 1.8158837e-05 3.3013894e-06 7.632378e-07 0.31104964 0.022134969 0.97253704 2.5892498e-06 0.94403905 0.00015884064 2.9624198e-05 3.722178e-06 0.00042506153 0.16372757 0.00052929163 9.806057e-07 0.002150023 7.1001114e-06 1.800447e-05 0.00019753093 8.790893e-06 7.374145e-06 3.0242757e-07 0.14845325 6.2173314e-08 2.8752146e-08 0.00027990167 3.5007582e-05 0.6795809 4.06908e-05 1.7335853e-06 2.1741416e-08 0.0009801369 0.0001109811 1.1773285e-08 0.004357749 0.0027356355 4.9358032e-08 3.574083e-05 0.00014917101 0.07569286 0.048690755 2.3799446e-05 0.5020699 0.00034720628 8.265935e-05 0.00016321926 0.0012920883 0.00015557924 6.610052e-08 4.1731882e-06 0.0052898047 2.0142684e-08 3.0490417e-09 2.1598605e-07 3.2733163e-07 1.9325851e-07 5.98353e-06 1.5139553e-07 9.5241944e-08 4.4521062e-08 9.747703e-06 9.728072e-06 4.2592966e-08 0.0023237516 6.525384e-08 3.4342868e-06 0.00040110486 2.1851067e-06 1.4270566e-07 5.1122315e-05
0.27496964 0.0010307436 0.00014584434 8.0795544e-05 9.827173e-06 0.0047858595 0.23931326 6.778693e-05 3.593607e-06 0.00025152537 0.0003002978 0.57760286 0.11861496 0.0047477325 0.57240283 0.08795723 0.0007823505 0.4926887 0.00018148943 0.0005430713 0.8455018 0.00038766384 0.09066025 0.49020746 5.5506615e-07 0.004836154 1.567952e-05 1.9843277e-05 0.6495859 0.060793698 1.3981792e-15 2.227727e-05 9.213305e-06 2.2386588e-07 0.9394138 0.990262 0.19646247 1.855871e-05 7.57403e-05 4.0090254e-05 0.00026319816 1.069844e-05 4.209777e-05 4.0007563e-07 2.6995838e-05 1.75579e-05 0.00012365698 9.807086e-05 9.890142e-07 7.953917e-06 6.827563e-06 3.6166857e-05 4.9607156e-06 1.3433107e-06 2.8686426e-07 8.606395e-08 2.9620794e-06 0.00012966816 0.010906334 5.2764986e-05 1.0275783e-05 5.2215164e-08 0.00019957537 0.07561049 1.8131392e-07 0.00064920244 3.3499344e-07 1.6057678e-08 0.0033187405 1.6538484e-06 8.828848e-05 0.14518882 1.234045e-06 0.021632168 0.05186729 3.020569e-05 2.279534e-05 0.0009971843 0.0017260094 7.964581e-08 3.8469816e-06 0.34343833 1.7545196e-07 4.8334425e-07 5.6655356e-08 4.5795773e-07 1.1708068e-07 0.0016143861 1.1505691e-06 5.508587e-06 1.7789347e-09 5.718879e-05 0.0017571296 4.898394e-07 0.003405073 3.5139536e-07 5.982187e-05 0.0029177882 0.0006043529 1.3368624e-05 0.00016729622
