2.6144073e-21 0.01594063 0.010662562 0.00013878077 0.047093537 0.0031354453 9.513588e-05 0.00032669655 0.3775927 0.29115558 0.90510327 0.08914717 0.9732536 0.9204327 0.005324411 0.39181185 0.038187463 0.055836294 0.017470723 0.018595187 0.0426564 0.8821027 0.97397286 0.88617986 0.43478122 0.5020001 0.554074 0.9745118 0.8668373 0.91922736 0.21065973 0.100151576 0.00023058582 0.91390246 0.92794645 0.9175823 1.0253933e-05 0.81142515 0.9201076 0.019269425 0.9068086 0.0024715655 0.23823187 0.991666 0.79368573 0.95758075 0.1074443 0.9707438 0.36991438 0.7285827 0.8813526 0.94959146 0.87838095 0.5637089 0.89427924 0.37682417 0.8211707 0.025724685 0.039812267 0.8178015 0.5686652 0.98649323 0.034375157 0.26756123 0.0022928405 0.8406973 0.00082409685 0.9018677 0.946409 0.1582053 0.2633605 0.0011784295 0.9610785 0.739645 0.89213806 4.188618e-08 0.9522491 0.00269313 0.0045780824 0.9187075 0.13754284 0.8744046 0.068519354 0.9722056 0.30997866 0.1331671 0.9951298 0.9964034 0.99911803 0.9997792 0.9864327 0.9906316 0.14829154 0.014949864 0.9940266 0.07015341 0.99998164 0.23356625 0.99850243 0.9996835 0.98281384
0.01594063 1.0836569e-15 0.9991452 0.83883405 0.64040065 0.23805118 0.0025042067 0.0013234133 0.7014396 0.04303957 0.058317065 0.546021 0.1337955 0.0011326493 2.0713553e-05 0.0010969425 0.0003535091 0.019977009 9.169183e-05 8.193018e-05 1.3902855e-05 0.0048985914 0.008058043 0.0038125133 0.020347591 0.028607463 9.980501e-06 0.04052749 0.03189975 7.633398e-05 7.298312e-06 0.00013729754 0.009950271 0.0072580893 0.006736148 0.00048542046 0.0006939799 0.013328832 0.00014937771 0.0009715806 7.6922326e-05 9.8974735e-05 4.208866e-05 0.00070676237 0.0001194567 4.502955e-06 2.8892607e-06 5.5388908e-05 2.117559e-06 1.7423764e-06 1.0651122e-05 0.005569082 0.01388753 4.8691614e-08 3.711399e-06 1.7793725e-07 0.0008939662 3.3823362e-06 2.6803488e-07 1.4895024e-06 2.6788513e-07 7.422143e-06 8.514118e-07 5.017537e-07 4.7615235e-06 9.613392e-07 2.7261681e-08 1.8094943e-05 0.0028532534 7.748435e-08 2.7275948e-07 1.3552536e-09 0.002506761 2.2535568e-07 2.4728539e-07 1.9369413e-07 0.00019126064 8.6137493e-07 1.2963162e-07 3.47762e-06 6.3255686e-07 5.8103063e-07 2.2273574e-07 3.076821e-05 1.5721835e-05 4.2166715e-07 5.4044785e-06 6.305182e-05 7.7453944e-05 0.0022338533 3.8060195e-06 4.7828134e-06 3.5220949e-06 8.105095e-08 2.4467075e-05 8.157496e-09 4.0109495e-05 4.126032e-08 3.1608928e-05 0.0006904235 4.7997744e-08
0.010662562 0.9991452 1.1800911e-16 0.4670255 0.70845723 0.20853028 0.00060088123 0.00017238405 0.84792924 0.040296253 0.069000766 0.65316325 0.18415236 0.0012970291 6.7263736e-06 0.0014003086 0.00074657385 0.009863867 6.784087e-05 6.131987e-05 2.5847065e-05 0.00821516 0.0074737887 0.006153654 0.020636458 0.025298273 5.034627e-06 0.027563725 0.034673117 0.0002669786 2.3553341e-06 4.818094e-05 0.0058577545 0.0039725103 0.002948097 0.0005747258 0.00016233968 0.011162685 0.00014343721 0.00016589809 0.00015345906 5.0510294e-05 1.7839637e-05 0.00039275453 0.0008411725 1.3243974e-05 1.0129934e-06 6.291481e-05 1.885789e-05 2.589488e-05 4.4587123e-05 0.0032432133 0.008170382 4.795876e-08 1.560453e-05 1.1033061e-06 0.0010167429 4.4084481e-07 1.4374524e-07 9.441448e-06 7.9315816e-07 1.994885e-05 1.0040507e-06 7.922412e-07 4.7857516e-06 7.5787084e-06 8.1061614e-08 0.00014323382 0.0029606957 5.2774993e-07 1.648636e-06 5.4933595e-09 0.0035219037 1.3026694e-06 7.016077e-07 4.7564217e-08 0.00021802213 1.8118841e-07 2.9255983e-07 7.949859e-06 2.830355e-06 1.7288336e-06 1.8131148e-07 6.55594e-05 1.2467061e-05 1.1249274e-06 1.7255738e-06 5.295675e-05 4.602454e-05 0.0010930167 2.3894827e-05 2.2194156e-06 2.0707243e-06 3.1010426e-08 0.00014335733 2.8544177e-08 1.1910162e-05 5.8688393e-08 4.9862356e-05 0.0002750017 9.044852e-08
0.00013878077 0.83883405 0.4670255 3.932584e-12 0.7663048 0.96912104 0.9728838 0.89088666 0.1510055 0.38045582 0.03354204 0.007632615 0.008615759 0.017276892 0.018408164 6.486911e-05 4.8708458e-05 0.0021319245 0.0047205556 5.0520746e-05 0.001284729 3.2288288e-05 9.290185e-05 0.003319538 8.483142e-05 0.00014951083 8.0784295e-05 0.00032156226 0.0015791709 0.0015384032 1.2319397e-05 0.0002767597 0.0046076896 5.6917448e-05 6.283356e-05 0.0006513935 0.0008940118 0.00027397528 7.503301e-05 0.0014415421 0.00026818155 0.0008586693 5.273319e-05 0.0001182975 5.8322553e-06 1.8514136e-06 1.6415119e-06 1.9204547e-06 2.8372926e-06 7.7320806e-07 6.528593e-05 2.2997801e-05 2.9150793e-05 1.3692604e-06 9.714465e-07 3.997681e-06 2.1125114e-05 8.716025e-05 1.8799728e-05 1.466691e-06 9.601441e-06 9.518139e-06 8.7041553e-07 8.574021e-06 6.481497e-06 3.535883e-06 1.0566461e-05 1.9048091e-05 0.00011561249 4.445448e-07 1.9504723e-06 1.4436393e-06 0.00016680665 3.6821564e-07 1.4146661e-07 0.00020691766 1.1617244e-05 8.264769e-05 1.1969041e-07 9.803266e-06 1.4056063e-05 8.409334e-07 3.180911e-05 1.4190821e-05 5.7141417e-05 2.1257697e-06 1.09689845e-05 8.413494e-06 1.6638332e-05 0.00029696402 5.6954614e-06 3.6882734e-06 8.800896e-07 1.0256064e-07 1.7963359e-05 1.18103664e-07 5.8656202e-05 6.945589e-07 2.7454325e-05 0.0010077455 4.337362e-07
0.047093537 0.64040065 0.70845723 0.7663048 8.371903e-16 0.9621583 0.48100865 0.3797394 0.9427926 0.7037386 0.8591104 0.059498012 0.42122412 0.13888606 0.035116524 0.00036260692 0.0003937208 0.0077434233 0.0036581354 0.0001414683 0.0008668345 0.00068548875 0.0019443928 0.059092782 0.012253751 0.020068962 0.00011554844 0.010263248 0.079005025 0.0055020694 8.039958e-06 0.0002646795 0.0065707862 0.0019379302 0.001702219 0.012040602 1.4091751e-05 0.026469087 2.8506329e-05 0.00088771334 0.00089809735 2.2914282e-05 4.3137334e-05 0.00019181812 9.215111e-05 7.563585e-07 8.8126126e-07 1.0114465e-05 8.438871e-06 2.446025e-06 0.000101237056 0.004794329 0.01889549 2.410573e-06 9.4171185e-07 1.2394593e-05 0.0034084858 8.453531e-06 1.8625759e-06 1.4245675e-06 1.0335474e-06 1.673343e-05 1.8405368e-05 7.269421e-08 3.5409416e-06 6.9966773e-06 7.853734e-08 4.833913e-05 0.010355311 3.862368e-07 4.6193088e-07 2.3584873e-08 0.012260243 1.5936949e-07 2.7236877e-07 4.9041955e-07 0.00078738487 2.0801913e-06 1.3419668e-07 9.293237e-06 7.092433e-07 3.460699e-07 5.238423e-07 9.680004e-06 2.6235526e-05 2.9100086e-06 5.6756703e-06 0.00035914523 0.00011505483 0.0011566962 1.9231882e-05 7.835499e-07 2.1086557e-06 4.757531e-07 7.333207e-05 1.8378478e-07 7.80809e-06 5.5236796e-06 6.542798e-05 0.00028235186 1.0044887e-07
0.0031354453 0.23805118 0.20853028 0.96912104 0.9621583 1.6363028e-15 0.8178804 0.8812039 0.5132181 0.86818373 0.35952336 0.0044636205 0.07439486 0.30535612 0.1945945 4.2048637e-06 3.4109442e-05 0.0010186044 0.057497695 0.00015176293 0.01723797 5.21555e-06 4.132997e-05 0.056127947 0.0010430887 0.0015834826 0.0004922738 0.00030449376 0.015553771 0.0065246657 5.294155e-07 6.45468e-05 1.3209475e-05 3.8703107e-05 3.5620644e-05 0.009524619 1.6337569e-07 0.0024256955 3.956819e-06 8.1341524e-05 0.0008676255 2.599975e-05 1.8006822e-05 1.01966225e-05 4.0707628e-06 2.978191e-06 4.928647e-07 1.0471587e-06 5.5122764e-06 8.212645e-07 0.00018002471 0.000111222995 0.0011797636 5.2062245e-07 4.38936e-07 4.0772434e-06 0.00074919534 3.4820737e-06 1.1345076e-06 1.7698207e-07 2.0722136e-06 1.7430447e-06 4.267095e-06 6.1115614e-08 1.5835012e-06 5.869329e-07 4.6766555e-08 8.3219515e-05 0.00065624446 1.5893418e-07 2.5460034e-07 8.8436074e-08 0.00077568536 3.1216526e-08 6.8842304e-08 3.8706648e-07 4.057741e-05 9.187438e-06 6.195255e-08 7.457807e-07 5.2395094e-06 4.6811355e-08 1.1672661e-05 6.651364e-06 2.3094088e-05 1.6507254e-06 1.1914973e-06 8.091946e-05 4.0137118e-05 0.00013563303 2.2213097e-05 2.3354707e-07 5.4508706e-07 1.808235e-07 1.9833344e-05 1.04498326e-07 7.397138e-07 3.8634067e-07 4.540495e-05 0.00022577053 2.0769006e-08
9.513588e-05 0.0025042067 0.00060088123 0.9728838 0.48100865 0.8178804 3.7593334e-15 0.99023944 0.113604315 0.7331688 0.10065091 0.00018456789 0.015720591 0.21086241 0.032750178 2.6435634e-06 6.071657e-06 6.6534994e-05 0.005897176 7.1746786e-06 0.01910926 6.4012556e-07 1.1409062e-05 0.01614399 7.085295e-05 0.0001391841 0.0004026122 6.533114e-05 0.003325755 0.019549103 4.590553e-07 8.710761e-06 6.503447e-06 1.5513113e-05 1.4306281e-05 0.0035062898 4.2171462e-07 0.0011832505 9.809893e-07 1.4716754e-05 0.0010711866 8.143102e-05 7.0542496e-06 1.49927255e-05 4.3733967e-06 1.651004e-06 4.803921e-07 3.825809e-06 1.2614411e-06 6.1213177e-07 0.00036001057 5.203227e-05 0.00012771375 1.2348038e-07 1.4483638e-06 1.8321114e-07 0.0004151459 7.3922893e-06 1.1805778e-06 1.2739915e-06 4.746184e-07 1.4388603e-06 1.47468e-06 3.2481873e-07 6.0963457e-06 2.151004e-06 5.7445122e-06 0.00021181995 0.00019818946 1.2829902e-07 4.5817046e-07 1.0513868e-07 0.00035230434 3.773778e-07 3.657889e-08 3.825532e-06 4.3316657e-05 6.120708e-06 1.1620602e-07 2.0768366e-05 2.1542035e-05 1.1365931e-06 7.061122e-06 1.19805645e-05 7.986037e-06 4.3404197e-07 2.6818254e-06 6.273549e-05 2.1573944e-05 7.4045e-05 4.578154e-05 2.1021121e-06 4.860787e-06 2.7031103e-07 7.1797303e-06 2.0572585e-08 5.769323e-06 1.8580579e-07 2.4514045e-05 0.00037744493 9.560464e-09
0.00032669655 0.0013234133 0.00017238405 0.89088666 0.3797394 0.8812039 0.99023944 4.9225858e-15 0.04032996 0.89894867 0.12811576 2.0816015e-05 0.010333342 0.40690503 0.7554516 4.1975457e-07 1.3941604e-06 3.1021034e-05 0.22950467 1.2047585e-06 0.10614107 6.600669e-07 5.2148885e-06 0.036918342 8.222452e-06 1.494097e-05 0.0027865106 3.3634213e-05 0.00401461 0.09018444 1.75507e-07 6.654628e-07 6.5837764e-07 4.017034e-06 6.0508128e-06 0.013022833 4.134698e-08 0.0010353627 8.283284e-06 9.282759e-06 0.004961953 4.8667057e-06 1.3123081e-06 8.035819e-06 2.1991657e-06 4.884125e-07 6.158215e-08 1.9194174e-07 3.017071e-07 1.843057e-07 0.0028021308 5.8605703e-05 0.00026027948 1.8812901e-08 1.0474517e-07 3.959763e-08 0.0007153611 2.5164854e-07 4.5437304e-07 3.4593063e-07 1.0631514e-07 5.19906e-07 0.00015026472 3.1126216e-08 0.000820659 4.8875125e-07 0.00015986523 0.00077396055 0.0003928171 1.30002835e-08 4.585632e-08 9.606671e-06 0.001086985 3.0443598e-08 2.2178938e-08 1.1472448e-06 7.3813186e-05 9.0882804e-07 2.98857e-06 1.3028384e-06 6.6257926e-06 4.7690303e-08 1.029253e-06 1.2953597e-05 0.00012415303 6.6282264e-06 4.2565372e-07 0.00014237622 1.8386621e-06 0.00015196466 0.00020859903 4.4027925e-07 1.5126022e-06 3.0388655e-08 4.36611e-05 9.628559e-07 2.3566157e-07 3.355304e-08 6.558184e-05 0.00049571187 9.138263e-09
0.3775927 0.7014396 0.84792924 0.1510055 0.9427926 0.5132181 0.113604315 0.04032996 1.9817977e-14 0.22161563 0.78317976 0.5647337 0.98485327 0.08804564 0.0027857828 0.04287026 0.015933083 0.05697511 0.00026070877 0.005527751 0.00034548872 0.020744015 0.054508872 0.0742838 0.24447608 0.27545068 5.107709e-05 0.21395905 0.3867578 0.0006403433 0.00028648032 0.0023099838 0.011459094 0.038726307 0.04469393 0.0046444703 0.00065659074 0.15285364 0.0012069241 0.0014666693 0.0010488707 0.00032739958 0.00043648866 0.009964671 0.0012606607 1.3518306e-05 7.499184e-06 0.00041489577 0.00010677672 0.00010592538 1.651537e-05 0.20024768 0.2581295 6.205579e-06 3.2608972e-05 1.5329646e-05 0.009703814 1.4146547e-06 1.0025627e-06 1.2926386e-05 6.0915745e-06 0.00019435187 1.0823569e-05 2.1645178e-06 7.4180875e-06 3.867923e-05 1.9785301e-07 0.00018393759 0.10811575 2.7873489e-06 4.148637e-06 5.2511997e-08 0.066483386 2.4440035e-06 6.3356965e-06 1.0975399e-07 0.0053774035 6.3008392e-06 4.6819503e-07 0.00011363451 2.9870544e-06 1.4400003e-05 3.5154787e-07 6.6677654e-05 8.007074e-05 8.150525e-06 2.1313086e-05 0.0015994055 0.0013234385 0.018364714 4.868667e-05 2.758947e-05 2.1595082e-05 8.6943237e-07 0.00023847466 2.7790452e-07 0.00011114485 3.576876e-05 0.0006862364 0.0010612552 4.722879e-06
0.29115558 0.04303957 0.040296253 0.38045582 0.7037386 0.86818373 0.7331688 0.89894867 0.22161563 3.9633985e-15 0.9836574 0.00013503044 0.1766575 0.94570655 0.74238354 2.3108389e-05 1.8558763e-05 0.00027500035 0.2487328 6.58259e-05 0.11959576 6.770065e-06 0.00013044883 0.3118777 0.0010974611 0.002127587 0.0064391037 0.0008348136 0.05545186 0.12475669 6.3609275e-07 4.7738363e-06 1.2464911e-05 0.00018688534 0.00017256019 0.13893718 5.2782093e-07 0.016793875 3.7309453e-06 1.3691358e-05 0.015414617 1.2122989e-05 4.5950887e-06 7.213665e-05 2.0947928e-05 3.9126473e-07 3.843767e-07 2.325473e-06 7.3773595e-06 7.5469114e-07 0.0025270048 0.004548563 0.03483595 1.7717088e-07 3.0730115e-07 6.61003e-07 0.0031046518 1.1661717e-06 6.141017e-07 3.8818584e-07 2.241432e-07 8.7162125e-06 0.00017766638 4.0928377e-08 0.00015011748 9.213273e-07 1.3661359e-05 0.00066563644 0.025204163 6.328661e-08 4.5026194e-08 2.4477683e-06 0.04243349 2.0212498e-08 5.1874974e-08 4.130873e-07 0.0007968996 5.720376e-06 1.3877003e-06 5.0486524e-06 7.918779e-07 1.737681e-07 5.2979783e-07 1.0608666e-05 0.00016743843 1.142498e-05 6.1184023e-06 0.0012401394 0.00020800266 0.0009803828 0.000319841 8.46847e-07 1.8082808e-06 6.501035e-08 0.00024185613 1.5496898e-06 3.8915455e-06 1.857478e-06 0.00094590225 0.0002790972 2.8768534e-07
0.90510327 0.058317065 0.069000766 0.03354204 0.8591104 0.35952336 0.10065091 0.12811576 0.78317976 0.9836574 1.1406264e-13 0.0011147723 0.9226245 0.78454256 0.055521894 6.7501285e-05 5.416034e-05 0.0003047779 0.002363499 1.3730075e-05 0.0038165117 0.00032135446 0.001572809 0.7837827 0.014778301 0.024613425 0.00043636042 0.01595556 0.565583 0.05285382 1.3157556e-06 1.7024315e-06 0.00016693812 0.0025776457 0.0030948257 0.2896929 1.3050095e-06 0.28070208 8.315894e-06 3.481403e-06 0.028080765 1.7865336e-06 2.5052016e-06 0.00071858714 7.037837e-05 1.361647e-07 1.3091511e-07 2.9920937e-05 5.7739e-07 8.470708e-07 0.0025864623 0.13615358 0.4264304 9.884059e-09 3.1090485e-07 8.761574e-08 0.06314093 2.9129282e-07 2.5950848e-07 5.388671e-07 2.6998965e-08 6.6727935e-06 0.00022318195 4.1132164e-08 0.00010732301 5.4685944e-07 7.3350984e-06 0.0026734676 0.37713048 1.2343403e-08 1.7926554e-08 1.3109539e-07 0.588088 1.3058685e-08 5.329958e-08 2.8833862e-08 0.021520171 5.2736857e-07 2.104687e-05 2.7660456e-06 3.0466845e-07 1.1702499e-07 4.6769678e-08 8.702147e-05 0.0006396017 2.3487887e-06 1.0999242e-06 0.008024332 0.00062319566 0.024410462 0.0019785108 9.9008e-08 4.592186e-07 3.960405e-08 0.0004973532 9.526975e-08 2.1738526e-05 6.462262e-07 0.0022241725 0.0027321079 2.7760174e-07
0.08914717 0.546021 0.65316325 0.007632615 0.059498012 0.0044636205 0.00018456789 2.0816015e-05 0.5647337 0.00013503044 0.0011147723 2.346981e-16 0.04285625 7.7082856e-05 3.6796553e-06 0.9174837 0.93937397 0.9381354 6.157704e-06 0.6700766 2.875681e-06 0.69500726 0.59062827 0.0012079775 0.23563716 0.2640563 3.586713e-07 0.68699044 0.026772974 6.463434e-05 0.032822315 0.14604487 0.17055492 0.28319916 0.251437 0.0005152912 0.01497201 0.034206755 0.17258999 0.12965368 8.524701e-06 0.0055358964 0.0029737267 0.01224099 0.004779465 3.764743e-06 1.4926557e-05 0.00019148493 1.5421232e-05 3.300428e-05 1.2390462e-06 0.034225583 0.020145245 2.187399e-05 1.0115911e-05 3.805036e-06 0.00032775977 5.4110624e-05 5.844081e-06 1.489596e-06 7.5426806e-07 3.0791485e-05 2.5737641e-08 1.7797629e-07 5.480017e-07 6.238587e-07 9.499322e-08 2.5321829e-06 0.007277132 1.004425e-08 1.056241e-07 3.7640607e-08 0.0012322341 6.885662e-08 7.940978e-08 2.0689397e-06 0.00013076907 2.1561675e-06 2.5967586e-07 2.6106975e-06 3.5563008e-07 5.396655e-08 1.2360438e-06 3.056061e-05 9.163882e-06 1.3976683e-06 5.490134e-07 3.8997377e-06 0.0005941518 0.004199582 2.1053343e-06 1.1491512e-06 1.1603122e-06 6.875228e-08 0.00022324306 8.0226056e-07 1.5077367e-05 1.7221478e-06 2.7708944e-05 0.0002865612 2.0739316e-08
0.9732536 0.1337955 0.18415236 0.008615759 0.42122412 0.07439486 0.015720591 0.010333342 0.98485327 0.1766575 0.9226245 0.04285625 2.2956297e-11 0.15845738 0.0032053948 0.0027282755 0.0018714592 0.008339156 0.0005730721 0.0006180759 0.0009468405 0.003586199 0.012646893 0.43597114 0.25252748 0.3107449 2.894331e-05 0.10924385 0.8809522 0.00502277 0.00011204072 0.00043370793 0.0019012674 0.027607488 0.029086461 0.044721358 0.00011668293 0.64384747 0.00036294374 0.0008025866 0.0026055553 3.4486966e-05 2.9870158e-05 0.014192893 0.000590544 1.589464e-06 2.4564395e-06 0.00029249332 1.2197987e-05 1.6816599e-05 0.0004545276 0.5130437 0.73271435 5.2819274e-08 1.6389325e-06 8.737105e-07 0.09168769 2.427872e-06 7.783321e-07 5.1507377e-06 9.259818e-07 0.00025260472 0.00013029217 9.025943e-07 0.00021496383 2.1268375e-05 1.583851e-05 0.0026229573 0.5776396 3.8440973e-07 2.151121e-06 2.9058862e-07 0.6707961 1.1450745e-07 1.0128408e-06 2.9736088e-07 0.058782708 5.370842e-07 4.0541287e-05 4.0830353e-05 1.6070348e-06 3.5506025e-06 2.1876056e-07 0.0010787656 0.0009937448 1.4723029e-05 2.202838e-05 0.007484467 0.0050344164 0.12749228 0.0017917831 5.31386e-06 5.4910006e-06 3.2424117e-07 0.00095144054 1.447131e-06 0.00013481273 4.9127593e-06 0.0037946596 0.0074144714 1.3313897e-06
0.9204327 0.0011326493 0.0012970291 0.017276892 0.13888606 0.30535612 0.21086241 0.40690503 0.08804564 0.94570655 0.78454256 7.7082856e-05 0.15845738 5.4780095e-13 0.88816667 3.9346836e-05 7.2208306e-05 4.851615e-05 0.2879051 5.266444e-05 0.7496053 1.0315834e-05 6.563991e-05 0.92777264 0.0010426446 0.0020657992 0.13610128 0.0007257227 0.1520113 0.88512707 7.2447483e-06 1.387746e-05 4.198717e-06 0.00018785274 0.00014199018 0.81194425 2.0613366e-07 0.05309405 1.7586524e-05 1.0069585e-05 0.43799374 1.2913029e-05 3.3276745e-05 0.00011083989 3.5802474e-05 4.3040805e-07 2.0296914e-06 1.1382164e-05 3.1307286e-06 1.0901724e-06 0.019792382 0.036162093 0.27717957 3.6825952e-07 5.478852e-07 8.778633e-07 0.04841967 8.123388e-06 5.732653e-06 3.0723874e-07 3.9301568e-07 9.096367e-06 0.001050527 7.281206e-07 0.0004491671 7.147358e-07 0.00013541551 0.02067187 0.28806072 1.3238241e-07 3.40753e-07 5.696409e-07 0.56042075 1.05835646e-07 1.18783895e-07 8.3817e-08 0.017020907 1.6732645e-05 1.0999017e-05 5.150507e-06 2.3429052e-06 3.16806e-07 7.233485e-07 7.6350065e-05 0.0010592673 1.2227e-05 2.805275e-06 0.019578857 0.0005013168 0.011636439 0.011681187 1.1695325e-07 2.9803216e-06 1.8804478e-07 0.0012665244 2.2195786e-06 9.424207e-07 2.1642802e-06 0.018647566 0.003027817 4.06818e-07
0.005324411 2.0713553e-05 6.7263736e-06 0.018408164 0.035116524 0.1945945 0.032750178 0.7554516 0.0027857828 0.74238354 0.055521894 3.6796553e-06 0.0032053948 0.88816667 2.400183e-16 3.153714e-07 2.1974718e-06 8.434731e-07 0.99858916 7.270281e-08 0.8591053 2.6369662e-08 1.9264933e-06 0.14125244 1.4338584e-05 1.8497873e-05 0.03361652 2.236973e-05 0.0010808763 0.466227 2.0889383e-08 1.9739034e-07 3.7672478e-07 4.937894e-06 6.1468554e-06 0.06110857 1.0968467e-08 0.0006089617 5.2261896e-08 2.048012e-07 0.02009295 6.6563166e-07 1.7992213e-07 2.990888e-06 2.1210515e-06 5.6668107e-08 1.7616671e-07 7.665506e-06 7.0628823e-07 2.8777015e-07 0.013755115 6.806795e-05 0.00058719807 9.056518e-09 4.0711097e-07 2.1261203e-08 0.0007532183 5.477989e-09 1.9563917e-07 4.5366775e-07 9.360664e-09 4.601405e-07 0.0006582867 7.022041e-09 0.0015367176 1.3234163e-07 0.0006111929 0.0013406379 0.0006468416 3.3293817e-09 5.1584674e-09 2.154366e-05 0.0016252899 4.68308e-09 1.0007439e-08 1.2790954e-07 0.000117745774 7.3439343e-09 8.757498e-06 3.5337662e-06 1.0967719e-07 7.717667e-08 2.2583437e-09 2.6807606e-05 0.00021820144 2.9775338e-05 2.662144e-07 0.00040476446 1.8822406e-05 6.253091e-05 0.0005883803 6.8365324e-07 5.7134923e-07 1.016431e-09 0.00054436596 3.5580376e-07 4.172135e-07 1.890227e-09 0.0012411497 0.00015385602 1.05758495e-08
0.39181185 0.0010969425 0.0014003086 6.486911e-05 0.00036260692 4.2048637e-06 2.6435634e-06 4.1975457e-07 0.04287026 2.3108389e-05 6.7501285e-05 0.9174837 0.0027282755 3.9346836e-05 3.153714e-07 8.0486275e-17 0.90770906 0.671349 1.27694e-06 0.52989864 3.8185663e-06 0.95940614 0.7839128 0.00017500103 0.14622039 0.15336859 9.901872e-07 0.78300875 0.014817477 1.0290661e-05 0.24134775 0.32871675 0.12232795 0.35976365 0.27044702 5.1605733e-05 0.005002929 0.013836515 0.7985572 0.26418528 8.457056e-06 0.023137907 0.0794098 0.40205127 0.18771341 0.0016035438 0.0027165478 0.019506218 0.0021560988 0.0054083723 1.3195114e-06 0.021206846 0.009791849 0.00010312338 0.0014392021 0.000288099 0.00094614906 0.0026507864 0.00011212356 0.00027759926 0.00039011624 0.0013947443 4.0035886e-07 4.2123476e-05 4.9110918e-06 0.00032454176 2.3008495e-08 3.9335053e-05 0.005771356 1.1538706e-05 5.274491e-05 1.4361439e-07 0.0022462544 2.436245e-06 1.5101772e-05 9.6685595e-05 0.0006461896 3.954563e-06 1.7450773e-06 0.0002271872 2.4492979e-06 3.993695e-06 2.5063532e-06 0.0013920713 2.0768204e-05 2.3344575e-05 4.5789006e-05 8.595861e-05 0.0025973942 0.006139723 1.7575341e-05 1.5064143e-05 1.5778221e-05 2.2763722e-06 0.00020853279 4.0725587e-05 0.00046170983 2.185266e-05 2.0572164e-05 0.00039712508 3.0981043e-06
0.038187463 0.0003535091 0.00074657385 4.8708458e-05 0.0003937208 3.4109442e-05 6.071657e-06 1.3941604e-06 0.015933083 1.8558763e-05 5.416034e-05 0.93937397 0.0018714592 7.2208306e-05 2.1974718e-06 0.90770906 2.6922218e-17 0.7588281 6.0130646e-06 0.9764238 1.2313806e-05 0.68484676 0.41536748 0.00010523695 0.031074807 0.031422883 2.108091e-06 0.39011794 0.0009948615 3.574956e-05 0.35195076 0.3491906 0.1504987 0.10555025 0.06866962 0.00010442437 0.020652654 0.0017261945 0.5049042 0.18621047 1.1904428e-05 0.03541 0.0948932 0.18560088 0.048061524 0.0025028936 0.007065602 0.0026104597 0.006919363 0.0043017133 1.14759005e-05 0.001797113 0.0008121375 0.0007142793 0.0010942454 0.00094699493 0.00029229256 0.005154694 0.0005267534 0.00034274044 0.0010874604 0.0006872319 1.0191105e-06 0.00057655387 4.1531653e-06 0.00036050292 4.0527233e-08 2.7457885e-05 0.00081973907 4.1751206e-05 7.2069335e-05 1.1379066e-08 0.00038376398 2.9586592e-05 6.713643e-05 0.0004566333 0.00010164424 3.2662254e-05 1.18156734e-07 0.00031890502 2.7725886e-05 4.080606e-05 5.583618e-06 0.00014099879 4.4437526e-05 2.576671e-05 6.244247e-05 4.630035e-05 0.0006986476 0.0010511408 9.715407e-06 2.3371285e-05 4.6951678e-05 2.5027584e-06 0.00017061277 3.3505894e-05 0.00023165748 2.0367095e-05 4.1511853e-06 0.00027444598 7.597741e-06
0.055836294 0.019977009 0.009863867 0.0021319245 0.0077434233 0.0010186044 6.6534994e-05 3.1021034e-05 0.05697511 0.00027500035 0.0003047779 0.9381354 0.008339156 4.851615e-05 8.434731e-07 0.671349 0.7588281 7.4071397e-13 8.571486e-06 0.8849799 7.128281e-06 0.6492201 0.6563779 0.0004241217 0.093459494 0.09973487 4.1825888e-07 0.711951 0.0027032243 7.4680494e-05 0.28399917 0.8317385 0.95914614 0.27244815 0.22777382 7.134256e-05 0.1781636 0.0055556875 0.14900613 0.5210385 1.5131656e-05 0.022133267 0.033252984 0.073602095 0.019080004 7.001834e-05 0.0001985082 0.00035974785 0.00010483437 4.81268e-05 0.00015869635 0.0077884537 0.00306837 6.1146085e-05 3.8097656e-05 3.473525e-05 3.405016e-05 0.0045453375 0.0011638143 7.97583e-06 1.6370119e-05 7.5205804e-05 9.3930225e-08 5.5412842e-05 4.3897074e-07 3.3225388e-06 1.4529166e-08 8.357292e-06 0.0059145205 8.311188e-07 6.151213e-06 3.600377e-07 0.0028623452 1.904901e-06 1.8177437e-06 0.00048459021 7.771121e-05 1.950769e-05 6.5027275e-06 5.02837e-06 2.0881487e-05 1.727339e-06 6.610967e-06 0.00014718965 0.00011181144 2.8474537e-05 5.11942e-06 7.5118032e-06 0.00088522746 0.005276567 3.7427897e-05 2.3958821e-06 8.438557e-06 4.3345912e-07 0.0005405399 2.1085221e-05 8.760517e-05 2.2534945e-05 0.0001739612 0.0008720207 8.7972046e-07
0.017470723 9.169183e-05 6.784087e-05 0.0047205556 0.0036581354 0.057497695 0.005897176 0.22950467 0.00026070877 0.2487328 0.002363499 6.157704e-06 0.0005730721 0.2879051 0.99858916 1.27694e-06 6.0130646e-06 8.571486e-06 6.145898e-14 4.365525e-06 0.8887487 5.2407938e-08 1.0379755e-06 0.018742705 1.87451e-06 2.3023795e-06 0.20897575 2.4334713e-05 0.0006615022 0.2995332 4.837265e-07 1.4958456e-06 8.749483e-08 4.1199773e-06 2.792777e-06 0.059646774 7.327029e-10 0.0003140486 1.7590447e-07 6.659155e-07 0.03158246 1.3488807e-06 1.4609797e-06 3.3273077e-06 1.7425302e-07 1.1192083e-07 3.5241996e-07 1.6190484e-07 1.8735741e-07 1.4947739e-07 0.10570711 5.6734654e-05 0.0003316711 2.7244475e-08 2.4915582e-08 1.4161314e-08 0.0002664259 6.5948996e-07 1.047751e-06 3.3261767e-07 2.4622397e-08 1.3139717e-07 0.01256479 2.1580404e-07 0.05494051 1.16698224e-07 0.006450844 0.003866769 0.00048640402 1.6802035e-08 3.9403552e-08 0.00022887124 0.0014484462 1.6248945e-08 2.7004372e-08 1.737802e-07 0.00013052786 7.349274e-07 0.0015898795 1.5066398e-07 1.9882393e-07 1.1039491e-08 1.930777e-08 8.140023e-06 0.0018664907 0.0016848941 1.3849629e-07 0.0006350448 2.54133e-06 0.00018390814 0.002573146 8.0373314e-07 1.1776188e-07 4.153603e-09 0.0030044678 3.2971024e-05 3.975193e-06 3.9844825e-09 0.004126239 0.0006416313 1.0670997e-09
0.018595187 8.193018e-05 6.131987e-05 5.0520746e-05 0.0001414683 0.00015176293 7.1746786e-06 1.2047585e-06 0.005527751 6.58259e-05 1.3730075e-05 0.6700766 0.0006180759 5.266444e-05 7.270281e-08 0.52989864 0.9764238 0.8849799 4.365525e-06 2.7384703e-17 6.783695e-06 0.5745362 0.3850196 2.9828683e-05 0.018522337 0.019468287 1.146101e-06 0.33058867 0.00057159434 6.516016e-05 0.9202683 0.85680383 0.12670858 0.09054585 0.0630017 0.00010572695 0.03394326 0.0010254408 0.68055475 0.39805642 1.23354785e-05 0.1210765 0.30352125 0.30225235 0.16672903 0.009723523 0.01589772 0.011224702 0.00820089 0.0060141813 6.6776796e-05 0.0007892411 0.00041562167 0.00042343285 0.0031830524 0.0015791914 4.4369262e-05 0.020554204 0.0013255739 0.0007518751 0.0015869878 0.0014711429 2.2276474e-06 0.0011751154 2.1841774e-06 0.00042259638 1.0201393e-08 3.591574e-05 0.00060044415 0.00031273864 0.00030959278 6.329732e-09 0.0003764887 8.496785e-05 0.0001281741 0.00051015825 2.4684525e-05 8.13091e-05 1.0042359e-07 0.0006466668 3.7092705e-05 0.00012124211 4.199105e-06 0.00021395349 4.3249544e-05 4.325051e-06 0.00019018314 3.5747238e-05 0.00079285924 0.00094359677 7.3336364e-06 7.10214e-05 7.320036e-05 2.81637e-06 8.356993e-05 8.690573e-06 0.00026488377 3.194238e-05 4.4045883e-06 0.00038649215 5.6952817e-06
0.0426564 1.3902855e-05 2.5847065e-05 0.001284729 0.0008668345 0.01723797 0.01910926 0.10614107 0.00034548872 0.11959576 0.0038165117 2.875681e-06 0.0009468405 0.7496053 0.8591053 3.8185663e-06 1.2313806e-05 7.128281e-06 0.8887487 6.783695e-06 1.045145e-14 3.7987687e-07 6.8836725e-06 0.13415109 6.039194e-05 6.59329e-05 0.9937979 4.537651e-05 0.0019437997 0.81377774 1.8977656e-06 4.475461e-06 1.4550695e-07 1.9937383e-05 1.6598695e-05 0.11093619 1.6314221e-08 0.0009373207 1.2236374e-06 4.8242277e-05 0.12179321 2.4020306e-05 5.743472e-06 1.697428e-05 6.7015975e-07 1.8687731e-06 2.8119484e-07 1.1358178e-05 2.987604e-06 3.4005015e-07 0.06239856 0.0002980373 0.0012657365 3.004042e-07 2.2692225e-07 2.6680206e-07 0.0009971792 2.1608896e-06 1.1178446e-06 2.6361903e-07 3.6587178e-07 2.5099268e-06 0.0025235454 1.7167814e-07 0.013414815 3.4971742e-07 0.00523316 0.010779421 0.0013335614 8.5009546e-08 1.4552442e-07 0.00015415181 0.002572118 1.3208466e-07 2.4370385e-07 3.5675836e-08 0.00016386731 1.3371769e-06 5.6512497e-05 1.9958525e-06 1.7100567e-06 1.1157086e-07 1.9946879e-06 2.1916609e-05 0.00097453105 0.00019534341 7.1296097e-07 0.0011384141 0.00011417351 0.00012308986 0.0020288485 5.58237e-07 2.3577727e-06 2.4693497e-07 0.0004963219 5.3860975e-05 3.5468e-07 4.87222e-07 0.0028781968 0.00030683482 2.5963411e-08
0.8821027 0.0048985914 0.00821516 3.2288288e-05 0.00068548875 5.21555e-06 6.4012556e-07 6.600669e-07 0.020744015 6.770065e-06 0.00032135446 0.69500726 0.003586199 1.0315834e-05 2.6369662e-08 0.95940614 0.68484676 0.6492201 5.2407938e-08 0.5745362 3.7987687e-07 9.522108e-15 0.9568308 1.9096475e-05 0.12991658 0.12154905 3.2503282e-09 0.7514392 0.0027416584 1.8627625e-06 0.47377527 0.55188364 0.095403105 0.5368177 0.55255085 6.709934e-06 0.008474797 0.005570997 0.25361827 0.42647344 1.5605958e-07 0.0149853155 0.047647294 0.5695472 0.06909037 0.0011427249 0.0060143876 0.011108896 0.001715479 0.0016581006 1.1305835e-06 0.09832817 0.016911434 0.00086961366 0.00024902925 0.00022581276 0.00024920932 0.0006765383 4.1593907e-05 0.0001205055 7.419019e-05 0.0008032264 4.0213936e-07 1.5605216e-05 9.913854e-07 7.7040524e-05 3.609107e-08 1.513165e-06 0.004716558 2.7304588e-06 7.335686e-06 9.482006e-10 0.00086309353 2.7088652e-07 1.0310114e-06 6.913043e-07 0.00021948562 9.953609e-08 7.035156e-08 0.00017737079 1.750294e-06 1.805737e-06 2.1314608e-07 0.0016045059 7.6588015e-07 1.23266295e-08 4.852899e-06 1.2692443e-05 0.0036640726 0.007090382 4.2518923e-07 2.7127364e-06 5.1620136e-06 1.0580139e-06 1.8721185e-07 2.1711817e-09 0.00015215347 4.7853687e-06 1.7680588e-06 9.084096e-05 7.988863e-08
0.97397286 0.008058043 0.0074737887 9.290185e-05 0.0019443928 4.132997e-05 1.1409062e-05 5.2148885e-06 0.054508872 0.00013044883 0.001572809 0.59062827 0.012646893 6.563991e-05 1.9264933e-06 0.7839128 0.41536748 0.6563779 1.0379755e-06 0.3850196 6.8836725e-06 0.9568308 6.7923064e-15 4.9741477e-05 0.26842022 0.20037666 3.0022015e-08 0.8635005 0.008660586 1.3152795e-05 0.38857108 0.57625085 0.053505983 0.5837328 0.61061263 1.6196505e-05 0.0024834846 0.010841375 0.184873 0.45016342 9.0932133e-07 0.008998039 0.046921268 0.68767047 0.035649672 0.00059992616 0.0066300156 0.007702352 0.001496213 0.0013163071 5.619163e-06 0.2993846 0.06943275 0.000767771 7.1560404e-05 0.0003324986 0.0021059136 0.0008156167 5.63784e-05 7.9694706e-05 7.985463e-05 0.00042891045 1.2888523e-05 5.03523e-05 4.1282874e-06 5.2293133e-05 9.858265e-07 2.4946816e-05 0.032912005 6.1005967e-06 2.0359308e-05 1.4605827e-08 0.006953673 5.0325843e-07 1.8140723e-06 1.3049082e-05 0.0011678474 6.730734e-07 1.5118019e-06 7.776029e-05 1.311293e-05 2.59284e-06 3.4763448e-07 0.0045111654 3.2008174e-06 2.5249799e-08 4.7996535e-05 0.00017123284 0.010541611 0.051692557 1.8785106e-05 3.2885719e-06 1.5401773e-05 2.4784413e-06 6.997561e-07 2.1419e-09 0.00031563154 5.8311425e-06 9.485445e-06 0.0009032403 2.0967352e-07
0.88617986 0.0038125133 0.006153654 0.003319538 0.059092782 0.056127947 0.01614399 0.036918342 0.0742838 0.3118777 0.7837827 0.0012079775 0.43597114 0.92777264 0.14125244 0.00017500103 0.00010523695 0.0004241217 0.018742705 2.9828683e-05 0.13415109 1.9096475e-05 4.9741477e-05 2.4468304e-17 0.0034515727 0.004949391 0.042885453 0.0007921692 0.8471386 0.37816668 8.939516e-07 2.8817414e-05 4.9230985e-05 0.0005299143 0.00039716507 0.9575266 3.7246116e-07 0.42929924 3.212297e-06 1.2485196e-05 0.3706148 1.0197333e-05 2.758134e-05 0.00023093396 8.45822e-05 1.8482038e-07 8.4231715e-07 5.1522828e-05 1.0030572e-06 1.5532469e-06 0.007135144 0.08935381 0.46609914 1.4779962e-07 1.3325753e-07 2.487713e-07 0.6732374 7.2810913e-06 6.779585e-07 2.7064948e-07 2.2855592e-07 2.8175543e-06 0.0010729365 3.264659e-07 0.00047149294 6.7292e-07 7.05192e-05 0.12606964 0.4932646 2.1008294e-08 8.619292e-08 6.100472e-07 0.7285265 1.8834623e-08 2.5363263e-07 6.7410764e-07 0.17046356 6.981616e-07 3.2618147e-05 3.1179193e-06 4.56662e-07 6.769529e-08 1.7141245e-07 0.0017112036 0.0002288405 1.9197075e-06 6.2200513e-07 0.06488845 0.011177252 0.038165152 0.013231357 1.2961839e-07 2.5331164e-07 2.1361643e-08 0.00033880462 3.608589e-07 3.9905917e-06 1.8948387e-07 0.015064971 0.029512824 8.66531e-09
0.43478122 0.020347591 0.020636458 8.483142e-05 0.012253751 0.0010430887 7.085295e-05 8.222452e-06 0.24447608 0.0010974611 0.014778301 0.23563716 0.25252748 0.0010426446 1.4338584e-05 0.14622039 0.031074807 0.093459494 1.87451e-06 0.018522337 6.039194e-05 0.12991658 0.26842022 0.0034515727 8.153396e-15 0.99477524 9.765619e-07 0.7603769 0.5819289 0.000112195004 0.008373516 0.017128004 0.0074341404 0.5884147 0.62524307 0.00024316189 0.00048902107 0.47128692 0.004205344 0.015716942 0.00010198466 0.0005495519 0.0018594419 0.13554227 0.0063465736 4.1942127e-05 0.00020139768 0.0012632066 0.00011286089 0.00019270263 8.056695e-05 0.50205207 0.1306354 5.0113442e-05 2.3179238e-05 4.9661656e-05 0.03853148 1.651545e-05 4.4839518e-07 4.5399924e-05 2.5227308e-05 7.572441e-05 3.071277e-05 2.4294182e-05 4.9442104e-05 1.4505942e-05 3.8760522e-06 0.00062686246 0.067771405 1.4966888e-06 1.3470966e-06 3.4820553e-09 0.025499487 7.432827e-07 1.1033345e-06 1.081862e-06 0.010958793 1.1820688e-07 6.165746e-07 1.7628268e-05 1.420589e-07 1.5003174e-06 2.3914465e-08 0.003424007 3.2167347e-05 6.0596625e-07 1.2616716e-05 0.00096324313 0.015335131 0.063063 0.00019259148 5.116799e-06 6.9156977e-06 2.2774218e-07 3.3421773e-05 1.4590714e-07 2.130711e-05 7.1993907e-07 5.9373207e-05 0.0043005813 7.5989426e-08
0.5020001 0.028607463 0.025298273 0.00014951083 0.020068962 0.0015834826 0.0001391841 1.494097e-05 0.27545068 0.002127587 0.024613425 0.2640563 0.3107449 0.0020657992 1.8497873e-05 0.15336859 0.031422883 0.09973487 2.3023795e-06 0.019468287 6.59329e-05 0.12154905 0.20037666 0.004949391 0.99477524 2.5306902e-14 8.570525e-07 0.64748037 0.6048003 0.00014752652 0.008645814 0.01847338 0.0076847286 0.5261149 0.5795349 0.0003761124 0.0004990955 0.508577 0.0026429864 0.016937992 0.00015499177 0.0005052412 0.0014370462 0.092680916 0.0037459463 1.29468535e-05 0.00013091107 0.0007680387 5.5121058e-05 8.159426e-05 8.4417894e-05 0.5276085 0.15868245 4.6709174e-05 9.0241665e-06 2.6721971e-05 0.04066781 1.9186726e-05 5.176361e-07 2.5971376e-05 8.361358e-06 4.1692e-05 3.2078475e-05 1.8722774e-05 3.802404e-05 6.094741e-06 5.5332753e-06 0.00076010777 0.07743857 9.4288004e-07 6.3739043e-07 5.263782e-09 0.028914077 3.4884204e-07 5.105318e-07 2.3678879e-06 0.013609287 2.4200526e-07 6.061743e-07 6.115404e-06 1.11151564e-07 5.767329e-07 2.8360047e-08 0.0034872335 3.702181e-05 8.498778e-07 7.1243735e-06 0.0010830343 0.015689686 0.07031443 0.00026013554 4.4014346e-06 4.436544e-06 1.7222273e-07 5.606683e-05 2.6659578e-07 1.1359663e-05 6.181642e-07 8.506085e-05 0.005045101 4.3804086e-08
0.554074 9.980501e-06 5.034627e-06 8.0784295e-05 0.00011554844 0.0004922738 0.0004026122 0.0027865106 5.107709e-05 0.0064391037 0.00043636042 3.586713e-07 2.894331e-05 0.13610128 0.03361652 9.901872e-07 2.108091e-06 4.1825888e-07 0.20897575 1.146101e-06 0.9937979 3.2503282e-09 3.0022015e-08 0.042885453 9.765619e-07 8.570525e-07 2.3894774e-15 4.2594735e-07 0.00022866159 0.9457497 3.9234138e-08 2.646777e-08 1.3188445e-08 1.093309e-07 8.3018755e-08 0.21395142 9.130383e-10 0.00048390377 2.463409e-08 2.7287263e-07 0.53318775 9.743683e-07 2.0566299e-07 4.051311e-07 7.7397345e-08 9.780168e-09 7.135443e-08 2.9396787e-08 8.089264e-08 4.5765887e-08 0.71705365 7.671639e-05 0.002262689 1.2570535e-09 1.0821359e-09 5.1382973e-09 0.0028469826 5.6989705e-08 8.288112e-08 1.15776535e-08 1.8479446e-09 2.7637224e-08 0.14499849 3.6074688e-08 0.117714 1.2598432e-08 0.020793973 0.0892637 0.0062153316 2.3438222e-09 3.6712724e-09 0.00022554479 0.025647234 1.6662212e-09 3.1560818e-09 3.8120476e-09 0.0008755932 1.2129523e-07 0.021673705 3.6259912e-08 1.9025488e-07 1.7261167e-10 2.1511948e-08 3.8880735e-06 0.07474002 0.0037667563 1.7711757e-08 0.018567866 6.222819e-06 0.0005652598 0.1766956 1.4397497e-08 2.7297204e-07 8.597958e-09 0.039876297 0.00013047956 3.434773e-09 7.9237154e-08 0.12639391 0.0014170164 1.2047446e-08
0.9745118 0.04052749 0.027563725 0.00032156226 0.010263248 0.00030449376 6.533114e-05 3.3634213e-05 0.21395905 0.0008348136 0.01595556 0.68699044 0.10924385 0.0007257227 2.236973e-05 0.78300875 0.39011794 0.711951 2.4334713e-05 0.33058867 4.537651e-05 0.7514392 0.8635005 0.0007921692 0.7603769 0.64748037 4.2594735e-07 4.9613693e-13 0.052328497 0.00011177081 0.3735914 0.54473287 0.054211594 0.87567323 0.84034187 0.0001687755 0.0016143197 0.03812637 0.22178309 0.48198652 1.8017403e-05 0.005952674 0.019293439 0.5994635 0.019229772 0.0005414144 0.0029914672 0.0038382953 0.0009083286 0.0010591861 0.0001884819 0.44084856 0.106989056 0.00083180243 7.331836e-05 0.0003640072 0.005625082 0.00038378485 4.4257777e-05 8.066281e-05 0.00013844804 0.00021049187 0.00019994246 0.00018187615 4.4342698e-05 6.5186825e-05 8.089967e-06 0.00018353896 0.061987575 8.6278205e-06 1.7122049e-05 2.2602097e-07 0.018225148 1.0524608e-06 4.422308e-06 3.9944585e-05 0.0032731344 1.1504352e-06 4.332631e-06 7.66388e-05 2.6180613e-05 4.2971715e-06 6.764014e-07 0.0042136214 2.9519037e-05 1.4836888e-07 6.448762e-05 0.0004978842 0.0097825155 0.07205445 0.00017297258 4.069497e-06 1.7305782e-05 2.4013216e-06 1.4727354e-05 1.5005298e-07 0.00024143004 8.124775e-06 4.3297292e-05 0.0024726512 1.1946189e-07
0.8668373 0.03189975 0.034673117 0.0015791709 0.079005025 0.015553771 0.003325755 0.00401461 0.3867578 0.05545186 0.565583 0.026772974 0.8809522 0.1520113 0.0010808763 0.014817477 0.0009948615 0.0027032243 0.0006615022 0.00057159434 0.0019437997 0.0027416584 0.008660586 0.8471386 0.5819289 0.6048003 0.00022866159 0.052328497 1.5051445e-13 0.0044203266 5.5290373e-05 0.00015292098 0.00095653627 0.045294955 0.08011605 0.25129128 5.9114496e-05 0.98363435 0.0001648993 0.000605756 0.017227665 0.00010308895 8.853021e-05 0.008545129 0.0005647263 7.391898e-07 9.821238e-07 0.00065917557 9.7494785e-06 2.0206477e-05 0.0017643558 0.51191014 0.56753474 4.5791476e-06 2.8477918e-06 1.7465723e-06 0.26435903 1.916203e-06 1.7613915e-07 1.3532532e-05 9.0229315e-07 1.7988612e-05 0.0003303859 6.9963e-07 0.0004272986 4.8174534e-06 0.00020820173 0.014238363 0.4696176 2.0216962e-07 1.7897507e-07 4.5686516e-08 0.38282713 1.3265779e-07 1.0024084e-07 8.826503e-08 0.080795884 2.70566e-08 1.0536744e-05 5.8777673e-06 1.5110055e-07 6.4675464e-07 1.0079927e-08 0.005164735 0.00015680082 4.0493505e-06 2.4418578e-06 0.009922241 0.021390531 0.15227972 0.0058442927 1.3952962e-06 2.5871566e-06 5.8774987e-08 0.00023731666 4.9607036e-07 8.44329e-06 1.53526e-07 0.0023376322 0.019151807 1.0900372e-08
0.91922736 7.633398e-05 0.0002669786 0.0015384032 0.0055020694 0.0065246657 0.019549103 0.09018444 0.0006403433 0.12475669 0.05285382 6.463434e-05 0.00502277 0.88512707 0.466227 1.0290661e-05 3.574956e-05 7.4680494e-05 0.2995332 6.516016e-05 0.81377774 1.8627625e-06 1.3152795e-05 0.37816668 0.000112195004 0.00014752652 0.9457497 0.00011177081 0.0044203266 2.8169524e-12 7.257988e-07 3.2429919e-06 4.8292936e-06 9.929751e-05 7.937727e-05 0.70231915 5.250175e-07 0.0022614703 7.066848e-06 2.4588218e-05 0.9528276 0.00011308467 7.6019296e-06 8.056118e-05 1.9089153e-05 9.984674e-07 2.2329818e-06 3.2576027e-05 9.4648885e-06 3.0618794e-06 0.101205856 0.014563664 0.08716316 1.0159417e-07 2.738578e-07 7.245139e-07 0.01012911 9.799578e-07 4.1427597e-07 3.1376493e-07 7.3655414e-08 4.7216404e-06 0.028783455 5.902427e-08 0.021668192 2.5856852e-07 0.007866103 0.0584756 0.12896611 7.558829e-08 4.62359e-08 0.00011158092 0.23301274 5.2883287e-08 1.4722987e-07 2.4328228e-06 0.010228316 8.384066e-06 0.00039473159 5.7942784e-06 1.4642688e-06 1.1448375e-07 8.5070656e-07 0.00018261465 0.008118688 0.00013497328 1.1728447e-06 0.026554627 0.00085470884 0.0136177195 0.05352906 2.0796774e-06 3.7994228e-06 7.738007e-08 0.011306407 6.639054e-05 3.1522693e-06 2.6483654e-06 0.07843532 0.004992864 1.4814316e-06
