3.0191924e-20 0.8500001 0.7992469 0.97694296 0.97616565 0.78213674 0.9325286 0.7326828 0.8180916 0.87663335 0.7750919 0.81659955 0.96219957 0.7430406 0.92172104 0.8830947 0.9528834 0.9201235 0.3787878 0.8607881 0.94100374 0.9474021 0.87427425 0.55946946 0.85937685 0.9365618 0.90433687 0.86333567 0.8894007 0.9008866 0.98939663 0.9499023 0.7739415 0.93467104 0.9098019 0.18150932 0.59966075 0.4096752 0.74226105 0.09495399 0.8179675 0.9873351 0.29879487 0.9526475 0.09806122 0.9344267 0.99563146 0.08274081 0.955449 0.93464136 0.9516332 0.8835465 0.8915249 0.38507268 0.07092771 0.5987746 0.83640075 0.116555296 0.8061491 0.9664463 0.92604524 0.046280026 0.007831212 0.20281062 0.0036160033 0.69931114 0.9994881 0.012340781 0.008838407 0.9993369 0.83177376 0.032514133 0.90354806 0.00067996 0.0007638047 0.08097625 0.2697368 0.0020096858 0.99859065 0.93705976 0.052397937 0.11706352 0.9999378 0.998554 0.012674259 0.00057634164 0.88412124 0.99862313 4.007539e-05 0.002648306 0.0015689969 0.002155045 0.011871805 0.9790799 0.100444034 0.99801993 5.0210987e-05 0.0008188366 3.992509e-05 1.1948092e-05 0.897571
0.8500001 2.2593166e-17 0.98639464 0.8821295 0.7125599 0.8120783 0.71861595 0.11007644 0.32264423 0.037505873 0.16649437 0.15863213 0.47935003 0.0028127935 0.20008998 0.7603905 0.19282493 0.27080885 0.22064795 0.0013958979 6.615391e-05 0.0015037074 0.0051820176 0.0708797 0.00027372403 0.005819793 0.0035500408 5.732642e-06 0.046966393 0.00015586898 0.015318227 0.04968664 6.2999236e-05 0.00016885632 0.0013260582 0.032661043 9.487644e-06 0.0012457133 3.5436053e-05 0.011824049 3.885679e-06 0.01244129 0.5269494 0.000520988 0.00046807522 3.5051846e-05 0.058946934 0.20928131 3.8464554e-05 1.9941858e-06 0.002987234 1.0369001e-06 4.921165e-07 0.18778214 0.0004968353 6.6361295e-05 4.9156817e-05 2.7192743e-06 2.1971313e-07 5.2546216e-06 7.3219897e-09 9.6899875e-08 0.020235812 2.525918e-05 0.0016974321 3.5227195e-06 0.012736996 0.04203323 0.0008570154 0.0046989494 5.4747834e-05 1.12509845e-07 7.462175e-07 1.4419896e-06 5.162887e-07 9.484056e-07 2.4552753e-08 1.5866478e-07 0.0008850514 8.2014606e-07 8.936869e-08 1.5939306e-05 0.002760205 0.00041624546 3.6011272e-06 0.00020520075 6.5397726e-05 6.106947e-08 0.00015042689 0.0146154845 7.121751e-08 1.8529052e-07 4.4946056e-08 1.9507167e-09 6.224142e-08 3.5709825e-05 8.858468e-07 1.4331523e-06 7.213896e-06 1.8938486e-07 1.0808306e-08
0.7992469 0.98639464 1.66108e-17 0.8805304 0.9262327 0.5194534 0.7091983 0.016337812 0.06595912 0.4474354 0.04645989 0.15820976 0.25556877 0.00019912253 0.5961748 0.6942752 0.040492777 0.2480575 0.17227024 0.016739422 2.5376403e-05 0.011814643 0.00083239167 0.21920595 0.0022133337 0.0024504312 0.0060081305 7.861846e-07 0.017621674 2.3339544e-05 0.014669605 0.0132615995 0.0005105883 6.980971e-05 0.010677347 0.009417394 7.472402e-05 0.00048214133 0.0002649702 0.003585669 6.507697e-08 0.004721103 0.5167263 0.0013937822 8.3208404e-05 0.00038271613 0.023466568 0.3382626 0.0002925876 0.00010473604 0.0051266467 1.6240573e-07 2.9267494e-06 0.060644794 2.3719527e-05 0.00019953006 6.9741805e-06 3.5215186e-07 1.4933839e-06 1.0111557e-06 5.7949967e-10 7.862483e-09 0.032899924 0.00020801477 0.0047505475 1.3582142e-05 0.0062877354 0.052331194 0.0028804406 0.0057978774 8.94016e-06 9.980275e-09 6.386393e-06 1.536029e-07 3.3940023e-07 1.7565009e-06 1.5833781e-07 9.8768275e-08 0.00016495232 1.38995e-07 2.8239072e-07 2.4061449e-06 0.002444851 0.0005724276 6.8890904e-06 0.00065990275 1.3198607e-05 7.227892e-07 0.00024257452 0.00810314 3.833912e-07 2.591526e-07 4.683493e-08 2.5261055e-09 5.6915297e-08 9.9869085e-06 1.3845812e-07 1.3584621e-06 3.9026865e-05 4.591056e-07 2.5521463e-09
0.97694296 0.8821295 0.8805304 8.213332e-15 0.84750235 0.6666551 0.9372827 0.056625053 0.24556832 0.091492906 0.057779603 0.40713048 0.3842815 0.00051846274 0.47971925 0.73884183 0.33752042 0.5597345 0.1986087 0.006179489 3.2481406e-05 0.005990809 0.0036367378 0.25424242 0.002502359 0.005649404 0.011129653 4.096782e-06 0.057059944 0.00058087584 0.04485117 0.061257087 0.00020559858 0.000100616424 0.018978804 0.023194216 8.069005e-05 0.0011308035 0.00023801251 0.019660356 2.9083246e-06 0.010265583 0.75147533 0.0013953802 0.00044112053 0.0001208314 0.063631065 0.5231512 0.00022994152 2.0649788e-05 0.006513525 2.4050046e-06 2.1003868e-06 0.23620301 0.00015649007 0.00019758122 0.00017570589 1.7116638e-06 2.074547e-06 1.6221007e-05 1.3739367e-08 4.3594778e-07 0.04920667 0.00012576598 0.0057622767 7.591733e-05 0.0123167485 0.09656787 0.0021897359 0.009861864 5.0974413e-05 5.0361615e-07 0.00012669363 3.0335466e-06 3.1419358e-06 1.8445782e-05 4.3901096e-07 5.643887e-07 0.0007318444 2.1159865e-06 7.422762e-07 1.0075724e-05 0.0059911995 0.0010124878 6.2731364e-05 0.00028945837 9.7384065e-05 1.5746164e-06 0.00015052562 0.0051663257 2.3356145e-06 1.9620784e-06 6.626428e-07 3.8801094e-08 5.2219576e-07 5.180732e-05 4.4403105e-06 1.5157207e-05 2.4106112e-05 7.311105e-07 6.361252e-08
0.97616565 0.7125599 0.9262327 0.84750235 1.7850735e-16 0.04777906 0.8107448 0.00027803032 0.012837558 0.8297287 0.0006755122 0.38189864 0.030652922 1.6285241e-05 0.90239066 0.3345773 0.02738195 0.5726593 0.038908474 0.29219425 9.334571e-07 0.30803737 0.00019442638 0.5759986 0.042780496 0.00061665487 0.044036802 1.6469052e-07 0.011767903 7.404945e-05 0.04674254 0.012208318 0.007515716 6.070893e-06 0.28177413 0.001242821 0.0017293813 0.0002945704 0.0018481157 0.000610165 1.4665055e-07 0.008675159 0.47497508 0.014358941 3.8718907e-05 0.0023987037 0.030227458 0.44768476 0.0014571296 0.00039306295 0.022636754 3.9562624e-07 4.6450234e-05 0.012186287 3.991939e-06 0.0013588881 1.64792e-05 6.740498e-07 7.283734e-05 6.5400343e-07 1.2098745e-09 2.0283551e-07 0.09112143 0.0053070206 0.026857428 0.0004231854 0.0058297114 0.08372268 0.04885816 0.02738584 2.0054105e-05 4.4649646e-08 0.0006512782 1.8758993e-06 1.5390987e-06 6.941232e-05 3.4842792e-06 4.2993545e-07 0.00037027567 3.663812e-07 9.825018e-06 1.7781199e-06 0.0048475736 0.0016711366 0.00014979257 0.0009781064 6.0360155e-05 1.9648489e-05 9.9966135e-05 0.00051802775 2.782822e-05 5.8874e-06 1.2984115e-06 4.417652e-07 1.5282344e-06 2.6979726e-05 1.0550576e-06 3.4496537e-05 0.00015934526 1.8171293e-05 2.2134481e-08
0.78213674 0.8120783 0.5194534 0.6666551 0.04777906 1.8378876e-13 0.5853559 0.9550599 0.9785111 2.3288007e-05 0.80612165 0.092226654 0.6264494 0.31922314 0.0024478782 0.18024349 0.5830445 0.09214643 0.13857107 9.819251e-05 0.036825415 0.00022327967 0.19464676 0.0034132008 0.000115834984 0.06892083 0.0010682063 0.0029840248 0.13804059 0.013636264 0.007238337 0.2256934 1.04741075e-05 0.010909558 7.264256e-05 0.05417407 4.4397495e-07 0.01612342 3.1850155e-05 0.029117795 0.0004414351 0.13574226 0.04740446 0.00056925917 0.0045143496 3.0764513e-05 0.129365 0.0050287135 7.323109e-05 5.7046536e-06 0.0021644498 0.00011880174 1.1127503e-07 0.07048692 0.0017180454 5.421669e-06 0.00041762198 0.00013870733 1.1216446e-07 8.86961e-05 3.0152444e-07 1.4097443e-06 2.4888452e-05 1.2910573e-06 3.5905327e-05 1.0577138e-05 0.021538058 0.0016689331 4.6462245e-07 0.0033688417 0.0004184069 1.7307926e-07 1.8159608e-06 6.092248e-06 6.6673683e-06 1.6634715e-07 1.7178363e-07 4.6702755e-07 0.0033694585 2.4654553e-05 1.0856412e-07 0.00013715294 0.004043564 0.00047654443 1.428867e-06 7.091926e-07 0.0003448284 6.1968007e-07 3.8596507e-05 0.0051273876 1.310352e-08 8.9155657e-07 8.155322e-08 2.0640078e-07 1.5949037e-07 0.00041441177 3.6997403e-06 2.9290559e-06 2.082875e-06 2.0542481e-07 1.5127392e-06
0.9325286 0.71861595 0.7091983 0.9372827 0.8107448 0.5853559 1.7068945e-15 0.07349844 0.3195646 0.21750854 0.045861535 0.9674154 0.057386436 0.00086647 0.09389753 0.07549116 0.47066748 0.8833028 0.012535663 0.0047845473 5.4161166e-05 0.059701424 0.0046310513 0.03111369 0.022975005 0.019381793 0.10968169 5.092653e-06 0.2636296 0.00011517153 0.2546429 0.1638325 0.00047583212 0.00012562776 0.0044868826 0.0039311713 9.255704e-05 0.00026603363 0.0008863573 0.0025978833 1.6731153e-06 0.021391725 0.05224415 0.0060347468 2.2727616e-05 0.00061070354 0.107524306 0.02126631 0.0006679735 0.00015385175 0.030496467 1.5145423e-06 2.022731e-06 0.010233059 4.9923783e-05 0.000104788196 0.00011031284 2.0519671e-07 1.4383445e-06 2.2920935e-06 9.512576e-08 1.4519055e-08 0.0015092471 5.144898e-05 0.00054593297 0.00032593135 0.029434718 0.0057603177 0.0005143817 0.034278814 0.00011383245 1.9794247e-07 0.00046004666 9.3294176e-07 3.3479846e-06 1.6015895e-06 2.1287947e-06 4.1841446e-07 0.0013532708 1.2811422e-06 1.3104384e-06 1.717227e-05 0.026459381 0.0029404976 7.4423783e-06 0.00024192165 0.00015527345 4.137238e-06 5.862247e-05 0.0014796251 8.734315e-07 3.3320202e-06 6.7504817e-07 7.8133034e-08 9.1677754e-07 0.00023892197 9.774602e-07 7.640706e-06 7.3941126e-05 2.7863468e-06 5.1206893e-08
0.7326828 0.11007644 0.016337812 0.056625053 0.00027803032 0.9550599 0.07349844 2.5770339e-17 0.8109113 1.6387575e-06 0.96357137 0.011948281 0.7108934 0.9580682 6.8003064e-05 0.034441493 0.3129234 0.0025432082 0.07996485 4.4852433e-05 0.5051645 5.3378964e-05 0.6380945 0.00024497582 5.0556457e-05 0.17818762 0.0002778861 0.14834069 0.09858665 0.23773839 0.0016853432 0.20676523 4.9772966e-06 0.16679591 6.6049233e-06 0.081947416 5.6392116e-07 0.077224076 6.7326564e-06 0.033223808 0.016338669 0.29246742 0.0045225825 0.0001656055 0.029610863 9.330438e-06 0.107070565 0.00014017543 2.7250077e-05 1.6704734e-06 0.0009209018 0.00072930794 4.226005e-08 0.042481754 0.0075914976 2.828457e-07 0.0023092197 0.0018608397 1.8002313e-08 0.00086379965 1.0406414e-05 0.0001342897 1.77293e-06 7.1083457e-07 7.906687e-06 5.3113286e-07 0.03860623 0.00012764604 8.497566e-08 0.0021437353 0.00058742746 2.7075e-06 9.231272e-08 5.6171888e-05 0.00011003912 2.6134677e-08 1.2547814e-07 1.7780877e-06 0.014408021 6.2120365e-05 1.6126677e-08 0.00048449222 0.0025958808 0.00017851134 1.6933801e-06 5.127023e-06 0.0004864342 1.2091975e-07 4.6458413e-06 0.002103743 1.1254816e-07 1.4023452e-06 2.2790601e-07 1.0635692e-07 1.8593538e-07 0.00066581584 7.299533e-05 2.9148498e-06 1.1387898e-05 9.258988e-07 6.1653136e-06
0.8180916 0.32264423 0.06595912 0.24556832 0.012837558 0.9785111 0.3195646 0.8109113 8.542567e-15 6.340173e-05 0.5107302 0.14451045 0.26150212 0.49622154 0.0009766171 0.029287148 0.98665243 0.094179824 0.029507443 8.307424e-05 0.2445297 0.00011596783 0.37297308 0.00088539714 0.0002947626 0.2577489 0.0014980327 0.027081888 0.21377768 0.018132128 0.01979511 0.30111355 1.0393511e-05 0.048951346 1.7433978e-05 0.030148452 1.7934285e-06 0.019088259 2.2970731e-05 0.018216537 0.0062272507 0.16062328 0.004320249 0.00027591613 0.0035922711 1.1137779e-05 0.12771006 0.0005849451 7.312709e-05 3.2540706e-06 0.0026401533 0.0007135767 1.1239681e-07 0.011478151 0.0009970178 4.555813e-06 0.0015212186 5.6004308e-05 1.3425506e-07 0.0001843582 3.8664402e-07 7.3156907e-06 6.334808e-06 2.4657481e-06 6.407935e-06 5.7509633e-06 0.042329665 7.7685865e-05 1.4612821e-06 0.007299816 0.00035114464 1.8477313e-07 1.0550994e-05 4.417444e-06 1.9837638e-05 6.951417e-08 5.6204357e-07 3.1884068e-07 0.015372104 0.00010893287 1.6434221e-07 0.00022388695 0.010140524 0.00078903144 6.7904494e-07 1.7547046e-06 0.0004006039 4.928092e-07 2.0110228e-06 0.0004960696 1.1503458e-07 1.6743212e-07 2.0560071e-08 1.192687e-07 3.7072897e-07 0.00081418245 1.1140389e-06 1.7065361e-06 5.3524093e-07 3.7093603e-08 2.8845639e-06
0.87663335 0.037505873 0.4474354 0.091492906 0.8297287 2.3288007e-05 0.21750854 1.6387575e-06 6.340173e-05 5.424923e-19 3.4402186e-05 0.05811942 2.3070712e-05 4.011846e-08 0.66603035 0.00036894396 0.00028380397 0.1637988 2.524579e-05 0.98618466 1.3924754e-08 0.95049375 8.665059e-06 0.156857 0.3418571 1.5752315e-05 0.15384191 4.8931508e-09 0.001535583 7.3375594e-10 0.019836912 0.00047605386 0.5725671 6.39078e-08 0.31020945 4.0200324e-05 0.40098098 9.075249e-08 0.37306055 2.7585534e-06 2.444085e-08 0.0001397983 0.002141978 0.24676561 3.4169477e-07 0.1938459 0.0037911362 0.0040618316 0.0505802 0.116773 0.05183157 1.4167905e-08 0.014853993 7.360297e-06 2.5181083e-07 0.012655261 5.6982643e-08 2.568169e-08 0.0011724909 7.584618e-09 1.4280013e-07 3.636834e-10 0.00093957386 0.013380731 0.0013689877 0.004298863 0.0030711822 0.00029813795 0.006296553 0.061641004 1.6932144e-07 5.183331e-09 0.0021887587 1.3981281e-08 2.471253e-07 0.0021752818 0.00013610272 6.438741e-08 4.8032118e-05 9.998229e-08 0.00023700026 1.3775185e-06 0.0040654675 0.0040757624 0.00072695053 0.0013995803 1.2836714e-06 3.5512036e-05 1.1029173e-05 8.318056e-07 0.00051905244 1.689619e-05 5.8870097e-07 5.3043154e-06 8.214529e-06 1.2473919e-06 3.998935e-06 0.00017182795 0.00056743936 0.00016954954 3.2643587e-08
0.7750919 0.16649437 0.04645989 0.057779603 0.0006755122 0.80612165 0.045861535 0.96357137 0.5107302 3.4402186e-05 2.0255419e-15 0.008900577 0.9569511 0.97845703 0.00028282075 0.10281594 0.15907966 0.008260357 0.2114131 0.00016147671 0.22417697 6.9493464e-05 0.37361857 0.0010422827 9.5865675e-05 0.07098521 0.00019028437 0.07017545 0.049482737 0.3875992 0.0014768543 0.13310608 9.744617e-06 0.05578527 2.7719489e-05 0.25391352 2.0634104e-06 0.16804944 1.4976164e-05 0.11667902 0.0011610622 0.16480799 0.012649998 7.727894e-05 0.038997512 6.368943e-06 0.07087323 0.00081870315 1.9510184e-05 4.484527e-06 0.0011699264 0.00017590424 1.5045951e-07 0.13931677 0.015681734 1.6376981e-06 0.0016781515 0.003656116 5.5297036e-08 0.0009303773 1.7496515e-06 0.00012216308 2.8914812e-05 1.4530275e-06 1.3454216e-05 1.693091e-06 0.030053807 0.0013176184 7.7782454e-07 0.003049679 0.0008422795 2.9650414e-06 1.5358238e-07 0.00021616442 7.906894e-05 8.0921495e-08 1.7938791e-07 5.198175e-06 0.010826735 1.8484929e-05 6.5412465e-08 0.0001356113 0.0041921637 0.000601567 3.4492741e-06 5.56203e-06 0.00021772002 3.4981545e-07 7.191898e-05 0.007288328 9.93108e-08 8.012397e-07 2.1679853e-07 4.9177327e-08 2.20196e-07 0.00018673015 0.00011566895 1.6194922e-06 5.866881e-06 1.1276718e-06 4.5270698e-07
0.81659955 0.15863213 0.15820976 0.40713048 0.38189864 0.092226654 0.9674154 0.011948281 0.14451045 0.05811942 0.008900577 2.2351e-17 0.0063598184 0.00074613816 0.012722463 0.003537703 0.40592554 0.9898311 0.0013905069 0.0027434395 8.963155e-05 0.17005607 0.007038533 0.004167012 0.16620122 0.05156297 0.46402353 1.1803554e-05 0.60732526 1.808901e-05 0.67998135 0.14707609 0.0005646509 0.00031479614 0.00059824676 0.0012568121 0.00029187943 0.00037309507 0.0038907926 0.0003671903 1.4476472e-06 0.02299787 0.0023475864 0.020043094 1.3629868e-05 0.0016662922 0.16068561 0.000976894 0.001793469 0.00041258102 0.10223554 2.6179528e-06 5.6705194e-06 0.00024218156 4.5484157e-06 5.801016e-05 9.1048416e-05 1.1968243e-07 2.9075454e-06 5.5634146e-06 1.8919623e-07 1.9074204e-08 2.0530479e-05 1.2765948e-05 0.00015581444 0.0011523245 0.041619793 0.0004747635 0.00012461495 0.08151808 8.783121e-05 5.5864305e-08 0.0009624282 1.383336e-06 1.395858e-06 1.1180588e-06 3.7553086e-06 3.2762035e-08 0.0022768553 1.1982296e-06 9.5162824e-07 5.166072e-06 0.13758667 0.009647333 5.51082e-06 0.000311841 0.00015737533 2.1766116e-05 1.9957908e-05 0.00067011506 6.7013735e-07 2.2980623e-06 2.825723e-07 3.673885e-07 5.107573e-07 0.00016541436 2.2239763e-07 4.390103e-06 7.181761e-05 1.3505387e-06 1.9530184e-08
0.96219957 0.47935003 0.25556877 0.3842815 0.030652922 0.6264494 0.057386436 0.7108934 0.26150212 2.3070712e-05 0.9569511 0.0063598184 2.1961735e-15 0.7112448 0.0033978117 0.8272641 0.21318671 0.049564313 0.9066984 0.00021089033 0.5065099 0.00017485672 0.28774396 0.008281275 1.1162673e-05 0.033421624 0.00010138333 0.1523346 0.024003277 0.7914465 0.00023151767 0.20707722 5.30887e-06 0.016972005 0.00016412443 0.8164018 7.716214e-07 0.63513607 6.063585e-06 0.48114008 0.0047026207 0.25019133 0.33255145 0.00013620194 0.15711585 1.6794227e-05 0.1291009 0.034868255 1.0225399e-05 5.1902593e-06 0.00049191073 0.000314303 4.62988e-09 0.74475527 0.17989182 6.6014246e-07 0.0003133862 0.014010675 1.127061e-08 0.0025489153 6.392471e-07 0.00018374843 0.0024036015 3.8648645e-06 0.0002918416 6.969243e-07 0.06286956 0.015902603 1.7726605e-05 0.0043499824 0.0009758005 1.7440274e-06 2.5857e-07 0.0007307993 0.00060656935 2.3705009e-07 9.7179855e-09 1.0057857e-05 0.034825623 1.2607514e-05 4.4615764e-08 0.0001571264 0.001151218 0.00026730954 2.2052334e-06 3.6004527e-05 0.00038498593 1.1219762e-07 0.00018948686 0.09621782 2.615936e-08 5.682324e-07 2.5663388e-07 5.131207e-09 9.6079425e-08 2.8007025e-05 0.00074915064 2.3230612e-06 5.5492455e-06 1.2442831e-07 1.02884506e-07
0.7430406 0.0028127935 0.00019912253 0.00051846274 1.6285241e-05 0.31922314 0.00086647 0.9580682 0.49622154 4.011846e-08 0.97845703 0.00074613816 0.7112448 2.5465245e-17 9.31359e-06 0.0040902356 0.05388289 0.00012935532 0.08160803 2.1288382e-05 0.88056016 2.4522428e-06 0.62701 9.410673e-05 1.5934023e-06 0.15984307 1.3919451e-05 0.6471096 0.024300296 0.63685435 0.00014345185 0.04929735 1.1594748e-06 0.41162694 5.990462e-06 0.26166365 6.0742195e-07 0.34352636 7.1527346e-08 0.06863848 0.116306394 0.26372147 0.0009690289 8.6624395e-06 0.15105623 3.4545096e-07 0.036300045 5.3535427e-05 1.259537e-06 5.7437013e-08 6.2549996e-05 0.0033092403 9.521629e-09 0.050631203 0.031710524 2.5829172e-07 0.01811837 0.041404925 9.386821e-09 0.018584082 8.8067405e-05 0.002502668 3.6914489e-07 2.2491286e-06 6.163582e-07 8.257375e-08 0.039338104 2.0273399e-05 1.3478078e-07 0.00033977238 0.0018791852 9.438604e-06 1.5556928e-08 0.0027797823 0.0010379648 1.5121147e-08 4.3588724e-08 5.8157257e-06 0.028910376 0.00036284508 7.98636e-09 0.0039270082 0.0010300808 4.637158e-05 8.2001935e-07 1.5460503e-07 0.0009850758 6.928213e-08 1.0587962e-06 0.0008922802 9.489194e-09 1.8381913e-07 6.61294e-08 3.770233e-08 1.2886076e-07 0.0006877623 0.0004594909 6.579346e-07 2.5448323e-06 4.7824e-07 3.0927022e-06
0.92172104 0.20008998 0.5961748 0.47971925 0.90239066 0.0024478782 0.09389753 6.8003064e-05 0.0009766171 0.66603035 0.00028282075 0.012722463 0.0033978117 9.31359e-06 1.197441e-16 0.06285296 0.0018772891 0.14625433 0.0065018046 0.65781474 2.837896e-06 0.15889232 4.0201172e-05 0.9903682 0.0024667524 8.4665895e-05 0.006843923 1.0248297e-06 0.0014762278 6.261761e-07 0.0027503276 0.0020339864 0.033709027 3.1173704e-07 0.58988494 0.0005992362 0.0027675722 5.4854132e-05 0.00080978905 0.00041779052 8.582417e-07 0.0012936988 0.4213225 0.012943966 2.6805226e-05 0.007968727 0.01077778 0.6287456 0.0018309508 0.002629764 0.0045184437 2.1279837e-07 3.46724e-05 0.045277234 2.5901401e-05 0.003130275 1.8420915e-06 6.576023e-08 5.060827e-05 7.9646725e-08 2.1923716e-09 8.639236e-09 0.07441494 0.041661568 0.07565866 3.6865942e-05 0.0046924558 0.095286 0.08542934 0.014741077 5.856958e-06 2.8223077e-09 3.2463166e-05 1.8087533e-06 6.1160307e-07 7.131583e-05 2.5994717e-07 2.0020663e-07 0.0003506955 1.591788e-06 2.320712e-06 3.4550336e-05 0.0010428752 0.0004215635 0.00021491894 0.00677849 6.5406107e-06 1.5074095e-06 0.00056468137 0.0024710728 6.127678e-05 4.4295975e-06 4.2210613e-07 2.2660545e-07 4.769797e-07 4.5032984e-06 5.1636484e-06 7.4846765e-05 0.00086726487 0.000106734675 9.5776805e-08
0.8830947 0.7603905 0.6942752 0.73884183 0.3345773 0.18024349 0.07549116 0.034441493 0.029287148 0.00036894396 0.10281594 0.003537703 0.8272641 0.0040902356 0.06285296 1.8349687e-18 0.04419154 0.036913324 0.9883667 0.0006755136 0.00055110676 0.0007813323 0.005078629 0.068388626 2.3246714e-05 0.0005839388 0.00022883304 6.512413e-05 0.006360209 0.0005296256 0.00035544275 0.025899908 3.3793458e-05 4.4368884e-05 0.0006291361 0.3720122 1.9693991e-06 0.024645574 1.4822549e-05 0.105822794 5.141075e-06 0.026211713 0.87952834 0.00024956034 0.0031853574 2.1069161e-05 0.033765085 0.24978928 1.1555345e-05 2.77047e-06 0.00075464044 2.3049236e-06 2.8736576e-08 0.4911901 0.0016345815 3.2247342e-06 5.161728e-06 1.6705627e-06 2.3467846e-08 2.252507e-06 2.5533198e-09 1.8939913e-07 0.0037423489 2.484291e-06 0.001584367 1.1656069e-06 0.0043755225 0.036995456 0.0002659068 0.0017571897 6.869687e-05 8.0962565e-08 1.6111959e-07 1.6999267e-06 1.2300443e-06 2.2367914e-07 1.0709886e-08 3.3593338e-07 0.00084982 3.2725205e-07 4.5099338e-08 5.351192e-06 0.0007360774 6.659504e-05 2.153964e-06 0.0001520808 4.6292804e-05 1.8042472e-07 0.00027404376 0.075287156 2.839436e-08 2.4435175e-07 2.540483e-07 1.749226e-08 3.8991832e-08 3.949245e-06 3.567805e-06 2.4453345e-06 3.0049316e-06 5.4042596e-07 1.4954276e-08
0.9528834 0.19282493 0.040492777 0.33752042 0.02738195 0.5830445 0.47066748 0.3129234 0.98665243 0.00028380397 0.15907966 0.40592554 0.21318671 0.05388289 0.0018772891 0.04419154 3.4232206e-14 0.23766029 0.022768185 7.351048e-05 0.019486874 0.000256125 0.36516213 0.0012088581 0.0010049029 0.63549834 0.0107995765 0.0013803289 0.91755736 0.0035779574 0.17725398 0.7626361 3.2112646e-06 0.018838044 1.8252926e-05 0.008303905 6.667511e-07 0.004445569 2.4806699e-05 0.006183957 0.00026519038 0.3106724 0.007012663 0.0009361727 0.0006372006 1.536917e-05 0.42648646 0.00065672625 7.1236565e-05 2.3739385e-06 0.010129245 9.06337e-05 2.137539e-07 0.020034457 0.00038875322 2.250492e-05 0.0015709073 2.0570124e-05 2.9400277e-07 8.718179e-05 5.5393446e-07 5.205825e-06 1.7838667e-05 8.624756e-07 4.6170015e-05 0.000108414046 0.15945026 8.5136155e-05 4.309784e-06 0.023711516 0.0007437033 2.1877808e-07 0.000109861285 3.963322e-06 1.600704e-06 6.7581726e-07 4.3662726e-07 9.728729e-08 0.022009868 2.527253e-05 3.1339053e-07 9.060285e-05 0.0454559 0.0014821603 3.0941806e-06 1.8694183e-06 0.00065792986 1.5222888e-07 1.3664579e-05 0.0010712632 3.964048e-08 8.1016515e-07 2.1888098e-07 4.9362267e-08 8.187979e-07 0.00076698465 2.5905933e-06 5.838788e-06 1.1956132e-06 2.9525538e-07 1.0553937e-06
0.9201235 0.27080885 0.2480575 0.5597345 0.5726593 0.09214643 0.8833028 0.0025432082 0.094179824 0.1637988 0.008260357 0.9898311 0.049564313 0.00012935532 0.14625433 0.036913324 0.23766029 3.5894735e-19 0.00795201 0.010587635 7.2087655e-06 0.10388347 0.0013344494 0.027705709 0.1340028 0.0050019813 0.6254222 1.0191902e-06 0.43379512 4.688456e-05 0.8243237 0.14098854 0.00164695 1.2807909e-05 0.009218073 0.00048462514 0.00026310282 5.8867412e-05 0.0015664186 0.00068165106 1.7891311e-07 0.0108460495 0.025666004 0.017582325 5.0897568e-05 0.00071824837 0.122714475 0.012995129 0.0011986132 0.00015324992 0.13410485 3.4146964e-07 9.789551e-06 0.00091903924 1.3614979e-05 0.00027381594 7.363354e-05 2.1991961e-07 6.0381717e-06 1.0007535e-06 1.1984004e-07 8.92149e-08 0.00013661952 4.9815106e-05 0.0003149679 0.0010802816 0.032577362 0.0013089908 0.00013815695 0.10092059 5.1088195e-05 2.3179213e-07 0.0009606332 2.2808333e-06 1.2513476e-06 1.8055287e-06 4.14728e-06 5.392837e-08 0.000841396 3.271143e-06 1.8967706e-06 2.081642e-06 0.14161676 0.011855496 1.5752616e-05 0.00014190612 0.00014335517 9.512984e-06 7.676886e-05 0.002187608 1.3396289e-06 2.667666e-06 6.600059e-07 1.1734982e-06 1.2039131e-06 0.00021194945 1.6370057e-05 9.844235e-06 0.00013578251 3.1872319e-06 1.3214154e-08
0.3787878 0.22064795 0.17227024 0.1986087 0.038908474 0.13857107 0.012535663 0.07996485 0.029507443 2.524579e-05 0.2114131 0.0013905069 0.9066984 0.08160803 0.0065018046 0.9883667 0.022768185 0.00795201 1.5844698e-17 0.00018135602 0.027117845 0.00010943006 0.011171637 0.010976673 6.824009e-06 0.0015234369 4.49184e-05 0.0047302716 0.0022388855 0.16274728 0.00014256984 0.01714245 5.306656e-05 0.0008099752 0.00027020375 0.94545144 3.585395e-06 0.6225376 8.068901e-06 0.81103563 0.0003111592 0.017798422 0.6077145 4.8968443e-05 0.12503433 1.01786e-05 0.01676214 0.06472298 1.0010481e-05 1.0785685e-06 9.186645e-05 0.00011105955 1.676117e-07 0.6561951 0.08805912 1.2352153e-06 1.7635652e-05 0.00089793804 2.0877234e-08 0.00015288555 5.1789364e-08 0.00011053156 0.0027754921 1.2932396e-06 0.00027267303 2.5101706e-08 0.003868652 0.025001576 1.9067847e-05 0.00047789267 4.736512e-05 3.1163955e-07 2.9678986e-08 0.0001145666 9.2368555e-06 1.15552574e-07 3.0807154e-08 1.3292531e-06 0.001615672 2.0619816e-05 1.7272482e-08 0.00014121113 0.00029613398 9.800994e-06 1.6623732e-06 2.9303876e-05 4.5323057e-05 7.674335e-08 0.00041195803 0.15319157 6.3738432e-09 9.757311e-08 1.53729e-08 1.88758e-08 3.3972503e-07 4.6807563e-06 4.4945053e-05 3.7194079e-07 2.9755363e-06 1.0519364e-07 7.3242455e-07
0.8607881 0.0013958979 0.016739422 0.006179489 0.29219425 9.819251e-05 0.0047845473 4.4852433e-05 8.307424e-05 0.98618466 0.00016147671 0.0027434395 0.00021089033 2.1288382e-05 0.65781474 0.0006755136 7.351048e-05 0.010587635 0.00018135602 9.739334e-15 2.9730263e-06 0.64542675 1.4778497e-05 0.53436476 0.02207527 4.3307118e-05 0.015376707 1.0515067e-06 0.00044150517 9.1095484e-07 0.0025425882 6.262842e-05 0.9396613 1.2852172e-06 0.962343 0.00037004618 0.6875026 3.752472e-05 0.080779046 0.00015713583 7.2851236e-07 0.00012962773 0.008563496 0.088298984 4.4754697e-06 0.11518713 0.0010797712 0.02684424 0.01424919 0.06547965 0.010717675 1.0350752e-06 0.019374037 0.0007154147 6.8791114e-06 0.19053712 5.0919484e-06 1.241976e-07 0.027532047 2.8517295e-08 3.2061756e-08 2.3665038e-08 0.012319674 0.38582286 0.02974331 0.0017560917 0.0009585393 0.004644455 0.12623867 0.014059455 6.0090347e-06 1.7594449e-08 0.0005537729 9.505448e-06 1.9607307e-05 0.008188949 0.00012683496 4.964555e-07 5.9973245e-05 2.3284842e-06 0.00043681302 0.00010117942 0.0013886959 0.0015427594 0.0031133585 0.027165305 8.269448e-06 0.00022270528 0.0001899062 3.2070737e-05 0.0051909457 0.0003504125 0.00012727917 4.05778e-05 4.648919e-05 4.1328967e-06 1.0686734e-05 0.0007744937 0.0037218162 0.0013898202 5.022339e-07
0.94100374 6.615391e-05 2.5376403e-05 3.2481406e-05 9.334571e-07 0.036825415 5.4161166e-05 0.5051645 0.2445297 1.3924754e-08 0.22417697 8.963155e-05 0.5065099 0.88056016 2.837896e-06 0.00055110676 0.019486874 7.2087655e-06 0.027117845 2.9730263e-06 3.5542164e-16 3.1114834e-07 0.74363065 7.182329e-05 1.9661452e-06 0.12883995 2.8878352e-05 0.974663 0.007908237 0.89534026 0.00014257718 0.015702784 4.2180395e-07 0.78526396 4.272034e-06 0.17382452 5.200726e-07 0.5797545 2.904459e-07 0.106368385 0.5858551 0.17677067 0.0017295222 8.379734e-06 0.27229157 1.3964139e-07 0.01838868 0.00016789848 1.1903945e-06 2.8974721e-08 0.00010655404 0.07561096 4.5544506e-09 0.14681317 0.22995566 3.9342777e-07 0.081083335 0.39469782 1.3897479e-08 0.53584445 0.0058327643 0.04592883 1.5627443e-06 7.3500587e-07 1.4011073e-06 2.3041268e-07 0.05641536 2.0849839e-06 1.5093284e-06 0.0005352111 0.006294266 0.0004434579 1.1514275e-06 0.0071155396 0.0073935636 3.0214647e-07 2.2167701e-07 0.0003058471 0.13274677 0.0018303687 7.272126e-08 0.008816825 0.0008617575 0.00015606532 4.630929e-06 1.385665e-06 0.0037747177 2.451686e-08 2.4803683e-06 6.549552e-05 5.0819253e-08 5.0711174e-07 2.1828062e-07 1.560278e-08 4.2142318e-07 0.003740014 0.0005132304 3.1204595e-06 6.8702434e-07 1.1497519e-06 5.6764096e-05
0.9474021 0.0015037074 0.011814643 0.005990809 0.30803737 0.00022327967 0.059701424 5.3378964e-05 0.00011596783 0.95049375 6.9493464e-05 0.17005607 0.00017485672 2.4522428e-06 0.15889232 0.0007813323 0.000256125 0.10388347 0.00010943006 0.64542675 3.1114834e-07 6.473026e-18 2.7156631e-05 0.05295134 0.97097903 0.00023664522 0.4061082 2.7779334e-08 0.0053564673 8.5682694e-07 0.095747665 0.0007640422 0.54438275 5.5330856e-06 0.5417212 0.00033861515 0.5023037 5.6499935e-05 0.7712301 0.00011182764 1.0832873e-07 0.00086615846 0.00054370036 0.62788075 8.889366e-07 0.41885385 0.008462384 0.0024450307 0.27321205 0.3589113 0.07986027 2.7166809e-07 0.26665294 0.00048166452 6.9260034e-07 0.2072171 0.00010818116 9.609647e-08 0.16620529 8.4041875e-07 2.693395e-08 1.8707851e-07 0.00041972921 0.20578918 0.0013511038 0.15212533 0.010463421 0.00012251739 0.009253649 0.1802756 1.0319672e-05 2.1232106e-08 0.049359474 5.6494305e-06 8.288167e-06 0.031306602 0.0031314064 6.9310585e-07 0.00058071077 6.622454e-07 0.0013348243 3.5188045e-06 0.027834047 0.05018943 0.004492134 0.0017121928 9.104919e-05 0.0051510353 3.057985e-05 1.7524377e-05 0.0017402957 0.00036091555 0.00010178499 0.00022865135 7.276035e-05 2.0699079e-05 3.2922967e-06 0.00040242888 0.00037681052 0.00028102906 1.3566897e-08
0.87427425 0.0051820176 0.00083239167 0.0036367378 0.00019442638 0.19464676 0.0046310513 0.6380945 0.37297308 8.665059e-06 0.37361857 0.007038533 0.28774396 0.62701 4.0201172e-05 0.005078629 0.36516213 0.0013344494 0.011171637 1.4778497e-05 0.74363065 2.7156631e-05 2.3826703e-14 5.524794e-05 5.3386346e-05 0.95318377 0.00091931486 0.24376994 0.058883026 0.16676323 0.0075670592 0.14625318 1.7233866e-06 0.98036957 3.975504e-06 0.018461429 1.9071803e-06 0.06438379 7.9014935e-06 0.009833708 0.13847129 0.6572832 0.00013346964 0.00012168436 0.011986205 6.242327e-06 0.12552895 1.3304802e-05 1.833202e-05 1.490119e-06 0.0016843156 0.024371084 6.178875e-08 0.0050959983 0.004729719 4.1117614e-06 0.07142523 0.0043025766 5.9217214e-08 0.026975755 6.747155e-05 0.00080875953 2.349945e-06 6.9849834e-06 1.5654799e-06 7.777434e-06 0.16948283 1.0896388e-05 5.6130198e-06 0.010275142 0.0017248691 2.5122197e-05 1.07698215e-05 5.274295e-05 0.00015851906 1.2745973e-07 7.844224e-07 3.4513864e-06 0.07097545 0.00036835804 1.7693448e-07 0.00057381176 0.03149554 0.001930028 6.2009855e-07 1.1183638e-06 0.0016946968 1.02000165e-07 2.421811e-06 0.00020938109 5.650597e-07 1.7048493e-06 1.6961963e-07 3.739851e-08 1.0082871e-06 0.0024134638 1.1676179e-05 2.745012e-06 2.8635407e-06 2.5503643e-06 6.438134e-06
0.55946946 0.0708797 0.21920595 0.25424242 0.5759986 0.0034132008 0.03111369 0.00024497582 0.00088539714 0.156857 0.0010422827 0.004167012 0.008281275 9.410673e-05 0.9903682 0.068388626 0.0012088581 0.027705709 0.010976673 0.53436476 7.182329e-05 0.05295134 5.524794e-05 4.964694e-16 0.0012154728 0.0001724156 0.002316935 9.148286e-06 0.0004595722 7.5091457e-06 0.0006100623 0.0012577905 0.06475161 8.827261e-06 0.8739971 0.002455188 0.00684677 0.0007780287 0.00051791663 0.001081515 8.408786e-06 0.00086773647 0.7794402 0.0050139567 0.00012631879 0.004055227 0.0030907372 0.94451165 0.0016932244 0.0034017493 0.0015303697 2.8619002e-06 0.00033113695 0.036756843 5.9938826e-05 0.009436322 4.3392674e-06 6.1493644e-08 0.00032136976 5.402297e-07 1.8225046e-08 1.83241e-07 0.5361147 0.114221275 0.59204966 8.628109e-06 0.0017309355 0.26521057 0.4605798 0.00397613 2.9316478e-05 2.8996173e-08 1.1319489e-05 2.201997e-06 1.1942914e-06 0.00041452775 4.96618e-07 1.104284e-06 0.00047609265 3.7544278e-06 1.3970173e-05 9.418907e-05 0.00036059818 0.00019458741 0.00081415684 0.10439458 3.9135582e-05 6.75681e-06 0.009789347 0.036558717 0.00014175868 4.124504e-05 3.6734423e-06 1.680864e-06 3.171556e-06 1.7388798e-05 2.5802967e-06 0.0005689626 0.006449786 0.00048708412 5.5147952e-06
0.85937685 0.00027372403 0.0022133337 0.002502359 0.042780496 0.000115834984 0.022975005 5.0556457e-05 0.0002947626 0.3418571 9.5865675e-05 0.16620122 1.1162673e-05 1.5934023e-06 0.0024667524 2.3246714e-05 0.0010049029 0.1340028 6.824009e-06 0.02207527 1.9661452e-06 0.97097903 5.3386346e-05 0.0012154728 4.1978523e-17 0.00048533297 0.9596887 2.0809581e-07 0.019502703 1.8198337e-08 0.33161485 0.0011864301 0.031520426 2.0491657e-06 0.0036962666 6.324032e-05 0.027779093 5.187755e-06 0.42113253 7.6826245e-06 3.4473877e-07 0.00058007176 8.9179135e-05 0.87641937 1.6017309e-07 0.60889375 0.0065594516 0.00024146942 0.49043912 0.27517307 0.27763766 9.099303e-07 0.0123785045 3.2634e-06 3.0854184e-07 0.005353474 4.4060143e-05 2.8783984e-07 0.002960731 1.083572e-06 8.023508e-07 1.407981e-07 7.274047e-06 0.0022923017 0.00014836615 0.41734013 0.01402415 5.2727128e-06 0.0009225487 0.25218037 2.6178068e-05 1.939029e-08 0.12663478 2.1615523e-07 8.2651076e-07 0.0029986866 0.0062059467 2.142052e-08 0.00022569198 1.0579149e-06 0.0005773658 1.1858729e-05 0.11645549 0.19015291 0.0011295031 0.00018217404 5.184355e-05 0.003179653 1.2520543e-06 6.5385996e-07 0.0003294555 0.00014242646 3.9538412e-05 0.0005283082 0.00013746275 4.2430033e-06 3.179962e-07 0.00014271948 0.00014151081 9.18987e-05 5.5620507e-08
0.9365618 0.005819793 0.0024504312 0.005649404 0.00061665487 0.06892083 0.019381793 0.17818762 0.2577489 1.5752315e-05 0.07098521 0.05156297 0.033421624 0.15984307 8.4665895e-05 0.0005839388 0.63549834 0.0050019813 0.0015234369 4.3307118e-05 0.12883995 0.00023664522 0.95318377 0.0001724156 0.00048533297 1.4295932e-14 0.0069079464 0.027650718 0.75487024 0.006832928 0.05395053 0.59072274 5.827262e-06 0.49079826 6.0354796e-05 0.0023417145 1.112109e-06 0.004093016 8.8719025e-05 0.001186037 0.069453254 0.94822866 0.0002486571 0.0006804566 0.0016556658 9.37537e-05 0.5382846 3.6224952e-05 8.388445e-05 2.3713104e-05 0.0067550032 0.016802471 6.529577e-07 0.00023714111 0.0002892169 3.4916025e-05 0.08838217 0.00046360996 3.8927573e-07 0.0010199815 2.2934812e-05 3.56057e-05 6.3026147e-07 1.6290248e-06 1.4689214e-05 0.00034866578 0.58254844 9.347778e-06 3.0991448e-06 0.021369107 0.00727879 3.60941e-06 0.00039534734 4.7781883e-05 3.5760062e-05 1.984532e-07 3.1449306e-06 2.252329e-06 0.12804984 0.0007795523 3.203303e-06 0.0019186361 0.20806159 0.0046361326 2.4518547e-06 9.0645545e-07 0.002361103 5.775463e-07 5.8937144e-06 0.00052485167 1.0864076e-07 5.287578e-06 2.3456448e-07 2.724241e-07 2.1787353e-06 0.004383523 1.6747204e-05 5.6771805e-06 9.7703005e-06 5.247936e-06 3.0036408e-05
0.90433687 0.0035500408 0.0060081305 0.011129653 0.044036802 0.0010682063 0.10968169 0.0002778861 0.0014980327 0.15384191 0.00019028437 0.46402353 0.00010138333 1.3919451e-05 0.006843923 0.00022883304 0.0107995765 0.6254222 4.49184e-05 0.015376707 2.8878352e-05 0.4061082 0.00091931486 0.002316935 0.9596887 0.0069079464 9.7948005e-17 1.4687892e-06 0.0900729 6.666475e-07 0.9625345 0.022747464 0.008776018 3.2167194e-05 0.0031215341 0.00015293804 0.005427459 9.722775e-06 0.0856618 2.656532e-05 4.0526497e-06 0.008087368 0.00010433258 0.85986143 5.353752e-07 0.18856373 0.04935786 0.00030381966 0.31274182 0.07244825 0.8836336 1.98399e-06 0.0017458063 3.6673817e-05 3.3802448e-07 0.0009854286 0.00047160353 1.744369e-07 0.0002826037 3.163575e-06 9.655358e-08 1.6049343e-07 5.7806486e-05 0.0006336165 3.341769e-05 0.043370906 0.048624244 5.634981e-05 0.00031170037 0.34535518 0.00010437807 6.648386e-09 0.03490364 5.3725604e-08 3.8379068e-07 9.39446e-05 0.00025547875 3.124518e-08 0.0029386387 6.2420586e-06 2.2916729e-05 7.3680567e-06 0.24260741 0.15686318 0.00022006115 0.00027204573 0.00044149952 0.0013643646 3.8351754e-06 1.5878625e-06 2.6403472e-05 6.4365195e-06 8.5516086e-07 7.442333e-05 7.683123e-06 0.00024232203 1.1432616e-06 3.0990872e-05 0.00015437824 3.0384761e-05 2.0734403e-07
0.86333567 5.732642e-06 7.861846e-07 4.096782e-06 1.6469052e-07 0.0029840248 5.092653e-06 0.14834069 0.027081888 4.8931508e-09 0.07017545 1.1803554e-05 0.1523346 0.6471096 1.0248297e-06 6.512413e-05 0.0013803289 1.0191902e-06 0.0047302716 1.0515067e-06 0.974663 2.7779334e-08 0.24376994 9.148286e-06 2.0809581e-07 0.027650718 1.4687892e-06 1.0439485e-16 0.0022499366 0.8772559 2.046872e-05 0.003447921 6.467481e-08 0.59646267 5.6046247e-07 0.064215966 8.846711e-08 0.44399697 3.725903e-08 0.01886526 0.9602922 0.03774277 0.0005157824 6.9137155e-07 0.20592494 1.722274e-08 0.0078708455 4.9109254e-05 3.3332833e-07 1.01486055e-08 1.2483766e-05 0.30111855 1.0421816e-09 0.0056346934 0.087266564 4.0162118e-07 0.110783525 0.48561427 1.2588584e-08 0.7764143 0.23844117 0.15672141 3.5768346e-07 1.1282247e-06 8.920031e-07 7.430789e-08 0.021713115 8.5261604e-07 9.594671e-07 0.00041022094 0.017058007 0.045733314 1.07503745e-07 0.005521879 0.017974861 2.4893685e-08 1.0941637e-08 0.0012285402 0.0998373 0.0023489234 2.1783505e-08 0.04545308 0.0008582534 4.4000604e-05 2.8048214e-07 3.3390103e-07 0.0040657423 2.51963e-08 8.057739e-07 8.430039e-06 3.2094125e-08 2.0536751e-08 6.4253283e-09 1.5300432e-09 7.6150336e-08 0.0025428538 0.000590354 4.1726146e-08 4.674544e-07 1.1958282e-07 1.4714115e-05
0.8894007 0.046966393 0.017621674 0.057059944 0.011767903 0.13804059 0.2636296 0.09858665 0.21377768 0.001535583 0.049482737 0.60732526 0.024003277 0.024300296 0.0014762278 0.006360209 0.91755736 0.43379512 0.0022388855 0.00044150517 0.007908237 0.0053564673 0.058883026 0.0004595722 0.019502703 0.75487024 0.0900729 0.0022499366 5.484964e-16 0.0008875127 0.5910138 0.9854182 0.0003218298 0.010716776 6.448251e-05 0.0016117631 4.0566156e-05 0.0020047042 0.0012246316 0.0014246837 0.0006646149 0.25912648 0.0004882568 0.005957839 0.00030496603 0.000973318 0.81495523 0.00012006351 0.0024614863 0.00024603406 0.023849143 0.00043300717 1.7010449e-05 0.00041285242 5.427802e-05 6.167887e-05 0.0045522805 0.00013124608 8.063254e-06 0.001142793 2.150875e-06 9.3653085e-05 5.940413e-05 2.3847611e-05 5.6010293e-05 0.0031421955 0.21861231 0.0008798274 0.00018010059 0.039877202 0.00041990716 2.692779e-06 0.002092372 5.178571e-06 7.793764e-05 7.262423e-06 1.2413367e-05 6.619177e-07 0.008595041 4.657808e-05 3.0565533e-07 5.5435357e-05 0.3117015 0.023102686 2.3602708e-05 5.3636104e-05 0.00030427345 2.0269687e-05 4.890861e-05 0.007525467 3.7478953e-06 3.1578627e-06 4.3976144e-07 1.3820318e-06 1.8787925e-06 0.00069559005 7.3942424e-06 1.8101486e-05 7.2343e-05 1.2009781e-05 3.5242685e-06
0.9008866 0.00015586898 2.3339544e-05 0.00058087584 7.404945e-05 0.013636264 0.00011517153 0.23773839 0.018132128 7.3375594e-10 0.3875992 1.808901e-05 0.7914465 0.63685435 6.261761e-07 0.0005296256 0.0035779574 4.688456e-05 0.16274728 9.1095484e-07 0.89534026 8.5682694e-07 0.16676323 7.5091457e-06 1.8198337e-08 0.006832928 6.666475e-07 0.8772559 0.0008875127 1.2959487e-15 3.4258896e-06 0.004975569 1.9458099e-07 0.09787692 3.5855487e-06 0.59132534 6.010728e-09 0.975231 1.852717e-08 0.3531187 0.5266377 0.079072155 0.0043061543 6.878718e-06 0.7946684 4.4629917e-07 0.009402323 0.00039106348 6.13547e-08 1.3221093e-07 8.028483e-07 0.07655095 9.820575e-10 0.2286648 0.43680847 3.2675993e-07 0.01985485 0.7546777 3.0355867e-08 0.6244331 0.039696902 0.27333644 7.474732e-07 3.0596915e-05 1.203886e-07 7.984186e-08 0.015658101 3.4765573e-05 8.089295e-08 5.7712135e-05 0.008670697 0.015846066 1.8919232e-08 0.099262744 0.14669949 1.2644756e-07 5.6195276e-08 0.0079208985 0.06589161 0.0007296053 6.0558842e-09 0.016737802 5.8791833e-05 9.323722e-06 1.7451005e-06 3.5506734e-08 0.0026331882 1.259976e-07 5.2892744e-07 0.0037247508 1.3832113e-07 2.322042e-08 8.839186e-07 5.6376706e-08 2.7457227e-07 0.0007522814 0.023278648 2.0277709e-07 8.335513e-08 8.880456e-08 7.3096344e-05
0.98939663 0.015318227 0.014669605 0.04485117 0.04674254 0.007238337 0.2546429 0.0016853432 0.01979511 0.019836912 0.0014768543 0.67998135 0.00023151767 0.00014345185 0.0027503276 0.00035544275 0.17725398 0.8243237 0.00014256984 0.0025425882 0.00014257718 0.095747665 0.0075670592 0.0006100623 0.33161485 0.05395053 0.9625345 2.046872e-05 0.5910138 3.4258896e-06 1.5949733e-17 0.2275154 0.0017502197 0.00040146997 0.00026841898 0.00027036457 0.000511637 4.3834156e-05 0.013133617 0.0002364368 2.212489e-05 0.019118203 0.0001070851 0.15231422 5.927411e-06 0.016060943 0.35964385 3.694908e-05 0.020572163 0.009005576 0.6739763 7.96014e-06 4.0831015e-05 4.9744656e-05 5.4164134e-06 8.571686e-05 0.00062517077 1.9411337e-07 1.5034792e-05 2.1181527e-06 4.805635e-07 4.2671594e-08 5.604812e-05 3.8457914e-05 2.303703e-05 0.005446127 0.2651112 0.00047906153 9.857675e-05 0.5927688 0.00050567725 1.2807187e-07 0.005567677 3.2632425e-07 5.5684995e-06 4.3120076e-06 3.4034285e-05 7.218696e-07 0.006411286 1.8851777e-05 2.784291e-06 8.683201e-06 0.78549707 0.16341847 3.7549562e-05 0.00022165115 0.0012217776 0.00011019581 3.6516012e-06 1.0261798e-05 3.3535225e-06 1.4034685e-05 4.4139483e-06 1.112797e-05 1.0741045e-06 0.00059466425 1.5235966e-06 3.4887104e-05 0.00011540022 5.7801276e-06 5.048997e-07
