1.814434e-19 0.8714524 0.95069826 0.9375002 0.807069 0.9145808 0.95102286 0.98618793 0.9519316 0.8053088 0.993794 0.61585134 0.91313964 0.94514215 0.5273591 0.9095071 0.5092408 0.88952583 0.9133305 0.97334045 0.8621621 0.7024278 0.89974463 0.31238708 0.7116653 0.89287966 0.86262643 0.092738114 0.7995843 0.94213223 0.9978805 0.987664 0.9278578 0.92717826 0.9609615 0.86307746 0.9620646 0.87874675 0.775015 0.9394184 0.7979228 0.4019935 0.3557883 0.067649886 0.89767873 0.858499 0.981584 0.95987964 0.996033 0.87029207 0.96730244 0.9251072 0.20765124 0.83744115 0.97189236 0.5624533 0.95911837 0.033550218 0.7991094 0.07023864 0.1141302 0.008984229 0.9150687 0.41327223 0.8989649 0.532467 0.02776031 0.029331002 0.0070503396 0.024133688 0.027014725 0.9998014 0.598883 0.041045535 0.008862918 0.9976251 0.00095926685 0.9914632 0.023566261 0.9955479 0.12824222 0.99421525 0.20659915 0.008326246 0.0012319726 0.9900229 0.0009039887 0.03292898 0.05356242 0.0074292743 0.0012894055 0.0026561155 0.51161534 0.99986565 0.00017390314 0.014235308 0.12451627 0.9945025 0.00012446684 0.011784558 0.013469322
0.8714524 2.0027762e-15 0.93627816 0.8515914 0.829351 0.84814876 0.8291984 0.9551488 0.26924637 0.060494233 0.6592573 0.34713778 0.008106406 0.07205014 0.51454073 0.0482561 0.35214102 0.020974634 0.02691138 0.014768846 0.03368152 0.14839776 0.0047634155 0.07331052 0.013464532 0.00037364863 0.0018351262 0.0043339827 0.0026874172 0.13587563 0.27654865 0.07938858 0.0010978357 3.2282405e-05 0.0025306225 0.0012943466 7.520451e-05 0.04484394 2.986452e-05 0.0070583182 0.00040041082 0.012970064 3.2018845e-05 0.0052578826 6.058296e-06 1.6881293e-05 0.0060885255 0.058221124 0.0026289765 8.0593986e-07 0.00095953577 2.3810635e-05 0.042202473 1.3065924e-06 0.00070531573 0.00057395955 0.019326618 0.015617067 8.869203e-07 0.008706057 3.402536e-05 0.0022993693 4.942551e-05 0.001090221 0.00027885856 2.0929965e-06 0.0010650732 0.000110390916 4.6424946e-05 1.1498062e-05 0.00017695011 0.0008657923 1.3461546e-05 1.54123e-06 0.0009569392 2.6650278e-05 5.071949e-07 0.019236779 1.6019264e-07 0.0069129746 1.0738591e-05 0.0043581566 3.0411418e-06 1.1136623e-05 1.72022e-05 0.00748629 0.00016418313 1.1179212e-06 3.060761e-06 1.0553575e-06 6.192615e-06 0.0027109021 1.4075814e-06 0.024481457 1.3888516e-05 0.00018161893 4.3132697e-08 2.3064734e-08 8.4781925e-05 2.90706e-06 7.754663e-07
0.95069826 0.93627816 1.9518849e-17 0.12450753 0.20183493 0.13763313 0.2309272 0.7083176 0.89461666 0.00029601424 0.17935422 0.090775706 7.5977085e-05 0.00093386404 0.43249425 0.778353 0.599331 0.73329693 0.0007164317 7.167549e-05 0.8183411 0.16203322 0.24909233 0.005605413 0.0005748412 2.1560522e-06 6.2044586e-05 0.00027857095 0.06985609 0.10876799 0.3312392 0.6107915 0.00022738295 1.4693012e-07 0.028810022 0.013791861 2.7306958e-06 0.38815174 5.214657e-07 0.045907732 0.008773566 0.002203014 3.6312426e-07 0.0029846071 5.4295776e-07 1.733706e-06 0.0017108456 0.04862552 0.021375151 8.998856e-08 0.048185367 0.00083421235 0.15633133 2.5350015e-05 0.0058732885 2.109242e-05 0.09637444 0.018498262 7.827847e-08 0.123159885 2.5563154e-06 0.0030081747 0.00023741492 0.16557321 1.479295e-05 0.0001920678 0.06960777 5.2126406e-06 0.0042823423 0.0004516074 0.0074271597 0.004373224 7.117172e-05 1.0810673e-05 0.011314871 0.00012491514 4.3428894e-08 0.023993727 2.0050267e-08 0.004587586 6.156163e-07 0.0008862187 1.0317979e-05 3.1337634e-06 7.2831375e-05 0.029415783 1.5559807e-06 1.3023055e-06 8.391497e-06 1.2938213e-07 0.00010976369 0.0016092251 1.4139667e-06 0.10504615 3.991846e-05 9.99659e-06 3.4894552e-07 4.602603e-09 0.00028616932 7.49285e-06 4.7979603e-07
0.9375002 0.8515914 0.12450753 8.7693967e-16 0.9669634 0.9094104 0.8525644 0.70157975 0.044065904 0.4133579 0.76700795 0.8353903 0.11034478 0.6780751 0.59318995 0.007844499 0.24020894 0.0006664514 0.54906976 0.04298251 0.0009463616 0.28454408 4.8168953e-05 0.53919774 0.2592843 0.0020773397 0.057590384 0.057774946 1.4886e-05 0.3765527 0.07387905 0.009830122 0.00047361126 6.195418e-05 2.8770895e-05 4.4166707e-05 6.466985e-05 0.023053557 2.4471463e-05 0.00022505278 1.3661712e-05 0.23819794 0.0003096421 0.039282754 8.976657e-06 1.9267627e-05 0.0037549883 0.015759597 3.7665188e-05 2.122146e-06 0.0003351956 7.579058e-07 0.06552215 3.2599782e-08 9.124674e-06 0.00997964 0.0021560967 0.03914042 1.2292128e-06 0.0043665473 6.0515606e-05 0.005897328 4.6161886e-06 0.00015856049 0.000117368174 7.197143e-08 0.00034961925 0.0014793479 1.8290972e-06 1.7755273e-06 3.7744132e-06 5.1283158e-05 1.1460943e-06 1.5198806e-07 0.0012377065 9.828418e-08 2.2854995e-06 0.0033047588 2.075389e-07 0.0012072568 1.2299568e-05 0.0011953124 2.9736543e-07 2.1948548e-05 5.6693953e-06 0.0005564925 0.00060271256 1.7917965e-07 1.8975132e-07 2.4127833e-06 6.1954e-07 0.023611194 2.3444716e-08 0.009671188 1.723053e-06 0.004324268 2.5269118e-08 2.6500706e-08 2.0134648e-05 2.2850181e-06 7.850649e-08
0.807069 0.829351 0.20183493 0.9669634 1.6837038e-15 0.60275275 0.7106127 0.6911582 0.12167782 0.050331082 0.3296384 0.9740457 0.013242744 0.24923776 0.8518487 0.014314902 0.41125178 0.0023062432 0.16751637 0.00380278 0.0009796397 0.3557614 8.308146e-05 0.52289194 0.08405361 0.00012655731 0.005623538 0.016558215 0.0001267282 0.36893275 0.04348282 0.010907098 0.000206952 1.3120884e-05 8.1276004e-05 0.00012878724 4.2368752e-05 0.027627049 7.8353605e-06 0.00021327348 2.4942367e-05 0.11015011 4.2921896e-05 0.031459592 5.270556e-06 1.146048e-05 0.0006389336 0.0053662527 7.2342715e-05 1.9467834e-06 0.00018827818 2.077493e-06 0.074777596 4.3132697e-08 1.2118366e-05 0.002155963 0.0014640156 0.057566483 3.3758377e-07 0.010819143 1.3074132e-05 0.008449905 1.2731565e-05 0.00038707847 2.9377e-06 8.857006e-09 0.0013063146 0.0001712735 3.850171e-06 2.2260017e-06 1.0345602e-06 3.205071e-05 1.4321508e-06 4.6930346e-08 0.0030843362 3.040937e-07 1.0069307e-07 0.00092698296 3.3699916e-08 0.00041042847 9.581047e-07 0.00027771815 2.1196611e-07 9.613387e-06 4.1315448e-06 0.00037250138 0.00067614607 1.08903194e-07 3.652075e-08 1.6969406e-07 4.846223e-07 0.030172748 4.5013916e-08 0.0053525963 1.6767541e-06 0.001999463 1.536947e-08 2.3524494e-08 3.6959478e-05 4.186719e-07 1.4146418e-07
0.9145808 0.84814876 0.13763313 0.9094104 0.60275275 1.3901432e-15 0.9674181 0.34118316 0.032307327 0.5870499 0.8864261 0.31742257 0.44323096 0.614443 0.18654202 0.010692713 0.055884823 0.002947577 0.31134692 0.25487304 0.001709089 0.08227029 0.0008192631 0.20317933 0.09913672 0.039116286 0.058513764 0.0120280925 5.767472e-05 0.15616101 0.2282329 0.023092391 0.0038798659 0.0016186849 7.516622e-05 4.7128477e-05 0.00075007003 0.006335386 0.0007337806 0.00057602464 1.1357593e-05 0.0766831 0.00030349678 0.009070998 9.2855174e-05 0.000144125 0.018075455 0.23244897 4.5334942e-05 1.1379376e-05 0.00015987238 1.16135e-07 0.012998867 1.8490807e-08 9.801789e-06 0.011245876 0.00905582 0.0064309607 2.8290047e-05 0.0021914062 0.00014018478 0.00070822175 1.448864e-06 4.8565496e-05 0.0030770546 1.928326e-08 0.00041214155 0.0017168979 8.661118e-06 1.2025384e-06 5.5791947e-06 9.211552e-05 5.461965e-07 8.337199e-08 0.00014101452 6.0787656e-08 2.1993996e-05 0.06458706 3.2188797e-07 0.028519357 0.0003024191 0.01994566 3.464924e-08 1.6098858e-05 7.259961e-07 0.003256781 0.00014981913 1.7350605e-08 1.151169e-07 3.789394e-05 1.1079677e-06 0.002721424 3.6672898e-09 0.027389914 2.4207786e-06 0.0012071842 7.410118e-10 2.640105e-07 3.2463817e-05 2.6805276e-07 2.2127727e-08
0.95102286 0.8291984 0.2309272 0.8525644 0.7106127 0.9674181 3.405044e-15 0.40426525 0.116376854 0.41232118 0.87914425 0.43229583 0.22925784 0.60029995 0.34282267 0.024032034 0.15047444 0.0033875015 0.48302442 0.1211859 0.002694639 0.25743455 0.0012421136 0.25621745 0.15009512 0.0059060287 0.056741785 0.014860001 0.00026808208 0.51334804 0.35306674 0.033071116 0.0015328199 0.00040845133 0.00026865816 0.00017860891 0.0002339536 0.033915766 0.00037631634 0.0016459686 6.2319086e-05 0.26476616 0.00028836617 0.03330142 2.761574e-05 2.379797e-05 0.0100368075 0.24528491 0.000160751 1.5023462e-06 0.00075470953 2.3072835e-06 0.06662883 1.09646855e-07 4.0566814e-05 0.010533567 0.012093903 0.018567422 3.536308e-06 0.004503168 0.00023573791 0.0024273132 1.491075e-05 0.0002618537 0.001887206 7.444608e-08 0.00044104207 0.0018414945 8.266172e-05 1.1723986e-06 0.00013362222 8.719716e-05 1.3027242e-06 9.194779e-07 0.00072317093 2.720745e-06 6.679288e-06 0.0849442 2.948772e-07 0.02785537 3.0314804e-05 0.018424343 1.5430426e-07 3.970145e-05 2.9116297e-06 0.0046604923 0.00011394911 4.450986e-08 7.5382155e-07 5.3292315e-06 4.8624912e-05 0.009655038 2.0798659e-08 0.035450175 2.2025879e-05 0.0011778222 6.3294068e-09 4.8133334e-08 0.0005208638 5.87144e-07 3.5057678e-08
0.98618793 0.9551488 0.7083176 0.70157975 0.6911582 0.34118316 0.40426525 1.1401631e-13 0.44726524 0.020313194 0.73616266 0.3464522 0.0136125395 0.0437618 0.40675336 0.12510617 0.3562926 0.02136425 0.07052199 0.0069031427 0.022190643 0.35877556 0.0047354354 0.032715935 0.014623383 0.0007380748 0.0039476287 0.0028148785 0.0022321942 0.57589865 0.869873 0.18756662 0.0004776391 2.5095927e-05 0.0045006266 0.00054927374 8.419951e-05 0.21267429 3.9939558e-05 0.013940901 0.0004784155 0.07447126 3.0614017e-05 0.030801505 6.2700706e-06 2.3895225e-06 0.002907365 0.15894923 0.002479724 2.5394561e-07 0.008229733 4.8401493e-05 0.12471782 1.1303506e-06 0.0003916071 0.001870493 0.07162331 0.016169455 2.2554532e-07 0.018197976 5.6680412e-05 0.0031369792 3.6404803e-05 0.0069590197 0.0005116282 1.16341635e-05 0.0026578512 0.0002687858 0.0003402192 3.3975405e-06 0.0004544173 0.0011896802 1.7769597e-05 1.4437861e-05 0.0039462415 3.8230206e-05 3.1549398e-06 0.07851954 1.6660173e-06 0.016894717 1.5569834e-05 0.008100278 2.7936105e-06 9.0103174e-05 1.9591962e-05 0.031451106 8.1888225e-05 3.1240534e-06 7.2571165e-05 6.023583e-07 0.000116496696 0.027818184 5.0321813e-07 0.08202081 9.290569e-06 0.0006825012 7.944478e-08 3.8855525e-08 7.502163e-05 3.2755947e-06 1.3347319e-06
0.9519316 0.26924637 0.89461666 0.044065904 0.12167782 0.032307327 0.116376854 0.44726524 9.682614e-16 5.5539178e-05 0.07006369 0.06082077 0.00012508454 0.0001089977 0.56708354 0.9275335 0.9109603 0.24778327 0.00063337793 2.8233662e-05 0.020727245 0.4643966 0.01473958 0.0035796096 0.00041622555 8.9836885e-06 0.0001007842 0.00013625858 0.0037321234 0.8172102 0.09294559 0.16185147 3.4971945e-05 4.354093e-07 0.002048868 0.0013997159 4.202999e-06 0.91223973 1.298419e-06 0.001809302 0.0008344868 0.096368 6.793059e-07 0.060385536 1.771208e-06 2.564613e-06 0.00013923283 0.0011220169 0.0008667473 2.7454297e-07 0.049745157 0.000121815916 0.67629224 6.744738e-06 0.00014536778 0.00026765824 0.0038103906 0.17649174 1.1949436e-07 0.4968508 6.3840425e-06 0.044721335 8.244309e-05 0.39555937 1.3805379e-06 1.1209436e-06 0.31155702 5.451957e-05 0.008516227 0.00027377627 0.0006107402 0.00055765855 1.0270473e-05 3.7577197e-06 0.17746626 6.1452876e-05 7.083345e-08 0.00032802872 3.220235e-08 0.00012186228 5.104261e-07 3.2331423e-05 1.5277011e-06 2.141131e-06 0.00010247662 0.00045287583 6.106666e-05 5.294448e-07 1.6885116e-06 6.5940316e-07 5.326359e-05 0.12852448 7.04296e-07 0.024584124 0.00030223775 0.00012221796 3.1800315e-07 6.9205264e-08 0.0014000515 5.3951117e-06 3.075313e-07
0.8053088 0.060494233 0.00029601424 0.4133579 0.050331082 0.5870499 0.41232118 0.020313194 5.5539178e-05 1.2482696e-18 0.2109084 0.045917016 0.9897174 0.94540465 0.0057022115 3.639088e-05 0.00069879054 1.3544127e-05 0.4239979 0.81312084 4.545807e-05 0.0036099283 3.8608605e-06 0.2726496 0.28932506 0.4563661 0.6094298 0.06518004 2.9786681e-06 0.0055343052 0.054358274 0.004035436 0.051298793 0.083649136 8.680773e-06 5.085428e-07 0.015791642 2.8440369e-05 0.04020523 2.001862e-05 2.60012e-06 0.013114437 0.04606687 0.0006109604 0.0005979167 0.001951857 0.08024356 0.339827 2.1921785e-06 0.0002866522 3.296478e-06 2.0644125e-08 0.00031956783 2.0583436e-10 6.9147085e-08 0.06981271 0.0014445126 0.00038272727 0.00019109764 3.0415363e-06 0.0018584172 5.8419606e-05 6.7327693e-07 5.3277506e-07 0.0072888043 2.2905527e-10 1.0977823e-06 0.008705796 9.235587e-08 4.7656914e-09 3.976285e-08 6.8671948e-06 5.56133e-08 8.491647e-09 2.2398967e-06 1.7003595e-08 2.9264467e-05 0.028646039 2.5903214e-06 0.015956244 0.0002650637 0.013556837 1.549172e-07 0.00026231437 1.7659438e-08 0.00041164775 5.73106e-05 2.6563949e-09 1.1899772e-09 6.1324286e-06 1.43653205e-08 5.7439458e-05 4.3147903e-09 0.0043092417 1.1081859e-07 0.0007989089 6.8644934e-09 1.1366175e-07 1.5991851e-07 8.805311e-09 9.6582635e-09
0.993794 0.6592573 0.17935422 0.76700795 0.3296384 0.8864261 0.87914425 0.73616266 0.07006369 0.2109084 3.7308766e-14 0.23503138 0.2551558 0.2792282 0.1288261 0.022737106 0.059246078 0.007837981 0.25096998 0.28878698 0.00506597 0.112729505 0.0017464967 0.087056756 0.06914025 0.01954305 0.02209161 0.009954949 0.00061266386 0.23682894 0.7755739 0.1707848 0.008662387 0.0017867663 0.0005537623 0.00016962814 0.0013879731 0.01680481 0.0013467273 0.0037772565 0.00014067428 0.083366655 0.0003968612 0.009809412 0.00014082999 0.00026992144 0.090550795 0.7653171 0.00046495 3.3708744e-05 0.00030101146 3.6343004e-06 0.015830426 1.2385955e-07 1.7134807e-05 0.0082407165 0.11048549 0.0054864604 2.0249341e-05 0.0016732927 0.00018804581 0.0010225604 4.6927576e-06 0.000583809 0.012030604 3.152442e-07 0.0002772252 0.0010435184 0.00013571001 2.8113438e-06 3.3313784e-06 0.00031023653 8.8315555e-06 2.4215522e-06 0.0009792993 2.4761991e-06 1.4641929e-05 0.3875648 2.936102e-07 0.17455634 0.00041868156 0.123815425 2.11858e-07 0.00042435192 2.8829261e-05 0.02562429 0.000103253864 2.9614733e-07 2.8208294e-06 2.1871947e-05 3.869432e-05 0.007537763 5.7581147e-08 0.09780968 6.5906775e-06 0.0007816721 3.335899e-08 1.1557787e-06 3.8652386e-05 3.55192e-06 5.005426e-07
0.61585134 0.34713778 0.090775706 0.8353903 0.9740457 0.31742257 0.43229583 0.3464522 0.06082077 0.045917016 0.23503138 6.372389e-15 0.019922577 0.1597518 0.97538614 0.009445632 0.29747054 0.00075624994 0.36884353 0.0029392557 0.00029650753 0.67034525 6.0458442e-05 0.88150746 0.21109833 0.0004443967 0.010583284 0.113610916 6.64395e-05 0.576218 0.019250438 0.0036949222 0.0006396109 4.7225476e-05 4.1149335e-05 4.8812755e-05 0.00019324831 0.01698751 9.0994254e-05 0.00010712627 1.5628568e-05 0.1902371 0.00012554704 0.042244792 3.5574405e-05 9.8153854e-05 0.00090873847 0.0032749951 2.134097e-05 1.8176665e-05 4.6594607e-05 2.2516663e-07 0.024858857 5.3865943e-09 2.1162507e-06 0.005722445 0.00063232775 0.024306772 3.3115618e-06 0.002193014 3.430308e-05 0.0029625501 6.2433006e-05 2.802653e-05 1.4705516e-05 2.076646e-09 0.0002543265 0.00088150724 7.836627e-07 2.1673691e-07 1.2648604e-07 6.220508e-05 3.2901042e-07 7.018725e-08 0.00049607723 2.4716314e-06 9.8721195e-08 0.00040434944 1.5236953e-08 0.00030819676 5.0017356e-06 0.00026263326 1.9045638e-07 1.2663258e-05 3.3561412e-07 0.00014391636 0.0005178458 1.1698637e-07 8.278391e-09 1.2319226e-06 2.4676146e-07 0.013573597 9.862338e-07 0.0020809602 6.9675417e-07 0.0013941751 4.909504e-08 1.923733e-07 8.950184e-06 7.36825e-07 1.6478964e-07
0.91313964 0.008106406 7.5977085e-05 0.11034478 0.013242744 0.44323096 0.22925784 0.0136125395 0.00012508454 0.9897174 0.2551558 0.019922577 3.6832e-18 0.8095623 0.00238416 5.508637e-05 0.00039117632 8.82594e-06 0.45777237 0.8495077 9.9929675e-06 0.0033996524 3.7923708e-06 0.21678415 0.31620097 0.71630806 0.64259565 0.06707214 3.3848207e-06 0.033145245 0.026392857 0.002046871 0.0899272 0.12971686 9.53406e-07 8.7355886e-07 0.029292742 0.00016253038 0.09756072 2.5365396e-05 1.6890656e-06 0.07862922 0.090384975 0.0031344795 0.0014039866 0.00546482 0.08794308 0.1887289 3.7040581e-06 0.0005057893 1.199482e-05 9.555378e-09 0.0003148811 2.4261912e-10 2.5663732e-07 0.29703286 0.0004073926 0.0007713135 0.00047433426 2.708819e-05 0.01863206 0.00023300858 1.854133e-06 2.7377584e-07 0.0041176598 9.73999e-10 2.7407666e-06 0.06897414 5.6595525e-08 4.4795e-08 2.853657e-07 3.8831895e-06 1.0131358e-07 8.277116e-08 8.4097e-06 1.749674e-07 0.000109995686 0.02174619 4.2857268e-05 0.013924862 0.0002245087 0.0066629443 1.6884888e-08 0.0011765378 6.282559e-07 0.0002205429 0.00013498821 4.694456e-09 9.00603e-09 1.6935019e-05 3.5811112e-07 0.0002053411 3.1802587e-09 0.004912341 1.0719862e-06 0.007864247 3.0214444e-09 4.2746322e-07 3.1000836e-05 2.6848926e-07 8.854743e-09
0.94514215 0.07205014 0.00093386404 0.6780751 0.24923776 0.614443 0.60029995 0.0437618 0.0001089977 0.94540465 0.2792282 0.1597518 0.8095623 3.747031e-17 0.009180064 2.6773216e-05 0.0005667812 1.2896072e-05 0.97780025 0.40397322 5.04795e-06 0.007429466 2.4525375e-06 0.58616835 0.576042 0.2386889 0.8765071 0.13377611 1.8396426e-06 0.02100638 0.061761003 0.004778364 0.014414611 0.023444088 1.969412e-06 1.157771e-06 0.008739652 9.319211e-05 0.02678495 5.626681e-06 3.9634187e-07 0.04458923 0.052287493 0.0018940424 0.00021788786 0.0011910198 0.048054878 0.08587913 1.1258461e-06 0.0001680739 1.3120502e-06 6.9434756e-09 0.00052913436 2.1007991e-10 4.7909662e-08 0.10268763 0.00083724415 0.0011951693 6.2487146e-05 2.4269057e-05 0.0035163893 0.00029938732 6.810688e-06 8.180275e-07 0.00070752675 6.82989e-11 4.2420443e-06 0.015292391 1.7188185e-08 9.63543e-09 1.5689122e-07 1.745683e-06 1.9830779e-08 6.5800596e-09 1.1887115e-05 8.326631e-08 3.0187259e-05 0.013544154 1.2224457e-07 0.0052590836 0.000103096034 0.0022303113 3.007882e-08 0.00042631335 2.5942708e-07 0.000110723995 0.00034505146 2.0602545e-08 4.5708286e-09 1.1224465e-06 1.5477232e-07 0.0012563915 1.2787777e-08 0.003816537 2.8004862e-07 0.0066603995 1.1604382e-08 2.2900572e-08 7.6809357e-07 2.7223427e-07 1.9176342e-08
0.5273591 0.51454073 0.43249425 0.59318995 0.8518487 0.18654202 0.34282267 0.40675336 0.56708354 0.0057022115 0.1288261 0.97538614 0.00238416 0.009180064 5.3413496e-18 0.11132273 0.93448806 0.0038344811 0.01650236 0.0004475491 0.0016244214 0.9583121 0.00035517116 0.11977818 0.008534211 0.000138794 0.00015412668 0.012198757 0.00014240637 0.6258547 0.017300585 0.007947128 0.00023859703 1.325934e-05 0.00013387503 9.625705e-05 3.8487633e-05 0.12640761 9.521907e-06 0.00024174154 1.5797223e-05 0.086888716 3.0028217e-05 0.027069818 6.481455e-06 6.9757903e-06 0.00047220502 0.0019093425 7.539079e-05 4.479635e-07 9.195683e-05 8.099195e-07 0.04853844 2.676014e-09 4.3883574e-06 0.00039684383 0.0008429055 0.030183448 2.900642e-07 0.0069718 5.4479888e-06 0.003989875 1.3188114e-05 5.540634e-05 4.597714e-06 1.4694741e-08 0.0004614387 0.00011638342 2.0252364e-06 4.4415833e-07 1.5427696e-06 0.00011981804 5.105673e-07 3.3410696e-08 0.0016597714 5.300756e-06 1.0258529e-07 0.0002350075 4.186765e-08 0.00022198897 2.698095e-06 5.730885e-05 7.050147e-08 2.309747e-06 1.5613246e-06 0.00010483097 0.0003010307 1.3553817e-07 1.4293332e-08 2.171824e-07 1.4463127e-06 0.0212267 1.9195234e-07 0.0021799617 5.5431574e-06 0.00022574945 2.5638414e-07 4.081573e-08 4.4973433e-05 6.5939907e-06 4.9212233e-08
0.9095071 0.0482561 0.778353 0.007844499 0.014314902 0.010692713 0.024032034 0.12510617 0.9275335 3.639088e-05 0.022737106 0.009445632 5.508637e-05 2.6773216e-05 0.11132273 7.921129e-16 0.78307223 0.9639986 0.00019689315 4.908224e-05 0.038858905 0.18780476 0.1601101 0.0008736315 6.642429e-05 8.865483e-07 1.6884624e-05 7.620341e-05 0.0077285175 0.3643539 0.03557629 0.17182657 5.5805363e-06 2.4012001e-08 0.004316571 0.0065294867 7.1404156e-07 0.87463766 2.2356487e-07 0.0020191981 0.009431752 0.0054482906 1.2136825e-07 0.017700717 5.5312313e-07 1.0393504e-06 3.6654656e-05 0.00041827152 0.0018239832 6.680676e-08 0.26910937 0.00087553856 0.56424725 4.4343884e-05 0.0005318053 8.2886145e-05 0.0027663254 0.07348799 1.6909382e-08 0.54596555 7.2933886e-07 0.019755656 0.0002056835 0.69173145 6.853131e-07 5.3311556e-05 0.39508975 1.056493e-05 0.048300564 0.015923128 0.01676153 0.00045850076 3.0368134e-05 1.9630266e-05 0.1056776 3.2318756e-05 3.1663276e-08 0.0003079065 3.1288703e-09 0.00012624051 7.9460385e-08 1.0401631e-05 4.6971136e-06 6.498924e-07 0.0012271351 0.00030999226 9.583258e-05 6.375655e-07 1.9461152e-06 3.0262922e-07 0.00033060307 0.02134252 2.4400597e-07 0.022308266 0.0011261984 1.8122386e-05 3.4078305e-08 2.7729505e-09 0.0038550547 1.9227598e-06 4.1720872e-07
0.5092408 0.35214102 0.599331 0.24020894 0.41125178 0.055884823 0.15047444 0.3562926 0.9109603 0.00069879054 0.059246078 0.29747054 0.00039117632 0.0005667812 0.93448806 0.78307223 1.638724e-18 0.038244918 0.0020795648 4.9159768e-05 0.005679063 0.9801067 0.0015375108 0.014059885 0.0006662242 3.6406414e-06 3.915406e-05 0.0010219599 0.00052984484 0.63633835 0.018921284 0.015257741 2.1402706e-05 4.5679135e-07 0.00041853666 0.00034434648 3.747806e-06 0.4314699 4.177333e-06 0.00047059337 0.0001718645 0.04555532 4.5686606e-06 0.02683133 4.775145e-07 5.302219e-07 5.2110132e-05 0.00021484128 0.00016549136 4.385901e-08 0.00073869905 7.570423e-06 0.2181522 4.9315215e-08 4.893415e-06 7.805711e-05 0.0010928906 0.080656864 5.8778017e-08 0.066445954 1.2998338e-06 0.012482518 2.6710199e-05 0.0013422741 2.1874511e-07 6.061006e-08 0.0059827613 2.0043608e-05 7.904383e-05 1.0228115e-06 9.806324e-06 0.0002246567 3.2267217e-06 2.2861481e-07 0.007536215 3.3575754e-05 2.0218938e-08 8.372046e-05 1.2362653e-08 5.055227e-05 3.1859066e-08 2.606246e-05 3.251894e-07 3.2237506e-06 5.210742e-06 0.00011500305 0.00030218612 1.7499924e-07 1.1733531e-07 1.5681275e-08 8.733311e-06 0.030901415 1.5277776e-07 0.0030790449 2.4586201e-05 7.864967e-05 8.7501675e-08 9.762238e-09 0.0006068372 1.3284662e-06 1.2982721e-07
0.88952583 0.020974634 0.73329693 0.0006664514 0.0023062432 0.002947577 0.0033875015 0.02136425 0.24778327 1.3544127e-05 0.007837981 0.00075624994 8.82594e-06 1.2896072e-05 0.0038344811 0.9639986 0.038244918 2.2859304e-18 4.5752076e-05 1.9662306e-05 0.5739145 0.0065959883 0.97732437 0.0002655885 3.286222e-05 1.8391163e-06 2.968227e-06 1.821538e-05 0.06606225 0.009862546 0.036041547 0.49845082 1.6575774e-05 5.1638153e-08 0.03455507 0.056912515 2.3972786e-06 0.2824102 2.3164075e-07 0.019911114 0.23469685 0.0003012234 1.08590214e-07 0.0008416327 1.1137031e-06 1.403639e-06 0.00012401848 0.0029781172 0.014016957 7.763272e-08 0.6403182 0.00928419 0.032496594 0.0007176954 0.005308524 1.1875229e-05 0.010673118 0.0019158788 1.720557e-08 0.048166797 7.984e-07 0.00056469615 0.001210644 0.7663899 2.2519039e-06 0.0008001525 0.13708508 4.4695535e-06 0.07674623 0.09683299 0.11216916 0.0037922647 0.00021662959 0.00017300821 0.004977843 0.00056635565 5.8903257e-08 0.0013636024 1.352132e-09 0.0005763065 5.9755465e-08 2.420524e-05 2.1900792e-05 5.0437436e-08 0.007123616 0.0013096546 2.9465807e-06 1.5660584e-05 1.761009e-05 1.13107575e-07 0.0020829549 6.966353e-05 9.4683315e-07 0.035618242 0.0012828258 5.775645e-07 4.0752894e-07 3.5419107e-10 0.00097603543 1.1668253e-05 1.4525676e-06
0.9133305 0.02691138 0.0007164317 0.54906976 0.16751637 0.31134692 0.48302442 0.07052199 0.00063337793 0.4239979 0.25096998 0.36884353 0.45777237 0.97780025 0.01650236 0.00019689315 0.0020795648 4.5752076e-05 7.008506e-15 0.063837744 6.6763014e-06 0.020503547 5.3667845e-06 0.88369584 0.9033341 0.017993065 0.94218165 0.4143704 5.5868404e-06 0.173999 0.020343138 0.0038102365 0.003130194 0.001107267 1.13158185e-05 1.8268518e-06 0.0009671136 0.005597091 0.0032814418 2.605361e-05 2.0472612e-06 0.3999829 0.02807429 0.03685402 0.00016307442 0.0004643879 0.00534378 0.009052103 1.3324953e-05 0.00023913807 1.977906e-05 3.624456e-08 0.015079429 1.1166207e-09 4.0146801e-07 0.3881239 0.00025609788 0.012822309 2.9968542e-05 0.0017907403 0.0022814593 0.0017174564 4.973823e-06 1.5205216e-05 8.935212e-05 5.082708e-09 5.924001e-05 0.09952564 1.2964372e-07 7.552042e-08 7.921437e-07 2.9903706e-05 1.0168179e-07 7.832163e-08 0.0005810922 6.700364e-07 5.178211e-06 0.0016865538 9.954554e-07 0.00073138956 4.4689335e-05 0.0005296668 9.800508e-08 0.00058475265 4.5881347e-06 3.463182e-05 0.0027484556 2.1298861e-07 2.3882466e-08 1.2784327e-06 9.4522636e-07 0.03316185 1.1883862e-07 0.0048770374 1.1031441e-06 0.06537881 7.030099e-08 1.9655533e-07 4.0249524e-06 3.1000552e-06 6.957811e-08
0.97334045 0.014768846 7.167549e-05 0.04298251 0.00380278 0.25487304 0.1211859 0.0069031427 2.8233662e-05 0.81312084 0.28878698 0.0029392557 0.8495077 0.40397322 0.0004475491 4.908224e-05 4.9159768e-05 1.9662306e-05 0.063837744 6.0893907e-17 1.9447543e-05 0.00048170172 1.250828e-05 0.013906874 0.02663596 0.96480983 0.121491306 0.010803698 2.095464e-05 0.00020993834 0.1582006 0.017100617 0.5671625 0.21399541 2.9577903e-05 7.684903e-06 0.10602023 5.641371e-06 0.058747314 8.629323e-05 1.2004073e-06 0.00096015 0.012177724 0.00019080463 0.017976858 0.014140864 0.49778527 0.8679569 2.158097e-06 0.0015753187 4.6269495e-05 9.459869e-08 1.6842938e-05 2.353678e-09 2.4721086e-07 0.021325612 0.006983768 3.9905295e-05 0.0012034638 4.9365116e-07 0.0016773588 0.00011429728 4.0839914e-06 9.994183e-07 0.04558247 2.4071888e-08 4.244055e-06 0.0020545188 1.6065758e-07 4.2204197e-06 9.689728e-08 3.102793e-05 2.7901e-07 1.543643e-07 3.56057e-05 7.0570216e-08 2.5583093e-05 0.25676855 3.7981079e-06 0.19235137 0.002223337 0.1215834 1.514312e-07 0.0003277607 5.700107e-06 0.005047269 4.141257e-06 6.115526e-08 1.0333073e-07 0.00010671452 4.9438595e-06 5.3371077e-05 2.2048955e-07 0.032019045 6.5101617e-06 8.027175e-05 2.5179773e-08 2.840712e-06 1.3289345e-05 5.887041e-06 3.882443e-07
0.8621621 0.03368152 0.8183411 0.0009463616 0.0009796397 0.001709089 0.002694639 0.022190643 0.020727245 4.545807e-05 0.00506597 0.00029650753 9.9929675e-06 5.04795e-06 0.0016244214 0.038858905 0.005679063 0.5739145 6.6763014e-06 1.9447543e-05 3.5007247e-18 0.0007526385 0.8608441 0.00022398711 3.8145536e-05 4.7720882e-06 1.260383e-06 3.6059384e-06 0.97817117 0.0002540092 0.19668815 0.8500159 0.0003901871 2.539427e-07 0.6106036 0.49984807 1.2232878e-05 0.009050467 1.0531627e-06 0.48533702 0.4420452 9.0779463e-07 5.317956e-08 5.9607482e-06 9.942221e-07 1.1168972e-06 0.004206695 0.07175787 0.15687932 5.247265e-08 0.2767342 0.05882601 0.0007383909 0.018830994 0.068143964 1.3862964e-05 0.18134911 1.1300052e-05 6.890352e-08 0.0006264877 1.9936029e-07 1.639671e-05 0.0040665143 0.086542554 0.00015581786 0.017508393 0.0019325633 1.581706e-05 0.0019282518 0.021855526 0.0891817 0.028340748 0.0009201381 0.00029528764 3.8425947e-05 0.006233416 9.3324966e-09 0.024144812 2.3542794e-09 0.0076811267 1.6664636e-06 0.00080032647 2.042388e-06 1.0130813e-06 0.00050258654 0.036531307 2.7841145e-07 5.8502283e-05 2.3378796e-05 1.165264e-07 0.0010630696 9.3021135e-06 2.6354578e-06 0.09161799 2.0626367e-05 3.2942437e-06 1.4386276e-07 4.723955e-08 1.3630712e-05 0.00018077652 4.332649e-07
0.7024278 0.14839776 0.16203322 0.28454408 0.3557614 0.08227029 0.25743455 0.35877556 0.4643966 0.0036099283 0.112729505 0.67034525 0.0033996524 0.007429466 0.9583121 0.18780476 0.9801067 0.0065959883 0.020503547 0.00048170172 0.0007526385 7.8568786e-16 0.0004053518 0.12516871 0.009536707 0.0001193714 0.0006918594 0.013003058 0.00010768205 0.93339676 0.016505964 0.0060802256 0.00013573862 7.041956e-06 5.4635177e-05 5.3857944e-05 4.3707176e-05 0.28360206 8.669733e-05 0.0001354487 3.796527e-05 0.18238819 0.00013639171 0.09938307 8.161445e-06 1.4766368e-05 0.0005831393 0.00086040003 4.4936438e-05 1.5670917e-06 0.0003815958 1.4156088e-06 0.1747765 1.0884437e-08 3.2411244e-06 0.002196389 0.00055829185 0.111479305 1.1470884e-06 0.039597552 4.318932e-05 0.016945854 1.47363035e-05 0.00037841374 5.6750914e-06 2.1376763e-08 0.0032019806 0.0005825846 3.51036e-05 3.4754917e-06 4.2639913e-06 0.00013982083 1.1948553e-06 8.264989e-07 0.007818511 2.2370925e-05 1.8031335e-06 0.00029679836 3.2879413e-08 0.00021077551 2.8033148e-06 0.00011253053 6.355307e-07 2.47053e-05 1.894378e-05 0.00011829007 0.0025904207 2.6254196e-07 9.106547e-08 7.2457675e-07 9.854662e-06 0.06621343 1.4352374e-07 0.004751848 2.4418287e-05 0.0010014892 3.302441e-08 4.992204e-08 0.00039316755 6.6921557e-06 1.1157299e-07
0.89974463 0.0047634155 0.24909233 4.8168953e-05 8.308146e-05 0.0008192631 0.0012421136 0.0047354354 0.01473958 3.8608605e-06 0.0017464967 6.0458442e-05 3.7923708e-06 2.4525375e-06 0.00035517116 0.1601101 0.0015375108 0.97732437 5.3667845e-06 1.250828e-05 0.8608441 0.0004053518 3.983997e-16 9.662217e-05 1.3005598e-05 3.5168857e-06 5.7026654e-07 5.291639e-06 0.3067944 0.000394222 0.028311148 0.5463779 4.2774587e-05 9.445212e-08 0.18988632 0.48999453 6.1565356e-06 0.010003047 3.2227683e-07 0.04716265 0.85440344 1.8440294e-05 2.7466865e-07 0.00014801977 3.0611725e-06 7.831166e-07 7.2710194e-05 0.0021304246 0.04839043 5.1195077e-08 0.81019056 0.068870604 0.0013622142 0.008344367 0.030650971 4.2566294e-06 0.021049034 0.00024397978 7.08425e-08 0.0025209247 6.7297003e-07 7.60606e-05 0.014375842 0.47412157 9.613975e-06 0.014583726 0.015186877 7.77446e-06 0.022124445 0.13701345 0.5953848 0.013250928 0.0016836622 0.0017855971 0.00027943598 0.004365459 1.280101e-07 0.002124223 2.1294837e-09 0.0009906602 1.3115662e-06 4.1391268e-05 9.9570134e-05 2.375475e-07 0.005500228 0.0027646003 3.1778973e-07 0.00012528834 0.00034391723 1.1424289e-06 0.005241034 3.8935723e-06 1.2876715e-05 0.049894582 0.00044391362 2.822117e-07 1.003762e-05 3.6500605e-09 9.635201e-05 0.00019969093 3.9787148e-05
0.31238708 0.07331052 0.005605413 0.53919774 0.52289194 0.20317933 0.25621745 0.032715935 0.0035796096 0.2726496 0.087056756 0.88150746 0.21678415 0.58616835 0.11977818 0.0008736315 0.014059885 0.0002655885 0.88369584 0.013906874 0.00022398711 0.12516871 9.662217e-05 2.900911e-16 0.7334269 0.0042572995 0.07437207 0.9935093 2.8426351e-05 0.26603392 0.012531833 0.003276743 0.00076414866 0.00034396673 3.0132378e-05 1.2204516e-05 0.000434919 0.001360849 0.00081197364 2.0235904e-05 1.5303236e-05 0.46877152 0.012888824 0.03859596 0.00011893789 0.0002749167 0.0013792214 0.0022044964 1.0935926e-05 8.02038e-05 2.0121443e-05 1.7127259e-07 0.0057545556 2.2111095e-09 4.2464904e-07 0.14396845 0.00025627916 0.012177394 4.1621966e-05 0.0004421469 0.0007148002 0.0015657546 3.6343434e-05 5.0380713e-06 1.5705455e-05 3.254087e-09 2.1651009e-05 0.020977883 7.256472e-07 9.1954234e-08 7.030002e-07 5.6092234e-05 2.11074e-06 3.9384378e-07 0.00019965171 3.6638487e-06 3.1362552e-07 0.00042846825 4.259295e-07 0.00022221054 3.6419937e-07 0.00018225207 2.284204e-07 4.1445266e-05 6.811431e-07 0.000109235174 0.0019103843 1.2069423e-06 1.0144623e-07 2.2739344e-07 7.840724e-07 0.015954187 1.9013552e-07 0.0014443336 3.4637912e-06 0.018077403 1.1875155e-06 1.9317051e-08 1.4894761e-05 1.4797727e-06 1.1822143e-07
0.7116653 0.013464532 0.0005748412 0.2592843 0.08405361 0.09913672 0.15009512 0.014623383 0.00041622555 0.28932506 0.06914025 0.21109833 0.31620097 0.576042 0.008534211 6.642429e-05 0.0006662242 3.286222e-05 0.9033341 0.02663596 3.8145536e-05 0.009536707 1.3005598e-05 0.7334269 2.1507225e-16 0.02156779 0.93647116 0.9856317 1.383528e-05 0.078076564 0.008022052 0.0018347788 0.0028311014 0.004995841 7.956739e-06 2.554914e-06 0.0015881368 0.00031408455 0.017537052 1.6366293e-05 6.8824183e-06 0.26420215 0.062090702 0.014382376 0.00040266514 0.000982545 0.0050361836 0.0055873552 3.5228875e-06 0.00030333182 4.1470507e-06 4.443962e-08 0.0016217784 1.0909749e-09 5.263225e-07 0.29673275 8.8770736e-05 0.0054627256 0.00045077893 0.00034619303 0.007498787 0.0007924747 4.381738e-06 8.313936e-06 7.9181904e-05 2.121299e-09 4.6199257e-05 0.07040891 3.7881324e-07 1.3668722e-07 1.1018803e-06 4.227225e-05 6.428081e-07 7.108136e-07 0.00011563189 1.2857204e-05 8.285643e-05 0.0008226382 5.254466e-06 0.00081614347 1.0508005e-05 0.00019485668 1.4128204e-07 0.00084038 6.346394e-06 5.7823803e-05 0.0013860643 8.000448e-07 3.2833273e-07 1.3230706e-05 2.1712597e-06 0.016610255 2.4310867e-07 0.0019416765 8.909222e-06 0.043565467 1.0042728e-06 2.0962393e-07 1.8111812e-05 9.239808e-06 6.421991e-07
0.89287966 0.00037364863 2.1560522e-06 0.0020773397 0.00012655731 0.039116286 0.0059060287 0.0007380748 8.9836885e-06 0.4563661 0.01954305 0.0004443967 0.71630806 0.2386889 0.000138794 8.865483e-07 3.6406414e-06 1.8391163e-06 0.017993065 0.96480983 4.7720882e-06 0.0001193714 3.5168857e-06 0.0042572995 0.02156779 2.465117e-18 0.22431755 0.0055817743 2.5025174e-06 4.532863e-05 0.021684503 0.0031837856 0.7128575 0.93982244 1.0926148e-05 1.4879237e-06 0.7840899 6.5199066e-07 0.39908323 2.5416392e-05 4.0664654e-07 0.00078566273 0.13809264 3.9343195e-05 0.2750564 0.2594947 0.3170605 0.31532198 1.1386437e-06 0.026524672 3.9999097e-05 1.5860886e-08 2.029426e-06 2.9654115e-10 7.284203e-08 0.103113055 0.0019676776 3.7076595e-06 0.0153268855 2.0971541e-08 0.025546098 3.288926e-06 2.03268e-06 2.7197127e-06 0.111388095 5.343664e-10 1.4006317e-06 0.008391546 1.00191706e-07 5.2328225e-08 8.767722e-09 3.3671745e-06 3.426868e-07 3.223707e-08 9.87446e-07 2.987145e-08 0.00027617332 0.061638333 0.0005582423 0.07794927 0.0071206857 0.09644703 9.284563e-08 0.0028052337 1.8954277e-07 0.00057301996 5.336252e-07 4.3196153e-09 7.781561e-09 0.0001505559 3.2167804e-07 3.8493963e-06 4.2125738e-08 0.0074867397 2.0876966e-07 0.00014547278 1.2209533e-09 9.620753e-06 1.0308369e-07 5.686571e-08 2.5380746e-08
0.86262643 0.0018351262 6.2044586e-05 0.057590384 0.005623538 0.058513764 0.056741785 0.0039476287 0.0001007842 0.6094298 0.02209161 0.010583284 0.64259565 0.8765071 0.00015412668 1.6884624e-05 3.915406e-05 2.968227e-06 0.94218165 0.121491306 1.260383e-06 0.0006918594 5.7026654e-07 0.07437207 0.93647116 0.22431755 2.7932799e-14 0.65596557 8.343876e-07 0.0135417525 0.003886061 0.00045361952 0.020226583 0.21743976 1.2294039e-06 1.1851273e-06 0.02576213 0.00013977497 0.4954104 1.849894e-06 1.0920998e-06 0.25822183 0.9334263 0.0075951517 0.0038418784 0.033629004 0.029234063 0.01941993 1.5146088e-06 0.011079699 4.012263e-06 7.718885e-09 7.245429e-05 4.3238668e-10 5.5032622e-08 0.89316344 1.1996971e-05 0.00030232593 0.009485546 4.686912e-06 0.444214 1.3603933e-05 2.3887364e-06 1.8976914e-06 0.0011291743 1.3762853e-10 1.7956173e-06 0.34864604 5.6568542e-08 2.2210859e-08 4.2402963e-08 5.3661397e-06 4.5399084e-08 1.2263014e-07 2.3633647e-06 7.252989e-06 0.0074850083 0.0007927193 0.0021032835 0.00097538787 0.0005066571 0.00052464625 8.7393477e-07 0.021689523 5.010589e-07 1.146131e-05 0.0024164622 1.9059374e-07 5.1344573e-09 9.560255e-05 5.2065793e-08 0.00023446241 8.781701e-08 0.0012031426 1.05587844e-07 0.12932591 1.06248045e-07 5.59566e-06 1.8738618e-07 5.339225e-07 2.1091038e-08
0.092738114 0.0043339827 0.00027857095 0.057774946 0.016558215 0.0120280925 0.014860001 0.0028148785 0.00013625858 0.06518004 0.009954949 0.113610916 0.06707214 0.13377611 0.012198757 7.620341e-05 0.0010219599 1.821538e-05 0.4143704 0.010803698 3.6059384e-06 0.013003058 5.291639e-06 0.9935093 0.9856317 0.0055817743 0.65596557 1.7026535e-16 4.1198714e-06 0.04118465 0.001143198 0.00024039752 0.0012149357 0.0020529823 1.8936348e-06 6.84768e-06 0.00055692147 4.5086636e-05 0.006902958 1.7450257e-06 1.13175665e-05 0.43993357 0.1691704 0.01903149 0.00012947552 0.00049674994 0.0005464604 0.0011041594 1.2403515e-06 0.00032755634 1.942973e-05 9.176571e-08 0.0011972884 3.3337475e-09 5.3857065e-07 0.66423523 2.1410873e-05 0.0060858694 0.00011218741 6.9473586e-05 0.03743236 0.00085338973 5.20374e-06 6.2945683e-06 2.317897e-05 5.8062044e-10 2.0816153e-05 0.1594261 1.5018205e-06 2.5299656e-07 8.070478e-08 7.737558e-06 8.7945875e-07 7.4033693e-07 0.00015614706 5.3149693e-06 0.00022038394 8.84051e-05 2.6380226e-06 0.00013438861 2.872544e-05 8.139662e-05 1.8000081e-06 0.0019928752 4.6859034e-07 4.8819716e-06 0.011683041 7.982325e-07 1.3011552e-07 6.3904326e-06 1.8375218e-07 0.007208849 5.2825396e-07 0.00046060598 1.0293894e-06 0.089093454 3.3273647e-08 5.376485e-07 1.2865588e-06 6.3489887e-07 1.0116277e-07
0.7995843 0.0026874172 0.06985609 1.4886e-05 0.0001267282 5.767472e-05 0.00026808208 0.0022321942 0.0037321234 2.9786681e-06 0.00061266386 6.64395e-05 3.3848207e-06 1.8396426e-06 0.00014240637 0.0077285175 0.00052984484 0.06606225 5.5868404e-06 2.095464e-05 0.97817117 0.00010768205 0.3067944 2.8426351e-05 1.383528e-05 2.5025174e-06 8.343876e-07 4.1198714e-06 1.0107432e-13 0.00013330083 0.033312134 0.2906442 0.000100565674 3.7313526e-07 0.9494269 0.89354974 5.9077274e-06 0.0028528834 6.733668e-07 0.59006464 0.6490802 5.239797e-07 3.765427e-07 1.1453705e-05 2.2887714e-06 6.887933e-08 0.0004394156 0.029778846 0.23867078 1.785762e-08 0.62141263 0.41155562 0.00030616517 0.25888693 0.51581013 0.000100905476 0.07768958 1.0701461e-05 5.2208094e-08 0.00013298237 1.6237809e-06 7.264383e-06 0.081048176 0.026615651 3.7314418e-05 0.091523156 0.00041135913 2.1580756e-05 0.00020861631 0.012538892 0.08234743 0.047545563 0.033737883 0.004253527 3.8562768e-05 0.031256944 1.65828e-08 0.009249418 9.856624e-10 0.0016771597 5.66209e-06 0.00010539081 6.811665e-05 2.4814804e-06 2.8896202e-05 0.025792453 3.9412063e-07 0.00044691341 0.0026431778 7.335857e-07 0.0014005998 2.4437413e-05 5.655153e-05 0.07367447 7.0121546e-06 8.3027277e-07 3.529026e-05 1.1732827e-07 5.4910947e-06 0.0006677111 2.681346e-05
0.94213223 0.13587563 0.10876799 0.3765527 0.36893275 0.15616101 0.51334804 0.57589865 0.8172102 0.0055343052 0.23682894 0.576218 0.033145245 0.02100638 0.6258547 0.3643539 0.63633835 0.009862546 0.173999 0.00020993834 0.0002540092 0.93339676 0.000394222 0.26603392 0.078076564 4.532863e-05 0.0135417525 0.04118465 0.00013330083 2.3001666e-14 0.057727113 0.01661443 0.00013991339 1.6974026e-06 8.209114e-05 7.2112445e-05 2.5266865e-05 0.7998341 6.854453e-05 3.5934583e-05 5.4083794e-05 0.89083695 5.567276e-05 0.8134027 1.2732932e-06 1.154792e-05 0.0004742393 0.00032190164 2.2808454e-05 1.938565e-06 0.0007514476 5.6707387e-07 0.8589446 9.706594e-09 1.7525506e-06 0.006030072 0.00044580133 0.7572388 2.3358039e-06 0.42659885 9.0728405e-05 0.16124728 1.3778254e-05 0.0015086227 1.5575143e-06 2.9555384e-08 0.016296715 0.004093137 3.8500046e-05 9.055634e-06 2.8300854e-06 0.0003936964 4.6937238e-08 1.06759956e-07 0.10038096 1.1386084e-05 6.450668e-07 0.00014920758 2.2651307e-08 0.0001372682 1.1867277e-06 4.8687507e-05 4.7841706e-07 2.3862694e-05 4.4919387e-05 3.871455e-05 0.026492434 7.31955e-08 5.0004374e-08 5.156534e-07 2.4326303e-06 0.5055606 5.5126232e-08 0.00862911 1.6892405e-05 0.07837229 2.1496975e-08 1.8052653e-08 0.0018378805 8.407943e-06 3.2846427e-07
0.9978805 0.27654865 0.3312392 0.07387905 0.04348282 0.2282329 0.35306674 0.869873 0.09294559 0.054358274 0.7755739 0.019250438 0.026392857 0.061761003 0.017300585 0.03557629 0.018921284 0.036041547 0.020343138 0.1582006 0.19668815 0.016505964 0.028311148 0.012531833 0.008022052 0.021684503 0.003886061 0.001143198 0.033312134 0.057727113 9.0853574e-17 0.80590063 0.022798713 0.007032685 0.05100054 0.009015806 0.005377093 0.028359095 0.0025201796 0.07582125 0.0023408572 0.004773921 0.00020646451 0.000821811 0.0005515285 0.0010889439 0.057198316 0.5630647 0.0059117405 0.00018753842 0.012398011 0.0011657326 0.0065335673 0.0002286967 0.00088032644 0.0071604443 0.4197114 0.0011639186 5.6133517e-06 0.001734457 0.00030510942 0.00072199455 0.0002188767 0.0060498845 0.007096335 4.405901e-05 0.001714133 0.0019486161 0.00081812753 3.6975816e-06 0.00068295404 0.0007975656 0.00014492829 8.388897e-06 0.0032291648 1.43824645e-05 4.2473574e-05 0.59123755 1.0139555e-07 0.31570807 0.00029800294 0.06074202 6.840027e-07 9.6304335e-05 4.3172176e-06 0.21589014 0.00026223433 7.0012757e-06 7.3151365e-05 8.563671e-05 7.397498e-05 0.01744818 1.3860543e-07 0.37199664 6.1246606e-06 0.0003586103 1.9928255e-07 4.6163777e-06 0.00014142581 1.946724e-06 4.105226e-06
