5.591769e-20 0.009317497 0.01680493 0.19055063 0.17910644 0.75243545 0.0092792325 0.001669464 0.02010847 0.088485286 0.53936136 0.00015213215 0.5491049 0.89716154 0.059102215 0.070786804 0.23611338 0.8721443 0.5237483 0.7794374 0.9563774 0.0011726284 0.7987716 0.25401518 0.011002679 0.7889717 0.5777434 0.007875374 0.77172613 0.012738956 0.9585552 0.91707414 0.119930156 0.44085258 0.94739825 0.0024033047 0.18618503 0.92582196 0.95266205 0.9465207 0.92763746 0.91537267 0.720465 0.86597246 0.69130033 0.3178718 8.037654e-05 0.6896816 0.86484945 0.88619685 0.9107011 0.67743236 0.0016399551 0.021403292 0.44440007 0.87442744 0.9815991 0.81153506 0.40479755 0.865241 0.2086752 0.43957424 0.24498495 0.005538872 0.8849833 0.49895105 0.6543738 0.02187234 0.93765473 0.107295714 0.8976204 0.71632373 0.00038581697 0.9750789 0.94960827 0.9984976 0.013268811 0.8752711 0.95871323 0.8062595 0.9953884 0.8636448 0.05552773 2.8102517e-07 0.8426452 0.8668588 0.7235016 0.99107295 0.999981 0.99986726 0.9991806 0.07028986 3.0304196e-05 0.990512 1.359811e-07 0.24119389 0.9994884 0.996399 0.99758595 0.99973494 3.816937e-05
0.009317497 8.594477e-14 0.98365813 0.95443326 0.80366176 0.22717811 0.9703135 0.34542426 0.0064725694 0.14843024 0.13088188 0.0006891039 2.7334017e-05 0.111074716 0.007872825 6.706725e-05 9.711257e-06 0.1443871 5.4105352e-05 0.00010866953 0.0026989006 7.452362e-05 2.177446e-05 3.402536e-05 0.00013141053 0.012224705 0.0064757494 5.538737e-05 7.1708375e-05 0.0045688944 0.00012776039 7.273579e-05 0.00014511263 1.744196e-05 0.00018268137 4.916221e-05 5.5839805e-06 0.000110873516 9.4697854e-05 2.7717808e-06 0.0004748428 0.029321508 1.4135987e-06 3.6182914e-06 1.5406847e-06 0.00014659626 0.0003744239 0.00018379468 3.5873784e-06 5.799569e-06 1.01398555e-05 0.00011337341 0.0001644329 4.780513e-05 0.0024229535 5.5491793e-05 1.8197201e-05 0.00019025244 2.9506016e-06 0.0034699244 0.0006467436 0.00040448928 0.00011582835 5.385463e-06 9.463998e-05 1.8467563e-06 0.00018342033 7.2076006e-07 7.4898315e-05 2.2272395e-06 1.5260652e-05 1.1022676e-05 1.8206507e-05 4.1166997e-05 1.924022e-06 0.0004050776 1.1211675e-05 0.0011798559 0.0001571315 1.3671656e-05 0.000113411596 7.280456e-05 2.31621e-06 4.8240413e-06 8.192803e-06 1.4268988e-05 0.00014100887 9.196766e-06 0.0021668095 0.0041072313 7.798932e-05 1.281095e-07 8.096828e-08 1.2874396e-05 4.1883705e-08 1.734188e-07 0.000976076 7.043437e-05 0.00016501792 4.490885e-05 2.0046896e-07
0.01680493 0.98365813 1.2083119e-15 0.5811728 0.98874474 0.6068769 0.8092573 0.09037023 0.0047510187 0.27224547 0.26691845 0.0005294746 9.7722164e-05 0.29117024 0.022793142 4.258881e-05 5.8532147e-05 0.26535383 8.84745e-05 0.000950409 0.007933338 6.0026636e-05 4.5070214e-05 2.6508125e-05 0.00041118715 0.022948885 0.01116383 0.00012975896 0.00087931746 0.00641923 0.00038976187 0.00048569715 0.00025751145 7.799337e-06 4.205504e-05 8.783946e-06 8.62078e-06 0.0021498783 0.000488993 2.5628586e-05 0.005967276 0.021777326 2.1413547e-05 4.2046897e-05 8.31917e-06 0.0009777483 0.00042225255 0.00074092223 2.3229715e-05 4.3022876e-05 9.753511e-05 5.051164e-05 0.00013119401 3.739065e-05 0.0034306112 0.00023777725 7.56148e-05 0.0010050979 5.3536423e-06 0.0042922962 0.0009621863 0.0011453362 0.00038054754 4.62953e-06 0.0010661295 9.510281e-06 0.0011276413 3.1992668e-06 0.00061832264 3.695685e-06 2.16539e-05 0.00011196263 1.526271e-06 0.00046433543 1.5268863e-05 0.0010877731 2.5231157e-05 0.0014629116 0.00041311962 3.883669e-05 0.00054060103 0.000112759546 4.9169544e-06 8.2890557e-07 4.2425116e-05 0.000103668564 6.0230544e-05 0.0001307369 0.0012441088 0.0006447421 0.00033243172 1.2446237e-07 3.4299416e-07 0.00013326002 7.1596e-08 7.512677e-08 0.0013179803 9.095833e-05 0.00027256354 0.00016432302 4.9759766e-08
0.19055063 0.95443326 0.5811728 4.844819e-14 0.55212885 0.6246272 0.37480673 0.98047066 0.17878637 0.028939718 0.09561492 0.009606648 0.037492033 0.6091639 0.005634677 0.06424969 0.0006189073 0.35702968 0.0023900378 0.01611482 0.5793018 0.0008604321 0.0013449875 0.00054024154 0.00040012912 0.009669062 0.008896983 0.0001423184 0.010997797 0.0024487723 0.0054203356 0.0056633675 0.00021498477 0.00023912027 0.001377363 0.00096125726 0.00025195847 0.0050347596 0.0017584127 0.0002329215 0.006360555 0.04945627 1.657936e-05 1.5206042e-05 2.6331793e-06 0.00072774297 0.00025089388 0.00024917035 5.174404e-06 8.6792796e-05 6.81112e-05 0.0006761361 0.00025538937 0.0007373934 0.0022684666 0.00010066979 6.3175816e-05 0.0015385911 3.7291456e-06 0.0047882106 0.00082920806 0.0003825014 0.00027110326 2.2600696e-05 0.0015554385 3.248373e-07 4.7263773e-05 3.0513135e-07 5.039006e-05 2.1891981e-05 5.524631e-05 0.0010050504 0.00013045169 0.000656762 6.9074977e-06 0.00020489118 5.017063e-05 0.0007094382 0.0002185603 0.00029240883 9.995736e-05 0.00015584148 6.459986e-06 1.2051394e-05 2.8558135e-05 0.00020872359 7.9835736e-05 0.00013203888 0.011240059 0.01361239 0.0003513632 5.595532e-06 2.0041516e-06 0.000104036204 2.2000675e-08 9.799111e-07 0.0021723078 0.00018766134 0.0017336633 0.0004487567 1.8633371e-07
0.17910644 0.80366176 0.98874474 0.55212885 9.222693e-17 0.97701913 0.4734076 0.078256354 0.02003136 0.25586206 0.4412714 0.00053302234 0.0007124622 0.79285663 0.08250781 0.00012911584 7.154028e-05 0.67767924 6.966858e-05 0.01045282 0.15812454 0.00014549342 9.415862e-05 6.734853e-06 0.00037366588 0.122585855 0.044970986 0.00024035785 0.008023077 0.0027928478 0.0009382661 0.0022734674 0.00032620435 6.079558e-05 0.00017549857 3.997113e-06 2.9600346e-06 0.041433897 0.0016096939 0.00024054198 0.08445039 0.21552444 0.00030785456 5.154362e-05 5.084175e-06 0.0007758081 0.00023778269 0.00030945585 2.7123604e-05 0.000111423855 0.00033691968 2.1919013e-05 6.893405e-05 1.1310791e-05 0.009492414 0.00011727789 0.0007885884 0.012675631 3.0102408e-06 0.0127959885 0.0034154477 0.0057748775 0.0032994351 1.155987e-06 0.010804732 3.3478585e-07 0.0017495173 2.3343896e-06 0.0003857167 9.2498186e-07 0.00010480409 0.001660423 1.6576003e-06 0.0012353327 2.8649083e-05 0.008025399 1.928164e-06 0.0021572774 0.000756917 0.00014680736 0.00051052985 5.5081695e-05 2.2021385e-07 1.0080948e-06 9.8604e-05 2.2897013e-06 0.00010345987 0.0005054689 0.004237088 0.0005403103 0.00030817473 2.2092927e-07 9.921538e-08 0.00019879958 6.1985843e-09 6.598979e-08 0.0015937999 9.193508e-05 0.00024313568 0.000119039454 1.2674304e-08
0.75243545 0.22717811 0.6068769 0.6246272 0.97701913 7.421065e-14 0.022564728 0.12595423 0.4317609 0.0069401143 0.09637903 0.019569775 0.31980532 0.9703424 0.00083300826 0.076243654 0.03424513 0.42490315 0.067924045 0.2704991 0.7566343 0.0029978217 0.014922268 0.009131665 2.1757649e-05 0.010260713 0.0005513575 5.8896358e-06 0.18060683 0.00030195282 0.14232191 0.46073136 6.256028e-06 0.0002771607 0.0018892849 0.00064746867 0.0008925142 0.16734654 0.2549337 0.0042313496 0.064122595 0.10204462 0.007140849 0.0010804533 6.0030074e-05 9.300282e-05 2.3492177e-07 2.3314986e-05 4.2000564e-05 0.0010002159 0.035578728 0.00018512901 5.2482054e-08 2.3241324e-07 0.0019053344 1.5159925e-05 0.012228938 0.0076120324 7.635607e-06 0.010276004 0.00088302296 0.0016864245 0.00065411476 8.034385e-08 0.02075011 1.10417435e-08 0.00022415977 8.245032e-05 0.0007486297 1.6878555e-05 0.00042538132 0.0024553156 0.00011350974 0.012209506 5.9782975e-05 0.014119013 2.1335973e-06 0.0003783849 0.0004029569 0.00092917314 0.00026472367 0.00034118307 3.3964166e-06 7.707142e-06 0.00012553124 3.8629576e-05 0.0002455285 0.0060301553 0.020353775 0.002916859 0.0040110527 5.2925375e-06 5.14542e-08 0.00011297601 1.0322156e-08 1.335387e-07 0.00024228437 0.0005616174 0.00015473625 0.00011008541 5.802568e-08
0.0092792325 0.9703135 0.8092573 0.37480673 0.4734076 0.022564728 9.260947e-13 0.01043608 0.00018724873 0.9612879 0.4078321 0.00015503255 3.077666e-05 0.0015622079 0.22697482 0.00016449815 5.875257e-06 0.0733639 2.3639452e-05 5.4768883e-05 5.6687382e-05 0.00023761652 2.0109903e-06 2.1117923e-05 0.016624875 0.026678463 0.19292057 0.017457847 6.3588445e-06 0.8847123 1.7155984e-05 5.0328413e-06 0.012606883 4.4822293e-05 0.00015525775 0.000108224594 3.3381457e-06 2.8838693e-05 3.916911e-05 1.0255253e-05 0.000107115025 0.04019166 4.130278e-07 1.0866527e-06 1.2177817e-06 0.0057777227 0.0033395968 0.0021576467 2.1132337e-06 7.973329e-06 2.9603539e-06 4.5157725e-05 0.00287855 0.002532433 0.06097269 0.00039922234 5.8684645e-06 0.0007787795 2.3345578e-07 0.03981378 0.018219586 0.005005484 0.0017244907 0.00037996966 0.00016976651 1.8950774e-05 0.002981239 4.912832e-07 5.55711e-06 4.133949e-06 6.586254e-06 3.6695103e-06 0.00031986294 4.0617156e-06 8.4979513e-07 0.0002519246 7.091494e-05 0.0013759306 0.0006009921 8.067146e-06 0.00014835455 0.00020799295 6.102069e-06 5.0046983e-06 1.0834815e-05 1.6982196e-05 5.9005793e-05 2.6142282e-06 0.0006295125 0.018650722 3.2681212e-06 1.486686e-07 2.498817e-07 2.374431e-05 1.5071103e-08 7.629354e-08 0.0019353002 2.2200304e-05 0.00010379578 3.1205713e-05 2.3016715e-07
0.001669464 0.34542426 0.09037023 0.98047066 0.078256354 0.12595423 0.01043608 1.5552109e-17 0.9848446 0.0005142159 0.005058598 0.79321325 0.035414334 0.23366041 0.00018192836 0.1133641 0.00062916946 0.022584356 0.0027861493 0.008571659 0.1342869 0.11053347 0.00067058305 0.004153469 3.2005519e-06 0.00021020361 0.00022732135 7.515969e-07 0.0071996395 4.3431115e-05 0.000912779 0.002835717 4.6402483e-06 4.071483e-05 0.0004310195 0.008201415 0.0003921316 0.0011347553 0.00047857244 3.812739e-05 0.0006251296 0.00042653744 4.4105573e-06 4.248194e-06 1.2545894e-06 1.4933961e-05 4.208852e-06 2.9399787e-06 9.571399e-06 3.0750477e-06 7.0539677e-06 1.373775e-05 2.5834962e-07 4.735627e-07 2.8411796e-05 6.8201575e-06 1.662489e-06 7.3443e-05 1.1197202e-06 0.0001166233 1.0014777e-05 3.416746e-05 5.895131e-06 3.7129777e-08 3.761067e-05 4.7292016e-08 2.988161e-05 2.505278e-06 1.3648207e-05 5.9721797e-06 1.4719428e-06 3.351139e-05 7.793449e-06 0.00017409131 6.842636e-07 5.652403e-05 4.8846772e-08 0.00022432786 5.6564688e-05 1.5337178e-05 4.4507422e-05 8.204672e-06 3.5680952e-07 8.784708e-06 2.3423443e-06 2.5130764e-06 8.933478e-06 4.4525996e-06 0.00026975395 3.1733547e-05 3.5580957e-05 6.832572e-08 1.6417427e-07 1.200914e-05 2.3350776e-08 4.3912314e-09 0.0002079384 2.270869e-06 8.11568e-05 1.5705771e-05 2.3740174e-08
0.02010847 0.0064725694 0.0047510187 0.17878637 0.02003136 0.4317609 0.00018724873 0.9848446 1.2768322e-20 5.2518633e-05 0.00022958872 0.9010989 0.64083344 0.49662134 1.578412e-05 0.7846254 0.16010554 0.0058612665 0.42785773 0.18442065 0.60620856 0.21349335 0.1131196 0.21171951 3.5016797e-07 1.7345355e-05 1.3778127e-06 4.897582e-07 0.07593449 8.797657e-07 0.122674786 0.14275764 1.8745455e-08 0.0024894555 0.008899652 0.014449227 0.006702976 0.020868432 0.071939275 0.003387479 0.004456653 0.0011807947 0.0019076699 0.001053352 4.6738136e-05 8.145381e-06 3.7330966e-07 4.078929e-07 8.485869e-05 0.00011254006 0.00288105 0.00027101228 2.0555131e-08 6.6063173e-09 2.7776316e-06 2.972398e-07 0.00033976996 0.00013484333 8.002398e-06 1.61537e-05 2.02114e-06 4.661032e-06 9.617069e-07 8.58087e-09 0.0002904411 2.3141575e-09 1.0142065e-06 4.423356e-05 0.0007856575 7.925329e-07 4.170946e-05 0.00039596445 5.4341213e-05 0.0003440657 2.5101459e-05 9.581074e-05 1.3783489e-08 7.640863e-05 4.5864832e-05 9.569633e-05 2.6754866e-05 2.743485e-05 9.296211e-07 3.3330958e-05 9.692779e-06 7.2421444e-06 0.00013678588 4.117921e-05 0.0086546615 0.0009919719 0.00012238567 2.2083933e-07 6.4791735e-08 0.00012395735 8.3275795e-09 5.358721e-09 0.000282528 7.847555e-05 0.00012898502 2.0681675e-05 3.2525126e-08
0.088485286 0.14843024 0.27224547 0.028939718 0.25586206 0.0069401143 0.9612879 0.0005142159 5.2518633e-05 8.6843984e-14 0.9496575 6.6325854e-05 1.5681344e-05 0.005217819 0.9638666 2.793061e-05 3.401275e-06 0.19316433 8.134714e-06 4.4823355e-05 0.0008823091 0.000121758654 7.1310654e-07 4.638819e-06 0.50011736 0.11731039 0.6359698 0.14952484 3.8120223e-05 0.45014113 2.8427028e-05 1.7444774e-05 0.08638923 1.3748326e-05 4.955124e-05 1.741497e-05 2.992386e-06 0.00053228094 8.4565996e-05 6.4257065e-06 0.0011560433 0.11848554 4.646758e-06 3.7508917e-06 1.2055159e-06 0.0054165637 0.00040767516 0.0029440653 8.634747e-07 8.264623e-06 1.4566787e-05 8.927108e-06 0.00035743474 0.00039361176 0.34805042 0.0011174647 1.5498457e-05 0.0060361335 2.0628114e-07 0.2129134 0.088753015 0.032783035 0.017804144 5.2189334e-06 0.0047113155 3.9427464e-06 0.052623272 3.0833257e-06 2.7895258e-05 1.6346569e-06 1.1162705e-05 2.6703854e-05 0.00012668289 0.0002943 3.7127652e-06 0.007694401 2.1806893e-06 0.0019196839 0.01970371 1.0993932e-05 0.0072929407 4.261225e-05 1.9298031e-06 2.6990829e-06 1.1701997e-05 1.4363205e-05 2.0866059e-05 2.3035489e-05 0.0013330103 0.0017016656 7.438232e-05 1.0336227e-07 2.0813471e-07 1.7755925e-05 8.287084e-08 2.1538016e-08 0.0025013355 7.551725e-06 7.35515e-05 3.470512e-05 1.1393415e-07
0.53936136 0.13088188 0.26691845 0.09561492 0.4412714 0.09637903 0.4078321 0.005058598 0.00022958872 0.9496575 1.28453845e-17 6.1622246e-05 5.6160447e-06 0.23022953 0.96840906 2.7204492e-06 3.0162698e-06 0.89273757 2.835434e-06 0.00013311142 0.005653282 6.523938e-05 4.7413565e-07 6.8113985e-07 0.110545665 0.82355994 0.7832908 0.017450847 0.0004913125 0.0042523937 1.4215718e-05 6.3917214e-05 0.026684346 8.266952e-07 1.3286905e-06 1.432189e-06 8.629602e-07 0.04222408 0.00022164546 6.2466206e-06 0.22113688 0.5860212 4.8909773e-05 2.8523577e-06 6.637186e-07 0.002317977 0.00011382898 0.0012840057 1.5620253e-07 8.121576e-06 0.00021964789 5.939373e-06 6.995473e-05 3.0124938e-05 0.40836108 0.0008525763 0.0007664041 0.20233043 6.6898417e-07 0.33253622 0.25753775 0.11642923 0.087158166 2.6967316e-06 0.07410587 2.842505e-07 0.16688873 7.2176394e-06 5.5071614e-05 9.570472e-07 0.000111528796 0.015568227 3.698548e-06 0.010756828 4.192735e-06 0.11067835 2.4420194e-07 0.009831908 0.052635167 0.00028815202 0.031942308 6.496879e-05 2.3930517e-07 7.8820335e-07 0.00013115561 4.713508e-07 1.4592886e-05 0.0013258862 0.010262984 0.0008624144 0.00029570443 1.2579721e-07 7.9956465e-08 7.315597e-05 5.593947e-08 1.41833985e-08 0.0050490117 3.9180657e-05 0.0005928378 0.0002149126 2.4317242e-09
0.00015213215 0.0006891039 0.0005294746 0.009606648 0.00053302234 0.019569775 0.00015503255 0.79321325 0.9010989 6.6325854e-05 6.1622246e-05 5.520073e-19 0.0544884 0.026784742 9.086183e-07 0.43764248 0.005158773 0.00026133406 0.035117432 0.0064283116 0.02779039 0.991555 0.0037715768 0.110518396 5.0537847e-07 4.5877887e-06 6.6696894e-06 6.9624406e-07 0.002400319 1.3476374e-06 0.0038563712 0.0037862712 2.2639051e-07 0.0010133975 0.0006978009 0.21813424 0.01754289 0.00034328282 0.0014220164 0.00028362186 5.722796e-05 2.7955177e-05 2.5459865e-05 3.8328704e-05 1.0952021e-05 3.376347e-05 1.303926e-06 2.3886967e-05 2.4716092e-05 2.6055226e-05 6.5707995e-05 0.00065326353 6.457789e-07 2.5316987e-07 1.8691555e-05 4.0099698e-07 2.765493e-05 1.757296e-05 1.1782568e-05 4.173417e-05 7.783362e-06 3.3989036e-05 5.704871e-06 9.43804e-09 2.1623111e-05 1.648001e-08 6.399611e-06 0.00016998294 1.16693545e-05 6.5261214e-05 2.8621105e-06 3.453581e-05 0.0006061943 7.506486e-05 1.1316579e-06 0.00012757386 1.9651775e-08 3.781535e-05 1.8842233e-05 1.6969202e-06 4.370591e-06 3.084767e-06 6.457596e-06 0.00031012113 1.1665088e-06 1.6602542e-05 2.0536292e-05 3.768709e-06 0.00083581294 0.0010083339 3.1402644e-06 7.851552e-07 9.907512e-07 1.7266053e-05 3.1341744e-07 2.1704925e-07 1.8305134e-05 3.2333012e-06 3.6280027e-05 5.7992374e-06 3.6124865e-07
0.5491049 2.7334017e-05 9.7722164e-05 0.037492033 0.0007124622 0.31980532 3.077666e-05 0.035414334 0.64083344 1.5681344e-05 5.6160447e-06 0.0544884 6.854431e-17 0.09401098 4.069037e-07 0.87927103 0.989165 0.0018192213 0.7474223 0.7210952 0.37500745 0.061575215 0.5897636 0.17161097 7.1695445e-07 2.443725e-05 1.5355983e-05 1.2444569e-06 0.11056678 1.9442834e-05 0.57257557 0.3864673 1.2311274e-06 0.02902455 0.065179214 0.009835359 0.07001559 0.007324914 0.48458323 0.0118345255 0.0004305076 0.00017199681 0.013109029 0.0018628772 0.0002327887 8.6370034e-07 2.0372902e-07 1.4016719e-07 0.00062217604 0.0016660603 0.02825918 0.0028337638 5.117509e-07 4.1357453e-07 1.1798114e-06 6.9249995e-07 0.0022115253 8.214462e-05 7.6725235e-05 1.1285912e-05 5.788021e-06 4.5793217e-06 4.778897e-06 7.3436716e-08 0.00015898432 1.487451e-08 5.2328255e-07 0.0027282676 0.0008745522 6.134379e-05 0.00028115074 6.243932e-05 0.00025882106 0.00034341167 4.322501e-05 0.00011568638 5.5313313e-07 3.2333985e-05 1.2323333e-05 0.00034372212 2.1154658e-06 6.702697e-05 3.3726735e-06 1.9757492e-05 0.00011177635 1.0437707e-06 0.00011547684 0.0003208883 0.0010913397 0.00042018155 0.0022935874 9.000114e-07 9.10146e-08 0.00011237694 4.1836838e-08 2.8174307e-08 3.950863e-05 0.00020245161 2.7658121e-05 0.0002783763 4.3364167e-08
0.89716154 0.111074716 0.29117024 0.6091639 0.79285663 0.9703424 0.0015622079 0.23366041 0.49662134 0.005217819 0.23022953 0.026784742 0.09401098 6.729301e-15 0.008354663 0.013619019 0.009521499 0.8474689 0.013110084 0.5042323 0.9583408 0.0020263116 0.004288988 0.00076264597 0.00040244267 0.12641202 0.0030801417 6.142611e-05 0.59194446 9.728743e-05 0.02160004 0.31809756 0.0001197575 7.584243e-05 0.0008196738 4.6200672e-05 0.0004923827 0.48689002 0.15531129 0.00055264466 0.19318426 0.08865678 0.006953745 0.0002168131 3.5432233e-05 0.0003014004 4.376636e-07 0.00022274352 7.7952885e-05 0.0005666379 0.031339332 4.81774e-05 1.0065797e-06 8.065624e-06 0.0019362556 8.679586e-05 0.02076045 0.018953286 9.097061e-06 0.008241688 0.0006790738 0.004392361 0.0014134357 5.311243e-07 0.03597786 7.355697e-07 0.00021294018 1.2276987e-05 0.00046506245 3.6350815e-07 0.0010617909 0.0131463995 1.7781741e-06 0.052256364 0.00034640968 0.030462014 3.7741557e-07 0.00061790587 0.0016227592 0.0018499118 0.0003643069 0.00016043446 2.7361802e-06 1.3862771e-06 0.00056599145 3.1697857e-07 0.00023304459 0.008119218 0.042582154 0.0055141826 0.014940522 1.5950413e-06 3.091281e-08 0.0003548348 3.043843e-08 4.2714756e-08 0.0009276343 0.00057596865 0.00020940967 0.0011919327 4.7368214e-08
0.059102215 0.007872825 0.022793142 0.005634677 0.08250781 0.00083300826 0.22697482 0.00018192836 1.578412e-05 0.9638666 0.96840906 9.086183e-07 4.069037e-07 0.008354663 4.0252521e-19 6.1149315e-08 2.2164488e-07 0.51637155 5.083586e-07 2.2639635e-07 0.00048592716 1.4825222e-05 2.8693978e-07 1.0958351e-07 0.60759157 0.5814003 0.9387571 0.20809394 2.0242873e-05 0.03432404 1.4607791e-06 1.8663703e-06 0.28196684 5.380939e-08 2.7693434e-07 7.190556e-08 4.986877e-07 0.001716104 2.1525011e-05 1.2054969e-07 0.04658244 0.39829186 2.4151234e-07 5.359593e-08 2.421081e-08 0.031423986 0.00027286215 0.0067921695 1.5146867e-08 6.7558304e-08 6.0493358e-06 2.3071273e-06 0.00073297834 0.00043328683 0.5995447 0.00864051 1.8363815e-05 0.11321981 9.540395e-08 0.3064769 0.4396171 0.105712876 0.09309895 1.9661038e-06 0.022682097 9.5969635e-06 0.18640041 7.1104137e-07 2.2821607e-06 3.6678253e-07 1.4272097e-06 0.0014015082 3.879011e-06 0.001597139 5.545767e-07 0.027970348 7.713565e-07 0.015378965 0.04064286 2.342972e-06 0.020992145 3.6347612e-06 4.7685285e-07 1.6311897e-07 8.136681e-07 3.0799592e-07 3.3416397e-06 0.00012657045 0.001169796 0.00017656661 1.5223656e-05 6.759961e-10 2.167099e-08 2.136075e-06 1.16761605e-08 3.7919146e-10 0.002566633 1.737079e-06 0.00055825803 1.6805761e-05 1.0387345e-09
0.070786804 6.706725e-05 4.258881e-05 0.06424969 0.00012911584 0.076243654 0.00016449815 0.1133641 0.7846254 2.793061e-05 2.7204492e-06 0.43764248 0.87927103 0.013619019 6.1149315e-08 3.4265568e-15 0.5854226 0.0005516068 0.9769542 0.07118309 0.096063465 0.49275708 0.30130312 0.9737796 2.3623213e-06 5.7258776e-06 5.599552e-06 5.7478333e-06 0.013419657 2.357713e-05 0.20620364 0.07373414 1.7445097e-06 0.19312365 0.050186537 0.1728047 0.23212768 0.0010700385 0.14410271 0.004255014 3.259753e-05 6.140391e-05 0.0017881301 0.0012411947 0.0015948187 1.2653823e-06 1.3831316e-06 5.2913254e-08 0.00044184786 0.0002612725 0.0053635975 0.00914971 1.618975e-06 3.7339404e-07 6.903187e-07 2.0808827e-07 0.00039356216 3.2012555e-05 4.7481666e-05 2.8726577e-06 2.0596378e-06 1.5197829e-06 9.609571e-07 1.618251e-08 2.6152591e-05 3.2928409e-09 2.1212911e-07 0.025693582 0.00040627367 0.000119288794 6.295611e-05 2.5629554e-06 0.0025599238 5.663772e-05 3.2184777e-05 4.7686604e-05 1.357289e-06 1.3940242e-05 3.7539446e-06 2.290172e-05 6.8858225e-07 0.00010553484 2.7403916e-05 0.0004663173 3.6262525e-05 2.95973e-06 2.8030247e-05 9.512926e-05 0.0003027957 0.00018879188 0.00041898474 3.7106236e-06 1.2211833e-06 6.0934482e-05 8.6305477e-07 1.543025e-07 2.2598735e-05 9.160679e-05 8.139456e-06 6.9051894e-05 6.413244e-07
0.23611338 9.711257e-06 5.8532147e-05 0.0006189073 7.154028e-05 0.03424513 5.875257e-06 0.00062916946 0.16010554 3.401275e-06 3.0162698e-06 0.005158773 0.989165 0.009521499 2.2164488e-07 0.5854226 1.6030972e-18 0.00026580642 0.85449874 0.49713787 0.036881834 0.0121374745 0.9148037 0.30449829 5.854431e-07 4.4067683e-06 9.5353835e-06 3.219745e-07 0.025172682 2.1649811e-07 0.64968085 0.108265586 4.8926427e-07 0.35970113 0.2650227 0.0065330626 0.13284543 0.0014043468 0.3166446 0.045239694 0.00018145032 4.4040695e-05 0.014120825 0.007508115 0.003024543 3.9225702e-07 5.478403e-07 1.6386448e-08 0.0031989836 0.004008932 0.020736473 0.008279481 1.9043069e-06 1.1639452e-06 6.715794e-07 8.8820144e-08 0.0015166433 4.0641007e-05 0.00031864358 3.5461355e-06 1.6719715e-06 5.4504517e-06 4.0126074e-06 7.3481e-08 0.00018375716 2.8245331e-08 2.859555e-07 0.020807674 0.0026654128 0.00017539918 0.0009776406 3.9314804e-05 0.0004977088 0.00017626815 0.0003738437 6.47515e-05 5.9701016e-08 1.3577441e-05 3.823956e-06 0.0005914424 1.7139458e-06 8.190471e-05 1.9596466e-05 1.579091e-05 0.00034246308 2.489562e-05 0.00057349366 0.0007678069 0.0003764384 0.0003147217 0.0041175815 1.9651168e-05 1.8455627e-06 0.00047425897 1.7518377e-07 1.3248217e-07 1.0113259e-05 0.00079434935 1.3515804e-05 0.0004124111 6.3405173e-07
0.8721443 0.1443871 0.26535383 0.35702968 0.67767924 0.42490315 0.0733639 0.022584356 0.0058612665 0.19316433 0.89273757 0.00026133406 0.0018192213 0.8474689 0.51637155 0.0005516068 0.00026580642 1.0146754e-14 0.00046631414 0.0090005705 0.25393313 0.00011978686 8.185145e-05 2.2715674e-05 0.016546162 0.9817858 0.13580552 0.0017891281 0.04332226 0.001520742 0.0004157979 0.0038922904 0.004218575 9.485201e-06 5.1485746e-05 3.9205306e-06 6.2245226e-06 0.5727396 0.0027321002 0.00017264727 0.55157644 0.6662814 0.0012068682 2.055673e-05 2.9364144e-06 0.0031998577 1.3898598e-05 0.002976009 1.1643349e-06 0.0002531937 0.005179505 0.00012033393 3.567616e-05 0.00015186804 0.09544599 0.0009837793 0.026557248 0.1729299 1.168825e-06 0.09957526 0.045620814 0.046809748 0.04217671 2.560975e-05 0.17630105 4.525842e-06 0.03600399 1.3864564e-05 9.259836e-05 3.8439214e-07 0.00096038217 0.06582505 5.287205e-06 0.100000076 8.33551e-05 0.22400218 2.9606445e-06 0.0044202614 0.026366152 0.0026457412 0.0128421085 0.00012012811 1.2587913e-06 3.8397698e-07 0.00049560936 9.838288e-07 0.000109035456 0.013835716 0.059592757 0.010960208 0.0026240158 6.162727e-08 3.99251e-08 0.00011475469 6.456668e-09 4.912368e-09 0.0033215585 0.000337792 0.0013122275 0.00023885246 1.909284e-08
0.5237483 5.4105352e-05 8.84745e-05 0.0023900378 6.966858e-05 0.067924045 2.3639452e-05 0.0027861493 0.42785773 8.134714e-06 2.835434e-06 0.035117432 0.7474223 0.013110084 5.083586e-07 0.9769542 0.85449874 0.00046631414 1.5108918e-16 0.122509085 0.061311662 0.1869077 0.7701588 0.9523165 2.2192633e-06 7.457981e-06 2.2103633e-05 8.1382416e-07 0.01185505 2.3469213e-06 0.56352293 0.119499214 1.0869688e-06 0.8643904 0.35998785 0.074578896 0.5521182 0.00064295897 0.36897632 0.032236792 0.00010267001 4.709339e-05 0.0069499137 0.0141185755 0.0061654462 2.1212659e-06 8.5442883e-07 2.3799112e-08 0.007535787 0.0030958941 0.015869036 0.12403543 2.3119178e-06 1.6309368e-06 1.108214e-06 2.489283e-08 0.00024549407 6.5375956e-05 0.00032303983 1.2294672e-06 1.1319278e-06 5.949251e-07 5.3714723e-07 8.524579e-08 0.00018715001 3.5162664e-09 7.467774e-08 0.23199156 0.005571807 0.0004675579 0.00032991674 2.6049142e-05 0.004707846 6.811185e-05 0.0007189473 5.383391e-05 2.9578575e-07 5.798607e-06 1.2401197e-06 0.00023986347 4.0905533e-07 0.00026644673 0.0004105136 0.00016246282 0.00028082385 0.000108782864 0.00058082544 0.000460763 0.00043568455 0.0003435817 0.0040558614 3.3267857e-05 6.227087e-06 0.0004983868 1.2840142e-06 2.6484096e-07 5.2009423e-06 0.0014711956 1.9334997e-05 0.0005168403 2.0730993e-06
0.7794374 0.00010866953 0.000950409 0.01611482 0.01045282 0.2704991 5.4768883e-05 0.008571659 0.18442065 4.4823355e-05 0.00013311142 0.0064283116 0.7210952 0.5042323 2.2639635e-07 0.07118309 0.49713787 0.0090005705 0.122509085 4.8358104e-17 0.78292996 0.0036598542 0.4164062 0.01865419 4.2918027e-06 0.00023523306 3.5181554e-05 2.0041905e-07 0.9233258 6.5394846e-07 0.8754689 0.9508733 1.294665e-06 0.0035438826 0.050680652 0.0007509418 0.006797574 0.06386251 0.77512085 0.17888507 0.0068318304 0.0007930388 0.15742667 0.015556196 0.00039354246 8.073819e-06 8.42181e-08 7.226638e-07 0.0012527244 0.019867228 0.16780989 0.00061865855 2.569074e-07 1.1882638e-07 1.2042215e-05 6.603786e-07 0.06498223 0.0007534708 0.00053911493 0.00010641635 9.785743e-06 9.76102e-05 4.2391224e-05 2.7364464e-08 0.0011894136 1.4509782e-08 8.3454677e-07 0.0009853473 0.0025791014 0.00028621597 0.009229887 0.00071053 0.00039490176 0.0038125867 0.0018480382 0.00066112605 1.44958126e-08 4.732787e-05 5.7848458e-05 0.0044584083 1.0098114e-06 8.056057e-05 3.790598e-05 8.4647445e-06 0.0015205817 4.2437437e-06 0.0014847904 0.010062253 0.0042523975 0.0044251326 0.017111573 9.981219e-05 1.2418772e-06 0.0016169731 1.4185083e-07 1.8667167e-07 4.9970863e-06 0.0030378893 9.843925e-06 0.0023430816 2.3342282e-07
0.9563774 0.0026989006 0.007933338 0.5793018 0.15812454 0.7566343 5.6687382e-05 0.1342869 0.60620856 0.0008823091 0.005653282 0.02779039 0.37500745 0.9583408 0.00048592716 0.096063465 0.036881834 0.25393313 0.061311662 0.78292996 2.3449496e-16 0.046680044 0.02036636 0.020843616 7.757126e-05 0.013198174 0.00044939588 2.4475452e-05 0.9138985 0.000119316326 0.109539226 0.58437085 4.8760787e-05 0.0005653379 0.0011453237 0.0005079465 0.013973626 0.80920917 0.34822986 0.0011679815 0.3345353 0.025260001 0.03991858 9.718942e-05 0.00013065164 0.0002799238 3.0839167e-06 4.6368445e-05 3.0173387e-05 0.0019016548 0.1987068 0.0014866316 9.099092e-06 3.421089e-05 0.000116443036 1.5925174e-05 0.14566138 0.019268295 2.2666705e-05 0.00096226344 0.00024783844 0.0007952935 0.00069878047 5.1067614e-06 0.028787717 5.6695166e-07 2.1438844e-05 0.00046908244 0.00051223947 1.2972215e-05 0.006069652 0.04194931 0.00012516997 0.10513231 0.0005003794 0.018923558 1.6173084e-06 0.00028608605 0.0012350148 0.012825891 0.00020549899 0.00010838521 1.0510201e-05 7.725418e-05 0.0019812125 4.7578787e-06 0.00040232527 0.03146728 0.04289498 0.016523305 0.029248297 3.820158e-06 6.189329e-07 0.0007175938 2.630314e-07 6.8055066e-08 0.00058696937 0.0020976954 0.00021500977 0.0025910484 1.2339645e-07
0.0011726284 7.452362e-05 6.0026636e-05 0.0008604321 0.00014549342 0.0029978217 0.00023761652 0.11053347 0.21349335 0.000121758654 6.523938e-05 0.991555 0.061575215 0.0020263116 1.4825222e-05 0.49275708 0.0121374745 0.00011978686 0.1869077 0.0036598542 0.046680044 8.181062e-15 0.012582357 0.48343396 1.1240465e-05 1.0912216e-05 1.9474048e-05 1.6971534e-06 0.0013944888 3.9689353e-06 0.022689173 0.011398171 1.7634271e-05 0.0019922557 0.0024091932 0.9822872 0.2348021 0.000100767094 0.007843425 0.0009088775 2.1581925e-05 3.15323e-05 9.347097e-05 5.4051205e-05 4.1259907e-05 0.000186449 1.0609334e-05 0.00013247113 4.2022762e-05 8.5454376e-05 0.00014903805 0.016603416 1.5589409e-06 1.0209721e-05 6.8736656e-05 3.523555e-05 1.8279246e-05 1.8017885e-05 3.918641e-05 0.00017991656 0.00017927376 4.090019e-05 1.8014569e-05 1.1151618e-07 1.3984876e-05 1.9738184e-07 5.4946442e-05 0.0020002823 5.4390464e-05 0.0006115524 4.3505654e-05 9.0338915e-05 0.009566987 3.989734e-05 8.585271e-06 0.00022861188 6.928269e-07 8.7501634e-05 0.00013015581 3.4171564e-05 4.518543e-05 1.1177982e-05 0.00019736597 0.010165883 2.3140981e-05 0.00033794445 4.754293e-05 8.838414e-06 0.0021245277 0.00015942765 0.00010896289 6.147014e-06 1.2095805e-05 6.8716596e-05 1.4452896e-06 1.6424952e-06 1.7150584e-05 3.279666e-05 0.0002574113 1.557285e-05 1.3281037e-06
0.7987716 2.177446e-05 4.5070214e-05 0.0013449875 9.415862e-05 0.014922268 2.0109903e-06 0.00067058305 0.1131196 7.1310654e-07 4.7413565e-07 0.0037715768 0.5897636 0.004288988 2.8693978e-07 0.30130312 0.9148037 8.185145e-05 0.7701588 0.4164062 0.02036636 0.012582357 5.4332357e-16 0.4913363 1.7815283e-06 8.01417e-07 3.9037564e-06 6.835476e-07 0.017949285 2.0596517e-06 0.96602094 0.1521817 2.8774792e-07 0.7589385 0.9536856 0.013965632 0.3679916 0.0011775133 0.44074064 0.43285748 0.00014867705 1.2964658e-05 0.045134783 0.21881284 0.032575913 1.2772195e-07 1.0606279e-07 4.8945137e-09 0.18711075 0.038558774 0.04737329 0.11008414 3.435805e-07 1.493134e-07 1.4281417e-07 6.792612e-09 0.002723518 7.004284e-05 0.0030852628 1.3974588e-06 3.1778458e-07 2.2553327e-07 5.0164647e-07 3.28665e-08 9.2757014e-05 4.5772235e-09 2.8517134e-08 0.105729505 0.058070004 0.001927791 0.008665216 9.846775e-05 0.001353789 0.00019990816 0.010106458 1.5799376e-05 1.280245e-07 1.3596948e-06 9.364093e-07 0.004126037 2.947248e-07 0.00038840508 0.0007691678 2.7874039e-05 0.0021724228 0.00017590089 0.0035645573 0.004992624 0.00048048585 0.0016747918 0.023712479 0.00013390937 1.5651484e-06 0.0024195106 3.5320863e-07 4.2813963e-07 2.4698384e-06 0.008289456 3.5421574e-06 0.0015145973 5.293236e-07
0.25401518 3.402536e-05 2.6508125e-05 0.00054024154 6.734853e-06 0.009131665 2.1117923e-05 0.004153469 0.21171951 4.638819e-06 6.8113985e-07 0.110518396 0.17161097 0.00076264597 1.0958351e-07 0.9737796 0.30449829 2.2715674e-05 0.9523165 0.01865419 0.020843616 0.48343396 0.4913363 4.9911107e-15 8.1167786e-07 1.7049368e-06 7.2376492e-06 1.0562133e-06 0.0016834292 3.5695354e-07 0.3595697 0.041641172 1.2062272e-07 0.8872982 0.2640715 0.5700943 0.92350346 1.929738e-05 0.14136226 0.016876755 3.9415995e-06 3.697959e-06 0.0011654336 0.020716282 0.033544097 2.1004769e-06 5.601782e-07 4.3820572e-07 0.016936686 0.00054061186 0.004841417 0.22448781 6.0658374e-07 1.9709519e-07 8.4337665e-07 8.734943e-08 4.961584e-05 1.5062203e-05 0.0020655955 3.8575197e-07 5.4051714e-07 3.0428603e-07 2.2565635e-07 4.0533802e-08 3.219865e-05 1.1539508e-09 1.6828366e-08 0.5697188 0.008913433 0.025849182 3.960494e-05 1.0177179e-06 0.04411029 1.2291524e-05 0.00024358337 3.3808545e-05 4.6631058e-07 1.310469e-05 2.434575e-06 1.515326e-05 1.7490548e-07 0.00051136216 0.0046038968 0.0013048435 3.641268e-05 0.00039248046 0.0005597956 0.000111150046 0.00021140018 0.00015521052 0.0005481646 0.00026344554 2.1987074e-05 0.00027951458 1.2040114e-05 2.623337e-07 9.739118e-06 0.0014317256 7.859976e-06 0.00012591491 2.2772126e-06
0.011002679 0.00013141053 0.00041118715 0.00040012912 0.00037366588 2.1757649e-05 0.016624875 3.2005519e-06 3.5016797e-07 0.50011736 0.110545665 5.0537847e-07 7.1695445e-07 0.00040244267 0.60759157 2.3623213e-06 5.854431e-07 0.016546162 2.2192633e-06 4.2918027e-06 7.757126e-05 1.1240465e-05 1.7815283e-06 8.1167786e-07 4.4467207e-18 0.26357648 0.8021265 0.9972808 1.4053718e-05 0.5020214 5.5775454e-06 4.5428533e-06 0.8082998 5.0736907e-07 2.6987484e-06 1.7871497e-07 4.048495e-07 0.0007570939 9.902241e-05 8.087823e-06 0.00535268 0.048191335 5.9456074e-06 1.2863097e-06 3.0737002e-07 0.5944213 0.0007496595 0.035334338 4.5264136e-07 7.728192e-06 6.0608076e-05 3.8276517e-06 0.0018907485 0.0060272547 0.47368383 0.0050738775 0.0002655586 0.012132158 1.148317e-07 0.09222435 0.41641864 0.03822314 0.04404093 4.9002916e-05 0.0021405942 8.404765e-05 0.13934647 3.2694075e-07 1.3112579e-05 2.2410514e-07 1.5828211e-05 0.00025729986 8.603676e-07 0.00034626338 2.3045302e-06 0.002943247 1.17254e-05 0.007209451 0.013794459 2.6752694e-05 0.012830895 1.0395622e-05 1.9102448e-07 4.2977e-08 2.392732e-05 1.6468084e-06 5.056077e-06 4.2014508e-05 0.00041199106 0.0004436876 1.1557836e-05 5.4908693e-08 4.565725e-08 4.1519914e-05 8.4099866e-10 5.847885e-09 0.0011536902 7.412186e-07 5.8430134e-05 1.8065422e-05 3.224271e-09
0.7889717 0.012224705 0.022948885 0.009669062 0.122585855 0.010260713 0.026678463 0.00021020361 1.7345355e-05 0.11731039 0.82355994 4.5877887e-06 2.443725e-05 0.12641202 0.5814003 5.7258776e-06 4.4067683e-06 0.9817858 7.457981e-06 0.00023523306 0.013198174 1.0912216e-05 8.01417e-07 1.7049368e-06 0.26357648 1.7516235e-15 0.7973827 0.027025785 0.002417745 0.00237484 2.7970764e-06 6.930477e-05 0.15518439 6.0774994e-07 1.0539715e-06 2.9452517e-06 6.0149696e-06 0.20923646 0.000102570964 1.0165858e-06 0.3098102 0.9629786 5.211624e-05 4.2432274e-07 4.6406043e-07 0.039325118 0.00028099073 0.01354631 3.1184452e-08 1.0113424e-05 0.00016182881 1.27657295e-05 0.0005154094 0.0028173132 0.4635537 0.003941164 0.0030333342 0.28092542 6.4935773e-07 0.28825197 0.22190769 0.10594511 0.10309624 0.0001912714 0.12933183 0.0001871832 0.13871992 7.933792e-07 5.2246173e-07 1.0126837e-07 7.930161e-05 0.06935585 5.0377825e-08 0.017975159 2.0156658e-06 0.37384212 1.4863628e-05 0.032751225 0.10030583 0.00041885508 0.045672487 1.6862225e-05 5.043496e-07 8.26612e-08 5.0701692e-05 7.5978205e-06 7.3859896e-06 0.0015362372 0.030891702 0.00523649 8.0968166e-05 1.8077245e-07 2.016478e-07 1.3001891e-05 6.69984e-09 1.2165302e-08 0.009110598 5.1398714e-05 0.016256131 8.080572e-05 3.0321264e-08
0.5777434 0.0064757494 0.01116383 0.008896983 0.044970986 0.0005513575 0.19292057 0.00022732135 1.3778127e-06 0.6359698 0.7832908 6.6696894e-06 1.5355983e-05 0.0030801417 0.9387571 5.599552e-06 9.5353835e-06 0.13580552 2.2103633e-05 3.5181554e-05 0.00044939588 1.9474048e-05 3.9037564e-06 7.2376492e-06 0.8021265 0.7973827 9.667596e-15 0.3179058 0.00013358692 0.119538054 5.1902202e-06 4.413288e-06 0.93556285 7.342492e-07 5.9400304e-06 3.2807184e-06 6.0541092e-06 0.0054486548 7.683281e-05 3.2244266e-06 0.054979835 0.49857518 2.3295803e-05 1.0125091e-05 2.4189533e-06 0.34822914 0.0036366545 0.14178538 1.3521496e-06 1.0964572e-05 6.892294e-05 0.0002649444 0.006453908 0.031995494 0.75222105 0.074951574 0.000115223054 0.07919617 5.9979476e-07 0.49924254 0.5839365 0.30779764 0.26977003 0.0008046478 0.028344788 0.0014972157 0.6453879 3.473551e-07 1.9775032e-06 1.1129674e-06 2.3685938e-05 0.01497126 2.0375583e-07 0.004895999 1.4462851e-06 0.079419665 0.00010497054 0.08286503 0.27176765 0.0001464195 0.1954774 3.699497e-06 2.2161391e-08 1.9819776e-08 1.539026e-05 6.9355013e-07 2.753872e-06 0.00030328063 0.0061831023 0.0009181815 1.47651e-05 5.1501626e-08 1.338739e-09 4.8009742e-06 4.1477266e-10 3.5951373e-09 0.010013952 1.1088979e-06 0.02383392 1.965102e-05 6.247022e-09
0.007875374 5.538737e-05 0.00012975896 0.0001423184 0.00024035785 5.8896358e-06 0.017457847 7.515969e-07 4.897582e-07 0.14952484 0.017450847 6.9624406e-07 1.2444569e-06 6.142611e-05 0.20809394 5.7478333e-06 3.219745e-07 0.0017891281 8.1382416e-07 2.0041905e-07 2.4475452e-05 1.6971534e-06 6.835476e-07 1.0562133e-06 0.9972808 0.027025785 0.3179058 2.9956884e-18 6.3045263e-07 0.6558631 4.4814297e-07 3.4649986e-07 0.9599653 1.04250276e-07 3.081293e-07 7.722353e-07 3.096948e-07 3.2491756e-05 1.1826823e-05 2.1806258e-07 0.00036062778 0.008533462 7.4010856e-08 4.8319787e-08 7.182633e-08 0.8283317 0.020520242 0.37244195 5.5956118e-08 4.126774e-07 3.8494773e-06 2.0279904e-06 0.0561036 0.14198329 0.1693736 0.07256193 4.4648887e-06 0.001975868 3.6324703e-08 0.046701428 0.18901682 0.015973685 0.015784325 0.003736431 0.0008687292 0.0033971746 0.076510526 1.5604128e-07 1.8217837e-06 2.306664e-07 5.294622e-06 1.2593947e-05 1.0860222e-07 9.383823e-05 5.334542e-09 0.0014562093 0.0005378049 0.028906101 0.0075514344 2.6832377e-06 0.013019895 1.2311551e-05 8.312714e-08 2.4203735e-09 3.265506e-07 1.2687512e-06 1.4956402e-06 1.16086e-06 0.00017654253 9.4275885e-05 1.8004349e-07 3.0967142e-09 8.99319e-09 2.0507777e-07 6.465596e-11 1.6028631e-09 0.005013369 2.5492494e-07 0.0025619315 1.6193694e-07 7.8311396e-10
0.77172613 7.1708375e-05 0.00087931746 0.010997797 0.008023077 0.18060683 6.3588445e-06 0.0071996395 0.07593449 3.8120223e-05 0.0004913125 0.002400319 0.11056678 0.59194446 2.0242873e-05 0.013419657 0.025172682 0.04332226 0.01185505 0.9233258 0.9138985 0.0013944888 0.017949285 0.0016834292 1.4053718e-05 0.002417745 0.00013358692 6.3045263e-07 2.2112343e-18 5.09783e-07 0.17137188 0.9692768 6.266346e-06 0.0005687158 0.0029060764 0.00012127286 0.0016273683 0.8596413 0.70091164 0.039411932 0.27225256 0.0052783354 0.4154479 0.0009695349 5.912064e-05 5.882336e-05 6.853795e-08 1.9213578e-06 0.00011831025 0.036615945 0.5049961 0.00013835367 4.1594976e-07 3.4955222e-06 6.819238e-05 1.6505711e-06 0.4768971 0.008547549 6.2626095e-05 0.0006353017 0.00014992562 0.00034044802 0.00021217941 5.5789975e-08 0.010148269 2.1997141e-07 5.2926985e-06 2.469199e-05 0.0022771412 1.3991266e-05 0.026106592 0.050170474 8.6127315e-05 0.052885797 0.0014083651 0.005220352 4.5477254e-08 0.00014569685 0.00031525161 0.036830954 6.116259e-05 2.7426897e-05 6.917439e-06 2.1597461e-06 0.0040727165 7.476853e-06 0.0012641521 0.048679784 0.031049576 0.045278434 0.031501 8.741456e-07 1.543097e-07 0.0018404833 3.465671e-08 3.1060267e-08 0.00014781422 0.002292247 3.437487e-05 0.0055905213 3.3866936e-08
0.012738956 0.0045688944 0.00641923 0.0024487723 0.0027928478 0.00030195282 0.8847123 4.3431115e-05 8.797657e-07 0.45014113 0.0042523937 1.3476374e-06 1.9442834e-05 9.728743e-05 0.03432404 2.357713e-05 2.1649811e-07 0.001520742 2.3469213e-06 6.5394846e-07 0.000119316326 3.9689353e-06 2.0596517e-06 3.5695354e-07 0.5020214 0.00237484 0.119538054 0.6558631 5.09783e-07 7.6634976e-15 3.2842906e-06 2.0367345e-07 0.18895204 1.5545435e-06 5.38336e-05 5.143679e-06 9.41306e-07 6.4087667e-06 1.3584927e-05 9.242461e-06 1.9629273e-05 0.0016503091 1.2988889e-07 1.2859668e-07 6.375546e-07 0.449922 0.99655265 0.040332478 4.831435e-08 1.1351233e-06 4.519691e-06 3.2980617e-05 0.06286885 0.023939433 0.025800103 0.0048418096 1.0947253e-06 0.0001037753 4.088459e-07 0.0142005095 0.023658844 0.0039325473 0.002512311 0.0007989839 4.924761e-05 7.974557e-05 0.021514297 6.0796737e-07 1.8586821e-05 2.091368e-06 3.0482048e-05 7.177416e-06 5.743349e-07 1.0892439e-05 2.928271e-06 0.00015342714 0.00053460913 0.0042339633 0.0016685727 3.9987695e-05 0.0019342004 8.178118e-06 3.4007934e-07 6.85254e-08 5.446913e-06 2.4998924e-05 2.391946e-06 7.034724e-07 0.0005393163 0.0023431175 3.1001102e-05 1.155297e-06 1.7200165e-07 8.4377484e-07 3.2397734e-10 1.2892449e-08 0.003249808 2.6430047e-07 8.317449e-06 2.4781195e-06 5.079849e-09
