3.7275624e-10 0.8430925 0.8888334 0.91426045 0.970897 0.81676704 0.95633626 0.94931096 0.9380834 0.9863927 0.68074256 0.5234833 0.9102675 0.08778738 0.939763 0.3012873 0.31953394 0.72935694 0.9551708 0.8094223 0.57677585 0.96535933 0.9139322 0.75412136 0.652508 0.6678993 0.99214685 0.6304201 0.35443965 0.8754744 0.0021808445 0.94294846 0.82756007 0.9105985 0.95606464 0.8903567 0.91928613 0.9848324 0.9785959 0.967361 0.057645194 0.00013754812 0.87091625 0.89393204 0.98355794 0.008746874 0.9618733 0.9757213 0.013078155 0.6925671 8.196988e-05 0.9862813 0.9448197 0.9691904 0.8337476 0.9724163 0.20760652 0.98858684 0.6894156 0.9622047 0.98696303 0.64923704 0.9699447 0.66509604 0.94762 0.608996 0.17421348 0.9449035 0.77475226 0.7252154 0.98498344 0.9658309 0.0057787946 0.9845569 0.94084257 0.04936795 0.34575143 0.99818885 0.94209856 0.9730245 0.0057101077 0.7173118 0.08959565 0.95933336 0.952808 0.98449874 0.9971366 0.8871109 0.00032167116 0.8842738 0.99804264 0.9893099 0.99552023 0.9736289 0.9355072 0.9997239 0.999813 0.9999082 0.99941725 0.9999813 0.99509573
0.8430925 9.1820145e-12 0.989869 0.90409094 0.930962 0.47803554 0.9663296 0.9142963 0.2567735 0.763896 0.0457697 0.080148295 0.08187317 0.035544153 0.024689524 0.0020522962 0.00047949093 0.0011293428 0.1797318 0.0028012448 0.005011715 0.006036649 0.0222751 0.0011670704 5.782429e-07 0.00190785 0.6531911 0.00011836578 0.00025426853 0.002980774 0.00015556737 0.01430324 0.0009570249 0.0076556006 0.0033164988 0.008334092 0.11192779 4.6150417e-05 0.0919427 0.07838299 1.4548642e-05 8.211419e-06 5.436446e-06 0.00020672909 0.021403791 1.9117582e-08 0.0018575302 0.0226624 8.774518e-06 1.4720347e-05 3.230384e-07 0.00063204404 1.1257263e-05 8.240768e-06 0.00023857769 0.3252073 1.2045562e-08 0.13966176 0.00030464187 0.26049623 0.008283529 1.3215365e-06 0.0010078171 0.00020629347 0.0001765629 4.308787e-05 2.3366367e-08 0.00017997937 8.772339e-05 1.8870277e-06 0.001943618 0.0009318127 8.022642e-11 0.025285948 2.9605559e-05 3.863027e-07 3.0777848e-08 0.02925937 0.0016276708 0.0012144635 1.1792899e-09 3.687867e-07 3.0521445e-08 1.1002479e-05 2.419799e-05 0.003895177 0.00022076869 1.1913269e-06 2.5807543e-08 8.630289e-06 2.3805733e-05 0.22543165 0.002483648 8.106935e-06 2.8549559e-05 0.122861505 2.0258361e-05 8.331561e-05 5.931429e-07 0.0029314829 0.00018564437
0.8888334 0.989869 1.8001101e-13 0.40110385 0.97212136 0.9208507 0.47212744 0.077470526 0.033194307 0.9482398 0.02531051 0.33031216 0.789574 0.0264018 0.0037769433 0.06654131 0.01590179 0.057440378 0.7790727 0.08155464 0.003969212 0.00011323047 0.13150865 0.0003677517 0.0013189994 0.00030943134 0.2263407 0.0059710387 4.4154578e-05 0.0015565018 5.835891e-05 0.004609019 0.020395923 0.0014572971 0.0008107654 0.07059206 0.023321602 3.872354e-06 0.35734504 0.014175206 1.5583844e-07 4.1389725e-07 5.8373793e-08 2.0151687e-05 0.12850617 1.4278909e-09 0.026687844 0.0022613138 9.2657194e-07 0.0015426888 2.9643683e-08 4.8625698e-05 4.072958e-07 7.3366965e-07 0.0027659046 0.080740094 1.8361648e-08 0.014122784 0.0061257184 0.36361158 0.03164326 2.5928164e-05 0.006057644 9.524259e-06 0.0009828518 8.268004e-06 8.1159195e-09 1.5549765e-06 0.00032781166 1.5260477e-05 0.000119966106 0.00010994766 4.910471e-11 0.00658736 8.406752e-07 3.7385032e-08 9.839049e-09 0.010851093 0.014665609 0.00020011167 2.8662129e-08 7.304195e-08 6.8084276e-08 0.0002961269 1.6047155e-05 0.009805698 0.0010217932 3.7378737e-07 5.206801e-07 9.285676e-07 1.1616015e-05 0.23252124 0.010196896 3.5071444e-05 2.6521288e-06 0.12955897 5.7538142e-05 0.00028487615 9.053017e-08 0.00087013 1.8916393e-05
0.91426045 0.90409094 0.40110385 4.1016288e-12 0.9177117 0.8804191 0.6865987 0.67000306 0.92829794 0.84597963 0.99246365 0.47018254 0.14939444 0.3868894 0.10361507 0.0021964246 0.00013167963 0.00072837656 0.42409548 4.433384e-06 0.21937604 0.0087375855 0.036117777 0.035440434 4.2189913e-06 0.007669437 0.4525905 0.00027745316 0.026058387 0.00015393645 0.016134465 0.0005405533 3.6834503e-08 0.00075727905 5.7540146e-06 5.0626226e-05 0.03247717 1.5952628e-05 0.12138188 0.036985785 9.704891e-05 0.00012306697 2.8291097e-07 1.0281899e-07 0.031940103 1.3708237e-07 0.00064841134 0.005039061 2.3598588e-05 5.673649e-07 1.6293901e-06 4.891294e-05 2.5823655e-07 1.3160617e-06 0.00011437807 0.10325939 2.0795088e-08 0.05677042 2.5186582e-05 0.20697184 0.008301497 4.3312422e-08 0.00027022304 6.1858914e-06 2.531747e-07 6.7560717e-09 5.2597073e-09 1.028089e-05 0.00027677292 8.611001e-10 3.0456622e-05 1.402711e-05 2.471736e-11 0.010207249 1.587789e-09 3.3402536e-08 1.4192212e-09 0.018091684 0.004213535 1.0275616e-05 5.8541794e-09 3.6977543e-08 1.3316541e-09 9.268526e-06 4.5331134e-09 0.0043244907 0.0003951764 5.627566e-10 1.2951946e-08 2.6821548e-10 1.6462446e-08 0.20495698 0.0021032623 6.234785e-07 2.7306162e-09 0.12821159 1.919811e-07 0.00010762188 6.590586e-09 0.0008323043 2.1446317e-06
0.970897 0.930962 0.97212136 0.9177117 5.164384e-09 0.6702554 0.21705425 0.06628958 0.45066166 0.9741819 0.408096 0.004608896 0.19041725 0.06435814 0.047796108 0.0003693231 0.00014307299 0.00066841696 0.5372684 0.017769665 0.026842033 0.005037384 0.023178775 0.015164813 6.620942e-06 0.0015570682 0.12636447 2.6073621e-05 0.008305128 0.0035828212 0.0012000188 0.004624987 0.003431876 0.0008644722 0.0002368333 0.062802434 0.0130981 0.00017767434 0.34456605 0.0054266616 7.509901e-05 2.9776187e-05 1.28641095e-05 7.9128795e-06 0.09891233 1.84984e-07 0.0015507863 0.00065989734 0.00013902981 4.9485243e-06 8.9895116e-07 1.36409335e-05 1.8772032e-05 3.9852313e-07 3.9220322e-05 0.18543334 4.5569357e-07 0.05452004 4.4176435e-05 0.7333407 0.066897854 1.016674e-06 0.00025165663 0.00019460355 0.00066994765 1.0253992e-05 1.00912054e-07 2.0612647e-06 1.717186e-05 5.743781e-07 9.300396e-05 7.331752e-05 1.5022373e-08 0.012976572 5.524364e-06 1.5513845e-06 1.0264499e-07 0.023807624 0.0074158353 6.0573115e-05 1.5931296e-07 8.362661e-09 8.120565e-09 0.00020409745 1.3307011e-05 0.0065693264 0.0007638663 3.6830148e-08 6.9909476e-08 5.2786476e-07 3.2772805e-05 0.7156132 0.0058182254 3.979487e-06 8.580606e-06 0.5135222 0.00013850971 8.906167e-05 1.0763568e-05 0.0034574515 2.1804282e-05
0.81676704 0.47803554 0.9208507 0.8804191 0.6702554 3.8034918e-13 0.15657823 0.024230067 0.06536965 0.75805885 0.17816414 0.9999253 0.934159 0.34078023 0.0004088617 0.70323825 0.14530352 0.21518052 0.71957403 0.001503822 0.0016781524 6.466069e-06 0.27910882 4.8423935e-05 0.37414652 5.5318593e-05 0.03504401 0.44727707 5.958689e-05 4.3506643e-05 0.0004977166 0.0005891237 7.4177595e-05 8.474187e-06 4.743392e-05 0.00026127647 0.0024221577 4.8759716e-07 0.20900896 0.0013097225 1.367202e-07 7.972356e-06 4.4894392e-08 1.2111554e-06 0.2948575 5.077502e-10 0.048682496 0.00030131967 1.0819415e-06 0.011025227 7.601722e-09 3.5759701e-06 4.3358458e-08 8.0499696e-08 0.0033663092 0.01973389 2.0797883e-10 0.0034845886 0.0064692306 0.08968487 0.04163311 1.9195164e-05 0.016835354 1.0802537e-06 3.0029738e-05 8.122176e-07 9.012611e-09 1.1289807e-07 0.0005121408 3.3815045e-06 2.4207568e-05 4.6690534e-06 9.291685e-12 0.0006100964 3.246917e-07 4.3357367e-09 1.2426245e-08 0.0016451125 0.008374195 2.381593e-05 2.7011051e-09 1.19219505e-08 3.0453354e-08 2.7972486e-05 8.767062e-07 0.007535366 0.0008273641 3.7455262e-08 1.547586e-07 1.658988e-07 4.869427e-06 0.04409055 0.0063021947 1.4998166e-06 7.33243e-07 0.016361615 2.3534714e-05 6.606035e-05 1.6957298e-06 0.00036331703 2.6005975e-05
0.95633626 0.9663296 0.47212744 0.6865987 0.21705425 0.15657823 1.1323402e-08 0.97506565 0.89054185 0.09596218 0.104717776 0.0002573335 0.002610827 0.03073735 0.51462615 0.00017743304 2.321545e-05 4.6022218e-05 0.022136586 0.0006390932 0.11871178 0.25128287 0.00095945713 0.13884206 9.8280815e-08 0.03379438 0.96751726 2.4551161e-06 0.09349134 0.030199653 0.0025227778 0.08223453 0.000116169176 0.045463037 0.006137698 0.039378025 0.37544096 0.0016620056 0.032576524 0.26947287 0.0018873318 0.00042172635 0.0002118767 0.00041434795 0.0036135933 9.462558e-06 8.198286e-05 0.08001072 0.00095368025 6.024005e-06 2.8640998e-05 0.00019518215 0.00012815662 9.132614e-06 3.589102e-05 0.68891054 1.0533249e-05 0.78818107 3.1488908e-05 0.26907337 0.007866708 2.73862e-07 0.00011643705 0.0017282816 0.00019274051 6.594113e-05 4.2253106e-07 7.2104674e-05 1.2537455e-05 2.2641275e-07 0.0032054258 0.0019001021 2.506028e-08 0.12917528 8.758233e-06 5.0109356e-06 2.3690409e-07 0.27937672 0.0027162784 0.0011192011 6.481179e-07 2.9464442e-07 1.6026661e-07 3.5793528e-05 3.0197784e-06 0.0027397305 0.0002597959 6.4883653e-07 8.924723e-08 7.636233e-06 6.210925e-06 0.20843266 0.0058675474 1.3206363e-05 5.0415867e-05 0.15100504 7.580027e-05 0.00014007268 1.3366369e-05 0.017108193 0.0002762421
0.94931096 0.9142963 0.077470526 0.67000306 0.06628958 0.024230067 0.97506565 4.197606e-09 0.9528183 0.02111447 0.07088646 8.546195e-05 8.848024e-05 0.02505885 0.95500505 7.620676e-05 3.2799992e-06 4.3481195e-06 0.0010732127 4.5706285e-05 0.37287349 0.81563956 0.00021296617 0.4813692 1.14426115e-07 0.15313827 0.91940516 2.0677197e-07 0.19742148 0.06457381 0.0034488547 0.21532224 2.6454562e-05 0.2047168 0.028428903 0.008757829 0.35115507 0.009012415 0.005014993 0.351136 0.006748841 0.0006122188 0.00025937677 0.00062924385 0.0007734666 8.29886e-06 6.522843e-05 0.083494 0.0029126117 5.7593536e-07 5.7805555e-05 0.00069731264 0.00049926835 2.9701372e-05 2.0301915e-05 0.66517943 1.7976761e-05 0.8474514 7.204724e-06 0.05829477 0.0020841868 2.5722722e-08 9.605974e-06 0.0032886364 3.622758e-05 0.00030116655 4.498182e-06 0.00023807742 4.5551915e-06 6.4791124e-08 0.0030186714 0.0019681647 7.348674e-08 0.08403057 9.259161e-06 1.4370605e-05 1.5912733e-06 0.37766883 0.0001854301 0.0016139774 1.904316e-08 3.4883604e-07 4.1372834e-09 1.7728345e-05 2.555746e-07 0.001124765 4.796519e-05 9.659647e-07 2.5881087e-08 3.2663535e-05 8.6859455e-07 0.038917426 0.0008555161 2.1871968e-07 0.00032769507 0.029901749 6.8694417e-06 6.8533577e-06 1.21018975e-05 0.012765323 0.00025962573
0.9380834 0.2567735 0.033194307 0.92829794 0.45066166 0.06536965 0.89054185 0.9528183 4.1142202e-12 0.3007031 0.90665853 0.0018153124 0.005035096 0.9232892 0.6369605 0.0005723522 1.554884e-05 1.0498419e-05 0.03066214 2.1328794e-06 0.95718086 0.12129395 0.0032159495 0.8043019 1.9651326e-08 0.49518406 0.84000593 4.62453e-06 0.8209689 0.0004162772 0.28145686 0.007455493 4.844298e-08 0.053349353 0.0003059941 0.00010280071 0.14727071 0.000112045425 0.021828093 0.19782723 0.00096467166 0.0042538717 1.7874012e-06 2.5737422e-06 0.0067897183 6.2816963e-07 0.00024078254 0.03504226 0.0024526475 5.3368075e-07 4.3326738e-05 0.00066990004 8.901132e-07 8.788572e-06 8.372365e-05 0.2918475 5.8824867e-07 0.490104 4.7060566e-05 0.09287018 0.0036006898 8.6398664e-08 6.151228e-05 0.00014424064 1.4763995e-06 5.8898405e-07 6.0266276e-09 0.00011632483 0.00021056816 9.710427e-09 0.0006597602 0.0008255245 1.4684283e-09 0.021901604 6.4953545e-09 3.371806e-07 1.5970437e-07 0.07117621 0.0019091631 0.0003234418 1.19060395e-07 8.4530626e-08 7.240045e-08 2.8224629e-06 1.2443584e-08 0.0017579449 0.00014731927 1.1953207e-07 1.694749e-07 8.786572e-07 2.237917e-08 0.099454485 0.0011619932 1.1556446e-05 2.1547952e-05 0.07305905 4.11635e-07 2.181697e-05 6.4061076e-08 0.002797806 0.0001410433
0.9863927 0.763896 0.9482398 0.84597963 0.9741819 0.75805885 0.09596218 0.02111447 0.3007031 1.2115973e-09 0.38570708 0.04602793 0.41657615 0.05195507 0.039232615 0.0010567257 0.0008288057 0.0024227803 0.8600436 0.14549302 0.028005408 0.0016668439 0.07401947 0.010465727 1.4183461e-05 0.0021451085 0.06447182 5.5560155e-05 0.012932115 0.0015514999 0.0011835558 0.002149569 0.01767496 0.00028211361 0.00013611701 0.20490931 0.008837706 9.567109e-06 0.6855323 0.0034687156 6.3882486e-05 3.750994e-05 5.6181796e-07 1.8672633e-07 0.28944764 1.0921293e-07 0.014138504 0.00023723861 0.00024060166 3.8541275e-06 1.2246074e-06 1.0820726e-06 4.944998e-07 2.3228791e-08 6.214265e-05 0.23228884 4.1386507e-08 0.032481954 0.00019869476 0.83231795 0.21844745 4.3347197e-07 0.0012121776 6.787711e-05 0.0025563024 6.184638e-07 1.2603846e-07 2.996014e-07 5.712654e-05 1.2535985e-07 7.9002086e-05 1.6696158e-05 6.9899704e-09 0.020758806 8.137449e-07 8.662886e-08 4.8575476e-08 0.036140822 0.031448644 2.7448588e-05 2.2938791e-07 1.2621258e-08 5.9134337e-09 0.00030699492 5.9916733e-06 0.02166606 0.0005695315 1.0923323e-09 1.4439539e-07 1.4921225e-08 1.2789064e-05 0.867827 0.02193583 7.238844e-06 2.4195185e-06 0.6925577 0.00020782539 0.00033784003 1.1293706e-05 0.0057571027 4.000253e-05
0.68074256 0.0457697 0.02531051 0.99246365 0.408096 0.17816414 0.104717776 0.07088646 0.90665853 0.38570708 7.550273e-11 0.118899114 0.0914036 0.99917054 0.014773678 0.00096223503 0.00016578438 0.00014677698 0.13849041 1.5231818e-07 0.051329028 0.0015202931 0.007921348 0.005315938 7.058082e-07 0.00087455515 0.046275273 0.000506937 0.024150489 6.3649295e-06 0.027042847 0.00012277157 1.5064543e-09 7.3954034e-05 7.980559e-07 1.0142588e-06 0.0026123116 2.5357933e-06 0.016773228 0.0016266514 5.915163e-06 0.0001241483 7.293236e-07 9.95839e-09 0.0068655545 6.130276e-08 5.1999577e-05 0.00034038618 6.2073846e-06 3.6809033e-05 3.2908773e-08 1.0740979e-05 1.9339097e-06 2.6960938e-06 8.982313e-05 0.010476016 1.0514551e-07 0.0035143327 4.846496e-05 0.026203902 0.0007430755 2.909598e-06 9.4046525e-05 8.5672855e-06 3.4270772e-07 1.3155879e-09 1.2356478e-08 1.4983141e-06 8.0696545e-06 1.8931932e-09 1.562213e-05 2.307014e-05 7.876198e-10 0.0003395432 4.4205825e-10 2.2480853e-07 5.971286e-08 0.0012978007 0.00043704323 1.6994009e-05 2.7702825e-08 2.973246e-07 8.603868e-08 2.0840473e-06 5.342482e-10 0.0007240694 7.6794495e-05 5.6221328e-08 7.993985e-08 1.5293593e-07 1.7140053e-09 0.042721987 0.00050909875 4.116847e-06 3.4851348e-07 0.026769094 4.5631563e-08 1.6227335e-05 9.559315e-09 8.724108e-05 9.2975815e-06
0.5234833 0.080148295 0.33031216 0.47018254 0.004608896 0.9999253 0.0002573335 8.546195e-05 0.0018153124 0.04602793 0.118899114 2.2793338e-11 0.75169134 0.9649466 6.533102e-05 0.40652668 0.023226408 0.043577295 0.29850233 6.522295e-05 0.001964671 2.0373884e-06 0.07680781 4.161974e-05 0.058857903 2.8484776e-05 3.1736756e-05 0.9795919 0.00071846275 3.003376e-06 0.010850529 9.049133e-06 1.4649525e-07 1.8588565e-06 2.136013e-07 3.4656118e-08 1.7134693e-05 8.8126546e-07 0.02508431 1.7139939e-05 5.8855e-07 0.00088495476 2.967259e-08 2.8555887e-08 0.10217721 4.6575167e-08 0.01780079 4.2636616e-06 6.5003533e-06 0.00988366 2.2961915e-06 2.210531e-06 3.6442675e-08 2.835595e-07 0.0024223954 0.00010340434 1.9206835e-08 6.227263e-05 0.012075019 0.00083201146 0.0116996495 0.00020771386 0.0044357297 4.1391817e-07 1.0334769e-07 2.8528202e-10 7.559441e-10 4.7169212e-07 5.2401963e-05 7.63341e-09 7.737443e-07 3.96636e-07 1.2578149e-11 8.9560876e-07 4.344142e-11 1.4413638e-10 3.420216e-08 6.8752156e-06 0.001954541 6.6206167e-07 3.7231712e-10 4.1949423e-08 1.0353013e-08 5.7400848e-05 9.405097e-10 0.0016719 0.0003095946 6.668979e-11 9.6408485e-06 2.1454095e-11 1.8507699e-09 0.00037988633 0.0016546019 4.92024e-07 1.5802683e-10 0.00026645715 3.2381502e-09 1.244708e-05 7.042919e-11 2.8545906e-09 4.649446e-09
0.9102675 0.08187317 0.789574 0.14939444 0.19041725 0.934159 0.002610827 8.848024e-05 0.005035096 0.41657615 0.0914036 0.75169134 5.6712976e-12 0.013401764 0.00045806565 0.9012403 0.77674603 0.98989666 0.93596077 0.7483378 0.0010156566 3.3368204e-05 0.70130205 0.00010238372 0.17333055 3.4827647e-06 0.00033752603 0.11266926 0.00045696917 1.6882774e-05 0.0004313396 0.00013119314 0.20398161 1.4208837e-06 1.6270965e-06 0.027093675 0.0006821875 4.075105e-06 0.6802605 0.00022364644 4.0273997e-07 9.413433e-06 1.35759e-07 5.6624785e-08 0.8452089 8.1777785e-09 0.5986249 2.616721e-05 0.00024266174 0.0037467163 1.3398716e-06 1.0987589e-07 3.059045e-08 2.480204e-07 0.031739596 0.01362428 2.9707135e-08 0.00092240656 0.029083485 0.21661253 0.58920884 2.5347355e-05 0.17414634 8.2068505e-07 0.00069186365 2.221802e-08 2.0929212e-09 1.533665e-07 0.0006702151 2.1550004e-09 1.2365861e-06 5.144544e-07 1.1542832e-09 0.0011111397 6.1309158e-09 3.805502e-09 2.9712801e-08 0.002937535 0.10776753 2.203148e-06 2.2411366e-09 2.4397755e-09 1.3970844e-10 0.0016225973 1.6521308e-07 0.0749181 0.013571054 7.9950435e-10 2.029278e-07 5.274757e-09 6.81542e-07 0.08323707 0.043321025 1.3387896e-06 1.1690541e-07 0.040752497 1.4672904e-05 0.0012631711 4.995976e-08 0.0015889178 1.5965754e-06
0.08778738 0.035544153 0.0264018 0.3868894 0.06435814 0.34078023 0.03073735 0.02505885 0.9232892 0.05195507 0.99917054 0.9649466 0.013401764 3.996628e-10 0.06261838 6.7253255e-05 2.3868465e-06 1.3558853e-06 0.0063135945 2.1337082e-05 0.7612519 0.0059732343 0.0006648723 0.053520165 2.0082457e-08 0.040523577 0.0106488075 2.8241902e-05 0.4298776 0.00017384892 0.9626086 0.002076173 1.5276115e-07 0.009147057 2.2012064e-05 8.893966e-06 0.000830325 1.0273274e-05 0.0018202357 0.0002869974 0.00022098208 0.005786027 1.0233085e-07 1.5812144e-05 0.0010500283 1.7143363e-06 1.0421544e-06 3.686503e-05 1.500381e-05 1.5110162e-06 2.2371074e-05 1.0075743e-05 1.3885429e-07 1.5707101e-07 1.4324424e-07 0.0016891866 4.4469618e-07 0.00048758814 3.0446006e-06 0.0020061135 7.6910736e-05 1.6718856e-08 5.256039e-08 8.047795e-05 1.0219563e-06 8.610451e-08 7.7524994e-08 2.6294977e-08 9.7429535e-08 4.6127823e-08 3.01156e-07 3.8518368e-07 3.1215766e-11 1.2655519e-05 1.0046247e-07 2.2339903e-07 1.8626379e-08 7.546185e-05 3.4665027e-05 3.715085e-06 2.2318107e-10 2.7394286e-08 1.2317298e-08 2.9517976e-08 7.6979376e-08 3.0220473e-05 2.737402e-06 1.9251543e-08 3.1194507e-08 5.570258e-08 4.1329375e-07 0.0020725082 3.6198468e-05 6.7319087e-07 9.055745e-08 0.0006280885 7.835858e-07 4.9660804e-07 6.98431e-08 8.5003825e-07 2.3147106e-06
0.939763 0.024689524 0.0037769433 0.10361507 0.047796108 0.0004088617 0.51462615 0.95500505 0.6369605 0.039232615 0.014773678 6.533102e-05 0.00045806565 0.06261838 5.5836273e-12 0.000108176 1.2522418e-06 2.5819927e-06 0.0031718148 5.086064e-07 0.7323962 0.82341397 0.000586743 0.98355156 5.689063e-09 0.9424869 0.8521046 1.7320037e-06 0.7262819 0.0049615577 0.0063211913 0.086800836 2.0478547e-08 0.7509331 0.0006611642 0.00040893268 0.445561 0.0051080044 0.004636018 0.5049586 0.014067945 0.00072398345 0.00055413134 2.9960313e-05 0.0009606987 6.7715475e-05 2.9215082e-05 0.14455691 0.011563289 9.32417e-07 7.9089e-05 0.0021669655 3.7669357e-05 3.31145e-05 2.253314e-05 0.55062956 3.2097476e-05 0.87912875 1.9268085e-05 0.026016776 0.0010032438 1.474933e-08 3.9979535e-05 0.00077656575 2.4386068e-06 2.0499615e-06 1.491599e-08 0.00035088064 9.623662e-06 2.0858435e-09 0.0025801912 0.0025493687 5.638646e-09 0.06322917 1.4341859e-08 1.3766294e-06 1.8349878e-07 0.26859283 0.0004251909 0.0008262759 7.3831515e-08 8.750451e-08 1.6331843e-08 3.9066017e-06 9.069085e-09 0.000774722 5.390614e-05 7.207184e-08 1.8220565e-08 2.7114498e-07 2.2664528e-08 0.02462338 0.00052516005 1.3660167e-06 5.3685767e-06 0.01597228 6.366067e-07 1.6571363e-05 1.8296754e-07 0.0035011242 0.00016927085
0.3012873 0.0020522962 0.06654131 0.0021964246 0.0003693231 0.70323825 0.00017743304 7.620676e-05 0.0005723522 0.0010567257 0.00096223503 0.40652668 0.9012403 6.7253255e-05 0.000108176 1.6026354e-07 0.9931463 0.46706235 0.008062456 0.022834862 2.3105014e-05 9.934765e-06 0.011344112 1.4064578e-05 0.9975294 1.9085123e-06 8.1405786e-05 0.7767678 5.0601127e-05 1.9715158e-05 3.4455952e-06 3.4799345e-05 0.004008873 4.8985132e-08 4.9740697e-06 2.8412122e-05 4.4279245e-06 1.832751e-05 0.010427948 4.95994e-06 6.8329473e-07 4.7770605e-08 7.3614865e-07 3.173946e-08 0.0709735 1.2296566e-09 0.070348255 3.4706227e-06 6.1557257e-06 0.096503794 7.3895956e-10 2.3160026e-06 2.5816811e-07 2.2953145e-07 0.0093676355 4.6159887e-05 4.1711843e-07 4.058291e-05 0.025837457 0.0004662839 0.0145692825 0.001181871 0.030414289 5.3575804e-06 1.0431314e-05 8.078699e-09 4.172328e-08 2.9899102e-06 0.0002846969 1.3521348e-07 1.2722626e-06 7.3439423e-07 3.1485342e-10 2.1083933e-05 2.4664086e-08 1.5033349e-08 1.1252846e-08 5.61169e-05 0.007971832 2.401702e-06 1.04349285e-08 1.471674e-07 1.3643702e-09 0.0007816859 1.6051362e-07 0.0053236904 0.0008460775 7.727654e-08 4.818916e-07 6.8973964e-09 1.1136798e-06 0.00048550178 0.0010990514 6.5320464e-06 7.726986e-09 0.00038625908 1.5083584e-06 7.493125e-05 1.7586128e-08 1.2274821e-05 3.1748286e-07
0.31953394 0.00047949093 0.01590179 0.00013167963 0.00014307299 0.14530352 2.321545e-05 3.2799992e-06 1.554884e-05 0.0008288057 0.00016578438 0.023226408 0.77674603 2.3868465e-06 1.2522418e-06 0.9931463 1.1998669e-08 0.9983011 0.008138514 0.036460206 3.4884554e-06 1.4650992e-07 0.013812382 3.4678499e-06 0.93824834 3.427741e-07 1.2693073e-05 0.105985045 3.623492e-06 4.3227747e-06 1.8062582e-07 2.4732797e-06 0.016637493 2.0637273e-08 9.496529e-07 3.1882366e-05 4.2756906e-06 1.5335984e-06 0.020262774 2.177167e-06 1.3709871e-07 5.95796e-09 3.4371948e-07 1.535672e-08 0.103122674 1.9598491e-10 0.12585254 1.9631511e-06 1.0079689e-06 0.006408763 8.8289526e-10 1.2477785e-06 8.534356e-08 1.0033896e-07 0.023632571 4.8122256e-05 7.785303e-09 1.2160889e-05 0.12608713 0.00056767673 0.035449307 0.0005950943 0.076977976 9.3654415e-07 1.42068675e-05 3.0146057e-09 2.713545e-09 7.533867e-07 0.00032783856 9.142032e-08 6.923441e-07 1.3981209e-07 1.7788251e-10 1.1822324e-05 9.983721e-09 1.1011626e-08 1.4833026e-09 2.8004008e-05 0.015711935 4.232181e-06 3.074691e-09 1.5508697e-08 1.48671e-09 0.00065280765 2.574432e-06 0.010064883 0.000627547 7.8134825e-08 3.659829e-08 4.5537924e-08 8.488774e-07 0.00032424848 0.001825424 1.0701368e-05 5.2759667e-08 0.00019278975 3.039341e-06 1.1287612e-05 1.6265782e-08 4.1992416e-06 1.833868e-07
0.72935694 0.0011293428 0.057440378 0.00072837656 0.00066841696 0.21518052 4.6022218e-05 4.3481195e-06 1.0498419e-05 0.0024227803 0.00014677698 0.043577295 0.98989666 1.3558853e-06 2.5819927e-06 0.46706235 0.9983011 1.3075918e-10 0.036176056 0.339669 1.4788343e-06 5.6032054e-08 0.15198821 2.54039e-06 0.8381991 7.1663733e-09 3.367693e-05 0.04043198 2.6921782e-06 1.0172744e-06 3.6983752e-06 4.5954303e-06 0.2845658 1.795345e-08 1.0830657e-06 0.0010879115 6.860894e-05 1.4009844e-06 0.10993872 5.109918e-06 1.2294268e-07 1.8899577e-08 1.1553146e-08 3.9442405e-09 0.38795352 1.9088159e-10 0.6128244 3.0743938e-06 1.2332239e-06 0.012397059 1.6235986e-09 9.192513e-08 2.0281432e-08 4.6011742e-08 0.18051103 0.00047134142 5.782523e-09 4.7001857e-05 0.58743364 0.006061504 0.17675968 0.0014807171 0.4095632 3.986413e-07 0.00013416875 2.2846505e-09 1.2250196e-08 1.17452705e-08 0.0031114707 4.3834282e-07 1.5658815e-06 8.634758e-08 7.9680484e-11 7.10172e-05 6.4405308e-09 3.8324828e-09 2.4234545e-09 0.00013680714 0.06366635 2.227879e-06 8.564356e-09 2.9079956e-09 1.0315345e-08 0.00426378 2.3441812e-06 0.040568557 0.0041492623 1.1237056e-09 2.2261277e-07 2.264775e-09 3.3782292e-06 0.0057615982 0.01287126 0.0001279073 3.863602e-09 0.0018413839 1.8417219e-05 0.00028746144 2.2284821e-08 1.9745174e-05 4.6292755e-07
0.9551708 0.1797318 0.7790727 0.42409548 0.5372684 0.71957403 0.022136586 0.0010732127 0.03066214 0.8600436 0.13849041 0.29850233 0.93596077 0.0063135945 0.0031718148 0.008062456 0.008138514 0.036176056 5.4964848e-12 0.97541904 0.0025310025 0.00015223911 0.9459427 0.0003100109 0.001176125 4.0763316e-05 0.03899941 0.001075272 0.00024049726 0.0003967316 0.000121344245 0.0007564465 0.5068219 2.7186172e-05 9.721621e-05 0.635128 0.021130474 2.3122717e-05 0.9413082 0.0038869004 2.038329e-06 6.578718e-07 3.8782983e-07 2.245694e-07 0.8132665 1.725082e-08 0.11226512 0.00015090349 1.8687757e-05 6.021027e-05 6.775251e-08 1.0953582e-06 5.240151e-07 2.2509128e-07 0.0005350698 0.12020631 2.9793155e-08 0.0058898157 0.0008660321 0.74651104 0.57546115 3.52996e-06 0.011624655 5.0136532e-05 0.0044994503 4.9952237e-06 6.684883e-08 4.8648985e-07 0.000104687606 5.5002715e-08 6.035083e-05 8.556695e-06 1.3667542e-08 0.010410062 5.7957654e-06 3.3032805e-07 1.6330357e-07 0.018186187 0.03639312 4.919363e-05 2.5744514e-08 2.8440799e-09 5.687878e-10 0.0003905302 8.845143e-06 0.023244752 0.00096404535 3.4117114e-09 2.3216647e-07 1.04416046e-07 1.7559458e-05 0.5854871 0.017940395 1.1380445e-06 7.669338e-06 0.36741892 0.00024756466 0.00016243292 2.3187297e-06 0.0052754595 3.453604e-05
0.8094223 0.0028012448 0.08155464 4.433384e-06 0.017769665 0.001503822 0.0006390932 4.5706285e-05 2.1328794e-06 0.14549302 1.5231818e-07 6.522295e-05 0.7483378 2.1337082e-05 5.086064e-07 0.022834862 0.036460206 0.339669 0.97541904 2.9280195e-10 1.9473023e-07 4.904815e-08 0.9960969 1.3444289e-07 0.013357998 2.5235188e-06 0.005482728 0.00065474136 8.270299e-08 6.3106505e-05 2.173018e-08 9.3609866e-05 0.9182947 1.6102773e-05 8.600543e-05 0.3498164 0.0028822692 2.9866836e-08 0.8533763 0.0012006896 1.2237166e-08 1.3996054e-09 5.1376605e-09 1.9268948e-05 0.8441195 7.832196e-11 0.6782461 0.00038673222 1.0395938e-07 0.0041570393 2.68965e-10 5.8432115e-06 3.227509e-08 1.2081716e-07 0.06620971 0.013716092 3.8316014e-11 0.0018306643 0.06159656 0.20693725 0.5118484 0.0010886525 0.22712094 9.034887e-08 0.025675608 9.791993e-05 4.9301834e-09 1.4640956e-06 0.0063439687 0.0016304239 0.00020464593 0.000114226015 3.1892744e-12 0.002875407 2.963799e-05 4.063763e-07 1.5675018e-09 0.0036000188 0.09768326 0.00065122795 6.224914e-08 1.3541485e-08 1.7829354e-06 0.0015824477 0.0002487878 0.04989874 0.01175176 3.7467677e-07 1.4158337e-07 4.4292383e-06 0.0002571088 0.068732664 0.031831574 3.054744e-05 2.2440454e-05 0.029876657 0.0012232133 0.0003820051 1.0459874e-05 0.0012102354 9.381935e-05
0.57677585 0.005011715 0.003969212 0.21937604 0.026842033 0.0016781524 0.11871178 0.37287349 0.95718086 0.028005408 0.051329028 0.001964671 0.0010156566 0.7612519 0.7323962 2.3105014e-05 3.4884554e-06 1.4788343e-06 0.0025310025 1.9473023e-07 2.6128403e-11 0.3932377 0.0006335042 0.98911643 1.2768521e-08 0.91856277 0.15569085 9.35676e-06 0.99018496 9.313826e-05 0.2741806 0.0035225754 3.9505577e-09 0.09516196 4.2413117e-06 2.4348827e-05 0.013840988 0.000301037 0.0010118749 0.016052628 0.0020495784 0.011131329 1.8099983e-05 5.684974e-07 0.00043059446 4.1922913e-06 3.5038527e-06 0.0092405435 0.0073522157 9.489489e-08 0.00019560047 0.000121608835 4.0588347e-06 7.832903e-06 4.625198e-07 0.033417206 6.498308e-06 0.0912375 1.4567128e-06 0.00393131 0.00023650804 2.014472e-08 1.5377533e-06 0.000110134235 2.1999945e-06 4.0549786e-09 1.5637191e-08 1.9357043e-05 8.448909e-07 5.038046e-10 1.5006244e-05 3.8393275e-05 6.442383e-10 0.0025872048 6.4721145e-10 1.10063985e-08 3.4902158e-08 0.008001796 3.622955e-05 1.8448229e-05 4.1211828e-10 1.1875908e-07 3.3271372e-11 1.6969358e-07 8.313023e-10 8.8653986e-05 1.3728332e-05 2.1776934e-09 1.9893896e-08 1.0172806e-09 1.7465213e-09 0.008152038 5.988934e-05 4.1433584e-08 5.129347e-09 0.0056489515 2.860057e-07 7.0759216e-07 1.0284948e-09 2.1191236e-05 2.098753e-06
0.96535933 0.006036649 0.00011323047 0.0087375855 0.005037384 6.466069e-06 0.25128287 0.81563956 0.12129395 0.0016668439 0.0015202931 2.0373884e-06 3.3368204e-05 0.0059732343 0.82341397 9.934765e-06 1.4650992e-07 5.6032054e-08 0.00015223911 4.904815e-08 0.3932377 8.588057e-13 3.8191694e-05 0.66798747 5.398163e-10 0.948831 0.6294188 5.3338027e-08 0.59157217 0.0444022 0.0013295112 0.65612674 3.2668483e-09 0.9878528 0.048526037 0.00018872168 0.8184325 0.143413 0.0005765866 0.74772197 0.30953258 0.0006027784 0.100107774 0.001565071 0.00013117038 0.0030389775 6.6061295e-07 0.6133102 0.08244966 4.141549e-08 0.0001879825 0.02603249 0.0008583957 0.0011439541 9.58867e-07 0.6195443 0.0032248222 0.8699268 1.6893653e-06 0.009744795 0.00022319345 2.5201814e-09 2.8979767e-07 0.0043094717 1.5955221e-06 1.6833528e-05 1.5992796e-07 0.010077835 1.5691899e-06 4.7970056e-10 0.022816984 0.020688187 1.3466334e-07 0.24218552 2.0434808e-08 1.195842e-05 4.2226438e-07 0.56920904 0.000181756 0.007860588 3.9755264e-08 1.4335944e-07 2.8239284e-09 8.7159253e-07 6.3118537e-09 0.0006849659 2.627341e-05 2.241358e-06 7.0415025e-09 4.6137884e-05 7.51316e-09 0.022553578 0.0003148508 1.5797659e-07 0.0005522637 0.012746856 2.867554e-07 4.4789494e-06 1.3888906e-06 0.017870722 0.0034639963
0.9139322 0.0222751 0.13150865 0.036117777 0.023178775 0.27910882 0.00095945713 0.00021296617 0.0032159495 0.07401947 0.007921348 0.07680781 0.70130205 0.0006648723 0.000586743 0.011344112 0.013812382 0.15198821 0.9459427 0.9960969 0.0006335042 3.8191694e-05 2.1002103e-10 0.00014071817 0.012029521 1.6040062e-06 0.00018705295 0.006146396 3.942613e-05 0.00042724746 3.4235138e-05 0.00015747412 0.8727049 1.1881295e-06 5.697906e-06 0.12850878 0.0010481639 2.2825361e-05 0.8579059 0.00022927475 6.7528285e-06 5.5114646e-07 4.2535103e-07 2.3387493e-07 0.88900566 2.075463e-08 0.7241116 9.446929e-05 7.822079e-06 0.0024695725 1.3036232e-07 2.8873435e-06 9.677179e-06 4.933942e-07 0.05297757 0.010414545 5.0671334e-09 0.00079714594 0.041698787 0.20746751 0.7556084 0.00013583912 0.35578752 5.880507e-05 0.027200768 3.2319772e-07 1.05316104e-07 4.394323e-07 0.0028725164 4.5691515e-05 0.00012907595 1.9775305e-05 2.5791143e-09 0.002308644 1.4240541e-06 7.513163e-08 3.7940964e-08 0.0038276708 0.20424268 0.00010408622 1.3499038e-06 2.3805105e-08 2.5121096e-07 0.0017923283 0.00018621373 0.08751563 0.010768015 9.18266e-09 1.3134625e-06 1.1911775e-07 0.00021039452 0.093156375 0.04963774 0.0002224003 1.4665105e-06 0.049860325 0.0010429102 0.0012386423 2.8456632e-06 0.0013040057 0.00017192647
0.75412136 0.0011670704 0.0003677517 0.035440434 0.015164813 4.8423935e-05 0.13884206 0.4813692 0.8043019 0.010465727 0.005315938 4.161974e-05 0.00010238372 0.053520165 0.98355156 1.4064578e-05 3.4678499e-06 2.54039e-06 0.0003100109 1.3444289e-07 0.98911643 0.66798747 0.00014071817 1.1740942e-09 1.952973e-09 0.98415476 0.28818467 6.310283e-07 0.7504348 0.00024403099 0.015109797 0.0059063556 1.4874275e-09 0.2922512 3.1475785e-05 2.5244586e-05 0.07759969 0.00053402694 0.0005143301 0.09841896 0.009489934 0.00033153826 5.57481e-05 2.95824e-06 0.00019212204 1.41840965e-05 9.01228e-06 0.024257328 0.0021447607 3.3546917e-07 3.3321077e-05 0.00032953816 1.12504595e-05 3.7055685e-05 1.9415013e-06 0.11164544 2.5350535e-06 0.3119595 5.5239957e-06 0.004102602 0.00015954828 1.716332e-08 4.4275066e-06 0.00021468174 1.0714086e-06 6.19659e-08 2.1227896e-08 3.5706624e-05 2.1565436e-06 2.5621238e-10 0.00016017516 0.00032814321 9.810996e-09 0.010711254 1.5051733e-09 7.0024475e-07 5.1135157e-08 0.046639267 0.00013707866 7.8975645e-05 2.9454803e-09 5.800686e-08 7.560036e-09 4.561784e-07 6.630349e-10 0.00015098798 7.75202e-06 2.0199752e-07 2.7610668e-08 2.5320054e-07 6.924163e-10 0.011158907 7.906901e-05 1.2507958e-07 5.4912647e-07 0.0057472633 1.4514079e-07 4.214226e-06 1.3250169e-08 0.0006346837 4.9599465e-05
0.652508 5.782429e-07 0.0013189994 4.2189913e-06 6.620942e-06 0.37414652 9.8280815e-08 1.14426115e-07 1.9651326e-08 1.4183461e-05 7.058082e-07 0.058857903 0.17333055 2.0082457e-08 5.689063e-09 0.9975294 0.93824834 0.8381991 0.001176125 0.013357998 1.2768521e-08 5.398163e-10 0.012029521 1.952973e-09 2.8161612e-13 2.3984467e-10 1.3972083e-08 0.99094206 1.5441074e-08 2.4253033e-10 5.1091162e-09 8.1419627e-10 0.019715568 1.307011e-10 3.7417808e-10 8.055745e-08 1.2980091e-08 3.6290615e-09 0.011221679 8.9252294e-09 4.2742723e-11 6.6288697e-10 7.094817e-10 2.935399e-11 0.12557232 9.711592e-13 0.49645403 1.4686896e-08 2.1652895e-08 0.5060075 4.4108e-12 2.5836933e-09 1.3191075e-10 8.1287427e-10 0.35631207 2.0770621e-07 4.4305346e-10 1.6014698e-07 0.85064644 0.00047483528 0.05603292 0.10823913 0.42311257 7.311216e-09 1.5068223e-07 4.5935716e-12 1.4387319e-11 4.180555e-09 0.006492145 1.6025454e-07 1.3502404e-09 2.461764e-09 2.6761313e-13 3.7522977e-08 2.4803735e-11 6.948848e-11 6.608166e-10 2.4804874e-07 0.09050099 4.6728372e-09 1.5039998e-07 6.5918015e-10 3.654514e-08 0.0192869 2.3179678e-07 0.04389025 0.014053979 3.123085e-10 7.075986e-06 2.0564403e-10 1.5409661e-07 0.001253221 0.016631281 6.301323e-05 4.4348977e-10 0.00034701757 6.032194e-09 9.371286e-05 3.3579285e-12 3.70817e-09 1.7187563e-08
0.6678993 0.00190785 0.00030943134 0.007669437 0.0015570682 5.5318593e-05 0.03379438 0.15313827 0.49518406 0.0021451085 0.00087455515 2.8484776e-05 3.4827647e-06 0.040523577 0.9424869 1.9085123e-06 3.427741e-07 7.1663733e-09 4.0763316e-05 2.5235188e-06 0.91856277 0.948831 1.6040062e-06 0.98415476 2.3984467e-10 6.8923352e-12 0.063133374 2.9766477e-07 0.97589004 0.0017773352 0.0034972082 0.09475701 1.7788771e-07 0.8929111 0.002085317 1.8947792e-05 0.060798045 0.033003516 8.2090904e-05 0.07524397 0.6606433 0.00025813823 0.0072960467 0.0007553767 7.650257e-06 0.0077338363 2.7556152e-07 0.047839914 0.03701404 3.7031043e-08 0.0018304139 0.004335266 0.0014173217 0.0014751927 2.1246567e-08 0.048140474 0.0054468256 0.13625246 2.6221404e-08 0.00040082628 8.541673e-05 2.0452813e-09 5.1324623e-08 0.005106903 1.1817945e-06 1.427469e-05 2.790687e-06 0.0023854482 6.078209e-08 2.4947443e-08 0.0009631807 0.002037786 5.171491e-07 0.005476053 3.7008979e-06 7.996623e-06 4.896844e-07 0.037130535 7.401587e-06 0.00077802606 3.0330544e-10 2.1971325e-06 1.5430579e-10 1.4372282e-08 1.6566861e-07 0.00012701144 4.058271e-07 1.0205145e-05 6.551079e-10 7.3423766e-06 5.4989056e-07 0.00060168805 3.073349e-05 6.592359e-09 2.5749687e-05 0.00023396497 4.1048477e-07 1.5623001e-06 3.9692853e-07 0.0006049319 0.00014853434
0.99214685 0.6531911 0.2263407 0.4525905 0.12636447 0.03504401 0.96751726 0.91940516 0.84000593 0.06447182 0.046275273 3.1736756e-05 0.00033752603 0.0106488075 0.8521046 8.1405786e-05 1.2693073e-05 3.367693e-05 0.03899941 0.005482728 0.15569085 0.6294188 0.00018705295 0.28818467 1.3972083e-08 0.063133374 4.7954275e-12 1.9789341e-07 0.07191492 0.14170696 0.00048084912 0.28803322 0.0037145275 0.14422342 0.050682995 0.79839265 0.5291927 0.015804682 0.0013471686 0.28867587 0.0015509963 6.917944e-05 0.00026511122 0.0015110612 7.585683e-05 3.7623238e-06 1.0878357e-06 0.011984909 0.0004499004 2.3222384e-07 6.798825e-06 0.00038286013 0.0009843616 0.00010577526 6.650644e-07 0.815256 1.107268e-05 0.81908417 1.1753764e-06 0.09025856 0.0016257169 2.028794e-07 1.3487085e-06 0.001566252 0.0018382046 0.0010456473 1.98263e-06 3.7445785e-05 2.312513e-06 3.1973286e-07 0.00036899833 0.00020591117 2.8640269e-08 0.10817358 0.0004589045 1.5826965e-06 8.586163e-08 0.45381954 0.0005532289 0.00044721205 2.1151386e-08 1.0031054e-09 6.940202e-10 1.5870769e-06 3.145565e-05 0.0007307795 3.424738e-05 1.4455723e-08 2.7281136e-08 2.8556173e-07 5.815141e-05 0.14138421 0.0016264739 1.5505316e-09 2.4510175e-06 0.1100325 0.00025836876 3.603994e-07 4.4265504e-05 0.017790996 0.0001537573
0.6304201 0.00011836578 0.0059710387 0.00027745316 2.6073621e-05 0.44727707 2.4551161e-06 2.0677197e-07 4.62453e-06 5.5560155e-05 0.000506937 0.9795919 0.11266926 2.8241902e-05 1.7320037e-06 0.7767678 0.105985045 0.04043198 0.001075272 0.00065474136 9.35676e-06 5.3338027e-08 0.006146396 6.310283e-07 0.99094206 2.9766477e-07 1.9789341e-07 6.204389e-10 3.1636353e-06 1.051914e-06 6.9330254e-06 6.0929654e-07 0.00022458023 1.6645599e-09 6.272313e-08 1.0291748e-07 1.1682979e-06 1.303049e-07 0.003749424 9.0167987e-07 2.0290786e-07 2.5177647e-07 1.1465841e-08 1.6430764e-08 0.17499574 2.277915e-09 0.37246254 1.3058741e-07 9.88677e-06 0.9885353 2.1575257e-09 9.2149115e-08 2.4575572e-08 3.1063763e-08 0.3288331 4.7254466e-06 3.045206e-07 9.0770715e-07 0.73788023 0.00010415305 0.04792689 0.14246657 0.44187415 3.968379e-06 2.8340352e-07 4.0350114e-09 5.2760573e-08 3.4749493e-07 0.018301452 2.73379e-07 1.5644775e-07 1.15748495e-08 5.7101097e-09 2.7339945e-06 7.849238e-09 1.1833309e-07 1.7568219e-07 5.881138e-06 0.08833238 6.397423e-07 1.0830661e-05 1.0446285e-07 5.927352e-05 0.043914616 8.927686e-08 0.059232675 0.020053538 3.4251578e-08 0.0075745718 1.7672715e-08 4.6168822e-07 0.00028753327 0.006024566 0.0030423414 1.5323426e-08 0.00043640978 4.1770736e-08 0.0010679149 8.339257e-10 9.389973e-09 3.060761e-08
0.35443965 0.00025426853 4.4154578e-05 0.026058387 0.008305128 5.958689e-05 0.09349134 0.19742148 0.8209689 0.012932115 0.024150489 0.00071846275 0.00045696917 0.4298776 0.7262819 5.0601127e-05 3.623492e-06 2.6921782e-06 0.00024049726 8.270299e-08 0.99018496 0.59157217 3.942613e-05 0.7504348 1.5441074e-08 0.97589004 0.07191492 3.1636353e-06 1.3994941e-08 2.1406055e-05 0.98599786 0.0034478023 1.1867292e-09 0.03285951 3.1692794e-06 9.662658e-07 0.017633365 0.00084125524 0.0015126601 0.021170283 0.06046608 0.42313617 0.00026203808 6.563427e-07 0.00023196854 0.0007041369 1.7419296e-06 0.010506357 0.42532462 1.4737161e-07 0.33712387 0.00074315025 3.2952885e-05 1.8769382e-05 3.0463244e-07 0.050522305 0.000319705 0.07418468 3.1764534e-06 0.0011439095 0.0001359026 4.3938914e-07 9.3202146e-07 0.000119320306 4.9348333e-08 1.0873378e-08 1.3351492e-08 2.3156768e-05 3.6748943e-07 2.97494e-10 1.9488278e-05 1.2391922e-05 1.3367386e-09 0.0039725676 6.765369e-09 1.0759954e-07 5.582029e-07 0.021227852 7.358567e-05 7.330151e-05 2.4830543e-10 2.2509943e-07 1.9125604e-12 2.936068e-09 4.0619977e-10 0.00014188906 8.959177e-06 1.5495205e-09 3.8327457e-09 4.7060205e-09 8.389912e-10 0.0054958677 0.0002835451 1.0304958e-09 1.0360006e-08 0.0023483622 5.41693e-08 1.9559701e-07 2.5180482e-09 0.00037864046 8.877781e-06
0.8754744 0.002980774 0.0015565018 0.00015393645 0.0035828212 4.3506643e-05 0.030199653 0.06457381 0.0004162772 0.0015514999 6.3649295e-06 3.003376e-06 1.6882774e-05 0.00017384892 0.0049615577 1.9715158e-05 4.3227747e-06 1.0172744e-06 0.0003967316 6.3106505e-05 9.313826e-05 0.0444022 0.00042724746 0.00024403099 2.4253033e-10 0.0017773352 0.14170696 1.051914e-06 2.1406055e-05 7.6255625e-14 2.4438473e-06 0.990601 7.4600584e-06 0.113632545 0.97815126 0.0073060915 0.9480338 0.02603146 0.0020459353 0.69718456 0.0011433102 5.297286e-07 0.0025965124 0.39952502 0.00037916025 3.5233077e-06 4.6501495e-06 0.8512373 0.0005183238 5.960464e-06 3.0746955e-06 0.21982056 0.007260848 0.042630322 4.172623e-06 0.2836246 3.156979e-05 0.39768758 1.0170482e-06 0.017469132 0.00071794086 6.375783e-07 1.4115196e-05 0.013541643 0.0004519991 0.023062216 0.00030828937 0.05826284 6.990751e-07 4.1625118e-08 0.086062744 0.052469242 1.0260399e-05 0.57378435 0.00010064397 0.0005293335 2.8668295e-05 0.5881083 0.00066066807 0.017220479 5.642011e-10 5.6949644e-05 1.4189784e-08 4.5486692e-07 1.2980859e-06 0.0018324819 4.9148566e-05 0.00022089822 8.44339e-09 0.0005629642 2.231779e-06 0.028658908 0.0043966523 2.7436274e-06 0.0012310066 0.015583689 5.744346e-05 4.457054e-05 7.999564e-05 0.016861897 0.001998868
0.0021808445 0.00015556737 5.835891e-05 0.016134465 0.0012000188 0.0004977166 0.0025227778 0.0034488547 0.28145686 0.0011835558 0.027042847 0.010850529 0.0004313396 0.9626086 0.0063211913 3.4455952e-06 1.8062582e-07 3.6983752e-06 0.000121344245 2.173018e-08 0.2741806 0.0013295112 3.4235138e-05 0.015109797 5.1091162e-09 0.0034972082 0.00048084912 6.9330254e-06 0.98599786 2.4438473e-06 4.1153685e-11 3.1402717e-05 3.4346662e-10 6.107492e-05 4.3576343e-08 5.6678594e-08 1.3953157e-05 1.9556938e-07 2.8715362e-05 1.8437868e-05 1.5052927e-05 0.9999417 4.7026964e-07 5.0789186e-09 6.725072e-06 9.646835e-08 6.452938e-07 4.4525063e-06 1.6839389e-05 1.7045144e-06 2.8388937e-05 6.424159e-07 4.7841655e-07 4.4815852e-08 5.0484646e-06 0.00038597174 4.6182606e-07 0.00014386408 3.0822744e-07 6.886552e-05 1.7538797e-06 8.221943e-06 1.3645819e-06 1.616737e-05 1.5279363e-07 2.2766627e-10 6.020771e-08 1.8412352e-07 1.7279412e-07 6.670423e-09 1.5644754e-06 8.891116e-08 2.1341973e-12 2.324158e-06 3.2581302e-09 1.0901656e-09 1.9065536e-09 3.0999003e-05 5.2647766e-07 1.4205999e-07 2.973278e-10 1.17522674e-07 3.2553409e-09 2.6554472e-09 5.559924e-10 3.0136302e-06 1.6369189e-06 1.2159265e-09 5.435212e-10 1.9690447e-09 4.03716e-09 0.0001416168 1.8388795e-06 8.9303086e-08 1.6327046e-08 0.000111867645 3.543306e-08 5.1360267e-08 1.4186583e-09 1.2411514e-06 2.42419e-07
