8.4425925e-11 0.19538844 0.7436608 0.6153313 0.9169304 0.6679522 0.7019259 0.9285863 0.9537737 0.99094725 0.8671268 0.9782515 0.8705242 0.7171915 0.8853382 0.67123586 0.9579716 0.79858667 0.6641236 0.8337856 0.8412716 0.97899115 0.98318803 0.7732473 0.97256315 0.96417737 0.8423768 0.78216445 0.9290727 0.9904387 0.9130177 0.70361716 0.9895121 0.9312665 0.94715977 0.6686535 0.95011365 0.002805433 0.1064158 0.0900695 0.96400106 0.91299033 0.9296641 0.9628665 0.95223254 0.020591773 0.9834766 0.9382694 0.9808101 0.15099354 0.7639248 0.9767912 0.59635067 0.87475294 0.73625994 0.9450888 0.9517752 0.9824197 0.96181285 0.56326735 0.94607115 0.28683034 0.9664142 0.0007401408 0.9852972 0.9085494 0.8164241 0.8915101 0.993345 0.97874224 0.9739045 0.9652988 0.97376573 0.98804104 0.99835634 0.9995832 0.9763639 0.9995772 0.92294264 0.97868973 0.9012911 0.00017672175 0.13714927 0.91751397 0.93327373 0.7316561 0.94959307 0.8615421 0.020757234 0.98229486 0.020265045 0.9979707 5.3293665e-05 0.9999001 0.9878721 0.31887436 0.99923444 0.99937814 0.58468294 0.9681775 0.99999094
0.19538844 4.8174047e-07 0.9978135 0.9990094 0.8489841 0.22421043 0.050920166 0.002067636 0.0010993591 0.00080599065 0.017657757 0.00020318197 0.007038351 0.049248587 0.013048686 0.024364904 0.06687852 0.005155864 0.0013075217 0.19487432 0.00021759424 0.003832609 0.026833504 0.09304574 4.7438443e-05 0.0144398175 4.26281e-05 0.000110438945 8.964184e-06 4.3643366e-05 0.000354408 9.592282e-09 0.00767011 2.0756434e-06 0.00042766426 0.00015222939 1.4216435e-05 8.264855e-09 8.1722545e-10 5.922608e-06 1.5021096e-06 1.0841058e-05 2.7284847e-05 0.0005413323 5.4814627e-06 5.450485e-07 2.4608933e-05 0.006625711 1.0886495e-06 4.1433977e-06 3.3247622e-07 4.4994286e-07 1.2270127e-05 3.6692722e-06 1.2487672e-05 0.00038881518 2.7997905e-06 0.0028359941 7.089816e-07 6.565358e-08 2.4702234e-05 2.2711897e-06 4.2875092e-07 4.117351e-07 0.0017277634 9.9614915e-08 1.4596079e-08 4.879977e-05 5.850363e-07 7.744844e-06 3.439631e-05 2.533335e-08 1.0535042e-06 0.0002995821 0.00010759017 4.390323e-07 9.064442e-07 0.00013870826 1.2874597e-06 3.607956e-07 1.5408704e-09 9.598275e-11 1.4076887e-08 1.3915815e-07 5.3858166e-08 6.1507697e-09 0.00053629145 2.793118e-08 8.39471e-11 0.0004906277 2.5941878e-08 2.7911636e-08 1.2965193e-12 0.0017739536 1.4820146e-05 1.499243e-08 0.00013074475 1.1363318e-08 5.8145773e-08 2.3473284e-10 1.8858834e-06
0.7436608 0.9978135 4.547661e-17 0.8754108 0.15280186 0.994688 0.031889305 0.0015205309 8.944078e-05 1.1995004e-05 0.007240546 1.3462701e-05 0.00016658426 0.5350804 0.0062783915 0.76823354 0.6072582 0.35918882 0.15805268 0.57233703 3.7530995e-08 0.0037079512 0.08088643 0.14941621 5.721789e-08 0.22188191 1.1576991e-08 0.0046812412 1.1052616e-08 3.6568427e-08 1.3919583e-07 1.1275963e-08 0.019834884 2.610457e-09 0.0002573107 5.8727363e-08 4.0046705e-10 1.1451487e-07 2.226527e-09 1.6235088e-09 1.0098434e-09 5.228882e-08 9.0590284e-08 0.008617037 5.373806e-10 1.2577816e-05 1.8449053e-07 0.076126575 6.340813e-09 2.29963e-06 4.0616586e-09 2.346978e-11 4.597135e-10 4.3985027e-11 4.4731946e-10 0.010883527 8.330903e-12 0.035496302 1.5259936e-11 6.8990304e-12 0.00026986946 2.8404357e-10 1.6979612e-08 1.969721e-09 0.010559738 8.9521925e-11 3.8892112e-10 0.00017718246 4.9900713e-08 1.1578773e-09 5.1414762e-08 4.5891076e-11 7.308588e-11 0.0007050144 4.833934e-06 2.517587e-09 1.495988e-10 0.0003248477 2.5098523e-10 1.4749896e-11 1.9398564e-13 1.3984228e-10 6.214376e-13 2.9950136e-11 4.890121e-12 8.893752e-14 0.0117069315 4.471313e-12 8.758912e-13 0.00871968 1.3903567e-09 1.7064738e-12 5.835146e-14 0.03214621 7.864172e-05 1.330475e-11 0.0013731883 2.7277027e-08 6.792722e-11 6.538872e-13 1.3664719e-09
0.6153313 0.9990094 0.8754108 3.672403e-11 0.9933703 0.01007111 0.5375682 0.08532359 0.016902355 0.004784112 0.27738452 0.0014635227 0.027692225 0.013895552 0.0098681105 0.41310558 0.575879 0.10984812 0.0042118398 0.1255408 0.00046821364 0.021393051 0.15191452 0.055015557 0.00011783609 0.099917985 0.0014888769 0.001655489 1.2390304e-05 6.178778e-05 0.0006063724 3.8395665e-08 0.03956591 1.0905265e-05 0.0030662408 4.3049222e-05 3.7943933e-06 3.074886e-08 2.0359248e-09 3.3053286e-07 7.636648e-06 7.059799e-05 0.00040960207 0.0020828445 5.1808483e-06 1.5810907e-07 3.6341564e-05 0.02964366 3.646938e-06 1.3204473e-05 3.8213514e-07 2.1622986e-07 5.7757193e-06 2.2067627e-06 6.770265e-06 0.0010500833 1.553292e-07 0.015310494 1.3071233e-06 9.2966275e-09 0.00011345086 8.271076e-07 2.360651e-07 2.6028765e-06 0.0058881226 4.111789e-08 1.800647e-08 6.014376e-05 2.1133767e-06 2.498548e-07 3.9807415e-05 1.7593443e-08 1.761946e-07 0.0011153889 0.00014934296 7.012565e-07 1.795263e-08 0.00050238555 5.3382095e-08 2.9822252e-07 7.7963397e-10 2.6353997e-10 8.452869e-08 1.114009e-08 2.269312e-08 1.1321813e-10 0.0019324573 3.709141e-08 3.4807718e-10 0.0019037087 3.4390635e-07 3.592046e-09 1.7215317e-12 0.00915197 4.2176453e-05 2.8529412e-09 0.00039166838 1.999477e-07 3.61913e-08 8.9474345e-10 2.2925244e-06
0.9169304 0.8489841 0.15280186 0.9933703 2.0674039e-11 0.039166264 0.92039615 0.6120828 0.8330473 0.51847106 0.31839064 0.28650445 0.7688553 0.0035110298 0.7311624 0.033586152 0.74586695 0.041221164 5.307734e-05 0.9138454 0.042659543 0.5748607 0.7790006 0.7822766 0.0042701163 0.10376947 0.031981304 0.00034291687 0.00017184205 0.00078078854 0.10643516 1.0317014e-09 0.48281023 0.00013442051 0.11426467 0.06469851 0.005467573 3.8716426e-09 1.5503918e-10 0.011816728 0.00037280252 0.0015074606 0.0057729143 0.00037106095 0.0004378572 1.9677657e-08 0.00084449345 0.10125591 3.4152145e-05 2.9316604e-08 1.104847e-07 1.8785517e-05 0.002843287 3.767471e-05 0.00035303977 0.0031919896 1.4863111e-06 0.08837638 8.666244e-05 1.64628e-05 8.334477e-05 0.00027077692 3.3449354e-07 0.0005590095 0.033806153 1.6705739e-06 1.00796e-08 0.00015730121 5.3838933e-09 8.16887e-07 0.0013529713 1.4192348e-07 1.9338418e-06 0.031611234 0.0024497125 6.2961717e-06 2.1229958e-08 0.021795506 3.892572e-07 1.1543807e-06 9.896623e-09 2.9921262e-06 1.520826e-07 2.935801e-08 2.4374323e-08 7.172106e-08 0.012126424 1.5117166e-08 3.2365512e-09 0.017655358 0.0001288096 1.9041279e-07 5.541759e-09 0.03983363 0.000943164 2.2244153e-07 0.0012220228 6.132311e-08 2.1501528e-06 3.6943945e-10 0.00045501007
0.6679522 0.22421043 0.994688 0.01007111 0.039166264 3.6626695e-09 0.0011256299 0.0020401534 0.00017550375 3.5398934e-05 0.00010623331 2.6438142e-05 0.00040096758 0.98644006 0.004062777 0.66189873 0.44689378 0.24312077 0.05746201 0.24163923 7.146997e-05 0.0005073493 0.06982197 0.9852014 7.6024986e-07 0.2817238 6.053658e-08 0.010139426 2.6419437e-07 2.97499e-07 4.086627e-05 3.285346e-08 0.013005649 3.9088857e-08 3.075853e-05 3.2280375e-05 2.1872175e-07 2.3996701e-05 2.4084855e-05 1.1251157e-05 8.0894644e-08 7.454315e-07 3.6174324e-06 0.013567863 1.6538729e-07 0.0029149433 1.7931138e-06 0.066536635 5.2490666e-08 0.0034296429 9.816517e-09 7.508274e-09 1.4317842e-05 2.3940845e-06 2.5427423e-07 0.016013257 9.1994046e-08 0.03151597 1.5593e-07 1.0215223e-07 0.00044464323 3.9043758e-07 1.7562589e-07 2.67954e-06 0.0027947102 7.7975143e-10 1.3262583e-08 0.0029618198 0.00019909137 2.658595e-07 4.5134732e-07 4.066917e-08 2.674068e-07 3.640102e-05 5.653088e-05 9.318303e-09 1.6361096e-07 9.6043754e-05 2.7788556e-06 1.8868459e-08 1.4940348e-10 1.1026102e-09 5.950752e-08 9.618005e-09 1.1910201e-08 2.5581637e-10 0.0108501 1.425497e-08 9.108483e-10 0.009882427 8.530618e-07 5.728696e-10 8.7962e-12 0.06274209 0.0011621511 1.0416441e-07 0.008778256 4.0728555e-08 9.623739e-07 7.954435e-09 7.46813e-08
0.7019259 0.050920166 0.031889305 0.5375682 0.92039615 0.0011256299 1.5334541e-11 0.99690497 0.980933 0.25685516 0.9181353 0.031893175 0.06937812 0.0027445348 0.004919164 0.031762753 0.6154729 0.026969317 0.0003752135 0.00137331 0.0018596963 0.82372594 0.69736814 3.732193e-05 0.0021423995 0.056068294 0.25423712 0.0017661093 0.00018489559 0.009922572 1.5350186e-05 0.00049836066 0.34651762 0.016235339 0.2761477 1.16696334e-07 1.33084e-06 2.45376e-07 3.381467e-07 7.527142e-06 0.0017865518 0.0063981926 0.013211995 0.00048171502 4.0157371e-07 6.605405e-07 0.002737735 0.033960972 0.0007850044 4.230583e-06 8.155949e-05 6.196484e-08 2.6889052e-07 0.00017211103 2.7668062e-07 0.0010390116 0.00018680087 0.011244051 4.7219037e-05 4.9317214e-07 0.0003274386 9.8930045e-08 4.8432616e-05 4.5845386e-08 0.0147714885 1.971893e-06 5.7372195e-06 0.00014156778 6.5756667e-06 8.458571e-06 0.0032784792 3.0619685e-05 9.870707e-08 0.055164356 0.0039174906 0.00021237234 1.1452956e-06 0.02077821 2.1981794e-05 8.505232e-05 4.1755786e-05 2.4114877e-10 1.3850164e-08 3.6143216e-08 5.35664e-06 9.92117e-06 0.0023589963 2.3015243e-09 3.232219e-10 0.0033792125 1.1463201e-07 6.7220003e-06 2.0808854e-12 0.0036918155 0.0003406026 1.751826e-09 0.0007926124 7.708664e-06 2.2635425e-07 3.9824157e-09 0.0010835694
0.9285863 0.002067636 0.0015205309 0.08532359 0.6120828 0.0020401534 0.99690497 1.8491977e-11 0.97276765 0.09005823 0.88084966 0.02824994 0.12623347 0.0017618749 0.14657052 0.0048981663 0.66742367 0.015221401 0.00038682995 0.22272952 0.011460651 0.8073024 0.8411413 0.052255243 0.0027362893 0.11851153 0.11991706 0.00061433105 0.00046344174 0.00042803335 0.043223415 1.1946279e-05 0.7736673 0.020814354 0.2962446 0.0078429505 0.003670522 3.5367634e-06 1.9365414e-08 0.00074265257 0.00044077044 0.002182206 0.01476187 0.001378083 0.0008851397 6.7445e-08 0.0014746406 0.10587549 0.00014136972 4.733825e-05 4.3477903e-05 2.6914915e-05 0.0026584216 0.00034376507 0.0007056759 0.0017007822 3.5302864e-06 0.06354911 0.0001453058 4.1746925e-06 0.0014947626 0.00043936932 6.85389e-05 0.00019222248 0.0480797 1.9380122e-06 5.9282306e-06 0.00056700635 9.665972e-06 2.034119e-06 0.0021993527 2.0656167e-07 1.7072744e-05 0.08910665 0.0074515725 0.00048363776 1.2486873e-07 0.078137144 3.719928e-06 4.34903e-05 1.3009922e-06 1.8515337e-06 6.5429695e-06 3.3318406e-07 1.7879211e-06 1.46415e-08 0.012386925 2.4840432e-07 4.9692424e-08 0.01720769 3.7013127e-05 4.0194803e-07 6.704135e-09 0.022374159 0.0012523106 9.770216e-08 0.0033503533 7.08418e-05 6.345838e-06 1.3414057e-08 0.0015966318
0.9537737 0.0010993591 8.944078e-05 0.016902355 0.8330473 0.00017550375 0.980933 0.97276765 2.3915832e-12 0.7947826 0.22115773 0.43727168 0.7142032 9.408165e-06 0.7729484 0.00014570796 0.0526615 0.000133117 7.9540416e-07 0.7319945 0.076658614 0.94553167 0.8521442 0.2900448 0.026308022 0.0014618181 0.4136497 4.141766e-06 0.0009299067 0.03466371 0.41122884 1.301116e-10 0.6905791 0.0021155458 0.72712064 0.09820321 0.035615534 9.458386e-09 2.3935146e-11 0.0038307784 0.0027866887 0.024894286 0.08078525 3.145685e-05 0.0012803618 4.9306723e-09 0.0050708815 0.024371998 0.00012856793 2.2482934e-07 5.121923e-07 4.8255526e-05 0.0046380055 0.00026942688 0.00059010834 9.115285e-05 7.047744e-05 0.016776908 0.00042074593 1.5561478e-05 2.113908e-05 0.0005105783 3.2397554e-06 0.00014687065 0.012597077 5.0177114e-06 2.4717162e-08 2.821081e-05 6.8619403e-09 2.1196502e-06 0.009566804 4.2338738e-07 6.170931e-06 0.515337 0.014512241 3.5202127e-05 1.2980591e-07 0.34245616 5.2362275e-06 0.0001358294 1.4479164e-06 8.233316e-07 8.210686e-07 5.21108e-08 6.140115e-07 6.8172466e-07 0.0026974233 5.0449554e-08 1.4058456e-08 0.0021207319 8.405258e-06 1.3626129e-06 2.3208544e-09 0.008966088 0.00030808835 5.9296212e-08 0.00015118525 3.6502902e-07 2.7273386e-06 4.9554466e-10 0.0067339
0.99094725 0.00080599065 1.1995004e-05 0.004784112 0.51847106 3.5398934e-05 0.25685516 0.09005823 0.7947826 5.626125e-11 0.01413661 0.97034806 0.9488629 1.6283649e-06 0.80972 9.662871e-05 0.007415291 9.737943e-05 1.0244867e-06 0.76391095 0.62384695 0.69391793 0.38722125 0.049584538 0.059302405 0.00058108725 0.13467823 1.3707009e-05 0.011068537 0.050491743 0.83617467 3.881543e-09 0.26098505 0.00094515114 0.8300155 0.31138614 0.25177133 3.0775985e-07 5.6303684e-10 0.03171517 0.0020622865 0.014826516 0.12744252 1.1075604e-05 0.012536161 5.1775537e-08 0.016172208 0.02541475 0.00011285885 6.683286e-07 9.91272e-07 6.838789e-05 0.018008541 0.00102342 0.005841813 3.4521552e-05 0.00015188339 0.021253707 0.0011682507 0.0006961425 4.853753e-05 0.009641738 3.7399009e-06 0.00064407254 0.018092426 8.434668e-05 3.5160134e-08 1.609614e-05 2.2800416e-08 3.816451e-06 0.01074036 2.8249265e-06 5.638518e-07 0.86768574 0.025830312 2.1467467e-05 1.1789942e-07 0.73768616 2.460214e-06 7.67019e-05 2.6595014e-06 1.3805875e-05 8.577341e-06 2.2664194e-07 1.8872184e-06 1.1343863e-06 0.009469873 1.173783e-07 2.5885976e-08 0.009722321 8.5722015e-05 1.2313823e-06 1.13363086e-07 0.011593075 0.0011264395 4.922657e-07 0.0004417627 3.8623e-06 1.5946816e-05 4.465457e-09 0.0093615
0.8671268 0.017657757 0.007240546 0.27738452 0.31839064 0.00010623331 0.9181353 0.88084966 0.22115773 0.01413661 2.3068002e-11 0.0032978305 0.023779787 0.0043744296 0.00042800352 0.32659167 0.9791052 0.4721071 0.00298933 0.00017175324 0.001170404 0.9622682 0.96225274 2.9144925e-07 0.0001319309 0.4935736 0.8588076 0.065882996 2.3316363e-05 0.003562785 8.248842e-08 0.008244647 0.8709888 0.44310865 0.48975754 4.610271e-10 3.8059397e-08 6.353671e-07 1.08218856e-07 3.5159147e-07 0.0010339615 0.0036720645 0.015782518 0.0022554728 2.5454632e-08 1.4935185e-07 0.0030843979 0.21193974 0.0005195576 3.6480007e-05 0.001868923 4.3611657e-09 1.7532006e-08 1.8562498e-05 2.8398193e-09 0.011289001 6.3973996e-05 0.085863404 3.517572e-05 1.07533076e-07 0.002887875 1.0726932e-09 0.00042501674 1.5719779e-09 0.060060278 4.5689358e-06 5.6994795e-05 0.0007703685 2.6405358e-05 7.3415376e-06 0.006500087 4.0259794e-05 9.377569e-09 0.090653494 0.0054121385 0.0012202964 2.5689776e-06 0.04962263 1.7579045e-05 2.0559515e-05 0.00061419635 3.240643e-11 1.7836835e-10 2.1952323e-10 5.0786753e-06 1.7630824e-05 0.014669695 9.642098e-10 2.3915068e-11 0.02133531 2.1414424e-09 6.080877e-06 1.4772976e-12 0.022459887 0.0013073197 1.7843572e-10 0.0020173409 5.1192175e-05 2.8698906e-07 6.169248e-10 0.0010935651
0.9782515 0.00020318197 1.3462701e-05 0.0014635227 0.28650445 2.6438142e-05 0.031893175 0.02824994 0.43727168 0.97034806 0.0032978305 5.644002e-10 0.97930783 1.4679866e-06 0.76189405 6.172459e-05 0.0010867068 8.870988e-05 2.309727e-06 0.60952175 0.8193637 0.36644837 0.17785665 0.008388249 0.11429164 0.00024167052 0.041319475 1.9983905e-05 0.03798153 0.15815924 0.9144928 3.6560337e-08 0.08616065 0.00030988496 0.69893855 0.32982188 0.363426 2.858031e-07 1.6593106e-09 0.036975753 0.0062394617 0.026403556 0.120190516 4.0016726e-05 0.019937307 1.7162632e-08 0.027680334 0.0056230077 0.00032287627 1.5568008e-07 1.5333133e-06 0.00044802568 0.018310199 0.0023004098 0.01168974 2.4328125e-05 0.00036687037 0.007976087 0.0033309974 0.0008381936 5.718126e-05 0.0061982903 6.24951e-06 0.00076242373 0.0069249873 0.0002459276 8.8508465e-08 5.982381e-05 2.852562e-08 1.4182621e-05 0.011971656 6.7700844e-06 1.2612709e-05 0.7360444 0.030902565 1.49817915e-05 1.598553e-06 0.6088222 1.9807165e-05 0.0001493095 9.609318e-06 1.2438655e-05 2.2324739e-05 4.764958e-06 2.4356166e-05 1.424215e-05 0.0021498313 1.910102e-06 1.5275357e-07 0.0041132956 8.266999e-05 2.7106898e-05 2.6401557e-07 0.0064853355 0.00045089456 1.2530015e-06 0.00019764889 1.119003e-06 4.3211567e-05 1.5982215e-07 0.0056851353
0.8705242 0.007038351 0.00016658426 0.027692225 0.7688553 0.00040096758 0.06937812 0.12623347 0.7142032 0.9488629 0.023779787 0.97930783 4.9957986e-14 0.000100042824 0.97639924 0.002263927 0.013419139 0.0011839159 3.9271617e-06 0.75983167 0.96899676 0.30235508 0.11963762 0.021130001 0.39332747 0.0026038885 0.056587353 0.00010038075 0.08731018 0.18056743 0.26808077 3.275465e-07 0.025147956 0.00038565692 0.35214117 0.007850534 0.02818392 3.073907e-08 1.42359236e-08 0.010732517 0.019958325 0.067553274 0.080656074 2.6521502e-05 0.0024352001 1.3073863e-08 0.012409083 0.0057005943 0.0019894117 5.579384e-07 2.0297308e-05 7.0807764e-05 0.0020389638 0.005949956 0.00026206733 0.00014191546 0.0013104829 0.003920469 0.0061131828 0.00022140269 5.0401883e-05 8.103031e-06 1.3585433e-05 0.000119149285 0.007457719 0.00059327984 5.0483823e-08 5.701774e-05 6.6063376e-07 5.0313756e-05 0.00692944 5.736807e-05 8.1118e-06 0.29459083 0.013175807 8.3522245e-06 2.9547327e-06 0.13743772 1.2972599e-05 0.0001221258 2.8445045e-06 3.0507113e-07 2.150841e-07 7.726283e-08 1.9683184e-05 7.77957e-06 0.0012323734 1.1868074e-07 4.1091546e-08 0.0035525688 2.4390567e-07 3.7781188e-06 1.0751209e-08 0.004600515 0.0007376719 7.742909e-08 0.0011105315 1.2096669e-07 3.0411316e-05 1.0760112e-08 0.0017417951
0.7171915 0.049248587 0.5350804 0.013895552 0.0035110298 0.98644006 0.0027445348 0.0017618749 9.408165e-06 1.6283649e-06 0.0043744296 1.4679866e-06 0.000100042824 7.215288e-11 0.0006255677 0.76365536 0.10713816 0.23165558 0.99833184 0.0009957816 4.4229873e-06 1.0140503e-05 0.0023475944 0.0156404 1.535996e-06 0.1729036 2.4177734e-07 0.035061304 2.8119726e-07 3.0995307e-07 2.4936929e-08 0.00069507613 0.0038267728 7.096939e-07 5.073342e-07 6.745575e-06 2.7371772e-08 0.0004263103 0.00021489785 4.6463906e-06 4.848162e-08 2.9625696e-07 1.6784019e-06 0.18160933 2.2077909e-07 0.97458357 1.4876199e-06 0.006181401 2.6534035e-08 0.017536342 1.3279836e-06 3.8461412e-08 6.709972e-08 9.63707e-06 2.6870902e-07 0.046028916 3.337167e-07 0.009217207 2.2634072e-08 3.0868517e-07 0.013125799 1.3284097e-07 4.3892155e-06 2.2937184e-06 0.0007277468 5.296384e-08 1.1459513e-06 0.007826169 0.0044423123 1.2706008e-07 4.4703225e-07 1.5105611e-06 3.9131677e-08 2.6818881e-05 7.716604e-05 2.0009008e-08 1.924677e-08 6.996484e-06 1.3983641e-06 3.3301184e-09 3.1241352e-09 5.7128875e-09 2.866053e-09 9.765106e-09 8.892582e-10 9.666041e-09 0.005513489 1.048478e-09 2.0974561e-10 0.001497325 8.449642e-07 2.6651745e-09 1.0770451e-10 0.0065961643 0.0029081816 6.77041e-07 0.015612682 7.3066235e-07 2.7743263e-07 5.3623794e-10 2.3443722e-07
0.8853382 0.013048686 0.0062783915 0.0098681105 0.7311624 0.004062777 0.004919164 0.14657052 0.7729484 0.80972 0.00042800352 0.76189405 0.97639924 0.0006255677 2.451196e-11 0.0067526456 0.038735114 0.0025820658 3.978969e-05 0.9786552 0.97588074 0.3497463 0.3438956 0.7416998 0.11511658 0.004188367 0.002656622 0.00067092624 0.019737653 0.031038769 0.78239244 1.501355e-08 0.058928724 3.4277215e-05 0.16172674 0.23658356 0.05805087 3.667862e-06 1.06487036e-07 0.06529955 0.0016764607 0.0058394545 0.0088080475 0.0001579262 0.0009207315 1.2099727e-07 0.0034533541 0.0069705807 0.00058976625 2.010673e-05 3.0230485e-08 8.0274385e-06 0.0075941263 0.00019394416 0.0005574916 0.00036069585 2.3194185e-05 0.0059518823 0.0005690749 0.0008284449 0.00045749263 0.0024805472 2.5994592e-07 0.00096055295 0.009045972 0.00057645433 1.215094e-09 0.0010929728 6.451896e-06 3.4333893e-06 0.000763267 8.801598e-06 7.7121456e-07 0.07597388 0.002501989 5.0764396e-07 3.3186848e-06 0.07043206 1.2213417e-06 1.2342522e-06 1.3880357e-09 1.2353221e-05 9.169542e-07 1.645671e-07 1.9115349e-07 3.1729792e-07 0.0030309674 3.3104122e-08 1.4043735e-07 0.0048345956 4.2142558e-05 1.901036e-07 5.2446232e-08 0.004871459 0.00016615239 6.3701003e-07 0.00086624315 1.6843725e-07 1.4938655e-06 2.7121685e-09 0.0011145989
0.67123586 0.024364904 0.76823354 0.41310558 0.033586152 0.66189873 0.031762753 0.0048981663 0.00014570796 9.662871e-05 0.32659167 6.172459e-05 0.002263927 0.76365536 0.0067526456 1.634787e-11 0.3445991 0.9988965 0.95392394 0.0033357786 3.082848e-05 0.0001392319 0.004094277 0.022219662 1.2297329e-05 0.40988526 0.00011294833 0.9734441 4.339992e-06 2.3539765e-07 6.586066e-06 0.77542394 0.010272639 0.0009267236 1.0081847e-05 3.7725242e-06 2.2607293e-05 0.00951124 0.011857299 2.2529841e-06 1.4060124e-07 4.941363e-07 2.7211524e-06 0.29352465 1.3009506e-05 0.006426418 2.9626588e-06 0.04803526 3.4233288e-08 0.007537141 0.018118197 3.7110678e-07 3.6052063e-06 4.762856e-07 1.4228608e-06 0.09585551 9.33377e-07 0.05829396 5.9128075e-07 9.148954e-09 0.030347297 1.3818961e-06 0.0003225442 9.361132e-08 0.0036776892 7.062637e-08 4.0216622e-05 0.0012453855 0.00023855858 5.1461785e-07 1.9639814e-05 6.710327e-07 8.9814684e-08 0.00014265267 3.4547207e-05 6.054851e-05 4.284572e-08 0.0001948264 4.6344792e-07 1.7804078e-09 1.65967e-07 8.5212136e-08 1.7968069e-09 7.39651e-09 2.751816e-10 8.141314e-09 0.021257184 4.9245257e-09 2.765213e-09 0.010387888 8.437144e-09 2.089818e-09 1.6334342e-11 0.021716254 0.0050250962 5.1174673e-08 0.010616334 5.539202e-05 1.2212723e-07 3.0468383e-09 5.565609e-07
0.9579716 0.06687852 0.6072582 0.575879 0.74586695 0.44689378 0.6154729 0.66742367 0.0526615 0.007415291 0.9791052 0.0010867068 0.013419139 0.10713816 0.038735114 0.3445991 1.4439262e-09 0.91458595 0.0077559836 0.05474567 0.0005877474 0.31864536 0.6991164 0.13558711 2.366108e-05 0.98330337 0.018084327 0.19019508 3.6047644e-05 7.638907e-06 0.0007254172 0.01112742 0.8439601 0.041552372 0.0014282296 7.508971e-05 9.848296e-05 1.2645842e-05 1.8898324e-07 7.808195e-06 6.9350754e-06 5.753257e-06 0.0001238752 0.008481841 1.30034405e-05 3.4617044e-06 7.579139e-05 0.6748584 1.1827856e-06 6.144192e-05 0.009582721 8.159025e-08 1.966645e-05 5.386557e-06 7.835548e-06 0.033421118 4.1284134e-06 0.5964743 1.0225809e-05 4.0591462e-07 0.0031623882 2.9479409e-06 0.0022328 8.5879446e-07 0.22048905 5.5835835e-07 5.2968117e-05 0.00030291613 1.4058762e-06 1.1750329e-07 0.000405929 2.1686376e-06 3.5301316e-08 0.017446889 0.00083239836 0.0020327338 2.8710936e-08 0.021236528 1.2513924e-07 2.7418005e-07 4.8196474e-05 2.4205132e-08 2.1280352e-08 1.6509015e-08 8.6213925e-09 2.0822127e-07 0.059343588 1.90119e-09 9.563687e-10 0.069085985 5.3772357e-08 4.760388e-08 1.9915201e-11 0.14751022 0.0012930203 2.0804065e-07 0.011290935 0.00038040674 2.3040676e-07 3.141841e-09 8.900758e-05
0.79858667 0.005155864 0.35918882 0.10984812 0.041221164 0.24312077 0.026969317 0.015221401 0.000133117 9.737943e-05 0.4721071 8.870988e-05 0.0011839159 0.23165558 0.0025820658 0.9988965 0.91458595 9.369756e-09 0.30850166 0.00044381287 3.9412593e-05 0.00091882533 0.031376302 0.007750253 4.1606923e-05 0.9795003 0.0006198258 0.95134306 3.090982e-05 3.0552726e-06 0.000112121736 0.5282083 0.1157485 0.0080406405 0.0001777501 3.3621673e-05 4.389423e-05 6.0028982e-05 6.580861e-06 1.2352629e-07 3.8855913e-07 1.3467889e-05 7.855072e-05 0.16460936 2.0496476e-05 0.00019835928 6.190146e-06 0.28151804 2.1208714e-06 0.0005110898 0.00919903 9.379162e-07 3.2430507e-06 5.030888e-06 4.024492e-06 0.1625305 8.9617527e-07 0.19832468 5.160566e-06 4.849808e-08 0.027648723 4.798834e-07 0.0005060651 8.178681e-06 0.036741145 1.0169532e-08 5.6864985e-05 0.00082360965 2.1602229e-05 1.0015671e-06 0.000117870804 2.6132417e-07 5.160042e-07 0.0011099989 0.00014455226 0.00066778396 1.500849e-07 0.0009125383 1.4491818e-06 7.339566e-07 4.1772896e-06 2.0320308e-06 1.5748055e-08 1.7956053e-08 9.822042e-09 2.7583837e-07 0.09191865 6.9837114e-08 1.9652227e-08 0.05230874 1.2425713e-06 1.00574454e-07 1.5790977e-08 0.088278584 0.01477232 2.884517e-06 0.027466634 8.018208e-05 2.7354106e-06 2.8397977e-09 0.00010868102
0.6641236 0.0013075217 0.15805268 0.0042118398 5.307734e-05 0.05746201 0.0003752135 0.00038682995 7.9540416e-07 1.0244867e-06 0.00298933 2.309727e-06 3.9271617e-06 0.99833184 3.978969e-05 0.95392394 0.0077559836 0.30850166 1.5864592e-10 1.853029e-05 4.261944e-07 5.434056e-06 0.00021668454 0.0007846234 5.0068536e-07 0.07749544 3.4153526e-08 0.1327162 4.2609702e-08 1.645894e-07 4.5953335e-08 0.44242075 0.0009738385 3.0544684e-06 4.990362e-06 1.8605734e-06 1.25647155e-08 0.17558123 0.14416258 3.8571244e-08 1.3183718e-08 9.527643e-09 3.7774217e-07 0.3738981 1.3155735e-08 0.9903226 2.4102707e-07 0.00346357 4.661087e-09 0.12362515 9.265269e-05 5.531631e-09 8.862232e-08 5.370402e-07 5.381412e-08 0.066191405 2.701121e-07 0.0017498535 1.822278e-09 8.9052105e-10 0.05776449 1.6785925e-06 2.7964084e-05 3.0020172e-05 0.0007803173 2.2927354e-07 5.024931e-05 0.009399888 0.012611964 8.379621e-08 3.086051e-07 1.5897232e-06 7.6840125e-09 4.2021442e-05 5.206833e-06 5.0880476e-07 3.583588e-09 4.657766e-06 9.356438e-08 1.06282245e-08 1.6824285e-07 4.0429953e-08 3.2561236e-09 2.2927669e-08 3.499326e-09 2.2314373e-09 0.007497679 4.684489e-10 4.5607765e-10 0.0020309887 7.3820606e-06 2.6547486e-09 4.1753864e-11 0.0032262758 0.018144704 3.2041033e-08 0.03821293 7.124635e-05 1.912388e-09 2.620504e-09 3.167921e-07
0.8337856 0.19487432 0.57233703 0.1255408 0.9138454 0.24163923 0.00137331 0.22272952 0.7319945 0.76391095 0.00017175324 0.60952175 0.75983167 0.0009957816 0.9786552 0.0033357786 0.05474567 0.00044381287 1.853029e-05 6.129863e-13 0.41028816 0.23292525 0.33601722 0.99991095 0.38813373 0.0035416104 0.0003451255 2.5133171e-05 0.039736975 0.038256638 0.88991255 5.3685636e-07 0.057660148 3.895454e-05 0.1176909 0.21025705 0.18942462 9.909373e-09 1.3084359e-09 0.17824826 0.00088100415 0.006837788 0.007455184 3.9042422e-07 0.0006738194 6.302257e-08 0.0032587228 0.0031352642 0.00036206975 1.0825251e-07 3.4279338e-07 4.1090843e-06 0.005520926 7.4283496e-05 6.499247e-05 3.3137735e-06 1.8171864e-05 0.0048370096 0.0003283342 7.2129435e-05 3.1744807e-05 0.00023142033 1.9290599e-06 0.00097016664 0.008415741 6.5649083e-06 1.639034e-06 1.675743e-05 1.5283749e-07 2.0730379e-06 0.0005739713 1.894492e-05 4.896029e-08 0.038260777 0.002219293 1.899976e-05 2.2484048e-07 0.017267257 2.4017967e-07 7.679959e-06 1.8410701e-07 7.327659e-06 1.0914317e-07 2.5236554e-08 3.542088e-07 2.9137115e-07 0.00079944014 1.7368145e-09 8.189419e-10 0.0019511656 1.6914643e-06 5.1010153e-07 1.214816e-09 0.002059696 0.0004485137 5.5135846e-10 0.00033357114 1.5035572e-06 4.8041525e-08 1.3011664e-09 0.00031041412
0.8412716 0.00021759424 3.7530995e-08 0.00046821364 0.042659543 7.146997e-05 0.0018596963 0.011460651 0.076658614 0.62384695 0.001170404 0.8193637 0.96899676 4.4229873e-06 0.97588074 3.082848e-05 0.0005877474 3.9412593e-05 4.261944e-07 0.41028816 1.6821465e-12 0.036490943 0.013390554 0.01874556 0.9751657 4.4343375e-05 0.006732384 1.0186204e-05 0.9431047 0.60021555 0.8756041 6.3122148e-09 0.006483146 0.00024857486 0.21190116 0.020424044 0.37605044 8.511199e-10 7.334933e-09 0.026019469 0.070183806 0.14168595 0.15930386 2.3454702e-07 0.035282213 5.184112e-09 0.060632806 0.0005136515 0.021468591 1.0698581e-07 1.06327125e-05 0.005844647 0.0044697416 0.008434945 0.0021919382 1.6008444e-06 0.005104858 0.0009616699 0.014857032 0.0014991798 1.4241057e-06 0.00027991206 1.7450664e-05 8.2332306e-05 0.0015052389 0.0064346474 6.801833e-08 9.940263e-06 2.1462593e-07 0.0010775672 0.020482332 0.00062646915 0.00024264395 0.15572312 0.034346934 6.6647303e-06 0.00019275649 0.068428665 0.001003506 0.0018123251 4.4557455e-05 1.6688716e-06 1.9707453e-05 2.2936658e-06 0.0008647105 0.000107079184 0.00014022866 1.8433999e-05 7.3385614e-08 0.00043445636 7.446788e-06 0.00025214738 6.7373904e-08 0.00076271105 0.00021274615 6.2709705e-07 5.455088e-05 2.1897897e-08 0.0001946518 2.4378674e-06 0.0034864119
0.97899115 0.003832609 0.0037079512 0.021393051 0.5748607 0.0005073493 0.82372594 0.8073024 0.94553167 0.69391793 0.9622682 0.36644837 0.30235508 1.0140503e-05 0.3497463 0.0001392319 0.31864536 0.00091882533 5.434056e-06 0.23292525 0.036490943 1.4496716e-09 0.92383087 0.020005196 0.033782296 0.016049568 0.9478287 8.03793e-05 0.0033254204 0.0010730806 0.13587894 2.198797e-06 0.8939876 0.65133727 0.67541766 0.0139917685 0.025987022 5.5258347e-08 4.2071902e-10 0.0012729345 0.00042341344 0.0011234625 0.009747016 1.708403e-05 0.003789286 2.6437632e-09 0.0005692095 0.07043314 4.2932377e-05 1.2777811e-07 0.0016652826 0.00023986118 0.0023980562 0.0016347358 0.0011353983 2.5042638e-05 0.00045425093 0.06808332 0.001140412 9.274021e-05 6.227792e-05 0.0020764512 0.0022464956 5.3241747e-05 0.047479633 8.3823514e-05 4.747825e-06 4.437221e-06 4.9091367e-09 9.979207e-06 0.0031605626 9.443632e-05 6.200492e-06 0.56400204 0.005793887 0.003109311 9.482672e-07 0.5098602 2.3314974e-06 2.9551538e-05 0.0013194656 1.1845362e-06 2.2123068e-06 2.878994e-07 1.0818873e-07 1.4425873e-05 0.006208575 2.3953552e-07 5.591427e-09 0.00666067 5.6586355e-06 1.3656174e-07 1.01680575e-08 0.022374084 0.0001955533 3.1297986e-07 0.00013235521 4.3185653e-05 1.2527399e-06 2.0483354e-08 0.0034653132
0.98318803 0.026833504 0.08088643 0.15191452 0.7790006 0.06982197 0.69736814 0.8411413 0.8521442 0.38722125 0.96225274 0.17785665 0.11963762 0.0023475944 0.3438956 0.004094277 0.6991164 0.031376302 0.00021668454 0.33601722 0.013390554 0.92383087 1.43670755e-08 0.14999342 0.0041333996 0.18074843 0.18889795 0.0012772307 0.00043776742 0.00015326263 0.063996956 0.00012258846 0.96806866 0.39661214 0.034063373 0.012071162 0.0077950736 1.7386202e-06 1.2470219e-08 0.0010260463 7.842441e-06 6.871352e-05 0.00039572874 0.00011254865 0.00058598164 2.7588033e-08 0.00010304216 0.3375208 8.2841564e-07 4.70838e-06 0.0057436666 8.781936e-06 0.0012980989 0.00021214258 0.00014699186 0.00026454852 2.6980653e-05 0.26618132 7.349688e-05 5.1504726e-06 0.0002681061 0.00015036204 0.0046779923 2.3012679e-05 0.1772291 7.376944e-06 1.8957879e-05 2.2688851e-05 9.8879106e-08 2.969905e-07 0.00035658744 1.4185936e-05 2.13575e-07 0.18594022 0.0014227632 0.005836793 7.284814e-08 0.21209106 8.411488e-08 8.3622626e-07 0.00014888903 3.2979295e-07 1.5312652e-07 2.7393332e-07 2.3515744e-08 1.0541504e-06 0.026053684 3.3267618e-08 1.1867003e-08 0.037234414 4.270158e-07 2.400115e-08 3.153392e-09 0.100126155 0.00064400065 9.273114e-08 0.0022925476 0.0005253785 5.6998493e-07 9.1239105e-09 0.00073440897
0.7732473 0.09304574 0.14941621 0.055015557 0.7822766 0.9852014 3.732193e-05 0.052255243 0.2900448 0.049584538 2.9144925e-07 0.008388249 0.021130001 0.0156404 0.7416998 0.022219662 0.13558711 0.007750253 0.0007846234 0.99991095 0.01874556 0.020005196 0.14999342 1.7647981e-09 0.00041405566 0.005939892 6.578507e-08 0.00021670933 0.0002706863 6.067018e-05 0.15207055 7.0742373e-10 0.017334715 8.771339e-08 0.0011835512 0.036032807 0.0012179344 1.2535709e-07 6.492221e-09 0.94350076 4.888578e-06 1.4732763e-05 4.4191776e-05 4.82971e-05 4.4366643e-05 7.1644636e-06 4.6197012e-05 0.005534822 9.003175e-06 3.2752652e-07 3.8599923e-09 6.507865e-06 0.0058696014 6.6109787e-06 4.6316472e-05 0.00013283156 2.3911102e-07 0.009269636 1.3403886e-05 6.3599386e-05 0.00016074642 0.001891479 1.2489284e-08 0.020683259 0.0014049959 8.115049e-06 5.732751e-10 9.31141e-05 1.0012833e-06 5.3505337e-06 6.3035195e-06 6.2277174e-08 1.8369741e-06 0.0003100623 7.3713076e-05 1.7335214e-09 3.4885434e-07 0.00018842529 4.013836e-08 2.648215e-07 7.1793634e-11 0.00084430334 8.4238224e-07 1.2232294e-07 3.6294924e-08 4.30346e-11 0.00035133556 3.0268836e-09 8.056267e-08 0.0014612863 1.7602668e-05 6.7696504e-10 5.5421293e-07 0.0056522493 0.00019154247 5.1775066e-07 0.0007309938 6.3393135e-09 3.0926316e-08 3.887439e-10 4.509631e-07
0.97256315 4.7438443e-05 5.721789e-08 0.00011783609 0.0042701163 7.6024986e-07 0.0021423995 0.0027362893 0.026308022 0.059302405 0.0001319309 0.11429164 0.39332747 1.535996e-06 0.11511658 1.2297329e-05 2.366108e-05 4.1606923e-05 5.0068536e-07 0.38813373 0.9751657 0.033782296 0.0041333996 0.00041405566 1.3489045e-09 2.846615e-05 0.048085295 5.4376387e-06 0.9810947 0.96679324 0.69151145 1.1252374e-08 0.0075111836 0.00020616327 0.41840515 0.083671264 0.84895986 1.5471692e-06 4.4591753e-09 0.012361412 0.22892113 0.43739492 0.58549714 2.3234377e-06 0.51229393 5.4377445e-09 0.4132534 0.0025704885 0.060907803 1.4518863e-06 2.6562887e-07 0.19005975 0.114242174 0.047738273 0.11866122 7.907493e-06 0.017531157 0.0030925078 0.10495288 0.043611478 4.0421568e-05 0.058674656 4.0742348e-06 0.00076753163 0.007956781 0.024685565 4.2434195e-08 2.3753755e-05 3.319441e-08 0.00027204445 0.06741103 0.00047515056 0.0009539441 0.24106632 0.31415883 2.1881504e-05 1.9858933e-05 0.25255948 0.00011517109 0.0020694965 4.0596533e-05 8.174715e-05 0.0031108076 0.0002580501 0.0002547214 0.00013005009 0.0013079763 3.842525e-05 1.3267487e-05 0.004587827 0.0010203468 0.0007425428 1.9867637e-06 0.0036306684 0.0005438904 4.512053e-05 0.0005834217 1.8498189e-07 0.00026632528 7.456761e-07 0.018538838
0.96417737 0.0144398175 0.22188191 0.099917985 0.10376947 0.2817238 0.056068294 0.11851153 0.0014618181 0.00058108725 0.4935736 0.00024167052 0.0026038885 0.1729036 0.004188367 0.40988526 0.98330337 0.9795003 0.07749544 0.0035416104 4.4343375e-05 0.016049568 0.18074843 0.005939892 2.846615e-05 9.37186e-10 0.009559195 0.8919772 1.0015971e-05 2.66747e-06 0.00029079945 0.5204213 0.7734824 0.18250999 0.0015253589 2.990576e-05 2.2086166e-05 2.7427159e-05 4.3526772e-05 3.623364e-08 3.8969492e-06 1.2233299e-05 0.00017466207 0.10351241 9.36859e-06 5.0498013e-05 1.4546034e-05 0.95895016 7.80711e-07 0.0006685362 0.22513974 9.062622e-08 5.98134e-06 1.5389843e-06 3.991214e-07 0.32782766 4.0528626e-06 0.84520465 1.4671547e-05 1.4775007e-08 0.038815822 2.7080387e-07 0.021380024 1.2804668e-06 0.45320892 1.3554508e-08 0.0004835036 0.0014722918 4.542812e-05 1.3596124e-07 0.0002747807 4.1328232e-07 5.0461008e-08 0.020793634 0.00029116854 0.010972189 1.4432057e-08 0.013344106 5.551503e-07 1.1271965e-06 8.006586e-05 1.6786987e-07 1.4766696e-08 6.212812e-09 1.9987116e-08 5.2033704e-07 0.36834317 2.2973634e-08 2.332913e-09 0.3339838 1.6121933e-07 2.2696251e-07 1.5809616e-10 0.44991362 0.035973214 3.151414e-07 0.06674173 0.0028721988 8.6441975e-07 7.218278e-10 0.00046080103
0.8423768 4.26281e-05 1.1576991e-08 0.0014888769 0.031981304 6.053658e-08 0.25423712 0.11991706 0.4136497 0.13467823 0.8588076 0.041319475 0.056587353 2.4177734e-07 0.002656622 0.00011294833 0.018084327 0.0006198258 3.4153526e-08 0.0003451255 0.006732384 0.9478287 0.18889795 6.578507e-08 0.048085295 0.009559195 5.3661848e-14 8.491479e-05 0.01243553 0.75944495 7.615335e-05 8.475267e-05 0.44056398 0.853558 0.98208845 1.1647318e-07 8.146263e-05 1.075061e-09 1.3524365e-09 2.2075374e-06 0.766386 0.60881996 0.9826786 1.0398051e-05 0.00040146708 7.1052005e-11 0.39178172 0.023735404 0.16451555 3.0730803e-08 0.016525567 0.00016409077 9.6769945e-06 0.011503153 1.8076626e-05 6.368309e-05 0.031795014 0.011659434 0.008795662 3.3884157e-06 0.00049266353 2.771341e-07 0.005738867 8.991852e-09 0.02264897 0.0010123497 5.8194404e-05 1.6372429e-05 4.357069e-08 0.005247413 0.28082976 0.0006240271 8.032693e-06 0.48913607 0.2232228 0.07439256 0.00030875986 0.43816957 0.018963888 0.021824371 0.25744614 1.6884863e-11 1.885076e-08 2.5426644e-07 0.0020102437 0.030573001 0.0030503713 3.8369167e-06 2.7451424e-10 0.0056897616 1.0419635e-08 0.0024121394 1.0214806e-12 0.0059175105 0.00031413606 5.4137733e-10 0.00025602803 6.598775e-05 3.7001053e-07 2.3321745e-07 0.03945754
0.78216445 0.000110438945 0.0046812412 0.001655489 0.00034291687 0.010139426 0.0017661093 0.00061433105 4.141766e-06 1.3707009e-05 0.065882996 1.9983905e-05 0.00010038075 0.035061304 0.00067092624 0.9734441 0.19019508 0.95134306 0.1327162 2.5133171e-05 1.0186204e-05 8.03793e-05 0.0012772307 0.00021670933 5.4376387e-06 0.8919772 8.491479e-05 2.8715383e-11 8.82551e-06 1.1813167e-06 0.00023197626 0.9990441 0.07626405 0.012222437 6.47239e-05 1.0147692e-05 6.0575076e-05 0.000118552416 0.00044473144 4.152971e-08 1.4795602e-07 2.9897162e-06 6.6834687e-06 0.81118786 8.925491e-06 4.4581768e-05 3.110291e-07 0.49725068 3.0351512e-07 0.011755078 0.38303274 1.1919268e-06 2.916354e-06 4.0655422e-07 9.392064e-06 0.66098 4.237445e-07 0.20153214 1.0404785e-07 1.740201e-08 0.23598881 3.4410155e-07 0.0036934605 5.493169e-06 0.030824864 3.8011297e-08 0.0053926143 0.0051061288 0.0002792732 2.9896972e-07 1.5520602e-05 3.6491e-07 6.8878358e-06 0.00078404177 3.9810646e-05 0.002751259 6.943334e-08 0.00046833354 5.028531e-07 2.668405e-07 3.8772873e-06 1.5879019e-08 2.91112e-09 1.14391426e-07 5.484429e-09 4.6264526e-10 0.28045732 7.587038e-08 7.6144596e-10 0.12635173 4.858792e-07 1.4811766e-09 5.8039424e-11 0.10005676 0.06664599 6.632645e-08 0.064367704 0.0016445118 8.318297e-08 3.902023e-09 1.7158061e-05
0.9290727 8.964184e-06 1.1052616e-08 1.2390304e-05 0.00017184205 2.6419437e-07 0.00018489559 0.00046344174 0.0009299067 0.011068537 2.3316363e-05 0.03798153 0.08731018 2.8119726e-07 0.019737653 4.339992e-06 3.6047644e-05 3.090982e-05 4.2609702e-08 0.039736975 0.9431047 0.0033254204 0.00043776742 0.0002706863 0.9810947 1.0015971e-05 0.01243553 8.82551e-06 1.1951589e-09 0.9301881 0.5731616 1.4279842e-08 0.0014609193 5.6581845e-05 0.050507236 0.054460384 0.9640313 8.635829e-08 3.1185388e-09 0.009375264 0.25470713 0.38540664 0.37554863 9.594315e-07 0.9535819 2.3699593e-08 0.37276858 0.0001605272 0.08684708 2.844064e-07 5.0154153e-08 0.7733831 0.28518915 0.12162845 0.4359065 7.1731047e-06 0.11409431 0.0007582362 0.31447223 0.13061802 2.5210459e-06 0.117396064 1.1291785e-06 0.0005205383 0.00070234755 0.153073 2.0101925e-08 3.6882753e-05 9.3285685e-08 0.004677778 0.045535393 0.0015739448 0.01440561 0.022302788 0.26579964 2.7167391e-06 0.00021047059 0.016579753 0.00091155415 0.0029055635 5.059244e-05 0.0001101333 0.008312441 0.0008972118 0.00041841355 0.0011533971 3.1506628e-05 0.0007102129 2.6403874e-05 0.00015095156 0.0022807966 0.0012970124 6.266203e-06 0.00018484796 1.9092706e-05 0.00016654836 5.4500615e-06 1.2425132e-08 0.0010624785 2.2815786e-05 0.010703508
0.9904387 4.3643366e-05 3.6568427e-08 6.178778e-05 0.00078078854 2.97499e-07 0.009922572 0.00042803335 0.03466371 0.050491743 0.003562785 0.15815924 0.18056743 3.0995307e-07 0.031038769 2.3539765e-07 7.638907e-06 3.0552726e-06 1.645894e-07 0.038256638 0.60021555 0.0010730806 0.00015326263 6.067018e-05 0.96679324 2.66747e-06 0.75944495 1.1813167e-06 0.9301881 3.2279908e-11 0.433746 2.0883327e-08 0.0013561447 0.0018127598 0.08382976 0.03220816 0.80391294 9.69816e-08 2.0928125e-10 0.004395191 0.3255445 0.56621206 0.8057503 2.086946e-07 0.8546001 1.15350245e-08 0.7953103 0.00036741007 0.011818909 5.6747066e-08 1.8037088e-05 0.6805459 0.13623479 0.14509042 0.2830926 3.607278e-07 0.08015479 0.0004746429 0.3516183 0.061128758 7.6083847e-06 0.058635905 2.6270902e-05 5.2303163e-05 0.0014715928 0.08878382 1.3993613e-07 1.1198847e-06 6.926832e-10 0.0015047173 0.07344549 0.0048162756 0.02124283 0.12637416 0.37712234 0.00012987645 0.00023254286 0.11546762 0.000102143415 0.0008224606 0.0011574157 1.2488101e-05 0.0019921702 0.0010070134 2.8991268e-05 0.0018992804 0.00025938862 0.0003389539 8.1503695e-06 0.00064037147 0.00039011665 9.268733e-05 6.197628e-07 0.0015126507 4.3962897e-05 0.00014867181 5.251338e-05 5.207531e-07 0.00018632831 3.0285877e-05 0.026592381
0.9130177 0.000354408 1.3919583e-07 0.0006063724 0.10643516 4.086627e-05 1.5350186e-05 0.043223415 0.41122884 0.83617467 8.248842e-08 0.9144928 0.26808077 2.4936929e-08 0.78239244 6.586066e-06 0.0007254172 0.000112121736 4.5953335e-08 0.88991255 0.8756041 0.13587894 0.063996956 0.15207055 0.69151145 0.00029079945 7.615335e-05 0.00023197626 0.5731616 0.433746 5.0157274e-13 3.6840087e-10 0.016373625 4.5250758e-07 0.24246517 0.99609226 0.9511485 6.29074e-08 4.908881e-10 0.4515749 0.024932884 0.04392689 0.06666973 5.5573565e-07 0.11863549 1.215741e-09 0.026341086 0.0032246164 0.0025366824 2.5794945e-08 1.1750328e-09 0.010306611 0.30653083 0.00040935387 0.06968583 1.0296992e-05 5.3189528e-05 0.005283027 0.0009970008 0.0078076106 2.2884517e-05 0.034638878 5.8218763e-09 0.020726213 0.0072378153 0.00025581496 2.0208121e-10 4.6861587e-05 5.1107076e-08 6.833104e-05 0.004488019 6.684899e-07 2.4464077e-06 0.30517167 0.012106977 1.0847925e-07 3.8220506e-07 0.20444322 5.240049e-06 7.159071e-05 1.2647083e-09 8.355583e-05 4.6314217e-05 8.729979e-08 1.4210397e-06 1.1064217e-08 0.0017792438 5.9718184e-07 4.971895e-07 0.0023259532 3.0170566e-05 2.7797037e-06 4.8019865e-06 0.0028080533 0.0004236556 5.723339e-08 0.00014282923 6.179076e-08 3.0469202e-05 3.8849057e-09 0.0018521819
