2.8282715e-10 0.9252804 0.83535105 0.85659224 0.85521764 0.14903691 0.9381524 0.6599099 0.8713287 0.84487826 0.7771324 0.94484794 0.9616333 0.5212536 0.963839 0.61320174 0.3886633 0.0072686286 0.970478 0.90293884 0.9894074 0.00016599511 0.9537193 0.036722362 0.8937875 0.9044415 0.8904922 0.0047376533 0.007746278 0.98414534 5.7883004e-05 0.26693636 0.9634547 0.41230822 0.76008964 0.9591684 0.99191046 0.82615674 0.915968 0.6357249 0.22243844 0.9262939 0.6326627 0.9460603 0.93308616 0.8290255 0.9667183 0.98126465 0.9718327 0.6425349 0.910984 0.9835747 0.1751204 0.97989017 0.9803475 0.96963865 0.5433481 0.9817896 0.67457265 0.99062204 0.0034121855 0.93713766 0.80668896 0.9735122 0.7411931 0.19995522 0.9859114 0.06764222 0.28904438 0.9668896 0.9454106 0.98824716 0.64674324 0.97154295 0.8791809 0.98841614 0.991674 0.71767336 0.9056597 0.98878074 0.99956536 0.9600839 0.9535779 0.002000001 0.9200112 0.92045563 0.98193777 0.99866396 0.9817809 0.9987528 0.0017977945 0.9853885 0.99916965 0.05894456 0.99795526 0.59777206 0.9942148 0.9992972 0.9781849 0.99478334 0.9999652
0.9252804 7.0895885e-12 0.98581684 0.39537904 0.12204846 0.7760029 0.62133324 0.94547296 0.018997017 0.07830346 0.7539713 0.95007527 0.89118963 0.0028874248 0.09746426 0.4455102 0.64863205 0.25484866 0.47479224 0.06659635 0.29072142 0.005723689 0.006870078 0.000836671 0.00054562045 0.010234791 4.0435466e-06 3.2173944e-07 0.0006686016 0.00010201589 9.343656e-05 0.00045198225 0.04146231 3.261044e-05 2.8211243e-05 0.00034191238 0.7994499 5.717908e-07 0.0043511316 1.02364424e-07 7.201746e-07 2.2738511e-06 4.9540727e-06 1.3749748e-06 0.10024071 2.1386796e-08 0.13655433 0.000786157 1.3943193e-05 0.00010518157 6.758844e-05 0.0371623 3.0007974e-09 0.015610113 0.005121943 0.00018073188 9.335025e-07 0.23882815 1.1958972e-06 0.42880657 2.5295916e-09 0.00015492541 7.961017e-05 0.077616654 7.4909417e-06 6.094683e-08 0.0027756125 1.3069432e-07 2.5869062e-07 6.162795e-05 4.062678e-07 0.0010655507 7.451153e-09 0.0010285298 0.00020231804 1.2728571e-08 0.011283415 6.3520375e-08 1.6809343e-08 0.00032362566 0.05404107 3.0217101e-05 0.0009799033 6.682129e-08 3.989209e-05 4.7015217e-07 0.0024057871 4.9024443e-06 9.527624e-09 6.156463e-05 4.4120063e-07 0.074314006 7.7810014e-08 2.9896648e-06 9.193424e-08 4.562489e-07 3.637051e-07 0.0011153523 3.093654e-05 3.9270584e-05 0.04385545
0.83535105 0.98581684 6.986717e-13 0.20902604 0.7157501 0.9995429 0.08401258 0.09714905 0.04974597 0.41338184 0.013174394 0.14398855 0.33186704 0.42227206 0.00994907 0.003495594 0.038157046 0.040655546 0.85122895 0.00044166247 0.77660686 0.0002349349 0.0006514572 5.4846238e-05 5.344763e-05 0.3922665 4.9110595e-06 1.9208528e-07 1.550974e-05 5.3517124e-06 3.8160738e-07 0.027382731 0.44792777 0.0035744226 0.0037445142 1.8494256e-05 0.17640822 1.3500674e-06 0.040215556 0.00014764784 1.9596577e-07 1.8886173e-08 0.007413456 4.089479e-06 0.013073386 1.4203947e-08 0.0076362262 0.00010920382 1.8263598e-05 1.3049169e-05 8.208557e-05 0.0012310594 4.140443e-08 0.0727593 0.022116978 0.00078686845 1.8783785e-08 0.028509505 0.0003256874 0.007814493 4.4294833e-08 9.121776e-06 0.000454957 0.08790373 0.00074750395 3.383454e-07 0.007548878 4.675088e-07 1.8356493e-05 0.0009040149 3.33305e-06 0.0003865639 4.2510504e-08 0.00024769054 0.00030572547 8.172863e-10 0.0021873878 8.415291e-08 2.8101466e-09 8.721987e-05 0.0061851284 1.5258132e-07 0.0043189283 1.8994268e-07 1.7355172e-06 1.8874741e-06 0.007721875 0.00015990104 4.2360906e-09 0.00019530652 1.5533097e-07 0.06485713 2.1153484e-08 5.5402296e-08 2.0578117e-08 5.7802514e-09 2.3632877e-08 0.004250875 2.460274e-05 4.9412906e-06 0.03746334
0.85659224 0.39537904 0.20902604 3.3446013e-12 0.97924906 0.1273923 0.03884217 0.0048850137 0.97769 0.42900157 0.0019517043 0.9248597 0.9709537 0.028400546 0.00882895 0.002701714 0.0005211973 0.0001609093 0.87884104 0.015286689 0.60960513 1.1114658e-05 0.01979232 1.21956045e-05 0.0033728634 0.03655861 1.4602972e-06 7.283838e-09 1.0654576e-05 3.435802e-05 8.8023234e-07 0.00091726787 0.091023184 0.00035887238 0.0004321349 0.006131043 0.66497254 0.003733781 0.0070271273 1.3172206e-06 5.1764676e-08 0.00031009398 8.081395e-05 8.865969e-06 0.13509749 0.0014020604 0.076905556 0.00029240712 7.503476e-06 0.00022558203 0.013519719 0.030981878 1.17281225e-08 0.051499546 0.0071821585 0.0004167829 0.00015507975 0.32814795 8.3439845e-06 0.18824564 7.4251005e-10 0.00013969101 5.9324815e-05 0.25065675 9.636064e-05 1.6749968e-07 0.0053873486 3.360228e-07 2.7623585e-07 0.00018036546 0.00036011395 0.001666649 1.3933236e-07 0.000841489 4.9617633e-05 5.4825945e-05 0.025965001 8.581289e-07 7.9977093e-07 0.0010267174 0.026293268 4.6170186e-05 0.0008241358 1.2292713e-10 4.977501e-06 3.1485314e-08 0.0021396696 6.6612125e-07 2.3611827e-05 2.7230179e-05 1.6338698e-08 0.2218533 1.3907263e-06 1.334672e-06 5.7320165e-05 1.1622796e-07 3.950603e-09 0.0012442191 0.00011807141 2.0120895e-06 0.16593309
0.85521764 0.12204846 0.7157501 0.97924906 4.1947754e-11 0.20142631 0.0043454445 0.016917692 0.96359754 0.9697253 0.002180518 0.0167146 0.13614377 0.54867023 0.00016004476 0.001423184 0.007344167 0.004026932 0.83278483 0.0023424928 0.859124 6.9227215e-05 0.0006807328 1.2671412e-05 9.138952e-05 0.6924673 2.7518675e-07 3.637412e-07 0.00020269968 1.6767843e-06 2.9819253e-06 0.072900854 0.72255164 0.016117085 0.024081785 9.061931e-06 0.060109157 0.0067225103 0.15937984 0.005998924 5.746165e-07 2.0512266e-06 0.009055375 5.768775e-07 0.004634513 0.00016195742 0.0032242641 2.2742327e-06 1.6978901e-06 1.5986589e-05 0.0037802658 0.00083545106 1.17276295e-08 0.2661898 0.12896362 0.018609583 5.6249564e-07 0.028727923 0.0018045943 0.005118242 6.513604e-09 1.82588e-06 0.0029500155 0.20659742 0.010006057 6.762343e-07 0.025803763 5.884778e-08 9.937054e-05 0.0033233836 3.6263566e-05 1.6515134e-05 5.193913e-08 1.6081196e-05 0.0024075315 1.1781664e-08 0.0014770409 4.6527644e-09 1.2233765e-07 1.3370321e-05 0.0031069384 3.2573567e-07 0.004450662 2.6522603e-06 1.7646829e-06 1.2872437e-06 0.004035301 0.0004965733 8.839915e-08 0.00065751805 0.00010395993 0.072315946 3.961355e-09 1.4247448e-07 2.4237667e-07 4.4832313e-10 1.40959635e-08 0.0034823732 5.1290885e-07 1.3438181e-06 0.038683265
0.14903691 0.7760029 0.9995429 0.1273923 0.20142631 3.4629583e-10 0.07094364 0.7122594 0.0147011215 0.22060545 0.054017443 0.043595575 0.061026108 0.96719474 0.0049781296 0.024630412 0.46264157 0.95428365 0.13224861 0.004734008 0.0968742 0.002337948 0.0010839617 4.831636e-05 0.00018361265 0.025160143 6.6895005e-08 2.0763807e-07 2.1916035e-06 8.62597e-06 3.4237567e-06 7.10754e-05 0.0127235 2.303078e-06 1.4514585e-06 1.4630748e-05 0.02773391 1.0764534e-05 0.00082025246 3.712694e-08 4.981228e-08 2.3620092e-05 1.5651687e-05 8.1312784e-08 0.0025250595 1.1718513e-07 0.0011873407 1.1868844e-05 1.2366586e-07 5.7852212e-05 1.0279204e-05 0.00015614154 1.9439133e-08 0.0022946177 0.001085925 3.489833e-06 1.5397146e-07 0.0049594194 5.5628334e-07 0.0017042722 3.0244796e-11 3.4551704e-08 1.0302413e-07 0.0035982304 1.0195674e-06 4.5054267e-09 0.00012481939 5.285069e-07 2.1469399e-08 1.3009728e-07 4.910452e-07 2.4176918e-06 1.2604297e-08 5.410685e-07 1.03064025e-07 4.2012059e-07 6.975534e-05 2.5828617e-08 3.198376e-08 1.2032037e-06 0.00027861266 7.9931e-08 5.5604367e-05 1.588713e-09 1.1707784e-08 2.154415e-07 0.00013487496 5.9021795e-06 2.343257e-07 2.5198922e-06 2.8051318e-07 0.003791796 4.1899906e-09 3.490402e-08 1.0411073e-06 4.0798254e-10 2.9245617e-08 7.429625e-05 6.746144e-07 9.724963e-08 0.0015445672
0.9381524 0.62133324 0.08401258 0.03884217 0.0043454445 0.07094364 4.361292e-12 0.73969954 0.0023072518 0.0004368878 0.98309594 0.9531989 0.56007314 3.2081014e-05 0.8618993 0.9302475 0.67731035 0.014840118 0.05202408 0.8173422 0.027751291 0.00091616926 0.09290363 0.01140951 0.0052474085 0.00047975918 0.0005619539 5.2116542e-05 0.009688293 0.004703461 0.0001245534 9.7998025e-05 0.0032624574 2.9629834e-06 3.1706213e-06 0.00072105875 0.8719955 4.078575e-07 0.00041225296 1.2422383e-08 3.093551e-05 3.094315e-05 1.7348802e-06 3.0796185e-05 0.4504174 1.4647479e-08 0.52072614 0.0012191425 1.3126654e-05 0.0005382734 0.00034398856 0.14701015 5.853498e-09 0.0033278125 0.00034835952 1.3861151e-05 4.361102e-06 0.5380853 4.984533e-07 0.87520623 7.821172e-09 0.00023079656 1.0089292e-05 0.023975447 4.859999e-06 2.4147272e-07 0.00048189284 1.9343626e-07 5.855992e-08 1.9643318e-05 8.3496315e-07 0.0021713884 2.422513e-08 0.0018745136 2.6725182e-05 2.0367528e-08 0.04732993 4.9869318e-08 6.7283296e-10 0.00040465713 0.3311614 1.3703363e-05 0.00025647084 5.3073766e-08 7.989812e-05 9.334633e-07 0.000833305 7.6043593e-06 8.14568e-09 1.3235223e-05 1.4704773e-07 0.022755118 1.291155e-07 6.648818e-07 6.098031e-08 1.727478e-07 2.3841038e-07 0.000650582 0.00017151526 3.974892e-05 0.009961858
0.6599099 0.94547296 0.09714905 0.0048850137 0.016917692 0.7122594 0.73969954 5.04191e-10 0.0013156903 0.0008239095 0.98907703 0.41857702 0.18027905 0.00093302643 0.4421198 0.9333361 0.99020606 0.31001022 0.047097594 0.07817227 0.03574082 0.011866802 0.002876401 0.0012040165 0.000101706966 0.0016130833 2.5809526e-05 3.2092225e-06 0.0063185873 0.00023014205 0.0002462888 4.4684264e-05 0.0032042656 6.9954026e-06 3.2975286e-06 4.9791383e-06 0.24926443 1.8632537e-07 0.00070621894 1.2000416e-07 7.135055e-06 7.817205e-07 1.160834e-05 8.318162e-06 0.01968867 7.117035e-09 0.029886523 6.8946676e-05 1.22012925e-05 2.4204292e-05 1.690496e-05 0.01364973 1.5631883e-08 0.0006777226 0.00017490008 3.7894497e-06 3.125156e-08 0.047316637 1.4520461e-07 0.1328203 4.598768e-09 2.9343973e-05 1.4040862e-06 0.0041174125 1.56575e-06 7.7797544e-08 0.00011728717 1.6376324e-08 6.229653e-08 2.941908e-06 8.4822835e-07 7.60762e-05 2.956807e-08 6.990498e-05 1.7264701e-05 8.2658747e-10 0.0022474308 3.3184706e-09 3.4648545e-10 7.497968e-06 0.010812655 1.05055705e-07 5.5682583e-05 1.4582854e-09 2.499692e-07 3.156571e-08 0.00020033165 2.0200494e-06 2.0246287e-09 2.4615142e-06 1.1657753e-07 0.005837711 1.607109e-09 1.0762595e-08 1.4109521e-08 3.9115648e-11 4.278918e-09 8.885603e-05 4.6494995e-07 4.9793067e-07 0.0047221673
0.8713287 0.018997017 0.04974597 0.97769 0.96359754 0.0147011215 0.0023072518 0.0013156903 2.3178413e-13 0.657135 0.00022779945 0.052440356 0.26506233 0.018784735 8.049866e-05 0.00025241662 8.5454985e-06 3.7311107e-05 0.981857 0.0011583775 0.94369024 9.645248e-07 0.005882653 1.7637053e-08 0.0022074839 0.65710497 2.7644024e-08 1.1768608e-09 1.75378e-07 2.3088528e-06 2.57508e-08 0.050779726 0.63583916 0.006462183 0.0191794 0.001061804 0.19484803 0.07183431 0.09452648 0.0012085895 6.5978895e-10 3.976731e-05 0.0015218076 3.2386234e-07 0.027868934 0.017676663 0.01840843 3.4582084e-05 3.9964246e-07 2.5599442e-07 0.045939133 0.0027142987 1.7986755e-09 0.28253692 0.09211836 0.023939388 1.8771905e-05 0.08123668 0.0008075822 0.017368106 3.2152545e-10 2.6380553e-06 0.0024713522 0.33746034 0.0031302331 6.690709e-09 0.02272445 8.403999e-08 1.6928367e-05 0.0058755125 0.00057718414 0.00012752559 2.7644973e-08 8.255623e-05 0.00046198184 1.898736e-06 0.010020272 1.74234e-08 5.703402e-06 6.315365e-05 0.018931787 6.217056e-07 0.011173475 2.4127498e-09 1.8624755e-07 9.702993e-07 0.008221014 0.00017968816 4.4379547e-05 0.00045860087 5.0433737e-06 0.23381008 3.48635e-08 4.1746506e-07 5.2517487e-05 9.3502255e-09 6.88998e-09 0.01003844 7.7410705e-06 3.257057e-08 0.11056452
0.84487826 0.07830346 0.41338184 0.42900157 0.9697253 0.22060545 0.0004368878 0.0008239095 0.657135 1.5583297e-12 4.1459065e-05 0.02801638 0.15914881 0.9999008 5.1096745e-06 4.747565e-05 4.0579194e-05 0.0003802312 0.66292965 6.508684e-06 0.7168067 3.80794e-06 0.00043260783 1.2974205e-07 5.759101e-05 0.92805564 1.3089259e-08 3.999709e-10 3.181172e-07 5.0305715e-08 2.9629987e-09 0.6638623 0.6881848 0.09069175 0.15533924 2.6691914e-05 0.034523595 0.0014931995 0.26493385 0.283983 1.9918629e-10 1.18916e-06 0.4079499 1.4714205e-08 0.0021034349 6.729919e-05 0.0009720138 5.977653e-07 2.7265788e-08 2.1990452e-07 0.0005001609 0.00018353283 8.021014e-09 0.18960173 0.32506302 0.0479211 2.0175717e-06 0.026273243 0.0078567285 0.0039874786 1.824381e-10 7.99089e-08 0.0048780586 0.1091318 0.0060179564 2.2728772e-08 0.04406223 1.0595676e-08 2.7863885e-05 0.021038665 2.3595663e-05 4.8488514e-06 3.633286e-09 7.687795e-07 0.00043245728 3.4289505e-07 0.0006599987 8.519653e-08 1.4171333e-05 9.540013e-06 0.0012323563 1.0300759e-06 0.009195337 3.7356713e-09 9.930247e-08 1.7305186e-07 0.010300533 1.7440048e-05 1.2319979e-06 0.00033365452 3.2805403e-06 0.071805455 2.171477e-06 1.8948947e-09 1.2293153e-05 2.2886555e-08 7.9705185e-09 0.0066453987 9.058122e-06 2.0670386e-06 0.030261897
0.7771324 0.7539713 0.013174394 0.0019517043 0.002180518 0.054017443 0.98309594 0.98907703 0.00022779945 4.1459065e-05 9.826445e-09 0.5252944 0.19792713 3.318294e-05 0.7703569 0.9856844 0.7777698 0.027012562 0.025640074 0.30977336 0.01543109 0.0003798271 0.00672546 0.005163742 0.00035593935 0.0001883141 5.594068e-05 1.42928075e-05 0.0021336605 0.00052392524 5.3995613e-05 4.214268e-05 0.0005746373 1.4194447e-05 5.2381656e-06 4.9444603e-05 0.40834025 1.9910892e-07 0.00018096523 1.5164817e-08 3.198483e-06 6.984937e-06 1.1062161e-06 2.2686689e-05 0.12868695 5.76839e-09 0.16555646 0.00049650465 3.8386646e-05 0.00024074831 4.4751556e-05 0.04024293 7.02108e-08 0.0005333658 0.00012172616 1.0231944e-05 4.1661553e-07 0.13125132 2.3093449e-07 0.38826817 6.536208e-08 6.814141e-05 4.2197107e-06 0.0057049207 1.9140862e-06 3.2930046e-07 0.00011986146 9.3788486e-07 2.7161005e-07 6.7893843e-06 2.3133798e-06 0.00039531378 5.8990846e-08 0.00054060924 7.92587e-06 7.542838e-09 0.010369245 6.208551e-08 5.4477595e-10 0.00011549204 0.063906446 2.1112648e-05 0.00012065846 2.1895477e-08 1.1577815e-05 1.777e-07 0.00031526393 1.0787445e-06 3.0581624e-09 9.843643e-06 1.6315155e-08 0.010125613 2.4294168e-08 8.379346e-07 2.347989e-08 3.0185876e-09 6.699268e-08 0.00023146514 7.255518e-05 6.5925e-06 0.005718067
0.94484794 0.95007527 0.14398855 0.9248597 0.0167146 0.043595575 0.9531989 0.41857702 0.052440356 0.02801638 0.5252944 1.0056341e-09 0.9714607 5.8837722e-05 0.82050395 0.12898465 0.19500503 0.0065283254 0.034307618 0.3261837 0.008601912 0.00066131394 0.26884362 0.0057027806 0.07903792 2.447989e-05 0.0001571114 5.9472627e-06 0.0024126559 0.009613316 6.260478e-05 4.321503e-05 0.0005383658 3.3638335e-06 2.974566e-06 0.034783173 0.9258308 3.0429735e-05 7.287237e-05 3.7533855e-08 1.478023e-05 0.0011999266 6.3465514e-08 0.000490272 0.43773875 1.7979864e-05 0.3795534 0.0006626217 1.0546578e-05 0.0032223398 0.010523827 0.09136813 2.5929241e-06 0.003696757 0.00025827342 1.4934973e-05 0.00041023263 0.6938758 1.01022216e-07 0.8822266 1.4743121e-07 0.00014444436 4.944312e-06 0.042189803 3.7391912e-06 1.9100216e-06 0.0010373681 3.163575e-06 1.9839558e-08 3.5589826e-06 2.6252921e-05 0.0045653274 1.01013924e-07 0.0018505779 8.603967e-06 1.0718303e-05 0.076024495 1.3327744e-06 1.0839004e-08 0.0013799861 0.39373204 0.0002200538 0.00016591835 1.3357174e-08 0.00032044124 5.1042557e-09 0.0009615154 7.150181e-07 1.16223084e-07 1.0062357e-05 1.445675e-07 0.03020201 2.6295493e-05 3.0621817e-05 1.0212666e-06 0.0001008164 6.8243963e-07 0.0003895922 0.0007823564 0.00016065431 0.018992502
0.9616333 0.89118963 0.33186704 0.9709537 0.13614377 0.061026108 0.56007314 0.18027905 0.26506233 0.15914881 0.19792713 0.9714607 8.367384e-09 0.00017422567 0.3032718 0.03044382 0.11517714 0.0057688258 0.15392202 0.09209407 0.062655285 0.000510078 0.08860569 0.0018854681 0.032094255 0.0016008958 0.00021569038 6.4329165e-06 0.0006872338 0.0013763519 4.1678326e-05 0.00013354438 0.0153355915 2.3238024e-05 6.343293e-05 0.0057613146 0.9638603 0.00040255976 0.00063714676 2.113545e-07 8.39217e-06 0.00047476147 1.1660338e-06 0.00019523912 0.37476775 0.00013458279 0.27346736 0.00015725232 5.4371408e-06 0.0014960304 0.04981055 0.08259018 3.5706893e-07 0.029041266 0.0022995886 5.2297077e-05 0.00016180458 0.7891212 1.2548131e-06 0.86463904 3.5656377e-08 4.366693e-05 2.8487304e-05 0.24841806 1.6835904e-05 4.5771762e-07 0.0051406585 3.4811671e-06 2.7486885e-07 9.911623e-05 0.0003177814 0.0039442964 1.0774721e-07 0.001707088 3.473873e-05 2.1051526e-05 0.09428245 5.3349703e-07 2.519206e-07 0.0010225887 0.26816306 6.7551864e-06 0.0016365468 5.1661726e-07 0.00015342393 4.0229548e-07 0.0030668853 1.4811316e-05 3.3153062e-06 0.00013398679 4.95918e-07 0.1627784 5.4923807e-05 6.2854265e-06 2.1462882e-05 2.0773257e-05 8.916165e-08 0.0060670185 0.0004767092 6.3808686e-05 0.095821194
0.5212536 0.0028874248 0.42227206 0.028400546 0.54867023 0.96719474 3.2081014e-05 0.00093302643 0.018784735 0.9999008 3.318294e-05 5.8837722e-05 0.00017422567 1.6155398e-12 1.4761642e-06 1.5355809e-05 0.00056727004 0.007757448 0.010750808 1.1956087e-06 0.0734319 0.0005128737 6.7324063e-06 2.1010469e-07 1.2641375e-06 0.7194125 4.8348365e-08 1.8273013e-08 3.7248128e-06 6.062229e-07 1.0777019e-06 0.41664395 0.32864484 0.02213855 0.029830545 1.730588e-07 7.114199e-05 1.9951438e-05 0.07054669 0.04919569 1.4221648e-08 2.89881e-08 0.9825436 7.7316784e-08 2.0344984e-05 9.0190646e-08 1.6618622e-05 1.4813016e-06 4.729714e-07 9.288549e-08 5.7131626e-08 4.2253205e-06 3.2549998e-09 0.030922271 0.083992094 0.011540121 1.1340708e-09 6.41467e-05 0.0036538222 9.227466e-05 1.2908184e-10 1.1089836e-06 0.0014835673 0.0009373967 0.005591902 6.2350146e-08 0.0091617415 2.2872317e-09 0.0001515152 0.0028177202 1.4819099e-07 1.929818e-06 9.794266e-08 8.491567e-07 7.0214664e-05 1.8358223e-11 1.1053271e-06 4.1114004e-10 2.7985396e-09 1.2030826e-07 1.7674207e-05 8.41808e-09 0.0009981401 5.296118e-09 2.1567203e-08 2.3046103e-07 0.0018306557 9.9686e-06 4.1478135e-10 2.9106319e-05 1.301061e-05 0.0006235868 4.7008123e-11 9.677621e-10 4.966966e-09 1.4105e-12 4.897593e-10 0.0009790078 1.3703452e-09 8.055967e-10 0.00034096904
0.963839 0.09746426 0.00994907 0.00882895 0.00016004476 0.0049781296 0.8618993 0.4421198 8.049866e-05 5.1096745e-06 0.7703569 0.82050395 0.3032718 1.4761642e-06 3.8941937e-13 0.94324386 0.6453298 0.0036131302 0.0048377803 0.99009866 0.0010861555 0.0010030706 0.6669217 0.22414498 0.047356896 1.4316368e-05 0.09571934 0.002044803 0.076864965 0.13765933 0.00030905002 3.7691507e-06 0.00013449849 1.2451473e-07 2.989881e-08 0.055287413 0.6077198 2.3984903e-08 2.0879315e-05 7.402617e-10 0.002160588 0.0015384055 2.272964e-08 0.0008196444 0.8059781 2.017174e-09 0.8032093 0.0135405185 0.00052196084 0.002853868 0.00013829734 0.5518851 3.5518045e-08 0.0002714683 4.5805078e-05 2.6632617e-07 2.1876473e-05 0.5485999 1.48803e-08 0.88963026 1.12193774e-07 0.0065366738 5.839972e-07 0.009363366 2.7387506e-07 2.3645426e-07 0.00012775333 8.266755e-07 1.0504923e-08 2.5018454e-07 5.0867715e-07 0.019498723 1.4611629e-07 0.0191443 1.878961e-06 2.4065416e-08 0.14790064 9.791302e-07 2.6467742e-10 0.00615801 0.61603945 0.00061887037 8.62335e-05 4.4652115e-08 0.00031021432 1.757131e-08 0.00048287457 4.362776e-07 5.793883e-09 3.4243185e-06 3.2024396e-09 0.019165033 1.6876793e-06 4.5829023e-05 1.7623838e-08 3.4809982e-06 2.9022053e-07 0.00061771733 0.0019314679 0.00034564905 0.010541098
0.61320174 0.4455102 0.003495594 0.002701714 0.001423184 0.024630412 0.9302475 0.9333361 0.00025241662 4.747565e-05 0.9856844 0.12898465 0.03044382 1.5355809e-05 0.94324386 3.1574212e-11 0.9793237 0.0066008465 0.0013647219 0.82074434 0.0017218146 0.0004936698 0.07607267 0.51753986 0.0011087876 3.9629067e-06 0.0053321603 0.0046068593 0.030840121 0.013947451 0.0025469505 4.140672e-06 5.3579657e-05 5.7680273e-07 1.2532978e-08 0.0012433799 0.046494093 1.776923e-06 2.0696739e-06 1.747371e-09 0.0015041232 0.00037417526 2.2226722e-07 0.00094413094 0.04962515 1.2331854e-07 0.0673318 0.0023065102 0.0009930362 0.0037316785 1.369636e-05 0.04487718 9.848465e-07 4.7951107e-05 8.662753e-06 1.0750539e-07 1.0077339e-05 0.032467507 3.1117608e-08 0.111314125 6.024726e-07 0.001998685 3.5145252e-08 0.0002747574 4.9618833e-08 4.760486e-07 4.1800573e-05 2.4575454e-06 1.3092078e-08 1.03456166e-07 9.58739e-07 0.0010691861 4.376845e-07 0.0016914661 4.5579876e-07 3.4848645e-06 0.0042988877 7.682965e-07 1.1651223e-08 0.0005814822 0.024077438 2.528516e-05 6.2606714e-06 1.1979837e-10 1.4237494e-05 1.0744076e-08 5.7855465e-05 1.1138927e-07 2.5295822e-07 1.3420512e-07 2.7341482e-10 0.000626163 8.875016e-07 1.5801161e-06 1.2526825e-06 2.5151694e-08 6.8415574e-08 1.9558172e-05 8.515167e-05 4.725271e-06 0.00026191442
0.3886633 0.64863205 0.038157046 0.0005211973 0.007344167 0.46264157 0.67731035 0.99020606 8.5454985e-06 4.0579194e-05 0.7777698 0.19500503 0.11517714 0.00056727004 0.6453298 0.9793237 2.2922638e-08 0.98710823 0.014326299 0.024961619 0.016330568 0.4850795 0.0032988025 0.03972198 2.883872e-05 0.0005261058 0.00046857254 0.0006021654 0.42831793 0.00081694394 0.39449129 6.65899e-05 0.00034792323 2.9768619e-06 4.3644263e-06 2.0130376e-06 0.110177755 1.7797841e-08 4.136388e-05 1.1271465e-07 0.00033726718 5.405821e-07 6.056297e-06 3.03814e-05 0.031081121 3.9047462e-10 0.038597148 0.0007297122 4.7330486e-05 7.776844e-05 5.7005445e-07 0.017606236 6.544813e-09 0.0006696155 0.000106546424 3.4797863e-06 1.0727959e-08 0.05935098 2.7701399e-08 0.1035883 3.3204905e-09 2.382329e-05 1.1196648e-06 0.0015730916 1.228567e-06 2.7479348e-06 0.00010999988 8.76771e-08 4.1643835e-07 2.91341e-06 2.26216e-08 5.3275267e-05 7.582727e-08 4.340457e-05 1.8648225e-06 7.90329e-09 0.005513415 2.1785167e-08 1.890694e-11 3.119622e-05 0.017411906 1.9336517e-06 6.583739e-05 2.0588893e-10 1.9524225e-06 7.190836e-10 0.00034818446 1.4151115e-07 9.671951e-11 2.932503e-07 1.1456784e-09 0.005585906 4.5847814e-09 5.346493e-08 1.7361355e-09 1.5912677e-11 5.0511635e-09 7.152363e-05 4.520398e-06 1.3680191e-06 0.003788119
0.0072686286 0.25484866 0.040655546 0.0001609093 0.004026932 0.95428365 0.014840118 0.31001022 3.7311107e-05 0.0003802312 0.027012562 0.0065283254 0.0057688258 0.007757448 0.0036131302 0.0066008465 0.98710823 4.250955e-11 0.0034077675 5.3296615e-05 0.0025497018 0.99990314 2.5794001e-05 1.0971809e-05 3.006692e-06 0.00028797428 1.1433924e-06 1.1525145e-07 9.069453e-06 4.2607942e-07 1.2755179e-05 6.352789e-06 0.00022891077 3.868229e-07 4.146798e-06 9.439449e-08 0.002715961 2.595762e-08 1.6124455e-05 4.048404e-08 7.476607e-07 1.2245781e-08 1.2052831e-05 9.0059785e-07 0.00011826919 5.6269756e-10 8.6480475e-05 6.039822e-07 8.104414e-08 8.082733e-06 1.7888172e-07 1.49549105e-05 1.7160145e-08 2.6543112e-05 5.373591e-06 5.7127517e-07 3.5337322e-10 0.0008582247 1.4305182e-06 0.00090668374 1.0635468e-11 1.56002e-07 1.8431388e-06 0.00016994875 1.756304e-07 6.9776216e-09 1.0664564e-06 6.1727934e-09 2.6059538e-06 9.2358465e-07 2.5721604e-07 8.219313e-07 1.693899e-07 7.0614924e-08 2.7585954e-06 4.789155e-09 6.3601055e-06 4.151108e-09 1.2121873e-08 1.2607117e-07 9.255652e-05 4.863017e-08 1.5964436e-07 4.0205514e-10 8.737442e-08 3.9955404e-07 3.0065885e-06 4.858208e-07 3.9988393e-10 6.1182715e-07 5.876005e-09 0.000503367 1.878393e-08 2.4104302e-10 9.2952614e-09 1.653957e-10 2.5098452e-06 2.0868417e-06 9.599499e-08 2.4458107e-06 0.0003643646
0.970478 0.47479224 0.85122895 0.87884104 0.83278483 0.13224861 0.05202408 0.047097594 0.981857 0.66292965 0.025640074 0.034307618 0.15392202 0.010750808 0.0048377803 0.0013647219 0.014326299 0.0034077675 3.537247e-09 0.0013774359 0.9730494 0.00010110486 0.0035518492 5.181024e-05 0.0030664073 0.16102238 7.9661e-06 2.0761865e-07 6.633605e-05 7.73951e-05 3.2436042e-06 0.0003425676 0.5007715 0.00044543264 0.0009515785 0.00030916027 0.17873164 0.014084531 0.015070006 3.8421404e-05 1.8742649e-06 8.210605e-06 8.4970205e-05 1.550949e-05 0.018652257 0.0029891874 0.008073193 1.1917263e-05 2.9353154e-07 0.00019499515 0.053298168 0.0010422892 6.937245e-08 0.30530763 0.08116269 0.001496881 2.6836917e-05 0.21632625 4.6951614e-06 0.06330845 3.16486e-08 2.7475132e-06 5.533463e-05 0.7379142 4.585696e-05 4.890842e-07 0.069521114 4.7813427e-07 3.960143e-07 0.0004082798 0.0006294233 0.00023736103 4.999949e-09 0.00011241435 0.00012260482 1.0706411e-05 0.019975144 7.0272975e-08 2.4373963e-07 9.3381335e-05 0.036421116 4.9284895e-06 0.007851515 2.7210112e-07 6.0091876e-05 1.4827242e-07 0.008065044 4.0550993e-05 1.2326895e-05 0.00027257315 9.136554e-07 0.71892405 2.4185068e-05 4.861223e-06 3.3681303e-05 9.297067e-06 1.17371926e-07 0.0061942036 7.038509e-05 1.648115e-05 0.5003607
0.90293884 0.06659635 0.00044166247 0.015286689 0.0023424928 0.004734008 0.8173422 0.07817227 0.0011583775 6.508684e-06 0.30977336 0.3261837 0.09209407 1.1956087e-06 0.99009866 0.82074434 0.024961619 5.3296615e-05 0.0013774359 4.3753795e-13 0.0005211252 7.123823e-06 0.86650574 0.8359387 0.09764966 2.6420762e-06 0.9153011 0.046504162 0.022954281 0.9743022 5.2107844e-05 3.034394e-08 9.5513155e-05 1.2189364e-08 8.119387e-09 0.2894287 0.14555176 5.058335e-06 4.6879552e-07 2.7783598e-10 0.13458431 0.0052627614 1.3344047e-10 0.16245767 0.44172958 2.2344027e-06 0.30930805 0.04920169 0.07289723 0.27019405 0.0015658339 0.3626318 0.000871613 9.287864e-05 2.1065303e-05 1.8481288e-08 0.002236374 0.18365692 3.7313755e-10 0.17396046 0.00026602476 0.029974531 2.556731e-09 0.0010496948 1.0393851e-08 5.9938367e-05 5.7438745e-05 0.0010376129 6.962231e-08 9.7513755e-08 8.760083e-05 0.028501693 3.6281304e-05 0.05329259 2.21222e-08 1.1616065e-06 0.08169054 0.00017638989 1.1917507e-06 0.019314596 0.15756008 0.005664199 4.199774e-06 8.03091e-11 0.0005566361 4.4298187e-09 0.00015352624 3.0442914e-07 1.5016077e-07 4.006085e-06 1.4194201e-11 0.0011605768 5.5996723e-05 2.0848178e-05 1.4248446e-06 6.179494e-06 3.07328e-06 5.626834e-05 0.0008287752 3.7729107e-05 0.0010121075
0.9894074 0.29072142 0.77660686 0.60960513 0.859124 0.0968742 0.027751291 0.03574082 0.94369024 0.7168067 0.01543109 0.008601912 0.062655285 0.0734319 0.0010861555 0.0017218146 0.016330568 0.0025497018 0.9730494 0.0005211252 6.439324e-10 6.762712e-05 0.0015686265 2.7526998e-05 0.001506489 0.33384618 1.5437528e-06 1.2187883e-07 0.000110989255 1.241699e-05 1.3768723e-06 0.00093093776 0.7671275 0.0012208488 0.0024871726 0.00012991461 0.057650648 0.13187446 0.0589047 2.7604732e-05 4.4448925e-07 3.077365e-06 6.9244255e-05 1.4812679e-06 0.010124903 0.012599486 0.0033765517 8.519041e-07 1.3832713e-08 5.3901567e-05 0.14902191 0.00036127746 1.042133e-07 0.613511 0.27998224 0.020719355 4.775958e-06 0.208425 1.7661865e-06 0.03502029 2.9132377e-08 4.2298058e-07 6.564379e-05 0.8220597 0.00011345562 4.2645178e-07 0.22087425 1.1021045e-07 6.9567255e-07 0.002336459 0.0013406954 0.000121118435 7.21937e-09 8.2096936e-05 0.00014816847 2.6015018e-06 0.020978738 2.0066377e-08 3.9017442e-07 4.1270418e-05 0.03805569 3.254469e-07 0.025301017 2.2953233e-07 1.2894855e-05 1.5549728e-07 0.023270497 7.682306e-05 1.0202683e-05 0.00060295954 2.4866256e-06 0.84974587 1.6600594e-05 1.0378825e-06 2.9322406e-05 7.137287e-06 2.0381364e-08 0.022368144 4.511339e-05 8.980185e-06 0.69196934
0.00016599511 0.005723689 0.0002349349 1.1114658e-05 6.9227215e-05 0.002337948 0.00091616926 0.011866802 9.645248e-07 3.80794e-06 0.0003798271 0.00066131394 0.000510078 0.0005128737 0.0010030706 0.0004936698 0.4850795 0.99990314 0.00010110486 7.123823e-06 6.762712e-05 2.1924067e-15 1.0187179e-06 4.407551e-06 9.320481e-07 7.1250115e-06 1.628913e-06 2.2421425e-08 0.00018268607 6.7180747e-07 0.99996173 1.839053e-08 7.9141205e-07 7.856397e-09 6.4849197e-09 2.848066e-08 0.0002056631 2.4529057e-09 1.69451e-07 9.930464e-10 8.935471e-08 2.0493698e-09 4.49958e-08 3.732025e-07 1.1791706e-05 9.070858e-11 8.835557e-06 1.3257899e-07 2.650015e-08 1.2443258e-05 1.7470877e-09 3.7994337e-06 9.392398e-11 6.085312e-07 3.8042035e-07 7.007485e-09 6.815098e-10 0.000101200654 9.388593e-09 0.00021007033 3.593e-12 1.0901647e-07 4.4000284e-08 3.974405e-06 7.16814e-08 3.2471786e-10 5.282592e-08 1.5805403e-09 3.1340126e-09 6.5329147e-09 1.4913857e-08 3.0076365e-07 4.4604342e-09 3.4111928e-08 2.3097448e-08 9.932529e-10 6.5791505e-07 2.2134027e-11 2.6195482e-10 2.0449821e-08 1.263697e-05 2.749926e-07 8.3926736e-08 1.7726466e-11 1.5920564e-08 2.6437014e-10 1.12259265e-07 6.250979e-09 3.461161e-11 2.2636393e-09 1.6886287e-10 3.190186e-05 5.7066557e-10 2.9806993e-10 3.982497e-10 7.45296e-12 1.2705262e-08 3.4812135e-08 1.8078703e-08 3.4290338e-08 2.2793796e-05
0.9537193 0.006870078 0.0006514572 0.01979232 0.0006807328 0.0010839617 0.09290363 0.002876401 0.005882653 0.00043260783 0.00672546 0.26884362 0.08860569 6.7324063e-06 0.6669217 0.07607267 0.0032988025 2.5794001e-05 0.0035518492 0.86650574 0.0015686265 1.0187179e-06 1.5830172e-09 0.049512345 0.99136823 0.0001261618 0.10916981 0.0002016983 0.003602694 0.8070842 5.038612e-05 3.784237e-05 0.0008343873 1.7713751e-06 3.0658323e-06 0.886512 0.3478275 5.48893e-05 0.00011461163 1.6935001e-09 0.0017437106 0.8754736 1.7890186e-07 0.100382194 0.8667798 1.3410879e-05 0.72861177 0.5701467 0.14734142 0.11392062 0.009050809 0.8641619 0.003768055 0.0019586463 0.00025255582 1.0936614e-05 0.04781033 0.35600644 1.9967216e-07 0.42201653 0.00018500406 0.12553723 3.846369e-06 0.042010378 1.6103978e-06 0.00016292348 0.0013451074 0.0018033374 2.2996606e-08 2.9085119e-05 0.0002910381 0.20739977 4.2219795e-05 0.15083845 2.759461e-06 9.3360315e-05 0.603831 0.0006730689 3.2575418e-08 0.046382867 0.7542615 0.007813603 0.0015791 9.598538e-10 0.0063773133 7.618549e-08 0.0026403624 8.820833e-06 1.721716e-06 3.0342193e-05 1.1662895e-08 0.076429494 0.00023756192 0.0002627876 1.17553955e-05 0.00017877096 3.3113156e-06 0.01140655 0.0076987864 0.0015125764 0.06973026
0.036722362 0.000836671 5.4846238e-05 1.21956045e-05 1.2671412e-05 4.831636e-05 0.01140951 0.0012040165 1.7637053e-08 1.2974205e-07 0.005163742 0.0057027806 0.0018854681 2.1010469e-07 0.22414498 0.51753986 0.03972198 1.0971809e-05 5.181024e-05 0.8359387 2.7526998e-05 4.407551e-06 0.049512345 7.057108e-14 0.00045776457 1.0402741e-07 0.30642754 0.9997401 0.9985961 0.10098043 0.0074931113 1.2154442e-07 1.3935941e-06 3.7434905e-08 2.2651479e-08 0.000119964745 0.0012325109 3.2632423e-09 6.802576e-07 1.3568895e-11 0.12832567 4.860187e-05 3.770096e-08 0.0035788447 0.006894964 9.21444e-11 0.005026024 0.0057180775 0.001661558 0.03326296 1.7848835e-08 0.010374467 1.0991887e-05 2.318316e-06 5.637372e-07 9.50383e-09 4.662592e-08 0.0020057214 1.4536284e-09 0.0028015827 2.444198e-05 0.0016369682 2.7183884e-09 2.2447563e-05 2.76157e-10 6.9998073e-06 5.7289833e-07 6.3734515e-06 4.8538036e-09 1.8509323e-09 9.032815e-09 0.0009510491 2.1292494e-06 0.0013765075 4.949659e-09 2.8095425e-08 0.0012552466 3.9445646e-07 1.4654552e-11 0.0004090571 0.0026711205 5.6737276e-06 5.739811e-07 1.7727547e-11 6.3103043e-06 1.9640589e-10 6.296922e-06 8.933992e-11 7.0390543e-10 5.5224176e-09 2.8198405e-11 0.0004420027 9.658342e-08 1.3709054e-08 6.066694e-09 1.023547e-10 2.3516117e-07 5.3201215e-06 9.9451845e-06 1.4627977e-06 0.00027060264
0.8937875 0.00054562045 5.344763e-05 0.0033728634 9.138952e-05 0.00018361265 0.0052474085 0.000101706966 0.0022074839 5.759101e-05 0.00035593935 0.07903792 0.032094255 1.2641375e-06 0.047356896 0.0011087876 2.883872e-05 3.006692e-06 0.0030664073 0.09764966 0.001506489 9.320481e-07 0.99136823 0.00045776457 1.7763475e-13 2.4435594e-05 0.0021746762 2.1472206e-06 0.00018693416 0.024737312 2.486246e-06 1.6505875e-05 0.0003206326 3.5234957e-06 8.9246174e-07 0.97807074 0.16723455 3.9929848e-05 0.00031397463 6.105764e-10 1.6894612e-05 0.4694148 3.9299243e-07 0.007297568 0.9459755 6.5139056e-06 0.77157146 0.18088266 0.051001064 0.010654934 0.007170907 0.8474746 0.000118065225 0.0025606065 0.00037303567 3.4554473e-06 0.021953672 0.30252022 2.5092852e-06 0.44630852 2.4524685e-05 0.06433069 2.9634468e-06 0.022386432 3.536502e-07 2.7864095e-05 0.000925898 0.0003184613 4.217629e-07 2.6091606e-05 0.0003931621 0.09456883 3.8619444e-05 0.056617048 4.0899545e-06 0.0001238992 0.44521293 0.00010075268 2.0450289e-08 0.016882524 0.63032657 0.0037276526 0.00062762207 2.2999709e-09 0.003367727 3.945477e-06 0.002210799 4.679248e-06 2.4248084e-06 2.7692062e-05 6.074095e-08 0.03950874 0.00016616585 0.00013136781 1.9871191e-05 4.508019e-05 3.5029007e-06 0.004391046 0.0015426086 0.00032353125 0.023901228
0.9044415 0.010234791 0.3922665 0.03655861 0.6924673 0.025160143 0.00047975918 0.0016130833 0.65710497 0.92805564 0.0001883141 2.447989e-05 0.0016008958 0.7194125 1.4316368e-05 3.9629067e-06 0.0005261058 0.00028797428 0.16102238 2.6420762e-06 0.33384618 7.1250115e-06 0.0001261618 1.0402741e-07 2.4435594e-05 1.6856505e-12 1.114001e-07 6.896357e-09 6.195536e-05 3.5870262e-06 1.2995499e-06 0.9138746 0.9426676 0.8307295 0.9890573 7.073361e-06 0.00024735133 0.6802585 0.7251545 0.2356387 5.5844804e-08 6.908723e-08 0.1441878 3.7888896e-08 0.0003289218 0.2062991 9.932346e-05 7.496716e-08 2.4724437e-07 7.197688e-07 0.023427632 1.4398974e-05 5.29102e-09 0.68725365 0.84175926 0.5194433 4.1906978e-07 0.0072287554 0.003087385 0.00038937991 1.0385865e-08 7.0505814e-07 0.032779366 0.14277832 0.019245164 1.0030279e-07 0.45568493 1.9491286e-09 1.0700358e-05 0.21788369 0.0011795892 3.591596e-06 7.1232104e-10 3.7491398e-06 0.0011836861 2.1376522e-08 0.00089333765 2.43611e-10 2.736325e-09 3.150598e-06 0.0019503841 3.3797825e-08 0.09285983 1.4845848e-09 4.833198e-07 1.6279532e-08 0.052033775 0.0004137215 7.1924114e-07 0.007306875 4.4205728e-07 0.05193065 1.4891309e-07 3.9692377e-08 6.9160865e-06 2.623765e-09 1.4144373e-10 0.027799554 7.3652006e-07 3.1034897e-06 0.02974126
0.8904922 4.0435466e-06 4.9110595e-06 1.4602972e-06 2.7518675e-07 6.6895005e-08 0.0005619539 2.5809526e-05 2.7644024e-08 1.3089259e-08 5.594068e-05 0.0001571114 0.00021569038 4.8348365e-08 0.09571934 0.0053321603 0.00046857254 1.1433924e-06 7.9661e-06 0.9153011 1.5437528e-06 1.628913e-06 0.10916981 0.30642754 0.0021746762 1.114001e-07 6.4977795e-14 0.08188621 0.020078685 0.9899923 2.2186292e-05 6.6337685e-07 8.931897e-07 1.8215813e-07 6.6817054e-09 0.0020072418 0.00023450333 1.2862404e-09 2.5180867e-07 9.781637e-10 0.9993469 0.006393057 8.762088e-09 0.5311784 0.08325404 6.9298546e-11 0.031162808 0.40474784 0.30382818 0.5268645 2.3563832e-08 0.3238826 0.003074567 6.0285595e-07 1.5285945e-06 4.994468e-09 8.812945e-06 0.0018630371 8.028544e-09 0.0036781416 0.015987521 0.18251507 2.9989394e-08 1.8726997e-06 5.151506e-09 0.0043891952 2.39236e-07 0.012279752 3.9643937e-09 1.907857e-08 1.1859401e-08 0.13791057 0.010055188 0.2122825 1.8220842e-08 9.112386e-08 0.0646933 0.011829841 2.3398623e-11 0.0867199 0.009421149 0.07038844 1.2031677e-07 4.9678534e-10 0.007024732 5.3693158e-11 1.2090314e-05 2.8414011e-09 3.6910067e-10 6.183352e-09 1.7543321e-11 0.0001285253 2.7796957e-06 0.0046119387 5.13433e-09 1.0793495e-06 0.0025678289 1.9218912e-06 0.011279117 0.006365874 0.00016084794
0.0047376533 3.2173944e-07 1.9208528e-07 7.283838e-09 3.637412e-07 2.0763807e-07 5.2116542e-05 3.2092225e-06 1.1768608e-09 3.999709e-10 1.42928075e-05 5.9472627e-06 6.4329165e-06 1.8273013e-08 0.002044803 0.0046068593 0.0006021654 1.1525145e-07 2.0761865e-07 0.046504162 1.2187883e-07 2.2421425e-08 0.0002016983 0.9997401 2.1472206e-06 6.896357e-09 0.08188621 4.2440364e-11 0.6246742 0.0126445955 0.0014548483 4.6468726e-10 2.1647237e-08 1.2770189e-10 5.4877512e-11 3.673326e-08 3.893959e-06 3.1384718e-11 1.1324329e-08 6.2962455e-13 0.9996654 2.7496534e-07 2.9824399e-10 0.00027172058 0.00013691314 3.6324142e-12 5.0795396e-05 0.00018459078 0.00018833079 0.003069146 1.4874665e-10 0.00030954293 3.8478126e-07 4.134286e-09 1.2739842e-08 2.2197116e-10 1.9063027e-09 3.78349e-05 2.0559764e-11 2.7579998e-05 1.6844216e-06 4.9204562e-05 6.555004e-10 1.16348616e-07 7.59741e-11 1.1467777e-06 5.490929e-09 3.3018018e-06 1.0469323e-11 2.1687428e-10 1.6246023e-09 4.4225886e-05 1.3312715e-06 2.3331888e-05 3.1588865e-10 2.0668027e-09 0.00010957125 2.3640035e-07 3.3904078e-13 1.43400475e-05 0.00021933622 1.2404569e-06 5.616074e-09 5.958205e-11 4.0305932e-07 3.78965e-11 1.6453605e-07 2.6147975e-09 3.5279453e-11 9.454846e-10 1.6094011e-12 1.0008485e-05 1.5751482e-08 2.7394425e-09 2.2917546e-10 1.1554875e-10 6.5361553e-07 6.0703776e-08 2.4924148e-07 2.3804996e-06 8.1944745e-06
0.007746278 0.0006686016 1.550974e-05 1.0654576e-05 0.00020269968 2.1916035e-06 0.009688293 0.0063185873 1.75378e-07 3.181172e-07 0.0021336605 0.0024126559 0.0006872338 3.7248128e-06 0.076864965 0.030840121 0.42831793 9.069453e-06 6.633605e-05 0.022954281 0.000110989255 0.00018268607 0.003602694 0.9985961 0.00018693416 6.195536e-05 0.020078685 0.6246742 3.9539986e-11 0.006123937 0.99998254 2.3756077e-06 9.531147e-06 5.222555e-07 1.5211104e-07 4.5709494e-06 0.00038332376 1.1055737e-08 1.574621e-06 8.5088665e-09 0.48244077 2.4878412e-07 1.1749819e-06 0.00089527405 0.0008697293 3.5642267e-10 0.00097500754 0.0011589973 0.0003045379 0.011742668 2.2195952e-08 0.0014690778 1.8509086e-06 3.5089054e-06 7.617209e-07 4.2984297e-08 8.299227e-09 0.0016188523 7.6753116e-07 0.0017815912 2.6025722e-07 0.00018824624 5.4575935e-08 4.0804093e-06 1.5428732e-09 1.2572904e-06 2.831547e-07 9.055427e-06 2.6571576e-07 5.8128e-09 4.577426e-08 0.0001429343 5.6963954e-06 5.8259036e-05 1.1085009e-07 1.1118438e-08 0.0002601425 5.489618e-06 6.987567e-10 1.1534458e-05 0.0006555749 2.3306493e-05 1.19957635e-08 7.089285e-10 1.3357862e-06 3.7619055e-09 3.786637e-07 2.618076e-09 1.3490201e-09 9.947663e-09 4.0581934e-11 1.4977663e-05 1.5995708e-07 6.9804407e-10 3.0907075e-09 6.591673e-11 2.2405568e-06 5.7671162e-08 1.3858805e-06 1.2511382e-05 3.435045e-05
0.98414534 0.00010201589 5.3517124e-06 3.435802e-05 1.6767843e-06 8.62597e-06 0.004703461 0.00023014205 2.3088528e-06 5.0305715e-08 0.00052392524 0.009613316 0.0013763519 6.062229e-07 0.13765933 0.013947451 0.00081694394 4.2607942e-07 7.73951e-05 0.9743022 1.241699e-05 6.7180747e-07 0.8070842 0.10098043 0.024737312 3.5870262e-06 0.9899923 0.0126445955 0.006123937 4.6481243e-13 1.6409524e-05 6.2463528e-06 2.2986465e-05 1.072923e-06 4.6407814e-07 0.04240143 0.0140163945 1.0944497e-08 9.5366295e-06 4.3046713e-09 0.19337742 0.76562655 3.1148726e-08 0.790426 0.35773963 1.0679815e-09 0.19647545 0.7515548 0.5750013 0.81436175 1.2010543e-06 0.73706084 0.0034577996 3.9625418e-05 1.0331478e-05 1.61484e-07 0.00076403894 0.0381082 1.2128807e-07 0.059062134 0.0080816625 0.3154588 4.582124e-07 0.0018946864 5.1952803e-08 0.00041619837 3.8043087e-05 0.013649347 1.0619092e-07 6.302278e-07 7.297121e-08 0.47876328 0.0016822736 0.55196685 3.4862937e-06 3.1385142e-07 0.38346174 0.0066787214 2.550977e-10 0.30326772 0.14047366 0.23451397 8.555312e-05 1.2238194e-08 0.047492396 1.6804181e-08 0.0011150806 7.53386e-07 4.405039e-09 1.4587945e-07 3.765969e-09 0.015033697 8.396558e-06 0.003905272 6.753936e-08 3.5532787e-06 0.0012334645 0.0006256545 0.07643777 0.004085653 0.010806809
