3.2389473e-09 0.8538739 0.20807917 0.6912904 0.0067379694 0.83057505 0.83208925 0.7620217 0.8638517 0.9892923 0.99763453 0.209701 0.16189453 0.9584281 0.14513 0.8265704 0.9498832 0.6710625 0.99115396 0.9748193 0.7379276 0.9323285 0.8125244 0.97335446 0.83354056 0.95806587 0.9429258 0.9477453 0.95100915 0.94351745 0.98983365 0.95289826 0.6812233 0.7863928 0.9883518 0.109860145 0.6533969 0.96025395 0.927196 0.74763507 0.96383494 0.9859028 0.9242991 0.6230464 0.9031066 0.9531218 0.96248466 0.99228436 0.23011312 0.92670584 0.65798557 0.9765909 0.94878864 0.0062034144 0.95599 0.9797041 0.9966666 0.98919106 0.93918455 0.064236976 0.98452044 0.99218214 0.77060086 0.9658753 0.90858394 0.10074411 0.9722829 0.8551428 0.9008757 0.9853718 0.95594126 0.80866754 0.99973106 0.9184641 0.90462774 0.9643175 0.9725131 0.99829906 0.9882103 0.95248044 0.9309451 0.92615235 0.9924105 0.99085045 0.4774034 0.46119615 0.7352881 0.98951447 0.730341 0.82141554 0.00027492855 0.69649184 0.8714247 0.8635782 0.8591647 0.92043495 3.3236922e-06 0.9998162 0.0014431941 0.8803473 0.9882911
0.8538739 1.6343846e-11 0.9998242 0.77786374 0.026666462 0.5820789 0.055742763 0.015834961 0.021723837 0.28761783 0.99612886 8.62448e-06 0.00024465713 0.03963987 3.9284066e-07 1.3940898e-06 0.00013445552 0.00010924508 0.011697256 3.0369217e-06 1.0636748e-07 0.00042091572 4.224928e-05 3.6426645e-05 0.0070010936 3.220573e-06 1.228881e-08 1.80297e-08 1.246409e-07 1.691274e-06 0.00016631567 7.052568e-08 2.147033e-07 1.2319389e-08 0.23240775 4.5649063e-08 2.0801892e-06 1.8388986e-08 2.6554641e-08 5.9990202e-06 4.0324113e-09 1.9253985e-06 3.448795e-09 1.904503e-06 6.968003e-10 1.2388541e-09 0.00014347224 4.8933093e-09 4.8974485e-08 2.2562339e-09 8.9856583e-10 9.145134e-05 2.9312658e-10 2.0462306e-08 7.1693806e-09 2.8222538e-09 0.22805166 7.5581e-10 7.3665873e-10 9.731823e-09 0.0005514151 2.0083288e-09 2.4511095e-09 9.2713656e-11 3.18785e-09 7.514382e-08 1.419555e-08 1.314211e-09 1.1858349e-10 9.080781e-10 2.8318303e-09 1.8107671e-10 0.011082594 3.8731938e-09 8.942282e-10 0.0009802842 8.6093915e-10 0.0002044528 7.046618e-06 1.5015804e-09 4.3588393e-08 3.559753e-08 1.2254736e-07 9.399649e-07 5.7976526e-09 3.2306166e-10 3.4536136e-09 5.143794e-07 4.941057e-09 2.5242994e-09 3.6827812e-09 4.258799e-09 2.1690985e-10 1.633957e-08 3.0719434e-08 9.704534e-10 5.49333e-12 1.668072e-07 2.783956e-10 1.8970997e-10 8.1980933e-10
0.20807917 0.9998242 4.6723165e-18 0.3248743 0.99895835 0.03143161 0.0043959357 0.04209234 0.0018194442 0.008046698 0.5508078 2.5572838e-06 0.0007395724 0.0035984484 1.5599506e-08 2.2125589e-07 1.0750703e-05 1.7956873e-08 0.000997766 3.8789864e-07 7.231567e-09 3.7985264e-05 5.8895138e-09 6.93575e-08 0.0002859456 2.7212987e-09 7.6448886e-10 1.0949237e-08 8.7237675e-09 3.9567887e-08 1.732169e-06 7.553237e-08 1.3360766e-08 1.6139277e-10 0.012342905 3.4622252e-10 1.6591934e-09 1.0858124e-08 2.8186726e-08 1.4404144e-08 3.8956354e-09 8.346952e-08 1.0420881e-09 1.4437638e-09 3.5173395e-09 2.223292e-10 1.1089091e-05 4.7242743e-10 8.02804e-09 4.3927703e-10 2.4931173e-12 2.316811e-06 3.0272806e-10 1.6478639e-10 2.8270812e-09 1.1027259e-09 0.0127260545 1.7283811e-09 2.7563085e-09 1.174154e-10 1.51264485e-05 2.2366229e-09 6.705321e-10 9.192994e-10 9.830124e-12 1.8565576e-09 2.595856e-08 1.0240826e-09 1.491035e-09 7.772268e-11 2.3827204e-10 2.5696327e-09 0.0005563118 5.9491795e-10 3.653869e-10 2.5541138e-05 1.3176319e-09 5.4180146e-06 1.8190459e-08 7.249046e-10 3.410215e-09 1.0053656e-09 1.4934508e-10 2.146161e-09 2.0983855e-09 2.1019563e-11 3.8619625e-11 8.8480184e-10 6.092152e-11 2.3520868e-11 1.3701112e-11 1.3500704e-09 1.6262904e-11 1.8728012e-12 2.2453532e-11 4.9156126e-12 4.479016e-14 1.0901957e-11 1.9050886e-13 2.0738602e-12 1.2580469e-12
0.6912904 0.77786374 0.3248743 1.243627e-09 0.96544236 0.9630137 0.939724 0.9348458 0.9726031 0.8573181 0.5912984 0.011899406 0.024317404 0.7223811 0.01510948 0.0129385535 0.12500957 0.011147047 0.3798546 0.0033220798 0.0010491499 0.0011353447 0.0019702597 0.00090754975 0.00080690975 0.00010208177 4.2144893e-05 5.9078204e-05 6.148976e-05 0.0015684919 0.016892325 0.00035928361 3.1974324e-07 9.4836764e-07 0.05822724 3.8818413e-08 1.7444705e-05 2.7344082e-05 2.1310198e-05 0.00015037022 1.0978619e-06 0.0010571829 5.1836287e-07 3.345637e-05 1.0707681e-08 2.162215e-08 0.009812447 1.4321078e-05 9.181298e-08 1.5599968e-06 2.425855e-07 0.0028928989 3.9480813e-08 1.3492456e-07 1.9604045e-08 4.2334758e-08 0.014240067 6.120451e-08 2.4584654e-09 1.0527429e-08 0.0038434654 4.0431396e-09 5.752656e-07 1.5164955e-09 2.2597087e-06 2.4706603e-08 5.2835297e-08 1.8826782e-09 1.0518751e-09 8.2906456e-07 4.1842302e-10 1.7965969e-10 0.00120626 1.7214491e-07 3.8051557e-08 0.011408177 2.2373037e-07 0.002725238 0.0014292011 2.3461357e-08 4.7755297e-08 5.369255e-07 6.800475e-07 0.00069604826 9.728247e-08 2.1770713e-08 1.5717598e-08 8.211251e-05 1.3771697e-07 9.572808e-07 1.2836309e-08 8.11657e-09 3.1898904e-11 2.0540433e-08 1.4156669e-08 3.7320984e-08 1.2435836e-10 2.8148636e-06 5.1638057e-08 9.73466e-10 1.9800308e-09
0.0067379694 0.026666462 0.99895835 0.96544236 4.549568e-14 0.08256292 0.03300487 0.981762 0.036798626 0.0042172614 0.022852775 0.013763427 0.82882124 0.0038007512 0.0012653299 0.00082736963 0.0005878528 2.4682195e-05 0.002810758 4.0722593e-05 2.7296557e-05 2.8243662e-06 7.548542e-08 1.2590193e-06 2.5500506e-06 8.741426e-08 6.234669e-08 7.075688e-08 3.6981086e-07 6.4116946e-08 9.511547e-07 1.3402952e-07 8.214532e-07 1.3901686e-09 0.00027290714 1.44697e-09 2.3314093e-09 1.0401877e-09 6.5547034e-10 6.349151e-09 5.8944587e-09 7.239634e-07 5.081562e-10 8.364203e-10 6.735956e-10 3.5423005e-11 1.1694622e-05 3.5967973e-09 7.1703153e-06 1.2835776e-11 6.337699e-11 5.106041e-06 2.0614711e-10 6.514732e-10 8.7745766e-10 1.9005546e-10 0.00018403532 5.040327e-09 1.5775818e-10 2.492693e-09 1.0680254e-05 3.7021208e-09 9.252615e-09 3.523932e-10 1.2833249e-08 2.2668452e-09 2.7868743e-09 1.7193077e-11 5.6633767e-11 1.6875928e-09 5.5996524e-10 2.8234073e-12 6.8681805e-07 1.6003375e-08 7.88301e-09 4.043711e-05 1.0752543e-08 3.400784e-05 3.9314912e-07 2.5934332e-10 2.732115e-10 4.433842e-09 6.5038215e-09 2.5466409e-06 1.9744002e-09 4.3204293e-10 1.2306782e-11 1.40668766e-08 7.455989e-08 5.273642e-12 9.345067e-10 3.8882602e-11 1.0816943e-09 1.9279993e-11 8.770936e-12 2.3367825e-09 2.7644022e-12 4.459513e-10 1.3058017e-11 1.5814532e-10 3.797361e-12
0.83057505 0.5820789 0.03143161 0.9630137 0.08256292 8.500567e-15 0.9822921 0.54140663 0.8569813 0.9876822 0.7540632 0.00047604408 0.027069421 0.77932334 7.3091705e-06 1.8551844e-05 0.3539144 0.13761115 0.3783779 0.00088609697 2.404015e-05 0.15236932 0.0069617643 0.001050493 0.09959603 0.005412461 2.7702245e-06 1.5465642e-06 7.606553e-05 4.2045773e-05 0.049585246 4.720924e-06 1.9396969e-06 3.3431447e-06 0.34085202 3.6640806e-09 0.00027038957 2.4514666e-06 1.040869e-06 0.002274285 6.6693964e-08 0.0009695354 3.0143948e-08 2.03009e-06 4.5534016e-08 2.6382223e-09 0.012886464 1.2992439e-06 8.142732e-08 7.37714e-08 1.7276165e-09 0.010846489 9.381965e-10 1.15532216e-10 7.492967e-09 2.866631e-10 0.13204405 2.3510944e-08 6.854981e-09 5.30876e-13 0.023543328 1.8508027e-08 9.86792e-12 3.3302774e-09 1.7662495e-07 3.4073248e-11 4.587353e-09 5.8258356e-11 1.8514151e-10 5.7560392e-08 2.4649388e-10 4.8578806e-12 0.01413814 5.325903e-12 1.0364719e-10 0.01683239 1.596133e-09 0.002080132 0.0043395325 2.6225342e-09 3.5366197e-09 6.705468e-08 2.202165e-06 0.0001967413 9.1864814e-12 1.4631317e-11 4.7896985e-11 1.1846854e-06 4.1479162e-10 1.9524568e-11 9.882857e-12 1.05687216e-10 9.427069e-12 1.6360167e-10 2.7365184e-07 4.1350173e-10 4.915624e-15 8.766422e-06 2.0892608e-12 8.8839325e-11 7.410593e-08
0.83208925 0.055742763 0.0043959357 0.939724 0.03300487 0.9822921 8.89553e-11 0.68074733 0.9939829 0.8445682 0.03159921 0.0045347684 0.03565547 0.8206682 0.0004497569 0.0010791639 0.08157058 0.11803986 0.46364495 0.00617434 0.0005109906 0.037620813 0.002888101 0.00039350966 0.010199397 0.00023844327 0.00020546117 0.00026429482 0.0003750395 8.2665734e-05 0.021359053 7.6424585e-05 5.9532245e-05 1.6179856e-06 0.18697412 1.3200917e-06 1.3164238e-05 1.4905718e-05 6.817082e-06 1.7042144e-05 4.2347365e-06 0.0011102048 1.2484666e-06 2.821287e-06 1.8820599e-06 1.941517e-07 0.013017251 2.2632206e-05 1.347498e-05 4.7524322e-06 6.1670278e-09 0.0064971647 3.5733805e-07 4.744633e-08 2.4143864e-07 3.0037768e-08 0.03203011 1.0210099e-05 2.5544233e-07 3.246668e-08 0.01724902 2.3115683e-07 1.2180236e-07 5.5728214e-07 8.363223e-08 5.4451366e-08 1.4100932e-07 3.4963524e-08 1.208681e-07 2.8057511e-06 1.0892038e-08 4.6725877e-09 0.0012187245 1.3056636e-09 1.3662113e-09 0.028073609 2.1469614e-07 0.004590917 0.0009026107 5.7401312e-08 3.584945e-07 1.4913985e-06 1.3623368e-05 0.00021843068 2.718241e-07 1.6298607e-08 2.8735313e-08 1.02239455e-05 2.3802132e-10 1.9568366e-08 6.314036e-08 3.3061482e-07 5.163596e-09 1.6073397e-08 3.430326e-06 1.5590286e-08 2.9898352e-12 3.9979037e-05 7.4471135e-10 3.6501995e-09 1.5961111e-06
0.7620217 0.015834961 0.04209234 0.9348458 0.981762 0.54140663 0.68074733 1.3375808e-12 0.9121721 0.31747794 0.1952995 0.280832 0.9960156 0.6175935 0.13784985 0.14821728 0.28631857 0.008053268 0.46463567 0.038672525 0.026479771 0.00012786388 0.0007531935 0.0018918011 0.0010830848 1.4347489e-05 0.0012290312 0.00082200504 0.0015731577 0.004629651 0.027435716 0.0006254919 9.1781854e-05 4.102418e-07 0.065775365 4.030007e-06 1.5093945e-06 1.0627157e-05 2.6182437e-05 1.876251e-05 6.340689e-06 0.0017555692 1.3204619e-06 1.2560805e-05 1.07057886e-07 1.6585647e-08 0.029935839 7.0215734e-05 0.00024454235 4.6473833e-06 3.6874184e-10 0.009710456 1.5753953e-07 4.996134e-06 1.3368957e-07 1.2582246e-08 0.037298456 1.4894085e-06 1.9342168e-07 1.9570822e-07 0.047668274 1.3689437e-07 4.4329363e-06 1.6368235e-08 4.213046e-07 5.9941655e-08 1.4451201e-08 6.6474093e-09 1.1668363e-09 5.8407986e-06 4.213319e-09 1.1808609e-09 0.00094049535 9.781907e-08 6.1203655e-09 0.20700009 1.9660813e-06 0.013373586 0.0028089723 2.317476e-08 1.6184085e-06 2.4216492e-06 1.4613058e-06 0.0006953519 8.381552e-07 4.902561e-08 3.44084e-08 0.00029390116 2.900197e-07 9.3198004e-08 2.1577236e-07 1.973878e-08 3.26891e-10 2.9864328e-08 1.719262e-07 7.347287e-08 3.1298653e-10 1.1046533e-05 8.8682315e-09 3.3732422e-10 2.4237378e-08
0.8638517 0.021723837 0.0018194442 0.9726031 0.036798626 0.8569813 0.9939829 0.9121721 7.515212e-12 0.4362442 0.011120682 0.036174312 0.10671623 0.90859526 0.0021420205 0.026589187 0.65464264 0.5066155 0.79172647 0.038120374 0.0026894335 0.014097904 0.0047042733 0.001912136 0.0059495186 0.00041290087 0.00032457706 0.0004983248 0.0010430021 0.0008359261 0.07738792 0.00025653324 9.503713e-05 1.0894751e-06 0.14970312 1.140898e-06 2.93046e-05 5.076493e-05 1.6361846e-05 4.7223988e-05 1.4123396e-05 0.0034243956 3.6121717e-06 2.3548737e-06 3.2742607e-06 4.5334812e-07 0.03469488 0.00026685465 5.829138e-05 1.1325005e-05 3.4994059e-09 0.015823241 1.6094244e-06 6.5484876e-08 9.329472e-07 1.5200067e-07 0.029280908 2.2120546e-05 1.2589018e-06 8.673496e-09 0.03578789 4.088847e-06 7.611784e-07 4.033577e-07 2.6475394e-08 9.2187577e-07 1.0439135e-07 1.6111312e-07 8.558498e-08 7.077751e-05 7.974704e-08 4.8773035e-08 0.00091335806 6.2514913e-09 7.5998564e-08 0.090922825 4.2109934e-07 0.009148213 0.0018127753 5.974544e-08 3.908383e-06 2.655277e-06 4.7022302e-05 0.00045348954 5.951464e-09 3.196935e-09 1.1136612e-07 2.3562137e-05 6.519555e-10 6.413758e-09 5.8899218e-08 4.093355e-07 2.0663495e-09 5.6922542e-09 1.1968178e-06 1.2820814e-09 5.0574315e-12 6.437179e-05 1.6991095e-10 1.7224352e-08 2.5294543e-07
0.9892923 0.28761783 0.008046698 0.8573181 0.0042172614 0.9876822 0.8445682 0.31747794 0.4362442 2.376574e-11 0.6157331 0.00033117674 0.0065777525 0.9040685 8.16958e-05 0.00040806082 0.07992107 0.016097777 0.59677815 0.0009956468 0.00014456097 0.23668037 0.0048966715 0.00018646235 0.22952913 0.004487809 7.7681565e-05 8.005998e-05 0.00026578107 0.00019102257 0.1643883 3.9615938e-05 1.7167096e-05 4.113295e-06 0.8857219 7.916977e-08 0.00032585053 3.3723212e-05 8.831084e-06 0.0030591665 1.4035012e-06 0.007905383 4.9877235e-07 3.2586187e-05 2.1412872e-07 8.580711e-08 0.14553542 3.0901214e-05 0.00010800168 2.1061737e-06 3.2162145e-08 0.11033123 1.04513276e-07 7.46968e-07 2.33207e-07 1.2390816e-08 0.54741 1.5459148e-07 2.1364945e-08 9.699847e-07 0.19283098 8.387628e-09 1.906473e-06 1.25068285e-08 1.7775333e-06 3.3879535e-06 9.7397766e-08 9.389936e-09 4.8633764e-09 1.1212354e-06 1.3999694e-08 6.104647e-10 0.03609548 3.959544e-08 1.4826415e-08 0.11161302 1.572358e-06 0.021711642 0.0063130767 1.1965052e-08 8.7657185e-08 1.67556e-06 2.7047608e-05 0.0020318392 1.6079886e-06 2.7712126e-08 4.473837e-09 2.6953314e-05 1.0756358e-08 8.330259e-10 1.3559848e-06 4.0653273e-08 8.5443647e-10 2.1138964e-08 1.4007493e-06 5.9906496e-10 4.894035e-10 2.6839762e-05 7.24138e-09 4.737207e-09 3.953053e-07
0.99763453 0.99612886 0.5508078 0.5912984 0.022852775 0.7540632 0.03159921 0.1952995 0.011120682 0.6157331 2.967397e-14 8.985861e-05 0.0010907935 0.039060086 5.718751e-06 0.0001837358 0.0023029584 3.9460097e-05 0.019982511 0.00010533827 2.2909737e-05 0.45681873 6.003173e-05 8.270126e-06 0.32771042 5.0334627e-05 1.0488496e-06 1.9118422e-06 3.5131496e-05 2.4184135e-06 0.0013179677 4.5474394e-06 2.0739003e-06 1.4356796e-07 0.8734644 2.0964572e-07 9.295586e-06 2.2740709e-07 2.8641867e-07 1.1232802e-05 6.3264376e-09 9.550213e-05 2.5836098e-09 4.000638e-07 2.7636696e-08 7.0854594e-10 0.0037023455 2.6170477e-07 6.2440713e-06 6.860073e-08 1.5601374e-09 0.0038223157 1.185974e-08 1.7936107e-07 4.930571e-08 1.6206501e-09 0.79025966 8.927341e-09 7.719179e-09 3.7437244e-09 0.01935298 7.728073e-10 1.1943346e-08 1.8036354e-10 9.6348405e-09 1.8781503e-07 5.5823216e-07 5.9437837e-09 1.6154867e-09 1.6173105e-07 3.1146095e-09 3.4903804e-09 0.026829397 3.0689433e-09 5.6297913e-09 0.007861252 2.5916916e-07 0.002389875 6.270923e-05 3.0010836e-09 2.7944981e-08 5.96267e-08 1.0763091e-06 7.2069856e-06 7.828466e-10 1.36786e-08 2.5194428e-08 7.2050364e-07 8.840626e-11 1.2322227e-09 3.5364057e-08 5.54924e-08 2.2479595e-10 3.3691094e-09 6.2082194e-08 2.5248341e-09 1.3835198e-11 2.2397749e-06 8.220522e-12 1.7327634e-10 2.5692419e-08
0.209701 8.62448e-06 2.5572838e-06 0.011899406 0.013763427 0.00047604408 0.0045347684 0.280832 0.036174312 0.00033117674 8.985861e-05 5.881164e-16 0.9995072 0.023945507 0.99978095 0.24251409 0.01520331 0.0131529765 0.022197016 0.032606643 0.020295579 1.3190798e-06 0.00015047281 0.0007827993 9.816626e-06 6.860828e-09 0.00023368087 0.00017213532 0.00037325488 0.00018944133 0.0023629074 0.000118516014 3.6392827e-05 1.503623e-10 0.0010461237 3.6306852e-07 1.0541408e-09 5.006414e-07 1.9072422e-06 1.974134e-08 3.781455e-07 0.00033595486 7.731089e-08 7.964608e-09 2.132151e-08 1.2043196e-08 0.0035214939 1.0097526e-06 1.5031351e-05 1.8839545e-08 2.8889072e-12 0.00077852595 4.4447233e-09 1.1581916e-08 2.1278362e-08 4.6535718e-09 0.0011952897 1.3796463e-07 1.8924838e-07 1.0170813e-08 0.0031130912 4.236067e-07 2.047019e-08 1.6772471e-09 1.2668957e-09 1.39460985e-08 1.5323161e-08 1.1983979e-09 9.171592e-10 9.74176e-07 3.6371638e-08 4.249571e-10 1.1413121e-05 1.3880974e-08 8.9207486e-10 0.014367585 2.3506148e-08 0.0007207467 0.0002505235 2.5772913e-08 1.6582627e-06 3.9559268e-07 6.9335175e-07 4.9477007e-05 2.2929024e-08 1.4429613e-11 9.785531e-11 1.5841938e-07 1.4719327e-10 2.7459543e-10 4.882185e-10 4.0083865e-09 4.6488875e-09 5.350798e-12 2.637987e-08 8.8463945e-11 1.9772905e-13 1.5091692e-07 3.4294457e-12 2.5484187e-10 1.3772267e-08
0.16189453 0.00024465713 0.0007395724 0.024317404 0.82882124 0.027069421 0.03565547 0.9960156 0.10671623 0.0065777525 0.0010907935 0.9995072 6.6072305e-15 0.048753176 0.5852386 0.11106184 0.041154128 0.0005613864 0.04063506 0.059683587 0.06738284 1.0231304e-06 0.00069481466 0.00019775429 6.23776e-07 3.777858e-07 3.1397958e-05 0.002202962 0.02711562 0.00028838817 0.0014483503 3.887705e-05 0.01434877 1.3253571e-06 0.0004512761 0.0007452514 9.69241e-06 8.1608425e-07 7.947782e-08 2.180265e-06 1.2711764e-07 2.9157352e-05 7.485457e-08 0.0001767108 3.2138963e-08 1.8719335e-08 0.0029490532 4.372325e-06 0.006001264 2.232111e-08 8.942048e-09 0.0007681259 2.2218305e-09 2.8878409e-05 2.749678e-08 1.01959124e-07 0.00072122767 3.634494e-08 3.8078616e-09 1.5780846e-06 0.0006332973 2.2592452e-08 3.610489e-07 3.223123e-08 4.6072955e-08 2.5764177e-07 2.611725e-07 3.4693863e-09 6.015947e-09 1.9903052e-07 2.9877074e-09 4.4717613e-10 9.387104e-06 1.16680305e-07 4.839882e-07 0.00128269 1.19105586e-07 0.00015489335 0.00022598663 3.8628136e-09 1.6726734e-06 1.5527839e-07 2.517364e-07 8.44617e-05 4.881017e-08 4.8192863e-08 1.756213e-08 3.8129205e-05 3.1475587e-08 3.5224926e-07 1.6538618e-07 2.6337628e-09 4.6042956e-10 1.0045501e-07 1.315884e-09 4.9742755e-07 2.2700664e-11 3.917454e-08 1.5709267e-08 9.614018e-10 6.973294e-10
0.9584281 0.03963987 0.0035984484 0.7223811 0.0038007512 0.77932334 0.8206682 0.6175935 0.90859526 0.9040685 0.039060086 0.023945507 0.048753176 2.1446121e-11 0.002553348 0.08093209 0.96621716 0.8351806 0.9868556 0.24999195 0.0051159044 0.17564934 0.0956089 0.01786298 0.03219627 0.07883553 0.0016434856 0.0019524723 0.0024468105 0.0016147695 0.5482975 0.00044260678 0.00014434013 1.8011922e-05 0.39643818 1.3419739e-06 0.0022831406 8.879342e-05 1.0017566e-05 0.004158211 1.3006559e-06 0.02114915 3.5655887e-07 0.00017415873 1.761028e-06 1.249753e-08 0.312181 0.00029051452 1.9433732e-05 9.6663325e-06 7.7462363e-07 0.15734895 3.7942123e-06 3.8071607e-07 6.7479135e-07 2.1166237e-08 0.19554801 2.6772564e-06 1.1330309e-07 3.1935957e-07 0.24897198 5.4306263e-08 2.3885223e-06 4.827161e-08 8.349497e-07 1.9619691e-07 5.48397e-07 1.0858954e-08 5.0835705e-09 3.179929e-05 4.859909e-09 1.5771171e-08 0.0064709834 4.1603684e-08 1.1701532e-08 0.10988129 4.9450637e-07 0.036310818 0.00826181 5.0527724e-09 6.461603e-07 1.8113218e-06 0.00010589386 0.0040049083 6.394108e-08 5.4601543e-08 5.4316004e-08 0.0007519881 6.3909067e-10 6.0243144e-10 2.3198032e-07 2.2495145e-08 3.7867903e-10 3.1844975e-06 1.062128e-05 3.6431903e-08 8.424871e-10 0.000299485 2.66758e-09 6.635426e-09 7.431095e-06
0.14513 3.9284066e-07 1.5599506e-08 0.01510948 0.0012653299 7.3091705e-06 0.0004497569 0.13784985 0.0021420205 8.16958e-05 5.718751e-06 0.99978095 0.5852386 0.002553348 8.459945e-13 0.99969494 0.0015607068 0.042944733 0.0028516238 0.15574388 0.13193919 3.552524e-07 0.000593994 0.0006211717 1.890742e-06 2.8033547e-08 0.00032660153 0.004116113 0.00798824 9.000895e-05 0.0006280837 0.00018238735 0.0008240905 2.6791463e-08 5.7088582e-05 0.00012405905 1.9236063e-07 5.4391944e-06 5.1995335e-06 5.300669e-08 1.45678305e-05 0.00030480206 6.4237147e-06 5.7262634e-05 2.4648898e-06 8.4185467e-07 0.0027375144 3.288862e-05 0.0025957623 2.2525912e-06 7.3514983e-10 0.00029832483 3.940214e-07 1.6579455e-05 2.2016714e-06 1.108659e-06 5.717914e-05 6.741601e-06 8.819654e-06 2.4643257e-06 0.0007818194 1.9631258e-05 8.406243e-06 8.2100875e-08 8.096982e-08 2.2408303e-06 1.1724042e-06 1.1369857e-06 1.18312784e-07 9.927966e-06 6.607355e-08 3.8106992e-07 4.5679897e-08 9.810323e-07 1.1565101e-07 0.009667107 1.5387963e-06 0.00081862154 6.232789e-05 1.3392942e-06 4.597291e-05 1.2180749e-05 1.1306487e-05 2.5982996e-05 8.945447e-08 1.3853201e-08 9.1870564e-09 5.59498e-07 1.8220347e-09 6.500427e-08 6.0199183e-09 6.6418846e-07 2.9281523e-07 4.7457055e-10 6.0220145e-07 3.7302317e-09 5.556155e-12 2.2249892e-06 5.596855e-10 7.3085675e-09 6.785067e-08
0.8265704 1.3940898e-06 2.2125589e-07 0.0129385535 0.00082736963 1.8551844e-05 0.0010791639 0.14821728 0.026589187 0.00040806082 0.0001837358 0.24251409 0.11106184 0.08093209 0.99969494 5.0750154e-13 0.08373905 0.18960068 0.09195771 0.8281241 0.99628425 1.957507e-06 0.01066514 0.06696745 1.2243231e-05 1.9080917e-06 0.013548341 0.12857105 0.06509253 0.010594509 0.08603462 0.012248073 0.0078551145 4.994604e-08 0.0012463931 0.00057924865 7.7719056e-07 0.00044654147 0.0003111147 5.6726157e-07 0.00026897914 0.03483058 0.0001000848 0.00037852925 5.399718e-06 2.2125714e-05 0.15540877 0.00048058713 0.0056241252 0.00011085491 2.8233578e-09 0.028030813 7.101764e-06 7.177796e-05 3.5486287e-06 2.0472046e-06 0.0043051424 6.3417814e-05 2.8120905e-05 2.6482125e-05 0.10966019 5.6956378e-05 1.2874381e-05 1.16186406e-07 3.0269678e-07 9.5173855e-06 6.9572266e-08 1.1615676e-06 4.6460087e-08 0.00056115247 9.215545e-08 1.16314666e-07 3.2811175e-05 7.3895654e-07 1.0792594e-07 0.29901856 1.417818e-06 0.08034467 0.0085882405 1.4410857e-07 1.0571934e-05 2.2295484e-05 0.00057431567 0.0045772353 9.338961e-07 3.3419237e-08 2.0339229e-08 1.5868052e-05 2.060911e-08 8.347095e-08 6.2629106e-06 4.1090271e-07 1.0068289e-07 1.4602921e-09 6.132329e-06 1.5074861e-09 1.01243305e-10 0.00015407392 1.7312423e-08 2.3188333e-08 1.7862627e-06
0.9498832 0.00013445552 1.0750703e-05 0.12500957 0.0005878528 0.3539144 0.08157058 0.28631857 0.65464264 0.07992107 0.0023029584 0.01520331 0.041154128 0.96621716 0.0015607068 0.08373905 2.0421783e-13 0.9973376 0.93190986 0.54529977 0.013728807 0.019008838 0.33609504 0.17006177 0.016851408 0.039413206 0.018437676 0.0142436465 0.005252185 0.014892333 0.6514552 0.004304738 2.9795134e-05 9.64048e-06 0.11603837 3.2601554e-06 0.0008539568 0.00048220548 0.0002278001 0.0008522665 1.3791149e-05 0.09384352 1.3018895e-06 0.0005881671 1.6347161e-06 7.864527e-08 0.38633913 0.0003622124 5.4937325e-05 3.9889506e-05 5.1907538e-08 0.13090037 1.8027312e-06 2.1594865e-06 9.79529e-07 6.449508e-08 0.079834245 7.3855886e-06 1.2006768e-07 8.5654756e-07 0.19620067 1.6110559e-07 3.0336769e-06 4.1067394e-09 2.0373251e-07 2.93621e-06 9.082609e-08 2.4759803e-09 1.7287569e-09 4.3195298e-05 1.8145748e-09 1.8378142e-09 0.004726777 3.104191e-08 6.093296e-09 0.13865313 2.196269e-08 0.04097382 0.024095492 1.0167123e-09 2.5386328e-07 5.39427e-07 3.0315352e-05 0.0013454263 3.608811e-08 3.95257e-09 1.9342897e-08 3.2888398e-05 3.0208534e-11 4.3287024e-10 1.2493811e-08 6.4118373e-09 1.0849963e-09 7.115573e-08 4.5300476e-06 1.2971776e-08 5.8748974e-12 6.935806e-05 1.9631713e-10 6.4432676e-10 3.959956e-06
0.6710625 0.00010924508 1.7956873e-08 0.011147047 2.4682195e-05 0.13761115 0.11803986 0.008053268 0.5066155 0.016097777 3.9460097e-05 0.0131529765 0.0005613864 0.8351806 0.042944733 0.18960068 0.9973376 7.1214475e-13 0.7777798 0.938787 0.5330434 0.0007467106 0.96519196 0.47730222 0.0007577143 0.0029318423 0.83089995 0.7307888 0.051972676 0.050806277 0.29109597 0.046694577 0.00021503233 0.0018596129 0.0077378284 2.5633121e-06 0.0015987109 0.0005954843 8.5318956e-05 0.00076184917 0.00022017953 0.023121512 6.164987e-05 0.004428831 3.969558e-05 1.1459332e-05 0.08722539 0.0002805754 1.9777322e-07 5.0837556e-05 1.0972872e-06 0.011751053 6.6879506e-06 6.653508e-10 5.795599e-08 1.9254068e-07 0.002193085 5.3815043e-06 4.3756077e-06 1.1944639e-09 0.018040514 5.984555e-07 1.0380894e-08 3.536723e-08 1.27763e-07 1.0113696e-10 3.3768939e-07 9.083609e-09 1.34244225e-08 4.3487977e-05 2.6248463e-09 2.4970852e-09 0.0005575243 1.3165932e-07 2.0200705e-08 0.017191933 2.6654237e-09 0.0038377002 0.001533709 1.4811201e-09 2.0916314e-06 3.6022348e-07 0.00010956382 0.0015720321 9.331103e-10 1.016719e-07 1.952563e-09 6.1022467e-05 2.6659526e-09 9.772089e-10 3.295676e-12 1.4567446e-10 2.3196792e-11 7.543163e-07 5.710894e-07 2.7285103e-07 7.221831e-14 3.979857e-05 3.345943e-11 6.072186e-11 2.1468154e-06
0.99115396 0.011697256 0.000997766 0.3798546 0.002810758 0.3783779 0.46364495 0.46463567 0.79172647 0.59677815 0.019982511 0.022197016 0.04063506 0.9868556 0.0028516238 0.09195771 0.93190986 0.7777798 7.2034273e-13 0.330193 0.0036435677 0.444495 0.1741858 0.055238977 0.15858568 0.44612557 0.00057675026 0.0010657839 0.0020918024 0.0047436566 0.8875937 0.0006773614 0.00016908691 0.00010454733 0.5340893 1.43872385e-05 0.011908721 0.0001853295 4.400845e-05 0.015804246 1.3608948e-06 0.08592331 9.835282e-08 1.0748284e-05 3.4511768e-07 3.7015842e-09 0.7294314 0.00040636823 8.338897e-05 1.347331e-05 5.4906177e-08 0.5165664 7.2333194e-07 2.1067131e-05 3.787511e-07 5.2761147e-09 0.36556843 9.644154e-07 2.3389198e-08 7.4439646e-07 0.6397017 1.30440485e-08 2.273957e-06 1.229293e-09 1.632521e-08 5.1725e-06 1.9025596e-07 2.015078e-09 2.2557733e-09 2.8793844e-05 9.719372e-10 5.35344e-09 0.012632049 1.098738e-07 1.8279593e-09 0.35927418 1.2141072e-07 0.14659365 0.05463291 5.929296e-11 1.6769259e-07 2.7769417e-07 0.00011582172 0.0040339045 1.6374116e-07 8.8470237e-10 1.9483378e-08 0.00044765603 3.324995e-10 2.2518831e-09 6.5233024e-07 3.110881e-09 3.56466e-11 2.0501811e-07 3.082019e-05 2.3507616e-09 2.0323503e-10 0.00022148232 2.5785438e-09 1.3672757e-08 2.5148158e-05
0.9748193 3.0369217e-06 3.8789864e-07 0.0033220798 4.0722593e-05 0.00088609697 0.00617434 0.038672525 0.038120374 0.0009956468 0.00010533827 0.032606643 0.059683587 0.24999195 0.15574388 0.8281241 0.54529977 0.938787 0.330193 1.8035707e-13 0.9979034 1.0071487e-05 0.46312395 0.57791096 0.0005953327 0.00014821991 0.55817467 0.9072603 0.6695981 0.18125525 0.46334195 0.20136437 0.036982857 1.6473718e-05 0.023260804 0.0013236626 2.3951223e-05 0.026481187 0.014864758 5.2190726e-06 0.0015705471 0.50599456 0.0020412412 0.013089111 0.0006430915 0.00012626147 0.37571234 0.031441405 0.004657304 0.0036855293 4.9585225e-07 0.11477776 0.00070872443 5.3530475e-05 1.5002265e-05 4.7496865e-06 0.02851977 0.00022184338 5.5854638e-05 0.0002369198 0.19569941 1.4619784e-05 4.8974372e-05 1.1844685e-06 2.3607367e-05 1.4709415e-05 6.4256113e-07 7.234354e-07 1.7523924e-07 0.0033583378 3.5224525e-07 1.7724625e-07 0.00020713366 8.776711e-06 2.3866747e-07 0.4545144 1.36784765e-05 0.19386515 0.08428135 9.4866435e-09 6.108751e-05 5.960661e-05 0.0017283517 0.032657143 1.9838537e-06 2.7283477e-08 1.6290467e-06 0.00018647604 2.9125198e-07 4.1624716e-08 1.6850948e-06 5.6081024e-08 1.8017968e-09 6.847611e-09 0.00027209372 8.062335e-09 1.6927337e-10 0.00235647 8.955207e-09 3.8499413e-09 0.00045117395
0.7379276 1.0636748e-07 7.231567e-09 0.0010491499 2.7296557e-05 2.404015e-05 0.0005109906 0.026479771 0.0026894335 0.00014456097 2.2909737e-05 0.020295579 0.06738284 0.0051159044 0.13193919 0.99628425 0.013728807 0.5330434 0.0036435677 0.9979034 4.1648017e-14 1.0018899e-06 0.04818245 0.06182217 2.396667e-05 2.3682062e-06 0.13143614 0.8173605 0.8723083 0.01723958 0.023489177 0.060819507 0.11214621 4.1050322e-07 0.0007100463 0.006033458 1.7516047e-06 0.0069015953 0.004271356 3.6540447e-07 0.0011157187 0.05772644 0.0019829308 0.1708159 0.0010848676 8.368142e-05 0.059015606 0.0024140875 0.009708136 0.0005791879 1.8174723e-07 0.009971287 3.42369e-05 0.00013195217 0.00019381048 4.1712086e-05 0.001084006 6.3329935e-05 1.5085176e-05 0.00025947127 0.008422839 5.5085443e-06 0.00048036582 9.19367e-06 3.7255995e-05 4.8248996e-05 1.3448264e-05 2.2922488e-06 6.302386e-07 0.00035658418 8.942222e-08 4.0102682e-07 7.057231e-06 1.3465462e-05 2.3048358e-06 0.047873877 3.1610885e-05 0.011337738 0.0047457293 2.2365549e-07 2.0905438e-05 1.9424015e-06 4.7673373e-05 0.0013978604 1.8378205e-06 1.8904976e-07 1.9941517e-06 1.8078677e-05 2.2831239e-07 3.3443163e-07 6.246459e-06 2.0443172e-06 4.1446626e-08 1.1898235e-08 4.2171024e-07 2.0375767e-08 2.8075897e-10 6.146109e-05 4.0616918e-08 1.1589209e-08 3.589276e-07
0.9323285 0.00042091572 3.7985264e-05 0.0011353447 2.8243662e-06 0.15236932 0.037620813 0.00012786388 0.014097904 0.23668037 0.45681873 1.3190798e-06 1.0231304e-06 0.17564934 3.552524e-07 1.957507e-06 0.019008838 0.0007467106 0.444495 1.0071487e-05 1.0018899e-06 5.3530697e-10 0.0028159781 0.0007765624 0.99901956 0.0063379845 2.1193744e-05 3.644803e-06 7.055932e-08 0.0053502303 0.34730223 0.00066817895 4.0522496e-09 0.00044533194 0.9646921 7.3081066e-09 0.022454238 0.0012067294 0.000306726 0.115221635 1.7051265e-05 0.047965266 1.04932e-06 1.8311803e-05 5.9042293e-08 6.95463e-07 0.1742079 0.002841043 1.0290344e-09 0.00022732504 1.3079075e-06 0.4958051 4.7894435e-05 1.3573374e-11 3.637077e-10 3.3518546e-09 0.97949207 3.0361645e-05 6.6971093e-06 1.8965327e-09 0.5617203 1.0297306e-05 1.4856973e-10 7.441328e-08 8.0169336e-08 2.73159e-09 7.0225276e-08 5.4014127e-08 2.2247407e-08 0.00090143265 3.6226176e-08 6.6611584e-08 0.71958625 2.3649593e-09 3.7505425e-09 0.29934052 4.2467516e-10 0.07648839 0.12225973 8.496298e-09 3.302172e-05 1.183068e-05 0.00061939267 0.01754703 3.8413375e-09 5.5662883e-07 3.4232656e-07 0.0021015932 1.6259516e-08 8.213933e-10 2.5739186e-10 3.325039e-10 1.265859e-10 7.723377e-05 4.857444e-05 2.6461942e-06 1.2367322e-12 0.00059042266 3.5558273e-10 4.0139927e-10 7.59523e-05
0.8125244 4.224928e-05 5.8895138e-09 0.0019702597 7.548542e-08 0.0069617643 0.002888101 0.0007531935 0.0047042733 0.0048966715 6.003173e-05 0.00015047281 0.00069481466 0.0956089 0.000593994 0.01066514 0.33609504 0.96519196 0.1741858 0.46312395 0.04818245 0.0028159781 4.091865e-14 0.9955218 0.0037442658 0.8051223 0.9733612 0.611277 0.010467668 0.6879532 0.49008006 0.8355355 0.00016860788 0.21708848 0.004799807 2.4155748e-05 0.019459777 0.08166772 0.027217526 0.0060460316 0.054934826 0.404369 0.015364862 0.15015756 0.0040391786 0.0026096336 0.15275575 0.033900153 4.83111e-07 0.00756276 0.007617334 0.07091626 0.00096205785 6.757206e-09 4.4987833e-06 2.1126916e-06 0.0060447 0.0004613632 1.18405915e-05 1.0294255e-08 0.04051099 8.866721e-06 3.2924156e-08 3.7053583e-06 2.3333847e-05 2.7244528e-08 8.831496e-06 6.1039924e-07 1.02916296e-07 0.00068982755 2.208868e-08 2.4703256e-08 0.00031540467 5.1379305e-07 1.5977413e-07 0.060953792 2.244206e-07 0.027355261 0.05872579 1.1956109e-08 3.3894936e-05 2.331494e-05 0.0004941618 0.01068914 1.71444e-09 2.910257e-07 2.5795129e-07 0.00041195372 3.1151817e-08 2.5357847e-09 8.4828855e-10 6.770442e-09 2.9164873e-10 1.5400824e-06 3.2987991e-06 1.5814096e-06 7.955421e-13 0.00019200884 1.4244064e-09 8.41249e-10 1.7331497e-05
0.97335446 3.6426645e-05 6.93575e-08 0.00090754975 1.2590193e-06 0.001050493 0.00039350966 0.0018918011 0.001912136 0.00018646235 8.270126e-06 0.0007827993 0.00019775429 0.01786298 0.0006211717 0.06696745 0.17006177 0.47730222 0.055238977 0.57791096 0.06182217 0.0007765624 0.9955218 2.0156739e-13 0.0038016955 0.84931636 0.72225255 0.30320513 0.2107978 0.74248797 0.7827593 0.89852715 0.022825995 0.19300069 0.008505683 0.0007181291 0.059340563 0.513096 0.24071093 0.0037129477 0.0048956326 0.7783154 0.0010747337 0.03868266 0.0028734098 0.00015316693 0.48193407 0.3561431 0.0018458498 0.087735556 0.001678106 0.33886373 0.010263423 3.7182734e-05 0.0009014559 9.276002e-05 0.019937754 0.0017503827 7.0699787e-07 0.00043977992 0.22667745 1.6813498e-06 0.001073655 1.6056523e-05 0.0007487468 2.3908504e-05 4.5655837e-05 3.3000638e-06 5.8887116e-07 0.00255075 2.1813078e-07 7.738036e-08 0.0020190529 7.992038e-05 1.0239992e-06 0.25460726 0.00039576457 0.16022168 0.41975346 3.642433e-08 4.065062e-05 1.1938559e-05 0.001057195 0.05802645 1.1611706e-05 4.898887e-08 8.136479e-07 0.0020218005 8.650361e-10 4.8484488e-08 8.3108876e-07 4.544411e-07 5.6014476e-10 8.846108e-07 0.00011983599 6.0025286e-08 1.947968e-10 0.004657255 1.2079354e-07 3.2358414e-09 0.000979126
0.83354056 0.0070010936 0.0002859456 0.00080690975 2.5500506e-06 0.09959603 0.010199397 0.0010830848 0.0059495186 0.22952913 0.32771042 9.816626e-06 6.23776e-07 0.03219627 1.890742e-06 1.2243231e-05 0.016851408 0.0007577143 0.15858568 0.0005953327 2.396667e-05 0.99901956 0.0037442658 0.0038016955 1.5466572e-08 0.05384622 0.0002171469 5.960883e-05 2.7732403e-06 0.0028084016 0.1289619 0.000516468 3.8913987e-07 0.0018130355 0.97440505 1.731065e-07 0.11761702 0.0008543958 0.00027461015 0.49678305 0.00010740737 0.009574714 1.1556337e-05 7.598885e-06 1.4736646e-06 4.323175e-06 0.034608703 0.0010972783 1.9263489e-07 0.00034112387 3.1313793e-06 0.17298669 3.515992e-05 5.5194795e-09 1.974662e-07 1.5554221e-07 0.93409693 1.8371906e-05 6.348083e-06 2.7368523e-09 0.33165285 2.5623906e-06 7.1799214e-08 2.5277939e-06 1.550021e-08 3.4860776e-08 2.8326233e-06 7.723627e-07 1.4151655e-07 0.00022766198 1.4575221e-07 1.3751599e-06 0.8671229 1.1945533e-08 4.4418545e-07 0.13243966 4.2838835e-07 0.045948945 0.18852867 4.29481e-07 6.320549e-06 1.1211601e-05 0.00026141183 0.008230483 1.1840444e-07 3.6782552e-08 3.747706e-06 0.003366592 1.4606646e-10 1.5433654e-08 1.7128736e-10 1.5693153e-08 1.7871068e-09 5.291081e-05 1.5500396e-05 1.227265e-06 2.2312848e-12 3.983438e-05 2.5739994e-12 9.21253e-10 8.12614e-06
0.95806587 3.220573e-06 2.7212987e-09 0.00010208177 8.741426e-08 0.005412461 0.00023844327 1.4347489e-05 0.00041290087 0.004487809 5.0334627e-05 6.860828e-09 3.777858e-07 0.07883553 2.8033547e-08 1.9080917e-06 0.039413206 0.0029318423 0.44612557 0.00014821991 2.3682062e-06 0.0063379845 0.8051223 0.84931636 0.05384622 1.475473e-12 0.027433336 0.00017124934 3.5130086e-07 0.9827648 0.9876188 0.93255275 5.132646e-09 0.7771314 0.060156025 7.213466e-09 0.41573754 0.32135418 0.09754287 0.13510428 0.0028548797 0.76673883 5.65049e-05 0.00021727697 6.7854904e-07 2.7607472e-05 0.5769245 0.045271967 1.014041e-10 0.011904917 1.588095e-05 0.29242224 0.001126278 2.191622e-10 9.688523e-09 8.8719396e-08 0.04503964 0.0003463464 2.644225e-05 2.1334476e-09 0.30319688 8.635427e-06 1.861433e-09 3.598432e-08 1.0370569e-07 1.2209603e-09 1.4932309e-07 4.9890726e-08 4.5700963e-09 0.00095874956 2.639108e-09 2.8045525e-08 0.04243898 1.2699526e-07 6.0646485e-08 0.21281953 7.1560327e-09 0.070982575 0.037462834 3.4675736e-09 2.7278524e-05 1.0678848e-05 0.0003847914 0.005039304 1.8894017e-09 2.3441498e-06 2.0965733e-07 0.00037911217 2.4019549e-09 4.4411277e-10 1.0458544e-11 4.0773904e-10 5.310302e-12 7.375274e-05 1.5367674e-05 2.6824523e-06 1.27813486e-14 0.00053850136 2.564911e-10 5.009413e-11 2.4630886e-05
0.9429258 1.228881e-08 7.6448886e-10 4.2144893e-05 6.234669e-08 2.7702245e-06 0.00020546117 0.0012290312 0.00032457706 7.7681565e-05 1.0488496e-06 0.00023368087 3.1397958e-05 0.0016434856 0.00032660153 0.013548341 0.018437676 0.83089995 0.00057675026 0.55817467 0.13143614 2.1193744e-05 0.9733612 0.72225255 0.0002171469 0.027433336 9.801147e-11 0.9813709 0.5210969 0.5379499 0.10915081 0.9065684 0.064142376 0.2141712 0.000489918 0.0056923125 0.0012881734 0.3914741 0.4654212 3.806504e-05 0.3925619 0.6730239 0.4305229 0.7266987 0.15284719 0.18297671 0.087188095 0.2691233 0.0105587095 0.11353303 0.018876448 0.03128503 0.08812129 0.00029861543 0.03465216 0.008038633 0.001007968 0.03867303 0.0016589089 0.00402129 0.011118483 0.0005890776 0.016742695 0.005988213 0.006938731 0.0006376285 0.0034336338 0.00071838015 0.00020120532 0.011182796 0.00017371964 2.6942751e-05 9.769691e-05 0.0018331332 0.0009984352 0.01920317 0.0059844498 0.018591285 0.069656044 2.513642e-06 0.0007576674 0.00028700783 0.0025019927 0.021666782 0.00029970126 5.3347718e-05 0.00015660594 0.00031691103 1.493018e-06 3.4870103e-05 4.1599124e-06 1.9725016e-05 1.7854273e-07 5.3175654e-06 0.00048703628 2.3484853e-07 2.4170979e-09 0.0014716889 6.498429e-07 7.1022066e-07 0.0005913285
0.9477453 1.80297e-08 1.0949237e-08 5.9078204e-05 7.075688e-08 1.5465642e-06 0.00026429482 0.00082200504 0.0004983248 8.005998e-05 1.9118422e-06 0.00017213532 0.002202962 0.0019524723 0.004116113 0.12857105 0.0142436465 0.7307888 0.0010657839 0.9072603 0.8173605 3.644803e-06 0.611277 0.30320513 5.960883e-05 0.00017124934 0.9813709 4.8329184e-12 0.9837718 0.18149562 0.029854754 0.67657226 0.34892574 0.00060260337 0.0007316026 0.12617318 1.8328734e-05 0.12829076 0.20275691 1.2410153e-06 0.08019283 0.49109253 0.30570912 0.916748 0.31374726 0.070496924 0.050270084 0.054794155 0.08629904 0.04154739 0.00051043055 0.0101204775 0.02648238 0.0056839692 0.10595776 0.021340275 0.0011247753 0.011184583 0.0013321677 0.06175739 0.0036940642 0.0015413556 0.064820714 0.0060623833 0.034478262 0.0060749594 0.004453303 0.0016218177 0.00032808565 0.0045377295 0.00022359547 9.319752e-05 1.1015403e-05 0.0012140484 0.0045268675 0.020774107 0.024735743 0.020956688 0.039004207 4.3270643e-06 0.0014111405 0.0007001827 0.004283065 0.047656264 0.0014372381 2.6560152e-05 0.000110487184 3.1672138e-05 4.255369e-05 6.3729014e-05 1.9440367e-05 7.1657174e-05 1.3244347e-06 1.8074945e-06 0.00025245923 5.627639e-07 7.0296395e-09 0.0008992226 6.24127e-07 9.5014195e-07 0.0002844524
0.95100915 1.246409e-07 8.7237675e-09 6.148976e-05 3.6981086e-07 7.606553e-05 0.0003750395 0.0015731577 0.0010430021 0.00026578107 3.5131496e-05 0.00037325488 0.02711562 0.0024468105 0.00798824 0.06509253 0.005252185 0.051972676 0.0020918024 0.6695981 0.8723083 7.055932e-08 0.010467668 0.2107978 2.7732403e-06 3.5130086e-07 0.5210969 0.9837718 3.7659504e-15 0.061793644 0.029648185 0.41769323 0.99894 1.1866043e-06 0.00081872265 0.095890395 2.5471059e-07 0.035155114 0.046746526 1.0941205e-07 0.008780966 0.26895282 0.018200692 0.64321464 0.024488335 0.004319707 0.13819332 0.0123944115 0.02655021 0.00822676 1.6871496e-08 0.020915225 0.0014788677 0.0011028985 0.014795886 0.00470636 0.009913307 0.00044728394 4.6421228e-05 0.0076326076 0.014884489 7.4992655e-05 0.008485076 1.7359263e-06 0.008153854 0.0019151554 3.6187488e-05 2.2725773e-05 1.5895655e-06 0.0012923706 2.6352305e-07 3.1023887e-06 4.0434214e-05 1.2471094e-05 5.676231e-05 0.08467562 0.00040139453 0.07039429 0.023238806 7.854124e-08 9.4190684e-05 2.9855491e-05 0.0013405567 0.024263179 0.0001263976 1.1829349e-09 1.4317446e-07 3.4594302e-06 1.7873175e-06 4.852108e-06 3.1438347e-05 1.4721415e-05 5.68707e-08 3.4784637e-09 1.99881e-05 8.668963e-09 1.858127e-09 0.00066004903 3.450679e-08 8.7742e-08 1.9832873e-05
0.94351745 1.691274e-06 3.9567887e-08 0.0015684919 6.4116946e-08 4.2045773e-05 8.2665734e-05 0.004629651 0.0008359261 0.00019102257 2.4184135e-06 0.00018944133 0.00028838817 0.0016147695 9.000895e-05 0.010594509 0.014892333 0.050806277 0.0047436566 0.18125525 0.01723958 0.0053502303 0.6879532 0.74248797 0.0028084016 0.9827648 0.5379499 0.18149562 0.061793644 4.9196367e-12 0.52582055 0.96693087 0.0047942237 0.93970174 0.0009977098 0.0002797362 0.29675168 0.78431165 0.27422056 0.02020671 0.014149653 0.7140833 0.002939142 0.015458745 0.0069680247 0.00080927764 0.16444328 0.44152543 0.00021442924 0.061184965 0.0049370276 0.13979259 0.012304509 2.2225313e-06 0.0068074088 0.0008223108 0.005277553 0.002244614 1.5865073e-05 0.0007274401 0.10742993 1.5807786e-05 0.015014733 2.8702136e-05 0.0014512385 0.00037566127 0.00027592876 1.47997225e-05 7.65737e-07 0.0026468846 1.2486928e-06 5.5719073e-07 0.003577265 9.368988e-05 6.203257e-05 0.13198936 0.0052837953 0.055922557 0.2870568 1.8424245e-07 3.9805025e-05 3.4766603e-05 0.0005201654 0.01991865 0.00039896506 2.246493e-07 4.623414e-06 0.0036297436 1.3892927e-07 9.481528e-08 2.0202285e-06 2.2285407e-07 8.425534e-09 4.6065666e-06 0.00013998106 2.5140665e-08 2.9651795e-10 0.0012005751 5.0851616e-09 4.0159476e-09 0.00046884478
