2.032677e-09 0.0027555022 0.06908964 0.11661165 0.4446162 0.08113537 0.34776613 0.30073276 0.9922619 0.51837796 0.55933875 0.9692984 0.28206006 0.9601087 0.30736282 0.88160545 0.94836944 0.9518055 0.90309036 0.12709254 0.08235658 0.5235691 0.76033276 0.8687972 0.927879 0.8804282 0.8204382 0.94858634 0.97145474 0.95244265 0.976653 0.9349033 0.96877444 0.9650221 0.93337864 0.92511433 0.9311169 0.98859376 0.9027762 0.9154744 0.94200194 0.9304125 0.977635 0.9681503 0.86133343 0.94970006 0.8913255 0.8807362 0.9162081 0.97448534 0.8574699 0.6484753 0.97007406 0.94743013 0.9814515 0.854888 0.9601964 0.8831437 0.96485114 0.9566805 0.9720653 0.9015278 0.9532118 0.9148098 0.79150736 0.98421293 0.9915403 0.9742911 0.6476659 0.87039673 0.9904425 0.94408894 0.9466361 0.0062311427 0.97886443 0.99514633 0.99842596 0.9995036 0.86013126 0.31707966 0.99538505 0.99343324 0.9983172 0.91890436 0.7815857 0.98930264 0.5029969 0.9803021 0.88716316 0.86069316 0.72017175 0.91826266 0.9794643 0.82729465 0.5648687 0.31733587 1.089408e-05 0.07875507 0.8763657 0.9996649 0.9998441
0.0027555022 3.0382156e-16 0.9999943 0.9942119 0.91376185 0.10316728 0.0142153455 0.036686357 0.53796935 0.00019087926 0.0007438536 0.0025921504 0.09211025 1.1616347e-05 7.219681e-05 2.1178619e-06 1.6075437e-06 9.256366e-05 1.0098725e-05 1.5609679e-07 7.200022e-07 5.7737864e-08 7.829449e-07 1.3154902e-07 7.74247e-07 3.105192e-08 7.4344335e-08 1.4134814e-08 3.1468907e-09 2.815474e-09 3.6942347e-07 3.1595043e-06 2.9391597e-10 1.460915e-07 2.506207e-10 1.2889407e-07 6.9621744e-09 5.2820637e-10 3.3530997e-10 4.7289586e-08 5.4679206e-11 1.0035714e-07 2.5736034e-07 1.8636248e-09 4.4048814e-12 3.3212842e-08 3.10563e-08 4.5246026e-10 4.3695547e-07 1.8258442e-07 7.626717e-07 0.0007617308 1.9672976e-07 6.1078063e-09 1.6852585e-08 3.997812e-09 2.765333e-10 3.7290063e-10 8.2977836e-10 4.0933412e-10 1.9988051e-06 7.4659295e-10 1.0430835e-07 5.1800248e-11 1.6617906e-09 4.9063003e-09 2.11673e-07 2.5270524e-11 2.843706e-07 4.6738884e-09 6.7881444e-07 1.3709525e-08 2.917528e-06 4.4596002e-09 9.928349e-09 2.1149448e-08 2.3108507e-08 1.1849667e-06 3.085183e-09 7.0621777e-12 7.490602e-11 1.1944564e-06 3.7968633e-07 3.6612724e-09 2.2952498e-10 3.3994688e-08 2.0599773e-10 5.2460758e-11 1.0183525e-12 1.1395067e-07 1.6954951e-08 5.1988236e-10 8.618341e-11 3.5508793e-10 1.5391617e-08 1.4370788e-10 7.0748275e-11 8.741113e-11 2.647462e-09 1.9231818e-06 3.3906233e-06
0.06908964 0.9999943 6.490342e-08 0.17535697 4.3896827e-05 0.9989357 0.004550624 0.0036583256 0.51304114 1.6455739e-05 6.24534e-06 0.034177873 4.5528526e-05 2.960906e-05 1.7089991e-07 1.9754052e-06 4.3046757e-07 0.0046100323 0.0042918953 2.1983635e-09 1.7397553e-09 5.4201204e-09 5.377387e-07 1.45048835e-08 3.674292e-05 2.5394603e-11 1.5241197e-08 3.292328e-08 3.5874586e-09 2.7584637e-10 3.9700105e-08 5.597483e-07 3.83763e-10 1.2998598e-06 4.5979527e-09 1.7064058e-06 1.5317376e-08 5.392287e-10 1.6078602e-09 0.0019271467 6.8885016e-11 1.8172645e-05 0.002891495 1.02348165e-08 2.2354234e-10 4.9833616e-06 1.3807935e-08 5.3180336e-09 3.4443858e-08 1.8108563e-05 3.4773446e-08 5.567398e-07 0.0006462593 1.3686506e-08 2.6778983e-09 3.735101e-09 5.31206e-10 4.9827525e-10 1.2602386e-10 4.784891e-09 1.2758572e-05 3.0602691e-09 5.018082e-09 1.4350908e-09 4.5556559e-10 4.3828137e-09 7.2735893e-06 6.851628e-11 8.2069405e-08 1.9424335e-09 2.4251356e-05 1.5481675e-09 0.00065665616 5.8091393e-10 2.4244777e-08 1.6685047e-09 1.795755e-09 0.00034514014 1.3073613e-08 2.3585469e-11 5.983299e-09 1.692104e-05 3.9534545e-08 2.8834892e-09 2.5383964e-10 2.041751e-08 2.3002253e-09 1.3587168e-09 3.4210978e-11 5.0886637e-09 4.9443845e-09 3.2027864e-10 3.643008e-09 2.0645274e-11 5.398114e-09 6.256686e-11 1.2438362e-12 7.757088e-11 2.5789275e-09 2.9267662e-06 0.00011720364
0.11661165 0.9942119 0.17535697 1.2163943e-10 0.99916613 0.024297005 0.04687044 0.8926281 0.0003123294 0.014563809 0.037051935 0.040175006 0.0078192605 0.010725226 0.00863376 2.0812688e-06 0.0011449802 0.0011249115 0.00016424905 3.837757e-05 0.00010068803 0.0002169815 2.7680007e-06 0.0003283298 0.00080728304 2.3264379e-06 5.135707e-05 1.4198279e-05 1.8050036e-06 3.5228606e-08 5.827115e-05 0.00041922173 4.372979e-08 0.00012746309 8.947422e-09 1.6250348e-07 1.7572557e-07 1.3874092e-08 6.89473e-06 0.000113465256 6.71459e-09 0.00018138354 0.00058509316 7.233654e-08 8.298222e-11 4.5251276e-05 1.6223483e-07 1.3733439e-09 1.2549724e-06 0.00013834365 1.8013856e-06 0.0005182744 0.00016111998 5.4727786e-07 1.2378745e-08 2.9073869e-08 5.773511e-08 9.839893e-09 4.530382e-09 3.3469245e-08 7.018976e-05 1.7755686e-09 2.5311497e-06 2.2987264e-08 7.0608114e-10 3.350489e-08 3.7590762e-05 8.229739e-10 5.080329e-05 1.4575706e-09 0.00021884394 1.1587727e-08 0.00013222224 1.2888066e-07 2.493247e-07 1.6885275e-08 8.0914404e-08 0.0002514901 5.5493985e-08 1.9643774e-10 4.7273323e-09 0.00010207204 5.400076e-07 7.180004e-08 1.6124823e-09 3.6514898e-08 4.8252556e-08 1.0718465e-09 3.163739e-11 1.2980808e-08 1.3387506e-07 3.718494e-10 1.7066457e-09 5.7023546e-11 1.2083945e-08 1.5284769e-09 3.0111693e-09 1.3967228e-07 9.122989e-09 5.6759436e-05 0.00027170428
0.4446162 0.91376185 4.3896827e-05 0.99916613 1.9832587e-09 0.001590848 0.00010425909 0.29600656 0.00016970809 0.00093401823 0.012444405 0.032323558 0.9966229 0.048197284 0.060525596 2.921065e-07 0.0065492378 3.7652117e-05 6.0197755e-05 0.0005136427 0.0056527667 0.00025872752 5.381491e-07 0.0011649969 0.00078343524 8.098045e-05 0.00028031305 4.851379e-05 8.419385e-06 3.7123934e-06 0.0002985827 0.00071722874 4.5864394e-07 0.00036314127 7.463901e-08 6.190046e-08 1.4640057e-07 4.3456592e-07 4.1781954e-07 5.3451866e-05 1.0433635e-08 0.00016851349 0.0006516532 2.5706916e-07 1.689896e-09 6.0559367e-05 2.143077e-05 9.058885e-09 0.00014227361 0.0007670289 1.26482655e-05 0.011998014 0.001303742 2.5317845e-06 3.548228e-07 1.4222231e-06 2.1795674e-07 6.4487614e-07 2.4525784e-07 1.3500578e-07 0.0004424768 2.845378e-08 7.0705585e-07 4.2461988e-07 5.384264e-07 8.767016e-06 0.0001412743 8.130359e-09 6.1952846e-06 2.7561958e-07 0.0025306742 4.774555e-08 0.00011629511 1.4506925e-07 1.3929283e-06 8.96559e-07 4.648265e-06 0.0004835859 1.2009139e-07 1.3759657e-09 1.0042722e-07 0.00035095547 3.722657e-06 8.9556517e-07 5.1015334e-08 9.909496e-07 1.4056411e-07 9.798635e-09 1.492951e-08 2.2860925e-06 2.5595184e-06 6.036213e-08 5.001868e-08 1.7660753e-08 5.790735e-07 2.8596384e-08 1.2836425e-09 1.822623e-08 5.3063037e-08 0.00012714778 0.00022355473
0.08113537 0.10316728 0.9989357 0.024297005 0.001590848 9.556898e-15 0.43473196 0.0040251445 0.9998558 0.005057491 0.00040811626 0.7912926 4.628185e-05 0.0002579859 6.469841e-07 0.12195138 5.873333e-05 0.25291055 0.19764885 6.229356e-08 1.7822606e-08 8.930731e-07 0.007213498 1.4538564e-06 0.013216747 6.3635996e-10 1.9780245e-07 6.274859e-07 2.3488795e-07 1.6369758e-09 2.4303195e-05 0.00037273427 2.2716278e-09 0.00021209443 6.085634e-08 0.0025440427 8.292203e-07 1.858603e-08 3.2692187e-06 0.012078405 3.6134513e-09 0.0010925488 0.0072158095 7.430251e-08 2.0554014e-10 0.00037766495 1.3092528e-08 9.187867e-08 4.4305473e-08 0.00016163061 5.056217e-08 2.7168701e-07 0.0030696816 6.4608976e-08 2.0987828e-08 1.3706327e-09 1.5888206e-07 3.779901e-09 1.8034266e-09 5.562486e-08 0.0001480199 2.2621114e-09 1.08864995e-07 7.929305e-09 7.632679e-10 7.893682e-08 8.282917e-05 2.788e-10 2.3708592e-08 4.3443805e-08 0.00012806256 4.2897628e-09 0.0016775397 3.9950695e-12 6.5539945e-07 7.5139226e-08 1.08214316e-07 0.00040862412 6.9632633e-09 2.1662075e-11 5.0749875e-09 8.057632e-05 1.5343057e-05 2.6140068e-11 4.987775e-13 1.2730028e-08 1.3501979e-11 6.8502235e-09 1.5717365e-11 3.5820673e-11 1.6849082e-08 1.0670555e-08 2.394001e-09 2.3580726e-09 3.2872105e-10 8.761168e-13 2.9854174e-13 8.024368e-12 4.798951e-08 6.636249e-05 0.00016910175
0.34776613 0.0142153455 0.004550624 0.04687044 0.00010425909 0.43473196 2.9938427e-11 0.7915169 0.009370062 0.9988411 0.39452964 0.99134916 1.4268743e-07 0.42019162 3.5463486e-08 0.0008031146 0.010891693 0.2432994 0.009216676 1.0314322e-08 1.0903404e-09 2.9116102e-08 0.0077018747 0.0027607656 0.36749288 1.1416843e-09 4.5926154e-05 7.256264e-07 4.465427e-05 2.0130221e-10 0.0022718874 0.06635201 2.6353007e-07 0.008187855 0.000677627 0.00043847205 9.810913e-05 8.1795415e-09 0.00079468545 0.01717265 1.0076819e-07 0.061116092 0.01295447 1.8645503e-08 8.568478e-06 0.0156026855 3.7043616e-08 5.850826e-05 2.2950203e-06 0.013801197 4.757245e-09 5.1569424e-09 0.0102444915 4.1060266e-05 2.9020668e-09 6.9052284e-09 3.6743393e-06 2.5467437e-09 1.0371844e-09 4.4962728e-10 0.0076299007 3.4061048e-10 6.5182646e-09 4.4385276e-10 1.4584439e-09 1.9203757e-08 0.0015340236 6.260506e-11 3.3008583e-09 1.3136127e-08 0.005384829 5.372627e-10 0.0046453895 4.701588e-09 0.0002453918 4.0793475e-06 1.7315242e-05 0.0007087542 2.3554698e-09 1.04284235e-08 6.732185e-07 0.0014049858 0.00029253738 9.1633207e-10 5.4460453e-10 1.8928491e-10 2.7311825e-10 8.732361e-08 2.9414085e-10 6.3506346e-11 3.7201242e-11 1.2899587e-11 4.2076068e-10 1.08234125e-11 2.1274121e-10 3.3785204e-11 1.2688611e-10 2.3466806e-09 9.994506e-09 0.0009521472 0.0017049379
0.30073276 0.036686357 0.0036583256 0.8926281 0.29600656 0.0040251445 0.7915169 1.3313692e-10 4.9207003e-05 0.9852608 0.99947035 0.08577549 0.28835055 0.2990379 0.47361618 9.324389e-06 0.42431405 0.0015201649 1.215952e-05 0.016696263 0.0042592892 0.12675638 0.0036484061 0.29298273 0.0052102483 0.0008866985 0.013849077 0.0016148926 0.00037736684 8.322289e-06 0.0035050996 0.016374664 4.2141757e-05 0.00882965 3.5350924e-05 3.8038695e-07 4.2895645e-06 5.68004e-06 0.00028372114 0.00012158205 5.359616e-07 0.0044465577 0.00034542955 2.3549096e-06 4.0425692e-07 0.0023729596 0.00035303272 1.692415e-07 6.598844e-05 0.008731501 0.00035108082 0.007694115 0.00041627281 6.9676053e-06 5.486517e-07 9.513152e-07 2.9989624e-06 1.3469956e-07 3.053699e-08 6.9415034e-07 0.003175274 2.953427e-07 6.005248e-06 4.116338e-07 6.146372e-07 3.9110577e-07 0.0010667006 8.87869e-09 2.6612637e-05 4.2668123e-07 0.004268717 1.2443277e-06 0.00033352443 4.8583818e-08 3.027892e-05 1.1367163e-05 2.2082015e-05 0.00015648217 1.3991266e-07 3.4618292e-10 1.78799e-07 0.0014385202 0.00020096138 3.2827636e-09 2.6778357e-10 2.4580492e-08 1.756474e-08 5.815151e-09 2.7264044e-10 1.4467141e-08 1.793809e-07 2.2008304e-09 1.5466455e-08 5.5798278e-08 3.5684003e-08 7.811753e-12 3.1668088e-09 5.959404e-09 1.5861681e-07 0.0012515356 0.0010106694
0.9922619 0.53796935 0.51304114 0.0003123294 0.00016970809 0.9998558 0.009370062 4.9207003e-05 1.571241e-12 8.415472e-05 5.421814e-06 0.35523826 6.196821e-06 2.8957942e-05 2.9470383e-08 0.22903477 6.028537e-07 0.3821647 0.74824315 2.7356014e-08 2.756084e-08 2.0428702e-07 0.00025429617 1.3712919e-07 0.0022373027 3.3125863e-11 1.6841429e-07 2.0302998e-07 1.9263371e-08 8.139215e-10 4.401621e-07 7.4668744e-05 1.4737651e-09 3.5783905e-05 1.16444866e-07 0.4627369 1.0349343e-06 1.5920982e-09 3.5277858e-06 0.6495984 4.1795722e-10 0.009199398 0.74006385 1.671994e-08 1.3933434e-09 0.003596678 1.4457729e-07 5.137587e-07 3.640903e-07 0.0023736174 1.4998323e-08 8.926771e-07 0.5429345 3.6041676e-08 9.2638053e-10 4.4503046e-09 7.3287105e-09 3.5138978e-10 1.4766287e-10 8.7569707e-10 0.0043790583 7.306602e-09 1.340058e-08 8.8701546e-10 1.9980129e-09 1.1895166e-09 0.0013349676 5.1769825e-11 1.3617192e-08 2.228512e-08 0.0042412495 3.6020168e-08 0.6241857 3.4062414e-10 7.910254e-06 1.3205713e-08 6.09051e-08 0.5879129 1.3172608e-08 4.4274853e-10 6.277743e-09 0.001054962 3.4588447e-05 8.252883e-09 9.485083e-10 1.5075086e-10 1.5522005e-09 1.6750645e-08 4.6211962e-10 1.0965548e-10 1.1809629e-08 7.8151104e-11 1.7543864e-10 1.331001e-10 8.8854796e-10 8.60715e-12 5.081925e-12 4.3514477e-11 2.0884103e-10 0.0009487069 0.0046535567
0.51837796 0.00019087926 1.6455739e-05 0.014563809 0.00093401823 0.005057491 0.9988411 0.9852608 8.415472e-05 1.5855537e-15 0.8903049 0.60764897 0.00086963776 0.88480204 0.0007931908 0.0003000891 0.30213097 0.040551905 0.00017629135 4.0230316e-05 6.231516e-07 0.0005945168 0.076704524 0.019343501 0.25658923 9.120889e-06 0.00058966497 0.0002414001 0.00036100368 4.4374255e-07 0.022309877 0.39263266 4.0791936e-05 0.05247535 0.0011398074 7.076948e-05 2.014556e-05 2.375458e-06 0.0028339056 0.0030192228 2.541095e-06 0.1020236 0.0038008457 3.682439e-06 4.0456814e-07 0.023822797 1.5879286e-07 1.8254683e-05 3.4226634e-06 0.037641097 1.2497894e-05 6.341878e-05 0.0025057213 0.00024653625 3.168673e-07 1.1598209e-08 6.084099e-05 4.210291e-07 4.035468e-08 1.3195215e-06 0.013750217 3.2591464e-07 1.0926148e-05 3.2623106e-08 9.707413e-08 9.604834e-07 0.0038772135 8.1110745e-09 6.4540225e-05 1.6846377e-07 0.010686465 2.169606e-06 0.0021489817 1.7250448e-09 0.0007224447 8.570036e-05 0.00025689215 0.00026212804 1.302565e-06 3.7025546e-11 2.9669366e-06 0.0051010186 0.0012880757 1.19700045e-08 9.4402805e-11 4.5677368e-08 1.9176635e-08 3.717004e-07 5.4244614e-10 4.8270065e-11 1.1726138e-07 7.073789e-11 7.875932e-09 8.1440715e-11 5.6271904e-10 2.3849767e-13 7.2667006e-09 1.6503641e-07 3.1218914e-08 0.0034630536 0.004231059
0.55933875 0.0007438536 6.24534e-06 0.037051935 0.012444405 0.00040811626 0.39452964 0.99947035 5.421814e-06 0.8903049 2.0350823e-09 0.0948092 0.070897326 0.98801696 0.09637448 2.0439352e-06 0.8526219 0.001023847 1.8904762e-05 0.0029880116 0.0022992794 0.028962316 0.0020345238 0.37227413 0.032980368 0.0030900305 0.007773356 0.0033192185 0.0045473883 2.691671e-05 0.05369953 0.10587601 0.00047837355 0.02812506 0.0024825316 5.4457524e-07 6.2100075e-06 1.1792809e-05 0.0033565944 0.00035967733 5.2761716e-05 0.026581248 0.00085364666 9.044862e-06 2.7179069e-05 0.012100322 7.2597744e-05 4.9322225e-06 0.000100019635 0.049293302 0.00043527692 0.0077905664 0.0010774942 0.00038556446 2.1467251e-06 8.421068e-07 6.13435e-05 8.668415e-06 2.4570568e-07 2.2408408e-06 0.023765132 2.327343e-06 2.5941572e-05 6.635439e-07 2.1241221e-06 3.1048723e-06 0.009097829 4.290738e-08 0.0003590285 1.6911076e-06 0.025420368 4.537943e-06 0.0007035646 7.3940973e-09 0.0004173485 0.0002923349 0.00023445905 0.00050068775 8.4933487e-07 6.5456585e-10 5.4265465e-06 0.0076499367 0.0005942351 2.192424e-07 4.058977e-10 6.827635e-08 1.0615426e-07 1.6791352e-06 2.1227098e-07 3.4103923e-08 5.9026356e-06 1.17277414e-08 2.1594423e-07 3.7617568e-08 2.8254374e-07 3.422495e-11 5.056784e-07 8.602551e-07 8.574559e-08 0.0068624485 0.0059403596
0.9692984 0.0025921504 0.034177873 0.040175006 0.032323558 0.7912926 0.99134916 0.08577549 0.35523826 0.60764897 0.0948092 7.7063685e-12 0.0007268763 0.1618031 0.0020629563 0.2781597 0.0045972955 0.9469201 0.17568082 7.610806e-05 6.001567e-06 0.00031986693 0.91218287 0.0006592749 0.8241396 1.4823828e-06 3.131883e-05 8.9949914e-05 1.5285368e-05 1.3002918e-07 0.0016101968 0.10994114 1.132364e-06 0.05249351 5.3636868e-05 0.020328728 0.00041083104 8.253186e-08 0.006539488 0.49932754 8.641717e-07 0.57435006 0.5697395 1.8982944e-06 3.11413e-08 0.2861354 1.659579e-06 1.4789226e-05 3.7593952e-07 0.26244533 9.574074e-06 6.136585e-05 0.29217115 8.252876e-05 4.6346003e-08 3.6873777e-09 7.995495e-06 2.41585e-08 2.1204212e-09 6.6439108e-09 0.1999805 1.34290845e-08 1.06407e-06 6.265554e-09 1.1769535e-08 1.5621802e-07 0.057730988 1.5870676e-10 1.9907693e-06 1.876879e-07 0.260417 1.6841251e-07 0.19804727 5.1889545e-11 0.0017259846 7.752249e-06 0.0003297623 0.06480649 3.850039e-08 1.1510756e-09 3.2440823e-07 0.088672176 0.007771977 3.5398589e-09 1.07316746e-10 1.2823113e-09 3.48918e-10 4.196977e-07 1.0570379e-09 6.268168e-10 2.5795732e-08 2.2651282e-10 4.4458865e-08 5.7890975e-10 8.6231466e-10 1.2620791e-13 3.3498109e-12 1.3069038e-10 1.5436974e-09 0.03390764 0.03956277
0.28206006 0.09211025 4.5528526e-05 0.0078192605 0.9966229 4.628185e-05 1.4268743e-07 0.28835055 6.196821e-06 0.00086963776 0.070897326 0.0007268763 1.6278738e-10 0.08127425 0.99768716 1.0146669e-08 0.13847518 1.2023762e-07 3.3711488e-06 0.04864978 0.72316515 0.007881561 3.5552883e-08 0.00037857654 3.242163e-06 0.027049765 0.00050175877 0.0002022723 0.0005628777 3.6971356e-05 0.00037908164 0.0019253126 1.6079493e-05 0.0016166954 2.6950264e-10 2.878158e-10 1.1861369e-08 4.5462188e-05 4.376167e-06 3.2083935e-06 2.379816e-08 0.00016573805 0.00017229382 2.2439493e-05 9.744227e-10 0.00021699286 0.0007287653 2.425644e-11 0.03288507 0.0018248121 0.0011963559 0.9576978 4.69773e-05 9.2427905e-07 2.9185227e-07 4.411636e-05 2.3058877e-07 1.921868e-07 4.757265e-08 1.00052496e-07 0.0023028213 5.808215e-08 5.4411947e-05 2.2953957e-07 1.6934567e-07 3.581837e-06 0.0010267467 6.6380594e-09 8.866227e-05 7.0927375e-09 0.01196276 1.5424996e-07 6.9554885e-06 6.127512e-06 1.3090712e-05 1.8508689e-07 1.84923e-05 0.00016192946 1.093626e-07 1.7246335e-09 1.3065786e-08 0.0004398632 1.5493732e-05 1.5160414e-07 2.3586583e-08 2.6996995e-07 7.1875947e-06 1.0018707e-08 1.328428e-08 2.1989306e-08 1.006124e-06 1.6452685e-08 1.5030224e-08 1.7883284e-08 3.5964513e-07 2.8511842e-09 1.2718968e-07 8.317092e-08 9.428275e-08 0.0007830051 0.0002592603
0.9601087 1.1616347e-05 2.960906e-05 0.010725226 0.048197284 0.0002579859 0.42019162 0.2990379 2.8957942e-05 0.88480204 0.98801696 0.1618031 0.08127425 2.159334e-12 0.1289149 9.390533e-06 0.97517866 0.011971954 5.560198e-05 0.014212222 0.0065099723 0.13251783 0.10008284 0.4014431 0.31785768 0.07097563 0.020858692 0.11746676 0.101709194 0.00050848664 0.67959327 0.9548392 0.015429633 0.66055715 0.11936997 0.000108901506 0.00047013222 4.4764445e-05 0.24755137 0.0036834003 0.00051668286 0.27311864 0.0068730856 2.6370783e-05 0.00067969126 0.23702604 0.00021927513 0.00047111965 0.0023351312 0.55227256 0.0034981037 0.008586947 0.015091666 0.020324014 1.4035923e-06 1.8557639e-06 0.002424308 7.1109675e-06 2.0763768e-07 3.17238e-07 0.25201225 3.005251e-07 0.0001581375 2.70792e-07 5.414397e-07 8.189451e-06 0.2599456 1.7818483e-09 3.6090023e-05 6.62168e-06 0.37144446 1.5921538e-06 0.01516749 1.6671899e-10 0.061286535 0.00088004145 0.015616664 0.004554243 1.2562758e-07 9.962284e-09 2.4531584e-05 0.19573873 0.03457491 5.5159495e-07 3.4006347e-09 1.5693034e-08 1.0778586e-07 1.3666494e-05 6.8916624e-09 8.535496e-08 1.2679729e-07 1.7933247e-09 7.285832e-07 1.0203334e-09 2.5210962e-08 1.3912176e-11 1.2850185e-10 7.0761166e-09 6.2366166e-09 0.042735077 0.01631704
0.30736282 7.219681e-05 1.7089991e-07 0.00863376 0.060525596 6.469841e-07 3.5463486e-08 0.47361618 2.9470383e-08 0.0007931908 0.09637448 0.0020629563 0.99768716 0.1289149 6.526145e-15 2.1807929e-10 0.27578422 5.7829616e-06 7.183127e-06 0.72774446 0.99923 0.44649404 2.3259727e-09 0.0030089468 0.00014446008 0.030834673 0.0022523238 0.00028598186 0.0055771978 2.9848376e-05 0.0048015537 0.0350213 0.00034010696 0.0093680555 3.3699675e-11 4.2424364e-10 2.1177202e-10 5.0472086e-06 0.0008508519 3.9021648e-07 9.109693e-06 4.926654e-05 2.6750678e-05 2.9487762e-06 1.311903e-11 9.791395e-05 4.7677877e-05 1.0824873e-12 0.013080014 0.0021534367 9.954858e-05 0.029608138 2.9953926e-06 1.8558516e-05 8.58742e-09 3.437573e-08 2.9010624e-07 9.77571e-09 6.568364e-08 5.236804e-09 0.0010134075 7.6294626e-10 2.7797475e-07 5.0440105e-09 6.9889308e-09 3.6446798e-07 0.002066022 7.611381e-10 7.559186e-07 1.0414682e-09 0.007021403 9.476618e-10 7.593438e-06 1.2876352e-08 1.2665491e-05 4.165766e-09 2.2070342e-06 4.813504e-06 2.2578959e-09 7.965772e-14 2.718176e-09 0.0011784463 5.95461e-05 1.2228286e-10 5.94982e-12 1.1994223e-09 2.7408603e-08 1.13819836e-10 7.705571e-13 3.5073677e-11 5.8044685e-09 7.756995e-12 6.837503e-11 1.2717212e-12 2.6852828e-10 1.8246995e-12 3.6886422e-10 1.4440619e-08 3.800961e-09 0.0016023087 0.00019053042
0.88160545 2.1178619e-06 1.9754052e-06 2.0812688e-06 2.921065e-07 0.12195138 0.0008031146 9.324389e-06 0.22903477 0.0003000891 2.0439352e-06 0.2781597 1.0146669e-08 9.390533e-06 2.1807929e-10 2.0865128e-12 9.363758e-06 0.9788816 0.9975794 4.1308942e-10 2.5697686e-10 4.780813e-09 6.32881e-05 1.7942206e-06 0.09188438 2.4189875e-10 1.6415737e-07 3.608446e-08 2.2274264e-06 6.182169e-10 0.00014227944 0.0013006523 2.2931923e-07 0.00085224706 8.185521e-05 0.6824642 2.2348418e-06 4.827591e-09 0.0008767196 0.92426014 3.812422e-07 0.14581837 0.8728782 2.0476245e-08 1.614944e-06 0.05842379 3.557527e-08 0.0005137923 1.04391546e-07 0.020975586 1.8583707e-10 6.2906014e-10 0.8104374 1.0155417e-05 1.1281105e-08 2.4930651e-08 8.901637e-06 2.0067446e-08 3.9045323e-09 2.727056e-09 0.028541734 5.989462e-10 6.183258e-09 5.1777187e-09 8.964675e-09 3.3668837e-07 0.004823393 6.4168786e-09 9.1406455e-10 2.5380857e-07 0.028295806 1.2405992e-09 0.7544964 8.3166966e-11 0.00073470944 4.8392172e-05 3.101278e-05 0.54740125 1.6525107e-09 7.3057194e-10 1.6011278e-05 0.013256536 0.0011925274 7.562589e-09 1.0265766e-08 9.926412e-10 4.844367e-10 1.5097365e-05 3.422115e-08 1.6215878e-08 7.3930784e-10 4.1612e-09 3.5515794e-07 7.3559164e-10 6.781621e-09 4.527434e-10 2.7077516e-11 3.8977366e-10 1.0718532e-08 0.0021551438 0.067381434
0.94836944 1.6075437e-06 4.3046757e-07 0.0011449802 0.0065492378 5.873333e-05 0.010891693 0.42431405 6.028537e-07 0.30213097 0.8526219 0.0045972955 0.13847518 0.97517866 0.27578422 9.363758e-06 6.474905e-10 0.0005817068 6.3361617e-06 0.06695948 0.018938938 0.36088884 0.005202455 0.98292893 0.0014080805 0.7584217 0.45619094 0.6876216 0.75906354 0.042085074 0.8121546 0.61662716 0.4978456 0.284591 0.061317053 3.3676417e-05 4.760831e-05 0.012240284 0.08075346 0.00035227078 0.0011395954 0.039312303 0.0005869338 0.0013226279 0.012951708 0.046990763 0.007601771 0.00014703421 0.12611008 0.2010501 0.04971266 0.19127582 0.0014692788 0.01497835 5.523024e-05 0.00012202858 0.0030795764 9.797107e-06 6.070317e-07 2.9159091e-06 0.14230166 4.2727797e-06 0.0011499714 3.2786668e-06 4.446701e-06 3.5815214e-05 0.27634272 3.8316145e-08 0.00061774795 7.781284e-06 0.2336795 5.8981994e-05 0.0026028915 7.937481e-08 0.043470535 0.0005608889 0.0136187915 0.0018769338 5.0417935e-07 1.515513e-08 9.513447e-06 0.15625855 0.038707916 1.4964306e-06 1.6778647e-09 2.9805818e-07 1.4563508e-07 2.5439303e-07 3.3654486e-09 1.8198268e-06 5.825454e-07 1.2025217e-09 6.736864e-08 4.6059925e-09 1.2959286e-08 4.3865328e-10 1.8159391e-09 1.969538e-08 5.5207328e-09 0.099292494 0.019165033
0.9518055 9.256366e-05 0.0046100323 0.0011249115 3.7652117e-05 0.25291055 0.2432994 0.0015201649 0.3821647 0.040551905 0.001023847 0.9469201 1.2023762e-07 0.011971954 5.7829616e-06 0.9788816 0.0005817068 8.5338264e-10 0.90185916 5.1247443e-06 6.659402e-07 5.814256e-06 0.8291305 0.00038482243 0.856382 3.9526114e-07 4.7662463e-05 6.9899244e-05 5.2861735e-05 1.7319302e-07 0.0018501615 0.031950787 1.949323e-06 0.024643155 0.0006745534 0.10971306 0.0069847344 1.2963446e-07 0.0064905756 0.9249979 9.260397e-06 0.7805762 0.8826205 6.774272e-07 8.382416e-07 0.4897982 5.8903485e-08 0.005128874 5.0991503e-06 0.29451597 3.8019634e-06 1.1027996e-05 0.7498588 0.000317649 1.06540064e-07 9.55926e-09 0.00024812768 6.708619e-07 9.024433e-08 1.4104786e-08 0.5841221 2.5367244e-08 2.9436003e-06 4.2487322e-08 3.1165246e-08 2.894164e-06 0.088475734 2.4906257e-09 4.8176876e-06 4.012355e-06 0.3600167 4.2015265e-07 0.58866364 1.3713348e-11 0.0118254265 0.0001295358 0.001461648 0.12291459 7.319913e-08 5.2185996e-08 2.4950157e-06 0.0880536 0.014440086 2.0860867e-07 1.6997391e-09 8.208929e-08 1.3893124e-09 7.5963203e-06 6.9972e-09 1.2010462e-08 1.4603008e-07 4.181761e-08 1.5681771e-06 4.3123634e-09 4.776739e-09 5.196328e-13 1.2063725e-12 6.251048e-10 2.9215512e-08 0.02977455 0.08696892
0.90309036 1.0098725e-05 0.0042918953 0.00016424905 6.0197755e-05 0.19764885 0.009216676 1.215952e-05 0.74824315 0.00017629135 1.8904762e-05 0.17568082 3.3711488e-06 5.560198e-05 7.183127e-06 0.9975794 6.3361617e-06 0.90185916 1.8231114e-10 1.1826185e-06 1.4369479e-07 2.049197e-06 0.08325069 6.0620705e-06 0.03738115 1.1358011e-06 1.5177362e-06 2.4961473e-05 6.5585965e-07 5.126272e-07 1.653832e-05 0.00045890166 1.2519868e-07 0.0003853836 1.5271155e-06 0.9673609 0.000101935846 3.4386733e-07 5.12144e-05 0.87304187 2.4250188e-08 0.055105414 0.7890878 9.792273e-07 1.5850959e-09 0.0107384855 5.3824483e-08 0.00013517358 1.757601e-07 0.0036040773 2.56676e-05 5.5399683e-05 0.61252964 6.670911e-06 1.3155935e-08 5.681873e-09 8.614965e-07 3.2275278e-08 2.837778e-09 1.21038e-07 0.00807595 2.1045335e-06 1.8769714e-06 1.0704679e-08 6.4245235e-08 1.8934864e-08 0.0019885334 3.1413858e-09 3.872343e-06 5.1241482e-08 0.01114677 2.0185682e-06 0.44552293 1.7421786e-10 0.0002993391 3.0184049e-06 3.2261913e-05 0.2918375 5.746252e-07 2.262119e-10 3.0862103e-07 0.0048505794 0.00040100352 5.755699e-08 7.3431643e-09 5.540158e-07 4.2807224e-09 7.987065e-08 7.2852133e-09 3.4438783e-09 2.5625627e-07 5.8840766e-10 2.4259565e-09 8.318368e-10 8.711363e-09 2.992758e-11 1.4282164e-11 9.4175e-10 2.1736481e-08 0.0013850323 0.01867951
0.12709254 1.5609679e-07 2.1983635e-09 3.837757e-05 0.0005136427 6.229356e-08 1.0314322e-08 0.016696263 2.7356014e-08 4.0230316e-05 0.0029880116 7.610806e-05 0.04864978 0.014212222 0.72774446 4.1308942e-10 0.06695948 5.1247443e-06 1.1826185e-06 6.0852096e-10 0.9973654 0.99954665 3.0369054e-09 0.011002318 9.752692e-05 0.6698866 0.0133996755 0.0014560734 0.009004164 0.00047440638 0.0026390257 0.0021734042 0.0018474945 0.00068704283 5.230176e-09 3.3369663e-09 5.3879484e-10 0.0005527261 0.00017673928 4.165182e-07 0.0003562212 1.1014332e-05 9.676598e-06 0.00019295972 3.1799512e-08 3.7482405e-05 0.0016386943 6.7238265e-10 0.014166158 0.00034396807 0.0009892228 0.010659817 1.5334968e-05 3.6207235e-05 6.849104e-06 4.966168e-06 1.402449e-05 7.716202e-06 5.6777003e-06 1.7133532e-05 0.00016645389 6.421237e-07 0.00014600786 2.8855337e-07 4.6925672e-07 1.824318e-05 0.0011370904 1.1842334e-08 9.2175804e-05 1.5763247e-06 0.00061496004 1.7177354e-06 2.5406346e-06 4.6571057e-07 2.0456444e-05 2.3041916e-06 4.4255444e-06 9.569815e-07 1.0032552e-06 2.8213024e-12 2.4417776e-07 0.00012411455 1.4975279e-05 1.6780027e-07 4.2632693e-09 1.7109055e-07 9.178045e-07 3.9276294e-08 2.0696471e-09 4.4883288e-07 1.581479e-06 4.8795784e-10 8.277728e-09 1.01611455e-10 4.7390714e-08 6.179705e-10 1.1107331e-08 1.3728555e-07 4.1704183e-08 0.00013379205 2.5394635e-05
0.08235658 7.200022e-07 1.7397553e-09 0.00010068803 0.0056527667 1.7822606e-08 1.0903404e-09 0.0042592892 2.756084e-08 6.231516e-07 0.0022992794 6.001567e-06 0.72316515 0.0065099723 0.99923 2.5697686e-10 0.018938938 6.659402e-07 1.4369479e-07 0.9973654 2.7218114e-10 0.19429496 3.1405456e-10 0.0019921314 8.8511515e-06 0.8118958 0.0086713545 0.0002959448 0.0028706926 0.00023633445 0.00069619395 0.00070557365 0.00044880848 0.000363149 1.0724129e-09 3.776253e-10 1.5065772e-10 0.00046251385 3.625167e-05 4.985313e-07 2.3059492e-05 1.6464468e-05 9.929443e-06 0.00018809368 2.9859701e-09 6.8310575e-05 0.0066982345 8.7351466e-11 0.1347423 0.00041129836 0.0031060835 0.23396659 5.926433e-06 1.3431704e-05 7.794984e-05 1.5486623e-05 6.90784e-06 1.8665465e-06 7.793003e-06 6.538531e-05 0.00013370774 6.795039e-06 0.00062157854 1.0751509e-06 1.5296145e-07 6.055286e-06 0.00043047027 5.70095e-08 0.00046102627 6.4796586e-07 0.00018996726 2.8685856e-05 3.440195e-07 1.6663915e-05 5.9338477e-06 2.9459147e-06 2.4028177e-06 3.3027904e-06 5.219212e-06 7.3831505e-12 2.9401875e-07 4.4833916e-05 9.270735e-06 1.5145271e-07 1.930496e-09 8.924367e-06 4.4909684e-06 5.8451782e-08 2.7217506e-09 1.6544298e-07 1.7457846e-06 2.5409506e-09 1.3473418e-08 1.3302555e-09 5.1233073e-08 1.6759363e-09 5.686376e-08 2.7538522e-07 1.7401521e-07 9.2673814e-05 1.2838887e-05
0.5235691 5.7737864e-08 5.4201204e-09 0.0002169815 0.00025872752 8.930731e-07 2.9116102e-08 0.12675638 2.0428702e-07 0.0005945168 0.028962316 0.00031986693 0.007881561 0.13251783 0.44649404 4.780813e-09 0.36088884 5.814256e-06 2.049197e-06 0.99954665 0.19429496 1.1515569e-12 5.8845096e-08 0.19330043 4.4058295e-05 0.99578935 0.23288484 0.072575994 0.094483174 0.0071426877 0.024628352 0.02488998 0.017589092 0.00666878 3.9013557e-08 1.964488e-08 1.0293863e-08 0.0025650524 0.00092418044 1.1939884e-06 0.0031306136 9.175254e-05 2.18188e-05 0.0015317597 8.454161e-06 9.1666225e-05 0.012360133 1.1144675e-09 0.035684675 0.0019419051 0.003894999 0.02731766 2.2231059e-06 0.00036424908 3.5712827e-05 1.3795121e-05 1.5499509e-05 7.3790725e-05 5.9944055e-06 2.0859334e-05 0.002744617 4.075208e-07 0.00016180967 3.1274115e-07 3.4694247e-06 1.3941824e-05 0.015654637 1.3581214e-08 0.00027470314 6.855962e-07 0.009029596 1.3232606e-06 2.969384e-05 1.5633524e-06 0.00064862875 1.3881563e-05 0.00028004957 1.0220251e-05 8.8300186e-07 3.2489487e-11 1.1109906e-06 0.0025991807 0.00058953225 1.5273587e-06 5.0765556e-09 2.3658494e-08 2.0669459e-06 2.3004053e-07 1.4067816e-08 3.0248898e-07 1.0179072e-06 1.001702e-09 6.939716e-07 4.168299e-10 3.9018097e-08 5.039603e-10 9.853679e-09 2.1192277e-06 1.0640928e-07 0.0023675042 0.00044070694
0.76033276 7.829449e-07 5.377387e-07 2.7680007e-06 5.381491e-07 0.007213498 0.0077018747 0.0036484061 0.00025429617 0.076704524 0.0020345238 0.91218287 3.5552883e-08 0.10008284 2.3259727e-09 6.32881e-05 0.005202455 0.8291305 0.08325069 3.0369054e-09 3.1405456e-10 5.8845096e-08 4.4711295e-14 2.1540865e-05 0.9958855 1.0326403e-09 1.3258361e-06 8.4328093e-07 0.001738835 3.6200738e-09 0.108707055 0.9496555 0.00020665282 0.7775211 0.11798377 0.075586915 4.5088054e-05 2.0877913e-08 0.27500522 0.53937274 0.0013531687 0.93049085 0.5177225 2.3019064e-07 0.0008880588 0.7645682 1.9544195e-06 0.056872226 1.00053065e-07 0.69961566 1.0119761e-09 3.381412e-09 0.07542937 0.008664319 2.3783652e-07 3.5248516e-07 0.011148104 8.189811e-06 1.2430004e-06 1.5956072e-08 0.43856132 6.2454103e-10 1.5789733e-09 1.03686105e-07 1.4368796e-07 8.0000675e-05 0.06577555 3.809752e-08 9.696818e-10 5.178272e-05 0.2277424 3.7635756e-10 0.076446734 1.2985227e-10 0.006551493 0.0013662396 0.0009805477 0.009495673 6.1591365e-10 6.988024e-09 0.00021341877 0.075687736 0.003952307 1.3438623e-07 2.1267621e-07 1.8575945e-10 2.3718832e-10 0.00026563686 1.2164983e-07 4.35785e-08 5.046731e-10 8.6404714e-09 2.972849e-07 3.838223e-10 5.4988947e-09 3.1748024e-10 3.5193494e-11 5.111667e-10 2.1023528e-08 0.0051458334 0.03982465
0.8687972 1.3154902e-07 1.45048835e-08 0.0003283298 0.0011649969 1.4538564e-06 0.0027607656 0.29298273 1.3712919e-07 0.019343501 0.37227413 0.0006592749 0.00037857654 0.4014431 0.0030089468 1.7942206e-06 0.98292893 0.00038482243 6.0620705e-06 0.011002318 0.0019921314 0.19330043 2.1540865e-05 2.1423419e-12 0.00078433345 0.39192322 0.8326332 0.905277 0.9646164 0.42406616 0.8495871 0.093067214 0.9684925 0.022335224 0.3815636 6.519661e-06 7.182743e-06 0.039453458 0.008386086 6.969516e-05 0.34372237 0.0013277221 0.00018346212 0.009647108 0.62444174 0.002463869 0.0103202285 0.0005775007 0.0003714476 0.004339512 0.0004285954 1.724822e-06 2.4419289e-05 0.041008793 0.003643747 0.00022501759 0.010076244 0.008083097 0.0009814932 0.00018286647 0.0031216042 4.587912e-06 2.9554076e-07 0.00029649396 0.0009028502 0.0004135627 0.021902744 7.770116e-06 1.1597545e-08 0.00024799453 0.0044550765 2.255185e-08 0.00038305737 8.052718e-08 0.011079388 0.0016063845 0.005491614 5.8055208e-05 3.8038056e-08 4.6777885e-08 0.00018622723 0.002607104 0.0036356607 1.2492829e-05 2.3198167e-05 9.469072e-09 3.4976594e-08 7.314488e-05 5.0747695e-07 1.5731343e-05 2.0267395e-08 3.055115e-08 4.7878723e-07 1.4509422e-08 3.9826914e-06 5.8379555e-09 6.5832956e-10 5.90176e-09 2.931329e-07 0.005942549 0.00153351
0.927879 7.74247e-07 3.674292e-05 0.00080728304 0.00078343524 0.013216747 0.36749288 0.0052102483 0.0022373027 0.25658923 0.032980368 0.8241396 3.242163e-06 0.31785768 0.00014446008 0.09188438 0.0014080805 0.856382 0.03738115 9.752692e-05 8.8511515e-06 4.4058295e-05 0.9958855 0.00078433345 2.3652016e-10 2.8712018e-05 0.00010186326 4.5736506e-05 1.4921489e-05 1.3731901e-06 0.008946366 0.26373425 2.5824247e-07 0.22763969 0.009775777 0.37262753 0.075375 1.7654646e-07 0.033908963 0.5381331 2.6467305e-07 0.9738425 0.49580306 5.37465e-07 4.3952707e-07 0.7811047 2.9933435e-07 0.028467638 6.08476e-07 0.6179438 6.6303246e-06 1.6198268e-05 0.2675006 0.00012775138 1.1065399e-08 7.084017e-09 1.8484594e-05 1.3076912e-07 4.281114e-09 3.000496e-08 0.61700124 9.076687e-08 1.6029451e-06 2.2147658e-08 1.9944538e-08 1.8602299e-07 0.10507473 4.520083e-10 9.264691e-06 2.819115e-07 0.38794962 8.182214e-08 0.19730099 2.3986924e-11 0.003907353 6.2397834e-05 0.0006351002 0.053297024 1.0673593e-07 4.431663e-08 2.2309832e-06 0.11846348 0.0053796526 4.400112e-08 2.4419449e-09 1.1437816e-08 9.998772e-10 7.486496e-07 1.7511044e-09 6.430331e-09 5.0148316e-08 6.4263184e-10 2.5583567e-08 4.4469678e-10 5.8142415e-09 2.8007408e-12 3.758407e-12 3.7372944e-10 4.175311e-09 0.022159055 0.033118166
0.8804282 3.105192e-08 2.5394603e-11 2.3264379e-06 8.098045e-05 6.3635996e-10 1.1416843e-09 0.0008866985 3.3125863e-11 9.120889e-06 0.0030900305 1.4823828e-06 0.027049765 0.07097563 0.030834673 2.4189875e-10 0.7584217 3.9526114e-07 1.1358011e-06 0.6698866 0.8118958 0.99578935 1.0326403e-09 0.39192322 2.8712018e-05 2.107276e-14 0.90266746 0.6871543 0.72115535 0.7660862 0.53450125 0.1563792 0.5762148 0.114882864 8.756346e-06 7.907247e-11 1.3588878e-09 0.85428476 0.015995184 1.7830495e-06 0.103795655 0.00016904983 7.5136295e-06 0.614072 0.0051948773 0.0034161822 0.7156853 1.4899725e-08 0.8061583 0.018238554 0.6186322 0.7769969 3.132991e-05 0.026034558 0.006632745 0.041734748 0.011348474 0.004651964 0.000994398 0.011000127 0.046719745 0.0002895379 0.05233779 0.0001304323 0.00021126353 0.00048744425 0.45975128 1.671432e-07 0.016700484 1.9718245e-05 0.093268886 0.001307478 3.7990478e-07 0.002420922 0.16365276 0.0020517502 0.017170887 0.00055707205 2.8849008e-05 3.5385462e-11 1.7868839e-05 0.06351357 0.12150671 9.268596e-06 2.3390582e-08 8.3431365e-07 0.00088914647 9.706256e-06 1.392249e-09 2.9564817e-05 0.000134484 1.007678e-11 3.1692093e-08 1.5640852e-09 2.0714253e-08 1.0527006e-08 6.4956e-06 4.4158875e-05 1.745047e-08 0.067637175 0.008989316
0.8204382 7.4344335e-08 1.5241197e-08 5.135707e-05 0.00028031305 1.9780245e-07 4.5926154e-05 0.013849077 1.6841429e-07 0.00058966497 0.007773356 3.131883e-05 0.00050175877 0.020858692 0.0022523238 1.6415737e-07 0.45619094 4.7662463e-05 1.5177362e-06 0.0133996755 0.0086713545 0.23288484 1.3258361e-06 0.8326332 0.00010186326 0.90266746 3.4245302e-12 0.99716145 0.6810034 0.9896716 0.33479196 0.016872441 0.79390913 0.0037025223 0.008547088 1.2590601e-06 1.4920913e-06 0.3895342 0.0017095357 6.4866086e-05 0.22251879 0.00023519537 0.00014718896 0.07856457 0.04894587 0.0004347287 0.034831338 5.1204286e-05 0.0009247509 0.0012747049 0.0014508911 7.6293356e-05 4.1134506e-05 0.017420959 0.011149476 0.0004985092 0.0074009034 0.007416041 0.0015433893 0.0021820394 0.0010840547 2.9368948e-05 1.654097e-05 0.00061578804 0.0009257828 0.0007893694 0.007845183 1.9126019e-05 2.3232806e-06 0.00026599356 0.0027499343 1.1664265e-06 0.00023539331 9.3717136e-07 0.0050073294 0.0009740048 0.0025810834 5.7577505e-05 7.201396e-07 2.0835069e-08 0.00019147454 0.0024680654 0.003031933 7.650145e-05 5.061049e-05 1.04437156e-07 4.114629e-06 0.0002194651 1.1665467e-06 7.329676e-05 2.0120972e-06 4.4506294e-08 3.5704873e-06 6.8520045e-08 2.828936e-06 2.396413e-07 1.3561278e-07 2.7501883e-07 7.9497113e-07 0.003389877 0.0019631793
0.94858634 1.4134814e-08 3.292328e-08 1.4198279e-05 4.851379e-05 6.274859e-07 7.256264e-07 0.0016148926 2.0302998e-07 0.0002414001 0.0033192185 8.9949914e-05 0.0002022723 0.11746676 0.00028598186 3.608446e-08 0.6876216 6.9899244e-05 2.4961473e-05 0.0014560734 0.0002959448 0.072575994 8.4328093e-07 0.905277 4.5736506e-05 0.6871543 0.99716145 1.3591287e-13 0.7808064 0.94928735 0.71255714 0.15554336 0.7963106 0.031136978 0.0036575876 1.3645142e-06 4.654027e-08 0.10408725 0.011335741 0.00036206664 0.19827442 0.0020559141 0.00054453296 0.021608174 0.045891635 0.0044674594 0.060372442 6.454859e-07 0.100396246 0.015906742 0.043201562 0.013892398 0.00054712733 0.034650244 0.0010628789 0.002441965 0.01182458 0.0052381433 0.0004370001 0.0019916107 0.015218432 8.27855e-05 0.0036404731 0.00038667154 0.0007695725 0.0012321236 0.21287954 2.5398351e-06 0.0010992952 0.00023459682 0.036980484 0.00015322039 0.0010235761 3.4267116e-05 0.15271606 0.0077042542 0.03412965 0.00067322335 2.6320156e-05 3.022603e-09 0.0005097556 0.035179485 0.11322586 9.629615e-05 2.430675e-06 1.1049519e-06 0.00013353457 0.00022233943 6.7557085e-06 4.0312778e-05 2.5786401e-05 9.986465e-09 3.3786695e-05 2.465656e-08 1.0417017e-07 1.9728878e-08 7.308044e-07 4.5359422e-05 5.3294297e-08 0.0868433 0.008289912
0.97145474 3.1468907e-09 3.5874586e-09 1.8050036e-06 8.419385e-06 2.3488795e-07 4.465427e-05 0.00037736684 1.9263371e-08 0.00036100368 0.0045473883 1.5285368e-05 0.0005628777 0.101709194 0.0055771978 2.2274264e-06 0.75906354 5.2861735e-05 6.5585965e-07 0.009004164 0.0028706926 0.094483174 0.001738835 0.9646164 1.4921489e-05 0.72115535 0.6810034 0.7808064 1.9633511e-10 0.800262 0.96759945 0.2212317 0.9588866 0.08203767 0.3778264 6.7995575e-06 0.000102718586 0.34276915 0.043564428 2.0924786e-05 0.04306212 0.002476726 2.9685796e-05 0.09417807 0.1313342 0.0044008098 0.061666816 0.00027191214 0.2992468 0.04359022 0.1460043 0.07475486 0.00014576995 0.15657133 0.0002595193 0.008331867 0.051379126 0.00010766017 5.946044e-06 0.0010125343 0.042589694 0.00022130916 0.06730045 1.1906119e-05 1.6879989e-05 4.6455505e-05 0.3460285 7.675228e-08 0.013927095 2.8957942e-05 0.097188435 0.006118765 0.0016485467 8.218122e-05 0.19314131 0.0023559453 0.09779985 0.00053452345 2.3914889e-05 5.590939e-08 9.2792936e-05 0.06823409 0.13176942 9.974463e-05 1.4711862e-06 3.4096706e-06 0.0001499691 1.4453675e-05 5.7530425e-08 5.1688337e-05 5.5451434e-05 1.8784996e-09 8.501915e-07 4.061527e-09 2.629638e-08 1.1691961e-08 7.130137e-08 4.4277767e-06 2.9985088e-09 0.076646574 0.010009636
0.95244265 2.815474e-09 2.7584637e-10 3.5228606e-08 3.7123934e-06 1.6369758e-09 2.0130221e-10 8.322289e-06 8.139215e-10 4.4374255e-07 2.691671e-05 1.3002918e-07 3.6971356e-05 0.00050848664 2.9848376e-05 6.182169e-10 0.042085074 1.7319302e-07 5.126272e-07 0.00047440638 0.00023633445 0.0071426877 3.6200738e-09 0.42406616 1.3731901e-06 0.7660862 0.9896716 0.94928735 0.800262 2.9102813e-13 0.6528969 0.019173045 0.9373687 0.004809909 0.0008671371 5.6215823e-09 6.653964e-10 0.9194747 0.0006818172 1.3291593e-06 0.6235579 7.3004456e-05 9.1467547e-07 0.5866152 0.23356827 0.00013186711 0.65342665 4.0999927e-07 0.45662972 0.0010081261 0.4816177 0.03173035 3.2315736e-05 0.21548194 0.07593685 0.01697586 0.077711456 0.057182577 0.0025409462 0.062167723 0.0026674217 0.00083861424 0.082587086 0.005072922 0.0065329345 0.004662155 0.09389737 8.280623e-06 0.020052725 0.0027891945 0.008760861 0.0057378137 0.00011937254 0.00034983884 0.27252585 0.032512967 0.055362888 4.45484e-05 0.00011848369 1.0223203e-09 0.0018492125 0.006884881 0.15967512 0.00022249363 5.1549712e-05 3.4797863e-06 0.0016273668 0.0013319193 1.8096565e-05 0.0003334611 0.00017482886 2.3833957e-08 7.569661e-05 5.0648072e-08 2.1670126e-06 5.123161e-08 2.1919923e-06 0.000106413405 7.2682667e-07 0.023049902 0.00078928843
