5.0064447e-10 0.9085474 0.7666439 0.81301105 0.73078036 0.38388264 0.012164852 0.7146395 0.89893174 0.28144726 0.9680967 0.7568649 0.92362636 0.20963837 0.6809456 0.6837231 0.98810154 0.64781946 0.96648544 0.9402712 0.0008321774 0.93040043 0.78965276 0.21978149 0.6568505 0.76147175 0.9436974 0.9253113 0.95905286 2.3830084e-05 0.8999634 0.7381673 0.85070586 0.9905736 0.08338664 8.842364e-05 0.95295686 0.8725009 0.025180535 0.010720037 0.90637094 0.984022 0.87060785 0.9561036 0.9771009 0.96595514 0.72082084 0.985328 0.7228051 0.8327424 0.21297695 0.9115978 0.96816677 0.91212636 0.9813901 0.95734537 0.96282816 0.98160875 0.9718667 0.87622136 0.9875354 0.96915436 0.7681963 0.95042115 0.9868688 0.89726794 0.9463881 0.05647651 0.28152084 0.0037844968 0.3176264 0.5333617 0.93333566 0.011296901 0.97891396 0.97978634 0.95279366 0.9582062 0.9856453 0.9733498 0.6769275 0.2796258 0.9861445 0.069948584 0.98830307 0.9967841 0.998833 0.43680492 0.99799454 0.99731 0.995156 0.98166066 0.90235996 0.9856997 0.9981628 0.9675326 0.8680579 0.99798334 0.99973667 0.9998329 0.9997653
0.9085474 3.8503667e-13 0.8576092 0.6489164 0.10416562 0.6840535 0.9908355 0.07191109 0.014405987 0.62180823 0.19078428 0.989015 0.92300284 0.08015307 0.18816711 0.24489602 0.48968002 0.03973162 0.0029772555 0.0009496665 0.51483786 0.00019661844 0.0004458925 0.09807869 7.658788e-05 4.6198995e-05 0.72317195 0.36361876 5.938637e-06 0.06334075 5.187085e-07 0.24773729 1.09906914e-07 0.00043333354 2.8789077e-06 3.841981e-06 2.3485256e-05 5.334945e-07 0.00019014943 1.0406955e-06 1.8078428e-06 4.791074e-07 1.8458134e-07 1.6851115e-07 0.18749323 0.24110705 0.010589553 0.5907666 0.3526195 0.08628095 1.236288e-06 2.7023425e-05 1.8892055e-05 3.3589522e-09 1.1417831e-06 1.4358643e-07 0.042618547 2.5037167e-07 3.504713e-07 0.00157179 0.05609716 5.401972e-05 1.4576556e-05 0.008576872 8.823587e-05 1.0192213e-08 2.9188108e-08 7.8680905e-06 1.9735307e-09 0.0002142518 2.4546072e-05 2.984191e-11 8.3903366e-08 3.8628925e-10 0.00031363554 2.5093752e-07 0.009986872 2.942544e-07 1.354545e-06 2.0868891e-10 7.3968215e-05 5.2630793e-09 3.7506157e-12 2.9363163e-08 0.00557977 0.00030563044 4.0547242e-05 3.609465e-08 1.281351e-08 1.2992593e-09 0.006724069 0.00017202306 6.4779565e-10 0.001419715 1.7746259e-05 2.3757059e-09 2.5948004e-09 0.00040387196 5.5001954e-09 0.003469693 3.231649e-08
0.7666439 0.8576092 3.681438e-10 0.83322185 0.9930499 0.098804735 0.016804345 0.9919409 0.063662186 0.012958979 0.54728353 0.0028544073 0.4284717 0.0018647292 0.0039218864 0.00010168127 0.7100851 0.0068972954 0.05505862 0.008516608 0.0042519984 0.0010778973 0.0005564481 0.0006838215 0.00019069422 0.006688015 0.5471044 0.06353205 1.7909733e-05 1.5770218e-05 0.0003624579 0.00068178365 0.00025632195 0.007949793 1.007915e-06 1.8871977e-07 0.0007089387 7.484926e-05 4.3999764e-05 9.1547875e-08 1.3998117e-08 2.5225418e-06 0.0014578622 8.833931e-06 0.16492113 0.0069411434 1.9459714e-05 0.08147384 0.0013450003 0.00085972506 2.0956557e-07 0.0011583895 0.0006289915 3.7735606e-06 0.0002588687 3.5053415e-07 0.0012324597 6.2446966e-06 6.4077915e-07 0.00036835123 0.012823146 0.003091249 3.448582e-05 0.08421437 0.0008807139 1.4316844e-07 3.601538e-05 3.849512e-07 9.4587636e-09 9.048564e-06 3.1096533e-07 1.8101371e-08 3.6697413e-06 5.312172e-10 3.2249143e-05 1.6877122e-05 0.0020486726 7.683233e-06 0.00030121361 2.613284e-07 8.966937e-08 1.5403481e-08 1.4759319e-08 7.904239e-09 0.0012072544 0.00028030688 0.0007557633 5.5836605e-08 8.4932e-06 3.1786217e-07 0.0013729369 0.000110208 1.0648754e-09 0.030023476 1.0979478e-06 8.9291717e-07 1.8390662e-09 0.00026992196 1.5913022e-06 0.018373758 5.8567178e-08
0.81301105 0.6489164 0.83322185 7.81811e-10 0.94279337 0.9920591 0.22444777 0.14116311 0.98321736 6.396813e-05 0.79069585 1.0258207e-05 0.070082374 1.0180543e-05 8.099335e-05 7.3496835e-08 0.63762724 0.25073114 0.6044162 0.6563516 0.05505279 0.05891344 0.03567404 0.066704534 0.008274268 2.46216e-06 0.20636696 0.013184475 0.007881407 0.0003785112 0.001282301 4.0081957e-07 1.0858876e-07 0.2266233 9.532161e-05 6.7017095e-06 0.00077862095 0.00013310177 0.00016749147 8.980099e-08 3.1607325e-07 2.5124522e-05 6.207441e-05 3.227757e-05 0.043194883 0.0002929299 2.2359288e-08 0.018999735 5.794699e-06 4.7031943e-05 2.0313331e-08 0.0152384015 0.022059698 3.8284387e-07 0.0044609923 5.1992834e-07 0.00013749278 5.157189e-05 8.429029e-07 3.7155547e-05 0.0032389539 0.062106438 3.7749962e-06 0.075412765 0.026605675 1.9738419e-10 6.941734e-07 3.1582073e-09 8.937184e-10 3.865496e-09 7.2228923e-10 9.000946e-09 8.416287e-06 1.746407e-10 9.259112e-07 9.149608e-05 0.0008672115 2.1578451e-05 0.00206808 5.148412e-09 1.2652192e-10 4.850312e-10 6.9743757e-09 1.2591322e-08 0.0008627414 1.3331043e-05 0.0050913445 9.6839035e-09 6.689902e-06 1.0610826e-08 0.00050419505 1.4696053e-05 6.568154e-11 0.07138112 8.350631e-08 6.179332e-09 4.5238258e-10 3.0061568e-05 6.039205e-07 0.04538875 5.598139e-09
0.73078036 0.10416562 0.9930499 0.94279337 8.830071e-12 0.031698357 0.001550345 0.9160957 0.17823645 3.6446e-05 0.84501964 6.865846e-06 0.020965718 1.1798716e-05 4.143637e-05 6.0040826e-09 0.6168415 0.0012565262 0.97081494 0.9095773 5.6194393e-05 0.01552605 0.00056206295 6.639218e-05 0.00018633311 0.0008810244 0.072594255 0.004226643 0.003044354 2.2848e-06 0.0018233814 2.0928328e-06 0.00017951037 0.6088468 9.661448e-06 2.7368185e-07 0.008144454 0.0008818174 3.7457728e-06 2.56717e-08 1.4200778e-06 1.4243483e-05 0.0022019919 0.0010855284 0.031975746 8.108339e-05 2.6521525e-07 0.006260078 2.8126497e-06 7.907817e-06 3.1376146e-08 0.088028036 0.048823435 0.00010871398 0.013083849 2.9597045e-06 3.083589e-05 0.0002442391 3.6102572e-06 7.0738274e-06 0.003422076 0.24998368 0.00015156882 0.11696046 0.0928308 2.7511695e-07 8.702354e-05 4.677146e-08 1.020786e-07 1.1986294e-08 1.8032107e-08 3.9614497e-05 0.00013388983 2.397486e-10 7.067242e-07 0.0017758348 0.000365086 0.00070749404 0.018356264 5.542946e-06 1.2892664e-09 3.8691033e-09 1.9262188e-05 1.6128394e-07 0.0010209965 9.204443e-06 0.02295814 6.1575335e-08 0.00024933007 1.1411565e-05 0.0006705104 1.0772112e-05 8.015756e-08 0.09515526 2.41835e-07 5.7394036e-06 3.7394411e-06 2.5462912e-06 1.4943093e-05 0.05706216 1.7135175e-06
0.38388264 0.6840535 0.098804735 0.9920591 0.031698357 4.3790593e-10 0.9988272 0.006280313 0.92916954 0.000115034425 0.092279926 2.4846096e-05 0.014608984 2.2020211e-05 7.741994e-06 7.3176096e-08 0.10320834 0.0867854 0.025844092 0.02493685 0.1806394 0.005367044 0.006369026 0.12982005 0.008502962 6.8174097e-07 0.02176255 0.0012191413 0.000776278 0.0021375804 0.0008268553 8.033163e-07 2.8975646e-09 0.008406493 3.6013353e-05 1.7815248e-06 0.0003638833 8.2444385e-06 0.00023084744 5.289378e-08 9.600213e-08 6.0984794e-06 7.6931406e-07 8.0975497e-07 0.0019148304 7.651462e-06 2.6049537e-07 0.0021044312 1.312683e-05 2.2075594e-05 5.462634e-08 0.00034359432 0.00018708398 9.726082e-07 8.702496e-05 1.6701263e-06 9.587332e-06 5.5007545e-06 2.2432698e-06 2.8442635e-06 0.00015718183 0.0025692373 2.947743e-05 0.0027995785 0.0010676145 3.650114e-10 8.588751e-08 1.1995941e-07 1.0831477e-09 8.108878e-09 1.22634285e-08 2.4467097e-09 6.5559146e-07 6.04222e-10 3.876538e-07 7.787454e-06 2.509107e-05 1.7752868e-06 8.587585e-05 3.3155036e-09 1.8478952e-09 7.200009e-09 4.1920584e-10 5.777896e-08 3.9452458e-05 2.8692432e-06 0.00024000581 7.541102e-08 1.3035711e-07 2.6931521e-09 4.8626258e-05 1.8019713e-06 5.8671357e-09 0.004415917 1.3629203e-07 5.2541322e-09 7.317117e-09 6.774896e-06 5.1985314e-08 0.002455311 4.0033765e-08
0.012164852 0.9908355 0.016804345 0.22444777 0.001550345 0.9988272 1.36770656e-11 0.0021587333 0.24273056 4.145896e-06 0.004751073 1.1275276e-06 0.0013478881 4.4975323e-07 2.3237756e-07 2.7096556e-09 0.005248484 0.5516661 0.0024249787 0.0028506964 0.95955336 0.010459412 0.020551857 0.36428246 0.008086378 3.9716197e-06 0.00072787766 0.00017892635 0.0020784247 0.010336274 0.0022984673 1.6137147e-07 4.4806704e-08 0.0007396045 0.00010438961 5.6393646e-06 0.0010911067 6.523359e-05 4.5070924e-06 1.1805902e-06 8.302874e-08 6.331949e-07 9.183211e-07 1.2646602e-05 0.00017643598 3.6902944e-07 1.8474662e-08 0.00016749243 4.2351618e-07 8.905152e-08 5.9251084e-07 0.00010838189 3.7846483e-05 2.1434992e-06 6.121829e-06 1.15820995e-07 3.7659134e-08 5.428519e-06 6.532818e-08 7.029522e-08 1.2750022e-05 0.00025627378 3.365102e-05 0.00013966837 0.00010861513 2.0588629e-09 2.0587689e-07 2.9933376e-09 1.487312e-08 5.6722506e-08 2.651616e-09 1.1174543e-08 1.2948335e-07 1.09200475e-10 2.2913415e-08 3.5969586e-07 2.8129932e-06 4.2634198e-07 5.727418e-06 3.4273796e-08 1.2856491e-09 2.4049251e-09 1.408567e-08 2.1438995e-08 5.9171944e-06 5.288107e-08 3.3525364e-05 6.2830017e-09 1.2183019e-08 1.2892541e-07 8.485533e-06 5.6725065e-09 2.7644813e-08 0.0002823362 1.1964019e-07 5.4700156e-08 2.1106241e-09 5.3061314e-08 4.412869e-07 5.539112e-05 5.7085444e-08
0.7146395 0.07191109 0.9919409 0.14116311 0.9160957 0.006280313 0.0021587333 7.1285274e-13 0.018996337 0.013600445 0.98708624 6.40646e-05 0.62138015 0.00089417247 0.0077709476 2.3796087e-05 0.94335103 0.0005406683 0.3851917 0.07880759 9.9498364e-05 0.0018723811 0.00010317078 2.082746e-06 7.773538e-05 0.06253206 0.5711054 0.07234957 0.00011384939 2.6243458e-07 0.0015102205 0.00017099784 0.010856321 0.17878632 2.457816e-07 3.356303e-08 0.0076701585 0.0015912713 4.1609974e-07 4.016461e-09 2.4299265e-08 2.8971824e-06 0.038070828 0.0006995953 0.21550746 0.014754186 1.7944063e-05 0.061945308 0.0014220654 0.0010409367 9.823311e-10 0.05421277 0.026292812 5.323088e-05 0.0037151792 4.9348074e-07 0.0029940016 0.00018904285 1.4601217e-06 0.00010722663 0.014358338 0.080429055 3.0101146e-06 0.19992231 0.009191088 1.788037e-06 0.00032951395 5.6428235e-08 1.0616433e-08 2.3742182e-07 5.486253e-08 3.3618082e-05 9.084152e-06 2.5641578e-10 0.0001436583 0.0005528692 0.009862621 0.00020504932 0.009502441 3.0466703e-05 6.166869e-07 8.180189e-11 6.465261e-06 1.3314829e-07 0.0054911976 0.0004326421 0.012202841 3.0168504e-08 0.000105804014 1.4166129e-05 0.0048228046 0.00020576942 2.2273596e-07 0.112584084 2.1337805e-06 2.0437217e-05 9.1579096e-07 0.00023825368 5.2128875e-05 0.060577467 1.7895314e-06
0.89893174 0.014405987 0.063662186 0.98321736 0.17823645 0.92916954 0.24273056 0.018996337 6.373554e-12 0.00019012277 0.48300132 2.0115607e-07 0.0031672958 1.8486612e-06 4.2071824e-06 1.6289339e-09 0.32241434 0.966744 0.8680881 0.9499257 0.16107936 0.7790752 0.8645074 0.7207298 0.4746369 1.6798912e-06 0.030576782 0.0024214487 0.1369759 0.0027173096 0.17317414 4.4626233e-08 5.499663e-08 0.7137708 0.0017185566 4.1568725e-05 0.015115931 0.0013521833 0.0040806644 5.655228e-07 3.208357e-06 5.5702978e-05 0.00011992951 0.00067107275 0.015255459 0.00011197972 5.231952e-09 0.00708855 6.450259e-06 4.9312326e-05 1.8797623e-06 0.09993233 0.13830635 2.7097321e-06 0.030337423 1.1606486e-06 2.1813661e-05 0.00045838574 5.9616586e-06 8.776833e-05 0.0023707035 0.19107804 0.00010693375 0.05237413 0.3232406 3.993902e-09 1.5269699e-06 1.8172253e-08 5.63369e-09 2.8050997e-07 1.2737357e-09 4.269967e-07 0.00017956704 1.1747349e-09 7.051085e-07 0.0011662648 0.0009725998 0.000526612 0.010514618 5.988939e-09 1.1473885e-09 3.669916e-08 1.5484874e-08 1.6530245e-07 0.0008784834 3.864754e-06 0.034353167 9.633376e-08 0.00016395736 1.4651531e-08 0.0005601288 3.3071734e-05 2.725539e-08 0.055272378 2.2863964e-07 1.2602766e-07 4.3308688e-07 2.368282e-05 6.602842e-07 0.026490046 1.3328035e-06
0.28144726 0.62180823 0.012958979 6.396813e-05 3.6446e-05 0.000115034425 4.145896e-06 0.013600445 0.00019012277 7.465534e-09 0.0002115506 0.7266764 0.9151322 0.99080783 0.3694114 0.99775994 0.0016507232 4.263087e-05 0.0001129674 7.581705e-05 1.8638641e-06 5.009973e-05 1.4210878e-05 9.397574e-06 5.2551876e-08 0.024707537 0.0055753314 0.00352277 1.2820534e-05 1.8171422e-08 7.818547e-09 0.21828108 0.0026817347 7.3053416e-05 1.8954513e-07 2.9015656e-11 6.764489e-06 9.351221e-06 5.7541155e-07 3.2936138e-09 4.302679e-06 7.0460264e-06 3.2666385e-06 3.7580385e-06 0.004120264 0.03425282 0.0011324747 0.030401489 0.014769777 0.0053899153 3.8069797e-07 3.7873979e-06 8.254785e-06 3.4585064e-08 1.3333673e-05 5.943251e-07 0.012725866 8.766531e-06 8.4147166e-07 0.00014481111 0.0063072904 5.323302e-05 1.1383011e-05 0.00019542017 5.9815935e-05 1.1209814e-07 2.0647433e-06 1.3280918e-07 1.3740414e-08 4.293966e-07 8.947217e-09 5.9649957e-10 1.3020285e-06 1.9277503e-10 0.0005218886 1.7325441e-06 0.004910233 3.7316798e-07 2.4023468e-05 1.8601945e-07 1.8776677e-06 9.550654e-10 1.3387819e-10 2.1424482e-08 0.0021913687 0.0005779663 0.00010183693 9.093564e-08 3.5231896e-08 1.3086131e-07 0.00063743425 0.00011533222 9.024049e-09 0.00023940435 3.1382746e-07 1.2379839e-07 1.5247615e-09 1.4446028e-05 6.657656e-07 0.00019066565 3.548493e-08
0.9680967 0.19078428 0.54728353 0.79069585 0.84501964 0.092279926 0.004751073 0.98708624 0.48300132 0.0002115506 4.3638453e-09 5.3693424e-05 0.41880956 0.00012488071 0.00071883935 2.5327588e-05 0.98010457 0.051273827 0.23769891 0.050914574 0.0010592478 0.04755775 0.035426173 0.009266122 0.0018409826 0.034051422 0.57118666 0.029760193 0.0063776993 1.9002478e-05 0.0011005802 2.6695466e-06 0.005151303 0.15861563 0.00020044268 1.8328376e-06 0.006376659 0.0043435344 0.000117945485 5.5219493e-07 1.3295164e-05 0.00014755648 0.06024533 0.0004687066 0.37162387 0.0022246956 2.918129e-06 0.17809784 2.8070666e-05 8.381928e-05 1.1330003e-06 0.02505105 0.0081905415 6.544192e-06 0.0010967538 2.9624849e-05 0.00045773556 9.055686e-06 3.3374218e-07 4.1443487e-05 0.105369344 0.22725634 0.00034234565 0.75288206 0.05407499 2.798548e-07 0.000692935 4.142973e-07 1.4574499e-07 1.8100033e-07 1.5902598e-08 8.50008e-06 2.6611317e-05 1.1769848e-08 0.00011830021 0.00051978754 0.013105498 0.00014771248 0.020462485 1.2185838e-05 7.119388e-08 4.3252488e-08 3.8118083e-05 4.5419742e-06 0.009362634 0.00022317388 0.038732603 2.961277e-08 0.000114823226 3.7466896e-05 0.008578127 0.0003383598 6.053046e-08 0.7361268 1.259075e-07 1.45844e-05 1.6895247e-06 9.8472075e-05 0.00017257682 0.566367 1.2020241e-05
0.7568649 0.989015 0.0028544073 1.0258207e-05 6.865846e-06 2.4846096e-05 1.1275276e-06 6.40646e-05 2.0115607e-07 0.7266764 5.3693424e-05 1.3332851e-10 0.09196828 0.033783194 0.013385996 0.9861618 9.7102245e-05 4.557377e-06 1.1281413e-07 3.050637e-08 6.949363e-06 2.6772628e-07 8.1634033e-07 2.073557e-07 1.0972713e-08 0.00031015874 0.0009090058 0.0051069134 6.808086e-09 2.7616041e-08 8.495727e-10 0.9910724 0.00013969514 1.167098e-07 4.5060563e-08 3.316855e-10 2.6002168e-08 1.4777763e-07 1.122195e-06 6.622075e-09 1.00913596e-07 7.117487e-08 6.38504e-08 2.0179602e-08 0.0014143669 0.3364802 0.035784498 0.14011607 0.7151503 0.35098043 2.2110189e-07 4.985945e-07 1.9489894e-07 1.4731924e-08 3.772923e-08 9.145603e-09 0.34750813 2.3719943e-08 5.363394e-09 0.03462844 0.027958287 1.2174762e-06 2.3060911e-06 5.542431e-05 2.745775e-07 1.0510746e-06 1.1789999e-07 0.000117241325 4.6800285e-08 0.0029717607 0.00015135779 2.123558e-09 2.2889361e-07 3.93445e-09 0.032883707 7.056133e-08 0.062434513 1.1146525e-09 5.9044964e-07 3.3876577e-07 0.002099028 4.0351985e-08 9.606449e-10 4.422896e-07 0.02783508 0.012903607 7.3670103e-06 3.7179254e-07 1.3192716e-09 3.2520057e-07 0.005065323 0.0006805951 4.2928743e-08 0.00021123412 6.0793718e-05 3.8965496e-07 1.8293099e-08 0.0010084463 7.289387e-08 0.00042913403 1.8706086e-07
0.92362636 0.92300284 0.4284717 0.070082374 0.020965718 0.014608984 0.0013478881 0.62138015 0.0031672958 0.9151322 0.41880956 0.09196828 3.06717e-09 0.7261976 0.9893073 0.11372916 0.6941879 0.0020161197 0.0038890676 0.00030410607 0.00032813384 0.00051554013 0.00030903766 0.00042842477 7.5932604e-07 0.85531414 0.9404303 0.720292 7.916008e-05 7.0037204e-06 6.1400888e-06 0.009625415 0.2361554 0.0012831219 8.3645756e-07 2.1642174e-07 0.00025489175 3.7043566e-05 0.00034326746 6.565158e-08 5.7340417e-06 1.3297166e-05 0.023200193 3.3049303e-06 0.6236799 0.6388547 0.0002922722 0.83970904 0.12435028 0.062163398 7.106391e-08 0.0013387208 0.0006739454 3.309451e-07 0.00020804035 1.2509268e-07 0.14854908 7.3908274e-07 8.4068967e-07 0.0022499603 0.54856706 0.0143359 1.2345318e-05 0.14052406 0.0015536412 5.8294547e-09 0.0004671568 2.242985e-08 1.05789555e-08 6.6590883e-06 2.260396e-08 2.0730141e-08 1.0823754e-05 1.591501e-08 0.004958987 9.150943e-05 0.11495071 5.765198e-06 0.0028742661 1.0754369e-06 3.650478e-07 3.9094154e-08 8.7960835e-08 6.7563812e-09 0.07368662 0.009658552 0.004560332 2.6812423e-08 2.9957853e-05 1.7750649e-06 0.04235928 0.00080463017 7.592951e-10 0.05149445 4.404796e-07 1.0056212e-06 1.7887004e-08 0.0005322086 1.5853395e-05 0.027736884 4.6915733e-07
0.20963837 0.08015307 0.0018647292 1.0180543e-05 1.1798716e-05 2.2020211e-05 4.4975323e-07 0.00089417247 1.8486612e-06 0.99080783 0.00012488071 0.033783194 0.7261976 1.0260754e-08 0.9988445 0.9475677 0.0008296175 1.0317053e-05 7.412741e-06 2.598779e-06 4.2194716e-07 2.5325862e-06 1.0233388e-05 4.1662765e-06 1.5709469e-07 0.029673146 0.004586018 0.0055880006 4.0907287e-07 1.8920956e-09 4.3114113e-08 0.0060311104 0.011322388 2.630422e-05 9.484024e-08 9.076343e-11 1.084459e-06 2.6892628e-06 6.218746e-07 1.3570176e-09 1.7362806e-06 2.0541904e-06 1.6795077e-05 8.8023234e-07 0.010283966 0.093864754 0.0005740559 0.053711668 0.06108639 0.014115628 7.549315e-09 5.209381e-06 5.1047896e-06 4.096274e-08 4.9194496e-06 2.543751e-07 0.038888603 2.9401494e-06 1.3549474e-07 0.00028496585 0.018042898 8.9231886e-05 2.1642802e-06 0.00038254773 4.8295493e-05 3.544467e-07 4.9002565e-06 5.8723327e-08 1.3669489e-09 1.1874618e-07 4.4533127e-08 8.5073854e-10 1.7141664e-06 6.026303e-10 0.0009079644 2.5264155e-06 0.013416855 6.524773e-08 2.901403e-05 2.2333568e-06 4.854709e-06 1.5195406e-10 9.2968575e-09 4.752747e-09 0.0068309447 0.00065399095 6.710968e-05 3.6014256e-08 5.6624568e-08 6.616892e-07 0.0023724847 6.667893e-05 3.4868556e-08 0.000213752 1.7667988e-07 1.3860641e-06 7.78863e-09 4.2033926e-06 6.089593e-06 0.00018854627 7.563545e-08
0.6809456 0.18816711 0.0039218864 8.099335e-05 4.143637e-05 7.741994e-06 2.3237756e-07 0.0077709476 4.2071824e-06 0.3694114 0.00071883935 0.013385996 0.9893073 0.9988445 6.199926e-11 0.80693924 0.0036953294 4.5780034e-06 2.2558212e-05 3.1941545e-06 5.373976e-06 2.844936e-06 3.2941496e-06 1.4849778e-06 2.384936e-09 0.3206227 0.04260166 0.12637646 8.203419e-08 2.304709e-09 1.5322579e-08 0.017947135 0.16473226 4.165488e-05 4.3584134e-07 5.9430294e-11 7.7143517e-07 2.5095713e-07 2.991848e-07 6.07643e-10 2.4390227e-08 3.2577796e-07 0.00094875897 8.781549e-08 0.07574919 0.6794166 0.0029355763 0.3322595 0.5379494 0.20669796 1.2944555e-09 1.9919915e-05 5.1818665e-06 7.936749e-09 5.067808e-06 2.6389332e-08 0.34036595 1.7238229e-07 3.815672e-08 0.0047305087 0.13135308 0.00055068644 5.412868e-07 0.0042698 0.0001376837 5.0734826e-07 7.369396e-05 1.8716694e-08 6.015373e-09 1.8776488e-07 1.191845e-08 2.9725353e-10 4.5115943e-08 9.234111e-11 0.005708684 4.802261e-06 0.065281875 1.8962216e-07 0.00010925748 1.1415173e-06 4.072706e-05 1.0448621e-10 1.2672928e-08 1.3812431e-09 0.040796064 0.0044924594 0.00020725992 1.0358953e-09 9.823879e-09 1.2069596e-06 0.015944006 0.00029865387 1.4244654e-10 0.0037604193 1.852422e-06 5.62479e-07 2.566253e-09 7.705588e-05 1.4565927e-05 0.0014039511 1.1885487e-08
0.6837231 0.24489602 0.00010168127 7.3496835e-08 6.0040826e-09 7.3176096e-08 2.7096556e-09 2.3796087e-05 1.6289339e-09 0.99775994 2.5327588e-05 0.9861618 0.11372916 0.9475677 0.80693924 5.703879e-14 4.1778294e-05 4.7002255e-09 1.4849934e-08 2.437609e-08 2.1533857e-09 2.7750353e-09 3.2458551e-09 1.8334728e-09 6.4059352e-12 0.013074244 0.0008839418 0.004786873 3.635024e-10 1.6311716e-10 1.8535342e-11 0.6963654 0.00990365 2.5890962e-08 2.3452598e-11 3.766076e-13 2.3114877e-10 1.2336071e-10 1.40394025e-08 1.2187038e-12 1.2831894e-09 2.914552e-10 6.559973e-09 1.4571391e-10 0.0072424733 0.5974727 0.12550429 0.109997824 0.8320896 0.44179326 1.5228745e-10 1.6341627e-08 3.0658793e-08 1.4803306e-11 3.7740463e-08 3.7011727e-10 0.35689104 3.8055745e-09 4.3124024e-10 0.01161323 0.05125581 2.3059647e-07 1.1112417e-08 0.00024881202 4.4243095e-07 2.712557e-07 2.6352513e-08 2.6936266e-06 2.4243907e-11 3.1093316e-06 2.2412969e-07 2.3593679e-13 4.2993378e-09 3.9807898e-13 0.030399503 1.0259952e-08 0.112676784 1.8810309e-09 3.0561523e-08 2.2332e-07 1.3963273e-05 4.3642402e-11 1.0339219e-12 5.6849574e-11 0.05731048 0.013155787 1.6976148e-06 2.1323736e-09 1.6973855e-11 3.498547e-08 0.02066055 0.0011538273 2.4654795e-10 0.000654707 5.3457388e-08 1.8797621e-08 4.390038e-11 5.6543548e-05 1.2939476e-08 0.00024131309 2.4356487e-11
0.98810154 0.48968002 0.7100851 0.63762724 0.6168415 0.10320834 0.005248484 0.94335103 0.32241434 0.0016507232 0.98010457 9.7102245e-05 0.6941879 0.0008296175 0.0036953294 4.1778294e-05 2.85082e-09 0.057636414 0.09953607 0.020997306 0.000825719 0.037851773 0.02461975 0.011404212 0.0016417719 0.27607533 0.8886072 0.09516248 0.0025306742 2.0557278e-05 0.0004486921 4.278068e-06 0.025183711 0.08164878 0.00013765863 1.5610908e-06 0.0028852106 0.0019417079 0.00031543896 4.4294646e-07 2.0073842e-06 2.6577763e-05 0.19663864 0.0002532944 0.6848876 0.018793156 2.6200732e-06 0.3697583 0.00013175712 0.00013626118 3.8553756e-07 0.018146737 0.0067024548 3.319764e-06 0.0005128905 2.9899443e-06 0.002258747 3.3291615e-06 2.5255625e-08 0.000100423735 0.2512086 0.24867155 0.00028492833 0.82624274 0.03883615 3.8990774e-07 0.0020836114 1.0770268e-06 1.2804698e-07 3.1476552e-06 3.425184e-08 7.773096e-06 8.615792e-06 3.9402728e-08 0.0001601043 0.00048195926 0.03565059 0.000110145906 0.023415785 2.1394055e-05 4.326503e-06 7.139241e-08 1.973606e-05 5.919319e-07 0.024841791 0.00031025693 0.04993273 5.993925e-08 6.590757e-05 2.7431082e-05 0.027890839 0.00045764673 3.8519907e-09 0.8780402 2.293118e-07 4.1353982e-05 1.1976355e-06 0.00012400452 0.00022929313 0.7270885 3.5944677e-06
0.64781946 0.03973162 0.0068972954 0.25073114 0.0012565262 0.0867854 0.5516661 0.0005406683 0.966744 4.263087e-05 0.051273827 4.557377e-06 0.0020161197 1.0317053e-05 4.5780034e-06 4.7002255e-09 0.057636414 3.197299e-10 0.18194273 0.43531853 0.23446283 0.7569234 0.98841184 0.99075985 0.8933719 5.1269274e-07 0.004613604 0.0013262016 0.3345642 0.0069876825 0.058462832 1.1691967e-07 1.2872179e-08 0.2232099 0.0011033425 4.3157866e-05 0.0028654945 4.678951e-05 0.007408979 5.8747414e-06 6.8140207e-06 0.00027259477 1.7494387e-05 3.870445e-06 0.0019040502 2.9383742e-05 2.7892211e-08 0.0011222375 3.592144e-06 5.0605445e-06 3.992621e-06 0.019634765 0.024496011 1.2862067e-06 0.013560186 6.26781e-06 1.2393021e-05 0.00026982056 1.7094233e-05 6.938628e-06 0.00033856783 0.037150297 0.00027269902 0.0065247095 0.10197424 1.5091404e-09 1.1442171e-06 7.1097768e-09 2.9475725e-08 3.385163e-08 2.2469739e-10 4.069988e-09 1.3160711e-05 5.4429323e-09 6.072708e-07 0.00014150664 0.00023762423 0.00027909907 0.002680739 1.5771434e-09 3.2009725e-10 1.907846e-08 6.49441e-10 3.0373762e-08 0.00018137436 2.7022509e-06 0.009140229 8.840032e-08 3.2213426e-05 3.3628116e-09 0.00011702628 1.0302173e-06 4.605595e-10 0.008904109 3.899949e-08 1.5243987e-08 1.2915997e-09 1.35423315e-05 3.4446896e-07 0.0066053267 6.548125e-08
0.96648544 0.0029772555 0.05505862 0.6044162 0.97081494 0.025844092 0.0024249787 0.3851917 0.8680881 0.0001129674 0.23769891 1.1281413e-07 0.0038890676 7.412741e-06 2.2558212e-05 1.4849934e-08 0.09953607 0.18194273 3.2761943e-10 0.98149014 0.001253885 0.5915422 0.23239332 0.07092431 0.048871674 0.00084806915 0.023432238 0.00095157657 0.3777531 0.00014144565 0.09463704 7.999289e-07 9.824694e-05 0.9646769 0.0055335714 2.8387638e-05 0.11074476 0.04793666 0.0015864142 1.0756005e-05 0.00040551188 0.0021791158 0.046946365 0.01047302 0.030177426 3.37875e-05 1.2421953e-07 0.0045551034 3.3834397e-06 1.7547856e-05 6.4258406e-06 0.37692785 0.26225036 0.00026659798 0.084940694 0.00010746516 6.329226e-05 0.00017082752 2.1080766e-06 8.557389e-06 0.011732224 0.75653374 0.0019365676 0.2803092 0.80155057 4.0239772e-08 0.00022317364 3.1168383e-07 1.315189e-07 1.9358409e-07 1.1678145e-08 7.828949e-05 0.00023248653 1.1826647e-08 4.492995e-06 0.005169332 0.0025051788 0.0031077089 0.09294885 9.4513706e-07 1.352986e-07 8.916404e-08 2.7918066e-05 9.994493e-06 0.0027069494 5.0929273e-05 0.25826734 9.679758e-07 0.0034510281 3.993219e-06 0.0065992223 7.1199414e-05 1.9998012e-07 0.24931219 1.1690608e-07 3.9410693e-06 3.4077266e-06 5.60517e-05 0.00011143565 0.2004613 3.734792e-05
0.9402712 0.0009496665 0.008516608 0.6563516 0.9095773 0.02493685 0.0028506964 0.07880759 0.9499257 7.581705e-05 0.050914574 3.050637e-08 0.00030410607 2.598779e-06 3.1941545e-06 2.437609e-08 0.020997306 0.43531853 0.98149014 3.2486238e-09 0.0020331028 0.9559699 0.589811 0.15192099 0.17304009 0.00013784491 0.0022256654 0.00025085988 0.80475974 0.00016622228 0.4004614 1.8472275e-07 3.6008132e-05 0.9361276 0.021562181 3.6651752e-05 0.31151906 0.10482851 0.004150418 1.2508126e-05 0.00038498006 0.015573883 0.012067975 0.05917467 0.007275435 6.6887005e-05 3.2852142e-08 0.0014847995 2.1496096e-06 3.3932225e-05 2.2076625e-05 0.32934347 0.2519945 0.0018014493 0.089502186 0.00065238384 1.7699205e-05 0.00130586 3.233849e-05 9.777152e-06 0.002805088 0.58520764 0.0043737036 0.055653337 0.7490372 3.4409975e-08 3.0122093e-05 1.9346948e-07 8.885608e-06 2.7896348e-07 2.4951332e-09 0.00045710432 0.0014197867 3.8940829e-07 2.4913636e-06 0.006522544 0.00034294184 0.0028249011 0.06364125 4.3144982e-07 1.9943311e-09 2.0844986e-06 3.7357324e-05 1.8203815e-05 0.0012952017 5.951535e-06 0.21970464 1.7885316e-06 0.0030600461 7.657019e-07 0.0010430648 1.15095045e-05 7.844749e-07 0.040554468 7.24155e-08 2.533897e-07 9.713919e-05 4.353406e-06 1.07205515e-05 0.029335143 0.00023446619
0.0008321774 0.51483786 0.0042519984 0.05505279 5.6194393e-05 0.1806394 0.95955336 9.9498364e-05 0.16107936 1.8638641e-06 0.0010592478 6.949363e-06 0.00032813384 4.2194716e-07 5.373976e-06 2.1533857e-09 0.000825719 0.23446283 0.001253885 0.0020331028 1.0556358e-09 0.0032114077 0.012654928 0.98983 0.0020700155 1.0707278e-07 0.00014690233 0.0002555616 0.00084334327 0.9999205 0.00017414762 7.2574726e-06 1.3736712e-09 0.00022195216 2.2134813e-05 3.569478e-05 7.311887e-05 2.2523634e-06 1.7418024e-05 4.748529e-07 6.397259e-07 5.416643e-07 4.068042e-08 1.7048077e-07 8.157769e-05 7.3750766e-07 5.1850722e-05 1.1661311e-05 1.6910938e-07 8.281641e-06 9.554503e-07 9.658987e-06 1.26392115e-05 2.2677892e-08 2.068498e-06 1.378341e-06 1.5264457e-06 6.52675e-07 6.357977e-08 2.774169e-06 4.4580725e-06 0.000118904325 0.00012256147 3.7820108e-05 4.9537543e-05 7.343724e-09 1.3530803e-07 1.7279179e-07 1.9344142e-07 6.3730865e-10 3.3322806e-08 7.257029e-10 1.09692046e-07 3.0068292e-10 7.368506e-08 4.8473373e-07 2.6006755e-06 1.0895175e-08 1.4717968e-06 1.6645854e-09 6.79612e-10 2.7713483e-09 1.2258511e-09 8.3302276e-10 4.4953645e-06 1.3969412e-07 3.0481846e-05 1.780942e-08 4.1134887e-09 5.7212834e-09 4.8490824e-06 2.2486523e-08 2.0030065e-10 6.253663e-05 5.318328e-07 1.0224355e-09 1.4207158e-10 7.329595e-08 8.1269214e-08 2.639013e-05 4.2420844e-08
0.93040043 0.00019661844 0.0010778973 0.05891344 0.01552605 0.005367044 0.010459412 0.0018723811 0.7790752 5.009973e-05 0.04755775 2.6772628e-07 0.00051554013 2.5325862e-06 2.844936e-06 2.7750353e-09 0.037851773 0.7569234 0.5915422 0.9559699 0.0032114077 1.0446603e-11 0.97807944 0.54744315 0.95506847 6.271694e-07 0.004482005 0.00064493704 0.82112575 0.00019030778 0.7764448 6.3007695e-07 2.7209888e-08 0.8509443 0.017197452 4.138839e-05 0.09685517 0.0063716047 0.011332472 0.00010650488 0.00058911584 0.0066030216 0.0003015801 0.0010764949 0.004898129 3.09766e-05 2.9487307e-08 0.0015138312 9.440746e-06 5.4666496e-05 2.85125e-05 0.3857164 0.39411095 4.425989e-05 0.15911388 0.00014804516 6.44945e-05 0.0049918857 6.3171356e-05 4.6540117e-05 0.0014925397 0.48351556 0.0010826604 0.028760815 0.81968385 1.6994184e-09 1.5094437e-06 7.748834e-08 4.0909956e-08 4.753683e-08 2.0334099e-09 2.435037e-06 0.0012174165 5.4671574e-08 1.4162962e-06 0.0075805993 0.00068625534 0.0051920046 0.037697703 1.0846967e-08 1.4038679e-08 5.6769906e-08 2.6656846e-08 5.78636e-06 0.00096497807 1.2199104e-05 0.1563911 7.5924487e-07 0.0027327372 1.6876001e-08 0.00076468696 2.2668932e-05 4.6593293e-08 0.022342598 1.9139446e-07 8.16695e-08 9.581915e-07 2.2401538e-05 6.812613e-07 0.013174507 2.1933838e-05
0.78965276 0.0004458925 0.0005564481 0.03567404 0.00056206295 0.006369026 0.020551857 0.00010317078 0.8645074 1.4210878e-05 0.035426173 8.1634033e-07 0.00030903766 1.0233388e-05 3.2941496e-06 3.2458551e-09 0.02461975 0.98841184 0.23239332 0.589811 0.012654928 0.97807944 1.6803854e-09 0.6854296 0.98481506 3.2047527e-07 0.0007038565 0.00031975258 0.69232607 0.00014484081 0.3053031 9.214894e-08 5.7429097e-09 0.381927 0.0069043534 1.5083679e-05 0.0068621184 0.00032295447 0.0019679086 3.0047324e-05 5.06298e-05 0.0006625771 3.162596e-05 4.0526516e-05 0.0009961402 1.9061265e-05 2.5341128e-08 0.00044543648 2.7783444e-06 5.2518308e-06 3.00574e-06 0.094141416 0.12364112 6.3946636e-06 0.039161082 4.195889e-05 5.071347e-06 0.0007704629 4.3754386e-05 6.451311e-06 0.00028316537 0.11665212 0.00044707343 0.0070124255 0.30400062 2.9466646e-10 2.5590402e-06 1.5808283e-07 9.353744e-08 3.9043034e-08 1.7672647e-08 1.1211227e-07 0.00010129298 5.743427e-08 1.2103876e-06 0.0008929028 0.00036446087 0.0005783988 0.011645176 8.597478e-10 5.417595e-10 4.267038e-08 2.393266e-09 1.9250353e-06 0.00026990034 7.266178e-06 0.03386059 5.565609e-07 0.0001436424 1.1831921e-09 0.00017346554 5.767051e-06 1.3428271e-07 0.01007415 1.3688381e-07 3.3828588e-08 6.4213043e-07 3.1956613e-05 3.3586673e-07 0.007039173 2.8310733e-06
0.21978149 0.09807869 0.0006838215 0.066704534 6.639218e-05 0.12982005 0.36428246 2.082746e-06 0.7207298 9.397574e-06 0.009266122 2.073557e-07 0.00042842477 4.1662765e-06 1.4849778e-06 1.8334728e-09 0.011404212 0.99075985 0.07092431 0.15192099 0.98983 0.54744315 0.6854296 2.2616455e-09 0.9754169 9.6481415e-08 0.00047347645 0.0001178326 0.44364455 0.46064168 0.02554597 3.4835898e-07 1.0262335e-09 0.05255587 0.057647493 0.21699229 0.003023839 1.2401428e-05 0.4767455 0.0009739053 0.00014429526 0.0010351357 1.319207e-06 1.528934e-06 0.0007837529 3.7083807e-06 1.6951823e-07 0.00019535402 1.6061401e-06 1.3616374e-06 0.00045485937 0.010073511 0.014951076 1.5942126e-06 0.0071903 4.606986e-05 6.603975e-07 0.0010891537 1.7226923e-05 1.0194848e-06 0.00012775455 0.02106624 0.0002849354 0.0005939017 0.031490345 3.180777e-11 4.603817e-08 1.0832164e-08 4.3243244e-08 3.9014896e-08 1.6883357e-10 4.279857e-09 1.460071e-05 1.8920714e-08 4.3623405e-08 0.00016711332 3.8607996e-05 2.3758692e-05 0.0015706528 4.580418e-10 1.5232657e-11 2.162905e-07 1.4712375e-09 1.0249103e-07 8.526242e-05 1.6716967e-07 0.0026794788 2.2313436e-07 3.09745e-05 7.4788986e-10 0.00021914783 1.3660238e-07 3.3139275e-10 0.0018543408 6.18865e-09 4.284927e-10 2.0676545e-09 1.9412457e-06 1.2740261e-07 0.00086428795 5.7233173e-08
0.6568505 7.658788e-05 0.00019069422 0.008274268 0.00018633311 0.008502962 0.008086378 7.773538e-05 0.4746369 5.2551876e-08 0.0018409826 1.0972713e-08 7.5932604e-07 1.5709469e-07 2.384936e-09 6.4059352e-12 0.0016417719 0.8933719 0.048871674 0.17304009 0.0020700155 0.95506847 0.98481506 0.9754169 1.1837049e-12 1.2001028e-06 2.3576164e-05 5.0068627e-07 0.95437133 0.00017852258 0.8075836 4.5691637e-09 6.874284e-08 0.06658142 0.61106503 0.0006269966 0.07553147 0.0010262175 0.036849443 0.00568207 0.013638377 0.056986924 3.5121695e-06 0.0014667882 8.8237466e-05 2.2714093e-07 2.8483998e-10 7.883932e-06 1.7501294e-09 1.2218553e-08 0.010388972 0.05652061 0.0820704 0.00045064866 0.04954182 0.0010042974 1.6310613e-08 0.0043510366 0.0010414723 1.538607e-08 4.9682312e-05 0.03344707 0.0041458453 0.0003316954 0.15968457 6.5731953e-10 5.8752994e-07 2.7547475e-09 2.623954e-06 8.599019e-10 2.6455982e-10 3.7271154e-06 0.0021589124 7.2353544e-07 1.1775934e-08 0.0017781913 4.119423e-06 0.003609128 0.007856901 1.891035e-07 2.0957992e-11 1.56984e-07 8.4085804e-07 6.5776167e-06 3.8690858e-05 5.6003415e-08 0.022928497 2.6011146e-06 0.00090220885 2.0291094e-07 1.3022589e-05 2.0325434e-07 1.4660686e-06 0.00094967376 6.579969e-10 1.8675482e-07 1.9931535e-06 2.9111217e-08 3.88594e-07 0.00024782048 1.8206836e-05
0.76147175 4.6198995e-05 0.006688015 2.46216e-06 0.0008810244 6.8174097e-07 3.9716197e-06 0.06253206 1.6798912e-06 0.024707537 0.034051422 0.00031015874 0.85531414 0.029673146 0.3206227 0.013074244 0.27607533 5.1269274e-07 0.00084806915 0.00013784491 1.0707278e-07 6.271694e-07 3.2047527e-07 9.6481415e-08 1.2001028e-06 2.7638566e-10 0.97855556 0.9961415 5.7541072e-08 1.2072796e-08 1.1433646e-05 0.006434632 0.9178074 0.007696225 1.9969395e-08 1.6286504e-10 9.637682e-05 6.885173e-05 2.6869057e-07 6.859581e-10 7.5439175e-09 5.516504e-08 0.3517497 0.00016791048 0.81945497 0.6333926 0.0011437879 0.78876966 0.04670058 0.06991687 1.12972e-10 0.0035487525 0.0015407297 1.2587955e-05 0.0006687629 3.9635868e-08 0.12894018 1.0084828e-05 7.550759e-08 0.006670078 0.43418488 0.015714446 1.4664071e-06 0.17811206 0.0035046919 0.0027700567 0.030254833 3.7318066e-06 7.911962e-09 2.4985576e-07 5.54734e-06 0.00010680391 7.620439e-06 1.8167476e-11 0.0024608432 0.00041645012 0.0766933 9.147742e-05 0.0035566709 0.0003664001 0.00012753665 2.2392171e-10 4.38161e-05 3.5061004e-07 0.031838283 0.007291175 0.004490804 4.218475e-08 9.406357e-05 0.00022182796 0.029149774 0.0027227844 2.9286608e-07 0.05998853 2.668205e-06 0.0009809467 5.0768466e-07 0.00024694073 0.0015953511 0.028223917 3.5515136e-06
0.9436974 0.72317195 0.5471044 0.20636696 0.072594255 0.02176255 0.00072787766 0.5711054 0.030576782 0.0055753314 0.57118666 0.0009090058 0.9404303 0.004586018 0.04260166 0.0008839418 0.8886072 0.004613604 0.023432238 0.0022256654 0.00014690233 0.004482005 0.0007038565 0.00047347645 2.3576164e-05 0.97855556 9.389752e-10 0.95732754 0.000453639 1.784836e-06 6.126353e-05 0.00017305675 0.45908892 0.05675091 1.2753804e-05 1.5771676e-07 0.0012389543 0.0006680735 5.7741094e-05 3.9165297e-07 4.7125036e-06 5.634685e-05 0.5763346 0.00021275709 0.9439762 0.12350999 1.5753923e-05 0.79027 0.0022391053 0.0010483378 1.5136332e-07 0.026290517 0.006882462 1.6634976e-06 0.0006082702 3.6061792e-06 0.010777534 4.8966035e-06 1.2342839e-06 0.00010726029 0.549264 0.13689639 0.00027797994 0.70544565 0.009883383 7.137539e-08 0.006637962 1.628847e-07 2.8352923e-07 2.2303852e-06 1.925349e-08 1.6492831e-05 1.1253122e-05 6.157968e-08 0.00058082934 0.00078306446 0.044958882 4.2768137e-05 0.01813226 3.8667687e-05 1.0029875e-06 1.0749473e-07 6.4746615e-05 1.5132991e-06 0.024973568 0.0007472548 0.023285633 6.549574e-08 5.1835887e-05 2.6613523e-05 0.01847643 0.00027904773 1.2500176e-08 0.5303342 2.1616802e-07 2.2165526e-05 1.8646803e-06 0.000118997115 0.00044661688 0.3233263 4.4655208e-05
0.9253113 0.36361876 0.06353205 0.013184475 0.004226643 0.0012191413 0.00017892635 0.07234957 0.0024214487 0.00352277 0.029760193 0.0051069134 0.720292 0.0055880006 0.12637646 0.004786873 0.09516248 0.0013262016 0.00095157657 0.00025085988 0.0002555616 0.00064493704 0.00031975258 0.0001178326 5.0068627e-07 0.9961415 0.95732754 1.0646357e-09 5.8850906e-05 2.4039362e-06 6.873448e-07 0.0020629112 0.87875867 0.00032574052 3.858602e-05 1.2226464e-07 0.00017701795 0.00033241298 2.9129254e-05 7.7951135e-08 3.1359396e-06 1.53264e-05 0.14670672 9.920915e-06 0.8485474 0.65829265 0.00052462623 0.8858607 0.029105661 0.043225423 8.955618e-09 0.0011938064 0.0005169598 3.5670035e-07 0.00022353853 1.0206264e-05 0.25932497 4.0469495e-06 6.339743e-07 0.0025010754 0.7621418 0.015605528 0.0002459935 0.23121133 0.0019110194 3.9806506e-05 0.021522816 1.5296079e-06 1.1396534e-07 1.9087088e-06 1.5001915e-06 4.7484068e-07 3.433671e-06 6.8024657e-09 0.0040741554 0.00026095376 0.20461762 3.2457257e-05 0.0039472333 0.00021218689 0.00018965211 6.92422e-09 1.3766301e-05 5.99421e-08 0.095176704 0.009032003 0.0076192594 2.3704521e-08 2.662048e-05 0.00020066836 0.064542815 0.0017136836 2.7255063e-09 0.10706504 3.414026e-05 0.00033423956 8.5654347e-07 0.0004419043 0.0016739981 0.07527326 3.432905e-06
0.95905286 5.938637e-06 1.7909733e-05 0.007881407 0.003044354 0.000776278 0.0020784247 0.00011384939 0.1369759 1.2820534e-05 0.0063776993 6.808086e-09 7.916008e-05 4.0907287e-07 8.203419e-08 3.635024e-10 0.0025306742 0.3345642 0.3777531 0.80475974 0.00084334327 0.82112575 0.69232607 0.44364455 0.95437133 5.7541072e-08 0.000453639 5.8850906e-05 2.0127205e-12 0.00019671617 0.98915374 8.8446654e-09 3.9018078e-09 0.67905337 0.4205899 0.00010741075 0.6320491 0.048727818 0.12553494 0.004529104 0.11890741 0.19076867 0.00022301495 0.04771856 0.00089159067 6.6669134e-07 3.5697871e-09 0.00019404112 4.2743383e-07 6.043547e-06 0.0048039355 0.815205 0.7348224 0.002330607 0.6219567 0.0024780207 7.63848e-07 0.04015625 0.0019376669 5.6888057e-06 0.0002754952 0.5359693 0.007450006 0.012966663 0.8764344 4.273582e-10 2.0226228e-06 6.448168e-08 4.4990335e-07 3.987206e-08 1.7166324e-09 1.5665484e-05 0.020845084 2.513413e-07 1.4246048e-07 0.0422028 0.00030967814 0.026535388 0.25404692 5.1328315e-09 1.1026102e-09 1.2751322e-07 6.376412e-08 2.719867e-05 0.0010005761 4.6532637e-06 0.5101079 5.420376e-06 0.02394747 9.772522e-09 0.00042564693 9.394645e-06 1.6111691e-06 0.022293504 3.0772096e-08 2.1600191e-07 0.00017377964 1.8560286e-05 5.0199634e-07 0.013705319 0.0011584951
2.3830084e-05 0.06334075 1.5770218e-05 0.0003785112 2.2848e-06 0.0021375804 0.010336274 2.6243458e-07 0.0027173096 1.8171422e-08 1.9002478e-05 2.7616041e-08 7.0037204e-06 1.8920956e-09 2.304709e-09 1.6311716e-10 2.0557278e-05 0.0069876825 0.00014144565 0.00016622228 0.9999205 0.00019030778 0.00014484081 0.46064168 0.00017852258 1.2072796e-08 1.784836e-06 2.4039362e-06 0.00019671617 3.564061e-15 2.2554812e-05 3.2318786e-07 5.241838e-10 3.600597e-05 9.969085e-06 0.9999657 3.3656045e-06 4.119146e-07 9.731491e-05 6.6389106e-08 6.8579305e-07 7.851244e-07 1.4304342e-09 1.7596497e-08 2.2186514e-06 3.6672148e-08 1.3198154e-07 5.556238e-07 9.001299e-07 1.3648096e-06 1.9806444e-07 4.367232e-06 2.6543605e-06 7.1958763e-09 8.7809593e-07 1.6982261e-07 3.091328e-08 6.1829425e-08 6.6777557e-09 2.3460987e-07 7.8535244e-08 2.9145149e-05 3.8761136e-05 1.9560307e-06 5.824898e-05 2.476377e-09 1.1766346e-08 1.1809824e-09 5.807689e-10 9.282177e-11 8.9985e-11 6.273285e-11 5.602476e-09 3.7054512e-11 2.9402392e-08 2.2179523e-07 3.2170965e-07 1.8976507e-09 6.9227845e-08 3.190939e-10 5.55872e-12 1.13581445e-11 7.5773374e-11 4.043168e-10 9.0284104e-08 2.034857e-09 2.407853e-06 5.091069e-10 1.1870252e-10 1.4028842e-10 3.5644817e-08 1.6157148e-09 2.1591413e-11 8.319504e-06 2.8285105e-09 9.7035664e-11 2.2338962e-11 4.5708087e-10 7.372368e-09 3.6782942e-06 4.784469e-10
