1.3219414e-09 0.92667603 0.97526395 0.758844 0.9630764 0.87018436 0.97063124 0.9940674 0.8749604 0.7844893 0.93532944 0.98916614 0.8501638 0.9426472 0.86767465 0.95210576 0.12361435 0.27246502 0.9564888 0.9417196 0.8069582 0.83899045 0.99850804 0.94081753 0.79687905 0.9902199 0.8590714 0.9625845 0.9281398 0.22800018 0.12522338 0.0022742741 0.9555291 0.943566 0.94816816 0.96799827 0.8715534 0.58387524 0.54343283 0.09707459 0.66373795 0.69124824 0.0686005 0.8264244 0.95210856 0.9890555 0.95861983 0.99407804 0.76220846 0.9758406 0.93494534 0.9619144 0.98428416 0.9906255 0.9740095 0.9620303 0.9889978 0.1163763 0.8541191 0.89272803 0.9853421 9.531124e-05 0.95694596 0.9656815 0.8597996 0.90735406 0.8273615 0.021490615 0.98714644 0.8936624 0.05223673 0.927298 0.98524487 0.9950553 0.94364744 0.9718781 0.4066695 0.9250806 0.94955266 0.9527067 0.65159166 0.99227405 0.9363339 0.6344615 0.96069425 0.97972107 0.94331694 0.16953263 0.99985427 0.023902744 0.9978796 0.066032894 0.12900817 0.85570604 0.99714386 0.66892856 0.8035986 0.99459183 0.9994 0.21558759 0.89984494
0.92667603 4.0629292e-13 0.949292 0.9701676 0.966244 0.8871983 0.60889435 0.93969643 0.5531119 0.7123418 0.8578425 0.24632248 0.19932865 0.8185358 0.54448867 0.0077051255 0.045766845 0.021767685 0.19998716 0.16003586 0.03155571 0.036816392 0.0087645585 0.053986188 0.008321048 0.5803373 0.00094534137 0.001523041 0.00067930925 0.0007901304 9.1831716e-08 0.0003395217 0.00013642579 0.00086731446 0.0018390445 0.009789473 6.789524e-05 0.00019140789 0.009845842 4.3909216e-07 2.0417162e-06 0.002200214 5.0713816e-06 0.0015800945 0.00092061464 0.12493727 0.00026086744 0.003949684 0.0016682718 6.5945096e-07 2.7351018e-05 1.4977918e-07 5.849046e-05 0.05919348 0.2855394 1.3340821e-07 2.4568683e-06 1.6841307e-08 1.7919743e-07 5.0003495e-09 0.09951975 2.3004237e-08 5.514744e-09 1.581001e-06 1.017074e-07 1.3081764e-07 1.2756638e-07 2.5356734e-09 0.00039410417 1.0682046e-07 4.206309e-09 2.6467871e-08 0.09547646 0.015665052 5.1617278e-08 8.43591e-08 9.976014e-07 2.3409744e-05 2.5787407e-05 2.4778159e-05 3.545075e-09 0.0005563834 3.884249e-06 1.3322244e-11 0.07240135 0.0044699144 5.895081e-06 1.6945544e-08 0.0035901375 1.3715579e-10 0.018925963 6.399677e-10 3.60027e-09 1.2619469e-09 0.0077184304 1.9679223e-09 4.6838283e-10 3.8368966e-05 7.023184e-06 4.9082603e-11 2.0562639e-10
0.97526395 0.949292 7.0217985e-13 0.339996 0.3494442 0.065722644 0.64770436 0.38180518 0.012476817 0.99649835 0.6385691 0.0043914774 0.79635173 0.8637956 0.0036945716 6.3672036e-05 0.16119543 0.04756791 0.27468556 0.24902914 0.0028925042 0.059396245 0.0011456547 0.56721777 2.6705053e-05 0.55646926 1.86053e-05 0.002726647 0.0019866056 0.09885534 4.667495e-08 0.00030831082 0.00020899509 7.0524607e-06 0.041142717 0.057658583 0.00087847805 0.022981245 0.007545466 5.2144185e-07 4.105236e-07 2.7775111e-05 0.0009648667 0.00043774943 0.0071952255 0.5527581 0.0015633719 0.06883646 6.13251e-06 1.40223365e-05 0.0001274276 7.311685e-05 0.0007295347 0.042828947 0.56358516 1.7207852e-06 4.2838594e-05 0.0051747328 1.2650204e-06 9.605011e-08 0.17828752 3.1846448e-05 3.7959836e-07 8.493203e-07 4.575899e-08 5.3758908e-05 0.00033284695 0.00017612515 0.007088563 4.0107025e-06 3.4827597e-05 1.4209961e-06 0.22080708 0.035547744 1.151675e-07 0.0005257409 4.9867317e-08 0.00043560518 2.5446465e-07 0.0003018952 3.746019e-08 0.008232195 5.8602712e-08 2.5679067e-10 0.57001454 0.059493396 3.7239047e-09 1.429019e-07 0.00025412283 2.0844103e-05 0.27205166 1.2916232e-07 9.593821e-07 2.1915436e-09 0.08697286 3.3952894e-08 7.2753295e-08 0.00017724719 0.00038561484 1.620039e-08 5.53203e-10
0.758844 0.9701676 0.339996 2.754758e-13 0.10826637 0.01648431 0.99565 0.1536147 0.0035238822 0.037324563 0.97807217 0.011849714 0.015129076 0.52787375 0.018307947 0.65398496 0.00061154953 0.00045934258 0.86045605 0.7194955 0.00056340813 0.00058147946 0.00014343967 0.004316487 0.21003653 0.46629333 1.8679277e-05 0.054904196 0.013951134 0.00028028362 3.0850533e-09 4.496749e-08 0.00218964 0.0012019699 0.06298045 0.116875656 0.004090821 0.00014576371 0.08698586 2.028646e-08 0.0047836215 0.010049235 1.515326e-05 0.002990218 0.013392475 0.40305492 0.002487079 0.057313185 0.0031696092 1.0127688e-05 5.321916e-05 2.3515377e-05 0.0019459298 0.0074751144 0.16963251 2.2346467e-05 2.1798189e-05 1.1126203e-06 7.114063e-07 2.0986818e-07 0.08067321 7.426071e-08 1.9067082e-07 8.635723e-06 4.14713e-08 1.938174e-05 7.768623e-07 3.318194e-08 0.0012025128 1.9520456e-07 6.759207e-08 1.7189062e-07 0.04142104 0.0066432245 4.2245144e-08 2.192973e-06 5.8887116e-07 0.0001508291 8.7025444e-07 2.740556e-05 3.1503322e-09 0.0006076188 1.374948e-07 6.115027e-11 0.05342794 0.01645884 5.465409e-07 1.9520678e-09 0.0004567622 4.125371e-08 0.019817634 7.1515704e-09 6.154199e-08 3.817537e-11 0.006342175 1.2990171e-08 9.0221395e-09 5.2566487e-05 5.191581e-06 9.378405e-10 7.5753903e-10
0.9630764 0.966244 0.3494442 0.10826637 1.5583217e-11 0.909198 0.06313711 0.9837598 0.8523096 0.018801345 0.0013040965 0.9037014 0.078397475 0.0030647467 0.80388355 0.08293545 0.0036186404 0.039878763 0.0004983811 0.0028930092 0.7200325 0.75280803 0.06296001 0.0065916586 4.3459124e-05 0.5963354 0.020463973 2.222705e-06 6.391722e-07 0.080133945 0.00034814363 0.0015270493 1.6193193e-08 0.24563907 9.442313e-06 0.00014192343 1.7704868e-06 0.00012318697 0.0003999736 0.002690047 1.9718912e-06 0.0021612844 1.4817142e-06 0.02291501 1.4610224e-05 0.0303745 4.4737367e-06 0.00048120102 0.004336411 5.682256e-08 1.6674947e-07 3.6900287e-06 5.183408e-06 0.38172206 0.33418733 3.4522586e-08 6.303892e-08 2.5902933e-05 1.5918957e-08 3.169474e-09 0.22382374 6.4490933e-07 3.1834753e-09 1.8928222e-06 8.145628e-10 1.267218e-06 1.6838248e-05 1.9256935e-07 4.2588403e-05 6.8089854e-08 1.2848194e-07 7.887372e-09 0.27654153 0.18460605 1.58131e-08 1.4563246e-05 2.0263373e-08 1.3209883e-06 1.4559411e-07 2.6470625e-06 2.2417523e-09 0.0002487477 5.353992e-07 1.2348707e-11 0.10060416 0.009038542 7.8732967e-07 1.2790526e-09 0.004569276 1.7243345e-05 0.043600783 9.277302e-09 1.0138597e-09 1.0220863e-09 0.010116083 8.917437e-09 3.6278937e-08 0.00072119356 1.202777e-06 1.569028e-08 1.3365449e-09
0.87018436 0.8871983 0.065722644 0.01648431 0.909198 1.6983635e-11 0.0056612073 0.8084008 0.9923092 0.0051094973 0.00063559157 0.41280946 0.034501206 0.0007936312 0.83342004 0.0011270322 0.0023011912 0.03811112 0.0006041294 0.0015252337 0.9656666 0.9429681 0.010963976 0.0028126512 8.895824e-06 0.12098935 0.020588314 5.3491487e-05 1.9414947e-05 0.15479568 7.339279e-05 0.03735072 1.293716e-06 0.010969285 6.843532e-05 0.0002560891 2.1579724e-05 0.00020754655 7.225832e-05 0.0010622158 3.299576e-08 8.704753e-05 4.236437e-06 0.005168378 5.001671e-05 0.0051381467 1.0263345e-05 0.0003850998 6.389131e-05 1.3506057e-06 5.7442276e-06 1.1851978e-05 9.3914685e-05 0.13483322 0.050647844 1.040606e-06 8.296574e-06 0.00015427594 3.0465424e-07 3.0772036e-08 0.020945847 4.856086e-07 5.7979545e-08 9.935604e-07 4.6203812e-08 1.1493906e-07 8.328101e-06 1.1486302e-07 0.00028660247 1.0645184e-08 2.9259093e-06 2.177388e-07 0.034149706 0.027954094 1.0611374e-06 1.6052672e-06 2.23436e-08 3.526247e-05 8.006925e-08 1.2401367e-05 1.08159014e-07 0.00019587264 1.938005e-08 1.5401998e-10 0.07561382 0.0011135992 4.4667534e-08 2.4655609e-09 0.00047888383 5.3787494e-06 0.008987541 1.34161295e-08 3.5637886e-08 2.7967348e-10 0.0017252062 1.3015368e-08 7.458948e-08 6.863644e-05 7.2040467e-07 1.06323e-08 1.186883e-09
0.97063124 0.60889435 0.64770436 0.99565 0.06313711 0.0056612073 7.941337e-13 0.105867036 0.0013957721 0.13579749 0.6841224 0.00075839827 0.11851566 0.2856918 0.0035942928 0.78356177 0.0017481438 0.002495617 0.86210024 0.7972991 0.0013142619 0.011604838 6.035722e-05 0.24205394 0.17409296 0.8029532 7.4307936e-05 0.008828429 0.0012216534 0.0013775212 2.0775038e-07 2.2793145e-05 0.00020305025 0.00090564153 0.25715828 0.520485 0.0036944747 0.02390785 0.021941867 5.8689174e-08 0.0009240085 0.04121119 0.00084615644 0.0041845883 0.118735276 0.8132324 0.020318575 0.35166726 0.0027526068 0.00039762972 3.1549278e-06 0.0055893348 0.004083789 0.021286225 0.55219185 1.4918915e-05 3.828382e-06 0.0024083282 1.6490134e-06 1.5522362e-07 0.3986374 3.159437e-05 1.5282306e-07 3.5788173e-05 3.9244465e-08 0.0009807358 0.00747397 0.00019973856 0.005258858 2.8708977e-05 6.132817e-05 7.721062e-06 0.25943288 0.02251324 1.2005863e-07 0.0031877474 3.2597107e-08 0.0003488449 6.776101e-07 2.9287723e-05 5.5256024e-08 0.0038611584 1.6649544e-08 3.3070446e-10 0.23140302 0.17791009 1.0537455e-06 1.8930315e-08 0.0020559123 1.1160533e-05 0.12580377 1.8248258e-07 9.5173135e-08 2.485523e-10 0.10138243 4.3791366e-09 1.7084998e-08 0.0010883729 0.00018873822 8.652263e-09 2.497957e-09
0.9940674 0.93969643 0.38180518 0.1536147 0.9837598 0.8084008 0.105867036 2.0498009e-12 0.53352284 0.017344637 0.0007294391 0.5849033 0.13802134 0.0019963344 0.34162825 0.29724982 0.0055887573 0.030150708 0.0009094693 0.0076376144 0.53263456 0.7005293 0.024829682 0.01293811 0.00018601883 0.8352558 0.009946466 1.3628702e-06 1.2038241e-07 0.09119283 0.00014902456 0.002029432 4.051585e-09 0.42347482 5.933692e-05 0.00047926692 6.984427e-07 0.00032402528 2.9048471e-05 0.0012927873 3.8478967e-07 0.01286159 1.1238717e-05 0.113088705 1.9211022e-05 0.1413794 1.8061144e-06 0.0006676945 0.018143691 1.6291832e-08 2.8844592e-08 1.8667442e-06 2.2343538e-06 0.50786287 0.70565146 1.0848328e-09 1.9826658e-08 0.00012506283 1.5076501e-09 5.761537e-10 0.54716057 1.4578253e-05 1.0502395e-09 1.0470237e-06 1.2038206e-09 1.7863418e-07 2.4557803e-05 7.662819e-07 4.1124265e-05 1.2867042e-07 4.691679e-06 8.016685e-09 0.61690927 0.35086203 6.60904e-09 1.9642119e-05 1.947958e-09 6.9698814e-07 9.319689e-09 8.3047627e-07 6.7980904e-10 0.00020469392 2.266855e-08 1.4066989e-11 0.30626076 0.031231707 1.2496248e-07 1.848714e-08 0.008947594 9.8291646e-05 0.14265493 5.865784e-08 1.0352283e-08 1.4764204e-10 0.013161095 3.1916405e-09 3.74824e-07 0.00022959903 2.715734e-06 7.645243e-09 3.652677e-10
0.8749604 0.5531119 0.012476817 0.0035238822 0.8523096 0.9923092 0.0013957721 0.53352284 1.466074e-10 0.002212267 0.0003913771 0.8066161 0.0048723305 0.00038454324 0.98038983 0.00066607085 0.00065559085 0.0070259217 0.00020283039 0.00046617945 0.9446141 0.73145825 0.044000052 0.001908526 2.326835e-06 0.033040047 0.09770279 1.1834675e-05 2.665837e-06 0.044518273 0.00030406893 0.038904127 2.5095784e-07 0.030625403 1.2201177e-05 5.2509124e-05 1.226671e-05 0.0001824811 3.7405665e-05 0.002460131 1.5177232e-08 1.4312613e-05 6.6478e-06 0.0076466003 5.8734145e-06 0.0024598893 6.618388e-07 7.8763005e-05 2.0972713e-05 3.4910292e-07 5.238807e-07 5.4630245e-06 1.2030036e-05 0.16483483 0.028217325 1.0848013e-06 4.3277552e-07 0.00010979027 8.004878e-08 1.0121837e-07 0.012680407 2.925169e-07 2.151486e-08 4.7850557e-07 2.211621e-08 4.9928394e-07 3.914303e-06 2.9735463e-07 5.451429e-06 3.0209948e-09 1.2514848e-06 3.8558423e-09 0.016650572 0.037099537 1.159785e-07 4.993485e-06 1.804656e-08 6.725739e-06 3.962997e-08 4.749682e-06 1.6698228e-07 8.0884434e-05 8.316076e-08 4.377634e-09 0.025762811 0.00068732194 2.9303855e-08 7.948899e-09 0.0007067597 3.5015312e-06 0.004037351 2.2729002e-07 1.3964884e-09 4.1907475e-10 0.00086601725 7.2478656e-08 5.7173818e-08 1.4123207e-05 8.951024e-07 5.7527214e-09 1.5303067e-08
0.7844893 0.7123418 0.99649835 0.037324563 0.018801345 0.0051094973 0.13579749 0.017344637 0.002212267 2.917394e-14 0.28650212 0.0007522051 0.99525803 0.8061393 0.00022647809 2.3444875e-06 0.1593376 0.030771837 0.12604384 0.046820838 0.00067289954 0.036039207 0.00024653153 0.8612896 2.4767683e-06 0.073269755 9.233984e-08 0.0024027056 0.0025047834 0.19104332 5.432115e-09 9.640375e-05 0.0002480884 1.7140014e-06 0.015459385 0.019080661 0.0013360227 0.07652426 0.104835525 1.0748585e-08 1.3147765e-07 2.9253708e-06 0.0031643778 6.391167e-05 0.0024132566 0.09989348 0.00019144604 0.013373045 4.924484e-07 0.000108477856 2.933687e-05 0.00082883495 0.0003242046 0.0031436053 0.07391328 1.9557408e-05 2.287627e-05 0.006599773 1.8650662e-06 2.1878498e-07 0.026046807 5.8122245e-05 1.5231062e-07 1.6273938e-05 1.0090071e-07 0.00013042132 0.0008007827 0.00019977742 0.0023726353 1.0261368e-05 6.346719e-05 1.954374e-05 0.018295974 0.0023264047 7.8139925e-07 0.0002627618 1.9836466e-07 8.0566635e-05 1.8789709e-07 3.16076e-05 7.828732e-07 0.0007054109 6.734342e-09 1.9803479e-09 0.10198548 0.009528395 2.347155e-09 1.08392804e-07 2.3851502e-05 5.7020807e-06 0.025403993 1.9289107e-06 3.987915e-07 1.2285662e-09 0.0109680295 4.9313428e-08 6.193814e-08 3.3710865e-05 3.562727e-05 6.4374035e-08 1.3394644e-09
0.93532944 0.8578425 0.6385691 0.97807217 0.0013040965 0.00063559157 0.6841224 0.0007294391 0.0003913771 0.28650212 5.2570314e-12 9.541073e-05 0.039905086 0.98199946 3.442739e-05 0.035527546 0.00090829225 0.0006976372 0.9322061 0.6416198 5.9876722e-05 0.0027584312 4.2822153e-06 0.61833143 0.27098867 0.12411306 1.9738401e-08 0.35297886 0.35317734 0.00014877932 6.6146355e-10 1.9324524e-07 0.09224831 1.6426198e-05 0.57941294 0.44498113 0.11518895 0.07180772 0.7054606 2.9736764e-09 0.011877915 0.0014149767 0.0070456914 0.00013419216 0.14607331 0.66902727 0.09403208 0.2758767 4.2510936e-05 0.013169037 0.0020610136 0.05171493 0.040278547 0.0008127759 0.08517072 0.0062363 0.00073717855 0.012523441 0.00065616 5.524915e-05 0.032818135 0.00012679095 9.775263e-05 0.0023688853 1.243403e-05 0.007530908 0.031048961 0.0028187346 0.008647723 0.0007788374 0.00094124506 0.0014853745 0.009578641 0.0005756287 3.2613323e-05 0.016866127 4.0173152e-05 0.0011956715 9.15543e-05 0.00023726509 4.7283e-06 0.0034027114 3.1111558e-08 3.435659e-08 0.023960965 0.025552632 2.113921e-06 4.0312582e-07 0.000105140956 0.0001070368 0.016894903 4.201689e-06 1.60549e-05 4.613466e-09 0.027350312 4.1438327e-08 1.2504087e-06 0.0003944497 0.0001579235 4.832636e-07 7.48757e-08
0.98916614 0.24632248 0.0043914774 0.011849714 0.9037014 0.41280946 0.00075839827 0.5849033 0.8066161 0.0007522051 9.541073e-05 2.932584e-11 0.002989391 0.0001715272 0.98643064 0.0124329105 0.0002317474 0.0011233817 0.00010646334 0.0004126495 0.90283513 0.4438292 0.682394 0.0012112076 8.575467e-06 0.31611463 0.47384396 6.2288213e-06 1.1282085e-06 0.009172823 0.0016134894 0.0014935534 9.6505346e-08 0.19577241 1.5314346e-05 0.00017999928 1.2425833e-06 7.9153215e-05 0.0003672563 0.007619237 5.510489e-08 0.00062551757 4.654908e-07 0.26027304 3.7755042e-06 0.0105457585 1.4025063e-07 5.28979e-05 0.007922848 7.302774e-08 2.4490827e-08 1.337335e-06 3.1221876e-07 0.85905766 0.13368183 3.9023377e-08 1.4077961e-08 0.00033262165 3.7750736e-09 1.5232006e-09 0.13823889 1.2557972e-06 1.1778607e-08 8.2017885e-07 3.058301e-10 6.1679834e-06 2.1667904e-05 1.087647e-06 3.7056088e-06 6.4968575e-08 1.648879e-05 1.4786144e-08 0.17667517 0.5090631 4.7317553e-08 5.388499e-06 2.5672138e-08 8.9622654e-07 2.8263118e-08 3.4135815e-06 5.327293e-09 9.33337e-05 1.6592956e-08 1.8174001e-10 0.09854045 0.007393274 1.6784162e-08 1.7919631e-10 0.051315453 4.79266e-05 0.018067019 1.0896194e-08 3.5011038e-08 9.33073e-10 0.0020598394 1.587502e-08 1.8598308e-07 9.3712e-06 3.1101468e-08 2.1026763e-09 1.6595311e-10
0.8501638 0.19932865 0.79635173 0.015129076 0.078397475 0.034501206 0.11851566 0.13802134 0.0048723305 0.99525803 0.039905086 0.002989391 2.4687901e-12 0.16264068 6.691042e-05 2.8170525e-06 0.9997075 0.16882364 0.029111603 0.023162665 0.006369703 0.21096087 0.0012610888 0.08429912 6.5130644e-07 0.079509236 1.1384987e-05 0.00059750886 0.00042469427 0.21564183 1.8803797e-07 0.0025741279 7.763039e-05 4.778373e-06 0.0012496632 0.002335049 2.6314083e-05 0.0079098055 0.0003305728 8.675481e-07 7.3873316e-09 3.3921694e-06 0.00089574896 4.2841944e-05 0.0005685783 0.041686628 0.00010772066 0.0016066618 1.1990206e-06 8.413398e-06 7.761625e-05 3.575232e-05 0.00021224901 0.0036661332 0.21198513 1.1334876e-06 0.00010266727 0.010552429 2.31417e-06 1.4353428e-07 0.05190823 0.0002790674 1.4212633e-06 1.720369e-07 3.062094e-07 1.5998431e-06 5.1359904e-05 0.00015542323 0.0012936573 3.243872e-07 2.8797713e-05 7.7056467e-07 0.1267993 0.005848076 1.8772954e-06 8.811142e-05 3.7509365e-09 7.740226e-05 3.7634504e-08 0.00010611909 1.13180846e-07 0.0015702887 8.7158286e-10 5.94939e-08 0.37693843 0.01225659 1.7051303e-08 6.6857886e-08 8.667203e-05 2.2561095e-05 0.09337155 2.0014909e-06 1.3446635e-07 5.595836e-08 0.011232214 4.244272e-07 2.3618065e-07 4.621477e-05 3.762279e-05 2.0499623e-07 3.1607988e-07
0.9426472 0.8185358 0.8637956 0.52787375 0.0030647467 0.0007936312 0.2856918 0.0019963344 0.00038454324 0.8061393 0.98199946 0.0001715272 0.16264068 2.6868527e-12 1.5798263e-05 9.408887e-05 0.0070852074 0.00045406207 0.6681112 0.19632529 3.0524607e-05 0.0021521514 7.939396e-06 0.98215395 0.00061179564 0.032073844 5.630704e-09 0.066124275 0.2545561 0.002553666 4.1324705e-10 8.36825e-08 0.044039607 1.8252863e-06 0.25642902 0.16127452 0.26005408 0.2646408 0.88290876 1.8093078e-09 0.00015675042 8.807609e-06 0.08855826 5.073178e-05 0.046904232 0.47351658 0.02849011 0.058823295 1.1003733e-06 0.026520487 0.0015355903 0.14384906 0.010766864 0.0012635676 0.039082408 0.0103802625 0.0012342416 0.07652566 0.0010415395 0.0001624295 0.008334148 0.0010370476 0.00018552563 0.0043483647 5.040433e-05 0.03885609 0.083850786 0.031824145 0.0028744582 0.00045634116 0.007209199 0.0070109614 0.0030411012 0.00045933118 5.7287536e-05 0.03097958 3.1256718e-06 0.0018777206 8.311942e-05 0.0008950462 3.5397785e-05 0.0034441515 2.9133044e-08 6.393815e-08 0.020373283 0.016518807 3.8861007e-08 1.267942e-06 5.1156967e-06 0.0007922455 0.01848959 5.776386e-06 0.00018987815 1.788233e-08 0.04793385 3.1239924e-07 5.7247803e-06 9.344097e-06 0.00019479834 2.598453e-07 1.1297728e-08
0.86767465 0.54448867 0.0036945716 0.018307947 0.80388355 0.83342004 0.0035942928 0.34162825 0.98038983 0.00022647809 3.442739e-05 0.98643064 6.691042e-05 1.5798263e-05 5.787852e-13 0.007997788 1.7334722e-05 0.0011145691 0.00010341973 0.0006789016 0.95194215 0.5638564 0.7678624 0.0002540099 3.0516196e-05 0.08277282 0.7480219 1.5186022e-06 3.5262605e-07 0.0325275 0.0046175346 0.113166 1.80143e-08 0.104206525 7.3185874e-06 3.9481325e-05 7.658174e-07 1.2469142e-05 0.0001229506 0.0058225323 2.4331033e-08 0.0010023076 4.1295827e-08 0.062115654 3.731776e-07 0.0027159855 1.3891224e-08 1.2139684e-05 0.004218368 8.373785e-09 2.270611e-08 3.9039443e-07 1.6625816e-07 0.3436986 0.01651183 2.8803303e-08 2.6553984e-08 3.79442e-07 1.8429039e-09 3.00047e-10 0.01940686 2.24381e-09 1.0913349e-09 6.554535e-08 8.255298e-11 1.8064192e-06 5.491492e-10 2.9204976e-12 3.6736645e-07 9.225397e-11 2.8139585e-10 5.859941e-10 0.026275592 0.16591412 2.906149e-09 1.278702e-08 1.04212e-09 1.9837978e-07 2.013918e-09 2.5429506e-07 5.159823e-10 2.4654764e-05 1.1011243e-09 2.992922e-12 0.023120118 0.0029267997 8.4870444e-10 2.9422977e-12 0.02784524 2.3696147e-09 0.0039456426 2.1010345e-11 1.0118428e-09 7.0848978e-12 0.00019871467 2.4090387e-09 4.0743742e-10 3.5953707e-07 1.0539099e-08 2.5654819e-11 4.757839e-11
0.95210576 0.0077051255 6.3672036e-05 0.65398496 0.08293545 0.0011270322 0.78356177 0.29724982 0.00066607085 2.3444875e-06 0.035527546 0.0124329105 2.8170525e-06 9.408887e-05 0.007997788 8.897014e-13 2.7768476e-08 1.8516007e-08 0.9258528 0.9834967 2.7094673e-05 7.796705e-06 0.00010850715 1.7904148e-07 0.7860282 0.98749113 8.148932e-06 0.0034838577 3.3629338e-05 2.7567268e-07 1.0899764e-09 8.924417e-08 1.755067e-05 0.0020390446 0.10872619 0.36838916 5.591689e-07 2.046261e-09 0.00014538289 1.2429132e-09 8.235182e-06 0.38372973 3.5378949e-09 0.027360192 0.01569181 0.7630585 0.0019695542 0.0655474 0.09548003 6.946023e-08 2.8122327e-05 6.6880297e-09 0.00072927005 0.06189046 0.6053601 3.0857787e-08 8.230062e-06 1.5348331e-10 1.950688e-08 1.4755145e-09 0.34966552 2.719274e-10 3.783926e-09 1.4588488e-07 1.4989745e-08 6.859903e-08 9.863024e-09 6.995168e-10 0.0011292022 2.494573e-08 2.5605473e-09 5.7262977e-08 0.33738592 0.049312882 2.2922816e-08 1.5578509e-07 2.6483046e-06 5.5751236e-05 6.5275253e-06 2.7152386e-05 4.5698412e-10 0.00047622458 4.999298e-06 1.7975995e-12 0.181597 0.020386763 7.476407e-05 1.0587532e-09 0.04596662 1.2235046e-11 0.07085846 1.4421125e-09 9.482803e-10 1.1354994e-09 0.0049426435 3.9222428e-10 2.5959113e-11 0.00014738491 3.9024717e-06 8.85191e-12 5.470646e-10
0.12361435 0.045766845 0.16119543 0.00061154953 0.0036186404 0.0023011912 0.0017481438 0.0055887573 0.00065559085 0.1593376 0.00090829225 0.0002317474 0.9997075 0.0070852074 1.7334722e-05 2.7768476e-08 1.0258074e-12 0.9997699 0.00027543976 0.00019843761 0.0086902715 0.14781277 3.449934e-05 0.014350947 2.5981395e-08 0.0013390259 8.27491e-07 3.538776e-05 1.3188529e-05 0.6416515 1.59779e-09 0.0028937694 2.0494354e-06 4.5120746e-07 2.4338658e-05 2.0445348e-05 4.8467573e-06 0.0011269237 7.6786295e-05 1.4473655e-08 5.1503735e-10 1.2132935e-07 0.00022622447 2.4443905e-06 8.419313e-06 0.000415787 1.9662107e-06 5.6379482e-05 2.951505e-08 3.1389948e-06 9.893675e-06 1.2970385e-05 1.2377595e-05 8.030437e-05 0.004446029 1.3428885e-07 1.3138051e-05 0.0040453 1.2123759e-06 2.9172958e-07 0.00069644826 6.816351e-05 2.6165387e-07 1.7098073e-06 3.0205055e-07 1.441138e-07 1.2892235e-05 1.1996994e-05 8.28906e-06 5.918765e-07 3.2173189e-06 7.1295936e-08 0.0010599353 4.7830483e-05 3.2813161e-06 3.0831598e-05 3.2379157e-09 8.427263e-05 3.1891535e-08 7.688092e-06 5.429435e-08 3.546699e-05 1.0974383e-09 3.0287854e-08 0.008866414 7.291803e-05 3.4652511e-10 3.0682543e-08 4.878383e-08 4.089387e-07 0.00083619205 2.7977742e-07 4.918124e-09 2.133708e-09 0.00027257265 3.4051343e-08 1.9708804e-07 5.01547e-07 5.43224e-07 2.552317e-07 2.0233801e-07
0.27246502 0.021767685 0.04756791 0.00045934258 0.039878763 0.03811112 0.002495617 0.030150708 0.0070259217 0.030771837 0.0006976372 0.0011233817 0.16882364 0.00045406207 0.0011145691 1.8516007e-08 0.9997699 2.1060212e-15 0.0003083558 0.00049384875 0.01722677 0.23806772 0.00035908734 0.0010596755 9.473023e-10 0.0050111557 3.365911e-05 2.545247e-06 4.3064082e-07 0.999571 1.7000515e-08 0.021445144 9.139784e-08 1.3394806e-06 7.873826e-06 5.3476415e-06 8.2350084e-08 4.7461253e-05 8.164271e-08 2.7957963e-06 1.2042902e-11 1.2259826e-08 6.5387115e-07 1.8509432e-05 1.7142685e-07 0.000637943 3.4477836e-08 6.434101e-06 3.689927e-08 1.6724915e-08 2.848108e-07 3.1681927e-07 5.1173384e-07 0.0018293415 0.0057048933 3.4496042e-09 5.9563246e-07 5.750983e-05 6.6802266e-09 3.8422825e-09 0.0017292758 6.389195e-08 4.820417e-08 3.9496104e-08 1.1092082e-09 6.3725185e-09 3.3918798e-07 9.603065e-09 4.8474503e-06 1.4250893e-08 1.7450978e-07 8.810532e-10 0.0040832264 0.0013746341 3.3839607e-09 1.0074792e-05 5.8780355e-12 1.9325787e-06 3.6347678e-10 1.450736e-06 6.5569544e-10 8.822809e-06 2.9265398e-10 2.1028196e-10 0.019119706 0.00045560198 2.2350514e-11 1.240705e-10 2.8284894e-05 2.1169791e-08 0.00080913363 6.619688e-09 1.6429471e-09 6.100543e-12 0.00027260307 2.8925233e-09 1.4326549e-08 4.1210401e-07 1.1458032e-07 1.4311465e-09 8.4234403e-10
0.9564888 0.19998716 0.27468556 0.86045605 0.0004983811 0.0006041294 0.86210024 0.0009094693 0.00020283039 0.12604384 0.9322061 0.00010646334 0.029111603 0.6681112 0.00010341973 0.9258528 0.00027543976 0.0003083558 1.1406814e-08 0.95937467 0.00065456936 0.0020002488 8.83127e-06 0.5237104 0.9518443 0.08714435 9.996761e-08 0.114391476 0.023235688 0.00013713646 8.098388e-08 3.1755647e-07 0.010862368 0.0005812912 0.41764712 0.7307661 0.04743528 0.044239335 0.06820142 4.268161e-08 0.013886351 0.01897334 0.0050945356 0.0004482563 0.11117783 0.58468944 0.06815534 0.50856376 0.00074165 0.014213576 0.0003208562 0.08158725 0.030231787 0.0009987438 0.04614056 0.0006461 0.00018841056 0.008974372 0.000112844005 1.6488711e-05 0.054620784 5.45603e-05 1.7390921e-05 0.0023132546 9.131778e-06 0.006153971 0.04606487 0.0014210979 0.009676077 0.00073588896 0.00089575746 0.0017151337 0.03250503 0.0015337712 2.2382323e-05 0.083511606 1.7427346e-05 0.0010518733 8.438502e-06 0.00018171995 4.767026e-06 0.0053086504 7.035481e-07 1.0311987e-07 0.05593695 0.106655166 3.0397918e-05 5.758211e-07 0.0004255081 0.00010348582 0.046966452 1.0908215e-06 3.749231e-05 2.2661018e-09 0.03260149 1.1571268e-07 1.6857595e-05 0.00047191736 0.0002613961 3.2535908e-07 3.3923893e-08
0.9417196 0.16003586 0.24902914 0.7194955 0.0028930092 0.0015252337 0.7972991 0.0076376144 0.00046617945 0.046820838 0.6416198 0.0004126495 0.023162665 0.19632529 0.0006789016 0.9834967 0.00019843761 0.00049384875 0.95937467 3.9004026e-12 0.00362101 0.009813066 1.3277689e-05 0.09448743 0.94832677 0.6060315 4.954947e-06 0.023466783 0.0057431846 0.00071796554 5.2769934e-08 2.5395576e-07 0.0013591712 0.006378225 0.24747738 0.8015441 0.009899354 0.0056741526 0.013655096 2.702189e-08 0.005111698 0.34975666 0.00027123647 0.0026010368 0.067372486 0.7593026 0.013969694 0.47120672 0.028560093 0.0021859906 2.2797274e-05 0.0106321545 0.005565519 0.0015581986 0.23994356 3.849931e-05 1.7809498e-05 0.00013039584 1.3236498e-05 8.41316e-07 0.20723003 6.7676604e-07 7.2494237e-07 0.00030142255 6.000883e-07 0.0016549041 0.04011317 0.00044041307 0.0041389177 4.067559e-05 0.000113257796 0.000101294994 0.10508849 0.006340179 7.93153e-07 0.008711891 1.4383602e-07 0.00010726519 1.8833745e-06 4.3819487e-05 1.4474159e-07 0.001476634 5.469598e-08 1.128252e-09 0.13261177 0.11314817 2.3396618e-05 4.8092113e-09 0.004428217 1.663102e-05 0.044894807 5.6634935e-08 2.5540626e-07 1.7443197e-10 0.020020213 3.6862877e-09 3.679778e-08 0.002518642 7.4866315e-05 5.0598903e-09 2.411957e-10
0.8069582 0.03155571 0.0028925042 0.00056340813 0.7200325 0.9656666 0.0013142619 0.53263456 0.9446141 0.00067289954 5.9876722e-05 0.90283513 0.006369703 3.0524607e-05 0.95194215 2.7094673e-05 0.0086902715 0.01722677 0.00065456936 0.00362101 1.5756099e-09 0.9080793 0.709382 1.4257968e-05 8.9677116e-07 0.032886256 0.6596495 2.4944566e-06 1.6589839e-06 0.03441362 0.004093547 0.9805212 2.5772469e-08 0.0003511394 5.291081e-05 7.613847e-05 8.127522e-09 7.53561e-08 2.3136305e-05 0.18282756 1.6645299e-07 1.584827e-05 8.144825e-09 0.0009681855 4.661147e-06 0.0034371659 2.6977332e-07 6.570247e-05 4.8600392e-05 1.8318378e-08 1.3910818e-08 2.5290719e-08 3.056142e-07 0.10878346 0.024122551 1.5484126e-09 3.7834424e-09 8.064954e-08 4.3759805e-09 4.165724e-10 0.0094011035 1.7429738e-07 8.7885793e-10 2.109097e-07 9.654331e-11 3.6963156e-06 7.663397e-07 6.7027157e-09 2.5567908e-06 4.1009255e-08 4.6638636e-08 1.2103108e-07 0.008406333 0.016307473 2.0631017e-08 5.7282155e-06 2.0702552e-07 9.081297e-07 2.705114e-07 3.1552288e-06 3.3281772e-08 1.4023205e-05 6.304388e-07 6.97687e-11 0.013719754 0.0012933891 1.27014825e-08 7.997309e-08 0.0014196188 1.4890513e-07 0.0058252155 1.09349605e-08 1.0762171e-07 4.4787093e-10 0.0015278877 5.2531304e-09 1.5566396e-08 0.00010727593 1.652357e-08 7.8535317e-10 2.2321482e-09
0.83899045 0.036816392 0.059396245 0.00058147946 0.75280803 0.9429681 0.011604838 0.7005293 0.73145825 0.036039207 0.0027584312 0.4438292 0.21096087 0.0021521514 0.5638564 7.796705e-06 0.14781277 0.23806772 0.0020002488 0.009813066 0.9080793 2.6959403e-11 0.31707016 0.0017287744 9.4309684e-07 0.052152995 0.015003462 1.8897857e-05 7.4570503e-06 0.9959091 0.0003119975 0.9726927 1.586958e-07 7.5519805e-05 0.00019472347 0.00012953048 8.526607e-07 5.1544597e-05 4.746207e-05 0.021572681 1.455873e-09 6.0302013e-06 1.09520515e-05 0.0011573422 4.6702356e-05 0.005494974 8.094405e-06 0.0009034419 3.422639e-05 1.600207e-07 1.0366564e-05 2.326198e-06 3.890605e-05 0.08365059 0.047042456 6.021231e-08 1.8561357e-06 0.0004969428 2.1655703e-08 1.8734292e-09 0.026536496 2.6575177e-05 5.1071023e-08 7.305338e-08 6.7842607e-09 5.6972917e-06 5.1957293e-05 6.0083505e-07 0.00022906209 4.6668447e-08 2.6599744e-07 5.037314e-07 0.053166978 0.023505619 1.7878008e-07 0.0001234324 1.6267163e-06 1.5562056e-05 3.149248e-07 1.15817575e-05 3.4403365e-07 7.145873e-05 5.8171594e-07 4.4423729e-10 0.30178446 0.006467553 9.315251e-08 1.9599558e-08 0.0008802349 9.714749e-06 0.018170722 6.0538774e-08 5.6427615e-07 6.0920385e-10 0.0040012742 1.2304378e-09 7.960344e-08 0.0003470717 4.2531613e-07 4.3099617e-09 2.1047415e-10
0.99850804 0.0087645585 0.0011456547 0.00014343967 0.06296001 0.010963976 6.035722e-05 0.024829682 0.044000052 0.00024653153 4.2822153e-06 0.682394 0.0012610888 7.939396e-06 0.7678624 0.00010850715 3.449934e-05 0.00035908734 8.83127e-06 1.3277689e-05 0.709382 0.31707016 8.237889e-14 0.00031722276 3.0509938e-07 0.0022097114 0.99529064 3.4980665e-08 3.84062e-09 0.005964804 0.7165178 0.008563664 1.0418e-09 0.4538268 2.456122e-07 9.382776e-07 9.9935576e-08 2.5846179e-05 9.29622e-07 0.20731466 9.288504e-10 7.1546924e-06 1.7650382e-06 0.31242776 1.3260909e-07 0.00020968323 3.8162177e-08 1.2535728e-06 2.4876326e-05 7.410461e-09 9.588715e-09 7.8293806e-07 1.330033e-08 0.8236273 0.003986307 4.8416515e-10 1.1988668e-09 1.4390243e-05 3.2979386e-09 6.8940514e-10 0.005143054 1.7486713e-07 3.5091978e-09 4.09613e-06 9.687539e-10 7.2540885e-08 8.766406e-06 9.252456e-09 1.7939954e-07 6.8025825e-09 2.7108022e-06 1.2022289e-08 0.019942686 0.6840092 1.3588989e-08 1.9662155e-05 1.2872982e-07 9.290604e-08 2.9152835e-08 2.8490155e-07 1.28085755e-08 1.5209775e-06 2.6297132e-08 4.4472054e-10 0.012290862 0.00028173803 2.1615923e-08 7.8690204e-10 0.019697834 1.5525077e-06 0.0054668114 1.5933628e-08 1.765937e-08 3.6330397e-11 3.9945084e-05 7.883235e-09 2.2236026e-09 1.6249047e-07 3.7847322e-10 3.5141343e-09 9.321232e-10
0.94081753 0.053986188 0.56721777 0.004316487 0.0065916586 0.0028126512 0.24205394 0.01293811 0.001908526 0.8612896 0.61833143 0.0012112076 0.08429912 0.98215395 0.0002540099 1.7904148e-07 0.014350947 0.0010596755 0.5237104 0.09448743 1.4257968e-05 0.0017287744 0.00031722276 1.9171859e-14 1.4983127e-06 0.04191476 1.0093972e-06 0.020917825 0.016905524 0.01848085 2.0561002e-09 9.863796e-07 0.0025003382 6.476035e-08 0.09083574 0.046366185 0.015300932 0.9990612 0.52965015 1.3677556e-08 7.104815e-09 2.4996658e-07 0.12125281 2.7234787e-06 0.009182718 0.28731456 0.0015806423 0.015284985 6.451846e-08 0.0037264065 6.410017e-05 0.016888306 0.000302347 0.0010352496 0.11048642 3.2977205e-06 4.7540118e-05 0.018636156 1.7187507e-05 3.7454242e-07 0.024425577 0.00023284201 2.893641e-07 3.593112e-05 1.5289298e-06 0.004758333 0.008807161 0.0023202882 0.0013443412 9.220336e-06 0.0017768105 0.00030322076 0.015560047 0.0064671 3.70243e-06 0.0005788974 1.2442492e-08 0.00039623966 8.893368e-07 0.00032340508 4.620318e-05 0.0018973198 7.0731483e-09 6.462927e-09 0.09665628 0.015210794 1.0956669e-09 3.4040954e-06 3.0616004e-05 7.408187e-05 0.077789165 1.4476388e-08 6.273112e-07 9.117483e-11 0.08165912 2.3245635e-08 9.4508204e-07 5.1768353e-07 0.00012361913 4.4031847e-08 3.9343453e-09
0.79687905 0.008321048 2.6705053e-05 0.21003653 4.3459124e-05 8.895824e-06 0.17409296 0.00018601883 2.326835e-06 2.4767683e-06 0.27098867 8.575467e-06 6.5130644e-07 0.00061179564 3.0516196e-05 0.7860282 2.5981395e-08 9.473023e-10 0.9518443 0.94832677 8.9677116e-07 9.4309684e-07 3.0509938e-07 1.4983127e-06 1.569884e-12 0.06542079 1.0160749e-08 0.80796355 0.024519512 9.3442884e-07 6.649428e-12 1.1500002e-09 0.0235492 0.00026982647 0.98674357 0.9645852 0.0021428382 9.4375e-09 0.0037424418 1.0064548e-10 0.6371073 0.26147637 8.105307e-09 0.0015077165 0.6656656 0.18927129 0.22453934 0.6809733 0.0175752 9.246763e-06 0.015404491 4.629053e-06 0.07348867 5.1064035e-05 0.0076114847 0.0010798062 0.002470147 3.349028e-10 2.7341108e-05 1.0217333e-06 0.015209735 3.8538187e-10 3.620482e-05 6.534059e-06 3.476945e-05 4.1210915e-05 8.52978e-07 9.002675e-10 0.01794812 5.432841e-07 4.924904e-08 1.8056373e-06 0.008470656 0.0003986332 3.7946842e-07 5.224408e-07 3.3412845e-05 0.0026016468 8.533466e-05 0.00066982757 1.0160653e-08 0.004837213 1.7960772e-05 6.1649394e-11 0.01375657 0.03212344 0.0016211312 1.7106118e-09 0.00080215815 2.0201079e-09 0.006812819 6.62151e-08 1.2150977e-07 4.2213952e-09 0.025212698 1.493626e-08 4.1655568e-10 0.001354427 7.430369e-05 3.9222745e-09 1.8315504e-09
0.9902199 0.5803373 0.55646926 0.46629333 0.5963354 0.12098935 0.8029532 0.8352558 0.033040047 0.073269755 0.12411306 0.31611463 0.079509236 0.032073844 0.08277282 0.98749113 0.0013390259 0.0050111557 0.08714435 0.6060315 0.032886256 0.052152995 0.0022097114 0.04191476 0.06542079 1.5332903e-11 0.0016243198 0.00037190397 9.4344505e-05 0.0031644986 1.999394e-06 2.7216653e-05 2.5711443e-06 0.36192697 0.0015830848 0.02933676 6.284351e-05 0.0006258153 0.0015453482 6.10181e-07 0.00029505033 0.8552845 7.689661e-06 0.11741378 0.0006114393 0.33249736 5.898081e-05 0.020641081 0.66074216 4.389875e-05 1.8173329e-06 0.00090220803 3.942752e-05 0.07818305 0.8118439 7.181877e-07 3.911099e-07 6.448872e-05 4.225226e-07 3.4290796e-08 0.72357 7.778116e-06 1.1480787e-08 1.1687744e-05 1.2724177e-08 5.518091e-05 0.0010737564 1.7512448e-05 0.00011168462 1.3916045e-06 4.1959808e-07 5.4937897e-07 0.57570106 0.09809858 5.196229e-07 0.0007733571 3.112034e-08 5.8770784e-06 8.2800733e-07 4.026507e-06 1.9045439e-09 0.00029362604 1.0077952e-07 2.1707736e-11 0.3605194 0.074675426 2.7770857e-06 3.000891e-08 0.033467337 5.677792e-06 0.22206864 5.6066987e-09 1.4950461e-07 1.4012448e-10 0.02672773 1.8238451e-10 5.2608313e-09 0.0010780098 4.4579874e-06 5.328652e-10 1.603278e-10
0.8590714 0.00094534137 1.86053e-05 1.8679277e-05 0.020463973 0.020588314 7.4307936e-05 0.009946466 0.09770279 9.233984e-08 1.9738401e-08 0.47384396 1.1384987e-05 5.630704e-09 0.7480219 8.148932e-06 8.27491e-07 3.365911e-05 9.996761e-08 4.954947e-06 0.6596495 0.015003462 0.99529064 1.0093972e-06 1.0160749e-08 0.0016243198 8.3872e-12 1.7021538e-08 1.2506901e-08 0.0013590923 0.9995612 0.03971528 1.0468121e-08 0.0003907869 3.1117846e-08 2.4067128e-07 1.5920314e-09 1.8985303e-07 4.2808244e-07 0.702277 9.327153e-10 5.069415e-07 3.9732978e-08 0.004628625 1.2536827e-08 1.677881e-05 2.351726e-09 6.886909e-08 7.490799e-06 5.61617e-09 4.442689e-09 2.6327962e-07 1.01587725e-08 0.15748131 0.0003438928 1.7557186e-10 1.2917604e-08 5.0386404e-07 2.6612368e-10 4.1805603e-10 0.0004690697 4.9696666e-07 2.0949432e-08 3.6794408e-08 7.52272e-10 1.4232633e-07 1.7609523e-08 3.115578e-09 1.18283346e-07 9.031363e-10 3.271177e-08 3.5775352e-10 0.0012713433 0.2245321 3.741158e-11 5.162848e-07 1.7966869e-09 5.6443713e-07 1.825553e-11 1.1520953e-06 1.3318567e-10 7.526711e-06 2.5611984e-08 3.8211576e-11 0.0030550268 0.0005852821 4.582773e-08 2.0509536e-09 0.007957268 1.9075623e-08 0.0009670865 1.9682902e-09 1.5724645e-08 2.3167596e-12 8.6651366e-05 1.2160805e-11 8.8705604e-10 1.7093654e-06 3.7380288e-10 2.1859735e-10 1.7788432e-09
0.9625845 0.001523041 0.002726647 0.054904196 2.222705e-06 5.3491487e-05 0.008828429 1.3628702e-06 1.1834675e-05 0.0024027056 0.35297886 6.2288213e-06 0.00059750886 0.066124275 1.5186022e-06 0.0034838577 3.538776e-05 2.545247e-06 0.114391476 0.023466783 2.4944566e-06 1.8897857e-05 3.4980665e-08 0.020917825 0.80796355 0.00037190397 1.7021538e-08 2.0557217e-11 0.9418945 5.421739e-07 6.569376e-09 5.3386675e-08 0.95304435 1.9797704e-05 0.8779597 0.53942853 0.6461343 0.0007576158 0.6353326 1.6331096e-08 0.9763583 0.0034840389 0.0006263013 0.00012202916 0.8906125 0.040570926 0.78971875 0.67965335 0.00031188442 0.519371 0.0755782 0.62229073 0.51007956 1.638141e-05 0.0015529062 0.04579212 0.007635327 2.6895977e-05 0.004673355 0.0013226834 0.0020128028 2.7433829e-05 0.0001787962 0.17653422 0.00053095847 0.18096547 0.30288342 0.0023855893 0.021982886 0.0138134165 0.0029100268 0.07165744 0.0016903983 0.00014522311 0.00019741415 0.46868387 3.365096e-05 0.0019294142 1.1823879e-05 0.00034694382 4.8503243e-05 0.004738787 3.301142e-07 5.474122e-06 0.007647322 0.052794617 0.00013674128 5.114065e-05 0.00018045751 0.0021969022 0.0062468983 4.6738666e-07 0.0015668923 6.3566247e-10 0.09573225 2.2968987e-08 2.5869975e-05 0.0002293082 0.0003661287 7.9494157e-07 1.3113802e-07
0.9281398 0.00067930925 0.0019866056 0.013951134 6.391722e-07 1.9414947e-05 0.0012216534 1.2038241e-07 2.665837e-06 0.0025047834 0.35317734 1.1282085e-06 0.00042469427 0.2545561 3.5262605e-07 3.3629338e-05 1.3188529e-05 4.3064082e-07 0.023235688 0.0057431846 1.6589839e-06 7.4570503e-06 3.84062e-09 0.016905524 0.024519512 9.4344505e-05 1.2506901e-08 0.9418945 1.4217801e-11 9.3754636e-08 2.4764088e-10 2.4564593e-09 0.9864551 1.0101687e-06 0.3762586 0.15064186 0.9876845 0.0017212202 0.9295364 1.8297835e-09 0.21516299 8.429569e-05 0.00127099 1.866553e-05 0.3258236 0.022537204 0.2777931 0.17299595 1.8600083e-05 0.76504964 0.015494906 0.7424195 0.17491092 3.1095924e-06 0.0007282307 0.085935086 0.0065518515 0.00015663536 0.0036894842 0.0003340541 0.0007458411 1.8683339e-05 8.133889e-05 0.25137419 0.00021300842 0.35565305 0.44123545 0.00643671 0.010142124 0.04139734 0.007693733 0.121921174 0.00059559394 6.601824e-06 5.2830335e-05 0.6189303 2.1989865e-05 0.0005939382 2.7750102e-06 0.00013173412 4.115997e-05 0.0022134443 1.6885018e-08 1.4385421e-06 0.0034025183 0.034268435 1.5192016e-06 9.3333794e-05 5.3172942e-05 0.0036360144 0.0045604277 4.342312e-07 0.0012230331 2.2808744e-10 0.07440987 8.557221e-09 5.1639163e-05 3.2460106e-05 0.00017763878 2.8649544e-07 3.5694004e-08
0.22800018 0.0007901304 0.09885534 0.00028028362 0.080133945 0.15479568 0.0013775212 0.09119283 0.044518273 0.19104332 0.00014877932 0.009172823 0.21564183 0.002553666 0.0325275 2.7567268e-07 0.6416515 0.999571 0.00013713646 0.00071796554 0.03441362 0.9959091 0.005964804 0.01848085 9.3442884e-07 0.0031644986 0.0013590923 5.421739e-07 9.3754636e-08 1.931655e-14 7.202756e-07 0.76262563 2.151482e-08 7.5747295e-07 1.5336985e-07 2.115734e-06 2.4115087e-08 0.012691138 0.00015456768 0.0001032387 1.0205013e-08 4.8184643e-06 0.00045464834 2.4024703e-07 5.6837298e-08 6.8185545e-05 6.79282e-09 1.3283313e-05 2.204451e-06 7.760459e-08 5.60425e-09 5.504354e-08 1.11455364e-07 0.0003688488 0.0035575272 1.1414106e-08 1.0613882e-08 0.0037434648 1.743845e-09 2.6061489e-09 0.0008955866 4.5054356e-05 1.5022537e-09 1.2189581e-07 1.186878e-10 1.1768923e-07 1.5212229e-06 2.9065554e-06 4.673662e-07 6.178946e-08 1.6587333e-07 3.3848676e-07 0.00082412903 0.0005016987 3.642447e-08 1.168035e-06 3.7682703e-08 6.618514e-07 7.03309e-08 1.8847784e-07 1.0635074e-09 5.9934877e-07 4.7177267e-07 2.5718807e-11 0.00197598 0.00016872512 1.2391827e-07 4.149691e-09 1.40960265e-05 1.5518905e-08 0.00024657667 4.6321063e-09 1.1590668e-08 3.8347086e-11 0.00041756209 6.843543e-11 5.8269976e-09 1.367755e-05 2.901988e-10 5.0913024e-10 8.958026e-09
0.12522338 9.1831716e-08 4.667495e-08 3.0850533e-09 0.00034814363 7.339279e-05 2.0775038e-07 0.00014902456 0.00030406893 5.432115e-09 6.6146355e-10 0.0016134894 1.8803797e-07 4.1324705e-10 0.0046175346 1.0899764e-09 1.59779e-09 1.7000515e-08 8.098388e-08 5.2769934e-08 0.004093547 0.0003119975 0.7165178 2.0561002e-09 6.649428e-12 1.999394e-06 0.9995612 6.569376e-09 2.4764088e-10 7.202756e-07 2.2458518e-17 0.002573324 1.6035227e-10 2.5471472e-05 8.999298e-09 1.4008347e-08 2.9492075e-09 1.1916944e-09 8.029103e-11 0.99957705 7.9081097e-14 3.0547273e-10 8.6474355e-11 0.0007688939 2.660134e-11 1.2193371e-07 3.3841747e-12 1.3115842e-09 1.0332176e-09 6.7927897e-10 1.8040079e-09 2.829768e-09 9.906585e-11 0.006485835 5.705535e-06 3.4291858e-11 4.0264453e-10 1.323291e-09 3.0740605e-11 1.3893967e-10 1.4193168e-06 3.199964e-11 2.9165206e-10 8.470259e-10 1.2422205e-10 6.5051854e-13 4.543065e-10 4.8499373e-12 3.3008946e-10 1.42339465e-11 2.8337308e-10 4.2198033e-12 1.2940299e-05 0.007277805 4.320168e-09 1.4566952e-09 2.2471011e-11 1.5217958e-08 1.6279889e-10 6.609242e-09 3.6305185e-11 9.0221003e-10 4.6994565e-12 8.1650284e-13 1.7790317e-05 4.3921716e-08 1.1381104e-12 4.971119e-12 0.00096125586 7.708652e-11 2.070213e-06 5.1657355e-12 2.732498e-12 4.720266e-14 4.240238e-09 3.400506e-12 7.289651e-12 1.1221087e-11 1.7363373e-13 8.7816787e-13 1.5874746e-12
