6.801764e-13 0.8996755 0.09814251 0.46062446 0.8793575 0.93665546 0.90383536 0.44001955 0.91612345 0.9849862 0.7468802 0.9590126 0.90618557 0.970619 0.967856 0.9868118 0.9899118 0.918517 0.95467734 0.37144852 0.9360004 0.12916225 0.94989747 0.9272952 0.9585402 0.16725262 0.9248558 0.97029394 0.9174488 0.97072065 0.007601825 0.95357287 0.8731519 0.9891824 0.9695723 0.91987866 0.3999033 0.8008165 0.8773044 0.98681116 0.8734351 0.8344566 0.3436616 0.9681185 0.049173865 0.8532272 0.9956353 0.9920987 0.7862317 0.97490114 0.99964744 0.26954836 0.010060305 0.0001336435 0.98360354 0.99998903 0.00019222045 0.57473344 0.97863996 0.8632392 7.4896916e-06 0.97464174 0.9974057 0.91271335 0.9443759 0.81163996 0.35885265 0.76121217 0.7609224 0.7519079 0.3799467 0.014155556 9.17116e-07 1.5046941e-05 0.25454405 0.97657204 0.8324251 0.1635924 0.5098474 0.47209734 0.123376966 0.19440547 0.9992488 0.6294544 0.89664274 0.21099535 0.07891348 0.18965638 0.21442531 0.07379252 0.6627067 0.046791144 0.092659764 0.015262022 0.9995784 0.06904201 0.5930022 0.047935873 0.096836016 0.06752346 0.6900043
0.8996755 1.3708666e-11 0.25694364 0.9965974 0.09915598 0.9744 0.92110425 0.34539217 0.59986144 0.04099675 0.06494894 0.0026960555 0.0021662475 0.8203966 0.009331346 0.20752889 0.0895535 0.06113994 0.023042865 0.0005662838 0.0005109441 0.00042613468 0.0023289553 0.00015535462 7.4614494e-05 0.0009403595 0.00010739457 1.1012516e-05 0.00024209934 4.773324e-05 0.0045228065 9.614878e-05 7.524354e-05 0.0016077347 0.29604244 9.10416e-06 0.0003248923 7.911235e-06 1.7616865e-06 0.11970921 6.0855265e-05 5.9191276e-05 5.6249137e-05 0.00010091875 5.970093e-07 0.00019555404 0.0077058203 0.10853769 1.8715795e-05 4.4546214e-06 0.023138193 6.4844967e-06 2.7336807e-07 1.9783981e-07 4.9855953e-06 0.020887466 6.0794905e-06 9.003394e-07 4.8808615e-05 2.6858783e-07 2.7920205e-06 6.882127e-05 4.6332774e-05 4.754016e-05 5.492263e-06 3.2452629e-06 8.5317157e-07 9.392789e-08 3.5151334e-07 6.893573e-06 5.185242e-08 3.4656644e-08 7.4095745e-08 4.492943e-08 5.402762e-06 4.8220653e-07 2.404712e-05 1.1286885e-06 4.5918114e-08 1.3601306e-06 5.992273e-06 1.6567168e-06 0.00017870893 2.7361398e-07 1.9334673e-08 8.271881e-07 8.313554e-08 1.580949e-05 1.1986021e-06 2.13512e-06 1.9864538e-07 5.7391e-07 1.7109489e-06 5.148701e-07 6.0189805e-06 4.3852094e-07 3.2088204e-07 2.7082712e-07 3.419728e-07 8.480387e-06 9.206458e-09
0.09814251 0.25694364 6.7293773e-15 0.65985197 0.9993715 0.037445493 0.14111708 0.99839306 0.021346569 0.0004755039 0.012360298 2.3680856e-05 8.20259e-06 0.053128354 6.386506e-05 0.00077860063 0.008148693 0.0038292974 0.0030780642 0.00024994812 7.659069e-06 0.00028988157 0.000106548956 1.0743017e-05 1.6552575e-06 5.352272e-05 2.3148586e-06 3.3577356e-07 6.7948063e-06 4.9926973e-07 0.0036825994 6.349533e-07 6.8292854e-07 6.109223e-05 0.0039210264 9.191973e-07 7.605324e-06 3.2432947e-08 1.2688764e-07 0.00029286483 7.777029e-07 4.5697375e-06 2.3283745e-05 1.1600754e-06 5.2400316e-07 2.6584619e-06 1.3593469e-05 0.0012691857 8.361194e-07 4.4622087e-07 0.00026702238 9.698433e-07 1.8948975e-06 3.9943706e-07 3.0772344e-07 0.00059322466 2.0330843e-05 8.337752e-07 2.0934515e-06 4.4911758e-07 1.3463425e-06 2.691418e-06 2.0238664e-07 1.0317555e-05 5.748631e-07 5.703922e-07 6.18508e-07 2.200332e-08 2.3243254e-07 4.7546037e-06 2.1754683e-07 2.9685534e-09 1.3868059e-08 2.1169278e-07 3.6013814e-06 2.100036e-08 4.36468e-06 8.424569e-07 1.4285176e-07 2.6399215e-07 4.180256e-07 3.0447325e-07 4.482158e-06 9.505539e-08 2.4025046e-09 1.7105678e-07 1.10619666e-07 1.4235571e-06 1.04578085e-07 1.2221905e-07 1.0700066e-08 4.1454292e-08 3.3255836e-07 3.7534356e-08 4.1475726e-08 1.770246e-07 4.170323e-08 6.4007915e-09 4.5821325e-09 8.552725e-07 2.975959e-08
0.46062446 0.9965974 0.65985197 7.302119e-12 0.046950728 0.9921521 0.2978139 0.93916935 0.1186996 0.1013267 0.011671415 0.0049496084 0.005313761 0.39783219 0.00642268 0.06509232 0.012176447 0.2013089 0.0034246668 0.00031278786 0.0010088277 0.0004851872 0.009688931 0.000115447 0.00014714095 0.0032284977 0.00016040752 7.2197117e-06 0.00033715446 0.00019878516 0.055396132 0.0002542678 8.663972e-05 0.0004122404 0.05631966 2.1534664e-05 0.00018317364 1.468626e-05 2.921164e-06 0.022992937 5.6707013e-05 6.558259e-05 1.2604003e-05 0.00016561197 6.1036087e-07 0.0004600416 0.00087840436 0.01659674 7.4540353e-06 8.6894715e-06 0.0021981471 2.555081e-05 1.0925102e-06 1.8341314e-06 6.2096115e-06 0.0033486362 3.17119e-06 3.3397552e-07 1.2706578e-05 4.044914e-07 8.7813e-06 1.0040349e-05 7.5305165e-06 2.5617555e-06 4.7187027e-07 6.9182266e-07 7.401767e-07 5.8956648e-08 3.1170404e-07 1.6182039e-05 1.5799377e-07 2.7362589e-08 2.211563e-07 6.859955e-08 2.7767481e-07 4.782503e-08 1.582219e-05 8.0261486e-07 2.269416e-08 2.219661e-06 4.859003e-06 4.3611078e-07 1.5759559e-05 1.3528816e-07 8.113552e-09 3.4270641e-07 1.6391272e-07 2.2656404e-06 1.1541385e-06 3.8693582e-07 1.16880825e-08 2.1837702e-07 1.5273848e-06 7.10978e-08 1.7104398e-06 1.2237995e-06 6.872262e-07 1.9287e-07 3.137036e-07 4.6492005e-06 4.253962e-08
0.8793575 0.09915598 0.9993715 0.046950728 8.2389106e-14 0.0010245224 0.95019937 0.014426341 0.64710873 0.00020125885 0.8502552 2.2248641e-06 3.0368724e-06 0.6244191 2.9306639e-05 0.00023007423 0.7909391 0.0015595055 0.80236465 0.2364018 2.2166698e-06 0.55599964 0.00017212809 0.03744094 1.9545269e-07 0.0001737672 2.8890747e-07 4.9483592e-08 2.4158766e-07 7.619229e-09 0.0038071526 1.6110177e-07 3.863484e-07 0.03332951 0.051102053 2.1100696e-08 1.17144355e-05 2.6354423e-08 1.792429e-09 0.0005084057 1.0175344e-06 5.5135956e-06 0.0008463849 2.4771165e-07 0.00091019337 6.0176317e-06 9.963173e-06 0.004279942 7.2495624e-07 1.6053018e-07 0.060663898 6.5406607e-06 0.00032673645 6.681585e-05 6.77866e-07 0.00090323034 6.195518e-05 0.00016367396 2.5852846e-06 1.8966963e-08 0.0005223823 0.0004495978 1.3405545e-07 0.000629667 3.998281e-07 1.8505486e-06 1.6394921e-08 3.3330354e-09 1.308305e-07 1.1644819e-05 5.0953876e-08 2.4421757e-07 9.914833e-06 0.00010438872 1.1160578e-05 8.230752e-08 6.189335e-05 1.9384136e-06 1.13662956e-07 2.36114e-05 3.312536e-05 1.7915094e-07 1.758228e-05 1.4723161e-08 5.0539386e-09 6.701872e-09 1.7322705e-07 6.187824e-07 2.9104363e-06 5.1242564e-06 6.9797252e-09 6.9114904e-08 1.700855e-07 8.471882e-08 1.2504821e-05 1.6857466e-05 2.716528e-07 1.8596481e-09 1.8916367e-06 4.504164e-05 7.613955e-09
0.93665546 0.9744 0.037445493 0.9921521 0.0010245224 5.443586e-13 0.10885966 0.59942424 0.11328007 0.82750785 0.0040703863 0.21301489 0.15565133 0.80293137 0.36526108 0.84358716 0.012235925 0.6041471 0.0025989937 0.00012540835 0.0073410026 6.0458497e-05 0.03838371 2.2946733e-05 0.0007932608 0.006304897 0.0005244837 8.2376555e-06 0.0015488153 0.0008201226 0.06219124 0.0016096917 0.0011247753 0.0002800119 0.30841404 2.4970594e-05 0.00021834028 5.7407313e-05 1.1182796e-06 0.47001818 0.00016817811 0.00012044817 9.272411e-07 0.0008588457 3.7612118e-08 0.002968867 0.047282826 0.099247225 3.3200984e-05 1.6944583e-05 0.008469723 9.764134e-06 9.380449e-09 5.776725e-07 2.8579958e-05 0.011014144 2.8356845e-07 1.3264311e-07 0.00027411248 8.995815e-07 8.4981457e-07 2.5753176e-05 0.0001666057 4.5346397e-07 9.713832e-06 2.11203e-05 7.240815e-07 1.7185818e-07 1.4410368e-06 5.1339166e-06 1.1230387e-06 1.4140227e-07 1.6170807e-09 7.58689e-09 8.9028426e-08 5.2139063e-07 1.8023187e-06 5.4972193e-06 2.3609101e-07 4.1944645e-07 4.8706574e-06 4.8909124e-07 0.0005456189 1.2131143e-07 7.1179587e-09 2.2275624e-06 7.2685757e-06 1.494109e-06 1.0731308e-06 3.1477807e-08 7.660588e-08 2.6997742e-07 2.86675e-07 5.319414e-07 1.28461e-07 3.9706464e-08 6.840445e-07 3.012939e-07 2.430755e-07 2.1236188e-07 4.792961e-07
0.90383536 0.92110425 0.14111708 0.2978139 0.95019937 0.10885966 1.1120744e-09 0.088112764 0.9943255 0.016522864 0.93661034 0.00512207 0.0033870365 0.9093311 0.006925922 0.20946911 0.65921634 0.013641155 0.36855826 0.068930835 0.0008237679 0.031783767 0.0008285062 0.0057619857 0.00025596409 0.00028431462 0.0003394725 1.3911011e-05 1.60446e-05 0.000114260554 0.000850306 0.0009929856 0.00044332235 0.017904928 0.26934806 2.6750296e-05 3.840261e-05 3.70371e-05 7.154072e-06 0.047839873 0.00022271462 2.1193278e-05 0.0004937626 0.0002672122 0.00021039051 9.535771e-05 0.004414096 0.075023875 5.754533e-05 5.472043e-05 0.07108425 9.784119e-06 5.3644184e-05 2.254106e-06 5.976639e-05 0.012802551 1.4207753e-06 0.00028847757 0.00016687921 3.5013138e-06 5.7695073e-05 0.0014126117 2.200883e-05 0.003249083 1.388849e-05 2.2291382e-05 3.2742533e-05 2.2817035e-06 2.5883204e-05 4.2355663e-05 7.1021364e-06 2.8377201e-08 2.1692902e-07 2.9250778e-06 8.416051e-05 3.3046024e-06 0.00053460844 0.00017862048 4.1419285e-06 0.00024044291 0.00062452425 4.08936e-05 7.9810394e-05 1.6130523e-06 8.079395e-08 8.860746e-06 6.297748e-05 5.3870554e-06 1.7691205e-05 0.00011201551 2.2380739e-07 2.0639469e-05 7.9357284e-07 3.6532524e-06 6.4806322e-06 3.3455751e-06 1.5845859e-06 2.1924022e-06 9.325999e-06 1.0933173e-05 6.0744715e-06
0.44001955 0.34539217 0.99839306 0.93916935 0.014426341 0.59942424 0.088112764 8.821306e-11 0.025195494 0.903003 0.0029459135 0.018096644 0.01722112 0.16730364 0.0063384655 0.03068254 0.008173811 0.7641532 0.0011115398 0.00019731121 0.0010610874 0.00055205496 0.030409535 2.7612265e-05 0.0001927403 0.0069700815 0.00028186245 4.9430935e-05 0.0041171615 0.0002885725 0.93127805 0.0001881536 0.00011483811 5.123921e-05 0.015745454 2.8669881e-05 0.00045824764 1.838614e-05 1.078567e-05 0.0099530555 2.4272946e-05 0.00012343464 2.2642562e-06 8.4067615e-05 2.5551003e-07 0.0021985443 0.000418938 0.003947299 2.7554415e-05 3.2480046e-05 0.00025870604 2.5022655e-05 2.342456e-06 4.713544e-07 9.1387465e-06 0.0010068448 5.836895e-06 3.1481906e-07 4.6776302e-05 8.969515e-07 9.149333e-06 3.0296856e-05 1.40847515e-05 2.9641762e-06 1.8246981e-06 2.250105e-06 2.72301e-07 9.024622e-08 1.0359296e-06 0.00010769775 6.595996e-08 1.0522355e-07 2.400733e-08 1.7285765e-06 7.732763e-06 1.6373139e-06 6.579941e-07 7.8130466e-07 1.2392454e-07 4.5439734e-07 2.7990484e-06 3.1398073e-07 2.5753665e-05 4.4793399e-07 1.4661028e-07 6.865138e-08 1.758197e-06 4.5277066e-06 2.9532944e-07 1.846139e-07 2.3731336e-07 4.0170545e-07 3.9627703e-06 2.9376287e-07 1.6765094e-06 3.135349e-05 2.0376565e-06 1.2130783e-07 8.5270024e-08 7.0102487e-06 5.48043e-07
0.91612345 0.59986144 0.021346569 0.1186996 0.64710873 0.11328007 0.9943255 0.025195494 4.5764267e-10 0.009060334 0.9539914 0.0014647653 0.001161158 0.9592708 0.0054473733 0.10901561 0.6819737 0.016746864 0.3157905 0.037393853 0.0006218124 0.009214069 0.0014976669 0.005322612 9.6443844e-05 0.0003667876 0.0002965347 5.118229e-06 1.7798275e-05 9.0659814e-05 0.0007683507 0.0007084413 0.00021231238 0.028263273 0.53134865 7.0900223e-06 3.9103645e-05 9.857105e-06 6.828992e-07 0.08968379 5.0380593e-05 7.460539e-05 0.00073382293 0.00014717535 0.0001693364 1.7822274e-05 0.005630802 0.19666967 4.538222e-05 3.0674073e-05 0.07932289 6.787442e-06 2.2062797e-05 1.829863e-06 1.576772e-05 0.023577053 1.7081659e-06 9.9057834e-05 5.6900735e-05 2.0571429e-06 8.822852e-06 0.0008914508 4.0104977e-05 0.00097455014 6.950118e-06 1.9711757e-05 1.9604026e-06 5.750929e-07 6.075109e-06 3.4885936e-05 9.338137e-06 2.2969e-07 5.4288037e-08 2.6378462e-08 5.4310643e-05 7.8673963e-07 0.00011779631 3.1734515e-05 1.6730531e-06 8.1560735e-05 0.000101028825 5.0875415e-06 0.00015316313 5.972587e-07 2.4655902e-08 1.4223261e-06 5.9308322e-06 1.276439e-05 1.9690613e-06 3.3221444e-05 1.955308e-07 2.6194964e-06 1.3509007e-06 1.4488239e-06 2.7886967e-06 2.287883e-06 2.477537e-07 6.2737814e-07 2.3964843e-05 5.016879e-06 2.7307493e-07
0.9849862 0.04099675 0.0004755039 0.1013267 0.00020125885 0.82750785 0.016522864 0.903003 0.009060334 1.0702969e-11 0.0006556158 0.8222188 0.89675915 0.12297098 0.38178834 0.64446914 0.010113164 0.9807341 0.0011013204 3.6533624e-05 0.06964841 0.00012942577 0.6656347 1.0240877e-05 0.003610481 0.16268651 0.0034791066 0.0003323661 0.21930572 0.044793617 0.14905022 0.0023074355 0.002343274 0.00015036965 0.03498239 0.00025391887 0.021181582 0.002015386 0.0002486628 0.35801163 0.0011417869 0.010532181 1.0592971e-06 0.0017796698 3.006372e-07 0.5981464 0.009074753 0.011662153 7.343228e-05 9.175018e-05 0.004620237 0.0005390067 8.338515e-07 4.1019657e-06 2.108671e-05 0.012718957 4.117137e-06 1.2746696e-06 0.00032019164 1.2245683e-05 3.7873564e-05 2.5143013e-06 0.00015706032 1.6073981e-06 6.472998e-06 5.766605e-06 1.7228081e-06 5.948292e-07 1.2627964e-06 5.28185e-05 4.6631948e-07 5.1391118e-05 1.7463557e-06 1.5715491e-07 9.614873e-06 2.614154e-07 1.7390654e-05 2.26343e-07 3.549544e-07 3.8350768e-06 1.5765076e-05 1.6519891e-07 0.00035120844 5.615844e-07 1.4965326e-07 9.4216375e-07 2.4004323e-05 9.285676e-07 3.5432197e-07 3.1346107e-07 3.969374e-08 7.2076483e-07 2.9986368e-06 5.601568e-07 1.3406985e-06 2.2137292e-06 3.4249326e-06 4.6832588e-07 3.577954e-05 4.434902e-06 1.3715854e-06
0.7468802 0.06494894 0.012360298 0.011671415 0.8502552 0.0040703863 0.93661034 0.0029459135 0.9539914 0.0006556158 1.0614048e-11 7.126599e-05 8.431081e-05 0.42393377 0.0003563775 0.0038832508 0.94151056 0.000704551 0.97252077 0.94519526 0.00012478203 0.5183043 0.00022016211 0.341494 1.2722923e-05 9.157076e-06 1.4856911e-05 1.2831817e-06 5.7286275e-07 2.0281645e-06 1.470305e-05 0.00014607346 2.2131117e-05 0.5712059 0.10578563 3.6907733e-07 1.5926604e-05 2.1773744e-08 3.01986e-07 0.021286715 3.0327221e-06 9.037551e-06 0.03380259 2.9613919e-05 0.013893048 7.68235e-07 0.001469667 0.059783727 6.891075e-06 1.9088343e-06 0.089585535 2.9221573e-07 0.0031607463 2.3766988e-05 1.4894526e-06 0.013939233 1.132465e-05 0.0019242554 7.434902e-06 1.9304997e-07 1.6639126e-05 0.00746282 1.7651719e-05 0.007844671 1.1831216e-06 2.6352174e-07 2.1444853e-07 2.3663428e-07 1.6366068e-06 1.3282596e-06 1.0310945e-07 1.8425949e-09 6.521166e-08 2.5291646e-07 7.7792036e-05 1.22055e-06 0.0006776906 0.00013759798 6.52552e-08 0.00026203008 0.00052032125 9.0894886e-08 9.2924616e-05 9.522942e-08 8.7298047e-10 2.4025255e-07 1.0838293e-06 1.0624095e-07 5.2429236e-06 1.852619e-05 1.4767535e-09 3.7808185e-08 3.8251793e-09 1.0140632e-08 1.5369053e-05 1.8241491e-05 7.2387842e-09 5.8249782e-08 2.9341372e-05 6.205414e-06 2.91015e-08
0.9590126 0.0026960555 2.3680856e-05 0.0049496084 2.2248641e-06 0.21301489 0.00512207 0.018096644 0.0014647653 0.8222188 7.126599e-05 4.5915637e-13 0.99711543 0.043182574 0.92355055 0.6596381 0.001454602 0.1583776 0.00016405479 1.1324152e-05 0.9248752 8.059795e-06 0.5990655 3.317106e-06 0.115427166 0.11966324 0.07103544 0.013709056 0.48563462 0.4931356 0.014806064 0.014497535 0.01585041 0.00012933138 0.016827079 0.0045020836 0.21654798 0.10836499 0.003269676 0.22754861 0.004039196 0.08273614 1.796532e-06 0.0034831702 2.266307e-07 0.23033458 0.035808112 0.012388567 0.00046444638 0.00043681613 0.0019319126 0.0035177094 2.5189285e-08 7.288407e-06 7.501598e-05 0.01168078 6.669047e-06 7.217374e-07 0.00042912012 3.3039894e-05 2.2581169e-06 4.62866e-06 0.0002946842 4.5115003e-06 5.9719554e-05 0.00019537396 1.0294645e-05 1.2794756e-06 2.7851966e-06 7.960439e-05 1.0095769e-05 2.0048083e-05 4.2340087e-08 7.5179514e-08 2.8183772e-06 1.4984377e-05 7.794024e-07 1.4448983e-06 3.0327078e-06 3.5118865e-07 5.1899424e-06 4.160809e-06 0.00025257794 3.7396745e-07 6.4666585e-07 2.83049e-06 3.4150584e-05 7.1964564e-06 1.0399444e-06 2.7793167e-06 2.27848e-07 3.8856047e-06 1.30245135e-05 6.403601e-07 5.800878e-07 2.9219817e-07 6.278211e-07 2.1806643e-06 9.752116e-07 1.3766196e-05 5.1665074e-07
0.90618557 0.0021662475 8.20259e-06 0.005313761 3.0368724e-06 0.15565133 0.0033870365 0.01722112 0.001161158 0.89675915 8.431081e-05 0.99711543 1.3707734e-10 0.022560345 0.83231175 0.44882822 0.0009552737 0.14610578 0.00014143054 9.099898e-06 0.90858537 1.4462349e-05 0.7939274 2.028509e-06 0.17316706 0.16525872 0.13091186 0.024736272 0.80840796 0.83989584 0.029751083 0.03110824 0.03699486 6.290287e-05 0.008034826 0.018662233 0.31046098 0.39538532 0.041542318 0.12858757 0.0074582277 0.15687154 2.3139758e-06 0.00982635 2.5202226e-07 0.7995889 0.03225427 0.004704931 0.00090809085 0.001956321 0.0007314415 0.0074458476 1.7082137e-07 1.9711542e-06 0.00027497098 0.00921606 4.2688472e-07 5.0489916e-07 0.0013479365 0.00014516621 3.417992e-06 1.7483637e-06 0.000883938 1.1669005e-06 0.00015215871 0.00030733677 0.00011989565 9.2090095e-06 2.1899436e-05 0.0005441135 3.1748077e-05 6.904102e-05 2.5234295e-08 1.4632685e-07 3.4657654e-07 7.821658e-05 1.9065221e-06 1.2264775e-06 8.982207e-06 2.345468e-07 1.5335546e-06 4.7749632e-05 0.00025303967 3.1363106e-06 9.548792e-07 1.5623129e-05 1.5090657e-05 8.292951e-06 4.4381707e-07 5.697262e-07 1.461266e-07 1.2305506e-05 2.8570366e-05 1.6905802e-06 8.422999e-08 1.3921415e-07 1.791924e-06 3.0313054e-06 3.56531e-07 1.6573679e-06 1.2909576e-06
0.970619 0.8203966 0.053128354 0.39783219 0.6244191 0.80293137 0.9093311 0.16730364 0.9592708 0.12297098 0.42393377 0.043182574 0.022560345 4.6550763e-11 0.066746674 0.63785285 0.44779253 0.08381549 0.14445756 0.012637677 0.013881214 0.0041546556 0.026006555 0.0030741494 0.0042020003 0.002350696 0.0027274517 0.00047920068 0.001216979 0.004241179 0.0012467948 0.014154694 0.002401441 0.017466865 0.97362715 0.0003146716 0.00018193322 0.00045947774 0.000109001245 0.7983472 0.0010598256 0.0011848612 0.0013487902 0.0023723172 0.00016184332 0.0010385416 0.11061255 0.6269175 0.0010849764 0.00050206436 0.07101797 0.00011698176 1.0283135e-05 1.7065069e-06 0.0007292941 0.14716282 1.8750981e-06 9.890001e-05 0.0013518912 0.00023276782 3.997982e-06 0.0060474183 0.0004030897 0.0018236681 0.00017257467 0.00010081794 7.7639204e-05 1.7065955e-05 6.853381e-05 3.8486352e-05 1.1703471e-05 1.6528189e-06 9.9812134e-08 1.03295264e-07 8.799868e-06 1.4956851e-05 0.0004060484 4.792171e-05 4.0603986e-06 0.00019125882 0.00012869024 4.9487935e-06 0.00041015187 3.0160163e-06 9.390072e-07 2.7203193e-06 4.4968056e-06 3.5896442e-06 9.895497e-06 1.3645708e-05 5.1823974e-07 2.2014426e-06 2.5195102e-06 1.3466149e-06 1.2279094e-05 8.263932e-07 3.7868685e-07 2.5058452e-07 0.00010327838 9.611449e-07 1.10177886e-07
0.967856 0.009331346 6.386506e-05 0.00642268 2.9306639e-05 0.36526108 0.006925922 0.0063384655 0.0054473733 0.38178834 0.0003563775 0.92355055 0.83231175 0.066746674 3.093274e-12 0.97943896 0.0021718428 0.10289442 0.0004956781 4.6959158e-05 0.96881187 3.128032e-05 0.34219593 1.968251e-05 0.63925534 0.04508103 0.22314967 0.22715493 0.1817136 0.14264753 0.0030046138 0.56158507 0.501824 0.00023632991 0.092738114 0.017075822 0.0885652 0.020098304 0.0029019245 0.5589449 0.017032713 0.023700027 1.1153469e-05 0.009586362 7.1423364e-07 0.023456847 0.18541448 0.07097366 0.0050597778 0.012216815 0.004227119 0.00048662024 5.258175e-08 1.0227817e-07 0.00042816027 0.048237517 3.2975268e-07 1.7005526e-06 0.000483862 0.00044152242 7.451824e-08 8.869622e-06 0.0006330479 1.0565185e-06 5.7131172e-05 6.366287e-05 3.833982e-05 1.4635842e-05 3.1272746e-05 0.00024287358 3.3512224e-05 5.0966493e-05 1.6616266e-08 1.801065e-09 5.8612663e-06 1.2233099e-05 5.442193e-06 4.865789e-07 9.248464e-06 1.9812123e-06 3.0589779e-06 6.1429932e-06 0.0003961471 1.7775553e-06 2.4462445e-06 2.6102318e-06 3.7782813e-06 1.5951e-05 1.8392925e-07 4.47118e-07 1.5596301e-07 4.9703094e-06 3.1138497e-05 7.200578e-07 1.2814844e-06 5.555926e-07 2.5058236e-07 1.4217153e-07 3.9852614e-07 3.0945612e-06 1.9854008e-07
0.9868118 0.20752889 0.00077860063 0.06509232 0.00023007423 0.84358716 0.20946911 0.03068254 0.10901561 0.64446914 0.0038832508 0.6596381 0.44882822 0.63785285 0.97943896 2.3316694e-11 0.008903493 0.278938 0.0022129947 0.0001803911 0.47312093 0.00015150727 0.28280425 0.00015306484 0.30500165 0.023648523 0.07190415 0.03650186 0.03045158 0.07588899 0.004137625 0.59431684 0.097794585 0.001498077 0.61402655 0.008099351 0.019426327 0.020761278 0.0023456248 0.93311214 0.0049381815 0.025123086 0.00015544798 0.029547084 2.9079529e-06 0.01453375 0.66137874 0.31218666 0.0048476127 0.0031229171 0.017368339 0.00038353403 2.6007464e-07 5.085758e-07 0.0011800122 0.09874336 1.11703095e-07 2.9763564e-06 0.0039046728 0.0010260625 2.4244823e-06 0.00039271338 0.0021430014 2.425945e-05 0.0005569979 0.0003843414 0.00011875983 3.5843197e-05 0.00015751738 0.00013386276 5.0883104e-05 0.0001311096 1.3896392e-08 1.1887597e-08 1.0939686e-06 8.6912565e-05 7.9786805e-05 1.2210919e-05 1.0894434e-05 4.259092e-05 3.799222e-05 2.2683928e-06 0.00219957 4.7530034e-06 2.8699085e-06 1.6558117e-06 1.22005595e-05 1.5605057e-06 9.3042735e-07 1.3172533e-06 4.898665e-07 5.514926e-06 7.331392e-06 1.6506734e-06 1.8036942e-06 2.3445355e-07 3.316209e-07 1.2002577e-07 0.000109366825 1.1751288e-06 3.1528933e-07
0.9899118 0.0895535 0.008148693 0.012176447 0.7909391 0.012235925 0.65921634 0.008173811 0.6819737 0.010113164 0.94151056 0.001454602 0.0009552737 0.44779253 0.0021718428 0.008903493 7.659473e-09 0.004348311 0.9832315 0.46134347 0.00062860834 0.14120972 0.00076664356 0.17246413 0.00013534089 5.2389678e-05 0.0001574013 9.717742e-06 5.9465172e-05 0.00028804157 7.0507835e-05 0.00071976136 0.00022454554 0.6111038 0.67678124 1.4352855e-05 2.4255844e-05 1.0151651e-05 2.4067851e-06 0.14139885 7.7612705e-05 0.00016363338 0.019506892 0.0002700744 0.00091064314 0.00010320562 0.0046171583 0.5195523 7.6396675e-05 9.7918906e-05 0.60773605 7.4000914e-06 0.00021515398 4.848736e-06 0.00016064051 0.111011975 3.4083866e-06 0.00067087985 0.00033665053 1.613107e-05 1.0500407e-06 0.007251011 0.0002978421 0.0033454143 0.00010321635 3.5543988e-05 4.235536e-06 3.8119224e-06 6.869605e-06 8.866185e-05 3.1878035e-06 1.0099135e-06 2.1501867e-07 6.8295196e-07 0.000112953065 1.014923e-05 0.00039004855 0.000108644235 3.078316e-06 0.00016305078 0.00030797464 4.3678216e-07 0.000659529 2.9454372e-06 1.6382269e-07 1.666521e-06 3.6460094e-06 7.97814e-07 5.174888e-06 9.629321e-05 2.9344772e-06 9.573813e-07 3.8869408e-07 6.3696024e-07 3.389455e-05 1.259259e-05 2.397959e-07 7.052121e-07 0.00014573423 2.2197055e-06 2.0697499e-07
0.918517 0.06113994 0.0038292974 0.2013089 0.0015595055 0.6041471 0.013641155 0.7641532 0.016746864 0.9807341 0.000704551 0.1583776 0.14610578 0.08381549 0.10289442 0.278938 0.004348311 3.72841e-13 0.00037162422 5.6802433e-05 0.021640958 0.00043812135 0.08102308 4.186949e-06 0.0018538987 0.28047842 0.000977594 0.00019192023 0.004320383 0.0074652294 0.9999801 0.00031964036 0.00040751387 0.00018574389 0.02165206 0.00019444697 0.0028249968 0.000117432224 1.4910082e-05 0.08214082 9.188284e-05 0.0005323728 1.7741166e-05 4.6597674e-05 8.718847e-08 0.009404349 0.000645646 0.004073831 8.702018e-06 3.4581684e-05 0.0019177664 0.000100382764 1.4375524e-07 6.913053e-06 3.363022e-06 0.0017619749 1.1799221e-05 1.2455458e-06 0.00035562296 2.5878487e-07 1.8381625e-06 5.1017698e-05 1.9487348e-05 2.9416602e-05 2.1840535e-05 3.2840257e-05 2.0286343e-08 1.3576611e-07 2.7942755e-07 1.2779524e-06 1.0918308e-08 3.6285408e-06 2.5422269e-08 5.6070405e-07 1.1988376e-06 1.7155254e-06 1.2569902e-05 2.6781988e-06 3.4018802e-07 4.347216e-06 9.232927e-06 1.3259454e-07 7.4759584e-05 8.9478414e-07 8.072094e-08 2.6585134e-09 2.8750774e-06 6.637037e-08 3.326115e-08 1.0148572e-07 7.9528924e-08 2.7059953e-08 9.157704e-08 1.2509471e-09 2.7094026e-07 2.0363919e-08 4.8796096e-07 5.060071e-10 8.3039623e-07 1.3650673e-06 3.7761607e-09
0.95467734 0.023042865 0.0030780642 0.0034246668 0.80236465 0.0025989937 0.36855826 0.0011115398 0.3157905 0.0011013204 0.97252077 0.00016405479 0.00014143054 0.14445756 0.0004956781 0.0022129947 0.9832315 0.00037162422 1.1526228e-08 0.8638897 0.00011759931 0.4691846 0.0009471918 0.560851 3.6731606e-05 1.5154547e-05 5.7326342e-05 2.1419849e-06 8.236485e-06 3.227089e-05 2.2625325e-05 0.00012911965 9.206305e-06 0.87758905 0.277815 5.7313355e-06 1.962394e-05 1.0988024e-06 1.5634657e-06 0.023732636 8.24465e-06 8.005677e-05 0.06638411 8.719616e-05 0.0061368756 1.4706974e-05 0.001466723 0.19009389 1.0657624e-05 7.465443e-05 0.4476595 1.8440987e-06 0.002507513 8.933963e-06 5.3936277e-05 0.042234924 4.5152797e-06 0.0019829762 7.5768614e-05 6.2353297e-06 7.7165515e-07 0.01849287 9.1145455e-05 0.008366599 2.033606e-05 1.9310846e-06 2.5412962e-06 2.9148734e-07 5.7390644e-06 1.4770536e-05 2.783132e-07 2.2698957e-07 8.851302e-08 1.0361084e-06 0.00016428292 3.167321e-06 0.0011318938 0.00022098672 8.626944e-07 0.00041757483 0.00057471654 3.950117e-07 0.000310513 6.233983e-07 6.170737e-08 6.8427414e-07 2.5206277e-06 2.0897343e-07 3.8388658e-05 0.000544668 1.6702536e-06 1.1015161e-07 1.1140244e-07 2.0883417e-07 0.00017145686 9.9306835e-06 2.7363646e-07 2.3847178e-07 0.0005097281 1.2684275e-05 1.3148517e-07
0.37144852 0.0005662838 0.00024994812 0.00031278786 0.2364018 0.00012540835 0.068930835 0.00019731121 0.037393853 3.6533624e-05 0.94519526 1.1324152e-05 9.099898e-06 0.012637677 4.6959158e-05 0.0001803911 0.46134347 5.6802433e-05 0.8638897 1.8182784e-09 1.7836628e-05 0.9950388 6.177918e-05 0.96300507 1.4637649e-06 7.828214e-06 1.2010217e-05 4.895653e-07 6.289459e-07 3.323171e-07 1.9244835e-05 1.7129776e-05 8.665331e-06 0.60738254 0.012979877 3.5411625e-07 5.5404806e-05 1.7409114e-08 4.1413853e-07 0.001239083 1.0981131e-06 5.961281e-05 0.8870798 1.4662399e-05 0.49413866 2.040815e-06 7.484862e-05 0.008929305 3.7728657e-06 3.3478443e-06 0.034628842 1.7556636e-06 0.27356717 0.0008338492 3.4173304e-06 0.0022797256 0.0017876043 0.015985386 4.836753e-07 1.657307e-07 0.00012494015 0.0047222152 1.4914895e-06 0.0059196837 1.0809905e-06 1.1034928e-07 1.7049987e-06 8.949129e-07 2.4889175e-06 0.0001759294 7.194113e-07 1.4575443e-07 3.7911033e-07 6.6702173e-06 7.1287875e-05 5.0270586e-07 0.00013122355 2.7622693e-05 3.6042593e-07 1.67859e-05 7.4203344e-05 1.2986542e-06 3.2546897e-05 2.7030435e-07 1.7039405e-08 9.941053e-07 3.1353627e-06 1.5614802e-05 2.2749548e-06 1.9422077e-05 3.713636e-08 2.7089015e-07 8.2536457e-07 1.2975543e-07 2.7179103e-06 0.00017569083 1.4596094e-06 7.0092153e-07 5.512121e-07 3.3779972e-06 8.0571556e-07
0.9360004 0.0005109441 7.659069e-06 0.0010088277 2.2166698e-06 0.0073410026 0.0008237679 0.0010610874 0.0006218124 0.06964841 0.00012478203 0.9248752 0.90858537 0.013881214 0.96881187 0.47312093 0.00062860834 0.021640958 0.00011759931 1.7836628e-05 1.5706777e-12 1.543047e-05 0.28235003 1.7973631e-06 0.96235245 0.017416257 0.8313363 0.4858498 0.33188087 0.82549983 0.0010083319 0.12414584 0.32487535 4.5568275e-05 0.015563736 0.20131023 0.091260865 0.25273013 0.07915691 0.18739262 0.02324739 0.23171684 1.5227237e-06 0.019212663 3.4709885e-07 0.25001734 0.09476405 0.012552848 0.004201032 0.0077465735 0.00059415546 0.005162972 1.2636721e-08 4.762593e-07 0.00046485025 0.014070172 1.4605827e-06 7.5447815e-07 0.0006679047 0.00013038676 3.023608e-08 1.7828506e-06 0.0011650935 5.742582e-07 0.00017169348 8.439286e-05 5.972801e-06 1.1914404e-06 3.10921e-06 7.229058e-05 4.559925e-06 0.00015159296 3.94422e-08 2.767887e-10 1.4396207e-06 2.4581115e-05 4.697949e-07 1.0884713e-07 3.123827e-06 1.268828e-07 5.7454025e-07 4.7107155e-06 0.00047438493 3.2022172e-07 4.499049e-06 2.1393164e-06 1.0710343e-05 2.1753053e-06 3.291844e-08 7.4112745e-07 1.4224341e-07 7.602571e-07 2.465963e-05 1.6396476e-07 1.3861151e-07 2.3822425e-07 3.096381e-07 3.3324952e-07 3.2430304e-07 5.8735036e-06 1.6302222e-07
0.12916225 0.00042613468 0.00028988157 0.0004851872 0.55599964 6.0458497e-05 0.031783767 0.00055205496 0.009214069 0.00012942577 0.5183043 8.059795e-06 1.4462349e-05 0.0041546556 3.128032e-05 0.00015150727 0.14120972 0.00043812135 0.4691846 0.9950388 1.543047e-05 8.304211e-10 8.3937186e-05 0.64941657 1.050717e-06 4.685935e-05 5.0780404e-06 1.0915233e-07 2.974678e-07 4.52064e-06 0.00014321537 5.835412e-07 5.476561e-06 0.09271961 0.0027970297 7.6816093e-07 0.000719303 4.2003086e-07 6.9385687e-06 7.4216936e-05 7.74037e-06 0.0027229153 0.56892353 2.5804445e-06 0.5251911 0.0055102585 1.0469115e-05 0.002296023 1.17957225e-05 2.8002618e-05 0.0031860361 0.0021203852 0.9624212 0.01935833 0.00011453427 0.0004199296 0.021969525 0.0033325304 1.10299425e-05 5.431515e-07 0.9005917 2.8533772e-05 9.9758e-06 2.744304e-05 2.6242784e-05 2.1078061e-07 2.441057e-06 5.0270323e-06 2.0946829e-05 0.0093000075 4.0981613e-06 2.2281243e-05 2.0915388e-05 2.3471508e-05 7.5713e-05 1.9760334e-07 2.59848e-07 6.6602786e-07 2.7541032e-06 5.415721e-08 2.0285388e-05 1.7808345e-05 2.4488083e-05 3.3178683e-06 6.1767576e-05 4.766482e-07 0.00017537594 0.000726164 5.1371615e-07 3.3896342e-06 1.9197169e-06 4.0155937e-06 7.2157505e-05 2.2872068e-06 5.4975476e-07 0.00034690046 0.00013520439 3.8649046e-06 7.051397e-08 2.4066796e-06 5.936847e-06
0.94989747 0.0023289553 0.000106548956 0.009688931 0.00017212809 0.03838371 0.0008285062 0.030409535 0.0014976669 0.6656347 0.00022016211 0.5990655 0.7939274 0.026006555 0.34219593 0.28280425 0.00076664356 0.08102308 0.0009471918 6.177918e-05 0.28235003 8.3937186e-05 2.2053527e-12 1.8291259e-05 0.03241212 0.92549145 0.028608514 0.010695631 0.99128366 0.10459527 0.104738995 0.0044738525 0.021271171 0.00030381503 0.008399886 0.01827205 0.9789296 0.005395472 0.006939585 0.07927902 0.0069734394 0.021257412 4.669198e-05 0.0046916013 5.66533e-08 0.33982274 0.009323122 0.0028843328 0.00039190875 0.00051360397 0.0014832866 0.0058169495 3.345176e-06 8.690855e-06 0.00036824076 0.0094997585 2.4257208e-05 5.0177336e-05 0.0010915245 9.078622e-05 1.0949023e-05 3.9909326e-05 0.0005042854 0.00014272016 0.00024457872 0.00035206188 3.2018237e-05 2.1581744e-05 3.5476696e-05 0.00040991153 8.117603e-06 4.820305e-05 2.1795904e-07 3.9216075e-06 0.00015668511 9.160339e-05 6.4025044e-06 1.7008185e-06 2.0470965e-05 6.88233e-07 3.4592258e-06 4.9347185e-05 0.00035674308 1.2874223e-05 2.9386863e-06 7.4376103e-06 1.1902929e-05 0.00018412767 5.0104577e-06 1.0141794e-06 2.6900018e-06 2.8983444e-05 2.7165697e-05 1.4074608e-06 2.7944875e-06 2.4408054e-08 6.579986e-05 1.818809e-07 9.175183e-07 6.588836e-06 2.816339e-07
0.9272952 0.00015535462 1.0743017e-05 0.000115447 0.03744094 2.2946733e-05 0.0057619857 2.7612265e-05 0.005322612 1.0240877e-05 0.341494 3.317106e-06 2.028509e-06 0.0030741494 1.968251e-05 0.00015306484 0.17246413 4.186949e-06 0.560851 0.96300507 1.7973631e-06 0.64941657 1.8291259e-05 1.1534144e-08 2.3176959e-07 2.8184377e-07 2.5664626e-06 2.076441e-08 5.99325e-08 4.626748e-08 2.597561e-05 1.1060653e-06 6.529053e-07 0.98128766 0.01603339 3.4951388e-08 1.625186e-06 6.412562e-08 1.8758366e-08 0.0030716113 5.7138686e-07 4.4716126e-06 0.9862682 1.7011204e-06 0.6265265 3.4026556e-07 2.9514278e-05 0.020264978 3.151599e-06 3.0152862e-06 0.49827075 1.2306003e-06 0.077443875 0.00013629238 1.4861763e-06 0.012430741 0.0003437534 0.077528246 8.750998e-07 2.826041e-07 4.440527e-06 0.032266483 3.607717e-06 0.036873117 5.622666e-07 1.0180909e-07 8.863285e-07 6.316168e-08 2.6082995e-07 3.1690224e-06 5.6619143e-07 3.0081355e-07 4.8695955e-07 2.8717168e-05 0.0039332826 3.1887808e-07 0.00080058957 0.000121802674 2.1653113e-07 0.0002693298 0.00048026873 5.6324444e-07 2.7799544e-05 3.6625474e-07 1.804593e-07 2.9666322e-07 2.2646125e-06 5.051785e-07 2.3807936e-05 0.0023190703 2.3639732e-08 1.034796e-06 1.2956129e-07 4.8450306e-07 2.9271167e-05 0.0009043987 2.3995005e-07 5.907583e-07 0.0001327581 8.392931e-06 1.5004811e-07
0.9585402 7.4614494e-05 1.6552575e-06 0.00014714095 1.9545269e-07 0.0007932608 0.00025596409 0.0001927403 9.6443844e-05 0.003610481 1.2722923e-05 0.115427166 0.17316706 0.0042020003 0.63925534 0.30500165 0.00013534089 0.0018538987 3.6731606e-05 1.4637649e-06 0.96235245 1.050717e-06 0.03241212 2.3176959e-07 7.399549e-15 0.00230559 0.9710673 0.9834432 0.09126687 0.5859662 0.00012652182 0.5036057 0.7683054 2.4202513e-05 0.010528204 0.5537002 0.016787993 0.25796995 0.3011627 0.21148488 0.1700424 0.22034447 4.576556e-07 0.10637761 3.7121966e-09 0.14098382 0.30418143 0.012743963 0.016316596 0.16505462 0.0006374829 0.016065102 5.0092934e-09 3.6491454e-07 0.0012747555 0.036281023 4.5562797e-07 6.860583e-08 0.002101926 0.00055341574 1.1138475e-08 5.61571e-07 0.0032555389 3.9329197e-07 0.00029049956 0.00036417352 1.6296955e-05 8.676891e-06 1.3964858e-05 0.00017280309 9.439962e-06 9.9046214e-05 1.5930945e-09 7.250526e-10 1.7574803e-07 0.000104681916 7.104466e-08 3.5797303e-08 4.406361e-06 8.696454e-09 6.311062e-08 7.294241e-06 0.0006689635 7.6615197e-07 2.1799104e-05 1.5381669e-06 2.0367668e-06 4.1790267e-06 1.2103258e-07 3.351149e-07 4.201162e-07 9.4421813e-07 8.8562e-06 1.6710828e-07 3.2237796e-07 2.7231797e-08 1.3213967e-06 2.0911956e-07 8.868472e-08 3.7820863e-07 1.2858442e-07
0.16725262 0.0009403595 5.352272e-05 0.0032284977 0.0001737672 0.006304897 0.00028431462 0.0069700815 0.0003667876 0.16268651 9.157076e-06 0.11966324 0.16525872 0.002350696 0.04508103 0.023648523 5.2389678e-05 0.28047842 1.5154547e-05 7.828214e-06 0.017416257 4.685935e-05 0.92549145 2.8184377e-07 0.00230559 3.8429177e-14 0.0045155166 0.0011993397 0.14023122 0.0138357375 0.99187225 0.00067927747 0.0007669927 1.5930493e-05 0.00042185103 0.0011067165 0.99956095 0.0017045883 0.0012219436 0.0022329171 0.00027517063 0.007285267 1.1682623e-06 0.00052795437 1.4583195e-08 0.049066424 0.00059803564 0.00035374146 0.0001523543 0.0007013679 6.104703e-05 0.0005765003 1.9784613e-06 2.1761352e-06 0.000120010285 0.0010906053 9.1843285e-06 9.898813e-07 0.00012583232 4.8271548e-05 1.1953562e-05 8.5485584e-07 7.373783e-05 3.9829993e-06 2.2971477e-05 2.6079393e-05 5.2723963e-06 1.8556082e-06 1.4281696e-06 0.00018682277 1.5981428e-06 1.3185661e-05 8.840129e-09 1.6059272e-06 7.710241e-07 4.881269e-06 1.8201402e-07 3.0282095e-07 2.6390744e-06 3.053309e-08 6.007533e-08 2.6583315e-05 3.0404908e-05 7.229305e-07 2.541725e-06 4.182122e-07 5.03353e-07 1.474471e-05 3.624283e-08 2.1259511e-07 8.0214124e-07 2.3916073e-07 1.5007632e-05 1.820633e-07 3.1395487e-08 9.713164e-06 1.7369017e-06 1.4156647e-07 5.250098e-08 1.6356464e-07 1.4761693e-07
0.9248558 0.00010739457 2.3148586e-06 0.00016040752 2.8890747e-07 0.0005244837 0.0003394725 0.00028186245 0.0002965347 0.0034791066 1.4856911e-05 0.07103544 0.13091186 0.0027274517 0.22314967 0.07190415 0.0001574013 0.000977594 5.7326342e-05 1.2010217e-05 0.8313363 5.0780404e-06 0.028608514 2.5664626e-06 0.9710673 0.0045155166 5.1864676e-12 0.96233046 0.13596399 0.85970473 0.00052683783 0.18587954 0.43242016 2.353667e-05 0.005349251 0.97196114 0.02266983 0.8059656 0.4303239 0.06531701 0.12902747 0.54213667 3.1671354e-07 0.065083496 2.902727e-08 0.308839 0.12170416 0.003950841 0.010125072 0.10083112 0.0003024681 0.05855567 4.523977e-08 9.4878374e-07 0.0019959365 0.014961996 9.739234e-07 3.2422574e-07 0.0024097562 0.00086886797 4.821934e-08 8.7807337e-07 0.0035534026 2.7777972e-07 0.00032341713 0.00046911155 0.00012635216 2.3252811e-05 4.6521658e-05 0.0005819451 1.9965142e-05 0.0034674585 6.8573356e-09 1.852412e-09 7.900283e-07 0.00014957416 4.83912e-07 1.3285883e-07 1.8994579e-05 2.9793043e-08 4.375898e-07 3.1120093e-05 0.00080836506 1.4066456e-05 3.667773e-05 1.533355e-05 2.9817447e-05 1.4365959e-05 3.086999e-07 4.20722e-07 7.4306865e-07 9.021464e-06 0.00012115149 2.6444923e-07 1.2010738e-06 5.074499e-07 2.671049e-06 1.3209947e-06 2.8036593e-08 1.114576e-05 4.5352803e-07
0.97029394 1.1012516e-05 3.3577356e-07 7.2197117e-06 4.9483592e-08 8.2376555e-06 1.3911011e-05 4.9430935e-05 5.118229e-06 0.0003323661 1.2831817e-06 0.013709056 0.024736272 0.00047920068 0.22715493 0.03650186 9.717742e-06 0.00019192023 2.1419849e-06 4.895653e-07 0.4858498 1.0915233e-07 0.010695631 2.076441e-08 0.9834432 0.0011993397 0.96233046 8.887032e-15 0.037097897 0.43241087 5.3728916e-05 0.6403744 0.90190345 4.4287485e-06 0.0031971734 0.9051062 0.0075454735 0.4769457 0.584776 0.068277314 0.4048635 0.30198607 8.833981e-08 0.26338458 5.5711236e-10 0.11480738 0.384078 0.0030686234 0.10968464 0.68737435 0.00024326744 0.028248014 2.2646065e-09 3.3852988e-08 0.010949813 0.039199598 5.9056475e-08 5.7634075e-09 0.006797308 0.0050777886 5.7911574e-08 7.491442e-08 0.01024755 8.02518e-08 0.0005510406 0.0008586507 0.00049001916 9.423255e-05 0.000107250664 0.0015198968 6.8987974e-05 0.0012868601 6.818569e-10 2.7389044e-09 2.9288545e-08 0.00028501556 3.9330793e-08 1.4001429e-08 1.7464916e-05 5.7495737e-09 5.194666e-08 3.3353823e-05 0.0023108257 6.639259e-06 0.00013235294 8.222226e-06 1.288271e-05 1.9968476e-05 6.540473e-08 1.7172137e-07 3.5297815e-06 1.0797628e-05 8.740789e-05 5.541548e-07 1.3700188e-07 3.0095055e-08 2.8018314e-06 4.1570627e-07 1.6846937e-07 5.942325e-08 8.7620964e-07
0.9174488 0.00024209934 6.7948063e-06 0.00033715446 2.4158766e-07 0.0015488153 1.60446e-05 0.0041171615 1.7798275e-05 0.21930572 5.7286275e-07 0.48563462 0.80840796 0.001216979 0.1817136 0.03045158 5.9465172e-05 0.004320383 8.236485e-06 6.289459e-07 0.33188087 2.974678e-07 0.99128366 5.99325e-08 0.09126687 0.14023122 0.13596399 0.037097897 4.317241e-14 0.47790292 0.024000635 0.015793284 0.04967661 2.1431251e-06 0.00034415393 0.1377943 0.9772111 0.07431287 0.106724225 0.012499135 0.03879733 0.092218935 1.765214e-07 0.018523768 2.3116078e-09 0.9648628 0.012392608 0.00015051743 0.0014841114 0.0065367734 5.9954207e-05 0.013975485 2.437989e-07 2.0522539e-06 0.0010780263 0.0031152177 1.8699907e-06 4.5203713e-08 0.0029289834 0.00011751915 4.105003e-06 1.1280785e-06 0.0061748056 5.17345e-07 0.00036575945 0.0005020929 3.5464434e-06 1.460571e-05 1.3113592e-05 0.00038685466 1.533869e-06 0.0019910904 1.584734e-08 5.060822e-07 4.3722557e-07 0.0002991205 1.2552206e-07 4.5566594e-08 1.1971078e-06 3.7422843e-08 8.735459e-08 2.0523105e-06 0.0009645379 1.6538216e-06 3.7012564e-05 6.5039586e-07 2.2505608e-05 6.234438e-06 3.989625e-08 1.4989745e-08 1.1453077e-06 1.6013307e-07 4.446275e-05 1.1384774e-08 6.581005e-08 1.3867619e-07 5.931463e-05 4.0122188e-07 9.845605e-08 3.1989418e-07 2.0352056e-06
0.97072065 4.773324e-05 4.9926973e-07 0.00019878516 7.619229e-09 0.0008201226 0.000114260554 0.0002885725 9.0659814e-05 0.044793617 2.0281645e-06 0.4931356 0.83989584 0.004241179 0.14264753 0.07588899 0.00028804157 0.0074652294 3.227089e-05 3.323171e-07 0.82549983 4.52064e-06 0.10459527 4.626748e-08 0.5859662 0.0138357375 0.85970473 0.43241087 0.47790292 3.3303295e-12 0.005202835 0.07927182 0.23080897 5.305393e-06 0.0047752527 0.6741513 0.11545573 0.9041232 0.76619846 0.058645755 0.08074096 0.98389053 5.9592594e-08 0.029812112 4.860205e-09 0.8686475 0.043223973 0.002710207 0.0024014309 0.014270608 0.00026791723 0.109056965 3.529256e-08 2.5500872e-06 0.00088947976 0.00760852 7.89434e-07 8.442353e-07 0.0032371029 0.00016921533 4.2221401e-07 5.3568823e-07 0.0038385952 1.3919305e-07 0.00015560075 0.00023951923 4.4411154e-06 1.0745829e-06 3.77684e-06 0.00014014912 5.322418e-07 0.0012562268 9.977306e-09 2.8702067e-08 6.6370467e-07 2.0849411e-05 1.8562682e-08 1.9295253e-08 2.3711418e-06 3.9541685e-09 1.3961701e-07 5.107336e-06 0.0003102602 3.7426378e-06 7.5987664e-05 4.858618e-06 1.3090289e-05 4.24821e-06 6.009963e-08 4.763403e-08 1.9464113e-07 2.5963564e-06 6.056604e-06 3.596825e-07 2.7726705e-07 7.56379e-08 3.0698934e-06 8.962389e-08 1.9761078e-08 7.099763e-07 3.326635e-08
