1.5624477e-17 0.7546374 0.9021491 0.8763677 0.93881273 0.5930308 0.8560478 0.9765952 0.8767249 0.4307875 0.8498571 0.85496515 0.7113807 0.22669308 0.9725382 0.13269381 0.47329965 0.2579332 0.46066228 0.09406652 0.9492125 0.9768924 0.99231356 0.028375812 0.9851121 0.8369735 0.6445171 0.98830485 0.8711417 0.9534521 0.94427574 0.0142166605 0.9212056 0.99857044 0.8656241 0.98216355 0.95733976 0.92129236 0.77004904 0.8586907 0.88423175 0.9363088 0.0007520925 0.43982416 0.8491626 0.96261233 0.94437903 0.9038736 0.9401167 0.8042051 0.9999216 0.9110961 0.32730782 0.91332835 0.23021692 0.9962411 0.9765858 0.9931681 0.82610226 0.9527312 0.96542555 0.30139747 0.95266926 0.58067346 0.9226366 0.8837177 0.37767544 0.8128704 0.3566732 0.91120535 0.9284607 0.0027796773 0.9314663 0.015712805 0.99194676 0.17757218 0.6823542 0.7682487 0.4643481 0.7675592 0.961525 0.99999386 0.001652209 0.24266466 0.0019787916 0.008797125 0.9765352 0.032802764 0.85659945 0.9975838 0.009095305 0.0006768067 0.8284482 0.91370416 0.001451905 0.29514784 0.03084262 0.011448524 0.024062846 0.24726237 6.5626264e-05
0.7546374 1.30851935e-11 0.9851534 0.93738467 0.8036249 0.960375 0.5950122 0.587573 0.0862797 0.5291605 0.029621102 0.047977846 0.029097306 0.45262098 0.017322104 0.20421152 0.1255264 0.41463384 0.0035691664 0.0672498 0.392169 0.0013852774 0.35292673 0.06549967 0.15321356 0.0046658088 0.20365928 0.118178636 0.00096064917 0.0026849185 0.020220097 0.007402467 0.00018291445 0.034428198 0.00010878255 1.28283855e-05 2.9990415e-05 1.1401818e-05 0.0011905847 0.00045485652 0.00022053575 5.6224468e-05 0.00036574897 0.0011227496 3.601797e-06 1.4929994e-06 2.0431527e-05 5.062509e-06 6.2021803e-07 9.132735e-06 0.0032641536 4.280215e-06 0.00044476305 0.0002984486 0.0005962941 0.00053288357 8.006341e-07 9.688126e-05 0.0102559095 7.3883047e-07 2.0091435e-05 1.9917408e-05 1.0056328e-06 1.2091744e-05 1.338519e-06 9.200103e-07 6.2947065e-06 8.0052104e-07 5.893327e-06 3.417531e-05 6.554545e-07 5.985414e-06 2.8671058e-05 3.103586e-05 0.0002738747 1.5505659e-05 1.2836481e-06 4.0587765e-06 4.827389e-07 1.0435035e-05 7.2575244e-07 0.0014837725 1.1297343e-06 7.257683e-07 5.8795345e-06 8.235515e-07 3.222857e-05 9.787554e-06 9.965341e-06 2.1217404e-05 1.1656581e-06 3.3023576e-07 5.8293352e-08 1.7369446e-08 3.6860968e-06 5.7393704e-06 1.0577656e-06 7.9673725e-09 7.76536e-08 4.542478e-09 5.422778e-07
0.9021491 0.9851534 1.7412186e-10 0.74720323 0.8662962 0.86219454 0.8313895 0.82246363 0.24190892 0.53319323 0.13482797 0.023205234 0.083196394 0.33496532 0.022869159 0.13805899 0.27665246 0.4606612 0.018951798 0.06865023 0.70759416 0.004693286 0.5873337 0.059955608 0.35849386 0.01498791 0.514323 0.4116898 0.0035012378 0.003546934 0.30734873 0.013222526 0.00020572863 0.119056776 0.00039885944 5.894195e-05 0.00024748323 6.126568e-05 0.0019972436 0.00051372324 0.0010672201 7.951562e-05 0.0006617505 0.002938538 2.0012114e-05 4.2368124e-06 1.845458e-05 7.111801e-06 4.8342977e-06 2.1232341e-05 0.013794183 6.857862e-06 0.0009986118 0.0006933518 0.0017477187 0.002677351 6.6062585e-06 0.0002389787 0.08703796 2.5446648e-06 3.1595002e-05 9.4910334e-05 4.8173797e-06 2.4638335e-05 1.4440849e-05 1.0495566e-05 2.103505e-05 7.1280638e-06 1.9346378e-05 0.00020847075 5.569939e-06 3.6984828e-05 0.00016145268 0.00015195379 0.0009859711 5.420819e-05 1.7875409e-06 9.683198e-06 1.2592667e-06 8.254473e-05 3.7206444e-06 0.004505361 1.1726501e-06 3.2732682e-06 7.801168e-06 2.5639306e-06 9.32049e-05 4.7241603e-05 6.565437e-05 4.587756e-05 4.9730024e-06 5.251633e-07 1.3776412e-07 3.7497523e-07 7.5130424e-06 8.737331e-05 1.0356006e-06 1.1764687e-08 4.773083e-07 1.1123528e-08 6.129507e-07
0.8763677 0.93738467 0.74720323 5.743402e-13 0.91257054 0.6450461 0.07895281 0.6789961 0.0051105306 0.31422532 0.0018608478 0.7695293 0.00086219935 0.93355215 0.520525 0.856123 0.017510261 0.5967326 0.00016513237 0.7112255 0.22712128 4.1001767e-05 0.7330238 0.31481266 0.09000454 0.4959257 0.16028106 0.0598261 1.2850867e-05 0.02911696 0.0043376437 0.04806306 0.0029625047 0.03220996 2.8374701e-05 1.26112e-06 7.03095e-06 2.3692364e-06 0.073470905 0.0021349052 0.0029888924 0.000100955534 0.0019206427 0.043322075 1.2060489e-05 3.0621493e-07 3.59898e-05 1.4357727e-05 1.4715714e-07 1.155841e-05 0.014706261 1.9995496e-05 0.013164278 0.00063588144 0.026158217 8.251018e-05 2.7295255e-07 0.00040634107 0.005135406 1.074109e-07 5.4644657e-05 0.00027188027 1.9610148e-07 1.7745904e-05 2.952489e-07 4.4799384e-07 5.900562e-05 6.2940614e-07 7.5149123e-06 5.5429773e-06 1.44968e-07 9.248795e-07 1.0602608e-05 0.00046750356 0.00018345844 3.1379157e-05 2.924311e-06 1.30719245e-05 4.6316956e-07 1.1548989e-05 3.839997e-07 0.0011304856 1.9118614e-05 3.0223495e-07 2.7485288e-05 1.9578252e-07 9.238785e-06 0.00015914252 5.7496973e-06 4.3771623e-05 2.9382968e-06 9.246009e-07 1.6613637e-08 2.5946616e-09 1.1940106e-05 1.5716138e-05 2.9622151e-06 9.134777e-09 1.9033726e-07 9.350351e-09 2.7741132e-06
0.93881273 0.8036249 0.8662962 0.91257054 4.4866413e-11 0.3699651 0.29726025 0.97469574 0.07608146 0.16413924 0.025203569 0.1307647 0.011424381 0.17068934 0.16909778 0.08659032 0.02832087 0.103285976 0.0015366459 0.029558407 0.6658176 0.0018607989 0.8354913 0.01116277 0.3892354 0.03235733 0.04605484 0.21509677 0.0007841996 0.025661703 0.018244965 0.0021778515 0.0016636953 0.13252105 0.000474625 6.729425e-05 0.00040756608 5.8247148e-05 0.0040621436 0.0041668117 0.002605979 0.00032888603 0.0001670045 0.004142561 0.00010011764 7.069147e-06 0.00016381592 3.1139385e-05 2.8740933e-06 9.808199e-05 0.048457246 4.704773e-05 0.0008361198 0.002828438 0.002189115 0.0076513677 4.2472134e-06 0.0020732319 0.010841665 1.0966982e-06 0.00015536172 9.393958e-05 7.1070315e-07 0.00010409019 3.0104966e-06 3.997021e-06 4.8693313e-05 1.1981828e-06 1.5557902e-05 0.00010555357 1.1816343e-06 5.6305676e-06 0.00017504509 0.00011128686 0.0014847146 0.000112996706 6.3364882e-06 9.255691e-06 2.1866515e-06 0.00063583406 1.6566189e-06 0.009126811 4.1696235e-06 1.7395606e-06 6.7985716e-06 9.404214e-07 0.00018761697 2.9980203e-05 0.0003193628 0.00024934413 6.2621043e-06 4.1625412e-07 5.4977228e-08 4.8176965e-08 7.773081e-06 2.649713e-05 2.8724137e-06 3.8133057e-09 6.2262234e-07 4.4573385e-09 4.1375483e-07
0.5930308 0.960375 0.86219454 0.6450461 0.3699651 3.5476298e-14 0.7982059 0.3478954 0.19500174 0.9874775 0.16839805 0.008906627 0.2557965 0.36922002 0.003525666 0.10365782 0.52920616 0.696789 0.021921858 0.02073372 0.18890613 0.0018745163 0.0878066 0.07996533 0.08603503 0.0005660111 0.2648756 0.095936134 0.0030218828 0.000737545 0.027141986 0.006128032 4.1825813e-05 0.020375416 5.9132817e-05 3.2428386e-05 1.6389504e-05 2.3206067e-05 0.000112360336 0.00010335316 2.5442509e-05 1.985013e-05 0.0005546476 0.00014261458 1.196042e-06 1.1794232e-06 5.4609095e-06 6.8948515e-07 1.0085718e-06 1.8885362e-06 0.0011694768 2.2890497e-07 7.041127e-05 0.000112483736 6.49675e-05 0.0002267504 5.057493e-07 2.366476e-05 0.012223864 3.0053485e-07 7.5788957e-06 2.1370593e-06 1.1121493e-06 4.122431e-07 5.839153e-07 4.0669923e-07 3.9742662e-07 1.7080265e-07 8.48171e-07 1.968525e-05 2.708217e-07 1.1400557e-05 1.1938615e-05 2.177385e-06 8.405711e-05 2.5308093e-06 4.491058e-08 1.1725797e-06 2.0235758e-08 6.5449507e-07 3.4904568e-07 0.0005263128 1.312698e-07 1.8707496e-07 8.604898e-07 3.9875158e-07 4.6585164e-06 1.6044223e-06 1.8601335e-06 1.8952246e-06 6.087793e-08 4.217888e-08 1.9340204e-08 7.977667e-09 1.3065294e-07 3.839761e-06 4.9588085e-08 5.6545426e-09 2.0687168e-08 9.81361e-10 2.8489461e-08
0.8560478 0.5950122 0.8313895 0.07895281 0.29726025 0.7982059 9.076408e-12 0.4424148 0.9838258 0.5014667 0.92204237 0.001511913 0.7149771 0.022235308 0.0022432124 0.004755892 0.4692127 0.19064036 0.12658757 0.0016647864 0.7773947 0.11782173 0.291044 0.0060809585 0.4426872 0.00033667654 0.23578657 0.7049189 0.05090531 0.0011777626 0.20862213 0.0009272354 5.318131e-05 0.122850314 0.0011552405 0.00039286597 0.0024984782 0.00023450711 5.0608804e-05 0.00035339178 8.470176e-05 6.718101e-05 7.770543e-05 0.00013859123 1.546501e-06 1.4381711e-05 1.3751881e-05 1.0050862e-06 1.3549772e-05 1.5120217e-05 0.004447278 1.247625e-06 4.079213e-05 0.00030564703 3.2953296e-05 0.0042335032 7.5778266e-06 0.00021967804 0.0435432 3.946075e-06 8.039184e-06 5.9050626e-06 7.862473e-06 1.9866386e-06 8.797972e-06 2.7528755e-05 9.3879487e-07 1.0177747e-05 3.5072123e-06 0.000111326044 5.2946166e-06 9.292453e-05 0.0001465571 3.5849678e-06 0.0011021257 2.9344967e-06 1.9532246e-07 5.4767856e-06 1.2774827e-07 2.5500058e-05 8.695663e-06 0.004180476 1.6236469e-07 6.4479223e-06 1.6150657e-06 4.054084e-06 0.00015222227 1.5689639e-06 0.000197634 3.8586204e-05 4.298309e-07 9.862709e-08 6.047865e-08 6.096845e-08 9.09513e-07 1.1325762e-05 1.5868408e-06 4.6992215e-09 1.0988302e-07 2.3729436e-09 7.6442696e-08
0.9765952 0.587573 0.82246363 0.6789961 0.97469574 0.3478954 0.4424148 1.2744009e-10 0.20259933 0.18799447 0.08105608 0.066699214 0.04193479 0.10044477 0.07877408 0.037666395 0.056451675 0.092134304 0.0068586995 0.017994473 0.83730024 0.004919605 0.8628692 0.009571842 0.661353 0.041214384 0.11428248 0.3801673 0.003182482 0.021832764 0.0800192 0.0037338648 0.00090171344 0.30453786 0.0008961356 0.00019902304 0.0027457846 0.00013952378 0.0063983733 0.0038602015 0.0051409407 0.00022321772 0.00018575859 0.005564251 0.00012867012 2.1409935e-05 5.174595e-05 2.9648167e-05 7.328644e-06 5.723888e-05 0.083031446 3.0074876e-05 0.0016404417 0.004093988 0.0031772098 0.02123115 2.9905557e-05 0.0020845984 0.03147921 8.241373e-06 0.00013172811 0.0003173683 1.2135957e-05 0.00011212302 3.2144315e-05 7.474554e-05 7.5465665e-05 2.035622e-05 2.1418959e-05 0.00026569236 1.9335146e-05 2.726739e-05 0.0006575695 0.00010071291 0.0063737924 0.0001446386 6.7225646e-06 1.7896673e-05 6.2135923e-06 0.0012740385 1.8788473e-05 0.018176138 3.2891644e-06 4.67969e-06 6.6300845e-06 4.4891012e-06 0.0006828534 7.1593444e-05 0.0011974494 0.00040915504 4.177624e-06 2.6880386e-07 2.3627165e-07 4.2272472e-06 5.6975205e-06 0.00010837166 2.1707297e-06 1.0173392e-08 2.3656014e-06 1.696456e-08 5.168617e-07
0.8767249 0.0862797 0.24190892 0.0051105306 0.07608146 0.19500174 0.9838258 0.20259933 1.950085e-12 0.11800427 0.9597166 0.00035356084 0.5924156 0.0018340886 0.00032073568 0.00035119033 0.22275513 0.02083846 0.12310622 0.00017867857 0.8754932 0.638542 0.15636948 0.0010046719 0.58607876 5.2500312e-05 0.0690999 0.7978947 0.11094157 0.0006688758 0.10333792 0.0001518931 1.4249868e-05 0.14126807 0.021226887 0.002640181 0.017174017 0.002475622 1.0019277e-05 0.00024487698 7.2503467e-06 1.8344768e-05 1.1939925e-05 1.194038e-05 2.5170615e-07 6.276882e-05 2.4325814e-06 1.4798862e-07 7.435557e-05 2.5789168e-06 0.008601848 3.506853e-07 9.792465e-06 0.00029878522 1.0225331e-05 0.047017124 6.4976666e-05 0.00011755267 0.035404053 1.3482731e-05 1.19494025e-05 2.0775128e-06 3.4856104e-05 1.1514868e-06 3.265011e-05 0.00040933068 2.022045e-07 0.00014709705 7.1213805e-07 0.00039997688 1.5248824e-05 8.506758e-05 0.0005669193 4.232929e-07 0.0077353898 1.0951733e-06 1.8678152e-07 6.1570227e-06 1.4294538e-07 0.00023265112 0.00010066355 0.010662909 7.2579084e-08 0.00010174315 1.0136533e-06 4.9742575e-05 0.00058025296 1.8185551e-06 0.0009288932 5.8921218e-05 2.2677732e-07 2.2825533e-07 3.7376103e-07 4.4493313e-06 1.9326453e-06 1.2451331e-05 1.3621503e-06 9.792543e-09 1.515803e-07 3.8434646e-08 3.3911294e-07
0.4307875 0.5291605 0.53319323 0.31422532 0.16413924 0.9874775 0.5014667 0.18799447 0.11800427 2.0746306e-13 0.24232149 0.0008681487 0.55812293 0.26566842 0.0011807446 0.049234428 0.9208756 0.9484503 0.21512055 0.007913129 0.08215909 0.0032559303 0.028305123 0.17897639 0.029627373 0.00023096369 0.56852305 0.07625869 0.019920701 0.0003643097 0.14699629 0.014516976 1.0646501e-05 0.010461037 0.00017114045 4.452674e-05 6.834121e-05 3.3189175e-05 9.996937e-05 2.3928142e-05 1.3994014e-05 1.3497474e-05 0.0014541964 7.886034e-05 1.6654801e-06 3.0720373e-06 2.2327774e-06 2.5641177e-07 5.564465e-06 5.671279e-07 0.00049241015 1.493574e-07 3.394375e-05 3.2438595e-05 6.567103e-05 0.0001714966 1.3182613e-06 1.2682668e-05 0.08916679 6.1670454e-07 1.0033955e-05 4.5306524e-06 2.1380356e-06 3.9162498e-07 1.9904126e-06 4.192011e-06 5.7695894e-07 1.0080256e-06 8.558348e-07 1.5450863e-05 9.023361e-07 0.00010240872 5.272331e-06 6.8350814e-06 4.4017852e-05 7.167381e-06 3.8644437e-08 1.1982798e-06 3.0712755e-08 3.5707902e-08 2.4615034e-07 0.00030980192 1.2332973e-07 6.821136e-07 5.946761e-07 1.0737205e-06 4.675612e-06 1.8938019e-05 1.2261348e-06 6.253896e-07 2.0394381e-07 6.464792e-08 4.2608566e-08 1.2708267e-08 7.25669e-08 1.1841405e-05 8.48084e-08 6.3699903e-09 7.794277e-09 5.9728744e-10 3.686339e-08
0.8498571 0.029621102 0.13482797 0.0018608478 0.025203569 0.16839805 0.92204237 0.08105608 0.9597166 0.24232149 1.4835614e-11 2.0855356e-05 0.98309255 0.0009987223 5.6278648e-05 0.0001752915 0.52893203 0.06077994 0.456183 9.829887e-05 0.5252616 0.6795935 0.058319762 0.00062701874 0.23025781 1.8573142e-05 0.31077388 0.6601774 0.36456662 0.000106090156 0.59191924 8.5611566e-05 1.5982267e-06 0.08164656 0.013885532 0.0025446613 0.02659611 0.0022242183 5.5729997e-06 1.7253806e-05 2.9688415e-06 6.7223787e-06 1.4808817e-05 6.7670244e-06 1.0884402e-07 3.6148616e-05 1.1274535e-06 5.7155283e-08 4.8254795e-05 1.6605653e-06 0.0013286981 2.3070511e-07 1.9360015e-05 2.7749906e-05 1.5590667e-05 0.008068578 5.7855854e-05 4.24577e-05 0.19193435 1.392552e-05 2.7168348e-06 1.4958741e-06 8.9669935e-05 6.293503e-07 0.00010468641 0.0013761603 3.8412352e-07 0.0004221704 1.3340613e-06 0.00020298151 3.3940447e-05 0.00020099415 0.000257334 3.463327e-07 0.0020089883 1.7295329e-06 1.8364213e-07 2.7726269e-06 5.9477788e-08 4.9445525e-06 0.00039614047 0.0031117585 3.627001e-08 0.00014371228 4.970928e-07 0.00015366921 0.00017029059 3.1405666e-06 0.00023904593 4.3434075e-06 1.2085646e-07 1.5777333e-07 1.1681219e-06 3.6540575e-06 8.8131003e-07 1.4064457e-05 1.6101146e-07 6.410077e-09 2.0277291e-08 4.1724535e-09 1.0859289e-07
0.85496515 0.047977846 0.023205234 0.7695293 0.1307647 0.008906627 0.001511913 0.066699214 0.00035356084 0.0008681487 2.0855356e-05 1.4744859e-15 1.8588025e-05 0.10844712 0.9899887 0.17798713 9.2911236e-05 0.001325627 1.224183e-05 0.20353413 0.0377717 3.721635e-06 0.3960129 0.013110936 0.031795926 0.9668504 0.00023902542 0.008729585 3.7465068e-07 0.5982371 1.2804271e-05 0.00066034624 0.1288395 0.029389627 1.4895685e-05 5.1475433e-07 8.3459065e-07 1.3191918e-06 0.44895187 0.017307542 0.23247269 0.006293855 0.00024132761 0.12777254 0.020708391 3.2130615e-07 0.00310386 0.0017628304 7.065898e-08 0.0019152778 0.082964405 0.0012662588 0.10921652 0.0128344735 0.056611538 0.00027543688 8.460628e-08 0.011898572 0.00016441205 1.3452823e-08 0.00041537225 0.002841742 1.5588809e-07 0.0018041211 1.2046992e-07 5.137232e-08 0.0032942516 1.6509361e-08 0.00012488381 1.749538e-06 3.8240287e-08 1.5569648e-06 9.530311e-06 0.0019869998 0.0005977831 0.00013572749 7.1903334e-05 2.6611965e-06 3.039022e-06 0.0006420362 3.8940623e-08 0.0018315444 1.2442e-05 6.7445546e-07 0.00025766034 1.0508311e-06 2.0476567e-05 0.0010440714 4.928311e-06 0.00016566238 0.00015853888 5.938682e-06 1.2748568e-08 3.1419007e-09 4.120439e-05 3.3089889e-06 5.072682e-06 9.007666e-08 4.7414696e-07 1.6986114e-09 3.407353e-06
0.7113807 0.029097306 0.083196394 0.00086219935 0.011424381 0.2557965 0.7149771 0.04193479 0.5924156 0.55812293 0.98309255 1.8588025e-05 2.1690539e-13 0.0008003662 6.0597667e-05 0.00013429546 0.9416066 0.21491224 0.9307967 7.004298e-05 0.13565528 0.41996714 0.015433245 0.0023142816 0.066316195 9.598886e-06 0.33988026 0.3093734 0.66601485 0.000119721306 0.507381 0.00026052856 3.072383e-06 0.027026849 0.006515178 0.0008116292 0.022783801 0.0009998826 7.734504e-06 1.0434279e-05 1.090731e-06 1.1374895e-05 4.7156125e-05 7.3386595e-06 1.4502456e-07 2.5406116e-05 9.0103515e-07 9.7199e-08 5.6819015e-05 4.1454075e-07 0.00052148814 9.4962786e-08 6.890667e-06 3.091996e-05 1.0054338e-05 0.0030811818 3.460752e-05 5.1766234e-05 0.12888454 9.167413e-06 2.464333e-06 6.982995e-07 3.0994983e-05 3.3227116e-07 4.803454e-05 0.0005793111 8.764164e-08 0.0001475987 2.832687e-07 0.00023450577 1.0238914e-05 0.0005166188 0.00013748794 3.104169e-07 0.000695528 1.8920769e-06 7.022849e-08 5.1025554e-06 1.47174335e-08 1.2887655e-06 3.705042e-05 0.00093205844 4.7229367e-08 7.960204e-05 1.1479961e-07 7.6129254e-05 5.9570124e-05 1.7969467e-06 0.00010299304 3.194794e-06 3.418077e-08 5.3752768e-08 4.1726884e-07 5.038395e-07 1.3187334e-07 2.8792361e-05 2.2498591e-07 4.0048027e-09 3.3591785e-08 5.7830083e-09 3.1219443e-08
0.22669308 0.45262098 0.33496532 0.93355215 0.17068934 0.36922002 0.022235308 0.10044477 0.0018340886 0.26566842 0.0009987223 0.10844712 0.0008003662 1.4400948e-13 0.01585996 0.98720837 0.0028255482 0.8062306 4.9572507e-05 0.89918506 0.02109373 0.00012597883 0.05216374 0.82961726 0.010581265 0.063194275 0.053718828 0.00885436 4.1764924e-06 0.0016852474 7.8000856e-05 0.15999405 0.00029938133 0.0041248268 8.879393e-05 3.5340443e-05 8.8698425e-06 6.0551396e-05 0.0007631156 6.734118e-05 8.7339984e-05 5.8619626e-05 0.053830795 0.0024301782 1.4710258e-05 3.2756727e-06 2.8158704e-06 3.0405356e-06 2.3130467e-06 1.9314252e-06 0.00047181163 1.1623367e-06 0.0003148904 0.00018217838 0.0019516821 0.000114559836 5.4566226e-07 7.703193e-05 0.0016874259 1.4728111e-07 1.8112554e-05 1.2372568e-05 4.496194e-07 5.4099525e-07 6.808963e-07 4.6151348e-07 1.3181997e-06 8.6326175e-08 1.65687e-06 6.975378e-06 2.9812784e-07 5.615697e-06 1.3245838e-06 5.546137e-05 5.0540162e-05 2.8295294e-06 1.445617e-07 1.6239721e-05 1.3186276e-07 3.396055e-07 2.0774474e-08 0.00040915035 1.0512355e-05 7.6222886e-07 7.045073e-06 2.5281918e-06 6.187647e-07 2.731873e-06 9.114033e-07 2.6677176e-07 9.587545e-07 5.667816e-08 8.70633e-09 6.7824883e-09 8.475455e-08 3.6317465e-06 4.4600707e-08 6.880446e-09 9.7003245e-08 8.225397e-09 1.9103112e-08
0.9725382 0.017322104 0.022869159 0.520525 0.16909778 0.003525666 0.0022432124 0.07877408 0.00032073568 0.0011807446 5.6278648e-05 0.9899887 6.0597667e-05 0.01585996 1.5242544e-14 0.019927694 0.00021202507 0.0012604828 2.1103086e-05 0.030019704 0.09406125 1.4976677e-05 0.7831336 0.00076841196 0.055290043 0.6831566 0.00046890983 0.0222002 1.4478571e-06 0.83128285 0.00016125373 0.00010315504 0.12918489 0.076794736 8.5414045e-05 4.096478e-06 5.876271e-06 1.3664839e-05 0.26571292 0.089294605 0.082052246 0.008664944 1.9458173e-05 0.07791245 0.010806949 8.3033683e-07 0.0019643507 0.0013605694 3.512928e-07 0.0014659617 0.4575073 0.0010942062 0.06451415 0.05905459 0.076383084 0.0028234175 1.3581656e-06 0.0335689 0.00078652665 2.1157169e-07 0.0007803542 0.004438677 3.5177928e-07 0.0018347928 1.097192e-06 1.2482278e-07 0.0027949926 2.0035714e-07 0.00022155352 1.6948285e-05 2.450981e-07 2.4269484e-06 4.5758232e-05 0.0018624563 0.003346405 0.00027057866 0.00015315172 7.619429e-06 4.2233505e-06 0.0037705011 1.0848546e-07 0.015964111 5.1009547e-06 1.4766704e-07 0.00011130183 6.5872433e-07 0.00018147974 0.0011530616 0.00017824935 0.0007126646 0.00014960654 1.1255477e-06 3.869155e-09 8.64672e-09 6.2850886e-05 2.9358418e-05 5.7980214e-06 2.0666572e-07 3.4103373e-06 1.7369469e-09 1.4632093e-06
0.13269381 0.20421152 0.13805899 0.856123 0.08659032 0.10365782 0.004755892 0.037666395 0.00035119033 0.049234428 0.0001752915 0.17798713 0.00013429546 0.98720837 0.019927694 9.0831485e-15 0.00028930494 0.25586843 6.8475624e-06 0.9710383 0.008696846 1.4387596e-05 0.030370038 0.52556574 0.003535322 0.16352972 0.0052402345 0.0031312616 2.7402737e-07 0.0030634438 8.57919e-06 0.049765445 0.0002307825 0.0023357214 8.701238e-06 2.3674793e-06 7.7059104e-07 9.522579e-06 0.0028001952 7.315471e-05 0.0001365544 3.1222145e-05 0.02700833 0.0067093777 1.47646915e-05 1.3445884e-06 1.7206254e-05 6.908947e-06 3.57893e-07 2.1542703e-06 0.00028833564 3.256175e-06 0.0005371097 3.460458e-05 0.0044743177 4.714061e-05 4.0675857e-07 1.8435845e-05 0.0003114757 1.3827682e-07 2.7905502e-05 2.3626626e-05 9.72609e-07 3.8547802e-07 3.978373e-07 6.0721345e-07 4.8112456e-06 1.7731556e-07 1.8679266e-06 2.698815e-06 2.1662616e-07 1.8941513e-06 1.1357923e-06 0.0003711436 5.7589583e-05 4.8230063e-06 5.0548937e-07 1.0384831e-05 2.5039174e-07 4.486869e-07 4.4529475e-08 0.00017876654 3.5988738e-05 8.2878266e-08 2.3231622e-05 1.3125572e-06 2.4668853e-07 1.5163163e-05 5.38183e-07 4.38518e-07 1.035489e-06 4.9236246e-07 5.9552563e-09 7.1763173e-09 4.119633e-07 1.6850208e-06 4.8695888e-08 7.3512396e-08 4.82636e-08 2.0694586e-08 8.2202256e-08
0.47329965 0.1255264 0.27665246 0.017510261 0.02832087 0.52920616 0.4692127 0.056451675 0.22275513 0.9208756 0.52893203 9.2911236e-05 0.9416066 0.0028255482 0.00021202507 0.00028930494 3.2805017e-14 0.7760538 0.982548 0.0001370124 0.09074231 0.024690844 0.013087643 0.0035049275 0.040537495 2.2914566e-05 0.8507869 0.18327507 0.5073271 0.00020352483 0.6141832 0.0013898566 5.0672816e-06 0.021199254 0.0008909566 0.00023566016 0.004299199 0.0002777049 1.4043454e-05 1.612341e-05 1.3361896e-05 9.9389645e-06 0.00046897732 9.595197e-06 1.4794622e-06 1.0509519e-05 1.4067641e-06 1.4418555e-07 1.5680042e-05 3.1503473e-07 0.00044221018 6.677024e-07 7.786132e-06 4.6391666e-05 7.390993e-06 0.001072872 8.115002e-06 5.2019914e-05 0.16152307 3.1566524e-06 1.3246286e-05 2.2942599e-05 1.2362802e-05 1.083575e-06 1.2991603e-05 1.5606553e-05 3.0692495e-06 5.787745e-06 1.3430762e-06 4.940044e-05 3.9986185e-06 0.0007130025 1.2371187e-05 8.837204e-07 0.00019066421 3.4589997e-05 1.0058294e-06 3.6183537e-06 2.8960594e-07 2.341214e-08 6.86971e-06 0.00087094656 3.7880874e-08 1.3079805e-05 6.2634814e-07 1.9997957e-05 6.789818e-06 2.7748822e-05 1.1696825e-06 8.543856e-07 4.1273526e-07 9.924529e-08 2.2451692e-07 5.7574557e-08 9.0396796e-08 0.000100998965 1.1155282e-06 3.315714e-08 3.555451e-08 1.1809381e-08 3.9900416e-09
0.2579332 0.41463384 0.4606612 0.5967326 0.103285976 0.696789 0.19064036 0.092134304 0.02083846 0.9484503 0.06077994 0.001325627 0.21491224 0.8062306 0.0012604828 0.25586843 0.7760538 7.632867e-14 0.036059354 0.20057906 0.037902076 0.0006022256 0.016940804 0.93517643 0.014739335 0.00039733932 0.97461396 0.021533752 0.0025104536 0.00022233772 0.09925129 0.39742893 8.034347e-06 0.0081043 7.074633e-05 1.9264044e-05 2.8596316e-05 2.6403472e-05 5.6981586e-05 3.7415423e-06 1.2318845e-05 9.054002e-06 0.21595547 0.00013941072 1.9048517e-06 2.1341123e-06 1.4460715e-06 5.920775e-07 2.2573113e-06 4.589327e-07 0.000219925 3.614358e-07 1.8679062e-05 2.5727522e-05 0.00013133435 7.957843e-05 1.3341973e-06 1.9133242e-05 0.053077593 6.0581715e-07 1.4607785e-05 8.392074e-06 1.2958991e-06 7.7060355e-07 3.4091795e-06 1.3156011e-06 9.390044e-07 6.589669e-07 3.372146e-06 1.0242654e-05 9.3611374e-07 7.590589e-05 1.1929152e-06 3.3479067e-05 2.9969971e-05 2.3683e-05 2.913417e-07 6.457867e-06 1.6135101e-07 4.8814638e-08 8.846118e-07 0.00030862796 1.2604454e-06 6.0974444e-06 3.630299e-06 3.5326068e-06 1.7600727e-06 0.00018197017 6.227643e-07 3.9763705e-07 6.9251377e-07 1.1576358e-07 1.1137333e-07 3.1184985e-08 2.5519373e-07 9.5201416e-05 2.7670438e-07 4.9447266e-08 1.4990258e-08 8.5160465e-08 4.0581842e-08
0.46066228 0.0035691664 0.018951798 0.00016513237 0.0015366459 0.021921858 0.12658757 0.0068586995 0.12310622 0.21512055 0.456183 1.224183e-05 0.9307967 4.9572507e-05 2.1103086e-05 6.8475624e-06 0.982548 0.036059354 9.633686e-16 5.4063084e-06 0.032163378 0.2487198 0.0023518598 0.000110314206 0.015893368 4.6512587e-06 0.3538286 0.13847414 0.9665345 2.8989305e-05 0.7142689 4.6956873e-05 1.1229895e-06 0.012360163 0.016420163 0.00083613745 0.09800736 0.0045116493 5.3649787e-06 4.3065093e-06 1.7673979e-06 7.345228e-06 3.90146e-06 2.7770568e-06 5.187619e-07 3.8135022e-05 8.7116786e-07 7.442123e-08 0.00015085687 2.880741e-07 0.00024679783 3.762243e-07 6.2694544e-06 1.8080076e-05 2.3319021e-06 0.0020551498 8.0802485e-05 4.2740536e-05 0.10493071 1.1973916e-05 1.9533178e-05 3.5140595e-06 1.6160711e-05 7.391722e-07 5.026047e-05 0.0008263015 5.6859614e-07 0.00018195059 1.3051626e-06 0.00029902608 1.8390172e-05 0.0017019464 9.07323e-05 1.2566113e-07 0.0007686352 3.0536517e-05 7.2415537e-07 4.9182067e-06 4.1662068e-07 1.2698407e-06 0.00015272204 0.00096221117 5.6025748e-08 0.0005038806 2.7283218e-06 0.0003470967 1.2771502e-05 5.3353266e-05 1.690146e-05 7.867089e-07 3.967469e-07 4.7400277e-07 4.739354e-07 1.6121927e-06 2.0371677e-07 8.499443e-05 1.0347635e-06 4.729978e-08 2.2320013e-07 6.7184494e-08 2.3381428e-07
0.09406652 0.0672498 0.06865023 0.7112255 0.029558407 0.02073372 0.0016647864 0.017994473 0.00017867857 0.007913129 9.829887e-05 0.20353413 7.004298e-05 0.89918506 0.030019704 0.9710383 0.0001370124 0.20057906 5.4063084e-06 2.5766886e-14 0.0028362917 9.256203e-06 0.0112945745 0.9667489 0.0012610179 0.79654384 0.006763835 0.001020589 3.9532566e-07 0.006121972 1.3729905e-05 0.77370316 0.0009858037 0.0010895432 1.2007845e-05 7.928834e-06 4.7950625e-06 5.6009244e-06 0.08199884 0.00013923454 0.0016585183 0.00020035094 0.77827406 0.29707456 0.00024675712 1.422907e-06 5.1061113e-05 5.9618033e-05 9.881081e-07 6.2849294e-06 0.00034395492 2.9526582e-05 0.0155155035 4.4838875e-05 0.11132966 3.7368834e-05 3.9521274e-06 4.942636e-05 0.00025511137 5.369685e-07 0.00021845006 0.0012207153 5.11985e-06 1.6844095e-05 1.8435485e-06 9.392839e-07 0.00021837112 4.8121585e-08 2.0115553e-05 9.484903e-06 1.3829692e-06 2.167052e-06 6.477267e-07 0.002246294 2.3480889e-05 0.0005355585 4.72697e-06 0.00011472318 2.2709944e-06 1.6824588e-07 1.2821212e-08 0.00012713348 0.0007324089 2.0036553e-07 0.0003160189 3.693395e-06 6.361943e-08 0.00034312016 2.099927e-07 7.1092205e-07 3.3579858e-05 4.12532e-06 1.0278207e-08 1.2349926e-08 3.2690534e-06 3.6930094e-05 2.040444e-07 5.38518e-08 4.9626404e-08 3.0980706e-07 1.6554628e-06
0.9492125 0.392169 0.70759416 0.22712128 0.6658176 0.18890613 0.7773947 0.83730024 0.8754932 0.08215909 0.5252616 0.0377717 0.13565528 0.02109373 0.09406125 0.008696846 0.09074231 0.037902076 0.032163378 0.0028362917 4.835145e-14 0.55745476 0.61646676 0.0033294428 0.96993023 0.010278509 0.055980656 0.7929776 0.049559813 0.14909427 0.131947 0.00022683323 0.0027523388 0.6400494 0.07619134 0.013231086 0.049273513 0.0040597855 0.00369976 0.001510222 0.0019667838 0.00019054132 1.447804e-05 0.0011839599 0.00011950923 0.0007687011 9.766868e-05 1.0278282e-05 0.00049541984 1.958729e-05 0.04532323 3.9953844e-05 0.0007235 0.00063719903 0.00012859334 0.07157295 0.0009141097 0.00042595956 0.034637667 0.00070455164 3.783963e-05 4.115836e-05 0.0025922295 3.2532902e-05 0.00072342064 0.006900174 1.2398814e-05 0.0018510694 1.864908e-06 0.0012172157 0.00019077826 0.00017673794 0.0030036196 2.0775396e-05 0.00979085 3.383832e-05 4.2988113e-06 4.199892e-07 2.0628823e-07 0.001137425 0.0010364603 0.013626152 4.5006796e-06 0.00018063074 1.313577e-05 0.00017807452 0.0006284927 8.5950605e-06 0.0030815152 0.00013189869 2.8231481e-05 1.042219e-06 2.3335962e-05 0.00010216689 4.469291e-05 1.4960781e-06 1.4676899e-06 9.939925e-09 7.487239e-07 5.193353e-10 3.4640784e-06
0.9768924 0.0013852774 0.004693286 4.1001767e-05 0.0018607989 0.0018745163 0.11782173 0.004919605 0.638542 0.0032559303 0.6795935 3.721635e-06 0.41996714 0.00012597883 1.4976677e-05 1.4387596e-05 0.024690844 0.0006022256 0.2487198 9.256203e-06 0.55745476 2.0487755e-13 0.008428794 2.1252945e-05 0.22248207 9.830754e-06 0.002186463 0.93134266 0.7537152 7.457722e-05 0.03031889 6.656926e-07 1.299296e-06 0.4472279 0.8481421 0.10080474 0.8254244 0.39911088 2.8151587e-06 0.00013022931 2.1151611e-06 8.853465e-06 9.519978e-07 1.830126e-05 3.975976e-07 0.00538666 3.1786687e-06 2.1055881e-07 0.007977186 8.2036036e-07 0.02298271 2.0559385e-06 6.874645e-06 0.00048032185 9.645663e-05 0.56633264 0.007153616 0.00052116095 0.028525611 0.00061985117 1.9029934e-05 1.2474079e-05 0.0070268596 7.4825704e-07 0.0025018111 0.055440307 2.3585305e-06 0.009189797 1.2026302e-06 0.0017627884 0.0006015526 0.00054927607 0.004304504 1.2244468e-05 0.098255955 5.918416e-05 9.912861e-07 7.299384e-06 9.630969e-08 0.0004210761 0.0054033403 0.04658517 1.6639791e-07 0.005900011 1.000514e-06 0.0017077362 0.012747731 0.0009679109 0.026356665 0.00039535132 6.3785865e-07 1.0607412e-07 4.0814666e-05 0.00015432156 9.309129e-07 0.00026609655 8.702113e-07 3.8119095e-09 1.9123126e-08 7.1563195e-09 2.25874e-07
0.99231356 0.35292673 0.5873337 0.7330238 0.8354913 0.0878066 0.291044 0.8628692 0.15636948 0.028305123 0.058319762 0.3960129 0.015433245 0.05216374 0.7831336 0.030370038 0.013087643 0.016940804 0.0023518598 0.0112945745 0.61646676 0.008428794 2.414905e-16 0.004498526 0.83851135 0.1916501 0.012401912 0.120203696 0.0031775872 0.7729349 0.017055502 0.00046534947 0.08865029 0.78039104 0.0010960114 0.00035146272 0.0023635768 0.00021349693 0.03609175 0.052316163 0.018746067 0.011138552 2.4994848e-05 0.014178607 0.0036429549 4.227572e-05 0.0055572796 0.00052975444 2.5644162e-05 0.00083159265 0.7484544 0.0011658438 0.0039596413 0.011931343 0.0027051494 0.019812824 4.7636877e-05 0.015144875 0.007636318 1.919132e-05 0.0008399753 0.0002584082 9.742457e-05 0.0023100798 5.998835e-05 8.7222616e-05 0.00021628896 4.7334284e-05 2.7216265e-05 0.00020607735 1.7021272e-05 8.884323e-05 0.00025889263 0.00013460063 0.012723786 0.0005479135 9.441993e-05 1.8707142e-05 1.5108449e-06 0.03846119 5.4669206e-05 0.023834249 4.1549425e-05 1.574404e-05 5.0403327e-05 4.8404956e-05 0.00016018479 0.00011662452 0.00234026 0.0020494289 0.00019616968 2.589771e-06 9.2554563e-07 2.6786915e-06 0.00012386304 1.6536853e-05 1.5363894e-05 1.6483742e-07 4.7221736e-05 1.0618763e-08 1.0812829e-05
0.028375812 0.06549967 0.059955608 0.31481266 0.01116277 0.07996533 0.0060809585 0.009571842 0.0010046719 0.17897639 0.00062701874 0.013110936 0.0023142816 0.82961726 0.00076841196 0.52556574 0.0035049275 0.93517643 0.000110314206 0.9667489 0.0033294428 2.1252945e-05 0.004498526 7.246941e-15 0.001928042 0.0049671135 0.6855099 0.0007995945 1.22645815e-05 0.00037735284 0.00032939264 0.9492283 1.025363e-05 0.0017183532 4.1272406e-06 5.8554525e-07 1.2703421e-06 3.042386e-06 0.00012869443 2.5708966e-06 1.1862077e-05 9.036793e-06 0.1966351 0.0021743153 3.608364e-06 8.708431e-07 6.7686085e-07 1.0029548e-06 5.734651e-07 1.8370241e-07 9.1792106e-05 5.7781625e-07 5.0427796e-05 2.2508204e-05 0.0010356491 2.8745857e-05 7.927567e-07 1.8630122e-05 0.0051144576 3.6725646e-07 1.4769014e-05 2.3137829e-05 1.9843768e-07 2.498822e-07 6.6632714e-07 1.8939372e-07 4.666129e-06 1.5609595e-08 2.4557228e-06 2.7924416e-06 1.9305544e-06 6.292405e-05 3.7432466e-07 3.875659e-05 8.366172e-05 1.930246e-05 3.3818847e-06 7.0220517e-06 2.047452e-05 9.573054e-09 3.2948452e-07 0.00034575816 5.209334e-05 1.2250647e-05 2.084786e-05 7.992316e-06 4.7303544e-07 5.7715377e-05 6.860632e-07 3.4753504e-07 5.471242e-06 7.973853e-08 4.1348557e-08 1.3054103e-08 1.4334968e-06 1.6704904e-05 1.5985995e-07 2.8382505e-08 2.2296302e-08 6.2986243e-09 2.3232824e-08
0.9851121 0.15321356 0.35849386 0.09000454 0.3892354 0.08603503 0.4426872 0.661353 0.58607876 0.029627373 0.23025781 0.031795926 0.066316195 0.010581265 0.055290043 0.003535322 0.040537495 0.014739335 0.015893368 0.0012610179 0.96993023 0.22248207 0.83851135 0.001928042 3.3911838e-13 0.005235951 0.015471813 0.8688343 0.026846973 0.3247051 0.02758486 0.00014654438 0.0073493863 0.85886866 0.06902497 0.0058181947 0.05616169 0.0043300553 0.0027515974 0.011575408 0.0008547552 0.001994496 4.7491108e-06 0.0011590244 0.0005078055 0.0005307339 0.0009756609 7.979845e-05 0.0005251824 0.0003036751 0.37878987 0.00020522207 0.00042575854 0.0037461142 8.242202e-05 0.3860722 0.0009432021 0.0053038783 0.017637998 0.0004459833 0.00013611896 4.7191577e-05 0.001974155 0.00033515246 0.00066380156 0.0060079326 1.3542887e-05 0.0014838609 1.1504479e-05 0.0016760948 0.00018017567 0.00014518655 0.006176855 2.3897197e-05 0.103963464 5.333307e-05 2.6765454e-05 3.884047e-07 7.1956293e-07 0.031078417 0.00036200538 0.071617134 1.1917082e-05 0.0004195215 2.2568043e-05 0.00022052357 0.0055215945 2.2434166e-05 0.021667676 0.0019155289 2.3264123e-05 5.430883e-07 7.0758515e-06 0.00016647927 1.8731722e-05 2.247767e-06 3.5112987e-06 3.5368238e-08 3.5320343e-06 9.136915e-10 1.3912232e-05
0.8369735 0.0046658088 0.01498791 0.4959257 0.03235733 0.0005660111 0.00033667654 0.041214384 5.2500312e-05 0.00023096369 1.8573142e-05 0.9668504 9.598886e-06 0.063194275 0.6831566 0.16352972 2.2914566e-05 0.00039733932 4.6512587e-06 0.79654384 0.010278509 9.830754e-06 0.1916501 0.0049671135 0.005235951 1.6621073e-13 0.00032743363 0.0061538266 1.6381666e-08 0.33347327 1.6037424e-05 0.0016852346 0.27274853 0.015165934 8.791824e-06 4.227836e-06 1.3082233e-06 5.996881e-06 0.9656651 0.016111039 0.5804918 0.0056345374 0.004461186 0.8309116 0.018435597 3.5698793e-07 0.0013609346 0.0015987094 2.9929495e-07 0.0013984136 0.027423624 0.0012767744 0.6606613 0.0064721094 0.5176775 0.00011068694 1.3992618e-06 0.006572793 3.2409313e-05 2.53475e-07 0.00056445546 0.0660535 8.396852e-08 0.0005305077 1.0259728e-06 4.092611e-08 0.018646533 8.059906e-09 0.000112586975 5.722111e-06 1.7444731e-06 7.3952833e-07 3.1321736e-06 0.019047443 0.00030692088 0.0023393987 0.00011543467 3.1911204e-05 1.8821382e-05 6.9435366e-05 2.09309e-08 0.00075952196 0.0006431663 3.0251528e-07 0.0029944289 6.799991e-08 3.002895e-06 0.0025377313 6.305473e-06 4.3900764e-05 0.000637772 2.5948797e-05 1.827989e-07 1.1588303e-08 9.575685e-05 5.4856173e-05 1.8377646e-06 5.0561106e-08 4.526528e-06 1.6689478e-08 1.2096692e-05
0.6445171 0.20365928 0.514323 0.16028106 0.04605484 0.2648756 0.23578657 0.11428248 0.0690999 0.56852305 0.31077388 0.00023902542 0.33988026 0.053718828 0.00046890983 0.0052402345 0.8507869 0.97461396 0.3538286 0.006763835 0.055980656 0.002186463 0.012401912 0.6855099 0.015471813 0.00032743363 8.620273e-13 0.065074034 0.45178804 0.000107602995 0.94276506 0.42744392 1.41223045e-05 0.032208316 0.000116552575 7.57039e-05 0.002501439 0.00021165234 6.761396e-05 7.258441e-06 6.0913444e-05 2.3104136e-05 0.68275946 0.00019812748 2.6986093e-06 5.430673e-06 2.9746086e-06 2.1822618e-06 1.129989e-05 2.4171268e-06 0.0009010408 1.1159592e-06 0.00017812564 1.8283534e-05 0.000503128 0.00014953564 7.1713607e-06 0.00021119766 0.8437661 6.038972e-06 0.0001330184 8.5270636e-05 8.890896e-06 4.2300258e-06 2.0507467e-05 6.962421e-05 1.0627197e-05 3.748948e-05 1.3081527e-05 4.5142566e-05 1.8891642e-05 0.00442469 1.0229417e-05 0.00030165634 0.00037380506 0.00083654217 1.4685925e-05 0.00017710391 3.1662823e-06 7.9318056e-08 0.00024930984 0.0007350662 1.07762735e-05 0.00027277652 8.947568e-05 0.00019402445 6.785449e-06 0.0023336867 3.0677688e-06 9.513878e-07 0.00010619968 5.430526e-07 1.662986e-07 6.887225e-08 2.0402611e-05 0.007445301 6.6537716e-05 1.8396011e-07 3.804778e-06 5.9297203e-09 2.7706947e-06
0.98830485 0.118178636 0.4116898 0.0598261 0.21509677 0.095936134 0.7049189 0.3801673 0.7978947 0.07625869 0.6601774 0.008729585 0.3093734 0.00885436 0.0222002 0.0031312616 0.18327507 0.021533752 0.13847414 0.001020589 0.7929776 0.93134266 0.120203696 0.0007995945 0.8688343 0.0061538266 0.065074034 9.6856845e-15 0.25357026 0.009697028 0.3652924 2.6507923e-05 0.00017037116 0.88900554 0.3880352 0.12207355 0.33986884 0.041680515 0.00094888883 0.0011663681 0.0004809849 3.1014675e-05 5.782998e-07 0.00029525047 8.606315e-06 0.0054601138 8.781542e-06 1.449519e-06 0.008644339 8.084129e-06 0.12297729 4.7747467e-06 0.0004117974 0.0011233714 4.5855213e-05 0.49469602 0.018679848 0.0004603339 0.10752439 0.0047985325 3.6315785e-05 9.016373e-06 0.023754414 1.7248985e-05 0.0086400155 0.06988031 1.3341338e-06 0.0287841 8.322761e-07 0.0066382815 0.002805786 0.00016361964 0.022500578 5.2584464e-06 0.22098356 1.0450552e-05 2.2072807e-06 9.928075e-07 3.4620095e-07 0.0054769325 0.006128371 0.0646718 2.710929e-06 0.0037733696 1.2369523e-05 0.00037137783 0.0131438915 1.5145041e-05 0.036830716 0.00028984397 8.869022e-06 3.2805514e-07 6.4002794e-05 0.0012207491 1.753705e-05 1.279109e-05 2.1416784e-06 3.1333688e-08 3.6273366e-06 4.5798063e-10 2.8445372e-06
0.8711417 0.00096064917 0.0035012378 1.2850867e-05 0.0007841996 0.0030218828 0.05090531 0.003182482 0.11094157 0.019920701 0.36456662 3.7465068e-07 0.66601485 4.1764924e-06 1.4478571e-06 2.7402737e-07 0.5073271 0.0025104536 0.9665345 3.9532566e-07 0.049559813 0.7537152 0.0031775872 1.22645815e-05 0.026846973 1.6381666e-08 0.45178804 0.25357026 1.5488995e-17 1.5741359e-06 0.9517712 1.956637e-06 3.9073726e-08 0.05300506 0.42628467 0.0074090846 0.89695626 0.34446573 1.5705633e-07 2.1467313e-06 4.257087e-08 1.7595666e-07 1.7625771e-06 8.3626765e-07 4.3993065e-08 0.00096338365 3.868013e-08 1.7632739e-09 0.016130095 6.4760695e-09 0.00051166554 1.1751074e-08 1.8773068e-07 2.0113595e-05 4.734771e-06 0.039484728 0.014855659 6.100961e-05 0.10585545 0.00047135443 1.5517628e-05 5.865267e-07 0.0073728273 2.4314703e-08 0.0014356201 0.2753119 9.1797745e-08 0.08462627 6.064079e-09 0.0020472782 0.00030791736 0.0078316415 0.0017507833 3.4136594e-08 0.017924652 6.5797525e-07 1.0284052e-06 2.5882513e-05 1.9893354e-09 6.5099724e-05 0.0040137884 0.0044284216 6.169866e-08 0.013825034 1.6122825e-05 0.0050077923 0.0013208915 1.1086499e-05 0.0016470106 3.59291e-05 7.322849e-07 1.4576779e-07 5.9985547e-07 5.4049247e-05 1.17245726e-07 0.00012787546 1.5694186e-06 7.61564e-09 8.3053294e-08 2.6825453e-09 4.1693627e-07
0.9534521 0.0026849185 0.003546934 0.02911696 0.025661703 0.000737545 0.0011777626 0.021832764 0.0006688758 0.0003643097 0.000106090156 0.5982371 0.000119721306 0.0016852474 0.83128285 0.0030634438 0.00020352483 0.00022233772 2.8989305e-05 0.006121972 0.14909427 7.457722e-05 0.7729349 0.00037735284 0.3247051 0.33347327 0.000107602995 0.009697028 1.5741359e-06 8.265979e-15 9.6480726e-05 3.963487e-05 0.9879916 0.04214602 0.0004685104 4.9502403e-05 5.1009236e-05 4.4793193e-05 0.3404483 0.78960395 0.41298455 0.30269408 1.1813007e-06 0.042543024 0.19717765 1.3408936e-05 0.041507397 0.108246386 2.246567e-06 0.020378103 0.82088685 0.056964073 0.10004041 0.20947556 0.012332768 0.05395299 3.3931594e-06 0.07432529 0.00075357966 2.420473e-07 0.0072307303 0.03972879 4.7855056e-06 0.024466762 2.233821e-06 5.06832e-06 0.028920123 3.4396853e-06 0.0025400836 9.532142e-05 1.2187343e-06 3.7306483e-05 0.0004562716 0.00046627948 0.033251036 0.0029464557 0.0023555805 1.0562451e-05 9.2274575e-05 0.079201266 1.09722805e-07 0.043801103 8.001849e-06 2.782843e-05 0.00033494987 3.9782557e-05 0.00089060323 0.0025599436 0.001924179 0.003963833 0.00039113473 7.9180345e-06 2.0786374e-07 1.8311225e-07 9.286482e-05 0.00024712592 0.00036094256 2.1914384e-06 6.2460516e-05 4.4469125e-08 4.1220837e-06
0.94427574 0.020220097 0.30734873 0.0043376437 0.018244965 0.027141986 0.20862213 0.0800192 0.10333792 0.14699629 0.59191924 1.2804271e-05 0.507381 7.8000856e-05 0.00016125373 8.57919e-06 0.6141832 0.09925129 0.7142689 1.3729905e-05 0.131947 0.03031889 0.017055502 0.00032939264 0.02758486 1.6037424e-05 0.94276506 0.3652924 0.9517712 9.6480726e-05 2.6136987e-14 0.0005957916 1.2911467e-05 0.15036231 0.0017702741 0.0008419671 0.19449094 0.0090112155 6.7999595e-06 7.0261112e-06 4.3147556e-06 3.2678614e-05 0.003933217 4.321977e-05 6.428989e-07 0.00014654467 1.3994687e-06 6.755267e-07 0.0003444729 5.139513e-07 0.0005590127 2.4882516e-07 3.0609554e-05 0.00010495372 0.00043067907 0.0014449818 7.240836e-05 0.0004072258 0.8909224 5.0846964e-05 0.00063713104 1.2481445e-05 0.0002679134 7.209704e-07 0.00014541797 0.007427419 3.2075493e-06 0.005007179 6.8758186e-06 0.0010570972 0.00019704305 0.026564341 0.00047612807 0.00014440663 0.003096185 0.00017755391 5.036274e-06 0.0013449496 2.3417836e-06 2.6872863e-06 0.0006854587 0.0014045101 2.6900325e-06 0.0026792784 0.00028228748 0.0056693475 9.210085e-05 0.0010648188 0.00018269183 6.3716648e-06 0.0002473315 9.569418e-06 6.54364e-07 1.5074152e-06 3.8780843e-05 0.0050924243 8.3307496e-05 1.0645733e-06 2.7301542e-06 7.3723125e-09 9.454283e-07
