3.2388428e-16 0.99001956 0.9811112 0.99998474 0.9969888 0.9836242 0.98058695 0.8852127 0.997534 0.98504084 0.97239465 0.8819384 0.99486804 0.99268657 0.997906 0.9950248 0.9986278 0.64630616 0.8722257 0.98450905 0.70279944 0.4181321 0.7208746 0.9809629 0.99621135 0.50625426 0.8348694 0.6881429 0.8728732 0.85866195 0.96682227 0.9992279 0.40311706 0.9781137 0.9248188 0.9227424 0.0779563 0.99638855 0.62300116 0.13839506 0.9979842 0.75405645 0.9261741 0.11004617 0.91463023 0.063339084 0.04362517 0.9142182 0.9680772 0.93066525 0.668136 0.48454073 0.9784535 0.7736812 0.018160224 0.9733617 0.9166209 0.56915724 0.5774158 0.5400211 0.16211206 0.8500051 0.9512773 0.6888016 0.29702443 0.42936093 0.92526436 0.9090814 0.7705258 0.69642895 0.4066526 0.72161233 0.021539398 0.061033502 0.082337454 0.0042573907 0.82921493 0.006050467 0.14151241 0.7259716 0.0008770617 0.05837147 0.25175595 0.036867026 0.046159934 0.00011086516 0.009230574 0.003194659 0.036414187 0.9259714 0.01267791 0.08415447 0.05883726 0.34470877 0.036849506 0.8351813 0.00077110424 0.028113302 0.050248306 0.46328244 0.0018376035
0.99001956 1.3871689e-11 0.98078954 0.9426433 0.48211065 0.9573547 0.8555551 0.50623465 0.4062768 0.7503863 0.011666201 0.010885863 0.043073136 0.44182828 0.0034754751 0.006075202 0.0030927735 0.004115879 0.002688236 0.0056228973 0.004965773 0.00198739 0.027439153 0.007661513 0.005443637 0.148983 0.00721346 0.0005650366 0.0013121411 0.0007614087 0.00073739374 0.0071926764 9.2886956e-05 0.40982643 0.0022704361 0.0011663637 0.0051409523 0.0008735148 0.4633043 0.00019474333 0.010493922 0.0014526073 0.0011452641 0.0059992326 0.0008134576 0.00077551586 0.00022555105 0.0005848569 0.013130912 0.0024348295 0.00022184761 0.0007961605 0.0009397073 0.0009929434 0.00844698 0.079689115 0.0003005511 0.00017136615 0.00027358913 9.939776e-05 5.706245e-05 0.084394276 0.09426858 0.0046927175 1.9915365e-06 0.0015439752 0.0058674295 0.009568416 0.005048393 0.00037834918 0.00032588097 0.00033010903 0.00011394128 8.7814005e-06 7.9645935e-05 1.57155e-06 6.0334427e-05 0.00043066224 0.000116292445 0.0009545798 4.165951e-06 8.432343e-05 0.00012730139 9.6697484e-05 1.1848475e-05 6.1004165e-08 5.597731e-06 1.2125568e-05 2.7836952e-05 0.00030286875 6.03926e-06 2.5351223e-05 0.00012551076 0.004798933 2.934732e-06 0.001423773 6.2978626e-07 1.140127e-06 0.12562041 1.2897461e-05 4.183117e-08
0.9811112 0.98078954 5.0657796e-13 0.6633941 0.62856305 0.9542112 0.90971565 0.67498314 0.2257803 0.9447565 0.0051441137 0.0042325 0.013254368 0.48419473 0.0004277638 0.00044154137 0.0004165474 0.0022470183 0.0011542366 0.0021973986 0.001561948 0.0026592354 0.019223431 0.0020530175 0.00082965306 0.20376648 0.0030947723 0.00052699156 0.0003863726 0.0003751418 0.00017653732 0.0016406786 0.00020693718 0.7122122 0.0005346999 0.0006115661 0.0030269579 0.00023116356 0.5310762 0.00011946093 0.004765081 0.00034593165 0.0003450819 0.0031146312 0.00033194604 0.0005979093 0.00041774884 0.00037762063 0.012712118 0.00081778737 9.629257e-05 0.00020015653 0.00035206135 0.0002810336 0.010663081 0.12607527 4.947182e-05 9.551479e-05 9.0195506e-05 1.49398165e-05 3.691893e-05 0.14680794 0.3342142 0.0034659295 1.4551813e-06 0.0014048471 0.0038397233 0.018343966 0.009880862 0.00019516837 4.219025e-05 0.00012261243 4.8874335e-05 9.494627e-07 5.609849e-05 2.2696847e-06 3.5552716e-06 0.00027327595 2.6701717e-05 0.000367643 1.2764019e-06 1.51937065e-05 6.360103e-05 3.6702993e-05 1.4707149e-06 4.6238107e-08 4.0437353e-06 4.1660855e-06 1.4974707e-05 0.00079803733 5.442318e-06 5.774095e-06 0.00034391787 0.01195195 3.961996e-06 0.002718905 1.2493217e-06 5.4195004e-07 0.18194474 1.5192532e-05 5.605033e-08
0.99998474 0.9426433 0.6633941 6.086657e-15 0.19226502 0.8923934 0.11530133 0.059091423 0.3874246 0.100497305 0.09048104 0.0710646 0.1471879 0.84482265 0.14111072 0.08464536 0.19584632 0.0124304565 0.014476108 0.03295314 0.016266894 0.010565192 0.004721485 0.018321645 0.034143347 0.007216143 0.010331145 0.0015267567 0.02424104 0.002115217 0.077911854 0.4403806 0.00023305239 0.1214041 0.15261422 0.0089704795 0.0005392522 0.24252482 0.01644155 0.0004503189 0.43912372 0.10070089 0.007738042 0.0037777016 0.0041995402 0.0016537344 8.870286e-05 0.00822103 0.2861637 0.14427197 0.0010904159 0.014910155 0.09536731 0.017255323 0.0003735761 0.3514413 0.0071867593 0.0017772596 0.00091507385 0.0028043392 0.00027704306 0.072961554 0.4679321 0.08341352 0.00060040865 0.027794464 0.11092188 0.053028595 0.027044473 0.009291709 0.009148632 0.006599754 0.0013988704 2.4755956e-05 0.0007529447 0.00012948489 0.010838983 3.395654e-05 0.0020161578 0.010162981 4.5928273e-06 0.0029177899 0.00531928 0.0036712976 0.00018754488 3.015848e-07 8.073626e-06 0.0002262892 0.0009957897 0.012715556 0.00048638482 0.008627986 0.004160637 0.0068666916 0.00029107332 0.06880016 8.1578224e-07 0.00015493798 0.024346426 9.3931616e-05 2.1959142e-05
0.9969888 0.48211065 0.62856305 0.19226502 2.7073283e-11 0.040525835 0.5402617 0.85657334 0.43729174 0.090584695 0.021252207 0.011967993 0.00957354 0.0004372523 0.0011430763 0.0009762268 0.00021848964 0.011486352 0.0016329578 0.0010800828 0.0040077665 0.0086522605 0.9945703 0.0012554028 0.00019508929 0.4431346 0.17293327 0.0034177105 0.00019357257 0.0010496372 8.7948385e-05 0.00025630923 0.005819277 0.0023381286 0.000203991 0.0003995394 0.13817468 7.4495976e-05 0.009633235 0.005127825 0.00010276307 5.826215e-05 0.00038993027 0.4087043 0.00019438838 0.08191404 0.09424006 0.00013105334 3.237246e-05 6.541765e-06 2.0398391e-05 1.7074079e-05 7.691385e-06 1.2650535e-05 0.00030119182 9.674106e-06 3.7519992e-05 5.929014e-05 0.00018225207 7.24363e-06 3.5296554e-05 0.0017145295 2.4949408e-05 2.894219e-06 2.1290697e-07 3.56649e-05 5.6769913e-06 6.478955e-05 1.49093285e-05 4.3973714e-07 5.9004747e-06 9.2447914e-07 3.8474336e-06 0.00058374694 0.015103509 1.0000575e-07 6.0935896e-08 0.021474635 8.1732264e-07 6.5542354e-06 0.00010001371 2.2226044e-07 1.1488937e-06 1.7387198e-06 6.791767e-06 1.1358038e-05 1.3650081e-05 9.848803e-07 8.72802e-07 1.9904552e-05 6.551358e-07 7.881721e-08 9.08472e-07 3.491096e-05 2.0494433e-06 1.9782566e-07 0.0017154469 3.6171684e-07 0.0007773482 2.2979933e-05 7.277551e-08
0.9836242 0.9573547 0.9542112 0.8923934 0.040525835 3.3775808e-14 0.36349702 0.11706477 0.01231582 0.66704893 0.0009640188 0.0009163485 0.0024859465 0.8891976 0.0005444686 8.5925574e-05 0.0023539397 0.00059221144 0.0002604898 0.00053883396 0.00075277523 0.0004095548 0.0030138346 8.472389e-05 0.00015222779 0.022874884 0.0015642674 9.1194146e-05 0.00027472698 0.00024784156 0.0002875138 0.028225534 3.538506e-05 0.9311842 0.0040725335 0.0003448909 0.00022988165 0.0029835112 0.10753148 2.1824502e-05 0.11034454 0.0054511703 0.0001312417 0.00047250325 5.5748897e-05 3.7114467e-05 1.01388305e-05 0.00046556318 0.17084621 0.019936271 7.6126016e-06 0.0017412081 0.0030130728 0.002291611 0.0032498343 0.57942915 6.529944e-05 8.1002545e-05 2.558219e-05 0.00020160501 2.199599e-05 0.54660493 0.84664035 0.02193798 1.426758e-06 0.008320623 0.12586832 0.15878153 0.039285924 0.0015339334 0.00068378367 0.0012369236 0.00014869265 6.551985e-08 2.151917e-06 4.308263e-06 0.00026984914 3.7362045e-06 0.00014959028 0.0062902365 1.0709035e-07 0.0005508585 0.0013770254 0.0005469481 5.5237742e-06 1.3791438e-07 3.4425238e-06 1.4129565e-05 4.089407e-05 0.014146232 2.1126463e-05 9.457024e-05 0.018930143 0.14146477 0.00016461947 0.21432962 3.280232e-07 4.3746563e-06 0.29376847 1.4213656e-05 5.9786106e-07
0.98058695 0.8555551 0.90971565 0.11530133 0.5402617 0.36349702 1.6693823e-10 0.9922799 0.0066320016 0.5812344 0.0009696039 0.00040563275 0.0003385283 0.0047871787 0.00036363368 0.00014648863 0.00014015524 0.0004234185 4.7482892e-05 5.8006677e-05 0.0004284824 0.0004995071 0.20522116 8.813773e-05 1.3548972e-05 0.94066244 0.0022753566 0.00022899876 2.9325203e-05 0.0003340748 3.3189557e-05 0.0007153936 0.0001841951 0.03336263 0.00011090079 3.4143028e-05 0.080927454 0.00016085638 0.7261165 4.5747583e-05 0.00019490349 0.00013291353 2.4645313e-05 0.016647056 2.104996e-05 0.00015721603 0.0023377158 2.710155e-05 0.000113265676 1.5013144e-05 4.142118e-06 6.004547e-05 5.6721583e-06 1.9138497e-05 0.022807118 0.00011690637 6.0820016e-06 7.0890223e-06 2.4199282e-05 5.5215783e-06 7.030588e-06 0.03741707 0.00085889857 3.433506e-05 7.647011e-08 1.6431666e-05 1.8854906e-05 0.0005119652 0.00022257278 1.046914e-06 2.289532e-07 8.40765e-07 1.4505162e-06 1.7005194e-05 0.00020434576 4.756095e-08 1.0013554e-07 0.018668067 1.1083936e-06 4.2603083e-06 5.6599793e-06 4.1071584e-07 4.4422045e-06 1.4854056e-06 1.8893605e-05 1.6204873e-06 1.1291729e-06 3.088224e-07 3.9900133e-06 6.307052e-05 2.7344665e-06 8.269731e-08 0.0001013756 0.0028797123 3.208785e-06 3.797686e-05 7.416161e-05 2.8282586e-06 0.041685425 1.3950362e-05 7.568798e-08
0.8852127 0.50623465 0.67498314 0.059091423 0.85657334 0.11706477 0.9922799 1.3910951e-08 0.037685208 0.45155638 0.003842881 0.0022907315 0.0025572667 0.002373151 0.0011313154 0.0006834378 0.00025139775 0.0015055424 0.00075926166 0.0008030429 0.0012476752 0.0018835147 0.70170414 0.000245688 0.00013914508 0.9943216 0.0059857517 0.00023999024 8.575996e-05 0.0002632431 0.00015500018 0.0005322205 0.00023010913 0.004121956 0.00029758684 7.923886e-05 0.37228763 8.877184e-05 0.22347414 8.906032e-05 0.00016023047 8.431555e-05 7.439026e-05 0.20103814 4.9142614e-05 0.0037642496 0.026445307 8.8022476e-05 4.1221643e-05 2.845039e-06 3.562961e-05 0.00012052527 7.734622e-06 3.8070648e-06 0.008194906 4.09936e-05 2.5027786e-05 9.488847e-06 1.6203086e-05 3.4036522e-05 6.481164e-06 0.0044145063 8.486022e-05 1.14269305e-05 1.7580973e-07 2.7033582e-05 7.5154144e-06 0.00013720828 5.8276484e-05 1.8209986e-06 1.0423145e-06 1.0442993e-06 5.037418e-06 9.44071e-06 0.00035012173 6.8700245e-08 1.2876531e-07 0.047882333 7.206975e-05 6.3214525e-06 2.6479447e-05 1.0358347e-06 7.6237898e-06 6.836157e-06 2.6108506e-05 5.4649973e-07 1.1502394e-05 2.0534696e-06 1.3048111e-05 1.9434343e-05 6.828254e-06 1.2527057e-07 8.258989e-06 0.00013482224 3.4258603e-06 8.430762e-06 0.00033870785 3.234529e-06 0.0018586485 2.1784474e-05 8.57382e-07
0.997534 0.4062768 0.2257803 0.3874246 0.43729174 0.01231582 0.0066320016 0.037685208 1.622651e-13 0.004524899 0.86224014 0.81362975 0.02133232 0.0002895003 0.00025723118 0.00028847042 0.000153203 0.8580734 0.003369203 0.003167856 0.020541104 0.7282303 0.016311424 0.00039640366 0.00031924734 0.005061814 0.9858832 0.37906286 5.9268037e-05 0.010955432 2.5853498e-05 0.00012299493 0.32466072 0.00061118824 0.00020120972 0.00016758652 0.00028233786 3.3070315e-05 0.0017124224 0.2923743 5.32677e-05 3.5795103e-05 0.0018765893 0.015550493 8.054951e-05 0.18641208 0.0045886664 9.608993e-05 1.4286349e-05 2.5927732e-06 0.00012320119 9.050764e-06 3.452193e-06 3.187606e-06 0.00029717252 7.844666e-07 4.993995e-06 1.1706284e-05 0.0019920913 8.244925e-06 0.00012436646 0.00018364978 7.640021e-06 4.4699686e-07 5.831025e-08 1.3760945e-05 1.3488253e-06 8.7969065e-06 1.97673e-06 8.280594e-07 4.637207e-07 1.429582e-07 1.4100925e-06 0.025936855 0.09217214 1.3231531e-06 1.920873e-07 1.8528594e-05 7.2590615e-07 1.3252495e-06 2.8213284e-05 2.60031e-07 2.249917e-07 4.253969e-07 1.1317945e-05 0.00036387064 2.1375925e-05 8.3209464e-08 1.1565262e-06 4.5215467e-07 1.951691e-06 2.1960577e-06 2.0895025e-06 2.9659563e-05 2.3297292e-07 9.1938927e-07 0.00022714995 1.6846769e-06 0.00010554451 3.3081957e-05 1.4399427e-07
0.98504084 0.7503863 0.9447565 0.100497305 0.090584695 0.66704893 0.5812344 0.45155638 0.004524899 5.763867e-10 0.00062446314 0.0003608207 0.0004986338 0.112544715 0.00016362808 5.789482e-05 0.00014338129 0.00022681119 7.6185315e-05 0.00018604191 0.00013222676 0.00036817612 0.011396982 0.00010041043 4.5598314e-05 0.49242252 0.00063224847 6.0518207e-05 2.6523147e-05 6.7955225e-05 4.4724635e-05 0.0016462756 3.107645e-06 0.7765559 0.00013404123 5.2092146e-05 0.003369801 0.00023129433 0.9846385 4.1342508e-05 0.00092458905 0.00027894715 4.460441e-06 0.0010604905 2.1951637e-06 2.205411e-05 8.296523e-05 3.1591386e-05 0.0012558681 0.00019829704 9.539117e-07 7.8507655e-05 0.00020323992 0.00018214347 0.04855622 0.004323765 3.8297276e-07 6.7419987e-06 3.820575e-07 1.0800579e-06 3.18231e-05 0.40532044 0.08383102 0.00085674704 7.3738065e-08 0.00010754175 0.0008920262 0.01311593 0.0041697673 7.4257814e-06 3.5531716e-07 8.187546e-06 1.7685799e-06 2.1504563e-06 0.00026788708 3.1944452e-07 4.435949e-07 0.0003601818 1.0979304e-05 1.882709e-05 1.8390865e-06 4.1362577e-07 1.6453949e-05 1.0793867e-06 5.6556187e-06 5.154713e-06 1.0485696e-06 1.945707e-06 1.3666408e-06 0.0008621611 3.3178367e-06 1.0313802e-06 0.0017127792 0.03992476 3.1054938e-06 0.0034197646 7.474351e-06 1.05993415e-07 0.8940823 5.1676263e-05 8.475423e-08
0.97239465 0.011666201 0.0051441137 0.09048104 0.021252207 0.0009640188 0.0009696039 0.003842881 0.86224014 0.00062446314 2.291124e-11 0.9991389 0.4969201 3.207661e-05 0.00035037793 0.00073055504 0.00027866903 0.8790795 0.11066784 0.03207229 0.6033082 0.43360963 0.0007373811 0.0037813385 0.0028731385 0.0007608657 0.3984674 0.7342627 0.00021061476 0.19073111 0.00015041369 6.6542474e-05 0.6109974 0.00029227385 0.00015681576 0.0011133582 1.1794721e-05 3.5825156e-05 0.00023491541 0.05329268 6.740713e-06 6.8549984e-06 0.006504102 0.000818636 0.0026776306 0.0023354108 0.000120289755 0.00021650358 1.514223e-06 9.804926e-07 0.00076431286 5.262623e-07 6.836479e-07 4.942669e-07 4.4731503e-05 5.419635e-07 8.4455016e-05 0.00017940359 0.018547207 4.380785e-06 0.00038532168 0.00022534914 3.1157108e-06 1.5791858e-07 2.9614822e-07 9.521081e-06 3.4387585e-07 2.0494706e-06 2.1967645e-07 3.1103028e-07 5.291651e-07 6.0748226e-07 4.7744896e-07 0.06852808 0.053908207 9.471352e-08 6.3049264e-08 1.1258579e-06 4.4260965e-08 1.1672144e-06 0.0006066825 2.807337e-07 1.3982755e-07 1.05336206e-07 6.58347e-05 0.0016463407 0.00020088952 7.845269e-06 2.9618548e-07 1.15002e-07 1.6552599e-07 7.2183e-08 3.2059788e-07 1.8881527e-06 8.212606e-07 2.6525989e-08 2.8968137e-05 2.1123076e-07 6.4616984e-06 0.00042642458 2.2185466e-07
0.8819384 0.010885863 0.0042325 0.0710646 0.011967993 0.0009163485 0.00040563275 0.0022907315 0.81362975 0.0003608207 0.9991389 3.4411874e-12 0.48105252 2.3977233e-05 0.00035615565 0.0011643071 0.0003406554 0.98680955 0.1657111 0.025251945 0.6125947 0.5201563 0.000365583 0.0037036962 0.003466847 0.00029867754 0.24473295 0.69138336 0.00042484212 0.099486835 0.00017825751 4.9217844e-05 0.6363033 0.0002078141 0.00016991489 0.0010601997 7.046087e-06 1.8003439e-05 0.0002752231 0.018629648 4.10568e-06 1.1270939e-05 0.0042071966 0.0009516588 0.0017525783 0.0016759845 4.4953627e-05 0.00022333355 1.6976197e-06 3.7312742e-07 0.0005575621 5.286809e-07 5.6960994e-07 1.721454e-07 2.6468617e-05 2.4210914e-07 0.00012458047 0.00012214501 0.012960314 1.30813905e-05 0.00031638163 8.994708e-05 1.720956e-06 1.083277e-07 3.8755806e-07 9.900093e-06 1.6978211e-07 1.530428e-06 1.2107898e-07 1.2230883e-07 1.0180167e-06 3.7029506e-07 5.1621436e-07 0.03084898 0.019709777 9.031027e-08 1.3928667e-07 4.1756178e-07 3.446252e-08 1.0770144e-06 0.0008655202 2.1412973e-07 1.00049434e-07 2.1186747e-07 2.8122033e-05 0.00030924726 0.000103500235 3.461001e-06 2.1299246e-07 4.834809e-08 1.08554175e-07 2.9964124e-08 1.1672238e-07 6.5447824e-07 1.2952596e-07 1.3749722e-08 5.4864668e-06 7.876056e-08 1.5015555e-06 0.0002437047 5.3522378e-08
0.99486804 0.043073136 0.013254368 0.1471879 0.00957354 0.0024859465 0.0003385283 0.0025572667 0.02133232 0.0004986338 0.4969201 0.48105252 1.6593341e-11 5.6511744e-05 0.009788829 0.019170325 0.0026620978 0.058845386 0.9715803 0.8554806 0.9568614 0.058610406 5.7937847e-05 0.061250247 0.22704874 0.00038317905 0.0058815563 0.24150835 0.0011522184 0.90506524 0.0006864773 0.00024015989 0.12420674 7.8334524e-05 0.0044797594 0.0028584225 2.2175007e-06 0.0001395327 0.00015152228 0.0029829836 2.5943551e-05 9.423938e-05 0.40165266 2.7905955e-05 0.017455941 6.522588e-05 1.223806e-05 0.0008910072 5.3380977e-06 1.1239858e-06 0.011845015 7.098297e-06 3.0641431e-06 1.0581773e-06 4.465327e-06 1.4598572e-06 0.00014752777 0.001292452 0.52271146 6.303072e-05 0.016430616 0.00010191194 9.3405913e-07 2.403064e-07 1.7905e-07 3.586132e-05 4.1984302e-07 2.1174255e-06 1.3305012e-06 4.2549855e-06 2.5789043e-06 7.596465e-08 4.062804e-06 0.030303253 0.0007487289 1.5629663e-06 1.7085233e-07 4.5100484e-07 1.07492056e-07 3.2315177e-07 0.002886384 1.2705457e-06 2.112078e-07 8.427921e-07 0.00018768747 0.00010465716 0.0071606357 0.0001183151 2.1381395e-06 1.8316743e-07 1.8362737e-06 5.853108e-07 3.4499908e-06 2.469194e-05 2.9282975e-07 1.8063787e-07 7.9011015e-06 2.5549773e-06 1.5202881e-05 0.005584726 2.7723888e-06
0.99268657 0.44182828 0.48419473 0.84482265 0.0004372523 0.8891976 0.0047871787 0.002373151 0.0002895003 0.112544715 3.207661e-05 2.3977233e-05 5.6511744e-05 5.3475964e-15 7.02948e-05 3.0780257e-06 0.0014743579 8.23918e-06 1.5250838e-06 1.461906e-05 1.5422901e-06 5.205145e-06 2.9425466e-05 1.1105637e-06 3.126557e-06 0.00028356293 1.6678089e-06 5.0789043e-07 9.466539e-06 5.793569e-07 0.00015746556 0.039962366 4.426749e-07 0.54538006 0.004868814 9.472328e-06 1.77281e-06 0.0010630542 0.0018783154 2.0690374e-07 0.36923724 0.001908496 4.8614436e-07 3.563342e-05 1.3623063e-06 1.0206036e-06 4.620886e-07 1.1660955e-05 0.6382816 0.18914583 2.1369215e-07 0.00059239526 0.010611335 0.025114018 4.2797394e-05 0.9612057 9.897686e-06 9.587473e-07 6.8280025e-07 8.9477806e-05 2.3169964e-06 0.13791467 0.9385943 0.38190198 1.3205488e-06 0.016663838 0.5712763 0.35935467 0.121505745 0.0015449811 0.0004515723 0.0043284395 3.9427217e-05 6.074672e-07 4.824865e-06 8.6769046e-07 0.003106519 5.9026274e-07 0.0012271052 0.020452932 8.065215e-08 0.0013763151 0.003172376 0.0007527027 1.494397e-06 2.2601945e-07 7.14469e-08 1.872641e-06 0.0001360206 0.16390423 0.00013208108 0.0031309868 0.015890649 0.07363604 0.00093757274 0.58144987 3.2574346e-07 9.816289e-06 0.018070588 4.6710863e-07 3.7252443e-07
0.997906 0.0034754751 0.0004277638 0.14111072 0.0011430763 0.0005444686 0.00036363368 0.0011313154 0.00025723118 0.00016362808 0.00035037793 0.00035615565 0.009788829 7.02948e-05 3.760659e-12 0.8932873 0.43892735 0.00012817618 0.008034483 0.04100494 0.002879651 0.00023966181 4.989684e-05 0.2812533 0.14290857 8.297188e-05 5.1949217e-05 0.0005879652 0.9675191 0.0019242122 0.934036 0.0020347787 6.078201e-05 0.00014208446 0.2099624 0.59692556 5.1388565e-07 0.005947173 5.0880775e-05 6.1490896e-06 0.00032543033 0.0017192147 0.018774696 7.312542e-05 0.31370375 2.6800944e-06 3.236152e-06 0.8686409 0.00013993435 0.00011118821 0.260238 0.0001965894 0.0004941154 4.265673e-05 8.3369724e-07 4.615513e-05 0.8897349 0.29714638 0.00094355934 0.0058193766 0.0009801257 6.4272813e-06 3.8485727e-05 1.5745121e-05 0.22059798 0.0006953612 1.8413653e-05 4.5636945e-05 3.8347458e-05 0.000129594 0.00027107663 1.4119719e-05 3.8473212e-05 3.7350164e-05 1.5583531e-05 2.1200858e-05 5.8685404e-05 1.5712601e-07 4.1664357e-06 5.5851706e-05 1.4345128e-06 1.3757823e-05 1.5792408e-06 5.6915464e-06 0.006512351 1.7773959e-06 0.0002714986 0.0072086873 1.5403139e-05 1.08443255e-05 7.2990565e-06 6.8279214e-06 4.6574814e-06 6.6856223e-06 5.601755e-07 8.236289e-06 2.4697065e-06 6.33493e-06 1.7970144e-05 0.095872246 2.416454e-06
0.9950248 0.006075202 0.00044154137 0.08464536 0.0009762268 8.5925574e-05 0.00014648863 0.0006834378 0.00028847042 5.789482e-05 0.00073055504 0.0011643071 0.019170325 3.0780257e-06 0.8932873 3.6414304e-13 0.0993499 0.00039073577 0.019644678 0.08028784 0.0058407714 0.0004957159 4.162502e-05 0.9484885 0.44402272 0.00010606082 2.6077478e-05 0.00062048313 0.9698785 0.0019096356 0.15253444 0.0002264485 0.00046801625 5.392784e-05 0.015224043 0.92671424 1.4873461e-06 0.0012544477 6.71502e-05 1.6655447e-05 4.0991014e-05 0.00042289513 0.03317334 9.379922e-05 0.66414803 4.375053e-06 1.0285528e-05 0.6707208 7.610279e-06 1.641699e-05 0.48645824 3.265179e-05 6.487766e-05 3.97187e-06 6.118784e-07 3.9239308e-06 0.2530625 0.29304862 0.0017053167 0.0016379387 0.0032022696 2.9474545e-06 3.5024193e-06 5.4893275e-07 0.0037174884 6.436105e-05 7.354644e-07 5.3535555e-06 7.1761224e-06 2.7071377e-05 0.00016361699 1.5457446e-06 1.071067e-05 0.00021213003 3.2059666e-05 2.4354122e-05 8.59057e-06 5.472361e-07 9.777623e-07 1.5108341e-05 2.8865145e-06 2.915178e-06 3.8740288e-07 2.1707192e-06 0.0011843321 4.383671e-07 0.00045261183 0.0038227297 2.6978475e-06 6.0346224e-07 1.3916219e-06 3.1773716e-06 9.594095e-07 1.9478198e-06 8.652712e-08 5.346736e-07 4.91138e-07 1.360621e-06 2.7675178e-06 0.076262236 5.5228713e-07
0.9986278 0.0030927735 0.0004165474 0.19584632 0.00021848964 0.0023539397 0.00014015524 0.00025139775 0.000153203 0.00014338129 0.00027866903 0.0003406554 0.0026620978 0.0014743579 0.43892735 0.0993499 5.864981e-11 5.484712e-05 0.0008800767 0.005076322 0.00049633963 4.541911e-05 1.2580933e-05 0.015018514 0.030481085 8.653748e-05 9.599253e-06 0.00015008169 0.15944731 0.00029557108 0.95199734 0.027225021 4.5587117e-06 0.0002681639 0.9879677 0.015996573 5.1425704e-06 0.115527876 4.8615635e-05 4.4445983e-06 0.002179473 0.037318 0.00094318955 9.4406234e-05 0.0030894186 1.3735239e-06 1.0293529e-06 0.047865693 0.00033158407 0.00060958316 0.014254714 0.0073328433 0.0020019568 0.00026355105 2.0108196e-06 0.00028486748 0.2700286 0.0074666855 9.648303e-05 0.08767632 0.0004885323 9.506831e-05 0.00020812628 0.00014304883 0.44501683 0.0022625702 0.00028261504 0.00021638366 0.00043979546 0.003653723 0.006466942 7.3363684e-05 0.00031511002 3.181955e-05 0.00014532023 0.00044285922 0.002260515 7.183946e-07 1.1521409e-05 0.00011466345 8.944957e-07 5.798225e-06 2.1648944e-05 0.00010386588 0.021739312 5.6320846e-07 0.00024390602 0.0055683753 0.00016423747 0.00011292409 3.388576e-05 9.436825e-05 1.0128287e-05 3.0197637e-06 2.3531607e-06 0.00010495331 1.103103e-06 6.147627e-05 4.298285e-05 0.0042146402 5.1488787e-05
0.64630616 0.004115879 0.0022470183 0.0124304565 0.011486352 0.00059221144 0.0004234185 0.0015055424 0.8580734 0.00022681119 0.8790795 0.98680955 0.058845386 8.23918e-06 0.00012817618 0.00039073577 5.484712e-05 1.0494532e-11 0.044033233 0.00818378 0.38846418 0.9993357 0.0002772738 0.0012355712 0.0013087955 0.00016405775 0.31219682 0.7007707 0.0002661755 0.05172318 1.9032712e-05 1.8118773e-05 0.5264 0.00023261517 2.6833926e-05 0.00067447935 8.593454e-06 3.5470557e-06 0.00015308367 0.019215848 8.967309e-07 2.3064122e-06 0.001316483 0.0013579164 0.00065572746 0.0037022536 6.359848e-05 0.00014495841 1.7459727e-06 3.6740008e-07 0.00021466066 2.0260795e-07 5.4637457e-07 2.7791407e-07 1.3038818e-05 2.0329836e-07 1.9982115e-05 0.0001292754 0.0024857724 6.4152114e-06 5.273565e-05 8.138731e-05 4.469622e-06 2.7720333e-07 7.607209e-08 6.412991e-06 3.8657214e-07 4.445175e-06 1.214127e-07 1.5052123e-07 6.8046074e-07 2.7948616e-07 1.774317e-06 0.011426638 0.009243351 9.1797396e-08 1.5146412e-07 1.0661767e-06 4.273584e-07 4.6186638e-06 0.0002767209 6.66849e-07 1.3653558e-07 1.0426614e-06 5.9921626e-05 7.102445e-05 4.5778743e-05 3.3230125e-07 1.5736466e-06 5.026105e-07 6.4329936e-07 9.709394e-08 2.9937146e-07 2.3748836e-07 5.0878512e-08 4.1490917e-08 9.672122e-06 5.409287e-07 3.219664e-06 2.8107663e-05 3.6163058e-07
0.8722257 0.002688236 0.0011542366 0.014476108 0.0016329578 0.0002604898 4.7482892e-05 0.00075926166 0.003369203 7.6185315e-05 0.11066784 0.1657111 0.9715803 1.5250838e-06 0.008034483 0.019644678 0.0008800767 0.044033233 2.4186266e-11 0.9610053 0.99442124 0.05408384 1.7836031e-05 0.11311423 0.5099112 0.00013077106 0.002500533 0.08557857 0.0020195316 0.79299086 0.0012622077 6.6604065e-05 0.07913381 1.2847583e-05 0.0010261241 0.0049040746 3.3273665e-07 3.9170234e-05 1.5138644e-05 0.00033723327 1.4056792e-06 8.5510665e-06 0.5610196 2.1925453e-05 0.028140849 5.5702658e-05 1.0130581e-06 0.0027454128 8.904557e-08 5.4055974e-08 0.022093942 1.3144324e-06 2.7882703e-07 1.0515588e-08 1.2273006e-07 5.831715e-08 0.0006812363 0.0018165836 0.64844316 9.920423e-06 0.024677072 2.5823707e-05 2.0660629e-08 4.6032635e-08 2.0380325e-07 4.8818924e-06 7.199847e-08 3.0068338e-07 1.38383065e-08 6.752999e-07 1.2801737e-06 8.7372094e-08 1.1078282e-06 0.010231253 0.00040096988 1.2984553e-07 1.571906e-07 3.9558506e-07 1.4245573e-07 4.616169e-07 0.0047094626 5.6697193e-08 3.0874862e-08 1.7310666e-07 0.00011504957 3.1247702e-05 0.0075393626 8.36768e-05 3.0731024e-07 2.2227482e-07 5.4466767e-07 5.0386404e-07 4.291166e-07 1.9756633e-06 1.1173271e-07 1.2270985e-08 1.7113422e-06 2.6148075e-07 7.677176e-06 0.0101221185 2.582688e-07
0.98450905 0.0056228973 0.0021973986 0.03295314 0.0010800828 0.00053883396 5.8006677e-05 0.0008030429 0.003167856 0.00018604191 0.03207229 0.025251945 0.8554806 1.461906e-05 0.04100494 0.08028784 0.005076322 0.00818378 0.9610053 4.04163e-12 0.5571285 0.0062234164 4.5946304e-05 0.32626805 0.94569504 0.00019421142 0.002810549 0.01741748 0.007563766 0.63053316 0.004809558 0.00016824645 0.0060968604 5.5268756e-05 0.0033969255 0.020664446 6.154631e-07 0.00016865143 7.021312e-05 0.00021676329 1.087692e-05 2.5158306e-05 0.96895844 1.5006387e-05 0.15103091 4.231658e-05 4.6164355e-06 0.013967457 1.1261415e-06 3.9403346e-07 0.35008106 4.0957934e-06 1.4843067e-06 1.5432339e-07 4.1169505e-07 1.5506781e-07 0.003085335 0.009609553 0.7694864 0.00010160692 0.21088861 2.7360673e-05 4.2217028e-08 1.6216103e-07 2.9490657e-06 5.082864e-05 1.7595868e-07 1.2781461e-06 2.400473e-07 6.1074803e-07 1.8892821e-06 6.022724e-08 3.5602525e-06 0.0048906137 0.0002573028 4.5326468e-07 2.3605925e-07 3.839642e-07 1.0165212e-07 1.4942844e-06 0.0046951976 1.7321929e-07 2.0953519e-07 2.3196971e-07 9.3267765e-05 1.5991605e-05 0.032049946 0.00029186078 5.20406e-07 4.2036666e-07 6.5561574e-07 1.5011617e-06 8.06006e-07 1.2076325e-05 1.4453909e-07 7.231915e-08 1.1480953e-06 1.2867993e-06 4.157632e-06 0.057715245 2.6602967e-07
0.70279944 0.004965773 0.001561948 0.016266894 0.0040077665 0.00075277523 0.0004284824 0.0012476752 0.020541104 0.00013222676 0.6033082 0.6125947 0.9568614 1.5422901e-06 0.002879651 0.0058407714 0.00049633963 0.38846418 0.99442124 0.5571285 2.5768474e-13 0.55761427 0.00019754222 0.023006644 0.13983786 7.1829934e-05 0.009107122 0.7043751 0.0012850666 0.98564327 0.0004490125 1.080891e-05 0.84717345 5.825559e-05 0.00041307198 0.0015533974 1.7107907e-06 1.0819997e-05 0.00014666155 0.00185228 1.01636616e-07 8.626701e-06 0.25467658 0.00027853774 0.004488136 0.00014483777 1.1863662e-05 0.0008745939 7.705929e-08 1.2241414e-08 0.0020880403 1.4777953e-06 4.0313676e-08 7.898557e-09 1.8560621e-07 5.6619818e-08 0.0002582803 0.0004300249 0.44827867 7.0432525e-06 0.010418911 1.2684324e-05 2.023456e-08 5.8515e-09 1.2889049e-07 2.4478384e-06 4.0484873e-09 1.8245613e-07 3.3614516e-09 1.7995346e-08 2.5387078e-07 2.788524e-08 1.3812182e-07 0.04449574 0.0014331476 6.3478915e-09 9.6850165e-08 3.6974703e-07 2.7406477e-07 4.393747e-08 0.015945071 8.082351e-09 2.122651e-09 2.474792e-08 8.2678744e-05 0.00010220665 0.0033442623 1.7626209e-06 2.8061097e-08 1.0535885e-08 4.1385718e-08 2.7796242e-08 5.1923184e-08 8.1849885e-07 2.8829008e-09 6.966266e-09 4.7551228e-07 8.480904e-08 1.9077741e-07 0.0023049072 2.058592e-09
0.4181321 0.00198739 0.0026592354 0.010565192 0.0086522605 0.0004095548 0.0004995071 0.0018835147 0.7282303 0.00036817612 0.43360963 0.5201563 0.058610406 5.205145e-06 0.00023966181 0.0004957159 4.541911e-05 0.9993357 0.05408384 0.0062234164 0.55761427 2.9718745e-12 0.0005146557 0.00190425 0.0016898448 0.000455658 0.5754072 0.98947966 0.00055314106 0.14786094 6.4029904e-05 7.346139e-06 0.95505756 0.00020837373 3.395997e-05 0.0011228932 2.5738931e-05 1.6702235e-06 0.00036288195 0.08536652 1.7314909e-07 3.9704514e-07 0.0012459784 0.0017616556 0.00062148424 0.020746743 5.27264e-05 0.00020344587 1.9866849e-07 1.089113e-07 0.0002950225 4.843196e-07 2.829123e-07 6.176471e-08 5.612345e-06 9.474008e-08 2.4953619e-05 0.0001017613 0.0023982886 2.0688017e-06 0.00018490455 0.00019942128 1.8170485e-06 4.1668088e-08 4.959944e-08 3.1558307e-06 8.7841634e-08 1.6129125e-06 1.36726e-08 1.4959775e-07 5.12592e-07 4.8124224e-07 7.9394944e-08 0.047004934 0.02559465 5.933024e-09 5.8610535e-08 1.7165434e-06 8.344437e-06 9.140011e-06 0.0003900467 3.2861482e-08 2.1888294e-08 3.3860977e-07 4.7515914e-05 0.00016720913 3.3091863e-05 1.2091151e-06 8.494378e-07 1.5687596e-07 7.8105025e-08 3.9456797e-08 1.6902973e-07 7.836317e-08 3.0380022e-08 6.0196887e-09 3.9973525e-06 1.1210215e-08 9.93316e-07 4.6316647e-05 5.773508e-09
0.7208746 0.027439153 0.019223431 0.004721485 0.9945703 0.0030138346 0.20522116 0.70170414 0.016311424 0.011396982 0.0007373811 0.000365583 5.7937847e-05 2.9425466e-05 4.989684e-05 4.162502e-05 1.2580933e-05 0.0002772738 1.7836031e-05 4.5946304e-05 0.00019754222 0.0005146557 1.2696566e-08 4.026198e-05 8.073927e-06 0.53033197 0.012543083 4.2462194e-05 0.00017432623 5.917688e-05 6.909237e-06 2.417451e-05 0.0010462604 0.00013541449 4.6379037e-06 8.2446466e-05 0.9956798 1.0000332e-06 0.0036275724 0.0025042472 3.8519015e-06 1.307675e-05 5.0938892e-05 0.93417007 6.5845834e-06 0.5320876 0.5500121 5.770773e-05 1.2094132e-05 1.2813217e-06 7.448563e-06 2.2344058e-05 2.7433787e-06 4.569079e-06 0.0010272133 2.1562703e-06 2.4163097e-07 4.3166674e-05 2.1060361e-05 5.5812325e-06 2.8630811e-05 0.00045498452 4.8951233e-06 8.717467e-06 8.2598433e-07 3.3876497e-06 3.3085395e-05 8.61734e-05 3.7281374e-05 5.1301918e-06 3.727892e-07 1.4065575e-06 6.275275e-06 6.9790476e-05 0.014941805 8.7577524e-07 7.986989e-08 0.11718968 1.6371041e-05 4.691786e-06 9.427862e-06 2.0839757e-06 1.0072913e-06 1.00292755e-05 0.00011124792 5.3050544e-06 6.073861e-07 9.704808e-07 4.3812677e-05 4.1029383e-05 1.8424736e-05 2.6523514e-06 1.6153437e-05 1.741947e-05 1.6692304e-07 6.9048497e-06 0.017217072 3.7511117e-07 0.00028535663 1.1342639e-06 6.5125926e-07
0.9809629 0.007661513 0.0020530175 0.018321645 0.0012554028 8.472389e-05 8.813773e-05 0.000245688 0.00039640366 0.00010041043 0.0037813385 0.0037036962 0.061250247 1.1105637e-06 0.2812533 0.9484885 0.015018514 0.0012355712 0.11311423 0.32626805 0.023006644 0.00190425 4.026198e-05 2.1168446e-13 0.90385765 0.000117272626 1.8808336e-05 0.0008957989 0.57226515 0.007880566 0.010215891 0.00012224441 0.00093197665 2.8723796e-05 0.0026353435 0.9499104 9.293959e-07 0.0006867094 1.7505068e-05 2.6776152e-05 3.3199003e-06 0.00010000886 0.11175721 1.8487679e-05 0.972049 8.4353024e-07 2.9920548e-06 0.36099753 3.9245012e-07 1.3946245e-06 0.79868364 7.240052e-06 2.1946048e-06 1.2615361e-06 1.9133276e-07 2.0297037e-07 0.017798176 0.2849211 0.0041938727 0.00013966358 0.03256221 3.9892998e-07 7.877529e-08 1.0721686e-07 0.0001591243 2.1942824e-06 4.6100734e-08 2.0748319e-06 2.8812e-07 2.5528877e-06 1.3366547e-05 6.562817e-08 5.457018e-07 0.0003409107 4.9093123e-06 5.9697345e-07 4.9227907e-08 2.899967e-07 8.550605e-07 6.5058134e-07 1.0412658e-05 1.2954486e-07 3.0938587e-08 2.4179073e-07 6.95735e-05 7.113985e-08 0.0026307786 0.0022888961 1.6852819e-07 4.898946e-07 1.8481244e-07 1.538461e-07 5.8563714e-08 3.6305255e-07 1.1392573e-08 4.6860574e-08 9.0028394e-08 5.807348e-07 6.7867586e-07 0.22448291 2.6279984e-08
0.99621135 0.005443637 0.00082965306 0.034143347 0.00019508929 0.00015222779 1.3548972e-05 0.00013914508 0.00031924734 4.5598314e-05 0.0028731385 0.003466847 0.22704874 3.126557e-06 0.14290857 0.44402272 0.030481085 0.0013087955 0.5099112 0.94569504 0.13983786 0.0016898448 8.073927e-06 0.90385765 1.2401785e-12 7.921672e-05 6.264437e-05 0.002838167 0.053999495 0.08604752 0.012071565 0.00014415717 0.0032021946 3.3478682e-05 0.0046518776 0.1597101 1.7422186e-06 0.00015180389 2.445772e-05 4.1340892e-05 4.1013873e-06 7.338664e-05 0.94295317 9.147799e-06 0.80921936 1.2310065e-06 8.4144045e-07 0.03737158 1.2250548e-06 3.8733234e-07 0.91748667 1.9198513e-05 3.850737e-06 9.0942024e-07 1.8440953e-06 2.6898629e-08 0.011978024 0.065829284 0.21957703 0.0001899725 0.23251322 2.0987368e-06 2.4943207e-08 6.3974994e-08 4.4846083e-06 2.0557543e-06 2.3101851e-08 5.358906e-07 1.4260023e-07 5.6312956e-07 3.032115e-06 3.7820232e-08 2.4776969e-06 0.0010523631 0.000398973 6.561212e-07 4.156783e-08 4.39328e-07 4.7664278e-07 3.0577368e-07 0.00026449023 1.0187539e-06 2.2987034e-07 7.190134e-07 0.0009099131 2.6861026e-06 0.0114706885 0.0019297372 8.5448744e-07 6.023287e-08 6.856505e-07 1.4639505e-06 4.1273385e-08 2.2777729e-06 5.6203713e-09 6.981287e-08 2.2703504e-07 4.1353857e-07 4.639556e-07 0.19794065 3.916431e-08
0.50625426 0.148983 0.20376648 0.007216143 0.4431346 0.022874884 0.94066244 0.9943216 0.005061814 0.49242252 0.0007608657 0.00029867754 0.00038317905 0.00028356293 8.297188e-05 0.00010606082 8.653748e-05 0.00016405775 0.00013077106 0.00019421142 7.1829934e-05 0.000455658 0.53033197 0.000117272626 7.921672e-05 1.354085e-10 0.0018077644 8.0472884e-05 3.3270237e-05 0.000105880936 1.1498117e-05 8.325143e-05 0.0004194027 0.0045574796 7.78808e-07 0.00016952415 0.8259963 2.5795942e-05 0.9541872 0.00014585312 3.996745e-05 1.6564396e-05 5.7547306e-05 0.15059151 4.988899e-05 0.0014899052 0.042982187 5.730344e-05 7.496606e-05 5.036399e-06 1.2100823e-07 1.7368164e-05 4.4959866e-06 4.0988302e-06 0.85632545 5.021683e-05 1.8667646e-07 8.124605e-06 9.301865e-06 6.182062e-07 8.4073133e-07 0.005498636 0.0002459778 1.3891217e-05 3.237681e-09 1.9420809e-06 9.156308e-06 0.00044841637 2.8611787e-05 1.600111e-07 7.008263e-08 1.2889511e-06 1.2301346e-06 8.867661e-06 0.00026943535 7.065857e-08 3.784123e-08 0.43642223 1.859579e-05 7.828855e-06 4.5297256e-07 1.0148955e-06 2.272856e-06 1.8516783e-06 3.375257e-06 3.002521e-07 8.9167816e-07 5.313796e-07 1.3646039e-06 1.867967e-05 7.689877e-07 3.8655588e-07 3.524319e-06 0.00025885215 4.872608e-08 2.58599e-06 0.0008360712 4.994683e-07 0.15850265 0.0003559064 5.8436957e-08
0.8348694 0.00721346 0.0030947723 0.010331145 0.17293327 0.0015642674 0.0022753566 0.0059857517 0.9858832 0.00063224847 0.3984674 0.24473295 0.0058815563 1.6678089e-06 5.1949217e-05 2.6077478e-05 9.599253e-06 0.31219682 0.002500533 0.002810549 0.009107122 0.5754072 0.012543083 1.8808336e-05 6.264437e-05 0.0018077644 1.090318e-08 0.13639921 1.9101446e-05 0.0043678074 4.702322e-06 1.3377578e-05 0.7751944 7.1046394e-05 4.4157255e-06 3.09161e-05 0.000348978 3.1985287e-06 3.1384247e-05 0.9976583 3.488613e-07 1.2232167e-05 0.00022197184 0.016448844 9.696547e-07 0.8739095 0.005870836 1.8796987e-05 6.079453e-07 1.305782e-07 4.0507875e-06 2.2662025e-06 1.8401312e-07 5.2729995e-08 2.4200159e-05 1.9392851e-07 1.0341946e-07 1.440442e-06 4.9114078e-05 5.381851e-07 4.529149e-06 5.1262696e-06 5.4120216e-07 7.8242016e-07 5.1937842e-08 1.1937266e-06 1.0370198e-06 3.2944731e-06 5.9501593e-07 1.7153607e-07 7.137699e-07 5.503231e-06 1.9208833e-06 0.010919394 0.17456412 5.4515255e-07 1.0653438e-07 3.1248312e-06 9.878636e-08 1.0618338e-06 0.00012006225 9.3667765e-08 1.5195458e-07 7.1531196e-07 4.8765833e-06 0.00016712256 5.400094e-06 7.436827e-07 1.7188826e-06 5.6451677e-07 3.4874074e-06 1.0192038e-08 1.3045467e-06 1.4115121e-06 7.0630373e-09 1.6034947e-07 0.00040728188 1.3776965e-07 1.3162519e-05 1.705441e-06 6.4963245e-08
0.6881429 0.0005650366 0.00052699156 0.0015267567 0.0034177105 9.1194146e-05 0.00022899876 0.00023999024 0.37906286 6.0518207e-05 0.7342627 0.69138336 0.24150835 5.0789043e-07 0.0005879652 0.00062048313 0.00015008169 0.7007707 0.08557857 0.01741748 0.7043751 0.98947966 4.2462194e-05 0.0008957989 0.002838167 8.0472884e-05 0.13639921 8.631222e-11 0.00016873736 0.71854275 3.5822217e-05 2.4631967e-05 0.999723 8.364508e-06 4.7298518e-06 0.0005364572 2.0726052e-06 5.4542584e-06 2.4687504e-06 0.19213234 4.3282134e-07 1.681632e-06 0.0025304956 1.9109591e-05 0.00024383975 0.002645083 1.0080602e-06 7.703663e-05 6.1987214e-07 2.8545827e-07 0.0003632318 7.372791e-07 4.2503476e-07 2.6755168e-07 4.370284e-07 6.639924e-08 1.3023341e-06 4.2408974e-05 0.0018805343 2.3424113e-06 0.00026778897 7.045812e-06 2.8621827e-07 8.653683e-07 4.4926086e-08 1.2775478e-06 1.0331576e-07 3.0584558e-06 3.7776687e-08 6.5508985e-08 1.3189144e-07 2.1822643e-06 2.1001293e-07 0.0838318 0.0057895067 1.7065709e-07 4.356304e-08 7.0104727e-07 1.4186896e-05 6.8312653e-07 0.014303411 5.133529e-08 4.5237357e-08 5.0041797e-07 0.00019676947 0.00017853295 2.7861226e-05 6.2191083e-07 5.703954e-07 4.124897e-07 2.3441171e-07 1.9308811e-07 2.0974803e-06 1.3516094e-06 8.957975e-09 1.7436829e-08 1.564762e-06 2.4316316e-07 1.5167899e-06 2.8868271e-05 5.3425484e-08
0.8728732 0.0013121411 0.0003863726 0.02424104 0.00019357257 0.00027472698 2.9325203e-05 8.575996e-05 5.9268037e-05 2.6523147e-05 0.00021061476 0.00042484212 0.0011522184 9.466539e-06 0.9675191 0.9698785 0.15944731 0.0002661755 0.0020195316 0.007563766 0.0012850666 0.00055314106 0.00017432623 0.57226515 0.053999495 3.3270237e-05 1.9101446e-05 0.00016873736 4.053751e-12 0.00050458516 0.9221112 0.0006097791 2.8253135e-05 0.00023306481 0.07934137 0.9634841 2.5002346e-06 0.0011765715 3.6747824e-05 3.6897174e-05 4.742835e-05 0.0004808143 0.0028548685 4.0913355e-06 0.26913717 3.3231615e-07 1.2011276e-06 0.9511086 1.795841e-05 3.99292e-05 0.10143378 0.00030280263 0.00015700415 2.0077969e-05 5.8207667e-07 6.8907602e-06 0.7030915 0.41669023 0.00036286222 0.007620738 0.000917715 1.10911105e-05 1.6586264e-06 2.314245e-06 0.010568796 0.00019077443 4.3512396e-06 1.4332309e-05 2.4313151e-06 4.4428674e-05 0.0003233203 4.137309e-06 2.6453374e-05 3.6846228e-05 1.4882734e-05 1.1677125e-05 1.078058e-05 1.0429239e-06 2.154224e-05 4.4696877e-05 5.0462745e-06 1.2234203e-06 1.481428e-07 1.914727e-06 0.012045764 1.0443154e-06 0.0001647316 0.41160125 8.417214e-07 8.144884e-06 2.2583902e-06 1.8079143e-05 7.1999744e-07 2.0687346e-06 3.4943704e-07 1.5489843e-07 3.3821007e-06 3.990919e-06 2.2507659e-06 0.059544146 3.4732068e-07
0.85866195 0.0007614087 0.0003751418 0.002115217 0.0010496372 0.00024784156 0.0003340748 0.0002632431 0.010955432 6.7955225e-05 0.19073111 0.099486835 0.90506524 5.793569e-07 0.0019242122 0.0019096356 0.00029557108 0.05172318 0.79299086 0.63053316 0.98564327 0.14786094 5.917688e-05 0.007880566 0.08604752 0.000105880936 0.0043678074 0.71854275 0.00050458516 2.8546665e-09 0.00031182167 1.258804e-05 0.88730836 3.937732e-05 2.192334e-05 0.0013406782 6.596302e-07 9.735654e-06 8.771155e-06 0.0044500106 1.2248147e-07 1.7416771e-06 0.71053046 3.9078855e-05 0.0040256837 0.00021458493 3.336844e-06 0.0016601712 1.5768713e-07 1.7394045e-08 0.022901466 1.1641756e-05 3.5128107e-07 7.929415e-08 1.06438314e-07 1.15695904e-07 5.4777916e-05 0.0010475552 0.98446375 8.804259e-06 0.23774725 2.2909257e-05 4.9898713e-08 1.6044063e-07 2.7262863e-07 3.0830714e-07 9.607686e-08 3.408726e-05 1.332766e-07 1.3969013e-07 5.1079887e-08 1.3919477e-07 9.163593e-08 0.27104735 0.00477058 7.629718e-08 3.2869067e-08 4.2916836e-06 1.6240347e-06 6.621813e-08 0.16369775 2.999397e-08 5.9502376e-09 3.0003056e-07 0.0001376043 0.00024517564 0.051117603 2.8826595e-05 8.1585e-07 3.7287825e-06 2.220528e-07 4.201747e-07 9.141218e-07 1.0448094e-06 3.2347922e-09 2.6230659e-08 5.688071e-07 6.9156314e-08 7.7725505e-05 0.0055828067 7.449337e-08
