2.4091244e-18 0.98484564 0.98971266 0.90309256 0.95419693 0.9352903 0.9197075 0.96840304 0.9505362 0.9692087 0.93429476 0.93619204 0.940496 0.78992224 0.90924925 0.73096406 0.9515781 0.9165853 0.9389558 0.63294464 0.7282838 0.97967446 0.99409574 0.9983314 0.9669403 0.24517854 0.54250586 0.9680796 0.58766615 0.27409393 0.019261878 0.999807 0.9993986 0.5731822 0.7983076 0.9615968 0.8764097 0.059244167 0.9596957 0.6824641 0.9228344 0.83654857 0.1964327 0.9870184 0.16128668 0.20979267 0.009951087 0.99786943 0.98927855 0.46927896 0.023649773 0.0041014734 0.94304144 0.9088354 0.104226604 0.76393807 0.82654786 0.0009560913 0.92783827 0.8852715 0.9924718 0.8008949 0.9206822 0.9934364 0.5238439 0.84809566 0.805351 0.7234673 0.99993694 0.7879493 0.41271177 0.6570485 0.8912942 0.00012535334 0.012004435 0.028505662 0.42248333 0.016078277 0.68797314 0.182006 0.9391953 0.7344097 0.0006391018 0.58652884 0.14088008 0.27784425 0.16078408 0.9453965 0.6870148 0.30156097 7.200229e-05 0.7163667 0.016613947 0.2682808 0.98113 0.777676 0.9801304 0.00051993283 0.2771469 0.006597656 0.0017436773
0.98484564 2.8814837e-12 0.7472797 0.0044339234 0.93280846 0.001267956 0.76342213 0.0024832382 0.00034923933 0.00039032506 0.0001521265 0.893618 2.4233996e-05 0.035214588 0.8493058 0.17941883 1.6428878e-05 2.9956154e-06 0.0016655544 0.003381456 0.51886207 0.023193004 0.86341935 0.30861387 4.0457555e-05 0.23065357 0.0045206337 1.1528807e-05 0.00030477616 0.023280514 0.0001338242 0.0027216265 0.36466932 0.17435898 3.457918e-05 0.07611457 0.051597 0.09199073 5.710981e-07 2.0763845e-07 0.007228548 2.4506273e-06 0.000162999 2.3712153e-05 2.8595092e-05 3.8986145e-06 0.00029303692 0.049881954 2.1392587e-05 4.4568906e-06 1.2479879e-06 0.0036894507 3.6846523e-06 1.1188183e-06 0.027077626 0.09371185 1.8345582e-06 0.0022990087 8.342316e-07 0.004225035 0.0038829807 3.9541933e-06 2.521931e-06 0.008680046 1.371847e-06 2.3206398e-07 0.001340581 2.0043043e-08 0.012809854 2.0575264e-07 4.7227235e-07 2.033473e-08 0.001083228 5.3540833e-07 6.8894934e-07 4.5519843e-07 5.796752e-07 8.868945e-08 1.6540211e-07 8.611622e-07 0.0012436615 1.8518416e-07 2.1225357e-07 4.745554e-09 9.226502e-08 5.473363e-07 0.000978979 0.003147699 1.5204157e-07 2.4598996e-06 4.0973443e-08 7.892587e-05 1.4249378e-07 1.53952e-06 7.580111e-06 0.0026479475 0.0037609574 1.0877366e-07 2.2986762e-06 5.6640665e-08 1.1599553e-07
0.98971266 0.7472797 2.4113198e-12 0.9229688 0.7467434 0.39729604 0.80066997 0.46585238 0.6235831 0.033976004 0.10046882 0.5380113 0.26976877 0.5690185 0.27557707 0.4476466 0.055154454 0.015405468 0.09401863 0.20923196 0.17761098 0.43320537 0.7387886 0.8261964 0.010168032 0.016213585 0.14123935 0.006793248 0.04558276 0.020856507 0.00097247376 0.027738735 0.19230506 0.006733563 0.026878314 0.040998254 0.099063955 0.0064111724 0.00052861916 0.0021044551 0.005590281 0.00059354526 0.0031295435 0.0004479601 0.0016374835 0.0007582442 0.00023585845 0.0078467615 0.000120008335 0.002399501 5.2892905e-05 0.00031164 4.1314604e-05 2.0263538e-05 0.0047353017 0.016827175 0.00078793324 0.00021823433 2.7879218e-05 0.0047545973 0.00415398 2.6841475e-05 6.6047655e-06 0.0010735833 0.00036200538 2.8952143e-05 0.0011656577 3.6961605e-06 0.022265943 3.7219932e-06 1.5683438e-05 0.00032885937 0.0009392374 1.1423368e-05 2.272898e-05 4.6088102e-05 3.7879972e-06 1.5711732e-05 9.2522405e-06 3.2524094e-05 0.00047674717 1.2630138e-05 3.2531225e-05 1.0885513e-05 9.762286e-05 3.3559267e-05 0.00023404487 0.0022657597 1.1148253e-06 9.940415e-06 4.2661856e-07 0.00015679558 1.9640704e-06 3.0271513e-06 1.6461994e-06 0.0018101634 0.0006962258 5.969837e-07 7.0610545e-06 1.897792e-05 8.789234e-06
0.90309256 0.0044339234 0.9229688 7.4409854e-16 0.02476256 0.36494347 0.45548207 0.43625158 0.92692596 0.058154047 0.0945408 0.003218263 0.09815257 0.91467535 0.00066796044 0.5343105 0.005180019 0.0009768652 0.03949433 0.8899552 0.015555121 0.11152115 0.09946323 0.26731858 0.003695435 0.002651833 0.7255194 0.0016865636 0.69672525 0.51470345 0.19110832 0.0065924255 0.015544386 5.6414814e-05 0.068675615 0.00073863426 9.422347e-05 0.0008515768 6.1604883e-06 9.040788e-05 1.6504004e-05 2.1487765e-05 0.10559282 6.1059254e-05 0.02861661 0.002730929 0.007916274 0.0004191398 4.739578e-06 0.0007544365 0.0016945014 0.0003849674 7.463482e-06 3.2546413e-06 6.8737434e-05 0.00034687362 3.693571e-06 0.0017450091 3.6386677e-07 1.780989e-05 3.9550227e-06 1.3196675e-06 5.6956e-07 6.467238e-05 0.00015245212 2.2931683e-07 2.5814486e-06 4.087993e-08 0.0023695463 2.0688225e-07 1.1891729e-07 2.3927985e-05 4.036061e-06 0.00010762218 0.00015302018 3.047696e-05 8.380852e-08 7.387734e-05 5.304573e-08 1.7324269e-06 5.252417e-06 1.6913859e-07 5.5663863e-06 1.2869969e-08 2.6847606e-06 4.1670396e-06 3.45523e-06 0.0002892536 2.0200895e-08 4.8521212e-08 1.377345e-06 7.8860035e-07 2.562877e-06 5.1509193e-08 6.357989e-08 7.692797e-05 0.000106630076 1.0736959e-06 3.2127642e-07 1.0014476e-06 3.6783501e-06
0.95419693 0.93280846 0.7467434 0.02476256 1.5243316e-12 0.011303167 0.9521914 0.01061916 0.0017576759 0.0027369936 0.00049883925 0.8456233 0.0001158267 0.18538533 0.45777532 0.7084385 5.9467104e-05 2.3960614e-05 0.0026093435 0.010816672 0.81039566 0.040987846 0.51100343 0.278449 9.2827366e-05 0.18638702 0.03720419 1.120132e-05 0.0012946046 0.20879869 0.0010718696 0.00092952675 0.06712856 0.014519874 3.4967943e-05 0.01287806 0.002235326 0.06492627 1.5514851e-06 4.5439992e-07 0.0003228867 2.1838036e-05 0.00050477666 2.7615475e-05 6.1700106e-05 6.357819e-06 0.0019008559 0.006494426 6.065933e-06 5.8379924e-06 6.406414e-06 0.0035637072 1.5665955e-06 1.1673345e-06 0.0022435943 0.011917969 6.298547e-07 0.0107440995 9.42872e-07 0.000634451 0.00012848312 5.066489e-06 4.173769e-06 0.0015887843 2.1117901e-07 2.2722305e-07 0.00017674739 2.6273018e-08 0.0034233148 7.487727e-08 1.6964566e-07 5.0264637e-09 0.00056382304 1.3829481e-06 1.1040381e-07 3.034789e-07 1.5135697e-07 2.9180702e-08 2.1757067e-07 1.8535468e-07 0.0005225218 9.975252e-09 5.2961415e-08 7.6075346e-10 1.9901789e-08 3.4556464e-07 9.6749965e-05 0.0011776958 5.9585997e-08 1.2991906e-06 3.0812153e-08 9.274256e-06 1.8489584e-07 1.1919313e-06 1.3406148e-05 0.0005284536 0.00070760463 8.426984e-08 4.966788e-08 2.7569766e-07 1.5799692e-07
0.9352903 0.001267956 0.39729604 0.36494347 0.011303167 6.7458853e-13 0.04081924 0.9623838 0.65127033 0.8835409 0.9704194 0.0012929814 0.75776225 0.029581405 0.00028653606 0.009640772 0.794091 0.49304318 0.7540923 0.015138941 0.00093952945 0.5901247 0.034879044 0.4439417 0.07640292 4.917304e-05 0.0071629784 0.027866982 0.0374803 0.004096134 0.000981746 0.07892923 0.010075307 0.00023966638 0.11855564 0.0013455924 0.00063677446 0.00045737944 0.0022662925 0.038168766 0.0001267878 0.0017767707 0.0093078455 0.00050314 0.02469938 0.020251751 0.00011695621 0.0007096202 0.00011735967 0.043473203 0.00025517851 0.00010557451 6.420208e-05 1.1574194e-05 1.3372361e-05 0.00046341258 0.0024347345 0.00013863988 1.9948488e-05 0.0006349116 2.897765e-06 4.241836e-05 3.6856013e-06 0.0002251919 0.0069727674 1.2629705e-05 8.338126e-05 1.1274024e-05 0.004417333 1.4614975e-05 5.777086e-06 0.0131391175 0.00015099878 3.821087e-06 0.00063006737 0.00028258646 4.884845e-06 0.003651677 1.5113587e-05 2.7981747e-05 1.8941035e-05 6.7586466e-06 9.010179e-05 9.530001e-06 0.0008524267 0.00019380475 2.5008892e-05 0.0014717645 5.4526174e-07 1.226067e-06 4.7230906e-06 9.019176e-06 0.00027529322 2.7079588e-07 8.5794477e-07 0.0006734812 0.00029069468 2.5738673e-06 6.928108e-06 1.9144649e-05 1.1264695e-05
0.9197075 0.76342213 0.80066997 0.45548207 0.9521914 0.04081924 7.8687984e-13 0.033782758 0.030837981 0.006916477 0.0024253244 0.25638905 0.00046722294 0.819313 0.070637494 0.96999055 0.00017343723 5.791293e-05 0.008340887 0.23804471 0.37480888 0.058117423 0.42750648 0.24182461 0.00022895637 0.09934136 0.45485014 4.578385e-05 0.06640793 0.65810823 0.024888655 0.002347179 0.041409258 0.0016538305 0.00033106812 0.007088465 0.0008878429 0.020415382 2.1364194e-06 4.663099e-06 0.00019519555 1.4391012e-05 0.008661821 2.8265396e-05 0.0013204752 0.00012340157 0.019559158 0.002452767 1.0853636e-05 2.804672e-05 0.00038572223 0.0022464506 5.7318657e-06 1.8397039e-06 0.00082673033 0.0037730138 2.4678534e-06 0.00611026 1.838399e-06 0.00020455342 0.0002787227 2.0126326e-06 2.2961083e-06 0.00094066444 1.990815e-06 1.907634e-07 2.8131528e-05 4.121926e-08 0.004485186 2.1247065e-07 1.3316773e-07 1.2566665e-07 9.470554e-05 2.666716e-05 6.630685e-06 1.4298649e-06 9.0507683e-07 5.668041e-07 3.710618e-07 8.8155036e-07 0.0004160125 1.16558304e-07 3.3702568e-07 1.05569455e-08 6.0053884e-07 9.772831e-07 4.537785e-05 0.00041121873 4.3264512e-07 8.982562e-07 8.227896e-08 2.858602e-06 5.818557e-07 2.74357e-06 2.2144152e-06 0.0002688335 0.00044077757 3.3184998e-07 3.766023e-07 6.618265e-06 5.185161e-07
0.96840304 0.0024832382 0.46585238 0.43625158 0.01061916 0.9623838 0.033782758 2.053995e-13 0.7452462 0.8880774 0.6817092 0.0015502613 0.7752845 0.08409338 0.00053375406 0.013875881 0.6162138 0.61252934 0.8983613 0.046727587 0.0015551337 0.71130234 0.09595368 0.45991942 0.13820878 0.0001392412 0.033128314 0.085969456 0.06708928 0.0036614356 0.0018514782 0.1293354 0.02318717 0.00013047272 0.21812299 0.0052254233 0.0016644715 0.00048698956 0.0046679736 0.044444002 0.00022901733 0.0031511365 0.013460365 0.001998321 0.035705548 0.044030916 6.818782e-05 0.0021270555 0.00031900752 0.07628421 8.380193e-05 0.0001357359 0.00016531501 4.0489125e-05 4.713623e-06 0.0008263465 0.0050388835 3.6514884e-05 3.6786783e-05 0.0015100763 9.818671e-07 8.211478e-05 1.4573319e-05 0.00057645026 0.017355325 4.3507935e-05 0.00017691602 2.1056607e-05 0.0141772125 5.157344e-06 1.4034939e-05 0.010135946 0.00018063554 3.8625394e-06 0.0015556633 0.0005293012 4.617307e-06 0.0031725697 1.3114005e-05 7.124676e-05 5.5549186e-05 2.1567073e-05 0.0001689375 1.5534803e-05 0.0003594277 0.00021292841 3.4689732e-05 0.010457536 4.085481e-07 4.000644e-06 3.778267e-06 3.1055176e-06 0.00017806583 2.6579738e-07 7.427364e-07 0.0021877768 0.0018946095 1.2550771e-05 9.079544e-06 1.570111e-05 3.4849225e-05
0.9505362 0.00034923933 0.6235831 0.92692596 0.0017576759 0.65127033 0.030837981 0.7452462 2.0248128e-14 0.39178428 0.4206937 0.000119010976 0.949029 0.46667948 4.0784587e-05 0.04912028 0.08106389 0.018158207 0.073187016 0.63181937 0.0011501035 0.14862303 0.018366132 0.22895025 0.023337595 0.00017989393 0.5429073 0.008743804 0.8601878 0.1006506 0.10195527 0.009605777 0.0019757284 7.776247e-06 0.572918 0.00052131206 1.028292e-05 8.065381e-05 3.5400048e-05 0.0019447443 1.3866725e-06 5.2377232e-05 0.39573023 0.0001305327 0.41314253 0.05283328 0.00062981504 0.00011870876 3.9394406e-05 0.0141387945 0.005114075 3.1131134e-05 1.3510417e-05 3.4090335e-06 1.0040688e-06 6.81901e-05 6.6279325e-05 0.00012219243 2.2678628e-06 4.3177544e-05 4.8208796e-07 7.6016686e-06 1.0572705e-06 3.443688e-05 0.0006567708 3.248548e-06 9.479246e-07 7.120966e-07 0.0013069377 9.015105e-07 1.2892068e-06 0.00013160266 6.6411208e-06 7.082518e-05 0.0009684815 0.00011135291 2.515317e-07 0.0009968971 3.1338425e-07 5.9700787e-06 6.9202238e-06 4.14178e-07 5.293711e-05 1.5858973e-07 2.013271e-05 4.4901528e-05 1.6255897e-05 0.00017133086 3.0167012e-08 8.014079e-07 3.7112252e-06 1.7110126e-06 4.8156046e-05 5.3375805e-07 1.7014308e-07 8.056271e-05 0.00015002172 4.1516014e-06 3.294533e-06 1.5713372e-06 2.2680131e-05
0.9692087 0.00039032506 0.033976004 0.058154047 0.0027369936 0.8835409 0.006916477 0.8880774 0.39178428 2.577163e-12 0.89611983 0.0006238248 0.72189593 0.014423522 0.00027864162 0.004115136 0.9266647 0.8873076 0.65077114 0.014931591 0.00040272967 0.38451996 0.006085005 0.22367471 0.2354554 4.0217274e-05 0.0123225115 0.085853316 0.03231274 0.00065653934 0.0005636075 0.07222186 0.001909479 4.9828577e-06 0.26275882 0.00042183252 4.1612315e-05 3.5675723e-05 0.009304043 0.13900605 5.3744366e-06 0.008426455 0.0050348295 0.0026951518 0.04049158 0.060069617 2.4542864e-05 8.5774685e-05 0.0002592373 0.11914936 8.221368e-05 8.398807e-06 0.0002705392 5.4336393e-05 2.364882e-06 3.4441415e-05 0.017552923 2.4443776e-05 5.816544e-05 0.00013397196 3.4134982e-07 0.0001284503 2.5057663e-05 1.1840241e-05 0.06445685 0.00042622717 4.558568e-06 5.866828e-05 0.009500298 4.4583423e-05 4.6687397e-05 0.033683512 6.7098053e-06 2.7485326e-06 0.0018131444 0.001143447 1.3792675e-05 0.0055251974 1.8466446e-05 0.0001971735 3.8379102e-07 2.5658888e-05 6.554914e-05 2.2819835e-05 0.0012718065 0.0007550717 3.078137e-06 0.0026806928 7.8910216e-07 6.3012476e-06 2.3614855e-06 1.1210756e-07 0.0011396949 2.0085504e-06 2.0707262e-06 0.00061395037 0.001142884 2.1230185e-06 1.2771069e-06 8.36833e-06 2.9272785e-05
0.93429476 0.0001521265 0.10046882 0.0945408 0.00049883925 0.9704194 0.0024253244 0.6817092 0.4206937 0.89611983 8.87777e-14 8.316779e-05 0.9099974 0.0113540795 1.7390523e-05 0.0025907692 0.87549764 0.711462 0.36551157 0.011952713 0.00016124049 0.18262076 0.006541869 0.15085621 0.19612166 1.5644599e-05 0.011117856 0.045003604 0.07576539 0.003007383 0.002576025 0.037783097 0.0032411385 8.540707e-06 0.61683434 0.0004934888 8.177226e-05 4.918903e-05 0.00081091694 0.1900177 1.5849804e-06 0.0012466654 0.03463212 0.000782799 0.10466119 0.26771873 0.0001338671 0.00023299771 0.00013902306 0.30775863 0.00062991417 3.3856268e-05 5.6770434e-05 1.6530845e-05 4.0004167e-07 8.428974e-05 0.0026998066 1.9316787e-05 6.238322e-06 0.00018266079 1.2659308e-07 3.477476e-05 4.8618813e-06 7.3607705e-05 0.0711149 6.256404e-06 7.1577438e-06 2.8472784e-06 0.0038426903 6.2766935e-06 4.8444467e-06 0.01929921 8.457975e-06 1.6633572e-05 0.011995468 0.0007811084 1.5701238e-06 0.027545298 1.3327069e-06 2.4642071e-05 4.6124705e-06 3.8282874e-06 0.0011492572 4.162323e-07 0.00039094026 0.0002820512 1.1515246e-05 0.000587321 1.2746798e-07 2.2335655e-06 5.1259056e-05 4.5071246e-07 0.0064942036 5.719386e-07 4.2170217e-07 0.00031261935 0.0005442233 2.941747e-05 5.568234e-06 5.589041e-06 5.986616e-05
0.93619204 0.893618 0.5380113 0.003218263 0.8456233 0.0012929814 0.25638905 0.0015502613 0.000119010976 0.0006238248 8.316779e-05 7.2336765e-13 9.141344e-06 0.011982262 0.9869716 0.09552467 1.2839268e-05 1.14455e-06 0.0004261662 0.00052007986 0.8752297 0.015386865 0.4130911 0.21790531 1.8875091e-05 0.57562274 0.0030077961 4.3580503e-06 9.3885676e-05 0.061501298 0.0002057304 0.000402224 0.043510437 0.10713066 7.0201168e-06 0.008422591 0.0021648533 0.124942586 3.893522e-07 4.3994323e-08 0.0012799791 4.6028736e-06 6.5437525e-05 1.9941146e-05 5.5609476e-06 2.444837e-07 0.0002919677 0.011313096 7.17958e-06 3.6730583e-07 5.5262325e-07 0.022912644 5.201076e-06 7.7446043e-07 0.014151799 0.014555471 3.0690697e-07 0.017183509 1.2160766e-06 0.00068007864 0.0017707809 1.0689765e-06 5.4541692e-06 0.001960901 1.00407114e-07 3.2370082e-07 0.00076913333 1.5329412e-07 0.0024036234 1.0903311e-07 1.8357841e-07 3.4802738e-10 0.00089251035 1.897323e-07 2.5498753e-08 2.8084013e-08 1.5875831e-07 5.9498406e-09 2.7836523e-07 9.846244e-08 0.0006636895 1.7036642e-08 4.363298e-08 9.0770064e-10 1.1254928e-08 1.1303715e-07 0.00024666113 0.00026429788 1.08665624e-07 8.7134316e-07 1.6568888e-08 1.9555562e-05 1.009713e-08 1.4988458e-06 1.7070057e-05 0.00024345636 0.0007928596 6.204668e-08 1.8256317e-07 3.931885e-07 1.4368747e-08
0.940496 2.4233996e-05 0.26976877 0.09815257 0.0001158267 0.75776225 0.00046722294 0.7752845 0.949029 0.72189593 0.9099974 9.141344e-06 6.4524964e-16 0.030879954 8.2616555e-07 0.0011568049 0.6084445 0.30388018 0.10248041 0.1548194 3.4173583e-05 0.12257345 0.0017681702 0.10100897 0.060207073 6.461846e-06 0.100789785 0.012896564 0.6797049 0.005609606 0.02336062 0.005182571 0.00030982998 1.3958334e-07 0.94904536 8.163746e-05 1.5966052e-07 6.437814e-06 0.00010945803 0.007709374 1.9702595e-08 0.00017190712 0.2545244 0.00023852581 0.39424333 0.28957856 0.00016554282 1.4009557e-05 2.1044481e-05 0.13510472 0.0022422806 7.770227e-06 1.6309004e-05 5.1589477e-06 4.225409e-08 1.8973803e-06 0.00013471441 0.000116239884 2.1706408e-06 2.8224697e-05 5.3795546e-08 1.7770562e-05 2.634994e-07 1.4933212e-06 0.0107070925 9.773948e-07 1.5531526e-07 4.4209096e-07 0.0011634836 8.194096e-07 7.4833554e-07 0.00088319404 1.4782049e-05 0.000104230254 0.0056250696 0.00048323255 1.9558209e-07 0.0063176057 1.1389657e-07 2.9276819e-06 5.432059e-07 3.119934e-07 0.00042465332 1.5886288e-08 0.00010569187 2.8505974e-05 1.1979708e-05 7.780145e-05 2.5716969e-09 3.2741002e-07 3.1877626e-05 8.222343e-08 0.00035278298 2.0025722e-07 1.0472276e-06 4.0177598e-05 7.352464e-05 2.2536064e-05 2.7066096e-06 5.7186327e-07 1.1344019e-05
0.78992224 0.035214588 0.5690185 0.91467535 0.18538533 0.029581405 0.819313 0.08409338 0.46667948 0.014423522 0.0113540795 0.011982262 0.030879954 2.571033e-14 0.0036350454 0.9780375 0.002103109 0.00047896104 0.008648593 0.9810249 0.023957247 0.026450584 0.053193197 0.100568354 0.0010314516 0.005080269 0.84725684 9.602031e-05 0.34124604 0.6571497 0.09472756 0.0009914682 0.004501648 5.9100516e-05 0.0029681071 0.0006928138 8.355714e-06 0.0014249297 1.7098089e-06 4.5455363e-06 6.215963e-06 1.7695827e-05 0.03433712 8.615442e-05 0.003292881 6.728373e-05 0.018788772 0.00027663913 1.7661594e-06 5.454573e-05 0.00094211614 0.0009726332 3.148778e-06 1.6833536e-06 3.0509136e-06 0.00020189556 1.1965669e-06 0.020998525 4.2536155e-07 4.6088317e-05 4.0168766e-06 5.418674e-07 6.805094e-07 3.8581158e-05 2.1292474e-06 9.162841e-08 2.529594e-07 2.4896533e-08 0.0015148789 1.8219356e-07 1.0542986e-07 8.188819e-08 1.4168149e-06 0.00018927592 1.3719432e-05 5.563022e-06 6.816964e-08 5.865183e-07 1.9196325e-08 8.498506e-08 4.5087136e-06 9.6378784e-08 4.7662414e-07 1.3664199e-09 1.7297431e-07 6.391618e-07 1.2725495e-05 3.4210937e-06 5.786034e-08 1.06181595e-07 6.600273e-07 2.728271e-07 1.8722927e-06 1.8494944e-07 1.0518116e-06 2.0793692e-05 0.00011643082 2.4647773e-06 1.5267405e-07 1.5027604e-06 9.038434e-07
0.90924925 0.8493058 0.27557707 0.00066796044 0.45777532 0.00028653606 0.070637494 0.00053375406 4.0784587e-05 0.00027864162 1.7390523e-05 0.9869716 8.2616555e-07 0.0036350454 1.1310539e-15 0.03573074 7.204501e-07 3.5304545e-08 3.8819177e-05 0.0001622914 0.8699459 0.004897823 0.49722224 0.08059983 1.7360753e-06 0.8849 0.0007496967 1.9303066e-07 6.6914404e-06 0.045126453 7.441737e-05 7.173485e-05 0.054076422 0.8716164 2.469618e-07 0.019658918 0.04936176 0.6366837 4.1669676e-08 4.6284145e-09 0.012130213 5.2468675e-07 9.66388e-06 1.074789e-06 5.260099e-07 2.0491871e-08 0.00041268277 0.02421161 1.2407158e-06 1.899868e-08 7.02171e-08 0.11350634 2.0356511e-07 2.211798e-08 0.12639117 0.14978923 9.1690126e-08 0.020928465 6.325367e-08 0.0021073665 0.061405815 3.9468315e-08 9.507152e-08 0.0071962303 4.0793453e-09 6.7010664e-09 0.0019025417 3.251438e-09 0.0016093048 5.4649445e-09 2.5153983e-09 2.2335365e-09 0.0010273177 1.759241e-07 7.761151e-09 1.2192812e-07 6.3937393e-09 3.3331053e-09 1.8035307e-08 2.3952172e-08 0.0017130905 9.803962e-09 5.902078e-08 1.0879576e-09 4.9024294e-08 4.2628887e-08 0.00039318777 0.00039268527 6.7476655e-08 1.15289374e-07 5.480926e-09 0.00015789909 2.218173e-08 2.8622426e-07 5.860288e-06 0.00016606065 0.00060668134 5.5645653e-08 4.5683493e-07 4.5563493e-07 4.9509152e-09
0.73096406 0.17941883 0.4476466 0.5343105 0.7084385 0.009640772 0.96999055 0.013875881 0.04912028 0.004115136 0.0025907692 0.09552467 0.0011568049 0.9780375 0.03573074 6.615603e-15 0.0003468092 7.0362265e-05 0.0016225014 0.6171499 0.4471022 0.009633189 0.05783891 0.047949143 0.00018126248 0.062258013 0.7656451 3.1065126e-06 0.08543546 0.94322246 0.10260471 0.00044455225 0.008626262 0.00093751604 0.00036136364 0.0015580917 6.28856e-05 0.046413254 2.0253965e-06 3.1665331e-06 8.909149e-05 1.5399657e-05 0.022962488 2.0383688e-05 0.0012426954 8.265825e-05 0.07480255 0.00058262266 6.8836755e-07 1.1219312e-05 0.00016575024 0.004309427 1.5716324e-06 1.9898515e-07 0.00029325834 0.0008957976 1.3092829e-06 0.12085012 2.1833716e-06 0.00014778772 5.7981397e-05 3.890822e-06 6.1434827e-07 0.0002575213 1.9319862e-07 1.577561e-06 2.0435725e-06 1.5143004e-07 0.0006389668 3.0390987e-07 2.2207314e-07 3.2161285e-08 2.2789961e-06 3.975741e-05 9.97626e-07 1.4270014e-06 7.912509e-08 3.486558e-07 4.977713e-08 3.135382e-07 3.1073145e-05 3.8066148e-08 2.3005414e-07 7.0247436e-10 1.5952689e-07 5.3697005e-07 6.230631e-05 9.151903e-07 1.0172461e-08 1.709736e-07 5.8705638e-08 1.7141174e-06 2.5885222e-07 7.01669e-08 1.0450077e-06 4.1894054e-06 0.00014188311 5.348516e-07 2.8860677e-07 1.45581e-06 8.5456486e-07
0.9515781 1.6428878e-05 0.055154454 0.005180019 5.9467104e-05 0.794091 0.00017343723 0.6162138 0.08106389 0.9266647 0.87549764 1.2839268e-05 0.6084445 0.002103109 7.204501e-07 0.0003468092 8.2031956e-13 0.87169164 0.28526998 0.0064082257 4.5653225e-05 0.13434818 0.0024823928 0.107311554 0.4882796 6.3833727e-06 0.011662469 0.08126505 0.046115965 0.0010484852 0.0018775766 0.019027513 0.00093390635 2.350716e-06 0.9079216 0.00034444174 2.1590563e-06 1.738734e-05 0.0010668003 0.7358567 1.5101267e-07 0.0018313926 0.030002909 0.0005016793 0.25216746 0.72576994 0.00016060821 7.1634626e-05 0.00023758797 0.8045495 0.0005896433 5.954391e-06 6.0416878e-05 1.3446661e-05 1.8925633e-07 1.3609384e-05 0.008327434 3.1961245e-05 8.811433e-06 6.159352e-05 2.5491812e-07 2.0024216e-05 3.8660364e-06 2.2507606e-05 0.4168859 8.815736e-06 6.3944714e-07 2.3389491e-06 0.0024707974 1.2411134e-06 3.1087002e-06 0.05560436 5.361117e-06 2.1506688e-05 0.05548283 0.003788283 3.2921096e-07 0.18041308 6.2467126e-07 2.0486394e-05 5.1664506e-06 2.079844e-06 0.0062992205 9.161237e-07 0.0011212088 0.00024882198 3.1858843e-05 0.00031055504 2.652776e-08 1.1341613e-06 0.00015719054 1.2263909e-06 0.047886044 6.376707e-07 1.2527721e-06 0.00015745235 0.00044276402 0.0001193853 1.2612697e-05 3.5822163e-06 0.00015632212
0.9165853 2.9956154e-06 0.015405468 0.0009768652 2.3960614e-05 0.49304318 5.791293e-05 0.61252934 0.018158207 0.8873076 0.711462 1.14455e-06 0.30388018 0.00047896104 3.5304545e-08 7.0362265e-05 0.87169164 1.9892024e-13 0.23377146 0.0015168949 1.1903348e-05 0.087537944 0.00032254172 0.043206178 0.64947456 1.090081e-06 0.0015528235 0.129314 0.011920901 0.00015776139 0.0004965534 0.011239023 0.000100200356 2.4783168e-07 0.786215 2.5543113e-05 4.9505655e-07 3.4965256e-06 0.0019441872 0.96973765 2.3786273e-08 0.0016620761 0.0058173435 0.00072742905 0.060366984 0.60012347 7.0088085e-05 3.936509e-06 0.000113906295 0.8389787 0.00014277625 8.988577e-07 7.992556e-05 1.5604055e-05 4.1737607e-08 1.310549e-05 0.010036056 7.3820747e-06 7.693623e-06 4.8526445e-06 1.8865839e-07 3.298829e-05 2.5513689e-06 5.782998e-07 0.40720493 1.9978876e-05 1.2992865e-07 3.1756629e-06 0.00095137017 2.2520583e-06 2.1079802e-06 0.1444564 7.558429e-07 1.16881665e-05 0.020867692 0.029176014 4.162529e-07 0.11289151 8.3029727e-07 8.93563e-05 1.5380546e-07 2.1304886e-06 0.0024420442 3.107903e-06 0.009078727 0.0008592045 7.0422184e-06 0.00019605504 7.4919555e-08 2.0956647e-06 4.839388e-05 4.4273946e-07 0.040689845 1.2423036e-06 1.6372546e-06 7.288918e-05 0.00019820723 6.296931e-05 7.1935065e-06 1.5038929e-06 0.00019904088
0.9389558 0.0016655544 0.09401863 0.03949433 0.0026093435 0.7540923 0.008340887 0.8983613 0.073187016 0.65077114 0.36551157 0.0004261662 0.10248041 0.008648593 3.8819177e-05 0.0016225014 0.28526998 0.23377146 5.846448e-16 0.0039971815 0.00018870582 0.96295404 0.024605699 0.29268944 0.905873 1.46566945e-05 0.001398125 0.8850912 0.0037630456 0.00020314011 0.00010567463 0.68319565 0.0076466915 3.4412176e-06 0.024546998 0.00254071 0.00039157478 1.6526415e-05 0.18340509 0.134787 0.00022065376 0.07050293 0.000446382 0.20072775 0.0010345982 0.007664038 5.242968e-06 0.0010213772 0.0017700025 0.034957632 3.499288e-06 9.730818e-06 0.0036090403 0.00085609354 1.9491007e-07 0.0001113324 0.054809928 2.7396766e-06 0.0016344794 0.0008883735 7.8456384e-07 0.0029588526 0.00016127786 0.000119697324 0.013251954 0.0067810244 5.908975e-05 0.0011218052 0.030881846 0.00013175247 0.00028952354 0.072312094 8.6191074e-05 1.0148707e-07 0.0001325926 0.0012828606 9.981829e-05 0.0014010961 0.00010054994 0.0007552107 4.221957e-06 0.00016841822 2.5000973e-05 0.00014950141 0.0022026303 0.0024061175 8.197047e-06 0.035518542 4.630179e-06 2.480049e-06 3.5009668e-06 1.5894011e-05 0.00022485497 2.3650816e-07 8.123229e-07 0.0053174896 0.0025108068 9.493721e-07 2.3324148e-05 1.2108894e-05 5.6054323e-05
0.63294464 0.003381456 0.20923196 0.8899552 0.010816672 0.015138941 0.23804471 0.046727587 0.63181937 0.014931591 0.011952713 0.00052007986 0.1548194 0.9810249 0.0001622914 0.6171499 0.0064082257 0.0015168949 0.0039971815 1.1123383e-15 0.0018958015 0.007972823 0.0051925024 0.029861767 0.0013373249 0.00014537512 0.98474693 0.0001753813 0.83612955 0.5901026 0.50852275 0.00031785297 0.0004364601 1.1583795e-06 0.0072011733 1.9708561e-05 2.6035775e-07 3.5108354e-05 5.596834e-06 4.313069e-06 1.2606466e-07 1.8735314e-05 0.13947447 6.0513645e-05 0.016233033 0.00022495276 0.029613713 1.4597145e-05 1.1267323e-06 6.386561e-05 0.0008361669 6.473205e-05 1.3521999e-06 6.814634e-07 2.6947825e-08 2.7928995e-06 1.1203537e-06 0.016960356 4.5167913e-06 5.1330107e-06 1.0909015e-06 7.481172e-07 5.880636e-07 8.744474e-07 2.7263998e-06 1.08689264e-07 1.1717184e-07 3.1818622e-08 0.0004029056 3.9635015e-07 6.0487295e-08 5.0483344e-08 1.1611982e-07 0.00034508057 3.41772e-05 2.0085695e-06 3.6312233e-08 1.0045391e-06 2.5811332e-08 8.7380755e-08 1.0684716e-07 2.4235435e-08 3.162834e-07 6.920203e-10 3.8338882e-08 8.8873145e-07 3.0015092e-06 2.0942892e-07 6.6166206e-09 8.549949e-08 3.6829044e-07 9.797816e-08 2.149819e-06 1.5231979e-07 2.192566e-07 1.2451455e-06 1.746563e-05 6.927378e-07 7.67597e-07 2.0053244e-07 5.6170757e-07
0.7282838 0.51886207 0.17761098 0.015555121 0.81039566 0.00093952945 0.37480888 0.0015551337 0.0011501035 0.00040272967 0.00016124049 0.8752297 3.4173583e-05 0.023957247 0.8699459 0.4471022 4.5653225e-05 1.1903348e-05 0.00018870582 0.0018958015 1.8499711e-14 0.0052656005 0.06274387 0.03957844 4.689127e-05 0.9939503 0.009540324 4.964819e-06 9.4952695e-05 0.5335136 0.00077358505 0.00018078773 0.007462005 0.047884043 6.271452e-06 0.0008249256 0.00013211422 0.25692877 2.337816e-06 1.6070325e-07 0.00025386535 2.7387585e-05 0.000314282 5.6004308e-05 8.1626255e-05 6.7874744e-06 0.012907497 0.000977107 6.6508564e-06 4.4309306e-07 7.3598227e-07 0.29365247 4.506465e-06 2.0156021e-06 0.007105524 0.0016238034 3.3480485e-06 0.5279928 4.6004993e-06 0.00025809737 0.00041086908 2.4315088e-05 2.4643317e-05 0.0004882943 4.5179607e-07 4.7315257e-06 0.0002810663 9.4538046e-07 0.0015909041 2.3553453e-06 2.006613e-06 4.9151043e-09 0.00030070334 1.2494586e-06 4.5260254e-07 3.272427e-07 3.4059265e-06 5.5306533e-08 5.465995e-06 4.5620345e-06 6.8633555e-05 1.0058726e-06 8.8915533e-07 4.8909982e-08 2.0045642e-08 7.2165244e-06 7.0444854e-05 5.4455004e-06 2.742237e-07 2.1568e-05 5.4194825e-08 8.170425e-06 3.5789435e-07 4.395847e-06 1.565745e-05 6.775539e-05 0.00038387234 3.1175935e-07 9.217101e-06 4.7493537e-05 6.4799735e-07
0.97967446 0.023193004 0.43320537 0.11152115 0.040987846 0.5901247 0.058117423 0.71130234 0.14862303 0.38451996 0.18262076 0.015386865 0.12257345 0.026450584 0.004897823 0.009633189 0.13434818 0.087537944 0.96295404 0.007972823 0.0052656005 5.126149e-13 0.18296549 0.9376248 0.3559296 0.00019331042 0.0069342824 0.34448853 0.005891108 0.0008423233 0.00013911216 0.6504512 0.017973281 0.00019701544 0.024386507 0.0063083246 0.010446536 0.00038958533 0.13831802 0.02754439 0.001315196 0.038613632 0.00052116474 0.041369695 0.0011270451 0.002731484 3.831193e-05 0.0010350966 0.0036119188 0.011232541 1.45344975e-05 6.9518384e-05 0.0018596911 0.00057087524 7.430333e-05 0.0013420285 0.025049454 1.844925e-05 0.0020983878 0.0014314348 2.1324715e-05 0.0017987085 0.00013397707 0.00011934671 0.004244167 0.00714544 0.0009992248 0.0013464023 0.04384772 0.00017308514 0.00034070105 0.019513475 0.0009822404 3.2289856e-05 7.22143e-05 0.00025038354 0.0001176479 0.00030291817 0.0002668185 0.0006065983 2.4200805e-05 0.00066479365 4.860127e-05 0.00050185947 0.0007214271 0.0010178785 6.556421e-05 0.027832847 6.2661006e-06 1.9400806e-05 1.2715348e-06 3.9136215e-05 0.00011479421 1.3695986e-06 2.542496e-06 0.006627544 0.0023032979 1.6794843e-06 2.7849203e-06 6.107201e-05 5.9114667e-05
0.99409574 0.86341935 0.7387886 0.09946323 0.51100343 0.034879044 0.42750648 0.09595368 0.018366132 0.006085005 0.006541869 0.4130911 0.0017681702 0.053193197 0.49722224 0.05783891 0.0024823928 0.00032254172 0.024605699 0.0051925024 0.06274387 0.18296549 2.0637743e-12 0.7692017 0.006300654 0.016743334 0.0019859162 0.00468733 0.00068772846 0.0031830024 7.699315e-05 0.07038452 0.88176066 0.23909682 0.0006094884 0.76501745 0.84287626 0.014626857 0.0010063549 0.00049029023 0.2365309 0.00019719101 0.00023566622 0.006942825 8.9762936e-05 2.3755045e-05 9.127128e-06 0.059466217 0.0022313197 0.00046507354 1.7064139e-06 0.00017619654 0.0017777665 8.499808e-05 0.016337212 0.04820164 0.00016282158 0.000101540274 5.248409e-05 0.14237098 0.59209174 0.00012696105 0.0001474043 0.0053671845 3.2178395e-05 8.861374e-05 0.06348947 3.8697683e-05 0.15177009 1.7810502e-05 1.355776e-05 0.00025515858 0.007861053 6.925039e-07 2.0166011e-05 3.4122488e-05 2.3227323e-05 6.678113e-05 0.00013048032 6.139354e-05 0.0011804953 1.8013932e-05 2.7375496e-05 2.1675944e-05 0.00012498068 5.1730603e-05 0.001745371 0.19703385 7.7592637e-07 6.0362055e-07 1.4289052e-06 9.419337e-05 2.2960436e-05 1.4761775e-07 1.7588889e-05 0.04303717 0.004314503 4.084116e-06 3.4290078e-06 7.5622543e-06 7.782527e-07
0.9983314 0.30861387 0.8261964 0.26731858 0.278449 0.4439417 0.24182461 0.45991942 0.22895025 0.22367471 0.15085621 0.21790531 0.10100897 0.100568354 0.08059983 0.047949143 0.107311554 0.043206178 0.29268944 0.029861767 0.03957844 0.9376248 0.7692017 6.0161983e-13 0.14008589 0.0034456989 0.021531269 0.14342706 0.010131911 0.0024343547 0.00018723712 0.37751108 0.41992506 0.0013534147 0.024230467 0.10163375 0.20260073 0.0017558782 0.09238152 0.012016101 0.011030597 0.01892548 0.0009377091 0.008722072 0.00054391247 0.00069488626 5.0379243e-05 0.023832347 0.0029832097 0.004037228 1.5796379e-05 0.0001243973 0.000984111 0.0005421962 0.00030879606 0.032945137 0.014789404 1.7415485e-05 0.0008922989 0.014659528 0.0003868659 0.00047759427 0.00014408721 0.002667951 0.0008393927 0.002351038 0.0069775707 0.00031692916 0.14931862 2.8704657e-05 9.430006e-05 0.0027690541 0.007370078 1.1939264e-05 7.1747374e-05 7.625045e-05 2.0161993e-05 5.8138154e-05 4.0884825e-05 0.00010717306 0.0011291467 0.00013118102 4.2449155e-05 6.809029e-05 0.00012832235 0.00019275502 0.00040890888 0.053511504 1.5460085e-06 4.3800082e-06 1.8839877e-07 0.00018044098 1.5934822e-05 6.9866115e-07 1.1225878e-06 0.030649494 0.004412911 1.5571653e-06 6.434472e-07 1.1245428e-05 3.2082942e-05
0.9669403 4.0457555e-05 0.010168032 0.003695435 9.2827366e-05 0.07640292 0.00022895637 0.13820878 0.023337595 0.2354554 0.19612166 1.8875091e-05 0.060207073 0.0010314516 1.7360753e-06 0.00018126248 0.4882796 0.64947456 0.905873 0.0013373249 4.689127e-05 0.3559296 0.006300654 0.14008589 8.7407376e-13 2.822662e-06 0.0014651434 0.9637649 0.002275312 0.00010623352 2.6501959e-05 0.37709323 0.0024123397 1.0219933e-06 0.08875477 0.00077244354 1.8390452e-05 1.9514333e-05 0.517603 0.77200115 4.6238156e-06 0.4496502 0.00071467174 0.11731126 0.0032523612 0.060214717 3.5485566e-05 0.00018544178 0.003476803 0.40616485 5.887041e-06 7.840422e-06 0.0017242105 0.0011354032 1.5091571e-06 3.0079236e-05 0.6676863 2.3572924e-05 0.0032156873 0.00018700032 5.654883e-07 0.0085714385 0.00024153713 3.2687185e-05 0.44166502 0.07033849 1.0994199e-06 0.0026592582 0.009423773 0.00032848795 0.00075297017 0.6883135 2.5740048e-06 6.107967e-06 0.0010432499 0.04479193 8.81458e-05 0.015454057 7.691176e-05 0.00400585 5.065003e-07 0.00047162853 0.000182506 0.005597964 0.09357662 0.026697798 2.4637782e-06 0.00958745 4.221096e-06 5.0861658e-05 3.8821486e-06 7.042577e-07 0.01946462 4.6970063e-06 3.4884354e-06 0.0018747086 0.003204958 2.0025782e-05 4.1927527e-05 0.00013144499 0.0004284926
0.24517854 0.23065357 0.016213585 0.002651833 0.18638702 4.917304e-05 0.09934136 0.0001392412 0.00017989393 4.0217274e-05 1.5644599e-05 0.57562274 6.461846e-06 0.005080269 0.8849 0.062258013 6.3833727e-06 1.090081e-06 1.46566945e-05 0.00014537512 0.9939503 0.00019331042 0.016743334 0.0034456989 2.822662e-06 2.207605e-15 0.0010143465 6.7547866e-08 2.1344817e-05 0.21888691 0.0003154107 3.62451e-05 0.0021732836 0.670356 1.2603854e-06 0.00047622976 0.00028294808 0.8285638 1.0723644e-06 8.6599606e-08 0.00027549965 6.707247e-06 9.58361e-06 2.715953e-05 2.4485785e-06 1.1990164e-07 0.022745702 0.0002946137 1.9721901e-06 5.1002782e-08 2.099987e-07 0.6743454 2.2389985e-07 1.14671806e-07 0.09359592 0.0049191806 9.611939e-06 0.5901193 4.4559006e-06 2.7727314e-05 0.0015922398 5.0744047e-06 6.60128e-07 0.00017962014 6.004933e-08 5.1830175e-06 2.4834251e-05 5.2719937e-08 0.0002628147 9.559744e-07 7.2223736e-07 3.09974e-09 2.0157186e-05 4.4676293e-07 1.861142e-07 1.5897549e-06 3.8966687e-07 4.0070738e-08 8.380597e-08 7.3778125e-07 1.7418773e-05 3.5756e-07 1.1045141e-07 1.949203e-09 2.0735206e-06 8.3887535e-06 4.3307242e-05 2.0450825e-07 7.792348e-08 1.5741825e-06 3.8611727e-08 3.0460121e-06 6.0466654e-08 1.1403856e-06 3.7515554e-05 2.6729626e-06 6.179161e-05 1.244174e-07 6.343514e-06 1.1543428e-05 9.651993e-07
0.54250586 0.0045206337 0.14123935 0.7255194 0.03720419 0.0071629784 0.45485014 0.033128314 0.5429073 0.0123225115 0.011117856 0.0030077961 0.100789785 0.84725684 0.0007496967 0.7656451 0.011662469 0.0015528235 0.001398125 0.98474693 0.009540324 0.0069342824 0.0019859162 0.021531269 0.0014651434 0.0010143465 1.0518551e-13 0.00020565564 0.9074729 0.9591966 0.90381384 0.00020742978 0.0006829449 2.3170971e-05 0.005655544 3.7355472e-05 2.6929024e-06 0.00030326503 1.6698565e-05 2.8448316e-05 5.6376894e-07 5.7617708e-05 0.14146408 0.00013480798 0.024375094 0.00013814165 0.17938805 3.7820326e-05 3.8789995e-06 4.8237307e-05 0.0026606116 0.00042854226 5.018736e-06 1.0020199e-06 2.6209142e-07 4.3285586e-06 5.4807306e-06 0.16953793 2.3305247e-05 1.3267147e-05 9.2926746e-07 1.4984135e-05 1.0518929e-06 6.5439244e-06 1.0433761e-05 8.735035e-06 3.7448777e-07 4.906221e-07 0.00018959622 3.335231e-06 1.169503e-06 1.2045753e-07 1.8198187e-07 0.003480648 2.7360802e-05 4.919028e-06 3.0599278e-07 2.3051653e-06 1.4171603e-07 5.70458e-07 8.5878787e-07 3.157042e-07 3.466764e-07 2.8486946e-09 5.537599e-08 6.998321e-07 2.335395e-05 8.270342e-09 4.7614687e-08 5.1362156e-07 4.2099938e-07 1.4251322e-07 1.5860336e-05 2.146812e-07 3.0879987e-06 4.4541687e-07 1.9556048e-05 1.2666536e-06 4.6091523e-07 1.008744e-06 3.1779323e-06
0.9680796 1.1528807e-05 0.006793248 0.0016865636 1.120132e-05 0.027866982 4.578385e-05 0.085969456 0.008743804 0.085853316 0.045003604 4.3580503e-06 0.012896564 9.602031e-05 1.9303066e-07 3.1065126e-06 0.08126505 0.129314 0.8850912 0.0001753813 4.964819e-06 0.34448853 0.00468733 0.14342706 0.9637649 6.7547866e-08 0.00020565564 5.3669525e-14 0.00039265287 2.949721e-06 2.464201e-06 0.69049305 0.002595917 1.6323271e-07 0.012482256 0.0011973301 8.191802e-06 1.6082546e-05 0.92225015 0.23946272 1.875971e-06 0.73786616 0.00014014334 0.7892061 0.0002477229 0.003836202 4.9827605e-07 0.00036449698 0.034891006 0.074378334 3.478358e-07 3.0210658e-06 0.10215771 0.08432911 8.1405425e-08 8.566469e-06 0.4715439 2.030969e-06 0.03474448 0.00028643225 8.509844e-08 0.083852336 0.007832288 2.7968485e-05 0.08146499 0.31954437 6.5700247e-06 0.052684333 0.032105703 0.0073126955 0.011539499 0.541653 1.9870743e-06 1.7066799e-07 0.00014961025 0.014988667 0.006369709 0.0028980155 0.0013344609 0.027326826 2.8843683e-06 0.004831731 6.202624e-05 0.031112645 0.11046989 0.1057192 2.2534784e-06 0.03516624 0.00020077308 0.00041774407 1.6219188e-06 1.06317174e-07 0.0011143322 0.0001799912 2.8688097e-05 0.006528581 0.0059908256 2.6593368e-06 0.000325002 0.0012098852 0.00073904294
0.58766615 0.00030477616 0.04558276 0.69672525 0.0012946046 0.0374803 0.06640793 0.06708928 0.8601878 0.03231274 0.07576539 9.3885676e-05 0.6797049 0.34124604 6.6914404e-06 0.08543546 0.046115965 0.011920901 0.0037630456 0.83612955 9.4952695e-05 0.005891108 0.00068772846 0.010131911 0.002275312 2.1344817e-05 0.9074729 0.00039265287 4.4373208e-16 0.21853842 0.9884669 0.0002833194 0.00025385807 1.2369347e-07 0.23980403 2.2896893e-05 3.404123e-07 3.977351e-06 1.083926e-05 0.00010870372 9.803556e-08 2.1327338e-05 0.89973 2.3841403e-05 0.58294004 0.0119215045 0.08627034 1.0262855e-05 2.7715719e-06 0.00036846258 0.071579374 1.345088e-05 1.3934619e-05 1.2605572e-06 8.012894e-09 1.9157262e-06 9.010716e-06 0.015536887 1.7921966e-05 7.824303e-06 3.4101973e-08 1.6819873e-05 2.608005e-06 3.588251e-06 2.359992e-05 1.092257e-06 9.543257e-07 9.0191463e-07 0.0006914596 1.5280042e-06 6.4811854e-07 9.862488e-07 3.3346632e-07 0.08666682 0.0009567653 9.021766e-06 6.036447e-07 0.00029073266 3.5353452e-07 2.769758e-07 1.0487767e-06 4.803383e-08 0.00010792045 4.4609876e-09 1.12628264e-07 6.582766e-07 2.3382365e-05 9.07402e-08 4.5652282e-08 4.3838628e-07 0.00014214152 2.1254202e-07 7.483163e-05 5.147214e-07 2.870126e-07 7.043797e-06 5.1148403e-05 5.1876934e-05 9.2063704e-07 1.472218e-06 5.168161e-06
0.27409393 0.023280514 0.020856507 0.51470345 0.20879869 0.004096134 0.65810823 0.0036614356 0.1006506 0.00065653934 0.003007383 0.061501298 0.005609606 0.6571497 0.045126453 0.94322246 0.0010484852 0.00015776139 0.00020314011 0.5901026 0.5335136 0.0008423233 0.0031830024 0.0024343547 0.00010623352 0.21888691 0.9591966 2.949721e-06 0.21853842 6.749302e-15 0.92392427 0.00013048715 0.0014400354 0.0035840005 0.0007828605 0.00010233744 0.00035750135 0.009533261 4.47324e-05 1.167442e-05 5.7818343e-05 4.338469e-06 0.08497302 2.1184953e-05 0.00820326 3.460782e-05 0.94192207 7.4115225e-05 1.5828415e-06 2.2936617e-06 0.0005203532 0.0053824955 6.226413e-07 2.6243368e-08 0.00034655642 2.4979525e-05 0.00013986485 0.5524802 0.00038249063 3.5299665e-06 9.148486e-06 0.0010920988 1.2670237e-07 4.6380075e-05 2.4128627e-07 2.447209e-05 5.836522e-06 3.5911424e-05 0.0023797292 4.278091e-05 6.327032e-06 2.7676194e-07 5.102222e-07 0.006229354 2.4558083e-05 1.7009977e-07 3.6108972e-06 1.1703653e-06 1.2580575e-05 7.419741e-05 5.0201907e-06 4.902035e-05 3.7208943e-07 3.7858988e-06 1.8086024e-07 0.00010143246 1.1463431e-05 1.5226115e-08 1.2715882e-06 5.8691057e-05 2.2031438e-06 1.1954354e-06 2.125709e-06 6.057427e-07 1.6944009e-06 3.8440126e-07 2.6076134e-05 1.6264665e-06 5.546751e-05 7.3896676e-06 1.4515103e-07
0.019261878 0.0001338242 0.00097247376 0.19110832 0.0010718696 0.000981746 0.024888655 0.0018514782 0.10195527 0.0005636075 0.002576025 0.0002057304 0.02336062 0.09472756 7.441737e-05 0.10260471 0.0018775766 0.0004965534 0.00010567463 0.50852275 0.00077358505 0.00013911216 7.699315e-05 0.00018723712 2.6501959e-05 0.0003154107 0.90381384 2.464201e-06 0.9884669 0.92392427 1.3603677e-14 0.00011085744 0.0002496387 2.9468405e-05 0.012313583 5.192383e-06 2.2878123e-07 0.00019268463 1.346514e-05 1.9137477e-05 3.6916866e-08 1.8063944e-05 0.91149807 8.200323e-06 0.17672177 0.00073890516 0.7466179 7.5203043e-06 1.2172892e-06 5.7354722e-05 0.03387389 0.00030496978 5.120585e-07 1.4220123e-07 6.7303645e-08 7.017583e-07 7.449643e-06 0.40161854 1.4754853e-05 4.06914e-06 1.0329035e-07 2.2816133e-05 3.7198055e-07 6.901476e-07 7.122756e-06 4.2161457e-05 1.6371617e-07 8.0418704e-07 8.7487366e-05 1.371369e-05 4.798562e-06 1.1682633e-06 7.6786975e-08 0.2968807 0.000229378 1.8887092e-06 3.0884803e-07 2.3912653e-05 8.4121336e-07 4.227824e-06 1.80858e-07 1.5861795e-06 1.2488565e-05 1.0597739e-08 4.407159e-08 2.184968e-05 5.9854116e-05 1.0873061e-09 3.4194137e-08 2.5278243e-05 3.4256107e-05 3.4592964e-07 2.5419396e-05 2.8873133e-06 1.6783019e-05 1.6579646e-07 2.0177602e-06 9.361695e-06 2.2202697e-05 2.7107364e-05 1.7874694e-06
