1.3371068e-15 0.9486032 0.70159036 0.9788109 0.9909031 0.97368485 0.9805987 0.9377273 0.13748111 0.8295125 0.96482354 0.98314816 0.9728688 0.77886736 0.6011302 0.9551134 0.9865512 0.9942267 0.68098325 0.99978524 0.99478877 0.01300088 0.5191243 0.08306113 0.020007377 0.95073044 0.9598077 0.93249136 0.9590003 0.99999225 0.90913635 0.86317223 0.9734231 0.9598575 0.5361458 0.8794082 0.96880347 0.9895566 0.8376785 0.9246786 0.8306056 0.047789216 0.99693614 0.9528256 0.6307634 0.25292403 0.97286046 0.94938934 0.93470526 0.17948234 0.96419066 0.00041428368 0.93962586 0.95502746 0.04416127 0.7190031 0.7841715 0.9926189 0.90283257 0.29069418 0.9959582 0.06493133 0.97968996 4.7394965e-06 2.1249753e-06 0.45280892 0.54738617 0.67404836 0.92868835 0.495158 0.10602893 0.9916504 0.8658013 0.35958096 0.54038584 0.12235488 0.4914902 0.91861343 0.09650163 0.7948641 0.10991108 0.38636154 0.17569514 0.98949236 0.73586166 0.0053492943 0.89259297 0.08929065 0.8715938 0.76938826 0.009968521 5.382046e-07 0.25410897 0.037611883 0.019722145 0.58491284 0.8702975 0.12061414 0.057580262 0.70444214 0.000727361
0.9486032 7.0850506e-11 0.8967499 0.9640465 0.8671606 0.5795617 0.062134165 0.91046363 0.06178151 0.98144025 0.15701579 0.028613187 0.48463896 0.004554986 0.20209424 0.0034632978 0.050104987 0.18761411 0.7535986 0.10089575 0.0026723396 0.04600121 0.1767284 0.0005033197 0.00010524187 0.00044717366 0.007940252 0.0009477236 0.017397093 0.0128798485 0.00016774499 0.0029333374 0.00010393486 0.00019477234 0.016542768 0.0001326036 6.437403e-06 0.0008441588 2.529235e-05 0.00041307454 0.0006035526 0.00013192258 8.443339e-06 0.00025060118 0.00021695005 0.00010561248 0.00010575278 3.367303e-06 9.036948e-06 0.0008504402 7.034834e-06 5.3202868e-05 1.5396647e-05 3.887234e-05 6.935634e-05 1.1347103e-05 5.9104595e-06 1.7944474e-05 2.5851796e-07 1.044523e-05 0.00012083359 9.832375e-06 5.084386e-07 7.3717047e-06 5.614061e-07 9.002445e-06 3.3202945e-05 1.1001068e-06 9.266338e-05 4.2635766e-06 5.866635e-08 7.816411e-06 4.9628015e-06 0.0009787331 6.9499816e-07 7.0516495e-07 5.3249896e-06 3.866805e-07 1.542376e-05 7.976893e-05 9.261469e-07 3.8047313e-06 2.2345743e-05 6.830523e-07 1.906745e-05 8.444136e-06 8.8852636e-07 1.4110942e-05 0.00010460048 0.0049998425 2.1727574e-06 1.8465795e-05 9.1288035e-07 1.224469e-05 6.864177e-06 6.8903255e-06 6.3005923e-06 1.4652187e-06 4.6649716e-06 2.4639368e-07 1.2223753e-06
0.70159036 0.8967499 4.463655e-11 0.6185459 0.9761702 0.9840676 0.003842685 0.12997206 0.951062 0.39529863 0.005591513 0.38592932 0.16281329 0.3846736 0.012774561 0.0004741755 0.025723297 0.061963193 0.85982406 0.16941303 0.0021024602 0.37929466 0.100046545 0.042114962 0.00470801 0.00017892329 0.0001945347 0.00019943496 0.0015148688 0.0076930984 2.460898e-05 8.539384e-05 4.2386455e-05 2.913206e-05 0.0043966128 1.9311628e-05 2.2164163e-06 0.0048369616 1.42674635e-05 1.9365132e-05 0.0038754817 0.00060496794 1.2564963e-05 0.0006013565 0.0004014738 0.00026882836 2.8709608e-05 2.765754e-07 2.5651573e-07 0.0005967654 5.524027e-06 0.0005245424 2.0770572e-06 1.337446e-06 3.8834874e-05 1.5850469e-06 1.2635415e-07 7.736949e-05 1.0501242e-07 3.235448e-06 0.00036224676 1.2962284e-05 1.6462558e-06 1.6686757e-06 5.145992e-07 3.3339606e-05 2.9080573e-05 1.2039744e-07 9.1671955e-06 2.32116e-07 1.0406791e-07 2.702206e-05 3.2338303e-05 3.7752612e-05 2.3239663e-07 6.2255786e-08 1.5264136e-06 2.737594e-05 1.1048618e-05 1.245117e-06 3.0147284e-08 2.3714347e-05 7.1966724e-07 1.9250727e-05 8.0834005e-05 6.271703e-06 2.9195922e-05 4.616832e-06 2.2722359e-06 0.00043087482 6.414776e-08 8.932877e-07 4.5559625e-07 6.4524365e-08 3.9914613e-07 4.994747e-06 1.606363e-05 1.8191473e-07 4.955383e-09 5.307427e-08 2.032298e-08
0.9788109 0.9640465 0.6185459 3.44082e-12 0.6593167 0.34201115 0.7756965 0.9139479 0.02282746 0.6753456 0.89658666 0.037129924 0.97020966 0.00735595 0.44033724 0.0988432 0.6281934 0.7241155 0.41195762 0.08310175 0.12812126 0.0003222014 0.29510435 0.0006099829 1.0196885e-05 0.01869522 0.17191358 0.018030882 0.32834226 0.09121875 0.001556628 0.039426237 0.0022548782 0.0070086117 0.11448863 0.00091671076 0.00038333656 0.008324235 0.0005528402 0.0033570908 0.0013637682 1.9230489e-05 0.00043189857 0.00048140367 0.00014497376 0.0001771441 0.0012354692 0.00043713851 0.00020374758 0.00025718161 7.453519e-05 5.0952276e-06 0.00013119966 0.0043875277 1.7953297e-06 4.2440173e-05 0.0005949794 0.0022068638 4.336866e-05 3.869323e-06 0.00021895647 1.3581889e-06 2.8103302e-06 6.5763777e-07 4.6591092e-07 4.6829333e-05 0.00010609664 4.500225e-06 0.0013732681 6.0797865e-06 6.576924e-05 0.00039630468 0.00012754102 0.00945303 2.0108348e-06 3.9683243e-07 2.3101986e-06 3.992128e-05 8.089258e-06 0.0003770341 1.138508e-06 0.0001079119 6.886505e-07 7.85363e-06 0.00017327176 1.7516572e-07 0.00017231877 1.5694517e-06 0.0014478475 0.016787367 1.5133035e-06 1.1245021e-07 9.016832e-05 4.22885e-07 1.0370554e-06 0.0002499107 0.00053558714 7.8663686e-07 1.4068327e-06 2.2468981e-05 2.817215e-07
0.9909031 0.8671606 0.9761702 0.6593167 3.193405e-10 0.96063554 0.0059889858 0.1498385 0.4183062 0.48632318 0.01871462 0.5293874 0.8073683 0.41532525 0.02243254 0.0015961964 0.14572741 0.577654 0.5538222 0.6546309 0.005585776 0.035520747 0.11235831 0.015457226 0.00020862867 0.00052024797 0.0016867847 0.0006740659 0.008712366 0.062425993 0.00012673932 0.0006915453 0.0002031409 0.00014287118 0.011350556 9.648598e-05 8.059857e-06 0.009056581 3.735148e-05 0.00018099856 0.0021653818 0.000100694946 0.00025938195 0.00050571264 0.00029275785 0.00021535678 0.00016856623 1.1467105e-05 4.9090617e-05 0.00024022932 1.6703038e-05 3.548807e-05 2.6324675e-05 0.00015319715 4.0465187e-05 6.4053143e-06 6.326818e-05 0.001209422 3.7248319e-07 1.6097905e-05 0.0005070293 5.4687247e-05 2.3052114e-06 6.7088683e-07 5.847679e-07 0.00012200589 4.797274e-05 3.963857e-07 0.00059480465 2.7197489e-06 2.0747262e-05 0.00029233185 0.00011632295 0.00030095462 6.1643345e-07 6.241082e-08 1.8709486e-06 8.6518754e-05 6.778738e-05 2.5977148e-05 2.2310225e-07 0.00011409525 4.4166032e-07 6.599285e-05 0.00065891445 1.09322145e-05 2.4878602e-05 1.0830048e-06 4.5481658e-05 0.0032525084 6.095825e-07 3.371109e-07 0.00019349431 2.0410755e-06 1.487681e-06 0.00018952102 0.0005364889 4.9107683e-08 5.183253e-07 1.4334509e-07 4.4648354e-07
0.97368485 0.5795617 0.9840676 0.34201115 0.96063554 1.7710542e-08 0.0018062462 0.036614478 0.79561514 0.36023995 0.0066233226 0.7583184 0.5100875 0.8793846 0.0070877587 0.00026731924 0.03609761 0.29475695 0.6596827 0.6694865 0.0011709556 0.19450997 0.034410063 0.06827154 0.005167516 7.572485e-05 0.00032220848 0.00017035475 0.0009500438 0.03712179 8.385289e-06 0.00010278297 3.726374e-05 2.085138e-05 0.0017204743 1.3174751e-05 8.338435e-07 0.024816036 9.771242e-06 6.965562e-05 0.011830875 0.0013007367 7.062499e-05 0.0018383975 0.0005997451 0.0006352211 2.6208392e-05 8.744525e-07 3.5103678e-06 0.00050173386 4.2897523e-06 0.00019311933 4.72446e-06 9.913245e-06 3.851242e-05 3.535362e-07 3.839714e-06 0.00038427435 9.9717e-08 8.770123e-05 0.0018506837 0.0002103209 4.5651612e-07 1.0906217e-06 4.5493587e-07 0.00025078715 8.3624385e-05 1.8733596e-07 0.00033089702 4.8185717e-07 8.708327e-06 0.00025926746 0.0005475517 6.0946688e-05 5.0217875e-07 4.4701455e-08 1.3121693e-06 8.8829926e-05 4.123603e-05 2.0916455e-06 2.9789734e-07 7.2183386e-05 1.271414e-07 0.00012886537 0.0007029586 4.9073324e-06 0.00022752806 2.864953e-06 1.11178715e-05 0.0005481123 3.2879743e-07 4.0485838e-07 0.0001034796 9.0345725e-07 4.916066e-07 0.00021089494 0.0008876812 4.743204e-08 1.7976743e-07 1.7901775e-07 1.5368524e-07
0.9805987 0.062134165 0.003842685 0.7756965 0.0059889858 0.0018062462 3.736542e-12 0.16382925 0.00020699365 0.004774453 0.8476674 0.0004237758 0.7535274 8.4742314e-05 0.04428864 0.98410475 0.94879085 0.4100939 0.00042082317 0.015893118 0.61680245 2.4426674e-05 0.0030327975 8.611327e-05 8.888488e-08 0.6466569 0.8072806 0.4491467 0.76773864 0.10870892 0.0666098 0.35511744 0.015476763 0.26769632 0.01996108 0.0043950886 0.020524569 0.00018522082 0.003220853 0.066614926 4.7553244e-06 7.720461e-07 0.0009861653 3.6380693e-06 5.7778793e-06 3.5360586e-06 0.001636937 0.0039398638 0.0016459539 5.7369243e-06 0.00033931856 3.113698e-07 0.00021550244 0.052916963 5.2017276e-07 0.00016351824 0.009262134 0.0010155201 0.0006328236 3.437624e-07 8.236455e-06 3.409879e-08 1.5294396e-05 6.640668e-07 3.936779e-08 3.3377448e-06 6.6194134e-06 4.8416958e-05 0.010543356 6.225084e-05 0.00096982444 5.843359e-05 1.7303215e-06 0.062483326 1.10017245e-05 2.3688547e-06 9.495509e-06 3.419944e-05 2.0925274e-06 0.062008414 2.8706254e-06 5.2992014e-05 2.881366e-06 7.332962e-07 9.626103e-06 1.4011802e-07 1.0442592e-05 6.327799e-06 0.015313063 0.05386623 5.1920784e-07 1.4185758e-07 0.00018681264 3.424738e-07 1.0518523e-05 0.00022815035 4.322301e-06 3.21006e-07 2.413033e-07 0.00027792453 2.0522175e-07
0.9377273 0.91046363 0.12997206 0.9139479 0.1498385 0.036614478 0.16382925 2.3246077e-12 0.0016688671 0.8960251 0.9538262 0.001783468 0.42677853 0.0004543562 0.9959746 0.012714367 0.12700944 0.153652 0.1429447 0.03463609 0.004615412 0.0012973144 0.43999544 0.00012118905 3.2702787e-06 0.0001264825 0.009308912 0.00089263846 0.14752375 0.01252181 5.1911924e-05 0.008018075 4.2839984e-05 9.352473e-05 0.44960046 6.4133186e-05 1.1538056e-05 0.0001363847 1.7827018e-05 0.00013183341 9.762165e-05 1.2494206e-06 6.776793e-05 3.3425058e-05 1.2913942e-05 2.6497194e-06 0.00013543435 1.3337146e-05 4.4672142e-06 1.4747902e-05 2.581392e-06 6.389601e-07 1.4659953e-05 0.0001989035 3.8911916e-05 9.390774e-06 4.4675526e-05 5.8916496e-05 5.0016325e-07 1.2056516e-06 1.0009592e-05 2.914095e-07 1.3881426e-06 2.1782366e-06 6.6625466e-07 1.3339767e-05 4.778339e-05 2.2532086e-07 9.418664e-05 1.2853618e-06 1.3549416e-06 1.2592451e-06 1.1840845e-06 0.0015427632 3.874999e-06 1.6532931e-08 1.2185495e-06 1.8744768e-07 1.0375614e-05 0.0007028279 1.6161867e-07 9.539695e-06 8.434703e-06 1.5371945e-06 1.2170043e-05 2.434155e-06 1.1899626e-07 2.3532505e-06 0.0005455351 0.03488299 1.0870342e-06 1.6218122e-06 1.9681318e-06 9.1575345e-07 5.6683734e-06 1.4112166e-05 5.184212e-07 3.5439413e-08 5.437094e-06 8.124197e-07 1.1715162e-05
0.13748111 0.06178151 0.951062 0.02282746 0.4183062 0.79561514 0.00020699365 0.0016688671 2.3086576e-11 0.017048988 0.00021192782 0.30855772 0.012573637 0.9737725 0.00036402195 3.7691596e-05 0.0010909114 0.009517846 0.20589207 0.022897871 2.5066483e-05 0.9929771 0.0018448686 0.95205194 0.38172817 4.339458e-06 1.1748694e-05 2.0379239e-05 0.00018459921 0.0011554222 3.9948336e-06 8.651129e-06 3.211369e-06 6.6200926e-07 0.00061493507 1.4748753e-06 4.0221988e-07 0.0038272822 5.43935e-06 7.488078e-06 0.008163217 0.01936781 6.443284e-07 0.00014799915 6.7980305e-05 8.153973e-05 1.6010216e-06 3.5173971e-07 9.616124e-07 0.000120067074 9.19574e-06 0.17109126 5.283976e-07 4.8132534e-07 7.327013e-05 1.18582534e-07 1.5442069e-07 5.4524485e-06 1.7988661e-07 8.649324e-06 0.0001556634 2.5175706e-05 2.8642498e-07 4.94431e-05 9.442209e-05 5.171331e-06 6.8167183e-06 2.97271e-07 5.286786e-06 4.1925927e-07 7.501046e-07 9.474487e-06 2.978779e-06 0.0009365746 1.317085e-06 6.569041e-08 3.388288e-07 2.8788968e-06 1.0146307e-05 4.083475e-05 2.4598748e-07 3.8843264e-06 4.4079707e-06 6.8885915e-06 2.8360524e-05 0.00070800225 3.2397336e-06 1.0154201e-06 3.2244992e-05 0.0005226228 2.4242975e-06 3.4192755e-05 1.0648222e-06 1.0654226e-06 5.31085e-06 9.003694e-07 7.898268e-06 2.0119809e-07 5.781815e-06 1.754252e-07 5.256273e-07
0.8295125 0.98144025 0.39529863 0.6753456 0.48632318 0.36023995 0.004774453 0.8960251 0.017048988 8.6175525e-11 0.03671804 0.0027262648 0.14916107 0.0017953967 0.88563 0.0004772569 0.012129582 0.033630416 0.9922016 0.022195807 0.00023185906 0.00997993 0.8624773 0.00010470009 7.691638e-05 8.159725e-06 0.00021161034 0.000115459996 0.0054817763 0.0016374828 1.008679e-05 0.00045368142 6.4917417e-06 3.9112238e-06 0.2933841 2.022707e-05 9.708705e-07 9.3606825e-05 2.52329e-06 1.0088695e-05 7.454793e-05 2.3399218e-06 1.2423031e-05 4.6657442e-05 8.3004115e-06 3.241118e-06 4.944847e-05 1.399386e-06 5.382667e-07 1.2569193e-05 8.87952e-07 1.6518885e-05 9.776293e-06 7.826369e-06 6.468268e-05 3.5384471e-06 3.7593759e-06 2.1129565e-05 2.4119595e-08 2.8076647e-06 6.0208036e-05 2.2668671e-07 1.1554645e-06 7.911136e-06 4.6706296e-06 6.589075e-06 1.0991897e-05 2.4136935e-07 1.5885858e-05 4.1276243e-07 1.3179583e-06 4.27366e-06 6.4926394e-06 0.00020644855 5.09846e-06 6.311483e-08 1.6946531e-06 6.044743e-07 1.1514456e-05 0.000113464055 1.9164341e-07 6.1177257e-06 5.5574487e-06 1.8232228e-06 1.305858e-05 2.1462962e-05 4.8076794e-07 4.8564107e-07 0.00011297967 0.010687871 5.994514e-06 8.281369e-05 3.7557813e-06 1.6397187e-06 2.7186223e-05 3.6608765e-06 2.380984e-07 2.2166125e-08 2.3152295e-06 8.555119e-08 1.4877803e-06
0.96482354 0.15701579 0.005591513 0.89658666 0.01871462 0.0066233226 0.8476674 0.9538262 0.00021192782 0.03671804 6.056368e-13 0.00014513408 0.43161824 0.000103167054 0.98376983 0.23424782 0.5612502 0.14201424 0.00629126 0.010773936 0.023661422 8.792365e-05 0.30158472 6.264512e-06 4.1419675e-08 0.0013464774 0.38899475 0.0056124823 0.92952657 0.018175533 0.0005791012 0.49233076 0.00050838746 0.00049409585 0.71005934 0.00015001673 1.3411468e-05 7.254296e-06 2.4016208e-05 0.0005476429 5.814225e-07 3.1361716e-07 0.00028614147 1.0373452e-06 1.0330605e-06 4.2566109e-07 0.0005169778 3.0756062e-05 1.1902169e-05 5.379452e-06 1.38224095e-05 1.7411415e-07 1.5601465e-05 0.0016132409 3.0796025e-06 1.6570793e-05 0.00024081007 0.00015105553 4.3807104e-06 1.2409909e-07 2.9189238e-07 5.5863342e-08 6.359781e-07 3.0903482e-07 1.9731251e-08 2.424938e-06 4.682752e-06 2.0729105e-07 0.0008678444 6.575456e-07 8.003688e-06 4.4552885e-06 3.378519e-06 0.017331608 5.6413014e-06 1.1021003e-07 6.1379137e-07 3.5898393e-06 4.7570934e-06 0.008609542 2.2114556e-07 1.6009735e-05 3.107993e-05 5.554469e-07 2.0316636e-05 7.1627555e-06 2.0580366e-07 3.276441e-06 0.0028699085 0.19295603 8.9778683e-07 6.377142e-08 3.6978054e-05 5.3889437e-07 6.827361e-06 6.152905e-05 4.4875878e-07 4.612985e-08 1.806502e-06 8.7546e-06 2.653576e-06
0.98314816 0.028613187 0.38592932 0.037129924 0.5293874 0.7583184 0.0004237758 0.001783468 0.30855772 0.0027262648 0.00014513408 1.457078e-10 0.3860765 0.9920574 0.00026536014 0.000101978134 0.01047389 0.31586996 0.0057594557 0.9795607 0.00046721287 0.010776521 0.00039856133 0.22238944 0.0181143 3.5971887e-05 8.772857e-05 6.5796536e-05 0.00019430592 0.06863219 1.1625934e-05 1.9908692e-05 3.472078e-05 4.3609434e-06 9.7451804e-05 2.2241331e-05 5.838524e-07 0.40056965 1.3315528e-05 1.1733319e-05 0.23754834 0.022500737 2.4959523e-05 0.009467718 0.0040337257 0.003829149 3.4123987e-05 3.2537275e-07 1.2636168e-06 0.0032540755 1.395082e-06 0.00033248877 2.3922496e-06 4.6174458e-07 0.0005708646 4.5259907e-07 2.4667454e-06 0.00038495197 1.3368981e-07 0.00029947757 0.007273729 0.0016887613 2.2305629e-07 1.1077543e-06 1.1160081e-06 0.0015050186 0.00027926895 1.9446374e-07 7.4674506e-05 3.7738894e-07 1.5414475e-06 0.00078611803 0.0004505208 8.391097e-06 3.8501767e-07 6.403991e-09 3.7831285e-07 7.35882e-05 0.00015937627 1.1908658e-06 1.9796362e-07 9.250534e-05 7.65802e-07 0.00020067085 0.0013108304 5.523856e-05 0.0005847853 1.1432998e-06 1.330319e-05 8.3567946e-05 1.4774197e-07 4.6454622e-07 0.00013308336 4.374746e-07 6.0742686e-08 0.00029346734 0.0050630216 4.321958e-08 6.6764835e-07 6.4332056e-08 5.2131605e-07
0.9728688 0.48463896 0.16281329 0.97020966 0.8073683 0.5100875 0.7535274 0.42677853 0.012573637 0.14916107 0.43161824 0.3860765 3.479557e-10 0.027059294 0.0808505 0.097778186 0.92922676 0.98768944 0.014709859 0.1815531 0.44801992 0.00048648057 0.04038648 0.0010960532 4.8196383e-05 0.27402678 0.04618075 0.019491974 0.095096774 0.57821345 0.0053016436 0.0071176174 0.05480821 0.016866658 0.017849697 0.0026344918 0.0019832163 0.23133051 0.0012358141 0.0062217456 0.010729799 0.00020430796 0.0074065872 0.010256975 0.0032170524 0.002330192 0.007463435 0.0005788339 0.00066020933 0.0010039852 0.0018345051 9.545e-06 0.0010798542 0.0048579723 9.495509e-06 0.0002745549 0.0007677117 0.11970098 2.3951705e-05 6.002514e-05 0.013363439 9.411269e-06 0.00012002231 3.6383835e-07 1.8123231e-07 0.0032626707 0.0011236072 0.0001924136 0.00047685514 5.167557e-05 0.0005325833 0.0039994637 0.012540883 0.0013064499 2.5446864e-06 6.64147e-06 6.818964e-05 0.00024531057 3.9132075e-05 0.00011601872 1.5046669e-05 0.00060795754 4.593747e-08 0.0003755341 0.0014330725 9.692574e-08 0.0075058886 1.0394888e-05 0.00020133296 0.004197114 1.0310961e-06 3.1457283e-08 0.0021708466 2.9015052e-07 1.2917778e-06 0.0010117731 0.020302664 4.549339e-08 3.6227715e-07 4.3710365e-06 5.351797e-07
0.77886736 0.004554986 0.3846736 0.00735595 0.41532525 0.8793846 8.4742314e-05 0.0004543562 0.9737725 0.0017953967 0.000103167054 0.9920574 0.027059294 1.2092332e-09 0.00013656598 1.2654516e-05 0.0030740274 0.023023376 0.014535108 0.4062611 1.8499004e-05 0.41378635 0.0002754269 0.9687896 0.65572965 7.493032e-07 2.8207137e-06 1.08404265e-05 0.0001144215 0.007787209 6.0557056e-07 5.3161257e-06 9.010609e-07 1.0509674e-06 0.000103418046 1.8601867e-06 1.1968162e-07 0.016566617 2.6393361e-06 8.599218e-06 0.03610581 0.071993254 4.3294273e-07 0.00040402682 0.00016739963 0.00020466855 6.17555e-07 1.10501354e-07 4.4566864e-06 0.00036399227 1.1563199e-06 0.01568679 1.4682982e-07 1.1202351e-06 0.00088439166 5.785824e-08 1.8701388e-06 2.3588624e-05 4.4231847e-08 1.4385427e-05 0.00029038766 0.00068853603 1.3189005e-07 9.580139e-06 7.322441e-06 2.3125649e-05 3.3291155e-05 6.417151e-08 5.483839e-05 3.760894e-07 3.52346e-07 6.848807e-05 3.0273286e-05 4.5864526e-05 8.812033e-07 7.2474364e-08 7.327513e-06 1.4094588e-05 8.2328064e-05 2.1242863e-06 2.6957284e-08 8.494966e-06 2.127092e-06 4.9402748e-05 0.0001101354 0.0007659044 1.7225922e-05 6.079375e-06 8.402164e-06 0.00015802367 1.3125434e-06 3.1957572e-06 1.7660206e-05 1.0716775e-06 5.449111e-06 6.444519e-05 0.0001610679 9.756455e-08 1.5005412e-07 1.1275217e-07 3.0186362e-07
0.6011302 0.20209424 0.012774561 0.44033724 0.02243254 0.0070877587 0.04428864 0.9959746 0.00036402195 0.88563 0.98376983 0.00026536014 0.0808505 0.00013656598 6.768814e-13 0.0058252984 0.041308008 0.02510499 0.07998698 0.0035314132 0.0008011352 0.0007435894 0.81664807 8.2679735e-06 6.881332e-07 0.0001152845 0.00869765 0.0009191904 0.39061633 0.00282363 7.7016644e-05 0.009864572 0.00012703749 9.1688955e-05 0.94095397 3.727259e-05 6.8405266e-06 9.323313e-06 4.8206384e-06 0.00017478935 8.562674e-07 1.3203893e-07 3.1956035e-05 9.999364e-06 1.5121551e-06 1.237288e-06 8.2704304e-05 2.4001276e-05 4.0858417e-06 2.3572845e-06 9.573639e-07 6.7409286e-07 2.7576195e-06 0.00037622327 3.3411811e-06 3.5424312e-06 5.2915857e-05 2.2861284e-05 6.448343e-07 2.4658476e-07 6.7671663e-06 3.451409e-08 2.492101e-07 1.5545688e-06 4.128577e-07 2.9182917e-07 5.88102e-06 6.3963036e-08 0.00018128582 3.0831802e-07 1.6274861e-06 2.9955495e-06 8.408168e-08 0.0062077255 6.02441e-07 5.990462e-08 2.2589479e-08 4.986214e-06 3.7733446e-06 0.0012061421 9.3934695e-08 1.01102405e-05 3.5921578e-06 5.681031e-06 1.2908881e-05 8.280819e-06 9.039472e-08 1.8188665e-07 0.0007151412 0.09187141 1.216521e-06 7.981682e-06 7.6447215e-08 3.1659698e-07 2.1659434e-05 2.3562666e-06 7.3190574e-07 3.7313008e-08 3.2366995e-07 5.3679623e-06 1.867843e-06
0.9551134 0.0034632978 0.0004741755 0.0988432 0.0015961964 0.00026731924 0.98410475 0.012714367 3.7691596e-05 0.0004772569 0.23424782 0.000101978134 0.097778186 1.2654516e-05 0.0058252984 4.6899418e-14 0.59466475 0.083480865 3.5612527e-05 0.0022671819 0.14581469 7.732541e-06 0.00044206975 2.4275525e-06 3.1777094e-07 0.6146427 0.9493392 0.97219914 0.44976264 0.0535361 0.4983278 0.7770907 0.0064969547 0.5600336 0.005525055 0.019940611 0.16258985 7.749728e-06 0.00541218 0.19028214 4.1571815e-07 3.6925687e-07 0.00032289044 3.0997256e-07 4.298891e-07 1.18073594e-07 0.00027518245 0.010331652 0.0150449565 4.216851e-06 6.153023e-05 6.1529986e-09 6.9629925e-05 0.115744054 7.0387196e-06 2.5385285e-05 0.014906109 0.00017793565 0.00078913075 1.5540905e-07 6.598397e-07 3.392292e-08 3.622787e-06 1.5503586e-07 3.104262e-08 5.9152336e-07 1.9260744e-06 6.990981e-06 0.0039102044 2.6655945e-05 0.00030059752 5.2058454e-06 8.875372e-07 0.057255633 9.55557e-07 2.034214e-06 5.6139834e-06 6.185502e-06 3.530867e-07 0.15985894 8.6503496e-07 4.088087e-06 7.5583785e-07 2.2573339e-07 4.3968052e-07 1.1397941e-06 3.7078132e-07 3.1122688e-06 0.03097142 0.013622409 7.1336365e-07 7.9096196e-10 2.1266835e-05 4.467365e-07 7.5777252e-06 3.5397246e-05 1.3041169e-07 3.342682e-08 4.6870028e-07 0.00050925487 2.354621e-07
0.9865512 0.050104987 0.025723297 0.6281934 0.14572741 0.03609761 0.94879085 0.12700944 0.0010909114 0.012129582 0.5612502 0.01047389 0.92922676 0.0030740274 0.041308008 0.59466475 2.3037837e-11 0.9290371 0.00027908388 0.01003274 0.86456805 3.430007e-07 0.001314373 0.000317398 7.5572007e-06 0.7579278 0.33270514 0.21075472 0.5476481 0.9427479 0.083439454 0.09902134 0.51466644 0.25115004 0.009155012 0.028071113 0.04789261 0.012852682 0.030893566 0.06500854 0.00038749533 2.1484055e-05 0.052823868 0.0013557852 0.00054187595 0.00040577128 0.049027465 0.019516699 0.013628349 0.00022763027 0.043190956 2.5382153e-06 0.008841673 0.059350852 1.0064924e-06 0.00091036136 0.011496741 0.3653036 0.0021998007 6.7999595e-06 0.0036763656 2.8844354e-07 0.0015069315 8.977911e-07 2.4077184e-07 0.0005506067 0.00026811427 0.0029923876 0.0054699825 0.0010839907 0.0033060778 0.013778701 0.0022471747 0.013698287 0.00018594542 0.00012014839 0.0005236315 0.0023648087 1.6585735e-05 0.01410832 0.0002719464 0.008213828 2.968952e-06 0.00054393895 0.00050234335 4.11353e-08 0.0013477114 7.688734e-05 0.0025285417 0.011558443 3.2746389e-06 9.188703e-09 0.0091722375 7.48115e-07 1.1302844e-05 0.0034212032 0.0037883804 2.6431803e-06 7.491166e-07 9.766672e-05 3.6172873e-06
0.9942267 0.18761411 0.061963193 0.7241155 0.577654 0.29475695 0.4100939 0.153652 0.009517846 0.033630416 0.14201424 0.31586996 0.98768944 0.023023376 0.02510499 0.083480865 0.9290371 1.0676047e-09 0.0021220774 0.29890445 0.258683 0.0003894308 0.006725428 0.0019743997 6.265859e-05 0.17026977 0.019143526 0.013960912 0.024431065 0.9655308 0.00804657 0.0036594127 0.07445697 0.011834102 0.0029694631 0.0034684604 0.0016789425 0.24765189 0.0027725333 0.0036825552 0.006590307 0.0005591737 0.012869424 0.025002358 0.007501784 0.0022806432 0.008158376 0.0004691017 0.0005888327 0.0005286459 0.0036459316 2.6783124e-05 0.0027321626 0.002640341 4.7678463e-05 0.001127702 0.0003253692 0.17313378 5.8050423e-06 5.2853422e-05 0.03820367 3.4040079e-06 0.00052336964 2.8782532e-07 4.3104396e-07 0.004940949 0.0013834132 0.0003757698 0.00018399811 0.00016944672 0.0005581327 0.03565652 0.023688322 0.00025258012 3.8990405e-05 1.2814422e-05 0.00013772953 0.0013336181 0.00017161833 3.312426e-05 3.7775517e-05 0.001449041 3.84902e-07 0.0025459828 0.009342084 4.0239027e-07 0.018001838 1.4081192e-05 7.394479e-05 0.0017235717 2.807357e-06 1.0052377e-08 0.0038199634 1.1426151e-06 4.646971e-06 0.005059276 0.08670322 2.2064944e-07 1.368964e-06 2.2294603e-06 9.715827e-07
0.68098325 0.7535986 0.85982406 0.41195762 0.5538222 0.6596827 0.00042082317 0.1429447 0.20589207 0.9922016 0.00629126 0.0057594557 0.014709859 0.014535108 0.07998698 3.5612527e-05 0.00027908388 0.0021220774 4.291947e-13 0.016915925 1.3851776e-06 0.4561318 0.9953219 0.0007351205 0.0017754707 2.732196e-08 1.0021465e-05 5.573037e-06 0.001656326 0.00015765594 1.127683e-07 2.1575364e-05 4.3802164e-08 2.9020077e-08 0.040411036 5.4720193e-08 7.853146e-09 7.5253585e-05 4.5966658e-08 9.196831e-07 2.695725e-05 3.3405617e-05 3.851508e-08 2.3578634e-05 7.078726e-06 4.1926646e-07 1.456721e-06 1.9933891e-08 1.8018424e-08 4.3259814e-05 2.4933306e-07 0.0009973788 2.0790726e-08 8.512441e-08 2.5467756e-05 3.3871828e-07 3.319289e-08 2.9495467e-08 6.1051825e-10 3.8670194e-07 8.937235e-06 2.505188e-07 2.0288047e-08 9.8218276e-05 0.0001393286 2.2604175e-08 4.394057e-08 6.0129643e-09 3.7058015e-07 2.5002356e-07 4.555415e-09 4.9026236e-09 6.89789e-07 0.0001867232 5.7402847e-08 2.8088834e-08 3.2817074e-08 2.6037425e-10 2.0338125e-06 2.1233822e-05 5.7649028e-09 4.707697e-10 9.139805e-07 2.9033569e-09 1.7619611e-07 1.5606762e-05 8.50348e-09 1.9125268e-07 2.4989626e-07 0.0068081003 1.2657583e-07 0.03330692 8.8927816e-11 6.72989e-08 1.1746756e-07 2.940939e-09 8.734372e-09 4.4421272e-10 2.6680754e-08 3.6032382e-09 1.5273828e-07
0.99978524 0.10089575 0.16941303 0.08310175 0.6546309 0.6694865 0.015893118 0.03463609 0.022897871 0.022195807 0.010773936 0.9795607 0.1815531 0.4062611 0.0035314132 0.0022671819 0.01003274 0.29890445 0.016915925 1.2346917e-11 0.0014336787 0.0016795453 0.0023930438 0.049001496 0.005056567 0.0008863958 0.0036876511 0.0009189397 0.0072873263 0.15730327 0.00023437051 0.00066216243 0.0011463389 0.0004970286 0.00082109496 0.00029204984 9.8241224e-05 0.93381345 0.0001450721 0.0005041529 0.3871544 0.031587437 0.00036453054 0.616522 0.20708524 0.02116856 0.00037013038 0.00022269295 0.00012511006 0.007396095 0.00011257517 0.00010046282 0.00020136368 0.00030187392 0.0059610163 6.412909e-05 0.00023877982 0.000971557 8.345066e-06 0.006892065 0.4972455 0.0013021404 0.00012889635 2.8986221e-06 2.1026015e-06 0.061675373 0.0154621955 3.1115524e-05 0.00088188687 2.8468157e-05 4.6065205e-05 0.013262915 0.120497994 0.000113193004 8.304997e-06 1.2391798e-06 3.0161133e-05 0.00041370257 0.0033916717 1.9119088e-05 4.015946e-06 0.00015061305 1.9157724e-07 0.011771451 0.01587507 0.0006412303 0.093053594 7.694657e-06 0.00015064135 0.0004007493 7.306317e-07 6.863891e-07 0.0002819458 3.1260593e-06 4.6899095e-07 0.00080810266 0.089368954 1.2119428e-07 5.968772e-07 3.42771e-06 6.9663923e-07
0.99478877 0.0026723396 0.0021024602 0.12812126 0.005585776 0.0011709556 0.61680245 0.004615412 2.5066483e-05 0.00023185906 0.023661422 0.00046721287 0.44801992 1.8499004e-05 0.0008011352 0.14581469 0.86456805 0.258683 1.3851776e-06 0.0014336787 1.1722239e-12 2.1206296e-07 6.7324094e-05 1.6307245e-05 1.6092088e-07 0.93907493 0.033514705 0.08868319 0.010174443 0.83928734 0.255812 0.014326975 0.9690374 0.3257443 0.00022665852 0.17174742 0.39340016 0.0006400878 0.33056933 0.10873135 2.1721708e-06 8.7418726e-07 0.4155987 4.6505997e-05 2.1332608e-05 7.638192e-06 0.47362128 0.101491004 0.17681804 7.714657e-06 0.50288725 1.0492728e-06 0.115675166 0.031456705 3.0705948e-07 0.013854149 0.02769579 0.6310049 0.064514875 9.675734e-07 0.00019967476 8.868201e-08 0.007402015 1.2929684e-06 5.5081454e-08 3.5916186e-05 2.8246426e-05 0.019720847 0.011371223 0.004501294 0.007617308 0.005285645 0.00032782074 0.0009953411 0.00079167786 0.00044310806 0.0030445603 0.00064413063 4.908275e-07 0.015539204 0.0010014266 0.0032919922 3.1818854e-05 0.00013081521 8.78876e-05 9.121114e-08 0.0005507965 0.00010348099 0.005031964 0.00039596634 6.90569e-05 8.090032e-09 0.035812315 7.5515018e-06 0.00018980046 0.0027931847 0.0011052883 1.00547695e-05 6.914445e-06 0.006821957 3.5066223e-05
0.01300088 0.04600121 0.37929466 0.0003222014 0.035520747 0.19450997 2.4426674e-05 0.0012973144 0.9929771 0.00997993 8.792365e-05 0.010776521 0.00048648057 0.41378635 0.0007435894 7.732541e-06 3.430007e-07 0.0003894308 0.4561318 0.0016795453 2.1206296e-07 4.457638e-12 0.0016536278 0.1410821 0.57748026 4.891514e-07 9.232937e-06 1.70492e-05 0.0003800443 3.0376359e-05 5.998214e-06 8.020047e-06 7.2617337e-07 1.2715167e-06 0.0014190022 5.5538617e-06 5.073596e-08 9.462966e-06 4.631486e-06 4.2801963e-05 1.9499936e-05 0.00046203885 1.2232644e-07 1.71649e-07 1.7158158e-07 4.671349e-07 2.324608e-06 1.442178e-06 1.4781899e-06 6.9812136e-06 6.328272e-05 0.94193006 2.3016803e-07 4.4471253e-06 3.9033526e-05 1.7457221e-07 1.1280962e-05 2.7002892e-07 3.4071193e-06 4.2818842e-06 8.855234e-07 5.9437787e-07 4.9271285e-09 0.0025819978 0.00042006277 3.896204e-07 4.1697604e-07 4.532978e-06 0.00018668744 8.047023e-06 2.9095218e-05 2.6100054e-08 2.5912604e-08 0.00019325917 4.229072e-05 6.416322e-07 1.2858455e-05 3.4091826e-08 9.0428654e-07 7.711009e-06 1.9625437e-05 8.19823e-07 0.00016544323 2.2668463e-08 9.2669035e-07 0.00019302948 1.930582e-08 3.2541742e-05 0.00048846845 0.0005483186 0.00022601486 0.98053765 5.2741106e-10 2.5603349e-05 0.00016740093 7.446947e-09 3.568727e-08 2.029157e-06 3.758994e-05 5.3097784e-07 2.7794613e-05
0.5191243 0.1767284 0.100046545 0.29510435 0.11235831 0.034410063 0.0030327975 0.43999544 0.0018448686 0.8624773 0.30158472 0.00039856133 0.04038648 0.0002754269 0.81664807 0.00044206975 0.001314373 0.006725428 0.9953219 0.0023930438 6.7324094e-05 0.0016536278 5.7895137e-11 4.3141696e-05 2.2306587e-05 1.2933532e-06 0.00014325457 0.0001600495 0.013384535 0.000543231 2.7221144e-05 0.0001314302 2.2644547e-06 1.6505215e-05 0.99581146 3.818659e-05 3.5720059e-06 9.454392e-05 3.7459158e-06 0.00010837374 3.9673254e-05 1.9148687e-05 2.0345158e-05 4.194305e-05 3.9517054e-06 2.8025877e-06 0.00011592958 3.989302e-06 6.139521e-06 2.930759e-05 4.2512074e-05 2.7903958e-05 2.007412e-05 3.6565798e-05 0.00014731787 9.806816e-05 6.204597e-06 2.1189013e-05 1.4839917e-07 2.1612193e-06 7.043444e-05 1.4262681e-06 1.0100054e-05 1.7193204e-06 9.061542e-06 1.3957939e-06 1.9132749e-05 4.0579346e-07 1.0946925e-05 1.5517618e-06 3.2020262e-06 9.208661e-07 3.2056437e-06 5.816783e-05 9.335978e-07 7.8542246e-07 1.2896329e-05 7.870946e-07 5.705076e-05 2.0615038e-05 4.1993217e-06 1.3178772e-05 6.5355794e-06 4.6797118e-06 1.3994709e-05 0.00010762608 9.675163e-07 3.9717447e-06 1.5769963e-05 0.002221078 1.04135315e-05 2.9074192e-05 8.14627e-07 3.3090978e-07 8.80323e-05 8.440537e-06 7.536328e-08 5.5429137e-08 1.7343002e-07 2.936539e-07 1.9961894e-06
0.08306113 0.0005033197 0.042114962 0.0006099829 0.015457226 0.06827154 8.611327e-05 0.00012118905 0.95205194 0.00010470009 6.264512e-06 0.22238944 0.0010960532 0.9687896 8.2679735e-06 2.4275525e-06 0.000317398 0.0019743997 0.0007351205 0.049001496 1.6307245e-05 0.1410821 4.3141696e-05 1.2653193e-08 0.99999297 8.633952e-06 5.9892973e-06 2.6180514e-05 1.0235039e-05 0.0022958817 5.8837295e-06 2.5485142e-06 6.086217e-07 6.8929904e-07 1.4949136e-05 7.4327395e-06 1.223813e-07 0.0248384 4.214953e-06 3.2549797e-06 0.019047063 0.63111603 2.9151346e-07 0.002819076 0.0021841328 0.0023420951 2.96774e-06 4.425761e-07 4.6746038e-08 0.00455665 4.683748e-06 0.08892682 7.6222307e-07 8.7820064e-07 0.001878532 7.451896e-08 2.8200332e-06 1.20332825e-05 5.0856485e-08 3.242774e-05 0.0009896308 0.0022725395 1.436163e-07 5.324964e-06 0.00014815095 0.00018148025 0.0001002211 1.9928207e-06 9.518375e-06 1.7609607e-06 7.214057e-07 2.7165073e-05 6.509063e-06 1.522106e-05 4.4596495e-06 3.125615e-08 6.5398467e-07 9.586302e-07 7.588888e-05 4.8415322e-06 2.7949363e-07 1.4224295e-06 1.1058527e-05 1.9381889e-05 0.00012364943 0.0016375226 1.05928e-06 1.4887547e-05 1.5297231e-06 6.1207225e-05 1.2156929e-06 8.672966e-07 3.1814878e-07 7.426925e-07 4.0637574e-06 4.5949178e-06 8.493516e-06 3.5517097e-08 1.5605905e-06 6.5336906e-08 1.3612096e-07
0.020007377 0.00010524187 0.00470801 1.0196885e-05 0.00020862867 0.005167516 8.888488e-08 3.2702787e-06 0.38172817 7.691638e-05 4.1419675e-08 0.0181143 4.8196383e-05 0.65572965 6.881332e-07 3.1777094e-07 7.5572007e-06 6.265859e-05 0.0017754707 0.005056567 1.6092088e-07 0.57748026 2.2306587e-05 0.99999297 1.8565424e-14 4.638934e-08 8.0541305e-08 3.5098907e-07 2.987886e-06 0.00022202815 2.1765855e-08 8.313523e-08 5.3617373e-09 2.2009647e-09 1.1924119e-05 4.892927e-09 1.0478384e-09 0.003197222 5.4025224e-09 3.7926203e-08 0.017143112 0.9466234 2.368536e-08 9.884777e-05 9.6351556e-05 0.00024874415 2.9229167e-08 2.6917708e-09 1.833199e-10 0.00022356625 9.688984e-09 0.9512741 4.1677026e-10 3.2768332e-09 0.0008020017 6.071252e-10 1.5111718e-08 2.7447737e-08 2.0087774e-09 9.0685404e-07 3.690453e-05 0.0005032232 6.543749e-10 5.0357154e-05 0.0016210136 1.6385823e-06 2.8428272e-07 5.3735216e-09 9.3156643e-07 6.6642687e-09 1.5047387e-07 1.910713e-07 1.4302659e-08 7.922054e-06 2.4245918e-07 7.068842e-10 2.243121e-09 1.3721814e-09 2.3248986e-06 1.21745165e-08 2.9382209e-08 1.1765404e-08 7.774226e-07 1.13407204e-07 7.635093e-07 0.0045239003 2.7693156e-08 4.6812335e-08 1.1535305e-07 3.848949e-06 1.3158012e-07 8.268241e-06 1.1159251e-08 2.5585274e-08 4.450335e-07 4.4565396e-09 5.019509e-07 2.8079499e-09 1.5068158e-06 2.1630593e-09 1.1252546e-08
0.95073044 0.00044717366 0.00017892329 0.01869522 0.00052024797 7.572485e-05 0.6466569 0.0001264825 4.339458e-06 8.159725e-06 0.0013464774 3.5971887e-05 0.27402678 7.493032e-07 0.0001152845 0.6146427 0.7579278 0.17026977 2.732196e-08 0.0008863958 0.93907493 4.891514e-07 1.2933532e-06 8.633952e-06 4.638934e-08 6.4706446e-14 0.01589243 0.11945945 0.0017036091 0.29527217 0.99329436 0.023055604 0.75109214 0.49878606 7.483949e-05 0.8467896 0.6906188 1.51439435e-05 0.43862745 0.1717966 7.151026e-07 4.7947765e-07 0.004474168 7.0778987e-07 2.2276144e-07 2.0840612e-06 0.0056474404 0.22306702 0.30058002 7.6110297e-07 0.0047444217 2.8763006e-08 0.00042625624 0.08010501 1.8767189e-06 0.00030094574 0.05560112 0.0009644271 0.17947824 6.373482e-08 1.2787643e-06 5.750103e-08 2.519843e-05 6.243082e-08 3.8821545e-07 5.5301655e-07 8.979341e-07 2.8698169e-05 0.029083557 2.5493076e-05 0.0061721653 2.4312307e-05 3.148512e-07 0.00068700576 6.162962e-06 8.38521e-06 8.797913e-06 1.3214968e-05 5.819434e-07 0.043957934 2.2353503e-05 1.4212884e-05 1.0146293e-06 1.7466472e-06 4.022792e-06 1.5294053e-06 6.689484e-07 5.7489897e-06 0.04717475 0.0003231193 1.39575e-06 4.695987e-09 0.00047312936 4.4935237e-07 9.5131436e-05 0.0001118382 1.3669419e-06 3.0003758e-08 3.7942138e-07 0.02346281 4.7973975e-07
0.9598077 0.007940252 0.0001945347 0.17191358 0.0016867847 0.00032220848 0.8072806 0.009308912 1.1748694e-05 0.00021161034 0.38899475 8.772857e-05 0.04618075 2.8207137e-06 0.00869765 0.9493392 0.33270514 0.019143526 1.0021465e-05 0.0036876511 0.033514705 9.232937e-06 0.00014325457 5.9892973e-06 8.0541305e-08 0.01589243 3.458575e-14 0.88866615 0.8202148 0.016155936 0.017195141 0.9969789 0.0016645681 0.09747005 0.023427134 0.0027467823 0.010800334 9.373756e-06 0.0002352055 0.088226125 7.1419885e-07 2.5606084e-07 0.0005776287 4.9101527e-07 1.0967253e-06 5.747463e-07 0.0013572884 0.0060736993 0.00027890297 7.5545554e-06 4.8755905e-05 1.7351574e-07 0.00019433054 0.5591445 1.1711129e-05 0.00017701914 0.056642804 0.00017040625 0.0012239462 1.6709251e-07 6.452828e-07 1.7931214e-07 1.0815932e-05 5.1361025e-07 1.5176566e-06 1.3355161e-06 3.6505812e-06 8.268078e-07 0.0534508 2.6610135e-06 7.7750716e-05 2.8014344e-07 3.5706145e-07 0.18723162 1.9000113e-06 2.5288466e-07 3.6172046e-06 1.3640705e-06 1.6805466e-06 0.4638049 9.808714e-07 6.9901143e-06 3.9001116e-05 8.940249e-07 5.6055305e-06 2.1842482e-06 8.744478e-08 1.1213103e-06 0.24864797 0.053354084 1.6714536e-06 2.6819086e-07 1.5862439e-05 9.96544e-07 4.4592394e-05 3.1468255e-05 3.5251207e-07 1.5142389e-08 4.7476007e-07 0.0063136034 1.0459798e-06
0.93249136 0.0009477236 0.00019943496 0.018030882 0.0006740659 0.00017035475 0.4491467 0.00089263846 2.0379239e-05 0.000115459996 0.0056124823 6.5796536e-05 0.019491974 1.08404265e-05 0.0009191904 0.97219914 0.21075472 0.013960912 5.573037e-06 0.0009189397 0.08868319 1.70492e-05 0.0001600495 2.6180514e-05 3.5098907e-07 0.11945945 0.88866615 3.083694e-13 0.10470981 0.014651742 0.31616783 0.9524397 0.014500412 0.9638238 0.00089823996 0.019129438 0.55516714 4.9153277e-06 0.0023780346 0.8359283 6.5656303e-07 1.9364547e-06 0.0007556898 1.7102792e-07 1.2420968e-07 5.351087e-07 0.0010643076 0.1604402 0.005188525 1.6059716e-06 0.00026180278 1.1447742e-07 0.0004772039 0.8338251 2.5775484e-05 0.00015428873 0.12012554 0.0005082321 0.04124471 1.3181963e-07 1.4048336e-06 6.162019e-07 6.821625e-05 3.0919017e-07 1.8163886e-06 7.517833e-07 1.9336563e-05 1.8237777e-06 0.12266633 3.4115476e-06 0.00033965817 1.5189156e-05 4.6682426e-06 0.07027029 3.4339037e-06 3.9320857e-06 3.1024747e-06 7.775224e-06 8.7505105e-06 0.4841813 4.875534e-07 1.4929759e-05 4.275784e-06 1.8566278e-06 1.5439804e-05 5.114543e-05 1.14229215e-05 3.2259957e-06 0.331616 0.003174334 9.524254e-07 5.3215068e-08 0.00018766455 5.756613e-07 9.414039e-05 4.3198055e-05 9.199314e-07 8.3999446e-08 7.7393173e-07 0.020027183 8.7027024e-07
0.9590003 0.017397093 0.0015148688 0.32834226 0.008712366 0.0009500438 0.76773864 0.14752375 0.00018459921 0.0054817763 0.92952657 0.00019430592 0.095096774 0.0001144215 0.39061633 0.44976264 0.5476481 0.024431065 0.001656326 0.0072873263 0.010174443 0.0003800443 0.013384535 1.0235039e-05 2.987886e-06 0.0017036091 0.8202148 0.10470981 2.5811835e-11 0.017291067 0.001913182 0.9315938 0.0011448618 0.0040273755 0.62723935 0.0010305068 0.00049489754 7.926894e-05 0.00011050827 0.004260805 2.1420217e-06 5.117019e-06 0.00032542757 3.8019202e-06 1.3215075e-06 3.6824264e-07 0.0006435755 0.00069688546 0.00019590628 7.700221e-06 3.0624942e-05 5.079992e-06 5.599977e-05 0.036813978 0.0003060653 3.6764653e-05 0.001963788 0.00011809224 0.00042304542 1.7242086e-06 2.310409e-05 1.421497e-07 8.350742e-06 5.403541e-06 3.9074025e-06 1.0845825e-05 2.054162e-05 8.601403e-07 0.009255485 4.8859306e-06 3.2640055e-05 2.0756326e-05 4.974504e-05 0.75451624 2.171219e-05 1.7854419e-06 3.2240762e-06 1.275816e-05 1.8612984e-05 0.79907817 3.0637223e-06 2.927837e-05 9.606849e-05 1.5846994e-06 4.4759752e-05 4.2044212e-05 3.23816e-07 1.2787565e-05 0.07578689 0.9747557 2.9274586e-06 6.226963e-06 4.259466e-05 5.952631e-06 5.264209e-05 8.6517524e-05 3.1982069e-07 4.1974135e-07 0.0003599807 0.005358488 3.6221932e-06
0.99999225 0.0128798485 0.0076930984 0.09121875 0.062425993 0.03712179 0.10870892 0.01252181 0.0011554222 0.0016374828 0.018175533 0.06863219 0.57821345 0.007787209 0.00282363 0.0535361 0.9427479 0.9655308 0.00015765594 0.15730327 0.83928734 3.0376359e-05 0.000543231 0.0022958817 0.00022202815 0.29527217 0.016155936 0.014651742 0.017291067 2.9984387e-10 0.03045526 0.008504986 0.31797844 0.035772063 0.00043993682 0.023249902 0.039384484 0.115264446 0.04459292 0.012394961 0.0054950425 0.000946436 0.3342968 0.13193293 0.030157367 0.0059026647 0.1741115 0.014528111 0.014373498 0.0014706225 0.1114469 7.580577e-05 0.1811324 0.008281428 0.00031936917 0.014314889 0.00516861 0.8484814 0.006945726 0.00043512665 0.10757684 3.2566208e-05 0.039672337 1.7432816e-05 8.965073e-06 0.026272226 0.011412555 0.013213981 0.0011749713 0.006742456 0.00360126 0.60650575 0.13159014 0.0010856165 0.0040356554 0.0011285197 0.007299398 0.30352807 0.0010317876 0.002823719 0.0022173794 0.068605796 0.0004744451 0.30273962 0.06448264 2.399835e-05 0.21271515 0.0008297298 0.000558344 0.0021600965 0.00038936228 7.134925e-08 0.12531057 0.00020031005 0.00026665544 0.16898476 0.26665112 0.00010811566 0.00019357663 0.0005030469 3.498709e-05
