7.217448e-15 0.24130155 0.6081898 0.077314235 0.10528678 0.73277944 0.9755149 0.31566262 0.67715555 0.8798009 0.9877239 0.86232674 0.59489346 0.002644088 0.21456052 0.6401624 0.032212384 0.4324687 0.62939286 0.08431753 0.9885169 0.9611957 0.78810173 0.988192 0.8371093 0.94699883 0.88101906 0.9771359 0.72954136 0.46181795 0.9618978 0.9829317 0.9823929 0.8940051 0.887638 0.016938414 0.94840837 0.92367876 0.83697283 0.85474825 0.60646486 0.9444501 0.9483041 0.23796338 0.9933116 0.9438201 0.9415884 0.8773679 0.9719606 0.9917004 0.9438414 0.72511524 0.9974327 0.9415692 0.97827214 0.8277248 0.99483734 0.87869954 0.89261633 0.9979513 0.89622134 0.89059514 0.83415085 0.7702615 0.7848284 0.9916164 0.80821794 0.93773127 0.49922132 0.8442186 0.3221745 0.64301676 0.08003729 0.026273431 0.0010682932 0.9893671 0.61017483 0.9798718 0.9857618 0.0094179865 0.62581724 6.694925e-06 0.0001438516 0.86023414 0.5101093 0.43190068 0.92054045 0.948951 0.25892305 0.0074542346 0.9954342 0.999999 0.6638064 0.11429336 0.99227625 0.40323037 0.50528854 0.019049374 0.01956895 0.04575567 0.3995577
0.24130155 9.047016e-14 0.9815139 0.99964464 0.96808076 0.8223372 0.0051718424 0.5884771 0.30717716 0.050536264 0.27247635 0.0034783685 0.0015062368 0.08777497 0.00031114407 0.00018854842 6.193888e-05 7.950861e-06 3.2601058e-06 6.118834e-06 0.007736352 0.00021804438 4.4013615e-07 8.856948e-05 0.00043832592 8.462355e-06 0.0016812535 0.0007454547 1.2354505e-05 1.5161595e-06 4.175437e-06 0.00016133726 0.0007942066 0.0001152491 2.0910452e-06 1.3681033e-07 8.304562e-06 1.07014195e-07 4.8359278e-05 4.4403252e-05 0.0002222184 2.2407714e-05 1.5523872e-05 0.0010098123 0.007708816 1.0105951e-05 1.7406136e-07 8.928172e-06 0.00044993107 8.745325e-05 2.54411e-05 1.1127286e-06 0.00052186224 8.8448305e-06 9.495876e-05 2.3791366e-05 0.00075180596 3.986497e-05 7.727083e-05 0.00017606233 5.0646436e-06 4.282924e-05 2.7083809e-06 9.467713e-06 7.4075723e-07 0.0001277588 4.3258888e-06 5.525126e-07 1.6995997e-07 2.448221e-06 2.2752934e-06 6.722141e-08 5.98401e-08 8.379231e-06 3.5242803e-07 0.00019644227 2.3685823e-07 1.8106683e-05 1.07469305e-07 4.3268905e-08 3.3032757e-06 4.71583e-10 1.8305105e-08 1.562885e-07 3.3982762e-06 1.5310148e-06 0.00012396563 1.18344615e-05 2.005681e-08 7.471978e-08 9.4879515e-06 0.0018823545 1.2892647e-06 4.0506484e-06 5.314607e-07 1.7966108e-06 2.1159096e-06 6.9208963e-06 3.4421987e-08 2.192864e-06 1.340655e-06
0.6081898 0.9815139 8.690939e-15 0.98731196 0.23790038 0.4799393 0.9978163 0.05609161 0.08198508 0.007171772 0.116108745 0.00082189526 0.00015942112 0.012090161 4.8983296e-05 4.118824e-05 3.344205e-05 1.1719503e-06 6.4901786e-07 1.604453e-06 0.016769726 9.5122e-05 1.3141998e-07 0.001544663 0.0045070304 1.5440089e-06 0.016786503 0.020304678 9.249558e-06 9.2549016e-07 1.922163e-07 0.0028232005 0.0022435654 0.0009749247 4.1245997e-08 8.902723e-08 6.2699775e-07 2.8582463e-09 4.1491276e-06 4.9667105e-05 0.0017042056 2.3342204e-06 2.5341435e-05 0.002197364 0.041199453 1.0130316e-05 2.446291e-06 3.1026168e-06 0.0016938783 0.00018200178 2.8678822e-05 1.3029725e-08 0.001033829 2.4952335e-05 0.0001746194 4.2781026e-05 0.004030219 1.29261025e-05 3.7263566e-05 0.00018020127 4.8500397e-06 2.7587654e-05 5.199144e-07 8.635043e-05 5.975091e-08 9.758377e-05 3.159467e-07 6.3393135e-09 4.2860925e-06 1.5335223e-06 1.611892e-07 1.2109747e-07 6.148766e-08 2.5435546e-07 7.363968e-08 0.00022728126 1.0792219e-08 7.0783417e-06 2.2354226e-07 5.407553e-09 3.72515e-08 2.0228454e-09 1.28774325e-08 6.013154e-07 5.0005617e-08 4.928548e-07 0.00010068909 1.2644637e-05 5.088324e-09 2.6594227e-08 1.8288418e-05 0.0028418817 4.1442477e-06 5.225064e-06 4.0452242e-08 2.2839599e-07 1.314043e-07 5.586907e-07 2.007073e-09 4.205028e-08 1.6301562e-06
0.077314235 0.99964464 0.98731196 2.2065505e-13 0.5875531 0.27760985 0.0015078732 0.22097519 0.114741236 0.019586252 0.069809765 0.0022702077 0.00077532587 0.961149 0.00051560876 0.0003229631 0.0019280945 1.6021328e-05 1.252099e-05 7.534359e-06 0.005323241 0.00040389432 2.9895564e-06 1.3748943e-05 1.672215e-05 1.2339926e-05 0.000121142126 5.5788198e-05 2.9925015e-05 1.1142105e-05 3.2200937e-06 9.960741e-06 0.00078797265 6.461474e-05 4.4214435e-06 4.3464947e-06 9.190804e-06 4.2215203e-07 1.27853455e-05 3.9586116e-06 0.0001410616 6.6491443e-06 5.546809e-05 0.0002894785 0.0010500372 2.048776e-05 6.6693715e-08 3.121284e-06 4.62798e-06 8.894077e-06 1.1604693e-06 1.6489521e-06 9.996718e-05 8.341887e-07 2.2139182e-05 2.5979289e-06 6.72226e-05 2.1305608e-05 1.801755e-06 5.584348e-06 9.7137945e-06 1.7432191e-06 1.8537635e-06 7.034459e-06 0.000114361384 1.9222725e-06 1.4335632e-05 4.1252733e-06 1.0012652e-06 4.876704e-06 5.7061666e-06 1.5777475e-06 8.6885296e-07 8.390258e-06 2.6939192e-06 4.7051995e-05 2.4313638e-06 5.6814895e-07 1.4355632e-07 6.891127e-08 1.5964893e-05 4.8058574e-08 2.123542e-07 5.5089076e-06 7.241502e-06 1.9581082e-06 0.00022088853 4.8996258e-06 1.6775394e-08 3.579725e-07 4.137708e-06 0.00034489634 6.2871084e-07 8.156714e-06 3.168545e-08 2.6484423e-07 2.2471497e-06 3.3235278e-06 6.952239e-08 1.6384433e-06 3.5547766e-06
0.10528678 0.96808076 0.23790038 0.5875531 2.6109795e-13 0.97848266 0.017894018 0.99732125 0.89076555 0.45297712 0.44903743 0.02002036 0.019691285 0.85413057 0.109548524 0.0007657495 0.062690325 0.00031998166 2.8330574e-05 9.681771e-05 0.041875944 0.000721649 2.0808995e-06 0.000104384446 0.00029246765 5.701553e-06 0.0018588533 0.00012676313 1.582702e-05 1.3205424e-06 6.2198615e-07 3.0091715e-05 0.0034106532 0.000204232 3.7376726e-06 5.700534e-07 2.2817928e-06 2.8384522e-07 6.385894e-06 4.355131e-05 0.0002549134 4.064201e-07 4.5401075e-06 0.00012764505 0.0061748493 3.3565077e-06 2.8780335e-07 1.543066e-07 0.00010517736 2.3571326e-07 5.2015125e-06 8.324761e-07 0.0007099404 7.512032e-08 3.8497765e-05 2.2800657e-06 0.00044259665 6.140982e-05 2.352316e-05 5.1875006e-05 2.1953132e-07 1.7513677e-06 7.8790947e-07 3.2956107e-06 6.9995497e-07 3.4757384e-05 8.2256173e-07 4.0268506e-07 9.0391575e-07 9.221915e-07 1.3487933e-06 4.5447578e-07 1.9173281e-07 3.8908274e-07 7.1960136e-09 7.893551e-05 4.436907e-08 1.7226045e-06 3.5671345e-08 1.6601654e-09 9.515697e-08 2.868463e-10 7.502778e-09 5.51066e-07 1.7775764e-07 6.5732615e-07 5.2603127e-06 3.4294898e-09 2.584153e-08 3.620725e-08 3.1221084e-06 0.00061640446 4.5117264e-07 5.3973856e-08 3.2067753e-08 4.4679784e-09 4.4600707e-08 1.7709165e-07 4.4116163e-08 1.0278134e-07 4.3582574e-08
0.73277944 0.8223372 0.4799393 0.27760985 0.97848266 4.630648e-13 0.13029656 0.94385934 0.99102354 0.6933715 0.9668693 0.024764437 0.0056994148 0.107915625 0.010662887 0.00022587157 0.00034837428 3.237595e-05 1.9493343e-06 5.962756e-06 0.32817048 0.0004760534 4.9428286e-07 0.0023536268 0.006324056 1.3283408e-06 0.015113566 0.021198759 3.62039e-06 2.5831193e-07 9.430487e-08 0.0025921394 0.06342179 0.0012457911 4.6331888e-07 2.3560597e-08 6.212196e-07 3.3942534e-08 6.408274e-05 0.00039472932 0.0041974722 1.2858197e-07 1.2252949e-05 0.0047543887 0.30762073 4.3606462e-05 2.1797607e-05 7.2135656e-08 0.005176016 8.6415515e-05 0.00027508114 4.145016e-07 0.020133585 1.14382265e-05 0.0016858367 7.152466e-05 0.013011417 0.00012386187 0.0005956365 0.0011074396 1.9414383e-06 0.00017161996 1.3689855e-07 9.180387e-06 3.306309e-07 0.00040921767 1.686199e-06 9.448274e-08 3.236868e-06 2.3021348e-05 6.459344e-08 1.9934234e-08 2.6597778e-08 9.126575e-09 4.5382174e-09 0.0005802964 3.75241e-09 0.00015637297 7.689393e-07 2.8819977e-10 7.329581e-08 4.054766e-11 2.350403e-09 1.9856971e-08 5.2860198e-08 2.7925826e-06 2.846615e-05 1.9142785e-09 7.405417e-09 8.900427e-09 2.0164454e-05 0.0046287114 1.6558732e-06 4.786397e-07 2.7014753e-06 5.0127465e-08 6.073215e-08 1.5194733e-07 3.137308e-09 3.2591376e-07 9.094657e-08
0.9755149 0.0051718424 0.9978163 0.0015078732 0.017894018 0.13029656 2.8996349e-11 0.0028754345 0.00992188 0.0028841568 0.046376243 0.00084519724 0.00036999802 0.0003560363 0.00019724199 8.78793e-05 4.6826917e-05 3.0259895e-05 1.2217396e-05 1.8641318e-05 0.018041503 6.420276e-05 9.524249e-08 0.828902 0.7314351 1.5910593e-06 0.889956 0.7717528 0.00013710182 3.0144463e-06 1.751507e-07 0.36371395 0.020278051 0.2747477 2.508413e-07 3.8762373e-06 3.6943704e-06 1.2144443e-07 0.000112782676 0.27657852 0.120945714 1.94976e-06 9.399085e-05 0.4835083 0.604547 6.04068e-05 0.013082814 4.9709256e-06 0.28049123 0.13855535 0.053156402 3.8227306e-08 0.009006637 0.02750421 0.0007512409 0.011464394 0.16769452 0.00011339234 0.020188488 0.08549724 3.0295034e-05 0.02691616 1.4805157e-07 0.027631633 1.08026e-06 0.0159646 3.8416787e-05 4.1809895e-07 0.0021860008 0.002102409 1.254118e-06 3.1293235e-09 3.5143707e-08 9.225825e-06 2.235669e-06 0.0017863932 6.392642e-07 0.0055396324 0.0019066022 2.1289947e-05 1.2027501e-05 4.2746766e-09 1.4755647e-06 7.1652426e-06 1.47904675e-05 0.0020381622 0.0008542492 6.2247896e-06 4.0523693e-07 2.6950063e-06 0.0018145588 0.06639919 0.0011405669 0.00019184027 0.00035885882 0.00025505736 0.00020660237 4.124512e-05 1.6945252e-08 1.1168478e-05 0.00021277291
0.31566262 0.5884771 0.05609161 0.22097519 0.99732125 0.94385934 0.0028754345 3.5335415e-11 0.9749386 0.9089011 0.61581683 0.23333888 0.33895364 0.87575686 0.5036123 0.02371689 0.1161713 0.011924319 0.002171932 0.0014801637 0.1185615 0.0064356974 5.483724e-05 2.7562564e-05 8.2403e-05 5.8577432e-05 0.00022478358 2.9821998e-05 0.00059195113 1.4949978e-05 1.0136452e-05 9.702888e-06 0.0097705815 4.5696175e-05 3.281052e-05 1.4035529e-05 6.225686e-06 2.3411228e-06 8.0840706e-05 1.5451631e-05 2.9103985e-05 2.786852e-06 6.068696e-05 3.913881e-06 0.007312553 1.01238165e-05 1.09125274e-07 2.3537084e-06 5.0100447e-05 1.7509834e-06 3.1386685e-06 8.794499e-06 0.0018966994 9.660314e-08 0.00013901682 3.430987e-06 0.00057633786 7.575612e-05 1.8080005e-05 2.0930813e-05 2.6389687e-06 1.1853703e-06 3.3824705e-05 6.3448697e-06 1.7493711e-06 2.0792779e-05 1.4993733e-06 2.6373434e-06 1.618972e-06 3.4177262e-07 8.235009e-06 2.2075017e-06 1.1180845e-06 2.7373915e-06 7.947763e-07 0.00010328576 1.6823577e-07 1.2125041e-06 8.271352e-09 2.1697005e-08 4.4524575e-07 7.234147e-09 1.3728627e-08 2.1977464e-06 1.5690148e-06 1.9029526e-06 2.0540348e-05 8.455934e-08 1.2554469e-07 5.99141e-08 5.2136256e-06 0.0013590346 8.364308e-08 6.166493e-07 3.0501077e-08 9.667963e-08 2.2354267e-07 1.3529105e-06 1.5663767e-07 2.4033275e-07 4.652578e-07
0.67715555 0.30717716 0.08198508 0.114741236 0.89076555 0.99102354 0.00992188 0.9749386 1.6814809e-10 0.9735005 0.9579678 0.2044742 0.06723434 0.1277722 0.045651473 0.004227081 0.0023496076 0.0006188471 0.00014526397 0.000119236705 0.5071567 0.0049388385 3.516733e-05 0.00034470035 0.0010418202 4.5165823e-05 0.0028337908 0.0015027869 0.00010922279 1.0857737e-05 1.6345524e-06 0.00021977256 0.063426785 0.00011659161 3.8001963e-05 7.9298803e-07 1.3227338e-05 3.9035532e-07 0.00032735744 0.000111003654 0.00040986348 3.744123e-06 9.045143e-05 0.0003749079 0.09883946 6.442977e-05 8.427398e-07 1.9376723e-06 0.0012156816 6.497797e-05 5.302083e-05 2.563932e-05 0.01548529 2.1733874e-06 0.0012698141 3.818816e-05 0.004561315 0.00024333171 0.00035009932 0.00033557622 9.640802e-06 3.865563e-05 2.0764046e-05 1.5164842e-05 7.101263e-06 0.00012283622 1.0730433e-05 1.9319707e-06 2.3686694e-06 5.1495e-06 9.135744e-07 7.5100655e-07 1.2597352e-06 3.4633337e-07 1.4483922e-07 0.00062555005 8.395572e-08 2.9672181e-05 2.025301e-07 5.4697202e-09 1.0107044e-06 1.1694856e-09 2.6308772e-08 4.6012298e-07 3.1337931e-06 2.4209564e-06 8.534386e-05 3.9551756e-07 6.3962545e-08 3.8363513e-07 1.6342245e-05 0.003480351 1.0322077e-06 9.976779e-06 6.243461e-07 1.1864424e-06 4.0104746e-07 3.4207085e-06 9.036938e-08 1.2423901e-06 5.566708e-07
0.8798009 0.050536264 0.007171772 0.019586252 0.45297712 0.6933715 0.0028841568 0.9089011 0.9735005 5.8398536e-11 0.913688 0.9900491 0.62802917 0.10308727 0.189307 0.18145922 0.010615463 0.016506894 0.015024359 0.0013923718 0.9497493 0.17807479 0.0017861804 3.559379e-05 0.00058098364 0.002786306 0.00043329803 0.00085319084 0.0023536007 0.0002469702 0.00017810373 0.00027626607 0.49071395 1.4491729e-05 0.00015271897 1.4757259e-05 0.0002687776 1.0997034e-05 0.0025464818 4.15194e-05 1.3757849e-05 3.2943117e-05 0.0013746656 3.43786e-05 0.31961524 0.001514691 8.265237e-08 5.823749e-05 0.001026245 2.651504e-06 5.2848583e-05 6.5047534e-05 0.08658497 1.3133711e-06 0.0118893385 2.0444802e-05 0.007419528 0.00207419 0.000372287 0.00050061545 6.1168306e-05 6.84724e-05 5.0725153e-05 3.778411e-06 4.2909905e-05 0.00013711867 4.3636417e-05 1.317891e-05 3.0644603e-07 8.3246705e-06 7.51692e-06 1.7787492e-06 9.707641e-07 3.7954695e-07 5.4355206e-07 0.0022097628 1.2106086e-07 6.432227e-05 4.3244484e-08 2.4811913e-08 3.5637447e-06 6.945472e-10 9.424858e-08 3.3733212e-07 7.1726126e-06 3.2810738e-07 0.00036094052 1.6312184e-06 2.3417243e-07 3.7570226e-07 5.243656e-05 0.007398991 1.0212159e-06 1.445715e-05 3.064979e-06 3.025463e-06 1.4879192e-06 3.1378813e-06 2.7195101e-08 4.4733233e-06 1.2345606e-06
0.9877239 0.27247635 0.116108745 0.069809765 0.44903743 0.9668693 0.046376243 0.61581683 0.9579678 0.913688 3.278333e-13 0.5764703 0.22046652 0.022240521 0.04352516 0.021133825 0.0012565916 0.0020013945 0.0022047476 0.00028001593 0.90414935 0.042257365 0.00016688973 0.00050522556 0.005428564 0.0010263751 0.004758158 0.02923698 0.0006135673 2.6896156e-05 3.7605536e-05 0.003132894 0.6680656 0.00012880383 8.0254445e-05 1.5904193e-06 0.00014042444 4.202378e-06 0.0038031319 0.00020883509 0.0009649105 2.2466878e-05 0.0014153518 0.00092935393 0.9159986 0.00072939764 1.2304942e-05 6.0070697e-06 0.057524525 0.00015863655 0.0005807673 1.4803549e-05 0.22254053 5.220195e-05 0.026670612 0.00012861271 0.25779593 0.003870942 0.0018270646 0.008140921 4.0239105e-05 0.000520696 4.1405024e-06 1.9052724e-05 7.876995e-06 0.0012823982 2.0396503e-05 1.7195237e-06 3.306582e-06 6.941027e-05 5.7161037e-07 8.7763635e-07 3.41273e-07 7.155122e-08 9.77909e-08 0.008154495 1.0528217e-07 0.0006033118 2.2339789e-06 6.507681e-09 3.1562884e-06 7.21956e-10 1.1314311e-08 6.096116e-07 4.054018e-06 5.4475754e-07 0.0002478309 4.1470923e-07 2.152771e-08 1.7623628e-07 0.00017621975 0.05559264 1.5900538e-06 5.7135043e-05 1.0295617e-05 3.6389876e-05 1.793348e-06 1.4218258e-06 1.3165341e-09 7.546962e-07 7.683159e-06
0.86232674 0.0034783685 0.00082189526 0.0022702077 0.02002036 0.024764437 0.00084519724 0.23333888 0.2044742 0.9900491 0.5764703 1.836113e-11 0.9935963 0.017396977 0.24135475 0.6446961 0.01187051 0.11521383 0.16198388 0.011744153 0.87960863 0.8046451 0.042049967 6.7763176e-06 0.00017192958 0.011727302 2.9947967e-05 8.757911e-05 0.017559646 0.0042118216 0.0017819541 6.801416e-05 0.5409134 2.053364e-06 0.0011302505 0.00026008495 0.0009793376 7.775421e-05 0.008239381 4.0273558e-06 1.7244979e-06 0.00011637732 0.0026264694 2.7335461e-06 0.09756839 0.0039218864 1.4331522e-08 0.00014452387 0.00058001536 9.866317e-07 8.818881e-06 7.974542e-05 0.09849777 1.3769991e-07 0.018656436 5.7669845e-06 0.0034186803 0.00449478 7.000758e-05 0.00018490668 6.6358254e-05 8.387361e-06 0.0009043682 2.3875068e-06 0.00012213383 3.4276658e-05 4.5613448e-05 3.8141534e-05 6.86988e-08 3.2947246e-06 0.00023866532 5.246009e-06 5.2089085e-06 9.644936e-07 2.6731475e-05 0.002434732 5.921696e-07 1.38123805e-05 7.1895787e-09 3.9061973e-07 2.0180564e-06 5.060064e-09 1.5768066e-07 1.6635944e-06 9.377074e-06 8.593649e-08 0.00012896545 5.667173e-06 5.4839853e-07 9.586577e-07 5.9260412e-05 0.008047484 8.393735e-07 6.612902e-06 9.164759e-07 1.9972026e-06 1.8332012e-06 2.4283745e-06 4.8323106e-08 6.6341386e-06 6.8075923e-07
0.59489346 0.0015062368 0.00015942112 0.00077532587 0.019691285 0.0056994148 0.00036999802 0.33895364 0.06723434 0.62802917 0.22046652 0.9935963 1.6043541e-11 0.40205523 0.9236316 0.992629 0.13342775 0.6308302 0.6578886 0.15620893 0.33811206 0.63103807 0.12638918 5.2516857e-06 0.00021413823 0.008847434 5.8641206e-05 3.0810053e-05 0.056777418 0.0066382503 0.0007577678 4.9704537e-05 0.23021889 1.1578483e-06 0.0011456525 0.00039666935 0.0003341398 3.7046604e-05 0.00053161004 2.4814626e-05 2.4200424e-06 4.817377e-05 0.0005091121 5.569604e-06 0.0069793737 0.0017566821 2.5152845e-08 8.329415e-05 0.00013603331 4.5437872e-07 3.5883297e-06 5.2311138e-05 0.01880855 2.1786331e-08 0.001656228 3.2908245e-06 0.0006338912 0.0005990437 0.0001263459 5.8176312e-05 3.9489383e-05 3.6974686e-06 0.0002065618 4.326268e-06 6.472551e-05 1.611408e-05 1.5702879e-05 7.966617e-06 2.624814e-07 1.0864547e-06 0.00070122647 5.0630642e-06 5.6926974e-06 3.8414278e-06 0.000116774325 0.0002200557 7.057506e-08 6.1654723e-06 9.631571e-09 9.664824e-07 2.5148347e-07 4.39631e-09 1.8084238e-06 1.3893158e-06 2.976998e-06 4.114619e-07 9.801626e-05 6.1013004e-08 4.114111e-08 8.781671e-07 1.4804566e-05 0.0009828341 4.5587095e-07 9.528484e-08 1.2840069e-06 2.3480965e-08 7.156719e-08 2.2991924e-07 4.7201905e-08 2.2047307e-06 2.3294535e-07
0.002644088 0.08777497 0.012090161 0.961149 0.85413057 0.107915625 0.0003560363 0.87575686 0.1277722 0.10308727 0.022240521 0.017396977 0.40205523 2.4249685e-15 0.9468006 0.005001137 0.99997014 0.039956402 0.0010009154 0.11698841 0.0029251785 0.011918857 0.0005533769 5.4379234e-06 5.6536104e-05 0.00044407873 0.0002166618 0.000100896716 0.020786373 0.017744713 0.00014204638 1.6131808e-05 0.0004632617 9.261824e-07 0.0006562345 0.721106 2.2647602e-05 2.390091e-05 0.00014567656 0.00030365714 4.74213e-07 3.887449e-05 4.123942e-05 4.1968212e-07 0.00023342138 4.95451e-05 7.258874e-07 1.443742e-05 1.5153166e-06 7.1425774e-08 4.547337e-07 1.9648338e-05 2.9377914e-05 1.1473707e-06 1.65431e-05 3.7801194e-06 1.4733424e-05 3.2493863e-05 5.6477825e-06 2.2555007e-05 1.0751678e-05 2.1885914e-08 0.00023407767 9.332938e-06 0.00028282427 5.7930965e-06 1.8932386e-05 1.1608252e-05 2.9807422e-06 1.7912711e-08 9.476336e-05 3.2147935e-05 2.9251298e-05 0.000118508666 2.4783241e-05 6.8366526e-06 4.7516412e-05 2.0991503e-07 2.6145392e-08 3.0050276e-07 3.79215e-06 4.27705e-07 2.0551996e-08 2.4274586e-05 1.9047573e-06 1.7985779e-07 0.0002444134 6.673488e-06 2.6241965e-08 4.9749232e-08 2.4045825e-08 7.228996e-05 7.3900026e-07 1.4501433e-07 7.937295e-09 1.2228207e-08 5.1265016e-07 4.6276575e-08 2.9597636e-08 2.9250432e-07 2.8785893e-08
0.21456052 0.00031114407 4.8983296e-05 0.00051560876 0.109548524 0.010662887 0.00019724199 0.5036123 0.045651473 0.189307 0.04352516 0.24135475 0.9236316 0.9468006 4.8169624e-15 0.46149826 0.97946584 0.9620162 0.36402723 0.9757159 0.027377281 0.37613732 0.21890935 4.352403e-07 2.2390934e-06 0.006699889 1.999909e-06 2.611801e-06 0.071104646 0.008408221 0.0006760023 9.0208147e-07 0.0089313835 2.566777e-07 0.006805341 0.007492096 0.00017557993 8.9029156e-05 0.00030765322 6.787296e-07 4.886587e-08 5.486371e-05 0.00015885654 3.1487776e-08 0.0002689009 0.00084473466 8.512097e-09 5.4854836e-06 3.7675047e-06 3.743791e-08 3.5780847e-08 3.782693e-05 0.000643554 3.7201209e-09 0.00010106631 2.9834723e-08 3.2107426e-05 2.7456445e-05 3.0553264e-07 2.453389e-06 7.13497e-07 2.269689e-08 6.157537e-05 7.6227616e-07 6.539973e-05 1.15095375e-07 7.012124e-07 3.4293367e-05 6.562115e-08 3.7217905e-08 0.00026860926 3.613881e-06 1.7566183e-06 2.386754e-05 9.734405e-05 5.8702726e-06 3.765495e-07 5.54616e-08 1.2671599e-08 7.5879035e-07 9.484712e-08 8.115748e-09 3.5320124e-07 2.8599945e-07 1.565824e-07 7.268517e-07 1.9403768e-05 2.3091997e-07 1.058475e-08 3.9241325e-08 1.477801e-06 0.0006939263 2.5873848e-07 5.8619815e-08 1.9447404e-08 1.3206545e-08 7.6703834e-08 1.0917878e-07 1.1342444e-08 7.1143e-07 1.9670948e-07
0.6401624 0.00018854842 4.118824e-05 0.0003229631 0.0007657495 0.00022587157 8.78793e-05 0.02371689 0.004227081 0.18145922 0.021133825 0.6446961 0.992629 0.005001137 0.46149826 1.0880036e-12 0.01601057 0.7129023 0.994375 0.1095433 0.22292751 0.9167998 0.29929075 7.022477e-07 4.0913612e-05 0.05380921 1.3494404e-06 5.3126687e-06 0.052816518 0.006530368 0.015108134 1.1321874e-05 0.18232565 3.287087e-07 0.0063091163 0.00062359223 0.0020718179 0.0011339418 0.0034720185 1.3075909e-06 2.6423734e-08 0.0005836473 0.0015617751 1.848647e-08 0.0049725357 0.003389334 6.494178e-09 0.00050372013 7.3270414e-05 7.726931e-08 8.5959823e-07 0.00032688823 0.022382611 3.3015197e-09 0.004090474 9.609112e-07 0.00036198794 0.001762691 3.539154e-05 5.9698425e-05 6.197008e-05 9.2625567e-07 0.0025399781 8.4724775e-07 0.00022365584 5.6454883e-06 3.660854e-05 3.7244416e-05 2.3388988e-07 3.434383e-07 0.0004867588 6.37114e-05 1.5763286e-05 4.6080822e-06 0.00020566564 0.00059075584 1.9795937e-06 1.0947608e-06 4.8848423e-09 2.4501153e-06 1.2169364e-06 1.3840472e-08 5.030939e-07 3.635756e-06 1.9023429e-06 7.185182e-08 3.0077284e-05 1.4633433e-06 1.6322939e-06 1.4956572e-06 3.421193e-05 0.0026167273 6.4686503e-07 2.3150176e-06 1.4935499e-07 6.353731e-07 5.371954e-07 2.0303842e-06 6.949269e-08 4.152152e-06 1.120757e-07
0.032212384 6.193888e-05 3.344205e-05 0.0019280945 0.062690325 0.00034837428 4.6826917e-05 0.1161713 0.0023496076 0.010615463 0.0012565916 0.01187051 0.13342775 0.99997014 0.97946584 0.01601057 1.1881819e-15 0.15186173 0.017649667 0.87821513 0.0011243161 0.01952625 0.06356295 3.1073145e-07 2.0436273e-06 0.00046258466 1.7615497e-05 3.719699e-07 0.5708669 0.24574286 0.00029618762 1.543802e-07 0.00047909873 7.413996e-07 0.043054167 0.8950062 4.3206626e-05 0.00010901736 1.8880311e-05 1.0902957e-05 4.303737e-08 1.0248966e-05 1.9626392e-05 4.766073e-09 2.1781047e-05 7.657309e-06 6.068757e-08 4.043963e-06 1.8192392e-07 1.180258e-08 4.1488388e-08 5.9226735e-05 3.3830383e-05 2.5422958e-07 8.791606e-06 1.5612865e-07 9.410663e-07 2.24583e-06 2.4689703e-07 3.8021756e-07 1.1513221e-06 6.3030474e-09 0.000575009 1.7408535e-06 1.670922e-05 3.3122012e-07 3.5894027e-07 1.2567485e-06 5.9947197e-06 9.66794e-09 0.00021695664 2.4978308e-05 1.8640572e-05 0.00033657477 0.00014148545 2.5346918e-07 3.8433845e-06 4.929763e-08 1.4030568e-08 0.0001132256 2.0244532e-07 1.6593067e-06 4.1961687e-07 1.8171888e-06 6.620718e-07 2.5373473e-07 1.6932444e-06 5.0370255e-07 1.4027946e-08 7.282174e-08 4.4535675e-08 9.91882e-05 1.6053615e-07 5.742376e-08 1.8536538e-08 9.129425e-10 6.89782e-08 3.3469885e-08 3.4017893e-09 2.5123166e-08 1.01368286e-07
0.4324687 7.950861e-06 1.1719503e-06 1.6021328e-05 0.00031998166 3.237595e-05 3.0259895e-05 0.011924319 0.0006188471 0.016506894 0.0020013945 0.11521383 0.6308302 0.039956402 0.9620162 0.7129023 0.15186173 4.1896424e-11 0.9955943 0.95341223 0.018806102 0.56688136 0.9503759 2.7107685e-06 9.793647e-05 0.030844511 3.7856537e-06 8.385122e-06 0.26699072 0.03321102 0.008286085 5.053354e-06 0.029446032 1.618464e-06 0.014107841 0.003363155 0.0015376002 0.00048559392 0.00046678667 5.737433e-06 2.8649956e-07 0.00051838043 0.0005473403 1.1286772e-07 0.0002479387 0.0011418812 4.6670497e-08 0.00037018297 1.4420825e-05 3.3945544e-06 1.0923675e-06 0.0002944255 0.0033703328 9.101755e-08 0.00031480516 3.7999373e-06 5.72959e-05 0.00013797011 1.8881447e-05 8.241317e-06 4.2423173e-05 1.0991589e-06 0.0008870422 6.2442086e-06 0.00038557735 3.3634483e-06 1.457029e-05 1.0405827e-05 2.6237904e-05 5.1225675e-07 0.0006760823 0.00015726162 3.3467986e-05 2.2799017e-05 0.00082303764 7.527692e-05 1.5403116e-06 2.9274543e-07 1.9403757e-08 1.394971e-05 7.16226e-07 1.3587363e-07 1.3588103e-05 2.1788537e-06 4.2875236e-06 2.8471536e-06 3.242205e-05 1.1986506e-07 4.6254424e-08 1.1676708e-06 2.626911e-06 0.000656074 9.776093e-07 1.4915742e-07 2.9086172e-07 1.5099351e-07 1.7896244e-07 3.6841058e-07 9.746188e-08 1.589173e-06 4.2550442e-07
0.62939286 3.2601058e-06 6.4901786e-07 1.252099e-05 2.8330574e-05 1.9493343e-06 1.2217396e-05 0.002171932 0.00014526397 0.015024359 0.0022047476 0.16198388 0.6578886 0.0010009154 0.36402723 0.994375 0.017649667 0.9955943 1.7153173e-12 0.34279183 0.07085535 0.86212486 0.7444805 2.4597387e-07 2.7912767e-05 0.115189426 1.7755264e-07 8.676259e-07 0.10903996 0.0060417 0.046107203 2.0324514e-06 0.139188 3.6227854e-07 0.025762903 0.0004943181 0.0028977254 0.002469676 0.0016507657 2.1160713e-06 5.952886e-08 0.0014241682 0.0020969915 6.732197e-09 0.0015270144 0.003653164 4.6414296e-08 0.0012064861 6.589427e-06 5.7756147e-08 2.653281e-07 0.00031275416 0.023126129 3.2762641e-09 0.001977958 3.750561e-07 0.00025086227 0.0008913888 8.006124e-06 2.2193615e-05 4.8444028e-05 6.3224695e-07 0.0011990636 1.6290467e-06 0.0001561463 8.412944e-07 1.4694693e-05 2.2507067e-05 4.2269025e-07 1.9625752e-07 0.0006878203 0.00014829032 1.1859758e-05 9.887855e-06 0.00052595447 0.00031052867 7.1911154e-07 5.6876746e-07 6.1343552e-09 7.1020413e-06 4.899427e-07 6.945108e-08 8.849619e-07 4.7008602e-06 1.4134262e-06 9.273322e-07 2.4234409e-05 2.195824e-07 4.8830026e-07 4.1899105e-07 2.7685146e-05 0.0016841085 4.953083e-07 4.825355e-07 5.7190835e-08 3.2104978e-07 9.819237e-08 3.2786681e-07 2.0240352e-08 8.891222e-07 3.2241115e-07
0.08431753 6.118834e-06 1.604453e-06 7.534359e-06 9.681771e-05 5.962756e-06 1.8641318e-05 0.0014801637 0.000119236705 0.0013923718 0.00028001593 0.011744153 0.15620893 0.11698841 0.9757159 0.1095433 0.87821513 0.95341223 0.34279183 2.343233e-12 0.0012890532 0.26626518 0.9934463 1.50192e-05 6.29749e-05 0.019213224 2.1311296e-05 4.337323e-06 0.9251282 0.201243 0.00488677 4.4969984e-06 0.003121775 1.6239093e-06 0.21116047 0.23804335 0.0006486804 0.0019504445 0.00012352908 3.3216627e-05 1.7622747e-06 0.00035069653 0.00023725173 3.6836942e-09 7.613405e-05 0.00025902476 5.427528e-07 0.00028948876 2.5236413e-06 1.5243472e-07 2.1014046e-06 0.00061702664 0.00052763126 3.330306e-07 8.084502e-05 2.7984372e-06 2.4530065e-05 7.1544775e-05 5.6375684e-06 1.4260867e-05 6.0597063e-06 4.8868225e-07 0.0017912596 2.9284176e-05 0.000110915185 4.5715246e-06 4.438596e-06 7.147672e-05 4.3762066e-05 3.9293096e-07 0.0023908883 0.00038630312 9.211569e-05 0.00014265443 0.005660279 2.1907354e-05 1.561603e-06 4.037872e-07 1.2761468e-07 0.00021569694 1.0744477e-06 2.3971895e-06 4.9582013e-05 5.347287e-05 3.971328e-06 4.1523776e-06 5.199516e-05 6.256807e-07 7.7805126e-08 7.9902077e-07 1.2550287e-06 0.00026295532 4.73315e-06 1.6280285e-07 1.9314389e-07 2.112647e-08 1.9331584e-07 5.2818604e-07 1.8804927e-07 5.9336804e-07 2.1198543e-06
0.9885169 0.007736352 0.016769726 0.005323241 0.041875944 0.32817048 0.018041503 0.1185615 0.5071567 0.9497493 0.90414935 0.87960863 0.33811206 0.0029251785 0.027377281 0.22292751 0.0011243161 0.018806102 0.07085535 0.0012890532 6.643635e-12 0.8427584 0.012016461 0.0006638234 0.0010737742 0.18619937 0.0021858562 0.011667147 0.014478628 0.00089630514 0.032794148 0.00075414695 0.9487435 0.00028857333 0.0035567286 3.5984445e-05 0.027848566 0.0016100992 0.1324749 8.024542e-05 0.00075437536 0.0040164883 0.039465453 0.0009222619 0.88786525 0.0038229227 1.5156642e-05 0.0009152589 0.016622435 0.0003805869 0.00010574662 0.000328924 0.50333977 4.069899e-05 0.08357345 3.609656e-05 0.14355515 0.008839098 0.0008895591 0.002595917 0.00051777146 9.286349e-05 0.0004401643 1.3757442e-05 0.00018120719 0.0006254543 7.6869015e-05 0.00013374715 1.863714e-05 3.8133858e-05 7.68935e-05 3.9030583e-05 1.2493247e-05 5.3062486e-06 7.9890805e-07 0.018326811 1.4602493e-05 0.00016119375 2.2788636e-06 9.991095e-07 7.171696e-06 8.1486355e-08 2.2526523e-07 8.359731e-06 1.0679754e-05 3.61015e-06 0.00016775586 3.5015262e-05 1.8898372e-06 1.4252369e-05 0.00010231715 0.07503859 2.1783612e-06 2.5108568e-05 1.40004895e-05 2.6275664e-05 5.303183e-06 3.3127146e-06 3.3004497e-07 4.349148e-06 3.7933078e-06
0.9611957 0.00021804438 9.5122e-05 0.00040389432 0.000721649 0.0004760534 6.420276e-05 0.0064356974 0.0049388385 0.17807479 0.042257365 0.8046451 0.63103807 0.011918857 0.37613732 0.9167998 0.01952625 0.56688136 0.86212486 0.26626518 0.8427584 5.352722e-14 0.8662019 1.5402021e-07 1.2253474e-05 0.9710513 3.378468e-06 2.8373483e-05 0.46537325 0.038161892 0.55992025 5.1463626e-06 0.9064349 3.6058975e-06 0.17756374 0.0023087012 0.2486917 0.33804113 0.45252374 1.137754e-07 2.2863978e-06 0.09187746 0.15424281 1.993085e-06 0.21206787 0.21859342 2.5625604e-09 0.11214824 0.00046265 1.8023005e-07 1.1060695e-06 0.01035417 0.48482206 2.1378062e-09 0.19968712 1.991167e-07 0.009798809 0.085561514 4.4108532e-05 0.0004031691 0.012447931 1.4077144e-06 0.051495362 5.402832e-07 0.0024331734 0.00012412757 0.001327876 0.0021555354 3.9365975e-07 6.3442616e-07 0.008198267 0.002172229 0.00034206762 0.0001638709 0.0006149893 0.026049944 5.4348675e-05 2.1835267e-05 1.2652922e-09 0.00014750766 1.711707e-05 2.1099963e-07 8.647499e-06 8.8293615e-05 1.339572e-05 1.3923718e-08 0.0003435286 1.2368403e-05 1.0890964e-05 0.000112344474 0.000180725 0.030117236 4.6928733e-08 3.5629273e-05 4.9854646e-07 9.7796e-05 9.670887e-06 4.575878e-06 3.829439e-07 3.847028e-05 4.4965614e-06
0.78810173 4.4013615e-07 1.3141998e-07 2.9895564e-06 2.0808995e-06 4.9428286e-07 9.524249e-08 5.483724e-05 3.516733e-05 0.0017861804 0.00016688973 0.042049967 0.12638918 0.0005533769 0.21890935 0.29929075 0.06356295 0.9503759 0.7444805 0.9934463 0.012016461 0.8662019 1.797799e-15 2.4300599e-07 1.5324575e-05 0.5905971 1.6598988e-06 2.5572382e-07 0.96531296 0.27357617 0.37255666 2.6557896e-07 0.08441847 2.10779e-07 0.8695863 0.042850643 0.030090664 0.11660253 0.012175506 2.7258264e-07 8.642153e-09 0.016481182 0.0052350746 3.4819472e-10 0.0006823642 0.01584218 1.3263691e-07 0.018014157 1.0981886e-06 2.1704706e-08 2.3644276e-07 0.019176703 0.021400662 2.4342628e-09 0.0032995308 1.5522969e-07 6.751924e-05 0.0007727212 2.3596149e-06 2.5788504e-06 0.00022145043 7.090672e-08 0.026897173 3.9330064e-07 0.0007532456 2.921193e-07 5.382662e-05 0.0003162272 7.312531e-08 4.6920945e-08 0.010581856 0.0026886181 0.00054887205 0.00041567857 0.020823289 0.00022589805 1.8305658e-05 1.3915708e-07 5.3409863e-09 0.00086440414 3.0743527e-06 1.485591e-06 1.0590936e-05 0.00015572694 7.573629e-06 4.7448938e-07 2.2599403e-05 6.479112e-06 1.1519481e-06 2.7879061e-05 7.946066e-05 0.0038647926 2.8137052e-07 1.3592332e-06 8.42954e-08 1.0377074e-06 3.404236e-07 2.9719615e-07 9.1587175e-08 4.7859344e-06 3.903235e-06
0.988192 8.856948e-05 0.001544663 1.3748943e-05 0.000104384446 0.0023536268 0.828902 2.7562564e-05 0.00034470035 3.559379e-05 0.00050522556 6.7763176e-06 5.2516857e-06 5.4379234e-06 4.352403e-07 7.022477e-07 3.1073145e-07 2.7107685e-06 2.4597387e-07 1.50192e-05 0.0006638234 1.5402021e-07 2.4300599e-07 1.0465041e-09 0.76604426 3.133451e-07 0.99006766 0.7555138 1.3194366e-05 0.0001560433 7.4885556e-08 0.7208983 0.0019933532 0.8197286 2.02545e-05 2.982494e-06 2.3412879e-06 2.3751316e-08 5.5915072e-05 0.5704282 0.18685026 4.311983e-06 2.2728937e-05 0.23459032 0.10797852 1.3130873e-05 0.1567321 1.4105217e-06 0.074391365 0.78015274 0.094795324 3.6787478e-07 0.0033960834 0.2780722 0.0004958755 0.020963533 0.07006545 6.9175876e-05 0.0075803897 0.07022523 1.5250445e-06 0.032277323 1.1803515e-06 0.34635204 7.524145e-07 0.013657185 4.7702274e-06 3.7331253e-07 0.7911447 0.0119856335 2.4987685e-06 8.564655e-08 9.112711e-07 4.3053453e-05 2.0004945e-06 0.00066540355 3.8991556e-07 0.006622379 0.010978929 6.209368e-08 9.3914053e-07 2.5337215e-08 8.525096e-07 8.968661e-07 2.764537e-06 0.04169124 0.00034244737 3.994746e-06 2.308586e-08 4.938873e-06 0.0007546045 0.047096908 0.0052727335 0.00018719054 0.003855244 0.00015787636 8.7417226e-07 2.1353246e-05 2.0574861e-08 1.4571755e-06 0.00022897168
0.8371093 0.00043832592 0.0045070304 1.672215e-05 0.00029246765 0.006324056 0.7314351 8.2403e-05 0.0010418202 0.00058098364 0.005428564 0.00017192958 0.00021413823 5.6536104e-05 2.2390934e-06 4.0913612e-05 2.0436273e-06 9.793647e-05 2.7912767e-05 6.29749e-05 0.0010737742 1.2253474e-05 1.5324575e-05 0.76604426 9.125586e-12 5.412752e-06 0.27267218 0.98715353 0.000130972 1.8818186e-05 3.6380245e-06 0.9489431 0.0031954388 0.36744392 0.0001226447 5.039157e-06 3.4548495e-05 1.3955704e-06 0.00020292617 0.97758025 0.21720186 4.2800143e-06 0.00013783097 0.029546872 0.06526758 1.13194665e-05 0.73442143 3.5122534e-06 0.27483878 0.32322562 0.22937793 7.221116e-06 0.009055445 0.2705359 0.0006350778 0.51813054 0.05525502 0.00016764487 0.02964346 0.06154169 5.6936797e-06 0.017490879 2.0360326e-06 0.036368262 2.2895092e-06 0.012229625 6.766857e-06 1.3131319e-06 0.15225583 0.0065165665 1.9869135e-06 3.539262e-07 4.5143406e-06 2.1270412e-06 3.0845624e-07 0.0005571807 1.4800959e-06 0.005527925 0.04576767 7.738741e-09 4.598898e-06 1.3566012e-09 3.145442e-07 6.9953026e-06 1.7322394e-05 0.0026902969 5.584473e-05 9.022097e-07 2.1493973e-07 3.1736618e-06 2.080724e-05 0.02113758 0.017376209 1.0418448e-05 0.0044449144 1.3494284e-05 6.0632556e-06 7.5890366e-06 2.264973e-06 1.2468399e-06 5.3039466e-06
0.94699883 8.462355e-06 1.5440089e-06 1.2339926e-05 5.701553e-06 1.3283408e-06 1.5910593e-06 5.8577432e-05 4.5165823e-05 0.002786306 0.0010263751 0.011727302 0.008847434 0.00044407873 0.006699889 0.05380921 0.00046258466 0.030844511 0.115189426 0.019213224 0.18619937 0.9710513 0.5905971 3.133451e-07 5.412752e-06 8.049504e-13 7.795546e-06 4.761959e-06 0.32236984 0.02862379 0.9885286 2.676807e-06 0.68309927 5.820053e-06 0.519498 0.002599436 0.4563166 0.6535948 0.6231772 1.3274409e-07 1.0298686e-06 0.26049763 0.1711746 4.9746694e-07 0.05361295 0.37548718 4.336348e-09 0.39080754 0.00024670182 1.7420841e-06 7.8694455e-07 0.057532266 0.30699617 6.5861374e-09 0.12258629 1.849505e-07 0.0019423339 0.059105247 2.5960184e-05 0.000237216 0.018387323 1.7826551e-06 0.35857785 4.3396417e-07 0.007961472 2.6338457e-05 0.0019704897 0.00636615 2.5376136e-07 7.9398995e-07 0.060644776 0.008373472 0.0033062606 0.00081881316 0.00236399 0.020266997 5.795282e-05 6.7104265e-06 1.4295648e-08 0.0004654702 2.8779072e-05 2.0037214e-06 1.2684918e-05 0.00038235605 2.0416219e-05 3.1799452e-08 0.00044437044 2.2730726e-06 1.7885548e-05 0.00012764738 0.00017926504 0.015193953 8.387937e-08 5.195125e-05 6.6375213e-07 3.0984695e-05 1.5438765e-06 1.8547925e-06 1.9249956e-07 1.978817e-05 1.093989e-05
0.88101906 0.0016812535 0.016786503 0.000121142126 0.0018588533 0.015113566 0.889956 0.00022478358 0.0028337908 0.00043329803 0.004758158 2.9947967e-05 5.8641206e-05 0.0002166618 1.999909e-06 1.3494404e-06 1.7615497e-05 3.7856537e-06 1.7755264e-07 2.1311296e-05 0.0021858562 3.378468e-06 1.6598988e-06 0.99006766 0.27267218 7.795546e-06 5.2481327e-13 0.39561668 7.244414e-05 2.655025e-05 3.3682744e-07 0.23141542 0.0022929376 0.98057604 3.1801414e-05 9.2126764e-05 2.04861e-05 2.4977356e-07 6.6067536e-05 0.14143385 0.13680486 8.575214e-06 6.946822e-05 0.90505415 0.0842874 1.7184966e-05 0.031944625 2.0252344e-06 0.029245017 0.6104314 0.008034211 1.1491281e-06 0.00674664 0.06238691 0.0006725444 0.0035852806 0.023395984 4.23295e-05 0.0015483885 0.0040385253 3.0016537e-05 0.0019502866 1.4254291e-06 0.23370808 1.1898008e-08 0.0008701737 1.9827123e-05 1.2725502e-06 0.15185209 0.000616867 1.5810876e-07 8.747042e-09 3.1148372e-06 7.5777903e-06 1.9280465e-06 0.00054385356 4.3788071e-07 0.00065913476 0.0018473386 1.2897762e-08 6.4210167e-07 2.0472641e-09 2.8725339e-08 3.9370855e-07 4.9976916e-06 0.044105396 0.0004996256 1.5383423e-05 4.0274766e-09 6.0845747e-07 0.0004055852 0.02771209 0.0032448748 2.0616551e-05 0.0010906311 5.368008e-06 1.479824e-07 4.436516e-07 2.1684098e-08 9.2268536e-08 0.00015286339
0.9771359 0.0007454547 0.020304678 5.5788198e-05 0.00012676313 0.021198759 0.7717528 2.9821998e-05 0.0015027869 0.00085319084 0.02923698 8.757911e-05 3.0810053e-05 0.000100896716 2.611801e-06 5.3126687e-06 3.719699e-07 8.385122e-06 8.676259e-07 4.337323e-06 0.011667147 2.8373483e-05 2.5572382e-07 0.7555138 0.98715353 4.761959e-06 0.39561668 3.878749e-11 4.4901203e-06 2.1255407e-06 1.7559258e-07 0.9640244 0.045132585 0.58812773 2.5348878e-05 3.453628e-08 2.6258407e-05 1.1031473e-06 0.0008214048 0.368487 0.33872205 2.1426242e-06 0.00057359703 0.14790648 0.71690035 4.382908e-06 0.2828326 2.447538e-07 0.81544524 0.37024814 0.09283344 3.654779e-06 0.07448001 0.16408595 0.005298517 0.026146863 0.47458065 0.00040325406 0.023093343 0.1479607 7.4377317e-06 0.009664903 3.4492817e-07 0.0790888 1.5584282e-06 0.019391663 1.17458485e-05 1.7889341e-06 0.023323568 0.0010782523 4.226592e-07 4.129254e-07 3.8978578e-07 2.0337525e-06 5.0483536e-06 0.0033961688 5.2014773e-08 0.0028986654 0.00039235377 1.9124595e-07 5.776667e-06 5.494966e-08 4.3492577e-07 2.8623109e-07 2.6294576e-06 0.0012824166 0.00016387137 3.3565573e-07 1.2416315e-05 3.8077767e-06 9.866111e-05 0.14600585 0.00024154934 0.00034485158 0.0015933829 3.0637413e-05 1.5640063e-07 2.1005592e-06 1.187883e-07 1.5633441e-07 6.838622e-06
0.72954136 1.2354505e-05 9.249558e-06 2.9925015e-05 1.582702e-05 3.62039e-06 0.00013710182 0.00059195113 0.00010922279 0.0023536007 0.0006135673 0.017559646 0.056777418 0.020786373 0.071104646 0.052816518 0.5708669 0.26699072 0.10903996 0.9251282 0.014478628 0.46537325 0.96531296 1.3194366e-05 0.000130972 0.32236984 7.244414e-05 4.4901203e-06 6.2637607e-13 0.99902284 0.17311543 3.7212783e-05 0.020477122 7.636976e-06 0.9749967 0.047568742 0.022824656 0.06248471 0.005331177 0.00011943757 1.5428132e-05 0.017140694 0.0027517565 1.681494e-06 0.0011747429 0.0063433154 1.2112935e-05 0.015678864 2.4049828e-05 3.00398e-06 6.14068e-06 0.03562238 0.0058253626 5.5433134e-07 0.0033228227 6.462616e-06 0.00020490037 0.00046910104 4.4374533e-06 9.87526e-05 0.0003341009 4.4825066e-07 0.048332933 9.4909465e-06 0.00652167 5.7583045e-05 8.4868e-05 0.0044012982 2.8757511e-05 4.192353e-07 0.0060927337 0.0020867216 0.0026295872 0.0017883382 0.0049843793 0.00043920864 0.0003718275 5.2718783e-06 4.5798348e-07 0.005480002 4.506192e-05 1.289788e-05 0.00017407854 0.0015300678 7.576241e-05 3.1110196e-06 0.0001681353 9.81973e-05 1.7594208e-05 2.266184e-05 2.9145624e-05 0.0016690253 8.5884193e-07 6.448826e-06 1.356968e-06 4.6365017e-06 2.4859628e-05 7.0181486e-06 4.30193e-07 2.8629865e-06 3.1368788e-06
0.46181795 1.5161595e-06 9.2549016e-07 1.1142105e-05 1.3205424e-06 2.5831193e-07 3.0144463e-06 1.4949978e-05 1.0857737e-05 0.0002469702 2.6896156e-05 0.0042118216 0.0066382503 0.017744713 0.008408221 0.006530368 0.24574286 0.03321102 0.0060417 0.201243 0.00089630514 0.038161892 0.27357617 0.0001560433 1.8818186e-05 0.02862379 2.655025e-05 2.1255407e-06 0.99902284 5.526392e-12 0.008132036 1.9813644e-05 0.0021301412 2.6882102e-05 0.294856 0.99952966 0.0009516452 0.001067839 6.0286515e-05 3.517387e-05 3.3143672e-06 0.00089853135 9.918611e-05 2.593494e-07 5.4383727e-05 0.0003052305 1.3833882e-05 0.00026323934 1.4280034e-06 7.3621077e-06 7.4045136e-07 0.0005662506 0.00018473323 2.9109217e-06 4.0932107e-05 4.2169117e-06 2.071642e-05 1.4332583e-05 2.0660473e-06 7.686311e-06 4.4724106e-06 2.876236e-07 0.003311916 1.8965301e-06 0.00011202683 2.8973452e-06 1.7412204e-06 0.00017504809 7.1959353e-06 2.887064e-07 0.00038741642 4.633843e-05 0.00017312575 0.00012585308 0.00033199988 5.8230824e-05 7.084494e-06 3.5381245e-07 6.3247217e-06 9.297205e-05 3.4279876e-06 1.76254e-06 1.5978801e-05 7.046091e-05 3.2383068e-06 7.2122243e-06 0.00012987497 5.5174594e-05 4.729851e-08 2.3126618e-07 8.5647e-07 0.0018624038 1.0747582e-06 1.7524803e-06 2.187741e-07 1.5239519e-07 1.1012752e-06 8.278257e-07 1.642359e-08 9.9453736e-08 6.475205e-07
