5.6041515e-21 0.10520488 0.013634386 0.0033682394 0.032360326 0.14868443 0.81363076 0.15308417 0.005345607 0.68828213 0.91838914 0.42612687 0.63611495 0.6045151 0.4624148 0.0005789388 0.5594956 0.8682571 0.6597467 0.0015896658 0.88679874 0.8388087 0.7959171 0.96737194 0.78509104 0.18955325 0.8844844 0.7616259 0.99648356 0.06450318 0.9952483 0.9160681 0.9267962 0.90246886 0.9889234 0.80633783 0.95021737 0.79160935 0.84405345 0.7570059 0.9944599 0.8348531 0.9422807 0.058119856 0.18816786 0.9047988 0.30544487 0.7096231 0.756108 0.8642892 0.9389745 0.8581678 0.49465498 0.96958244 0.89868623 0.7581384 0.97773296 0.53288704 0.89628917 0.9996302 0.9758782 0.9180467 0.97831714 0.1283135 0.26351848 0.1569793 0.9213759 0.9999644 0.8041901 0.9824163 0.8547844 0.71685684 0.99188393 0.1383566 0.84877753 0.64002377 0.9924883 0.9438164 0.11928371 0.7915673 0.5534168 0.5585952 0.5704256 0.9999962 0.3250119 0.44594976 0.005764365 0.98392296 0.82161045 0.05798976 0.15564539 9.030723e-05 0.8141114 0.47075814 0.9999303 0.13367324 0.6230112 0.9112606 0.2611151 0.92132264 4.4683708e-05
0.10520488 1.0580983e-14 0.63667685 0.99204004 0.037342094 0.79964393 0.58839655 0.2601964 0.0009928988 0.45599815 0.06591642 0.0031333049 0.018482964 0.009013726 0.0003963901 5.6531255e-05 0.0001248544 0.00055154023 8.512301e-05 0.00012021395 0.0013524411 0.00030734355 0.0032982535 0.000712613 3.159619e-06 4.842869e-05 1.97116e-06 1.699442e-06 0.02088226 0.000109154884 0.0010786058 0.0006863058 4.899523e-06 1.0355195e-06 0.00019235139 2.2338468e-06 2.7961617e-06 5.523345e-07 1.1134291e-06 7.5442604e-06 0.0005760092 2.502843e-07 2.6196983e-06 5.790801e-07 0.002018283 3.7480828e-07 4.3267924e-06 4.5828716e-07 9.498579e-08 5.402688e-07 0.00014825909 9.1403415e-08 5.572423e-07 3.2759474e-06 7.08372e-07 8.149481e-05 0.00020596772 1.5527648e-05 3.9707523e-08 1.7720115e-05 4.1258986e-06 7.4415664e-07 0.0002795906 7.12153e-09 1.3459876e-07 1.4545672e-07 9.259682e-08 0.001090078 1.2035916e-08 1.9226691e-07 1.6502561e-08 1.3889164e-05 6.465579e-05 2.4517433e-07 1.3956929e-08 2.0274701e-08 6.732737e-07 1.1126881e-08 7.1818214e-09 4.273341e-08 4.138238e-09 7.999868e-07 7.728914e-06 0.0001953257 3.391487e-06 3.7579382e-06 3.529608e-07 6.4052106e-06 6.721196e-07 3.503592e-06 9.699963e-10 9.644449e-07 7.2094624e-09 2.2358476e-08 0.0003061532 1.3485173e-07 5.5678333e-07 8.18468e-08 1.8542789e-05 0.00011407894 0.00018098766
0.013634386 0.63667685 4.3673912e-17 0.031187205 0.997861 0.05069844 0.082709424 0.0009543649 0.0005190688 0.75841075 0.0016107038 8.154658e-05 0.0004265999 0.5294284 9.710107e-06 2.952848e-06 8.547169e-06 2.165646e-05 6.845826e-06 4.882626e-07 0.0005469356 0.0002516571 0.060950033 0.00058433396 1.8928927e-06 2.0912125e-06 4.9020207e-07 1.0945521e-06 0.047375843 4.0619134e-06 0.00047756807 0.053643245 1.7454458e-05 3.5906235e-06 0.00031681583 5.53565e-06 1.1071928e-05 7.1876184e-07 7.705918e-07 3.634674e-08 0.0061241733 8.190986e-07 2.0777874e-05 1.9342675e-08 0.21914622 1.4832016e-06 2.6639097e-07 7.587617e-08 1.7050694e-07 3.62997e-08 0.0033657316 8.703976e-08 3.1584438e-08 6.714248e-06 1.6136108e-06 0.065266244 0.0050319205 0.0030274023 1.6748483e-07 2.7784516e-05 2.4325085e-05 5.1463826e-06 0.0015827352 1.6466448e-10 1.5584718e-09 5.952403e-10 2.8536122e-06 0.0015972602 3.2542334e-07 6.535052e-07 3.1532662e-07 0.0010479484 0.0040274104 5.2468416e-09 3.8529868e-07 8.567643e-08 6.0239363e-06 1.9951435e-07 2.844751e-10 2.4508574e-07 2.100649e-08 5.063936e-05 0.00028346453 0.00012986246 0.00014579984 0.00024477334 3.2717046e-06 0.00020358326 8.100732e-07 2.9417624e-06 5.5021418e-11 5.2533937e-06 3.291673e-09 8.28027e-09 0.0017005868 2.0863204e-06 2.8871826e-05 8.381607e-07 5.5932513e-05 0.00048392476 0.0033213366
0.0033682394 0.99204004 0.031187205 1.8888528e-14 0.005538151 0.74120456 0.20552054 0.861915 0.17068207 0.025336929 0.046767756 0.04960083 0.30832937 0.00032794176 0.014972559 0.00036302957 0.007657309 0.003321226 0.01318992 0.0024793718 0.0005953721 0.00051038695 9.280373e-05 0.00033886937 3.524694e-05 0.0014757216 0.0002658287 1.4477183e-05 0.00065338094 0.0018971525 0.0003671057 8.9177565e-06 2.497781e-05 4.873387e-05 0.00018317174 2.0253996e-05 3.5052784e-05 7.2383805e-06 1.2438797e-05 0.00040603988 7.733272e-06 3.7606485e-06 0.00015024122 0.000164175 0.0022864395 1.3324789e-05 0.00025811978 1.8589106e-05 9.185892e-07 1.281254e-05 1.035619e-05 1.5894002e-06 3.2795127e-05 4.0214938e-05 2.23967e-06 1.163615e-05 1.0349248e-05 1.0406284e-05 2.3119406e-07 0.00013107885 0.00012073395 2.9570494e-06 5.6463796e-05 1.2318573e-07 1.1212591e-06 4.2433553e-06 4.8268686e-07 0.00054258725 2.559661e-07 2.8079961e-05 3.0615215e-07 1.6111928e-05 0.00021246349 1.0815443e-06 1.5572478e-07 1.238644e-07 0.0001636365 4.3464217e-07 4.61258e-08 6.2110763e-07 9.519655e-08 7.9191905e-06 4.203579e-05 0.000544755 1.6151513e-05 3.304374e-05 1.8832667e-06 4.8436355e-05 5.7083107e-06 5.8946564e-05 2.7165346e-08 1.9858107e-06 2.8642074e-08 7.165092e-06 8.133602e-05 5.6622193e-06 1.3210475e-06 7.472419e-08 4.21978e-06 3.9353443e-05 0.042434677
0.032360326 0.037342094 0.997861 0.005538151 2.6639544e-17 0.022724817 0.01782435 0.0009410189 7.5835924e-05 0.86772084 0.00072243443 7.2441166e-05 3.0992796e-05 0.7451771 4.73984e-06 4.253413e-07 6.1851365e-06 1.7245417e-05 2.5159707e-06 1.471928e-07 0.0039620055 0.0005945599 0.17694364 0.0020085764 1.788721e-06 5.8897785e-07 1.7339696e-07 5.8860275e-07 0.070098735 1.0136603e-06 0.005860213 0.15561119 3.088542e-05 2.4942663e-06 0.0012100368 4.674618e-06 1.0397436e-05 4.0736228e-07 4.1322676e-07 2.4982763e-09 0.009382379 6.173083e-07 1.9038647e-05 1.9700902e-08 0.023504714 1.2162634e-06 1.0167985e-07 4.6856552e-08 3.0115402e-07 1.3684601e-08 0.04850829 7.293809e-08 3.340993e-08 2.8379707e-05 3.7824598e-06 0.0639623 0.007955836 0.003971639 4.5374085e-07 0.00012677837 8.624797e-05 1.6309532e-05 0.0026799429 2.8734903e-10 9.446228e-10 6.931312e-10 2.489777e-06 0.006831782 2.2205066e-07 2.1766357e-06 2.9539984e-07 0.0014111374 0.0067909486 3.893669e-08 7.680174e-07 1.1388777e-07 1.0269366e-05 9.931096e-07 4.5396784e-10 4.054948e-07 2.3788813e-08 0.0001083971 0.0011988211 9.8237295e-05 0.00021911312 0.00023936463 3.6048625e-06 0.00022397598 1.6393905e-06 3.446821e-06 1.43385815e-11 2.3943471e-06 1.464569e-08 2.7332385e-08 0.0027798526 1.0274558e-05 2.9751152e-05 2.054316e-06 0.00015274681 0.0010738203 0.0008232438
0.14868443 0.79964393 0.05069844 0.74120456 0.022724817 4.8648647e-15 0.95623153 0.95467794 0.012847577 0.43041712 0.47380024 0.1986326 0.18684098 0.002779236 0.032546937 0.0002144176 0.0068483735 0.023374686 0.0050128717 0.00043427307 0.038250614 0.006984494 0.0028397602 0.012240307 8.72663e-05 0.00037218517 0.00013840962 7.247434e-05 0.023186944 0.00059605844 0.01766137 0.00029306655 5.021252e-05 1.9989642e-05 0.0036639958 2.6516545e-05 4.0088995e-05 5.4759607e-06 8.05606e-06 0.00012416665 0.00026680628 1.8100372e-06 0.00020257039 4.837623e-06 0.0013854584 2.0188593e-06 1.0272676e-05 1.4042596e-05 8.7373473e-07 6.6633693e-06 6.2114384e-05 4.4983363e-08 6.635196e-06 3.7113474e-05 1.284719e-05 1.5103197e-05 1.0271825e-05 1.2198494e-06 8.045303e-08 0.00030961228 7.681684e-05 8.025663e-06 1.39145e-05 1.0552e-07 2.9584052e-07 1.4922351e-06 3.273994e-07 0.0006376538 3.2706282e-08 1.5386232e-06 1.998216e-08 1.3929383e-05 6.051855e-05 5.0182933e-07 7.5599395e-08 2.7291804e-08 6.787539e-06 1.2365483e-08 4.6221356e-08 3.9116678e-08 3.1748226e-09 1.17182786e-07 1.0439862e-05 0.00013521303 1.0598857e-07 3.8654707e-07 5.0039705e-07 4.337794e-06 4.987952e-07 5.1592156e-07 7.163425e-08 3.862434e-07 1.5035766e-07 2.5651227e-07 0.00033791366 3.6754693e-07 5.952801e-06 1.3248228e-07 2.4405807e-07 0.0002352609 0.00032266695
0.81363076 0.58839655 0.082709424 0.20552054 0.01782435 0.95623153 5.5816546e-17 0.46262053 0.0031698917 0.9207202 0.90392 0.10730267 0.08030631 0.043464188 0.01743482 4.5244626e-05 0.0039924216 0.059811566 0.0014935699 0.00010507559 0.23958933 0.038020466 0.07125915 0.16651602 4.723016e-05 0.00015195903 2.9293644e-05 3.9026007e-05 0.38289964 0.00031523386 0.31800747 0.0114269545 1.3987357e-05 2.6115542e-06 0.042642217 4.584273e-06 1.4495018e-05 1.2880345e-06 1.4855628e-06 7.5596836e-05 0.01640451 3.7397993e-07 0.00032722793 3.6686915e-06 0.00052109634 3.3724302e-07 2.0347892e-05 4.7164062e-06 9.245562e-08 1.4363432e-06 0.001962144 1.9265208e-08 1.6057931e-05 7.610414e-05 1.2987863e-05 4.5575704e-05 3.7794778e-06 2.659385e-06 1.0315543e-08 0.0048190895 0.00030642454 5.8279793e-06 1.2762479e-05 1.1623278e-08 6.786995e-08 7.834273e-07 6.6301666e-08 0.0053435965 2.4046834e-08 9.84302e-07 8.753602e-09 4.9906066e-07 0.000112862515 8.7863754e-08 2.1583993e-08 7.626761e-09 6.496071e-06 1.2106767e-07 7.288455e-08 4.577267e-09 1.6367416e-09 3.3920465e-08 9.890433e-07 0.0009455136 1.6140216e-08 5.968598e-08 1.4270762e-06 2.0707678e-06 2.0044581e-07 2.859333e-06 2.6131932e-08 7.1551875e-07 5.646301e-08 5.5777207e-08 0.001480823 5.738246e-07 1.9418217e-06 8.7564615e-08 6.459314e-06 0.00017382273 0.0001810593
0.15308417 0.2601964 0.0009543649 0.861915 0.0009410189 0.95467794 0.46262053 2.4706386e-14 0.024337832 0.06968462 0.76570237 0.9288254 0.41743615 0.00033143235 0.4600467 0.0008213843 0.0942386 0.25136465 0.043961592 0.00075978896 0.07127405 0.024819436 0.00025134813 0.026060343 0.0011603803 0.0018720044 0.0039366563 0.00079574756 0.004279064 0.0016155927 0.027460765 2.038297e-05 0.0006081715 0.00013808529 0.0077774827 0.00012364435 0.00047926052 4.29819e-05 8.219094e-05 0.0004501459 5.207213e-05 2.5287814e-05 0.0005408692 1.2984703e-05 0.00016695452 2.3453875e-05 9.204728e-05 0.00013853825 1.05830395e-05 4.5126042e-05 1.8943114e-05 2.237098e-06 5.8469715e-05 0.00019394972 3.5331683e-05 4.301756e-06 3.815476e-06 5.82497e-07 3.0422498e-06 0.0005764192 9.0146146e-05 1.4464032e-05 6.169287e-05 2.5111515e-07 1.3521058e-06 3.503779e-06 1.59262e-06 0.00034563962 2.0737924e-07 1.9029108e-06 4.096495e-07 5.3732015e-06 3.971819e-05 3.2095074e-06 6.914039e-07 1.7487763e-07 1.858331e-05 3.387165e-08 3.2089858e-07 4.6434116e-07 5.087337e-08 1.5905671e-07 9.033466e-06 0.0001253574 4.6074536e-08 5.3270696e-07 1.0490767e-06 3.876429e-06 5.817659e-07 2.6922548e-06 8.59016e-08 7.7020536e-07 1.9316546e-07 1.9967236e-05 0.00013267885 1.0937256e-06 2.3383382e-06 3.2028755e-08 4.5881865e-08 5.609154e-05 0.00056132214
0.005345607 0.0009928988 0.0005190688 0.17068207 7.5835924e-05 0.012847577 0.0031698917 0.024337832 1.18116685e-17 0.00038844452 0.0038351393 0.0054877084 0.8460636 3.301572e-06 0.005165198 0.9941985 0.0059984745 0.003634453 0.013249602 0.72983766 0.00023072066 0.00049268187 8.4361227e-07 0.0002658949 9.9779645e-05 0.00074674014 0.0032682153 6.676445e-05 1.5400847e-05 0.0020740852 8.2162725e-05 2.9525424e-07 5.913014e-06 9.221713e-05 6.107807e-05 3.658048e-05 1.5696793e-06 8.542157e-06 1.3826442e-05 0.00097077474 2.8632132e-06 2.5865216e-05 5.2166513e-05 0.0010889833 0.025132552 1.235745e-05 0.00024362197 0.00013745856 6.7499186e-06 5.2524247e-05 2.999167e-05 1.4948203e-06 0.0004217225 1.213987e-05 2.190283e-06 1.2930578e-05 6.868561e-05 1.59923e-06 6.078557e-08 8.888891e-05 2.2466815e-05 2.3207915e-06 0.00024029575 8.1867874e-08 1.894105e-07 9.0205314e-05 2.687626e-07 0.0005644886 6.186045e-08 2.8090121e-06 2.3830128e-07 3.6966103e-05 0.00038898873 5.6939182e-08 1.6135413e-08 4.0026435e-08 2.4468778e-05 1.2314368e-07 8.2700895e-09 2.6685296e-07 3.9581394e-08 4.9879e-05 5.205929e-06 0.00020240797 3.2993275e-06 4.795986e-06 3.1134978e-06 3.2295109e-06 8.7744724e-05 1.7567114e-05 2.8794238e-06 7.9610045e-06 2.529852e-09 1.6991098e-06 7.681434e-05 1.165767e-06 3.2490388e-09 1.2766939e-08 1.4171682e-07 2.8048496e-06 4.659736e-07
0.68828213 0.45599815 0.75841075 0.025336929 0.86772084 0.43041712 0.9207202 0.06968462 0.00038844452 6.24034e-17 0.19746293 0.012071508 0.0075411643 0.96711314 0.00020310913 5.6241674e-07 6.5948305e-05 0.00033245294 0.00038110753 1.3915496e-07 0.046061713 0.0019962506 0.3966977 0.01378948 3.840935e-05 9.177306e-06 5.0594368e-05 6.8153267e-06 0.8600491 4.901467e-06 0.1154114 0.13547723 2.0190835e-05 3.2506398e-06 0.011067438 1.3134805e-05 1.3228346e-05 2.9709033e-06 3.593395e-06 1.9452098e-06 0.055610735 1.0705986e-06 0.00056791684 7.811143e-08 0.0020872918 1.4987128e-06 1.1644914e-06 8.796348e-07 4.919405e-07 2.1886363e-07 0.026777571 1.394971e-07 1.3482082e-06 0.00029084663 7.555478e-06 0.0017784296 5.3107364e-05 4.3984404e-05 1.1491199e-07 0.01129205 0.0012888763 1.7396693e-05 6.677343e-05 1.6331866e-09 8.2757823e-10 2.2943373e-08 1.0837549e-06 0.019762034 2.4316944e-07 6.830644e-06 1.2682025e-07 4.5248173e-05 0.00074285973 1.8489397e-08 8.296245e-07 1.3228647e-07 4.5641777e-05 5.696284e-07 7.529586e-09 1.841655e-07 5.3353283e-08 1.3977934e-06 2.6467482e-05 0.00029789467 5.335606e-07 3.2577095e-06 3.9440472e-08 9.858093e-06 2.8798098e-07 7.5934486e-07 1.4187978e-07 7.906275e-09 1.7205234e-07 9.420649e-07 0.0020972495 2.2598488e-06 7.4333348e-06 2.4691976e-06 2.1357005e-06 0.00022204446 1.2760616e-05
0.91838914 0.06591642 0.0016107038 0.046767756 0.00072243443 0.47380024 0.90392 0.76570237 0.0038351393 0.19746293 5.2944536e-16 0.8388466 0.23648225 0.0020406581 0.41552165 0.00010575146 0.21657388 0.8422858 0.09156955 0.00015385661 0.85223824 0.55823827 0.012506575 0.5466963 0.024115207 0.0042365645 0.0049322704 0.01426422 0.101395816 0.0021282905 0.55635357 0.0012215831 0.004813557 0.00011554624 0.18399958 0.00024332058 0.0028386652 6.69687e-05 0.00010163269 0.0007526729 0.0032729967 9.699982e-06 0.0061198827 1.7093646e-05 0.0001310556 1.2259366e-05 8.084996e-05 8.537544e-05 2.7318158e-06 1.1453268e-05 0.00051336695 3.119033e-07 0.00013955253 0.0030804267 0.00034260645 4.7649078e-06 9.008916e-07 2.4373162e-06 1.7919385e-07 0.012989009 0.003330999 7.186714e-05 5.8854407e-06 6.172655e-08 9.2825945e-07 1.1294767e-06 4.8278315e-07 0.0030143387 4.931155e-08 8.733261e-06 6.471319e-08 6.534473e-07 5.9305858e-05 1.5002414e-06 1.9944018e-07 9.45711e-08 4.876088e-05 1.8211913e-06 2.311372e-07 4.68193e-08 1.9614104e-08 4.1839712e-08 9.416077e-07 0.0013411782 3.8272102e-08 2.3104353e-07 1.8325025e-07 2.6586457e-07 3.057126e-08 2.7020394e-06 6.122074e-08 1.00799326e-07 1.0816891e-07 1.07486116e-07 0.0007698456 2.5697323e-06 2.2090305e-06 1.7247748e-07 3.7175691e-06 0.00011341495 1.844165e-05
0.42612687 0.0031333049 8.154658e-05 0.04960083 7.2441166e-05 0.1986326 0.10730267 0.9288254 0.0054877084 0.012071508 0.8388466 1.3761505e-15 0.29960573 0.00027904822 0.9756057 0.00037466735 0.5051881 0.89280355 0.13575673 0.00053654856 0.30651736 0.24165177 0.00045860658 0.16173553 0.016133357 0.005575288 0.034874514 0.01825484 0.009532275 0.0031197143 0.09564177 4.743727e-05 0.006055019 0.001101697 0.047369212 0.0009762449 0.0035766917 0.00036619257 0.00045259975 0.000703723 9.522248e-05 0.00013338005 0.0031139555 2.466156e-05 4.2914362e-05 0.00016456797 0.00012254533 0.00024092702 5.999304e-05 6.675273e-05 2.8158396e-05 9.477813e-06 0.00012598759 0.0009255294 0.0004948412 3.049657e-06 1.7779028e-06 3.5352843e-07 2.0362909e-06 0.00267235 0.000867647 0.00011364773 3.9762643e-05 2.7016262e-07 8.225178e-07 5.706294e-07 2.7296803e-06 0.000712201 4.932102e-07 9.532393e-06 1.2034344e-06 3.97902e-06 1.4014822e-05 3.3560725e-06 5.182066e-07 3.2201567e-07 5.1583156e-05 5.308209e-07 2.1017843e-07 6.198839e-07 1.17885136e-07 1.1632654e-07 1.2901496e-05 0.0003670648 2.527361e-07 9.087405e-07 5.631081e-07 1.841417e-06 1.0339343e-07 2.1880387e-06 1.3032253e-09 1.598188e-07 2.8388838e-08 1.8689602e-06 0.00012819598 9.576296e-07 5.368768e-07 1.4027892e-08 2.790478e-07 1.840563e-05 0.00010038783
0.63611495 0.018482964 0.0004265999 0.30832937 3.0992796e-05 0.18684098 0.08030631 0.41743615 0.8460636 0.0075411643 0.23648225 0.29960573 2.3801585e-14 0.00023053921 0.4132993 0.5375251 0.6070548 0.51800495 0.9417814 0.82025516 0.15431024 0.23306192 7.030022e-05 0.22298321 0.13588569 0.30157012 0.5254892 0.14512889 0.0018446435 0.591851 0.04574543 3.5421253e-05 0.11886482 0.126244 0.047810126 0.092616476 0.03164115 0.04318238 0.044349175 0.22488819 0.0001270164 0.01665486 0.0027431517 0.39348784 0.012176569 0.050258536 0.05288591 0.015713584 0.0027049996 0.04715809 0.0012461928 0.002804838 0.0702599 0.0023037381 0.00063584687 2.7161524e-05 0.00021068045 1.4020906e-05 0.0005787677 0.0003552677 0.00030806952 0.00023259943 0.00053837476 7.140944e-06 0.00012924704 0.0051970477 0.00038384122 0.0012407076 9.701912e-05 1.1095882e-05 1.5764685e-05 0.00017820533 0.0006521714 1.626348e-05 9.164786e-07 3.05914e-05 1.9964838e-05 2.232818e-06 1.3788392e-06 6.4820047e-06 1.7382506e-06 4.866532e-05 1.0010891e-05 0.010633697 1.4109737e-06 2.3162168e-06 1.442079e-06 0.00013257844 1.2466871e-05 0.00020819397 0.0019374748 5.1598136e-06 1.4560051e-07 0.00022804049 0.00051555247 1.472977e-05 1.876727e-05 1.3817004e-07 4.088938e-07 3.4662386e-05 0.00020008914
0.6045151 0.009013726 0.5294284 0.00032794176 0.7451771 0.002779236 0.043464188 0.00033143235 3.301572e-06 0.96711314 0.0020406581 0.00027904822 0.00023053921 2.8891442e-12 4.417395e-05 2.4878162e-08 1.9941699e-05 0.00010136728 1.9795154e-05 1.9804216e-07 0.0012873947 0.0003564224 0.9841896 0.0009290575 1.0137874e-05 1.3598816e-06 8.799164e-06 1.5493537e-05 0.76522326 1.4199106e-05 0.002258216 0.6301636 3.8105794e-05 9.917368e-06 0.0015414498 5.121449e-05 1.7041348e-05 1.3829964e-05 2.0863494e-05 3.7817924e-06 0.10014802 4.5925035e-06 0.00012092409 2.9769643e-08 0.006979128 5.8742935e-06 1.3540716e-07 1.766435e-05 8.5238355e-07 4.213502e-06 0.017067902 3.346786e-07 4.708357e-06 4.9063707e-05 6.915922e-06 0.0131368125 0.0013883015 0.00051040156 6.3176236e-07 0.0005246813 0.00023294105 2.4315877e-05 0.00011982274 5.7570904e-09 1.8827045e-08 9.5084765e-08 3.061275e-06 0.009425822 5.0744893e-07 8.964202e-06 3.6476806e-07 0.00045245732 0.0008089443 1.4954991e-06 2.8566892e-06 3.2765396e-07 5.551069e-05 3.1362508e-06 2.581135e-07 5.6085065e-07 1.7194128e-07 6.566238e-05 0.00019129147 0.00075147086 2.034056e-05 0.00016531233 1.0793747e-05 0.000237166 3.0295455e-06 9.862841e-06 2.4172123e-06 1.8481007e-06 2.7962963e-07 6.480107e-06 0.0026280952 4.8485254e-05 0.00016893508 7.16776e-07 2.1592961e-05 0.0007362656 0.00015917409
0.4624148 0.0003963901 9.710107e-06 0.014972559 4.73984e-06 0.032546937 0.01743482 0.4600467 0.005165198 0.00020310913 0.41552165 0.9756057 0.4132993 4.417395e-05 1.854174e-15 0.0005551003 0.9744691 0.89956295 0.46024865 0.0010918811 0.17024843 0.21915041 8.800267e-05 0.13250384 0.058621306 0.021745626 0.23701876 0.05823334 0.0016351116 0.008312759 0.07767019 5.9733766e-06 0.018291628 0.005456551 0.055094503 0.0035320194 0.007315392 0.0013824035 0.0018626134 0.0025863945 1.4272146e-05 0.00036663795 0.006455358 9.76861e-05 1.9941031e-05 0.00028046576 0.0003988859 0.0006502437 0.00011068652 0.00020902278 1.0687294e-05 2.0256972e-05 0.00044311295 0.001933949 0.0007734758 1.8890461e-06 9.330788e-07 1.841453e-07 3.264785e-06 0.003693529 0.0009824539 0.00010970163 4.3510503e-05 1.7338698e-06 2.456018e-06 2.2342472e-06 2.677226e-06 0.00041217438 3.6177858e-07 1.3505575e-05 6.123215e-07 6.780591e-06 1.2117407e-05 8.021921e-06 2.6018205e-07 1.16353604e-07 8.328215e-05 3.4131077e-07 3.284085e-07 5.501796e-07 6.853952e-08 2.4285978e-07 9.454603e-06 0.00046196306 9.7689856e-08 5.3485667e-07 2.5619153e-07 1.3091692e-06 1.596162e-07 3.6088766e-06 7.587021e-09 1.01140785e-07 6.4231514e-08 4.0579635e-06 0.00018804078 3.4163315e-07 3.769566e-07 2.5665432e-08 1.8995011e-07 1.1025346e-05 6.0973718e-05
0.0005789388 5.6531255e-05 2.952848e-06 0.00036302957 4.253413e-07 0.0002144176 4.5244626e-05 0.0008213843 0.9941985 5.6241674e-07 0.00010575146 0.00037466735 0.5375251 2.4878162e-08 0.0005551003 4.274718e-20 0.0009292436 0.00025142008 0.005312001 0.9931951 1.448018e-05 8.115448e-05 2.2124215e-07 2.2736613e-05 5.7097837e-05 0.00044149926 0.0012869142 6.921679e-05 3.4942054e-06 0.0009980612 2.8704555e-06 1.2541904e-07 5.1736247e-06 7.450798e-05 1.47438805e-05 4.686793e-05 2.3177195e-06 1.6565977e-05 1.4497699e-05 0.0006614233 6.623351e-07 4.348825e-06 1.3210374e-06 0.00040028556 1.7751609e-05 1.418706e-05 9.485639e-05 4.8715745e-05 8.3015e-07 1.1882049e-05 2.2431577e-05 2.8132506e-06 0.0005349325 4.8065863e-06 1.3099735e-06 1.3044652e-05 6.113868e-05 1.3186309e-06 6.091699e-07 3.6304443e-06 1.5497446e-06 7.672341e-07 3.4116987e-05 3.1181554e-07 5.555729e-07 1.9021878e-05 6.899317e-07 8.3308296e-05 3.4091386e-07 4.6010715e-07 3.0980382e-07 5.166963e-06 5.8164995e-05 8.595179e-07 2.5483144e-08 1.3267905e-07 5.5122396e-06 5.2715407e-08 5.2432732e-08 1.7281073e-07 4.4277684e-08 6.501981e-07 2.1414762e-06 8.274571e-05 3.4048497e-07 3.9360455e-07 3.402615e-08 2.65686e-06 2.5810646e-06 2.6881526e-06 9.123516e-08 6.996816e-08 1.0435501e-09 1.123886e-08 3.5772984e-05 3.4429604e-08 4.440579e-09 6.6193975e-09 1.8919822e-07 4.186432e-07 1.2044253e-08
0.5594956 0.0001248544 8.547169e-06 0.007657309 6.1851365e-06 0.0068483735 0.0039924216 0.0942386 0.0059984745 6.5948305e-05 0.21657388 0.5051881 0.6070548 1.9941699e-05 0.9744691 0.0009292436 8.940856e-16 0.86869985 0.9628998 0.0032381353 0.10735228 0.23887715 1.8775147e-05 0.0920809 0.14526275 0.26200837 0.7867065 0.1958377 0.0003637917 0.0741793 0.040916406 1.8707257e-06 0.06999664 0.061089028 0.0573337 0.022721905 0.0161905 0.010421104 0.010086964 0.021879429 8.08177e-06 0.004571789 0.00890357 0.0011669506 2.2708617e-05 0.0015032578 0.0023304373 0.0033436327 0.0007587289 0.0014138077 5.869903e-06 0.00014905527 0.0018086248 0.0048735477 0.0017878173 8.8522097e-07 3.1049888e-07 1.2090926e-07 9.097842e-06 0.00292877 0.0010127331 0.00023857679 1.9596913e-05 5.575684e-06 1.3297445e-05 5.9304025e-06 3.6990205e-06 0.00023687213 7.2613386e-07 2.2276485e-05 6.4716613e-07 7.939169e-06 3.8015758e-06 1.5835672e-05 2.020553e-07 1.6421437e-07 7.4149015e-05 1.0153494e-06 8.105346e-07 4.040873e-07 9.885158e-08 7.2604976e-08 4.640036e-06 0.0006020439 8.3526544e-08 2.937802e-07 1.528907e-07 4.6515797e-07 1.5366135e-07 6.9045345e-06 5.2814844e-08 2.1220822e-07 1.7607485e-07 1.7087681e-05 0.00030440406 8.66189e-07 6.453936e-07 6.471615e-08 1.1819696e-07 1.45447575e-05 0.0002580543
0.8682571 0.00055154023 2.165646e-05 0.003321226 1.7245417e-05 0.023374686 0.059811566 0.25136465 0.003634453 0.00033245294 0.8422858 0.89280355 0.51800495 0.00010136728 0.89956295 0.00025142008 0.86869985 8.849549e-15 0.602207 0.0008516393 0.75252694 0.90924454 0.00042770707 0.48718143 0.52573085 0.07351362 0.34347034 0.45696932 0.0050847814 0.020023873 0.22640987 6.220751e-05 0.13147676 0.023441311 0.27061638 0.030930134 0.05237945 0.015663141 0.016065609 0.02530129 0.00010174142 0.001621302 0.03060393 0.000714543 2.0053378e-05 0.0009854168 0.0025381125 0.0016739 0.00023223371 0.0005739973 5.0710358e-05 1.5994505e-05 0.0016523052 0.016377077 0.0030089507 1.5113463e-06 5.445145e-07 1.173186e-06 2.5056313e-06 0.017402064 0.0064982185 0.00067790714 8.33065e-06 1.0477215e-05 9.8507535e-06 3.013038e-06 5.9412596e-06 0.0012634724 4.6559515e-07 0.00011516098 1.0276327e-06 6.339408e-06 2.4914098e-05 2.039986e-06 3.6750592e-07 6.368017e-07 0.00030680967 7.0139536e-06 5.1609527e-07 7.3646675e-07 1.9516678e-07 3.6061945e-07 2.2309428e-06 0.0014111723 5.576593e-08 3.6299198e-07 1.1707901e-07 6.171434e-07 1.6465211e-08 2.1830176e-06 9.358829e-08 8.6731845e-08 1.2724973e-07 3.0504845e-07 0.0002757775 1.5570598e-06 5.969467e-07 4.998425e-08 1.7677975e-06 3.810536e-05 2.025392e-05
0.6597467 8.512301e-05 6.845826e-06 0.01318992 2.5159707e-06 0.0050128717 0.0014935699 0.043961592 0.013249602 0.00038110753 0.09156955 0.13575673 0.9417814 1.9795154e-05 0.46024865 0.005312001 0.9628998 0.602207 1.4624802e-13 0.020054877 0.067684114 0.24033377 3.6760778e-06 0.108118474 0.21408255 0.73827076 0.9446732 0.25229672 0.0003236448 0.6379707 0.037897818 1.7436913e-06 0.14139709 0.21553122 0.102496855 0.09545347 0.03733762 0.048074543 0.046716183 0.46665305 5.308875e-06 0.03831509 0.015956463 0.03017138 0.018539434 0.016108666 0.04868454 0.033477295 0.0042917947 0.02030785 7.162906e-06 0.0011950006 0.02377605 0.011355109 0.0067075863 3.0229061e-05 8.305758e-06 5.431176e-06 0.000103656006 0.0021783095 0.0009604572 0.0003782541 2.818771e-05 9.175723e-06 3.344138e-05 0.00019421347 2.4205097e-05 0.00044804622 4.990453e-06 7.3993615e-05 6.0246257e-06 7.589815e-05 1.5205403e-05 1.4807347e-05 4.9952064e-07 3.4298712e-06 6.224935e-05 4.6020964e-06 5.6790356e-07 1.1674113e-06 3.5613508e-07 3.7570712e-06 2.0943353e-05 0.0015911164 1.6106743e-06 2.5686493e-06 1.6439064e-07 6.422934e-07 1.7348175e-06 0.000113808135 2.099801e-05 8.986229e-07 2.1648097e-07 0.00032136668 0.0007804952 2.0211643e-05 2.9082568e-05 7.777826e-08 2.1680472e-07 8.395472e-05 0.002403063
0.0015896658 0.00012021395 4.882626e-07 0.0024793718 1.471928e-07 0.00043427307 0.00010507559 0.00075978896 0.72983766 1.3915496e-07 0.00015385661 0.00053654856 0.82025516 1.9804216e-07 0.0010918811 0.9931951 0.0032381353 0.0008516393 0.020054877 2.1359957e-17 0.00010202649 0.00022489509 5.202864e-07 0.00014353915 0.00038726075 0.009171453 0.009722103 0.000520988 1.7546417e-05 0.08794525 0.00016545349 5.508403e-06 0.00015063991 0.00068337464 0.00020152044 0.0008024438 4.3770204e-05 0.00049164623 0.0005178413 0.0076786443 8.605818e-07 0.0001198089 6.692535e-05 0.552901 0.0021554595 0.00022471906 0.002738388 0.0012613479 2.6777658e-05 0.00023091304 8.430992e-05 3.8987542e-05 0.0038350644 9.161308e-05 1.4223094e-05 2.089841e-06 7.4500305e-05 8.301513e-06 7.157221e-07 0.00030645757 4.46927e-05 4.865263e-06 0.0006052297 2.0447005e-05 1.24132e-05 0.0011338871 5.478875e-06 0.0002273075 7.56375e-07 3.6877843e-06 3.6605345e-06 6.616435e-06 0.00011416111 1.5885388e-07 2.5661723e-07 4.675151e-07 7.611176e-05 4.1805032e-07 1.2778847e-07 1.9931153e-06 3.2645625e-07 1.8223425e-05 2.4186443e-06 0.00026200234 1.503047e-06 1.2248516e-06 4.8102106e-07 1.3849873e-06 1.9044277e-05 2.3026749e-05 3.866813e-05 1.1983827e-06 1.4444386e-09 9.327625e-08 2.1838141e-05 1.2347243e-06 4.3072665e-09 3.7930977e-08 7.925442e-07 3.890178e-07 1.397836e-10
0.88679874 0.0013524411 0.0005469356 0.0005953721 0.0039620055 0.038250614 0.23958933 0.07127405 0.00023072066 0.046061713 0.85223824 0.30651736 0.15431024 0.0012873947 0.17024843 1.448018e-05 0.10735228 0.75252694 0.067684114 0.00010202649 1.1508486e-14 0.8849048 0.0047734245 0.94319785 0.283246 0.010342003 0.031914808 0.16903788 0.036619753 0.00415402 0.75875354 0.0018862135 0.05771156 0.008423145 0.4733135 0.013470671 0.030191565 0.006771648 0.0076841707 0.004665012 0.003725925 0.0015669154 0.02608447 4.5187666e-05 4.7518497e-05 0.00081632094 9.069561e-05 0.00057344226 0.00044105112 0.00031842638 0.000954071 7.37953e-05 0.00023467984 0.0071851965 0.0015858681 5.335408e-05 2.3592582e-05 1.0977462e-05 1.256368e-05 0.023245685 0.0063426374 0.00072968676 4.466394e-05 1.0939061e-06 2.3372532e-07 1.1752942e-05 9.392083e-06 0.008342124 3.9187526e-07 0.00032690165 1.2286912e-06 1.670374e-05 0.00024550414 2.4603503e-06 1.7154942e-06 3.9194515e-07 0.00036356662 5.39425e-05 2.942008e-07 5.154725e-07 3.1078122e-07 7.937552e-07 1.09108205e-05 0.0010596815 8.238736e-07 1.4856777e-06 1.2225047e-06 1.9263998e-06 4.2022616e-08 4.2160042e-07 4.1535196e-07 1.4292779e-07 5.087279e-08 2.6903774e-07 0.0010026747 6.775713e-07 2.4087828e-06 4.396998e-07 2.0968375e-05 6.760881e-05 1.0973432e-05
0.8388087 0.00030734355 0.0002516571 0.00051038695 0.0005945599 0.006984494 0.038020466 0.024819436 0.00049268187 0.0019962506 0.55823827 0.24165177 0.23306192 0.0003564224 0.21915041 8.115448e-05 0.23887715 0.90924454 0.24033377 0.00022489509 0.8849048 1.7068627e-14 0.0009519692 0.79300094 0.8085756 0.033618998 0.20501073 0.7322189 0.0054203956 0.013015842 0.38326153 0.00040882215 0.51433814 0.07168495 0.57626456 0.14095098 0.28594872 0.082235694 0.10451544 0.021486543 0.000579492 0.014945339 0.113393076 0.0002706961 2.102067e-05 0.0049830102 0.0009119185 0.00243343 0.0024231328 0.0012712154 0.0001782327 0.0003034461 0.001920378 0.035141647 0.006843121 1.79568e-05 6.575591e-06 5.0486765e-06 3.7170645e-05 0.03385503 0.011144315 0.0010405213 2.1070608e-05 7.341789e-06 2.9320993e-06 4.26013e-06 2.4162431e-05 0.0021675574 2.890771e-06 0.0004378958 8.145459e-06 1.5743126e-05 3.3454842e-05 3.6513004e-05 5.1888733e-06 3.3089607e-06 0.00043492272 8.721039e-05 1.4505492e-06 4.3228943e-06 1.5299375e-06 5.104154e-07 5.44897e-06 0.000907916 7.185782e-07 2.1559515e-06 2.874229e-07 8.6636413e-07 7.3647406e-08 6.53845e-07 1.6084385e-07 6.8294286e-09 5.2538645e-08 4.0568395e-07 0.0005280531 1.5737593e-06 2.3309306e-06 4.290806e-07 2.7849044e-06 7.0288894e-05 3.381156e-06
0.7959171 0.0032982535 0.060950033 9.280373e-05 0.17694364 0.0028397602 0.07125915 0.00025134813 8.4361227e-07 0.3966977 0.012506575 0.00045860658 7.030022e-05 0.9841896 8.800267e-05 2.2124215e-07 1.8775147e-05 0.00042770707 3.6760778e-06 5.202864e-07 0.0047734245 0.0009519692 7.897152e-14 0.0043836795 9.791172e-05 6.8919064e-07 2.7008082e-06 3.4662316e-05 0.9406884 4.9816293e-07 0.011863141 0.96533555 0.00034657723 5.8954743e-06 0.0034561728 9.411912e-05 0.00021096072 2.1869026e-05 4.2034426e-05 9.473534e-07 0.34491548 1.9522085e-06 0.0005379026 2.9072094e-08 0.0029582249 1.8030132e-06 2.4097994e-07 1.824223e-06 1.770511e-07 1.7450078e-07 0.11406725 7.614395e-08 4.330728e-07 0.00034629425 2.2637238e-05 0.016883733 0.007470796 0.0018835505 4.1131912e-07 0.004470366 0.0006901621 7.8591256e-05 0.0012105067 2.565519e-09 3.1056642e-09 6.102628e-08 4.0736018e-06 0.06651184 4.7919627e-08 2.19307e-05 5.5594876e-07 0.00047329316 0.002319213 3.200182e-08 2.220976e-06 2.9266209e-08 0.00029102282 8.324234e-06 1.6389408e-09 1.07358055e-07 7.554962e-09 5.4524826e-05 0.00021315637 0.00317871 6.238896e-05 8.781764e-05 9.789205e-06 0.0001524242 8.8076595e-06 2.463118e-06 9.1845855e-09 2.3897117e-06 3.950874e-09 7.014174e-08 0.010550758 2.6762302e-06 7.9909325e-05 5.4323355e-06 0.00012066512 0.0006854146 8.065446e-06
0.96737194 0.000712613 0.00058433396 0.00033886937 0.0020085764 0.012240307 0.16651602 0.026060343 0.0002658949 0.01378948 0.5466963 0.16173553 0.22298321 0.0009290575 0.13250384 2.2736613e-05 0.0920809 0.48718143 0.108118474 0.00014353915 0.94319785 0.79300094 0.0043836795 2.9896895e-14 0.26324078 0.014500744 0.0733208 0.17388462 0.0374665 0.0072550443 0.8656395 0.0023040634 0.12012292 0.018915804 0.82856995 0.02833862 0.07305743 0.014728964 0.015563594 0.009816748 0.0035509279 0.0027596839 0.10020343 0.00031070583 9.06855e-05 0.0013856256 0.00042392578 0.0016409869 0.0012334698 0.0010058957 0.0028059655 9.032902e-05 0.0009001064 0.018994655 0.0041650315 0.00012816885 1.230053e-05 2.8245244e-05 4.5988563e-05 0.101440445 0.020582331 0.002973941 4.9479702e-05 2.2563227e-05 2.59111e-06 4.717133e-05 3.2960743e-05 0.016916702 2.8923978e-06 0.0013748406 6.676817e-06 1.1624282e-05 0.000434124 7.783288e-06 1.183673e-05 4.5008082e-06 0.0016215649 0.0004595926 5.533542e-07 2.7414749e-06 1.7185515e-06 2.3711466e-06 1.2899984e-05 0.005834993 9.4681684e-07 2.2815448e-06 1.7923256e-06 1.6926809e-06 4.7623791e-07 6.4519236e-07 7.3247948e-06 1.7124123e-07 7.1565523e-07 2.1129274e-06 0.001552662 3.816586e-06 1.2847693e-05 1.0549767e-05 0.000306393 0.00014005798 3.5503912e-05
0.78509104 3.159619e-06 1.8928927e-06 3.524694e-05 1.788721e-06 8.72663e-05 4.723016e-05 0.0011603803 9.9779645e-05 3.840935e-05 0.024115207 0.016133357 0.13588569 1.0137874e-05 0.058621306 5.7097837e-05 0.14526275 0.52573085 0.21408255 0.00038726075 0.283246 0.8085756 9.791172e-05 0.26324078 7.106328e-18 0.05192434 0.34567416 0.9870625 0.0012998463 0.016939117 0.11877712 1.4273017e-05 0.6320393 0.22321253 0.31376788 0.22071373 0.33297578 0.09178777 0.10178049 0.04088483 5.875983e-05 0.030463625 0.10299754 0.0022146069 2.8908619e-06 0.012511276 0.0050228015 0.0064618657 0.0016913635 0.0024012018 1.2104413e-05 9.286969e-05 0.0038364744 0.04773633 0.019916682 2.2503569e-07 1.2312982e-07 7.037424e-08 3.567526e-06 0.031783957 0.01263182 0.0022675537 1.6505585e-06 2.6579764e-05 8.087946e-06 9.5191745e-06 3.81865e-06 0.0011528466 1.3802254e-07 0.0005103298 4.3260266e-07 3.114717e-07 5.648165e-06 1.8764326e-06 7.7910073e-07 1.4520407e-07 0.00046233265 4.4846573e-05 1.28075e-08 1.7516608e-07 2.0236609e-08 1.6615473e-08 2.0639705e-07 0.0007891741 2.5070555e-08 2.772e-08 1.9898648e-07 6.765372e-08 4.5118163e-09 2.532563e-07 2.8494933e-09 1.2864109e-07 8.1886076e-10 1.0466404e-08 9.889652e-05 1.8185992e-07 1.5278133e-08 1.2069572e-08 1.0069172e-07 8.395852e-06 1.9223164e-06
0.18955325 4.842869e-05 2.0912125e-06 0.0014757216 5.8897785e-07 0.00037218517 0.00015195903 0.0018720044 0.00074674014 9.177306e-06 0.0042365645 0.005575288 0.30157012 1.3598816e-06 0.021745626 0.00044149926 0.26200837 0.07351362 0.73827076 0.009171453 0.010342003 0.033618998 6.8919064e-07 0.014500744 0.05192434 1.4969617e-17 0.73940897 0.10117756 4.689176e-05 0.99072164 0.0060298536 2.2138695e-07 0.053797487 0.26937848 0.024357568 0.08888388 0.012907651 0.04420005 0.03256717 0.3751616 2.9064392e-06 0.06098261 0.0097106 0.10012341 2.2927921e-05 0.012690424 0.0404031 0.14915818 0.031665742 0.034979157 4.8270213e-05 0.0037778115 0.07134518 0.0044694343 0.0034513439 5.5151922e-05 2.069456e-05 2.1672606e-06 0.00065043627 0.0014403171 0.000538441 0.00015746888 4.1512987e-05 0.00017276782 4.933307e-05 0.0016814813 5.573077e-05 0.00042936613 9.323184e-05 6.332703e-05 1.2778775e-05 9.8862e-07 1.9768837e-05 2.3455956e-05 2.0263763e-06 3.2859134e-06 6.247696e-05 3.8429407e-06 2.9361931e-06 2.7008468e-06 2.555488e-07 6.771324e-08 1.91336e-06 0.0010713822 3.7678623e-07 5.7224987e-08 5.8833564e-07 2.2228726e-06 8.273845e-07 3.046419e-06 7.0009116e-07 7.016315e-08 7.463641e-09 5.8737783e-06 0.0003657028 3.2502757e-07 1.0188364e-06 1.5360978e-07 2.781974e-06 8.536693e-06 6.4252374e-05
0.8844844 1.97116e-06 4.9020207e-07 0.0002658287 1.7339696e-07 0.00013840962 2.9293644e-05 0.0039366563 0.0032682153 5.0594368e-05 0.0049322704 0.034874514 0.5254892 8.799164e-06 0.23701876 0.0012869142 0.7867065 0.34347034 0.9446732 0.009722103 0.031914808 0.20501073 2.7008082e-06 0.0733208 0.34567416 0.73940897 1.4507642e-13 0.48247284 0.00019259092 0.5907406 0.03467462 2.5539127e-06 0.33712232 0.90597713 0.13925177 0.3339233 0.09998986 0.2375532 0.20669492 0.8102909 8.277164e-06 0.28808773 0.062603526 0.07167019 0.04988651 0.10335867 0.28519714 0.4645734 0.06531489 0.2850061 2.3537443e-06 0.0141177075 0.3769266 0.08971169 0.038009793 2.500721e-06 1.0830554e-06 9.1159626e-07 0.0009859588 0.023469232 0.011697859 0.0043390323 6.2187733e-06 0.0011639919 0.0011676982 0.0036323012 0.0006369834 0.0004259586 3.1179206e-05 0.0007071288 5.8618283e-05 2.0790936e-05 1.4583592e-05 4.6080317e-05 6.4641213e-06 1.8053628e-05 0.00042926584 3.7367477e-05 9.957193e-07 5.5210517e-06 7.9721156e-07 6.665334e-06 6.8584836e-06 0.003945301 5.389637e-07 1.3256489e-06 5.615603e-07 2.4605495e-06 5.21237e-07 9.741398e-07 7.463613e-05 1.4577779e-07 4.2424017e-07 9.825205e-06 0.0007550336 1.7571091e-06 7.904824e-06 5.320992e-07 1.8012078e-07 0.0002697377 0.0016138918
0.7616259 1.699442e-06 1.0945521e-06 1.4477183e-05 5.8860275e-07 7.247434e-05 3.9026007e-05 0.00079574756 6.676445e-05 6.8153267e-06 0.01426422 0.01825484 0.14512889 1.5493537e-05 0.05823334 6.921679e-05 0.1958377 0.45696932 0.25229672 0.000520988 0.16903788 0.7322189 3.4662316e-05 0.17388462 0.9870625 0.10117756 0.48247284 6.065975e-17 0.00076449336 0.026275435 0.09741882 3.366028e-06 0.69271404 0.52679056 0.29228538 0.3450767 0.33749068 0.15711428 0.18793058 0.06983369 1.2106145e-05 0.09269109 0.13058817 0.0032037494 2.6882938e-06 0.03561422 0.00881087 0.0114930635 0.004430937 0.005870584 2.357984e-06 0.00077275326 0.0111463405 0.08691564 0.04295255 2.1282231e-07 1.4477928e-07 1.7288368e-08 8.265738e-05 0.052701846 0.025207216 0.0044570607 1.1623512e-06 9.471999e-05 9.4763906e-05 5.3570743e-06 4.425964e-05 0.00059429515 6.959241e-07 0.000942326 2.2053425e-06 5.0546623e-07 4.9290393e-06 7.914556e-06 2.294889e-06 3.504322e-07 0.0009893336 6.8387555e-05 4.7963514e-08 6.4135014e-07 4.2246914e-08 1.7227308e-08 1.9465855e-07 0.00093844184 1.4105593e-08 2.6380826e-08 2.4133712e-07 7.3916624e-08 6.3742807e-09 2.8110074e-07 2.1031776e-09 3.762668e-08 7.3286124e-09 2.135985e-08 0.00018052844 1.01297736e-07 1.8553445e-08 9.6874004e-08 2.3031953e-07 4.3918744e-06 7.822109e-06
0.99648356 0.02088226 0.047375843 0.00065338094 0.070098735 0.023186944 0.38289964 0.004279064 1.5400847e-05 0.8600491 0.101395816 0.009532275 0.0018446435 0.76522326 0.0016351116 3.4942054e-06 0.0003637917 0.0050847814 0.0003236448 1.7546417e-05 0.036619753 0.0054203956 0.9406884 0.0374665 0.0012998463 4.689176e-05 0.00019259092 0.00076449336 9.754461e-16 2.1936621e-05 0.1898944 0.14130741 0.0011628636 7.058486e-05 0.031370003 0.0007844969 0.0013642339 0.00042705942 0.00049948454 0.00043460613 0.32239923 3.37551e-05 0.0029774 1.8506518e-05 0.00052306784 4.0945735e-05 2.3952643e-05 4.092095e-05 9.1265576e-07 6.5603954e-06 0.11665157 2.2340598e-06 0.00065041456 0.004267629 0.00030366846 0.0021593748 0.0017861999 0.0008574896 2.368839e-06 0.10527541 0.015947798 0.00085509196 0.00021591988 4.6497883e-07 4.742166e-07 3.669012e-05 5.6577014e-06 0.32832247 8.6787445e-08 0.00021321248 1.1565019e-06 8.533352e-05 0.0035189423 5.86957e-07 5.2298997e-06 4.80224e-07 0.0014115418 0.00013080363 6.363303e-08 9.051735e-07 1.3268051e-06 3.852928e-05 8.4913896e-05 0.05232675 8.12256e-06 1.6150958e-05 2.8115473e-06 7.6925735e-06 6.0530124e-06 1.7344469e-06 5.65751e-05 6.569834e-07 2.6758283e-07 4.1610372e-07 0.014490024 9.4166154e-07 3.3339527e-06 9.757893e-05 0.0005270282 0.00016047148 3.4863403e-06
0.06450318 0.000109154884 4.0619134e-06 0.0018971525 1.0136603e-06 0.00059605844 0.00031523386 0.0016155927 0.0020740852 4.901467e-06 0.0021282905 0.0031197143 0.591851 1.4199106e-05 0.008312759 0.0009980612 0.0741793 0.020023873 0.6379707 0.08794525 0.00415402 0.013015842 4.9816293e-07 0.0072550443 0.016939117 0.99072164 0.5907406 0.026275435 2.1936621e-05 1.2880229e-16 0.0023584114 7.431594e-07 0.02592448 0.12913184 0.0071004676 0.03521269 0.008804314 0.020912822 0.017045893 0.84181714 1.7080877e-06 0.03332151 0.004132302 0.58116895 2.0333908e-05 0.014021261 0.5004773 0.46541542 0.019519007 0.14809383 2.8771608e-05 0.008001468 0.49080542 0.0030160742 0.001800411 4.798235e-05 0.00014723164 1.718854e-05 0.001012134 0.00057378446 0.00013572762 8.700453e-05 0.000100392426 0.0009748174 0.0007180151 0.0057539763 0.00016438102 0.00032364545 0.00079232024 9.8699784e-05 0.0001110995 6.94503e-06 9.481479e-05 0.0002736264 1.6160124e-05 4.436279e-05 0.00029560432 7.864565e-06 2.3313294e-05 1.0843291e-05 6.256917e-06 6.597491e-07 1.9828749e-05 0.00078183727 9.731008e-07 8.636715e-07 1.4456033e-07 1.9507654e-05 9.56815e-06 4.006056e-05 9.023504e-06 1.3579383e-07 7.6394016e-08 7.934102e-05 0.00072395033 2.962239e-07 2.772857e-06 6.0509774e-07 1.1906318e-06 4.495851e-05 4.232417e-05
