2.2348818e-29 0.21055554 0.1615235 0.25617188 0.0024406184 0.26249775 0.20273988 0.0025627685 0.009179767 0.008863252 0.0020345654 0.012351478 0.0060737836 0.2651708 0.5418734 0.025735639 0.22906508 0.001449831 0.7289559 0.0040563587 0.22383611 0.5034657 0.16481595 0.42405343 0.5520162 0.035661332 0.5940119 0.5479228 0.69597167 0.47589156 0.102956794 0.5398527 0.5790167 0.7914659 0.84274447 0.0025023483 0.75247127 0.49236655 0.42278707 0.6851833 0.92878085 0.6288378 0.864964 0.9234847 0.90696275 0.30355793 0.036066536 0.88318604 0.21853402 0.53070986 0.0024090314 0.0057336213 5.5465607e-05 0.8598732 0.85845476 0.69839245 0.9212669 0.8374829 0.04736292 0.5956012 0.9248188 0.011278349 0.0012006535 0.9723915 0.116298534 0.97032183 0.96393985 0.84729284 0.38875064 0.8164261 0.72238815 0.7832394 0.9519044 0.077227786 0.9780662 0.9776283 0.9862466 0.9925708 0.91062164 0.9925597 0.4549988 0.009358568 0.9984807 0.99942863 0.0028855624 0.8257318 0.98346806 0.9998535 0.9999087 0.2937765 0.10109211 0.10281109 0.025303286 0.9606289 0.5669456 0.66205555 0.0041595222 0.7795677 0.9998561 0.92304164 0.983868
0.21055554 3.7408164e-18 0.5193285 0.76221144 0.13964899 0.22948997 0.8303895 0.07854481 0.30999878 0.314705 0.053539734 0.43239313 0.0976661 0.32858422 0.24836531 0.0101785865 0.00481184 0.14914279 0.25123972 0.02131687 0.0060685524 0.009223772 0.0013360189 0.16521025 0.017825175 0.0019408674 0.004682042 0.0726925 0.024995495 0.004383136 0.052091297 0.034860723 0.007353951 0.0022679626 0.0072130957 0.026599877 0.016505208 0.00025565547 0.00018451386 0.0035249582 0.012992571 0.02798355 0.0078356685 0.016081957 0.0028204126 1.5195691e-05 0.0066885347 0.0015176055 9.9299396e-05 0.00028302445 0.00071010494 0.002087884 8.069875e-05 0.0041672685 0.0056996406 0.006574181 0.00074093736 6.86255e-05 0.00029670246 0.0011613573 0.00090702414 6.357362e-05 9.196393e-05 0.0003984162 1.3939989e-05 3.8179416e-05 0.00015361718 0.00011538976 0.00012544064 8.90154e-05 4.2302277e-06 4.247228e-05 0.00029839 2.0614477e-06 3.130288e-05 0.00015088363 5.2465573e-05 0.0007859661 0.00015249326 1.3592302e-05 8.894505e-07 0.00047748245 0.0013213564 0.0009253243 3.5970634e-06 7.9861704e-05 1.15336115e-05 0.0011070194 0.00015873283 0.00011346093 6.5385066e-05 2.590644e-05 0.00033558358 1.919681e-05 0.00026695442 8.89895e-05 6.1249506e-05 5.891467e-06 0.00014418949 0.0008143199 0.0018144341
0.1615235 0.5193285 1.6467073e-18 0.79884 0.13386652 0.9063501 0.18635857 0.15543991 0.053677656 0.039952856 0.13633995 0.043917336 0.0075114523 0.050416954 0.2962463 0.2886194 0.33626652 0.020132732 0.0923643 0.10790152 0.14265023 0.18306358 0.080544844 0.021170843 0.07947778 0.12510477 0.08800495 0.05508539 0.047553863 0.04399896 0.0028629566 0.060299177 0.039423715 0.022920886 0.02249287 0.0010205593 0.029189464 0.0087874625 0.00937145 0.035175763 0.021159615 0.007951749 0.019505288 0.018810414 0.00742071 0.0004762171 0.0014539162 0.0069800992 0.0011550459 0.008458382 0.00010411154 0.0011017239 3.1955788e-05 0.011936418 0.012336809 0.009573289 0.0027370772 0.0017187434 0.0005357379 0.0031238096 0.0025177735 7.493976e-05 8.186738e-05 0.002488372 0.000101011 0.0006308683 0.0016335342 0.0015918928 0.00050985476 0.00029524937 0.0006461372 0.00032523673 0.0005223036 2.4910012e-05 0.00018538447 0.0012315855 0.0010582501 0.0037250866 0.0011938701 0.000913626 1.6099166e-05 0.0023318322 0.0038346343 0.004920588 8.439124e-05 0.00076691736 0.00011070594 0.005392527 0.0010357557 0.0006686873 0.00048141144 0.00043634567 0.0010010619 0.00018394477 0.0012219285 0.0005893715 0.0001774801 1.2835336e-05 0.00014991847 0.0018370096 0.008628867
0.25617188 0.76221144 0.79884 6.65132e-19 0.080107376 0.64163595 0.60037094 0.07915039 0.0787904 0.07386408 0.060351197 0.14047539 0.022852316 0.26997033 0.69172096 0.07309032 0.13700534 0.014009659 0.4280693 0.04275382 0.07498489 0.114589706 0.024074156 0.12117825 0.073611185 0.0237776 0.054694112 0.17289953 0.072986 0.027986357 0.020206682 0.11871311 0.032717526 0.012501805 0.03012823 0.0018476559 0.053765662 0.002460707 0.002421557 0.017632963 0.046130527 0.025671497 0.019849628 0.043918565 0.0072867293 7.3663534e-05 0.005111191 0.0048251254 0.000979893 0.0036985006 0.00014628815 0.0019491644 7.58858e-06 0.016915353 0.025816632 0.031214382 0.004097308 0.0010998332 0.0015816337 0.011741118 0.0066620265 0.0002205082 3.3272143e-05 0.0033524549 0.00013048938 0.0004499253 0.0016598229 0.000865616 0.0011980515 0.0011387883 0.00018325176 0.0008073451 0.0014619603 8.102637e-06 0.00042364554 0.0030867448 0.0010748935 0.007693476 0.00077709026 0.00057344936 2.7962578e-06 0.0011390799 0.0056990394 0.00455966 2.5169995e-05 0.0006393087 0.00020079242 0.0030972778 0.00067011383 0.0007566352 0.0004672628 0.00040841138 0.00077428616 0.00019023703 0.001227127 0.0007076837 7.2957475e-05 5.6202935e-06 0.00015301639 0.002319994 0.024547013
0.0024406184 0.13964899 0.13386652 0.080107376 1.5701067e-18 0.029542131 0.022960657 0.88449687 0.24226019 0.024164664 0.7852803 0.0048801755 0.003184704 0.003936397 0.012652039 0.04361245 0.004719493 0.6461102 0.0076161204 0.24217813 0.0013873981 0.0022576721 0.00049260014 0.0011139911 0.0018534577 0.0014115378 0.0012802 0.003963181 0.0020602716 0.0011070585 0.003234028 0.0033944095 0.0011768785 0.0005721266 0.00079598353 0.0113365315 0.0016833635 0.00037123778 0.00028353857 0.002666899 0.000573707 0.002677632 0.002854678 0.00096540013 0.0006617502 3.6434792e-06 0.00013377597 0.0013240969 6.948985e-06 0.00016409047 0.00011603178 0.00027455017 7.823038e-05 0.0008301825 0.0012076286 0.0017961392 0.0001133024 2.6344513e-05 1.6623044e-05 0.0006305552 0.0001953274 2.5350499e-05 0.00014180437 0.00013714614 2.2844612e-05 3.308751e-05 6.227958e-05 6.355701e-05 0.00079768547 1.6674883e-05 3.9778515e-06 0.00047562842 0.00068788725 9.135906e-06 2.0412595e-05 7.110092e-06 0.00016512105 0.001218989 0.0009548346 7.0394444e-06 3.321832e-06 0.00043831693 0.0012823916 0.0042879125 9.234245e-05 0.0037207762 0.00022067018 0.0016977566 0.00023888345 0.0010584313 0.00076236814 0.0007665265 0.0006957042 1.336196e-05 2.7657145e-05 1.25403385e-05 5.527071e-05 1.1188738e-06 2.065034e-05 3.9502e-05 0.00021637604
0.26249775 0.22948997 0.9063501 0.64163595 0.029542131 2.26611e-17 0.056038506 0.06201492 0.006702317 0.0055569513 0.0561912 0.006075469 0.00057855825 0.018340692 0.2853066 0.27126208 0.56403726 0.0005407069 0.057329603 0.057996478 0.40146106 0.42805994 0.2633097 0.006054759 0.17529993 0.23233612 0.17172568 0.051132448 0.072946474 0.07387632 0.00030023194 0.06343831 0.062304866 0.043938756 0.034417603 6.3719905e-05 0.031389754 0.02876332 0.03789987 0.0681413 0.019901076 0.0021553782 0.03939578 0.008871891 0.016499527 0.004609481 0.00046826765 0.018696148 0.0045719435 0.024260676 9.764102e-05 0.0005597233 1.036614e-05 0.01626805 0.0153042525 0.010117307 0.0058925236 0.006728825 0.00014178274 0.0035437525 0.003256488 3.243875e-05 4.4000517e-05 0.004397921 8.755673e-05 0.004652137 0.004124485 0.010788079 0.00018138699 0.00040516493 0.0027524282 0.00019086832 0.0003013639 0.0004447437 9.7886696e-05 0.0014455869 0.004235078 0.007395122 0.00088521856 0.0021640782 0.00016311594 0.002060927 0.0058766534 0.007928467 4.9305836e-05 0.00061114517 3.399792e-05 0.0056873667 0.00094136543 0.00095094566 0.00027433556 0.0005037699 0.00045965373 0.0001860522 0.0009542462 0.0005782469 0.0005016884 4.010842e-05 0.00031299106 0.0019927337 0.022360966
0.20273988 0.8303895 0.18635857 0.60037094 0.022960657 0.056038506 5.615304e-20 0.012368086 0.16425218 0.22395098 0.009665001 0.55243397 0.16564004 0.82526815 0.36637843 0.0012684809 0.00040149066 0.034825068 0.6024569 0.004571372 0.00033303714 0.00087292277 6.131601e-05 0.54798985 0.0028440491 0.00011438014 0.00038555506 0.18245956 0.014286083 0.00041243626 0.19486806 0.04273302 0.0011842235 9.3345276e-05 0.0029223037 0.047526635 0.016042352 1.7515606e-05 9.15692e-06 0.0002889812 0.021678621 0.09539657 0.002181921 0.033612642 0.00063333596 1.7862048e-06 0.012044313 9.5429656e-05 9.304215e-06 2.352906e-05 0.0017292114 0.0031359787 8.7046195e-05 0.00295244 0.00703761 0.010274656 0.0005718105 2.8955913e-06 0.00061763247 0.003552762 0.0019248005 0.00016784485 0.00014277053 0.00021535698 4.2271404e-05 3.0654057e-06 3.1978623e-05 5.444426e-06 0.00041487959 0.00019990206 5.232286e-07 3.604414e-05 0.00036695102 5.8866897e-07 3.546344e-05 0.00039173034 2.094613e-05 0.0010565253 9.461093e-05 1.4944453e-06 1.0945191e-07 0.00013905023 0.001372912 0.0007650856 2.6855441e-06 1.8926246e-05 8.227261e-06 0.0007686568 0.00021131733 3.3119803e-05 9.737911e-06 1.4790376e-06 8.3105944e-05 1.1432927e-05 4.7599773e-05 5.219125e-05 1.1267919e-05 1.2832503e-06 0.00012185101 0.0013315543 0.003747667
0.0025627685 0.07854481 0.15543991 0.07915039 0.88449687 0.06201492 0.012368086 1.4023326e-18 0.019539183 0.0043060966 0.88805985 0.0017588563 0.0009317563 0.0037358752 0.015570237 0.15215947 0.039384812 0.09930027 0.0073308083 0.6010821 0.003737525 0.0037060054 0.0025002384 0.0006652195 0.0011862655 0.01880738 0.0009009493 0.003413787 0.001466019 0.0007007923 0.0003897927 0.002060027 0.0007983932 0.0002450223 0.0004944602 0.0008939955 0.0010663777 0.0008456624 0.0011207646 0.002180187 0.00040881455 0.0014494458 0.0010267143 0.0009468874 0.00021376788 2.6470485e-05 5.2970994e-05 0.00062746345 3.624019e-05 0.00079192925 6.9333786e-05 0.00020118899 2.107101e-05 0.00047584777 0.0006172647 0.0010572186 3.9885737e-05 5.0126248e-05 2.4186455e-05 0.00039129276 8.168871e-05 1.0435811e-05 2.66609e-05 5.211436e-05 6.888667e-05 1.7908913e-05 2.6022599e-05 9.2136695e-05 0.0010970853 3.212446e-05 1.0460213e-05 0.0008199228 0.00037350037 3.0186915e-05 1.6183738e-05 1.1208372e-05 2.3268583e-05 0.00029606392 0.0017418269 1.0150634e-05 1.9447561e-05 0.0006815577 0.0004980029 0.0019804428 5.857425e-05 0.009994688 5.2440908e-05 0.0020344441 9.836891e-05 0.0022980638 0.0049977927 0.011738178 0.00082362344 4.9774793e-05 0.00024410732 7.716148e-05 0.000183592 2.925343e-06 1.7456556e-05 6.632712e-05 0.00034300744
0.009179767 0.30999878 0.053677656 0.0787904 0.24226019 0.006702317 0.16425218 0.019539183 3.051567e-20 0.89617443 0.0138995685 0.56245106 0.49898878 0.018698785 0.021843188 0.00019406257 5.954735e-05 0.84826624 0.020250859 0.010425994 1.5585923e-05 4.100173e-05 2.9545834e-06 0.0074940077 0.00015719174 5.523511e-06 1.1674709e-05 0.0072961967 0.0013199797 1.1473374e-05 0.03835711 0.004660641 3.9186263e-05 9.1839473e-07 7.6465774e-05 0.09946923 0.0011742299 8.995918e-07 9.710279e-07 2.0317297e-05 0.00024023594 0.004846674 4.923258e-05 0.0005181169 1.0220475e-05 1.1753321e-07 0.00017460709 7.861573e-06 4.739026e-08 1.7417153e-06 0.00010845625 0.00028198506 5.2547697e-05 1.8837633e-05 2.757195e-05 3.4764347e-05 1.329792e-06 5.858818e-08 2.4685737e-06 7.1618674e-06 2.124878e-06 2.2132183e-06 4.7906175e-05 1.999291e-06 6.8624377e-07 1.2973463e-07 7.630994e-07 9.733036e-08 2.697831e-05 6.152465e-07 1.0410359e-08 6.7786123e-06 4.1994017e-06 6.155702e-08 1.1835893e-07 3.8720825e-07 6.714591e-07 3.0269332e-05 6.8111162e-06 5.712989e-08 2.2985642e-08 6.6109033e-06 0.00022717852 0.0002440694 1.6010935e-06 7.4907315e-05 2.4035235e-06 0.00023728795 2.5934622e-05 1.3604985e-05 5.445672e-06 1.833091e-06 4.5513076e-05 2.7500455e-06 1.8322346e-06 5.2892744e-07 8.1197095e-06 7.665382e-08 5.8329755e-05 1.5336329e-05 2.2669383e-05
0.008863252 0.314705 0.039952856 0.07386408 0.024164664 0.0055569513 0.22395098 0.0043060966 0.89617443 4.5934916e-20 0.003229368 0.8412459 0.7854515 0.03915877 0.028143592 9.6510645e-05 3.4382996e-05 0.51883996 0.03281755 0.0021620712 4.654571e-05 0.00011281721 8.38689e-06 0.019624086 0.0004936823 6.5251475e-06 5.4025593e-05 0.010042251 0.0019236389 4.578621e-05 0.11701807 0.0062564015 0.00015160308 3.651974e-06 0.00040356032 0.13220286 0.0021768557 8.818594e-06 4.4724575e-06 3.4140096e-05 0.0007754967 0.013478587 0.0001684963 0.0013953296 4.199492e-05 2.3099595e-07 0.00088379084 1.8602585e-05 5.978693e-08 5.195578e-06 0.00030178495 0.00044661193 0.00013557058 0.00010034418 0.00029659495 0.0003660121 1.0514882e-05 1.7486798e-07 1.4206501e-05 7.6158874e-05 3.0582825e-05 5.2598157e-06 0.00017807214 1.4086364e-05 7.908413e-06 1.3268215e-06 3.6703013e-06 9.740909e-08 7.236314e-05 4.908147e-06 1.7162108e-08 2.7252312e-05 3.428794e-05 1.6270523e-07 4.401183e-06 8.45941e-06 3.4280565e-06 0.00017240146 1.0163885e-05 2.4703272e-07 5.0147072e-08 1.402691e-05 0.000426898 0.00042878406 2.513455e-06 1.9330018e-05 8.449501e-06 0.00032275927 3.067662e-05 3.947071e-05 1.3212712e-05 1.0074355e-06 4.220655e-05 9.324612e-06 3.750205e-06 1.0021938e-06 5.0565886e-06 1.5820167e-07 5.4914854e-05 7.306498e-05 0.0001927348
0.0020345654 0.053539734 0.13633995 0.060351197 0.7852803 0.0561912 0.009665001 0.88805985 0.0138995685 0.003229368 2.720591e-18 0.0014004962 0.0008540557 0.0028560953 0.0124497935 0.28242648 0.04741104 0.18905042 0.00647352 0.87373835 0.004303465 0.004522295 0.0025685122 0.0005590692 0.0016225255 0.028309494 0.0015595255 0.0031064732 0.0015200431 0.000941981 0.00027047185 0.002580479 0.00094306224 0.00039359898 0.0005285735 0.0011078067 0.0010940126 0.00072836684 0.0013248087 0.0025849752 0.00039733853 0.0020010576 0.0010869954 0.0016709077 0.0002913958 2.9195922e-05 4.845059e-05 0.00073291897 9.788557e-05 0.0007922043 7.68935e-05 0.00025559426 2.9314018e-05 0.0002547105 0.0004561972 0.00080156047 3.8544018e-05 4.015213e-05 3.806116e-05 0.00025644587 7.9508565e-05 1.2848368e-05 5.7158748e-05 5.397919e-05 0.0002607856 2.1196129e-05 2.5669608e-05 5.1657884e-05 0.0023815865 1.5153001e-05 1.2305001e-05 0.0030302217 0.0006866671 3.212859e-05 1.49221305e-05 6.5262184e-06 2.4103903e-05 0.00037428344 0.0020440854 1.529422e-05 1.5838812e-05 0.0009909993 0.00076908426 0.0027854093 0.00012577041 0.014647843 4.0054947e-05 0.0023464581 0.000104141225 0.0043116035 0.007012175 0.010064412 0.0014970094 5.886685e-05 0.00023853652 5.1324507e-05 0.00031375553 4.428588e-06 1.9955738e-05 2.8140947e-05 9.3125826e-05
0.012351478 0.43239313 0.043917336 0.14047539 0.0048801755 0.006075469 0.55243397 0.0017588563 0.56245106 0.8412459 0.0014004962 1.1461217e-21 0.90508187 0.14752893 0.07319049 5.048193e-05 9.335965e-06 0.184616 0.095286995 0.00070721476 5.6730165e-05 0.000121469755 8.796932e-06 0.10246339 0.00042113356 2.3576804e-06 5.7045858e-05 0.032831863 0.0023574377 8.727837e-05 0.45345557 0.009006749 0.00018112632 4.7699996e-06 0.0004635876 0.18781404 0.0036178916 1.18321705e-05 6.976721e-06 1.3487746e-05 0.0015868726 0.046842925 0.000119843426 0.004201357 4.4183893e-05 2.1137082e-07 0.0033827077 1.3797977e-05 4.801331e-08 2.9396592e-06 0.00056251686 0.0007547571 0.00017782692 0.00024001245 0.0007232051 0.0010811567 1.7188915e-05 2.7720705e-07 8.039164e-05 0.0001775827 5.4033015e-05 2.5846522e-05 0.00030089807 2.9332896e-05 2.4666806e-05 3.519486e-06 6.0777575e-06 1.9310671e-07 0.00016605147 2.1205551e-05 3.8740893e-08 2.5597248e-05 6.492247e-05 1.7147327e-07 1.7550938e-05 3.424882e-05 5.034344e-06 0.00020110863 4.7489415e-05 1.4363993e-06 8.6485215e-08 8.555798e-06 0.0005308453 0.0003963935 1.9432591e-06 2.7313363e-06 1.735505e-05 0.00030209476 5.8715636e-05 1.3204234e-05 3.1129543e-06 5.989551e-07 3.2721808e-05 1.0802593e-05 1.2838004e-05 6.1681308e-06 3.320337e-06 2.4118202e-07 3.229349e-05 0.00017262078 0.00062578276
0.0060737836 0.0976661 0.0075114523 0.022852316 0.003184704 0.00057855825 0.16564004 0.0009317563 0.49898878 0.7854515 0.0008540557 0.90508187 1.7907455e-19 0.036924645 0.009830534 1.1830648e-05 1.1021403e-05 0.28950736 0.022614766 0.0003431632 5.10257e-06 1.1121954e-05 1.0106794e-06 0.030525686 5.370679e-05 1.8383972e-06 8.667348e-06 0.0067957425 0.00058262347 1.6409884e-05 0.5145883 0.0018217596 4.0284027e-05 2.2531842e-06 9.589338e-05 0.7548337 0.0010346302 1.6657599e-06 2.7547285e-06 5.904483e-06 0.00022824632 0.030635767 7.11817e-05 0.0012796227 1.0229018e-05 1.8403925e-07 0.007342238 4.2825254e-06 1.1934857e-07 2.0668317e-06 0.002677046 0.0017773571 0.0016897223 6.181649e-05 0.00012036158 9.276471e-05 1.8787371e-06 1.1111596e-07 0.00016729558 4.6855017e-05 5.1368256e-06 4.855184e-05 0.0011051818 1.5409016e-05 4.0608073e-05 4.2483697e-07 6.387045e-06 8.641712e-08 0.00011988675 4.3565706e-06 1.5729233e-08 1.9813684e-05 3.279272e-05 7.5927865e-08 7.578412e-06 1.7894197e-05 5.164953e-06 0.00017146161 4.007814e-05 1.2465529e-07 2.7177524e-08 0.00010213834 0.0005386737 0.00052793225 1.11817035e-05 1.60327e-05 7.33542e-06 0.00040479185 5.7472385e-05 3.6118225e-05 1.0130084e-05 1.8092641e-06 0.00011522778 5.402304e-06 6.65566e-06 3.328377e-06 1.4558365e-06 6.676931e-08 9.799513e-05 0.00026172065 7.831279e-05
0.2651708 0.32858422 0.050416954 0.26997033 0.003936397 0.018340692 0.82526815 0.0037358752 0.018698785 0.03915877 0.0028560953 0.14752893 0.036924645 1.1205124e-20 0.2038026 0.00081544515 0.00030162095 0.0027682597 0.6629605 0.0026187445 0.00025571205 0.0005081083 5.262287e-05 0.8701999 0.001160399 0.0001387699 0.0001457145 0.16765168 0.006115232 0.000100046054 0.19996557 0.037380863 0.00033105482 3.5007215e-05 0.001587743 0.013296178 0.019401873 2.1819926e-05 1.1572261e-05 0.00017506079 0.034661204 0.18496318 0.0013044833 0.08863476 0.0005204666 6.7645337e-06 0.016116317 0.00010279297 9.432233e-06 4.0289215e-05 0.0014921306 0.0031162205 5.1316973e-05 0.0039393846 0.0089257425 0.02466602 0.00062981446 8.250793e-06 0.001717997 0.010326465 0.0036957152 0.00055305805 0.00020448926 0.0006591014 0.0002014945 6.1073315e-06 6.2048486e-05 1.2747603e-05 0.0020610902 0.0011223087 7.555301e-07 0.00032573927 0.0021296132 2.3956788e-06 0.000389286 0.003080923 4.196858e-05 0.0030354178 0.0003644049 3.013498e-06 3.7978955e-07 0.00042057264 0.0036571708 0.0013570697 6.550824e-06 0.000252604 5.2088966e-05 0.0015468543 0.0004948083 7.412017e-05 3.904756e-05 8.869648e-06 0.0001503404 4.968814e-05 0.0002815162 0.00019651029 7.0264396e-06 1.9080862e-06 0.00018577083 0.0042531295 0.0132768545
0.5418734 0.24836531 0.2962463 0.69172096 0.012652039 0.2853066 0.36637843 0.015570237 0.021843188 0.028143592 0.0124497935 0.07319049 0.009830534 0.2038026 1.561308e-19 0.006262245 0.023984663 0.0006602118 0.73929965 0.0062922766 0.039295588 0.0775835 0.009117059 0.087490164 0.18824089 0.0015198033 0.096926756 0.64710104 0.40038672 0.06814476 0.007840841 0.59736305 0.10077229 0.038874328 0.18601416 9.961221e-05 0.29662818 0.0008983453 0.0003499555 0.008914288 0.22329444 0.013620142 0.02965982 0.04013867 0.01939815 2.5356421e-05 0.0012406219 0.00399729 2.5201098e-05 0.0017385299 3.5622343e-05 0.00048648342 1.8005851e-06 0.044614393 0.08189837 0.05832513 0.01233391 0.0011026782 0.0005459155 0.041816063 0.02704346 9.7967015e-05 7.402675e-06 0.01811397 4.8985396e-05 0.001874317 0.01008042 0.0009055099 0.000648287 0.0065724407 0.0005366 0.0002114768 0.00054591347 3.7772759e-06 0.002520939 0.014858499 0.006919564 0.022104606 0.00052500213 0.0009434558 5.0488257e-08 0.00021632155 0.012661761 0.008188816 5.585493e-06 5.073584e-05 0.00026683556 0.0027777418 0.0020270066 3.7495454e-05 2.2475751e-05 1.3528235e-05 0.0001383501 0.00015005707 0.00024313362 0.0005781697 5.1349423e-05 6.6777975e-06 0.00038691793 0.0029684042 0.02506422
0.025735639 0.0101785865 0.2886194 0.07309032 0.04361245 0.27126208 0.0012684809 0.15215947 0.00019406257 9.6510645e-05 0.28242648 5.048193e-05 1.1830648e-05 0.00081544515 0.006262245 3.0785441e-18 0.6470989 0.00015378282 0.0010100291 0.7452481 0.059063364 0.019329218 0.08476582 0.000108107204 0.001736371 0.91074026 0.0028807332 0.000563676 0.00041171294 0.0006095006 1.424414e-06 0.0005931879 0.00035567622 0.00037696236 0.000107432366 2.7744654e-06 0.0002018634 0.003822505 0.013256427 0.006450979 8.3882536e-05 4.4187647e-05 0.0018272111 0.00016956862 0.000401658 0.0011175802 1.3071757e-06 0.001798429 0.018081421 0.0026969656 5.142095e-06 4.2442476e-05 9.057097e-07 0.0004644809 0.0003554575 0.00033456038 7.948954e-05 0.0008858899 6.7226993e-06 7.4466065e-05 2.381609e-05 5.9550325e-06 3.1073218e-06 6.690729e-05 1.9440498e-05 0.00012774408 6.5126864e-05 0.0011022917 6.270803e-05 8.896452e-06 0.00036481398 0.00028661886 0.00015658727 0.00011003199 5.1354637e-06 4.5731335e-06 0.00016573648 0.00050982536 0.00043790354 0.00011487426 2.2782846e-05 0.00084614765 0.00053893495 0.0027265013 1.0836428e-05 0.033829663 5.6728324e-05 0.0020829455 0.00036196757 0.008471944 0.024396805 0.039600972 0.00020465547 0.00018292524 0.005310291 0.0012242713 0.0008445739 8.1327795e-05 6.295785e-05 7.598577e-05 0.00016234789
0.22906508 0.00481184 0.33626652 0.13700534 0.004719493 0.56403726 0.00040149066 0.039384812 5.954735e-05 3.4382996e-05 0.04741104 9.335965e-06 1.1021403e-05 0.00030162095 0.023984663 0.6470989 8.664614e-17 1.535534e-05 0.001953422 0.11080316 0.56739753 0.40352228 0.7802682 6.232158e-05 0.06742475 0.6733246 0.15477477 0.0035203437 0.01317976 0.040697373 1.6027019e-06 0.006193061 0.021867912 0.05309901 0.0038868173 1.0930431e-05 0.0030586822 0.21037233 0.39877397 0.17161818 0.0020321433 7.095113e-05 0.03531649 0.00043862723 0.010614026 0.16103168 3.1630439e-06 0.046150263 0.24263452 0.08690112 6.521536e-05 0.00018784271 2.238152e-06 0.0038058418 0.0023584305 0.0007885553 0.0029976831 0.02708916 1.0210061e-05 0.00032734836 0.00050930755 1.2428362e-05 2.161511e-05 0.0010882706 1.3186781e-05 0.0060499427 0.0029832236 0.020413056 6.851172e-05 5.9592287e-05 0.01107588 6.367343e-05 5.665366e-05 0.001669373 2.5367499e-05 5.8417096e-05 0.0046070195 0.0017452028 0.00059842906 0.00615319 0.00038620573 0.00095383177 0.001621902 0.0036620675 6.2152694e-06 0.0010339177 8.130178e-06 0.0027898992 0.0017910684 0.001362526 0.0006405314 0.002324533 0.0007600517 1.8025328e-05 0.0020251563 0.0009115015 0.0017401896 0.00030838992 0.00057183014 0.00034365902 0.0018217248
0.001449831 0.14914279 0.020132732 0.014009659 0.6461102 0.0005407069 0.034825068 0.09930027 0.84826624 0.51883996 0.18905042 0.184616 0.28950736 0.0027682597 0.0006602118 0.00015378282 1.535534e-05 3.0128285e-21 0.00084316113 0.17498949 4.931503e-06 7.1099093e-06 2.7254353e-06 0.0006367929 8.446939e-06 1.9752686e-05 4.409249e-06 0.00015954142 9.42842e-06 1.4908438e-06 0.024558999 2.1191601e-05 2.9101695e-06 1.427983e-06 2.592113e-06 0.5882219 1.6249294e-05 1.4758955e-06 1.2978322e-06 5.132409e-06 1.6597768e-06 0.0011343284 4.8538527e-06 6.797097e-05 3.7890072e-07 1.9049589e-08 0.00087173685 2.7657657e-06 1.2981013e-07 7.340706e-07 0.0006174708 0.00068410067 0.0018584951 9.702485e-07 1.3559137e-06 4.2150515e-07 8.6927606e-08 1.1977793e-08 4.0433635e-05 8.832848e-07 1.2376049e-07 7.805484e-06 0.00054606266 3.3216628e-07 1.53336e-06 2.4104326e-08 1.8731347e-07 5.0214712e-09 2.2158338e-05 3.674069e-08 7.715911e-09 7.7426404e-05 1.1671258e-05 8.445368e-10 5.0745637e-08 1.5658136e-07 2.1680204e-07 2.196218e-05 8.967074e-06 1.1040686e-09 9.811426e-09 0.00015005321 0.00066419673 0.00096511893 1.35791115e-05 0.00014365336 1.4281675e-07 0.00030489042 5.4132404e-05 2.546625e-05 6.918745e-06 9.615474e-07 6.6451285e-05 1.3069655e-07 3.8613072e-07 4.250045e-08 3.1574248e-07 2.3667284e-09 4.739987e-05 2.4710894e-06 1.5075409e-07
0.7289559 0.25123972 0.0923643 0.4280693 0.0076161204 0.057329603 0.6024569 0.0073308083 0.020250859 0.03281755 0.00647352 0.095286995 0.022614766 0.6629605 0.73929965 0.0010100291 0.001953422 0.00084316113 2.2274883e-19 0.0027721948 0.003162527 0.004877014 0.00059065386 0.5522152 0.011156981 0.00025534257 0.0027189583 0.7360035 0.056055956 0.0024251288 0.050142847 0.34761554 0.00509379 0.00048234873 0.034700356 0.0016848923 0.21045451 5.176707e-05 2.4950812e-05 0.00045099648 0.27767316 0.09666451 0.0021193319 0.16513008 0.0018245095 2.240345e-06 0.018355414 0.00033532508 4.2989095e-06 5.0171642e-05 0.0003378012 0.001683829 5.396583e-06 0.016886873 0.053339418 0.085716836 0.0033932277 5.076895e-05 0.0038873677 0.08170661 0.020493357 0.0011381764 4.2027412e-05 0.005180876 0.00044486334 3.7615006e-05 0.0008120031 2.4716493e-05 0.0069380263 0.005669436 2.0583017e-05 0.0014190652 0.005106482 2.6984304e-07 0.004638643 0.020736141 0.0010754488 0.015097476 0.001471961 7.653626e-05 9.270191e-09 0.0009931319 0.013939206 0.00637364 3.2986845e-05 0.00032467922 0.00075911504 0.002810469 0.0013286324 6.3516294e-05 6.0771636e-05 2.9025046e-05 0.00029615965 0.00055866357 0.00056225277 0.0016278796 6.8793806e-06 1.4372392e-06 0.0007563044 0.004721346 0.038100403
0.0040563587 0.02131687 0.10790152 0.04275382 0.24217813 0.057996478 0.004571372 0.6010821 0.010425994 0.0021620712 0.87373835 0.00070721476 0.0003431632 0.0026187445 0.0062922766 0.7452481 0.11080316 0.17498949 0.0027721948 1.6698357e-16 0.0080184145 0.0048169964 0.0081076035 0.0005956126 0.0011691987 0.48425242 0.0012331374 0.0013996171 0.00030564034 0.00039709004 7.234878e-05 0.0005492329 0.00035072144 0.00033677206 0.00012622595 0.0004685629 0.00019493808 0.0007246822 0.001273357 0.0013932639 0.00014669079 0.0011346791 0.00054758304 0.0034016618 0.00015631302 0.00014870684 2.5053625e-05 0.0015237079 0.011261995 0.0011552151 4.0665505e-05 0.00019849361 2.2943583e-05 0.00037224707 0.00028516428 0.00019847715 3.719018e-05 0.00010199264 7.304708e-05 0.00023355478 1.3602116e-05 2.8489723e-05 0.00017354148 4.7043606e-05 0.00033529245 2.224095e-05 4.1681225e-05 4.225476e-05 0.005924275 3.258555e-06 6.409571e-05 0.018406238 0.005569347 0.00017079266 8.093462e-06 2.6327698e-06 2.265994e-05 0.00021114771 0.0066917404 5.9592317e-06 4.162871e-05 0.0012344348 0.000885999 0.0038513946 0.00011005886 0.07701305 2.3830493e-05 0.0066481875 0.0006292 0.042934466 0.08180544 0.11201709 0.000879684 2.4759522e-05 4.2461994e-05 9.054295e-06 0.00054895744 2.1494754e-05 0.00012865674 1.5505133e-06 1.05029244e-07
0.22383611 0.0060685524 0.14265023 0.07498489 0.0013873981 0.40146106 0.00033303714 0.003737525 1.5585923e-05 4.654571e-05 0.004303465 5.6730165e-05 5.10257e-06 0.00025571205 0.039295588 0.059063364 0.56739753 4.931503e-06 0.003162527 0.0080184145 2.8359347e-19 0.75324583 0.8579318 4.1220817e-05 0.23235422 0.069176145 0.37054583 0.0078080865 0.052800853 0.14819321 1.442482e-06 0.020152863 0.113349564 0.16100773 0.036086284 1.2391242e-06 0.015422505 0.29664066 0.26701877 0.38460723 0.0045711976 1.0393103e-05 0.1238033 0.00015707994 0.04363892 0.027248643 3.6101605e-06 0.09029673 0.0021503868 0.10063503 1.990403e-06 9.586124e-06 4.8128084e-07 0.024159098 0.00945281 0.0036094673 0.016570006 0.04521085 4.6572572e-07 0.0010027718 0.0028452212 4.882397e-07 6.9709046e-07 0.008182207 2.729683e-06 0.028652057 0.019465325 0.046368714 1.8089286e-05 0.0003417684 0.014488117 4.358241e-06 4.7169956e-06 0.0022718299 1.8888326e-05 0.00066403556 0.014037678 0.005169465 2.6582527e-05 0.006064051 0.00016190879 6.5875014e-05 0.0020586217 0.0022791582 2.4840042e-06 2.4901274e-05 1.7363931e-06 0.0016626167 0.0012900389 6.232491e-05 1.1249418e-05 1.1033813e-05 2.2733662e-05 1.4010948e-05 1.4861149e-05 3.634957e-05 0.00037732185 0.00015740671 0.0004705532 0.0012996932 0.008927261
0.5034657 0.009223772 0.18306358 0.114589706 0.0022576721 0.42805994 0.00087292277 0.0037060054 4.100173e-05 0.00011281721 0.004522295 0.000121469755 1.1121954e-05 0.0005081083 0.0775835 0.019329218 0.40352228 7.1099093e-06 0.004877014 0.0048169964 0.75324583 6.14157e-19 0.5202514 6.763732e-05 0.61279833 0.019008158 0.7219042 0.014299803 0.20348857 0.46483466 5.391673e-07 0.03972124 0.40950283 0.44447812 0.14544153 7.6024253e-07 0.027645394 0.17890982 0.10191715 0.49814034 0.010689945 5.3003964e-06 0.23882408 0.00017343774 0.081511885 0.008391931 1.1853748e-06 0.11235989 0.00023815055 0.064838246 3.404631e-06 3.3054248e-06 4.011148e-07 0.044124413 0.022706164 0.005492661 0.021928541 0.03709289 2.4593166e-07 0.0014900231 0.005077988 3.425551e-07 6.651697e-07 0.018268442 7.1391355e-07 0.027830206 0.031445093 0.027348766 2.9109078e-06 0.0006266404 0.010696197 5.1521056e-07 1.1675482e-06 0.0005567943 4.2764063e-05 0.0010353636 0.02173593 0.0077594207 7.531278e-06 0.005384077 1.8793275e-05 3.3342567e-05 0.0025430552 0.0021497747 2.3526425e-06 3.298091e-06 6.433632e-07 0.0010331754 0.0015215406 2.0508951e-05 4.8062516e-06 5.1396923e-06 9.671492e-05 3.1305033e-05 8.088162e-06 7.034073e-05 0.00036599237 0.00020041667 0.00044590313 0.0013471005 0.008750541
0.16481595 0.0013360189 0.080544844 0.024074156 0.00049260014 0.2633097 6.131601e-05 0.0025002384 2.9545834e-06 8.38689e-06 0.0025685122 8.796932e-06 1.0106794e-06 5.262287e-05 0.009117059 0.08476582 0.7802682 2.7254353e-06 0.00059065386 0.0081076035 0.8579318 0.5202514 3.516785e-19 9.183023e-06 0.059246678 0.13956031 0.14180005 0.0015935067 0.011424857 0.044200692 1.6850633e-07 0.004202132 0.019725187 0.067957886 0.00649382 7.71511e-07 0.0034495308 0.4042442 0.47791362 0.310528 0.001090819 3.983379e-06 0.052904863 6.732326e-05 0.015444967 0.09163314 7.741658e-07 0.06401518 0.022890737 0.14084153 2.0402972e-06 5.423577e-06 3.3057793e-07 0.0060902005 0.0023928452 0.0008607017 0.006050857 0.042843644 1.8878943e-07 0.0003703714 0.00081680686 2.2881198e-07 4.5612796e-07 0.0028143793 1.4015698e-06 0.025685368 0.008535212 0.055763524 4.8948527e-06 8.953431e-05 0.021118535 1.1805316e-06 1.9918652e-06 0.004602323 6.656275e-06 0.00010040285 0.010324157 0.002299286 2.7653821e-05 0.006688936 0.00033983187 8.077005e-05 0.0010109658 0.0014465412 1.1161477e-06 3.7208454e-05 1.1840699e-06 0.0010370549 0.0011148786 7.118631e-05 7.4410304e-06 6.231115e-06 1.354392e-05 1.31076395e-05 7.919297e-06 1.02390695e-05 0.0004998476 0.00016894104 0.0004311114 0.0005962324 0.0016754795
0.42405343 0.16521025 0.021170843 0.12117825 0.0011139911 0.006054759 0.54798985 0.0006652195 0.0074940077 0.019624086 0.0005590692 0.10246339 0.030525686 0.8701999 0.087490164 0.000108107204 6.232158e-05 0.0006367929 0.5522152 0.0005956126 4.1220817e-05 6.763732e-05 9.183023e-06 2.702581e-19 0.00045181398 3.4891993e-05 3.4116925e-05 0.11023747 0.002404474 2.9719675e-05 0.582653 0.017417347 0.00013908299 8.935787e-06 0.0007661904 0.016891303 0.013680723 3.464941e-06 2.3387527e-06 2.4526882e-05 0.026664592 0.6530661 0.00044345047 0.39032042 0.00020072101 2.3643634e-06 0.07067202 2.0715115e-05 3.850575e-06 4.708097e-06 0.0046277707 0.008726082 0.00025683016 0.0024838434 0.007689464 0.025422214 0.00038007656 2.0433076e-06 0.01387246 0.014581793 0.0036974447 0.0042848177 0.0009845494 0.00031217872 0.00080236123 4.4752815e-06 2.8341194e-05 6.206485e-06 0.0077534067 0.0014874584 3.7273833e-07 0.0011819602 0.009655328 1.2540236e-06 0.0006492854 0.0052614165 2.8225933e-05 0.004006207 0.0013011646 2.5568227e-06 1.11430495e-07 0.0013897388 0.0058413288 0.00203689 1.5153565e-05 0.00058290054 0.0005041145 0.0022520244 0.0008491006 9.424342e-05 3.6264253e-05 1.4682647e-05 0.00018044822 0.00016603485 0.0007759272 0.000911572 6.451575e-06 8.723102e-07 0.0004479719 0.0065920074 0.022154106
0.5520162 0.017825175 0.07947778 0.073611185 0.0018534577 0.17529993 0.0028440491 0.0011862655 0.00015719174 0.0004936823 0.0016225255 0.00042113356 5.370679e-05 0.001160399 0.18824089 0.001736371 0.06742475 8.446939e-06 0.011156981 0.0011691987 0.23235422 0.61279833 0.059246678 0.00045181398 5.674694e-20 0.00048958353 0.8074192 0.04841506 0.5359526 0.75128406 4.5681077e-06 0.14698172 0.7528334 0.6806086 0.4366304 1.7352526e-06 0.11308853 0.021954654 0.0059158066 0.2769498 0.04938063 0.00010487267 0.30387515 0.00066299335 0.13356861 0.00035222978 4.8290403e-06 0.052905407 1.386582e-05 0.013969382 5.9793206e-06 1.6835409e-05 3.7071905e-07 0.0747577 0.050840285 0.008100618 0.027166309 0.006838009 4.551427e-06 0.002890953 0.010366319 2.42581e-06 1.7716825e-06 0.024689885 5.707015e-06 0.008779764 0.025146207 0.0037370601 6.4570045e-06 0.0011221748 0.0021230632 3.515001e-06 7.974713e-06 6.375029e-05 0.00016512781 0.0027972502 0.019875754 0.013815109 7.1366645e-05 0.0021186387 3.1556983e-06 7.274675e-05 0.004802314 0.0049960506 3.0866443e-06 4.3964383e-06 7.0876767e-06 0.001411169 0.003711215 1.877375e-05 8.833417e-06 6.6055213e-06 0.00017577075 0.000204958 0.00011446689 0.0002256922 4.897236e-05 1.3601197e-05 0.00050346897 0.002124002 0.008707004
0.035661332 0.0019408674 0.12510477 0.0237776 0.0014115378 0.23233612 0.00011438014 0.01880738 5.523511e-06 6.5251475e-06 0.028309494 2.3576804e-06 1.8383972e-06 0.0001387699 0.0015198033 0.91074026 0.6733246 1.9752686e-05 0.00025534257 0.48425242 0.069176145 0.019008158 0.13956031 3.4891993e-05 0.00048958353 1.2983931e-15 0.0011828053 0.00011075495 4.4654185e-05 0.00017270671 1.0859109e-06 0.00012417955 9.279152e-05 0.00023257502 2.8028428e-05 6.2375506e-07 4.242107e-05 0.01915497 0.11655045 0.008398696 4.1378284e-05 3.5479236e-05 0.001253084 0.00048569834 0.00022153449 0.065798886 1.1442302e-06 0.0030504514 0.4657832 0.009487898 4.43849e-06 1.717312e-05 7.7437915e-07 0.00014927646 7.478711e-05 3.4532386e-05 2.7690874e-05 0.0031798924 3.198248e-06 3.168604e-05 5.5120445e-06 1.0136592e-06 1.4438721e-06 2.7217871e-05 1.9431267e-05 0.00011684851 4.5702058e-05 0.0025536611 6.9276815e-05 2.603465e-06 0.002912541 0.00031073546 0.00031653195 0.00091480603 6.588428e-06 2.0815942e-06 0.00014037329 0.00083785714 0.00058703125 0.0012837932 0.00036819754 0.0003281958 0.0008119009 0.0063820677 6.486543e-06 0.014882416 3.2551009e-06 0.0060159997 0.0012130664 0.008526527 0.008244439 0.015090912 0.00012555099 0.00015969791 0.00227327 0.00026665672 0.012629374 0.00031289438 0.00012545512 1.0506031e-05 5.8930177e-06
0.5940119 0.004682042 0.08800495 0.054694112 0.0012802 0.17172568 0.00038555506 0.0009009493 1.1674709e-05 5.4025593e-05 0.0015595255 5.7045858e-05 8.667348e-06 0.0001457145 0.096926756 0.0028807332 0.15477477 4.409249e-06 0.0027189583 0.0012331374 0.37054583 0.7219042 0.14180005 3.4116925e-05 0.8074192 0.0011828053 1.509697e-19 0.012801775 0.44060236 0.764863 2.5960082e-07 0.07747191 0.7042591 0.75557745 0.34953704 5.554251e-07 0.060143393 0.07749125 0.03528021 0.5531434 0.012902339 2.5872305e-06 0.38583085 6.5873064e-05 0.14863244 0.0014189812 7.9800265e-07 0.12460984 3.499493e-05 0.0342653 3.484306e-06 6.4299916e-06 3.8750895e-07 0.054950386 0.0286727 0.0026690364 0.022265777 0.019063096 4.4076785e-07 0.00081594073 0.0061682193 2.464872e-07 1.3133761e-06 0.022244627 4.9183353e-07 0.022896508 0.03263059 0.009078574 7.376448e-07 0.0003710808 0.0035929445 9.2066195e-08 3.709606e-07 0.00019971892 2.2763646e-05 0.00091624924 0.028334148 0.011673742 9.573334e-06 0.002751566 1.2919028e-05 4.3879456e-05 0.0035706153 0.0036924372 3.040785e-06 1.7807859e-06 8.564618e-07 0.0010696308 0.0033370291 1.0496066e-05 4.0438167e-06 2.5875834e-06 7.837136e-05 5.19098e-05 1.566704e-05 2.134097e-05 8.297163e-05 4.4057706e-05 0.00034856453 0.0012602544 0.0051280474
0.5479228 0.0726925 0.05508539 0.17289953 0.003963181 0.051132448 0.18245956 0.003413787 0.0072961967 0.010042251 0.0031064732 0.032831863 0.0067957425 0.16765168 0.64710104 0.000563676 0.0035203437 0.00015954142 0.7360035 0.0013996171 0.0078080865 0.014299803 0.0015935067 0.11023747 0.04841506 0.00011075495 0.012801775 2.2769912e-19 0.18057586 0.011454945 0.016452484 0.72271836 0.031615946 0.0036097218 0.1419288 8.935374e-05 0.54112184 0.00023885885 0.0001440908 0.0030324694 0.53084904 0.026322987 0.0074589318 0.069295526 0.008222331 1.1685725e-05 0.0038036793 0.0010782843 4.4038698e-06 0.00048668962 8.19201e-05 0.00077947124 2.942795e-06 0.038155083 0.1007114 0.07853095 0.008557912 0.0005009696 0.0019637195 0.074691646 0.03847738 0.0006720226 1.5462187e-05 0.0122859245 0.0006507738 0.00058634224 0.0054794797 0.0002665578 0.0043852455 0.011848278 0.00020440872 0.00093525584 0.0042346497 1.0745798e-06 0.0099701695 0.03321969 0.004464995 0.0336112 0.0017059495 0.0004887928 9.742595e-09 0.00061247405 0.020613542 0.010756473 3.2396612e-05 0.00025812763 0.0014745519 0.0055876453 0.0025538804 4.689869e-05 7.3206575e-05 3.9608e-05 0.00023395247 0.00052842184 0.00049483764 0.0018262502 1.0501703e-05 1.9843021e-06 0.00074579136 0.0031195628 0.03075054
0.69597167 0.024995495 0.047553863 0.072986 0.0020602716 0.072946474 0.014286083 0.001466019 0.0013199797 0.0019236389 0.0015200431 0.0023574377 0.00058262347 0.006115232 0.40038672 0.00041171294 0.01317976 9.42842e-06 0.056055956 0.00030564034 0.052800853 0.20348857 0.011424857 0.002404474 0.5359526 4.4654185e-05 0.44060236 0.18057586 4.4787895e-20 0.42014575 8.665005e-05 0.44173792 0.5702173 0.40091395 0.7669763 4.5810602e-06 0.35453027 0.003156606 0.0010508142 0.049320303 0.17398663 0.0003394163 0.15563305 0.0031215805 0.121231735 6.679954e-05 1.4582744e-05 0.013159602 1.3556033e-06 0.0027747962 4.442259e-06 2.1205004e-05 2.3910488e-07 0.11288976 0.102487214 0.023612969 0.033886053 0.0026608047 1.0005374e-05 0.008045343 0.024713336 9.076643e-06 1.6877468e-06 0.032675765 1.2878349e-05 0.0062740785 0.027056124 0.0022001131 1.4067756e-05 0.0035931724 0.0011060057 3.5733553e-06 2.24034e-05 2.1380774e-05 0.0012182993 0.013394354 0.021473795 0.034374025 8.4407584e-05 0.001535665 4.4466864e-07 5.194238e-05 0.009710725 0.008374127 1.3013532e-06 1.5475057e-06 7.292492e-05 0.0028024658 0.004388488 5.3191175e-06 2.3056602e-06 1.8831623e-06 6.562908e-05 0.00012772981 0.00024601087 0.0004705213 4.826087e-05 1.3925851e-05 0.0005681875 0.0020354271 0.016967734
0.47589156 0.004383136 0.04399896 0.027986357 0.0011070585 0.07387632 0.00041243626 0.0007007923 1.1473374e-05 4.578621e-05 0.000941981 8.727837e-05 1.6409884e-05 0.000100046054 0.06814476 0.0006095006 0.040697373 1.4908438e-06 0.0024251288 0.00039709004 0.14819321 0.46483466 0.044200692 2.9719675e-05 0.75128406 0.00017270671 0.764863 0.011454945 0.42014575 7.158941e-20 1.9516882e-07 0.08090799 0.75242573 0.7467994 0.3304595 1.8876494e-07 0.058940854 0.031967297 0.008048873 0.36166885 0.016497293 2.1233143e-06 0.34467193 9.9141194e-05 0.14447302 0.00039466325 1.1219469e-06 0.062572286 6.743967e-06 0.013723616 1.7067931e-06 6.092004e-06 1.6618112e-07 0.05173036 0.02598926 0.0027375396 0.01826259 0.008548657 3.4111358e-07 0.0008209873 0.0048435647 2.6581006e-07 5.570925e-07 0.018007545 1.0347851e-06 0.0119572515 0.021716963 0.004466507 6.797596e-07 0.00033662884 0.0013855008 1.8214632e-07 5.481679e-07 0.00012496684 2.932445e-05 0.0012116357 0.016873633 0.010712545 1.1698974e-05 0.0008883248 5.799708e-06 5.0694394e-05 0.0027261777 0.002822856 1.9713252e-06 1.9986505e-06 8.254315e-07 0.00090014416 0.002458528 1.0823682e-05 2.2913398e-06 3.023738e-06 4.256047e-05 6.232474e-05 2.5964267e-05 2.8425455e-05 3.194708e-05 1.668634e-05 0.00026398172 0.0007651659 0.0074750823
0.102956794 0.052091297 0.0028629566 0.020206682 0.003234028 0.00030023194 0.19486806 0.0003897927 0.03835711 0.11701807 0.00027047185 0.45345557 0.5145883 0.19996557 0.007840841 1.424414e-06 1.6027019e-06 0.024558999 0.050142847 7.234878e-05 1.442482e-06 5.391673e-07 1.6850633e-07 0.582653 4.5681077e-06 1.0859109e-06 2.5960082e-07 0.016452484 8.665005e-05 1.9516882e-07 7.876545e-21 0.0017106285 1.2243539e-06 2.5031282e-08 5.855685e-06 0.7771299 0.00082510506 1.1433003e-07 6.095635e-08 1.602267e-07 0.00074548204 0.6114284 8.438746e-07 0.042345174 8.76401e-07 6.0085995e-08 0.65627676 1.5915504e-07 1.14562276e-07 1.4940849e-08 0.15781341 0.15475696 0.057099473 8.242842e-06 4.9545426e-05 0.00035559465 7.315346e-07 5.5606906e-09 0.03607547 4.652654e-05 5.8391784e-06 0.017787732 0.020159855 2.5247969e-06 0.00031477783 1.837278e-07 5.7177664e-07 6.0280994e-09 0.0023249208 9.643813e-07 9.491236e-10 6.72827e-05 6.1074046e-05 1.4926549e-08 5.6524783e-07 2.1276774e-05 5.004051e-07 0.00014865068 5.757879e-06 5.4477103e-09 4.2963455e-09 0.0007471618 0.00080361514 0.0004238803 9.166543e-05 5.290226e-06 1.7572325e-05 0.00039178508 6.492829e-05 5.7432358e-06 9.735593e-07 9.329049e-08 0.00019569899 6.119184e-06 3.017248e-06 2.9455553e-06 3.848866e-07 4.595743e-09 0.0002204302 0.00025212744 0.00027472986
