1.2322992e-22 0.92583156 0.91624945 0.9589249 0.8013347 0.84135956 0.8612713 0.83783174 0.838488 0.81459033 0.98496306 0.97008723 0.9178314 0.8522433 0.78402007 0.8908331 0.7378305 0.8627052 0.97309375 0.9694054 0.9792252 0.9429903 0.85778695 0.91355896 0.7738037 0.9961152 0.91580725 0.9145042 0.7914208 0.87021506 0.4315478 0.4456997 0.98450917 0.81001717 0.9200856 0.8591906 0.9358275 0.5901147 0.7782073 0.7320417 0.97510266 0.9375212 0.88279 0.99994224 0.20125468 0.9999739 0.8996793 0.4638577 0.50649434 0.87079334 0.6883196 0.98635817 0.18446517 0.13043512 0.23301257 0.015155937 0.91322905 0.9519849 0.7632147 0.015016417 0.0043986067 0.99718505 0.983694 0.92098737 0.99998075 0.0014711345 0.96919036 0.00046718863 0.9998709 5.778494e-05 0.20187367 0.6844807 0.86841756 0.84313345 0.033826996 0.27760884 0.08548817 0.9467174 0.22405237 0.0016179187 0.04268859 0.04946271 0.2796147 3.2883003e-05 0.082825355 0.8504822 0.018191919 0.7254443 0.019723343 0.6778063 0.017606521 0.029062428 0.25367475 0.64043176 0.9411356 0.03525762 0.22122985 0.01296393 0.0015262195 0.264374 0.93836355
0.92583156 3.300241e-17 0.91740805 0.9549218 0.6622193 0.69565815 0.6445175 0.8120364 0.49225688 0.56452125 0.06808233 0.7526064 0.01945028 0.4261506 0.3723747 0.08728822 0.24694358 0.2610155 0.0035337226 0.23884879 0.16854319 0.0009387749 0.0019229876 0.00057565613 0.0014936454 0.25328237 0.0002060695 0.008643386 0.0002888875 0.013930795 0.21681842 0.16721545 0.09701732 0.00010842635 0.0004815887 2.6409916e-05 4.1796843e-06 0.28434178 0.2119507 0.13963796 7.6732846e-05 0.001911692 4.417709e-06 0.016131464 0.027136382 0.03153191 1.0299505e-05 0.06306921 2.8298194e-07 3.4493692e-06 0.019244876 1.6888665e-05 0.0056768646 1.7825342e-06 9.48715e-07 0.0001143855 0.00038627643 7.59844e-05 9.762648e-07 0.00071233645 0.0011253337 2.1094884e-06 3.1479448e-07 0.00011593598 0.0004322468 0.00047025713 4.9704635e-05 2.7532851e-05 0.00014615108 4.953435e-06 1.665181e-05 1.623615e-08 0.00010053097 2.1709136e-08 0.00013249552 3.5801077e-05 2.0704151e-07 4.369667e-07 0.002983436 2.7373173e-07 8.502268e-08 7.678172e-06 1.8105792e-08 1.0384043e-06 3.3034572e-05 5.8949934e-07 1.6920474e-05 9.865734e-07 0.00010796616 7.1493105e-08 5.8026626e-06 7.4420236e-06 2.2975252e-08 4.6385267e-08 5.92162e-06 9.706266e-06 2.622912e-07 3.3295124e-05 6.6913635e-06 7.919334e-08 1.4852696e-06
0.91624945 0.91740805 1.4071845e-15 0.95768785 0.14321654 0.846835 0.86951756 0.6057582 0.058507174 0.79859805 0.34259272 0.24374734 0.2593404 0.7364375 0.6084121 0.0077731786 0.01888567 0.47262552 0.019821566 0.35889724 0.24501297 0.016555127 0.020033205 0.0060526407 0.016368544 0.18320855 0.0012363829 0.0011428883 0.0022282798 0.0011794459 0.18497348 0.16648585 0.025867442 0.0004306025 1.9250232e-05 9.100024e-05 2.8565108e-05 0.10609806 0.25690666 0.01788577 0.00024906153 0.00025544345 3.3179207e-05 0.026120113 0.04494829 0.018072622 3.4994464e-05 0.007266754 2.1744386e-06 9.786686e-06 0.0016797158 2.4442494e-05 0.016711405 1.4321229e-05 4.804098e-06 0.0009357653 0.00017581401 7.9615325e-05 7.5646417e-06 9.246317e-05 0.00014258275 2.9769742e-05 1.5785694e-06 6.5502613e-06 0.00025264325 9.0971254e-05 4.0087885e-05 4.3707387e-05 0.0002287772 1.1961961e-06 6.2249915e-06 1.2112045e-07 7.5867465e-05 5.806609e-08 2.4109306e-05 5.012895e-06 4.374045e-07 2.9011884e-08 8.8984416e-05 3.8972223e-07 1.7878298e-07 1.8354875e-06 4.8683255e-08 2.2857773e-07 4.2114616e-06 3.7079988e-06 3.4194888e-06 1.4543884e-05 1.5236351e-05 1.9020472e-08 3.028029e-06 2.770449e-06 4.7057355e-08 1.1241182e-07 6.734519e-06 7.4823134e-07 6.7859435e-07 9.4288325e-06 2.7082133e-06 1.0056639e-07 1.4386626e-06
0.9589249 0.9549218 0.95768785 2.4779585e-14 0.16629955 0.44283432 0.4423152 0.31459188 0.12872873 0.38810518 0.3616285 0.6694916 0.084405586 0.28016365 0.26255855 0.013736278 0.020764692 0.13130684 0.00850409 0.8062604 0.6567118 0.004626648 0.009538022 0.0025674654 0.0062420117 0.72583455 0.00069230486 0.004331472 0.0015792592 0.0017648102 0.05201859 0.051980756 0.1264661 0.0006343505 0.00016329339 0.00021118435 2.3423652e-05 0.054992266 0.10450073 0.0178888 0.00027228374 0.00060938345 8.449562e-05 0.07765506 0.015369618 0.057162568 0.00010409764 0.008688536 7.1261397e-06 2.7761183e-05 0.0030387212 4.777095e-05 0.0063820346 2.5174744e-05 3.1716165e-06 0.00027302248 0.0009124974 0.00023046117 1.8442686e-05 0.00012895622 0.00027261634 7.378243e-05 1.481864e-06 5.9359445e-05 0.0018574321 0.00017507681 9.101109e-05 3.6853427e-05 0.00044579068 5.4790526e-06 2.1759122e-05 8.9362857e-07 0.00045752668 2.6705052e-07 4.2616433e-05 2.579053e-05 8.7462763e-07 5.2220616e-07 0.0033156765 3.0940228e-07 8.2299954e-07 1.1994181e-05 2.7619927e-07 3.0847033e-07 2.434409e-05 8.139402e-06 1.4783543e-05 6.98524e-05 0.0002637072 1.7408067e-06 5.8902756e-06 5.905665e-06 9.2037453e-07 4.7449888e-07 0.00010499957 1.1086722e-05 3.056336e-06 2.3796334e-05 8.803546e-06 1.4093807e-07 1.7520719e-05
0.8013347 0.6622193 0.14321654 0.16629955 3.973507e-17 0.056811295 0.010227629 0.960366 0.71902055 0.015158162 0.0027275311 0.5132117 0.0008721539 0.0017150568 0.003274914 0.39461514 0.9802817 0.005072772 9.540109e-05 0.015299502 0.01451339 3.725381e-06 1.6688358e-05 6.28996e-06 1.625238e-05 0.032755747 3.4158936e-06 0.045851048 9.037705e-06 0.62289417 0.08755623 0.044056065 0.07011269 1.0898731e-06 0.001696042 1.7888325e-07 4.8133888e-08 0.26761475 0.056892086 0.2780266 8.936997e-06 0.031947695 7.65791e-07 0.0016054397 0.008305322 0.012608338 1.9473396e-07 0.25930563 5.551876e-08 3.1389497e-08 0.084103405 1.0431359e-06 0.00046165986 1.7562137e-07 8.0737884e-08 1.1263706e-05 0.00031629778 5.0197435e-05 5.2647085e-08 0.0067647803 0.0056371605 6.2626515e-07 2.0031042e-08 0.00015221705 4.651997e-05 0.0009728777 3.6217232e-06 7.139003e-06 1.320761e-05 2.7142037e-06 0.00011012889 2.745123e-09 2.044176e-05 2.8545744e-09 0.0022390636 7.604312e-05 8.8392405e-08 1.6058124e-06 0.0007526625 2.8854097e-07 4.4687987e-08 1.7583003e-05 6.033091e-09 3.3055223e-08 0.00018370846 9.333409e-08 0.00019662295 4.253989e-07 4.719088e-06 1.0180051e-08 4.998204e-07 6.1915157e-06 1.2504439e-09 2.3969262e-08 5.9249777e-07 1.6264293e-06 6.666751e-08 1.7219843e-05 4.928997e-06 1.43208645e-08 1.5658478e-07
0.84135956 0.69565815 0.846835 0.44283432 0.056811295 6.6373893e-16 0.96979594 0.8516579 0.032007392 0.9497133 0.124558434 0.11032227 0.16379018 0.675864 0.7426856 0.004717725 0.017378265 0.76440537 0.012829695 0.16054243 0.08961713 0.0009371791 0.0036765581 0.0003999223 0.010468482 0.059962027 0.00012548934 0.0004550136 0.00027079423 0.0012474336 0.32046098 0.31230658 0.009093705 2.9319472e-05 2.0363987e-05 1.090237e-06 3.7881145e-07 0.13824579 0.46045065 0.009153811 0.00021741254 0.00044497498 7.824646e-06 0.0069153216 0.10909124 0.0085411 1.5001226e-06 0.0077966317 4.5658666e-07 1.1473559e-05 0.0005427645 9.540578e-06 0.03755018 2.4355285e-07 2.5666034e-07 0.00463782 1.7491551e-05 4.6915134e-06 7.9528127e-07 8.170617e-05 0.00019476713 6.857784e-06 3.170249e-08 1.0683084e-07 0.00012878834 0.0001207988 1.1216686e-06 0.0001894585 6.8862624e-05 5.8008472e-06 1.0159597e-06 2.6447418e-09 6.8054287e-06 4.2750434e-09 2.2203501e-05 1.1267936e-06 1.5947502e-07 1.2591322e-08 0.00012301616 1.3910937e-06 1.212964e-07 1.5185412e-06 1.8601634e-08 1.1338178e-07 4.1913872e-06 7.297633e-07 5.0341237e-06 8.412941e-06 9.865908e-06 5.2742767e-08 1.6756958e-06 6.8194295e-06 2.3541684e-08 6.022885e-08 3.6681213e-06 3.8281123e-06 1.0840376e-07 1.8574505e-05 4.237338e-06 1.2673169e-08 2.0704733e-06
0.8612713 0.6445175 0.86951756 0.4423152 0.010227629 0.96979594 6.440176e-16 0.6510575 0.017068967 0.94949293 0.2632373 0.08272728 0.3697701 0.8134026 0.76308894 0.0019833506 0.0037857604 0.751438 0.053214557 0.2281091 0.13205144 0.007357058 0.020865735 0.0033698815 0.036699757 0.06636162 0.00069829787 0.00034173878 0.0014414093 0.00022624194 0.10390202 0.12351588 0.008045642 0.00017257634 7.9161255e-06 6.9140165e-06 1.8055699e-06 0.046726186 0.37060148 0.0029665362 0.00043088984 0.00016948747 2.8134158e-05 0.015147902 0.073691934 0.0103133265 5.2372866e-06 0.0019937432 2.610319e-06 0.00018998736 0.00014948487 8.767551e-06 0.046142623 3.863892e-06 3.602831e-06 0.0050491584 2.9732915e-05 8.17295e-06 3.3731656e-06 2.3186954e-05 4.2251457e-05 2.4337543e-05 2.5018073e-07 1.0898279e-07 0.00033704116 2.821022e-05 8.808361e-07 0.00021069814 0.00013803618 8.901459e-06 6.282086e-07 7.851274e-09 9.41672e-06 7.5137185e-09 8.359357e-06 9.410062e-07 2.724862e-07 1.5720326e-08 4.3739117e-05 1.6349906e-06 3.1642733e-07 8.0927487e-07 3.609396e-08 1.19066065e-07 2.5545755e-06 1.194698e-06 1.8118869e-06 1.3813001e-05 2.5676341e-05 4.353198e-08 1.9840372e-06 3.6813435e-06 5.1000157e-08 1.9279277e-07 8.963543e-06 2.208746e-06 3.9481134e-07 1.24922935e-05 3.1749757e-06 2.0583064e-08 1.6520734e-06
0.83783174 0.8120364 0.6057582 0.31459188 0.960366 0.8516579 0.6510575 2.4280877e-15 0.31267413 0.6415907 0.013279798 0.30575806 0.0072936714 0.36667275 0.4249492 0.070842616 0.84722185 0.412228 0.0007468006 0.0375175 0.026879761 0.00015586171 0.00026645386 0.00011776665 0.00060556625 0.04984184 2.2273298e-05 0.0027893954 8.1090264e-05 0.11750429 0.85141236 0.7912448 0.021425193 1.5519137e-05 0.00021867726 1.8937124e-06 2.7893103e-07 0.7824549 0.6307605 0.5344851 4.2639163e-05 0.003950779 5.172106e-06 0.0032471237 0.25106862 0.0061436417 1.2938208e-06 0.46892822 2.6968252e-07 3.4485484e-07 0.068562135 8.190388e-06 0.0072826482 8.140232e-08 1.2603088e-07 0.0009997477 2.1345124e-05 2.5556283e-06 2.576172e-07 0.0069317305 0.0102786645 7.8951615e-07 3.2590894e-08 7.0043748e-06 1.7808854e-05 0.0015671635 7.639099e-07 0.00022749572 1.1837136e-05 4.289495e-06 7.273426e-05 7.3515727e-09 2.5796078e-06 3.798743e-09 0.00037650665 1.0848102e-05 5.450592e-08 6.20837e-09 1.6648475e-05 3.7882302e-07 3.3598702e-08 6.9667612e-06 1.4000967e-09 2.9519512e-07 8.32215e-05 5.658125e-07 9.115754e-05 2.2715241e-07 2.262992e-05 7.3718485e-09 2.6945875e-06 9.336562e-06 6.262474e-08 5.9250766e-08 3.2002754e-07 1.1102948e-06 6.8889456e-08 5.0817052e-05 9.000849e-06 4.901532e-08 5.964129e-07
0.838488 0.49225688 0.058507174 0.12872873 0.71902055 0.032007392 0.017068967 0.31267413 7.466056e-18 0.019020416 0.0025274688 0.91444236 0.00077144185 0.005200003 0.009866022 0.9874844 0.45220596 0.003243756 7.494655e-05 0.03568792 0.040567994 7.3467934e-05 0.00010284543 5.438808e-05 6.440882e-05 0.09959933 1.8961657e-05 0.1050207 5.2241594e-05 0.37704718 0.017548153 0.011941496 0.47890443 1.0548107e-05 0.005611506 1.4999611e-06 4.2719952e-07 0.09645149 0.0043328768 0.18861333 7.5999005e-06 0.03546969 2.6292723e-06 0.006600016 0.000668879 0.06408603 4.42009e-06 0.18664198 8.863246e-08 5.6323287e-08 0.23586728 8.202849e-06 1.2710844e-05 3.7097936e-07 1.6522917e-07 4.427699e-07 0.0013078485 0.0005037168 4.0624536e-07 0.006482314 0.003236933 2.1438568e-06 1.911041e-07 0.0047862 0.0011293428 0.00035755202 0.00010871555 6.8060835e-06 0.00013795248 6.5079666e-07 0.00034315532 3.768764e-09 0.00013905407 3.999528e-09 0.0017094788 0.00035673592 2.8914103e-08 1.3651644e-05 0.004568618 7.2461646e-08 7.475109e-09 1.5094342e-05 2.7065408e-09 2.3900645e-08 9.6296426e-05 7.035461e-07 0.00017359693 1.1837808e-06 9.20155e-07 9.0897665e-08 4.6252114e-07 1.9999184e-06 2.7481928e-09 9.607737e-09 8.466666e-06 1.4636147e-05 5.3798615e-08 8.9741925e-06 1.8388619e-06 5.4719846e-09 1.9534777e-07
0.81459033 0.56452125 0.79859805 0.38810518 0.015158162 0.9497133 0.94949293 0.6415907 0.019020416 2.5728124e-15 0.28758684 0.049422886 0.3871447 0.94824743 0.94567764 0.0020913614 0.007119321 0.920102 0.086123995 0.17545897 0.11922139 0.0236808 0.07501654 0.011743111 0.13115397 0.057474762 0.0028603845 0.00046392248 0.0045559327 0.00078324595 0.22843392 0.24925807 0.0069273785 0.0005709694 1.5248605e-05 4.3205473e-05 9.307056e-06 0.08460971 0.45021832 0.004058945 0.0005466342 0.00064273615 7.628958e-05 0.017469656 0.13690837 0.009195762 2.22568e-05 0.0023528705 1.1318592e-05 0.00046548553 0.00039571567 2.564641e-05 0.09751341 7.21713e-06 3.3275712e-06 0.012236649 5.6586647e-05 2.2141714e-05 6.993662e-06 8.600108e-05 6.0312686e-05 3.101272e-05 1.1357664e-06 3.1479058e-07 0.00016875796 3.6639347e-05 1.357025e-06 0.00036030717 7.2498326e-05 1.7936603e-05 5.7036473e-06 1.6406682e-08 4.7136905e-06 1.9884146e-08 2.7536686e-05 3.2304658e-06 6.106962e-07 2.4885422e-08 1.6824268e-05 6.3258553e-06 1.0152759e-06 1.1367905e-06 8.5784365e-08 2.4415073e-07 8.195757e-06 2.1767871e-06 6.7353544e-06 1.1215986e-05 6.288104e-05 1.0661176e-08 1.9815288e-05 1.6735174e-06 2.4793312e-07 1.8234725e-07 3.9572606e-06 5.999704e-07 5.7528973e-07 2.1605692e-05 2.126593e-06 3.3690856e-08 6.1566794e-07
0.98496306 0.06808233 0.34259272 0.3616285 0.0027275311 0.124558434 0.2632373 0.013279798 0.0025274688 0.28758684 6.1196037e-14 0.011271155 0.97284657 0.3875062 0.26055816 0.0006146109 0.00062833657 0.126491 0.4843976 0.79714596 0.55946696 0.43616694 0.24408188 0.2363531 0.07950414 0.24924767 0.08661468 0.00032453125 0.044615474 6.3862746e-05 0.00968979 0.012989114 0.013419657 0.018223947 1.0571914e-05 0.01020444 0.00205839 0.0032235447 0.045865014 0.0010959721 0.0038973826 0.00012309867 0.0007216855 0.40477026 0.013883155 0.08271669 0.00075435266 0.0007778035 9.8124096e-05 0.0014344869 0.00011799408 0.00016836765 0.038244195 0.00037508333 0.00012717168 0.0012766181 0.0004343182 0.00018076049 6.339085e-05 5.923342e-06 1.8762761e-05 0.00029876299 3.8724076e-05 5.720333e-06 0.002285258 2.7719543e-05 9.524501e-05 7.361157e-05 0.0012739722 1.18997505e-05 1.1418315e-05 1.8277991e-05 0.00024653366 5.744474e-06 0.00023367621 6.957002e-06 4.77558e-06 3.628366e-07 0.00080447283 2.0819377e-06 3.0103897e-06 3.652582e-05 2.8748748e-06 1.3840684e-06 5.312844e-05 3.5187524e-05 5.719746e-05 0.0002513314 0.0015137424 8.756216e-07 8.090696e-05 1.2927531e-05 1.793108e-05 1.6089639e-06 0.00019745823 5.250699e-06 2.3017988e-05 0.00020445122 0.00013326891 3.7064095e-07 6.8379144e-05
0.97008723 0.7526064 0.24374734 0.6694916 0.5132117 0.11032227 0.08272728 0.30575806 0.91444236 0.049422886 0.011271155 2.124929e-15 0.004096595 0.023824945 0.024860825 0.60211396 0.2160469 0.009852318 0.0007862496 0.32302868 0.27356526 0.00052262476 0.0005450138 0.00034733658 0.00045507806 0.85506225 0.00010822491 0.052323584 0.00025887438 0.032519303 0.010217606 0.011160774 0.9131196 0.000107601976 0.0032289182 2.4930854e-05 4.580357e-06 0.05996223 0.010028 0.096488334 4.8610633e-05 0.011179421 3.071128e-05 0.04106845 0.00079267507 0.27052063 3.998491e-05 0.057178173 4.3167088e-07 8.0779125e-07 0.050067097 3.160573e-05 5.3188716e-05 3.3837302e-06 4.1094527e-06 3.8124278e-06 0.0052463026 0.0013273905 4.3623663e-06 0.00045576732 0.00026047166 1.6328378e-05 8.674712e-07 0.002629409 0.0033820027 0.00021782138 0.00071819726 4.7197404e-06 0.00036470406 1.5783532e-07 7.987443e-05 1.4314523e-07 0.0011437312 7.0135854e-08 0.0001904367 0.00016820666 1.5732152e-07 1.2326307e-05 0.013417117 8.9597005e-09 1.5738155e-07 4.441418e-05 9.5010435e-08 6.1645222e-09 0.00012035654 2.9544256e-06 2.2197235e-05 2.043638e-05 6.9532776e-05 2.6493326e-06 3.155945e-06 5.9875947e-06 1.8625831e-06 3.4116692e-07 8.737314e-05 5.48043e-05 7.768786e-07 1.4226975e-05 5.818144e-06 8.099144e-08 9.902303e-06
0.9178314 0.01945028 0.2593404 0.084405586 0.0008721539 0.16379018 0.3697701 0.0072936714 0.00077144185 0.3871447 0.97284657 0.004096595 2.3705806e-14 0.5520753 0.35033804 0.0001543722 0.00025275364 0.1747103 0.92629635 0.30470112 0.12657104 0.69973737 0.46382943 0.4579498 0.20448817 0.058607765 0.26057696 8.0596226e-05 0.1155931 5.7980906e-05 0.0066912333 0.009832424 0.004330708 0.049438324 2.1802132e-06 0.018710509 0.0076235 0.0024692558 0.0299649 0.0007108153 0.0025935848 4.125157e-05 0.00039769337 0.11589388 0.012980296 0.020701459 0.00046016162 0.00026007055 0.00013645182 0.0023806335 6.378569e-05 0.000110911904 0.04205526 0.00038208923 0.000112799884 0.0014933242 0.000118013886 5.7671747e-05 3.773476e-05 1.5850334e-06 3.304117e-06 0.0001995316 3.466225e-05 1.5311052e-06 0.00069354626 7.536134e-06 5.6473276e-05 4.270077e-05 0.0009971173 9.800836e-06 6.434046e-06 6.387337e-06 5.1917865e-05 2.1264286e-06 6.3088482e-06 1.6548282e-06 1.486484e-06 1.8089533e-08 2.3438737e-05 2.3863365e-06 8.0609817e-07 7.19448e-06 5.1145764e-07 1.6752916e-06 8.376602e-06 3.1329073e-05 1.4881288e-05 7.426175e-05 4.045732e-05 1.15952616e-07 1.4824415e-05 2.2963242e-05 1.2504672e-06 4.7221738e-07 3.2468648e-05 9.3863287e-07 6.615185e-06 5.6372868e-05 2.1454429e-05 3.7143215e-07 1.5783866e-05
0.8522433 0.4261506 0.7364375 0.28016365 0.0017150568 0.675864 0.8134026 0.36667275 0.005200003 0.94824743 0.3875062 0.023824945 0.5520753 1.3006784e-15 0.96653575 0.0007960652 0.0005269197 0.94679326 0.24849866 0.2317958 0.15285553 0.117084004 0.17872722 0.06705621 0.35062143 0.049585186 0.018558279 0.00015761715 0.022344619 0.00011467986 0.099391975 0.10617402 0.0027629028 0.0032108377 4.7861076e-06 0.00042353803 1.1977514e-05 0.027500635 0.40645206 0.001062321 0.0012460533 0.00011602712 0.00017088503 0.032435585 0.12757559 0.008579346 3.573497e-05 0.00080982497 3.4737237e-05 0.0025431984 7.2479656e-05 3.016133e-05 0.15175574 6.161819e-05 1.7334572e-05 0.01169042 4.9011236e-05 4.5817487e-05 1.21670255e-05 1.5585389e-05 4.8942225e-06 6.18281e-05 4.876844e-06 7.7146055e-08 0.00025119865 8.958338e-06 1.6336003e-06 0.00037418652 0.00020084891 7.0053604e-05 3.019139e-06 1.2665443e-07 5.549923e-06 4.0076927e-08 7.799033e-06 1.5552139e-06 8.6757126e-07 9.621545e-09 5.7783636e-06 9.626141e-06 1.335492e-06 9.088523e-07 1.4190454e-07 1.8745831e-06 3.3188558e-06 2.489796e-06 4.521131e-06 2.8767221e-05 3.6719273e-05 6.326208e-09 7.2339503e-06 2.2398451e-06 2.3875623e-07 3.0375688e-07 6.02142e-06 2.8557042e-07 1.0100271e-06 9.315482e-06 9.661636e-07 5.565203e-08 1.3865758e-06
0.78402007 0.3723747 0.6084121 0.26255855 0.003274914 0.7426856 0.76308894 0.4249492 0.009866022 0.94567764 0.26055816 0.024860825 0.35033804 0.96653575 1.3909687e-14 0.0011144549 0.0014203569 0.9761618 0.10907925 0.14051773 0.10158195 0.046005324 0.11676791 0.019032631 0.2961025 0.037749186 0.0070117936 0.00042244003 0.009747035 0.0004007105 0.21435225 0.23084493 0.0031915328 0.0013303553 1.2989298e-05 0.00013479768 1.3524973e-05 0.052503806 0.4655731 0.0017988133 0.0007982379 0.00044674292 0.000113438415 0.016135301 0.15148684 0.0050533256 2.9115427e-05 0.0013362477 1.9257817e-05 0.0010794943 0.00020671412 4.0350045e-05 0.106467746 1.9674515e-05 5.3160443e-06 0.011984713 1.848858e-05 3.163115e-05 7.85151e-06 3.988566e-05 2.1383692e-05 5.8424008e-05 1.4649436e-06 1.0630988e-07 7.377581e-05 6.470418e-06 8.7679894e-07 0.00053213123 5.2947405e-05 9.731871e-05 5.383075e-06 3.586414e-08 1.9324498e-06 2.6552412e-08 2.3536355e-05 1.3987909e-06 5.615507e-07 3.7703174e-09 2.6086916e-06 5.7985735e-06 9.743264e-07 7.1492457e-07 7.872992e-08 1.5152473e-06 5.9577933e-06 1.5975623e-06 6.4053197e-06 6.2079e-06 1.3790216e-05 2.5847284e-09 4.350443e-06 2.000136e-06 9.800583e-08 5.8559134e-08 1.8538888e-06 2.0954778e-07 6.1275614e-07 1.3817993e-05 1.5522561e-06 2.8040391e-08 9.521593e-07
0.8908331 0.08728822 0.0077731786 0.013736278 0.39461514 0.004717725 0.0019833506 0.070842616 0.9874844 0.0020913614 0.0006146109 0.60211396 0.0001543722 0.0007960652 0.0011144549 9.73642e-18 0.21630967 0.0005531664 2.5151972e-05 0.016399708 0.01766458 2.0440433e-05 3.191078e-05 2.303426e-05 3.1427615e-05 0.07906114 9.191005e-06 0.8514085 2.4803694e-05 0.6465398 0.006727221 0.0036080666 0.7972061 3.6671347e-06 0.065780066 5.6529313e-07 1.7934566e-07 0.020461993 0.00091434416 0.06880664 4.802467e-06 0.18876533 5.1735856e-06 0.0035240152 0.0018166832 0.17422213 2.5585398e-06 0.10959718 5.1066838e-08 2.916272e-07 0.30178714 3.0711644e-06 4.706488e-05 5.5231084e-07 8.883031e-08 3.256843e-06 0.026055366 0.0030261572 3.1066062e-07 0.008744743 0.0023883847 4.942174e-07 7.755487e-08 0.07302944 0.0024853884 0.00025235504 0.00035957413 3.104844e-05 8.180206e-05 1.43349e-06 0.0060679126 7.0177837e-09 0.0006128088 1.5853203e-08 0.012204767 0.0042144973 1.352456e-07 0.0015171191 0.14787512 7.366163e-07 5.6803593e-08 0.0004602641 4.9421338e-08 2.3862203e-08 0.0009943383 2.3426804e-07 0.0006718104 1.561192e-06 4.8042443e-06 6.7948968e-06 4.4428458e-07 3.9496725e-05 3.154523e-09 5.9370993e-09 8.731158e-05 0.0004251254 4.2724043e-08 4.4655633e-05 1.5166749e-05 2.8964373e-09 2.1642398e-07
0.7378305 0.24694358 0.01888567 0.020764692 0.9802817 0.017378265 0.0037857604 0.84722185 0.45220596 0.007119321 0.00062833657 0.2160469 0.00025275364 0.0005269197 0.0014203569 0.21630967 1.7945032e-15 0.0012868994 5.6637346e-05 0.0055699125 0.004962464 4.688847e-06 1.8250452e-05 1.1747596e-05 2.408793e-05 0.014121181 5.23419e-06 0.021459088 1.9427098e-05 0.9152083 0.20136572 0.09963415 0.05230162 2.371047e-06 0.0022373924 1.5873908e-07 2.8615535e-08 0.6182452 0.034290567 0.7544782 1.3058008e-05 0.20399487 8.779478e-07 0.0013121236 0.014699911 0.009453387 2.1202031e-07 0.6761325 8.0640305e-08 1.0726466e-08 0.5219909 1.3044347e-06 4.5796474e-05 4.070021e-08 7.577219e-08 6.9039415e-06 0.000100236866 3.7916856e-05 6.925848e-08 0.07966953 0.040278543 8.9336265e-07 2.3672488e-08 0.0003943696 2.4934112e-05 0.0033938945 3.4717214e-06 4.5181587e-05 7.775691e-06 1.1934505e-05 0.0006594478 3.811487e-09 9.742583e-06 1.4928362e-09 0.013844383 0.00021928412 1.5696065e-07 6.2305744e-06 0.00022824417 1.2014362e-07 2.9702488e-08 5.7565532e-05 4.9217928e-09 1.5665813e-07 0.00025449172 2.8848567e-07 0.00043174933 1.256767e-07 1.20212e-06 3.838073e-08 3.0579424e-06 3.170206e-05 7.1718326e-08 4.77227e-08 1.1536841e-06 9.031347e-06 1.2517707e-07 3.4110355e-05 3.7690952e-05 4.5016325e-08 5.9082026e-07
0.8627052 0.2610155 0.47262552 0.13130684 0.005072772 0.76440537 0.751438 0.412228 0.003243756 0.920102 0.126491 0.009852318 0.1747103 0.94679326 0.9761618 0.0005531664 0.0012868994 1.0436112e-14 0.06485653 0.06747292 0.03508221 0.067218594 0.13752247 0.033266257 0.3611798 0.021240272 0.012404255 0.0002101559 0.015284481 8.765197e-05 0.68025625 0.68270385 0.0015161465 0.0017218261 1.0404379e-05 0.000156627 6.45561e-05 0.17999645 0.7653002 0.00234504 0.0006952505 7.365173e-05 0.000115678995 0.010218809 0.5255404 0.0029410333 2.3643122e-05 0.0029938333 2.3453475e-05 0.00028949592 9.4606956e-05 5.8234822e-05 0.2140454 7.2150247e-06 5.3020244e-06 0.042362705 1.9096574e-06 1.6896358e-06 5.857193e-06 2.3944762e-05 6.827778e-06 1.7990173e-05 1.3595321e-07 2.4979675e-08 0.000118976815 3.3006163e-05 3.205303e-07 0.0020821532 6.4755266e-05 0.00019280647 6.8372783e-06 5.1058752e-08 6.2970577e-07 9.992128e-08 7.060358e-05 1.2951824e-06 7.1858165e-07 6.2319914e-09 1.04270555e-07 1.4509789e-05 1.2110365e-06 9.261069e-06 2.423963e-07 4.3821597e-06 2.7540626e-05 1.3163556e-06 2.32116e-05 4.7183726e-06 6.034804e-06 1.141815e-09 7.075203e-06 3.099788e-05 3.734051e-07 8.592651e-08 4.6020634e-07 4.287914e-07 6.4131837e-07 8.230686e-05 2.3116254e-05 5.2777892e-08 1.5082629e-05
0.97309375 0.0035337226 0.019821566 0.00850409 9.540109e-05 0.012829695 0.053214557 0.0007468006 7.494655e-05 0.086123995 0.4843976 0.0007862496 0.92629635 0.24849866 0.10907925 2.5151972e-05 5.6637346e-05 0.06485653 1.812277e-14 0.28806418 0.15745026 0.93800014 0.65494084 0.7739437 0.3702219 0.040667705 0.6048063 1.7087143e-05 0.4008251 4.334214e-06 0.0021900397 0.0037760446 0.0014024329 0.29627055 8.6954435e-07 0.16488975 0.10519777 0.00076453644 0.010287496 0.00016575007 0.057818517 7.0079027e-06 0.003995518 0.54336697 0.008895113 0.034035843 0.002105201 5.972234e-05 0.002133495 0.03362522 8.236007e-06 0.0004192673 0.097206555 0.0037226304 0.000944697 0.0034751024 0.000108190434 0.00012782901 0.00034775955 4.5786578e-08 1.3311109e-07 0.0007370788 0.0002622396 3.6532748e-07 0.0016749705 1.3168036e-06 8.2574574e-05 6.625354e-05 0.0041203233 4.7493806e-05 1.8657315e-06 7.205676e-05 0.00019373288 1.3943539e-05 9.478953e-06 8.1464094e-07 1.3244769e-05 5.3611057e-08 1.3241082e-05 2.133865e-05 1.9475208e-06 7.86398e-06 1.7401594e-06 3.3859415e-06 1.7711058e-05 5.6827957e-05 4.042471e-06 0.0007594329 0.00010684354 7.8548396e-07 1.2792272e-05 3.0047813e-05 3.8887374e-06 1.3322705e-05 0.00017464608 2.6335746e-07 4.5829285e-05 5.285911e-05 1.1400013e-05 3.0275783e-06 0.00012838856
0.9694054 0.23884879 0.35889724 0.8062604 0.015299502 0.16054243 0.2281091 0.0375175 0.03568792 0.17545897 0.79714596 0.32302868 0.30470112 0.2317958 0.14051773 0.016399708 0.0055699125 0.06747292 0.28806418 2.5491961e-14 0.9779582 0.25850698 0.081000514 0.1152618 0.01925696 0.6245182 0.06488833 0.0107263 0.019149305 0.001412898 0.010823091 0.009784013 0.036719285 0.016696462 0.00030804778 0.027599866 0.010510422 0.0023958744 0.009994656 0.0018492177 0.026948128 0.0008046052 0.020782284 0.46552518 0.001046399 0.19005951 0.010004754 0.00053388916 0.0009923129 0.0006164982 0.002234467 0.0040328144 0.003269805 0.00214795 0.00034345934 6.349352e-05 0.0047065956 0.005152276 0.00048287414 0.00023513619 5.6273067e-05 0.006658482 0.0014498207 0.0011382138 0.0043086866 0.00013437707 0.0032723835 1.4291568e-05 0.010253269 5.414229e-06 8.625118e-05 0.00027549992 0.00036284735 3.427254e-05 0.00010118425 8.79462e-05 3.954197e-06 4.1999402e-07 0.0030454462 4.8343713e-06 4.2934935e-06 1.9459438e-05 8.0193547e-07 3.0091185e-06 4.1857253e-05 0.0021258197 0.00025264302 0.0019913695 0.0018379786 2.7968164e-07 6.2390895e-06 3.515026e-07 8.618667e-06 2.8969114e-06 0.00010566365 3.744893e-05 7.937689e-05 0.0001388798 7.211715e-06 4.991473e-07 7.2912546e-05
0.9792252 0.16854319 0.24501297 0.6567118 0.01451339 0.08961713 0.13205144 0.026879761 0.040567994 0.11922139 0.55946696 0.27356526 0.12657104 0.15285553 0.10158195 0.01766458 0.004962464 0.03508221 0.15745026 0.9779582 3.3956805e-14 0.12298582 0.051295973 0.054681167 0.012491289 0.8431551 0.02998434 0.016035553 0.015165754 0.0023388646 0.011398166 0.010412077 0.034631938 0.009583658 0.00048137773 0.018450508 0.0052121766 0.0041815187 0.018995835 0.0027765539 0.007267273 0.0014945603 0.016603153 0.53386545 0.0013252174 0.27930194 0.006698397 0.0009744604 0.00079703453 0.0014049583 0.0018604946 0.0028485444 0.0029607422 0.0031581447 0.00021554295 9.667683e-05 0.012687822 0.0062177833 0.000435957 0.00012917236 9.6890406e-05 0.0016277618 0.0004721364 0.0011183245 0.008868333 0.00017398609 0.002829153 3.773929e-05 0.008031943 1.5995587e-05 5.744597e-05 7.640703e-05 0.001100182 2.5706673e-05 4.6422156e-05 0.00011925842 1.5457172e-05 2.6639568e-06 0.02756893 1.7151311e-06 8.346332e-06 2.747174e-05 1.7523901e-06 6.6235943e-06 3.0612297e-05 0.0007212459 4.6725298e-05 0.0021462934 0.0062844027 1.2811996e-06 4.7865346e-05 1.2586377e-06 1.3677786e-05 1.9685765e-06 0.00016133986 0.00014136394 0.00011890069 0.00013178667 8.6264015e-05 4.806767e-07 5.9493646e-05
0.9429903 0.0009387749 0.016555127 0.004626648 3.725381e-06 0.0009371791 0.007357058 0.00015586171 7.3467934e-05 0.0236808 0.43616694 0.00052262476 0.69973737 0.117084004 0.046005324 2.0440433e-05 4.688847e-06 0.067218594 0.93800014 0.25850698 0.12298582 9.672798e-15 0.86984235 0.94647056 0.6056698 0.027236609 0.7318831 3.2993325e-05 0.47318247 2.0315715e-06 0.00045811417 0.0010803763 0.0021254446 0.3601624 6.2985526e-07 0.11272864 0.046806708 0.00029295424 0.009669551 2.6167658e-05 0.024714844 2.908036e-06 0.0020453178 0.33506802 0.015631596 0.013717223 0.00027657108 1.2508447e-05 0.0004264378 0.15603776 1.4566821e-06 9.5747266e-05 0.24052733 0.00047897105 0.00016014461 0.007878908 1.6185451e-05 1.1347893e-05 5.1675524e-05 1.2057544e-07 1.9525372e-07 0.000118825876 8.318583e-06 1.8768924e-08 0.001516942 8.6763913e-07 3.2648943e-06 0.00020980947 0.0009771439 5.489705e-05 1.2154084e-07 8.9866916e-07 4.6171113e-05 4.648595e-07 1.7691872e-06 4.738414e-07 1.8348802e-06 8.896489e-09 2.0485551e-05 8.128429e-05 1.3714783e-06 1.535558e-06 4.8760734e-07 4.299053e-06 1.6358265e-06 5.368459e-06 1.1423232e-06 0.00014917429 3.2024924e-05 1.929333e-07 4.3472037e-06 1.0879026e-05 2.505231e-07 7.464979e-07 9.935529e-05 2.7562944e-06 5.089249e-06 6.8445725e-06 2.4349803e-05 2.1461383e-07 3.024596e-05
0.85778695 0.0019229876 0.020033205 0.009538022 1.6688358e-05 0.0036765581 0.020865735 0.00026645386 0.00010284543 0.07501654 0.24408188 0.0005450138 0.46382943 0.17872722 0.11676791 3.191078e-05 1.8250452e-05 0.13752247 0.65494084 0.081000514 0.051295973 0.86984235 1.6059266e-16 0.93466425 0.97420126 0.018548911 0.6745963 6.717191e-05 0.8288579 2.4163008e-05 0.0031998747 0.005681804 0.0010387388 0.3184963 3.323957e-07 0.06094849 0.019089123 0.0005671702 0.05020904 3.470211e-05 0.0051862863 2.8807908e-05 0.0007033872 0.06726391 0.042973515 0.0038614331 0.00012880198 2.9650286e-05 0.00014391966 0.19376089 2.581035e-06 8.8330344e-05 0.3448976 0.0005635379 8.699549e-05 0.018400967 3.755692e-06 6.463122e-06 1.8210534e-05 6.3495696e-07 7.982363e-07 5.3909684e-05 1.3762486e-06 1.0191668e-08 0.00011784743 1.2740194e-06 2.2777012e-06 0.00012561686 0.00014500445 3.0474841e-05 3.652749e-07 4.987674e-08 1.0214068e-06 4.058935e-08 4.5492875e-06 4.2614846e-07 6.206701e-07 2.927948e-09 2.1457949e-05 5.3956184e-05 4.4158872e-07 3.9994023e-07 9.321916e-08 2.1257495e-06 2.5875909e-06 4.2458164e-06 3.2364046e-06 9.1762995e-06 1.7808352e-06 1.13057e-09 2.297438e-06 1.7616849e-06 1.8022376e-08 2.1042782e-08 7.278547e-07 2.6681988e-07 5.446625e-07 1.0067176e-05 1.3119752e-06 1.4410053e-08 8.304018e-07
0.91355896 0.00057565613 0.0060526407 0.0025674654 6.28996e-06 0.0003999223 0.0033698815 0.00011776665 5.438808e-05 0.011743111 0.2363531 0.00034733658 0.4579498 0.06705621 0.019032631 2.303426e-05 1.1747596e-05 0.033266257 0.7739437 0.1152618 0.054681167 0.94647056 0.93466425 4.476307e-15 0.71845984 0.017268984 0.94861394 2.6092901e-05 0.8031431 7.703975e-06 0.0004137353 0.0009254923 0.0012679965 0.56639314 2.2001191e-07 0.21125609 0.090327136 0.00024493097 0.008608831 2.3471015e-05 0.02950737 6.762883e-06 0.006022515 0.23737738 0.02151704 0.0074091135 0.000718249 1.5773558e-05 0.0023436472 0.39984298 1.5548519e-06 0.00015196032 0.31866643 0.0024898744 0.0005293953 0.014045538 1.0084991e-05 2.6578242e-05 0.00010183761 1.7061966e-07 1.8719776e-07 0.00033711412 1.744717e-05 1.7989374e-08 0.0008786511 1.0432253e-06 5.2152614e-06 0.00014166354 0.001030696 4.2772543e-05 2.5679745e-07 4.186035e-06 2.06743e-05 8.8082436e-07 1.0333621e-06 3.797146e-07 8.272571e-06 3.1925476e-09 6.5499744e-06 0.000116394745 3.0465e-06 7.338628e-07 1.3761451e-06 4.1992416e-06 1.185912e-06 1.14111845e-05 1.2241615e-06 0.00022546265 4.5087004e-06 4.3539615e-08 5.3033646e-06 6.0042917e-06 4.917763e-07 3.414345e-07 4.2003412e-05 1.5024149e-06 8.015528e-06 4.0813707e-06 1.0178343e-06 1.7342391e-07 1.4910523e-05
0.7738037 0.0014936454 0.016368544 0.0062420117 1.625238e-05 0.010468482 0.036699757 0.00060556625 6.440882e-05 0.13115397 0.07950414 0.00045507806 0.20448817 0.35062143 0.2961025 3.1427615e-05 2.408793e-05 0.3611798 0.3702219 0.01925696 0.012491289 0.6056698 0.97420126 0.71845984 5.563732e-14 0.0077996287 0.5816647 2.6018528e-05 0.9281317 3.6112713e-05 0.013994663 0.018118083 0.00048686212 0.5287468 9.856349e-07 0.08343079 0.023910597 0.0015071551 0.12587336 2.9844618e-05 0.0017927446 5.410476e-06 0.0008648382 0.019191623 0.21936095 0.0019213726 0.00013560834 0.00010821675 0.00038179947 0.3167644 6.3112484e-06 0.00019775277 0.69068646 0.00090693805 6.802084e-05 0.09719941 2.5854251e-06 4.581537e-06 3.357784e-05 9.603834e-07 1.4280797e-06 7.9812984e-05 2.0962805e-06 3.782694e-08 0.00014488117 2.3398572e-06 1.1531847e-06 0.0011294957 0.00010671767 0.00015275803 1.1525311e-05 2.4491376e-07 9.100414e-07 3.4517566e-07 7.664355e-05 2.7450617e-06 2.718701e-06 1.4127725e-08 6.040786e-08 0.00024023342 2.6076693e-06 1.5682479e-05 8.206272e-07 5.6638446e-06 6.200554e-05 7.0416945e-06 7.830831e-05 1.8928866e-05 1.8891786e-05 1.8337385e-09 1.813594e-05 9.818667e-06 6.9766684e-06 1.9553863e-07 1.6283104e-06 2.4622338e-07 4.1617695e-06 0.0001455173 3.270087e-05 5.004839e-07 7.584521e-06
0.9961152 0.25328237 0.18320855 0.72583455 0.032755747 0.059962027 0.06636162 0.04984184 0.09959933 0.057474762 0.24924767 0.85506225 0.058607765 0.049585186 0.037749186 0.07906114 0.014121181 0.021240272 0.040667705 0.6245182 0.8431551 0.027236609 0.018548911 0.017268984 0.0077996287 8.038326e-15 0.007998672 0.061986543 0.007898133 0.010723877 0.009220354 0.009085733 0.43916437 0.0034387426 0.006127793 0.0071231513 0.002235441 0.008763146 0.010601978 0.007743771 0.0043312223 0.006431228 0.006750347 0.55855954 0.0004873192 0.62398946 0.0027093242 0.0019734753 0.00047754007 0.00036688556 0.0039060898 0.0013949459 0.0013871897 0.0007036411 0.00017015665 9.9347904e-05 0.03473939 0.011925376 0.0002649942 0.00015592072 0.00011080893 0.00089771836 0.0006009443 0.0041314648 0.01616859 0.00035250688 0.0070396 4.8642258e-05 0.0044593588 2.2053668e-05 0.0001572775 0.00012539316 0.0024852187 2.9746898e-05 0.00022645693 0.00020593316 1.2816732e-05 5.0472972e-05 0.05194968 8.251904e-06 3.793755e-05 0.000275512 1.2934006e-05 1.7399581e-05 0.00025439708 0.0005255228 8.363786e-05 0.0015666822 0.11058906 1.6112173e-05 0.00043428902 7.692445e-05 0.00031643294 4.3365826e-06 0.00041715984 0.00020884007 0.000113996604 0.00042863932 0.00078528625 8.685349e-07 7.645754e-05
0.91580725 0.0002060695 0.0012363829 0.00069230486 3.4158936e-06 0.00012548934 0.00069829787 2.2273298e-05 1.8961657e-05 0.0028603845 0.08661468 0.00010822491 0.26057696 0.018558279 0.0070117936 9.191005e-06 5.23419e-06 0.012404255 0.6048063 0.06488833 0.02998434 0.7318831 0.6745963 0.94861394 0.5816647 0.007998672 1.8776772e-15 8.955391e-06 0.9186734 5.306929e-07 0.00031887583 0.00060917984 0.00043144534 0.9124776 5.999701e-08 0.60658866 0.4792142 0.0003635052 0.005256539 1.23606915e-05 0.07922396 1.638095e-06 0.031911 0.2810632 0.017813848 0.0054160315 0.003344073 1.1195222e-05 0.034392018 0.6020296 7.4104264e-07 0.0006020482 0.3573503 0.017469823 0.0037759023 0.011252092 5.3850727e-06 1.830826e-05 0.0005097023 8.6042455e-08 3.7795783e-08 0.00052636146 0.0001075995 1.1476583e-08 0.0007174449 8.4224894e-07 4.9382893e-06 0.00020938848 0.0014501399 5.258494e-05 2.1599615e-07 2.2241458e-05 1.1733912e-05 4.318782e-06 1.0635968e-05 1.754262e-07 3.768797e-05 3.974721e-09 1.9540805e-06 0.00019477234 6.99541e-06 7.074106e-07 2.0924733e-06 8.65907e-06 6.3421776e-06 1.8649782e-05 6.083365e-06 0.0002462714 2.3843972e-05 4.8074707e-08 1.6900382e-05 6.2432377e-06 1.662665e-06 3.2998153e-06 4.1410854e-05 6.50734e-07 1.631297e-05 1.7333366e-05 4.295832e-06 7.133929e-07 1.5401934e-05
0.9145042 0.008643386 0.0011428883 0.004331472 0.045851048 0.0004550136 0.00034173878 0.0027893954 0.1050207 0.00046392248 0.00032453125 0.052323584 8.0596226e-05 0.00015761715 0.00042244003 0.8514085 0.021459088 0.0002101559 1.7087143e-05 0.0107263 0.016035553 3.2993325e-05 6.717191e-05 2.6092901e-05 2.6018528e-05 0.061986543 8.955391e-06 2.8408334e-16 2.7823153e-05 0.5200979 0.001035619 0.00044807012 0.82597625 2.2723596e-06 0.9858118 4.1887483e-07 9.9935185e-08 0.0023813557 0.00041534708 0.0056497785 6.38414e-06 0.64074904 3.026066e-06 0.0038138318 0.00014127445 0.39177117 1.2570722e-06 0.019016434 3.9858524e-08 1.3159895e-07 0.20841481 9.223867e-07 2.0226047e-05 2.1853535e-07 1.1817611e-07 1.4376066e-06 0.12833875 0.012608616 2.6080684e-07 0.012928661 0.0011815077 1.9002831e-06 2.2626747e-07 0.33830068 0.0052199787 0.00022205737 0.0011590736 9.757227e-06 0.00014788586 2.818948e-07 0.023203462 2.4329456e-08 0.0016667874 1.685056e-08 0.04843925 0.019562855 1.01527725e-07 0.010031679 0.34649128 3.498779e-07 1.3853467e-08 0.0012184259 1.635076e-08 1.4734398e-08 0.014488164 3.872673e-07 0.008954333 9.073866e-06 5.4359894e-06 2.928267e-05 3.4721103e-07 0.00010275288 4.58521e-09 3.9572696e-09 0.00015767956 0.0012197669 1.3211805e-07 0.00017546343 2.9891386e-05 3.5670784e-09 1.3466597e-06
0.7914208 0.0002888875 0.0022282798 0.0015792592 9.037705e-06 0.00027079423 0.0014414093 8.1090264e-05 5.2241594e-05 0.0045559327 0.044615474 0.00025887438 0.1155931 0.022344619 0.009747035 2.4803694e-05 1.9427098e-05 0.015284481 0.4008251 0.019149305 0.015165754 0.47318247 0.8288579 0.8031431 0.9281317 0.007898133 0.9186734 2.7823153e-05 1.3148663e-15 1.6959522e-05 0.00082031626 0.001197984 0.0005340028 0.96399873 2.2474379e-07 0.37436965 0.12886985 0.00044967348 0.009378443 4.029771e-05 0.012890705 3.5638568e-06 0.0073476345 0.057696085 0.028009688 0.0023909886 0.001287479 2.3607707e-05 0.0036377057 0.5047704 7.580045e-06 0.000527712 0.4349743 0.0045175627 0.0008292944 0.016542573 7.1746854e-06 2.8920877e-05 0.00017600106 7.100236e-07 6.507129e-07 0.0003177281 3.143727e-05 7.654483e-08 0.00013021701 1.0591788e-06 2.2484787e-06 9.874573e-05 0.0003811079 4.759129e-05 2.4730343e-06 4.299541e-06 1.1994164e-06 1.7129834e-06 2.347565e-05 1.0628277e-06 1.24734715e-05 6.7241643e-09 6.419009e-07 0.00020205755 6.7563005e-06 9.501465e-07 2.686095e-06 4.44123e-06 9.405411e-06 7.772477e-05 3.1716274e-05 6.818458e-05 5.6703734e-06 4.4201296e-09 1.07277e-05 2.1043847e-06 7.495283e-07 9.8722e-07 3.1074194e-06 2.6723633e-08 2.221727e-05 2.4781943e-05 3.555933e-06 7.9948956e-07 2.9222342e-06
0.87021506 0.013930795 0.0011794459 0.0017648102 0.62289417 0.0012474336 0.00022624194 0.11750429 0.37704718 0.00078324595 6.3862746e-05 0.032519303 5.7980906e-05 0.00011467986 0.0004007105 0.6465398 0.9152083 8.765197e-05 4.334214e-06 0.001412898 0.0023388646 2.0315715e-06 2.4163008e-05 7.703975e-06 3.6112713e-05 0.010723877 5.306929e-07 0.5200979 1.6959522e-05 8.2063755e-16 0.010503563 0.0037647719 0.13186744 8.099002e-07 0.10987576 6.0897904e-08 5.229168e-09 0.13994709 0.00282986 0.36578602 4.3345603e-06 0.97337687 2.9894267e-07 0.0005771098 0.0027724935 0.048510883 8.628783e-08 0.5873799 2.3520175e-07 2.806206e-08 0.919326 8.4565784e-08 0.00014685819 3.3529435e-08 2.9534029e-08 4.8204845e-05 0.0035454833 0.0012309409 9.257209e-08 0.39217138 0.08449162 9.447514e-07 3.002568e-08 0.08285454 0.00010966094 0.009019723 7.287799e-05 0.00015714945 1.9828787e-05 3.2637795e-06 0.061814506 1.2188317e-08 0.00014241289 7.491938e-09 0.44461983 0.01925803 1.0106032e-06 0.00030236226 0.03300922 1.6051494e-06 9.690782e-08 0.0019423339 1.09988285e-07 2.0102819e-07 0.01734965 3.7270598e-07 0.049968522 5.762237e-07 2.0378344e-05 3.3187541e-06 5.3608405e-06 0.00015266219 9.1748376e-08 1.6486274e-07 5.4585043e-06 0.0010482663 5.2533363e-07 0.0006150533 0.00078224303 2.7342412e-07 2.2222725e-06
0.4315478 0.21681842 0.18497348 0.05201859 0.08755623 0.32046098 0.10390202 0.85141236 0.017548153 0.22843392 0.00968979 0.010217606 0.0066912333 0.099391975 0.21435225 0.006727221 0.20136572 0.68025625 0.0021900397 0.010823091 0.011398166 0.00045811417 0.0031998747 0.0004137353 0.013994663 0.009220354 0.00031887583 0.001035619 0.00082031626 0.010503563 3.7432866e-14 0.9967707 0.0018733967 0.00011917235 3.58049e-05 4.498345e-06 1.300383e-06 0.5983126 0.5673137 0.06470144 0.00011446843 0.002447779 4.89126e-06 0.003221968 0.46084577 0.0021654326 5.853538e-07 0.016068995 9.677644e-07 6.597998e-06 0.0014225448 8.7850975e-07 0.0073018386 1.8459921e-06 3.7984228e-06 0.005486306 5.1687846e-05 5.235928e-06 9.883702e-07 0.00022778533 0.00018327222 5.3310623e-06 2.492426e-06 8.930832e-07 0.00010084881 0.00013602528 9.632751e-08 0.0010965404 3.7655995e-05 0.00012860584 3.3890443e-05 3.2682586e-08 6.8904075e-07 7.256275e-08 5.0961335e-05 1.6294078e-05 2.4240117e-07 1.4326015e-06 1.536815e-06 3.1294953e-06 2.6248188e-07 4.3769203e-05 7.848969e-09 2.502656e-06 0.0001163681 8.110047e-07 3.3174587e-05 8.791769e-07 0.00017163863 1.28596875e-08 5.3723156e-06 9.6943595e-06 1.1066898e-08 4.2571487e-06 1.5875142e-06 1.0115911e-07 3.813833e-07 0.00013202328 5.5817386e-06 1.4276229e-07 2.108141e-06
