1.479045e-28 0.0020248955 0.0006096055 0.006973303 0.016100278 0.020788787 0.00020399083 0.12111933 0.44261155 0.07966123 0.0009009381 0.36220214 0.9400742 0.14213927 3.3205608e-05 0.017934313 0.0015543189 0.0036515268 0.8947265 0.052509367 0.00215581 0.070993826 0.0014465349 0.7012882 0.057072118 0.00029858667 0.0008117782 0.6987025 0.04468658 0.13439758 0.979297 0.42542818 0.54898304 0.83801544 0.0010872291 0.74992055 0.057175536 0.0013919891 0.0012787968 0.05172158 0.6511571 0.9670798 0.73433334 0.894199 0.88168186 0.84245247 0.14356467 0.43036792 0.56838226 0.48439592 0.40655762 0.48728186 0.17613366 0.0013395145 0.12833251 0.8188844 0.5624928 0.06506184 0.9083528 0.008473189 0.024539445 0.96351576 0.7355404 0.03767208 0.78661627 0.73095894 0.9835387 0.0049836547 0.38437384 0.80776626 0.07623757 0.049763087 0.6960538 0.9814913 0.9539273 0.9922331 0.8749784 0.18790534 0.027009174 0.51888824 0.0076664207 0.6997568 0.9334685 0.9678238 0.98988086 0.93676794 0.9699696 0.60078937 0.99890214 0.99744004 0.34622738 0.99973863 0.98412544 0.99624527 0.044066116 0.99959874 0.3933341 0.2953845 0.9995168 0.97474885 0.07391241
0.0020248955 2.6650522e-17 0.6813766 0.22907765 0.752707 0.26876944 0.36972836 0.11614735 0.31538016 0.2022742 0.030756516 0.021054318 0.018549245 0.008432059 3.302619e-05 0.00016144928 0.0021276472 0.0011690152 0.0031936278 0.0011449578 0.00043106405 0.0010441381 0.000102507016 0.0013463048 7.677502e-05 0.000501604 0.00030508498 0.00042996256 4.2857287e-06 3.2815995e-05 0.003921389 5.1591764e-05 5.781211e-05 6.951089e-05 3.5346307e-05 0.00013666853 9.025277e-06 7.210622e-06 5.988492e-06 2.5759596e-06 7.5625358e-06 0.00036671647 1.6904208e-06 4.1292424e-05 4.292955e-05 0.00024004473 5.296448e-05 4.0101363e-06 7.463364e-07 7.855686e-07 7.72208e-07 2.3511655e-05 2.9326347e-07 9.220345e-06 4.0875973e-05 1.7498976e-05 4.1386372e-07 4.2104116e-07 7.815473e-06 1.2336526e-05 2.902744e-06 0.00014177855 9.426001e-06 2.4371406e-07 6.86268e-07 5.301261e-06 1.69781e-05 2.1609535e-06 4.311093e-07 1.2215013e-06 8.088184e-08 4.8648474e-07 9.808788e-07 6.86274e-05 5.5039163e-07 3.6320187e-05 3.8490276e-07 1.7361432e-06 8.391565e-07 3.9551418e-07 2.216859e-07 1.9040117e-05 4.591592e-08 4.5857047e-05 7.8487144e-05 1.7427512e-05 1.0211799e-06 1.5343005e-06 0.0002991507 0.00015012578 1.7227836e-06 0.0009884632 0.00046782795 1.3317077e-07 8.510266e-08 0.0003337452 0.0009378711 2.2589047e-08 0.0001463871 7.906027e-05 1.0456343e-05
0.0006096055 0.6813766 8.30794e-20 0.10235195 0.5387346 0.117040165 0.78795785 0.06129767 0.15794367 0.18445024 0.056594454 0.008441938 0.0034997722 0.0040104794 2.8864228e-05 6.39776e-05 0.0018321893 0.0006731319 0.0006055524 0.00050382613 0.00035349847 0.0008957058 9.7187934e-05 0.00029080446 6.242847e-05 0.0008255969 0.00012632832 8.136481e-05 3.6159909e-06 1.041672e-05 0.0007893284 1.3307416e-05 2.088794e-05 9.507335e-06 4.6100275e-05 3.8484148e-05 5.902495e-06 6.3013495e-06 3.5232438e-06 9.298862e-07 2.3872815e-06 5.3663833e-05 4.109846e-07 2.6086818e-06 6.213456e-06 5.085904e-05 1.3051358e-05 1.4687038e-06 3.0749172e-07 3.729389e-07 4.12082e-07 2.1228092e-05 2.0419701e-07 2.3659015e-06 2.4167432e-05 3.2886687e-06 3.318335e-07 2.6628018e-07 9.139805e-07 5.0088715e-06 4.1607136e-06 1.9091376e-05 1.7493944e-06 3.6466994e-07 1.429387e-07 2.5335307e-06 3.1574984e-06 4.9350905e-07 3.4442328e-07 3.6375607e-07 1.2258968e-07 2.2492102e-06 8.3452056e-07 1.2523486e-05 6.763837e-08 1.0974499e-05 1.1027501e-07 3.0694662e-06 7.789878e-07 2.4649896e-07 5.6118473e-08 4.0418117e-06 1.5355843e-08 7.657039e-06 1.4675844e-05 2.8804925e-06 3.459633e-07 7.0352735e-07 0.00027883035 7.178864e-05 9.170206e-07 0.0006503296 0.00028727073 2.9591655e-08 9.3396956e-08 6.902082e-05 0.00012363326 4.041551e-09 4.7803078e-05 4.561186e-06 5.53973e-07
0.006973303 0.22907765 0.10235195 7.285375e-18 0.15800704 0.78683597 0.05775411 0.7932627 0.22763035 0.03073448 0.010496974 0.2427327 0.030812759 0.0011048209 0.0011622946 0.0043823174 7.238868e-05 0.00010195043 0.027609421 5.9311013e-05 2.888163e-05 3.4008746e-05 6.741684e-06 0.00022095784 1.4282316e-05 1.281887e-05 0.0036054885 0.0002642157 4.1833487e-06 4.5039662e-05 0.015455663 1.9820525e-05 2.8429495e-05 0.00015751332 9.21944e-06 8.878962e-05 1.974231e-05 1.31202205e-05 1.3699926e-05 2.741101e-06 3.368228e-06 0.001489408 1.6683847e-06 0.00034351173 0.0015265936 0.0006986976 0.0002169312 6.9812506e-07 2.1516965e-07 2.2905148e-07 2.5552782e-07 8.2206534e-05 1.9108516e-07 4.2823463e-06 4.807322e-05 6.46656e-05 3.0667903e-07 4.4489596e-07 3.4393197e-05 5.6641773e-05 1.0496176e-05 0.00049497193 1.3715168e-05 5.5306083e-07 5.178183e-07 1.0654713e-06 0.00061421323 4.0920377e-06 3.660016e-07 1.5446569e-06 3.014928e-07 5.0369255e-07 1.5487717e-07 0.0009986676 1.959967e-06 0.00042961622 1.208034e-06 1.5862499e-07 7.0898227e-07 3.9705707e-08 1.6448975e-07 0.00012497506 5.4258013e-08 0.00043946085 0.00031840877 0.00012805144 1.128072e-06 2.0755274e-07 0.00051238 0.00022434756 2.075557e-07 0.00050808745 0.0011662765 2.5211745e-07 9.2308845e-08 0.00042598904 0.00081700477 4.9020276e-08 0.00026127126 0.00013610092 2.3047576e-05
0.016100278 0.752707 0.5387346 0.15800704 7.1014425e-20 0.32972553 0.20468688 0.10425933 0.7016873 0.6522289 0.09591237 0.03509443 0.101060405 0.052517477 1.604307e-05 3.114384e-05 0.007712264 0.0038506547 0.0048585865 0.0056504067 0.0011252617 0.006377921 0.0002222366 0.008836885 0.0013683083 0.00077665754 0.00012001613 0.003437018 3.499583e-05 0.0006299124 0.0057961587 0.0008588084 0.00043027 0.0003527863 6.259319e-05 0.00055228325 9.345456e-05 1.1344462e-05 9.419701e-06 2.3122717e-05 2.8919003e-05 0.0003898875 2.3965151e-06 0.00034758443 5.3733297e-06 0.0010220548 5.083067e-05 4.0957e-06 1.5489999e-06 9.742346e-07 7.6006285e-07 5.576333e-06 3.5186684e-07 2.1170532e-05 3.0072666e-05 5.205356e-05 2.299427e-07 1.3513297e-06 9.85439e-06 1.9865012e-05 3.5039932e-06 0.00023650579 1.4070641e-05 2.7377217e-07 9.91861e-07 1.312706e-06 7.0071444e-05 5.4009333e-06 1.8386962e-07 1.7552668e-06 4.190688e-08 1.8423314e-07 2.698338e-07 7.8230005e-05 5.224199e-07 0.00011303292 4.8241674e-07 2.9214956e-08 1.2035326e-07 7.253784e-08 2.0394052e-07 2.0659696e-05 2.831292e-08 1.4325326e-05 0.00011804496 1.46244565e-05 6.325051e-07 5.7777936e-07 0.00030410866 0.00010605284 4.6798343e-07 0.0013025546 0.00040571456 4.2593452e-08 1.7637868e-07 0.00038979438 0.0009880773 5.1441248e-08 0.0003456014 0.00018401585 2.2435126e-05
0.020788787 0.26876944 0.117040165 0.78683597 0.32972553 1.8299129e-20 0.05358388 0.60010755 0.5511252 0.07286573 0.012661098 0.2814441 0.13362867 0.0066065583 0.00017733089 0.0007662948 0.00023500883 0.00025078788 0.024009071 0.00035025948 9.206528e-05 0.000188914 1.2488554e-05 0.0020737124 5.1057803e-05 1.5020762e-05 0.0004497035 0.0024233973 1.2946804e-05 0.00025705658 0.01863964 0.00021931382 0.00011966058 0.0008703413 8.894636e-06 0.00034472797 5.7473153e-05 9.023409e-06 9.299736e-06 6.363558e-06 6.40953e-06 0.0016908691 1.9871977e-06 0.001179758 0.00062839105 0.0026357798 9.596282e-05 8.4112753e-07 1.9298076e-07 1.9315995e-07 1.904315e-07 3.2325723e-05 2.009375e-07 1.3678868e-05 4.236261e-05 0.00012002619 1.5611288e-07 3.1404304e-07 2.8536955e-05 3.6955247e-05 5.376913e-06 0.0007757186 1.5655163e-05 1.683478e-07 1.5445957e-07 5.367647e-07 0.0007644948 5.7896223e-06 2.1656811e-07 1.1197011e-06 1.16094355e-07 6.389024e-08 6.268163e-08 0.0009329543 1.1781821e-06 0.00090034975 8.4354315e-07 4.1581075e-08 1.0228792e-07 1.0907486e-08 1.9573937e-07 3.0925505e-05 2.6033925e-08 0.0002441511 0.00037985266 5.907488e-05 2.451997e-06 2.1609236e-07 0.00065432343 0.00030397731 6.713582e-08 0.0009303982 0.0011632007 8.271955e-08 7.147661e-08 0.00069432816 0.0008565884 4.6867815e-08 0.0002485253 0.00023848239 3.549237e-05
0.00020399083 0.36972836 0.78795785 0.05775411 0.20468688 0.05358388 2.2880555e-21 0.039873503 0.05076489 0.19807597 0.6171483 0.0016647364 0.00068245956 0.0014233685 0.0001443758 0.00026965566 0.0036222555 0.0009902432 0.00039023923 0.00013351598 0.0008641132 0.00026317735 0.0004193749 0.00011168334 6.9714704e-05 0.014772263 0.0012145533 4.5545028e-05 9.354582e-06 4.3793625e-05 0.00010130205 1.0254354e-05 1.8705054e-05 5.601752e-06 0.00017383866 2.9927725e-05 1.8713297e-05 2.2659875e-05 1.7622015e-05 2.4202386e-06 4.8084157e-06 1.2850107e-05 1.2141195e-06 2.0775008e-06 8.5550555e-06 1.0835093e-05 7.0175265e-06 2.900826e-06 1.5300208e-06 2.292297e-06 1.828323e-06 1.4994298e-05 3.1626774e-07 7.3315036e-06 7.3624096e-06 2.6304485e-06 3.0508816e-06 2.377857e-07 5.1453003e-07 3.0589315e-06 1.0692804e-06 5.7604493e-06 2.2409904e-06 1.348808e-07 4.069394e-07 7.4041923e-06 2.0754553e-06 1.7217988e-07 1.9892263e-06 1.0540207e-06 6.6234676e-08 5.022425e-07 1.2551147e-06 1.3143615e-05 2.4389823e-07 5.9401946e-06 6.183624e-07 1.965877e-06 1.2294608e-07 6.665403e-08 3.17657e-07 2.124728e-06 3.4287922e-08 3.7394661e-06 3.3364766e-05 4.2303867e-07 7.775769e-07 5.2162386e-07 0.0003674772 0.00013453774 5.898823e-07 0.0016587785 9.8020275e-05 1.694509e-08 4.6679393e-08 1.9008241e-05 1.0941121e-05 1.1487199e-09 2.1508453e-05 2.3659759e-08 1.8488682e-07
0.12111933 0.11614735 0.06129767 0.7932627 0.10425933 0.60010755 0.039873503 2.3678068e-17 0.21553828 0.010705857 0.0017161727 0.9021952 0.04798335 0.0012977585 0.03315397 0.26844814 0.00021832154 0.0001724536 0.3558897 0.0002072429 6.97723e-05 6.220182e-05 2.4782248e-05 0.0006488796 2.4507945e-05 3.1739767e-06 0.03319627 0.0009498603 1.2730242e-05 8.557067e-05 0.17240974 8.559148e-05 8.983727e-05 0.00034914375 4.5892353e-05 0.00018834174 4.9579507e-05 0.00011767022 0.00012328677 1.2367071e-05 1.586017e-05 0.02525349 6.2338254e-06 0.004406061 0.039947197 0.0029918067 0.00652751 1.4386037e-06 4.404678e-07 3.7862472e-07 4.8379434e-07 0.0025462743 7.0534054e-07 2.6449337e-05 0.0015403999 0.0003208666 4.6904503e-07 4.5312768e-07 0.00024510152 0.00012964789 1.6036156e-05 0.0023869614 4.5048342e-05 4.568685e-07 2.2262054e-06 9.863194e-07 0.0047598234 4.6628345e-05 5.340799e-07 9.785249e-06 2.533614e-07 6.8857634e-07 5.2222913e-07 0.00847367 3.11903e-05 0.0020498375 5.3638482e-06 4.3991454e-07 1.4406535e-06 7.143269e-07 1.11573945e-05 0.0019557716 7.116052e-07 0.0036346002 0.0006433641 0.0010768573 2.15728e-06 2.0684622e-06 0.0007000679 0.0004966822 5.402523e-07 0.0008858055 0.0036852239 1.886603e-06 1.6772186e-07 0.0007350273 0.0017614927 4.799763e-07 0.00040159156 0.0021703602 0.0006554458
0.44261155 0.31538016 0.15794367 0.22763035 0.7016873 0.5511252 0.05076489 0.21553828 1.02195244e-19 0.7289715 0.14055917 0.12224632 0.90322435 0.5133055 0.00022665592 0.0019314891 0.029952101 0.058474906 0.026492357 0.12703626 0.017677363 0.10701798 0.005469041 0.12140091 0.03363821 0.0020258701 0.00057065854 0.026388586 0.0036621303 0.011316484 0.06713307 0.007842643 0.001971175 0.0034475098 0.00066916284 0.0019590673 0.0017499612 0.00026680477 0.00011054263 0.00017829458 0.00027894022 0.004042608 0.00010474193 0.009334568 0.0010107972 0.012407213 0.00016341021 1.4837909e-05 4.2287916e-06 2.5821503e-06 2.7563995e-06 4.5726516e-05 1.5604463e-06 0.00015993368 3.8339964e-05 0.0052019022 1.4876299e-06 9.2236473e-07 0.0017947393 0.00011713984 2.4717008e-05 0.0037945185 0.0007041664 1.3856665e-06 4.6191435e-06 3.571318e-06 0.0045202244 1.823415e-05 1.0967117e-06 1.6258395e-05 3.1222112e-07 5.679068e-07 4.1463645e-07 0.002898025 6.656526e-05 0.005099117 9.951379e-06 2.4262204e-07 2.843772e-06 1.4930613e-07 1.0132074e-05 0.00092154095 1.29431e-07 0.00068642164 0.0020858133 0.0014439789 3.1176842e-06 3.301301e-06 0.002037719 0.001099518 4.1568765e-07 0.0012402884 0.0033301825 9.3686043e-07 4.743686e-07 0.00081571704 0.0025242844 3.2241223e-06 0.00042125827 0.0011169724 0.00015609628
0.07966123 0.2022742 0.18445024 0.03073448 0.6522289 0.07286573 0.19807597 0.010705857 0.7289715 6.729874e-20 0.78221875 0.011557352 0.1900429 0.63541836 6.451893e-05 0.00029672394 0.47469038 0.44569886 0.0021314907 0.21096024 0.17102732 0.3530423 0.107003845 0.17628326 0.20201005 0.06376044 0.00027332935 0.026350673 0.008555027 0.018792748 0.0022119428 0.0072141173 0.003312985 0.0016674821 0.0071193683 0.0021124955 0.0014896992 0.00046410208 0.00023127272 2.9882838e-05 0.00024279553 0.00019158432 1.6769596e-05 0.00043251234 3.6992747e-06 0.0018106019 7.614388e-06 7.5872917e-06 2.1573542e-06 2.0036605e-06 1.6535253e-06 1.3049105e-07 1.2237685e-07 0.000379715 7.820389e-07 0.00030765144 1.4046394e-06 2.2347618e-07 3.7386228e-05 5.4511303e-05 4.827079e-06 0.00021535144 2.1366794e-05 1.9023692e-07 5.896506e-07 1.6981992e-06 4.368576e-05 1.9540153e-06 3.1379244e-07 1.3305239e-06 6.733973e-08 9.851221e-08 3.3276044e-07 0.00012323033 8.071779e-06 0.00029929742 4.2076454e-07 2.4315492e-08 2.0396308e-07 1.1408556e-08 1.3230913e-06 3.2300745e-06 1.8469413e-08 1.6219614e-05 0.00025299817 5.4947614e-06 4.1823893e-07 9.484259e-08 0.00034622112 0.00020638596 1.0863662e-07 0.0005031671 0.00027148487 9.816798e-09 2.995955e-08 0.00013049238 5.5357486e-05 2.2968058e-07 0.00020654603 5.6814483e-06 4.8746998e-08
0.0009009381 0.030756516 0.056594454 0.010496974 0.09591237 0.012661098 0.6171483 0.0017161727 0.14055917 0.78221875 5.374373e-20 0.00019847148 0.0014973643 0.034942444 1.63182e-05 0.0001066069 0.546915 0.13977756 0.00011352781 0.009309817 0.08418802 0.046053547 0.060222685 0.0014909542 0.026451984 0.36984685 0.0007340798 0.0001322829 0.0019101592 0.00011575911 0.0001286051 2.4826863e-05 1.5607686e-05 2.4924234e-06 0.004307499 1.7534274e-05 1.1197508e-05 9.7275464e-05 7.275314e-05 4.7531003e-07 6.1477353e-06 1.1744459e-05 3.7025941e-07 9.020591e-07 2.2232784e-07 1.5394811e-05 2.8339691e-06 1.0091038e-06 3.1537442e-07 3.71214e-07 4.1282382e-07 6.6097465e-07 7.0312524e-08 6.838913e-05 9.343166e-07 1.7181009e-06 3.1619084e-07 6.0874335e-08 1.4328332e-07 2.9656803e-06 6.941715e-07 1.0546863e-06 1.3119464e-06 1.3925559e-07 8.016032e-08 1.662443e-06 3.9125914e-07 2.844848e-07 3.3976394e-07 2.4192173e-07 6.3424366e-08 8.0681576e-07 2.2299632e-07 1.02395e-05 1.5179063e-07 1.0414988e-06 1.3397418e-07 5.0829846e-07 1.2363202e-07 1.9326007e-08 2.7862434e-08 7.885654e-06 9.359146e-09 8.128565e-06 1.0221548e-05 9.637885e-07 2.7316503e-07 5.177146e-07 0.00014168705 7.428137e-05 6.1846737e-07 0.00042178668 5.6804118e-05 2.3213735e-08 9.226743e-09 1.2515452e-05 7.289957e-06 6.8767982e-09 5.7495854e-05 1.0240622e-07 3.2862232e-08
0.36220214 0.021054318 0.008441938 0.2427327 0.03509443 0.2814441 0.0016647364 0.9021952 0.12224632 0.011557352 0.00019847148 7.874784e-18 0.12744144 0.0034220826 0.010437445 0.13241813 0.00021330116 0.00020856143 0.88523954 0.0010210793 8.557059e-05 0.00021063264 5.710807e-05 0.0032177027 7.578105e-05 3.9698003e-05 0.01087183 0.0023524633 5.54537e-05 0.00021271306 0.50134456 0.00012780585 0.00021256159 0.000924563 0.00012337767 0.00032234678 0.00015338093 0.00035840584 0.00030361547 5.562569e-05 1.3334794e-05 0.13386728 4.325278e-06 0.01587915 0.13009778 0.008365446 0.036440726 3.9876663e-06 1.0916322e-06 6.1540965e-07 7.832316e-07 0.014886029 1.4068017e-06 0.00059624435 0.009799085 0.00090889266 1.185575e-06 1.586467e-06 0.0009097087 0.00032280944 3.483547e-05 0.008606422 8.98616e-05 2.4743695e-06 2.0203615e-06 2.7907909e-06 0.04142141 0.00012207398 2.3293103e-06 1.2431942e-05 1.210659e-06 2.4443557e-06 6.106257e-07 0.059186846 7.174696e-05 0.008106885 9.119828e-06 3.1447613e-07 4.0420546e-06 3.7534448e-07 3.841129e-05 0.020255573 4.7043153e-07 0.017468605 0.0013896148 0.0097530745 1.8471492e-06 4.1619833e-06 0.002380932 0.0010053485 3.074401e-07 0.0015575656 0.011222846 3.7770888e-06 3.4535972e-07 0.000697058 0.0052394997 2.391173e-06 0.00071497203 0.008242917 0.0017395376
0.9400742 0.018549245 0.0034997722 0.030812759 0.101060405 0.13362867 0.00068245956 0.04798335 0.90322435 0.1900429 0.0014973643 0.12744144 1.3161032e-19 0.27785015 3.1819945e-05 0.0016641943 0.00077785394 0.0052170204 0.08709126 0.07499941 0.0015128808 0.027437907 0.0007652461 0.2464277 0.015689656 0.0005037474 0.000557245 0.09451704 0.012243869 0.04843478 0.36261052 0.04731899 0.022708202 0.055359628 0.00040997725 0.025303558 0.021533119 0.0006271081 0.0006081999 0.0036245536 0.0030885956 0.072957724 0.0019511209 0.19049811 0.02407663 0.15224157 0.0044459933 0.00018599135 0.0001292876 6.936825e-05 3.8025566e-05 0.0032194783 4.95237e-05 0.00039082862 0.002206161 0.031626023 2.8446175e-05 8.1208986e-05 0.01801519 0.00122485 0.000467083 0.12461781 0.0040147034 6.681585e-05 0.00017536957 5.4067088e-05 0.14984706 0.0008943154 1.1701953e-05 0.0003424195 1.5388821e-05 4.2424916e-05 3.1408513e-06 0.09281894 0.002538369 0.094954625 0.00011717604 6.6546127e-06 9.923446e-05 2.8636064e-06 0.000149496 0.020976126 2.5477873e-06 0.01594459 0.017544338 0.01702324 0.00023073805 0.00010370486 0.022743924 0.0036761044 2.064319e-05 0.0018008301 0.028354082 2.9487634e-05 3.4755546e-06 0.0018471158 0.021001091 8.7163244e-05 0.00328027 0.026965894 0.03136142
0.14213927 0.008432059 0.0040104794 0.0011048209 0.052517477 0.0066065583 0.0014233685 0.0012977585 0.5133055 0.63541836 0.034942444 0.0034220826 0.27785015 7.6899254e-19 1.7864364e-06 0.0001428724 0.023838278 0.09914363 0.0011535748 0.5303812 0.021754125 0.4207352 0.008782946 0.42066786 0.16574006 0.0028179525 4.6532172e-05 0.09673254 0.021694833 0.054167368 0.006551921 0.047274537 0.01893253 0.011514562 0.001124066 0.012463889 0.013010741 0.000426954 0.00016088445 0.0006041833 0.0026729999 0.00065034226 0.0015166599 0.006908035 7.271478e-05 0.014834041 4.6605543e-05 7.430716e-05 6.4958826e-05 3.6891477e-05 1.9007155e-05 4.989308e-05 1.1306045e-05 0.0005919613 1.941656e-05 0.00560721 2.463824e-05 4.8700444e-06 0.0017523409 0.00014705636 2.7689737e-05 0.003392364 0.0011591262 5.6505564e-06 4.1570194e-05 6.200087e-05 0.0013236833 5.8831884e-05 2.2469409e-05 6.5411194e-05 1.8534203e-06 2.0933478e-06 4.1985604e-06 0.00054750685 8.916791e-05 0.002905964 1.1311491e-05 1.7842453e-06 2.728311e-06 4.4919898e-07 4.456725e-06 0.0002206157 2.2026175e-07 0.00026494468 0.0022965935 0.00029009065 4.8033744e-06 2.2089102e-06 0.0020361522 0.0011035524 5.2911867e-07 0.0009590089 0.0018993665 1.9717293e-06 1.4823786e-06 0.000711013 0.0016895442 1.4242361e-06 0.00022366564 0.00058276433 2.2445935e-05
3.3205608e-05 3.302619e-05 2.8864228e-05 0.0011622946 1.604307e-05 0.00017733089 0.0001443758 0.03315397 0.00022665592 6.451893e-05 1.63182e-05 0.010437445 3.1819945e-05 1.7864364e-06 6.0076966e-22 0.75855315 1.0048026e-06 5.6443497e-07 0.002192585 1.5502767e-06 8.0475024e-07 2.1010842e-06 4.9075686e-07 2.2545855e-06 1.3703682e-06 9.58415e-06 0.38986054 3.9663396e-06 3.1997416e-07 2.4410288e-06 0.00048068707 6.293335e-07 9.781539e-07 4.315708e-07 5.2961573e-06 1.9298143e-06 2.2966274e-06 1.6994259e-06 1.2215933e-06 3.8377422e-07 2.498536e-07 0.00015929528 1.219127e-08 1.1566486e-06 0.0006309544 1.12082125e-05 0.00024457872 1.17618214e-07 2.2923427e-08 2.594376e-08 4.035676e-08 5.09065e-05 4.7350778e-08 3.4997852e-06 2.1149282e-05 4.924193e-07 3.3393555e-08 1.2372224e-07 1.6668555e-07 1.016309e-05 3.1589502e-06 1.6072817e-06 1.7678825e-07 9.102345e-08 6.70534e-08 4.588535e-07 6.085709e-06 7.8039614e-07 1.7062422e-07 1.0960776e-07 8.202856e-08 3.2140777e-06 2.659031e-07 5.6718913e-05 4.325133e-08 3.1725147e-06 2.7864028e-08 1.7811477e-06 8.7179035e-07 1.9337078e-07 1.4421663e-07 3.3853714e-05 6.6203443e-09 4.282189e-05 9.947859e-06 8.115622e-06 4.456414e-08 6.56048e-07 3.749814e-05 7.931216e-06 8.911303e-08 3.6464946e-05 0.00012253925 5.330616e-09 2.9908092e-09 2.4388775e-05 2.0397514e-05 1.7721193e-11 1.5847712e-05 1.3354009e-05 2.135077e-06
0.017934313 0.00016144928 6.39776e-05 0.0043823174 3.114384e-05 0.0007662948 0.00026965566 0.26844814 0.0019314891 0.00029672394 0.0001066069 0.13241813 0.0016641943 0.0001428724 0.75855315 1.8824057e-20 1.6075898e-06 5.82256e-07 0.1607733 6.0166414e-05 1.234158e-06 1.582213e-05 6.6550217e-07 0.00010790758 2.4254712e-05 2.8224104e-05 0.6002251 0.0003221547 4.1305306e-05 0.00045414656 0.033808276 3.9150884e-05 4.483499e-05 4.9703118e-05 6.269679e-05 3.8163842e-05 0.00066160253 0.0001764037 7.31915e-05 0.0001319485 2.046337e-05 0.015516769 2.541787e-07 0.0005717549 0.05903557 0.00039816662 0.011069734 2.4885285e-06 5.113372e-07 2.974068e-07 4.1451744e-07 0.0033158949 9.2404895e-07 0.00037002537 0.003864703 1.1900739e-05 1.458195e-07 6.4490905e-06 7.426632e-06 0.0009486079 0.0006719578 0.00012343182 6.604255e-06 1.6335551e-06 2.7692283e-06 1.6769396e-06 0.0021381257 4.728334e-05 6.4493946e-07 2.004589e-06 2.2058548e-07 4.2801043e-06 3.358381e-06 0.005773176 1.0788061e-06 0.00016959434 1.4843904e-06 1.2059678e-06 1.474431e-06 2.4052847e-06 1.1661195e-06 0.0049474677 1.4593066e-07 0.0038985517 9.2388334e-05 0.0011964944 1.2475524e-06 2.655068e-05 0.0008182086 0.000117231364 8.838887e-06 0.00052631256 0.007150836 7.237959e-08 7.17706e-08 0.00024839974 0.00081385754 5.178163e-09 0.00034492498 0.00296719 0.00014349371
0.0015543189 0.0021276472 0.0018321893 7.238868e-05 0.007712264 0.00023500883 0.0036222555 0.00021832154 0.029952101 0.47469038 0.546915 0.00021330116 0.00077785394 0.023838278 1.0048026e-06 1.6075898e-06 3.1083162e-18 0.8076183 2.6234902e-05 0.012727099 0.6085573 0.11800954 0.27608785 0.012997255 0.08641028 0.17000155 4.785339e-05 0.0030592366 0.023417365 0.0072019636 0.00018748942 0.002863903 0.0013168032 0.00010298941 0.0045359014 0.0014226418 0.0009213385 0.0004940643 0.00023010232 3.9629766e-05 0.0002129217 2.9181638e-05 4.075364e-05 3.10222e-06 5.4988977e-06 0.00015495777 2.0969285e-06 9.646643e-06 2.8057486e-06 2.8390357e-06 2.5129038e-06 1.4781971e-06 9.4719445e-07 0.00011272547 2.4427989e-06 1.7383509e-05 1.4251993e-06 5.146115e-07 3.570344e-06 9.377074e-06 2.4891358e-06 8.186122e-05 7.631494e-06 6.133426e-07 6.326009e-07 1.1076419e-05 3.1721308e-06 2.0833181e-06 2.7872773e-06 9.513833e-07 2.4381077e-07 1.0504223e-06 2.6746839e-06 1.135099e-05 8.2883525e-07 3.907919e-05 7.3336884e-07 3.4473567e-06 1.2463562e-06 1.9796154e-07 2.3484267e-07 1.0403749e-06 3.9876547e-08 5.180374e-06 0.00016112198 8.1622665e-07 3.100978e-06 2.4007846e-07 0.00014931633 8.95087e-05 6.819237e-07 0.00035403032 2.9200042e-05 1.5847974e-08 1.06500856e-07 6.174602e-05 5.56041e-05 2.1933094e-08 1.7730881e-05 3.3686742e-06 1.4111144e-07
0.0036515268 0.0011690152 0.0006731319 0.00010195043 0.0038506547 0.00025078788 0.0009902432 0.0001724536 0.058474906 0.44569886 0.13977756 0.00020856143 0.0052170204 0.09914363 5.6443497e-07 5.82256e-07 0.8076183 2.2202844e-20 6.0005856e-05 0.07582424 0.73154694 0.43314832 0.36827138 0.09192818 0.38200682 0.14451872 4.0600367e-05 0.030441483 0.12419934 0.06061717 0.0003325319 0.032594554 0.007300888 0.0019695582 0.017973574 0.0048628533 0.024009354 0.004186736 0.001997559 0.0013343636 0.0014374163 4.2808457e-05 0.00042838656 0.00017232519 9.189384e-06 0.0013953663 8.204022e-06 0.00010659633 3.23158e-05 1.9371448e-05 1.4994056e-05 1.9546435e-06 8.5726715e-06 0.0006702122 7.1240543e-06 0.00012656611 5.213775e-06 5.0697945e-06 1.2169451e-05 0.00010895977 3.9035776e-06 0.00022500641 4.278478e-05 1.4808186e-06 3.3551316e-06 1.9182407e-05 9.568359e-06 6.102546e-06 7.0562487e-06 2.2507359e-06 5.969324e-07 1.0029004e-06 3.892281e-06 1.6389255e-05 2.2262436e-06 0.00012472729 3.1861862e-06 1.8740255e-06 3.1318527e-07 1.582557e-07 1.8157884e-07 4.8065262e-06 2.472847e-07 1.2687821e-05 0.00025442961 1.7089268e-06 6.2647027e-06 1.7666363e-06 0.00028151242 0.00013880499 1.3346759e-06 0.0005188359 0.00021272017 1.4063946e-07 2.87138e-07 0.00027401003 0.00013096338 6.4143855e-08 2.4373223e-05 4.0648115e-06 1.15302676e-07
0.8947265 0.0031936278 0.0006055524 0.027609421 0.0048585865 0.024009071 0.00039023923 0.3558897 0.026492357 0.0021314907 0.00011352781 0.88523954 0.08709126 0.0011535748 0.002192585 0.1607733 2.6234902e-05 6.0005856e-05 8.533588e-20 0.0002720823 5.889678e-05 4.165806e-05 6.057681e-05 0.0019654853 3.7327518e-05 0.00014525678 0.0041001304 0.0011748616 9.792525e-05 0.00018867235 0.84436715 4.8408372e-05 4.5135337e-05 0.0011181358 0.00029475728 0.0001310356 0.00012446399 0.00082102255 0.001160693 1.6550624e-05 1.9627898e-06 0.44937685 4.6374015e-07 0.03554117 0.3668703 0.00910565 0.12628475 3.8224448e-07 1.3615744e-07 7.995052e-08 6.4393795e-08 0.066587605 5.8151098e-08 0.0038381359 0.04511817 0.0005305077 1.2419393e-07 3.0935033e-07 0.0005818816 0.0037711433 5.2376832e-05 0.018635511 2.1646942e-05 6.4741425e-07 2.8572924e-07 6.449179e-07 0.12136529 0.0016107674 1.662707e-07 2.0104783e-06 5.0337746e-07 7.545458e-07 9.015246e-08 0.22541659 4.3304844e-05 0.019211685 2.4237056e-06 1.5642897e-07 6.166007e-06 1.0194707e-07 0.000156505 0.072194986 2.694834e-08 0.085583106 0.0009258234 0.039008465 9.3240465e-07 2.5287065e-07 0.0040690475 0.0009773278 5.7254137e-08 0.0011910425 0.037756756 3.6536915e-06 4.210291e-07 0.0004093504 0.011652092 1.5854521e-06 0.0047651967 0.031901874 0.010231267
0.052509367 0.0011449578 0.00050382613 5.9311013e-05 0.0056504067 0.00035025948 0.00013351598 0.0002072429 0.12703626 0.21096024 0.009309817 0.0010210793 0.07499941 0.5303812 1.5502767e-06 6.0166414e-05 0.012727099 0.07582424 0.0002720823 5.7778633e-19 0.0183295 0.6121859 0.007891015 0.38717127 0.20152074 0.0027064346 8.53813e-05 0.11544951 0.071230054 0.09964101 0.0024355357 0.09873976 0.032221526 0.010906276 0.0040025753 0.018554565 0.051635515 0.0016232716 0.00066133565 0.007161093 0.0069765355 0.00019484533 0.0028853933 0.008222116 3.6138554e-05 0.014936342 5.0113296e-05 0.00023152209 0.00016954436 9.050311e-05 7.355564e-05 7.6945435e-05 9.42029e-05 0.0017598638 1.787842e-05 0.006749993 6.412046e-05 3.897542e-05 0.001890358 0.00080553343 7.918591e-05 0.0026089405 0.0010052229 2.8682214e-05 8.107689e-05 0.00016457505 0.0006160527 0.00030956327 0.00010320857 0.00012139911 1.1582829e-05 1.5357742e-05 2.568217e-05 0.00012411775 0.000102587015 0.0020350807 2.8911501e-05 9.422675e-06 5.604462e-06 1.0134611e-06 1.3032802e-05 5.033847e-05 4.6309447e-07 9.229482e-05 0.001937434 4.8675392e-05 1.0603892e-05 4.461322e-06 0.001467175 0.0007015355 3.160487e-06 0.0010111274 0.00072635803 2.3782395e-06 1.1257741e-06 0.00066288776 0.00090517657 1.1592095e-06 0.00010025761 0.00014038774 9.229072e-06
0.00215581 0.00043106405 0.00035349847 2.888163e-05 0.0011252617 9.206528e-05 0.0008641132 6.97723e-05 0.017677363 0.17102732 0.08418802 8.557059e-05 0.0015128808 0.021754125 8.0475024e-07 1.234158e-06 0.6085573 0.73154694 5.889678e-05 0.0183295 2.6339302e-19 0.22224542 0.81086457 0.036832415 0.30242682 0.33998522 0.0001279356 0.012124066 0.17085457 0.04675207 0.00025460022 0.019243402 0.006065217 0.0009830318 0.045248624 0.003145333 0.024336442 0.007716365 0.004183006 0.0014087862 0.0015448795 3.224035e-05 0.00044565593 3.376817e-05 1.4613079e-05 0.00071666815 1.0233476e-05 0.00013826569 3.7756283e-05 3.0954514e-05 2.4905596e-05 5.335645e-06 1.8371573e-05 0.0026512893 6.4331807e-06 0.00010568259 1.0638818e-05 1.0592511e-05 1.6243237e-05 0.00021225268 1.5672762e-05 0.00016769045 3.7856233e-05 5.2160426e-06 5.341775e-06 4.8725087e-05 2.4021074e-06 5.1418323e-05 2.2122655e-05 3.1348184e-06 2.2692152e-06 4.7730987e-06 1.0750048e-05 1.3632935e-05 2.114907e-06 6.669648e-05 2.2637118e-06 6.796828e-06 1.6466986e-06 3.615492e-07 1.6297008e-06 4.626696e-06 1.9176919e-07 6.0669163e-06 0.00018117503 5.1254653e-07 6.0511934e-06 1.5018749e-06 0.0001493864 0.00010672439 2.1395206e-06 0.0004320533 6.864337e-05 1.08444915e-07 4.6441332e-07 0.00011400128 3.688363e-05 1.9156995e-07 1.8608705e-05 2.405303e-06 3.587276e-08
0.070993826 0.0010441381 0.0008957058 3.4008746e-05 0.006377921 0.000188914 0.00026317735 6.220182e-05 0.10701798 0.3530423 0.046053547 0.00021063264 0.027437907 0.4207352 2.1010842e-06 1.582213e-05 0.11800954 0.43314832 4.165806e-05 0.6121859 0.22224542 4.6050737e-19 0.14489311 0.5272399 0.84751636 0.0528519 0.00012743963 0.22359797 0.37566444 0.48446035 0.000833904 0.263768 0.075671956 0.013902962 0.07147281 0.035966583 0.21887834 0.009458194 0.0035257128 0.037076164 0.027130209 8.994794e-05 0.013344381 0.0038538268 7.841297e-06 0.011278731 8.557287e-05 0.0018133062 0.0017150363 0.00072948117 0.0005310227 1.4291785e-05 0.00045774295 0.0037237334 3.7520887e-05 0.007736459 0.00045703084 0.00011407197 0.0014080723 0.001097336 0.00011042209 0.00087773276 0.0022918417 6.2897474e-05 0.00059943204 0.00083104125 0.00019432743 0.0005914041 0.00035242937 0.00054918515 1.7734383e-05 1.6117985e-05 0.000115941184 6.3551015e-05 0.00028448252 0.0012536345 0.00015197134 1.9444264e-05 4.1701287e-06 4.24915e-06 1.0374269e-05 3.802122e-05 2.515033e-06 8.457632e-05 0.001587376 2.3995464e-05 2.1678963e-05 1.0830766e-05 0.0006022555 0.00074525777 7.039115e-06 0.0008819529 0.000620046 3.0948681e-06 1.0777327e-06 0.00065007317 0.00027263243 8.585496e-07 7.092015e-05 1.9868423e-05 6.321567e-08
0.0014465349 0.000102507016 9.7187934e-05 6.741684e-06 0.0002222366 1.2488554e-05 0.0004193749 2.4782248e-05 0.005469041 0.107003845 0.060222685 5.710807e-05 0.0007652461 0.008782946 4.9075686e-07 6.6550217e-07 0.27608785 0.36827138 6.057681e-05 0.007891015 0.81086457 0.14489311 5.370113e-19 0.024281958 0.3080301 0.6628363 0.00014621814 0.010938896 0.28518692 0.039752107 0.00013361915 0.014461494 0.0041663423 0.00019448611 0.24603914 0.0019982087 0.021750158 0.015797155 0.010864829 0.0010468836 0.0010545799 3.5552122e-05 0.00012571407 2.8619083e-06 9.621082e-06 0.00020243866 5.8096725e-06 6.4811364e-05 2.3848657e-05 1.9275565e-05 1.399583e-05 5.492802e-06 6.052371e-06 0.010717823 3.4360985e-06 2.0073832e-05 1.0795508e-05 5.7062803e-06 3.6064305e-06 0.00023439131 8.33642e-06 6.30526e-05 9.241737e-06 5.213874e-06 2.9755138e-06 3.3632994e-05 5.9624114e-07 5.7945916e-05 1.1098136e-05 1.3595976e-06 1.317291e-06 4.031483e-06 5.9564927e-06 8.219293e-06 9.877729e-07 3.5850855e-05 8.216005e-07 4.3019736e-06 1.1380617e-06 1.5895206e-07 1.3072691e-06 2.9447572e-06 6.289012e-08 7.0525753e-06 0.00014397621 6.1570313e-07 2.1140922e-06 1.8730944e-06 0.00024795145 0.00011588514 6.4341502e-06 0.00051725225 3.420694e-05 2.0283916e-07 3.0900566e-07 6.927576e-05 1.8763512e-05 1.4512779e-07 1.8622875e-05 2.1387626e-07 4.1223958e-09
0.7012882 0.0013463048 0.00029080446 0.00022095784 0.008836885 0.0020737124 0.00011168334 0.0006488796 0.12140091 0.17628326 0.0014909542 0.0032177027 0.2464277 0.42066786 2.2545855e-06 0.00010790758 0.012997255 0.09192818 0.0019654853 0.38717127 0.036832415 0.5272399 0.024281958 3.696896e-18 0.40850693 0.0023346615 0.00012721619 0.82678914 0.1651295 0.47775695 0.008377537 0.7356675 0.4586124 0.25647393 0.010649696 0.27218944 0.21561626 0.015515097 0.008424458 0.11200493 0.13665071 0.0015242094 0.09500572 0.03708369 4.504383e-05 0.07894403 0.00021359835 0.03223218 0.017438104 0.009969595 0.007977558 2.4844861e-05 0.006012696 0.0025186297 3.4429788e-05 0.04878248 0.0035607214 0.002004381 0.02543127 0.0035961855 0.001882194 0.023630902 0.017178996 0.00095456064 0.0037257844 0.0030711207 0.011465275 0.0006999557 0.0011012412 0.0072542317 9.2219154e-05 5.4069926e-05 0.00037698267 0.0019235921 0.0069916085 0.020605423 0.002276264 0.000119865246 1.0937323e-05 5.0747796e-05 6.1233084e-05 0.0006322455 9.100371e-05 0.00076619006 0.018712549 0.0010610357 0.0012419744 0.00020347786 0.012309374 0.0066098543 0.0002058128 0.0056866016 0.0030905842 6.327668e-05 1.9711747e-06 0.0031659084 0.002659204 1.473074e-05 0.00070339185 0.0029618691 3.4557488e-05
0.057072118 7.677502e-05 6.242847e-05 1.4282316e-05 0.0013683083 5.1057803e-05 6.9714704e-05 2.4507945e-05 0.03363821 0.20201005 0.026451984 7.578105e-05 0.015689656 0.16574006 1.3703682e-06 2.4254712e-05 0.08641028 0.38200682 3.7327518e-05 0.20152074 0.30242682 0.84751636 0.3080301 0.40850693 2.3362329e-18 0.15866609 0.00025652198 0.18775764 0.78774554 0.7495324 0.00034499602 0.34929714 0.09820014 0.0129365865 0.34966737 0.04663836 0.52186584 0.07100061 0.04138959 0.242963 0.06655479 8.188464e-05 0.026856784 0.0021709225 1.8424704e-05 0.007901245 0.00012567868 0.012044174 0.0086670015 0.005206339 0.0035644216 6.5827786e-05 0.00604436 0.014834155 8.147902e-05 0.0091567105 0.0024204317 0.001486864 0.000736772 0.005491548 0.0025507659 0.00035469394 0.0038744009 0.0009701047 0.0012504446 0.0021055322 2.8441724e-05 0.0031266797 0.0016328426 0.00060604437 7.002722e-05 4.725418e-05 0.0003306598 3.6744284e-05 0.00023069052 0.00043875715 0.00020550468 7.590003e-05 1.7650877e-05 1.5542286e-05 3.2867363e-05 1.0062195e-05 8.336659e-06 5.6559133e-05 0.0010564422 2.2208858e-05 2.6796206e-05 4.3194923e-05 0.0006318253 0.00082572014 5.8610793e-05 0.0012467272 0.00030769515 2.0826816e-05 1.7018018e-06 0.0008401888 0.00013136906 1.7152194e-06 0.00010824173 1.09614975e-05 1.2430109e-08
0.00029858667 0.000501604 0.0008255969 1.281887e-05 0.00077665754 1.5020762e-05 0.014772263 3.1739767e-06 0.0020258701 0.06376044 0.36984685 3.9698003e-05 0.0005037474 0.0028179525 9.58415e-06 2.8224104e-05 0.17000155 0.14451872 0.00014525678 0.0027064346 0.33998522 0.0528519 0.6628363 0.0023346615 0.15866609 7.301417e-21 0.0018769563 0.00057898683 0.21946014 0.0075362353 1.4014662e-05 0.00079541065 7.846177e-05 9.416584e-06 0.63400817 0.00011420684 0.0057199597 0.07859732 0.12487706 9.5428935e-05 2.1050562e-05 1.2596097e-05 2.0337154e-06 1.7830705e-07 1.93461e-05 1.1062937e-05 3.6883998e-06 6.8915615e-06 2.99934e-06 5.303663e-06 4.6806535e-06 5.4554625e-05 7.9186276e-07 0.1454667 6.3276684e-07 1.3924662e-06 3.3375666e-06 3.8510947e-07 4.2233685e-07 0.0005021204 2.672211e-06 6.0325133e-06 2.1898338e-06 4.7679418e-07 1.1361412e-06 3.524576e-05 3.2530912e-07 2.9061635e-05 9.472401e-06 1.3895915e-06 6.3169146e-08 1.0741844e-06 4.6099067e-06 1.1144192e-06 6.528319e-07 7.756456e-06 8.7547295e-07 1.0732541e-05 5.3396985e-07 4.114566e-08 6.0807344e-07 2.560589e-07 2.8956046e-08 6.7748334e-07 0.0001861594 4.5040544e-08 8.1513525e-07 1.5455285e-07 0.00043404827 0.00024572926 8.106899e-07 0.00075813103 8.543469e-06 1.1556832e-07 5.3839578e-08 2.9032852e-05 8.78622e-07 1.5609121e-08 1.8552038e-05 1.2945808e-10 7.7575474e-11
0.0008117782 0.00030508498 0.00012632832 0.0036054885 0.00012001613 0.0004497035 0.0012145533 0.03319627 0.00057065854 0.00027332935 0.0007340798 0.01087183 0.000557245 4.6532172e-05 0.38986054 0.6002251 4.785339e-05 4.0600367e-05 0.0041001304 8.53813e-05 0.0001279356 0.00012743963 0.00014621814 0.00012721619 0.00025652198 0.0018769563 5.0549064e-19 0.00011690102 0.0005776814 0.0005957845 0.0023151778 2.741641e-05 3.1133717e-05 2.2986333e-05 0.0013312515 2.6853202e-05 0.00044386534 0.0002833807 0.00020441027 0.00011385069 1.3751723e-05 0.0011985811 9.468196e-07 3.4191642e-05 0.004381674 0.000248435 0.0062589413 1.603279e-05 2.0360715e-06 2.7930594e-06 4.626634e-06 0.001785895 3.3460183e-06 0.0006121581 0.0032720792 2.3901004e-05 1.2204324e-06 5.027694e-06 1.5052195e-05 0.00052606035 0.00013663164 0.00017519557 3.1552456e-05 4.713803e-06 3.8525036e-06 2.2976583e-05 0.00013889265 3.9936436e-05 2.0267298e-06 2.5274794e-05 4.8960874e-07 2.1092249e-06 7.324236e-06 0.00082932826 7.3896185e-06 0.00048775203 1.1395024e-05 9.081294e-06 1.2796843e-06 1.4616361e-06 4.2804636e-06 0.0006857706 6.974555e-07 0.0010015556 0.0008353535 0.0001994787 2.4027731e-05 6.257266e-07 0.001622726 0.00039175968 4.88392e-09 0.004645698 0.001911269 1.0804982e-09 5.6767036e-10 0.0002476747 0.0010309598 9.640226e-13 0.0004901865 0.0009896897 0.0009012144
0.6987025 0.00042996256 8.136481e-05 0.0002642157 0.003437018 0.0024233973 4.5545028e-05 0.0009498603 0.026388586 0.026350673 0.0001322829 0.0023524633 0.09451704 0.09673254 3.9663396e-06 0.0003221547 0.0030592366 0.030441483 0.0011748616 0.11544951 0.012124066 0.22359797 0.010938896 0.82678914 0.18775764 0.00057898683 0.00011690102 6.5907315e-18 0.09434451 0.32832325 0.0042886874 0.7298169 0.8291102 0.6093605 0.0063081267 0.60971314 0.12054516 0.00886479 0.003988895 0.08935824 0.32862225 0.001263397 0.3094013 0.05202487 2.7202897e-05 0.11709983 0.00014311039 0.116062775 0.084423095 0.056527175 0.041547157 1.2866687e-05 0.025581546 0.0010978107 2.1532156e-05 0.086788215 0.018724099 0.01114345 0.05078109 0.004065977 0.00663712 0.04969878 0.030206634 0.0033153335 0.010685165 0.010773603 0.013504101 0.0010202143 0.0042081675 0.014981721 0.0010946231 0.0006113323 0.0011208968 0.0014958128 0.02033778 0.04220887 0.01048004 0.00046029504 0.00010896747 0.00017300821 8.8289155e-05 0.00017348984 0.00043127913 0.00028246685 0.04543639 0.0003469051 0.0046320735 0.0011992259 0.023188734 0.019342946 0.00041074154 0.012928829 0.0019812314 0.00022350826 2.8247814e-06 0.010099049 0.0022261834 1.213657e-05 0.0009264178 0.0025253594 0.00013033641
0.04468658 4.2857287e-06 3.6159909e-06 4.1833487e-06 3.499583e-05 1.2946804e-05 9.354582e-06 1.2730242e-05 0.0036621303 0.008555027 0.0019101592 5.54537e-05 0.012243869 0.021694833 3.1997416e-07 4.1305306e-05 0.023417365 0.12419934 9.792525e-05 0.071230054 0.17085457 0.37566444 0.28518692 0.1651295 0.78774554 0.21946014 0.0005776814 0.09434451 3.714384e-17 0.64626426 0.0004463069 0.2283471 0.071078256 0.006724469 0.60742867 0.032441042 0.7033035 0.24368356 0.2524445 0.44122106 0.060449637 0.00038050982 0.016185923 0.0005046833 0.00011326179 0.0023767853 0.0006052614 0.021162853 0.010141085 0.009321775 0.010405234 0.0006001499 0.02140522 0.124848284 0.0003717091 0.0026356592 0.0032297836 0.0149595 0.00022178012 0.059451576 0.019529248 3.805804e-05 0.0016522909 0.007587137 0.001148373 0.0029185286 4.1220874e-06 0.02625159 0.002484695 0.00067101675 0.00047063106 0.0003883449 0.0007093374 6.247624e-05 0.00019223292 7.180432e-05 0.0001623866 0.00019258469 7.3818956e-05 7.923214e-05 0.00048878905 4.696444e-05 1.7161121e-05 9.7666256e-05 0.00071914244 9.972504e-05 1.1924311e-05 0.00034103604 0.00047881057 0.0005796136 0.0004421745 0.0019063322 0.00042266975 0.00019390014 4.8078787e-06 0.000674701 6.485007e-05 4.1772677e-05 0.00010579121 1.3160379e-06 1.6982527e-08
0.13439758 3.2815995e-05 1.041672e-05 4.5039662e-05 0.0006299124 0.00025705658 4.3793625e-05 8.557067e-05 0.011316484 0.018792748 0.00011575911 0.00021271306 0.04843478 0.054167368 2.4410288e-06 0.00045414656 0.0072019636 0.06061717 0.00018867235 0.09964101 0.04675207 0.48446035 0.039752107 0.47775695 0.7495324 0.0075362353 0.0005957845 0.32832325 0.64626426 1.7649154e-17 0.0010992512 0.66763806 0.24638698 0.046911858 0.10274369 0.1239044 0.74474955 0.054796457 0.03839043 0.6099698 0.23359437 0.0003768168 0.12469737 0.008098108 4.816192e-05 0.030982204 0.0012552424 0.1842532 0.10440839 0.091192156 0.09919378 0.00044846965 0.1492816 0.030925412 0.00053862744 0.036099285 0.033739064 0.080188796 0.01118518 0.05821574 0.07696592 0.0033690971 0.022363791 0.03732812 0.008683504 0.020514615 0.0005814412 0.047742568 0.024171691 0.0067562372 0.007021835 0.0027350732 0.0036640835 0.00015746766 0.0038681652 0.0025750143 0.0022470888 0.0025598262 0.000423831 0.00040712694 0.0016833539 5.4936485e-05 0.00027402386 0.00021943433 0.00901364 0.0002666318 0.00078875007 0.0009467091 0.0036883054 0.0048001367 0.0007802035 0.0051455433 0.0015699856 0.0004840757 1.688973e-05 0.0040245405 0.0014413524 5.6548884e-05 0.00024286247 0.00013551112 3.339209e-08
