4.9918543e-22 0.8503615 0.98159355 0.46682647 0.8291653 0.28890985 0.76461357 0.99457526 0.708667 0.072006434 0.7948932 0.9045035 0.9927067 0.77096915 0.8982283 0.94737315 0.97423124 0.80394286 0.47194085 0.8214522 0.8565427 0.8334549 0.8157636 0.89761084 0.7783338 0.71163166 0.9831014 0.999547 0.9578578 0.38089064 0.9834682 0.06956535 0.77673894 0.9999823 0.66034055 0.9055207 0.92874473 0.7385712 0.765205 0.9398354 0.69664353 0.810528 0.99535984 0.7977433 0.9157073 0.86565846 0.2468671 0.85626 0.5123249 0.9416146 0.68299663 0.7795447 0.9672012 0.44520456 0.7498468 0.9998822 0.7079487 0.99995136 0.8961458 0.004905335 0.50809085 0.40391254 0.8806209 0.026146416 0.0005342725 0.5321093 0.17931704 0.32411408 0.81327945 0.016471064 0.9999636 0.09566821 0.9824856 0.86255 0.0012980668 0.00052000966 0.69296277 0.093106784 0.004792914 0.007751481 0.0003403662 0.9117223 0.9784692 0.3779084 0.9896326 0.80484205 0.0005750375 0.92170656 0.11260143 0.46130276 0.99267364 0.9317299 0.009174271 0.090760365 0.76321507 0.79533213 0.7516346 1.939782e-06 0.7052676 0.6547208 0.23672667
0.8503615 1.5611632e-14 0.91015494 0.97810704 0.69337314 0.39619318 0.2630707 0.9611672 0.3232679 0.19146861 0.09731784 0.07677078 0.012361134 0.015431605 0.019246705 0.007226112 0.008975125 0.0019575062 0.030167203 0.0031535653 0.00048572264 0.29969695 0.0018823134 0.00035419888 0.0020260925 0.00052595726 0.00036462722 0.006880106 0.0068883523 0.00027781166 0.004364993 0.007096203 6.462275e-05 0.26254228 4.5131157e-05 0.00014792634 5.32337e-06 2.293501e-05 8.180483e-06 1.0029047e-05 5.80007e-05 1.7995251e-05 0.0021373439 3.832521e-06 8.480966e-07 9.239714e-07 9.014877e-06 0.00017136647 0.0002735244 8.79902e-06 4.357383e-05 4.78632e-07 6.218343e-05 0.023270361 3.7517325e-06 0.010863705 4.5232525e-08 0.007563135 0.0024025498 6.3997395e-06 5.777642e-06 1.3810147e-06 6.0221004e-07 0.00013438592 2.9472678e-05 3.8898223e-05 0.00017102362 6.652819e-07 3.3926806e-06 0.030456312 0.0007204079 3.212164e-07 0.00032897136 2.0299554e-07 2.3452378e-05 0.000115728195 0.00028582755 4.4783295e-08 2.1233213e-07 7.2689713e-06 1.2350706e-06 9.482731e-06 9.862701e-06 3.3535578e-06 6.120647e-05 1.2786479e-05 8.5674316e-08 1.3778885e-05 1.7703998e-05 3.9849272e-07 7.0112915e-06 1.8205517e-05 1.147821e-07 1.1429399e-06 1.352779e-06 2.9911033e-07 3.0772114e-07 0.00011135959 8.661134e-08 1.9467948e-06 1.7923871e-06
0.98159355 0.91015494 5.261924e-13 0.6727781 0.084997945 0.33822986 0.9760896 0.88886195 0.03087132 0.09431237 0.006304287 0.0051510525 0.47596154 0.0012337421 0.0011755683 0.00042472157 0.0015871526 0.10138278 0.27102014 0.00026757226 0.03176395 0.013412824 0.0001939264 0.00010247007 0.06482582 0.019940782 0.00014022693 0.16674635 0.004897671 0.011069951 0.0027845316 0.11237992 3.6714584e-05 0.43491694 2.0446167e-05 0.0033097828 1.2026617e-05 1.748278e-05 1.1534799e-05 3.0501122e-05 0.00034692624 9.424087e-06 0.0011860891 4.176955e-06 2.0529585e-06 2.4949943e-06 0.0009620432 0.00015251654 0.0006709675 2.7147e-05 7.203821e-05 3.257189e-07 6.952959e-05 0.001896628 9.670141e-06 0.10637558 3.9339195e-08 0.008652608 0.025212541 0.00020910036 1.1772241e-06 2.407902e-07 1.543607e-06 1.2211316e-05 0.000118343436 4.8647244e-06 1.3153684e-05 1.8261151e-06 1.4831054e-06 0.0020347885 0.0027008792 4.759142e-07 0.005495412 7.4828415e-07 4.9571636e-06 2.3437375e-05 0.001919544 7.432973e-08 1.8340947e-06 8.081707e-06 2.2128184e-05 6.3212035e-05 0.00012964294 0.00017548852 0.0005102595 8.737563e-05 1.856056e-06 7.999945e-05 8.7859786e-05 5.96436e-06 0.000115177456 0.0002464629 1.659867e-06 5.3983873e-05 7.980027e-05 7.751629e-06 2.0767888e-05 0.000117744086 2.439965e-06 0.000102938546 7.142398e-05
0.46682647 0.97810704 0.6727781 5.166033e-15 0.83982134 0.94263923 0.6273239 0.18735987 0.4739998 0.83639914 0.1890828 0.07737698 0.016670115 0.014807285 0.0100035565 0.0021372552 0.0018900039 0.0027111568 0.15402006 0.00088526 0.00049812614 0.78569037 0.001766543 0.0001268323 0.005782215 0.00047409817 0.00010601067 0.0023044995 0.0010017194 0.00071489636 0.0011445385 0.14613758 6.1668106e-05 0.020310488 6.7209075e-05 0.0002879512 2.6082637e-06 2.620647e-05 7.893825e-06 2.4394024e-06 0.00043825386 3.6531183e-05 0.000662128 2.9123269e-06 8.9754207e-07 3.9019974e-07 0.00013667074 0.00016935673 0.00033843485 1.2994807e-06 0.000115481576 4.3676258e-07 2.263931e-05 0.046693724 9.2902644e-07 0.0016021047 7.778434e-08 0.0010335894 0.00045332697 2.4320214e-05 3.488409e-06 2.967474e-06 6.8560735e-07 0.0002332854 9.218925e-05 1.962553e-05 0.00038044972 3.4440543e-06 4.4060757e-06 0.22384308 8.5759304e-05 1.2237633e-06 1.5620371e-05 1.0879686e-06 0.00036924033 0.0019056096 8.767947e-05 2.855349e-08 6.0716366e-07 0.0002328591 1.5365813e-05 4.634265e-06 1.9467948e-06 1.1447628e-06 1.2769875e-06 1.6588307e-06 1.7683918e-07 2.0030109e-06 0.0001417918 3.0000035e-06 4.857782e-07 1.24012395e-05 1.01519205e-07 1.1889405e-05 2.964326e-06 1.2828085e-06 3.0726483e-07 0.0012028797 9.666722e-07 1.3909512e-05 0.00010212111
0.8291653 0.69337314 0.084997945 0.83982134 2.9583734e-17 0.19811778 0.0037534132 0.42039376 0.99161595 0.19513178 0.7364817 0.59127647 0.00014696733 0.32911238 0.18195784 0.13679358 0.112690754 7.0679576e-05 0.0003134535 0.0749286 7.686047e-06 0.6017114 0.12737587 0.0053947465 3.5669767e-05 1.2305834e-05 0.0013666039 0.0006579763 0.00411818 8.28895e-06 0.002747461 0.00025431195 3.629768e-05 0.44212997 5.116826e-05 2.2913058e-05 3.2431958e-06 1.2957216e-05 2.5129684e-06 6.6527914e-06 2.2003635e-06 2.9368275e-05 0.0010487562 2.0583204e-06 1.4617824e-06 5.106199e-07 1.2455652e-07 2.31824e-05 3.244268e-05 2.863301e-06 6.802016e-06 1.9268634e-07 1.4873017e-05 0.08336043 1.7315051e-06 0.0013399541 7.17015e-08 0.0020248145 0.00021395412 1.331149e-07 3.7860416e-05 1.9539717e-05 1.3890026e-07 0.0035766372 1.1336979e-07 0.00015593857 0.0013042277 8.910644e-07 6.916386e-07 0.02894819 0.00048525134 2.5407678e-06 5.4697807e-06 4.2277144e-08 0.0003114579 0.00019449927 4.49048e-06 5.1832643e-08 2.6857235e-06 0.00015672247 3.291314e-06 1.5624834e-06 2.1215653e-06 5.807716e-08 1.2421816e-06 1.4587681e-07 1.9404295e-06 4.2393688e-07 1.01476e-06 2.5397842e-08 3.75299e-07 2.1417793e-07 4.6644757e-07 5.0656868e-06 3.7614467e-07 1.655792e-07 1.625185e-07 1.1509373e-05 1.4295322e-08 6.487239e-07 2.5111706e-07
0.28890985 0.39619318 0.33822986 0.94263923 0.19811778 3.4261795e-14 0.7737574 0.046667755 0.08415422 0.99111813 0.0098996265 0.008628637 0.08787957 0.002381542 0.0020555751 0.0011026398 0.0016592587 0.030504553 0.51454574 0.00040801137 0.010096661 0.44320264 0.00034169186 0.00020962485 0.033415005 0.005049223 0.00024911307 0.0027642366 0.0005970022 0.0025403476 0.000767195 0.14125744 1.8755962e-05 0.0053786347 1.2986983e-05 0.0012934193 2.8776274e-05 9.73883e-06 8.278743e-06 3.4817665e-05 0.00050490355 2.5458614e-06 0.00020771583 1.8351041e-06 8.2896295e-06 1.6495466e-06 0.00012641026 0.00071319804 0.00025014364 1.807804e-05 0.00032376894 5.150097e-07 0.00012390522 0.003561538 1.4887987e-05 0.0013405657 9.108653e-07 0.00044719988 0.00054328935 0.00015599093 2.6891106e-05 3.8529688e-05 1.7122817e-05 9.585955e-05 0.00011322313 5.727563e-05 0.001581044 1.7623714e-05 1.1376348e-05 0.010287055 0.00015565657 1.2888977e-05 3.7908903e-05 2.1445971e-06 3.216894e-05 0.00061349996 2.9139537e-05 1.1321863e-05 7.177785e-06 2.6671762e-05 2.5248679e-05 1.2036038e-05 4.4024755e-06 1.2102265e-07 5.958185e-06 1.6525147e-06 7.288174e-07 8.364197e-06 1.3725244e-05 5.412267e-06 4.1072e-06 1.35618475e-05 4.1816775e-06 1.46549755e-05 1.805917e-05 5.4829316e-06 4.30007e-06 0.0007774572 3.0205027e-07 4.7351186e-06 3.291435e-07
0.76461357 0.2630707 0.9760896 0.6273239 0.0037534132 0.7737574 1.5314232e-14 0.13548999 0.0021893673 0.15009628 0.00064487313 0.0006114241 0.8176129 0.00016172715 0.00012002218 2.595533e-05 0.00020778617 0.3269448 0.9561529 5.51195e-06 0.1633854 0.008173539 6.8747568e-06 2.2659746e-05 0.4920887 0.11322205 3.689496e-05 0.018798491 0.0005753661 0.11218309 0.000602543 0.4826189 6.3755856e-06 0.03173507 1.7502055e-06 0.004013408 3.5083733e-06 1.3794062e-06 8.547002e-07 2.9128296e-06 0.0038139792 5.842501e-07 0.000362221 1.803191e-07 2.9015217e-07 1.9741613e-07 0.013835592 0.00045641235 0.00135593 2.6488906e-06 0.00023505795 1.1239854e-07 1.5712722e-05 7.226232e-05 1.3970325e-06 0.0042284997 4.1817373e-08 0.0016589138 0.0014162442 0.0015482188 2.914405e-06 2.7250114e-06 2.0937041e-07 1.0301071e-06 0.00042923656 1.5000213e-06 4.1472347e-05 5.3022422e-06 1.015484e-06 0.0010320981 0.0002512331 4.61172e-07 1.8313951e-05 1.4434356e-06 3.421397e-06 2.1753332e-05 2.598795e-05 2.2872557e-07 1.7303488e-05 5.854953e-06 0.00020829764 9.1039294e-07 6.9128384e-07 7.376127e-08 1.3256895e-06 4.617113e-08 4.632745e-06 4.0702014e-07 0.00014566559 3.42042e-07 3.9501998e-07 1.5237274e-06 3.1271193e-07 3.917563e-06 6.5845927e-07 7.295757e-08 4.1603762e-08 0.0003730223 8.672887e-08 4.0173455e-07 7.202165e-07
0.99457526 0.9611672 0.88886195 0.18735987 0.42039376 0.046667755 0.13548999 3.7015785e-12 0.119103394 0.02755823 0.057919152 0.14240569 0.075484134 0.024901014 0.07096081 0.066829644 0.12237484 0.006689813 0.011714985 0.014806678 0.0023074509 0.02504817 0.005670431 0.0059342273 0.004002146 0.0024404298 0.0059392233 0.008471194 0.016808186 0.00068579515 0.0060487855 0.00334689 0.00055975845 0.9180353 0.0004954954 0.0029172304 0.00014972272 0.00020809217 0.00015363212 0.00017680386 0.0001339473 0.00037498638 0.0022598295 7.4039985e-05 2.654425e-05 2.7630967e-05 0.000101474456 0.00014722209 0.000916414 9.3651375e-05 4.9111786e-05 1.0669564e-05 0.00016531153 0.007607258 2.2012064e-05 0.02934332 9.291801e-06 0.01605932 0.006871729 3.242468e-05 0.0002713777 9.4171286e-05 1.2774717e-05 7.641701e-05 3.5278586e-05 0.0002246342 0.00036502874 1.0747782e-05 1.6805137e-05 0.00068590924 0.0012516383 3.1513362e-05 0.009974188 5.2338834e-07 1.1507858e-05 8.8901925e-06 0.002278641 3.6079217e-07 1.28224165e-05 9.332663e-06 3.092465e-05 0.00025364247 0.00034724685 0.00019726173 0.00071220775 0.0001317016 1.1751496e-05 1.8710227e-05 8.6409666e-05 1.6869527e-07 0.00048164133 0.0006242101 2.48953e-06 1.4216409e-05 7.38243e-05 2.359508e-05 2.3979495e-05 0.00014181831 1.3889675e-06 3.3045253e-05 7.034892e-05
0.708667 0.3232679 0.03087132 0.4739998 0.99161595 0.08415422 0.0021893673 0.119103394 1.1409913e-14 0.10661255 0.948385 0.65746886 0.000102705664 0.5081172 0.25684065 0.16256097 0.0905778 6.241068e-05 0.00017331772 0.118948504 1.5977826e-05 0.7946458 0.19938916 0.006864399 2.100456e-05 6.703742e-06 0.002744435 0.00013112972 0.004791454 3.2361977e-06 0.0034483369 6.0953775e-05 0.00014397636 0.11077777 0.00012245151 2.9046396e-05 1.839484e-05 3.925553e-05 1.01912365e-05 2.1845388e-05 2.3252776e-06 8.148019e-05 0.0016102036 2.099067e-06 2.7677472e-06 1.8920623e-06 1.4714065e-08 1.1694744e-05 8.553457e-06 5.919717e-06 5.9889885e-06 8.6100204e-07 1.5715808e-05 0.14130591 2.0006607e-06 0.0004065254 5.616216e-08 0.0018183072 1.9727762e-05 1.1465956e-07 9.199086e-05 5.513094e-05 3.6305778e-07 0.006025787 7.5973055e-08 0.00017708262 0.0030805264 2.9829635e-06 3.5358157e-06 0.052577473 0.00010193866 3.9606945e-07 8.868823e-07 7.242766e-08 0.0007421905 0.00027176566 1.1730797e-06 4.0584474e-08 9.05348e-07 0.00023973655 3.7686116e-06 1.2902142e-06 1.2580233e-06 1.4433791e-08 4.00614e-07 1.1675872e-08 2.0249197e-06 1.0363034e-07 1.8072462e-06 1.9864888e-08 1.02093004e-07 2.218166e-07 7.689936e-07 2.5279098e-06 7.830789e-08 3.7237292e-08 2.3025308e-08 2.2486407e-05 4.670057e-09 1.3204183e-07 1.5099415e-08
0.072006434 0.19146861 0.09431237 0.83639914 0.19513178 0.99111813 0.15009628 0.02755823 0.10661255 2.7847857e-13 0.021927882 0.01692635 0.006803502 0.006564041 0.004875249 0.0024916562 0.003196396 0.002674253 0.056962688 0.0019213358 0.0017657243 0.94466954 0.004025231 0.00021134091 0.0016468997 0.00035690964 0.0007377683 0.0005938901 0.0005132899 0.0003134128 0.0012513215 0.01880608 6.3183106e-05 0.003389555 3.8301663e-05 0.00034048685 4.424031e-05 2.355169e-05 2.134162e-05 0.000102565304 8.7122935e-05 3.174741e-05 0.00068717153 1.0301647e-05 2.3533887e-05 8.203944e-06 9.948115e-06 0.00015045515 2.2515676e-05 5.379352e-05 3.4768855e-05 4.539666e-06 9.8002885e-05 0.033055004 8.469065e-06 0.00020072731 1.734872e-06 0.00035443745 6.281679e-05 1.6269669e-05 3.9355276e-05 5.5712117e-05 3.4752018e-05 0.001525828 1.3484531e-05 6.0017304e-05 0.0010755175 1.8225111e-05 1.0548459e-05 0.05102494 4.1630337e-05 1.1212393e-05 4.589176e-06 1.7919309e-06 0.00045574407 0.0017422213 3.6298698e-06 3.7559173e-06 7.383454e-06 8.9803005e-05 1.2037037e-05 6.8848144e-06 3.4919103e-06 3.1273754e-07 9.533456e-06 1.3912044e-07 2.6642588e-06 3.8123585e-06 1.7587918e-05 4.347755e-06 2.7367964e-06 3.23017e-06 3.1803668e-06 5.028888e-06 1.751229e-06 6.732602e-07 6.349466e-07 0.00097129564 3.1167268e-08 8.103877e-07 1.4075016e-07
0.7948932 0.09731784 0.006304287 0.1890828 0.7364817 0.0098996265 0.00064487313 0.057919152 0.948385 0.021927882 3.1039137e-15 0.9336311 5.5600864e-05 0.9700482 0.6704047 0.4688745 0.24767353 3.1052823e-05 5.113304e-05 0.43673685 1.4183379e-05 0.72694355 0.6592595 0.02566598 1.0937355e-05 8.075029e-06 0.010214537 0.00022376783 0.007579186 1.7503456e-06 0.006303249 3.4941673e-05 0.00074729725 0.09812562 0.00056349405 4.0460018e-05 7.81828e-05 0.00019585657 8.677963e-05 0.00016356051 2.7784422e-06 0.000706027 0.0025424454 1.5340893e-05 1.7049557e-05 1.399639e-05 7.390153e-08 2.8627017e-05 2.7102247e-05 6.32884e-05 1.6037822e-05 6.871964e-06 0.00013709946 0.32061315 2.464012e-05 0.0005911021 8.61319e-07 0.0019427913 2.690198e-05 6.7535854e-07 0.00054490205 0.0004049569 4.401078e-06 0.013945522 7.795485e-08 0.0015864656 0.009263468 1.2655663e-05 2.4003954e-05 0.06301972 0.00019959878 1.08665945e-05 4.2335287e-06 8.1075564e-07 0.001009227 0.00030904912 3.976027e-06 4.0935365e-06 1.7395665e-05 0.0013316082 1.0518222e-05 1.3219796e-05 1.1857905e-05 2.1631587e-07 1.22971e-06 1.4221085e-07 7.5032535e-06 1.7142008e-06 2.7292652e-05 5.0282523e-07 3.3535403e-07 2.6410685e-06 3.3783488e-06 5.2485942e-05 1.1149635e-06 3.006716e-07 2.2012377e-07 4.8169068e-06 7.850559e-08 7.4969915e-07 1.3599393e-07
0.9045035 0.07677078 0.0051510525 0.07737698 0.59127647 0.008628637 0.0006114241 0.14240569 0.65746886 0.01692635 0.9336311 1.926683e-15 5.2332896e-05 0.9387254 0.9410476 0.81590223 0.66677207 2.3995624e-05 0.00011560168 0.7699585 5.8195205e-06 0.35432246 0.7441454 0.1493385 1.9143683e-05 6.852384e-06 0.023795033 0.00032447212 0.024971213 3.870198e-06 0.017612265 9.110244e-05 0.0043091737 0.4538048 0.003900242 2.8685688e-05 0.00030148553 0.001152998 0.0004766987 0.00029172696 4.0787286e-06 0.009116894 0.006613852 0.00018551447 4.064593e-05 3.010007e-05 2.1153538e-07 2.789047e-05 2.8112863e-05 7.2362935e-05 1.5705844e-05 2.2531056e-05 0.00026069657 0.43666375 6.29803e-05 0.00081016094 3.3301553e-06 0.0042451993 0.0001478138 1.0024613e-06 0.0006370137 0.000527387 7.0501615e-06 0.025801279 8.362042e-08 0.0038425217 0.014419829 3.254662e-05 4.2543506e-05 0.043198023 0.00069186126 8.542309e-05 1.012091e-05 2.3471741e-06 0.001773106 0.00040800695 1.6061547e-05 8.8790175e-06 2.2055981e-05 0.0023185539 1.4738399e-05 4.1949246e-05 3.1726042e-05 5.5242515e-07 7.1543245e-06 1.1699916e-06 1.673204e-05 4.4393455e-06 3.549782e-05 6.522618e-07 1.7269865e-06 5.5395158e-06 1.1390645e-05 3.150825e-05 2.0371785e-06 1.2153254e-06 1.0625763e-06 2.9059669e-05 1.7329646e-07 1.9244774e-06 1.8412766e-06
0.9927067 0.012361134 0.47596154 0.016670115 0.00014696733 0.08787957 0.8176129 0.075484134 0.000102705664 0.006803502 5.5600864e-05 5.2332896e-05 5.2700344e-15 1.2654759e-05 9.128407e-06 2.2712156e-06 2.5188025e-05 0.9424163 0.51545966 1.2881708e-06 0.9354755 0.00011883619 1.7077407e-06 4.314023e-06 0.716042 0.7101381 8.745204e-06 0.8167429 0.0006072043 0.53084636 0.00021115193 0.38136992 4.878339e-07 0.080700405 2.8967307e-07 0.07915659 1.5843312e-07 3.2511034e-07 7.544483e-08 2.0041598e-07 0.20457305 1.14491286e-07 0.00016449738 4.266533e-08 6.0588796e-08 7.939009e-08 0.27933615 0.0037981588 0.029730896 1.9584301e-07 0.0069554234 1.116453e-08 2.1904061e-06 1.04504115e-05 8.471155e-08 0.06535566 5.7463283e-09 0.0033354904 0.02810105 0.006293147 1.0377014e-06 3.0118875e-07 2.5532477e-08 2.2716617e-06 0.0005685216 2.234812e-06 7.6387605e-06 4.6153545e-07 9.521376e-07 1.7010903e-05 0.0034473832 7.003156e-07 0.0009956268 1.4328018e-07 6.4731953e-06 1.6197944e-05 0.0020316164 6.8435634e-07 5.3645845e-06 9.634814e-05 0.00034242615 3.4650368e-06 1.8562161e-05 5.860246e-05 0.00014438832 1.3375104e-05 2.4873682e-06 3.035293e-05 0.0008794365 5.1678774e-07 2.6281e-05 9.9199824e-05 1.2693399e-05 9.412581e-06 1.563447e-05 6.150174e-06 5.976995e-06 0.00019755654 4.5769293e-06 6.890809e-05 8.416302e-06
0.77096915 0.015431605 0.0012337421 0.014807285 0.32911238 0.002381542 0.00016172715 0.024901014 0.5081172 0.006564041 0.9700482 0.9387254 1.2654759e-05 1.4452334e-15 0.8467042 0.60043037 0.30855286 6.040919e-06 1.7693485e-05 0.8290413 4.0837967e-06 0.36766455 0.93055063 0.060116284 3.7152197e-06 1.0366451e-06 0.019899951 9.8249664e-05 0.011186338 9.041201e-07 0.012129258 1.5770971e-05 0.00404787 0.07257929 0.0027296336 1.78403e-05 0.00043199808 0.0009989905 0.00047963182 0.00050520623 1.2178373e-06 0.005275706 0.0064422125 0.00010734624 6.344014e-05 6.396601e-05 7.389942e-08 9.834044e-06 5.685557e-06 0.00013138396 4.845343e-06 2.0831007e-05 0.00035168687 0.35861313 5.6438334e-05 0.00029099366 2.857425e-06 0.0023006622 2.163398e-05 4.3078543e-07 0.0007960694 0.0006614249 2.4691706e-05 0.023010798 5.059468e-08 0.0041967714 0.014788664 4.096894e-05 5.6113848e-05 0.039440762 0.000135542 2.5753101e-05 1.9757726e-06 3.2579767e-06 0.0016284417 0.0004284744 1.5564334e-06 1.063965e-05 1.48973895e-05 0.0023304927 5.9483573e-06 1.9861849e-05 8.81439e-06 1.4568175e-07 1.5207006e-06 6.394425e-08 1.3666793e-05 1.940383e-06 1.642996e-05 2.556085e-07 2.8471658e-07 2.6466787e-06 6.5183244e-06 1.1748873e-05 7.441488e-07 1.4537407e-07 1.00557756e-07 3.611228e-06 2.9075089e-08 2.3283299e-07 4.4441485e-08
0.8982283 0.019246705 0.0011755683 0.0100035565 0.18195784 0.0020555751 0.00012002218 0.07096081 0.25684065 0.004875249 0.6704047 0.9410476 9.128407e-06 0.8467042 5.620737e-16 0.9380804 0.7503375 5.289444e-06 1.615142e-05 0.936473 7.0126254e-07 0.19508363 0.8540779 0.36007577 1.3157768e-06 5.19457e-07 0.08882731 0.00017275813 0.0683579 3.093807e-07 0.05138214 8.925558e-06 0.032786243 0.33391187 0.021175936 8.681701e-06 0.0027454547 0.0072862986 0.0030828745 0.0022185703 3.2864475e-07 0.03686775 0.025924949 0.00090844644 0.00022913529 0.00022993273 2.3638783e-08 2.7386816e-06 1.7680773e-06 0.00027415797 1.3355952e-06 0.00010784894 0.00073283684 0.39203912 0.00010994178 0.00078424445 3.7205843e-06 0.0065974575 7.470285e-05 1.8290807e-07 0.0013939583 0.0010922285 1.8955365e-05 0.03274869 1.4328735e-08 0.011656671 0.020135924 5.4061256e-05 7.7507226e-05 0.030585455 0.0006176743 8.636246e-05 2.7081899e-06 2.53784e-06 0.002407387 0.00036251286 1.7041745e-06 6.590307e-06 1.45244385e-05 0.0034973233 1.0033308e-06 2.063459e-05 1.3669623e-05 8.942189e-08 4.424341e-06 6.407623e-08 4.983566e-06 1.8925317e-06 3.9493957e-06 1.346388e-07 1.6675375e-07 2.1489416e-06 5.5372448e-06 2.815967e-06 3.961559e-07 1.7559574e-07 2.2046663e-07 3.7697152e-06 4.3788216e-08 5.5927495e-07 1.1117128e-07
0.94737315 0.007226112 0.00042472157 0.0021372552 0.13679358 0.0011026398 2.595533e-05 0.066829644 0.16256097 0.0024916562 0.4688745 0.81590223 2.2712156e-06 0.60043037 0.9380804 1.3302533e-16 0.9276119 1.035261e-06 5.1577226e-06 0.9269869 2.3682345e-07 0.104057305 0.74910736 0.6003268 8.2322254e-07 2.8281303e-07 0.21356313 7.251506e-05 0.14493643 2.2998458e-07 0.08564857 4.0653076e-06 0.083165854 0.4729288 0.053067375 2.668256e-06 0.00410253 0.015748758 0.0058279186 0.0022631933 2.8417105e-07 0.067745805 0.0368065 0.0019058586 0.00019254594 0.00027869773 1.3462371e-08 4.2338197e-06 1.6665019e-06 0.00023960284 1.4239589e-06 0.00010422548 0.0013317409 0.32274923 4.4397748e-05 0.00055412546 3.5152489e-06 0.009463878 4.7001493e-05 1.4191984e-07 0.0016275203 0.0010937856 1.3308648e-05 0.032393124 2.7205841e-08 0.0130396215 0.020169828 2.0973095e-05 5.4198365e-05 0.012871228 0.00096150476 0.00024487465 2.6223681e-06 7.838201e-06 0.0011806027 0.00011874251 1.1249949e-06 5.8559026e-06 1.2170891e-05 0.004016105 1.0178138e-06 2.7238855e-05 2.0033462e-05 1.6881096e-07 1.4792229e-05 1.4312469e-06 3.711809e-06 1.1597186e-05 4.7182825e-06 3.0515903e-07 4.5277432e-07 3.2028206e-06 6.34303e-06 2.8949698e-06 1.0625904e-06 4.82013e-07 3.91885e-07 7.688041e-06 1.2537359e-07 1.18241e-06 1.0485336e-06
0.97423124 0.008975125 0.0015871526 0.0018900039 0.112690754 0.0016592587 0.00020778617 0.12237484 0.0905778 0.003196396 0.24767353 0.66677207 2.5188025e-05 0.30855286 0.7503375 0.9276119 7.7780023e-16 5.0958297e-06 3.6736226e-05 0.6295943 1.088908e-06 0.017123211 0.3333178 0.94757533 5.0671747e-06 3.9757656e-06 0.4970786 0.0001606298 0.2882785 1.4888391e-06 0.19883224 4.61458e-05 0.18626611 0.7938446 0.10081007 5.1456213e-06 0.018494109 0.06334432 0.04384763 0.009872412 5.844262e-07 0.090857185 0.08211789 0.020334352 0.0029016288 0.0032701062 3.2596862e-08 6.2878007e-06 6.925433e-06 0.0012091468 1.627458e-06 0.0010838319 0.0012594506 0.22041225 0.00014177896 0.0019972534 8.069336e-05 0.024900211 0.0001911627 1.5087907e-07 0.0041821864 0.0026497273 4.8566566e-05 0.014827442 3.135838e-08 0.0140673965 0.021165796 3.6390396e-05 5.4084572e-05 0.0051125414 0.0013205024 0.00081332837 2.2498012e-05 4.212807e-06 0.00041788412 0.0001005393 9.566644e-06 1.7948538e-06 1.3727246e-05 0.001737307 1.7806399e-06 7.517074e-05 9.4365285e-05 6.832288e-07 0.0001038853 9.298503e-06 4.461347e-06 7.785876e-05 3.2542706e-05 7.270361e-07 7.070273e-06 1.968313e-05 2.7004528e-06 2.5468837e-06 4.1029793e-06 1.1822555e-06 3.6607335e-06 3.0127612e-05 5.670252e-07 2.83338e-06 5.9508943e-06
0.80394286 0.0019575062 0.10138278 0.0027111568 7.0679576e-05 0.030504553 0.3269448 0.006689813 6.241068e-05 0.002674253 3.1052823e-05 2.3995624e-05 0.9424163 6.040919e-06 5.289444e-06 1.035261e-06 5.0958297e-06 1.5008694e-14 0.32036725 2.8327352e-07 0.9816821 5.254073e-05 6.96604e-07 2.2274244e-06 0.70154965 0.89152145 4.7597346e-06 0.35033622 8.565623e-05 0.5575394 3.1999123e-05 0.26490217 9.614634e-08 0.013983017 1.1488143e-07 0.16604821 7.141951e-08 9.763361e-08 2.0263721e-08 1.0464593e-07 0.60275716 7.220889e-08 6.482286e-05 1.5038772e-08 1.8682242e-08 1.0501338e-08 0.45545045 0.009925051 0.06814993 1.0655612e-07 0.017848156 4.6094994e-09 2.3809115e-07 1.1993579e-06 1.5803813e-08 0.014276516 2.168566e-09 0.0015670185 0.013868784 0.012954359 8.7897655e-07 5.4529526e-08 7.447714e-09 7.680134e-06 0.0004203499 1.3617569e-06 1.671268e-05 2.2504256e-07 3.2432902e-07 1.6638873e-05 0.0014247803 1.8794027e-07 0.0008091688 3.0881342e-08 1.4265369e-05 1.8240917e-05 0.0011252274 1.67042e-07 5.58784e-07 5.477828e-05 0.00050071377 5.129167e-07 9.317432e-07 1.985992e-05 1.1377465e-05 5.2066493e-06 4.7327935e-06 2.313658e-06 0.0008548433 1.5872818e-07 1.3780383e-05 3.0796639e-06 9.009174e-07 2.4892024e-06 9.3441815e-07 6.9507576e-07 3.6965608e-07 0.00020146222 6.9698444e-08 2.9389669e-06 4.9078255e-07
0.47194085 0.030167203 0.27102014 0.15402006 0.0003134535 0.51454574 0.9561529 0.011714985 0.00017331772 0.056962688 5.113304e-05 0.00011560168 0.51545966 1.7693485e-05 1.615142e-05 5.1577226e-06 3.6736226e-05 0.32036725 5.2849723e-15 7.119703e-07 0.1453531 0.0009534697 1.4232571e-06 1.70512e-05 0.8992058 0.27079394 1.9657016e-05 0.0068298043 0.00031595802 0.39636347 0.00040693342 0.9878281 5.535078e-07 0.0025253906 3.262835e-07 0.00587085 7.408115e-07 2.443492e-07 8.46849e-08 7.085612e-07 0.012554699 1.5748124e-07 0.00014644713 6.42124e-08 1.9787151e-07 4.8486985e-08 0.057882678 0.00021581282 0.0015743179 1.8612192e-06 0.00016770724 6.278477e-08 3.3391632e-05 4.494542e-06 2.2426152e-06 0.0013621447 3.141717e-08 0.0003893521 0.0009338147 0.011421311 4.391309e-06 3.2274634e-06 1.8784989e-06 8.206159e-06 0.0024311403 3.4775705e-06 0.0001451615 9.390335e-06 2.0026173e-06 0.0006650477 0.000117432224 1.6120013e-05 6.429157e-06 2.7681037e-06 5.4093102e-06 3.67744e-05 2.3489847e-05 4.9800093e-07 0.00012746296 6.321474e-05 0.0005954988 8.8535444e-07 4.5230303e-07 1.7830962e-07 2.6490727e-06 6.595871e-08 4.7416648e-05 5.2549495e-07 0.0006105466 2.5630115e-06 3.3601188e-07 8.043692e-06 1.25787265e-05 1.473161e-05 2.2216518e-06 8.773143e-07 1.4642137e-07 0.0008694482 2.6750666e-08 6.835827e-07 9.1695154e-07
0.8214522 0.0031535653 0.00026757226 0.00088526 0.0749286 0.00040801137 5.51195e-06 0.014806678 0.118948504 0.0019213358 0.43673685 0.7699585 1.2881708e-06 0.8290413 0.936473 0.9269869 0.6295943 2.8327352e-07 7.119703e-07 4.2584997e-16 1.10384434e-07 0.08262356 0.96726435 0.33295622 6.290656e-08 5.280326e-08 0.10598348 2.0746054e-05 0.038914658 3.5707902e-08 0.041876994 8.2500185e-07 0.083052784 0.110401936 0.06282069 2.1315027e-06 0.0073237927 0.025197573 0.009630869 0.004582455 5.45028e-08 0.0820704 0.025008487 0.0030130572 0.0004788795 0.0006709522 2.8705007e-09 1.5485789e-06 6.488749e-07 0.0003356468 4.5717968e-07 0.00018960112 0.0005782182 0.35811636 5.886006e-05 0.00012280763 4.307996e-06 0.0036822392 5.5598503e-06 4.287384e-08 0.003265326 0.004395118 2.5056423e-05 0.036236793 3.852233e-09 0.03644625 0.030476818 7.223324e-05 7.31453e-05 0.01247734 0.000127884 0.00029394095 2.9187063e-07 3.87235e-06 0.0013527907 0.00015303887 2.1301562e-07 4.1253593e-06 1.2917797e-05 0.005924812 8.95263e-07 3.5365947e-06 5.9582476e-06 2.654902e-08 2.2317727e-06 5.8529173e-09 5.0649624e-06 1.0474653e-06 2.522169e-06 9.704026e-08 5.8444314e-08 2.90372e-07 5.0960293e-06 7.341925e-07 2.256019e-07 5.9108995e-08 3.313406e-08 7.9084464e-07 7.274355e-09 1.6284338e-07 8.575913e-09
0.8565427 0.00048572264 0.03176395 0.00049812614 7.686047e-06 0.010096661 0.1633854 0.0023074509 1.5977826e-05 0.0017657243 1.4183379e-05 5.8195205e-06 0.9354755 4.0837967e-06 7.0126254e-07 2.3682345e-07 1.088908e-06 0.9816821 0.1453531 1.10384434e-07 2.9793274e-15 4.5570712e-05 7.4572944e-07 9.275993e-07 0.6246148 0.81532186 1.2797636e-06 0.638565 3.2163545e-05 0.5473647 1.38693495e-05 0.16201356 4.540921e-08 0.005769243 7.576785e-08 0.39883584 2.9237697e-08 7.030086e-08 1.25587745e-08 4.2358263e-08 0.7402616 9.450455e-08 1.8582443e-05 1.3976588e-08 8.446258e-09 4.3527724e-09 0.4684292 0.02030673 0.33359292 4.671966e-08 0.03505113 2.422096e-09 1.9483613e-07 2.1354049e-06 6.9775026e-09 0.018157938 1.497382e-09 0.0006320724 0.027365936 0.010238568 6.2543666e-07 3.3225007e-08 6.4497505e-09 2.9381597e-06 0.00053216395 1.2455233e-06 2.707409e-05 1.6937908e-07 3.310976e-07 1.5354328e-05 0.0016425597 1.0602739e-07 0.0019032422 1.672738e-07 1.6508946e-05 9.651547e-06 0.0067299167 1.5654507e-07 8.563637e-07 6.446216e-05 0.00046700554 1.8889675e-07 4.2142557e-07 0.00017158478 4.551496e-06 0.00016310754 4.747196e-06 1.1820695e-06 0.0007934719 4.748882e-07 1.5780133e-05 1.1449948e-05 2.5652025e-06 4.1262647e-06 2.9826592e-06 1.8683204e-06 2.137102e-06 0.0005452394 4.494741e-07 7.956685e-06 3.319174e-07
0.8334549 0.29969695 0.013412824 0.78569037 0.6017114 0.44320264 0.008173539 0.02504817 0.7946458 0.94466954 0.72694355 0.35432246 0.00011883619 0.36766455 0.19508363 0.104057305 0.017123211 5.254073e-05 0.0009534697 0.08262356 4.5570712e-05 9.788349e-15 0.28960738 0.0005919938 5.9254362e-05 2.0237892e-05 0.0004973762 0.00010983918 0.0004116256 1.8084851e-05 0.0005307271 0.0006359384 0.00029541552 0.02358617 0.0003984401 1.0914067e-05 2.329096e-05 8.950255e-05 3.612446e-05 5.28322e-05 2.493717e-06 0.00026562775 0.00019541793 1.2470249e-05 9.692862e-06 8.425177e-06 3.13067e-07 2.596792e-06 5.218132e-06 3.304968e-06 1.1373544e-06 2.2061336e-06 0.00011005445 0.88829106 2.893096e-06 4.581316e-05 3.758637e-08 0.0005643941 3.2204516e-05 9.375593e-07 0.00023163782 0.0001803426 1.9396891e-06 0.5456418 1.4828827e-07 0.0035513798 0.19378932 8.529003e-06 1.4649777e-07 0.8500689 0.00029228334 2.6635844e-05 5.8689824e-07 1.4510806e-06 0.051324315 0.02791275 1.5427548e-06 6.276896e-08 2.3672399e-06 0.032403693 4.59796e-06 1.8760514e-06 6.1624246e-07 3.2168405e-08 1.3637946e-06 9.952313e-09 2.2642735e-06 9.320516e-07 0.0022586628 2.1393362e-05 5.59748e-08 1.1102656e-07 5.9288726e-07 0.00044385475 5.9914305e-07 3.176987e-08 1.9099431e-08 0.0011834383 2.5144352e-08 2.0631458e-07 0.00023007554
0.8157636 0.0018823134 0.0001939264 0.001766543 0.12737587 0.00034169186 6.8747568e-06 0.005670431 0.19938916 0.004025231 0.6592595 0.7441454 1.7077407e-06 0.93055063 0.8540779 0.74910736 0.3333178 6.96604e-07 1.4232571e-06 0.96726435 7.4572944e-07 0.28960738 1.2871746e-14 0.13906842 2.617422e-07 2.646811e-07 0.050709948 1.2833035e-05 0.009946637 2.56357e-07 0.010476831 6.9353996e-06 0.23407231 0.03872915 0.17525029 2.3804519e-06 0.0066688247 0.058020055 0.017693613 0.0031188116 2.4727973e-07 0.23536609 0.007279402 0.005321048 0.00046910255 0.0004922494 1.01851e-08 2.8818909e-06 1.6124694e-06 0.00020191925 1.8106155e-06 0.000275848 0.0007060112 0.70321125 4.632442e-05 0.00010034591 5.440102e-06 0.0027196975 3.129997e-06 2.616811e-07 0.036735933 0.03536506 3.422401e-05 0.22895285 8.421457e-08 0.16259506 0.22615664 5.927335e-05 7.275078e-05 0.059316207 7.542926e-05 0.0013416689 2.3088573e-06 1.772559e-05 0.006423896 0.00075065397 1.0627587e-06 6.186859e-06 1.731136e-05 0.026761904 4.7372076e-05 1.0996416e-05 1.1222138e-05 5.372622e-08 4.647193e-06 1.6403115e-08 1.9028465e-05 3.4360066e-06 0.00042408553 3.6923575e-07 4.1742328e-07 8.414019e-07 1.7455457e-05 4.958329e-05 5.297498e-07 4.4913918e-08 5.8627755e-08 1.51857685e-05 1.661766e-08 3.6420843e-07 4.4985703e-07
0.89761084 0.00035419888 0.00010247007 0.0001268323 0.0053947465 0.00020962485 2.2659746e-05 0.0059342273 0.006864399 0.00021134091 0.02566598 0.1493385 4.314023e-06 0.060116284 0.36007577 0.6003268 0.94757533 2.2274244e-06 1.70512e-05 0.33295622 9.275993e-07 0.0005919938 0.13906842 2.7412428e-15 2.7298404e-07 5.541511e-07 0.9869592 1.5592897e-05 0.2983776 3.7486728e-07 0.18989953 4.923585e-06 0.6079471 0.14507662 0.40552703 4.006871e-06 0.39515328 0.44011423 0.44721258 0.1602249 1.9413594e-07 0.2987914 0.10224098 0.2764464 0.030134382 0.03440048 1.3013606e-08 2.1959238e-06 4.945321e-06 0.0064914823 1.081796e-06 0.009845405 0.0038903903 0.06498987 0.0014768902 0.0004606242 0.0020207462 0.02023044 1.4432107e-05 7.021818e-08 0.008013144 0.008010963 0.00081430166 0.005142929 4.138848e-08 0.04784 0.024334839 0.00016775011 0.00014604254 0.00021917876 0.0008396465 0.0031990185 6.6897233e-06 7.3589636e-06 0.00017122515 7.01751e-05 2.2820866e-06 1.8062832e-06 8.805581e-05 0.0009354396 1.3168672e-05 3.2168668e-05 5.66876e-05 6.6196316e-07 7.797222e-05 6.0514327e-07 1.7434628e-05 3.098688e-05 3.784388e-05 5.930642e-07 2.9949724e-06 5.027167e-06 6.166313e-06 6.522802e-06 9.604174e-07 1.3122873e-07 5.173277e-07 2.2161023e-05 6.692512e-08 6.048398e-07 5.547652e-06
0.7783338 0.0020260925 0.06482582 0.005782215 3.5669767e-05 0.033415005 0.4920887 0.004002146 2.100456e-05 0.0016468997 1.0937355e-05 1.9143683e-05 0.716042 3.7152197e-06 1.3157768e-06 8.2322254e-07 5.0671747e-06 0.70154965 0.8992058 6.290656e-08 0.6246148 5.9254362e-05 2.617422e-07 2.7298404e-07 3.8404614e-15 0.9587555 1.1414977e-06 0.049356736 3.381709e-05 0.962464 3.439034e-05 0.81866723 4.5030145e-08 0.0033319283 6.058775e-08 0.079121165 5.412922e-08 6.2030466e-08 1.5205599e-08 7.247824e-08 0.6432458 7.212355e-08 2.2627139e-05 1.581862e-08 2.9182486e-08 6.6646115e-09 0.3681247 0.0018417176 0.010012051 1.4492433e-07 0.0030161089 8.712625e-09 3.5511853e-06 4.268271e-06 7.367087e-08 0.0032668253 7.891646e-09 0.0002452554 0.004698857 0.048751943 4.7001113e-06 1.1810001e-06 8.768812e-08 1.0154265e-05 0.0070108743 1.5055186e-06 0.00012625099 7.257891e-07 2.3313582e-07 0.0003041635 0.00024499893 1.1475495e-05 4.0735413e-05 9.8370265e-08 2.0323534e-05 3.2232358e-05 9.695048e-05 4.3264598e-07 0.00013956851 0.00043876926 0.001049879 5.3087507e-07 5.048592e-07 4.70737e-06 1.6187852e-06 1.9534106e-07 6.438487e-05 3.3207823e-07 0.0018414357 2.6488174e-06 8.809882e-07 3.4713642e-06 7.267789e-05 0.00025081873 1.8596065e-06 4.9151754e-07 2.6298724e-07 0.0002511519 3.5350975e-08 5.983057e-06 1.373198e-06
0.71163166 0.00052595726 0.019940782 0.00047409817 1.2305834e-05 0.005049223 0.11322205 0.0024404298 6.703742e-06 0.00035690964 8.075029e-06 6.852384e-06 0.7101381 1.0366451e-06 5.19457e-07 2.8281303e-07 3.9757656e-06 0.89152145 0.27079394 5.280326e-08 0.81532186 2.0237892e-05 2.646811e-07 5.541511e-07 0.9587555 7.550722e-14 1.5876234e-06 0.2107088 2.7602348e-06 0.9118591 3.0833403e-06 0.29086918 3.84455e-08 0.0024453315 1.9361057e-08 0.47976008 3.365309e-08 3.0645815e-08 1.3399609e-08 5.5597496e-08 0.9153594 5.0628856e-08 9.12476e-06 6.916551e-09 5.1399542e-09 2.6449283e-09 0.7045956 0.008835706 0.14962688 4.4858613e-08 0.018067038 3.317528e-09 1.0079439e-06 2.2685485e-06 3.97041e-09 0.006303845 9.411161e-10 0.0001240031 0.016150428 0.09861878 4.7591146e-07 7.462975e-08 3.946965e-09 1.7149677e-06 0.0063026696 3.506766e-07 2.0323323e-05 2.3747049e-07 1.09899155e-07 3.509046e-06 0.00028200226 3.9286877e-07 0.000488285 3.7079718e-07 5.23885e-06 9.4279375e-07 0.0010247042 7.412059e-07 3.1772292e-06 3.2596225e-05 0.0016430531 2.1390625e-07 9.3045074e-08 4.2446245e-05 2.8321952e-07 1.762195e-05 1.2340373e-05 4.817667e-07 0.0032216988 4.015463e-06 1.2429589e-06 1.1978078e-06 1.7443899e-06 1.9079072e-05 9.773734e-07 3.1936563e-07 2.53152e-07 0.00040490416 2.7223075e-08 1.4559224e-06 3.3368853e-08
0.9831014 0.00036462722 0.00014022693 0.00010601067 0.0013666039 0.00024911307 3.689496e-05 0.0059392233 0.002744435 0.0007377683 0.010214537 0.023795033 8.745204e-06 0.019899951 0.08882731 0.21356313 0.4970786 4.7597346e-06 1.9657016e-05 0.10598348 1.2797636e-06 0.0004973762 0.050709948 0.9869592 1.1414977e-06 1.5876234e-06 9.1334606e-15 5.224179e-05 0.8067957 2.9966757e-06 0.6168962 9.275759e-06 0.38919184 0.3986087 0.24192949 9.429435e-06 0.5373261 0.3078276 0.28186363 0.57291347 7.448765e-07 0.20461702 0.35425395 0.20271237 0.11921337 0.09434811 8.414761e-08 3.3131316e-06 8.235024e-06 0.02648454 5.3244025e-07 0.018265055 0.014150866 0.028534686 0.005529117 0.0009992387 0.0050401716 0.07616918 4.3440723e-05 1.3653647e-07 0.017561076 0.013303395 0.0024369934 0.0040464345 3.390397e-08 0.0792125 0.040853776 0.00053080526 0.00040960344 2.1406258e-05 0.0020571793 0.0074643255 1.4154031e-05 4.3922115e-05 0.0001508189 0.00010243929 5.3497893e-06 1.8285207e-05 0.0003978116 0.0009315035 1.1346821e-05 0.00020395016 0.00022715448 2.5387164e-06 0.0003571168 5.185431e-06 0.00013678457 0.00012786852 0.0001698232 2.531519e-06 9.985794e-06 5.429107e-05 5.3548858e-05 2.8058357e-05 4.7944313e-06 2.430425e-06 1.6514828e-06 0.00030709596 1.0029491e-06 1.3571454e-06 6.0823186e-05
0.999547 0.006880106 0.16674635 0.0023044995 0.0006579763 0.0027642366 0.018798491 0.008471194 0.00013112972 0.0005938901 0.00022376783 0.00032447212 0.8167429 9.8249664e-05 0.00017275813 7.251506e-05 0.0001606298 0.35033622 0.0068298043 2.0746054e-05 0.638565 0.00010983918 1.2833035e-05 1.5592897e-05 0.049356736 0.2107088 5.224179e-05 2.940303e-14 0.00045056466 0.05337808 0.00013446939 0.0027198815 9.825299e-06 0.089806885 4.5556308e-06 0.96760654 2.1650503e-06 4.7206545e-06 4.187073e-06 4.1821763e-06 0.25936443 3.212236e-06 0.0001410854 1.3038664e-06 7.994103e-07 4.4335636e-07 0.073988125 0.3599273 0.21213545 3.951596e-06 0.1142026 3.2915068e-07 1.1700267e-05 3.3295662e-05 2.5774645e-07 0.23413667 9.6609575e-08 0.001705607 0.14666548 0.00082089135 6.9213584e-06 4.438012e-06 9.834325e-08 2.311868e-05 5.792536e-05 2.3519504e-05 5.400272e-05 1.3199281e-06 2.4792569e-06 1.7255798e-05 0.0039418647 9.641166e-07 0.08992036 2.041861e-07 2.8824423e-05 1.8094703e-05 0.097433664 1.7132486e-07 1.6615871e-06 8.224136e-05 6.0528764e-05 6.8181e-05 0.00016905951 0.0015340367 0.0008372669 0.00014793423 4.0126038e-06 5.941722e-05 0.0014613916 4.357125e-07 0.010749254 0.0012679857 1.263768e-05 9.968216e-05 0.0008817266 8.501584e-05 0.00028716936 0.00017491543 9.79366e-06 0.00018150709 6.1569704e-06
0.9578578 0.0068883523 0.004897671 0.0010017194 0.00411818 0.0005970022 0.0005753661 0.016808186 0.004791454 0.0005132899 0.007579186 0.024971213 0.0006072043 0.011186338 0.0683579 0.14493643 0.2882785 8.565623e-05 0.00031595802 0.038914658 3.2163545e-05 0.0004116256 0.009946637 0.2983776 3.381709e-05 2.7602348e-06 0.8067957 0.00045056466 2.7139886e-14 2.6354553e-06 0.977945 3.4881145e-05 0.15268001 0.34183103 0.07013168 0.00046773275 0.5791361 0.13311793 0.18569295 0.8949259 1.007423e-06 0.03904819 0.79786336 0.11217897 0.38462275 0.1885995 2.1908146e-07 1.338941e-05 3.789188e-05 0.5800443 3.109812e-06 0.027317837 0.039405327 0.0034279425 0.12087221 0.003917427 0.031951766 0.12592381 0.001046199 1.6107648e-06 0.0068406835 0.0070046093 0.067624934 0.00017080911 1.3650309e-06 0.027255448 0.0034870552 0.0020808908 0.008263457 3.488261e-05 0.0037005432 0.006270427 0.0012593588 0.00020810227 6.984221e-05 0.00023566556 9.0916095e-05 3.3064385e-05 0.00055518973 7.6706514e-05 7.519293e-06 0.011465559 0.01100043 6.0342718e-05 0.0155447405 5.7976147e-05 0.00021081291 0.001164737 4.9545356e-06 1.7332397e-06 0.0004170942 0.0025029662 0.00024496927 8.2595216e-05 1.868633e-05 0.00023157154 6.182805e-05 0.00019399558 1.56752e-05 1.1307069e-05 0.00047450457
0.38089064 0.00027781166 0.011069951 0.00071489636 8.28895e-06 0.0025403476 0.11218309 0.00068579515 3.2361977e-06 0.0003134128 1.7503456e-06 3.870198e-06 0.53084636 9.041201e-07 3.093807e-07 2.2998458e-07 1.4888391e-06 0.5575394 0.39636347 3.5707902e-08 0.5473647 1.8084851e-05 2.56357e-07 3.7486728e-07 0.962464 0.9118591 2.9966757e-06 0.05337808 2.6354553e-06 2.0898027e-12 5.29385e-06 0.86690027 3.043628e-08 0.0011791141 5.689218e-08 0.24020515 4.2865334e-08 7.222473e-08 1.4222327e-08 5.4091036e-08 0.7986287 3.9850544e-08 6.456629e-06 2.2868837e-08 2.5490875e-08 6.504641e-09 0.95505816 0.0036943303 0.013144363 1.1439492e-07 0.008265775 1.0453157e-08 1.4047929e-05 1.1801651e-05 3.710464e-08 0.0019584522 3.790615e-09 0.00016265894 0.0048992573 0.41108847 1.4177205e-06 3.9165786e-07 5.744874e-08 7.862338e-06 0.06498517 4.944564e-07 2.19334e-05 1.0500106e-06 3.8586624e-08 2.892813e-05 0.00024630362 8.306486e-06 6.1303144e-05 1.5684147e-08 1.4143384e-05 1.5427173e-05 0.00011935365 7.1097963e-07 4.9904076e-05 0.00019270336 0.004855867 6.846233e-07 1.2659568e-06 7.5791922e-06 1.3637284e-06 5.8737305e-07 2.6312853e-05 2.1697733e-06 0.0034035342 3.3602296e-06 1.6835882e-06 4.5471925e-06 8.764198e-06 0.000660721 1.0662433e-05 8.929275e-07 1.5462516e-06 0.0010139808 3.2574672e-08 4.2253164e-06 1.8601325e-07
