4.2252307e-31 0.2939304 0.09556222 0.08315448 0.09407694 0.46158975 0.21144691 0.07834761 0.28356558 0.33507663 0.7766746 0.5790428 0.31970456 0.32150343 0.38724518 0.12777802 0.080730215 0.77991843 0.7189529 0.006818718 0.05327119 0.5472897 0.0066332505 0.73390716 0.8505382 0.12972046 0.2736965 0.61931145 0.4017859 0.034619313 0.63565665 0.3620698 0.031429958 0.00081906037 0.00024417648 0.46537235 0.9602449 0.0009255074 0.82862514 0.9060532 0.8050154 0.46063006 0.055691987 0.00032628057 0.056128375 0.8317685 0.05512339 0.96372193 0.0010540158 0.95470655 0.0022509547 0.6848231 0.8920972 0.22694428 0.0032289631 0.12618242 0.9651957 0.0014268981 0.00031521491 0.41122553 0.97475606 0.033096552 0.7558854 0.7702262 0.20163503 0.9824663 0.0005395701 0.9320533 0.9984672 0.015474865 0.9959104 0.9233889 0.9994277 0.0012860162 0.00062353304 0.9994378 0.014602814 5.198673e-05 0.0037748944 0.72451556 0.08125311 0.015911264 0.036702376 0.00021111165 0.1769746 0.59398156 0.2934686 0.9585916 0.64268875 0.9968001 0.0015324377 0.1567674 0.0005363352 0.8246081 0.03673461 0.16623159 0.020741066 0.70732474 0.8888433 0.99701196 0.20119861
0.2939304 6.189061e-17 0.7020936 0.77109635 0.6487292 0.7571999 0.4430065 0.5043773 0.6822706 0.14999655 0.39544624 0.08897429 0.060846526 0.038089577 0.022226993 0.060364064 0.11153115 0.08265046 0.18723811 0.061594933 0.027281446 0.00452285 0.01515997 0.0035741345 0.016909273 0.002532398 0.00055819866 0.12529613 0.00088152196 0.00022413945 0.0013935084 0.00031758388 3.2614476e-05 0.002144313 0.0012598266 0.04470514 0.047746494 0.00075376226 0.0027423108 0.005670336 0.00042229923 4.1023515e-05 0.002906748 0.00019793899 3.7045843e-06 0.00095561816 6.210564e-06 0.017447446 3.1670884e-06 0.0049668294 1.24091885e-05 0.00024036107 0.00074096385 0.0072356244 1.7400384e-06 4.2658644e-07 0.017179593 3.2048001e-06 1.5820356e-06 3.516451e-05 0.034006376 5.3678495e-08 0.00014118865 3.971372e-05 7.898682e-08 0.0040484937 9.2816784e-08 3.5717523e-05 0.002270564 6.971307e-08 0.0011010154 4.0616883e-06 0.0047497866 4.2364954e-07 9.4076216e-07 0.00092599867 3.2102513e-08 3.663854e-07 7.462406e-08 7.1327725e-07 7.354377e-07 0.0047561075 1.469777e-06 1.8948153e-07 7.966537e-07 4.199626e-06 0.0005306752 4.7284738e-07 1.4892837e-06 0.00013211912 0.00014113304 2.1279819e-05 4.7726576e-06 4.221432e-05 3.9386878e-06 8.3688917e-07 1.2579728e-06 9.779576e-06 0.0004538162 7.978744e-06 0.026272569
0.09556222 0.7020936 5.518186e-16 0.36335966 0.11687706 0.102498464 0.0094037745 0.31075957 0.74719703 0.0021408994 0.050610658 0.0018499717 0.00071053166 0.00058176066 0.0002930453 0.7630781 0.006089922 0.0064471387 0.1194082 0.106613845 0.0009482421 0.00015993368 0.0070493175 0.00017892891 0.0012604779 7.994637e-05 3.636105e-05 0.1807069 0.00011827494 5.5522046e-06 0.00035528434 4.3212967e-05 3.2692062e-06 3.814674e-05 4.1233874e-05 0.10776685 0.0137662515 0.00016462685 0.00045537675 0.00052438286 9.371946e-05 2.0921374e-05 0.24776582 1.9446124e-06 1.6235003e-06 0.0001860277 4.504132e-06 0.001478797 8.4559053e-07 0.00022850856 2.0744917e-06 2.7004773e-05 8.981397e-05 0.19343215 1.053467e-06 3.7960688e-06 0.038883816 1.5692525e-06 2.1582018e-08 3.0531974e-05 0.0069803586 1.0942681e-06 8.546525e-06 8.1336875e-05 5.417529e-06 0.0012222192 2.7718096e-08 3.3154931e-06 0.0028638537 2.5945653e-07 0.0006220043 2.1616977e-06 0.0048118997 9.3670496e-07 8.506692e-07 0.002765501 2.0105769e-07 4.522638e-09 1.8010608e-06 2.300754e-05 5.967631e-06 0.082691476 1.3713573e-05 9.61368e-08 1.7309414e-05 0.00012334462 0.0086630555 1.5795255e-06 1.1389504e-05 0.00096797734 6.475909e-05 2.9241506e-05 3.1048128e-06 6.561969e-05 3.4491048e-05 1.5487517e-06 8.464915e-06 3.366126e-05 1.7565118e-05 1.9285192e-06 0.16689722
0.08315448 0.77109635 0.36335966 9.017191e-19 0.9046843 0.4835458 0.650741 0.8058329 0.21627483 0.18836772 0.13908407 0.08843889 0.06523574 0.07446233 0.028542163 0.04084046 0.28907675 0.08132775 0.03648365 0.1404745 0.17076737 0.0132630095 0.09692498 0.0053334143 0.021558037 0.017620707 0.004607189 0.05123323 0.0031770307 0.0034559206 0.0022958054 0.0011349745 0.00025040744 0.0055560553 0.0035221386 0.011568699 0.033768542 0.0060354546 0.007038989 0.006170564 0.00090944755 0.0004148226 0.0006589795 0.00028608934 1.6441996e-05 0.0026780877 1.9026269e-05 0.008885964 7.858005e-06 0.003303161 1.532982e-05 0.0009909336 0.0015800252 0.00095522444 5.3237563e-06 3.0699518e-06 0.004869952 4.350148e-06 6.522696e-06 0.00071646477 0.0149938855 7.2523216e-07 0.00033234898 0.00017713025 8.691481e-07 0.0026764716 1.0408553e-06 0.000121829624 0.0012775132 2.8457785e-07 0.0009511625 2.5120162e-05 0.002207987 8.6892015e-07 1.3842637e-06 0.001340002 1.7389061e-07 9.954869e-07 5.213071e-07 2.2170894e-05 4.145315e-06 0.005211451 7.479513e-06 2.6058655e-07 6.9634407e-06 0.00012357102 0.00023668539 2.568583e-06 2.0748192e-05 0.0002539748 0.0002119523 5.0212035e-05 7.6111894e-07 0.00014583836 2.7268986e-06 4.5760694e-06 6.3635e-07 1.110326e-05 0.0012866982 9.600562e-06 0.008600277
0.09407694 0.6487292 0.11687706 0.9046843 6.4527574e-19 0.514366 0.81762016 0.6405651 0.14549756 0.41671792 0.15813874 0.1864158 0.21882409 0.26797387 0.14518915 0.0029613029 0.40011925 0.16094805 0.027932908 0.05236517 0.24121682 0.07303164 0.06027047 0.03187327 0.05250667 0.04435878 0.020290881 0.03482163 0.012478043 0.0071117785 0.00758112 0.0038771455 0.00064209197 0.0052018403 0.002677646 0.0058703767 0.034588512 0.00295382 0.029182276 0.015848286 0.002448839 0.0013823675 0.0001891442 0.0005633772 7.0215996e-05 0.010094654 4.9368366e-05 0.017526636 1.5060608e-05 0.010503858 3.2057313e-05 0.0028407786 0.0041211625 0.0007998359 2.2034515e-05 8.725744e-06 0.0034575753 4.502852e-06 7.5105345e-06 0.0016995872 0.020296857 1.3708401e-06 0.00069137296 0.00028671126 1.7612866e-06 0.0068046018 1.2087866e-06 0.0003943083 0.0021228772 1.428145e-06 0.0013626995 4.827726e-05 0.002602843 1.5003087e-06 1.4758277e-06 0.0020324166 7.497649e-07 9.400152e-07 7.9998915e-07 5.73411e-05 1.0407615e-05 0.0018873184 1.0246905e-05 3.7880528e-07 1.5592777e-05 0.00016387402 0.00017424363 5.5636324e-06 1.688738e-05 0.00026199635 0.00025310265 3.989281e-05 7.6007876e-07 0.00034233506 1.813237e-06 1.967142e-05 5.4509167e-07 3.1295895e-05 0.002606359 2.3523247e-05 0.0043932977
0.46158975 0.7571999 0.102498464 0.4835458 0.514366 2.0772882e-16 0.59572595 0.22556794 0.3343708 0.5725296 0.8139992 0.66403294 0.4691349 0.30086333 0.292357 0.0015209347 0.093700595 0.46038345 0.1738346 0.0070548593 0.049968023 0.052421402 0.008270962 0.04479252 0.08608755 0.010652556 0.005161386 0.05745279 0.008744204 0.002629775 0.0051080943 0.0023428807 0.00096179044 0.006782794 0.0039249044 0.01432707 0.061701525 0.00040725272 0.018420624 0.015437596 0.0014420708 0.00037594797 0.0012850512 0.0029473943 9.8511155e-05 0.005006107 0.000103969454 0.027000926 6.775526e-05 0.016572835 0.0001427832 0.0012009462 0.0017770581 0.0024943664 1.7138193e-05 8.150432e-06 0.00693017 4.156254e-05 7.444473e-06 0.00013089046 0.045715585 1.09389724e-07 0.00056007033 0.000108365886 3.2065108e-07 0.013436323 4.4850765e-07 0.000102533806 0.006462673 1.0537799e-07 0.0026294205 3.8995922e-06 0.00874926 1.4499518e-06 2.8443364e-06 0.0023906797 1.7859433e-07 8.644098e-07 5.8473336e-07 4.2688225e-07 1.0934451e-06 0.0015108599 2.8336879e-06 9.5073386e-07 7.802987e-07 1.9692657e-06 0.0002621761 1.1007748e-07 1.3116048e-06 0.00020030605 0.00015562316 3.150005e-05 6.289198e-06 2.3404227e-05 2.6777352e-05 8.887785e-06 6.624175e-06 6.540826e-05 0.00050614664 4.4308203e-05 0.013621967
0.21144691 0.4430065 0.0094037745 0.650741 0.81762016 0.59572595 1.1078979e-19 0.4456203 0.055612978 0.7684129 0.18321949 0.52082694 0.570651 0.66735286 0.48537663 0.00018177125 0.5073718 0.29038522 0.019761993 0.01246575 0.2958558 0.30006 0.019515885 0.15772459 0.08316403 0.10922378 0.063543156 0.015763542 0.036278255 0.012277561 0.01755236 0.008564104 0.0021253596 0.006694894 0.0038556522 0.0031213395 0.024769474 0.0017315745 0.044430315 0.02496883 0.0060037943 0.0019328517 2.8619754e-05 0.0015159036 0.00023301017 0.01669246 9.3699535e-05 0.020242434 3.9190632e-05 0.016058056 7.442368e-05 0.0030548866 0.004111917 0.00025357088 1.7148672e-05 1.1316455e-05 0.0020595859 7.756243e-06 6.073597e-06 0.0018722696 0.024138503 2.7633337e-07 0.0007635793 0.00031221597 4.8844373e-07 0.0068394216 2.820825e-07 0.00036274266 0.0018888903 2.8701916e-07 0.0011523509 3.0236386e-05 0.0018037898 4.963074e-07 7.6396896e-07 0.0007927496 1.08593106e-07 5.210188e-07 2.873267e-07 2.0788527e-06 8.067528e-07 0.0006882071 1.401066e-06 1.4085529e-07 5.18565e-07 1.186149e-05 0.00012929204 9.744334e-07 1.0902463e-06 0.00015749951 8.595836e-05 1.3685275e-05 3.851157e-07 0.00014481845 1.0883576e-06 1.0287912e-05 3.2163538e-07 4.6327204e-05 0.002385223 3.7170998e-05 0.0035754675
0.07834761 0.5043773 0.31075957 0.8058329 0.6405651 0.22556794 0.4456203 6.308912e-18 0.09864416 0.12875216 0.06899025 0.043423034 0.03374126 0.058748543 0.018500987 0.19865993 0.51032525 0.0322724 0.01710923 0.5921892 0.36102298 0.012826197 0.5443617 0.00226284 0.0079095485 0.058362644 0.009141141 0.014946186 0.0034389885 0.009600589 0.0019683235 0.0020857437 0.00038727638 0.033020973 0.027375491 0.0035100423 0.008593025 0.050264373 0.0021165162 0.0022455433 0.001320263 0.0005285075 0.00033092636 0.001086287 3.2840104e-05 0.0013624898 3.8965016e-05 0.00201487 2.3478671e-05 0.00057937653 5.565466e-05 0.00048815735 0.00049492606 0.0011875038 8.162263e-06 6.719385e-06 0.0031780978 1.556112e-05 9.843643e-06 0.00065665704 0.006384475 1.4874015e-06 0.00016302838 0.00046464105 4.1637627e-06 0.0015400355 2.6801279e-06 5.7272024e-05 0.001951037 8.5871915e-07 0.0008586873 2.8375294e-05 0.0020319766 6.1239775e-06 8.423232e-06 0.0026993921 1.0960124e-06 8.6602876e-07 3.050861e-06 0.0002663629 2.4097031e-05 0.006750923 2.3334203e-05 1.0840464e-06 7.907459e-05 0.0008622063 0.00052195485 1.2379555e-05 0.0011379408 0.00028775987 0.0005509192 0.0002717517 1.7489374e-06 0.0004655832 0.00012528784 0.0004819703 2.7446913e-05 0.0011268312 0.0029768776 2.2510235e-06 0.011405142
0.28356558 0.6822706 0.74719703 0.21627483 0.14549756 0.3343708 0.055612978 0.09864416 2.6606842e-17 0.036897928 0.57474273 0.041150827 0.020241188 0.012963144 0.008886125 0.020575605 0.0284889 0.046210673 0.85372317 0.009212488 0.0072853263 0.0034237506 0.002059203 0.0040470636 0.013983883 0.0018247076 0.0008136054 0.40519875 0.0020245337 0.000114045746 0.0022103973 0.0006914616 8.348199e-05 0.00024835116 0.00021742644 0.24655597 0.1870339 0.000108519154 0.0028708598 0.005985748 0.0011273408 9.296016e-05 0.01395733 3.6040634e-05 1.612518e-05 0.0017171002 1.45623835e-05 0.015042022 1.3979188e-06 0.0050841076 2.091448e-06 0.00045662155 0.0016285512 0.074316986 4.1098855e-07 4.2295133e-06 0.07468875 8.5539415e-07 1.3381585e-07 2.6020462e-05 0.04177191 3.620808e-08 0.00020589466 0.0001712232 1.0576266e-06 0.009455317 4.7992433e-08 1.731851e-05 0.0103081595 7.664706e-07 0.0017957494 5.238348e-07 0.022467032 1.6779283e-06 2.4860612e-06 0.004779107 1.060551e-07 2.8226847e-07 2.8610202e-07 3.2829846e-06 3.2849985e-06 0.013775422 5.882955e-06 4.424419e-07 1.1656153e-05 8.825023e-06 0.007647289 2.8134534e-07 3.3577774e-07 2.4696605e-05 0.00015057098 1.3314475e-05 1.0151903e-05 1.3402939e-05 3.759962e-05 1.6298097e-06 4.453441e-06 2.8529144e-05 0.00022046216 5.3588165e-06 0.096862495
0.33507663 0.14999655 0.0021408994 0.18836772 0.41671792 0.5725296 0.7684129 0.12875216 0.036897928 1.5642898e-18 0.1808001 0.7430028 0.8113311 0.8270394 0.7360908 4.5429337e-05 0.21539529 0.44380677 0.01238007 0.00070704374 0.12372965 0.47593233 0.0032582132 0.3345077 0.16945511 0.06324986 0.0840089 0.008138568 0.078159094 0.0049095517 0.039625943 0.010307059 0.0015786657 0.0017447319 0.0010564597 0.0024045531 0.018568821 0.00062631234 0.061553404 0.031692963 0.010345494 0.0012712748 3.7018315e-05 0.00082552846 0.00017550142 0.022267666 5.2622163e-05 0.021807441 4.997394e-05 0.017021868 9.2694136e-05 0.001978538 0.0056441403 0.00023419246 2.6952875e-05 1.0739452e-05 0.0009252069 2.3866269e-05 1.5471935e-05 0.001357618 0.027842326 6.5366544e-07 0.0009316527 0.0002769847 8.559914e-07 0.009823604 1.3157944e-06 0.00033200555 0.0043269615 4.327025e-07 0.0021861575 1.705037e-05 0.0036120894 1.4433145e-06 2.3063617e-06 0.0014734056 3.721466e-07 1.5562493e-06 3.9072927e-07 3.3097178e-06 2.541268e-07 0.00016182048 1.9452414e-06 6.1095074e-07 2.8269278e-07 2.3794453e-05 3.704717e-05 1.3456583e-06 7.543976e-07 0.00014295419 8.151921e-05 1.6641332e-05 1.2952319e-06 0.0001304201 3.786881e-06 3.6501966e-05 1.5630618e-06 6.735967e-05 0.0008337049 3.4930978e-05 0.0018124762
0.7766746 0.39544624 0.050610658 0.13908407 0.15813874 0.8139992 0.18321949 0.06899025 0.57474273 0.1808001 5.868659e-16 0.29186913 0.12661034 0.07454112 0.07289273 0.001226956 0.033011597 0.55328864 0.6736338 0.0036409942 0.017311271 0.017684402 0.0028790287 0.024206234 0.1936163 0.005654449 0.005093797 0.14443643 0.00367541 0.0023452793 0.002780152 0.0018092522 0.00080246804 0.0014663895 0.001183812 0.044119038 0.53370404 0.0007215806 0.037945032 0.053334672 0.0009218714 0.00041281205 0.00084247516 0.0010264926 0.00015678795 0.007962919 0.000117901734 0.15672448 4.924052e-05 0.07022657 6.8940106e-05 0.0015164538 0.0026097293 0.003387673 7.785686e-06 1.8180861e-05 0.02395446 4.967279e-05 1.6395632e-05 0.00022499138 0.23208377 5.262964e-07 0.0007903535 0.000108427084 8.797288e-07 0.07392988 1.0942995e-06 0.0010100614 0.030837663 3.4640803e-07 0.017427033 1.5613283e-05 0.06321486 1.2365908e-06 4.348904e-06 0.017214887 1.861355e-07 1.8103892e-06 1.3670581e-06 6.333084e-07 1.2163575e-06 0.0007207528 6.4658284e-06 1.1749595e-06 1.3934306e-06 6.8761005e-06 0.0004067953 4.9098855e-07 7.703992e-07 0.0005653398 0.00012458536 3.6174482e-05 1.5089549e-05 5.083193e-05 1.9983125e-05 1.7002145e-05 2.6144611e-05 0.00016976004 0.000985656 0.00021411823 0.017035695
0.5790428 0.08897429 0.0018499717 0.08843889 0.1864158 0.66403294 0.52082694 0.043423034 0.041150827 0.7430028 0.29186913 1.4540965e-17 0.7993456 0.700652 0.7740756 1.7054906e-05 0.060740124 0.7153773 0.014144248 0.00013881995 0.02781189 0.46065265 0.00067324773 0.3698604 0.33904374 0.009136421 0.02919302 0.010407502 0.052790366 0.0011846873 0.027642973 0.0030111498 0.0004416751 0.000381439 0.00033287206 0.0011120312 0.030118356 0.00020871266 0.056106713 0.037394524 0.003557217 0.00020249255 3.770012e-05 0.00043217363 3.3895776e-05 0.016770843 9.598849e-06 0.031253353 6.015199e-06 0.0225654 8.589866e-06 0.00092965126 0.0032147001 0.000107610074 2.3258167e-06 2.6089203e-06 0.00042323562 6.8271015e-06 1.035068e-05 0.0002591409 0.048078656 6.113369e-08 0.00032441615 5.1614403e-05 1.700644e-07 0.009142692 8.978057e-07 9.281745e-05 0.0030367959 2.7326493e-08 0.0013429804 4.136398e-06 0.0035481777 1.8036279e-07 6.225499e-07 0.0004902082 2.7571831e-08 8.669377e-07 1.04642524e-07 3.6883523e-07 1.04222636e-07 0.00016997354 6.877744e-07 2.8689382e-07 1.9364244e-07 2.138258e-06 1.1546885e-05 9.946151e-08 1.9330808e-07 8.219431e-05 2.007477e-05 8.9435625e-06 3.792857e-07 2.6417578e-05 1.6390198e-06 3.4860807e-06 1.0213483e-06 2.2978202e-05 0.00030178958 3.2242748e-05 0.0017870859
0.31970456 0.060846526 0.00071053166 0.06523574 0.21882409 0.4691349 0.570651 0.03374126 0.020241188 0.8113311 0.12661034 0.7993456 6.7072763e-18 0.82690984 0.82978123 1.0169829e-05 0.120632105 0.47532773 0.0075854845 0.00016422181 0.07652363 0.53627384 0.00074302166 0.41986144 0.20993847 0.037798386 0.08393446 0.0051741726 0.09974799 0.0036446229 0.059487842 0.014170929 0.0020977478 0.0011241602 0.0008032252 0.0012573715 0.015469901 0.00024279718 0.06609749 0.038431335 0.014701031 0.0013671423 2.1693977e-05 0.0008613393 0.00023686966 0.028175466 4.603394e-05 0.021573674 7.095674e-05 0.019288491 0.00011036145 0.0020079205 0.0068155224 9.822314e-05 3.5565045e-05 1.2415012e-05 0.0004976193 5.0069637e-05 1.4052712e-05 0.0011994318 0.02851628 6.69876e-07 0.0008642385 0.00034440053 1.065126e-06 0.0116018 7.7287405e-07 0.00063947676 0.005796092 7.7999584e-07 0.0025827615 2.91342e-05 0.0038882946 2.4539318e-06 2.6154596e-06 0.0016986312 5.833075e-07 1.5990165e-06 5.8841135e-07 4.66608e-06 4.2302375e-07 3.5705467e-05 2.1876378e-06 6.5544134e-07 7.71851e-07 2.7378448e-05 1.2810378e-05 1.8138422e-06 8.850632e-07 0.0001119919 7.701334e-05 2.4376151e-05 6.419676e-07 0.00017108691 2.57509e-06 4.979454e-05 2.539271e-06 8.2381004e-05 0.00060506724 2.3005106e-05 0.0012821886
0.32150343 0.038089577 0.00058176066 0.07446233 0.26797387 0.30086333 0.66735286 0.058748543 0.012963144 0.8270394 0.07454112 0.700652 0.82690984 5.945171e-19 0.807745 2.064386e-05 0.2187208 0.3859842 0.0036238434 0.0003785473 0.11873923 0.6037788 0.00240435 0.4504328 0.1580836 0.093086675 0.19188109 0.0032765463 0.15926093 0.011642289 0.089380726 0.038702924 0.005581595 0.002740797 0.0013873577 0.0011527367 0.008637425 0.000654048 0.07337832 0.030592818 0.036650646 0.0046981266 1.405231e-05 0.0019070532 0.0011117269 0.044712204 0.0003567737 0.017296378 0.00020507729 0.018046003 0.00039773056 0.0061117113 0.009266378 0.0001365966 0.00016660204 8.387461e-05 0.000447965 6.525362e-05 3.1389543e-05 0.004684144 0.020392057 6.856554e-06 0.0014722279 0.0009519992 3.236706e-05 0.011531969 5.561346e-06 0.0019059987 0.0063744914 5.0552285e-06 0.0035082332 0.00013199446 0.0042565097 6.2621166e-06 8.875173e-06 0.0021307913 4.250605e-06 2.7010913e-06 3.606458e-06 5.4201417e-05 3.2310695e-06 4.9034756e-05 1.4055125e-05 2.0612079e-06 7.389322e-06 0.00014649688 1.70831e-05 1.1910513e-05 2.2606291e-06 0.00026029287 0.00014855077 2.4487033e-05 3.2938292e-06 0.00049764186 1.1758344e-05 0.00017665756 5.341107e-06 0.000328876 0.0018395795 6.870467e-05 0.0013225011
0.38724518 0.022226993 0.0002930453 0.028542163 0.14518915 0.292357 0.48537663 0.018500987 0.008886125 0.7360908 0.07289273 0.7740756 0.82978123 0.807745 4.461588e-18 7.5456055e-06 0.08825695 0.5301584 0.00336569 9.211069e-05 0.06508443 0.66040194 0.00055824657 0.5611822 0.27655187 0.041000355 0.13338546 0.0033969225 0.17192936 0.005451997 0.11491781 0.034807038 0.003341019 0.0011317433 0.00068032386 0.0006863316 0.010231473 0.00025164458 0.087618455 0.046764877 0.03346177 0.0019980315 1.4491424e-05 0.00095162104 0.0006187391 0.0540953 0.00015035145 0.02589787 8.16979e-05 0.024608191 0.00018540409 0.0036224471 0.01101769 8.320746e-05 6.4897205e-05 3.8469545e-05 0.00026696027 5.874145e-05 2.0003754e-05 0.0021955469 0.028784458 2.8527008e-06 0.0011589713 0.0004858044 3.6678834e-06 0.015249522 2.1796372e-06 0.0021914074 0.008678743 1.4805743e-06 0.003926557 8.680397e-05 0.0045486894 3.547837e-06 4.9540163e-06 0.0021476632 1.3625753e-06 2.4841368e-06 1.4069467e-06 1.364334e-05 8.208259e-07 2.1239146e-05 6.670382e-06 1.1841771e-06 1.973496e-06 3.332613e-05 1.020496e-05 4.263373e-06 5.2970483e-07 0.00022674845 8.297599e-05 1.8492829e-05 1.3660726e-06 0.00036947103 3.4702155e-06 0.00011596197 2.0084087e-06 0.00020510565 0.00124795 4.9746177e-05 0.0010837405
0.12777802 0.060364064 0.7630781 0.04084046 0.0029613029 0.0015209347 0.00018177125 0.19865993 0.020575605 4.5429337e-05 0.001226956 1.7054906e-05 1.0169829e-05 2.064386e-05 7.5456055e-06 5.47721e-15 0.0041755526 9.0617716e-05 0.0027699603 0.27271545 0.0012367301 2.9079172e-06 0.027750306 3.2784135e-06 7.070654e-05 0.00019290968 4.441878e-06 0.010596054 6.198825e-06 5.056128e-05 2.0218024e-05 3.7621624e-06 1.16170895e-05 0.00014847754 0.00028421215 0.010362147 0.00075660204 0.012089954 3.1753767e-05 1.459194e-05 6.317891e-06 2.793451e-06 0.038895693 6.554567e-06 4.7001113e-06 1.8305658e-05 8.2143715e-06 3.8087084e-05 2.0776279e-06 5.9093777e-06 4.398229e-06 2.042243e-05 8.718415e-06 0.024801781 2.3547457e-06 1.0574969e-05 0.012209784 1.1143002e-06 3.827079e-06 9.979971e-05 0.000590376 4.3559935e-06 1.3345557e-05 0.00013582357 8.142127e-06 0.0007599581 3.046911e-07 8.807114e-06 0.003842311 1.8433708e-06 0.0011906017 1.5175315e-05 0.0051612337 5.67566e-06 7.062644e-06 0.012023935 3.5454357e-06 2.4249505e-07 3.9947613e-06 2.0285834e-05 2.6285188e-05 0.114569075 0.00011458824 6.411153e-07 4.1847437e-05 0.0002612738 0.009373158 3.080811e-07 0.0006186724 0.0049206256 0.00025417082 4.3973167e-05 1.4625438e-06 6.419303e-05 2.7030952e-05 3.3590035e-07 2.530878e-05 2.0020386e-06 2.190692e-08 6.3741294e-07 0.25884852
0.080730215 0.11153115 0.006089922 0.28907675 0.40011925 0.093700595 0.5073718 0.51032525 0.0284889 0.21539529 0.033011597 0.060740124 0.120632105 0.2187208 0.08825695 0.0041755526 3.7400177e-18 0.050886445 0.0055314293 0.122705795 0.8800775 0.1076213 0.19534191 0.043065537 0.02322398 0.58877873 0.22377793 0.0078579085 0.07102345 0.29081792 0.031494014 0.057113472 0.057907734 0.0349559 0.020353867 0.0009089911 0.0087316595 0.02624856 0.02882285 0.008684335 0.0188261 0.05590548 0.00020486188 0.019075839 0.01358015 0.028920708 0.0039485735 0.004599061 0.0035419094 0.005635161 0.0036267473 0.011626195 0.0054851836 0.00074018526 0.0041991356 0.001472994 0.0006764325 0.00036129987 0.00041131087 0.0070910584 0.005272278 0.00018872651 0.00087973016 0.007871172 0.0006084317 0.0060853213 3.2036685e-05 0.0009355793 0.0024962774 0.00012149397 0.002888809 0.00011674737 0.0014506067 5.609667e-05 2.449231e-05 0.00431432 7.872268e-05 5.7296575e-06 2.568511e-05 0.0012134032 0.00019610964 0.0006318045 9.451867e-05 6.9080115e-06 0.00035527244 0.0015008906 0.000103770835 8.323237e-05 0.0010117856 0.00023412412 0.00063586264 0.0006496403 1.3425487e-06 0.00092802633 0.00010726499 0.00029977446 3.0207304e-05 0.0007268246 0.0037007076 1.9685343e-05 0.001760883
0.77991843 0.08265046 0.0064471387 0.08132775 0.16094805 0.46038345 0.29038522 0.0322724 0.046210673 0.44380677 0.55328864 0.7153773 0.47532773 0.3859842 0.5301584 9.0617716e-05 0.050886445 1.1456393e-16 0.024193263 0.0010545944 0.027592838 0.20058657 0.0021523996 0.32501066 0.84556746 0.014431468 0.031198148 0.015953792 0.030967448 0.0042260727 0.023188582 0.008282736 0.0027519702 0.0010218901 0.00076147803 0.002331203 0.07528236 0.00019648217 0.13324301 0.15070206 0.0059963614 0.0018340328 0.0003030976 0.0013003559 0.0010880937 0.04908463 0.00073317066 0.09620084 6.767125e-05 0.081231415 0.00016210515 0.0026395125 0.011033837 0.0010487463 2.6103004e-05 0.00017959205 0.0024894888 7.331388e-05 9.523496e-06 0.0006703618 0.11757591 6.028945e-07 0.0014763502 0.00047991227 3.3744523e-06 0.06514221 1.9694012e-06 0.0036148066 0.020515751 2.2969043e-07 0.013095515 2.8618635e-05 0.026557228 2.4928634e-06 5.1536517e-06 0.009568506 3.0889484e-07 7.0917093e-07 3.4131647e-06 1.8227448e-06 2.4384487e-06 0.00012378795 7.5011867e-06 1.9739778e-06 1.7610381e-06 7.552078e-06 0.0001455999 1.1156379e-06 3.0896206e-07 0.00028563678 0.00014318411 1.7231327e-05 7.783452e-06 2.7158003e-05 4.2795513e-05 1.7075658e-05 2.1366955e-05 0.000114353104 0.00091385475 0.00020744343 0.0060897535
0.7189529 0.18723811 0.1194082 0.03648365 0.027932908 0.1738346 0.019761993 0.01710923 0.85372317 0.01238007 0.6736338 0.014144248 0.0075854845 0.0036238434 0.00336569 0.0027699603 0.0055314293 0.024193263 2.055287e-18 0.0014420887 0.0017289262 0.0013179968 0.00068912003 0.0015741445 0.010259455 0.0008253603 0.0005335426 0.72556716 0.00064958574 5.020184e-05 0.000642559 0.00038988306 1.1767117e-05 0.00010354743 5.9958376e-05 0.33199486 0.82729906 0.00016741913 0.002900768 0.0076246457 0.00023766523 3.7638296e-05 0.0017122502 7.2389194e-06 2.8684335e-06 0.00094936497 5.2446935e-06 0.04093108 1.7157043e-07 0.009062369 4.0060826e-07 0.00024305317 0.0008904805 0.02057256 1.0060475e-07 1.7028424e-06 0.14659493 2.0720881e-07 7.521637e-08 2.4738283e-05 0.1301578 9.387823e-09 9.953217e-05 6.536318e-05 5.3842325e-07 0.024581604 2.6779546e-07 5.068521e-05 0.02245919 5.941937e-07 0.0062644705 7.9962757e-07 0.0739213 5.1276265e-07 1.3500802e-06 0.013016543 1.2896795e-07 1.2166666e-07 3.2412186e-07 4.7590063e-07 1.2572797e-06 0.001343549 9.639782e-06 1.9830638e-07 2.7660033e-06 1.7963968e-06 0.0034724704 3.6198546e-08 2.7829024e-08 9.199787e-05 0.0001237877 3.6332017e-06 3.4412703e-06 2.6700494e-05 1.3225105e-05 2.919202e-07 8.6827695e-06 5.295225e-05 0.00021313889 1.3795622e-05 0.053830255
0.006818718 0.061594933 0.106613845 0.1404745 0.05236517 0.0070548593 0.01246575 0.5921892 0.009212488 0.00070704374 0.0036409942 0.00013881995 0.00016422181 0.0003785473 9.211069e-05 0.27271545 0.122705795 0.0010545944 0.0014420887 7.1201457e-16 0.11588711 8.049544e-05 0.75009835 3.7111742e-05 0.00021843983 0.004117687 0.0002838037 0.0022278875 0.00013531094 0.0041770265 0.00014509285 0.0001001397 7.362855e-05 0.018259933 0.016293723 0.0011375942 0.00020101793 0.26179063 0.0002933375 8.614464e-05 5.483907e-05 0.00015128303 0.000199952 0.0014972986 1.2986574e-05 0.00024645703 1.2747359e-05 4.7208592e-05 6.507461e-06 1.3619265e-05 7.802448e-06 0.00015270646 0.00018951017 0.0009980078 3.4927098e-06 1.636706e-05 0.0004296297 1.9690442e-06 2.6722097e-05 0.00020021781 0.00011560311 3.0198505e-06 2.5180916e-05 0.00027392354 6.4855353e-06 0.00038918763 1.0007565e-06 8.4188673e-07 0.0012564077 4.3537648e-07 0.00017993938 1.7539525e-05 0.00095101324 3.9741885e-06 2.5533625e-06 0.0020813085 1.2434189e-06 1.5003059e-06 1.0871969e-06 0.00023541531 6.5413566e-05 0.035490017 4.532738e-05 2.4244569e-06 0.0007520164 0.002374472 0.0011672651 5.715414e-06 0.018083317 0.0003817343 0.00054416544 0.002767639 1.3282813e-06 0.0010071844 0.0063240137 0.0019606897 0.0041781743 0.00020962064 0.00027295554 5.9233673e-07 0.02304471
0.05327119 0.027281446 0.0009482421 0.17076737 0.24121682 0.049968023 0.2958558 0.36102298 0.0072853263 0.12372965 0.017311271 0.02781189 0.07652363 0.11873923 0.06508443 0.0012367301 0.8800775 0.027592838 0.0017289262 0.11588711 8.813782e-20 0.08892803 0.35584491 0.030371401 0.00856669 0.809327 0.3439489 0.0013458716 0.08016496 0.64761543 0.03602859 0.08804812 0.38464412 0.15377511 0.11738688 5.431899e-05 0.0018219283 0.08909661 0.018098302 0.0039369976 0.022660773 0.1493211 1.6145861e-05 0.14173685 0.14107585 0.02101995 0.03485106 0.0018762778 0.03620956 0.002299048 0.034323197 0.010134017 0.0040407153 0.00023818553 0.033071708 0.014456496 0.00025985859 0.005845684 0.010828608 0.0055109365 0.0017916303 0.0024353892 0.0008406404 0.018341681 0.002899586 0.0026020638 0.00049807935 0.0006345708 0.0014871357 0.0002245451 0.0015844365 0.0003299312 0.0009465637 6.3732965e-05 5.0401883e-05 0.0026244046 0.00016417421 1.8886236e-05 4.6356243e-05 0.0019864077 0.0005186935 0.00012799357 0.00020056314 1.2796055e-05 0.0012272983 0.0018340615 6.226592e-05 0.00017663381 0.0013448035 0.000104788596 0.00077227183 0.00065072044 4.8596285e-06 0.00059877586 0.00016340865 0.00018592465 7.079486e-05 0.0005906871 0.0032154159 7.193067e-06 0.0004928979
0.5472897 0.00452285 0.00015993368 0.0132630095 0.07303164 0.052421402 0.30006 0.012826197 0.0034237506 0.47593233 0.017684402 0.46065265 0.53627384 0.6037788 0.66040194 2.9079172e-06 0.1076213 0.20058657 0.0013179968 8.049544e-05 0.08892803 4.731395e-19 0.0008941495 0.7890504 0.13820589 0.12626942 0.45657462 0.0020376588 0.4961937 0.018913865 0.3840903 0.27485737 0.019717809 0.0026709766 0.0014099937 0.00042879573 0.0054870043 0.0003091632 0.122823924 0.03848251 0.15925534 0.059403926 3.4602058e-06 0.0027000268 0.010994064 0.11449472 0.0039574928 0.020991735 0.0008639673 0.031578947 0.0014031747 0.014195241 0.022473795 4.4260483e-05 0.0011102859 0.0011319532 0.00023772508 0.00033100432 3.325444e-05 0.010531272 0.024022061 0.00019820685 0.0027513506 0.0040085227 0.00033644977 0.023494976 9.820765e-06 0.009723319 0.009289818 9.416414e-06 0.006927481 0.0007208404 0.0049200295 5.263644e-06 7.103376e-06 0.0034848263 4.1121184e-06 1.5258897e-06 6.355388e-06 6.200602e-05 6.027563e-06 1.9709634e-05 3.6176516e-05 2.0699501e-06 8.3319455e-06 0.00017723738 1.0000242e-05 6.126626e-05 5.7341543e-07 0.00025712303 6.933617e-05 1.1419969e-05 2.7001e-06 0.000451178 4.82945e-06 0.00023969996 1.0001428e-06 0.00061240484 0.0025813184 0.00017037343 0.00089399086
0.0066332505 0.01515997 0.0070493175 0.09692498 0.06027047 0.008270962 0.019515885 0.5443617 0.002059203 0.0032582132 0.0028790287 0.00067324773 0.00074302166 0.00240435 0.00055824657 0.027750306 0.19534191 0.0021523996 0.00068912003 0.75009835 0.35584491 0.0008941495 1.5528931e-17 0.00015029653 0.00053805986 0.043940812 0.004135915 0.00065653434 0.0010387362 0.14358535 0.00050157506 0.0005741678 0.005270672 0.0922977 0.10861646 0.00010294474 0.000280033 0.5379338 0.00089386856 0.00023675401 0.00015391635 0.0009326572 1.6298554e-05 0.03832916 0.00048176397 0.0008844355 0.00042038978 8.839868e-05 0.000447839 5.6882505e-05 0.00053996645 0.00067380496 0.00059665873 0.00044480502 0.00029041205 0.00010846007 9.477917e-05 3.368117e-05 0.0006695558 0.00062040414 0.00016829782 2.7308719e-05 8.484736e-05 0.00059808756 3.7737707e-05 0.00091395935 9.280839e-06 5.768096e-06 0.0022676892 5.194686e-06 0.00083374267 7.2724695e-05 0.0016785413 3.5095865e-05 1.4146028e-05 0.0057277926 9.710348e-06 2.4994597e-06 2.4103927e-05 0.00086082105 0.00053650886 0.006624773 0.000121239216 1.0770634e-05 0.0023074641 0.0046034623 0.0005440778 0.00011018089 0.097587615 0.00033151198 0.0032038733 0.01757561 1.2335126e-05 0.0019182328 0.0621114 0.011195623 0.03214324 0.0014055902 0.0013407767 3.4869188e-06 0.0042912955
0.73390716 0.0035741345 0.00017892891 0.0053334143 0.03187327 0.04479252 0.15772459 0.00226284 0.0040470636 0.3345077 0.024206234 0.3698604 0.41986144 0.4504328 0.5611822 3.2784135e-06 0.043065537 0.32501066 0.0015741445 3.7111742e-05 0.030371401 0.7890504 0.00015029653 4.0859434e-19 0.3478352 0.03366662 0.22337547 0.0029684466 0.4755794 0.003294552 0.48262995 0.19454886 0.0026975535 0.0004781382 0.0004109731 0.00037686623 0.010964024 0.00013417295 0.2856809 0.11638921 0.21602401 0.019275362 9.813246e-06 0.0005440437 0.0013001296 0.24514766 0.00081644085 0.058114696 5.8908015e-05 0.07583907 0.00017339292 0.01851067 0.057001702 4.5712037e-05 5.7971392e-05 0.0002394804 0.00028652293 5.2790703e-05 8.1816925e-06 0.0073395497 0.061573133 1.0689873e-05 0.003091908 0.001196749 3.7029124e-05 0.054613166 3.0009396e-06 0.018310329 0.016317967 4.7555807e-07 0.015085968 0.00058261683 0.0074466104 1.2580832e-06 2.530452e-06 0.004044183 1.8343017e-07 7.6850165e-07 9.482275e-07 1.9010708e-05 7.2423137e-07 1.8092804e-05 5.5414653e-06 1.3078017e-06 6.537683e-07 4.143886e-05 5.5770456e-06 2.9668614e-05 1.2183037e-07 0.0002443237 2.4489182e-05 9.501996e-06 7.7222717e-07 0.00022974666 1.992207e-06 0.000121081146 1.1143437e-06 0.00026411292 0.0024669254 0.00021195531 0.00078768795
0.8505382 0.016909273 0.0012604779 0.021558037 0.05250667 0.08608755 0.08316403 0.0079095485 0.013983883 0.16945511 0.1936163 0.33904374 0.20993847 0.1580836 0.27655187 7.070654e-05 0.02322398 0.84556746 0.010259455 0.00021843983 0.00856669 0.13820589 0.00053805986 0.3478352 7.392122e-17 0.0073117544 0.019804329 0.008578491 0.033386692 0.0010531256 0.045095444 0.010979379 0.001033144 0.00021404125 0.00018647335 0.0011643482 0.06274457 4.5386725e-05 0.48020938 0.6294947 0.018773487 0.0018058681 7.1327726e-05 0.0001842914 0.0005145041 0.15752941 0.0003939694 0.28702462 1.2132265e-05 0.2618611 2.66725e-05 0.0049939263 0.039185934 0.00048114 1.1082367e-05 0.00012526731 0.0014546547 5.259931e-06 9.1713093e-07 0.0012754827 0.16820937 2.0572074e-06 0.001693477 0.0005929088 2.6119687e-05 0.14838697 5.8353174e-07 0.016138466 0.054718193 1.1453918e-06 0.04071057 0.00012518335 0.04075745 2.557803e-06 2.9510602e-06 0.02247897 6.2945895e-07 3.4237615e-07 3.8663757e-06 9.176204e-06 7.995891e-06 3.0932733e-05 1.8285593e-05 4.0449484e-07 5.401382e-06 1.5686084e-05 5.1145915e-05 4.114111e-06 2.0344321e-07 0.00032696148 5.941671e-05 2.8230621e-05 9.7999955e-06 3.8991e-05 3.4589637e-05 1.2574937e-05 1.685184e-05 8.548649e-05 0.0012349417 0.00053608743 0.004000314
0.12972046 0.002532398 7.994637e-05 0.017620707 0.04435878 0.010652556 0.10922378 0.058362644 0.0018247076 0.06324986 0.005654449 0.009136421 0.037798386 0.093086675 0.041000355 0.00019290968 0.58877873 0.014431468 0.0008253603 0.004117687 0.809327 0.12626942 0.043940812 0.03366662 0.0073117544 6.9385784e-20 0.66167307 0.00044498683 0.15289548 0.61979336 0.056136966 0.29997426 0.65317965 0.06806825 0.033229124 1.1605374e-05 0.00068598054 0.013302297 0.019610142 0.003871304 0.046806075 0.48309073 1.4576856e-06 0.05233485 0.4852331 0.03266837 0.1664724 0.0011777672 0.032615166 0.0026061828 0.03607479 0.022159709 0.0070470017 1.7338127e-05 0.053826902 0.055950325 4.74062e-05 0.010013383 0.0025526956 0.015868537 0.00096281106 0.010651549 0.0018967862 0.027306108 0.0063254614 0.0034477222 0.0004512617 0.0015298574 0.0012039754 0.00013826304 0.0018015016 0.00026172015 0.0005351728 2.0801626e-05 2.3983797e-05 0.0013761983 6.713643e-05 2.4284648e-06 1.3012137e-05 0.0008823466 0.00012262155 1.4553875e-05 4.5911438e-05 1.3832133e-06 0.00013798196 0.0005435218 1.8132949e-05 6.0200393e-05 0.00021268407 0.000114023904 0.0002134564 0.0001632574 1.9208358e-06 0.0006103664 2.5549349e-05 0.0001610249 6.447725e-06 0.0006447944 0.0049091117 2.2479997e-05 0.00028552022
0.2736965 0.00055819866 3.636105e-05 0.004607189 0.020290881 0.005161386 0.063543156 0.009141141 0.0008136054 0.0840089 0.005093797 0.02919302 0.08393446 0.19188109 0.13338546 4.441878e-06 0.22377793 0.031198148 0.0005335426 0.0002838037 0.3439489 0.45657462 0.004135915 0.22337547 0.019804329 0.66167307 1.2028046e-19 0.0006826333 0.60723317 0.09969422 0.3096801 0.72149515 0.20451394 0.01746122 0.0081799375 4.756488e-05 0.0019113492 0.0020946788 0.055935774 0.014215827 0.2282069 0.7588701 5.7642654e-07 0.012451445 0.26659027 0.097139366 0.13535729 0.008796853 0.012995104 0.014832308 0.018513966 0.04006362 0.021165267 2.9226687e-06 0.039761532 0.071535766 9.239231e-05 0.005224135 0.00032337362 0.065063186 0.006491804 0.007265593 0.0050386987 0.026358688 0.0059748758 0.012733983 0.00011307173 0.0076834937 0.004995998 0.000103310995 0.006361932 0.0010008934 0.001116408 3.5651436e-05 1.774839e-05 0.0013274031 7.022967e-05 2.45808e-06 5.3085085e-05 0.0006705923 8.4207066e-05 6.6622324e-06 7.181706e-05 1.7763944e-06 7.804349e-05 0.00043477718 5.1694374e-06 0.00016497119 7.190131e-06 0.00020094165 7.8854704e-05 1.8792647e-05 2.4854355e-06 0.00045973854 3.982426e-06 0.00014846395 6.502706e-07 0.00034117542 0.003399092 0.000118066004 0.00047276873
0.61931145 0.12529613 0.1807069 0.05123323 0.03482163 0.05745279 0.015763542 0.014946186 0.40519875 0.008138568 0.14443643 0.010407502 0.0051741726 0.0032765463 0.0033969225 0.010596054 0.0078579085 0.015953792 0.72556716 0.0022278875 0.0013458716 0.0020376588 0.00065653434 0.0029684466 0.008578491 0.00044498683 0.0006826333 5.7147985e-19 0.0012115843 4.0472216e-05 0.0017772969 0.00037159995 6.955184e-06 2.4666242e-05 1.0386456e-05 0.8218203 0.4160409 2.059193e-05 0.0029603215 0.004719023 0.00092682475 3.7163234e-05 0.008007583 4.322449e-06 3.479637e-06 0.001790392 3.0787185e-06 0.027801488 1.3961568e-07 0.0056935637 2.1119149e-07 0.0002013468 0.0017207352 0.10459426 1.1360854e-07 3.29673e-06 0.6314232 5.032481e-08 4.2209765e-09 3.289e-05 0.1495846 2.9149884e-08 0.00017260908 0.0004930784 1.6723146e-06 0.007831261 1.16509064e-07 6.171905e-05 0.012171146 5.419319e-07 0.0031563141 4.4169906e-07 0.08192429 6.643291e-07 4.6391622e-07 0.014163268 4.5812957e-08 2.0268825e-08 8.10191e-08 1.1326998e-06 1.0994555e-06 0.002901153 2.474504e-06 4.0650168e-08 2.1325254e-06 1.5046662e-06 0.012717634 8.278438e-09 4.1612967e-08 0.00018593264 8.882044e-05 1.1053039e-06 1.2120313e-06 2.307673e-06 6.1056517e-07 1.3482339e-08 2.1308206e-07 5.901113e-07 6.088031e-06 2.2570941e-06 0.061188303
0.4017859 0.00088152196 0.00011827494 0.0031770307 0.012478043 0.008744204 0.036278255 0.0034389885 0.0020245337 0.078159094 0.00367541 0.052790366 0.09974799 0.15926093 0.17192936 6.198825e-06 0.07102345 0.030967448 0.00064958574 0.00013531094 0.08016496 0.4961937 0.0010387362 0.4755794 0.033386692 0.15289548 0.60723317 0.0012115843 1.8369568e-19 0.02367865 0.73499817 0.8055877 0.03588095 0.0052413843 0.003116757 0.00010931397 0.002516703 0.00037533644 0.10368521 0.022609018 0.55873185 0.43946555 2.257486e-06 0.004218046 0.053628176 0.16534604 0.047886856 0.013244777 0.0035193586 0.027667925 0.0061527 0.051288925 0.04896986 8.464511e-06 0.0068641873 0.026556911 5.8132722e-05 0.0017577428 0.00013867335 0.064932086 0.014538561 0.0036533382 0.0071734483 0.022964863 0.003321074 0.04024385 7.37443e-05 0.021330198 0.011758374 0.0001704898 0.014553569 0.0031339426 0.003027365 8.995592e-05 4.6799283e-05 0.0048837042 0.00012068617 6.69863e-06 0.00014887087 0.0007074481 0.00021866348 9.760856e-06 0.0003148472 6.461335e-06 7.8359706e-05 0.000639959 6.6730486e-06 0.00022753586 5.569907e-06 0.00026472745 0.00013727907 4.7088848e-05 4.3829373e-06 0.00082829525 1.6038175e-05 0.00035832057 2.8154757e-06 0.000609301 0.0024257083 0.00022144514 0.00047062902
0.034619313 0.00022413945 5.5522046e-06 0.0034559206 0.0071117785 0.002629775 0.012277561 0.009600589 0.000114045746 0.0049095517 0.0023452793 0.0011846873 0.0036446229 0.011642289 0.005451997 5.056128e-05 0.29081792 0.0042260727 5.020184e-05 0.0041770265 0.64761543 0.018913865 0.14358535 0.003294552 0.0010531256 0.61979336 0.09969422 4.0472216e-05 0.02367865 6.0854805e-20 0.0071730954 0.033555817 0.74070007 0.33465722 0.24402374 4.9043916e-07 2.317358e-05 0.11617674 0.0011406636 0.00036648224 0.004806213 0.059828285 6.3825905e-07 0.43156058 0.24127065 0.0012200532 0.043959934 8.680554e-05 0.25107118 7.514192e-05 0.16997379 0.0007496074 0.0003615977 8.979526e-06 0.15088458 0.012245638 5.222294e-06 0.04144601 0.20776942 0.00029578988 6.143073e-05 0.008957336 3.3059405e-05 0.0029508765 0.0020064332 0.00026534544 0.010321622 6.2777585e-06 0.0003155882 0.000114779854 0.00026742427 8.033688e-06 0.00031965834 3.6003465e-05 9.591217e-06 0.0006836826 1.14759005e-05 5.1190495e-06 3.1271177e-06 6.1502185e-05 5.8249952e-06 7.4179534e-06 4.640023e-06 2.1353255e-06 1.49730495e-05 9.1201364e-05 1.7929991e-06 2.0653806e-05 0.00012520747 2.8053859e-05 0.00017305542 0.00030559106 1.5615747e-06 5.116026e-05 4.1183175e-05 1.997455e-05 5.6858175e-06 0.000117871605 0.00035455 5.359059e-07 0.0001524572
0.63565665 0.0013935084 0.00035528434 0.0022958054 0.00758112 0.0051080943 0.01755236 0.0019683235 0.0022103973 0.039625943 0.002780152 0.027642973 0.059487842 0.089380726 0.11491781 2.0218024e-05 0.031494014 0.023188582 0.000642559 0.00014509285 0.03602859 0.3840903 0.00050157506 0.48262995 0.045095444 0.056136966 0.3096801 0.0017772969 0.73499817 0.0071730954 9.163559e-19 0.6293789 0.0080051655 0.0018614847 0.0010449002 0.0001742443 0.0036935625 0.0004255945 0.19012715 0.041529395 0.7866034 0.20045364 4.621951e-06 0.0015430097 0.012632225 0.33487868 0.016572952 0.02100961 0.000921959 0.06150244 0.0020774854 0.11753903 0.136804 1.51107615e-05 0.0019532284 0.008691928 0.00012482237 0.00073187577 0.00014710952 0.10321291 0.030947808 0.0020637475 0.0137108015 0.018862698 0.0017925891 0.09303549 0.00011198047 0.056119233 0.026072554 0.00018960978 0.038941644 0.007430589 0.0052723438 9.608004e-05 6.3055486e-05 0.009039275 0.00016799281 1.23047075e-05 0.00018909351 0.00090922817 0.00037539518 1.5583011e-05 0.00062269607 1.3817189e-05 0.00018422955 0.0010403531 5.9126305e-06 0.0005305889 1.6548938e-05 0.0006011799 0.000114002374 8.107604e-05 1.0163711e-05 0.0018472093 6.0811755e-05 0.0014316184 1.3850779e-05 0.0018471881 0.0036030943 0.00053731375 0.00044721717
