1.8453743e-23 0.81274724 0.8013292 0.7869305 0.88338 0.8620878 0.9076551 0.92470443 0.70183784 0.71709675 0.84536785 0.83150643 0.8487781 0.918213 0.92024857 0.9169311 0.8892064 0.89775515 0.86451405 0.91492736 0.97501606 0.91737676 0.9817062 0.89942217 0.30905947 0.8462187 0.44171283 0.98046136 0.27628458 0.26836672 0.3500848 0.8612015 0.9135948 0.67184377 0.9225271 0.6299144 0.09192643 0.94014657 0.6009909 0.2781788 0.12702444 0.5651609 0.8634177 0.050743546 0.006198308 0.11656327 0.06278584 0.9619466 0.97100204 0.687786 0.12018236 0.9995217 0.0031941333 0.9582326 0.008892559 0.060151782 0.99499947 0.0031176698 0.3565924 0.98452264 0.9949791 0.36626482 0.018429002 0.0033146206 0.053002268 0.865953 0.0008645983 0.8066124 0.51287043 0.063778624 0.004863999 0.992833 0.002661146 0.9486753 0.055555858 0.9999944 0.98745984 0.8545364 0.015354967 0.9919459 0.99990886 0.4109966 0.8781325 0.0027071082 0.94900715 0.022038855 0.9979993 0.9048658 0.6063494 0.99842256 0.9822771 0.05745879 0.007365384 0.61492425 7.999778e-05 0.55908513 0.4405358 0.08237722 0.7532619 0.020851562 0.79264843
0.81274724 4.8994255e-17 0.9529985 0.834586 0.84328985 0.7936362 0.7324272 0.7904893 0.28503272 0.2313275 0.24073206 0.13089244 0.19683416 0.6385711 0.055971354 0.03283494 0.31847066 0.023571353 0.027481629 0.43932855 0.3895059 0.22807208 0.12740786 0.0019653102 0.016306741 0.00036661033 0.05674328 0.023556994 0.0019416143 0.00036179327 0.12930624 0.00038699288 0.00027545393 0.000101189566 0.026408587 0.0003549634 0.05115171 5.776202e-05 6.4859564e-06 0.004167314 0.07637297 1.1056134e-05 1.5629954e-05 0.009908297 0.0073678824 0.0002733776 0.0360458 0.09240947 0.007181138 7.2530233e-06 4.7847545e-05 0.08375688 0.0026322103 0.0009661549 0.0006016868 0.012966538 0.0033239147 0.0016510302 6.4373353e-06 2.0299294e-06 0.00018205403 1.8236553e-05 2.6052185e-06 1.0907741e-05 6.1057515e-05 1.0970355e-07 5.1289324e-05 3.0826806e-05 1.5220361e-05 5.528143e-06 0.00013252294 1.3652894e-05 1.9833591e-05 1.979846e-05 1.9107586e-07 0.007885414 0.00026179754 3.1536812e-05 3.080626e-07 3.3933426e-05 0.0005796128 1.5340636e-06 9.053432e-06 4.587719e-06 1.28062375e-05 7.913733e-06 9.433821e-05 2.3206032e-06 7.3643093e-07 7.111076e-06 2.1271419e-05 2.0198479e-07 2.0394061e-06 7.476625e-06 4.195723e-06 3.5239825e-08 1.1450505e-05 1.0840371e-06 2.654597e-05 3.8236806e-07 2.0955667e-06
0.8013292 0.9529985 1.3280128e-15 0.79684955 0.8768956 0.47339278 0.85595125 0.7426609 0.4905794 0.39971742 0.123788126 0.040695947 0.34544694 0.4389707 0.016634677 0.083081454 0.48196015 0.06739234 0.062339615 0.16581751 0.19057071 0.19332068 0.16268921 0.00084673776 0.04922166 0.000111206245 0.05060818 0.042783022 0.0067870673 0.0012600279 0.23085244 0.00017292278 0.0005936177 2.6346022e-05 0.013030025 0.0003344006 0.10468999 3.743864e-05 9.705331e-06 0.0020222247 0.12193762 8.278223e-06 1.3334158e-05 0.009289238 0.02260403 0.00039190185 0.03638889 0.045788847 0.0046333927 4.253604e-05 8.3900864e-05 0.055265263 0.0036223228 0.0010221528 0.00035885404 0.026476337 0.0036429358 0.0015798035 3.7769737e-06 1.5254125e-06 0.00015549098 0.00013156013 4.224289e-06 2.281648e-05 6.174932e-05 1.1676902e-07 0.00017274823 2.3907842e-05 3.941673e-05 1.6515465e-05 0.0005664137 1.6749937e-05 0.00012944972 1.882325e-05 8.885484e-07 0.004959318 6.092152e-05 3.4799027e-06 7.2756734e-07 1.8061995e-05 0.00035307143 2.6373534e-06 3.9545553e-06 3.8050413e-05 1.482563e-05 0.000104412815 4.432621e-05 6.5313395e-07 3.4003588e-07 4.5585857e-06 4.2566233e-05 5.455452e-07 2.1338253e-06 3.503592e-06 3.239267e-06 2.2303022e-08 1.9551412e-06 1.0619492e-06 3.2591265e-06 5.0942964e-07 4.520864e-06
0.7869305 0.834586 0.79684955 2.974808e-15 0.4854132 0.95813024 0.8367546 0.5390915 0.06393453 0.028573425 0.6477349 0.56003076 0.040621065 0.37762323 0.26303932 0.006878653 0.3121917 0.0018721991 0.0029336533 0.4117522 0.29350394 0.56091994 0.030624242 0.00821619 0.006115011 0.002337481 0.1375182 0.0067415014 0.00053424854 0.00017826482 0.06409536 0.00092615635 3.10053e-05 0.00011041631 0.026111478 0.0019088237 0.058620766 0.00014472484 7.9953155e-05 0.03503984 0.13040116 1.8924278e-05 2.8749175e-05 0.06690101 0.010780957 7.60371e-05 0.08165631 0.059313048 0.007966675 1.6495451e-06 1.8648501e-05 0.05183609 0.004863069 0.0010184431 0.0026069982 0.0050464985 0.0042492375 0.0024868334 2.1821028e-05 3.6942681e-06 2.2426444e-05 2.26653e-05 2.4281915e-06 7.389872e-06 0.00027684236 5.888987e-07 3.4724388e-05 6.0565053e-06 8.145008e-06 0.000103718594 0.00027845913 2.7019364e-06 4.7854668e-05 5.850281e-06 2.6072325e-07 0.005519218 7.4525175e-05 7.995052e-06 1.3710368e-07 1.8386507e-05 0.000104043844 2.2574784e-05 2.6191465e-06 0.00021313463 6.7064598e-06 0.000104902785 3.0433277e-05 1.1349306e-06 4.4376924e-07 2.7651513e-06 1.3514206e-05 1.1651823e-06 1.0504549e-05 3.3653191e-06 1.3056662e-05 1.579131e-08 1.6937062e-06 1.2330792e-06 1.1021399e-06 3.6389213e-07 1.9550125e-06
0.88338 0.84328985 0.8768956 0.4854132 2.1547299e-16 0.32059494 0.7081546 0.90354747 0.734902 0.7273639 0.11604457 0.036069587 0.61781955 0.7345271 0.005071118 0.208044 0.5141032 0.24661037 0.13409853 0.21053992 0.2995799 0.12970714 0.40655354 0.00060594553 0.11905697 3.281055e-05 0.03416462 0.14168873 0.022710761 0.007097465 0.3461963 0.00011002254 0.0075199143 1.5400905e-05 0.021548094 8.100339e-05 0.13366613 9.571882e-06 1.8762518e-06 0.0006787294 0.11578296 2.9620458e-06 3.5596786e-06 0.0030777438 0.016580375 0.0013287165 0.024439957 0.070419654 0.0075329985 0.00012217402 0.0003012826 0.09275721 0.0021557172 0.0011007161 0.00021554953 0.04023911 0.004092585 0.0010487742 1.1920906e-06 6.6105974e-07 0.00035583178 0.00010681991 1.05127265e-05 3.2671916e-05 5.0854746e-06 1.442845e-08 4.7233498e-05 8.8344575e-05 6.441871e-05 3.515772e-06 0.00024101709 3.55224e-05 3.0525858e-05 9.034091e-05 9.2520503e-07 0.010014892 7.504223e-05 5.9554586e-06 6.6855176e-07 1.690117e-05 0.00079767744 3.79627e-07 3.870977e-06 7.780445e-06 7.106953e-06 3.5170855e-05 5.078033e-05 4.343358e-06 1.7338565e-06 1.8835127e-06 1.9192472e-05 1.01819396e-07 3.2337715e-07 5.00309e-06 1.4566322e-06 8.788286e-08 9.080505e-06 4.0231964e-07 3.06361e-05 7.413615e-07 2.973423e-06
0.8620878 0.7936362 0.47339278 0.95813024 0.32059494 5.825404e-18 0.5691675 0.5729842 0.012048942 0.0069441497 0.81150573 0.7567643 0.0036346419 0.49797437 0.4565445 0.00054580363 0.057086054 0.00022388567 0.00042047157 0.6598833 0.50184196 0.559581 0.010045158 0.014298134 0.0004942415 0.0110277925 0.11893183 0.0012986165 5.9464666e-05 3.598002e-05 0.013146299 0.0016627753 4.7875546e-06 0.0005707421 0.035649166 0.0040186513 0.013870766 0.0002597882 5.1961306e-05 0.037204172 0.07396707 4.4383614e-05 2.6687967e-05 0.050561137 0.0032544415 2.0241967e-05 0.06464465 0.083006985 0.0061717234 1.443216e-07 2.0175946e-06 0.048520602 0.0025882674 0.0006399511 0.0038511322 0.0007047156 0.0027311859 0.00152555 1.4717063e-05 2.6428977e-06 2.2800885e-05 2.1767912e-06 1.279437e-07 9.721351e-07 0.00017927788 2.179077e-07 5.415148e-06 3.1163852e-06 1.0823791e-06 1.0043969e-05 4.464814e-05 1.6372514e-06 8.511387e-06 1.3176077e-06 1.6375386e-08 0.00603462 0.00014845362 2.6939697e-05 3.7159317e-08 2.546698e-05 0.00016585775 3.3571798e-06 3.027489e-06 4.1922653e-05 4.7557596e-06 5.578849e-06 0.0001467525 1.3728444e-06 5.702894e-07 2.9011221e-06 5.1957463e-06 8.651326e-08 2.520469e-06 4.098486e-06 7.17066e-07 1.5639397e-08 7.800699e-06 4.798001e-07 2.1442953e-05 1.0252955e-07 6.326848e-07
0.9076551 0.7324272 0.85595125 0.8367546 0.7081546 0.5691675 1.1671774e-12 0.7506581 0.64859027 0.46595955 0.50391793 0.18489121 0.32579136 0.38491064 0.119899556 0.15512136 0.9356071 0.14767867 0.11954874 0.25343305 0.2876685 0.6118507 0.17060971 0.00553053 0.15889527 0.00040948432 0.19544983 0.077989236 0.016423006 0.0010460333 0.37924093 0.0011596557 0.0010197412 5.9312988e-05 0.027310114 0.00037766242 0.23722187 0.00015170722 3.2203643e-06 0.0054908916 0.34266457 7.990769e-06 3.9299845e-05 0.021058783 0.04491181 0.00022435097 0.11423525 0.056219522 0.0058846422 8.660622e-06 0.00012079971 0.06475999 0.008653444 0.00028141093 0.0017165059 0.027624158 0.005114229 0.0042545637 7.6060087e-07 1.0212519e-06 0.00011591134 0.00014009765 1.2989217e-06 2.8327086e-05 0.00018481817 1.7738298e-08 0.00032156656 7.3297206e-06 3.4874809e-06 2.5461177e-05 0.003371987 1.3282376e-05 0.00061010686 1.564184e-05 7.097555e-09 0.0043263217 0.00010139967 5.397556e-06 1.2331872e-08 2.534443e-05 0.0002734939 2.1533072e-06 6.682372e-06 0.0001070657 2.2859094e-06 0.00017727948 0.00012442376 2.9947469e-06 1.3224266e-06 2.6413749e-05 6.782664e-05 6.7258604e-08 8.3817673e-07 4.30615e-07 3.846608e-06 3.846512e-10 3.3703163e-06 8.447277e-08 1.1012215e-06 1.4232773e-08 4.7519698e-06
0.92470443 0.7904893 0.7426609 0.5390915 0.90354747 0.5729842 0.7506581 8.774846e-17 0.6056419 0.59040076 0.20088641 0.10189334 0.5558253 0.8735859 0.016998904 0.1403804 0.38937718 0.18692848 0.081844926 0.30047682 0.47466868 0.15997252 0.45212713 0.0023409107 0.08518571 8.2325554e-05 0.03614144 0.14298443 0.01890959 0.0060920627 0.22725315 0.000116489144 0.008681329 2.758381e-05 0.045411374 0.00027573408 0.07595468 1.3460132e-05 6.552723e-06 0.00082167663 0.06892602 1.9138965e-06 1.2815881e-06 0.0027692644 0.005593054 0.0013426198 0.018900761 0.13691066 0.0069524157 0.00016136077 0.00035597789 0.15576763 0.0009629644 0.0006247738 0.00018051329 0.025628906 0.0037735444 0.00073100004 2.2385277e-06 1.8381255e-06 0.00057300384 3.463152e-05 8.529167e-06 8.6639215e-05 5.978369e-06 8.183369e-08 1.4562121e-05 8.9663255e-05 3.431447e-05 1.5154438e-06 4.851185e-05 8.867842e-05 2.1034688e-05 0.00013866145 6.885901e-07 0.015236541 0.00020096081 3.5578443e-05 3.3630042e-07 0.0001407995 0.0009734368 4.7977585e-07 2.7426164e-05 6.1416345e-06 3.7670146e-05 1.6109723e-06 0.0002021414 3.629972e-05 1.4381416e-06 2.0464933e-05 3.252121e-05 6.209332e-08 4.68455e-07 1.7590372e-06 2.8881364e-06 1.08036964e-07 5.4052496e-05 4.288429e-07 0.00015085528 4.3653648e-07 6.2187137e-06
0.70183784 0.28503272 0.4905794 0.06393453 0.734902 0.012048942 0.64859027 0.6056419 1.1987892e-16 0.9734952 0.0043100268 0.0006468589 0.74543196 0.23881896 0.00020055627 0.22107936 0.5444519 0.44310588 0.25608212 0.015837522 0.038631443 0.0076326444 0.16756366 0.000109647866 0.27543557 5.958765e-06 0.0068782032 0.07210609 0.075625055 0.02317383 0.36635107 3.6507536e-05 0.014221304 3.4601528e-06 0.0026451095 3.158057e-05 0.10297405 4.1100916e-06 5.5767504e-07 0.00019018116 0.047925737 1.1671686e-06 2.3471139e-06 0.00016386311 0.01573544 0.004647545 0.003542504 0.017726691 0.0013070604 0.00013601476 0.00026158613 0.02487739 0.0008825439 0.00014615945 2.835379e-05 0.033604134 0.0014628585 0.00038376817 5.122563e-07 1.4310307e-07 0.00014910843 0.00014194049 1.0052996e-05 5.063931e-05 2.3774493e-05 4.3621327e-08 0.00025657946 1.2505788e-05 2.9633298e-05 7.574922e-06 0.0003795624 1.0125255e-05 0.00069403887 9.573316e-06 1.8354602e-07 0.0030116797 1.5712121e-05 6.959261e-07 6.3811666e-07 4.8880283e-06 0.00025415022 6.7430824e-07 6.449859e-06 4.3301316e-06 2.3576624e-06 0.00010787127 2.3400993e-05 2.8580666e-07 1.719031e-07 1.4006532e-06 8.785739e-06 3.7593165e-07 1.1919792e-06 1.6093431e-06 1.5177839e-06 2.6127898e-08 1.2458594e-06 1.0661626e-06 1.3633603e-06 6.532205e-07 1.2684137e-06
0.71709675 0.2313275 0.39971742 0.028573425 0.7273639 0.0069441497 0.46595955 0.59040076 0.9734952 1.1935554e-16 0.0015753384 0.00019012456 0.8715148 0.1957432 0.00017059373 0.29557344 0.4977268 0.54180616 0.36918524 0.01313643 0.033667143 0.00393492 0.1853079 6.0030074e-05 0.31314665 5.4917023e-06 0.0058158753 0.09678341 0.122601055 0.034035854 0.35934022 4.0624072e-05 0.030137263 4.7798953e-06 0.0024033517 2.2630764e-05 0.07673674 3.9668807e-06 2.8712893e-07 0.0001507674 0.032897152 7.1651095e-07 1.8109989e-06 0.000119658405 0.009558155 0.006414897 0.002311413 0.016599987 0.0012820626 0.00037380596 0.0006298003 0.020384237 0.00065733935 0.00012453082 3.0479927e-05 0.03560657 0.0009857116 0.0003523627 1.2712685e-07 8.2180314e-08 0.00068950816 0.00033493966 1.9440053e-05 0.000108553104 7.679233e-06 2.124126e-08 0.0002429549 9.791498e-05 4.898759e-05 3.7547213e-06 0.00042364388 0.00010233012 0.00027342662 5.1719748e-05 6.7540486e-07 0.0030925402 1.3760262e-05 5.182763e-07 1.5189701e-06 2.7496992e-06 0.00065043964 4.7110632e-07 8.908457e-06 1.2822018e-06 5.793458e-07 8.441966e-05 4.2718122e-05 3.690333e-07 2.213327e-07 1.9379308e-06 3.2595945e-05 1.3005646e-07 5.2635767e-07 7.3873916e-06 5.8142035e-07 3.1154194e-08 1.7372346e-06 1.0678649e-06 3.7992454e-06 5.6631296e-07 1.0582551e-06
0.84536785 0.24073206 0.123788126 0.6477349 0.11604457 0.81150573 0.50391793 0.20088641 0.0043100268 0.0015753384 2.3401866e-16 0.97243357 0.0014792174 0.10909553 0.52976686 0.0003650747 0.06824046 9.035582e-05 0.0002757549 0.4339109 0.20771605 0.90333533 0.0028230269 0.06612099 0.00027301649 0.05865707 0.28144476 0.00069812406 5.2402716e-05 2.9424287e-05 0.0043217465 0.016360678 2.3130315e-06 0.0013172559 0.036202196 0.04389999 0.017354945 0.00087962486 0.0028019021 0.20806812 0.0925353 0.000100436 0.0001749186 0.21416123 0.0040266537 1.6560463e-05 0.11850902 0.054454185 0.0125045 1.6214403e-07 2.5153327e-06 0.030333612 0.0030765394 0.0014000715 0.012916511 0.00032663613 0.0070808167 0.0016670201 1.5540167e-05 3.839241e-06 1.9035953e-06 1.0877179e-05 3.210611e-07 1.022119e-06 0.0025994447 2.4195705e-07 8.855432e-06 8.6726845e-07 8.3554073e-07 5.377172e-05 0.00026119055 2.0444935e-07 1.4539058e-05 2.4158305e-07 2.9685667e-08 0.0048965756 3.0546507e-05 1.0450202e-05 2.35345e-08 1.1442395e-05 6.9720654e-06 2.6039801e-05 7.007718e-07 0.00035681334 1.999804e-06 4.199047e-05 3.761361e-05 9.306013e-07 2.5378728e-07 1.0998499e-06 3.2458013e-06 2.4201773e-07 2.6258115e-06 3.1752919e-07 1.01728165e-05 1.3555485e-09 2.2510662e-06 2.977522e-07 6.8116316e-07 5.4686485e-08 3.9087834e-07
0.83150643 0.13089244 0.040695947 0.56003076 0.036069587 0.7567643 0.18489121 0.10189334 0.0006468589 0.00019012456 0.97243357 1.1710679e-17 0.0002645122 0.07970826 0.8336522 5.6341803e-05 0.009419738 1.9810623e-05 0.000104171624 0.5815362 0.20591375 0.7252377 0.0014462646 0.13322061 3.8223978e-05 0.20101187 0.14946325 0.00021988033 1.0616217e-05 6.68329e-06 0.00053299614 0.028946452 1.0696027e-06 0.0077114655 0.07195649 0.07927581 0.0038191983 0.0025985115 0.0047271578 0.25039977 0.03270164 0.0006997178 0.00077248254 0.18494612 0.0011522867 5.1527813e-06 0.062440768 0.08414101 0.016080683 2.2450951e-08 1.997691e-07 0.02338697 0.001958481 0.0028367613 0.0130873425 8.1413e-05 0.0061525768 0.00078704144 5.472106e-05 5.3793287e-06 5.291674e-06 1.3718222e-06 2.2942072e-07 4.5375037e-07 0.0025370875 2.5084344e-07 4.0492887e-06 7.8303003e-07 1.9407506e-07 2.5032658e-05 1.3986423e-05 3.3840928e-07 3.0440578e-06 9.257191e-08 1.9064165e-08 0.006085309 0.0001802183 5.2872372e-05 7.3678565e-09 7.191589e-05 2.7181764e-05 5.4394327e-06 9.682187e-07 9.3811475e-05 4.318708e-06 5.751787e-06 6.643405e-05 1.4300476e-06 4.4862787e-07 2.5107336e-06 1.8511046e-06 2.9399924e-08 8.619304e-07 2.4795816e-07 8.020441e-07 5.5083946e-09 8.084121e-06 2.2740234e-07 6.2930203e-06 2.9300951e-08 5.4813086e-07
0.8487781 0.19683416 0.34544694 0.040621065 0.61781955 0.0036346419 0.32579136 0.5558253 0.74543196 0.8715148 0.0014792174 0.0002645122 4.4736585e-16 0.19844651 7.7442724e-05 0.8244636 0.37332135 0.90181327 0.82898885 0.0038182552 0.027276646 0.0017546169 0.493728 1.8923629e-05 0.40807465 2.7795923e-06 0.002622876 0.46804953 0.32122338 0.33620518 0.4226266 1.4267519e-05 0.5598433 4.478304e-06 0.0013078452 1.9624407e-05 0.08910522 9.006236e-07 2.1185436e-07 5.4827357e-05 0.030935599 5.0637715e-07 2.8282545e-07 2.6226071e-05 0.009784036 0.112972654 0.0005877418 0.018279135 0.0010996644 0.10326947 0.030563788 0.033702806 0.00037034808 8.360062e-05 5.231486e-06 0.09319103 0.0008884603 5.736583e-05 9.0755954e-08 2.1170489e-07 0.0023162954 0.00068442663 0.0012116323 0.00227231 1.2480045e-06 4.796761e-09 0.00014165287 0.00024821694 0.00020009183 6.2947333e-07 0.00015685869 0.00034708926 0.0005658687 0.0003765023 7.725546e-06 0.0062097 4.0681703e-06 4.936705e-07 2.157201e-05 3.4351383e-06 0.0014862948 3.3853357e-07 1.1097438e-05 2.2407298e-06 1.6714902e-06 4.4009874e-05 2.5635163e-05 5.0292383e-06 4.6705472e-07 3.390811e-06 2.6455973e-05 4.4973152e-08 1.4335377e-06 4.62006e-06 1.5659278e-06 5.995354e-08 3.6017133e-05 1.7393035e-06 9.26762e-05 6.0774704e-07 6.7024854e-07
0.918213 0.6385711 0.4389707 0.37762323 0.7345271 0.49797437 0.38491064 0.8735859 0.23881896 0.1957432 0.10909553 0.07970826 0.19844651 3.3231826e-17 0.103871375 0.063049495 0.07906925 0.04754154 0.035560198 0.42042455 0.83580405 0.04526278 0.4361742 0.025341919 0.011066446 0.0009205984 0.012310771 0.065238014 0.0050143325 0.0026364347 0.033022024 0.0014630127 0.004523486 0.0003596609 0.066433705 0.0025389744 0.011555644 0.00017787966 4.7029564e-05 0.0011717352 0.019119509 6.123601e-05 1.785705e-05 0.0051047537 0.0019271182 0.0013545917 0.005705756 0.24909282 0.0066371392 0.0005111805 0.00079153286 0.33603835 0.0005365442 0.00044560898 3.002816e-05 0.002634606 0.0037061716 0.00019981342 1.0898039e-05 1.4615449e-05 0.00059234304 8.1757986e-05 8.760271e-06 2.500548e-05 3.319525e-05 3.797142e-07 1.1980782e-05 8.1322985e-05 3.9489423e-05 1.0769461e-05 0.00035198816 0.00011483723 2.334373e-05 0.0001646529 5.1936904e-06 0.033552695 0.00023236882 4.1846637e-05 1.9947051e-06 0.0004295828 0.0021095187 8.9167054e-07 1.6062037e-05 0.00018507498 0.00012938837 0.0004204876 0.00023276961 4.948319e-05 1.2613634e-07 2.6181937e-05 0.000122304 3.295708e-08 6.7586857e-06 7.446166e-05 6.605534e-06 3.6385916e-07 9.6360825e-05 5.441799e-06 0.00031938287 1.4187917e-06 3.1107138e-06
0.92024857 0.055971354 0.016634677 0.26303932 0.005071118 0.4565445 0.119899556 0.016998904 0.00020055627 0.00017059373 0.52976686 0.8336522 7.7442724e-05 0.103871375 1.2163449e-15 2.1488155e-05 0.003712808 1.9749861e-05 8.774946e-06 0.74906474 0.342392 0.49751115 0.0019978695 0.7972077 2.9700152e-05 0.96011955 0.076194994 0.000110048786 1.2795323e-05 6.7026367e-06 0.0012070857 0.5694352 7.917366e-07 0.34421772 0.55922663 0.44395137 0.0027199166 0.188436 0.40540686 0.51884043 0.027263865 0.06898878 0.09137312 0.37047493 0.0011371261 1.6590458e-06 0.06626051 0.26701564 0.24245252 2.1291598e-08 2.4182833e-07 0.08608041 0.001868057 0.031889524 0.042611685 9.480733e-06 0.06188452 0.0002458673 0.0018703735 0.00027727275 7.3066617e-06 2.1997341e-06 2.8101375e-08 5.308969e-07 0.030192126 2.4645598e-05 5.2676035e-07 1.1387012e-06 5.4576526e-07 0.00048926193 6.68784e-05 2.0371203e-06 8.015539e-07 4.2842387e-07 8.036837e-08 0.030757159 0.00051381974 0.0005552986 3.7322188e-08 0.0004396214 0.00011614991 4.2480624e-05 6.0788733e-07 0.00016475769 5.660986e-05 0.00010097604 0.00011997687 2.238104e-05 5.969114e-07 8.573055e-06 2.1063804e-06 1.7851251e-08 1.2690277e-05 2.7498632e-07 2.7632266e-06 6.2619465e-09 1.6569578e-05 1.1772812e-08 1.7258315e-05 3.9419714e-08 1.1087457e-06
0.9169311 0.03283494 0.083081454 0.006878653 0.208044 0.00054580363 0.15512136 0.1403804 0.22107936 0.29557344 0.0003650747 5.6341803e-05 0.8244636 0.063049495 2.1488155e-05 1.9403928e-17 0.096598044 0.59637994 0.9508448 0.00094612053 0.008054378 0.0010266762 0.65509343 1.5152148e-05 0.13080177 1.4104113e-06 0.00042949105 0.87360173 0.11611453 0.19949128 0.16698556 4.0584246e-06 0.61426884 1.1816907e-06 0.001338954 6.0898137e-06 0.015194345 1.4573997e-07 2.726986e-07 1.2617269e-05 0.004957112 6.5064185e-08 7.21936e-08 2.7504402e-05 0.0010297345 0.07976469 4.4479715e-05 0.01207787 0.00045601488 0.24997762 0.03559882 0.03963746 6.796455e-05 1.5170483e-05 5.11779e-06 0.034830958 0.00044870668 3.1038344e-05 5.4620603e-08 1.2245414e-07 0.023054758 0.0050770943 0.003916812 0.0015911545 6.226084e-06 9.737134e-09 2.7331986e-05 0.0036861214 0.0005187402 2.7994595e-06 6.6776236e-05 0.0014334441 0.00014950328 0.0016043705 2.164686e-05 0.013642386 3.0301277e-05 8.707547e-06 7.4445335e-05 7.705161e-05 0.0037855725 1.2858271e-07 0.00039959367 2.8173092e-05 2.9898061e-05 6.753451e-05 0.0001869258 1.6369979e-05 1.3980294e-06 4.27226e-05 0.00021211607 4.1056836e-08 4.5176316e-06 7.2333685e-05 2.045344e-05 3.5997164e-06 8.388294e-05 1.8274086e-05 0.0003213532 8.421208e-06 6.4572755e-06
0.8892064 0.31847066 0.48196015 0.3121917 0.5141032 0.057086054 0.9356071 0.38937718 0.5444519 0.4977268 0.06824046 0.009419738 0.37332135 0.07906925 0.003712808 0.096598044 2.0383789e-14 0.37189943 0.08665277 0.017943894 0.06595241 0.15375715 0.07980077 0.00072745886 0.6835862 0.00012257713 0.12519465 0.036848944 0.11650245 0.015950948 0.9250185 0.0004535828 0.0037596931 2.157775e-05 0.004309377 3.546418e-05 0.8653102 5.928423e-06 2.9267312e-07 0.00061812013 0.6554561 1.4681477e-06 1.6383714e-06 0.0018031147 0.42623863 0.0059779044 0.0933602 0.009220825 0.0008449369 3.8880567e-05 0.00061084016 0.012027054 0.016946241 2.4203158e-05 0.00069085683 0.1940609 0.00083051197 0.022609876 7.121652e-07 1.3993187e-07 0.00013185265 0.0001767295 1.4305605e-06 9.086366e-05 0.0001576982 3.6468055e-08 0.003327216 2.107555e-05 7.2957996e-06 2.4883255e-05 0.012225136 6.241898e-06 0.0053163893 7.0470956e-06 1.5216305e-08 0.0031126768 0.00011444365 8.332684e-06 3.62438e-08 3.9029543e-05 0.0001959001 1.5275743e-06 2.110563e-06 0.00010404473 1.7884464e-06 0.00390205 0.00011337645 0.00013911429 9.140982e-05 1.4746566e-05 6.514906e-06 7.683514e-07 2.573731e-05 1.6744457e-07 4.8714332e-06 8.922046e-09 9.50409e-06 3.0016633e-08 1.2771488e-05 1.8947148e-08 7.343606e-05
0.89775515 0.023571353 0.06739234 0.0018721991 0.24661037 0.00022388567 0.14767867 0.18692848 0.44310588 0.54180616 9.035582e-05 1.9810623e-05 0.90181327 0.04754154 1.9749861e-05 0.59637994 0.37189943 6.473749e-16 0.75409675 0.0011312858 0.010215068 0.00025724614 0.2141157 2.2078795e-05 0.90568095 3.8219198e-07 0.00041648647 0.3129114 0.8716709 0.8022805 0.68569183 1.3933689e-05 0.73977053 2.1992412e-06 0.00044387847 1.7866785e-06 0.103439234 6.170573e-08 2.3965011e-08 7.745037e-06 0.014859626 1.5999264e-07 1.16617e-07 7.791613e-06 0.008233996 0.3472242 3.2176642e-05 0.0067445207 9.20141e-05 0.08077691 0.058714114 0.012144023 8.576216e-05 2.4626434e-06 8.982935e-06 0.21373019 0.00011970246 7.886545e-05 8.3084494e-08 1.6676845e-08 0.0021196152 0.00090445013 0.0017157823 0.0050861756 5.3860176e-06 3.8376906e-09 0.0007149495 0.00032094461 0.00019092331 7.824818e-06 0.0008320817 0.00012117286 0.0038099003 0.00024901453 1.3112459e-06 0.0024705147 6.5521917e-06 4.0257834e-07 4.2653696e-06 3.7115226e-06 0.0004400862 1.5022924e-07 7.730529e-06 5.754799e-06 1.3983181e-07 0.00017149448 2.4561594e-05 1.7251536e-05 7.5109715e-06 1.6992296e-06 3.6730953e-06 1.0950808e-07 2.2576494e-06 4.6108585e-07 1.0698598e-06 2.831065e-08 2.1661954e-05 5.8177915e-07 2.53482e-05 4.688331e-07 1.2678537e-06
0.86451405 0.027481629 0.062339615 0.0029336533 0.13409853 0.00042047157 0.11954874 0.081844926 0.25608212 0.36918524 0.0002757549 0.000104171624 0.82898885 0.035560198 8.774946e-06 0.9508448 0.08665277 0.75409675 1.1242401e-15 0.00066911726 0.0026037034 0.0005652069 0.37672007 3.955759e-06 0.23249912 6.282751e-07 0.0006072434 0.78129023 0.2410957 0.37306342 0.1685912 1.3063906e-06 0.8658427 5.8886775e-07 0.001178444 1.9075605e-06 0.019416636 1.7046922e-07 2.9140648e-07 1.2510617e-05 0.007514952 5.0337967e-08 4.912642e-08 1.8181962e-06 0.0022656354 0.20197189 4.7262914e-05 0.009718257 0.0004920238 0.45772603 0.08822025 0.019124346 3.0208657e-05 1.7495773e-05 4.584854e-06 0.06921223 0.0005705816 1.8129664e-05 6.4420455e-08 1.15526454e-07 0.018320171 0.021033252 0.010526065 0.004465038 6.255527e-06 1.0412482e-08 5.5593762e-05 0.0031013433 0.0012376982 4.8860193e-06 0.00022831906 0.0012933995 0.00045754065 0.0017098096 0.00040764408 0.007910515 4.2531638e-06 2.1395378e-07 0.00024864668 7.2744424e-06 0.002104155 3.2988135e-07 0.00019680716 1.960129e-05 7.7303e-06 0.00017490542 0.00012849736 3.1494355e-06 2.3788973e-06 1.07324695e-05 0.00026492873 1.0248796e-06 6.998352e-06 0.000103004146 1.1317243e-05 3.3426281e-06 7.095593e-05 1.811392e-05 0.00025896475 1.7264902e-05 2.6264654e-06
0.91492736 0.43932855 0.16581751 0.4117522 0.21053992 0.6598833 0.25343305 0.30047682 0.015837522 0.01313643 0.4339109 0.5815362 0.0038182552 0.42042455 0.74906474 0.00094612053 0.017943894 0.0011312858 0.00066911726 7.532022e-18 0.9501235 0.2017898 0.0074333213 0.58438486 0.0005429868 0.044535123 0.025412362 0.0017241192 0.00017299668 0.00020343634 0.001210318 0.099211246 1.8064287e-05 0.008488306 0.6485348 0.015844366 0.0020236156 0.009336932 0.0011922056 0.030399067 0.010542169 0.0027263844 0.0038067605 0.025381798 0.0005009717 2.8247963e-05 0.009577183 0.6221184 0.049208097 9.738955e-07 7.973763e-06 0.3607537 0.00029228895 0.006775646 0.00049638865 8.123439e-05 0.022112265 0.00010271486 0.00040051123 0.00053324096 1.39464255e-05 2.7594767e-06 1.529726e-06 2.4172284e-06 0.00031156247 5.047918e-05 1.1265093e-05 4.6768255e-06 1.6838402e-06 1.4056841e-05 0.00031014718 1.8053877e-06 1.1579637e-05 5.117453e-06 2.0838536e-07 0.035348848 0.0002521147 0.00037142652 1.9099697e-07 0.000765283 0.00023234292 2.1183194e-05 4.0623914e-07 0.0011960679 0.00011830405 0.00031272075 0.00014544334 6.568553e-06 7.3464076e-07 6.523741e-06 1.7728539e-06 1.1333947e-06 4.0289407e-05 3.5385615e-06 2.7342463e-05 1.2618104e-08 2.1038803e-05 3.6972693e-07 2.117128e-05 2.2548768e-07 1.1573217e-06
0.97501606 0.3895059 0.19057071 0.29350394 0.2995799 0.50184196 0.2876685 0.47466868 0.038631443 0.033667143 0.20771605 0.20591375 0.027276646 0.83580405 0.342392 0.008054378 0.06595241 0.010215068 0.0026037034 0.9501235 2.8894676e-17 0.18697144 0.12806678 0.17703076 0.0032976354 0.012957756 0.01856663 0.008831957 0.0008396557 0.00029569006 0.009918479 0.012645729 0.00042297557 0.0015678593 0.31405976 0.0043953005 0.0028252718 0.0021640947 0.00019243837 0.0042659114 0.012429028 0.0001639339 0.00030073887 0.008960899 0.00044709694 0.00013960898 0.008057851 0.5374847 0.035476804 4.1500836e-05 2.8760966e-05 0.5547046 0.00027885297 0.0044608777 0.00010293089 0.000155592 0.027613452 5.8472502e-05 8.027749e-05 4.257553e-05 0.0005742002 6.9781614e-05 9.3284484e-07 1.208669e-06 4.4112152e-05 6.604753e-06 1.060331e-06 0.00012599671 9.928013e-06 3.505223e-06 8.346428e-06 0.000113836155 9.330718e-07 0.0001419979 1.0194595e-06 0.059515163 0.00061682664 0.0002818762 4.5711186e-08 0.0013492064 0.004395548 4.072475e-06 5.3031345e-05 2.4215626e-05 0.0004276004 1.41570945e-05 0.0009898773 0.00010264112 8.9916387e-07 0.00011212687 0.00011945716 5.3810833e-08 4.891819e-06 8.694829e-05 2.2715535e-06 5.768258e-07 0.00030141763 5.1771835e-06 0.0005723869 1.6964528e-06 4.1688636e-06
0.91737676 0.22807208 0.19332068 0.56091994 0.12970714 0.559581 0.6118507 0.15997252 0.0076326444 0.00393492 0.90333533 0.7252377 0.0017546169 0.04526278 0.49751115 0.0010266762 0.15375715 0.00025724614 0.0005652069 0.2017898 0.18697144 2.566507e-13 0.006109118 0.08015278 0.00011199755 0.12573959 0.9840365 0.0009335582 2.882214e-05 2.4750893e-06 0.0013969447 0.027314657 2.3011703e-06 0.0031541295 0.046019785 0.09531634 0.010384797 0.0011410554 0.0010629287 0.36499378 0.309791 0.00020645937 0.00024629958 0.6732136 0.007075514 1.8175946e-06 0.43499094 0.031964708 0.006000489 4.3455493e-08 5.1734344e-07 0.012911591 0.016650572 0.00070718606 0.098220505 0.00081312907 0.004580515 0.0049319547 2.2116285e-05 1.8637736e-06 8.587621e-06 9.4608085e-06 5.9106743e-08 1.4655184e-07 0.0021522804 7.975526e-08 0.00013090894 3.6399138e-07 1.2633445e-06 2.471371e-05 0.00071851653 8.3034166e-07 4.7989946e-05 8.5110577e-07 2.6401063e-08 0.0042008036 0.0005041039 3.5887017e-05 1.4428369e-08 0.00012832186 0.0001833857 8.1935406e-07 6.4913334e-06 0.0002980575 3.996236e-06 4.7164674e-05 0.00022315026 9.4199575e-05 5.8024134e-06 1.7173974e-05 8.1171465e-06 3.6825302e-08 1.1273433e-05 1.2480975e-06 3.4720582e-05 3.2016477e-08 3.1809173e-05 7.9503145e-08 3.4634595e-05 6.8335105e-08 0.00053029857
0.9817062 0.12740786 0.16268921 0.030624242 0.40655354 0.010045158 0.17060971 0.45212713 0.16756366 0.1853079 0.0028230269 0.0014462646 0.493728 0.4361742 0.0019978695 0.65509343 0.07980077 0.2141157 0.37672007 0.0074333213 0.12806678 0.006109118 3.5990763e-16 0.0009834743 0.035654362 7.075147e-05 0.0022968028 0.9516315 0.0254176 0.024184082 0.075807855 3.7219634e-05 0.15265667 2.2625562e-05 0.0028695774 0.00020033565 0.009803777 3.7105242e-06 3.3679676e-06 4.1366726e-05 0.0040492103 2.6810887e-06 1.0315946e-06 0.00023400871 0.0006875574 0.012609873 0.00019849646 0.068954 0.0006535218 0.039605975 0.00665867 0.29780287 6.0400005e-05 2.4952858e-05 4.991738e-06 0.011748314 0.0007715747 4.4258413e-05 8.4320374e-07 2.052943e-06 0.032575943 0.0022775067 0.0005831293 0.0002790517 1.0172923e-05 2.2017144e-07 2.8648099e-05 0.0039662905 0.00034274274 5.4348334e-06 0.000230236 0.0015997222 3.7717058e-05 0.0019229775 2.1539077e-05 0.05956851 0.00013086076 4.938089e-05 0.0001912942 0.0005521979 0.012600928 4.877501e-07 0.0002971544 0.0002802529 0.00029358658 0.0003174455 0.0006080396 8.1152466e-05 6.5361684e-07 0.0003408034 0.0007428414 1.2825352e-07 2.0388832e-06 0.00038793773 2.9183058e-05 7.930006e-06 0.0005108944 5.478319e-05 0.001357818 4.9840724e-05 0.000112764596
0.89942217 0.0019653102 0.00084673776 0.00821619 0.00060594553 0.014298134 0.00553053 0.0023409107 0.000109647866 6.0030074e-05 0.06612099 0.13322061 1.8923629e-05 0.025341919 0.7972077 1.5152148e-05 0.00072745886 2.2078795e-05 3.955759e-06 0.58438486 0.17703076 0.08015278 0.0009834743 1.7917654e-17 1.4154895e-05 0.5723947 0.0042935675 6.3224456e-05 3.2917064e-06 1.9821005e-06 9.7603595e-05 0.9649815 7.409734e-07 0.31300864 0.8655421 0.23657212 0.0002133628 0.58857024 0.1663675 0.12590171 0.0016027411 0.16475677 0.2931737 0.0504115 3.410521e-05 1.3491715e-06 0.0055349413 0.52286226 0.6068291 2.7854728e-08 9.8012556e-08 0.17498417 0.0002606518 0.24383688 0.002537488 3.0378228e-06 0.16246831 8.0139194e-05 0.005394492 0.0014167496 4.7774024e-06 3.603484e-06 8.868962e-08 3.6704043e-07 0.011026978 0.00030300423 1.5954628e-06 2.0062378e-06 7.374035e-07 0.0006062073 4.4025954e-05 2.3485134e-06 4.9139095e-07 8.370313e-07 2.3066496e-08 0.065766394 0.0020880143 0.0004966808 1.9382266e-08 0.00066887605 0.000197969 0.00018032006 3.998554e-06 0.0001762473 5.0887375e-05 0.0002998731 0.00021410576 1.0426341e-05 1.1216056e-06 6.332568e-06 3.6052165e-06 1.5173028e-07 1.3036146e-05 8.881604e-07 6.3926905e-07 6.111115e-09 5.827818e-06 7.7078845e-08 1.1172547e-05 4.130158e-08 3.1562774e-07
0.30905947 0.016306741 0.04922166 0.006115011 0.11905697 0.0004942415 0.15889527 0.08518571 0.27543557 0.31314665 0.00027301649 3.8223978e-05 0.40807465 0.011066446 2.9700152e-05 0.13080177 0.6835862 0.90568095 0.23249912 0.0005429868 0.0032976354 0.00011199755 0.035654362 1.4154895e-05 1.5180268e-16 6.2423896e-07 0.0010002359 0.03372539 0.9587997 0.62375355 0.94026715 3.5300982e-06 0.22376257 1.7009385e-06 0.00011632927 8.2547086e-07 0.2897915 6.6875614e-08 3.6942502e-08 6.0302414e-06 0.027552666 1.3889071e-07 1.2917069e-07 3.6608483e-06 0.05040334 0.16041309 0.000113236296 0.001871146 5.694525e-05 0.0051205093 0.013658352 0.0023583248 0.0004529804 2.4331198e-06 2.7526603e-05 0.57550615 6.8954105e-05 0.00046087333 3.9758737e-07 2.3063064e-08 0.00016841004 0.00042457477 0.0001187553 0.013906231 2.2375373e-06 6.8253954e-08 0.0030312464 4.1412117e-05 3.1453852e-05 3.5217407e-05 0.0030778556 8.21333e-06 0.005914966 2.8871273e-05 2.2598604e-07 0.00030439795 4.7554104e-06 1.3506725e-06 4.935867e-07 2.7432402e-06 3.849248e-05 1.8245554e-06 8.2140905e-06 1.7968756e-05 2.2863442e-07 0.00057920034 5.00551e-06 3.232478e-06 1.3075953e-05 1.3380863e-06 4.7264425e-06 1.8562814e-07 9.810431e-06 1.1907323e-07 1.451966e-05 1.9627576e-08 3.0162047e-07 2.0656226e-07 3.83268e-07 4.5539076e-07 1.5643382e-06
0.8462187 0.00036661033 0.000111206245 0.002337481 3.281055e-05 0.0110277925 0.00040948432 8.2325554e-05 5.958765e-06 5.4917023e-06 0.05865707 0.20101187 2.7795923e-06 0.0009205984 0.96011955 1.4104113e-06 0.00012257713 3.8219198e-07 6.282751e-07 0.044535123 0.012957756 0.12573959 7.075147e-05 0.5723947 6.2423896e-07 1.0678788e-14 0.014559983 8.696867e-06 5.42328e-07 2.1890415e-07 2.7279184e-06 0.70076686 5.3645536e-08 0.7756167 0.081953585 0.7880886 2.9910238e-05 0.21589789 0.77869934 0.5749969 0.0049478905 0.41880998 0.2705413 0.4159513 3.4716573e-05 4.7516411e-07 0.02169255 0.032736775 0.09581181 1.0114396e-09 1.0073687e-07 0.009777246 0.0005605069 0.026312 0.026425635 1.1694763e-06 0.021467382 5.956305e-06 0.03152696 0.0043814206 1.0620747e-06 8.5707217e-07 7.061771e-09 1.5867869e-07 0.13933961 0.00077525224 5.0982044e-07 1.9641386e-07 1.5322148e-07 0.016424015 0.00020308395 3.1781033e-07 2.6189864e-06 6.1334454e-08 1.42801975e-08 0.014900667 0.0004753037 0.00037259815 1.7458861e-08 0.00040198964 1.10826195e-05 0.00045195967 3.7022144e-08 0.0006182498 1.8081282e-05 0.00013802972 3.9248232e-05 1.1526431e-05 8.162001e-07 2.750877e-06 1.6062175e-07 5.5370183e-08 2.8223094e-06 7.523513e-09 1.37874795e-05 4.807447e-10 2.9105083e-06 3.0865601e-09 1.7853687e-06 1.160954e-08 1.7447543e-06
0.44171283 0.05674328 0.05060818 0.1375182 0.03416462 0.11893183 0.19544983 0.03614144 0.0068782032 0.0058158753 0.28144476 0.14946325 0.002622876 0.012310771 0.076194994 0.00042949105 0.12519465 0.00041648647 0.0006072434 0.025412362 0.01856663 0.9840365 0.0022968028 0.0042935675 0.0010002359 0.014559983 7.31337e-15 0.0006269912 0.00016267275 8.9398905e-05 0.00609673 0.003091973 6.9160596e-06 0.0017672497 0.0032145975 0.0332257 0.14653085 0.00020831036 0.001351881 0.6033829 0.88616246 0.00012463123 0.00012828784 0.70936614 0.22899692 2.3600864e-05 0.9244698 0.002149739 0.00018661107 6.563505e-08 1.1631679e-05 0.0015477913 0.54068273 6.413862e-05 0.46276143 0.001962 0.0004584962 0.10481189 1.9330757e-05 5.760529e-07 1.1233702e-05 2.7482154e-06 1.8995773e-07 4.0825853e-06 0.0125973895 2.4565273e-07 0.00020366191 1.1514725e-06 4.893756e-06 0.00013021962 0.0017998155 3.2605162e-06 0.00034660002 4.5509293e-07 8.708456e-09 0.0003522204 2.916372e-05 1.5517315e-05 5.6796555e-08 3.874155e-05 4.58689e-05 3.0630124e-06 3.990502e-07 0.00046846445 1.9090574e-05 0.0006802911 8.627105e-06 5.8581645e-06 1.6668953e-05 2.9761765e-07 1.6473332e-06 6.5869983e-07 6.553551e-07 2.2259515e-07 0.0006413771 9.208112e-08 6.44727e-06 3.773413e-08 2.8583201e-05 6.056664e-07 0.00019309466
0.98046136 0.023556994 0.042783022 0.0067415014 0.14168873 0.0012986165 0.077989236 0.14298443 0.07210609 0.09678341 0.00069812406 0.00021988033 0.46804953 0.065238014 0.000110048786 0.87360173 0.036848944 0.3129114 0.78129023 0.0017241192 0.008831957 0.0009335582 0.9516315 6.3224456e-05 0.03372539 8.696867e-06 0.0006269912 1.085588e-17 0.043555878 0.09570409 0.03545628 1.8085266e-05 0.5412026 9.55449e-06 0.001489584 4.202655e-06 0.003020775 1.0561005e-06 2.041606e-07 6.5761433e-06 0.0012497985 5.076067e-07 2.0727879e-07 1.4241281e-05 0.00020942384 0.0714543 2.2871362e-05 0.012605603 0.00036142825 0.30596212 0.041561272 0.074229755 5.5083456e-06 9.754324e-06 1.4311255e-06 0.01919776 0.00025949551 4.0412765e-06 1.613244e-07 1.1078336e-06 0.38035575 0.027859667 0.00423729 0.0012774346 2.4803838e-05 5.7143072e-08 9.259107e-06 0.048419043 0.0013759661 2.9271403e-06 4.564874e-05 0.026254144 4.310283e-05 0.013079682 0.00015355714 0.049187936 4.8975726e-05 1.3414142e-05 0.0001535299 0.00015422137 0.06258713 7.626775e-07 0.006575303 1.9899486e-05 0.00023970568 6.366779e-05 0.0027010415 6.483399e-05 4.1294493e-06 0.0023462258 0.0027668239 2.684777e-07 2.1691608e-06 0.0013849908 1.5149533e-05 0.00023180885 0.0010084204 0.00027094144 0.0038738889 0.0003094027 0.0003298381
0.27628458 0.0019416143 0.0067870673 0.00053424854 0.022710761 5.9464666e-05 0.016423006 0.01890959 0.075625055 0.122601055 5.2402716e-05 1.0616217e-05 0.32122338 0.0050143325 1.2795323e-05 0.11611453 0.11650245 0.8716709 0.2410957 0.00017299668 0.0008396557 2.882214e-05 0.0254176 3.2917064e-06 0.9587997 5.42328e-07 0.00016267275 0.043555878 2.1141271e-15 0.97290653 0.4719012 2.9957953e-06 0.41134125 1.342591e-06 8.528129e-05 5.0156376e-07 0.030979512 6.609661e-08 4.335085e-08 6.5676063e-06 0.0019692348 1.4016747e-07 3.7747535e-07 1.9852598e-06 0.004499813 0.46611884 1.843379e-05 0.0012410457 3.9268714e-05 0.023927266 0.049353555 0.0019523364 5.7522946e-05 1.7655161e-06 1.7198608e-05 0.21835618 5.485759e-05 5.4499713e-05 2.6388642e-07 2.2154797e-08 0.00042645997 0.0025043979 0.0011702768 0.02018435 1.5025705e-05 1.3101102e-07 0.0014364904 0.00014003368 9.274949e-05 2.7083126e-05 0.00055941613 3.30203e-05 0.004146788 3.4828394e-05 1.0362685e-06 0.00043542325 2.7117637e-06 1.3316347e-06 6.5061213e-06 3.599476e-06 8.743149e-05 2.1857402e-06 2.793551e-05 6.6664716e-06 7.0974875e-07 0.00041704412 7.4813042e-06 2.1211524e-06 1.1625712e-05 7.3562995e-07 8.881692e-06 4.550743e-07 1.2043547e-05 1.9538252e-06 2.1919368e-05 9.4063786e-08 5.7789345e-07 1.0370435e-06 8.558339e-07 2.0783987e-06 1.1887654e-06
0.26836672 0.00036179327 0.0012600279 0.00017826482 0.007097465 3.598002e-05 0.0010460333 0.0060920627 0.02317383 0.034035854 2.9424287e-05 6.68329e-06 0.33620518 0.0026364347 6.7026367e-06 0.19949128 0.015950948 0.8022805 0.37306342 0.00020343634 0.00029569006 2.4750893e-06 0.024184082 1.9821005e-06 0.62375355 2.1890415e-07 8.9398905e-05 0.09570409 0.97290653 1.0695166e-16 0.21472453 2.278253e-06 0.82092255 1.3178967e-06 3.7472717e-05 3.9753996e-07 0.008281342 3.455632e-08 2.5269888e-08 1.3807645e-06 0.00079606293 7.692404e-08 2.743901e-07 1.6557974e-06 0.00078284147 0.91438955 1.7261549e-06 0.001079467 1.8636803e-05 0.12641914 0.2619673 0.0014367542 1.2415735e-05 9.815292e-07 2.0301684e-05 0.10746179 2.2182041e-05 2.8410983e-05 2.8344704e-07 2.7488444e-08 0.0032016907 0.00601957 0.012806482 0.040285252 2.3352168e-05 5.4619456e-08 0.0005550469 0.0005135185 0.00013282927 3.2063213e-05 0.00016058538 7.237708e-05 0.0026312992 8.200905e-05 6.330569e-06 0.00046238332 2.016025e-06 6.8618226e-07 2.6993777e-05 4.3099914e-07 0.00019362629 2.967525e-06 7.991051e-06 8.736085e-06 2.6159174e-07 0.0006518393 9.426684e-06 1.3140362e-06 1.0067041e-05 7.7959197e-07 1.0950515e-05 1.1215332e-07 4.777505e-05 1.747778e-05 4.0253497e-05 1.3899897e-07 2.9324767e-06 7.829639e-06 3.0397093e-06 1.363051e-06 1.1449627e-06
0.3500848 0.12930624 0.23085244 0.06409536 0.3461963 0.013146299 0.37924093 0.22725315 0.36635107 0.35934022 0.0043217465 0.00053299614 0.4226266 0.033022024 0.0012070857 0.16698556 0.9250185 0.68569183 0.1685912 0.001210318 0.009918479 0.0013969447 0.075807855 9.7603595e-05 0.94026715 2.7279184e-06 0.00609673 0.03545628 0.4719012 0.21472453 8.401853e-15 2.0804166e-05 0.12805802 4.0236514e-06 0.00046811337 1.945004e-06 0.8361454 5.178324e-08 2.3209395e-08 8.336877e-05 0.25574726 2.5478712e-07 7.951482e-08 3.0086638e-05 0.38296524 0.07290655 0.0032245193 0.0019473862 5.178376e-05 0.0015289416 0.00437337 0.0015077415 0.0065678577 3.8330163e-07 0.00010728114 0.9150596 1.97499e-05 0.0139526455 8.806626e-08 1.7254875e-07 0.0004750581 0.0004650591 4.6981066e-05 0.009443151 6.406136e-05 3.924125e-08 0.019929517 3.0128414e-05 9.336525e-06 0.000155409 0.016395314 1.3603765e-05 0.01880239 5.7828574e-06 1.7150893e-07 0.00090367714 3.860956e-06 3.5005343e-07 5.639609e-07 7.206353e-06 6.7294895e-05 3.6147803e-06 2.6066175e-06 0.00018043842 6.572672e-07 0.01258141 2.8571567e-05 5.178956e-06 9.264711e-05 1.0147479e-05 1.133366e-05 2.0361442e-07 8.225868e-05 2.875283e-06 6.9227026e-05 3.0930906e-07 1.8514868e-07 1.2102191e-06 7.5996564e-07 9.589786e-07 1.5499338e-06
