1.7604935e-29 0.3622714 0.17517483 0.2334093 0.30231836 0.709705 0.011521921 0.12446739 0.51852345 0.0081865005 0.005061464 0.14756922 0.110275164 0.008594144 0.5268055 0.27549636 0.5323099 0.6910764 0.0020411236 0.74065137 0.6636937 0.53973264 0.0017992766 0.9300226 0.580464 0.8432055 0.0013860002 0.5299165 0.57976454 0.0026186185 0.92736197 0.4867501 0.0012447396 0.23017767 0.7927048 0.23785397 0.18681303 0.032899443 0.02405317 0.0035310092 0.0054821298 0.0016717494 0.67168695 0.87688076 0.49999452 0.0343893 0.91136277 0.05169507 0.42295668 5.131736e-05 0.6967106 0.8646023 0.86563975 0.010371831 0.874894 0.6000128 0.9227697 0.92524344 0.0015802799 0.3070443 0.1284131 0.5376995 0.39601547 0.21380605 0.843433 0.814463 0.97255445 0.7942297 0.96414024 0.95283306 0.97095436 0.85185677 0.9787869 0.9776146 0.9141237 0.72172385 0.98565173 0.0096424455 0.99263996 0.0031501402 0.8268597 0.07535122 0.99841666 0.9832563 0.9923813 0.99939775 0.46096984 0.29006067 0.099430345 0.9998532 0.10478666 0.9998999 0.025626754 0.9605945 0.5624981 0.6620661 0.9186025 0.9998519 0.0042676874 0.7722262 0.9835877
0.3622714 5.1851288e-21 0.48481864 0.34080273 0.91090286 0.71594024 0.22187747 0.14121921 0.25197238 0.057750337 0.048325825 0.058345575 0.29841742 0.023660924 0.17963323 0.016058655 0.037773635 0.0063927583 0.00310179 0.018025337 0.25926358 0.0010162941 0.002179097 0.03216293 0.00037857224 0.0017105894 0.0015171539 0.00026133805 0.0001283292 0.022454703 0.1096894 0.00012480486 0.003279599 0.000105162006 4.914744e-05 0.00019514958 2.0568694e-05 0.019498847 0.0005269835 0.0017423783 0.0033066862 0.001711326 0.00014471628 0.0011698138 1.359024e-05 7.827875e-05 0.0004563721 0.0025271543 7.3918527e-06 6.811815e-05 0.019808171 0.008201376 0.003382898 0.0006246898 8.67357e-05 0.0064048287 0.00058220833 0.0033284316 0.0005656251 5.8694777e-06 0.00019696623 2.8748596e-05 0.0031058688 4.5892466e-06 4.974634e-06 0.0007279884 0.00059005845 0.00033715976 4.868714e-05 0.0026034638 3.312917e-06 1.5029303e-05 0.00022980759 0.0026709905 0.0004481855 4.895214e-07 5.9995557e-05 0.0004542709 0.0040764 3.657596e-06 0.00034262822 2.0071698e-06 0.005906457 6.143278e-05 2.9515136e-06 0.002034062 3.3458383e-07 5.437864e-05 1.8575516e-05 0.0020236552 6.9304865e-06 0.0006303117 0.00013515438 2.784189e-05 0.00027680933 0.00015324523 0.005230309 0.00043289136 9.128852e-06 1.7395555e-06 0.017007507
0.17517483 0.48481864 1.04019035e-19 0.7633097 0.20312661 0.324616 0.55531305 0.82875043 0.29789874 0.40273598 0.14464554 0.4428292 0.117113605 0.3641312 0.088551745 0.16772527 0.03378618 0.019899493 0.15419638 0.012881794 0.0455807 0.013752826 0.06554656 0.0114389695 0.0057131723 0.0065039657 0.0472767 0.006105352 0.00418108 0.05002339 0.024412334 0.0039645717 0.13416862 0.005178843 0.0019252842 0.0033252258 0.00094179553 0.011258048 0.008940979 0.020130323 0.0034196177 0.001197103 0.0027865106 0.0053249644 0.00015378765 0.00093108736 0.0016036133 0.00081759517 7.559172e-05 0.00024522544 0.0045736423 0.0041505015 0.0024032234 0.00029392194 0.0006067754 0.0010143494 0.0006057098 0.000966454 0.00029987568 4.196223e-06 5.4456643e-05 7.737422e-05 0.00045314283 2.269913e-05 1.0029047e-05 0.00012457716 0.00026498912 7.823269e-05 9.5651434e-05 0.0005062051 1.1340298e-05 3.7138827e-05 4.5528526e-05 0.00020376196 0.00017030099 1.167369e-06 2.268424e-05 0.00038757327 0.0007386684 1.433473e-05 0.00013869158 4.882472e-07 0.0014617352 2.8029954e-05 7.901666e-06 0.0008708614 2.2120565e-07 0.00010739806 2.7234517e-05 0.0010502947 2.4931758e-05 0.00012337792 0.00028225276 3.335204e-05 0.0003877931 0.00015400046 0.0006508166 8.929607e-05 1.8175246e-05 3.2348034e-06 0.0029235152
0.2334093 0.34080273 0.7633097 2.0743553e-19 0.1102128 0.44599172 0.15589456 0.6661838 0.7017749 0.09216897 0.026972286 0.7970625 0.021255871 0.08329639 0.18863918 0.6161377 0.13214831 0.08264604 0.064783484 0.0602256 0.021546794 0.075232774 0.06003149 0.053886212 0.034076996 0.03246485 0.045066252 0.10810502 0.05590506 0.0030898019 0.04492948 0.02909384 0.010848305 0.07616208 0.012782055 0.12803924 0.022883024 0.003581747 0.061652407 0.037782818 0.0014140101 8.019814e-05 0.017818887 0.019563058 0.0021301412 0.016364228 0.0072115962 0.0014842276 0.0017857155 5.9018366e-06 0.03472742 0.028991386 0.018239615 0.00019274838 0.0050606513 0.0136074 0.004938546 0.0077417395 6.451683e-05 5.8181082e-05 9.225803e-05 0.0030757915 0.0012635741 0.0007193084 0.0008618023 0.0016357604 0.0034020315 0.00051991694 0.0015936343 0.0014181325 0.00033347923 0.00068166305 0.0005727039 0.003457155 0.00085985375 0.00014300205 0.0010216597 0.0007219918 0.007312462 1.26972145e-05 0.0007495684 6.846995e-06 0.0055716718 0.000221187 0.0005306838 0.004177377 1.803708e-06 0.00061198854 0.00030739687 0.0029015387 0.00025371747 0.0006713525 0.00051166065 0.0001875547 0.0012887042 0.0007057234 0.0026115233 0.00013695218 7.69709e-05 4.89258e-06 0.027105834
0.30231836 0.91090286 0.20312661 0.1102128 5.9747695e-20 0.52588266 0.11711176 0.048922736 0.087627284 0.02309685 0.03263384 0.016952936 0.6048085 0.007796497 0.103006534 0.005471049 0.015460822 0.0024983173 0.0008394388 0.011090789 0.6176098 0.00049192575 0.00056476536 0.02510422 0.00015592042 0.00083192065 0.00040966008 6.838293e-05 4.2210697e-05 0.023335703 0.36630988 3.933322e-05 0.0006464038 5.6430632e-05 1.307316e-05 7.173491e-05 1.119913e-05 0.059597462 0.0001405284 0.00067080464 0.008309715 0.0042920625 5.257125e-05 0.00050594227 8.519053e-06 5.511722e-05 0.00019706409 0.014048176 4.441065e-06 0.0002526606 0.02252019 0.0073710093 0.0023817874 0.0038209402 3.110297e-05 0.011167541 0.00037432465 0.003362273 0.0014297144 4.8741704e-06 0.00097525254 8.949526e-06 0.009179075 6.2009235e-06 2.2375864e-06 0.0014774459 0.00041610812 0.0012655429 4.0169016e-05 0.011571403 3.8891117e-06 7.09825e-06 0.0008533698 0.005881475 0.001392127 3.3923132e-07 3.794102e-05 0.0017806417 0.004232171 1.6293894e-05 0.00094872556 2.1354988e-06 0.006392207 0.0005542878 2.4878852e-06 0.0021682885 1.9984667e-07 0.00011526812 5.089451e-05 0.00265512 1.3879884e-05 0.00083839544 0.00020479292 0.00016158714 0.0009019857 0.00082220096 0.006261786 0.0004280878 5.963484e-06 7.5900306e-07 0.02019322
0.709705 0.71594024 0.324616 0.44599172 0.52588266 2.367958e-19 0.124924354 0.114042886 0.7439735 0.04416626 0.030200703 0.10196991 0.07514876 0.025379796 0.7537492 0.053172257 0.3514159 0.050480045 0.007351479 0.20010999 0.101888455 0.007988701 0.006147161 0.27361527 0.004094847 0.031069933 0.0053380597 0.003500378 0.0020494347 0.005261457 0.17419751 0.0021181195 0.0011989281 0.0025747232 0.00039256786 0.0018685996 0.00046815802 0.021298459 0.0012237051 0.002819255 0.0020113492 0.00042731283 0.00050633063 0.0019981991 6.088319e-05 0.0002719565 0.0015331049 0.0047109267 2.6476797e-05 1.0770644e-05 0.08313975 0.052561056 0.016059658 0.0012546625 0.00029087075 0.076064125 0.00297348 0.019501168 0.00011396085 3.6006363e-06 0.0005267527 5.9130336e-05 0.007783745 6.991188e-06 3.8251474e-05 0.005193183 0.0045612603 0.0012780956 0.0006733944 0.0052706418 3.3450564e-05 2.3156566e-05 0.004456574 0.019859105 0.0014234751 1.7363427e-05 0.0011252419 0.0012306756 0.015033224 5.2575964e-05 0.00036180555 3.9274323e-07 0.014586139 0.0006946106 7.011697e-05 0.006689756 1.2335425e-08 7.190424e-05 7.785022e-05 0.0035951687 3.1180665e-05 0.0015735741 0.00039708684 0.0005223898 0.0005625882 0.0014198801 0.0052331826 0.00089100463 8.493888e-06 1.674726e-06 0.036375225
0.011521921 0.22187747 0.55531305 0.15589456 0.11711176 0.124924354 9.553838e-22 0.23756626 0.08761701 0.8338864 0.890375 0.037824377 0.49741325 0.55636036 0.03845628 0.006122752 0.011025953 0.0025949974 0.004177997 0.0041596494 0.05209359 0.0004333943 0.0015835135 0.0018138717 0.00021247464 0.0004822641 0.0010648995 0.000120958575 6.204677e-05 0.20173067 0.0052212216 9.738741e-05 0.15603511 7.210605e-05 5.8951086e-06 8.042389e-06 9.436767e-06 0.003810529 4.9595776e-05 0.0007248142 0.0009653044 0.0005758574 1.5178716e-05 0.00010471138 1.5032399e-05 2.3528937e-06 4.0243674e-05 9.2527305e-05 8.168064e-06 0.00017143789 0.0012536884 0.00079813134 0.0002679024 2.5177027e-05 1.2091168e-05 0.00023939225 1.864267e-05 5.2880343e-05 0.0003849195 2.1431934e-07 3.299817e-05 3.0800281e-06 0.00018772148 4.1969432e-08 3.4308934e-07 2.2712686e-05 2.828627e-05 2.460816e-05 6.9134285e-06 6.99885e-05 4.48115e-06 2.1410607e-07 2.7779324e-05 4.6193487e-05 4.434697e-05 4.4583693e-08 6.1049795e-06 8.203631e-06 0.00024191655 2.039556e-06 2.7526667e-06 1.9566025e-07 0.0006067114 1.8080404e-05 1.7793549e-06 0.00041456433 8.953658e-08 9.327439e-06 2.22687e-06 0.0003564231 6.369675e-07 7.4092466e-05 3.2708514e-05 1.0708668e-05 1.1147408e-05 7.932229e-06 0.00017529567 3.2254957e-05 3.6723352e-06 2.621939e-07 0.0007553461
0.12446739 0.14121921 0.82875043 0.6661838 0.048922736 0.114042886 0.23756626 5.7280057e-18 0.18611884 0.2487362 0.055229142 0.69756794 0.027188485 0.37916934 0.04464119 0.4395117 0.029260634 0.023273861 0.48407775 0.01213269 0.011763191 0.027109288 0.365151 0.009607157 0.012940239 0.0075050658 0.31933126 0.029942175 0.013628334 0.01839556 0.015677905 0.009549199 0.2528239 0.03520741 0.0055766683 0.09535362 0.0147889955 0.0024570264 0.24015519 0.16797255 0.0013742829 0.00013521343 0.011684741 0.009710109 0.0026719894 0.029335508 0.0030468404 0.00022352874 0.0018160491 2.8594053e-05 0.0035590255 0.0039111185 0.0035684842 6.203565e-05 0.0045801396 0.00065854256 0.0008314419 0.00074929436 8.246598e-05 9.41781e-05 6.303228e-05 0.0010281914 0.00020432472 0.00041677273 0.00023617967 0.00010842512 0.00028541515 0.00015009327 0.00013773111 0.0008615832 7.0936716e-05 0.0004861293 1.545175e-05 2.7981238e-05 0.00063457387 1.0359558e-05 5.369675e-05 0.0026645132 0.0010983029 6.0890856e-05 0.0018865997 3.2888697e-06 0.0020558084 4.995664e-05 6.3469364e-05 0.0022713835 1.524947e-06 0.0021404554 0.00090030895 0.0018615931 0.0011334991 0.00012367939 0.0019694564 3.1153082e-05 0.00064317795 0.0002673942 0.00037031682 0.00012145689 9.695188e-05 7.4966097e-06 0.0014011996
0.51852345 0.25197238 0.29789874 0.7017749 0.087627284 0.7439735 0.08761701 0.18611884 1.1782451e-19 0.036631234 0.012949467 0.3300944 0.013158917 0.023599047 0.6666705 0.27527267 0.59945285 0.400142 0.011771299 0.31028402 0.013300572 0.17079322 0.011773111 0.23626187 0.10209612 0.18843703 0.009313014 0.06723699 0.09263557 0.00028807868 0.0446242 0.07203904 0.00054461055 0.036023 0.040101323 0.020622173 0.007644646 0.0014751566 0.0057513705 0.004904589 0.00049546896 3.8616134e-05 0.008794043 0.028209973 0.00087442837 0.001045965 0.01821052 0.0007682229 0.00033539897 1.8645326e-06 0.058053058 0.08628237 0.047408883 0.00013017344 0.004273587 0.042510193 0.012400139 0.02908092 1.0826861e-05 2.4235704e-05 6.646098e-05 0.0017177889 0.00075144507 1.7979692e-05 0.001035378 0.006757961 0.018159099 0.00019569807 0.010043261 0.0005588893 0.001762763 0.00081291277 0.0029136147 0.015225177 0.00050095643 0.000534534 0.006907943 0.00021394779 0.021470116 5.853999e-06 5.6389e-05 3.1957356e-06 0.012925167 0.00030406256 0.0010115922 0.008554946 5.4972826e-08 3.0205863e-05 2.1646405e-05 0.003140832 1.2841275e-05 0.002078481 0.00012886882 0.00013958673 0.00023406027 0.00058732636 0.003095295 0.00045543275 4.8548736e-05 6.343381e-06 0.024203341
0.0081865005 0.057750337 0.40273598 0.09216897 0.02309685 0.04416626 0.8338864 0.2487362 0.036631234 2.4901035e-20 0.7770606 0.033781137 0.15252334 0.9110236 0.012246273 0.006006463 0.0075104996 0.0022037209 0.022028053 0.002769276 0.014266301 0.00045888152 0.00339551 0.0009697482 0.00019934216 0.00047563456 0.002329515 0.0001461069 6.341243e-05 0.1593328 0.0013204003 7.315577e-05 0.5310104 6.423357e-05 4.893177e-06 1.8626071e-05 8.050531e-06 0.0009717269 8.966198e-05 0.0018258295 0.00054230087 0.00031386237 2.7312964e-05 0.00018481517 1.432172e-05 5.08322e-06 5.0339528e-05 1.3416342e-05 6.3471757e-06 0.00013521819 0.00040225082 0.0003451515 0.00011918655 4.5219804e-06 1.7779852e-05 9.1393704e-05 1.1801731e-05 3.396331e-05 0.00023950597 2.4365713e-07 9.287231e-06 6.0904295e-06 6.6662775e-05 4.4221725e-08 1.877015e-07 5.0235008e-06 1.2624081e-05 2.7911916e-05 3.5674918e-06 3.597391e-05 1.3435925e-06 9.3352256e-08 6.61771e-06 9.767263e-06 1.0991184e-05 1.964649e-08 4.176516e-06 1.0988586e-05 0.00015788164 2.9698833e-06 1.3362749e-05 1.585728e-07 0.0004836691 8.6292275e-06 3.3707232e-07 0.00045316035 4.597104e-08 4.8779762e-05 1.3800241e-05 0.00038955468 1.2038339e-06 3.587049e-05 4.3653352e-05 7.1184236e-06 3.8676076e-06 1.4319854e-06 9.798158e-05 6.60043e-05 5.9979166e-06 1.9621842e-07 0.00029811636
0.005061464 0.048325825 0.14464554 0.026972286 0.03263384 0.030200703 0.890375 0.055229142 0.012949467 0.7770606 1.404945e-19 0.005464528 0.53860605 0.5043705 0.007999542 0.0005663494 0.0019739242 0.00062601315 0.0026352005 0.0011381037 0.03192569 5.6353463e-05 0.00081782363 0.0002608883 4.431353e-05 0.00010524137 0.0006324435 1.1150438e-05 8.8158195e-06 0.7739912 0.0014549523 1.995216e-05 0.26743096 5.715992e-06 2.776159e-06 8.44325e-06 1.0099674e-06 0.0074992627 1.2575249e-05 0.00033008543 0.0022117922 0.0028027522 6.441935e-06 6.754378e-05 2.3115144e-06 1.633169e-06 1.1498819e-05 0.0001667486 2.9600885e-06 0.0014903933 9.272889e-05 0.00013408839 6.9162146e-05 3.8051756e-05 4.164378e-06 4.7985508e-05 2.250534e-06 5.674436e-06 0.0012812071 2.006078e-07 4.9817245e-05 2.0619668e-06 0.00013544172 1.02325195e-07 1.32675e-07 4.989106e-06 1.543156e-05 1.9943314e-05 5.823135e-06 3.1554682e-05 4.6178812e-07 8.887945e-08 1.0570311e-05 2.2990413e-05 3.9346796e-05 1.5632779e-08 4.731634e-06 8.964206e-05 0.00020185186 1.1466099e-05 1.3352864e-05 7.4521076e-08 0.000600173 8.64009e-06 1.2918376e-07 0.0005455538 2.2785025e-08 3.3581804e-05 1.0869082e-05 0.0004746146 1.5771277e-06 6.923944e-05 0.00011298938 6.9164494e-06 6.7126857e-06 3.6391452e-06 0.00027632428 0.00010594274 1.4427212e-06 5.1989087e-08 8.917216e-05
0.14756922 0.058345575 0.4428292 0.7970625 0.016952936 0.10196991 0.037824377 0.69756794 0.3300944 0.033781137 0.005464528 5.9133467e-19 0.0023555711 0.039805476 0.06462451 0.89876723 0.069836736 0.057107765 0.09939389 0.0333575 0.0057342527 0.096686885 0.119612284 0.026226986 0.045346342 0.026144158 0.10094359 0.2063967 0.097810626 0.0006064031 0.015579656 0.04995106 0.009348835 0.15534532 0.023686295 0.34516165 0.084682256 0.0010573653 0.25856826 0.07944309 0.0008264907 7.153189e-05 0.03933862 0.022392202 0.008768496 0.09658179 0.008789998 0.0004112301 0.009409247 1.9367255e-05 0.011504326 0.01543839 0.01563178 5.196329e-05 0.008348813 0.004726522 0.0033746168 0.0030346378 0.00011245961 0.00041184627 7.278506e-05 0.009711382 0.0004519667 0.0008347554 0.0017957357 0.0004116955 0.0027665521 0.00028924338 0.0017197779 0.0004967793 0.0007194305 0.0016723834 0.00020946498 0.0012371684 0.0012385696 0.0006803275 0.0010174549 0.001618127 0.003323254 4.8820904e-05 0.00088716147 1.7966237e-05 0.003100218 0.00011407894 0.00090712873 0.0037911725 1.2700241e-05 0.0005627122 0.00038438247 0.003547907 0.00036995925 0.0007893427 0.00055828225 0.00021589802 0.0016119545 0.00055359886 0.0022491384 0.000124857 0.00019024592 1.18546695e-05 0.011331197
0.110275164 0.29841742 0.117113605 0.021255871 0.6048085 0.07514876 0.49741325 0.027188485 0.013158917 0.15252334 0.53860605 0.0023555711 6.197034e-21 0.048871897 0.02173 0.00047143447 0.0028359457 0.0001689019 0.0027137771 0.0011800252 0.6679111 9.073701e-06 0.00052013167 0.0011361706 2.6096e-06 1.1695181e-05 0.00034057774 7.314571e-07 4.0781356e-07 0.85095847 0.04986106 3.3195286e-07 0.029237997 1.889028e-06 4.4182098e-08 2.573087e-06 1.977868e-07 0.6741403 2.9657424e-06 9.6885786e-05 0.16260067 0.14315566 2.933846e-07 1.1547595e-06 1.6925442e-07 1.3533971e-06 1.2305277e-06 0.037189245 1.0455216e-07 0.06374864 0.00052459945 7.921997e-05 1.1615118e-05 0.016289528 2.1020969e-07 8.947977e-05 1.0511147e-06 8.676545e-06 0.029018996 9.2326104e-08 0.00036207787 2.7686081e-08 0.003306825 1.6275303e-07 9.982504e-09 1.7055712e-06 3.0896042e-06 7.080877e-05 7.3480476e-07 0.000106847714 2.900852e-07 1.0432939e-08 9.447884e-07 2.813542e-05 7.570683e-06 1.5181567e-09 6.308303e-07 0.0006999754 0.00021424281 8.723875e-05 5.5570886e-06 1.533167e-08 0.00073863385 2.0587495e-05 9.158067e-09 0.00038653568 5.426937e-09 7.176533e-06 9.688292e-07 0.0003389723 1.2896562e-07 6.145979e-05 0.00022244378 5.8512414e-06 3.8474295e-06 4.7918484e-06 0.00030741387 0.00020537537 4.5446237e-07 6.9526203e-09 0.0003362828
0.008594144 0.023660924 0.3641312 0.08329639 0.007796497 0.025379796 0.55636036 0.37916934 0.023599047 0.9110236 0.5043705 0.039805476 0.048871897 3.4347932e-20 0.006909231 0.005992457 0.004326559 0.0012145448 0.22836144 0.0011303512 0.004447247 0.00013166342 0.01745274 0.00022324176 4.4720073e-05 8.034213e-05 0.010801133 3.6319838e-05 1.1701707e-05 0.12725528 0.00032939424 1.378088e-05 0.85691774 1.6623044e-05 9.808647e-07 3.2068656e-05 1.885407e-06 0.00023321158 0.00012986877 0.007861232 0.00036450554 0.00011897306 1.4389325e-05 3.55202e-05 1.099423e-06 2.874455e-06 9.293929e-06 2.9208827e-06 8.337576e-07 5.6432575e-05 3.251479e-05 2.7390694e-05 1.6616783e-05 1.8029066e-06 5.940279e-06 6.5431195e-06 1.3680739e-06 2.465212e-06 6.767906e-05 8.090946e-08 7.251664e-07 1.5958448e-06 2.5212395e-05 2.533098e-08 5.5052574e-08 6.4155813e-07 1.881771e-06 8.035274e-06 6.2462243e-07 4.8097363e-06 1.2440445e-07 6.3810354e-08 1.7455038e-07 3.8901595e-07 7.681182e-06 9.11007e-09 4.6791203e-07 5.5762052e-06 2.425487e-05 1.8621888e-06 5.74043e-05 6.210765e-08 0.0002161939 2.5208053e-06 3.991025e-08 0.00020599896 1.8982055e-08 1.3665177e-05 6.150386e-06 0.000197775 2.2593358e-06 2.3395973e-05 3.3690485e-05 2.3825892e-06 1.7130844e-06 5.43649e-07 1.9447414e-05 5.4536784e-05 7.901237e-06 4.0577895e-08 1.557365e-05
0.5268055 0.17963323 0.088551745 0.18863918 0.103006534 0.7537492 0.03845628 0.04464119 0.6666705 0.012246273 0.007999542 0.06462451 0.02173 0.006909231 1.000933e-19 0.049218483 0.73206633 0.1884358 0.003169157 0.55994195 0.025711017 0.043093197 0.0026176558 0.5513808 0.031243538 0.14407572 0.0023372446 0.012373447 0.011127287 0.00016670869 0.07415991 0.011283083 0.00011019885 0.006861461 0.00349102 0.0026796819 0.0012489299 0.004170688 0.00044487903 0.0011272912 0.00077863137 7.183021e-05 0.0029347532 0.006569668 0.00021658023 9.6045216e-05 0.0073610065 0.0018528348 0.00013000818 2.473846e-06 0.0792843 0.10321488 0.039766613 0.00051085255 0.0011276832 0.07748092 0.0084574465 0.039128687 1.8034423e-05 1.1475123e-05 0.0005345276 0.0005059824 0.004313962 3.0983233e-06 0.0004613487 0.01254681 0.012028076 0.00080840214 0.0050266297 0.003871051 0.0005933477 0.00025882278 0.010220354 0.032327384 0.001669128 0.00016792139 0.0044040955 0.00048612882 0.031911563 3.2464748e-05 0.00025808063 9.837173e-07 0.019537576 0.0013942841 0.00047346493 0.0110575585 1.02304645e-08 3.8672337e-05 5.870998e-05 0.0058687846 3.3609267e-05 0.0025784804 0.0001995196 0.0005701086 0.00047950464 0.0018095401 0.003251986 0.0007237777 1.11513955e-05 1.9484069e-06 0.031000704
0.27549636 0.016058655 0.16772527 0.6161377 0.005471049 0.053172257 0.006122752 0.4395117 0.27527267 0.006006463 0.0005663494 0.89876723 0.00047143447 0.005992457 0.049218483 1.7969882e-17 0.0633707 0.07597172 0.02080957 0.03133063 0.0015798399 0.177182 0.049521282 0.02029046 0.06723298 0.035994343 0.0407034 0.4396347 0.17568485 8.0274884e-05 0.007662507 0.079609126 0.00031416662 0.4012963 0.046417963 0.5646754 0.2668899 0.00041715565 0.2676538 0.04690304 0.0004296727 5.2461368e-05 0.06962097 0.039670512 0.029071229 0.20587851 0.01714775 9.444848e-05 0.036946625 9.441332e-06 0.0106497165 0.016064558 0.01928742 2.2827342e-05 0.020197049 0.0038070725 0.007319446 0.0034415214 0.00010336795 0.004190355 5.8717484e-05 0.025326282 0.00015950126 0.003667095 0.007077654 0.00044305355 0.004472323 0.00011726368 0.0044404725 0.0002055572 0.0045603644 0.011817478 8.8048255e-05 0.0013070287 0.0007026323 0.002436653 0.00471939 0.0017446679 0.0072181225 4.7676785e-05 0.00046694544 0.00049729244 0.0048649823 2.7194368e-05 0.0021148154 0.00706941 0.00015044768 0.00071155763 0.00022349677 0.004532598 0.00037338608 0.0008488334 0.00037634274 0.00015778154 0.00082540524 0.00052538724 0.0023250328 0.0003028159 0.0006131432 3.9765036e-05 0.026052298
0.5323099 0.037773635 0.03378618 0.13214831 0.015460822 0.3514159 0.011025953 0.029260634 0.59945285 0.0075104996 0.0019739242 0.069836736 0.0028359457 0.004326559 0.73206633 0.0633707 1.9356802e-20 0.44257188 0.0028221116 0.7488239 0.0021707877 0.14226748 0.0017908008 0.5498783 0.14347851 0.421297 0.0018568228 0.03638075 0.073336795 2.5318748e-05 0.020660834 0.08283643 1.4703917e-05 0.018447196 0.055424377 0.0053278063 0.003539188 0.0002200301 0.00048192937 0.00042019397 0.00020665834 3.101272e-05 0.010294616 0.02879853 0.0009488608 9.628771e-05 0.031917967 0.00021506616 0.00031854544 1.5441885e-06 0.053546257 0.11615743 0.07345675 7.705691e-05 0.0031122097 0.03165076 0.017415311 0.04106572 6.0775023e-06 5.6638804e-05 7.9924575e-05 0.0014849228 0.0005165754 3.893376e-06 0.000998876 0.0070257206 0.023168372 0.00011345226 0.012680642 0.0003943115 0.0020232692 0.0011297995 0.0049843243 0.02318077 0.0004223649 0.0005569533 0.00893385 0.00016588939 0.039336897 6.2514537e-06 3.7890866e-05 1.6815542e-05 0.015240211 0.00030903204 0.0007927476 0.00955615 1.2805172e-07 2.2328211e-05 1.6286405e-05 0.004196622 1.1876205e-05 0.0032033091 0.00010597943 0.00027539826 0.00030390688 0.0007734917 0.0016832462 0.00048238074 4.096745e-05 3.795099e-06 0.019808985
0.6910764 0.0063927583 0.019899493 0.08264604 0.0024983173 0.050480045 0.0025949974 0.023273861 0.400142 0.0022037209 0.00062601315 0.057107765 0.0001689019 0.0012145448 0.1884358 0.07597172 0.44257188 4.2501978e-20 0.0015475516 0.35584745 0.00027623627 0.5295059 0.0010662312 0.18261123 0.5734871 0.77043396 0.0010190951 0.2097973 0.43680957 7.770687e-06 0.0030899225 0.4278514 7.2075145e-06 0.05296875 0.4075515 0.01181483 0.010488219 2.074556e-05 0.00035037074 0.00022553597 3.0038473e-05 4.417646e-06 0.047234908 0.14877401 0.003095825 3.387232e-05 0.12137455 1.0248361e-05 0.001008744 2.3174661e-07 0.021305924 0.104310766 0.11555289 8.544186e-06 0.01315267 0.0077582663 0.034026105 0.024942022 2.0263992e-06 6.531445e-05 1.2665287e-05 0.0028364595 1.4098539e-05 9.990847e-07 0.002715566 0.0035657063 0.033157565 3.2433784e-06 0.027235894 2.0377818e-05 0.006260842 0.0021628682 0.0012946218 0.013202315 8.144018e-05 0.0010475118 0.021315776 4.5920675e-05 0.034294017 1.3034586e-06 1.3581033e-06 1.7277582e-05 0.00962359 7.313009e-05 0.001499884 0.008494331 4.5354014e-07 4.639625e-06 2.0538928e-06 0.00283904 1.8089949e-06 0.0043470194 5.8930604e-05 0.000116659234 0.00022420894 0.0004766194 0.0020135678 0.0005778855 4.401487e-05 1.09240855e-05 0.017132929
0.0020411236 0.00310179 0.15419638 0.064783484 0.0008394388 0.007351479 0.004177997 0.48407775 0.011771299 0.022028053 0.0026352005 0.09939389 0.0027137771 0.22836144 0.003169157 0.02080957 0.0028221116 0.0015475516 3.8749475e-19 0.0014233271 0.0017998334 0.0013246514 0.8607465 0.00048088885 0.0009189879 0.0005775632 0.7562106 0.0014635506 0.00086525653 0.009240007 0.0006018441 0.00089782843 0.6262669 0.0010944171 0.00044297354 0.0025748361 0.00031865117 8.679586e-05 0.03683717 0.2505325 0.00019375466 8.765791e-05 0.0024978681 0.002597503 0.00023336083 0.0007397248 0.00056536216 9.01626e-06 0.00018475913 5.0400584e-05 0.0012896755 0.0009410363 0.00065351714 9.907063e-06 0.0009789374 0.00045504267 7.581849e-05 0.00013111284 0.00013962894 1.917713e-06 1.0791988e-05 0.00013832188 0.0005305573 2.1830654e-06 1.7368562e-05 7.9692845e-06 0.00010100435 0.0003034704 4.1998002e-05 0.000453506 1.9526267e-05 3.364929e-05 1.3216393e-05 4.8315874e-06 0.0006536228 2.3311416e-06 7.130066e-05 0.0002711265 0.00052163034 5.0834893e-05 0.002784598 4.2594306e-06 0.000699939 0.0001530698 3.5467783e-06 0.0023425457 1.590683e-06 0.0006429725 0.00038799524 0.000848396 0.00034470693 0.00016105852 0.0004902239 8.061333e-06 1.3640257e-05 6.0118837e-06 2.3151531e-05 1.4852095e-05 3.8247934e-05 5.7944084e-07 0.000121192505
0.74065137 0.018025337 0.012881794 0.0602256 0.011090789 0.20010999 0.0041596494 0.01213269 0.31028402 0.002769276 0.0011381037 0.0333575 0.0011800252 0.0011303512 0.55994195 0.03133063 0.7488239 0.35584745 0.0014233271 4.666685e-19 0.0012704639 0.10862415 0.00086086465 0.83083284 0.12136918 0.4839592 0.00078430545 0.025953384 0.05783352 1.911032e-05 0.021190183 0.058966167 1.4497204e-05 0.014316948 0.036119293 0.0025399139 0.0029432008 0.0001518873 0.00015126009 0.00015600267 0.00014915338 2.7147593e-05 0.0056657796 0.027814126 0.0012630362 3.5767564e-05 0.060277127 0.0002815884 0.0005821769 1.4987572e-06 0.11932701 0.26805028 0.15785493 0.00018995981 0.0023187543 0.06791524 0.03658685 0.10621104 7.4987975e-06 8.8618646e-05 0.00013969887 0.0011822877 0.00092855666 3.9008646e-06 0.0012240248 0.016230285 0.05234649 0.00020721645 0.024173705 0.00065893796 0.0028094759 0.0013456745 0.015975922 0.060181875 0.0010039784 0.0007886756 0.019622589 0.00024156984 0.08558459 6.592475e-06 6.135128e-05 2.3368211e-05 0.042512808 0.0011879541 0.0010742674 0.019011011 3.0799268e-07 4.188293e-05 4.842518e-05 0.008283582 6.007869e-05 0.0049383724 0.000114793664 0.0006289052 0.0005180799 0.0015664446 0.0016231036 0.0013048304 3.6887886e-05 5.806282e-06 0.031317484
0.6636937 0.25926358 0.0455807 0.021546794 0.6176098 0.101888455 0.05209359 0.011763191 0.013300572 0.014266301 0.03192569 0.0057342527 0.6679111 0.004447247 0.025711017 0.0015798399 0.0021707877 0.00027623627 0.0017998334 0.0012704639 9.94269e-21 7.62061e-05 0.0009793002 0.004975384 1.0578469e-05 7.6640994e-05 0.0012481202 2.9827302e-06 1.6163555e-06 0.07823087 0.8767749 1.8907402e-06 0.0010170658 5.9365193e-06 3.7997867e-07 3.9509763e-05 1.7784794e-06 0.7329558 3.101349e-05 0.0007494183 0.20438474 0.06869204 2.0550292e-06 8.515341e-06 8.572242e-07 2.6879132e-05 3.110843e-05 0.7231956 4.1965248e-07 0.010470314 0.020134805 0.0042826016 0.00094333896 0.29534444 1.0422328e-06 0.012747167 6.249138e-05 0.0019639665 0.05306097 4.894052e-07 0.15368737 2.2345882e-06 0.1338516 8.201895e-06 1.546324e-06 0.0022203717 3.654425e-05 0.014119707 2.3203663e-06 0.020755248 2.730477e-06 1.5004732e-06 0.0023883358 0.005261863 0.0030772777 2.445147e-07 3.023369e-06 0.013165446 0.001352505 0.0023890545 0.00065417186 2.9891858e-06 0.002762122 0.0014944213 6.0484734e-07 0.0006959779 2.669811e-08 3.8470167e-05 6.6802095e-05 0.00084162346 4.748584e-05 0.00021964703 0.0033025767 0.00028592107 0.0006596652 0.0005102904 0.00397356 0.0006892147 2.3511656e-07 3.9210125e-08 0.012978552
0.53973264 0.0010162941 0.013752826 0.075232774 0.00049192575 0.007988701 0.0004333943 0.027109288 0.17079322 0.00045888152 5.6353463e-05 0.096686885 9.073701e-06 0.00013166342 0.043093197 0.177182 0.14226748 0.5295059 0.0013246514 0.10862415 7.62061e-05 5.1863972e-20 0.00079423725 0.04922963 0.75125617 0.43587804 0.0010014721 0.6116086 0.7916504 2.615657e-06 0.0006263727 0.7488739 6.9982457e-06 0.23484454 0.68152833 0.060515895 0.05830818 7.0479286e-06 0.0015605276 0.00091233256 2.185558e-05 6.888223e-06 0.25942108 0.28983516 0.02108913 0.00038118137 0.13436612 4.6156606e-06 0.0055820397 3.3638318e-07 0.0068845726 0.04828247 0.07188485 2.0483685e-06 0.049616385 0.0027382313 0.025986053 0.009976071 2.0152102e-06 0.00031159513 5.7598063e-06 0.012984364 6.3881844e-06 1.00427815e-05 0.0065429076 0.0010391751 0.023609618 3.065555e-06 0.023993144 6.8783306e-06 0.008251389 0.0035855612 0.000172629 0.0026615127 6.0410082e-05 0.0019441934 0.019063527 6.5881424e-05 0.0132120075 3.2232092e-06 3.627437e-06 5.6548455e-05 0.0046353834 6.7587116e-06 0.002034159 0.004862209 3.4555098e-06 1.5949752e-05 8.476725e-06 0.0013477642 6.2821186e-06 0.003622613 0.00017874812 0.00018641469 0.00010835824 0.0002139339 0.0020814931 0.00053005817 4.1636613e-05 1.0210937e-05 0.0086641805
0.0017992766 0.002179097 0.06554656 0.06003149 0.00056476536 0.006147161 0.0015835135 0.365151 0.011773111 0.00339551 0.00081782363 0.119612284 0.00052013167 0.01745274 0.0026176558 0.049521282 0.0017908008 0.0010662312 0.8607465 0.00086086465 0.0009793002 0.00079423725 1.2350547e-18 0.0003186545 0.00062546117 0.00040368908 0.85953695 0.0026910282 0.0006073244 0.0008336901 0.0006913577 0.00056845654 0.089401886 0.0030053214 0.00018203563 0.032119483 0.0018466747 3.770501e-05 0.14875086 0.57147926 0.0001555923 5.2962758e-05 0.0020991375 0.0008606126 0.0006694265 0.014963172 0.0001818909 1.8733546e-05 0.00082698074 1.63203e-05 0.0009739118 0.0004969807 0.0003539797 6.3789857e-06 0.0005278192 0.00030884938 4.235546e-05 8.227415e-05 3.0112356e-05 2.2897113e-05 4.7705937e-05 0.00073871907 0.0009944018 2.0323167e-05 3.996947e-05 2.4265028e-05 3.8005663e-05 0.0006027833 2.163526e-05 0.00027611805 1.649686e-05 6.611468e-05 1.6730013e-05 7.642776e-06 0.0014455372 6.509981e-06 1.5304871e-05 0.0006354301 0.00025658656 5.3517e-05 0.008017513 1.5910344e-05 0.0003854795 5.9820446e-05 8.853279e-06 0.0012608273 1.3410752e-05 0.0018977378 0.004369314 0.0012505478 0.009755828 7.733077e-05 0.0007387892 4.4915785e-05 0.00017777366 5.635443e-05 5.640002e-05 1.837124e-05 0.00016377187 2.3557247e-06 0.00029848758
0.9300226 0.03216293 0.0114389695 0.053886212 0.02510422 0.27361527 0.0018138717 0.009607157 0.23626187 0.0009697482 0.0002608883 0.026226986 0.0011361706 0.00022324176 0.5513808 0.02029046 0.5498783 0.18261123 0.00048088885 0.83083284 0.004975384 0.04922963 0.0003186545 1.5024415e-18 0.037746623 0.28050172 0.00026424645 0.010958598 0.01271387 7.2904227e-06 0.082197554 0.017122198 1.3923918e-06 0.0044850856 0.0047943722 0.0018054645 0.0010041599 0.0006043899 7.1149865e-05 0.00012301323 0.0001452522 2.9151792e-05 0.0019039967 0.009370745 0.00051874854 3.652509e-05 0.030752055 0.00089751213 0.00022185713 7.5173386e-07 0.27591372 0.36222345 0.15756334 0.00025301287 0.0012348321 0.20365949 0.031938896 0.20262966 9.512975e-06 1.4922871e-05 0.00043921615 0.00057143543 0.0044866195 1.9634992e-06 0.00056611694 0.07189444 0.055201482 0.0009482728 0.018748265 0.006298244 0.0010169727 0.0008170383 0.0727563 0.18375814 0.005672148 0.00036220756 0.02037314 0.00042339347 0.14411956 5.953256e-06 0.00057281746 1.3521715e-06 0.11371667 0.009387373 0.00090148725 0.032142486 2.339879e-08 0.00019554845 5.406523e-05 0.021191567 0.00010160217 0.005742796 0.00024354416 0.0034543683 0.0024912045 0.006273591 0.0047709877 0.0021819666 1.1042056e-05 1.6825687e-06 0.07003781
0.580464 0.00037857224 0.0057131723 0.034076996 0.00015592042 0.004094847 0.00021247464 0.012940239 0.10209612 0.00019934216 4.431353e-05 0.045346342 2.6096e-06 4.4720073e-05 0.031243538 0.06723298 0.14347851 0.5734871 0.0009189879 0.12136918 1.0578469e-05 0.75125617 0.00062546117 0.037746623 5.6518156e-20 0.51905596 0.00066513545 0.42839566 0.7058353 6.561506e-07 0.0002134674 0.76230973 3.0744345e-06 0.120874494 0.7481546 0.020065011 0.020550754 4.091121e-06 0.00035418384 0.00029829238 1.2765024e-05 3.0640904e-06 0.19715309 0.42272615 0.01542666 7.577766e-05 0.21706074 1.7243187e-06 0.0027059985 2.007278e-07 0.0042149634 0.04786768 0.08390653 1.3362361e-06 0.03953548 0.0016219964 0.03230052 0.008730314 1.0860393e-06 0.00019199254 3.1460042e-06 0.0077425223 2.151878e-06 2.8713537e-06 0.0047239265 0.0007447438 0.025668228 6.5049386e-07 0.029456003 1.4249506e-06 0.0092913415 0.003535113 0.00014329734 0.0035412135 1.6269467e-05 0.0011866536 0.022309775 4.449002e-05 0.018223323 2.1381234e-06 1.6978171e-06 9.63114e-05 0.0047596893 2.9154587e-06 0.00088969315 0.0055573564 5.251205e-06 9.2011605e-06 2.478472e-06 0.001589223 4.5147926e-06 0.00346216 6.952124e-05 0.00017544837 9.023164e-05 9.2680966e-05 0.001066398 0.00051972934 3.2708078e-05 1.1861081e-05 0.012597366
0.8432055 0.0017105894 0.0065039657 0.03246485 0.00083192065 0.031069933 0.0004822641 0.0075050658 0.18843703 0.00047563456 0.00010524137 0.026144158 1.1695181e-05 8.034213e-05 0.14407572 0.035994343 0.421297 0.77043396 0.0005775632 0.4839592 7.6640994e-05 0.43587804 0.00040368908 0.28050172 0.51905596 3.6184817e-19 0.00036923174 0.15443064 0.34925205 1.7099327e-06 0.0010314959 0.337178 2.040052e-06 0.037850026 0.33839703 0.0035028576 0.0062756585 1.469662e-06 9.156618e-05 0.00011087467 9.225331e-06 2.4063881e-06 0.041946813 0.2980792 0.0037520407 2.4033368e-05 0.33790928 1.4487008e-06 0.0010326883 1.5239111e-07 0.029783404 0.24787617 0.26802006 2.3235375e-06 0.02212817 0.00811585 0.11477437 0.06551147 2.0521793e-06 9.193911e-05 2.0286868e-06 0.0032831945 3.912694e-06 2.0132757e-06 0.0038073722 0.004040924 0.097529605 9.307069e-07 0.08645456 8.292461e-06 0.012777582 0.005288413 0.0012349717 0.0273495 3.5263147e-05 0.0015980335 0.057351884 1.9695635e-05 0.07707968 3.0127495e-07 9.69921e-07 5.946047e-05 0.023781398 6.178189e-05 0.0024826191 0.019617261 5.7105837e-07 6.060244e-06 7.584163e-07 0.0040047136 3.0295712e-06 0.008664597 1.1100221e-05 7.713698e-05 0.00010142965 0.00039272796 0.0018353486 0.00081690383 4.8700465e-05 1.1504994e-05 0.025021782
0.0013860002 0.0015171539 0.0472767 0.045066252 0.00040966008 0.0053380597 0.0010648995 0.31933126 0.009313014 0.002329515 0.0006324435 0.10094359 0.00034057774 0.010801133 0.0023372446 0.0407034 0.0018568228 0.0010190951 0.7562106 0.00078430545 0.0012481202 0.0010014721 0.85953695 0.00026424645 0.00066513545 0.00036923174 1.9664724e-18 0.0029170802 0.0009174244 0.00084601494 0.0011044348 0.0006865401 0.15268447 0.002927446 0.00026428778 0.033167638 0.0017104589 3.4067245e-05 0.25863832 0.8510525 0.00018236699 4.4260272e-05 0.002071641 0.0007416034 0.0005446361 0.021378916 0.00023905483 2.2615875e-05 0.0010109022 1.9952484e-05 0.00057969324 0.00033107062 0.00018083636 6.7961346e-06 0.0006051722 0.00018964324 3.4749664e-05 6.591014e-05 5.6236535e-05 2.1130696e-05 0.00013751704 0.00065833254 0.001642374 5.7949066e-05 2.8203305e-05 1.1364626e-05 3.5296016e-05 0.0019520607 2.072185e-05 0.00048035345 1.5372863e-05 2.792885e-05 1.588183e-05 4.3014193e-06 0.0016138527 6.8066743e-06 1.4238769e-05 0.00069233065 0.0002939822 7.7529185e-05 0.011003977 1.637649e-05 0.00041514752 4.645631e-05 1.0905484e-05 0.0018801917 1.0229935e-05 0.0029340773 0.0049738325 0.001376535 0.00821104 7.229761e-05 0.0010227866 4.2420827e-05 0.00018376805 3.5140543e-05 2.0609159e-05 1.8576682e-05 0.0002563498 3.3390565e-06 6.649319e-05
0.5299165 0.00026133805 0.006105352 0.10810502 6.838293e-05 0.003500378 0.000120958575 0.029942175 0.06723699 0.0001461069 1.1150438e-05 0.2063967 7.314571e-07 3.6319838e-05 0.012373447 0.4396347 0.03638075 0.2097973 0.0014635506 0.025953384 2.9827302e-06 0.6116086 0.0026910282 0.010958598 0.42839566 0.15443064 0.0029170802 3.8151627e-19 0.7183322 1.0764425e-06 0.00013936938 0.47665948 5.6253775e-06 0.75258166 0.46172595 0.42622453 0.52341527 1.5230694e-06 0.016680395 0.00370183 4.2374954e-06 3.0025656e-06 0.50306785 0.2348547 0.18077007 0.014726232 0.083475605 2.3823173e-07 0.10217892 3.460118e-07 0.0050172885 0.022598894 0.046184372 3.2473386e-07 0.12540373 0.0014862218 0.023177592 0.0051345634 1.0450945e-06 0.008119392 6.167516e-07 0.066577956 2.477503e-06 0.00016445016 0.038202368 0.0005685663 0.018642835 3.453123e-07 0.032590378 9.039468e-07 0.028768187 0.027780974 4.7619847e-05 0.0010161696 7.1625027e-06 0.010607727 0.02254447 2.6172776e-05 0.007307453 2.1800363e-06 2.1920634e-06 0.00046827924 0.0024773118 6.743854e-07 0.005651021 0.0021064288 1.8253448e-05 1.3506076e-05 3.8554626e-06 0.0009975758 4.097208e-06 0.0015188289 0.00010432054 2.6401785e-05 7.3333363e-06 7.142432e-05 0.0013648274 0.00042466525 0.00035647984 0.00017812327 0.0090593835
0.57976454 0.0001283292 0.00418108 0.05590506 4.2210697e-05 0.0020494347 6.204677e-05 0.013628334 0.09263557 6.341243e-05 8.8158195e-06 0.097810626 4.0781356e-07 1.1701707e-05 0.011127287 0.17568485 0.073336795 0.43680957 0.00086525653 0.05783352 1.6163555e-06 0.7916504 0.0006073244 0.01271387 0.7058353 0.34925205 0.0009174244 0.7183322 1.3499528e-19 8.527844e-07 5.9318478e-05 0.7668361 3.2510554e-06 0.37306872 0.75665915 0.15384513 0.14325279 1.2236746e-06 0.0026761347 0.0010161696 9.191127e-06 4.1813346e-06 0.5397847 0.36434072 0.075998954 0.00093660224 0.14957349 4.7244302e-07 0.03388093 3.676619e-07 0.0023389535 0.026262658 0.052620012 2.0606603e-07 0.12069453 0.00070960564 0.02093354 0.005686162 1.3573084e-06 0.0013251612 5.164744e-07 0.033132706 7.995643e-07 2.5129699e-05 0.018002564 0.00031467967 0.021189366 8.0805364e-08 0.030839305 3.1680992e-07 0.021749366 0.0087265065 2.2799406e-05 0.0008371707 8.312128e-06 0.0033855138 0.026812669 4.310707e-05 0.011096159 3.2177547e-06 1.3973511e-06 0.00018703261 0.0033797764 7.6351733e-07 0.0027024883 0.003453568 1.3243696e-05 8.727416e-06 3.730024e-06 0.0009977903 2.4933292e-06 0.0032873913 8.5717526e-05 4.7467136e-05 1.4214455e-05 1.9692949e-05 0.0012390476 0.00036358324 7.1377945e-05 3.44948e-05 0.005135626
0.0026186185 0.022454703 0.05002339 0.0030898019 0.023335703 0.005261457 0.20173067 0.01839556 0.00028807868 0.1593328 0.7739912 0.0006064031 0.85095847 0.12725528 0.00016670869 8.0274884e-05 2.5318748e-05 7.770687e-06 0.009240007 1.911032e-05 0.07823087 2.615657e-06 0.0008336901 7.2904227e-06 6.561506e-07 1.7099327e-06 0.00084601494 1.0764425e-06 8.527844e-07 2.4309253e-21 0.00061678106 2.7896934e-07 0.6198733 1.3802577e-06 3.9329726e-07 1.2927201e-05 7.9683304e-07 0.14485265 2.9757211e-06 0.0005548679 0.050713707 0.14409167 6.561625e-07 1.7171492e-06 4.544168e-07 6.323639e-07 5.0547396e-07 0.004893677 1.2751146e-06 0.56625414 1.4619958e-06 3.3158503e-06 8.603454e-07 0.004820066 4.72626e-07 1.2795829e-06 1.9157524e-07 2.9219703e-07 0.086307846 2.743549e-08 0.00058700825 6.761799e-08 0.0001084879 4.0800863e-08 2.568218e-08 2.335346e-07 2.7334067e-07 1.0172923e-05 9.1068074e-08 6.1987303e-06 4.5602853e-08 8.382291e-08 4.2486536e-07 5.5148024e-07 9.571353e-06 9.641459e-09 2.5538628e-07 0.00070964487 1.1073714e-05 0.0008193217 9.963022e-06 1.1086688e-09 0.00059080403 8.1359747e-07 1.5223003e-09 0.000600439 7.2438673e-09 1.3579191e-05 2.119439e-05 0.00080854015 1.8041069e-06 4.6050754e-05 0.000316908 6.6399366e-06 2.0526855e-05 7.3943634e-06 1.9987907e-05 0.0003045748 1.818091e-09 5.6952894e-11 3.960462e-06
0.92736197 0.1096894 0.024412334 0.04492948 0.36630988 0.17419751 0.0052212216 0.015677905 0.0446242 0.0013204003 0.0014549523 0.015579656 0.04986106 0.00032939424 0.07415991 0.007662507 0.020660834 0.0030899225 0.0006018441 0.021190183 0.8767749 0.0006263727 0.0006913577 0.082197554 0.0002134674 0.0010314959 0.0011044348 0.00013936938 5.9318478e-05 0.00061678106 5.365462e-20 0.000102035054 5.5609245e-05 0.00013320832 2.0630045e-05 0.0003299646 5.1497285e-05 0.087215796 0.00016097836 0.0030111326 0.012551299 0.0016791241 6.2577616e-05 0.0003973342 2.8150476e-05 0.0004102162 0.00023173855 0.15438795 2.7354488e-05 4.44399e-05 0.15990034 0.026807774 0.0061571323 0.02635108 2.69134e-05 0.15276887 0.0006769907 0.018716529 0.0025378512 4.0823656e-05 0.041848477 6.8464884e-05 0.20337522 0.00014377233 3.956368e-05 0.061205696 0.0022385577 0.06894953 0.0001389426 0.20817186 2.187497e-05 7.73481e-05 0.121534154 0.13048781 0.05924816 4.8306106e-06 0.00016235346 0.008323456 0.020729227 0.00089143467 0.029173419 7.2257453e-06 0.04992724 0.0485444 4.657459e-06 0.0025778445 6.6012484e-07 0.0019439146 0.003508061 0.002125762 0.003457994 0.0008865099 0.0076945955 0.009453996 0.020802168 0.019426752 0.024318453 0.0061832382 2.5324243e-06 7.179689e-08 0.11429635
