1.7192464e-21 0.7438632 0.72325104 0.7801913 0.76842254 0.80035824 0.80513316 0.8497143 0.87018657 0.62851477 0.63536114 0.9331018 0.93353444 0.9155521 0.80620617 0.8773599 0.92143285 0.916656 0.9102328 0.95375425 0.8243638 0.80441326 0.98574215 0.96287245 0.761502 0.64826113 0.8389247 0.9342159 0.5615308 0.23290607 0.8368794 0.9724924 0.8775265 0.3826975 0.95616454 0.8937314 0.7269597 0.9761918 0.0338925 0.8934799 0.8572463 0.547926 0.9947667 0.28400162 0.8827656 0.9741002 0.75172085 0.38183168 0.8900933 0.9838829 0.986827 0.914087 0.9039338 0.00086639647 0.9479958 3.5773297e-05 0.99994266 0.00091106223 0.8471243 2.1574171e-05 0.999814 0.09007303 0.16882496 0.98754483 0.027794642 0.18748079 0.7986327 0.8782037 0.9976914 0.14866424 0.97378474 0.6461194 0.1163351 0.5812652 0.9636166 0.10039627 0.7325811 0.9999097 0.23291425 0.87926114 0.9999666 0.4096784 0.31387812 0.85030097 0.9411108 0.3393762 0.03306669 0.027451267 0.16762054 0.8686951 0.2267915 0.748335 0.955012 0.604046 0.04173649 0.93697745 0.00010776885 0.0041843345 2.3470546e-05 0.006862515 0.037626497
0.7438632 2.2090708e-15 0.97515625 0.950185 0.80297107 0.7515345 0.25680846 0.2894812 0.10555097 0.33232552 0.39406753 0.068642035 0.57125145 0.032706928 0.011509583 0.21681607 0.23891433 0.012265214 0.12582852 0.06314898 0.001705081 0.00183714 0.11633009 0.13018036 0.6145985 0.0007269959 0.00014194238 6.8844645e-05 0.032172345 0.21041691 0.0031891386 0.007822434 0.0012374327 0.26397172 0.09008532 0.0006731238 0.001481126 0.047852706 0.045427512 0.0001263488 5.5763783e-05 1.7791437e-05 0.028051224 1.9902596e-05 1.6009919e-05 0.0006405571 0.0018416044 8.302558e-06 0.00017411655 0.0026298154 2.8797744e-05 0.00023027838 2.3878698e-05 0.00077685906 1.0049986e-05 6.650879e-05 0.01003007 9.550417e-06 3.5141263e-06 7.001479e-07 0.0031138659 0.00012643125 0.00010812607 5.9755956e-07 0.00011971661 1.5007817e-07 5.638158e-07 1.5654133e-07 3.7045582e-05 2.6923666e-07 2.6729233e-05 4.8333245e-08 3.5580957e-05 7.940332e-05 3.2713193e-05 6.5800043e-07 2.4978286e-07 0.00014914967 1.3988911e-06 4.434712e-06 4.2953874e-05 2.826042e-08 3.3638125e-07 2.529728e-08 3.0426122e-08 1.03219245e-05 1.3067232e-06 1.73404e-06 7.0056404e-07 6.672781e-08 2.7398374e-07 6.5002257e-07 6.453015e-06 1.4483653e-08 2.5662732e-05 3.0571083e-08 3.5359908e-06 2.2345455e-06 8.126499e-07 8.928355e-07 8.759762e-06
0.72325104 0.97515625 6.693735e-16 0.92419857 0.7466198 0.5981443 0.30996877 0.25959963 0.15899803 0.13727269 0.17335346 0.12879431 0.6562626 0.06296282 0.021608476 0.2554588 0.44296673 0.019874845 0.13047071 0.15784334 0.00424491 0.0007356998 0.24812561 0.18195054 0.42759207 0.00021868329 0.00058372604 2.332637e-05 0.017761093 0.10699137 0.0029496257 0.011110893 0.002796287 0.25337988 0.14594369 0.00048422895 0.00062899484 0.09233501 0.028185427 0.00020406378 5.57873e-05 2.0557574e-05 0.04014676 8.254568e-05 4.6289537e-05 0.0010907623 0.0006155318 1.6790447e-05 0.00016150583 0.002780449 3.7648955e-05 8.864874e-05 1.6727014e-05 0.0003764499 7.861888e-06 7.725771e-05 0.019460788 7.3160886e-06 9.455037e-06 7.111953e-07 0.0056117596 4.7857862e-05 6.391667e-05 4.0593495e-06 7.007926e-05 3.665056e-07 2.7742033e-06 1.00177374e-07 9.3175135e-05 4.145396e-07 0.00010531838 5.421881e-08 8.304716e-05 1.5287978e-05 6.288026e-05 7.9382113e-07 7.135154e-07 0.00019217812 2.7864135e-06 7.7585655e-06 3.2845517e-05 3.1441328e-08 5.8799685e-07 2.5250808e-08 1.1174671e-08 7.108181e-06 3.1304596e-06 9.974996e-07 3.8858954e-07 8.087475e-08 2.6389975e-07 3.421012e-06 1.700174e-05 8.014637e-09 4.9497703e-06 1.24409265e-08 1.2083808e-06 2.658135e-06 2.5540967e-07 1.1330208e-06 3.257023e-06
0.7801913 0.950185 0.92419857 1.6220955e-15 0.9269562 0.93869764 0.09506105 0.53377104 0.04995773 0.27961951 0.338074 0.021592239 0.7429169 0.011387887 0.0034874976 0.44974905 0.3288925 0.0023155909 0.2873655 0.06458784 0.0003524793 0.00861265 0.23107757 0.29345024 0.49567202 0.0039895005 4.1807427e-05 1.13354545e-05 0.056304947 0.14220844 0.011636374 0.023220507 0.00027512183 0.24775481 0.13512526 0.0013120853 0.002630485 0.08118197 0.033041157 9.114485e-05 0.00039045923 6.863843e-06 0.050639097 9.2641785e-06 1.867411e-05 0.0005109812 0.0013823754 2.3454625e-06 0.00047015736 0.0060899686 1.918669e-05 0.0005294236 7.373058e-05 0.00054482283 8.817867e-05 9.312108e-06 0.015369654 3.3845174e-06 4.44732e-06 2.1777993e-07 0.007769098 0.00019914967 0.00018972195 1.6334789e-06 0.00013988392 1.7557483e-07 3.7483653e-07 6.6965725e-08 5.7536552e-05 2.1055259e-07 0.00016614747 4.0855994e-08 6.536293e-05 7.013864e-05 0.00011200546 5.6075646e-07 1.6072846e-06 0.0001197398 3.518459e-06 3.4146399e-06 3.033522e-05 2.2755797e-08 7.813889e-07 6.06318e-08 2.914316e-08 1.4192891e-05 3.9244173e-06 1.4444201e-06 4.418124e-07 4.979043e-08 8.749333e-08 4.716798e-06 4.6825025e-06 5.328004e-09 1.17784675e-05 5.6195162e-08 3.8016194e-06 9.785678e-06 1.1302246e-06 6.619433e-06 3.4630218e-06
0.76842254 0.80297107 0.7466198 0.9269562 2.575934e-16 0.9574481 0.056932162 0.57460105 0.031233404 0.18513039 0.23623799 0.014635089 0.8054273 0.006681787 0.002011446 0.5390402 0.31724054 0.0013019089 0.34018296 0.042550173 0.00021906404 0.008588277 0.1708603 0.33885598 0.42129573 0.0033553 2.5842997e-05 3.727222e-06 0.035385672 0.077234775 0.012271801 0.037906077 0.0003464991 0.118085586 0.15474598 0.0020319214 0.0028003661 0.076966085 0.014667777 7.1118324e-05 0.00022905314 2.216746e-06 0.049567092 4.374348e-06 9.196424e-06 0.0005154335 0.001489857 1.6800739e-06 0.0003741528 0.0068068407 1.0882949e-05 0.00027206854 6.430264e-05 0.00034546613 3.528949e-05 9.2436685e-06 0.011765962 2.190872e-06 4.9007845e-06 1.8381527e-07 0.009182476 0.00013944636 7.8224635e-05 6.763163e-07 0.00010286053 1.1400415e-07 1.5824484e-07 2.4640435e-08 5.5876746e-05 9.5450176e-08 0.00017323656 1.5262229e-08 4.6025947e-05 1.9385992e-05 9.5093885e-05 2.8896116e-07 5.268101e-07 0.00013479344 2.3394487e-06 3.1199684e-06 5.983374e-05 2.3162164e-08 7.1934954e-07 8.624044e-08 2.5765996e-07 6.4750348e-06 1.5741646e-06 1.191903e-06 6.1255747e-07 4.4145455e-08 9.760457e-08 3.4322584e-05 1.6938864e-05 3.7532764e-09 2.8460838e-06 3.9866794e-07 1.1766449e-06 2.6081293e-06 4.0792207e-07 5.392051e-06 3.2206806e-06
0.80035824 0.7515345 0.5981443 0.93869764 0.9574481 1.2177935e-15 0.016683873 0.84633565 0.0067354995 0.4334683 0.46824062 0.0017576532 0.80277073 0.0010255191 0.00027075858 0.6595028 0.14436163 0.00027450937 0.4272138 0.01390393 4.0279803e-05 0.045576636 0.08318824 0.34077793 0.57492965 0.019588057 4.024208e-06 1.8564208e-06 0.10375596 0.13438158 0.020674706 0.044345997 3.8120295e-05 0.10241752 0.09859965 0.0044634286 0.0075002075 0.045160055 0.016829133 2.7391114e-05 0.0007506826 8.295975e-07 0.04659662 1.331702e-06 3.8955336e-06 0.0003168823 0.0049764467 4.8350836e-07 0.00040867637 0.008506405 1.0064622e-05 0.0007871653 0.00011088409 0.0003230355 9.573977e-05 2.733275e-06 0.0075817704 2.7275541e-06 8.164657e-07 9.4900315e-08 0.008130124 0.0004995877 0.00029888665 2.3172427e-07 0.00027773457 7.259154e-08 4.1000806e-08 8.766685e-09 2.1565798e-05 5.7960417e-08 0.00018309367 1.2265557e-08 1.2637513e-05 6.617858e-05 7.858414e-05 1.6757429e-07 1.0326252e-06 0.000118511714 5.5457217e-06 3.558382e-06 6.582302e-05 1.4272356e-08 1.2969772e-06 1.3042674e-07 5.810667e-07 1.4061011e-05 7.4501014e-07 1.9993158e-06 1.4365513e-06 5.6039536e-08 3.3497155e-08 4.532003e-05 1.0976634e-05 6.4418826e-09 1.4382738e-05 1.2119435e-06 4.121384e-06 6.7046685e-06 1.7558947e-06 3.1015695e-06 6.123247e-06
0.80513316 0.25680846 0.30996877 0.09506105 0.056932162 0.016683873 6.7132796e-14 0.00043193734 0.9650187 0.012061847 0.023344789 0.6637175 0.03319675 0.74989116 0.9149134 0.001597271 0.23748083 0.60762453 0.0013828559 0.33593112 0.55880797 1.1384814e-05 0.07757562 0.007513 0.20149659 1.783559e-05 0.102050155 0.05295745 0.00087957626 0.17286809 7.4567404e-05 0.00033231347 0.42767933 0.73871994 0.022358825 5.172172e-05 5.8004352e-05 0.015855363 0.14076391 0.0012511258 1.6042077e-05 0.0004895332 0.0107379425 0.0008183276 0.00012503301 0.0018382565 0.00014781929 7.892068e-05 3.9782255e-05 0.00048324862 0.00012661502 4.5752054e-06 6.533223e-06 0.0009909412 7.619963e-07 0.00012108912 0.020102432 0.00031878706 1.7359669e-05 3.2690564e-06 0.0017771308 8.282771e-06 2.8463053e-05 3.4328002e-06 5.630855e-05 9.760602e-07 2.921356e-06 8.8109323e-07 8.9222434e-05 1.3393184e-06 5.038708e-05 5.9107276e-07 0.00014068287 3.0683645e-05 8.341955e-06 4.572279e-06 5.563799e-07 0.00017549121 5.391486e-06 2.8954793e-05 2.2572736e-05 4.665739e-07 1.7612246e-06 7.534273e-08 5.3368552e-08 7.919761e-05 3.8895367e-05 4.142011e-06 4.519019e-06 1.5237745e-07 8.6720314e-07 1.2522776e-06 1.4486726e-05 1.593357e-08 0.00029239347 6.444242e-09 3.7044892e-06 1.2697226e-05 3.1237287e-06 1.3402083e-05 3.1116768e-05
0.8497143 0.2894812 0.25959963 0.53377104 0.57460105 0.84633565 0.00043193734 1.985334e-15 0.00024957917 0.82524866 0.8032677 9.276161e-05 0.5521342 7.3854586e-05 2.7359525e-05 0.80128884 0.0053748777 1.4290981e-05 0.5077815 0.0005030901 3.9658516e-06 0.94508415 0.009292254 0.2080429 0.7586483 0.8015371 1.6429667e-06 1.2559008e-07 0.6515863 0.2570523 0.24297363 0.17485532 4.662706e-07 0.016340142 0.030019853 0.05505652 0.3927535 0.019182783 0.0027961484 2.2897495e-06 0.06610341 1.1542931e-07 0.05001482 7.5093524e-08 6.0017703e-07 2.9725144e-05 0.22499827 7.098601e-08 0.0019325162 0.021789214 5.144523e-06 0.042830225 0.0002610379 0.00030789917 0.00077483355 1.8334301e-06 0.003731517 2.9519936e-07 1.4866733e-07 1.429248e-07 0.0057800952 0.040445752 0.016344942 2.6807408e-08 0.010711494 3.2119903e-08 3.6512112e-08 3.1158511e-09 1.3645713e-06 2.4643255e-08 0.00017947597 2.7598808e-09 2.5571484e-05 0.001121765 3.345899e-05 2.2179023e-08 5.2729692e-06 1.9245716e-05 1.6145537e-05 5.702888e-07 2.7967391e-05 1.6149632e-09 1.3766988e-06 2.4129776e-07 1.571392e-07 4.4998837e-05 6.652576e-08 3.3126093e-05 1.9830647e-06 8.517033e-09 1.3250219e-08 1.1307189e-05 6.3799615e-07 2.8367333e-09 4.397451e-05 1.8440204e-07 9.146285e-05 0.00013732386 5.890335e-05 1.2484469e-05 1.8522005e-05
0.87018657 0.10555097 0.15899803 0.04995773 0.031233404 0.0067354995 0.9650187 0.00024957917 1.5108054e-16 0.002024047 0.00444899 0.8739003 0.031616684 0.91369843 0.8328845 0.001346401 0.46644863 0.63845986 0.0010435807 0.6099788 0.38145283 5.567422e-06 0.23118769 0.010244541 0.06737133 1.3651096e-05 0.10029318 0.03682816 0.00043426524 0.037805382 5.1415336e-05 0.0005168644 0.24305451 0.48981422 0.07681703 3.0894083e-05 6.7985035e-05 0.051647086 0.0423658 0.0011314282 1.4337983e-05 0.00026914955 0.020130629 0.0006255462 0.00018336593 0.004635066 0.0001071328 8.559776e-05 6.237064e-05 0.001109229 6.878498e-05 5.964707e-06 2.7666547e-06 0.00013657041 3.3221936e-06 1.3420847e-05 0.054751586 0.000118001284 7.709737e-06 8.8841114e-07 0.0046182387 2.455786e-06 3.90379e-06 1.3100448e-06 5.3933986e-06 2.5575628e-07 9.2758603e-07 1.5023124e-07 6.689012e-05 4.2892637e-07 7.167269e-05 1.2620012e-07 1.1836053e-05 5.3691965e-06 9.405344e-05 3.0036867e-07 1.7573596e-07 0.00027195312 1.0688389e-06 5.0090052e-06 2.9929812e-05 1.1103243e-08 5.922233e-07 1.9145679e-08 2.605406e-07 9.555329e-06 1.4585087e-06 1.3250827e-06 3.3396378e-07 1.2943106e-08 1.341716e-07 3.97187e-06 5.2258615e-06 3.84931e-09 1.8181832e-05 3.5162264e-09 3.5873957e-06 1.1702455e-05 1.564844e-06 2.5669324e-06 4.9895766e-06
0.62851477 0.33232552 0.13727269 0.27961951 0.18513039 0.4334683 0.012061847 0.82524866 0.002024047 3.9307856e-15 0.993444 0.00044343507 0.19229819 0.00025152223 0.00035041216 0.17891179 0.00603582 0.00027191555 0.090596594 0.0012723124 7.102079e-05 0.08596804 0.006290834 0.022154488 0.65677613 0.20082793 3.0976112e-06 1.3223458e-06 0.6149245 0.39362308 0.007192491 0.0061953883 3.3618307e-05 0.011797169 0.00794612 0.0028516238 0.04689815 0.008776114 0.008299443 1.0666248e-05 0.0034827215 4.3225586e-07 0.0092133535 2.284861e-06 1.127818e-06 0.00014569268 0.009975358 5.207891e-06 0.00050210295 0.0015799189 1.0366045e-06 0.0016167533 0.00018467037 0.0017662583 0.00081694394 0.00012326865 0.0022972452 1.4498123e-06 9.649683e-07 8.2316757e-07 0.0017277905 0.00066893955 0.00075344025 7.222766e-07 0.00022492897 9.47426e-08 4.903302e-07 1.5366956e-07 1.0467807e-05 1.4086027e-07 7.054448e-05 1.6129906e-08 4.021712e-05 0.00031126727 2.7722423e-05 7.565204e-08 1.1156527e-06 2.2659548e-05 7.0070137e-06 2.2023476e-06 1.0859207e-05 5.7953753e-09 2.2796091e-06 6.463878e-07 2.4919382e-08 7.2598166e-05 1.4917114e-06 9.26895e-06 5.4585043e-06 4.970771e-07 2.7843456e-07 2.857038e-06 3.789441e-05 7.236787e-08 2.8224402e-05 4.8018583e-06 9.135204e-05 0.00014554172 4.597861e-05 1.3796272e-06 1.3951187e-05
0.63536114 0.39406753 0.17335346 0.338074 0.23623799 0.46824062 0.023344789 0.8032677 0.00444899 0.993444 2.1604687e-14 0.00088052964 0.19324566 0.00090184284 0.0007786232 0.16477862 0.007002736 0.00039989717 0.0846015 0.002312887 0.00012867883 0.05314379 0.008551219 0.02371354 0.73379004 0.101350494 1.101532e-05 1.2374591e-06 0.50482064 0.57658726 0.006362751 0.007401214 5.1566974e-05 0.013105348 0.0082950005 0.0014143594 0.030557645 0.010186647 0.009601116 6.3454627e-06 0.0013613935 5.934139e-07 0.009054464 1.570329e-06 1.1109186e-06 0.00021382642 0.008113185 3.1298596e-06 0.0002557664 0.0015056273 1.3909652e-06 0.0017652252 5.7908128e-05 0.0018484428 0.0004924973 0.00020030298 0.0033372948 3.5925243e-06 5.986016e-07 4.6257564e-06 0.0014676425 0.0008241679 0.00069658516 7.817198e-07 0.00023929981 6.24475e-08 2.4148193e-07 1.9212304e-07 8.870875e-06 5.871392e-08 2.6997513e-05 6.8138277e-09 8.889235e-06 0.00029920865 1.3275348e-05 2.651562e-08 1.1855365e-06 5.7349636e-05 1.0912235e-05 4.8721763e-06 2.651111e-05 4.018637e-09 1.4009457e-06 6.9620154e-07 3.9239e-08 4.135659e-05 4.9537823e-07 2.3127943e-05 2.6056407e-06 3.6920474e-07 8.690925e-07 6.1069915e-07 6.268758e-05 7.9431295e-08 7.220741e-05 4.0565474e-06 8.920806e-05 0.00016669185 3.334918e-05 1.1986799e-06 1.83639e-05
0.9331018 0.068642035 0.12879431 0.021592239 0.014635089 0.0017576532 0.6637175 9.276161e-05 0.8739003 0.00044343507 0.00088052964 2.9087593e-14 0.021042138 0.9222318 0.50352263 0.00028818307 0.6807009 0.71018904 0.00019699946 0.9092201 0.4289747 3.112803e-06 0.3377166 0.0040827417 0.014363734 3.9850506e-06 0.13628791 0.091713004 0.00026144026 0.013830288 4.7781516e-05 0.00034707898 0.20672077 0.31984553 0.18590012 1.9887913e-05 1.6780332e-05 0.09667135 0.019494476 0.0025503181 1.4182709e-06 0.0008143936 0.022417122 0.0006616678 0.00029209803 0.020967765 6.756846e-05 0.00017877149 3.1455504e-05 0.0020646993 7.280699e-05 1.8366064e-06 5.036356e-06 0.00037005273 3.6845378e-07 3.130082e-05 0.23818226 0.0001484495 9.724069e-05 1.9959077e-06 0.013411023 1.835659e-06 4.928273e-06 4.791748e-06 1.8355779e-05 2.4882647e-06 3.7953087e-06 7.329284e-07 0.00013609379 3.186855e-06 0.00015109645 2.5810202e-06 0.000102752 3.277885e-06 0.00021249976 2.915008e-06 1.0731935e-07 0.0014320826 3.2288008e-07 1.143454e-05 0.0006104692 5.0600886e-07 1.2420277e-06 3.3299422e-08 3.141443e-05 6.597337e-06 7.2168064e-06 1.3309581e-06 1.8067897e-06 5.8319125e-07 2.2859333e-06 0.00013724231 0.00013593618 6.036363e-08 2.3865585e-05 5.808849e-07 5.072617e-07 3.843883e-06 3.0005174e-07 6.402062e-05 1.567777e-05
0.93353444 0.57125145 0.6562626 0.7429169 0.8054273 0.80277073 0.03319675 0.5521342 0.031616684 0.19229819 0.19324566 0.021042138 4.695209e-16 0.009774141 0.003033684 0.880931 0.25079817 0.0016243432 0.77346146 0.026110476 0.0006777514 0.1267648 0.36375242 0.9156343 0.3571825 0.012170724 0.00022540418 2.8491297e-05 0.08145411 0.052374505 0.031794302 0.20545055 5.1723153e-05 0.04220043 0.3823555 0.006258854 0.010037224 0.21856791 0.0028964116 4.4310236e-05 0.00033135933 6.18647e-06 0.19922225 4.8761674e-05 4.5331006e-05 0.00043792668 0.003917655 8.74553e-06 0.0007906827 0.03189512 3.128742e-05 0.0010107991 2.7251559e-05 4.739178e-05 8.5352236e-05 1.1958161e-06 0.034121905 3.8533764e-07 1.402291e-05 1.297418e-07 0.02117727 0.00021813798 0.0002086231 2.741697e-06 7.346696e-05 5.2330745e-07 2.1707276e-06 1.640192e-07 5.8829024e-05 4.6833836e-07 0.0005343079 1.0446705e-07 6.569023e-06 6.402288e-05 0.00057282514 9.074017e-07 5.3172002e-06 0.00046105488 7.108689e-06 8.033604e-06 0.00032960542 1.6098003e-08 2.2138388e-06 7.134395e-08 5.1689178e-05 1.1957792e-05 5.207158e-07 4.245857e-06 8.780592e-07 7.9501774e-08 5.483175e-07 0.00011055781 1.2838312e-05 3.1752055e-08 7.3777746e-06 2.4248072e-07 2.680726e-06 1.4193757e-05 1.3388982e-06 2.7295812e-06 7.62699e-06
0.9155521 0.032706928 0.06296282 0.011387887 0.006681787 0.0010255191 0.74989116 7.3854586e-05 0.91369843 0.00025152223 0.00090184284 0.9222318 0.009774141 3.0176917e-15 0.82216334 0.00027161435 0.47689667 0.9315769 0.00026973 0.75173056 0.61752886 3.116055e-06 0.22355618 0.0030242917 0.014073045 1.0054635e-05 0.2725461 0.12153968 0.00015643248 0.019212464 3.6257858e-05 0.00032710776 0.43769935 0.44843578 0.11589704 2.2564858e-05 2.023521e-05 0.065918185 0.03187502 0.008089933 4.7710146e-06 0.0038597414 0.022530023 0.003139495 0.0010898794 0.031516768 2.2445058e-05 0.00058905606 3.8353202e-05 0.0012528952 0.0001423078 1.417054e-06 1.3986576e-06 0.00016901083 7.5688234e-07 2.6939259e-05 0.18356054 0.00022288418 0.00016902614 2.5159707e-06 0.009274521 7.387057e-07 2.3528669e-06 2.4146604e-05 3.097886e-06 9.076704e-06 2.3732246e-05 3.0532335e-06 0.00045270676 3.606695e-06 4.5340697e-05 3.613698e-06 4.5703673e-05 2.511263e-06 0.0001567135 2.204039e-06 1.5379021e-07 0.0017925173 4.2999082e-07 1.9827537e-05 0.00035283496 2.8868106e-07 3.4261265e-07 1.0036839e-08 4.8144316e-06 2.9899982e-06 5.1736693e-06 4.6704895e-07 3.1085682e-07 2.457216e-07 2.4839924e-06 7.386888e-05 0.00016984993 1.8929269e-08 6.126139e-06 1.5758364e-08 9.5066594e-07 4.8349384e-06 4.7463422e-07 9.846085e-06 4.5264246e-06
0.80620617 0.011509583 0.021608476 0.0034874976 0.002011446 0.00027075858 0.9149134 2.7359525e-05 0.8328845 0.00035041216 0.0007786232 0.50352263 0.003033684 0.82216334 1.3433494e-15 9.603542e-05 0.12864955 0.9193342 9.342712e-05 0.33908707 0.95520365 1.9779256e-06 0.0458143 0.0013575346 0.013962848 5.4731468e-06 0.4497286 0.14868848 0.0002809385 0.028383043 2.3821925e-05 0.00011290761 0.5662858 0.57138157 0.019658813 2.5563191e-05 4.4392757e-05 0.01664012 0.04311591 0.009097053 2.6808896e-06 0.0050007007 0.010964944 0.0041709146 0.0013135853 0.01110504 3.789217e-05 0.00069902174 3.386017e-05 0.00047971873 0.00039199233 3.332106e-06 7.396736e-07 0.0001337705 1.9982855e-07 3.314812e-05 0.05362877 0.00052924466 0.00012662647 3.003923e-06 0.002374257 3.4438374e-06 1.2622504e-05 2.8713881e-05 1.917778e-05 6.843789e-06 2.4198773e-05 4.6854548e-06 0.00033269462 4.747902e-06 1.532852e-05 3.9394536e-06 7.164481e-05 2.527846e-05 6.1543666e-05 5.4261745e-06 5.6385875e-07 0.0005465701 4.770746e-06 7.451928e-05 4.6412246e-05 3.2899376e-07 6.013274e-07 5.2203315e-08 4.9766122e-08 2.3207196e-05 2.8627917e-05 5.9702725e-06 9.998445e-07 3.7395176e-07 2.9064004e-06 1.8055065e-06 5.7189554e-05 1.0977828e-07 9.33882e-05 5.1720925e-09 2.0974883e-06 1.28488455e-05 1.7885861e-06 2.4699926e-05 1.9123283e-05
0.8773599 0.21681607 0.2554588 0.44974905 0.5390402 0.6595028 0.001597271 0.80128884 0.001346401 0.17891179 0.16477862 0.00028818307 0.880931 0.00027161435 9.603542e-05 2.1486968e-16 0.013955453 5.342888e-05 0.94891125 0.0015354592 1.6399463e-05 0.612419 0.040993143 0.754384 0.2938786 0.10851722 3.08242e-06 7.0275286e-07 0.17994952 0.019351711 0.30496007 0.4609637 1.1811004e-06 0.008465274 0.142927 0.042318393 0.0667607 0.09574739 0.0004469034 3.9888305e-06 0.0057813996 2.1169197e-07 0.16451378 1.023678e-06 2.6417865e-06 6.948676e-05 0.019210791 2.3329264e-07 0.0027688497 0.053852797 8.314546e-06 0.010841489 0.0002272416 3.4927947e-05 0.00048093923 6.034587e-07 0.0127812205 1.5971915e-07 5.0573726e-07 9.643543e-08 0.019693097 0.0038087866 0.0008611446 6.46245e-08 0.0003784542 1.3121403e-08 3.5990773e-08 7.35362e-09 1.8252202e-06 1.0492888e-08 0.0004782451 3.0428777e-09 6.341951e-07 0.00031018772 0.00032731466 3.027024e-08 2.0415438e-05 0.00014318054 1.7731507e-05 2.5546254e-07 0.0002745981 1.1808339e-09 2.4619485e-06 1.0270119e-07 1.4675059e-05 9.749061e-06 5.7792512e-08 4.4954977e-06 1.1525184e-06 2.0306077e-09 1.0159625e-08 6.3860556e-05 4.762534e-07 4.851682e-10 5.1286365e-06 6.0843075e-07 1.0263432e-05 4.9889586e-06 5.0376434e-06 4.4982875e-07 4.848727e-06
0.92143285 0.23891433 0.44296673 0.3288925 0.31724054 0.14436163 0.23748083 0.0053748777 0.46644863 0.00603582 0.007002736 0.6807009 0.25079817 0.47689667 0.12864955 0.013955453 3.242982e-14 0.25660124 0.0127842 0.9408573 0.05685646 0.00086045795 0.9389045 0.08011333 0.04177153 0.00017409265 0.022501672 0.01075153 0.0016699751 0.010118523 0.0006652693 0.003986978 0.0033599942 0.06286048 0.336221 0.00019869533 0.000583706 0.13335982 0.0023496808 0.0006674806 4.5695433e-05 0.00032962742 0.075297564 0.0009484424 0.0003881655 0.0034080879 0.0003596645 0.00019543005 8.273467e-05 0.0073130443 0.00015390533 7.120064e-05 4.684557e-06 4.713477e-05 1.3468326e-05 5.0289555e-06 0.10318369 4.0888044e-06 8.542342e-05 5.0873297e-07 0.023198059 2.6127038e-05 5.0488812e-05 6.0676026e-05 0.0001688795 3.6101158e-06 4.1457402e-05 5.416165e-06 0.00016847429 2.2373047e-06 0.0004481466 2.6952684e-06 9.03291e-05 3.3866407e-05 0.0005061843 3.0749713e-06 3.9540996e-06 0.0015205448 5.227182e-06 8.323936e-05 0.00071456 5.0392504e-07 1.5391367e-06 6.0145993e-07 0.00013007628 2.5040585e-05 1.6823956e-06 4.709206e-06 1.5648693e-06 6.0711795e-07 2.2037532e-06 0.000115327275 9.279107e-05 6.051811e-08 6.592208e-05 1.9563163e-06 1.306433e-06 6.3172893e-06 1.3128163e-06 1.2666663e-05 8.583065e-05
0.916656 0.012265214 0.019874845 0.0023155909 0.0013019089 0.00027450937 0.60762453 1.4290981e-05 0.63845986 0.00027191555 0.00039989717 0.71018904 0.0016243432 0.9315769 0.9193342 5.342888e-05 0.25660124 2.9533246e-15 6.5119595e-05 0.5841195 0.90101916 1.5542973e-06 0.07128318 0.00081779284 0.0066498267 2.8799348e-06 0.67170835 0.46937305 0.0003055092 0.017626412 9.4548195e-06 6.5409695e-05 0.6319614 0.46657735 0.05987042 8.898726e-06 1.3174311e-05 0.03133269 0.026073039 0.037858915 4.4429348e-07 0.04184533 0.011446744 0.02218943 0.004469978 0.10017137 1.944061e-05 0.005314696 1.1546157e-05 0.00043940282 0.000527132 4.9553125e-07 1.9737264e-07 0.0003826911 1.6077209e-07 2.8494014e-05 0.24168618 0.0003374314 0.0006940011 9.0928625e-06 0.005698972 9.2085565e-07 3.0496192e-06 0.000109494475 1.1794519e-05 5.5951507e-05 7.522531e-05 1.5496034e-05 0.0005486188 1.1050483e-05 1.7226119e-05 5.575764e-06 0.00041998646 4.2475012e-06 7.3312345e-05 7.999002e-06 1.6573354e-07 0.0025165242 3.838441e-07 7.102851e-05 0.00048105489 1.9582724e-06 3.845234e-07 2.6512131e-08 4.149654e-06 6.4930978e-06 1.5701607e-05 1.7716504e-06 3.1568916e-07 2.0798916e-06 6.7368765e-06 7.542581e-05 0.00023591469 1.5952703e-07 2.793109e-05 1.2717092e-08 7.578299e-07 5.0145973e-06 7.499523e-07 2.8625132e-05 1.2790236e-05
0.9102328 0.12582852 0.13047071 0.2873655 0.34018296 0.4272138 0.0013828559 0.5077815 0.0010435807 0.090596594 0.0846015 0.00019699946 0.77346146 0.00026973 9.342712e-05 0.94891125 0.0127842 6.5119595e-05 1.4033242e-16 0.001803242 3.8486094e-05 0.4290795 0.050631914 0.87835383 0.1893227 0.0788121 1.3789071e-05 1.4952664e-06 0.092448056 0.013213678 0.40565452 0.65337384 1.474024e-05 0.009536066 0.22201556 0.058141 0.05662648 0.15370393 0.00025553288 6.377519e-06 0.004770018 6.654686e-07 0.27934492 4.6381956e-06 6.365027e-06 8.111355e-05 0.018005209 1.0116062e-06 0.005033524 0.1283339 8.930232e-06 0.009415759 0.0006385069 4.7966612e-05 0.00078193116 5.3619656e-06 0.020744039 3.3891249e-07 3.7310058e-06 4.972478e-07 0.043124966 0.002043111 0.0007710491 2.4526554e-07 0.00031561317 2.6911522e-07 3.1633803e-07 2.8128348e-08 5.209222e-06 1.480383e-07 0.0019221689 6.316084e-08 5.5538303e-06 0.0004810432 0.0006266493 5.598198e-07 4.8598675e-05 0.0002441858 3.530063e-05 4.9919447e-07 0.00054388837 4.6359157e-09 1.886818e-05 8.584898e-07 0.00020292946 5.3464708e-05 2.8331e-07 1.5256125e-05 4.5415495e-06 1.8824782e-08 7.709575e-08 0.00032362106 6.0496586e-06 4.0583754e-09 2.8040033e-05 1.5346146e-05 5.6200206e-06 1.3334794e-05 4.91688e-06 8.274023e-06 9.270356e-06
0.95375425 0.06314898 0.15784334 0.06458784 0.042550173 0.01390393 0.33593112 0.0005030901 0.6099788 0.0012723124 0.002312887 0.9092201 0.026110476 0.75173056 0.33908707 0.0015354592 0.9408573 0.5841195 0.001803242 1.1010653e-13 0.26572734 5.18802e-05 0.47340354 0.0083461255 0.0081368415 2.332911e-05 0.13407406 0.10924395 0.00088850525 0.005845962 3.4808338e-05 0.00040317985 0.021889698 0.077187315 0.2411166 1.6484797e-05 8.4230276e-05 0.13191289 0.0039549726 0.0037226237 2.781003e-06 0.0033197613 0.044040963 0.0045423037 0.0015121127 0.04542018 8.9652145e-05 0.00090413913 1.105394e-05 0.0011530698 0.00041603192 6.4168207e-06 1.0591132e-06 9.051355e-05 1.4837563e-06 1.9468402e-05 0.40087527 2.2453747e-05 0.00067347474 9.3838855e-07 0.030315546 6.752359e-06 1.013479e-05 0.00017021719 9.831518e-05 3.491096e-05 0.00011176676 1.5490421e-05 0.00038828526 6.575309e-06 0.00025088715 1.1109625e-05 0.0002682414 2.583144e-05 0.0006296613 4.8410657e-06 1.6110014e-06 0.004114198 1.6688095e-06 0.00010838841 0.0014663917 3.2228404e-06 1.1462147e-06 1.5482932e-07 0.0001719132 2.216151e-05 1.4685558e-05 2.2776492e-06 9.260542e-07 7.3661804e-06 1.9102996e-05 0.00032350136 0.00028683327 2.7874063e-07 0.00013983775 9.881194e-07 1.6952761e-07 2.734704e-06 1.3370614e-07 0.000130876 2.8017203e-05
0.8243638 0.001705081 0.00424491 0.0003524793 0.00021906404 4.0279803e-05 0.55880797 3.9658516e-06 0.38145283 7.102079e-05 0.00012867883 0.4289747 0.0006777514 0.61752886 0.95520365 1.6399463e-05 0.05685646 0.90101916 3.8486094e-05 0.26572734 5.20778e-16 3.7893574e-07 0.015373364 0.0006747064 0.0014130063 5.90001e-07 0.90385115 0.50708526 7.138203e-05 0.012702611 3.8711946e-06 2.880785e-05 0.7630728 0.512859 0.015736101 4.584784e-06 3.6784902e-06 0.011410919 0.022021579 0.063119635 1.6781418e-07 0.06757403 0.0049693547 0.02362794 0.0050216448 0.02920093 3.6684814e-06 0.004079982 2.2620288e-06 0.00014515346 0.00074052904 2.6360922e-07 8.0585416e-08 6.106077e-05 2.2413728e-08 2.132199e-05 0.09145378 0.0006940643 0.00059863366 4.040031e-06 0.0017929038 5.4098024e-07 2.6685716e-06 0.000106626016 5.9562085e-06 4.052776e-05 6.256001e-05 1.3700853e-05 0.0005166912 7.692309e-06 6.2272184e-06 5.8988207e-06 0.00021259037 3.903257e-06 1.784452e-05 8.251888e-06 1.9072775e-07 0.001081364 1.5764797e-06 0.00015442197 6.732911e-05 2.4465105e-06 3.2403594e-07 1.7642169e-08 3.533392e-08 4.535702e-06 7.261284e-05 1.1902356e-06 4.454912e-07 1.0612466e-06 1.0160164e-05 4.3603613e-06 0.0001838357 1.6220821e-07 2.4836572e-05 2.0820596e-09 9.1509696e-07 3.4064758e-06 6.2318554e-07 1.2472783e-05 7.448634e-06
0.80441326 0.00183714 0.0007356998 0.00861265 0.008588277 0.045576636 1.1384814e-05 0.94508415 5.567422e-06 0.08596804 0.05314379 3.112803e-06 0.1267648 3.116055e-06 1.9779256e-06 0.612419 0.00086045795 1.5542973e-06 0.4290795 5.18802e-05 3.7893574e-07 1.510361e-17 0.0016906 0.10938226 0.1229464 0.9773158 9.7978536e-08 1.6792583e-08 0.17773001 0.00773001 0.7335771 0.46963936 1.9512946e-08 0.0010276533 0.010963381 0.3552088 0.18416794 0.011433053 2.127588e-05 3.1700876e-07 0.55787385 1.5212619e-08 0.04051697 4.615e-08 1.3066041e-07 7.54285e-06 0.13687454 2.3372742e-08 0.027504116 0.06815872 3.8636722e-07 0.101173654 0.0020569516 7.3449264e-06 0.021192597 1.0193914e-06 0.0022547492 2.9400053e-07 2.6654e-08 2.0660982e-08 0.013805757 0.04013389 0.014553188 1.4226939e-08 0.011095586 1.2432623e-08 1.8858024e-08 1.4381214e-09 3.8852247e-07 1.1675182e-08 0.0005931726 1.4910521e-09 3.3089668e-06 0.007242435 0.00023152494 1.4825849e-08 9.9963756e-05 2.022865e-05 0.00013255859 4.7352856e-08 7.33697e-05 2.411842e-10 3.1624302e-05 1.922696e-06 6.820524e-07 0.00013123507 1.897992e-08 7.008628e-05 1.2414989e-05 1.112066e-09 4.1227572e-09 4.350059e-05 6.055376e-07 4.4634366e-10 9.091592e-05 5.807578e-06 0.00013289286 0.00011807727 2.5068684e-05 8.023634e-08 5.2642918e-06
0.98574215 0.11633009 0.24812561 0.23107757 0.1708603 0.08318824 0.07757562 0.009292254 0.23118769 0.006290834 0.008551219 0.3377166 0.36375242 0.22355618 0.0458143 0.040993143 0.9389045 0.07128318 0.050631914 0.47340354 0.015373364 0.0016906 2.0845031e-13 0.27292538 0.04466375 0.00034229408 0.008536475 0.0026987216 0.0016838667 0.007350862 0.0022481938 0.010461586 0.0021101055 0.042228963 0.8148477 0.00068404357 0.0007341341 0.5155321 0.0016015485 0.0006963301 5.5153185e-05 0.0002619104 0.2639469 0.00092051417 0.00049558806 0.005467677 0.0006270038 0.00012097864 0.00023235577 0.016646167 0.00015277638 7.892452e-05 2.1519141e-05 7.0020535e-05 3.7614613e-05 7.961953e-06 0.41012403 2.037771e-06 6.896812e-05 5.1161624e-07 0.0994313 6.955333e-05 5.1226067e-05 5.3092073e-05 0.0003528893 6.972265e-06 5.0574832e-05 6.5591444e-06 0.00021999778 6.6292755e-06 0.0012632398 5.7342495e-06 0.000792228 0.00010581107 0.0019630725 2.7752923e-05 5.2254477e-06 0.0019996108 1.3623331e-05 2.638897e-05 0.0016889046 1.2612979e-06 3.6074862e-06 3.0054431e-07 0.0005072017 5.1308354e-05 8.465519e-06 1.5332862e-05 1.3002677e-06 5.204447e-07 3.6208737e-06 0.00041507484 0.0001492339 3.2047634e-08 0.0004141832 1.8243458e-05 1.7183729e-06 1.8349301e-05 1.9916013e-06 0.00030324043 2.792768e-05
0.96287245 0.13018036 0.18195054 0.29345024 0.33885598 0.34077793 0.007513 0.2080429 0.010244541 0.022154488 0.02371354 0.0040827417 0.9156343 0.0030242917 0.0013575346 0.754384 0.08011333 0.00081779284 0.87835383 0.0083461255 0.0006747064 0.10938226 0.27292538 2.6292789e-14 0.083905265 0.007430018 0.00021037509 5.6038873e-05 0.019380203 0.008146244 0.116338335 0.5967461 8.603668e-05 0.0088887615 0.8107437 0.0125009045 0.0068386127 0.57498 0.00040106967 6.826798e-05 0.0007893796 6.14078e-06 0.72726256 5.2102183e-05 5.077631e-05 0.0002654654 0.003344073 1.1461364e-05 0.002076603 0.15848638 3.323225e-05 0.001060317 0.00014897311 8.4760264e-05 0.00021833446 2.2292922e-06 0.081480995 3.8840207e-07 2.3457633e-05 8.7498e-08 0.0692778 0.00024605828 0.00027235463 2.1931696e-06 0.00017993046 1.0619948e-06 2.4487047e-06 3.685919e-07 4.242467e-05 6.984733e-07 0.0023362974 2.9407963e-07 6.7230234e-05 0.00016330817 0.0018447137 2.9912676e-06 2.4810366e-05 0.0007385564 4.8874335e-05 3.833742e-06 0.0011696364 1.0488831e-07 1.2691416e-05 7.16377e-07 0.00045325691 8.567372e-05 1.111969e-06 4.552534e-06 8.214803e-06 3.6737555e-07 8.75382e-07 0.0006249934 5.2007563e-05 2.936837e-08 7.697736e-05 4.1991032e-05 1.2325148e-06 1.047232e-05 1.5445893e-06 6.1672836e-06 1.5647627e-05
0.761502 0.6145985 0.42759207 0.49567202 0.42129573 0.57492965 0.20149659 0.7586483 0.06737133 0.65677613 0.73379004 0.014363734 0.3571825 0.014073045 0.013962848 0.2938786 0.04177153 0.0066498267 0.1893227 0.0081368415 0.0014130063 0.1229464 0.04466375 0.083905265 3.5394163e-15 0.06275202 0.00017663499 2.6116151e-05 0.7548436 0.9910657 0.007188004 0.01038606 0.00015779825 0.013256301 0.012306956 0.0013210104 0.052458324 0.024906212 0.034190096 1.6684588e-05 0.0009758446 4.6033515e-06 0.015137627 1.7379183e-05 6.838303e-06 0.00031982452 0.021797698 1.7134776e-05 0.00030546405 0.0019288576 3.6448275e-06 0.0055063157 1.6267093e-05 0.0049558687 0.00044809963 0.0001310361 0.0026240158 3.1495694e-07 3.3124226e-07 8.628792e-06 0.0019894922 0.002444688 0.0018231258 8.1740205e-07 0.00065366423 1.2827865e-06 8.420734e-06 4.2645643e-06 2.730421e-05 9.652408e-07 0.000101428785 6.865453e-08 0.00024779356 0.0002590317 0.0001318846 2.725e-07 3.2172177e-06 0.0009747294 2.5514225e-06 8.906095e-06 0.00020198396 1.0227724e-06 3.9728548e-06 1.0027823e-05 8.049578e-06 5.0474897e-05 1.0344279e-06 1.3954128e-05 9.187772e-06 4.9222297e-07 6.897554e-07 4.8987775e-05 0.000795883 1.1604433e-07 0.00041083104 1.4734364e-05 7.840485e-05 0.00017989101 0.00010920092 8.150804e-06 6.834994e-05
0.64826113 0.0007269959 0.00021868329 0.0039895005 0.0033553 0.019588057 1.783559e-05 0.8015371 1.3651096e-05 0.20082793 0.101350494 3.9850506e-06 0.012170724 1.0054635e-05 5.4731468e-06 0.10851722 0.00017409265 2.8799348e-06 0.0788121 2.332911e-05 5.90001e-07 0.9773158 0.00034229408 0.007430018 0.06275202 1.151862e-16 1.3557295e-07 1.4934551e-08 0.45792866 0.014497025 0.3269634 0.09259936 8.54683e-09 5.81873e-05 0.0035184256 0.14661953 0.62977266 0.0028878986 6.9627495e-06 2.1350802e-07 0.8884616 1.7532475e-08 0.014193495 1.8811178e-08 5.1534446e-08 4.407424e-06 0.5585683 3.3107533e-08 0.010881535 0.037316613 4.0577063e-07 0.57285815 0.002741882 9.907593e-06 0.15372063 4.9970818e-06 0.001057192 1.1858925e-08 1.7278413e-08 5.9941534e-08 0.00858661 0.18925792 0.12138723 1.606111e-08 0.075989656 1.9565084e-08 6.1026006e-09 7.704143e-10 2.7521273e-07 7.0977446e-09 0.00026615086 6.8580386e-10 6.689705e-06 0.041068174 0.00013753501 6.3212506e-09 0.00023757346 6.303285e-06 0.00046222153 2.0383611e-07 3.7386122e-05 5.306379e-10 5.5154283e-05 1.4210606e-05 3.2948168e-07 0.00017686727 1.0735022e-08 0.0014644596 3.836619e-05 3.813611e-09 9.736019e-09 1.4254435e-05 3.3955888e-07 3.2782084e-09 0.0003713486 1.865898e-05 0.00015360092 0.00048547485 3.207869e-05 8.088983e-07 2.4521338e-05
0.8389247 0.00014194238 0.00058372604 4.1807427e-05 2.5842997e-05 4.024208e-06 0.102050155 1.6429667e-06 0.10029318 3.0976112e-06 1.101532e-05 0.13628791 0.00022540418 0.2725461 0.4497286 3.08242e-06 0.022501672 0.67170835 1.3789071e-05 0.13407406 0.90385115 9.7978536e-08 0.008536475 0.00021037509 0.00017663499 1.3557295e-07 5.2129694e-15 0.9820101 2.726275e-06 0.0021652065 5.9355875e-07 1.8737976e-05 0.83073115 0.2754225 0.017316572 5.1689614e-07 2.0084612e-07 0.017989753 0.011071909 0.23707066 2.6581246e-08 0.38606983 0.009272226 0.1724385 0.05675069 0.13650405 3.6568093e-07 0.061597757 3.6794145e-07 0.0001263142 0.0047384957 6.778547e-08 8.8379375e-09 1.29712e-05 2.632157e-08 6.7008655e-06 0.14885461 0.0011056989 0.0024400398 5.40451e-06 0.0017331566 1.16820374e-07 1.9427839e-07 0.00019524581 7.114701e-07 0.000315755 0.00021829491 8.325461e-05 0.0007681585 3.182019e-05 2.4711835e-06 2.8006387e-05 0.00048418395 1.7136908e-06 1.152541e-05 2.6373561e-06 6.56487e-08 0.0017657967 6.41193e-07 9.9391495e-05 0.00010550819 9.818783e-07 8.4087766e-08 5.49987e-09 1.5200922e-07 1.9782178e-06 1.6841877e-05 6.80364e-07 1.0793829e-07 4.5194216e-07 1.0122784e-05 3.492117e-06 0.00015053395 5.2183506e-08 1.4458267e-05 1.2682134e-09 1.4879279e-06 5.2867513e-06 6.1601736e-07 6.0630355e-06 2.1812632e-06
0.9342159 6.8844645e-05 2.332637e-05 1.13354545e-05 3.727222e-06 1.8564208e-06 0.05295745 1.2559008e-07 0.03682816 1.3223458e-06 1.2374591e-06 0.091713004 2.8491297e-05 0.12153968 0.14868848 7.0275286e-07 0.01075153 0.46937305 1.4952664e-06 0.10924395 0.50708526 1.6792583e-08 0.0026987216 5.6038873e-05 2.6116151e-05 1.4934551e-08 0.9820101 2.9361123e-17 3.6730885e-06 0.00040687525 2.7464614e-07 2.4178394e-06 0.6756309 0.05518662 0.013887139 1.8134848e-07 6.739087e-08 0.009129592 0.0012975241 0.6211209 5.170209e-09 0.7109461 0.0041854964 0.27339762 0.22735626 0.51172554 1.2711037e-07 0.063948765 1.4858526e-07 8.0446785e-05 0.035253093 4.187929e-09 5.8453313e-09 5.250602e-05 1.4132326e-09 1.2438964e-05 0.4399365 0.00019359084 0.005351287 2.6468454e-06 0.003947073 3.9836028e-08 5.1318263e-08 0.00021268973 1.2253364e-06 0.00092585257 0.0001770703 1.8675713e-05 0.0019136593 3.7256745e-05 5.4042466e-06 1.3814726e-05 0.003213361 1.5956036e-07 3.4867113e-05 1.1991447e-05 9.550221e-09 0.005103551 1.4686587e-08 2.6409489e-05 0.00055854133 1.3286563e-06 1.9888242e-08 1.0923656e-09 2.323922e-07 1.6521743e-06 4.115361e-05 6.577077e-08 1.09588946e-07 1.7717356e-07 4.136343e-06 2.8866481e-05 0.00026609984 1.6503538e-08 3.2572775e-06 8.234689e-09 1.6443832e-07 8.384414e-07 3.0827728e-08 3.0805764e-05 3.5494043e-06
0.5615308 0.032172345 0.017761093 0.056304947 0.035385672 0.10375596 0.00087957626 0.6515863 0.00043426524 0.6149245 0.50482064 0.00026144026 0.08145411 0.00015643248 0.0002809385 0.17994952 0.0016699751 0.0003055092 0.092448056 0.00088850525 7.138203e-05 0.17773001 0.0016838667 0.019380203 0.7548436 0.45792866 2.726275e-06 3.6730885e-06 2.0695935e-15 0.54629725 0.051622443 0.020021481 1.6935133e-05 0.0018765472 0.001008366 0.008226956 0.9852831 0.0025404543 0.0042424593 5.003009e-06 0.037240814 1.8920498e-06 0.0073320884 1.6596653e-07 3.3797807e-07 4.318718e-05 0.5167596 1.1812479e-06 0.0008098848 0.0027831763 5.6473295e-06 0.12637176 0.00019552755 0.010673386 0.004386241 5.42253e-05 0.000832843 2.9666223e-06 1.8645736e-06 5.328523e-07 0.0008409375 0.018693464 0.007887543 1.7737063e-06 0.00719447 1.0278571e-06 2.2876345e-06 9.807983e-07 5.2914065e-06 1.4664475e-06 8.221202e-05 2.909201e-08 0.00015246475 0.006488041 6.741305e-06 7.723137e-06 1.5620983e-05 3.9176208e-05 9.736076e-05 7.2123617e-06 1.5272313e-05 4.3863615e-08 2.145975e-05 5.5684945e-06 1.6914213e-07 0.00024413667 1.9732438e-06 0.00020524282 2.6521071e-05 5.648124e-07 6.942099e-07 1.5192699e-06 1.4028235e-05 5.2160917e-08 0.0008526486 8.080776e-06 0.0006242166 0.001376436 0.0005364613 0.00015175107 0.00012369272
0.23290607 0.21041691 0.10699137 0.14220844 0.077234775 0.13438158 0.17286809 0.2570523 0.037805382 0.39362308 0.57658726 0.013830288 0.052374505 0.019212464 0.028383043 0.019351711 0.010118523 0.017626412 0.013213678 0.005845962 0.012702611 0.00773001 0.007350862 0.008146244 0.9910657 0.014497025 0.0021652065 0.00040687525 0.54629725 2.003656e-14 0.0003704321 0.00036236751 0.0077578146 0.69256747 0.0007639941 0.0007819036 0.0110524185 0.00095073314 0.720423 1.0680977e-05 0.0006556633 5.3801316e-05 0.00069236266 0.0002914675 2.3068598e-05 0.00013474717 0.010232717 0.0001590248 3.677731e-05 0.00011638009 3.7750273e-05 0.0032058812 1.6161035e-05 0.6167102 0.000117657095 0.001020647 0.0015759665 6.2263925e-06 4.074802e-06 0.00010134573 0.0002070426 0.002817094 0.0024030504 8.191798e-07 0.0011906591 1.3308305e-05 1.1432904e-05 1.1030605e-05 9.48853e-06 5.895736e-05 5.752341e-06 3.465739e-07 0.00059726957 0.00095298706 2.912117e-07 1.7818944e-05 1.9913202e-06 3.226099e-05 3.358408e-05 1.1515746e-06 3.360899e-06 3.0967342e-06 4.219669e-05 1.7375769e-05 9.492222e-08 0.0005611417 6.458298e-06 0.00023095157 0.000834572 5.852589e-07 2.4893257e-06 2.3054523e-07 1.6585182e-05 1.8306022e-07 0.00012521975 6.430798e-07 0.00023412053 6.433031e-05 0.00038122223 0.00050646777 0.00046389078
0.8368794 0.0031891386 0.0029496257 0.011636374 0.012271801 0.020674706 7.4567404e-05 0.24297363 5.1415336e-05 0.007192491 0.006362751 4.7781516e-05 0.031794302 3.6257858e-05 2.3821925e-05 0.30496007 0.0006652693 9.4548195e-06 0.40565452 3.4808338e-05 3.8711946e-06 0.7335771 0.0022481938 0.116338335 0.007188004 0.3269634 5.9355875e-07 2.7464614e-07 0.051622443 0.0003704321 1.2030944e-18 0.90041196 3.3890068e-08 2.136121e-05 0.028221913 0.9844865 0.089835756 0.040477153 6.2505984e-07 1.1168258e-06 0.3244201 4.763022e-08 0.112706594 2.5346074e-07 1.1518108e-06 5.816208e-06 0.08132575 1.3391964e-07 0.077758566 0.41290247 2.9070377e-06 0.16729182 0.007244839 8.0342015e-06 0.028482547 2.5493222e-07 0.008019803 4.923251e-08 1.8519373e-07 2.13775e-08 0.06054052 0.02054108 0.014591899 9.965463e-08 0.0034508372 8.834785e-09 1.775302e-08 2.4036506e-09 9.770416e-07 6.6080816e-09 0.0059054717 5.6674326e-10 1.0489217e-06 0.006973393 0.0035563721 1.2927612e-08 0.0006422193 0.00017105705 0.000199349 1.9877083e-07 0.0008537154 2.8261957e-10 0.00011702283 1.0283763e-05 0.00026952455 5.177986e-05 2.0010994e-08 0.00015382639 1.2899023e-05 2.2472149e-09 1.0572099e-08 0.000268814 2.638322e-06 4.362661e-10 7.5347834e-06 0.00015628859 2.6732036e-05 0.000104753126 1.0206945e-05 4.0290846e-08 5.8135797e-06
