1.1858626e-24 0.9955125 0.92358917 0.9175558 0.8468264 0.9732115 0.92463493 0.7885715 0.92830825 0.88464785 0.8144122 0.95043904 0.92973286 0.72315115 0.7840682 0.9996215 0.6916856 0.68874735 0.8790164 0.7797466 0.99487895 0.8812141 0.97987646 0.8986577 0.9247847 0.8959346 0.9132658 0.8537275 0.9432176 0.853501 0.8868196 0.95694375 0.9951002 0.7248993 0.23333071 0.56625897 0.18298633 0.40395305 0.8815934 0.9942564 0.6450084 0.24478492 0.35194066 0.8354807 0.5345975 0.86624354 0.06487111 0.096086174 0.9502285 0.90145767 0.15393695 0.9999977 0.23653501 0.61868596 0.9999714 0.26979005 0.97020006 0.00962941 0.0070317434 0.016144406 0.9264587 0.10135589 0.09055225 0.004928243 0.0037269983 0.19060187 0.015704993 0.9747488 0.9911813 0.015214964 0.03769653 0.32567433 0.024942296 0.82488424 0.0068207146 0.0157775 0.8529943 0.99891865 0.0037875425 0.21468183 0.00062707765 0.9879875 0.022786357 0.999452 0.4563266 0.0010676802 0.8786404 0.000204659 0.68476945 0.8780866 0.20752802 0.13841897 0.076019235 0.94948864 0.898115 0.9225132 0.0027238543 0.43559065 0.4837692 0.18880543 0.04984801
0.9955125 3.1719084e-18 0.93872505 0.0701367 0.79273605 0.016899753 0.13404734 0.481504 0.002252239 0.13002476 0.018617809 0.014591218 0.0009770534 0.016484657 0.04288762 0.12530513 0.08047701 0.0728547 0.0009948543 0.0061078216 0.44934273 0.3303481 0.00036339863 5.337764e-05 0.05007006 0.583005 0.00017145033 0.00017317742 2.6032487e-06 0.0004997268 3.0189346e-06 1.3740514e-05 0.00027103839 0.03905306 0.12325032 0.29283714 0.054513443 0.1361964 1.2774321e-06 0.046740692 2.9495804e-06 0.035102036 0.0017611121 6.271452e-06 3.9747025e-07 0.035053413 0.042920057 0.10742501 0.008223799 0.0010462129 0.02524646 0.0366254 0.0003582676 3.6568913e-08 0.19834785 1.6141065e-06 9.1275886e-08 0.001426103 0.0037160509 0.0022625725 0.0115298955 8.595606e-07 0.0008143941 0.0003451291 0.001430457 2.3253652e-07 3.1599352e-06 4.176224e-05 1.4725909e-05 0.00071703835 8.614657e-06 2.9227662e-08 0.008417154 4.264036e-06 3.562542e-06 4.4392203e-07 1.6853479e-05 0.0012745805 1.7427845e-05 8.602917e-06 1.213459e-05 0.0025634773 1.0664904e-07 0.0075907125 6.032105e-08 6.7294764e-05 7.761977e-06 6.3877305e-05 0.0017333458 0.00013643464 0.0009906506 3.4197086e-07 0.00021531778 0.00015287039 0.00011423428 0.00017252548 5.4704508e-09 0.0006215359 0.00054255646 8.585369e-06 1.2051372e-05
0.92358917 0.93872505 1.0763923e-17 0.072949864 0.96380734 0.012931215 0.10168785 0.73476714 0.0010441376 0.1571739 0.028930137 0.013061334 0.00087469106 0.024836829 0.05705113 0.042614084 0.19589439 0.13778262 0.00050601875 0.006194375 0.029265838 0.5416186 0.00031707305 2.7070913e-05 0.094785504 0.54919976 5.1908064e-05 5.7482364e-05 1.0939436e-06 0.00044715105 4.7524277e-06 1.0073591e-05 0.00030259276 0.0055294884 0.15704931 0.17142431 0.122865476 0.009697532 1.2023933e-07 0.0026163806 4.953465e-07 0.11439272 0.00029780008 2.3522546e-06 5.9178934e-08 0.10699173 0.022449356 0.07766732 0.0018226808 0.0016788815 0.12718281 0.01421355 0.00063343893 1.7113045e-08 0.008396033 2.6602702e-06 6.8023525e-08 0.0013402774 0.002520093 0.00786882 0.000874137 1.7763876e-06 0.0047866083 0.001185925 0.001003854 2.0406075e-07 1.0676303e-05 1.6407019e-05 1.2173816e-05 0.0008551735 2.2328188e-05 4.839062e-08 0.021835009 2.2066135e-06 9.763892e-06 1.0799406e-06 9.114385e-06 0.00020532073 5.616803e-05 5.0173407e-05 2.0273572e-05 3.415928e-05 8.6353026e-08 0.00036063447 1.7614603e-07 0.0001368532 2.8709676e-06 6.185104e-05 4.5393517e-05 9.819781e-06 2.0665626e-05 6.20192e-07 6.135768e-06 6.282667e-05 5.932119e-05 1.861389e-05 6.7530825e-09 7.830143e-05 8.494557e-05 8.141486e-07 3.6466108e-06
0.9175558 0.0701367 0.072949864 8.445091e-18 0.032184478 0.91017735 0.9002192 0.13021345 0.42866048 0.7664418 0.6256849 0.15215626 0.026884684 0.47786462 0.4049309 0.46196252 0.17576182 0.20725402 0.34857425 0.30452687 0.0018349907 0.042821985 0.003533561 0.032991737 0.24969332 0.005956635 0.04449618 0.026834892 0.00034376487 0.041469388 0.0013822191 0.00020041534 0.0016376115 0.0001448107 0.0030387037 0.0007674127 0.0050191646 0.00045393436 5.9202906e-05 0.00033362172 0.00025721156 0.008733362 4.4471948e-05 0.00056667736 2.7684564e-05 0.08076235 0.00022271377 0.00065790414 0.000111510926 0.05544513 0.018582387 0.015536085 0.009393082 1.1434725e-05 0.0030919372 0.0032184748 1.5678165e-06 4.880519e-06 2.4519888e-05 0.0061252164 6.248388e-05 0.00041152711 0.01666034 0.0012923281 1.2003105e-05 6.3655607e-06 0.0017612313 5.1004998e-05 4.8994643e-05 9.475075e-06 0.001344756 4.862593e-07 0.00071114255 3.2994506e-06 0.00017274082 3.1249206e-06 9.839533e-06 0.0002600631 0.00014859483 8.44096e-05 1.5353611e-05 5.8593185e-05 3.0431624e-05 0.00034344476 1.8592598e-07 0.00012437902 2.219096e-06 0.00032325526 2.4507031e-05 4.3093296e-05 1.5039137e-05 3.3168163e-07 1.1316083e-06 3.9980336e-05 5.440681e-05 8.040495e-06 1.6547309e-09 3.177834e-05 4.8044392e-05 3.4142324e-06 1.6960224e-06
0.8468264 0.79273605 0.96380734 0.032184478 5.949079e-17 0.005277165 0.08712065 0.8368167 0.00068271114 0.15068768 0.039324146 0.0048848363 0.0003271006 0.034372114 0.07107727 0.020469682 0.28794733 0.21225806 0.00063532137 0.0040086913 0.021861779 0.7256787 0.00028756922 9.647223e-06 0.06943994 0.85600865 5.698045e-05 0.00011166395 8.412109e-07 0.0005117812 1.782614e-06 4.4096314e-06 0.00037210083 0.0041843746 0.32325065 0.44611213 0.23008715 0.04375213 4.3425413e-08 0.002771321 2.4270003e-07 0.21017174 0.0012704355 1.7948795e-06 4.399852e-08 0.08586047 0.06842601 0.16795745 0.001909246 0.0013268816 0.15253015 0.0062432173 0.000634212 3.6211116e-08 0.004188573 2.3079106e-06 3.8643112e-08 0.0042278743 0.020236379 0.014294255 0.00030024824 2.884891e-06 0.008113189 0.0018507869 0.003508228 1.0663623e-07 4.571006e-06 3.8798985e-06 2.3853127e-06 0.0023580596 0.0001350598 5.758016e-08 0.056144018 4.7582002e-08 2.004709e-05 3.3443562e-06 7.7560753e-07 4.1646577e-05 5.6896937e-05 0.0002018201 5.3202817e-05 2.7806016e-05 1.5762557e-06 0.0001112179 4.2207915e-07 0.00028721316 3.7355898e-07 0.00034066886 1.7853048e-05 2.4592558e-05 1.3063724e-05 2.767469e-07 1.462786e-05 2.1711012e-05 3.106849e-05 1.1010331e-05 8.209285e-09 4.4381708e-05 3.9131548e-05 1.6074111e-05 2.1711076e-05
0.9732115 0.016899753 0.012931215 0.91017735 0.005277165 6.492294e-17 0.53477055 0.019280367 0.9446475 0.34902358 0.44979614 0.57270956 0.2763801 0.29661432 0.26712683 0.6928221 0.06589476 0.07422186 0.56260663 0.3468165 0.0023587984 0.01919052 0.032795653 0.28294313 0.26096222 0.00094562175 0.3410929 0.22223336 0.0035824832 0.20473716 0.019219702 0.0034606778 0.01602181 0.00018893415 0.0007848184 0.00013866434 0.0017078624 0.0003254266 0.0013567876 0.0002179232 0.0032902283 0.0058232346 1.2601396e-05 0.015218977 0.00045207152 0.099675685 3.5854206e-05 0.00016266141 8.4901185e-05 0.26669836 0.011114925 0.035157192 0.03227987 0.00043651173 0.0060145855 0.006328185 5.0576524e-05 2.2315385e-06 2.7588756e-05 0.0021891575 0.000117748576 0.002967166 0.018690102 0.00073700113 2.2061042e-06 6.953967e-05 0.006939316 0.0004168717 0.00022049095 2.9383193e-06 0.004733232 4.2586553e-06 7.088836e-05 4.9727485e-05 0.0003005869 5.3747494e-06 0.00010256197 0.000827628 0.00013428522 8.217228e-05 9.894978e-06 9.74676e-05 1.1230467e-05 0.00079742534 5.619385e-07 2.2267033e-05 2.0986888e-06 0.00019393658 5.782457e-05 2.8155042e-05 1.9478746e-05 1.041225e-07 2.0583536e-06 9.333601e-05 7.459678e-05 5.3650965e-06 4.196677e-09 5.6951925e-05 7.119344e-05 8.788198e-07 5.2531504e-07
0.92463493 0.13404734 0.10168785 0.9002192 0.08712065 0.53477055 4.1724544e-16 0.44477588 0.22812836 0.9146093 0.7685385 0.12844627 0.0390163 0.66524863 0.71561635 0.19652748 0.52548134 0.5578068 0.43603936 0.44331548 0.0008480093 0.14975964 0.007678838 0.0025222017 0.6953363 0.0055806986 0.008792639 0.052689813 6.1004488e-05 0.090518706 0.00014199641 0.00071482034 0.0022988573 0.00024794982 0.0054992577 0.00020520425 0.016424822 3.4555807e-05 8.472983e-06 0.0001537076 1.6480679e-05 0.05362163 2.3469045e-05 0.00015727017 3.0725737e-06 0.37802523 0.00026134128 0.0013186354 0.00012749738 0.14518707 0.10731524 0.015904618 0.024377909 1.396348e-06 0.001100057 0.0005481732 2.4759252e-06 6.4344877e-06 2.5829065e-06 0.026922913 0.00017271511 0.00026649272 0.056231614 0.0032580146 2.3957482e-05 2.473683e-06 0.0012443325 9.4045456e-05 3.1790736e-05 2.0642472e-06 0.0044730785 2.4087265e-07 0.009169844 8.85974e-06 0.0010080992 1.1882456e-05 1.1563635e-05 0.00025640067 0.00027438058 2.5504567e-06 1.6503202e-05 3.0261137e-05 1.1994917e-06 0.00014358063 1.476096e-07 6.106275e-05 2.2671285e-05 8.799302e-05 2.4361614e-06 8.475031e-07 3.3144784e-06 8.1166e-07 3.4129806e-07 2.3689598e-05 0.00010246529 6.259537e-06 1.9482254e-09 4.1424562e-05 4.2522573e-05 7.0843053e-06 4.3394846e-07
0.7885715 0.481504 0.73476714 0.13021345 0.8368167 0.019280367 0.44477588 6.7522084e-16 0.0023932229 0.5624057 0.19635798 0.009556888 0.0008503854 0.1754253 0.30270612 0.023288531 0.8883653 0.70979553 0.0027322187 0.025326889 0.0018462759 0.91183156 0.0005864082 4.2705287e-05 0.2354613 0.5342169 0.00013356819 0.00017044689 4.110166e-06 0.0014002799 1.6878168e-05 2.013822e-05 0.00043678324 0.00040852887 0.3564803 0.09306192 0.3699121 0.0010741296 6.6990674e-07 0.00030660053 2.5370825e-06 0.41888335 0.00013970806 6.8963086e-06 3.2851378e-07 0.38367712 0.024048692 0.10067772 0.00027750662 0.0034166353 0.36414933 0.0027775017 0.0024019175 1.8981874e-08 0.0008689592 3.637128e-05 1.572077e-07 0.000681795 0.00014153201 0.04546858 4.595209e-05 1.1734362e-05 0.026139427 0.0045166365 0.0013125371 1.334656e-07 1.2470274e-05 3.5818507e-06 1.3138446e-06 0.000116738585 0.0009633396 3.5640742e-08 0.059568156 7.5297045e-08 0.00024089552 1.988337e-06 1.9204536e-07 1.6730157e-05 3.228875e-05 4.188293e-05 0.00011426741 1.5151504e-06 6.6955636e-08 1.3704578e-05 9.6082e-08 0.00037823283 1.7044005e-06 0.00018602682 3.095839e-06 9.761569e-07 5.126265e-06 1.6479247e-07 7.176892e-07 9.570586e-06 3.3740518e-05 1.702956e-06 4.432752e-09 7.389872e-06 9.818133e-06 2.385918e-06 1.0344033e-06
0.92830825 0.002252239 0.0010441376 0.42866048 0.00068271114 0.9446475 0.22812836 0.0023932229 4.6863822e-18 0.16038057 0.49253705 0.7316324 0.6760265 0.33488882 0.26272783 0.47413275 0.020478759 0.024251034 0.77695924 0.49094632 2.0207923e-05 0.0014366802 0.05294635 0.6623141 0.25374246 4.1748302e-05 0.76628727 0.64279854 0.012938141 0.47027102 0.14295334 0.0040189866 0.013842409 6.6139614e-06 0.0001846332 1.4544328e-05 0.0002395599 5.7108427e-06 0.0066556567 3.792794e-06 0.012214601 0.00062291103 1.5901994e-06 0.0791415 0.004781131 0.03347178 3.4600375e-06 1.2828753e-05 2.787926e-06 0.3644543 0.0021816597 0.042634297 0.040505756 0.0029813312 0.00012189122 0.019339485 0.0003765023 2.1245517e-06 3.319652e-07 0.001987646 7.685193e-07 0.023007216 0.014653271 0.0005956913 1.2322904e-06 0.0002025812 0.01597257 0.00020883828 0.000111546346 8.66208e-07 0.006267336 3.476508e-05 4.097234e-05 7.063961e-05 0.00025577008 7.39994e-05 9.510794e-05 7.7442724e-05 5.3567343e-05 0.00018113876 1.053376e-05 6.648957e-07 0.0002005773 2.694044e-05 4.0203795e-06 8.157372e-05 5.7041666e-07 0.00015762182 1.3890217e-06 7.459927e-07 1.5644307e-06 2.0275446e-07 1.3144186e-06 8.31668e-06 1.677689e-05 6.0065054e-07 1.2765649e-08 1.545967e-06 1.2711105e-06 1.2470028e-06 5.087475e-07
0.88464785 0.13002476 0.1571739 0.7664418 0.15068768 0.34902358 0.9146093 0.5624057 0.16038057 5.0403373e-16 0.84842575 0.053420477 0.01831418 0.8020132 0.85653 0.09438103 0.6492859 0.68978214 0.23498683 0.43912575 0.00057893107 0.2557159 0.0058717206 0.0011191792 0.7267503 0.008923308 0.0038398071 0.017038984 6.8368456e-05 0.059014563 0.00020895182 0.0007296032 0.0023190682 0.00029100754 0.01013612 0.0006246508 0.026217083 9.969936e-05 6.19301e-06 0.00010338796 2.4759289e-05 0.1186084 6.0651033e-05 0.00011213832 5.249483e-06 0.577975 0.00035040415 0.0019486235 0.00013517345 0.19917183 0.26536077 0.009712206 0.036978472 1.2972815e-06 0.0007545649 0.0003510065 6.8836755e-07 1.0383959e-05 7.716924e-06 0.067059234 3.4820194e-05 0.0006076538 0.110910535 0.011343523 1.8248938e-05 1.0387043e-06 0.0027459024 3.5260924e-05 3.8282765e-06 2.621743e-06 0.008908874 1.4839749e-07 0.015388948 1.056964e-06 0.0017093524 2.6530255e-05 2.0254467e-06 7.2251845e-05 0.0004363885 2.5326575e-05 4.7640417e-05 7.257514e-06 9.357165e-07 5.121469e-05 1.1075245e-07 3.855939e-05 2.9061093e-06 0.000102334416 2.0298248e-06 9.686353e-07 2.0713167e-06 6.4936205e-07 3.565072e-07 1.3754792e-05 5.2431507e-05 5.6906397e-06 9.1785746e-10 5.9710524e-06 6.5054132e-06 9.771987e-06 1.1433729e-06
0.8144122 0.018617809 0.028930137 0.6256849 0.039324146 0.44979614 0.7685385 0.19635798 0.49253705 0.84842575 2.1892132e-16 0.10421858 0.03065065 0.95052284 0.9191252 0.12534077 0.12728134 0.1921865 0.6220676 0.73372656 0.00020371864 0.016811261 0.007626376 0.002611258 0.65718615 0.00026469387 0.035386853 0.0575198 0.00011498716 0.1174228 0.0003232241 0.0005360164 0.0025897068 8.133796e-05 0.0004969075 2.8618471e-05 0.0017721711 8.472134e-06 2.0477408e-05 1.2581485e-05 8.307393e-05 0.01670524 7.859631e-06 0.00032385538 1.1315096e-05 0.34491542 5.2547945e-05 0.00019739497 1.620437e-05 0.2684748 0.08826518 0.008222304 0.057341684 1.8026452e-06 0.0004048434 0.00039217723 7.827632e-06 6.2216736e-06 5.9597846e-07 0.020601327 1.9586283e-05 0.00252855 0.0701607 0.0055324417 8.281871e-06 2.2774122e-06 0.006632833 0.00010337869 2.834173e-05 2.736718e-06 0.010323585 4.4488408e-07 0.003858556 4.3950504e-06 0.002127488 3.0730087e-05 3.5532819e-06 0.00010867273 0.00053904497 5.6656092e-05 4.7020236e-05 6.2870517e-06 6.78428e-07 5.679875e-05 1.6581733e-07 6.2878345e-05 8.504437e-07 0.00012478084 7.0738606e-06 4.99676e-07 4.1742346e-06 4.8708455e-07 5.9638273e-07 2.3213017e-05 1.3679454e-05 1.1517706e-05 9.126727e-10 7.968372e-06 5.5752694e-06 9.068269e-06 7.123636e-07
0.95043904 0.014591218 0.013061334 0.15215626 0.0048848363 0.57270956 0.12844627 0.009556888 0.7316324 0.053420477 0.10421858 3.6397495e-17 0.92491263 0.05556529 0.04873419 0.9623558 0.016946992 0.014624597 0.09767745 0.05500986 0.023671849 0.007826997 0.25456148 0.37664816 0.041838482 0.004519842 0.19460921 0.10921952 0.19946651 0.062607676 0.11318546 0.025036396 0.08585622 0.002445292 0.0008747715 0.00092322595 0.00095049327 0.0011710628 0.05377092 0.008385534 0.015004305 0.00126671 0.000118485834 0.023694718 0.010220092 0.00867765 0.00018765077 0.00014298869 0.0022013513 0.047612958 0.0012463491 0.20271581 0.002940464 0.0017737267 0.008735944 0.0046963394 0.025154624 4.414477e-05 9.676704e-05 0.00070147304 0.00038730283 0.0068045044 0.00082456064 0.00025086943 9.854154e-06 0.0022381374 0.0028425183 0.003158726 0.0021682242 6.307546e-05 0.00039014863 0.0011859046 4.9182745e-05 0.0016174944 4.3531465e-05 7.898441e-06 0.0036042628 0.001815218 0.000118038646 9.062039e-05 4.3826803e-05 0.0010623018 8.9740504e-05 0.001049879 3.2586093e-05 9.53416e-05 0.00032917692 0.00029417683 0.00030735848 0.0001770308 2.6014734e-05 1.1185478e-05 6.228136e-05 0.0007819357 0.00037703177 2.5379186e-05 2.3528119e-05 0.00074737024 0.00049115793 3.0536634e-05 3.435599e-05
0.92973286 0.0009770534 0.00087469106 0.026884684 0.0003271006 0.2763801 0.0390163 0.0008503854 0.6760265 0.01831418 0.03065065 0.92491263 1.9336852e-15 0.021805318 0.014360495 0.44327047 0.0032303366 0.0026082501 0.06696914 0.026697269 0.00041861748 0.0004518474 0.7520104 0.8490518 0.019303843 2.8625023e-05 0.5870948 0.121092156 0.40282232 0.047050737 0.55894685 0.09463438 0.15538046 8.5672655e-05 5.6939276e-05 1.1898038e-05 8.444808e-05 1.00429625e-05 0.17765673 0.00017488207 0.047465082 0.00011942002 3.0771436e-05 0.10762928 0.031850614 0.00734746 5.906144e-06 1.2057027e-05 9.675846e-05 0.085916966 0.0003253335 0.1016809 0.006081335 0.011343031 0.00052470906 0.015286033 0.016659785 1.5307155e-06 2.904585e-06 0.00037760087 2.834949e-05 0.016698651 0.0021209728 6.477058e-05 9.914042e-07 0.0017715577 0.007084518 0.0015035252 0.0012968406 3.2252203e-06 0.0007651093 0.00057453045 1.1174028e-05 0.0020982178 7.084409e-05 7.466931e-05 0.0020416132 0.00086323806 7.078453e-05 0.00032213473 5.933955e-06 4.306536e-05 0.00036242697 0.00021107502 0.00010576437 1.8340099e-05 0.00015467577 3.2316228e-05 1.3632668e-06 3.4064044e-06 7.5893836e-06 2.8858392e-05 1.0660741e-06 0.00034575092 0.00032156656 3.5402863e-06 1.5374923e-06 0.0005076988 0.00036683714 1.9005542e-05 1.6027692e-06
0.72315115 0.016484657 0.024836829 0.47786462 0.034372114 0.29661432 0.66524863 0.1754253 0.33488882 0.8020132 0.95052284 0.05556529 0.021805318 5.465352e-16 0.94669247 0.079428285 0.11848819 0.17250003 0.46281686 0.75978225 0.00014616725 0.01766446 0.0059060715 0.0021281848 0.6845726 0.00028280405 0.031230852 0.043327387 0.0001085119 0.10198902 0.00034332342 0.000496862 0.0021501307 4.2002568e-05 0.00050486403 6.767312e-05 0.0019294161 1.4320777e-05 2.4433544e-05 7.1527006e-06 5.0271596e-05 0.018431136 1.3697993e-05 0.0002837842 1.4554832e-05 0.34093317 3.5258538e-05 0.0001362573 1.3595127e-05 0.22227159 0.09237797 0.006316205 0.047071084 3.936573e-06 0.00031467908 0.00037360456 6.390304e-06 7.620723e-06 1.1126989e-06 0.028256489 6.7702204e-06 0.003093995 0.0734492 0.0073574833 9.049116e-06 2.9920864e-06 0.006001499 7.998358e-05 2.0572008e-05 7.438157e-06 0.011681838 9.168422e-07 0.0062902453 4.552182e-06 0.0024961655 2.8326815e-05 3.3992292e-06 6.3357424e-05 0.0005442978 0.00012544855 5.0891984e-05 5.3195386e-06 1.3369958e-06 2.8598335e-05 3.4060093e-07 0.00013645558 3.8036842e-07 0.00014842105 5.57334e-06 7.369403e-07 4.600306e-06 5.210839e-07 1.5654844e-06 1.6332273e-05 1.1147545e-05 2.9441775e-05 6.459465e-09 2.5058607e-06 1.5259989e-06 9.636713e-06 1.5285667e-06
0.7840682 0.04288762 0.05705113 0.4049309 0.07107727 0.26712683 0.71561635 0.30270612 0.26272783 0.85653 0.9191252 0.04873419 0.014360495 0.94669247 2.5230848e-14 0.07854398 0.25403467 0.36692637 0.29577184 0.683853 0.00017861521 0.05197172 0.004229064 0.0011540011 0.80153996 0.00072699104 0.012372758 0.018440427 8.6871136e-05 0.06035108 0.00021243352 0.00035586642 0.002516001 4.6029323e-05 0.0017570256 0.00016093171 0.006102072 5.7755246e-05 1.6544582e-05 1.8981016e-05 4.5178058e-05 0.043923162 2.360264e-05 0.00017378494 1.2500136e-05 0.47896987 0.00014238003 0.00038338426 2.4633518e-05 0.17986251 0.16126631 0.0060411985 0.04461694 3.5324215e-06 0.000330064 0.00045509604 3.1430145e-06 1.0071766e-05 6.998145e-06 0.059158307 9.7888515e-06 0.0023153203 0.12787533 0.014942602 3.3105403e-05 2.1703818e-06 0.005442609 2.7978464e-05 2.8270493e-05 7.4285585e-06 0.016137065 8.9697727e-07 0.014411175 1.8421987e-06 0.0034255043 4.584511e-05 2.6792843e-06 4.1961368e-05 0.00077796594 0.001104332 0.00013257957 1.848121e-05 6.682881e-06 3.1355226e-05 3.2835355e-06 0.0004593111 1.1356694e-07 0.0005516802 2.0735342e-06 5.402183e-07 2.5322386e-06 7.7844055e-07 7.513633e-07 2.3824381e-05 6.6670314e-06 7.141369e-05 8.545428e-09 8.829867e-07 6.8474026e-07 5.169837e-06 7.032335e-07
0.9996215 0.12530513 0.042614084 0.46196252 0.020469682 0.6928221 0.19652748 0.023288531 0.47413275 0.09438103 0.12534077 0.9623558 0.44327047 0.079428285 0.07854398 7.277648e-19 0.025298268 0.03797329 0.10710489 0.06809831 0.2851454 0.0153185995 0.07433612 0.1591569 0.07736502 0.010074774 0.08209397 0.0442928 0.050285157 0.042073235 0.053093556 0.009105081 0.039092474 0.018076127 0.0012800742 0.0054143504 0.0016125072 0.019427823 0.027150268 0.078445196 0.008200074 0.0018923891 0.00019917228 0.0058125765 0.0039232965 0.018373923 0.00030422123 0.0004639371 0.009877423 0.036730208 0.001898327 0.20449282 0.002409632 0.00018740952 0.038215168 0.0008266298 0.003673369 7.3313255e-05 0.0003717988 0.00046546425 0.0038292792 0.00076789036 0.0008824729 0.00013950143 1.0900181e-05 0.0012892579 0.0012374875 0.0036503081 0.0011090334 3.415889e-05 0.0003354057 0.0002776951 7.1988175e-06 0.00049619836 4.8376944e-05 1.7926634e-05 0.00080450665 0.003701793 0.00081882096 5.8888465e-05 5.3943524e-05 0.0025390724 6.994859e-05 0.00990964 5.302133e-07 0.00024407751 4.5719713e-05 0.0011002901 0.004128829 0.0004523149 0.00024269902 1.41407e-07 0.00013813442 0.0036996242 0.000418787 0.0001006239 1.0129672e-06 0.0027559847 0.0031476405 4.9075596e-05 3.8701444e-05
0.6916856 0.08047701 0.19589439 0.17576182 0.28794733 0.06589476 0.52548134 0.8883653 0.020478759 0.6492859 0.12728134 0.016946992 0.0032303366 0.11848819 0.25403467 0.025298268 1.0286036e-15 0.9834399 0.002750657 0.01959374 0.0006710619 0.57414967 0.0011844789 0.000118767864 0.40643194 0.028849252 0.00024082778 0.00012402877 1.909835e-05 0.0009152554 4.4794215e-05 5.636867e-05 0.0006891782 0.00018865454 0.035092555 0.0011770255 0.08765696 0.00035442103 2.8376037e-06 0.00013162199 6.0028033e-06 0.20024309 2.9894838e-05 6.1068486e-06 8.2732845e-07 0.48250687 0.00052592467 0.005360617 7.187927e-05 0.009232256 0.22790293 0.0025329692 0.003417794 1.7377623e-07 0.00059057225 2.912384e-05 6.150453e-07 3.501897e-05 4.192479e-06 0.03354833 3.940624e-05 0.00021743409 0.027852057 0.005481105 6.2900595e-05 1.16577866e-07 0.00021871689 6.3032544e-06 7.336924e-06 1.6388143e-05 0.0016095312 1.2246255e-07 0.014759765 1.4485207e-07 0.00046438654 6.593878e-06 1.18399015e-07 2.8918754e-05 0.00024396954 5.724363e-05 0.0001258795 3.2822331e-06 1.8276543e-07 2.3462198e-05 5.604392e-08 0.00016406481 7.139582e-08 0.00021685757 1.300499e-05 1.0691234e-06 2.19327e-06 4.0573929e-07 5.248319e-07 1.1260765e-05 2.9900323e-06 3.2082528e-06 1.4752528e-09 1.955999e-06 8.667782e-07 2.2394331e-06 7.4075723e-07
0.68874735 0.0728547 0.13778262 0.20725402 0.21225806 0.07422186 0.5578068 0.70979553 0.024251034 0.68978214 0.1921865 0.014624597 0.0026082501 0.17250003 0.36692637 0.03797329 0.9834399 1.027525e-15 0.0057879807 0.037819605 0.00015037223 0.43048868 0.0010470095 0.00019179637 0.58735853 0.017013866 0.00038671747 0.0003996278 9.339082e-06 0.0029832623 3.5643618e-05 4.226141e-05 0.0010092977 1.9184055e-05 0.021913774 0.00052108144 0.046264254 5.409865e-05 2.093332e-06 1.2266243e-05 3.1566763e-06 0.1765748 9.644675e-06 6.4315186e-06 8.2751313e-07 0.57359415 0.00034308794 0.00410119 1.4905986e-05 0.015278353 0.25295085 0.003984293 0.0042694197 2.81109e-07 0.00016351638 3.2075448e-05 5.73393e-07 1.255362e-05 1.410293e-06 0.05876072 7.24987e-06 0.0002448324 0.046569128 0.008190706 2.8368477e-05 1.5497925e-07 0.0002352039 9.83336e-06 1.0540041e-05 3.297934e-06 0.0026828554 8.5907494e-08 0.015538398 1.639987e-07 0.0005108177 6.3506986e-06 2.72888e-07 2.1260812e-05 0.00029361513 0.00012002653 0.000120200195 2.0394664e-06 5.2133544e-07 9.389646e-06 7.379716e-08 0.0002951483 5.897172e-08 0.00019737669 1.8759565e-06 1.446759e-07 1.7416139e-06 2.5108855e-07 6.668548e-07 5.9618856e-06 1.4336061e-06 3.3955937e-06 3.900609e-09 3.5821532e-07 2.7836845e-07 1.2205302e-06 5.4127446e-07
0.8790164 0.0009948543 0.00050601875 0.34857425 0.00063532137 0.56260663 0.43603936 0.0027322187 0.77695924 0.23498683 0.6220676 0.09767745 0.06696914 0.46281686 0.29577184 0.10710489 0.002750657 0.0057879807 1.9509768e-17 0.9711213 1.3129259e-05 0.00015120643 0.008620945 0.026342532 0.52140766 4.706849e-06 0.4860448 0.66037774 0.00076002884 0.7695614 0.0027714241 0.0006915008 0.0033267892 4.6201526e-06 3.9537204e-05 1.3026645e-06 6.735653e-05 9.547454e-07 7.034998e-05 1.3281849e-06 0.00081133825 0.0006033653 3.9822447e-07 0.008232108 8.888458e-05 0.07799779 2.8298396e-06 1.5785881e-05 5.578735e-07 0.6198353 0.010567444 0.0064419233 0.14273384 6.41478e-05 5.9927057e-05 0.0047897906 4.0374336e-05 1.0824679e-06 2.1499345e-07 0.005539253 4.2704496e-06 0.014552668 0.064441696 0.0018295065 2.5109707e-06 7.1990858e-06 0.017436784 7.1566756e-05 1.8440858e-05 1.4150312e-06 0.025802009 8.718436e-07 0.00040933187 5.718772e-06 0.003495486 0.00025068579 2.1925819e-06 9.70728e-05 0.00087427493 4.9065064e-05 5.2533687e-06 4.434839e-06 4.0260734e-06 8.15843e-05 4.0119895e-07 1.6971997e-05 1.2141219e-06 4.1065945e-05 2.2464856e-06 1.0399667e-07 1.7627906e-06 3.7120589e-07 1.637955e-07 9.221374e-06 9.306719e-06 2.488412e-06 4.8945323e-09 5.3158415e-06 2.8234615e-06 1.9381507e-06 1.4090392e-07
0.7797466 0.0061078216 0.006194375 0.30452687 0.0040086913 0.3468165 0.44331548 0.025326889 0.49094632 0.43912575 0.73372656 0.05500986 0.026697269 0.75978225 0.683853 0.06809831 0.01959374 0.037819605 0.9711213 2.1133016e-14 3.3239e-05 0.0021637243 0.008670966 0.017595662 0.83316183 6.4739834e-05 0.26859018 0.61766124 0.00046112918 0.6700542 0.002105989 0.00063857605 0.0031232317 1.8509096e-05 0.0004312374 5.4202314e-06 0.0008209368 1.1622143e-05 0.0001006075 2.3633263e-06 0.00030233545 0.007447978 7.888061e-06 0.0036644381 9.1592294e-05 0.38940117 2.9277364e-05 0.00014357995 7.3011656e-06 0.6198543 0.053902984 0.006675643 0.14474647 0.00018659237 4.110611e-05 0.0069833114 2.2572673e-05 5.5910514e-06 1.7947665e-06 0.03553245 4.1829335e-06 0.04149692 0.15025653 0.008033364 1.7700757e-05 1.6449776e-05 0.03690295 7.669971e-05 5.28634e-05 2.6322225e-06 0.035526786 8.529784e-06 0.0024185395 9.5105e-06 0.0052547096 0.00027109394 6.5972113e-06 5.0958228e-05 0.0012860106 0.00053624465 5.4212065e-05 7.079651e-06 4.868779e-05 3.480578e-05 6.090395e-06 0.00030112316 6.509835e-07 0.00032696492 1.7490942e-06 1.274714e-07 2.0652337e-06 1.1178658e-06 2.781341e-07 1.2510225e-05 4.542862e-06 3.1573796e-05 2.9568016e-08 4.4104453e-07 4.5359852e-07 7.1080717e-06 1.9083674e-07
0.99487895 0.44934273 0.029265838 0.0018349907 0.021861779 0.0023587984 0.0008480093 0.0018462759 2.0207923e-05 0.00057893107 0.00020371864 0.023671849 0.00041861748 0.00014616725 0.00017861521 0.2851454 0.0006710619 0.00015037223 1.3129259e-05 3.3239e-05 1.6513917e-13 0.0024157087 0.00073823 7.1738573e-06 8.067343e-05 0.07916056 1.30769e-05 5.1715333e-06 5.129879e-06 2.6925375e-06 1.4267332e-06 0.00043258435 0.0050063767 0.94541335 0.0038854403 0.28048214 0.00045059284 0.7822219 1.3875746e-06 0.7340319 1.2620873e-06 0.000114450406 0.69537437 1.3285525e-06 5.923639e-07 0.00010505325 0.014887562 0.002365711 0.30287072 1.2209767e-05 0.00024534244 0.24326774 8.731605e-06 6.3635184e-07 0.4378305 4.171063e-06 4.5219413e-06 0.014228841 0.15814687 5.5645636e-05 0.20953086 1.2134661e-05 0.00019862654 1.3952865e-05 0.000830634 1.8804006e-06 1.3381048e-05 0.00010035127 0.0004298574 0.036036193 9.110201e-05 1.9263243e-06 0.00021981823 1.2739254e-05 1.6212052e-05 0.00029983107 4.1949046e-05 0.0003181529 0.00041716464 0.0020844748 3.470558e-05 0.007759499 0.0003798055 0.0044029676 5.634846e-05 0.00025583056 8.490519e-06 0.0015121149 0.00042224646 0.0006150838 0.0002210784 1.0065428e-05 0.0007752046 4.3181662e-05 5.247288e-05 0.0008548918 6.182049e-07 0.00030486076 0.00043014955 3.8518072e-05 0.0003123535
0.8812141 0.3303481 0.5416186 0.042821985 0.7256787 0.01919052 0.14975964 0.91183156 0.0014366802 0.2557159 0.016811261 0.007826997 0.0004518474 0.01766446 0.05197172 0.0153185995 0.57414967 0.43048868 0.00015120643 0.0021637243 0.0024157087 6.5457626e-16 6.70796e-05 3.0330304e-05 0.11725158 0.77659875 2.3381117e-05 1.3123387e-05 3.126177e-07 9.210349e-05 9.8581295e-06 1.6518985e-06 0.00017302934 0.0003024886 0.83663124 0.11011792 0.90409195 0.0010914948 2.2300247e-07 0.00012386918 7.1953e-07 0.9066321 0.00010125414 4.5195077e-07 1.5172246e-07 0.39773983 0.0396828 0.34700066 0.0001672149 0.00097089785 0.6032602 0.0016463997 0.00043984788 3.1563767e-09 0.0003591197 8.096461e-07 4.5165624e-08 0.0013015805 2.0825466e-05 0.052729156 1.5224833e-05 2.198648e-06 0.016451063 0.0051247696 0.005231399 3.90405e-08 8.40913e-06 1.3435144e-06 3.0495291e-06 2.0653606e-05 0.00030130814 2.23097e-08 0.124781504 3.097474e-07 0.00024970583 3.283426e-06 6.1351074e-08 4.6805867e-06 0.00020544334 0.00011288975 0.00065265235 5.5634255e-06 9.3854474e-08 1.3724262e-05 2.0010872e-07 0.0024272946 6.4575092e-06 0.00054738566 6.156914e-07 6.062984e-08 7.044229e-07 1.7771832e-07 4.577154e-07 3.3974077e-06 3.3351962e-06 3.615463e-06 1.9898106e-08 2.8021786e-06 1.0145577e-06 1.6344396e-05 9.975138e-07
0.97987646 0.00036339863 0.00031707305 0.003533561 0.00028756922 0.032795653 0.007678838 0.0005864082 0.05294635 0.0058717206 0.007626376 0.25456148 0.7520104 0.0059060715 0.004229064 0.07433612 0.0011844789 0.0010470095 0.008620945 0.008670966 0.00073823 6.70796e-05 2.7133608e-15 0.543739 0.003597798 7.1601257e-06 0.21362561 0.028036293 0.83829767 0.010865964 0.4501762 0.92406493 0.7037274 0.00013472314 2.0604031e-05 3.736431e-05 7.8017074e-05 2.4591876e-05 0.558056 0.0003470133 0.08636105 0.00016951187 1.0649476e-05 0.07386681 0.10928054 0.0011756058 1.5990525e-05 1.9542047e-05 0.00012605295 0.011550719 3.474118e-05 0.4188341 0.00018681546 0.017972039 0.00045105306 0.00721303 0.3039461 3.158419e-05 2.6972536e-06 0.0003331963 3.566817e-05 0.0043693553 0.00044927312 7.266001e-05 4.124679e-06 0.012488942 0.0015417277 0.004022466 0.0014755809 2.7012923e-06 0.00019689728 0.005857475 4.2499687e-06 0.0063414155 6.172753e-05 2.3223201e-05 0.004203473 0.0023117382 0.000943603 0.0006635677 9.265176e-06 3.896498e-05 0.00052107923 0.0005491718 0.0002244265 1.137368e-05 0.0008412415 0.0002518914 2.3343528e-05 8.861929e-06 1.5970734e-06 6.4860644e-05 2.115611e-06 0.0009972771 0.0009012891 9.193214e-06 7.9828205e-05 0.0011666208 0.0007626351 5.941169e-06 1.5310806e-06
0.8986577 5.337764e-05 2.7070913e-05 0.032991737 9.647223e-06 0.28294313 0.0025222017 4.2705287e-05 0.6623141 0.0011191792 0.002611258 0.37664816 0.8490518 0.0021281848 0.0011540011 0.1591569 0.000118767864 0.00019179637 0.026342532 0.017595662 7.1738573e-06 3.0330304e-05 0.543739 2.0854969e-17 0.005631833 1.745861e-06 0.84198374 0.1959988 0.5809437 0.06174723 0.9607475 0.19563495 0.124981485 3.6695417e-06 1.8271584e-06 2.128414e-07 5.9552826e-06 7.3197107e-06 0.27335414 2.7799372e-06 0.39494205 4.6642224e-05 9.2285387e-07 0.6203225 0.18842316 0.0013799584 2.4523513e-07 3.9040447e-07 1.0792178e-06 0.130226 8.199834e-05 0.04691947 0.008346381 0.27235207 0.00011629068 0.17657652 0.0047905995 2.2172627e-07 5.68953e-07 0.00014585965 6.553373e-06 0.10214613 0.0023309407 6.6947374e-05 3.7158873e-07 0.0027016045 0.025444862 0.0012538695 0.000561176 1.650435e-07 0.004043738 0.00018673658 3.2532917e-06 0.0003024052 0.00020684862 0.0012299763 0.00020970045 0.00019748083 4.506351e-05 0.00020651236 1.7031347e-06 2.2104089e-06 0.001269699 0.00011097063 1.2087721e-05 1.4571518e-06 4.3174227e-06 6.3061016e-05 1.6409014e-06 2.8788324e-07 2.2034787e-07 3.0431042e-07 1.1024487e-08 1.6676586e-05 3.463314e-05 1.1994551e-06 1.1285878e-07 4.5039515e-06 3.826878e-06 5.825148e-07 3.2088128e-08
0.9247847 0.05007006 0.094785504 0.24969332 0.06943994 0.26096222 0.6953363 0.2354613 0.25374246 0.7267503 0.65718615 0.041838482 0.019303843 0.6845726 0.80153996 0.07736502 0.40643194 0.58735853 0.52140766 0.83316183 8.067343e-05 0.11725158 0.003597798 0.005631833 7.721008e-12 0.0006794058 0.062613964 0.10254015 0.00028648414 0.41325325 0.00085073995 0.00017439209 0.0028776522 1.2029187e-05 0.0011539279 3.0357769e-05 0.008008729 6.284675e-05 4.19968e-05 1.1158257e-05 3.531386e-05 0.07610973 1.93719e-06 0.00033051163 3.9944453e-06 0.9612823 0.00011967609 0.0001444598 5.8643354e-06 0.5366151 0.19018802 0.004143746 0.14958397 2.7101612e-06 8.783154e-05 0.0005271592 1.7820506e-05 1.1675606e-06 1.5613179e-07 0.07860539 1.2748757e-05 0.0018246052 0.21750696 0.021125881 1.7232594e-05 7.060781e-07 0.009256927 5.1855022e-05 2.9226952e-05 1.916392e-07 0.025340704 2.518053e-07 0.0132697215 1.9124238e-06 0.0075528636 0.000283607 4.0578573e-07 9.494979e-05 0.0027765976 0.0008551939 0.00011532605 0.00034633782 7.483406e-05 0.0001827392 4.466266e-07 0.00026148066 4.4765216e-07 0.0005184548 2.3239089e-07 3.1951217e-07 6.910621e-08 3.637885e-08 3.629506e-08 4.282452e-06 3.090403e-06 6.512127e-05 1.4428204e-08 5.317613e-07 1.5665081e-07 2.4671556e-07 1.166833e-07
0.8959346 0.583005 0.54919976 0.005956635 0.85600865 0.00094562175 0.0055806986 0.5342169 4.1748302e-05 0.008923308 0.00026469387 0.004519842 2.8625023e-05 0.00028280405 0.00072699104 0.010074774 0.028849252 0.017013866 4.706849e-06 6.4739834e-05 0.07916056 0.77659875 7.1601257e-06 1.745861e-06 0.0006794058 1.0024291e-15 1.1180236e-06 9.3709895e-07 1.4820216e-07 2.9896219e-06 1.1685988e-06 5.025759e-07 3.7149417e-05 0.027276276 0.8533152 0.92642665 0.42819592 0.07774733 1.5439552e-07 0.003168586 1.7276048e-07 0.21665023 0.0043310756 5.975022e-08 1.0736584e-07 0.0025147954 0.6963144 0.88445896 0.0047217803 1.779439e-05 0.06913766 0.0021087443 8.9072e-06 1.0502179e-08 0.0033242027 6.2272807e-07 1.15732654e-07 0.07424434 0.0016641277 0.004039415 0.0006786834 5.9214307e-07 0.0007352134 0.0006307106 0.056652162 1.02192764e-07 8.341143e-08 8.35179e-07 1.2067305e-06 0.0016652407 1.0573396e-05 1.2943211e-07 0.030664073 4.1092974e-07 1.10937135e-05 1.6638801e-06 2.9505722e-07 5.3969517e-05 1.8554058e-05 0.0001557776 0.00031854393 9.909827e-05 6.206988e-06 0.00015970583 1.0367587e-06 0.0026405286 3.9642884e-05 0.00031485982 3.7517827e-06 4.8205897e-07 9.923895e-06 4.519165e-06 1.7265254e-06 3.230156e-05 6.422451e-05 2.1414202e-05 6.7441526e-08 8.83857e-05 3.577913e-05 4.836675e-05 7.1202026e-06
0.9132658 0.00017145033 5.1908064e-05 0.04449618 5.698045e-05 0.3410929 0.008792639 0.00013356819 0.76628727 0.0038398071 0.035386853 0.19460921 0.5870948 0.031230852 0.012372758 0.08209397 0.00024082778 0.00038671747 0.4860448 0.26859018 1.30769e-05 2.3381117e-05 0.21362561 0.84198374 0.062613964 1.1180236e-06 4.9101327e-15 0.842873 0.17259312 0.44429594 0.59730744 0.031896766 0.0500497 2.6151306e-06 6.1489777e-06 5.5804e-09 1.6436212e-05 1.3490081e-06 0.081403345 3.6675754e-06 0.33948928 6.555327e-05 1.2742103e-06 0.9624388 0.08622687 0.0047023245 9.810027e-08 9.3313764e-07 7.4454346e-07 0.5545926 0.0007465525 0.024946073 0.10470653 0.42211896 2.295711e-05 0.4857393 0.0004991898 5.495217e-08 1.01995695e-07 0.0011086643 2.0249388e-06 0.5252111 0.036117062 0.00096505403 2.5360774e-07 0.0015955969 0.29273748 0.00032137588 0.00025818846 6.5010596e-08 0.034795057 2.2662878e-05 1.4578504e-05 0.00016019594 0.0029417824 0.00963925 5.676675e-05 0.0001379163 0.0005910759 0.00033216106 1.957606e-06 1.4092108e-06 0.001148706 6.551452e-05 1.21934645e-05 2.1918928e-05 1.1065955e-05 0.00015673114 3.4610585e-07 4.008274e-08 1.8684244e-07 1.9147771e-07 1.26718405e-08 1.6517071e-05 0.00010917894 1.4029331e-05 2.176187e-08 5.5817495e-06 4.615696e-06 1.0676573e-06 8.978455e-08
0.8537275 0.00017317742 5.7482364e-05 0.026834892 0.00011166395 0.22223336 0.052689813 0.00017044689 0.64279854 0.017038984 0.0575198 0.10921952 0.121092156 0.043327387 0.018440427 0.0442928 0.00012402877 0.0003996278 0.66037774 0.61766124 5.1715333e-06 1.3123387e-05 0.028036293 0.1959988 0.10254015 9.3709895e-07 0.842873 1.4752272e-17 0.004314972 0.97734493 0.048527416 0.003519484 0.009909569 6.361868e-07 6.497353e-06 6.294257e-08 1.2031241e-05 3.807063e-07 0.0016407545 4.1916294e-07 0.011408389 3.7359925e-05 1.8857618e-07 0.23131485 0.0012956075 0.011106591 1.670401e-07 3.1192726e-06 6.5456156e-08 0.6933916 0.0005205103 0.008378224 0.119348265 0.005324348 9.192241e-06 0.08677487 6.334371e-05 8.4293595e-07 1.11667504e-07 0.0020462123 1.2007221e-06 0.15276004 0.026392112 0.00085161783 6.604309e-07 3.4386572e-05 0.08624221 0.00013929138 8.869702e-05 5.1297883e-07 0.021724282 1.1486418e-06 8.429995e-05 1.34496995e-05 0.002723 0.0016422691 8.325436e-07 2.985068e-05 0.00046149897 5.9334827e-05 4.4660724e-06 6.626548e-07 6.0433886e-05 2.316664e-05 3.2777587e-07 2.3816292e-05 7.64816e-07 4.5306806e-05 3.1791097e-07 2.2146676e-09 7.56913e-08 1.4542788e-07 4.1291477e-09 3.7306822e-06 4.93148e-06 1.1608765e-06 9.553386e-10 5.2377584e-07 1.3553843e-07 1.5197256e-07 1.260247e-08
0.9432176 2.6032487e-06 1.0939436e-06 0.00034376487 8.412109e-07 0.0035824832 6.1004488e-05 4.110166e-06 0.012938141 6.8368456e-05 0.00011498716 0.19946651 0.40282232 0.0001085119 8.6871136e-05 0.050285157 1.909835e-05 9.339082e-06 0.00076002884 0.00046112918 5.129879e-06 3.126177e-07 0.83829767 0.5809437 0.00028648414 1.4820216e-07 0.17259312 0.004314972 3.7425634e-15 0.0017389578 0.7533753 0.85979193 0.38242495 3.7765626e-06 3.1557207e-07 4.0986187e-08 3.3322058e-07 1.925687e-06 0.9578997 1.0428056e-06 0.42469436 9.830279e-07 1.5067972e-06 0.27291706 0.5540412 1.734365e-05 9.9674395e-08 3.940327e-07 1.179718e-06 0.003207771 1.9686414e-07 0.15352765 0.00022467064 0.06917695 8.058815e-05 0.037133083 0.30204546 2.6379622e-08 3.1032928e-07 1.1146243e-06 3.637424e-06 0.0048135044 3.5151774e-05 8.9466374e-07 1.3255882e-08 0.036419336 0.0019879201 0.007813141 0.0028129464 4.2323375e-08 8.721139e-05 0.0024193479 7.563097e-08 0.0044203647 9.821861e-06 1.1168999e-05 0.0010865679 0.0018640775 3.7590064e-06 0.0019287766 1.925005e-07 1.0870926e-05 0.00088759355 0.0006848778 0.000120417855 1.0762722e-06 0.00087371183 3.4718278e-06 7.9398086e-07 2.445492e-07 4.5000465e-07 5.3007734e-05 1.2918227e-07 0.000274912 0.0015175592 3.7273127e-05 9.585613e-06 0.0002186074 0.00030830552 7.762658e-06 2.9194973e-07
0.853501 0.0004997268 0.00044715105 0.041469388 0.0005117812 0.20473716 0.090518706 0.0014002799 0.47027102 0.059014563 0.1174228 0.062607676 0.047050737 0.10198902 0.06035108 0.042073235 0.0009152554 0.0029832623 0.7695614 0.6700542 2.6925375e-06 9.210349e-05 0.010865964 0.06174723 0.41325325 2.9896219e-06 0.44429594 0.97734493 0.0017389578 2.2787238e-16 0.0172328 0.00080029445 0.0048130266 1.8805943e-06 4.279421e-05 4.0244245e-07 6.399187e-05 4.435676e-06 0.00036767506 2.5916594e-07 0.0022995765 0.00043912843 1.0076699e-06 0.05777661 0.00027057325 0.044698615 2.1861554e-06 1.584576e-05 1.6680704e-07 0.8939599 0.003949554 0.005795838 0.2028592 0.0031094477 2.6443447e-06 0.064384386 3.2384658e-05 4.7878996e-07 1.6799048e-07 0.007659219 1.444018e-06 0.16434725 0.085765794 0.002187948 1.0369793e-06 8.848475e-06 0.10081687 2.6907495e-05 3.9062088e-05 3.152962e-07 0.036439694 1.878255e-06 0.00038613408 3.0612134e-06 0.0036362035 0.0016049361 8.4118454e-07 2.2171e-05 0.00094363576 0.00021605579 3.034555e-05 5.210285e-06 0.00015426154 1.2340985e-05 5.97056e-07 0.00016129125 2.4917424e-07 0.00021302528 1.0207801e-07 5.4397153e-09 1.2738852e-07 1.8644766e-07 3.6817436e-08 3.675261e-06 1.3291606e-06 1.5620944e-06 1.3347726e-08 1.9723207e-07 6.888906e-08 1.4141415e-07 2.8663168e-08
0.8868196 3.0189346e-06 4.7524277e-06 0.0013822191 1.782614e-06 0.019219702 0.00014199641 1.6878168e-05 0.14295334 0.00020895182 0.0003232241 0.11318546 0.55894685 0.00034332342 0.00021243352 0.053093556 4.4794215e-05 3.5643618e-05 0.0027714241 0.002105989 1.4267332e-06 9.8581295e-06 0.4501762 0.9607475 0.00085073995 1.1685988e-06 0.59730744 0.048527416 0.7533753 0.0172328 1.3538693e-16 0.25148177 0.08823397 6.193527e-07 1.1743031e-06 5.0616304e-08 1.0998845e-06 2.4723388e-06 0.63228947 3.6716017e-07 0.841689 4.292875e-06 1.4543426e-07 0.75072217 0.7719046 0.0002695775 7.1179755e-08 4.4893e-07 4.6054502e-08 0.047412544 7.7387385e-06 0.04853239 0.0034796875 0.55886775 2.9394309e-05 0.38320747 0.050988883 9.2501494e-08 3.6213187e-08 4.7502366e-05 1.6994912e-07 0.12066238 0.0005053564 1.0524031e-05 5.97655e-08 0.038132463 0.029935047 0.0016334299 0.00093583524 7.897492e-08 0.0007045288 0.0022518781 2.588914e-06 0.00092280516 2.8398304e-05 0.0001417219 0.00045581558 0.00031764113 3.7201284e-05 0.0026726942 1.121628e-06 5.920217e-07 0.0017300114 9.120893e-05 5.0827228e-05 8.1470625e-07 9.720866e-06 1.054879e-05 1.4045643e-06 5.611398e-08 9.519469e-07 4.9220307e-06 5.407639e-08 1.9415967e-05 8.608946e-05 1.4675668e-06 2.1025782e-07 1.2370432e-05 9.92168e-06 6.877389e-07 2.9574728e-08
