3.6187227e-23 0.91526264 0.9352754 0.9066588 0.9098357 0.9485068 0.9435247 0.8681704 0.9444031 0.80559003 0.9742162 0.9861537 0.96816003 0.88790226 0.98092103 0.9522852 0.99443173 0.8319482 0.90696543 0.8756893 0.8689161 0.80238235 0.80804574 0.73034495 0.96892965 0.8750908 0.9486962 0.9090896 0.8332813 0.8903477 0.7337693 0.8917018 0.7885901 0.99997383 0.7561724 0.7667193 0.99996126 0.78676534 0.9818463 0.49442732 0.9572593 0.697422 0.91884995 0.8161049 0.45943964 0.5798543 0.8427166 0.84052163 0.9749881 0.89106405 0.07160919 0.3985781 0.98631096 0.8905692 0.8975414 0.9824376 0.99996275 0.91596836 0.56224895 0.08129219 0.9333355 0.23812166 0.070944704 0.09309429 0.31368825 0.024181072 0.012110176 0.0139799155 0.999841 0.9958451 0.04437863 0.0028587007 0.03830467 0.65811765 0.8169333 0.06032926 0.94867253 0.055093285 0.049968574 0.0047731926 0.09997606 0.20567586 0.9309436 0.8919229 0.043355163 0.00016854437 1.3306686e-06 0.0040713376 0.0025653972 0.16197616 0.27227864 0.008203918 0.021457056 0.7135131 0.9561112 0.005528101 0.0029181307 0.201411 0.7748381 0.28944865 0.094444595
0.91526264 3.6190666e-16 0.94850844 0.27392346 0.15399924 0.0326125 0.95115125 0.72346455 0.014240401 0.5430367 0.8109269 0.0012028633 0.018559156 0.10613976 0.017105332 0.056866843 0.057821162 0.74662465 0.00019628253 0.0051061995 0.0022139954 0.0029897462 0.0010094311 0.001906894 3.6381683e-05 0.000887506 6.544826e-05 0.22025037 9.87349e-05 6.5525455e-05 0.00010940407 4.233333e-05 0.006887649 0.13883035 0.00012521833 0.0045403116 0.0073898197 2.389599e-05 1.2624924e-05 0.046421055 0.026117474 0.02593735 1.7794056e-06 4.7243358e-07 0.0018158812 0.11682597 1.5252736e-05 0.2729213 0.0036450624 5.5326477e-06 2.614855e-05 1.4596866e-07 1.1705373e-06 0.02719828 8.72695e-08 0.0004912263 0.0024388628 0.00078758347 0.02120493 2.4950978e-07 0.00051223167 0.00272627 1.2114039e-06 8.7342147e-07 0.0011665901 0.039202806 2.1818342e-07 0.014979628 6.495857e-05 3.4221637e-06 0.00020608501 0.0012422036 0.016026894 3.9907132e-08 2.4168435e-06 0.00031901087 4.336082e-06 0.00039400536 1.933068e-05 0.00033582066 7.663423e-08 4.853732e-08 4.927942e-05 2.8099018e-06 1.7001861e-06 1.1092167e-05 3.5501383e-08 1.5629104e-05 1.8030227e-05 3.169983e-08 4.6826604e-05 3.2229573e-06 1.6003263e-07 2.556375e-07 1.8091121e-06 8.4047963e-07 1.9766161e-05 5.3058207e-05 2.4333042e-07 2.2721492e-06 3.5002656e-06
0.9352754 0.94850844 1.0152601e-14 0.861832 0.61548436 0.77864987 0.14140141 0.42228165 0.24537648 0.19855149 0.92521 0.00813697 0.1549395 0.19263422 0.15858075 0.005837536 0.8663433 0.01805442 0.0025847512 0.033251807 0.019475745 0.013271664 0.006189314 0.0074514947 0.00067388883 0.0050861347 0.0005543253 0.004624722 0.0006723107 0.00041923113 0.00047827433 0.00012013453 0.011153177 0.20478196 0.00031596946 0.011262124 0.02576165 0.00011265926 5.4947544e-05 0.029594412 0.0143670775 0.04083721 4.903749e-06 5.4820166e-06 0.015926423 0.041137293 0.00011555308 0.030119268 0.0032652107 7.4293624e-05 0.0005501172 3.985543e-07 3.821781e-05 0.0013868636 2.0350717e-06 0.0016728874 0.0037072408 0.0011809467 0.012100554 1.970966e-06 2.5706355e-05 0.00010280473 2.6407322e-05 2.9598514e-06 0.00018284799 0.0013551479 2.8016684e-06 0.0012377532 0.00030110852 3.512845e-05 4.2226482e-05 0.00044455886 0.00044941067 2.3060502e-07 9.796892e-06 2.8596316e-05 3.824345e-05 0.0001043938 1.402376e-06 0.000104718965 1.1381649e-06 5.5763246e-07 0.00029793216 0.00010202085 4.067169e-06 1.8527886e-05 4.8133426e-08 1.5398204e-05 1.2207606e-06 1.637727e-07 0.00092143065 3.0739028e-07 3.2824852e-07 3.6408496e-06 0.00037959227 1.6666432e-06 2.587913e-05 0.00045993042 5.8792593e-06 0.00012865626 2.263634e-06
0.9066588 0.27392346 0.861832 1.854174e-15 0.9674832 0.91318804 0.012188668 0.44586614 0.75521404 0.16748211 0.11972853 0.06994853 0.35126364 0.58787614 0.24291416 0.00071371143 0.36451474 0.0043623894 0.015736131 0.44474512 0.30791762 0.26051557 0.12833364 0.13122949 0.0021900441 0.122768976 0.00024190918 0.0013643022 0.00094838627 0.00029942015 0.0011181304 9.995994e-05 0.20292516 0.04004072 0.00027737906 0.16495763 0.027675526 0.00013083144 9.26998e-05 0.047703758 0.00066214 0.18950555 3.7773086e-06 1.1606316e-05 0.20936006 0.04252 2.222051e-05 0.012168786 0.00011743827 2.1730091e-05 0.012558962 1.485492e-06 7.0319843e-06 7.914302e-05 2.4573708e-05 2.4688976e-05 0.0012219255 0.00013300673 0.0010770248 9.710155e-06 6.576604e-07 4.8332397e-05 0.0022631553 6.183385e-06 5.415869e-05 0.0010762552 0.00012939997 0.0009491064 0.00010839596 1.0404003e-05 3.5827015e-06 0.0003378027 0.00019479108 6.704544e-07 2.110579e-06 6.7123915e-06 1.2854837e-05 3.12e-05 1.9531026e-06 0.00014779773 6.05178e-07 2.5704588e-07 2.9891331e-05 1.4638787e-05 9.188595e-06 4.175543e-05 1.501948e-06 3.1244632e-05 5.0495964e-06 2.0811684e-07 5.827121e-05 1.1290589e-06 2.0589152e-06 7.411408e-07 1.137943e-05 6.3541156e-06 5.078195e-06 3.9017523e-05 1.1123954e-06 8.633796e-06 5.6079017e-07
0.9098357 0.15399924 0.61548436 0.9674832 4.1846644e-16 0.7753536 0.009084499 0.62461925 0.8570165 0.20785111 0.061012592 0.055826444 0.21810587 0.8682618 0.15443385 0.0004986908 0.22761194 0.008895838 0.015320366 0.674174 0.5530762 0.4353225 0.25506958 0.25610992 0.0018657976 0.19819033 0.00022491804 0.0015442469 0.0008157163 0.00016761674 0.001103441 5.765327e-05 0.30301583 0.024632853 0.00010016845 0.28441966 0.017141158 2.8683939e-05 8.8936315e-05 0.053802326 0.00034898514 0.2679977 7.5586235e-07 1.1171859e-06 0.27468434 0.04486275 3.901612e-06 0.010961322 7.606901e-05 2.7720398e-06 0.020802064 2.6371785e-07 2.122899e-06 3.0283887e-05 2.1501107e-07 3.3997723e-05 0.00038807964 1.8392559e-05 8.634986e-05 5.565784e-07 7.363308e-08 2.9761764e-05 0.0013507752 7.9871904e-07 1.656939e-05 0.0012530573 8.8532826e-05 0.001658644 3.263514e-05 1.0879323e-06 3.1060806e-06 0.00035354026 0.00023280714 4.4758444e-08 1.7776435e-08 2.0716052e-06 1.2103242e-06 6.4353253e-07 1.7996365e-07 0.00010660273 2.8855212e-08 9.270669e-09 9.98858e-07 2.675212e-06 6.040668e-07 1.404158e-05 1.7884044e-07 7.683884e-06 1.8803969e-06 1.7246936e-08 2.7125026e-07 5.3400043e-07 2.721015e-08 5.6818546e-08 4.745086e-08 3.1595178e-07 1.1485881e-06 2.7613487e-06 8.362186e-08 1.83334e-07 1.2723007e-07
0.9485068 0.0326125 0.77864987 0.91318804 0.7753536 1.4649501e-14 0.003899738 0.105691954 0.94078314 0.015170512 0.109271795 0.40949535 0.8707797 0.30543864 0.7415546 0.00011844606 0.7600297 0.0012266021 0.09332209 0.3838212 0.33728483 0.24557664 0.17232649 0.15131773 0.005775723 0.09417532 0.002889498 0.00021290628 0.006093128 0.0018893543 0.0045856573 0.0005655933 0.046838336 0.046445612 0.0012399867 0.049632933 0.080510914 0.00073849905 0.00019793825 0.005349947 0.0008790785 0.032416057 1.1659777e-05 0.00011365022 0.113423385 0.0050525735 6.1961684e-05 0.0022468425 0.00017373986 4.946125e-05 0.010584833 2.5654106e-06 1.32206405e-05 8.238104e-06 7.642321e-05 5.0312312e-05 0.0018931356 0.0002632303 0.0007204831 2.4584842e-05 9.816766e-08 9.653002e-06 0.0021220217 1.05806275e-05 5.9347135e-06 0.00020198336 0.00026199484 0.00029568383 0.0003198706 2.3328352e-05 4.040363e-06 0.0001907495 7.868493e-05 1.8359128e-06 1.923191e-06 1.6400394e-06 2.0593952e-05 9.351452e-06 4.6368535e-07 2.5572019e-05 3.7678642e-06 7.133861e-07 7.554646e-05 7.456677e-05 9.4209145e-06 3.738263e-05 2.4839318e-07 8.490656e-06 1.3991631e-06 5.6226605e-07 0.00012700465 2.2673018e-07 4.2165073e-07 1.115074e-06 5.3793265e-05 3.0623492e-06 9.530365e-06 0.00013334851 5.357733e-06 9.284821e-06 4.3422415e-07
0.9435247 0.95115125 0.14140141 0.012188668 0.009084499 0.003899738 5.3857508e-17 0.067448325 0.002008249 0.101095214 0.75142443 0.0006016668 0.013214698 0.006670265 0.016750267 0.97083056 0.0679863 0.57973063 7.972109e-05 0.00042128257 0.00029871854 0.00040863422 0.0001948444 0.0004787822 8.586344e-06 0.0002532724 2.7429593e-05 0.6684179 8.816371e-05 1.9802064e-05 3.111751e-05 1.1567374e-05 0.0012632501 0.36646283 4.0726827e-05 0.0009446208 0.012364414 3.695463e-06 2.1575877e-05 0.008737873 0.25727683 0.0043178108 1.8075902e-07 1.2062593e-07 0.00048018378 0.03868913 4.2380652e-06 0.27011028 0.017938351 1.1015198e-06 1.7604412e-05 5.9237205e-08 2.8375646e-07 0.231852 1.574859e-07 0.0027906513 0.008988261 0.005167686 0.14658552 7.374946e-08 0.011990292 0.03676599 4.4766393e-06 2.426195e-07 0.015039563 0.030447736 2.070833e-06 0.004279462 0.000110474866 4.0957393e-06 0.0026544037 0.00035958152 0.09375867 5.4551997e-08 2.990978e-05 0.00932294 1.9330155e-06 0.0036473228 5.9310834e-05 0.0051423917 2.728379e-08 8.927869e-09 0.00029099366 8.948861e-06 2.9744297e-06 2.562788e-05 1.4568175e-07 0.00011216271 3.0410418e-05 3.7498773e-09 0.0006252745 2.7833528e-05 3.8478365e-08 1.09385766e-07 8.206706e-06 1.1971713e-07 3.5081277e-05 0.00035986453 6.799139e-07 5.9296533e-05 1.4192567e-05
0.8681704 0.72346455 0.42228165 0.44586614 0.62461925 0.105691954 0.067448325 8.827687e-18 0.09835335 0.97798395 0.07617625 0.002079511 0.027415114 0.93448573 0.023369303 0.0031961352 0.058106784 0.41551912 0.0009492735 0.03171871 0.0052333027 0.005528136 0.00081752456 0.0012236473 4.0609855e-05 0.0032651296 1.7559668e-06 0.034542773 1.2312843e-05 2.909559e-06 6.8593276e-06 1.4989415e-06 0.07699 0.019979186 3.3566328e-06 0.056680713 0.0021611908 4.106516e-07 1.4459397e-05 0.14106235 0.0006261099 0.22684006 2.9541239e-08 3.865985e-08 0.10407685 0.20986171 4.848627e-07 0.066175476 0.0001480501 1.06542494e-07 0.003900415 1.1677348e-07 6.581632e-08 0.0002104106 3.032566e-08 6.5486565e-06 0.00013251258 3.469274e-05 0.0001936368 4.146234e-07 1.3575958e-06 0.00018583285 3.590964e-05 1.6861516e-07 9.2860915e-05 0.0060290718 1.4939153e-06 0.008095216 6.2224217e-06 3.639695e-07 2.5041732e-05 0.000905592 0.0037265008 1.7177427e-09 6.9651898e-09 1.9446987e-05 1.2499945e-07 2.237292e-06 4.2838343e-07 0.00017112542 1.0102563e-08 1.0023008e-08 4.33922e-07 7.595596e-08 5.178322e-07 2.316558e-05 7.039129e-08 8.844552e-06 1.2780365e-06 1.9608045e-08 4.981064e-07 1.3786574e-07 1.3777688e-07 1.439412e-08 3.0362294e-08 2.241867e-06 1.1168168e-05 1.7451553e-06 6.0869105e-08 1.8925866e-07 2.0986799e-07
0.9444031 0.014240401 0.24537648 0.75521404 0.8570165 0.94078314 0.002008249 0.09835335 1.4826361e-15 0.019473417 0.029929971 0.46170828 0.47209373 0.5482625 0.31567243 3.101858e-05 0.22190718 0.000920634 0.28989902 0.845135 0.8369154 0.7370054 0.69761735 0.5842571 0.024153223 0.5242277 0.015944485 0.0002395784 0.024565287 0.0059139566 0.024650447 0.0018350721 0.2883838 0.020875392 0.0027812314 0.2801959 0.048566326 0.00084043725 0.0007641926 0.008124222 0.00033527968 0.09086744 2.2737437e-05 8.63031e-05 0.35294172 0.0060473927 3.6876387e-05 0.0018679473 0.00016323545 4.3625223e-05 0.042290412 5.022207e-06 8.362211e-06 4.9184596e-06 1.0558835e-05 6.729676e-05 0.00083064387 5.2749136e-05 7.04714e-05 2.1765514e-05 7.187567e-08 1.7066965e-05 0.008792738 1.7688339e-05 6.5673e-06 0.00011132339 0.0012232634 0.00016352495 0.00027406623 2.4408975e-05 2.7694134e-06 7.387818e-05 1.3080779e-05 3.4773218e-06 5.431776e-08 1.7632597e-06 1.4638423e-05 8.332824e-07 2.6640922e-07 2.078269e-05 1.9517022e-06 5.850647e-07 2.5728821e-05 4.767583e-05 5.2139835e-06 2.9524781e-05 1.339945e-07 6.8559134e-06 9.913902e-07 5.48983e-07 4.1963394e-06 1.405615e-06 3.6856133e-07 4.814939e-07 7.25023e-06 1.0781664e-06 1.1355054e-06 2.2509903e-05 1.7576187e-06 1.9949848e-06 8.1791836e-07
0.80559003 0.5430367 0.19855149 0.16748211 0.20785111 0.015170512 0.101095214 0.97798395 0.019473417 3.5234239e-16 0.07621658 0.0007108468 0.010905293 0.7596124 0.008786959 0.010771805 0.02335731 0.883263 0.00040083623 0.014577115 0.0017626118 0.002695216 0.0002161572 0.0007080853 3.330621e-05 0.0011715587 1.5131938e-06 0.25707626 1.0645719e-05 4.3367436e-06 1.16784295e-05 1.596691e-06 0.26866478 0.015276962 9.431125e-06 0.110856205 0.0016587041 7.9925627e-07 9.105619e-06 0.7651813 0.0004735801 0.64580333 2.9554988e-08 1.7621787e-08 0.11284955 0.692426 4.4402242e-07 0.6132284 0.00011510115 3.924559e-08 0.0041431617 8.31963e-08 1.9946624e-07 0.0012600856 3.2426808e-09 2.2441216e-06 6.913156e-05 1.421984e-05 8.8471636e-05 4.961779e-08 5.1232983e-06 0.0018185726 5.621537e-06 1.08624185e-07 0.00041520395 0.14369841 1.0415343e-06 0.0962046 3.4988605e-06 3.8440933e-07 0.00021153934 0.008964438 0.022886634 1.2659077e-09 2.6615796e-08 0.00028430947 3.1097024e-08 2.4083522e-05 3.7037648e-06 0.00053443835 3.1940235e-08 2.756878e-08 3.397811e-07 2.465547e-07 8.539873e-07 4.6236415e-05 4.4054383e-07 4.668641e-05 4.983623e-06 8.189677e-08 1.5432927e-07 1.1460714e-06 1.7239118e-07 1.1856592e-05 3.868043e-08 1.7691416e-06 0.000102450336 4.6226473e-06 8.732778e-08 2.49674e-07 9.948346e-07
0.9742162 0.8109269 0.92521 0.11972853 0.061012592 0.109271795 0.75142443 0.07617625 0.029929971 0.07621658 6.205329e-16 0.010958933 0.031391013 0.027050734 0.035129692 0.27408564 0.45973048 0.09241246 0.0035262492 0.008157839 0.0071362904 0.0059921113 0.0024853789 0.0027447322 0.0014300968 0.0014515949 0.0023146933 0.05864356 0.0016873638 0.0011385059 0.00079080585 0.0006231086 0.003487426 0.9717953 0.00067462446 0.0027873823 0.020979201 0.00024207118 0.00020066836 0.008710688 0.22085992 0.004069344 7.3048686e-05 3.210816e-05 0.0018752986 0.015335629 0.00034711623 0.049419798 0.028335745 0.00032117183 0.0001435367 4.307368e-06 0.00016284859 0.023279913 6.418399e-06 0.018855574 0.023893934 0.0063681873 0.21785271 5.6705735e-06 0.0069004307 0.0012802628 7.284221e-05 2.608393e-06 0.0016343009 0.0017704271 9.136926e-06 0.0009304842 0.00039245986 0.00022002359 0.00029595554 0.00036015635 0.0013567611 6.3371317e-07 0.0003911308 0.00023793375 0.00010285092 0.0005450117 5.054465e-05 0.00021001663 7.344503e-07 2.2874718e-07 0.006007331 0.0001742001 1.6923403e-06 9.4945135e-06 8.997466e-08 0.000109058645 3.9765226e-05 2.78262e-07 0.004119337 1.6143058e-05 5.6429127e-07 0.00012500523 0.0027747024 1.6179802e-05 0.0001887942 0.0018048928 1.0029936e-05 0.0006912872 5.25397e-06
0.9861537 0.0012028633 0.00813697 0.06994853 0.055826444 0.40949535 0.0006016668 0.002079511 0.46170828 0.0007108468 0.010958933 1.0542995e-13 0.8500119 0.012896627 0.62785184 2.3691515e-05 0.25247103 6.715225e-05 0.97335744 0.116637684 0.28058025 0.2466084 0.34833863 0.24217422 0.511975 0.14484006 0.46703425 5.0462e-05 0.2550727 0.24028778 0.101739235 0.066920295 0.0147851305 0.06372775 0.052702263 0.023400731 0.43010852 0.019193307 0.003469529 0.00096719293 0.00057968026 0.002219488 0.0014437421 0.009020454 0.06641067 0.0010159888 0.001112511 0.0002632057 0.00034213156 0.0010597482 0.011245114 8.113459e-05 0.00013278468 1.6175228e-06 0.0010307558 0.00013098125 0.002322139 0.00021120328 0.00014100471 0.00033084213 1.9948907e-07 3.3256104e-06 0.015692826 5.5008568e-05 2.601251e-06 3.35525e-06 0.0015974742 1.1239306e-05 0.0014786554 0.00016842915 2.8208965e-06 3.0544466e-05 2.7523452e-05 2.5231251e-05 1.0866557e-06 2.2371553e-06 0.0001343462 6.4025353e-06 4.7359973e-07 0.00014084678 3.3016254e-06 5.426514e-07 0.00015492097 0.00031325713 6.486324e-05 5.027289e-05 7.4104685e-07 4.1738866e-05 5.3791437e-06 9.191929e-07 0.0001508924 2.1966653e-06 5.867524e-06 3.4345114e-05 0.00025450895 1.0350591e-05 0.000102105725 0.00026298917 3.780114e-05 9.9019395e-05 1.3373949e-06
0.96816003 0.018559156 0.1549395 0.35126364 0.21810587 0.8707797 0.013214698 0.027415114 0.47209373 0.010905293 0.031391013 0.8500119 4.939308e-15 0.052080836 0.9735914 0.00045996986 0.7745865 0.0014198625 0.34667772 0.18634325 0.30512086 0.20450412 0.23898546 0.15135084 0.34886923 0.08895062 0.32517833 0.0005548304 0.09392701 0.13131738 0.028357618 0.07707502 0.021249002 0.16911365 0.026024826 0.018714542 0.52691054 0.024319608 0.02019516 0.0018552156 0.007377026 0.0023326708 0.0116875945 0.03253053 0.025723677 0.00096721883 0.024639405 0.002773111 0.002848069 0.01066951 0.0023425433 0.00068594783 0.0027286017 0.00056478503 0.0006018544 0.0026196663 0.003792706 0.0005030402 0.0012321507 0.00076299655 5.0937865e-07 3.6662415e-05 0.0058369436 9.142578e-05 4.1128107e-05 0.0001368566 0.00013037545 9.728484e-05 0.011961974 0.0031206664 2.5898917e-06 6.33009e-05 7.1624754e-06 0.0007824243 9.552066e-08 2.6844916e-06 0.005957115 7.958993e-06 1.1981957e-07 0.00019936517 3.4884106e-05 1.4404296e-06 0.0013257009 0.0026519506 6.9101593e-06 1.0230695e-05 3.3403225e-07 3.4441215e-05 3.0986216e-06 1.748764e-06 0.0003966389 1.8422973e-06 4.8764064e-06 8.0698046e-05 0.0005584859 3.8233088e-07 5.9574295e-06 0.0006660892 5.7513345e-05 0.00017432324 3.933514e-08
0.88790226 0.10613976 0.19263422 0.58787614 0.8682618 0.30543864 0.006670265 0.93448573 0.5482625 0.7596124 0.027050734 0.012896627 0.052080836 1.1477309e-15 0.03529368 0.0005473875 0.068314105 0.03984538 0.008001647 0.8083036 0.4774022 0.4176302 0.18962257 0.22152136 0.00047097946 0.27833036 8.179769e-05 0.0025273026 0.0001564356 4.8204198e-05 0.00039539277 9.935051e-06 0.8891282 0.008502711 5.0292405e-05 0.83915645 0.003803685 8.217906e-06 3.7047594e-05 0.4225052 0.00012639603 0.73326313 1.4013096e-07 3.901808e-07 0.7867997 0.3646768 2.0478394e-06 0.05232608 8.8140805e-06 2.8378946e-07 0.16451024 2.7626908e-07 1.4354928e-06 1.1343652e-05 2.4154872e-07 1.1294853e-06 6.264617e-05 3.3034805e-06 8.124969e-06 2.1836368e-07 2.387691e-08 7.5304844e-05 0.0017673281 3.5745123e-07 1.6442295e-05 0.00869391 0.00032129895 0.013432237 1.15995645e-05 4.1128183e-07 3.888743e-05 0.0022329492 0.00041755964 6.6408448e-09 6.132495e-09 2.311013e-05 1.1737124e-07 2.6272019e-06 1.7943643e-06 0.00016236508 4.211112e-08 2.4328155e-08 2.5554684e-07 7.793058e-07 6.208175e-07 0.000116270036 2.1081237e-07 2.9144401e-05 2.5773013e-06 1.12079555e-07 1.5940978e-07 1.0701863e-06 1.8466639e-07 2.5668273e-06 3.8760632e-08 1.4974449e-05 1.0930431e-05 3.1613881e-06 1.07019694e-07 1.3052778e-07 1.8121874e-06
0.98092103 0.017105332 0.15858075 0.24291416 0.15443385 0.7415546 0.016750267 0.023369303 0.31567243 0.008786959 0.035129692 0.62785184 0.9735914 0.03529368 1.1895521e-14 0.0004950283 0.9163666 0.0014241274 0.13734366 0.08862891 0.15772039 0.116014935 0.12696736 0.09676112 0.17925994 0.052938387 0.14389895 0.0009836977 0.05034971 0.0532157 0.016682219 0.030636571 0.017609913 0.2923041 0.015916644 0.018144194 0.57593733 0.01170005 0.0060880836 0.0021497596 0.013220371 0.0040709805 0.0031948632 0.017162817 0.026955757 0.0013589814 0.012349758 0.002205585 0.00486815 0.0067245564 0.0017182928 0.00057445705 0.0018877864 0.000492919 0.0012238795 0.0036245913 0.010797719 0.0017404568 0.011781355 0.0008012514 2.4402864e-06 2.1467693e-05 0.0034114013 5.8642323e-05 4.148477e-05 0.00012762376 0.00017503607 0.00015894324 0.012839996 0.0011767448 9.360205e-06 0.0001827303 2.7831004e-05 0.00063357427 1.7778129e-06 1.23755535e-05 0.0024225365 5.280314e-05 2.8707225e-07 9.016325e-05 3.0776133e-05 1.6120496e-06 0.0016244214 0.0020306325 4.3664677e-05 1.8315315e-05 1.0085314e-06 5.823593e-05 3.887714e-06 6.1217264e-07 0.0017670855 1.8686108e-06 1.9238028e-05 0.0001119666 0.0023925796 7.028916e-07 0.00018643105 0.0008832891 0.00010630132 0.00043884144 8.5063874e-08
0.9522852 0.056866843 0.005837536 0.00071371143 0.0004986908 0.00011844606 0.97083056 0.0031961352 3.101858e-05 0.010771805 0.27408564 2.3691515e-05 0.00045996986 0.0005473875 0.0004950283 6.9298793e-19 0.009118303 0.13533983 1.3443923e-06 2.7758217e-05 1.1595517e-05 2.1760095e-05 4.2276547e-06 1.1853845e-05 5.901462e-07 2.017842e-05 4.1213818e-07 0.8981582 4.5414302e-07 1.6216103e-07 1.6951783e-06 1.6022948e-07 7.033583e-05 0.51269954 4.9405713e-07 1.6302021e-05 0.0006067296 4.6580762e-08 6.839459e-07 0.0034606433 0.7520724 0.0006941076 7.2359e-09 6.42779e-10 3.1037234e-06 0.013300222 9.576895e-08 0.06782605 0.06713923 2.9337508e-09 1.2132607e-06 5.414943e-09 6.356967e-09 0.7224129 1.6386785e-07 0.0071661486 0.012146187 0.0031579412 0.7493108 1.5715058e-07 0.23341346 0.17090891 4.8296727e-07 4.552646e-08 0.12279795 0.00600506 9.430105e-07 0.00037682254 7.0225815e-06 7.311067e-08 0.030637555 0.0001953367 0.0654724 2.8970604e-10 0.00017107859 0.03620175 3.9563357e-08 0.005620227 0.004820919 0.007136407 3.3735077e-09 1.3823579e-09 0.00052040286 2.4879254e-08 2.3256557e-07 2.347509e-05 1.2888853e-07 0.00090777007 0.0004086779 1.2393416e-08 0.00072285096 0.000761976 2.8135862e-08 1.5962861e-08 9.882538e-06 2.6418834e-07 0.00011011523 0.00022281361 1.3368362e-08 1.3771489e-05 0.0003092726
0.99443173 0.057821162 0.8663433 0.36451474 0.22761194 0.7600297 0.0679863 0.058106784 0.22190718 0.02335731 0.45973048 0.25247103 0.7745865 0.068314105 0.9163666 0.009118303 4.1046827e-15 0.009060381 0.057662074 0.05829678 0.06727788 0.046012007 0.039770555 0.03301603 0.041153304 0.024278989 0.03486496 0.006038702 0.019764796 0.018634764 0.009532529 0.013752339 0.013765245 0.6518747 0.009415526 0.012447669 0.60876817 0.005714166 0.004311108 0.0061113555 0.03387524 0.010117626 0.00245446 0.009181189 0.018530076 0.0035922388 0.012218225 0.004597493 0.013011059 0.0068483045 0.0017822692 0.00085081416 0.0020009682 0.0022011625 0.00031288335 0.012235558 0.020648967 0.0047590635 0.040054634 0.00052240025 7.57515e-05 9.812016e-05 0.001444443 7.789471e-05 0.00017999172 0.00026135897 0.00022952745 0.00024220558 0.010718197 0.0011910464 0.0001451543 0.0003751659 0.0003071894 0.00047429197 3.1126474e-05 0.00012903115 0.002779842 0.00015190164 4.4297963e-06 7.149752e-05 6.1230516e-05 5.850996e-06 0.0058918665 0.0024796424 0.00022100064 3.1494823e-05 1.4148745e-06 0.00023087054 1.6477283e-05 2.709005e-05 0.0042090104 9.5716905e-06 0.0007124295 0.0009389727 0.0062182224 5.3711905e-05 0.0019385208 0.0016683084 7.8591336e-05 0.00068325375 6.0129046e-06
0.8319482 0.74662465 0.01805442 0.0043623894 0.008895838 0.0012266021 0.57973063 0.41551912 0.000920634 0.883263 0.09241246 6.715225e-05 0.0014198625 0.03984538 0.0014241274 0.13533983 0.009060381 4.662493e-16 5.0116356e-05 0.00044977965 8.130151e-05 0.00021051234 3.351395e-05 0.000116951305 3.1214329e-06 7.192865e-05 8.81848e-07 0.9746118 1.621264e-05 3.2138232e-06 2.1421229e-05 3.9244074e-07 0.0054205633 0.03107042 1.1502438e-05 0.0016610819 0.00075729424 7.4034756e-07 6.532283e-06 0.37807578 0.009314463 0.07474692 1.1114684e-08 8.9959356e-09 0.00081234355 0.4632291 4.6620784e-07 0.9005848 0.0020388658 1.4598222e-08 0.0003848771 1.8115576e-07 3.1475228e-08 0.041175462 4.5012715e-08 0.00018030648 0.0001206825 0.00019001652 0.0030260142 5.2622788e-08 0.00034701527 0.052219372 3.4290765e-06 4.593659e-08 0.015214029 0.4906118 4.0504556e-06 0.16640694 3.1278007e-06 1.0395854e-06 0.0042775543 0.030360825 0.3172005 5.606046e-09 2.7701926e-06 0.01747962 1.3054158e-07 0.00044072207 6.0313774e-05 0.013542681 2.360201e-07 7.8234734e-08 1.8152916e-05 2.447907e-07 4.1809517e-06 7.630297e-05 1.9660317e-07 0.000512594 0.00014424532 8.2523e-07 9.400156e-06 1.25615725e-05 1.11945376e-07 2.5596246e-05 1.4621785e-06 9.2835154e-07 0.001854836 2.866928e-05 3.5057528e-07 3.0389613e-06 2.0915888e-05
0.90696543 0.00019628253 0.0025847512 0.015736131 0.015320366 0.09332209 7.972109e-05 0.0009492735 0.28989902 0.00040083623 0.0035262492 0.97335744 0.34667772 0.008001647 0.13734366 1.3443923e-06 0.057662074 5.0116356e-05 1.4629816e-14 0.17212611 0.42531526 0.3763389 0.5627005 0.38175324 0.9529818 0.24938238 0.7758329 2.8914812e-05 0.52277774 0.52530104 0.26368266 0.2551633 0.013461816 0.0167769 0.1345612 0.018861791 0.11591746 0.06594677 0.0024864788 0.00078606704 0.00013166203 0.0016220026 0.007889254 0.021554105 0.057076376 0.00050176977 0.0008698758 0.00013293876 8.2960396e-05 0.0009400547 0.012660492 0.0002484251 9.4446674e-05 7.649093e-07 0.002353455 5.543541e-05 0.00080038485 3.1634136e-05 2.118966e-05 0.0003537615 5.0703072e-08 2.8212976e-06 0.02403688 9.9253004e-05 4.0408347e-07 9.754626e-07 0.0015872708 4.298651e-06 0.0008419414 8.6336026e-05 2.1694423e-06 4.174458e-06 4.1756202e-06 1.8066958e-05 1.2393056e-07 7.721101e-07 9.458323e-05 1.7353387e-06 8.6445766e-07 2.424458e-05 5.8827145e-06 1.1304239e-06 5.0400966e-05 0.00017479285 9.688565e-06 1.6642824e-05 3.7541142e-07 2.3414541e-05 2.5322627e-06 1.2021349e-06 1.4268689e-05 5.2866553e-06 7.1497027e-07 1.045069e-05 5.063516e-05 1.0472081e-05 1.6159755e-05 3.7464106e-05 5.083404e-06 6.540449e-06 6.0121647e-06
0.8756893 0.0051061995 0.033251807 0.44474512 0.674174 0.3838212 0.00042128257 0.03171871 0.845135 0.014577115 0.008157839 0.116637684 0.18634325 0.8083036 0.08862891 2.7758217e-05 0.05829678 0.00044977965 0.17212611 5.3392976e-16 0.9679536 0.9332631 0.6695416 0.6595309 0.012755563 0.7133779 0.0010569661 0.00035905206 0.004365911 0.0005299901 0.012689963 0.00022531307 0.43066692 0.0075343316 0.00043000255 0.45305926 0.008533771 6.603692e-05 0.0002657575 0.0075808302 7.586211e-05 0.10072693 7.87452e-07 1.6099063e-06 0.5324669 0.005970757 7.957604e-06 0.00052265846 1.17548025e-05 1.4938668e-06 0.08375616 6.7059386e-07 1.8522737e-06 3.2668734e-07 6.53763e-06 2.950731e-06 0.0001932212 7.4793497e-06 4.7513648e-05 1.2664773e-06 2.3509958e-08 1.859674e-06 0.016543558 1.2601906e-06 1.6793531e-06 4.0682575e-05 0.0026924056 0.00024201487 3.2500742e-05 2.6131286e-06 2.2500963e-06 6.781881e-05 8.566387e-06 1.1546918e-07 4.5140045e-08 9.781567e-07 9.791422e-07 5.903615e-06 2.104995e-06 2.4962426e-05 2.407677e-07 2.7574632e-07 8.115293e-07 9.953976e-07 2.5817196e-06 6.82814e-05 1.1778232e-07 1.2950113e-05 5.3470344e-06 1.8637549e-07 1.1928776e-06 1.3565151e-06 9.2392696e-08 3.2436148e-07 1.8167809e-07 1.0547402e-05 1.7374368e-06 9.667623e-06 2.647046e-07 4.3534413e-07 1.9741642e-06
0.8689161 0.0022139954 0.019475745 0.30791762 0.5530762 0.33728483 0.00029871854 0.0052333027 0.8369154 0.0017626118 0.0071362904 0.28058025 0.30512086 0.4774022 0.15772039 1.1595517e-05 0.06727788 8.130151e-05 0.42531526 0.9679536 5.3058165e-16 0.9430241 0.85117567 0.7483837 0.058108877 0.76056725 0.011849963 0.000106881555 0.027601367 0.005547042 0.055610187 0.0009600122 0.1410701 0.008685573 0.001891341 0.16713968 0.01801019 0.00026585613 0.00047252575 0.0023384094 9.7417134e-05 0.030797835 1.8825375e-06 7.449785e-06 0.41462564 0.0015504839 1.9842786e-05 0.00018547148 3.3085395e-05 5.5013893e-06 0.051639024 3.0438227e-06 1.833766e-06 1.5091562e-07 0.000104780906 3.52321e-06 0.00043480206 2.0115573e-05 2.0528676e-05 5.979469e-06 1.2724591e-08 7.706999e-07 0.02717542 8.668803e-06 5.062912e-07 1.0480414e-05 0.0038886892 4.876446e-05 5.4100663e-05 8.604098e-06 4.381932e-07 1.8405068e-05 3.1636446e-06 5.352353e-07 2.0354324e-08 3.595957e-07 2.8761224e-06 2.614143e-06 6.6612125e-07 4.722649e-06 4.1144068e-07 7.3292694e-07 1.3458317e-06 1.3862611e-06 5.1478896e-06 9.127907e-05 1.4827327e-07 7.2087932e-06 2.5851934e-06 7.964809e-08 1.0517193e-06 1.0601531e-06 2.334974e-07 9.5713425e-08 1.7231638e-07 2.0035219e-05 6.4674225e-07 4.402585e-06 2.4740027e-07 2.3706977e-07 9.316651e-07
0.80238235 0.0029897462 0.013271664 0.26051557 0.4353225 0.24557664 0.00040863422 0.005528136 0.7370054 0.002695216 0.0059921113 0.2466084 0.20450412 0.4176302 0.116014935 2.1760095e-05 0.046012007 0.00021051234 0.3763389 0.9332631 0.9430241 1.8543508e-15 0.94259655 0.9273027 0.07500434 0.9078798 0.030023856 0.0003866039 0.05501079 0.011934507 0.10742556 0.0029252567 0.20917673 0.0061487937 0.0044970866 0.25022662 0.01519688 0.0007500747 0.0005691292 0.0031521071 8.51697e-05 0.044925116 9.523061e-06 2.7754195e-05 0.49169222 0.0014886725 5.2387877e-05 0.0003045501 2.2815917e-05 1.6058591e-05 0.08905974 7.552791e-06 3.7120642e-06 6.093721e-07 0.00014733727 4.525134e-06 0.0002914675 1.3689425e-05 1.651241e-05 4.897519e-06 3.469792e-08 4.283342e-06 0.047315612 1.024202e-05 9.927014e-07 3.6546793e-05 0.006801358 8.9093955e-05 3.0489258e-05 1.2289099e-05 1.1046969e-06 2.7012655e-05 6.437182e-06 1.1517207e-06 1.0370801e-08 1.0319862e-06 6.9801026e-06 1.9648796e-06 2.0928649e-06 5.485013e-06 5.099235e-07 5.211231e-07 1.0086815e-06 1.4724692e-06 4.1408857e-06 0.00014955403 2.9532518e-07 6.3339453e-06 3.7290208e-06 1.7105646e-07 2.0101972e-07 3.423189e-06 1.6962304e-07 3.9884932e-07 6.506133e-08 4.5460063e-05 1.486737e-07 2.0832665e-06 1.3008201e-07 1.332137e-07 1.0948653e-06
0.80804574 0.0010094311 0.006189314 0.12833364 0.25506958 0.17232649 0.0001948444 0.00081752456 0.69761735 0.0002161572 0.0024853789 0.34833863 0.23898546 0.18962257 0.12696736 4.2276547e-06 0.039770555 3.351395e-05 0.5627005 0.6695416 0.85117567 0.94259655 1.4259951e-15 0.96611124 0.19816405 0.93629915 0.12938702 3.2567015e-05 0.18756448 0.072605826 0.3126355 0.014384489 0.09941307 0.00595037 0.027769772 0.14334767 0.025635703 0.0028247142 0.0010880714 0.001648608 0.00012404888 0.017461594 2.179424e-05 0.00041981766 0.45569214 0.000791964 0.00012462267 6.4622815e-05 5.3698186e-05 2.975745e-05 0.085978754 2.7334381e-05 6.6636876e-06 2.003193e-07 0.0018882889 3.5226758e-06 0.00040571802 1.5618763e-05 2.9628593e-06 5.166872e-05 1.2923594e-08 2.246646e-06 0.08480769 2.9164725e-05 5.785894e-07 7.853459e-06 0.00883098 8.679325e-06 0.00013315816 3.383819e-05 5.0710497e-07 7.985147e-06 2.691549e-06 2.0205446e-06 1.06797575e-08 6.222466e-07 1.076362e-05 1.7073777e-06 1.4635847e-06 4.373618e-06 1.6691182e-06 1.265374e-06 3.0057483e-06 3.8680723e-06 3.8789144e-06 0.00017198666 8.9966215e-07 7.797174e-06 4.103156e-06 3.388947e-07 5.47799e-07 4.1031594e-06 3.437178e-07 4.4911368e-07 1.8075625e-07 0.00012804338 3.1927883e-07 2.9216933e-06 2.6940438e-07 1.6027457e-07 2.8600202e-06
0.73034495 0.001906894 0.0074514947 0.13122949 0.25610992 0.15131773 0.0004787822 0.0012236473 0.5842571 0.0007080853 0.0027447322 0.24217422 0.15135084 0.22152136 0.09676112 1.1853845e-05 0.03301603 0.000116951305 0.38175324 0.6595309 0.7483837 0.9273027 0.96611124 1.8803588e-14 0.10491302 0.97148365 0.06218919 0.00024132137 0.10816571 0.024138791 0.28721812 0.006396829 0.22535256 0.003404711 0.01028043 0.29966778 0.013531521 0.0013072281 0.0008540236 0.002319462 5.2972202e-05 0.033950854 1.8150597e-05 8.9406414e-05 0.5253181 0.00127737 9.2444745e-05 0.00017465705 3.3401633e-05 2.7223012e-05 0.124704555 1.0718804e-05 7.205267e-06 2.7465714e-07 0.0004391984 2.0958348e-06 0.00019438672 6.2565414e-06 2.2021038e-06 1.7020462e-05 6.257934e-09 2.480302e-06 0.07438445 1.2172655e-05 5.911584e-07 6.998539e-06 0.008391323 1.8807441e-05 3.363848e-05 3.2156735e-05 1.3800957e-06 5.18924e-06 5.552003e-06 8.571914e-07 3.4546543e-09 8.776405e-07 7.562016e-06 7.042973e-07 4.7007256e-06 5.5105097e-06 1.1658882e-06 5.225211e-07 4.2626678e-07 1.4758504e-06 3.7884852e-06 0.00021005292 9.891075e-07 6.124795e-06 2.1589842e-06 2.7501778e-07 6.9552364e-08 3.7283737e-06 1.8104592e-07 8.6726357e-07 3.6664453e-08 4.1634266e-05 1.7966082e-07 1.1652602e-06 1.1818062e-07 8.554499e-08 1.0162901e-06
0.96892965 3.6381683e-05 0.00067388883 0.0021900441 0.0018657976 0.005775723 8.586344e-06 4.0609855e-05 0.024153223 3.330621e-05 0.0014300968 0.511975 0.34886923 0.00047097946 0.17925994 5.901462e-07 0.041153304 3.1214329e-06 0.9529818 0.012755563 0.058108877 0.07500434 0.19816405 0.10491302 5.2159164e-14 0.06862094 0.92816395 1.3894842e-06 0.6963368 0.7897846 0.38007924 0.62032366 0.0029369453 0.029480154 0.42500624 0.0061401334 0.56918603 0.35236424 0.05710339 0.00017324877 0.00011558151 0.00039683472 0.09775064 0.1565895 0.020861123 4.563516e-05 0.00534015 1.32468285e-05 0.00013845754 0.0044139866 0.005421577 0.0029165978 0.0005844688 1.552861e-07 0.06281389 0.00010403214 0.0019862647 0.000101879574 2.9041394e-06 0.0034331786 1.0685402e-08 1.118318e-06 0.05538816 0.00064277323 2.2531334e-07 3.6670123e-08 0.0026406858 8.412113e-08 0.005435078 0.00039334584 1.0256177e-06 1.126987e-06 8.093763e-06 0.00031321112 5.379244e-07 1.3244055e-06 0.00044851928 2.269609e-06 9.1990677e-07 4.0685023e-05 6.3212035e-05 1.8299044e-05 0.00018205056 0.0012955129 4.2464908e-05 2.0296264e-05 5.8625153e-07 2.5347717e-05 2.3159032e-06 7.1019936e-06 0.00023025773 1.5787078e-06 4.1534586e-06 3.915014e-05 0.0004104201 0.0002465673 1.1592277e-05 9.025229e-05 6.335489e-05 2.9535904e-05 7.805335e-06
0.8750908 0.000887506 0.0050861347 0.122768976 0.19819033 0.09417532 0.0002532724 0.0032651296 0.5242277 0.0011715587 0.0014515949 0.14484006 0.08895062 0.27833036 0.052938387 2.017842e-05 0.024278989 7.192865e-05 0.24938238 0.7133779 0.76056725 0.9078798 0.93629915 0.97148365 0.06862094 5.210465e-15 0.08455636 4.1065163e-05 0.13060398 0.044479005 0.2961619 0.013616654 0.7727657 0.0019754956 0.016675703 0.81628674 0.010589912 0.002281111 0.0007511549 0.005031832 1.412935e-05 0.113970585 4.2971453e-05 9.666881e-05 0.8026192 0.0016730587 6.985313e-05 9.924392e-05 2.5798145e-06 7.641901e-06 0.43975994 1.6780106e-05 1.0820688e-05 1.452175e-07 0.0002045975 9.3096344e-07 0.00019640669 1.5097515e-06 1.3155403e-07 8.494949e-06 1.9052095e-08 2.682547e-06 0.11611791 1.2765072e-05 3.2087146e-06 2.7598612e-06 0.023232108 6.635056e-06 5.019863e-05 9.1451375e-06 1.0430707e-05 1.4902718e-05 8.748658e-06 9.310202e-07 2.0523976e-09 4.0704404e-06 2.9256248e-06 6.3425096e-06 1.2888092e-05 1.3864748e-05 1.521124e-06 1.9096974e-06 2.292921e-07 2.997344e-06 1.2824178e-05 0.0008048754 5.733894e-06 2.8239263e-05 1.3754489e-05 6.504818e-06 1.7763451e-08 8.608202e-06 1.3523353e-06 2.8932684e-05 5.7390583e-08 0.00022771757 1.9570757e-06 5.81722e-07 2.2286354e-06 1.2816267e-07 5.553539e-06
0.9486962 6.544826e-05 0.0005543253 0.00024190918 0.00022491804 0.002889498 2.7429593e-05 1.7559668e-06 0.015944485 1.5131938e-06 0.0023146933 0.46703425 0.32517833 8.179769e-05 0.14389895 4.1213818e-07 0.03486496 8.81848e-07 0.7758329 0.0010569661 0.011849963 0.030023856 0.12938702 0.06218919 0.92816395 0.08455636 1.6736416e-14 1.8351199e-06 0.8786803 0.95217955 0.5912776 0.7569508 0.0005057804 0.012664019 0.5146378 0.002481922 0.41156483 0.41649613 0.038182203 0.00013988072 4.030647e-05 0.00023396408 0.054285783 0.13104564 0.04367383 4.5235913e-05 0.0032189733 3.4545776e-06 8.148112e-05 0.0006130771 0.012139477 0.0010651788 7.825851e-05 1.1988512e-08 0.2432905 7.360915e-06 0.0019245746 8.166698e-05 6.5501245e-06 0.00058944203 2.5993228e-09 1.754451e-07 0.23947945 0.0002659043 1.6006331e-07 1.972522e-07 0.008514071 3.5761525e-07 0.0006120863 9.654516e-05 2.5017144e-07 2.0492557e-06 1.0074027e-06 4.747103e-05 5.763936e-07 2.7416306e-07 1.428286e-05 1.3486024e-05 4.403641e-07 3.9570946e-06 8.217176e-06 4.1039657e-06 2.549867e-05 9.1295966e-05 3.3747405e-05 4.361844e-05 7.152635e-07 1.0590199e-05 2.7084325e-06 2.1267592e-06 8.126046e-06 4.4644386e-07 2.6073808e-06 4.44195e-06 2.2183956e-06 0.0015050365 1.3644902e-05 7.479663e-06 8.525035e-06 1.3399111e-06 2.5066545e-06
0.9090896 0.22025037 0.004624722 0.0013643022 0.0015442469 0.00021290628 0.6684179 0.034542773 0.0002395784 0.25707626 0.05864356 5.0462e-05 0.0005548304 0.0025273026 0.0009836977 0.8981582 0.006038702 0.9746118 2.8914812e-05 0.00035905206 0.000106881555 0.0003866039 3.2567015e-05 0.00024132137 1.3894842e-06 4.1065163e-05 1.8351199e-06 2.3348376e-15 2.9205528e-05 3.0918236e-06 6.174375e-06 4.8247335e-07 0.0040267287 0.052852754 3.029889e-06 0.0020686137 0.0005671561 1.8891983e-07 2.0683162e-06 0.10587332 0.041615892 0.011436951 1.3645791e-08 2.3879368e-08 0.00025367294 0.17718098 1.0772312e-06 0.5310125 0.0061914013 2.2278076e-07 5.3704687e-05 6.073276e-07 1.4927895e-07 0.6539021 5.1104473e-07 0.0008334656 0.00037562795 0.00081982743 0.09578865 1.11804965e-07 0.039528556 0.64895153 2.9487196e-06 3.1468264e-08 0.22924775 0.16195072 2.7142582e-06 0.01698632 1.5884533e-06 7.854517e-07 0.06341721 0.00556093 0.42140138 8.677748e-09 9.123534e-06 0.17428337 3.5817926e-08 0.026224751 0.0018179328 0.0806905 3.622908e-08 1.0246874e-07 8.618038e-07 1.9182608e-07 4.3584987e-06 2.6273108e-05 2.2472374e-08 0.008298877 0.0024808426 1.3967767e-06 1.1050504e-05 0.0009938471 3.1931343e-08 0.00023418886 1.5009913e-06 1.0678302e-06 0.005133971 1.6148355e-05 4.4059217e-07 2.962102e-06 0.0001272071
0.8332813 9.87349e-05 0.0006723107 0.00094838627 0.0008157163 0.006093128 8.816371e-05 1.2312843e-05 0.024565287 1.0645719e-05 0.0016873638 0.2550727 0.09392701 0.0001564356 0.05034971 4.5414302e-07 0.019764796 1.621264e-05 0.52277774 0.004365911 0.027601367 0.05501079 0.18756448 0.10816571 0.6963368 0.13060398 0.8786803 2.9205528e-05 4.8251624e-16 0.9414477 0.97399247 0.73279667 0.004286788 0.0033002642 0.8619202 0.009471453 0.07602078 0.4065558 0.008932397 0.00025741867 1.1089376e-05 0.00044597246 0.017336674 0.05950279 0.09928811 7.046447e-05 0.0011768123 4.141885e-06 1.0333281e-05 0.00040817642 0.030381469 0.0005358298 6.379962e-05 3.1070577e-08 0.25853494 6.3919438e-06 0.00029082 2.4746435e-06 6.8439463e-06 0.0007367432 3.205483e-09 4.0189204e-07 0.37510183 0.00020438572 3.3444314e-07 6.82659e-07 0.010102338 1.918119e-06 0.000119858036 5.5908735e-05 8.313828e-07 2.5748789e-06 8.593483e-07 1.4786503e-05 1.19038415e-08 2.594105e-07 4.4019656e-05 1.1924284e-06 1.5882048e-06 5.761894e-06 2.5273407e-06 7.221918e-07 3.5929666e-06 4.9637297e-06 1.5937072e-05 4.4026117e-05 1.4526798e-06 8.940671e-06 2.181049e-06 3.5281272e-07 3.1515734e-07 3.397288e-06 5.774604e-07 1.6357267e-06 1.2376827e-07 0.0016405402 6.3094825e-07 6.232708e-06 1.8699933e-07 3.756134e-07 2.6375901e-06
0.8903477 6.5525455e-05 0.00041923113 0.00029942015 0.00016761674 0.0018893543 1.9802064e-05 2.909559e-06 0.0059139566 4.3367436e-06 0.0011385059 0.24028778 0.13131738 4.8204198e-05 0.0532157 1.6216103e-07 0.018634764 3.2138232e-06 0.52530104 0.0005299901 0.005547042 0.011934507 0.072605826 0.024138791 0.7897846 0.044479005 0.95217955 3.0918236e-06 0.9414477 6.7033467e-15 0.6735004 0.9491437 0.00044931835 0.006227005 0.82601684 0.001965427 0.22940546 0.5749411 0.043179538 0.0001140363 2.2534387e-05 0.00019859207 0.07623449 0.19361874 0.03200697 2.8857565e-05 0.006423455 3.2515022e-06 3.350056e-05 0.0015421379 0.016357595 0.0038937158 0.000119939796 1.8510073e-08 0.43783242 1.0278782e-05 0.0013711384 4.3158565e-05 6.4850774e-06 0.0025651806 2.5519418e-09 3.915021e-07 0.31680062 0.00048361358 1.6274e-07 2.4298885e-07 0.012119477 3.9204122e-07 0.0007116459 0.00022241322 5.183964e-07 1.566521e-06 6.5336064e-07 0.00010129974 1.9885825e-07 2.1608163e-07 3.8193877e-05 1.18374755e-05 5.850697e-07 2.738112e-06 3.1488846e-05 7.421555e-06 1.5063109e-05 0.00021556659 3.852142e-05 7.790102e-05 2.14995e-06 8.116434e-06 3.3580957e-06 3.6968588e-06 1.9691568e-06 1.9797126e-06 6.19138e-06 3.3726024e-06 1.1892065e-06 0.0028362335 1.4759645e-06 1.5194561e-05 6.5870586e-06 1.4810884e-06 3.5850119e-06
0.7337693 0.00010940407 0.00047827433 0.0011181304 0.001103441 0.0045856573 3.111751e-05 6.8593276e-06 0.024650447 1.16784295e-05 0.00079080585 0.101739235 0.028357618 0.00039539277 0.016682219 1.6951783e-06 0.009532529 2.1421229e-05 0.26368266 0.012689963 0.055610187 0.10742556 0.3126355 0.28721812 0.38007924 0.2961619 0.5912776 6.174375e-06 0.97399247 0.6735004 3.5652325e-14 0.5496731 0.021887459 0.0015491995 0.93655056 0.0261427 0.026570689 0.595308 0.0027630161 0.00017760861 5.461613e-06 0.00055475126 0.015411185 0.08524705 0.24190357 6.577069e-05 0.0006910568 4.170061e-06 1.7015404e-06 0.00012541613 0.1640458 0.00051846565 6.5448636e-05 4.086052e-08 0.33578223 1.5437248e-06 0.00034372343 1.3538141e-06 3.720011e-07 0.00049163523 2.0665832e-08 1.3636022e-06 0.724505 9.974519e-05 1.3741228e-06 4.19807e-07 0.051386073 1.1641861e-06 7.7378645e-05 4.3965407e-05 1.2077812e-05 9.716681e-07 1.1789953e-05 6.7965107e-06 7.972674e-10 7.2145494e-06 2.9450146e-05 1.6047268e-06 1.2551081e-05 3.4932313e-05 7.759253e-06 7.1972254e-06 3.3831958e-07 3.6317604e-06 1.8419678e-05 0.00023345432 1.5758814e-06 3.971228e-05 1.923436e-05 8.796294e-06 2.3731392e-08 6.154164e-06 1.7094012e-06 3.4155208e-05 1.02967945e-07 0.0015761018 9.1743965e-07 1.1321091e-06 3.1445512e-07 1.2570739e-07 5.8385212e-06
