5.2530744e-30 2.9785047e-05 2.6403346e-05 0.0007949367 0.0026672448 0.020877158 4.659621e-05 8.262456e-06 0.05532912 2.0789262e-06 0.073540024 0.008147418 0.03199132 0.07424193 0.47429776 0.29361248 0.08218503 7.563174e-05 6.914303e-05 0.05859573 0.32332096 0.00014095416 0.13715738 0.6566735 0.25171182 0.0004726353 0.6412452 0.004114684 1.2555961e-06 0.51864564 0.00078174105 1.8839769e-07 0.85023755 0.80003065 0.26482445 0.91160446 0.43276858 0.6613292 0.40193835 0.74277514 0.7196457 0.61166495 0.00010838324 0.0019067705 0.2915249 0.24553499 0.00012458903 0.50382197 0.5388392 0.82248026 0.6047074 0.062450174 0.25014222 0.6272144 0.64883614 0.7118132 0.8129953 1.1785456e-07 1.1242319e-05 3.7354755e-07 0.012316807 0.87030363 0.0013000334 0.74681723 0.88899654 0.49908596 0.7193092 0.56405103 0.8866425 0.25566763 0.0064101913 0.8419413 0.939133 0.018301915 0.9616854 0.37984607 0.71367365 0.90363604 0.96058285 0.9218739 0.9173551 0.011843772 0.25068292 0.19947143 0.0022050727 0.9873875 0.918728 0.9590908 0.9997148 0.17459418 8.895471e-09 0.8826512 7.0964084e-08 0.9998451 0.99931353 9.196261e-05 0.999933 0.9993064 0.41135406 0.99733114 0.06478331
2.9785047e-05 2.3014688e-19 0.80744976 0.72555965 0.8113164 0.6771911 0.2779543 0.005920929 0.12193218 0.031147461 0.28925183 0.13868175 0.0795553 0.1091287 0.018200414 0.02157944 0.0147722205 0.0021787612 0.0010068339 0.0043380014 0.004632085 0.00021981323 0.012924588 0.008936116 0.0020489842 1.3676781e-05 0.00020654446 6.2431245e-06 8.6917835e-06 0.0006439424 1.1240448e-06 5.0717827e-06 0.00056048896 0.0002149665 0.00010909536 0.0014335556 2.2542836e-05 0.000108968095 0.00020578926 1.3179312e-05 0.000108257525 0.0008131477 1.8820518e-07 6.146597e-08 3.2950686e-07 0.00015557895 4.7938164e-07 0.00015402015 2.544507e-06 9.17672e-06 6.856388e-05 2.3999607e-07 2.4869792e-06 2.0928397e-05 4.0879953e-05 5.0078497e-06 2.0533276e-05 6.9205666e-06 6.9767807e-06 1.2681476e-06 1.315157e-08 2.223023e-06 2.5669348e-08 3.458182e-05 7.624564e-07 2.1172349e-05 2.5240868e-06 4.1124713e-06 7.6121805e-06 5.027816e-07 1.3258216e-07 4.8551215e-06 0.0008901952 2.4254618e-07 8.8857465e-05 7.9603484e-07 3.4366817e-06 0.00078858424 6.781112e-05 0.00017353553 7.2283956e-07 1.1300575e-06 5.751463e-06 7.662181e-06 2.8484624e-06 1.8884508e-05 0.00018857344 1.8212487e-06 0.00016668724 1.516926e-06 2.2708245e-07 2.3619843e-07 1.2024185e-07 0.00016657202 8.873033e-06 1.439655e-06 0.00064021355 0.0007687972 2.8043428e-07 2.5714164e-06 7.6149644e-07
2.6403346e-05 0.80744976 1.66564e-20 0.80767846 0.6906641 0.8208062 0.3538053 0.029516371 0.061317652 0.11358644 0.28471345 0.36824715 0.20270543 0.13790841 0.025661381 0.044597473 0.034903985 0.009303902 0.0039722184 0.032301474 0.0010753878 0.0012023471 0.009010873 0.0072758547 0.0007840082 0.00045113626 0.0017966564 0.00014411057 6.0046215e-05 6.499513e-05 1.3014916e-05 4.8403017e-05 0.00037979428 0.0011161248 0.00039053522 0.00055338535 8.956131e-05 3.86295e-05 4.3864227e-05 2.9601326e-05 1.528999e-05 0.0001466849 1.4718221e-06 2.691933e-07 7.403013e-06 3.443271e-05 7.8119143e-07 1.7421513e-05 5.409181e-06 1.3277006e-05 2.0260042e-05 7.2006783e-06 4.3066262e-05 7.6679335e-06 0.00023871084 1.0887931e-05 8.0817736e-05 1.3859234e-05 2.4876692e-06 1.8756007e-06 2.0419371e-07 7.0512638e-06 2.9704866e-08 7.3014235e-06 1.1226832e-06 2.6402462e-05 1.004181e-06 9.1951515e-06 9.722988e-06 6.285831e-07 8.738922e-07 7.233537e-06 0.00065650366 5.5065095e-07 5.5170967e-05 2.5972106e-06 4.2445654e-06 0.00040596904 5.9957805e-05 5.3903776e-05 1.6667005e-06 1.2300231e-06 1.3556403e-05 2.718963e-06 6.3488155e-06 1.619144e-05 8.251411e-05 3.3793347e-06 5.2377032e-05 5.9532836e-06 5.6856356e-07 4.936634e-07 2.1521645e-07 0.00014365323 6.4989276e-06 3.2894561e-06 0.000826246 0.000625539 4.1527437e-07 1.8775103e-06 6.5729387e-06
0.0007949367 0.72555965 0.80767846 1.2693594e-18 0.772817 0.8820517 0.31337264 0.24047907 0.10967423 0.09846422 0.4834639 0.35009506 0.22951572 0.23869231 0.08304885 0.08362593 0.057363894 0.0078675635 0.0035942846 0.023840435 0.010850669 0.0011771691 0.019309128 0.02576477 0.0051526222 0.00032125824 0.0022430497 0.0001486986 8.597323e-06 0.002038958 0.00010648843 1.3850429e-06 0.0022995544 0.0016465479 0.00087945873 0.0017161883 9.904178e-05 0.00028934603 0.00010269832 0.00011676419 0.00014997681 0.0006575356 1.5384216e-05 9.506677e-07 8.391881e-06 0.00023118054 2.8112418e-06 0.00014329981 2.5271205e-05 2.6380616e-05 8.4658706e-05 8.618314e-06 2.3403223e-05 1.9680858e-05 0.00018052483 3.4263652e-05 0.00012985713 1.839354e-05 9.943468e-06 1.1724343e-06 2.2564687e-07 1.7523977e-05 8.655701e-08 0.0001887429 7.941714e-06 4.3820826e-05 8.794197e-06 1.2593034e-05 8.164027e-05 1.892824e-06 5.707872e-07 5.8929538e-05 0.00066870486 7.246016e-07 0.00021548332 7.185731e-06 1.164563e-05 0.0017382224 0.00012765772 0.00013706193 5.5654837e-06 3.5902124e-06 7.319763e-05 7.0612764e-06 1.7312483e-05 3.983628e-05 0.00027156904 4.3855002e-06 0.00091293437 5.9100594e-06 3.4856985e-06 3.2442122e-07 1.138279e-06 0.00025809443 6.312541e-05 3.3995793e-06 0.0021632034 0.0016374593 1.7236725e-06 6.908417e-07 7.682602e-06
0.0026672448 0.8113164 0.6906641 0.772817 3.406533e-18 0.83338577 0.37748715 0.013335697 0.86577314 0.027053315 0.8375632 0.02871828 0.04409516 0.13241042 0.08521092 0.019995738 0.002697215 0.0002794032 0.000107652675 2.1878726e-05 0.08179565 1.16734955e-05 0.010578091 0.055028923 0.0028624423 6.7336293e-07 2.14137e-06 1.0678579e-06 4.5923437e-07 0.0035216366 1.15960354e-07 1.2657154e-06 0.00013019888 5.291066e-05 1.0765037e-05 0.0046530445 1.222479e-06 0.0005201183 0.00080147525 1.060104e-05 2.0832476e-05 0.0011222151 1.9349235e-07 5.9859016e-09 7.0839366e-07 0.00045543234 2.4656138e-08 0.0014247932 6.8044155e-06 1.07749365e-05 0.00024589102 4.871187e-08 7.5771794e-07 1.2835373e-05 6.187317e-05 1.1890879e-05 2.305892e-05 6.4684746e-06 8.687055e-07 2.9075006e-06 6.092343e-09 1.8526994e-06 2.8396894e-09 4.8295766e-05 3.576151e-06 1.0347127e-05 1.0633452e-05 1.1468532e-06 2.6987018e-06 2.0964953e-07 1.01350885e-07 1.1006719e-05 0.0015970211 4.8733707e-08 7.943664e-05 2.2657584e-07 3.7221425e-06 0.0022225995 0.00021418357 3.3584176e-05 1.237209e-06 2.2278292e-07 1.1454273e-05 2.4925623e-07 5.7067973e-06 1.1354989e-06 0.0006249499 7.660401e-07 0.00028432952 1.50845e-05 5.036397e-07 3.7780055e-07 9.151152e-09 0.0021206723 2.0142743e-06 1.5896808e-06 7.4194926e-05 1.1445668e-05 2.0224704e-06 1.7151287e-07 1.3063489e-05
0.020877158 0.6771911 0.8208062 0.8820517 0.83338577 1.1548477e-19 0.50136095 0.428882 0.12493562 0.14312577 0.6963636 0.63819003 0.66033465 0.6676112 0.5073928 0.4795045 0.34476647 0.032690782 0.0133497 0.06715222 0.009868468 0.0028427055 0.06206508 0.09792807 0.014452801 0.00090448104 0.006818305 0.00011919861 4.426705e-06 0.0066144196 0.00012914884 1.3930101e-05 0.0045474833 0.0051809526 0.0012392567 0.0010355883 0.0004001182 0.00181067 0.00030209622 0.00029847762 0.0002780375 0.0005057295 5.0221664e-05 2.5899917e-07 4.080483e-06 0.0005519691 9.2054216e-07 0.00030737696 0.00012499379 7.585372e-05 0.00010533264 2.4545475e-06 3.0512251e-06 0.00013387042 5.2857653e-05 0.00017761505 0.00013009501 2.6772386e-06 2.109754e-06 5.2339605e-08 1.7635583e-07 3.4149572e-05 5.0174624e-08 0.0005400239 9.125714e-05 3.5361666e-06 6.737111e-05 3.6801957e-06 0.00018640794 1.0786601e-06 7.096912e-07 0.00014995808 0.0012936889 4.1388935e-07 0.0001427207 4.138679e-06 2.7639559e-05 0.0022357106 0.00019932314 0.00013634398 1.1123779e-05 8.4287404e-07 1.1985101e-05 9.30323e-06 1.2222249e-06 5.0408103e-06 0.0006740952 4.4632966e-06 0.0005084525 4.5124984e-06 1.2825687e-06 1.9487989e-06 3.1031922e-07 0.001061019 0.000110007124 1.2356801e-07 0.00010457645 9.682067e-05 1.1032366e-06 1.7770383e-06 4.5622082e-06
4.659621e-05 0.2779543 0.3538053 0.31337264 0.37748715 0.50136095 2.6835782e-17 0.024568755 0.4501015 0.371635 0.1432799 0.04514746 0.015198838 0.009071872 0.0032164524 0.0008923287 0.0009239534 0.0020839295 0.00093246915 0.0007121137 0.0015351716 0.00012105702 0.00034650814 0.0013218392 0.00010326814 5.0739716e-05 0.000107340515 4.3031428e-06 0.00028843054 0.00012421851 1.7641421e-05 0.0005414944 4.3258e-05 1.387201e-05 5.291987e-06 0.0016757008 1.2302038e-06 0.000102743965 7.441644e-05 1.387597e-06 3.21321e-06 0.0006013051 1.6222832e-05 1.939325e-06 3.8560506e-06 7.230603e-05 2.1669405e-06 9.5457144e-05 2.4162912e-07 1.2679475e-05 4.809982e-05 1.1732218e-06 6.7007127e-06 3.271544e-05 9.335826e-05 7.328924e-06 4.015048e-05 0.00043314308 3.084042e-05 4.9084112e-05 6.7753126e-07 1.2476751e-06 5.0034504e-07 0.0002112599 8.754784e-06 6.5616936e-05 2.2218921e-05 7.034945e-05 8.998909e-06 2.7471766e-05 1.385895e-06 6.314401e-05 0.0062244046 5.152821e-06 0.002749844 8.474704e-06 0.00012916548 0.0023597837 0.0031980942 0.0006029612 0.00023300794 4.499727e-06 1.6254997e-05 3.9998602e-05 0.00010589305 0.0004756917 0.0019408062 0.00010835927 0.0009775693 4.1445005e-06 1.0090124e-06 0.00021901599 1.20056575e-05 0.0014781747 0.0002045505 0.00012592632 0.0035878154 0.0019728432 8.9912606e-07 3.9094622e-05 6.6818934e-06
8.262456e-06 0.005920929 0.029516371 0.24047907 0.013335697 0.428882 0.024568755 2.4924672e-22 0.0008986225 0.9699038 0.00067337905 0.337762 0.06365677 0.008329861 0.0015489814 0.011375172 0.01851039 0.027517123 0.021532923 0.14600472 4.872806e-07 0.022522595 0.00049285346 0.0004166269 8.981568e-05 0.012745153 0.0013594409 0.0034831068 0.00035441207 1.5215544e-05 0.0007775525 0.00011408144 0.00037945455 0.0032149896 0.0014397677 0.00023013457 0.0002786807 5.874347e-05 3.1684103e-05 0.0001103944 1.1484933e-05 0.0001437434 4.914397e-05 1.3891979e-06 6.584939e-05 0.00019730291 4.0156165e-06 1.32282585e-05 1.5437006e-05 6.716487e-05 1.6843845e-06 2.3350363e-05 3.388786e-05 1.6434926e-05 0.000104308114 0.00012231265 4.0443512e-05 3.1944364e-05 2.3270702e-06 2.4440385e-06 5.553038e-07 4.755313e-05 8.179199e-09 0.00022149226 6.741279e-06 3.31825e-05 7.743415e-07 8.958988e-06 0.00040305548 4.9589676e-07 9.029749e-07 6.992274e-06 0.00015205498 2.5969284e-06 0.0002950104 2.59275e-05 0.0005702992 0.00018116605 7.57757e-05 3.3953755e-05 0.00046729468 6.9146226e-06 0.00014846835 3.386661e-06 7.338275e-06 0.00031226894 1.9360792e-05 0.00024361754 0.00013312678 2.0950085e-05 2.7925267e-08 1.870962e-05 4.9756824e-08 4.0072805e-06 5.3735017e-05 5.865432e-06 0.00071234326 0.0021051026 8.950708e-07 0.0015762046 1.8922374e-06
0.05532912 0.12193218 0.061317652 0.10967423 0.86577314 0.12493562 0.4501015 0.0008986225 9.3454435e-17 0.0019390514 0.96168745 8.061459e-05 0.000744491 0.01942815 0.03102574 0.00089090737 2.5051406e-05 3.0369176e-05 6.3959624e-06 1.6489129e-06 0.976396 4.2528227e-06 0.006281922 0.07738515 0.0033523634 4.4991793e-07 2.511563e-07 3.1569428e-07 1.3880153e-06 0.007255985 6.376312e-07 2.390114e-07 6.281403e-05 3.8344037e-06 7.1484897e-07 0.056398332 1.10502405e-07 0.0012297224 0.0016799426 2.428766e-06 8.607225e-06 0.0059527 3.3122834e-07 2.200676e-08 5.2474576e-07 0.0021851964 4.7751223e-07 0.005799208 5.5304923e-07 2.7641627e-06 0.0015818871 9.156639e-08 2.4764174e-07 8.5545735e-06 7.5343164e-06 1.4484717e-06 3.7667935e-06 1.1398306e-05 2.5750949e-06 1.0570745e-05 2.5276313e-07 3.6597925e-07 6.836874e-08 3.8704988e-05 3.4750572e-06 3.5772046e-06 2.665504e-06 1.5686317e-06 1.3715357e-06 1.3274345e-07 3.011095e-07 4.4834214e-05 0.0047008605 1.3073868e-07 4.729543e-05 3.7367974e-07 5.977833e-06 0.0099151125 0.00032752074 1.7518913e-05 8.8837135e-07 6.82589e-08 2.013118e-06 4.0072877e-08 2.2298198e-06 4.3996783e-07 0.0064461576 2.854471e-07 0.00011055497 2.3231264e-07 2.8157723e-07 6.652458e-07 7.995402e-08 0.0042380737 7.599676e-06 4.697788e-07 7.866771e-06 9.255907e-07 9.70876e-09 7.235796e-07 1.8019155e-07
2.0789262e-06 0.031147461 0.11358644 0.09846422 0.027053315 0.14312577 0.371635 0.9699038 0.0019390514 4.3232057e-22 0.0034921854 0.17601572 0.028092276 0.0071340594 0.0007165458 0.0049418537 0.006988115 0.062495112 0.04387516 0.0450402 2.6730188e-06 0.029254014 4.3638036e-05 6.143916e-05 4.3270725e-06 0.012664562 0.00012979152 0.0016974303 0.0011810565 1.5941047e-06 0.00087793655 0.0033960636 1.2296531e-05 5.5551413e-05 3.0559473e-05 2.1744932e-05 1.1815899e-05 1.8926922e-06 2.4925946e-06 1.9226318e-06 6.800773e-07 8.108867e-06 8.197328e-06 4.242742e-07 1.3784055e-06 2.248717e-06 1.6034795e-07 5.5310727e-07 5.1500325e-07 9.399811e-07 4.8879184e-07 9.35721e-07 3.3478443e-06 6.723183e-07 5.0386167e-05 1.2890285e-06 4.8499332e-06 2.4259407e-05 1.6573109e-06 1.2862987e-06 5.5228735e-08 1.8428084e-06 6.3671606e-09 2.6091097e-06 4.1844203e-07 2.937427e-05 4.7272362e-08 9.819734e-06 1.7473503e-06 2.3046443e-06 3.732851e-07 7.7953405e-07 7.159932e-05 2.9055786e-07 2.0821077e-05 1.4187457e-06 9.563498e-06 7.7178185e-05 2.66518e-05 4.949912e-06 1.9144576e-05 4.91865e-07 1.3749414e-05 9.86374e-07 6.749648e-08 1.0838288e-05 9.669716e-06 1.7732116e-05 2.5032025e-06 7.698103e-07 1.0054505e-08 3.6001484e-06 1.5992422e-08 1.9987745e-06 3.7458085e-06 4.5166595e-07 0.00011295209 0.0003972823 3.7775028e-08 4.302004e-05 6.957347e-08
0.073540024 0.28925183 0.28471345 0.4834639 0.8375632 0.6963636 0.1432799 0.00067337905 0.96168745 0.0034921854 5.2392493e-21 0.014060073 0.08201413 0.46134925 0.67567134 0.14452815 0.017603517 0.00042895644 0.00012655911 0.00048150582 0.89014786 5.286829e-05 0.29555446 0.76778203 0.17363885 6.06975e-05 2.1877746e-05 1.6098444e-05 1.4119585e-05 0.2092406 4.6083085e-05 2.8653043e-05 0.006532128 0.00081090466 0.00042840617 0.11875673 2.5593392e-05 0.036569208 0.018454494 0.000689077 0.0049008857 0.016170077 4.343969e-05 3.5522316e-06 2.7000535e-06 0.006362776 1.8789637e-05 0.00922773 0.00027409603 0.0003187548 0.0036655075 5.8863225e-06 6.5840063e-06 0.0011999706 2.099663e-05 0.00040904657 1.1966314e-05 3.067987e-05 4.8631755e-06 3.078419e-06 2.552021e-06 7.614501e-05 8.745195e-08 0.002395775 0.0006435887 2.3269517e-05 0.00047224035 1.3459363e-05 9.3481394e-05 6.1930223e-06 2.8414572e-06 0.0010425253 0.004345695 3.2752882e-06 0.00031868066 6.240672e-06 2.391644e-05 0.0070520104 0.0021431425 0.0010392743 3.881414e-05 1.002777e-06 4.7085978e-05 2.111586e-06 1.1652218e-05 5.42825e-06 0.003241514 8.1485205e-06 0.00053362834 3.0450594e-06 5.315821e-06 1.975262e-06 3.2792077e-06 0.003934695 6.816955e-05 3.178322e-07 3.0617466e-05 2.629563e-06 1.8121243e-07 1.4402949e-06 2.6201333e-06
0.008147418 0.13868175 0.36824715 0.35009506 0.02871828 0.63819003 0.04514746 0.337762 8.061459e-05 0.17601572 0.014060073 2.5928661e-20 0.891666 0.22005711 0.07266708 0.44081587 0.66672015 0.4260261 0.30496073 0.77997255 5.445599e-06 0.3238896 0.008469707 0.0025578886 0.001033864 0.089054376 0.28464845 0.027854672 0.0025413728 0.00047576358 0.02134888 0.0010856227 0.01419047 0.02631542 0.013448625 1.9248764e-05 0.01112421 8.039801e-05 1.04401115e-05 0.0016116532 0.00013796301 6.3218424e-05 0.00020627299 1.0946235e-05 0.00026970866 3.4291337e-05 9.363722e-06 4.2221304e-06 0.00029526372 0.00010061325 9.101331e-06 1.8445695e-05 8.51461e-06 2.471324e-05 0.001934231 0.0005211019 0.0030157322 1.8149643e-05 1.6126518e-05 7.5172596e-07 9.626971e-07 0.00011262404 1.2555834e-07 1.581952e-05 1.7666202e-05 3.288423e-05 8.017198e-07 1.3866969e-05 0.0004887837 1.8140983e-06 7.186542e-07 5.2462847e-06 4.0742718e-05 1.3379217e-06 2.202821e-05 2.3485513e-06 0.00021910245 0.0003689373 1.6588963e-05 4.5285597e-05 1.5541635e-05 1.3604575e-06 5.8820217e-05 2.2470897e-06 1.7720932e-06 8.3824466e-07 0.00015841599 4.1823832e-06 0.00021071179 2.2851173e-05 4.4558467e-07 1.3779692e-06 3.0386641e-07 8.1511826e-05 0.000371304 1.6017935e-07 3.2243024e-05 7.261076e-05 5.0800816e-07 3.258359e-06 6.3894237e-07
0.03199132 0.0795553 0.20270543 0.22951572 0.04409516 0.66033465 0.015198838 0.06365677 0.000744491 0.028092276 0.08201413 0.891666 6.9800424e-21 0.56023824 0.29719335 0.86623687 0.905561 0.12438659 0.09012374 0.48180985 7.646046e-05 0.08878611 0.033410296 0.022177536 0.007417296 0.023661014 0.2622157 0.013559159 0.0009130293 0.004596616 0.0098045245 0.000117279786 0.02917476 0.039717168 0.015840393 0.00024534756 0.011583913 0.0013400735 0.0004077772 0.0051339585 0.0009781941 0.00082299334 4.134645e-05 2.586461e-06 0.00010114064 0.00017715391 3.4445732e-06 9.170814e-06 0.0013637115 0.0006821664 0.0001306023 5.5572737e-06 3.120775e-06 0.00011694137 0.0012310183 0.0016841464 0.0029684552 1.0049431e-05 2.3544626e-06 6.2119597e-07 5.461272e-07 0.00041730708 1.4505665e-07 0.000115387884 0.0003364167 3.3011584e-05 9.663328e-06 7.652935e-06 0.00073964585 6.134209e-07 2.152622e-07 1.7281734e-05 0.0004802829 3.885399e-07 0.0001009512 2.4731075e-06 0.00020207123 0.0006717198 0.00011047044 0.00014066034 3.945483e-05 8.6733e-08 2.8776767e-05 5.3146226e-07 1.9080408e-06 9.249735e-06 0.0005263095 9.013699e-06 0.00043598877 7.755783e-06 2.1336756e-07 1.7055239e-06 1.2822123e-07 0.0007077272 0.0001392141 1.1951048e-08 5.4994405e-05 1.3185699e-05 5.4027623e-08 2.268763e-06 2.3991504e-07
0.07424193 0.1091287 0.13790841 0.23869231 0.13241042 0.6676112 0.009071872 0.008329861 0.01942815 0.0071340594 0.46134925 0.22005711 0.56023824 1.8565898e-20 0.98122644 0.7281843 0.3403651 0.010596564 0.009537199 0.07368436 0.008331902 0.007653341 0.18135074 0.14196388 0.04829797 0.0030099167 0.054705262 0.0047210124 0.00014801821 0.027073793 0.0013323842 7.924956e-06 0.030205663 0.009697903 0.0051293215 0.0018147647 0.0021559282 0.0080628935 0.0022051672 0.004504723 0.0041581476 0.0020327957 1.6246475e-05 2.1360363e-06 6.192792e-06 0.0010403774 2.2496135e-06 0.0005146948 0.0013949305 0.0019444355 0.00076893537 1.1668026e-06 9.138768e-07 0.0011053715 8.456479e-05 0.0018913384 0.0004805631 9.045173e-06 5.694799e-06 6.66019e-07 2.5683488e-07 0.00045966334 3.1423775e-07 0.00093893474 0.00047376667 3.1342952e-06 0.00021692792 1.4235287e-06 0.00013975176 9.621844e-08 2.6195474e-07 0.00045351527 0.0017288156 2.0666255e-07 0.00023409039 2.283457e-07 9.858534e-06 0.002910954 0.0003810209 0.00041363074 2.9922232e-06 2.7191538e-07 5.234121e-06 2.5840214e-07 2.346413e-06 6.699505e-06 0.0016787846 2.3591153e-06 0.00043739975 2.3358327e-06 1.3537934e-06 3.4971671e-07 3.0282322e-07 0.00088823924 3.0192385e-05 3.017432e-08 1.9202615e-05 8.230494e-06 1.4165616e-07 1.079887e-06 7.495662e-07
0.47429776 0.018200414 0.025661381 0.08304885 0.08521092 0.5073928 0.0032164524 0.0015489814 0.03102574 0.0007165458 0.67567134 0.07266708 0.29719335 0.98122644 8.154646e-21 0.44601247 0.1079483 0.0012294386 0.0010144867 0.030259682 0.05541842 0.00094561814 0.67124045 0.6581337 0.3384605 0.001527672 0.035255212 0.0016435765 0.0001503926 0.1528486 0.0008223857 2.0553065e-05 0.07917685 0.0162105 0.0031664576 0.036883917 0.001371861 0.10372783 0.017983347 0.0068128966 0.024562653 0.05315454 9.036202e-05 3.2617834e-05 1.2846026e-05 0.0055281464 4.8839298e-05 0.0037129815 0.0019935253 0.0054874048 0.008062259 1.6367535e-06 5.9032806e-07 0.015286639 4.2635947e-05 0.0027234037 0.00011135343 2.7902148e-05 6.807568e-05 1.01585265e-05 3.8810012e-06 0.00052751706 8.206049e-06 0.004712142 0.0030373086 5.6346225e-06 0.0025822516 6.1542523e-06 0.00021632918 1.4067843e-06 1.6405368e-06 0.0012702708 0.0038908557 2.765109e-06 0.0012511937 3.1069276e-06 1.0717106e-05 0.0067699845 0.0033091186 0.0021721288 8.2062805e-05 3.0787214e-06 1.7677663e-05 4.2005354e-06 2.5128811e-05 1.7661554e-05 0.005857229 1.4493748e-05 0.00189659 3.0051294e-06 2.2267066e-06 9.216574e-06 7.9550125e-07 0.008959344 0.00035731183 1.1713876e-07 7.041886e-05 4.0269704e-05 9.804579e-07 4.0807074e-05 1.0991085e-06
0.29361248 0.02157944 0.044597473 0.08362593 0.019995738 0.4795045 0.0008923287 0.011375172 0.00089090737 0.0049418537 0.14452815 0.44081587 0.86623687 0.7281843 0.44601247 3.778213e-21 0.9683666 0.023996372 0.020668902 0.48427996 0.00035538583 0.030088937 0.1355318 0.09026655 0.037928283 0.010560493 0.45070708 0.025542147 0.00091346866 0.015968239 0.020413212 0.000138245 0.1828459 0.16904868 0.036374934 0.0022221245 0.023322381 0.01285259 0.0019255687 0.036888145 0.010285215 0.0015502747 0.0005139869 0.00029550315 0.00072893326 0.0010821505 4.7781516e-05 0.00014096558 0.01228238 0.0086818095 0.0005456756 2.3714752e-05 1.5278169e-05 0.0051530567 0.003041667 0.013901788 0.009448866 5.22394e-05 9.3982955e-05 4.370174e-06 2.802648e-05 0.0041891322 4.0256664e-06 0.0018513114 0.0031945247 0.000108530956 0.00056046864 4.1528787e-05 0.0015807183 4.03301e-06 8.781609e-06 0.00031457227 0.0019652005 4.526865e-06 0.0026062871 2.0111216e-05 0.0001577874 0.0018714288 0.001203236 0.0015070704 0.0003781542 4.4021904e-06 3.5645076e-05 5.3320123e-06 2.5027191e-05 4.1438427e-05 0.0013521465 0.000102226346 0.0021276358 3.2109052e-05 1.0533023e-06 3.6923084e-05 6.3387694e-07 0.002328188 0.00056052 1.3641284e-07 0.00019811653 0.000110760426 3.0061328e-06 8.544076e-05 1.1721424e-06
0.08218503 0.0147722205 0.034903985 0.057363894 0.002697215 0.34476647 0.0009239534 0.01851039 2.5051406e-05 0.006988115 0.017603517 0.66672015 0.905561 0.3403651 0.1079483 0.9683666 7.055935e-22 0.06900326 0.049290434 0.7514201 2.8578323e-05 0.06719194 0.029348562 0.007482849 0.0069310325 0.01786177 0.46319532 0.034095287 0.0005331291 0.005360757 0.016592026 0.00010716693 0.0801823 0.11074945 0.039248873 9.3631556e-05 0.035270307 0.001997356 0.0002688017 0.020982534 0.002194923 0.0005419969 0.00054295524 0.00058622955 0.00075792 0.00019313832 1.9498188e-05 5.4133297e-06 0.011520487 0.0037922123 9.034427e-05 6.572166e-05 3.550276e-05 0.0010787718 0.0051786504 0.009552869 0.01521249 3.556918e-05 2.3526301e-05 1.3675755e-06 9.332012e-06 0.0046371436 1.6692646e-06 0.0005176495 0.0016252542 0.00021696555 8.5033105e-05 5.371524e-05 0.0031822072 3.328844e-06 1.1184684e-06 9.066007e-05 0.0011183693 1.1421031e-06 0.0014961653 1.2555595e-05 0.00018731965 0.00041281641 0.0011371555 0.00062962715 0.0003266062 1.1236687e-06 3.2350457e-05 3.5266087e-06 3.958185e-06 5.2413765e-05 0.00026026755 4.114066e-05 0.0021984342 5.452867e-05 3.4174687e-07 3.007026e-05 4.4196707e-07 0.0011410466 0.000339728 7.235254e-08 0.00035618775 0.00020009278 1.3520477e-06 9.2350456e-05 7.136004e-07
7.563174e-05 0.0021787612 0.009303902 0.0078675635 0.0002794032 0.032690782 0.0020839295 0.027517123 3.0369176e-05 0.062495112 0.00042895644 0.4260261 0.12438659 0.010596564 0.0012294386 0.023996372 0.06900326 1.0437871e-20 0.69161916 0.43928346 1.1634785e-05 0.62906194 0.0011641617 0.00048743188 7.1437054e-05 0.2076469 0.06141492 0.048963655 0.006258645 6.532168e-05 0.018370602 0.0073077045 0.0005667014 0.0051103574 0.004106924 0.000121124795 0.0017045828 5.6521144e-06 1.1963176e-05 1.3844018e-05 3.6312078e-05 1.3768598e-05 0.00018266986 6.3929256e-06 9.550677e-05 1.4040576e-05 3.8706003e-06 7.141039e-06 2.5100344e-06 1.9180708e-05 8.035956e-06 7.562052e-06 1.6287895e-05 3.0861324e-06 0.0012464918 6.779472e-06 0.00044013155 4.0127474e-05 4.7046274e-06 1.4624574e-06 2.9831753e-07 1.4871158e-05 2.6741583e-08 3.2732992e-06 1.872257e-06 0.00016319919 2.5374757e-07 6.695867e-05 3.114839e-05 2.0787993e-06 2.0473011e-07 2.629784e-06 0.0005077714 2.7905924e-07 4.770516e-05 8.2261395e-06 4.780718e-05 0.00076209125 1.2746704e-05 8.0586084e-05 1.7449898e-05 6.594849e-07 8.7046115e-05 2.7547376e-05 1.0732014e-06 2.778261e-05 0.00012444345 1.3848732e-05 6.907975e-05 2.7683677e-06 3.2444703e-08 2.824803e-06 1.06779304e-07 4.5705805e-05 7.281978e-05 7.079482e-08 0.00024495245 0.00051038695 8.731058e-07 4.254036e-06 2.8285405e-07
6.914303e-05 0.0010068339 0.0039722184 0.0035942846 0.000107652675 0.0133497 0.00093246915 0.021532923 6.3959624e-06 0.04387516 0.00012655911 0.30496073 0.09012374 0.009537199 0.0010144867 0.020668902 0.049290434 0.69161916 1.8210403e-21 0.4387651 4.5099473e-06 0.75141877 0.0003580241 0.00016756543 3.147188e-05 0.32158032 0.106513396 0.10243351 0.013210932 1.6739317e-05 0.047299437 0.015651502 0.00045905466 0.006069449 0.0049287085 4.021325e-05 0.0023793376 1.4975484e-06 1.8175581e-06 8.795657e-06 6.42192e-06 3.7730927e-06 0.0005709318 2.0304105e-05 0.00038170593 3.6623605e-06 4.829353e-06 1.1616008e-06 1.1408916e-06 6.7026685e-06 2.307849e-06 1.4236922e-05 2.8878461e-05 3.6086786e-07 0.001166465 5.084771e-06 0.00035193146 4.9485036e-05 7.962501e-06 3.5491398e-06 3.0759642e-07 5.818189e-06 5.559495e-08 8.171925e-07 2.5328384e-07 0.00011180131 8.254776e-08 4.0530693e-05 1.550767e-05 1.406551e-06 1.6376676e-07 6.2152714e-07 0.00028088997 3.502561e-07 3.1531457e-05 5.1242073e-06 3.227705e-05 0.0006971683 7.481211e-06 4.068114e-05 1.3799583e-05 3.7005114e-07 5.410226e-05 1.6621885e-05 8.6123686e-07 2.1637901e-05 0.00013178829 1.6002195e-05 9.79316e-05 2.1431986e-06 3.113364e-08 1.0965414e-06 9.62379e-08 4.4382465e-05 4.831037e-05 6.2924315e-08 0.000278652 0.00050830917 7.982987e-07 4.1991975e-06 2.2073489e-07
0.05859573 0.0043380014 0.032301474 0.023840435 2.1878726e-05 0.06715222 0.0007121137 0.14600472 1.6489129e-06 0.0450402 0.00048150582 0.77997255 0.48180985 0.07368436 0.030259682 0.48427996 0.7514201 0.43928346 0.4387651 8.263338e-21 2.1226533e-05 0.63268745 0.017321264 0.0022844276 0.0029883108 0.4081632 0.9327212 0.55037946 0.01540342 0.0007963845 0.20161 0.0052992497 0.07768928 0.22646163 0.23957115 3.0955838e-05 0.18025933 0.0004923611 1.6022075e-05 0.02129219 0.0009657919 2.3224487e-05 0.023910131 0.030092947 0.050670587 3.825406e-05 0.0024656882 4.357319e-06 0.007011961 0.0010000376 4.2425986e-06 0.004995217 0.004330712 0.00047055274 0.023117714 0.003981359 0.024520744 0.002103521 0.0001303834 5.778373e-05 0.0005317114 0.0010962571 2.6453652e-05 8.759849e-05 0.0002953944 0.0007156559 1.1114745e-05 0.00028921527 0.0033344363 5.5622877e-05 4.7024183e-05 1.2280545e-05 0.00018548014 1.4632492e-05 0.00011422394 4.7778234e-05 0.00030406806 0.0010705631 0.00017054265 0.00025431172 0.000114464056 3.897901e-06 6.156762e-05 6.667801e-06 2.5555e-05 5.301544e-06 0.0004715975 1.3921987e-05 0.0002534935 5.769705e-05 7.084558e-07 2.7597125e-05 3.6306662e-06 0.00035680243 0.0001739738 1.026011e-06 7.2997354e-05 0.00010912377 3.730657e-06 0.00015494358 1.0877134e-06
0.32332096 0.004632085 0.0010753878 0.010850669 0.08179565 0.009868468 0.0015351716 4.872806e-07 0.976396 2.6730188e-06 0.89014786 5.445599e-06 7.646046e-05 0.008331902 0.05541842 0.00035538583 2.8578323e-05 1.1634785e-05 4.5099473e-06 2.1226533e-05 7.25467e-19 1.3583522e-06 0.038491584 0.7503063 0.030541928 4.0906775e-07 3.1197367e-06 2.792745e-06 6.7469614e-07 0.16485596 1.7247157e-07 1.415723e-07 0.00060160935 5.9651815e-05 1.2625996e-05 0.90401715 1.5082563e-06 0.029748982 0.07322307 3.926418e-05 0.00038166568 0.17880228 1.3546419e-06 2.707752e-07 1.773045e-06 0.095099814 5.302116e-06 0.11557851 9.766295e-06 0.0001047706 0.0817798 8.058961e-07 1.1417361e-06 0.0011176773 0.00017481187 1.687643e-05 1.0408181e-05 5.8311534e-06 2.0636282e-05 3.3550692e-05 9.0167896e-07 3.6382603e-06 4.0715838e-07 0.0014303648 0.00010919321 2.688949e-05 0.0018928123 6.0215007e-06 6.069738e-07 1.0587304e-06 1.0535111e-06 0.0018657272 0.11651065 6.774285e-07 0.00049208244 5.448389e-06 1.0912798e-05 0.087966055 0.017416656 0.0026683211 2.0436262e-05 1.929286e-06 6.169482e-05 1.4760996e-06 3.1823206e-06 8.9214685e-05 0.088498265 1.876702e-05 0.0014022664 8.225214e-06 2.0177475e-07 1.526857e-05 5.6138816e-08 0.25044164 8.824143e-05 7.822724e-09 0.00041817638 7.07346e-05 7.264137e-09 6.4139357e-07 1.9532383e-08
0.00014095416 0.00021981323 0.0012023471 0.0011771691 1.16734955e-05 0.0028427055 0.00012105702 0.022522595 4.2528227e-06 0.029254014 5.286829e-05 0.3238896 0.08878611 0.007653341 0.00094561814 0.030088937 0.06719194 0.62906194 0.75141877 0.63268745 1.3583522e-06 2.0850225e-22 0.0007141053 0.00037309472 5.873563e-05 0.5795003 0.28928536 0.26784003 0.022587247 2.2888815e-05 0.12099294 0.018355688 0.0020558154 0.013595045 0.00939082 4.1369407e-05 0.0072700987 1.3021099e-05 3.680968e-06 0.00014035575 1.6931757e-05 9.033682e-06 0.002679333 0.000108227905 0.0017509654 5.5115083e-06 1.7092652e-05 9.295271e-07 1.2158663e-05 2.543727e-05 8.039038e-06 0.000107359956 0.0001334209 4.120959e-06 0.0035264508 3.3689943e-05 0.0023456248 8.59937e-05 1.4406996e-05 7.60829e-06 1.9139602e-06 3.250623e-05 5.903517e-07 3.4166333e-06 1.904979e-06 0.00014883737 2.4341674e-07 4.728794e-05 0.000107973065 2.2785332e-06 1.2570026e-06 9.382579e-07 0.000237726 7.694726e-07 2.7346454e-05 6.4302553e-06 7.16958e-05 0.0005909953 2.0752823e-05 0.00010871161 1.0039363e-05 9.620436e-07 0.0001275032 4.272823e-05 4.2915403e-06 1.8163313e-06 3.773933e-05 5.864308e-06 9.387216e-05 1.3534985e-05 5.0617167e-08 1.6161058e-06 1.18508936e-07 2.8740675e-05 4.2664626e-05 4.3290888e-07 0.00020323662 0.00025952078 3.0265044e-06 5.413423e-06 7.701782e-07
0.13715738 0.012924588 0.009010873 0.019309128 0.010578091 0.06206508 0.00034650814 0.00049285346 0.006281922 4.3638036e-05 0.29555446 0.008469707 0.033410296 0.18135074 0.67124045 0.1355318 0.029348562 0.0011641617 0.0003580241 0.017321264 0.038491584 0.0007141053 2.5279144e-23 0.6995668 0.99359447 0.0010949714 0.01713569 0.004397231 0.00012432672 0.16057993 0.00058834074 4.1866415e-06 0.10765063 0.005843265 0.0061704903 0.015878431 0.0012194949 0.08055632 0.056568943 0.018760575 0.05821707 0.06382651 9.500841e-05 2.854632e-05 8.454358e-05 0.01249789 7.373023e-05 0.010781049 0.007915243 0.034292724 0.02247452 8.349412e-06 1.7325665e-05 0.0589632 0.00025101926 0.014524508 0.000628901 3.784237e-05 0.00021701315 2.1182932e-05 1.30364815e-05 0.0052189934 2.118354e-05 0.0369706 0.024619099 4.972559e-05 0.018167239 3.1943266e-05 0.0005885605 2.3289183e-05 1.3812328e-05 0.015822139 0.021030167 4.7499918e-05 0.01469752 6.302768e-06 6.0855527e-06 0.007989466 0.016417446 0.013630804 6.035123e-05 5.7424342e-05 4.5299978e-05 3.3606637e-05 4.5633988e-05 0.0001978703 0.0033663947 5.5593762e-05 0.007909598 1.6702354e-05 9.747769e-06 1.0298582e-05 7.5194174e-07 0.009294399 0.0003867088 1.6464883e-06 0.0019187843 0.00097155233 1.6532216e-05 9.8031305e-05 6.9789734e-05
0.6566735 0.008936116 0.0072758547 0.02576477 0.055028923 0.09792807 0.0013218392 0.0004166269 0.07738515 6.143916e-05 0.76778203 0.0025578886 0.022177536 0.14196388 0.6581337 0.09026655 0.007482849 0.00048743188 0.00016756543 0.0022844276 0.7503063 0.00037309472 0.6995668 3.5319352e-20 0.8641386 0.000111097266 0.0009826189 0.0004496486 0.000139915 0.945049 2.494489e-05 1.975393e-05 0.032645706 0.00033520328 0.0003241848 0.18993236 6.190711e-05 0.26203874 0.22494856 0.0015581228 0.07038671 0.2959529 2.34007e-05 6.2724325e-06 3.7728698e-06 0.024389824 2.2287213e-05 0.029969344 0.00059971475 0.0031469902 0.085328706 1.5269044e-06 1.4857682e-06 0.02560718 1.892863e-05 0.0009906252 4.7888743e-06 6.781293e-05 6.18011e-05 2.254335e-05 4.064114e-06 0.00012918789 4.76947e-07 0.029477663 0.008740777 1.1328819e-05 0.02347545 3.9455335e-06 1.7256192e-05 3.2047542e-06 2.877239e-06 0.021783538 0.0629158 1.7087476e-06 0.0012805663 2.8036943e-06 3.1083607e-07 0.020594437 0.03056744 0.01543254 2.530673e-05 1.0106678e-06 3.0357016e-05 1.5677732e-06 2.2968454e-05 9.155771e-05 0.013273063 5.1935345e-05 0.0038542328 6.7952817e-07 2.362426e-05 9.663553e-07 5.6418176e-06 0.06986137 0.00016446067 4.1266594e-07 0.00055028015 0.0001025737 3.4749297e-07 2.3388375e-06 7.5818098e-06
0.25171182 0.0020489842 0.0007840082 0.0051526222 0.0028624423 0.014452801 0.00010326814 8.981568e-05 0.0033523634 4.3270725e-06 0.17363885 0.001033864 0.007417296 0.04829797 0.3384605 0.037928283 0.0069310325 7.1437054e-05 3.147188e-05 0.0029883108 0.030541928 5.873563e-05 0.99359447 0.8641386 1.9318508e-21 0.00013241517 0.0030048385 0.0010265607 3.0383282e-05 0.54705864 0.000198225 1.1451751e-05 0.07769228 0.0019373213 0.0020492335 0.04265339 0.00020099415 0.24259457 0.10425533 0.009448326 0.10658704 0.13487582 3.9960094e-05 5.5520963e-05 5.8161448e-05 0.02785798 3.8669274e-05 0.023133796 0.0036049504 0.030258492 0.07516752 3.7744062e-06 4.5483457e-06 0.12173237 8.539246e-05 0.011529368 0.00012554118 0.00012614977 0.00011536292 4.666986e-05 1.5796513e-05 0.0018612178 2.2463515e-05 0.08264947 0.034362134 1.0537961e-05 0.060721114 1.1904166e-05 0.00014469502 1.4019889e-05 4.8608704e-06 0.030948827 0.04459012 9.179582e-06 0.019455018 1.0180328e-05 3.3173906e-06 0.025363408 0.046459742 0.028305113 8.307409e-05 1.783877e-05 4.9972034e-05 9.7581205e-06 3.8115464e-05 0.00036801465 0.009868468 0.00011472645 0.014025949 7.880414e-06 1.3891616e-05 3.888435e-05 3.7932646e-06 0.04364309 0.00078473863 1.5574683e-06 0.0034822617 0.0015582604 1.0885045e-05 0.0002456203 3.3309574e-05
0.0004726353 1.3676781e-05 0.00045113626 0.00032125824 6.7336293e-07 0.00090448104 5.0739716e-05 0.012745153 4.4991793e-07 0.012664562 6.06975e-05 0.089054376 0.023661014 0.0030099167 0.001527672 0.010560493 0.01786177 0.2076469 0.32158032 0.4081632 4.0906775e-07 0.5795003 0.0010949714 0.000111097266 0.00013241517 8.563389e-21 0.38054097 0.7371856 0.35797513 7.0998267e-06 0.8384058 0.22301053 0.0038968362 0.014638565 0.015429537 1.2844508e-05 0.008861854 5.7466823e-06 1.129465e-06 0.0007118652 1.9654899e-05 2.4194471e-06 0.23681058 0.09308326 0.06341922 3.335323e-06 0.02446862 1.0763112e-06 9.8074226e-05 4.550118e-05 2.98095e-06 0.0036028607 0.0034284638 9.232118e-06 0.0075797103 0.0001782254 0.0037694224 0.012916972 0.0022432467 0.001568929 5.6374047e-05 5.536667e-05 3.6059748e-05 4.0794407e-06 5.436809e-06 0.00036679796 2.7077132e-07 0.00027538987 0.00014970731 9.837107e-05 1.4310252e-05 5.13122e-06 0.0007159037 1.0231724e-06 4.378231e-05 3.106867e-05 6.174726e-05 0.0010750263 3.2441258e-05 0.0003267595 3.4107492e-05 5.4800273e-07 0.00017614513 8.009827e-06 2.138258e-06 2.3084687e-05 0.00015224841 2.8609657e-05 0.00022304557 1.4133339e-05 3.346548e-06 2.21811e-06 7.026467e-06 0.000135041 0.00012153847 4.6393257e-07 0.00031536317 0.000187717 1.7790154e-06 7.435221e-06 2.8096912e-07
0.6412452 0.00020654446 0.0017966564 0.0022430497 2.14137e-06 0.006818305 0.000107340515 0.0013594409 2.511563e-07 0.00012979152 2.1877746e-05 0.28464845 0.2622157 0.054705262 0.035255212 0.45070708 0.46319532 0.06141492 0.106513396 0.9327212 3.1197367e-06 0.28928536 0.01713569 0.0009826189 0.0030048385 0.38054097 4.2473334e-18 0.89744854 0.004821289 0.0013651006 0.41162103 0.0017878872 0.36209488 0.68530613 0.60681283 8.255453e-06 0.67818135 0.0024466505 0.00027629716 0.19011815 0.0019530198 0.0001698828 0.12497279 0.4424101 0.7037634 4.97323e-06 0.059466455 1.7380391e-07 0.21155165 0.013910131 3.1371106e-05 0.30617356 0.44768807 0.004234377 0.4736642 0.05525687 0.41485417 0.00093512516 0.014295502 0.0028774494 0.041276317 0.026901051 0.015602151 0.00049356435 0.012200763 0.12618576 0.0023966604 0.2570041 0.21994528 0.15139684 0.006094201 6.227316e-05 0.0007076401 0.0061350437 0.088903524 0.093944415 0.025322411 0.00028173963 0.0049560345 0.0064929873 0.05072747 0.0012655894 0.011946965 0.013908599 0.003622411 0.010177669 0.0002263902 0.023231933 0.011952434 0.0038473618 2.0889345e-06 0.0026356715 1.032475e-05 0.0022541613 0.03937135 6.5100285e-05 0.051890884 0.030637724 0.001371167 0.018077774 0.00034545214
0.004114684 6.2431245e-06 0.00014411057 0.0001486986 1.0678579e-06 0.00011919861 4.3031428e-06 0.0034831068 3.1569428e-07 0.0016974303 1.6098444e-05 0.027854672 0.013559159 0.0047210124 0.0016435765 0.025542147 0.034095287 0.048963655 0.10243351 0.55037946 2.792745e-06 0.26784003 0.004397231 0.0004496486 0.0010265607 0.7371856 0.89744854 2.1196915e-22 0.08039559 0.000900166 0.7995138 0.049679436 0.062130786 0.16910826 0.15945067 1.5640466e-05 0.09872961 4.978206e-05 3.9545463e-05 0.0122698005 0.00019765097 2.2899687e-05 0.29170904 0.48286057 0.49859327 1.3880008e-06 0.17479517 4.067311e-07 0.004746814 0.0008173784 7.731502e-06 0.06514791 0.07817449 0.00011742259 0.11792133 0.0031662341 0.045624048 0.009009055 0.029645646 0.006467852 0.018433118 0.0005930063 0.00885176 2.2787319e-05 0.00015670514 0.009424078 6.6696953e-06 0.01143333 0.004727586 0.008645876 0.002517045 2.9125074e-06 0.00012686569 0.00057061174 0.00011394628 0.0019578964 0.0007373203 1.833092e-05 0.00017909263 0.00023861662 0.00029103528 2.3861101e-05 0.0005804049 6.759263e-05 0.0002916702 8.35342e-06 2.5829138e-06 2.545394e-05 0.00021550161 7.6194185e-05 3.291612e-06 5.739866e-05 3.2805045e-05 2.6166485e-05 0.00037916136 1.1786233e-05 0.00025713356 0.00039381656 8.485217e-06 0.00020020368 2.779481e-06
1.2555961e-06 8.6917835e-06 6.0046215e-05 8.597323e-06 4.5923437e-07 4.426705e-06 0.00028843054 0.00035441207 1.3880153e-06 0.0011810565 1.4119585e-05 0.0025413728 0.0009130293 0.00014801821 0.0001503926 0.00091346866 0.0005331291 0.006258645 0.013210932 0.01540342 6.7469614e-07 0.022587247 0.00012432672 0.000139915 3.0383282e-05 0.35797513 0.004821289 0.08039559 3.810403e-21 2.5515817e-05 0.47387064 0.934087 1.8879646e-05 0.0007970672 0.0010152431 0.00015602961 0.0002803109 1.4482265e-05 2.9210209e-05 3.234336e-05 3.0872023e-05 4.469739e-05 0.26147136 0.01668575 0.0017326607 8.523584e-05 0.007588827 1.5440082e-05 1.9843732e-05 3.8003454e-05 6.0138336e-06 4.676243e-05 8.390654e-05 0.000104755316 0.00015748403 0.00010005961 3.4853216e-05 0.0068256697 0.0027159392 0.0004858081 4.0730436e-07 7.8075645e-05 6.6300536e-06 4.6870256e-05 3.2611148e-05 1.8654016e-05 3.7989266e-06 1.9418836e-05 7.510037e-05 1.5316734e-06 4.667175e-06 2.5901993e-05 0.0008670126 4.2293217e-07 0.0003441369 4.078678e-06 3.760819e-05 4.6098736e-05 0.00011917497 8.064259e-05 0.0003902197 3.4002292e-07 2.7767775e-05 4.3241025e-06 1.965264e-06 7.082667e-05 8.941072e-06 0.0002191869 3.3466804e-05 3.107845e-05 1.3188138e-07 3.6839476e-05 3.7438087e-06 9.685036e-06 5.5511322e-05 1.0816331e-06 0.0003144892 0.000112637885 1.522365e-06 9.581267e-05 9.0517517e-07
0.51864564 0.0006439424 6.499513e-05 0.002038958 0.0035216366 0.0066144196 0.00012421851 1.5215544e-05 0.007255985 1.5941047e-06 0.2092406 0.00047576358 0.004596616 0.027073793 0.1528486 0.015968239 0.005360757 6.532168e-05 1.6739317e-05 0.0007963845 0.16485596 2.2888815e-05 0.16057993 0.945049 0.54705864 7.0998267e-06 0.0013651006 0.000900166 2.5515817e-05 2.5335976e-18 1.869865e-05 5.4790685e-06 0.0819462 0.0009577307 0.0003563325 0.28714344 4.376419e-05 0.9101042 0.8415698 0.0033396222 0.39304578 0.70078313 6.70915e-05 1.3759462e-05 1.1332363e-05 0.08300914 4.221227e-05 0.060827117 0.00084947556 0.012572359 0.3644688 9.741997e-06 1.2364806e-05 0.1238941 8.952526e-05 0.001974413 3.3497814e-05 0.00012123944 0.00028577686 5.6265875e-05 7.3448103e-07 0.00022142613 2.013944e-06 0.12734757 0.029779648 5.2032437e-06 0.12470845 7.0315614e-06 1.7664064e-05 3.1518184e-06 5.0534354e-06 0.11834593 0.18983923 3.20385e-06 0.0038465953 1.0838788e-06 3.2213362e-07 0.024516653 0.09090953 0.05854287 4.8096813e-06 3.3825395e-06 8.2979195e-06 4.0779355e-06 4.8279002e-05 0.00012777637 0.03085926 2.4828472e-05 0.011675724 2.9271794e-06 1.6096034e-05 1.1409437e-06 2.9626206e-05 0.24927106 0.00014377233 1.6758491e-06 0.0015273748 0.00046609942 5.0349536e-06 1.1073893e-05 0.00019466241
