4.179986e-25 0.95178384 0.9105252 0.90777135 0.8304947 0.935667 0.94214314 0.8896045 0.9381343 0.8032252 0.9383854 0.9375539 0.6962766 0.94857186 0.8466103 0.95202285 0.9333491 0.4472169 0.2573574 0.7794439 0.858367 0.9121115 0.7013685 0.6380131 0.75307035 0.02738249 0.9936305 0.79485714 0.34918803 0.3731586 0.858533 0.37557176 0.2974271 0.21683687 0.9166839 0.918151 0.32240388 0.4096454 0.645355 0.33663884 0.98017144 0.11919481 0.88332105 0.867564 0.99094 0.9376798 0.18577139 0.24859722 0.06215015 0.9879933 0.08946528 0.91784585 0.93114036 0.9539036 0.981703 0.9701367 0.034134135 0.9040364 0.6267617 0.9299611 0.793719 0.9668592 0.91955787 0.8498764 0.028482797 0.019609962 0.0021162287 0.9696359 0.38823518 0.43993008 0.0040363423 0.0012095034 0.010928588 0.0009957713 0.0012659164 0.9241068 0.0009630516 0.0010988156 0.98183954 0.93457973 0.89484 0.9830616 0.30786282 0.0012134778 0.0002875267 0.94892675 0.8930166 0.9993516 0.00012261863 0.9645379 0.2531203 0.13515298 8.083573e-06 0.4521351 0.057190306 0.050563224 0.99994963 5.881758e-05 5.092774e-06 0.9999425 0.99342597
0.95178384 8.5913644e-21 0.25876758 0.47500303 0.9708863 0.88123435 0.39086658 0.8854189 0.553965 0.0015572457 0.059249297 0.0052909227 0.06682244 0.0001565589 0.007972014 0.017184451 0.46453547 0.00069613685 0.012106475 0.33812985 9.3968716e-05 0.0068004266 0.00029485175 0.45602193 2.1320586e-05 0.021763036 0.0994921 0.0006304193 4.5329452e-05 0.0031724803 0.000121625664 0.30788317 0.008404089 6.8133313e-06 0.0003569367 0.00012583329 0.026507305 8.316017e-05 6.547367e-05 0.15590738 2.2620901e-05 0.0003944557 1.2226516e-06 0.00043824085 0.10891524 3.6612362e-06 0.008304816 0.00054162147 0.06945386 0.03738815 2.0816567e-05 0.0013564047 0.0004943956 0.002793255 0.022900233 0.018907819 0.001567712 4.7265505e-08 7.7614106e-07 2.6289865e-06 1.6006492e-06 0.00040333142 0.017517311 4.3243904e-08 8.583331e-06 0.0016273924 0.0013605168 0.00010597529 0.00030512834 0.00027823323 4.910244e-06 0.00016748764 0.00072633306 0.0009416662 1.0691743e-06 6.4844994e-07 9.3357016e-07 0.0009231173 3.2037367e-06 0.0001416341 2.1135065e-07 0.044579454 3.4507266e-07 7.253476e-07 2.551049e-05 1.1128728e-06 1.4415743e-08 0.0013665758 7.700941e-06 3.264662e-05 3.9750486e-08 5.3870597e-08 4.7533595e-05 1.5924127e-07 6.4205143e-09 1.0462611e-08 0.0070133824 3.2884007e-05 1.8199042e-05 0.008141304 0.00012582669
0.9105252 0.25876758 6.1257035e-20 0.9830174 0.108537585 0.15788835 0.8984114 0.008369744 0.31485954 0.19886202 0.4657146 0.12930968 0.24327396 0.122270085 6.505796e-05 0.29433912 0.26634485 9.289037e-06 0.00012102989 0.0009431644 0.022849036 0.007120774 0.019236444 0.024291294 0.0025943182 0.00016301875 0.45137808 0.00014339111 0.0032233205 0.017789623 2.2228884e-05 0.0019318095 0.027311686 0.00055583904 0.021728363 0.013884266 0.081947714 0.010813155 5.1150107e-07 0.02706421 0.0028676514 0.003635583 0.0009576586 1.8445113e-05 0.05115448 0.00042480056 0.02882204 0.004415039 9.326109e-05 0.17617793 0.00024670298 0.00035969194 0.00032625848 0.00055725296 0.0061261337 0.004812017 7.8307175e-07 6.161475e-06 0.00019240679 4.498965e-05 6.572241e-05 0.017226778 0.04155804 7.9918766e-07 5.328459e-06 0.024650652 0.00013403739 0.00082666613 0.00073871104 0.00020783192 0.00019502232 4.5425264e-07 0.004657309 6.710532e-05 2.9217337e-05 3.9593406e-06 0.00011566773 0.0004622599 5.381284e-06 0.00021911396 7.135344e-07 0.03337025 0.0003467531 1.4660434e-06 2.7967524e-05 2.491656e-06 2.107861e-08 0.003839536 1.8969405e-06 8.7442575e-05 2.4850786e-09 7.783703e-08 2.2404402e-05 1.5047686e-09 9.774186e-08 5.4173577e-10 0.0058340295 4.7739227e-06 2.7618912e-06 0.0029774187 5.751993e-05
0.90777135 0.47500303 0.9830174 1.0806495e-19 0.31098896 0.3480785 0.17839482 0.01437234 0.60149604 0.5696472 0.063093044 0.44667158 0.6881717 0.2154374 0.0005874129 0.90867203 0.028348569 0.00011524877 0.00069943554 0.0022068755 0.13588609 0.003639489 0.13873962 0.024053067 0.0123002315 0.00073117745 0.14719175 0.0004183363 0.01642117 0.16022497 0.00019006421 0.0030990846 0.26298976 0.016643668 0.00871818 0.0074357498 0.28835535 0.064179584 2.6522892e-05 0.07518721 0.0060697533 0.013933592 0.0009137052 0.0002473065 0.012899356 0.001536278 0.11864608 0.036060765 0.00043623583 0.042009924 0.0015305463 0.0006104115 0.00060457026 0.00095398136 0.0012660227 0.0016259657 7.2620974e-06 8.569513e-05 0.0002857019 0.00017950575 5.3178574e-05 0.005817243 0.0059984145 6.574889e-06 7.1339426e-05 0.08052541 0.00021507274 0.0014577726 0.0005588344 0.00070661074 0.0024922455 6.637607e-06 0.012907453 0.00026724048 0.00039314112 2.8608429e-05 0.0031953643 0.0034309102 0.00017179125 0.0008787533 2.563651e-05 0.011415729 0.001954361 2.1608783e-05 0.0009130254 4.7769397e-05 1.0741762e-06 0.002975568 0.00014023655 0.0004953534 6.454256e-07 9.871978e-06 0.0004060515 2.8667722e-07 2.967099e-07 9.2317826e-08 0.0016584605 0.00010287191 0.00012739321 0.0015250373 1.5034779e-05
0.8304947 0.9708863 0.108537585 0.31098896 2.9684166e-21 0.9632382 0.14146571 0.901391 0.5306228 0.0016317413 0.025720427 0.0034857837 0.0625854 0.0005255168 0.0042772545 0.010962974 0.10706981 0.0018841613 0.01864758 0.25342748 0.00020415898 0.003033839 0.00036907665 0.36945865 2.596345e-05 0.017217204 0.046109043 0.00028431325 6.317015e-05 0.0029828455 0.0001605768 0.24363436 0.005521829 6.03302e-06 0.0005551411 0.0003430421 0.026129046 0.000103788945 4.002039e-05 0.15662792 0.00014388014 0.00021641483 1.1313493e-06 0.00043059365 0.02787027 5.1530324e-06 0.0072365217 0.0004986747 0.037245113 0.014928415 3.1297732e-06 0.0017536825 0.00078955956 0.0030854216 0.008796756 0.011610157 0.0017352966 3.1389376e-08 6.3331655e-08 9.619343e-07 1.461131e-07 0.00032085436 0.0057208296 2.0094795e-08 4.673002e-07 0.004201349 0.0014112012 4.873387e-05 0.0009423691 0.0005968015 8.261439e-06 0.00020728541 0.002477704 0.00064206106 9.541819e-07 1.9692187e-08 7.02228e-06 0.0007710042 3.3186643e-05 2.0353833e-05 3.177538e-08 0.019701244 3.1285808e-07 1.4532638e-07 1.2868773e-05 4.7974403e-08 1.9322469e-08 0.0007504843 1.0449784e-05 2.0915159e-06 5.8611844e-09 8.573022e-08 1.7714935e-06 2.769504e-09 7.264978e-10 1.4985275e-09 0.0039456035 7.908835e-06 8.446439e-06 0.0050809933 3.6092895e-06
0.935667 0.88123435 0.15788835 0.3480785 0.9632382 5.848848e-19 0.090562046 0.71622884 0.9152998 0.004264378 0.01576598 0.010885395 0.3220191 0.0063284235 0.0008172961 0.09076506 0.025901897 0.00026684243 0.002796831 0.13951404 0.00038079752 0.0003496749 0.00040560044 0.797836 0.000368919 0.0034100122 0.09015681 0.00013355674 0.00020101947 0.012418809 6.9591086e-05 0.55653644 0.03348132 6.285148e-05 0.001216151 0.0006130558 0.2971097 0.00041834768 1.823749e-05 0.6695709 0.0015525199 0.0007097126 5.5737622e-05 0.00015989329 0.012818194 0.00010027053 0.12551536 0.0040763165 0.08535581 0.012012977 8.769378e-05 0.0008670155 0.00047617828 0.0018244337 0.0031800137 0.0030046296 0.0021938256 1.2126615e-06 5.612886e-06 2.0589063e-05 1.3648767e-05 0.00032818672 0.0008807517 1.481099e-07 1.9062956e-05 0.08763769 0.0030124164 8.0291735e-05 0.00010951368 0.00027433084 0.0003578771 0.00022136026 0.04035615 0.0030868168 2.91593e-05 4.9282613e-07 0.00048520527 0.008108942 2.2585637e-05 8.503651e-05 9.795364e-07 0.005106998 2.949676e-06 3.8245503e-06 0.00047789494 6.3177197e-07 4.9941826e-07 0.0017055884 0.00011142652 6.491625e-06 2.3464771e-07 1.1060305e-06 0.00010230095 2.8357668e-08 8.293362e-08 3.455335e-08 0.0017691333 9.065091e-05 0.00011653203 0.004260675 6.26306e-06
0.94214314 0.39086658 0.8984114 0.17839482 0.14146571 0.090562046 1.3365948e-18 0.11476809 0.1074962 0.08872343 0.9719159 0.05421634 0.062288553 0.18442307 0.010130124 0.12043371 0.822066 0.002834487 0.0029346873 0.0053421063 0.01602716 0.32348347 0.010609487 0.025353052 0.003701906 0.0019041391 0.7027073 0.03887491 0.002796343 0.007899557 0.0031516245 0.0046952805 0.011252199 0.00094925996 0.10840592 0.10541033 0.014881601 0.0028484913 5.6454483e-05 0.01510155 0.053945564 0.0007851657 0.0070270197 0.0023148598 0.35168585 0.0035833768 0.003942895 0.0003796504 0.00034970228 0.28197858 4.1969295e-05 0.00777495 0.0077178264 0.005160826 0.03305594 0.027651597 7.1309464e-06 0.00028732192 0.00065786997 0.0005859168 0.0003350524 0.05543228 0.12539218 7.854806e-06 1.9122451e-06 0.0030526323 0.00012541002 0.008167184 0.001310398 0.0065170573 6.354373e-05 4.2948445e-06 0.0021054368 5.850764e-05 3.761947e-06 0.00011654724 0.00020469978 0.00093192817 0.00092768116 0.0039632865 0.00019726566 0.10070473 0.0020069939 8.1594874e-07 0.00024466505 0.00036238498 1.0761115e-05 0.09014325 4.6672743e-05 0.0048154625 3.011665e-06 7.509704e-06 8.3115774e-05 1.970517e-06 8.539795e-06 7.972511e-07 0.037751704 0.00021906404 1.2824826e-05 0.043276366 0.0026907446
0.8896045 0.8854189 0.008369744 0.01437234 0.901391 0.71622884 0.11476809 3.5188367e-20 0.10403617 0.00023806722 0.049391754 0.0009638528 0.004683959 4.5538123e-05 0.32814196 0.00044475304 0.26790836 0.15376866 0.71471965 0.9546219 1.6874466e-05 0.1430274 1.7464881e-05 0.6554555 3.0391527e-06 0.6321835 0.0038494044 0.042141963 3.4409352e-06 5.2420462e-05 0.02239042 0.61978793 0.000107817985 2.5474592e-06 8.2302555e-05 2.8359767e-05 0.0029283368 4.6894715e-07 0.057058323 0.29448685 4.073444e-05 2.3473847e-06 1.1692203e-07 0.010236567 0.075433135 1.7136124e-06 0.0021278309 3.781147e-06 0.44670534 0.0017821477 1.8883363e-06 0.008763163 0.0032177903 0.008784981 0.022797503 0.021521663 0.10464417 1.6886016e-08 1.3710204e-08 2.7463565e-07 4.4455305e-08 1.9989604e-05 0.0012955457 1.7340439e-09 3.403261e-06 0.0005492819 0.0039143404 1.6963631e-05 0.0048046918 0.0029764178 3.1143873e-07 0.0018079662 0.00029080198 0.00096785865 3.230227e-07 1.5919838e-08 1.0655551e-07 0.00042424168 0.0007107367 1.5157843e-05 5.1866564e-08 0.0114685055 3.9911626e-08 3.1393287e-07 1.1180018e-05 1.0322969e-07 4.6987576e-08 0.00083201984 1.3193334e-05 1.5018232e-06 4.9630287e-08 5.1987005e-08 7.833463e-06 1.2804299e-08 8.1439666e-10 1.8834612e-09 0.0045380043 3.1853648e-05 1.2833133e-05 0.010847477 1.902967e-06
0.9381343 0.553965 0.31485954 0.60149604 0.5306228 0.9152998 0.1074962 0.10403617 1.0206835e-17 0.011304073 0.010721186 0.051037483 0.9841185 0.015821014 0.000183159 0.28454524 0.007045376 1.9341247e-05 0.000838865 0.0061802194 0.00079906126 0.00038672445 0.0019703875 0.46445507 0.00010905854 0.00092613825 0.09297398 0.000114957336 0.00035060119 0.028826755 5.26676e-05 0.17526348 0.12041398 7.841742e-05 0.0013769848 0.00091231253 0.6315298 0.0011702215 1.3782906e-05 0.641017 0.0010585898 0.0019465898 2.9461758e-06 2.7485054e-05 0.008722995 2.1009007e-05 0.21934843 0.006426191 0.006989928 0.007879262 7.250323e-05 0.00035924968 0.00038022123 0.00045492657 0.00081902446 0.0007078652 0.00017923462 3.8066491e-07 6.346418e-06 7.819617e-06 2.9722367e-05 9.419599e-05 0.00039650957 4.0574488e-08 1.1674499e-05 0.09376155 0.0020731185 3.2239703e-05 0.00012069089 5.778764e-05 0.00062755175 0.00013477339 0.046659056 0.002985982 0.000102624785 1.2801095e-07 0.0018519673 0.0074825673 7.008424e-06 6.42305e-05 3.7781586e-08 0.0038132172 3.1350428e-06 1.51433505e-05 0.0003303739 2.7617847e-07 4.441513e-08 0.00043909598 0.00012633168 8.004207e-06 4.5480117e-08 1.2036978e-07 0.00019322452 1.3847628e-08 3.8126093e-08 7.57616e-09 0.00093816087 0.00048596426 0.0001260341 0.002081522 5.408513e-07
0.8032252 0.0015572457 0.19886202 0.5696472 0.0016317413 0.004264378 0.08872343 0.00023806722 0.011304073 5.181496e-19 0.066174224 0.96330893 0.0112275025 0.94167227 8.43958e-06 0.26582742 0.004655801 1.6698666e-06 1.4263585e-05 3.619667e-05 0.57076216 6.2693674e-05 0.34515935 0.00019328739 0.8516447 2.3928405e-06 0.17308787 8.6219225e-06 0.22131544 0.04569127 4.2489314e-06 9.88095e-07 0.0356432 0.32464695 0.10352255 0.07706524 0.007675774 0.20611434 3.6304877e-07 0.0013356374 0.022150248 0.043206684 0.25550795 1.9186507e-05 0.0014757043 0.04892907 0.009746342 0.04065388 3.8398416e-06 0.0631737 0.031092284 2.7013892e-05 8.617201e-05 0.00018978327 0.0005739634 0.0007856619 1.287755e-07 0.01136518 0.10952793 0.003386145 0.012965766 0.015112997 0.009739402 0.0010613479 0.0016357853 0.0015232777 1.1458163e-05 0.006266813 2.0471414e-05 2.6390986e-05 0.00121231 1.2956568e-06 2.3267161e-05 2.0041018e-06 0.00025467138 0.001802384 1.9694677e-05 1.3078796e-05 6.0999713e-07 0.002835348 0.0005618033 0.0053561907 0.0492607 0.00012359141 0.00010476301 0.0010220301 8.335534e-05 0.012339063 8.083889e-06 0.0013624546 0.00018879729 0.0008431981 2.279108e-05 3.4195655e-05 0.00035644177 4.5811146e-05 0.0030500675 3.9826423e-06 2.2604856e-05 0.00072195503 0.0017685412
0.9383854 0.059249297 0.4657146 0.063093044 0.025720427 0.01576598 0.9719159 0.049391754 0.010721186 0.066174224 1.7459136e-22 0.02074445 0.0054124324 0.12539521 0.0007702958 0.020309288 0.8440184 0.00070849835 0.0011213617 0.0013211245 0.0044110557 0.16908832 0.0060863947 0.0028858695 0.0025153882 0.0005891094 0.80362564 0.009096073 0.0009181676 0.00094208156 0.0006708008 0.00034037512 0.002321736 0.00017130193 0.2740837 0.25676718 0.001054758 0.00045453128 4.9270934e-06 0.00089820573 0.07387569 0.00023423666 0.015279126 0.0008291852 0.42832172 0.012199601 0.000102288366 2.7723665e-05 3.622485e-05 0.5043802 1.1274126e-06 0.0033456166 0.0021414827 0.004618988 0.04140975 0.045753546 1.5283321e-06 0.00044820237 0.0045828545 0.005010733 0.0020577593 0.10133121 0.36830717 4.2807187e-05 1.3266701e-07 2.8367178e-05 0.00012313435 0.019700602 0.00049895747 0.001978486 1.0164554e-05 1.0356509e-06 8.755406e-05 5.7222456e-05 1.9902568e-06 0.0005985289 3.633924e-07 0.00019616146 3.320944e-05 0.00991118 0.0012646188 0.16683584 0.00067326217 7.142183e-08 1.4079312e-05 0.00096162723 8.535578e-06 0.16160178 4.776573e-06 0.0059093954 2.6790252e-05 2.3012393e-05 6.758969e-06 6.4371847e-07 6.9662656e-07 2.8380353e-07 0.064966045 5.4719617e-06 4.8608103e-06 0.035861198 0.018139375
0.9375539 0.0052909227 0.12930968 0.44667158 0.0034857837 0.010885395 0.05421634 0.0009638528 0.051037483 0.96330893 0.02074445 2.7971638e-16 0.052857533 0.83038425 2.4891086e-05 0.6920366 0.0051119565 4.5828083e-06 9.399363e-05 7.116833e-05 0.87582874 4.849552e-05 0.754279 0.0012655737 0.5867285 1.616122e-05 0.17996132 1.4416164e-05 0.5798269 0.23791544 1.20529585e-05 0.00010697354 0.15628363 0.65199655 0.055507425 0.038623005 0.046003178 0.57959324 2.5058464e-06 0.009514555 0.04180983 0.20600133 0.045490544 3.0622283e-05 0.0014234356 0.021278456 0.06606119 0.2327415 1.3780066e-05 0.04416481 0.18471383 3.2979107e-05 8.650127e-05 0.00021144071 0.00048662632 0.00052550324 2.950831e-07 0.0028158384 0.009529653 0.00096920534 0.0019850384 0.008309735 0.0041099587 0.0007740141 0.016005317 0.024313277 2.6408608e-05 0.0029579145 3.1196665e-05 3.3732606e-05 0.0045117177 2.1480726e-06 0.0008777197 9.817487e-06 0.0015205194 0.00055543025 0.0014447833 5.9948088e-05 4.248206e-06 0.0028655299 0.00042474506 0.0070649283 0.039909918 0.000909596 0.0008722262 0.0005443663 3.7340124e-05 0.014208609 0.00034022683 0.002928968 2.3742317e-05 0.00020334325 0.00046349657 4.3350214e-05 0.0010081506 3.8592843e-06 0.0039222008 5.8623595e-05 0.0003963436 0.0011820645 0.0005700102
0.6962766 0.06682244 0.24327396 0.6881717 0.0625854 0.3220191 0.062288553 0.004683959 0.9841185 0.0112275025 0.0054124324 0.052857533 1.8746701e-16 0.015711546 2.088342e-05 0.7874985 0.001763254 3.020723e-06 0.0002269908 0.00047467565 0.0038137608 7.3177325e-05 0.0078431405 0.036218986 0.0004491568 0.0001798548 0.034242637 1.6899316e-05 0.0009328601 0.347773 5.000009e-06 0.00459117 0.58939266 0.00053252844 0.0013687703 0.0009563598 0.9261036 0.013331375 4.9593145e-06 0.22106768 0.0011429014 0.01090325 2.137525e-05 1.1780839e-05 0.0016194399 3.0036208e-05 0.3250412 0.046146587 0.00038056096 0.002722234 0.00044975217 0.00010499756 0.00019489643 0.00015646144 0.0001580386 0.00013998226 8.209564e-06 3.5974838e-07 1.1419305e-05 2.6489703e-05 6.254588e-05 0.00013374293 0.00012783462 1.2496356e-07 6.4816806e-05 0.104444444 0.00046844204 9.521803e-05 4.4528482e-05 3.5474703e-05 0.003951325 1.3933343e-05 0.027610658 0.0012209959 0.00031241728 6.91512e-07 0.0059443945 0.004234208 3.2431496e-06 0.00020075317 3.2863474e-07 0.0014696041 2.4099123e-05 8.804464e-05 0.0009052155 1.7679104e-06 1.6262766e-07 0.00029529017 0.00034073502 2.2975026e-05 1.9165218e-07 5.896911e-07 0.00042018632 5.7218113e-08 1.3436974e-08 3.7757093e-08 0.00043535492 0.00082679227 0.00024042274 0.00096970465 1.114687e-06
0.94857186 0.0001565589 0.122270085 0.2154374 0.0005255168 0.0063284235 0.18442307 4.5538123e-05 0.015821014 0.94167227 0.12539521 0.83038425 0.015711546 1.8285959e-18 8.209528e-07 0.27559066 0.0029725982 1.1623151e-07 2.0597831e-06 5.7603065e-06 0.56303984 9.744209e-06 0.31156042 4.8691225e-05 0.902852 1.6686424e-06 0.599459 1.1865793e-06 0.27246904 0.07117408 4.2762304e-07 1.0079568e-07 0.042644765 0.43536142 0.44354218 0.33377275 0.00583519 0.24534693 3.5352457e-08 0.00031970683 0.16656072 0.0637193 0.50134164 6.2637414e-06 0.0035237262 0.30527863 0.008604472 0.046720657 1.5610223e-06 0.35668525 0.06725775 2.6777147e-05 4.086378e-05 0.00023080273 0.0012686031 0.0012632096 3.581485e-08 0.042337064 0.26594275 0.023592327 0.0676231 0.12478278 0.04311175 0.0029602484 0.0061317855 0.00027660906 2.5848879e-06 0.040863506 2.8025865e-05 6.1264516e-05 0.00045346166 8.892215e-07 2.659182e-06 1.3549287e-06 0.00013549805 0.012124795 3.7933767e-06 1.7390325e-05 7.8003603e-07 0.031297162 0.0045452397 0.020015288 0.10515962 6.833716e-05 2.2387678e-05 0.0023699258 2.6946453e-05 0.07724297 4.628673e-06 0.02004501 7.2958515e-05 0.0012211608 2.7746757e-05 1.02305385e-05 0.00079103524 5.6184963e-05 0.008214867 4.0576965e-06 1.0568446e-05 0.0011571094 0.007222488
0.8466103 0.007972014 6.505796e-05 0.0005874129 0.0042772545 0.0008172961 0.010130124 0.32814196 0.000183159 8.43958e-06 0.0007702958 2.4891086e-05 2.088342e-05 8.209528e-07 1.3569301e-16 4.4972644e-06 0.122961864 0.99512523 0.69607913 0.17324005 3.817572e-06 0.8401078 6.107588e-06 0.001523516 4.182591e-08 0.33405903 0.00045881525 0.4928698 5.5554483e-07 4.38056e-06 0.30778077 0.00772487 9.774924e-06 3.4854207e-07 2.758777e-06 2.3228374e-06 6.004796e-06 6.498199e-07 0.34056723 0.00022902759 2.3962386e-06 2.0558857e-06 1.3318861e-08 0.14079626 0.060453113 1.5052481e-07 1.5659189e-06 1.3170146e-06 0.008867771 0.0015232284 1.4129647e-07 0.098255955 0.113806196 0.0557794 0.08380213 0.07896296 0.006480667 4.937385e-08 6.571247e-08 4.984618e-07 5.8644307e-08 8.524153e-05 0.009090951 1.2878956e-08 2.1996449e-07 4.4117112e-07 0.0004544977 4.8489324e-05 0.03909796 0.014289968 1.9521472e-06 0.0004029765 4.8388274e-06 0.00018602824 8.951194e-07 2.264082e-07 7.730159e-08 4.603666e-05 0.0075115208 5.575012e-05 2.691767e-08 0.021613171 4.1602672e-07 7.0031155e-07 3.1018308e-07 3.00269e-07 1.898009e-07 0.0005893636 3.2992616e-06 2.523634e-06 7.5407705e-08 9.6401585e-08 3.4798427e-06 6.5230566e-08 3.6113104e-08 2.4590761e-08 0.0041830577 6.5488625e-06 5.878017e-07 0.047144126 1.7568126e-06
0.95202285 0.017184451 0.29433912 0.90867203 0.010962974 0.09076506 0.12043371 0.00044475304 0.28454524 0.26582742 0.020309288 0.6920366 0.7874985 0.27559066 4.4972644e-06 1.087424e-17 0.0011937779 1.7674628e-07 1.05912595e-05 3.3323744e-05 0.47062293 2.786865e-06 0.6156003 0.0017359174 0.017287277 1.0673401e-05 0.10871471 8.180455e-07 0.089938454 0.8919132 1.569382e-07 8.7217035e-05 0.87363845 0.09294475 0.011487476 0.007633107 0.544084 0.730338 3.2772115e-07 0.060773063 0.0055097486 0.44492725 0.0011817038 5.4051924e-07 0.0008072611 0.0010533556 0.4822883 0.6306759 3.1688513e-05 0.008374909 0.08222419 5.3318854e-06 7.319515e-06 1.3240993e-05 5.349312e-05 9.351572e-05 6.1122466e-07 8.005089e-07 3.8737075e-05 3.6388155e-06 2.5597248e-05 0.00021218589 5.4005242e-05 6.819159e-07 0.00090819044 0.13753587 1.5249087e-05 2.4527375e-05 4.0305335e-06 2.7977874e-05 0.0055651055 6.374087e-07 0.0073057045 6.598455e-05 0.001342216 1.3063045e-06 0.008945303 0.0007404023 3.8377235e-07 9.034194e-05 4.3792332e-07 0.0010706402 0.001029649 0.00022641136 0.0015517384 2.5522597e-06 6.0203666e-07 0.0002094586 0.00013810267 4.111238e-05 1.6127716e-07 1.3609637e-06 0.0004043385 4.5112678e-08 4.914622e-07 6.213408e-08 0.00043496213 0.00030544598 0.0002684351 0.0007059099 7.3409838e-06
0.9333491 0.46453547 0.26634485 0.028348569 0.10706981 0.025901897 0.822066 0.26790836 0.007045376 0.004655801 0.8440184 0.0051119565 0.001763254 0.0029725982 0.122961864 0.0011937779 9.48706e-20 0.00913085 0.01204356 0.0068021067 0.00011589121 0.59672785 0.0004783135 0.003443511 6.511767e-05 0.0043431157 0.5327316 0.30167544 4.5701927e-05 7.138332e-05 0.15854122 0.0003749297 0.00022009556 2.8747967e-05 0.033384494 0.037814103 0.00012888442 5.8004434e-06 0.0010512581 0.00017603212 0.01198568 1.4458156e-05 0.00013810188 0.08201673 0.9500939 0.00021865535 3.3511264e-05 7.5251755e-06 0.00032352106 0.34960166 1.554158e-06 0.06300272 0.039552294 0.065569915 0.25800946 0.25351125 2.690457e-05 2.8119175e-06 3.3671025e-05 2.2725968e-05 2.6066438e-05 0.050628994 0.43159547 1.273361e-06 1.0000833e-05 3.0320038e-05 0.00020702802 0.0055546886 0.019298041 0.022246 1.0001943e-06 1.8838406e-05 1.1879647e-05 2.98216e-05 2.6763553e-06 7.731208e-06 4.1510234e-06 9.815245e-05 0.0044654575 0.0013591058 1.177584e-05 0.25671452 1.1130104e-05 4.909945e-06 0.0004725715 2.5210302e-05 2.652623e-07 0.051985648 5.4359047e-05 0.0011602774 7.108597e-07 1.7992547e-06 0.00016349781 4.9210706e-07 5.494738e-07 1.9960572e-07 0.08230103 8.00441e-05 9.155107e-05 0.08737682 0.00601758
0.4472169 0.00069613685 9.289037e-06 0.00011524877 0.0018841613 0.00026684243 0.002834487 0.15376866 1.9341247e-05 1.6698666e-06 0.00070849835 4.5828083e-06 3.020723e-06 1.1623151e-07 0.99512523 1.7674628e-07 0.00913085 1.7824394e-17 0.972698 0.06694588 6.7418347e-07 0.5701568 1.4083744e-07 0.0003093912 1.7571846e-08 0.4829221 6.142827e-05 0.24301991 3.4015248e-08 6.831764e-08 0.24773788 0.0010811135 1.7764341e-07 1.531282e-08 8.3238206e-08 7.9939234e-08 6.481661e-07 1.6467787e-08 0.5854787 1.1671948e-05 1.1028154e-07 2.1471772e-08 1.2122174e-08 0.14773515 0.008608461 6.0095817e-09 2.2355248e-07 3.643837e-08 0.0022747165 0.00020351863 7.92288e-09 0.0504689 0.06564341 0.018434903 0.018720036 0.017798439 0.0012896202 2.8795503e-08 1.04286615e-08 1.5119367e-07 1.1369633e-07 3.4938557e-06 0.0007970228 2.2068625e-09 4.90434e-07 3.6170925e-07 6.920471e-05 1.1356809e-06 0.021975499 0.013550783 1.9929443e-08 6.0630908e-05 2.3166056e-06 4.709206e-06 4.7066067e-08 2.4389998e-08 5.441949e-08 8.5296165e-07 0.005761796 2.572741e-06 6.672854e-09 0.0035218918 3.8835688e-07 1.330635e-07 5.9812913e-07 3.613481e-08 5.901231e-09 6.202796e-05 1.6480184e-06 3.3847448e-07 1.3125001e-09 8.4558005e-09 6.6037234e-07 5.2883137e-10 9.815001e-09 6.2951383e-10 0.0010225322 2.1400124e-06 2.9611655e-07 0.010250141 2.0605414e-08
0.2573574 0.012106475 0.00012102989 0.00069943554 0.01864758 0.002796831 0.0029346873 0.71471965 0.000838865 1.4263585e-05 0.0011213617 9.399363e-05 0.0002269908 2.0597831e-06 0.69607913 1.05912595e-05 0.01204356 0.972698 9.0500706e-18 0.570056 4.0233213e-06 0.15431622 4.827171e-06 0.006717976 2.530878e-07 0.87665683 7.233596e-05 0.05090726 1.0591223e-06 1.0309515e-06 0.04727223 0.016846739 3.9733663e-06 1.4643387e-06 1.0823615e-06 6.414266e-07 2.5382817e-05 2.4245458e-07 0.9723223 0.0003778894 3.399252e-06 3.6876173e-07 2.9402855e-07 0.02855081 0.00745854 2.954796e-07 2.0064472e-05 2.1253725e-06 0.03571985 7.139421e-05 1.927301e-07 0.009849832 0.008584551 0.0065813786 0.008248026 0.009337341 0.011241699 4.844061e-07 1.093288e-07 8.8413356e-07 2.3769118e-07 7.673904e-06 0.00052547496 4.1091624e-08 1.6357259e-05 1.1287423e-06 0.00015263833 4.772685e-06 0.007815842 0.004602005 8.697703e-08 0.00031180948 5.6732783e-06 3.225668e-05 5.7568293e-08 3.4459052e-07 2.2904952e-07 1.6880454e-05 0.001367647 3.854582e-05 2.3025343e-07 0.0027922406 2.1862363e-06 2.5944365e-07 1.6412183e-05 2.5769435e-07 6.033638e-07 9.988313e-05 2.6180478e-06 1.1180547e-06 2.0833161e-08 6.0817086e-07 3.9124625e-06 8.437691e-09 1.6605208e-08 1.5021312e-08 0.0012803649 3.9934057e-06 1.6432018e-06 0.0070008333 7.8070315e-08
0.7794439 0.33812985 0.0009431644 0.0022068755 0.25342748 0.13951404 0.0053421063 0.9546219 0.0061802194 3.619667e-05 0.0013211245 7.116833e-05 0.00047467565 5.7603065e-06 0.17324005 3.3323744e-05 0.0068021067 0.06694588 0.570056 2.3154098e-18 1.8970708e-06 0.013355253 9.949676e-07 0.7404733 5.1710475e-07 0.95116246 0.00047090204 0.007019773 1.3537701e-06 2.877906e-06 0.007938848 0.88418627 3.96578e-06 8.0527764e-07 3.0345795e-06 1.1933771e-06 0.00010058295 1.1199771e-07 0.25707203 0.15648495 2.1727944e-06 7.5138337e-07 6.779194e-08 0.0030705188 0.007294127 1.8023427e-06 0.00012780743 1.9881436e-06 0.66656613 0.00012597858 1.030005e-06 0.0033918428 0.0014423699 0.0034168581 0.0030543024 0.002811348 0.19734764 2.4489276e-07 1.0235916e-07 6.119534e-06 2.2990268e-06 9.670795e-06 0.00028808197 2.7404786e-08 8.757524e-06 7.7239594e-05 0.0059004584 6.319184e-05 0.0026746767 0.0008851793 2.8522996e-07 0.0072929338 0.000120140256 0.00061613 3.3693055e-07 4.811179e-07 1.9623599e-07 0.00013354157 0.00040793806 5.5109336e-05 6.5273105e-07 0.0057443376 1.1941756e-07 1.8324494e-06 9.922401e-06 7.1981617e-07 1.0490337e-06 0.0003450916 1.2550604e-05 4.9892387e-06 1.8273649e-07 2.377768e-06 4.004996e-06 3.803951e-08 4.517982e-09 6.9626566e-08 0.0013749396 1.1699976e-05 7.795806e-06 0.011853081 5.943348e-07
0.858367 9.3968716e-05 0.022849036 0.13588609 0.00020415898 0.00038079752 0.01602716 1.6874466e-05 0.00079906126 0.57076216 0.0044110557 0.87582874 0.0038137608 0.56303984 3.817572e-06 0.47062293 0.00011589121 6.7418347e-07 4.0233213e-06 1.8970708e-06 3.9973e-17 1.01193955e-05 0.96141744 5.074632e-06 0.4495033 9.640302e-07 0.05603451 1.9103495e-06 0.9000818 0.23313138 2.406816e-07 2.1330212e-08 0.08953926 0.87234944 0.0150917815 0.010592982 0.002493371 0.7412279 7.8077505e-07 0.00016005928 0.008795104 0.38038632 0.026817085 1.5844454e-06 0.00013680766 0.011240718 0.028454108 0.35510492 1.5993186e-06 0.010499196 0.40247265 6.9303674e-06 5.360846e-06 2.6852895e-05 3.5313322e-05 4.7103174e-05 7.791861e-07 0.00048096292 0.0054152417 0.00023284156 0.0013695955 0.0014759955 8.042232e-05 0.00027854016 0.03658999 0.0197383 5.6223953e-06 0.0008102962 5.2189084e-06 8.987305e-06 0.004560286 9.553908e-06 9.96755e-05 1.2897843e-05 0.0013819574 0.00023413214 0.0011380515 4.5537166e-05 7.620715e-08 0.0009074835 2.6711521e-05 0.0006075553 0.027683107 0.0010269607 0.0008396693 0.00011349004 7.4180807e-06 0.0014923298 3.137398e-05 0.000567971 6.30585e-05 0.00015332036 0.00019093751 8.497477e-06 0.0006327895 6.2134377e-06 0.00078304013 6.568788e-05 0.00017976477 0.00027562762 8.3214676e-05
0.9121115 0.0068004266 0.007120774 0.003639489 0.003033839 0.0003496749 0.32348347 0.1430274 0.00038672445 6.2693674e-05 0.16908832 4.849552e-05 7.3177325e-05 9.744209e-06 0.8401078 2.786865e-06 0.59672785 0.5701568 0.15431622 0.013355253 1.01193955e-05 9.652316e-20 4.9682953e-06 0.0001879549 3.3495766e-07 0.032976884 0.0038380923 0.9907053 1.3102373e-06 1.950145e-06 0.96267915 0.000500594 3.866601e-06 2.5984396e-06 5.403389e-05 4.7335947e-05 3.0129508e-05 1.0431253e-07 0.06477387 8.356997e-06 9.7331285e-06 3.9949003e-07 4.8949806e-07 0.68465143 0.43148232 2.1483193e-07 2.7583008e-06 4.2463205e-07 0.00088400877 0.013182288 9.127693e-08 0.550325 0.29572132 0.43493137 0.5342396 0.5462983 0.0011623513 8.814507e-08 3.8503052e-07 1.2961549e-06 1.0774746e-06 0.0017901564 0.1374689 6.10302e-09 2.3880155e-05 7.938555e-06 2.9647035e-05 0.0002352409 0.027193973 0.02902058 2.0729015e-06 9.447835e-06 9.849837e-05 5.704229e-06 3.0674133e-07 2.073282e-07 6.6467987e-06 8.117193e-06 0.023461217 0.00010409972 3.428715e-07 0.22231191 1.8784665e-06 3.8864584e-07 0.00014033956 4.8004637e-07 3.6834453e-07 0.006717034 9.18877e-06 2.8719931e-05 1.8202059e-07 6.823078e-08 1.22019555e-05 2.0489722e-08 2.3612962e-08 7.2116078e-09 0.06504651 6.8594713e-06 7.230898e-07 0.24933429 0.0001001354
0.7013685 0.00029485175 0.019236444 0.13873962 0.00036907665 0.00040560044 0.010609487 1.7464881e-05 0.0019703875 0.34515935 0.0060863947 0.754279 0.0078431405 0.31156042 6.107588e-06 0.6156003 0.0004783135 1.4083744e-07 4.827171e-06 9.949676e-07 0.96141744 4.9682953e-06 2.0422052e-17 5.9488116e-06 0.1632283 4.5262018e-07 0.03539829 1.2102756e-06 0.8720477 0.27770317 5.617092e-07 2.1396112e-07 0.16025178 0.832704 0.006912744 0.004981302 0.008053246 0.93555444 4.892685e-07 0.0006811006 0.008060641 0.5199637 0.007326266 1.546815e-06 0.0003060601 0.004754418 0.02820996 0.4075014 2.8850204e-06 0.005224135 0.33253786 1.3802372e-05 9.572413e-06 4.5942536e-05 3.6648955e-05 5.678364e-05 2.9820802e-07 0.00017324268 0.0013781396 5.136784e-05 0.0003991161 0.00068437896 6.480933e-05 0.00013751966 0.02112092 0.015577442 3.67781e-06 0.0006172515 1.1487694e-05 3.4690194e-05 0.0052122367 1.382294e-06 0.00014284311 4.556265e-06 0.0012407934 5.5072665e-05 0.0013234025 1.846081e-05 1.991776e-06 0.0010819075 1.7913748e-05 0.0010917254 0.0072225668 0.0008907065 0.00091627287 6.471131e-05 2.8999216e-06 0.001032711 3.325495e-05 0.000495331 3.4965926e-06 8.797276e-06 0.00027399382 8.842431e-07 6.940061e-05 4.9495605e-07 0.00069002586 2.549337e-05 0.00013615518 0.0008816383 4.8170972e-05
0.6380131 0.45602193 0.024291294 0.024053067 0.36945865 0.797836 0.025353052 0.6554555 0.46445507 0.00019328739 0.0028858695 0.0012655737 0.036218986 4.8691225e-05 0.001523516 0.0017359174 0.003443511 0.0003093912 0.006717976 0.7404733 5.074632e-06 0.0001879549 5.9488116e-06 8.7729676e-18 7.2129055e-06 0.03683281 0.0031368718 0.00012233842 5.6093386e-06 9.713522e-05 6.729354e-05 0.9798896 0.00017424596 1.8517261e-06 1.5397498e-05 9.756055e-06 0.018495202 1.14039e-06 0.00035954444 0.93775076 7.421888e-06 7.208312e-06 5.7626e-07 0.00018590411 0.0021197442 1.9378886e-06 0.015728464 6.4376705e-05 0.52075636 0.0001389108 3.5154133e-06 0.00060403725 0.0003952499 0.0010280052 0.0007143498 0.00090801204 0.051773753 1.9236174e-07 3.7375905e-06 8.346368e-05 0.00024338208 1.2551033e-05 0.00015381949 2.87509e-07 1.8105975e-05 0.030019645 0.034847368 9.780299e-05 8.897627e-05 0.00026808257 1.0356144e-06 0.0095723765 0.036509812 0.016153494 8.3638565e-07 3.068878e-06 3.6940464e-06 0.011666307 7.71192e-06 0.00012727869 6.4901697e-06 0.002891725 5.1864395e-06 3.748875e-06 6.4642195e-06 4.37886e-06 1.2125724e-06 0.0006327856 3.048568e-05 4.690862e-05 8.310824e-07 1.2075082e-05 1.0213031e-05 4.4716018e-07 2.3090233e-07 5.43352e-07 0.00088004564 0.00013773637 1.453889e-05 0.0027633484 1.4750716e-05
0.75307035 2.1320586e-05 0.0025943182 0.0123002315 2.596345e-05 0.000368919 0.003701906 3.0391527e-06 0.00010905854 0.8516447 0.0025153882 0.5867285 0.0004491568 0.902852 4.182591e-08 0.017287277 6.511767e-05 1.7571846e-08 2.530878e-07 5.1710475e-07 0.4495033 3.3495766e-07 0.1632283 7.2129055e-06 3.2833264e-17 6.8123235e-08 0.0540913 1.53194e-07 0.32771128 0.010270683 6.023057e-08 7.1084514e-08 0.0022636247 0.5397959 0.07288823 0.061679143 0.00014170163 0.08503474 3.740058e-08 4.5870387e-05 0.043033753 0.025407972 0.9281967 1.0678481e-07 1.7581327e-05 0.15967977 0.00028794407 0.008043338 2.553846e-07 0.031279564 0.037171863 3.2425962e-06 6.576087e-06 2.1925598e-05 1.2626103e-05 5.9240424e-06 2.2057064e-08 0.68547744 0.7948585 0.044857305 0.14570385 0.026668813 0.0015108522 0.017695982 0.0030410043 6.2392945e-05 4.1108915e-06 0.013290727 8.794054e-08 1.3571141e-06 0.00036953643 3.446224e-07 6.288221e-06 3.0892684e-06 7.127034e-05 0.020010574 1.5530321e-06 5.25392e-06 1.1593974e-06 0.014017691 0.014216701 0.00052131107 0.83521134 4.0056206e-05 9.495545e-06 0.0042373324 0.005759035 0.009031848 1.1268731e-06 0.007187822 0.0049793073 0.02494511 6.0365423e-06 0.0011021778 0.032119643 0.0026117186 0.000570101 4.203541e-06 5.805524e-06 0.0001368048 0.00306197
0.02738249 0.021763036 0.00016301875 0.00073117745 0.017217204 0.0034100122 0.0019041391 0.6321835 0.00092613825 2.3928405e-06 0.0005891094 1.616122e-05 0.0001798548 1.6686424e-06 0.33405903 1.0673401e-05 0.0043431157 0.4829221 0.87665683 0.95116246 9.640302e-07 0.032976884 4.5262018e-07 0.03683281 6.8123235e-08 3.6326715e-19 9.578955e-05 0.008682558 8.9117924e-07 1.7837611e-07 0.0075609535 0.15006948 5.357856e-06 2.8148378e-07 1.2776782e-06 5.0429185e-07 4.6437613e-05 8.0587725e-08 0.9831709 0.0032576479 7.5128914e-06 7.6430155e-08 3.8895809e-07 0.0059366385 0.00086557673 8.619633e-07 4.6642133e-05 7.4125757e-07 0.36667138 0.00015830212 2.6021617e-08 0.0022776134 0.0024704062 0.0013540279 0.0017066234 0.0022910626 0.18298608 1.01522886e-07 1.4792237e-08 6.035621e-06 7.490581e-07 7.994245e-06 0.0007043615 9.659429e-08 5.2859014e-07 4.195875e-06 0.00058247766 1.1251586e-05 0.0036622002 0.0013395395 3.543085e-07 0.003051726 2.705228e-05 0.00015704265 4.9547243e-08 1.0619077e-06 5.280324e-07 0.0001250118 0.00070263894 2.5330608e-05 1.7235155e-07 0.0010197421 3.1174062e-07 3.1578537e-08 6.729742e-06 1.8892569e-06 5.5653836e-06 0.00013154218 2.911688e-06 1.3413444e-06 5.49831e-08 2.4148792e-07 2.4664605e-06 1.9821211e-08 7.769026e-10 1.5691148e-08 0.0006566818 3.3279332e-06 1.9692618e-06 0.003655968 1.5583352e-07
0.9936305 0.0994921 0.45137808 0.14719175 0.046109043 0.09015681 0.7027073 0.0038494044 0.09297398 0.17308787 0.80362564 0.17996132 0.034242637 0.599459 0.00045881525 0.10871471 0.5327316 6.142827e-05 7.233596e-05 0.00047090204 0.05603451 0.0038380923 0.03539829 0.0031368718 0.0540913 9.578955e-05 1.0441392e-17 0.00082330423 0.018770924 0.010112238 0.0005437462 0.00013217093 0.009702208 0.023791244 0.75875425 0.7218497 0.0038884222 0.012096752 8.026524e-05 0.0005464638 0.48446715 0.0023106858 0.090084255 0.0005220546 0.20073484 0.15099038 0.0007180014 0.000485627 7.907384e-05 0.7953847 0.0005953798 0.0011831505 0.000728305 0.0024863828 0.019211227 0.021948682 1.7242184e-06 0.0025040633 0.005900515 0.009003399 0.004782353 0.30954123 0.57774013 0.00054987904 1.2848993e-05 0.002951646 7.414527e-05 0.09446329 0.0005321081 0.0014391156 4.3118784e-05 4.924519e-06 0.0076589305 0.0002658348 3.054342e-05 0.0014246118 0.00044384375 0.005254923 0.0002089068 0.031547718 0.0014356337 0.36239055 0.006427769 2.1752961e-05 0.0005388468 0.0014263472 0.000100688994 0.39312196 0.00026220334 0.031340998 5.749212e-05 0.00014643652 0.00027474377 3.2294818e-05 0.00014795216 3.6574515e-05 0.16352418 0.00031013507 0.0006491089 0.041051973 0.031571645
0.79485714 0.0006304193 0.00014339111 0.0004183363 0.00028431325 0.00013355674 0.03887491 0.042141963 0.000114957336 8.6219225e-06 0.009096073 1.4416164e-05 1.6899316e-05 1.1865793e-06 0.4928698 8.180455e-07 0.30167544 0.24301991 0.05090726 0.007019773 1.9103495e-06 0.9907053 1.2102756e-06 0.00012233842 1.53194e-07 0.008682558 0.00082330423 7.822646e-21 5.844122e-07 5.4836136e-07 0.9834566 0.00017562382 1.2204557e-06 1.8393557e-07 3.8718185e-06 5.4405377e-06 3.7404147e-06 2.589931e-08 0.037642956 6.8782197e-06 2.6987484e-06 1.3638669e-07 2.7114874e-08 0.89120203 0.34284514 4.5307733e-08 3.695858e-06 1.3246449e-07 0.00080535025 0.003822859 8.126654e-09 0.5057559 0.45251212 0.42109147 0.33559123 0.35830477 0.0017581579 1.37684e-09 1.6651728e-09 2.3056347e-07 1.2490596e-08 0.0005153782 0.040390033 5.3780536e-09 5.807146e-06 1.8750803e-06 0.00023595586 0.00010426177 0.04439989 0.032106612 2.7678184e-06 2.6987937e-05 1.1117999e-05 2.7256916e-05 3.265668e-07 3.0501134e-08 2.0980624e-06 5.0742647e-06 0.015446535 3.9293474e-05 6.275927e-08 0.069332875 6.865941e-07 3.5331172e-07 5.8272708e-05 1.8354446e-07 7.617126e-08 0.0041765207 1.3727835e-05 7.995579e-06 6.519558e-09 1.10650895e-07 8.792536e-06 1.8812711e-09 6.126243e-08 2.4386217e-09 0.04138637 1.0415051e-05 9.404729e-08 0.17774516 4.042446e-05
0.34918803 4.5329452e-05 0.0032233205 0.01642117 6.317015e-05 0.00020101947 0.002796343 3.4409352e-06 0.00035060119 0.22131544 0.0009181676 0.5798269 0.0009328601 0.27246904 5.5554483e-07 0.089938454 4.5701927e-05 3.4015248e-08 1.0591223e-06 1.3537701e-06 0.9000818 1.3102373e-06 0.8720477 5.6093386e-06 0.32771128 8.9117924e-07 0.018770924 5.844122e-07 1.0865166e-16 0.11331071 8.956459e-08 5.3168907e-08 0.012830491 0.98525727 0.0065572215 0.004461673 0.000659585 0.66200817 2.6395713e-07 0.00011809134 0.0031425683 0.26453593 0.055637315 5.2445134e-08 6.08878e-06 0.007025613 0.0045193103 0.22695334 3.7735067e-06 0.0035661333 0.42218617 1.3374702e-06 2.508467e-06 2.0893867e-06 9.270041e-07 1.5206484e-06 3.9378364e-07 0.001561134 0.013786719 0.00061109185 0.0012480596 0.0006988907 2.8399523e-05 0.00019324038 0.0365165 0.007804893 5.7825814e-06 0.00030377676 6.197867e-08 6.236599e-07 0.0040296866 1.6882603e-06 2.1950349e-05 6.699422e-06 0.00094754546 0.00020548861 0.0006557372 1.5823909e-05 3.6091276e-08 0.00027551648 2.8672179e-05 5.1299692e-05 0.19728032 0.0013694551 0.00056123594 5.8842037e-05 5.887808e-05 0.00036025496 1.04872115e-05 0.000106162515 8.826188e-05 0.00033127022 0.00012131601 8.803798e-06 0.0019474243 1.8994037e-05 0.00014432913 9.744199e-06 3.746236e-05 0.00019274876 4.456166e-05
0.3731586 0.0031724803 0.017789623 0.16022497 0.0029828455 0.012418809 0.007899557 5.2420462e-05 0.028826755 0.04569127 0.00094208156 0.23791544 0.347773 0.07117408 4.38056e-06 0.8919132 7.138332e-05 6.831764e-08 1.0309515e-06 2.877906e-06 0.23313138 1.950145e-06 0.27770317 9.713522e-05 0.010270683 1.7837611e-07 0.010112238 5.4836136e-07 0.11331071 2.3815852e-17 1.3922411e-07 1.60363e-06 0.9847186 0.06736935 0.0016116409 0.00077274704 0.39250064 0.5706444 2.0152993e-07 0.0073437435 0.0006942033 0.55565476 0.0020635042 1.000233e-07 1.8919138e-05 0.00027951566 0.45198026 0.87980694 3.8427065e-06 0.00036689258 0.16646661 2.9919265e-06 4.1170033e-06 9.807914e-06 9.688907e-06 1.138743e-05 1.272712e-07 1.301316e-06 4.70336e-05 3.0850893e-05 1.9431507e-05 7.4847834e-05 1.5450438e-05 1.9423403e-06 0.0075869886 0.19145454 3.104517e-06 3.1146665e-05 8.386669e-07 3.3608671e-06 0.035279218 3.7822954e-07 0.013298948 1.39700005e-05 0.0069755143 1.3003706e-06 0.032285742 8.022308e-05 7.684793e-08 8.688763e-05 9.619766e-07 0.00025413834 0.0026571278 0.002129853 0.0061763106 5.274252e-06 1.6411957e-06 0.0003362347 0.0001399836 1.6319646e-05 3.7713528e-07 7.729202e-06 0.00090460014 7.7596155e-08 8.409383e-07 1.648945e-07 0.00017604437 8.675564e-05 0.0003155503 0.000160584 1.4540728e-06
0.858533 0.000121625664 2.2228884e-05 0.00019006421 0.0001605768 6.9591086e-05 0.0031516245 0.02239042 5.26676e-05 4.2489314e-06 0.0006708008 1.20529585e-05 5.000009e-06 4.2762304e-07 0.30778077 1.569382e-07 0.15854122 0.24773788 0.04727223 0.007938848 2.406816e-07 0.96267915 5.617092e-07 6.729354e-05 6.023057e-08 0.0075609535 0.0005437462 0.9834566 8.956459e-08 1.3922411e-07 1.7472936e-21 0.00013021976 4.727378e-07 1.057464e-08 6.8735466e-07 9.436447e-07 2.6408318e-06 3.347312e-09 0.035332806 2.923837e-06 3.6763493e-07 1.6168933e-08 1.5646977e-08 0.979462 0.21789064 5.1130646e-09 6.7666014e-07 1.9231836e-08 0.0003274514 0.0028675734 5.1694365e-10 0.52745783 0.56615835 0.3981085 0.27452114 0.33327478 0.00096760126 1.2123255e-09 2.7282201e-10 6.168772e-08 5.132724e-09 0.0004323311 0.03211894 2.064871e-10 5.3509183e-07 3.7102217e-07 7.323506e-05 2.454806e-05 0.09431316 0.05798737 1.0171464e-06 1.7282064e-05 3.22976e-06 1.7477962e-05 1.2859093e-07 7.7706863e-10 2.2119398e-06 9.427592e-06 0.027402239 4.2741e-06 2.2930413e-09 0.07864047 5.8070543e-07 1.0006928e-07 3.286598e-05 3.0847533e-09 2.095411e-08 0.0014636224 5.9009585e-06 3.3940444e-07 8.4995183e-10 3.0904026e-08 5.3923495e-06 1.383423e-10 2.1142231e-08 2.2730364e-09 0.039541245 2.020352e-06 1.0075319e-07 0.3223229 4.732139e-06
