6.1684875e-31 0.59037375 0.33404723 0.929497 0.4628542 0.9654128 0.91349274 0.6531371 0.8016598 0.8458439 0.8323156 0.92455506 0.9454604 0.6968635 0.5696901 0.5955576 0.29611072 0.45794395 0.6385062 0.93486834 0.7654911 0.9495356 0.27798927 0.6353223 0.70895594 0.5575829 0.2513881 0.7178332 0.8467948 0.3642633 0.45128775 0.86379695 0.41859576 0.09991342 0.45996007 0.022994006 0.06989912 0.7721749 0.6117378 0.7504717 0.054989927 0.818557 0.02506622 0.24046099 0.003917332 0.01775045 0.41417637 0.018014554 0.39085224 0.9713433 0.07413725 0.009718335 0.7449217 0.03266886 0.46757334 0.729634 0.0037540488 0.9940263 0.0007569853 0.99696386 0.0021263966 0.9914666 0.9824137 0.59947556 0.26326782 0.016847245 0.99785364 0.01230066 0.010950988 0.00036921096 0.0033250004 0.00016212031 0.53458875 0.00043844196 0.98596615 0.033094812 0.039646536 0.00038277308 0.99969625 0.98061436 0.17133993 0.00070833456 0.054774355 0.029824803 0.032175127 0.31696758 1.7934883e-06 0.00020787437 0.9989469 0.99948025 9.1807115e-06 0.992802 0.9998799 5.1177335e-07 0.9999323 1.6960452e-06 3.4218523e-05 0.06475989 0.0020758177 0.6746374 1.0097695e-07
0.59037375 8.250735e-22 0.9466209 0.48260656 0.96729136 0.56506455 0.36787936 0.38722417 0.13866957 0.351378 0.10442174 0.2803644 0.29110584 0.12860447 0.04644268 0.056158517 0.055280272 0.102553084 0.026022656 0.020947354 0.043845024 0.05005255 0.026350722 0.005123172 0.041252784 0.0071732253 0.043041047 0.0063667637 0.01731464 0.0013910754 0.0019361227 0.0010695722 0.0029870842 0.0041997186 0.0013315604 0.009387167 0.009549135 0.017076498 0.0020735464 0.008056837 0.0018437341 0.0052808807 0.0067415433 0.001963668 0.0009384182 0.00033291936 0.0017339104 0.0025960917 0.00028270372 0.0030634406 9.426365e-05 0.0022527901 0.0038048564 0.00065952213 0.0004811276 0.0018081247 0.00023648956 0.0724354 0.000602136 0.16395672 2.6944372e-05 0.01775563 0.03401189 0.00019594756 0.0008208734 4.0448638e-05 0.078505814 3.278068e-05 1.85376e-06 7.3240924e-05 1.1736352e-05 3.2622672e-06 2.936396e-05 1.7863991e-06 0.004381243 2.7515984e-08 1.6514474e-05 6.279696e-05 0.027697917 0.0050919 0.00042891124 0.00040452633 3.056294e-05 8.662951e-08 0.00045482485 0.0017821597 3.8255866e-06 1.5389843e-06 0.017201759 0.010160413 2.6030018e-05 0.010935146 0.006077089 1.1768099e-06 0.00889717 3.9793995e-06 4.2454136e-05 3.0601186e-08 2.1576122e-07 4.618959e-06 2.4557075e-05
0.33404723 0.9466209 6.300091e-24 0.9355201 0.5263154 0.37048918 0.43525076 0.86134475 0.6096982 0.13826449 0.4381252 0.09610515 0.10007279 0.4914088 0.12639068 0.020792974 0.1158868 0.060080443 0.040774263 0.09480113 0.031321593 0.025738457 0.06466454 0.0046262005 0.013547752 0.016880592 0.181766 0.0066412007 0.005507784 0.0016581173 0.006478816 0.0018247261 0.0021506 0.0036375704 0.0057091084 0.0314884 0.01925719 0.0038390951 0.0026520165 0.005712763 0.001162222 0.00083311676 0.04330189 0.000563382 0.005480522 0.0040236632 0.00076014444 0.0016287322 0.0005648257 0.0039028502 0.00056916825 0.004593899 0.0003542404 0.0011524339 2.9800418e-05 0.0004691603 0.0002817238 0.025180457 0.00035431763 0.07951669 2.9821542e-05 0.014154647 0.021325804 0.0002121618 0.00019659051 0.00011395639 0.035916857 9.342774e-05 1.1407789e-05 8.5397995e-05 4.0806488e-05 9.096809e-06 2.0253861e-05 2.0070358e-06 0.003542467 5.0666796e-07 2.44783e-05 0.0001688415 0.01076456 0.000423831 3.8374787e-05 0.0005613087 1.1964374e-05 3.3554915e-07 0.00059992383 0.00018777807 2.2546039e-05 1.11501395e-05 0.003353651 0.0028607354 0.000106804226 0.0016321779 0.005134091 3.5158325e-06 0.0016914877 2.2691338e-05 0.00018988375 5.975977e-07 1.1209318e-06 3.878619e-06 6.9395974e-05
0.929497 0.48260656 0.9355201 1.8645267e-18 0.11878737 0.55954355 0.7493755 0.68628764 0.85900354 0.036427844 0.61454374 0.13797565 0.04228781 0.12894481 0.37324467 0.006657517 0.17390193 0.03202496 0.023535348 0.13886392 0.46356252 0.010549048 0.22601075 0.050183594 0.006363255 0.0076268455 0.4396262 0.0046393927 0.0009811141 0.022681935 0.052326526 0.009029738 0.014967576 0.018184757 0.022477522 0.12644057 0.10496144 0.007042054 0.0022693418 0.006703855 0.014200962 0.00038098876 0.30856645 0.0008622071 0.024510141 0.031718142 0.0014641153 0.020431032 0.0009938017 0.0075526726 0.00049387186 0.021809189 0.00011947459 0.012544735 9.490241e-06 0.00070184236 0.002611273 0.022756996 0.0027891055 0.156342 0.0009822644 0.027512021 0.030789318 0.0016582725 3.2278404e-05 0.004458451 0.07182625 0.00045552658 0.00010099732 0.0007103417 0.00081508595 0.00011767302 2.0502966e-05 5.4318625e-05 0.024005035 0.00010778098 5.5671593e-05 0.0024899708 0.026568731 0.0013815727 1.4333485e-05 0.020859238 1.5380416e-05 1.6852146e-05 0.00848695 1.0012236e-05 3.4452878e-05 0.00020261636 0.012135872 0.007961032 0.0005963592 0.0028895333 0.012875715 1.2151324e-05 0.014842071 0.00046856268 0.0013555246 1.6784547e-06 1.1609646e-05 4.1657502e-05 0.00018208199
0.4628542 0.96729136 0.5263154 0.11878737 1.28214255e-20 0.15032673 0.013217509 0.13299058 0.009964846 0.60697615 0.022322087 0.120133474 0.9779623 0.054039944 0.0010134984 0.03222246 0.0020259668 0.030834988 0.029732237 0.0036707162 0.0016359149 0.20755227 0.0010426062 0.00046027137 0.041502047 0.0028489844 0.0006839858 0.007686345 0.03217908 0.00026976084 0.00016953934 0.00061835273 0.00035300374 0.000938084 8.8066314e-05 0.0018785563 0.0007706206 0.030937193 0.001544146 0.0018133753 0.00042936593 0.015292624 0.00024518196 0.0005797712 4.170194e-05 3.5200817e-05 0.00061818317 0.00057774613 0.00012563112 0.0029737777 3.2753556e-05 0.0010926211 0.007857874 6.825106e-05 0.00042711708 0.003402838 0.00012841747 0.028261991 0.00026750614 0.12043824 5.9522707e-05 0.013465706 0.02811908 0.00031563066 0.0007620726 5.5896897e-05 0.06466867 5.2552557e-05 7.2358753e-06 0.00023979942 1.00508105e-05 8.410037e-06 3.6700476e-05 3.8508656e-06 0.0041276347 2.7299718e-08 3.8281436e-05 5.679287e-06 0.030065948 0.009680614 0.000575609 9.762905e-06 6.603522e-05 2.4098879e-06 5.377367e-05 0.0009824621 2.456313e-06 8.7604843e-07 0.018272694 0.01013817 8.697712e-06 0.009639319 0.006226289 2.073392e-06 0.016493816 7.7355986e-07 3.9771672e-05 5.933567e-07 1.3687735e-06 2.397163e-05 5.6980366e-06
0.9654128 0.56506455 0.37048918 0.55954355 0.15032673 1.3998207e-18 0.7751508 0.06138937 0.28341812 0.36634645 0.08931824 0.8935367 0.010928479 0.0038973046 0.19773212 0.15270074 0.31724894 0.70638394 0.0012976268 0.0032422037 0.89312774 0.016655615 0.081300795 0.5551013 0.034492414 0.00069613423 0.13356394 0.00040355048 0.06211825 0.20662045 0.0056687873 0.00039703233 0.20712881 0.23795487 0.00038847933 0.038542423 0.18939851 0.026819518 0.00024954916 0.17324916 0.16985868 0.017967353 0.0383185 0.026166677 0.0021322875 0.0009519361 0.021852566 0.16579463 2.1673528e-05 4.7598598e-05 1.2235061e-05 0.022727374 0.014133941 0.15856867 0.0057208324 0.0036560309 0.02185984 0.073121086 0.006345699 0.14181417 0.018020429 0.00496583 0.0036994936 1.1133001e-05 0.0018987951 0.036298495 0.04754498 2.7761805e-06 4.755699e-07 0.0012321512 0.0053113294 0.0008748792 0.00033513005 0.0016298835 0.0035244003 1.7216928e-06 0.0010269885 0.000109903514 0.005532207 0.022230158 8.890324e-05 0.008359664 0.0003420283 1.4561785e-09 0.0053970236 0.00037443158 2.2646349e-05 1.3380482e-06 0.118767746 0.042601697 0.00024525353 0.02990658 0.0018071267 1.3863968e-05 0.019002503 2.6107735e-05 6.231024e-05 2.0318697e-10 3.114304e-07 6.773132e-08 1.097631e-05
0.91349274 0.36787936 0.43525076 0.7493755 0.013217509 0.7751508 1.7197976e-21 0.12486697 0.91706 0.008135801 0.23740841 0.11080239 0.0006829423 0.0019953067 0.8925751 0.0011473713 0.8891207 0.061326895 0.00028654016 0.016737644 0.5444385 0.0013548706 0.488144 0.091875106 0.0030079857 0.00037468362 0.5459357 5.2786272e-05 0.001019068 0.035395637 0.018939564 0.00014503971 0.026142163 0.025182832 0.0012078279 0.13428488 0.24241793 0.0010442267 6.0812803e-05 0.0044567124 0.015494787 4.3321197e-05 0.15487377 0.00036027742 0.012060029 0.0020595703 0.00023825075 0.06453144 8.836745e-06 6.9920216e-06 6.932232e-06 0.019657966 1.5492371e-05 0.02460946 2.5757927e-06 2.80704e-05 0.006924076 0.005649765 0.0026087428 0.027221736 0.0041898834 0.0011941787 0.00045368358 6.0505763e-06 3.7928774e-06 0.008187692 0.0055311625 6.1551973e-06 5.1647044e-07 0.0020922164 0.002032349 0.00034514195 3.2570354e-06 0.00012407466 0.001233698 5.274269e-07 2.0300988e-05 0.003458535 0.0008796189 0.00016516577 3.8387998e-07 0.042666957 2.328924e-06 3.5472667e-09 0.00044008135 1.8185101e-06 1.7400145e-05 1.667784e-05 0.0038718856 0.0024274033 0.0002831716 0.0008364238 0.0004821429 1.3244504e-05 0.00442904 4.028176e-05 0.001163508 1.3140924e-10 3.074662e-07 3.677657e-09 1.5462409e-05
0.6531371 0.38722417 0.86134475 0.68628764 0.13299058 0.06138937 0.12486697 2.3280459e-20 0.65025073 0.0185595 0.94112986 0.025752112 0.06934449 0.8813901 0.036216382 0.0024824673 0.02048181 0.008844887 0.24669151 0.57761997 0.011292582 0.027884416 0.019439545 0.00018827064 0.009307124 0.07762919 0.22950135 0.065058134 0.0012004125 5.025453e-05 0.07774967 0.0678178 0.00020417942 0.0002347331 0.03461023 0.0077721146 0.0031876243 0.0036230795 0.05350018 0.0008053511 8.350333e-05 0.00018249784 0.015859226 7.0431284e-05 0.023304105 0.06284676 0.00013749686 7.029352e-05 0.0032460648 0.063103475 0.002410255 0.000100871606 0.00015779027 4.76451e-05 1.1533789e-05 0.0005348916 1.201661e-05 0.02762481 1.2927976e-05 0.18298131 1.7232402e-06 0.07817738 0.10034788 0.0063048275 1.9721987e-05 2.3285966e-05 0.105852395 0.001808649 0.0004556643 5.5563946e-06 2.9133396e-05 2.3454336e-06 5.403546e-06 2.2430174e-06 0.04584297 2.2822618e-05 4.2165375e-06 0.001947755 0.025835145 0.00088900025 7.726777e-06 0.00043871716 3.1825969e-06 5.5672495e-05 0.00061416475 2.5023635e-05 6.142109e-06 4.9726394e-05 0.006750267 0.006680391 9.8559816e-05 0.0017481263 0.031164369 3.139213e-06 0.006503603 1.702845e-05 5.4806867e-05 2.7363645e-05 5.230588e-06 0.00022533046 3.3153112e-05
0.8016598 0.13866957 0.6096982 0.85900354 0.009964846 0.28341812 0.91706 0.65025073 2.3813362e-20 0.0014652173 0.8940951 0.025081934 0.0013266349 0.052992664 0.6586206 0.00026842358 0.3910648 0.011408938 0.007970756 0.17289378 0.15314417 0.002282274 0.33529252 0.012952123 0.0012031919 0.0075209183 0.8621655 0.0026580768 0.00011345918 0.004118123 0.13368334 0.004861583 0.003004423 0.0058302423 0.04182726 0.055374466 0.07792768 0.0004074639 0.00225176 0.0009898866 0.0019213285 6.8060453e-06 0.17822205 7.180104e-05 0.11335178 0.08720235 7.613484e-05 0.013480771 0.0011152981 0.002141023 0.000988679 0.004638587 7.081683e-06 0.005174326 8.720773e-07 1.6386253e-05 0.00083533605 0.0029652608 0.0005280561 0.042322032 0.00024325747 0.009488662 0.010705238 0.001453205 2.3622063e-06 0.0007555 0.019431256 0.0007370085 0.00019234167 6.947399e-05 0.00029383923 1.1134106e-05 1.8416382e-06 2.8670594e-05 0.013176548 0.0001250162 5.5732226e-06 0.023304388 0.006924667 9.543521e-05 1.2362277e-06 0.0208234 2.4778647e-06 4.421018e-06 0.0009245458 1.8171925e-06 4.4074873e-06 0.00040820558 0.006294182 0.003928516 0.0001030064 0.0003195093 0.0061154654 2.3377693e-06 0.0039287014 2.3337941e-05 0.00030836702 7.4321616e-07 1.0394441e-05 3.594327e-06 1.4138422e-05
0.8458439 0.351378 0.13826449 0.036427844 0.60697615 0.36634645 0.008135801 0.0185595 0.0014652173 2.633296e-20 0.0013576387 0.5947728 0.09704843 0.0056147682 0.0017234838 0.9812129 0.0039446214 0.28377178 0.0016963203 0.0004867955 0.012354199 0.3621386 0.0013522496 0.016367232 0.34550634 0.00026733452 0.00013380813 0.0009069354 0.3442429 0.0016943874 2.8987051e-06 0.000111461704 0.011473533 0.0067579704 3.1631887e-06 0.0009863656 0.0019419587 0.19177458 7.633062e-05 0.032409377 0.0038758013 0.12860683 2.7459902e-05 0.011535357 7.7644014e-05 1.3113034e-06 0.010269548 0.0018518323 1.4083865e-05 0.00014170542 7.2853704e-06 0.0007844689 0.06780997 0.0009707002 0.023742888 0.015858546 0.00041810854 0.15684354 0.00047341728 0.15056515 0.000121338686 0.0039467 0.015102681 2.3990087e-05 0.010194981 0.0001008566 0.0663293 8.779357e-06 4.0828755e-07 7.272913e-05 5.4371794e-05 2.0626367e-05 0.00028533296 9.555439e-06 0.0012252524 1.2548718e-08 0.00013841028 4.092725e-06 0.020323679 0.060166292 0.0019639225 6.037872e-06 0.00027928146 4.0782013e-09 0.00012061886 0.004831756 5.8644027e-06 2.0119685e-06 0.1114557 0.063232064 3.340689e-05 0.0477138 0.0015120896 2.1418787e-06 0.05436016 5.240749e-06 5.672627e-05 1.0895088e-09 2.5500222e-07 2.5635896e-07 4.3833155e-05
0.8323156 0.10442174 0.4381252 0.61454374 0.022322087 0.08931824 0.23740841 0.94112986 0.8940951 0.0013576387 1.9344034e-20 0.008418234 0.014740642 0.55632704 0.065326095 0.00025792242 0.027951943 0.0015396964 0.15798551 0.7933103 0.014906487 0.0026038822 0.036244076 8.713466e-05 0.0011233061 0.091381155 0.5352669 0.02979405 7.479253e-05 4.173644e-05 0.33774397 0.10876819 0.00013126986 0.00014286724 0.18610641 0.013042439 0.0047364174 0.0006429069 0.07368928 0.00015652755 4.122192e-05 6.9534594e-06 0.08653825 2.5367874e-06 0.09636812 0.14899032 6.524525e-06 5.9074933e-05 0.010695131 0.053315476 0.0050371033 6.791318e-05 1.3470818e-05 1.5596317e-05 1.9879387e-06 2.1642461e-05 7.938654e-06 0.003993758 1.0417813e-05 0.14258114 5.703911e-07 0.07362688 0.098022945 0.011689405 3.137036e-07 2.9872379e-05 0.07590105 0.0026525261 0.0008453689 9.881737e-06 5.4581586e-05 2.4992548e-06 2.2710368e-07 1.2289901e-06 0.07965186 0.0006088066 4.2473974e-07 0.003321226 0.01855289 0.00027018622 1.269507e-07 0.0016065974 2.663559e-07 0.000109834684 7.260633e-05 2.6374403e-07 4.3062337e-06 0.00020755088 0.004051423 0.0033379758 8.464265e-05 0.0004201533 0.045281466 3.3262356e-06 0.0064595924 2.3552206e-05 3.98582e-05 4.7994727e-06 3.0447041e-05 7.923622e-05 2.3404227e-05
0.92455506 0.2803644 0.09610515 0.13797565 0.120133474 0.8935367 0.11080239 0.025752112 0.025081934 0.5947728 0.008418234 2.226538e-18 0.014439556 0.003607148 0.025430813 0.55899054 0.040857714 0.9456287 0.0007295838 0.0006371872 0.3761959 0.034685668 0.023509804 0.53204805 0.056847896 0.00026585357 0.0027431843 0.00033477868 0.15284762 0.15403542 0.00019910696 0.00033953658 0.28630912 0.31854275 1.8118722e-05 0.019112626 0.04945484 0.057583228 0.00022105522 0.35375303 0.20620899 0.049977425 0.008883554 0.07660187 0.00033466888 5.5345343e-05 0.05462709 0.0546637 9.6395515e-06 1.8324487e-05 4.3329114e-06 0.01138362 0.043869086 0.08181888 0.020625463 0.011436134 0.013165389 0.106384546 0.004344875 0.07331796 0.016165437 0.0017993785 0.0033586372 4.1573127e-05 0.009903073 0.031512786 0.01861125 1.599551e-05 2.0770196e-06 0.0018036454 0.0052738097 0.0024169532 0.00069863483 0.0014501413 0.0012560165 3.6447127e-06 0.0015505933 2.2753748e-05 0.002654243 0.038604528 0.0018056831 0.0007663329 0.00080046616 8.5452044e-08 0.0032289734 0.004690136 9.737989e-05 5.7043217e-06 0.10934318 0.050722145 0.00014585535 0.07628878 0.000969646 3.5263212e-05 0.009354616 4.4143377e-05 0.000110865476 6.284105e-09 2.692987e-06 9.303404e-07 3.1320676e-05
0.9454604 0.29110584 0.10007279 0.04228781 0.9779623 0.010928479 0.0006829423 0.06934449 0.0013266349 0.09704843 0.014740642 0.014439556 2.327031e-22 0.1312885 0.000280834 0.019129254 0.00039681143 0.0050300257 0.076297104 0.008455494 0.00037349685 0.7178809 0.00010530302 1.9158677e-05 0.1874976 0.0046716016 0.00027107247 0.027266633 0.028043432 7.946017e-06 0.0009955143 0.0015176467 4.872871e-05 0.0001414126 0.0003814828 3.2776337e-05 2.9387833e-05 0.074127235 0.002173598 0.000901517 2.6383812e-05 0.032771707 3.894416e-06 0.0002867058 4.132467e-06 8.197402e-07 0.00066358474 2.2409467e-05 0.00053470273 0.0073930062 0.00020410912 1.061152e-05 0.006282012 4.087794e-06 0.00063811423 0.0063646752 6.2823706e-06 0.4461309 1.6787766e-06 0.75929683 5.395505e-07 0.04997261 0.19954707 0.0004603591 0.001367461 3.3827183e-07 0.49683288 4.9824826e-06 8.9503413e-07 1.4942372e-06 2.9570597e-07 5.5864484e-07 0.00012283656 1.6668682e-07 0.011560081 1.470694e-08 4.1294215e-06 4.997065e-07 0.2595008 0.0581645 0.0007139116 5.089074e-08 2.4100938e-05 1.4201373e-08 6.317421e-06 0.0004604491 4.4764192e-07 4.1810816e-07 0.2141736 0.20316908 8.019076e-08 0.06932694 0.030983614 2.2929386e-07 0.5823652 1.361359e-07 1.5944178e-06 7.840634e-09 7.444792e-08 4.2290458e-06 7.2149993e-07
0.6968635 0.12860447 0.4914088 0.12894481 0.054039944 0.0038973046 0.0019953067 0.8813901 0.052992664 0.0056147682 0.55632704 0.003607148 0.1312885 2.4503869e-19 0.0010938604 0.0007349677 0.0007739809 0.0009888473 0.97093254 0.72713137 0.00017256448 0.02246946 0.00029862142 6.6875677e-06 0.0051845256 0.37659866 0.023115238 0.46324497 0.000413919 6.2504764e-06 0.027126174 0.16914284 4.560023e-05 8.139674e-06 0.07494286 0.0001305784 2.8616832e-05 0.001846938 0.18788885 5.5125576e-05 4.0560753e-06 0.00030191592 8.984165e-05 8.246845e-06 0.0027087403 0.0051988894 3.8264057e-05 3.8613885e-05 0.018811155 0.07996729 0.007043464 7.444189e-06 8.712011e-05 3.601514e-05 6.0736033e-06 8.6745546e-05 7.888189e-06 0.04567725 5.141771e-06 0.13956204 3.4877137e-06 0.19107443 0.12580965 0.0066116545 2.428496e-05 3.7356879e-06 0.079921715 0.00041508893 7.541969e-05 4.950712e-07 1.9004843e-06 1.1229263e-06 2.331275e-06 6.875907e-07 0.042000834 4.56931e-06 6.6355784e-07 3.638595e-05 0.056035712 0.0002712212 7.048413e-06 3.3777673e-05 1.7816217e-06 1.2275032e-05 1.984482e-06 8.991767e-05 1.36339095e-05 1.0351243e-05 0.001858426 0.0022425342 3.458383e-05 0.0007941657 0.024842203 1.3315985e-05 0.0045529422 9.53422e-06 0.000220981 2.5498612e-06 4.3437594e-06 0.00016433555 3.039221e-05
0.5696901 0.04644268 0.12639068 0.37324467 0.0010134984 0.19773212 0.8925751 0.036216382 0.6586206 0.0017234838 0.065326095 0.025430813 0.000280834 0.0010938604 2.3895962e-22 0.00037915376 0.9646744 0.024880491 0.00050903705 0.0064420984 0.38442263 0.000109793 0.87923175 0.0070589073 0.0002800226 0.0003146446 0.6056079 0.00013061588 3.8025857e-05 0.0049265185 0.003146219 4.079101e-05 0.0016275863 0.0022249967 0.00039474457 0.2566607 0.33087802 5.312043e-05 0.00011257614 0.00059057755 0.0008716641 1.8124882e-06 0.5401401 1.413485e-05 0.011747138 0.0024422458 4.9616942e-06 0.045933362 5.2095597e-06 1.5494203e-05 1.1396784e-05 0.036282886 4.419382e-06 0.008988591 3.4005924e-07 3.1931431e-06 0.0033924172 0.00036339153 0.0018499075 0.001640182 0.0013440257 0.00034268948 0.0002666178 1.3132934e-06 5.4034405e-07 0.003935986 0.00035482802 2.0579053e-05 3.2318953e-06 0.0013289598 0.00047941593 0.00021719866 2.1977641e-07 1.8242552e-05 0.0004501332 1.5960868e-06 8.85512e-06 0.010325884 0.00020974304 9.061171e-06 3.5416627e-07 0.12875748 3.3022648e-06 3.2924286e-06 0.0015378736 3.243247e-07 2.1976155e-05 0.00019322342 0.0004088362 0.00029128214 0.0014571163 0.00014100724 0.00075858884 2.8258472e-05 0.0009223622 0.00040197012 0.0058903215 6.5005636e-08 5.3910126e-06 1.4066984e-06 7.770743e-05
0.5955576 0.056158517 0.020792974 0.006657517 0.03222246 0.15270074 0.0011473713 0.0024824673 0.00026842358 0.9812129 0.00025792242 0.55899054 0.019129254 0.0007349677 0.00037915376 4.4150725e-21 0.0012757783 0.647638 0.00021199413 6.438591e-05 0.0038536815 0.098660365 0.0004139895 0.03676952 0.28898713 7.5574855e-05 5.243776e-05 0.00015035775 0.66113263 0.0024658632 2.6709854e-06 1.601734e-05 0.06663047 0.04760241 3.842802e-06 0.00014660589 0.00013332308 0.4124733 9.630139e-05 0.35848293 0.022724397 0.2650337 1.612461e-05 0.14527158 8.6218206e-05 1.9348758e-05 0.12529066 0.0003714458 1.3806968e-05 4.4478275e-05 9.409299e-07 0.00010962644 0.2552787 0.0002838194 0.2897722 0.07166554 7.383367e-05 0.06911886 0.0001422131 0.042546827 0.0001271524 0.0039477427 0.0059583597 4.4362878e-05 0.13759783 0.00035948376 0.025089009 6.0999082e-05 2.6110138e-06 9.4350165e-05 0.0003777824 2.68447e-05 0.0019280118 0.000208364 0.00051394774 2.8002938e-07 0.0009883298 1.36121225e-05 0.013637012 0.08214638 0.00826538 9.226335e-06 0.00039064008 7.358293e-07 0.0009268751 0.0132744545 8.996961e-06 3.4814925e-06 0.08769728 0.038643148 1.6225542e-05 0.07520599 0.0008267934 1.8638891e-06 0.02314045 6.639975e-06 0.0004208762 5.7382703e-08 4.6786095e-06 9.252849e-06 2.8112807e-05
0.29611072 0.055280272 0.1158868 0.17390193 0.0020259668 0.31724894 0.8891207 0.02048181 0.3910648 0.0039446214 0.027951943 0.040857714 0.00039681143 0.0007739809 0.9646744 0.0012757783 5.016764e-23 0.04660491 0.00041476404 0.0030385545 0.6973923 0.0015807304 0.8919746 0.023159372 0.0020577651 0.00016257472 0.38437605 0.00014374134 0.00061914517 0.0150208855 0.0016429443 1.6547896e-05 0.006745965 0.009904722 0.0001501338 0.22808377 0.4505833 0.00073353923 0.00010269841 0.0034350224 0.0058451374 0.00013006969 0.2732912 0.00025708255 0.0069092866 0.00090662367 0.00020440659 0.13187248 1.2028798e-05 2.4920111e-05 1.5340396e-05 0.05698803 0.00020898532 0.021018192 1.0393619e-05 0.00020814197 0.012459908 0.002887016 0.005986916 0.0015194518 0.004259038 0.0003833269 0.00019800603 1.6269739e-06 4.9180497e-05 0.007248858 0.0006145786 5.2068506e-05 7.845089e-06 0.0019325698 0.0012788791 0.00079961814 1.1610511e-05 9.893501e-05 8.206781e-05 2.3624958e-07 5.8884703e-05 0.0074580465 0.00016642435 0.00023957476 3.0891224e-05 0.033312477 1.6264783e-05 1.0185149e-06 0.0008350823 8.0147525e-05 8.272402e-05 3.074416e-05 0.0022445957 0.0011584149 0.0010228248 0.00094175094 0.00044652485 7.457808e-05 0.0012319451 0.00018136122 0.0019044207 1.5479979e-07 2.411095e-06 1.2633265e-06 0.00013215076
0.45794395 0.102553084 0.060080443 0.03202496 0.030834988 0.70638394 0.061326895 0.008844887 0.011408938 0.28377178 0.0015396964 0.9456287 0.0050300257 0.0009888473 0.024880491 0.647638 0.04660491 1.4933158e-19 0.00013561286 7.913215e-05 0.42756504 0.013887895 0.020058004 0.74906945 0.023830399 0.000111149195 0.0006380631 0.00020458405 0.11021167 0.39087725 4.714129e-05 0.00012918135 0.6849892 0.7804628 8.397766e-06 0.009812447 0.023571456 0.019161822 7.0229326e-05 0.8018832 0.6489457 0.022010945 0.0028974323 0.42365003 0.00027155713 4.1156633e-05 0.41155225 0.02005885 1.239587e-05 5.0356568e-05 5.886704e-06 0.0025471863 0.05980653 0.04231822 0.15084276 0.008110431 0.0038686981 0.029318132 0.0015789533 0.008026842 0.004013182 0.00070540275 0.0015907608 2.6199723e-05 0.06845173 0.025571877 0.002347169 5.6159433e-06 1.0050306e-06 0.0004446481 0.035624597 0.0005544162 0.009377024 0.010709134 0.00027559767 7.76529e-07 0.010428907 8.321566e-06 0.0012233504 0.022573594 0.0070245946 7.414852e-05 0.0035269198 1.0502644e-07 0.009145836 0.016663838 5.491726e-05 1.5538875e-05 0.028810596 0.012547523 0.00016792442 0.037760843 0.00046001398 2.1788797e-05 0.0021188154 3.0119334e-05 0.0001022795 9.7394235e-08 7.722898e-07 5.152118e-06 3.7871323e-05
0.6385062 0.026022656 0.040774263 0.023535348 0.029732237 0.0012976268 0.00028654016 0.24669151 0.007970756 0.0016963203 0.15798551 0.0007295838 0.076297104 0.97093254 0.00050903705 0.00021199413 0.00041476404 0.00013561286 2.8802535e-19 0.48708212 2.7492759e-05 0.013839075 0.0002959606 2.2127372e-06 0.003328779 0.8686955 0.013710873 0.87594366 0.00017589334 5.826273e-06 0.04644538 0.522417 8.506478e-06 2.1762226e-06 0.10877886 6.716147e-05 6.447547e-06 0.00092166447 0.30770952 3.5878187e-05 2.7032302e-06 2.4666735e-05 3.3529548e-05 2.4698786e-06 0.003257862 0.01316173 7.5866988e-06 1.4134122e-05 0.045351185 0.3011137 0.01409483 7.4717855e-06 9.80262e-06 4.2024323e-05 1.3556564e-06 2.1053333e-05 1.541316e-05 0.022033574 2.4592548e-06 0.1732841 5.337741e-06 0.29785413 0.24523361 0.016606051 1.4901794e-05 2.0264245e-06 0.14375205 0.00097613275 0.00017513442 1.1043156e-06 2.7000378e-06 7.4183384e-07 5.8753665e-07 2.402326e-07 0.09292944 1.8562427e-05 2.0840573e-06 6.278391e-05 0.09617034 0.00028661176 2.0629386e-06 2.396065e-06 2.615128e-06 3.299924e-05 3.3053414e-07 1.545371e-05 1.1611397e-05 1.5989777e-05 0.0013419541 0.0019636408 9.261713e-06 0.0005094351 0.058828667 2.4960843e-06 0.008171602 4.5789816e-06 7.7883415e-05 1.8692667e-06 7.798215e-06 9.2619906e-05 4.8099387e-06
0.93486834 0.020947354 0.09480113 0.13886392 0.0036707162 0.0032422037 0.016737644 0.57761997 0.17289378 0.0004867955 0.7933103 0.0006371872 0.008455494 0.72713137 0.0064420984 6.438591e-05 0.0030385545 7.913215e-05 0.48708212 1.9612904e-16 9.520759e-05 0.0024213528 0.0010943528 5.20117e-06 0.0004749845 0.42119876 0.27043876 0.162843 2.4919349e-05 5.2412934e-06 0.8157834 0.36057177 1.1604323e-05 5.1092535e-05 0.8416686 0.00036192907 1.1623261e-05 0.0006433344 0.8423897 8.331966e-05 2.1729818e-05 6.9478647e-06 0.0099110715 6.521141e-06 0.09098532 0.3932064 1.0720071e-05 6.956663e-06 0.25384334 0.22825953 0.13952295 3.4470836e-06 4.777261e-06 2.2678703e-05 1.21663e-06 2.3463315e-05 9.533246e-06 0.0006198178 3.6752642e-06 0.17438635 7.6068973e-06 0.16764258 0.2541376 0.18174195 3.5916064e-06 0.00014564613 0.10609073 0.026421925 0.00971179 5.305854e-06 0.00025493652 3.9580004e-06 5.0715914e-07 3.1630107e-06 0.2950166 0.010595094 1.5315521e-06 0.0008275677 0.019961089 5.0387025e-05 1.7089807e-06 0.0006429792 4.5628826e-06 0.0006078993 0.00051567884 9.893534e-06 3.946021e-05 0.0001850531 0.002785016 0.001868398 1.5495843e-05 0.00036809628 0.12866142 3.7607333e-05 0.013784741 8.305995e-06 0.00021588732 0.00013224984 0.00022309728 0.00052311 2.823778e-05
0.7654911 0.043845024 0.031321593 0.46356252 0.0016359149 0.89312774 0.5444385 0.011292582 0.15314417 0.012354199 0.014906487 0.3761959 0.00037349685 0.00017256448 0.38442263 0.0038536815 0.6973923 0.42756504 2.7492759e-05 9.520759e-05 1.8197444e-18 0.0008902045 0.43213663 0.8333045 0.0035663254 1.0951112e-05 0.060608383 1.1819179e-05 0.0035689007 0.87024575 0.0009979863 1.2833659e-05 0.3031715 0.3654118 1.0021169e-05 0.15171985 0.7164013 0.0073076664 1.4814918e-05 0.08843094 0.23529595 0.0014979584 0.15154672 0.00901523 0.001068971 0.00013730802 0.0052465824 0.79371035 6.6350594e-07 8.12767e-07 4.6590205e-07 0.14112186 0.0006349776 0.8653011 0.000260077 0.00036936588 0.25516656 0.0007943358 0.036617257 0.0010232682 0.15698159 2.4969593e-05 8.786166e-06 2.8351885e-06 7.304018e-05 0.4095725 0.00017672444 1.5469169e-06 5.053486e-07 0.016052239 0.038019303 0.03721066 3.4339446e-05 0.007600582 9.346623e-05 7.685937e-06 0.00019163747 0.00019661058 0.0002088347 0.00042624463 9.359446e-06 0.027263453 0.00023281403 3.133034e-08 0.020646358 1.708473e-05 0.0015061593 1.1441963e-06 0.007513602 0.004500341 0.0013866844 0.0012562441 0.00026778592 0.00060779287 0.042985734 8.683228e-05 0.0010097574 1.5678404e-08 2.1779572e-07 1.3306953e-06 0.00013629445
0.9495356 0.05005255 0.025738457 0.010549048 0.20755227 0.016655615 0.0013548706 0.027884416 0.002282274 0.3621386 0.0026038822 0.034685668 0.7178809 0.02246946 0.000109793 0.098660365 0.0015807304 0.013887895 0.013839075 0.0024213528 0.0008902045 3.6908116e-24 0.00017058154 0.00040783538 0.9664501 0.0008050067 0.00012697814 0.0044315374 0.093243 0.000117128 0.00012844405 2.8955319e-05 0.0012552729 0.0011778593 8.112477e-05 4.7592584e-06 2.0014726e-05 0.7566606 0.00074195914 0.00543308 0.0004942839 0.108093426 3.3577356e-07 0.004857616 5.6505514e-06 5.148356e-06 0.0040796665 3.1540567e-05 4.067629e-05 0.0003292953 3.1931525e-06 2.8302525e-06 0.014964542 9.863138e-05 0.011534509 0.008922027 2.0758762e-05 0.93657064 4.4464723e-06 0.21822247 5.723716e-06 0.006662128 0.04922772 0.00023922816 0.003963981 5.4038213e-07 0.12432755 7.6595904e-07 5.76152e-08 2.0529565e-06 3.288299e-06 7.128083e-08 0.00019371253 1.6943475e-06 0.0017116892 8.9071904e-08 4.5313654e-06 9.418071e-07 0.112973325 0.015594905 0.00013780915 1.9246497e-06 0.00033297017 4.8626926e-08 1.1064994e-05 0.0058666607 6.967489e-07 1.0991755e-06 0.075830214 0.073787145 6.033774e-06 0.028594801 0.0065194345 1.997997e-06 0.34901375 8.830372e-07 7.101212e-05 2.8227616e-08 1.0064693e-06 8.8059176e-05 4.4667795e-06
0.27798927 0.026350722 0.06466454 0.22601075 0.0010426062 0.081300795 0.488144 0.019439545 0.33529252 0.0013522496 0.036244076 0.023509804 0.00010530302 0.00029862142 0.87923175 0.0004139895 0.8919746 0.020058004 0.0002959606 0.0010943528 0.43213663 0.00017058154 2.4865522e-21 0.005025353 0.0004091156 7.873492e-05 0.54482013 6.107586e-05 6.297394e-05 0.008427154 0.001147061 1.7362467e-05 0.0009394766 0.0023971873 4.0639687e-05 0.91816634 0.7211566 0.00014795017 9.4732546e-05 0.00065475295 0.0012588208 1.12881935e-05 0.9075521 3.0208628e-05 0.005897328 0.0007470571 1.6162128e-05 0.16460331 9.833758e-07 2.2063827e-05 2.4802312e-06 0.3150966 3.7104735e-05 0.017179765 9.809784e-06 2.6828244e-05 0.027752124 7.272289e-05 0.01882129 0.0008905832 0.0048130886 0.00022925968 0.00017683033 4.28069e-07 5.056989e-06 0.005222033 0.0005081902 1.1585569e-05 1.5336744e-06 0.013455334 0.0006465653 0.0024541158 2.3461605e-06 6.950162e-05 1.3698058e-05 5.9968954e-07 2.2755768e-05 0.032106817 0.00028323807 3.5196288e-05 1.8611626e-06 0.32984918 1.4987551e-05 7.3026587e-07 0.004897321 1.7499351e-06 0.00055511197 6.59702e-05 0.0008045941 0.00043045406 0.017207665 0.00016071898 0.00020043425 0.0003048805 0.0007398822 0.004504029 0.033951174 4.9696763e-07 3.154224e-06 9.833069e-06 0.0010418901
0.6353223 0.005123172 0.0046262005 0.050183594 0.00046027137 0.5551013 0.091875106 0.00018827064 0.012952123 0.016367232 8.713466e-05 0.53204805 1.9158677e-05 6.6875677e-06 0.0070589073 0.03676952 0.023159372 0.74906945 2.2127372e-06 5.20117e-06 0.8333045 0.00040783538 0.005025353 1.6738248e-20 0.0026710886 1.0112569e-06 0.0002805944 1.4080139e-06 0.0040538735 0.95146686 2.051561e-06 6.2483514e-07 0.83679676 0.8612034 6.134581e-08 0.0020887733 0.033424135 0.006425713 1.42442295e-05 0.55051833 0.75871795 0.0032895133 0.0012252992 0.05910609 1.3619005e-05 1.0462418e-05 0.040305823 0.11416811 9.1930204e-08 5.244591e-07 5.2493044e-07 0.0028573475 0.0032018418 0.36513987 0.0006476132 0.0010803578 0.0206961 0.00044222994 0.003963929 0.00056881254 0.06680477 4.4313256e-06 7.741403e-06 9.734089e-07 0.0005382354 0.40305334 0.00028209103 3.2835922e-06 2.1817988e-07 0.0014438392 0.0275918 0.010914746 1.9081384e-05 0.014767488 1.3762363e-05 7.809642e-07 9.225627e-05 2.9589467e-07 0.00023619429 0.00047483438 1.9114219e-05 0.00017328 4.3355878e-05 2.4457776e-08 0.0132299615 0.00016207037 7.594297e-05 1.8531252e-06 0.0036188145 0.0008481525 3.53576e-05 0.0019059214 1.9788587e-05 1.0296294e-05 0.0027301232 1.4553825e-06 1.5768623e-05 1.1127624e-08 1.5737171e-06 1.990737e-06 3.994198e-06
0.70895594 0.041252784 0.013547752 0.006363255 0.041502047 0.034492414 0.0030079857 0.009307124 0.0012031919 0.34550634 0.0011233061 0.056847896 0.1874976 0.0051845256 0.0002800226 0.28898713 0.0020577651 0.023830399 0.003328779 0.0004749845 0.0035663254 0.9664501 0.0004091156 0.0026710886 1.7061545e-20 8.770331e-05 5.2105708e-05 0.00066842965 0.33059552 0.0008745251 4.330067e-05 8.446601e-06 0.0053568445 0.0026655262 1.22145075e-05 2.6260408e-05 0.00017296287 0.95512635 0.00017461675 0.027906427 0.0016298906 0.195685 3.2162022e-06 0.020495443 1.8967427e-05 1.6361666e-06 0.015760446 0.00017667611 9.37931e-06 4.9709095e-05 2.0171656e-06 3.30729e-05 0.02932425 0.0006148301 0.03385983 0.0146780275 5.6883266e-05 0.47623852 3.5786536e-05 0.08182809 6.5979635e-05 0.0036449875 0.013165113 0.00010467373 0.0075898077 3.0407808e-05 0.041840397 1.2682951e-06 8.358789e-08 4.070004e-05 0.00010100021 7.313082e-06 0.0007949451 1.4035206e-05 0.00044667162 2.2836682e-07 8.046352e-05 3.0942426e-06 0.04153169 0.014733389 0.00041887927 8.002921e-05 0.0007040636 2.0707547e-07 0.00023282514 0.0037970485 2.4391102e-05 1.0911726e-05 0.093632214 0.0817203 0.00018030166 0.02455491 0.0022839126 4.0897383e-05 0.16707094 1.3099067e-05 0.00035699544 5.4030203e-08 2.1184496e-06 1.5409956e-05 3.172429e-05
0.5575829 0.0071732253 0.016880592 0.0076268455 0.0028489844 0.00069613423 0.00037468362 0.07762919 0.0075209183 0.00026733452 0.091381155 0.00026585357 0.0046716016 0.37659866 0.0003146446 7.5574855e-05 0.00016257472 0.000111149195 0.8686955 0.42119876 1.0951112e-05 0.0008050067 7.873492e-05 1.0112569e-06 8.770331e-05 1.2768962e-19 0.025580315 0.9089065 2.2084481e-05 2.40115e-06 0.0817183 0.91836846 1.3911913e-05 1.0574919e-05 0.22845829 1.8162576e-05 1.3244864e-06 4.193321e-05 0.9076162 1.6826867e-05 4.71943e-06 1.5489261e-06 3.9943193e-06 7.3430556e-06 0.008252648 0.05410165 2.2662403e-05 1.7071366e-06 0.33382246 0.463896 0.0977313 1.9112788e-06 3.610295e-06 5.5387395e-06 1.5469228e-06 2.152539e-06 4.202631e-06 0.002804058 8.868434e-07 0.03087481 3.095556e-06 0.11210357 0.067451976 0.16296488 4.055967e-06 1.1087663e-05 0.02343441 0.010194742 0.0069148736 3.8046892e-07 3.637034e-05 1.3810858e-06 6.848506e-07 1.3746104e-06 0.10453982 0.0018510714 7.808782e-06 7.993144e-05 0.028329812 6.9305133e-06 4.631861e-06 5.278479e-06 1.02302565e-05 0.0004317172 2.2782856e-06 9.515553e-06 9.919373e-06 6.545537e-05 0.0002554074 0.0003526874 1.8149298e-05 4.780114e-06 0.03152778 7.285224e-06 0.0026241622 1.1746923e-05 0.0005318773 0.000105180974 0.00010741301 0.00012100749 2.9625158e-05
0.2513881 0.043041047 0.181766 0.4396262 0.0006839858 0.13356394 0.5459357 0.22950135 0.8621655 0.00013380813 0.5352669 0.0027431843 0.00027107247 0.023115238 0.6056079 5.243776e-05 0.38437605 0.0006380631 0.013710873 0.27043876 0.060608383 0.00012697814 0.54482013 0.0002805944 5.2105708e-05 0.025580315 1.3624201e-20 0.0032822478 2.6579968e-05 0.00022412815 0.7190117 0.013605752 0.00036451124 0.0009167938 0.12460889 0.13651854 0.031131057 3.6806257e-05 0.025723616 0.0007955741 0.0002662768 3.5293308e-06 0.8686123 2.0980977e-05 0.95668674 0.78703296 3.6347454e-05 0.0012243973 0.011522965 0.001633542 0.011993438 0.005092165 7.981195e-06 0.00033190745 7.2547215e-07 1.3513097e-05 0.00032271774 9.957768e-06 0.000107560314 0.0016094131 1.8560622e-05 0.0012351938 0.0006475595 0.00457415 5.9077606e-06 0.00016980425 0.00044594245 0.0039954153 0.0026715344 0.000109074346 0.0012000108 1.7087681e-05 6.791068e-06 8.690017e-06 0.008967952 0.0144514525 1.4079098e-05 0.7105232 0.0011326746 3.7926386e-06 1.012328e-06 0.26847166 7.1191434e-06 0.00012453487 0.010423246 3.0303068e-05 1.8114705e-06 0.11256651 0.0010546624 0.00020619454 0.00096786703 0.00017873039 0.005736876 7.4310407e-07 0.0026456455 0.0009196704 0.01999886 3.8477723e-05 0.003909835 8.728169e-05 0.00038187395
0.7178332 0.0063667637 0.0066412007 0.0046393927 0.007686345 0.00040355048 5.2786272e-05 0.065058134 0.0026580768 0.0009069354 0.02979405 0.00033477868 0.027266633 0.46324497 0.00013061588 0.00015035775 0.00014374134 0.00020458405 0.87594366 0.162843 1.1819179e-05 0.0044315374 6.107586e-05 1.4080139e-06 0.00066842965 0.9089065 0.0032822478 2.4902378e-19 9.147793e-05 4.9902574e-06 0.016983064 0.95544696 3.6383956e-06 4.092826e-06 0.046147168 1.8255396e-05 1.0569449e-06 0.00022115136 0.19276431 2.255735e-05 2.1480562e-06 6.6523535e-06 4.954366e-06 5.287326e-06 0.0008255997 0.0032046032 1.1683263e-05 7.607812e-06 0.03445488 0.92089695 0.00940547 3.15652e-06 6.717495e-06 3.927336e-05 1.3210916e-06 5.743094e-06 5.3671433e-06 0.015820064 2.5577838e-06 0.08047755 5.8183996e-06 0.6679947 0.5439799 0.01605569 9.096688e-06 5.2137098e-06 0.08076119 0.0008237716 0.00037384662 9.632178e-07 2.3668358e-06 1.4576619e-06 3.109483e-06 1.3430768e-07 0.10152255 0.00017955573 3.9273077e-06 4.7503137e-05 0.12299544 0.000112380265 7.155341e-06 8.294414e-06 4.767285e-06 6.7871864e-05 9.013995e-07 6.16844e-05 6.056581e-06 3.959422e-05 0.0011610362 0.001354159 9.413676e-06 7.233402e-05 0.052725527 6.6353155e-06 0.018076774 3.997414e-06 0.00040790404 3.429026e-05 3.890932e-05 2.8224129e-05 6.133259e-06
0.8467948 0.01731464 0.005507784 0.0009811141 0.03217908 0.06211825 0.001019068 0.0012004125 0.00011345918 0.3442429 7.479253e-05 0.15284762 0.028043432 0.000413919 3.8025857e-05 0.66113263 0.00061914517 0.11021167 0.00017589334 2.4919349e-05 0.0035689007 0.093243 6.297394e-05 0.0040538735 0.33059552 2.2084481e-05 2.6579968e-05 9.147793e-05 1.8375945e-19 0.0014125902 5.0966564e-06 7.4294935e-06 0.012574158 0.007144657 8.4454285e-07 4.24057e-05 4.8653255e-05 0.83919305 6.370893e-06 0.08395628 0.0058082966 0.9691172 6.437265e-05 0.06138397 0.00014323516 8.2618335e-06 0.06290771 0.00010661087 4.871047e-06 6.3599e-06 6.7406137e-07 7.349464e-05 0.37314287 0.00069246767 0.26925775 0.14815836 9.6315634e-05 0.16964976 5.8752154e-05 0.023726415 0.00026131884 0.00087737077 0.0025310146 1.4035314e-05 0.08203836 0.00044074858 0.012954969 2.6966234e-06 1.8424295e-07 4.445618e-05 0.0015352222 3.931293e-05 0.0020774952 0.0001262327 0.00016628379 3.5071391e-06 0.0007678937 3.4537209e-06 0.009361299 0.07469114 0.0024241137 0.00012562238 0.0019128117 5.580772e-07 0.0014473429 0.006110921 5.8248424e-05 5.6738438e-05 0.112607256 0.07206773 0.00011330133 0.055716906 0.00019192426 3.0550145e-05 0.044803936 5.2558426e-05 0.0014424813 4.835909e-07 5.3125223e-06 1.0069307e-05 8.2825216e-05
0.3642633 0.0013910754 0.0016581173 0.022681935 0.00026976084 0.20662045 0.035395637 5.025453e-05 0.004118123 0.0016943874 4.173644e-05 0.15403542 7.946017e-06 6.2504764e-06 0.0049265185 0.0024658632 0.0150208855 0.39087725 5.826273e-06 5.2412934e-06 0.87024575 0.000117128 0.008427154 0.95146686 0.0008745251 2.40115e-06 0.00022412815 4.9902574e-06 0.0014125902 3.3978766e-18 5.9245315e-07 4.511793e-06 0.58092135 0.67284745 1.2996745e-07 0.005758085 0.05688109 0.004836212 4.2514034e-06 0.24063955 0.5830893 0.0009478225 0.0030451205 0.01702517 9.4571915e-06 1.4661064e-06 0.011586011 0.2066126 7.453573e-08 4.976262e-06 6.105343e-07 0.008906576 0.0006584731 0.6473258 0.00031148165 0.00035697312 0.051286712 8.755806e-05 0.011370036 0.0004968163 0.22869581 7.080745e-06 7.730426e-06 1.0169261e-06 0.00066187675 0.8604988 0.00024370168 4.486281e-06 1.213057e-06 0.008834644 0.15967394 0.063214906 7.956985e-05 0.07663033 2.5867483e-05 3.4759967e-07 0.00012894122 2.5141649e-06 0.00022623286 0.00027928757 1.2080518e-05 0.00063921424 0.00014028483 6.292084e-08 0.028177727 7.183007e-05 0.0010443274 7.467874e-06 0.0032134126 0.0014393394 0.0003943256 0.0010092612 0.00012866964 0.00013537535 0.0065235053 1.28910415e-05 3.699146e-05 5.8177726e-08 4.211811e-06 4.3370915e-06 3.1785945e-05
0.45128775 0.0019361227 0.006478816 0.052326526 0.00016953934 0.0056687873 0.018939564 0.07774967 0.13368334 2.8987051e-06 0.33774397 0.00019910696 0.0009955143 0.027126174 0.003146219 2.6709854e-06 0.0016429443 4.714129e-05 0.04644538 0.8157834 0.0009979863 0.00012844405 0.001147061 2.051561e-06 4.330067e-05 0.0817183 0.7190117 0.016983064 5.0966564e-06 5.9245315e-07 1.2002438e-17 0.13818294 2.9319806e-05 4.0034778e-05 0.9724332 0.00024505807 1.0995777e-05 3.8780807e-05 0.60778564 1.8081195e-05 1.4037349e-05 3.9351244e-06 0.0077757468 7.4671794e-07 0.6163794 0.9035429 8.454091e-07 5.5986707e-06 0.35188603 0.01851166 0.24088259 8.572013e-07 1.8127475e-06 1.5497364e-05 1.1641533e-07 2.7739306e-06 1.0220485e-05 7.906416e-06 5.2000246e-06 0.0017644349 4.5685542e-07 0.005056965 0.0038625156 0.3419956 2.4170586e-07 1.1607344e-05 0.0007637858 0.07869754 0.05635356 1.6312822e-06 0.0029370754 3.9187938e-07 1.28715625e-08 2.5420547e-06 0.07503924 0.19254333 8.845544e-07 0.009842852 0.0006166346 9.929898e-06 1.7502606e-08 9.018699e-05 5.278501e-07 0.005233088 4.7413883e-05 3.698458e-07 1.3802801e-06 0.011129022 0.0003883575 0.000175085 1.945348e-05 8.7531436e-05 0.029009849 1.8882265e-06 0.0016323599 5.034738e-06 4.472255e-05 0.00031399948 0.010798223 0.0014553501 6.070771e-06
