1.2330531e-27 2.6096968e-06 7.213315e-05 0.042307105 1.3900102e-06 0.0016949708 0.0012388555 0.007894458 0.016386412 0.08772127 0.29731438 0.0112507725 0.0011251625 0.27368337 0.008338194 0.02004601 0.79487824 0.55792135 9.4369506e-07 0.1517323 0.015239034 0.012109518 0.5810593 0.0021070458 0.0076345773 0.16188185 4.9594805e-06 0.7865584 0.0028612902 0.00011258666 0.6695315 0.2266237 0.05426297 0.8100626 0.034863148 0.8904357 0.77105534 0.049471363 0.4808398 0.6335108 0.05685886 5.2023008e-08 0.61749357 0.12782338 0.1543243 0.8589719 0.0025752315 0.46962747 0.34120888 0.4739456 0.120422564 0.00014557532 0.581357 0.1497669 0.67809457 0.83482677 0.66198725 0.6511846 1.04401945e-10 0.5050083 0.027521346 0.88461846 0.5436662 0.5844644 0.723023 0.0009846884 0.00030276537 3.21992e-09 0.67053294 0.76065534 0.018901927 0.8265073 9.5242e-05 0.9653911 2.2151514e-07 8.0281964e-08 0.33135983 0.9801881 0.7841845 0.007840669 0.98311514 0.99521977 0.22314613 0.059988625 0.946617 1.6916384e-06 0.9916603 0.9993694 0.005920965 0.99938166 0.99677783 0.043354005 0.4302964 0.7802281 0.30216566 0.85945797 0.99736893 0.00027043448 8.256686e-05 0.9908497 0.99884415
2.6096968e-06 1.7653311e-19 0.5262727 0.76090235 0.70492566 0.19272703 0.8350076 0.074514896 0.012255369 0.024807291 0.02156 0.021943701 0.048304558 0.0049213176 0.013869716 0.0061152624 0.028803898 0.0027483234 0.011793182 0.0005449317 0.0049172714 0.0026782386 0.0011031874 0.0019733212 0.0037239767 0.00056185125 0.00053284364 0.0010068621 0.00019510955 0.0009301471 5.2194933e-05 3.147987e-05 0.00013449322 0.00010418355 6.9565474e-05 3.8705395e-05 8.92081e-06 2.2149297e-05 0.00025971563 0.00014202742 4.6181285e-05 0.00017937656 3.3594366e-05 1.3702396e-05 6.477589e-05 1.4228941e-05 5.2325636e-06 9.418902e-06 1.3363017e-05 8.247938e-06 7.4030163e-07 4.956809e-06 2.1776663e-05 1.296527e-06 4.2520605e-06 4.122074e-05 1.63501e-05 3.9343192e-07 2.372749e-05 5.5746343e-05 6.929677e-05 2.5763206e-06 3.5019904e-05 1.0075667e-05 3.627323e-06 8.631195e-06 0.00394123 4.1668213e-06 2.1408423e-05 3.1878337e-06 2.3305815e-06 2.8348745e-06 1.8869017e-06 3.8001765e-06 4.1589205e-06 4.5492397e-06 1.5850287e-06 6.6066495e-06 2.0942292e-05 2.0035926e-05 5.5926917e-05 3.402049e-05 1.6049113e-05 8.184916e-06 1.0145001e-05 3.782056e-06 3.9100847e-05 8.292085e-05 1.592283e-06 4.5891302e-05 0.00027039423 7.139329e-06 3.3526176e-06 7.237505e-06 4.468778e-06 0.00016281303 0.00032721323 7.3283125e-05 4.8089038e-05 1.4056117e-05 0.00029274783
7.213315e-05 0.5262727 6.018645e-20 0.7840625 0.88527596 0.84505856 0.12034923 0.8153648 0.16193104 0.3646061 0.08294152 0.011259252 0.4817136 0.04410832 0.15021338 0.0035484533 0.03038233 0.019314228 0.027614707 0.012433455 0.12550242 0.034561902 0.010262783 0.04037208 0.0004878628 0.0039959424 0.0047683087 0.0139131425 0.0045578885 0.005042034 0.0012973712 0.00032668284 0.003562895 0.006572689 0.0042791944 0.000537537 0.003977488 0.0017681053 0.0062369364 0.0030716392 0.0005172735 0.0007848883 0.00080223155 0.0014598815 0.0008960783 0.0040797116 0.00044783048 0.001997077 0.000170113 0.00021990821 8.033818e-06 0.00019249195 0.0001816451 7.7240065e-06 0.00031594833 0.00024389349 0.0005797029 7.4761906e-06 9.922017e-05 0.00012034231 0.0018405886 3.698176e-05 0.0003694353 3.2941232e-05 7.088864e-05 1.3298611e-05 0.03137515 2.4031579e-05 5.8998583e-05 1.3794623e-05 1.89145e-05 6.919778e-05 6.768784e-05 3.9107414e-05 5.18591e-06 3.4608016e-05 2.6774158e-05 5.2391122e-05 8.410875e-05 0.00040310377 0.0002616171 9.518453e-05 3.610032e-05 3.0609493e-07 6.247457e-05 6.755663e-06 8.587741e-05 0.0008513368 0.00052336097 0.00016705404 0.00066481426 1.0973469e-06 4.3179972e-07 5.798942e-05 2.2219422e-06 0.00035312076 0.0035216582 0.0029349588 0.00047074084 5.382703e-05 0.00024044886
0.042307105 0.76090235 0.7840625 3.5179257e-19 0.09243444 0.8868315 0.8965986 0.5445391 0.5401834 0.5497625 0.9076119 0.64058596 0.09675914 0.3454247 0.049018078 0.44108889 0.8234199 0.29571888 0.00096838456 0.14589751 0.0913618 0.0045304024 0.10489296 0.011175024 0.1721462 0.008855077 0.00020611275 0.08404245 0.00014984999 0.00063255 0.011691803 0.018672457 2.2292232e-05 0.047529966 0.00082115765 0.0014358152 0.020929288 0.00049568544 0.007673651 0.013905892 0.00022482024 5.9614817e-06 0.0007006676 0.00028133794 0.0001668485 0.0050605354 1.7026436e-05 0.0024109527 0.00072748656 0.0026419668 0.00015592102 0.00013301143 0.00016946468 0.00010507098 0.00032152055 9.146511e-05 0.00021325031 0.00024580306 3.937921e-08 0.00061269104 0.00028800173 2.7990873e-05 0.00029384793 2.1490275e-06 0.00024697444 2.8154998e-06 0.041019354 3.338345e-07 0.00032235016 0.00013108834 2.651188e-06 2.2232955e-05 1.1104784e-05 4.167336e-05 6.112625e-07 4.0529053e-06 7.3914474e-05 0.00022541729 3.8117465e-05 9.453558e-06 3.8335576e-05 1.471594e-05 8.6478336e-05 5.041157e-06 6.69078e-05 1.1828723e-06 7.431312e-05 0.00014812991 8.757524e-06 0.00028614613 0.00014081012 3.9510687e-06 4.714837e-06 0.00015112052 5.1962024e-06 0.00063612073 0.00058120367 0.00075033936 0.00080923014 1.1642587e-05 0.0003158053
1.3900102e-06 0.70492566 0.88527596 0.09243444 6.3204402e-21 0.2575492 0.047003563 0.340749 0.01637685 0.045825925 0.008888985 0.0024329785 0.7486716 0.005728478 0.11038838 0.00093417364 0.003534375 0.00399774 0.24410275 0.0005314014 0.03304245 0.030014485 0.0011010028 0.029630568 0.00016245073 0.00043437706 0.012549467 0.001579894 0.005678386 0.0045237066 3.0697312e-05 1.0798772e-05 0.0020673915 0.00023258079 0.00025889315 1.577297e-05 7.547301e-05 8.275108e-05 0.0008021187 6.562539e-05 6.315256e-05 0.0017154234 3.7320537e-05 4.425432e-05 8.568124e-05 9.033816e-05 0.00012259911 9.814984e-05 2.222774e-05 3.091843e-05 4.4253474e-07 3.0168583e-05 0.00010562033 8.1221833e-07 2.1511878e-05 2.0514311e-05 2.4266208e-05 5.8057697e-07 0.0001330788 8.654648e-05 0.00018004599 8.210441e-06 1.6963193e-05 4.491054e-06 6.217184e-06 2.2136352e-05 0.0011562804 4.6883444e-05 4.4469914e-05 9.965526e-07 6.383001e-06 6.4321134e-06 1.5191895e-05 1.2427912e-05 9.438243e-06 2.3244294e-05 2.1977362e-06 1.0559661e-05 1.1983581e-05 3.5686848e-05 0.00026973308 4.4843622e-05 7.969215e-06 1.4776919e-07 1.7911818e-05 3.7353352e-06 2.1241172e-05 0.00031384532 9.903417e-06 1.5524849e-05 0.00037739764 2.3209408e-07 6.341309e-07 3.9304887e-06 2.1260842e-06 6.837445e-05 0.0004048391 0.00018899616 3.2917018e-05 7.3121687e-06 6.544133e-05
0.0016949708 0.19272703 0.84505856 0.8868315 0.2575492 2.25157e-20 0.07936992 0.93091553 0.38311186 0.62503093 0.15413223 0.023705944 0.14130184 0.141418 0.1334468 0.008466917 0.02069452 0.03911265 0.004861483 0.02427235 0.13360517 0.02134229 0.016186154 0.021489339 0.00079721387 0.0095402505 0.0031019514 0.044327855 0.0023625568 0.0031475832 0.005015045 0.004266017 0.0045559304 0.038904794 0.005982176 0.0010845253 0.015001273 0.0036662978 0.01328173 0.0012577875 0.0011845833 0.00056148757 0.00020111457 0.00152586 0.00084545877 0.0058245235 0.001102346 0.0013208266 0.00019117692 0.0015435277 1.871874e-05 0.00011400042 0.00013934322 4.115575e-06 0.0011078421 0.00029242027 0.00078080944 0.0003081856 6.466198e-06 0.00022003302 0.00020964367 7.356314e-05 0.00012017177 1.7750355e-05 0.00024543743 2.8324912e-06 0.0046155266 5.638795e-06 8.193979e-05 0.00020083608 8.538713e-06 7.2148905e-05 4.1759627e-06 3.7670936e-05 1.1533699e-07 1.9033481e-06 0.00015732252 0.00020943582 4.9307953e-05 6.127684e-05 0.00026664272 7.126422e-05 0.000111191286 1.2688365e-07 0.00014497887 6.497852e-07 9.820844e-05 0.00044825266 2.8202094e-05 0.0002715729 8.858324e-05 1.2244124e-06 6.06547e-06 0.00010617397 3.580109e-06 0.00036195188 0.0011279612 0.00019904943 0.00044786933 1.2263389e-05 0.00021355129
0.0012388555 0.8350076 0.12034923 0.8965986 0.047003563 0.07936992 1.1127955e-17 0.038942683 0.02634659 0.04441334 0.07460451 0.95205736 0.012910206 0.014686982 0.009743234 0.30094168 0.5730334 0.014009325 0.0007155921 0.010725518 0.0093078725 0.0026169159 0.008317288 0.0017360812 0.44185302 0.0026887758 0.00039089608 0.007221985 0.00020022412 0.00017642842 0.0019475255 0.0027428651 0.0001338666 0.0026775415 0.00018821319 0.001249615 0.0006020953 0.00025443055 0.0027328779 0.0072969343 0.00042393085 1.2361941e-05 0.0002852886 0.0005858646 0.0007740724 0.001005513 1.5549134e-05 0.00012120985 0.00043890005 9.4352596e-05 9.440273e-05 4.0065297e-05 0.0005963339 0.00025419312 0.00010177479 0.00017527277 5.386683e-05 1.4695226e-05 1.0782878e-06 0.00017211594 0.0015207521 2.3892548e-05 0.00021609475 6.0023543e-05 4.478563e-05 7.5886232e-06 0.034381818 3.0040176e-06 6.71837e-05 3.7682003e-05 2.3781613e-05 2.756485e-05 8.871771e-06 4.7157162e-05 2.4040197e-05 6.9311677e-06 2.7301165e-05 0.00021967199 0.00011883642 4.889541e-05 0.00021727635 0.00010473863 0.00016893314 0.0002834199 3.6149133e-05 2.5321613e-06 0.0005192326 0.00020120645 5.49115e-05 0.00023780309 0.0006830941 0.00013924928 3.0568302e-05 0.00016107774 3.5813333e-05 0.0007696676 0.0031644774 0.0002556235 0.00025736567 0.00030401442 0.0008243621
0.007894458 0.074514896 0.8153648 0.5445391 0.340749 0.93091553 0.038942683 9.924014e-20 0.4323033 0.80271804 0.16292691 0.009021879 0.41170424 0.29707456 0.38611534 0.002639081 0.004089378 0.055188324 0.016742647 0.025250565 0.21891834 0.112105146 0.034821127 0.07612552 0.00046810266 0.054035224 0.014873763 0.054869965 0.010278323 0.01831585 0.0034613907 0.0038298725 0.017663315 0.09977252 0.016195765 0.0002696104 0.04327865 0.015677994 0.025821926 0.0002678449 0.0023385312 0.0014741006 0.00033557703 0.0038198484 0.0062807715 0.010001349 0.003495454 0.004315267 0.00010020457 0.003143622 5.4160623e-06 0.00026112332 4.869489e-05 4.404013e-06 0.0010884278 0.00025628283 0.00076832 0.0002583589 2.348062e-05 5.6634264e-05 0.0003185585 0.00025214042 7.02377e-05 4.796423e-05 0.00011998877 5.5950145e-06 0.0058954805 7.393707e-06 8.999368e-05 2.1276042e-05 3.402338e-05 1.4014248e-05 3.1528523e-06 4.076899e-05 2.080847e-07 2.1291642e-06 1.7760533e-05 3.2142136e-05 1.6795619e-05 7.9190584e-05 0.00046785251 4.4188953e-05 3.6899393e-05 1.6893072e-08 7.883891e-05 5.4629544e-07 2.6669271e-05 0.0002268419 5.855531e-05 0.00016603216 0.00011992356 2.1033624e-07 1.2687706e-06 6.9871785e-05 7.7412295e-07 7.935351e-05 0.000245142 0.00027217963 0.0002798608 5.9796057e-06 0.00028465048
0.016386412 0.012255369 0.16193104 0.5401834 0.01637685 0.38311186 0.02634659 0.4323033 3.4228328e-23 0.9549911 0.76218957 0.014065618 0.0475114 0.9470308 0.11734825 0.009900128 0.031247137 0.5507027 0.0003289218 0.09306928 0.22122608 0.04380562 0.052977327 0.025157705 0.00048282693 0.097483434 0.000251416 0.12406285 0.002444103 0.00050096243 0.006147058 0.013044018 0.0054378053 0.18869083 0.017959643 0.0019717503 0.08868693 0.013809826 0.04600151 0.0010342106 0.0018747424 1.8782006e-05 0.0007863624 0.00361809 0.0019784125 0.027974524 0.0014656492 0.021425718 0.00014964562 0.010731831 1.2105764e-05 2.2218774e-05 0.00027791207 7.654271e-06 0.0033352154 0.00036433173 0.0009446794 0.0020925337 2.6358737e-07 0.00077337516 8.9650865e-05 0.0011480406 0.00018037425 0.000111782545 0.0005040669 5.175902e-07 0.0012747269 3.1072832e-06 0.00095158303 0.0007568319 2.9467199e-05 0.00043173533 5.88261e-07 0.00018140861 5.5905872e-08 1.1096851e-06 0.0002176397 0.00050897425 0.0001217027 1.1476283e-05 0.00020149411 0.00010679383 0.0001764163 5.550132e-07 0.0007178275 1.3211616e-07 0.0002441213 0.0009055535 8.7778335e-06 0.00028650655 3.5797595e-05 8.09896e-06 1.3134356e-05 0.00046636508 5.151956e-06 0.0006974662 0.0008968066 0.0001390802 0.00046073555 4.0722673e-05 7.393753e-05
0.08772127 0.024807291 0.3646061 0.5497625 0.045825925 0.62503093 0.04441334 0.80271804 0.9549911 2.3791197e-21 0.38622388 0.018801967 0.31942493 0.8522838 0.37981486 0.006697758 0.004147172 0.2538855 0.0037307108 0.073670276 0.41241097 0.17707647 0.055479802 0.058247615 0.002014169 0.19048607 0.0029904817 0.19116841 0.009036013 0.006067348 0.0061549097 0.0076802517 0.041934393 0.36611038 0.03878017 0.00075612596 0.15503143 0.033909444 0.111789055 0.0003097322 0.005275203 0.0005040044 0.00018240526 0.011218859 0.004101759 0.07436143 0.0116312625 0.018346809 7.88168e-05 0.011871726 1.5845322e-05 0.00011309901 6.985153e-05 2.0220925e-06 0.0066822134 0.0019916745 0.0022486078 0.0038109957 1.8565994e-06 0.00013072917 0.00047447858 0.0014869152 3.767e-05 0.0003291471 0.0006557106 4.2895767e-06 0.002896061 3.4936925e-06 0.00075438473 0.00014402112 6.1368424e-05 9.387564e-05 7.8411574e-07 0.00031646463 2.4446537e-08 2.626593e-06 2.9871782e-05 0.0007532715 1.1905166e-05 0.000113620954 0.00068261445 0.0002599565 3.5893074e-05 2.0210415e-08 0.00039678856 4.0221838e-07 0.00019958452 0.0008295194 1.5881875e-05 0.00071546517 0.00018584453 1.8216691e-06 7.300345e-06 0.0002610506 3.2405865e-06 0.00028355644 0.00068013475 8.050404e-05 0.000639945 3.0247113e-05 0.00037261506
0.29731438 0.02156 0.08294152 0.9076119 0.008888985 0.15413223 0.07460451 0.16292691 0.76218957 0.38622388 4.7630086e-21 0.10115414 0.013079047 0.7097848 0.04125727 0.07764958 0.3378777 0.9640344 0.00010637007 0.77533185 0.04400681 0.012347103 0.35949257 0.01871891 0.009849355 0.039659012 0.00010141563 0.22099803 0.000104243074 0.00031152472 0.03051627 0.026407814 9.774323e-05 0.19792043 0.008641672 0.0061812685 0.06154486 0.0035954674 0.020496866 0.01053085 0.00033584514 1.8176864e-06 0.004136761 0.0005405549 0.0003305504 0.031209288 0.00014152363 0.036193524 0.0020214997 0.021379793 0.0005895351 1.1120459e-05 0.0013911722 0.0003155554 0.0033967085 0.00059467845 0.0018042347 0.0040413938 1.7226134e-07 0.0032216744 5.2721574e-05 0.0035245428 0.0011941389 4.0024875e-06 0.0021663734 2.0226952e-07 0.007942324 8.615047e-07 0.0025483926 0.0028664388 3.3991741e-06 0.00060137827 4.4184654e-07 0.0010194615 4.0227338e-08 1.3365458e-06 0.0011555853 0.0028090766 0.00045421952 3.5923122e-06 0.00013848541 0.00012727032 0.0009357862 1.8573211e-05 0.00068673654 2.1136195e-07 0.000992311 0.0008353447 5.8462547e-06 0.0004566117 7.619607e-05 5.2973217e-05 0.00038269864 0.0006698339 7.866624e-05 0.0022356191 0.0018241778 0.0005512169 0.0009268102 0.00011894481 0.0005257198
0.0112507725 0.021943701 0.011259252 0.64058596 0.0024329785 0.023705944 0.95205736 0.009021879 0.014065618 0.018801967 0.10115414 7.287205e-19 0.002741329 0.008685544 0.002767882 0.9084902 0.88676536 0.021352617 3.8907612e-05 0.009255232 0.0019247546 0.00028605582 0.012977691 0.000107502885 0.8633254 0.00060936314 5.5707733e-06 0.0059809154 4.235237e-06 5.117009e-06 0.0025650081 0.005388571 6.1135675e-06 0.0041373926 5.135628e-05 0.002525946 0.001389487 5.8675832e-05 0.0011342062 0.06646642 9.252782e-05 1.2601365e-06 0.0010323594 3.436274e-05 0.00035438602 0.0009391612 2.8880374e-06 0.00012446126 0.0033817273 0.00032391472 0.0028565913 1.2497304e-06 0.0026373235 0.0089719985 0.00030973484 0.00013600464 8.9050634e-05 0.00018480954 1.4792667e-07 0.00058008754 9.751279e-05 9.153152e-05 0.00037926878 5.197469e-05 0.00017391675 5.1130604e-07 0.019721068 4.7511332e-07 0.00038657547 0.00037194212 1.3739859e-05 4.7254085e-05 8.170685e-07 0.0001195951 2.8268119e-07 2.0224957e-06 0.00023787521 0.0007973778 0.00042874625 0.00011738989 0.00028351694 0.00018919958 0.0005540325 0.00028105156 0.00019089454 7.728837e-07 0.0012882551 0.00016921952 5.1445448e-05 0.00041772035 0.00051025045 0.00022245968 0.00041229845 0.0006416236 0.0004120229 0.0016310909 0.003304902 0.00024388 0.00023675562 0.0021048505 0.0014208162
0.0011251625 0.048304558 0.4817136 0.09675914 0.7486716 0.14130184 0.012910206 0.41170424 0.0475114 0.31942493 0.013079047 0.002741329 9.591497e-20 0.0635947 0.7278248 0.00086105266 0.017063215 0.015334223 0.9089924 0.005206667 0.19639376 0.2972129 0.010820763 0.9076827 0.00020418019 0.0056073945 0.39855927 0.015033997 0.175476 0.16508806 0.0044774828 0.0006584028 0.04079101 0.0077022277 0.01836526 0.000573305 0.010725216 0.0054909172 0.00648612 0.0021360295 0.00020551741 0.016773332 0.0013727515 0.005624107 0.0005481387 0.00082508294 0.0934929 0.0005671494 0.00038767385 0.0003245882 6.718091e-06 0.0022285539 7.756031e-05 1.2196882e-05 7.3465867e-06 1.6689837e-05 8.736689e-05 3.692641e-06 0.00038611918 0.0002196255 0.0039698537 8.448921e-06 8.870726e-05 1.741741e-05 4.8052616e-06 9.1430134e-05 0.011167978 0.00031272194 0.00011507952 3.058981e-06 1.4751748e-06 4.0842483e-06 8.245307e-05 2.1404156e-05 2.765936e-05 9.484202e-05 1.2146435e-05 3.9864593e-05 8.7769295e-06 0.000111179404 8.482713e-05 1.9956442e-05 2.4177057e-06 1.928575e-07 8.538435e-06 1.082616e-05 8.379682e-05 1.7640024e-05 7.4916104e-05 4.194197e-05 0.0007749599 5.1105762e-06 1.2335826e-06 6.676075e-05 1.0380211e-06 0.0007226087 0.006893182 0.00054465345 0.0001011829 1.5055152e-05 0.0028332572
0.27368337 0.0049213176 0.04410832 0.3454247 0.005728478 0.141418 0.014686982 0.29707456 0.9470308 0.8522838 0.7097848 0.008685544 0.0635947 1.2720083e-22 0.1404686 0.0040525417 0.0025389767 0.8092954 0.00031617624 0.13485314 0.707959 0.07466392 0.06377552 0.019949831 0.001427109 0.43557477 0.0005463119 0.40282726 0.0051829764 0.0015223296 0.006722142 0.007597759 0.017788988 0.6223404 0.05787952 0.00055703917 0.36280385 0.03919059 0.29714766 0.00020439606 0.0045873458 7.035757e-05 0.0004119561 0.011966857 0.009516407 0.21443425 0.0040222537 0.14044864 3.0446718e-05 0.03617727 4.3786595e-06 0.00010643928 1.4144248e-05 6.158441e-07 0.017795967 0.0018192353 0.010081449 0.007966462 7.296797e-07 0.0009147637 0.00021814901 0.0056135426 1.6160326e-05 7.836718e-05 0.0025575473 3.2107964e-06 0.0039428216 1.9898373e-06 0.0027493993 0.00023270125 8.045362e-05 0.0017614649 1.0634411e-06 0.0009160998 7.706752e-08 8.750694e-06 1.8379722e-05 0.0010167008 1.03186185e-05 7.1466355e-05 0.0017661479 0.00083895534 4.665575e-05 2.1196449e-07 0.0021945538 9.316962e-07 0.00010748126 0.0020807676 2.1050784e-05 0.0010455397 0.00015166381 1.01401365e-05 4.150156e-06 0.0001649759 3.6214092e-06 0.00016059486 0.00076599384 9.547399e-05 0.00087353564 8.766923e-06 0.00019213541
0.008338194 0.013869716 0.15021338 0.049018078 0.11038838 0.1334468 0.009743234 0.38611534 0.11734825 0.37981486 0.04125727 0.002767882 0.7278248 0.1404686 4.998218e-22 0.0018916819 0.00031683155 0.043540876 0.112221636 0.015636172 0.37364998 0.9795575 0.011223862 0.71615046 4.543241e-05 0.111215696 0.1534447 0.05430262 0.20335326 0.13959871 0.002456735 0.0011343609 0.19321275 0.120527975 0.10657949 0.00020984947 0.08960482 0.09197931 0.08174526 0.00014853645 0.01656932 0.018962964 7.9442245e-05 0.045616955 0.008347408 0.016007476 0.12255103 0.0044958517 0.00012331545 0.0030636701 2.1413282e-05 0.008297034 4.4938966e-05 3.9695224e-06 0.00050022296 0.0007475937 0.00033863354 4.0875002e-05 0.00032745706 5.7344932e-05 0.008082611 0.00013255466 1.5816035e-05 4.844509e-05 8.581101e-05 0.0011026666 0.00065333926 0.00038114228 9.875854e-05 6.4759492e-06 4.6925852e-05 2.139077e-05 3.4089702e-05 3.1265587e-05 1.39079475e-05 0.00025116364 1.1576899e-05 2.2147355e-05 1.8398363e-05 3.574567e-05 0.000406007 2.302798e-05 0.000105883155 1.3021372e-07 7.7620476e-05 1.3055566e-05 1.3558977e-05 0.00021800095 4.7083056e-05 0.00017348622 0.00024454095 1.7918737e-05 1.8786806e-05 4.8579255e-05 1.5038671e-06 0.00028642212 0.00028064605 0.00010734071 3.569253e-05 1.9586964e-06 0.00027695933
0.02004601 0.0061152624 0.0035484533 0.44108889 0.00093417364 0.008466917 0.30094168 0.002639081 0.009900128 0.006697758 0.07764958 0.9084902 0.00086105266 0.0040525417 0.0018916819 1.1969054e-18 0.94973457 0.017506948 1.5566353e-06 0.021102758 0.0076756165 0.00027038442 0.03413358 4.3581058e-05 0.9598839 0.00055372744 4.115973e-07 0.013532663 1.3513459e-05 5.1705124e-06 0.010166431 0.025807252 1.7148817e-05 0.003388804 0.00015040408 0.00674363 0.0030372653 0.00012711372 0.00080794236 0.34167463 7.534277e-05 6.518209e-07 0.010610423 3.969505e-05 0.00010540158 0.0009069809 1.5442409e-05 0.00047317197 0.048075944 0.0040725395 0.05909769 5.003505e-06 0.019527892 0.14227898 0.00085000636 0.00011121069 0.0004386845 0.0026486726 3.710535e-08 0.004212908 2.903922e-05 0.00049774296 0.005130613 2.3492581e-05 0.0008653956 3.9219717e-07 0.060084715 1.04503314e-07 0.0026745235 0.003315046 1.1234012e-05 0.0005934326 7.5087047e-07 0.0013660396 2.6985822e-07 2.45923e-07 0.0026003013 0.003786936 0.0051624076 4.717115e-05 0.00016644564 0.00061941333 0.0013229898 0.004592408 0.00062497164 6.6946434e-08 0.0030729622 0.0006570583 1.7061677e-05 0.0012795281 0.00026859107 0.0012695907 0.0070486786 0.0024483686 0.0048172656 0.00672539 0.0050814995 0.000948564 0.0009667351 0.0052839667 0.0055311625
0.79487824 0.028803898 0.03038233 0.8234199 0.003534375 0.02069452 0.5730334 0.004089378 0.031247137 0.004147172 0.3378777 0.88676536 0.017063215 0.0025389767 0.00031683155 0.94973457 6.0921464e-20 0.060153287 2.0812122e-05 0.13228725 0.0010299031 3.825271e-05 0.15854885 0.0003921479 0.8213656 4.6690155e-05 9.6105054e-05 0.0223949 1.9105692e-05 0.00031867425 0.07224749 0.18554856 3.6808906e-06 0.009355494 2.5909629e-05 0.039675046 0.0018229424 5.928169e-06 0.0006292936 0.7325497 6.579779e-05 1.8454043e-06 0.33205095 4.7492722e-05 6.7181486e-06 0.0009320825 2.9498013e-05 0.001835745 0.37819245 0.022099478 0.22509786 5.7052084e-06 0.23644497 0.29322526 0.000326791 1.010045e-05 0.00015089859 0.0051733316 1.6481181e-07 0.030982431 4.967096e-06 0.00013476863 0.021163838 1.1768873e-06 0.00014979829 6.060067e-07 0.27261218 2.4724554e-07 0.0026322631 0.025596397 6.653809e-07 0.00030853527 3.380002e-06 0.0009970693 1.5776415e-07 1.8668189e-06 0.005737324 0.013807417 0.009264775 4.7015124e-05 3.805666e-05 0.0001281482 0.009261903 0.0014208276 0.00044927868 1.7699247e-06 0.012079114 0.0002927707 1.5649313e-05 0.0005667733 2.1343209e-05 0.0006059163 0.0033081656 0.016160881 0.0061403466 0.014454484 0.010018132 0.0007857544 0.0024453967 0.0044087362 0.015048593
0.55792135 0.0027483234 0.019314228 0.29571888 0.00399774 0.03911265 0.014009325 0.055188324 0.5507027 0.2538855 0.9640344 0.021352617 0.015334223 0.8092954 0.043540876 0.017506948 0.060153287 7.329718e-20 8.111371e-05 0.7747459 0.11791293 0.035985675 0.28902385 0.019250918 0.0039683944 0.14250232 0.00056100875 0.8328837 0.0016693422 0.0015789692 0.038487118 0.027047615 0.008403611 0.6694482 0.031044774 0.0059661833 0.2694792 0.014312294 0.096402645 0.0028178208 0.002237191 8.826352e-06 0.0034305097 0.0019432073 0.0036839533 0.13481945 0.0019867145 0.257558 0.000795973 0.107126884 0.00026010975 5.0975337e-05 0.00043053413 4.7440568e-05 0.06510097 0.0014637983 0.016752902 0.02914409 6.0488827e-07 0.0059024314 0.00011885081 0.048885144 0.00060022256 2.0062676e-05 0.020483334 6.677259e-07 0.0021458862 4.9553014e-06 0.014080235 0.004743874 2.8940412e-05 0.011872376 5.2240995e-07 0.0110917995 9.941883e-08 7.5504863e-06 0.00033693638 0.007411555 0.00028868645 2.7893262e-05 0.0018959126 0.00592303 0.0008134168 2.5217312e-06 0.01142508 6.776954e-07 0.0018028311 0.00745475 6.409897e-06 0.0027187094 0.00011435942 0.00010120568 0.00012981305 0.0009306892 7.351216e-05 0.00086567336 0.0016962272 0.00014080528 0.0009569113 0.00016753045 0.0007984565
9.4369506e-07 0.011793182 0.027614707 0.00096838456 0.24410275 0.004861483 0.0007155921 0.016742647 0.0003289218 0.0037307108 0.00010637007 3.8907612e-05 0.9089924 0.00031617624 0.112221636 1.5566353e-06 2.0812122e-05 8.111371e-05 2.585181e-21 3.733766e-07 0.003574218 0.016527599 4.143161e-06 0.61265707 3.074656e-07 3.6329537e-05 0.56647104 2.5141037e-05 0.038504783 0.1566091 2.7070457e-06 1.9506277e-07 0.0020541544 1.9370449e-05 6.839636e-05 1.0927331e-06 6.655253e-06 1.4842523e-05 1.3806204e-05 9.885112e-06 8.457942e-06 0.08064111 2.629345e-06 2.314277e-05 1.5231905e-05 2.2429042e-06 0.003034998 5.361976e-06 2.8011473e-06 2.9702035e-06 3.4211425e-08 0.00010951002 5.0070234e-06 8.666174e-08 1.1263465e-06 6.8864497e-06 2.128763e-07 2.9612784e-07 0.00084138924 6.957055e-06 0.00010019721 2.3102712e-06 1.8130692e-06 4.0300497e-06 2.867286e-07 1.703844e-05 8.4069856e-05 0.00011179491 2.8315887e-06 6.2381666e-08 1.2582103e-06 6.8035945e-07 9.2073315e-06 3.0799947e-07 2.9597653e-05 0.00015177637 2.9211694e-06 1.6964108e-06 3.8879216e-06 4.182591e-06 6.799568e-05 1.5006831e-05 4.1822776e-07 8.800158e-09 1.0985421e-05 7.634479e-06 4.2938705e-06 4.8368314e-05 1.2193906e-05 3.7725279e-06 0.00014855318 2.9266095e-08 6.065282e-07 1.600771e-06 5.277887e-07 0.00029529157 0.00020636864 2.8916313e-06 2.573482e-06 1.9568984e-06 0.00014701065
0.1517323 0.0005449317 0.012433455 0.14589751 0.0005314014 0.02427235 0.010725518 0.025250565 0.09306928 0.073670276 0.77533185 0.009255232 0.005206667 0.13485314 0.015636172 0.021102758 0.13228725 0.7747459 3.733766e-07 5.2142384e-24 0.027340326 0.01326468 0.98002195 0.006073714 0.0007330148 0.024766391 1.4156359e-06 0.8163581 5.766817e-05 1.0201622e-05 0.113106355 0.09525446 5.5494966e-05 0.2584768 0.013801709 0.018748598 0.06355209 0.0020942544 0.038361534 0.009027477 0.00035779332 1.3893954e-06 0.03652011 0.00027321445 0.0011351954 0.06247335 3.934665e-05 0.30103764 0.0019044306 0.16086552 0.0004026636 3.030818e-07 0.0029927373 9.956559e-05 0.037290886 0.00039575837 0.010605536 0.030474914 4.362832e-08 0.026449442 1.3928348e-05 0.03321408 0.0046990137 7.352299e-06 0.021082126 7.97063e-08 0.00029831458 7.942675e-08 0.032048557 0.028030623 6.185449e-06 0.006947998 1.2176845e-07 0.03435723 4.5070617e-08 9.69008e-08 0.0024873102 0.014459213 0.0004465321 7.900558e-06 0.0025246695 0.00845481 0.002180654 2.742032e-06 0.011862349 1.0530119e-08 0.010408713 0.013834832 1.0964211e-06 0.0022541978 1.8455547e-05 0.00031881806 9.5222655e-05 0.005776764 0.0003266059 0.00591388 0.008266035 0.00016530334 0.00077771407 0.00035301992 0.0020686497
0.015239034 0.0049172714 0.12550242 0.0913618 0.03304245 0.13360517 0.0093078725 0.21891834 0.22122608 0.41241097 0.04400681 0.0019247546 0.19639376 0.707959 0.37364998 0.0076756165 0.0010299031 0.11791293 0.003574218 0.027340326 3.158834e-24 0.4526446 0.019832792 0.3081237 6.5469794e-05 0.96539354 0.010516864 0.1112142 0.06559796 0.01719255 0.0039977613 0.0035246033 0.26790792 0.20190181 0.31626707 0.0003240927 0.15834002 0.12519881 0.09802253 0.00029902637 0.034354467 0.00023053172 0.00023374707 0.037695277 0.04285997 0.040774595 0.1526928 0.035158306 7.2093535e-05 0.006410484 3.0648005e-06 0.003119859 4.6906567e-05 1.4151332e-05 0.0069298795 0.0057873786 0.0039283433 0.00048551007 1.687215e-05 9.671537e-05 0.017058268 0.0021503367 2.1942751e-05 0.0021263214 0.00090380554 0.0003575242 0.00028739154 4.514877e-05 0.0003674704 0.0002868182 0.001285617 0.0016218503 2.2049799e-05 0.00022146944 1.1248163e-05 8.096006e-05 1.694754e-05 8.890324e-05 2.5790114e-05 0.00022872441 0.0037433342 0.00035281933 8.896006e-05 1.5343291e-07 0.0032218387 3.6865467e-06 0.00010280248 0.0018588806 1.3386116e-05 0.0013612501 0.0016152877 5.4288603e-06 8.518493e-06 5.0007697e-05 1.8374578e-06 0.00026980744 0.00045612018 0.00023629276 8.279513e-05 9.413639e-06 5.2284857e-05
0.012109518 0.0026782386 0.034561902 0.0045304024 0.030014485 0.02134229 0.0026169159 0.112105146 0.04380562 0.17707647 0.012347103 0.00028605582 0.2972129 0.07466392 0.9795575 0.00027038442 3.825271e-05 0.035985675 0.016527599 0.01326468 0.4526446 2.857835e-22 0.006118231 0.72127944 1.1590763e-05 0.17640132 0.10514765 0.053537037 0.398873 0.14522907 0.0008578773 0.0005683232 0.5999639 0.1635776 0.26700363 2.6196121e-05 0.18085492 0.19608063 0.14101133 0.00020111707 0.051816568 0.009391407 1.9630508e-05 0.15169951 0.036045913 0.025774848 0.23441842 0.009649658 0.00020153487 0.0026335863 8.376186e-06 0.0093969125 4.5737375e-05 1.645325e-06 0.0013565251 0.00207211 0.0010786058 0.00012095591 0.00023250784 3.0902247e-05 0.014294309 0.0009167846 1.128913e-05 0.000535839 0.00040332216 0.001811164 0.00032971925 0.00078997645 0.00024187066 1.5215187e-06 0.0001862386 0.0003070907 0.00016306991 0.00010157107 1.9747866e-05 0.00054859475 3.2288424e-06 1.4494134e-05 6.6890852e-06 0.00011905512 0.0016221086 0.00022718309 2.5016023e-05 5.976048e-08 0.0008129097 9.525332e-06 2.1182326e-05 0.0004623582 4.4004377e-05 0.0007627543 0.0004139427 7.283015e-06 7.982782e-07 0.0001609047 4.580355e-07 0.00010986601 0.00036340367 0.000375293 7.1173075e-05 2.355869e-06 0.0002208683
0.5810593 0.0011031874 0.010262783 0.10489296 0.0011010028 0.016186154 0.008317288 0.034821127 0.052977327 0.055479802 0.35949257 0.012977691 0.010820763 0.06377552 0.011223862 0.03413358 0.15854885 0.28902385 4.143161e-06 0.98002195 0.019832792 0.006118231 5.8212164e-22 0.0047702687 0.0033829527 0.00764153 1.8529301e-05 0.7121945 0.0001526922 0.00018164162 0.70219123 0.47074372 4.3318763e-05 0.1786874 0.003377864 0.1505119 0.034030184 0.000563694 0.007898055 0.03231298 0.00013643022 7.4754626e-06 0.1096917 0.00026972586 0.0001125127 0.015907275 2.7586337e-05 0.17679338 0.0077669797 0.2131843 0.0015755591 1.2953176e-05 0.008108644 0.001692831 0.00876705 9.251177e-05 0.0067632417 0.0675132 2.4721888e-07 0.09128434 3.391825e-05 0.03236774 0.011175019 2.8035872e-06 0.0099136 5.8985023e-07 0.008096949 1.2932495e-06 0.05505382 0.020123085 4.6875775e-06 0.005625657 3.0905915e-06 0.01765465 4.3190434e-07 1.9958507e-06 0.002244247 0.033781886 0.0019599905 2.1459708e-05 0.00044647462 0.013621149 0.0017414679 2.0226778e-05 0.005413801 1.0360268e-07 0.01586545 0.009371826 8.11587e-06 0.0025427241 6.997294e-05 0.0011511679 0.00030385327 0.0024924497 0.0005463132 0.006109864 0.0053558922 0.00063575833 0.0012248359 0.00068530184 0.0038150523
0.0021070458 0.0019733212 0.04037208 0.011175024 0.029630568 0.021489339 0.0017360812 0.07612552 0.025157705 0.058247615 0.01871891 0.000107502885 0.9076827 0.019949831 0.71615046 4.3581058e-05 0.0003921479 0.019250918 0.61265707 0.006073714 0.3081237 0.72127944 0.0047702687 5.4306264e-23 7.760666e-06 0.02581058 0.8538094 0.06308455 0.71097344 0.7617054 0.0010748013 0.00023005776 0.63013566 0.2294676 0.08805284 0.00021924838 0.065018326 0.03269937 0.05371552 0.002801683 0.009389025 0.2100135 0.001951655 0.10405156 0.032957956 0.01572809 0.43952087 0.0047197817 0.00028174688 0.0015477972 6.6973007e-06 0.019109095 0.00031728268 1.3041064e-06 0.00032401265 0.00034495752 0.0008913633 2.448979e-05 0.0018778256 9.439995e-05 0.006023164 0.00010336065 0.0009974744 0.00030722836 0.00037745433 0.0013285853 0.013033244 0.002447458 0.0003418672 8.338821e-06 2.2215701e-05 4.166819e-05 0.0008029771 9.076908e-05 0.00015549426 0.0004570668 3.549555e-05 1.9905825e-05 1.47539795e-05 5.0706578e-05 9.1726564e-05 0.00010391533 1.0284577e-05 8.215899e-08 0.00014426265 4.8342376e-06 9.3382405e-05 0.00025970326 7.324264e-06 0.000115395924 0.00035476324 1.1789756e-06 3.1913427e-07 0.00023646835 5.9408286e-08 0.0010537917 0.0036411104 0.00011758755 4.5574576e-05 1.6128955e-06 0.0014487535
0.0076345773 0.0037239767 0.0004878628 0.1721462 0.00016245073 0.00079721387 0.44185302 0.00046810266 0.00048282693 0.002014169 0.009849355 0.8633254 0.00020418019 0.001427109 4.543241e-05 0.9598839 0.8213656 0.0039683944 3.074656e-07 0.0007330148 6.5469794e-05 1.1590763e-05 0.0033829527 7.760666e-06 1.1957006e-18 3.5827547e-05 4.1936783e-08 0.0013959905 4.361825e-06 9.377739e-07 0.0004249247 0.0009378071 1.32600235e-05 0.0014019494 8.580418e-06 0.00063153706 0.0005812887 3.5880956e-05 0.0008017677 0.16456698 4.6335557e-05 6.034498e-08 0.0010588048 2.1404401e-05 2.2105216e-05 0.0012001446 7.862421e-06 4.2990676e-05 0.02371054 7.196069e-05 0.041771825 8.895523e-07 0.007778547 0.1735994 0.00045800998 0.00031816654 0.00015970644 2.0906315e-05 2.1156671e-08 0.00019618202 5.577905e-05 7.9616846e-05 0.00062280026 4.3702803e-05 0.00026747122 2.9582952e-07 0.8649753 1.9021632e-08 5.848126e-05 0.00041496562 2.5740464e-06 0.0001748864 1.0844015e-07 2.9290575e-05 3.3186435e-08 2.791351e-07 0.00030550367 0.00015700415 0.0018925489 1.4748438e-05 0.00015811263 4.9604005e-05 0.00040511775 0.009077532 9.7529344e-05 4.0522147e-07 0.00062768854 6.105961e-05 9.247203e-06 0.00016207795 0.0002886234 0.0011270031 0.0045257425 0.00032536453 0.0019137267 0.0037994413 0.00078052015 0.0012444803 0.0020112398 0.0016673199 0.0023581923
0.16188185 0.00056185125 0.0039959424 0.008855077 0.00043437706 0.0095402505 0.0026887758 0.054035224 0.097483434 0.19048607 0.039659012 0.00060936314 0.0056073945 0.43557477 0.111215696 0.00055372744 4.6690155e-05 0.14250232 3.6329537e-05 0.024766391 0.96539354 0.17640132 0.00764153 0.02581058 3.5827547e-05 4.636561e-24 0.00026192414 0.30527508 0.011206792 0.0021114228 0.0017820041 0.00046944874 0.11105885 0.7968482 0.47816122 3.1364856e-05 0.7904036 0.28758448 0.69748664 6.416053e-05 0.11249415 1.1238246e-05 9.281905e-05 0.10941412 0.425561 0.44077396 0.038256746 0.20994863 3.5120076e-05 0.027002743 2.9804212e-06 0.002153795 1.1252113e-05 1.567534e-06 0.1551348 0.11534496 0.09081361 0.008817986 1.7054932e-06 0.00030454545 0.0106919035 0.03096786 1.6657337e-05 0.0019869087 0.029185532 0.0003483465 9.680497e-05 6.855482e-06 0.004833097 4.4797802e-05 0.000682801 0.027386557 1.2633332e-05 0.004544297 4.943503e-07 1.7626655e-05 1.7540246e-05 0.001001145 2.3513336e-05 0.00012991151 0.029099582 0.004521526 0.00011765854 6.1552555e-08 0.030477641 1.2482892e-06 0.00012559685 0.007833665 3.4432414e-05 0.008056103 0.0055048484 3.106673e-06 6.414187e-07 9.4399125e-05 3.185992e-06 4.7420443e-05 0.00042511852 2.2571554e-05 0.00010125289 8.553701e-06 8.602847e-05
4.9594805e-06 0.00053284364 0.0047683087 0.00020611275 0.012549467 0.0031019514 0.00039089608 0.014873763 0.000251416 0.0029904817 0.00010141563 5.5707733e-06 0.39855927 0.0005463119 0.1534447 4.115973e-07 9.6105054e-05 0.00056100875 0.56647104 1.4156359e-06 0.010516864 0.10514765 1.8529301e-05 0.8538094 4.1936783e-08 0.00026192414 1.9922386e-22 8.0102975e-05 0.2714795 0.767866 1.4730394e-06 2.2967204e-07 0.03358378 0.00011038661 0.0013287037 5.7682664e-06 8.502119e-05 0.00043318974 0.00017519406 4.34778e-06 0.00020481714 0.15372008 4.768026e-06 0.0005934117 0.00032503332 1.4579978e-05 0.06342429 8.185922e-06 8.8901885e-07 1.1227468e-05 3.2275523e-08 0.0012447699 1.2985255e-06 4.226626e-08 7.712028e-07 1.20317445e-05 1.9536371e-06 1.0049406e-06 0.0015646189 1.5185014e-05 0.0006446189 1.284939e-06 7.723521e-06 3.2273052e-05 6.785542e-07 1.2230535e-05 2.0326192e-05 0.00022639777 4.3536384e-06 8.368748e-07 1.4361892e-05 3.746409e-06 7.3175893e-06 2.4301514e-06 2.0752108e-05 0.00016475265 4.549387e-06 4.211769e-05 2.2188885e-06 2.6235775e-05 0.00016060773 3.8060614e-05 1.4264573e-06 1.471356e-08 1.2898998e-05 9.872365e-06 0.00015810358 7.850055e-05 3.4862358e-05 3.252226e-05 0.00031749424 5.0500415e-07 2.7514503e-07 3.4260578e-05 1.0116182e-07 0.00077163795 0.0015665829 6.657754e-06 2.0441028e-06 3.0671895e-06 0.00077939767
0.7865584 0.0010068621 0.0139131425 0.08404245 0.001579894 0.044327855 0.007221985 0.054869965 0.12406285 0.19116841 0.22099803 0.0059809154 0.015033997 0.40282726 0.05430262 0.013532663 0.0223949 0.8328837 2.5141037e-05 0.8163581 0.1112142 0.053537037 0.7121945 0.06308455 0.0013959905 0.30527508 8.0102975e-05 7.0005517e-20 0.003301862 8.681183e-05 0.2454568 0.09776231 0.004532764 0.91360986 0.10322527 0.13874461 0.40566814 0.016807487 0.069115244 0.013495417 0.0022018997 4.3046366e-06 0.065690264 0.0029450357 0.008398889 0.11757867 0.0060378984 0.8262847 0.0073147747 0.5496008 0.0006413927 0.0008793229 0.001933935 0.00039391944 0.13529341 0.0017196034 0.030306857 0.21927994 4.4154578e-07 0.06353638 0.00032064572 0.2846857 0.0023697102 5.7641235e-05 0.13603431 1.0607878e-05 0.001003774 2.6046841e-06 0.16840187 0.037576634 4.6933637e-05 0.06993524 3.1732216e-05 0.111268654 1.03583325e-05 1.9501515e-05 0.0011012967 0.04194539 0.001381358 0.00011807963 0.008828184 0.10382184 0.001962832 7.820549e-06 0.1252255 2.7273725e-06 0.024099052 0.07736978 2.7338241e-05 0.038041446 0.0009765099 0.0002755225 9.21308e-05 0.0037831168 0.00027720717 0.005755461 0.0074020503 5.2519834e-05 0.0003264278 0.0004044187 0.0026855203
0.0028612902 0.00019510955 0.0045578885 0.00014984999 0.005678386 0.0023625568 0.00020022412 0.010278323 0.002444103 0.009036013 0.000104243074 4.235237e-06 0.175476 0.0051829764 0.20335326 1.3513459e-05 1.9105692e-05 0.0016693422 0.038504783 5.766817e-05 0.06559796 0.398873 0.0001526922 0.71097344 4.361825e-06 0.011206792 0.2714795 0.003301862 1.1179975e-20 0.57814693 1.2629705e-05 1.675676e-05 0.9689209 0.008434378 0.035468303 6.853926e-06 0.014876081 0.04297406 0.014633895 2.718599e-05 0.010235126 0.2101706 3.2783308e-05 0.07009087 0.0063317833 0.005684975 0.61455697 0.0006578236 3.1906944e-05 0.00024939666 9.749111e-07 0.07240051 3.3792236e-05 6.7234134e-07 0.0004061435 0.00068220607 0.00014418508 1.3763006e-05 0.0040006633 1.7008996e-06 0.02625201 8.424298e-05 1.6393287e-05 0.0005095643 6.947371e-05 0.0047588297 0.00013826924 0.004333755 8.996438e-06 1.1423581e-06 0.00079183 1.5203577e-05 0.0014224701 3.4815191e-06 0.00084500655 0.005933483 7.600451e-06 1.8361843e-06 6.6639286e-06 0.0001560811 0.00041921617 7.0431447e-06 4.7945045e-06 1.368568e-07 7.844629e-05 0.00018032969 1.0180304e-06 0.00011272149 0.00021711955 8.537325e-05 0.00047851453 1.8479217e-07 7.6268157e-06 1.5947996e-06 4.358555e-07 0.00017632832 9.918195e-05 1.4269913e-05 7.287552e-06 7.932017e-08 7.932793e-05
0.00011258666 0.0009301471 0.005042034 0.00063255 0.0045237066 0.0031475832 0.00017642842 0.01831585 0.00050096243 0.006067348 0.00031152472 5.117009e-06 0.16508806 0.0015223296 0.13959871 5.1705124e-06 0.00031867425 0.0015789692 0.1566091 1.0201622e-05 0.01719255 0.14522907 0.00018164162 0.7617054 9.377739e-07 0.0021114228 0.767866 8.681183e-05 0.57814693 3.8235968e-20 3.179895e-05 7.84437e-06 0.29995307 0.00027716754 0.010786438 3.9975377e-05 0.0014328988 0.004548509 0.0012446238 1.18646e-05 0.0022071176 0.4361284 3.368914e-05 0.007826908 0.0016423857 9.0561734e-05 0.37394482 5.847423e-05 1.4116076e-06 8.726779e-05 3.947946e-08 0.040245116 1.1002453e-06 1.4935797e-07 1.2933145e-05 2.8243356e-05 1.0757289e-05 4.6006703e-06 0.004263839 2.0295025e-05 0.005639949 6.0826806e-06 3.4244329e-06 0.00035775462 4.2858883e-06 0.0020079787 4.2712418e-05 0.0020223684 2.615082e-05 1.5359329e-06 0.00014407265 5.6428075e-06 0.0023171382 1.861579e-05 0.00154418 0.0031296613 3.2090147e-06 2.9645933e-05 8.301675e-07 0.00058526313 0.0004386766 2.1201586e-05 2.3902348e-07 1.1377546e-08 1.6297856e-05 0.00029661445 0.00030564502 3.2884385e-05 0.00023783756 7.7959434e-05 0.00060276204 2.2218921e-07 8.945157e-08 2.7194208e-05 1.5699532e-08 0.0012461649 0.0054635415 3.893324e-06 1.467042e-06 4.2828867e-07 0.0033223205
0.6695315 5.2194933e-05 0.0012973712 0.011691803 3.0697312e-05 0.005015045 0.0019475255 0.0034613907 0.006147058 0.0061549097 0.03051627 0.0025650081 0.0044774828 0.006722142 0.002456735 0.010166431 0.07224749 0.038487118 2.7070457e-06 0.113106355 0.0039977613 0.0008578773 0.70219123 0.0010748013 0.0004249247 0.0017820041 1.4730394e-06 0.2454568 1.2629705e-05 3.179895e-05 1.3463046e-22 0.98287797 8.152352e-06 0.057951014 0.0023748185 0.8672571 0.01162104 0.00020028464 0.0028262255 0.016651198 5.832213e-05 3.7667398e-06 0.36759615 9.7502554e-05 6.633376e-05 0.010242484 2.0972913e-05 0.3272433 0.01186838 0.46822074 0.0027707885 2.9636958e-06 0.017644694 0.0017247489 0.01106824 2.0256739e-05 0.0039265268 0.118282236 2.8685415e-07 0.2946118 9.318264e-06 0.055803187 0.0563563 3.3478345e-06 0.023822933 2.6147575e-07 8.901302e-05 2.6775868e-07 0.18475965 0.07775218 4.664429e-06 0.011990167 2.042659e-06 0.1139925 8.883239e-07 1.2701568e-06 0.009754279 0.14979388 0.008792856 5.2141e-05 0.0009209062 0.054697204 0.009539473 7.487014e-06 0.019256694 6.7003924e-08 0.10255286 0.033718865 9.6383665e-06 0.0059145032 0.00016278462 0.0017041755 0.0012081511 0.020822056 0.0035281177 0.027834678 0.04745061 0.0006805257 0.0005393787 0.0026207247 0.020337634
