1.9679968e-32 0.41542855 0.24842465 0.78836703 0.39135653 0.21195216 0.634869 0.48158124 0.6328435 0.1042749 0.7144854 0.3422456 0.02730292 0.4153151 0.047853004 0.058991484 0.9814399 0.58379483 0.015447094 0.84087604 0.40690434 0.73872244 0.4142729 0.18611167 0.16640009 0.1744989 0.1931425 0.07112744 0.86312276 0.10312257 0.5975765 0.43737406 0.4230894 0.42678902 0.020334583 0.0015272686 0.1434529 0.51715 0.006981548 0.0023785117 0.47051466 0.0002891127 0.019230587 0.51310813 0.56968707 0.6054241 0.7444332 0.55488044 0.77697617 0.18439695 0.076040864 0.83740944 0.31780455 0.19572571 0.0038282566 3.9328264e-05 0.00030813916 0.83738303 0.0008132834 9.41989e-06 0.8231274 0.0007569376 0.2610646 0.21364693 0.7321987 3.4149261e-06 0.9542529 0.9979434 0.79192495 0.9472515 0.029359577 0.0045250673 0.0011498376 0.037484452 1.2785235e-07 0.0015416204 1.3695679e-07 0.9843424 3.0771978e-06 0.9038828 0.99858457 9.758033e-05 0.973204 1.4943548e-07 7.992762e-05 0.48718983 3.910596e-05 0.99980104 0.9938817 1.8246883e-09 0.032165598 0.5785869 0.9997021 7.9616563e-10 5.947904e-06 0.065310985 9.139849e-09 0.9997539 1.0240549e-06 0.00012927712 0.090354145
0.41542855 8.868568e-24 0.9918433 0.74851626 0.4580245 0.18942206 0.24907605 0.6795735 0.40867785 0.678674 0.18598644 0.3632141 0.3360939 0.20804912 0.24332885 0.11594554 0.38609758 0.41379726 0.13201703 0.2581674 0.06758201 0.20698224 0.006235812 0.10354471 0.01579327 0.030325664 0.19007386 0.13911355 0.00041921475 0.015767548 0.12098091 0.006185886 0.004355132 0.00031483878 0.037484724 0.030388929 0.034160458 0.0051876022 0.014876748 0.039522536 0.0025470406 0.001942046 0.02068115 0.00225904 0.0037828947 0.0019264267 0.007368511 0.046143547 0.0030573932 0.002923618 0.0004315324 0.00037559212 0.00088327395 0.007822472 0.0001341177 0.007504901 0.0020999676 0.00031160377 0.006812803 0.003851029 0.00060464616 0.008274359 0.0018434888 0.0005993191 0.0066975094 0.0001536204 0.0002598006 0.0011188419 0.00036283245 0.028736621 0.0028376633 2.1680886e-05 2.1492131e-05 0.002576751 0.0005783801 0.0007398818 0.00027811783 0.0052595753 0.00018734984 0.0010468047 0.004311379 6.738682e-06 0.0051833442 0.0006334679 1.244581e-05 3.0763516e-05 0.00028870464 0.0041382806 0.048936814 9.585064e-06 7.9804795e-06 0.0007800134 0.0012093263 9.9153105e-05 7.085899e-06 6.0955867e-05 4.0256837e-05 0.009380647 8.445268e-05 1.8828257e-07 0.00013801432
0.24842465 0.9918433 1.2997712e-22 0.59977126 0.051994186 0.029672459 0.024820704 0.59874326 0.13290899 0.81327635 0.0555827 0.5223707 0.61548096 0.07726509 0.24346682 0.11266239 0.07856356 0.0520917 0.38202953 0.03921877 0.013633995 0.020528473 0.0014167671 0.018102463 0.0025712498 0.0022144462 0.01480595 0.14350042 2.5013662e-05 0.0009299151 0.057017047 0.00014830023 0.00062392413 1.7779072e-05 0.13800924 0.097988896 0.0036588004 0.00039025708 0.028867312 0.04742429 7.091467e-05 0.005674697 0.012228355 0.00026280188 4.8907765e-05 3.654373e-05 0.0011009198 0.0019929265 0.00015157126 0.0007700141 0.00069349597 1.47014225e-05 2.5462683e-05 0.004688508 0.00010251161 0.017878504 0.003957344 1.0544269e-06 0.0080143325 0.0041148276 0.00015401618 0.03759147 0.0011336565 0.00044091904 0.00075396075 0.0008155039 8.3682335e-06 2.4958976e-05 7.814452e-06 0.0032132212 0.0035420733 8.1611615e-05 5.543821e-05 0.00055298966 0.00020815805 0.010519562 2.2579841e-05 0.0008292599 5.2756983e-05 2.6323343e-05 0.000602627 8.124078e-06 0.0010237547 0.00027805154 1.1911286e-05 1.236164e-06 0.00061775977 0.00044427547 0.0077522276 1.5573199e-06 1.5127392e-06 3.9668634e-05 0.00031653437 1.2694949e-05 2.6586065e-06 1.4279552e-05 1.1852918e-05 0.003077967 0.00015914679 3.1934186e-07 6.555833e-05
0.78836703 0.74851626 0.59977126 2.4134737e-19 0.060577437 0.018489322 0.021404408 0.067896895 0.9351158 0.85448235 0.029391512 0.09715759 0.18515214 0.019608438 0.8648177 0.7785993 0.53430855 0.29135665 0.13411511 0.49017727 0.007436136 0.12099958 0.0006332064 0.006937924 0.0021550513 0.011954754 0.0807256 0.020369133 4.0062012e-05 0.004120922 0.008849612 0.00043555198 0.00097611 1.603464e-05 0.034477934 0.06006833 0.0062467703 0.003232711 0.008318516 0.3816144 0.006542252 0.0075297877 0.00389592 0.0001828192 0.004780862 0.0038842454 0.014181953 0.0051518166 0.0030099282 0.016134318 0.02805218 0.0011765732 0.0011043631 0.0013408981 0.0031298613 0.009207987 0.065296225 0.00052610075 0.09857764 0.016660603 6.6604e-05 0.006090767 0.006942736 6.7376604e-06 0.0020149383 0.00027730133 0.0017925447 0.00053705997 0.0025121802 0.0054260273 0.0011758986 0.00060058676 0.0006925479 0.0004125358 0.0015452325 0.0012716615 0.0002828971 0.0024772976 0.0016446224 0.00012541313 0.0007280963 0.00019634243 0.001498343 0.0022006147 0.00030426937 0.00027037566 0.00056539505 0.0027190826 0.006361377 6.1130017e-06 1.0249162e-05 0.00014042552 0.0008806274 0.00015992195 5.5292323e-05 2.3522127e-05 1.4869781e-05 0.0029738203 0.00024766478 3.2831555e-05 1.7235847e-05
0.39135653 0.4580245 0.051994186 0.060577437 6.779365e-22 0.99446565 0.93550193 0.118967965 0.038453095 0.034972094 0.14504576 0.011270279 0.024926886 0.022324353 0.023188574 0.010439201 0.18356763 0.042024814 0.011604491 0.008925653 0.053351067 0.18590084 0.08128304 0.044448804 0.07867717 0.03886212 0.03274477 0.0058352402 0.12581566 0.03676599 0.016338566 0.049617235 0.04401721 0.017687673 0.0031338488 0.00060278067 0.054781094 0.020304639 0.0008014397 0.0022235129 0.0021656123 1.5911406e-05 0.004985406 0.015878038 0.005846294 0.010636466 0.00034648765 0.105561554 0.017857281 3.828501e-05 0.0004688955 0.00026246376 0.0038727236 0.0075901547 3.6663077e-05 0.0001735347 0.00019814353 0.00091592164 0.00028484463 0.0006979273 0.00999384 0.00028869996 0.00020618882 0.0039826157 0.03708666 4.9605667e-05 0.00028952133 0.004850614 5.9348695e-05 0.11641482 0.00058273907 3.9833732e-05 2.7896427e-05 0.0022969265 0.00022730943 9.853727e-05 0.00015394673 0.028095752 1.100227e-05 0.022757186 0.033906795 5.2675014e-06 0.043606065 5.623208e-05 6.713467e-06 4.235968e-06 0.00016563646 0.018540753 0.15661001 8.661077e-06 2.7490464e-06 0.019122912 0.016668763 4.0499567e-06 1.1132423e-06 0.0021619112 8.694416e-05 0.064019315 7.5755546e-05 4.9268186e-07 0.00085232226
0.21195216 0.18942206 0.029672459 0.018489322 0.99446565 3.2745604e-23 0.9803214 0.04943444 0.0060047447 0.0029038086 0.08191323 0.002338405 0.0020893381 0.012048701 0.005105749 0.0012244658 0.1710395 0.069163464 0.0020056535 0.0023582438 0.0449928 0.26119548 0.1426746 0.037982795 0.09946269 0.053374413 0.025071084 0.00097262074 0.18446095 0.040263966 0.007778595 0.09024257 0.06624334 0.05636782 0.00026439014 7.737303e-05 0.13233083 0.051432993 3.2883698e-05 0.0001326662 0.004181981 1.0884501e-06 0.00072346063 0.03464703 0.020282628 0.02322225 0.00030592116 0.1437137 0.031091858 1.8622448e-05 5.245847e-05 0.0006350551 0.017345538 0.0023154505 3.3573497e-06 7.4981394e-06 1.3484841e-05 0.0029212171 2.8058972e-05 2.5113191e-05 0.021460883 5.6767396e-05 0.0002344454 0.0062362165 0.08611757 2.8909942e-06 0.0005127089 0.023413545 0.00019036622 0.1955407 3.6774753e-05 1.4867385e-05 9.991523e-07 0.001580175 3.2944965e-05 1.5809255e-06 2.7737471e-05 0.04100461 3.9082524e-06 0.019455967 0.059920844 3.7983304e-07 0.06941578 2.3196187e-06 2.5248257e-06 4.0108093e-06 2.6458196e-05 0.021948542 0.2160797 3.9145615e-07 2.5243394e-06 0.010247301 0.024453187 7.029935e-07 8.096817e-07 0.0009553024 5.640763e-06 0.084615335 2.7798007e-05 1.3016889e-07 0.0003198776
0.634869 0.24907605 0.024820704 0.021404408 0.93550193 0.9803214 2.6784389e-21 0.10292062 0.005580337 0.039158452 0.34903 0.0131076155 0.017093044 0.044061318 0.009758372 0.0027135157 0.0646778 0.021044543 0.009733445 0.000517182 0.18903266 0.1612433 0.6190854 0.1529887 0.4037098 0.017741455 0.0048887623 0.00970078 0.464871 0.03391962 0.020545693 0.0387705 0.16233258 0.08522264 0.006438039 0.0019015803 0.0726516 0.00900534 0.001924849 0.00036069032 6.307834e-05 7.099776e-05 0.005621841 0.048537318 0.0010672247 0.0018601113 9.834992e-06 0.11381279 0.0065612653 1.964714e-05 9.855268e-05 3.2090134e-05 0.0009863976 0.010596515 4.883059e-05 0.0007285978 9.129683e-05 0.00028038258 0.00023441926 0.0004264734 0.022872949 0.001080361 8.9114095e-05 0.007105101 0.04555177 0.00010252011 4.9828697e-05 0.0020793534 2.8762392e-05 0.1547541 0.0012234349 3.836055e-05 1.2409389e-05 0.0040226695 0.0005193193 0.00023748809 0.00040692938 0.024833532 6.8725116e-05 0.022207193 0.051654972 6.617634e-06 0.035379667 0.00012984921 2.0701447e-05 6.305624e-06 0.0010625399 0.014417587 0.2805945 1.2035969e-05 2.547491e-06 0.016544433 0.01444001 3.4065164e-05 5.7889433e-06 0.004703094 0.00012021384 0.06936338 0.00058906584 3.4469062e-06 0.0029843336
0.48158124 0.6795735 0.59874326 0.067896895 0.118967965 0.04943444 0.10292062 1.01767165e-22 0.018342085 0.3340845 0.7158228 0.9232922 0.4151335 0.9385558 0.014009179 0.004394288 0.026358647 0.019653773 0.3374526 0.007521302 0.2766852 0.026649537 0.012269151 0.1614127 0.02230634 0.0014546472 0.0019795639 0.705715 0.0008347583 0.0015917835 0.6966491 0.0019459408 0.00945611 0.00038421276 0.23636603 0.022145255 0.0053089014 0.00045442034 0.17461853 0.0010034817 7.741599e-05 0.0013590837 0.22336651 0.0027279214 0.000119129625 2.6785423e-05 4.951676e-05 0.011050711 0.00068392325 8.658884e-05 4.9137107e-06 8.9093526e-05 6.1631596e-05 0.055262066 5.1915463e-06 0.013861741 1.5027998e-05 1.45209615e-05 0.0005343624 0.00047191555 0.00069105555 0.034596898 0.00013731404 0.004651594 0.00081895024 0.00033755664 3.4132932e-05 0.000120844656 1.6802382e-05 0.01078347 0.014666316 8.454047e-06 1.5347025e-05 0.0038644776 8.1891114e-05 0.011169521 0.00012622631 0.0018641497 3.9921546e-05 0.0003883823 0.006135298 7.087691e-06 0.0014211318 9.847996e-05 3.5946956e-05 3.3184156e-06 0.00045666096 0.00025909743 0.010523451 3.887873e-06 1.4731056e-06 0.00029900754 0.00020384594 9.305161e-05 1.4614125e-05 4.8189075e-05 2.234442e-05 0.0016352013 0.00022157296 9.2362694e-07 0.00024955772
0.6328435 0.40867785 0.13290899 0.9351158 0.038453095 0.0060047447 0.005580337 0.018342085 1.10129205e-17 0.34325916 0.0062646857 0.023727635 0.02165546 0.0045058355 0.7018161 0.7755302 0.5618865 0.6671574 0.019387053 0.8796278 0.0015627198 0.1262064 0.00019683965 0.0009991891 0.00051420956 0.016965631 0.27358198 0.0024422735 8.187913e-06 0.0058931955 0.0008452955 0.0012560314 0.00029876613 9.466784e-06 0.0020808282 0.007972637 0.0039377413 0.008226442 0.00092591566 0.22312218 0.07602293 0.0006301915 0.0005902358 0.00016067545 0.014350283 0.013280091 0.1315871 0.0043562474 0.00617649 0.13942847 0.46972892 0.010315175 0.00426806 0.0006109363 0.05352387 0.000492063 0.022438407 0.0033498325 0.10086462 0.0042073675 2.0027195e-05 0.00017496814 0.03867193 2.1685683e-07 0.0018703922 1.3908306e-05 0.007371428 0.0033659788 0.017396057 0.0023562813 0.00013125285 0.021851232 0.012786651 8.5005544e-05 0.0014156015 0.0002468687 0.0005265982 0.0032830492 0.0073127965 3.052446e-05 0.00040176947 0.0044060466 0.0021706314 0.0018190332 0.004191612 0.0011248498 0.00058165466 0.0039296006 0.002892863 2.1057007e-05 0.00049971946 6.25593e-05 0.0012649371 0.00043525596 0.0012901417 5.36372e-06 0.0001692718 0.0015803605 0.00035949406 0.00060498697 3.3521013e-07
0.1042749 0.678674 0.81327635 0.85448235 0.034972094 0.0029038086 0.039158452 0.3340845 0.34325916 5.4593367e-21 0.054863624 0.48567024 0.9064155 0.109727435 0.54378587 0.43435496 0.09719879 0.033223767 0.83697873 0.11137078 0.008027573 0.011128257 0.0006123829 0.003409681 0.001714791 8.438356e-06 0.0005300202 0.20614685 4.0550953e-05 3.254609e-05 0.06340982 6.9429634e-06 0.0006848961 1.1590325e-06 0.4457096 0.86319184 1.8579021e-05 0.00029297546 0.038986485 0.4011869 3.100432e-05 0.43197387 0.0052546524 1.4185341e-05 3.5816086e-06 5.4063084e-06 0.00010966314 6.061692e-05 1.5389556e-05 0.00011493025 2.4453266e-05 5.813269e-06 7.0289257e-06 0.0023105084 0.00017538211 0.3791455 0.4045392 3.1714803e-06 0.021808766 0.41357565 7.1225795e-06 0.079259954 0.0013444861 8.4094546e-07 5.510258e-06 0.07026208 1.4853328e-05 1.8065613e-05 9.58905e-06 0.00017214469 0.0013339997 5.3650706e-06 2.0114401e-05 0.00016274644 0.055586074 0.0032969012 0.00467805 6.378386e-05 0.00024417322 1.5171062e-05 6.823095e-05 1.4872278e-07 0.00018207278 0.010136467 3.2716205e-06 2.3352093e-06 0.00029672368 0.00010603351 0.00846502 0.00016159685 1.7454701e-06 9.391724e-06 0.00020072942 0.003895313 1.626794e-06 8.96059e-07 0.00067997037 0.00672615 0.00017490242 2.8956782e-07 5.85931e-06
0.7144854 0.18598644 0.0555827 0.029391512 0.14504576 0.08191323 0.34903 0.7158228 0.0062646857 0.054863624 3.966234e-19 0.21908939 0.020143675 0.96151507 0.0041738013 0.0007820569 0.026719678 0.015449259 0.025272762 0.0020648302 0.89092034 0.085387886 0.16792971 0.71933144 0.2292572 0.0034700236 0.0039311694 0.17389502 0.049185343 0.004027249 0.71348876 0.0021701711 0.23279484 0.009802463 0.0283005 0.0054750917 0.016196122 0.00095186796 0.015679924 0.0004069377 8.894819e-05 0.0002131218 0.058614597 0.07758607 0.00011341061 4.3967044e-05 2.9291106e-05 0.039273933 0.00053216977 3.7639515e-05 2.092253e-05 7.3971525e-05 6.843225e-05 0.056602236 1.3352609e-05 0.006906833 5.4061256e-05 1.0127292e-05 0.00052676065 0.00050966494 0.0059134625 0.016072642 8.492014e-05 0.042026665 0.002634444 2.9316087e-05 3.665897e-06 6.762222e-05 6.650203e-06 0.028393887 0.006149234 1.1418075e-05 2.3873165e-05 0.004947025 0.0003047872 0.004648046 0.00028706147 0.0039416053 8.958403e-05 0.0033812465 0.028003298 7.2296407e-06 0.005700532 0.00012517798 1.9973273e-05 1.8498005e-06 0.00065949565 0.0009364188 0.14761388 1.288352e-05 2.1969113e-07 0.0009242206 0.0016383987 7.675759e-05 2.4759108e-06 0.0003947233 5.7033343e-05 0.030835003 0.00027749312 1.7877632e-07 0.00075412536
0.3422456 0.3632141 0.5223707 0.09715759 0.011270279 0.002338405 0.0131076155 0.9232922 0.023727635 0.48567024 0.21908939 6.6629224e-20 0.65609765 0.5885995 0.02480145 0.009951927 0.0048560505 0.0064087147 0.6124553 0.005042929 0.05922942 0.0026082452 0.0013673065 0.016264584 0.0027557889 2.534385e-05 0.0002390676 0.93129855 0.00045239646 2.5325344e-05 0.55741 3.1423672e-06 0.0016704815 2.7681288e-05 0.8048171 0.06999813 0.000418952 3.2538643e-05 0.6076533 0.0024167052 2.4964354e-05 0.007453403 0.2612167 0.00051816565 7.6148312e-06 4.9989885e-06 7.272789e-05 0.00066765666 6.8349186e-06 0.000101997015 2.4257279e-05 4.844465e-06 4.5313222e-06 0.022126356 1.2686358e-05 0.0880826 0.00014101842 1.3176817e-06 0.00035285027 0.0014711226 0.00014601246 0.3269579 0.00017383251 0.0006664902 8.922039e-05 0.0032258679 5.558631e-06 1.847071e-05 2.7376657e-06 0.0015667009 0.028888416 3.816025e-06 7.245889e-06 0.00091735093 9.229314e-05 0.14008942 0.00020435435 0.00023988156 2.408807e-05 7.0121845e-05 0.0020897097 3.320223e-06 0.00026150933 0.00028285448 1.33039775e-05 1.4958542e-06 0.0040918123 0.00029879916 0.003765693 2.1670756e-05 1.7340027e-07 2.1042815e-05 0.00031822603 3.4379027e-05 1.5971009e-06 8.507564e-06 0.00013337967 0.0026554633 0.0014410452 4.238928e-07 0.00015285346
0.02730292 0.3360939 0.61548096 0.18515214 0.024926886 0.0020893381 0.017093044 0.4151335 0.02165546 0.9064155 0.020143675 0.65609765 5.2998497e-23 0.084581636 0.02947263 0.017389819 0.0027145576 0.0026597732 0.9526738 0.005417034 0.008727684 0.0014628522 0.00044685157 0.0040059723 0.001317634 2.6068077e-05 0.00031714956 0.35003215 1.119975e-05 2.607019e-05 0.07480685 2.1247717e-05 0.00059374596 3.7774596e-06 0.51774186 0.34716433 0.00013068342 3.17036e-05 0.20642239 0.015117625 3.2254939e-06 0.13573116 0.01941788 2.307346e-05 5.8715377e-06 2.199365e-06 1.4620636e-05 0.00037823536 1.0354481e-05 3.7604677e-05 1.8578498e-06 1.0102463e-05 8.879754e-06 0.0009803706 8.776711e-06 0.23630102 0.005439327 8.64776e-07 0.0013263281 0.012083597 3.2870414e-06 0.21466891 0.00034623744 1.2727086e-05 1.723769e-05 0.029611336 6.477018e-06 5.194087e-06 1.1540097e-06 0.00065634557 0.0010915698 3.195946e-06 3.2004327e-06 3.4925684e-05 0.0013736788 0.023683297 0.0017943833 0.00022570403 7.4537725e-06 5.8476153e-06 8.264186e-05 3.4004856e-07 0.00027497415 8.238305e-05 7.455787e-07 8.405458e-06 0.00041440406 0.0003138076 0.0023037316 0.000120813194 3.1802531e-07 5.329575e-07 0.00029741207 2.0946089e-05 4.7879314e-07 7.9213623e-07 0.00021439734 0.0012802056 0.0002233866 1.757063e-07 8.143174e-06
0.4153151 0.20804912 0.07726509 0.019608438 0.022324353 0.012048701 0.044061318 0.9385558 0.0045058355 0.109727435 0.96151507 0.5885995 0.084581636 1.1969172e-21 0.0047467435 0.0012623968 0.004470777 0.002710827 0.11466049 0.0010748993 0.295341 0.00707705 0.013066162 0.15272516 0.02127212 0.00033367457 0.00069510104 0.6402968 0.0027010157 0.00026639592 0.94031566 6.682267e-05 0.010088706 0.00047309685 0.18012705 0.010315589 0.0019124122 5.7428773e-05 0.14541529 0.00025476734 2.863294e-05 0.00079310837 0.28484052 0.0033510644 1.433175e-05 3.3508659e-06 2.9491206e-05 0.0032988198 5.7981237e-05 4.9016657e-05 1.8192708e-05 5.6567574e-06 3.3549525e-06 0.0752706 1.0543491e-05 0.014700008 5.0039826e-06 7.105513e-07 0.00057891617 0.00011071408 0.00054452516 0.05299069 2.2694996e-05 0.020823471 0.0004444997 0.00038006948 2.7546782e-06 6.4904857e-06 5.1244444e-07 0.003919471 0.022092495 2.6093335e-06 1.0702011e-05 0.006303715 2.9640365e-05 0.025096528 3.8104197e-05 0.00069722615 1.8613871e-05 0.00034448266 0.0051736133 3.1527893e-06 0.000518969 4.8972455e-05 1.4999233e-05 1.200934e-06 0.0012080894 0.0002160927 0.005658633 2.1254434e-06 2.5431396e-07 0.00023611478 0.00019045468 2.8739909e-05 1.4858773e-06 6.8882924e-05 1.1812394e-05 0.0016515529 0.00049141276 1.4668984e-07 0.0003449751
0.047853004 0.24332885 0.24346682 0.8648177 0.023188574 0.005105749 0.009758372 0.014009179 0.7018161 0.54378587 0.0041738013 0.02480145 0.02947263 0.0047467435 1.9072986e-21 0.98105556 0.23920031 0.1779133 0.031267233 0.27999032 0.0007869296 0.03829181 2.959455e-05 0.00015215464 8.136806e-05 0.0029347753 0.04980142 0.0013387004 3.06343e-06 0.0008259848 0.00051770476 5.7118148e-05 4.480622e-05 2.562987e-06 0.0025008307 0.031947255 0.00054015266 0.0009374021 0.00047479002 0.6122127 0.00084025733 0.0026267886 0.000104748324 5.753855e-06 0.00040374027 0.0002385249 0.006624009 0.00034504867 0.00044174714 0.017560113 0.025085868 0.0001414358 0.00015559928 2.0398158e-05 0.012559237 0.0016183361 0.35526446 9.989009e-05 0.30736694 0.12260245 1.1437949e-06 0.0002419055 0.003828843 6.8320766e-08 6.982536e-05 0.000101051264 0.0001938297 5.7548517e-05 0.00044378746 0.00040662038 9.264412e-05 0.00030763354 0.0015806046 7.0540746e-06 0.01162899 2.8081726e-05 0.00012647103 0.0010956576 0.0033452895 3.5585551e-06 8.4998814e-05 0.0001966404 0.00074087665 0.017105298 0.00029610685 3.9267066e-05 6.152319e-05 0.0017388666 0.0019367422 6.595154e-06 2.1816159e-05 2.5773248e-05 0.0007811006 0.0018567147 0.0002474464 7.210412e-07 5.815659e-06 0.0020474656 5.5463297e-06 7.2861417e-06 2.8421093e-07
0.058991484 0.11594554 0.11266239 0.7785993 0.010439201 0.0012244658 0.0027135157 0.004394288 0.7755302 0.43435496 0.0007820569 0.009951927 0.017389819 0.0012623968 0.98105556 1.9188517e-20 0.28894553 0.2029373 0.016212787 0.3641018 8.952083e-05 0.03327142 3.3501756e-06 2.9440062e-05 1.9439924e-05 0.0016453251 0.06641152 0.00027475317 2.8602943e-07 0.00067349523 9.640586e-05 6.5650805e-05 1.0976928e-05 1.7581122e-07 0.0012907934 0.014721514 0.00033420257 0.00080391305 0.00020929065 0.590651 0.0065990994 0.00084435253 4.1230844e-05 2.2099155e-06 0.00035728593 0.00040325098 0.01751109 0.00019822954 0.0006742289 0.031095054 0.06253893 0.0007473877 0.00015018693 1.8026376e-05 0.022514364 0.00031183832 0.34143466 4.1907744e-05 0.43687698 0.034501016 3.1253126e-07 0.00011584459 0.0076230452 4.5842594e-08 3.9979725e-05 2.099817e-05 0.0010488067 0.0001014251 0.0008542142 0.00020296582 2.9587156e-05 0.003401185 0.0065550366 9.12792e-06 0.008656206 4.3871714e-05 9.205764e-05 0.00038649386 0.031053543 3.4423317e-07 8.544056e-06 0.003501827 0.00038124388 0.0156045025 0.0081590265 0.0007027666 8.55218e-05 0.0007222625 0.0011299994 9.552104e-06 0.0001835668 2.6773637e-06 0.0005879335 0.0019800037 0.0032275068 2.410595e-07 5.9798826e-05 0.0010175956 3.9206145e-05 4.7434325e-05 9.494323e-08
0.9814399 0.38609758 0.07856356 0.53430855 0.18356763 0.1710395 0.0646778 0.026358647 0.5618865 0.09719879 0.026719678 0.0048560505 0.0027145576 0.004470777 0.23920031 0.28894553 2.4341932e-20 0.8444902 0.00082581746 0.7463533 0.0026284463 0.6850118 0.0007418059 0.0019469917 0.0024975452 0.33768046 0.8792851 0.00036449963 0.0004459331 0.13507836 0.0010519772 0.056621443 0.00041098095 0.00010760289 0.00013141969 0.0005221704 0.06958968 0.42111832 6.1918145e-05 0.109857745 0.43319133 0.00014024577 0.00029195045 0.0001553441 0.52681977 0.6040785 0.27763668 0.06363239 0.15637605 0.08951627 0.1621924 0.27336395 0.17153625 0.000924117 0.014420222 6.8651257e-06 0.0025879946 0.17904946 0.012253021 0.00043128204 4.533594e-05 4.3807202e-05 0.039277893 1.0408115e-06 0.05895693 6.9620546e-07 0.02758194 0.12577006 0.032279592 0.06014299 1.6890455e-05 0.007926849 0.0024364498 3.405042e-05 0.0002705864 0.00017650331 0.00019562081 0.1846771 0.00027919837 0.00021005933 0.0020007668 0.00091285695 0.14562838 0.00094073353 0.00085227104 0.0014141651 0.00026297112 0.7185756 0.24804333 1.000504e-05 0.0001255614 7.013609e-05 0.41738343 9.960831e-05 0.0004319849 8.625179e-06 3.836114e-05 0.23568763 9.5875e-05 0.00067869993 1.3426531e-05
0.58379483 0.41379726 0.0520917 0.29135665 0.042024814 0.069163464 0.021044543 0.019653773 0.6671574 0.033223767 0.015449259 0.0064087147 0.0026597732 0.002710827 0.1779133 0.2029373 0.8444902 1.0599569e-21 0.0003917819 0.93503606 0.0020225295 0.18656273 0.0003002448 0.0017406096 0.0010277332 0.12502863 0.94095683 0.00021593325 3.101858e-05 0.06068627 0.0011280704 0.018083025 0.000365258 7.39273e-05 0.00018520336 2.6854252e-05 0.024256963 0.059249897 3.379072e-05 0.0458168 0.483597 7.4746936e-06 0.0001336315 0.00021726517 0.1713069 0.17151853 0.54971504 0.028045893 0.03878647 0.14886713 0.36295363 0.16464302 0.0725753 0.000513673 0.027391585 3.6402873e-06 0.0019882547 0.0813858 0.026711475 0.00054888334 9.056371e-05 0.00013867016 0.12324839 3.827039e-06 0.017277543 2.5002178e-06 0.046335395 0.06883494 0.052236944 0.016462035 2.4082787e-05 0.037953403 0.0073569007 5.2600237e-05 0.00041588792 0.00018543238 0.00030402342 0.030450867 0.00087514834 5.2759347e-05 0.00082363526 0.002436322 0.022932945 0.001059776 0.0013035107 0.002659555 0.00022519339 0.18269536 0.027834453 3.5095698e-05 0.0006188562 4.3682383e-05 0.033151597 0.0001761858 0.000750271 3.1364573e-06 0.00026000434 0.01991253 2.8089735e-05 0.00036764404 4.161974e-07
0.015447094 0.13201703 0.38202953 0.13411511 0.011604491 0.0020056535 0.009733445 0.3374526 0.019387053 0.83697873 0.025272762 0.6124553 0.9526738 0.11466049 0.031267233 0.016212787 0.00082581746 0.0003917819 1.7148401e-19 0.002033134 0.014170462 0.0004312331 0.0011061212 0.00543745 0.0019514186 7.0844603e-06 6.0445353e-05 0.37151498 8.694108e-05 1.11535655e-05 0.15444818 2.1453582e-06 0.00061402004 1.3223919e-05 0.7686083 0.4981154 4.3679338e-05 3.915481e-05 0.30804175 0.013083251 2.211155e-06 0.2756969 0.04170811 1.3549515e-05 6.167225e-06 4.1985686e-06 3.2785465e-05 0.00017848478 1.2559182e-06 0.00011674437 9.930921e-06 2.1167273e-06 4.2609545e-06 0.0028133057 3.5801244e-05 0.62336236 0.0058839857 8.0220923e-07 0.00049915357 0.02780121 7.234606e-06 0.4012638 0.0002896721 2.8152866e-05 1.6302178e-05 0.18675727 2.1703984e-06 4.098533e-06 2.4682442e-06 0.00023063572 0.0028653522 3.7416457e-06 6.1936953e-06 0.00016518829 0.002704293 0.07000319 0.01586126 9.7641576e-05 3.4708412e-06 1.7901213e-05 0.0002451808 1.14991145e-07 0.00011997424 0.00014652789 9.143511e-07 1.2750155e-05 0.0017794349 0.00031977543 0.0016729623 0.0011011409 3.4909996e-07 1.1454218e-05 0.00031949193 1.780442e-05 8.08842e-07 3.4357054e-06 0.0014497986 0.002135396 0.00046314174 1.9562705e-07 2.2373484e-05
0.84087604 0.2581674 0.03921877 0.49017727 0.008925653 0.0023582438 0.000517182 0.007521302 0.8796278 0.11137078 0.0020648302 0.005042929 0.005417034 0.0010748993 0.27999032 0.3641018 0.7463533 0.93503606 0.002033134 5.963794e-20 5.566124e-05 0.10404655 1.5729061e-05 8.049651e-05 7.8960205e-05 0.012143368 0.75069255 0.00035314314 1.637061e-06 0.004323097 0.0003796174 0.00054949534 3.0043917e-05 7.863151e-07 0.0003458274 0.00021683937 0.002166521 0.01618414 0.00019510918 0.13798265 0.32961306 1.421908e-05 0.0001523402 1.7941136e-05 0.04363886 0.06275401 0.56712383 0.0015124443 0.007131389 0.35176748 0.70230937 0.147376 0.014689867 0.00030068067 0.084338866 9.553743e-06 0.0051025217 0.023738442 0.05392737 0.0007334476 6.3599173e-06 3.1967615e-05 0.1502237 3.9313863e-07 0.002279366 1.6332451e-06 0.057136122 0.023399644 0.055643708 0.0038579106 2.4084671e-05 0.054022957 0.01954687 1.3500262e-06 0.00034381784 0.0007950724 0.00037767037 0.008455955 0.0012194634 2.1296332e-06 0.00019404555 0.009134047 0.005886424 0.0016344405 0.0026028133 0.0016426222 0.00041690812 0.17842247 0.015450276 9.86746e-06 0.00059665163 9.332728e-07 0.025786052 0.000110151675 0.00064805365 4.1871804e-08 5.0095186e-05 0.012620086 3.406185e-05 0.0011082652 2.3981885e-08
0.40690434 0.06758201 0.013633995 0.007436136 0.053351067 0.0449928 0.18903266 0.2766852 0.0015627198 0.008027573 0.89092034 0.05922942 0.008727684 0.295341 0.0007869296 8.952083e-05 0.0026284463 0.0020225295 0.014170462 5.566124e-05 1.642753e-20 0.021946292 0.41322252 0.9817334 0.41286469 0.0013648351 0.0009918167 0.06957386 0.19689499 0.0019730001 0.38209903 0.0003597995 0.39322114 0.03263049 0.018876236 0.0009004738 0.007540578 0.0005602191 0.0101233 2.5482115e-05 2.5540701e-05 3.417554e-05 0.0345596 0.21300718 7.973447e-05 3.3499316e-05 7.217241e-06 0.012285544 0.00022410462 1.8970628e-05 2.5466956e-05 9.113959e-06 2.490949e-05 0.041854136 7.0214555e-06 0.0017070367 7.3358815e-06 4.874542e-06 6.5029606e-05 1.8435723e-05 0.01121757 0.01204438 2.7028942e-05 0.0873015 0.0021892474 2.8151011e-05 2.0729638e-07 4.3592696e-05 1.09806344e-07 0.016069775 0.0050779073 1.4178606e-05 8.548669e-06 0.0055511114 5.947402e-05 0.0041450956 0.00023167602 0.0030512516 2.738017e-05 0.007724409 0.036834277 1.2040257e-06 0.0037128788 5.2065378e-05 6.7178344e-06 5.529124e-08 0.0006257667 0.0010409203 0.053743027 1.5649566e-05 1.5332526e-07 0.0008858879 0.0033812693 2.5684547e-05 5.37241e-07 0.00027222847 4.3565688e-05 0.023387335 0.00014708567 5.4139857e-08 0.0008235751
0.73872244 0.20698224 0.020528473 0.12099958 0.18590084 0.26119548 0.1612433 0.026649537 0.1262064 0.011128257 0.085387886 0.0026082452 0.0014628522 0.00707705 0.03829181 0.03327142 0.6850118 0.18656273 0.0004312331 0.10404655 0.021946292 2.7334775e-20 0.018560145 0.011036572 0.018089036 0.97539794 0.2836316 0.00027176877 0.09994875 0.8419077 0.0017500379 0.55530137 0.012199938 0.01099774 0.00045472555 3.1005595e-05 0.09587732 0.4382058 6.884287e-05 0.00338259 0.075825974 4.253622e-06 0.0001789117 0.002652039 0.28083578 0.44106096 0.018336305 0.13552734 0.16454239 0.0036036542 0.008013545 0.024580508 0.10046044 0.000783436 0.00020782837 3.099334e-06 0.00014108607 0.053787153 0.00040646995 2.6485433e-05 0.004726459 3.2770462e-05 0.004718683 0.00012172267 0.12545049 1.1670445e-07 0.0047622574 0.06626303 0.0048181796 0.13562986 6.0365996e-06 0.00035629224 1.9071249e-05 0.0003469524 2.3837743e-05 1.9924722e-05 1.660019e-06 0.13499084 1.0800172e-05 0.006480157 0.01671508 2.3768541e-06 0.16334316 1.3229847e-05 2.4711342e-06 0.00018496663 2.0748686e-05 0.33004847 0.21526371 1.6633754e-06 1.6126263e-06 0.0068761543 0.24967599 1.5218801e-06 2.8653083e-06 0.00088507595 3.5284625e-06 0.23484124 1.1805862e-05 8.1340045e-07 7.383627e-05
0.4142729 0.006235812 0.0014167671 0.0006332064 0.08128304 0.1426746 0.6190854 0.012269151 0.00019683965 0.0006123829 0.16792971 0.0013673065 0.00044685157 0.013066162 2.959455e-05 3.3501756e-06 0.0007418059 0.0003002448 0.0011061212 1.5729061e-05 0.41322252 0.018560145 9.242007e-22 0.7048741 0.9666586 0.0034294382 0.00016904356 0.0010616152 0.83697295 0.008645534 0.021961587 0.0063339635 0.8254167 0.5875274 0.000632272 9.0337635e-05 0.029900743 0.0017077165 0.00031207546 8.938003e-06 2.5616089e-06 5.399191e-05 0.0017833873 0.32190233 0.00010317048 0.00014872896 1.3438065e-06 0.06376958 0.003317231 2.4944234e-06 1.9914378e-06 2.6557036e-05 0.00021433888 0.0028628258 7.6760074e-07 4.7574453e-05 8.9277927e-07 6.1083425e-05 1.8346449e-05 3.2165386e-05 0.026190255 0.00015786839 8.468903e-06 0.0053256988 0.006838446 8.021929e-06 5.850304e-06 0.0009138616 3.1397997e-06 0.09850857 0.00030697678 8.509098e-06 7.1834245e-07 0.0009375058 5.6300763e-05 5.7545993e-05 0.0001106768 0.0072683 6.9189795e-05 0.011306224 0.09639158 1.7768451e-06 0.01357752 0.0001002427 1.913974e-05 9.0595074e-07 0.00042437398 0.0024773967 0.12868401 8.447781e-05 1.0757169e-06 0.0011531787 0.004230014 4.4911376e-05 7.800067e-06 0.0003634203 0.00048488536 0.036804445 0.0006316675 5.842356e-07 0.00036148407
0.18611167 0.10354471 0.018102463 0.006937924 0.044448804 0.037982795 0.1529887 0.1614127 0.0009991891 0.003409681 0.71933144 0.016264584 0.0040059723 0.15272516 0.00015215464 2.9440062e-05 0.0019469917 0.0017406096 0.00543745 8.049651e-05 0.9817334 0.011036572 0.7048741 9.152331e-22 0.78394276 0.0013065875 7.3807896e-05 0.021340625 0.38049236 0.0023604364 0.25136262 0.0015700251 0.6155033 0.12846437 0.0026912552 0.0002396241 0.020114582 0.00095483154 0.0008644033 1.265442e-05 3.061675e-06 3.8438648e-06 0.022359597 0.41311404 0.00027684632 3.4544406e-05 4.4326525e-06 0.023848657 0.0012879614 9.65152e-06 9.636064e-05 4.062087e-06 0.000109397086 0.04046837 2.1809408e-06 0.00023458742 2.4208873e-06 1.7066385e-06 6.929519e-05 1.2643793e-05 0.047710113 0.0011627743 4.0022525e-05 0.33975428 0.0042334 6.5390204e-06 4.5084635e-06 2.7795037e-05 2.4160448e-07 0.018441502 0.00082663336 6.4185774e-06 3.0921967e-07 0.016395869 2.432752e-05 0.00041047155 3.9372586e-05 0.005170076 2.6344891e-05 0.015791027 0.05779995 1.5081622e-07 0.0043285876 2.3264987e-05 2.311942e-06 9.1405155e-08 3.9634222e-05 0.0006491572 0.032132972 5.62806e-06 1.6925718e-07 0.0038551355 0.0017682335 1.1373722e-05 3.8512343e-07 0.0017933482 2.8550376e-05 0.012963961 5.632885e-05 2.327474e-08 0.0018875616
0.16640009 0.01579327 0.0025712498 0.0021550513 0.07867717 0.09946269 0.4037098 0.02230634 0.00051420956 0.001714791 0.2292572 0.0027557889 0.001317634 0.02127212 8.136806e-05 1.9439924e-05 0.0024975452 0.0010277332 0.0019514186 7.8960205e-05 0.41286469 0.018089036 0.9666586 0.78394276 4.496074e-22 0.0045336653 0.00015110872 0.0025058517 0.6773687 0.0076678833 0.038572427 0.0043526925 0.84241813 0.49600196 0.0009339519 6.4367494e-05 0.03384397 0.0017169038 0.00042800495 1.9294241e-06 9.13176e-06 8.461048e-06 0.0023162279 0.42456242 0.00022427716 0.00013034587 3.2504201e-06 0.053194705 0.0029682682 1.3664083e-05 2.3807548e-05 2.0568064e-05 0.00017749128 0.005381615 9.934325e-07 6.909406e-05 3.4853477e-07 4.651708e-05 5.3512326e-06 1.551443e-05 0.038989607 0.00022235553 1.310379e-05 0.04058172 0.0058165663 5.5937976e-06 4.993123e-06 0.0005604385 2.2747881e-06 0.055759933 0.00030007737 5.992902e-06 2.005707e-07 0.0018610058 5.025525e-05 3.233895e-05 7.954043e-05 0.007455937 5.4117074e-05 0.0135379555 0.07535555 2.3681349e-07 0.0076853186 3.8436796e-05 6.518194e-06 9.653797e-07 6.406613e-05 0.001590004 0.06661178 2.5059697e-05 3.2057739e-07 0.0037592968 0.003101701 2.916937e-05 1.8320685e-06 0.0018006874 0.00029943246 0.019519351 0.00021080468 2.279234e-07 0.0011737081
0.1744989 0.030325664 0.0022144462 0.011954754 0.03886212 0.053374413 0.017741455 0.0014546472 0.016965631 8.438356e-06 0.0034700236 2.534385e-05 2.6068077e-05 0.00033367457 0.0029347753 0.0016453251 0.33768046 0.12502863 7.0844603e-06 0.012143368 0.0013648351 0.97539794 0.0034294382 0.0013065875 0.0045336653 1.2142358e-22 0.2062935 2.5783852e-06 0.0038841104 0.8288916 0.00021467233 0.55643654 0.0028490946 0.0019569201 1.639553e-06 1.25931665e-05 0.04430289 0.6042967 3.9841936e-07 2.5697116e-05 0.1512535 2.801154e-07 1.3273701e-05 0.0008332181 0.29984167 0.31501994 0.0071878694 0.050393544 0.21427213 0.0006689172 0.002512966 0.027659006 0.15729165 0.0006363488 2.429914e-05 7.392744e-07 7.2884413e-06 0.08899703 4.1981064e-05 5.93275e-06 0.0012339768 3.893094e-06 0.0027374546 0.00029279583 0.082323305 7.0547735e-08 0.0043752077 0.14418235 0.0020823341 0.039187994 2.0428984e-06 0.00012287979 1.9112645e-06 0.00016432177 1.7024098e-05 4.6650653e-06 1.7351218e-06 0.062902145 9.664779e-05 0.00084286 0.00326249 9.911878e-07 0.05809732 2.4932282e-05 9.922552e-06 0.00042587958 2.0367774e-05 0.17030022 0.050671622 4.25535e-06 4.192815e-06 0.00045600053 0.049407236 7.6983014e-07 1.5243762e-05 0.00011622869 1.927336e-05 0.03411299 4.7917503e-05 4.37013e-07 4.856358e-06
0.1931425 0.19007386 0.01480595 0.0807256 0.03274477 0.025071084 0.0048887623 0.0019795639 0.27358198 0.0005300202 0.0039311694 0.0002390676 0.00031714956 0.00069510104 0.04980142 0.06641152 0.8792851 0.94095683 6.0445353e-05 0.75069255 0.0009918167 0.2836316 0.00016904356 7.3807896e-05 0.00015110872 0.2062935 2.565611e-21 6.300007e-05 3.9645605e-05 0.12640107 0.0005911503 0.038006943 0.00014930879 4.2934833e-05 1.7603556e-05 4.295602e-06 0.022691848 0.1658065 6.4974156e-06 0.0021246492 0.82035583 4.9857925e-07 0.000115826144 5.5979315e-05 0.32201126 0.23774765 0.7525642 0.014143974 0.08210553 0.17729798 0.23321377 0.44878876 0.14975692 0.001808425 0.01043223 4.9266378e-06 5.257095e-05 0.16440292 0.001895805 2.8891684e-05 4.6420835e-05 0.000100001984 0.1514586 7.759442e-05 0.012916086 1.2708705e-06 0.11545665 0.13017376 0.051405534 0.009198175 3.8621474e-05 0.014079515 0.0019320425 7.815529e-05 3.4976347e-05 0.00010785974 1.7387969e-05 0.016623748 0.00063091674 3.0589214e-05 0.0001758596 0.0012324475 0.012535359 5.6812187e-05 0.0006419634 0.0039439555 3.0486352e-05 0.13962105 0.011943462 2.3630198e-06 0.0006429069 2.5435813e-05 0.020879768 1.097136e-05 0.00019004318 5.0789995e-06 1.8819892e-05 0.007389143 7.852886e-05 8.2968865e-05 4.9349865e-07
0.07112744 0.13911355 0.14350042 0.020369133 0.0058352402 0.00097262074 0.00970078 0.705715 0.0024422735 0.20614685 0.17389502 0.93129855 0.35003215 0.6402968 0.0013387004 0.00027475317 0.00036449963 0.00021593325 0.37151498 0.00035314314 0.06957386 0.00027176877 0.0010616152 0.021340625 0.0025058517 2.5783852e-06 6.300007e-05 4.7905213e-22 0.00017762488 4.32815e-06 0.83786565 3.3564597e-06 0.0014314742 1.3038309e-05 0.6837925 0.020225294 0.00017006305 5.226459e-06 0.88582593 4.502429e-05 1.625382e-05 0.0014166759 0.82409024 0.00040177043 9.80035e-06 1.3775079e-06 2.0859772e-05 0.00037834776 3.6476652e-06 0.0001002604 7.988764e-06 1.1012253e-05 1.970282e-06 0.24648319 3.678722e-06 0.06196908 2.9162638e-07 2.6063128e-07 0.00011576451 6.1619074e-05 0.00013723038 0.37545583 0.0001280164 0.006718857 1.2798459e-05 0.0044129454 9.572038e-06 3.7739885e-06 2.5526222e-06 0.00059187686 0.27699926 9.2566046e-07 1.6108879e-06 0.0051947217 2.4487383e-05 0.2891194 0.00042329173 8.794863e-05 2.94106e-05 8.193971e-05 0.0009768424 3.2344997e-07 4.2000727e-05 1.589824e-05 2.580838e-06 4.60968e-07 0.019293519 5.2328356e-05 0.00039374406 3.5159985e-05 8.696774e-08 1.452862e-05 4.5734057e-05 2.9137564e-05 1.7099555e-06 6.6121515e-06 0.00019474055 0.0002720966 0.0073026503 5.3372524e-08 0.00019677207
0.86312276 0.00041921475 2.5013662e-05 4.0062012e-05 0.12581566 0.18446095 0.464871 0.0008347583 8.187913e-06 4.0550953e-05 0.049185343 0.00045239646 1.119975e-05 0.0027010157 3.06343e-06 2.8602943e-07 0.0004459331 3.101858e-05 8.694108e-05 1.637061e-06 0.19689499 0.09994875 0.83697295 0.38049236 0.6773687 0.0038841104 3.9645605e-05 0.00017762488 4.1112187e-22 0.020813534 0.009326146 0.038559765 0.8953386 0.97988397 0.00011756467 3.8481216e-05 0.13138105 0.010283058 0.00016163617 3.7487516e-07 2.8806217e-06 5.0795054e-05 0.00043285813 0.49333364 4.4904176e-05 0.00011070267 8.269996e-07 0.26197088 0.004270515 2.2250827e-06 1.3168012e-06 2.16618e-06 8.4963154e-05 0.0026280377 1.2773005e-06 9.500728e-06 6.4648077e-07 8.272051e-06 1.066551e-06 1.319563e-06 0.11478602 3.591098e-05 5.289308e-06 0.002430425 0.0340453 8.401495e-07 2.113663e-06 0.00034599978 6.426481e-07 0.29950094 3.892973e-05 2.3619202e-06 1.6370079e-06 0.00019209071 1.6544109e-05 4.32522e-06 3.201092e-06 0.016887767 2.6403557e-06 0.014355074 0.18728982 3.2617635e-08 0.050598647 4.667259e-06 8.07955e-08 4.6455906e-07 2.7559754e-05 0.0019235279 0.3787659 2.3191996e-07 9.057438e-08 0.00079747743 0.010719623 2.0358327e-06 5.8808066e-08 3.8577447e-05 6.06771e-06 0.29836553 2.5895497e-05 4.7870294e-08 0.00015902783
0.10312257 0.015767548 0.0009299151 0.004120922 0.03676599 0.040263966 0.03391962 0.0015917835 0.0058931955 3.254609e-05 0.004027249 2.5325344e-05 2.607019e-05 0.00026639592 0.0008259848 0.00067349523 0.13507836 0.06068627 1.11535655e-05 0.004323097 0.0019730001 0.8419077 0.008645534 0.0023604364 0.0076678833 0.8288916 0.12640107 4.32815e-06 0.020813534 4.4603053e-21 0.000104048515 0.97637475 0.0040650116 0.008516792 3.744419e-06 9.686136e-06 0.13422842 0.65361536 7.079817e-07 1.2719355e-05 0.04079593 4.3196655e-07 1.558594e-05 0.0018182665 0.12477386 0.19045898 0.004040459 0.054851353 0.24809152 0.00011104303 0.0009558182 0.011350789 0.092828035 0.00055948365 2.6472846e-06 5.260957e-07 2.8111215e-06 0.047744352 2.9030443e-05 1.4849191e-05 0.003416329 2.1656285e-06 0.002912109 0.0001737266 0.08400248 1.6839806e-07 0.0027867085 0.115454964 0.0015051212 0.051580627 1.7034425e-05 5.6028508e-05 7.5475737e-07 0.00037917815 5.598866e-05 7.3003166e-06 4.440493e-06 0.061130594 5.423213e-05 0.00425018 0.0072027296 1.0576114e-06 0.06799822 3.4694265e-05 1.0759771e-05 0.00017326498 6.300151e-05 0.103974074 0.06540547 6.551799e-06 1.944822e-06 0.003950918 0.04206246 1.5046962e-06 3.2717448e-06 0.0016907612 1.4279511e-05 0.037076924 9.2844806e-05 2.3570587e-07 0.000111850044
0.5975765 0.12098091 0.057017047 0.008849612 0.016338566 0.007778595 0.020545693 0.6966491 0.0008452955 0.06340982 0.71348876 0.55741 0.07480685 0.94031566 0.00051770476 9.640586e-05 0.0010519772 0.0011280704 0.15444818 0.0003796174 0.38209903 0.0017500379 0.021961587 0.25136262 0.038572427 0.00021467233 0.0005911503 0.83786565 0.009326146 0.000104048515 6.6256856e-21 8.193787e-06 0.042285535 0.0007787655 0.39715442 0.0041688723 0.0013363897 1.06911475e-05 0.50803715 9.9854275e-05 5.4016113e-05 0.0008132578 0.8634774 0.015186413 2.2764187e-05 2.990563e-06 3.0199324e-05 0.0027784859 2.5838637e-05 2.9132507e-05 1.4698815e-05 1.804676e-05 1.8011054e-06 0.8401351 1.2192604e-05 0.037434984 1.0824854e-06 7.022081e-07 0.00011610616 8.25376e-06 0.0032060875 0.22004512 1.8254665e-05 0.4395471 0.00030890832 0.0006845392 2.0040894e-05 5.7893026e-06 8.9398907e-07 0.00401085 0.3402265 1.7709023e-06 6.5466643e-06 0.17614836 5.5769426e-05 0.21993 0.00019173585 0.0004546284 2.9908654e-06 0.006777624 0.007693535 8.4142755e-07 0.00015042545 2.6633557e-05 2.2513457e-06 7.196569e-07 0.012845619 0.0002075602 0.0029230188 1.2775217e-05 1.550548e-07 0.002160108 3.907837e-05 2.9830133e-05 4.870218e-07 0.0006571272 5.0884704e-05 0.0009906804 0.005473646 2.5096548e-07 0.0040137563
