5.787619e-32 0.3780602 0.9730241 0.88026994 0.27470505 0.6448114 0.6693901 0.51691234 0.6327162 0.48481363 0.7800525 0.26103166 0.4915536 0.08685615 0.49405974 0.34901226 0.51667714 0.3727104 0.96446794 0.8307388 0.40796024 0.03564359 0.42704892 0.4611825 0.93643785 0.3486523 0.017347192 0.64341253 0.21201944 0.4947316 0.023839809 0.12805933 0.0022264784 0.0007158454 0.3594348 0.926062 0.6587131 0.66808724 0.81668437 0.9637265 0.34631574 0.9530636 0.019029228 0.19912635 0.0001408265 0.49890316 0.9859555 0.015106751 0.041493278 0.0012776711 0.00012018128 0.0013643965 0.9886975 0.05935191 0.9238104 0.83409977 0.069506295 0.0017627144 0.0035623705 0.08848924 0.209961 0.7792864 0.6432527 0.00038532258 0.5987382 0.9443966 0.0002142414 0.0031447688 0.26172507 0.04723552 0.6654416 0.00068576925 0.9981138 0.00087369233 0.025051275 0.003624759 0.997544 3.5558904e-05 0.9990576 0.0032754338 4.8348164e-07 0.95156825 4.928396e-06 0.9849912 0.6138828 1.7231949e-07 0.99102175 0.99993736 3.163109e-07 0.35886434 8.086565e-06 0.9988701 5.663159e-06 0.99995184 8.8081045e-08 3.802995e-07 8.259162e-06 0.99953794 3.8097598e-06 2.3580783e-06 1.3595113e-07
0.3780602 5.5034754e-22 0.53763723 0.07831683 0.94888014 0.6826986 0.8485698 0.032479763 0.8427092 0.37650725 0.36783913 0.49813673 0.004851236 0.05281653 0.00053104555 0.08462476 0.035497025 0.0001489386 0.052081753 0.17444083 0.11329463 0.04469117 0.1040018 0.00014993062 0.112419955 0.054286245 0.023685295 0.012964714 0.019757245 0.006864753 0.047740165 0.0012001154 0.007919524 0.0036855857 0.0059027825 0.0001041914 5.1225143e-05 0.0075427005 0.0015871299 0.11920076 2.459652e-05 0.04228763 0.00025856303 8.342202e-06 0.005108715 0.00058088 0.028262572 0.0068337754 1.7942822e-06 0.012097998 0.0015590087 0.008998258 0.03692411 5.694193e-05 0.00012064969 0.00023572397 7.939131e-06 0.0014139465 0.002487398 1.3969313e-06 0.00012975748 0.0002045743 0.00036525523 0.0007564426 5.4707278e-05 0.00037998793 0.00034820804 0.00040198106 0.00023274143 3.3035592e-06 0.0004288041 0.0003843502 0.00779161 1.8413495e-05 9.175875e-05 0.00015214217 0.00032813134 1.566949e-05 0.0036028987 2.7563116e-05 0.00037161607 0.0004175292 2.179794e-05 0.00085859915 0.00025451064 6.3250685e-05 0.00022539751 0.0009041845 1.8826013e-05 9.0771595e-05 1.2015532e-05 0.007154079 7.941756e-05 0.003744786 1.811727e-05 1.9385605e-05 9.230701e-06 0.0028688165 5.0534818e-05 3.2426717e-05 1.0225418e-05
0.9730241 0.53763723 6.2236417e-20 0.78011554 0.09607741 0.4495673 0.21470666 0.7512905 0.2922929 0.30205235 0.7921937 0.046464086 0.4776289 0.15703993 0.15868323 0.402903 0.44112524 0.04386617 0.88972384 0.01407289 0.10826388 0.06781317 0.0040663844 0.014180094 0.030501962 0.030207679 0.04384466 0.0050355233 0.0033546214 0.2373114 0.10374582 0.038483124 0.015412294 0.003266936 0.0039283265 0.0146330865 0.0048632636 0.3286282 0.12566124 0.42256978 0.002047159 0.01153314 0.0031343466 0.0017060236 0.0049506463 0.02953787 0.40264267 0.005419054 0.00031916183 0.0062782266 0.0012283674 0.0021748804 0.1222607 0.0013508028 0.0053879856 0.013796854 0.0006261499 0.00022146352 0.0005043051 0.00018687516 0.00058858877 0.003998722 0.009340859 0.0006485625 0.00076763233 0.00049275684 0.0010973919 7.4803946e-05 0.00010092607 0.00026917676 0.00022968839 0.0004825797 0.37259665 0.00018158603 6.6332505e-05 1.4397464e-05 0.015067047 4.8282986e-06 0.2783024 8.850325e-06 0.00020790212 9.427543e-05 5.837027e-05 0.00023372365 0.00014071052 1.43758825e-05 0.007921386 0.05417195 5.670617e-06 1.1775199e-05 1.4340445e-05 0.03751536 4.476479e-05 0.100646324 1.0371222e-05 6.4274527e-06 3.399188e-07 0.0057938346 2.2884396e-06 4.5651896e-06 2.8264333e-06
0.88026994 0.07831683 0.78011554 2.117125e-19 0.00943527 0.05768081 0.02958246 0.56050557 0.04286033 0.10488026 0.15080686 0.01727849 0.47837412 0.12770686 0.54801923 0.50446314 0.963349 0.37806937 0.18015356 0.0015949638 0.032977838 0.058496214 0.0014544253 0.11443946 0.0041126404 0.0043686638 0.037328802 0.00033600468 0.0007553072 0.5129315 0.03312096 0.10816185 0.034649275 0.007803918 7.853424e-05 0.07652489 0.030509718 0.23544946 0.21090128 0.066302896 0.011011477 0.001723547 0.037559565 0.00357935 0.005509113 0.03348416 0.090364546 0.000104783896 0.002419452 0.0015266533 0.0036509316 0.0038022033 0.006796679 0.00957082 0.042336717 0.042667393 0.0013167153 4.9472575e-05 0.00015942112 0.00019685333 0.0004463252 0.013989933 0.0080457805 0.00011354968 0.00017427305 4.518368e-06 0.009250419 4.2179912e-05 3.0831598e-05 0.00066882727 1.980046e-05 0.0027875497 0.03562047 0.0006367459 1.1885721e-05 5.005624e-06 0.018801473 7.830229e-06 0.24115673 5.6646118e-06 0.0006106316 1.0284773e-05 3.5784968e-05 4.699168e-05 8.851886e-06 2.1646012e-05 0.0054296902 0.04817061 8.471925e-06 1.0751708e-05 4.067978e-05 0.0027839062 2.5265033e-05 0.023102434 6.8675813e-06 6.120171e-06 1.1960574e-05 0.0011673563 1.4079299e-05 1.1380439e-05 2.2618044e-06
0.27470505 0.94888014 0.09607741 0.00943527 1.3455813e-21 0.2518445 0.7969664 0.0027546443 0.6142598 0.3962575 0.083638266 0.9568016 0.0005136118 0.037746027 5.0472107e-05 0.027063353 0.010505542 9.421912e-06 0.017261641 0.46908668 0.27182552 0.0424504 0.4304567 3.7324971e-06 0.2603107 0.14669178 0.014080523 0.039879434 0.058646563 0.0010250428 0.04765105 5.583738e-05 0.00332429 0.0019104381 0.02186914 7.881842e-06 6.9686513e-07 0.0021394137 0.00021779562 0.029561289 1.7480503e-06 0.034510314 7.917378e-06 5.1871046e-07 0.004115766 0.0001293606 0.011487931 0.019898336 6.68153e-08 0.020966971 0.0011661074 0.0117870085 0.021115614 7.159723e-06 1.3333598e-05 3.549704e-05 3.9801643e-07 0.0034797534 0.0038658746 5.9975044e-08 5.2747015e-07 2.025503e-06 1.3733164e-05 0.00094249944 4.0260366e-07 0.0037426793 0.000126669 0.00079681526 0.0013906097 1.0141238e-07 0.0030513678 0.00020300783 0.002272453 3.700284e-06 0.00044268274 0.00030024254 6.761726e-05 2.5942636e-05 0.0007274481 6.453911e-05 0.00025512133 0.0019142125 3.1765157e-05 0.002939152 0.0014563919 4.330216e-05 1.4437646e-06 0.0002082613 1.3520948e-05 0.0003855389 1.2577131e-05 0.0076483395 3.15008e-05 0.0020698763 1.16061265e-05 7.009908e-06 6.2926183e-06 0.0047658216 3.7037982e-05 2.1335822e-05 4.306813e-06
0.6448114 0.6826986 0.4495673 0.05768081 0.2518445 6.2021447e-20 0.585464 0.028005574 0.83643496 0.09494492 0.9546742 0.052426316 0.005511725 0.01881977 0.001022242 0.03880674 0.02660835 0.00025128416 0.3900338 0.07391142 0.07604632 0.011811392 0.021520222 0.00025242145 0.1840281 0.031676017 0.0038944029 0.005005145 0.00828131 0.0031183625 0.022982972 0.0009891576 0.0012390458 0.00023238013 0.0034156335 0.00020383894 8.5966145e-05 0.012364419 0.0024364311 0.22596247 5.8033347e-05 0.086867146 0.0002966374 1.2024335e-05 0.000982167 0.0012104056 0.0555717 0.0021971094 3.7489805e-05 0.0012323239 0.00054380205 0.00046738607 0.056118418 6.457247e-05 0.00019942164 0.00040068754 0.00023345658 0.00069594436 0.0020387976 2.4760184e-05 0.0001229682 0.0003412042 0.00072155887 0.00038666287 2.107525e-05 0.00038525075 0.00030708834 0.0006883919 0.00026447437 1.2901778e-05 0.00035040983 0.00038647137 0.024020461 7.310987e-05 5.9354297e-05 0.00014885752 0.0011616271 9.338774e-05 0.008572415 4.072543e-05 0.00015190686 0.0007241467 5.0568324e-05 0.0010674242 0.00056903664 8.060122e-05 0.0003674614 0.003756582 2.8830307e-05 0.00022378768 1.5813532e-05 0.023043612 0.0002463945 0.018878166 3.6562415e-05 3.9236333e-05 3.1118878e-05 0.005666493 7.6681274e-05 6.9727335e-05 8.048565e-06
0.6693901 0.8485698 0.21470666 0.02958246 0.7969664 0.585464 2.8716227e-17 0.0028543407 0.93683064 0.40731797 0.27558553 0.37734216 0.0006331783 0.06524067 8.694548e-05 0.084397756 0.023416733 1.4821333e-05 0.08210505 0.28494826 0.33954984 0.04299719 0.12277108 1.0914369e-05 0.43514547 0.18605287 0.0260806 0.027824305 0.023012854 0.0043374905 0.13732246 0.00031902822 0.005603062 0.0025278847 0.02502764 1.043605e-05 1.2834081e-06 0.0009890666 0.00026101648 0.0494766 4.3175914e-06 0.046736095 3.525181e-05 2.5734045e-07 0.0046849996 0.0002115585 0.014586857 0.025205342 1.0212491e-06 0.021565774 0.0025761502 0.010530408 0.029425085 2.0689722e-05 2.4347342e-05 3.9913397e-05 4.4935564e-06 0.0056812786 0.0061232364 4.9860733e-07 7.891051e-07 9.257104e-06 5.0493916e-05 0.0017604798 2.1125012e-07 0.0014378857 0.0003845014 0.0019894477 0.0007438121 4.7141603e-07 0.0009279183 0.0005542051 0.0034419498 1.6275024e-05 0.00011917657 0.00037336824 0.00017249027 0.00025625716 0.0025028652 5.1831586e-05 0.0002872258 0.0011861495 6.965383e-05 0.0029884162 0.00095394044 0.00011018625 1.9785266e-05 0.0009559987 4.619181e-05 0.0006089054 1.6746279e-05 0.007562092 0.0005161766 0.0063388883 2.5836567e-05 2.5093177e-05 2.7780992e-05 0.0055693975 0.00014576438 0.00011278546 6.2721456e-06
0.51691234 0.032479763 0.7512905 0.56050557 0.0027546443 0.028005574 0.0028543407 3.0961597e-20 0.00979381 0.020029645 0.1080572 0.003571407 0.9932772 0.017023854 0.38665932 0.06381292 0.09804097 0.12548985 0.18037571 0.0009592454 0.007196485 0.00994564 0.00039781176 0.23055415 0.004744705 0.0008959185 0.0051224413 0.00024140609 0.00026815955 0.1795481 0.0012256189 0.0147420475 0.0016908015 5.501224e-05 4.436127e-05 0.091064595 0.061006777 0.26050323 0.16905165 0.08320502 0.017759068 0.0034000773 0.015678339 0.026166944 4.4368287e-05 0.091772825 0.13198008 9.27269e-06 0.0027160957 6.773362e-05 1.0272109e-05 4.254058e-05 0.012359231 0.0004340687 0.053111993 0.073898606 0.007989356 1.2685286e-06 1.1968083e-05 0.0016756369 0.0019354369 0.043575063 0.039041813 8.7626695e-06 0.0008462024 6.820122e-05 0.00027975833 9.418147e-06 2.9394168e-05 1.9192015e-05 0.00023181394 6.2976396e-05 0.13381466 1.8209561e-05 9.557079e-06 2.0275804e-06 0.08680182 2.2479214e-06 0.3025517 1.3326231e-06 0.00012176121 0.00028650244 1.5392976e-05 0.00056247663 5.4708013e-05 6.5801833e-06 0.02999711 0.17307775 2.7062947e-06 1.3768875e-05 1.0023466e-06 0.011063017 4.843125e-06 0.061250936 7.5769376e-06 1.8398022e-06 2.055627e-06 0.004957755 2.4499705e-06 5.512523e-06 3.3513533e-07
0.6327162 0.8427092 0.2922929 0.04286033 0.6142598 0.83643496 0.93683064 0.00979381 2.070617e-18 0.21456419 0.61859703 0.15929675 0.0019263916 0.03225697 0.00027101746 0.045496736 0.024425998 6.3914296e-05 0.12764406 0.25687948 0.16012447 0.021235993 0.09887074 5.0461087e-05 0.55372 0.102608964 0.007121131 0.023623206 0.025019819 0.0023245218 0.044563975 0.0003979301 0.0007477773 0.00024921956 0.010552646 5.5849738e-05 7.896363e-06 0.004510221 0.001599134 0.14743635 1.6061684e-05 0.11808218 0.00011430403 2.3533964e-06 0.0006165076 0.0009050036 0.031729132 0.008384239 2.3929845e-06 0.0029005911 0.00046840808 0.0006778842 0.06087984 1.1052823e-05 8.308391e-05 0.00017234245 1.14587965e-05 0.0008197907 0.0015537878 1.0303528e-06 8.697744e-06 8.840365e-05 0.00028512214 0.00031125062 2.2279214e-06 0.002379417 0.00021446565 0.0005277007 0.0006469302 1.2948205e-06 0.0015166282 0.00022461366 0.008318541 1.50460955e-05 0.00016219637 0.00027420532 0.0007407184 5.6523113e-05 0.005526101 3.1775577e-05 0.00020951213 0.0028316986 2.0471023e-05 0.0049276645 0.0016103104 7.113935e-05 1.5481086e-05 0.001498265 2.6472935e-05 0.00057039683 1.0752015e-05 0.019600982 8.378907e-05 0.013859118 1.7366989e-05 2.5370426e-05 2.8291826e-05 0.014010382 0.00010760208 6.3055195e-05 6.5566737e-06
0.48481363 0.37650725 0.30205235 0.10488026 0.3962575 0.09494492 0.40731797 0.020029645 0.21456419 5.5312304e-24 0.06772106 0.6374539 0.007934586 0.93278134 0.0013564972 0.5438628 0.07136698 0.0007055767 0.018148035 0.11348609 0.8189474 0.8609279 0.066042185 2.905745e-05 0.07151888 0.18718684 0.3710322 0.008786247 0.019266171 0.0040921536 0.21785963 0.000929908 0.07759782 0.038803626 0.005331726 8.296657e-05 2.7147282e-05 0.006049529 0.0021570746 0.014027581 1.5555934e-06 0.009173545 0.00012800809 3.5980565e-07 0.045031227 0.00018109575 0.0046862997 0.0035918308 4.6436506e-07 0.039950665 0.014645086 0.04173278 0.005881242 3.5409535e-05 8.150125e-05 0.00016631726 6.539909e-07 0.0014561726 0.00052267837 1.3236397e-07 4.746066e-05 6.610415e-05 4.6422465e-05 0.0018020766 4.812664e-06 0.0006691323 0.000106831016 6.228932e-05 0.00019985114 1.700902e-07 0.00068180246 0.00039355672 0.0018252387 1.05233685e-05 3.0694355e-05 1.204758e-05 0.00016847157 1.2781871e-05 0.0017363959 7.975237e-06 0.0005254975 0.00035146222 2.049249e-05 0.000672044 0.0003126158 0.00014303777 6.0471124e-05 0.0008466384 0.0001065758 0.00011752565 6.0302355e-06 0.0013241443 0.00031535447 0.0020187323 1.565003e-05 2.7708875e-06 1.4436848e-06 0.00075023633 7.695515e-06 3.516714e-06 1.7975397e-06
0.7800525 0.36783913 0.7921937 0.15080686 0.083638266 0.9546742 0.27558553 0.1080572 0.61859703 0.06772106 5.7801527e-20 0.02519998 0.0213649 0.01760563 0.0051997174 0.031821225 0.039186552 0.0008538477 0.96307206 0.041105743 0.0332734 0.0074505 0.006905361 0.00042964466 0.10563472 0.012153742 0.00205825 0.0029493936 0.004670176 0.004373937 0.007295727 0.00021256441 0.00010396767 3.5000707e-05 0.0022450914 0.0008202943 0.00027412974 0.05038891 0.011069883 0.3655255 7.5536234e-05 0.03760746 0.00035503975 4.0662755e-05 0.00014601664 0.0031178168 0.17491364 0.00066513324 3.2526248e-06 0.0005671927 9.594351e-05 8.615294e-05 0.083055444 6.2440827e-06 0.0009944417 0.0016860665 0.0001010478 4.020765e-05 0.00020887094 6.625597e-06 0.0001946611 0.0009104039 0.001381209 3.351628e-05 0.00010085997 0.0019188118 4.8579393e-05 3.789593e-05 0.00017707485 4.5200466e-07 0.0013342267 6.3682e-05 0.15280513 5.8854916e-06 1.8389963e-05 1.2305153e-05 0.0069312574 3.024375e-06 0.10111421 3.033289e-06 3.356583e-05 0.0014327288 6.3225925e-06 0.0008102696 0.0011835077 2.2771865e-06 0.00152578 0.020176359 9.860636e-07 7.5975346e-05 3.5791463e-06 0.05701193 8.8055185e-06 0.09629952 3.0426677e-06 4.4664944e-06 9.310798e-07 0.006714473 3.999549e-06 2.882408e-06 1.1415565e-06
0.26103166 0.49813673 0.046464086 0.01727849 0.9568016 0.052426316 0.37734216 0.003571407 0.15929675 0.6374539 0.02519998 1.0645765e-21 0.00068970677 0.074422345 0.00019301218 0.07531943 0.017078957 2.1944215e-05 0.0061891084 0.5038805 0.7119093 0.16379611 0.7756756 1.7120301e-05 0.090535514 0.63222325 0.038034085 0.0941424 0.12911493 0.0019477457 0.20364612 0.00013666486 0.009251778 0.0061075566 0.06797216 2.4385612e-05 2.2716793e-06 0.0020589663 0.00019396709 0.008746249 6.109732e-06 0.016367717 8.921619e-06 1.8732036e-06 0.027194068 0.000111346744 0.0034615942 0.12322016 5.1634412e-08 0.18407294 0.005135386 0.07962383 0.00827355 1.7547105e-05 8.96991e-05 8.070644e-05 1.1107184e-06 0.02782562 0.018672546 7.0402126e-07 4.4553904e-06 1.1007044e-05 3.393443e-05 0.013327955 1.2406064e-05 0.005703052 0.00014179613 0.003906487 0.0022585313 6.572861e-07 0.0061017172 0.00021141469 0.0012310077 1.2844948e-05 0.0009784446 0.00084900536 0.00012908087 0.0005149235 0.00060478057 0.0002749427 0.0040827063 0.0019067476 0.00025119577 0.0026183561 0.0020226547 0.0005150252 1.0230393e-05 0.00023655925 0.00016937597 0.0012157481 4.272142e-05 0.0053383247 5.0042618e-05 0.0009442777 9.1698654e-05 4.235021e-05 5.6678517e-05 0.0030844451 0.00016709883 8.656638e-05 1.7295124e-05
0.4915536 0.004851236 0.4776289 0.47837412 0.0005136118 0.005511725 0.0006331783 0.9932772 0.0019263916 0.007934586 0.0213649 0.00068970677 1.6164279e-19 0.0145721035 0.5042451 0.03705093 0.12817122 0.2568976 0.060154304 7.146077e-05 0.0012790407 0.0042240415 2.7781072e-05 0.6018793 0.0004608557 8.5283646e-05 0.0031765448 1.196749e-05 1.2774814e-05 0.23235282 0.00042668206 0.033607446 0.0006121257 2.376039e-05 2.2453203e-06 0.1133708 0.11369997 0.19981815 0.1852537 0.029784141 0.044857487 0.00023818894 0.031932794 0.04795903 5.3965773e-06 0.068848215 0.05530562 2.339016e-06 0.0097888475 4.334288e-06 3.7849027e-06 3.2113292e-06 0.0037034226 0.0041387226 0.063010864 0.076229826 0.012932706 9.411494e-08 2.9453836e-06 0.0025284584 0.0065364745 0.028892107 0.03091367 9.03478e-07 0.0041870573 2.0574225e-05 0.0003315999 6.8477425e-07 2.5174686e-06 0.0011640169 4.1994117e-05 0.00013504383 0.058847502 4.4041786e-05 3.0270066e-06 8.015173e-07 0.06440798 3.5791038e-07 0.21608251 5.970987e-07 1.420065e-05 6.989654e-06 5.2030005e-06 3.4680008e-05 3.9242564e-06 2.6926764e-06 0.051676046 0.14383629 1.5507677e-06 2.997207e-06 9.810229e-07 0.003265047 1.02180675e-05 0.023964157 4.439659e-06 2.5364923e-06 1.4718515e-06 0.0003829584 1.4821991e-06 2.5051584e-06 4.126298e-07
0.08685615 0.05281653 0.15703993 0.12770686 0.037746027 0.01881977 0.06524067 0.017023854 0.03225697 0.93278134 0.01760563 0.074422345 0.0145721035 4.769578e-26 0.0020564625 0.9519471 0.1331094 0.0014600423 0.00800101 0.0149297975 0.27742216 0.76061577 0.006650204 0.00024151937 0.008720848 0.047078393 0.65788805 0.0008973499 0.002146013 0.009639692 0.10516964 0.0018956985 0.18174 0.0711418 0.00068251 0.0001241445 8.185996e-05 0.0015969465 0.0012311474 0.001997437 1.1049798e-05 0.0007723691 0.0002707968 6.473146e-06 0.062460482 0.00017101123 0.0010216729 0.00044668352 4.5947204e-06 0.012793189 0.024760067 0.019349609 0.00062489393 0.000583674 0.00021913528 0.00017167578 5.358709e-06 0.00024537212 6.9459806e-05 5.6938785e-07 4.0067094e-05 0.0001355292 9.2458766e-05 0.0005211595 6.8717677e-06 1.3871652e-05 0.0014165988 3.5269518e-06 4.055743e-06 7.026349e-07 3.3387078e-05 0.0038786153 0.0007953379 7.4403106e-05 1.4159477e-06 3.4035543e-07 0.0002489338 3.439121e-06 0.0008587589 1.6962101e-06 0.0003503801 2.2903532e-05 2.6950963e-06 5.900258e-05 9.210493e-06 0.00010559304 0.00016904951 0.0012214374 0.00010188191 8.2320485e-06 4.5730612e-05 0.00029982504 0.0012450257 0.0010554054 4.364189e-06 1.7846179e-06 7.9432317e-07 0.00012495504 4.1936105e-06 2.540327e-06 7.2170546e-06
0.49405974 0.00053104555 0.15868323 0.54801923 5.0472107e-05 0.001022242 8.694548e-05 0.38665932 0.00027101746 0.0013564972 0.0051997174 0.00019301218 0.5042451 0.0020564625 3.9760767e-21 0.045619916 0.4731735 0.9832992 0.013881564 6.8700383e-06 0.002578983 0.0034908669 2.0255e-05 0.7886012 1.4335003e-05 0.00043331247 0.0030720902 6.694737e-07 4.8138895e-06 0.6475641 0.0023531732 0.1978215 0.0055836076 0.00045527553 9.3091685e-06 0.060517717 0.08772213 0.06306614 0.08550271 0.0030849173 0.060068112 1.0291691e-05 0.09815332 0.03074601 0.00028658114 0.0358611 0.0067500607 1.9664272e-05 0.05102601 2.1549475e-05 0.00020435844 0.00014634454 0.00014029848 0.0512117 0.0304603 0.037863728 0.014077172 2.379224e-06 1.0925409e-05 0.0068198065 0.004374542 0.022449495 0.016717527 1.0715369e-05 0.0005332781 5.217299e-07 0.004208706 1.0065592e-05 1.150196e-06 0.00789276 1.6799306e-05 0.0014080286 0.006171767 0.0006246055 2.8590548e-06 9.3395585e-07 0.011277192 2.785643e-06 0.029765349 4.4822696e-06 0.000110649475 8.995802e-08 6.7686838e-06 5.2434007e-07 3.6058577e-07 3.251643e-05 0.0133924 0.011128554 3.070343e-05 1.0123791e-06 1.3516861e-05 0.00023275807 5.4174438e-05 0.0040075616 2.3905242e-05 4.3135997e-06 3.797148e-06 7.548474e-05 4.6427317e-06 6.089425e-06 4.7600206e-06
0.34901226 0.08462476 0.402903 0.50446314 0.027063353 0.03880674 0.084397756 0.06381292 0.045496736 0.5438628 0.031821225 0.07531943 0.03705093 0.9519471 0.045619916 1.9099103e-23 0.73708886 0.02491261 0.008205259 0.0055068675 0.21935816 0.7581398 0.0045445566 0.001825498 0.0033669597 0.030461315 0.84727174 0.00028208888 0.0009781013 0.111034304 0.07612504 0.0480292 0.42528784 0.14711152 3.185067e-05 0.0012154317 0.00074976677 0.0077544088 0.0038118956 0.0034055908 0.00023106989 0.0002480075 0.0015294469 0.00025881417 0.051463135 0.000829439 0.0023013414 8.392782e-05 8.628376e-05 0.0062199924 0.047783952 0.019935096 0.00042827544 0.023818681 0.0011169782 0.001084939 7.884748e-05 2.4563094e-05 1.4360521e-05 1.1882832e-05 0.00045875768 0.00084297056 0.0005937213 0.00013389008 0.00010400446 3.2708156e-06 0.016654884 1.3953827e-06 5.147288e-07 3.6733425e-05 1.38238975e-05 0.027025623 0.0014732602 0.0026544328 4.1143642e-07 2.1676337e-07 0.00052371994 2.089556e-06 0.0017137782 1.5328819e-06 0.00014782537 1.1433979e-06 3.429963e-06 3.3717308e-06 2.1622482e-06 9.8528435e-05 0.00041901108 0.001956645 0.000117932104 4.1594285e-06 0.00019020947 0.00011367873 0.0035332933 0.0016719382 2.4597095e-06 3.2793423e-06 1.8388391e-06 9.993668e-05 2.8378554e-06 3.4712812e-06 3.605263e-05
0.51667714 0.035497025 0.44112524 0.963349 0.010505542 0.02660835 0.023416733 0.09804097 0.024425998 0.07136698 0.039186552 0.017078957 0.12817122 0.1331094 0.4731735 0.73708886 2.5808198e-18 0.4247926 0.04273566 0.000782444 0.056676347 0.14206484 0.0007297024 0.100001395 0.0010842999 0.0053496184 0.15578781 0.00016899988 8.894005e-05 0.86771244 0.065854415 0.38219807 0.22542815 0.058576964 0.0003466868 0.027178474 0.01954473 0.050550062 0.040297616 0.00480083 0.036617674 3.81407e-05 0.18017514 0.004464925 0.023628203 0.010098698 0.009473499 0.00040163557 0.044232477 0.003001143 0.02507071 0.00928206 0.0012691004 0.24088375 0.017076986 0.020820389 0.006774777 6.977483e-05 0.00012905846 0.001552001 0.0020796033 0.008380542 0.007354263 0.00042338745 0.0008910089 2.4246326e-06 0.09589913 3.5556262e-05 3.096579e-05 0.03242639 6.0191123e-06 0.06742815 0.0062865694 0.023801938 5.0723604e-05 6.078482e-06 0.004599655 1.9580773e-05 0.017206607 1.1176948e-05 0.0009591854 1.9717895e-06 6.391442e-05 1.5401031e-06 7.260989e-06 0.000118326956 0.004336281 0.009769691 7.681647e-05 9.172979e-05 0.00065827474 0.00042212932 0.0007834024 0.0047924137 9.533256e-06 1.3012956e-05 3.1623022e-06 0.00012232477 1.7973298e-05 2.8110637e-05 4.0496154e-05
0.3727104 0.0001489386 0.04386617 0.37806937 9.421912e-06 0.00025128416 1.4821333e-05 0.12548985 6.3914296e-05 0.0007055767 0.0008538477 2.1944215e-05 0.2568976 0.0014600423 0.9832992 0.02491261 0.4247926 8.713221e-21 0.0047974642 7.657874e-07 0.0006218865 0.003630474 2.4092815e-06 0.8406397 5.747417e-06 9.205843e-05 0.0028977448 3.161402e-07 9.648285e-07 0.6129543 0.0010794547 0.21472448 0.007250182 0.00051183364 2.833342e-06 0.105954885 0.132513 0.034427386 0.05504699 0.001099573 0.21380673 3.300467e-06 0.21593355 0.045171633 0.00026833633 0.021011965 0.0030184109 2.676881e-06 0.14449246 2.262512e-06 0.00025932112 2.4028577e-05 5.5881595e-05 0.08136788 0.038870998 0.03910623 0.06565072 3.6677693e-07 3.9895076e-06 0.040601403 0.0062810984 0.018149283 0.014541139 1.0199624e-06 0.0010096699 4.057025e-07 0.01462666 3.8756975e-06 2.7680497e-07 0.0197459 1.3768934e-06 0.0048474045 0.0051178266 0.0030497592 6.866438e-07 1.0614495e-07 0.0067445175 1.285146e-06 0.017494505 2.9205123e-06 3.9069837e-05 3.1364e-08 2.15124e-06 2.3283943e-07 2.0179101e-08 1.2484886e-05 0.016778043 0.00787089 1.7852759e-05 3.1371271e-06 1.0741009e-05 8.21169e-05 0.00014270165 0.0027770808 3.0535553e-05 3.6070119e-06 4.6789e-06 2.8823351e-05 3.3721392e-06 3.7568418e-06 5.502439e-06
0.96446794 0.052081753 0.88972384 0.18015356 0.017261641 0.3900338 0.08210505 0.18037571 0.12764406 0.018148035 0.96307206 0.0061891084 0.060154304 0.00800101 0.013881564 0.008205259 0.04273566 0.0047974642 1.0382073e-21 0.032060344 0.004249754 0.0031200757 0.0033306032 0.0036244912 0.07773078 0.0015931344 0.00065104384 0.009117346 0.006468932 0.008713089 0.00055854215 0.00021817937 1.616919e-05 3.4495106e-06 0.0011971445 0.0056346906 0.002088867 0.24470998 0.054048903 0.76650286 0.00044037335 0.08078217 0.00057688553 0.0013445002 2.894411e-05 0.017491603 0.56842643 5.214409e-05 9.568852e-06 7.754408e-06 8.190247e-06 5.1008333e-06 0.17435874 9.420088e-06 0.0036886358 0.006373039 0.00041730946 7.982026e-06 0.00019761137 3.6281963e-05 0.00021631044 0.0034955342 0.0036388906 9.241719e-06 0.0002963942 0.0050397436 4.884645e-06 3.492555e-05 0.00034727267 1.7621335e-06 0.001621411 2.0969013e-05 0.45637068 5.449474e-06 4.3145483e-05 1.2923562e-05 0.025453907 5.414624e-07 0.29256612 8.3074365e-06 1.633203e-06 0.0016050241 9.414601e-06 0.003080284 0.0009806792 1.6109561e-07 0.0067546074 0.12945381 2.0670275e-07 2.9411634e-05 1.2902991e-06 0.26884782 2.6910768e-06 0.41692364 1.8907709e-06 1.8564613e-06 1.8119533e-07 0.017533565 1.3735005e-06 2.084968e-06 3.5893993e-07
0.8307388 0.17444083 0.01407289 0.0015949638 0.46908668 0.07391142 0.28494826 0.0009592454 0.25687948 0.11348609 0.041105743 0.5038805 7.146077e-05 0.0149297975 6.8700383e-06 0.0055068675 0.000782444 7.657874e-07 0.032060344 2.3855757e-18 0.31195334 0.02641067 0.931521 5.9258423e-07 0.90753794 0.49843514 0.0064061023 0.6638252 0.588627 0.00013730147 0.09744849 2.4382802e-05 0.0009063981 0.0009865256 0.45482135 8.897852e-06 1.579298e-06 0.0017302664 0.00039227825 0.06433907 1.9257843e-06 0.22536129 2.6754788e-05 3.2920218e-07 0.0020549265 0.00012218357 0.012554454 0.25059226 1.7873951e-07 0.076782264 0.0013959624 0.016605457 0.06498402 3.3806787e-06 1.1545563e-05 3.6772748e-05 7.101341e-07 0.042831745 0.05733706 1.6903682e-07 4.104827e-06 2.5717695e-06 2.154029e-05 0.009132684 3.6069136e-07 0.049803093 8.049298e-05 0.029066017 0.01734123 1.5864556e-07 0.04437841 0.00029936136 0.0068897577 2.3771998e-05 0.0070998077 0.010113955 0.00014889926 0.0035043808 0.0022741766 0.0029842497 0.00028935596 0.019035364 5.119398e-05 0.026167443 0.014192704 7.572362e-05 2.781674e-06 0.0008184517 1.2984741e-05 0.0050591524 1.4215975e-05 0.05033675 9.293729e-05 0.0042431755 2.1641223e-05 8.354746e-05 0.00019921389 0.034405313 0.0002613732 0.00042000864 3.851368e-06
0.40796024 0.11329463 0.10826388 0.032977838 0.27182552 0.07604632 0.33954984 0.007196485 0.16012447 0.8189474 0.0332734 0.7119093 0.0012790407 0.27742216 0.002578983 0.21935816 0.056676347 0.0006218865 0.004249754 0.31195334 1.1793879e-18 0.57828915 0.39327544 3.2204025e-05 0.06431196 0.94846433 0.18237558 0.106306195 0.06491836 0.006459635 0.8610389 0.00081212504 0.04530196 0.07563327 0.09931693 5.172123e-05 6.93659e-06 0.0016222455 0.00038978527 0.0051257866 8.787867e-06 0.009811183 5.2219977e-05 8.049947e-06 0.24672367 0.00015101564 0.0013391237 0.3468582 9.58291e-07 0.6625859 0.06245467 0.541289 0.006550125 3.5858928e-05 0.00014110061 0.00016124602 9.325465e-06 0.18517487 0.039565627 4.7449507e-06 4.8777063e-05 7.698045e-05 0.00010084169 0.15223521 3.2683412e-05 0.016344326 0.0005287479 0.009569236 0.009456479 4.9796585e-05 0.012026836 0.0016301416 0.0012414629 7.1744566e-05 0.0031745718 0.0028904998 0.00010681074 0.0066097286 0.0015019595 0.001452788 0.03899909 0.003552633 0.005731027 0.002058833 0.0034700371 0.005053569 1.3618966e-05 0.0012820034 0.003230873 0.0031809523 2.9361863e-05 0.003031041 0.0017598254 0.0011543556 0.0014878578 0.00029158898 0.00015785197 0.0013248181 0.00024572737 0.00022098419 1.293011e-05
0.03564359 0.04469117 0.06781317 0.058496214 0.0424504 0.011811392 0.04299719 0.00994564 0.021235993 0.8609279 0.0074505 0.16379611 0.0042240415 0.76061577 0.0034908669 0.7581398 0.14206484 0.003630474 0.0031200757 0.02641067 0.57828915 2.6085684e-22 0.047600713 0.0007254864 0.0057248627 0.14887245 0.90023035 0.0061702174 0.013875597 0.025950104 0.43514347 0.009731231 0.3516655 0.3307751 0.010877747 6.0330694e-05 2.519939e-05 0.0008444036 0.00012593965 0.0010637145 0.0001749775 0.0007694118 0.0015551954 5.2158655e-05 0.4830971 6.766183e-05 0.00036851107 0.008519932 6.341885e-05 0.1229238 0.32931125 0.19876297 0.0005896473 0.0014660329 0.00017689257 0.00013769144 4.6648005e-05 0.0053309733 0.0018824057 1.6399557e-05 3.916668e-05 3.7062968e-05 2.8558356e-05 0.01708232 7.811989e-05 0.0004957386 0.006737892 0.00062259566 0.00046155666 2.5340455e-06 0.0007804338 0.013300079 0.00023773259 0.00027441615 0.00013223977 6.857781e-05 0.00017701426 0.00040203703 0.0004202471 7.3938725e-05 0.012706724 0.00031344363 0.00031379203 0.00017950713 0.00028105397 0.0033646552 6.935793e-05 0.00031546093 0.0033276177 0.00011426937 0.00029507538 0.0008635254 0.014891744 0.00032712458 0.00058098143 2.957917e-05 1.3746007e-05 0.0001823143 5.719288e-05 6.695823e-05 7.664728e-05
0.42704892 0.1040018 0.0040663844 0.0014544253 0.4304567 0.021520222 0.12277108 0.00039781176 0.09887074 0.066042185 0.006905361 0.7756756 2.7781072e-05 0.006650204 2.0255e-05 0.0045445566 0.0007297024 2.4092815e-06 0.0033306032 0.931521 0.39327544 0.047600713 1.6632733e-18 2.8012864e-06 0.19129054 0.73008484 0.010224235 0.72110003 0.806224 0.00014971159 0.16729566 1.3696098e-05 0.0030876559 0.0015533597 0.7167691 1.6839333e-06 6.747135e-07 0.00011004867 6.3526554e-06 0.007361873 8.760781e-06 0.053142097 1.3818486e-06 3.2945877e-07 0.007596546 1.9631689e-05 0.0020551283 0.56297916 2.1888084e-08 0.28638566 0.001508947 0.07330168 0.014937217 3.025864e-06 5.81982e-06 8.4182375e-06 4.519667e-07 0.179271 0.1985783 1.1298532e-07 7.1439677e-06 8.2138826e-07 1.8287502e-06 0.06412362 2.2164731e-06 0.03623038 0.0002555046 0.06486662 0.022954341 4.0003465e-06 0.031854894 0.00044210075 0.00095612946 1.3786692e-05 0.008632196 0.036161594 1.3736242e-05 0.012516736 0.00044440792 0.0036362559 0.0032979157 0.005653689 0.001781423 0.0064700665 0.0062480983 0.00064166466 3.5902653e-07 0.00020683638 0.00017574074 0.007368413 3.6526275e-05 0.006906909 7.252723e-05 0.0013122538 0.00020905648 0.000267242 0.0010867927 0.0062667797 0.001095992 0.0010289188 1.7905055e-05
0.4611825 0.00014993062 0.014180094 0.11443946 3.7324971e-06 0.00025242145 1.0914369e-05 0.23055415 5.0461087e-05 2.905745e-05 0.00042964466 1.7120301e-05 0.6018793 0.00024151937 0.7886012 0.001825498 0.100001395 0.8406397 0.0036244912 5.9258423e-07 3.2204025e-05 0.0007254864 2.8012864e-06 5.0245446e-21 1.2582044e-06 2.4486485e-06 0.0004987653 1.1897061e-07 2.0894832e-07 0.6108323 7.5901e-06 0.14122033 0.00017574779 3.0867515e-05 5.8042696e-07 0.4958654 0.87832 0.14435896 0.13762736 0.0020761483 0.80898285 3.7723996e-07 0.25499803 0.5807566 1.1473614e-05 0.3188577 0.0063900887 5.5466654e-07 0.17545886 7.452126e-07 4.940869e-05 1.1150506e-06 2.5220017e-05 0.009194074 0.3052185 0.23159853 0.24922566 8.836998e-08 5.200218e-06 0.13578089 0.083677605 0.32406166 0.26386413 2.2651578e-07 0.014555013 3.3163704e-07 0.00097419973 2.0872676e-06 1.459077e-07 0.034769915 6.0335464e-07 0.00022426753 0.011069438 0.0001616505 2.047525e-06 7.4396816e-08 0.1504533 2.687385e-07 0.11961449 4.3577884e-06 1.2964714e-06 1.2611879e-07 1.4439933e-06 4.908341e-07 9.2695416e-08 5.351444e-07 0.107812196 0.04297719 1.8417313e-06 3.9385186e-06 5.961323e-06 4.5776782e-05 5.452339e-06 0.002911327 1.1475292e-06 3.027616e-06 6.7179855e-07 2.1861873e-05 9.442533e-07 8.4328093e-07 2.2428976e-06
0.93643785 0.112419955 0.030501962 0.0041126404 0.2603107 0.1840281 0.43514547 0.004744705 0.55372 0.07151888 0.10563472 0.090535514 0.0004608557 0.008720848 1.4335003e-05 0.0033669597 0.0010842999 5.747417e-06 0.07773078 0.90753794 0.06431196 0.0057248627 0.19129054 1.2582044e-06 2.8386557e-16 0.08086518 0.00063698884 0.52192414 0.30602065 5.032657e-05 0.007771596 1.6391787e-05 3.4478977e-05 2.8621062e-05 0.0915097 4.5548637e-05 6.9457246e-06 0.008672512 0.0029279669 0.25470415 4.1069957e-06 0.8736387 1.872049e-05 9.730395e-07 7.0930226e-05 0.00014864757 0.043172404 0.02744903 1.601207e-07 0.0028584853 4.8210037e-05 0.00011461666 0.3427802 1.3760342e-05 3.7951697e-05 0.0001426754 2.0952552e-06 0.0021768308 0.013139362 3.7604855e-07 2.1989665e-06 3.6144186e-06 1.5562813e-05 0.000115390416 5.4348203e-07 0.5277215 8.876773e-06 0.009247478 0.025292521 3.3751198e-07 0.19108067 4.174675e-05 0.04031499 1.8021236e-05 0.009488558 0.0047724983 0.0009196468 0.00017870194 0.0073116985 0.0033516122 2.3806528e-05 0.15843855 1.38492205e-05 0.19954816 0.05386053 5.883533e-06 2.9277264e-06 0.003118486 1.5405745e-06 0.012736825 4.9821356e-06 0.4359341 2.4077022e-05 0.08682834 9.909775e-06 2.734575e-05 0.0003347739 0.19546866 0.0003253661 0.00013694186 1.4357541e-06
0.3486523 0.054286245 0.030207679 0.0043686638 0.14669178 0.031676017 0.18605287 0.0008959185 0.102608964 0.18718684 0.012153742 0.63222325 8.5283646e-05 0.047078393 0.00043331247 0.030461315 0.0053496184 9.205843e-05 0.0015931344 0.49843514 0.94846433 0.14887245 0.73008484 2.4486485e-06 0.08086518 3.5873533e-18 0.031257145 0.32353252 0.19790672 0.0004729764 0.52918994 4.250299e-05 0.008360075 0.015320519 0.48616275 1.6657481e-05 7.874119e-06 0.0005894432 0.00018445299 0.0081633385 2.812116e-06 0.03014984 1.3129071e-05 3.427795e-06 0.04602117 3.3382876e-05 0.0016807223 0.82554406 1.3603959e-07 0.61854136 0.0125089735 0.37542057 0.011288522 8.9554e-06 5.5659857e-05 4.72865e-05 1.8907097e-06 0.4037889 0.2629139 6.052079e-07 1.6166954e-05 9.916668e-06 9.683614e-06 0.22565596 5.8194923e-06 0.066880375 9.465759e-05 0.07374609 0.025927052 3.7665333e-05 0.04813208 0.00027310033 0.0018319315 1.7362763e-05 0.011077708 0.019444188 5.123995e-05 0.028577726 0.0013174117 0.008531424 0.018577848 0.020151503 0.009755349 0.017390665 0.0139703145 0.0030075694 2.8773322e-06 0.0005833332 0.00201356 0.010827245 2.9537929e-05 0.019706614 0.00040945987 0.0020227882 0.002192003 0.0025757388 0.0008427354 0.007696272 0.001141321 0.0020722188 8.119903e-06
0.017347192 0.023685295 0.04384466 0.037328802 0.014080523 0.0038944029 0.0260806 0.0051224413 0.007121131 0.3710322 0.00205825 0.038034085 0.0031765448 0.65788805 0.0030720902 0.84727174 0.15578781 0.0028977448 0.00065104384 0.0064061023 0.18237558 0.90023035 0.010224235 0.0004987653 0.00063698884 0.031257145 2.084944e-21 0.0013626086 0.0031117229 0.033488307 0.1438425 0.015496251 0.85716283 0.7071955 0.0008941043 8.5407366e-05 4.3271986e-05 0.0005751151 4.0391744e-05 0.00029280895 0.00034109375 6.188515e-05 0.0011000005 8.868299e-05 0.42020124 0.00011633837 9.118902e-05 0.00042926316 6.7231e-05 0.010243741 0.48196122 0.08395127 6.941391e-05 0.0044600097 0.00025987742 0.00016710344 0.0001144204 6.6702276e-05 0.00018216847 2.4346016e-05 9.836845e-05 0.000110015 8.665873e-05 0.0006624653 3.1237127e-05 5.0596977e-05 0.013406789 2.0888816e-05 8.673694e-05 1.7882734e-05 0.00010541776 0.028716624 7.1942646e-05 0.000553826 1.4972566e-05 1.822041e-06 0.000114841285 4.5219913e-05 0.00020564879 1.6297607e-05 0.0020778982 1.2640983e-05 3.461792e-05 5.4908064e-06 8.9925e-06 0.0010421529 4.775646e-05 0.0001943224 0.0018151999 1.8955743e-05 0.0015309682 6.808652e-05 0.07227807 0.00017156336 8.921256e-05 1.4253565e-05 9.15354e-06 7.806158e-05 1.5341975e-05 1.576906e-05 0.0002559443
0.64341253 0.012964714 0.0050355233 0.00033600468 0.039879434 0.005005145 0.027824305 0.00024140609 0.023623206 0.008786247 0.0029493936 0.0941424 1.196749e-05 0.0008973499 6.694737e-07 0.00028208888 0.00016899988 3.161402e-07 0.009117346 0.6638252 0.106306195 0.0061702174 0.72110003 1.1897061e-07 0.52192414 0.32353252 0.0013626086 5.64757e-20 0.97545207 7.502085e-05 0.056359205 8.423706e-06 0.0005226161 0.0005064272 0.71988314 1.7904636e-06 1.0379231e-06 0.0005385756 0.00021870813 0.03005752 1.2099583e-06 0.17564838 1.6054626e-05 7.912325e-07 0.0011509967 7.397675e-05 0.0064425133 0.31191766 9.6387616e-08 0.05691614 0.00084489456 0.0113654565 0.03590494 6.871394e-06 1.5127335e-06 7.019166e-06 6.7531084e-07 0.08200286 0.16139483 1.9428838e-07 7.1988247e-06 1.6641687e-06 5.867088e-06 0.020469792 1.9155123e-06 0.17321977 7.8092475e-05 0.1263652 0.11406252 6.501677e-07 0.1791168 0.00019558461 0.004450607 1.5746458e-05 0.048292756 0.036634643 0.00015599212 0.012631019 0.002349097 0.017119244 0.00024089003 0.03334764 0.0004701999 0.046199825 0.03143123 6.3515385e-05 8.2854126e-07 0.0013867328 1.1720928e-05 0.018872254 8.228391e-06 0.03900361 0.0003662317 0.008659509 3.9248946e-05 0.00018775566 0.0017204605 0.044678718 0.0013615948 0.0012395624 5.1120333e-06
0.21201944 0.019757245 0.0033546214 0.0007553072 0.058646563 0.00828131 0.023012854 0.00026815955 0.025019819 0.019266171 0.004670176 0.12911493 1.2774814e-05 0.002146013 4.8138895e-06 0.0009781013 8.894005e-05 9.648285e-07 0.006468932 0.588627 0.06491836 0.013875597 0.806224 2.0894832e-07 0.30602065 0.19790672 0.0031117229 0.97545207 1.3295049e-20 0.0001897994 0.025302792 4.1823437e-06 0.00078197307 0.00027295685 0.7631685 3.1299535e-07 3.5816032e-07 0.00038724983 2.0816608e-05 0.015517554 3.7084621e-06 0.16718723 1.06349635e-05 1.6245032e-07 0.00050123 1.2888473e-05 0.0031296795 0.1851092 9.301651e-08 0.02869339 0.00026098115 0.003377537 0.033528715 1.6633208e-05 3.5194233e-07 1.6780147e-06 1.8664404e-07 0.043663546 0.09963512 2.9795729e-07 5.195152e-06 1.06062984e-07 3.8811217e-07 0.006983725 2.5230156e-06 0.24141169 6.8640424e-05 0.07026698 0.19811766 8.6929225e-07 0.28362274 0.00020917352 0.0017119144 1.4303566e-05 0.050494086 0.09319751 4.3711094e-05 0.0057785306 0.0008504682 0.017459128 0.00029677575 0.053117488 0.00013414609 0.06308423 0.051483124 3.0717547e-05 7.581498e-08 0.00025553626 1.5239288e-05 0.039096247 1.4373853e-05 0.048773624 8.9563524e-05 0.004477369 2.1934864e-05 7.8093304e-05 0.0025042796 0.052318092 0.001336702 0.00092659635 3.5677097e-06
0.4947316 0.006864753 0.2373114 0.5129315 0.0010250428 0.0031183625 0.0043374905 0.1795481 0.0023245218 0.0040921536 0.004373937 0.0019477457 0.23235282 0.009639692 0.6475641 0.111034304 0.86771244 0.6129543 0.008713089 0.00013730147 0.006459635 0.025950104 0.00014971159 0.6108323 5.032657e-05 0.0004729764 0.033488307 7.502085e-05 0.0001897994 7.985097e-20 0.0036391597 0.9692793 0.11362452 0.015722906 4.565194e-06 0.045984328 0.07235192 0.006562045 0.017807351 0.0008499241 0.38960037 3.7464502e-05 0.45246086 0.097200654 0.0010349086 0.008699135 0.0010240716 1.249152e-05 0.16995156 1.9224199e-05 0.0039856555 0.00012886735 0.00012141636 0.64629555 0.023639847 0.01207723 0.016799154 9.479621e-06 5.4371438e-05 0.0047170166 0.007863708 0.016244523 0.0060867346 1.4835263e-05 0.0013394264 2.7268766e-07 0.12834354 1.7907223e-05 1.3546805e-06 0.099006094 3.8813787e-06 0.07560645 0.0016571649 0.07094698 2.2759825e-05 1.2130772e-05 0.0067703174 7.010868e-05 0.012022318 3.7468326e-05 7.792673e-05 2.5790652e-07 3.7917183e-05 1.688348e-07 3.118963e-06 8.2306e-05 0.006775536 0.02201148 0.0001164998 8.911584e-06 0.00070240616 0.00012624449 0.0008497243 0.01848927 4.1074683e-05 3.068856e-05 9.2326416e-05 0.00036057888 0.000118976575 0.000120777135 0.00012819917
0.023839809 0.047740165 0.10374582 0.03312096 0.04765105 0.022982972 0.13732246 0.0012256189 0.044563975 0.21785963 0.007295727 0.20364612 0.00042668206 0.10516964 0.0023531732 0.07612504 0.065854415 0.0010794547 0.00055854215 0.09744849 0.8610389 0.43514347 0.16729566 7.5901e-06 0.007771596 0.52918994 0.1438425 0.056359205 0.025302792 0.0036391597 2.2990906e-19 0.0010054723 0.066488765 0.15729515 0.03693855 3.528935e-05 8.728265e-06 0.00077804987 0.00016394485 0.0007324903 6.6180883e-06 0.00047567245 2.618923e-05 1.728795e-05 0.44123137 5.70744e-06 0.0001729665 0.11852552 1.4482907e-06 0.55351067 0.22449152 0.81614447 0.000485436 9.950938e-05 0.00022092728 0.0001561192 6.1039077e-06 0.1638976 0.018781515 3.665229e-06 2.6487352e-05 1.360828e-05 4.1981807e-06 0.1738106 8.828348e-06 0.00092831004 0.0002494295 0.0041931635 0.0019196572 1.8264922e-05 0.00084766763 0.00090860587 0.0011950954 4.1483738e-05 0.00087581744 0.0014397835 0.00012968585 0.0072618593 0.0011919112 0.00028695035 0.06283501 0.00032138816 0.01571796 1.414128e-05 0.00096703117 0.014903908 4.6656103e-05 0.0021111118 0.009791167 0.00091446715 1.9680068e-05 0.001382941 0.010326445 0.002108274 0.0068298504 0.0010649619 2.8492575e-05 0.0004933726 7.583903e-05 8.5163934e-05 1.4369359e-05
