9.1640014e-29 0.43863052 0.90285844 0.3902121 0.69681746 0.89482397 0.71569216 0.8441213 0.761823 0.93039423 0.22614165 0.041922394 0.920341 0.015694533 0.015360467 0.7343557 0.08642695 0.014424926 0.75285345 0.0423111 0.12896171 0.53111297 0.17300686 0.17652471 0.41991967 0.28119564 0.6505923 0.9116905 0.34983152 0.943808 0.43468043 0.43791837 0.74343854 0.9675866 0.028388478 0.25046042 0.93289286 0.003908726 0.1355815 0.8263296 0.44601777 0.75854594 0.041961644 0.1219312 0.7364692 0.8260999 0.9710791 0.583705 0.003149858 0.13220067 0.47618103 0.99377185 2.080123e-05 0.018728334 0.31213987 1.3205909e-05 0.9827433 0.08603413 0.0013831903 0.9875284 0.22806759 0.75886834 0.34540203 1.3825362e-05 1.6980157e-05 0.9991658 0.0060683726 0.99862653 1.8816722e-06 0.9833746 2.5785698e-06 0.014626542 0.101272285 0.8642681 0.99862134 0.99695194 7.2943176e-06 3.7885213e-06 0.0011942254 9.506822e-05 5.6168243e-05 0.16651312 0.0038924627 0.88007677 0.9989813 0.00029982277 0.001388992 0.013425756 4.451852e-08 0.9962618 0.002387747 2.156588e-07 0.0067103337 4.1815205e-05 0.9993117 0.9999391 1.4967532e-06 7.234399e-06 0.0021625957 0.9496549 0.011782756
0.43863052 5.9734218e-21 0.9613562 0.955436 0.7430444 0.8364873 0.6077691 0.73497945 0.041064914 0.18657246 0.052214213 0.13901003 0.060373917 0.20479934 0.10005089 0.056131892 0.08229788 0.07379512 0.011028035 0.035237197 0.02846222 0.026550936 0.03975699 0.003050706 0.0027548808 0.0017629338 0.01406132 0.045402538 0.0057186205 0.03870869 0.031728324 0.00956099 0.0089108795 0.022064988 0.016328024 0.0048143035 0.004685064 0.0025164546 0.00019963286 0.00075460016 0.00020492695 0.0013341556 0.08196127 0.00016689641 0.00047194934 0.0024371957 0.0010383431 0.0012139108 0.00015914722 0.0023251115 0.00019876262 0.015502489 0.0013558208 0.00016476506 8.023601e-05 0.00065123325 0.003791836 4.510513e-05 0.00032439694 0.005628219 0.00021678313 0.00026273445 0.00028212304 0.0022741721 0.00016403774 0.0013803276 8.362678e-05 0.0018410073 0.00019574733 0.009067872 0.00077289256 1.2714663e-05 4.910839e-06 0.011224011 0.00079015765 0.0019756362 0.0019671966 0.0012260121 0.0001311256 0.0001723653 9.605099e-05 9.639728e-06 0.0002771382 3.99843e-07 0.003935196 0.000109633125 6.9778296e-05 0.00015101922 1.6898921e-06 0.0038154526 7.5600915e-06 1.6917173e-06 5.7316634e-06 2.6020118e-05 0.0052426467 0.0015543568 1.8136547e-05 2.1962596e-05 3.7482405e-05 0.004822956 1.0794108e-05
0.90285844 0.9613562 2.6317482e-21 0.71526974 0.27582148 0.5887488 0.9375102 0.23736984 0.021875095 0.57176656 0.02672334 0.18220507 0.032722853 0.034056533 0.06818814 0.12349779 0.024573822 0.025167923 0.056309793 0.012516426 0.0075346655 0.008192514 0.12815215 0.00097644655 0.0030021262 0.00022401659 0.11531345 0.50189614 0.003418956 0.43940878 0.05970704 0.056152828 0.0014895578 0.1959218 0.049453888 0.0092065595 0.06420808 0.004307095 8.227151e-06 0.0029600703 4.186508e-05 0.0014662455 0.009190283 4.440006e-06 0.00035245076 0.016527316 0.0020512817 0.0053393403 0.0012527466 0.016321981 6.229181e-05 0.23327765 0.0008456443 5.698134e-06 2.0999592e-05 0.00064748194 0.035289202 1.3932287e-06 1.4242694e-05 0.06303922 0.0019519045 2.9558023e-05 0.0007964061 0.00027277053 1.9598056e-05 0.002733407 0.00033728618 0.008295578 0.00022270379 0.08429695 1.792708e-05 4.9970174e-07 1.4178719e-06 0.04801806 0.00022515387 0.017248979 3.53274e-05 0.00018679124 0.00021809804 0.00073936436 2.186327e-05 4.442892e-07 0.00018341385 2.462473e-07 0.085918024 4.6182475e-05 0.0001380354 0.00064483494 5.6805953e-07 0.04941551 4.0732866e-06 1.8921074e-06 4.7980654e-07 5.2256146e-05 0.074088514 0.027902849 1.6810314e-05 1.4772535e-05 9.532378e-05 0.026756378 1.9683232e-06
0.3902121 0.955436 0.71526974 1.2689528e-18 0.7486497 0.13698341 0.9362768 0.32165235 0.009101436 0.059232853 0.00929424 0.7179158 0.028532574 0.58717823 0.6578904 0.011485936 0.10999605 0.46644717 0.11523732 0.10941485 0.04724431 0.027379597 0.31108657 0.00021243087 0.00024436027 7.399699e-05 0.03695584 0.06363647 0.0003578049 0.019373732 0.001259109 0.0160976 0.0019061004 0.009062991 0.1198712 0.00046560407 0.012925192 0.04246561 1.688617e-05 1.921432e-05 2.92506e-05 5.698143e-05 0.22416495 1.0029554e-05 3.608844e-05 0.0006204337 0.00023544226 0.0022042769 0.0034647414 0.022455137 2.5131112e-05 0.022172758 0.0040793596 2.1705444e-05 8.4822805e-06 0.001471566 0.0019105164 9.185344e-06 0.00090308994 0.0021025264 0.0013219991 1.3377425e-05 0.0005995235 0.023085214 0.0005612801 0.0003411977 0.0004838442 0.00040955248 0.0003064447 0.0053351517 0.0027097245 4.791165e-07 1.4087364e-06 0.0029930298 4.5829987e-05 0.0008435022 0.0022742697 0.0024073408 0.000367028 0.00017479101 6.341751e-05 1.4233914e-06 0.00025143186 1.2743166e-07 0.0029725076 0.0001601411 9.273994e-05 0.0001892196 1.4367815e-06 0.006191192 4.396067e-07 1.0772112e-05 1.330859e-06 4.4271965e-05 0.005028066 0.002181713 1.5905582e-05 1.2887096e-05 5.8656085e-05 0.006137519 6.3813735e-07
0.69681746 0.7430444 0.27582148 0.7486497 1.2871137e-17 0.26178244 0.30695546 0.96430254 0.038053375 0.038758006 0.045344006 0.22855033 0.14249803 0.8695028 0.43509692 0.0319247 0.68751013 0.61028636 0.04073812 0.43516457 0.39325762 0.35586977 0.08267105 0.0022277262 0.0013920792 0.0012905484 0.014774645 0.034646697 0.00075017556 0.012945126 0.0030810197 0.0066877916 0.023719972 0.0051029157 0.032566175 0.00027502765 0.0038090409 0.0077615553 0.00032407383 0.00020703944 0.00023380082 0.0002316113 0.72041374 0.00016534039 5.036767e-05 0.0006001364 0.0005785251 0.0004233089 0.00044508636 0.002868238 8.6722794e-05 0.005026681 0.0021130212 0.00056279585 4.905917e-05 0.000643247 0.001328726 2.96674e-05 0.02662715 0.00028321779 0.00040990885 4.183798e-05 5.6953286e-05 0.06154636 0.010325032 0.0013299622 2.297036e-05 0.000522341 0.00018229465 0.00069307577 0.015140017 8.634817e-06 1.1452557e-05 0.001174772 0.00022419613 0.00024252941 0.011864969 0.0053710425 0.00019334194 0.00012815699 0.00075780146 5.856123e-05 3.2544132e-05 1.0908631e-06 0.00028031867 0.00015958144 1.1808431e-05 5.044112e-05 1.1337077e-05 0.00090738275 9.349633e-06 7.910672e-05 1.7811526e-06 1.8072042e-05 0.0009734354 0.00073942996 5.297622e-06 4.5544595e-05 7.4540417e-06 0.0012616102 3.4672155e-06
0.89482397 0.8364873 0.5887488 0.13698341 0.26178244 6.490625e-20 0.07368385 0.8980496 0.49802226 0.93033206 0.41986775 0.031720925 0.3123112 0.029596465 0.012811472 0.6169222 0.072194375 0.0108441 0.004157589 0.03334171 0.0660643 0.058740888 0.016736006 0.017676366 0.018085139 0.0073563745 0.02261826 0.05895965 0.026655745 0.10922922 0.17877045 0.010989698 0.08337314 0.13458931 0.0008915371 0.018740801 0.0035857817 0.00046976426 0.00050842145 0.007246152 0.00080907234 0.0061301687 0.015946835 0.00051804114 0.0010060875 0.030670011 0.011900774 0.00059078936 0.0002155119 0.000112466674 0.00027255056 0.03909714 8.723842e-05 0.00011789184 8.9047324e-05 7.3674426e-05 0.060135897 2.7428363e-05 0.00021885688 0.009220381 0.00016254465 6.257827e-05 4.8216654e-05 0.00048300813 0.000104100814 0.010473245 8.883997e-06 0.020153146 5.5948676e-05 0.0038547476 5.420281e-05 3.3844822e-06 4.5263423e-06 0.0563132 0.0011375177 0.0416583 9.3547394e-05 0.00026571593 3.154845e-05 9.404016e-05 1.8588593e-05 2.1846859e-06 2.6243059e-05 5.3901766e-07 0.02854211 1.9152285e-05 0.00013304316 0.00024334797 2.1734681e-06 0.015468182 2.737107e-06 5.2072896e-06 7.3643866e-07 8.463865e-06 0.056525446 0.061654046 1.3544604e-05 3.607316e-05 1.2334031e-05 0.0013985509 1.1634568e-06
0.71569216 0.6077691 0.9375102 0.9362768 0.30695546 0.07368385 4.5738377e-20 0.09709147 0.006081231 0.0516342 0.007121364 0.8453411 0.009145675 0.1720486 0.5631103 0.0077791144 0.024049183 0.16681093 0.5236146 0.027846739 0.008645221 0.003581385 0.7074991 0.00012006386 0.00016485545 2.883784e-05 0.4324132 0.17096888 0.00019436242 0.04469588 0.0022233254 0.14527208 0.0007857147 0.010205033 0.3965317 0.0003047567 0.042922452 0.121669374 5.652734e-06 0.00015498303 1.4433222e-05 0.00020057366 0.014491904 1.2532071e-06 8.294149e-05 0.0016427304 0.00025807178 0.014733502 0.01571288 0.07560764 3.5838515e-05 0.058153965 0.016755234 2.996381e-06 8.182933e-06 0.006868912 0.004095437 4.393655e-06 5.935011e-05 0.0088268835 0.009052328 9.676478e-06 0.0035992872 0.002467315 0.00012294967 0.00040949447 0.0020423727 0.00134137 0.0017116182 0.052837558 0.00017412652 5.9349514e-08 1.44831e-06 0.003659278 9.835438e-05 0.001182087 0.00024092128 0.00055154524 0.0012017767 0.00088104367 2.3385755e-05 5.91287e-07 0.001755268 3.763707e-07 0.010827375 5.37986e-05 0.0007701691 0.001696987 2.6090686e-07 0.021944612 2.0820669e-06 2.1037345e-06 2.2735603e-06 0.0004121327 0.009870266 0.0020079338 2.3414856e-05 3.255852e-06 0.000540914 0.029679876 2.3450466e-06
0.8441213 0.73497945 0.23736984 0.32165235 0.96430254 0.8980496 0.09709147 4.8378858e-21 0.24782601 0.13320374 0.24780482 0.014846786 0.48420334 0.32963875 0.020122854 0.07433371 0.75720286 0.06484577 0.00077232375 0.20882851 0.3209835 0.43034086 0.003998764 0.013278343 0.008005327 0.008430579 0.0019758933 0.009543545 0.008231182 0.017300272 0.012976739 0.0013276722 0.10079742 0.01547539 0.00035007834 0.0035139741 0.0006951195 6.1765044e-05 0.0014714018 0.0008814379 0.0013872454 0.0009492849 0.291572 0.0016942322 0.00047932495 0.0035559214 0.0031507562 7.5928297e-06 2.0177986e-06 5.3911667e-06 0.00066374365 0.0039114035 1.2491186e-05 0.0015591879 0.00050888443 1.0389318e-05 0.0054313214 0.0001024011 0.0056504468 0.00044904847 1.0770278e-06 0.00040435643 7.5812846e-07 0.0027061764 0.0012415469 0.0033146949 2.1981205e-07 0.002410909 2.2017584e-05 0.00033206228 0.0014946229 0.00019160184 4.8408372e-05 0.00980187 0.0009216381 0.0017823909 0.0036971853 0.0011453804 2.284116e-06 1.1293932e-05 0.00028598157 0.00031035254 6.913812e-06 6.99601e-06 0.00047967868 0.0002554276 2.0852422e-06 1.5492311e-05 1.258166e-06 0.0003891379 5.1917126e-05 2.4835213e-06 6.1174633e-06 1.2826274e-06 0.0028743881 0.0018391551 5.5700607e-06 5.7073445e-05 1.0755466e-06 0.00017533246 2.6540252e-05
0.761823 0.041064914 0.021875095 0.009101436 0.038053375 0.49802226 0.006081231 0.24782601 4.0056718e-21 0.1611363 0.9837324 0.0039486205 0.6784384 0.008880242 0.0017830955 0.4661502 0.072948955 0.0019115506 2.2654473e-05 0.018004335 0.07057385 0.14177075 9.957759e-06 0.17865625 0.1836062 0.123527154 0.00029133965 0.002035659 0.079116054 0.018254815 0.103454135 0.00027109342 0.24269058 0.03741611 7.1240913e-07 0.031188957 0.0001545547 1.1523987e-06 0.084599905 0.101852305 0.10248683 0.08435328 0.010251885 0.043141086 0.055608097 0.054169863 0.15920195 1.0738018e-05 1.8113244e-05 6.5511074e-07 0.04293152 0.0038763746 4.4620425e-05 0.004636644 0.027945824 1.7446904e-05 0.09420918 0.009498286 9.9000696e-05 0.00073377194 4.5009006e-07 0.009698383 2.4853098e-06 0.00032889892 1.3294148e-05 0.08820682 9.024903e-07 0.07932832 6.001284e-07 0.00014879179 6.0798942e-05 0.0008137888 0.0020392966 0.03797771 0.028048823 0.0429103 7.33106e-05 0.00024176181 2.032532e-05 3.713245e-05 3.2156917e-05 0.00013743353 1.701246e-05 0.0009948775 0.006182616 8.962419e-05 1.2328823e-05 5.0647404e-06 2.8934712e-06 0.0007093559 5.7406873e-05 3.2630733e-06 3.2043772e-05 9.576461e-07 0.015575911 0.021120295 3.2552234e-07 8.174346e-06 4.5184564e-07 6.175806e-06 1.5130964e-05
0.93039423 0.18657246 0.57176656 0.059232853 0.038758006 0.93033206 0.0516342 0.13320374 0.1611363 6.682668e-22 0.121914916 0.01754846 0.07550131 0.0050998535 0.005688172 0.9502869 0.007238527 0.0021788788 0.03489906 0.0016276079 0.0016127649 0.005678624 0.029196654 0.006377477 0.025326526 0.0048560156 0.0619678 0.22370192 0.06964225 0.5056104 0.94428945 0.03252489 0.011312749 0.6471371 0.0047907727 0.08779825 0.029245604 0.0010985422 0.0002586286 0.03333972 0.0005828602 0.0038891311 0.0029047974 0.00022129883 0.0013612779 0.10025246 0.011954767 0.006485607 0.0003116311 0.002074276 0.00032455538 0.09544711 6.590203e-05 5.0634775e-05 6.518066e-05 9.4067065e-05 0.116745524 9.742179e-05 0.00031515543 0.07759974 0.0013200169 0.000107824366 0.0024033987 7.9043755e-05 0.00015417371 0.022828672 0.000321363 0.0304823 6.8153918e-06 0.05112937 1.1015257e-05 5.981231e-06 1.705411e-05 0.19115305 0.0013638326 0.11120177 5.9439403e-06 0.00015161798 0.00011461928 0.000102308266 3.9660827e-06 1.6367285e-06 0.0004062498 3.4834437e-07 0.15129982 2.2003438e-05 8.540785e-05 0.0005072148 2.6345606e-06 0.079479426 1.6053407e-06 4.081091e-06 7.2939383e-07 2.5718198e-05 0.1620869 0.14953282 2.5303748e-06 1.9970255e-06 4.6325615e-05 0.013310076 4.0374871e-07
0.22614165 0.052214213 0.02672334 0.00929424 0.045344006 0.41986775 0.007121364 0.24780482 0.9837324 0.121914916 1.1535049e-19 0.0010732746 0.6881584 0.011145707 0.00078776985 0.52119136 0.08443974 0.0030923919 0.000491324 0.034792826 0.050808154 0.21366638 0.000100951285 0.6418688 0.38462672 0.52861124 0.0012463967 0.0011460305 0.09846821 0.0054817456 0.17334473 0.00093491154 0.35637334 0.015161683 2.1386004e-06 0.03759275 0.00018780617 6.558788e-06 0.10733735 0.18241887 0.20503657 0.10188787 0.00258825 0.065739915 0.10167105 0.03382174 0.10280092 6.228189e-05 2.670513e-05 7.5132317e-07 0.113923855 0.002022376 3.2188582e-05 0.012949171 0.06631651 4.844821e-06 0.04380268 0.024751922 0.00012733186 0.0018336497 5.572564e-06 0.027591715 8.414537e-06 0.000121634126 2.4114572e-05 0.060291197 2.0482545e-05 0.03657148 6.0681407e-07 0.000310994 1.1938511e-05 0.0061512925 0.004616962 0.0304471 0.03635387 0.01180337 1.6116062e-05 0.00026986044 3.4834056e-06 7.2208413e-06 4.064141e-06 0.00030808043 8.052109e-05 0.001815328 0.002788681 0.00023169017 6.80473e-07 1.627265e-05 1.8169698e-05 0.0002843718 0.0004163145 2.0964483e-06 0.00037405113 1.080263e-06 0.0065734005 0.005166092 1.8809196e-07 4.0933122e-05 1.6319102e-07 2.1576332e-05 0.00016141127
0.041922394 0.13901003 0.18220507 0.7179158 0.22855033 0.031720925 0.8453411 0.014846786 0.0039486205 0.01754846 0.0010732746 2.880593e-20 0.0020154696 0.042506978 0.9769792 0.0011975933 0.0029374703 0.13253441 0.26927555 0.0019243368 0.00033490418 0.00034190813 0.76615745 2.945419e-05 4.0477233e-05 2.2191468e-06 0.17814805 0.049270496 5.385034e-05 0.007975056 0.0002931666 0.035343666 9.1616756e-05 0.0036628637 0.27844802 9.494193e-05 0.025674304 0.35042927 8.0650887e-07 1.4462074e-05 8.196007e-06 1.1458326e-05 0.003718263 4.5491547e-07 1.08763925e-05 6.3177926e-05 0.00014367489 0.0040112096 0.043349016 0.01907889 1.0553781e-05 0.0053840717 0.030473076 1.6879487e-07 3.911541e-06 0.009514184 0.0005398795 1.2841085e-06 1.0551235e-05 0.0009694823 0.0018751646 8.745364e-06 0.0019056696 0.009722864 3.8005335e-05 0.00027706183 0.0010269426 0.000521975 0.011769419 0.0031678863 0.00017341772 1.1033035e-07 1.1112375e-06 0.0011949779 8.4460895e-05 0.0002306199 2.4680878e-05 0.00047221742 0.00089927926 0.0011933931 2.5965867e-06 6.61888e-07 0.00038749198 3.7822235e-07 0.0016232615 1.1623439e-05 0.00033859853 0.00026074157 2.0959396e-05 0.0031285319 6.579436e-06 0.0001353303 2.009723e-06 0.00011130321 0.0029550372 0.0016590056 1.32804e-05 1.3537573e-06 0.0002952206 0.005784021 3.0196716e-06
0.920341 0.060373917 0.032722853 0.028532574 0.14249803 0.3123112 0.009145675 0.48420334 0.6784384 0.07550131 0.6881584 0.0020154696 4.662666e-18 0.041845992 0.004225581 0.22920015 0.33934054 0.013180671 6.8969134e-06 0.14722387 0.3992216 0.9406952 7.945695e-05 0.27529997 0.06449488 0.15511124 0.0003076183 0.0019032867 0.013797788 0.004380925 0.017351527 0.0001998826 0.8908659 0.008176891 2.003089e-06 0.0052181603 8.1064136e-05 1.1179378e-05 0.31937695 0.02533499 0.1939817 0.019464519 0.23940493 0.21501301 0.022884147 0.010165534 0.044674605 3.7210918e-06 2.6665353e-05 2.5484753e-06 0.026068019 0.0033111235 4.016193e-05 0.097962976 0.028293444 6.281859e-05 0.017010946 0.118500434 0.028128264 0.00031993556 5.264779e-06 0.0065572495 1.6226197e-06 0.0022347705 0.0019710537 0.040533412 3.1035959e-06 0.022926884 2.3120556e-05 9.781875e-05 0.0016513529 0.015287813 0.010874609 0.0046988367 0.013287084 0.008289464 0.0014100947 0.0009468708 1.2174467e-05 0.000150518 0.00042263992 0.040656894 0.00011363245 0.0031121813 0.0022809794 0.0062256358 1.8820198e-05 4.9090246e-05 3.3534297e-06 3.8539973e-05 0.0003765603 2.605811e-05 0.00075653236 1.5456244e-05 0.010503317 0.009373194 1.012178e-05 0.00013093004 3.35857e-06 1.344177e-06 0.00025178434
0.015694533 0.20479934 0.034056533 0.58717823 0.8695028 0.029596465 0.1720486 0.32963875 0.008880242 0.0050998535 0.011145707 0.042506978 0.041845992 6.784935e-20 0.31805947 0.0021992456 0.28483355 0.9649912 0.0032970542 0.16272455 0.092030436 0.037295524 0.011052482 0.00086652447 0.0006521754 8.41837e-05 0.0036606586 0.0037426453 0.00018859535 0.00036514795 0.0002539942 0.0023230792 0.007189717 0.000104075705 0.002188618 6.929261e-05 0.0007682332 0.0020934269 0.00015307068 2.2636566e-05 0.00016615444 6.582773e-05 0.44022802 0.00014249005 3.5164045e-05 2.9010518e-05 0.000341563 8.602806e-05 5.489061e-05 2.2897155e-05 4.629452e-05 0.00012263641 0.00038421497 7.325972e-05 3.812175e-05 0.00015388787 0.00021791531 6.7343746e-05 0.01023318 5.4884535e-05 1.3149935e-05 3.0186167e-05 2.6567093e-05 0.109621406 0.014443977 0.00054046646 2.23242e-06 0.00036227648 0.00057499035 0.00026779078 0.016587943 2.2499771e-05 1.9350196e-05 0.0005159085 0.00022528211 8.135534e-05 0.0089209555 0.014338087 2.434219e-05 2.3506585e-05 0.00049729337 5.929953e-05 1.9945788e-05 1.3585685e-06 0.00011065485 0.00026516838 1.814921e-05 3.0651703e-05 8.9849e-05 7.832534e-05 3.965358e-05 9.8778604e-05 1.1091089e-05 3.5913254e-06 0.0005756647 0.00024716667 2.9847931e-06 4.4728728e-05 8.608498e-06 0.00016137649 3.388346e-05
0.015360467 0.10005089 0.06818814 0.6578904 0.43509692 0.012811472 0.5631103 0.020122854 0.0017830955 0.005688172 0.00078776985 0.9769792 0.004225581 0.31805947 8.310416e-19 0.0006952239 0.01052612 0.7886303 0.06411979 0.007190417 0.0028106146 0.0015372643 0.42221266 7.015757e-05 1.6155349e-05 7.5147977e-06 0.040964097 0.010433827 8.81134e-06 0.00080631895 2.9737963e-05 0.00666858 0.0004967388 0.00015630483 0.2028942 9.424257e-06 0.0050698365 0.34925795 1.1547811e-05 7.3184683e-06 9.0555295e-06 1.31795505e-05 0.038101427 7.1344903e-06 5.919514e-06 5.4407246e-06 7.6344455e-05 0.0014916055 0.023721287 0.0060076746 9.942956e-06 0.00038730464 0.090450205 1.704342e-06 5.7200377e-06 0.009690617 8.8424735e-05 2.5055084e-05 0.0007630151 5.8041875e-05 0.00070174463 3.896208e-05 0.0004658639 0.3074746 0.0009119707 0.00031067888 0.0006255999 0.00013532644 0.05864356 0.00028964394 0.002886841 8.4274063e-07 4.5492484e-06 0.0002008085 0.0001875794 0.00014794736 0.0004660972 0.011851811 0.00071992504 0.0010235194 5.184637e-05 4.4938362e-05 0.00020932859 2.2095467e-06 0.00017348853 7.273663e-05 0.00023091988 0.00012227414 0.00093245314 0.00024439945 2.7643814e-06 0.021594696 1.7774919e-05 5.5570436e-05 0.00054450566 0.00086323597 2.1092119e-05 2.1694434e-05 6.151362e-05 0.00092029467 1.6040423e-05
0.7343557 0.056131892 0.12349779 0.011485936 0.0319247 0.6169222 0.0077791144 0.07433371 0.4661502 0.9502869 0.52119136 0.0011975933 0.22920015 0.0021992456 0.0006952239 2.0280892e-19 0.0068330034 0.00045435663 0.0019093369 0.0009937856 0.0017656663 0.014695009 0.0021664747 0.1050348 0.8743303 0.13853765 0.0027734179 0.012775784 0.9448356 0.066275805 0.94405043 0.0030292147 0.052445456 0.1618945 3.9422444e-05 0.23089564 0.000812676 0.00011431952 0.0043487153 0.26880273 0.009986005 0.061493512 0.0010606138 0.002287505 0.023301339 0.0938938 0.10861221 0.00013265369 3.8558795e-05 6.797875e-05 0.010325106 0.008589121 3.9697607e-06 0.00024841703 0.0027419173 2.0814234e-06 0.12791571 0.0007447203 4.8232574e-05 0.007717683 0.00032419842 0.0036177123 2.7096354e-05 3.6948797e-05 6.922725e-06 0.07120677 0.000111936904 0.07863425 4.5164185e-07 0.00090052065 4.0258506e-06 0.00012687113 0.00033339846 0.08365598 0.014142549 0.08351067 1.8403672e-06 5.5921475e-05 2.3912664e-06 1.9868962e-06 2.204925e-07 8.8180354e-07 9.199446e-05 7.220872e-05 0.018522633 3.520112e-05 1.7266537e-06 7.826247e-05 4.1741832e-06 0.006216331 2.651044e-06 1.5915891e-06 4.7813905e-06 4.555281e-07 0.036136456 0.045375887 1.8890468e-07 7.2043497e-07 1.7689045e-07 0.0003872794 1.1888425e-06
0.08642695 0.08229788 0.024573822 0.10999605 0.68751013 0.072194375 0.024049183 0.75720286 0.072948955 0.007238527 0.08443974 0.0029374703 0.33934054 0.28483355 0.01052612 0.0068330034 1.23464636e-23 0.0563488 0.00028581228 0.93848795 0.96511966 0.69560045 0.0010812114 0.010280372 0.0042421133 0.003602263 0.00044716516 0.003044749 0.0027801348 0.0014312321 0.0028852327 0.0011772567 0.16916668 0.00076534617 4.2210617e-05 0.0007861442 0.00052639435 2.7548097e-06 0.0054663555 6.0766015e-05 0.004393134 0.0004591457 0.6961074 0.010068501 0.00050372735 0.00033139822 0.0006866534 4.3766824e-05 3.3026618e-06 1.928841e-06 0.0002544711 0.00021911731 4.126516e-06 0.013996612 0.0008184588 2.6005404e-05 0.0007579811 0.0021086228 0.18507336 3.973679e-05 5.6936227e-07 0.001066573 1.1876504e-06 0.0015335787 0.041092347 0.0013615038 1.8532348e-06 0.0011834101 7.2817234e-06 1.9837677e-05 0.006319733 0.0007621439 0.00030205387 0.001368771 0.0012565869 0.00020337912 0.01203445 0.0024828832 2.2981578e-05 1.2429832e-05 0.009509421 0.019544885 7.4519735e-06 2.3646482e-05 0.000100034136 0.0022226863 2.9213134e-05 1.7472395e-05 1.4780392e-06 7.722869e-05 4.8042697e-05 8.874602e-07 5.2282063e-05 5.085208e-06 0.0016533787 0.00047171014 2.5133138e-06 0.000425138 3.5915343e-06 4.9818e-05 0.0008650285
0.014424926 0.07379512 0.025167923 0.46644717 0.61028636 0.0108441 0.16681093 0.06484577 0.0019115506 0.0021788788 0.0030923919 0.13253441 0.013180671 0.9649912 0.7886303 0.00045435663 0.0563488 9.057949e-17 0.008367465 0.04134538 0.021154767 0.0069213463 0.024523968 8.729343e-05 2.7820442e-05 8.345457e-06 0.0061110435 0.0023675493 3.5377518e-06 0.000193313 8.565488e-06 0.0014390409 0.0013586795 2.8526425e-05 0.007041779 3.3443532e-06 0.00047133243 0.017934768 3.7108628e-05 4.117781e-06 2.7738264e-05 1.2004101e-05 0.38120404 2.5706648e-05 9.159757e-06 1.6563661e-06 0.0001367782 0.00035603065 0.0009011645 0.00025698036 3.2783744e-05 4.8432477e-05 0.0047012954 5.735869e-06 2.4231798e-05 0.0006027649 3.3753586e-05 2.655539e-05 0.009418952 7.5030466e-06 0.00011334433 1.0840469e-05 1.4870847e-05 0.34500697 0.015023212 0.00027511345 2.038847e-05 0.00026018688 0.0009092568 5.8305734e-05 0.06795874 6.7218303e-07 4.749129e-06 0.00011635578 9.048524e-05 0.00011057868 0.01999566 0.092318304 0.00015209589 8.560569e-05 0.00040820212 1.18099615e-05 1.7604714e-05 1.922716e-06 1.6345097e-05 0.000112188805 2.1700951e-05 1.8107563e-05 0.0012666471 4.578394e-05 1.0240926e-05 0.006203861 5.2440932e-06 9.589819e-06 0.00013936101 0.00036447425 1.4839168e-05 2.137362e-05 1.2244667e-05 0.00020038744 5.0039203e-06
0.75285345 0.011028035 0.056309793 0.11523732 0.04073812 0.004157589 0.5236146 0.00077232375 2.2654473e-05 0.03489906 0.000491324 0.26927555 6.8969134e-06 0.0032970542 0.06411979 0.0019093369 0.00028581228 0.008367465 3.8228097e-20 0.00013487395 4.697978e-06 8.678675e-07 0.963657 1.4956344e-06 5.633065e-06 2.409156e-07 0.93704677 0.4201601 1.2918991e-05 0.06503876 0.000750153 0.4148285 1.9457145e-06 0.01707189 0.78793037 0.00024994122 0.4284413 0.31752735 2.5746134e-08 4.3768637e-06 1.788135e-07 3.920837e-06 0.00019929995 9.328831e-09 2.4565554e-07 0.00020418136 1.13149e-05 0.11519799 0.3148942 0.77292705 4.1211734e-07 0.22393875 0.018407281 1.26865e-07 7.989652e-07 0.02685344 0.0010553228 3.7042486e-08 8.652602e-07 0.02588992 0.36560738 1.4692444e-06 0.025314769 0.0006435197 6.5589497e-06 0.00035861507 0.1130864 0.0005804572 0.0045617283 0.068639636 4.4173635e-06 1.853179e-07 1.5506545e-07 0.007938265 3.6500922e-05 0.0007325214 2.873614e-06 4.2686926e-05 0.0147253955 0.013646985 4.521006e-06 8.570227e-08 0.013522439 3.2735818e-07 0.02442407 6.015638e-05 0.01098767 0.0039810115 2.422467e-06 0.032160778 8.116055e-06 2.1544603e-05 7.850208e-06 0.0006599792 0.01609555 0.005324975 0.0006984387 5.8031437e-06 0.00044394558 0.05790849 3.3267193e-07
0.0423111 0.035237197 0.012516426 0.10941485 0.43516457 0.03334171 0.027846739 0.20882851 0.018004335 0.0016276079 0.034792826 0.0019243368 0.14722387 0.16272455 0.007190417 0.0009937856 0.93848795 0.04134538 0.00013487395 3.957755e-19 0.9676842 0.45295736 0.0008122827 0.00091944507 9.758777e-05 0.000621143 0.00086318824 0.00074988906 4.2306896e-05 0.00016073692 0.000106577216 0.000667024 0.05841199 9.758111e-06 2.84015e-05 1.1723097e-05 0.00024362242 7.332371e-06 0.003744509 1.0920309e-06 0.0005221246 2.7777787e-05 0.8008829 0.0034213548 1.5166794e-05 2.6503915e-06 0.00012477537 6.4635446e-05 3.172624e-06 2.8863963e-06 6.291655e-05 4.3226202e-05 2.7208123e-06 0.0058419527 0.00027088745 1.631767e-05 3.7317583e-05 0.0007768572 0.23473826 4.0573737e-05 7.4978816e-06 0.00014778532 7.2068366e-07 0.006333363 0.06765416 0.00043088922 2.1142093e-06 0.000111612644 2.211218e-06 1.5920727e-05 0.016682211 0.0003697155 0.00019919526 0.0001713779 0.00037981532 1.0265576e-05 0.023507824 0.004097623 3.311933e-05 1.2551669e-05 0.016114973 0.03863494 3.718451e-05 6.7777846e-06 2.228917e-05 0.009548179 2.790377e-05 1.815013e-05 3.3102924e-06 5.311081e-05 5.804602e-05 1.907977e-06 1.1012473e-05 7.879369e-06 0.0002884173 0.0007043568 1.1482979e-06 0.0010442218 2.0935513e-06 9.7467555e-06 6.017405e-05
0.12896171 0.02846222 0.0075346655 0.04724431 0.39325762 0.0660643 0.008645221 0.3209835 0.07057385 0.0016127649 0.050808154 0.00033490418 0.3992216 0.092030436 0.0028106146 0.0017656663 0.96511966 0.021154767 4.697978e-06 0.9676842 4.746537e-22 0.8940773 2.9786072e-05 0.002854184 0.0003535022 0.0011228027 6.174732e-05 0.0009559139 0.0002549613 0.00018282687 0.0004942822 6.98528e-05 0.22621131 1.5426733e-05 1.8149324e-06 4.253101e-05 4.5145884e-05 1.0832377e-07 0.007471811 2.2439503e-06 0.002357051 1.5325466e-05 0.7989231 0.020999808 2.4829777e-05 1.0217425e-05 0.00011119648 4.3457358e-06 1.2931663e-07 2.6185484e-07 0.00017280523 5.4709886e-05 8.767471e-07 0.030894669 0.0009876264 1.0126616e-05 2.6251944e-05 0.0018956098 0.31843397 3.7660031e-06 1.7208058e-07 0.00025938344 6.2561114e-08 0.0017867757 0.055984084 0.00032780415 1.0909801e-07 0.00018018941 2.144423e-06 1.8247467e-06 0.008050738 0.0018405245 0.00046666074 0.00035315176 0.0006146032 8.899311e-06 0.018255841 0.001888758 1.254794e-06 2.1399085e-06 0.016687715 0.21728088 1.5558264e-06 2.4242963e-05 2.4542408e-06 0.02019314 2.7274477e-06 2.1468725e-06 1.1481051e-06 3.669713e-06 0.0001254044 7.3583914e-07 2.127793e-05 1.0739468e-06 0.00011701647 8.767965e-05 1.3308514e-06 0.0016116732 4.8069046e-07 6.647949e-07 0.0002109736
0.53111297 0.026550936 0.008192514 0.027379597 0.35586977 0.058740888 0.003581385 0.43034086 0.14177075 0.005678624 0.21366638 0.00034190813 0.9406952 0.037295524 0.0015372643 0.014695009 0.69560045 0.0069213463 8.678675e-07 0.45295736 0.8940773 1.4264273e-19 4.6575195e-05 0.03608689 0.0040460853 0.011925256 6.66879e-05 0.0004224354 0.0017581177 0.0002476322 0.004169206 0.00030509432 0.9432785 0.00011314692 1.9127512e-05 0.0005245394 8.4926614e-05 6.167331e-06 0.1843989 0.001066896 0.055962663 0.0021250686 0.4219862 0.35171878 0.0046120486 0.000196746 0.0014128918 1.1488756e-05 8.639491e-05 3.9632055e-06 0.010044161 0.0002143865 9.238169e-06 0.38364643 0.021450674 0.0001535173 0.00063731574 0.22139908 0.18710932 4.4131466e-05 5.5492133e-06 0.0043810927 3.5970634e-06 0.0007908557 0.010801915 0.0020985089 6.8524428e-06 0.00056051253 4.8171893e-05 1.3892954e-05 0.0012592182 0.04863617 0.0071731503 0.0010205667 0.004297543 9.741826e-05 0.0035408286 0.001278337 2.51164e-05 0.00018752144 0.004853955 0.5585714 0.00010069341 0.0030890843 5.9868442e-05 0.015503945 1.7989041e-05 0.000115917195 5.093619e-06 3.7254806e-06 0.00088663463 5.610258e-06 0.00021374568 9.036559e-06 0.0013295562 0.0014397876 5.7112815e-05 0.0006880119 4.853927e-06 2.2679504e-07 0.0006557459
0.17300686 0.03975699 0.12815215 0.31108657 0.08267105 0.016736006 0.7074991 0.003998764 9.957759e-06 0.029196654 0.000100951285 0.76615745 7.945695e-05 0.011052482 0.42221266 0.0021664747 0.0010812114 0.024523968 0.963657 0.0008122827 2.9786072e-05 4.6575195e-05 6.0620386e-18 3.4312652e-06 1.898462e-05 2.6255395e-07 0.543787 0.17434889 3.8079746e-05 0.015724437 0.0011762445 0.21201861 1.9722984e-05 0.0032437746 0.9338912 0.0001417334 0.10154822 0.6134366 1.7804436e-07 2.4326919e-05 1.7282963e-06 7.879287e-06 0.0005630246 1.2881382e-07 3.271589e-06 6.8929716e-05 5.5453547e-05 0.03641568 0.34661156 0.39734605 9.21478e-06 0.0164646 0.08983034 1.053468e-06 8.344883e-06 0.07273648 0.00042423094 1.4112765e-06 1.8547731e-06 0.0010301318 0.023371767 9.893825e-06 0.006555549 0.0053115087 7.930878e-07 0.00013750064 0.028397767 0.00015900128 0.07512083 0.015154136 8.125601e-05 1.314062e-07 6.876429e-06 0.0019192785 0.0001453722 0.00021212215 1.651068e-05 0.0003814743 0.007129801 0.01457751 3.0898725e-06 1.9755635e-06 0.0021888893 4.343358e-06 0.0016103727 0.00029220057 0.0053447178 0.0013622708 1.124069e-05 0.0089187175 1.1851662e-05 4.8375146e-05 1.3161125e-05 0.000898356 0.0019258973 0.0018886393 0.00093070825 1.7025866e-05 0.0011471722 0.018215824 6.0827037e-06
0.17652471 0.003050706 0.00097644655 0.00021243087 0.0022277262 0.017676366 0.00012006386 0.013278343 0.17865625 0.006377477 0.6418688 2.945419e-05 0.27529997 0.00086652447 7.015757e-05 0.1050348 0.010280372 8.729343e-05 1.4956344e-06 0.00091944507 0.002854184 0.03608689 3.4312652e-06 2.0434022e-20 0.3539855 0.99401593 4.9929447e-05 2.2516235e-05 0.04894042 0.00034865615 0.047284402 6.765389e-05 0.18082817 0.0022448655 1.7818511e-06 0.014081691 8.01471e-06 5.4426655e-06 0.28572124 0.12212898 0.38270977 0.104312606 0.00045886252 0.0884889 0.15228683 0.013362337 0.09789336 9.18016e-06 3.215603e-05 1.6833376e-06 0.17676675 0.00014875292 5.408815e-06 0.024173416 0.07549231 2.6927557e-06 0.02268168 0.07513558 6.385568e-05 0.00020720775 3.5132953e-06 0.037028622 7.7452245e-07 1.6793138e-05 1.1062915e-05 0.06012483 3.5721625e-06 0.01628908 3.2847086e-07 7.995174e-06 1.9339846e-05 0.016937647 0.018797612 0.0061269044 0.06314028 0.0017974199 1.2809046e-05 6.051803e-05 5.199975e-06 1.690092e-06 9.115359e-06 0.0008471574 7.20835e-05 0.0077371006 0.00077498617 0.0005306125 9.903431e-07 1.22226875e-05 2.5102416e-05 9.229081e-06 0.0012198304 5.574238e-06 0.001105643 9.551597e-07 0.0015008734 0.0014943691 3.6129518e-07 1.551486e-05 4.4255546e-07 9.711705e-07 0.00024955274
0.41991967 0.0027548808 0.0030021262 0.00024436027 0.0013920792 0.018085139 0.00016485545 0.008005327 0.1836062 0.025326526 0.38462672 4.0477233e-05 0.06449488 0.0006521754 1.6155349e-05 0.8743303 0.0042421133 2.7820442e-05 5.633065e-06 9.758777e-05 0.0003535022 0.0040460853 1.898462e-05 0.3539855 4.83339e-19 0.5712459 0.00011863351 0.000118259166 0.9820902 0.0030573073 0.14282647 0.00016569508 0.026701655 0.019573083 4.240032e-07 0.054492205 6.0640275e-05 4.8310784e-07 0.024446087 0.68384326 0.07177273 0.33077094 0.00049705844 0.0037606647 0.18571593 0.046892527 0.33707958 1.1593349e-05 4.1901326e-06 8.3787864e-07 0.061797086 0.0010598272 3.1220907e-06 0.0006698918 0.012957763 3.5514086e-06 0.057133466 0.003104757 7.888919e-06 0.001682447 1.7739101e-05 0.017166205 4.94651e-06 4.8785907e-05 4.21112e-06 0.1322265 8.756232e-07 0.060559675 2.1075418e-06 2.1193904e-05 1.15439225e-05 0.0014205294 0.0013522123 0.026219167 0.057211585 0.012836549 8.298893e-06 8.4760584e-05 8.467913e-07 2.1219173e-06 8.5347915e-07 5.1418763e-05 1.334571e-05 0.0006183471 0.0023951933 2.0722722e-05 2.801843e-07 2.665555e-06 2.2523409e-05 0.00016487636 0.00021903792 1.319422e-06 0.00042908124 3.4001644e-07 0.0069517465 0.012652907 1.4950547e-07 6.539791e-05 7.537895e-08 2.37527e-06 3.8618047e-05
0.28119564 0.0017629338 0.00022401659 7.399699e-05 0.0012905484 0.0073563745 2.883784e-05 0.008430579 0.123527154 0.0048560156 0.52861124 2.2191468e-06 0.15511124 8.41837e-05 7.5147977e-06 0.13853765 0.003602263 8.345457e-06 2.409156e-07 0.000621143 0.0011228027 0.011925256 2.6255395e-07 0.99401593 0.5712459 1.8394582e-21 8.704583e-06 6.36952e-06 0.15536295 0.00019544551 0.064440474 2.2205843e-06 0.14953187 0.0024814685 1.3300082e-07 0.035995346 7.8432817e-07 1.2899146e-07 0.17295676 0.35210693 0.45571208 0.3101202 0.00018177523 0.07693218 0.515888 0.032120638 0.291491 7.712998e-07 1.5407596e-06 5.8423137e-08 0.32834166 0.00019011188 1.8829263e-05 0.013344324 0.11570959 2.866828e-06 0.050623287 0.06821794 3.8981834e-06 0.0003632448 6.9088806e-08 0.05200112 6.372473e-08 1.702326e-06 5.432468e-07 0.17048134 2.1176042e-07 0.06694623 2.303e-07 6.757042e-06 2.5974322e-07 0.009834173 0.021963097 0.025909709 0.10393392 0.008088417 1.9696695e-06 2.4675677e-05 6.651976e-07 3.4606778e-06 1.4116358e-06 9.2670096e-05 3.9942015e-06 0.0057097375 0.0011804518 1.1264019e-05 3.8626072e-07 2.6215405e-06 1.0743083e-06 3.023151e-05 0.00038376672 1.060818e-07 0.0004861256 1.5955258e-07 0.002979616 0.00473073 3.7293105e-07 1.3535476e-05 1.3359359e-07 1.3896174e-07 0.000220731
0.6505923 0.01406132 0.11531345 0.03695584 0.014774645 0.02261826 0.4324132 0.0019758933 0.00029133965 0.0619678 0.0012463967 0.17814805 0.0003076183 0.0036606586 0.040964097 0.0027734179 0.00044716516 0.0061110435 0.93704677 0.00086318824 6.174732e-05 6.66879e-05 0.543787 4.9929447e-05 0.00011863351 8.704583e-06 2.4767174e-20 0.4258945 0.00018178702 0.10165577 0.007405722 0.9722956 0.00018193721 0.023393542 0.4946196 0.0007037069 0.51006204 0.12764455 1.0380855e-06 1.7015234e-05 5.5216938e-06 2.6659352e-05 0.0003333002 2.1477807e-07 1.600937e-05 0.0019787464 5.3856296e-05 0.3503601 0.14037675 0.7724797 7.332392e-06 0.22989471 0.008764864 2.1367393e-06 3.894382e-06 0.014791901 0.0035294418 6.668564e-06 3.4964072e-05 0.09743276 0.5722108 3.1134236e-06 0.117750846 0.000811375 0.00021099897 0.00034447637 0.11451039 0.0009372702 0.0026403207 0.33608717 5.5289024e-06 4.69545e-07 1.3560664e-06 0.02219234 9.0171e-05 0.0019141694 1.194039e-05 5.943785e-05 0.049076885 0.019036273 3.4615987e-06 1.3487739e-06 0.09161298 1.2732936e-07 0.0956587 0.00012787839 0.0316816 0.025108729 3.1603604e-06 0.079120465 1.7112247e-06 7.534503e-06 1.2840944e-05 0.0040714634 0.043097474 0.008790081 0.0013608658 3.900894e-06 0.002163846 0.11424037 7.725616e-07
0.9116905 0.045402538 0.50189614 0.06363647 0.034646697 0.05895965 0.17096888 0.009543545 0.002035659 0.22370192 0.0011460305 0.049270496 0.0019032867 0.0037426453 0.010433827 0.012775784 0.003044749 0.0023675493 0.4201601 0.00074988906 0.0009559139 0.0004224354 0.17434889 2.2516235e-05 0.000118259166 6.36952e-06 0.4258945 3.8988513e-18 0.0005687795 0.9605319 0.03619002 0.67923445 0.0007822527 0.38312638 0.09811517 0.003395549 0.9235074 0.01058872 8.2446144e-07 0.00014958542 1.6014842e-06 2.7079072e-05 0.0070727854 6.1242868e-06 4.8426314e-06 0.0068796305 7.202118e-05 0.3152499 0.014027855 0.2235244 2.7691174e-06 0.62880325 0.0010126936 1.16748315e-05 7.3483346e-07 0.0017531993 0.013318082 7.3793257e-07 0.00045155617 0.6117904 0.2253645 9.321281e-07 0.055038903 0.00052696996 0.0007037696 0.00091595 0.01469227 0.0019978124 0.00014514793 0.48746368 9.772048e-05 1.3940335e-05 7.604797e-07 0.0792023 3.4011766e-05 0.009635243 9.552728e-05 0.00011196306 0.006090227 0.0033666964 2.3800625e-05 6.593161e-06 0.012372893 3.6419678e-08 0.37108865 0.00013053582 0.0018108998 0.010864653 7.2850853e-06 0.09039333 1.6088903e-06 4.02669e-05 1.699784e-06 0.0018992433 0.21311395 0.07065016 0.00030575634 2.1403646e-05 0.0017161221 0.04441028 3.311892e-07
0.34983152 0.0057186205 0.003418956 0.0003578049 0.00075017556 0.026655745 0.00019436242 0.008231182 0.079116054 0.06964225 0.09846821 5.385034e-05 0.013797788 0.00018859535 8.81134e-06 0.9448356 0.0027801348 3.5377518e-06 1.2918991e-05 4.2306896e-05 0.0002549613 0.0017581177 3.8079746e-05 0.04894042 0.9820902 0.15536295 0.00018178702 0.0005687795 5.7743157e-19 0.006307146 0.34339753 0.00031141663 0.010856279 0.030562958 7.508733e-07 0.21531259 2.4924795e-05 1.4625731e-06 0.007715699 0.8541382 0.04487718 0.4451389 0.00024704132 0.0023792458 0.11780877 0.07773141 0.5346707 1.2466588e-05 5.679114e-06 7.24038e-07 0.073485814 0.0017596374 2.8196193e-06 0.00030403415 0.014944134 5.7755215e-06 0.09553109 0.002485783 5.9321333e-06 0.0031681885 2.1865711e-05 0.019994287 4.3028062e-06 2.962068e-06 4.908568e-06 0.2029126 5.0776794e-07 0.106968366 1.0934754e-06 8.69071e-05 4.1700964e-06 0.000873716 0.0010471232 0.054997236 0.06945211 0.024018293 1.5328907e-06 1.5602953e-05 3.499957e-07 1.074625e-06 5.954502e-07 5.225076e-07 9.089481e-06 0.00040553312 0.0050381985 1.7030625e-05 2.3585697e-07 3.9897927e-06 9.962993e-06 0.0010296702 7.9435886e-05 1.3550631e-06 4.552974e-05 3.1475363e-07 0.009849007 0.019080183 2.3267008e-07 2.300208e-05 1.2249875e-07 1.1277013e-05 5.9695435e-06
0.943808 0.03870869 0.43940878 0.019373732 0.012945126 0.10922922 0.04469588 0.017300272 0.018254815 0.5056104 0.0054817456 0.007975056 0.004380925 0.00036514795 0.00080631895 0.066275805 0.0014312321 0.000193313 0.06503876 0.00016073692 0.00018282687 0.0002476322 0.015724437 0.00034865615 0.0030573073 0.00019544551 0.10165577 0.9605319 0.006307146 4.7298973e-19 0.2026282 0.149391 0.0015006209 0.9677635 0.0059128143 0.022263234 0.33469468 0.00024517914 7.2739845e-06 0.0041074334 4.6847686e-05 0.0005747691 0.001529064 3.0783885e-05 0.00026250357 0.037506063 0.0043843193 0.029190626 0.00011336607 0.011045196 0.0001367898 0.7277275 1.5830128e-05 5.051699e-05 2.2806886e-05 4.5057066e-05 0.08157431 1.4862622e-05 2.5405438e-05 0.5623036 0.008596676 2.4904906e-05 0.0058094147 7.546156e-05 3.8084505e-05 0.008612535 0.00027626974 0.027329667 4.859522e-06 0.14337695 6.546233e-06 2.1691061e-05 2.0532318e-05 0.28303558 0.0009031452 0.05480074 6.57351e-06 1.2946667e-05 6.107894e-05 9.4055504e-05 2.835226e-06 3.8285955e-07 0.0005813001 8.079423e-07 0.44089344 7.487592e-06 3.6485086e-05 0.0005048169 8.181255e-06 0.04372261 2.8830923e-06 3.6632915e-05 2.1196784e-06 4.2552718e-05 0.37877998 0.2454555 5.170606e-06 1.7998907e-05 7.741252e-05 0.017072938 4.907718e-07
0.43468043 0.031728324 0.05970704 0.001259109 0.0030810197 0.17877045 0.0022233254 0.012976739 0.103454135 0.94428945 0.17334473 0.0002931666 0.017351527 0.0002539942 2.9737963e-05 0.94405043 0.0028852327 8.565488e-06 0.000750153 0.000106577216 0.0004942822 0.004169206 0.0011762445 0.047284402 0.14282647 0.064440474 0.007405722 0.03619002 0.34339753 0.2026282 5.900851e-23 0.0074082543 0.012603836 0.506691 1.9313784e-05 0.96818674 0.007200388 3.1905772e-06 0.0023484328 0.23779848 0.005808703 0.055131007 0.0009325021 0.00040225315 0.018591587 0.50748813 0.03299778 0.0010624167 2.9647035e-05 3.914058e-05 0.012844104 0.02633806 9.3498414e-07 1.7866863e-05 0.0020913933 1.2333192e-06 0.280184 0.00030250647 1.7537985e-05 0.041671395 0.00035443084 0.0018480734 0.00024950778 2.2348195e-05 1.2469988e-07 0.038026858 6.9716436e-05 0.08535345 1.0833369e-07 0.011167279 1.1792747e-06 2.7201317e-05 0.00012939454 0.45205608 0.013188202 0.17169791 1.0001566e-07 6.8492345e-06 1.7483203e-06 8.238618e-07 1.0944919e-07 2.0186405e-07 5.0033694e-05 1.2528229e-05 0.09910353 1.5836138e-05 8.291855e-07 0.00020676813 1.109667e-06 0.04052709 9.760294e-07 2.4949813e-07 5.3632593e-06 2.535932e-07 0.08580191 0.12606584 3.7488498e-08 8.6660873e-07 5.724013e-07 0.0042484677 1.1424931e-06
