3.1740093e-29 0.005538497 0.0039386745 0.76918226 7.8888545e-05 0.43958262 0.31110907 1.4042269e-06 0.065344065 0.01578738 3.3353284e-05 0.51816034 1.8975883e-06 0.97071135 0.034356408 0.22418223 0.31600738 0.8180668 0.0011140645 0.4199512 0.12516747 1.9701572e-05 0.055222888 0.6617059 0.0064110104 0.0010581537 6.3262094e-05 2.2844873e-07 0.93756145 0.004097599 1.6008016e-06 3.1071457e-07 0.40922576 0.79991275 0.14458452 0.32254317 0.6060031 0.1964038 0.14066254 0.39085516 0.4785948 0.46706346 0.7624509 5.8583155e-06 0.0072232555 0.00086425076 0.012066179 0.25670058 0.007998371 0.28871295 0.4259045 0.95250887 0.632554 0.071914874 0.3576015 2.9947383e-08 0.85671586 0.003602644 0.006676875 0.84896666 0.33410826 0.9650024 0.33132535 0.83430755 0.8735473 6.5699154e-05 0.57029176 0.43594798 0.6047447 0.8080389 0.42538798 0.466879 3.9717296e-08 0.24590951 0.13640592 0.9941117 0.9959369 0.06609407 0.3025642 0.3609572 0.86521274 0.98334706 0.017958213 0.00021991198 0.9992084 0.9252257 0.0041410597 6.8459918e-09 0.0012467711 0.99264646 0.0018365611 0.27139515 0.9986373 0.9936589 0.9592655 0.3075402 0.018450812 0.09060877 0.008534203 0.7463311 0.9999884
0.005538497 1.6849037e-17 0.93469465 0.9330725 0.14875293 0.30992317 0.11298749 0.220585 0.027432468 0.11002659 0.005685552 0.10258984 0.0057098656 0.082160465 0.0043734536 0.045796458 0.13971588 0.09127172 0.0074083568 0.021784618 0.06449221 0.001474251 0.0021474555 0.024934601 0.003056045 0.002868104 0.0026492826 0.0004408581 0.012253434 0.0011106868 0.0033470432 0.0026844842 0.0048342682 0.005235082 0.0018388289 0.0028492059 0.0054706084 0.004137237 0.0027631377 0.003031083 0.005121823 0.0044580516 0.010267786 0.0006488868 5.3366066e-06 0.00060403027 0.0009676626 0.0031725166 0.0015471566 0.0022544062 0.0036891075 0.0005136023 0.0008628433 2.3107617e-05 0.0019895853 0.0011295932 0.0023806384 0.00019353288 0.0002554768 0.00039081406 0.0017961356 0.002417804 0.00056557305 0.00033394387 0.0013533921 0.00019787764 0.002094604 0.0008486905 0.0027854769 0.00035637702 0.00042496552 0.0037830174 1.6580216e-05 0.00027383238 0.0011940864 0.0013752589 0.0016584337 5.383581e-05 0.0007321757 0.0002569465 0.00020617998 0.00087137654 9.569624e-05 0.00021103235 0.001982945 2.0595191e-05 7.3575e-05 1.184568e-06 3.206606e-05 0.0012112706 2.44304e-05 9.716254e-05 0.0004963967 0.0015433452 9.070936e-05 5.822049e-05 1.4761932e-05 0.00039089273 1.4823003e-05 0.0011877359 0.00053483655
0.0039386745 0.93469465 6.7494464e-18 0.73979574 0.81678206 0.06349685 0.019564971 0.013810873 0.0063661984 0.23361668 0.06502087 0.039080087 0.064300045 0.02845079 0.0008282605 0.07055005 0.043227527 0.016443394 0.027153905 0.013059764 0.021435842 0.0042574457 0.00017644861 0.014341313 0.0055779214 0.0051142653 0.0003233249 0.0018820934 0.0044019828 0.0037461466 0.00091344956 0.0027475725 0.0042007617 0.0009622001 0.0025054475 2.031315e-05 0.0002115506 5.6597823e-05 7.702219e-06 0.00076805474 0.00022466054 0.00045537652 0.00063887145 0.0029289834 3.3775768e-07 1.0630572e-05 0.0010104189 0.00015696135 0.0044028875 0.00010326824 0.00028077295 3.6077912e-05 0.00037917978 3.2685282e-05 0.00036773455 0.006222867 6.640884e-05 0.00071718637 8.538036e-06 1.9009149e-05 9.984423e-06 0.00069509936 4.8448182e-05 2.0376885e-05 0.00013128451 0.0002248155 0.000273271 0.00017768926 0.0009557722 2.9146957e-05 2.0059117e-05 9.393906e-05 0.0004378386 2.124018e-05 2.8727001e-05 0.00016667196 0.0002584333 1.6215276e-06 9.123882e-06 1.6184604e-05 1.9676618e-05 0.00019336684 4.1972035e-06 0.00030085162 0.00010833375 8.8379e-06 0.00019015413 4.5720495e-05 2.6880962e-06 0.00020044843 4.821787e-06 6.5737163e-06 2.065471e-05 0.00015630186 7.924759e-06 5.481525e-06 1.4269061e-06 6.0203554e-05 1.8468401e-05 8.580531e-06 0.00014443831
0.76918226 0.9330725 0.73979574 7.867158e-18 0.3400356 0.86603445 0.43312308 0.027064648 0.24510247 0.6498228 0.09926559 0.59831166 0.055044223 0.60670215 0.01083693 0.5867075 0.72188896 0.727632 0.07299489 0.47352898 0.41079438 0.009220852 0.0018048704 0.40680867 0.031705476 0.018342134 0.02137088 0.0024161995 0.25459835 0.020785421 0.0047219875 0.0039194655 0.08011164 0.04484858 0.013701286 0.004920295 0.023150403 0.0067153117 0.006694674 0.024122376 0.0062160017 0.0038751583 0.21069226 0.0048642955 4.8482366e-06 3.6721867e-05 0.0021853864 0.0022647022 0.0018939303 0.0033769023 0.03330903 0.0016626857 0.0056469105 0.0001257011 0.042976785 0.0022522346 0.010034687 0.0010093652 4.491039e-05 0.009072784 0.0014232225 0.010588665 0.0011603367 0.0073169307 0.010245587 0.00046162616 0.009470993 0.0029167896 0.013415864 0.009360018 0.0032755139 0.0011131347 0.0003944452 0.00034574993 0.00041260067 0.0014338113 0.0010913637 0.0001440589 0.00029123522 0.0004990755 0.0015627749 0.00626626 0.00017588446 0.00024265876 0.0023012569 0.000103269515 0.00013673997 5.9263348e-05 0.00010473125 0.003507335 7.484447e-05 2.9750245e-05 0.0003511597 0.001135793 0.00014113371 0.000104570965 1.8869943e-05 0.00017544902 1.9467512e-05 0.0019584193 0.0017275178
7.8888545e-05 0.14875293 0.81678206 0.3400356 3.0899756e-21 0.0070640356 0.002114032 0.0021371676 0.00058051036 0.38229114 0.14614524 0.0037609988 0.33872482 0.0031121995 1.5049597e-05 0.021213178 0.007833173 0.0024593077 0.019816833 0.0026810993 0.007984923 0.010830747 8.627203e-06 0.0036654216 0.0023841746 0.0055550756 4.376983e-05 0.0039624646 0.0019940997 0.0013808212 8.1284765e-05 0.00049858383 0.0024198014 7.8298595e-05 0.0013508602 1.3359289e-06 1.331243e-05 3.5270325e-06 3.310045e-07 0.00026768685 7.1747105e-05 0.00021042605 8.504981e-05 0.00045681145 6.769967e-08 1.7064692e-06 0.00038437254 2.8288994e-05 0.000574359 2.5438918e-05 2.181127e-05 8.005914e-05 0.0001400163 5.103665e-06 3.2218006e-05 0.0010087858 2.4238454e-05 1.2071018e-05 9.95408e-07 1.7717366e-06 8.26467e-06 0.0001787858 1.1891151e-05 4.316081e-06 0.00013775185 0.000101294994 1.5687283e-05 4.2728552e-05 0.00025366692 8.656956e-06 8.998189e-06 8.634064e-05 2.373634e-05 3.1828304e-06 1.6637046e-05 2.7166861e-05 9.186925e-05 1.6298376e-06 2.376327e-05 1.0217279e-05 9.809195e-06 3.3204815e-05 3.267218e-06 1.8701521e-05 6.676502e-05 6.3449597e-06 1.3775862e-05 1.4517014e-05 1.7423134e-06 0.00044340946 6.264425e-07 3.1804152e-06 2.2414853e-05 6.300932e-05 1.651404e-06 8.015669e-07 5.1929305e-07 9.65506e-05 1.1571341e-06 1.1691701e-05 0.00014523738
0.43958262 0.30992317 0.06349685 0.86603445 0.0070640356 4.912877e-19 0.7774685 0.0023198735 0.8863991 0.07268724 0.000660208 0.95495695 0.00012370698 0.7690481 0.03776422 0.059298843 0.24746944 0.6951103 0.0021761584 0.115493484 0.032200903 8.6540625e-05 0.01835543 0.092790075 0.0052218884 0.00044917074 0.0007801544 1.7021068e-06 0.07063402 0.0007723363 0.0010499917 0.00107613 0.014262253 0.13432844 0.0012048334 0.003876038 0.01481494 0.015153393 0.0013100731 0.010175136 0.02556395 0.0067458074 0.021637095 8.951119e-05 1.557499e-05 3.575147e-05 0.00025350825 0.002882261 0.0002437407 0.012823831 0.012389217 0.00055833923 0.004249576 6.46042e-05 0.007378082 2.7046563e-06 0.006902346 0.00023411987 2.1801141e-05 0.0126843015 0.001465042 0.017019918 0.00043754117 0.010391657 0.0063545685 8.649904e-05 0.005134326 0.0007157761 0.012730552 0.0024653615 0.00068583235 0.002846049 5.993377e-06 0.0001629889 0.00013795565 0.0013658274 0.0067170025 8.9847206e-05 0.00013705147 0.00021131047 0.0019946177 0.0063530803 0.00012679784 2.0623062e-05 0.0057553975 0.00041783834 3.0403123e-06 6.0147767e-07 4.0867322e-05 0.0048119184 2.0179072e-05 0.0004706268 0.00011727184 0.0010684222 6.5461994e-05 7.831219e-05 2.4739224e-05 7.479724e-05 9.230595e-06 0.0002161273 0.023479257
0.31110907 0.11298749 0.019564971 0.43312308 0.002114032 0.7774685 1.1576705e-19 0.01343154 0.9845754 0.0027935896 0.00013931503 0.5800842 8.220775e-06 0.5700924 0.27587447 0.0049581924 0.05666871 0.17269471 6.472831e-06 0.024387524 0.005644861 2.9721389e-06 0.18252687 0.015303938 1.0723293e-05 1.4923369e-05 0.005932963 2.368955e-07 0.009110927 3.1437671e-06 0.0057014967 0.003413634 0.0005416654 0.034176446 2.9349825e-05 0.06904084 0.038663205 0.032767553 0.049484827 0.00041466163 0.029229857 0.06597427 0.013683175 2.1074726e-05 0.002768509 0.0045141736 8.159725e-06 0.009938429 2.1185335e-05 0.010805434 0.003925522 0.0069704405 0.00029970444 5.267499e-07 0.002962423 2.6377796e-07 0.008580974 6.0767957e-06 0.0005416047 0.005013407 0.00796905 0.019082822 0.004368749 0.0015535774 0.0021938998 1.4587118e-06 0.0029415577 3.416469e-05 0.024495736 0.0011003263 7.307627e-05 0.0068761543 3.3367533e-07 0.0014879733 0.0011138758 0.008760606 0.005935959 0.000404443 3.8253606e-06 1.6575323e-06 0.0003489061 0.0016128125 0.0007472363 1.6150489e-06 0.0067747217 5.7149482e-05 2.748771e-06 1.4161172e-07 6.421182e-07 0.0008713113 8.289202e-08 1.0652559e-06 8.475055e-05 0.0063679963 3.822767e-06 8.524323e-07 7.14282e-07 0.0006395124 1.725224e-07 0.0046190033 0.0015641197
1.4042269e-06 0.220585 0.013810873 0.027064648 0.0021371676 0.0023198735 0.01343154 8.068329e-18 0.0013055854 0.0027867644 0.00010909214 0.0015590518 7.418608e-05 0.0009268672 0.21850678 0.0009025261 0.00028235966 6.8720656e-05 1.17834115e-05 0.00011717123 0.0001572874 1.0896263e-05 0.18453974 0.00018125869 2.3361412e-05 2.2621614e-05 0.39833215 1.1027543e-05 9.160941e-05 1.8043023e-05 0.1273716 0.6836073 0.00017212481 3.7606417e-06 0.00018974004 0.00037859424 2.2922138e-06 1.4937522e-05 0.00072089786 9.48763e-05 3.4792886e-06 0.0017033922 9.449294e-06 0.00041427443 7.246196e-05 0.00032628025 0.00045318194 9.370566e-06 0.00022987727 6.626861e-06 3.17899e-06 0.0016294788 1.9843714e-05 9.7366465e-06 3.440724e-05 0.0061788615 5.746783e-07 0.00025973 0.000194257 3.1642057e-06 2.1278802e-05 3.0820247e-05 9.292874e-06 1.0985368e-07 3.4170534e-06 0.0021808743 2.7845672e-06 0.00015312675 6.73602e-05 7.2277585e-06 5.4686643e-06 6.151814e-05 0.00045637623 2.7435635e-05 0.0002983749 2.4717458e-05 3.528565e-05 0.00016408546 3.9473154e-05 1.02464155e-05 5.826434e-06 6.4194282e-06 4.132095e-05 0.00060962874 1.6372414e-05 2.4537844e-06 0.00017499036 0.00010930897 1.190273e-06 2.1865542e-05 8.7435575e-07 7.10238e-06 3.598273e-05 3.5787216e-05 1.9741865e-06 2.0532073e-06 2.3570126e-06 3.0467456e-05 1.1527563e-05 4.2475556e-05 0.00017326514
0.065344065 0.027432468 0.0063661984 0.24510247 0.00058051036 0.8863991 0.9845754 0.0013055854 3.824733e-21 0.0019147627 2.5268673e-05 0.80469704 2.459196e-06 0.68274707 0.015165688 0.0040346603 0.104125895 0.47410473 1.3183109e-05 0.010648162 0.00731611 3.0985184e-06 0.008631833 0.0261789 3.43346e-05 1.3029794e-05 0.002093968 1.07625404e-07 0.025659531 4.1419207e-06 0.0012473259 0.0007799948 0.00092430343 0.20312472 0.00013819318 0.023461115 0.06518179 0.121350564 0.028103966 0.0016140111 0.10678446 0.07638262 0.023886751 1.1847008e-05 0.00014124211 0.00024244432 1.8040442e-05 0.017234508 4.037268e-05 0.028816069 0.014370237 0.00071623764 0.00022457552 5.5593787e-06 0.0051991916 1.9820031e-07 0.012553692 7.4127342e-06 9.0463414e-05 0.0057540424 0.00620904 0.020380484 0.0034753378 0.008160224 0.0050517665 1.5130907e-05 0.011886884 0.00013161008 0.016467875 0.0027533115 0.00015099073 0.0029004335 3.201753e-07 0.0012178322 0.00091962796 0.0033807033 0.011163889 0.00055558037 1.0319031e-05 3.3573928e-05 0.002477053 0.0072749387 0.00076842 1.2918302e-05 0.01077368 0.00012398999 8.600529e-06 1.1266017e-07 3.950251e-06 0.009448587 2.2416446e-06 4.4325916e-05 0.00040762423 0.0050769807 3.7275295e-05 1.2594835e-05 2.2387176e-06 0.00045005768 3.17005e-06 0.0019986127 0.0045597185
0.01578738 0.11002659 0.23361668 0.6498228 0.38229114 0.07268724 0.0027935896 0.0027867644 0.0019147627 1.0619539e-18 0.6761093 0.019999588 0.42221838 0.006490882 3.4614402e-06 0.94854003 0.13983703 0.03661054 0.85840094 0.19116062 0.5694854 0.388138 6.4747917e-07 0.06016476 0.45405003 0.3933274 1.0269729e-05 0.041468132 0.030751647 0.19079311 0.00044625346 0.00048542788 0.38527778 0.0015762136 0.14363211 1.882445e-05 8.521031e-05 3.5312157e-06 5.8550734e-07 0.04906865 7.879884e-05 0.0011011676 0.003920116 0.038217336 1.0304215e-08 7.752366e-08 0.12920743 2.2192748e-05 0.05587123 3.0812766e-06 0.00040554223 0.0004133468 0.029723668 0.00377997 0.0021472855 0.008593365 3.3692286e-05 0.0053623393 9.3193523e-07 0.00010387539 5.2291936e-05 6.663875e-05 1.3864272e-05 1.8845523e-05 0.00013195342 0.0018440955 3.3071767e-05 0.0014664853 4.7541973e-05 8.070967e-05 0.00022624753 0.00010074739 0.00094139227 1.1289512e-06 2.0889296e-05 6.840937e-06 3.7546677e-06 3.0116465e-05 0.00019803415 4.660158e-05 4.379089e-06 4.1606287e-05 7.7609593e-07 8.198802e-05 1.1570728e-05 4.846327e-06 4.323214e-05 0.00021154477 4.1905943e-05 0.00015303973 2.1550562e-05 1.4252069e-05 1.0338112e-05 1.6583852e-05 3.857544e-06 1.1143411e-05 4.4501476e-07 2.182444e-05 4.047162e-06 0.00015293834 7.0205155e-05
3.3353284e-05 0.005685552 0.06502087 0.09926559 0.14614524 0.000660208 0.00013931503 0.00010909214 2.5268673e-05 0.6761093 1.9252525e-20 0.0001482052 0.7785782 6.282068e-05 9.2518604e-08 0.045551226 0.0033416278 0.0003558964 0.24535672 0.002190214 0.009804707 0.27159435 5.708896e-07 0.0026107624 0.014148808 0.087990806 3.504633e-07 0.09395138 0.00092759583 0.013680793 2.7352517e-06 3.5926118e-05 0.0045816265 3.5695935e-05 0.0048482325 3.2665885e-06 1.7226874e-05 5.5245905e-06 3.9895835e-06 0.0005493384 1.8044504e-05 2.4838208e-05 5.7752935e-05 0.006051327 1.7392444e-09 7.7362515e-08 0.003008394 3.5637377e-06 0.0064517176 1.0226281e-06 1.4439774e-05 2.5981333e-05 0.0005431298 7.819182e-05 7.95041e-05 0.0035403748 3.6812366e-05 0.00033591464 1.7360959e-07 7.83699e-06 7.054102e-06 9.9682344e-05 4.669953e-06 4.81845e-06 5.2378986e-05 0.00048881775 2.5917909e-05 3.3835706e-05 7.127931e-05 1.7574788e-05 1.3379199e-05 7.2001734e-05 8.12705e-05 6.5497616e-06 1.9685438e-05 1.1755374e-05 5.1413124e-05 1.3079544e-05 6.6837997e-06 8.19131e-06 9.92188e-06 2.1479467e-05 1.837293e-06 3.1141913e-05 1.6120752e-05 2.2584677e-06 9.813012e-06 1.12732505e-05 6.876993e-06 0.00034742983 1.489444e-06 4.7796857e-06 1.6610793e-05 8.869626e-05 6.343142e-07 2.0530194e-06 6.8456853e-07 9.572617e-05 4.7427657e-06 3.905557e-05 9.7988675e-05
0.51816034 0.10258984 0.039080087 0.59831166 0.0037609988 0.95495695 0.5800842 0.0015590518 0.80469704 0.019999588 0.0001482052 2.4461639e-20 8.7547505e-06 0.9438618 0.022353183 0.05206564 0.27115375 0.8436969 0.0003112806 0.0550385 0.03173626 2.5088666e-06 0.012076683 0.062123924 0.0032008693 0.00052878406 0.00051150966 4.596024e-07 0.11924104 0.00070928497 0.000659662 0.0006637453 0.014136732 0.6151204 0.0021768112 0.017517436 0.10328285 0.17950031 0.029511243 0.011765632 0.2246301 0.02108074 0.13655195 7.10971e-05 1.9367477e-05 5.2647265e-05 0.00017302489 0.0094732335 0.000111140085 0.037544094 0.049623292 0.0006791334 0.0031982956 6.192948e-05 0.015559853 4.2644567e-07 0.027365593 4.9429098e-05 1.4835249e-05 0.018143864 0.003166103 0.0433812 0.0030345507 0.02494173 0.015357838 1.2903957e-05 0.022265568 0.00072945055 0.025212536 0.005826627 0.0006070346 0.0027156463 1.0654308e-06 0.0012128681 0.00019180204 0.0020507115 0.015166664 0.00021061918 0.00010934243 0.00015363345 0.004346072 0.013778963 0.00015926323 5.3258887e-06 0.0108589865 0.00031058467 2.9100388e-06 1.6768844e-07 2.0952382e-05 0.009215757 2.677891e-05 0.0006420577 0.00033399707 0.0024806475 0.00022373731 7.553601e-05 3.0809846e-05 0.00030833113 3.5953244e-06 0.0007364478 0.02301618
1.8975883e-06 0.0057098656 0.064300045 0.055044223 0.33872482 0.00012370698 8.220775e-06 7.418608e-05 2.459196e-06 0.42221838 0.7785782 8.7547505e-06 1.9688283e-19 2.1152026e-05 1.18787185e-07 0.015769769 8.756975e-05 2.49446e-05 0.21220054 0.00011948279 0.00083452853 0.31999162 3.2194015e-07 0.000300913 0.003133372 0.08673516 2.0006396e-06 0.42837882 0.00010461804 0.005839326 9.404541e-06 0.000101912134 0.00048264556 1.1079836e-06 0.0011266051 5.1463328e-08 1.5317794e-07 1.2467459e-08 2.6674936e-09 5.8336544e-05 9.915708e-07 7.267598e-06 1.6921048e-06 0.010293105 3.0905247e-09 2.1147072e-08 0.00049581233 5.8800274e-06 0.003921129 3.476696e-07 6.183789e-07 7.0357834e-07 5.1722167e-05 9.209535e-06 6.735103e-06 0.021856582 1.5898975e-06 0.0001877657 1.4390682e-07 3.6617578e-07 2.003943e-06 5.434465e-06 1.3949704e-06 2.7034665e-07 6.7184756e-06 0.0013991159 1.8518002e-06 7.872234e-06 3.1999596e-06 2.0179007e-06 3.563466e-06 1.6962773e-05 0.00014732672 1.6839268e-06 9.369775e-07 5.7752623e-06 1.2254189e-05 2.903836e-07 1.0473743e-06 2.3208004e-06 5.5888972e-06 1.7625009e-05 3.570652e-07 9.754088e-05 5.5937926e-06 3.1844746e-07 1.3649287e-05 4.7935835e-05 2.5699123e-07 8.1851846e-05 1.6312022e-07 1.175177e-06 1.5326027e-06 1.1105876e-05 2.4234754e-07 5.819845e-07 8.7699e-08 1.8899427e-05 2.9613744e-07 6.913333e-07 3.2564658e-05
0.97071135 0.082160465 0.02845079 0.60670215 0.0031121995 0.7690481 0.5700924 0.0009268672 0.68274707 0.006490882 6.282068e-05 0.9438618 2.1152026e-05 2.8145648e-18 0.027335178 0.022186618 0.15116012 0.8768466 0.00018233899 0.02794009 0.010808737 1.5699181e-05 0.016481765 0.04042216 0.00027472436 0.00016758814 0.0005067415 7.819499e-06 0.12817469 8.81753e-05 0.00037467375 0.000517932 0.0021671422 0.8377858 0.00017318634 0.042116728 0.19581921 0.21698444 0.04626116 0.0010362498 0.43491992 0.04761122 0.24521129 6.3753694e-05 2.160155e-05 7.434841e-05 3.5117864e-05 0.0077337413 0.0001378704 0.15470558 0.13535027 0.00072772836 0.0007478936 1.7312657e-06 0.004531675 2.3499292e-06 0.13784201 6.446154e-05 3.3962922e-05 0.00547827 0.0009422434 0.16421042 0.0026482844 0.052380364 0.03493837 9.314159e-06 0.05930977 9.705909e-05 0.106144205 0.0034777746 0.00011241317 0.00046721447 7.59544e-07 0.00076142175 0.0003362677 0.0031830415 0.037659634 0.000104662155 7.1848876e-06 1.2542873e-05 0.0017080243 0.03442618 0.00026888348 2.0507337e-06 0.026192991 1.7751185e-05 8.601194e-06 2.3387268e-07 4.934956e-06 0.013860677 6.5934314e-06 4.7885937e-05 0.00015130611 0.0024969012 0.00011775936 3.4027176e-05 6.86114e-06 0.00014011623 1.8677129e-06 0.00068046857 0.033139996
0.034356408 0.0043734536 0.0008282605 0.01083693 1.5049597e-05 0.03776422 0.27587447 0.21850678 0.015165688 3.4614402e-06 9.2518604e-08 0.022353183 1.18787185e-07 0.027335178 3.2267634e-20 5.608309e-05 0.00027104816 0.00026448167 3.4402117e-07 5.0555496e-05 5.9538037e-05 1.011647e-07 0.9974291 0.00019355891 4.1976436e-06 2.3258443e-05 0.636019 9.535246e-08 0.00062895793 8.012135e-06 0.078157246 0.020798149 0.00011015105 0.0004123338 0.0003121171 0.041243337 0.0028629445 0.009870963 0.3087608 7.6989476e-05 0.002216332 0.37950844 0.00020328547 5.142884e-06 0.011487037 0.012919731 5.3212007e-05 0.047013268 2.9879444e-05 0.0029780476 0.00015867152 0.18615897 0.000306647 6.3602914e-05 0.00013122492 5.8557214e-07 0.0010141887 2.395913e-05 0.002158797 0.0012534402 0.11065244 0.004403631 0.026791813 0.000111794165 0.00010475013 3.5592134e-06 0.000637835 0.00035155442 0.01665309 0.00047680287 1.3901383e-05 0.11442882 8.815853e-08 0.009115538 0.0054037347 0.017390292 0.0018972665 0.0021190247 2.3112211e-06 9.5912e-06 0.00021705683 0.00029962524 0.0016156189 1.6212965e-05 0.009959835 1.5158065e-06 6.26436e-05 4.2388812e-08 4.0873326e-07 0.00027656555 2.2263648e-06 2.7644103e-06 4.56004e-05 0.014524627 1.4637759e-06 6.367665e-07 5.611532e-06 0.00028355292 9.643189e-07 0.0031295181 0.00044425644
0.22418223 0.045796458 0.07055005 0.5867075 0.021213178 0.059298843 0.0049581924 0.0009025261 0.0040346603 0.94854003 0.045551226 0.05206564 0.015769769 0.022186618 5.608309e-05 1.2638898e-18 0.1737567 0.027764665 0.3981421 0.6777168 0.80199987 0.016115118 9.350128e-05 0.27664587 0.8097794 0.14126073 0.00034097309 0.0014532814 0.05390185 0.4248999 0.00045759042 0.0023671915 0.879051 0.00094948587 0.56352144 4.56213e-06 6.398204e-05 3.4659704e-05 6.2559443e-06 0.28311607 0.0002760446 0.00050760387 0.045554843 0.016091445 1.1215017e-06 4.1513954e-06 0.10132256 0.00043779286 0.15781878 6.1937935e-05 0.005619836 3.6938018e-05 0.22062714 0.016231826 0.037464414 0.0022704427 0.0008320119 0.01724304 6.3814555e-06 0.015024445 0.0011577143 0.00068340683 2.6784428e-05 0.0021913624 0.005675075 0.003912006 0.0006430093 0.02934807 0.00073421595 0.004397095 0.005217053 0.0031986844 0.00042061892 2.5514479e-05 0.00026770038 4.278931e-05 3.9329614e-05 0.0001372952 0.0046504736 0.0010008381 0.000522892 0.00043718936 0.00018834643 0.00031088426 0.00012362066 0.0006920359 0.00021641629 8.478435e-05 0.0011956271 0.0009570332 0.00022348823 8.221947e-05 0.00010722796 0.00012018506 0.00012296478 0.00019572531 3.3173587e-06 2.0980777e-05 4.727748e-05 0.00015509676 0.0023361861
0.31600738 0.13971588 0.043227527 0.72188896 0.007833173 0.24746944 0.05666871 0.00028235966 0.104125895 0.13983703 0.0033416278 0.27115375 8.756975e-05 0.15116012 0.00027104816 0.1737567 1.706811e-21 0.8022489 0.02284304 0.5527713 0.25257823 0.00035901458 0.0005063195 0.9734133 0.15615955 0.010203604 9.692275e-05 1.3676846e-05 0.94607824 0.051061768 0.000417062 0.0012372733 0.045273975 0.07686073 0.03221219 0.0023696695 0.0069085755 0.0059946147 0.001249344 0.102535844 0.024264894 0.0023061652 0.34525064 0.00013043192 5.7372145e-06 5.1101306e-05 0.01134296 0.0014526958 0.007987839 0.0065117823 0.087754995 3.5967016e-05 0.017348094 0.0019601774 0.08713535 1.37982925e-05 0.017287426 0.0013532275 4.143663e-06 0.034736834 0.00045180856 0.010594129 0.0005260581 0.04250175 0.04232704 6.505095e-05 0.023128591 0.0066725877 0.00852495 0.04042937 0.011269592 0.0010167876 6.37991e-06 0.00020848325 0.00015166381 0.0003254198 0.005402351 0.00015744318 0.0012066984 0.00065755035 0.01764211 0.02648067 5.742029e-05 2.932993e-05 0.0031381152 0.0021855799 5.319313e-05 3.1146587e-06 0.0006431902 0.022056924 0.00021375447 0.0015857954 0.0056530773 0.00089078164 0.002723918 0.0023682383 4.1247284e-05 0.000101602855 2.4124485e-05 0.00013353227 0.011094925
0.8180668 0.09127172 0.016443394 0.727632 0.0024593077 0.6951103 0.17269471 6.8720656e-05 0.47410473 0.03661054 0.0003558964 0.8436969 2.49446e-05 0.8768466 0.00026448167 0.027764665 0.8022489 1.2059471e-19 0.00075287715 0.15070832 0.045137953 2.1148477e-05 0.0011263317 0.2438015 0.0043042945 0.00022582803 0.0001098615 1.1371212e-06 0.7807846 0.0004736849 0.0003670112 0.0009400291 0.010167318 0.868889 0.0009947893 0.0075948834 0.039107725 0.039141644 0.0057144985 0.012078325 0.13228455 0.0075490223 0.8558322 5.5739118e-05 5.022518e-06 4.907075e-06 0.00038147482 0.0026093922 9.387341e-05 0.03450532 0.60278213 0.00019382045 0.0018112211 2.0630605e-06 0.04344443 5.4386805e-06 0.13748051 6.449703e-05 4.665655e-05 0.028686693 0.0012178085 0.1603005 0.0013262181 0.1881263 0.12022698 1.5122814e-05 0.12592068 0.0005479678 0.05826638 0.06134457 0.0025057895 0.0014943914 3.9438482e-06 0.0002840707 0.00046762655 0.0025768469 0.027193557 0.00016134755 7.4113636e-06 6.0569302e-05 0.018608553 0.077274874 0.00059274427 1.1752628e-05 0.015780434 0.001679176 1.7539158e-05 5.6902627e-07 4.6693203e-06 0.032960165 4.819875e-06 0.00051625876 0.0041025905 0.0030453675 0.0013694721 0.000193346 1.1592415e-06 0.00012041038 2.2992222e-06 0.0004132071 0.070582494
0.0011140645 0.0074083568 0.027153905 0.07299489 0.019816833 0.0021761584 6.472831e-06 1.17834115e-05 1.3183109e-05 0.85840094 0.24535672 0.0003112806 0.21220054 0.00018233899 3.4402117e-07 0.3981421 0.02284304 0.00075287715 4.091612e-23 0.03122266 0.21971475 0.6778847 1.12932966e-07 0.015693292 0.5277915 0.8817813 6.949041e-07 0.16517511 0.0032498343 0.52167547 1.7110933e-05 9.319099e-06 0.097138934 2.9971543e-05 0.11346112 1.3189408e-07 2.3493624e-06 2.9038003e-07 1.10724505e-08 0.024560357 1.4520081e-06 7.919964e-07 0.0007319076 0.23889591 9.872222e-10 8.665095e-09 0.17170937 7.917276e-07 0.17103475 1.8211679e-07 5.1551873e-05 1.1147727e-05 0.011944077 0.012038364 0.00043250184 0.010983705 4.172555e-06 0.027184287 1.11876226e-07 1.1908709e-05 6.6796124e-06 1.7996323e-06 2.471972e-07 2.016754e-06 6.292036e-06 0.02403784 2.9521498e-06 0.0010947431 1.049399e-06 2.440041e-05 4.6030822e-05 1.547232e-05 0.0022632016 1.3462258e-06 1.3331393e-06 1.7210897e-07 1.4198826e-06 3.609997e-07 6.424895e-05 5.538732e-05 3.7400723e-06 6.628074e-06 2.677619e-08 7.356777e-05 2.0625705e-06 1.5515013e-06 7.789889e-06 0.00040425366 7.039267e-05 5.743097e-05 1.2113097e-05 2.783107e-06 3.6627937e-06 3.8611215e-06 1.1751221e-06 3.2252542e-06 7.037129e-08 6.3872826e-06 3.8027215e-06 9.612282e-07 1.6388693e-05
0.4199512 0.021784618 0.013059764 0.47352898 0.0026810993 0.115493484 0.024387524 0.00011717123 0.010648162 0.19116062 0.002190214 0.0550385 0.00011948279 0.02794009 5.0555496e-05 0.6777168 0.5527713 0.15070832 0.03122266 4.9181332e-24 0.97464275 0.00087752094 3.1986343e-05 0.90423554 0.29365203 0.016639555 3.8725888e-05 0.00014128089 0.27181867 0.07363255 0.00043398637 0.0011511404 0.4932613 0.0056875343 0.16337807 5.4958573e-06 0.00013205211 0.00010226886 1.0047456e-05 0.6499534 0.0009623116 6.791602e-05 0.1564411 0.0018415614 1.12190556e-07 2.0589487e-06 0.029971082 1.656073e-05 0.03668781 0.0002865817 0.018248487 1.3964411e-06 0.15653096 0.005974542 0.2996053 1.1304524e-05 0.0023214235 0.007051658 3.537433e-07 0.16552335 3.5135985e-05 0.000623517 5.947325e-06 0.0077626137 0.022287818 3.741726e-05 0.002897293 0.02009365 0.0011356696 0.042343106 0.046084102 3.6319598e-05 1.2611892e-05 2.4608078e-06 6.464682e-06 1.0441864e-05 0.0001961856 2.5404188e-06 0.0023780537 0.0025359374 0.0091434205 0.0024643023 4.1186158e-07 3.7204518e-05 0.00020405835 0.009659164 0.000112786 2.68895e-06 0.0009836175 0.0046909614 0.00011965077 0.0012557777 0.0018964189 5.192346e-05 0.0022007741 0.0028692256 1.508178e-05 6.604387e-06 5.2746796e-06 3.9650577e-06 0.0022778881
0.12516747 0.06449221 0.021435842 0.41079438 0.007984923 0.032200903 0.005644861 0.0001572874 0.00731611 0.5694854 0.009804707 0.03173626 0.00083452853 0.010808737 5.9538037e-05 0.80199987 0.25257823 0.045137953 0.21971475 0.97464275 6.5468604e-24 0.0050395685 6.557146e-05 0.39108074 0.62070477 0.2046239 0.00061372 0.0003569634 0.080400355 0.35135534 0.00048339617 0.0021223233 0.79222184 0.0019256348 0.4898579 1.0944863e-06 2.6073994e-05 2.1061245e-05 1.5811435e-07 0.79898036 0.00019639656 5.9439713e-05 0.031234149 0.002773796 1.5550084e-07 1.6174441e-06 0.20465925 1.6843582e-05 0.15196699 4.8378653e-05 0.012307425 4.556549e-07 0.15141807 0.038952105 0.12253801 0.00011098904 0.0009363174 0.04800312 5.216622e-07 0.029763814 1.0709526e-05 0.00034901724 1.5507196e-05 0.004561178 0.009915822 0.004275672 0.0021612465 0.064428136 0.00026262275 0.011726536 0.061058376 5.3370113e-05 9.4795716e-05 2.9642383e-06 1.4480649e-05 5.633355e-06 0.00023077722 3.6142667e-06 0.009804483 0.007365199 0.0053300885 0.0025842385 1.0622613e-06 0.00030146423 0.00015747215 0.013145471 0.00011583541 1.0190586e-05 0.009994089 0.0056650583 0.0010681364 0.0066612707 0.0011872824 1.838584e-05 0.003285555 0.008910467 6.407486e-05 7.931375e-06 5.0314957e-05 1.5915186e-05 0.0014810045
1.9701572e-05 0.001474251 0.0042574457 0.009220852 0.010830747 8.6540625e-05 2.9721389e-06 1.0896263e-05 3.0985184e-06 0.388138 0.27159435 2.5088666e-06 0.31999162 1.5699181e-05 1.011647e-07 0.016115118 0.00035901458 2.1148477e-05 0.6778847 0.00087752094 0.0050395685 5.0593407e-20 7.50115e-08 0.0014396607 0.065055184 0.6244894 4.5405486e-08 0.6523621 0.00021865682 0.0721753 2.619926e-06 1.6209426e-05 0.005441758 5.883449e-06 0.008737198 6.542174e-07 2.4856586e-06 9.758036e-08 3.682832e-08 0.00045371428 2.0397893e-06 9.903455e-06 1.1972375e-05 0.17591672 2.828435e-09 1.6753138e-08 0.01318492 6.9551043e-06 0.089771524 4.0070205e-08 1.8573894e-06 9.894222e-06 0.0005648278 0.00048304268 8.439982e-06 0.044260286 2.511246e-06 0.0020286979 3.2727107e-07 4.1240614e-06 5.6164467e-06 3.1276963e-06 1.4434811e-06 1.5531965e-06 2.3910611e-06 0.01481516 3.3407161e-06 7.6860364e-05 1.562546e-06 4.846729e-06 1.0321364e-05 2.4741064e-05 0.0014340315 4.0344273e-07 1.419679e-05 2.3205357e-07 2.9973387e-06 7.104169e-06 4.201192e-06 1.0014892e-05 6.7886717e-06 7.679716e-06 2.7674847e-07 2.0178784e-05 1.0292126e-06 8.803095e-07 1.1554083e-06 0.000280924 5.5145792e-06 5.7873018e-05 3.619741e-06 3.8455037e-06 1.4914966e-06 3.755065e-06 2.0770501e-07 4.458295e-07 1.6584676e-07 2.7895443e-05 2.8374952e-06 7.891747e-06 9.131098e-06
0.055222888 0.0021474555 0.00017644861 0.0018048704 8.627203e-06 0.01835543 0.18252687 0.18453974 0.008631833 6.4747917e-07 5.708896e-07 0.012076683 3.2194015e-07 0.016481765 0.9974291 9.350128e-05 0.0005063195 0.0011263317 1.12932966e-07 3.1986343e-05 6.557146e-05 7.50115e-08 5.856726e-20 0.0007721617 3.3991105e-07 1.0578378e-05 0.7239957 1.9440773e-07 0.00011670196 1.227245e-06 0.31688327 0.11934865 0.00011505912 0.0007965938 0.00022881298 0.10418435 0.005029591 0.003967651 0.22904614 0.00016917626 0.0008724171 0.2756887 0.0010164821 2.7898116e-06 0.3076111 0.19756585 1.0759965e-05 0.0556075 4.1203975e-06 0.0011072109 0.00054783764 0.6868127 0.00046872697 6.2489626e-06 0.005299945 6.404135e-06 0.00090674125 3.2838614e-06 0.035721496 0.002691616 0.17814548 0.0028928039 0.046632152 5.2581432e-05 0.00035385348 1.9620618e-06 0.00072296057 0.0001256219 0.008942449 0.0016860802 9.614447e-05 0.24725035 1.4345279e-06 0.017871926 0.030484494 0.023148218 0.0010649863 0.008085216 2.1353917e-07 1.7358187e-06 0.00019301807 0.0004644127 0.0035652833 2.5622196e-06 0.004814592 1.8927094e-05 5.221268e-06 2.7933962e-07 1.9309364e-07 0.0002025528 4.76942e-07 1.9931582e-07 3.961363e-05 0.01565861 3.8816193e-06 1.5780658e-07 4.9941942e-08 0.0009883991 4.141219e-07 0.010436694 0.0004198751
0.6617059 0.024934601 0.014341313 0.40680867 0.0036654216 0.092790075 0.015303938 0.00018125869 0.0261789 0.06016476 0.0026107624 0.062123924 0.000300913 0.04042216 0.00019355891 0.27664587 0.9734133 0.2438015 0.015693292 0.90423554 0.39108074 0.0014396607 0.0007721617 4.4983754e-21 0.16305816 0.011413401 0.00038493346 8.7282446e-05 0.72040737 0.033366792 0.0012728731 0.0025455642 0.17692019 0.019156504 0.07439407 5.471594e-05 0.00057076255 0.0006316738 0.0001507631 0.37436447 0.00244824 0.00039330294 0.28810957 0.0020252028 2.1383017e-05 0.00013402563 0.029712573 6.899187e-05 0.022804955 0.0012019097 0.07973407 1.3788639e-05 0.101702884 0.008679686 0.38281652 3.8384303e-05 0.0035292015 0.0066480096 1.4508849e-05 0.169814 0.0001695746 0.002710292 1.2016804e-05 0.043995142 0.0761483 0.00045195557 0.015260907 0.025176631 0.003012198 0.13055547 0.058104597 0.00029561843 2.3696284e-05 1.808963e-05 0.0002288492 8.260454e-06 0.0012769334 0.00013332664 0.004436066 0.0043043643 0.051028784 0.023813905 1.8448878e-05 0.00027241363 0.00061182305 0.01839463 0.0004964751 4.4974063e-06 0.006781687 0.022627603 0.0015939603 0.005340028 0.011893699 0.00016714647 0.006316187 0.0073740436 0.000737565 7.9476995e-06 8.957566e-05 2.7087079e-05 0.018855367
0.0064110104 0.003056045 0.0055779214 0.031705476 0.0023841746 0.0052218884 1.0723293e-05 2.3361412e-05 3.43346e-05 0.45405003 0.014148808 0.0032008693 0.003133372 0.00027472436 4.1976436e-06 0.8097794 0.15615955 0.0043042945 0.5277915 0.29365203 0.62070477 0.065055184 3.3991105e-07 0.16305816 1.4076015e-25 0.5666135 6.317713e-05 0.0015557753 0.032692853 0.9055578 0.0002665565 0.00026525438 0.6366098 2.8576007e-05 0.8317919 6.39818e-07 5.62798e-06 1.929598e-07 4.0538207e-08 0.28554276 7.701609e-06 2.6831543e-05 0.00821911 0.034408543 6.630277e-09 1.3644004e-07 0.48183867 1.0102366e-05 0.24255733 1.5738974e-06 0.0006917139 5.802593e-07 0.18829562 0.05299161 0.02200246 0.0011635413 2.1251872e-05 0.0288198 5.699827e-07 0.0043493896 6.2828917e-06 7.6795586e-05 3.0440954e-06 0.0001397851 0.00048291715 0.016886575 3.431283e-05 0.017353464 2.6844007e-05 0.0029448937 0.003307229 8.1214406e-05 0.0006221769 5.8773135e-06 1.1795577e-05 7.836145e-06 5.4482903e-06 2.1048525e-06 0.004025732 0.0017259723 0.00064860896 0.0004343416 6.362542e-07 0.00018090672 2.3898107e-05 0.00025773753 1.2793919e-05 6.1020542e-05 0.0015813721 0.0006086345 6.0701903e-05 0.00030178696 0.00010608177 3.088371e-05 3.4953206e-05 0.00068515347 1.0227778e-07 1.0636352e-05 3.3979325e-06 1.2405887e-05 6.864429e-05
0.0010581537 0.002868104 0.0051142653 0.018342134 0.0055550756 0.00044917074 1.4923369e-05 2.2621614e-05 1.3029794e-05 0.3933274 0.087990806 0.00052878406 0.08673516 0.00016758814 2.3258443e-05 0.14126073 0.010203604 0.00022582803 0.8817813 0.016639555 0.2046239 0.6244894 1.0578378e-05 0.011413401 0.5666135 5.050878e-19 0.0001461246 0.2514632 0.0031903707 0.76597965 4.5665594e-05 0.00018536573 0.09586018 5.8748205e-06 0.22080904 2.5714753e-06 2.2254455e-06 1.49397e-07 2.2304382e-08 0.029364401 1.8810409e-06 0.00015549795 0.00010992532 0.46401784 4.075785e-08 9.74405e-08 0.46033305 1.5104954e-05 0.44471407 5.963239e-08 1.729415e-05 2.4267529e-05 0.02592291 0.028150056 0.00056961813 0.07379007 1.656693e-06 0.13209105 1.5817731e-06 0.00020770948 7.885293e-06 9.278183e-06 5.9359667e-07 9.452439e-06 2.5015523e-05 0.1473495 1.9015285e-06 0.0046315677 5.8298465e-06 9.2143186e-05 0.00072512985 0.0002902783 0.012731341 4.5297688e-07 2.307553e-05 1.7544016e-06 2.1654635e-06 8.640855e-06 0.0009394878 0.0009968805 8.784729e-05 1.5426203e-05 3.892074e-07 0.00632367 1.6777667e-06 6.82197e-05 0.00023913645 0.0029877466 0.002014309 0.00028394148 0.00016008352 0.00026892734 1.6820179e-05 6.6168013e-06 7.489171e-06 4.101045e-05 9.523191e-07 8.338654e-06 2.3229184e-05 2.121379e-06 5.774968e-05
6.3262094e-05 0.0026492826 0.0003233249 0.02137088 4.376983e-05 0.0007801544 0.005932963 0.39833215 0.002093968 1.0269729e-05 3.504633e-07 0.00051150966 2.0006396e-06 0.0005067415 0.636019 0.00034097309 9.692275e-05 0.0001098615 6.949041e-07 3.8725888e-05 0.00061372 4.5405486e-08 0.7239957 0.00038493346 6.317713e-05 0.0001461246 4.371716e-21 1.3485773e-06 0.000105174855 6.743372e-05 0.98715657 0.6764746 0.00044990663 4.5886838e-05 0.0007733619 0.002437255 3.6907188e-06 4.145471e-05 0.006105533 0.0009776262 1.1862462e-05 0.0076639177 4.7791364e-05 8.517725e-05 0.27274582 0.16552566 0.008920616 8.484642e-06 0.00064612244 3.9246265e-06 1.15336115e-05 0.2378467 0.0009567082 0.00020053542 0.0012180088 0.00032946272 4.0440095e-06 0.00068976544 0.10534762 0.00036818054 0.00065278803 2.0150881e-05 6.9488588e-06 6.972048e-07 5.5468695e-06 4.0800773e-05 7.4055024e-05 0.0015433128 9.077557e-05 7.978087e-05 4.9603725e-05 0.00046955445 4.607597e-05 4.6146815e-05 0.0057538366 2.544826e-05 1.13710985e-05 0.0005788505 0.00015253239 0.00020008897 8.309393e-06 5.944388e-06 0.00029391295 0.00029423574 1.3977502e-05 8.725777e-06 0.0012447574 1.0057608e-05 1.3834621e-05 3.522674e-05 4.0639257e-05 1.6638744e-05 3.4089313e-05 2.008856e-05 3.4874874e-06 1.8374623e-05 0.00030077272 9.632967e-07 0.0001186524 9.63622e-05 0.00020793008
2.2844873e-07 0.0004408581 0.0018820934 0.0024161995 0.0039624646 1.7021068e-06 2.368955e-07 1.1027543e-05 1.07625404e-07 0.041468132 0.09395138 4.596024e-07 0.42837882 7.819499e-06 9.535246e-08 0.0014532814 1.3676846e-05 1.1371212e-06 0.16517511 0.00014128089 0.0003569634 0.6523621 1.9440773e-07 8.7282446e-05 0.0015557753 0.2514632 1.3485773e-06 2.5499909e-20 4.4655103e-06 0.006670638 1.2787132e-06 1.7487599e-05 0.00034529585 4.743401e-07 0.0008031015 1.571392e-07 3.5780627e-07 2.4477936e-08 3.7935517e-09 1.457126e-05 4.9523084e-07 1.2664382e-05 1.5467192e-06 0.48988807 2.7917064e-08 6.225532e-08 0.00375571 6.8330933e-06 0.06534468 2.1550234e-07 2.6965216e-07 2.0682255e-06 5.45138e-05 0.000115302966 2.988741e-06 0.5267441 4.047287e-07 0.0022148413 1.5350756e-07 3.6236077e-07 3.5399182e-06 1.6316587e-06 8.167273e-07 4.5655508e-08 7.981853e-07 0.059508335 1.9991661e-07 2.8745144e-05 2.4657984e-07 9.970726e-07 3.930065e-06 4.0279515e-06 0.0039423346 9.09176e-08 7.0614997e-06 1.1069522e-07 4.6019758e-07 2.0870766e-06 1.8384859e-05 2.4044543e-06 3.0819925e-07 1.2147264e-06 3.1008048e-07 0.0006879932 4.7217415e-07 2.3625543e-07 1.4464652e-05 0.00052227575 1.3327628e-06 7.0823057e-06 9.715217e-07 1.7857363e-06 2.7027573e-07 1.1056496e-06 5.5919845e-08 7.630733e-07 1.17561235e-07 3.4095618e-05 1.4637899e-06 1.177049e-06 1.3554813e-05
0.93756145 0.012253434 0.0044019828 0.25459835 0.0019940997 0.07063402 0.009110927 9.160941e-05 0.025659531 0.030751647 0.00092759583 0.11924104 0.00010461804 0.12817469 0.00062895793 0.05390185 0.94607824 0.7807846 0.0032498343 0.27181867 0.080400355 0.00021865682 0.00011670196 0.72040737 0.032692853 0.0031903707 0.000105174855 4.4655103e-06 4.268314e-20 0.010218372 0.0005574077 0.0009436714 0.045130856 0.12139235 0.013740857 0.00054098474 0.0033346908 0.0019912557 0.00024511205 0.13399437 0.011984188 0.0008528008 0.88562185 0.00017229462 2.1129505e-05 1.50195e-05 0.0045867465 0.0004643166 0.0024627154 0.007029708 0.55319357 8.907603e-05 0.033127487 0.0005229239 0.46795464 1.953489e-05 0.045004677 0.0013406174 1.1391753e-05 0.2514686 0.00077753945 0.03225296 0.00016569428 0.3089828 0.40451765 0.0001140438 0.111624785 0.011748134 0.014299265 0.43059316 0.03981541 0.0007090753 4.0934588e-06 0.00014228528 0.00015538292 0.00015257792 0.010828345 0.00015876295 0.0008184549 0.0019794551 0.1522871 0.108944386 0.00019720907 5.37987e-05 0.0024811896 0.0261752 6.338891e-05 2.9364983e-06 0.0010944468 0.110742755 0.00018881708 0.0034220302 0.047540896 0.00044506448 0.0126472 0.0023841246 5.2694228e-05 1.4313515e-05 1.5218503e-05 0.000101749945 0.098276615
0.004097599 0.0011106868 0.0037461466 0.020785421 0.0013808212 0.0007723363 3.1437671e-06 1.8043023e-05 4.1419207e-06 0.19079311 0.013680793 0.00070928497 0.005839326 8.81753e-05 8.012135e-06 0.4248999 0.051061768 0.0004736849 0.52167547 0.07363255 0.35135534 0.0721753 1.227245e-06 0.033366792 0.9055578 0.76597965 6.743372e-05 0.006670638 0.010218372 5.2661946e-23 5.7926463e-05 0.0001577913 0.32461515 6.7607607e-06 0.7218116 3.4597784e-07 1.9132365e-07 3.9790464e-08 2.2895363e-09 0.16293415 1.2603878e-06 3.4671723e-06 0.0014704416 0.3105612 4.710762e-09 2.5835321e-08 0.39206946 1.2213569e-06 0.49059412 2.3558631e-07 0.0001978818 2.7798283e-06 0.12374461 0.06170832 0.005668947 0.0049409964 1.8933675e-06 0.057282574 1.2167037e-07 0.0018720357 6.3807743e-06 4.8165434e-06 1.2374409e-07 2.3185274e-05 5.5157285e-05 0.07581854 1.4277251e-05 0.016569842 3.7623847e-06 0.0006931082 0.003110754 4.339356e-05 0.0011015384 2.269703e-07 9.641828e-07 3.9024852e-07 1.2203672e-06 7.1034805e-07 0.004968338 0.0016284683 0.00010447437 4.245349e-05 1.9103112e-08 0.0028498594 2.517399e-06 0.00018635462 0.0006843385 0.00011761704 0.0015240872 0.0002864877 9.722316e-05 0.00068768195 2.8809309e-05 5.023366e-06 1.1490454e-05 0.00056025403 2.6573935e-07 9.845268e-06 6.006268e-06 8.39837e-07 9.6333264e-05
