4.717213e-26 0.7096558 0.80954456 0.95262617 0.9259929 0.9586619 0.9712475 0.92660105 0.9642952 0.92985624 0.91864675 0.90261793 0.8375481 0.91669893 0.96700513 0.900248 0.7821896 0.9187938 0.9800681 0.5182544 0.9885291 0.58369225 0.22341396 0.98772454 0.79596716 0.6116586 0.07740996 0.096948676 0.8515553 0.62345755 0.83332616 0.85600275 0.035068605 0.7598767 0.24055982 0.026117712 0.9548036 0.93942374 0.44190308 0.73857254 0.96100956 0.8377295 0.41307938 0.6947084 0.68437386 0.9952478 0.12322266 0.043799818 0.9484037 0.8875465 0.9864872 0.8418793 0.30658963 0.76286346 0.9747239 0.5972125 0.93077165 0.95093614 0.6684891 0.8830261 0.27966347 0.025704365 0.019207316 0.0015314588 0.007888479 0.12513326 0.894353 0.87341684 0.97375256 0.97675425 0.7858044 0.0023854985 0.4864989 0.96588665 0.99236095 0.988604 0.9261247 0.0006796624 0.99369484 0.3098335 0.9965311 0.98837245 0.0020901023 0.0011248369 0.97774 0.7726303 0.9971863 0.00045903798 0.98584265 0.0006504111 0.9942161 0.004144616 0.14787893 0.09684917 0.0015427667 0.00044446468 0.00025662742 2.1018544e-05 5.7423595e-06 0.5503867 0.002196699
0.7096558 1.2305488e-19 0.9682517 0.76167595 0.8562993 0.8489413 0.5548291 0.17342441 0.6808927 0.5576548 0.017082907 0.019519037 0.28155693 0.08016821 0.02043548 0.018530518 0.14030525 0.029602991 0.059437133 0.11035102 0.028158521 0.050391015 0.08777943 0.007770665 0.0108986655 0.017157523 0.011633842 0.012171495 0.001254824 0.0010638646 0.0008673919 0.00048079345 0.06007364 3.274681e-05 0.060067426 0.037922725 0.018685883 0.00057033624 0.00145897 0.0012492432 0.0008545955 0.00012811668 0.0013922086 0.00035218915 0.0043658605 0.00027342243 0.03401235 0.01296236 0.00019285026 0.0001005607 0.018965023 0.00021018757 0.00015154078 4.280225e-05 0.00011781743 0.00012516054 8.275447e-05 0.0013637838 3.125323e-06 0.00013666917 2.4828047e-05 0.03409684 0.0001248482 0.0006735374 0.00028101914 8.1834005e-06 3.237345e-05 6.6141133e-06 0.0001280385 0.00027299565 6.3787935e-05 5.133797e-05 2.113784e-06 0.0017980208 0.0014986421 0.0012413013 8.994156e-06 1.0816686e-05 0.0017856933 5.42516e-08 0.002483795 0.0002013464 1.0242527e-05 0.0001243202 0.00023006348 2.630822e-06 3.9853003e-05 8.019114e-06 0.001063402 7.334528e-05 0.0001835505 3.84269e-07 1.9645013e-06 4.155447e-06 2.573741e-05 1.0775537e-06 8.768859e-07 1.9876336e-06 1.7387761e-06 8.307832e-08 1.364911e-06
0.80954456 0.9682517 3.4447708e-17 0.51779497 0.86861503 0.7973383 0.64870507 0.05798907 0.5944772 0.7377208 0.0063963896 0.007820271 0.55639726 0.05512238 0.012354033 0.014479276 0.09155047 0.02026476 0.019900288 0.28143215 0.065146916 0.1912038 0.2658612 0.012541015 0.01957727 0.03397464 0.010032731 0.016671594 0.000976332 0.0014296987 0.0007079776 0.0009539387 0.08199535 0.00012637278 0.17744505 0.09525164 0.008720291 0.00012175877 0.0012564766 0.0020999133 9.816472e-05 2.1536736e-05 0.0007061839 0.00036220704 0.0069953897 4.9771515e-05 0.11967142 0.06040181 4.716395e-05 0.0001763776 0.009293872 0.000111497946 0.00019073696 4.0559153e-05 0.00013295651 0.00011627847 2.2906173e-05 0.00049951667 6.0571233e-06 0.0003178472 3.8075934e-05 0.1378404 0.00022272502 0.003217531 0.0006215335 2.612776e-05 4.2096606e-05 5.4022935e-06 2.414025e-05 5.324165e-05 2.427336e-05 2.6761625e-05 1.3065096e-05 0.0003309109 0.000921327 0.00014422744 4.5653833e-05 0.00014971016 0.0003855115 3.968801e-07 0.0005276718 1.1890981e-05 4.9791077e-05 0.00039299676 0.00010645664 1.506856e-06 5.6998328e-05 3.421141e-05 0.00048735982 0.00028517 8.710022e-06 1.4158302e-06 8.1999616e-08 1.5432751e-07 7.205258e-05 2.0431517e-06 5.165648e-06 5.2807595e-06 5.0240083e-06 3.6781236e-07 1.6449125e-06
0.95262617 0.76167595 0.51779497 8.945887e-20 0.4926693 0.9391308 0.0894342 0.9008942 0.30394188 0.13565509 0.22059019 0.16922125 0.16859062 0.04687644 0.5368196 0.03093855 0.87472117 0.53062093 0.099878974 0.043965507 0.0035192645 0.0075284382 0.041046903 8.801896e-05 0.00032242763 0.002773865 0.19001894 0.1434449 0.031543016 0.023417799 0.023759257 2.3258908e-05 0.21493125 7.36063e-07 0.014274576 0.087459914 0.004472161 0.0063483533 0.018518414 5.9352315e-05 0.006973915 0.002752209 0.057221502 2.0943542e-06 0.00020995697 0.0018759059 0.004718227 0.00054473634 0.0006998569 4.307244e-06 0.024012784 0.0012801646 0.0038697221 0.0008156505 9.290366e-06 7.7043234e-07 0.0005647131 7.611118e-05 9.1051234e-08 5.4600946e-07 9.2090794e-08 0.013681591 1.8870492e-06 7.338314e-05 1.5233874e-06 1.0410876e-06 5.718753e-07 6.196765e-05 0.0009843189 0.0018094359 0.0001611037 0.00085918646 1.4131021e-07 0.004148859 0.00084147014 0.0030519427 9.544613e-07 3.153311e-07 0.0030335917 1.721115e-08 0.0039539165 0.0005151195 0.00055162155 0.0023659389 0.00011482037 4.090844e-06 6.952869e-06 2.6860347e-05 0.0002539111 3.65576e-05 0.0006968901 1.15310385e-07 8.815887e-06 2.1320098e-05 0.00039718795 1.0009307e-05 8.630988e-08 6.8067425e-07 2.767288e-06 7.87274e-07 4.00061e-06
0.9259929 0.8562993 0.86861503 0.4926693 9.2242283e-20 0.6101879 0.9703575 0.11529473 0.88527083 0.6481972 0.013589756 0.016062299 0.2573502 0.21814203 0.006202231 0.05096279 0.022047326 0.012122501 0.07116711 0.07627857 0.16523643 0.071333334 0.067807645 0.029222887 0.049694672 0.03715376 0.0022870905 0.0022440073 0.00038332178 0.00033767158 0.00024679312 0.00094674795 0.012512439 0.00011884798 0.037019778 0.011537155 0.06460584 6.883026e-05 0.00024077012 0.0028208215 0.0002473973 2.6859245e-05 0.00010628845 0.0016578295 0.010854368 8.8789195e-05 0.017414574 0.01960487 0.00011725977 0.00075053755 0.044215504 2.2056507e-05 8.717081e-05 1.9559144e-05 0.001415345 0.00029804496 2.508454e-05 0.006849748 4.4408167e-05 0.0006345575 0.00025300588 0.0091021 0.00016153169 0.00031829005 0.00035481484 1.2278779e-05 0.00017718144 4.2876889e-07 7.760471e-05 0.0001789605 9.551166e-06 2.9544019e-05 1.7950464e-05 0.0023537625 0.0049768104 0.001364673 0.0001501444 0.00012034816 0.0032865403 1.5449612e-07 0.0022779491 5.4867265e-05 5.4768145e-05 6.6155175e-05 0.000654175 9.4100346e-07 0.00016215464 1.7788287e-06 0.002541152 1.2785052e-05 0.00015736962 9.642102e-07 2.2907551e-07 3.4737303e-07 8.329169e-05 1.2045941e-06 1.8320127e-06 5.351317e-07 4.0304548e-07 3.1266644e-08 1.293843e-06
0.9586619 0.8489413 0.7973383 0.9391308 0.6101879 5.327962e-17 0.3670753 0.19892582 0.33228695 0.62516356 0.01467336 0.01687051 0.7632571 0.040439308 0.0839134 0.010768138 0.84305525 0.15383355 0.029960515 0.46219057 0.034666248 0.19988622 0.5115542 0.0020009442 0.004923156 0.018679086 0.23402353 0.24522495 0.0028260371 0.0024498084 0.0017928807 0.00017111252 0.5646277 2.0208887e-05 0.35715353 0.40599588 0.0037813564 0.00032808594 0.004537037 0.00046016317 0.00043211202 0.00017636937 0.031476617 1.4131628e-05 0.0033350072 0.00016192421 0.33100733 0.016584259 0.00011791713 8.752171e-06 0.0066987677 0.00030595355 0.00071964256 0.00012316853 2.2581047e-05 3.4854427e-06 5.295276e-05 5.3444375e-05 4.242483e-07 1.2787834e-05 1.0119641e-06 0.4583671 5.632993e-05 0.0017196278 0.00011727017 1.0919034e-05 2.4472804e-06 1.9527812e-05 4.6833396e-05 0.00012243075 4.113364e-05 0.0007370426 9.808319e-07 0.0005456652 0.00072761736 0.0009801434 4.6750997e-06 4.8870937e-05 0.0003370135 1.2872307e-07 0.00089052296 3.2230695e-05 0.0005071858 0.010342753 2.9366118e-05 1.4408212e-06 7.761466e-06 0.0009770156 8.315525e-05 0.002521456 4.820305e-05 1.2769899e-06 4.5249763e-07 9.893066e-07 0.00029053615 8.696567e-06 1.650938e-06 1.2285783e-05 2.7008999e-05 1.7957902e-06 4.990786e-06
0.9712475 0.5548291 0.64870507 0.0894342 0.9703575 0.3670753 7.601255e-21 0.018301174 0.8775223 0.8269093 0.006507012 0.003975137 0.3539462 0.28725705 0.00030299183 0.043241322 0.0041715447 0.003189584 0.018168036 0.13616551 0.6043822 0.3284707 0.07949686 0.48110196 0.58157027 0.37098405 0.0004985544 0.0006974606 2.9039555e-05 3.9201623e-05 1.952446e-05 0.019187413 0.004981096 0.009999642 0.053497717 0.0061797802 0.073000856 1.6667387e-06 7.833112e-06 0.013153767 6.0874795e-06 4.2034142e-07 4.825392e-07 0.004958469 0.03910145 3.7284415e-06 0.009044613 0.05973817 6.9953157e-06 0.004432397 0.040614564 8.7590473e-07 4.449157e-06 8.5952036e-07 0.0032580127 0.0006977077 2.2612803e-06 0.00853811 0.00013204606 0.000814156 0.00036782274 0.0023209832 0.0026294054 0.00068939413 0.003283146 0.00012218789 0.000531294 2.797922e-08 9.332244e-06 2.4624404e-05 5.8684003e-07 7.66387e-06 0.00018689477 0.0012430445 0.011165948 0.0007859635 0.00062152103 0.00036906943 0.003051378 1.7519021e-06 0.0010990347 5.282558e-06 2.363981e-05 3.0115085e-05 0.0017680024 5.06445e-08 0.00096659316 3.8049217e-07 0.0064302245 2.3517182e-06 3.7402955e-05 5.584369e-06 7.279602e-09 8.783003e-09 2.1256716e-05 3.0674016e-07 2.6485055e-05 4.911586e-07 3.0740372e-07 2.1249e-08 6.63394e-07
0.92660105 0.17342441 0.05798907 0.9008942 0.11529473 0.19892582 0.018301174 9.6487814e-20 0.3206101 0.02070031 0.94459236 0.9485909 0.018272912 0.10302747 0.8732276 0.09654806 0.3462174 0.4786083 0.7069928 0.007038348 0.0018432067 0.0022088885 0.008515334 0.00018948253 0.0006714652 0.0010209813 0.034623824 0.021775581 0.28376687 0.17868716 0.37181965 3.597336e-05 0.03219655 1.113581e-06 0.0013422479 0.015616664 0.039030477 0.063917786 0.058190133 3.8132588e-05 0.06491975 0.04891373 0.08026611 3.7679324e-06 0.00014673235 0.042822037 0.00017326414 0.00018240891 0.012289673 9.3678045e-06 0.091083854 0.013056969 0.013934015 0.007435767 0.000115842384 1.9090146e-06 0.006425354 0.00094274664 9.9265726e-08 9.418466e-07 3.383028e-07 0.00082844775 1.3656298e-06 2.5853315e-06 2.8253362e-06 5.897614e-07 2.7844983e-06 0.002595974 0.0072019976 0.015206668 0.0019543455 0.0016053377 3.7246437e-07 0.017662903 0.0014295555 0.010049546 3.4090986e-06 4.963504e-07 0.0074150893 4.2386774e-09 0.013064903 0.0045115827 0.0006252462 0.00017728472 8.9298956e-05 3.556725e-05 7.521707e-05 8.8241e-05 0.0003550931 4.423647e-05 0.0058233794 1.8673238e-07 0.00012914096 0.00015709583 0.0005003162 0.00010386688 1.8213346e-07 6.6210583e-07 1.4782966e-05 4.6486668e-05 2.3309718e-05
0.9642952 0.6808927 0.5944772 0.30394188 0.88527083 0.33228695 0.8775223 0.3206101 6.0298195e-18 0.37300274 0.18548962 0.11310599 0.21856698 0.86025465 0.041978013 0.35878223 0.076946326 0.058044642 0.50311637 0.13085623 0.7807019 0.080487244 0.04782988 0.120744884 0.083989106 0.0907875 0.01536498 0.021235323 0.0154418945 0.013234196 0.012441598 0.015415403 0.03291887 0.003910954 0.061498772 0.023551334 0.3638172 0.0006231508 0.0016211466 0.0103853615 0.0017733073 0.00020952671 0.004997921 0.0026107002 0.06822881 0.0013633872 0.014939482 0.02526923 0.000683661 0.0030061544 0.11532896 0.0005550995 0.00033478125 0.00024204212 0.008364605 0.0004069408 0.00022769888 0.020982133 5.7131932e-05 0.0009326181 0.00022024821 0.027768692 0.0015088802 0.0007266899 0.0015898824 0.00051027164 0.00022949043 8.611298e-06 0.00067139155 0.0019139375 3.318851e-05 8.222552e-05 0.0003269297 0.02422445 0.038009852 0.0071879555 0.0003781915 3.2325228e-05 0.033701442 5.0207273e-06 0.023452977 0.0006006148 0.00020457782 0.00033547188 0.0034884491 1.0921918e-05 0.0025813726 0.00034506904 0.00905392 0.00037600714 0.0018145621 7.040459e-06 1.07721935e-05 7.4787217e-06 0.00015876476 5.4260585e-07 1.0334617e-06 7.1715867e-06 8.213996e-06 1.2470052e-06 1.5468047e-06
0.92985624 0.5576548 0.7377208 0.13565509 0.6481972 0.62516356 0.8269093 0.02070031 0.37300274 2.1480882e-18 0.004113513 0.004977971 0.92858475 0.05275723 0.0018379329 0.0080708265 0.029080657 0.003516688 0.008022388 0.80579966 0.08075557 0.80492795 0.70663726 0.06200871 0.37639657 0.35319263 0.002562221 0.0014809199 7.193077e-05 5.7301033e-05 8.2285715e-06 0.003289753 0.038598876 0.0009634071 0.39103448 0.038230814 0.007239669 2.1041891e-05 4.688644e-05 0.0057470035 1.6209007e-05 2.4601788e-06 1.4619755e-05 0.00035634966 0.037232175 9.778541e-06 0.09103423 0.13700669 7.924683e-06 0.00023548851 0.0035254606 1.0349816e-06 7.4434506e-06 6.63899e-07 0.00016170184 4.8869584e-05 3.7783823e-06 0.0002764885 8.2955685e-06 0.0003891585 1.6865024e-05 0.020314876 0.00059491076 0.004081241 0.0014705138 2.899113e-05 3.2480755e-05 5.075496e-07 1.36324015e-05 2.2863835e-05 8.778197e-07 2.0069392e-05 7.1068584e-06 0.00041353767 0.0019673635 0.00048202867 2.8674149e-05 0.000996279 0.0009962714 2.8971562e-07 0.0006090457 1.6289883e-05 4.14557e-05 0.00023671566 0.00042260202 1.221099e-07 0.0001146616 2.5428997e-05 0.00087809237 0.00042571672 2.5948622e-05 2.650963e-06 1.3217023e-07 2.3814518e-07 8.431538e-05 4.1253807e-07 7.905283e-06 9.96562e-07 1.4683059e-06 3.2885808e-08 1.1870694e-06
0.91864675 0.017082907 0.0063963896 0.22059019 0.013589756 0.01467336 0.006507012 0.94459236 0.18548962 0.004113513 2.9235455e-20 0.98378444 0.0023554591 0.09500945 0.30359486 0.0742191 0.04426453 0.10932777 0.90783536 0.0009802766 0.0033499317 0.00029058187 0.00086307625 0.00013851076 9.682372e-05 9.1591326e-05 0.0072490727 0.0036513896 0.06766419 0.052928735 0.11173111 1.2906369e-05 0.0017882512 4.462451e-07 0.00010170716 0.0011353198 0.12895507 0.10932309 0.040209427 7.8488e-06 0.2152626 0.05776837 0.017663466 0.00018476954 4.2783275e-05 0.15029112 4.6274595e-06 1.3061345e-05 0.045553315 7.078068e-05 0.124407835 0.0113625135 0.0063421354 0.009621919 0.0012068913 6.837484e-05 0.016018694 0.014817399 3.7292557e-06 1.1127737e-05 1.1057588e-05 4.374821e-05 1.7266999e-06 3.5863832e-06 1.7546075e-06 4.2479223e-06 1.3457681e-05 0.003486876 0.013033927 0.028425587 0.001511737 0.00022396423 4.5965942e-07 0.05247521 0.0067148376 0.029386321 3.191294e-05 8.516222e-07 0.024488332 1.500662e-08 0.034729492 0.0052632764 0.000138506 4.576888e-05 0.0007439082 2.6852073e-05 0.0002465386 1.3914223e-05 0.00303875 5.8025294e-06 0.014592046 5.348149e-07 6.3580526e-05 5.2225307e-05 0.0002347893 6.1038125e-05 3.2267786e-07 7.5328467e-07 1.3196907e-05 3.122375e-05 1.43543875e-05
0.90261793 0.019519037 0.007820271 0.16922125 0.016062299 0.01687051 0.003975137 0.9485909 0.11310599 0.004977971 0.98378444 2.419199e-18 0.003700404 0.08708744 0.50216687 0.060938846 0.05814125 0.14100233 0.8050961 0.0014474298 0.0004985292 0.0004970238 0.0010106014 0.00014836644 0.00017020486 8.932008e-05 0.00906644 0.0069306656 0.16706155 0.114975594 0.2751384 2.4013938e-05 0.0027606816 4.0099812e-07 0.000116552364 0.001823317 0.057711653 0.15132317 0.07282355 1.0823001e-05 0.21571933 0.09954112 0.030719463 6.773478e-05 0.00010287897 0.13393119 8.289417e-06 4.9177874e-05 0.04410656 9.5479045e-06 0.1097023 0.029130142 0.02011111 0.017709903 0.00046548177 7.823392e-06 0.025334273 0.00432611 9.2476836e-07 2.8261368e-06 4.173526e-06 0.00020334694 5.7829398e-06 5.721156e-06 3.1496127e-06 4.1693647e-06 6.3473026e-06 0.014753658 0.020076582 0.03788517 0.0030625088 0.00018879006 3.91305e-07 0.037436787 0.0043356856 0.028379845 9.340329e-06 2.1858905e-06 0.016057359 1.08103055e-08 0.027485566 0.01173505 0.000203168 2.6164491e-05 0.00019457145 0.00029043306 0.00012834059 1.9077817e-05 0.0017287794 1.0746562e-05 0.024811167 7.0465074e-07 0.0010413526 0.00081803737 0.00024800893 0.00010426992 6.9941115e-07 1.1257903e-06 1.4006886e-05 0.00048735595 2.5380714e-05
0.8375481 0.28155693 0.55639726 0.16859062 0.2573502 0.7632571 0.3539462 0.018272912 0.21856698 0.92858475 0.0023554591 0.003700404 2.0336381e-17 0.029723207 0.0025616568 0.0053863055 0.058381617 0.00826452 0.00978903 0.938927 0.054076787 0.7954269 0.9253095 0.017678171 0.03222556 0.08392756 0.0071644643 0.005524794 8.1621736e-05 5.6246507e-05 1.659477e-05 0.00084225583 0.14419344 0.00015289897 0.63090646 0.12668845 0.0023737906 3.6499736e-05 3.7711412e-05 0.0021860218 2.1412934e-05 2.8476072e-06 0.00040023765 4.6918467e-05 0.023691848 7.869261e-06 0.42756203 0.114260234 7.908489e-06 1.5517937e-05 0.0018884483 4.9669266e-06 6.591765e-06 8.157099e-07 3.974839e-05 1.0161076e-05 1.6822743e-05 6.961857e-05 8.5120485e-07 0.0001656137 6.2822446e-06 0.23073398 0.00016409313 0.0044232677 0.00044005894 3.9941347e-05 3.2367504e-06 9.582857e-07 1.0778576e-05 1.8920904e-05 1.3565688e-05 8.129647e-05 1.1250154e-06 0.00016557676 0.00049178244 0.000365977 1.5561924e-05 0.00023127317 0.000486066 1.1478735e-07 0.0003735759 5.268154e-06 5.4594548e-05 0.0005543589 9.41676e-05 3.2741625e-07 6.6626326e-06 0.0004114535 0.00011700899 0.0016780517 2.4050654e-05 4.02204e-06 4.8997777e-07 8.6510676e-07 6.4077554e-05 2.9704443e-06 1.5513282e-06 1.919575e-05 7.4151812e-06 1.8874063e-07 2.7190667e-06
0.91669893 0.08016821 0.05512238 0.04687644 0.21814203 0.040439308 0.28725705 0.10302747 0.86025465 0.05275723 0.09500945 0.08708744 0.029723207 1.3296773e-20 0.01486945 0.9842727 0.009268788 0.016167883 0.44403628 0.014372278 0.7252977 0.006717365 0.011139678 0.16400458 0.018772818 0.014443041 0.0024211819 0.001921762 0.0029044943 0.0032169356 0.0038598077 0.018547783 0.004715028 0.0019445589 0.0036002814 0.0034630632 0.6430212 0.001716329 0.0010378124 0.0011807047 0.009125344 0.0007740562 0.00012264038 0.0833372 0.0021289205 0.01763312 0.00024234607 0.00247361 0.007739946 0.028629733 0.2545936 0.0017135341 5.3561373e-05 0.0016185705 0.1630211 0.011019508 0.0009739625 0.2560249 0.0016748875 0.0006656653 0.0041052364 0.0005046773 0.00025903093 3.0801355e-05 0.00019400298 0.00030366876 0.0045059407 1.958647e-05 0.0021584574 0.0048412303 0.00019674095 4.584301e-05 0.00044943273 0.03245738 0.08872072 0.015706863 0.003110953 1.6131316e-05 0.06725261 2.8067948e-06 0.033253174 0.0018856012 0.00017568025 0.0007536789 0.023310345 8.39876e-06 0.010062071 7.5995784e-05 0.02632961 6.401702e-05 0.004433742 1.02969725e-05 1.00528905e-05 6.735129e-06 9.977032e-05 8.014993e-06 8.861397e-06 6.14109e-06 3.2773147e-05 1.9068628e-07 3.6842378e-06
0.96700513 0.02043548 0.012354033 0.5368196 0.006202231 0.0839134 0.00030299183 0.8732276 0.041978013 0.0018379329 0.30359486 0.50216687 0.0025616568 0.01486945 5.356189e-16 0.011575283 0.32359537 0.9607419 0.10083132 0.002562001 3.9508217e-05 0.00026510088 0.0019146367 5.0516774e-06 4.0578475e-06 3.4611778e-05 0.06470531 0.053619597 0.8162059 0.71362585 0.7136525 1.4071533e-06 0.012148158 2.7467111e-08 0.00040913202 0.00755281 0.002336079 0.08753155 0.5385673 4.5522906e-06 0.047350843 0.022182975 0.44320554 5.3323024e-06 2.3729866e-05 0.01110755 0.00043215224 1.5316018e-06 0.007192093 4.475858e-06 0.027377006 0.017586358 0.2437057 0.035049926 8.276754e-06 1.8246459e-06 0.004024511 5.1537376e-05 4.5047326e-08 5.763925e-07 1.1429803e-06 0.00083256746 8.937824e-06 1.2298889e-05 1.0139981e-05 2.1155747e-06 2.9272476e-07 0.0017722852 0.0067757983 0.012805187 0.0008831253 0.0049340273 3.1791097e-07 0.0065839337 0.0015044552 0.007297439 1.4301553e-06 2.5515246e-06 0.0028643808 2.748876e-08 0.006247544 0.0019159747 0.005324264 0.0022081663 3.402802e-05 1.8192932e-05 2.2004591e-05 1.0897863e-05 0.00046313115 3.3104738e-05 0.0065359534 3.528366e-07 2.6124597e-05 4.20773e-05 0.004557121 0.00058707467 2.0022915e-07 3.0605494e-07 2.9285363e-06 4.4673994e-05 0.00013993755
0.900248 0.018530518 0.014479276 0.03093855 0.05096279 0.010768138 0.043241322 0.09654806 0.35878223 0.0080708265 0.0742191 0.060938846 0.0053863055 0.9842727 0.011575283 6.3671e-20 0.005469333 0.0058438336 0.9245467 0.0020912536 0.4096841 0.001428425 0.0013230599 0.10780657 0.0044468646 0.0030658138 0.0011629296 0.00087149657 0.0024061692 0.0026396927 0.0028803567 0.014009025 0.0015056652 0.0013926569 0.00049926835 0.0008752594 0.7650946 0.019584795 0.00057931856 0.00015406423 0.043775532 0.011874529 4.045238e-05 0.1065042 0.00051443663 0.12705825 1.2027594e-05 0.00010359848 0.046299275 0.053065915 0.46074617 0.0020198291 2.256996e-05 0.0021367497 0.29821903 0.018546512 0.012195447 0.4374351 0.0024788114 0.0007730968 0.008277994 4.2749907e-05 2.31249e-05 1.5195721e-05 2.9523992e-05 3.83226e-05 0.006085271 0.00015896308 0.022517376 0.03812091 0.00030959194 2.692395e-05 0.00019951581 0.1792187 0.18968254 0.0866788 0.0065996978 2.411732e-06 0.14655793 3.596398e-06 0.110278405 0.018292883 0.00012960796 0.001278404 0.09943784 0.0009559007 0.020190462 0.00019741435 0.0664176 4.5920635e-05 0.02986093 1.0861138e-06 0.0020377743 0.0015620625 6.491305e-05 5.167545e-06 5.792481e-07 1.1520953e-06 4.339969e-05 1.969863e-06 2.336158e-06
0.7821896 0.14030525 0.09155047 0.87472117 0.022047326 0.84305525 0.0041715447 0.3462174 0.076946326 0.029080657 0.04426453 0.05814125 0.058381617 0.009268788 0.32359537 0.005469333 1.2189954e-18 0.901507 0.023385255 0.0155779235 0.0013256231 0.0009529825 0.037088692 3.4014523e-05 6.8664645e-05 0.00034863516 0.9482112 0.8952475 0.02864459 0.010306945 0.01416774 1.1514533e-05 0.5209787 1.861822e-07 0.012718144 0.29601812 0.0007073561 0.0016751678 0.019686311 1.37226525e-05 0.00095013535 0.0006319163 0.57846653 2.4278304e-06 6.208945e-05 0.00030963152 0.009617102 0.00013013073 0.00015859603 2.0475952e-06 0.002464863 0.00021962778 0.0019371051 0.00010356293 5.957845e-06 1.0526796e-06 0.00013037893 5.05299e-05 1.9992882e-07 4.389869e-06 6.473735e-07 0.13956821 2.9549398e-07 0.00046267427 1.531786e-06 1.0681827e-06 1.2143569e-06 4.159256e-05 0.0001359328 0.00027413 6.3221676e-05 0.014863098 1.1946581e-06 0.00084219634 0.0006614769 0.0010831319 2.609967e-05 2.24333e-06 0.0010789534 6.674678e-08 0.00056128943 0.00017292741 0.0036500928 0.13784015 0.00019388404 3.0056708e-06 2.8764613e-05 0.0009922814 0.0003682004 0.0029053877 0.00026874864 1.2345717e-07 6.346116e-06 1.4498723e-05 0.0011536474 1.8526864e-05 1.209351e-07 2.4614592e-05 0.000111395064 1.8018367e-05 2.6992811e-06
0.9187938 0.029602991 0.02026476 0.53062093 0.012122501 0.15383355 0.003189584 0.4786083 0.058044642 0.003516688 0.10932777 0.14100233 0.00826452 0.016167883 0.9607419 0.0058438336 0.901507 3.993351e-14 0.03613726 0.004785643 7.5048185e-05 0.0003704028 0.0039525065 1.9187568e-05 4.685906e-06 6.5422486e-05 0.49472213 0.5048391 0.73096836 0.56206816 0.46919385 4.593555e-06 0.10123224 7.311527e-08 0.0023856543 0.056348402 0.00045485722 0.013144658 0.6631187 1.726131e-05 0.008830188 0.0033205168 0.9196674 1.8813816e-06 4.7479767e-05 0.0022238705 0.0017739043 2.1192157e-06 0.0012078936 1.3831527e-06 0.0073722573 0.0019986432 0.23050134 0.0038947598 2.0442315e-06 1.6338636e-06 0.001005619 1.768729e-05 4.0188382e-08 1.8507868e-06 1.8109529e-07 0.008786268 1.6751462e-06 1.4059201e-05 2.4329945e-06 1.2221889e-06 4.7414426e-07 0.00028242564 0.0007527957 0.0015723305 0.00023003432 0.022362081 1.2582626e-07 0.00040946814 0.00014081429 0.001195423 1.8923168e-06 1.7958484e-06 0.00028464047 6.2869816e-09 0.000604253 0.00032800494 0.017618489 0.050075237 2.1119686e-06 2.6308096e-06 2.5454901e-06 0.00027672644 2.521273e-05 0.00040349897 0.00038420325 1.00053256e-07 3.7334048e-06 8.32613e-06 0.015079624 0.0007993246 1.5228449e-07 7.812238e-06 2.4528308e-05 5.11605e-05 0.00013818817
0.9800681 0.059437133 0.019900288 0.099878974 0.07116711 0.029960515 0.018168036 0.7069928 0.50311637 0.008022388 0.90783536 0.8050961 0.00978903 0.44403628 0.10083132 0.9245467 0.023385255 0.03613726 6.6289246e-20 0.003634453 0.055879563 0.0007456115 0.0010179853 0.0025359688 0.0006100539 0.00073586334 0.004622233 0.005485071 0.030778667 0.031196468 0.036003757 0.00032040395 0.0014864409 5.9757467e-06 0.00038543763 0.0010089008 0.4667496 0.13796993 0.007149991 0.0001314074 0.26568204 0.06911561 0.0020076295 0.0013524444 0.0002981172 0.3788557 1.0223565e-05 3.097796e-05 0.14550936 0.0020677838 0.54893565 0.010546085 0.0011594903 0.00818286 0.008931908 0.0006493977 0.031161115 0.12478383 1.7448301e-05 0.00012865907 4.7461883e-05 0.0012995681 5.649191e-05 1.7814118e-05 2.6610227e-05 1.843764e-05 0.0002847477 0.004869448 0.033996698 0.07014137 0.0042915186 5.3617896e-05 1.2828483e-05 0.33694667 0.09205184 0.13139506 0.00057993736 7.307425e-07 0.21317449 1.2184745e-07 0.20559767 0.028827691 0.00037124025 0.0012761664 0.01496166 0.007804696 0.0045689684 0.0005346746 0.037826505 0.00014414906 0.06114692 9.170836e-07 0.009611904 0.007198293 0.00054679014 1.3867029e-06 1.7279064e-07 1.0025451e-05 5.31772e-05 0.00025639212 1.0137443e-06
0.5182544 0.11035102 0.28143215 0.043965507 0.07627857 0.46219057 0.13616551 0.007038348 0.13085623 0.80579966 0.0009802766 0.0014474298 0.938927 0.014372278 0.002562001 0.0020912536 0.0155779235 0.004785643 0.003634453 2.4267253e-16 0.04741825 0.94676226 0.95932466 0.029037336 0.08108045 0.18076691 0.0024215907 0.0021097523 7.690765e-05 4.7550096e-05 3.3013093e-05 0.0029291734 0.06586746 0.00083064503 0.76611626 0.08171291 0.0018055951 8.492791e-05 4.4549888e-05 0.010661347 5.779662e-05 6.870388e-07 0.00016366788 0.00035331867 0.06903988 2.2489989e-05 0.53765833 0.37355953 1.623475e-05 4.470204e-05 0.00023503418 1.3910122e-05 5.345036e-06 1.4956444e-06 7.513497e-05 6.25895e-05 1.6067263e-05 0.000103073915 9.246771e-06 0.00095757545 2.4339215e-05 0.3334895 0.0009245392 0.03987127 0.0021202648 0.00016628347 6.735014e-06 2.448464e-06 1.4236149e-05 1.164472e-05 1.4487031e-05 4.0165993e-05 9.281909e-06 6.52568e-05 0.00026855877 7.2431845e-05 5.8496764e-05 0.0026522542 0.00019496244 6.734715e-07 8.6740496e-05 5.624261e-06 0.00014249724 0.00060696056 2.2022752e-05 2.5095246e-06 1.6839052e-05 0.0005751088 2.1242247e-05 0.0031253635 2.5284317e-05 1.31769e-05 1.6100461e-06 1.4148058e-06 0.00018679124 4.758169e-06 2.2355975e-05 4.6318728e-05 1.7582315e-05 1.0019357e-06 5.712259e-06
0.9885291 0.028158521 0.065146916 0.0035192645 0.16523643 0.034666248 0.6043822 0.0018432067 0.7807019 0.08075557 0.0033499317 0.0004985292 0.054076787 0.7252977 3.9508217e-05 0.4096841 0.0013256231 7.5048185e-05 0.055879563 0.04741825 1.4501235e-19 0.062904336 0.011253981 0.9401201 0.24352494 0.1394176 0.00016233782 0.00030874158 2.7873584e-05 2.9807325e-05 1.0559057e-05 0.33611777 0.00036041663 0.17710881 0.030213816 0.00067985564 0.7475369 3.9008237e-06 1.7734915e-06 0.08091657 0.00010019673 5.106101e-07 4.238492e-07 0.43729135 0.14048532 0.000280324 0.0013961036 0.017630355 4.9469654e-05 0.3312082 0.17539316 2.8193904e-06 7.017439e-06 7.707061e-08 0.46096757 0.09604888 8.016109e-06 0.45030788 0.019173367 0.024850026 0.0259464 0.0073406375 0.016940892 0.00046561472 0.003620558 0.012164012 0.014812538 2.1842348e-07 0.00010157107 0.00052635215 9.166739e-08 9.108946e-06 0.011349338 0.0193425 0.29423642 0.0036685222 0.007802854 0.00028958538 0.11482104 0.0001809131 0.028938726 5.9781385e-05 1.9241772e-05 0.00030636613 0.056093466 4.2142034e-07 0.021002298 5.5276632e-06 0.09853725 9.69099e-05 0.00037848396 0.00028329127 8.662058e-08 3.984644e-08 1.8524795e-05 1.3831848e-07 0.00013775488 1.5404166e-07 2.4114823e-07 8.4493945e-10 5.157693e-06
0.58369225 0.050391015 0.1912038 0.0075284382 0.071333334 0.19988622 0.3284707 0.0022088885 0.080487244 0.80492795 0.00029058187 0.0004970238 0.7954269 0.006717365 0.00026510088 0.001428425 0.0009529825 0.0003704028 0.0007456115 0.94676226 0.062904336 4.419138e-19 0.90255994 0.0830126 0.6837926 0.8754447 0.0004258113 0.00022878703 1.7654119e-06 2.4841204e-06 7.7001806e-07 0.013132534 0.004400969 0.0045667514 0.791033 0.009890826 0.0008977912 1.1643032e-05 2.0409043e-06 0.05282436 3.425367e-06 2.6084923e-08 3.5977218e-06 0.00065799477 0.42994982 2.2413326e-06 0.18646935 0.6381186 3.722566e-07 8.3795785e-05 4.883287e-05 1.4745335e-06 2.298707e-06 1.8208502e-07 5.5348824e-05 3.448967e-05 2.390913e-06 3.963135e-05 1.9786983e-05 0.0008194815 0.00013347664 0.011547524 0.009650053 0.11894276 0.018467369 0.00017662338 6.6008615e-06 4.668659e-07 6.3535826e-06 3.057272e-06 3.993489e-06 3.4403251e-06 1.2373807e-05 2.737359e-05 0.00024866115 2.4222116e-05 5.5649085e-05 0.01075353 9.234438e-05 4.08402e-07 2.2293423e-05 3.365364e-06 4.9704726e-05 0.00010188716 2.6720161e-05 5.202383e-07 1.7678609e-05 3.769812e-06 5.566246e-05 0.00013574664 8.652846e-06 1.3528416e-05 2.1003477e-07 2.8559032e-07 5.0971692e-05 3.9440997e-06 0.00013316868 1.0194624e-06 6.401897e-07 4.0966356e-07 1.6493391e-06
0.22341396 0.08777943 0.2658612 0.041046903 0.067807645 0.5115542 0.07949686 0.008515334 0.04782988 0.70663726 0.00086307625 0.0010106014 0.9253095 0.011139678 0.0019146367 0.0013230599 0.037088692 0.0039525065 0.0010179853 0.95932466 0.011253981 0.90255994 1.7743469e-16 0.0060129394 0.03507888 0.102153264 0.0069872355 0.0034949342 2.2451652e-05 1.649277e-05 6.4495885e-06 0.0011005581 0.09498742 0.000112228394 0.9059006 0.100095704 0.00053459464 9.14424e-06 2.6331074e-05 0.002042575 8.018701e-06 1.690062e-07 0.00019303335 1.2709668e-05 0.023910096 1.3091031e-06 0.32129815 0.29227793 1.1227924e-06 2.1338983e-06 4.7578946e-05 8.232967e-06 5.364631e-06 4.1327172e-07 9.310953e-06 6.3200487e-06 4.6041023e-06 1.319283e-05 2.729869e-07 0.000101890175 1.6320913e-06 0.10579341 0.00030029324 0.09780614 0.0006613527 8.662089e-05 4.250607e-07 4.762496e-06 9.0929325e-06 4.9507757e-06 5.0903443e-05 6.3736064e-05 9.384574e-07 0.000112725145 5.380363e-05 0.00025179583 2.2792003e-06 0.0012427516 7.650065e-05 9.6297576e-08 0.00011053187 1.035855e-05 3.1579155e-05 0.00026269362 2.7234566e-05 1.7339243e-06 2.1175751e-06 0.00036707317 2.8374754e-05 0.0022179834 5.0117265e-05 4.2088877e-06 2.764633e-07 9.008822e-07 5.364121e-05 2.4003923e-06 7.3581846e-06 8.48194e-06 1.0002406e-05 6.563615e-07 1.6225949e-06
0.98772454 0.007770665 0.012541015 8.801896e-05 0.029222887 0.0020009442 0.48110196 0.00018948253 0.120744884 0.06200871 0.00013851076 0.00014836644 0.017678171 0.16400458 5.0516774e-06 0.10780657 3.4014523e-05 1.9187568e-05 0.0025359688 0.029037336 0.9401201 0.0830126 0.0060129394 1.7443469e-17 0.7076614 0.46513402 3.385917e-05 0.00014940093 8.445529e-06 5.7560064e-06 2.6592252e-06 0.7072472 4.0058916e-05 0.7179857 0.008996366 0.00015072084 0.3685818 6.629892e-07 1.849484e-05 0.4308105 5.0377153e-06 1.1838011e-06 1.3368109e-06 0.3637368 0.2322858 6.465286e-06 0.0009177302 0.017800052 1.1041066e-05 0.24795665 0.11576602 1.6812262e-06 2.412635e-05 1.6247644e-06 0.29941204 0.086160064 9.922504e-06 0.20558868 0.019753767 0.1006433 0.10667327 0.0013322656 0.061910287 0.0006229348 0.008114516 0.04644612 0.030538552 4.41702e-07 8.526495e-05 0.0001616482 8.7521164e-07 2.7608892e-05 0.023103315 0.00917448 0.14302802 0.0028176648 0.029023997 0.0006875967 0.074120216 0.002134999 0.01932036 0.00011905796 0.00021664033 0.0007584102 0.07970566 3.849468e-07 0.033044335 2.0508973e-05 0.099171445 8.024473e-05 0.00017436482 0.00095826335 8.6815385e-07 7.4295957e-07 0.00047533368 1.8757106e-07 0.0005537777 9.659527e-07 2.1077672e-06 2.2074612e-08 1.4943483e-06
0.79596716 0.0108986655 0.01957727 0.00032242763 0.049694672 0.004923156 0.58157027 0.0006714652 0.083989106 0.37639657 9.682372e-05 0.00017020486 0.03222556 0.018772818 4.0578475e-06 0.0044468646 6.8664645e-05 4.685906e-06 0.0006100539 0.08108045 0.24352494 0.6837926 0.03507888 0.7076614 9.214232e-22 0.98743856 2.8187065e-05 6.136746e-06 3.144638e-07 6.493553e-07 1.8068076e-07 0.4386922 0.00022459714 0.34272265 0.052760914 0.0003562642 0.005933797 1.1637765e-06 1.5723132e-06 0.6002075 2.1176702e-06 1.2226153e-08 3.875494e-08 0.006035993 0.7565598 1.9080244e-06 0.0027277027 0.3297616 1.9568386e-06 0.0021361518 0.0019302627 4.4896555e-07 6.920536e-07 5.662943e-08 0.0006245668 0.00071746035 1.7285946e-06 0.000798026 0.0003840208 0.012558129 0.0020142803 0.00055500877 0.11283021 0.005354041 0.049982466 0.032595582 0.00034004907 2.2418176e-08 1.8241351e-05 1.6942338e-05 1.727815e-06 4.3773025e-06 0.00019442066 0.00021274755 0.0025260146 0.00041341488 0.0006911643 0.006677827 0.0011986388 3.497186e-06 0.00032664265 9.6734875e-06 2.3578503e-05 8.383315e-06 0.0002821279 3.113722e-07 0.0005099863 1.553292e-07 0.0012527237 3.311186e-06 1.95994e-05 0.00020737025 4.500954e-08 4.5213977e-08 3.9122446e-05 5.6638987e-06 0.00046034378 1.8714884e-07 2.2210533e-07 2.5872563e-07 4.152445e-06
0.6116586 0.017157523 0.03397464 0.002773865 0.03715376 0.018679086 0.37098405 0.0010209813 0.0907875 0.35319263 9.1591326e-05 8.932008e-05 0.08392756 0.014443041 3.4611778e-05 0.0030658138 0.00034863516 6.5422486e-05 0.00073586334 0.18076691 0.1394176 0.8754447 0.102153264 0.46513402 0.98743856 1.8168373e-19 0.00013217445 4.6470974e-05 7.6420497e-07 4.899786e-07 5.7691716e-07 0.15289715 0.0010202543 0.1077398 0.24463935 0.0018055608 0.0030625043 5.855813e-06 5.4077447e-07 0.45929244 3.1681552e-06 1.3649307e-08 4.6367913e-07 0.006028365 0.82108396 2.0522539e-06 0.032446627 0.6004682 4.2766257e-07 0.00066111755 0.00018510551 1.0097921e-06 4.532059e-07 3.2628083e-08 0.00022700551 0.0008318635 9.2989154e-07 0.00015878459 0.00031201207 0.011896955 0.0030796775 0.0035612003 0.13117442 0.0198909 0.098261505 0.021129144 0.0002119543 8.383838e-07 2.955003e-06 1.8318746e-06 1.0488557e-06 1.513406e-06 0.00011837391 2.5297102e-05 0.0002980265 2.6644837e-05 0.0002176978 0.013095452 0.00013428075 1.94097e-06 7.8169156e-05 8.873752e-06 3.1549145e-05 1.0426103e-05 9.623051e-05 3.3118855e-07 0.00013169268 4.881643e-07 0.00013413867 2.7229375e-05 7.153697e-06 0.00013376476 2.2376948e-08 3.4012395e-08 2.4742269e-05 9.646039e-07 0.00039686856 8.638445e-07 7.4857536e-07 2.1604187e-07 6.76753e-07
0.07740996 0.011633842 0.010032731 0.19001894 0.0022870905 0.23402353 0.0004985544 0.034623824 0.01536498 0.002562221 0.0072490727 0.00906644 0.0071644643 0.0024211819 0.06470531 0.0011629296 0.9482112 0.49472213 0.004622233 0.0024215907 0.00016233782 0.0004258113 0.0069872355 3.385917e-05 2.8187065e-05 0.00013217445 1.7084496e-17 0.9897543 0.005814326 0.0017096965 0.0010747623 2.8508992e-05 0.34867665 6.6097346e-07 0.0023208004 0.16709362 0.00020560445 0.000925352 0.007040862 4.6328267e-05 0.00017825139 4.3285603e-05 0.41192725 1.3370818e-05 9.833103e-05 0.00015701914 0.0056921416 5.9045586e-05 2.4166993e-05 4.458778e-06 9.126801e-05 0.00021934226 0.00055577303 5.5989833e-05 1.4646425e-05 7.857008e-06 5.97179e-05 2.7339674e-05 3.324225e-06 3.3813994e-05 1.7756722e-05 0.05876935 8.591422e-06 0.0001731733 1.0850377e-05 1.1086267e-05 2.8457706e-07 6.839708e-05 4.9087248e-05 9.337243e-05 0.00018512653 0.02125636 4.125698e-06 0.00016694766 0.00035484225 0.0003028061 5.6166714e-06 1.651123e-05 0.0006504943 1.5169275e-06 0.0001524998 1.0718732e-05 0.0052605765 0.17028813 1.1311082e-05 2.8770677e-05 3.7861844e-06 0.0008543005 3.6862923e-05 0.0013383934 5.1681684e-05 4.2847293e-07 1.6711007e-05 2.8363987e-05 0.001455824 4.395908e-05 2.499312e-06 3.2289983e-05 0.00025553553 0.00011868431 3.0245537e-06
0.096948676 0.012171495 0.016671594 0.1434449 0.0022440073 0.24522495 0.0006974606 0.021775581 0.021235323 0.0014809199 0.0036513896 0.0069306656 0.005524794 0.001921762 0.053619597 0.00087149657 0.8952475 0.5048391 0.005485071 0.0021097523 0.00030874158 0.00022878703 0.0034949342 0.00014940093 6.136746e-06 4.6470974e-05 0.9897543 3.8467074e-15 0.0030561541 0.0010092944 0.0005471456 8.083858e-06 0.51329654 4.4323758e-07 0.002465412 0.2719751 0.0001145369 0.0016996756 0.003228079 2.8164119e-05 0.00040407173 6.196688e-05 0.72061366 2.4097687e-06 8.360437e-05 0.00013186033 0.011506196 2.349955e-05 0.00010916832 5.0904646e-07 8.8347355e-05 0.00010315652 0.0009409754 1.5303178e-05 2.1879969e-06 3.2240548e-06 0.00016481662 1.0517941e-05 1.039447e-07 4.0478466e-05 8.8963714e-07 0.16329546 1.1613495e-06 0.00016628887 1.9237596e-06 2.9659434e-06 1.7084746e-07 4.8543086e-05 6.785957e-05 0.00012620862 5.9927737e-05 0.18031564 2.661766e-07 5.715057e-05 0.00022838372 9.715226e-05 4.315167e-06 8.58352e-06 0.00016672222 7.0479416e-08 7.21251e-05 1.1573455e-05 0.013788429 0.4727399 2.4714711e-06 6.940117e-06 1.3716848e-06 0.0022049581 4.1113617e-06 0.0019960955 4.8004866e-05 1.3176057e-07 6.605758e-07 1.728997e-06 0.00398907 2.2103022e-05 2.5662655e-07 6.5590095e-05 0.0008335793 6.960636e-05 2.3902724e-06
0.8515553 0.001254824 0.000976332 0.031543016 0.00038332178 0.0028260371 2.9039555e-05 0.28376687 0.0154418945 7.193077e-05 0.06766419 0.16706155 8.1621736e-05 0.0029044943 0.8162059 0.0024061692 0.02864459 0.73096836 0.030778667 7.690765e-05 2.7873584e-05 1.7654119e-06 2.2451652e-05 8.445529e-06 3.144638e-07 7.6420497e-07 0.005814326 0.0030561541 1.5717075e-17 0.96264267 0.91589266 2.1144461e-07 0.0003832494 2.1098394e-09 1.5571573e-05 0.00049174024 0.00026489035 0.18462019 0.7820859 8.688418e-06 0.023893274 0.037161246 0.5731491 9.570947e-07 3.7996713e-05 0.0035863852 8.0617436e-05 3.748937e-07 0.0047138864 1.7677948e-07 0.0020588387 0.02890843 0.5211128 0.13715455 1.4149258e-06 2.7502108e-06 0.006613931 8.23826e-06 3.5193295e-07 1.0586654e-05 4.7778076e-06 0.00065940357 7.418643e-05 4.5756176e-05 6.1928185e-05 5.5397726e-05 9.360151e-08 0.0010152683 0.00468349 0.006692293 0.00015397712 0.003717093 3.6513381e-07 0.0007601596 0.00010683284 0.0021117139 3.2777803e-05 0.00016774531 0.00014719905 6.1007775e-08 0.000707871 0.000806387 0.006187736 0.0016235788 1.3996831e-05 3.9378046e-06 6.8398026e-06 3.501857e-05 8.460722e-05 4.6477133e-05 0.0034592196 4.930215e-06 2.8536599e-07 6.5043866e-07 0.007467533 0.00139484 8.966578e-06 7.0598962e-06 2.2814611e-05 3.98397e-05 0.00084120623
0.62345755 0.0010638646 0.0014296987 0.023417799 0.00033767158 0.0024498084 3.9201623e-05 0.17868716 0.013234196 5.7301033e-05 0.052928735 0.114975594 5.6246507e-05 0.0032169356 0.71362585 0.0026396927 0.010306945 0.56206816 0.031196468 4.7550096e-05 2.9807325e-05 2.4841204e-06 1.649277e-05 5.7560064e-06 6.493553e-07 4.899786e-07 0.0017096965 0.0010092944 0.96264267 1.2350324e-16 0.963551 4.4705143e-07 0.00018925371 2.0954658e-09 1.2294174e-05 9.007963e-05 0.00027399333 0.24257864 0.7759618 1.0304753e-05 0.031051101 0.08693529 0.47018647 3.436631e-07 5.0621395e-05 0.007874405 9.0766525e-06 9.235195e-07 0.005541432 1.1927234e-07 0.00078527466 0.0523115 0.53301376 0.19890921 2.0320851e-06 1.2966036e-06 0.009539645 7.998385e-06 5.0779143e-08 1.6296457e-05 8.060291e-07 0.00020054058 0.00017352641 2.5301204e-05 0.00027626764 0.0002566289 4.832117e-08 0.01040503 0.0054021296 0.00824819 0.0008973504 0.0013633502 9.2514153e-07 0.0009857928 0.00016484004 0.0036138035 1.6445885e-05 0.00019269933 0.00038655667 1.0174601e-07 0.001014166 0.0022067209 0.0022645358 0.00042172315 2.9848601e-05 7.645739e-05 3.4787896e-05 1.8201437e-05 0.00013404852 6.1380546e-05 0.0035741292 1.1710694e-05 2.0949446e-05 4.2018353e-05 0.0030547674 0.0017167113 7.1675386e-06 3.3531612e-06 4.1230607e-05 0.0005145708 0.0013709638
0.83332616 0.0008673919 0.0007079776 0.023759257 0.00024679312 0.0017928807 1.952446e-05 0.37181965 0.012441598 8.2285715e-06 0.11173111 0.2751384 1.659477e-05 0.0038598077 0.7136525 0.0028803567 0.01416774 0.46919385 0.036003757 3.3013093e-05 1.0559057e-05 7.7001806e-07 6.4495885e-06 2.6592252e-06 1.8068076e-07 5.7691716e-07 0.0010747623 0.0005471456 0.91589266 0.963551 1.5177357e-18 4.0930624e-07 0.00014857853 3.1043965e-09 8.645067e-06 8.9674715e-05 0.00035311317 0.39338323 0.6931232 4.0035525e-06 0.08817907 0.27341825 0.35326397 1.3796121e-07 3.9353403e-05 0.014169705 5.5889564e-06 3.4804536e-06 0.012491961 4.1073778e-07 0.0018193611 0.27243882 0.5712859 0.56660515 3.290589e-06 5.28192e-07 0.027961073 2.4073328e-05 1.4143167e-07 3.637936e-05 4.965891e-07 0.00011438255 0.00013955799 0.000113546215 0.0003584691 0.00015009787 3.345348e-08 0.07423912 0.011549143 0.017626178 0.005684761 0.000744872 1.9950571e-06 0.004721384 0.00064305955 0.007546272 5.8622945e-06 0.00029187667 0.0018915051 1.2914815e-07 0.0030883036 0.0041919257 0.0017824027 0.00029172585 5.593972e-05 0.0003617141 1.601233e-05 7.694635e-06 0.0005882541 1.3283998e-05 0.008367069 1.2331245e-05 0.0003208305 0.0005359108 0.0027004427 0.0018347063 1.1112889e-05 8.634278e-07 4.246011e-06 0.0027445008 0.0027694954
