5.182819e-27 6.878833e-05 0.0068234596 0.0151966065 0.00976043 0.21703382 6.638398e-06 0.010665323 0.006990308 0.0072664036 0.00055160286 0.13454507 0.022403395 4.0569807e-06 0.005710241 0.020397669 0.81712776 0.49302885 0.9866361 0.4287251 0.029699892 0.25797594 0.5126104 0.42925477 0.42998928 0.013029094 0.762982 0.0071934587 0.000100419435 0.00018673194 0.015405006 2.6307782e-05 0.43757898 0.20417114 0.6531018 0.49602827 0.035818752 0.7487076 0.58953923 0.5774981 0.8924242 0.37130085 0.8237126 0.8163976 8.5528045e-06 0.0006429428 0.81756014 0.8180527 0.54101706 0.7965108 0.9093427 0.28999254 0.72031426 0.8574079 0.31919268 0.54569507 0.7150518 2.7469603e-06 0.8795573 0.30524775 0.578533 0.7335935 0.047978874 0.005552324 0.019684957 0.5020635 0.6875972 0.8063522 0.87595224 5.1180724e-08 0.8257285 4.970124e-08 0.7587932 0.9725892 0.9791948 0.95131296 0.99266446 0.7636932 0.5738104 0.9958053 0.9736557 0.5035446 0.5170335 0.952125 0.985375 0.96849126 0.15201044 0.00028651505 5.0319313e-09 0.99891406 0.7967551 0.16173486 5.5801927e-05 0.8840094 0.9892122 0.9817314 0.99864167 2.9721147e-07 0.9999461 0.82278216 0.99986565
6.878833e-05 1.9674143e-14 0.8533484 0.733167 0.5209498 0.19756202 0.28268522 0.14693293 0.15332136 0.123325 0.035529952 0.01904077 0.008343376 0.045373216 0.023017075 0.0058188303 0.034950648 0.00087517087 0.007223766 0.0004114298 0.00057568634 2.9475405e-05 4.339178e-05 0.00013795549 3.721715e-05 5.243451e-05 0.0014584797 0.00012488606 0.016624026 2.2033948e-05 0.0018220367 6.868423e-05 6.9664595e-05 5.4020047e-06 0.00012451243 3.478471e-05 4.2077383e-05 2.6213667e-05 1.215821e-05 1.6427427e-06 1.7940144e-07 8.234636e-05 4.815497e-06 5.4412335e-06 6.906424e-06 1.3362837e-05 2.7031158e-05 1.6518237e-05 5.981003e-06 3.69982e-07 1.0425068e-05 2.8507522e-05 3.2361083e-06 3.8287108e-06 2.2217175e-06 8.270694e-06 1.4745652e-05 8.802261e-06 1.0024456e-05 5.3206575e-05 1.230612e-06 1.2263365e-05 4.9159207e-05 4.3697175e-05 8.894695e-06 4.2727817e-07 6.050317e-06 4.9416365e-05 9.826343e-05 0.00012550813 1.0953942e-05 1.6553869e-06 1.8814354e-06 3.9832747e-05 8.40923e-07 1.0458971e-06 3.739404e-05 2.5763931e-05 0.00014145159 1.0936224e-06 7.9299716e-05 3.507271e-05 7.625518e-05 5.3606773e-06 0.00087246543 2.854859e-06 5.8925116e-06 4.3643325e-07 1.1156202e-05 2.8577371e-05 5.135995e-05 1.6184416e-05 9.4283416e-07 2.1445849e-06 1.9569572e-05 0.00015840029 3.8504597e-05 1.2186733e-05 0.0002101531 1.3930368e-05 4.2301144e-06
0.0068234596 0.8533484 2.4590002e-20 0.87458587 0.9487289 0.7774573 0.10594581 0.12987287 0.108096875 0.06866244 0.045733847 0.35131553 0.18091583 0.00091627246 0.0038241681 0.12698673 0.15994048 0.013611851 0.20922749 0.04264814 0.00043575393 0.0028287591 0.0012603062 8.490005e-05 0.0009241465 3.0951103e-06 0.18380806 2.2070806e-06 7.9652236e-05 5.9358368e-05 4.3423724e-06 0.00027643895 0.06351672 0.00013778287 0.04346834 0.1380189 1.4385447e-06 0.045106262 2.1149384e-05 0.015381745 0.0056406558 6.5711436e-05 0.0013579152 0.010456548 2.1023868e-06 1.365971e-06 0.018184697 0.009987599 0.00011672344 1.3909101e-05 0.011962464 1.2368769e-05 0.002962974 0.0011979172 3.725683e-06 0.00014677572 0.005727981 9.761225e-07 0.0012524987 9.4801864e-05 3.5907793e-05 7.493922e-06 5.4732955e-05 2.1632475e-05 2.0733989e-05 5.634553e-08 0.00048116845 0.0033682648 0.004881614 2.4891822e-05 0.00042015009 9.351019e-07 1.14662735e-05 0.00088425545 3.338896e-05 3.185723e-05 6.990218e-05 0.00097407063 0.0018109179 5.735226e-05 0.0009166802 0.00018950566 0.00078356155 1.8521034e-05 0.0018911607 5.7350673e-05 3.5883008e-05 4.1572734e-05 3.597856e-08 0.0002968717 0.0003487597 0.00016276879 2.7097593e-07 1.7594844e-05 8.453382e-05 0.00012215503 8.7298766e-05 6.6383825e-07 0.0007336981 7.93526e-05 0.00014960511
0.0151966065 0.733167 0.87458587 3.003813e-18 0.4322958 0.97260725 0.0078032888 0.83910894 0.6233164 0.585269 0.002940325 0.15393053 0.029622097 0.012174206 0.17850395 0.0054636607 0.65061015 0.25860566 0.46022326 0.0023545898 0.0055604503 0.026021833 0.005234288 0.0006568923 0.003287164 0.0003543068 0.074299976 0.0004239537 0.0004408644 1.16019535e-07 0.0015452803 8.191333e-08 0.017514044 0.003464819 0.0113736475 0.013894406 0.00013840606 0.004783156 0.0004741072 0.008917434 0.0033890656 0.0011108674 0.0015853215 0.0045896275 6.523877e-08 5.3732555e-07 0.0033513375 0.002668245 0.0011788347 0.00023406673 0.0030492763 2.3570363e-05 0.0012146899 0.0007217922 0.00021382376 7.209092e-05 0.0020673552 2.1440438e-07 0.001136906 0.00075668504 0.00042049022 0.00022660925 0.0012119095 0.0001389862 7.246756e-05 2.3555679e-06 0.0006154012 0.0012446345 0.0017918079 2.8303648e-05 0.00035399167 3.837301e-06 0.00035653252 0.0012151106 0.0004448483 0.00030777292 0.00010318446 0.0007761137 0.00073917996 0.0005122766 0.0009368618 0.00045574602 0.0010910031 0.0005812031 0.001157473 0.00060443627 3.230584e-05 7.591574e-05 1.558402e-07 0.00014321729 0.0006800621 0.0015753922 4.972552e-06 0.000121147204 0.000117595955 0.0012621024 7.6856624e-05 5.2374367e-06 0.0022455056 5.9775106e-05 0.0002705487
0.00976043 0.5209498 0.9487289 0.4322958 7.6657375e-18 0.54405713 0.664003 0.028265549 0.026076857 0.010462813 0.8592066 0.9027694 0.7424686 0.00096581364 0.021574002 0.8384139 0.1311676 0.0027596245 0.10257332 0.3289816 4.4920624e-05 0.00027727592 0.00046821765 8.87764e-05 0.00010418742 1.194076e-06 0.2661292 1.7498467e-06 8.7206885e-05 0.0067259734 2.092345e-05 0.02091119 0.11058577 2.3839517e-05 0.06716356 0.39840004 2.307168e-05 0.2912372 5.0839762e-06 0.0047534094 0.0016659037 5.824765e-05 0.00023110912 0.005187872 4.9617774e-05 0.00010252462 0.097448416 0.036941014 4.998338e-05 1.809823e-06 0.017981736 6.8598247e-06 0.006700988 0.00049221766 2.3963573e-06 0.00085582584 0.010087123 1.1476207e-05 0.0004849249 0.00039341356 8.6211e-06 3.242537e-06 0.00037977492 0.00016208398 3.7999685e-05 2.3515176e-07 3.406159e-05 0.0023054658 0.007610392 4.884806e-05 0.00073715614 6.940444e-07 1.6933227e-05 0.0007064479 1.0770983e-05 9.79863e-06 0.0001229771 0.0009667489 0.0015211272 6.51959e-05 0.00043017766 0.00013482456 0.0002329144 2.0715193e-05 0.0030862987 8.877496e-05 5.5105097e-06 7.279404e-06 4.8912665e-07 0.0003148766 0.0001721785 4.14733e-05 1.0368626e-06 5.2304407e-05 0.000107912216 0.00018675633 3.801509e-05 2.2717961e-06 0.0012719933 1.619053e-05 0.0002708066
0.21703382 0.19756202 0.7774573 0.97260725 0.54405713 2.78939e-20 0.010859416 0.5648228 0.34217116 0.3054269 0.017701628 0.40827146 0.1650198 0.0038258461 0.16860642 0.05477073 0.7248762 0.10111801 0.954019 0.008903641 0.0030030552 0.020700818 0.009123196 8.4334286e-05 0.0033005585 4.299806e-05 0.29273 3.089918e-05 0.00022754866 2.3000664e-06 0.00014844442 3.181914e-06 0.092119984 0.0020986178 0.083336756 0.09984489 2.637839e-06 0.011117364 7.748262e-05 0.11405115 0.048276074 4.776826e-05 0.018604485 0.06396648 8.522706e-07 2.8149321e-07 0.040078454 0.0056222323 0.0024267114 0.000984656 0.029208679 6.4081546e-06 0.0006428731 0.008539531 0.00013962094 1.4624029e-06 0.0017934843 7.09592e-08 0.014092701 1.615635e-05 0.0016863078 4.472003e-05 3.8781433e-05 1.9294941e-06 4.570853e-06 1.8681162e-07 0.003142065 0.0027503932 0.000990869 6.9801954e-06 8.967429e-05 1.2764707e-07 0.00020694215 0.005755209 0.0013393587 0.0014342263 0.00013943626 8.165296e-05 0.0002529159 0.0021255945 0.00036174583 6.8068664e-05 0.0002887253 0.00051429315 0.008753169 0.0007461179 2.4701872e-06 2.88774e-06 1.5429652e-08 0.0004330489 0.0017753065 3.320757e-05 1.2968782e-06 0.00012501715 2.885751e-05 7.1836854e-05 0.00021718416 2.8337286e-06 0.0008604362 1.5990448e-05 0.00058301364
6.638398e-06 0.28268522 0.10594581 0.0078032888 0.664003 0.010859416 1.5371408e-15 0.00024674324 0.00029533074 8.907348e-05 0.9082526 0.039040633 0.052285623 4.9327282e-05 0.00045304256 0.29158568 0.00043421387 5.4640464e-06 0.00050578907 0.01713106 6.557709e-07 1.0424158e-06 1.2946872e-06 5.453301e-06 4.5748784e-06 5.466607e-07 0.0010956258 2.1803388e-07 0.0005037425 0.005103685 5.0283606e-06 0.05719758 0.00045187195 4.0670432e-07 0.0003977814 0.002094625 2.1165554e-06 0.0019184523 3.5000387e-06 4.1423586e-06 3.021926e-07 2.8011327e-05 3.961981e-06 2.1472011e-05 0.00082617707 0.00024221021 0.00018821267 0.00041756846 5.401944e-06 8.258937e-07 9.513362e-05 9.801158e-07 0.0001477928 1.0748551e-05 1.1787621e-06 0.00012358258 7.55884e-05 0.00029758207 1.3825138e-05 0.00023946144 3.6058286e-06 2.1611618e-06 5.3070555e-05 6.694105e-05 9.197668e-06 8.474453e-08 1.536678e-05 0.00022163973 0.00010896539 0.0007950694 0.00019160587 1.449372e-05 2.1909766e-06 3.8252238e-05 2.4744663e-06 4.7603066e-06 2.2985763e-05 5.425882e-05 0.00016637864 3.3463887e-06 0.00017401794 5.7515488e-05 7.426423e-05 8.180186e-06 0.00035213947 1.6050582e-05 1.0214181e-05 1.4949323e-05 1.1817363e-05 6.3448606e-05 4.4688906e-05 9.054391e-06 1.5498036e-06 7.988163e-06 1.3431769e-05 0.00013180828 1.6510552e-05 4.521778e-06 0.000120778066 6.595129e-06 7.4735667e-06
0.010665323 0.14693293 0.12987287 0.83910894 0.028265549 0.5648228 0.00024674324 6.0340212e-21 0.9678989 0.95973057 3.485624e-05 0.00609937 0.00090130337 0.011677422 0.21236831 5.429977e-05 0.804155 0.52703226 0.32716256 0.00018945652 0.013035227 0.09755693 0.018851748 0.0029301527 0.011459469 0.0017119839 0.03778745 0.000942007 0.0012200415 3.5389949e-09 0.0010869108 3.7490068e-08 0.0089419605 0.01073823 0.008689547 0.0023648439 0.00012175459 0.0005879344 0.0012646676 0.016607508 0.004620834 0.00043725607 0.00429972 0.0040454217 8.0398266e-08 9.0956796e-08 0.0015803417 0.00017712063 0.001573848 0.0011916866 0.0019763608 3.5701312e-05 0.00011290342 0.00029111994 0.00025566324 1.8882258e-05 0.00078665576 1.9479003e-07 0.0015805678 0.00010527018 0.000683415 0.00046662625 7.571409e-05 9.4500365e-07 1.566928e-05 2.153765e-06 0.001038184 0.000564554 0.00091159076 1.8574017e-06 0.00026468985 1.0022726e-07 0.0005274345 0.0012428547 0.00028815508 0.00030738398 4.27178e-05 0.00023205813 0.0006066723 0.00045588682 0.0004245363 0.00028668667 0.0007349919 0.00080426614 0.0017714234 0.0004943605 1.012009e-05 1.5346108e-06 4.8792086e-09 0.0001234464 0.0010840216 1.1342775e-05 1.2718823e-07 8.166363e-05 6.539973e-05 0.00043280903 3.9909668e-05 2.9169425e-07 0.00041629028 2.2924052e-05 0.00015477036
0.006990308 0.15332136 0.108096875 0.6233164 0.026076857 0.34217116 0.00029533074 0.9678989 3.3113472e-19 0.9779401 7.162992e-05 0.005262819 0.0009464667 0.047948122 0.24325785 0.00010665602 0.6417662 0.48041365 0.1831784 7.176592e-05 0.025165541 0.10839364 0.031288125 0.017220052 0.011677216 0.0054230276 0.014726661 0.003382258 0.005726058 6.427367e-08 0.007966216 1.0073129e-07 0.0029380154 0.012901572 0.0031357876 0.00016062795 0.00066212355 5.36024e-05 0.0018281767 0.0053492864 0.0016503147 0.0015842794 0.0015677464 0.00043990495 3.7100202e-07 3.3673237e-07 0.0011098052 3.2331056e-05 0.0011960953 0.000147737 0.00047138435 5.3660708e-05 7.4144027e-06 0.00010733764 0.0003242794 4.6049986e-06 0.00010489848 8.537658e-07 0.0007550541 7.192e-05 0.00012701955 0.00032650842 3.5667963e-05 1.8247014e-06 5.7156753e-06 9.159933e-06 0.0002364643 0.00020981165 0.00034807387 2.0961425e-06 2.2352884e-05 2.0389538e-07 0.00019348564 0.0003266352 6.9471134e-05 4.9215687e-05 2.3175744e-05 0.0001883926 0.00024473786 5.9643393e-05 0.00017703146 0.00011237501 0.00021510596 0.00034796438 0.0015179167 0.0004206232 3.4343833e-05 1.8776694e-06 4.438674e-09 6.409362e-05 0.0004789658 2.9590499e-06 1.0778318e-07 2.1016944e-05 0.00016510923 0.00082149595 2.3671146e-05 2.3388384e-07 0.00044525848 3.271461e-06 0.0001546268
0.0072664036 0.123325 0.06866244 0.585269 0.010462813 0.3054269 8.907348e-05 0.95973057 0.9779401 9.345471e-19 1.2234698e-05 0.0020396418 0.00040075235 0.07849043 0.58069265 2.588288e-05 0.70139116 0.6279358 0.1492656 1.913483e-05 0.050565954 0.15211545 0.049300242 0.04800542 0.026396412 0.013284238 0.0052281097 0.007862751 0.00814758 3.216607e-08 0.013271114 6.9636656e-08 0.0013737417 0.03203323 0.0017407058 4.2042648e-05 0.0023968145 2.8000484e-05 0.002327643 0.0055849976 0.0011004743 0.0026931965 0.0012191477 8.57926e-05 2.3477642e-07 3.400816e-07 0.00040553758 2.480301e-05 0.001872716 8.4445506e-05 0.00016070901 0.00015104083 6.1890073e-06 1.7358809e-05 0.00037883566 3.3614986e-06 4.2858046e-05 9.312182e-07 0.00020119669 8.771971e-05 5.981303e-05 0.00051324704 2.7439743e-05 1.898468e-06 4.435676e-06 2.2846812e-05 0.0001723566 7.837876e-05 0.00010967516 2.1698397e-06 2.3538172e-05 2.2879279e-07 0.00017887687 0.00024973106 5.0936753e-05 2.9212213e-05 9.82797e-06 0.00014758336 0.0001617526 5.8625777e-05 5.552917e-05 8.395737e-05 0.00017840258 0.00047156215 0.0010922643 0.0004367574 1.4583231e-05 3.625891e-06 9.0938554e-09 2.91332e-05 0.00043380287 3.4421823e-06 7.3916624e-08 6.0682967e-05 0.00018857827 0.00093774096 1.1161087e-05 1.9092265e-07 0.0004653444 1.9764493e-06 0.00017398958
0.00055160286 0.035529952 0.045733847 0.002940325 0.8592066 0.017701628 0.9082526 3.485624e-05 7.162992e-05 1.2234698e-05 1.9177553e-19 0.1764491 0.2503344 2.0355667e-06 6.56771e-05 0.90421706 0.0018543736 9.7519754e-05 0.0045467694 0.21806712 9.0851086e-07 1.2904634e-05 4.8288126e-05 3.2010234e-05 4.2375137e-05 5.9201545e-07 0.024252098 1.1599453e-07 5.7338646e-05 0.021537898 7.691051e-07 0.080901876 0.007128479 2.7993474e-06 0.005636378 0.038253196 1.4483135e-05 0.058999058 3.0488065e-05 0.00014332714 3.794985e-05 1.3559714e-05 1.8289586e-05 0.00045756774 0.0019254952 0.003038459 0.007394208 0.009061967 2.8676799e-05 3.2377477e-06 0.0037533166 8.995494e-06 0.010574325 0.0002777179 4.7945227e-06 0.00282547 0.0030058203 0.0008044062 7.056844e-05 0.0020915698 4.4962608e-06 3.2199832e-06 0.00087756064 0.00071611063 0.00016539337 1.0296751e-06 0.000100404875 0.00091073697 0.0025064743 0.0009125892 0.00403133 2.355506e-05 1.2448529e-05 0.00021770509 2.4189592e-05 2.6669499e-05 0.00015057887 0.0007676575 0.0007820106 4.6420566e-05 0.0005155202 0.000504537 0.00088354014 3.625374e-05 0.0013932686 9.5766176e-05 8.529577e-05 1.16321e-05 5.6390145e-06 0.00029776004 0.00040803553 0.00053358485 9.544973e-06 5.143755e-05 0.00030088203 0.0004513598 0.00026365163 1.8374798e-05 0.0009062965 0.00015948195 8.334366e-05
0.13454507 0.01904077 0.35131553 0.15393053 0.9027694 0.40827146 0.039040633 0.00609937 0.005262819 0.0020396418 0.1764491 1.8960347e-19 0.96747804 7.791045e-05 0.002241028 0.8493804 0.02341303 8.277855e-05 0.4599459 0.76279974 8.1702465e-06 9.056371e-05 8.506823e-05 3.7377831e-06 5.1040326e-05 4.762715e-07 0.6602333 1.904e-06 7.661582e-06 0.0076653464 4.2022257e-06 0.0065714195 0.33715114 1.0973735e-05 0.3478278 0.60661584 6.76166e-07 0.59118307 9.286366e-07 0.020148376 0.022176653 3.8049925e-06 0.0013310134 0.07680279 0.00021434111 0.0022525643 0.449922 0.20772327 1.5029446e-05 1.6228621e-05 0.25829247 3.2349114e-06 0.13553318 0.012893644 2.1817357e-06 0.0009240773 0.1317934 2.9962923e-06 0.012925752 0.0005516549 5.874459e-05 5.904311e-07 0.00041490566 0.0006209235 7.229465e-05 1.6593457e-07 0.00068172545 0.014670946 0.08484593 5.5793043e-05 0.0065386626 6.943085e-07 7.128233e-06 0.0069876523 0.00028462606 0.00020935514 0.0018336347 0.0026070068 0.00498455 0.0012279985 0.0033839548 0.0008868198 0.0021335904 2.1144684e-05 0.033125553 0.00010083024 3.9422066e-05 7.1395616e-06 2.3795483e-08 0.0016236625 0.0002473176 0.00013577292 7.410462e-07 0.00010419895 1.9540108e-05 0.00024672796 0.00024619699 9.1513795e-07 0.0014133683 1.9896392e-05 0.00013932194
0.022403395 0.008343376 0.18091583 0.029622097 0.7424686 0.1650198 0.052285623 0.00090130337 0.0009464667 0.00040075235 0.2503344 0.96747804 1.3247821e-19 5.1127604e-06 0.00044461645 0.856875 0.0044671507 3.716678e-05 0.12060983 0.5980176 2.3193732e-06 3.372058e-05 6.148442e-05 1.9676513e-06 2.3059976e-05 4.6730287e-07 0.33652768 7.339818e-07 3.5593494e-06 0.0050246413 1.5418797e-06 0.005886348 0.14105403 3.6556223e-06 0.10724787 0.47795582 1.9792927e-07 0.41889644 1.8620697e-06 0.015078165 0.005740209 4.2870984e-06 0.0010605546 0.027377902 0.000179664 0.0007457942 0.17428046 0.101688124 7.921008e-05 5.2269654e-05 0.06125034 1.7976502e-07 0.054732192 0.0059188367 3.2359233e-06 0.0019892124 0.067136794 3.518385e-06 0.0063171894 0.0009045924 0.00014924757 3.0648093e-06 0.00030389152 0.00045794534 3.5328918e-05 3.5192727e-07 0.000469259 0.011116828 0.016718244 6.662045e-05 0.004449376 1.7255361e-06 1.8407913e-05 0.0039761416 0.000253142 0.00030924016 0.002032405 0.0019259572 0.0018983696 0.0015306601 0.0028778554 0.001147757 0.0014916859 8.420514e-05 0.008048988 0.00015690643 0.00036402038 1.9124796e-05 4.5900688e-08 0.0021183153 0.0004300694 0.00035248266 2.188381e-06 5.020452e-05 1.4930216e-05 0.00023258432 0.00062338053 1.1307831e-06 0.0013867929 0.0004416498 0.00030801137
4.0569807e-06 0.045373216 0.00091627246 0.012174206 0.00096581364 0.0038258461 4.9327282e-05 0.011677422 0.047948122 0.07849043 2.0355667e-06 7.791045e-05 5.1127604e-06 1.6205983e-23 0.99097383 1.0629797e-06 0.033789404 0.098713346 0.00013182926 1.0700541e-07 0.11726886 0.005328307 0.0005121435 0.013001655 0.00029339403 0.012749044 1.2309831e-06 0.014281649 0.21979205 7.125633e-09 0.0039802236 4.1859245e-09 8.688907e-06 0.00056992297 8.391009e-06 1.0068668e-06 0.0028338206 2.8371207e-07 6.003013e-05 1.7066199e-05 5.333317e-07 0.0010314152 4.6189016e-06 3.0997421e-06 6.639278e-08 3.0545657e-09 1.2598338e-06 3.4733029e-07 9.79367e-06 2.9175528e-06 1.2098591e-06 0.0010515274 3.2168032e-08 2.5011382e-06 1.0833188e-06 1.9993122e-06 5.004013e-07 1.3804142e-08 3.7058248e-06 1.0396613e-05 4.339164e-06 7.4165946e-06 1.5165933e-06 4.1849848e-08 5.32804e-07 1.8015169e-07 2.9946716e-05 1.297151e-05 5.31184e-07 1.8386802e-07 5.4164724e-07 8.064981e-09 2.8017283e-07 4.2788924e-06 4.287108e-07 2.644519e-06 7.2719627e-07 6.7650143e-07 1.8048281e-06 2.2627407e-06 4.046085e-06 1.4451139e-07 5.014734e-07 3.940243e-06 2.2345019e-05 9.974739e-07 1.7468288e-08 1.6944929e-08 2.4752897e-10 4.2059446e-07 7.3030747e-06 7.2297324e-09 5.220685e-10 4.878116e-07 3.436708e-06 4.832963e-05 2.3744172e-07 6.6842e-10 0.0001043304 9.102787e-10 6.286188e-06
0.005710241 0.023017075 0.0038241681 0.17850395 0.021574002 0.16860642 0.00045304256 0.21236831 0.24325785 0.58069265 6.56771e-05 0.002241028 0.00044461645 0.99097383 1.6044677e-18 0.00024071388 0.66934407 0.7818759 0.02643034 3.066229e-05 0.5969211 0.3294443 0.084889464 0.5632829 0.051309645 0.2105854 0.0075749946 0.106295474 0.061368667 6.232696e-06 0.04446761 5.337408e-07 0.0074019874 0.085443445 0.0053253938 0.0062000817 0.12456671 0.001189868 0.010427226 0.020336255 0.0021035853 0.027674455 0.003917869 0.0037909085 8.639166e-06 3.200657e-07 0.00095799926 0.0013425334 0.0030722017 0.001061065 0.0009205773 0.01502062 4.0554823e-05 0.00039370483 0.00026587638 0.00047356947 0.001460373 1.5895913e-06 0.00047147562 0.0031812938 0.00025134935 0.002648666 0.0009935473 2.5568532e-05 0.00015514185 5.1898114e-05 0.00062690035 0.002943759 0.00545215 1.6411856e-05 0.00013168465 1.5740744e-06 0.00011091666 0.00044895086 9.344632e-06 7.705485e-05 8.210805e-05 0.0033669916 0.005750092 1.820182e-05 0.002820777 0.00025596409 0.005199318 0.0006081075 0.0018613865 2.103453e-05 1.2910131e-06 4.496297e-05 5.1315713e-08 9.863043e-05 0.0001555472 2.6179467e-05 3.35898e-06 0.000481293 0.0005113587 0.0015136853 0.0003683649 4.1717493e-07 0.00236358 1.5342289e-06 0.0005311416
0.020397669 0.0058188303 0.12698673 0.0054636607 0.8384139 0.05477073 0.29158568 5.429977e-05 0.00010665602 2.588288e-05 0.90421706 0.8493804 0.856875 1.0629797e-06 0.00024071388 7.973682e-20 0.00016331892 6.8924683e-06 0.04563466 0.961602 2.2282616e-06 1.6182474e-05 5.853418e-06 3.609324e-06 1.0283096e-05 1.3505579e-06 0.15277149 3.1744804e-07 2.1277057e-05 0.17974913 4.442464e-07 0.13722667 0.055152297 2.2818103e-06 0.029267916 0.41965923 1.8163722e-05 0.4618721 2.1530934e-06 0.003628226 0.0009921029 3.3609535e-06 5.1979838e-05 0.0044154665 0.011668666 0.042536095 0.080002345 0.10200114 2.2424345e-05 5.353596e-06 0.017532036 1.0795472e-06 0.10923759 0.0019576657 3.9513907e-07 0.022995342 0.031005079 0.0008863315 0.0005468563 0.009028355 1.8008264e-05 1.3086392e-07 0.008552356 0.008078384 0.0015302887 8.532695e-08 0.00023912848 0.0029102378 0.009297183 0.0013481942 0.013209917 2.1079832e-05 1.461777e-06 0.0010559632 2.8274135e-05 5.8430305e-05 0.0007759143 0.0027803893 0.0024583132 0.00018247364 0.0012307684 0.0037572419 0.003443094 4.8446545e-06 0.002177838 1.0276763e-05 0.0015973249 6.3874926e-05 3.3476463e-06 0.0008208566 9.62095e-05 0.0011237571 2.2912467e-05 5.284324e-05 1.8481e-05 0.00013517334 0.0005792398 3.2941072e-05 0.00059213664 0.0006054063 3.3866017e-05
0.81712776 0.034950648 0.15994048 0.65061015 0.1311676 0.7248762 0.00043421387 0.804155 0.6417662 0.70139116 0.0018543736 0.02341303 0.0044671507 0.033789404 0.66934407 0.00016331892 2.6077861e-19 0.9338264 0.94617116 1.3936547e-05 0.16203344 0.46973523 0.42243558 0.078477666 0.26117447 0.03180364 0.03977091 0.019270586 0.0065086377 8.432367e-07 0.025623592 2.8481095e-06 0.016741754 0.16674763 0.013121406 0.004045377 0.0055825645 0.0002242252 0.03877697 0.27502352 0.10188404 0.005396077 0.16624877 0.025076186 1.01717105e-05 8.471798e-07 0.0007539255 0.0002325881 0.06113558 0.038712356 0.0033281255 0.00032104782 1.5780928e-05 0.0018830629 0.008512349 3.9078924e-07 7.8314435e-05 3.1613746e-07 0.013718001 1.9716852e-05 0.015577262 0.011745631 3.4311328e-05 1.1273519e-05 1.3593486e-06 8.35434e-05 0.010786773 0.0005966835 0.00015149584 4.042585e-05 6.2387326e-06 2.7152137e-06 0.012866344 0.012651349 0.0107606035 0.01117582 5.705592e-05 1.7607703e-05 4.5030043e-05 0.010506904 0.0001402629 1.11588415e-05 2.5867334e-05 0.024771482 0.008005903 0.009545152 6.41683e-07 3.27221e-06 7.480176e-08 4.5698354e-05 0.012672494 3.2395421e-06 1.1537226e-06 0.0034437703 0.0035372195 0.0055605373 1.2455654e-05 3.5950538e-06 0.0014077964 2.385234e-05 0.0027190917
0.49302885 0.00087517087 0.013611851 0.25860566 0.0027596245 0.10111801 5.4640464e-06 0.52703226 0.48041365 0.6279358 9.7519754e-05 8.277855e-05 3.716678e-05 0.098713346 0.7818759 6.8924683e-06 0.9338264 2.3090337e-17 0.2272261 6.782143e-06 0.56919503 0.94084454 0.6234611 0.83005315 0.42503354 0.3749535 0.0002579849 0.26894683 0.0298318 6.563931e-06 0.3165433 3.0649306e-07 0.0004758673 0.398321 0.0006297241 0.00018756668 0.16648614 6.819468e-06 0.15244298 0.03237988 0.0035891535 0.1574009 0.023492254 0.0015563244 9.1254215e-06 2.6492016e-06 7.0937254e-05 1.1260925e-05 0.0378105 0.0051632323 0.000248399 0.0030354683 5.87015e-06 0.00038227657 0.010929756 2.4330918e-06 1.4826763e-05 1.2847895e-06 0.0007745358 2.5320898e-05 0.001542916 0.020605134 5.6392117e-05 2.0926093e-06 3.3592264e-06 0.000101539794 0.0014060815 0.0004736989 9.3135684e-05 6.2441344e-05 4.814087e-06 7.5103485e-06 0.0026549618 0.0019909318 0.0010115261 0.0011232129 2.1651793e-05 4.33129e-05 0.00018937737 0.0014095139 0.00024554768 2.1827895e-05 3.510102e-05 0.0050449423 0.0011931149 0.0024860166 7.561125e-07 2.383039e-06 1.9581145e-07 8.518874e-06 0.0020467832 2.3049324e-06 6.423019e-07 0.00075907377 0.0012921328 0.005485205 4.9886057e-06 6.398641e-06 0.00054692704 3.428635e-06 0.00083400466
0.9866361 0.007223766 0.20922749 0.46022326 0.10257332 0.954019 0.00050578907 0.32716256 0.1831784 0.1492656 0.0045467694 0.4599459 0.12060983 0.00013182926 0.02643034 0.04563466 0.94617116 0.2272261 1.0512451e-17 0.013767162 0.009259034 0.05245381 0.14078227 0.0029478134 0.037457056 0.0019906282 0.4118668 0.0011071656 0.00035187812 0.00010004406 0.002150633 3.710114e-06 0.15873137 0.00932367 0.19940749 0.053805158 0.000115350806 0.01156983 0.001892263 0.55837727 0.4965728 0.00020698497 0.32788196 0.3736391 2.9435461e-05 4.839448e-05 0.061248373 0.005604521 0.018269828 0.0127778305 0.11533031 1.797539e-05 0.00028951303 0.09060254 0.00085039553 4.1738745e-05 0.004754452 1.5602804e-05 0.33420402 0.00016469453 0.05271424 0.0008827729 0.0003025991 0.00024595505 0.00010283542 2.301247e-06 0.13589159 0.042441443 0.0135713 6.953304e-05 8.1795115e-05 6.466088e-06 0.0040959115 0.27195892 0.14794846 0.0386929 0.020625403 0.000876779 0.0006041052 0.22129501 0.011207941 0.00012856377 0.000572859 0.041049674 0.37747803 0.024847388 3.2273124e-06 6.6026496e-06 5.5032496e-07 0.005548264 0.06422396 8.74837e-05 1.045249e-06 0.0036969772 0.0018567067 0.0033543494 0.0031881595 1.09330795e-05 0.0922665 3.8034927e-05 0.016497374
0.4287251 0.0004114298 0.04264814 0.0023545898 0.3289816 0.008903641 0.01713106 0.00018945652 7.176592e-05 1.913483e-05 0.21806712 0.76279974 0.5980176 1.0700541e-07 3.066229e-05 0.961602 1.3936547e-05 6.782143e-06 0.013767162 7.528838e-17 8.279754e-06 5.234565e-06 1.4138589e-06 5.797504e-07 2.2006827e-06 9.4558254e-07 0.40974256 2.042683e-07 5.2313135e-05 0.095081285 2.3682335e-06 0.03765196 0.20987749 2.2476127e-06 0.17085993 0.7693156 6.654701e-06 0.87793773 1.1406522e-06 0.001928226 0.0012904519 3.2500852e-06 8.0151425e-05 0.01769838 0.0058957054 0.07262439 0.5836504 0.5399723 1.9956518e-05 6.978012e-06 0.21926251 1.3255864e-07 0.5968481 0.012272334 3.2707794e-07 0.13962498 0.34687415 0.0021190743 0.007588277 0.085132256 0.00015721453 3.8783466e-07 0.045940883 0.013482398 0.008417677 1.0275057e-07 0.0010612097 0.06596685 0.32154962 0.0009459587 0.16885541 0.00010840506 1.5846751e-06 0.01774847 0.0002616323 0.00020925315 0.020540286 0.149226 0.07205079 0.00097445067 0.05811359 0.08619397 0.047856815 2.6598136e-06 0.10944896 5.2092695e-05 0.012502051 0.0006299022 8.666224e-06 0.0410899 0.00039235997 0.0057975403 8.246826e-05 6.729165e-06 1.5414822e-05 0.0001561624 0.02274666 0.00029059238 0.0017993278 0.008457605 9.769494e-05
0.029699892 0.00057568634 0.00043575393 0.0055604503 4.4920624e-05 0.0030030552 6.557709e-07 0.013035227 0.025165541 0.050565954 9.0851086e-07 8.1702465e-06 2.3193732e-06 0.11726886 0.5969211 2.2282616e-06 0.16203344 0.56919503 0.009259034 8.279754e-06 6.4184614e-19 0.16046959 0.036532737 0.87927467 0.04724125 0.95977664 5.059635e-05 0.96823317 0.30825648 3.929729e-07 0.7860996 1.5295248e-08 4.228479e-05 0.12715833 7.811907e-05 2.9579991e-05 0.773418 9.105263e-06 0.036711022 0.0015070062 0.00014858364 0.24736218 0.0014520622 0.00045754478 5.559609e-07 3.5574185e-06 0.00020481227 1.6493634e-05 0.008478265 0.00036676944 6.469285e-05 0.07698216 6.5249114e-06 0.000108167325 0.0028843519 4.0036342e-05 4.8207116e-06 1.0014036e-06 0.00027732513 0.00011729086 7.437557e-05 0.013421014 8.780734e-05 1.104845e-05 8.362132e-06 0.0013162845 5.396499e-05 7.370999e-05 3.524331e-05 4.5894653e-06 8.945277e-06 5.510111e-06 0.0013500642 0.0002883381 8.9887144e-05 0.0002692897 5.2513828e-05 1.0371925e-05 3.4063185e-05 0.00021230713 0.000103790044 1.8061075e-06 1.6020549e-05 0.0013850785 0.002151513 0.0007418651 2.756648e-07 1.0936813e-05 7.612724e-08 1.1030131e-05 0.0011492214 2.5006111e-06 4.5757005e-07 4.3495984e-05 0.0013447779 0.0049754675 6.438112e-07 1.4641872e-05 0.0026079367 8.584819e-08 0.0013362151
0.25797594 2.9475405e-05 0.0028287591 0.026021833 0.00027727592 0.020700818 1.0424158e-06 0.09755693 0.10839364 0.15211545 1.2904634e-05 9.056371e-05 3.372058e-05 0.005328307 0.3294443 1.6182474e-05 0.46973523 0.94084454 0.05245381 5.234565e-06 0.16046959 4.5428537e-19 0.9786432 0.6639915 0.86425734 0.116276816 2.5158497e-05 0.07600076 0.0039275964 1.0996495e-06 0.14052024 2.445289e-07 3.9003942e-05 0.5984506 4.447895e-05 2.2121454e-05 0.07862819 1.0786406e-06 0.17599669 0.014598978 0.0017386626 0.27897277 0.017678853 0.0005787293 1.7514844e-06 4.346275e-06 5.3704687e-05 1.8094762e-06 0.07226005 0.016546959 0.00011264831 0.0061676814 8.556045e-07 0.00013692932 0.039135307 2.6096518e-06 3.5950468e-06 8.0941453e-07 0.0003304303 1.7123797e-05 0.0041739824 0.06685297 1.1263621e-05 2.8498525e-07 3.961155e-07 0.00033041488 0.005594193 0.00012734182 2.111039e-05 2.758072e-06 1.1370117e-06 7.524734e-07 0.013684662 0.004244493 0.0042508934 0.0034511643 3.1697946e-05 6.4705723e-06 6.7582146e-06 0.013895473 7.104071e-05 1.1015472e-06 3.3765289e-06 0.009590679 0.001358969 0.012005831 1.2340044e-07 5.0915555e-06 3.4588479e-09 2.6635184e-05 0.0072221714 3.265665e-07 1.4578517e-07 0.006181195 0.0046068197 0.014569289 7.433512e-06 3.5895735e-07 0.006103129 2.4746043e-07 0.008430117
0.5126104 4.339178e-05 0.0012603062 0.005234288 0.00046821765 0.009123196 1.2946872e-06 0.018851748 0.031288125 0.049300242 4.8288126e-05 8.506823e-05 6.148442e-05 0.0005121435 0.084889464 5.853418e-06 0.42243558 0.6234611 0.14078227 1.4138589e-06 0.036532737 0.9786432 6.375625e-22 0.27889463 0.9869091 0.020611616 0.000107723325 0.011932264 0.00041156283 1.2357726e-06 0.0288575 5.028665e-07 5.861012e-05 0.53331053 5.0220562e-05 2.5856803e-05 0.019814897 3.457687e-07 0.16192403 0.12388735 0.0136563005 0.08950188 0.14693679 0.0046746004 9.1338796e-07 2.2138388e-06 1.6128548e-05 6.4418464e-07 0.17601854 0.08916116 0.00016162569 0.001352485 4.4040272e-07 0.00075075525 0.045886517 2.0838665e-06 2.9877465e-06 6.3653454e-07 0.0073604584 2.3697346e-05 0.042589854 0.1070147 7.322546e-06 3.5349794e-06 1.6129538e-06 9.8965116e-05 0.03811155 0.00029207158 1.3447495e-05 6.67632e-06 2.5180194e-07 1.1252954e-06 0.034811925 0.018312093 0.025760384 0.023071246 8.628491e-05 4.5727365e-06 1.2480457e-05 0.029724276 0.00013719585 1.7397911e-06 1.2779104e-05 0.035327163 0.0036933846 0.020884432 2.4388103e-07 2.1161812e-05 8.604848e-09 0.0001467343 0.034953244 1.2612246e-06 5.2263215e-07 0.0075986222 0.0053645927 0.018540699 3.0562354e-05 7.3007305e-07 0.0067588985 1.9725926e-06 0.009596099
0.42925477 0.00013795549 8.490005e-05 0.0006568923 8.87764e-05 8.4334286e-05 5.453301e-06 0.0029301527 0.017220052 0.04800542 3.2010234e-05 3.7377831e-06 1.9676513e-06 0.013001655 0.5632829 3.609324e-06 0.078477666 0.83005315 0.0029478134 5.797504e-07 0.87927467 0.6639915 0.27889463 5.5480476e-18 0.35549274 0.9363137 1.7466239e-06 0.79287285 0.067958355 2.4838573e-06 0.6871085 2.6969974e-07 1.9405303e-05 0.7788357 2.1353164e-05 2.0404597e-05 0.9014129 7.9314195e-06 0.5531033 0.0039343555 0.00029621023 0.82046235 0.0050987424 0.00010032869 6.8782915e-06 9.721158e-07 1.3183862e-05 1.6806003e-05 0.13678847 0.006071976 3.3925724e-05 0.09487518 3.4137277e-06 3.6354977e-05 0.061223753 4.1771474e-07 9.291075e-06 5.558379e-07 8.629363e-05 2.8281118e-05 0.0011126947 0.22286989 2.5064715e-05 2.8523255e-06 1.8786261e-06 0.006792782 0.00076967606 6.8129e-05 1.7980687e-05 1.1746184e-05 4.6157397e-06 7.206329e-07 0.01983706 0.00075920584 0.00061868946 0.0014225718 5.3344233e-06 2.3759283e-05 5.8267877e-05 0.0008144251 1.2901201e-05 1.6758597e-05 0.000102368875 0.010784829 0.0008202837 0.0031224673 3.586956e-07 1.0302742e-06 8.248118e-08 6.4722536e-07 0.0036195603 7.8343334e-07 1.7830615e-06 0.0022964524 0.0055155894 0.008231825 5.753479e-07 4.3130526e-06 0.0005329512 3.9751228e-07 0.0014976829
0.42998928 3.721715e-05 0.0009241465 0.003287164 0.00010418742 0.0033005585 4.5748784e-06 0.011459469 0.011677216 0.026396412 4.2375137e-05 5.1040326e-05 2.3059976e-05 0.00029339403 0.051309645 1.0283096e-05 0.26117447 0.42503354 0.037457056 2.2006827e-06 0.04724125 0.86425734 0.9869091 0.35549274 3.638604e-21 0.030539071 9.961473e-06 0.021806508 0.0005178139 3.7420239e-06 0.048355766 6.022037e-07 1.5965e-05 0.74766004 1.4469689e-05 6.575171e-06 0.025723688 6.1062514e-07 0.51426935 0.04970688 0.0049771518 0.14291303 0.07712869 0.00095479505 1.6827422e-06 5.55949e-06 1.1123694e-05 6.829468e-07 0.15094754 0.10716357 2.3456918e-05 0.0036120014 5.928053e-07 8.3879255e-05 0.12272808 9.855428e-07 8.235594e-07 1.4487742e-06 0.0022694771 2.1550275e-05 0.035118226 0.162 5.394582e-06 2.1466228e-06 1.4838511e-06 0.0008378532 0.018719247 5.6661276e-05 2.5124125e-06 8.057674e-06 5.458486e-07 3.6538102e-06 0.057495583 0.0072930628 0.0135277985 0.020012263 1.9916535e-05 3.4947489e-06 3.0090755e-06 0.014706571 4.213866e-05 8.1480573e-07 1.2732895e-06 0.043664146 0.0018095713 0.032900073 2.2772916e-07 9.684814e-06 2.3152888e-08 3.8376762e-05 0.027049026 1.0295779e-06 2.7279222e-07 0.011816448 0.008966442 0.018918196 1.0445768e-05 1.6064281e-06 0.002221097 1.0230758e-06 0.008978961
0.013029094 5.243451e-05 3.0951103e-06 0.0003543068 1.194076e-06 4.299806e-05 5.466607e-07 0.0017119839 0.0054230276 0.013284238 5.9201545e-07 4.762715e-07 4.6730287e-07 0.012749044 0.2105854 1.3505579e-06 0.03180364 0.3749535 0.0019906282 9.4558254e-07 0.95977664 0.116276816 0.020611616 0.9363137 0.030539071 2.288069e-17 1.7794373e-05 0.9645207 0.12795255 5.8962158e-08 0.59883666 2.3547027e-08 1.0881704e-05 0.12841158 1.7681641e-05 2.9896905e-06 0.8417441 1.6185273e-06 0.045143284 0.0011854173 0.00011593974 0.3184356 0.001280584 0.00012156477 2.5256338e-07 8.4355514e-07 7.4575123e-06 4.3435734e-06 0.016934037 0.0008996417 1.0217698e-05 0.099728234 1.4240363e-06 1.987974e-05 0.007456378 1.717177e-06 1.5739453e-06 5.705069e-07 6.512978e-05 1.4352033e-05 0.000112689464 0.032206617 3.053309e-06 6.406463e-06 6.788785e-07 0.004583049 0.00019289716 3.5197492e-05 6.3087814e-06 8.695888e-06 1.9617903e-06 1.9374136e-06 0.004097855 0.00022589698 0.0001738108 0.00039327948 1.5192185e-05 2.432354e-06 8.355116e-06 0.000229631 2.115005e-05 2.4077792e-06 5.908121e-06 0.0015172957 0.00047879663 0.0010778371 4.8866457e-07 1.7585702e-05 4.7462473e-07 4.5989134e-07 0.0008574348 5.988337e-06 4.9868584e-07 0.0005268576 0.0023753147 0.004381241 6.6290886e-07 1.5801968e-05 0.00040492084 1.380191e-07 0.00058242626
0.762982 0.0014584797 0.18380806 0.074299976 0.2661292 0.29273 0.0010956258 0.03778745 0.014726661 0.0052281097 0.024252098 0.6602333 0.33652768 1.2309831e-06 0.0075749946 0.15277149 0.03977091 0.0002579849 0.4118668 0.40974256 5.059635e-05 2.5158497e-05 0.000107723325 1.7466239e-06 9.961473e-06 1.7794373e-05 7.9870734e-21 2.6756725e-05 7.966055e-06 0.0016015776 5.199995e-06 1.3646308e-05 0.96404606 2.3505029e-06 0.97507256 0.59936357 7.8742346e-07 0.07189212 1.0899027e-07 0.0067091985 0.01579629 1.1447049e-06 0.0005540489 0.2632621 1.3363093e-05 0.00010483607 0.3760908 0.025486078 1.2976935e-06 1.261769e-05 0.50389534 1.8182481e-08 0.0009769993 0.10342836 2.2035124e-07 7.2397524e-05 0.017432135 5.766366e-07 0.09322091 6.238503e-05 0.00053045026 2.2729683e-08 0.00018746512 1.9993302e-05 0.00028077886 4.4824806e-09 0.007822852 0.11605309 0.045664094 1.906534e-05 0.00013511005 2.8045193e-07 2.7599822e-06 0.07281846 0.003099603 0.00042757942 0.018491574 0.00031536887 0.0011697887 0.027388373 0.02885062 7.6330405e-05 0.00041434242 6.886716e-05 0.35616884 0.0004367066 5.777631e-06 8.126189e-07 1.7200188e-08 0.023539558 0.0008124396 7.591642e-06 6.227108e-07 2.5702237e-05 2.1136266e-06 6.298469e-05 0.0020975135 5.4307384e-07 0.02662582 0.00033174793 0.0019002117
0.0071934587 0.00012488606 2.2070806e-06 0.0004239537 1.7498467e-06 3.089918e-05 2.1803388e-07 0.000942007 0.003382258 0.007862751 1.1599453e-07 1.904e-06 7.339818e-07 0.014281649 0.106295474 3.1744804e-07 0.019270586 0.26894683 0.0011071656 2.042683e-07 0.96823317 0.07600076 0.011932264 0.79287285 0.021806508 0.9645207 2.6756725e-05 1.5327008e-17 0.23309729 4.0964775e-08 0.7840266 1.7137447e-08 1.5562144e-05 0.08138372 1.8198485e-05 7.229057e-07 0.89847445 1.9617333e-07 0.020651951 0.00065554393 6.1377614e-05 0.27245453 0.0006142695 9.918791e-05 7.6703685e-08 2.802939e-07 1.450741e-05 1.1916053e-06 0.010678426 0.00027993126 9.184408e-06 0.14712892 4.5803725e-07 2.0908707e-05 0.00272686 4.36932e-06 2.8030058e-07 3.1101962e-07 7.189154e-05 4.1570118e-05 8.961958e-05 0.0135595985 5.1487195e-06 1.2720793e-06 2.7750804e-07 0.0047299154 0.00017024625 2.294739e-05 6.045362e-06 1.3459011e-06 2.2723334e-06 5.506799e-07 0.0020582352 7.228672e-05 0.00012478656 0.00030901819 8.682901e-06 3.100339e-06 4.6975347e-06 0.00017446079 1.1293803e-05 8.504129e-07 1.4278768e-06 0.0011046465 0.00053357746 0.0011698304 3.3414983e-07 4.87803e-06 9.21449e-08 8.358507e-07 0.0008529918 4.701683e-07 5.3994246e-08 0.0003475291 0.0013967182 0.0044138646 7.0515694e-07 1.5806421e-06 0.0009460286 2.7734016e-08 0.0005594615
0.000100419435 0.016624026 7.9652236e-05 0.0004408644 8.7206885e-05 0.00022754866 0.0005037425 0.0012200415 0.005726058 0.00814758 5.7338646e-05 7.661582e-06 3.5593494e-06 0.21979205 0.061368667 2.1277057e-05 0.0065086377 0.0298318 0.00035187812 5.2313135e-05 0.30825648 0.0039275964 0.00041156283 0.067958355 0.0005178139 0.12795255 7.966055e-06 0.23309729 2.5774466e-17 1.2185466e-05 0.9263731 5.060762e-06 2.8054264e-05 0.00085738907 1.114067e-05 9.967973e-06 0.25343424 9.449546e-06 0.00045489427 2.5470525e-05 3.2819955e-06 0.01826178 0.00010787322 6.770611e-05 1.7739017e-05 1.3041039e-06 3.2154832e-05 7.762709e-06 2.5511828e-05 2.709395e-05 2.3276152e-05 0.15785247 2.2201755e-06 2.1098376e-05 3.0671796e-05 5.8333593e-05 4.580069e-06 5.2566916e-06 0.00012275507 8.828755e-05 0.00015840541 5.132964e-05 8.619889e-05 5.8342994e-05 9.315066e-06 0.0003356113 8.6545995e-05 0.00011835698 1.0495787e-05 4.9794686e-05 1.7541668e-05 3.1292388e-06 7.0844876e-06 0.00014811732 8.6697e-05 8.000312e-05 1.5578897e-05 1.1529598e-05 1.2553512e-05 3.420981e-05 3.8684433e-05 5.445667e-06 7.917832e-06 7.056359e-05 0.0008469792 1.8931047e-05 4.2365054e-06 2.3010934e-06 3.3660585e-09 1.8640572e-05 0.0008215007 0.00034502184 1.6536828e-06 4.546531e-05 0.0006617388 0.00052080327 3.1227114e-07 1.4226906e-07 0.0014762742 1.321532e-07 0.00024789516
0.00018673194 2.2033948e-05 5.9358368e-05 1.16019535e-07 0.0067259734 2.3000664e-06 0.005103685 3.5389949e-09 6.427367e-08 3.216607e-08 0.021537898 0.0076653464 0.0050246413 7.125633e-09 6.232696e-06 0.17974913 8.432367e-07 6.563931e-06 0.00010004406 0.095081285 3.929729e-07 1.0996495e-06 1.2357726e-06 2.4838573e-06 3.7420239e-06 5.8962158e-08 0.0016015776 4.0964775e-08 1.2185466e-05 2.2148274e-21 2.1403399e-07 0.7657862 0.000445404 1.0319027e-06 0.00054956484 0.00849463 3.5376317e-07 0.03795684 5.6362082e-06 2.2623319e-05 2.5894374e-06 8.8669367e-07 4.298371e-05 6.3709085e-05 0.21609804 0.38569376 0.0013441463 0.018460147 4.0195842e-05 8.920112e-06 0.00072442304 9.700025e-07 0.044642713 7.618467e-05 1.1415332e-05 0.00573742 0.003625449 0.06751013 6.283219e-05 0.015113552 1.5769916e-05 6.74405e-06 0.01320843 0.15538019 0.0010814253 2.3337618e-06 0.00011778003 0.0003681122 0.0011489014 0.0026547466 0.00807972 4.937016e-05 3.7041485e-05 0.00069403154 4.515876e-05 4.204902e-05 4.2010863e-05 0.0005199189 0.00035983964 0.00012223778 0.00018279743 0.0024647724 0.0011777576 7.803694e-05 0.00052348245 0.0001729688 0.00071259495 4.7174704e-05 8.721654e-07 0.00018514066 0.0003801045 0.0010974898 1.8427005e-05 0.0015848693 5.0867743e-06 0.00022495148 0.00027680828 1.4017716e-06 0.0002840737 0.00066619815 7.323171e-05
