6.5240323e-29 0.9701594 0.49189046 0.4954878 0.75904983 0.7862328 0.98488367 0.6869546 0.73246205 0.9204334 0.83346426 0.9698982 0.51555365 0.8531681 0.86230946 0.7390958 0.8221439 0.9285952 0.35824817 0.8590386 0.3071953 0.7366775 0.8346148 0.8067317 0.12560253 0.38603148 0.78174084 0.89508355 0.03898855 0.93432784 0.033134095 0.013353947 0.8029038 0.8571906 0.011773707 0.533076 0.9789288 0.006070416 0.4047579 0.60944533 0.90941 0.008132458 0.13238174 0.009978117 0.95989096 0.02977387 0.21444254 0.96390027 0.66994745 0.22307053 0.9830139 0.976451 0.20410289 0.017179053 0.00027363113 0.54861 0.0021001825 0.9879342 0.18268545 0.97739357 0.00013717505 0.6431747 0.9540268 0.010164958 0.10706811 0.0023255916 0.49379566 0.9829377 0.9971046 0.85471237 0.01130735 0.14950866 0.8748754 0.083209984 0.16518727 6.6367174e-05 0.00046914644 0.011348755 0.9966219 0.018575037 0.9986944 7.399459e-05 3.846716e-05 0.006237754 0.00077346544 0.01187505 0.99903107 0.00018347893 0.99781567 0.00078118365 1.0674515e-06 6.1757737e-07 1.6612447e-06 0.0010100469 0.9985823 9.625309e-07 6.1768755e-05 0.00220977 0.9999896 0.9993104 0.99390656
0.9701594 1.1978144e-18 0.5269599 0.52120763 0.92934364 0.3113518 0.8092708 0.28254703 0.1773354 0.36424896 0.08741093 0.7584377 0.04616929 0.76488 0.79246044 0.027519362 0.05522506 0.15498628 0.09564679 0.01165652 0.3703135 0.016963325 0.47502178 0.03339784 0.17358556 0.0011717023 0.023364462 0.042293042 0.00378156 0.039416637 0.28066674 0.095621854 0.004146804 0.002780034 0.24988605 0.0005330215 0.22762887 0.09023636 0.00027494322 0.00065822736 0.0022194253 0.010967115 0.5054786 0.150036 0.010149759 0.0035575563 0.00020925814 0.12077877 0.016138026 0.000118675714 0.009020941 0.047463067 3.6474376e-05 0.16978978 0.0016623012 0.00047067952 0.011019534 0.03496677 1.381398e-06 0.0026030047 6.729797e-05 3.0309224e-05 0.0030103906 0.010317984 1.8848235e-05 0.0039024928 0.00029323314 0.033599846 0.0043052076 0.0015810645 0.0023735631 2.3363907e-07 0.000561555 0.0016492448 8.961992e-05 0.0011735845 0.00010297233 0.0001631956 0.015317722 1.1999603e-05 0.12887862 0.006552277 0.00016382511 6.161132e-05 7.079155e-05 3.0448198e-05 0.0074657314 0.0001654235 0.117228135 2.5879795e-05 0.00015078667 3.930817e-05 5.792481e-05 2.2088629e-05 0.0033706704 1.3762704e-05 2.1899132e-06 2.2506982e-05 0.050720513 0.07445125 1.306119e-06
0.49189046 0.5269599 1.0710613e-21 0.99299926 0.06303471 0.0256341 0.518888 0.6098201 0.0014515147 0.56211704 0.36952853 0.024928741 0.29900092 0.6894931 0.053417727 0.14843729 0.09206626 0.046382062 0.16908109 1.4810736e-05 0.07995506 0.049649894 0.0190323 0.008551422 0.018042829 3.9366236e-07 0.02068144 0.0014026824 0.010125574 0.008029932 0.3204116 0.23600006 0.005190802 4.002961e-06 0.094899334 0.00040195283 0.042129926 0.06880523 2.880186e-07 0.0008561014 3.1500353e-05 0.013902777 0.23800792 0.049364746 0.00016488358 0.004196664 0.0007682236 0.006658165 8.539035e-05 3.6696025e-07 8.7025655e-06 0.009773339 7.60176e-05 0.045150667 0.0015476526 0.00015904041 0.0041111247 0.008781513 5.7374905e-09 4.757164e-05 0.00014893504 1.6652e-07 0.0016049353 0.0003045443 1.1576969e-06 6.4623e-05 8.3524836e-05 0.004499163 0.000107698776 1.1131611e-05 9.2249225e-05 6.2993695e-09 2.9280489e-05 0.0001148575 2.1630285e-05 0.00042973974 0.0004967677 8.3473225e-07 0.0013776061 1.4196911e-07 0.00508007 0.0003321503 0.00021647489 2.0403206e-06 8.2103e-06 7.3509773e-07 1.5458529e-05 0.00069227384 0.006147495 4.1183055e-05 1.0292004e-05 1.5195024e-05 1.724999e-05 2.2098839e-06 5.2217736e-05 2.5977208e-06 7.961881e-07 6.932109e-07 0.0007458433 0.017303739 1.5882948e-09
0.4954878 0.52120763 0.99299926 2.1274288e-21 0.036072418 0.019639831 0.52284616 0.8257824 0.0012076136 0.62343657 0.3836003 0.01623788 0.39928377 0.55940694 0.038131982 0.14580725 0.06514044 0.03223679 0.24472977 3.4375524e-05 0.05234511 0.06004229 0.01327679 0.009008844 0.014517839 8.027634e-07 0.017532904 0.0014596229 0.012631832 0.0057721054 0.14858283 0.11467288 0.011041462 5.419777e-06 0.04967843 0.0013106252 0.042799886 0.027305666 8.4068165e-07 0.0017387182 2.8711635e-05 0.0050049974 0.05882537 0.01196745 0.0003126784 0.0033102122 0.00081022206 0.008214423 5.7919504e-05 5.75876e-07 2.3508559e-05 0.020749405 0.0003346025 0.012307085 0.00105189 0.00075705344 0.0013566472 0.012948453 8.952953e-09 2.7891743e-05 4.248658e-05 9.877637e-08 0.003657431 0.00026076147 2.4666122e-07 2.686081e-05 0.00036054058 0.0059116385 6.340669e-05 3.9705974e-06 4.8082893e-05 6.004071e-09 0.00050291163 0.0002226021 0.00012438885 0.00040050954 0.0003089439 1.1895592e-06 0.0016995337 1.0086876e-07 0.0068396046 0.0003156785 0.00022569887 1.3785092e-06 4.6423662e-05 3.4004205e-07 8.330304e-07 0.00031861654 0.0075310236 2.9150192e-06 1.2439735e-05 1.5852154e-05 2.0721833e-05 6.9002124e-07 2.020636e-05 3.8189705e-06 8.559217e-06 1.5122365e-07 0.00023552534 0.03725846 1.6963385e-09
0.75904983 0.92934364 0.06303471 0.036072418 6.466177e-22 0.92511344 0.6022905 0.035892107 0.82837826 0.019487923 0.0037682243 0.8129739 0.0015401244 0.07209015 0.39146984 0.0009268751 0.004536838 0.015986806 0.0021916192 0.44000882 0.097129405 0.00016303382 0.19697256 0.012362839 0.067252025 0.15191199 0.0010282891 0.2830602 0.000107466294 0.024966516 0.053230036 0.014856566 3.071456e-05 0.08965279 0.109181456 7.570318e-05 0.081701554 0.039019365 0.033361882 1.1820947e-05 0.05600917 0.0007191342 0.1799196 0.05077363 0.053047866 3.5100384e-05 2.1164153e-05 0.07688415 0.03579826 0.0057824412 0.045046523 0.003156889 2.1850713e-06 0.04880851 1.0930901e-05 5.661007e-07 0.0042307884 0.0054207416 0.0007669766 0.027370254 3.8405764e-05 0.0012705609 0.00066595804 0.0024396002 0.0016835786 0.00031035728 2.004008e-06 0.03641163 0.050003063 0.011313483 0.0005902718 0.00011838272 4.3683463e-05 3.784289e-06 8.31804e-09 0.0015597306 4.2243455e-06 0.00032841842 0.018749956 0.00019074624 0.02989162 0.0042233453 6.393478e-05 0.00014300273 2.4187802e-06 6.905406e-05 0.011428807 0.00018677967 0.0139839435 6.47578e-05 8.296373e-05 1.109558e-06 0.00014164191 3.0106196e-06 0.0098973885 1.5629998e-05 3.225091e-08 7.715827e-06 0.0115145445 0.006574526 1.3021881e-05
0.7862328 0.3113518 0.0256341 0.019639831 0.92511344 6.964038e-19 0.7361714 0.03002631 0.9887804 0.017785093 0.003599248 0.0829747 0.0012296374 0.0032653336 0.05031123 0.00012518979 0.027961394 0.11179623 0.0005137 0.25250325 0.0109317005 0.00032346 0.018771315 0.053750925 0.008886562 0.057676993 0.004716231 0.6920359 1.5217343e-05 0.1706905 0.0039747595 0.0011488751 0.00021442107 0.03660755 0.009107626 4.1049814e-05 0.16705105 0.0028368179 0.04383309 9.833914e-06 0.112481974 3.20901e-05 0.0039353445 0.0009690838 0.05815855 1.3802425e-05 2.5203835e-05 0.15974526 0.0021969453 0.017850608 0.11393743 0.051611573 4.035349e-06 0.00030044475 1.5897422e-05 5.8075393e-06 0.00034419773 0.04559236 0.0029604288 0.06064871 1.0664264e-05 0.0005344137 0.0011094391 0.00028338717 0.004412619 2.1938607e-05 5.9896545e-05 0.10811304 0.17327774 0.03454578 0.00017660702 5.4466846e-06 0.00024397908 1.3439969e-05 2.433621e-06 0.0001245945 3.1184989e-06 0.00012035378 0.13708274 2.604283e-05 0.0733041 7.29789e-05 1.2921235e-05 3.4320226e-05 4.8983105e-07 4.891327e-05 0.031396948 7.3267993e-06 0.061770294 4.634561e-06 3.1124944e-06 1.1436771e-06 9.429957e-06 1.6657057e-06 0.026437804 4.0565124e-06 1.7827256e-07 1.4497526e-06 0.095567554 0.022413792 3.605717e-05
0.98488367 0.8092708 0.518888 0.52284616 0.6022905 0.7361714 1.643368e-19 0.7487785 0.5053345 0.77537453 0.64390504 0.2926961 0.26519662 0.67949045 0.2659451 0.24301961 0.35129288 0.7825084 0.24945225 0.034995243 0.15600811 0.1519632 0.09032343 0.46014547 0.038767174 0.0011622438 0.10231904 0.45960802 0.022906326 0.55074793 0.17678288 0.12698221 0.041257467 0.0013057198 0.05819936 0.013570691 0.62184936 0.041185115 0.00012505913 0.0014846572 0.043061484 0.016442664 0.009211417 0.007248519 0.056202374 0.0028547952 0.0017634492 0.38335457 0.00012730868 9.487911e-05 0.035172038 0.1101928 0.00019621778 0.0003240395 0.0010492104 4.9168768e-05 0.00026725195 0.18766773 1.5062569e-06 0.009832363 0.0005390794 3.5972436e-05 0.008770612 0.00029170996 3.953909e-05 2.2673192e-05 6.3548855e-06 0.16717182 0.04377236 0.0029255315 3.6181624e-05 9.681937e-07 0.00017362507 0.0002008022 1.5999973e-06 5.0692266e-05 0.0015416462 2.0194302e-05 0.082832195 8.705671e-06 0.27287498 1.2671617e-05 0.00010425471 9.414713e-05 4.5403153e-06 2.2847336e-05 0.0060613942 5.7482364e-05 0.2627249 3.3601011e-06 2.5405984e-06 1.3040995e-05 1.4427496e-05 1.5304433e-05 0.00637999 9.4124863e-07 6.994778e-07 3.5297544e-06 0.104708254 0.15583839 1.3994222e-06
0.6869546 0.28254703 0.6098201 0.8257824 0.035892107 0.03002631 0.7487785 1.250905e-19 0.0013677276 0.9403205 0.9009882 0.010346437 0.6894592 0.42371434 0.013686907 0.39949512 0.4800718 0.18852364 0.30918974 0.00012859823 0.020998973 0.3844453 0.002653462 0.10234313 0.0046516294 4.1967955e-06 0.1524061 0.0048558027 0.029278366 0.04347284 0.080023274 0.06546398 0.066874534 3.7706825e-06 0.016625922 0.002643639 0.067229226 0.01110495 7.6861534e-07 0.0051367898 4.6550722e-05 0.0040884633 0.016741602 0.0034814663 0.0003437385 0.005512237 0.0014015251 0.0147146005 2.3760846e-05 7.518127e-07 4.0895975e-05 0.042181496 0.00014442096 0.0018839717 0.0009245027 0.0003468611 9.989095e-05 0.041039854 8.012807e-08 0.00025423628 0.00013172872 1.0984525e-06 0.011264337 7.503101e-05 1.2295822e-06 1.4916943e-06 0.00019578001 0.012595251 0.00034802413 6.387264e-06 1.1116801e-05 2.5750813e-07 0.00028281938 0.00035011605 7.5242606e-05 0.00012904592 0.001858184 1.7849719e-06 0.0024428305 1.1574862e-06 0.0068269065 3.037491e-05 0.0004105048 5.764186e-06 0.00012231567 3.769115e-06 2.851571e-05 0.00035841012 0.01169952 3.2852946e-05 7.189384e-06 6.215782e-05 4.25709e-05 1.2053566e-05 0.00031184367 1.9443927e-05 2.1315404e-05 5.970893e-06 0.00074259803 0.032536913 4.8431597e-09
0.73246205 0.1773354 0.0014515147 0.0012076136 0.82837826 0.9887804 0.5053345 0.0013677276 2.401955e-20 0.00076614256 7.543674e-05 0.11728829 2.873685e-06 0.0002835597 0.04648892 2.8557386e-06 0.000607398 0.0049980283 9.02045e-06 0.470902 0.010451947 6.6669134e-07 0.017039644 0.005028927 0.00995832 0.118539736 7.700181e-05 0.6479128 1.6341146e-06 0.027091227 0.00044889387 6.683325e-05 2.9537125e-06 0.08993972 0.0024162836 4.3739408e-07 0.09192104 0.00023527503 0.06590185 1.0291866e-07 0.20125271 9.1903166e-07 0.00084245385 0.0003841862 0.060503546 1.1924551e-05 2.874544e-07 0.11965194 0.009053645 0.011943912 0.13756077 0.0046661445 4.6489607e-08 5.776202e-05 4.835245e-07 6.524649e-08 2.7358898e-05 0.008513978 0.0015037524 0.070305295 1.3740128e-06 0.0020093562 0.0002762708 0.00015160034 0.006114716 3.4393408e-06 2.6201292e-07 0.04321507 0.18754335 0.03477484 0.00013839616 0.00022384808 7.334052e-07 3.687916e-07 5.1892366e-09 2.0672367e-05 4.0272542e-07 9.3265546e-05 0.037827905 0.00017051127 0.041996144 4.3449572e-06 4.2645422e-07 1.7033177e-05 7.0753745e-09 6.017359e-05 0.041183677 1.0903055e-06 0.04058088 2.8050717e-06 1.1137414e-06 2.0880312e-07 1.0082506e-06 9.3081155e-07 0.036166273 5.006109e-07 1.5051082e-08 1.6286988e-06 0.08752583 0.008125408 8.877996e-05
0.9204334 0.36424896 0.56211704 0.62343657 0.019487923 0.017785093 0.77537453 0.9403205 0.00076614256 2.1435769e-19 0.87337476 0.015178986 0.6640882 0.6605724 0.029596062 0.574597 0.47434288 0.24980818 0.43428424 6.671404e-05 0.048509438 0.45300063 0.006928353 0.13525526 0.008826812 1.5353253e-06 0.18565983 0.0051797545 0.05520388 0.083313234 0.20335856 0.14213042 0.06754452 5.8906858e-06 0.031846944 0.021078331 0.1338157 0.028718265 1.5159324e-06 0.005645152 0.00024156546 0.012489465 0.04284772 0.007302953 0.00036562938 0.011597591 0.004104236 0.026318356 7.103298e-05 9.733532e-07 8.605579e-05 0.05074433 0.00045840215 0.0029373039 0.00076361676 0.00058858516 0.00028443584 0.026485354 3.6110695e-08 0.00027448995 0.00023459907 2.8395758e-07 0.006335939 8.060122e-05 1.5058217e-06 3.3037295e-06 0.00010434403 0.012063101 0.00032014036 1.3954115e-05 1.14782315e-05 7.834523e-08 0.00028109018 0.00044223608 7.955051e-05 7.313916e-05 0.0033490963 1.2981712e-06 0.0037993111 1.1223909e-06 0.009100176 2.4647217e-05 0.00018036614 4.8614593e-06 9.234799e-05 3.2486319e-06 7.902782e-06 0.0006626915 0.014687066 2.1167887e-05 8.709067e-06 8.841082e-05 3.865471e-05 1.4297143e-05 0.00010268499 2.3469338e-05 1.1512184e-05 4.090555e-06 0.0020685652 0.04612282 4.658427e-10
0.83346426 0.08741093 0.36952853 0.3836003 0.0037682243 0.003599248 0.64390504 0.9009882 7.543674e-05 0.87337476 7.973078e-19 0.0034137182 0.8594343 0.17465816 0.004848299 0.5008909 0.85640645 0.3381225 0.3057846 8.783606e-05 0.00513482 0.8274857 0.00041122088 0.27694616 0.0012294509 1.8591064e-06 0.5306439 0.0020691946 0.024830984 0.1057287 0.0142246215 0.015503427 0.2511345 1.7556235e-06 0.0027258294 0.08158871 0.0846036 0.0011336445 4.684657e-07 0.026822159 5.142274e-05 0.000709494 0.0009157579 0.00014794862 0.00029895967 0.008292758 0.0045102127 0.013049313 4.0823093e-06 4.3889332e-07 6.853393e-05 0.076473884 0.00061294524 0.00010475253 0.0005616174 0.001828018 7.8061685e-06 0.059911255 7.756863e-08 0.000263148 2.0025647e-05 1.0329759e-06 0.010623074 2.3409295e-05 2.3021755e-06 1.7965508e-06 0.00073810894 0.009275419 0.00020949155 4.094232e-06 6.7205256e-06 1.0879856e-07 0.001666394 0.0005293055 0.0004211203 8.859402e-06 0.0009702412 6.538619e-07 0.0015871936 3.861852e-07 0.010679639 4.066471e-06 3.6538364e-05 7.2027285e-07 0.00017990917 2.8356223e-07 1.35073e-05 2.2971784e-05 0.013359246 1.1011654e-05 1.015855e-06 3.2832538e-06 4.0902237e-06 7.275657e-06 0.00018036908 4.6212276e-06 2.9450537e-05 7.065517e-07 0.000620883 0.07344955 6.808333e-09
0.9698982 0.7584377 0.024928741 0.01623788 0.8129739 0.0829747 0.2926961 0.010346437 0.11728829 0.015178986 0.0034137182 7.8572604e-18 0.0005224456 0.038215067 0.91917247 0.0003977222 0.0035070672 0.0024475912 0.00012023505 0.10278953 0.5551286 6.477058e-05 0.88819546 0.0009525291 0.4919275 0.030681912 0.000933609 0.049298175 3.0921292e-05 0.0028904611 0.02692088 0.0032458217 0.0001361396 0.13701221 0.078618646 1.6091137e-05 0.052199706 0.025122104 0.033635404 2.4165727e-05 0.030534051 0.00075458654 0.33707565 0.04981315 0.009243431 0.0006020965 2.6831367e-05 0.012037744 0.19713388 0.006743183 0.041287143 0.0016154593 1.7989751e-06 0.14106928 0.00036196344 2.5510187e-06 0.008484551 0.001180883 0.00086973555 0.0075481907 5.8557715e-05 0.0026546896 0.00011743547 0.02059269 0.002454487 0.008306846 3.4431193e-07 0.0069431327 0.008258568 0.014940387 0.007016065 0.00012757594 4.3543523e-06 0.0026109465 7.8766004e-07 0.0016996771 1.4842184e-05 0.0025828304 0.004700982 0.0004086015 0.0054507363 0.0035668053 1.22344545e-05 0.0007754863 6.117111e-05 0.00054676196 0.026419492 0.0003465559 0.009838314 0.000694647 0.00029728876 5.433051e-06 0.00035340272 0.00088149455 0.0089895725 0.00012778013 6.415661e-07 0.00024261294 0.0069990335 0.0086547155 0.00011421522
0.51555365 0.04616929 0.29900092 0.39928377 0.0015401244 0.0012296374 0.26519662 0.6894592 2.873685e-06 0.6640882 0.8594343 0.0005224456 1.2111752e-19 0.42128432 0.0015401912 0.943248 0.3986372 0.11686505 0.7832712 2.7607666e-06 0.0056447084 0.8882332 0.00010597468 0.053937472 0.0007965007 1.2073711e-07 0.24216515 0.00041632188 0.21587116 0.014773236 0.089824684 0.1007231 0.20724931 5.710987e-07 0.013199514 0.3056456 0.04857286 0.006067409 1.2108696e-07 0.11613802 2.0247592e-06 0.010423265 0.0014170888 0.0005691748 2.9474899e-05 0.14031875 0.08915786 0.00331359 1.5909077e-06 1.537169e-07 3.106569e-06 0.03758792 0.002908885 0.00018589807 0.0026834656 0.0043673976 8.492713e-06 0.026353639 2.228852e-08 6.152597e-06 0.00096085534 2.1368035e-07 0.010211533 2.0246502e-05 3.1970265e-07 1.1010314e-06 0.00035233962 0.002225796 5.765929e-06 2.2518502e-06 7.8272205e-06 5.5069062e-08 0.00035495698 0.001993374 0.00029327624 3.0347474e-06 0.015763821 4.293135e-07 0.00027338878 4.6434377e-07 0.0039409683 6.3493785e-06 0.00015945273 1.1827375e-07 0.0005023024 1.899445e-07 1.4566668e-06 9.159928e-05 0.004432615 9.994197e-06 3.9992457e-07 5.4006346e-06 1.0419815e-06 9.784002e-07 1.44853875e-05 6.04261e-07 0.00015849293 2.0801842e-07 0.000116193114 0.05608812 3.2602145e-08
0.8531681 0.76488 0.6894931 0.55940694 0.07209015 0.0032653336 0.67949045 0.42371434 0.0002835597 0.6605724 0.17465816 0.038215067 0.42128432 4.152159e-14 0.025518956 0.6383901 0.05775967 0.13705045 0.77356714 3.5453072e-06 0.053895812 0.15601724 0.0077142096 0.0062687616 0.011493425 2.1048162e-08 0.027961142 0.0009998478 0.33732367 0.0031624846 0.7820895 0.7957351 0.012564442 1.0220333e-06 0.2980861 0.014931613 0.1227964 0.25085723 1.1285388e-08 0.0064975647 5.7633697e-05 0.506248 0.148947 0.06308619 5.9848257e-06 0.04578782 0.0054241084 0.0033358692 6.357759e-06 9.676837e-08 2.2679062e-06 0.0056717317 0.002417638 0.01929064 0.12239342 0.0010902864 0.0062607615 0.0026445836 1.9649677e-08 1.5465835e-06 0.014414783 7.12754e-08 0.0038721715 5.824932e-05 5.9457346e-07 5.230538e-06 2.898422e-05 0.0008605359 4.0533706e-07 8.502609e-06 1.2915733e-06 1.14776185e-07 0.00015626995 0.00079598173 9.8620185e-05 0.0019288944 0.039428454 1.943094e-06 8.224472e-05 2.0336563e-07 0.002993325 0.0005326689 0.009078056 3.02271e-07 9.333878e-05 1.5142439e-07 0.00018547484 0.016827831 0.0034242682 1.1777794e-05 7.107147e-05 0.00060029037 0.000815119 5.832466e-06 1.5015906e-05 2.3552486e-06 0.0001003151 1.3323981e-06 0.0023401119 0.053677566 3.4430013e-07
0.86230946 0.79246044 0.053417727 0.038131982 0.39146984 0.05031123 0.2659451 0.013686907 0.04648892 0.029596062 0.004848299 0.91917247 0.0015401912 0.025518956 2.6119737e-22 0.00042850728 0.0021574171 0.0025815559 0.0001437955 0.012247448 0.80976695 0.00014432223 0.93985695 0.0008951085 0.70166934 0.0028869403 0.0009303417 0.01360921 3.4117347e-05 0.0010188847 0.023704879 0.006694515 1.4011723e-05 0.021136416 0.06889835 2.3867829e-06 0.02246868 0.024580738 0.0009829465 3.8099486e-06 0.001988357 0.00033472123 0.58143926 0.08977938 0.0018445414 2.9502402e-05 4.3854707e-06 0.003349689 0.045485698 0.00048391576 0.0034936327 0.0019126504 2.0157337e-07 0.39933595 0.00016279906 1.50194e-07 0.01364817 0.0018789747 2.7200304e-05 0.0016195728 3.3352775e-05 8.299166e-05 2.840437e-05 0.01998838 0.00013255441 0.014287296 1.1519414e-06 0.0032109802 0.0013197595 0.001399689 0.0035539246 1.1441767e-06 3.3863967e-06 9.039094e-06 1.769193e-07 0.0029409993 4.5897186e-06 0.0003423535 0.0030493287 1.4758314e-05 0.0030089824 0.0029156008 3.726993e-05 0.00014607848 1.793668e-06 6.5611865e-05 0.0037804856 0.00090378395 0.008815875 0.007504153 0.00037935955 1.7561317e-05 0.0007944252 0.0011919782 0.0017052323 0.00027836752 2.1925993e-07 0.00013764601 0.003346019 0.007060395 1.3394001e-06
0.7390958 0.027519362 0.14843729 0.14580725 0.0009268751 0.00012518979 0.24301961 0.39949512 2.8557386e-06 0.574597 0.5008909 0.0003977222 0.943248 0.6383901 0.00042850728 6.436492e-16 0.17925675 0.13579716 0.9296453 2.0135549e-07 0.0054635466 0.78752345 4.3329343e-05 0.022751201 0.00065344735 4.8722644e-08 0.11879711 0.0004617948 0.62330997 0.009323687 0.21214594 0.32438162 0.087759614 2.1257908e-07 0.020705763 0.28081462 0.060627837 0.012694763 8.289107e-08 0.115871884 2.008995e-06 0.061882406 0.0030107778 0.0029542227 4.7342404e-05 0.45842132 0.11683981 0.0030208845 2.5414815e-07 2.1373761e-07 1.2340791e-06 0.028319547 0.0094949 0.0005450387 0.015106829 0.007823135 0.00017641866 0.011686768 2.4872564e-08 1.1537869e-05 0.0063339206 5.2970815e-08 0.020792771 8.445131e-05 6.189583e-07 1.4541957e-05 0.0013734391 0.001959429 2.0076073e-05 1.4153118e-06 7.991752e-06 7.673222e-08 0.002390969 0.013365082 0.0023911833 4.7837104e-05 0.10986317 1.7583698e-06 0.0015043449 9.888586e-07 0.0074739414 6.82194e-06 0.0022412024 1.846295e-06 0.0022072385 1.7792039e-06 9.77903e-07 0.0010876112 0.00591342 4.0070572e-05 3.5704054e-06 0.00012466272 5.427613e-06 9.084281e-06 1.4093055e-05 9.859249e-06 0.00071531883 4.008037e-06 0.0018757163 0.09081506 3.7499706e-09
0.8221439 0.05522506 0.09206626 0.06514044 0.004536838 0.027961394 0.35129288 0.4800718 0.000607398 0.47434288 0.85640645 0.0035070672 0.3986372 0.05775967 0.0021574171 0.17925675 2.3157353e-19 0.73962563 0.10036459 0.0001501534 0.0034317009 0.62802786 0.0003264169 0.90702665 0.00087954814 8.4990825e-06 0.916316 0.014620588 0.015539678 0.1630505 0.0021900304 0.0019588545 0.5612697 1.5078084e-05 0.00024586264 0.25015277 0.1364429 0.00016185273 1.888558e-06 0.21930537 8.6475375e-05 0.00011725855 0.00014539328 3.994767e-05 0.0009933815 0.007103708 0.019935729 0.02931913 2.4013525e-05 5.413676e-06 0.00012908665 0.19405362 0.004564431 5.2625528e-05 0.0003673507 0.017956406 1.2432618e-05 0.22428273 3.768964e-06 0.0007713319 3.5483907e-05 1.8930351e-06 0.02853047 1.1569603e-05 9.48692e-06 8.68426e-06 0.0015274644 0.028163858 0.0009458 4.149581e-05 5.8120218e-06 2.9661345e-07 0.002393837 0.0007776792 0.0007187332 3.3490913e-05 0.00041320236 3.7908812e-06 0.0076275147 4.734744e-06 0.012030479 1.300726e-05 0.00016159532 9.494667e-06 0.00026349677 5.2895352e-06 9.525517e-05 3.7529906e-05 0.02692362 8.791945e-05 2.1074757e-06 3.70723e-05 9.953316e-06 1.732702e-05 0.00045281174 1.2076832e-05 2.69211e-05 2.2760998e-05 0.0032956689 0.08957024 1.2846834e-07
0.9285952 0.15498628 0.046382062 0.03223679 0.015986806 0.11179623 0.7825084 0.18852364 0.0049980283 0.24980818 0.3381225 0.0024475912 0.11686505 0.13705045 0.0025815559 0.13579716 0.73962563 1.821349e-18 0.048183057 0.00019397764 0.0033464096 0.2800748 0.00015483575 0.9685761 0.00017306332 2.2781367e-05 0.2999659 0.18587638 0.013423368 0.667664 0.0045913393 0.009506011 0.20645802 6.1331357e-06 0.00014471394 0.09233754 0.3432952 0.00026525385 6.310313e-07 0.075834624 0.004752326 0.0011450283 6.292405e-05 1.2249234e-05 0.016788758 0.004384834 0.014432459 0.14317133 3.0995084e-06 1.3377318e-06 0.0027173278 0.29592618 0.0020037743 5.783947e-05 8.074594e-05 0.0062385243 1.0956763e-05 0.3445257 6.713412e-07 0.0017962495 2.5086645e-05 1.1574916e-06 0.030213263 9.109657e-06 9.762924e-06 1.25903925e-05 0.0001978003 0.11171672 0.0067968317 0.0002912316 2.8237175e-06 7.772176e-08 0.00071908924 0.000879089 6.159364e-05 4.4471167e-06 0.0005657057 1.0749642e-06 0.023549506 7.957896e-07 0.059965078 3.3546871e-06 4.5892025e-06 6.8618397e-06 7.399721e-05 2.2538395e-06 0.0006136141 7.4179256e-06 0.12451899 3.0457115e-05 5.459808e-07 3.5217622e-06 4.528035e-06 5.86875e-06 0.0010181844 1.179835e-06 3.1866512e-06 1.8036735e-06 0.0147418855 0.080098115 4.7641304e-08
0.35824817 0.09564679 0.16908109 0.24472977 0.0021916192 0.0005137 0.24945225 0.30918974 9.02045e-06 0.43428424 0.3057846 0.00012023505 0.7832712 0.77356714 0.0001437955 0.9296453 0.10036459 0.048183057 1.0058673e-18 3.394718e-07 0.0045646136 0.66157764 9.398399e-06 0.009943772 0.00045477517 1.18271274e-07 0.053124808 0.00017929805 0.9568735 0.005403183 0.3410465 0.51307964 0.051274583 1.9182069e-06 0.016254604 0.08385615 0.04244507 0.019585049 3.5706756e-07 0.025623469 2.0141188e-06 0.25719783 0.00094457495 0.002791736 4.9126025e-05 0.6157179 0.08708061 0.0023044744 3.7076893e-07 1.99985e-06 7.8703835e-07 0.010447752 0.003859158 0.00010844569 0.08473106 0.0018165255 0.00020736431 0.00679136 4.7538276e-08 9.922959e-06 0.02245092 4.7631307e-08 0.013834174 8.422377e-05 3.1002224e-07 1.6445996e-05 0.0004335878 0.0023267819 1.3419862e-05 4.751027e-06 7.453211e-06 1.2472151e-07 0.00064657 0.0049095606 0.0007773767 1.4734814e-05 0.33056614 2.0120071e-06 0.0013081552 3.0721546e-06 0.0014621292 5.9930767e-07 0.0048127035 1.4929952e-06 0.001202139 3.866424e-06 1.8294984e-06 0.001073978 0.0021596197 6.881631e-06 9.0250137e-07 0.00041682203 3.4159034e-06 3.570232e-06 1.0776921e-05 8.781094e-07 0.0001677749 1.8367238e-06 0.0005206945 0.040145755 4.2610493e-09
0.8590386 0.01165652 1.4810736e-05 3.4375524e-05 0.44000882 0.25250325 0.034995243 0.00012859823 0.470902 6.671404e-05 8.783606e-05 0.10278953 2.7607666e-06 3.5453072e-06 0.012247448 2.0135549e-07 0.0001501534 0.00019397764 3.394718e-07 7.443724e-20 0.0010972905 3.98502e-06 0.019571232 0.0006222081 0.0040853336 0.99276257 4.9825656e-05 0.4191876 6.406551e-07 0.0031003084 1.8050604e-06 7.2312497e-07 1.0623844e-05 0.5313042 2.5230385e-05 2.3728282e-07 0.022370819 3.9332986e-07 0.49697778 1.0217735e-07 0.79264486 6.464605e-07 0.00036686353 1.3269815e-05 0.11365752 2.4757588e-07 3.4892588e-07 0.039546844 0.054296464 0.100505106 0.3028366 0.0018698304 1.3178338e-08 0.000187285 1.507628e-06 1.6195045e-08 7.222087e-06 0.0030285462 0.004553919 0.24039927 1.998222e-06 0.0119185485 7.077008e-05 0.00056108553 0.006228214 0.00016863375 5.847988e-08 0.0258022 0.37053323 0.20871784 0.00024156591 0.0038284555 4.4665262e-07 1.6470402e-05 8.69886e-09 5.7655384e-06 2.9529467e-06 0.0013128977 0.0770758 0.0010857402 0.020268135 1.7312434e-05 5.8774117e-07 0.00013225943 2.9017295e-07 0.00056531717 0.10008331 2.8583513e-06 0.026312387 4.170232e-06 6.5432096e-07 3.8292345e-07 5.355789e-07 1.3706159e-05 0.10270669 1.3239206e-06 8.232495e-08 1.0292348e-05 0.21930005 0.004361063 0.0001654079
0.3071953 0.3703135 0.07995506 0.05234511 0.097129405 0.0109317005 0.15600811 0.020998973 0.010451947 0.048509438 0.00513482 0.5551286 0.0056447084 0.053895812 0.80976695 0.0054635466 0.0034317009 0.0033464096 0.0045646136 0.0010972905 1.1320477e-21 0.0020770037 0.69085944 0.00052423385 0.97695 0.0006187072 0.0021805998 0.0024075303 0.00048187652 0.00028746363 0.04472737 0.008315693 0.0001764937 0.004806257 0.26426348 1.5459134e-05 0.0042384597 0.046098918 0.0004632509 5.8596146e-05 0.00010530241 0.0027607854 0.7636514 0.21991594 0.0001228736 0.0001991603 9.677358e-05 0.00065182504 0.018494893 0.00074202183 0.00010345809 0.001006266 4.4750554e-06 0.4367194 0.0003000353 7.0228084e-06 0.051250204 0.00057025376 4.4848052e-06 0.000313385 0.00011149986 3.6216265e-06 2.2726963e-05 0.026713729 8.454087e-06 0.023885613 2.4734107e-05 0.0014688047 6.172129e-05 0.00013816432 0.005528924 1.9344586e-07 1.3285921e-05 0.00012856598 2.3860657e-06 0.009731923 3.097802e-05 4.757441e-05 0.00090832164 1.7097796e-06 0.0007422344 0.018674456 0.00022297495 2.9549314e-05 8.667852e-06 2.239449e-05 0.0001041168 0.0029498043 0.001993053 0.009543572 0.0016918547 2.3855458e-05 0.0025141696 0.0010429702 0.00016488106 0.00077706395 8.3044307e-07 7.125261e-05 0.00042880798 0.009020584 4.6356877e-08
0.7366775 0.016963325 0.049649894 0.06004229 0.00016303382 0.00032346 0.1519632 0.3844453 6.6669134e-07 0.45300063 0.8274857 6.477058e-05 0.8882332 0.15601724 0.00014432223 0.78752345 0.62802786 0.2800748 0.66157764 3.98502e-06 0.0020770037 1.1561107e-15 1.1024914e-05 0.17480302 6.938678e-05 9.344809e-08 0.67621684 0.00035539584 0.12087904 0.028541565 0.005613866 0.009690668 0.84544927 8.242264e-07 0.00034768923 0.8251019 0.07672572 0.00017679711 8.7314454e-08 0.6584889 2.6344226e-06 0.0009582716 0.00024235925 4.2135765e-05 0.000107455526 0.28294164 0.48332414 0.0034356911 1.9715637e-06 2.2751405e-07 4.7960043e-06 0.0910423 0.0881634 0.00011868296 0.0020149094 0.09822461 5.7682223e-06 0.09919778 6.478865e-08 1.8369821e-05 0.00018633471 2.9243682e-07 0.080957316 1.8702163e-05 1.308061e-06 2.2929125e-05 0.0029443756 0.0043153283 3.6149097e-05 9.871212e-07 1.6342385e-05 7.8472056e-08 0.0046741054 0.05936596 0.005186776 1.94015e-06 0.005783699 2.4178726e-07 0.00027601852 1.5261334e-07 0.006777899 8.311502e-06 4.9836923e-05 1.2816938e-07 0.0029006354 6.233884e-08 4.0173136e-06 0.000101657424 0.010801539 6.757838e-05 2.6489224e-07 5.122981e-06 5.29159e-07 3.7731502e-06 3.8611823e-05 7.5752064e-07 0.0011674198 9.1380014e-07 0.00093457376 0.19988291 1.1645098e-07
0.8346148 0.47502178 0.0190323 0.01327679 0.19697256 0.018771315 0.09032343 0.002653462 0.017039644 0.006928353 0.00041122088 0.88819546 0.00010597468 0.0077142096 0.93985695 4.3329343e-05 0.0003264169 0.00015483575 9.398399e-06 0.019571232 0.69085944 1.1024914e-05 3.665086e-21 4.7837464e-05 0.875506 0.0061320313 0.00015262143 0.003721351 3.4141185e-06 4.0146075e-05 0.006298118 0.0003584602 1.12404e-05 0.110557295 0.03736587 1.426041e-06 0.0011147377 0.010865569 0.008333485 1.180239e-06 0.001484364 1.9390392e-05 0.6417551 0.06600609 0.00048631802 7.96555e-05 4.988949e-06 0.0003514884 0.43708226 0.001202897 0.00264779 0.000114138784 2.2261725e-07 0.6176856 4.885071e-05 4.9649977e-08 0.012606168 0.0001923281 0.00034535563 0.0017309628 4.1634943e-05 0.00047091485 2.3917864e-06 0.16769053 0.00096977863 0.11849427 3.8116116e-07 0.0014360672 0.0009945184 0.0022111267 0.04125963 5.8712336e-05 5.465873e-07 2.571842e-05 6.6571445e-08 0.0039373804 2.6115117e-06 0.005576919 0.00068240456 0.0006044008 0.00085891987 0.014477068 8.83651e-06 0.00325091 8.719692e-07 0.0010673436 0.0055858237 0.0006689329 0.0031997736 0.06699667 0.0008973619 4.2265337e-06 0.0007351427 0.013416151 0.0016140259 0.00073468534 2.7324216e-07 0.0019367515 0.0015834599 0.00054817926 2.3931772e-05
0.8067317 0.03339784 0.008551422 0.009008844 0.012362839 0.053750925 0.46014547 0.10234313 0.005028927 0.13525526 0.27694616 0.0009525291 0.053937472 0.0062687616 0.0008951085 0.022751201 0.90702665 0.9685761 0.009943772 0.0006222081 0.00052423385 0.17480302 4.7837464e-05 1.5451151e-19 0.00011986146 3.639029e-05 0.73932296 0.08289065 0.0016346556 0.8638738 0.00013040319 0.00017345313 0.3017893 0.00013886736 1.0933402e-05 0.074874885 0.22624145 1.7605153e-05 1.8127053e-05 0.061743345 0.0025235561 1.8720686e-05 2.684127e-05 5.9558447e-06 0.0073641376 0.0010107952 0.005169088 0.056612324 1.8035145e-05 5.8861087e-06 0.0016493533 0.3869928 0.0033590808 0.0001319533 2.9042903e-05 0.007103302 1.4747214e-05 0.52116704 1.2357667e-06 0.0023429275 8.667224e-06 6.9579e-07 0.035106674 2.5761621e-05 1.7061513e-05 7.448549e-06 0.0012854189 0.07340505 0.004592905 0.00023491718 1.095831e-05 4.0414355e-07 0.00318301 0.0005397477 0.0012284196 8.532737e-06 4.5637295e-05 4.860208e-06 0.022980815 4.6306154e-06 0.023730163 1.0378791e-05 1.2310811e-05 4.6040195e-06 1.6319958e-05 2.8759853e-06 0.00045922826 1.3849339e-05 0.07408631 3.8729504e-05 9.4782786e-07 7.653359e-06 6.2420295e-06 6.7792585e-06 0.00064695487 2.2004226e-06 6.6888975e-07 1.0885108e-05 0.008904032 0.22841384 2.3667893e-07
0.12560253 0.17358556 0.018042829 0.014517839 0.067252025 0.008886562 0.038767174 0.0046516294 0.00995832 0.008826812 0.0012294509 0.4919275 0.0007965007 0.011493425 0.70166934 0.00065344735 0.00087954814 0.00017306332 0.00045477517 0.0040853336 0.97695 6.938678e-05 0.875506 0.00011986146 3.0032111e-22 0.0016646103 0.00032070265 0.0010485668 4.2948097e-05 3.4990295e-05 0.009377441 0.0016833971 7.404856e-06 0.018503398 0.058210935 7.774683e-06 0.00050189346 0.0087279035 0.0026284878 6.933607e-06 0.00033903538 0.0004885281 0.5177453 0.058272786 0.00013968941 9.386383e-05 2.3490678e-05 0.00018058578 0.09174299 0.0016778867 0.0008148396 0.00016227453 1.5579512e-06 0.47898683 7.417016e-05 9.567615e-07 0.013806009 0.00011096692 0.00016717613 0.0004855256 8.4954314e-05 0.00013961976 3.1086288e-06 0.09057185 0.00017281018 0.0919901 5.219979e-06 0.00087867747 0.0003069402 0.0006301416 0.017093442 2.334303e-06 1.7779028e-06 7.635072e-05 2.727808e-07 0.005151141 4.384505e-06 0.00054488593 0.0009809196 3.3970435e-05 0.00078816176 0.039603803 4.2507087e-05 0.0009001617 3.4897134e-06 0.00013017344 0.00093747495 0.0005172974 0.0014653683 0.02290349 0.0027517234 2.8578652e-05 0.000893347 0.004611666 0.00064449594 0.0024250883 2.826437e-07 0.0006435737 0.00045541907 0.002104176 3.1652285e-06
0.38603148 0.0011717023 3.9366236e-07 8.027634e-07 0.15191199 0.057676993 0.0011622438 4.1967955e-06 0.118539736 1.5353253e-06 1.8591064e-06 0.030681912 1.2073711e-07 2.1048162e-08 0.0028869403 4.8722644e-08 8.4990825e-06 2.2781367e-05 1.18271274e-07 0.99276257 0.0006187072 9.344809e-08 0.0061320313 3.639029e-05 0.0016646103 1.2318714e-22 2.0648458e-06 0.17045522 2.4430175e-08 0.0005804329 5.8386263e-08 1.2770354e-07 9.148849e-07 0.55222493 4.5771802e-07 2.0053722e-07 0.002306407 6.529965e-08 0.7347534 2.4971484e-08 0.8443152 1.8856323e-09 8.02186e-06 4.2256448e-07 0.054005302 2.4061205e-07 2.1537728e-08 0.015204304 0.046667475 0.28937873 0.2268404 0.0001257216 6.0779857e-09 1.3110746e-06 1.7099604e-08 1.6657257e-09 1.372248e-07 0.00027683258 0.054764744 0.24537101 4.0410467e-07 0.046775028 6.465804e-06 0.0002916866 0.033943947 2.3359431e-05 3.5774637e-08 0.009746422 0.2796316 0.3968955 5.8428745e-05 0.014170051 3.2483715e-08 1.9519823e-07 5.464973e-10 4.1824633e-06 6.8455115e-08 0.001837352 0.027377918 0.0022447105 0.00497315 5.6789435e-07 2.6776968e-07 4.886092e-05 8.4940496e-08 0.00044305355 0.12987943 6.771953e-07 0.003829628 4.951052e-07 2.9265388e-07 1.0717371e-07 8.8194355e-08 1.783621e-06 0.14444807 4.233272e-07 1.6323373e-08 1.722239e-05 0.07174676 0.00011170816 0.0015138233
0.78174084 0.023364462 0.02068144 0.017532904 0.0010282891 0.004716231 0.10231904 0.1524061 7.700181e-05 0.18565983 0.5306439 0.000933609 0.24216515 0.027961142 0.0009303417 0.11879711 0.916316 0.2999659 0.053124808 4.9825656e-05 0.0021805998 0.67621684 0.00015262143 0.73932296 0.00032070265 2.0648458e-06 2.303052e-17 0.0042706192 0.010372267 0.25725523 0.00093578943 0.0015652658 0.96302 2.613267e-05 5.6160643e-05 0.5037405 0.08246596 2.7604707e-05 3.6249298e-06 0.5312219 0.00013344634 0.00010244848 7.742626e-05 3.6731606e-05 0.0005785596 0.014641532 0.069026485 0.016942348 1.761417e-05 4.4147146e-06 0.00018672661 0.14891794 0.08075692 9.085455e-05 0.0003067722 0.12549913 4.8950023e-06 0.1621362 8.220903e-07 0.0005009997 1.26139e-05 9.562224e-07 0.096577935 1.2884688e-05 1.1225016e-05 4.7625974e-05 0.028057925 0.021067722 0.00042037776 2.4317755e-05 2.0370144e-05 2.7480965e-07 0.025355445 0.009746584 0.010578984 1.0683259e-05 0.001001963 1.7137087e-06 0.006440139 8.3886613e-07 0.012239753 2.4995372e-05 1.590294e-05 9.83752e-07 0.0005903323 3.5506142e-07 1.1117967e-05 1.09669145e-05 0.027793145 0.00029272938 1.9679835e-06 1.5825117e-05 4.597574e-06 3.6132005e-05 5.1005052e-05 6.4426604e-06 0.00011952336 1.6546366e-05 0.002522317 0.17669162 3.6726046e-08
0.89508355 0.042293042 0.0014026824 0.0014596229 0.2830602 0.6920359 0.45960802 0.0048558027 0.6479128 0.0051797545 0.0020691946 0.049298175 0.00041632188 0.0009998478 0.01360921 0.0004617948 0.014620588 0.18587638 0.00017929805 0.4191876 0.0024075303 0.00035539584 0.003721351 0.08289065 0.0010485668 0.17045522 0.0042706192 3.4393297e-20 2.5716727e-05 0.22854327 6.509985e-05 0.00011949135 0.00085161283 0.038725883 3.1464206e-05 7.665189e-05 0.5072409 1.8546769e-05 0.06867987 5.506221e-05 0.5755802 8.081408e-06 0.00022575009 2.6590338e-05 0.98630315 6.7971264e-06 8.3229315e-06 0.6320171 0.0011362644 0.011219812 0.36336717 0.07091611 6.257096e-06 2.7491527e-05 2.1083983e-06 0.000110350295 2.4265239e-05 0.09131168 0.0022440285 0.14316025 8.472163e-05 0.0023715186 0.004650221 4.695667e-06 0.002828604 9.979238e-07 0.0004682529 0.3805562 0.5261565 0.034052994 8.881532e-06 0.00010150997 0.005361319 0.00016557124 1.7306235e-06 6.786901e-05 4.68409e-05 3.3774482e-05 0.48242486 0.00012314704 0.14736171 1.8924731e-05 0.00012230096 1.0328897e-05 1.3494623e-06 2.3339544e-05 0.019300783 0.0001169938 0.22619358 1.0818816e-06 5.3152075e-06 2.218951e-05 3.7103604e-05 9.521089e-08 0.038195886 3.3028882e-06 2.1866285e-06 6.9588026e-07 0.3078753 0.06376477 0.00025246886
0.03898855 0.00378156 0.010125574 0.012631832 0.000107466294 1.5217343e-05 0.022906326 0.029278366 1.6341146e-06 0.05520388 0.024830984 3.0921292e-05 0.21587116 0.33732367 3.4117347e-05 0.62330997 0.015539678 0.013423368 0.9568735 6.406551e-07 0.00048187652 0.12087904 3.4141185e-06 0.0016346556 4.2948097e-05 2.4430175e-08 0.010372267 2.5716727e-05 6.499919e-19 0.00049519923 0.2438658 0.33270743 0.008103948 4.153336e-06 0.0069434866 0.122398965 0.004915333 0.007411841 1.3887443e-07 0.023813667 3.6921463e-07 0.37142965 0.00026718108 0.00079983246 6.1674486e-06 0.9797435 0.23456603 0.00013390259 1.0513572e-06 5.4779083e-08 2.0462737e-06 0.0016400887 0.014465579 8.9702135e-06 0.52768415 0.0039311224 0.00010276542 0.0004848937 4.4249397e-08 2.7129308e-06 0.085615695 9.15987e-08 0.00461422 0.00015727106 2.0555865e-07 9.8151095e-06 0.0009680937 0.00027919756 2.1247442e-06 1.4039335e-06 7.310098e-06 2.4502508e-08 0.00081773475 0.02379377 0.001548052 3.7641203e-05 0.47013584 1.390058e-06 0.0002149663 1.5433891e-06 0.00044768894 3.646357e-06 0.031320002 1.3546496e-06 0.005917352 1.0126167e-06 1.2396944e-07 0.0032073352 0.00019896022 3.4456887e-05 1.9370939e-06 0.0033061455 9.222491e-06 5.588269e-06 9.478893e-07 3.062329e-06 0.0011882316 1.8501339e-06 7.0816466e-05 0.00825112 2.2959121e-09
0.93432784 0.039416637 0.008029932 0.0057721054 0.024966516 0.1706905 0.55074793 0.04347284 0.027091227 0.083313234 0.1057287 0.0028904611 0.014773236 0.0031624846 0.0010188847 0.009323687 0.1630505 0.667664 0.005403183 0.0031003084 0.00028746363 0.028541565 4.0146075e-05 0.8638738 3.4990295e-05 0.0005804329 0.25725523 0.22854327 0.00049519923 2.5023562e-22 9.0331174e-05 0.00046368976 0.20477755 0.00036729727 8.870938e-07 0.018779729 0.8731086 2.722723e-06 2.7471766e-05 0.017258728 0.006376255 6.105832e-05 5.267717e-06 2.7001438e-06 0.0230533 0.00015465717 0.0021316898 0.2363533 6.0761117e-06 9.29298e-06 0.0022466744 0.73758256 0.0016233738 8.284019e-06 4.302708e-06 0.0037095216 2.4097815e-05 0.8310887 1.2491203e-06 0.0015314859 5.8341852e-06 9.3929367e-07 0.035873465 6.6273253e-07 1.1964568e-05 4.1761317e-07 0.0018619847 0.2398587 0.0063781035 0.00035732365 1.5376389e-06 6.209191e-08 0.0045533157 0.00014843464 0.00030189176 1.957688e-06 2.7518165e-06 8.10448e-07 0.03350487 4.1040533e-07 0.09352042 2.2389527e-06 3.6109625e-06 7.283616e-07 1.1587188e-06 1.9391021e-07 0.0002587823 2.0676102e-06 0.30808005 1.0784154e-06 2.6170727e-07 1.8244074e-06 4.2607127e-07 4.1267896e-07 0.0011207492 1.06754065e-07 5.4641004e-07 2.1740433e-07 0.039204504 0.28527185 1.9688656e-08
0.033134095 0.28066674 0.3204116 0.14858283 0.053230036 0.0039747595 0.17678288 0.080023274 0.00044889387 0.20335856 0.0142246215 0.02692088 0.089824684 0.7820895 0.023704879 0.21214594 0.0021900304 0.0045913393 0.3410465 1.8050604e-06 0.04472737 0.005613866 0.006298118 0.00013040319 0.009377441 5.8386263e-08 0.00093578943 6.509985e-05 0.2438658 9.0331174e-05 8.938729e-19 0.8991277 8.604194e-05 2.659725e-06 0.43213692 0.0007022886 0.00071889727 0.5087569 3.2775398e-07 0.00016180721 2.111741e-06 0.9413131 0.07705247 0.09513433 4.7618864e-06 0.005232936 0.0008414004 9.7572316e-05 5.7583015e-06 5.886471e-07 6.6130283e-06 0.00037708675 3.3192024e-05 0.0023221644 0.08826318 3.329136e-06 0.034800682 0.00016950071 1.2475601e-07 7.7264864e-05 0.09691059 1.1532676e-07 3.7166286e-05 3.8026363e-05 3.9814284e-07 1.7356459e-05 9.969589e-06 0.0010330868 2.0668267e-05 8.054486e-06 6.967326e-06 6.421191e-08 8.486318e-06 6.345653e-05 7.259064e-06 0.0008022871 0.013602495 1.45379e-06 0.00049307366 1.6792048e-07 0.0014413057 3.8353566e-05 0.15374252 5.3993034e-07 1.6097738e-05 3.362988e-07 2.1653444e-05 0.24339847 0.0021357893 4.9790574e-06 1.2104574e-05 0.026835553 0.0035798226 7.996784e-06 2.1842869e-05 6.212143e-07 2.7355857e-06 3.6690237e-06 0.00041880592 0.0040441407 5.76935e-08
