1.0412804e-30 0.77548665 0.84295535 0.73145187 0.6160555 0.7118584 0.9100788 0.30032015 0.49103597 0.88172925 0.5987028 0.20155044 0.42736384 0.92752546 0.92934364 0.32864055 0.95315534 0.5334166 0.752125 0.6957547 0.94927347 0.6887636 0.34658083 0.823065 0.4964573 0.69086176 0.19002673 0.39986932 0.04803923 0.26320547 0.19904578 0.6840672 0.9990493 0.9955712 0.47682038 0.16409114 0.3069146 0.6896369 0.9885904 0.99059623 0.0143367 0.03815779 0.010834703 0.0028144235 0.43976998 0.08239549 0.97171545 0.009224638 0.002373692 0.049445953 0.03855745 0.99896264 0.021414723 0.006445709 0.056805935 0.01938263 0.57705986 0.9986152 0.9917431 0.047760736 0.003407433 0.9999879 0.0037486982 0.0014054796 0.9602112 0.047872417 0.9230131 0.7654421 0.7782839 0.9987931 0.0002456332 0.5061784 0.00010266775 0.599162 0.00637662 0.002889243 0.64724934 0.00015983183 0.00022599501 8.3465515e-05 6.1909614e-06 0.00011327659 0.8382565 0.85480386 1.8222495e-06 0.0048282095 0.9616158 8.376526e-07 0.00022543942 0.024399439 2.2236685e-07 0.9999599 0.4298686 1.1213205e-05 3.1154745e-05 1.3473124e-06 0.44849044 0.0032634719 2.3691211e-06 0.9997961 0.032196168
0.77548665 3.8262525e-20 0.9561757 0.49782616 0.87634546 0.3448472 0.16984 0.57615376 0.07286645 0.16812864 0.78944135 0.05078101 0.094264485 0.005062577 0.20412941 0.20835844 0.03447146 0.0025757512 0.025136381 0.15782577 0.0014629457 0.0010645705 0.000342688 0.0029217075 0.06405849 0.0011854343 0.09408628 0.0010251137 0.05851148 0.24247958 7.064581e-05 6.6234905e-05 0.03740402 0.0324543 0.00060370663 0.00078817824 0.008784722 0.0006730276 0.0024191542 0.0015077597 0.0011135265 0.050598033 7.937553e-05 0.01244869 0.00028940977 1.4740759e-05 0.00018937231 0.0031728314 0.0047590793 0.0005861004 0.017222326 0.0036865347 0.0001199676 0.020982064 0.0023313987 3.6942773e-05 0.00012510363 0.0019555106 0.001992466 1.1246908e-05 0.02215923 0.02219394 0.00016917176 0.004851442 0.0003012211 5.5680674e-05 0.00066681224 0.00013956676 0.00022186601 0.0014811513 7.3755975e-05 6.009769e-06 0.0022740855 0.00013471453 5.8060714e-06 0.005350501 7.5449905e-05 0.00015206543 6.801805e-05 0.0002496944 0.00033678717 0.00012623942 8.913356e-05 8.03046e-05 7.657229e-06 4.65209e-05 2.1697599e-05 9.7622815e-06 5.176006e-05 6.3462525e-05 2.5713184e-06 0.0018984638 1.6994769e-05 0.00017499886 7.642153e-05 0.00011642361 4.3931794e-07 9.0194435e-06 2.6395794e-05 0.0017377749 7.104643e-06
0.84295535 0.9561757 3.62665e-18 0.19308856 0.48271674 0.6114942 0.03696461 0.79564065 0.18771201 0.07097354 0.8302821 0.08293745 0.23974448 0.010018987 0.1204638 0.57797754 0.013088867 0.0031512252 0.00543041 0.17398831 0.002102331 0.0011725088 0.00059440517 0.0010006009 0.155016 0.0039486755 0.3222137 0.0006645449 0.2538024 0.5315717 4.208597e-05 0.00027092776 0.02056668 0.021175845 0.00010421177 0.00349106 0.00870695 0.00011577303 0.0005357202 0.0012271135 0.005310281 0.11759227 0.0007236087 0.0532242 5.6363027e-05 2.546885e-05 0.00018725194 0.018930053 0.027323874 0.00032466374 0.039421152 0.0035075108 0.0001062003 0.10494745 0.0030568407 6.495108e-05 2.015465e-05 0.0018023953 0.00063311856 4.9991313e-06 0.13428053 0.007132345 0.00050424744 0.018507175 0.00018641753 3.6151203e-05 0.00024274483 1.5862863e-05 2.6021058e-05 0.0012461947 0.00032176136 3.689779e-06 0.014636373 1.3680891e-05 3.0782458e-06 0.038250875 4.389898e-06 0.00054124405 0.00024588045 0.0016900147 0.0011567007 0.0017267882 7.874243e-05 4.124736e-05 1.4667923e-05 0.0002195463 6.6976263e-06 3.6155616e-05 0.0010492575 0.00015030657 5.452948e-06 0.0028260534 6.282712e-06 0.0013960637 0.0011479951 0.00050971453 5.669522e-07 1.473525e-05 0.00026924195 0.001724309 5.377575e-06
0.73145187 0.49782616 0.19308856 7.7491153e-19 0.9454852 0.020888252 0.9694285 0.09414456 0.0028793637 0.07489682 0.4381925 0.008930264 0.007916274 0.001802612 0.76087284 0.02906233 0.044098627 0.0025987532 0.07805314 0.2091949 0.0006177438 0.0012739856 4.312701e-05 0.0260118 0.0066856327 4.760459e-05 0.0125336675 0.0790495 0.010004716 0.069726646 0.0037562225 8.729097e-06 0.029340025 0.02719291 0.029682027 2.6511945e-05 0.0532562 0.010836708 0.03279556 0.0008642648 0.00015353561 0.029931176 1.0007216e-05 0.00063479535 0.0035943598 4.9232417e-06 0.00035643205 0.00012078601 0.0003008384 0.005681317 0.005820104 0.004090517 0.0012342569 0.0021393863 0.0018261909 4.83557e-06 0.0028864585 0.0025818932 0.021236876 0.0004773704 0.00096922624 0.054967806 3.3737782e-05 0.001155138 0.00029725445 3.4334636e-05 0.0068907375 0.0031139317 0.0023009586 0.006742868 1.7793236e-05 0.00048593487 0.00022979156 0.004087401 2.6223466e-07 0.000777084 0.0031921358 2.1887932e-05 9.052698e-06 2.6831109e-05 2.4228562e-05 1.14239565e-05 5.12791e-05 2.1889977e-05 2.8616053e-06 0.00022985032 0.0016497277 2.7280303e-06 1.9448898e-05 1.2238923e-05 8.748315e-08 0.0032129146 2.101176e-06 3.0516601e-05 1.0709577e-05 9.6802805e-06 5.455213e-05 1.689408e-05 1.9919773e-06 0.00064414536 3.16313e-07
0.6160555 0.87634546 0.48271674 0.9454852 1.8449134e-19 0.048562005 0.52502364 0.27968422 0.0066759735 0.04578819 0.77128685 0.025687577 0.037323922 0.0014002946 0.6626643 0.060645502 0.020539263 0.001230921 0.03533447 0.29192227 0.00019524488 0.0011929908 0.0001245414 0.013349319 0.02056233 0.00028577523 0.039145812 0.023094233 0.029684667 0.14488292 0.0014141335 3.0372998e-05 0.0154093765 0.016183099 0.0046197698 0.00038728304 0.05625783 0.0016708225 0.00925102 0.0003494684 0.00027701876 0.05260273 4.8747253e-05 0.0050872117 0.001030066 3.1316737e-05 6.0035567e-05 0.0009436794 0.0025369113 0.004248265 0.020189144 0.0022635157 0.0016291408 0.0108152535 0.009335752 4.494128e-05 0.0005291586 0.0014927149 0.00557666 0.00031491235 0.011865596 0.029941048 8.014653e-05 0.005393404 0.00011296051 8.311086e-05 0.0020339962 0.00071500713 0.00092633604 0.0023854722 0.00013642502 0.00012844503 0.0019787361 0.001083725 2.6270363e-06 0.0059391926 0.0008298553 0.0001381003 8.378076e-05 0.00017809999 0.00027527538 0.00014253204 1.3709716e-05 9.610354e-06 1.4422324e-05 0.00048378098 0.00068306737 1.2627789e-05 4.1666084e-05 8.596451e-05 1.290533e-06 0.001881652 1.1744851e-05 0.00019566299 0.000115332 0.0001389186 4.2165517e-05 5.539783e-05 2.4051526e-05 0.001160413 8.2845514e-07
0.7118584 0.3448472 0.6114942 0.020888252 0.048562005 8.466488e-23 0.0055150846 0.71619046 0.94796234 0.1500185 0.22701341 0.74356836 0.896103 0.07845176 0.0021199798 0.71322346 0.022857925 0.013090664 0.0067658927 0.015316211 0.009855776 0.00406557 0.0018287189 0.00031496823 0.34212926 0.027276646 0.36135387 2.0850723e-05 0.21563385 0.12627876 3.4610224e-07 0.00050491054 0.021594495 0.048572537 4.5633853e-05 0.018815754 0.00011317692 3.6270445e-05 0.00022415676 0.007359476 0.014270799 0.007155236 0.0059777764 0.13522515 5.276285e-06 0.00014170868 0.0023960846 0.05143852 0.044860728 1.0243157e-06 0.0010723874 0.01032975 6.858542e-08 0.023750778 8.595302e-05 7.35116e-05 1.1278632e-06 0.0063699735 0.00023974731 2.3583526e-08 0.11875341 0.005353285 0.00037690988 0.027879694 0.001506099 2.1207146e-05 4.4776487e-05 2.8967759e-06 2.783614e-06 0.0001743851 0.00060147344 3.5885367e-07 0.018358212 8.939976e-07 1.930768e-06 0.0034655211 8.2028834e-07 0.0006299857 0.00010011784 0.0011995491 0.00090579316 0.0017844351 0.00012900875 0.00015137786 8.415821e-06 7.5260687e-07 1.2470969e-06 2.953472e-05 2.9700208e-05 0.00011231834 2.3669486e-06 0.0007070495 2.844908e-05 0.00053590443 7.962459e-05 0.00038459257 1.1871605e-07 1.11207974e-07 6.356913e-05 0.0051906803 3.0483252e-06
0.9100788 0.16984 0.03696461 0.9694285 0.52502364 0.0055150846 2.8531227e-19 0.013754741 0.0021658828 0.17102414 0.10519043 0.0032271158 0.0029993302 0.0023427454 0.81643546 0.0058223824 0.2369669 0.0019744448 0.704534 0.07934982 0.0012248966 0.0026401032 7.984229e-05 0.28760898 0.0009692188 7.2244497e-06 0.0005840849 0.1623741 0.0010519095 0.008262976 0.013539614 5.6008976e-06 0.10625746 0.056751546 0.14345002 1.2970754e-05 0.040260125 0.06562755 0.16501486 0.002521075 1.9771098e-05 0.003741996 2.552183e-05 3.8269092e-05 0.014570083 1.5551344e-05 0.0009943278 3.9294675e-05 0.00017739397 0.01690464 0.00094537745 0.012680812 0.0030726087 0.0003604546 0.0012958176 2.2493141e-05 0.007952571 0.005834503 0.083098285 0.00069588 1.8683659e-05 0.34888005 6.5532695e-05 0.00019845311 0.0010268867 3.057676e-05 0.021798717 0.0061570765 0.0032349825 0.03376888 2.3550883e-05 0.00091735006 1.2809462e-05 0.004251035 3.2846035e-06 0.00012766759 0.005020831 4.628728e-05 2.6727983e-05 5.2583437e-05 7.643913e-06 7.006346e-06 7.788497e-05 3.477814e-05 7.1676277e-06 5.0119226e-05 0.007430755 1.2843889e-06 8.6218e-06 8.93338e-05 2.426061e-07 0.03593797 1.0318795e-05 6.4789397e-06 2.5758061e-05 3.383177e-05 0.00011035525 1.0801398e-05 4.3076143e-06 0.004925506 2.0531602e-06
0.30032015 0.57615376 0.79564065 0.09414456 0.27968422 0.71619046 0.013754741 2.8282505e-21 0.18051696 0.05209101 0.9322339 0.09798601 0.40355986 0.012893275 0.050335906 0.935593 0.008401523 0.0046722833 0.0049769054 0.24308935 0.0018702022 0.002412718 0.00081906276 0.0010880901 0.046525374 0.0020653193 0.12130579 0.000487978 0.13899417 0.3512301 6.2369865e-05 0.00015544311 0.009239081 0.010342545 0.0003998003 0.0012579855 0.0024465793 0.00020203018 0.0009807844 0.0013130767 0.0011693536 0.042304914 0.00023816759 0.020446988 9.7211676e-05 2.6469248e-05 0.000287834 0.0056243585 0.008721743 0.00015648635 0.0075287074 0.0027654625 3.7436424e-05 0.04529516 0.001701505 1.1382447e-05 3.130691e-05 0.0019743133 0.00065100595 3.147802e-06 0.07052622 0.00528078 0.0001458577 0.01328061 0.0002995301 1.49291045e-05 0.00040307452 5.2834723e-05 5.148059e-05 0.0002630135 0.00014467406 1.8413398e-06 0.012814734 3.2586468e-05 7.0021804e-07 0.01951843 2.7971339e-05 8.720531e-05 2.4729554e-05 0.00037229998 0.0010288928 0.0012935358 5.7436064e-05 3.309196e-05 3.8152903e-06 2.8507988e-05 8.6560485e-06 2.117554e-05 0.0008378552 4.9950595e-05 1.3917652e-06 0.0008172373 1.6923783e-05 0.0024549807 0.001578729 0.00019405407 1.4315138e-07 8.63105e-07 0.000408434 0.00214904 1.2378681e-05
0.49103597 0.07286645 0.18771201 0.0028793637 0.0066759735 0.94796234 0.0021658828 0.18051696 9.7636204e-23 0.081389 0.03626123 0.9748762 0.77292216 0.13515718 0.0006545944 0.23473352 0.009061094 0.03697041 0.003608123 0.002008701 0.020403616 0.010947683 0.0076785786 0.00040879077 0.61185485 0.16237025 0.37618762 3.7327995e-06 0.13089825 0.05106346 6.423577e-07 0.0059850034 0.01870088 0.042112242 4.467838e-05 0.12057288 3.487905e-05 1.0359182e-05 0.0003246402 0.010366684 0.08111948 0.0021152915 0.03406483 0.22031766 5.920897e-06 0.0011782103 0.0042684 0.22339498 0.14380693 7.349645e-07 0.00015397008 0.01486799 7.1199715e-08 0.007466059 0.00010261383 0.0008720831 1.5873993e-06 0.007819447 6.699265e-05 1.4518204e-07 0.06223399 0.003107057 0.00275016 0.0729749 0.002158961 0.0001184481 4.7126858e-05 1.1024321e-06 1.125201e-06 0.0001407289 0.004402438 4.0165529e-07 0.015376405 2.1714543e-06 1.3050488e-05 0.0015496043 2.1941548e-06 0.0039132037 0.0007224254 0.0024051298 0.0009137719 0.0006418519 0.00048174284 0.0009069198 7.007084e-05 8.8196157e-07 5.0593094e-06 0.00012164444 0.00020632218 0.00027058253 7.056737e-05 0.0011908726 0.00015384413 0.0005235339 0.0004343476 0.00043803448 2.1541039e-06 2.1615688e-07 6.543971e-05 0.0076783914 1.5436799e-05
0.88172925 0.16812864 0.07097354 0.07489682 0.04578819 0.1500185 0.17102414 0.05209101 0.081389 8.715282e-21 0.04768219 0.105291955 0.025379177 0.71101534 0.0068031643 0.013115037 0.9714403 0.22693293 0.464574 0.0088474555 0.6647232 0.18218762 0.01697313 0.09750245 0.04081016 0.044755764 0.00753255 0.0075394856 0.0018453121 0.011532194 0.00011487382 0.011396068 0.6873961 0.67990917 0.010162835 0.0023646238 0.0045301216 0.00492755 0.071038626 0.13288097 0.0008671399 0.0022361125 0.00025603903 0.0004061228 0.00034563782 0.0012220951 0.027249722 0.00027597114 8.64358e-05 0.00065021607 0.00036192528 0.41182005 2.0925743e-05 0.00020900265 0.00064192666 0.00028685704 0.00030113925 0.20200409 0.017647259 4.338754e-06 4.233244e-05 0.10256223 0.00038193093 0.0004780814 0.037729166 0.009298606 0.007167905 0.00022870892 0.0003159321 0.007670308 9.750247e-05 3.200953e-05 1.18594635e-05 0.00014630615 0.00081858906 0.0001547134 0.00014958798 1.95424e-05 1.0374051e-05 1.3703886e-05 8.934586e-06 3.0457551e-05 0.015017369 0.039435495 6.752915e-07 6.8190035e-05 0.00020533854 5.7965644e-05 7.920414e-06 0.00073434063 1.6695035e-06 0.474324 0.010075057 1.4237351e-06 2.8913169e-06 1.2585441e-06 1.3258025e-07 6.3928246e-07 3.2355547e-07 0.13901849 0.00039813964
0.5987028 0.78944135 0.8302821 0.4381925 0.77128685 0.22701341 0.10519043 0.9322339 0.03626123 0.04768219 1.2077874e-21 0.08129417 0.20475844 0.003038843 0.6131019 0.5823538 0.017919088 0.0027093398 0.026311593 0.8072194 0.0005484054 0.001954242 0.00012257011 0.006389345 0.0781847 0.00024014594 0.13234948 0.013946407 0.13524458 0.71696806 0.0012363098 1.8077593e-05 0.009602966 0.009175264 0.0038323333 0.00033560136 0.12245288 0.0019508081 0.0031424933 0.0002488564 0.00087244005 0.24757633 4.6232934e-05 0.027517727 0.0013029317 4.307269e-06 4.5105517e-05 0.004389162 0.01088675 0.0033765018 0.09330959 0.0009909214 0.001624667 0.1074185 0.024400173 1.27369085e-05 0.00086650514 0.0004035611 0.0042375587 0.00042887422 0.057035703 0.011287969 0.000103907005 0.028809907 1.809239e-05 1.889813e-05 0.0019224688 0.00094344595 0.0011496703 0.0014813647 0.00016890335 0.0001549752 0.008482673 0.0009690627 1.7542753e-07 0.07600768 0.0005687209 0.000268546 0.00011449736 0.0007762925 0.001406164 0.0016552238 6.537468e-06 2.0296427e-06 2.1494017e-05 0.000666858 0.0003144352 2.4939227e-05 0.0018615045 2.7820763e-05 4.9584355e-06 0.00048087738 6.95395e-06 0.0024335808 0.0037190237 0.00029807544 3.7090973e-05 2.358939e-05 0.00054864597 0.00038060435 1.5604612e-06
0.20155044 0.05078101 0.08293745 0.008930264 0.025687577 0.74356836 0.0032271158 0.09798601 0.9748762 0.105291955 0.08129417 3.4736608e-22 0.8447363 0.16339278 0.0009726546 0.18754515 0.008362359 0.18709806 0.0051828995 0.0029085618 0.027720755 0.038588442 0.053011198 0.0007440853 0.8600447 0.31441337 0.19092892 3.750826e-05 0.05216266 0.04725532 3.54312e-06 0.028892148 0.01622685 0.02955126 1.3840942e-05 0.21815255 0.00012249638 5.9755125e-06 0.0005255516 0.022613447 0.14142516 0.012997019 0.041332107 0.1779579 4.343507e-06 0.0049093477 0.009391184 0.13965091 0.1053704 6.026315e-06 0.0014453457 0.031885054 4.7001853e-07 0.010263949 0.0003210959 0.0036666545 3.4299924e-06 0.015446624 2.3561666e-05 4.0020498e-07 0.027517175 0.0015657262 0.008522007 0.07682354 0.008808294 0.0029127868 6.91962e-05 7.378767e-06 1.6660046e-06 2.8957167e-05 0.00873819 1.1197011e-06 0.016012013 5.4220646e-07 0.00028653524 0.002185505 9.2189777e-07 0.0051284195 0.0014514441 0.0033851569 0.0023933144 0.00069699873 0.0022227045 0.005034347 0.00013474473 9.6865e-07 2.3120398e-07 0.00053452526 0.0001425436 0.0017822761 0.00020408674 0.0023572533 0.0060392027 0.00053791807 0.00033902342 0.00062602985 3.4531643e-06 2.7367088e-07 3.894191e-05 0.015033332 0.0003762401
0.42736384 0.094264485 0.23974448 0.007916274 0.037323922 0.896103 0.0029993302 0.40355986 0.77292216 0.025379177 0.20475844 0.8447363 1.759393e-21 0.04594849 0.0021345704 0.88671774 0.0019831301 0.022914382 0.0011947671 0.033250906 0.0059422343 0.00808209 0.0052557345 0.00020604709 0.7834598 0.06036413 0.7446076 4.2798412e-05 0.37303668 0.2468503 6.988055e-06 0.0030180295 0.0026846712 0.0074650515 1.3006553e-05 0.08849367 0.00038387396 4.550077e-06 0.0001670687 0.0038066441 0.1186633 0.046764713 0.022309765 0.54646003 4.60193e-06 0.00086995575 0.0012119315 0.27861977 0.3104092 9.793296e-06 0.0036005955 0.004392868 5.8074534e-07 0.051298488 0.00051560363 0.0008982845 4.98214e-06 0.0030333935 1.530579e-05 7.252162e-07 0.25473145 0.0003861363 0.0055147586 0.3679676 0.0006611809 0.00029989425 1.4217451e-05 1.1047069e-05 8.412748e-06 2.7207541e-05 0.0065230825 4.111375e-07 0.12341512 2.7353872e-06 2.9156685e-05 0.010277434 2.7606852e-06 0.0075542396 0.0017235741 0.020735702 0.0142051345 0.010724229 0.00016349829 0.00018234455 0.00026428403 2.451581e-06 5.188406e-07 0.0008475779 0.00064282474 0.0007244058 0.0006396277 0.0005950693 0.00029762293 0.0055933055 0.0018008541 0.0045936103 3.1616446e-06 1.3946983e-07 0.00038970332 0.0025378184 9.332808e-05
0.92752546 0.005062577 0.010018987 0.001802612 0.0014002946 0.07845176 0.0023427454 0.012893275 0.13515718 0.71101534 0.003038843 0.16339278 0.04594849 1.9034147e-16 0.00010169951 0.01834613 0.044603076 0.92089844 0.01160139 3.4079916e-05 0.80171657 0.8996312 0.5883543 0.0010769186 0.21780472 0.5532887 0.06843079 1.3352916e-05 0.025421077 0.0040813535 1.1024447e-06 0.46703836 0.23843135 0.61328244 4.7938483e-05 0.16345204 1.0355093e-05 3.439812e-05 0.00045133056 0.42231724 0.072349 0.0002372352 0.06526634 0.00995551 5.8263677e-06 0.07051755 0.24794717 0.049169444 0.02002939 3.489337e-06 5.5793887e-05 0.4951114 1.2611903e-05 0.0014225991 0.0001521265 0.04535564 3.016051e-06 0.33617297 0.00021169512 1.1643259e-06 0.0013496348 0.012705282 0.023905199 0.0021951818 0.0845085 0.021701736 9.581331e-05 2.4900617e-06 1.0176864e-05 0.00033713167 0.010560997 6.9557677e-06 0.00050129456 4.5558e-06 0.0043589775 0.0005034781 4.1988133e-06 0.0034556126 0.0073560276 0.00053290237 0.0012155081 0.00015300019 0.0024948386 0.0011195607 0.00064986706 1.0255586e-05 2.7833024e-05 0.000249332 7.9741614e-05 0.0013072655 4.2854328e-05 0.016519303 0.0025181458 5.7325466e-05 0.00012817496 0.00028204583 7.891974e-06 7.8157586e-07 1.7064702e-05 0.04324469 0.0003409728
0.92934364 0.20412941 0.1204638 0.76087284 0.6626643 0.0021199798 0.81643546 0.050335906 0.0006545944 0.0068031643 0.6131019 0.0009726546 0.0021345704 0.00010169951 7.5162604e-19 0.037036292 0.05049975 0.00012564239 0.1142623 0.92648363 7.9942634e-05 6.993318e-05 1.191828e-06 0.06231609 0.0033591145 9.650378e-06 0.0053929565 0.5605115 0.017265666 0.24233231 0.1511355 7.4813966e-06 0.012254528 0.0064371857 0.13292356 4.8999693e-05 0.6974153 0.09171472 0.09275122 0.00011965487 0.000115476614 0.16889194 2.1125194e-05 0.00027726695 0.0236811 3.8532676e-06 2.0405454e-05 7.1657385e-05 9.669868e-05 0.28962234 0.16660143 0.0006876833 0.056507032 0.026031205 0.113912426 2.000365e-06 0.02690333 0.000602257 0.065285504 0.025831083 0.004483773 0.096134596 1.4801432e-05 0.00082289486 1.4835475e-05 2.6418178e-05 0.017751103 0.018560873 0.007414881 0.03070407 1.3571422e-05 0.0037470218 0.00057438476 0.013961843 2.6655894e-07 0.012897401 0.012110402 2.222617e-05 4.006488e-05 2.6133492e-05 7.654648e-05 0.00017491942 7.487078e-06 1.3906853e-06 5.1369184e-06 0.00866842 0.009101171 3.3794927e-06 0.0006697078 3.46342e-05 3.0959444e-07 0.00071731803 2.8616e-06 0.00010876326 0.00011528163 7.565713e-05 0.0007250136 0.001441584 3.5718684e-05 0.00030778 1.7085455e-06
0.32864055 0.20835844 0.57797754 0.02906233 0.060645502 0.71322346 0.0058223824 0.935593 0.23473352 0.013115037 0.5823538 0.18754515 0.88671774 0.01834613 0.037036292 3.3846888e-21 0.0015896648 0.0067216936 0.0016440727 0.19762485 0.0014626995 0.0022249343 0.0010558886 0.00023643566 0.17991701 0.0038933132 0.6567548 0.0008656114 0.784228 0.84701383 4.9673974e-05 0.00014482964 0.001612891 0.004372198 8.439149e-05 0.005390774 0.0050916406 3.474774e-05 0.0002906758 0.0005069727 0.011964404 0.1761515 0.0012726826 0.1346634 3.0809784e-05 5.844217e-05 6.86062e-05 0.03699926 0.042710558 0.00021909099 0.04356989 0.00084007747 5.1398958e-05 0.18895972 0.004691319 6.2921776e-05 4.612675e-05 0.0010700226 0.00014606943 1.6856726e-05 0.29248938 0.0019216667 0.0017005333 0.118829794 5.4860884e-05 2.9092498e-05 9.416131e-05 5.977152e-05 9.051382e-05 0.00023928795 0.0012135466 5.0332974e-06 0.07821427 2.5395191e-05 4.0408074e-07 0.08119903 2.3421979e-05 0.0026992403 0.00039612647 0.009377508 0.008522902 0.017017972 3.1534615e-05 9.100653e-06 6.79794e-05 0.00013327236 1.2009895e-05 0.0001324983 0.006814694 0.0003946943 6.0147486e-05 0.00025493334 2.0958138e-05 0.022976508 0.016124297 0.0029496918 3.879551e-06 2.3618709e-06 0.003254547 0.0015406267 2.7307908e-05
0.95315534 0.03447146 0.013088867 0.044098627 0.020539263 0.022857925 0.2369669 0.008401523 0.009061094 0.9714403 0.017919088 0.008362359 0.0019831301 0.044603076 0.05049975 0.0015896648 1.5207344e-22 0.017438894 0.7234708 0.017363288 0.030606125 0.018465115 0.0013528405 0.22049181 0.0065162927 0.003449875 0.001655346 0.024913253 0.00047418344 0.006866554 0.0010516242 0.0013175549 0.6834589 0.53678805 0.018253528 0.00022884266 0.005158773 0.010426517 0.14885475 0.028127939 5.4800694e-05 0.0003185579 1.9510575e-05 4.3024e-06 0.002619284 0.00017724534 0.008279762 1.4896723e-05 4.539302e-06 0.00084668846 3.181409e-05 0.16023712 0.00013241316 4.27642e-06 0.00011847555 2.057348e-05 0.0022103204 0.06643089 0.021395912 2.8103641e-05 4.290806e-07 0.40282002 2.4114916e-05 6.8017753e-06 0.013665068 0.00033548984 0.012173406 0.0013720959 0.0017973727 0.0194997 2.186539e-06 0.00024451505 3.2359867e-07 0.0023201243 2.5182166e-05 3.969403e-05 0.0010985542 1.1154293e-06 1.3076395e-06 9.441349e-06 9.346526e-07 5.2014184e-06 0.0015949327 0.0060670846 5.318186e-07 1.4599678e-05 0.0040421262 2.0884613e-07 1.1807355e-06 8.660064e-05 2.5593867e-08 0.7592121 0.00026525866 3.371811e-08 1.046908e-06 1.0410399e-06 8.323332e-07 1.8933187e-06 9.301935e-08 0.027747896 2.2830476e-05
0.5334166 0.0025757512 0.0031512252 0.0025987532 0.001230921 0.013090664 0.0019744448 0.0046722833 0.03697041 0.22693293 0.0027093398 0.18709806 0.022914382 0.92089844 0.00012564239 0.0067216936 0.017438894 2.2637078e-17 0.0049134367 4.86779e-05 0.47052017 0.76615167 0.9699479 0.000986677 0.12561703 0.5229537 0.038254604 3.0753134e-05 0.007998081 0.0016659761 1.9467648e-06 0.54457414 0.03208256 0.20223944 3.229269e-05 0.15293038 3.2153454e-05 1.8721472e-05 0.00035376172 0.25467578 0.08201766 0.0005720003 0.051427275 0.0067524207 1.48089e-05 0.17046697 0.18000568 0.028240122 0.011893331 1.0943803e-05 0.00012691785 0.2638663 8.3970535e-06 0.00089240907 0.00027162212 0.054489866 1.8195822e-06 0.22273722 0.00017651844 1.5978702e-06 0.0007216866 0.003985551 0.028951893 0.0040674256 0.095960744 0.06633305 6.148231e-05 7.930444e-06 8.260572e-06 0.00015349915 0.010522451 2.4712792e-05 0.00032287964 6.931809e-06 0.015888944 0.00074331614 3.1118414e-06 0.0042549856 0.00845414 0.00021592459 0.0002787929 0.00014759251 0.002100998 0.002863746 0.00061821146 1.0986961e-05 1.4142785e-06 0.00046843447 2.4578303e-05 0.005030536 0.00017724448 0.012100617 0.010208622 3.8782393e-05 0.0001693385 0.0005482438 3.0408297e-05 3.3428546e-06 1.9734027e-05 0.044694833 0.0015214826
0.752125 0.025136381 0.00543041 0.07805314 0.03533447 0.0067658927 0.704534 0.0049769054 0.003608123 0.464574 0.026311593 0.0051828995 0.0011947671 0.01160139 0.1142623 0.0016440727 0.7234708 0.0049134367 7.177701e-20 0.024911843 0.01195716 0.012318522 0.00022136049 0.973639 0.004054303 0.00033592185 0.000777227 0.1257311 0.0003366987 0.0062628128 0.007431305 0.00034702985 0.26382703 0.10888687 0.22069433 0.00010498075 0.034170784 0.044436395 0.34216747 0.006494489 3.2211858e-05 0.0017664124 3.847292e-05 4.962506e-05 0.026598895 0.00015401912 0.002046387 5.321865e-05 5.364746e-05 0.011347672 0.00029615485 0.041034978 0.0014328558 7.388361e-05 0.0005659955 1.8868468e-05 0.0071822437 0.023587387 0.04859307 0.0012532305 6.599823e-06 0.45914897 4.7660094e-05 0.00014510102 0.0024012018 0.00116973 0.018390607 0.0064608115 0.006667076 0.02066391 2.7804292e-05 0.0012405716 6.2105228e-06 0.010765488 3.9834606e-05 0.00033371753 0.0069921883 1.64135e-05 4.6844452e-06 9.736726e-05 2.8871136e-05 8.436333e-05 0.0002854775 0.0004386019 4.915998e-06 0.00011278546 0.015009043 1.7088723e-05 4.8525635e-05 0.00023618618 2.072619e-06 0.4211855 0.00011576341 3.7586872e-06 1.9558061e-05 2.5298887e-05 0.00015815787 4.564559e-06 1.1949453e-06 0.0074701863 3.0057787e-05
0.6957547 0.15782577 0.17398831 0.2091949 0.29192227 0.015316211 0.07934982 0.24308935 0.002008701 0.0088474555 0.8072194 0.0029085618 0.033250906 3.4079916e-05 0.92648363 0.19762485 0.017363288 4.86779e-05 0.024911843 8.2373146e-20 7.670596e-06 1.6526354e-05 2.3566855e-07 0.0048812367 0.016266257 5.7069036e-07 0.09711938 0.3447131 0.28266436 0.8501803 0.084064655 3.6035817e-07 0.0030480872 0.0024545277 0.013325452 1.8428955e-05 0.8111633 0.01638696 0.010025772 2.1050582e-05 0.0001368348 0.62417287 8.279106e-06 0.008592017 0.0007623219 1.7254413e-07 3.7000862e-06 0.00016392747 0.00023530891 0.3424064 0.5908216 0.00033238193 0.069608465 0.32488832 0.4700551 2.1727199e-06 0.0031418432 0.00023399109 0.018327922 0.010129394 0.21509197 0.01691883 3.4804436e-06 0.0082529625 9.646628e-07 9.829019e-08 0.002603213 0.0020269775 0.0010964213 0.0042997566 4.2665088e-06 0.0009676077 0.012912334 0.0006099852 8.713207e-09 0.31263915 0.00032366056 1.03470975e-05 7.3151405e-06 2.5821419e-05 0.0003503477 0.0027839048 1.1134705e-06 1.12564585e-07 1.3419202e-06 0.057883147 0.000643424 4.3724118e-08 0.027852682 1.3967601e-05 3.7280318e-10 0.0015352075 3.9239063e-07 0.0050503314 0.006041885 2.3566563e-05 7.442837e-05 0.004680748 0.00095304474 0.0003651142 2.2089851e-07
0.94927347 0.0014629457 0.002102331 0.0006177438 0.00019524488 0.009855776 0.0012248966 0.0018702022 0.020403616 0.6647232 0.0005484054 0.027720755 0.0059422343 0.80171657 7.9942634e-05 0.0014626995 0.030606125 0.47052017 0.01195716 7.670596e-06 1.1377424e-18 0.9525663 0.31759512 0.0013754636 0.019460645 0.15517913 0.005527701 4.0653854e-06 0.0007684395 0.0003480098 2.5231466e-07 0.17838077 0.28983858 0.6696027 3.343717e-05 0.013587202 1.4733326e-05 2.3532584e-05 0.00069032604 0.70293367 0.0038317214 6.9712014e-06 0.005562752 7.511298e-05 5.0085755e-06 0.031330798 0.57809514 0.0008572774 0.0003720251 5.7735e-06 1.164763e-05 0.64322186 3.159369e-06 0.00010291283 0.00014320922 0.0138138905 1.9183021e-06 0.53115267 0.00025143806 4.2801838e-07 1.8844552e-05 0.018551191 0.00421144 4.1555173e-05 0.25607473 0.016483296 8.426378e-05 2.2787353e-06 1.9866254e-06 0.00040487485 0.0006643092 1.9512704e-06 1.9342724e-05 5.140344e-06 0.0045273574 7.3283125e-05 6.0888067e-07 0.00014672296 0.0013261612 2.4017969e-05 4.6728772e-05 2.210903e-05 0.0050213384 0.002886986 4.7166017e-05 5.221069e-06 1.0430677e-05 1.42548015e-05 3.5350255e-05 0.0013048503 1.8948795e-06 0.12010582 0.0024359745 2.6121434e-05 3.5088804e-05 4.0856063e-05 2.8432517e-06 1.2241117e-07 7.9377305e-06 0.07353037 0.00043414554
0.6887636 0.0010645705 0.0011725088 0.0012739856 0.0011929908 0.00406557 0.0026401032 0.002412718 0.010947683 0.18218762 0.001954242 0.038588442 0.00808209 0.8996312 6.993318e-05 0.0022249343 0.018465115 0.76615167 0.012318522 1.6526354e-05 0.9525663 5.6334875e-16 0.7896254 0.0021080468 0.054913405 0.28817603 0.0093962625 1.9435753e-05 0.002672908 0.0011142467 5.226566e-07 0.42724445 0.055135686 0.22571528 3.391411e-05 0.065932214 7.9574565e-05 1.3522264e-05 0.00061841635 0.46546778 0.029631017 0.0002542484 0.021207409 0.0009588086 4.353738e-06 0.12669359 0.3929539 0.004735327 0.0013710024 6.8040786e-06 8.022079e-05 0.36583987 1.8618407e-06 0.00045598578 0.0003729021 0.048444472 9.357478e-07 0.28627524 0.0003025258 8.323388e-07 8.441918e-05 0.005812491 0.020927677 0.00059673045 0.25587645 0.1088097 6.740691e-05 1.3108997e-06 2.7061915e-06 0.0001469805 0.002402298 2.115516e-06 7.445669e-05 8.3209983e-07 0.024575287 0.00029410305 7.070976e-07 0.0010363965 0.005880342 4.3169555e-05 9.657933e-05 0.0001205147 0.008345772 0.017977662 0.0003457425 2.2309841e-05 3.05977e-07 0.00025825173 8.052247e-05 0.0036702524 1.7943566e-05 0.043206923 0.021976074 2.164622e-05 8.8700916e-05 0.000141143 1.0222444e-05 4.8228753e-07 9.5189835e-06 0.09993738 0.0022076543
0.34658083 0.000342688 0.00059440517 4.312701e-05 0.0001245414 0.0018287189 7.984229e-05 0.00081906276 0.0076785786 0.01697313 0.00012257011 0.053011198 0.0052557345 0.5883543 1.191828e-06 0.0010558886 0.0013528405 0.9699479 0.00022136049 2.3566855e-07 0.31759512 0.7896254 1.4063934e-18 1.1775413e-05 0.037692226 0.4762055 0.0047821184 3.928665e-07 0.0005953489 8.36196e-05 1.9002306e-08 0.7902366 0.00851058 0.04522067 3.2113857e-07 0.14606038 1.0962318e-06 4.2660758e-07 1.2982574e-05 0.17258063 0.050281934 0.00016274846 0.04157703 0.0002881586 3.712163e-08 0.47175732 0.17845209 0.008646965 0.0015276145 2.4918992e-07 1.167333e-05 0.13120984 6.3366055e-09 4.5396682e-05 9.23708e-05 0.13620014 4.065637e-08 0.11268413 2.7735973e-06 8.858054e-09 2.723636e-05 0.00047615575 0.05658312 2.8258364e-05 0.1391705 0.4497648 2.3886703e-06 4.4134598e-08 3.5704087e-08 4.1865055e-06 0.009346545 5.8266895e-08 6.7579053e-06 8.093658e-09 0.10620948 1.9372002e-05 7.0665815e-09 0.0012292253 0.010987094 6.59679e-06 1.28920265e-05 3.1111679e-06 0.026576364 0.04412396 0.0006251424 2.5400712e-07 1.715224e-10 5.9944086e-05 8.27282e-07 0.020132145 6.628428e-06 0.00588396 0.050910167 1.0234379e-06 4.5080748e-07 5.972186e-06 5.521412e-07 8.123585e-09 2.5436006e-07 0.09811727 0.006224199
0.823065 0.0029217075 0.0010006009 0.0260118 0.013349319 0.00031496823 0.28760898 0.0010880901 0.00040879077 0.09750245 0.006389345 0.0007440853 0.00020604709 0.0010769186 0.06231609 0.00023643566 0.22049181 0.000986677 0.973639 0.0048812367 0.0013754636 0.0021080468 1.1775413e-05 5.984754e-22 0.0001499984 1.0906077e-05 4.1801726e-05 0.119690776 1.9541112e-05 0.001450497 0.011388826 2.2644903e-05 0.09047501 0.032193184 0.3361674 8.624654e-06 0.021371461 0.16227669 0.9598613 0.0016855819 9.272411e-07 0.00028218952 2.384137e-06 3.072535e-06 0.08992898 8.1143946e-05 0.00037452337 2.0682335e-06 2.9857013e-06 0.013328647 5.148103e-05 0.016315937 0.0009646602 7.0145493e-06 0.00040915134 4.808516e-06 0.011878968 0.009660075 0.2353302 0.0009962054 6.6655593e-07 0.66920036 5.4611855e-06 1.3788664e-05 0.0005055092 0.00031455065 0.060781814 0.009373131 0.007174156 0.09368717 4.194175e-06 0.0012392503 1.0307342e-06 0.014024851 8.30693e-06 5.1810086e-05 0.004997178 5.363045e-06 1.0115714e-06 1.1290928e-05 1.294212e-06 9.854004e-06 2.6806174e-05 1.0701216e-05 5.4015084e-07 4.8062127e-05 0.03279726 9.017882e-07 3.7593647e-06 0.00011775397 9.324156e-08 0.4882494 3.9481756e-06 1.2251394e-07 1.0634502e-06 1.1144447e-06 0.00039676283 1.7255081e-06 5.0135593e-08 0.00061690755 1.0443677e-05
0.4964573 0.06405849 0.155016 0.0066856327 0.02056233 0.34212926 0.0009692188 0.046525374 0.61185485 0.04081016 0.0781847 0.8600447 0.7834598 0.21780472 0.0033591145 0.17991701 0.0065162927 0.12561703 0.004054303 0.016266257 0.019460645 0.054913405 0.037692226 0.0001499984 1.0967099e-17 0.74078655 0.6670802 7.681984e-05 0.19687054 0.08559142 5.836717e-06 0.14488074 0.002459895 0.023802664 8.8176064e-05 0.87766325 0.00014804701 0.0001279323 0.0005031117 0.020822681 0.71978766 0.014979686 0.4076186 0.62406194 4.001997e-05 0.024513302 0.012804668 0.8160885 0.52421427 3.941981e-05 0.0020982698 0.0324363 9.663623e-06 0.012574679 0.0007873349 0.040691923 6.023129e-05 0.02844257 4.584476e-05 4.319035e-05 0.0828499 0.0010232502 0.0456016 0.3239236 0.0071995975 0.0039987923 3.656036e-05 0.00058653933 0.00027361285 0.00015516214 0.055444546 2.4733494e-05 0.033504438 2.1026686e-05 0.0009338984 0.017654348 1.33561e-05 0.037026044 0.013103467 0.040334027 0.0063486015 0.002522762 0.0029296093 0.0030892496 0.002733939 7.341876e-07 9.680575e-06 0.0037781808 0.0003428701 0.009303356 0.001164512 0.009600755 0.003602608 0.002590842 0.00051413744 0.0046338523 0.00014889074 1.7559239e-07 9.152689e-05 0.016621593 0.0023396986
0.69086176 0.0011854343 0.0039486755 4.760459e-05 0.00028577523 0.027276646 7.2244497e-06 0.0020653193 0.16237025 0.044755764 0.00024014594 0.31441337 0.06036413 0.5532887 9.650378e-06 0.0038933132 0.003449875 0.5229537 0.00033592185 5.7069036e-07 0.15517913 0.28817603 0.4762055 1.0906077e-05 0.74078655 8.812239e-19 0.033582613 1.5022631e-06 0.0049328674 8.01924e-05 3.8037697e-08 0.8740322 0.0019024201 0.03331118 5.2099597e-07 0.9295823 2.9910865e-07 2.620789e-07 9.862963e-06 0.047128357 0.59442824 6.5837417e-06 0.5531349 0.034948185 7.264681e-08 0.3061648 0.056129362 0.47840887 0.11322923 7.023317e-08 2.2677418e-06 0.031585105 2.7826317e-08 0.00016243354 4.6046384e-06 0.2629929 1.7043867e-07 0.024330933 4.630289e-06 9.148905e-08 8.488426e-05 0.00015831918 0.1828219 0.009920386 0.02355367 0.030853828 1.164548e-06 1.2513685e-07 2.5947583e-07 4.1418712e-05 0.095012605 1.6398751e-06 0.00014659637 1.1257285e-07 0.005527276 3.1758766e-05 2.5865904e-07 0.0534987 0.045816846 0.0025901932 0.00010552841 4.3505068e-05 0.004054359 0.004221366 0.007578254 1.6713395e-07 3.2457964e-07 0.0006267575 1.3510423e-06 0.0014676068 0.00015693126 0.0022557632 0.0013141197 4.6317687e-06 1.609911e-06 0.00034108612 2.1629164e-06 2.2866267e-08 2.3109267e-07 0.018797074 0.00033599508
0.19002673 0.09408628 0.3222137 0.0125336675 0.039145812 0.36135387 0.0005840849 0.12130579 0.37618762 0.00753255 0.13234948 0.19092892 0.7446076 0.06843079 0.0053929565 0.6567548 0.001655346 0.038254604 0.000777227 0.09711938 0.005527701 0.0093962625 0.0047821184 4.1801726e-05 0.6670802 0.033582613 4.3419543e-19 4.8651906e-05 0.9439775 0.49571165 1.3483632e-05 0.0028893903 0.00040425485 0.002148625 3.2029595e-05 0.058933545 0.0015260761 7.833863e-05 0.00023431129 0.003158009 0.07595642 0.11047408 0.019714674 0.75698745 1.5120376e-05 0.0008897153 0.0008274655 0.25397074 0.35557723 9.399614e-05 0.014634286 0.0041551767 1.9232415e-05 0.16233794 0.0012297429 0.0018286614 2.121702e-05 0.0062189996 0.00021180297 3.3957751e-06 0.68089986 0.0006519239 0.0028569878 0.5706135 0.0003979698 0.00019097413 4.0555904e-05 0.000109735636 8.1189624e-05 0.0005188831 0.0046231835 2.5300515e-06 0.46011618 1.4917279e-05 1.6175822e-05 0.034509648 7.3293018e-06 0.0061415914 0.0019109402 0.06753514 0.078262776 0.07671604 0.00036421188 0.00033032882 0.00017026412 4.568487e-06 1.2577954e-06 0.0010172653 0.00043976752 0.0022406403 0.00061727536 0.0009376238 0.0006390607 0.028931485 0.0026979523 0.026231807 2.6042531e-05 1.5296896e-06 0.001979979 0.0069678156 0.00014956117
0.39986932 0.0010251137 0.0006645449 0.0790495 0.023094233 2.0850723e-05 0.1623741 0.000487978 3.7327995e-06 0.0075394856 0.013946407 3.750826e-05 4.2798412e-05 1.3352916e-05 0.5605115 0.0008656114 0.024913253 3.0753134e-05 0.1257311 0.3447131 4.0653854e-06 1.9435753e-05 3.928665e-07 0.119690776 7.681984e-05 1.5022631e-06 4.8651906e-05 8.328624e-21 0.00049065583 0.0050430223 0.9955535 5.422856e-07 0.0046458924 0.0019939465 0.21310014 1.9786441e-06 0.4886708 0.34756508 0.13947302 1.797767e-05 2.332605e-06 0.009292777 5.581481e-07 2.4071592e-06 0.2006403 4.1498124e-06 4.22554e-07 4.823581e-06 3.024202e-06 0.37415713 0.012421373 0.00016139973 0.108875126 0.00038259826 0.05144467 4.44629e-06 0.2881369 0.00018899416 0.12821138 0.21663582 8.746839e-06 0.19832991 8.033658e-06 1.7950002e-05 7.864553e-07 1.5949054e-05 0.08363183 0.13052587 0.060529448 0.07720471 1.127009e-05 0.044118587 7.1105533e-06 0.10666544 7.3656923e-07 0.0010658023 0.042144336 1.907929e-05 2.6880373e-06 7.1118484e-06 2.1413048e-06 1.8451772e-06 9.985579e-07 2.2615464e-07 6.577112e-07 0.011654232 0.037955806 3.0812855e-06 5.690111e-05 5.373971e-06 5.0757865e-07 0.0018725856 5.3174335e-06 9.5288243e-07 2.5838955e-05 2.038852e-06 0.0042558927 0.0016772989 2.2317088e-06 2.1068056e-05 6.1768276e-07
0.04803923 0.05851148 0.2538024 0.010004716 0.029684667 0.21563385 0.0010519095 0.13899417 0.13089825 0.0018453121 0.13524458 0.05216266 0.37303668 0.025421077 0.017265666 0.784228 0.00047418344 0.007998081 0.0003366987 0.28266436 0.0007684395 0.002672908 0.0005953489 1.9541112e-05 0.19687054 0.0049328674 0.9439775 0.00049065583 4.6143583e-19 0.8967702 0.00019636414 0.0004895334 0.0003973793 0.00084436336 6.749194e-05 0.009641585 0.004054359 7.406167e-05 0.00019933704 0.00062402885 0.011332407 0.33873123 0.0022389742 0.33624834 4.2511263e-05 7.06384e-05 0.00017800677 0.015028249 0.10012777 0.0005141256 0.07446542 0.0010211348 0.0002543903 0.5330766 0.005928113 0.00011323694 7.69828e-05 0.0011454301 0.00021009779 7.212628e-05 0.9067628 0.00086427224 0.00033423255 0.3488354 5.3462416e-05 4.1246458e-05 9.374851e-05 0.00036325864 0.00019113773 0.0009667766 0.000506497 9.029944e-06 0.39973873 4.429257e-05 2.291943e-06 0.28621885 2.8128767e-05 0.00049182586 0.00026205232 0.017132498 0.029347407 0.16358268 6.341932e-05 3.0253086e-05 3.8272854e-05 8.600083e-05 9.2026744e-07 6.8045556e-05 0.0059302193 0.00050924195 4.331773e-05 0.00018519328 0.00021180115 0.10598702 0.02625343 0.014642174 5.961002e-05 1.986471e-05 0.007861993 0.005681384 1.9323401e-05
0.26320547 0.24247958 0.5315717 0.069726646 0.14488292 0.12627876 0.008262976 0.3512301 0.05106346 0.011532194 0.71696806 0.04725532 0.2468503 0.0040813535 0.24233231 0.84701383 0.006866554 0.0016659761 0.0062628128 0.8501803 0.0003480098 0.0011142467 8.36196e-05 0.001450497 0.08559142 8.01924e-05 0.49571165 0.0050430223 0.8967702 7.7472416e-22 0.002326244 8.7103535e-06 0.00040804042 0.001629335 0.0007621363 4.924235e-05 0.14306663 0.0012693661 0.0012224728 2.553337e-05 0.00015898855 0.91117233 1.2948236e-05 0.013776638 0.00035804458 4.1472367e-06 6.1757646e-06 0.0009920481 0.0029057867 0.004036117 0.57754916 0.00044816756 0.00206186 0.8696118 0.09484052 1.0781835e-05 0.00048423224 0.00038744116 0.0009293203 0.00046477845 0.5184411 0.0031894397 0.00011177913 0.011724009 3.3260292e-06 1.507383e-05 0.00072884525 0.0012041394 0.0005891512 0.001502208 5.0751525e-05 0.00014069106 0.025269343 0.00018505681 4.9239344e-07 0.40104824 0.00020548548 9.909497e-05 6.6409346e-05 0.0002853901 0.00078822114 0.013568835 1.307102e-06 7.1805346e-07 5.847587e-06 0.0012254942 2.9284596e-05 2.8172458e-06 0.034206316 0.00011367884 5.3693298e-06 0.0017865424 0.00030207983 0.02274751 0.020703113 0.0007091612 5.4042543e-05 8.782711e-05 0.005805738 0.021177577 2.0619511e-06
0.19904578 7.064581e-05 4.208597e-05 0.0037562225 0.0014141335 3.4610224e-07 0.013539614 6.2369865e-05 6.423577e-07 0.00011487382 0.0012363098 3.54312e-06 6.988055e-06 1.1024447e-06 0.1511355 4.9673974e-05 0.0010516242 1.9467648e-06 0.007431305 0.084064655 2.5231466e-07 5.226566e-07 1.9002306e-08 0.011388826 5.836717e-06 3.8037697e-08 1.3483632e-05 0.9955535 0.00019636414 0.002326244 8.594085e-21 4.71839e-08 0.0007382726 0.00013245395 0.069550276 2.2490612e-07 0.59812546 0.26640108 0.01841322 2.2378513e-06 1.5684469e-07 0.007356845 1.0456187e-08 4.3655314e-07 0.105073124 1.1054731e-07 5.465041e-08 2.0241811e-07 2.717733e-07 0.64025575 0.020138541 2.0777139e-05 0.37747222 0.00027231438 0.13812967 3.6277603e-07 0.25826424 6.48577e-06 0.04956514 0.6867691 4.086087e-06 0.032995366 1.6932121e-06 3.1478308e-07 7.5529776e-08 2.9770905e-07 0.044372886 0.08298363 0.058319315 0.039228965 2.8908278e-07 0.05387585 6.6940095e-07 0.051050857 1.2936542e-08 0.0016319887 0.034551222 4.700825e-06 1.8608822e-06 2.1605147e-06 9.3455185e-07 9.262477e-07 2.932962e-07 1.9198264e-08 4.2539162e-07 0.042053167 0.032798886 5.803517e-07 0.0002002562 7.657414e-07 1.6510614e-07 0.0008365458 7.530878e-07 3.421978e-06 2.5153819e-05 2.5786312e-06 0.014226589 0.008628751 6.0185494e-06 1.0882623e-06 8.1801545e-08
