2.847521e-28 0.001401805 0.0024822461 0.0001706943 0.19083416 4.519014e-06 0.008509135 0.0086589875 0.08615638 0.0047780476 4.7649214e-06 0.21664587 0.004271081 0.08795853 0.38857493 0.6085998 0.5304268 0.008494452 0.0033508278 0.0061554234 0.00031239344 0.65045047 0.61188895 0.17091036 0.26160988 0.0035546585 0.0013799466 0.7445038 1.9590334e-07 0.0007753451 0.87738264 1.2646283e-06 0.7741982 0.0017664554 0.024841353 0.45222613 0.036766242 0.63497823 5.0597508e-05 0.4900537 0.040982798 0.46240768 0.77699435 0.44619358 0.31176758 0.02410409 0.10555189 0.09200751 0.0786056 0.5706964 0.63060933 0.48158604 0.63634104 0.105328515 0.64114994 0.8421714 0.0010165069 0.8776875 0.52156854 2.225585e-08 0.73333925 0.4791909 0.63404596 0.0001210338 0.50101376 0.9011683 0.7454928 0.0059583625 0.98295003 0.32588276 0.9921311 0.0011264309 0.5588961 7.3488736e-11 0.9283288 0.9362214 0.11713558 0.0004413999 0.98250914 0.008300297 0.99900746 0.9990395 0.006465558 5.769839e-10 0.77625835 0.6893352 0.7158376 0.9966854 0.135635 8.3956365e-06 0.004702991 0.11025842 3.278385e-08 0.9971942 0.999934 0.026105436 8.677383e-09 0.93456817 0.9989083 0.0038237686 4.5347136e-07
0.001401805 1.7397531e-19 0.63724035 0.7837618 0.3877802 0.9288254 0.20942925 0.37505737 0.45672017 0.9157158 0.4490976 0.2224023 0.11330261 0.039827682 0.097140595 0.7032921 0.019516988 0.037138946 0.07319867 0.05628104 0.062102526 0.013292926 0.003958854 0.022739477 0.0029595906 0.016851978 0.0054194266 0.019078631 0.0055597103 0.011231887 0.0019367045 0.0019091704 0.007754013 0.0007351942 0.0028537025 0.0056979368 0.003589458 0.0009981871 0.0015652576 0.01106135 0.004106225 0.0020414088 0.0064147804 0.001784883 0.00084635906 0.0021114713 0.0014537221 0.0003352311 0.0039385734 0.0014759792 2.675351e-05 0.00049096614 0.00032586668 0.00032958813 0.0021407485 0.0009389486 8.2921884e-05 9.4821575e-05 0.00059179624 0.0001791203 0.0002960532 0.0002545393 4.9722836e-05 5.6123317e-05 1.7268325e-05 2.0629355e-05 7.365503e-05 0.00013271606 0.00037242 1.1615738e-05 0.00015570258 0.001054849 8.6966626e-05 6.4176165e-06 3.3876517e-05 0.00034129078 9.8534074e-05 2.5116747e-06 0.00018372336 2.0630762e-06 0.00012712015 0.0007364264 2.2772483e-05 6.7755036e-06 0.0013554498 5.548634e-05 0.0013217294 0.000977505 2.3622932e-05 4.0259392e-06 2.2028127e-05 6.0548996e-06 3.3999454e-06 0.0006030101 0.036070067 7.2784984e-05 1.0102318e-05 0.00019387389 0.0010674174 2.6867672e-05 2.5192603e-06
0.0024822461 0.63724035 1.8418105e-21 0.87538934 0.27889287 0.1693184 0.42298907 0.94916266 0.7709398 0.2266663 0.26582852 0.21280695 0.03111597 0.018279195 0.049888875 0.09763114 0.019547714 0.008771925 0.11652012 0.083916545 0.117260255 0.037517734 0.003262137 0.019842433 0.002870308 0.019865451 0.00045196354 0.05554925 0.0035847987 0.017160458 0.00050072285 0.0019734518 0.016756136 0.0016313408 0.0032687201 0.00032385727 0.004625964 0.00012565989 0.0017899369 0.013246324 0.0040517864 0.0017156941 0.0066219904 0.0015476407 3.1526313e-05 0.00045688899 0.00023101812 1.1403177e-05 0.0008567584 5.7496287e-05 6.513785e-05 5.8536443e-05 0.0006649604 2.8518302e-06 0.00037187594 0.0002985747 0.00033674832 3.2085267e-05 3.9418686e-05 0.00019746085 7.1548464e-05 6.1158506e-05 6.2266394e-05 5.546555e-05 5.1691077e-06 1.1004663e-05 4.4690998e-05 6.420264e-05 5.1788553e-05 6.7510424e-05 1.0775041e-05 0.0011443656 3.662946e-05 2.2006259e-06 4.1643205e-05 1.9543388e-05 1.9720257e-05 4.210094e-07 8.023661e-05 9.871881e-07 0.00010303273 8.242351e-05 5.285367e-07 3.464997e-06 0.00031733172 2.6918584e-05 5.645873e-05 5.6604626e-05 1.3561231e-06 1.0733426e-06 1.3167805e-05 1.0099943e-06 2.0938208e-08 0.00018001387 0.0016906983 8.3571e-06 1.5415799e-06 1.5357425e-06 5.1585666e-05 4.0521086e-06 4.3897035e-07
0.0001706943 0.7837618 0.87538934 1.5487266e-19 0.115743086 0.3687215 0.16457151 0.7713525 0.4335575 0.23054704 0.8687983 0.07841437 0.011824743 0.0064216238 0.020137154 0.14321318 0.012372716 0.002412549 0.14684658 0.05837603 0.38773122 0.013955421 0.0022882782 0.0112365205 0.0013564228 0.03368582 0.00025029184 0.009127417 0.021517657 0.038043987 0.0012453374 0.0043242387 0.005382598 0.0036659671 0.0065828487 0.00028675885 0.0043851496 0.00071076484 0.0038972376 0.0064605162 0.0018649338 0.0028468347 0.0047916025 0.0009518634 4.149581e-05 0.0005843655 0.001021348 2.0961275e-05 0.0013472046 9.753278e-05 6.373346e-05 0.00016640784 0.00027882718 2.0641605e-06 0.0004973247 0.00026771775 0.00029661643 6.308526e-05 0.00010631866 0.0004821765 8.25175e-05 0.00017364396 7.1031965e-05 0.00017258043 5.723249e-05 2.7870048e-05 8.938962e-05 0.00026503438 0.000263583 5.3218802e-05 5.397456e-05 0.0003632306 6.489511e-05 2.6147278e-05 0.00012628219 0.00014662085 8.501246e-06 6.022236e-06 0.00018049985 5.824956e-06 0.00011797709 0.00021695024 4.66845e-07 9.300401e-06 0.00026602627 2.5185313e-05 9.685096e-05 0.0009550733 6.942165e-07 7.341396e-06 0.0001630074 1.3610868e-06 2.5130716e-06 0.00029036548 0.016430125 1.3770057e-05 1.6746917e-05 8.914576e-06 0.00020791324 8.7177126e-05 4.5601987e-06
0.19083416 0.3877802 0.27889287 0.115743086 3.0489823e-21 0.022613231 0.8053854 0.25639683 0.5161267 0.24980696 0.0107748415 0.7712889 0.098074146 0.7633254 0.9734626 0.4836561 0.36499745 0.07988969 0.0409784 0.041210335 0.00725206 0.21316867 0.02897985 0.07855691 0.023884984 0.01635153 0.008309125 0.25441948 5.8872803e-05 0.011010858 0.00628686 0.0001056027 0.07946878 0.000109010296 0.00013458729 0.004817256 0.012572031 0.0062605166 0.00017355224 0.022705367 0.00619683 0.030878823 0.03597208 0.014689475 0.0012369802 0.00023486567 0.0001584506 0.00073203427 0.00077235914 0.0010766983 0.0017121219 0.002372332 0.0034110695 0.00036392824 0.0018097154 0.00052795437 9.332925e-05 0.002757362 0.0006785621 2.2152647e-06 0.0013258633 0.0015048197 0.00073278544 5.7961693e-06 1.382496e-06 0.00031261964 0.00031868796 4.3024556e-05 0.001364785 0.0007083035 4.8782233e-05 0.0031161106 0.0002354182 2.4272296e-07 0.0003059769 0.00093012763 0.00026952688 1.4430675e-07 8.1548984e-05 1.6841165e-06 0.0005300963 0.00021960872 8.2462044e-05 1.0724974e-06 0.0012364236 0.00016381622 0.0012260162 7.200332e-05 5.1689574e-05 1.0803366e-07 1.8844522e-06 1.7788145e-05 1.7430645e-08 0.0006202077 0.0027620667 0.00047469107 1.3408558e-06 8.618861e-05 0.00030475613 2.6413206e-06 2.8008895e-07
4.519014e-06 0.9288254 0.1693184 0.3687215 0.022613231 1.0968552e-19 0.01298156 0.056224015 0.024425177 0.60783696 0.51378065 0.006756807 0.017106637 0.0013832023 0.0043028337 0.05393772 0.0017618915 0.008530004 0.012411089 0.0055772457 0.02662985 0.0031884725 0.0007277416 0.0015405415 0.00028663772 0.0053120586 0.0028708363 0.0011572231 0.008303088 0.004758691 0.00041155634 0.0008223199 0.0002598422 0.0008751712 0.0015409751 0.0004171929 0.0004400629 0.00013545582 0.0014545881 0.0020466603 0.00022338255 3.267095e-05 0.00039554984 0.00014237419 0.0001339846 0.00030030124 0.00019385428 7.358988e-05 9.728837e-05 0.00030219535 2.2361648e-05 0.00017652099 8.008647e-05 4.5203957e-05 0.00010229832 0.00011573338 0.00010314697 4.2802374e-05 8.5365355e-05 0.0003949178 3.5348836e-05 0.00024488565 3.781715e-05 2.027305e-05 1.9351082e-05 6.6667644e-06 4.142013e-05 0.00013747757 9.163825e-05 1.1267887e-05 0.00010279992 0.0013800841 3.415612e-05 1.6418588e-05 4.4722674e-05 4.4672328e-05 6.3858424e-05 2.2464726e-06 0.00035626165 7.1287227e-06 0.00038340766 0.00013920269 1.7258035e-05 2.9846824e-06 0.00015169695 7.2909384e-06 0.00011524196 0.0001678341 1.2710261e-05 8.979594e-06 3.4493216e-05 3.623212e-06 1.1723611e-05 0.00015658174 0.009474927 2.4674546e-05 1.2183211e-05 2.0466923e-05 0.00020740408 2.3910818e-06 6.6640946e-06
0.008509135 0.20942925 0.42298907 0.16457151 0.8053854 0.01298156 1.1071728e-24 0.45099387 0.95289415 0.07391984 0.017995726 0.93760437 0.017778063 0.08996694 0.5548919 0.08880277 0.049266536 0.010492955 0.09955861 0.17025122 0.030343102 0.09204407 0.0070136464 0.13302302 0.010534486 0.043355875 0.0006447747 0.17673638 0.00035074298 0.01768769 0.001468649 0.0001973462 0.07858843 0.0018244092 0.004326456 0.00054455525 0.018581545 0.0008742678 0.00034440806 0.049248766 0.013113129 0.017562432 0.024861155 0.007625263 6.7102636e-05 0.0009201859 0.0008459471 1.80564e-05 0.0025536905 0.0002465781 0.0008663522 0.0004377933 0.0029059432 8.62671e-06 0.0010911737 0.00026175036 0.00091417856 0.0014222043 0.000120686644 1.0692238e-05 0.00029088545 0.0007629416 0.00023427061 1.7535313e-05 7.700188e-05 0.00015547927 0.0003903669 2.6055226e-05 0.00034185237 0.00025114664 6.4197004e-05 0.0007413495 0.00015870725 2.275158e-07 0.0006594557 0.00022470707 3.4368146e-05 2.6907958e-07 0.0001952041 5.0306676e-06 0.0005466952 0.00026967365 3.864492e-06 3.4188301e-06 0.000938305 0.00022142423 0.00058847456 0.0001521339 2.8804347e-06 1.2542824e-07 5.8173896e-06 1.419574e-06 2.7036684e-08 0.0002533666 0.0004228707 0.00023704208 9.687147e-07 1.36536355e-05 0.00023783483 3.0624165e-06 1.6124686e-07
0.0086589875 0.37505737 0.94916266 0.7713525 0.25639683 0.056224015 0.45099387 4.8179245e-20 0.8297249 0.106462546 0.31538776 0.37754843 0.01008442 0.02379036 0.07326179 0.027294543 0.03823651 0.0026011027 0.33986107 0.1963048 0.2753952 0.059770104 0.003598275 0.1136949 0.003970215 0.111040235 0.0005581058 0.112125225 0.014129823 0.064520486 0.0003977801 0.011253036 0.04845721 0.0107871685 0.016261071 9.2176146e-05 0.020780236 0.0002069524 0.009940212 0.030126665 0.019888017 0.0033078725 0.0115306815 0.0034148155 2.9335275e-05 0.0024000204 0.0019387786 1.3179791e-05 0.004578543 6.053552e-05 0.0002345004 5.3775413e-05 0.00072235893 2.721041e-06 0.00046775618 0.00036795094 0.0023761722 0.000227309 2.8446064e-05 0.0016940675 0.000100415025 0.00021309294 1.5961286e-05 0.00027209165 6.978688e-05 3.1739415e-05 3.961828e-05 0.00018862738 2.8844965e-05 1.4584246e-05 1.8677105e-05 0.00091679994 1.8311192e-05 9.521861e-06 6.1244886e-05 2.7603548e-05 6.6521825e-06 1.781445e-06 0.00037087788 1.1196354e-05 9.60661e-05 0.00014712608 5.236217e-08 1.0949577e-05 0.00026267633 2.6939102e-05 3.648227e-05 0.00012898094 7.873935e-07 1.5358554e-06 7.137604e-05 1.001184e-06 6.0277685e-08 0.00024108514 0.00046489437 2.2022027e-06 1.5960456e-06 5.384559e-06 6.6063876e-05 1.6133732e-05 1.1449081e-06
0.08615638 0.45672017 0.7709398 0.4335575 0.5161267 0.024425177 0.95289415 0.8297249 3.748696e-21 0.1644235 0.073144555 0.89426523 0.022205848 0.066858836 0.28649068 0.02259946 0.05186928 0.0055911103 0.36112127 0.3691814 0.2362543 0.20132998 0.0076727485 0.28781256 0.009940463 0.1800248 0.0010665668 0.41272888 0.0038558142 0.049223997 0.0008172362 0.002673176 0.17300336 0.010314103 0.03711184 0.0002129345 0.049090818 0.00032406734 0.004253728 0.146932 0.03819156 0.022622667 0.08144895 0.012563597 4.3904947e-05 0.0038355014 0.00369675 2.618421e-05 0.010880227 0.00015266045 0.0025814353 0.000106156745 0.005029076 4.2476263e-06 0.0029436767 0.0019827152 0.013176291 0.0015118257 6.971338e-05 0.000530741 0.00067150645 0.0005538698 8.628812e-05 0.0002557757 0.00022420145 0.00030685446 8.4405016e-05 0.0002578265 0.00032201956 5.846336e-05 8.478945e-05 0.0016648619 2.6159427e-05 7.906848e-07 0.00020765205 7.862507e-05 2.418802e-05 3.2008477e-06 0.0004394399 2.1472975e-05 0.00064441905 0.00038321447 3.778816e-07 4.771647e-06 0.0009399179 0.00012808271 0.0001007941 0.00020047843 6.4402648e-06 5.456165e-07 0.00010906125 4.7587273e-06 2.8169097e-08 0.00043407455 0.0013299026 1.811137e-06 2.213347e-06 7.63331e-05 0.00024619204 8.418429e-06 6.490439e-07
0.0047780476 0.9157158 0.2266663 0.23054704 0.24980696 0.60783696 0.07391984 0.106462546 0.1644235 1.982615e-17 0.05451656 0.078045204 0.9564893 0.027976189 0.07078415 0.79314095 0.02174661 0.3891672 0.018146608 0.018277818 0.022441452 0.01807431 0.005626751 0.0080360295 0.009303245 0.0036768632 0.5958168 0.012478453 0.001596893 0.003045247 0.0023984623 0.00089748343 0.0077108997 0.0002767811 0.0025596383 0.026670944 0.0010462698 0.0012887147 0.0002487615 0.0060794046 0.0019983049 0.0005996198 0.010061821 0.00051198574 0.0017486649 0.0006562451 0.0016522957 0.0010765643 0.0017849237 0.0022667549 4.405804e-05 0.00037797843 0.0007351616 0.0030837848 0.0010481238 0.0015186188 4.163967e-05 0.00013095015 0.0010358723 2.8713252e-05 0.00036642386 0.00017066336 9.0109446e-05 9.2785674e-05 9.288218e-05 7.409777e-05 9.397749e-05 0.00011878113 0.0007255871 0.00018554083 0.00015466573 0.029874926 0.00089265505 6.0739044e-06 0.00015958174 0.00065707025 0.00040596828 7.935149e-06 0.0016942257 1.684649e-05 0.00027284832 0.0011498923 0.00022134148 1.1006174e-05 0.0015537025 0.00022705484 0.0033990769 0.004611143 8.0252e-05 1.8790766e-05 8.9681555e-05 8.948805e-05 2.3544708e-05 0.0018367606 0.038193837 0.00035179453 3.4669192e-05 0.0011552862 0.0035621175 0.00028574088 7.575926e-06
4.7649214e-06 0.4490976 0.26582852 0.8687983 0.0107748415 0.51378065 0.017995726 0.31538776 0.073144555 0.05451656 1.1499769e-19 0.008322428 0.0018823609 0.00026030032 0.003933269 0.009764 0.0008247136 0.00059007114 0.12505974 0.02171477 0.7348194 0.001889021 7.228272e-05 0.0013863333 2.950229e-05 0.037370164 0.00040819435 0.00083470525 0.2929312 0.034752574 9.916739e-05 0.011148398 0.00027897957 0.0040459293 0.0037189974 6.030929e-05 0.00030522147 9.9751865e-05 0.005360371 0.0017581142 6.861785e-05 0.00014203407 0.00017678665 9.749326e-05 5.1785144e-05 6.645027e-05 0.00015646173 1.009626e-05 7.781934e-05 0.00028834608 3.616208e-06 8.708407e-05 7.112388e-05 2.2957647e-06 4.2684773e-05 9.204271e-05 8.731358e-05 2.6765834e-05 9.167662e-05 0.0021055322 4.7197744e-05 0.00020281608 3.5979006e-06 5.7690508e-05 1.6639904e-05 1.8453964e-05 3.213454e-05 6.686257e-05 1.3072212e-05 1.3138577e-05 6.059472e-05 0.00027805523 2.5631958e-05 0.00020013534 4.6388745e-05 9.850659e-06 6.5744684e-06 1.17895715e-05 0.0003149643 1.4757906e-05 0.00021648005 0.00010043015 8.9876517e-07 5.947595e-05 2.4145129e-05 4.659561e-06 8.825548e-05 0.0008498609 7.910046e-07 9.049116e-06 6.30529e-05 2.410512e-07 3.4237798e-06 0.00026543072 0.016364696 2.5425932e-06 2.0738875e-05 3.4718144e-06 0.00036021715 1.12627085e-05 4.584098e-06
0.21664587 0.2224023 0.21280695 0.07841437 0.7712889 0.006756807 0.93760437 0.37754843 0.89426523 0.078045204 0.008322428 1.4120406e-22 0.011268038 0.1179762 0.7696369 0.012385886 0.057020042 0.005050601 0.1444269 0.58764493 0.048596814 0.41456416 0.007456489 0.55127436 0.0076722135 0.09235555 0.002337938 0.64475626 0.00045731704 0.019245604 0.0005249197 0.0007917451 0.38392204 0.005188594 0.018506225 0.00013367727 0.07285489 0.0006021823 0.001533312 0.3175414 0.04767994 0.1703442 0.23265855 0.035663716 2.000425e-05 0.0043225605 0.010426501 9.9181525e-06 0.018964207 3.391945e-05 0.0046127434 0.0006772093 0.0157893 4.591724e-06 0.008841479 0.0017591743 0.0051338365 0.005426721 2.393935e-05 0.00020773188 0.0022545955 0.002393723 0.0001594079 0.00034195153 5.330256e-05 0.00083207135 0.0009794595 0.00014456606 0.0005389288 3.9411916e-05 0.00052781345 0.0012904321 1.6303313e-05 8.4179766e-07 0.001555957 9.393807e-05 2.2547027e-05 3.7253703e-06 0.0015861933 4.2502263e-05 0.001313891 0.000709738 7.9882955e-07 4.764694e-06 0.0010624725 0.000105969026 9.1917114e-05 0.00019526444 4.0429454e-06 5.866095e-07 6.301935e-05 2.5557135e-06 8.0679534e-08 0.00042190295 0.0005054858 1.328297e-05 6.688984e-06 2.2249564e-05 7.906637e-05 1.3145056e-05 1.8105688e-06
0.004271081 0.11330261 0.03111597 0.011824743 0.098074146 0.017106637 0.017778063 0.01008442 0.022205848 0.9564893 0.0018823609 0.011268038 1.3976802e-19 0.0117138 0.021573817 0.85227513 0.01569797 0.86171883 0.004322862 0.0025106918 0.0024866033 0.006533844 0.0027947102 0.0012585585 0.008010107 0.0005636333 0.77540624 0.003619543 5.4408418e-05 5.782198e-05 0.0022128755 3.3145254e-06 0.0014807151 6.7644564e-06 3.1138304e-06 0.049143005 2.5312376e-05 0.0015846987 1.8602025e-06 0.0007212263 3.9409548e-05 0.00017301003 0.00043578446 0.00042313614 0.0032154205 3.8072198e-05 0.00021487367 0.0039156545 2.536692e-05 0.0036020172 9.8002885e-05 0.00020815743 0.00017575064 0.011207817 0.0001489454 0.0001719227 4.3895022e-07 0.00011739572 0.0005186373 6.1209556e-07 0.00016617804 0.00071078964 0.00013024683 1.806445e-06 1.8481915e-05 9.759689e-05 6.762796e-05 1.9281635e-05 0.0006628413 0.0003263867 0.00016764681 0.019944966 0.00065108354 1.5166648e-07 0.00012436563 0.00045723142 0.0003752638 5.571153e-07 0.0002630935 4.216678e-06 0.00021221967 0.0003650374 0.0001374714 1.0871979e-06 0.0010752822 0.000463053 0.0012816384 0.00066644186 5.890307e-05 1.5848261e-06 2.9634624e-05 0.000106454 6.592636e-07 0.0022963756 0.006591898 0.0003932367 2.148001e-06 0.0015922419 0.0012937159 3.2777585e-05 9.417181e-07
0.08795853 0.039827682 0.018279195 0.0064216238 0.7633254 0.0013832023 0.08996694 0.02379036 0.066858836 0.027976189 0.00026030032 0.1179762 0.0117138 8.84515e-25 0.75537765 0.1769691 0.98123974 0.020116283 0.00946302 0.018152094 0.0023639868 0.7840608 0.124938674 0.028903676 0.10150209 0.008987456 0.0005670209 0.28775585 3.6419797e-07 0.0020605742 0.016085822 1.1038208e-06 0.059731036 4.1650354e-05 4.529203e-05 0.0029512013 0.01037374 0.03958364 5.6838985e-06 0.04191544 0.002235023 0.23408769 0.06347786 0.0965398 0.0011865342 0.00017275813 0.0011765462 0.0004303445 0.00021234337 0.0031615985 0.01879213 0.020103598 0.028578755 0.00020127727 0.012080013 0.000355044 7.2661082e-06 0.022648696 0.003733779 5.587568e-07 0.011626107 0.025303913 0.012802062 3.7498634e-07 3.1385248e-06 0.027490303 0.004978298 3.7874518e-06 0.006827177 0.00260044 0.004934519 0.00035060238 0.0005143353 5.2575032e-08 0.0074395016 0.005091092 0.0013474466 4.1615113e-08 0.0014760306 4.2354873e-06 0.008645888 0.001256083 1.1072848e-05 1.2170077e-07 0.009705707 0.0035741974 0.005866915 1.5250147e-05 3.8133858e-05 2.7821065e-08 5.007644e-06 0.00014554312 1.0157707e-08 0.002010168 0.009424091 0.00028631315 6.941162e-08 0.00029737182 0.007257916 4.301844e-07 1.16879715e-08
0.38857493 0.097140595 0.049888875 0.020137154 0.9734626 0.0043028337 0.5548919 0.07326179 0.28649068 0.07078415 0.003933269 0.7696369 0.021573817 0.75537765 2.0141793e-20 0.10399653 0.29999217 0.018922362 0.03901146 0.1193445 0.012967651 0.7882141 0.047700576 0.20231575 0.036947444 0.03409547 0.0039876266 0.74576885 7.1044095e-05 0.016147617 0.007960083 0.0005965324 0.33595565 0.0015618049 0.010497139 0.0019847073 0.039231006 0.005891335 0.0015108573 0.16062698 0.020198783 0.3057046 0.19639857 0.10533853 0.0007716343 0.0026511326 0.005338704 0.00047636701 0.003998131 0.00097486103 0.024788473 0.006595721 0.074300945 0.00022917705 0.026022356 0.0028172 0.0013833229 0.049137007 0.0005841674 1.4754219e-05 0.021207245 0.013307208 0.0035894972 7.43275e-05 3.2301377e-05 0.010348475 0.011581144 6.1689876e-05 0.005010389 0.0006092731 0.006023492 0.0014111992 0.00032153408 1.1918337e-06 0.009237077 0.0019864647 0.00071434566 8.5054836e-07 0.0023747245 3.1036896e-05 0.005912856 0.0022471575 5.014115e-06 7.724736e-06 0.003639298 0.00060163956 0.0008479996 0.00024266174 3.4410947e-05 2.9136922e-07 3.065951e-05 5.247628e-05 1.0546184e-07 0.0010027937 0.0018297926 5.025372e-05 6.553592e-06 0.0001638798 0.0008255009 8.860171e-06 1.030858e-06
0.6085998 0.7032921 0.09763114 0.14321318 0.4836561 0.05393772 0.08880277 0.027294543 0.02259946 0.79314095 0.009764 0.012385886 0.85227513 0.1769691 0.10399653 3.1222304e-19 0.193525 0.9554244 0.0017831764 0.0023149792 0.023632288 0.051725253 0.0832729 0.0006455115 0.17518568 0.00030093399 0.8710537 0.016636644 0.00010510667 0.0019915206 0.045122385 0.0003962472 0.0054392414 0.00010250242 5.1375388e-05 0.77288294 5.409282e-05 0.59957206 0.0002476707 0.0026442746 3.8199672e-05 0.0021067625 0.0020631382 0.020053662 0.33939728 0.0001888884 2.5510344e-05 0.3382374 0.00041487243 0.22383167 0.005094914 0.03136969 0.00075352396 0.40342033 0.00091329793 2.6619236e-05 0.00025394306 0.00028292867 0.018771453 1.1784535e-05 0.00029094898 0.0025530048 0.0120268995 0.00015689386 2.5043175e-06 0.00056140986 0.00035333735 2.5818586e-05 0.007588617 0.00566569 8.416066e-05 0.05065987 0.0066442387 1.092007e-06 0.0005559851 0.005236485 0.008108537 8.956152e-06 4.1229898e-05 1.3470412e-06 0.00022811381 0.0005667214 0.012983485 3.1868854e-06 0.005667868 0.01020907 0.010366516 0.00011665422 0.0013960843 1.8428234e-05 9.65762e-05 0.0041690073 1.5095688e-06 0.016938219 0.0061523453 0.0050918055 1.563471e-05 0.0030967563 0.004108148 5.2659718e-05 7.2231414e-06
0.5304268 0.019516988 0.019547714 0.012372716 0.36499745 0.0017618915 0.049266536 0.03823651 0.05186928 0.02174661 0.0008247136 0.057020042 0.01569797 0.98123974 0.29999217 0.193525 3.4844637e-22 0.0333714 0.010370715 0.017137138 0.0036401504 0.77503437 0.76894194 0.009849091 0.52428055 0.0067847534 0.002202457 0.2306913 3.035529e-06 0.0020330069 0.15535215 1.1443616e-05 0.04865854 0.000107617256 4.2995023e-05 0.016468935 0.004429503 0.15049344 0.00011094829 0.013098326 0.0008635518 0.21421282 0.023367882 0.18830895 0.00568395 0.000111209 9.5693955e-05 0.0021309988 0.00024060211 0.006913614 0.052513696 0.10013431 0.0100653535 0.0022531403 0.009789351 0.000114152615 1.3087641e-05 0.02856382 0.00988513 4.868484e-06 0.007827184 0.060099885 0.016164774 7.2622915e-06 1.922958e-06 0.014358805 0.004307514 2.8273245e-05 0.017428702 0.0023236254 0.010659273 0.0009900505 0.0014810793 3.9123898e-07 0.0040546316 0.008851385 0.0012929832 3.6843412e-07 0.00041875703 3.6544825e-06 0.0058079613 0.0020250557 4.179359e-05 1.2672034e-06 0.0052971253 0.0024118759 0.004743483 8.40071e-05 0.00016560014 1.1350237e-06 1.1589911e-05 0.00037954954 3.1060523e-07 0.0040396308 0.013915484 0.0006307233 1.1405662e-06 0.001346213 0.004787439 5.5658343e-06 1.08746285e-07
0.008494452 0.037138946 0.008771925 0.002412549 0.07988969 0.008530004 0.010492955 0.0026011027 0.0055911103 0.3891672 0.00059007114 0.005050601 0.86171883 0.020116283 0.018922362 0.9554244 0.0333714 3.16024e-19 0.0021427798 0.0060028955 0.00068350625 0.015221518 0.010609295 0.00065436406 0.0246256 0.0002641628 0.9501825 0.0062635415 1.6363306e-06 1.7115062e-05 0.0056402553 3.4635715e-07 0.0021938558 1.1460643e-05 7.0047226e-06 0.26731092 4.5496756e-05 0.017956203 1.4411523e-06 0.0011471892 7.994187e-05 0.0009109028 0.00046529202 0.0038339198 0.042391643 2.1695652e-05 0.000100436475 0.061222132 1.6595197e-05 0.020709364 0.0018181921 0.0026501238 0.00061221037 0.16210808 0.0005907575 0.00012960512 2.7799902e-06 0.0007000505 0.004992097 2.0242427e-07 0.00057265634 0.0028376407 0.0016710751 4.3727046e-06 1.066462e-05 0.0009226684 0.0005772923 7.658681e-06 0.0026126942 0.0037149098 0.0003272797 0.09306899 0.0051121414 6.415401e-08 0.0003743834 0.001825558 0.0012069562 2.0642717e-07 0.00010079333 4.62783e-06 0.00039293716 0.0009250269 0.0013499658 1.6675534e-07 0.001569993 0.0022477373 0.0037431058 0.00071798806 0.0035124344 8.1784344e-07 2.3097438e-05 0.0028264993 3.6730583e-07 0.006173118 0.0034933481 0.0022016945 2.2835485e-07 0.008457169 0.0022703386 1.103836e-05 1.42289e-07
0.0033508278 0.07319867 0.11652012 0.14684658 0.0409784 0.012411089 0.09955861 0.33986107 0.36112127 0.018146608 0.12505974 0.1444269 0.004322862 0.00946302 0.03901146 0.0017831764 0.010370715 0.0021427798 7.7310294e-23 0.26552773 0.58320475 0.05364041 0.0022799016 0.13913156 0.0011307239 0.96380126 9.8283876e-05 0.11189628 0.080496676 0.60787684 0.00015690313 0.100987345 0.089164734 0.18191777 0.20860387 8.386973e-05 0.10679588 0.000121192854 0.10647577 0.091575176 0.09087546 0.006093067 0.019225338 0.0029380086 0.00015988671 0.011359475 0.0077200974 2.3580727e-05 0.05080171 8.852785e-05 2.4928646e-05 1.25630695e-05 0.00047566564 4.2455854e-06 0.00040645426 0.0008577403 0.11081172 8.3056584e-05 1.2634342e-05 0.01528919 3.289715e-05 6.312119e-05 3.6129675e-06 0.010264011 4.84791e-05 8.825124e-06 1.6322449e-05 0.004747246 8.97623e-06 1.1276067e-05 5.761114e-06 0.0004358873 5.20409e-05 0.00023591064 2.7528338e-05 4.816681e-06 3.7894337e-05 0.00053236017 0.00027853483 2.1922147e-05 6.3665175e-05 8.405278e-05 3.3053192e-07 0.00017760269 0.00018755774 1.8179528e-05 0.000112621135 0.00011224744 2.5713332e-06 1.7729868e-05 1.7454691e-05 2.3247433e-06 4.481868e-06 0.00010607022 0.00065672444 7.870808e-06 0.0001028523 1.3687708e-06 8.687987e-06 1.7302234e-05 6.676957e-06
0.0061554234 0.05628104 0.083916545 0.05837603 0.041210335 0.0055772457 0.17025122 0.1963048 0.3691814 0.018277818 0.02171477 0.58764493 0.0025106918 0.018152094 0.1193445 0.0023149792 0.017137138 0.0060028955 0.26552773 3.4664564e-24 0.084201336 0.07746528 0.0039029787 0.9644065 0.0030325546 0.31979242 0.0001287423 0.18841688 0.0026412616 0.17889388 0.00032922433 0.006368263 0.14099127 0.061290946 0.2207363 0.00012833592 0.3072957 0.0003923985 0.013073073 0.07942402 0.12527686 0.028236093 0.03553774 0.0041523958 4.1400825e-05 0.017971253 0.030297589 8.653053e-06 0.031464368 6.61184e-05 0.00019115141 5.3038173e-05 0.005262114 1.4394719e-05 0.0037273199 0.0025028253 0.11930581 0.0016045787 2.1968064e-05 0.00016121267 0.0005604454 0.00029715325 3.2317494e-05 0.0033571853 0.0010203281 5.7330715e-05 0.0010368637 0.005622776 4.727554e-05 2.7562144e-05 0.000109813314 0.00014614231 5.1257688e-05 1.9300416e-05 0.0022659802 5.0024293e-05 2.492629e-05 0.00023793896 0.0019331429 0.000519348 0.0011954822 0.00087356276 1.6872625e-06 7.376997e-05 0.0001648185 2.658793e-05 0.000317987 0.0016452098 1.1491583e-05 5.626971e-06 0.00018454783 1.6077156e-06 4.3402893e-06 5.2373187e-05 0.0009840918 5.144221e-05 0.00010131837 3.4005552e-06 4.645015e-05 9.433608e-06 3.878722e-06
0.00031239344 0.062102526 0.117260255 0.38773122 0.00725206 0.02662985 0.030343102 0.2753952 0.2362543 0.022441452 0.7348194 0.048596814 0.0024866033 0.0023639868 0.012967651 0.023632288 0.0036401504 0.00068350625 0.58320475 0.084201336 1.5064984e-19 0.0035849046 0.0021025012 0.0072097867 0.0005869512 0.24460553 0.00012561819 0.0013422063 0.8720781 0.80231816 0.0002478815 0.3505553 0.005624705 0.14326939 0.04122749 0.0005691587 0.014376534 0.00033212212 0.14001113 0.0031767657 0.002970068 0.00025812665 0.0013232252 0.00043387568 0.00014179491 0.00013539962 9.141864e-05 2.266277e-05 0.0019368577 4.9834918e-05 1.2033708e-05 9.9611454e-05 8.348664e-06 8.410173e-06 6.108587e-05 4.114341e-05 0.038629286 9.442439e-06 3.4267636e-05 0.014966271 5.2755754e-06 0.00016388544 8.487281e-06 0.0027701452 1.9546871e-05 5.945618e-06 5.807578e-06 0.00058524415 1.173801e-05 1.9617539e-05 1.0280988e-05 0.00074503606 1.9842597e-05 0.0002852388 8.046632e-06 1.7028953e-05 2.6203954e-06 4.8094822e-05 0.00011532232 6.369438e-07 6.6134003e-06 4.105737e-05 9.3751277e-07 0.000104212166 0.0009936945 2.2016493e-05 0.0003069086 0.00063235615 1.8031085e-05 1.6721959e-05 3.3977078e-05 1.3536417e-05 1.0650624e-05 0.0021781547 0.021910405 4.843562e-07 3.6519203e-05 0.0001276049 0.000788629 3.0683354e-05 8.2691795e-06
0.65045047 0.013292926 0.037517734 0.013955421 0.21316867 0.0031884725 0.09204407 0.059770104 0.20132998 0.01807431 0.001889021 0.41456416 0.006533844 0.7840608 0.7882141 0.051725253 0.77503437 0.015221518 0.05364041 0.07746528 0.0035849046 3.8680484e-20 0.2982246 0.35666707 0.11759437 0.052813306 0.002304292 0.916242 2.0229189e-05 0.019923104 0.119267605 5.3128537e-05 0.45483613 0.0024966572 0.00307022 0.008229974 0.10692573 0.08367072 4.8023914e-05 0.093687214 0.017637208 0.8347514 0.1680868 0.5524437 0.0062496536 0.0017847178 0.0062527177 0.0018852021 0.0029597345 0.0027136581 0.19037819 0.067742206 0.14569192 0.0011561805 0.05100104 0.0021795854 0.0023063675 0.27449465 0.0028681885 2.5027368e-06 0.1368471 0.16338143 0.028404547 0.0011060596 4.4381915e-05 0.08722855 0.062980555 0.00019757838 0.023630673 0.0014747642 0.08990975 0.0005527448 0.0018784434 9.545532e-07 0.086939394 0.015718276 0.0014959013 6.871631e-06 0.008108347 2.8365635e-05 0.05480844 0.02528997 1.0864092e-06 4.440366e-06 0.011792153 0.0026929835 0.0052673155 0.00092360633 4.7817804e-05 1.1911854e-05 9.183378e-05 0.000120893535 1.3784161e-06 0.0043603475 0.010750894 0.00014159424 2.3828788e-05 0.00032063105 0.004477342 1.5687865e-05 4.7142025e-06
0.61188895 0.003958854 0.003262137 0.0022882782 0.02897985 0.0007277416 0.0070136464 0.003598275 0.0076727485 0.005626751 7.228272e-05 0.007456489 0.0027947102 0.124938674 0.047700576 0.0832729 0.76894194 0.010609295 0.0022799016 0.0039029787 0.0021025012 0.2982246 7.6832244e-23 0.0037257136 0.9860157 0.00080849923 0.00047355366 0.07602896 2.6418245e-06 0.00046020662 0.8670518 7.309683e-07 0.0132606 9.02272e-06 5.9871786e-06 0.0095910635 0.002285806 0.39398816 2.8465089e-05 0.0042284955 0.00030510014 0.3376253 0.010962853 0.31910542 0.011370362 4.152867e-05 6.64172e-05 0.0031746442 0.00010878099 0.016796513 0.0905001 0.2965464 0.011548274 0.0025935068 0.0048461705 2.9877681e-05 8.273519e-06 0.048990257 0.04958237 1.822917e-06 0.016735846 0.17583242 0.077952996 4.7693766e-06 4.296647e-06 0.091042265 0.009860627 4.5980164e-06 0.09055194 0.007085434 0.04939815 0.00015071206 0.0054834136 2.628218e-07 0.0145044215 0.079923816 0.0040824846 2.8537062e-07 0.0009166867 7.5545413e-06 0.026413925 0.0044221627 6.4120736e-06 3.3148652e-07 0.04728302 0.014414502 0.0197616 0.0002098799 0.00035834225 1.0350427e-06 4.027124e-05 0.0028362782 4.5393952e-07 0.021251548 0.038203444 0.0012633144 1.1029116e-06 0.0046170694 0.027461467 1.125559e-05 8.79184e-08
0.17091036 0.022739477 0.019842433 0.0112365205 0.07855691 0.0015405415 0.13302302 0.1136949 0.28781256 0.0080360295 0.0013863333 0.55127436 0.0012585585 0.028903676 0.20231575 0.0006455115 0.009849091 0.00065436406 0.13913156 0.9644065 0.0072097867 0.35666707 0.0037257136 2.183641e-24 0.0010267536 0.21104918 0.00017105673 0.85100484 5.733733e-05 0.034906052 5.4473734e-05 0.00043196822 0.8330497 0.01595641 0.21234976 0.000111429064 0.6053149 0.0004171547 0.0027876657 0.71303844 0.425678 0.25921407 0.53318936 0.036982812 3.585441e-05 0.13996983 0.5369841 2.8044178e-05 0.18737094 4.1003957e-05 0.006675735 0.00026754112 0.14937438 1.250159e-05 0.12129129 0.15057649 0.062426023 0.03958825 4.732408e-05 1.5087866e-05 0.03083616 0.0047830166 2.068124e-05 0.0054252697 0.0019647563 0.0036674917 0.026693618 0.0067804977 0.000981466 4.1675306e-05 0.0060863337 0.00017234853 0.00011663165 2.6892603e-06 0.027438633 8.086561e-05 9.710094e-05 0.00065962365 0.028909884 0.0009850421 0.0076431776 0.0069804424 6.3913284e-08 1.04196215e-05 0.0005624933 0.0001322597 5.4997243e-05 0.0057148556 3.282252e-06 1.2507468e-05 0.0002295675 2.9823036e-06 8.025337e-07 0.00038431137 0.00041853442 7.347886e-07 1.3065556e-05 1.1681569e-05 1.6730923e-05 4.8605718e-05 2.3753992e-06
0.26160988 0.0029595906 0.002870308 0.0013564228 0.023884984 0.00028663772 0.010534486 0.003970215 0.009940463 0.009303245 2.950229e-05 0.0076722135 0.008010107 0.10150209 0.036947444 0.17518568 0.52428055 0.0246256 0.0011307239 0.0030325546 0.0005869512 0.11759437 0.9860157 0.0010267536 5.6108225e-22 0.00033899304 0.0014395582 0.029001404 1.6430522e-07 5.927335e-05 0.96026844 1.6041845e-07 0.0065532583 1.0726483e-05 4.5402717e-06 0.0919279 0.0007110327 0.8102415 1.182891e-05 0.0020140777 0.0001010269 0.105612755 0.006117484 0.12530056 0.073856086 1.814236e-05 4.6155394e-05 0.020376973 7.588375e-05 0.05349638 0.0426468 0.3244497 0.003742292 0.012180373 0.003028146 2.4435292e-05 3.8422336e-06 0.019628929 0.109668165 3.1498607e-07 0.011023845 0.07321579 0.074167095 2.2591335e-06 1.6387979e-06 0.050386265 0.0055615343 1.2579925e-05 0.06116061 0.023151282 0.01705181 0.0020137043 0.013730337 3.341898e-08 0.00907105 0.047481485 0.0122818 2.0528577e-07 0.00048484447 4.1808557e-06 0.014522499 0.003136719 0.0007552251 1.6213707e-07 0.042135686 0.022345345 0.04189569 0.00010109551 0.007662141 3.9521174e-07 2.3184079e-05 0.015290663 1.9820409e-07 0.024700753 0.039377846 0.0041560703 4.7721136e-07 0.01491108 0.032474227 1.3592729e-05 1.4565815e-07
0.0035546585 0.016851978 0.019865451 0.03368582 0.01635153 0.0053120586 0.043355875 0.111040235 0.1800248 0.0036768632 0.037370164 0.09235555 0.0005636333 0.008987456 0.03409547 0.00030093399 0.0067847534 0.0002641628 0.96380126 0.31979242 0.24460553 0.052813306 0.00080849923 0.21104918 0.00033899304 6.6185045e-23 3.0088673e-05 0.16175894 0.016478024 0.61534375 2.6834641e-05 0.084197484 0.16813938 0.36784038 0.5972443 0.00012702175 0.27561548 1.7125236e-05 0.13584316 0.14935443 0.19150639 0.008870664 0.027525878 0.0029056978 0.00018686519 0.04140093 0.034164708 1.3195599e-05 0.15680845 7.9799815e-05 6.318449e-05 1.0841781e-05 0.0014268968 1.659169e-06 0.0010634158 0.0014913843 0.23131517 0.00064982363 6.8479285e-06 0.011584099 0.000235688 0.00010312494 5.2167513e-07 0.014290205 0.00035445904 1.3740397e-05 9.87477e-05 0.010681558 1.4658694e-05 8.03913e-06 6.039707e-05 0.00025788453 1.6901782e-05 0.0002596661 0.00032091863 6.998786e-06 2.3083452e-05 0.0025382095 0.0014339124 0.00014282895 0.00019883522 0.00031842123 7.421254e-07 0.0006437787 0.00017807639 7.461229e-05 7.958063e-05 0.0003116813 9.98098e-07 8.958292e-05 6.896752e-05 1.5598289e-06 6.52241e-06 0.00019923021 0.0004980376 2.9751761e-06 0.00020375031 5.0226477e-06 8.809534e-06 3.4850855e-05 8.713253e-06
0.0013799466 0.0054194266 0.00045196354 0.00025029184 0.008309125 0.0028708363 0.0006447747 0.0005581058 0.0010665668 0.5958168 0.00040819435 0.002337938 0.77540624 0.0005670209 0.0039876266 0.8710537 0.002202457 0.9501825 9.8283876e-05 0.0001287423 0.00012561819 0.002304292 0.00047355366 0.00017105673 0.0014395582 3.0088673e-05 2.751831e-18 0.0011206396 3.097056e-06 1.0454319e-05 0.0005839438 1.8691304e-07 0.00056983414 9.971396e-06 4.6672878e-05 0.11926823 1.2634548e-05 0.0021413886 5.430743e-07 0.0014761974 4.986397e-05 6.906895e-05 0.0011995485 7.885651e-05 0.01049124 5.7719673e-05 4.6868692e-05 0.030483533 5.5670636e-05 0.004024924 3.3856522e-05 0.00020416772 0.00034906133 0.15435351 0.0001450761 0.00023839598 7.80302e-06 0.00017373372 0.0006652056 2.0165011e-07 0.00036570572 0.00012578312 7.451672e-05 8.642635e-06 6.312059e-05 1.4219486e-05 0.000109734174 5.7848403e-05 0.0005754682 0.00019249288 8.366283e-05 0.81402475 0.00072073424 5.020064e-07 6.852825e-05 0.00030335438 0.00025858026 1.6200499e-06 0.00021124177 5.163727e-06 6.9961265e-05 0.00016189921 0.0052497303 5.8729796e-07 0.0002109756 0.00013360832 0.001288644 0.0026577588 0.0011789955 1.8285949e-06 3.6397614e-05 0.00040775817 7.175174e-07 0.00097098306 0.01053545 0.0028402626 3.0763001e-06 0.0018202522 0.0002756137 1.08699305e-05 7.2796893e-06
0.7445038 0.019078631 0.05554925 0.009127417 0.25441948 0.0011572231 0.17673638 0.112125225 0.41272888 0.012478453 0.00083470525 0.64475626 0.003619543 0.28775585 0.74576885 0.016636644 0.2306913 0.0062635415 0.11189628 0.18841688 0.0013422063 0.916242 0.07602896 0.85100484 0.029001404 0.16175894 0.0011206396 1.0733488e-19 2.06059e-05 0.09697246 0.011829318 7.891571e-05 0.9429663 0.008149806 0.18775839 0.0015915255 0.381077 0.0018490308 0.00012466962 0.4063936 0.13511947 0.69666445 0.46201152 0.20588568 0.00050590246 0.028853152 0.11143304 0.0011798356 0.019702302 0.0002864956 0.03768464 0.0037833964 0.2309876 0.00037753512 0.13204432 0.02254853 0.059627127 0.14207155 0.00029359836 1.5670931e-06 0.07766375 0.023439428 0.0008589669 0.0022807834 0.00043326162 0.011820651 0.07800328 0.010559511 0.004662693 0.00024954372 0.026522832 9.818137e-05 0.00024548097 2.2052113e-07 0.049538463 0.0020791998 0.000271611 5.688364e-05 0.0026112231 0.00020534835 0.03163534 0.01966052 1.5490566e-07 3.598477e-06 0.002329071 7.269106e-05 0.00039949367 0.0019584482 1.6040454e-05 2.5043273e-06 3.756281e-05 1.3396768e-05 1.5144599e-06 0.00046204857 0.0039433762 1.3249697e-05 1.618207e-05 3.368509e-05 0.0006814557 1.4287274e-05 8.7709295e-06
1.9590334e-07 0.0055597103 0.0035847987 0.021517657 5.8872803e-05 0.008303088 0.00035074298 0.014129823 0.0038558142 0.001596893 0.2929312 0.00045731704 5.4408418e-05 3.6419797e-07 7.1044095e-05 0.00010510667 3.035529e-06 1.6363306e-06 0.080496676 0.0026412616 0.8720781 2.0229189e-05 2.6418245e-06 5.733733e-05 1.6430522e-07 0.016478024 3.097056e-06 2.06059e-05 1.1565173e-21 0.51509476 2.0891796e-06 0.62006897 7.853532e-06 0.03799496 0.0022278982 1.0481093e-05 4.6727033e-05 3.3484732e-06 0.17271185 1.880059e-05 1.4624108e-05 4.0872565e-06 5.4522866e-06 8.4960794e-07 3.3631854e-06 7.629726e-06 8.3639725e-06 2.5171767e-07 2.1306278e-05 4.045456e-06 5.90466e-07 5.5332434e-06 1.954705e-06 2.659716e-07 2.405054e-07 6.2475438e-06 0.0024315193 4.47471e-06 1.5882684e-06 0.12766904 2.6863728e-07 4.382979e-06 4.1480234e-08 0.0001781812 1.5708113e-06 1.7625175e-07 8.8395893e-07 2.7705903e-05 5.0913485e-07 4.9022105e-06 9.56679e-06 1.3327902e-05 9.061853e-06 0.0008022515 7.75827e-06 2.5503263e-07 5.16302e-07 1.3006602e-05 5.6005374e-05 4.9926683e-07 2.0058676e-05 8.386873e-06 1.6096509e-07 0.00014967532 4.418004e-06 5.524678e-07 5.7274974e-05 0.0008923967 2.934589e-06 5.746403e-06 2.5289082e-06 1.3567033e-07 1.4044204e-05 6.751854e-05 0.0036181589 1.0053239e-08 0.00016669788 1.0160576e-06 2.2895629e-05 6.1197447e-06 1.529438e-05
0.0007753451 0.011231887 0.017160458 0.038043987 0.011010858 0.004758691 0.01768769 0.064520486 0.049223997 0.003045247 0.034752574 0.019245604 5.782198e-05 0.0020605742 0.016147617 0.0019915206 0.0020330069 1.7115062e-05 0.60787684 0.17889388 0.80231816 0.019923104 0.00046020662 0.034906052 5.927335e-05 0.61534375 1.0454319e-05 0.09697246 0.51509476 1.7706622e-23 0.00014676942 0.82234746 0.043035466 0.62022287 0.61469615 0.00036564295 0.07905897 0.00096726447 0.71549946 0.03892099 0.030267632 0.0008996309 0.011841976 0.00094830536 0.00012951344 0.0064225765 0.013753456 6.4034507e-06 0.06468893 9.24666e-05 1.3081964e-05 1.3765094e-05 0.00010209452 1.0516571e-06 0.00036794748 0.00020247768 0.28139234 7.780784e-05 0.000108018576 0.17669556 0.00013128576 0.00014628634 1.3508072e-05 0.025058502 0.00014197407 1.5680476e-05 1.2733192e-05 0.0025047618 4.753273e-05 5.6927547e-05 1.7820117e-05 0.00063358876 2.6020163e-05 0.0018533887 5.854733e-05 4.2883024e-05 2.3798664e-06 0.0006550668 4.643677e-05 3.103312e-06 8.8576235e-05 3.6135072e-05 5.1095085e-08 0.0014048646 0.0043004276 8.341442e-05 0.0009752799 0.00031840906 2.2244491e-07 0.00043114898 1.566048e-05 2.2338314e-08 3.203494e-05 0.0025237715 0.0071806964 6.221267e-07 0.00027518428 9.123616e-07 0.00043013273 3.5778908e-06 4.8255138e-06
0.87738264 0.0019367045 0.00050072285 0.0012453374 0.00628686 0.00041155634 0.001468649 0.0003977801 0.0008172362 0.0023984623 9.916739e-05 0.0005249197 0.0022128755 0.016085822 0.007960083 0.045122385 0.15535215 0.0056402553 0.00015690313 0.00032922433 0.0002478815 0.119267605 0.8670518 5.4473734e-05 0.96026844 2.6834641e-05 0.0005839438 0.011829318 2.0891796e-06 0.00014676942 4.9665754e-21 2.8608686e-06 0.0017757628 4.4335407e-06 4.0217313e-07 0.017519582 0.00032520943 0.7821672 3.154749e-05 0.00036392233 2.9232973e-05 0.15412846 0.0028966921 0.4560844 0.023842258 5.1233715e-06 6.9069974e-06 0.0077525787 1.26856075e-05 0.034858312 0.15580343 0.92691845 0.0038819695 0.003643542 0.0007150999 3.411785e-06 1.1518245e-05 0.06156614 0.13710135 2.1897943e-06 0.01577598 0.40736088 0.27351078 5.6239987e-06 3.164919e-07 0.1758608 0.009683856 5.4530205e-06 0.3525355 0.029423466 0.06327065 0.00017892705 0.021955503 1.9427086e-06 0.012786535 0.20594677 0.012279241 3.7534986e-07 0.00043501338 6.4134865e-06 0.0303644 0.0059372163 5.0348168e-05 2.3235796e-06 0.14924854 0.046951976 0.07933617 4.678969e-05 0.0025506308 6.614555e-06 2.7138043e-05 0.006095581 3.0160481e-06 0.10145656 0.12459399 0.00091629126 7.762051e-06 0.0074540745 0.08017152 6.3580924e-06 1.6683736e-06
