1.8187082e-28 0.4750604 0.26166704 0.76723576 0.5682824 0.6117252 0.37025034 0.8093796 0.7468374 0.5627324 0.8526564 0.94268787 0.63856107 0.18112703 0.09004588 0.32565388 0.06570911 0.89373124 0.25337708 0.5875516 0.6459744 0.62729025 0.7330328 0.1982806 0.43607336 0.053985063 0.39782208 0.63471174 0.47171113 0.9710017 0.063238375 0.6324265 0.7446486 0.43231443 0.2224855 0.43499017 0.5201211 0.035475872 0.7909559 0.9469298 0.0056291376 0.54172325 0.85137594 0.34226382 0.089441754 0.4258936 0.00031638224 0.0045921556 0.7560134 0.34807366 0.9636933 0.0013994589 0.00013183706 0.9973494 0.0010855967 0.006278708 0.0007085011 0.0009928682 0.5655967 2.8219773e-05 0.96072865 1.0170338e-06 0.99992085 0.87213194 0.8698111 0.99894226 0.88080174 1.7968166e-06 2.0577914e-05 0.9907297 0.03965547 1.38324185e-05 0.80988646 0.000124718 0.74674755 0.05560693 1.8022618e-08 2.9835522e-08 0.00020741613 0.1391445 0.011549557 0.99929047 0.4339591 0.9618392 6.777154e-07 0.99968135 0.99920964 0.0029726578 0.012396356 0.3785539 0.00011356128 1.16226516e-07 0.997589 0.45563766 0.15761237 0.99153924 0.015843997 5.315904e-09 1.1590536e-06 0.9982239 2.2916028e-07
0.4750604 1.9648734e-20 0.9896991 0.44888565 0.49091274 0.34775132 0.5919142 0.14297403 0.68022496 0.060838837 0.6038398 0.097560585 0.15083647 0.28786004 0.42549124 0.044038888 0.19178538 0.55920076 0.16124354 0.00617669 0.08869897 0.0018071656 0.0012525237 0.11952627 0.0020616632 0.06919485 0.006466298 0.00016648103 0.00011580184 0.057492524 0.036211967 0.011030192 0.028187321 1.1088393e-05 7.649553e-05 8.047276e-06 0.034934483 0.021758404 0.025747655 0.0130979065 0.09307496 2.2294178e-06 0.028094415 1.4165311e-06 0.005772815 0.00091568544 0.0027853402 0.086115226 1.13724645e-05 5.379341e-07 0.043097258 0.0050390256 0.016714785 0.0055712834 0.00068231765 0.0006002457 0.00045763337 0.0028466037 1.353286e-06 0.0040830974 0.0062336386 0.00031091392 0.029504685 0.01106756 0.00010829873 0.01848479 0.0006371687 1.7644195e-05 0.0013990826 0.0010140804 4.672231e-07 4.36818e-05 0.0027626487 0.00025524595 2.7706856e-05 1.1822114e-08 0.00016786646 0.00013645025 0.00016690373 2.0016233e-07 0.00020429297 0.00042503764 1.5762045e-06 1.150127e-06 1.9594943e-06 0.023734849 0.0052321344 0.00014904857 3.2929338e-06 4.3175252e-08 8.177831e-06 2.6872644e-05 4.930057e-05 0.0021097462 7.870871e-09 2.9724138e-08 0.00022363727 1.2625158e-06 2.858732e-05 0.005435524 2.8645627e-06
0.26166704 0.9896991 7.1888765e-21 0.5070722 0.80153006 0.6535609 0.47284812 0.18810727 0.5041593 0.06269135 0.39920488 0.1253166 0.35082704 0.08016848 0.18856642 0.04273671 0.08033059 0.6419391 0.06170963 0.011404658 0.17463957 0.0076780873 0.0059162746 0.052168366 0.0101773925 0.024631623 0.014020867 0.0012317165 0.0007720432 0.030354822 0.011762383 0.017381389 0.0386963 0.00023621433 0.000767971 0.00011957957 0.011400715 0.0077650207 0.054121837 0.011645143 0.015111981 0.00024202342 0.02566789 4.151386e-05 0.0013913771 0.0020467343 0.00044626434 0.010609478 0.00022311023 1.2095054e-05 0.029507902 0.0007535276 0.0010085419 0.008119466 0.00018232613 0.000437391 0.00023358998 0.0008203225 3.3984725e-05 0.0011479388 0.005477181 4.8833248e-05 0.019751878 0.010135801 0.0008447898 0.018898824 0.0023608867 8.639958e-06 0.0003334468 0.0030333647 6.3202897e-06 5.2368294e-05 0.0029999681 0.00015388464 0.00030021276 1.6189325e-07 0.00011022745 7.998214e-05 2.3809594e-05 3.3982824e-06 0.00020746916 0.001169037 2.4152284e-06 5.011225e-05 8.386793e-06 0.0136888 0.0069002267 0.00015084521 1.0967824e-05 6.0118117e-07 9.404577e-06 3.733882e-06 0.0002054939 0.0011849595 2.0492507e-07 3.938242e-07 8.565926e-05 8.2446144e-07 1.0202304e-05 0.002993842 4.9681767e-06
0.76723576 0.44888565 0.5070722 1.1368312e-18 0.46180993 0.23500974 0.9659616 0.9394609 0.26208904 0.8950813 0.06734973 0.45419767 0.061761305 0.56634235 0.5017422 0.6935265 0.28419122 0.1699238 0.049179927 0.16771615 0.024188621 0.008062056 0.0015729544 0.0093450295 0.0033349565 0.015757162 0.24243414 0.0032087883 0.00019826755 0.021590156 0.0053288 0.009503138 0.028772818 0.00025965372 0.003130312 0.0016943753 0.002759209 0.43711135 0.009358862 0.01492093 0.06523644 0.0018783279 0.013518481 0.00023075653 0.00069181976 0.0009133602 0.0019992152 0.14159797 0.000650266 4.323696e-05 0.009147825 0.075572066 0.17215863 0.0042027454 0.018022122 0.024036625 7.776622e-05 0.00042688372 5.3422613e-05 0.077025525 0.0036230376 0.0055545354 0.011707942 0.0071374755 0.00066180824 0.007228927 0.0021449071 0.00085283857 0.01010256 0.00467192 1.7201781e-06 0.007581994 0.0023864505 0.0021000265 0.00011542905 2.7628727e-07 0.00044849698 0.000699962 9.576749e-06 2.576934e-05 4.2623993e-05 0.001901157 1.1136177e-05 5.5700908e-05 9.090214e-05 0.0065188506 0.0015773047 7.589887e-05 2.7499236e-05 2.6017794e-08 5.6630703e-05 6.6816545e-05 6.567879e-05 0.000291183 2.0015193e-08 1.0563151e-06 7.6040145e-05 1.8110171e-05 7.160447e-06 0.001358285 1.5294008e-06
0.5682824 0.49091274 0.80153006 0.46180993 2.699105e-22 0.98489946 0.333759 0.37454462 0.1481413 0.11524952 0.08124943 0.4716092 0.46975258 0.0374695 0.09019655 0.062548354 0.026619632 0.47565493 0.015421498 0.020948345 0.27071196 0.03324073 0.026675917 0.0051634223 0.031143535 0.0028995222 0.02106971 0.002840623 0.002709898 0.010609533 0.00084751734 0.094885424 0.21454959 0.00089491555 0.00075846195 0.00018208024 0.0013632949 0.012552166 0.051765583 0.08737443 0.009908411 3.1533233e-05 0.037931003 5.056432e-05 0.00012227334 0.0068089804 0.00023559049 0.006523486 0.0004388354 1.5826596e-05 0.039944664 0.0012783603 0.0002325484 0.02568888 0.00023365502 0.00024663244 3.725507e-05 7.074809e-05 3.7263282e-05 0.0006281179 0.0019629004 2.0782629e-05 0.04221515 0.001676572 0.00117388 0.022818908 0.0061304495 2.532422e-06 0.000116989344 0.0058010137 3.767397e-06 1.9279692e-06 0.0002722996 5.3754804e-05 0.0004047407 5.470628e-07 1.6871136e-05 0.00010184626 2.1001986e-06 9.797219e-06 1.14341365e-05 0.002600346 1.7325217e-05 9.74794e-05 1.210972e-06 0.008806271 0.0033174984 2.2484606e-05 6.1231362e-06 1.4887979e-06 5.2427736e-06 2.355315e-05 0.0009152328 0.00017316126 3.40409e-07 5.1824986e-06 2.7576918e-05 3.052031e-06 3.969704e-06 0.0019373066 2.8773337e-07
0.6117252 0.34775132 0.6535609 0.23500974 0.98489946 3.0335062e-21 0.122603916 0.32848096 0.080509715 0.10914788 0.028032094 0.5713616 0.64176804 0.015159152 0.040810622 0.03561394 0.0132071 0.3153034 0.0077073416 0.035749227 0.34652013 0.05801909 0.119236335 0.0041619944 0.07589859 0.0038563085 0.024245873 0.006692063 0.009231471 0.0076383385 0.001535958 0.23730841 0.29448345 0.0019700567 0.0036830418 0.0005396684 0.00095640856 0.0060318783 0.05660035 0.15094359 0.0027864282 0.00031225797 0.04697766 0.0001477763 4.8263075e-05 0.018892536 7.4078685e-05 0.0018532536 0.0033846842 8.42997e-05 0.05016578 0.0005163929 2.7028942e-05 0.06502346 0.00035231965 0.00015441622 1.8863953e-05 1.867395e-05 0.00048779696 0.00049841014 0.0019568873 2.6452478e-06 0.09913012 0.0025867238 0.0071662925 0.04682299 0.026004706 1.1223384e-06 0.00022682504 0.01979275 1.10979245e-05 2.2219804e-06 0.0007571278 4.2626493e-06 0.0032887443 1.5438528e-06 1.6464795e-05 1.7464714e-05 1.8461876e-06 0.000114783805 2.0033996e-05 0.011330316 1.754985e-05 0.00050623814 7.3889805e-07 0.020406917 0.006623803 1.3173996e-05 4.254249e-07 5.707418e-06 2.9151918e-06 2.6793432e-06 0.0032606346 0.00037144157 1.378157e-06 5.8155456e-05 1.6154701e-05 2.78398e-06 3.2258292e-06 0.0014025747 1.2516978e-07
0.37025034 0.5919142 0.47284812 0.9659616 0.333759 0.122603916 7.7844354e-18 0.27580085 0.5756283 0.41926077 0.13116989 0.3166939 0.050113894 0.9598553 0.6898369 0.36723888 0.44028375 0.16041522 0.14237414 0.058724724 0.006589041 0.0048420313 0.0009527485 0.007745843 0.0029488802 0.024963386 0.028420517 0.003845482 3.6639136e-05 0.012902469 0.006329537 0.0006287067 0.0048924754 9.546325e-05 0.0007176294 3.3063094e-05 0.002399049 0.13946699 0.004844939 0.000538514 0.08230715 6.97179e-05 0.0021311836 9.3977134e-05 0.0007253304 0.00027388934 0.004839822 0.2267882 0.00012103047 6.942725e-06 0.0017454326 0.041740235 0.18917301 0.00022899418 0.00458489 0.0036497426 0.00019986012 0.00033010056 1.2221801e-05 0.014430023 0.00055053656 0.014190863 0.0005905133 0.0024251163 0.00021143991 0.0010099728 0.0013773531 0.0029147458 0.0025847068 0.00028983792 2.8184093e-06 0.003254842 0.00084624125 0.0007113965 9.064053e-05 2.277321e-06 0.0013737548 0.0010174001 5.5565265e-06 2.805132e-05 0.00014291792 0.00029786598 1.9884423e-05 1.2664234e-05 6.061258e-05 0.00059880636 0.00061344786 3.8343584e-05 1.5830892e-06 1.1871883e-06 2.109932e-05 1.6869479e-05 9.922622e-05 0.00015557063 2.3985876e-07 4.885134e-06 3.2080738e-05 1.4304017e-05 1.3371648e-05 0.00023147283 1.4503315e-05
0.8093796 0.14297403 0.18810727 0.9394609 0.37454462 0.32848096 0.27580085 1.4649112e-21 0.046808656 0.96302885 0.02414214 0.9035902 0.16376086 0.07203143 0.07593649 0.6396933 0.028634174 0.18916376 0.0072814184 0.50239193 0.106365465 0.17885938 0.073523715 0.0017001253 0.09157132 0.0029924805 0.43819985 0.08186341 0.007831694 0.0034216226 0.00034418268 0.09578789 0.12539673 0.0063829473 0.040673513 0.010715729 7.7763034e-05 0.08991545 0.01911255 0.11004684 0.004759964 0.009615181 0.026610032 0.0026055677 1.2574086e-05 0.017723395 0.00019436207 0.010055342 0.014387549 0.0014487114 0.026545046 0.010310971 0.0029685572 0.057538517 0.0053426283 0.0080144545 1.6640935e-05 6.620781e-05 0.0035928092 0.0022885555 0.0006522647 0.00019591262 0.05521304 0.0022132292 0.023513881 0.024930371 0.047450714 2.458993e-05 0.0020022967 0.047749013 4.697927e-05 0.00015530337 0.00052796927 0.0010944473 0.005515319 7.825735e-06 4.727581e-05 6.084848e-05 6.310665e-06 0.0010800782 1.1411685e-05 0.024597421 0.00022991147 0.0012879486 1.33778085e-05 0.0057360795 0.003946789 5.3337776e-06 2.1861957e-05 2.0357452e-06 6.6466564e-05 6.805455e-06 0.0049310187 0.0003488565 1.3456777e-06 0.00024964366 6.2911117e-06 1.0554275e-05 5.711523e-06 0.0015621849 4.3894354e-07
0.7468374 0.68022496 0.5041593 0.26208904 0.1481413 0.080509715 0.5756283 0.046808656 4.0873308e-19 0.030741531 0.8865792 0.11325002 0.07498312 0.6168792 0.77184176 0.008908075 0.5004529 0.38355306 0.947116 0.0015021329 0.034228083 0.00072084425 0.0009969318 0.6429098 0.0018067536 0.7236409 0.00029792282 0.00013602748 2.3773926e-05 0.3820331 0.5088885 0.0027291183 0.028671136 7.290875e-06 5.212328e-06 1.097012e-06 0.20292576 0.0026683835 0.06366075 0.005399397 0.60692245 9.670458e-07 0.023917587 4.6577925e-06 0.04939324 0.0001683646 0.060462553 0.38218948 8.441025e-05 3.5474986e-06 0.02886063 0.0005822888 0.040515773 0.00088539463 8.3250874e-05 4.965782e-05 0.020570049 0.030124146 4.2663264e-06 0.00063680083 0.012774645 0.0036294789 0.0041989177 0.013675667 0.00018849898 0.017584445 0.0012591438 0.00018902391 0.00016934755 0.0014474603 1.5441799e-06 0.00012754455 0.004226915 0.00016969579 4.2748357e-05 1.2487333e-06 0.00081834174 0.0005519765 8.4416366e-05 7.71145e-06 0.00028801602 0.0010627577 5.209952e-06 4.8678617e-06 1.7341054e-05 0.006693288 0.0062920125 0.00032438705 2.3403347e-06 1.5876399e-06 2.8267646e-06 0.00059501856 8.942748e-05 0.0047077294 4.9865343e-07 7.800828e-07 0.00036014605 2.0083598e-05 3.9031664e-05 0.005913908 4.2579184e-05
0.5627324 0.060838837 0.06269135 0.8950813 0.11524952 0.10914788 0.41926077 0.96302885 0.030741531 7.8668156e-21 0.008558136 0.6531336 0.039689995 0.11121256 0.10257067 0.96106225 0.07520916 0.048151318 0.004176507 0.45924777 0.020984251 0.05404361 0.009894096 0.00074973353 0.018347321 0.0008300523 0.4750167 0.06487927 0.0032564315 0.0036332158 0.00031431287 0.017246222 0.025356231 0.007895433 0.046934716 0.026929636 0.00014498593 0.3957684 0.0050523086 0.0135644805 0.0077727037 0.045746583 0.006382664 0.0038750712 4.311278e-05 0.0021543535 0.00035205987 0.10027687 0.0045811897 0.0013493885 0.0034315076 0.07863891 0.040119797 0.005654994 0.027726391 0.044886768 1.5788743e-05 6.190397e-05 0.0019217024 0.031819485 0.00035787336 0.001984832 0.004910612 0.0019696471 0.006127232 0.0025361127 0.0069632055 0.00033413534 0.010683112 0.010695895 0.00033781878 0.0057298224 0.00032337825 0.005408808 0.0027060574 5.412621e-05 0.00015335898 0.0001595787 7.1427285e-06 0.0010384266 1.106396e-05 0.008185537 0.0017892184 0.0011074143 0.00025581568 0.0013147729 0.00045841414 9.957408e-06 0.00046692183 2.0540407e-05 0.00011620386 3.100394e-05 0.001967402 2.4069217e-05 1.307463e-05 0.0001589405 1.6655367e-05 6.90375e-06 9.054714e-07 0.00018228528 2.3554993e-07
0.8526564 0.6038398 0.39920488 0.06734973 0.08124943 0.028032094 0.13116989 0.02414214 0.8865792 0.008558136 9.188696e-18 0.0105260955 0.049585976 0.06610898 0.18811071 0.0015115 0.071728066 0.74448574 0.38408858 5.1983363e-05 0.036033593 5.2820666e-05 0.00048700836 0.8780114 0.00018478186 0.4840877 4.6531415e-05 3.862775e-06 3.5416947e-06 0.8867975 0.22533773 0.006011483 0.021912485 3.7611272e-07 5.6432486e-06 5.34356e-07 0.63674486 0.00027966686 0.17552538 0.007911926 0.13465421 4.4329082e-07 0.07952875 3.0770764e-07 0.07096342 0.00015651829 0.011488264 0.038342938 1.3012632e-05 1.257062e-07 0.118089914 0.0004093902 0.0025770841 0.00628606 9.962118e-06 1.2457768e-05 0.013807957 0.028568055 9.5174806e-07 0.00081939204 0.09801211 0.00020323797 0.055203404 0.12288362 0.0002165447 0.07210231 0.0010773988 2.5773097e-05 0.00013858438 0.0009985142 1.14593306e-07 6.494943e-06 0.035011183 2.6158676e-05 1.7430704e-05 2.4426868e-08 0.00021001928 0.00010780597 0.0045914617 3.084309e-07 0.005359017 0.00037315057 3.232842e-06 3.7946086e-07 1.6252758e-06 0.10469081 0.06493911 0.0024353347 3.2806843e-06 4.589771e-08 9.539826e-07 0.00014988416 2.6887386e-05 0.019104522 4.212751e-08 3.1485854e-08 0.0014324194 8.987326e-07 0.0012538827 0.029535998 0.00015825382
0.94268787 0.097560585 0.1253166 0.45419767 0.4716092 0.5713616 0.3166939 0.9035902 0.11325002 0.6531336 0.0105260955 1.3526797e-19 0.22073838 0.06559785 0.06915905 0.36570558 0.016792715 0.08535672 0.007596549 0.92858726 0.12333475 0.8743683 0.5668783 0.002026332 0.62720865 0.003673229 0.47448486 0.47437137 0.1434213 0.0023163273 0.003115161 0.27100164 0.3874968 0.08894012 0.12078692 0.08399824 9.850288e-05 0.057024926 0.01299906 0.3427906 0.0052728415 0.033595618 0.027592923 0.015988642 3.5955218e-05 0.08757977 3.918346e-05 0.0053107953 0.079731435 0.008056307 0.058784623 0.002940248 0.000996126 0.3014014 0.0024861956 0.010619529 1.8409755e-05 6.850068e-05 0.023777435 0.0010932095 0.00065640756 0.0020180615 0.49984568 0.0010421604 0.09746118 0.10075658 0.12495415 1.9188354e-05 0.0012029005 0.24233313 0.0006918828 1.2421791e-06 0.00027904529 0.00097376504 0.024960298 2.9273706e-05 0.00017401065 0.00034367607 3.972059e-06 0.0054206587 3.0713443e-05 0.10303191 0.00075096433 0.008452468 2.838172e-06 0.0146258045 0.014031166 1.7810153e-06 0.00027151208 1.0435751e-05 3.2771615e-05 0.00014257977 0.011727448 8.1894716e-05 2.0455986e-06 0.0011008311 6.7473825e-06 5.729322e-05 1.7663278e-06 0.0013533223 3.0548136e-07
0.63856107 0.15083647 0.35082704 0.061761305 0.46975258 0.64176804 0.050113894 0.16376086 0.07498312 0.039689995 0.049585976 0.22073838 2.3383703e-20 0.00694458 0.02035402 0.00846002 0.0055994103 0.8358768 0.012958868 0.009767949 0.9842296 0.021978317 0.060000755 0.020763084 0.03724718 0.0065777684 0.007972029 0.0018764918 0.005230446 0.020435788 0.0036944079 0.23731449 0.5618787 0.0007470308 0.0011667877 0.0005555608 0.006275086 0.0008263158 0.112300865 0.22731271 0.002369943 4.0719646e-05 0.10033638 0.00012289714 0.00052799337 0.011846691 8.169696e-05 0.0003819444 0.00089287385 4.7059442e-05 0.10054561 0.00038673184 1.541407e-05 0.06326315 0.000107027314 0.00017214222 3.549626e-05 0.0001797857 0.000121253324 0.0002736799 0.0045308173 2.1065262e-05 0.13533284 0.0040384694 0.0021471 0.06767399 0.015264502 2.8482387e-07 6.948676e-05 0.0108107375 1.101221e-05 4.294091e-06 0.0006560927 4.4708304e-05 0.0008433316 1.9797355e-06 4.894134e-06 9.393453e-06 1.2085797e-05 5.2605155e-05 3.703177e-05 0.006646244 3.808556e-05 0.00024199247 1.8457316e-06 0.036892965 0.012301159 0.00013390477 5.7999728e-06 1.3230585e-06 4.2059064e-06 4.8568627e-06 0.00126246 0.000784602 7.690126e-07 3.7583883e-05 0.00013510218 2.3589623e-06 1.1329121e-05 0.0021477975 9.766169e-07
0.18112703 0.28786004 0.08016848 0.56634235 0.0374695 0.015159152 0.9598553 0.07203143 0.6168792 0.11121256 0.06610898 0.06559785 0.00694458 1.2036394e-20 0.9476068 0.098882236 0.9641475 0.018401025 0.31023732 0.010402664 0.0025716606 0.0017313806 0.00025813823 0.0025663136 0.0010908834 0.012015309 0.005344445 0.0019337746 2.3451104e-05 0.011692566 0.006060123 0.0006373382 0.0014538129 4.4273864e-05 0.00012382772 1.4619659e-05 0.0011823452 0.03168662 0.0021566271 0.00024969794 0.17444941 1.12603675e-05 0.0006397943 6.189164e-05 0.0005669712 7.566775e-05 0.015734449 0.71906394 2.7323906e-05 1.7851551e-05 0.0004102821 0.010224801 0.35761583 7.947703e-05 0.00076139125 0.00027627056 0.00076281687 0.0005194129 4.949261e-06 0.026749047 2.9491544e-05 0.0687739 0.00016429716 0.00046595986 6.7492525e-05 0.00029053228 0.00037195842 0.010595119 0.0003855617 0.00051887974 1.40715e-05 0.0068337717 0.00028347882 0.00013410363 2.8712402e-05 1.3637414e-06 0.0026299118 0.008379887 4.367453e-06 2.307038e-05 4.601756e-05 0.00060816255 2.1314956e-05 1.4697582e-05 4.8837017e-05 0.00010526937 0.00030805924 4.5408717e-05 9.149054e-06 6.356225e-06 9.503038e-06 0.0026004007 0.00015490162 6.85871e-05 8.6708906e-07 1.1879596e-06 6.7976354e-05 0.00038625175 1.2505942e-05 3.695937e-05 1.4184678e-05
0.09004588 0.42549124 0.18856642 0.5017422 0.09019655 0.040810622 0.6898369 0.07593649 0.77184176 0.10257067 0.18811071 0.06915905 0.02035402 0.9476068 2.0619983e-21 0.07319225 0.94889945 0.050968997 0.5494265 0.013482726 0.00621417 0.0024200887 0.0011015321 0.03364118 0.0015792787 0.07309986 0.0023444206 0.0019712015 8.4549065e-05 0.036399767 0.028203465 0.0022278514 0.0034613993 4.8111655e-05 5.560734e-05 6.4450387e-06 0.006812708 0.019544521 0.0047369036 0.00090813584 0.46677354 3.3290617e-05 0.0028306765 9.5722615e-05 0.0046886336 0.00016815726 0.059650008 0.6948194 0.00013627198 2.2228354e-05 0.0022850651 0.008220145 0.25095597 0.00025644345 0.0004287068 0.00011193275 0.0014183319 0.0017351329 1.6402966e-05 0.003185675 0.0007346559 0.07269986 0.0011070837 0.005439675 0.000106483945 0.0013365694 0.00094536843 0.0031024292 0.00014578288 0.00082191767 2.3845757e-06 0.00066563935 0.0044546598 7.353522e-05 1.7084307e-05 2.996548e-07 0.0025049257 0.008287236 9.899135e-05 1.6717446e-05 0.0005391373 0.0010017657 4.90869e-06 2.7220465e-05 1.6632288e-05 0.00077489903 0.00096362625 0.00015263935 5.0846693e-06 1.7293266e-06 9.932176e-07 0.0023684595 5.9583024e-05 0.0007225494 5.6445975e-07 9.3878054e-07 5.444117e-05 0.00020950394 5.590042e-05 0.00080345926 1.1315938e-05
0.32565388 0.044038888 0.04273671 0.6935265 0.062548354 0.03561394 0.36723888 0.6396933 0.008908075 0.96106225 0.0015115 0.36570558 0.00846002 0.098882236 0.07319225 5.0654016e-21 0.031587586 0.010103336 0.00046691962 0.53762436 0.003199647 0.010966612 0.00064390304 6.112416e-05 0.002136931 0.0001163701 0.9311955 0.02283474 0.00035123285 0.00022745103 1.362211e-05 0.0020322916 0.004200788 0.0015364913 0.09402802 0.03604764 1.2818309e-05 0.94841516 0.0012183957 0.0027577423 0.0018286431 0.0983259 0.0011706151 0.0072896383 1.4658974e-05 0.00063531013 0.00020041878 0.04689721 0.00067805324 0.0008109599 0.0006055253 0.36856017 0.059705805 0.0013691267 0.24310009 0.4854405 3.7690395e-06 7.5942417e-06 0.00036641004 0.09668457 9.785263e-05 0.0028616576 0.0017289385 0.0005145846 0.00069029647 0.001078219 0.0016559161 0.0008205752 0.04267904 0.0021222464 0.00020916497 0.011824761 0.0001071328 0.03609182 0.0004206852 8.0798476e-05 0.0002662547 0.00010339181 1.04192424e-07 0.0004605622 3.801429e-07 0.0018984113 0.0011534685 0.00016080867 0.001556622 0.0012437878 6.611216e-05 2.414671e-06 0.00078442995 2.1139433e-06 0.00075000955 2.6699386e-06 0.00018911045 1.8526589e-06 6.274883e-07 5.70815e-05 7.734492e-07 8.8537547e-07 1.342105e-07 2.7037242e-05 2.4764633e-08
0.06570911 0.19178538 0.08033059 0.28419122 0.026619632 0.0132071 0.44028375 0.028634174 0.5004529 0.07520916 0.071728066 0.016792715 0.0055994103 0.9641475 0.94889945 0.031587586 7.348711e-17 0.013957371 0.42594483 0.008095738 0.0035628204 0.0006700982 3.540758e-05 0.009618529 0.00033468805 0.041809704 0.0042201905 0.00064338464 6.762625e-06 0.014930118 0.033390786 0.00042184984 0.0007289102 1.9846475e-05 1.6817019e-05 7.892289e-06 0.004768463 0.019552905 0.0017298044 0.00047729874 0.43170822 1.7211396e-06 0.00083785993 5.433111e-05 0.0045620063 5.2668205e-05 0.079788916 0.8822607 4.1834446e-06 4.403916e-06 0.00025334052 0.015584782 0.28058863 0.00017808861 0.00060873 0.00021495586 0.0022767014 0.0020282778 8.5864696e-07 0.014277414 0.00019129676 0.13344899 0.0009099087 0.0010266546 2.3052873e-05 0.00031308242 6.8240966e-05 0.011062251 0.0004046384 0.0003873196 2.7021388e-05 0.003746722 0.00075498706 0.00037380296 8.0390455e-06 1.1922576e-06 0.0073289108 0.016726345 3.8698196e-05 2.0104391e-05 0.0004940777 0.0006827694 2.6191788e-06 6.638645e-06 6.634171e-06 0.0007040513 0.00032901936 0.00023263315 8.340452e-06 8.657988e-06 2.5183567e-06 0.012205448 0.0001645231 0.0008631932 3.2434928e-06 2.879479e-06 0.0002874357 0.00052726705 2.040306e-05 0.00015913174 6.3739863e-06
0.89373124 0.55920076 0.6419391 0.1699238 0.47565493 0.3153034 0.16041522 0.18916376 0.38355306 0.048151318 0.74448574 0.08535672 0.8358768 0.018401025 0.050968997 0.010103336 0.013957371 1.8159157e-19 0.06531354 0.0026224933 0.94749343 0.003620537 0.0079132505 0.25028676 0.008760522 0.067347676 0.0065044556 0.00017307836 0.0007247091 0.6352353 0.03919499 0.046525586 0.114899516 4.344549e-05 0.0008537129 0.00010300385 0.1206101 0.001065415 0.90986097 0.058175143 0.0068036215 2.6208094e-05 0.42105082 1.9336307e-05 0.007819287 0.0033248214 0.00024651908 0.00086844515 0.00011545184 1.9564973e-06 0.27062634 0.00018295422 0.0004064969 0.027705928 6.162736e-05 0.00010843619 0.00034250665 0.0014082725 7.956094e-06 0.0022744844 0.0843078 0.00016045189 0.17151518 0.07264421 0.0012228336 0.17230132 0.0064036534 1.2575674e-06 0.00010526978 0.010810665 5.276274e-06 2.7428074e-05 0.013074706 0.00015293951 0.0004093904 3.187937e-08 6.78474e-05 2.7890948e-05 0.00052057457 1.8535089e-06 0.00091149076 0.003169497 1.2665412e-06 2.0843407e-05 3.3628035e-06 0.21556936 0.08011087 0.0010441829 8.1937715e-06 1.5852994e-08 2.19073e-06 7.4382065e-06 0.00013629913 0.010368084 1.7695675e-09 4.3245723e-08 0.0011014086 1.2629217e-06 7.311343e-05 0.015978187 1.7732098e-05
0.25337708 0.16124354 0.06170963 0.049179927 0.015421498 0.0077073416 0.14237414 0.0072814184 0.947116 0.004176507 0.38408858 0.007596549 0.012958868 0.31023732 0.5494265 0.00046691962 0.42594483 0.06531354 2.5606675e-18 0.00016895877 0.0050922595 5.5984437e-05 2.3877263e-05 0.47599107 3.7467216e-05 0.8516812 9.094302e-06 6.667991e-06 4.1973215e-07 0.19151124 0.90034264 0.0003029118 0.0025907715 2.9845498e-07 1.688356e-07 7.605628e-08 0.18587594 8.158539e-05 0.004920529 0.0004743528 0.909804 1.4409173e-08 0.0023733545 1.9055649e-07 0.2513969 3.0636115e-06 0.4120468 0.5627714 1.2569054e-06 1.8253132e-07 0.0034166807 6.2470346e-05 0.041766513 0.00022096564 3.3726958e-06 1.5604508e-06 0.30279347 0.22876167 2.4314207e-07 0.00022608189 0.003666469 0.016273737 0.0015796861 0.0086237285 7.019608e-06 0.0013846718 1.5769405e-05 5.2254552e-05 1.1241934e-05 0.00020537342 2.3689664e-07 1.39036365e-05 0.00889133 5.3341237e-06 1.3640131e-06 2.2914247e-08 0.0015213564 0.005870382 0.005697746 1.4139466e-06 0.0038696262 0.00019290895 1.0060251e-06 7.120443e-07 5.1450894e-07 0.0009826474 0.0006242104 0.0006173321 3.0761726e-07 1.3770095e-07 6.8427575e-08 0.039615285 7.256268e-06 0.0024969857 4.4777657e-08 8.765787e-08 0.00015737308 0.00049603794 0.00027500512 0.0016385645 0.00016709212
0.5875516 0.00617669 0.011404658 0.16771615 0.020948345 0.035749227 0.058724724 0.50239193 0.0015021329 0.45924777 5.1983363e-05 0.92858726 0.009767949 0.010402664 0.013482726 0.53762436 0.008095738 0.0026224933 0.00016895877 1.0379949e-18 0.0074695027 0.30150387 0.033901602 7.419076e-05 0.0557856 0.0001809492 0.94213164 0.9544612 0.034165703 1.6637046e-05 1.9122444e-05 0.019789154 0.009841303 0.17865442 0.5025786 0.49775144 1.4099091e-05 0.14362134 0.0005519723 0.014881665 0.0016438634 0.45070475 0.0007064672 0.18574719 1.6892905e-05 0.014634069 5.7145447e-05 0.0053776647 0.033194732 0.046037957 0.00057100045 0.02311978 0.0024778224 0.016166408 0.02043878 0.12787399 9.820091e-06 3.8789683e-05 0.02655419 0.00184923 2.6941005e-05 0.0007008291 0.0031090605 2.2850953e-05 0.019577626 0.001184402 0.018801866 3.980138e-05 0.0014806585 0.022922704 0.003449937 0.00016365976 3.5720353e-05 0.006354753 0.018847411 0.0014943265 3.85187e-05 0.00013915356 3.5193028e-07 0.011721807 3.645954e-06 0.019156821 0.025035517 0.0062080068 2.0291754e-05 0.000731067 0.00027906845 2.5252593e-06 0.003296532 0.0003184297 0.00018456453 0.00022364045 0.008491609 2.4129467e-06 0.000519602 0.004391002 8.832971e-06 4.6002166e-05 9.27012e-07 0.00017494262 1.3728372e-07
0.6459744 0.08869897 0.17463957 0.024188621 0.27071196 0.34652013 0.006589041 0.106365465 0.034228083 0.020984251 0.036033593 0.12333475 0.9842296 0.0025716606 0.00621417 0.003199647 0.0035628204 0.94749343 0.0050922595 0.0074695027 7.209587e-20 0.02428717 0.091202244 0.01874557 0.059592675 0.0050014784 0.0060008406 0.0013370971 0.0025541042 0.043494914 0.0023587274 0.2688191 0.6668326 0.0006222241 0.0022967984 0.0006177108 0.00667409 7.983193e-05 0.33127058 0.24799068 0.00020324069 0.0001810662 0.35217813 9.896671e-05 0.0005033679 0.014662701 5.047545e-06 4.797809e-05 0.0014709507 2.2302354e-05 0.16974747 4.946092e-05 3.9456427e-06 0.09142326 3.3360153e-05 2.5009605e-05 8.354869e-06 8.9942114e-05 0.00020239197 0.0003144262 0.010318885 4.5439065e-06 0.22555101 0.009511077 0.0036180678 0.119804144 0.020282978 1.7127437e-07 0.000290906 0.016774971 1.8421926e-05 5.331461e-07 0.0018337258 7.1636197e-07 0.0017010319 5.212569e-07 2.329446e-06 6.7674955e-06 2.2079108e-05 5.3442895e-05 0.00012711737 0.0087799225 2.888481e-06 0.00024160485 4.465359e-07 0.09519906 0.026946342 7.449732e-05 3.284884e-07 5.2313584e-07 1.9903632e-06 1.1193732e-06 0.0016541625 0.001179582 7.24097e-08 5.801229e-06 0.00010393306 5.966826e-07 9.002738e-06 0.0030999314 9.246652e-07
0.62729025 0.0018071656 0.0076780873 0.008062056 0.03324073 0.05801909 0.0048420313 0.17885938 0.00072084425 0.05404361 5.2820666e-05 0.8743683 0.021978317 0.0017313806 0.0024200887 0.010966612 0.0006700982 0.003620537 5.5984437e-05 0.30150387 0.02428717 9.565116e-20 0.13899507 0.00014815744 0.8023269 4.4861416e-05 0.12111606 0.84548455 0.96805066 1.860821e-05 0.00010279189 0.16875373 0.052113455 0.6423692 0.16678602 0.12116657 2.6405914e-05 0.0046993857 0.0025881561 0.07454166 0.00033721444 0.013874114 0.008141422 0.1450783 1.4369742e-05 0.18620197 1.3124802e-05 0.002627212 0.27921322 0.16934004 0.006524874 0.0014087007 7.2319126e-05 0.1917433 0.0021591554 0.003360172 1.8642055e-06 2.4985457e-05 0.16187122 0.0010294262 2.9019702e-05 0.0002623284 0.06431838 0.00010047058 0.20702653 0.011163522 0.15930356 7.6582177e-07 6.423803e-05 0.22472614 0.033292446 5.856413e-07 4.3835076e-05 0.0010714799 0.1795686 0.012191453 3.6338235e-05 0.000393095 1.9228712e-05 0.07354179 1.5542153e-05 0.2345082 0.001953587 0.058362976 3.5055875e-06 0.003923516 0.001459361 1.2085128e-05 0.00026384884 0.00074656605 2.2147206e-05 0.0003230093 0.15849526 1.0117803e-05 0.0028212455 0.035231855 2.2634367e-05 3.475606e-05 3.1797288e-05 0.0003054798 5.882105e-07
0.7330328 0.0012525237 0.0059162746 0.0015729544 0.026675917 0.119236335 0.0009527485 0.073523715 0.0009969318 0.009894096 0.00048700836 0.5668783 0.060000755 0.00025813823 0.0011015321 0.00064390304 3.540758e-05 0.0079132505 2.3877263e-05 0.033901602 0.091202244 0.13899507 5.1482328e-21 0.0007674102 0.9713796 0.0006709585 0.008913148 0.02769011 0.13079168 0.0007144721 3.4421184e-05 0.8636751 0.68769175 0.023368685 0.0056086485 0.0022587385 2.9133642e-05 0.00014986386 0.013790947 0.7716378 2.9086146e-05 1.6240092e-05 0.040736858 0.0016637001 1.4295561e-05 0.758857 5.3186354e-06 7.321467e-05 0.03757059 0.0019664734 0.060081437 5.873563e-05 3.274008e-06 0.37721962 9.772924e-05 5.2510928e-05 4.36022e-06 2.3279681e-05 0.008869873 0.00030683834 0.00046786142 1.531245e-05 0.38792738 0.0005875232 0.089256935 0.07690345 0.36641046 1.349187e-06 0.0003400236 0.16698624 0.00048571892 1.8354797e-07 0.00012808369 2.361428e-05 0.02287096 2.028647e-05 6.6272714e-06 2.9880073e-05 6.432506e-06 0.0033803887 1.5191736e-05 0.05913916 1.6242833e-05 0.003826468 8.634311e-07 0.04821878 0.011599904 1.627959e-05 6.277843e-06 5.1035045e-06 1.7499477e-05 9.346352e-06 0.03215546 5.223562e-05 3.1089226e-06 0.00047338076 1.0961006e-05 2.9564687e-06 5.5255764e-06 0.00044793639 6.6423944e-08
0.1982806 0.11952627 0.052168366 0.0093450295 0.0051634223 0.0041619944 0.007745843 0.0017001253 0.6429098 0.00074973353 0.8780114 0.002026332 0.020763084 0.0025663136 0.03364118 6.112416e-05 0.009618529 0.25028676 0.47599107 7.419076e-05 0.01874557 0.00014815744 0.0007674102 8.600447e-21 0.0005723932 0.96608824 1.884926e-05 4.196685e-05 2.1854808e-05 0.7866052 0.6608694 0.0009305862 0.006321384 9.992167e-06 6.5207187e-06 1.0266815e-06 0.83185345 9.360518e-06 0.14369035 0.0010655121 0.11119498 2.2567174e-06 0.026419953 5.2783275e-06 0.31280136 8.613676e-05 0.009071859 0.010320381 1.275519e-05 4.193047e-06 0.042849302 0.0001137093 9.986775e-06 0.00066453917 2.0494092e-05 4.6705205e-05 0.03105264 0.052670393 1.5393276e-06 1.8719918e-05 0.05730702 6.8570585e-06 0.004171889 0.085384004 6.259976e-05 0.022067737 0.00047876697 9.413236e-06 4.2351265e-05 0.00048317626 4.4177004e-06 8.148535e-06 0.040360056 3.3592412e-05 5.5223577e-06 1.3429718e-07 0.0002343875 0.00013007231 0.005620013 2.3626512e-07 0.007816312 0.0003118077 7.5837984e-06 2.7261083e-06 1.5812512e-06 0.022642102 0.014066081 0.0048397323 2.4579651e-06 2.1364642e-06 2.5909737e-06 9.471539e-05 1.8040855e-05 0.012457639 8.301211e-08 2.4342638e-08 0.0014642054 7.761081e-06 0.0010037563 0.004447796 0.0005460832
0.43607336 0.0020616632 0.0101773925 0.0033349565 0.031143535 0.07589859 0.0029488802 0.09157132 0.0018067536 0.018347321 0.00018478186 0.62720865 0.03724718 0.0010908834 0.0015792787 0.002136931 0.00033468805 0.008760522 3.7467216e-05 0.0557856 0.059592675 0.8023269 0.9713796 0.0005723932 1.01367026e-20 0.00031846616 0.024231963 0.06463736 0.9597685 0.0002712543 5.4773056e-05 0.27609524 0.12578745 0.115458265 0.028589906 0.01219465 4.853022e-05 0.00080164877 0.026696352 0.16875641 4.1523403e-05 0.00059669715 0.030396726 0.01893663 1.7186294e-05 0.68757087 3.101386e-06 0.00044114783 0.12361477 0.023203759 0.033666402 0.00037308867 9.171103e-06 0.2820523 0.0002720102 0.0004181915 2.3990897e-06 3.3528333e-05 0.05832436 0.00030895928 0.00046242768 3.9283284e-05 0.19020395 0.0010208937 0.2058764 0.046982948 0.2789955 7.2093394e-07 7.471825e-05 0.19690421 0.006195489 5.9226164e-07 0.000278593 7.342836e-05 0.12538378 0.0018767441 1.2210943e-05 0.00014326714 1.900797e-05 0.02213004 2.3326662e-05 0.1377458 0.00012610105 0.022043683 4.2102388e-07 0.022244472 0.00700084 1.8604625e-05 4.4194596e-05 0.00012824159 6.5286335e-06 3.1709074e-05 0.10264322 7.302862e-05 0.0002684692 0.009542799 1.6973081e-05 4.703385e-06 8.062278e-06 0.0017233103 9.153758e-08
0.053985063 0.06919485 0.024631623 0.015757162 0.0028995222 0.0038563085 0.024963386 0.0029924805 0.7236409 0.0008300523 0.4840877 0.003673229 0.0065777684 0.012015309 0.07309986 0.0001163701 0.041809704 0.067347676 0.8516812 0.0001809492 0.0050014784 4.4861416e-05 0.0006709585 0.96608824 0.00031846616 9.105294e-20 2.0246357e-06 5.5023527e-05 7.2952776e-06 0.38793764 0.9476811 0.000705997 0.0024481888 7.4300033e-06 6.413208e-07 4.2643595e-07 0.6519114 5.7183906e-06 0.017894976 0.0003728669 0.34943312 9.3160736e-07 0.0031034395 1.7689805e-05 0.5557431 5.298711e-05 0.06546608 0.03193801 2.2245487e-05 8.183354e-06 0.0058582574 8.6190994e-05 2.490265e-05 0.00026342642 3.091505e-06 8.228202e-06 0.12875015 0.16495033 2.7014394e-06 1.5529307e-05 0.0126209585 0.00016594083 0.0013032063 0.02785664 4.4167802e-05 0.0038515506 8.58282e-05 1.6850368e-06 1.150427e-05 0.0005086035 2.118175e-06 2.1372172e-07 0.021105845 2.8873326e-06 4.3284635e-06 9.078084e-09 7.946475e-05 0.00018519186 0.014308888 3.664081e-07 0.015554626 0.00033328275 1.4987814e-06 1.7069357e-05 5.3122864e-07 0.0019288567 0.0038491162 0.003752504 1.4221351e-06 1.9585106e-07 1.01531796e-07 0.0007908221 9.197458e-06 0.0075447327 6.2743354e-08 7.280799e-08 0.00088936655 4.091835e-06 0.0011833768 0.0019506826 0.0003758772
0.39782208 0.006466298 0.014020867 0.24243414 0.02106971 0.024245873 0.028420517 0.43819985 0.00029792282 0.4750167 4.6531415e-05 0.47448486 0.007972029 0.005344445 0.0023444206 0.9311955 0.0042201905 0.0065044556 9.094302e-06 0.94213164 0.0060008406 0.12111606 0.008913148 1.884926e-05 0.024231963 2.0246357e-06 3.4567145e-22 0.28185737 0.01593683 4.7934416e-05 3.1408902e-06 0.0041961335 0.0026491145 0.068603404 0.8340972 0.7574047 2.275201e-05 0.7350244 0.0021820813 0.0025144324 2.1837599e-05 0.7724169 0.00084852864 0.19273752 8.955105e-07 0.0035231716 5.3286858e-05 0.0012252793 0.0130058965 0.019910797 0.0004752104 0.29612374 0.0033414252 0.0016469681 0.26658332 0.56053966 6.5912113e-06 1.9041916e-05 0.009657395 0.010546885 3.670639e-05 8.7751665e-05 0.0013047198 0.000100145815 0.0047302605 0.0013045636 0.005679526 5.8256123e-06 0.02669601 0.0060148747 0.004987893 0.00025775572 6.1228064e-05 0.043292843 0.006478044 0.002045038 3.7243637e-05 2.916731e-05 1.3038358e-07 0.008064325 9.072459e-07 0.010284259 0.056842037 0.005262257 0.0006020953 0.00022093212 2.0481843e-05 5.5767185e-07 0.00758577 0.0003363019 0.0021813645 3.832549e-05 0.0041703577 2.6169469e-06 0.00093380484 0.0036351117 1.3974337e-06 8.8032976e-07 3.554517e-07 3.8146372e-05 1.5331823e-07
0.63471174 0.00016648103 0.0012317165 0.0032087883 0.002840623 0.006692063 0.003845482 0.08186341 0.00013602748 0.06487927 3.862775e-06 0.47437137 0.0018764918 0.0019337746 0.0019712015 0.02283474 0.00064338464 0.00017307836 6.667991e-06 0.9544612 0.0013370971 0.84548455 0.02769011 4.196685e-05 0.06463736 5.5023527e-05 0.28185737 1.6450876e-18 0.05872348 2.0839757e-06 6.7517403e-06 0.017802622 0.004656849 0.9736784 0.39858586 0.43139485 6.3619195e-06 0.012907134 0.000113910435 0.01761328 0.00020292403 0.15562998 0.00039943308 0.3841545 1.0761608e-05 0.029784922 1.0696155e-05 0.00081112585 0.12013161 0.13911265 0.0004507877 0.001917395 0.0002989411 0.03068618 0.005218884 0.013638938 6.3492334e-06 8.124764e-05 0.085976385 0.0017417778 3.8834783e-06 0.00060956395 0.0052138446 1.8340432e-05 0.05824173 0.0013774537 0.035591133 2.5181937e-06 0.00035305775 0.090757884 0.030737974 2.1139695e-06 1.6749105e-05 0.00080198835 0.043661118 0.0057033594 7.570484e-05 0.0005734887 8.494869e-06 0.03754583 8.7562785e-06 0.12538515 0.017624455 0.03388959 5.6710714e-06 0.00030925052 0.000100467514 4.4947687e-06 0.0012549025 0.0002168466 7.3046176e-05 0.00033587913 0.040858332 1.5351349e-06 0.00055114564 0.022556428 1.2132011e-05 6.687462e-05 7.888587e-06 2.1261296e-05 4.4743962e-07
0.47171113 0.00011580184 0.0007720432 0.00019826755 0.002709898 0.009231471 3.6639136e-05 0.007831694 2.3773926e-05 0.0032564315 3.5416947e-06 0.1434213 0.005230446 2.3451104e-05 8.4549065e-05 0.00035123285 6.762625e-06 0.0007247091 4.1973215e-07 0.034165703 0.0025541042 0.96805066 0.13079168 2.1854808e-05 0.9597685 7.2952776e-06 0.01593683 0.05872348 4.820861e-22 6.2641534e-06 5.892344e-06 0.058723606 0.014700224 0.080440216 0.017147765 0.007683479 1.2536458e-06 0.000109704655 0.00077364844 0.036423564 2.0390135e-06 0.00022373242 0.0029719207 0.012948664 5.9524973e-07 0.8683465 5.1006504e-07 4.531871e-06 0.62046015 0.05523188 0.003957661 7.316476e-05 2.8681694e-07 0.14257382 0.00011707294 9.143555e-05 5.1712396e-07 1.1016732e-06 0.109113656 2.2468892e-05 3.6440456e-06 2.813126e-07 0.050198123 2.7484477e-05 0.20854178 0.017635306 0.28994536 3.198939e-07 4.9897742e-05 0.30314955 0.011636296 7.231184e-08 1.3645486e-05 3.167057e-05 0.17548935 0.0016628237 3.2441274e-06 7.0466585e-06 5.822726e-07 0.030384744 2.425058e-06 0.20811634 0.0007542124 0.033347137 4.456034e-07 0.00742037 0.00184956 2.6342993e-06 2.7522981e-05 0.00030272582 2.1697124e-05 2.8645734e-06 0.16588758 1.4045964e-06 0.0016215277 0.014693862 5.618697e-06 2.9477792e-07 1.3475822e-06 2.8016937e-05 6.222349e-08
0.9710017 0.057492524 0.030354822 0.021590156 0.010609533 0.0076383385 0.012902469 0.0034216226 0.3820331 0.0036332158 0.8867975 0.0023163273 0.020435788 0.011692566 0.036399767 0.00022745103 0.014930118 0.6352353 0.19151124 1.6637046e-05 0.043494914 1.860821e-05 0.0007144721 0.7866052 0.0002712543 0.38793764 4.7934416e-05 2.0839757e-06 6.2641534e-06 1.0038361e-17 0.23858707 0.002960542 0.008902406 1.9549576e-07 5.0479207e-06 1.0662347e-06 0.9026206 9.2346054e-05 0.83400285 0.0028321792 0.04285198 1.2070453e-07 0.16314822 9.192179e-08 0.35243854 9.601629e-05 0.003236967 0.000515446 3.135258e-06 3.4119605e-08 0.29563528 1.4261451e-05 0.00022005149 0.005917211 2.0845264e-06 9.608475e-06 0.012550275 0.049002938 2.5907303e-07 0.0009856198 0.6550646 0.0004570655 0.10537611 0.52189046 7.736139e-05 0.19943458 0.00083422865 8.899024e-06 3.3298173e-05 0.0014423686 4.1601382e-08 5.171437e-05 0.15024276 0.00010421793 1.0184805e-05 7.065004e-09 0.00015932627 6.7837245e-05 0.024953848 2.9756926e-08 0.040044557 0.0006188276 1.0476111e-06 4.3314347e-07 1.610444e-06 0.392418 0.23745395 0.011656304 7.2400376e-06 5.1417413e-08 2.0458033e-06 2.7091728e-05 2.8887607e-05 0.04036794 3.5339294e-09 1.4988563e-09 0.008119428 1.2043778e-05 0.0014388481 0.062393084 0.00038272142
0.063238375 0.036211967 0.011762383 0.0053288 0.00084751734 0.001535958 0.006329537 0.00034418268 0.5088885 0.00031431287 0.22533773 0.003115161 0.0036944079 0.006060123 0.028203465 1.362211e-05 0.033390786 0.03919499 0.90034264 1.9122444e-05 0.0023587274 0.00010279189 3.4421184e-05 0.6608694 5.4773056e-05 0.9476811 3.1408902e-06 6.7517403e-06 5.892344e-06 0.23858707 1.6177312e-17 0.0004684021 0.0007344209 1.2544447e-06 6.901739e-07 2.4970853e-07 0.61383885 4.8584466e-06 0.0044208514 0.0006437004 0.531433 2.4179812e-07 0.002456018 3.1743366e-06 0.95548564 7.637795e-05 0.19175437 0.07731278 8.313535e-07 8.863724e-07 0.0041219187 0.00010244662 6.1946084e-05 0.0003928499 3.864006e-06 4.527422e-06 0.4169705 0.47619027 2.729127e-07 1.2580562e-05 0.011764133 0.0011927799 0.003932188 0.034098964 1.344343e-05 0.0029698145 5.6699067e-05 1.2048229e-06 1.4801248e-05 0.00015674323 1.3005604e-06 3.072267e-07 0.051347606 4.9971773e-06 3.0121475e-06 2.6337892e-08 0.00013467202 0.00066435605 0.12383417 1.95098e-06 0.067856275 0.00019777333 2.499002e-06 3.1446696e-06 3.9467398e-07 0.0033840598 0.0020250434 0.013485202 2.0707814e-06 2.125341e-07 2.3658687e-07 0.013611664 1.3426159e-05 0.008235904 1.9674665e-07 1.02603494e-07 0.0025474317 3.266634e-05 0.0035299235 0.0061056726 0.003085444
