9.008382e-28 0.7331525 0.6401577 0.123303205 0.101379186 0.82564056 0.4033049 0.51839924 0.059498265 0.7949388 0.43146402 0.3116527 0.20874089 0.01419853 0.30332232 0.22383885 0.021925112 0.00754832 0.26571292 0.5342625 0.56208414 0.20496513 0.9097909 0.43254852 0.31200406 0.0032568306 0.00064656505 0.97595584 0.93801236 0.16896564 0.0027354804 0.00022760576 0.47189972 0.021388808 0.007307983 0.002076497 0.027823074 0.0009803271 2.5037121e-05 0.24556406 5.8251262e-05 0.9278355 1.0681008e-05 0.8138395 0.40358186 0.0008461932 0.9522671 0.0025544148 0.0023347551 6.4232466e-07 0.017800016 0.0052980348 0.036448922 0.00033101317 0.0886131 0.010645777 0.9784081 0.0093715 0.15219614 0.8792672 0.072004445 7.1498775e-06 1.2966487e-07 0.0021028542 0.96298254 0.87002 0.00025389707 0.0003460877 0.0825434 0.0045396425 0.98812014 0.44078824 9.407894e-10 0.013333091 0.03730662 0.46123067 0.96730703 6.132092e-07 1.865873e-07 0.005460551 0.006129397 0.17648406 2.516027e-09 0.002339835 3.035759e-05 0.99954253 2.6586402e-09 0.9998848 0.87227607 0.9996523 3.1865331e-06 7.0983406e-09 1.896113e-09 0.35679308 7.702589e-09 0.032207765 0.99996144 0.005551228 0.98055506 0.6464249 0.9824349
0.7331525 9.796253e-18 0.5634175 0.39299783 0.39438665 0.9389812 0.1752179 0.11828353 0.7057537 0.34337565 0.08717463 0.18712579 0.8383826 0.25016508 0.009239562 0.02651741 0.37146002 0.31125662 0.37394747 0.6341532 0.021256637 0.024264447 0.58464986 0.31600657 0.002816005 0.2510881 0.12988028 0.039643537 0.016358603 0.09245216 0.099241 0.030548606 0.1256441 0.1135049 0.16908258 0.09018096 6.592234e-05 0.03750921 0.024547353 0.031819455 0.006284909 0.07423347 0.002908788 0.22748111 0.00026143226 0.0038466298 0.15589415 0.0065835984 0.033348277 0.002467668 0.001443278 0.0009698388 0.00013744387 0.016217219 0.0012960951 0.010165204 0.19162808 0.0027328061 0.0022423172 0.0049502314 0.0003197562 0.0003790567 0.00017532358 0.000645001 0.038577847 0.0036908598 1.1115062e-05 0.0005309357 0.00034554786 2.7784728e-05 0.0037246621 0.0016894918 1.0970386e-05 2.5988174e-05 0.0008877675 0.00019902723 0.016103536 0.00035254637 0.0014142777 1.0105637e-06 2.9916525e-06 2.7867616e-06 1.2271204e-05 1.6377162e-05 0.0025498064 0.13633752 1.8376068e-06 0.09823949 0.0012863982 0.04703596 3.4013924e-06 2.0213963e-06 1.7568924e-05 0.0017275251 6.217454e-05 5.2464147e-06 0.07761093 2.0563857e-06 0.00017050427 0.0010347408 0.0011727951
0.6401577 0.5634175 7.369618e-19 0.85235244 0.8458743 0.5902185 0.94318116 0.7403961 0.12886192 0.6495404 0.5821468 0.64952075 0.057090666 0.015081718 0.3567486 0.20826846 0.0110988775 0.013500854 0.0040865415 0.011679867 0.1150317 0.23497978 0.054762773 0.0026328843 0.026404211 0.046507925 0.030121809 0.1301332 0.11158801 0.00015301348 0.02188441 0.005234473 0.279044 0.12647605 0.099763885 0.0009853868 0.0028792925 0.0109265465 0.0010931611 3.5057263e-05 0.0005741046 0.0001376371 1.3252376e-05 0.067423984 0.0017803692 1.4842976e-05 0.18916251 4.103519e-06 0.023047673 0.00030016666 3.597348e-06 1.2116078e-05 0.0015265018 0.0049364795 2.6797099e-05 0.0182966 0.01059894 0.008777056 1.0034127e-05 7.2565176e-06 2.4874285e-05 7.71777e-06 0.00016519822 0.00437647 0.0011238498 0.003740606 1.5433781e-05 0.004234442 0.00040656727 0.00022849656 0.0052646413 3.6476858e-06 1.910498e-05 0.00046130005 0.001372412 3.4116906e-06 0.00072873716 0.00015043376 0.000658781 1.1271106e-06 1.5819141e-05 6.3542467e-07 4.6611585e-05 1.23143345e-05 0.0011312409 0.011619561 3.8412387e-07 0.0035727029 3.878328e-05 0.007120492 2.1063253e-05 1.8071652e-06 0.00012240166 0.002000654 2.4647241e-05 9.994812e-05 0.012570974 4.9616773e-07 6.08896e-06 0.001164422 0.0011165602
0.123303205 0.39299783 0.85235244 5.894994e-18 0.97219783 0.2506558 0.67658615 0.7017692 0.13875751 0.4004774 0.25742102 0.7202262 0.038067415 0.015215646 0.32444397 0.08472584 0.005377457 0.0057794782 0.0062131747 0.008443907 0.04578661 0.09813599 0.015844999 0.001836779 0.026997095 0.08155668 0.05052924 0.050479982 0.04245011 0.0003466139 0.034429092 0.006825458 0.4145684 0.21655478 0.21912007 0.0010290165 0.002722861 0.021666726 0.0008615795 0.00010011582 0.00096488657 9.943112e-05 1.3320761e-05 0.014101667 0.002740052 2.5088824e-05 0.062271133 1.5889556e-05 0.074820094 0.00049765775 6.287477e-06 2.0459e-05 0.0028585738 0.011076022 7.8269484e-05 0.032969575 0.0021150406 0.010814594 2.8728726e-05 1.44327805e-05 2.6122203e-05 8.040299e-05 0.00016353822 0.003300088 0.00045146362 0.0025444438 2.1463906e-05 0.003811421 0.0004893098 0.00028352236 0.00354594 5.0174867e-06 9.284662e-06 0.00044502714 0.0013898227 3.943408e-06 0.00032164264 0.0012701878 0.0005345546 1.935934e-06 7.0735573e-06 7.967783e-07 4.113776e-05 5.038782e-06 0.0017908275 0.0036787016 5.0136384e-07 0.0046676537 2.4843988e-05 0.001877795 1.5657643e-05 1.3132045e-06 3.8516057e-05 0.0016919047 4.617107e-05 0.00012461992 0.007708837 2.0793273e-07 1.1789824e-06 0.001269466 0.0016910362
0.101379186 0.39438665 0.8458743 0.97219783 8.6096805e-19 0.2188301 0.6683022 0.69726765 0.1120523 0.35115582 0.2266233 0.76502424 0.034510676 0.016046079 0.29937172 0.09008361 0.0046900976 0.0067614424 0.006243375 0.0072959047 0.037651267 0.08224109 0.010701472 0.0015290502 0.024208276 0.058986064 0.04044704 0.041525114 0.03787343 0.00027089857 0.022169285 0.006382826 0.31392545 0.1732841 0.16237938 0.0007860457 0.0033239827 0.016943319 0.00046477423 6.9974485e-05 0.0005141259 8.2954066e-05 1.4055459e-05 0.010764729 0.0032949948 2.6880385e-05 0.047982384 1.5524154e-05 0.05117063 0.00054047466 5.401227e-06 1.5715224e-05 0.002741734 0.009689097 5.8126407e-05 0.03647494 0.0012626057 0.013928078 1.7992936e-05 1.2734674e-05 1.9001372e-05 4.1136856e-05 0.00010922643 0.0039676297 0.00026801712 0.0036024642 6.671458e-06 0.0045806156 0.0005226975 0.00048195806 0.0039308597 3.3921049e-06 1.7193408e-05 0.000561104 0.0014240773 1.6534495e-06 0.00043939467 0.0010958038 0.0007384895 1.5862748e-06 8.691244e-06 2.56367e-07 5.830951e-05 2.5407994e-06 0.0015188621 0.0033149305 4.1347195e-07 0.0033883837 2.4178798e-05 0.0019347577 6.5431e-06 1.12906e-06 2.9971687e-05 0.0024599892 5.3572403e-05 0.00024928706 0.0068432516 1.8350961e-07 3.259386e-07 0.0013611267 0.0017995546
0.82564056 0.9389812 0.5902185 0.2506558 0.2188301 1.1844046e-20 0.23569894 0.13820481 0.06907991 0.8118672 0.23651148 0.066417634 0.5263746 0.018657058 0.018620016 0.10876708 0.084085256 0.067443244 0.07465835 0.40331605 0.12371047 0.0881358 0.7711058 0.18805917 0.003380966 0.011279763 0.0076097893 0.1585223 0.048915002 0.029765679 0.0030695908 0.0016448287 0.023740605 0.018026007 0.017401457 0.007898085 0.00017269798 0.001524516 0.0032720058 0.027006976 0.00043162826 0.15505686 9.809771e-05 0.6883893 0.00047077515 2.5439378e-05 0.51236725 0.00023290774 0.0008576957 8.73651e-06 7.726976e-06 0.00072303234 2.3106624e-05 6.957709e-05 0.0026345572 0.00035392045 0.40464884 0.00013418357 0.008835389 0.028419921 8.403732e-05 2.729e-05 4.773181e-06 0.00010044481 0.12720162 0.010662993 1.1115703e-06 7.77628e-05 0.0003876243 4.6319096e-06 0.009985515 0.0029464066 7.1553507e-07 2.2352915e-06 0.00073201506 0.00021878093 0.053884678 1.177584e-05 6.548947e-05 3.2701868e-07 2.2779052e-06 1.0603857e-06 1.984497e-06 1.0469614e-05 0.00010042308 0.28840458 3.3854357e-07 0.1497268 0.0018621125 0.14072329 8.7603087e-07 2.6948325e-07 6.2420645e-06 0.0045484877 2.427202e-05 6.025128e-07 0.054706503 1.1981244e-06 7.442014e-05 0.0043920716 0.002532806
0.4033049 0.1752179 0.94318116 0.67658615 0.6683022 0.23569894 8.360597e-18 0.8386136 0.024795165 0.55464 0.8783213 0.467288 0.014664233 0.0044701654 0.5765976 0.37484363 0.007302768 0.008051825 0.0018688426 0.0038429082 0.09287902 0.33222416 0.013051243 0.0011891918 0.042875916 0.0080428235 0.006290165 0.09763315 0.13317718 7.107377e-05 0.0027004734 0.002112706 0.12641688 0.029409606 0.012598452 0.00049582607 0.010848175 0.0022901646 0.000475708 0.00015172645 7.557327e-05 0.00018471597 2.0393198e-05 0.011056524 0.0061927806 1.172663e-05 0.060917247 1.2392998e-05 0.0020168014 0.00031511392 1.0020054e-06 7.0137234e-05 0.001847025 0.0008158326 8.346416e-05 0.010358808 0.0012992129 0.008453048 4.723498e-05 8.72257e-05 3.1392927e-05 7.756531e-06 0.0001246707 0.0067708762 0.0005198267 0.012266319 4.6537784e-06 0.004374146 0.0009391389 0.0015281056 0.0093997 1.4975734e-05 1.790502e-05 0.0010496983 0.0030068683 3.3967954e-06 0.000567455 3.154749e-05 0.0010118551 1.3572877e-06 0.00013917945 5.881746e-07 0.00014288508 2.228628e-05 0.00026206483 0.005700445 3.306954e-06 0.0013958494 8.114225e-05 0.001477804 5.041277e-06 6.4115357e-06 0.0001275864 0.004019475 0.0001609931 0.0021781942 0.0084157465 3.7945165e-06 2.9855048e-06 0.002040811 0.0017455474
0.51839924 0.11828353 0.7403961 0.7017692 0.69726765 0.13820481 0.8386136 3.6831015e-18 0.04629189 0.366497 0.4324132 0.9288635 0.0080346735 0.0042318357 0.93235576 0.11622801 0.0037725156 0.0025761712 0.0012706161 0.001687582 0.045576528 0.21364456 0.0016141213 0.00065466895 0.088706486 0.019284012 0.014608733 0.04391625 0.13244696 7.8235906e-05 0.009019968 0.0035517185 0.573407 0.19138153 0.07943405 0.00014664211 0.012222799 0.0074505247 0.00032417674 7.364689e-05 9.7315e-05 2.0344516e-05 1.1040139e-05 0.0029021434 0.015593359 3.453609e-06 0.03271067 6.537848e-06 0.017880661 0.00047366568 4.560327e-07 6.033253e-05 0.0025648775 0.002720686 3.9068047e-05 0.046976686 0.00028814047 0.015020777 5.8663722e-06 5.302662e-06 2.2204044e-06 1.493436e-05 0.00029026333 0.0059995214 9.134638e-05 0.010590366 1.3059421e-06 0.0035220394 0.00092448364 0.0007506557 0.010632084 8.8447166e-07 7.2121557e-06 0.0005901885 0.0028743348 1.7731134e-07 0.00016180088 0.00038218524 0.0006513811 1.35612e-07 0.00010151287 4.2656623e-08 0.00019201325 3.000227e-06 0.0004090154 0.0017113137 1.8059851e-06 0.0007023793 4.859763e-06 0.00058676366 3.5418602e-06 1.1235165e-06 7.915895e-05 0.0052364827 0.00015193656 0.0016056043 0.0069385297 4.2949242e-07 2.876741e-07 0.0025665804 0.003151189
0.059498265 0.7057537 0.12886192 0.13875751 0.1120523 0.06907991 0.024795165 0.04629189 5.2289896e-20 0.024995444 0.018954739 0.069360524 0.2848023 0.9824184 0.0060816603 0.0045601316 0.12868753 0.10153915 0.053201757 0.06292154 0.0018297445 0.0025445607 0.038519222 0.018840028 0.004631484 0.17030467 0.2982712 0.0011154454 0.0011373213 0.003447893 0.03521934 0.0346763 0.036239255 0.054284 0.19696213 0.003779761 0.00023130955 0.06684131 0.0010021938 0.0005890481 0.0012362748 0.0004590286 0.00014820494 0.005160793 0.0016148872 6.911488e-05 0.00927561 4.098484e-05 0.021692652 0.0047588022 5.278668e-05 4.511348e-05 4.360746e-05 0.01690979 3.3443772e-05 0.008551777 0.0019010409 0.0014117914 2.6320558e-05 1.592914e-05 0.00011052133 4.4703913e-05 0.0012116882 0.00050820375 0.00029872023 0.005844168 1.3117981e-05 0.0003217304 0.00045218147 0.0001758405 0.0010586887 4.6090387e-05 2.4122599e-05 0.00012218917 0.0008399958 1.5036585e-05 0.00018257285 0.003129333 0.0029647814 5.232805e-07 5.544247e-06 9.292252e-08 0.00042953406 1.8798016e-06 0.009022223 0.00078255864 7.2316884e-06 0.0008633545 7.1268805e-06 0.0003502127 7.7161036e-05 1.0685368e-05 0.00035132267 0.00097326614 0.00015195437 7.618241e-05 0.0013038869 2.8981574e-06 7.3217147e-06 0.0004724458 0.00020874848
0.7949388 0.34337565 0.6495404 0.4004774 0.35115582 0.8118672 0.55464 0.366497 0.024995444 2.6710528e-20 0.969226 0.20852037 0.058342542 0.0068108276 0.120782904 0.7011319 0.025556747 0.014834961 0.010968924 0.025196383 0.49831843 0.26477274 0.15575685 0.014230314 0.021523675 0.0078591155 0.004643332 0.1995872 0.14970326 0.0014680387 0.009234999 0.0017001773 0.1454969 0.04824756 0.025362028 0.0006088322 0.003757494 0.0027531213 0.0011232139 0.00048808387 0.00044511099 0.001757899 5.0583174e-05 0.2969208 0.011290138 2.2495631e-05 0.4189888 6.8597896e-05 0.0028853877 4.2636395e-05 1.8259523e-05 0.00020706176 0.0014195897 0.0013544245 0.00047411717 0.004512228 0.05221082 0.0066337255 0.00030075267 0.00048156528 0.00014466398 0.00018419248 4.4625962e-05 0.0011347348 0.009719467 0.020500211 1.175637e-05 0.00031547205 0.0031313903 0.0005409592 0.015760696 0.00014034357 4.6653854e-06 0.000504247 0.0059990007 1.712651e-05 0.0053958558 0.00015564528 0.00032059682 5.108756e-07 3.0888543e-05 4.2901266e-07 3.23437e-05 1.0727936e-05 0.00034539052 0.123107456 4.489427e-06 0.01677482 0.0003214188 0.040292367 1.2227186e-05 1.1231088e-05 0.0001040629 0.009886919 0.00016090747 6.6611494e-05 0.07599113 1.0279159e-06 2.3899738e-06 0.0060038916 0.0035940325
0.43146402 0.08717463 0.5821468 0.25742102 0.2266233 0.23651148 0.8783213 0.4324132 0.018954739 0.969226 2.9313867e-19 0.09304594 0.013601386 0.0020703522 0.17064835 0.8864296 0.0054196767 0.003207459 0.002232881 0.0049537923 0.33685085 0.46128532 0.028317953 0.0013715406 0.029308228 0.003415446 0.002335647 0.117640376 0.124313556 0.0001579009 0.00083551486 0.00054659694 0.09886758 0.027896306 0.008432219 0.000118655335 0.006979164 0.000761669 0.00024118795 0.00016668325 1.0045664e-05 0.00027193135 2.9792732e-06 0.02896102 0.008082441 2.3421833e-06 0.09300643 1.353962e-05 0.0011163617 2.0294716e-05 2.1946864e-06 8.8459914e-05 0.0010473884 0.00042706108 7.3071045e-05 0.0062984303 0.0041572237 0.005013054 3.062725e-05 5.064226e-05 1.1347157e-05 6.0777925e-06 5.90873e-06 0.0026806393 0.0014198984 0.025664035 1.072919e-06 0.0009756791 0.0017337814 0.0010580674 0.01850459 1.0775563e-05 1.104354e-05 0.0009847118 0.004257121 1.6663063e-06 0.0010298921 3.1155723e-05 0.00026501363 1.9635206e-07 8.808395e-05 1.7785972e-07 3.782617e-05 2.4050391e-06 0.00011582415 0.01657564 4.1444e-07 0.0034746386 8.516328e-05 0.0037234738 2.6411944e-06 3.8355192e-06 4.0075043e-05 0.007210492 1.2283849e-05 0.0021362626 0.030997595 2.7400765e-06 1.6733738e-06 0.0059360387 0.00535413
0.3116527 0.18712579 0.64952075 0.7202262 0.76502424 0.066417634 0.467288 0.9288635 0.069360524 0.20852037 0.09304594 2.3904287e-20 0.015197403 0.009401514 0.9609708 0.03036758 0.003943068 0.0035117362 0.0014275792 0.0020390195 0.016133657 0.064261705 0.0011181347 0.0005549738 0.06522937 0.01711252 0.024777206 0.024257623 0.07371582 3.8592312e-05 0.003682531 0.0037234635 0.6683447 0.3003073 0.18487585 7.271186e-05 0.012368976 0.013263534 5.6704524e-05 3.0807292e-05 5.44582e-05 1.3140733e-05 6.840331e-06 0.00090220885 0.05062938 1.3912636e-06 0.01280161 2.118573e-06 0.071193986 0.00017233982 5.571222e-07 9.402998e-06 0.011240348 0.0044983006 7.261453e-06 0.17587078 0.00019242808 0.07551042 1.0686545e-06 1.942544e-06 1.6479743e-06 6.1473893e-06 0.00011465875 0.017432915 7.660029e-05 0.007221889 1.9637746e-06 0.011990618 0.0014481671 0.0010172789 0.012580743 7.628732e-07 1.4951025e-06 0.0010492414 0.0039959718 8.358008e-08 0.00012490276 0.00030583222 0.00085940206 1.1457605e-07 0.00022108409 2.517065e-08 0.00012985007 5.572593e-07 0.0024806643 0.0012393347 2.0657064e-06 0.0017461476 5.2372416e-06 0.0008025108 3.0919798e-06 2.0021037e-06 2.9536213e-05 0.0057862946 0.00011679526 0.0020126086 0.007986393 3.7306765e-07 1.7724133e-07 0.002831543 0.0051991125
0.20874089 0.8383826 0.057090666 0.038067415 0.034510676 0.5263746 0.014664233 0.0080346735 0.2848023 0.058342542 0.013601386 0.015197403 1.9227867e-20 0.21754515 0.00057187537 0.0076422007 0.68739784 0.684724 0.8915621 0.93678474 0.0032546914 0.004183038 0.3572908 0.30943233 0.0012093666 0.15994014 0.038918264 0.0019392669 0.0010178465 0.13210066 0.06957535 0.024510711 0.002069147 0.003861258 0.026403116 0.23398271 3.219478e-05 0.016298167 0.034807745 0.023671968 0.016179087 0.012625268 0.017218532 0.10503501 6.0845723e-06 0.027510189 0.032687616 0.010040522 0.00079437136 0.0022770248 0.0021567093 0.0016019471 4.266375e-06 0.002415074 0.00019236293 0.00019870081 0.03215638 8.588846e-05 0.00033628536 0.0002120722 0.000552623 0.0011741811 0.0003727286 0.00010987984 0.0044493936 0.0024891598 6.355919e-05 9.417298e-05 6.934749e-05 1.8852335e-05 0.00074841414 0.0003884988 0.00011247848 5.0759822e-06 0.00024219844 7.7249395e-05 0.0026425326 0.00010912066 0.0007413438 7.627703e-06 9.073e-06 2.0009031e-06 9.770175e-05 5.06951e-06 0.00019427495 0.002490821 2.5581214e-05 0.0035047305 5.347878e-05 0.001950319 4.1514966e-05 2.3261548e-05 8.112491e-05 0.00070137397 0.000970151 2.4547242e-05 0.00077023706 5.7606417e-06 0.00013483652 0.00029841103 0.00019873853
0.01419853 0.25016508 0.015081718 0.015215646 0.016046079 0.018657058 0.0044701654 0.0042318357 0.9824184 0.0068108276 0.0020703522 0.009401514 0.21754515 1.3811024e-18 0.0023212743 0.00083736 0.3759076 0.35413507 0.11056739 0.05519719 0.0009195056 0.00027162523 0.034659423 0.032470495 0.0004853955 0.5377567 0.2783472 0.0006164673 0.0003504887 0.012952381 0.49354532 0.11194554 0.0083515085 0.019066304 0.08496594 0.069291234 2.779297e-05 0.04910482 0.027214844 0.004149993 0.08067405 0.0039725197 0.009184859 0.0020565172 0.00027371178 0.009004287 0.0030584608 0.0023134884 0.010731268 0.020573918 0.0010332814 0.0003188965 0.00010052703 0.025644016 0.00024280458 0.0023154516 0.0029629217 0.0013778813 0.00045128152 0.00038772152 0.00054040924 0.0015247546 0.006709045 0.00033882188 0.004765592 0.00067897246 8.4887426e-05 0.00015512174 0.00025921405 0.00020864558 3.7663107e-05 0.00048037592 0.00097399217 8.214102e-05 0.0005189181 0.00026108447 0.0009213116 0.0076726195 0.0038178964 5.2118507e-06 8.601678e-06 4.227582e-06 0.002286773 2.6847723e-05 0.0049341004 0.000592059 1.4936197e-05 0.0030732376 0.00021193067 0.000121785255 3.2903583e-05 0.00033735918 0.0013535639 0.0006473421 0.0006916447 2.2877992e-05 0.00026870688 2.1026186e-05 5.1398616e-05 0.0003021184 7.201101e-05
0.30332232 0.009239562 0.3567486 0.32444397 0.29937172 0.018620016 0.5765976 0.93235576 0.0060816603 0.120782904 0.17064835 0.9609708 0.00057187537 0.0023212743 1.0467109e-18 0.12745872 0.0004933401 0.00031589685 8.4578176e-05 0.00016464035 0.046374608 0.48369756 0.000242116 2.184193e-05 0.7684206 0.0005368526 0.0013089721 0.054195814 0.5206787 2.0600482e-06 5.4740158e-05 0.0002263384 0.49577445 0.081292704 0.012396231 1.1929625e-05 0.14118072 0.00088463747 2.6682776e-05 4.214982e-06 2.4162891e-05 4.6043638e-07 1.5793811e-06 0.00051476905 0.18459831 7.774871e-07 0.009992135 2.023512e-06 0.005917683 5.167774e-05 2.800855e-07 4.7545673e-06 0.029053751 0.0006980571 2.0736904e-06 0.07971865 4.231674e-05 0.06796897 1.816372e-07 2.2434293e-07 1.4419153e-06 4.647649e-06 2.2920794e-05 0.014411279 8.537402e-06 0.06360507 2.20545e-06 0.009005713 0.007522833 0.006254734 0.040406737 7.5609336e-08 8.951451e-07 0.0033103905 0.010370872 1.8056062e-08 7.7657125e-05 0.000112370944 0.00041394096 4.4579895e-07 0.0012850672 1.9996152e-08 8.271613e-05 9.2557036e-07 0.00088639493 0.0012811655 1.3320056e-06 0.0006063612 1.420698e-06 0.00057115674 2.59425e-06 9.580151e-07 2.9866882e-05 0.017148223 8.308407e-05 0.0057850005 0.014825505 4.659345e-07 5.747723e-08 0.008747441 0.010525293
0.22383885 0.02651741 0.20826846 0.08472584 0.09008361 0.10876708 0.37484363 0.11622801 0.0045601316 0.7011319 0.8864296 0.03036758 0.0076422007 0.00083736 0.12745872 3.4994914e-21 0.0036809596 0.0019925663 0.0009447277 0.0036774457 0.9609282 0.86474454 0.034771174 0.0010434249 0.024425633 0.00041278903 0.0006156777 0.3129279 0.36408937 9.536761e-05 4.57619e-05 0.00021902537 0.02558076 0.0058527035 0.0017042835 3.1375355e-05 0.015621394 0.00011532211 0.000115178336 0.00011756231 1.639862e-05 0.00079558743 3.0913163e-06 0.055940494 0.007258733 3.9598312e-06 0.1952574 2.5044214e-05 0.0003250758 1.1304613e-05 1.7191712e-06 5.3640655e-05 0.0011894022 0.00017008964 3.9182934e-05 0.0047029727 0.0072356584 0.005661437 3.0007834e-05 0.0002525794 2.405749e-05 3.485496e-06 1.8955734e-06 0.002382002 0.0033227864 0.06020418 2.2387326e-06 0.000735077 0.0024614653 0.0018039919 0.023016458 2.7140397e-05 6.160959e-06 0.0012174188 0.006795606 5.864112e-06 0.0035251142 7.073561e-05 0.0005357481 1.3993528e-06 0.0001434074 2.7149406e-07 2.6079193e-05 9.371101e-06 0.00019994895 0.060270626 4.15516e-07 0.00605825 0.00017339243 0.006043982 2.6868404e-06 5.903244e-06 5.6863195e-05 0.008476046 1.866115e-05 0.0047914884 0.049065955 7.446229e-07 2.5230568e-06 0.006067609 0.0041355365
0.021925112 0.37146002 0.0110988775 0.005377457 0.0046900976 0.084085256 0.007302768 0.0037725156 0.12868753 0.025556747 0.0054196767 0.003943068 0.68739784 0.3759076 0.0004933401 0.0036809596 8.790835e-23 0.91714734 0.5901798 0.24882561 0.0027028532 0.00066739594 0.07129802 0.11282333 0.0013028888 0.22092272 0.027229927 0.0010083305 0.00044576052 0.04569019 0.3635528 0.032754045 0.0005144977 0.002556701 0.030520476 0.14588317 1.1759836e-05 0.016407521 0.09715332 0.008520833 0.115344465 0.0058017275 0.02175643 0.016597936 4.0485378e-05 0.026633529 0.011521982 0.0034500095 0.0010173705 0.0048767487 0.0015541635 0.00070641335 1.8745215e-05 0.0022332333 0.00041116538 1.34043075e-05 0.021608576 0.0001035653 0.0004955195 0.000111656394 0.0006018074 0.003535086 0.0010795982 5.709468e-05 0.010372642 0.00030449143 0.0001449996 1.3292106e-05 4.679265e-06 1.26858e-05 7.368567e-05 0.00025346424 0.00013879717 3.11061e-06 1.4459219e-05 0.0002402733 0.002994386 0.001338188 8.89191e-05 1.1162013e-05 1.1002276e-06 5.5335368e-05 9.1772585e-05 1.7726165e-05 0.00013221605 0.0016341457 2.7416778e-05 0.00701833 6.53749e-05 0.0016937128 4.032281e-05 0.0002732035 5.7472495e-05 0.00016462622 0.00040656628 2.9214846e-06 0.00041247418 4.040409e-06 8.110203e-05 0.0002281162 4.849413e-05
0.00754832 0.31125662 0.013500854 0.0057794782 0.0067614424 0.067443244 0.008051825 0.0025761712 0.10153915 0.014834961 0.003207459 0.0035117362 0.684724 0.35413507 0.00031589685 0.0019925663 0.91714734 9.0097745e-24 0.69795454 0.3665111 0.0014281664 0.000501675 0.11727307 0.19542696 0.0004783085 0.14468044 0.016191998 0.00078945374 0.0004104453 0.07715319 0.21330492 0.016485475 0.00020036624 0.0007803999 0.013783557 0.20203029 2.7268388e-06 0.0063424557 0.12478429 0.015656764 0.11266283 0.017104296 0.031963143 0.02211821 3.907017e-05 0.038672134 0.008916188 0.0055330116 0.00043899633 0.0036773856 0.0016749649 0.0012827396 6.989834e-06 0.00082887046 0.0006846028 1.2990567e-06 0.024770254 2.5965928e-05 0.0008872085 0.0002937437 0.0007691862 0.005605459 0.0004904984 1.7226495e-05 0.013437952 9.939585e-05 0.00012300033 2.1395124e-06 2.5400216e-06 3.89103e-06 4.454721e-05 0.00034572554 0.00018405936 4.1910675e-06 1.0058779e-05 0.00048733057 0.004224288 0.0002880979 4.4236178e-05 9.434545e-06 6.252619e-07 5.897777e-05 4.909287e-05 4.296465e-05 3.777357e-05 0.0023513788 2.479979e-05 0.0059560924 0.00012028883 0.0011386178 1.3730598e-05 0.00013063682 4.9049395e-05 0.00014186281 0.0005086855 1.355142e-06 0.00023717392 3.947193e-06 0.00019516876 0.00011095263 1.6023068e-05
0.26571292 0.37394747 0.0040865415 0.0062131747 0.006243375 0.07465835 0.0018688426 0.0012706161 0.053201757 0.010968924 0.002232881 0.0014275792 0.8915621 0.11056739 8.4578176e-05 0.0009447277 0.5901798 0.69795454 9.95709e-18 0.9335191 0.00077935687 0.00061979855 0.33710638 0.8094233 0.00013774095 0.24552003 0.032353222 0.0005146491 0.00028732358 0.3511198 0.26007572 0.039035503 0.0008937228 0.00019644975 0.0047288463 0.86194277 1.2341379e-06 0.012008516 0.45788366 0.069913715 0.17571425 0.080745295 0.30523607 0.08070595 6.909085e-06 0.32210013 0.013958301 0.09831597 0.00014975428 0.010099949 0.0381008 0.014446387 2.603502e-06 0.0005905333 0.0038075265 1.1792336e-05 0.13818125 9.2983566e-05 0.00400273 0.0025141675 0.004684707 0.01853119 0.0010843741 7.4390904e-05 0.04238272 0.00013974404 0.0038942208 8.080124e-05 8.81147e-07 9.759769e-06 3.999044e-05 0.0013615108 0.0007740588 7.0541455e-07 8.649579e-06 0.0009025316 0.0090211 0.0002622073 0.0009854122 0.00059708225 4.2288643e-06 0.00016163802 0.00021947366 0.00012226633 0.00022099324 0.0022053544 0.0006739528 0.016496995 0.0008271514 0.002132848 0.0008423952 0.0002312619 0.00040872427 9.210849e-05 0.0045789382 1.7908939e-06 0.00023994037 0.00017597807 0.0006753135 3.8897928e-05 3.5968028e-06
0.5342625 0.6341532 0.011679867 0.008443907 0.0072959047 0.40331605 0.0038429082 0.001687582 0.06292154 0.025196383 0.0049537923 0.0020390195 0.93678474 0.05519719 0.00016464035 0.0036774457 0.24882561 0.3665111 0.9335191 3.759571e-18 0.0027755066 0.0034552896 0.79615265 0.9186313 0.00019251106 0.06830437 0.009401578 0.002211806 0.00066055026 0.56831896 0.07899214 0.007857759 0.00032989378 0.00024878592 0.0038354632 0.43337053 2.9977673e-06 0.0031122349 0.060972765 0.19233407 0.01507026 0.30409592 0.056550343 0.37493387 8.13473e-06 0.112936385 0.07743232 0.072763935 0.00017223631 0.00064064446 0.08988917 0.036809392 1.4524645e-05 0.00077880407 0.013599337 3.19667e-05 0.3992715 0.00013542648 0.011325838 0.020982908 0.008294253 0.008885299 8.365517e-05 0.00033853765 0.08455739 0.0013752511 0.0022628347 0.00027813666 1.3255522e-05 0.00011182232 0.00013224808 0.006178917 0.00012843621 1.2802426e-05 7.434196e-05 0.00433416 0.0102426065 8.689434e-05 0.00042842803 0.0003152576 8.053756e-06 0.0002091568 9.677987e-05 0.00020887294 9.898173e-05 0.0065280236 0.00030344495 0.022294423 0.0012938931 0.008227611 0.00057837705 9.995318e-05 0.00024304043 0.00017357327 0.0006137036 5.8136848e-06 0.00060354144 0.00012254487 0.0012886323 8.094779e-05 1.5776955e-05
0.56208414 0.021256637 0.1150317 0.04578661 0.037651267 0.12371047 0.09287902 0.045576528 0.0018297445 0.49831843 0.33685085 0.016133657 0.0032546914 0.0009195056 0.046374608 0.9609282 0.0027028532 0.0014281664 0.00077935687 0.0027755066 7.913309e-23 0.82837987 0.06526477 0.001162088 0.01692313 0.00010572695 0.00023231078 0.95722526 0.342796 0.00015631646 3.227656e-05 0.00021110824 0.0126468325 0.0023195704 0.00093773956 1.5599531e-05 0.011377124 0.00012531223 5.5967892e-05 0.00032640726 3.7259444e-05 0.0028607787 4.943548e-06 0.12525868 0.010065564 2.803483e-06 0.5818332 2.5145137e-05 0.00026312916 5.6970857e-06 7.778464e-06 0.00025139513 0.0012900968 0.00018577738 0.00020624763 0.0039415546 0.017383518 0.0056557334 0.0001732349 0.00046363936 6.420919e-05 3.5691544e-05 6.139283e-07 0.0010257054 0.0051378673 0.037394654 7.2032194e-06 0.0005694647 0.0034941626 0.0019257165 0.02267543 9.849471e-05 6.627297e-06 0.0020227598 0.006633383 1.7636423e-05 0.0038339803 0.00012020431 0.00012328358 3.5779417e-06 9.2047194e-05 5.615801e-07 6.798825e-06 1.6791617e-05 0.00013543463 0.1564955 1.1135874e-06 0.0064070583 0.0006358466 0.041232143 1.3713063e-05 5.649269e-06 1.2639127e-05 0.010353904 3.347935e-05 0.0025585082 0.122554906 3.0982374e-06 1.2292357e-05 0.007046995 0.0044860374
0.20496513 0.024264447 0.23497978 0.09813599 0.08224109 0.0881358 0.33222416 0.21364456 0.0025445607 0.26477274 0.46128532 0.064261705 0.004183038 0.00027162523 0.48369756 0.86474454 0.00066739594 0.000501675 0.00061979855 0.0034552896 0.82837987 7.777529e-23 0.018324232 0.000813849 0.14101766 0.00024235278 0.0003831657 0.617765 0.99119985 0.00018658864 1.9510593e-05 6.670329e-05 0.07504019 0.007872036 0.0018307964 1.665559e-05 0.03767977 5.9735103e-05 0.00010010456 0.00012775674 3.2866687e-06 0.00043210972 9.4803937e-07 0.023043886 0.052213397 4.438865e-07 0.15930443 5.1034312e-06 0.00039496314 8.382268e-06 3.218749e-06 1.8166076e-05 0.0037592328 7.043189e-05 1.0803108e-05 0.008117821 0.0023538312 0.0057732337 7.880963e-06 5.7841396e-05 5.1253505e-06 1.4315704e-06 3.3532092e-06 0.0020643233 0.0013599466 0.073566884 5.22616e-06 0.00083931023 0.010621635 0.0034702902 0.046500027 1.2190993e-06 2.2244017e-06 0.0025194911 0.012450062 2.5194342e-07 0.0011806787 1.669463e-05 8.374769e-05 2.1787277e-07 0.00049297 1.7060943e-07 2.4520545e-05 2.9379073e-06 0.00013086924 0.048978943 7.6677026e-07 0.0028298625 5.5417226e-05 0.009737893 1.3648577e-06 5.6042904e-06 2.039384e-05 0.018570734 7.70604e-06 0.010487508 0.077741735 1.4191957e-07 1.0478334e-07 0.016689552 0.012617565
0.9097909 0.58464986 0.054762773 0.015844999 0.010701472 0.7711058 0.013051243 0.0016141213 0.038519222 0.15575685 0.028317953 0.0011181347 0.3572908 0.034659423 0.000242116 0.034771174 0.07129802 0.11727307 0.33710638 0.79615265 0.06526477 0.018324232 2.5362274e-18 0.54823434 0.0008802324 0.022488125 0.0048371917 0.08507314 0.007451822 0.58212024 0.034843903 0.0032642842 0.0012239636 0.0011540622 0.0024821314 0.06518255 3.895595e-05 0.0021405513 0.010243364 0.5962991 0.005351218 0.8199038 0.014109126 0.8211101 0.00024125486 0.04917894 0.3779647 0.063548006 0.0002139282 0.00019532125 0.15344308 0.10937269 6.5397224e-05 0.00038749768 0.19164184 0.00042263165 0.7587384 0.00038420834 0.22578214 0.25664493 0.044291947 0.004882424 4.9078404e-05 0.00041491972 0.26149607 0.010147417 0.003423545 5.756531e-05 0.00017234459 6.646986e-05 0.004229546 0.093551345 9.413743e-05 4.856946e-06 0.00034377637 0.039465632 0.081244916 0.00029385884 0.00011571032 0.0010785796 1.4104315e-06 0.0039064903 9.0041496e-05 0.001942672 8.072653e-05 0.089144066 0.00027103786 0.062209673 0.03574385 0.2641436 0.0015845279 0.00012283222 3.470277e-05 0.0006908786 0.00071445986 9.2338564e-07 0.01203647 0.0014554464 0.010766464 0.0006860073 0.00037875745
0.43254852 0.31600657 0.0026328843 0.001836779 0.0015290502 0.18805917 0.0011891918 0.00065466895 0.018840028 0.014230314 0.0013715406 0.0005549738 0.30943233 0.032470495 2.184193e-05 0.0010434249 0.11282333 0.19542696 0.8094233 0.9186313 0.001162088 0.000813849 0.54823434 3.2998127e-17 0.00010919425 0.046301845 0.005390198 0.00085062266 0.00029994376 0.94616455 0.09146848 0.005646619 0.0020833244 0.00025126644 0.0016628728 0.58476526 1.1330715e-06 0.0025765912 0.1193255 0.6235224 0.019529933 0.46453208 0.149785 0.20167632 6.9046596e-06 0.35013196 0.044646196 0.36032954 4.6631103e-05 0.00022959049 0.34111288 0.19144446 8.6484815e-06 0.00025905835 0.05536187 1.0302139e-05 0.38971296 4.86961e-05 0.03437755 0.041711345 0.04533977 0.041515715 6.084117e-05 0.00040581846 0.17897548 0.0004477034 0.021933839 0.00028139164 6.8022257e-07 3.050787e-05 7.935365e-05 0.0227587 0.0001256189 1.6541245e-06 2.8626453e-06 0.025635201 0.025428157 0.00027833992 0.00018836043 0.0037805308 4.7151334e-06 0.0014913767 4.860655e-05 0.0015622317 8.467478e-05 0.0050395536 0.00049503444 0.07224069 0.0034243201 0.010225087 0.008042727 0.00013234423 0.00010991001 4.574802e-05 0.0007513673 2.58984e-06 0.00082777924 0.00063961465 0.0033617155 2.5245094e-05 6.6068824e-06
0.31200406 0.002816005 0.026404211 0.026997095 0.024208276 0.003380966 0.042875916 0.088706486 0.004631484 0.021523675 0.029308228 0.06522937 0.0012093666 0.0004853955 0.7684206 0.024425633 0.0013028888 0.0004783085 0.00013774095 0.00019251106 0.01692313 0.14101766 0.0008802324 0.00010919425 7.613821e-21 0.00030295888 0.0012905214 0.041370172 0.50989103 1.4751645e-05 1.3184806e-05 0.00023210727 0.39260826 0.03367569 0.005988161 7.119768e-06 0.9816714 0.00017413149 5.8455833e-05 2.9786981e-05 1.2277887e-05 7.214357e-06 6.317015e-07 0.0014968197 0.57842183 6.675222e-07 0.03040135 1.5709103e-06 0.0038964665 3.0235187e-06 1.0513854e-06 1.9247975e-05 0.15549475 0.00027011125 9.304855e-06 0.020099442 0.00016983824 0.09172388 1.4978456e-06 5.9564413e-06 1.0189192e-06 5.538235e-07 3.4863199e-06 0.028844904 8.8733155e-05 0.34060013 9.7324964e-08 0.01063711 0.23467003 0.062824205 0.34596258 1.214606e-06 3.3453753e-07 0.11537429 0.1566548 7.3558546e-08 8.926329e-05 4.0901905e-05 0.000385415 6.3765917e-09 0.021730341 1.7470178e-09 7.4034087e-06 1.1501445e-06 0.0018432455 0.020710597 1.9606074e-07 0.00083626655 4.617642e-06 0.0018870045 2.1224325e-07 8.825161e-07 2.5313368e-05 0.10915275 1.31611505e-05 0.052229907 0.10342481 1.4512937e-08 1.5531993e-08 0.068461716 0.070008226
0.0032568306 0.2510881 0.046507925 0.08155668 0.058986064 0.011279763 0.0080428235 0.019284012 0.17030467 0.0078591155 0.003415446 0.01711252 0.15994014 0.5377567 0.0005368526 0.00041278903 0.22092272 0.14468044 0.24552003 0.06830437 0.00010572695 0.00024235278 0.022488125 0.046301845 0.00030295888 7.0198093e-19 0.6864193 3.5830417e-05 0.00014589776 0.0068696584 0.8130055 0.8467063 0.012955946 0.060740206 0.16486263 0.027855922 1.11718755e-05 0.3064342 0.017289039 0.0027335868 0.092233844 0.00093205925 0.0019920801 0.0025881527 0.00011254275 0.0041677016 0.00052806793 0.00024952728 0.036010575 0.24700037 0.00025408602 0.00041414725 2.542325e-05 0.11185008 0.00050559983 7.0721035e-05 0.006787533 0.0005449353 0.00045700796 4.2024363e-05 0.00052415836 0.0026309618 0.17975447 5.026929e-05 0.0016066442 8.850075e-05 0.00024141117 4.6007644e-05 1.5407179e-05 1.6937691e-06 5.2682368e-05 9.017908e-05 0.009436254 5.496669e-06 2.935909e-05 0.00017504176 0.00029222816 0.080367446 0.0025937492 2.9337161e-06 3.345409e-06 9.759224e-07 0.015486966 3.165716e-05 0.0099548595 0.000970934 2.202229e-05 0.0013824598 3.4936544e-05 0.010756581 2.260516e-05 0.0041776244 0.006109849 4.118011e-05 0.0016382192 1.955555e-06 0.0002144951 8.816502e-06 3.5223486e-05 3.860122e-05 3.1515806e-06
0.00064656505 0.12988028 0.030121809 0.05052924 0.04044704 0.0076097893 0.006290165 0.014608733 0.2982712 0.004643332 0.002335647 0.024777206 0.038918264 0.2783472 0.0013089721 0.0006156777 0.027229927 0.016191998 0.032353222 0.009401578 0.00023231078 0.0003831657 0.0048371917 0.005390198 0.0012905214 0.6864193 1.6057036e-19 0.00018819775 0.0003945782 0.00027983412 0.15463904 0.7691057 0.031087207 0.13518888 0.61232406 0.0005140367 8.958078e-05 0.7201766 0.0006385931 0.0009015328 0.0022487706 0.0012276308 4.661874e-05 0.00026603058 0.0003979753 9.185744e-05 0.00047771636 2.0619582e-05 0.08887049 0.11186512 6.1787105e-06 0.00010607265 0.000110820554 0.19805197 0.00027179005 0.0015632698 0.0005676174 0.0004576489 7.4898315e-05 4.5968176e-05 0.0001669698 3.715491e-05 0.14959939 0.00017872664 0.00049871934 9.877163e-05 5.2578922e-05 9.1326525e-05 5.27601e-05 3.39762e-05 9.3048155e-05 5.316787e-05 0.0006575949 8.671974e-05 0.00010868465 0.00012590543 0.00021659365 0.08359628 0.008184031 9.548664e-07 1.4815921e-05 3.3360327e-06 0.014100672 9.528929e-06 0.011932487 0.00035422895 1.35938835e-05 0.0010130974 3.2126754e-05 0.0021383176 1.2941347e-05 0.00014348482 0.0070433533 0.00020281298 0.00030464187 1.2229227e-05 0.00010333039 1.6073919e-06 4.6040454e-06 0.00011239785 2.9230885e-05
0.97595584 0.039643537 0.1301332 0.050479982 0.041525114 0.1585223 0.09763315 0.04391625 0.0011154454 0.1995872 0.117640376 0.024257623 0.0019392669 0.0006164673 0.054195814 0.3129279 0.0010083305 0.00078945374 0.0005146491 0.002211806 0.95722526 0.617765 0.08507314 0.00085062266 0.041370172 3.5830417e-05 0.00018819775 9.2661823e-23 0.8174091 0.00020495997 9.41785e-06 9.837491e-05 0.020045675 0.0018984167 0.00052573334 4.354884e-06 0.030942265 4.9693113e-05 5.688635e-05 0.00012301523 2.5331901e-06 0.002586619 1.8363629e-06 0.15657198 0.018907323 8.630096e-07 0.81230634 5.51184e-06 0.00012781475 8.915834e-06 1.2496864e-06 0.0002485329 0.0016421054 6.011687e-05 0.00015213157 0.0032740878 0.0081249 0.003510874 5.6703335e-05 0.00028003703 9.922401e-06 7.909597e-06 3.0276533e-06 0.0008418591 0.0011922499 0.033839572 1.2549251e-05 0.000938838 0.0036760746 0.0014293148 0.02595157 1.7475444e-05 2.33516e-06 0.0012634813 0.005085213 4.3878094e-06 0.0007519375 2.910096e-05 0.000107271946 1.8070016e-06 3.390774e-05 6.39063e-07 5.9792696e-06 8.6420505e-06 0.00012415575 0.30597275 8.526657e-07 0.0017920668 0.00019019947 0.085190095 1.6378333e-05 4.405508e-06 7.294985e-06 0.00867595 1.5922882e-05 0.0008092807 0.19778146 2.136238e-06 3.223935e-06 0.005706556 0.0036773507
0.93801236 0.016358603 0.11158801 0.04245011 0.03787343 0.048915002 0.13317718 0.13244696 0.0011373213 0.14970326 0.124313556 0.07371582 0.0010178465 0.0003504887 0.5206787 0.36408937 0.00044576052 0.0004104453 0.00028732358 0.00066055026 0.342796 0.99119985 0.007451822 0.00029994376 0.50989103 0.00014589776 0.0003945782 0.8174091 4.564876e-21 4.285596e-05 2.0222864e-05 6.634269e-05 0.11963023 0.008738261 0.0023518035 7.786763e-06 0.09874162 8.871412e-05 2.4420058e-05 5.6026955e-05 1.6272161e-06 0.00024840044 4.9470543e-07 0.0044718217 0.098362274 4.2054552e-07 0.12677148 3.1452187e-06 0.000417982 2.2462264e-06 1.6865497e-06 7.9962236e-05 0.012164985 4.7535133e-05 1.654231e-05 0.015966138 0.0009915618 0.010180995 3.7656012e-06 1.2667158e-05 7.2361894e-07 1.8464041e-06 1.3441488e-06 0.005168945 0.00025609715 0.21841265 4.0722944e-07 0.0012238376 0.017726183 0.0071686846 0.12566794 5.0299025e-07 9.5001883e-07 0.0075740702 0.013002016 7.537076e-08 9.1191534e-05 1.988101e-05 6.5970635e-05 3.246408e-08 0.0015321885 1.2513391e-08 2.7188905e-06 1.1703721e-06 0.00013960218 0.04922084 2.2366721e-07 0.0011583553 3.1134148e-06 0.012807899 2.3015681e-07 3.2394248e-06 2.1961541e-06 0.026004404 3.2000328e-06 0.0047284607 0.35643116 5.5570776e-08 6.7453714e-09 0.03223756 0.024157595
0.16896564 0.09245216 0.00015301348 0.0003466139 0.00027089857 0.029765679 7.107377e-05 7.8235906e-05 0.003447893 0.0014680387 0.0001579009 3.8592312e-05 0.13210066 0.012952381 2.0600482e-06 9.536761e-05 0.04569019 0.07715319 0.3511198 0.56831896 0.00015631646 0.00018658864 0.58212024 0.94616455 1.4751645e-05 0.0068696584 0.00027983412 0.00020495997 4.285596e-05 1.6277577e-19 0.0077982005 0.000743432 7.7913355e-05 7.576403e-06 8.130089e-05 0.31540504 1.280129e-07 0.00025839833 0.054216944 0.9055526 0.0070764455 0.52673453 0.09679069 0.15265428 2.044441e-07 0.24274465 0.017721053 0.41873434 2.7467524e-05 2.75139e-05 0.5340215 0.5273547 6.854916e-07 6.970088e-05 0.20049891 1.935995e-06 0.4146542 1.4153114e-05 0.07695926 0.0893746 0.20256497 0.036766715 2.4034009e-05 6.726357e-05 0.2520227 2.696707e-05 0.06720043 3.129181e-05 6.384748e-08 3.6932436e-06 7.63541e-06 0.04699551 2.2350792e-05 7.2098e-07 5.479317e-07 0.06342483 0.0509767 2.864993e-05 6.878367e-05 0.016074352 2.9315765e-06 0.007263321 4.286013e-05 0.019153893 3.7715727e-05 0.0060222135 0.00050502346 0.090898335 0.019353148 0.0040818015 0.015567951 1.464968e-05 9.716496e-05 1.2310598e-05 0.00053494447 1.0802506e-06 0.00020924216 0.0016835151 0.0060404786 6.77277e-06 8.373611e-07
0.0027354804 0.099241 0.02188441 0.034429092 0.022169285 0.0030695908 0.0027004734 0.009019968 0.03521934 0.009234999 0.00083551486 0.003682531 0.06957535 0.49354532 5.4740158e-05 4.57619e-05 0.3635528 0.21330492 0.26007572 0.07899214 3.227656e-05 1.9510593e-05 0.034843903 0.09146848 1.3184806e-05 0.8130055 0.15463904 9.41785e-06 2.0222864e-05 0.0077982005 1.1562077e-15 0.47552726 0.003246834 0.006626587 0.036946766 0.13577755 1.17018175e-07 0.11393757 0.14419907 0.0018381985 0.61534333 0.0043115458 0.0562566 0.0021429833 9.6209136e-05 0.028614081 0.0015272322 0.0013555028 0.0015896385 0.5387542 0.000117970005 9.361289e-05 1.0693604e-05 0.013021683 0.00022039129 8.064789e-05 0.007262663 0.00016671933 0.00013408547 9.957868e-05 0.00044289808 0.017064052 0.37114722 9.88145e-05 0.008220823 2.103882e-05 0.0002840398 4.4899516e-05 7.311074e-06 9.124251e-07 8.066123e-06 5.404162e-05 0.27280995 2.6139074e-07 3.7194084e-05 0.0001871045 0.0013825448 0.070389085 0.0015308857 1.663708e-05 4.8754346e-06 1.2378912e-06 0.04893029 6.9801026e-06 0.0039194245 0.0018271492 0.003911308 0.015459785 9.013806e-05 0.010956158 0.0007929027 0.10624374 0.02255665 0.00010748341 0.043185003 5.4579916e-05 0.005016329 0.00018353177 5.266559e-05 1.2375401e-05 3.4287596e-06
