6.5632255e-28 0.0007079567 0.00016265738 0.22720616 0.10596059 0.00037262554 0.060013875 3.234478e-05 0.025043368 0.0015721812 0.07353969 0.12658215 0.023595786 0.27873167 0.010819855 0.16857289 0.72410905 0.39813632 0.5541534 1.4108763e-07 0.0010481504 6.67512e-07 0.17347944 0.013355272 6.645072e-05 0.31835258 3.0464216e-06 0.2673688 0.031583633 0.76612335 0.6666338 0.21068482 0.20975593 0.15527214 0.2509024 0.0011954497 6.4470216e-05 0.0018752172 0.004792628 0.9489668 0.84742874 0.02581705 0.4884683 2.2303405e-12 0.5966989 0.58514637 0.001704082 0.23946993 0.8679211 0.95037633 5.5363335e-11 0.8005109 0.6358943 0.28264964 0.010318669 0.85408175 0.022631794 1.8549413e-06 0.03855382 0.005026134 0.041213185 0.58396345 0.47114164 1.327129e-06 0.95904076 0.020032007 0.0043644616 0.00033879685 0.020645412 0.23058237 0.42778143 0.34923035 7.963347e-05 1.0364562e-06 0.9967753 0.0055535 0.6234236 0.002439506 0.009362697 5.651499e-10 0.12445771 0.9765164 1.2350896e-11 1.3520817e-11 0.9727602 0.9991828 0.06744865 3.4714071e-06 0.16288371 0.99573785 0.9995927 0.9921754 0.87606335 0.014170456 0.99777645 0.004452621 0.9991732 0.99910235 0.99368465 0.9584532 0.9988815
0.0007079567 2.1354968e-19 0.78299755 0.6729639 0.75936747 0.014659954 0.24804947 0.5310201 0.20726688 0.4731255 0.058587994 0.034548316 0.008934757 0.08377671 0.13511057 0.0915902 0.073788114 0.017239835 0.052146986 0.08748359 0.042226136 0.09533377 0.011018657 0.018536488 0.006448943 0.006152243 0.023161795 0.0063424413 0.0011819359 0.018495701 0.015646568 0.0016483618 7.372953e-05 0.00051856827 0.0028266313 0.0027308497 0.00010459509 0.0001590169 0.00043472557 0.0013503669 0.0039601186 4.0104687e-06 0.0024537786 0.00059262983 0.00039734328 0.00011302526 0.00015343666 0.0007071631 0.0001447886 0.00025448395 0.0010459864 2.3753403e-06 0.0005463637 2.0490066e-05 3.0795338e-05 0.0001099227 0.0065699406 0.0015913403 1.8449326e-06 6.8693333e-07 1.8049761e-06 0.00040438844 1.3376392e-05 0.00039247784 0.000879992 4.7440928e-05 0.0018618321 0.00012963491 7.992987e-06 3.3745375e-05 1.2308099e-05 0.000115277355 3.7878742e-06 2.3095829e-05 0.0013774438 5.304174e-06 0.0019404897 4.395537e-06 1.6902468e-06 1.3876945e-05 1.9317054e-06 0.0038099713 0.000110749555 1.3497772e-05 0.00037075602 0.0005477792 8.794063e-06 0.00047085597 2.2136808e-06 0.00023291286 0.0028464003 0.0012014972 4.310908e-07 2.9238897e-06 0.0059421784 0.00091331627 0.007537943 0.020643571 0.00094640127 0.0046237675 0.00012781633
0.00016265738 0.78299755 5.726695e-18 0.34851542 0.35698992 0.105817415 0.059747502 0.5454945 0.039198797 0.17608315 0.041550294 0.061930895 0.026603859 0.030442165 0.035740875 0.01006506 0.014222187 0.0013431597 0.01084184 0.57098424 0.009656782 0.18853503 0.000858831 0.0036620256 0.0022943728 0.0001517936 0.031929024 0.0005757742 0.0023820268 0.0019021109 0.0034846684 0.0008446758 1.8584871e-05 0.00017067656 0.00014292229 0.00073354377 0.0016616151 3.348376e-05 4.59435e-05 0.0010453851 0.00018209603 1.2319231e-05 3.080917e-05 0.020371288 8.4024205e-06 7.658725e-06 8.320983e-05 0.00073367916 3.18758e-05 3.104918e-05 0.0052577173 1.0378905e-06 0.00030467618 6.801432e-06 1.8906943e-05 5.1401756e-05 0.00047834957 0.007142705 9.59787e-08 1.2637199e-07 1.8246935e-07 0.0001779652 1.112891e-06 0.00014673876 0.00023226978 0.00012722796 3.975669e-05 9.648115e-06 2.0960465e-06 0.00021477613 4.4470553e-07 2.407225e-05 3.783073e-06 7.67064e-06 0.00018305771 8.036484e-08 0.00031796785 4.661996e-08 5.1954265e-07 1.4311317e-05 8.3195026e-08 0.0011648175 0.0008413367 2.9497396e-05 7.683419e-05 0.00022770824 1.4265701e-06 0.0003208305 4.7632238e-07 0.00072635105 0.0017950183 0.0005995286 1.0663847e-07 3.266992e-07 0.0035940497 4.7469624e-05 0.007202966 0.049338 0.0025080258 0.002366897 3.129076e-05
0.22720616 0.6729639 0.34851542 2.3838743e-18 0.9010128 0.17310034 0.4638795 0.070988916 0.21506132 0.1503525 0.54069865 0.45338628 0.15382232 0.6222328 0.19355577 0.5901992 0.66529506 0.118356235 0.4643345 0.0064129853 0.03205259 0.046595033 0.03666057 0.038058512 0.0028553072 0.012260548 0.029056024 0.15687026 0.032442197 0.37237853 0.33898985 0.122949205 7.5890326e-05 0.00066320074 0.034627076 0.0010144982 0.00022936462 0.0003187691 0.001550829 0.07265248 0.09962271 1.0925315e-05 0.06347828 4.2620297e-05 0.0016735408 0.002010724 0.0069973017 0.026283097 0.011474939 0.008052481 0.0005579445 4.5211375e-05 0.010813527 0.005636145 8.931719e-05 0.034906734 0.018089399 0.0036256907 5.7871466e-07 4.1835983e-07 1.5419738e-06 0.0063485047 4.702259e-06 0.0010938448 0.015579143 0.00034044657 0.0039204466 0.00019548877 2.3778152e-06 0.00037398477 1.8392759e-06 0.0066500604 5.0289433e-05 0.00021566343 0.023952758 1.1396067e-05 0.03698332 3.43816e-06 1.7973184e-06 4.518633e-05 4.6592424e-07 0.061320856 5.954809e-05 2.635928e-06 0.006214357 0.012018901 6.0084617e-06 0.0018328873 2.157282e-06 0.001540181 0.09140312 0.022028169 3.7944383e-07 9.2792493e-07 0.047668613 0.009220988 0.06403692 0.3007341 0.0059821336 0.036382128 0.0012832492
0.10596059 0.75936747 0.35698992 0.9010128 1.0233891e-17 0.010258972 0.6357736 0.16573119 0.4805538 0.3535103 0.17833917 0.100317165 0.014895395 0.23899673 0.3459505 0.30416977 0.39246616 0.08437235 0.16276751 0.027783656 0.16570711 0.07750476 0.040089246 0.12936765 0.021644551 0.030144153 0.066002704 0.082202524 0.0027235737 0.18092297 0.10442388 0.00743442 0.0003896253 0.0013122637 0.01608919 0.010986559 1.1392557e-05 0.00040288834 0.0018678039 0.0040216474 0.044088334 2.1471194e-05 0.01640537 0.00026800742 0.0046662805 0.001204429 0.00049288326 0.0010568125 0.0014672332 0.0021786978 0.0014408514 0.00014561697 0.0006090453 0.00024079907 9.254981e-05 0.0013808194 0.04212835 0.003476838 1.2624304e-06 4.1737428e-07 2.2463935e-06 0.0002810762 9.4527e-06 0.0032677727 0.0023799003 2.015317e-05 0.00308275 0.00016943639 1.7603563e-06 5.3052187e-05 5.2647288e-06 0.0005565413 9.490684e-06 0.00024289722 0.010384386 6.3534794e-06 0.005541218 4.591707e-06 4.839139e-07 3.602328e-05 1.4904787e-06 0.009600978 7.383008e-05 2.464112e-06 0.0005992257 0.006213566 1.5454461e-05 0.0023282059 1.3115712e-06 0.00019306336 0.009244836 0.0017030066 6.52033e-07 3.0688018e-06 0.007645175 0.009548579 0.01067861 0.069767624 0.0014033936 0.005819532 0.0010129713
0.00037262554 0.014659954 0.105817415 0.17310034 0.010258972 7.9562806e-18 0.0005304741 0.0002460179 0.00012314187 6.465783e-05 0.3512467 0.7630048 0.77821 0.07892389 5.3697317e-05 0.001439835 0.0025185768 0.00011162158 0.010315736 0.000117079304 5.263577e-05 3.2429005e-05 5.032954e-05 3.0207937e-05 1.095509e-05 9.503409e-06 2.64237e-05 0.0009678767 0.3588007 0.0055272393 0.032215923 0.08044557 4.5252723e-06 5.027694e-06 0.0003198919 1.9199308e-06 0.105534405 1.3360003e-06 1.6344957e-05 0.017596383 0.0019527337 4.4121216e-06 0.0010791362 5.858919e-06 2.2959539e-05 0.00010882539 0.015048788 0.089571364 0.0030864738 0.0010803831 1.8713119e-05 4.463058e-06 0.028455205 0.009240227 1.2863485e-05 0.008903557 0.00060358056 0.00054492574 1.0163376e-06 2.0072108e-07 5.7065114e-07 0.014561289 3.7924556e-07 7.3967225e-05 0.0011988885 0.0049224747 0.0001389785 9.154016e-05 1.7882716e-05 0.00871736 1.9369304e-07 0.010877618 2.2369368e-05 3.8211037e-05 0.0003179815 7.768897e-07 0.00960821 2.5762654e-07 4.420221e-06 4.0165814e-06 2.4263917e-07 0.004073011 5.587291e-05 2.0415574e-07 0.008330996 0.00039376025 1.4441612e-06 4.4985703e-05 1.1882757e-06 0.0061257333 0.0015212686 0.009535644 1.9807824e-07 1.9104868e-07 0.01375846 3.758123e-05 0.004713185 0.014287841 0.012009484 0.0068484126 3.7077425e-05
0.060013875 0.24804947 0.059747502 0.4638795 0.6357736 0.0005304741 2.9324782e-22 0.051036198 0.9117446 0.3433336 0.04919544 0.012127813 0.0026271092 0.12631342 0.49463704 0.5932408 0.35978094 0.3040439 0.07338183 0.0029834972 0.21314234 0.027535435 0.1735049 0.3731847 0.06296288 0.171246 0.03364947 0.2658814 0.0004876672 0.13557866 0.058074474 0.00175991 0.015881944 0.026051123 0.09769408 0.0286504 2.1006392e-06 0.014257625 0.017317398 0.0019690322 0.03324345 0.002516746 0.020954628 8.584624e-06 0.041587725 0.0054015187 3.6508372e-05 6.4706626e-05 0.001611535 0.0030568598 7.9292084e-05 0.005323855 8.76114e-06 0.00018958465 0.0025027764 0.0004773065 0.16637379 0.0016844248 9.1088505e-06 4.0509613e-06 3.80346e-05 5.7470493e-06 2.735462e-05 0.0012238318 0.0034687321 5.732153e-07 0.004011822 4.998686e-05 4.834994e-06 4.3151917e-06 1.599362e-05 0.000113521855 3.4095697e-06 3.2768272e-05 0.013866402 7.3116775e-05 0.00195416 2.384438e-05 5.1764973e-06 4.1915297e-07 8.208883e-06 0.004752521 4.9683073e-05 6.3380234e-08 0.00012209645 0.0105028525 5.544413e-05 0.00036116657 5.450886e-05 1.7017011e-06 0.0016971586 0.0012556392 4.3714035e-06 9.725549e-06 0.0025884747 0.00089844735 0.0018886526 0.011025799 2.5685256e-05 0.0006730006 0.0035457741
3.234478e-05 0.5310201 0.5454945 0.070988916 0.16573119 0.0002460179 0.051036198 3.054039e-18 0.06466053 0.65690106 0.005862899 0.0014329795 0.00031613372 0.006958429 0.16850372 0.0095264 0.017302293 0.0062832218 0.0037738197 0.39004314 0.07861398 0.4495983 0.004714774 0.022315376 0.01753605 0.004640149 0.27497426 0.0008331545 1.608839e-05 0.0008194561 0.00034904023 2.2466387e-05 0.0003418478 0.0025854255 0.00064423017 0.021782424 2.2013776e-06 0.0002570453 0.00076055265 7.769194e-05 0.00020703312 4.0634513e-06 0.00011373545 0.0021154396 0.00019089326 4.6692334e-05 1.3817208e-06 1.3081864e-05 1.907837e-06 1.3601418e-05 0.0017725329 9.086526e-06 9.2693035e-06 7.9521335e-08 1.0015255e-05 3.542914e-06 0.005649471 0.0017206211 8.5871456e-08 1.7578458e-07 1.1408028e-07 2.9943556e-06 6.244021e-07 0.0005306732 4.6792633e-05 1.8351251e-06 0.0003784307 1.8440761e-06 1.0610522e-06 1.9452284e-06 1.704575e-07 6.297673e-06 2.4951333e-07 4.8044185e-06 0.0006628422 3.5776085e-07 0.00015193973 3.7500564e-07 2.1971292e-07 2.884601e-05 1.2991019e-07 0.00029039817 0.00094989524 4.5815388e-05 4.1018116e-05 0.0003182764 7.210488e-07 0.000117225674 6.0353415e-07 4.2601664e-06 0.0004349524 0.00038484903 9.026912e-08 3.923895e-07 0.0009027119 9.443569e-05 0.00078878016 0.015141857 0.00023357506 0.0012453404 5.3859225e-05
0.025043368 0.20726688 0.039198797 0.21506132 0.4805538 0.00012314187 0.9117446 0.06466053 3.5730506e-20 0.45661587 0.033818692 0.0067886435 0.0019786172 0.06968267 0.71607894 0.29139727 0.1909213 0.15940046 0.03656983 0.0034390606 0.28937775 0.032558285 0.13401395 0.47163126 0.09076807 0.13253531 0.041911256 0.089307696 0.0003496971 0.040646568 0.013529437 0.00095962593 0.01933251 0.03540033 0.030728742 0.041823063 4.933453e-07 0.019569779 0.022013677 0.0010317866 0.018320285 0.0036222916 0.0110666575 7.3759948e-06 0.024117518 0.0033959635 4.3654356e-05 3.782779e-05 0.00048402816 0.0010580624 4.9427254e-05 0.0039093154 8.083026e-06 2.3586595e-05 0.0038872468 1.0276625e-05 0.1872282 0.0014720297 3.6978974e-05 8.249009e-06 8.690734e-05 4.3267055e-06 5.387453e-05 0.0015499014 0.0026716683 7.5621995e-07 0.008119761 0.00056931784 1.4103879e-05 2.0542236e-06 3.7811562e-05 2.9458068e-05 1.6448867e-05 5.5586446e-05 0.0086686015 0.00013850826 0.00037360264 5.9902708e-05 5.1579536e-06 2.4892474e-06 2.1629525e-05 0.0008819886 0.000118582146 1.540609e-07 1.7102011e-05 0.0056677437 2.8060442e-05 0.00024595103 9.922926e-05 2.4200262e-06 0.00085113954 0.0003284842 9.12671e-06 1.1296194e-05 0.00064458314 0.0008413174 0.0005290819 0.017473456 4.1273015e-05 0.0006163151 0.0026132225
0.0015721812 0.4731255 0.17608315 0.1503525 0.3535103 6.465783e-05 0.3433336 0.65690106 0.45661587 1.2308216e-18 0.013291969 0.0011309228 0.00019045267 0.01650606 0.81393015 0.037945222 0.056741368 0.022876972 0.008892025 0.0819538 0.5578295 0.40909597 0.017796088 0.3780736 0.1617388 0.031497933 0.33490095 0.004970447 7.819581e-06 0.0031830315 0.0016072144 8.3186984e-05 0.0009844973 0.008570584 0.0018148001 0.09955725 9.4109424e-07 0.0016367809 0.00540224 0.00017005493 0.0010116564 2.1289094e-05 0.00041316397 0.0006157288 0.00088490883 0.00011738541 5.6090707e-06 1.1717765e-05 2.0771415e-05 2.6845415e-05 0.0013378294 4.7480582e-05 1.1592797e-05 3.13553e-06 4.8691967e-05 4.8975094e-06 0.06366496 0.008496867 6.835873e-07 2.063251e-08 8.5087527e-07 4.9704277e-06 5.34314e-06 0.0048379484 4.96342e-05 2.0882076e-06 0.0034908103 1.30028075e-05 3.1030784e-06 1.6946642e-06 1.6753667e-06 1.1370513e-05 2.385935e-07 1.666746e-05 0.00034941323 3.891104e-06 0.000121502424 1.1872744e-06 3.0224737e-07 2.1031449e-06 4.353416e-07 0.0002826878 8.5382206e-05 6.0048103e-07 9.671634e-06 0.00015206731 1.947077e-06 0.00021949419 2.8776974e-06 4.1268704e-06 0.00011332726 0.00014193574 2.0710628e-07 6.088365e-07 0.00043264375 9.892311e-05 0.0004038277 0.0026644967 0.0001327929 0.00041217476 5.0362145e-05
0.07353969 0.058587994 0.041550294 0.54069865 0.17833917 0.3512467 0.04919544 0.005862899 0.033818692 0.013291969 2.493661e-18 0.791889 0.52127874 0.93218505 0.021842174 0.14675482 0.2423301 0.013828956 0.55055887 0.00012508417 0.0055576293 0.0004730418 0.0037238628 0.003865086 0.0002729389 0.0034428951 0.00021988599 0.16626032 0.14508404 0.44815278 0.41717535 0.54150295 9.72099e-05 0.00011213189 0.06253721 9.810547e-05 0.003203395 3.4304067e-05 0.00066641456 0.17998126 0.107866645 1.2190742e-05 0.118224464 3.026164e-06 0.003901462 0.008530269 0.014944811 0.07684901 0.091391966 0.04635652 2.30955e-05 0.00040521185 0.03914821 0.07191825 0.00019476656 0.06908201 0.008152524 0.001519151 6.7858457e-07 1.0151597e-06 2.922075e-06 0.015058256 8.087969e-06 0.00015690643 0.022236703 0.00039661737 0.002258135 0.00015680378 1.1820474e-05 0.0053144963 1.257583e-06 0.033289626 1.9278268e-05 1.8365705e-05 0.013816789 3.4488824e-06 0.06631794 2.052569e-06 1.4860204e-06 1.8995448e-05 1.0495492e-06 0.03946395 9.801878e-05 2.6091097e-06 0.011048167 0.0036581825 4.5248988e-05 0.0007753621 6.5925756e-06 0.005447984 0.023766298 0.026032778 2.5579618e-06 4.2107226e-06 0.03607349 0.0031562103 0.028897557 0.13565733 0.018558722 0.033269033 0.0014819264
0.12658215 0.034548316 0.061930895 0.45338628 0.100317165 0.7630048 0.012127813 0.0014329795 0.0067886435 0.0011309228 0.791889 5.0078205e-21 0.9501564 0.6539332 0.0032501938 0.11336332 0.16060017 0.009181679 0.34820697 4.5354922e-05 0.0016521477 9.191816e-05 0.003014911 0.0005351233 0.00023046907 0.0018243057 0.00012437096 0.10584874 0.5167969 0.43697992 0.49828961 0.6695018 0.00015410331 6.688203e-05 0.041150153 1.1590111e-05 0.009831879 9.220481e-05 0.00041798776 0.31132695 0.06199764 5.7153513e-05 0.036970947 1.7707249e-06 0.0021781195 0.0044695837 0.0038209364 0.3896417 0.10163492 0.022149246 6.7283045e-06 0.00019550741 0.16017345 0.13584892 0.0005246465 0.08190915 0.035190985 0.0009602466 1.10299525e-05 3.2128519e-06 2.4782297e-05 0.06670396 1.8938351e-06 0.00043879356 0.00929709 0.001234287 0.0030512658 0.0007325685 3.5626897e-05 0.00436328 7.542695e-07 0.06367825 0.0009521635 0.00010823368 0.009157985 9.399139e-05 0.10825246 1.3725859e-05 7.686545e-06 4.565477e-06 9.637195e-07 0.05706877 1.06980315e-05 2.0857024e-07 0.058872934 0.003222624 4.848317e-05 0.0006046908 1.3719041e-05 0.006853953 0.01251812 0.07527947 4.5790293e-06 1.4519452e-05 0.11327119 0.010973428 0.042767033 0.048202306 0.009315847 0.02831244 0.0012492915
0.023595786 0.008934757 0.026603859 0.15382232 0.014895395 0.77821 0.0026271092 0.00031613372 0.0019786172 0.00019045267 0.52127874 0.9501564 1.1046992e-19 0.25136787 0.0009854757 0.014626988 0.018193197 0.0010648955 0.13621283 1.91196e-05 0.0006632406 1.3314931e-05 0.00030912104 0.000374181 4.144009e-05 0.00022359718 3.7764174e-05 0.012694212 0.5129594 0.13543952 0.31384853 0.5874839 1.3185661e-05 1.2435226e-05 0.009073196 5.593531e-06 0.031389724 1.7856115e-05 0.00017233934 0.22557339 0.016941248 5.90312e-06 0.015171055 5.230201e-07 8.861231e-05 0.0007001734 0.011072749 0.38347068 0.02424152 0.0058452818 6.286452e-06 1.9957631e-06 0.2153247 0.12467004 6.360358e-05 0.10548827 0.0134146605 0.0010149198 2.0770137e-06 8.9593254e-07 2.9777364e-06 0.09306052 1.3725995e-06 0.00047396545 0.001990991 0.0065026754 0.0026305027 0.00048427423 1.4544078e-05 0.012795416 7.417305e-07 0.09053221 0.00012271093 4.772227e-05 0.0016094629 4.0364534e-06 0.092417836 8.2069283e-07 2.0238713e-06 2.452168e-06 2.1373516e-07 0.054371115 3.6394438e-06 1.09716105e-07 0.08002994 0.00062110595 7.939896e-06 0.00025408794 7.2977093e-07 0.019013587 0.01761245 0.0975226 1.2628078e-07 7.983886e-07 0.09522466 0.0012960568 0.039080206 0.052473683 0.033234704 0.05486319 9.805655e-05
0.27873167 0.08377671 0.030442165 0.6222328 0.23899673 0.07892389 0.12631342 0.006958429 0.06968267 0.01650606 0.93218505 0.6539332 0.25136787 1.297162e-20 0.048446044 0.38197047 0.58283335 0.080275185 0.91071177 6.630955e-05 0.0088323485 0.00095853704 0.02075952 0.008275424 0.00089857925 0.008166853 0.0009376792 0.50456816 0.07962 0.7516549 0.61606425 0.6231825 0.0006596183 0.00039787474 0.21354397 1.7717663e-05 0.0005553426 6.645446e-05 0.00047031118 0.26711273 0.3074374 1.6050002e-05 0.2704499 5.375657e-06 0.024774829 0.027266458 0.008212168 0.055007223 0.29701182 0.20426473 3.337328e-06 0.0049572964 0.0314441 0.10339855 0.0003181781 0.11720738 0.012490412 0.0010951024 5.40677e-07 6.454477e-07 2.4442247e-06 0.021583367 5.923755e-06 0.00020477828 0.060437474 7.627517e-05 0.0014413613 0.00013454942 1.3920832e-05 0.002733999 3.761707e-06 0.043932986 1.5905216e-05 9.51016e-05 0.051229812 3.4284683e-06 0.10199494 1.7681261e-06 1.5018031e-06 2.3397479e-06 1.6990596e-06 0.08585153 1.2342163e-05 2.2302055e-07 0.014440417 0.012245433 7.915661e-05 0.00018709575 4.4920886e-05 0.004891192 0.05662084 0.05815008 1.5879375e-05 8.199642e-06 0.05587111 0.005430412 0.04688106 0.117489725 0.013918835 0.060063306 0.004927423
0.010819855 0.13511057 0.035740875 0.19355577 0.3459505 5.3697317e-05 0.49463704 0.16850372 0.71607894 0.81393015 0.021842174 0.0032501938 0.0009854757 0.048446044 1.2580778e-20 0.09303789 0.11995428 0.050780896 0.017822107 0.007447737 0.80441093 0.13964084 0.038671546 0.7963349 0.31902316 0.07988705 0.22984438 0.01959415 2.9304792e-05 0.008536506 0.0043361112 0.0003365457 0.0058974233 0.025700768 0.010494567 0.24061099 3.000593e-06 0.010560911 0.013659472 0.0001830476 0.0032614854 0.0011375308 0.0019595504 1.4229485e-05 0.0046659843 0.00056349055 7.794114e-05 1.9215511e-05 2.6576545e-05 0.00012012445 0.0002010812 0.0007747818 5.943827e-06 8.43871e-06 0.0013309683 1.9142158e-06 0.39405692 0.0066617597 6.3085595e-06 1.0273847e-06 3.660697e-05 4.0792465e-06 1.2972512e-05 0.008047737 0.00019813202 6.830188e-06 0.015203158 0.0003074403 8.440143e-06 1.7348059e-06 1.0130866e-05 2.1409198e-05 3.6104016e-06 0.000101262354 0.0008489657 3.7248996e-05 0.00014262451 1.335536e-05 1.5385418e-05 2.5135892e-06 6.2715776e-06 0.00028173425 0.000108980246 2.1960085e-07 2.168742e-05 0.0010278699 1.2498858e-05 0.00037346387 1.766199e-05 1.4356884e-06 7.585285e-05 4.7520854e-05 5.590406e-08 2.4676865e-06 0.0002686095 0.0006973619 0.00017097437 0.0024556245 6.5519107e-06 8.596721e-05 0.0005897637
0.16857289 0.0915902 0.01006506 0.5901992 0.30416977 0.001439835 0.5932408 0.0095264 0.29139727 0.037945222 0.14675482 0.11336332 0.014626988 0.38197047 0.09303789 6.40219e-22 0.9040364 0.9237135 0.33153045 3.1361596e-05 0.01560721 0.005055386 0.52930677 0.118121766 0.010226735 0.22140534 0.003568113 0.7939094 0.005541681 0.32487938 0.111980714 0.022781417 0.07683133 0.053209912 0.33835295 0.0004344694 2.5334198e-06 0.04884953 0.041263714 0.014459282 0.15167964 0.01739779 0.22843537 2.9866882e-07 0.18469653 0.07181556 0.00070883497 0.00029185636 0.039478358 0.057243183 5.645402e-06 0.037496146 0.00012812365 0.0018218327 0.008417876 0.0054839337 0.01544116 0.00013529997 0.00037310252 2.4672947e-05 0.00044621198 0.00011790904 0.0007794947 2.8439665e-05 0.047059044 2.918232e-06 0.00865666 0.00016695769 0.00033929638 1.30747185e-05 0.00036865522 0.0006953337 3.6548437e-05 1.0310473e-05 0.060491145 0.00019830554 0.008870203 0.0001466382 0.00020516689 4.9202517e-06 0.00035333115 0.01419692 1.5846337e-05 1.2431326e-07 0.00053448934 0.040864415 0.0012614689 0.00013098512 0.0007651724 7.756062e-05 0.01662253 0.0035282928 0.0004162643 0.00051981607 0.004631698 0.009981025 0.0076079248 0.073267415 0.00013485529 0.008759386 0.031801797
0.72410905 0.073788114 0.014222187 0.66529506 0.39246616 0.0025185768 0.35978094 0.017302293 0.1909213 0.056741368 0.2423301 0.16060017 0.018193197 0.58283335 0.11995428 0.9040364 1.2844e-19 0.49755883 0.6273584 0.00081109063 0.025397893 0.009278878 0.1741488 0.11346748 0.004991898 0.13264711 0.009740991 0.813681 0.013978044 0.57311493 0.29550493 0.07546078 0.017354887 0.027094567 0.29646754 0.0024516664 1.2567839e-05 0.013640264 0.016352644 0.064153366 0.3421152 0.0024154286 0.33220625 6.831103e-07 0.18330628 0.06508896 0.0032720636 0.003444572 0.09807212 0.14619327 4.4743407e-05 0.013477173 0.0027617847 0.0060929805 0.003367398 0.037666198 0.032820575 0.0012535974 7.3750516e-06 6.950469e-06 2.5798723e-05 0.00083662994 8.3784675e-05 0.00023219826 0.13041495 1.5832666e-05 0.011389479 0.003935489 7.1984505e-05 4.5893314e-05 7.822292e-05 0.007467601 0.00044940168 0.00024143809 0.18690816 7.000966e-05 0.03984332 5.055082e-05 8.9630514e-05 2.3778324e-05 5.194446e-05 0.072220646 5.862784e-05 1.9741283e-06 0.0022010943 0.09762105 9.8423065e-05 0.0012219267 0.00032902253 0.00039692875 0.0843347 0.010965002 0.00010410657 3.7366837e-05 0.029022917 0.014290949 0.03703412 0.08676107 0.0027043344 0.02979145 0.017599924
0.39813632 0.017239835 0.0013431597 0.118356235 0.08437235 0.00011162158 0.3040439 0.0062832218 0.15940046 0.022876972 0.013828956 0.009181679 0.0010648955 0.080275185 0.050780896 0.9237135 0.49755883 1.626286e-20 0.08088285 6.601878e-05 0.008985009 0.0069730133 0.914189 0.124591835 0.00886641 0.6130717 0.00511319 0.67645353 0.0003416492 0.12311126 0.021745427 0.0010546659 0.25381052 0.18607488 0.31072992 0.00029890207 1.2239267e-06 0.07961716 0.06301397 0.0017323773 0.09827007 0.07812003 0.19702716 5.0013176e-07 0.42447552 0.10514685 6.108716e-05 2.285407e-05 0.008948566 0.027454425 6.1664723e-06 0.26801884 8.20069e-06 0.0001347856 0.021393124 0.00045705764 0.013949087 0.0002542918 0.002735856 0.0016873978 0.0028105103 1.1069648e-05 0.002192467 2.900205e-05 0.052509315 8.8390505e-07 0.008495541 0.0007493833 0.0006727554 1.1115709e-05 0.0006859312 0.00021484292 0.00057707925 1.5343803e-05 0.08579001 0.0015089327 0.0031230634 0.0010098682 0.00059755903 6.0448606e-06 0.0006629924 0.0077169575 3.1676733e-05 4.008735e-07 3.5873632e-05 0.10438223 0.0020218226 7.516651e-05 0.0014398363 2.4149298e-05 0.009050001 0.00051099283 0.000992764 0.002027221 0.0008049537 0.012933496 0.0014381696 0.06926595 1.4382081e-05 0.0015579253 0.03862062
0.5541534 0.052146986 0.01084184 0.4643345 0.16276751 0.010315736 0.07338183 0.0037738197 0.03656983 0.008892025 0.55055887 0.34820697 0.13621283 0.91071177 0.017822107 0.33153045 0.6273584 0.08088285 2.3185716e-20 4.8229995e-05 0.0036258013 0.00050617347 0.033430222 0.005878164 0.00029013713 0.018551635 0.0008828545 0.6234837 0.03988261 0.88088167 0.6353764 0.5332357 0.001748559 0.0012335703 0.25000408 1.3846196e-05 0.00015513107 0.0005400666 0.0014624805 0.22034054 0.31482443 0.00020676105 0.28785807 8.3897334e-07 0.050622623 0.034063384 0.008379119 0.010318703 0.23727357 0.1820479 1.2124978e-05 0.007116249 0.0079972185 0.039778095 0.00048059953 0.06169648 0.0043036477 0.0004891444 7.8381817e-07 3.7006473e-06 6.9609046e-06 0.0045917244 1.3265033e-05 0.00016193242 0.1038771 2.3515735e-05 0.0011896292 0.00014304392 1.6172042e-05 0.00024019038 7.1391596e-06 0.02690555 3.399442e-05 5.576921e-05 0.064022675 1.282764e-05 0.09967449 1.13398655e-05 8.881507e-06 5.415344e-06 4.6419923e-06 0.09681948 2.866704e-05 4.714893e-07 0.006684552 0.017683238 7.226377e-05 0.00045829045 6.472229e-05 0.0013982696 0.06826612 0.026991049 6.3516927e-06 1.3138326e-05 0.058863994 0.0069695963 0.046450518 0.05566163 0.0029275424 0.0483349 0.005098973
1.4108763e-07 0.08748359 0.57098424 0.0064129853 0.027783656 0.000117079304 0.0029834972 0.39004314 0.0034390606 0.0819538 0.00012508417 4.5354922e-05 1.91196e-05 6.630955e-05 0.007447737 3.1361596e-05 0.00081109063 6.601878e-05 4.8229995e-05 1.0646435e-17 0.0033465598 0.4820649 9.545878e-05 0.0019907441 0.00064946804 6.0077262e-05 0.2796816 6.658736e-05 1.1853267e-05 3.0698306e-05 8.178666e-06 5.973388e-06 1.6287819e-05 0.00012104224 5.3468895e-05 0.003289455 7.6572505e-06 5.9289036e-06 2.4220039e-05 1.16261335e-05 9.439504e-06 9.214271e-06 4.9686954e-05 0.360618 9.693749e-06 9.021362e-06 9.958134e-07 7.964528e-06 1.173567e-05 1.7762903e-05 0.075625345 3.5372998e-06 4.7816437e-05 5.8114813e-07 2.7143582e-05 1.5895957e-06 0.00044623093 0.012913462 2.6122777e-07 2.4363624e-07 1.4556143e-06 1.2157597e-05 4.1068924e-07 8.172533e-05 0.0005511349 9.116784e-06 3.1723957e-05 1.7235574e-06 2.4469186e-06 8.251045e-06 3.225246e-07 8.507431e-05 5.3846895e-07 1.0659043e-06 0.000623059 2.736829e-07 0.00076073257 2.3654762e-07 1.7277276e-06 9.123572e-05 8.697504e-08 0.00072910276 0.0038891141 0.0001748607 1.6193448e-05 0.00082056934 5.3898248e-06 9.008315e-05 4.3003856e-06 3.421901e-05 0.00049950404 0.00030130902 3.3809688e-06 1.2130247e-06 0.0005367407 4.7722773e-05 0.0017561772 0.0029265278 0.0011443847 0.001560989 9.5035044e-05
0.0010481504 0.042226136 0.009656782 0.03205259 0.16570711 5.263577e-05 0.21314234 0.07861398 0.28937775 0.5578295 0.0055576293 0.0016521477 0.0006632406 0.0088323485 0.80441093 0.01560721 0.025397893 0.008985009 0.0036258013 0.0033465598 3.8851264e-21 0.1694389 0.007394441 0.76895165 0.5942784 0.012778093 0.32213715 0.0029081916 1.9702098e-05 0.0022538353 0.0006828342 0.00021904294 0.00087688677 0.00858926 0.0008031881 0.3119322 3.2983617e-06 0.003309758 0.004942422 9.819486e-05 0.00043065342 0.00015550404 0.00091922807 4.239848e-06 0.00028313167 7.156539e-05 3.946578e-05 9.370208e-06 8.245036e-06 3.5922385e-05 8.7477776e-05 7.083106e-05 8.0799055e-06 2.5474155e-06 0.0004212791 1.2667841e-06 0.34116414 0.012078308 1.7432823e-06 2.6372567e-07 1.4850161e-06 8.420509e-06 2.158128e-06 0.009141372 0.00018273327 1.5205332e-05 0.014539462 0.00041870453 5.3198933e-06 5.244294e-06 2.9079197e-06 6.9356643e-06 1.2275101e-05 9.4708514e-05 0.00023149955 1.4776488e-06 1.8044075e-05 7.890366e-07 1.2265008e-06 2.6551504e-06 1.2577605e-06 4.6486708e-05 2.4932522e-05 6.4675464e-07 1.0840055e-05 0.00026571794 1.9219333e-06 0.00015696824 4.8483103e-06 1.6080023e-06 0.00013207202 3.9346836e-05 1.7478476e-07 7.4403874e-07 0.00014298692 0.00035830776 7.0980976e-05 0.0006550993 3.7291436e-05 0.00028498052 0.0001593325
6.67512e-07 0.09533377 0.18853503 0.046595033 0.07750476 3.2429005e-05 0.027535435 0.4495983 0.032558285 0.40909597 0.0004730418 9.191816e-05 1.3314931e-05 0.00095853704 0.13964084 0.005055386 0.009278878 0.0069730133 0.00050617347 0.4820649 0.1694389 1.07266875e-20 0.007475571 0.08291303 0.06333003 0.008427621 0.6389055 0.00047424628 2.286293e-06 6.118062e-05 6.734253e-05 2.5025449e-05 0.0010217207 0.009418557 0.00045038035 0.16982308 1.8960652e-06 0.0008266369 0.0051063383 0.00013059919 3.7195183e-05 3.4763252e-05 5.063024e-05 0.014387075 0.0002574346 4.167777e-05 1.367157e-06 4.870286e-06 1.0613129e-05 2.6686876e-05 0.023906115 1.6265389e-05 2.739038e-05 9.2631035e-07 7.24827e-05 2.462376e-06 0.04117453 0.01850852 4.6207938e-07 2.5705273e-07 7.5782634e-07 9.594841e-06 9.2247965e-06 0.0019839162 1.3936985e-05 2.3462743e-08 0.00016273154 8.7532186e-07 1.3847166e-06 1.0623341e-06 1.5924506e-05 8.816577e-06 1.15166955e-07 1.1923794e-06 0.00026364432 5.690361e-07 0.00011050005 2.1684524e-07 1.7974505e-06 9.729681e-05 5.930374e-06 8.462053e-05 0.0033208125 0.00019309962 0.00014386533 0.00020309052 1.2642895e-06 3.652258e-05 5.5352334e-06 1.3262313e-05 5.7573765e-05 0.00020324999 1.5565656e-06 1.7343963e-07 0.00039805367 2.381679e-05 0.00015533922 0.0008632134 1.8786e-05 0.0005224593 0.00017978981
0.17347944 0.011018657 0.000858831 0.03666057 0.040089246 5.032954e-05 0.1735049 0.004714774 0.13401395 0.017796088 0.0037238628 0.003014911 0.00030912104 0.02075952 0.038671546 0.52930677 0.1741488 0.914189 0.033430222 9.545878e-05 0.007394441 0.007475571 2.6067406e-20 0.12297641 0.009160733 0.96587884 0.0053939647 0.44895902 0.00017390761 0.054406244 0.0084415125 0.00015044509 0.5470532 0.3500871 0.24094807 0.000675965 9.0476783e-07 0.12678868 0.08758272 0.00040114485 0.03773281 0.1933211 0.10601538 2.7740443e-06 0.3215515 0.059285153 9.0042784e-05 2.1039443e-05 0.0024163066 0.009614498 1.0336346e-05 0.32576913 7.7745935e-06 3.6614718e-05 0.032879982 0.00027778384 0.022752134 0.00070544117 0.0057327133 0.002580521 0.005406155 1.0468527e-05 0.004148778 0.000161791 0.04130389 1.6425861e-06 0.012205157 0.0015539448 0.0012084397 1.7393973e-05 0.0010977174 9.8614735e-05 0.0009291461 2.107121e-05 0.067222856 0.0020775406 0.0006599351 0.0013590598 0.0007489656 1.2155243e-05 0.000789115 0.0022448462 3.8182112e-05 1.4994619e-06 9.846348e-06 0.09028624 0.0018884626 8.6437765e-05 0.0016144515 8.237357e-06 0.0052983398 0.00023076004 0.00124211 0.00212599 0.00013006163 0.009653808 0.00039128805 0.055537004 9.062986e-06 0.0008043916 0.03590862
0.013355272 0.018536488 0.0036620256 0.038058512 0.12936765 3.0207937e-05 0.3731847 0.022315376 0.47163126 0.3780736 0.003865086 0.0005351233 0.000374181 0.008275424 0.7963349 0.118121766 0.11346748 0.124591835 0.005878164 0.0019907441 0.76895165 0.08291303 0.12297641 1.1965892e-20 0.7459898 0.31728122 0.12369567 0.0318276 1.211252e-05 0.012997726 0.0014864536 0.00028038363 0.1017212 0.56447005 0.013793919 0.47381127 1.9834338e-06 0.2183714 0.25104412 7.8200916e-05 0.0039970465 0.031797335 0.0039678947 1.0434886e-05 0.015818933 0.00081368064 4.776375e-05 1.0584515e-05 5.0849532e-05 0.00019746348 7.521943e-05 0.0032025976 2.244817e-06 2.3225182e-06 0.05546068 5.496132e-07 0.5362327 0.005755307 0.00012383293 5.294438e-05 0.00041221172 1.8479615e-06 0.000114679635 0.007027975 0.00049579673 2.6812218e-06 0.08461074 0.0049349074 0.00014514891 2.7887797e-06 0.00010677488 9.83173e-06 0.00026208858 0.00016746623 0.0016653533 0.00038491236 5.5433084e-05 0.00013227583 7.635727e-05 2.8061472e-06 4.4395467e-05 0.00019031686 0.00020347437 2.4901055e-07 9.27812e-06 0.0023051305 0.00015675371 0.00031689077 9.680903e-05 1.3456674e-06 0.00011255059 4.312594e-05 1.0865573e-06 6.328272e-05 0.0001227149 0.005562842 0.000111460635 0.008831194 5.3485696e-06 8.081065e-05 0.0033240886
6.645072e-05 0.006448943 0.0022943728 0.0028553072 0.021644551 1.095509e-05 0.06296288 0.01753605 0.09076807 0.1617388 0.0002729389 0.00023046907 4.144009e-05 0.00089857925 0.31902316 0.010226735 0.004991898 0.00886641 0.00029013713 0.00064946804 0.5942784 0.06333003 0.009160733 0.7459898 1.3625233e-21 0.012470209 0.08285114 0.0007429043 4.825164e-06 0.00020036488 5.027193e-05 8.038953e-06 0.002447632 0.027513081 0.00028211443 0.44958284 4.8003994e-07 0.052608818 0.027850416 1.8861238e-05 0.00012688166 0.0009414677 0.00014813569 1.0942917e-05 9.9652316e-05 1.9184603e-05 3.6121307e-06 3.9669603e-06 1.6507599e-06 5.1242073e-06 7.786084e-05 0.00011058027 1.8138197e-06 9.127659e-08 0.005027294 1.8688789e-07 0.16983488 0.009504698 2.3371394e-05 2.2280851e-06 2.4689705e-05 2.2216602e-06 4.0110754e-05 0.004255905 8.610867e-05 5.192165e-06 0.044652574 0.0038052304 4.6103614e-05 8.823427e-07 3.369216e-05 2.2397642e-06 8.804951e-05 0.00041343927 0.00018930408 8.025633e-06 6.4525725e-06 7.4982327e-06 1.4447557e-05 1.4357727e-05 6.000291e-06 1.9297471e-05 0.0001687404 1.0052003e-06 5.557287e-07 0.00011193083 1.1377248e-05 0.00020082152 1.5642672e-05 5.9572676e-07 5.5149507e-05 2.186521e-05 2.970205e-07 5.7235025e-06 1.7145909e-05 0.000579276 2.698482e-05 0.00015141148 1.1728968e-05 7.59802e-05 0.00023139713
0.31835258 0.006152243 0.0001517936 0.012260548 0.030144153 9.503409e-06 0.171246 0.004640149 0.13253531 0.031497933 0.0034428951 0.0018243057 0.00022359718 0.008166853 0.07988705 0.22140534 0.13264711 0.6130717 0.018551635 6.0077262e-05 0.012778093 0.008427621 0.96587884 0.31728122 0.012470209 3.599179e-20 0.0077530034 0.13697585 9.327417e-05 0.022831673 0.003095918 0.00019448239 0.78134924 0.58860475 0.067774676 0.002683298 3.6241744e-07 0.22894886 0.16973333 0.00024694734 0.022127172 0.1914692 0.03420647 1.052502e-06 0.27707294 0.031725086 5.9320282e-05 1.3483593e-05 0.0006908562 0.004002661 1.029436e-05 0.18284626 5.57469e-06 6.997465e-06 0.046515316 1.4602798e-05 0.073367886 0.00038317573 0.004501455 0.0063552563 0.004576644 4.9102537e-06 0.0047113136 8.3211664e-05 0.021473275 1.2189552e-06 0.036865167 0.004279005 0.0007971888 8.655875e-06 0.0014645902 5.211222e-05 0.0012254096 2.5575702e-05 0.04529667 0.0021608002 0.00020741516 0.0015639929 0.0007253847 5.368326e-06 0.0011686948 0.0008759641 4.6508438e-05 6.554908e-07 1.913305e-06 0.05875963 0.001582714 5.5686407e-05 0.0018078584 2.327665e-06 0.0027883595 6.2242645e-05 0.0012014605 0.0011601226 4.4790537e-05 0.008407203 0.0001250497 0.045437995 4.4644116e-06 0.00053371716 0.02435532
3.0464216e-06 0.023161795 0.031929024 0.029056024 0.066002704 2.64237e-05 0.03364947 0.27497426 0.041911256 0.33490095 0.00021988599 0.00012437096 3.7764174e-05 0.0009376792 0.22984438 0.003568113 0.009740991 0.00511319 0.0008828545 0.2796816 0.32213715 0.6389055 0.0053939647 0.12369567 0.08285114 0.0077530034 9.902544e-18 0.00013483549 1.6950806e-05 3.8555892e-05 1.7899061e-05 2.1093749e-05 0.0019253979 0.01531689 0.00020055991 0.39998087 7.180613e-06 0.0012565424 0.006467775 0.0001348998 2.0009496e-05 9.047972e-05 2.9136174e-05 0.03558086 7.4026786e-05 1.9696161e-05 2.2388992e-06 7.957714e-05 1.5036613e-05 1.870161e-05 0.15361768 2.2409402e-05 8.575783e-05 6.561365e-06 0.00028442172 1.3758208e-06 0.076221466 0.12546024 8.540443e-07 2.0589317e-07 5.56112e-07 5.2557716e-05 2.0848955e-05 0.00878887 5.8831265e-05 3.6396032e-06 0.0019122162 1.5413747e-05 1.332169e-05 1.4997336e-06 4.1239848e-05 0.00014590875 1.1280827e-06 7.751913e-05 0.0002019512 5.2554483e-06 0.0005591457 1.8854589e-06 9.990576e-06 0.0002578191 3.6875945e-06 0.0003089398 0.00842924 0.00056228647 7.818235e-05 0.00030346029 9.2515165e-06 0.00012197065 1.6046926e-05 1.3159682e-05 0.00015797275 0.00015596341 2.2362212e-06 1.492255e-06 0.00063939166 0.00015253485 0.00024519014 0.0021939792 7.617072e-05 0.0008928568 0.00022197269
0.2673688 0.0063424413 0.0005757742 0.15687026 0.082202524 0.0009678767 0.2658814 0.0008331545 0.089307696 0.004970447 0.16626032 0.10584874 0.012694212 0.50456816 0.01959415 0.7939094 0.813681 0.67645353 0.6234837 6.658736e-05 0.0029081916 0.00047424628 0.44895902 0.0318276 0.0007429043 0.13697585 0.00013483549 2.3735174e-21 0.0027740328 0.587222 0.12158549 0.028961673 0.091288745 0.048972733 0.9306683 4.7365866e-06 2.3332166e-06 0.026625376 0.019513633 0.012136045 0.29990533 0.009254323 0.42756766 1.1420477e-06 0.43514827 0.2938025 0.0015969677 0.0003301802 0.044014215 0.10527438 1.6938446e-05 0.06673315 0.00025030618 0.0017192336 0.0019527812 0.0051239165 0.006368713 0.00014918666 0.0006253398 0.00010129171 0.0002958878 0.00014074285 0.00076712074 1.7448167e-05 0.094294675 5.0987715e-06 0.012298555 0.0004022094 0.0006471912 3.5690775e-06 0.000501848 0.0034152116 8.639483e-05 8.668654e-06 0.10302547 0.00081470166 0.014278912 0.00063096784 0.0006224635 9.953638e-06 0.00049749546 0.019433044 5.1119052e-05 1.0220343e-06 0.0004895976 0.059610877 0.0011462683 9.5073665e-05 0.0010512797 0.00010001572 0.01769248 0.0032793097 0.0007091308 0.00080729614 0.0065836296 0.014300444 0.01066781 0.11631109 0.00012168192 0.008374845 0.022929898
0.031583633 0.0011819359 0.0023820268 0.032442197 0.0027235737 0.3588007 0.0004876672 1.608839e-05 0.0003496971 7.819581e-06 0.14508404 0.5167969 0.5129594 0.07962 2.9304792e-05 0.005541681 0.013978044 0.0003416492 0.03988261 1.1853267e-05 1.9702098e-05 2.286293e-06 0.00017390761 1.211252e-05 4.825164e-06 9.327417e-05 1.6950806e-05 0.0027740328 3.6710242e-18 0.032311134 0.21920186 0.57445335 9.262101e-06 1.4564329e-05 0.002143953 5.525595e-05 0.55366904 1.2258103e-05 0.0001251947 0.24779058 0.008893186 2.3424761e-06 0.0064568175 1.3539974e-06 0.000120360324 0.00043568245 0.7599814 0.9075226 0.015645616 0.0030656618 1.267027e-06 1.4685209e-05 0.52633464 0.29079834 2.0005778e-05 0.08182753 0.0027436775 0.0052560326 4.243349e-07 1.6189387e-07 1.402705e-06 0.4768889 3.0289473e-06 6.273788e-05 0.0059083616 0.09415719 0.00087868376 0.00013593449 6.6468556e-06 0.03306743 4.508881e-06 0.16246612 1.5374917e-05 3.224007e-05 0.0020306022 2.3829265e-05 0.13035327 2.874858e-06 2.5270023e-05 4.6540626e-06 6.848399e-06 0.033028502 3.3088047e-05 4.538473e-07 0.23884971 0.00046961627 1.4556928e-05 0.0012177319 9.612957e-06 0.04477059 0.009800262 0.11862404 3.9171628e-06 2.8342881e-06 0.22447589 0.0014246926 0.041961458 0.06270771 0.1053472 0.04261609 4.3392032e-05
0.76612335 0.018495701 0.0019021109 0.37237853 0.18092297 0.0055272393 0.13557866 0.0008194561 0.040646568 0.0031830315 0.44815278 0.43697992 0.13543952 0.7516549 0.008536506 0.32487938 0.57311493 0.12311126 0.88088167 3.0698306e-05 0.0022538353 6.118062e-05 0.054406244 0.012997726 0.00020036488 0.022831673 3.8555892e-05 0.587222 0.032311134 6.69878e-20 0.8714431 0.708226 0.0028481842 0.0013161848 0.31138715 9.01614e-06 6.0459188e-05 0.00095085957 0.0025873566 0.44178417 0.5514865 0.00019206048 0.40142936 6.7836265e-07 0.048867755 0.06824755 0.010436031 0.00985627 0.49645573 0.37850684 2.9804936e-05 0.004919065 0.013076745 0.04702912 0.0005786405 0.08422075 0.003250124 0.0001608533 5.3598083e-06 7.198612e-06 8.992029e-06 0.0036654654 5.385265e-05 1.2006837e-05 0.18211384 1.3119796e-05 0.0012802122 2.1304551e-05 4.077191e-05 0.00027649038 4.2071046e-05 0.03530346 5.037466e-06 2.5009047e-06 0.10814378 1.8687528e-05 0.16442809 1.2464316e-05 5.8193236e-05 3.5692344e-06 2.379863e-05 0.17342599 2.5328747e-05 3.7998265e-07 0.010025711 0.035969395 5.51301e-05 0.00014465295 0.00015207905 0.002659299 0.107261285 0.042617712 5.4009364e-05 1.617559e-05 0.08620017 0.0038086926 0.09795854 0.089291096 0.0032511023 0.0706631 0.007246833
0.6666338 0.015646568 0.0034846684 0.33898985 0.10442388 0.032215923 0.058074474 0.00034904023 0.013529437 0.0016072144 0.41717535 0.49828961 0.31384853 0.61606425 0.0043361112 0.111980714 0.29550493 0.021745427 0.6353764 8.178666e-06 0.0006828342 6.734253e-05 0.0084415125 0.0014864536 5.027193e-05 0.003095918 1.7899061e-05 0.12158549 0.21920186 0.8714431 3.8837526e-19 0.91183496 0.000232245 0.0002754576 0.09291825 9.302415e-06 0.0010189066 0.00010733918 0.00072768884 0.70389813 0.29506987 3.45901e-05 0.18652129 8.174474e-07 0.0072438717 0.01050754 0.026931355 0.13163804 0.4649296 0.18707912 1.9466881e-05 0.0011534301 0.11042897 0.19181605 0.00015846691 0.2881094 0.0060914 0.000188914 8.6730904e-07 1.1639219e-06 1.2344606e-06 0.019389706 1.0748397e-05 1.0816201e-05 0.11204601 0.00050993916 0.0014370921 2.5077052e-05 1.2447461e-05 0.0022841617 4.8412967e-06 0.125197 6.9125986e-06 8.713029e-06 0.06404808 1.458876e-06 0.31303918 7.539415e-07 4.534504e-06 1.1878153e-05 1.6630852e-06 0.27664456 1.7806161e-06 2.3117137e-07 0.06492229 0.017291076 4.3412747e-06 2.409324e-05 1.8148156e-05 0.011353237 0.14232461 0.1245157 2.1430453e-06 1.6449627e-06 0.27026197 0.00069644104 0.19499594 0.06185904 0.028394517 0.1400601 0.0019077562
