8.5762666e-29 0.41797033 0.5328879 0.27235833 0.710044 0.88452244 0.06278468 0.96984285 0.6819765 0.6926368 0.7858159 0.5850206 0.71751034 0.26701623 0.6590862 0.07125913 0.66483074 0.13304809 0.057454612 0.59616286 0.5169961 0.43690515 0.009211456 0.543451 0.3284058 0.45537728 0.6264971 0.017618649 0.030050732 0.6912744 0.8220062 0.9596498 0.19578916 0.17577939 0.885055 0.98365176 0.0025914214 0.32707813 0.23362593 0.0020129755 0.00048059266 0.0010801185 0.21774207 0.111357085 0.81700987 0.84695053 0.29978928 0.22353019 0.98575145 0.8830179 0.325732 0.11422748 0.011533217 0.0685848 0.05596526 0.97583336 0.28911382 0.9610307 0.9972831 0.0029983262 0.8829234 0.060121857 0.02791432 0.00039110487 0.69794285 0.012669558 0.88462096 0.11647195 7.832952e-05 0.9956686 6.340526e-06 0.90828735 0.0720358 0.0058650775 0.58124536 0.30331776 0.9992573 6.7678667e-07 0.9908592 0.9207787 0.9991462 0.98841816 0.00077211275 6.405274e-07 0.99956965 0.9995411 0.9984852 0.9882579 3.9993066e-07 9.436916e-05 1.2034263e-08 2.291722e-08 1.9210749e-05 0.008118313 8.9316714e-08 1.6314845e-08 0.7923945 0.0014703792 0.0016927157 0.0026963458 1.1433039e-08
0.41797033 1.914025e-22 0.9770262 0.10375212 0.66384506 0.34744498 0.04724565 0.31760904 0.9635485 0.07282853 0.38782442 0.050262958 0.15033774 0.08264711 0.031279437 0.011033321 0.048357483 0.0059302193 0.4200839 0.5723515 0.010753417 0.01319925 0.12439648 0.06370187 0.008286133 0.003947747 0.015208749 0.13598037 0.07298967 0.0039244825 0.012236741 0.014253511 0.06389147 0.0025516697 0.0124144275 0.004372463 0.027535945 0.0012767654 3.686095e-05 0.00012241848 0.000742346 0.0014176016 0.0008894968 0.032557145 0.0008323301 0.009510858 0.0007348784 0.00063005753 0.0044625876 0.00059354916 0.00021787456 0.00017092496 6.971231e-05 0.00018866103 0.0022310207 0.004787674 1.6784868e-06 0.0040331814 0.006390058 0.037111215 0.0007988883 1.4167766e-05 2.1404318e-05 8.781057e-06 6.628324e-05 0.023237472 0.0009129357 3.6837423e-06 3.7330043e-05 0.0010828201 0.0020646125 0.0006569486 1.6000364e-05 0.000117120064 0.0008589071 1.0428249e-07 0.004248427 4.5287496e-05 0.0028322765 1.7615284e-06 0.0033034084 0.0029121325 2.3053512e-05 7.2354896e-06 0.00041507548 0.002326508 0.001330988 2.0750327e-05 4.1259715e-05 0.00013566265 5.92162e-06 6.399339e-05 0.00013533264 2.7055503e-05 1.8565587e-06 0.00020179624 0.002642917 7.187862e-06 0.00032919043 0.00014766205 4.7204067e-06
0.5328879 0.9770262 6.363036e-23 0.09039928 0.54274905 0.5343717 0.04566637 0.32343218 0.82943106 0.26558813 0.69164056 0.063226946 0.53602093 0.093065284 0.13903378 0.0083956765 0.13399439 0.0019399218 0.27657738 0.621119 0.053672563 0.067030184 0.10171559 0.16720033 0.02114521 0.013414131 0.06283926 0.070626855 0.0718848 0.013516089 0.0086715 0.015671838 0.13798252 0.009896705 0.03651017 0.003130648 0.03086337 0.004349269 0.00016879255 3.0230156e-05 0.0007033308 0.00074642396 0.0017764472 0.048939966 0.008419446 0.026754597 0.0036546604 0.00035806405 0.023625486 0.000488646 0.00040336078 4.28292e-05 1.4168806e-05 5.2166117e-05 0.0033939658 0.006505715 6.702323e-06 0.009561957 0.018071163 0.022904485 0.00044558497 2.295376e-05 2.5484276e-05 1.00735715e-05 0.00060837046 0.01884011 0.005848123 4.033402e-06 1.8480521e-05 0.004865435 0.0010432617 0.0025525787 6.537272e-05 1.737194e-05 0.00052449066 3.6210548e-07 0.0065048123 4.45329e-05 0.002617581 2.0484928e-05 0.0035090696 0.0052239406 1.3785272e-05 8.735544e-06 0.0014730396 0.0040144683 0.0037403547 0.00025164246 3.4342916e-05 8.442748e-05 1.24329745e-05 7.3287185e-05 3.4153545e-05 1.8115405e-05 3.6122271e-06 0.0004401223 0.00078397297 2.9990367e-06 0.00021399716 8.617874e-05 5.7165803e-06
0.27235833 0.10375212 0.09039928 7.8260824e-20 0.7654237 0.254359 0.97116375 0.85836595 0.026960267 0.015012786 0.012160803 0.94265175 0.004423922 0.3871873 0.015329677 0.48119292 0.11997031 0.308653 0.012079402 0.00734388 0.01603062 0.0021489712 0.021145279 0.0002940408 0.00035392263 0.000722568 0.00060133066 0.0071609775 0.012390665 0.000112066045 0.12075884 0.04348485 0.00028791113 0.0002393692 0.013646491 0.035506424 0.069796 6.232497e-05 1.1872885e-05 0.019702658 0.008950312 0.016124042 4.6187804e-05 0.00030361256 0.00011441746 0.0053787366 0.0002738786 0.013247576 0.0012157597 0.0042598457 1.9380668e-05 0.0026195464 0.01177382 0.0017118264 1.3031845e-05 0.023096537 3.6703133e-07 0.009510904 0.005795136 0.025658933 0.004740539 2.3146642e-06 3.3345316e-06 0.0008787302 1.2783137e-05 0.00031413964 0.00019964713 1.8520989e-06 0.0002115813 0.00048025727 8.535143e-05 0.00012129889 8.786359e-06 0.00018289368 0.007036063 2.962452e-06 0.006358096 1.5773301e-05 0.0056523685 3.881666e-05 0.0069464114 0.0027937496 0.00017248484 3.3444343e-05 0.0004302667 0.002422875 0.0015384728 2.0276955e-05 2.4891538e-05 0.00022584936 5.122006e-05 0.0005992105 2.3173976e-05 0.00021161116 0.00018937432 0.00027449205 0.004551152 0.00020335488 0.00021387823 9.8879544e-05 8.448265e-05
0.710044 0.66384506 0.54274905 0.7654237 2.5082758e-19 0.3831066 0.6932148 0.5838001 0.5823946 0.045780264 0.15863958 0.32669833 0.07255153 0.9561719 0.02356764 0.35216907 0.047746543 0.06338283 0.6575008 0.27616245 0.008619815 0.0039505167 0.68047345 0.010328198 0.00052761915 0.0009884654 0.0056488356 0.5895609 0.53674555 0.00021640514 0.028666474 0.015404572 0.008918251 0.0004873378 0.007478523 0.011789802 0.44780207 0.00032244084 5.093323e-06 0.007609742 0.038078353 0.017270723 8.391774e-05 0.0035435364 5.9168193e-05 0.0026515448 0.0002806993 0.0027280555 0.00055080623 0.00087837625 4.788717e-05 0.0010454728 0.0031172384 0.00056335895 6.31696e-05 0.005497627 2.8593695e-07 0.0023404018 0.0011589343 0.3975682 0.0003565737 4.6539358e-07 1.4928514e-06 0.00013868404 1.7809856e-05 0.007038502 0.00026044733 6.6117173e-06 0.00011372102 0.0007329481 0.0045645265 0.0002186958 2.2134843e-06 3.325444e-05 0.0013984023 1.3944195e-06 0.0014984113 0.00010153989 0.000486408 5.7915327e-06 0.0008287698 0.0013117376 0.00012755294 1.1065786e-05 0.00064587075 0.00072869513 0.0005735046 4.746469e-05 0.00030762944 0.00049891777 0.00026831788 0.00022811882 0.00046722093 0.00016691184 0.0006949515 0.00044495222 0.0006499325 0.00015760632 0.00063306896 0.00032439356 4.4569097e-05
0.88452244 0.34744498 0.5343717 0.254359 0.3831066 3.6895117e-19 0.09515983 0.9583577 0.106166966 0.63217366 0.36754048 0.23033816 0.3673692 0.06509618 0.9175221 0.023601491 0.80944 0.008645311 0.047953203 0.30901265 0.4016215 0.19224359 0.018921908 0.037289947 0.032999814 0.008004314 0.009731598 0.0111747375 0.0118029425 0.03518648 0.042212013 0.08166457 0.020936904 0.0046927445 0.18157445 0.007605375 0.014530271 0.0014443466 0.00022552436 0.00017335043 7.358244e-05 0.0007327729 0.0018174265 0.009403205 0.0165594 0.14762124 0.0032738023 0.00466853 0.06727504 0.00092818605 0.00036012664 0.0016615548 0.0011593943 0.0015972266 0.0018482022 0.011219709 5.0318145e-06 0.062186416 0.12393679 0.0027293593 0.006209188 2.9532437e-05 4.249817e-05 0.0001292553 0.00029161733 0.010767748 0.009370763 2.239483e-07 9.8876335e-05 0.0077794893 0.00069452514 0.0019154779 8.237106e-06 0.0006963168 0.0021961941 1.9692825e-08 0.09411839 5.366214e-05 0.016997194 7.8612544e-07 0.03071358 0.016612949 5.8444406e-05 5.0371946e-05 0.001096117 0.019153774 0.004959793 2.7017937e-05 2.5599078e-05 9.987685e-05 4.56406e-05 0.00022884615 1.4497893e-05 0.00027208516 5.4108787e-06 0.00023450264 0.008282969 8.0301914e-05 0.000390176 7.944452e-05 2.7750832e-05
0.06278468 0.04724565 0.04566637 0.97116375 0.6932148 0.09515983 5.201631e-21 0.20716025 0.025278281 0.009847574 0.018645685 0.75471276 0.010051266 0.80388397 0.0061045573 0.95023966 0.026494872 0.5470798 0.026424393 0.013674219 0.00259277 0.0012949134 0.065710664 0.0005207896 0.0001478764 0.0003811541 0.0005536533 0.019093417 0.063508056 5.0195235e-05 0.03602401 0.00816701 0.00026480548 0.00011274513 0.003220538 0.024855802 0.24644056 1.6640412e-05 9.200006e-07 0.08916607 0.05713269 0.122610986 1.5818614e-05 7.5147516e-05 9.604463e-06 0.0010210456 1.37138995e-05 0.033831507 7.640994e-05 0.0063569136 8.9671175e-06 0.00777382 0.026622977 0.0025350947 1.6655343e-06 0.009183572 3.6127213e-07 0.0020221188 0.00077666907 0.06352828 0.0011774146 5.4900187e-07 1.223058e-07 0.0033102294 1.7411439e-06 0.00035363942 2.2038614e-05 1.4815454e-07 0.0014256161 0.00024945184 0.0005522411 4.4118926e-05 6.965515e-07 7.196852e-05 0.0018918823 4.8132716e-07 0.00080930034 0.00013770406 0.0006037006 4.216453e-06 0.00127676 0.0018240412 5.8135214e-05 8.1795195e-05 0.00012788632 0.0006612067 0.00045038894 8.93782e-07 4.7367197e-05 5.0560797e-05 0.00043417845 0.0007988461 6.6468046e-06 0.0001824745 0.000828381 0.0006687785 0.0021102813 0.00021772688 7.313805e-05 1.3810721e-05 0.00014944054
0.96984285 0.31760904 0.32343218 0.85836595 0.5838001 0.9583577 0.20716025 5.125192e-20 0.1134567 0.08840463 0.16474071 0.7287456 0.04238265 0.13350357 0.08665235 0.06527691 0.8924944 0.050948523 0.04701436 0.2368717 0.14382824 0.012884677 0.030133633 0.010492019 0.0028780666 0.0005385091 0.00079269137 0.016844217 0.010066211 0.0023506668 0.44304267 0.67270434 0.0028121325 0.00020323023 0.13391848 0.10849673 0.016480036 4.6355268e-05 7.5021735e-06 0.006481628 0.0004416791 0.0034197173 0.0001119557 0.0035755662 0.0030840596 0.08744505 0.00030879077 0.08249841 0.021466764 0.015610844 2.210222e-05 0.026203733 0.026058827 0.017891742 0.0002659573 0.06541457 6.472837e-08 0.16633256 0.14878495 0.0065066735 0.05980347 2.6187918e-06 1.7837663e-05 0.0011429581 1.1043183e-05 0.0029866071 0.002276239 2.4369527e-07 0.00049151236 0.0019362472 0.000473869 0.0003146776 2.3249452e-06 0.009711762 0.01899166 1.7512255e-08 0.28363603 8.448643e-05 0.1948167 2.6245536e-07 0.278616 0.01591747 0.00075909507 7.472901e-05 0.00033276316 0.10255914 0.0024997876 7.2220396e-06 3.5414396e-05 0.00017735218 2.9214165e-05 0.0003777166 0.00015803723 0.0032164343 3.4214622e-06 0.00031944228 0.048542876 0.0027640364 8.4766885e-05 0.00019437615 0.00011674081
0.6819765 0.9635485 0.82943106 0.026960267 0.5823946 0.106166966 0.025278281 0.1134567 1.7126958e-19 0.024864605 0.3606809 0.016759085 0.16767931 0.06929717 0.007961552 0.0042513334 0.0068539334 0.0016079524 0.95150477 0.9454079 0.0025606356 0.0022211752 0.3913707 0.10621606 0.00071794324 0.00071087433 0.016202679 0.48319408 0.1595549 0.001255577 0.0023156162 0.0019295007 0.09625458 0.00059776707 0.0017470088 0.00020268034 0.03470142 0.00068831776 8.754191e-06 6.135848e-05 0.0020159301 0.000528928 0.0019741482 0.04532081 3.6381265e-05 0.0003949839 7.100454e-05 2.2766815e-05 0.00026159314 3.341224e-05 0.00026772232 1.3688747e-05 1.9547097e-05 3.8371272e-05 0.0024499008 0.0014804981 1.5284851e-06 0.00064258144 0.0011060797 0.18378747 0.00011922328 1.7680124e-05 1.256917e-05 5.609011e-06 2.7322158e-05 0.085573964 0.0002014163 1.2703166e-06 4.650815e-06 0.0012865375 0.012445705 0.00027627792 5.3509116e-06 4.8642373e-06 3.8289978e-05 6.712813e-08 0.0010587281 0.00020888807 7.753665e-05 2.77012e-07 0.00034534623 0.00027487768 2.2317408e-06 5.2976065e-06 0.0006091871 0.00078946387 0.000395674 1.5640002e-05 0.00030325662 0.002212943 0.00013647329 5.111125e-05 0.005152104 3.717619e-06 1.9301504e-05 0.00033154048 1.6093623e-05 6.4143944e-07 0.001338717 0.002019437 2.658609e-06
0.6926368 0.07282853 0.26558813 0.015012786 0.045780264 0.63217366 0.009847574 0.08840463 0.024864605 1.8033098e-20 0.3703086 0.014134352 0.5674667 0.010406141 0.98934954 0.0028028777 0.15512669 0.00037857908 0.01361396 0.048077315 0.15828039 0.4583472 0.007041597 0.10263972 0.18242727 0.06802712 0.11232614 0.0023124085 0.0017603809 0.19354317 0.00081577495 0.0071842615 0.02276593 0.070608296 0.09003728 0.00022667344 0.0031235516 0.026396489 0.0081455065 1.3533041e-06 9.677539e-06 2.0056325e-05 0.0034311642 0.0038787485 0.07508353 0.119609736 0.027718771 4.0071067e-05 0.105320066 3.5761972e-05 0.0012561339 1.2885401e-05 8.149981e-06 0.000114103634 0.0017535955 0.00047343512 0.00044322622 0.013756067 0.042507965 0.0017435428 0.0004500605 0.000120323595 0.00017211365 1.7647468e-06 0.0012030203 0.0062486143 0.03970469 1.8102142e-05 2.3399396e-06 0.018749222 9.7011165e-05 0.005330053 3.6108563e-06 7.316473e-06 4.615174e-05 2.1193691e-06 0.011343144 1.1509483e-05 0.001370737 0.00017163601 0.002326184 0.019018117 4.091074e-06 7.213442e-06 0.009369717 0.0028791002 0.008275223 0.0017820781 4.3069363e-06 1.2797348e-05 1.686787e-05 5.9708764e-06 9.1736615e-07 4.3729838e-06 1.1432141e-05 2.7549768e-05 0.00022362958 1.8710252e-06 0.00015247276 3.665235e-05 4.2157735e-06
0.7858159 0.38782442 0.69164056 0.012160803 0.15863958 0.36754048 0.018645685 0.16474071 0.3606809 0.3703086 9.984531e-22 0.0074018603 0.98837054 0.05605061 0.20751394 0.0024354474 0.11425906 0.00016204023 0.2045279 0.58846927 0.07973893 0.30075237 0.051393557 0.5071664 0.16780488 0.08964593 0.5357112 0.038515672 0.03994602 0.10640308 0.00021523422 0.0020968246 0.30250087 0.11556845 0.07500468 5.0066155e-05 0.029812403 0.08788476 0.015771326 6.883275e-07 0.00036562816 8.86604e-05 0.027301354 0.14962742 0.03220883 0.05232498 0.022054866 7.971352e-06 0.035612393 8.9414725e-06 0.009651125 1.4697798e-06 1.4064864e-06 1.1188956e-05 0.018426875 0.00042216256 0.0014305648 0.006786135 0.009609691 0.016308524 8.4057516e-05 0.0013482353 0.0011135212 5.4892854e-07 0.0051957075 0.07837175 0.03711345 0.0004028161 4.244606e-06 0.02319441 0.0006372367 0.01408347 0.00031244173 6.6366833e-06 1.8743463e-05 3.093849e-05 0.0042440924 4.783874e-05 0.0006614208 0.0006765776 0.0014420846 0.013654047 9.476335e-07 3.2273986e-06 0.013164691 0.0024590224 0.0074169384 0.005687713 2.7537106e-05 0.0003141172 3.072443e-05 1.453982e-05 1.4939672e-05 8.0270826e-07 3.2092657e-06 0.00017489275 4.157862e-06 4.3388889e-07 0.0015180374 0.0007215809 4.1542153e-06
0.5850206 0.050262958 0.063226946 0.94265175 0.32669833 0.23033816 0.75471276 0.7287456 0.016759085 0.014134352 0.0074018603 1.508027e-20 0.0019174874 0.29405254 0.009129814 0.67524207 0.13313305 0.9712329 0.0071374886 0.004001982 0.020656092 0.0009487834 0.01420724 2.7978489e-05 0.00021462442 0.00022794072 0.00022014155 0.002933634 0.01295513 9.8118384e-05 0.5612747 0.17539486 7.556375e-05 5.3017695e-05 0.02209596 0.4748609 0.07090585 9.896779e-06 1.5535802e-06 0.14760348 0.011563096 0.055088416 8.914839e-06 5.944238e-05 9.3423645e-05 0.01024888 7.734072e-05 0.29864147 0.001493778 0.11357165 1.6680786e-05 0.12712961 0.18109472 0.048125368 2.9291004e-06 0.23205206 1.561457e-08 0.030089466 0.019616984 0.009326542 0.04271347 5.8324267e-06 1.9985803e-06 0.016221015 1.7573002e-06 0.00015099447 0.00015993902 7.8311217e-07 0.0065345136 0.00028345585 7.3823635e-06 3.483158e-05 8.578589e-07 0.0027890697 0.08586032 9.763078e-07 0.03294688 1.2518835e-06 0.098157704 1.0173467e-05 0.06237693 0.0038921568 0.001372497 0.0006967781 0.00015950036 0.007985106 0.0019941574 3.248424e-06 7.811337e-06 7.125886e-05 1.359501e-05 0.002558833 5.444841e-06 0.0017397914 0.00036339363 0.00013370074 0.04394895 0.002111998 0.00023956537 6.187263e-05 0.0005692942
0.71751034 0.15033774 0.53602093 0.004423922 0.07255153 0.3673692 0.010051266 0.04238265 0.16767931 0.5674667 0.98837054 0.0019174874 4.1697842e-22 0.029689202 0.3551918 0.001543948 0.15921356 3.8182734e-05 0.07549798 0.5024008 0.14616142 0.39620176 0.034112867 0.39137104 0.29948828 0.19310936 0.5678917 0.012798637 0.019662887 0.17169873 6.660114e-05 0.0008233969 0.2729543 0.18230316 0.0913428 8.0812955e-05 0.01285066 0.12173731 0.023723925 9.3081105e-08 6.201353e-05 5.9581547e-05 0.023663068 0.06123577 0.09051624 0.06652502 0.06242393 8.605181e-06 0.09592421 3.0023018e-06 0.008993628 3.0032413e-06 1.8969151e-06 8.907021e-06 0.016949303 0.0005482315 0.001660407 0.006371963 0.011582669 0.0065334705 4.465487e-05 0.00061166444 0.00069664756 7.1145587e-07 0.013974231 0.0276765 0.09485003 0.000562692 2.8189738e-06 0.03194435 0.000114932554 0.027867634 0.0010452744 4.285005e-06 4.0069863e-06 9.990857e-05 0.0029080682 2.181728e-05 0.00065639033 0.0025147835 0.0008351691 0.014800523 2.316135e-06 3.7317925e-06 0.017942892 0.0019062294 0.018571243 0.011751351 1.5414631e-05 5.2489195e-05 1.26375235e-05 4.7114903e-05 1.9115814e-06 1.1111167e-06 5.3289723e-06 0.00025348068 3.507617e-06 8.317627e-07 0.00024931986 0.00024562285 3.4572702e-06
0.26701623 0.08264711 0.093065284 0.3871873 0.9561719 0.06509618 0.80388397 0.13350357 0.06929717 0.010406141 0.05605061 0.29405254 0.029689202 1.7676771e-18 0.004415774 0.80356103 0.003823267 0.21501106 0.18463567 0.03875738 0.00096753845 0.00010918935 0.5009513 0.0019468588 1.9393408e-05 2.354017e-05 0.0003830181 0.23085438 0.5268446 1.3274663e-05 0.016152509 0.0031210058 0.00033605273 9.07018e-06 0.00051130314 0.021276478 0.83609635 5.062804e-06 1.7546834e-07 0.083894745 0.30870035 0.26398256 1.0891286e-05 9.320677e-05 2.052894e-06 7.791699e-05 2.5803706e-06 0.013715634 2.9844989e-05 0.0015268592 7.281029e-06 0.0021816639 0.023361996 0.0006631929 1.3982734e-06 0.005857478 1.6727779e-07 0.00023831755 0.00024905824 0.5771324 0.00025870997 3.3516518e-08 2.3465473e-08 0.0014656626 1.5516671e-06 0.0008802417 8.764658e-06 4.5558065e-07 0.0023932047 0.0001293521 0.005813078 1.0403744e-05 2.4251065e-08 2.5208716e-05 0.00039895647 7.2023306e-07 0.0008380702 0.0015211002 0.0001859956 5.9521454e-07 0.00033646869 0.0005307496 5.466832e-05 2.004948e-05 0.000111624126 0.0001409352 0.00013960137 2.885609e-06 0.00026344907 2.6952184e-05 0.0017002218 0.00044291947 0.00016018815 0.000108022185 0.01463042 0.0013241221 0.00017145522 0.00011988732 6.671206e-05 2.5375e-05 7.672539e-05
0.6590862 0.031279437 0.13903378 0.015329677 0.02356764 0.9175221 0.0061045573 0.08665235 0.007961552 0.98934954 0.20751394 0.009129814 0.3551918 0.004415774 2.9209596e-20 0.0011600074 0.37023908 0.00019554395 0.003153597 0.022413755 0.48810482 0.699723 0.002136818 0.034938898 0.2125601 0.056551225 0.03308298 0.0011272548 0.00049008365 0.31137654 0.003595716 0.011198518 0.010993 0.043286704 0.16801214 0.0007680589 0.0003100295 0.014652363 0.0013060729 1.2390433e-07 1.0612922e-06 1.7878068e-06 0.00374445 0.0025048684 0.08000095 0.14683732 0.017150063 0.00015444082 0.14340995 7.168123e-05 0.00095387077 2.5887868e-05 3.152686e-05 0.0002384344 0.0005226831 0.0014471144 9.223595e-05 0.022240255 0.04840916 0.00035515593 0.00079733337 4.5345103e-05 4.5957262e-05 1.6493358e-06 0.0015101463 0.00014924927 0.03558015 6.102901e-06 6.5267473e-06 0.017188253 2.4843182e-05 0.0076884525 5.763021e-06 2.7049493e-05 0.000117675045 4.374237e-07 0.02135997 4.6194214e-06 0.0030675672 2.8610148e-05 0.005576522 0.032397248 4.9946902e-06 3.7241132e-06 0.007543167 0.008047173 0.016363971 0.0013623948 1.8268362e-06 2.0322907e-06 1.2306239e-06 3.9846477e-06 2.1777163e-07 1.1060984e-05 2.8676772e-07 6.065742e-06 0.00047855193 1.100047e-06 1.712125e-05 1.2273193e-05 7.3979146e-07
0.07125913 0.011033321 0.0083956765 0.48119292 0.35216907 0.023601491 0.95023966 0.06527691 0.0042513334 0.0028028777 0.0024354474 0.67524207 0.001543948 0.80356103 0.0011600074 1.8936214e-18 0.0013658033 0.94339585 0.0035805996 0.0010685531 0.00030214636 1.0475356e-05 0.014328266 1.3515044e-05 2.6375636e-05 1.42365425e-05 0.00010281816 0.005112193 0.031276163 9.020381e-06 0.022955904 0.0029985078 3.274576e-06 5.1687525e-06 0.00043153795 0.04583894 0.5080645 4.7958397e-06 3.7692746e-07 0.46743235 0.23780999 0.5467171 1.5314667e-05 5.050613e-06 7.4379227e-06 0.00019624153 8.421723e-06 0.09755786 6.590127e-05 0.0068570096 1.9416671e-05 0.014139805 0.18615861 0.0020104996 7.9132076e-07 0.008162291 8.5234365e-07 0.00041472528 0.00056430395 0.13249189 0.00052830594 3.0419753e-07 7.131307e-08 0.021905163 1.3354704e-06 0.00032668785 1.648012e-06 5.855417e-06 0.023167973 2.0448291e-05 8.15262e-05 9.5749865e-06 3.9888812e-07 0.00012764093 0.0009929131 2.9940356e-06 0.0014935328 5.2191794e-05 0.0009476196 7.189809e-06 0.00092313526 0.00058377587 0.0004913144 0.0006865568 3.49947e-05 0.00043998 0.0004383339 1.9009683e-06 9.16834e-06 7.749964e-06 0.0001485682 0.0025080522 9.130688e-06 0.00036344386 0.005216926 0.00014132551 0.0011974032 0.0014464288 9.5757765e-05 2.2049568e-05 0.00035804132
0.66483074 0.048357483 0.13399439 0.11997031 0.047746543 0.80944 0.026494872 0.8924944 0.0068539334 0.15512669 0.11425906 0.13313305 0.15921356 0.003823267 0.37023908 0.0013658033 1.0160071e-23 0.0013697778 0.0033691102 0.008193752 0.9670592 0.20578475 0.0003053813 0.009303529 0.048158966 0.012749798 0.0010608278 0.00083630683 9.4788666e-05 0.02758021 0.14005116 0.46448657 0.00042520626 0.011567452 0.66028214 0.0313211 3.3973705e-05 0.0006859952 0.0001177945 9.681955e-07 2.1533717e-07 2.0865373e-06 0.00029934593 0.00010459859 0.020018304 0.2393052 0.0042423904 0.00064147834 0.102161154 0.0035874662 6.317509e-05 0.00045968572 0.00013122281 0.0011190472 0.00011199659 0.019444207 8.234318e-06 0.2186579 0.1735057 0.0005097325 0.028522952 1.0559379e-05 5.3018825e-06 0.00010893443 7.106815e-05 0.0011005014 0.015017225 2.7267652e-07 1.9924173e-05 0.0062846844 3.1503685e-05 0.0007648992 3.323307e-07 0.0009998411 0.005301009 5.0880164e-08 0.1315664 2.6390644e-06 0.07836724 1.008564e-06 0.0783503 0.0587004 8.472898e-05 2.1958744e-05 0.0018078395 0.08804411 0.013173476 3.4071904e-06 1.3020124e-06 9.2705625e-07 1.033854e-06 1.4853348e-06 1.7841313e-06 0.000114933544 4.6077636e-07 7.166052e-07 0.02612061 3.1191696e-05 1.0907751e-05 1.0023272e-05 1.8850095e-06
0.13304809 0.0059302193 0.0019399218 0.308653 0.06338283 0.008645311 0.5470798 0.050948523 0.0016079524 0.00037857908 0.00016204023 0.9712329 3.8182734e-05 0.21501106 0.00019554395 0.94339585 0.0013697778 4.4760562e-20 0.0015217038 8.7211716e-05 0.00023323938 4.254401e-06 0.0039844774 8.900979e-07 1.180647e-05 1.8958492e-05 2.1120157e-05 0.0017034777 0.0065687946 1.3520889e-06 0.048330005 0.006175303 1.4722832e-07 3.4386162e-06 0.00058666663 0.18418205 0.15552658 1.8513147e-06 7.557575e-08 0.769537 0.059225127 0.5193254 4.4078784e-06 1.8098008e-06 8.940463e-07 0.00027771923 1.6146022e-06 0.59882414 9.499142e-06 0.03526004 3.9605525e-06 0.299834 0.6942458 0.053965207 3.9817643e-08 0.032327987 2.3345388e-08 0.0006181139 0.00023621568 0.008235061 0.0024328078 1.7622796e-08 7.0681048e-09 0.23922513 3.3974644e-07 2.644727e-05 2.2898541e-06 6.3775707e-07 0.13216579 2.0285129e-06 6.8764944e-06 1.5284006e-06 2.9449147e-08 0.0018378769 0.0061848154 3.6512322e-06 0.0011783575 7.1935337e-06 0.0018255232 1.810543e-06 0.0018783234 0.00024798457 0.0051060435 0.00976854 9.360891e-06 0.00068020454 0.00023716623 3.2915855e-07 2.4255485e-06 3.3101248e-06 3.9906623e-05 0.02313927 3.3789283e-06 0.0013639781 0.002598493 8.3826315e-05 0.006086136 0.0058540683 3.4830085e-05 4.409005e-06 0.007345778
0.057454612 0.4200839 0.27657738 0.012079402 0.6575008 0.047953203 0.026424393 0.04701436 0.95150477 0.01361396 0.2045279 0.0071374886 0.07549798 0.18463567 0.003153597 0.0035805996 0.0033691102 0.0015217038 2.3236108e-19 0.96380544 0.00040344778 4.9856837e-05 0.57004213 0.04488352 0.00015800064 0.0010336273 0.020127304 0.943336 0.42569646 2.6741966e-06 0.00031886518 3.722986e-05 0.17025253 0.0015090356 5.024993e-05 0.0003389465 0.02165667 0.0024179814 4.6283178e-05 2.9167961e-06 0.0013863089 0.00043921685 0.008629315 0.13514024 3.4781972e-06 2.1082085e-05 8.597025e-05 1.9998757e-05 9.790093e-06 2.9412056e-05 0.0028048109 2.4853302e-05 4.875995e-05 8.461698e-05 0.022543255 0.0005071642 4.085984e-05 5.7065117e-05 7.4265113e-06 0.20198983 7.811881e-06 1.3002361e-05 7.930289e-05 2.3187804e-06 7.303112e-05 0.3519984 0.0010401412 3.7064042e-06 6.653105e-07 0.00012359896 0.05041428 0.00019801605 9.316176e-06 1.1879454e-05 0.0017587792 5.0061277e-07 7.981329e-05 0.0022734185 2.0024157e-05 4.240475e-06 4.5447923e-05 0.00023107011 7.4035925e-06 2.6195723e-05 0.0001706432 0.00012050687 0.00030055855 0.00017584687 0.0022050398 0.013817481 0.0003553304 8.068482e-05 0.014314519 6.646035e-05 0.00012407267 0.0006941341 0.00011312555 4.2941033e-06 0.0041486416 0.0010155423 1.2802159e-05
0.59616286 0.5723515 0.621119 0.00734388 0.27616245 0.30901265 0.013674219 0.2368717 0.9454079 0.048077315 0.58846927 0.004001982 0.5024008 0.03875738 0.022413755 0.0010685531 0.008193752 8.7211716e-05 0.96380544 1.5213411e-18 0.0014811627 0.0017607418 0.18653896 0.68961525 0.0020474 0.0038138917 0.34843132 0.45021677 0.12825522 0.0019969484 0.00071839424 0.0004716672 0.8688828 0.0037587485 0.0012957039 0.00044242656 0.0074700085 0.023096042 0.0005005734 9.112155e-07 0.0003049558 5.690898e-05 0.23526151 0.7148375 5.115338e-05 0.00039887885 0.00033010557 6.2153695e-06 0.00032369362 6.7877365e-05 0.025157861 5.4750626e-06 1.0030329e-05 0.00032230804 0.19336034 0.0021511745 0.00065120804 0.00024119645 0.00031818595 0.09230072 1.7368644e-05 0.0006902803 0.00085432135 4.0042055e-06 0.0007484701 0.6224976 0.00108839 0.00014259417 1.0832315e-05 0.0045061 0.038648084 0.0009878614 0.00054910325 3.2431958e-06 0.0004182845 1.9170072e-06 0.000977148 0.00039295087 0.00019484089 2.1694845e-05 0.0002615545 0.00044720908 8.36172e-07 7.472893e-05 0.0031429864 0.00027578697 0.0016701296 0.0005754089 0.0004618318 0.024834253 0.000177316 0.00020414086 0.018536022 4.419382e-06 1.1162525e-05 0.00042401717 0.0004393339 1.2234809e-06 0.01101352 0.01647082 9.039955e-06
0.5169961 0.010753417 0.053672563 0.01603062 0.008619815 0.4016215 0.00259277 0.14382824 0.0025606356 0.15828039 0.07973893 0.020656092 0.14616142 0.00096753845 0.48810482 0.00030214636 0.9670592 0.00023323938 0.00040344778 0.0014811627 2.5164112e-20 0.28437805 0.00040805186 0.009569369 0.077014305 0.038385533 0.00412336 0.00015666001 7.169327e-05 0.121307686 0.017177308 0.12900163 0.00052239577 0.03097105 0.97013 0.0017862162 1.7028822e-05 0.002974968 0.00272536 4.4418334e-07 1.3644842e-06 3.3686035e-06 0.00043524118 0.00017590122 0.07880299 0.5667625 0.006621962 0.0005180147 0.24237481 0.0004992636 0.00015474098 0.00017329009 7.4082294e-05 0.00087647047 0.00011949955 0.0013120811 3.670212e-05 0.17212628 0.21031424 0.00010802393 0.0024661196 8.841875e-05 7.2207695e-05 1.5994063e-05 0.00031530813 0.00080274197 0.024080746 3.9914826e-06 2.7693923e-06 0.008982859 5.684603e-06 0.0030951917 3.139237e-06 0.00045792043 0.00033332375 7.422464e-07 0.05737125 3.0392018e-06 0.0047025066 1.2544513e-05 0.0091772815 0.092376806 3.624603e-05 1.8310198e-05 0.0067268014 0.028205978 0.04658194 0.00054379395 3.2453895e-06 7.446475e-06 4.2170404e-06 1.3931476e-06 1.06921e-06 4.6925044e-05 1.1174715e-06 8.139856e-07 0.0020327528 3.1960302e-05 6.143735e-05 3.906857e-05 4.7538556e-06
0.43690515 0.01319925 0.067030184 0.0021489712 0.0039505167 0.19224359 0.0012949134 0.012884677 0.0022211752 0.4583472 0.30075237 0.0009487834 0.39620176 0.00010918935 0.699723 1.0475356e-05 0.20578475 4.254401e-06 4.9856837e-05 0.0017607418 0.28437805 4.06182e-21 7.570982e-05 0.032563556 0.92810327 0.41948864 0.051686004 4.9888084e-05 1.7147435e-06 0.97630924 0.00045045637 0.004533462 0.0013278633 0.114394754 0.12420272 5.2833613e-05 3.179501e-05 0.024578286 0.017502615 7.0432925e-08 7.1082576e-07 1.1160721e-06 0.0016268655 0.00011309125 0.4685718 0.13929377 0.056383025 1.0292034e-05 0.2387784 2.992637e-06 0.0016137509 4.5242496e-06 3.4769569e-06 5.6149445e-05 7.358763e-05 0.00019987822 0.00088654837 0.011849048 0.04099857 3.5498797e-05 0.0008426873 2.061038e-05 4.644182e-05 1.32518e-06 0.0017244216 8.163443e-05 0.10458951 9.865852e-06 1.6376887e-06 0.03312285 3.64691e-06 0.010733719 7.0667704e-07 4.9568636e-05 3.1920703e-05 9.874017e-07 0.017440243 3.035639e-06 0.0010013297 5.1401017e-05 0.0015517427 0.06430156 1.2427989e-06 5.4053958e-06 0.011049447 0.007294517 0.044336703 0.0036447945 3.0080366e-06 1.8273928e-05 5.6768176e-06 6.852763e-06 1.8359532e-06 5.9917534e-06 8.3815996e-07 1.0439823e-05 0.00021222253 2.9509338e-06 5.471709e-05 6.289952e-05 2.1803605e-06
0.009211456 0.12439648 0.10171559 0.021145279 0.68047345 0.018921908 0.065710664 0.030133633 0.3913707 0.007041597 0.051393557 0.01420724 0.034112867 0.5009513 0.002136818 0.014328266 0.0003053813 0.0039844774 0.57004213 0.18653896 0.00040805186 7.570982e-05 1.0006156e-20 0.009267951 0.00029859322 0.00040003489 0.004849867 0.6841905 0.960281 4.28681e-05 0.0012206833 0.00030638016 0.013886154 0.00024534334 7.369544e-05 0.0015390202 0.17312892 0.00041146198 2.8823708e-05 3.023924e-05 0.031927127 0.0016346112 0.0010108304 0.0078654885 8.12187e-06 3.1270683e-05 5.178139e-05 0.00016912723 2.7595339e-05 0.00023624454 0.00034482183 1.8406736e-05 0.00015756786 3.891555e-05 0.0005199722 0.0017312816 2.6504307e-05 0.000102952385 8.814147e-06 0.4747401 1.1702867e-05 7.0558713e-06 9.208956e-06 6.7141455e-06 7.906653e-05 0.012112752 1.9030806e-05 6.3345e-06 1.1473471e-05 0.000114356575 0.018157212 3.3563203e-05 1.0797752e-05 9.712461e-06 0.00013900502 1.0965445e-06 0.00020354174 0.008784111 0.00020738784 3.0397816e-06 0.0002747039 0.0005759884 1.1311156e-05 1.0076676e-05 0.00038464996 0.00028401572 0.00081631466 2.9762346e-06 0.0020428305 0.00023911252 0.0005937808 0.00016174457 0.0013703102 2.9064322e-05 0.0013972891 0.0019428063 0.00030899813 1.7099956e-05 0.0003012705 6.809983e-05 1.5181106e-05
0.543451 0.06370187 0.16720033 0.0002940408 0.010328198 0.037289947 0.0005207896 0.010492019 0.10621606 0.10263972 0.5071664 2.7978489e-05 0.39137104 0.0019468588 0.034938898 1.3515044e-05 0.009303529 8.900979e-07 0.04488352 0.68961525 0.009569369 0.032563556 0.009267951 8.707401e-22 0.06417042 0.07623341 0.94493866 0.0038727329 0.0040960093 0.014593069 1.7314902e-06 4.8386864e-05 0.9638174 0.11822468 0.0071632033 2.5726208e-06 0.001619898 0.26918176 0.01924783 6.520966e-08 2.0132633e-05 4.583158e-06 0.5927954 0.4446104 0.008702006 0.0037060354 0.02054008 8.9747914e-08 0.005126879 9.171378e-07 0.21878587 2.9979546e-07 2.7154415e-06 3.352138e-06 0.28421962 0.00026865973 0.066372074 0.0016759349 0.0010765062 0.0055741533 3.1041704e-06 0.019348754 0.02308059 1.0855558e-06 0.039042205 0.15214357 0.059705097 0.0047957283 7.3003516e-06 0.02545464 0.00036353 0.032532904 0.035321914 5.0668896e-06 1.610302e-05 0.0006129187 0.0015346446 1.118308e-05 9.962209e-05 0.002689076 0.00025065587 0.0049497453 4.239854e-07 2.1706168e-05 0.023594238 0.0008645715 0.0062682773 0.012763515 7.626332e-05 0.0016300841 5.688475e-06 3.097814e-05 0.0003813395 2.0555171e-06 1.6590093e-06 0.0001376732 5.0181998e-06 1.2619308e-06 0.0029131756 0.0046195453 2.0736727e-06
0.3284058 0.008286133 0.02114521 0.00035392263 0.00052761915 0.032999814 0.0001478764 0.0028780666 0.00071794324 0.18242727 0.16780488 0.00021462442 0.29948828 1.9393408e-05 0.2125601 2.6375636e-05 0.048158966 1.180647e-05 0.00015800064 0.0020474 0.077014305 0.92810327 0.00029859322 0.06417042 6.6554245e-21 0.8069442 0.09503837 3.9298535e-05 2.8539594e-05 0.97131366 2.8827995e-05 0.0007183983 0.0048336666 0.11353586 0.045839485 1.12424805e-05 1.0519055e-05 0.061639857 0.041974925 3.7415848e-08 1.8740861e-06 1.7660972e-06 0.006816946 0.0004570481 0.57402474 0.060407557 0.22888693 2.1328377e-05 0.16482022 1.6970239e-06 0.0050190184 6.79675e-06 2.5377458e-06 8.0835314e-05 0.0009146088 3.9289615e-05 0.0070002847 0.008366555 0.020203998 0.00010529387 5.969251e-05 0.00059912796 0.00044463493 1.933423e-06 0.010495243 0.0007125953 0.2203439 0.00031652406 1.9592178e-06 0.07161145 3.829463e-06 0.050220925 7.376557e-06 3.6365e-05 1.4348501e-05 4.9220052e-05 0.0037153158 5.7690754e-06 6.9688213e-06 0.0007922553 9.978478e-05 0.05664728 1.0941388e-06 1.5373655e-05 0.02874666 0.0040930766 0.05072563 0.01720166 7.2944495e-06 2.5852809e-05 1.1052211e-05 3.1251768e-06 3.0565607e-06 4.1535973e-06 1.8096332e-06 6.145115e-06 3.452555e-06 6.9409175e-06 0.00017959393 0.00011943631 1.5036893e-06
0.45537728 0.003947747 0.013414131 0.000722568 0.0009884654 0.008004314 0.0003811541 0.0005385091 0.00071087433 0.06802712 0.08964593 0.00022794072 0.19310936 2.354017e-05 0.056551225 1.42365425e-05 0.012749798 1.8958492e-05 0.0010336273 0.0038138917 0.038385533 0.41948864 0.00040003489 0.07623341 0.8069442 2.6729664e-22 0.18931964 0.000110455694 5.9360013e-05 0.46517155 1.3557774e-05 0.000120801444 0.013574065 0.9779418 0.021570815 1.0347916e-05 2.134086e-06 0.044642437 0.16775264 3.5600113e-08 3.4317313e-07 6.871007e-08 0.017425967 0.0030076255 0.25428313 0.053667624 0.8200391 1.4973335e-05 0.17485437 4.520652e-06 0.014831099 6.495067e-06 2.9464949e-05 0.00012939257 0.0060456567 6.6860215e-05 0.014152325 0.0025640493 0.014379359 0.00016424453 5.6062236e-05 0.00090654026 0.0013549315 1.3695563e-05 0.037612792 0.001398577 0.3367519 0.00038481836 1.1513748e-06 0.15981045 5.7676916e-05 0.08254586 4.4636945e-05 1.1345122e-05 4.6054993e-06 4.3609918e-05 0.009328107 1.7250928e-05 0.00019446849 0.0010429897 0.00095086044 0.04140811 5.452937e-06 1.4543287e-05 0.0766375 0.0054346994 0.077387355 0.016797008 4.2132215e-06 5.3437975e-06 5.7016127e-06 2.295342e-06 1.6673079e-06 7.393594e-06 7.944509e-06 4.957036e-06 3.2745513e-06 1.5402316e-05 5.5956472e-05 4.5311168e-05 8.822518e-07
0.6264971 0.015208749 0.06283926 0.00060133066 0.0056488356 0.009731598 0.0005536533 0.00079269137 0.016202679 0.11232614 0.5357112 0.00022014155 0.5678917 0.0003830181 0.03308298 0.00010281816 0.0010608278 2.1120157e-05 0.020127304 0.34843132 0.00412336 0.051686004 0.004849867 0.94493866 0.09503837 0.18931964 4.533748e-19 0.0039495053 0.001558533 0.03483765 3.5139285e-06 1.23466125e-05 0.55048215 0.49036413 0.0056686956 6.971111e-07 0.00046389498 0.9108701 0.15433884 3.1383345e-07 5.07486e-06 1.2505071e-05 0.51293194 0.22629547 0.030524239 0.006628438 0.032821532 4.209562e-06 0.01804954 3.7385584e-07 0.28862548 3.784372e-06 2.0577463e-05 3.1272448e-05 0.15130068 2.7635182e-05 0.12379795 0.0003593559 0.00081101054 0.0019220515 7.8873876e-07 0.02364049 0.024817852 7.337149e-06 0.14250787 0.06652161 0.096774854 0.0032753246 7.684588e-06 0.12346543 0.00024855256 0.077332765 0.011839497 1.01083515e-05 3.7164584e-05 0.0004374607 0.00083216827 0.000122534 3.0718573e-05 0.0037123105 0.00010778171 0.00463669 4.331296e-06 6.924148e-05 0.086331554 0.00038862758 0.008189772 0.013444932 2.1594693e-05 3.050287e-05 3.569995e-05 6.656913e-05 1.0390021e-05 2.3369423e-06 2.0836449e-05 0.00040277923 9.578891e-07 1.9851606e-05 0.0015802503 0.0016702713 9.511307e-06
0.017618649 0.13598037 0.070626855 0.0071609775 0.5895609 0.0111747375 0.019093417 0.016844217 0.48319408 0.0023124085 0.038515672 0.002933634 0.012798637 0.23085438 0.0011272548 0.005112193 0.00083630683 0.0017034777 0.943336 0.45021677 0.00015666001 4.9888084e-05 0.6841905 0.0038727329 3.9298535e-05 0.000110455694 0.0039495053 7.255659e-21 0.96429306 3.7149043e-06 0.00022585777 2.131654e-05 0.023824083 0.00025379105 6.2585045e-06 0.0005745439 0.04335907 0.0007524479 8.809247e-06 1.5035567e-05 0.005788565 0.00047060437 0.0015282346 0.021381078 4.958015e-06 3.7248165e-06 5.8237652e-05 6.0190664e-06 3.2100552e-06 6.8684494e-05 0.0004899065 6.648377e-06 3.9794093e-05 1.7988732e-05 0.0016826757 0.0006484503 1.2893759e-05 4.862788e-05 3.0991152e-06 0.5729939 5.4229617e-06 1.0509639e-05 1.3920274e-05 1.0095725e-06 3.8442224e-05 0.07297529 2.0961716e-05 2.1447824e-05 8.408251e-07 4.9245406e-05 0.09196913 5.1832085e-05 3.87228e-06 1.6791711e-05 0.0009885178 7.67771e-06 6.834799e-05 0.011974054 1.781429e-05 1.3511345e-05 2.7376593e-05 0.0010458418 2.3823982e-06 3.1099278e-06 0.00028434745 7.219095e-05 0.00029041394 2.5749147e-05 0.008347735 0.008627599 0.0005658428 0.00017837177 0.018769115 3.1555286e-05 0.00051104545 0.0019123045 1.2278965e-05 6.6018306e-06 0.002380124 9.081393e-05 1.3177176e-05
0.030050732 0.07298967 0.0718848 0.012390665 0.53674555 0.0118029425 0.063508056 0.010066211 0.1595549 0.0017603809 0.03994602 0.01295513 0.019662887 0.5268446 0.00049008365 0.031276163 9.4788666e-05 0.0065687946 0.42569646 0.12825522 7.169327e-05 1.7147435e-06 0.960281 0.0040960093 2.8539594e-05 5.9360013e-05 0.001558533 0.96429306 8.1940465e-17 6.047784e-06 0.0003061322 9.0198e-05 0.009859175 2.8652199e-05 1.9778548e-05 0.00050998095 0.4282583 0.00020099837 1.2677527e-05 0.0004125566 0.10996913 0.006774464 0.0017332814 0.007760956 1.8223433e-06 4.314846e-06 1.7065142e-05 0.0002878499 4.782339e-06 0.00013948386 0.00083716033 4.4829212e-05 0.0008498195 0.0003177875 0.0007051099 0.0014425111 4.3297783e-05 5.2954376e-05 2.9327695e-05 0.8842965 3.545096e-05 4.9824375e-05 1.2034466e-05 4.4873443e-05 4.492298e-05 0.055303466 8.179196e-06 4.9593627e-06 5.052657e-05 0.00016894443 0.1766809 1.6536158e-05 3.306251e-06 4.7018893e-05 0.00016876955 5.5952437e-06 0.00036236766 0.116525 6.318678e-05 6.3229545e-06 3.302169e-05 0.00062962197 1.9705141e-05 6.4247934e-06 0.00043044996 0.00010474783 0.00060100964 1.4609916e-05 0.037654195 0.0019176145 0.007955234 0.00036855307 0.04101038 0.00014696748 0.016585477 0.01846193 4.6648005e-05 6.057785e-05 0.00054841273 0.00014634928 2.2625087e-05
0.6912744 0.0039244825 0.013516089 0.000112066045 0.00021640514 0.03518648 5.0195235e-05 0.0023506668 0.001255577 0.19354317 0.10640308 9.8118384e-05 0.17169873 1.3274663e-05 0.31137654 9.020381e-06 0.02758021 1.3520889e-06 2.6741966e-06 0.0019969484 0.121307686 0.97630924 4.28681e-05 0.014593069 0.97131366 0.46517155 0.03483765 3.7149043e-06 6.047784e-06 1.2735001e-20 6.828283e-05 0.001679454 0.0007832645 0.080729656 0.08535481 2.2775284e-05 6.0547036e-06 0.01655625 0.022247603 3.2014704e-08 7.167166e-07 7.6761177e-07 0.0017332111 0.00033628583 0.95970124 0.09938297 0.15554765 8.153067e-06 0.38060507 6.4642717e-07 0.0026154649 5.946322e-06 2.3793464e-06 3.0137955e-05 0.00016800387 8.939627e-05 0.0006796831 0.0076658144 0.028790127 6.3277257e-06 9.958058e-05 6.0382496e-05 7.136617e-05 4.2342052e-07 0.0045787306 4.1237567e-05 0.1616033 3.348264e-05 7.7740106e-07 0.05261748 1.8597183e-06 0.015416168 1.194174e-06 2.5475676e-05 5.193022e-06 3.0347244e-06 0.018462261 2.0974624e-06 0.00012811607 0.00033479335 0.00039555348 0.10798352 1.0833911e-06 6.022784e-07 0.032623485 0.0046000634 0.08252622 0.00459903 2.1195167e-06 9.028264e-06 1.785769e-06 1.8697802e-06 1.9525446e-07 2.7932963e-06 4.213008e-08 6.778806e-06 8.573939e-06 3.0543401e-06 2.6325955e-05 6.583598e-06 2.4118526e-07
0.8220062 0.012236741 0.0086715 0.12075884 0.028666474 0.042212013 0.03602401 0.44304267 0.0023156162 0.00081577495 0.00021523422 0.5612747 6.660114e-05 0.016152509 0.003595716 0.022955904 0.14005116 0.048330005 0.00031886518 0.00071839424 0.017177308 0.00045045637 0.0012206833 1.7314902e-06 2.8827995e-05 1.3557774e-05 3.5139285e-06 0.00022585777 0.0003061322 6.828283e-05 5.603201e-17 0.96656317 1.03061775e-05 4.1855715e-06 0.03958498 0.8428182 0.0009085599 2.1125304e-06 4.5161404e-08 0.0062601855 7.0898306e-05 0.0020798247 5.836778e-06 4.1630738e-05 0.00020883707 0.030615205 1.3337566e-05 0.15258917 0.0027331621 0.50336725 3.3283645e-06 0.18697093 0.061485227 0.35346308 1.1213697e-05 0.65388787 1.2832783e-08 0.25463793 0.08402161 0.0021500096 0.61930573 2.5084792e-06 3.206867e-06 0.011679465 1.3331443e-06 0.000297064 0.00027041024 3.7289533e-06 0.0010444653 0.00028591778 0.00031273774 2.0000072e-05 1.1966662e-06 0.032372095 0.073182054 5.71937e-07 0.19262399 4.820162e-05 0.47735438 5.9230626e-07 0.39085448 0.02149776 0.0066307243 0.00058610516 2.8439774e-05 0.16378295 0.0021529624 1.1915472e-06 0.00015382683 1.654302e-05 1.8080644e-05 0.0004033891 0.000125645 0.0100225555 3.4625282e-05 8.428195e-05 0.04315087 0.0107178595 0.00014548872 4.3027227e-05 0.0005497868
