2.984074e-28 0.040226173 0.049094394 0.10258575 0.0042952425 0.26522577 0.040716387 0.38449678 0.00075012044 0.4587082 0.5376344 0.05668889 0.03237461 0.29545724 0.96474147 0.0029330242 0.09612951 0.24500243 0.71952176 0.29776266 1.3957641e-05 0.004123871 0.59179723 0.32755005 0.53009874 0.07522419 0.0023771038 0.3741235 0.69653153 0.000253984 5.35048e-05 0.09682473 0.0024492652 0.26859117 0.7151194 0.49834824 0.0006184096 1.389944e-08 0.20786993 1.2085738e-05 0.81677705 6.816081e-08 0.509945 0.00079147326 0.025340306 1.2149865e-05 0.11850581 8.472506e-06 0.06658923 0.32778296 0.0037394469 0.00016226183 0.57628876 0.00021484762 0.64724857 0.1915985 0.31252947 3.80124e-11 0.28527626 1.5005167e-11 0.4066879 0.93743324 1.9565933e-07 0.7026427 0.79787445 0.80531275 0.32604203 0.61487925 2.3700383e-10 0.68786055 0.6568369 0.12110247 0.8839852 0.77515 0.047859065 0.7999113 0.936249 0.5300504 0.922525 0.9127115 0.9308204 0.3133025 0.00049691193 0.99121785 0.22013128 0.9989156 0.015627995 0.99181724 0.90856797 0.011769823 0.017412247 0.081319466 0.9523965 0.013090533 0.9999795 0.9978622 0.024606554 0.049048167 1.56167e-06 0.41739333 0.9973238
0.040226173 3.0045775e-20 0.8102963 0.9435722 0.46467242 0.54245114 0.6605108 0.55886656 0.46343774 0.5375963 0.50567555 0.380677 0.2786453 0.2842945 0.26723084 0.09608478 0.1031568 0.2739728 0.19032893 0.053927653 0.065081805 0.113235004 0.012291409 0.0039357045 0.046725903 0.050658967 0.037384126 0.0046043294 0.0056486363 5.815895e-05 0.019861009 0.041035436 0.003362488 0.008022105 0.004603054 0.008125849 0.007761645 0.0012428991 0.007053827 0.0023710553 0.0017130888 5.31023e-05 0.0002136446 0.0010644187 0.010605809 0.0003780864 0.0004173634 0.00022091845 0.0004102215 0.0024492186 0.00013554627 0.00010952653 0.0020464065 0.001297062 0.0036498872 0.00022743345 0.00024262286 2.9223513e-06 1.6339549e-05 0.00011214194 5.5020217e-05 0.0015232074 4.902804e-06 0.0001711752 0.0029505864 1.8707087e-05 0.00039900176 0.00028127385 2.5919118e-05 0.00013835076 0.00032366425 0.00014610523 2.1129163e-05 0.00010164967 1.5203098e-05 8.1068e-05 0.0013968134 9.193754e-05 0.00023464135 0.0006257974 0.00044310134 1.0787193e-05 0.00054964266 0.00030703386 2.8567626e-06 0.0003855685 0.0012012777 3.0505458e-05 0.00016494602 1.3669349e-07 2.458442e-05 4.816328e-06 0.00034433877 8.1340744e-07 0.0015119173 0.00047162018 9.643907e-07 3.3305633e-07 0.00053875026 2.2635177e-06 0.0005333109
0.049094394 0.8102963 3.26221e-20 0.575222 0.91239554 0.27552748 0.40656194 0.66908836 0.91511583 0.61092335 0.69992864 0.13296865 0.8311706 0.118333705 0.35247952 0.026527412 0.023972657 0.10870685 0.07086042 0.026807193 0.059689675 0.010713348 0.0142697655 0.003910262 0.43688506 0.0068004495 0.0038134952 0.0016962322 0.0033659579 0.010360146 0.0055094045 0.007158474 0.008249379 0.060215734 0.036262892 0.008428187 0.0010419537 0.00198585 0.0022543094 0.0007106781 0.0011070215 2.0124917e-05 0.0027401515 0.00023133689 0.0015406326 0.00013808806 0.0024827528 0.0003143899 0.006990972 0.014057109 0.0014497376 4.9595732e-05 0.009642399 0.00039044622 0.005081473 0.0031431573 0.006563644 4.8233237e-06 0.00091119733 5.6324825e-05 0.0028076612 0.0059842328 4.4512427e-07 0.00065754785 0.0048311227 0.00014863267 0.0022061286 0.007676843 9.9535155e-06 0.00281831 0.0034972732 0.0016531768 0.00038174907 0.0004484036 0.00020786187 0.00094832067 0.0046146885 0.005881817 0.0014617359 0.0010345262 0.0015054859 0.00020240856 0.0036614495 0.0017824359 2.5004623e-05 0.0011905654 0.0015815395 1.9367033e-05 0.0004967895 1.5285215e-06 0.00010780359 6.673166e-05 0.0042249686 4.6966456e-05 0.0017628229 0.0021675741 9.679251e-07 2.0117142e-07 0.00015584387 1.5493464e-05 0.0018647934
0.10258575 0.9435722 0.575222 2.5663145e-22 0.2665453 0.58704203 0.30536813 0.71963793 0.12683588 0.8063711 0.52392167 0.42229646 0.18414204 0.5770754 0.2860687 0.0251708 0.1794296 0.31395715 0.16953327 0.07547321 0.015704527 0.06330009 0.029611219 0.0069921347 0.043629453 0.06427964 0.020519638 0.010569117 0.024147738 6.331756e-05 0.0042591738 0.04301015 0.0022296126 0.022379005 0.012859641 0.00986669 0.003222166 2.1543578e-05 0.02281965 0.0007124197 0.00911836 2.5224215e-06 0.0002936899 0.0009271297 0.013022665 7.866932e-05 0.001977759 0.00014839276 0.0040604495 0.0041969777 1.9549725e-05 0.0009852191 0.0039884713 0.0009316767 0.005194761 0.00025482348 0.0004260561 1.4026294e-07 0.00067039824 3.2606888e-05 6.94198e-05 0.0014071622 3.9566697e-07 0.00097148144 0.0010691795 2.386454e-05 0.00037907748 0.00020769224 3.952199e-06 4.3391534e-05 0.00020357473 0.0014005938 0.00036538293 0.00041924234 6.959281e-05 0.0002233508 0.00063875143 7.604733e-05 6.731588e-05 0.00044900287 0.00045795864 0.00017745675 0.00029046828 0.00012497234 5.642151e-06 0.00028453895 0.00072793243 2.749979e-05 0.00027465547 2.116773e-08 0.00010657702 1.3116931e-05 0.00020141478 1.6965353e-06 0.00015384487 0.00017766232 1.7255278e-06 1.9687256e-09 8.425325e-05 3.9276183e-06 0.0002128202
0.0042952425 0.46467242 0.91239554 0.2665453 5.610847e-21 0.061895005 0.07714642 0.34060726 0.77843064 0.21102935 0.3660359 0.034365553 0.691191 0.014204551 0.103037514 0.004973854 0.0043137027 0.018955652 0.014597822 0.0065793307 0.01919444 0.0027079524 0.0015136146 0.00053740706 0.29351348 0.00081070635 0.0010158566 6.797382e-05 0.00017951278 0.027179673 0.0013068916 0.000749647 0.012604707 0.012747737 0.03719335 0.004743741 0.00012970637 0.0017189507 7.634431e-05 7.450147e-06 3.4067307e-05 2.8866233e-07 0.006034974 1.15410285e-05 0.00024519808 7.1855316e-06 0.00012055676 1.4040802e-05 0.00032357228 0.0050255875 0.003990453 2.4714427e-06 0.0038027747 5.595423e-05 0.0021964537 0.003623762 0.0025394042 5.30233e-07 3.4009136e-05 7.96193e-06 0.0006012736 0.0018607508 1.2093307e-08 6.484561e-05 0.0022344987 1.0276391e-05 0.0003497715 0.0041004587 1.6055826e-06 0.0007028293 0.0018637747 0.00013580207 4.173863e-05 9.485133e-05 6.168993e-05 1.6525075e-05 0.0011255837 0.004343226 0.0008188644 0.0009431446 0.0011889781 2.0734076e-06 0.00033951295 0.001610712 1.1820345e-06 0.0017367825 0.00011230805 4.6264977e-06 5.321094e-05 1.8064029e-05 1.9864181e-05 2.5454824e-06 0.004215744 2.542976e-06 0.00020806574 0.0027118367 1.1438325e-07 6.4412716e-06 5.6290482e-06 1.0729485e-06 0.00057617325
0.26522577 0.54245114 0.27552748 0.58704203 0.061895005 4.0002967e-21 0.6199732 0.45145568 0.0306723 0.6355705 0.34830716 0.9639853 0.019214945 0.7616677 0.29567575 0.18632732 0.5571588 0.40672973 0.19922101 0.05845543 0.021760132 0.4255708 0.002937986 0.0016353182 0.0093515245 0.2961589 0.21489553 0.00735908 0.06466256 3.0831109e-06 0.010559878 0.24828772 0.00015658278 0.0021192927 0.00085265876 0.0011071598 0.036422417 0.00017061748 0.11701137 0.0056171813 0.03160089 0.00015813434 5.4899825e-05 0.027172813 0.09578602 0.0010785029 0.00079076027 0.0015424807 0.026072802 0.0017080439 1.2352407e-05 0.0118761705 0.0011459907 0.0054977136 0.0023916531 5.9926766e-05 1.0649559e-05 1.1449888e-06 0.00070302 0.00022248153 3.1136522e-06 0.00011470524 2.015536e-05 0.0003062452 0.0003748975 0.00013491677 5.069483e-05 1.408087e-05 7.9086065e-05 6.4465047e-07 2.3318607e-05 0.0034590515 0.0011774774 0.00074418145 0.0010132688 7.162835e-05 0.00011016702 9.367027e-06 7.26146e-06 0.00016823185 4.3034444e-05 9.002457e-05 0.0034308992 6.8703e-06 1.0868738e-05 4.809982e-05 0.003041345 1.3078833e-05 0.00013216084 3.840107e-09 8.0762264e-05 6.453711e-06 3.6904019e-06 2.1592623e-06 7.6005126e-05 1.9669675e-05 9.881591e-07 1.8043864e-09 0.00062424556 4.9375736e-08 9.820816e-05
0.040716387 0.6605108 0.40656194 0.30536813 0.07714642 0.6199732 6.3764827e-20 0.40650812 0.32802626 0.38659656 0.28943065 0.55237705 0.03710767 0.055370186 0.25611296 0.9582458 0.19495058 0.076946676 0.29450512 0.058727264 0.64891523 0.5656428 0.0019972676 0.0008576793 0.014704599 0.0717786 0.24016847 0.0014986328 0.002445061 1.1221892e-05 0.4963434 0.09321395 9.149164e-05 9.7242446e-05 0.00066185655 2.6420827e-05 0.06488297 0.027974335 0.031511344 0.02406347 0.00029054223 0.008407524 4.223075e-05 0.006689769 0.09171873 0.004060043 8.381972e-06 0.0012212395 0.026961941 0.0012194337 2.0449423e-05 0.0037314831 0.00059779757 0.0068697436 0.0009954497 7.846679e-05 2.3522643e-05 2.5968899e-05 1.1205876e-06 0.0007849737 6.3735065e-06 0.0002895003 3.5033132e-05 2.9004596e-07 0.0011402423 0.0003014599 2.0075613e-05 0.000101641046 0.0002715654 1.3619945e-06 0.00086845044 0.0021733409 6.3240154e-06 1.3318805e-05 2.9706924e-05 1.833965e-06 3.4560755e-05 3.963377e-05 7.2646224e-05 8.0772275e-05 2.3495537e-05 2.2169942e-07 0.0003633356 2.748294e-06 2.9495848e-05 1.096385e-05 0.00032505346 1.429751e-07 6.542595e-06 1.8703321e-07 3.1038005e-06 2.3467087e-06 4.2265237e-05 1.3970139e-06 0.00021603335 0.00019812465 1.0299584e-07 1.4153887e-08 0.0008221108 1.2336079e-07 4.4174332e-05
0.38449678 0.55886656 0.66908836 0.71963793 0.34060726 0.45145568 0.40650812 1.37959e-20 0.15151758 0.9554298 0.9529951 0.15600544 0.33756548 0.45241198 0.79741204 0.038842484 0.10720394 0.26256758 0.3717158 0.13434072 0.018712576 0.06126158 0.09272699 0.036449842 0.1688676 0.059852336 0.032841038 0.01660298 0.03254817 0.0007567828 0.002525857 0.052871775 0.016138187 0.07960715 0.0855474 0.072495274 0.0033891092 1.6477223e-05 0.025041118 0.0002070511 0.02234463 7.72852e-07 0.0043288646 0.0006473714 0.006680149 1.936838e-05 0.005172099 3.928692e-05 0.0072197504 0.039222006 0.00032799994 0.00034228052 0.054500442 0.00050104794 0.041809484 0.0008441379 0.010475443 3.2351102e-07 0.0026274452 1.5326883e-05 0.0052751657 0.022001583 6.7012206e-07 0.0067891423 0.010848045 0.00013631707 0.0071242894 0.0026516381 2.2096458e-06 0.008362522 0.005948415 0.0016727883 0.0024148324 0.0031401252 0.00032733058 0.0025166299 0.007916896 0.0018668789 0.0036496748 0.0078077298 0.006665417 0.0009455574 0.0004249977 0.001429274 1.3173507e-05 0.004780025 0.0013660182 3.9473984e-05 0.0018386412 2.1153538e-07 5.8534213e-05 1.0494535e-05 0.0012304157 2.0529253e-06 0.0031398647 0.0009747862 2.5228906e-06 5.1102496e-08 7.672268e-05 2.7742349e-06 0.0010246817
0.00075012044 0.46343774 0.91511583 0.12683588 0.77843064 0.0306723 0.32802626 0.15151758 4.5706466e-20 0.061593655 0.22421479 0.021055914 0.82356185 0.0012074541 0.02072166 0.02614533 0.0017727687 0.0013572004 0.0053055226 0.000692828 0.5472482 0.0072113895 0.00030340705 9.156793e-05 0.1867302 0.00022226352 0.00040187698 3.6377383e-05 3.6027366e-05 0.15573008 0.034698706 8.5032625e-05 0.018641716 0.0018237752 0.009768075 0.00017154828 4.9880997e-05 0.046913832 1.1704285e-05 0.0004278525 2.2147522e-05 0.0006535517 0.0013800847 4.9432183e-06 3.8857255e-05 1.9187824e-05 3.2511673e-06 2.3447123e-05 5.7319834e-05 0.001951719 0.001250034 1.9185665e-05 0.00014813922 1.5766398e-05 0.00037378582 0.0006050995 0.0003045844 1.4852576e-05 1.5947614e-06 0.00023793807 4.2897344e-05 0.00010618531 4.918183e-08 4.1283292e-05 0.00085129665 6.654241e-05 0.00010204011 0.0019613958 1.9736004e-05 0.000115188115 0.00021128933 1.2825328e-05 2.803785e-06 1.01225705e-05 1.5143415e-06 1.2511776e-05 0.00052491546 0.0017607494 0.00016862556 0.0005744288 0.0005517128 1.2958373e-06 3.4591337e-06 0.0005557529 5.1899644e-07 0.0005409597 4.0152312e-07 1.2376675e-05 1.1820148e-05 3.7867496e-05 3.661367e-07 7.586738e-07 0.0015124314 9.437919e-08 0.0005203604 0.0018479617 7.597737e-09 3.248799e-06 4.226707e-06 1.0626223e-07 0.00018586156
0.4587082 0.5375963 0.61092335 0.8063711 0.21102935 0.6355705 0.38659656 0.9554298 0.061593655 6.2636757e-21 0.79770285 0.29063433 0.19719946 0.8092737 0.76501745 0.03247265 0.2745243 0.64426893 0.69879246 0.389839 0.0091054635 0.07571623 0.16634993 0.071420014 0.067704014 0.11342163 0.037985574 0.094204165 0.12061008 3.815962e-05 0.0015769391 0.09328123 0.0032996032 0.041253414 0.036692645 0.04662765 0.0051153335 8.879457e-06 0.07880477 0.00033928055 0.06283387 7.034616e-07 0.00054690335 0.0019075271 0.014991984 9.20781e-05 0.012408645 8.014233e-05 0.025312481 0.03266624 5.789134e-05 0.0014530083 0.046100203 0.0006641441 0.042342722 0.000107672284 0.0035968784 2.716567e-07 0.009676958 2.9102543e-05 0.0020737096 0.01330453 9.764427e-07 0.008018633 0.005994186 0.0007448468 0.00280933 0.0005166535 5.1324823e-06 0.0025583568 0.0011212099 0.0048153107 0.006916813 0.007074354 0.000804832 0.0030759338 0.0039398787 0.000224061 0.0010695559 0.005719757 0.0036430191 0.0017076383 0.00092410727 0.0003093983 4.2002008e-05 0.0017018124 0.005291717 0.00020767504 0.0024245451 8.268528e-09 0.00030011658 2.7143142e-05 0.000111727444 1.7365432e-05 0.0034513997 0.0003173102 2.0529753e-05 1.0747782e-09 0.00023576332 9.59775e-06 0.0010715672
0.5376344 0.50567555 0.69992864 0.52392167 0.3660359 0.34830716 0.28943065 0.9529951 0.22421479 0.79770285 8.6529777e-19 0.08893189 0.55950963 0.24176073 0.94689226 0.011506015 0.056437813 0.16714454 0.43974376 0.15908962 0.0030374867 0.024723696 0.14383915 0.031438425 0.43447876 0.013905355 0.0030085247 0.010793461 0.007376614 0.001636248 0.00032243965 0.013327484 0.038272902 0.2705731 0.26519853 0.21528965 0.00016753316 5.702086e-06 0.002369649 1.4568135e-05 0.0016570622 8.1916454e-08 0.014121802 2.3198741e-05 0.00016352996 3.4109164e-06 0.0022530716 1.8701272e-05 0.0009155693 0.15832105 0.0011473258 4.6909965e-05 0.18008465 0.00021392187 0.094017975 0.0016864742 0.08362681 5.1714517e-07 0.0002970674 2.5121479e-05 0.020557154 0.06403803 2.5877043e-06 0.0030736818 0.049147855 3.5883317e-05 0.010460668 0.0034324813 2.2003405e-06 0.020416092 0.014450473 0.0005382911 0.00016086127 0.0036143395 7.5888697e-06 0.00061313057 0.0129367225 0.003084508 0.0070122015 0.024052676 0.016146315 0.00010108414 5.6843674e-05 0.004192871 8.362299e-06 0.014301018 0.00048879214 1.362031e-06 0.0006916624 3.066194e-05 8.4413105e-06 2.244389e-06 0.003359597 5.9624233e-07 0.009092916 0.006340666 1.028931e-06 1.2630661e-06 0.00015494862 4.6816646e-07 0.0015159601
0.05668889 0.380677 0.13296865 0.42229646 0.034365553 0.9639853 0.55237705 0.15600544 0.021055914 0.29063433 0.08893189 1.2881664e-22 0.018680908 0.5590608 0.044282272 0.21702269 0.9235589 0.24685536 0.056959048 0.03151694 0.026739119 0.6064034 0.0024926732 0.002336028 0.0035865663 0.52743435 0.33692428 0.007982524 0.029423013 1.0200499e-06 0.025326485 0.3279496 0.00047000402 0.00081726623 0.00044952813 0.0015645033 0.03553194 0.00014817738 0.16140701 0.0075514377 0.025517711 0.0002767138 3.646411e-05 0.022384912 0.11269291 0.0025449854 0.0023414032 0.0017661167 0.047813464 0.0014313482 0.0001387539 0.036452588 0.0008413932 0.01693092 0.0027639556 5.4422067e-05 8.8788685e-05 1.2498938e-06 0.0011650758 0.00021947347 1.2713112e-05 0.00035252768 7.493036e-06 0.0009856161 0.00074614177 0.0005606456 0.00012310466 0.0001485053 8.4719286e-05 2.9000808e-05 0.00021353645 0.010247258 0.001004337 0.0010760828 0.0030929286 0.000206419 0.00019802472 2.3977324e-05 7.9201236e-05 0.0005456171 0.00011580847 0.00017394146 0.0016302139 0.00016768723 0.0002759217 0.00012949861 0.0017570332 0.00013209292 0.0006741678 1.9973196e-07 0.0008826727 0.00012002093 1.9668738e-05 3.6647663e-05 0.00015749769 0.00010228036 1.3101667e-05 1.7062494e-08 0.00034596742 1.1887069e-05 0.0002347685
0.03237461 0.2786453 0.8311706 0.18414204 0.691191 0.019214945 0.03710767 0.33756548 0.82356185 0.19719946 0.55950963 0.018680908 5.8740756e-17 0.011715783 0.2247828 5.5665598e-05 0.004941256 0.010463013 0.008000106 0.0036939236 0.006069177 6.417424e-05 0.003967301 0.0014957194 0.9460769 0.00025480278 1.0568598e-05 0.00017514896 0.00045810346 0.86588913 3.9039518e-05 0.0011530622 0.7097815 0.07900179 0.4481892 0.019561801 9.917239e-07 3.6205027e-05 0.0016116916 8.04118e-07 0.0002984153 1.4223879e-07 0.4735797 2.6269638e-06 0.00022118047 4.256773e-07 0.00028345804 5.884574e-05 0.0053417874 0.011428131 0.0820926 3.9240786e-05 0.006495712 0.00016110155 0.00397073 0.14913398 0.024374288 3.8394256e-07 0.00026460225 4.447106e-05 0.0034151874 0.013494407 3.8099415e-06 0.0002046668 0.008184436 0.00013297096 0.0017256375 0.050533317 5.3411327e-06 0.0150996065 0.05147286 9.297159e-05 5.5183355e-06 0.00027894953 1.2269448e-05 8.490685e-05 0.005383553 0.031910352 0.024090823 0.0016723323 0.0017681897 1.0080482e-05 0.0024141322 0.007117545 1.6160526e-05 0.005886345 0.010049953 2.2805733e-07 4.6994235e-05 0.0006432758 0.00044412745 1.3192328e-05 0.020473791 6.33232e-06 0.0019572151 0.017073916 1.0969247e-05 0.0009167103 7.8936035e-05 2.7494649e-05 0.00038538672
0.29545724 0.2842945 0.118333705 0.5770754 0.014204551 0.7616677 0.055370186 0.45241198 0.0012074541 0.8092737 0.24176073 0.5590608 0.011715783 1.4838141e-21 0.17190884 0.01612195 0.6160961 0.9456828 0.5240683 0.40374407 0.0005787572 0.110304914 0.049055427 0.055090215 0.0043379664 0.34884927 0.055178218 0.21641523 0.39760175 2.5725825e-07 0.0032196168 0.18973006 0.00015503581 0.014932288 0.0013313942 0.012434505 0.007122584 1.4619715e-05 0.25052217 0.0011619462 0.18585537 1.04635255e-05 3.3240365e-05 0.006546737 0.036526076 0.0010737568 0.010959299 0.0008958865 0.099578284 0.004161006 4.917895e-05 0.008637503 0.009695285 0.0050195334 0.021574361 8.974158e-06 0.00015963014 4.183718e-07 0.0064952974 9.90945e-05 0.0001225853 0.0021066037 2.690529e-05 0.0029710166 0.0027578303 0.01894367 0.0015365513 2.8650038e-05 2.2038908e-05 4.535622e-05 0.00013134061 0.03855056 0.0075404923 0.0038414467 0.008526016 0.0027701242 0.0018692394 1.5147596e-05 9.183334e-05 0.002501723 0.00075586315 0.0014810674 0.002104675 3.9930113e-05 0.001990946 0.00020769065 0.0069529098 0.0006465622 0.0015554298 8.8744356e-10 0.0026857185 0.00046830112 4.7229394e-05 0.00030783075 0.0015270318 4.6076802e-05 0.00025938716 9.365463e-10 0.0012012548 3.595913e-05 0.001797672
0.96474147 0.26723084 0.35247952 0.2860687 0.103037514 0.29567575 0.25611296 0.79741204 0.02072166 0.76501745 0.94689226 0.044282272 0.2247828 0.17190884 2.7896085e-16 0.0077046845 0.048401613 0.13394894 0.5225703 0.2256379 0.0028775355 0.01676683 0.533434 0.13875811 0.34754533 0.010962216 0.0043712347 0.036340535 0.030220583 0.00068717153 0.002154819 0.012294815 0.029171249 0.5272843 0.24471982 0.64111805 0.0008796148 9.037676e-05 0.012838729 0.00015967354 0.007778892 9.114794e-06 0.019257097 0.00027177398 0.00063386495 5.149517e-05 0.005403786 0.00038101798 0.030175589 0.2562276 0.0011570007 0.0019026388 0.46025681 0.001259826 0.30647713 0.002024499 0.2375028 1.5368569e-05 0.0049034385 9.2130635e-05 0.09289379 0.28863493 8.568704e-05 0.027309265 0.22679603 0.00082908117 0.05633775 0.008485505 2.0761612e-05 0.11369405 0.02600607 0.0044456334 0.0041359724 0.028959768 0.00081294955 0.013964407 0.04601906 0.0036276793 0.024480741 0.09289502 0.06424521 0.002665048 0.0009947742 0.031837266 8.394752e-05 0.058644082 0.01645268 0.00011593698 0.010237254 8.892504e-05 0.00041226737 8.8348956e-05 0.0050859 0.00012338345 0.09884224 0.016252559 5.4975797e-05 4.9033815e-07 0.0013116569 5.26941e-06 0.015401567
0.0029330242 0.09608478 0.026527412 0.0251708 0.004973854 0.18632732 0.9582458 0.038842484 0.02614533 0.03247265 0.011506015 0.21702269 5.5665598e-05 0.01612195 0.0077046845 6.489606e-21 0.06303615 0.023704628 0.030273657 0.0058097416 0.21819803 0.6844779 0.00021829053 9.40415e-05 4.1075837e-06 0.034956094 0.4523295 0.0004960959 0.0020290806 1.2369877e-07 0.6305557 0.04355138 1.0253791e-06 9.016196e-07 3.150926e-06 1.3440141e-06 0.20358749 0.050800182 0.012667438 0.20964587 0.00045050966 0.12456 2.4669735e-06 0.026537104 0.047452576 0.01119981 8.273952e-06 0.0025362312 0.0033598067 2.2532775e-05 5.845089e-06 0.00180089 6.547286e-05 0.0014616216 5.7330933e-05 4.3150976e-06 9.204469e-06 9.1048496e-05 1.3705851e-06 0.002327551 6.95146e-07 3.059992e-05 9.1220856e-05 1.3699357e-06 6.548635e-05 3.6636724e-05 1.4331789e-05 1.5156215e-06 0.0009256614 4.6523203e-07 1.7286682e-05 0.00043497854 1.5482747e-06 4.7040758e-06 7.237104e-06 1.9251454e-06 2.7872256e-05 3.574456e-06 7.590339e-06 6.8943086e-06 1.1595837e-05 3.9887445e-07 9.973446e-05 4.28199e-06 3.2232647e-06 1.5035696e-05 5.9405545e-05 1.3881987e-07 9.266276e-07 1.0084467e-08 7.8804703e-07 5.468407e-07 1.5213543e-05 1.2294561e-07 3.1470412e-05 5.009607e-06 8.05301e-08 7.6558176e-10 0.000422675 1.7325779e-07 1.6563179e-05
0.09612951 0.1031568 0.023972657 0.1794296 0.0043137027 0.5571588 0.19495058 0.10720394 0.0017727687 0.2745243 0.056437813 0.9235589 0.004941256 0.6160961 0.048401613 0.06303615 2.7019982e-23 0.27221867 0.049074546 0.020074902 0.006224389 0.451158 0.0008989765 0.0017836747 0.00079717056 0.93308866 0.2632573 0.0073485104 0.061884984 1.2403727e-06 0.00926341 0.72920114 0.00017379405 0.00051733444 5.8166494e-05 0.0006651751 0.034020666 2.464019e-05 0.46158922 0.006656844 0.08444039 0.00010585377 3.2839853e-05 0.036151707 0.19641812 0.0023587972 0.007530298 0.0023471843 0.11846596 0.0015420025 0.00012371608 0.040122807 0.0028317582 0.018281713 0.0039021876 4.6456393e-05 0.00019602531 2.533056e-07 0.0052176793 0.00022309195 2.5110798e-05 0.0003984751 2.4612853e-05 0.0023542002 0.0011189262 0.0023936888 0.00028630497 5.8970574e-05 5.7806436e-05 1.5300755e-05 9.874309e-05 0.0114379665 0.003603046 0.002708726 0.0042690737 0.001138962 0.00032892433 1.19852375e-05 4.671603e-05 0.00085822097 0.000298671 0.0007579598 0.0031835698 7.505219e-05 0.00064474455 0.000116242656 0.0069846343 0.00044306836 0.0007620291 6.293269e-09 0.00079700374 0.0001881852 2.3131846e-05 0.000109928675 0.00030451262 0.00011291386 7.062655e-05 4.6819633e-09 0.0006849121 9.082757e-06 0.00052440015
0.24500243 0.2739728 0.10870685 0.31395715 0.018955652 0.40672973 0.076946676 0.26256758 0.0013572004 0.64426893 0.16714454 0.24685536 0.010463013 0.9456828 0.13394894 0.023704628 0.27221867 4.055623e-23 0.79307735 0.77463543 0.0004353591 0.07917784 0.21020983 0.15929079 0.004109394 0.17754093 0.04631657 0.7654709 0.8280828 5.284903e-07 0.0015350617 0.08493177 0.0003363009 0.07198098 0.0030060841 0.079366624 0.0021736808 6.099626e-06 0.17689557 0.00052365824 0.47067493 1.1482644e-05 0.000101085 0.0013261695 0.012381457 0.00018237534 0.08235803 0.00011192986 0.08510164 0.01614892 1.9188958e-05 0.0019432668 0.021679128 0.0009689318 0.036956098 3.8205642e-05 0.00096554053 2.1367373e-06 0.030587817 4.596962e-05 0.0014958521 0.0035639808 7.1558964e-07 0.008568009 0.006430998 0.024638677 0.0048175273 9.980458e-05 2.7400363e-05 0.00034490833 0.00023349041 0.04696577 0.014275651 0.01338712 0.0054718503 0.007196663 0.0073266504 1.717209e-05 0.00041664214 0.004402504 0.002642661 0.00833143 0.00019135915 0.00023832165 0.0019336805 0.00072632433 0.0053722234 0.0032103527 0.008023388 2.1062647e-09 0.0019353261 0.0013280178 3.4820354e-05 0.00054128305 0.00775992 2.8039658e-05 0.0007769376 1.2918756e-09 6.281619e-05 0.00015369763 0.0061811777
0.71952176 0.19032893 0.07086042 0.16953327 0.014597822 0.19922101 0.29450512 0.3717158 0.0053055226 0.69879246 0.43974376 0.056959048 0.008000106 0.5240683 0.5225703 0.030273657 0.049074546 0.79307735 7.125236e-21 0.9638807 0.0036353543 0.03161715 0.5048722 0.55271167 0.0049253134 0.02139577 0.017348565 0.6534106 0.3210241 9.301403e-06 0.0024709895 0.02019769 0.00064265245 0.061761487 0.0037639947 0.108677305 0.002694071 1.803157e-05 0.025285827 0.00047338638 0.15950243 1.762579e-06 0.0002957417 0.00038099382 0.0037866235 0.00034917123 0.12556222 5.191311e-05 0.020568302 0.081569165 7.221636e-05 0.00073828455 0.14734593 0.00050098845 0.17498541 0.00015206006 0.011043431 6.908515e-07 0.046021957 4.695114e-05 0.0052118585 0.022412894 7.837655e-06 0.03589667 0.02438282 0.0025515931 0.0155133065 0.0004708537 1.4711885e-05 0.0025272206 0.00032558743 0.0081277825 0.022309802 0.019376965 0.00032539092 0.009489097 0.010913185 0.0002882944 0.0003366144 0.014413945 0.009536048 0.0068252273 0.00014102111 0.0004314904 0.0002888616 0.004666772 0.001097787 0.0025428443 0.008964164 4.2789265e-09 0.00080295984 0.00014541825 0.000152354 0.0001171537 0.014391452 0.0002941154 0.00020440541 6.9867845e-09 0.00036783362 0.00016599511 0.0058921245
0.29776266 0.053927653 0.026807193 0.07547321 0.0065793307 0.05845543 0.058727264 0.13434072 0.000692828 0.389839 0.15908962 0.03151694 0.0036939236 0.40374407 0.2256379 0.0058097416 0.020074902 0.77463543 0.9638807 3.777968e-21 4.1403113e-05 0.0068878196 0.39465168 0.5820024 0.0014860773 0.008366471 0.0034708795 0.8607907 0.42278883 4.8459e-07 0.00019905416 0.0052023362 9.376184e-05 0.041200217 0.0011732846 0.059361275 0.00020037004 2.9714017e-06 0.01040259 4.3740747e-05 0.14136486 3.237635e-07 5.7616497e-05 4.1293843e-05 0.0010335741 4.944583e-05 0.12040511 4.816617e-06 0.0056885867 0.023016436 2.1928234e-05 0.00024935007 0.05831149 0.0002151979 0.09265053 1.1691767e-05 0.0017087485 8.217509e-07 0.033704292 1.14234335e-05 0.0034867392 0.011378894 1.0610937e-06 0.02797992 0.013594507 0.0017977756 0.012591539 6.155089e-05 8.036385e-06 0.0009809585 0.00020093207 0.004217774 0.022874307 0.015622862 0.000104002174 0.014582962 0.014102959 5.1031075e-05 0.0003226642 0.0098202 0.007457701 0.009652685 2.3741184e-05 0.00047954512 0.00021864513 0.0046579707 0.00027123024 0.0025472362 0.009287208 1.001362e-09 0.00046324555 0.0001590738 3.315779e-05 0.00011575646 0.010603817 0.000105317384 0.00019875236 5.927297e-10 8.710782e-05 0.00012498282 0.0069195842
1.3957641e-05 0.065081805 0.059689675 0.015704527 0.01919444 0.021760132 0.64891523 0.018712576 0.5472482 0.0091054635 0.0030374867 0.026739119 0.006069177 0.0005787572 0.0028775355 0.21819803 0.006224389 0.0004353591 0.0036353543 4.1403113e-05 5.355028e-22 0.05203794 1.9546687e-05 8.152508e-06 0.0010928368 0.0015612569 0.011119939 3.0563594e-06 9.524123e-06 0.00014395 0.44258222 0.0003110343 9.607087e-05 3.3742454e-05 0.00021584348 1.7919061e-05 0.003744302 0.7994212 5.222122e-05 0.007369 1.5074936e-05 0.018858526 4.6804682e-05 1.1369786e-05 0.00015224 0.00042198764 9.526903e-06 0.00014257758 0.00018156646 0.00030896926 5.2777712e-05 4.965496e-06 9.121571e-05 2.3154018e-06 2.9635221e-05 7.947612e-05 0.00027686477 2.905339e-06 2.6645994e-06 0.00050232897 0.00010241135 3.0836007e-05 2.6762314e-07 3.3449114e-06 6.291337e-05 1.20974655e-05 3.340555e-05 2.1737034e-05 1.0027555e-05 1.2367353e-05 0.0003020824 8.8688275e-06 1.3527971e-06 3.65419e-06 2.9718296e-06 1.1992585e-06 3.556423e-05 0.00011382312 1.8341743e-05 4.4516084e-05 4.8555492e-05 1.5584444e-06 1.2630211e-05 8.262539e-05 3.4276232e-07 6.8875044e-05 3.1248221e-06 3.5096484e-06 4.3258697e-05 1.1839445e-06 1.0551536e-07 2.8487045e-06 0.00076693017 1.1788553e-06 0.00035373203 0.00054793357 4.3824566e-06 6.599788e-07 9.926679e-06 1.5109523e-05 0.00070777244
0.004123871 0.113235004 0.010713348 0.06330009 0.0027079524 0.4255708 0.5656428 0.06126158 0.0072113895 0.07571623 0.024723696 0.6064034 6.417424e-05 0.110304914 0.01676683 0.6844779 0.451158 0.07917784 0.03161715 0.0068878196 0.05203794 3.0307616e-23 0.0003871586 0.00019356316 7.765776e-06 0.37098476 0.90750104 0.0018753754 0.019916227 1.3717379e-07 0.36257488 0.37763807 9.049522e-06 1.0801398e-05 1.2387138e-05 9.657698e-06 0.44208875 0.0040941676 0.13101305 0.15537046 0.008404978 0.0111937495 4.27225e-06 0.13210979 0.2327676 0.020780178 0.0003450238 0.009323433 0.02810973 0.00039784514 3.329192e-05 0.01805814 0.00043711351 0.01081645 0.00057079 3.8605307e-05 0.00022016485 1.365167e-05 7.250959e-05 0.00061504095 1.593037e-05 0.00020717415 8.2817554e-05 0.00022518673 0.00021386762 0.00027224686 9.948922e-06 5.446729e-05 0.00028611824 2.1712232e-05 7.1553886e-06 0.0016012652 0.00010765944 0.00010412772 0.000114119626 6.484722e-05 0.00016397549 4.4332763e-05 1.2393991e-05 0.00029416027 0.00014434799 1.2734224e-05 0.00012953418 5.043501e-05 7.108977e-05 0.00014404187 7.7981145e-05 8.779967e-06 0.00010451444 1.7413e-08 2.1831747e-05 2.7108734e-05 5.6532437e-05 1.3604341e-06 0.0001242248 5.1304836e-05 8.444543e-07 4.3386547e-10 0.00019466666 3.1955317e-06 0.00024261988
0.59179723 0.012291409 0.0142697655 0.029611219 0.0015136146 0.002937986 0.0019972676 0.09272699 0.00030340705 0.16634993 0.14383915 0.0024926732 0.003967301 0.049055427 0.533434 0.00021829053 0.0008989765 0.21020983 0.5048722 0.39465168 1.9546687e-05 0.0003871586 8.358088e-23 0.9922771 0.0027496642 0.00014016127 5.2583237e-05 0.2945187 0.060909692 2.853739e-07 5.3295166e-06 6.523222e-05 0.00021580004 0.13999441 0.005016028 0.37061825 3.939251e-06 1.0512812e-06 0.00013090433 6.864353e-06 0.020553816 1.8474547e-07 2.680492e-05 2.3023622e-06 3.266819e-06 2.9850494e-06 0.050517965 5.9558793e-06 3.9401883e-05 0.22290055 5.6459353e-06 1.830854e-05 0.41861683 1.6242959e-05 0.4471892 2.1469432e-05 0.02501902 1.4027552e-07 0.01945602 2.0381822e-07 0.04748564 0.1508457 4.0382844e-07 0.09277035 0.21664985 7.356918e-05 0.1392253 7.000865e-05 3.0941584e-07 0.017369715 0.00040032988 0.00010331227 0.007304102 0.024753653 1.970111e-06 0.06560169 0.057627864 0.00012869369 0.0010481428 0.120627224 0.098254755 0.019239636 9.534511e-06 0.0078049637 5.896731e-05 0.036131043 4.4702505e-05 0.00082410936 0.023392286 1.1158463e-08 0.00015448044 5.6739467e-05 0.0002427136 1.2266816e-05 0.10109985 0.0013536529 1.6959408e-05 2.2625215e-09 5.095334e-06 1.5562888e-05 0.026163088
0.32755005 0.0039357045 0.003910262 0.0069921347 0.00053740706 0.0016353182 0.0008576793 0.036449842 9.156793e-05 0.071420014 0.031438425 0.002336028 0.0014957194 0.055090215 0.13875811 9.40415e-05 0.0017836747 0.15929079 0.55271167 0.5820024 8.152508e-06 0.00019356316 0.9922771 2.9485538e-21 0.00073789497 0.0006395676 5.935622e-05 0.72754896 0.11786188 9.559061e-07 8.729373e-06 0.00022506501 5.5465076e-05 0.0418713 0.00090890395 0.10899248 1.455003e-05 6.084595e-06 0.0006638155 1.1783905e-05 0.04553905 8.087734e-07 2.4301362e-05 9.595811e-06 1.2728773e-05 4.807201e-06 0.24630515 6.559363e-06 0.00031386627 0.051639944 1.3250872e-05 2.1534477e-05 0.2546728 2.2850603e-05 0.37044865 1.8784836e-05 0.004546701 3.0984697e-07 0.054693267 1.3259398e-06 0.008080314 0.046903353 1.2927169e-06 0.12428599 0.13123764 0.0015957399 0.048695188 7.379565e-05 7.429936e-07 0.0015951397 0.00045044048 0.0012478578 0.03408254 0.04789025 3.6241574e-05 0.0969172 0.020134214 9.852749e-05 0.0004080939 0.041650306 0.026086234 0.048499838 2.6321462e-05 0.00089440146 0.0008167177 0.008295914 7.9172314e-05 0.004533895 0.028217472 4.1922124e-09 0.00045282854 0.00041864862 0.00018173832 0.00026920755 0.044358555 0.00041389672 0.00073782075 2.2136792e-09 1.2910642e-05 0.00015761114 0.02512653
0.53009874 0.046725903 0.43688506 0.043629453 0.29351348 0.0093515245 0.014704599 0.1688676 0.1867302 0.067704014 0.43447876 0.0035865663 0.9460769 0.0043379664 0.34754533 4.1075837e-06 0.00079717056 0.004109394 0.0049253134 0.0014860773 0.0010928368 7.765776e-06 0.0027496642 0.00073789497 8.968273e-19 3.8972186e-05 5.7680404e-06 0.000109646084 0.00062118005 0.3162332 1.89605e-05 0.00022236613 0.72894794 0.28296652 0.9506579 0.083236195 3.5722649e-06 6.924752e-06 2.1199121e-05 2.9949838e-06 0.0005312406 1.248295e-08 0.8722389 1.3660201e-05 0.00011881285 3.3588196e-06 0.0005216991 2.6763311e-05 0.00035121647 0.12212986 0.23425977 0.00012842617 0.02767189 0.00025955914 0.014055179 0.386331 0.25104555 6.857261e-06 0.00017456713 3.9232796e-06 0.034834016 0.04674965 3.200732e-06 0.0012698396 0.012079097 2.5828242e-05 0.0037583758 0.16033465 4.3677446e-06 0.14076501 0.14549698 7.092589e-05 4.3121294e-05 0.00033241458 7.004671e-07 0.00019696113 0.011180308 0.0896299 0.15992652 0.0067461063 0.007756158 4.10268e-05 0.00053283275 0.04338882 3.3529054e-06 0.018682854 0.0009834486 8.076268e-08 0.00015838261 0.0009995328 9.143441e-05 4.806208e-07 0.082311355 2.7394663e-07 0.0013965643 0.09889264 9.2166925e-07 0.0007780349 1.3942847e-05 3.9673404e-07 0.0005457714
0.07522419 0.050658967 0.0068004495 0.06427964 0.00081070635 0.2961589 0.0717786 0.059852336 0.00022226352 0.11342163 0.013905355 0.52743435 0.00025480278 0.34884927 0.010962216 0.034956094 0.93308866 0.17754093 0.02139577 0.008366471 0.0015612569 0.37098476 0.00014016127 0.0006395676 3.8972186e-05 7.883116e-24 0.24916118 0.0041530095 0.04518001 2.231929e-07 0.0049111904 0.9466919 2.6651625e-05 7.028635e-05 1.4486493e-05 0.000126917 0.03809458 8.816299e-06 0.6006793 0.0047836076 0.06294766 2.5816542e-05 5.47909e-06 0.06559731 0.34581938 0.0024004336 0.00221798 0.0033761284 0.21139409 0.0007774608 1.3712867e-05 0.08842116 0.00053608004 0.03775331 0.0015079645 1.3605646e-05 0.00016325134 1.40214e-07 0.0030888694 0.000102734455 1.4852138e-05 0.00014732826 2.1336251e-05 0.0014406014 0.000391035 0.0039641126 8.072392e-05 1.8839177e-05 1.8700826e-05 1.0546406e-05 4.3996366e-05 0.018582577 0.0031521507 0.001663969 0.0060381633 0.00042651015 0.00022468713 4.8817433e-06 1.2358689e-05 0.0003985931 0.00015140384 0.00032613872 0.0031521765 2.3870136e-05 0.00037374947 4.768706e-05 0.0048780325 0.00025004087 0.00053521496 6.3943855e-09 0.0009192356 5.8143472e-05 2.9963924e-06 3.535595e-05 0.00015806995 2.5977544e-05 8.6101145e-06 1.3254686e-09 0.00028455388 2.5527027e-06 0.00038192366
0.0023771038 0.037384126 0.0038134952 0.020519638 0.0010158566 0.21489553 0.24016847 0.032841038 0.00040187698 0.037985574 0.0030085247 0.33692428 1.0568598e-05 0.055178218 0.0043712347 0.4523295 0.2632573 0.04631657 0.017348565 0.0034708795 0.011119939 0.90750104 5.2583237e-05 5.935622e-05 5.7680404e-06 0.24916118 6.959752e-22 0.00078858127 0.011548928 2.4645806e-07 0.30065256 0.33676893 1.3328429e-06 2.8858128e-06 6.965107e-06 6.5118256e-06 0.70677054 0.0016997574 0.1378529 0.32407385 0.007028987 0.03203587 1.1503311e-06 0.30581057 0.31194147 0.09791373 0.00015172269 0.026161648 0.038472045 6.62085e-05 2.4994228e-05 0.018504823 0.00010261344 0.012754219 9.439427e-05 7.974423e-06 2.872021e-05 3.3777447e-05 1.1294978e-05 0.0013495642 5.1628112e-06 5.1636114e-05 0.0006039332 2.8462726e-05 5.6963385e-05 0.00017796925 7.58769e-06 1.4885631e-05 0.00078429613 5.3505646e-06 3.419644e-05 0.0021118547 1.227427e-05 8.037573e-06 0.00020646154 2.4064788e-05 3.8885944e-05 3.9460374e-06 1.8564693e-05 2.7845052e-05 2.2535914e-05 3.7933223e-06 0.00023145057 1.0876007e-05 0.00012411302 5.6848774e-05 0.00012964949 1.6839107e-06 1.898871e-05 5.2087716e-09 1.1662535e-05 1.8930146e-05 1.9063466e-05 9.744148e-07 8.784612e-05 1.1725545e-05 8.722353e-07 9.058185e-11 0.0006471887 2.1524386e-06 0.00011267883
0.3741235 0.0046043294 0.0016962322 0.010569117 6.797382e-05 0.00735908 0.0014986328 0.01660298 3.6377383e-05 0.094204165 0.010793461 0.007982524 0.00017514896 0.21641523 0.036340535 0.0004960959 0.0073485104 0.7654709 0.6534106 0.8607907 3.0563594e-06 0.0018753754 0.2945187 0.72754896 0.000109646084 0.0041530095 0.00078858127 2.077282e-22 0.9726582 2.961369e-07 2.6292433e-05 0.002275363 2.54765e-05 0.008828516 0.00021428982 0.04077922 0.00023441167 7.4410586e-06 0.0061977524 4.5388108e-05 0.36303607 7.1553717e-07 3.1670177e-05 7.938946e-05 0.00016747932 8.5598826e-05 0.64497745 3.2000375e-05 0.003035312 0.006981817 6.8172053e-06 2.0998912e-05 0.05805955 6.7194145e-05 0.13964394 5.148115e-06 0.00070123613 3.6427874e-08 0.12874952 3.6580982e-06 0.0010421873 0.0053511313 3.5069884e-06 0.041950542 0.02493827 0.017808618 0.0072368803 1.0801965e-05 7.53299e-07 0.00013287818 0.00012117355 0.010053562 0.11023064 0.09276176 0.0007407512 0.0694438 0.009017738 8.01757e-06 8.37453e-05 0.010485173 0.0061106095 0.059796922 1.8969182e-05 9.8566314e-05 0.0023399054 0.001838828 0.0001401018 0.019059801 0.03343723 1.7852536e-09 0.0008269582 0.0016623107 5.7651177e-05 0.0005353722 0.018196873 0.00014478088 0.002506859 2.7647435e-09 3.890427e-05 0.00061069685 0.025367407
0.69653153 0.0056486363 0.0033659579 0.024147738 0.00017951278 0.06466256 0.002445061 0.03254817 3.6027366e-05 0.12061008 0.007376614 0.029423013 0.00045810346 0.39760175 0.030220583 0.0020290806 0.061884984 0.8280828 0.3210241 0.42278883 9.524123e-06 0.019916227 0.060909692 0.11786188 0.00062118005 0.04518001 0.011548928 0.9726582 2.7729033e-20 4.4964688e-07 0.00036994813 0.03897423 0.00014818175 0.004099034 0.0004785768 0.019068208 0.0040633217 5.248304e-05 0.13272595 0.0010202577 0.98508984 6.191398e-06 5.393617e-05 0.0024604783 0.008133692 0.0007470602 0.100319125 0.0005653226 0.093305826 0.0029311099 1.4630134e-05 0.0035441394 0.038076825 0.0027782992 0.08558963 1.6772954e-05 5.999081e-05 1.1589081e-07 0.25172758 1.3875409e-05 0.0004334408 0.0027114993 2.178254e-05 0.021195777 0.015036077 0.17584682 0.004836641 1.5547756e-05 3.0610793e-06 4.9212773e-05 0.00027696276 0.07163125 0.24419262 0.13782558 0.012401954 0.044142522 0.0042658197 8.995091e-06 0.0005244569 0.005726479 0.0029309185 0.05377611 9.68651e-05 4.0829495e-05 0.02275482 0.000545603 0.0006676958 0.07221241 0.049209412 1.7791926e-09 0.0067683416 0.010304925 0.00010158357 0.0036308086 0.011426545 0.00025084266 0.005208626 3.659464e-09 0.00030863707 0.0010344656 0.02157653
0.000253984 5.815895e-05 0.010360146 6.331756e-05 0.027179673 3.0831109e-06 1.1221892e-05 0.0007567828 0.15573008 3.815962e-05 0.001636248 1.0200499e-06 0.86588913 2.5725825e-07 0.00068717153 1.2369877e-07 1.2403727e-06 5.284903e-07 9.301403e-06 4.8459e-07 0.00014395 1.3717379e-07 2.853739e-07 9.559061e-07 0.3162332 2.231929e-07 2.4645806e-07 2.961369e-07 4.4964688e-07 4.1291737e-19 1.2939786e-06 6.4441133e-07 0.81129664 0.00036887097 0.024123339 7.556678e-05 4.1174687e-07 3.3740437e-06 6.56369e-07 9.421053e-07 3.2747887e-06 1.943184e-07 0.06377584 5.37589e-07 5.6885565e-06 8.263995e-07 1.2578589e-06 9.310141e-07 4.3941305e-05 0.00012605873 0.51494277 1.3082944e-06 1.6718768e-05 1.3614474e-05 1.1056976e-05 0.05628374 0.00042149494 1.1550839e-07 1.4438672e-07 5.830981e-06 4.9052152e-05 0.00014630001 5.5126335e-08 1.7306019e-06 0.00038704177 1.35789305e-05 3.4187146e-05 0.015189831 2.1334429e-06 0.00016358204 0.008060933 6.475999e-06 4.6717633e-07 1.1074692e-06 7.259472e-08 4.027911e-07 0.00012764677 0.008289923 0.006697004 0.00010167167 9.8848235e-05 5.0330474e-08 3.886733e-07 0.00049396086 2.856771e-06 0.0001878902 6.096819e-07 1.265472e-07 2.5049624e-06 0.00073037745 3.0391973e-07 4.105095e-07 0.003922771 5.0107005e-08 5.565466e-05 0.0052795536 7.780642e-09 0.00028636478 8.378552e-06 6.628497e-08 6.202607e-05
5.35048e-05 0.019861009 0.0055094045 0.0042591738 0.0013068916 0.010559878 0.4963434 0.002525857 0.034698706 0.0015769391 0.00032243965 0.025326485 3.9039518e-05 0.0032196168 0.002154819 0.6305557 0.00926341 0.0015350617 0.0024709895 0.00019905416 0.44258222 0.36257488 5.3295166e-06 8.729373e-06 1.89605e-05 0.0049111904 0.30065256 2.6292433e-05 0.00036994813 1.2939786e-06 1.5957808e-19 0.0053376528 3.259534e-06 1.112617e-06 2.138153e-05 4.283714e-06 0.19417256 0.50792295 0.0013297002 0.4717959 8.4601976e-05 0.58242494 4.85174e-07 0.004036966 0.01108381 0.019609494 1.0093444e-06 0.0028970041 0.0009346945 5.197305e-05 9.100237e-06 0.00054174266 0.0001572952 0.00031996515 2.7936761e-05 1.5316238e-06 2.6442756e-05 0.00094661786 8.345993e-07 0.058126166 1.39008e-05 6.0840586e-05 0.00020881377 5.3860485e-06 3.550865e-05 8.409512e-05 2.067568e-05 5.628742e-06 0.0040854914 5.0587446e-06 5.4874177e-05 8.921937e-05 1.5826596e-07 2.8035338e-06 9.026637e-06 1.1511491e-05 0.0001756218 9.233324e-06 3.1501404e-05 3.9687482e-05 3.649824e-05 2.3629905e-06 2.3164055e-05 2.2362094e-05 3.656037e-06 5.4346656e-05 3.092049e-05 2.5448074e-08 5.722158e-05 1.6320664e-08 1.8165696e-07 1.4937406e-07 4.4175005e-05 8.9074454e-08 0.00063545466 2.8059667e-05 1.1187409e-07 4.486355e-09 0.00042069558 8.692561e-08 0.0005725805
