3.781887e-30 0.14975485 0.49324784 0.12644129 0.29340413 0.019269487 0.14769885 0.85736907 0.097945265 0.0012620165 0.40902063 0.0022596 0.002066691 0.6454795 8.007502e-05 0.00015569679 0.120326556 0.85165846 0.0017066492 0.041569922 0.4355898 0.44192725 0.49330586 2.6722427e-07 0.5543925 0.6135957 0.21324204 1.4443485e-06 2.9694913e-05 1.21622925e-05 0.00022521293 0.80067986 0.43318614 0.23222715 3.775133e-08 0.26202148 0.0001463042 0.26161557 0.39560178 5.578207e-09 0.17042571 0.00039442675 0.15671583 0.48643622 0.44568345 0.007846765 0.68016005 0.007448443 0.009326489 0.5881446 0.21160188 4.0225478e-07 0.86276335 0.80875015 0.011888659 1.4635311e-05 0.0034878969 0.63219845 0.5270446 0.55906373 0.00041327864 0.0028712293 0.75204664 6.47477e-06 0.042695947 8.859305e-05 0.1673387 4.483402e-10 0.078345254 0.22067855 2.3813333e-11 0.18727031 0.9034213 0.59708846 1.1030513e-10 0.03300348 0.9120888 0.0049346695 0.25024393 0.93914837 0.78329617 0.88486654 0.42784947 0.99944156 0.3102797 1.8427889e-08 0.9020088 5.018147e-06 0.9999084 0.9993877 0.8748191 0.0002788426 0.001734997 2.51098e-08 0.9999101 0.9902981 0.9996909 0.0042301654 0.06253 0.38914388 2.958652e-06
0.14975485 1.2064514e-22 0.7978965 0.80362636 0.9555345 0.9112849 0.47240424 0.23581499 0.32783812 0.1951264 0.22988516 0.06713788 0.21630204 0.17297114 0.02919753 0.02247372 0.4574504 0.24019106 0.081110016 0.069444 0.0926158 0.16315207 0.044331253 0.0035267957 0.04466009 0.17292094 0.037420742 0.011186428 0.009535507 0.012002683 0.02232815 0.08565463 0.033645105 0.049718603 0.00074564666 0.013023579 0.01957637 0.01932791 0.024421148 0.0004371931 0.024308164 0.021750582 0.022860726 0.009130253 0.003701251 0.012868068 0.004540021 0.002701532 0.0015765165 0.008711721 0.00041196827 0.0002266127 0.0018325739 0.009631191 0.010482629 0.0015419585 0.0004961208 0.003012656 0.0010055864 0.0067711854 7.669642e-05 0.00047995418 0.0013577597 0.0006613735 0.0041457484 0.0005573335 0.0023036844 4.1837462e-05 0.0018340292 0.005856079 5.4544376e-05 0.00087776495 0.0054293605 0.0041920454 3.2458214e-05 0.0007673637 0.005171687 5.318585e-06 0.0014855368 0.004163844 0.0011996308 0.0029804015 0.00049083884 0.0012042858 0.00076004764 2.5154803e-05 0.00018137696 2.1829012e-06 0.0021430638 0.002327127 0.004896261 9.162623e-06 0.00040604785 3.9199227e-07 0.00072210445 0.0016975616 0.0003629984 0.0002780245 0.00018865941 2.7960965e-05 2.8844275e-07
0.49324784 0.7978965 5.64334e-23 0.12134449 0.4872766 0.21840729 0.9836343 0.65046555 0.03935463 0.037298795 0.11042012 0.008941078 0.049433883 0.24448295 0.005795885 0.003387484 0.25424352 0.32387456 0.02022641 0.022468515 0.058886055 0.3604852 0.09153039 0.00067184755 0.03534915 0.29533014 0.015908714 0.0030563101 0.0061124456 0.007903849 0.016086046 0.17320843 0.055906802 0.07328592 0.00023246613 0.014268526 0.007008515 0.08685098 0.046688564 3.4703793e-05 0.036639333 0.0033711945 0.07263828 0.013853587 0.023148445 0.0040003066 0.009726259 0.0010907399 0.00070684927 0.03167059 0.00010460736 0.0002537049 0.013735098 0.026719747 0.010342609 0.0018023971 0.00036764704 0.003820765 0.0033831839 0.025915636 9.156674e-06 2.5930862e-05 0.005164466 0.00035522875 0.006384019 0.00010902536 0.0008712972 7.304527e-05 0.0015670514 0.015673548 9.049962e-06 0.00032814697 0.012526731 0.0015146594 2.7795527e-06 0.0012662273 0.014663519 6.0962693e-06 0.003117166 0.019684488 0.005543086 0.0031495309 0.00044091736 0.012900599 0.001401519 1.1640523e-05 0.00024304273 4.286726e-06 0.018123632 0.029060619 0.011536665 4.524858e-06 8.9821086e-05 2.1919002e-08 0.00646746 0.006436197 0.0024987997 0.0002770275 0.00055153976 1.955241e-05 1.1315418e-07
0.12644129 0.80362636 0.12134449 4.8085683e-24 0.9164127 0.936869 0.0511458 0.016286032 0.90118086 0.6516994 0.6670664 0.3703387 0.34594506 0.07986065 0.089793116 0.05944429 0.03458636 0.2601522 0.1951055 0.23988476 0.22447808 0.0055554677 0.008680556 0.003499759 0.09631513 0.0138313165 0.07997946 0.018238666 0.0039337287 0.008642702 0.004008527 0.031438086 0.03610645 0.0024702058 0.003563658 0.011225468 0.094404876 0.002100949 0.007927062 0.0007167853 0.0010447004 0.07513769 0.000650301 0.00014972444 0.0001730054 0.07101238 4.465427e-05 0.022937017 0.0065119383 0.0021936414 0.0007447789 0.0017301551 3.226991e-05 0.000210756 0.0009925325 0.00049704354 0.0032626567 0.00031591553 3.4975783e-05 2.7226077e-05 0.018283773 0.0014284203 9.287607e-05 0.0017266514 0.00019319744 0.004152075 5.237354e-05 3.7911217e-05 0.00079960254 0.00028421837 1.5797914e-05 1.8338002e-05 0.00011999792 3.5376896e-05 1.0044649e-05 1.4267981e-05 0.00013675484 8.496391e-06 4.114098e-05 0.00023762806 0.00013066025 9.695251e-05 0.0002642908 4.4273736e-05 0.0004210225 0.00017867195 3.3814093e-05 3.3992164e-06 0.00010326489 0.00016864775 0.00033784937 3.432918e-06 1.5732829e-05 7.445647e-07 0.00014204015 2.0531203e-05 9.70577e-05 1.2170635e-05 1.8896722e-05 7.2930584e-06 2.7869118e-07
0.29340413 0.9555345 0.4872766 0.9164127 9.776027e-24 0.3814799 0.14274244 0.107530326 0.34069246 0.13601002 0.9134827 0.040365648 0.036411315 0.5484129 0.010014057 0.009571021 0.04148858 0.8226614 0.115242444 0.17237318 0.48592013 0.058877382 0.10287363 0.00088938564 0.24468741 0.14649902 0.15758003 0.0032176934 0.0030119915 0.0023374541 0.006248006 0.3305856 0.20839803 0.016007965 0.00027806615 0.069240116 0.022437906 0.045447543 0.106203906 8.297171e-05 0.010068282 0.040721465 0.013735617 0.0021118566 0.008589571 0.06717345 0.0007767308 0.024461888 0.009942108 0.040833898 0.003430027 8.2392e-05 0.0045924713 0.004661877 0.0043730824 0.00059424585 0.0025503985 0.016267616 0.0033799794 0.003663229 0.0035840482 0.0016297274 0.005634978 0.00074272125 0.0013281578 0.0016191357 0.0004696467 1.2248264e-05 0.0058963997 0.004333125 9.996208e-06 0.0002218876 0.0024061785 0.0011769654 9.612811e-06 0.00024218089 0.0041685365 9.396857e-06 0.00094440737 0.015885321 0.008726086 0.0016847518 0.0018560863 0.0016289069 0.0073532355 5.9282564e-05 0.0006731065 3.0601334e-06 0.00083094416 0.0043377946 0.003002716 1.1953607e-05 5.848973e-05 1.0479708e-06 0.0019032422 0.00072411424 0.0018645079 5.5201595e-05 8.461472e-05 4.8755297e-05 5.707306e-07
0.019269487 0.9112849 0.21840729 0.936869 0.3814799 7.231502e-23 0.09143916 0.03804121 0.5972733 0.57579046 0.2061462 0.30617356 0.86148715 0.029667968 0.17105469 0.08106667 0.54316777 0.051832445 0.07033807 0.047004912 0.0775877 0.017942293 0.0044245506 0.009604207 0.040735204 0.020118523 0.04367885 0.06386726 0.022508824 0.0623862 0.022269636 0.010506039 0.012839978 0.014732048 0.015798068 0.0031631484 0.056433033 0.0025328812 0.0011210047 0.0012808986 0.0045420914 0.029155377 0.0012252307 0.0006905842 0.00015006596 0.0134326415 0.00023303392 0.0045805126 0.001166964 0.00047397 0.00017568562 0.0022333122 1.4319686e-05 0.000736504 0.0013166342 0.0025485507 0.00033418188 5.5960954e-05 1.6929513e-05 0.00024170188 0.00024904375 0.00018444666 3.9937462e-05 0.00047554154 0.0008702343 0.00067729293 0.00019027457 0.00014539564 0.0012188397 0.00083154585 2.2795537e-05 5.9352427e-05 0.0007207181 0.00028920974 2.7678096e-05 0.00017106732 0.00079385185 1.2458879e-06 0.00016283525 0.00017180288 2.7398635e-05 0.00033093046 4.89017e-05 4.6122175e-05 9.51318e-05 1.2642767e-05 2.2680455e-05 8.6360643e-07 0.00014560824 0.000120433804 0.0007689467 1.8155055e-06 0.00015032319 1.153222e-06 0.00019691307 0.00020130683 1.3535966e-05 5.1396113e-05 1.8595721e-05 1.0783814e-06 3.3470442e-07
0.14769885 0.47240424 0.9836343 0.0511458 0.14274244 0.09143916 3.8726363e-22 0.9564038 0.025721561 0.017109467 0.029076407 0.0063617355 0.025739297 0.09518381 0.0033404261 0.0018804491 0.31020856 0.07768041 0.0149203455 0.0077570053 0.016600486 0.72818977 0.039031312 9.215339e-05 0.009289459 0.3804204 0.0030618373 0.0022296307 0.0092266835 0.0106060775 0.024592828 0.05382751 0.012711421 0.17179023 3.558927e-05 0.0030946468 0.00054988015 0.040795453 0.015359448 3.7565123e-06 0.07808312 0.00019606159 0.085257895 0.05318081 0.012543814 0.0005514685 0.04342293 0.000547647 6.9579546e-05 0.010318402 4.7238856e-05 2.1108659e-05 0.008241971 0.028790604 0.034946404 0.0038659116 8.152768e-05 0.001441331 0.0014583606 0.027046522 1.3950422e-06 7.545959e-06 0.0015941876 9.907748e-05 0.013159402 3.6171412e-05 0.006305576 6.2946046e-06 0.00048431093 0.02589047 3.4751467e-06 0.0017852497 0.024182828 0.011066361 2.0917653e-06 0.0033053276 0.022303011 2.75564e-06 0.006246603 0.011621064 0.0035431965 0.00952199 0.00020942083 0.01087546 0.0008295838 5.5516534e-06 0.000110701825 6.800997e-06 0.033314764 0.011720208 0.019925341 6.5526233e-06 0.0019819043 1.0134716e-08 0.003601116 0.015189796 0.0016572535 0.0015243394 0.0016909812 3.1836396e-05 3.7258676e-08
0.85736907 0.23581499 0.65046555 0.016286032 0.107530326 0.03804121 0.9564038 9.4990425e-21 0.0035273677 0.0049230875 0.017079739 0.001469531 0.0056369295 0.5668981 0.00080111384 0.0010941222 0.07982211 0.18006705 0.002094563 0.0011098285 0.01237925 0.8533041 0.2745421 0.00021540113 0.0041194945 0.84160316 0.0005946733 0.0013888709 0.0022712601 0.002873518 0.006841571 0.16319813 0.010834569 0.067118466 8.424618e-05 0.0013834918 0.00055235246 0.3385513 0.026513968 1.3730821e-05 0.06277007 0.00042368067 0.54257476 0.043544892 0.074310996 0.00054983376 0.104291685 0.00015114257 1.1257468e-05 0.013884306 2.9242801e-06 0.00011612664 0.026069093 0.15608326 0.024435675 0.000920117 5.3673968e-05 0.0054977476 0.013756276 0.13707113 1.0671945e-05 1.2419642e-05 0.0046726773 0.00011176517 0.006617562 7.837876e-05 0.018035216 3.1188993e-05 0.00026963538 0.098398626 7.4300247e-06 0.0037849208 0.06024934 0.0451321 5.254391e-06 0.0044266023 0.06699349 1.903174e-06 0.015427918 0.054698598 0.0147207985 0.028050914 0.0006751001 0.07620171 0.0024935412 2.9393044e-05 0.0006487995 8.72289e-06 0.058751095 0.04665495 0.045507003 1.6991187e-05 0.0017858449 2.9642456e-07 0.0044310065 0.026380492 0.0028480093 0.0015415777 0.002082483 1.862053e-05 4.6561155e-07
0.097945265 0.32783812 0.03935463 0.90118086 0.34069246 0.5972733 0.025721561 0.0035273677 2.3214697e-24 0.86284983 0.6673615 0.84025073 0.33064678 0.08986498 0.28811142 0.32489264 0.020224143 0.3635955 0.70586216 0.61645883 0.4805333 0.0006521913 0.0042282697 0.017564058 0.2640257 0.0015412815 0.35084295 0.033285316 0.0033329134 0.0047106934 0.0034034252 0.012919948 0.030522637 0.00028633038 0.012287278 0.006047762 0.28439805 0.00041607537 0.0020242624 0.0028394812 5.7876543e-05 0.19989002 0.00012655127 2.6722351e-05 1.1587602e-05 0.14052919 2.3895955e-06 0.061386254 0.01198776 0.00031188322 0.0006722809 0.02238611 1.8728678e-06 3.1436741e-06 8.615319e-05 0.00043558064 0.009470098 3.8502945e-05 6.0919633e-06 1.1314162e-06 0.05316632 0.004801387 8.5553e-06 0.013722647 7.276135e-06 0.019041978 5.212333e-06 0.0013225061 0.0015306143 6.2700856e-05 0.00032917596 4.340944e-06 1.558007e-05 7.0592973e-06 0.00023829775 3.547546e-06 2.6971236e-05 1.3922862e-05 8.550643e-06 3.1633863e-05 5.6694844e-05 0.000114608025 0.00095071585 5.992254e-05 0.00048394757 0.0026661463 5.6049295e-05 2.3038521e-05 7.68597e-05 6.207435e-05 0.00016155402 8.942173e-06 9.240072e-06 1.391243e-05 0.00018142331 1.1510109e-05 0.00027514726 1.6087408e-05 7.858649e-06 1.8654124e-05 1.0343027e-06
0.0012620165 0.1951264 0.037298795 0.6516994 0.13601002 0.57579046 0.017109467 0.0049230875 0.86284983 3.4873424e-26 0.19758183 0.84223264 0.46547297 0.016212735 0.39329246 0.30902764 0.05863815 0.026287101 0.3587375 0.1126216 0.07241674 0.00047512836 0.001618945 0.031651076 0.039615393 0.0015750311 0.05949983 0.029048746 0.0036560758 0.010511764 0.0031034306 0.0023079945 0.0037460164 9.68456e-05 0.009852962 0.0019862847 0.104056604 0.00020885938 0.0004104455 0.0060665207 1.887963e-05 0.051497523 9.511874e-05 9.109458e-06 3.4886434e-05 0.017049167 1.1641466e-05 0.0069993036 0.002046993 0.0002980993 0.00023245972 0.0074734283 1.0511863e-05 6.757032e-05 7.724295e-06 0.00033933573 0.00075956504 1.2067116e-05 1.40406155e-05 3.401796e-05 0.002042166 0.00019039637 4.1327137e-05 0.0023122344 4.3137397e-06 0.0017887057 1.3331055e-05 0.00029645467 0.00019812124 5.922041e-05 4.4816818e-05 5.810559e-06 5.701964e-05 1.9636407e-05 3.2300148e-05 1.3579578e-05 0.00017070635 5.3819717e-06 3.2157932e-05 6.6550183e-06 1.6293303e-05 0.0002809382 0.00014654647 3.0015448e-05 2.3739352e-05 8.587663e-06 1.2997762e-05 4.0821587e-07 8.1814156e-05 3.184964e-05 0.00030910457 1.2653437e-06 7.893246e-06 4.271863e-06 2.4545507e-05 7.298671e-05 1.8162233e-05 1.9347004e-05 6.746302e-06 6.102552e-06 2.3082253e-08
0.40902063 0.22988516 0.11042012 0.6670664 0.9134827 0.2061462 0.029076407 0.017079739 0.6673615 0.19758183 2.2763287e-21 0.12442311 0.040070035 0.1503577 0.027254928 0.031706493 0.011234351 0.7535979 0.36440367 0.7475864 0.9601121 0.0033951458 0.018442221 0.0014926777 0.6134605 0.00844841 0.49266258 0.006104366 0.0030983204 0.0036307096 0.0052667055 0.116025425 0.1689618 0.0020692311 0.0005731268 0.104192995 0.1011532 0.005844859 0.044694368 0.00013517746 0.0016112559 0.13247626 0.0011599871 0.0003586219 0.0007159663 0.34350812 0.00012355678 0.2541012 0.07544844 0.04386717 0.036024686 0.00029197996 0.00041144429 0.00047915496 0.00034076633 0.00039781135 0.056073878 0.016823018 0.0012948787 7.190629e-05 0.07291183 0.024483353 0.002768472 0.0030958664 2.4281859e-05 0.009078969 8.43383e-05 6.2467634e-06 0.00799045 0.000276445 4.1354615e-05 9.677138e-05 0.00014907999 5.6543275e-05 1.806022e-05 4.2213876e-05 0.00011049635 0.00036715457 4.2346455e-05 0.0023554545 0.0019105147 7.62487e-05 0.0018025972 0.0002705273 0.007773375 0.0020598208 0.00031630023 7.385662e-05 0.00013802235 0.00060335844 0.00039010134 0.000106610256 6.3838597e-06 1.31426505e-05 0.0007563574 4.1989835e-05 0.0007668815 2.0069412e-05 4.633675e-05 0.00011831521 9.309683e-06
0.0022596 0.06713788 0.008941078 0.3703387 0.040365648 0.30617356 0.0063617355 0.001469531 0.84025073 0.84223264 0.12442311 1.9903146e-24 0.44420207 0.010262826 0.56538624 0.5960024 0.011433375 0.012169261 0.30722812 0.15256645 0.054679316 0.00018539597 0.00059585273 0.09939896 0.020423992 0.00027074156 0.035523914 0.056623206 0.0011760488 0.0069416794 0.00078835455 0.0013002511 0.0025808741 2.6386027e-05 0.022273649 0.0008314229 0.34017882 6.630625e-05 0.00053299515 0.015778644 1.5731388e-05 0.11908287 4.413854e-05 1.6828551e-05 1.1602197e-05 0.013731393 9.148322e-06 0.003969229 0.0018745789 0.00015894079 0.00062396517 0.09401587 7.4178865e-07 1.848834e-06 1.231404e-05 0.00014079428 0.0005651565 6.0919688e-06 2.3115122e-06 8.1904625e-07 0.029489353 0.00048076845 9.740659e-06 0.027383141 1.3397553e-06 0.0120539 6.8023464e-06 0.001889529 0.00034179486 7.977337e-06 0.0003448904 2.1706842e-06 6.3249513e-06 2.2638285e-06 0.0003062928 4.8167185e-06 7.912133e-06 1.1067843e-05 6.021948e-06 2.7155243e-06 1.6394969e-06 4.2630214e-05 0.00023008762 1.49480675e-05 1.9545998e-05 8.1186525e-05 1.759911e-05 1.8940085e-06 5.863232e-05 5.3341868e-05 7.450855e-05 1.989456e-06 3.154329e-06 2.000735e-06 1.6176007e-05 8.060233e-06 1.0491043e-05 5.793677e-06 9.2416e-07 1.7229208e-05 1.1692994e-07
0.002066691 0.21630204 0.049433883 0.34594506 0.036411315 0.86148715 0.025739297 0.0056369295 0.33064678 0.46547297 0.040070035 0.44420207 3.2746994e-22 0.004553646 0.71527034 0.27587393 0.7905681 0.0009201762 0.04815041 0.005320016 0.015012128 0.0029935534 0.0004639087 0.21892226 0.0038919207 0.0021035613 0.0020717485 0.68287146 0.179221 0.6130809 0.108478725 0.00029822183 7.7899604e-05 0.01574478 0.41296783 2.6375308e-05 0.045062717 0.000110603476 0.00020250086 0.0291318 0.0012714288 0.009549919 0.00028475802 0.00010264142 1.1101162e-05 0.00028660518 4.5285764e-05 0.00024050324 9.015406e-05 0.0002640424 1.9690977e-05 0.0068672057 2.2519275e-06 3.014201e-05 0.00103657 0.031669192 1.3119971e-05 1.2355305e-05 1.8774188e-06 2.8873035e-05 1.6960865e-05 3.790048e-05 1.2825841e-05 0.000307435 0.00033865907 0.0002550919 1.3689308e-05 0.001088621 4.0302897e-05 0.00011737893 2.9533425e-05 9.366295e-06 0.00016885455 1.9372463e-05 2.0343801e-05 3.1370137e-06 8.425792e-05 2.431664e-07 3.692541e-05 8.950952e-06 2.6150308e-06 0.00022015686 3.4814315e-05 2.4491787e-06 2.9445666e-06 4.0567392e-07 8.274568e-06 5.9525433e-07 0.00016446899 0.00012434191 0.00041982406 1.5751392e-06 2.0289024e-05 2.2251749e-07 0.00010001887 2.9483246e-05 1.6369682e-05 2.0475982e-05 4.9557407e-06 1.8086931e-06 1.4840909e-07
0.6454795 0.17297114 0.24448295 0.07986065 0.5484129 0.029667968 0.09518381 0.5668981 0.08986498 0.016212735 0.1503577 0.010262826 0.004553646 1.6029481e-21 0.0012161911 0.0011632378 0.014597237 0.59743 0.012269221 0.09869706 0.111705735 0.18392463 0.9855134 2.6313102e-05 0.049346264 0.31916505 0.029976824 0.00019617211 0.0003659934 0.00020664316 0.0046767746 0.51992285 0.09011269 0.0042677405 5.499168e-07 0.035169195 0.0017181019 0.18177453 0.17430282 2.004729e-06 0.015327572 0.0009882902 0.11422115 0.012433105 0.0801418 0.020256775 0.016179364 0.019685037 0.007222202 0.10485391 0.003747946 3.1553387e-05 0.12567675 0.087905906 0.0036944714 0.00020380453 0.004729859 0.071471795 0.08478731 0.03580355 1.6879827e-05 0.00036036287 0.0566484 0.000743084 0.0011044873 6.327289e-05 0.0019244608 2.014459e-06 0.020301271 0.032034356 3.4686275e-06 0.0018331216 0.059280187 0.0056122416 6.5192853e-07 0.00147783 0.040006906 3.2193016e-06 0.0022476248 0.08697676 0.04839859 0.007696019 0.0015892383 0.08702943 0.027926918 0.00010498244 0.005098351 0.00016306648 0.06188931 0.07108359 0.019881964 6.876626e-06 0.00028164856 8.82564e-09 0.051624484 0.02312349 0.013374677 0.0002698396 0.0013568427 4.153964e-05 1.7906213e-07
8.007502e-05 0.02919753 0.005795885 0.089793116 0.010014057 0.17105469 0.0033404261 0.00080111384 0.28811142 0.39329246 0.027254928 0.56538624 0.71527034 0.0012161911 5.2100034e-24 0.7584915 0.041960627 0.0010139445 0.09947536 0.018557642 0.0079724025 4.9955263e-05 3.808447e-05 0.5655749 0.0035576397 0.00025252014 0.004119555 0.2725066 0.0032049029 0.030852513 0.0011704677 0.0001313549 0.00016257782 5.331054e-05 0.18825918 3.723394e-05 0.16148789 4.956686e-06 5.966109e-05 0.1556546 3.6012818e-06 0.04605877 4.1880235e-06 3.7002767e-06 4.3288333e-07 0.0022904954 1.3927392e-05 0.00045600033 0.00015543806 5.244186e-05 1.5946498e-05 0.09948526 5.695624e-08 1.5443786e-06 3.3470271e-06 0.00029382663 2.4043202e-05 1.3376424e-06 3.4540088e-07 2.5021293e-07 0.00048024423 4.9694252e-05 2.9460493e-06 0.009098727 1.1410503e-06 0.0012821781 7.557871e-06 0.003849878 2.8677649e-05 1.9069201e-06 0.00027587378 4.073735e-07 2.94004e-06 3.6989709e-06 8.605137e-05 1.1982993e-06 6.678549e-06 2.4697005e-07 3.162094e-06 5.981057e-07 1.9094507e-07 2.8253162e-05 8.650585e-06 9.148884e-07 1.2728584e-06 2.9503835e-07 3.1036998e-06 4.243597e-08 2.9210678e-05 1.7815104e-05 1.5926254e-05 5.1713675e-07 5.265444e-07 2.0187406e-07 9.820427e-06 2.0333237e-06 1.8516379e-06 1.5233626e-06 3.0582328e-07 2.127157e-06 4.6030088e-08
0.00015569679 0.02247372 0.003387484 0.05944429 0.009571021 0.08106667 0.0018804491 0.0010941222 0.32489264 0.30902764 0.031706493 0.5960024 0.27587393 0.0011632378 0.7584915 8.5989303e-23 0.005539799 0.0014231581 0.17621115 0.05512238 0.014121086 5.0874125e-05 4.99294e-05 0.54089266 0.0077056577 3.6925932e-05 0.00902712 0.08878918 0.00088344794 0.0068372698 0.00019491688 0.00029694336 0.00016478455 5.797435e-06 0.072438166 4.391282e-05 0.34751698 5.431051e-06 2.7489115e-05 0.16890532 9.437136e-06 0.11556206 2.5958884e-06 1.7269987e-05 4.6567465e-07 0.0063228826 1.534916e-05 0.001855871 0.0004819446 4.3248263e-05 1.7285889e-05 0.15604757 2.0885689e-07 6.5932454e-07 1.9503477e-06 7.526335e-05 0.00021695375 2.3978982e-06 1.2075064e-06 1.7388199e-07 0.009886871 0.00036986542 6.957194e-06 0.038574856 9.3040603e-07 0.0099835 3.826254e-06 0.009148218 0.00010682876 1.3344022e-06 0.0016553965 1.2104118e-06 1.5724136e-06 1.9334875e-06 0.000970915 2.8793016e-07 6.7284013e-06 1.8044856e-06 1.2448583e-06 5.781286e-06 1.5350265e-06 4.058384e-05 4.8009126e-05 4.0304876e-06 8.58989e-06 2.2489454e-05 2.637941e-05 1.2231011e-07 0.00018195718 4.9405153e-05 5.6178715e-06 8.439575e-07 5.42612e-07 9.799429e-07 1.6780794e-05 7.3460187e-06 1.5770549e-05 6.6869393e-07 3.9422028e-07 5.461592e-06 8.2169336e-08
0.120326556 0.4574504 0.25424352 0.03458636 0.04148858 0.54316777 0.31020856 0.07982211 0.020224143 0.05863815 0.011234351 0.011433375 0.7905681 0.014597237 0.041960627 0.005539799 6.285748e-20 0.003752674 0.0023914697 0.00043232078 0.0032871768 0.7660501 0.0055457354 0.003393469 0.00074512174 0.10507955 9.152427e-05 0.17601669 0.8101607 0.79481155 0.93771046 0.0012236414 0.00028937502 0.82267064 0.0358802 8.622494e-05 0.0040102038 0.0013865212 0.00074079994 0.0017005291 0.51742935 0.0005030761 0.004605471 0.13257352 0.00023369714 2.7033246e-05 0.014771438 0.00013852939 3.6742128e-06 0.00060976687 2.908244e-06 0.0011360954 5.21795e-05 0.0024557908 0.55998915 0.7696382 7.0264196e-06 7.235445e-05 3.233109e-05 0.0016915023 0.00018053359 2.9984865e-05 0.00011305588 5.603492e-05 0.35772216 3.7375783e-05 0.00074226246 0.0007735799 6.0285684e-06 0.000982196 3.708213e-05 0.00060079386 0.00022364964 0.0015921935 2.5151972e-05 0.00054588716 0.0015579029 6.014685e-07 0.0017718122 4.720895e-05 6.820454e-05 0.005237486 4.477922e-05 9.751055e-05 7.2879374e-07 1.2463133e-06 0.00012333239 2.7162675e-06 0.0011507026 0.00032536144 0.008135934 1.7442528e-05 0.008209361 5.036152e-07 0.0001921279 0.0013501293 0.00041829582 0.0018160274 0.0023414535 6.749269e-06 1.8627962e-06
0.85165846 0.24019106 0.32387456 0.2601522 0.8226614 0.051832445 0.07768041 0.18006705 0.3635955 0.026287101 0.7535979 0.012169261 0.0009201762 0.59743 0.0010139445 0.0014231581 0.003752674 3.4954523e-19 0.044456523 0.42717874 0.7889112 0.022275345 0.16034175 0.00015676043 0.7944445 0.11368284 0.5002286 0.00067760755 0.00027020113 0.00078598264 0.001492719 0.8158478 0.82750416 0.003474269 8.172678e-06 0.701784 0.0026730318 0.05906932 0.55527747 1.7408096e-05 0.002694563 0.009556223 0.014885766 0.0011783289 0.025192682 0.26634878 0.0006126329 0.25989252 0.08043354 0.7037864 0.15872182 0.00020112416 0.12544788 0.0129146995 0.0004372984 0.00064750295 0.05661235 0.48394206 0.21402884 0.004693778 0.004839146 0.011585144 0.43048552 0.0007622671 0.002428685 0.0006101776 0.00022416748 6.995419e-05 0.17431359 0.003186857 1.9160998e-05 0.00028360458 0.0055598454 0.0005263685 2.4025803e-05 0.00028843302 0.0068980744 0.001107814 0.00031368135 0.086711995 0.11312184 0.0008270935 0.018742863 0.05282237 0.08750816 0.0005362283 0.006364912 0.0002437865 0.004116445 0.04958375 0.0024314488 5.8380232e-05 0.0001049485 7.849295e-06 0.06610882 0.0017592891 0.023004444 8.47803e-05 0.00016618868 0.0007476162 5.492666e-06
0.0017066492 0.081110016 0.02022641 0.1951055 0.115242444 0.07033807 0.0149203455 0.002094563 0.70586216 0.3587375 0.36440367 0.30722812 0.04815041 0.012269221 0.09947536 0.17621115 0.0023914697 0.044456523 1.1506728e-22 0.9582634 0.387416 0.0006586223 0.0007401979 0.041125074 0.08347145 0.0012142012 0.19501337 0.015689319 0.0038509686 0.011766529 0.003356292 0.005024272 0.012441094 0.00043799644 0.004422817 0.0042270115 0.52480227 0.00038884798 0.0010834904 0.018103974 0.00036660038 0.5580745 8.364225e-05 9.9968325e-05 3.771211e-06 0.51307607 1.7452743e-05 0.3092307 0.058171343 0.0001856704 0.009024184 0.044861905 2.5447448e-06 9.635637e-06 0.0001283762 0.0012376463 0.052784074 6.028169e-05 1.1004432e-05 4.519799e-06 0.197296 0.07051599 7.976778e-05 0.16051313 1.8502496e-05 0.10354185 1.6197726e-05 0.006913094 0.0035277996 1.0708179e-05 0.0057573104 1.5661886e-05 1.1411782e-05 0.00011065898 0.0070507736 1.3538935e-05 3.7165577e-05 0.00020842186 1.188596e-05 9.7534736e-05 3.742272e-05 0.00012612811 0.0013387917 1.32859095e-05 0.000595505 0.07953914 0.0002445503 0.015761733 5.821766e-05 0.0007617558 0.00017886834 0.000222036 2.7953523e-05 0.002207225 0.00015872857 2.8370343e-05 0.00028953815 3.0432204e-05 1.9948031e-05 0.000313591 0.000438558
0.041569922 0.069444 0.022468515 0.23988476 0.17237318 0.047004912 0.0077570053 0.0011098285 0.61645883 0.1126216 0.7475864 0.15256645 0.005320016 0.09869706 0.018557642 0.05512238 0.00043232078 0.42717874 0.9582634 4.3390785e-24 0.8122824 0.00010142579 0.0036167721 0.0023734632 0.544497 0.00031933963 0.6049883 0.0015748757 0.0009179592 0.0006336667 0.00032881423 0.037649933 0.11207879 0.00024372817 0.0006613111 0.033010323 0.21220331 0.00022635696 0.006251383 0.0009464238 9.832297e-05 0.29763344 4.6960635e-05 5.8031022e-05 5.4607017e-06 0.5592759 1.23395375e-05 0.45176816 0.21309629 0.00397366 0.03743785 0.0044105006 5.009798e-06 2.2949262e-06 4.1749812e-05 0.00012560058 0.12630163 0.0014741075 9.022837e-05 7.501147e-07 0.19360095 0.1178233 0.00019557716 0.028620118 5.135214e-06 0.061153594 2.5621503e-05 0.00021737792 0.008997021 0.00012920993 0.00030290804 2.8045117e-05 7.880617e-06 3.2513206e-05 0.00086367485 5.721241e-05 2.3889335e-05 0.0006572055 1.8051027e-05 0.00030840407 0.00036414622 0.00055648637 0.0071402974 7.7051394e-05 0.0018589703 0.022060623 0.0006180482 0.006476283 0.00014793225 0.00015096164 0.00024517564 0.0002813742 1.2694235e-05 0.0025192376 0.00018583532 3.6279685e-05 0.0009624901 1.2469167e-05 1.24925555e-05 0.0010611981 0.00027696724
0.4355898 0.0926158 0.058886055 0.22447808 0.48592013 0.0775877 0.016600486 0.01237925 0.4805333 0.07241674 0.9601121 0.054679316 0.015012128 0.111705735 0.0079724025 0.014121086 0.0032871768 0.7889112 0.387416 0.8122824 1.1889309e-21 0.0010407759 0.014850496 0.0003898176 0.8396457 0.0077000717 0.8476528 0.0017176456 0.00040252885 0.00077291945 0.0010804763 0.21080548 0.35305092 0.00023819531 3.09652e-05 0.4098018 0.105665974 0.00643093 0.10478643 1.919661e-05 0.00012821151 0.17428501 0.00041992517 6.3714615e-05 0.0017749595 0.550254 4.5161814e-05 0.43541902 0.27753133 0.21894437 0.29856098 0.00048166266 0.002051357 0.00036967726 3.1451753e-05 0.00026843257 0.16549373 0.03207051 0.002703571 3.9112932e-05 0.16170257 0.06986025 0.019549018 0.0038347389 8.006452e-06 0.015648479 5.9771974e-05 1.1499422e-05 0.14175867 0.0001423727 6.076955e-05 0.00010759161 0.00021469402 2.6454081e-05 4.4731245e-05 8.457906e-05 0.0002467197 0.014045095 2.3724935e-05 0.0049608927 0.0050616693 8.535663e-05 0.020807272 0.00069586205 0.029541928 0.0022174164 0.001940548 0.0010999658 0.00023581774 0.0024815432 0.00017573273 0.00058509095 6.695701e-07 0.00015419858 0.0026425992 6.0220213e-05 0.003624251 3.412104e-06 3.4170393e-05 0.0027846564 7.139674e-05
0.44192725 0.16315207 0.3604852 0.0055554677 0.058877382 0.017942293 0.72818977 0.8533041 0.0006521913 0.00047512836 0.0033951458 0.00018539597 0.0029935534 0.18392463 4.9955263e-05 5.0874125e-05 0.7660501 0.022275345 0.0006586223 0.00010142579 0.0010407759 3.3656e-18 0.06645853 2.3217644e-05 0.0005047076 0.8713344 1.6987186e-05 0.00022916129 0.0030279625 0.0009971311 0.020604746 0.011485668 0.00062829524 0.8283458 4.117714e-06 2.7737022e-05 0.00011002401 0.059998084 0.0021912232 2.0000798e-05 0.86380935 0.00020668276 0.4923953 0.7717231 0.010120805 2.1066671e-05 0.91963446 2.7994342e-05 4.0877785e-06 0.0013207548 8.0956015e-06 5.6888308e-05 0.0024964546 0.047643498 0.5061798 0.0033374745 2.850661e-06 0.00090814504 0.0012751227 0.07183842 8.228202e-06 9.91039e-06 0.00078187604 2.7424674e-05 0.13598724 1.074064e-05 0.11728651 5.7546375e-05 0.00065833563 0.07417952 6.5047066e-06 0.024535997 0.016821485 0.10573734 7.140395e-07 0.025896557 0.04451218 9.606252e-07 0.040245548 0.0031683305 0.0014023252 0.12719655 0.0001833264 0.009696303 0.00015703919 9.963002e-06 0.00041752562 5.5258815e-06 0.06505676 0.014743053 0.071605265 9.016751e-06 0.0042045796 1.1737231e-08 0.002020321 0.045897923 0.0017934893 0.002673232 0.0060635163 1.06463995e-05 1.02427116e-07
0.49330586 0.044331253 0.09153039 0.008680556 0.10287363 0.0044245506 0.039031312 0.2745421 0.0042282697 0.001618945 0.018442221 0.00059585273 0.0004639087 0.9855134 3.808447e-05 4.99294e-05 0.0055457354 0.16034175 0.0007401979 0.0036167721 0.014850496 0.06645853 2.2936309e-21 3.706638e-06 0.006469416 0.23223887 0.0025358212 6.813303e-05 3.6306366e-05 1.755683e-05 0.00056906 0.33128417 0.02305082 0.0018359841 9.897095e-07 0.0043858835 0.00015824658 0.93698883 0.08240425 5.0299195e-06 0.00617228 0.00016892799 0.06238147 0.0057728314 0.45341578 0.0045476505 0.006859253 0.0018722516 0.00079807773 0.022857068 0.0003423824 1.0148863e-05 0.30130246 0.07362325 0.003397217 9.218864e-05 0.00052815553 0.028119018 0.06393201 0.027530085 1.3317014e-05 7.973941e-05 0.013745443 0.00031576524 0.00050826726 0.00010512861 0.0017932148 1.2536571e-05 0.0030419915 0.021105662 1.5312191e-06 0.0019616082 0.042470388 0.0063601336 2.3464647e-06 0.0009835325 0.029675808 6.2413624e-06 0.0023706232 0.070079684 0.044965185 0.004875391 0.0010560316 0.103451796 0.015207486 0.00016991813 0.005327225 0.00013395956 0.05623985 0.05938857 0.014684468 3.0782794e-05 0.00023375443 5.590481e-08 0.03428332 0.012781451 0.015094474 0.00043868995 0.0020840506 4.020581e-05 8.716998e-07
2.6722427e-07 0.0035267957 0.00067184755 0.003499759 0.00088938564 0.009604207 9.215339e-05 0.00021540113 0.017564058 0.031651076 0.0014926777 0.09939896 0.21892226 2.6313102e-05 0.5655749 0.54089266 0.003393469 0.00015676043 0.041125074 0.0023734632 0.0003898176 2.3217644e-05 3.706638e-06 4.0226303e-25 0.00024045486 1.0036557e-05 0.00053665007 0.1527122 0.00058736606 0.008545376 9.5312884e-05 1.3637175e-05 2.7458094e-05 3.350588e-06 0.23189688 5.584811e-06 0.080380246 4.4118065e-06 2.0098764e-06 0.6427908 9.065004e-07 0.0111587895 1.432588e-06 2.9446112e-06 5.3731986e-07 0.00019775164 7.705922e-06 2.7777256e-05 1.4183285e-05 1.1037992e-05 6.180985e-06 0.09001463 1.2036497e-07 2.1497142e-06 9.063604e-07 5.313016e-05 3.306084e-06 7.436003e-07 5.977721e-07 9.797028e-07 1.870541e-05 6.2650797e-06 3.40405e-06 0.0028570476 8.439012e-07 0.00016299155 3.3361025e-06 0.004383991 1.0418479e-05 2.6763248e-06 0.00023068655 2.4121093e-06 3.617546e-06 1.3394979e-05 8.682723e-05 1.4409662e-07 2.154705e-05 7.1686735e-08 2.2915976e-06 4.4623216e-06 1.6070042e-06 5.3347972e-05 1.6200369e-05 5.089152e-06 4.518976e-06 1.4755547e-06 4.3276854e-05 3.493997e-09 5.7483678e-05 0.00012000525 7.902593e-06 2.0950213e-06 8.3276757e-07 1.0542585e-07 6.0166414e-05 1.9387584e-05 3.0371117e-05 1.0547769e-06 3.078473e-07 1.4307074e-05 9.8665796e-09
0.5543925 0.04466009 0.03534915 0.09631513 0.24468741 0.040735204 0.009289459 0.0041194945 0.2640257 0.039615393 0.6134605 0.020423992 0.0038919207 0.049346264 0.0035576397 0.0077056577 0.00074512174 0.7944445 0.08347145 0.544497 0.8396457 0.0005047076 0.006469416 0.00024045486 1.3649104e-22 0.0021047213 0.9487222 0.0012219652 0.00033932293 0.00058408774 0.0013031914 0.19005387 0.58171445 0.00053199165 9.643244e-05 0.734738 0.042578936 0.005527487 0.14095953 5.4621883e-05 0.000111618705 0.09574556 0.00018245816 7.754367e-05 0.0020248126 0.44640416 3.0773375e-05 0.4385073 0.5052519 0.22195038 0.60142624 0.00021262403 0.001970208 0.00018112389 0.00020625096 0.0013635848 0.3869783 0.06404218 0.0046453318 2.4698866e-05 0.09950291 0.1360073 0.08244438 0.0030812493 7.891504e-05 0.008528064 1.675898e-05 5.108878e-05 0.5472751 8.8542874e-05 7.185132e-05 5.641541e-05 0.0003236831 8.782824e-06 3.168921e-05 0.00014172016 5.9571033e-05 0.05000223 1.0138956e-05 0.0072853426 0.014320731 3.4475554e-05 0.05128488 0.00062510127 0.18401584 0.0021191428 0.010106207 0.0025905357 3.4042496e-05 0.004415151 1.1444806e-05 0.0027833818 8.528279e-06 0.00058105646 0.005407072 1.8936655e-06 0.01075413 6.637101e-06 9.576024e-05 0.0037406557 0.00041678207
0.6135957 0.17292094 0.29533014 0.0138313165 0.14649902 0.020118523 0.3804204 0.84160316 0.0015412815 0.0015750311 0.00844841 0.00027074156 0.0021035613 0.31916505 0.00025252014 3.6925932e-05 0.10507955 0.11368284 0.0012142012 0.00031933963 0.0077000717 0.8713344 0.23223887 1.0036557e-05 0.0021047213 2.1080115e-18 0.0005850815 0.00015128852 0.00032369298 0.00021935253 0.011235937 0.11990307 0.008669519 0.038626917 2.1931842e-06 0.00033606673 3.150065e-05 0.2873792 0.015206016 3.3530334e-06 0.11817597 1.817774e-05 0.963369 0.15054286 0.100298755 0.0017471355 0.45464364 0.0012122748 0.00016515174 0.0014848257 2.5212106e-05 1.2666651e-05 0.04035282 0.6704409 0.025181442 0.0014150143 4.583409e-05 0.0020695576 0.0059034494 0.39245242 5.531033e-06 9.58799e-06 0.0010587447 0.00040786903 0.017937092 4.785366e-05 0.045331024 8.160861e-06 0.0003735321 0.12634182 7.789124e-06 0.035366796 0.07735266 0.09123572 9.885588e-07 0.039941683 0.09589852 7.073095e-07 0.04467418 0.08304732 0.008997031 0.083010405 3.5096567e-05 0.07336437 0.00062210957 0.0003761752 0.00022144853 0.0009117311 0.22653402 0.15625061 0.121277265 4.191803e-06 0.00063744094 4.0009165e-09 0.01829156 0.12552275 0.0038663228 0.003275951 0.010577538 1.9030977e-06 1.7549162e-07
0.21324204 0.037420742 0.015908714 0.07997946 0.15758003 0.04367885 0.0030618373 0.0005946733 0.35084295 0.05949983 0.49266258 0.035523914 0.0020717485 0.029976824 0.004119555 0.00902712 9.152427e-05 0.5002286 0.19501337 0.6049883 0.8476528 1.6987186e-05 0.0025358212 0.00053665007 0.9487222 0.0005850815 1.6721199e-21 0.0015590957 0.00012962217 0.00057246606 0.001047321 0.06927485 0.3504424 3.6129764e-05 4.2109856e-05 0.50427145 0.088932484 0.00078463607 0.02410363 2.3832516e-05 1.5762294e-05 0.1807691 4.110364e-05 6.0719003e-06 0.00019647263 0.66803527 1.5167408e-06 0.63440317 0.8272872 0.054158397 0.5961721 0.00023641558 0.00014932344 1.5074002e-05 4.716274e-05 0.0015151772 0.567566 0.01233311 0.0011388403 5.969586e-07 0.18615662 0.33005854 0.0149117755 0.0033024196 1.8190278e-05 0.013007225 1.2306356e-06 4.9383485e-05 0.3109661 4.145161e-06 0.0001487525 1.1517327e-06 3.508278e-05 4.1728695e-06 6.155705e-05 6.6069293e-07 1.6463964e-05 0.11588686 1.9238082e-07 0.004705965 0.004623642 3.871911e-06 0.037744824 0.00014338086 0.04113071 0.007180789 0.0050867316 0.016493384 4.3940046e-05 0.004277532 1.2492383e-06 0.0077898013 1.0220499e-06 0.00046627125 0.003039583 6.9140845e-07 0.0050786654 3.478532e-06 1.0203715e-05 0.002819197 0.00014203785
1.4443485e-06 0.011186428 0.0030563101 0.018238666 0.0032176934 0.06386726 0.0022296307 0.0013888709 0.033285316 0.029048746 0.006104366 0.056623206 0.68287146 0.00019617211 0.2725066 0.08878918 0.17601669 0.00067760755 0.015689319 0.0015748757 0.0017176456 0.00022916129 6.813303e-05 0.1527122 0.0012219652 0.00015128852 0.0015590957 2.202483e-22 0.0068127667 0.17944735 0.001602255 2.0613268e-05 0.00010851874 0.00017054379 0.8892408 6.0471877e-05 0.01827896 5.699338e-05 5.1483043e-05 0.12477611 1.5539854e-05 0.0021370982 6.4526066e-05 3.5552464e-05 1.536083e-05 0.0001953665 6.5682245e-05 0.00017078109 0.00038677294 0.000108928296 2.7179274e-05 0.0038749161 4.419066e-06 1.6335154e-05 2.2111835e-05 0.0018819418 3.8539016e-05 1.5074692e-05 9.834213e-06 1.8069937e-05 1.656942e-05 9.5376796e-05 4.021624e-05 0.00029325162 1.3914434e-05 3.1008345e-05 2.1529857e-05 0.0006987225 3.276599e-05 4.4352255e-05 4.861012e-05 2.4868901e-05 0.00010253508 5.1148643e-05 1.3593507e-05 1.2952659e-05 0.000113780356 2.4248131e-06 1.0288785e-05 4.5574183e-05 4.941488e-06 0.00028952298 0.0001370856 4.2264513e-05 2.9654133e-05 5.1795513e-07 0.00023521468 5.1892982e-08 0.00033874242 0.0009422424 0.00054553355 5.9551917e-06 4.481513e-06 5.5394185e-07 0.000689768 0.0003706772 0.00023828959 1.5775662e-05 8.929977e-06 5.6512283e-05 7.03207e-08
2.9694913e-05 0.009535507 0.0061124456 0.0039337287 0.0030119915 0.022508824 0.0092266835 0.0022712601 0.0033329134 0.0036560758 0.0030983204 0.0011760488 0.179221 0.0003659934 0.0032049029 0.00088344794 0.8101607 0.00027020113 0.0038509686 0.0009179592 0.00040252885 0.0030279625 3.6306366e-05 0.00058736606 0.00033932293 0.00032369298 0.00012962217 0.0068127667 3.3122554e-20 0.69096196 0.5010127 1.6315975e-05 0.00013485439 0.032129798 0.0049553206 4.6431633e-05 0.001132309 9.683184e-05 3.356647e-05 0.0003741187 0.0022107735 0.00039890435 5.7949117e-05 0.0005593092 1.4056773e-05 5.4436136e-05 0.00026896657 4.1961608e-05 0.00011253975 0.00010586205 1.3538497e-05 0.00014239836 2.253718e-05 5.173267e-05 0.002962406 0.41423112 4.445749e-05 2.7364404e-05 1.8596642e-05 7.142371e-05 7.637595e-06 1.3189887e-05 0.00012300431 7.939957e-06 0.0046136803 2.3265253e-05 8.123563e-05 0.00017775451 0.00014321564 0.0001106766 1.0549102e-05 0.00015026916 0.00014468026 7.873499e-05 1.5018749e-06 0.00013151219 0.00051177363 1.6444192e-05 8.5014624e-05 7.456321e-05 2.169766e-05 0.0007087626 0.00062000606 4.476893e-05 5.1688137e-05 7.354392e-07 0.00015013007 9.1978575e-07 0.0011867062 0.0006987548 0.0012120899 3.1499e-05 4.1863485e-05 1.8497907e-07 0.00026907897 0.0011404516 0.00024011021 0.0001807181 6.113897e-05 0.0004591908 7.381631e-08
1.21622925e-05 0.012002683 0.007903849 0.008642702 0.0023374541 0.0623862 0.0106060775 0.002873518 0.0047106934 0.010511764 0.0036307096 0.0069416794 0.6130809 0.00020664316 0.030852513 0.0068372698 0.79481155 0.00078598264 0.011766529 0.0006336667 0.00077291945 0.0009971311 1.755683e-05 0.008545376 0.00058408774 0.00021935253 0.00057246606 0.17944735 0.69096196 1.8883031e-20 0.14036863 1.3116043e-05 0.000100315294 0.0055037015 0.38652042 4.205484e-05 0.0045971973 4.475032e-05 2.8188624e-05 0.007684366 0.00029096784 0.000265046 2.0119487e-05 0.00026007774 9.739712e-06 1.38798305e-05 0.00021575108 3.6739173e-05 0.00012820541 5.347154e-05 1.6154301e-05 0.0010407437 9.45739e-06 3.7171387e-05 0.00037355736 0.27817893 2.3888675e-05 9.827014e-06 8.664381e-06 1.50551805e-05 1.0662225e-06 5.6325953e-05 3.1565065e-05 4.4991193e-05 0.0006378961 7.637661e-06 1.36030385e-05 0.0013590092 0.00010426555 4.9442766e-05 4.406952e-05 5.061498e-05 0.00026437576 6.77616e-05 4.739135e-06 1.4307372e-05 0.00023776112 7.6032784e-06 2.0924488e-05 7.300759e-05 1.7399381e-05 0.0006957184 0.00022161946 5.185379e-05 1.6838876e-05 2.4890753e-07 0.0002307334 4.853304e-07 0.0008377401 0.0011211687 0.0017116166 2.4229925e-05 2.0082678e-05 1.2406596e-07 0.0013643529 0.0026126057 0.0005757693 5.1719897e-05 2.3455734e-05 0.00044758283 6.0285274e-08
0.00022521293 0.02232815 0.016086046 0.004008527 0.006248006 0.022269636 0.024592828 0.006841571 0.0034034252 0.0031034306 0.0052667055 0.00078835455 0.108478725 0.0046767746 0.0011704677 0.00019491688 0.93771046 0.001492719 0.003356292 0.00032881423 0.0010804763 0.020604746 0.00056906 9.5312884e-05 0.0013031914 0.011235937 0.001047321 0.001602255 0.5010127 0.14036863 1.7018207e-18 0.00030972657 0.0004927049 0.18542798 0.0012565395 0.00023976446 0.00027911772 0.0010469559 0.0006505442 7.715258e-05 0.020342639 0.00025686002 0.0013832635 0.004758262 0.00018767941 0.00020346488 0.0018035937 0.0003109581 0.00042583104 0.0013674845 6.924095e-05 2.7816517e-05 0.00013709774 0.00047962423 0.024803294 0.647967 0.00014565224 0.00032890643 8.609848e-05 0.0005725927 1.4266279e-05 0.000100176854 0.0013369761 2.4856097e-05 0.024863834 5.904632e-05 0.0012220275 1.4097316e-05 0.0005440886 0.0007487528 1.8573415e-06 0.000908235 0.00053806836 0.0009619121 2.8284257e-06 0.0009963958 0.00092352444 4.0567666e-05 0.0009333255 0.00019776334 7.274536e-05 0.0018943935 0.0038058856 0.00024662184 0.00079458347 1.8379292e-06 0.0017746557 7.5610933e-06 0.0016287897 0.00087641616 0.0023848354 6.159951e-05 0.00067590596 1.2502848e-06 0.0003963776 0.0015014653 0.001112107 0.0014856055 0.00024266708 0.0038785911 2.6418732e-07
