5.3038496e-25 0.8477306 0.8593537 0.89108807 0.88483727 0.9768764 0.9599803 0.84808105 0.88038605 0.985491 0.9783831 0.9898202 0.9645581 0.9797159 0.842263 0.9963112 0.8942572 0.9803971 0.39765114 0.97522205 0.91234916 0.635083 0.95523995 0.92620164 0.5301198 0.9263368 0.43846 0.55935115 0.84532106 0.5557344 0.96754104 0.8429789 0.99591905 0.26180458 0.98458123 0.9231272 0.6316393 0.979666 0.2956993 0.89719284 0.022776898 0.97633547 0.020069014 0.025025915 0.9907057 0.647858 0.24629076 0.35544008 0.016357588 0.0082148975 0.86276627 0.0036484827 0.104685195 0.81774926 0.91900766 0.9053554 0.9049298 0.028977659 0.09570923 0.8855399 0.99250114 0.036426976 0.03039199 0.9892607 0.0007030499 0.98412365 0.04112728 0.9825349 0.94805014 7.876541e-05 0.9711655 0.9512761 0.90984696 0.0015940089 0.97974616 0.35655636 0.000984104 0.74475557 0.9557746 0.9701173 0.9916901 0.004866808 0.00072208414 0.9383332 0.4356194 0.0018927024 0.003858858 0.002007017 0.45157441 0.0013265881 0.89526165 0.007912575 0.7918932 0.5000195 0.98011905 0.0027803585 0.9360476 1.4376368e-06 0.9884608 5.0535735e-05 0.39176425
0.8477306 9.248212e-22 0.9646409 0.8638125 0.9437581 0.12185075 0.8205945 0.10598457 0.047354102 0.01636656 0.6747242 0.0029218218 0.009595394 0.1371951 0.02645305 0.075755514 0.30586007 0.0056300038 0.3342703 0.027711378 0.0002150436 0.00072257663 2.9828952e-06 0.00059675745 0.0007298009 0.00047226448 0.0003640374 0.061234687 4.4062035e-05 0.53156835 0.03649496 6.5389555e-05 2.321574e-05 0.0017777852 0.008598374 7.2631783e-06 1.8150631e-05 0.0053848596 0.00024093551 2.4294193e-06 0.003993177 1.4361293e-06 0.026762336 0.0300149 0.0012148754 3.878631e-07 1.8142031e-05 0.00091757445 0.035772093 6.590254e-05 6.7477945e-06 0.00047603363 2.8569713e-05 3.8840503e-07 7.283536e-08 5.6375285e-07 0.017874576 1.017975e-06 0.18137757 7.68903e-08 0.00024081812 0.09761102 5.9994005e-07 0.004128821 5.9989175e-06 7.5248994e-05 0.002424263 9.833572e-07 1.4156176e-07 3.2366174e-06 0.0025256616 9.13863e-05 8.3711666e-07 0.0007236811 1.7943232e-06 1.1407843e-07 4.136398e-06 1.8575903e-07 0.0025834746 0.0022177768 0.0005819849 0.00027369792 0.0012352868 6.2562697e-07 3.5121244e-07 0.00033251478 1.2664858e-06 8.8176154e-07 2.1220964e-07 0.00024496738 0.00012598567 3.413562e-06 9.121505e-10 6.726434e-09 0.00082273834 8.791451e-07 2.582006e-07 4.427817e-07 0.00034970825 1.8481289e-06 3.4772917e-08
0.8593537 0.9646409 6.1427127e-21 0.96328735 0.66355544 0.63936853 0.16513872 0.29435357 0.13802484 0.16968507 0.04171376 0.22026204 0.00033728455 0.48228377 0.066982314 0.024573747 0.16214567 0.099633165 0.09506793 0.15328604 0.02156566 0.008727667 0.0011945046 0.057441186 0.009340463 0.04266817 3.314192e-05 0.066003166 0.0034540095 0.046973735 0.115484014 0.0013117151 0.0033944608 0.0050780843 0.015690442 0.0007971672 0.0006395872 0.007747339 0.0019672443 0.0010488038 0.010061087 0.00044589335 0.040044043 0.009354048 0.0070221797 0.00020532464 0.00044354142 6.371675e-05 0.019939417 9.9503304e-05 0.00021921597 0.00025835348 9.6013806e-05 8.154327e-06 3.0622865e-05 2.6359041e-05 0.024185782 9.789691e-06 0.04352288 3.1152307e-05 0.0022396436 0.018470345 4.3492832e-07 0.0031183164 1.6010825e-06 0.0015633078 1.5717082e-05 7.280811e-05 6.646903e-05 9.934146e-07 0.0042367545 0.00047694176 1.7173581e-05 8.662357e-06 5.0604263e-05 8.672735e-07 9.348442e-07 1.0606749e-06 0.0047673513 0.004711698 0.00082594226 0.00043515136 1.0496207e-05 2.0984939e-05 2.986272e-07 3.7622325e-05 6.0229513e-07 2.597576e-07 9.176974e-06 4.9879e-05 0.0011684068 3.531893e-06 2.9028765e-08 7.9208746e-08 0.0022706797 3.0152069e-07 4.574383e-05 8.4104255e-07 0.0012922332 1.9504314e-06 2.9982945e-07
0.89108807 0.8638125 0.96328735 5.1989987e-19 0.07735638 0.9232766 0.9210242 0.0090062115 0.008422306 0.02169395 0.17864023 0.01885497 0.0022492511 0.4564085 0.007813152 0.12474732 0.042603977 0.025576362 0.01940311 0.09430302 0.0005121364 0.00082406466 5.7015564e-05 0.00092767103 0.00077626767 0.0016152506 3.6789304e-05 0.0051683364 0.00023010913 0.033056058 0.16894767 0.00017606368 0.000639815 0.00089746766 0.023705458 6.274224e-05 7.4185096e-05 0.020404473 0.00023638019 5.3932516e-05 0.0022155817 1.6843838e-05 0.0045451657 0.0024438722 0.0035682563 1.2092575e-05 9.709567e-05 0.00031081223 0.0023997833 5.9348633e-05 2.28692e-05 7.6896365e-05 4.6111578e-05 1.1512365e-06 2.8412023e-06 1.3653732e-06 0.06700931 3.3209105e-06 0.022936085 1.1927855e-06 0.0013627099 0.013500283 3.7026467e-07 0.009695896 7.0207257e-06 0.00049544463 0.0012482583 8.900127e-06 6.8411424e-07 6.522466e-06 0.009276246 0.000133957 1.3604608e-05 0.0005160734 1.0254186e-05 4.376248e-07 7.4855934e-06 4.392174e-07 0.0034410409 0.0018930102 0.0028781202 0.0001645151 0.00021765151 7.659686e-07 7.391363e-07 0.00016242317 8.715306e-06 3.286515e-06 1.5936927e-06 0.000113049195 0.00091753027 5.981614e-06 1.3831676e-09 9.474257e-09 0.003388823 1.0932669e-06 9.26412e-07 2.785149e-06 0.0019996222 3.1843729e-06 9.604058e-08
0.88483727 0.9437581 0.66355544 0.07735638 1.4122049e-18 0.12882276 0.040994216 0.71877724 0.45367768 0.072636425 0.02393632 0.012962397 0.0015696256 0.028760562 0.46719506 0.010584854 0.9096173 0.0025885943 0.7784724 0.0067704595 0.002350965 0.007348791 0.00037692944 0.0015440033 0.010402302 0.0012093234 6.1659346e-05 0.51408505 0.00071014254 0.4678698 0.0028347017 0.0013959092 8.9850975e-05 0.02919586 0.006187187 0.00035742176 0.0006225256 0.0019903264 0.002388084 0.00022940597 0.028867401 2.8682241e-05 0.1732944 0.094977684 0.00073491374 2.6155334e-05 0.0010542244 0.00016128155 0.10915281 0.00092070695 6.208537e-05 0.0119331125 0.0002875001 8.601014e-06 2.5283002e-06 3.252276e-05 0.0019001246 0.00023804225 0.02803763 2.4825265e-06 0.00014332098 0.10789064 2.4767446e-06 0.005092969 0.00012722166 5.3886557e-05 9.8751e-05 3.921525e-06 1.9281697e-06 4.4643835e-05 0.0005787779 2.4646346e-05 2.4302106e-05 0.00011273515 9.4982e-06 7.705815e-07 4.0082956e-05 1.4243366e-06 0.00073746406 0.0005854122 0.00048620833 0.010430823 0.0014684326 1.5976859e-06 4.5075867e-06 0.00058296754 1.6981735e-06 1.4078178e-06 1.6986529e-06 0.0008998618 3.0704425e-05 1.5710953e-05 1.3926268e-08 7.688341e-08 0.0018887661 5.984786e-06 2.6675716e-06 2.3342293e-06 0.00067527907 2.7919208e-05 2.0982195e-07
0.9768764 0.12185075 0.63936853 0.9232766 0.12882276 4.467858e-17 0.18583527 0.052802455 0.0486415 0.15473306 0.01258843 0.46108916 0.0003855262 0.9009216 0.06897092 0.094470516 0.047997788 0.3055121 0.010429295 0.4446597 0.03125818 0.0065168645 0.02383851 0.032346454 0.006912055 0.024296956 1.4853723e-05 0.0055366964 0.0036027578 0.008028247 0.42497036 0.0023680632 0.04201529 0.0015420638 0.12180001 0.0014574958 0.0007366581 0.0736819 0.00036525942 0.0011893081 0.002512588 0.0008765056 0.005946889 0.0016196856 0.042436287 3.6860318e-05 5.6086832e-05 4.636999e-05 0.0027607593 2.1745014e-05 8.5732645e-05 2.104998e-05 6.697939e-06 2.3636553e-06 6.451849e-05 3.295207e-05 0.22062378 4.0652844e-06 0.005610871 2.204452e-05 0.010721672 0.02340825 1.2626826e-07 0.04289116 8.8044764e-08 0.0038068113 3.9686344e-07 4.5569926e-05 6.1113697e-06 6.3843254e-07 0.028276866 0.0007446224 9.569815e-05 1.0247525e-06 0.00035188178 1.8171855e-06 8.608086e-08 5.329905e-07 0.017289503 0.010382316 0.012796704 0.0003242958 1.6389653e-06 1.16385245e-05 3.567087e-08 2.0047948e-05 1.8473314e-07 4.2279563e-08 7.431308e-06 8.120034e-06 0.0042538294 3.3386885e-07 1.7993594e-08 2.1645587e-08 0.016161945 2.9581724e-08 3.9099396e-05 1.2068203e-06 0.015211845 4.8578213e-06 4.393562e-08
0.9599803 0.8205945 0.16513872 0.9210242 0.040994216 0.18583527 4.5558567e-17 0.00077528297 0.00049000327 0.0010631616 0.9470247 0.0026398438 0.036446862 0.22197275 0.0005218304 0.9322491 0.008592393 0.0038347917 0.0058622677 0.036344927 4.829982e-05 1.7162938e-05 4.6587206e-06 3.8738406e-05 4.027963e-06 4.582959e-05 0.00031118593 0.00020248191 4.1392746e-06 0.029786967 0.25009868 3.1969398e-06 8.936882e-05 2.5502608e-05 0.02485086 9.241309e-07 5.7569423e-07 0.039872993 2.01936e-06 5.473687e-07 6.370331e-05 2.264103e-06 0.00037223965 0.00024071206 0.0022158267 5.2144603e-08 9.567908e-07 0.002825758 7.9456724e-05 1.7965286e-06 3.5076758e-07 3.333266e-06 2.0909974e-06 9.0894545e-08 2.4218062e-08 5.2040473e-08 0.16148964 2.7327133e-07 0.028772963 1.1547572e-08 0.000480249 0.0034002638 5.9614415e-08 0.03704298 3.0033772e-07 0.00017586701 0.0040986217 4.458268e-06 7.545792e-08 1.159268e-06 0.025254529 2.4075394e-05 9.2381634e-07 0.00053460686 3.4133507e-06 1.4917221e-07 1.8974534e-07 4.4410474e-08 0.006560174 0.0017084846 0.031482145 4.284836e-05 0.00080147333 4.0070796e-07 3.210925e-08 0.00037508382 2.0338115e-07 6.1119465e-08 3.154344e-08 4.9526017e-05 0.0005995549 1.0385434e-07 2.0536026e-10 5.9868693e-10 0.0075399494 6.7821944e-08 2.218863e-08 1.0619513e-06 0.0034596964 3.6838828e-06 8.262443e-09
0.84808105 0.10598457 0.29435357 0.0090062115 0.71877724 0.052802455 0.00077528297 1.6899938e-19 0.9742262 0.74850553 8.012896e-05 0.11089103 3.3323854e-06 0.013363648 0.84403497 0.00031684726 0.23269996 0.004232496 0.025631823 0.0037705894 0.0341198 0.2826287 0.007473785 0.001954212 0.18158422 0.0016694488 1.0495376e-05 0.44832495 0.0016599273 0.0063562836 0.00046762257 0.0015379925 0.0007765169 0.38152143 0.0020088216 0.020590613 0.00044850173 0.000110738365 0.04257743 0.00073924026 0.17759003 9.092122e-05 0.09374609 0.008218252 0.00034163613 0.00597882 0.0064050606 1.5157843e-05 0.036197443 0.009354552 0.0009765261 0.019372184 0.002688662 2.7176322e-05 4.67666e-06 4.1007555e-05 0.00019558425 0.0079037845 0.00066601497 1.729227e-05 2.7146738e-05 0.014310614 0.0017801061 0.0004065093 0.0003323138 1.9776155e-05 1.6979727e-06 3.3999715e-06 1.5997015e-06 3.205633e-05 0.00011008815 8.079434e-06 1.25485085e-05 5.1552884e-06 1.7335267e-05 3.173152e-05 2.0705535e-05 1.8754164e-06 0.00029108278 0.00018648883 3.7266334e-05 0.0062917517 8.083493e-05 2.246558e-06 8.290673e-06 0.00023017189 2.9925075e-05 3.1333468e-05 1.7622763e-06 0.00040706428 1.0542655e-05 3.4785506e-05 1.5192496e-08 2.2193582e-08 0.0010321339 8.0048485e-06 1.5938211e-07 1.6843011e-06 0.00015257603 2.5995153e-06 2.808277e-07
0.88038605 0.047354102 0.13802484 0.008422306 0.45367768 0.0486415 0.00049000327 0.9742262 7.552038e-20 0.80168074 3.180517e-05 0.14915457 1.0342474e-06 0.010717896 0.8271402 0.00018100112 0.09867582 0.00845414 0.008596898 0.0064021205 0.060305532 0.42158282 0.017984137 0.004439384 0.31409216 0.0038043289 2.2793156e-06 0.45256218 0.0032960384 0.0037999484 0.0005826402 0.0027603735 0.002198279 0.48478892 0.0019798102 0.037397735 0.00092094706 0.00013931743 0.07572825 0.0018623522 0.19290918 0.00046845392 0.0506813 0.005550778 0.00058147946 0.0103955725 0.00862869 5.7538828e-06 0.016925398 0.013245068 0.0016620056 0.012201497 0.0052328683 0.00023820574 2.4390429e-05 0.00016487273 0.00023709022 0.023817597 0.0005657446 8.695866e-05 6.546618e-05 0.0142536545 0.0040057465 0.00053801836 0.00027702245 4.2595755e-05 3.4013124e-07 8.569377e-06 7.972895e-06 3.6257443e-05 0.0001437888 1.591731e-05 1.8186913e-05 1.4709423e-06 2.5232286e-05 0.00012959843 2.4020123e-05 1.4922984e-05 0.00053436984 0.00035952358 5.9098653e-05 0.0078034634 7.369786e-06 6.580729e-06 7.462542e-06 4.246033e-05 2.1771826e-05 1.9750296e-05 6.3373163e-06 0.000306657 2.5491327e-05 5.237109e-05 2.4890468e-07 1.7125707e-07 0.0020409618 1.4416863e-05 1.1962884e-06 8.9609915e-07 0.00047482643 2.2412555e-06 3.782573e-07
0.985491 0.01636656 0.16968507 0.02169395 0.072636425 0.15473306 0.0010631616 0.74850553 0.80168074 4.6132954e-22 0.00029738998 0.8863674 2.4903292e-07 0.08728931 0.7614316 0.00081260817 0.046318132 0.1186622 0.0029154324 0.057999216 0.8004773 0.73908806 0.18261985 0.100471266 0.6326023 0.07600534 1.2889467e-07 0.1582115 0.24588738 0.00024413153 0.0028089227 0.1099969 0.047846515 0.35647076 0.02680095 0.49437365 0.048742495 0.0017435569 0.4159977 0.016603928 0.07153993 0.0021710102 0.030539293 0.0012363881 0.010011493 0.10836633 0.064754665 5.9419483e-07 0.007881753 0.0048059085 0.026652038 0.003843361 0.036914136 0.0008770307 8.2440885e-05 0.00051585934 0.0020095976 0.022983445 7.57286e-07 0.00026985916 0.0005331604 0.0019998015 0.01288789 0.0017872291 0.00011412833 0.00049255084 1.9223915e-08 1.8823939e-06 2.3580415e-05 3.230757e-05 0.0016339176 0.00013331953 1.2141699e-05 6.31241e-08 8.2805476e-05 0.00017518486 7.960515e-05 6.56921e-06 0.006086244 0.003982859 0.00081705145 0.0019282213 5.8885206e-07 1.6996633e-05 0.000107471 3.7093002e-06 2.5578069e-05 3.0222314e-05 1.5458118e-05 1.21361645e-05 0.0009994379 5.3578584e-05 3.1533095e-06 1.6096824e-06 0.015025119 7.5374646e-06 1.4544453e-05 1.4178673e-07 0.004274237 5.2500354e-07 9.385891e-07
0.9783831 0.6747242 0.04171376 0.17864023 0.02393632 0.01258843 0.9470247 8.012896e-05 3.180517e-05 0.00029738998 8.048075e-17 0.00020700727 0.776626 0.033013746 9.5996504e-05 0.9638582 0.004701069 0.00022062579 0.0046992535 0.0033658536 6.9945886e-06 1.8854374e-06 1.7586684e-06 1.5412168e-06 9.825546e-07 3.995226e-06 0.0071256757 0.00020163751 2.2393433e-06 0.03986551 0.043552462 1.1096162e-06 1.0919149e-05 3.654739e-05 0.0064060753 6.747766e-07 1.000397e-07 0.013769297 9.120266e-07 9.054364e-08 0.00015958036 1.235276e-07 0.0008602101 0.00037811833 0.00092261867 1.4047325e-07 4.954533e-07 0.02040052 9.950796e-05 2.7147164e-06 1.6125978e-07 5.6699305e-06 3.166489e-07 2.1350677e-09 2.0784212e-09 2.6220641e-09 0.060087033 2.2215616e-07 0.045766756 6.1720606e-10 8.882756e-05 0.007727817 1.602767e-07 0.05720624 3.639369e-07 1.3930393e-05 0.016701648 2.162942e-07 8.7932067e-10 4.9226196e-07 0.034311403 1.2128559e-06 2.4403166e-08 0.0014974492 1.9014804e-07 1.0402986e-06 1.8170338e-07 2.5004883e-09 0.0045062955 0.00043891743 0.08611835 0.00014097297 0.0010483252 8.761119e-09 8.192141e-09 0.0016062519 1.5063073e-06 9.495089e-07 4.493515e-09 0.00026464922 6.821924e-05 3.1848637e-07 5.880764e-11 2.8148376e-11 0.013001345 5.1182777e-08 1.2937053e-09 2.9156893e-06 0.0010893183 5.3403587e-06 1.6799568e-08
0.9898202 0.0029218218 0.22026204 0.01885497 0.012962397 0.46108916 0.0026398438 0.11089103 0.14915457 0.8863674 0.00020700727 2.8216395e-17 3.0009093e-07 0.4667675 0.09326419 0.0011149775 0.022732917 0.7246762 0.00061506906 0.49964064 0.74025387 0.09677806 0.62457407 0.48472142 0.10751356 0.40641573 5.128521e-07 0.02985286 0.30753034 0.0001353778 0.0062062573 0.1378618 0.21054551 0.02743331 0.10293694 0.15827264 0.052232865 0.004782862 0.07961178 0.08515679 0.015028672 0.06455537 0.0073201056 0.0002834556 0.06515355 0.04462989 0.029308112 5.474261e-07 0.002195033 0.0012141584 0.067218535 0.001191602 0.01836585 0.008087283 0.0023400772 0.0073923185 0.007313473 0.0055676135 9.285237e-06 0.0029036147 0.011940802 0.0036899026 0.006446681 0.0036170345 6.435111e-05 0.0054668505 3.15686e-08 6.993212e-05 0.00016226618 4.5006127e-05 0.0069741476 0.0002825156 0.00041586772 1.9834346e-07 0.0005400061 0.0052189315 0.00016871322 0.00018054702 0.019309087 0.017781718 0.0005736104 0.0009997758 1.0586074e-06 9.9151686e-05 0.00037661614 1.8171413e-05 4.478281e-05 4.4511584e-05 3.3366006e-05 0.0001079813 0.0055643064 0.00013591311 5.044648e-06 3.9388e-06 0.026229931 8.4348205e-05 0.00028239304 8.943575e-07 0.015133774 4.6286023e-06 7.864251e-06
0.9645581 0.009595394 0.00033728455 0.0022492511 0.0015696256 0.0003855262 0.036446862 3.3323854e-06 1.0342474e-06 2.4903292e-07 0.776626 3.0009093e-07 2.0152871e-19 0.00081036036 2.2977226e-06 0.17904639 0.0051859277 5.0030303e-07 0.005262568 1.6539267e-05 3.1200933e-08 1.2581174e-07 4.8960076e-09 8.076037e-08 1.01503325e-07 3.1405082e-07 0.99565697 5.9112917e-05 1.0579629e-07 0.111537054 0.00074380153 5.2877715e-07 9.303479e-08 8.6591723e-07 0.0003189035 7.2192465e-09 4.201276e-08 0.0009363335 3.822685e-07 4.4873736e-09 1.156898e-06 1.2643393e-09 2.3146391e-05 0.00071577536 2.6629874e-05 2.2124678e-09 5.712616e-07 0.13528316 8.885798e-05 6.8636325e-08 6.454738e-08 2.9770734e-07 9.53446e-07 4.409335e-09 2.407246e-10 8.518589e-10 0.038583465 5.449651e-10 0.10807743 1.1514643e-09 1.1331514e-06 0.0338709 2.0426175e-10 0.13093384 2.3028031e-08 5.830528e-07 0.06539601 2.4187546e-08 1.984689e-09 2.8691776e-08 0.032229714 8.102081e-08 8.706496e-09 0.0019186873 2.5373776e-08 2.0842936e-08 2.0676133e-07 3.0671818e-09 0.0014254285 5.8421556e-05 0.1280437 8.629861e-06 0.00088352594 3.3327427e-09 8.136875e-09 0.0003923375 7.4555345e-08 4.7967546e-08 1.7051263e-09 6.684004e-06 5.969242e-06 8.590636e-08 6.16586e-10 9.923827e-12 0.0043459185 1.0557791e-08 6.204369e-09 3.9740082e-09 0.00012245281 7.506299e-07 3.4291806e-10
0.9797159 0.1371951 0.48228377 0.4564085 0.028760562 0.9009216 0.22197275 0.013363648 0.010717896 0.08728931 0.033013746 0.4667675 0.00081036036 4.6643313e-21 0.009315368 0.2101694 0.008493991 0.6513571 0.0011260733 0.8209171 0.01775631 0.00096589554 0.03303468 0.1623393 0.0008041139 0.17862497 1.5287978e-05 7.118509e-05 0.0016042665 0.000119691045 0.7016833 0.0005103437 0.3184459 0.00011873572 0.55609745 0.00037384962 0.00032501193 0.41090348 6.442178e-05 0.0005016056 0.00012210343 0.0047189305 0.00012700346 0.00016327453 0.29618388 9.042081e-05 0.0001917576 1.5183682e-05 0.0005034303 2.9687662e-05 0.00014020725 4.4410117e-05 0.00048150995 6.579304e-06 0.00021246409 3.4130888e-05 0.3765062 9.248164e-06 0.0006130908 0.00020860859 0.04934132 0.0012938845 7.672824e-05 0.108992994 1.6984124e-05 0.013875881 9.866774e-06 0.00019413533 0.00010707396 9.468752e-06 0.08328932 0.0013281623 2.332922e-05 2.3085171e-05 0.00062468235 7.73147e-05 6.2733096e-05 1.3470766e-05 0.04044795 0.0170559 0.040906534 0.0077160043 0.00011224103 2.772594e-05 3.3933698e-06 0.0001780645 6.1083283e-06 2.2771974e-06 1.6408912e-05 0.002038725 0.009603781 3.2943117e-05 1.6757327e-06 1.7227704e-06 0.03389253 2.8133902e-06 0.00012987261 1.0597392e-05 0.027154932 0.00015218991 1.5648873e-06
0.842263 0.02645305 0.066982314 0.007813152 0.46719506 0.06897092 0.0005218304 0.84403497 0.8271402 0.7614316 9.5996504e-05 0.09326419 2.2977226e-06 0.009315368 1.800098e-15 0.00012462682 0.32652932 0.003987541 0.03325641 0.0017310824 0.033006925 0.41619635 0.011242074 0.005161812 0.33770502 0.0010362804 1.9715686e-05 0.9151783 0.0033328373 0.007777201 0.0001402435 0.002722299 0.00036301606 0.960032 0.00064906216 0.008701326 0.00069297897 3.187352e-05 0.058503143 0.00070218975 0.63701546 1.7372156e-05 0.18460397 0.017181076 4.216769e-05 0.0015113486 0.0038282822 1.800896e-06 0.05402203 0.11369465 8.8316025e-05 0.08316278 0.0012446957 3.632564e-06 3.6372452e-07 6.0472535e-06 0.00019018243 0.02458224 3.566497e-05 6.694941e-07 6.5451286e-06 0.015934618 0.0009362884 0.00071176735 0.0025144515 5.564545e-06 2.9677219e-07 7.409981e-07 1.0058266e-06 0.00032234922 0.0002727531 3.8609082e-06 1.51786435e-05 1.3812407e-07 1.7082164e-06 9.204645e-06 0.00012417352 2.5762728e-07 0.00068398914 0.00055812893 0.00020452104 0.016566198 5.1685527e-07 1.088978e-07 2.2050115e-07 3.529117e-05 7.4861214e-06 5.1446013e-06 4.6683516e-07 0.00045419458 6.603969e-05 5.472849e-06 4.7958302e-08 2.3162652e-08 0.0038997973 1.2697377e-06 6.287564e-07 1.7579591e-06 0.0010473524 3.3209233e-06 2.4931033e-08
0.9963112 0.075755514 0.024573747 0.12474732 0.010584854 0.094470516 0.9322491 0.00031684726 0.00018100112 0.00081260817 0.9638582 0.0011149775 0.17904639 0.2101694 0.00012462682 2.6057802e-17 0.0016867728 0.0013436356 0.000940804 0.043323357 1.8158406e-05 1.445966e-05 2.361043e-05 2.5937394e-05 1.0124071e-06 7.474084e-05 0.002958373 6.782063e-05 1.4429546e-05 0.003994552 0.39962038 9.2356495e-06 0.00024724376 6.389963e-06 0.035620157 1.2227239e-06 1.0072981e-06 0.079018615 1.3350196e-06 5.5873863e-07 1.9637511e-05 1.5344081e-05 0.0003011283 0.00016887195 0.0025330102 6.969539e-08 7.2888554e-07 0.01788131 0.000103724924 5.47777e-07 1.8758216e-07 9.20742e-06 2.9241895e-07 3.6168162e-09 2.9481896e-07 3.0251826e-08 0.33674315 1.2720028e-08 0.019487357 7.102894e-08 0.00042662735 0.001005361 1.34044145e-08 0.111916475 1.9436122e-07 0.0001003306 0.0037160139 8.715514e-06 1.5444795e-07 3.7384868e-07 0.121235125 3.4469147e-05 2.2398667e-06 0.0004876016 6.761896e-06 1.3156888e-08 9.9314974e-08 1.1535288e-08 0.016236804 0.0007038582 0.17208491 7.163452e-06 0.00072975224 6.3717465e-07 9.9271364e-09 0.00111103 2.3611848e-07 1.13358546e-07 9.228086e-08 0.0002702594 0.00035789434 1.962491e-07 4.6995774e-10 1.810591e-10 0.020809531 6.7771516e-08 3.0513938e-08 3.570232e-06 0.0036515011 4.649196e-06 5.9279675e-09
0.8942572 0.30586007 0.16214567 0.042603977 0.9096173 0.047997788 0.008592393 0.23269996 0.09867582 0.046318132 0.004701069 0.022732917 0.0051859277 0.008493991 0.32652932 0.0016867728 6.281481e-20 0.0004275248 0.97715294 0.0015361448 0.000115656156 0.00089580356 0.0002757512 8.903203e-05 0.0008400454 0.00022912568 8.488889e-05 0.85819614 5.7131356e-06 0.54733276 0.002916795 2.7316713e-05 2.5518058e-05 0.01995262 0.0011677812 5.545299e-06 3.0486044e-06 0.00011804 8.607574e-05 4.744016e-07 0.06255298 2.136468e-06 0.43135843 0.24751942 0.00017475103 1.5194597e-06 1.7573113e-05 4.442321e-05 0.21612503 0.0019646822 5.745194e-07 0.04588474 3.4156674e-05 7.192559e-08 1.2177512e-08 3.5925018e-07 0.0020843 0.00012258075 0.008238776 1.5779484e-07 3.789788e-05 0.22077091 1.6239387e-06 0.0027898462 0.00026284173 8.340488e-05 4.9603863e-05 1.9192981e-07 7.1221585e-08 2.3973987e-05 0.00073507003 2.8951701e-05 3.8594445e-07 2.3344888e-05 7.289206e-06 4.3933283e-06 4.7553426e-06 5.7280107e-07 0.0017138249 0.0022375076 0.00090051803 0.06450906 0.00034841182 5.479839e-07 6.5783667e-07 0.000821335 2.0613663e-05 1.2929271e-05 1.5993895e-07 0.0027749692 0.00017267476 7.059529e-05 1.8939273e-08 5.712716e-08 0.00474656 4.4039452e-06 4.8145093e-06 1.151696e-05 0.0009134678 3.853597e-05 8.7170395e-07
0.9803971 0.0056300038 0.099633165 0.025576362 0.0025885943 0.3055121 0.0038347917 0.004232496 0.00845414 0.1186622 0.00022062579 0.7246762 5.0030303e-07 0.6513571 0.003987541 0.0013436356 0.0004275248 4.1851408e-17 1.8859914e-06 0.8490741 0.067994 0.0049337666 0.30033222 0.67866963 0.0025126727 0.7574337 2.514076e-06 0.000106983745 0.037217915 3.4924299e-06 0.1108064 0.0123720495 0.8860484 0.00022296497 0.28026313 0.009017681 0.011674723 0.063107125 0.0016673686 0.03193735 0.00020257675 0.5205614 0.0001603988 1.4886866e-05 0.32992104 0.0019418336 0.0014140647 1.6730666e-05 0.00010103807 2.6612663e-05 0.0057485956 1.4167698e-05 0.0014499001 0.0044367407 0.08645971 0.029304331 0.020799257 4.4890305e-05 2.5253808e-05 0.04467911 0.1344972 0.0016972166 8.773527e-05 0.008383507 2.3895793e-06 0.087625176 1.7832629e-07 0.02746837 0.0065222336 1.792823e-06 0.019836308 0.01441358 0.010575873 1.2571421e-07 0.017969556 0.0008984362 1.3198356e-05 0.0010878197 0.04422416 0.05409721 0.0019009132 0.00044702762 1.2353938e-07 0.0012630392 0.00078831014 9.800135e-06 3.6594993e-05 1.3704265e-05 0.0019645782 3.434652e-05 0.02662174 0.0001389255 0.0010854084 0.0009169237 0.037578743 3.7501675e-05 0.004439348 2.6418395e-06 0.03895247 1.0981933e-05 0.00026182123
0.39765114 0.3342703 0.09506793 0.01940311 0.7784724 0.010429295 0.0058622677 0.025631823 0.008596898 0.0029154324 0.0046992535 0.00061506906 0.005262568 0.0011260733 0.03325641 0.000940804 0.97715294 1.8859914e-06 4.2157092e-19 1.225434e-05 1.4569677e-07 3.459079e-05 9.891264e-07 1.2026337e-06 4.6323094e-05 3.179381e-06 0.00020711786 0.56354326 5.5218834e-08 0.9646171 0.0003672959 2.9718285e-07 8.658309e-08 0.002144539 0.00020892096 5.3472075e-08 5.8381925e-08 4.6663088e-05 2.0368288e-06 3.3350084e-08 0.009647601 3.0772508e-08 0.290349 0.43943954 1.4747902e-05 1.008866e-08 5.732382e-07 0.00025705536 0.2475936 0.00023270704 2.7073478e-08 0.014296729 1.122119e-06 1.2262674e-09 2.638538e-10 6.2345826e-09 0.0007443579 1.2876229e-06 0.043266132 1.9608222e-09 4.6002096e-06 0.18925908 1.8989224e-08 0.0017918292 6.7389745e-05 5.674269e-06 0.00017177699 1.4937535e-07 2.364726e-08 4.1473808e-07 0.00058319746 4.0268565e-06 8.346045e-08 8.86637e-05 1.4342953e-06 3.4383518e-07 1.3116605e-07 6.0367775e-08 0.00095461885 0.00047881188 0.0006563954 0.01999403 0.00096187345 2.6110075e-07 1.15325115e-07 0.002027044 2.5490513e-06 1.0383646e-06 2.4839851e-08 0.0014043938 3.9248232e-05 1.2347225e-05 3.3660244e-10 9.502901e-10 0.0026001725 1.2894036e-06 1.16931936e-07 7.817657e-06 0.00048221814 1.7200346e-05 7.41448e-08
0.97522205 0.027711378 0.15328604 0.09430302 0.0067704595 0.4446597 0.036344927 0.0037705894 0.0064021205 0.057999216 0.0033658536 0.49964064 1.6539267e-05 0.8209171 0.0017310824 0.043323357 0.0015361448 0.8490741 1.225434e-05 6.6136877e-22 0.017456815 0.0010517575 0.10215555 0.2473815 0.00074077345 0.3613897 1.9188856e-06 1.065602e-05 0.00795171 6.8357795e-06 0.50301117 0.0013309505 0.8014612 5.03235e-05 0.7341207 0.0011022252 0.0012369973 0.35579103 0.000118701515 0.0032912374 2.9522584e-05 0.14615314 6.0517013e-06 4.2621843e-05 0.7116479 0.0006795143 0.0004909322 1.3737703e-06 0.00010758893 1.9480714e-05 0.0008947697 4.5714414e-06 0.00119812 0.00012235813 0.01301943 0.0037092743 0.3076704 4.549153e-06 9.8431505e-05 0.0066892905 0.22175935 0.0002077408 0.00017456697 0.087930836 1.1309367e-05 0.12745331 3.3080328e-06 0.016268281 0.0048920857 8.212774e-06 0.09678484 0.023698248 0.0024225432 2.8060106e-06 0.021420244 0.0008051334 0.00010894283 0.00025450092 0.11778714 0.1355339 0.034529425 0.008392527 4.649289e-06 0.00083800545 1.4467839e-05 2.6039032e-05 2.2935576e-05 3.6972713e-06 0.0003799845 0.00067904464 0.050070163 0.00029743763 0.0003040756 0.00022687887 0.07305076 2.313584e-05 0.0033342931 4.659796e-06 0.08916222 0.00012438472 1.8724311e-05
0.91234916 0.0002150436 0.02156566 0.0005121364 0.002350965 0.03125818 4.829982e-05 0.0341198 0.060305532 0.8004773 6.9945886e-06 0.74025387 3.1200933e-08 0.01775631 0.033006925 1.8158406e-05 0.000115656156 0.067994 1.4569677e-07 0.017456815 4.1005404e-20 0.27511373 0.87324226 0.35372388 0.19718823 0.112591796 1.8240307e-07 0.0015099748 0.937885 4.015375e-08 0.00010428961 0.7454053 0.11006148 0.014692473 0.00695481 0.80619156 0.648624 0.0001530288 0.4228113 0.56227744 0.004608738 0.028949648 0.00030976644 4.870908e-06 0.0025110415 0.36822385 0.23565727 7.191722e-08 2.6474423e-05 0.000596312 0.4556985 7.354519e-05 0.13235801 0.15230705 0.00090056437 0.028680732 0.00017950266 0.010709184 2.7346345e-09 0.0016342339 9.711844e-05 0.00030546667 0.030544732 0.0005305836 6.434719e-05 6.2114326e-05 2.7562455e-09 1.2609228e-06 3.0859821e-06 2.3927436e-05 0.00025559476 7.0813194e-06 5.6340423e-06 3.9224988e-09 3.3894805e-05 0.028437877 0.00030226944 4.6386267e-05 0.0006458628 0.00033959697 8.434273e-05 0.00037832753 2.7498409e-08 2.4392345e-06 0.00032328666 2.412483e-07 0.0013439783 0.0009428429 2.3457937e-06 2.5688478e-06 9.163799e-05 0.0010344941 2.6278846e-07 1.2722789e-07 0.0044304132 0.00053903623 1.1597557e-06 1.0423675e-07 0.0007893431 8.091498e-07 2.1830883e-06
0.635083 0.00072257663 0.008727667 0.00082406466 0.007348791 0.0065168645 1.7162938e-05 0.2826287 0.42158282 0.73908806 1.8854374e-06 0.09677806 1.2581174e-07 0.00096589554 0.41619635 1.445966e-05 0.00089580356 0.0049337666 3.459079e-05 0.0010517575 0.27511373 2.376998e-20 0.018645993 0.0049805897 0.988207 0.004225734 2.3754922e-06 0.01116268 0.010476837 1.7340252e-06 5.430277e-05 0.011009849 0.002787834 0.6012384 0.00018532542 0.29838514 0.004592147 1.0699124e-05 0.566305 0.0019863301 0.034695707 0.00025663085 0.0019683102 0.000147999 0.00012974287 0.075205885 0.10034462 1.8315541e-07 0.00024596864 0.005504064 0.002171344 0.00023473131 0.04433539 6.153616e-05 4.904957e-07 2.6198923e-05 5.0452327e-05 0.05026995 6.231602e-08 6.334446e-06 3.5031193e-05 0.001278848 0.031061623 3.813186e-05 0.0002582409 2.3117358e-05 7.151084e-08 2.4736337e-06 1.0006381e-06 0.00017330564 5.100223e-05 1.0598989e-05 2.1819884e-05 1.4239542e-07 9.75344e-06 1.6189619e-05 0.00021156455 2.506855e-06 0.00049115793 0.00050756487 2.1260314e-06 0.0001352498 3.741954e-07 2.5246188e-06 9.308805e-06 7.0376796e-06 0.00010175635 6.292021e-05 6.072468e-06 1.2936894e-05 7.7608114e-05 5.2907177e-05 1.9530101e-07 2.7248726e-07 0.002102747 1.7331993e-05 7.271318e-07 3.4795923e-07 0.0003143075 2.282092e-07 1.2303586e-06
0.95523995 2.9828952e-06 0.0011945046 5.7015564e-05 0.00037692944 0.02383851 4.6587206e-06 0.007473785 0.017984137 0.18261985 1.7586684e-06 0.62457407 4.8960076e-09 0.03303468 0.011242074 2.361043e-05 0.0002757512 0.30033222 9.891264e-07 0.10215555 0.87324226 0.018645993 4.8484434e-14 0.66701204 0.031108987 0.50056136 2.5991703e-08 0.0007990571 0.8292271 1.9253766e-06 0.0001092901 0.5742427 0.33677056 0.0076559037 0.036148928 0.35001734 0.5349861 0.00075329666 0.06586917 0.7316448 0.0012929296 0.47697783 0.00022684038 9.631521e-06 0.04529513 0.1087316 0.04548357 7.339345e-08 0.00018458109 0.00058957556 0.44263658 4.6627723e-05 0.048533794 0.27324855 0.13527244 0.38864043 0.0002915823 0.0051425756 1.4529022e-07 0.109418266 0.0072025103 0.0020647396 0.014494627 0.000728741 5.5483222e-05 0.0044899606 9.1720906e-08 0.00040466024 0.00043635647 5.2047453e-05 0.0004970352 0.00036368225 0.0034957423 2.5277215e-08 0.002371401 0.17594068 0.0012820559 0.010598738 0.0040795347 0.0043026423 3.7778187e-05 0.014372436 2.027595e-07 0.000544615 0.025533164 5.9150498e-06 0.0027909735 0.0013837662 0.0005038972 0.00034124736 0.0048450474 0.004755729 6.153645e-05 2.167268e-05 0.020485999 0.0029305604 0.0004502118 1.7112768e-06 0.01149119 1.4527118e-06 0.0011074044
0.92620164 0.00059675745 0.057441186 0.00092767103 0.0015440033 0.032346454 3.8738406e-05 0.001954212 0.004439384 0.100471266 1.5412168e-06 0.48472142 8.076037e-08 0.1623393 0.005161812 2.5937394e-05 8.903203e-05 0.67866963 1.2026337e-06 0.2473815 0.35372388 0.0049805897 0.66701204 1.4115048e-18 0.0074971896 0.9800067 1.0826434e-06 0.00010059138 0.36592442 8.179378e-07 0.0031229649 0.11119516 0.37656653 0.0006154056 0.029824285 0.04449352 0.14487894 0.002412436 0.007967572 0.3835627 0.0007825355 0.45075926 4.213006e-05 1.39218e-05 0.062807195 0.018939193 0.009092808 1.5110077e-06 9.842644e-05 8.625061e-05 0.08936088 1.0883302e-05 0.0061374395 0.11686141 0.23914687 0.24108665 0.0015145604 0.00027874796 3.3760438e-07 0.19207774 0.017686585 0.0011708678 0.000607458 0.0008137075 0.00017950797 0.017739983 1.0529382e-07 0.005759716 0.0028901068 5.6811426e-05 0.0023735303 0.0031677263 0.0057697436 1.001039e-06 0.004614963 0.056048457 9.886541e-05 0.008185907 0.006195099 0.007594293 0.00013677623 0.0024874192 3.5102286e-07 0.0016539771 0.022832286 1.6282818e-05 0.0015640684 0.0007566443 0.0014200947 0.00059761805 0.006658546 0.003908974 0.00028593442 0.00023465703 0.011101471 0.0028108105 0.0032157747 2.202059e-05 0.008023628 3.6476493e-05 0.0023227346
0.5301198 0.0007298009 0.009340463 0.00077626767 0.010402302 0.006912055 4.027963e-06 0.18158422 0.31409216 0.6326023 9.825546e-07 0.10751356 1.01503325e-07 0.0008041139 0.33770502 1.0124071e-06 0.0008400454 0.0025126727 4.6323094e-05 0.00074077345 0.19718823 0.988207 0.031108987 0.0074971896 7.729281e-18 0.0046836636 2.408398e-07 0.02989454 0.010818952 2.1190417e-06 5.125879e-06 0.010890296 0.00090925035 0.7414176 2.2236856e-05 0.31814784 0.003096579 1.7766317e-06 0.8269373 0.0018130416 0.07731262 0.0010250272 0.0032163374 0.00018790722 1.2800547e-05 0.14724696 0.20224416 2.2045453e-08 0.0006489337 0.015989153 0.001655186 0.0004235415 0.17030455 0.00011418081 3.068828e-06 5.0835813e-05 3.219228e-06 0.2817805 7.481218e-08 2.9369705e-05 6.269144e-06 0.0016662716 0.18748018 0.000102658654 0.0005014079 2.8276222e-06 1.0362654e-08 7.999613e-06 2.7561894e-06 0.001497352 0.00011578637 2.2828856e-06 2.2569271e-05 1.0577463e-08 2.925915e-06 7.5939126e-05 0.0011381552 5.7113216e-06 0.00029362636 6.479944e-05 4.4617045e-06 0.0017209247 3.7790864e-09 1.8597094e-06 7.983448e-06 3.675776e-06 0.00022671754 0.0001710264 8.559866e-07 2.5675434e-05 3.3750478e-06 4.3403954e-05 1.9472077e-07 1.1666361e-07 0.0012360304 2.3842425e-05 1.3498988e-06 1.626517e-07 5.4234508e-05 1.6496583e-06 1.2061921e-06
0.9263368 0.00047226448 0.04266817 0.0016152506 0.0012093234 0.024296956 4.582959e-05 0.0016694488 0.0038043289 0.07600534 3.995226e-06 0.40641573 3.1405082e-07 0.17862497 0.0010362804 7.474084e-05 0.00022912568 0.7574337 3.179381e-06 0.3613897 0.112591796 0.004225734 0.50056136 0.9800067 0.0046836636 2.2697867e-17 1.7818544e-06 4.5824e-05 0.13508084 2.293913e-06 0.011795578 0.03394788 0.44096065 0.00033871946 0.04677689 0.015127409 0.056529183 0.0041908524 0.0019595448 0.13880672 0.00020800505 0.8143212 4.3197644e-05 1.4350378e-05 0.09111489 0.0043038246 0.0023020296 1.3311796e-05 4.529302e-05 2.6188103e-05 0.015788179 2.9963696e-06 0.0010192603 0.033473387 0.29760882 0.14623138 0.008941674 0.00034479174 9.70721e-06 0.25452775 0.07127932 0.0030185706 0.00017783997 0.0016390192 2.7871683e-06 0.08117101 6.130876e-07 0.050461836 0.018625403 9.160038e-06 0.008998927 0.039035168 0.042878613 2.0541315e-06 0.039282277 0.009906658 3.065638e-05 0.011874155 0.043988485 0.07143866 0.00045614995 0.0025796439 2.9225405e-06 0.022161031 0.011617462 0.00020338222 0.0010606886 0.0006654714 0.013639939 0.0013173113 0.03245947 0.0021907021 0.0031708847 0.0028476128 0.028007116 0.0016539654 0.038458157 2.839985e-05 0.02376525 6.842572e-05 0.002868558
0.43846 0.0003640374 3.314192e-05 3.6789304e-05 6.1659346e-05 1.4853723e-05 0.00031118593 1.0495376e-05 2.2793156e-06 1.2889467e-07 0.0071256757 5.128521e-07 0.99565697 1.5287978e-05 1.9715686e-05 0.002958373 8.488889e-05 2.514076e-06 0.00020711786 1.9188856e-06 1.8240307e-07 2.3754922e-06 2.5991703e-08 1.0826434e-06 2.408398e-07 1.7818544e-06 6.835372e-16 4.2386755e-06 4.1237405e-07 0.04071269 7.306087e-05 3.4920201e-06 1.776636e-07 1.8006418e-06 3.3813867e-05 1.6951871e-07 1.1199755e-06 9.579786e-05 7.410303e-06 6.8091254e-07 4.379144e-06 1.3366866e-07 1.36453045e-05 0.00036093086 4.3669074e-06 8.2463686e-07 5.438188e-06 0.931846 0.000101689126 1.8548837e-07 1.70569e-06 4.731965e-07 3.3037562e-05 6.3973657e-06 2.3691504e-08 2.3446138e-07 0.0013298023 2.7107374e-08 0.3262761 5.1407707e-08 1.069367e-06 0.009544224 2.3787645e-07 0.02368756 1.5468055e-07 9.30045e-07 0.09423553 9.44956e-07 1.3233746e-07 2.5977417e-07 0.0027317093 5.3560495e-07 4.2924732e-08 0.003040691 5.130639e-07 2.896642e-05 1.3246197e-05 3.5234632e-07 0.00064914266 3.9927145e-05 0.08840598 6.044086e-05 0.00093866256 2.1324225e-07 2.5164445e-07 0.00021119625 1.0678536e-06 6.6906966e-07 2.5460517e-07 2.950458e-06 2.6887526e-06 2.581375e-06 5.0072327e-08 3.314374e-08 0.00559597 2.884697e-07 3.321213e-07 1.2858116e-08 3.6442525e-05 7.8799445e-07 2.436455e-07
0.55935115 0.061234687 0.066003166 0.0051683364 0.51408505 0.0055366964 0.00020248191 0.44832495 0.45256218 0.1582115 0.00020163751 0.02985286 5.9112917e-05 7.118509e-05 0.9151783 6.782063e-05 0.85819614 0.000106983745 0.56354326 1.065602e-05 0.0015099748 0.01116268 0.0007990571 0.00010059138 0.02989454 4.5824e-05 4.2386755e-06 1.4862297e-18 5.8918296e-05 0.17480604 7.5816356e-06 8.9605295e-05 3.3779813e-06 0.78170544 6.603424e-06 0.00026336138 2.3995533e-05 5.364569e-06 0.00090847973 1.3568691e-05 0.9114567 3.2118853e-05 0.9257502 0.20634145 2.275697e-06 9.418448e-05 0.00042434767 2.7141832e-06 0.52099663 0.34507698 1.3601274e-05 0.7812019 0.00011870922 2.3183547e-07 1.7777289e-07 3.4802977e-06 3.140011e-05 0.0032735511 0.00018839331 5.588389e-07 5.148783e-06 0.10999011 4.8055666e-05 0.0007446333 0.076290935 1.4602966e-05 7.3886287e-07 1.9094605e-06 2.6690896e-07 6.3856656e-05 0.00012448026 1.120241e-05 1.0625961e-05 3.657561e-08 1.00443995e-05 1.2206831e-05 5.9008125e-06 2.3978412e-06 0.00047474992 0.00013714981 3.241967e-05 0.24428281 3.4609926e-07 8.691522e-07 3.9347023e-07 0.00014824154 4.3060305e-07 2.0970592e-07 4.340772e-07 0.0015639311 2.1854223e-05 3.5188548e-06 1.719094e-08 1.3929848e-07 0.0011265766 3.500945e-07 3.0396598e-06 3.2911444e-06 0.00018204933 3.1166514e-05 3.6395409e-06
0.84532106 4.4062035e-05 0.0034540095 0.00023010913 0.00071014254 0.0036027578 4.1392746e-06 0.0016599273 0.0032960384 0.24588738 2.2393433e-06 0.30753034 1.0579629e-07 0.0016042665 0.0033328373 1.4429546e-05 5.7131356e-06 0.037217915 5.5218834e-08 0.00795171 0.937885 0.010476837 0.8292271 0.36592442 0.010818952 0.13508084 4.1237405e-07 5.8918296e-05 7.626911e-19 9.814931e-08 7.5051976e-05 0.84618837 0.074012354 0.0020006807 0.0022242416 0.5086422 0.8748743 4.27805e-05 0.11891029 0.76733065 0.00055700936 0.0598768 3.033522e-05 7.1108248e-06 0.0025154469 0.25061086 0.09971499 2.0615724e-07 3.4084303e-05 7.083018e-05 0.5177193 4.2137194e-06 0.09738608 0.31225014 0.008808522 0.0995728 5.7147852e-05 0.0018267962 1.5549817e-07 0.008697978 0.0005582439 0.0037145135 0.016946977 0.0005077893 3.052807e-05 0.0006222686 2.143322e-07 4.1207335e-05 0.00013422224 1.1312473e-05 0.00013959606 7.0227994e-05 0.00026488985 2.4784802e-07 0.00032725444 0.1665626 0.00021446258 0.0008265443 0.0012502653 0.0007822348 0.00010015335 0.000581399 1.2099687e-06 3.6721936e-05 0.0021610404 7.423148e-06 0.0025389683 0.0011783851 7.926289e-05 0.00018401496 0.00038642474 0.0032391825 4.2809763e-05 2.1391423e-05 0.005134916 0.0019704974 3.3549863e-05 1.2998462e-06 0.0012300021 2.1952546e-05 5.8361915e-05
0.5557344 0.53156835 0.046973735 0.033056058 0.4678698 0.008028247 0.029786967 0.0063562836 0.0037999484 0.00024413153 0.03986551 0.0001353778 0.111537054 0.000119691045 0.007777201 0.003994552 0.54733276 3.4924299e-06 0.9646171 6.8357795e-06 4.015375e-08 1.7340252e-06 1.9253766e-06 8.179378e-07 2.1190417e-06 2.293913e-06 0.04071269 0.17480604 9.814931e-08 1.0556726e-19 0.00039394258 4.1510253e-07 2.7920328e-07 5.1563627e-05 0.00036049707 1.2522823e-08 1.5395133e-07 0.00018627555 4.6355666e-07 9.304933e-08 0.0015390393 2.362455e-07 0.16532286 0.8821522 4.3327233e-05 8.269553e-09 3.2990272e-07 0.12586558 0.6435455 2.6366859e-05 9.352226e-08 0.012805938 1.4655792e-06 8.625142e-09 4.050186e-09 6.1060156e-08 0.0013245054 8.450854e-08 0.8693755 1.39776e-08 2.7081913e-05 0.8547801 2.8758782e-08 0.011013514 0.00011296426 6.889567e-05 0.09649144 1.693232e-07 1.3853545e-08 1.0144445e-06 0.001698142 3.423021e-05 1.0606279e-07 0.013094784 5.866909e-06 1.0366074e-06 1.2667708e-06 5.171033e-07 0.0018756508 0.0006186907 0.004551182 0.11928238 0.018202366 6.250992e-07 4.596344e-07 0.18689767 3.629397e-07 1.5811027e-07 2.9552002e-08 0.021011185 0.00017968731 4.755506e-06 4.5055986e-09 3.0547693e-09 0.0085674785 1.5051577e-07 8.031811e-06 4.520732e-05 0.0015084642 0.00047241405 4.3545333e-07
0.96754104 0.03649496 0.115484014 0.16894767 0.0028347017 0.42497036 0.25009868 0.00046762257 0.0005826402 0.0028089227 0.043552462 0.0062062573 0.00074380153 0.7016833 0.0001402435 0.39962038 0.002916795 0.1108064 0.0003672959 0.50301117 0.00010428961 5.430277e-05 0.0001092901 0.0031229649 5.125879e-06 0.011795578 7.306087e-05 7.5816356e-06 7.5051976e-05 0.00039394258 5.4571092e-21 2.1621625e-05 0.041958347 1.4623528e-06 0.6275423 2.117993e-06 1.2441752e-05 0.9594095 1.0211837e-06 8.611253e-05 1.1280499e-05 0.00026704583 1.3615226e-05 3.6977508e-06 0.23584208 7.878227e-06 7.397967e-06 0.00092256936 9.921818e-07 6.3822074e-07 6.101452e-06 1.7426198e-07 3.4199552e-06 7.050816e-07 3.1066036e-05 1.4492523e-06 0.546885 3.3532234e-07 0.008342593 9.761993e-06 0.047521327 0.00011351872 2.772784e-07 0.057435397 1.05878854e-07 0.018011305 0.00037609518 0.0003839772 6.183589e-05 8.2450237e-07 0.26017997 0.0027256592 9.099304e-05 0.00043983693 0.00048950093 1.8151044e-07 2.4030512e-06 1.1904422e-06 0.031882767 0.017212993 0.04322495 1.5924523e-05 0.00033971763 9.4984214e-05 8.605882e-07 0.00028288036 2.2276037e-05 1.7711319e-06 5.329613e-06 0.0012161784 0.0031277593 2.0268042e-05 5.8632594e-07 2.686506e-07 0.013836845 1.4630112e-06 2.2245871e-05 4.2430397e-06 0.0140624875 1.2158953e-05 2.9001178e-06
