3.303366e-31 0.92270947 0.8119138 0.311782 0.46777478 0.39207911 0.45578527 0.36563998 0.4883134 0.8410852 0.71856254 0.74566513 0.17713675 0.33918944 0.19523828 0.52326983 0.415268 0.6669351 0.37514314 0.5279321 0.122167505 0.25214127 0.3665819 0.805861 0.6196761 0.8323277 0.21618469 0.92088544 0.14244501 0.03045813 0.049373094 0.04563215 0.24572156 0.010822693 0.9931624 0.003250688 0.7296803 0.01189218 0.31649035 0.7550446 0.007325623 0.8646246 0.9088428 0.81766737 0.002230575 0.6363668 0.0077609112 0.90978557 0.94244564 0.95335346 0.047988415 0.67426944 0.8921971 0.9805993 0.030706808 0.0013361438 0.000985603 0.993238 8.7539614e-05 0.024634622 0.5461198 0.96641284 0.0017899413 0.8561497 2.9593592e-05 0.9333453 0.9056431 1.3241605e-06 0.0007126793 0.98072815 0.9855621 0.93727 0.0022682145 0.00015242245 0.55687505 2.8820862e-06 0.0009833938 0.9226713 1.4870327e-06 0.5724537 0.108036175 0.057176147 0.006075153 0.0012719921 5.224313e-07 5.5712593e-07 1.3488544e-07 0.23176542 0.005585933 5.53508e-06 3.5957084e-06 0.9881613 0.9987681 0.99956584 2.9815936e-07 1.7784268e-06 0.00059876096 1.2783882e-07 0.9949077 0.99935085 0.009231053
0.92270947 1.3846037e-20 0.7637055 0.71280104 0.97487 0.4265498 0.3251505 0.43927586 0.32887113 0.044235907 0.4640868 0.14840597 0.019286325 0.42294952 0.0066824784 0.03522458 0.31550634 0.18108532 0.0066125593 0.0021575508 0.104895435 0.0032538755 0.009465263 0.20060983 0.27218872 0.0012059127 0.03362472 0.04561717 0.018145345 0.0076057413 0.089498244 0.0018502108 0.0014345745 0.017415967 0.02899096 0.009741608 3.3566503e-05 0.025865354 4.0475377e-05 0.0004992212 0.012617805 0.00095460843 0.17445727 3.4866513e-05 0.0020968595 0.0001745563 0.00015001428 0.0007933251 3.139999e-05 0.0019604794 3.299905e-05 1.4241831e-06 0.00019548168 0.12866583 0.011321692 0.002278201 0.00026134079 0.01021937 0.0001752482 5.9490987e-05 6.303123e-06 0.048550203 0.0030985097 3.6467816e-06 6.708363e-05 0.0455012 0.010654227 1.5888236e-05 4.6109373e-05 0.065109834 0.027414747 0.027867215 3.7044892e-06 1.4817093e-05 0.014893618 1.4554561e-06 2.0065392e-05 4.8838247e-06 3.4148496e-07 9.579521e-07 4.043042e-06 2.10315e-05 1.9133498e-05 2.0309187e-06 5.2097013e-05 5.1611845e-05 1.3173909e-05 1.0924476e-06 2.4508445e-06 5.776851e-07 1.1008372e-06 0.0046871356 0.0009849438 0.011159232 2.9856201e-07 1.24439475e-05 2.4076564e-07 4.6133917e-07 0.0008193928 0.044853292 3.2461463e-07
0.8119138 0.7637055 4.658854e-21 0.09901718 0.100286745 0.008827156 0.28436077 0.014178518 0.6284839 0.6172948 0.9694879 0.0009276697 0.0018707534 0.1874537 0.0002828448 0.19491564 0.058839265 0.07679668 0.14090207 0.13410945 0.07832202 0.104643494 0.07358125 0.14057302 0.18475574 0.09377334 0.0037156488 0.34740862 0.00080668094 0.06709411 0.041254327 0.04246045 0.0012445984 0.013278279 0.19810672 0.001283636 0.0052364357 0.028813247 0.012184049 0.01630375 0.023322297 0.0010058702 0.028773148 0.0011893591 0.0032199223 0.0018707801 1.8751588e-06 0.009195517 0.0006889699 0.01642892 0.0010785996 0.00024353879 0.0025760704 0.046761177 0.023103535 0.0009272743 9.2526854e-05 0.08638216 1.32460955e-05 0.00080808724 4.5476714e-05 0.023611458 0.00982195 0.00015756651 7.880982e-05 0.03584249 0.0092393635 2.5144332e-06 0.0005126199 0.10976149 0.023083368 0.036853034 1.4583286e-05 0.00011908159 0.009108477 1.0390264e-06 2.076769e-05 0.00030754085 2.781885e-07 5.69623e-05 8.506665e-06 7.0906004e-05 5.378485e-05 7.957536e-06 1.0739656e-05 2.2723887e-05 3.3943004e-05 6.216336e-06 5.880829e-06 2.7155477e-06 0.00020534286 0.0027275207 0.008417917 0.027101487 3.2183102e-06 5.886393e-05 5.167926e-07 4.9583168e-08 0.0070423563 0.024016237 1.087061e-06
0.311782 0.71280104 0.09901718 5.577982e-21 0.67210454 0.9682819 0.12746152 0.75738984 0.041826073 0.00073425384 0.026903747 0.6427835 0.20648438 0.04394886 0.09422614 0.0012746856 0.14388244 0.14568771 0.0004912165 5.8456444e-05 0.01075213 0.00014091007 0.00022472591 0.031676367 0.02371481 3.4989327e-05 0.1540287 0.00038449187 0.068395324 0.0003817392 0.0038187776 5.825026e-05 0.018298468 0.0014616181 0.00037413745 0.010554155 1.2136443e-05 0.0004093871 3.2255646e-06 4.9836085e-06 0.0003957198 0.0059769778 0.2375525 1.811163e-06 0.00017274378 3.7770417e-06 0.0016112406 1.0235331e-05 3.8974395e-06 8.019814e-05 3.412333e-07 2.535122e-07 1.2313641e-05 0.07712443 9.9659344e-05 7.263971e-05 4.967655e-06 0.0004922188 0.0005586604 1.5579927e-06 1.6455972e-07 0.026314868 0.00010885145 3.0456678e-07 7.436228e-06 0.018613053 0.018123433 7.668285e-06 3.321172e-05 0.00763033 0.011887077 0.0047233542 3.7120483e-07 1.9644893e-05 0.016245205 2.328924e-06 2.9637482e-05 1.1081326e-06 8.755698e-07 5.3540045e-08 7.402314e-08 1.3200318e-07 1.1635179e-06 4.8362394e-06 2.3891557e-06 5.446425e-06 3.352301e-06 2.154301e-06 4.0002587e-06 1.4176272e-06 1.1121684e-06 0.013734026 7.972899e-05 0.0013884438 2.1227552e-06 1.0398884e-05 2.3057526e-06 3.8253512e-07 0.00030204927 0.0274722 1.0420351e-06
0.46777478 0.97487 0.100286745 0.67210454 3.7496992e-20 0.4623438 0.035053138 0.20626256 0.020343041 0.0034612722 0.019659428 0.5314829 0.031908292 0.6449209 0.014198273 0.009081663 0.8592198 0.020131331 0.001931185 0.0002612294 0.20798637 0.00062535115 0.0012543156 0.009838811 0.010649564 4.5572273e-05 0.013565685 0.00215611 0.17605141 0.001165302 0.1325409 0.00023040225 0.0023929467 0.03732237 0.00041437935 0.11709059 8.801556e-06 0.014621591 2.564136e-06 9.697527e-05 0.00814711 0.00081886596 0.018090323 6.836822e-06 0.0051065767 4.702342e-05 0.008109788 0.00014606344 1.8109324e-05 9.520886e-05 2.2868164e-06 8.780985e-07 0.00013731235 0.0075027 0.0003082223 0.0151940975 0.001150832 0.00037988558 0.004344707 1.6222693e-05 3.1843579e-06 0.008822187 0.00349744 1.6678247e-06 0.00088990404 0.0063519776 0.006116297 0.00027006026 3.8188886e-05 0.004779351 0.005052506 0.0021887715 5.480864e-07 1.3317649e-05 0.0039778426 3.7311107e-05 8.6884265e-06 5.840788e-06 1.5599799e-05 1.7542728e-06 5.6057766e-06 1.3874039e-06 3.023934e-06 7.068634e-06 0.0002351234 0.00015054127 5.140244e-05 1.8083007e-05 1.2625141e-05 1.7601935e-06 1.6047851e-06 0.005444587 9.913221e-05 0.00016461272 3.6224417e-06 2.6451686e-05 2.7255155e-06 2.4071248e-06 0.00010056846 0.0040154695 2.3833231e-06
0.39207911 0.4265498 0.008827156 0.9682819 0.4623438 1.8721498e-21 0.0655872 0.8366703 0.021117179 5.7212143e-05 0.0030801678 0.9021751 0.43915293 0.060136504 0.26537514 0.00023090006 0.19624546 0.08688327 2.7310958e-05 4.4338663e-06 0.01335266 6.15285e-06 2.18326e-05 0.012024267 0.005112183 3.6787462e-06 0.14703828 5.9468235e-05 0.2635125 9.149652e-05 0.005736468 1.3008849e-05 0.032728948 0.0018739131 5.5279248e-05 0.014311877 1.5744963e-06 0.00061147136 8.295731e-07 3.9401452e-06 0.0006037636 0.014261072 0.15357085 4.974679e-07 0.00033328467 1.6809971e-06 0.00907793 8.089935e-06 1.2774383e-06 1.6918797e-05 1.5253565e-07 2.1168864e-08 2.4067047e-06 0.045373835 3.7744187e-05 8.232516e-05 4.854237e-06 0.0001253555 0.0006342417 4.0328538e-07 3.9411066e-08 0.027030708 2.1002998e-05 1.0988611e-08 1.3859302e-05 0.020888336 0.011264809 1.1803363e-05 2.8453202e-05 0.0044686226 0.004624233 0.002204179 8.549231e-08 1.2749013e-05 0.009297981 8.461201e-06 1.3582103e-05 6.828194e-08 1.0128215e-06 6.87693e-09 2.5707909e-08 4.2668262e-08 1.7639552e-07 2.5481422e-06 2.7142892e-06 5.869657e-06 3.4699412e-06 3.1022898e-07 4.432875e-07 1.4571532e-06 1.1872121e-06 0.017333409 8.186176e-05 0.0006937348 1.1724601e-06 7.300609e-06 6.6276476e-07 7.84831e-07 4.9218455e-05 0.022446658 1.3484635e-07
0.45578527 0.3251505 0.28436077 0.12746152 0.035053138 0.0655872 6.7300243e-21 0.09050631 0.96514475 0.026194165 0.16406766 0.009717446 0.02808852 0.022723645 0.0057908488 0.004059284 0.0076824124 0.9415606 0.0024985757 0.0016323117 0.005642921 0.0014586981 0.0008502731 0.38068476 0.15445885 0.0013391116 0.028234692 0.037225686 0.0029955527 0.0018437544 0.0004024312 0.0017611248 0.0074471114 0.00019612422 0.030717961 0.0007941392 4.019504e-05 0.000496976 9.763715e-06 0.0002785765 0.00020825613 0.0071208486 0.19624032 1.4247897e-05 2.9005676e-05 4.9711605e-05 2.0338814e-05 0.00042457256 3.393627e-05 0.001718173 7.2459056e-07 2.0516297e-06 0.00012488833 0.15851955 6.9057955e-05 6.512711e-07 9.603092e-07 0.019850343 4.4629005e-06 6.7704264e-06 2.3963962e-06 0.041335013 4.523365e-06 4.1387893e-06 7.8831914e-07 0.04643865 0.02329616 4.4705533e-07 1.6616355e-05 0.070485435 0.04451813 0.042150304 7.231313e-07 1.266042e-05 0.04650118 3.010954e-07 5.4826546e-06 2.0150517e-05 3.4372832e-07 4.602485e-07 8.7293347e-07 9.5122454e-07 1.0532239e-06 3.023732e-06 1.0802476e-06 3.88072e-06 3.6285787e-06 1.617111e-06 5.616158e-06 1.7964499e-06 6.891554e-06 0.019231347 0.0018644875 0.021205066 4.407403e-06 9.5449686e-05 6.977084e-07 7.553825e-07 0.003620052 0.06783815 3.140784e-07
0.36563998 0.43927586 0.014178518 0.75738984 0.20626256 0.8366703 0.09050631 1.3398825e-18 0.030198025 9.5975185e-05 0.006371951 0.69717264 0.80960315 0.013767129 0.6811564 0.00028029006 0.023686437 0.50433785 7.309739e-05 1.2605891e-05 0.0013240534 1.6739046e-05 2.6067853e-05 0.022554412 0.01276926 6.0967986e-06 0.9306692 0.0004923963 0.027495805 0.0002809406 0.00036987488 7.509185e-05 0.1656264 0.00021312425 0.0004964594 0.00062948425 1.9456086e-06 0.00032494002 2.342917e-07 1.9200252e-05 7.434962e-05 0.0621457 0.56931067 5.7816274e-06 1.8924316e-05 1.0371262e-05 0.00018581354 8.8568384e-05 1.3313242e-05 9.724681e-05 1.2911846e-07 1.3626553e-07 1.7525097e-05 0.11559829 2.67838e-06 5.193537e-06 5.7020674e-07 0.0006477917 2.77789e-05 8.5447607e-07 3.8440828e-07 0.10680321 5.79366e-06 3.8359488e-07 1.6211217e-05 0.0652529 0.047262434 4.065172e-06 4.3991563e-06 0.017513236 0.008921075 0.0058566877 1.8360012e-07 3.4817517e-06 0.04988946 8.296519e-06 8.543828e-06 1.7300574e-06 8.6910904e-07 3.6256054e-07 4.0635888e-07 5.925167e-08 3.3098144e-07 2.3159098e-06 5.5512564e-06 7.3237397e-06 1.9926574e-06 7.487643e-06 3.092257e-06 1.9009138e-06 3.1387955e-07 0.0450773 0.0007765105 0.0022710036 1.371898e-06 1.42368e-05 3.1125862e-06 1.0397722e-07 0.00053677376 0.09993188 1.8920175e-06
0.4883134 0.32887113 0.6284839 0.041826073 0.020343041 0.021117179 0.96514475 0.030198025 6.59455e-19 0.03940766 0.6477729 0.0013106721 0.0046762703 0.020035757 0.0008361688 0.009779292 0.004487456 0.76447093 0.0038080618 0.0042064725 0.005272894 0.0038064283 0.0017980285 0.6566076 0.5252852 0.00617117 0.01514479 0.093884 0.0001959911 0.0022181557 0.00092510413 0.0016458792 0.0019027732 0.0009566238 0.06420427 0.0001261137 0.0007011269 0.0007762073 0.00034941058 0.0022724215 0.00031316574 0.0013334596 0.11345566 0.0005502644 4.320271e-05 0.0004718121 1.0825793e-06 0.0022361372 0.00013873313 0.004970359 2.9508648e-05 1.9923145e-05 0.00067844236 0.08526213 4.8785718e-05 5.1428797e-06 2.1813944e-06 0.03189105 2.0829207e-06 3.2996883e-05 4.7752907e-05 0.04403503 5.5062894e-05 5.3543292e-05 2.162867e-06 0.04368062 0.025405142 3.7189787e-07 2.0365891e-05 0.07159523 0.060715552 0.04558689 3.3618705e-06 9.090262e-06 0.038332317 2.5068704e-07 5.873901e-06 0.00016628552 1.4305462e-07 6.5296795e-06 1.6217016e-05 1.674165e-05 6.6407792e-06 1.4156453e-06 1.1151453e-06 5.5909395e-06 6.253022e-06 2.5687007e-06 3.4802276e-06 9.824713e-07 1.2684566e-05 0.010117977 0.008307172 0.029582264 3.422549e-06 0.00010748709 2.3696667e-07 7.2540087e-07 0.010020606 0.073788024 8.0374156e-07
0.8410852 0.044235907 0.6172948 0.00073425384 0.0034612722 5.7212143e-05 0.026194165 9.5975185e-05 0.03940766 9.235063e-22 0.5470624 4.5919976e-05 2.2959319e-05 0.0150781 2.0912007e-06 0.58856833 0.0037276577 0.0026807464 0.8166821 0.9710126 0.020393603 0.6074411 0.29547235 0.017015018 0.13031575 0.4410618 0.00013478611 0.614724 2.2712447e-05 0.0902633 0.018415248 0.14708479 0.00021575663 0.010419865 0.13712725 0.000152735 0.02203796 0.029501766 0.033273462 0.09561254 0.030370828 2.3919723e-05 0.0013900183 0.0068555675 0.004219786 0.014417106 1.6809778e-06 0.036960192 0.03700318 0.04113375 0.0052668937 0.0010178834 0.020225193 0.0029390706 0.15856394 0.00026856802 0.0007680544 0.088893965 2.5558231e-06 0.0010256687 0.00022366393 0.005689322 0.010382005 0.0006935929 1.3386639e-05 0.0027185031 0.0026272046 1.398815e-06 0.00019659296 0.017380452 0.0055755894 0.006824684 8.339597e-05 0.00014175962 0.0018303501 3.9889137e-06 0.00029467352 0.0033138196 2.1622058e-07 3.994085e-05 0.00015757927 3.1706684e-05 0.0001073091 5.451437e-05 2.4127798e-05 7.4993666e-05 1.7191505e-05 1.6776363e-05 1.0473638e-05 6.9279818e-06 9.700214e-06 0.0005569244 0.0075658113 0.016986152 8.6224117e-07 2.5601057e-05 6.948978e-06 3.0701306e-06 0.011228042 0.0060866475 5.613841e-07
0.71856254 0.4640868 0.9694879 0.026903747 0.019659428 0.0030801678 0.16406766 0.006371951 0.6477729 0.5470624 1.4867781e-20 0.00034006397 0.0015472329 0.054692496 0.00021105047 0.067582704 0.008128675 0.07610661 0.0859489 0.16581397 0.014290805 0.07656636 0.019679977 0.2310268 0.6043676 0.22538985 0.0058818734 0.7566103 1.7079632e-05 0.019639658 0.0026218146 0.01564516 0.0014251722 0.00097461464 0.4949543 3.0287323e-05 0.017110186 0.0041649183 0.016137803 0.20907053 0.0018935798 0.0002171001 0.033569876 0.02116258 0.00025091373 0.05008608 1.5122951e-06 0.07694349 0.011175701 0.07166036 0.00084138074 0.0011692076 0.025746906 0.06486393 0.0015798148 3.7403523e-05 2.0714788e-06 0.22492899 3.0971507e-06 0.00096826075 0.0004133636 0.03566374 0.00044731525 0.0021339832 7.1679833e-06 0.04711448 0.018678255 3.0377112e-07 0.00020366017 0.15623492 0.090825364 0.11678224 2.5992884e-05 4.666144e-05 0.019750988 6.163653e-07 4.2802574e-05 0.008337562 1.07237106e-07 0.0012095217 0.000279176 0.00037201127 6.7226254e-05 7.922084e-06 4.128981e-06 1.8640589e-05 7.2721464e-06 5.7607707e-05 1.3176912e-05 8.463626e-07 1.4333881e-05 0.0014910738 0.07154314 0.2282493 2.323963e-06 2.0974434e-05 1.7175159e-06 2.606452e-07 0.059406035 0.065028764 4.0990917e-06
0.74566513 0.14840597 0.0009276697 0.6427835 0.5314829 0.9021751 0.009717446 0.69717264 0.0013106721 4.5919976e-05 0.00034006397 7.086083e-17 0.73471564 0.078080125 0.7774063 9.748089e-05 0.45938504 0.0072437683 2.1409689e-05 1.8508804e-06 0.0043924614 6.778942e-06 6.538665e-06 0.0016226238 0.00043495506 1.8576922e-06 0.3474433 2.8975013e-05 0.9049426 1.4191079e-05 0.004096857 6.1391224e-06 0.22287111 0.00054639735 4.709177e-05 0.087033994 5.188156e-06 0.0006446828 1.1008142e-06 0.00010422022 0.00014670701 0.067294255 0.049666483 7.126568e-06 0.0003959439 4.797978e-05 0.069093324 4.734295e-05 6.7323613e-06 5.3873402e-05 8.887213e-07 1.0883878e-06 2.9015177e-06 0.009781928 3.0955514e-05 0.0002976564 8.526857e-06 0.00020024186 0.004653417 2.1515743e-06 4.3295786e-06 0.018852912 2.5133053e-05 2.0591724e-06 0.00013801787 0.018904826 0.013294504 0.00011535829 4.8972624e-06 0.0061287484 0.005975579 0.0016613764 2.5364175e-06 7.74961e-06 0.008972623 3.4672237e-05 4.4185163e-05 3.3737156e-06 4.2436768e-05 1.5321504e-07 1.5384793e-06 7.12369e-07 4.7270605e-06 1.4891808e-05 8.723072e-06 1.8895893e-05 1.0201896e-05 9.464599e-06 3.6477155e-05 8.136437e-06 6.8517957e-06 0.22530766 4.081007e-05 0.00018982256 1.1482266e-06 3.214907e-05 3.059525e-07 2.6361454e-07 7.690812e-06 0.012588479 6.892783e-08
0.17713675 0.019286325 0.0018707534 0.20648438 0.031908292 0.43915293 0.02808852 0.80960315 0.0046762703 2.2959319e-05 0.0015472329 0.73471564 3.3728952e-21 0.0039119483 0.990859 3.3317803e-05 0.008642702 0.07725301 4.287106e-06 1.1689219e-06 0.0008366823 4.690169e-07 2.023765e-06 0.007927695 0.0036573508 4.536993e-07 0.58580965 1.1047732e-05 0.029759834 3.8246308e-06 9.3209615e-05 2.0553525e-06 0.3521602 2.7343587e-05 2.7603654e-05 0.00022136385 6.543356e-08 4.1870706e-05 1.543699e-07 5.193515e-07 1.5799496e-05 0.072768144 0.25476182 1.9066455e-08 3.7316036e-06 8.5395016e-08 0.00027710595 3.3007157e-06 3.2006417e-07 1.1413873e-05 3.730376e-08 1.2395308e-08 2.990242e-07 0.03659172 2.8198262e-06 4.218669e-06 4.370847e-07 0.00018093124 1.598961e-05 1.5099626e-07 1.861402e-08 0.0312698 1.3560741e-06 1.5918287e-08 4.1406133e-06 0.02172959 0.026925566 2.1519725e-06 4.435099e-07 0.010625192 0.008971775 0.0041021174 5.42494e-09 6.895072e-08 0.024879768 1.7014058e-06 3.5543275e-07 5.4185034e-07 8.521702e-08 1.1145041e-08 1.4125346e-09 4.1294648e-08 3.251074e-08 7.470866e-08 5.7234126e-07 7.0274615e-07 5.626313e-07 6.875452e-08 1.3614414e-08 2.1333834e-08 5.6671134e-08 0.07583725 1.0766504e-05 0.00062265474 4.681526e-07 1.9702209e-07 4.283581e-09 5.4750984e-08 3.156976e-05 0.050101116 2.6065875e-08
0.33918944 0.42294952 0.1874537 0.04394886 0.6449209 0.060136504 0.022723645 0.013767129 0.020035757 0.0150781 0.054692496 0.078080125 0.0039119483 3.4565297e-22 0.0013817335 0.059704866 0.9516927 0.0056067184 0.0049781343 0.0021881482 0.94175667 0.00643462 0.008968122 0.01109127 0.016004974 0.001518923 0.0033757081 0.011240509 0.019956887 0.009182175 0.4462836 0.0022550095 0.0023118223 0.19963945 0.0012502957 0.15564306 0.0004986238 0.108465485 0.00023123101 5.460954e-05 0.04838313 0.00084813306 0.007424614 3.172583e-05 0.026598133 0.00012735942 0.0035323142 0.00010606032 9.824882e-05 0.00033114455 3.0934696e-06 5.069901e-06 5.384156e-05 0.005105165 0.028693914 0.06029081 0.017560733 0.0008412543 0.0032986687 1.6009308e-05 1.2551775e-05 0.016680421 0.054873776 8.293243e-06 0.003579229 0.0070483163 0.010357065 0.00045823696 2.6229372e-05 0.004494289 0.0029432583 0.0015338209 2.9400544e-06 1.8678706e-05 0.002941552 0.00026878784 4.0014093e-05 3.1076284e-05 2.4917023e-05 3.2130845e-06 1.8886614e-05 7.337774e-07 6.1576807e-06 2.5508714e-05 0.00036605835 0.0005056693 0.00024236848 7.332105e-06 1.4142669e-05 8.308008e-06 2.7086122e-05 0.0028732591 0.00015189801 0.00035290647 6.8856093e-06 2.2935774e-05 3.3843398e-06 1.1858853e-05 0.0007067758 0.0049296767 1.8599204e-06
0.19523828 0.0066824784 0.0002828448 0.09422614 0.014198273 0.26537514 0.0057908488 0.6811564 0.0008361688 2.0912007e-06 0.00021105047 0.7774063 0.990859 0.0013817335 6.3668786e-21 1.6520231e-06 0.0024416542 0.028226744 3.842309e-07 6.351758e-08 0.00021571446 5.0531025e-08 1.418338e-07 0.0011084962 0.0008769178 9.50572e-08 0.68001693 3.864028e-06 0.017188206 1.1977417e-06 0.0001529592 1.2631283e-07 0.57086086 1.0395899e-05 1.501363e-05 0.00011744566 1.970064e-08 2.9659932e-05 4.6842082e-08 4.301643e-07 2.538077e-06 0.1713294 0.2715122 1.1731769e-08 1.0041655e-06 6.631317e-08 0.0003079532 1.3880365e-06 6.7947674e-08 4.018409e-06 9.343396e-09 6.6299353e-09 2.6835034e-08 0.034234382 2.9907042e-07 1.3131017e-06 5.578889e-07 5.249115e-05 3.3577322e-05 3.8001005e-08 5.2404405e-09 0.02886622 3.4148658e-07 5.565369e-09 5.4842594e-06 0.021837868 0.024150817 4.90627e-06 1.3627721e-07 0.00773536 0.0066636116 0.0030592422 5.2336286e-09 3.6209254e-08 0.018095076 1.7309818e-06 2.9194973e-07 1.630496e-07 3.0849978e-07 1.942163e-09 6.886048e-10 8.978879e-09 1.0214262e-08 1.1979661e-07 4.9111924e-07 8.303947e-07 6.454638e-07 1.0523313e-08 1.32362254e-08 2.3358439e-08 2.1430573e-08 0.12730089 2.0303525e-05 0.00056500616 4.9201276e-07 3.4264005e-07 4.5225e-09 2.9849925e-08 3.9962474e-06 0.047654524 2.240641e-09
0.52326983 0.03522458 0.19491564 0.0012746856 0.009081663 0.00023090006 0.004059284 0.00028029006 0.009779292 0.58856833 0.067582704 9.748089e-05 3.3317803e-05 0.059704866 1.6520231e-06 6.172302e-23 0.018037813 0.0005484025 0.9603453 0.40216726 0.13890266 0.4581995 0.96946985 0.002699518 0.019608792 0.22208099 5.5637727e-05 0.18344082 1.0533198e-05 0.48402992 0.12083896 0.477062 5.0049443e-05 0.112173386 0.029982844 0.0010221894 0.025039205 0.4030841 0.028900905 0.018017406 0.33000633 4.0839636e-06 0.0003988315 0.0033822723 0.06854651 0.006488524 2.3831185e-06 0.0051044347 0.01881064 0.003591682 0.0068568136 0.001156497 0.0030631893 0.00057489355 0.39226913 0.014188522 0.023598818 0.0050357226 1.3008005e-05 0.00053602684 0.00025316278 0.0021160038 0.12272405 0.00026060283 0.0007184192 0.0009818078 0.0010756889 4.2345648e-05 0.00025829655 0.0018318442 0.0010141355 0.0010023854 9.508504e-06 0.00020861195 0.00046936906 0.000115470124 0.00044882862 0.00036361915 4.859186e-07 3.4280878e-05 5.7049558e-05 1.2921795e-06 1.7841543e-05 0.0001272418 0.00063150545 0.0009519965 0.00039424814 2.1736016e-05 5.4781963e-06 8.115312e-06 0.00080386316 9.782734e-05 0.00022943049 0.00016689068 4.120822e-06 0.0001863635 1.4407106e-05 1.3681731e-06 0.00057267357 0.00047216925 8.1836544e-07
0.415268 0.31550634 0.058839265 0.14388244 0.8592198 0.19624546 0.0076824124 0.023686437 0.004487456 0.0037276577 0.008128675 0.45938504 0.008642702 0.9516927 0.0024416542 0.018037813 3.604618e-21 0.0015564349 0.001957169 0.0005202096 0.83790475 0.0017611004 0.0024363557 0.00046450793 0.0024491393 0.00022374414 0.003674005 0.0005967927 0.57245827 0.0028026972 0.6883209 0.00079942524 0.0014242545 0.3121724 0.00026045428 0.7264351 0.000146453 0.16189547 4.801432e-06 6.92403e-05 0.07759448 0.0005564421 0.005522682 1.2644769e-05 0.058092266 6.607169e-05 0.0889231 7.9895915e-05 3.0893556e-05 2.7935857e-05 6.727641e-07 2.0764828e-06 2.6222544e-05 0.0033454332 0.0067384546 0.15479764 0.04650832 3.840598e-05 0.055935256 2.7421206e-06 7.2554517e-06 0.009519924 0.04460913 2.333606e-06 0.011574261 0.004903974 0.0064276312 0.0016856109 1.3446392e-05 0.004281891 0.0030317435 0.0017898977 1.5091291e-07 1.3298447e-05 0.002587427 0.0015969937 1.7271108e-05 1.0328868e-05 0.0005833117 4.9527944e-07 5.4242237e-06 6.13595e-08 5.224757e-07 1.0495376e-05 0.00039777288 0.0005603823 0.00011401379 3.3863805e-06 3.1619525e-06 6.3842804e-06 2.5055622e-06 0.0051338924 1.8918703e-05 2.6315738e-05 1.6479673e-05 2.2320164e-05 3.093803e-06 4.9777922e-05 5.5384993e-05 0.0013368593 5.5732943e-07
0.6669351 0.18108532 0.07679668 0.14568771 0.020131331 0.08688327 0.9415606 0.50433785 0.76447093 0.0026807464 0.07610661 0.0072437683 0.07725301 0.0056067184 0.028226744 0.0005484025 0.0015564349 2.877913e-20 0.00058330817 0.00042672275 0.00068291265 0.00062664575 0.00016031301 0.6563538 0.12485257 0.00035379527 0.42773676 0.007868707 0.0002181282 6.13387e-05 4.8569807e-05 0.00023696365 0.022690596 6.613183e-05 0.014293008 0.00019284584 1.6959473e-05 0.0002779773 1.1033298e-05 0.00018495976 0.00011004291 0.033196505 0.8797597 4.863231e-06 6.6754924e-06 1.7608107e-05 8.229341e-06 0.0004138547 3.094666e-05 0.0012806988 9.579868e-07 1.4997208e-06 6.878761e-05 0.55234134 2.1567967e-06 1.2089744e-06 1.0823285e-06 0.0069128857 4.832288e-06 4.1505523e-06 1.5331846e-06 0.22576563 5.8923097e-06 5.793931e-06 1.4118755e-06 0.20965153 0.09032002 3.726861e-07 8.878831e-06 0.0888274 0.16162647 0.06939049 4.2396556e-07 5.1304664e-06 0.23010094 3.237027e-07 9.483537e-06 2.1496014e-06 2.1729136e-07 1.9551803e-06 9.947721e-07 7.6518216e-07 4.0005733e-07 2.2605925e-06 1.0616818e-06 3.3956098e-06 1.3405388e-06 4.577964e-06 4.9703476e-06 1.7532526e-06 9.865546e-07 0.11975257 0.00034685826 0.026952198 4.813492e-07 1.7858207e-05 3.7574955e-07 1.5652014e-07 0.0010167051 0.29355854 5.521475e-07
0.37514314 0.0066125593 0.14090207 0.0004912165 0.001931185 2.7310958e-05 0.0024985757 7.309739e-05 0.0038080618 0.8166821 0.0859489 2.1409689e-05 4.287106e-06 0.0049781343 3.842309e-07 0.9603453 0.001957169 0.00058330817 2.1356984e-21 0.80405915 0.012840701 0.9286503 0.7891028 0.0012336262 0.016714584 0.49299285 1.24354165e-05 0.2447281 1.2892345e-05 0.45924863 0.014895572 0.5540705 8.825713e-06 0.017545182 0.033938084 0.00026558392 0.06731147 0.09914649 0.07430649 0.047652103 0.090669006 1.8814768e-06 0.0002520375 0.019967014 0.017151209 0.0183518 1.626192e-06 0.011265605 0.0186124 0.007982101 0.023199352 0.006347415 0.01030017 0.000287823 0.27593926 0.0013233774 0.0066031916 0.016454091 1.2115038e-05 0.003529812 0.0027808507 0.0014833185 0.054367483 0.0023369794 3.8118083e-05 0.0005735254 0.00047052943 9.700964e-06 0.0011629206 0.0014645363 0.001426558 0.0013974496 0.00029275872 0.00091644056 0.0003449603 2.3686254e-05 0.0010524319 0.0051223338 4.6454136e-07 0.00051891955 0.001177039 0.00013094128 0.00036320928 0.00027237568 0.0007801243 0.0012172668 0.00046840255 0.00044805856 9.503631e-05 2.585747e-05 0.0008694515 2.3184475e-05 0.003107577 0.002113639 4.100812e-06 8.828377e-05 3.9203045e-05 1.5615002e-06 0.0069220294 0.0012328282 1.3627358e-05
0.5279321 0.0021575508 0.13410945 5.8456444e-05 0.0002612294 4.4338663e-06 0.0016323117 1.2605891e-05 0.0042064725 0.9710126 0.16581397 1.8508804e-06 1.1689219e-06 0.0021881482 6.351758e-08 0.40216726 0.0005202096 0.00042672275 0.80405915 2.816397e-21 0.0050043263 0.89792466 0.23647372 0.00510693 0.040692255 0.9425083 4.2248816e-06 0.4734974 2.756778e-06 0.0746413 0.0049349475 0.16173261 5.0379513e-06 0.004460023 0.073710695 2.18177e-05 0.096679784 0.014994722 0.066953026 0.084169984 0.018644387 7.245097e-07 0.00059034635 0.03486705 0.0024917547 0.026724352 3.4094833e-07 0.03621493 0.0334833 0.04021657 0.006755467 0.0044791866 0.029247785 0.0010678268 0.106703766 9.917258e-05 0.00028562293 0.08244577 8.292906e-07 0.003238148 0.0016668907 0.0018547687 0.0049025076 0.002190375 3.325893e-06 0.0016062997 0.001016077 6.3651396e-07 0.0004375852 0.0063282545 0.0036316689 0.0024724982 0.0002346163 0.00023570239 0.00074457965 1.5409978e-06 0.00042306673 0.008630956 1.3877208e-07 0.0004216574 0.0010752452 0.00013065228 0.00015154901 8.074794e-05 1.29639275e-05 2.544132e-05 6.8093627e-06 0.00026423787 8.9858004e-05 8.472983e-06 9.946579e-06 6.3556225e-05 0.014505391 0.014185531 5.5636826e-07 7.1317218e-06 1.448319e-05 7.5107243e-07 0.021551372 0.0042946385 1.0035304e-05
0.122167505 0.104895435 0.07832202 0.01075213 0.20798637 0.01335266 0.005642921 0.0013240534 0.005272894 0.020393603 0.014290805 0.0043924614 0.0008366823 0.94175667 0.00021571446 0.13890266 0.83790475 0.00068291265 0.012840701 0.0050043263 1.6779272e-22 0.009283114 0.02237983 0.0017304892 0.005726935 0.0037355595 0.00037303567 0.010616486 0.013611833 0.008576041 0.7563195 0.0025469677 0.00010457645 0.4705499 0.0013382455 0.14051108 0.0014549184 0.34945524 0.0003922156 6.792276e-05 0.19563138 1.9691579e-05 0.001459851 6.283338e-05 0.15876192 5.6063567e-05 0.0054950165 9.4584226e-05 4.610564e-05 0.00015972715 3.241384e-06 5.7505254e-06 4.4574364e-05 0.0010459071 0.033513386 0.17665075 0.032070883 0.00031034098 0.009000342 3.094148e-06 2.4409358e-06 0.0042968155 0.045370042 8.3974855e-06 0.015914528 0.0023790621 0.0027319882 0.002413138 7.1046766e-06 0.0021456731 0.0013012255 0.000940373 4.843922e-07 5.2286678e-06 0.0013314304 0.0022331832 8.8715005e-06 1.508565e-05 0.00050018425 2.2537708e-06 1.1723907e-06 6.4107155e-08 7.78318e-07 4.7077738e-06 0.0007641282 0.00060906453 0.00020899808 3.6743777e-06 1.3615322e-06 1.3382587e-06 7.218947e-06 0.00060051633 2.4936324e-05 0.00023435128 1.8273633e-05 3.0796393e-05 1.2216492e-06 2.0714915e-05 0.00013533044 0.0008227595 2.4881402e-07
0.25214127 0.0032538755 0.104643494 0.00014091007 0.00062535115 6.15285e-06 0.0014586981 1.6739046e-05 0.0038064283 0.6074411 0.07656636 6.778942e-06 4.690169e-07 0.00643462 5.0531025e-08 0.4581995 0.0017611004 0.00062664575 0.9286503 0.89792466 0.009283114 9.708177e-22 0.46242225 0.0019028448 0.019142421 0.94127625 3.1283378e-06 0.28259918 2.562365e-05 0.48585385 0.007756184 0.61354804 1.9913316e-06 0.008314837 0.033663526 4.2782536e-05 0.5018655 0.036558922 0.52293545 0.113717265 0.0690655 2.3910773e-06 0.0001642746 0.13378072 0.01171208 0.07749898 2.6478451e-06 0.027532754 0.038897503 0.0189944 0.15226398 0.05332603 0.02657748 0.00011414129 0.21314317 0.00012411468 0.0012501555 0.028642032 5.0921963e-06 0.044171855 0.014675998 0.0012394825 0.019265313 0.010176811 1.7029357e-05 0.0008803584 0.000829233 2.56634e-06 0.0048064673 0.0016147009 0.0024635105 0.0016280178 0.0018598399 0.0022138169 0.00024498327 2.248231e-05 0.0032854795 0.018139282 1.6117845e-07 0.0046942956 0.005239997 0.0021253575 0.0019331358 0.0005545397 0.00013344684 0.0001894986 0.00012697572 0.0013586775 0.0009494333 3.8828875e-05 0.00030795118 1.054156e-05 0.0067038704 0.008575911 9.391778e-06 5.0055503e-05 4.347102e-05 6.3643137e-07 0.013074695 0.0011764801 0.00013601397
0.3665819 0.009465263 0.07358125 0.00022472591 0.0012543156 2.18326e-05 0.0008502731 2.6067853e-05 0.0017980285 0.29547235 0.019679977 6.538665e-06 2.023765e-06 0.008968122 1.418338e-07 0.96946985 0.0024363557 0.00016031301 0.7891028 0.23647372 0.02237983 0.46242225 1.2993603e-21 0.00019559449 0.0035159818 0.18370445 1.6777187e-06 0.1303757 6.5647696e-06 0.81036377 0.0670303 0.7216926 1.0935338e-06 0.06312147 0.013428485 0.00020129686 0.07738876 0.37717223 0.128534 0.014081301 0.4324719 3.786955e-07 0.00017283358 0.016580692 0.10230662 0.009268748 1.3377113e-06 0.003534523 0.013216142 0.0020879328 0.05585453 0.006685451 0.0028430782 0.000102487575 0.79360443 0.017027784 0.09097117 0.002013537 8.2672395e-06 0.0064049144 0.0025755817 0.0006158894 0.4357665 0.0014872272 0.00032877846 0.00036169085 0.00014337717 1.8970937e-05 0.0012661543 0.000853116 0.00047162382 0.00044326103 0.00027206985 0.0008141832 9.676455e-05 9.445442e-05 0.0059123375 0.00048793096 4.2778942e-07 0.0001868807 0.000201128 1.8113817e-05 0.00012785486 0.0005743609 0.0022746548 0.0018030083 0.001960745 7.136508e-05 2.0763493e-05 7.053897e-05 0.01360278 2.0721633e-05 0.0002913291 0.0002916574 3.2423068e-05 0.0012067519 2.1642954e-05 2.4732772e-06 0.0010334267 0.0007082282 2.7856138e-06
0.805861 0.20060983 0.14057302 0.031676367 0.009838811 0.012024267 0.38068476 0.022554412 0.6566076 0.017015018 0.2310268 0.0016226238 0.007927695 0.01109127 0.0011084962 0.002699518 0.00046450793 0.6563538 0.0012336262 0.00510693 0.0017304892 0.0019028448 0.00019559449 8.807387e-22 0.9847088 0.0060703345 0.014027298 0.093908004 6.39833e-06 8.209332e-05 9.6989046e-05 0.00023383759 0.0033211121 6.142897e-05 0.22941722 5.9677964e-06 0.00014706407 0.00026342922 2.1957614e-05 0.0043690307 6.5114065e-05 0.011733433 0.13466875 0.00024045393 7.439476e-06 0.00062108465 4.6774875e-07 0.009337239 0.0015055505 0.010302012 6.8436393e-06 5.2927513e-05 0.00218999 0.24117225 1.870302e-05 1.2204115e-06 5.0710764e-06 0.09142637 3.8837686e-07 4.329386e-05 0.00010124777 0.13077033 1.0708812e-05 0.0002718323 2.418282e-06 0.14050624 0.044920802 6.947477e-07 1.052066e-05 0.2889015 0.24777153 0.29220995 3.9704382e-06 8.032539e-06 0.11624358 6.661772e-07 3.3811625e-06 0.00030693083 1.4666553e-07 3.6813664e-05 1.7972132e-05 3.3321616e-05 5.0945036e-06 3.5799965e-06 3.1264885e-06 1.1492964e-05 2.896207e-06 1.4031239e-06 4.505541e-06 1.743304e-06 6.0302386e-07 0.091098584 0.021930927 0.38667238 8.812554e-07 2.219224e-05 1.0240178e-06 4.9395584e-07 0.007807007 0.48688284 5.600927e-07
0.6196761 0.27218872 0.18475574 0.02371481 0.010649564 0.005112183 0.15445885 0.01276926 0.5252852 0.13031575 0.6043676 0.00043495506 0.0036573508 0.016004974 0.0008769178 0.019608792 0.0024491393 0.12485257 0.016714584 0.040692255 0.005726935 0.019142421 0.0035159818 0.9847088 7.6340964e-20 0.08671808 0.009703047 0.4523994 3.352202e-06 0.0014915842 0.00067265984 0.0022057374 0.00095352705 0.00025498198 0.562683 1.5145141e-05 0.009217432 0.00043499385 0.0042295544 0.07842107 0.0002083366 0.0006745688 0.08355915 0.00785362 2.5490843e-05 0.014874265 4.0440596e-06 0.058283772 0.0062919226 0.06955226 0.0001441507 0.00057007844 0.017692693 0.14304669 0.00018215372 2.7432548e-05 6.7742817e-06 0.254359 5.559988e-06 0.00024387511 0.0003511669 0.112209596 0.00017227721 0.0021521603 1.5222292e-05 0.10569004 0.05424115 1.0949884e-06 6.781887e-05 0.21023177 0.21592028 0.26894996 2.0740357e-05 3.5839097e-05 0.05487991 1.2359849e-06 2.1739437e-05 0.0059811864 8.048784e-07 0.0019986383 0.00036757623 0.00019038476 2.7155464e-05 9.709015e-06 3.0315729e-05 0.0001073918 3.1930293e-05 5.2214695e-05 5.2334846e-05 6.0291723e-06 5.4850734e-05 0.015220385 0.2633746 0.5427068 7.40223e-06 0.0003228187 2.141519e-06 3.9190463e-06 0.11881991 0.4981236 6.8548347e-06
0.8323277 0.0012059127 0.09377334 3.4989327e-05 4.5572273e-05 3.6787462e-06 0.0013391116 6.0967986e-06 0.00617117 0.4410618 0.22538985 1.8576922e-06 4.536993e-07 0.001518923 9.50572e-08 0.22208099 0.00022374414 0.00035379527 0.49299285 0.9425083 0.0037355595 0.94127625 0.18370445 0.0060703345 0.08671808 3.644956e-19 1.1286784e-05 0.66366684 8.825426e-06 0.13002983 0.0015827805 0.29211834 2.4611303e-05 0.001979356 0.11640588 9.535474e-06 0.66006845 0.009004675 0.3968746 0.3731665 0.0149908895 6.289792e-06 0.00040708386 0.47135183 0.002803011 0.2646818 1.874939e-06 0.12853259 0.17304435 0.12121792 0.04395898 0.10794302 0.120372765 0.0013372739 0.13171677 1.6137965e-05 0.00013575428 0.22330672 1.9474296e-06 0.038686745 0.04209884 0.003874578 0.002919422 0.026079463 7.6216456e-06 0.0048924168 0.0015152518 9.094184e-07 0.002362397 0.010817435 0.0060526635 0.00495225 0.0027518875 0.0008121723 0.0014545674 5.737685e-06 0.0011171041 0.07692666 4.0456464e-07 0.008871544 0.014871215 0.0037009988 0.0022469987 0.00034715646 2.0680392e-05 8.3968254e-05 2.1697537e-05 0.0025854784 0.0021494972 3.682743e-05 1.8751403e-05 5.2867985e-05 0.06820221 0.08110901 1.6470331e-06 3.3807904e-05 9.4296105e-05 1.7276174e-06 0.1049447 0.008151765 0.00026993125
0.21618469 0.03362472 0.0037156488 0.1540287 0.013565685 0.14703828 0.028234692 0.9306692 0.01514479 0.00013478611 0.0058818734 0.3474433 0.58580965 0.0033757081 0.68001693 5.5637727e-05 0.003674005 0.42773676 1.24354165e-05 4.2248816e-06 0.00037303567 3.1283378e-06 1.6777187e-06 0.014027298 0.009703047 1.1286784e-05 2.6083334e-19 0.00042301026 0.013201164 1.207878e-05 6.638313e-05 2.0537449e-05 0.8942499 1.1950793e-05 0.0005191351 9.822202e-05 1.6738047e-06 5.3517e-05 7.166776e-07 3.50165e-05 4.7731123e-06 0.50675076 0.923886 6.094061e-06 2.088797e-06 2.8815143e-06 0.00014766572 0.00010126254 1.4822754e-06 0.0002468143 2.5828026e-08 3.8890892e-08 7.206229e-06 0.11108472 3.1736482e-07 6.0013e-07 5.6851285e-08 0.0017224863 6.396804e-06 3.2046674e-07 5.119752e-08 0.09701009 1.1775901e-06 3.125244e-07 4.0328194e-07 0.06585147 0.08379873 6.061067e-07 1.0347012e-06 0.015273756 0.019317009 0.0117015345 1.8246753e-08 1.665887e-06 0.10918007 3.5480994e-07 6.3550187e-06 1.3365113e-06 7.9034703e-07 3.0290903e-07 1.5671685e-07 1.5575367e-08 1.04799875e-08 5.601333e-07 1.9499198e-06 6.7623087e-06 1.915706e-06 3.4700517e-07 8.4942246e-07 2.3805949e-06 2.5844588e-06 0.22008231 0.00016589652 0.0075206733 6.030667e-06 2.935198e-05 6.2383003e-07 3.932736e-07 0.00027757356 0.23321638 6.025197e-07
0.92088544 0.04561717 0.34740862 0.00038449187 0.00215611 5.9468235e-05 0.037225686 0.0004923963 0.093884 0.614724 0.7566103 2.8975013e-05 1.1047732e-05 0.011240509 3.864028e-06 0.18344082 0.0005967927 0.007868707 0.2447281 0.4734974 0.010616486 0.28259918 0.1303757 0.093908004 0.4523994 0.66366684 0.00042301026 4.6153287e-18 8.280014e-06 0.05117828 0.0029429032 0.08219847 5.3273438e-05 0.0010957955 0.93464553 1.1847843e-05 0.20082553 0.0050893687 0.13996243 0.78683794 0.005379416 0.00010641594 0.0013024497 0.20729744 0.0006738445 0.26413795 2.8666805e-06 0.34312543 0.14933546 0.29423356 0.011613811 0.02571651 0.2231803 0.0033355241 0.01618949 0.00030089123 7.2294715e-05 0.46078017 1.2745999e-05 0.011484474 0.008483458 0.0040783384 0.00045598144 0.018240578 3.3644028e-05 0.010903126 0.0022496071 2.1914636e-06 0.00023137948 0.071543984 0.0137132015 0.053971 0.00051332364 8.922712e-05 0.005201131 9.284618e-06 3.960551e-05 0.039807193 2.1248902e-06 0.0031847241 0.0011586454 0.0016610313 0.00036555214 6.413001e-05 1.5971229e-05 2.42757e-05 7.5862504e-06 0.0006250289 0.00016397377 3.1806958e-05 4.825005e-05 0.00197639 0.15128173 0.30177736 8.907243e-06 0.00018910378 3.9336217e-05 9.152135e-06 0.09591788 0.07619097 2.5081645e-05
0.14244501 0.018145345 0.00080668094 0.068395324 0.17605141 0.2635125 0.0029955527 0.027495805 0.0001959911 2.2712447e-05 1.7079632e-05 0.9049426 0.029759834 0.019956887 0.017188206 1.0533198e-05 0.57245827 0.0002181282 1.2892345e-05 2.756778e-06 0.013611833 2.562365e-05 6.5647696e-06 6.39833e-06 3.352202e-06 8.825426e-06 0.013201164 8.280014e-06 1.6961996e-20 3.5244232e-06 0.004767424 1.6186631e-06 0.009999074 0.0012004863 5.566724e-07 0.65809613 6.778195e-07 3.9614613e-05 2.0331609e-06 1.733378e-05 2.2304566e-05 0.001474343 0.01952753 7.587907e-06 4.8342583e-05 1.2565573e-05 0.967928 5.535556e-06 8.56054e-06 1.844704e-06 7.9656564e-07 7.72904e-06 1.8873425e-06 0.03756184 1.5769172e-06 0.0026321297 8.828069e-06 1.840749e-07 0.015946476 2.2748486e-06 9.363678e-06 0.15562299 1.2881733e-06 9.257959e-06 0.002085897 0.044109695 0.0761737 0.0004686865 6.017709e-07 0.014910468 0.010381311 0.0017510162 4.271176e-07 6.2738474e-07 0.013039845 4.8091057e-05 4.306626e-07 1.4816558e-05 0.00028274956 1.29994605e-05 2.2125503e-05 2.312299e-06 2.1897501e-06 2.5871518e-06 3.639494e-07 7.426238e-07 2.6857603e-07 5.44266e-06 7.1853424e-07 1.6833238e-07 8.355247e-09 0.48051998 4.13413e-08 2.8228357e-07 3.1616278e-07 2.023984e-07 2.0825543e-07 2.2115366e-06 9.815567e-08 4.9912614e-06 9.3754814e-08
0.03045813 0.0076057413 0.06709411 0.0003817392 0.001165302 9.149652e-05 0.0018437544 0.0002809406 0.0022181557 0.0902633 0.019639658 1.4191079e-05 3.8246308e-06 0.009182175 1.1977417e-06 0.48402992 0.0028026972 6.13387e-05 0.45924863 0.0746413 0.008576041 0.48585385 0.81036377 8.209332e-05 0.0014915842 0.13002983 1.207878e-05 0.05117828 3.5244232e-06 8.0081504e-22 0.005203738 0.9690774 2.151983e-06 0.0130993305 0.0030028748 4.644802e-05 0.11099805 0.05527417 0.23826148 0.025395187 0.11687573 7.766889e-07 0.00018690119 0.02446275 0.01849523 0.015941206 2.9989455e-06 0.0033084357 0.015842294 0.0011605541 0.21383451 0.032649998 0.0029882768 0.00016075316 0.6732032 0.001708574 0.008713977 0.00044914524 4.2411866e-06 0.008374494 0.008403171 0.0032886441 0.20519224 0.00272341 0.00017768367 0.0016544245 0.0011585073 7.2000563e-07 0.013917747 0.0016688852 0.0022839822 0.0013736009 0.0015668265 0.006236704 0.0006496604 6.1708483e-06 0.035107553 0.00247685 7.591105e-08 0.0003244338 0.0007033342 0.00091568235 0.0008997527 0.0011748549 0.00073132705 0.0012829213 0.0017425768 0.0005303884 8.733274e-05 0.00015282826 0.007878014 2.4474424e-05 0.0007149407 0.0005777188 6.9336597e-06 0.0005790509 2.3349985e-05 5.6121307e-06 0.0011960696 0.00030430916 2.3410748e-05
0.049373094 0.089498244 0.041254327 0.0038187776 0.1325409 0.005736468 0.0004024312 0.00036987488 0.00092510413 0.018415248 0.0026218146 0.004096857 9.3209615e-05 0.4462836 0.0001529592 0.12083896 0.6883209 4.8569807e-05 0.014895572 0.0049349475 0.7563195 0.007756184 0.0670303 9.6989046e-05 0.00067265984 0.0015827805 6.638313e-05 0.0029429032 0.004767424 0.005203738 5.7901694e-21 0.0018201863 3.74209e-05 0.8829204 0.00023105468 0.29415628 0.00066417677 0.39167067 5.0224487e-05 3.9114537e-05 0.23599572 1.6721431e-05 0.00070801843 4.379196e-05 0.24915962 0.00018898066 0.004598471 9.305148e-06 0.0004155854 2.666866e-05 2.594213e-06 3.752466e-06 2.6588994e-05 0.00070771814 0.041829027 0.3276934 0.15505819 2.1078606e-05 0.015083523 2.6954021e-06 1.4059201e-05 0.0054187695 0.08890276 9.088501e-06 0.031937458 0.00086265575 0.0020860818 0.0023014445 1.1521387e-05 0.00079568796 0.00030306465 0.00045199887 3.222338e-07 1.5848029e-05 0.0005021077 0.003492983 4.0717157e-05 5.496727e-06 0.0004478736 1.0274944e-06 1.745852e-05 5.1231245e-07 1.7858301e-06 1.14970535e-05 0.0005446428 0.00031505866 0.0001538142 4.6641535e-06 6.93657e-06 6.0764187e-06 0.000107049564 0.0003129042 3.242347e-05 0.000117096286 3.685455e-05 6.03373e-05 6.925155e-06 0.0001806862 0.0001665258 0.00040249777 9.5299333e-07
