2.7874187e-30 0.8984118 0.89912003 0.9509158 0.94986874 0.8786789 0.69312584 0.66881955 0.33298996 0.6868527 0.9600101 0.29918078 0.8372367 0.7436757 0.42935017 0.37950003 0.6833317 0.778695 0.7012876 0.33760008 0.21180238 0.9372437 0.78445464 0.8950423 0.24104668 0.3576654 0.03858573 0.6214562 0.6834378 0.9713652 0.19538268 0.35928485 0.022867959 0.95858896 0.16381511 0.17293683 0.62740785 0.09633572 0.05629809 0.017241027 0.8677681 0.035848826 0.9623494 0.9507014 0.07708457 0.018333014 0.27061886 0.031303123 0.002922311 0.7812915 0.9991354 0.015227622 0.0068029733 0.25197646 0.003754528 0.058833867 0.0006767241 0.10648155 9.766216e-05 0.0005229588 0.0056376928 0.05015979 0.96087253 0.90476745 3.5644465e-05 0.17606592 0.99427193 0.5339288 0.0047805407 0.9965371 1.1995655e-07 1.2031063e-06 0.9232977 0.999513 4.8004364e-05 0.096043535 0.0021052503 0.004355836 4.501673e-05 0.025897982 1.03669e-05 7.481336e-07 0.04924703 0.9998886 7.8222474e-05 0.0005472195 0.00021452844 0.29012597 0.00011087679 1.4280661e-06 0.74848396 0.00010923945 0.9168469 0.07497884 0.99868387 2.4070204e-07 3.372969e-08 0.021594929 1.3361309e-07 3.1843323e-05 2.4574106e-07
0.8984118 6.387633e-20 0.92685735 0.8725522 0.4378391 0.5690032 0.44756672 0.16755643 0.35767943 0.2651078 0.68327177 0.11956576 0.072589934 0.22947311 0.051704135 0.047745075 0.061112434 0.054770935 0.16507702 0.046828456 0.06913834 0.44667807 0.2869181 0.050778273 0.042476848 0.042419575 0.01872087 0.0075892573 0.033400968 0.19378339 0.09267339 0.005869909 0.019694872 0.083050966 0.00979915 0.0033859306 0.002925176 0.0010045435 0.0030205173 0.0016229379 0.04472525 0.009008677 0.060993582 0.14046186 0.01380901 0.008140551 0.0026221245 0.00024850044 0.004645613 0.010031649 0.30861086 0.01082972 0.0010645533 0.00025441966 0.0053808764 0.0017657083 0.0018838235 0.00022532034 9.3631556e-05 0.0002987285 0.0008442611 0.0003132688 0.08431377 0.007526916 3.223417e-05 0.00047791345 0.04270933 0.0028944786 0.00010374748 0.053124223 1.3850686e-05 3.0631014e-05 0.0034923672 0.10436875 8.4770196e-05 0.000751065 5.666366e-05 2.3124525e-05 2.4789671e-05 0.0009622396 0.00027599535 6.205976e-06 0.0014318908 0.021044914 0.0001820268 4.6274617e-05 4.1438903e-05 0.0020514587 1.3808403e-05 1.302054e-05 0.0031725562 2.7441629e-05 0.00023940664 3.9182355e-06 0.013775009 0.000117010764 5.5739383e-05 3.0141532e-06 2.1985186e-05 1.9593774e-05 1.0604813e-05
0.89912003 0.92685735 4.7952064e-20 0.34026694 0.8982632 0.21634457 0.4556988 0.3219448 0.21977176 0.56497765 0.20373507 0.111840665 0.26531187 0.082573704 0.029069155 0.022705795 0.24669819 0.011311407 0.053781543 0.12183106 0.08829931 0.44077003 0.20265378 0.12561947 0.07154934 0.006063129 0.023020582 0.03845737 0.11108761 0.10064701 0.030778242 0.040601864 0.010862566 0.21784404 0.048787657 0.019061895 0.00020368194 0.0084261345 0.0003617117 0.00020882314 0.012375235 0.0033544505 0.020452691 0.053104762 0.040038228 0.008865404 0.00034577845 2.4315274e-05 0.0030490016 0.027155293 0.36440742 0.015940767 8.638009e-05 0.0028064805 0.0090460535 0.007994618 0.00090872234 1.4175293e-05 9.782062e-05 0.00060906564 0.0014119354 3.6493264e-05 0.042267278 0.021121252 5.9035905e-05 7.520035e-05 0.10113043 0.00033004387 0.0005592828 0.020528512 5.929367e-06 3.0116234e-05 0.01201276 0.16185549 2.7262062e-05 0.003790314 0.00019862011 1.0260437e-05 2.3251858e-05 0.0030222533 0.0003750316 3.833808e-06 0.004228909 0.019124346 0.00015021313 0.00012186948 0.000120010285 0.006459118 8.39263e-05 7.881195e-06 0.010755499 5.6258577e-05 3.809206e-05 1.336138e-06 0.005828658 0.00013210678 4.4457196e-05 1.832529e-05 2.673117e-05 2.3045292e-05 5.999336e-06
0.9509158 0.8725522 0.34026694 1.3629681e-17 0.111694425 0.80473894 0.23214485 0.07482553 0.3196752 0.06923599 0.8652964 0.120363355 0.018704137 0.6505164 0.15145446 0.17795499 0.0067674834 0.26590416 0.55808586 0.0038946702 0.07089659 0.31444427 0.3142152 0.036690313 0.023278348 0.19981927 0.016214103 0.0007109489 0.0018057468 0.21765544 0.2811122 0.00027198633 0.06647693 0.01534565 0.0022148972 0.00020620633 0.062140122 7.3265524e-05 0.028527768 0.017751448 0.18346271 0.09013094 0.26609266 0.2552968 0.004264874 0.03054565 0.017178863 0.0033899802 0.03126122 0.0036084328 0.1866129 0.008384179 0.038304 2.5254361e-05 0.0024617515 0.0007359507 0.010380332 0.0021130284 0.0011156747 0.000314638 0.0029727896 0.0016030568 0.15444991 0.0032773556 0.0004096097 0.0023283511 0.009850542 0.007932601 0.000109933186 0.104614265 4.2714946e-05 0.00019043541 0.0011139709 0.057205364 0.0019457979 6.017807e-05 8.5005544e-05 0.00032004967 0.00013485683 3.879216e-05 0.0003003179 0.0001797934 0.00011236108 0.024757352 0.00038158815 5.9097754e-05 5.8021833e-05 8.524153e-05 2.6928727e-05 0.00027835215 0.0005921098 0.0001151387 0.00064588495 7.856068e-05 0.038986392 0.00048171848 0.00012073798 6.035886e-06 3.22744e-05 8.092024e-05 4.81056e-05
0.94986874 0.4378391 0.8982632 0.111694425 8.976589e-19 0.079288304 0.49189216 0.50550056 0.19083175 0.5364832 0.036279306 0.18474019 0.6956276 0.00863993 0.07418229 0.018296907 0.55297405 0.00030958926 0.017864581 0.08381124 0.18013403 0.33129624 0.07887446 0.49885246 0.20019196 0.0007272591 0.041919548 0.06732067 0.2632414 0.011320423 0.005320168 0.08354717 0.0028613792 0.13900095 0.036357712 0.040221885 2.346466e-05 0.023772039 5.4148975e-05 4.224005e-05 0.0015070918 0.0025790632 0.0024589298 0.006352953 0.1414754 0.055996757 3.740381e-05 5.2026044e-06 0.006162578 0.032904726 0.18197323 0.11259856 2.91945e-05 0.0023161839 0.034193635 0.041227065 9.119441e-05 1.1905364e-06 0.00033766674 0.0053573814 0.013476189 2.534222e-06 0.006627813 0.034116864 0.0009354856 4.2378874e-06 0.093325324 2.4814293e-05 0.01062394 0.002243421 1.0095577e-05 0.00018830097 0.015966404 0.10705853 1.1189394e-05 0.002561587 0.0016493989 2.8401246e-06 0.00036180863 0.001844998 0.0031771234 6.0552807e-06 0.0033057737 0.005985395 0.0013484025 0.0006795402 0.00074458896 0.0029403656 0.00037164477 1.0953211e-05 0.011375036 0.00032753262 3.4485285e-07 1.3811062e-07 0.00090179127 0.00037956366 9.410817e-05 4.1760486e-05 2.280319e-05 1.6765639e-06 8.747832e-06
0.8786789 0.5690032 0.21634457 0.80473894 0.079288304 1.8703904e-17 0.44077143 0.16210519 0.6996442 0.013859337 0.12112412 0.34546775 0.018975606 0.31716275 0.5386907 0.8584174 0.0018982356 0.041657377 0.6836229 0.00057022745 0.2245908 0.09447454 0.101273924 0.01216853 0.03682401 0.38139293 0.070333816 0.00024132137 0.0015682924 0.02852859 0.50497556 0.00020354503 0.23739281 0.0021376659 0.00036800498 0.000147422 0.021754228 2.0188256e-05 0.04834184 0.015944613 0.070347905 0.40151796 0.09504604 0.056884695 0.007846175 0.2753519 0.0018977206 0.0015258411 0.23408508 0.0015294242 0.028048566 0.07547349 0.08464203 5.37898e-06 0.010103987 0.0007687411 0.036777526 0.00044155508 0.016591256 0.0020163828 0.00914779 0.00060258474 0.04056113 0.002509898 0.010718729 0.00046436573 0.0027062204 0.0004186955 8.826588e-06 0.013587254 0.00026628748 0.002188049 0.00041733574 0.014124643 0.0027887064 1.2383428e-05 3.39727e-05 8.122664e-05 0.00022244737 6.825708e-06 0.009855594 0.001249336 3.941786e-05 0.0035662472 0.0007824437 8.7602086e-05 0.0001087337 3.206147e-05 2.864493e-05 0.0004182027 0.0001066668 5.5258373e-05 0.00022981041 2.0087238e-05 0.0072053676 0.0007110398 0.00034358315 8.795241e-07 0.0001360184 9.742378e-06 0.00030285865
0.69312584 0.44756672 0.4556988 0.23214485 0.49189216 0.44077143 9.901467e-22 0.9469308 0.7120783 0.045423247 0.09986556 0.6152786 0.1816799 0.06304855 0.30100673 0.19853233 0.040613946 0.0039836527 0.030210966 0.008271511 0.31995752 0.105303474 0.048674777 0.30624032 0.30123645 0.00934547 0.1513423 0.0016051908 0.08530926 0.01026224 0.012244867 0.0015354506 0.016288115 0.0052687 0.0009774495 0.005231329 7.584323e-05 0.004290886 9.929675e-05 1.6663915e-05 0.00081621076 0.022670668 0.0016114734 0.0044421474 0.039469972 0.06349262 2.9260476e-05 4.9327164e-06 0.012924341 0.0016791994 0.019212192 0.03903339 7.807074e-05 7.1924806e-05 0.020256383 0.01771057 0.00028235532 8.431607e-06 0.0005030409 0.0036434743 0.029256666 8.7685385e-06 0.0020936623 0.00090683124 0.00089965103 3.33735e-06 0.007869112 1.0624351e-05 8.3253006e-05 0.0009679778 1.4721456e-05 0.00015504735 0.00031232584 0.005353852 1.5084987e-05 3.3245942e-05 0.00020831414 4.4013045e-06 0.00049943523 0.00029724394 0.0020899707 2.9189e-06 0.00021612998 0.0012120003 0.004308724 8.24561e-06 2.1595537e-05 3.6246343e-05 4.711115e-06 3.4085067e-06 0.00052304135 0.00012049458 3.9929387e-07 1.9527606e-07 0.000565795 0.00017810849 3.3803128e-05 5.8841863e-07 3.177964e-05 1.938713e-06 6.249531e-05
0.66881955 0.16755643 0.3219448 0.07482553 0.50550056 0.16210519 0.9469308 1.5580819e-21 0.5515245 0.0766265 0.020896316 0.6636988 0.17696834 0.013176945 0.22561148 0.048519082 0.059628475 0.0005413261 0.008132477 0.00879744 0.3764419 0.05957851 0.016628364 0.3961578 0.48760152 0.001572983 0.19650096 0.0030818107 0.072869994 0.0039011738 0.002760272 0.0034669805 0.0052983095 0.010716893 0.002643043 0.006938383 7.2436023e-06 0.004791867 1.39803815e-05 1.3451566e-06 0.00029526596 0.01073891 0.0001991415 0.0005757874 0.04571782 0.06873835 1.0086463e-05 6.5662823e-07 0.009461351 0.0021528022 0.013745864 0.059028376 1.8651775e-05 0.00027411772 0.022849951 0.020924086 3.5110694e-05 1.8313507e-06 0.00028414384 0.0047746245 0.041525505 1.6954224e-06 0.0006998149 0.0016444162 0.0015201751 3.1570994e-07 0.0072177364 1.3275252e-06 0.00034902708 0.00023350865 1.232553e-05 0.00021878364 0.00067563367 0.00430028 5.4979696e-06 0.00039881625 0.00086551235 1.5626265e-06 0.00062912866 0.0016090793 0.0029323623 1.8197211e-06 0.00151295 0.0014101833 0.005835234 1.8965635e-05 5.7806486e-05 0.0005844466 1.19044735e-05 2.629049e-06 0.00060971396 8.494451e-05 9.345558e-08 3.9002764e-08 0.00016316028 0.00020108158 4.4777214e-05 1.0564772e-06 3.7648813e-05 6.153768e-07 2.567394e-05
0.33298996 0.35767943 0.21977176 0.3196752 0.19083175 0.6996442 0.7120783 0.5515245 1.4496834e-23 0.021307029 0.061874352 0.91287917 0.07376326 0.1064765 0.85071415 0.80296737 0.0147601385 0.011637216 0.06731089 0.0026671547 0.57021356 0.048300564 0.0336217 0.13003796 0.27026865 0.032756783 0.33078977 0.0004376288 0.021719381 0.006499863 0.053026605 0.0010646558 0.045896962 0.0009900321 0.00022227773 0.0005938227 0.001605667 0.00029877666 0.0008597094 0.00019837251 0.0028240932 0.07406217 0.0034946576 0.0026026296 0.018893752 0.23193622 0.00051397854 2.6954473e-05 0.08277374 0.00087326823 0.004266847 0.051102165 0.002360898 3.789058e-05 0.015754247 0.006222493 0.0030797378 4.98711e-05 0.0031428828 0.0029516092 0.04432558 9.281869e-05 0.0029697518 0.0005834316 0.013154991 4.43129e-05 0.0027930995 1.7500628e-05 1.0425565e-05 0.0020004967 4.2815598e-05 0.00094732194 0.00016932863 0.002345945 5.957507e-05 1.2848135e-05 5.0376555e-05 5.8656283e-06 0.00045979006 8.631203e-06 0.0056840884 8.40559e-05 2.0825544e-05 0.0009933895 0.007199409 1.628917e-05 8.523814e-06 6.1003816e-06 2.8443012e-06 6.9836647e-06 8.357639e-05 9.987951e-05 3.8589606e-06 8.661163e-07 0.0012953901 0.0005991531 0.00023395695 7.8589835e-07 0.00016017242 2.106758e-06 0.0003783748
0.6868527 0.2651078 0.56497765 0.06923599 0.5364832 0.013859337 0.045423247 0.0766265 0.021307029 7.1971673e-20 0.062133923 0.017201234 0.20186752 0.011274794 0.004681549 0.0031781432 0.71186 0.001618884 0.0070723062 0.9526563 0.008559659 0.32646564 0.07818047 0.06956478 0.02058339 0.00015280466 0.0033069623 0.32238784 0.1593594 0.027304376 0.0017744559 0.058722287 0.00048549712 0.43866235 0.0767876 0.073563695 7.919323e-05 0.035509713 0.0002538513 0.00012522013 0.00081387773 0.00015922435 0.0014092417 0.007826601 0.028720196 0.0011965819 0.00017714815 2.4950241e-05 0.0001051228 0.052935094 0.43302622 0.0012996753 3.519387e-05 0.017219057 0.0033339527 0.0044497815 0.00056968984 1.4552944e-05 6.0373827e-06 0.0003923742 0.0004530914 1.8669945e-05 0.008903536 0.021393098 6.585096e-05 2.3463697e-05 0.29446924 3.369865e-05 0.0010015991 0.0045964825 5.2590906e-07 8.35361e-06 0.014870216 0.40851393 3.6878148e-05 0.0050215414 0.00042008798 9.247998e-06 1.0671396e-05 0.002334716 2.4231427e-05 2.1165728e-05 0.0042441427 0.010188318 0.00018977097 0.00064350833 0.00043899255 0.0044338605 0.0005135746 1.2539501e-05 0.015269708 5.888358e-05 8.594147e-07 2.1565322e-07 0.0006900769 6.045982e-05 2.3960067e-05 0.0001772384 4.57464e-05 7.9666366e-05 1.0674057e-06
0.9600101 0.68327177 0.20373507 0.8652964 0.036279306 0.12112412 0.09986556 0.020896316 0.061874352 0.062133923 2.022651e-18 0.012734699 0.0050980565 0.5553787 0.006704433 0.0077876695 0.0037157463 0.6098767 0.2429096 0.004707723 0.004266827 0.38944075 0.7604376 0.00094804313 0.0010097354 0.062143154 0.0007625987 0.0003515737 0.00080530805 0.7925839 0.06123765 0.0001089365 0.009655627 0.008426347 0.00092841854 0.00012512688 0.072112724 1.0613312e-05 0.018636547 0.014127599 0.21884294 0.0010558045 0.37359983 0.58161116 0.00033350848 0.0005234945 0.04559023 0.0022198942 0.00020575688 0.0020596185 0.2949936 0.00041265183 0.003331488 1.4533235e-05 0.00011068082 0.00010446629 0.0004208569 0.0020937072 8.479555e-06 1.8024122e-05 0.00035383762 0.0030212114 0.2578779 0.0028565137 1.8488316e-05 0.004530422 0.009214369 0.012227439 8.348788e-05 0.1519579 2.607791e-06 8.381452e-06 0.0006873823 0.12396784 0.00066739786 0.00014353998 3.4040484e-05 2.0715055e-05 1.5294832e-05 1.7797172e-05 0.00021198484 1.1592653e-05 0.0002510202 0.054858092 0.00062619586 8.630676e-06 2.0030597e-05 0.00022192273 1.3849241e-06 6.9025096e-05 0.00037019726 2.3856368e-05 0.0008476709 2.4980856e-05 0.0522758 0.00012442327 5.8419493e-05 1.7960232e-06 4.8011778e-05 8.521069e-06 5.7922566e-06
0.29918078 0.11956576 0.111840665 0.120363355 0.18474019 0.34546775 0.6152786 0.6636988 0.91287917 0.017201234 0.012734699 2.0945557e-23 0.080120765 0.032225296 0.8454051 0.4790576 0.017415494 0.0028228022 0.019544324 0.003373312 0.8831868 0.018810846 0.0068580173 0.29428163 0.690314 0.008056976 0.7817233 0.0009068688 0.023786843 0.003585698 0.0138493795 0.0017969349 0.01254945 0.0012746516 0.00059408863 0.0008307908 0.0004973392 0.00047880894 9.890727e-05 1.6291857e-05 0.0011238923 0.03095932 0.0005611181 0.00081442087 0.023570746 0.43101466 0.00065440615 4.137353e-06 0.0809143 0.0010059484 0.0023297616 0.12510857 0.00032226072 0.00031957755 0.014720385 0.00904118 0.00044033575 7.641785e-06 0.0025936489 0.0026844945 0.12403427 1.3881961e-05 0.001703095 0.0009308446 0.034361012 7.757937e-06 0.0034044366 1.5092204e-06 5.781261e-05 0.0009678089 7.30638e-05 0.0012169661 0.00028629787 0.003470274 4.056074e-05 6.240526e-05 0.00015585961 1.8112113e-06 0.00030459516 0.00010317689 0.022442125 2.2588069e-05 0.000110036504 0.0010384554 0.044085294 2.035486e-05 2.6743433e-05 2.3000915e-05 4.567106e-06 2.5934164e-06 4.931223e-05 0.00010559736 7.0530757e-07 1.6476025e-07 0.0006545928 0.0013232176 0.00090405374 2.7597766e-06 0.0008313726 1.3989469e-06 0.00036904638
0.8372367 0.072589934 0.26531187 0.018704137 0.6956276 0.018975606 0.1816799 0.17696834 0.07376326 0.20186752 0.0050980565 0.080120765 7.6111576e-19 0.002304137 0.051042147 0.009206854 0.9139402 3.892468e-05 0.0017999208 0.0411292 0.09790876 0.065313086 0.0093618035 0.74181813 0.21022397 7.4975214e-05 0.04152301 0.0798002 0.9162752 0.0014398865 0.0007632586 0.13908136 0.00043761815 0.052884724 0.019513434 0.17415015 1.4981591e-05 0.09157771 6.589085e-05 4.7390786e-05 0.00012261278 0.00039787343 0.00013090069 0.0006681034 0.2729446 0.03547526 4.8859194e-05 4.953865e-06 0.0018084077 0.017389586 0.044124097 0.1724969 2.2998962e-05 0.012383228 0.07616469 0.112462215 4.4016593e-05 3.7026703e-06 0.00011035714 0.015365764 0.052240293 4.1407043e-06 0.0014070051 0.026066786 0.0004848239 1.5131765e-06 0.04869947 1.0344211e-06 0.017938836 0.00037674818 9.2619075e-06 9.227527e-05 0.009229465 0.03781657 2.7540886e-05 0.0024668383 0.0041774767 8.0512145e-06 0.0011356345 0.00202745 0.003978709 6.7172264e-06 0.0026022624 0.0016573538 0.007284575 0.001701307 0.0021591247 0.0011933466 0.0011794745 6.4142387e-06 0.0064610303 0.0010884933 5.93021e-08 6.9363715e-08 3.8317812e-05 0.00027447924 7.146125e-05 0.0001499575 6.6138826e-05 2.5126461e-05 1.0497829e-05
0.7436757 0.22947311 0.082573704 0.6505164 0.00863993 0.31716275 0.06304855 0.013176945 0.1064765 0.011274794 0.5553787 0.032225296 0.002304137 1.4990525e-18 0.057057954 0.13568644 0.0005345319 0.94810045 0.75002 0.0008593819 0.01561219 0.054294556 0.08197329 0.00316242 0.0035417255 0.67688423 0.008168372 6.71967e-05 0.0007430092 0.10376788 0.45111403 1.6141057e-05 0.12157781 0.0017708737 0.00075150566 7.150836e-05 0.44037893 7.416125e-05 0.23928969 0.16813101 0.1353459 0.069931075 0.14556898 0.13722853 0.000915434 0.0045425138 0.08329922 0.057942063 0.0097048925 9.828405e-05 0.022562845 0.009797168 0.12861289 2.4952858e-05 0.0021965052 0.0010873759 0.014552329 0.012055907 0.0006689048 0.0026611686 0.00198885 0.010076662 0.058428723 0.00031449337 0.00011248513 0.0032861878 0.0020805595 0.0062971115 6.7253124e-05 0.039650664 0.00041722867 0.0002711943 0.00017902962 0.0053672562 0.012018655 1.9312403e-05 0.00043093483 0.002261056 0.0006096259 0.000101821395 0.00017291255 0.00064298045 0.0001874526 0.002308339 0.0013828902 0.0001752435 0.00015031832 4.9455968e-05 5.1219573e-05 0.0010978736 1.51721315e-05 0.0006411631 0.0011198042 0.00081309106 0.023146247 0.0004634707 0.0001475431 4.5394713e-06 0.0002451885 0.00082486036 0.00048860826
0.42935017 0.051704135 0.029069155 0.15145446 0.07418229 0.5386907 0.30100673 0.22561148 0.85071415 0.004681549 0.006704433 0.8454051 0.051042147 0.057057954 1.3976117e-18 0.870142 0.009502386 0.011587134 0.09474936 0.00036262593 0.6083258 0.03873683 0.008339852 0.0864409 0.21161059 0.050984472 0.29412192 0.00010099732 0.009989587 0.002191423 0.12780309 8.6330925e-05 0.09369775 8.734414e-05 1.807828e-05 0.00013724112 0.0025234658 4.6023662e-05 0.00093878387 0.00020094511 0.0038013712 0.37234583 0.0011184909 0.00073326577 0.02047333 0.8352339 0.0019268069 3.688367e-05 0.46605474 0.00011358391 0.0014811048 0.11696478 0.0062603373 1.702546e-05 0.015790045 0.0034006415 0.0057447017 2.4739837e-05 0.073611744 0.0029037823 0.153738 7.058573e-05 0.004145173 0.0010069831 0.17053026 6.4752116e-05 0.0007780532 1.5814318e-05 1.4169158e-05 0.0022037514 0.0012124702 0.014343872 0.00010024204 0.014254333 0.000103827566 3.371268e-06 2.7568138e-05 3.3389929e-06 0.00026614274 5.6711096e-06 0.028970903 0.00016420928 6.6420903e-06 0.0022518472 0.023101995 8.920334e-06 7.0094e-06 2.510802e-07 2.122881e-06 3.1557886e-06 9.16757e-06 3.954418e-05 1.6543305e-05 7.7706017e-07 0.002180207 0.005786341 0.0012361035 7.0119904e-07 0.0008383747 1.6309946e-06 0.0008241554
0.37950003 0.047745075 0.022705795 0.17795499 0.018296907 0.8584174 0.19853233 0.048519082 0.80296737 0.0031781432 0.0077876695 0.4790576 0.009206854 0.13568644 0.870142 8.105736e-21 0.0010321597 0.008881651 0.44601873 6.5897446e-05 0.26340294 0.013119171 0.009492622 0.002806217 0.018141763 0.31762496 0.09182365 1.9419487e-05 0.0016584321 0.0025515652 0.70034695 7.137416e-06 0.61978054 6.0116115e-05 2.5544332e-05 3.065872e-05 0.0074061886 5.2026685e-06 0.012146571 0.0062720235 0.008283554 0.7840364 0.004500882 0.0030307171 0.00390786 0.5593077 0.0016043031 0.00031166826 0.5397383 4.9062302e-05 0.0005757196 0.04966036 0.13407564 3.073479e-06 0.0088845445 0.00026977426 0.062654406 0.0003799809 0.1331691 0.0018693347 0.033296928 0.0004803791 0.005904576 0.0009350071 0.051361356 0.00032019164 0.0002855927 1.47942055e-05 3.822137e-06 0.001978089 0.005015442 0.012807777 8.501858e-05 0.0034815443 0.0016735727 9.502994e-06 7.5545554e-06 7.900276e-05 6.742022e-05 7.406827e-06 0.01628198 0.0026654128 2.9101766e-05 0.0018098758 0.0028319845 1.5009005e-05 6.4501914e-06 4.4325343e-06 3.0961198e-06 3.422293e-05 3.1858551e-06 4.9584355e-06 6.738454e-05 5.478029e-06 0.0028855063 0.0027262012 0.0007242798 2.1690812e-07 0.0001681462 5.636112e-06 0.0048111524
0.6833317 0.061112434 0.24669819 0.0067674834 0.55297405 0.0018982356 0.040613946 0.059628475 0.0147601385 0.71186 0.0037157463 0.017415494 0.9139402 0.0005345319 0.009502386 0.0010321597 8.314697e-19 2.24857e-05 0.00022126993 0.3563173 0.018367901 0.053385027 0.0054065753 0.3343627 0.053621326 1.2500302e-05 0.00557657 0.6970337 0.85638934 0.000671591 0.00013071172 0.64241594 0.00014101237 0.11158633 0.15741739 0.37287465 9.183725e-06 0.1895801 7.5504046e-05 2.4816922e-05 4.63684e-05 3.577077e-05 3.4477136e-05 0.00026173788 0.15303177 0.0017381876 3.3009943e-05 9.053398e-06 0.00011489815 0.059232555 0.060183093 0.0336053 1.1024105e-05 0.05089097 0.037537765 0.06289766 2.7554654e-05 5.125903e-06 1.0194893e-05 0.0028484329 0.007510088 7.669967e-06 0.0007145947 0.035124082 3.2759897e-05 3.313372e-06 0.15640402 2.6484008e-06 0.018399885 0.00017299075 8.967626e-07 2.0130292e-05 0.014964164 0.072362565 3.3988e-05 0.0042683166 0.0025575275 3.6777956e-06 0.00021342284 0.0042704744 0.00031291167 1.0263658e-05 0.007354316 0.0021054368 0.0004094722 0.0016394939 0.001328233 0.0029515573 0.0011367965 8.772587e-06 0.013369895 0.00043013826 9.732757e-08 5.2842754e-08 5.8207777e-05 7.108387e-05 7.199179e-05 0.00033465482 2.8390616e-05 3.745003e-05 3.2591483e-06
0.778695 0.054770935 0.011311407 0.26590416 0.00030958926 0.041657377 0.0039836527 0.0005413261 0.011637216 0.001618884 0.6098767 0.0028228022 3.892468e-05 0.94810045 0.011587134 0.008881651 2.24857e-05 1.7942875e-19 0.46494648 6.306583e-05 0.00080299657 0.030811457 0.07347292 9.187548e-05 6.679024e-05 0.31999683 0.00048762787 4.4361036e-06 1.779395e-05 0.181192 0.22315931 7.446862e-07 0.041748174 0.00010642791 1.5974962e-05 1.5434995e-06 0.7154805 7.968436e-07 0.2442187 0.17471454 0.50712395 0.01680731 0.5850346 0.47273886 6.733475e-05 0.0005333712 0.23427323 0.0478313 0.0003819508 8.5640995e-06 0.01867037 0.00015737428 0.069954306 2.0286154e-06 0.0002941244 6.605922e-05 0.0067756884 0.016234776 4.4678854e-05 0.00027736585 0.0005219342 0.0121896975 0.1594519 0.00010837467 1.0693452e-05 0.009380231 0.0012929544 0.017741548 7.6499955e-06 0.08452178 8.467183e-06 3.8307764e-05 3.4203447e-05 0.004999838 0.0050568446 7.0786255e-06 3.619967e-05 0.0043834182 6.1764746e-05 2.6176083e-06 7.959342e-06 9.64501e-05 1.0056745e-05 0.0017262745 0.00030423485 1.2635861e-05 9.7080065e-06 9.0041493e-07 2.6653415e-06 0.00036894958 4.5275272e-07 4.465985e-05 0.0026845152 0.0008779583 0.04502422 0.00011216773 2.0417814e-05 1.18426335e-07 2.1711674e-05 0.0006768077 5.111198e-05
0.7012876 0.16507702 0.053781543 0.55808586 0.017864581 0.6836229 0.030210966 0.008132477 0.06731089 0.0070723062 0.2429096 0.019544324 0.0017999208 0.75002 0.09474936 0.44601873 0.00022126993 0.46494648 2.0559447e-19 0.00016493516 0.013322243 0.12076708 0.15723242 0.0019086415 0.0009777865 0.93533057 0.004714687 1.4052833e-05 0.00011390923 0.13182639 0.5360821 1.8433999e-05 0.23088409 0.00051982125 6.4544656e-05 1.0036223e-05 0.3656735 2.4877904e-06 0.117555566 0.08635261 0.30403703 0.3245851 0.2643432 0.16399345 0.00015919763 0.027741242 0.04959947 0.019402022 0.03648756 1.766964e-05 0.008130647 0.0011968232 0.18392311 2.546726e-06 0.001571061 0.00013072381 0.03446998 0.0045817164 0.0045222873 0.0010235648 0.0015748945 0.0024606038 0.05172682 0.00013746734 0.000275828 0.0031782417 0.0012922166 0.0031664758 1.255474e-06 0.021998936 0.00048737266 0.00029447855 0.000106169915 0.0029755635 0.0095612 3.1623442e-06 1.4618794e-05 0.0022942973 0.0001566267 3.112901e-06 3.647771e-05 0.0017199266 9.41566e-06 0.002436388 2.9041797e-05 9.382459e-06 9.529693e-06 9.128948e-06 2.8153092e-06 0.0005004863 4.66217e-06 1.7944712e-05 0.002734166 0.00052226754 0.024696013 0.000110001136 2.3834971e-05 7.506073e-08 1.3904552e-05 0.00020348835 0.000852
0.33760008 0.046828456 0.12183106 0.0038946702 0.08381124 0.00057022745 0.008271511 0.00879744 0.0026671547 0.9526563 0.004707723 0.003373312 0.0411292 0.0008593819 0.00036262593 6.5897446e-05 0.3563173 6.306583e-05 0.00016493516 3.8352084e-21 0.0015756605 0.052989088 0.012239158 0.0056838016 0.0037527864 4.2020456e-06 0.00053874846 0.6494515 0.06974773 0.0017697206 1.8901588e-05 0.21858893 3.0098032e-05 0.8606098 0.50643533 0.045979097 3.163089e-06 0.014916603 2.9370405e-05 3.5988342e-06 1.927154e-05 5.657842e-06 4.1004078e-05 0.00077253004 0.0053482843 0.00017920113 2.2515891e-05 3.2702353e-06 5.015477e-06 0.064665884 0.22942258 0.00026860874 3.3678393e-06 0.033204455 0.0014731323 0.0011656964 1.6024216e-05 1.1880354e-06 2.004031e-06 0.00016977736 0.00010042183 7.813699e-06 0.0015362523 0.04071956 2.8841318e-06 4.4288245e-06 0.23115765 1.6142573e-06 0.00090305036 0.000693047 5.303787e-07 1.0358282e-05 0.011777143 0.21179543 1.7535931e-05 0.0033503487 0.00039846764 3.520721e-06 9.958007e-06 0.0013606043 8.523742e-06 4.630333e-06 0.002802307 0.0034589244 0.00023813898 0.00048411143 0.00036608308 0.00091587496 0.00035008552 1.0754211e-05 0.0072122696 5.2937765e-05 8.0996855e-08 1.7310079e-08 3.0180236e-05 6.193114e-05 1.7853985e-05 0.00016801011 2.1169602e-05 3.1914708e-05 5.9328404e-06
0.21180238 0.06913834 0.08829931 0.07089659 0.18013403 0.2245908 0.31995752 0.3764419 0.57021356 0.008559659 0.004266827 0.8831868 0.09790876 0.01561219 0.6083258 0.26340294 0.018367901 0.00080299657 0.013322243 0.0015756605 8.144871e-24 0.006264345 0.0015673063 0.43284848 0.74845165 0.0040877652 0.91988236 0.00053249317 0.045486297 0.00036214848 0.006753953 0.0016203708 0.0061183735 0.00020805822 0.00010373363 0.0015798406 6.4112144e-05 0.0012159139 0.00010240208 7.890671e-06 0.00018911803 0.016010942 7.10128e-05 0.0001278307 0.03628228 0.4441844 0.00052582467 2.6316877e-06 0.07430683 0.0004698651 0.0007340865 0.34689125 0.00019988605 0.00043472284 0.023711009 0.0125554465 0.00028265547 9.62479e-06 0.0025066677 0.0043575414 0.33829364 1.2711826e-05 0.0005719073 0.00051136507 0.057683308 5.298188e-06 0.0010113616 1.7488765e-07 0.0001002647 0.00020398517 3.8707756e-05 0.0020814664 7.1929884e-05 0.0012595756 3.290713e-05 2.1602662e-05 0.00022378213 1.8693061e-06 0.0005541865 0.00014808851 0.039183114 7.963328e-06 6.834055e-05 0.00034607208 0.11285582 1.7230112e-05 2.246945e-05 2.677361e-06 6.899913e-06 1.6269956e-06 2.0313188e-05 0.00017476785 2.711688e-07 1.06133e-07 0.0001791707 0.0022241143 0.0020461373 1.1601185e-06 0.0016187073 3.3262988e-06 0.00022375843
0.9372437 0.44667807 0.44077003 0.31444427 0.33129624 0.09447454 0.105303474 0.05957851 0.048300564 0.32646564 0.38944075 0.018810846 0.065313086 0.054294556 0.03873683 0.013119171 0.053385027 0.030811457 0.12076708 0.052989088 0.006264345 4.9529903e-21 0.9635829 0.02055432 0.005689631 0.019956777 0.0023815965 0.032766618 0.020166736 0.66933364 0.024201876 0.0037561867 0.009148561 0.095295824 0.011986405 0.009402784 0.001882333 0.0032590365 0.0019803038 0.0014404503 0.018758757 0.0004771315 0.013839682 0.027103722 0.0015325202 0.0003643463 0.0011077401 0.00020829984 5.9067952e-05 0.009419052 0.8163399 0.0006280388 0.00020731824 0.0010702818 0.00038457918 0.0006208279 4.8417744e-05 5.471641e-05 2.4708206e-06 3.174723e-05 0.00062667055 0.00028913477 0.019859437 0.015892802 7.595173e-05 0.00040302993 0.063614324 0.0006893004 0.00021173773 0.021076025 1.1798609e-06 7.6196548e-06 0.012437719 0.30736268 0.00012954135 0.0064362036 0.00011606543 2.3506743e-07 1.15854355e-05 0.0006454721 3.6289613e-05 1.9900233e-06 0.0026173876 0.18709111 0.0001912497 0.00013344546 0.00011176314 0.0069975588 0.0001206191 2.9304405e-05 0.0069887214 4.0491614e-06 1.1362057e-05 2.5223708e-08 0.0049555404 8.180432e-05 2.5456296e-05 1.045738e-05 1.0957442e-05 9.2173866e-07 1.3021031e-06
0.78445464 0.2869181 0.20265378 0.3142152 0.07887446 0.101273924 0.048674777 0.016628364 0.0336217 0.07818047 0.7604376 0.0068580173 0.0093618035 0.08197329 0.008339852 0.009492622 0.0054065753 0.07347292 0.15723242 0.012239158 0.0015673063 0.9635829 1.4813589e-22 0.0021903603 0.0011492346 0.020699352 0.0003743593 0.0024420046 0.0027987189 0.9283032 0.02976157 0.0004774301 0.0036191964 0.010719587 0.0010981505 0.0006099428 0.0063332208 0.0003585754 0.0044297287 0.0012440359 0.013583783 0.00035199375 0.023158431 0.11605738 0.00023635969 8.5714004e-05 0.004372788 0.0003036259 7.933841e-06 0.0007445996 0.35383797 0.00011273568 0.00036105135 0.00015161406 4.8560036e-05 9.667581e-05 5.9133552e-05 0.0001588479 1.1106548e-06 3.0848834e-05 0.00018752 0.00057720667 0.042257223 0.0024453176 5.5043542e-06 0.0008012976 0.019904235 0.0019092277 1.9446488e-05 0.030303476 8.6714145e-08 3.1676295e-06 0.002433931 0.22794269 4.077774e-05 0.00043640894 2.3097438e-05 7.474425e-07 7.575319e-06 5.910046e-05 1.1681904e-05 1.3946684e-06 0.00031901727 0.11087376 8.615196e-05 4.9678474e-05 2.6590262e-05 0.00017988516 3.6538677e-05 6.6507364e-06 0.002296943 1.1390536e-05 2.4535e-05 3.5203414e-08 0.011691166 4.9852988e-05 3.042125e-06 6.126615e-07 3.8049814e-06 2.409463e-06 6.1451414e-07
0.8950423 0.050778273 0.12561947 0.036690313 0.49885246 0.01216853 0.30624032 0.3961578 0.13003796 0.06956478 0.00094804313 0.29428163 0.74181813 0.00316242 0.0864409 0.002806217 0.3343627 9.187548e-05 0.0019086415 0.0056838016 0.43284848 0.02055432 0.0021903603 1.1162047e-18 0.8954079 0.000235993 0.3466407 0.018118102 0.7380657 0.00019107523 0.0007784951 0.043637138 0.00075550284 0.011337725 0.0055586947 0.1772006 4.8774764e-06 0.12889484 7.659694e-05 5.7004877e-06 0.00024039959 0.0023107561 6.958585e-05 0.00011683002 0.7146563 0.18774419 2.0089135e-05 9.965469e-07 0.010851689 0.02326402 0.00925427 0.59345007 5.863964e-05 0.007391082 0.34730485 0.38530344 4.7307563e-05 3.3579004e-06 0.00024841182 0.098396935 0.30819967 4.436558e-07 0.000387113 0.024196358 0.0037063695 9.642218e-08 0.010082434 2.835963e-07 0.092106216 6.8132635e-05 6.9860826e-06 0.0005984385 0.004717905 0.010902517 2.4981717e-05 0.0035408556 0.028017689 5.7733825e-05 0.013955346 0.0033801796 0.020200891 1.1518839e-05 0.005612582 0.0019763042 0.12867172 0.0017355558 0.0050175064 0.0023447995 0.001094773 9.7615275e-06 0.0035383797 0.0057817353 6.9395304e-07 2.9657213e-07 5.7970843e-05 0.00077456015 0.00043278444 4.3187632e-05 0.0005947618 1.0372147e-06 1.8580937e-05
0.24104668 0.042476848 0.07154934 0.023278348 0.20019196 0.03682401 0.30123645 0.48760152 0.27026865 0.02058339 0.0010097354 0.690314 0.21022397 0.0035417255 0.21161059 0.018141763 0.053621326 6.679024e-05 0.0009777865 0.0037527864 0.74845165 0.005689631 0.0011492346 0.8954079 3.1019358e-23 8.552612e-05 0.9293292 0.0021327778 0.1843716 0.00014506462 0.00025619706 0.00585067 0.0002327139 0.0034121757 0.001020245 0.014324296 8.791095e-06 0.009477516 9.242433e-06 7.5692924e-07 0.00011233301 0.0003356236 4.3211363e-05 7.493289e-05 0.3093418 0.10927025 8.722028e-05 1.1960899e-06 0.0073086377 0.002636794 0.0015743808 0.48774162 8.811735e-06 0.001884245 0.15352656 0.066493854 1.7071294e-05 5.798297e-06 0.00035202346 0.030626442 0.33662555 5.647583e-06 0.00040857756 0.0026759035 0.005284395 1.2472409e-06 0.005107498 8.2961144e-08 0.00062898465 3.6024892e-05 1.9303472e-05 0.00044964714 0.00067453954 0.0012317165 8.346054e-06 0.0007978764 0.0023986122 2.7586111e-06 0.004731871 0.001561618 0.01876627 1.2399979e-06 0.0023306417 0.0007893502 0.09348171 8.1765946e-05 0.00024136512 0.00046354384 3.8656257e-05 3.8804574e-06 0.00049172057 0.00046891565 4.1289844e-08 1.3983441e-08 5.641164e-05 0.0005007162 0.00067907607 3.1362779e-06 0.0006353747 2.3581524e-06 0.00012700442
0.3576654 0.042419575 0.006063129 0.19981927 0.0007272591 0.38139293 0.00934547 0.001572983 0.032756783 0.00015280466 0.062143154 0.008056976 7.4975214e-05 0.67688423 0.050984472 0.31762496 1.2500302e-05 0.31999683 0.93533057 4.2020456e-06 0.0040877652 0.019956777 0.020699352 0.000235993 8.552612e-05 1.6900575e-20 0.0022323648 9.987618e-07 6.289942e-06 0.026359657 0.7877891 2.3229536e-07 0.45873758 5.66182e-06 1.1457086e-06 4.5870863e-07 0.5493635 1.3343671e-07 0.5433243 0.24833375 0.08997182 0.45420274 0.07408094 0.053245943 4.3192e-05 0.014788247 0.0976835 0.08499328 0.029143503 1.0172133e-06 0.0006772593 0.0002644128 0.5692683 5.111997e-07 0.0003033321 7.7178476e-05 0.10308103 0.011072421 0.001325797 4.0752628e-05 0.00038569665 0.0059576803 0.013117202 5.2109363e-06 9.882962e-06 0.0036683735 3.5425375e-05 0.00509953 1.8424964e-07 0.0073403264 0.000122015554 7.917813e-05 2.995184e-06 0.0009885485 0.045066774 6.6730486e-08 1.8003224e-06 0.009079458 2.9469753e-05 3.8879196e-07 2.248408e-06 0.0041064206 5.367212e-07 0.00032612908 8.9056484e-05 3.3870248e-07 3.4767362e-07 6.89427e-08 7.422843e-08 0.0014721542 4.5182425e-08 4.4383846e-06 0.0014511858 0.00054619496 0.008272359 8.284655e-05 8.641498e-06 2.685685e-08 3.0911456e-06 0.0012470636 0.000547197
0.03858573 0.01872087 0.023020582 0.016214103 0.041919548 0.070333816 0.1513423 0.19650096 0.33078977 0.0033069623 0.0007625987 0.7817233 0.04152301 0.008168372 0.29412192 0.09182365 0.00557657 0.00048762787 0.004714687 0.00053874846 0.91988236 0.0023815965 0.0003743593 0.3466407 0.9293292 0.0022323648 2.0401522e-22 0.0001956809 0.02238538 6.96919e-05 0.0035702744 0.00053421623 0.0026745899 0.0002874543 0.00012323774 0.0010183644 0.00016976456 0.0003504481 2.5543502e-05 6.4882943e-06 0.00025987346 0.0058594453 0.0002197273 0.00018159919 0.05508065 0.29573518 0.00048319658 6.1192018e-06 0.02671522 0.00023377428 0.000528747 0.2600506 8.317587e-05 0.00020302585 0.05250056 0.017016785 8.802768e-05 2.7660308e-05 0.0026824563 0.012643415 0.20521852 3.4535024e-05 0.00095033244 0.0006135491 0.032810584 1.9904724e-05 0.0010750607 1.2781791e-06 9.743545e-05 0.00017475369 7.409896e-05 0.0016336419 0.00020373556 0.002329976 2.4456229e-05 6.820323e-05 0.00023729088 3.9773167e-06 0.0016958632 0.000273806 0.06257067 3.0568347e-06 9.912305e-05 0.00045676157 0.09721847 3.0577896e-05 2.4113675e-05 4.555348e-06 1.232392e-05 2.1965498e-06 1.415989e-05 0.00011762714 9.034486e-07 6.9982815e-07 0.00030723657 0.002391382 0.0033588726 3.153132e-06 0.0025689853 4.2488464e-06 9.131764e-05
0.6214562 0.0075892573 0.03845737 0.0007109489 0.06732067 0.00024132137 0.0016051908 0.0030818107 0.0004376288 0.32238784 0.0003515737 0.0009068688 0.0798002 6.71967e-05 0.00010099732 1.9419487e-05 0.6970337 4.4361036e-06 1.4052833e-05 0.6494515 0.00053249317 0.032766618 0.0024420046 0.018118102 0.0021327778 9.987618e-07 0.0001956809 7.786714e-20 0.15645878 0.00035249963 6.169451e-07 0.97057444 5.182479e-06 0.5144028 0.6360309 0.10791463 1.0320719e-06 0.051055398 1.0879664e-06 1.4602574e-07 1.7126982e-05 1.4529875e-06 9.578476e-06 0.0001623225 0.01951727 2.217908e-05 2.5565094e-05 2.5560507e-07 1.2100829e-06 0.22181979 0.13695471 0.0011737165 1.5987085e-06 0.12648776 0.0030121435 0.008413038 4.995843e-06 3.7152532e-07 7.617289e-07 0.00034408964 0.00027519584 6.58718e-07 0.00036668184 0.18931346 4.2796346e-06 3.8548023e-07 0.2639525 3.9755324e-07 0.0021285308 6.4618434e-05 1.1878355e-07 4.110883e-06 0.057151083 0.1349411 6.6543143e-06 0.0060170093 0.0005109378 3.1577528e-07 2.1290332e-05 0.0044397884 5.8792143e-06 3.1337363e-06 0.0057275794 0.0010035654 4.2922406e-06 0.0010250869 0.00049124926 0.0035100267 0.000793459 2.7448575e-06 0.0283093 0.00012090944 2.9379619e-09 5.766168e-09 3.3895244e-06 3.7848902e-05 1.4760707e-05 0.00060531567 8.727325e-06 5.9269137e-06 6.8673415e-07
0.6834378 0.033400968 0.11108761 0.0018057468 0.2632414 0.0015682924 0.08530926 0.072869994 0.021719381 0.1593594 0.00080530805 0.023786843 0.9162752 0.0007430092 0.009989587 0.0016584321 0.85638934 1.779395e-05 0.00011390923 0.06974773 0.045486297 0.020166736 0.0027987189 0.7380657 0.1843716 6.289942e-06 0.02238538 0.15645878 1.4103462e-20 0.00029485289 8.196308e-05 0.50762355 0.00010899522 0.08548986 0.066596195 0.6951111 9.5708965e-06 0.69580024 3.5285215e-05 3.0489184e-06 4.697479e-05 0.00054336525 2.2966264e-05 0.00028651176 0.47114056 0.0050588003 0.000102059974 1.5103566e-06 0.00078920496 0.03282666 0.031794082 0.20340899 1.5875605e-05 0.15504766 0.20500234 0.34920636 0.00014970274 8.75496e-06 0.00026883016 0.035300743 0.039930385 5.85993e-06 0.0013502535 0.02966641 0.0002986103 2.1309843e-06 0.05583955 3.8133388e-07 0.11582657 0.00015146912 1.253925e-05 0.00012818878 0.012031581 0.026144726 3.2082695e-05 0.0055066785 0.019204905 6.816506e-05 0.00064707233 0.013448953 0.0027828377 2.5821698e-06 0.0115056485 0.0040052556 0.0053067314 0.009100372 0.006675118 0.0026320685 0.0070759566 1.6465174e-05 0.008851621 0.0020173544 2.3836901e-07 3.7203446e-07 5.982461e-05 0.00019778199 0.0002867334 0.0013167366 9.989694e-05 3.6377245e-05 2.4429233e-05
0.9713652 0.19378339 0.10064701 0.21765544 0.011320423 0.02852859 0.01026224 0.0039011738 0.006499863 0.027304376 0.7925839 0.003585698 0.0014398865 0.10376788 0.002191423 0.0025515652 0.000671591 0.181192 0.13182639 0.0017697206 0.00036214848 0.66933364 0.9283032 0.00019107523 0.00014506462 0.026359657 6.96919e-05 0.00035249963 0.00029485289 2.84438e-23 0.023328898 4.5141274e-05 0.0056710234 0.0010754928 0.00010489788 9.3817296e-05 0.016380904 2.8148675e-05 0.008512918 0.0036870886 0.04965328 9.875119e-05 0.094784945 0.48981547 2.2992584e-05 4.5372594e-06 0.011400351 0.00077679305 1.0667828e-06 0.00015297845 0.27291033 1.3401202e-05 0.00024942405 1.54837e-05 5.460965e-05 2.4753197e-05 5.427378e-05 0.000584686 3.064662e-07 2.3371462e-05 6.959845e-05 0.0010406752 0.15410127 0.00047142932 1.5000484e-06 0.0019417551 0.0038112302 0.0032628325 1.2691416e-05 0.09477595 1.5892662e-07 1.1795088e-06 0.00027825814 0.15685597 5.877283e-05 1.782265e-05 2.7615897e-05 3.2804435e-06 1.920526e-06 1.1377737e-05 9.562221e-06 2.0432376e-06 4.7947717e-05 0.11703832 2.0163108e-05 1.4927654e-05 1.5201243e-05 1.0728785e-05 3.9403217e-06 4.7335743e-06 0.00016298657 5.123523e-06 7.8289566e-05 4.9071986e-07 0.023719342 1.5845715e-05 1.5910563e-06 3.977645e-07 2.6020302e-06 4.1195644e-06 9.899616e-07
0.19538268 0.09267339 0.030778242 0.2811122 0.005320168 0.50497556 0.012244867 0.002760272 0.053026605 0.0017744559 0.06123765 0.0138493795 0.0007632586 0.45111403 0.12780309 0.70034695 0.00013071172 0.22315931 0.5360821 1.8901588e-05 0.006753953 0.024201876 0.02976157 0.0007784951 0.00025619706 0.7877891 0.0035702744 6.169451e-07 8.196308e-05 0.023328898 6.216947e-21 6.3789485e-06 0.9551642 9.67287e-06 7.6123765e-06 1.4402401e-06 0.2550448 5.0938354e-07 0.12738031 0.07190756 0.06347736 0.52940214 0.053077392 0.014637796 0.0004272297 0.036155593 0.017988957 0.02125694 0.07799149 2.3833957e-06 0.0010797929 0.00067833986 0.24537574 6.4921755e-06 0.00059515925 0.00035567026 0.104206115 0.0034720763 0.0059258854 0.00020237516 0.0016972314 0.0019467911 0.0059923083 2.2378605e-05 0.0011596419 0.00073092623 0.00024684655 0.00038925945 1.4953301e-05 0.0023649565 0.00047003248 0.000709243 2.0186753e-05 0.0019470762 0.01778299 4.705449e-06 6.776909e-05 0.0010401885 9.832211e-05 4.1231847e-06 0.00010412772 0.0053260643 8.037941e-06 0.0012639532 0.00041525185 3.3544884e-06 6.3814678e-06 2.267679e-06 1.0752226e-06 0.0006032235 9.7547245e-06 5.796581e-05 0.000411358 0.0006261717 0.0064013605 0.000367381 0.00016501745 1.2604328e-07 0.000102037586 0.0003144811 0.001158447
