2.8305272e-29 0.08130929 0.21579811 0.2601941 0.6751745 0.21795525 0.3431193 0.6754844 0.3858139 0.86477363 0.02800599 0.80201364 0.80933005 0.41619584 0.106231004 0.46565938 0.062037565 0.00012010692 0.27237353 0.0004984094 3.8838525e-06 0.00011758462 0.14729519 0.1492325 0.5884572 5.7230936e-06 0.06274646 0.00022184802 0.91571087 0.35064116 0.6244421 0.49478635 0.5562956 1.193212e-06 0.65642565 0.016089465 0.6430535 0.16611823 0.0007262274 0.04249874 0.54187286 0.91580606 0.4590397 0.61229557 0.9128022 0.24641563 0.09758267 5.864615e-06 0.0022569231 0.79925764 0.68518 0.039845575 0.016965428 0.023261247 0.010224517 0.0016122458 0.0092907 0.6309398 0.9124012 0.23335725 0.9465586 0.09789749 0.9986121 0.50494933 0.69939554 0.20904508 0.089642085 0.009527735 0.025034945 5.572715e-07 0.9326225 0.6879851 2.2806015e-09 2.190121e-05 3.1136893e-05 8.5498476e-05 0.9020617 0.0017243691 0.14811157 0.97895485 0.43453377 0.004907775 0.9862271 7.2851066e-08 2.1466494e-06 0.01711809 0.9999027 0.08105734 0.9985525 0.99580854 0.9238412 0.13487335 0.99713606 0.66482925 0.97945607 0.0947546 0.63809353 0.94914645 0.054401577 0.9957319 7.4423134e-10
0.08130929 3.61789e-18 0.96158177 0.96156245 0.881613 0.234093 0.23272309 0.27592996 0.09522397 0.12323972 0.71152836 0.13460258 0.13360581 0.15546466 0.68753684 0.021782225 0.5146639 0.32812464 0.026902748 0.17989828 0.03444078 0.04280813 0.007767672 0.06529772 0.014772728 0.014493561 0.012030479 0.017451754 0.0070306063 0.011139641 0.021489127 0.0037073677 0.006676894 0.0042826505 0.00036933366 0.012286422 0.0058983685 0.009362009 0.0022107167 0.0009440017 0.000808623 0.0005753049 0.0037329586 0.0038085014 0.0011299821 0.0001809395 0.0057689846 0.0046422603 0.0006386978 0.0008445675 0.0005027196 0.0001429936 0.0009243585 0.0005655013 3.7059537e-05 0.008197235 0.0020497153 0.001416274 0.0003533289 4.7596233e-05 0.000638387 0.00018677577 0.000103231214 0.0012866786 0.00019960906 0.0010487967 0.00022922995 0.000115003495 1.7189737e-05 0.00042579713 0.0002629854 0.00018171214 0.00010498063 9.0094665e-07 0.00022704621 2.4239216e-05 0.0013066522 4.0538347e-05 0.0002531514 2.5053194e-05 7.311614e-05 0.00016328761 0.0014253157 2.0247277e-05 2.967954e-05 5.432836e-05 0.00030656048 0.00013766007 0.001049296 0.0012706537 0.00035145535 9.248142e-05 0.00025030377 0.00022313918 0.00055540923 5.4690587e-05 1.8171588e-05 0.000589915 1.5724203e-05 5.7671252e-05 8.3628685e-05
0.21579811 0.96158177 1.1388582e-18 0.9028921 0.70364773 0.022573203 0.06340604 0.090200886 0.016423082 0.030400163 0.46456864 0.14681739 0.084420465 0.7086727 0.47053164 0.0059132543 0.89476246 0.48040804 0.020174583 0.52854836 0.012484506 0.0037426006 0.0041815005 0.2923091 0.025422158 0.001983131 0.0027307584 0.08928049 0.02283553 0.07941571 0.00070116366 0.008539429 0.04132438 0.0011076974 5.03965e-05 0.0017870963 0.02146658 0.04602257 0.00016466767 0.00056595396 0.00051143044 0.0007757293 0.00044543605 0.009421692 0.005395624 8.441881e-06 0.0341357 0.027831206 0.00013523946 0.0028307172 0.0013346061 1.1166229e-05 0.013255998 1.610305e-05 2.494768e-06 0.12137648 0.042445328 0.0005648378 0.0006633627 8.7474854e-07 0.00044239446 4.716825e-06 0.002978516 0.0051576984 9.678729e-06 0.0034078343 0.0007435321 0.00048150285 0.000116269715 0.0054214005 6.887242e-05 0.001295298 0.0006431058 1.707846e-05 0.0027036162 0.00011563697 0.00012965257 0.00023211856 5.8092206e-05 0.0008576266 2.0065975e-06 5.9776676e-06 0.002150546 0.00012782718 0.000208681 5.877073e-06 0.0029038033 1.582477e-05 0.0022484898 0.0032128626 0.0012111239 0.00029317697 0.00035624873 0.00013231557 0.00023163427 1.6042595e-05 0.000109849025 2.7855278e-05 4.7234036e-05 0.00010450507 6.3400155e-05
0.2601941 0.96156245 0.9028921 9.8904163e-20 0.9563621 0.06941112 0.16725516 0.22400007 0.048225377 0.047761865 0.30231 0.48969352 0.2480506 0.77448463 0.37526459 0.008986251 0.5733499 0.09488282 0.064238995 0.08373428 0.00412061 0.002663568 0.008913514 0.27034777 0.060683034 0.0017242547 0.0061858036 0.016938163 0.0418359 0.065936364 0.0061080903 0.014415505 0.08235854 0.00075896515 0.00048046597 0.0028663033 0.053027723 0.03182807 0.00022319237 0.0013772598 0.0019455847 0.0034408255 0.0017433563 0.03029844 0.022485489 0.00016706999 0.038228717 0.003939871 0.0002725529 0.007744808 0.0050236373 4.2519736e-05 0.01170183 0.00024346866 4.5472657e-06 0.048688743 0.03903958 0.0021733628 0.0033190553 2.6615924e-06 0.0009618579 2.5287006e-06 0.0037253262 0.0046472885 8.860374e-06 0.003302098 0.00096347916 0.00045542626 0.00022866901 0.00030989145 0.00014018439 0.0010161962 4.445359e-05 1.0938827e-05 0.00026942228 4.7726462e-05 0.00036773825 7.535844e-05 2.764591e-05 0.00031463258 5.165226e-07 1.4507479e-05 0.0015234603 2.5350546e-05 9.094224e-06 4.7488124e-06 0.001126098 1.5482401e-05 0.0019337635 0.0061615077 0.0030161534 0.0002515671 0.00030552785 0.0001193095 0.0004722755 3.0361573e-06 0.00020286965 0.00010011029 2.7561486e-05 0.00050331943 1.3317407e-05
0.6751745 0.881613 0.70364773 0.9563621 3.976581e-19 0.1752837 0.31902337 0.41546565 0.099561356 0.06487285 0.30430165 0.96006906 0.4674089 0.77060866 0.4057179 0.008633134 0.4881 0.06458739 0.17017652 0.045429815 0.002260918 0.0013248845 0.006533196 0.24538954 0.07618982 0.0010722617 0.007759458 0.009963906 0.03826239 0.07474671 0.007949268 0.020779043 0.1344811 0.00053967687 0.0006262535 0.0071634767 0.0865503 0.025271446 0.0007670015 0.001223781 0.0033707507 0.003923435 0.0010587685 0.03780326 0.018511489 8.605022e-05 0.029653683 0.0011464825 0.0006686704 0.007020526 0.005803742 0.00020993155 0.009964628 0.0019907914 2.4832452e-05 0.028233806 0.02798831 0.0025711688 0.0035517083 1.0791895e-05 0.0006479338 6.8150857e-06 0.0026029537 0.0016689545 8.2187835e-06 0.0011835733 0.00054809795 0.00040031763 0.0001812039 7.581308e-05 0.00034911995 0.00071379275 1.4199674e-05 7.412953e-06 8.930628e-05 2.7110598e-05 0.0007257327 3.2228054e-05 7.704633e-05 0.0002896616 1.2391348e-06 1.889218e-05 0.0009929695 1.5299034e-05 9.002445e-06 1.7487831e-05 0.0006005509 3.917311e-05 0.0007035676 0.0034600133 0.0025888858 0.0002540121 0.00012772725 0.00017077848 0.00019783973 3.888811e-06 0.00014300914 6.9291884e-05 1.7684442e-05 0.0006665242 2.782177e-05
0.21795525 0.234093 0.022573203 0.06941112 0.1752837 3.7814385e-23 0.5853211 0.40461853 0.98372126 0.9458642 0.3254976 0.04339094 0.18452607 0.026135067 0.3425912 0.49707162 0.0008562732 0.0010408941 0.17963195 0.0005515637 0.0014071012 0.010087316 0.23018864 0.0024125502 0.04198251 0.008081589 0.19632497 3.8578622e-05 0.042477064 0.00041986594 0.15407006 0.028924845 0.001558846 0.0036088836 0.008200175 0.073083214 0.0076955464 0.00013772455 0.009311229 0.052178822 0.026742633 0.011536512 0.060809214 0.006054357 0.0020435036 0.0047227326 1.5213294e-05 4.147585e-06 0.0015286405 0.0019131646 0.00066922896 0.00078797195 5.996658e-08 0.005818025 0.00038273548 2.1297449e-06 1.6021824e-06 0.013087369 0.00027871365 8.52961e-05 0.00769136 0.00018729946 0.0013735425 6.32983e-05 0.0001534687 7.4766074e-05 4.6073113e-05 6.0363405e-08 7.9294875e-07 4.3301316e-06 0.005134169 2.5537327e-06 1.3664433e-07 4.996829e-10 5.6025645e-08 7.650308e-08 0.0055747256 1.10717814e-07 0.0004732557 1.8187764e-05 3.8185353e-05 0.0001384772 0.002342578 1.3504929e-07 8.3542e-08 2.6176222e-05 0.00029914387 7.69552e-05 0.011502845 0.007298713 0.0026477368 5.8708184e-07 0.0035990058 0.00719552 0.0041489024 2.759239e-05 4.9735577e-06 0.0030441321 2.864732e-08 0.00025874082 3.8684632e-08
0.3431193 0.23272309 0.06340604 0.16725516 0.31902337 0.5853211 1.0646333e-21 0.98766714 0.34551817 0.5495264 0.21282585 0.16604492 0.70770794 0.032172978 0.14732218 0.36704826 0.007876838 0.0012484166 0.72123414 0.0016623947 0.0005851984 0.0012127443 0.12267318 0.011873962 0.12616888 0.0006909744 0.061827205 0.00030532744 0.1054809 0.0018366443 0.0587073 0.14704242 0.0037856987 0.0001511002 0.016271658 0.0101946015 0.012181476 0.0010197499 0.0006530854 0.017082028 0.16352823 0.02636344 0.01086412 0.043225177 0.0077229254 0.005024112 2.9141062e-05 7.5770895e-06 6.4841035e-05 0.0014583267 0.0059948033 0.0020123036 2.2540696e-06 0.0032960102 0.0006825939 4.045734e-06 5.4336206e-06 0.030550303 0.002945707 0.0004105389 0.016804306 0.00044822958 0.0039805407 0.00020285265 0.0004325631 4.1670894e-05 1.0000746e-05 3.3231203e-07 1.8326914e-07 1.9230113e-06 0.012655428 1.1620081e-05 5.5223603e-07 1.7623559e-09 3.5021037e-07 1.3473476e-07 0.01607836 1.8973014e-07 0.00047389138 7.5082e-06 0.00025631924 3.061233e-05 0.024045983 1.2592193e-07 4.7262284e-07 3.9343384e-05 0.0007506242 0.0006053538 0.014971759 0.01967502 0.011024259 3.621673e-07 0.006311153 0.00921074 0.0062172078 0.00021384435 2.1867899e-07 0.007904542 2.1586546e-08 0.0018239266 3.5787144e-07
0.6754844 0.27592996 0.090200886 0.22400007 0.41546565 0.40461853 0.98766714 2.6949687e-22 0.26624373 0.2677437 0.13993697 0.369189 0.90416104 0.072936945 0.18527062 0.088904284 0.014352753 0.0020492852 0.710816 0.0021453907 0.00023684504 0.0014528622 0.028681187 0.037724365 0.16322483 0.0006867451 0.014750731 0.00054119196 0.14133483 0.0061534606 0.023191882 0.12960972 0.010769257 9.493666e-05 0.0034071258 0.0052798763 0.028495578 0.0025625618 0.00032357627 0.004398678 0.055787034 0.029467972 0.0024681936 0.068501174 0.023815064 0.0004884627 0.00072291505 1.9103942e-05 0.00010871648 0.0047017056 0.011668388 0.00015563014 3.6883703e-05 0.0013400621 0.00015562153 5.686623e-05 3.2069114e-05 0.028388072 0.0068174265 5.7012594e-06 0.018600635 1.0447104e-05 0.018191233 0.00032412083 3.1450834e-06 0.00018068725 2.7089196e-05 3.834047e-07 1.5086448e-06 1.1025246e-06 0.0037098986 4.2071806e-05 9.634483e-07 4.8713327e-09 2.6984304e-07 6.6192875e-08 0.004306134 1.3416827e-07 2.3703155e-05 6.880506e-05 2.6017349e-06 1.387619e-05 0.017669734 3.9374495e-07 4.2709115e-07 5.7663306e-06 0.0017350194 1.7448483e-05 0.014634342 0.042720795 0.025124343 1.9248184e-06 0.0011698222 0.002851609 0.0019610124 1.1152193e-05 5.9824347e-06 0.0013550161 1.8298833e-07 0.0028253999 4.1436408e-07
0.3858139 0.09522397 0.016423082 0.048225377 0.099561356 0.98372126 0.34551817 0.26624373 1.1590701e-21 0.9525742 0.49015328 0.025641834 0.12325345 0.011432883 0.53489536 0.5286099 0.001250344 0.0011861676 0.13835564 0.0008746594 0.0014365864 0.014644777 0.2585843 0.0023911984 0.052327603 0.0067491047 0.21745108 0.00011602801 0.031942002 0.00023786117 0.28069487 0.041153725 0.0015004913 0.0017722463 0.02002886 0.09768655 0.0037087083 0.00021837486 0.009973518 0.06013791 0.044725705 0.010364104 0.07777265 0.008637071 0.0027607316 0.011716376 9.313102e-06 8.142794e-06 0.00245575 0.0037921488 0.0006024775 0.0025578314 1.8126187e-07 0.00810355 0.0019734453 4.0656028e-06 3.0191532e-06 0.023457414 0.00064755575 0.00046554726 0.014147946 0.00036046217 0.0005175476 8.417824e-05 0.0004933945 4.4888508e-05 1.5955686e-05 2.3473031e-07 7.2990593e-07 4.7526314e-06 0.014377967 1.2937664e-06 1.6013857e-07 1.9254582e-09 2.067006e-07 8.926307e-08 0.020895667 8.4178915e-08 0.001044173 3.1133939e-06 0.00018318187 0.00027144296 0.010332129 1.9700668e-07 1.7986432e-07 7.260474e-05 0.0001820837 0.00019519015 0.01116433 0.008061933 0.003253672 5.7889406e-07 0.010293325 0.013257944 0.008655276 0.00016921305 4.1075873e-06 0.01070919 1.144271e-07 0.00041330405 7.2630876e-08
0.86477363 0.12323972 0.030400163 0.047761865 0.06487285 0.9458642 0.5495264 0.2677437 0.9525742 1.7848045e-20 0.50209206 0.038702 0.20950058 0.015728313 0.5691372 0.9066275 0.0019849401 0.0045209075 0.48901746 0.0033104965 0.0021634446 0.021247953 0.5706945 0.004375662 0.09395893 0.0036403083 0.4473519 0.0007953162 0.07540602 0.000586947 0.39421618 0.16920221 0.0014534179 0.0009870008 0.12112787 0.09623589 0.0068039075 0.00038905698 0.0125563145 0.15575987 0.38849178 0.02027865 0.124009475 0.028337505 0.004739341 0.037510183 3.0022435e-05 8.004616e-05 0.0064443536 0.0030896235 0.0030286526 0.0058805523 8.549031e-07 0.019066127 0.010000053 4.1528547e-05 1.5584543e-05 0.102410175 0.0018781595 0.0012297073 0.055549644 0.00093537854 0.0044490662 0.000112491136 0.00034413245 0.00024813195 3.949891e-05 3.5166106e-06 1.5671088e-05 7.4031686e-06 0.027684039 1.2165865e-05 3.1390066e-06 5.6836214e-08 1.3775262e-06 2.1714977e-06 0.036011253 7.549464e-06 0.00078866957 4.3817694e-05 0.00039231934 0.00056334847 0.028821215 1.4911894e-06 3.0435583e-06 0.00026924117 0.00038900427 0.0005112639 0.028535964 0.039870013 0.020171985 5.742458e-06 0.010681146 0.028299877 0.015601437 0.0005828133 3.163302e-05 0.018931573 6.073386e-07 0.0037161063 5.588783e-07
0.02800599 0.71152836 0.46456864 0.30231 0.30430165 0.3254976 0.21282585 0.13993697 0.49015328 0.50209206 1.0899391e-20 0.017733794 0.01838443 0.02228338 0.99548674 0.16430157 0.06845304 0.026182564 0.008080087 0.009128883 0.3114962 0.5996538 0.15352969 0.0010111856 0.00019239321 0.1348889 0.21116619 0.003103339 0.00034913127 0.0013711932 0.5454098 0.00448002 4.4463006e-05 0.089052 0.006395125 0.22681908 0.00067025376 0.0006026626 0.09476696 0.01449191 0.004287675 0.00015384957 0.08125102 2.1081361e-05 5.600334e-05 0.00035037543 5.7569756e-05 0.00012156895 0.04965976 6.8098925e-05 1.22529955e-05 0.0044101807 7.858256e-05 0.0880289 0.0017455774 4.1374416e-05 0.00010065751 0.002348695 3.873621e-06 0.0018940702 0.0009553548 0.0030042138 8.524401e-06 4.1131734e-06 0.0033166062 5.3370186e-06 1.011334e-06 6.2608087e-06 1.0347615e-06 2.62467e-06 0.0002070748 1.5581234e-06 2.4874855e-05 5.993842e-07 1.8104565e-06 5.2245155e-06 0.0016280094 1.1361114e-05 5.833846e-06 0.00011543158 1.3694805e-05 0.00016258495 0.00058333203 1.05514964e-07 3.8139367e-06 6.6212607e-07 7.5108466e-05 4.5412203e-06 0.0016219608 0.00040015831 0.0007063254 4.0170053e-05 0.0005082862 0.0061128736 0.0016982092 5.0376315e-07 2.170059e-06 0.0010440765 1.6667569e-07 5.601916e-05 3.4019155e-07
0.80201364 0.13460258 0.14681739 0.48969352 0.96006906 0.04339094 0.16604492 0.369189 0.025641834 0.038702 0.017733794 1.570591e-19 0.926496 0.92913914 0.025318174 0.0077721807 0.049767677 0.0029143484 0.40150967 0.0049128956 0.00024112056 0.0006858363 0.002174897 0.26487896 0.46750337 0.00039615465 0.0026260787 0.002384991 0.19354679 0.15599583 0.0013505098 0.04345907 0.49373034 0.00021023248 0.000102961036 0.0024767674 0.54327327 0.03366773 0.00024384953 8.070113e-05 0.007905749 0.011695599 0.00014458454 0.3969831 0.3101624 5.4919224e-06 0.021292137 0.00044260256 0.00018342993 0.14858802 0.08721796 7.971904e-05 0.00932431 0.00073962886 4.093783e-06 0.00302531 0.005853463 0.01492335 0.060454655 1.794248e-06 0.009573641 1.9133179e-06 0.058966983 0.024262307 3.434154e-07 0.0075476184 0.0067176367 0.00011711224 0.00040688747 1.4939103e-05 0.00045815174 0.009947011 1.3641649e-05 1.3230415e-05 5.598071e-05 1.9182884e-05 0.0011877308 1.5037733e-05 2.6210255e-06 0.005105749 5.735272e-08 5.924032e-06 0.014551753 2.137738e-06 1.74212e-05 2.2614809e-06 0.015948087 4.952627e-06 0.010706734 0.063408524 0.059877038 4.77033e-05 0.00015614243 0.00040211336 0.0002757254 1.3048925e-06 0.00014051338 3.0343468e-05 9.091597e-06 0.014438014 7.6068973e-06
0.80933005 0.13360581 0.084420465 0.2480506 0.4674089 0.18452607 0.70770794 0.90416104 0.12325345 0.20950058 0.01838443 0.926496 1.3077457e-19 0.21358022 0.030918205 0.07582096 0.021988368 0.0014309535 0.927331 0.003626161 0.00033681816 0.00055208313 0.025451224 0.0796875 0.7437635 0.0002328429 0.027597932 0.0007747412 0.35837066 0.024259329 0.004370157 0.23576973 0.057368007 0.000110382396 0.0027348076 0.003153725 0.16952342 0.013050128 0.00018760283 0.003078466 0.060116194 0.057458337 0.0016417437 0.38696584 0.12578733 0.00028698376 0.003999164 9.583587e-05 0.00016551376 0.018897679 0.07214773 0.00028785758 0.0007840837 0.00091002154 3.553985e-05 0.00022093824 0.00056817255 0.053559214 0.023150293 1.0357779e-05 0.0405167 2.5536754e-05 0.07495329 0.0035326327 1.1842636e-05 0.0016281895 0.0006647898 2.188047e-06 3.4410354e-05 1.0088252e-05 0.0029632098 0.0011265072 7.709495e-06 8.017882e-08 7.3464257e-06 3.1930974e-06 0.004998415 5.817473e-06 4.6408037e-05 0.00093943137 1.8023056e-05 4.719311e-05 0.046098225 1.4212931e-06 8.488819e-06 2.7113827e-05 0.0070888777 7.318256e-05 0.030825786 0.12305877 0.08270066 1.0559066e-05 0.00075064535 0.0032743688 0.0030288044 3.9868468e-05 3.2326156e-05 0.00150264 1.4792181e-06 0.0135671655 5.027277e-06
0.41619584 0.15546466 0.7086727 0.77448463 0.77060866 0.026135067 0.032172978 0.072936945 0.011432883 0.015728313 0.02228338 0.92913914 0.21358022 5.195409e-19 0.033040807 0.0005998775 0.5144648 0.004621563 0.048074946 0.029507687 0.00020812747 0.00023599008 5.6684465e-05 0.940907 0.053543095 0.00012282649 0.00093527767 0.0053378767 0.047311235 0.6440486 0.0003456601 0.009576635 0.6405329 0.00011414792 4.190676e-06 0.0011774055 0.31424633 0.36820102 0.00013924013 1.4779865e-05 0.00034659705 0.00056947203 0.00059946056 0.07166253 0.104072705 3.7454727e-06 0.1593029 0.0009016876 5.7010122e-05 0.092486195 0.015167909 2.4667324e-05 0.07215179 0.00037426272 2.2222387e-06 0.018491048 0.03477317 0.0019073824 0.012902721 3.251829e-07 0.000665738 3.3717793e-06 0.018223573 0.044166397 3.5791325e-06 0.024635052 0.022188485 0.00183177 0.002105744 8.809444e-05 3.7197704e-05 0.014451603 8.436884e-06 0.00010472135 0.0010031577 0.00012376976 7.0114365e-05 0.0001623098 3.4115867e-06 0.005201116 1.0353793e-06 2.107958e-06 0.001245859 9.481195e-06 8.8376844e-05 1.9929178e-06 0.014013467 8.148474e-06 0.0012000039 0.010024167 0.0047632363 0.00033471675 4.0866078e-05 2.0409172e-05 5.2675638e-05 3.8975177e-06 0.00045969454 1.1180018e-05 0.0001454349 0.0011243543 1.8493234e-05
0.106231004 0.68753684 0.47053164 0.37526459 0.4057179 0.3425912 0.14732218 0.18527062 0.53489536 0.5691372 0.99548674 0.025318174 0.030918205 0.033040807 1.8792148e-18 0.22923596 0.023459751 0.008405306 0.0055197966 0.0033323874 0.1551833 0.77287674 0.25292087 0.0066840616 0.0015722256 0.22478071 0.3480375 0.0019360655 0.0011516159 0.0045287046 0.82537997 0.0028800324 0.0017491586 0.12395508 0.007819887 0.49765375 0.0031880392 0.004633996 0.20725925 0.022299623 0.0034041344 6.968486e-05 0.32046044 0.0001810531 0.00032344766 0.00043878792 0.0021179935 5.825393e-05 0.112775184 0.0053839763 7.566247e-05 0.0140659 0.00021390045 0.22901763 0.00546376 4.2228778e-05 0.0006977939 0.0020716707 3.780835e-05 0.0061443914 0.0007445985 0.009428375 2.503385e-05 0.00014351602 0.009636948 0.00012485417 6.350066e-05 0.00016590647 3.5609944e-05 2.5222362e-06 0.0010108376 1.11161e-05 7.902073e-06 3.6186952e-06 1.0006529e-05 4.118616e-05 0.007871356 7.222243e-05 6.837354e-05 0.00014126608 1.9735025e-05 0.00054251583 0.0015452672 1.782899e-07 8.863772e-06 2.4093963e-06 0.00011784181 0.00020835309 0.0008514286 0.00087888073 0.0011505483 7.9424375e-05 0.0010237723 0.009661537 0.0020456212 3.0005617e-06 8.868357e-07 0.0022947416 2.9474656e-08 0.00019337163 1.477391e-06
0.46565938 0.021782225 0.0059132543 0.008986251 0.008633134 0.49707162 0.36704826 0.088904284 0.5286099 0.9066275 0.16430157 0.0077721807 0.07582096 0.0005998775 0.22923596 1.4702586e-20 2.6080563e-05 2.2675029e-05 0.3397755 3.0122379e-05 0.00012013567 0.0019360406 0.9707799 9.358531e-05 0.034989543 0.00074594934 0.5818634 1.3257969e-06 0.018755825 2.4448274e-05 0.15597498 0.14002226 2.0370728e-05 0.00012713991 0.41152117 0.03861259 0.00061716494 3.665497e-05 0.0018117644 0.30312362 0.3703302 0.053101327 0.14189273 0.0072071957 0.00033156926 0.15623792 6.948673e-06 6.204819e-07 0.00019363571 2.6963853e-05 0.00084234495 0.015535944 1.2304022e-06 0.014701977 0.012685789 5.3521157e-06 7.1669033e-06 0.12287776 0.00023210395 0.010027417 0.055328827 0.0064251646 0.0008668167 2.1716893e-05 0.0039561647 1.4736177e-05 3.0296897e-06 1.9488843e-06 8.431715e-07 1.974083e-06 0.09117888 1.8188604e-06 8.9112955e-06 4.894542e-09 3.489748e-07 2.0706185e-07 0.07509491 6.95882e-06 0.0028458522 1.5005971e-05 0.0016182611 0.0002806356 0.03459655 7.7737735e-07 3.5841608e-06 0.00031574955 0.00019360929 0.0012216994 0.021878116 0.019413391 0.0146476 1.05850195e-05 0.022703657 0.05547718 0.04067416 0.0011184093 2.6300597e-06 0.039805297 9.688874e-07 0.0010813938 2.4570943e-07
0.062037565 0.5146639 0.89476246 0.5733499 0.4881 0.0008562732 0.007876838 0.014352753 0.001250344 0.0019849401 0.06845304 0.049767677 0.021988368 0.5144648 0.023459751 2.6080563e-05 4.574222e-20 0.7087779 0.005532044 0.94654053 0.030767603 0.00033403817 0.00012033014 0.6159424 0.0027134225 0.0019553625 8.9165864e-05 0.7265479 0.003478501 0.058981284 0.0012512773 0.0020283195 0.041801583 0.0014687254 2.120184e-06 1.3972452e-05 0.008159804 0.09542628 1.6990718e-05 6.498785e-06 2.6102482e-05 1.0497258e-05 0.00041329992 0.00017175144 0.0002509848 1.0484586e-06 0.11198795 0.5158399 1.6169422e-05 0.00031176014 1.2311856e-05 1.8812345e-06 0.057370685 3.7737347e-05 1.0288707e-07 0.69465524 0.2943334 2.8487386e-05 1.6004238e-05 1.4003066e-07 5.4288817e-06 2.0720269e-07 7.6132805e-05 0.00033416084 9.827852e-07 0.000196024 0.00014935478 0.0009917775 4.6621785e-06 0.19922566 2.5431727e-06 7.641501e-06 0.055000916 0.00044492187 0.11322672 0.0010828293 0.00015425858 0.0001257294 3.8202833e-07 7.109415e-06 8.996677e-08 8.145652e-08 0.0007469641 0.009746575 0.004321928 1.518279e-08 2.0873644e-05 7.576027e-06 0.00034773 0.00090262416 0.00047380637 0.00018859879 0.00022506028 2.4893223e-05 0.00022333823 5.649673e-06 2.128951e-06 0.00028243102 4.7339967e-07 0.00024306196 0.0058310903
0.00012010692 0.32812464 0.48040804 0.09488282 0.06458739 0.0010408941 0.0012484166 0.0020492852 0.0011861676 0.0045209075 0.026182564 0.0029143484 0.0014309535 0.004621563 0.008405306 2.2675029e-05 0.7087779 3.2294513e-18 2.6122403e-05 0.8701814 0.4483231 0.002751907 1.2271426e-05 0.0046059564 3.1673353e-05 0.0049484163 7.212758e-05 0.43853268 3.5448134e-06 0.00025451113 0.0005699056 1.201866e-05 0.00041029876 0.0058733304 6.8000954e-06 0.00023462927 1.7336986e-05 0.00069261884 6.0587558e-05 1.80564e-05 3.0890576e-05 5.84708e-06 0.00022611188 4.956592e-06 1.6524439e-06 1.2542503e-05 0.0007269096 0.1323277 1.9519935e-05 7.818946e-06 2.53377e-06 2.749542e-06 4.1138857e-05 3.337476e-05 2.1714492e-07 0.00402271 0.00025166286 5.9869642e-05 1.3733846e-05 3.9041956e-06 9.236635e-06 8.0795695e-07 2.0454365e-06 1.4835024e-05 1.6879425e-05 5.6375093e-06 3.3852987e-06 3.7749047e-05 3.3409676e-06 0.0015980707 2.7870155e-05 1.6706041e-06 0.0014779773 1.4237852e-06 9.44482e-05 6.3244865e-06 4.101577e-05 1.5819354e-05 6.963108e-06 1.1037833e-05 1.7280994e-05 3.047244e-06 0.0007742681 4.7641694e-05 4.2666048e-05 2.4690834e-07 3.094371e-05 3.7890688e-05 0.00033408852 0.0005085424 0.00026606992 5.1505438e-05 6.407908e-05 0.00013146005 0.00016997111 8.04515e-06 1.7469196e-05 0.00010929427 1.0107098e-05 0.00016225038 0.00020392313
0.27237353 0.026902748 0.020174583 0.064238995 0.17017652 0.17963195 0.72123414 0.710816 0.13835564 0.48901746 0.008080087 0.40150967 0.927331 0.048074946 0.0055197966 0.3397755 0.005532044 2.6122403e-05 1.7745116e-21 0.00017414428 0.00014104557 0.00013666149 0.13282976 0.016794559 0.8955797 4.616147e-05 0.10815354 1.1124086e-05 0.72398555 0.0026084678 0.0037908058 0.93846446 0.005316278 2.5312955e-05 0.067254275 0.00071111706 0.04500469 0.002663144 2.4339586e-05 0.01854343 0.18434562 0.25077567 0.008691738 0.28912348 0.020811733 0.009995694 0.0005246085 1.8574425e-06 4.8810593e-06 0.0017387182 0.043451857 0.004259781 1.4562565e-05 0.0010374096 8.384311e-05 2.9156354e-05 3.6735073e-05 0.09011865 0.016151035 0.00096912123 0.033205077 0.001608359 0.027475687 0.0025987274 0.0017546988 0.00065103977 0.00023451763 1.5548083e-05 6.3992147e-06 1.9212166e-06 0.027866079 0.0010502436 3.189543e-06 3.2028325e-08 3.4260756e-06 5.651809e-07 0.022482593 1.1669305e-06 0.0006379016 0.00028502263 0.0024676656 5.9551094e-05 0.063535824 4.9895414e-07 3.077622e-07 5.5106393e-05 0.008233019 0.0004382137 0.023230758 0.047990993 0.040319767 2.6635705e-06 0.007292218 0.016660046 0.012152109 0.00032953153 2.8297818e-05 0.011234244 3.3203025e-06 0.01009308 4.6729397e-07
0.0004984094 0.17989828 0.52854836 0.08373428 0.045429815 0.0005515637 0.0016623947 0.0021453907 0.0008746594 0.0033104965 0.009128883 0.0049128956 0.003626161 0.029507687 0.0033323874 3.0122379e-05 0.94654053 0.8701814 0.00017414428 2.5409311e-20 0.022924354 0.0006309275 2.0882762e-05 0.061980423 0.00016877791 0.0014191335 8.542284e-05 0.8041313 3.30577e-05 0.0018571592 0.00082794344 0.00010412137 0.002158584 0.0014498214 1.9545774e-05 3.9588667e-05 0.00016224683 0.00402455 6.7482065e-06 0.00010057105 8.383735e-05 1.4405032e-05 0.00027041257 1.2391614e-05 7.697145e-06 1.5191952e-05 0.0029810069 0.24360071 8.899651e-06 2.502335e-05 1.4823269e-05 4.814693e-06 0.00084559503 6.5451386e-05 5.1602683e-07 0.069118164 0.002078163 6.807464e-05 4.4277793e-05 2.5173147e-06 2.5989737e-05 1.4553243e-06 6.7706005e-06 0.0001224465 1.4782657e-05 3.0311017e-05 4.3776672e-05 0.00014925654 2.9711498e-06 0.0054027094 5.0954826e-05 7.6127762e-06 0.002502817 6.3594016e-06 0.00055253314 3.69519e-05 0.00023591872 3.0120285e-05 6.974326e-06 2.3994526e-05 3.5034605e-05 8.678708e-07 0.0010584096 9.263317e-05 0.00016085898 7.838145e-07 3.671784e-05 5.7403206e-05 0.00073317066 0.0010319697 0.0004295564 0.000539064 0.00011619511 0.00025217314 0.00046287087 8.349509e-06 0.0001822272 0.00037919136 2.5482357e-05 0.00040952337 0.00014746447
3.8838525e-06 0.03444078 0.012484506 0.00412061 0.002260918 0.0014071012 0.0005851984 0.00023684504 0.0014365864 0.0021634446 0.3114962 0.00024112056 0.00033681816 0.00020812747 0.1551833 0.00012013567 0.030767603 0.4483231 0.00014104557 0.022924354 1.682521e-17 0.25671518 0.00034099226 3.673458e-05 2.0242758e-05 0.19534384 0.00020247052 0.014474313 1.140246e-05 0.00029217603 0.0072672907 7.111629e-05 2.6869802e-05 0.54257536 4.0592236e-05 0.018693352 6.0830145e-05 4.831125e-05 0.0071277344 9.657242e-05 0.0002367134 1.9633786e-05 0.000100998084 4.088106e-06 5.798093e-06 4.0532665e-05 4.6701287e-05 0.0129627865 0.002021677 2.8767989e-05 6.431408e-06 5.2207728e-05 3.945048e-06 0.00020376118 1.4715196e-05 0.0017460985 1.4071394e-05 5.0307997e-05 7.707186e-06 7.536134e-06 2.6713738e-05 4.907775e-05 6.665556e-06 1.8828132e-05 9.885173e-05 1.1577107e-05 5.5512937e-06 9.943397e-05 4.3808104e-06 0.004093664 0.000111808455 1.3891621e-06 0.00391359 2.070055e-06 6.12509e-05 1.230736e-05 0.000119434844 0.00019800507 1.3681622e-05 3.0128675e-05 1.6590702e-05 0.00015655381 0.0067146937 7.701974e-05 0.00018932158 5.6589042e-06 0.0011547739 3.1567775e-05 0.0021129758 0.00017526356 0.001143969 0.0009594996 0.0005219974 0.00084493 0.0007451491 7.869769e-05 1.6346126e-05 0.0005502581 4.255535e-05 3.2158085e-05 0.0004323855
0.00011758462 0.04280813 0.0037426006 0.002663568 0.0013248845 0.010087316 0.0012127443 0.0014528622 0.014644777 0.021247953 0.5996538 0.0006858363 0.00055208313 0.00023599008 0.77287674 0.0019360406 0.00033403817 0.002751907 0.00013666149 0.0006309275 0.25671518 3.5045565e-20 0.0010729467 4.322822e-05 7.788557e-05 0.88109756 0.0098374365 0.00012540858 3.049811e-06 0.00044374663 0.34999043 9.2145296e-05 2.2512693e-05 0.35610816 2.0075458e-05 0.402551 4.022698e-05 0.00022480392 0.2530954 0.00041718016 0.00025865203 5.9951317e-06 0.0060790307 6.226559e-06 4.1822677e-06 1.0118758e-05 6.953026e-05 5.745863e-05 0.07148676 0.00016623035 7.0544925e-06 0.0034947207 4.264278e-05 0.02134549 0.0012319498 3.7868851e-06 6.253922e-06 9.028363e-05 1.795327e-05 0.00010587972 2.453514e-05 0.00020698733 3.0775561e-06 7.509862e-06 1.5661377e-05 1.5690559e-05 2.6652868e-05 7.424553e-05 4.0807404e-06 8.4084684e-07 4.8829566e-05 8.577108e-07 6.923045e-05 1.5248248e-06 2.2458364e-06 1.3370844e-05 8.8886125e-05 0.00047260107 7.2207894e-07 9.781591e-06 2.1180144e-07 0.00034543467 0.0011582166 3.6279803e-06 0.00013591854 4.3315526e-06 1.6753444e-06 2.0551654e-05 0.0015221843 0.00012809236 0.0018393744 0.0006009274 2.3184211e-05 0.00170153 2.4762476e-05 1.0944983e-05 3.7390987e-06 2.6037393e-05 8.06835e-07 1.0243533e-05 5.3813998e-05
0.14729519 0.007767672 0.0041815005 0.008913514 0.006533196 0.23018864 0.12267318 0.028681187 0.2585843 0.5706945 0.15352969 0.002174897 0.025451224 5.6684465e-05 0.25292087 0.9707799 0.00012033014 1.2271426e-05 0.13282976 2.0882762e-05 0.00034099226 0.0010729467 1.448945e-20 8.632614e-05 0.008422787 0.0005756718 0.70900536 1.3690274e-05 0.005190101 3.8120732e-05 0.19409189 0.07238092 1.1044309e-05 0.00032798396 0.96844304 0.049693983 0.00027209893 6.966698e-05 0.004258229 0.46191946 0.25958496 0.027215356 0.1627797 0.0026240007 0.0002222203 0.34499165 5.521997e-05 1.7964652e-06 0.0013756945 1.6403139e-05 0.0005743946 0.055582795 4.4653652e-06 0.019062882 0.029067397 8.338448e-06 1.4129229e-05 0.07215378 0.00019505988 0.039724138 0.02257751 0.027869852 0.00011058955 2.5077698e-05 0.027106501 7.681694e-06 1.1894718e-06 6.2909494e-06 6.446729e-06 2.569698e-06 0.077338465 1.1872048e-05 6.419061e-06 3.7808544e-08 2.7971805e-06 5.0443185e-07 0.06632279 1.3532843e-05 0.007486551 2.215047e-06 0.0042409203 0.00080980576 0.024071803 7.477755e-07 2.8105906e-06 0.0015057896 0.00013568375 0.0024728423 0.013320757 0.0055869184 0.0071455324 8.1164735e-06 0.023506945 0.047240436 0.033810306 0.0016661 2.973806e-06 0.023819951 2.1380379e-06 0.0005488381 8.7323565e-07
0.1492325 0.06529772 0.2923091 0.27034777 0.24538954 0.0024125502 0.011873962 0.037724365 0.0023911984 0.004375662 0.0010111856 0.26487896 0.0796875 0.940907 0.0066840616 9.358531e-05 0.6159424 0.0046059564 0.016794559 0.061980423 3.673458e-05 4.322822e-05 8.632614e-05 9.8989085e-20 0.05077569 0.00012666176 0.00083135674 0.0140817445 0.027582407 0.94708055 1.8325989e-05 0.0024288797 0.5925664 3.1474527e-05 1.5717142e-05 0.00010960897 0.20595622 0.9490075 0.0001263459 5.7759207e-05 0.00026097565 0.00017419612 0.00033476466 0.046854664 0.14378317 8.346747e-06 0.7081088 0.004018214 0.00010739079 0.2227159 0.008987614 2.6112863e-05 0.43250224 0.000248729 7.823727e-06 0.14473851 0.22782743 0.0010708066 0.010882696 3.130945e-07 0.0004733437 2.1397043e-06 0.009076399 0.22634828 6.152152e-06 0.083918355 0.10057867 0.06852398 0.07545085 0.0020160628 4.833005e-05 0.03875381 8.03724e-05 0.0064961645 0.016434686 0.0013695225 0.000103233375 0.0014627511 3.3278536e-06 0.011090677 1.6179477e-07 5.057613e-07 0.0013393281 0.00010948162 0.00052870385 9.475567e-07 0.009765858 3.196652e-05 0.00097052165 0.0064749303 0.002613448 0.0016948746 9.489702e-05 6.143952e-05 0.00022810315 5.5354026e-06 0.00029062844 6.269595e-05 0.0001218352 0.0013240156 8.514737e-05
0.5884572 0.014772728 0.025422158 0.060683034 0.07618982 0.04198251 0.12616888 0.16322483 0.052327603 0.09395893 0.00019239321 0.46750337 0.7437635 0.053543095 0.0015722256 0.034989543 0.0027134225 3.1673353e-05 0.8955797 0.00016877791 2.0242758e-05 7.788557e-05 0.008422787 0.05077569 7.1251315e-20 4.3185573e-05 0.007893502 2.1292548e-05 0.98552907 0.0098202545 0.0011283469 0.3538673 0.015334832 4.703549e-05 0.0047298004 0.00039532868 0.13261607 0.0055819843 7.951319e-05 0.0011287533 0.056590233 0.24067959 0.0004254817 0.77324206 0.06723208 0.0003520387 0.0040662894 7.463573e-06 7.4615986e-05 0.008587028 0.21639206 0.00057648186 0.00037040477 0.00093806605 5.649913e-05 6.4000356e-05 9.62585e-05 0.051249273 0.070640415 2.0842035e-05 0.032747 7.8340345e-05 0.13770387 0.0047935816 0.00012272323 0.0013041667 0.0007484611 1.438905e-05 3.6251462e-05 3.6015392e-06 0.0039354325 0.0025177437 6.430629e-06 4.713036e-07 1.2010423e-05 5.0652084e-06 0.0024285286 5.442064e-06 0.00021762018 0.0011203752 6.543952e-05 4.6161866e-05 0.08532796 6.6972586e-07 1.0894715e-05 4.2624688e-05 0.018171329 8.554529e-05 0.0288162 0.16912852 0.17782265 1.6128948e-05 0.002701928 0.0034294531 0.0026220207 3.3018445e-05 4.5053454e-05 0.0014377906 7.447469e-06 0.04773849 1.5481596e-06
5.7230936e-06 0.014493561 0.001983131 0.0017242547 0.0010722617 0.008081589 0.0006909744 0.0006867451 0.0067491047 0.0036403083 0.1348889 0.00039615465 0.0002328429 0.00012282649 0.22478071 0.00074594934 0.0019553625 0.0049484163 4.616147e-05 0.0014191335 0.19534384 0.88109756 0.0005756718 0.00012666176 4.3185573e-05 2.7838562e-17 0.0045265327 0.00031245424 2.122635e-05 0.00035631668 0.030898191 4.2495292e-05 0.00011070574 0.5747439 3.893393e-05 0.069827944 2.5182742e-05 0.00027618255 0.09307434 0.00014790744 0.0002502088 1.4255399e-05 0.0020226578 6.9912276e-06 1.5398306e-05 0.00012694884 0.00072421273 0.00012872768 0.039533768 0.00018543683 7.2019902e-06 0.0016962871 3.3930417e-05 0.010985805 0.00049086456 9.114989e-05 5.240701e-05 4.7495432e-05 8.501393e-06 0.00037132276 2.6392141e-05 0.00028152906 8.456201e-06 5.165222e-05 0.00034156023 0.00010706897 0.00056993414 0.00022357074 0.00013198362 4.5549983e-05 5.456056e-05 8.170457e-06 0.0001500688 3.0783135e-06 0.00012943774 2.9931667e-05 9.2193644e-05 0.0003956557 1.006299e-05 1.77659e-05 3.4754205e-05 0.00028514906 0.0017093231 4.198807e-05 0.00035149124 2.2606604e-05 3.5193767e-05 6.950884e-05 0.0006666589 0.00015491535 0.00076440955 0.00020569233 4.698778e-05 0.0011596236 8.63003e-05 6.537714e-05 1.318834e-05 8.1348895e-05 1.7581611e-05 0.00016998197 0.00018355032
0.06274646 0.012030479 0.0027307584 0.0061858036 0.007759458 0.19632497 0.061827205 0.014750731 0.21745108 0.4473519 0.21116619 0.0026260787 0.027597932 0.00093527767 0.3480375 0.5818634 8.9165864e-05 7.212758e-05 0.10815354 8.542284e-05 0.00020247052 0.0098374365 0.70900536 0.00083135674 0.007893502 0.0045265327 1.30628895e-20 1.6308772e-05 0.004364119 0.0002829983 0.542389 0.030437758 0.00017468669 0.0010350152 0.20921089 0.1836525 0.0011599411 0.00037450172 0.034745276 0.97889084 0.11186403 0.0232014 0.92069685 0.0017512942 0.00014651111 0.10283663 0.00011287963 8.1749995e-06 0.02042519 0.00010507008 0.0004853536 0.2787171 1.4860638e-05 0.19341241 0.20083281 3.9983082e-05 8.95286e-05 0.035699673 0.0005796634 0.15311234 0.010776157 0.12217107 0.000120434495 4.828476e-05 0.07474752 8.1383274e-05 1.7290342e-05 5.0794813e-05 2.0228632e-05 1.0367376e-05 0.032643724 2.3984883e-06 1.3478707e-05 1.7283185e-07 3.81451e-05 9.697827e-06 0.029055383 6.073282e-05 0.030648807 8.183143e-06 0.0070817657 0.0038631791 0.013080144 3.3320487e-06 3.0698393e-05 0.008395825 0.00031851052 0.007889811 0.008111483 0.004262581 0.006915916 4.0631392e-05 0.016017564 0.032875106 0.019829223 0.0017775367 4.239183e-05 0.014817548 1.1654174e-05 0.00045389694 4.794223e-07
0.00022184802 0.017451754 0.08928049 0.016938163 0.009963906 3.8578622e-05 0.00030532744 0.00054119196 0.00011602801 0.0007953162 0.003103339 0.002384991 0.0007747412 0.0053378767 0.0019360655 1.3257969e-06 0.7265479 0.43853268 1.1124086e-05 0.8041313 0.014474313 0.00012540858 1.3690274e-05 0.0140817445 2.1292548e-05 0.00031245424 1.6308772e-05 4.0407773e-18 1.2404006e-05 0.0018000248 0.00027266055 4.0770312e-05 0.0005577573 0.0006873315 1.9179097e-05 1.0104216e-05 1.9381076e-05 0.0024867044 3.0910187e-06 5.111615e-06 1.1239114e-05 8.332541e-06 1.5873107e-05 1.7536739e-06 5.0784133e-06 4.4979893e-06 0.0030057114 0.6548491 4.2716674e-06 8.989739e-06 4.4314356e-06 8.0238067e-07 0.0017806512 2.4363915e-06 4.032521e-08 0.17384703 0.004419589 1.3911966e-05 7.5156513e-06 4.629832e-07 1.0853844e-05 6.2064464e-07 7.930535e-06 0.00011934238 2.1039373e-06 4.9467908e-05 4.659732e-05 0.00039242205 1.1866693e-05 0.022493845 0.0003709985 2.6792628e-05 0.023650508 9.3159404e-05 0.003425457 0.00020605554 0.0011469244 0.000116513795 1.3898248e-06 5.0228417e-05 4.0116015e-06 2.1666396e-07 0.0017804692 0.0013549865 0.00064854586 6.88595e-08 0.00026785056 3.7676416e-06 0.0015011325 0.002288118 0.00087120285 0.00086418906 0.0013859592 0.0013829021 0.0029787333 2.917414e-06 0.000736934 0.002147271 3.317291e-05 0.00043212937 0.0019532826
0.91571087 0.0070306063 0.02283553 0.0418359 0.03826239 0.042477064 0.1054809 0.14133483 0.031942002 0.07540602 0.00034913127 0.19354679 0.35837066 0.047311235 0.0011516159 0.018755825 0.003478501 3.5448134e-06 0.72398555 3.30577e-05 1.140246e-05 3.049811e-06 0.005190101 0.027582407 0.98552907 2.122635e-05 0.004364119 1.2404006e-05 1.3923005e-19 0.0026229222 0.0017237549 0.8236148 0.011997482 3.0687093e-05 0.0070304656 4.4231492e-05 0.026929155 0.0016306213 4.5206693e-06 0.0006528575 0.12915328 0.75551003 0.00021156656 0.5565453 0.032090914 0.00054818654 0.0008209071 1.0189746e-06 3.924728e-06 0.0037917818 0.19219023 0.00032665575 0.000102069695 0.0005425567 1.2258385e-05 2.4292072e-05 8.179745e-05 0.089738704 0.043065537 1.7485914e-05 0.064040735 4.5289824e-05 0.24455252 0.00095371075 1.0352575e-05 0.0001976651 5.3946464e-05 1.2066373e-06 2.1844962e-06 4.373974e-07 0.0044682133 0.0005717797 1.8815199e-06 5.0595673e-07 1.2516962e-06 4.1902263e-07 0.004853314 4.1057447e-07 3.741355e-05 0.00076107914 1.0508336e-05 1.0082434e-05 0.17413719 8.399576e-08 8.3798096e-07 5.679374e-06 0.01373392 3.658948e-05 0.066977 0.46345365 0.24523681 1.2268646e-06 0.0026281832 0.0024759667 0.0027832068 9.914568e-06 3.5676876e-05 0.0015781841 1.5081599e-06 0.16376884 4.897853e-07
0.35064116 0.011139641 0.07941571 0.065936364 0.07474671 0.00041986594 0.0018366443 0.0061534606 0.00023786117 0.000586947 0.0013711932 0.15599583 0.024259329 0.6440486 0.0045287046 2.4448274e-05 0.058981284 0.00025451113 0.0026084678 0.0018571592 0.00029217603 0.00044374663 3.8120732e-05 0.94708055 0.0098202545 0.00035631668 0.0002829983 0.0018000248 0.0026229222 2.9137954e-18 0.0006040761 0.00036272468 0.9506348 0.00021873458 4.0893074e-06 0.0023981603 0.23621778 0.93765473 0.000298153 5.5086268e-05 2.0924466e-05 0.00012777331 0.00013599076 0.02097274 0.12566184 6.132256e-07 0.6767885 0.00041029876 0.0003721715 0.28587702 0.0113331275 0.00043999217 0.35886037 0.005351889 3.253321e-05 0.014855561 0.13699292 0.0003972999 0.03972719 2.3195655e-06 7.617356e-05 5.215714e-06 0.026023015 0.23708776 1.1846087e-06 0.1702826 0.46317023 0.0631967 0.20761044 3.1642583e-05 3.6099624e-05 0.06773062 2.2124661e-05 0.0018290329 0.0018295484 0.001699353 3.0306566e-05 0.003411582 2.5919735e-05 0.09035899 5.464679e-07 4.3772334e-07 0.0010306148 2.7830527e-05 0.00029593718 7.791483e-07 0.029482465 8.873738e-05 0.00030856172 0.004239889 0.003027082 0.008012105 1.8439645e-05 5.724393e-06 3.2840417e-05 1.7695442e-05 0.004712558 5.226883e-06 0.0035440177 0.0011103017 9.5238545e-05
0.6244421 0.021489127 0.00070116366 0.0061080903 0.007949268 0.15407006 0.0587073 0.023191882 0.28069487 0.39421618 0.5454098 0.0013505098 0.004370157 0.0003456601 0.82537997 0.15597498 0.0012512773 0.0005699056 0.0037908058 0.00082794344 0.0072672907 0.34999043 0.19409189 1.8325989e-05 0.0011283469 0.030898191 0.542389 0.00027266055 0.0017237549 0.0006040761 3.927467e-18 0.0071335933 2.47069e-05 0.015156934 0.05142373 0.93560785 0.0005913948 5.380301e-05 0.54555887 0.2555299 0.011588083 0.0003292611 0.8319804 0.0004925428 0.0010878722 0.029344635 5.312788e-05 5.030502e-05 0.7748779 0.0014742418 0.00012872781 0.6440025 1.5853781e-06 0.91555715 0.40401885 0.00028451887 0.00024185312 0.0028884204 3.798602e-05 0.16972698 0.0023329866 0.17623734 0.00011724299 1.792701e-05 0.15598968 9.91358e-05 5.8640508e-06 5.043893e-06 2.3175337e-06 1.4745799e-06 0.0025444694 6.9198936e-06 6.0297293e-06 4.827834e-06 0.00010619431 3.232779e-05 0.022805052 0.00012470553 0.011709918 1.1802497e-05 0.0037646194 0.14204022 0.0011843037 3.0338563e-06 0.00019748721 0.0072509875 3.4718592e-05 0.0069578546 0.002854275 0.002548259 0.0008600452 1.6735647e-05 0.002010072 0.026037501 0.011294139 0.0018921114 1.5288277e-06 0.036294356 3.3148115e-07 0.0006372969 2.1282403e-06
