1.2999838e-23 0.94272876 0.965797 0.86044973 0.6673158 0.87589926 0.8564495 0.8735387 0.8638345 0.8945774 0.9749939 0.83220416 0.94167054 0.98738617 0.9274327 0.9848158 0.95092666 0.9654791 0.9166614 0.9376385 0.9595349 0.97981685 0.8223714 0.90522057 0.8743084 0.13102211 0.14737317 0.97205955 0.54136926 0.99391735 0.914455 0.19177672 0.17656444 0.9913576 0.49534398 0.9598318 0.87202936 0.13038677 0.93733877 0.64668185 0.23641075 0.20409116 0.96838105 0.98214716 0.9163415 0.9137454 0.71686727 0.97714186 0.9812302 0.8064702 0.9640499 0.751952 0.019258466 0.954686 0.8455999 0.67558265 0.82816654 0.9744891 0.04953935 0.010071373 0.058241837 0.002270367 0.89062923 0.34382668 0.0045191934 0.75457466 0.6947836 0.001002181 0.005157799 0.00043722044 0.99055886 0.00015808051 0.9818593 0.71538246 0.0057194713 0.022060107 0.99707943 0.20536005 0.9251712 0.023737581 0.97792184 0.9997695 0.93986607 0.0006136995 0.0016548599 0.99080676 0.030106267 0.000865803 0.0044834027 0.19383152 0.0043750363 0.00013298403 0.025216112 0.99852103 0.00018188136 0.046716984 0.062182847 0.99732286 0.009077307 0.07517406 0.9999274
0.94272876 1.842502e-18 0.9346292 0.9240613 0.71037865 0.34156168 0.4581042 0.48284075 0.5375633 0.55473524 0.59394306 0.64513093 0.039768357 0.14976676 0.024703538 0.22321552 0.01557251 0.088765115 0.08402925 0.057063628 0.006389954 0.035084717 0.019600034 0.002266313 0.010257587 0.26838064 0.7171073 0.030751823 0.009401197 0.026982294 0.00028533375 0.050460376 0.032176375 0.000991038 0.0093650855 0.0015456796 0.000517071 0.0027989256 0.00023780196 0.00018247432 0.00028121108 0.0003804187 0.012018353 0.056687362 0.00026188444 0.0024610332 0.0018536354 0.03391493 0.022442719 0.0033930822 7.8089135e-05 0.00013660181 0.015677713 8.945127e-05 8.265813e-06 4.289153e-05 1.50421065e-05 0.018505642 0.022370398 0.0026331344 0.0004512755 0.0069489228 0.0046008904 0.0003514527 0.0005345215 0.000112148045 3.4217314e-07 0.0019229675 0.0017919319 0.0016438642 0.008785832 0.00047574684 0.008099973 1.6497219e-07 0.00044996993 4.769706e-07 0.00058562076 8.4005967e-07 3.775751e-05 1.2386923e-07 0.0075292145 0.026831444 2.2753434e-06 2.8401611e-05 0.00085001247 0.0014211495 6.5199165e-06 0.00010658656 1.1708364e-06 5.846846e-06 4.609645e-07 4.822689e-06 0.000104692495 0.0006139263 6.555152e-05 2.707038e-06 9.231981e-05 1.1100009e-05 6.0385373e-05 1.643071e-07 0.005744576
0.965797 0.9346292 1.6395297e-19 0.11303495 0.028812526 0.0135462275 0.009516724 0.019598275 0.49336603 0.2137243 0.85519624 0.9300716 0.001223628 0.57662785 0.00060867605 0.18447365 0.0039140885 0.04121632 0.3823909 0.27313706 0.0006836829 0.16012189 0.11404797 0.00010898378 0.051807463 0.034049228 0.28027827 0.020070989 0.000836458 0.010333046 4.8130925e-05 0.05385368 0.04616668 0.00086920155 0.038822755 0.0093081 7.3890405e-06 0.00910919 8.72479e-05 0.0015067332 5.22031e-05 0.00016320431 0.016299816 0.049931265 5.293408e-05 0.015525443 0.009030887 0.04294971 0.020656982 0.013291063 4.9211885e-05 4.6137575e-05 0.0009031395 4.5372573e-05 3.4349844e-06 3.7414065e-06 9.984732e-07 0.02131692 0.02804255 8.912548e-05 1.621125e-05 0.00036425496 0.011192693 0.0021422242 0.001342694 8.539995e-05 5.5239376e-08 0.00016730548 0.002580254 4.828665e-05 0.0044939467 5.121755e-06 0.040810306 1.5778904e-08 0.00036458828 2.8357573e-07 0.0011836698 2.390432e-06 2.6053487e-05 2.3094286e-07 0.046593886 0.02188593 2.06849e-06 2.1943442e-05 0.0020422118 0.00059184385 3.8315582e-05 0.00015503094 1.899725e-06 6.2868e-06 2.2850286e-06 1.8879925e-06 5.0190924e-05 0.00058105536 7.033993e-05 2.9624891e-06 5.266489e-05 9.433357e-06 1.942521e-05 5.3546373e-08 0.029456614
0.86044973 0.9240613 0.11303495 8.963269e-21 0.95785 0.936584 0.54616976 0.46949527 0.33834556 0.56551814 0.12942696 0.020875692 0.6702759 0.0013392335 0.40306497 0.14132524 0.1421017 0.20474969 0.0042164573 0.00197027 0.073804684 0.0035653035 6.9760594e-05 0.10806421 0.00010238362 0.08040964 0.07933155 0.04256439 0.28327236 0.07824807 0.009194481 0.00021870038 0.00033069638 0.023326457 1.4768381e-05 6.767667e-05 0.010131825 2.5081536e-06 0.00070324267 8.4765503e-07 0.005580068 0.003260759 0.00090989564 0.023822878 0.000710592 2.0393802e-05 1.1986158e-06 0.00534895 0.00458548 2.672378e-05 0.00014807242 0.00026051365 0.03329668 0.0003119067 4.3577074e-05 5.2419913e-05 3.71573e-06 0.025226695 7.6569035e-05 0.006856473 0.0031712358 0.004521528 0.0003750284 1.9841137e-07 4.8626184e-06 3.0103425e-07 6.013578e-07 0.0012527353 4.2615175e-05 0.0011631247 0.0044584256 0.00017880781 0.0011563328 1.616182e-07 3.398819e-05 5.422034e-05 0.004752446 5.605154e-07 0.0003793058 1.9535337e-05 0.0005078678 0.002502594 1.3280095e-05 2.4656188e-06 0.00018267735 0.0022991137 1.224462e-07 0.00018625139 5.7991906e-07 1.4788768e-06 2.5425372e-06 3.5835967e-06 1.7358393e-07 0.0048835436 1.2206798e-05 9.2142436e-08 1.4779799e-06 0.00015025424 0.00054972386 5.1688585e-07 0.001562833
0.6673158 0.71037865 0.028812526 0.95785 4.9791387e-19 0.9655166 0.7783038 0.5733048 0.08166841 0.27930146 0.022427605 0.008330962 0.5937398 0.0013092106 0.48337814 0.014810144 0.0792801 0.055837523 0.0011555171 0.0006364823 0.026288582 0.0010040689 7.8842146e-05 0.07211701 0.00016491111 0.08685323 0.09785022 0.008189156 0.4523698 0.015213732 0.010630939 0.00016689609 0.0003164595 0.0120202955 3.9499857e-05 7.960044e-05 0.014726135 9.321569e-06 0.001331831 5.622138e-06 0.008747087 0.0061932146 0.00027608196 0.0064035947 0.0010540957 7.868677e-06 1.01421965e-05 0.00079074065 0.0005750057 3.2748874e-05 0.00022110857 0.00074048643 0.05428862 0.0005798566 0.00017994008 0.000191992 7.402078e-05 0.005859291 0.00018049004 0.012625093 0.005829725 0.0099853575 0.00021516424 4.0968603e-06 6.3995562e-06 1.1611003e-06 9.4344905e-06 0.0013900342 0.00010139668 0.0021057832 0.0011158439 0.00046837304 0.00042249827 1.2134956e-06 0.00011310203 0.00018879655 0.0026406685 2.0668998e-05 0.0008133893 3.3154633e-05 0.0004960959 0.00079512055 4.0606483e-05 5.3552403e-06 6.451819e-05 0.0007234258 6.3044246e-07 0.00031092993 9.385412e-06 4.577451e-07 1.7483162e-05 1.61472e-05 1.4472282e-07 0.0012916904 5.0241542e-05 3.3931514e-07 1.6576256e-06 0.00021174783 0.0001406071 2.515534e-06 0.0008487075
0.87589926 0.34156168 0.0135462275 0.936584 0.9655166 5.642862e-17 0.7129609 0.3859833 0.0320242 0.27795088 0.0089333085 0.00379897 0.71984655 0.0003358442 0.61740595 0.013705377 0.14480922 0.06322132 0.00023006545 0.00010727808 0.08077076 0.0002882328 1.5134486e-05 0.16847335 9.574735e-05 0.100776136 0.047425017 0.007287984 0.5258804 0.009171743 0.029993955 0.00013830341 0.0002155232 0.03641792 3.4069355e-05 1.4303991e-05 0.052631203 1.3469263e-05 0.003362188 4.311399e-06 0.02435189 0.02084413 9.9206074e-05 0.005397804 0.0037435736 1.4607261e-06 4.1674725e-06 0.00041224418 6.0785664e-05 1.8352301e-06 0.0009650061 0.0008001605 0.10682674 0.00047367765 0.00082160375 0.0001683877 0.00013068055 0.0038998309 0.00010781675 0.031583495 0.036113415 0.012523703 4.747762e-06 3.5748926e-06 9.043836e-06 1.2110954e-06 1.341867e-05 0.0010077372 3.702972e-05 0.002346012 0.0002937846 0.000189133 6.004301e-05 2.204803e-05 0.000102859754 0.0008814076 0.005505586 0.00028239575 0.00066824997 0.00036541585 5.762007e-05 0.00042553243 0.0001630671 7.674859e-05 0.0001090133 0.000551378 4.7014e-07 0.0011254699 7.1808434e-05 1.3916609e-07 0.00015566325 2.6268185e-06 5.0228437e-08 0.0009768638 1.9788095e-05 1.940967e-07 1.9528081e-06 0.00031687052 0.00037974035 8.364117e-06 0.0004362639
0.8564495 0.4581042 0.009516724 0.54616976 0.7783038 0.7129609 1.1755295e-18 0.9722513 0.020309985 0.119903155 0.01067668 0.0049726875 0.20735423 0.0002374618 0.4201691 0.009615713 0.036354017 0.017477896 7.878886e-05 2.0342246e-05 0.012667969 0.00014902726 2.5422572e-05 0.018037582 5.1313247e-05 0.2390534 0.16675983 0.0028525842 0.75794655 0.002919262 0.0027157902 5.876314e-05 0.000116757066 0.008777558 7.1747063e-06 1.7999292e-06 0.0109911915 1.6292347e-06 0.000675233 5.22267e-07 0.0032583964 0.0061682784 4.518547e-05 0.0032908153 0.00058856606 3.2661148e-06 8.613618e-07 5.2920757e-05 4.6949037e-05 1.7438128e-06 6.36469e-05 0.00022246329 0.18211158 2.9024297e-05 7.285582e-05 3.19081e-05 2.002941e-05 0.0038731687 6.563146e-05 0.050778933 0.016995912 0.04125709 2.8647008e-05 1.4637536e-06 4.0138857e-06 3.431008e-07 1.7511304e-06 0.0059446497 5.608689e-05 0.005143596 8.002692e-05 0.00076266297 0.0001696741 6.1306594e-07 3.3182878e-05 8.204183e-05 0.00089161494 6.43876e-06 8.902848e-05 4.752124e-06 0.000107274915 0.0005117222 1.365839e-05 3.9249408e-06 6.978335e-05 2.9794764e-05 2.5378776e-07 6.138042e-05 5.7075918e-06 2.1301928e-07 1.4559719e-05 1.2475459e-05 6.537471e-07 0.00010979384 4.179455e-05 6.413199e-08 2.6015912e-06 3.367794e-06 0.0005157664 2.8165068e-06 0.0010308699
0.8735387 0.48284075 0.019598275 0.46949527 0.5733048 0.3859833 0.9722513 1.24672836e-17 0.014903786 0.10368874 0.018022861 0.011088706 0.08960484 0.0010167774 0.20604444 0.004802085 0.014532801 0.009086323 0.0003016382 0.00011665811 0.005404018 0.00089225254 8.076165e-05 0.0028905259 0.00027575594 0.8294668 0.75565416 0.0007604055 0.5609531 0.0009542157 0.000587451 9.1970855e-05 0.00016164096 0.002896311 1.1082124e-05 1.0928904e-06 0.0008995653 4.2141737e-06 0.00012406839 1.1254372e-06 0.00031510732 0.0011032157 6.5253436e-05 0.0024372002 9.262919e-05 1.67593e-05 1.5466175e-06 7.701459e-05 0.00030473806 3.8862718e-06 9.982423e-06 3.5182897e-05 0.38582003 1.9963381e-06 3.247309e-06 4.9926944e-06 9.0420366e-07 0.004044046 9.226789e-05 0.08576048 0.015491087 0.20795438 1.7359172e-05 6.532167e-07 3.27581e-06 2.5714778e-06 9.164991e-08 0.03648294 4.4345787e-05 0.012987572 5.8322577e-05 0.0032866548 0.00021698231 1.6455816e-07 1.6059908e-05 5.676523e-07 5.0935636e-05 1.062094e-06 6.91513e-06 2.0038371e-07 4.4084438e-05 0.0010826873 2.6356488e-06 1.9685017e-06 0.000106074076 7.86521e-06 2.9085976e-07 3.570152e-05 1.5838108e-06 1.2955178e-07 3.4294428e-06 2.2425222e-05 3.5525873e-06 2.2259517e-05 0.00028974007 9.933941e-08 1.923013e-06 2.5174168e-07 0.000403506 3.4934806e-07 0.00034143956
0.8638345 0.5375633 0.49336603 0.33834556 0.08166841 0.0320242 0.020309985 0.014903786 1.6463036e-20 0.9656739 0.86258847 0.030361477 0.056170125 0.03339476 0.012001052 0.84831095 0.17603678 0.49412045 0.108012415 0.0866627 0.051333502 0.10020786 0.006515547 0.01560369 0.00221227 0.0023019626 0.055644702 0.2316776 0.0032799884 0.19452712 0.002071647 0.0017552981 0.0020624537 0.021939076 0.0016007844 0.007232703 0.0012634482 0.0001507661 0.0013726999 6.755589e-05 0.00040332772 0.0002749736 0.0188762 0.12867668 0.000381006 0.0021191572 0.00052305683 0.0744318 0.07988103 0.0013009792 0.0017588127 0.00039069258 0.0008450412 0.00069576385 3.2474283e-05 4.976136e-05 0.0002100453 0.08482917 0.0013333231 7.263147e-05 2.641274e-05 0.00023288175 0.0036828995 0.00022094561 7.4314426e-06 0.000100285724 3.151614e-06 0.00028330856 4.0790732e-05 9.097416e-06 0.051194437 1.4040856e-05 0.046391968 1.7873917e-07 8.180401e-05 0.00021653809 0.008779266 1.1160417e-05 0.0028947508 1.0888482e-05 0.008807636 0.049385782 1.0892066e-05 1.2517344e-06 3.7786038e-05 0.01939698 2.2501883e-06 1.5068877e-06 6.0658754e-06 8.995914e-06 2.9478117e-06 3.1468958e-06 0.00010433169 0.007993265 0.00010193653 7.927442e-06 9.039269e-05 0.0027511148 9.15657e-06 6.4945004e-07 0.013911146
0.8945774 0.55473524 0.2137243 0.56551814 0.27930146 0.27795088 0.119903155 0.10368874 0.9656739 3.1363406e-19 0.2812564 0.00799635 0.35408852 0.0137657905 0.055913307 0.62738276 0.28521273 0.8805489 0.0055709677 0.0036338845 0.15196386 0.020873452 0.0004561369 0.046403244 0.0007005143 0.009902063 0.060220424 0.20566766 0.019606305 0.2574185 0.0169446 0.00043428966 0.000705163 0.07757072 0.0008062175 3.689362e-05 0.010686154 0.0002484443 0.010634371 2.5049362e-06 0.0034000985 0.0018798027 0.0016613567 0.10387162 0.0018698777 7.69586e-06 1.849551e-05 0.025648285 0.017723385 3.234899e-06 0.0086956015 0.0009285008 0.0012290038 0.003730186 0.0001560759 0.00014724863 0.00066975824 0.087652385 0.00043659852 0.00048583082 0.0001109156 0.00026563636 9.805552e-05 5.035552e-05 8.772695e-06 7.7282575e-06 1.8104127e-05 0.000105110266 2.0531985e-05 0.00015433186 0.020943847 0.00010026125 0.0038951957 5.2601267e-06 0.00015221763 0.00021337664 0.015351864 6.7260626e-05 0.0063056396 5.348394e-05 0.00060812256 0.013705689 0.00015156377 7.5846588e-06 2.566596e-05 0.014159027 2.2257193e-06 1.2552279e-05 4.9480735e-05 3.4351794e-07 3.6495214e-05 7.049609e-06 2.303871e-06 0.012921507 8.48565e-05 3.635919e-06 7.687066e-06 0.007580071 6.934034e-05 5.637375e-06 0.00734486
0.9749939 0.59394306 0.85519624 0.12942696 0.022427605 0.0089333085 0.01067668 0.018022861 0.86258847 0.2812564 4.1089064e-18 0.09219235 0.00766872 0.33783308 0.0013122405 0.8252669 0.020968921 0.2066792 0.6841142 0.5789863 0.0029225505 0.7733005 0.026545012 0.001443221 0.024653414 0.0023631416 0.07935861 0.12691782 0.0007909662 0.04683438 0.00022697802 0.009869928 0.013441161 0.0034556089 0.012938899 0.05279608 2.0767433e-05 0.004375873 0.00017427321 0.0025999183 0.0001088854 7.0219685e-05 0.07952826 0.20821138 0.00013375838 0.011826802 0.0024983995 0.20508003 0.09657985 0.004726691 0.0002374208 3.7645437e-05 0.00067549356 0.00018694827 1.8073593e-05 8.080722e-06 9.762318e-06 0.13934888 0.011657716 0.00010072127 6.9398984e-06 0.0006232025 0.0043354663 0.0018727499 0.00019225053 0.00022277643 8.649598e-07 0.00024529913 0.00087279873 0.000121595396 0.02518356 7.5722965e-05 0.039895136 2.874295e-07 0.0009574809 1.4206787e-05 0.0072450945 1.2959379e-05 0.000622685 1.5911064e-06 0.025698943 0.10446846 1.660582e-05 0.00010626736 0.00031714924 0.006512882 0.00016349096 0.00017709495 2.4274368e-06 2.945638e-05 2.9669702e-06 6.4945534e-06 8.1826794e-05 0.0048749493 0.00013645741 0.00015909746 9.189922e-05 0.00066380826 0.00092861056 1.0106148e-06 0.038564604
0.83220416 0.64513093 0.9300716 0.020875692 0.008330962 0.00379897 0.0049726875 0.011088706 0.030361477 0.00799635 0.09219235 1.5531893e-17 0.0009888724 0.8874111 0.00062990846 0.011151077 0.0011255622 0.0025144755 0.02063341 0.019647691 0.00022578456 0.008290967 0.8142618 4.0102757e-05 0.7948554 0.015104561 0.59142524 0.0022781543 0.0008383275 0.00063675886 4.8791558e-06 0.7007022 0.6533828 4.89352e-05 0.74823576 0.001452989 8.151108e-06 0.31480902 5.7438e-06 0.0019403104 3.5342614e-06 1.2231304e-05 0.0021531726 0.005090643 9.800579e-05 0.00054581586 0.032226156 0.005490339 0.0021526287 0.0011985033 2.9642554e-06 2.1193802e-05 0.000850132 8.953479e-06 1.0244037e-06 3.525025e-06 1.5975928e-06 0.0014892716 0.29713562 5.3078656e-05 2.1636022e-05 0.00078648847 0.00050805934 0.03207229 0.012008808 2.663737e-05 5.5166066e-07 0.0004427735 0.018313194 3.388495e-05 0.001403937 4.817244e-05 0.0020804643 1.8932454e-07 0.0024807234 8.5289014e-07 4.5373352e-05 4.1930492e-05 5.4959435e-07 1.9500817e-08 0.0034092192 0.0016149381 2.183232e-06 0.00022434005 0.016711963 0.00032764542 0.00015793659 0.0017229357 3.1747213e-06 9.034616e-07 7.434642e-07 5.6569356e-06 1.908371e-05 0.00015073908 0.00028348964 1.1824139e-05 2.7204533e-05 8.633092e-07 0.0002906129 1.3182643e-07 0.0047122324
0.94167054 0.039768357 0.001223628 0.6702759 0.5937398 0.71984655 0.20735423 0.08960484 0.056170125 0.35408852 0.00766872 0.0009888724 2.2914054e-17 4.9771393e-06 0.9462572 0.031569637 0.6441427 0.17989112 4.733703e-05 2.4428115e-05 0.42345238 5.35219e-05 8.1795736e-07 0.80180645 3.025916e-06 0.0035359224 0.0011440834 0.030046167 0.22175056 0.0709889 0.3899044 4.9154984e-05 7.758e-05 0.21818665 5.32223e-07 9.2131677e-07 0.49505097 1.7806008e-06 0.10779512 2.3125804e-07 0.17751816 0.120442316 9.894596e-05 0.018320343 0.07431638 8.568543e-08 9.5077917e-07 0.00058602996 0.00063993584 2.3258576e-07 0.018661913 0.011752382 0.011692376 0.013078548 0.0067621768 0.0021755951 0.0005710688 0.025741562 8.404396e-05 0.0071237492 0.0130125405 0.00093307183 3.3110107e-05 2.0230154e-07 1.2109741e-06 1.0191421e-07 4.531255e-05 5.020361e-05 1.3958813e-05 0.00044724534 0.004121467 1.0105431e-05 0.00016862008 2.6745678e-05 1.2476089e-05 0.0051352265 0.067368284 0.00017987282 0.0052244836 0.001941419 9.470175e-05 0.00054540456 0.00025018325 5.8515786e-07 8.537222e-06 0.005917313 6.7291964e-08 4.3735135e-06 2.6314332e-05 1.4001249e-07 0.00015031331 7.9399484e-08 2.0455974e-07 0.007021503 2.0624161e-07 2.9756468e-08 6.817604e-07 0.0037211932 0.0017705671 3.7634725e-06 0.0007491468
0.98738617 0.14976676 0.57662785 0.0013392335 0.0013092106 0.0003358442 0.0002374618 0.0010167774 0.03339476 0.0137657905 0.33783308 0.8874111 4.9771393e-06 7.7042874e-18 6.6609364e-06 0.04750499 0.00011729712 0.0025163968 0.49899146 0.40785024 1.753894e-05 0.24709053 0.90593755 3.23035e-07 0.73195356 0.0033298635 0.14870827 0.0026523857 1.6404061e-05 0.00028070522 4.2684442e-07 0.25380537 0.19671287 3.8570734e-06 0.45230865 0.23867564 5.8304835e-07 0.19510703 8.2523e-07 0.08636686 1.5435024e-06 2.4891287e-06 0.076662295 0.053898666 7.814328e-07 0.06742508 0.42672524 0.13442904 0.04418426 0.20365684 4.8595655e-07 1.027913e-06 2.0419197e-05 9.395464e-07 2.3289383e-07 1.1702678e-07 1.2845182e-07 0.021689048 0.21756992 9.91889e-06 1.6282738e-05 1.9891213e-05 0.015475191 0.22139475 0.006220464 0.0017945296 6.3788543e-09 3.5171724e-05 0.0038305281 9.368171e-06 0.012960018 9.2849905e-06 0.06099999 3.7246897e-07 0.002754408 4.267046e-06 0.00013535457 3.9911515e-06 8.914992e-06 1.7704987e-06 0.06556239 0.027952136 1.0280305e-06 0.00030750417 0.0036525212 0.0023797213 0.0039382917 0.0005409122 1.6533644e-06 3.5436868e-05 2.3634525e-06 1.76839e-07 0.000216297 0.00039829517 4.642825e-06 0.0020325582 0.0005060214 4.7817693e-06 0.00030997596 8.072633e-08 0.039698716
0.9274327 0.024703538 0.00060867605 0.40306497 0.48337814 0.61740595 0.4201691 0.20604444 0.012001052 0.055913307 0.0013122405 0.00062990846 0.9462572 6.6609364e-06 6.596829e-15 0.0019835501 0.23678806 0.014046475 2.0914731e-05 1.0998052e-05 0.1839233 4.127018e-05 1.3074188e-06 0.2972999 1.0463147e-05 0.011304617 0.0032762496 0.0033918351 0.7636566 0.0086677 0.42053008 2.7437598e-05 5.5502274e-05 0.0843013 2.8800448e-06 3.157834e-07 0.90173 2.4388298e-06 0.09311094 8.5193653e-07 0.70217973 0.6911273 1.1924596e-05 0.00162421 0.17377901 9.912653e-07 6.519624e-06 7.305523e-05 5.113616e-05 3.7562415e-07 0.007232258 0.017411906 0.06914386 0.006120329 0.010879905 0.0059750923 0.002982847 0.0043377825 0.00020443232 0.049014475 0.12773381 0.005087306 9.184556e-06 1.0097227e-06 3.4746233e-06 4.2803836e-07 0.00017371915 0.00031655878 2.5954714e-05 0.0011753917 0.0005925352 4.8772694e-05 6.4749336e-05 9.17172e-05 2.4451518e-05 0.22704034 0.017344058 0.0012199606 0.0012214618 0.14269394 1.4482333e-05 0.0002950861 0.00022089778 2.4029114e-06 2.1573698e-05 0.00073012075 6.191357e-08 8.639768e-06 9.004785e-05 4.023772e-07 0.00012964603 1.2856046e-06 8.2643186e-07 0.0012985372 6.31257e-07 2.6726694e-08 5.669565e-07 0.0003133611 0.046037573 2.377041e-05 0.00052379357
0.9848158 0.22321552 0.18447365 0.14132524 0.014810144 0.013705377 0.009615713 0.004802085 0.84831095 0.62738276 0.8252669 0.011151077 0.031569637 0.04750499 0.0019835501 1.28660125e-20 0.07868897 0.7095809 0.18463169 0.16777705 0.03094977 0.45121166 0.0024659492 0.0030427303 0.0006612685 0.00022793832 0.0014334779 0.8032029 0.00031190406 0.38757733 0.00023252668 0.00057389465 0.00038009396 0.009800635 0.00018914185 0.013901816 2.7117345e-05 2.9083065e-05 0.00049847807 0.00041857455 2.426901e-05 4.854249e-05 0.08131569 0.5264094 2.9016357e-05 0.00080092356 0.00014819701 0.44766372 0.37725997 0.0010136743 0.0003578148 3.3604905e-05 1.3545483e-05 0.00029329723 4.946694e-06 2.0493846e-06 2.0574412e-06 0.3796381 6.0566126e-05 3.6915462e-06 7.0975824e-07 3.3369288e-05 0.0033469906 9.31926e-06 5.3176564e-06 5.9816055e-05 1.8019378e-07 6.4247442e-06 4.4523385e-05 1.7187636e-05 0.2199776 1.5161096e-05 0.07968103 5.2285724e-08 2.4333274e-05 5.9339123e-07 0.009910249 2.1380745e-06 0.0012738872 2.3481248e-07 0.0151308365 0.18802506 7.028819e-06 5.729144e-06 1.4326965e-05 0.06382018 2.0603488e-06 4.645768e-05 6.453948e-07 0.00028274633 1.1504862e-07 6.9874113e-07 5.1168066e-05 0.040607728 4.9830664e-06 4.8390903e-06 0.00010377677 0.008166071 2.0692722e-05 2.2241905e-07 0.038418055
0.95092666 0.01557251 0.0039140885 0.1421017 0.0792801 0.14480922 0.036354017 0.014532801 0.17603678 0.28521273 0.020968921 0.0011255622 0.6441427 0.00011729712 0.23678806 0.07868897 3.4092388e-17 0.35124263 0.00028743045 9.039339e-05 0.9587066 0.00047410835 1.0387129e-05 0.90992916 3.338514e-05 0.00021797286 0.00025089073 0.13142408 0.015372396 0.25002348 0.2580583 4.2604694e-05 4.5366087e-05 0.6807281 7.796943e-06 4.0165437e-06 0.17680691 5.4715542e-06 0.3971892 5.796271e-07 0.056204796 0.034746263 0.0017686365 0.077325895 0.04697382 7.0528235e-06 6.6065986e-06 0.016922655 0.009423876 3.3288852e-06 0.08093971 0.036911454 0.00024990595 0.0788895 0.024918174 0.011274111 0.00977898 0.1386448 0.00026326094 0.0002975352 0.00052608567 1.5708647e-05 0.00026226183 8.140511e-06 2.0270816e-06 1.4090616e-06 0.0009676123 8.967468e-06 1.0178678e-05 3.7937076e-05 0.061876215 6.4757146e-06 0.0018515788 0.00012920206 1.2884159e-05 0.0034771992 0.20609415 0.00078841054 0.044634182 0.003030918 0.00096723175 0.009840026 0.0037869664 7.9617445e-07 8.743582e-05 0.079690725 2.6887e-07 8.4355e-06 0.00018621357 9.553565e-07 0.000348404 8.0370484e-07 8.8317364e-07 0.10336106 3.520305e-06 2.8982836e-07 9.551561e-07 0.028965354 0.0004320988 0.0001391549 0.0031146533
0.9654791 0.088765115 0.04121632 0.20474969 0.055837523 0.06322132 0.017477896 0.009086323 0.49412045 0.8805489 0.2066792 0.0025144755 0.17989112 0.0025163968 0.014046475 0.7095809 0.35124263 1.6166437e-19 0.00778995 0.006180326 0.2548006 0.019510387 7.9106125e-05 0.039199494 3.3761957e-05 0.00014542324 0.00085894484 0.8098965 0.0021797381 0.8927333 0.014904552 3.4511577e-05 8.8935376e-05 0.13647951 5.147072e-05 8.055834e-05 0.0025204476 5.732751e-06 0.018302387 1.8503113e-05 0.0011007352 0.0005830876 0.003983626 0.25130224 0.00056330493 6.362815e-05 6.419624e-06 0.0545865 0.05106441 2.1782002e-05 0.016742432 0.0008074559 9.113981e-05 0.0070568067 0.00043637643 5.5826305e-05 0.00035733488 0.2569357 1.1589071e-05 5.125363e-05 9.101156e-06 7.1218165e-05 0.00030329305 1.3605431e-06 1.186662e-06 1.5224078e-05 8.663035e-06 3.8203096e-05 3.4217724e-06 2.5839008e-05 0.08894544 2.2776565e-05 0.00897921 4.1860903e-06 6.6897687e-06 0.00019308581 0.033173822 2.750157e-05 0.014547776 3.0849096e-05 0.00051665056 0.02717545 0.00011593974 8.4561714e-07 2.1566662e-05 0.06716995 3.6649266e-07 7.969756e-06 1.7295733e-05 5.033413e-06 3.3727716e-05 6.8900363e-06 2.540208e-06 0.05534223 1.8810346e-05 1.2735505e-06 5.8401583e-06 0.019205414 3.288962e-05 3.6263475e-06 0.013636337
0.9166614 0.08402925 0.3823909 0.0042164573 0.0011555171 0.00023006545 7.878886e-05 0.0003016382 0.108012415 0.0055709677 0.6841142 0.02063341 4.733703e-05 0.49899146 2.0914731e-05 0.18463169 0.00028743045 0.00778995 4.632118e-19 0.97408295 4.5645695e-05 0.8888735 0.057604566 1.4322765e-06 0.013971173 4.106434e-05 0.010034779 0.023004565 7.2630532e-06 0.005042936 7.071145e-07 0.0010117538 0.0023763478 1.6037822e-05 0.007954445 0.43898475 4.2573294e-07 0.0017636055 1.1265205e-06 0.07987416 1.1563342e-06 1.1833897e-07 0.26615047 0.10159054 1.4977355e-06 0.19181974 0.037879236 0.26291907 0.12790191 0.07577024 6.4504405e-07 4.452644e-07 2.0321606e-06 9.536119e-08 2.2593184e-08 2.7856746e-08 5.8431806e-07 0.03870638 0.0015116996 1.4020918e-07 5.012926e-07 1.772919e-05 0.011979703 0.005658522 2.5678937e-05 0.00231985 9.851197e-09 7.2201554e-05 3.924872e-05 5.285022e-06 0.03784883 6.539763e-06 0.26084659 3.8537564e-08 0.00039786354 3.6867295e-06 0.00018335613 8.480796e-07 5.5317745e-05 4.395451e-07 0.035259094 0.10436427 1.1618529e-07 7.5000105e-05 2.801098e-05 0.009302055 0.00074316974 6.0945637e-05 4.5778307e-07 9.2034206e-05 1.2805143e-06 6.8362647e-07 0.00032678287 0.0040465235 9.88662e-06 0.00094102655 0.00032610077 6.10167e-05 5.4374283e-05 5.324319e-08 0.03373179
0.9376385 0.057063628 0.27313706 0.00197027 0.0006364823 0.00010727808 2.0342246e-05 0.00011665811 0.0866627 0.0036338845 0.5789863 0.019647691 2.4428115e-05 0.40785024 1.0998052e-05 0.16777705 9.039339e-05 0.006180326 0.97408295 2.6445606e-20 1.4621485e-05 0.8775286 0.046508987 4.1438187e-07 0.009548538 2.05464e-05 0.0051579713 0.020727847 1.5019951e-06 0.004006543 1.7107375e-07 0.00086863275 0.001766537 7.3080273e-06 0.0051625627 0.53745264 7.6941646e-08 0.0012020617 3.8964865e-07 0.06494464 2.8610884e-07 3.5419546e-08 0.36220473 0.13372031 2.1154486e-07 0.16956559 0.029469043 0.34320837 0.18686832 0.07123931 3.0740696e-07 1.1246243e-07 5.752958e-07 6.390036e-08 1.216006e-08 1.2494479e-08 1.7302034e-07 0.053595252 0.0011493195 5.216987e-08 2.0423167e-07 3.0334859e-06 0.015042574 0.004009829 1.1356488e-05 0.0024362963 4.2430375e-09 3.3748664e-05 3.1417065e-05 1.0456218e-06 0.05789317 2.2832949e-06 0.30432555 4.409175e-09 0.00032061333 2.113794e-06 0.00017661409 1.0795024e-07 4.4258413e-05 3.528965e-07 0.043115523 0.14325835 8.765101e-08 5.7740595e-05 1.9493296e-05 0.013677036 0.0005143493 3.0152762e-05 1.7418223e-07 9.9323646e-05 3.5630663e-07 3.0080813e-07 0.00034562728 0.005181558 6.013948e-06 0.0007862473 0.00039715768 8.961642e-05 2.2131031e-05 2.8929218e-08 0.039090015
0.9595349 0.006389954 0.0006836829 0.073804684 0.026288582 0.08077076 0.012667969 0.005404018 0.051333502 0.15196386 0.0029225505 0.00022578456 0.42345238 1.753894e-05 0.1839233 0.03094977 0.9587066 0.2548006 4.5645695e-05 1.4621485e-05 3.4262119e-18 6.203435e-05 7.6618693e-07 0.9140823 3.2949695e-06 9.022726e-05 3.6524045e-05 0.12797686 0.007948583 0.3275968 0.4190445 1.6728465e-05 3.8139897e-05 0.8805718 1.2132607e-06 2.1470845e-07 0.18289074 6.0845974e-07 0.5403868 2.2968167e-07 0.043882247 0.036271315 0.0002973707 0.032199915 0.051184062 5.1082395e-07 6.5675664e-07 0.0041725775 0.0029891857 2.8981756e-07 0.27315542 0.067477785 0.000116231466 0.15612194 0.033635795 0.01265517 0.021097211 0.06281224 7.126851e-05 0.00020144782 0.00054144044 1.13105425e-05 3.958308e-05 7.3834476e-06 1.653555e-06 8.5248513e-07 0.002031344 1.5322769e-06 1.5865042e-05 2.6403572e-05 0.06964291 1.9986658e-06 0.00075128773 0.00047209428 2.1797066e-05 0.008377181 0.2828164 0.00303155 0.101076365 0.0031907342 0.00012750064 0.0019134668 0.008322441 9.467654e-07 6.379177e-05 0.109075814 1.9445355e-07 1.0310975e-05 0.0006675961 2.4291631e-07 0.0015631467 7.6871646e-07 8.6894823e-07 0.15554802 3.0505007e-06 1.0717781e-07 8.3431996e-07 0.07748138 0.00021165314 0.00014384104 0.0013513002
0.97981685 0.035084717 0.16012189 0.0035653035 0.0010040689 0.0002882328 0.00014902726 0.00089225254 0.10020786 0.020873452 0.7733005 0.008290967 5.35219e-05 0.24709053 4.127018e-05 0.45121166 0.00047410835 0.019510387 0.8888735 0.8775286 6.203435e-05 4.2723726e-19 0.009789959 7.708744e-06 0.008923487 3.6556034e-05 0.0010960532 0.039608177 1.4069407e-05 0.010023564 2.8352665e-06 0.0007007361 0.0010840305 7.94884e-05 0.0012077951 0.71430784 5.9315647e-07 0.0007596231 1.2034488e-05 0.023910414 3.241619e-06 3.3009658e-07 0.6427625 0.32144472 1.9232304e-05 0.12445388 0.0071938494 0.6247298 0.4058886 0.10337865 5.0940807e-06 1.3360487e-06 2.5416987e-06 1.8837211e-06 6.119736e-07 2.2798231e-07 3.7482832e-07 0.16607259 0.0008246487 4.566537e-07 4.221802e-07 3.2575263e-06 0.014065022 0.0029692056 2.7670285e-05 0.0013886224 1.2532028e-07 1.5320802e-05 3.7529655e-05 2.6012112e-06 0.10751323 1.6093554e-06 0.45101777 1.9426467e-07 0.0004145756 3.946457e-07 0.0007123571 4.4389435e-06 0.00018625015 1.9123372e-07 0.028554749 0.3100455 3.281041e-06 0.00016658488 4.1782634e-05 0.02939342 0.00027046385 0.0001615867 6.4122787e-07 0.00010136689 9.883571e-07 1.2306205e-06 0.0003920669 0.008736607 7.910027e-06 0.0003834375 0.00059642317 0.00037343788 0.00034148578 2.1889473e-07 0.038401105
0.8223714 0.019600034 0.11404797 6.9760594e-05 7.8842146e-05 1.5134486e-05 2.5422572e-05 8.076165e-05 0.006515547 0.0004561369 0.026545012 0.8142618 8.1795736e-07 0.90593755 1.3074188e-06 0.0024659492 1.0387129e-05 7.9106125e-05 0.057604566 0.046508987 7.6618693e-07 0.009789959 2.0338835e-20 5.5496102e-08 0.94085467 0.00015003103 0.03308489 0.00029409994 1.0857152e-06 1.2787198e-05 2.1787205e-08 0.21202888 0.18103586 4.1871306e-07 0.5878374 0.025685662 7.3360247e-09 0.19563033 2.183413e-08 0.074745536 4.742806e-08 6.915935e-08 0.014214038 0.006909567 4.1129418e-08 0.011307832 0.62771916 0.014253443 0.005360284 0.039138593 2.317949e-08 2.008013e-07 2.4943447e-06 1.3226655e-07 5.0453217e-08 2.3521173e-08 1.3050717e-08 0.0033533408 0.14532153 3.5736159e-07 4.07118e-07 3.9370875e-06 0.0044247974 0.19711995 0.0072686975 0.0027943235 1.999866e-09 4.694709e-06 0.0063002594 5.1784554e-07 0.002424641 1.5071664e-06 0.0058430363 1.642644e-08 0.005211913 3.0830446e-07 9.34555e-06 6.0255934e-07 3.0297443e-08 1.2085046e-07 0.011007618 0.0062652472 1.5392285e-07 0.0017834534 0.0014072541 0.0005585677 0.0064606206 0.0016730151 1.0602294e-07 2.579892e-05 7.578057e-08 4.0752177e-08 0.00032124107 0.00017444299 4.3608833e-07 0.0010434547 0.00077897974 1.4488936e-07 7.3963024e-06 8.994219e-09 0.0061060335
0.90522057 0.002266313 0.00010898378 0.10806421 0.07211701 0.16847335 0.018037582 0.0028905259 0.01560369 0.046403244 0.001443221 4.0102757e-05 0.80180645 3.23035e-07 0.2972999 0.0030427303 0.90992916 0.039199494 1.4322765e-06 4.1438187e-07 0.9140823 7.708744e-06 5.5496102e-08 1.35389945e-17 8.088937e-07 0.00013283623 3.821993e-05 0.019369705 0.014684476 0.03774916 0.88708097 8.905832e-06 5.95872e-06 0.64110094 6.05868e-07 1.0591016e-07 0.43256634 8.829968e-07 0.8817855 8.187736e-09 0.087031566 0.04761543 2.865097e-05 0.010850219 0.23279013 2.5544072e-08 3.4832843e-07 0.00069933216 0.0004637517 4.2046375e-07 0.15146415 0.33756888 0.00045093326 0.07532934 0.025127867 0.056657378 0.085757405 0.016309971 0.00022271654 0.000434801 0.0012680455 2.4427394e-05 6.6471407e-06 3.3251206e-07 1.8003276e-06 1.09389724e-07 0.0032639701 4.5193074e-06 4.2529227e-05 9.663023e-06 0.009879392 9.5151853e-07 0.00014771502 0.0008809068 2.5205278e-05 0.029708307 0.18963845 0.010378476 0.02313063 0.01137208 4.875558e-05 0.0010696069 0.0038917707 5.402353e-07 4.4231114e-05 0.016999196 1.8024027e-08 1.047201e-05 0.000635993 9.6205355e-09 0.0017221669 1.3169449e-07 4.214513e-07 0.025004553 5.3621113e-07 2.8781228e-08 5.8287462e-08 0.016440015 0.00043603097 0.00010504844 0.000652516
0.8743084 0.010257587 0.051807463 0.00010238362 0.00016491111 9.574735e-05 5.1313247e-05 0.00027575594 0.00221227 0.0007005143 0.024653414 0.7948554 3.025916e-06 0.73195356 1.0463147e-05 0.0006612685 3.338514e-05 3.3761957e-05 0.013971173 0.009548538 3.2949695e-06 0.008923487 0.94085467 8.088937e-07 1.5833097e-17 0.00033061407 0.022381335 3.656904e-05 9.937989e-06 2.4961975e-05 1.0568743e-06 0.56240845 0.558835 1.158837e-06 0.89430195 0.005697502 9.263249e-08 0.6417551 6.044178e-07 0.03913901 4.3732817e-07 3.6610058e-06 0.008520907 0.0011669345 1.318734e-06 0.0014918346 0.6584644 0.005378865 0.0012470856 0.005159371 6.892127e-08 1.8896911e-06 1.1539684e-05 9.383101e-08 3.4555904e-07 1.8224274e-07 1.3283604e-07 0.0012887492 0.52028304 1.0200799e-06 1.4004929e-06 1.4748324e-05 0.0012884215 0.5380801 0.034200836 0.00062522624 2.6648001e-08 1.3130059e-05 0.01625286 3.4417785e-06 0.00039387456 4.260215e-06 0.0022318752 7.4073846e-08 0.015333572 4.659094e-06 6.426816e-06 8.422654e-06 1.3635515e-08 1.5858899e-07 0.0076426747 0.0030149298 3.22223e-07 0.005280939 0.019404633 8.198849e-05 0.010983799 0.008019073 3.1059693e-07 3.4618295e-06 7.423562e-07 1.9094514e-06 5.297433e-05 7.3419396e-05 4.514022e-06 0.0009382884 0.00010484966 2.6212103e-08 0.0006471452 1.5360276e-07 0.004108221
0.13102211 0.26838064 0.034049228 0.08040964 0.08685323 0.100776136 0.2390534 0.8294668 0.0023019626 0.009902063 0.0023631416 0.015104561 0.0035359224 0.0033298635 0.011304617 0.00022793832 0.00021797286 0.00014542324 4.106434e-05 2.05464e-05 9.022726e-05 3.6556034e-05 0.00015003103 0.00013283623 0.00033061407 2.1463538e-16 0.99368745 4.0241524e-05 0.26701567 6.0519236e-05 0.00013290707 0.00038638362 0.00021088228 8.018968e-06 5.4522065e-05 2.9428566e-06 4.9596583e-05 8.79845e-06 5.7897328e-06 7.944213e-06 1.1919559e-05 8.470814e-05 1.1401787e-05 8.910365e-05 5.956734e-05 1.4344083e-05 1.4122156e-05 2.91222e-05 2.5795402e-05 7.3106694e-06 3.6697024e-06 1.17364425e-05 0.38186046 4.1834087e-06 7.9755715e-08 1.5097673e-06 7.507778e-08 0.0002814732 5.4795837e-05 0.056245223 0.0053042173 0.47605473 3.9705767e-05 4.3481595e-07 5.77583e-06 5.8378225e-07 2.881369e-08 0.277311 0.00010045871 0.13991997 4.8093578e-05 0.10911371 7.6512835e-05 3.5051592e-08 2.2373517e-06 3.1399333e-07 1.0945318e-05 2.8120957e-07 6.0347946e-07 1.17605765e-07 0.00025140232 9.548455e-05 1.0567957e-06 7.7076083e-07 0.0028926795 3.8174723e-05 2.0364887e-08 2.2129313e-06 4.120859e-07 1.0224779e-06 7.496384e-07 0.0011491508 3.1455902e-06 2.8182792e-05 0.007933732 1.36385845e-08 1.5896519e-06 1.8828023e-07 0.00014878131 1.3811459e-07 0.0003590675
0.14737317 0.7171073 0.28027827 0.07933155 0.09785022 0.047425017 0.16675983 0.75565416 0.055644702 0.060220424 0.07935861 0.59142524 0.0011440834 0.14870827 0.0032762496 0.0014334779 0.00025089073 0.00085894484 0.010034779 0.0051579713 3.6524045e-05 0.0010960532 0.03308489 3.821993e-05 0.022381335 0.99368745 2.1848691e-21 8.5396125e-05 0.14758256 1.3194077e-05 1.3809154e-05 0.18241636 0.06478328 3.8437418e-07 0.006680467 2.2068468e-06 2.5233827e-05 0.0031259386 1.6408288e-07 1.0192112e-05 5.7040143e-05 0.00031498173 1.3222683e-05 0.00019002361 5.4069064e-06 8.731408e-05 8.420948e-05 1.8637053e-05 3.0895088e-05 1.9116153e-05 1.03033756e-07 1.894774e-05 0.32237148 2.509253e-07 7.571671e-08 2.579112e-07 3.982463e-08 0.00026771112 0.030505106 0.026873462 0.0016322846 0.5917767 6.664148e-05 4.7613144e-06 0.0053203916 4.807583e-07 6.2212465e-08 0.5281992 0.056538165 0.09431355 1.9789813e-05 0.17078418 0.00010075575 2.1033754e-08 9.41078e-05 2.3609934e-09 9.293889e-07 8.138497e-07 4.0648075e-08 8.914733e-09 0.0004960547 0.00012833679 2.434524e-06 2.286194e-05 0.25700036 1.4883814e-05 4.6269253e-08 0.0010085944 1.1645092e-06 2.226458e-06 1.0054591e-06 0.022559945 9.084455e-06 1.8200066e-05 0.15178843 5.739515e-09 2.4360185e-07 8.766154e-08 0.00082490244 1.0820765e-08 0.00047601387
0.97205955 0.030751823 0.020070989 0.04256439 0.008189156 0.007287984 0.0028525842 0.0007604055 0.2316776 0.20566766 0.12691782 0.0022781543 0.030046167 0.0026523857 0.0033918351 0.8032029 0.13142408 0.8098965 0.023004565 0.020727847 0.12797686 0.039608177 0.00029409994 0.019369705 3.656904e-05 4.0241524e-05 8.5396125e-05 1.302364e-19 0.00032719952 0.9125507 0.0014034088 1.6055805e-05 1.1730411e-05 0.06866313 2.7503509e-05 0.0010539223 0.0001337705 2.3583639e-06 0.0015734502 6.9349466e-05 6.533489e-05 6.8186004e-05 0.014922458 0.65909755 3.889748e-05 0.00044218864 8.266172e-05 0.27496523 0.3779416 0.00041087065 0.007688463 0.00010365196 1.8685478e-05 0.0037522677 0.0002620321 1.19362585e-05 6.724735e-05 0.5603393 7.500858e-06 2.5458833e-06 3.571543e-06 4.6269277e-05 0.0017358974 8.785739e-06 2.0335874e-06 9.04309e-05 1.3099748e-06 5.1141988e-06 2.4980109e-06 1.5060279e-05 0.414675 6.6208213e-06 0.039488457 4.2714493e-07 4.289421e-06 5.2780206e-06 0.035063997 2.3607154e-06 0.009291014 1.638634e-06 0.003644496 0.14471059 2.861143e-05 6.518097e-07 2.850562e-05 0.27337122 3.6523086e-06 3.5973826e-06 2.47273e-06 2.7224725e-05 7.2672486e-07 2.8634618e-06 6.0921117e-05 0.14779647 1.1292016e-05 6.0979564e-06 3.1573494e-05 0.021608904 3.357265e-05 1.4335959e-07 0.028412482
0.54136926 0.009401197 0.000836458 0.28327236 0.4523698 0.5258804 0.75794655 0.5609531 0.0032799884 0.019606305 0.0007909662 0.0008383275 0.22175056 1.6404061e-05 0.7636566 0.00031190406 0.015372396 0.0021797381 7.2630532e-06 1.5019951e-06 0.007948583 1.4069407e-05 1.0857152e-06 0.014684476 9.937989e-06 0.26701567 0.14758256 0.00032719952 1.08276374e-16 0.00065252814 0.0175121 0.00020697076 0.00010240413 0.0026496628 3.899477e-06 5.278607e-07 0.49704167 8.4524345e-06 0.0022791377 4.5747103e-07 0.5437136 0.7183572 5.416775e-06 0.00032766478 0.021638306 5.5854264e-07 5.0576615e-05 1.5985615e-05 1.8748076e-05 1.577889e-06 0.00017985275 0.0027254224 0.89829254 7.551852e-05 0.0005135687 0.000606347 0.0001225624 0.0010206022 0.0009084165 0.90209645 0.90968627 0.6147457 4.1667454e-06 1.0050312e-05 9.344248e-06 4.6559894e-06 1.4397752e-05 0.04945041 2.1748707e-05 0.5037163 2.4069608e-05 0.050001867 8.2736486e-05 2.9394783e-05 5.2551077e-06 0.032738898 0.00021358552 0.0017003574 1.6122658e-05 0.00949537 0.00015443933 0.0004300261 5.7618035e-05 3.2354868e-07 0.00016606129 7.865889e-05 2.1693873e-07 1.4280968e-05 2.8252407e-05 3.336335e-06 1.2448933e-05 0.00012709432 3.1672895e-05 0.00014931918 0.00045161322 6.1160165e-08 2.7759208e-06 4.296934e-06 0.5528456 1.0125235e-05 0.00059599045
0.99391735 0.026982294 0.010333046 0.07824807 0.015213732 0.009171743 0.002919262 0.0009542157 0.19452712 0.2574185 0.04683438 0.00063675886 0.0709889 0.00028070522 0.0086677 0.38757733 0.25002348 0.8927333 0.005042936 0.004006543 0.3275968 0.010023564 1.2787198e-05 0.03774916 2.4961975e-05 6.0519236e-05 1.3194077e-05 0.9125507 0.00065252814 6.5789946e-20 0.017199535 2.2412161e-05 1.5439728e-05 0.33907092 2.6283784e-05 2.953855e-05 0.0011124326 4.508167e-06 0.028025271 7.492614e-06 0.00085719605 0.00071600405 0.002294563 0.2205118 0.0007799822 2.8897444e-05 3.8117825e-05 0.026639108 0.03931475 4.7264362e-05 0.03747837 0.0015098654 6.998342e-05 0.014705399 0.0014525164 0.0002519193 0.00091361464 0.2524971 2.3607347e-05 2.8537444e-05 1.0823485e-05 0.00015125259 0.00012132688 2.0397867e-05 2.918566e-06 3.9017596e-05 6.987791e-05 2.7844333e-05 3.4596233e-05 6.8655485e-05 0.25569943 1.6136853e-05 0.009157002 6.6327506e-05 1.8561845e-05 0.0003215439 0.112886816 8.287342e-05 0.031718727 6.0744234e-05 5.9825124e-05 0.037908375 0.00026250156 4.069369e-06 2.6705891e-05 0.2933025 4.8797233e-06 8.85376e-06 8.957634e-05 6.315735e-06 0.00013176605 5.8267733e-06 1.0462787e-05 0.3102448 7.3770425e-06 1.1558101e-05 2.357405e-05 0.05505955 3.234484e-05 1.4486726e-05 0.010046231
0.914455 0.00028533375 4.8130925e-05 0.009194481 0.010630939 0.029993955 0.0027157902 0.000587451 0.002071647 0.0169446 0.00022697802 4.8791558e-06 0.3899044 4.2684442e-07 0.42053008 0.00023252668 0.2580583 0.014904552 7.071145e-07 1.7107375e-07 0.4190445 2.8352665e-06 2.1787205e-08 0.88708097 1.0568743e-06 0.00013290707 1.3809154e-05 0.0014034088 0.0175121 0.017199535 2.0934448e-16 3.0503392e-05 3.6794747e-05 0.2739028 3.398273e-06 5.103297e-07 0.61091703 5.7468083e-06 0.8626579 2.6148123e-07 0.23769262 0.12948453 7.5984944e-06 0.0010945615 0.8532905 7.800121e-09 4.639386e-06 2.8681641e-05 1.9243862e-05 1.11728866e-07 0.088680506 0.61200655 0.00024327789 0.067984104 0.11509852 0.28806093 0.08968753 0.004268471 0.0047279038 0.0005014325 0.0022610195 8.405635e-06 5.3207514e-06 7.4879927e-06 4.2061092e-05 2.0939416e-07 0.0138234515 9.523151e-06 0.00042489663 4.57384e-06 0.0024395734 1.6277484e-06 4.509029e-05 0.026919568 3.8105176e-05 0.09097738 0.15995441 0.031379744 0.018378835 0.040831573 9.04369e-06 0.0004175746 0.005721601 4.79157e-06 0.0005850335 0.0040822527 1.2066805e-07 3.2063304e-05 0.0029731255 2.531766e-07 0.007601662 1.1731003e-07 4.190942e-07 0.013634231 2.2327721e-07 1.10226644e-07 2.2925799e-07 0.006473733 0.001285283 0.0008943951 0.0003623855
