6.776626e-29 0.4637968 0.8014611 0.24403939 0.7469922 0.30128258 0.31416786 0.58964205 0.2951018 0.48877957 0.37301058 0.6187104 0.68742585 0.22117716 0.28423217 0.14067791 0.53227985 0.849318 0.1977231 0.6631893 0.34680125 0.058891885 0.10337995 0.13215727 0.25471348 0.065420486 0.19816399 0.34237343 0.112327375 0.8370354 0.19913107 0.67648304 0.201779 0.44336984 0.016769335 0.010164138 0.0049058353 0.046915337 0.040907517 0.1310005 0.08911583 0.03536283 0.0011804885 0.743686 0.056772653 0.8854334 0.00092759315 0.324837 0.030570937 0.0010300404 0.0011908426 0.08101248 0.537084 0.0029648098 0.009160156 0.5859269 0.08835818 0.6662642 7.04153e-05 0.0025341944 8.837937e-05 0.8474108 0.010387487 0.00072134146 1.2438336e-05 1.6502358e-06 0.05266321 0.6179336 1.0589516e-06 0.9585949 5.749116e-06 3.85403e-07 0.9347479 0.9980399 0.3412268 0.7885642 0.95952046 9.699492e-08 4.992747e-08 0.05953899 1.2749827e-07 0.0021756198 1.9539855e-06 0.029247744 4.6543707e-09 0.9297949 0.9914954 0.99997616 0.76857424 4.0315308e-07 0.99844044 0.9880004 0.008176684 0.99522895 2.7208591e-08 0.8859744 0.0013620786 0.9933229 0.99885327 0.9489284 0.9991293
0.4637968 3.1246705e-21 0.93610674 0.44785833 0.53288406 0.3891638 0.034404412 0.069276705 0.01775111 0.9663272 0.16715881 0.07756116 0.0017681111 0.12337693 0.50761265 0.17174037 0.21423511 0.0032795803 0.041980825 0.5295096 0.0020317433 0.5085947 0.5155996 0.1626841 0.00057594717 0.4066817 0.37914944 0.008157497 0.023247128 7.019324e-05 0.073848836 0.017680034 0.0012374929 0.15400985 0.17656651 0.217151 0.09642634 0.36726335 0.06260472 0.0099681355 0.00025417493 0.0013722758 0.03579897 0.00014166084 0.0021823838 0.000110159344 0.043231424 0.00018861261 0.0004503009 0.068482816 0.053903177 0.040014025 0.00029671262 0.068967015 0.076979615 0.00088851585 6.3966336e-06 8.030456e-06 0.0041547013 0.00067001925 0.0065518515 0.00049513025 0.01258006 0.0029452138 0.0014505929 0.0011123838 0.0001994298 9.415233e-05 0.0002092799 0.0005700333 0.0005574164 0.0006288836 8.751724e-05 0.00044247758 0.00013650375 5.6966157e-05 0.00037127154 0.00047847573 0.00045424487 2.2517801e-07 6.2098334e-05 0.00085188344 2.622792e-05 0.00027521394 2.0060886e-06 0.0006044562 0.0010000294 0.0018020893 0.0011214934 7.994824e-06 0.00013426818 0.00054617174 4.3262742e-05 8.31262e-06 3.5876987e-05 0.00045303203 1.8792351e-06 0.00079710747 0.0010133969 4.8073725e-05 0.00013406832
0.8014611 0.93610674 2.0490233e-19 0.87804973 0.77033234 0.3425268 0.40864086 0.67971414 0.29585785 0.7057098 0.33556482 0.17725798 0.075574934 0.15592185 0.32960057 0.083533846 0.19374558 0.049453452 0.1728733 0.31994075 0.034285787 0.13900577 0.19490571 0.074136354 0.009352452 0.2961766 0.13835865 0.011221089 0.01891826 0.0035682851 0.048678413 0.040689867 0.009483099 0.030628858 0.039788812 0.10918181 0.022095213 0.115702964 0.046734627 0.015530826 0.00087475864 0.002815641 0.011551534 0.0057613067 0.004637137 0.0061797043 0.014934555 0.010159753 0.0018353283 0.010354377 0.009990757 0.014472298 0.009634962 0.008245812 0.032759003 0.00789339 0.000349235 0.004691825 0.00019294518 0.0009782711 0.0012654475 0.0062000044 0.0015807321 0.0019452685 0.0013846817 0.00067426555 0.0015069023 0.0047223186 0.0003610171 0.021948228 0.00010867792 0.0009301364 0.004309856 0.012057109 0.0012454794 0.0024823823 0.009662692 0.00034429115 0.0007519548 1.4183081e-05 2.4627694e-05 0.0012123563 2.8742566e-05 0.0006219029 1.6851526e-06 0.0052188067 0.008632793 0.026729425 0.0015278679 1.5374653e-05 0.00072814286 0.008489731 0.00017333604 0.000117749136 1.9389856e-05 0.0039455583 2.9256444e-06 0.0046899053 0.012511298 0.0019205676 0.0014211475
0.24403939 0.44785833 0.87804973 7.658082e-25 0.95931846 0.43207452 0.8034396 0.5150276 0.51544356 0.42776373 0.6736301 0.3154669 0.30294612 0.21377006 0.17962275 0.061409604 0.08941683 0.1287377 0.17333938 0.05922882 0.063897006 0.062595055 0.05002103 0.05219965 0.008552947 0.0331075 0.071297556 0.012657801 0.025340863 0.008480146 0.025223652 0.019428995 0.011209896 0.008192741 0.010305544 0.090402 0.0041980767 0.0089982785 0.015303347 0.0047734813 0.0013235143 0.0028469989 0.0024640616 0.0075942427 0.0017399067 0.0058643925 0.0010867699 0.009187255 0.0019131016 0.0005593092 5.2769312e-05 0.0026607234 0.0038527814 0.00022406616 0.022464352 0.0017322922 0.00026162458 0.00089058926 1.1922907e-06 0.00048392196 6.11044e-07 0.0018229239 2.2415044e-05 0.00020929346 2.825281e-05 8.311272e-06 0.0026408974 0.0008399333 2.3698365e-05 0.0052209147 9.907035e-06 1.525959e-05 0.0025103195 0.015638864 0.0015577989 0.00081875775 0.0012700019 6.200132e-06 1.5054779e-05 1.1165367e-05 6.340423e-06 4.5261328e-05 3.0243925e-06 4.028061e-05 3.605349e-07 0.00071698293 0.0017698676 0.0072911503 0.00024682467 1.2312848e-06 0.001588161 0.007659066 1.0819802e-05 0.00032568275 3.6560548e-06 0.00232836 5.5894975e-07 0.0044635627 0.0034056022 0.00080642704 0.00050263613
0.7469922 0.53288406 0.77033234 0.95931846 3.3681912e-20 0.64277506 0.5120549 0.3487029 0.21178333 0.21776295 0.8755667 0.50059754 0.2399171 0.39997408 0.35185933 0.12771533 0.034661576 0.27014467 0.0424082 0.078640915 0.02119976 0.08463529 0.10128728 0.034111336 0.0053714653 0.22814408 0.065332726 0.037025772 0.041913383 0.004449775 0.015835129 0.0059902053 0.00423043 0.009143325 0.022152362 0.23378873 0.009941189 0.02064393 0.14495163 0.0030541874 0.002483257 0.007993746 0.014903345 0.009490097 0.010269084 0.013807443 0.013964014 0.026750898 0.0029416268 0.0068805623 0.0073915645 0.0034439082 0.00310951 0.0016600207 0.058114696 0.0010403204 0.0008929896 0.0005807246 5.2542684e-05 0.0036386976 0.00019448945 0.0005633839 0.0005488587 0.0006974852 0.0029188057 0.00017627588 0.0033111942 0.0007705933 0.00070622936 0.007726207 3.3730194e-05 0.00046038264 0.0019218792 0.047933 0.001433311 0.0006446708 0.0018849018 0.0001685344 0.00039083516 0.00016323205 1.0250892e-05 0.00023493555 6.462935e-05 1.9835614e-05 9.989914e-07 0.0009122234 0.0029467393 0.057335835 0.00019382195 7.071018e-05 0.0024220017 0.008939053 4.318401e-07 0.0014216611 2.6549742e-05 0.0013921091 2.9699275e-05 0.006782373 0.024608325 0.00084785244 0.0008753979
0.30128258 0.3891638 0.3425268 0.43207452 0.64277506 5.1579073e-20 0.04162584 0.007492761 0.006177 0.059749853 0.8164667 0.5008591 0.0058781384 0.97082794 0.6491015 0.6017942 0.012105119 0.05382041 0.005104904 0.04523853 0.0008800264 0.24397261 0.13034503 0.012251256 2.817438e-05 0.27746016 0.026551241 0.08041786 0.16946574 3.20741e-05 0.0050613657 0.0004698373 4.8572354e-05 0.0056727245 0.041033655 0.5657385 0.01358474 0.027167521 0.40668198 0.000563565 0.0050224923 0.01965873 0.029789738 0.0006760449 0.021097824 0.00043441102 0.01672987 0.0039033492 0.0027601628 0.0059078904 0.009027495 0.004305146 2.8421402e-06 0.0011015153 0.14796084 5.3868293e-06 0.00035778395 3.3598207e-07 5.119125e-05 0.011594761 0.0005947522 1.952364e-05 8.1314225e-05 0.0001052748 0.0073831878 0.00023244551 0.002584559 1.0416521e-05 0.002477462 2.506407e-05 9.722743e-05 0.00024451225 1.5590533e-05 0.0022479077 0.0009937003 1.3299957e-05 7.0639576e-06 0.00021002386 0.0006348075 1.9833551e-05 3.0040563e-05 3.6495876e-05 0.00014666379 1.3837933e-05 1.1871758e-06 2.9239638e-05 0.00018083325 0.003912782 2.3715274e-05 0.00018751125 0.0011534389 0.0004890714 2.1281886e-07 0.00018879386 1.0821183e-05 9.296539e-05 6.223327e-05 0.0003943051 0.0006669016 4.4269265e-05 0.00011437644
0.31416786 0.034404412 0.40864086 0.8034396 0.5120549 0.04162584 9.4639845e-23 0.59752613 0.9715166 0.08130829 0.18971163 0.08197064 0.87366515 0.014556965 0.026494972 0.008437126 0.028992066 0.23546676 0.13494506 0.004843657 0.3429872 0.0024344905 0.0015623964 0.01290119 0.029398585 0.008123773 0.007235562 0.0025443956 0.0033424657 0.020936415 0.009140622 0.01161153 0.022691736 0.001718836 0.0018003295 0.013169444 0.0010580629 0.0008186375 0.0005676886 0.0027193238 0.001229224 0.00021935104 0.0005445771 0.042296514 0.00016334867 0.07515716 0.00045772264 0.026500046 0.0009325207 3.7103706e-05 2.0227676e-06 0.0004849011 0.023374919 1.1391851e-05 0.0008961864 0.0005748269 0.0006938502 0.0073164348 5.883822e-07 3.4902045e-05 1.18080585e-07 0.004431664 2.5238953e-05 0.00013629861 2.6157416e-06 4.4284952e-06 0.0032346356 0.003591194 2.079747e-06 0.025484184 5.515778e-06 2.1703312e-05 0.010572798 0.07436771 0.0033644382 0.0025588623 0.0033212719 4.675162e-06 4.3914433e-06 1.6538997e-05 3.637348e-06 1.5147554e-05 2.9217267e-06 8.791673e-06 7.626968e-08 0.0008323687 0.0031463243 0.028046252 5.3657026e-05 1.2794792e-06 0.0031975044 0.022212498 3.675017e-07 0.0009542107 1.8483669e-06 0.004148843 1.247894e-06 0.011595871 0.01712607 0.0023227492 0.0011906603
0.58964205 0.069276705 0.67971414 0.5150276 0.3487029 0.007492761 0.59752613 6.818993e-23 0.9822116 0.39541194 0.07697809 0.022437237 0.08634868 0.0021433583 0.027638264 0.0050287973 0.15347143 0.010396738 0.5081847 0.024230283 0.13226444 0.009096801 0.013173401 0.0529811 0.048894215 0.004150565 0.035179555 0.00047591128 0.0002383746 0.008852317 0.03059845 0.08228031 0.03465547 0.014826764 0.0031674814 0.0007121649 0.0013140859 0.00065645605 4.5359718e-07 0.00984504 1.933037e-05 4.6346713e-06 1.6637729e-05 0.001900566 1.52259e-06 0.0038103925 8.593934e-05 0.0006194254 5.2581054e-06 8.0662896e-05 2.236635e-06 0.0015026823 0.03388245 6.3621746e-06 1.0181007e-05 0.005020385 2.3689088e-06 0.010672766 8.364065e-07 4.9326246e-07 2.3583245e-07 0.01569874 5.2491823e-06 0.00017649439 1.3008793e-06 6.2326903e-06 0.00023179028 0.009854117 6.6981534e-07 0.037396993 3.7500977e-06 2.833338e-05 0.0065986337 0.024633028 0.00018640811 0.005076946 0.01666804 3.5319836e-06 1.7474435e-06 1.4216096e-07 9.180922e-06 8.506514e-05 1.2728865e-06 2.280206e-05 5.065609e-08 0.005172049 0.009379172 0.013789105 0.0003536544 1.9637808e-07 0.00019820857 0.01663417 1.3582226e-06 8.072949e-06 6.643569e-07 0.005861381 2.3011085e-08 0.0059460667 0.02594414 0.002891438 0.0033379472
0.2951018 0.01775111 0.29585785 0.51544356 0.21178333 0.006177 0.9715166 0.9822116 2.3649496e-21 0.10747908 0.05439343 0.017486518 0.40092203 0.002278212 0.008349888 0.002062848 0.04702254 0.048380733 0.19881538 0.0028176073 0.48340634 0.0008316434 0.0009693908 0.014597516 0.05073964 0.0007969285 0.005212761 0.00062987575 0.0005327212 0.019676408 0.008691784 0.023390898 0.034218404 0.0034781264 0.00086508744 0.00106353 0.00041900988 0.00012781707 3.470434e-06 0.0031064274 0.0001262905 2.2530003e-05 3.618511e-05 0.013034873 1.9635152e-05 0.023863504 3.919871e-05 0.0054260097 8.3766456e-05 2.8899898e-05 6.7642463e-07 0.0008278329 0.034760438 5.233871e-06 1.5496966e-05 0.0022525173 6.561519e-05 0.014074084 6.2006836e-07 3.2790233e-06 2.8044204e-07 0.0107990885 8.1657745e-06 8.446033e-05 8.130783e-06 6.4999695e-06 0.001041449 0.008794593 2.0101525e-06 0.033935614 5.118644e-06 1.7112288e-05 0.010003056 0.04272479 0.0015234638 0.0048678042 0.01120028 3.7867692e-06 2.9476935e-06 2.3716123e-06 4.8891425e-06 9.017672e-06 2.7612325e-06 1.9567744e-05 4.4533294e-08 0.0034957258 0.006355498 0.011182999 5.2923227e-05 4.1526525e-07 0.0011813341 0.014781824 6.6341295e-07 0.0001467725 3.6786886e-07 0.0034054304 5.7850965e-08 0.0059729405 0.011987675 0.0015303792 0.001472317
0.48877957 0.9663272 0.7057098 0.42776373 0.21776295 0.059749853 0.08130829 0.39541194 0.10747908 9.489041e-22 0.067890376 0.012699704 0.0077345707 0.022207014 0.13058893 0.02245365 0.93974745 0.0036315632 0.48982102 0.42657018 0.024114005 0.08936235 0.11835241 0.4275094 0.009927389 0.014195065 0.39439663 0.0023062122 0.0026605988 0.0015893467 0.2611218 0.21848212 0.02185576 0.1555186 0.033631224 0.008636853 0.012006828 0.07699554 0.0007461652 0.08033534 0.00011565339 3.1865315e-05 0.0016401655 0.001116209 0.00010343708 0.0024597263 0.003119301 0.0007342643 3.0313331e-05 0.0054771258 0.0016417555 0.024716157 0.0046814084 0.009080195 0.0015994452 0.023960019 1.3834844e-05 0.0042509255 7.5475815e-05 1.604339e-05 6.980804e-05 0.025113363 0.0018015963 0.0033404853 3.3889217e-05 5.278295e-05 0.00012869024 0.0121182455 6.8777936e-06 0.017811257 3.4931047e-05 3.3372755e-05 0.007587611 0.0027737734 0.0005038756 0.0077714287 0.01272122 1.5637512e-05 8.682405e-06 8.5780925e-08 2.0759751e-05 0.0014117585 1.8453972e-06 0.0015226706 3.5449636e-07 0.027895067 0.0136810485 0.00196666 0.014828073 3.195527e-07 0.00042334484 0.004575217 0.0005158957 1.7074371e-05 3.5602727e-06 0.013213652 2.0025198e-08 0.0043032765 0.004104432 0.00609466 0.0037062932
0.37301058 0.16715881 0.33556482 0.6736301 0.8755667 0.8164667 0.18971163 0.07697809 0.05439343 0.067890376 9.627265e-22 0.9651894 0.20038536 0.8112034 0.17505947 0.05344815 0.015021659 0.6461009 0.040334895 0.025569309 0.020700447 0.020999411 0.015457955 0.010461202 0.0034082714 0.06771368 0.015446034 0.18496943 0.1864247 0.004645168 0.004431375 0.001650369 0.0022990888 0.0026289476 0.0051172166 0.19230248 0.0016416365 0.0029406855 0.18170626 0.00067240495 0.012797795 0.055970877 0.006358426 0.021105729 0.0466029 0.012421455 0.003909028 0.058715064 0.013705815 0.0007944479 0.00038426078 0.0026501643 0.0012196628 0.00024509407 0.04503458 9.251795e-05 0.0036063707 0.0003373489 6.737577e-06 0.007661842 6.554767e-06 0.00024281569 5.7982343e-05 0.00030310656 0.0018753252 2.9637822e-05 0.010129989 0.00045871065 0.001642797 0.0024931224 1.3771896e-05 0.00012296127 0.0012748546 0.038529616 0.008247113 0.0004965605 0.0003839175 3.728607e-05 0.00015584164 0.00040618549 1.2027293e-05 4.236338e-05 6.948551e-05 6.080059e-06 5.790641e-07 0.00046864807 0.00070505537 0.029968817 4.4173743e-05 6.4070526e-05 0.004600044 0.008437556 4.687343e-07 0.0031301556 7.094886e-06 0.0009661158 0.00017679931 0.0036874842 0.006575482 0.00060811173 0.0003618849
0.6187104 0.07756116 0.17725798 0.3154669 0.50059754 0.5008591 0.08197064 0.022437237 0.017486518 0.012699704 0.9651894 3.1383823e-22 0.19577204 0.9127656 0.09246479 0.02193609 0.0025380652 0.8848021 0.009131286 0.0020717725 0.010506635 0.0029969127 0.0019905616 0.0014757322 0.00036457923 0.014360202 0.006419346 0.5652228 0.47733477 0.0034437587 0.000561169 8.646827e-05 0.00022813142 0.0006934328 0.0010482953 0.17950158 0.00027442453 0.00012441307 0.32358897 0.00011146999 0.03997402 0.18457855 0.001425188 0.038289867 0.13699624 0.021034334 0.00081028463 0.12654841 0.032601774 1.3987156e-05 3.8068508e-06 0.00057064276 0.00015251143 5.568038e-06 0.030469755 2.4989756e-06 0.011865206 1.6178614e-05 4.7936516e-07 0.015987772 3.0193908e-07 1.2235422e-05 2.0144194e-05 0.00034055824 0.00057636894 6.008164e-06 0.007978042 0.0001007397 0.00085473736 0.00078636024 2.8384509e-06 2.604601e-05 0.00033657267 0.07127949 0.0135294115 8.8177825e-05 8.209873e-05 4.9067476e-06 3.7503785e-05 0.0010026599 3.1321676e-06 2.8338056e-05 0.00026326167 3.466919e-07 1.1215804e-07 1.2072064e-05 0.0001644514 0.07494829 6.453674e-06 0.00015868529 0.005363621 0.0067944727 1.399043e-08 0.004207139 1.67689e-06 8.260009e-05 0.00080691517 0.0031303659 0.0065228487 6.396667e-05 5.5676366e-05
0.68742585 0.0017681111 0.075574934 0.30294612 0.2399171 0.0058781384 0.87366515 0.08634868 0.40092203 0.0077345707 0.20038536 0.19577204 6.812763e-20 0.015191737 0.0020505618 0.0006905584 0.0029917015 0.95849 0.1094319 2.1492562e-05 0.82324505 6.501931e-05 2.97988e-05 0.0010000981 0.03078451 5.1299452e-05 0.00034019424 0.028170804 0.008520244 0.29240316 0.00092613033 0.00096799765 0.012245024 9.450714e-05 7.200311e-05 0.0037250917 1.6057289e-05 2.6291405e-05 0.002363233 0.0002037 0.0166556 0.0019446117 4.9038867e-05 0.25351018 0.00074469723 0.47549155 1.5173666e-05 0.14491288 0.002789011 1.6961834e-05 1.2263956e-06 0.00016728984 0.012054327 2.4613371e-05 0.00049841864 9.529456e-06 0.00790372 0.0028860606 3.3512044e-06 0.0005824757 3.323014e-06 0.00014791335 0.00029645042 3.3122837e-05 9.2404196e-05 1.16660285e-05 0.0071704215 0.001732137 2.9544917e-05 0.04219143 2.000904e-05 4.334439e-05 0.015284642 0.40705645 0.029299008 0.00089627824 0.002486244 6.0389143e-06 5.2914165e-06 0.00017102492 9.675112e-06 4.4815515e-06 4.117332e-05 4.391414e-06 1.3971537e-06 0.00017268909 0.0016201404 0.4073364 1.5917583e-05 1.1270648e-05 0.026008954 0.10639448 1.8445095e-07 0.001746649 5.144896e-06 0.0013738464 3.3464144e-06 0.019910326 0.054467775 0.00067959016 0.00071326405
0.22117716 0.12337693 0.15592185 0.21377006 0.39997408 0.97082794 0.014556965 0.0021433583 0.002278212 0.022207014 0.8112034 0.9127656 0.015191737 1.3009573e-21 0.32865846 0.2014629 0.0011127859 0.40557048 0.0008145766 0.0060903574 0.0014349959 0.050524905 0.030628636 0.0008223826 1.925776e-05 0.11083058 0.0040889215 0.5076521 0.72207314 0.00039186262 0.00064627343 7.742242e-05 1.5254962e-05 0.0008198615 0.005011051 0.57130426 0.0012957273 0.0030529487 0.7129794 6.467256e-05 0.04301085 0.29517457 0.0073295855 0.0048932782 0.22237019 0.0029877666 0.002438985 0.03193672 0.02977455 0.00018329389 6.603522e-05 0.001677186 3.7692519e-06 0.00021054328 0.13629065 1.1666668e-06 0.004120225 8.865441e-07 4.7125714e-06 0.048208456 3.6710292e-06 1.8317969e-05 6.788287e-05 0.00038506126 0.006206077 2.5549469e-05 0.012144023 4.658259e-06 0.0039337347 1.3301605e-05 7.759645e-06 4.2637777e-05 9.811899e-06 0.013234619 0.010389969 9.817393e-06 1.0392544e-06 7.086072e-05 0.00040890832 0.0018658367 7.623354e-06 1.1581437e-05 0.0009517709 1.6497339e-06 1.9983904e-07 1.7756112e-05 2.5190428e-05 0.012884179 5.2594896e-06 0.00018541099 0.0034827269 0.0011970703 4.558033e-08 0.0022153177 1.6580921e-06 1.0743323e-05 0.0023147694 0.0011071708 0.0018434406 8.128922e-06 6.9279363e-06
0.28423217 0.50761265 0.32960057 0.17962275 0.35185933 0.6491015 0.026494972 0.027638264 0.008349888 0.13058893 0.17505947 0.09246479 0.0020505618 0.32865846 1.2952966e-22 0.99276996 0.028283043 0.003862886 0.013732545 0.21233545 0.00043201295 0.57742614 0.44198412 0.01742287 0.00038102944 0.6743669 0.034562793 0.0037022114 0.009911752 4.6805264e-05 0.0074550267 0.0007921763 0.00037364647 0.044442184 0.13587323 0.4274956 0.06943733 0.091962755 0.08092937 0.001082694 0.00028494818 0.0011968301 0.10161677 0.0001130508 0.0022960627 9.6007585e-05 0.051993098 0.00032561753 0.00084838097 0.012408982 0.024710229 0.01567239 0.00027778358 0.007926717 0.15503904 1.2923957e-05 2.0896288e-05 5.065139e-05 0.0005102648 0.0008281341 0.0069840117 0.0001564025 0.000559715 0.0017282198 0.009996219 0.0015809438 0.00024468533 0.00036072076 0.0004627387 0.00037610752 0.000759985 0.0009290499 0.00029066112 0.00055065076 0.00025955046 0.00032496144 0.0002983971 0.00057301857 0.0017934561 2.4089632e-05 0.00014498635 0.00081163656 7.547179e-05 2.8999122e-05 6.6723646e-07 0.0006062053 0.001005781 0.0012642292 1.0302414e-05 0.00044194327 0.00025294605 0.00039421185 2.196148e-06 0.00017167268 1.4077727e-05 0.0003673162 2.2083133e-05 0.00032484153 0.00058000814 0.00017023472 0.00019521304
0.14067791 0.17174037 0.083533846 0.061409604 0.12771533 0.6017942 0.008437126 0.0050287973 0.002062848 0.02245365 0.05344815 0.02193609 0.0006905584 0.2014629 0.99276996 1.1051743e-21 0.0022967272 0.0053482414 0.001375158 0.021780998 0.00026279388 0.35539052 0.10342447 0.0035477732 1.6727461e-05 0.69294834 0.005921521 0.0021699464 0.008170028 4.5666027e-05 0.00085852016 3.2865042e-05 1.903195e-05 0.009046295 0.053957492 0.5336387 0.014918098 0.010000147 0.15266533 5.3588446e-05 0.00041941667 0.0013558414 0.11199898 0.00016393124 0.0041381344 0.0002118478 0.038540795 0.00038158873 0.0004987396 0.004930396 0.016207214 0.0019292872 5.8497735e-06 0.00047770544 0.26260543 1.5891244e-06 1.365783e-05 1.3712166e-06 0.0001252961 0.007281343 0.0056972 5.723284e-06 6.698659e-05 0.00034034692 0.033240438 0.0010864207 0.0011470879 4.07291e-06 0.0068326714 2.7400125e-05 0.00045840236 0.00086567336 2.8027547e-05 0.0005895345 0.0001805286 1.02553895e-05 1.0026856e-05 0.00129805 0.0023296627 6.697483e-05 5.585512e-05 5.5863053e-05 0.0006344948 8.506478e-06 6.1310277e-07 2.9486073e-06 0.00014937572 0.00040661322 1.0759134e-05 0.0010500763 0.0007753247 0.0005692822 7.904058e-07 0.00054038194 1.5443484e-05 2.381477e-05 7.052417e-05 0.0007664125 0.00084288977 3.2498185e-06 1.4050595e-05
0.53227985 0.21423511 0.19374558 0.08941683 0.034661576 0.012105119 0.028992066 0.15347143 0.04702254 0.93974745 0.015021659 0.0025380652 0.0029917015 0.0011127859 0.028283043 0.0022967272 4.1315686e-19 0.000672536 0.65663815 0.24774738 0.022539277 0.010359702 0.014243578 0.8164389 0.02671891 0.009069619 0.7399034 0.00011696068 0.00019403112 0.0033401826 0.8648301 0.7377361 0.054668948 0.21417843 0.0068619424 0.0003408507 0.0042078407 0.01659671 3.8017681e-06 0.30322567 4.5808138e-05 1.9540275e-05 0.0003216963 0.00017840274 2.8784289e-05 0.00092666125 0.00042861298 0.00014871094 9.161728e-05 0.0049057044 0.00020482826 0.042425092 0.012809975 0.004755157 0.00034744875 0.15033562 4.1352683e-05 0.0062810173 0.00030818206 0.00021737252 4.5500183e-05 0.07710672 0.0013372075 0.004274567 0.00011861529 0.00021909307 0.00062956114 0.012322922 1.2053405e-05 0.013568705 0.00019443176 0.00041417903 0.007103952 0.002996914 0.00072873366 0.010436394 0.016069517 7.817527e-05 1.8340623e-05 1.5776859e-06 6.9248345e-05 0.0010138614 4.755898e-05 0.00090024195 4.3100836e-06 0.046794336 0.019438678 0.0015501817 0.025576748 5.6438735e-06 0.00027037074 0.0030998872 0.00011067448 0.00019641586 0.00010031768 0.029588224 6.618625e-06 0.0071156826 0.010029411 0.0077726366 0.0072428975
0.849318 0.0032795803 0.049453452 0.1287377 0.27014467 0.05382041 0.23546676 0.010396738 0.048380733 0.0036315632 0.6461009 0.8848021 0.95849 0.40557048 0.003862886 0.0053482414 0.000672536 1.3985289e-18 0.009983843 4.368211e-06 0.080250934 0.00017785744 2.6551847e-05 0.0007097773 0.0012239724 5.0801933e-05 0.0030653446 0.7908019 0.53716874 0.04533016 0.0017102305 0.0001577209 0.0002716084 3.914857e-05 0.00033317372 0.054823544 9.019499e-05 1.3298345e-05 0.059813824 0.00012848484 0.44671497 0.30144733 2.3371208e-06 0.35060605 0.111176424 0.1663756 3.673824e-06 0.5226067 0.16325526 7.485479e-06 1.0684613e-07 0.0017954584 0.0006882934 4.075105e-06 0.006575181 4.3052364e-06 0.2033801 0.00018323901 2.6439593e-06 0.0041854405 4.137126e-07 3.244432e-05 0.00011973569 0.00042862626 7.440289e-05 1.4400348e-05 0.06637334 0.00027945862 0.00012205116 0.010397129 4.3184273e-06 5.6046196e-05 0.004370764 0.3324523 0.1737917 0.000251779 0.0005526328 8.462469e-06 2.3172188e-05 0.0030149354 3.0371319e-05 5.7282185e-05 0.00040975562 2.2985053e-06 6.595878e-06 3.997942e-05 0.0007320643 0.50223035 1.9741821e-05 0.00011901187 0.051587168 0.029912407 2.4632178e-07 0.015808277 2.0615353e-05 0.00026958494 0.00038366407 0.004823419 0.01688742 0.00012298918 0.00024534028
0.1977231 0.041980825 0.1728733 0.17333938 0.0424082 0.005104904 0.13494506 0.5081847 0.19881538 0.48982102 0.040334895 0.009131286 0.1094319 0.0008145766 0.013732545 0.001375158 0.65663815 0.009983843 3.9713149e-22 0.0393394 0.17575923 0.002109928 0.005723517 0.27749524 0.77126235 0.0002303513 0.11387673 0.0028833372 0.0008669928 0.11159101 0.46774453 0.7360701 0.9688156 0.037739225 0.002035231 8.7235094e-05 0.0020212848 0.0040757763 3.706252e-06 0.19768994 0.0010312209 7.190314e-05 2.456054e-05 0.010165104 9.436592e-05 0.0710631 4.7407666e-06 0.00075661246 0.0004728648 0.0005688733 8.016041e-06 0.028457254 0.061771054 0.00019780087 0.00031928116 0.16729435 0.0006467544 0.026749732 6.7070287e-06 3.8255923e-05 6.861951e-06 0.16407728 6.655994e-05 0.00036586865 0.0007051099 8.832255e-06 0.0026336035 0.08902364 2.8555874e-05 0.05489166 3.9216466e-05 2.0753712e-05 0.048114102 0.055474322 0.0012011592 0.08433906 0.06187808 2.5919067e-05 2.401679e-06 4.3316595e-06 3.606463e-05 0.0005306302 5.988229e-06 0.0006437772 1.0672215e-06 0.13645434 0.047791094 0.0051601683 0.07149109 1.303133e-06 0.0018484717 0.019301027 0.0004742282 0.0005934742 7.657644e-06 0.26280254 3.8617563e-07 0.020719167 0.02099169 0.08677688 0.04433222
0.6631893 0.5295096 0.31994075 0.05922882 0.078640915 0.04523853 0.004843657 0.024230283 0.0028176073 0.42657018 0.025569309 0.0020717725 2.1492562e-05 0.0060903574 0.21233545 0.021780998 0.24774738 4.368211e-06 0.0393394 1.118229e-18 0.00019734734 0.3810898 0.50295645 0.27334735 7.903969e-05 0.06426771 0.62788415 4.749684e-05 0.0006868037 3.2663856e-06 0.17360894 0.022655392 0.0012382478 0.92659247 0.399135 0.0059853033 0.2638445 0.86362267 0.00021150644 0.030975627 3.0651338e-06 3.0402036e-05 0.003847894 2.4714274e-05 8.6961154e-05 9.620321e-06 0.016881496 1.3697705e-05 3.13534e-05 0.16899732 0.031623535 0.6478157 1.9329686e-05 0.5212568 0.008570972 0.002311293 5.819856e-07 1.4806393e-06 0.0142248245 0.00015793691 0.005184427 0.0018810948 0.092444144 0.06647246 0.00013956345 0.0021340686 8.96492e-06 0.00013081945 6.5704066e-06 0.0003404037 0.0039222604 0.0005481868 0.00016107559 3.6307647e-05 0.00019582632 0.00029568357 0.0005493578 0.00014180587 0.0001714137 4.523339e-06 0.0005302894 0.0067704176 0.000120355275 0.00079513463 7.7158016e-05 0.022861391 0.0010687074 0.0010636927 0.023862135 9.536392e-06 0.0001923734 0.00016684293 0.0006536106 0.00012630915 0.00082888716 0.004723039 2.3560879e-05 0.0007024138 0.0011396683 0.00025289948 0.00033465962
0.34680125 0.0020317433 0.034285787 0.063897006 0.02119976 0.0008800264 0.3429872 0.13226444 0.48340634 0.024114005 0.020700447 0.010506635 0.82324505 0.0014349959 0.00043201295 0.00026279388 0.022539277 0.080250934 0.17575923 0.00019734734 1.4866284e-23 8.412271e-05 0.00015638355 0.015159984 0.593294 1.7472304e-06 0.0012580456 0.002823886 0.0018833324 0.9940432 0.009599775 0.04286652 0.09327029 0.00023511646 3.5094527e-05 4.5693647e-05 9.317184e-05 4.1844123e-05 1.1158076e-05 0.012112827 0.0023558622 0.0001015242 4.0501463e-06 0.15329166 3.396661e-05 0.23175958 4.5106336e-07 0.030010479 0.0010893194 3.410682e-06 1.5923915e-07 0.00034247272 0.18795595 1.5657779e-05 0.000120908866 0.00925124 0.0025848597 0.116393454 3.7516625e-07 1.0435264e-05 4.4396268e-07 0.03272709 7.870962e-05 4.186069e-05 5.1603427e-05 1.8220219e-06 0.005032556 0.08857105 8.688124e-07 0.13922195 2.1370472e-06 7.6064985e-06 0.15351652 0.32231462 0.007582439 0.051864438 0.057189602 1.3140689e-06 1.2562764e-06 0.00014145834 1.554967e-05 7.943808e-05 8.085416e-06 6.0570048e-05 8.171421e-08 0.022400202 0.048522048 0.18285236 0.0022132439 1.7352592e-06 0.031904727 0.26210096 6.558729e-05 0.0047732014 6.9167027e-07 0.1079793 8.899392e-07 0.13160902 0.29865095 0.06470351 0.06881911
0.058891885 0.5085947 0.13900577 0.062595055 0.08463529 0.24397261 0.0024344905 0.009096801 0.0008316434 0.08936235 0.020999411 0.0029969127 6.501931e-05 0.050524905 0.57742614 0.35539052 0.010359702 0.00017785744 0.002109928 0.3810898 8.412271e-05 3.9472398e-22 0.9723056 0.008345716 9.757018e-05 0.82745826 0.03251011 7.74178e-06 0.000102644844 4.6622343e-05 0.002609599 0.0004901902 0.00013600425 0.121332645 0.7119669 0.04289158 0.33727124 0.44753033 0.00075716147 9.395357e-05 5.708771e-07 8.0949685e-06 0.13558911 1.8766025e-06 3.0869138e-05 1.2708043e-05 0.1875352 4.311576e-06 1.7164035e-05 0.06802666 0.22653754 0.017106857 2.2240927e-05 0.015495276 0.048406243 2.5488569e-06 1.5894436e-07 1.3763603e-06 0.015037992 6.8278794e-05 0.046454895 4.248599e-06 0.0011008861 0.0011214922 0.0022448087 0.004418822 4.6068453e-05 7.1687077e-06 5.913127e-06 5.4967877e-05 0.0033243855 0.0009739722 2.7715709e-05 4.947878e-06 3.832141e-06 1.5030361e-05 5.0482744e-05 0.0005590996 0.0011292209 4.858829e-07 0.0006051821 0.00027079397 3.2131167e-05 3.042273e-06 7.332619e-07 1.3470214e-05 0.0002083068 0.00047614667 1.2010217e-05 4.9549868e-05 3.8981034e-05 0.00042074677 6.721715e-07 7.556253e-05 2.464583e-05 0.000113448055 1.8200003e-06 0.0011311806 0.0013841497 2.6225744e-05 4.301557e-05
0.10337995 0.5155996 0.19490571 0.05002103 0.10128728 0.13034503 0.0015623964 0.013173401 0.0009693908 0.11835241 0.015457955 0.0019905616 2.97988e-05 0.030628636 0.44198412 0.10342447 0.014243578 2.6551847e-05 0.005723517 0.50295645 0.00015638355 0.9723056 3.275199e-22 0.012567134 0.0001960988 0.4603775 0.04791054 8.419691e-06 4.6248544e-05 2.696599e-05 0.0027847027 0.0011319106 0.0003974075 0.11513146 0.73883784 0.013235224 0.48076472 0.65727395 0.0003144112 0.00039721729 3.1266748e-07 3.750849e-06 0.053973407 2.0287566e-06 8.817341e-06 1.25194265e-05 0.09180349 3.5240337e-06 6.244923e-06 0.13110201 0.1815976 0.023037706 8.59814e-05 0.06822889 0.006840769 5.830675e-06 1.0403852e-07 9.946986e-06 0.029580735 2.0618125e-05 0.041761644 1.0928763e-05 0.007440957 0.0013125772 0.00026170094 0.0044449186 6.821807e-05 1.4942979e-05 1.2828892e-06 2.9727045e-05 0.0053192344 0.0009695215 4.5758712e-05 3.0028118e-06 4.6451637e-06 5.3867338e-05 5.341415e-05 0.0002240512 0.00042676245 2.392228e-07 0.00071372156 0.00043404533 2.6766016e-05 9.895997e-06 2.0195755e-06 1.6568962e-05 0.00033053715 0.0002037336 1.006928e-05 2.4575982e-05 9.235579e-06 0.00016507349 1.3697788e-06 6.428103e-06 6.900272e-05 6.843773e-05 1.2225177e-06 0.00081292324 0.0007551757 3.8430495e-05 3.752801e-05
0.13215727 0.1626841 0.074136354 0.05219965 0.034111336 0.012251256 0.01290119 0.0529811 0.014597516 0.4275094 0.010461202 0.0014757322 0.0010000981 0.0008223826 0.01742287 0.0035477732 0.8164389 0.0007097773 0.27749524 0.27334735 0.015159984 0.008345716 0.012567134 4.2598413e-19 0.012652303 0.0036637932 0.97729826 2.97311e-05 0.000106846295 0.001183229 0.94064134 0.49813434 0.04159062 0.40867248 0.0060121333 0.000455866 0.0039626043 0.021316288 3.674003e-06 0.51976043 2.9379005e-05 1.530407e-05 0.00016016753 0.00024376909 2.59825e-05 0.0013865911 0.00013385765 0.0005152529 1.2374197e-05 0.0034299584 1.678206e-05 0.21821159 0.0052198693 0.009585234 0.00018442713 0.3086876 5.6626435e-05 0.0039485823 6.324574e-05 3.7910926e-05 9.451457e-06 0.0839623 0.013280888 0.017024593 3.2450695e-05 3.6825008e-05 0.0009836203 0.01036966 2.888602e-06 0.005463239 6.288314e-05 6.628893e-05 0.003736445 0.00033311654 0.0005608785 0.011585254 0.0074122646 5.220479e-05 2.5777277e-05 9.045715e-08 0.00017844973 0.0057391436 2.6648448e-05 0.0040633897 3.214838e-06 0.059810553 0.010626986 0.00028199932 0.05575339 9.863862e-07 7.405298e-05 0.0020892774 0.0014790419 3.1176918e-05 0.00010682011 0.027472721 2.477203e-06 0.0054065753 0.0027880282 0.008990233 0.006821186
0.25471348 0.00057594717 0.009352452 0.008552947 0.0053714653 2.817438e-05 0.029398585 0.048894215 0.05073964 0.009927389 0.0034082714 0.00036457923 0.03078451 1.925776e-05 0.00038102944 1.6727461e-05 0.02671891 0.0012239724 0.77126235 7.903969e-05 0.593294 9.757018e-05 0.0001960988 0.012652303 1.9750152e-23 2.8778043e-06 0.008017689 0.00031576524 0.00011653935 0.09274254 0.015780713 0.06467994 0.9784285 0.0008164392 7.082383e-05 8.18821e-06 0.00010693264 4.79629e-05 5.720183e-07 0.01941059 0.0001536267 5.5913288e-06 1.1736493e-06 0.017094316 7.5053513e-06 0.19726989 3.4912824e-07 0.001727569 3.310572e-05 9.191829e-06 9.1667744e-08 0.00033375857 0.9596656 1.0902656e-05 5.0308113e-06 0.026068602 0.00012498103 0.32797423 1.0874323e-06 4.4887975e-06 4.9836796e-08 0.059321783 1.6502428e-05 3.0719773e-05 1.1195852e-05 5.363666e-07 0.00050662237 0.10783563 8.058722e-07 0.11376585 8.7845456e-07 1.9458462e-06 0.0931398 0.13856076 0.002857338 0.09353295 0.112382606 1.5001042e-06 4.0679006e-07 2.1803585e-06 3.9343513e-06 9.742062e-06 2.7365524e-05 1.8911722e-05 4.434851e-08 0.048159897 0.09441434 0.024702312 0.012141486 8.278881e-07 0.0030242642 0.055192653 5.791442e-05 0.00014315377 2.9126284e-07 0.20831712 1.5314661e-06 0.14964345 0.085280344 0.14371295 0.08941071
0.065420486 0.4066817 0.2961766 0.0331075 0.22814408 0.27746016 0.008123773 0.004150565 0.0007969285 0.014195065 0.06771368 0.014360202 5.1299452e-05 0.11083058 0.6743669 0.69294834 0.009069619 5.0801933e-05 0.0002303513 0.06426771 1.7472304e-06 0.82745826 0.4603775 0.0036637932 2.8778043e-06 8.616834e-21 0.011063613 8.380641e-05 0.0013852905 2.057084e-06 0.002250679 8.121665e-05 2.2052755e-06 0.04281293 0.49213886 0.24041459 0.18531783 0.11337054 0.0037309618 1.6727861e-05 1.0333158e-06 5.8618618e-05 0.89078027 2.042314e-06 0.0002814456 2.068553e-06 0.8827733 9.296163e-06 3.0030998e-05 0.028680215 0.5857567 0.006587885 5.5255686e-07 0.0030985954 0.33986396 5.925662e-07 3.7519453e-07 1.0993376e-07 0.005612097 0.00010044107 0.18954419 8.442148e-06 0.00011732811 0.00019417772 0.07519885 0.0408315 9.011094e-06 1.1108037e-05 0.0006744273 1.6167109e-05 0.011601452 0.026972372 3.887039e-06 1.2928544e-05 2.4088898e-05 9.21167e-06 3.6797024e-05 0.01369787 0.020001138 3.4332782e-06 0.0010214478 0.00034584603 0.00011363634 4.6221646e-07 1.7113063e-06 1.7203216e-05 0.0005710413 0.0012691675 1.3963926e-05 0.00028157097 0.00038314724 0.00046036422 1.4230582e-07 7.327705e-05 3.017114e-05 0.00015305712 1.7974095e-06 0.0005139234 0.0034194908 1.21664925e-05 5.5710792e-05
0.19816399 0.37914944 0.13835865 0.071297556 0.065332726 0.026551241 0.007235562 0.035179555 0.005212761 0.39439663 0.015446034 0.006419346 0.00034019424 0.0040889215 0.034562793 0.005921521 0.7399034 0.0030653446 0.11387673 0.62788415 0.0012580456 0.03251011 0.04791054 0.97729826 0.008017689 0.011063613 6.862635e-20 0.00018071878 0.00031615244 0.0003248378 0.81264925 0.36556226 0.009412859 0.8341271 0.028184932 0.0014280729 0.015195266 0.11428336 0.00035101653 0.4395149 0.00015010402 2.155344e-05 0.00016992913 1.5640659e-05 2.2042395e-05 5.341492e-05 0.00030676724 0.00015523615 0.00011824934 0.01668773 0.0015194179 0.65055346 0.002762986 0.04907851 0.00047022238 0.24412419 0.00011695911 0.00048114662 0.0016032455 0.00022341685 7.902673e-05 0.04607966 0.070105806 0.06756729 3.5945617e-05 8.950205e-05 0.002401591 0.0028547028 3.1183592e-06 0.0014761271 0.00013824261 0.00012713688 0.000514314 0.0001389214 0.00030185288 0.0054932954 0.004201475 2.7496564e-05 1.0392083e-05 1.9037682e-07 9.374074e-05 0.015840929 3.4730383e-05 0.010053348 9.509819e-06 0.094711706 0.008052228 0.001099968 0.19298592 4.311726e-07 6.366381e-06 0.0007760479 0.0052259536 7.102712e-06 0.00035088568 0.015110279 2.5815325e-06 0.0014876216 0.0049923738 0.0062506106 0.0037489126
0.34237343 0.008157497 0.011221089 0.012657801 0.037025772 0.08041786 0.0025443956 0.00047591128 0.00062987575 0.0023062122 0.18496943 0.5652228 0.028170804 0.5076521 0.0037022114 0.0021699464 0.00011696068 0.7908019 0.0028833372 4.749684e-05 0.002823886 7.74178e-06 8.419691e-06 2.97311e-05 0.00031576524 8.380641e-05 0.00018071878 2.0926252e-21 0.9607688 0.0020774307 0.00011223332 2.0239399e-05 0.00024596415 2.7476746e-05 3.9577512e-06 0.042745728 3.8761114e-06 1.7446145e-06 0.45909312 0.00010330133 0.7538401 0.76953506 1.655758e-06 0.11406818 0.46577823 0.0088353185 9.2582195e-07 0.36648986 0.78187066 5.288534e-07 3.2192464e-08 0.00016393203 0.00011469255 9.0139525e-07 0.004445957 4.0066957e-06 0.5167555 2.0763215e-05 3.344825e-08 0.10510658 1.6313505e-08 4.8347887e-05 1.2578163e-05 0.00027082444 6.0011746e-07 6.596988e-07 0.12707181 3.0743453e-05 6.625145e-05 0.00018004907 1.5672962e-06 7.316856e-06 9.142177e-05 0.021004131 0.06346752 0.00010437936 2.9964542e-05 8.13925e-07 2.5064535e-06 0.024786789 1.0314e-06 2.111168e-05 0.00023203158 1.6119913e-06 1.11804965e-07 0.00020231535 6.908911e-05 0.07246401 1.2191603e-05 2.7409875e-05 0.004734645 0.001284919 2.5846903e-08 0.0071652876 4.2793577e-06 6.3736676e-05 0.004239 0.0008092737 0.002287327 6.951488e-05 5.9363632e-05
0.112327375 0.023247128 0.01891826 0.025340863 0.041913383 0.16946574 0.0033424657 0.0002383746 0.0005327212 0.0026605988 0.1864247 0.47733477 0.008520244 0.72207314 0.009911752 0.008170028 0.00019403112 0.53716874 0.0008669928 0.0006868037 0.0018833324 0.000102644844 4.6248544e-05 0.000106846295 0.00011653935 0.0013852905 0.00031615244 0.9607688 1.6223336e-19 0.0011163547 0.00034905423 1.653504e-05 0.00010882716 5.1594023e-05 3.3868702e-05 0.20249064 3.0961983e-05 5.1343057e-05 0.77792007 4.0016726e-05 0.42193007 0.9112901 1.9292007e-05 0.007688456 0.8764071 0.0018564058 4.7638036e-06 0.08989043 0.53845614 2.2908744e-06 8.569327e-08 0.0008022832 2.3527804e-05 2.2103359e-05 0.025788402 5.3333956e-06 0.19385213 2.0009793e-06 5.8523288e-08 0.40061045 6.554623e-08 4.61147e-05 5.2402665e-05 0.00066865515 9.867644e-05 2.8148877e-06 0.06855915 6.578807e-05 0.0004963851 0.000114352435 7.3076235e-06 1.8146458e-05 0.00014702145 0.0062710512 0.0040665395 0.00010046887 4.8023914e-05 2.8928202e-06 9.4025045e-06 0.015325511 5.274076e-06 6.6815985e-05 0.00075806637 1.8175833e-05 2.8078563e-07 0.00013241378 0.00023973268 0.015891217 1.9402085e-05 6.2854604e-05 0.0017407265 0.0016700133 4.447267e-07 0.0033260123 2.6019309e-06 0.00016803513 0.009238549 0.0009789487 0.0018669982 0.00020007983 0.00028626868
0.8370354 7.019324e-05 0.0035682851 0.008480146 0.004449775 3.20741e-05 0.020936415 0.008852317 0.019676408 0.0015893467 0.004645168 0.0034437587 0.29240316 0.00039186262 4.6805264e-05 4.5666027e-05 0.0033401826 0.04533016 0.11159101 3.2663856e-06 0.9940432 4.6622343e-05 2.696599e-05 0.001183229 0.09274254 2.057084e-06 0.0003248378 0.0020774307 0.0011163547 8.9233986e-26 0.0011294709 0.009092075 0.07844188 0.00015640071 2.680188e-05 2.9448345e-05 2.985757e-05 1.6457056e-05 2.6038808e-05 0.0020642239 0.003614238 0.0001130465 8.6582725e-07 0.11692617 2.03549e-05 0.86348784 7.459343e-07 0.0254183 0.00068679353 1.8231777e-06 1.2915024e-07 6.8855996e-05 0.12687674 8.048758e-06 3.255481e-05 0.0005646784 0.004787546 0.08921347 2.2721916e-07 5.6276467e-06 1.4912229e-07 0.005937525 2.2970315e-05 2.4242938e-05 7.2446615e-05 4.4700437e-06 0.004051049 0.026578495 3.4943755e-06 0.16044387 4.2738025e-06 6.874114e-06 0.15434988 0.67131853 0.014249196 0.01646417 0.025402078 3.149658e-06 1.2428239e-06 3.1745716e-05 5.6373215e-06 9.9968665e-06 1.2641417e-05 2.0105617e-05 2.1701727e-08 0.007695227 0.018588753 0.5740265 0.00036181413 7.6142564e-06 0.06518426 0.6071844 6.1596015e-06 0.00195148 3.1214267e-08 0.028017856 5.68569e-07 0.27828488 0.5300479 0.025298102 0.021344295
0.19913107 0.073848836 0.048678413 0.025223652 0.015835129 0.0050613657 0.009140622 0.03059845 0.008691784 0.2611218 0.004431375 0.000561169 0.00092613033 0.00064627343 0.0074550267 0.00085852016 0.8648301 0.0017102305 0.46774453 0.17360894 0.009599775 0.002609599 0.0027847027 0.94064134 0.015780713 0.002250679 0.81264925 0.00011223332 0.00034905423 0.0011294709 9.401281e-20 0.9135312 0.07289045 0.3577831 0.0035253852 0.00015936198 0.002102369 0.0059774113 3.3344168e-06 0.8416392 0.00013258375 3.053005e-05 0.000103615086 0.00024348818 0.00010694334 0.000553335 0.000143706 0.0004930807 3.9302282e-05 0.0017078843 1.109965e-05 0.17811355 0.008716616 0.0031463034 0.00021803856 0.5899556 0.00022029801 0.0043100943 0.00010903722 0.00032198822 9.536457e-06 0.17216659 0.005391432 0.01401101 0.0001269188 9.879423e-05 0.001305561 0.0075826165 1.11196005e-05 0.0041976566 0.00016282422 0.00020059815 0.003103981 0.00022151739 0.0009669375 0.0114912335 0.0056624818 8.79796e-05 3.346652e-05 6.4960363e-07 0.00012244369 0.0054600094 4.410828e-05 0.004380257 6.2203267e-06 0.14866854 0.004888324 0.0001968297 0.093487695 6.2385834e-06 0.000113831804 0.001533935 0.0025740888 6.05477e-05 0.00011526987 0.034967627 1.3097144e-05 0.0030120988 0.00317342 0.007939249 0.0048421323
