1.140661e-21 0.9543291 0.968272 0.9769333 0.9687748 0.94103104 0.98898 0.96078146 0.90853655 0.92976606 0.9723514 0.9521929 0.93630075 0.98331326 0.89346325 0.93998253 0.8127009 0.81504077 0.12969033 0.96523213 0.1526746 0.9001623 0.70921594 0.9197812 0.7624456 0.52025795 0.9824893 0.9579586 0.8852264 0.8816819 0.7394197 0.9869078 0.47913107 0.9861847 0.89598966 0.99582535 0.46581054 0.31193504 0.43816113 0.99936086 0.8518037 0.9909185 0.98499984 0.97137445 0.97736406 0.15708663 0.9730291 0.8979373 0.18302482 0.5913663 0.55430335 0.39605844 0.89242136 0.9384168 0.93336034 0.49600908 0.059573013 0.93666786 0.025216654 0.89561474 0.99485755 0.034438517 0.9694288 0.99856246 0.80473703 0.850344 0.6821145 0.73855036 0.72243077 0.9498695 0.97181123 0.028032009 0.17128727 0.026406644 0.9964434 0.9357423 0.9764863 0.022207685 0.9997161 0.178624 0.006469191 0.0318997 0.10464492 0.053066995 0.0089744115 0.0022129081 0.2332943 0.0011750313 0.026275892 0.0039601754 0.64207345 0.4582079 0.052466102 0.0022891983 0.00046712536 0.15575668 0.14200784 3.828771e-05 0.0004477504 0.031059304 0.00447166
0.9543291 7.6075294e-19 0.8633423 0.54009825 0.22142199 0.1408536 0.97028613 0.841061 0.015346454 0.010629479 0.030663695 0.54676795 0.38568914 0.43000478 0.029238386 0.22518328 0.005998114 0.16390145 0.00468634 0.024811512 0.0045554917 0.099777415 0.0019700953 0.005584902 0.0005079206 0.07387136 0.33992362 0.0026844048 0.0018499763 0.004495796 0.026995063 0.13581176 0.053022448 0.01111625 0.016822297 0.15187322 0.0015732994 0.0090400595 0.0010449784 0.13907173 0.0016974134 0.02432621 0.00022958369 5.0786e-05 0.0019570591 0.0018988033 0.011001532 0.0026125421 0.02526317 0.015497943 0.046859168 0.0005683983 0.0071985987 4.865894e-06 4.991754e-05 0.00020693662 0.00016541372 4.1867174e-06 0.0024617445 8.884052e-07 0.012864601 0.0002685145 0.0006784708 0.0060551693 7.3317864e-07 1.615903e-05 3.0595544e-07 6.28066e-05 2.6386755e-05 8.470154e-06 0.0025516697 0.0024219395 4.8720603e-06 5.684747e-05 0.0059647015 6.881405e-05 0.0016603485 4.0326926e-05 0.004383065 7.8165345e-07 3.1568317e-05 4.6949932e-05 3.3633056e-05 2.9556286e-08 3.2120151e-06 3.8799353e-06 4.6945033e-06 6.8813883e-06 0.0016104679 0.00011784518 0.00039186506 1.0545188e-09 0.00082499295 1.5151672e-05 4.7324258e-05 9.720721e-07 0.004200075 3.088651e-07 3.2012388e-06 2.6859294e-07 9.608407e-05
0.968272 0.8633423 6.58737e-16 0.5920015 0.70894194 0.7258988 0.7101609 0.20373191 0.34008324 0.27331433 0.45193818 0.01116112 0.0076287254 0.9230717 0.032439895 0.017926456 0.05347353 0.017976772 0.019739248 0.19907701 0.017777614 0.0014756351 0.02175832 0.0507058 0.013251871 0.040574286 0.12778614 0.032753326 0.02073675 0.042889297 0.0010446341 0.40048918 0.02875641 0.10947764 0.0007217096 0.36464274 0.015174926 0.00091160333 0.010744935 0.10043438 5.1318486e-05 0.00834904 0.0026783561 0.004881544 0.0069367364 9.802892e-06 0.022366485 4.1901905e-05 0.00042660354 9.6469696e-05 0.0030898594 0.0001047878 0.0023184854 0.00013713136 0.0047001345 0.010288487 2.4141125e-05 6.200117e-05 0.0034941977 8.033723e-05 0.009693474 0.0031984497 0.0006757658 0.011236387 3.5798173e-05 0.00013247214 8.7129505e-05 0.004222304 0.002048229 0.00010946627 0.0022796744 0.0018224209 0.00023534212 0.0023933235 0.010795608 0.00079260365 0.0011319797 4.4375316e-05 0.0031348604 5.281785e-05 0.00012272439 0.001683902 1.8672456e-05 5.9778213e-06 3.5519017e-05 0.00015564187 0.00023010913 6.932156e-05 1.9491123e-05 5.8957416e-05 0.00023063905 1.2704008e-07 4.625024e-06 4.2594984e-05 4.9076905e-05 9.2975584e-05 0.0009967654 2.2651145e-07 8.501996e-07 8.423261e-07 0.00013791933
0.9769333 0.54009825 0.5920015 6.093829e-17 0.8209429 0.5445189 0.14202687 0.36213183 0.096776925 0.03177047 0.011153619 0.009506737 0.004442082 0.04125909 0.94581413 0.0050656367 0.77596503 0.46270183 0.49390608 0.008451247 0.47851938 0.0001867437 0.007441124 0.13975151 0.0019141083 0.63223356 0.026673455 0.0019135716 0.020511882 0.43148646 0.00019371236 0.041761708 0.5867727 0.004398542 5.85437e-05 0.05781322 0.019693237 0.00013184285 0.021275312 0.014823541 4.1629523e-06 0.0011203923 0.00011680362 2.9275605e-05 0.0003038469 1.7538679e-06 0.00053125527 3.487925e-05 0.0009326857 0.00025732905 0.0074326084 1.116111e-05 0.00014994465 5.4667403e-06 7.683823e-05 0.15320507 4.415039e-06 1.3091643e-06 0.088425465 4.6804547e-07 0.00081311667 0.18520734 5.2435385e-06 0.0002200958 2.315394e-07 5.603227e-06 9.329792e-07 0.00021848359 8.7828106e-05 6.7560006e-07 0.00033504315 0.08432786 6.394109e-06 0.010116371 0.0003276735 6.1814245e-07 0.00012798027 1.8819129e-06 0.00022737015 8.764161e-07 0.013147057 0.012749227 1.6371585e-07 6.736976e-07 0.012128588 0.005172641 0.000107770284 0.0024631487 0.00012580784 0.0011809213 9.757828e-05 3.341378e-10 4.1747426e-05 3.9560135e-05 0.00029810413 1.4593514e-05 0.000382289 1.8848937e-07 6.4356135e-07 3.1378408e-07 0.00014009191
0.9687748 0.22142199 0.70894194 0.8209429 1.3075779e-16 0.9526841 0.07041848 0.03687145 0.41699433 0.23875599 0.10579578 0.0015817545 0.0006191239 0.13144284 0.50058025 0.00093932025 0.75192356 0.028958 0.30591863 0.033274285 0.31569225 2.4402481e-05 0.14301115 0.6949026 0.07514318 0.11639303 0.0044701337 0.007041819 0.24900998 0.6898749 4.2746855e-05 0.040000882 0.12795267 0.009681311 0.00010415374 0.07007167 0.1721034 3.7716087e-05 0.11371884 0.006413787 1.4663314e-06 0.00055662595 0.00021858675 0.00014597375 0.000750427 1.6335691e-06 0.0011527295 1.0319474e-05 0.00025397507 5.5944038e-05 0.0013719414 1.860514e-05 8.644033e-05 8.094003e-06 0.0017250475 0.32849872 1.0847734e-06 3.052136e-06 0.0107705975 1.0259166e-05 0.0003200033 0.11657253 1.41468245e-05 0.0006145376 1.3860549e-06 7.0783954e-06 2.0657311e-05 0.004350974 0.0025959972 9.937347e-07 0.00024645045 0.0060268356 8.884934e-05 0.052859914 0.0008648705 5.2926407e-07 0.0001391683 3.4086984e-06 0.0004369478 2.1974625e-05 0.0052334573 0.05972346 2.7748635e-07 6.151213e-06 0.014356517 0.0005003575 0.0010442347 0.0005563911 3.10626e-05 0.0001893586 1.6012698e-05 7.143692e-09 3.1345342e-06 0.00012290114 0.00010202805 5.1848547e-05 0.0010646507 6.800708e-07 7.563877e-06 4.6974787e-07 6.8670015e-05
0.94103104 0.1408536 0.7258988 0.5445189 0.9526841 1.010228e-18 0.034115113 0.008452565 0.86829597 0.48771197 0.3421822 0.00012408744 0.00010013569 0.22439042 0.15786725 0.00030485174 0.5311149 0.0047863843 0.12703192 0.11726898 0.11652848 7.7495215e-06 0.49018398 0.7516458 0.3720747 0.020911463 0.0030634536 0.012848876 0.41520417 0.52179223 9.929603e-06 0.06360522 0.018992297 0.02656199 1.7141181e-05 0.10234236 0.15730874 5.61204e-06 0.13736035 0.0042079873 2.7531618e-07 0.000295577 0.00046766494 0.0017078762 0.0017968167 7.5512055e-08 0.0035761055 5.1590285e-07 1.6973325e-05 2.2165389e-06 0.00033723147 3.0272236e-06 2.2861503e-05 7.657195e-05 0.0065343212 0.14816979 8.749933e-08 1.4279973e-05 0.0019248179 5.2323463e-05 0.00011376875 0.030895147 9.172437e-05 0.0016824903 1.03630655e-05 5.124381e-05 6.96448e-05 0.005343334 0.0030068697 5.6706335e-06 0.00012874916 0.0006480376 0.00037957833 0.039110556 0.0012869454 9.918881e-06 7.1763796e-05 4.1549106e-07 0.00044154056 8.097837e-05 0.0014169697 0.036523 3.623585e-08 1.9913761e-05 0.0048121247 0.00010900676 0.0005851312 0.0002977376 4.21427e-06 3.492548e-05 1.8366343e-06 2.1226192e-08 5.8317903e-07 0.0006458501 1.9365114e-05 4.3151158e-05 0.00048073544 2.4414853e-06 1.51687755e-05 2.9239277e-07 1.9566027e-05
0.98898 0.97028613 0.7101609 0.14202687 0.07041848 0.034115113 1.2419057e-17 0.35834756 0.01139533 0.010055 0.027607044 0.22920643 0.12700795 0.5203139 0.011752431 0.3439744 0.0032081904 0.04107969 0.002091132 0.025892427 0.0018272545 0.08973964 0.0015852936 0.005860225 0.00017276255 0.0189382 0.7046119 0.004113558 0.0015470417 0.0032492874 0.032341737 0.5222558 0.0139616495 0.023553 0.015810305 0.5513909 0.0010248938 0.012775041 0.00059958093 0.5220401 0.0022560947 0.06382436 0.0005610248 0.00012116674 0.004065529 0.0017789333 0.052809227 0.0042032166 0.02090557 0.011832437 0.03191625 0.0008831763 0.010785564 1.8745412e-05 6.188485e-05 0.00013599829 0.00023138367 1.2840785e-05 0.00043153795 3.845918e-06 0.032435387 3.052676e-05 0.0011437562 0.03070599 2.9419757e-06 6.9341724e-05 3.0109068e-06 7.02006e-05 1.4546935e-05 5.7538964e-05 0.014666751 0.00033232613 7.906122e-06 2.8552446e-05 0.025815843 0.0011215714 0.0042350376 6.427248e-05 0.01653463 8.1696487e-07 3.2797334e-06 6.181967e-05 1.4240969e-05 5.13637e-08 8.614152e-07 4.897283e-05 2.0019681e-06 9.600735e-06 0.00036402576 3.2714473e-05 0.0025177496 8.9427254e-10 0.00039767844 1.3530828e-07 4.735988e-05 5.7856096e-06 0.00013867625 1.082698e-08 9.250533e-09 4.8807372e-08 1.5890328e-05
0.96078146 0.841061 0.20373191 0.36213183 0.03687145 0.008452565 0.35834756 2.571013e-18 0.0007467222 0.00014838665 0.00029398975 0.5074135 0.41452876 0.02840416 0.17536668 0.064433955 0.0031165148 0.98521346 0.0059448737 8.31302e-05 0.005191225 0.056853153 8.745659e-05 0.000499319 4.945861e-07 0.48573896 0.05667737 1.7754435e-05 2.7516026e-05 0.0018585076 0.041705508 0.035562143 0.40035358 0.00029682217 0.000353909 0.11273558 3.9089253e-05 0.004004828 1.6529459e-05 0.008442837 0.00018865184 0.0010033542 5.0881235e-06 1.5977413e-07 3.5106812e-05 1.7400693e-05 0.00067194755 0.02565491 0.19320087 0.17935313 0.32074594 2.8069474e-06 0.00020745926 3.9518278e-07 3.5981182e-07 0.00059937057 2.7693197e-05 9.912762e-08 0.03261092 6.115526e-08 0.00076646736 0.004378441 2.1656947e-06 0.0001405804 1.5349782e-08 4.0441617e-07 2.400235e-07 6.7693054e-07 2.912295e-07 1.4752959e-08 7.236625e-05 0.10091399 8.0324503e-07 4.4012813e-05 0.00047889363 2.0284102e-08 2.0907672e-05 1.755724e-08 0.00015612472 6.7665596e-08 0.0013780107 2.6663647e-05 4.5106368e-09 6.58491e-08 1.2431931e-05 0.0011248545 9.9832905e-06 0.00013548449 0.10743372 0.0075729256 3.1796495e-05 4.9558697e-11 0.06531927 3.5709877e-06 0.0027767327 3.5406345e-06 0.00068188994 1.9951425e-08 1.348484e-07 1.2906133e-07 0.0042657345
0.90853655 0.015346454 0.34008324 0.096776925 0.41699433 0.86829597 0.01139533 0.0007467222 7.54972e-16 0.9544117 0.4502489 1.7188358e-05 5.0038605e-05 0.12992951 0.016153963 5.1504016e-05 0.17306748 0.0008739785 0.016009936 0.1942097 0.015294316 3.0598533e-06 0.7443179 0.82444483 0.74832666 0.0028968633 0.000876473 0.036608323 0.64343584 0.27554178 4.5131874e-06 0.03133437 0.0045248754 0.024889302 5.1390844e-06 0.10940485 0.2544271 4.5285706e-06 0.23338825 0.0011130482 5.425091e-07 7.767979e-05 0.0015636433 0.0070260786 0.0020350148 1.5998776e-07 0.0037504828 1.16711355e-07 2.8624641e-05 8.7047033e-07 8.6710315e-05 2.6388454e-06 5.8320375e-06 0.00012480107 0.027815513 0.10455913 3.8896923e-07 6.841998e-05 0.0006326987 0.00034817084 5.0244802e-05 0.005282402 0.00018967091 0.0013043969 6.719472e-05 0.00019321604 0.00034385425 0.035639253 0.021939877 4.504344e-05 2.8250979e-05 0.000115714174 0.0008998596 0.08509633 0.0013977375 8.420188e-06 1.1617356e-05 3.3142868e-07 0.00023592685 0.0001845853 0.00044358775 0.08228534 1.9635065e-08 9.68844e-05 0.0010674103 3.3412052e-05 0.0023134088 0.00015608229 1.3025203e-06 1.3100441e-05 4.4030193e-07 5.744888e-07 6.365233e-08 0.0015082889 7.482667e-06 0.0001914203 0.00482426 5.0273684e-06 2.8777453e-05 2.9649564e-06 4.0326966e-05
0.92976606 0.010629479 0.27331433 0.03177047 0.23875599 0.48771197 0.010055 0.00014838665 0.9544117 2.3761493e-17 0.95226127 2.9205262e-06 8.0619775e-06 0.16894746 0.008186376 1.8836718e-05 0.032543845 0.00017007683 0.006782218 0.42183936 0.006768229 5.5587714e-07 0.68683654 0.5290046 0.75299037 0.0007938181 0.0006357777 0.11621289 0.65894353 0.10642635 5.593646e-07 0.074033156 0.0030760688 0.05296813 2.076166e-06 0.18797827 0.11605301 1.6633026e-06 0.21953802 0.0014413841 2.440611e-07 6.272968e-05 0.012952109 0.0322586 0.005999261 3.737854e-08 0.016612824 1.434712e-07 5.5314654e-06 1.2419778e-06 3.550005e-05 1.078257e-06 6.75413e-06 0.00052230514 0.08991475 0.034773644 5.950403e-07 0.00017261386 0.00039986114 0.0016044424 9.4313735e-05 0.0006354041 0.001130459 0.0029290477 6.385001e-05 0.00066345 0.0026848286 0.0579549 0.03912808 0.0001502087 0.000106213265 9.4346484e-05 0.005614616 0.034473285 0.0034118928 0.0001693288 4.5320416e-05 1.2229145e-07 0.00038936804 0.00078458857 0.00014108204 0.03535578 5.356841e-09 0.00011046696 0.00019382342 0.00011893142 0.008644347 0.00011826852 3.3069807e-07 1.3487451e-05 8.8529276e-07 4.337112e-06 1.1931489e-07 0.00084967044 8.711982e-06 0.0004757153 0.017503593 2.3295393e-06 2.2923681e-05 6.2444346e-06 0.00030328296
0.9723514 0.030663695 0.45193818 0.011153619 0.10579578 0.3421822 0.027607044 0.00029398975 0.4502489 0.95226127 7.248897e-17 1.1604289e-05 3.0092233e-05 0.7129576 0.0018181737 0.0002930724 0.0040341564 0.00010793177 0.0029087157 0.92859495 0.0023376478 3.213616e-07 0.11108957 0.061394874 0.14999667 0.0003908309 0.006087849 0.2641467 0.075050294 0.009564706 3.7483116e-07 0.5805179 0.00080447784 0.5867713 6.124433e-06 0.40518653 0.011733802 1.3922192e-06 0.012671256 0.013915656 2.7103252e-07 0.00042171992 0.030824821 0.07569021 0.03550403 1.0433401e-07 0.060696173 1.7078456e-07 6.495033e-07 7.4062406e-08 1.900681e-05 6.020427e-06 0.0002853452 0.0011434427 0.029430948 0.0013953269 4.8629363e-07 0.00011610373 0.00020349515 0.008600896 0.0009932299 6.812607e-05 0.002874351 0.017448543 0.00024859642 0.0023778384 0.007350943 0.012871369 0.008945435 0.00051614747 0.000949437 6.380832e-05 0.00417933 0.0039324723 0.019380622 0.0025528139 9.791302e-05 9.477352e-08 0.0013250373 0.0005795827 4.5759843e-05 0.0027543097 4.6215423e-09 8.830095e-05 5.3062406e-05 4.4748012e-05 0.0014758152 4.870321e-05 3.8652406e-06 4.4281737e-06 3.218315e-05 1.6325256e-06 3.5877085e-07 0.00060272665 1.3649613e-05 0.00047037442 0.0044268104 2.7931126e-06 1.7454791e-05 1.9715528e-06 0.000579105
0.9521929 0.54676795 0.01116112 0.009506737 0.0015817545 0.00012408744 0.22920643 0.5074135 1.7188358e-05 2.9205262e-06 1.1604289e-05 9.907414e-19 0.99233985 0.003828788 0.0037915686 0.5047861 4.730075e-05 0.32495943 0.00013200036 1.5405916e-05 0.000115733164 0.79264057 1.6099955e-06 5.940483e-06 4.4031346e-08 0.01586297 0.13995443 2.2054353e-06 1.956388e-07 4.646085e-06 0.5208297 0.023393456 0.017774148 0.0002188214 0.004379286 0.089797944 9.611697e-07 0.12873955 3.1647502e-07 0.04508509 0.0021846306 0.006427677 2.1123076e-07 3.153899e-08 9.642168e-05 0.002426075 0.0012272253 0.64365536 0.5648231 0.65471506 0.54856867 2.4979334e-05 0.0021029785 1.549752e-08 4.7358517e-09 2.7187634e-06 0.00042628346 5.273985e-08 0.0018640627 3.9831374e-09 0.0017161426 3.753855e-06 1.3964164e-05 0.001275012 2.4130073e-09 4.802831e-07 1.6182694e-08 1.0906423e-08 2.2952116e-09 3.0558098e-07 0.00092823646 0.0021878572 9.25795e-08 2.0208877e-06 0.002014551 2.1888236e-06 0.0011568242 8.6226095e-07 0.0020602096 3.5279776e-08 2.9977575e-05 1.9568574e-06 1.204056e-07 1.02466004e-07 5.168922e-07 6.51491e-05 6.1162876e-07 1.2617196e-05 0.12086092 0.0008548877 0.00031991268 5.371111e-10 0.06949839 1.1974864e-05 0.000262748 2.2139066e-06 1.7762412e-05 1.0761125e-07 6.913339e-07 8.573971e-08 0.0006602792
0.93630075 0.38568914 0.0076287254 0.004442082 0.0006191239 0.00010013569 0.12700795 0.41452876 5.0038605e-05 8.0619775e-06 3.0092233e-05 0.99233985 2.8586911e-18 0.0029012552 0.002092839 0.51548386 9.3219925e-05 0.1521529 0.00018513005 1.9288658e-05 0.00016876406 0.8873822 3.284112e-06 1.7945791e-05 1.9680368e-07 0.013900761 0.1600314 2.5102283e-06 3.786966e-07 1.7146527e-05 0.6351769 0.020107912 0.016287122 0.00019011243 0.0122033125 0.051835567 2.9925627e-06 0.20312636 1.8978872e-06 0.07998704 0.01304132 0.013719852 6.230292e-07 8.144875e-08 9.633841e-05 0.010889653 0.0013543598 0.526033 0.4614598 0.5666958 0.39585528 0.00051910983 0.0036413085 3.039132e-08 1.8953617e-08 1.7573631e-05 0.0017849297 4.9181356e-08 0.00085893745 4.4189834e-09 0.0045814975 4.5476954e-06 2.3097567e-05 0.0019093135 2.3582222e-08 1.0888665e-06 2.0384707e-08 5.3099786e-08 6.450649e-09 6.282643e-07 0.0013703187 0.0015515933 1.3535681e-07 3.497663e-06 0.0020063117 1.1414776e-05 0.0026956876 1.7369588e-05 0.003341159 3.3675114e-08 2.3081364e-05 5.6129397e-06 8.165292e-06 1.8510171e-07 1.906164e-06 4.6182126e-05 9.544086e-07 1.3414383e-05 0.09067175 0.00064574514 0.00065760023 2.0578619e-09 0.054991517 3.3263485e-05 0.00031072687 2.1479375e-06 7.993874e-05 1.3383843e-07 1.4197554e-06 6.005311e-08 0.00047533886
0.98331326 0.43000478 0.9230717 0.04125909 0.13144284 0.22439042 0.5203139 0.02840416 0.12992951 0.16894746 0.7129576 0.003828788 0.0029012552 7.2111455e-15 0.0035901496 0.014384023 0.0037121177 0.0027910853 0.0024519963 0.6870127 0.002044101 0.00038766902 0.011213131 0.009839369 0.0085921725 0.0032546138 0.11630795 0.3274259 0.005644603 0.0022918393 0.00026856468 0.8564446 0.0009425763 0.7607659 0.0016835914 0.651505 0.0028705546 0.00033998583 0.0013914971 0.20372477 8.2843864e-05 0.0105949985 0.057536006 0.043025915 0.07416622 6.159425e-06 0.12314975 2.0877345e-05 8.73125e-05 2.8902514e-05 0.000296423 0.00028707433 0.0061811544 0.0043703867 0.0065688225 0.00064850686 7.094152e-05 0.0026636557 0.00016319966 0.007547895 0.01624681 0.00051002885 0.011281387 0.048716135 0.0018422429 0.0027129233 0.0016746464 0.0019120749 0.0016352909 0.0009785763 0.0071086287 0.0019396278 0.00085601566 0.00028650192 0.040574707 0.0048371484 0.0017336409 0.00020836898 0.011020674 0.00031292601 1.8888722e-05 0.00030315598 4.2505264e-05 3.361741e-05 9.145936e-05 0.00011806229 0.00043902776 4.3482378e-05 7.414485e-05 1.9267443e-05 0.0008789196 5.9640806e-06 4.996277e-06 5.9301172e-05 4.182745e-05 0.00032713398 0.00095973903 5.5539704e-07 5.841988e-07 5.0547087e-06 0.00030053817
0.89346325 0.029238386 0.032439895 0.94581413 0.50058025 0.15786725 0.011752431 0.17536668 0.016153963 0.008186376 0.0018181737 0.0037915686 0.002092839 0.0035901496 1.8851483e-15 0.0008974565 0.7714067 0.56486356 0.7560438 0.00135226 0.7495426 0.00014065953 0.00080849155 0.020290418 0.00016316852 0.88746095 0.0012649287 0.000154808 0.0022410057 0.42717513 9.7307944e-05 0.002120723 0.796546 0.0004570884 4.2622698e-05 0.0051458306 0.0046080016 8.6854314e-05 0.0031166559 0.0013391582 1.57571e-06 0.00019138434 4.786626e-05 1.8733723e-05 9.343644e-06 1.2019755e-06 3.508084e-05 2.7985772e-05 0.001164752 0.00023728929 0.0030675274 4.120107e-06 4.6218298e-05 5.4039683e-06 7.873263e-06 0.37960035 1.83663e-05 1.7741411e-06 0.5452132 2.644858e-07 3.744339e-05 0.680278 2.462545e-06 1.3840018e-05 2.764657e-07 7.5398725e-06 8.101582e-07 2.1354183e-05 2.7706578e-06 3.9223534e-07 7.4818317e-06 0.4102322 6.5841505e-06 0.0022552353 1.53765e-05 2.4578725e-07 3.506619e-05 1.0634193e-05 3.7870275e-05 2.8785547e-07 0.07205417 0.0018196526 2.329468e-06 4.149719e-07 0.039443985 0.04154867 9.119136e-05 0.026828436 0.00019884469 0.007944786 2.4060542e-05 2.1384965e-08 2.2838209e-05 7.124071e-05 0.0018694088 2.0721694e-05 0.0007558322 1.5960259e-06 2.3178209e-06 1.8695513e-05 0.0005565036
0.93998253 0.22518328 0.017926456 0.0050656367 0.00093932025 0.00030485174 0.3439744 0.064433955 5.1504016e-05 1.8836718e-05 0.0002930724 0.5047861 0.51548386 0.014384023 0.0008974565 5.7717287e-15 6.123508e-05 0.0169641 4.5279678e-05 0.00028777964 4.3071766e-05 0.7979414 5.2993705e-06 1.608632e-05 7.983087e-07 0.0019637034 0.9614428 5.2852258e-05 5.519001e-07 3.0539761e-06 0.56941307 0.018904854 0.0012205745 0.0004073283 0.93242246 0.025283854 5.051147e-06 0.398587 2.2652432e-06 0.17883995 0.7922939 0.14874995 1.7055918e-05 1.9097993e-06 0.00014522478 0.44084036 0.0010862534 0.3085725 0.05110421 0.097883694 0.04112107 0.29252145 0.055426612 2.5960205e-07 9.528348e-06 0.00040713002 0.04641091 8.28908e-07 8.230671e-05 2.8994402e-08 0.01853322 4.8849665e-06 0.000102459024 0.004017486 1.4608173e-07 5.0903705e-06 4.22329e-08 2.4123622e-06 3.0977782e-07 6.278232e-06 0.006594787 0.0001305169 1.5541343e-06 5.3053377e-06 0.003974155 8.69813e-05 0.0055245967 0.00065319403 0.0139505835 1.6100806e-07 5.974231e-06 1.7837221e-05 0.00078403216 2.8823415e-08 2.1316908e-05 1.49261305e-05 5.0256854e-06 9.070716e-06 0.0028747611 0.00010652713 0.0020340085 3.8420648e-08 0.0029713823 1.9124914e-06 1.5329177e-05 1.99061e-06 0.007029534 1.5222597e-07 2.5277058e-07 4.98325e-07 0.0003076189
0.8127009 0.005998114 0.05347353 0.77596503 0.75192356 0.5311149 0.0032081904 0.0031165148 0.17306748 0.032543845 0.0040341564 4.730075e-05 9.3219925e-05 0.0037121177 0.7714067 6.123508e-05 5.9289866e-16 0.0046620746 0.9425582 0.002087253 0.9425457 8.952736e-06 0.008197064 0.26914284 0.003103598 0.062134847 0.00018459799 0.00042180397 0.012890115 0.9442029 2.0732969e-06 0.001392427 0.08278643 0.0007960101 4.698937e-06 0.0018524125 0.07369295 1.1583164e-06 0.020041423 0.00011477187 5.71697e-07 1.010731e-05 9.502291e-05 0.00015112427 4.2443207e-05 8.5176545e-08 5.836047e-05 9.794888e-07 0.00015797954 6.931928e-06 0.0010645065 1.4264491e-06 3.0373706e-06 5.4693114e-06 0.0001076148 0.38533273 3.1057546e-06 1.8018304e-06 0.025622334 2.2237057e-06 2.3668447e-06 0.26954746 3.9410206e-06 2.032247e-05 7.786432e-07 4.8566912e-06 7.5229864e-06 0.00059788796 0.0003882649 7.798597e-07 1.3921913e-06 0.007034697 3.3366166e-05 0.03931537 2.0242389e-05 1.3483727e-06 1.9865004e-06 7.743829e-07 3.893502e-06 5.6063054e-06 0.018904012 0.051888477 5.6862998e-08 3.3569047e-06 0.08692993 0.0014392817 0.00040922585 0.006073447 1.3950309e-05 0.0004383264 1.3051315e-06 1.1106171e-07 1.1257135e-05 0.0014996559 8.035394e-05 4.332641e-05 0.0008405282 1.2918214e-05 0.00012613967 1.16392675e-05 0.00025085246
0.81504077 0.16390145 0.017976772 0.46270183 0.028958 0.0047863843 0.04107969 0.98521346 0.0008739785 0.00017007683 0.00010793177 0.32495943 0.1521529 0.0027910853 0.56486356 0.0169641 0.0046620746 6.839826e-18 0.0098621845 4.1032636e-05 0.008956908 0.01717612 4.0309947e-06 7.325525e-05 7.094243e-08 0.8657719 0.009929912 1.0414346e-05 4.359663e-06 0.0012976052 0.009901534 0.002608355 0.75587094 4.311916e-05 0.0006266622 0.004443497 1.6759812e-05 0.0032949133 4.091312e-06 0.0063374196 3.047019e-05 0.0014514847 1.469449e-06 1.8181849e-07 5.532573e-06 6.528842e-05 4.2173557e-05 0.0044262703 0.23989412 0.09286195 0.30449647 5.0956914e-05 0.00042863438 4.6115005e-07 4.7439187e-08 0.00042183677 2.1130876e-05 9.141544e-08 0.14200583 9.837759e-08 0.00080570526 0.0021870134 5.9727125e-07 3.2122498e-05 2.0690285e-08 5.2583334e-07 1.8577569e-07 2.800084e-08 1.9008576e-08 1.0751339e-07 8.762931e-05 0.31926775 4.4045692e-07 4.626652e-06 5.020811e-05 1.553415e-07 0.00010695711 7.223706e-06 8.620349e-05 8.8363905e-08 0.001861271 7.1579075e-06 5.047003e-07 8.335895e-08 8.667285e-05 0.0058502043 2.9034168e-06 0.00085185055 0.10808753 0.031897653 6.4182925e-05 6.4943356e-10 0.020102117 4.7669775e-07 0.018216832 9.2891605e-06 8.2361046e-05 1.1867162e-08 2.042601e-07 4.0537535e-07 0.01821019
0.12969033 0.00468634 0.019739248 0.49390608 0.30591863 0.12703192 0.002091132 0.0059448737 0.016009936 0.006782218 0.0029087157 0.00013200036 0.00018513005 0.0024519963 0.7560438 4.5279678e-05 0.9425582 0.0098621845 9.789731e-15 0.00068106916 0.986931 2.2623188e-05 0.0021997292 0.058230132 0.0005275079 0.075665824 0.00016266094 0.00014525345 0.0025128347 0.81639093 1.287744e-05 0.0006966765 0.056985803 0.0003119954 2.0392323e-05 0.0007165595 0.010422231 2.9184657e-06 0.002846441 0.00015124134 1.3671557e-06 1.4074694e-05 3.4692246e-05 5.2817595e-05 3.2163298e-05 3.8002833e-07 4.6437744e-05 3.9802617e-06 0.00022164037 1.2866687e-05 0.00054297334 3.2621615e-06 1.538244e-05 6.690349e-06 3.863676e-05 0.25823155 9.221888e-07 3.8692715e-06 0.0207727 1.244063e-06 7.563567e-06 0.24551944 2.122903e-06 1.5241263e-05 1.559918e-06 1.02436115e-05 3.8606318e-06 0.00012345995 5.667863e-05 1.442006e-06 1.6324043e-06 0.0033589639 1.2586479e-05 0.011941343 2.7169946e-05 3.0603394e-07 2.9456785e-06 4.95688e-06 6.248438e-06 1.7662387e-06 0.015989337 0.00743693 2.2097184e-07 1.9855324e-06 0.049581498 0.0012222928 6.5869106e-05 0.0084648505 2.0140755e-05 0.00039061994 4.4686967e-06 1.9862085e-08 4.1785243e-06 0.00040473972 7.4531716e-05 6.321324e-05 9.337207e-05 3.7397335e-06 8.752049e-05 1.9366303e-06 6.305321e-05
0.96523213 0.024811512 0.19907701 0.008451247 0.033274285 0.11726898 0.025892427 8.31302e-05 0.1942097 0.42183936 0.92859495 1.5405916e-05 1.9288658e-05 0.6870127 0.00135226 0.00028777964 0.002087253 4.1032636e-05 0.00068106916 7.9980996e-16 0.0005346813 9.566858e-07 0.05986943 0.0153945265 0.13040948 6.982423e-05 0.006916978 0.97056156 0.036694422 0.0017325963 1.7226406e-06 0.54217887 0.00018256501 0.68131745 1.533323e-05 0.51643187 0.003493005 5.5111614e-06 0.0051493505 0.018097715 1.722528e-07 0.0012200165 0.33811042 0.5161473 0.22312535 2.712337e-07 0.22704917 3.0994656e-07 2.3309002e-07 2.5321867e-07 6.1527644e-05 9.710863e-07 0.0005227043 0.07293331 0.17257595 0.0002120819 1.2288659e-06 0.010486969 0.00017232471 0.19651233 0.0018314249 7.940165e-05 0.028139332 0.029452682 0.0078073344 0.023486653 0.03222091 0.022855375 0.029122056 0.01060922 0.00091591856 0.002108088 0.016110456 0.00033082571 0.035597675 0.013858173 0.0003675911 1.9798977e-06 0.0037099766 0.004832293 8.878272e-06 0.0002502453 6.401149e-08 0.0012275683 2.2750191e-05 8.971586e-05 0.0009979206 3.533286e-05 0.0014745358 0.00011708745 4.713679e-05 0.00013681446 5.146655e-05 0.00047105027 9.751e-05 0.00094984315 0.005941022 9.448519e-06 0.00010635882 6.583343e-05 0.0043749865
0.1526746 0.0045554917 0.017777614 0.47851938 0.31569225 0.11652848 0.0018272545 0.005191225 0.015294316 0.006768229 0.0023376478 0.000115733164 0.00016876406 0.002044101 0.7495426 4.3071766e-05 0.9425457 0.008956908 0.986931 0.0005346813 5.0269495e-14 1.6107688e-05 0.001708909 0.050180152 0.00041485266 0.07319312 0.00012847835 0.00018226284 0.0018127088 0.80825156 9.503789e-06 0.00062698615 0.054513033 0.00034856153 2.5169273e-05 0.0008253474 0.0086100055 3.380353e-06 0.0025194765 0.00014880825 1.1280805e-06 2.1388852e-05 3.837519e-05 3.666402e-05 3.5526296e-05 3.275015e-07 4.8943835e-05 2.8436532e-06 0.00026233162 1.5639169e-05 0.00049620145 4.692829e-06 2.4484327e-05 7.6147653e-06 3.8377715e-05 0.31693062 1.276626e-06 2.9125824e-06 0.025513802 1.312661e-06 1.0695054e-05 0.28310215 4.439172e-06 2.3032197e-05 1.470823e-06 1.4654766e-05 3.488891e-06 9.080423e-05 4.0507817e-05 1.2574307e-06 3.8600574e-06 0.004060527 1.6826789e-05 0.013743575 5.224912e-05 3.2280283e-07 4.577532e-06 5.9346517e-06 1.0832367e-05 1.8038162e-06 0.019101921 0.009657101 2.2167151e-07 2.5837712e-06 0.057834167 0.001674323 7.463884e-05 0.0113596255 4.084745e-05 0.00059416203 8.0802665e-06 2.573445e-08 4.47965e-06 0.0005350095 0.00011800409 9.326528e-05 0.00012555627 5.139712e-06 9.387108e-05 2.1134715e-06 5.9711238e-05
0.9001623 0.099777415 0.0014756351 0.0001867437 2.4402481e-05 7.7495215e-06 0.08973964 0.056853153 3.0598533e-06 5.5587714e-07 3.213616e-07 0.79264057 0.8873822 0.00038766902 0.00014065953 0.7979414 8.952736e-06 0.01717612 2.2623188e-05 9.566858e-07 1.6107688e-05 3.2192192e-17 7.724471e-08 3.0362023e-07 3.9814456e-08 0.0006908024 0.18934728 9.0476357e-07 2.9256888e-08 4.0422069e-07 0.9805982 0.005526923 0.0020527237 1.11054205e-05 0.17015533 0.019993147 6.5136454e-08 0.68087626 1.5678442e-07 0.0647723 0.060150933 0.017710485 8.589734e-08 1.3425549e-08 6.678995e-06 0.0775171 0.00025531166 0.669666 0.43651962 0.52114034 0.38486087 0.0009937302 0.0077977837 1.4208336e-08 1.193727e-07 4.904245e-06 0.018433124 2.3768177e-08 0.00047588156 1.7847062e-08 0.0026343786 1.1714586e-06 2.524621e-06 0.0008675735 3.6759968e-08 4.7348453e-07 3.7462403e-08 6.911408e-09 1.456423e-09 8.1911146e-08 0.0008365211 0.00070598494 1.1556733e-07 7.3062193e-07 0.00044777835 1.1064124e-06 0.0012178898 2.1881398e-05 0.0014026128 3.8777717e-08 5.2053238e-06 1.4598112e-06 5.7134084e-06 5.475305e-07 3.9738984e-07 1.7574184e-05 9.753757e-06 3.727574e-06 0.045346297 0.0007431687 0.0005664027 1.5014152e-08 0.035260558 5.7201523e-06 7.192631e-05 3.078573e-05 9.160767e-05 7.13264e-08 1.8897676e-07 8.113277e-08 0.00095412973
0.70921594 0.0019700953 0.02175832 0.007441124 0.14301115 0.49018398 0.0015852936 8.745659e-05 0.7443179 0.68683654 0.11108957 1.6099955e-06 3.284112e-06 0.011213131 0.00080849155 5.2993705e-06 0.008197064 4.0309947e-06 0.0021997292 0.05986943 0.001708909 7.724471e-08 3.3996135e-18 0.7726269 0.98673236 5.8717036e-05 0.00014414 0.0068139494 0.91997945 0.05708799 8.5993726e-08 0.010470833 0.00015680066 0.010482473 1.4865718e-06 0.015524991 0.22302422 2.6841946e-08 0.28537032 0.0002355615 3.701699e-08 9.943696e-06 0.0017637922 0.012837027 0.00073158584 1.8740656e-09 0.00067423115 6.813802e-09 5.484121e-07 1.6300847e-08 8.3175355e-06 4.013853e-07 6.473698e-07 0.000114485454 0.065871045 0.0170222 5.3382195e-08 6.649277e-06 7.149234e-05 0.00012166648 4.0644823e-06 0.0002994493 1.8036435e-05 0.00029111913 1.2516693e-05 2.4441466e-05 0.00034317104 0.07462817 0.052697264 3.936506e-06 2.5828672e-06 2.4013298e-05 0.00046535747 0.023971712 0.00028579432 4.3553345e-07 5.214602e-07 2.394049e-07 3.0132178e-05 4.0024817e-05 9.688643e-05 0.025348619 8.730525e-09 1.270985e-05 0.0002912902 5.70288e-06 0.0046943715 4.7340327e-05 6.545384e-06 2.485591e-05 4.4902723e-07 1.3067555e-08 2.0741007e-07 0.0015707762 7.6178235e-06 7.856488e-05 0.028011357 8.951037e-06 8.2351544e-05 7.669319e-07 1.6456335e-05
0.9197812 0.005584902 0.0507058 0.13975151 0.6949026 0.7516458 0.005860225 0.000499319 0.82444483 0.5290046 0.061394874 5.940483e-06 1.7945791e-05 0.009839369 0.020290418 1.608632e-05 0.26914284 7.325525e-05 0.058230132 0.0153945265 0.050180152 3.0362023e-07 0.7726269 1.0902282e-16 0.6188887 0.0009567288 0.00029057494 0.004199638 0.92695034 0.8592046 6.0413505e-08 0.002695762 0.0022799114 0.0034921388 3.4664974e-06 0.011107376 0.911303 2.4619496e-07 0.78859925 0.0003695396 3.4305778e-08 1.8976327e-05 0.0009228606 0.0014935756 0.00026014994 1.8997948e-09 0.0004261786 1.6745375e-08 5.19669e-07 1.544626e-08 1.2117604e-05 6.036464e-07 2.816722e-06 5.802659e-05 0.0039850036 0.3644457 5.6860966e-07 1.6794698e-06 0.0014590152 2.576536e-05 6.8445856e-06 0.004027251 2.735317e-06 8.32142e-05 1.3377751e-06 6.141846e-06 4.916872e-05 0.04756223 0.03362505 4.3084134e-07 5.6999934e-06 0.000260494 9.814543e-05 0.30929378 0.0001376707 4.2893166e-07 5.2795463e-06 3.0244573e-07 1.6278998e-05 2.1545715e-05 0.00087527774 0.323168 1.9649152e-08 6.767948e-06 0.0058402955 0.00017198027 0.0038404278 0.00047632225 4.938007e-06 0.00013036997 3.3759302e-06 4.3581576e-08 2.4026215e-07 0.008702011 1.7163036e-05 6.59329e-05 0.06424632 3.6549132e-05 0.0003464997 1.7545974e-06 0.0001761095
0.7624456 0.0005079206 0.013251871 0.0019141083 0.07514318 0.3720747 0.00017276255 4.945861e-07 0.74832666 0.75299037 0.14999667 4.4031346e-08 1.9680368e-07 0.0085921725 0.00016316852 7.983087e-07 0.003103598 7.094243e-08 0.0005275079 0.13040948 0.00041485266 3.9814456e-08 0.98673236 0.6188887 3.9581647e-18 3.6183192e-06 1.0573335e-05 0.02186936 0.8720915 0.022458335 1.3729229e-08 0.010330883 5.6926787e-05 0.017810699 3.5708257e-07 0.017907932 0.17950846 2.557332e-08 0.29295295 2.375151e-05 3.70415e-08 5.729852e-07 0.007890315 0.06729811 0.0014194531 7.8497725e-10 0.0021414887 2.2286777e-08 1.542254e-07 6.6966326e-09 6.78886e-06 1.2138132e-07 6.6912996e-08 0.0006471344 0.359266 0.006115658 1.3100565e-07 4.553374e-05 1.4212383e-05 0.003222524 9.72315e-07 3.380084e-05 4.6400957e-05 0.0005810839 2.4202835e-05 8.1453305e-05 0.022751143 0.27950615 0.26810429 4.7691832e-05 3.5239088e-06 5.7098787e-06 0.012595083 0.015412191 0.00042772238 1.6911585e-05 5.699371e-07 1.2053468e-08 6.8648114e-06 0.0023871355 5.0521998e-05 0.016879886 1.7369404e-09 9.862809e-05 6.665439e-05 1.3281412e-05 0.020574449 5.9664337e-05 1.3789992e-07 8.041461e-06 2.3491997e-07 3.9216465e-07 2.7004836e-08 0.0032401744 5.3529225e-06 0.0012433965 0.08573455 1.7610222e-05 0.0001981339 5.6405265e-06 0.0002763517
0.52025795 0.07387136 0.040574286 0.63223356 0.11639303 0.020911463 0.0189382 0.48573896 0.0028968633 0.0007938181 0.0003908309 0.01586297 0.013900761 0.0032546138 0.88746095 0.0019637034 0.062134847 0.8657719 0.075665824 6.982423e-05 0.07319312 0.0006908024 5.8717036e-05 0.0009567288 3.6183192e-06 7.438906e-18 0.0029121202 4.2139404e-06 0.00010186199 0.011872344 0.00038755147 0.001249482 0.98567563 1.2996783e-05 1.9548737e-05 0.0016945393 0.00010076085 7.8955236e-05 5.222501e-05 0.0008282143 1.536431e-06 7.474162e-05 8.3723324e-07 6.137217e-07 5.4557663e-06 7.459414e-07 1.4781781e-05 2.8426217e-05 0.0071370807 0.00061651325 0.019389605 1.7934165e-06 2.5358791e-05 8.5797996e-07 2.0501422e-07 0.0013016302 1.9808176e-06 7.207253e-08 0.3157968 1.01486876e-07 7.4971496e-05 0.052949235 6.812132e-07 2.2723605e-05 2.4471183e-07 1.0885913e-06 6.8756384e-07 9.57521e-07 6.870902e-08 4.0935385e-07 8.394707e-06 0.24938416 7.7033536e-07 1.8453753e-05 8.805959e-05 1.6410226e-07 1.6782842e-05 1.6848263e-06 5.421028e-06 1.3234151e-07 0.011729993 1.50692285e-05 6.431463e-08 1.3536481e-07 0.0026413144 0.017287992 6.615615e-06 0.0044757663 0.0024176529 0.021256657 1.5264668e-05 1.3220374e-09 0.00019230995 1.3435176e-05 0.0063181478 1.34809825e-05 2.4164043e-05 3.4616363e-07 1.6397798e-06 1.9851451e-07 0.0047473186
0.9824893 0.33992362 0.12778614 0.026673455 0.0044701337 0.0030634536 0.7046119 0.05667737 0.000876473 0.0006357777 0.006087849 0.13995443 0.1600314 0.11630795 0.0012649287 0.9614428 0.00018459799 0.009929912 0.00016266094 0.006916978 0.00012847835 0.18934728 0.00014414 0.00029057494 1.0573335e-05 0.0029121202 5.106991e-17 0.0016550147 5.9781974e-06 1.7702901e-05 0.08304485 0.17623793 0.0005954988 0.0038183918 0.60301924 0.15601012 3.2314103e-05 0.04141358 3.630971e-06 0.942914 0.38554445 0.5726317 0.0004229399 7.765061e-05 0.0007839065 0.06363851 0.008745217 0.08666258 0.011057247 0.029491633 0.0073651075 0.07539417 0.13146156 3.4806046e-05 7.761074e-06 8.17445e-05 0.013965839 0.00022206096 0.00024593066 3.995576e-06 0.110245384 9.361276e-06 0.0008022671 0.022574596 1.5936781e-05 0.00012420632 2.415531e-07 1.03323255e-05 2.3674497e-06 2.7520908e-05 0.039927434 6.04174e-05 3.452374e-06 2.461682e-05 0.0078060394 0.0005463556 0.0030874999 0.0011634547 0.027883623 1.8741031e-07 2.23796e-06 1.1819234e-05 0.006090459 9.490593e-08 2.7886201e-06 1.6289077e-05 4.379699e-06 1.9776107e-06 0.0005015492 1.6348993e-05 0.0023382579 2.0563483e-08 0.00046661892 4.1342882e-06 1.0519095e-05 8.0070464e-08 0.00010363041 1.2825915e-07 9.11661e-08 2.0361547e-08 3.2891912e-05
0.9579586 0.0026844048 0.032753326 0.0019135716 0.007041819 0.012848876 0.004113558 1.7754435e-05 0.036608323 0.11621289 0.2641467 2.2054353e-06 2.5102283e-06 0.3274259 0.000154808 5.2852258e-05 0.00042180397 1.0414346e-05 0.00014525345 0.97056156 0.00018226284 9.0476357e-07 0.0068139494 0.004199638 0.02186936 4.2139404e-06 0.0016550147 8.55068e-16 0.009669173 0.0007724413 3.792568e-07 0.47413373 6.772064e-05 0.79933876 2.6787377e-06 0.51098365 0.0009789132 3.4717925e-07 0.0014465171 0.006849598 1.4266769e-07 0.000268409 0.8349119 0.74745005 0.4317651 1.3659835e-07 0.356336 3.7573898e-08 5.078931e-08 3.3216264e-08 4.8836478e-06 4.035324e-07 7.0101654e-05 0.35886163 0.20253037 9.336646e-05 1.949102e-06 0.07715387 4.6083132e-05 0.387126 0.0009999194 1.7559392e-05 0.09918404 0.039221294 0.047395993 0.0695851 0.05283753 0.017003873 0.019969286 0.035646245 0.00057550165 0.0036236723 0.024406135 6.325852e-05 0.051375587 0.03461135 0.00015498289 1.4492869e-06 0.0031564268 0.011592014 1.4604392e-06 8.435931e-05 3.894694e-08 0.01042567 9.113463e-06 3.5909092e-05 0.0020735878 1.8659763e-05 6.602527e-05 2.7167303e-05 1.8317603e-05 0.00071815075 3.612034e-06 0.00017564054 3.2037387e-05 0.00346903 0.0075761112 4.5468887e-06 5.3450076e-05 0.00024662277 0.0016760699
0.8852264 0.0018499763 0.02073675 0.020511882 0.24900998 0.41520417 0.0015470417 2.7516026e-05 0.64343584 0.65894353 0.075050294 1.956388e-07 3.786966e-07 0.005644603 0.0022410057 5.519001e-07 0.012890115 4.359663e-06 0.0025128347 0.036694422 0.0018127088 2.9256888e-08 0.91997945 0.92695034 0.8720915 0.00010186199 5.9781974e-06 0.009669173 2.1411529e-16 0.23606636 1.4644573e-08 0.0019289195 0.00055748445 0.0046834582 6.0044493e-07 0.019073403 0.7428307 6.5743805e-08 0.87395203 3.6363195e-05 1.0888901e-08 3.570012e-07 0.004846166 0.016119322 0.00030116222 3.8435215e-09 0.00062243093 1.6827084e-08 2.868383e-07 9.588222e-09 5.391228e-06 9.20644e-07 2.193846e-07 0.00011139464 0.25873816 0.13001697 1.1130237e-06 1.2881125e-05 0.0006830345 0.00013426307 7.173293e-07 0.00066947663 1.9769648e-05 8.666938e-05 9.149822e-06 3.557634e-05 0.00026431022 0.44789153 0.39013588 3.19945e-06 8.009319e-07 0.00016326815 0.0015050961 0.18509881 0.00016130478 6.134911e-07 1.932163e-07 2.692631e-07 4.3642385e-06 0.000103937025 0.0006963796 0.16465545 3.5884304e-09 2.850902e-05 0.0014011575 6.0889517e-05 0.055471588 0.00019143162 2.8742934e-06 0.00010327011 1.5817097e-06 4.489887e-07 5.281011e-08 0.030941078 1.2428623e-05 0.000334296 0.33632267 0.00014530639 0.0007691422 6.6254956e-06 0.0006195654
0.8816819 0.004495796 0.042889297 0.43148646 0.6898749 0.52179223 0.0032492874 0.0018585076 0.27554178 0.10642635 0.009564706 4.646085e-06 1.7146527e-05 0.0022918393 0.42717513 3.0539761e-06 0.9442029 0.0012976052 0.81639093 0.0017325963 0.80825156 4.0422069e-07 0.05708799 0.8592046 0.022458335 0.011872344 1.7702901e-05 0.0007724413 0.23606636 1.7686116e-14 3.349728e-08 0.00019331172 0.01105059 0.00095514115 8.584554e-07 0.0023596354 0.61537945 7.4902275e-08 0.26696485 2.4138593e-05 1.958009e-08 1.6539163e-06 7.7144185e-05 0.00014402565 1.0966642e-05 2.2540274e-09 8.794306e-06 4.7972026e-08 4.7855833e-06 1.1370208e-07 6.2582176e-06 2.3509344e-07 6.665769e-07 3.989568e-06 0.0002552603 0.96691555 1.4456425e-06 1.8679951e-07 0.01324746 6.910235e-07 4.5579077e-06 0.41898677 4.3987384e-07 4.826153e-06 8.037496e-08 2.734589e-06 3.724145e-06 0.0014263301 0.0006786902 1.7134087e-07 3.1951734e-07 0.0011797006 2.2841323e-05 0.5937553 2.4984767e-05 7.216001e-08 6.985326e-07 2.888339e-07 8.146627e-07 2.1130866e-06 0.047309034 0.49295714 8.853898e-09 1.675643e-06 0.28459203 0.00047224443 0.0003408211 0.017183378 7.5603384e-07 0.00088927546 5.2819887e-06 2.1543656e-07 1.2954455e-06 0.017007085 1.0099871e-05 3.015877e-05 0.002793455 0.00012132828 0.0013250543 3.6957977e-06 0.00011070721
0.7394197 0.026995063 0.0010446341 0.00019371236 4.2746855e-05 9.929603e-06 0.032341737 0.041705508 4.5131874e-06 5.593646e-07 3.7483116e-07 0.5208297 0.6351769 0.00026856468 9.7307944e-05 0.56941307 2.0732969e-06 0.009901534 1.287744e-05 1.7226406e-06 9.503789e-06 0.9805982 8.5993726e-08 6.0413505e-08 1.3729229e-08 0.00038755147 0.08304485 3.792568e-07 1.4644573e-08 3.349728e-08 2.1993463e-19 0.0011029444 0.0011993912 4.1934504e-06 0.15903091 0.0053001875 3.930882e-08 0.97290677 3.2610664e-08 0.019419186 0.084543705 0.012831122 1.0851049e-07 1.9904446e-08 4.14586e-06 0.1372676 0.0001642359 0.82877487 0.5784097 0.61127347 0.34762892 0.0026477608 0.0058012074 3.125728e-08 1.4488563e-07 6.3515895e-06 0.0920921 4.935474e-08 9.046014e-05 1.2333048e-08 0.0025094722 3.2497397e-07 2.877895e-06 0.00041174793 2.7995874e-08 4.2572765e-07 3.4444252e-08 4.153278e-09 7.509159e-10 1.3778974e-07 0.00061464106 0.0002282313 1.0615037e-06 2.5345156e-07 0.00024606974 4.3941264e-07 0.0008939444 3.7340407e-05 0.0013717602 7.775082e-08 2.4788783e-06 1.9698011e-06 1.4246295e-05 2.7053127e-07 4.532452e-07 9.676505e-06 4.4635517e-06 1.4222652e-06 0.042203665 0.00019057497 0.00045548528 4.92851e-09 0.045834705 2.8650707e-06 1.7854598e-05 4.935893e-06 2.664664e-05 4.083169e-08 2.9867138e-07 4.209817e-07 0.00048433797
