1.4946269e-26 0.9793268 0.72590053 0.7914089 0.9740959 0.90571433 0.9701893 0.960018 0.941273 0.89885426 0.61556184 0.6954122 0.17046063 0.8604691 0.7930851 0.7781206 0.15512505 0.34544384 0.95911497 0.6035142 0.531152 0.95623296 0.3800097 0.40402016 0.78222007 0.5471679 0.50411844 0.05833906 0.9979867 0.9282667 0.93178445 0.42464986 0.6901328 0.94520783 0.07461959 0.19240957 0.98789346 0.11195382 0.9669889 0.080852345 0.98914826 0.25817218 0.5042611 0.9907115 0.1878936 0.9673744 0.9096529 0.77880114 0.84972614 0.23859908 0.98804295 0.006080381 0.10655218 0.98418534 0.63273406 0.011383028 0.98539466 0.038332123 0.71645516 0.018954819 0.015830614 0.01219511 0.5291461 0.55453223 0.06726357 0.962138 0.00010251699 0.0006470107 0.38802883 0.00054958183 0.00078872486 0.0017974464 0.9835344 0.96878606 0.99972445 0.13562511 0.99584794 0.11628075 3.1839918e-05 0.42941844 2.8252354e-05 0.0019864333 0.00042623837 1.0241638e-05 0.010015169 0.99042636 0.14601749 0.9669017 0.42540097 0.00014073293 0.0014128298 0.6688783 0.00020090523 0.022858623 0.9992484 9.01857e-05 2.2324527e-07 0.99281657 0.07073916 0.99998707 9.749423e-06
0.9793268 1.4753438e-19 0.9785128 0.920866 0.5116034 0.43837416 0.1523785 0.66280997 0.1510319 0.07565855 0.036194835 0.04900394 0.041662555 0.029474404 0.018160371 0.06722809 0.017755656 0.020414166 0.15770254 0.004447092 0.016466327 0.016492773 0.008539572 0.0059436406 0.008761688 0.003576422 0.00050359557 0.0064163464 0.4792674 0.031145748 0.01890956 0.005558584 0.0016416498 0.017384952 0.011056261 0.00068211986 0.08857616 0.0073848073 0.0024002884 0.057465322 0.13156632 9.295015e-05 0.0020218247 0.09667294 8.94709e-05 0.003371016 0.029410046 3.189409e-06 0.004444342 0.0003299822 0.029782824 0.0036532946 0.002531587 0.00071755203 0.002077123 0.00045218796 0.0031569144 1.3855893e-05 7.988064e-06 4.06979e-05 0.0012009254 2.6264614e-05 0.0033305353 1.9824456e-05 4.2789206e-06 0.00075765 0.00036526326 0.0009321277 0.00014884517 0.0019125281 0.0006462226 4.616576e-06 0.11638282 0.10024109 0.19073306 3.2681528e-06 0.012844987 9.666424e-06 0.00081586017 2.6956695e-06 0.00013365419 0.0005023551 5.41569e-06 0.00012256275 0.00036915374 0.04649597 6.2090934e-05 0.00016918531 8.000667e-06 0.000267448 0.00012821653 4.21151e-06 0.0002561184 2.7523609e-05 0.04621617 0.00011084486 2.064898e-05 0.0025987295 4.0210565e-05 0.027529374 4.3571126e-05
0.72590053 0.9785128 2.8980973e-19 0.9638777 0.1413651 0.07617999 0.69034564 0.288048 0.03810587 0.05957087 0.3216492 0.15535371 0.33834797 0.009627156 0.052457556 0.036027327 0.13502376 0.02483166 0.07995968 0.0026822232 0.02602781 0.0026901662 0.076716855 0.017357782 0.0033871173 0.012202289 0.0020322916 0.033305723 0.06727401 0.009121939 0.0072510913 0.0037281003 0.0006847867 0.0051196185 0.07199421 0.00034398265 0.011603626 0.004805835 0.00057471707 0.06718377 0.027996588 0.00039679668 0.00065768836 0.018790921 5.374957e-05 0.0011043557 0.007313498 7.25758e-05 0.0016067876 0.00072463346 0.0051640724 0.002383427 0.012105881 0.00012262518 0.0011760336 0.00028821276 0.0014032042 3.7370366e-05 9.283839e-06 5.0844632e-05 0.0006269174 2.7841357e-05 0.0017947265 8.6921355e-05 5.0367663e-07 0.00034095277 0.0006469851 0.0007966713 0.00036382757 0.002910113 0.0036601366 1.8671681e-06 0.0061716503 0.012249446 0.03495212 9.875881e-07 0.0070623755 9.660909e-05 0.002675623 6.6325606e-07 0.00049754005 0.00026818973 8.843553e-07 0.00023342116 0.00085102516 0.0056259516 0.00051799696 2.3836401e-05 6.1609084e-05 0.001018415 0.00047687723 3.764867e-05 0.00093819125 0.00012198576 0.0018207766 0.00028691313 8.074536e-06 0.00020304171 0.00011998637 0.0022563904 8.588715e-05
0.7914089 0.920866 0.9638777 1.1295425e-19 0.6095316 0.40659827 0.48021674 0.20864579 0.5518646 0.018342588 0.40899712 0.054364678 0.67254275 0.07424575 0.029128883 0.6429543 0.5547393 0.3742674 0.014308247 0.017827973 0.004944114 0.009136952 0.040729973 0.0041260584 0.017307268 0.010802477 0.00012684985 0.08929675 0.07388367 0.0016985502 0.0006539171 0.191995 0.006792655 0.0018690565 0.5024588 0.002972265 0.02691715 0.3043592 0.0023716781 0.8241688 0.008294936 5.8429356e-05 0.005687814 0.0055531235 0.0011278205 0.00010233315 0.002702161 6.2032723e-06 0.00013897679 6.157279e-05 0.0015571574 0.15223728 0.06677561 0.00071071944 0.00040759 0.0006428244 0.0002783086 0.00028724247 0.00052455417 0.0003863971 0.0018183646 0.00025217555 0.00011238166 6.464318e-06 4.5093602e-05 0.0027924604 0.0030953083 0.05309947 4.7189642e-05 0.042906735 0.01252329 6.181059e-07 0.012462083 0.0044235988 0.019310262 7.5460734e-06 0.0020001514 1.5963151e-06 0.014871853 7.1679556e-06 0.003656599 0.0019102567 7.443163e-07 0.0017946691 0.00019616277 0.0035357422 1.7801094e-05 0.0021103506 1.2068687e-06 0.00028557496 0.00016569682 1.974596e-07 0.00031704857 2.469524e-07 0.0042456794 6.822581e-05 0.00013604849 0.002774395 1.4885879e-06 0.0010302227 0.00012504542
0.9740959 0.5116034 0.1413651 0.6095316 1.9039512e-17 0.9819871 0.033256512 0.23153001 0.7516391 0.0022489906 0.010537134 0.0024819064 0.01114928 0.42249358 0.0022161545 0.4877806 0.015208161 0.2893602 0.021267053 0.10425443 4.056743e-05 0.15150298 0.0013681544 0.00030001297 0.14880335 0.0014573715 2.4350196e-05 0.0019997396 0.58650386 0.0017550963 0.0007048403 0.21891592 0.06694007 0.0022632016 0.009126015 0.018245129 0.2881549 0.11474063 0.01986466 0.49096382 0.022218168 4.1502096e-07 0.01130775 0.010999444 0.0023775618 0.0001327086 0.0033103623 7.6245385e-08 0.00033320425 1.1893036e-05 0.004225011 0.023319151 0.00048483454 0.0017656947 0.00035621834 0.015388465 0.0006282584 0.0006370231 5.993734e-05 0.00079237926 0.013371101 0.00037244486 0.00038005607 1.8071738e-06 1.0364162e-05 0.0017048527 0.0015229773 0.003785439 6.8503455e-06 0.0009995856 4.5676567e-05 3.746066e-06 0.117251925 0.020233398 0.10608121 1.0832056e-05 0.003460851 6.300959e-08 0.00027419667 4.590052e-06 4.6876157e-05 0.0065197516 3.3704695e-05 0.0003902731 8.506291e-06 0.009554551 8.0013103e-07 0.0010131712 7.277078e-08 2.47565e-05 1.9218682e-05 8.321998e-07 8.045592e-05 3.3929264e-06 0.03118159 7.544908e-06 3.4330573e-05 0.004639556 2.2420058e-06 0.009116342 9.727894e-06
0.90571433 0.43837416 0.07617999 0.40659827 0.9819871 1.5096417e-16 0.015279314 0.007529422 0.84198546 0.00015697541 0.007417519 0.0020234545 0.0065671974 0.74608934 0.0010032906 0.5291671 0.009889507 0.41269696 0.0010225176 0.46423373 2.3781931e-05 0.21870074 0.001688994 8.583229e-05 0.29264566 0.00081562443 2.2499266e-06 0.0016009836 0.34064507 8.274555e-05 1.4057308e-05 0.32715148 0.18311934 9.766198e-05 0.0027288932 0.061163045 0.19697113 0.14940086 0.016199714 0.35349926 0.0015231072 4.0118135e-07 0.021878151 0.00056496385 0.014937418 3.0218496e-06 0.00031498141 8.5103595e-09 2.7867509e-06 1.5978152e-06 0.00028271344 0.01278553 4.147029e-05 0.003916717 7.244583e-06 0.0282653 4.3283704e-05 0.0045675393 0.0038388846 0.006494426 0.033809476 0.002112752 1.269779e-06 1.4692871e-07 8.599386e-05 0.0039309706 0.0014422442 0.0012175838 4.973505e-06 0.00045461886 5.742475e-06 6.3399246e-05 0.081623435 0.0017025835 0.00651794 9.010841e-05 0.00012761341 8.250715e-08 8.297243e-05 6.31109e-05 2.3410366e-05 0.010093272 0.00023304438 0.00014169408 3.2928742e-06 0.0010689497 5.7918174e-07 0.0031953137 4.6683226e-08 1.382627e-05 1.0379554e-05 3.0120784e-08 5.964067e-05 1.2374675e-06 0.019864094 7.866561e-06 1.706916e-05 0.009698494 4.6065378e-07 0.0003536369 1.9620065e-05
0.9701893 0.1523785 0.69034564 0.48021674 0.033256512 0.015279314 8.8233914e-15 0.36240557 0.0069495956 0.39106983 0.89024967 0.8885461 0.69146633 0.0013755744 0.65371096 0.0015791018 0.41538396 0.0012483952 0.053678438 0.00031556265 0.028104018 0.0008334811 0.8612344 0.3167636 0.00046702492 0.676599 0.0035875503 0.32556847 0.03877664 0.0045189564 0.005994072 0.00078286504 3.1559855e-05 0.0018973759 0.26273316 3.7894588e-07 0.0014044465 0.001251994 5.2526902e-05 0.031649318 0.010313818 0.00010011822 0.000119374374 0.01800376 4.6227154e-07 0.0022644657 0.0015756232 3.94178e-06 0.00032407042 0.0006726724 0.0025761095 0.000927246 0.6053026 1.5709094e-05 0.0002424776 1.5097279e-05 0.00054301514 4.9309693e-07 1.7294456e-06 2.0872199e-06 6.086879e-05 4.0676986e-07 0.00018734501 5.7658576e-06 6.5377577e-07 7.4816176e-06 3.326329e-05 0.0003154844 9.656147e-05 0.0014824804 0.024586119 3.1491277e-07 0.0006093829 0.011155263 0.001462408 3.198527e-07 0.0025385895 2.952834e-06 0.002446044 5.472447e-08 0.00056510745 1.05871995e-05 8.022911e-07 3.4697972e-05 0.005877208 0.0020352455 0.0031107985 4.6906206e-07 0.0005099068 0.003420717 0.002726335 6.017384e-08 0.0038642292 7.1476884e-06 0.0003796529 0.0018891371 1.293582e-05 8.996042e-06 5.005135e-07 0.00028678458 0.0011357758
0.960018 0.66280997 0.288048 0.20864579 0.23153001 0.007529422 0.36240557 1.8562588e-18 0.0089898305 0.93495655 0.03955915 0.34433854 0.020645782 0.003658643 0.35303664 0.027578304 0.0065815956 0.00033620646 0.94979966 4.2546224e-05 0.39405268 0.0033296158 0.007931947 0.08713003 0.00059411273 0.022382999 0.0834056 0.0026167487 0.3727798 0.35902178 0.43200457 4.4428496e-05 7.224178e-05 0.112442106 0.0018608504 2.3262248e-06 0.028233672 0.000100079174 0.0002058291 0.0027838107 0.32310402 0.015344501 3.3166678e-05 0.2803663 1.7931617e-06 0.041430887 0.10136272 0.0022846085 0.02991797 0.0074880645 0.124761954 4.851458e-05 0.0030483576 2.4272875e-05 0.005390676 5.6325166e-06 0.040881224 5.6624353e-06 2.1455216e-06 1.4427468e-05 2.1603404e-05 3.1093018e-06 0.004612962 0.0006582741 1.4991002e-06 3.216811e-05 4.9833284e-06 8.405022e-05 0.0007465457 5.7434583e-05 1.8383107e-05 3.2009407e-07 0.040534373 0.13159713 0.10559325 4.2608224e-07 0.04686292 9.652748e-05 4.763442e-05 6.83425e-09 9.560761e-06 1.6520908e-06 3.247029e-07 3.9023886e-05 0.0023372087 0.039780572 0.0026482139 2.748037e-06 0.00072821823 0.00013612324 0.00068463455 1.3052891e-05 5.6198838e-05 8.178763e-05 0.006372225 0.00010637971 6.0557777e-06 0.0012669944 2.6176245e-05 0.027929131 1.44139785e-05
0.941273 0.1510319 0.03810587 0.5518646 0.7516391 0.84198546 0.0069495956 0.0089898305 4.9317392e-15 0.0001046885 0.01162854 0.00056264055 0.010056737 0.8792916 0.00040838218 0.9016656 0.019136881 0.8469624 0.0008639455 0.68922174 7.317031e-06 0.24076198 0.0017387636 8.002921e-05 0.29364324 0.00044262892 2.4300796e-06 0.003081217 0.3188761 0.0002344018 0.00054442417 0.52734023 0.5793624 0.00030764556 0.008401909 0.33282155 0.21627298 0.30383655 0.13640021 0.45334795 0.002007479 8.012868e-08 0.051377952 0.001398189 0.07945881 6.6481705e-05 0.00029638485 1.1956292e-08 0.00014595622 1.3902369e-06 0.00054338854 0.022328697 0.0013624221 0.012669588 0.00010265806 0.22346498 0.0005377049 0.01713914 0.0021772743 0.038020067 0.20312287 0.008582448 9.72501e-06 2.0033306e-07 0.00013977777 0.004511357 0.007772744 0.007653579 3.2632695e-06 0.002612171 0.0005117861 4.6872e-05 0.09714224 0.003992499 0.004519786 5.312114e-05 0.00041290125 1.4641836e-08 0.0011561007 2.4356908e-05 0.00032645641 0.044624787 0.00038515558 0.001142436 1.6912874e-05 0.0015817725 8.281634e-06 0.00062516954 5.964581e-08 0.00010060213 9.262101e-06 8.9416424e-08 0.0016261751 1.6840489e-06 0.016885102 2.9683673e-05 6.0552207e-05 0.0024087087 4.6502914e-06 0.0009493794 3.6925834e-05
0.89885426 0.07565855 0.05957087 0.018342588 0.0022489906 0.00015697541 0.39106983 0.93495655 0.0001046885 2.1794793e-17 0.034133933 0.61378187 0.011565594 9.340761e-05 0.75857407 0.00037113493 0.0063054534 5.324855e-05 0.48433766 4.1053163e-06 0.8678178 1.7741013e-05 0.020302638 0.49892154 6.156741e-06 0.11074801 0.40711132 0.0041431948 0.036256824 0.095377766 0.29313403 1.046649e-05 2.6043215e-06 0.03651513 0.0015448383 1.1063787e-06 0.0004323045 7.709359e-05 2.550824e-06 0.0001835281 0.11352998 0.14255653 3.5366588e-06 0.14377512 3.2756914e-06 0.03094085 0.04046174 0.031052753 0.030867431 0.10881923 0.03588695 0.000170909 0.008758639 7.8038863e-07 0.003623076 9.742819e-07 0.012937024 2.7067904e-06 1.1969777e-06 8.814785e-06 1.8708371e-05 3.3571512e-06 0.0031798212 0.00035491705 1.0640142e-06 2.8747431e-06 6.717822e-06 0.00015709312 0.0053026723 9.9318735e-05 0.0003331693 2.3297159e-07 0.0019038131 0.07969968 0.00673242 2.9471724e-07 0.03050163 0.00040405014 7.570824e-05 2.621285e-08 1.12203825e-05 1.6544275e-06 1.9975997e-07 1.7213868e-05 0.010004387 0.014988409 0.01186932 4.7086652e-07 0.004471415 0.000743926 0.0038776516 1.1606359e-05 0.00025081204 0.00023890693 0.0005179339 0.0010414923 5.4266766e-06 1.3091537e-05 3.0116063e-05 0.004916913 3.654777e-05
0.61556184 0.036194835 0.3216492 0.40899712 0.010537134 0.007417519 0.89024967 0.03955915 0.01162854 0.034133933 7.9292574e-17 0.3472612 0.93515635 0.00070734223 0.14137079 0.00215748 0.7359945 0.0011288393 0.00706818 0.00014612112 0.0041155186 0.00016482259 0.9305872 0.03673985 0.00034455606 0.355424 0.0012526838 0.664917 0.0041095573 0.0007623823 0.0009618322 0.0022004521 5.259901e-06 0.00020153177 0.530178 9.5956544e-08 0.00015087615 0.0028681562 8.042581e-06 0.04011201 0.001400571 1.5681448e-05 7.7881115e-05 0.0016329385 1.14083115e-07 0.00018177072 0.00037134308 1.2998499e-06 0.00023758435 0.00023787067 0.00050624635 0.0014151885 0.587516 3.9292595e-06 0.00023152714 1.9799421e-05 0.00021984322 2.6147103e-07 1.3713147e-06 1.614465e-06 8.563337e-05 6.419229e-07 5.3095566e-05 5.4824873e-06 1.129467e-06 2.837436e-06 2.0139603e-05 0.00053403 5.0203467e-05 0.0030492342 0.093538105 1.6699494e-06 0.00024454514 0.001660571 0.0011849116 7.2666796e-07 0.0011555522 1.3156225e-06 0.0061753476 1.6290863e-07 0.0013183644 0.00011454454 9.2490645e-06 0.00029549527 0.002424612 0.00035526298 0.0018367992 5.846458e-07 0.00013824222 0.0048749307 0.001093548 7.289651e-08 0.008823908 1.5095725e-05 0.00018751984 0.0014410844 1.2557799e-05 2.5652168e-06 5.602938e-06 0.00011043409 0.0057700523
0.6954122 0.04900394 0.15535371 0.054364678 0.0024819064 0.0020234545 0.8885461 0.34433854 0.00056264055 0.61378187 0.3472612 3.3947798e-18 0.16482238 6.9654896e-05 0.95477295 3.8017406e-05 0.03494633 0.00012227042 0.051611796 1.7578242e-05 0.1842287 0.00017453067 0.6065062 0.8249354 0.00013878739 0.88852084 0.08092609 0.09290511 0.010743664 0.008450533 0.015861714 1.8119328e-05 6.132911e-07 0.004117562 0.024939068 1.4933867e-08 0.00054107426 2.7624246e-05 8.458588e-06 0.00046284287 0.010602093 0.0052265567 2.4965471e-05 0.01802984 5.8087245e-08 0.002985945 0.003011302 0.00020181335 0.002351456 0.020437434 0.0062220246 6.9692505e-05 0.25112948 1.96387e-06 0.0017349756 2.6513271e-06 0.002939641 3.234422e-07 4.7314084e-06 1.2919687e-06 1.3759764e-05 6.3520895e-07 0.0009505045 3.3930093e-05 6.901713e-07 2.9145497e-06 1.2874523e-06 3.4496803e-05 0.00029160513 0.00015626369 0.002411701 1.4563384e-05 0.0009210718 0.008655855 0.0027454495 1.7254742e-07 0.0069551677 1.5862408e-05 0.00038831728 1.2557474e-07 2.4594246e-05 8.265096e-06 7.726947e-06 0.000104452854 0.014398605 0.003455161 0.00716265 3.439198e-07 0.001992459 0.0037801217 0.0063129105 2.1125274e-07 0.0028686936 7.439601e-05 0.00084480917 0.0030762067 6.1015508e-06 1.529778e-05 5.338902e-06 0.00091201323 0.00028637
0.17046063 0.041662555 0.33834797 0.67254275 0.01114928 0.0065671974 0.69146633 0.020645782 0.010056737 0.011565594 0.93515635 0.16482238 2.9677305e-18 0.0009980734 0.04407834 0.0033772264 0.9661835 0.0026451852 0.0009619584 0.00013155674 0.0014547948 0.00018845477 0.7082615 0.01308514 0.00012851118 0.073008314 0.0003322187 0.80908567 0.0049983 0.00010518478 0.00014594078 0.0024480126 3.7331092e-06 7.717259e-05 0.4610838 2.2027331e-07 0.00014208852 0.0023119522 7.1027252e-06 0.023299273 0.00019672253 7.573939e-06 4.5721372e-05 0.00047874206 2.63256e-07 3.0254847e-05 9.265136e-05 2.2199088e-06 8.712643e-05 2.4044899e-05 0.00018066708 0.002047408 0.25719866 2.620263e-06 4.3179152e-05 7.424861e-06 9.223164e-05 3.9666287e-07 3.1181244e-06 3.9647284e-06 2.257134e-05 6.903108e-07 1.8612169e-05 3.2216913e-06 6.6927066e-07 7.212789e-06 3.650141e-05 0.0005976163 1.7127211e-05 0.006552148 0.065700166 8.472732e-06 0.00023749034 0.0005988112 0.00013185354 1.9184913e-07 0.00020887653 6.6923116e-07 0.0105280075 3.5034398e-07 0.0024522147 2.2871534e-05 2.5075653e-06 0.0001869816 0.00078798924 0.00025461748 0.00022543385 7.1873643e-07 1.9851246e-05 0.003917903 0.00025918538 1.908442e-07 0.007664791 6.2349372e-06 7.454501e-05 0.00048665065 1.0900462e-05 5.611553e-06 3.8416038e-06 1.940286e-05 0.0052600945
0.8604691 0.029474404 0.009627156 0.07424575 0.42249358 0.74608934 0.0013755744 0.003658643 0.8792916 9.340761e-05 0.00070734223 6.9654896e-05 0.0009980734 6.053561e-17 8.068875e-05 0.4410831 0.0028813924 0.47916287 0.000507554 0.9788058 1.2397916e-05 0.2859199 0.00017281447 3.098174e-05 0.65271616 0.000107150685 2.9622913e-06 0.00050634413 0.35864154 7.286937e-05 9.999717e-06 0.2850205 0.52756083 8.874136e-05 0.00031269746 0.1953021 0.29249135 0.052582026 0.07422788 0.10276007 0.00084801624 5.0218567e-08 0.11468488 0.00016013147 0.08000351 1.2201368e-06 0.00011622493 4.712056e-09 7.432406e-06 5.261172e-07 0.000244603 0.0021217517 8.458576e-05 0.016629515 1.0038165e-05 0.07871875 5.6712255e-05 0.019604655 0.027466321 0.022883616 0.049486842 0.012633651 2.904793e-06 2.0574359e-07 0.00058162 0.009368082 0.00079309667 0.00058487814 3.7057894e-06 0.00020784819 9.377369e-06 0.0004542865 0.09773014 0.0010261745 0.0041498044 0.00018688606 0.00019406997 1.0777983e-08 3.244246e-05 0.00021612483 3.928405e-06 0.009824545 0.00078382954 0.00021796436 0.00019462119 0.0010644603 9.673461e-06 0.0017380012 6.6402504e-07 3.7253863e-05 3.8713668e-05 4.257282e-08 0.00025076707 8.340241e-07 0.017615767 3.0316653e-05 2.470565e-05 0.004634831 1.3386232e-07 0.0005525021 8.977368e-06
0.7930851 0.018160371 0.052457556 0.029128883 0.0022161545 0.0010032906 0.65371096 0.35303664 0.00040838218 0.75857407 0.14137079 0.95477295 0.04407834 8.068875e-05 2.5050451e-18 2.5627902e-05 0.018497659 3.811081e-05 0.13474792 6.3850903e-06 0.4597286 0.0001556542 0.28926167 0.9351515 0.00016342361 0.78742814 0.23312224 0.038494732 0.00527629 0.022268353 0.08325268 2.9103709e-05 6.533763e-07 0.0073102866 0.030897163 2.8748088e-08 0.00015666852 4.494891e-05 5.402283e-06 0.0003145249 0.02884309 0.035832096 3.7343503e-05 0.021184186 4.9417565e-08 0.0042191907 0.0065003014 0.0021386375 0.0061781807 0.11910988 0.005960724 8.174817e-05 0.29977298 2.0935734e-06 0.0052526505 6.9927346e-06 0.0028789053 4.5498015e-07 9.022346e-07 2.1355231e-06 3.0493971e-05 1.1466562e-06 0.0028679562 0.0001868185 2.0621898e-07 1.5838548e-06 2.98118e-06 0.00010503431 0.0024295724 0.00030413797 0.0044698096 5.394551e-06 0.00014109038 0.011964671 0.0024789271 1.9948448e-07 0.016819417 0.00015679348 0.00052920735 1.0934759e-07 4.8878206e-05 1.8723704e-05 5.849595e-06 6.554026e-05 0.01879759 0.0020828266 0.02051017 1.4955296e-07 0.0104642 0.0027727818 0.006113454 5.7599823e-06 0.002870058 0.0004751152 0.00024742022 0.0023014906 1.1165197e-05 3.2439755e-06 4.2352072e-05 0.00054539775 0.0006293513
0.7781206 0.06722809 0.036027327 0.6429543 0.4877806 0.5291671 0.0015791018 0.027578304 0.9016656 0.00037113493 0.00215748 3.8017406e-05 0.0033772264 0.4410831 2.5627902e-05 4.214306e-21 0.004839698 0.97075266 0.00091503764 0.19283172 7.5158373e-06 0.04379873 3.941286e-05 2.7557057e-06 0.051703203 2.0483724e-06 8.146627e-07 0.0018662709 0.05624404 2.1161692e-05 1.4771423e-05 0.7325855 0.093579926 2.6728416e-05 0.01292529 0.035668917 0.027195424 0.6167052 0.01746805 0.7642119 0.0003681635 5.7719225e-09 0.0057645133 0.00034141855 0.0034515003 1.13929e-06 9.905236e-05 6.9135137e-10 5.83255e-06 2.0172915e-07 5.4142623e-05 0.09283585 0.00023495754 0.0009469673 6.9241974e-06 0.081027895 5.355524e-05 0.0004232958 0.00013114087 0.0012515483 0.12129264 0.00021358674 3.3608385e-06 9.248345e-09 1.0128365e-05 0.0008582787 0.0041960594 0.016730828 8.2461486e-07 0.0031449625 0.00013267748 3.7445943e-06 0.011291682 0.0014193832 0.0011381552 8.384459e-06 0.00012418808 6.943811e-08 0.0010315671 3.398947e-06 0.00040820776 0.018113177 4.422728e-05 0.001278245 7.00169e-06 0.00024542757 7.9330044e-07 0.00024755218 1.8285808e-08 1.4072065e-05 2.25511e-06 2.2270589e-08 2.5873996e-05 1.5935225e-06 0.0017338947 3.8979456e-06 7.3362564e-05 0.0007554739 8.106126e-07 9.378696e-05 2.755698e-06
0.15512505 0.017755656 0.13502376 0.5547393 0.015208161 0.009889507 0.41538396 0.0065815956 0.019136881 0.0063054534 0.7359945 0.03494633 0.9661835 0.0028813924 0.018497659 0.004839698 2.1967683e-15 0.0032898204 0.00027880192 0.00039698518 0.00024914942 0.00024421606 0.45087552 0.00249381 0.000446296 0.018598529 8.8889174e-05 0.89806134 0.0019703584 2.929985e-05 2.9523568e-05 0.0038373014 2.3670447e-05 3.9202896e-05 0.94039994 1.2895389e-06 0.00010216933 0.004792208 9.821715e-05 0.03123452 3.68445e-05 4.760148e-06 0.0002444885 0.00036090054 1.4976468e-06 2.091892e-05 1.9144212e-05 7.310659e-07 4.0094077e-05 1.657541e-05 8.866329e-05 0.006488942 0.29239973 2.7115459e-05 1.6296612e-05 2.5594123e-05 6.801642e-05 3.2494465e-06 2.4303705e-05 2.4458375e-05 0.00010308345 6.292588e-06 2.1664775e-06 4.5709885e-06 3.1720927e-05 2.5816369e-05 5.4880402e-05 0.0038647745 2.0289162e-05 0.033748727 0.16848451 4.170946e-05 0.0006561778 0.00012457812 0.00012878761 7.147069e-06 9.068385e-05 8.88756e-07 0.034530964 2.7225672e-06 0.008353472 0.0001434353 3.4908915e-06 0.0012309514 0.000782412 9.916634e-05 0.00048706948 5.5375194e-06 2.495862e-05 0.0024918912 0.00028881532 2.9473128e-07 0.008465864 1.04401515e-05 0.00025450482 0.0003458617 3.0115085e-05 1.0366406e-05 7.720236e-06 4.9371334e-05 0.008586951
0.34544384 0.020414166 0.02483166 0.3742674 0.2893602 0.41269696 0.0012483952 0.00033620646 0.8469624 5.324855e-05 0.0011288393 0.00012227042 0.0026451852 0.47916287 3.811081e-05 0.97075266 0.0032898204 6.8500357e-18 6.8772984e-05 0.34900892 1.58086e-05 0.055193838 4.0743416e-05 1.2381764e-05 0.113395594 2.5602303e-05 4.2763565e-07 0.00045491924 0.054497562 1.2735311e-06 3.1545187e-06 0.8974738 0.55432713 9.063452e-06 0.0015988741 0.39923424 0.042439193 0.5835356 0.030667923 0.57302016 2.2465463e-05 3.3017038e-08 0.025598709 2.2133523e-05 0.20418401 2.8249605e-07 6.5495246e-06 4.2083474e-09 2.268182e-07 8.091208e-08 8.519468e-06 0.061523706 7.523809e-05 0.0057971836 3.7027903e-06 0.6421771 3.7809882e-06 0.043173164 0.011621839 0.07849681 0.5705899 0.03253208 2.6571198e-07 1.359449e-07 0.001331633 0.005340484 0.018690744 0.0076489085 2.4182452e-06 0.0012918991 7.353358e-06 0.00045720476 0.011911856 8.062582e-05 0.00012700055 0.0003056453 2.8859477e-06 3.6814697e-08 0.00022293242 0.0001818753 6.9227746e-05 0.08865607 0.0014133642 0.0014557865 2.8936547e-05 4.7809415e-05 4.7047934e-06 0.0012371129 3.363235e-07 1.1291132e-05 2.5841495e-05 4.680091e-08 9.2995455e-05 2.3895623e-07 0.0021519973 1.9010643e-06 0.00014164286 0.0030615393 5.519417e-07 5.1756383e-06 2.2974928e-06
0.95911497 0.15770254 0.07995968 0.014308247 0.021267053 0.0010225176 0.053678438 0.94979966 0.0008639455 0.48433766 0.00706818 0.051611796 0.0009619584 0.000507554 0.13474792 0.00091503764 0.00027880192 6.8772984e-05 6.099437e-16 2.1269268e-05 0.29245627 0.0017317769 0.00088348164 0.051354732 0.00055031583 0.011524723 0.22035837 0.00014411249 0.193284 0.8710184 0.70367765 0.00010288358 2.7692697e-05 0.49282852 3.242261e-05 5.158128e-07 0.014440031 3.8512273e-05 0.0003211023 0.0007619067 0.7719771 0.024691539 7.401266e-05 0.4909327 8.079354e-07 0.1463861 0.3374737 0.024132231 0.09777838 0.007264453 0.2904694 2.7078608e-05 0.0002211151 0.0002791241 0.012895986 7.4292107e-06 0.15047395 4.4999156e-06 2.4634446e-06 5.4928755e-06 3.6574096e-05 5.4323305e-06 0.012111042 0.0063560894 5.708324e-07 0.0003303963 9.8820865e-06 0.00012720855 0.0016527976 0.00037878312 8.121909e-06 5.595823e-07 0.03384405 0.25900552 0.16176091 8.2858e-07 0.0708831 0.0013018523 8.579023e-05 2.4480426e-07 2.9538718e-05 1.652339e-05 1.8046808e-07 6.6546534e-05 0.0014161544 0.111712985 0.0019228886 9.606867e-05 0.0020564664 5.2698353e-05 0.00042037372 0.0006171668 0.0001976274 0.00025054024 0.0104583185 6.494494e-05 7.366406e-06 0.0045296615 0.00025991013 0.05864535 4.3575823e-05
0.6035142 0.004447092 0.0026822232 0.017827973 0.10425443 0.46423373 0.00031556265 4.2546224e-05 0.68922174 4.1053163e-06 0.00014612112 1.7578242e-05 0.00013155674 0.9788058 6.3850903e-06 0.19283172 0.00039698518 0.34900892 2.1269268e-05 6.823489e-17 8.6607497e-07 0.1946387 5.5581645e-06 1.4030381e-06 0.738092 3.3230392e-06 1.8881246e-07 8.3130675e-05 0.102434665 2.2955433e-06 6.6405033e-07 0.11228991 0.8182594 3.859288e-06 4.1245453e-06 0.54811054 0.1533227 0.014634195 0.10913177 0.012723786 5.7073663e-05 1.5510441e-08 0.16413897 9.20519e-06 0.33728582 3.6611628e-08 3.5043938e-06 1.6398538e-09 2.5242093e-08 7.963259e-08 8.910675e-06 0.00046656214 4.511793e-06 0.018138718 2.4767175e-07 0.11469665 1.80092e-06 0.06550737 0.24273327 0.09295321 0.06485542 0.036730785 1.1026948e-08 3.9273598e-08 0.008718208 0.014019229 0.0008116702 5.335138e-05 1.0272221e-06 2.4515633e-05 1.2263242e-06 0.0015544657 0.06011661 5.3394644e-05 0.00078637886 0.0010066692 6.384615e-08 3.790254e-09 1.8929521e-06 0.0011978348 1.6167116e-06 0.005140021 0.0020653845 6.061316e-05 3.639935e-05 0.00022435718 1.080263e-06 0.0029674051 9.350389e-08 1.0633888e-05 9.383201e-06 7.3383055e-09 7.46629e-05 3.6306398e-07 0.008529699 3.6134707e-06 6.298154e-06 0.0049884976 5.3063538e-08 8.522353e-06 6.7949422e-06
0.531152 0.016466327 0.02602781 0.004944114 4.056743e-05 2.3781931e-05 0.028104018 0.39405268 7.317031e-06 0.8678178 0.0041155186 0.1842287 0.0014547948 1.2397916e-05 0.4597286 7.5158373e-06 0.00024914942 1.58086e-05 0.29245627 8.6607497e-07 4.5992276e-19 3.520063e-06 0.0020037647 0.43716097 1.3172715e-05 0.020711552 0.9913037 0.00041818593 0.0037545338 0.08733769 0.5393424 2.2270358e-06 8.5489665e-07 0.04292505 5.169522e-06 2.2319405e-08 0.00018093418 9.469502e-06 1.3851036e-06 1.1815876e-05 0.03160727 0.21900457 2.7264907e-06 0.057992235 2.9722436e-08 0.078170404 0.050789706 0.1498963 0.14538623 0.12638041 0.026615875 2.9056397e-05 0.0012946798 3.453943e-07 0.04010922 1.7936252e-06 0.040349815 8.92409e-07 1.9363054e-06 4.8579e-06 1.099023e-05 1.0832723e-06 0.020226415 0.0058612586 5.92369e-07 4.938534e-06 1.1283942e-05 3.89065e-05 0.03329086 5.2960037e-05 1.8911469e-05 1.0218278e-06 0.00045894805 0.033547446 0.0069423844 2.8712947e-07 0.043785423 0.0038958294 2.1080737e-05 1.6546034e-07 7.3813358e-06 1.6020174e-06 1.7321531e-07 2.2551887e-05 0.0046062046 0.009519261 0.010888386 7.018044e-07 0.01588786 0.00014842374 0.0020270857 7.9859274e-05 9.2290145e-05 0.00037687772 9.5627634e-05 0.0002852301 2.1249245e-06 5.2396795e-06 6.19253e-05 0.0021358938 6.5638496e-06
0.95623296 0.016492773 0.0026901662 0.009136952 0.15150298 0.21870074 0.0008334811 0.0033296158 0.24076198 1.7741013e-05 0.00016482259 0.00017453067 0.00018845477 0.2859199 0.0001556542 0.04379873 0.00024421606 0.055193838 0.0017317769 0.1946387 3.520063e-06 4.9497333e-17 1.2386498e-05 4.9751106e-05 0.976982 5.1762825e-05 6.741829e-07 4.383734e-05 0.7481388 7.751528e-05 1.28279335e-05 0.084737495 0.28388402 8.932707e-05 7.2017633e-06 0.11739153 0.8173988 0.012744837 0.27196008 0.0073054917 0.004197899 9.0468376e-08 0.19490574 0.0010635583 0.07589473 4.3452264e-06 0.0003809613 1.1925885e-08 1.0488143e-05 2.4913707e-06 0.0006098035 0.00035662248 0.00067048357 0.04750393 1.227269e-05 0.014947215 7.748143e-05 0.02450581 0.01005191 0.022527762 0.019853987 0.012724756 9.282697e-06 3.1876954e-07 0.0007171898 0.016003728 0.0002378319 2.0688145e-05 1.5479256e-05 3.460648e-06 1.0183709e-05 0.0003123428 0.3972399 0.008636403 0.06438695 0.00031706458 0.00012392378 1.6336945e-07 1.5021528e-06 0.00024657056 8.277625e-07 0.0027407787 0.00033787952 2.011512e-06 2.6383535e-05 0.006396484 6.154138e-05 0.0026361416 3.4944624e-06 5.49529e-06 2.4945051e-05 1.084749e-07 1.670425e-05 1.0903473e-06 0.09244925 4.3336263e-06 5.793342e-07 0.0101636825 6.526246e-07 0.0033056538 6.3304724e-06
0.3800097 0.008539572 0.076716855 0.040729973 0.0013681544 0.001688994 0.8612344 0.007931947 0.0017387636 0.020302638 0.9305872 0.6065062 0.7082615 0.00017281447 0.28926167 3.941286e-05 0.45087552 4.0743416e-05 0.00088348164 5.5581645e-06 0.0020037647 1.2386498e-05 6.1372645e-18 0.14126617 2.6025353e-05 0.7583392 0.0006849751 0.9550487 6.199484e-05 6.183371e-05 0.000109505956 0.000105724335 4.2489938e-07 3.5108853e-05 0.20677522 1.444467e-08 7.3455913e-06 0.00022261502 7.0725455e-06 0.0011175931 0.00018025404 4.400421e-05 9.29462e-06 0.00022371428 2.8618972e-08 5.253537e-05 3.1538948e-05 2.0949135e-06 1.7365564e-05 0.00027000977 2.125396e-05 0.0001402954 0.9141991 1.0850061e-06 9.817398e-05 2.1635497e-06 7.434636e-05 2.2837489e-07 3.0580287e-07 2.1345008e-06 6.671563e-05 1.5868672e-07 2.2144186e-05 1.3870925e-05 9.403182e-07 1.2986568e-06 9.0523827e-07 2.016955e-05 7.978033e-05 0.00041270617 0.11376706 8.857299e-06 8.139569e-05 0.00017638046 0.00020538007 9.998187e-07 0.00032962236 5.1204797e-06 0.0051885303 1.3003577e-07 0.0003109827 1.8529125e-05 3.253006e-06 3.9050767e-05 0.011243795 2.7383225e-05 0.0055036014 1.4207178e-07 0.00065941166 0.033750445 0.008317136 1.0050661e-06 0.04437935 2.1109525e-05 1.2082154e-05 0.022937033 5.8212686e-06 8.929982e-07 1.2333033e-05 8.152663e-06 0.027502224
0.40402016 0.0059436406 0.017357782 0.0041260584 0.00030001297 8.583229e-05 0.3167636 0.08713003 8.002921e-05 0.49892154 0.03673985 0.8249354 0.01308514 3.098174e-05 0.9351515 2.7557057e-06 0.00249381 1.2381764e-05 0.051354732 1.4030381e-06 0.43716097 4.9751106e-05 0.14126617 3.6691783e-17 1.6573369e-05 0.9762907 0.16202408 0.008833359 0.0008475533 0.021343222 0.070544615 9.809111e-06 1.0455171e-06 0.010794073 0.0011681165 3.0021273e-08 2.174172e-05 1.5455125e-05 4.701627e-06 1.0387683e-05 0.016032992 0.17387013 3.638843e-06 0.019872643 4.5882743e-08 0.009615865 0.007887324 0.0401759 0.014557416 0.36543843 0.005341933 4.074909e-05 0.049851947 5.196328e-07 0.018143183 3.2061482e-06 0.0062254076 1.6076158e-06 1.4530706e-06 5.0407098e-06 4.1548e-05 7.1887973e-07 0.011710962 0.002264116 3.8865994e-07 1.2839297e-06 1.2057723e-06 1.01672495e-05 0.046847314 0.000116680814 0.0004413976 2.4161982e-06 7.346885e-05 0.013729008 0.005624761 2.8325125e-08 0.026235541 0.0024544632 4.243989e-05 4.329136e-08 6.872246e-06 5.904888e-06 1.0018211e-06 2.928834e-05 0.049982324 0.0035706016 0.071541935 2.8381922e-07 0.038205557 0.003590211 0.016438454 8.691629e-05 0.0020094214 0.0024860273 3.4864814e-05 0.0041100783 7.102191e-06 2.3189552e-06 0.00032231296 0.0008512284 0.000114144335
0.78222007 0.008761688 0.0033871173 0.017307268 0.14880335 0.29264566 0.00046702492 0.00059411273 0.29364324 6.156741e-06 0.00034455606 0.00013878739 0.00012851118 0.65271616 0.00016342361 0.051703203 0.000446296 0.113395594 0.00055031583 0.738092 1.3172715e-05 0.976982 2.6025353e-05 1.6573369e-05 8.154565e-18 7.982775e-05 1.900146e-07 0.00013150042 0.22270285 1.3307771e-05 8.177054e-07 0.09022994 0.68838346 1.0108042e-05 1.9814863e-06 0.43875107 0.39438978 0.0098871775 0.6638071 0.00727648 0.00076165784 6.708871e-08 0.5770786 0.00015050106 0.31277862 8.487247e-08 6.392076e-05 9.7077235e-09 4.873686e-08 4.7128924e-07 0.00012167079 0.00012425442 5.6617253e-05 0.16472922 4.9856666e-08 0.06650949 1.0165805e-05 0.10603425 0.20778824 0.12103021 0.040761884 0.050192483 1.42431755e-08 2.3328917e-08 0.003246509 0.043448735 0.00037973782 1.0529964e-05 2.0901641e-06 3.2341202e-05 7.192566e-06 0.0017852258 0.1354942 0.0013498222 0.01022208 0.0007154976 1.8916754e-07 1.4646138e-08 6.9930747e-06 0.0010442393 4.7853086e-06 0.00300663 0.0014990497 3.8884536e-05 0.000111544 0.0015332812 1.4059401e-05 0.011773072 1.496044e-06 6.014737e-05 2.4173589e-05 3.2949533e-08 0.0003326058 2.0556033e-06 0.034335405 1.989273e-05 1.0778977e-05 0.017025478 8.689893e-08 0.00017289293 3.899264e-05
0.5471679 0.003576422 0.012202289 0.010802477 0.0014573715 0.00081562443 0.676599 0.022382999 0.00044262892 0.11074801 0.355424 0.88852084 0.073008314 0.000107150685 0.78742814 2.0483724e-06 0.018598529 2.5602303e-05 0.011524723 3.3230392e-06 0.020711552 5.1762825e-05 0.7583392 0.9762907 7.982775e-05 3.5186407e-17 0.017764099 0.088150054 0.000621305 0.0014537013 0.005372992 7.655432e-06 3.903326e-07 0.00081095134 0.016532328 2.7328424e-08 4.1018196e-05 5.2095224e-05 1.27887115e-05 2.2730455e-05 0.0019080311 0.0068758167 1.9479156e-05 0.0049877195 1.0912319e-07 0.0047565927 0.00051481085 0.00053811324 0.0010484282 0.02518028 0.00033986074 5.6823887e-05 0.6764039 6.2778093e-07 0.0012124644 3.3632366e-06 0.0015205338 3.2951548e-06 2.501241e-06 2.6332858e-05 2.4901843e-05 3.879277e-06 0.00035495343 7.721308e-05 9.170875e-06 1.6019296e-05 7.5642765e-07 9.015221e-06 0.0017160221 0.00010636734 0.009162105 3.2240425e-06 0.00018927337 0.0023682879 0.0018141702 4.0212963e-06 0.0042972686 6.119316e-05 0.00016938274 3.3546517e-08 1.4140902e-05 5.794102e-06 4.185588e-06 5.135805e-05 0.2010632 0.00023503866 0.16728882 1.5661301e-07 0.057564035 0.012520406 0.064744785 2.0056322e-07 0.014083752 8.299862e-05 8.462731e-05 0.017007798 5.7024668e-06 2.1293365e-06 1.7836848e-05 0.00021115738 0.0014118386
0.50411844 0.00050359557 0.0020322916 0.00012684985 2.4350196e-05 2.2499266e-06 0.0035875503 0.0834056 2.4300796e-06 0.40711132 0.0012526838 0.08092609 0.0003322187 2.9622913e-06 0.23312224 8.146627e-07 8.8889174e-05 4.2763565e-07 0.22035837 1.8881246e-07 0.9913037 6.741829e-07 0.0006849751 0.16202408 1.900146e-07 0.017764099 7.716692e-20 4.5035067e-05 0.0005271534 0.16086005 0.6923466 1.0679153e-07 3.2336666e-07 0.06438415 1.010677e-07 7.1043402e-09 3.0000524e-06 1.0028974e-06 1.4188181e-07 2.6524006e-07 0.04665829 0.6579549 5.326564e-08 0.0859808 1.4644881e-08 0.19316788 0.065020755 0.6280801 0.34821802 0.5304028 0.032748338 3.9477504e-06 0.00011168462 5.6141598e-08 0.23308101 3.2765457e-09 0.08921389 7.77618e-08 3.8087992e-07 7.376001e-08 1.10258604e-07 5.2400136e-08 0.08479519 0.022061402 4.2645315e-08 3.172843e-07 1.4173644e-07 1.3857504e-05 0.23811926 3.704208e-07 1.9182582e-06 2.145192e-08 6.4885266e-05 0.034866694 0.008710721 6.609952e-08 0.06902824 0.03944933 1.1627392e-06 3.21573e-08 2.7594623e-07 9.321578e-08 4.7871094e-09 7.456647e-07 0.0031992567 0.007683464 0.006273636 3.1708602e-08 0.009282042 1.0958551e-05 0.00058110553 0.0003357057 1.2113571e-05 0.0020678255 5.347101e-06 1.0433801e-05 1.2035321e-06 3.4231968e-07 0.00055180705 0.0014045913 1.9828362e-06
0.05833906 0.0064163464 0.033305723 0.08929675 0.0019997396 0.0016009836 0.32556847 0.0026167487 0.003081217 0.0041431948 0.664917 0.09290511 0.80908567 0.00050634413 0.038494732 0.0018662709 0.89806134 0.00045491924 0.00014411249 8.3130675e-05 0.00041818593 4.383734e-05 0.9550487 0.008833359 0.00013150042 0.088150054 4.5035067e-05 2.8174586e-15 0.00010459729 2.629632e-05 2.528422e-05 0.00064167596 1.7308173e-05 5.9245376e-05 0.81667817 7.292485e-07 3.17757e-05 0.0010346051 3.1814394e-05 0.0073159924 2.073306e-05 1.0877647e-05 4.7744667e-05 6.5167806e-05 3.6981849e-06 1.8464156e-05 1.6113958e-05 1.9253546e-06 2.1779799e-05 0.00012646538 1.7345486e-05 0.0033206574 0.93205196 1.5298801e-05 2.4412187e-05 1.5643776e-05 2.1398828e-05 1.4256869e-05 1.5707417e-05 0.00010250897 5.9839964e-05 1.6476513e-05 1.0427116e-05 1.3882345e-05 2.9348956e-05 3.0517389e-05 2.6518948e-05 0.0012780055 7.2417206e-05 0.011940386 0.51571196 5.5352946e-05 0.00020207162 4.232017e-05 6.080306e-05 5.8693095e-06 3.341447e-05 1.9656277e-06 0.041800443 7.8603995e-07 0.0073811114 4.783108e-05 5.7920992e-05 0.0008554831 0.0039983233 2.3655553e-05 0.0028730289 4.2794613e-07 0.00020238866 0.03468935 0.0052353144 3.2979622e-06 0.10259637 6.0145936e-05 1.8366265e-05 0.022316584 8.612477e-05 1.8895362e-06 1.4732271e-05 5.7289367e-06 0.08071582
0.9979867 0.4792674 0.06727401 0.07388367 0.58650386 0.34064507 0.03877664 0.3727798 0.3188761 0.036256824 0.0041095573 0.010743664 0.0049983 0.35864154 0.00527629 0.05624404 0.0019703584 0.054497562 0.193284 0.102434665 0.0037545338 0.7481388 6.199484e-05 0.0008475533 0.22270285 0.000621305 0.0005271534 0.00010459729 5.5315218e-18 0.020804489 0.006682621 0.031277385 0.14108892 0.017497057 5.4651224e-05 0.045846358 0.917204 0.003448368 0.32336822 0.0057408516 0.21584144 4.2208205e-05 0.058833655 0.08116395 0.010048876 0.003998497 0.030026784 2.0506466e-05 0.0032344565 8.825548e-05 0.052751884 0.00026093933 0.00016914819 0.062463906 0.00095773395 0.0013448803 0.007844667 0.0059602405 0.0052884505 0.0066520907 0.0018932675 0.0033533021 0.0020016064 9.012904e-05 6.063004e-05 0.014682102 0.00010882301 0.00029376472 8.036467e-05 0.00010997031 5.839685e-06 3.4850254e-05 0.4700332 0.19606069 0.7448453 0.0001010004 0.011198159 2.0783125e-05 1.30769495e-05 6.0401617e-05 1.6612947e-05 0.00015545718 5.551291e-05 7.473584e-05 6.088557e-05 0.23370859 1.4266551e-05 0.0059455736 2.9478792e-06 1.9020084e-05 1.3839279e-05 0.00012679154 5.0398994e-05 6.5705576e-06 0.13679364 2.856038e-06 1.8790104e-05 0.039756913 9.152911e-06 0.22043692 4.24839e-05
0.9282667 0.031145748 0.009121939 0.0016985502 0.0017550963 8.274555e-05 0.0045189564 0.35902178 0.0002344018 0.095377766 0.0007623823 0.008450533 0.00010518478 7.286937e-05 0.022268353 2.1161692e-05 2.929985e-05 1.2735311e-06 0.8710184 2.2955433e-06 0.08733769 7.751528e-05 6.183371e-05 0.021343222 1.3307771e-05 0.0014537013 0.16086005 2.629632e-05 0.020804489 1.9780456e-16 0.9065075 2.8053767e-06 5.2584815e-06 0.9446455 6.827176e-07 1.0144778e-07 0.00049169105 8.768638e-06 1.579213e-05 2.2801754e-05 0.50454223 0.06786673 1.0525277e-05 0.42765647 1.0905431e-07 0.4133995 0.5652483 0.12800355 0.28447896 0.016785534 0.35981953 1.555756e-05 1.6058959e-05 2.731653e-05 0.014743094 2.0516532e-06 0.30826074 6.4407277e-07 9.3893465e-07 1.7109163e-06 8.766966e-06 9.226427e-07 0.0067492593 0.013235034 4.8378143e-07 2.1289114e-05 2.1101907e-06 2.9533172e-05 0.004433761 0.00016943511 2.0502878e-06 1.8178658e-07 0.0016377186 0.1571994 0.079282574 3.033649e-07 0.024708444 0.002605364 2.372516e-05 3.8905583e-08 1.24765065e-05 1.3219512e-06 2.0566493e-07 2.076163e-05 0.0010529358 0.110755496 0.0014718138 1.8374621e-07 0.002835955 2.4765804e-05 0.0002060414 0.0011671787 6.76508e-05 0.00041425767 0.001182034 2.9769231e-05 4.9796654e-06 3.9662016e-05 0.0004889357 0.033237625 4.6324334e-05
0.93178445 0.01890956 0.0072510913 0.0006539171 0.0007048403 1.4057308e-05 0.005994072 0.43200457 0.00054442417 0.29313403 0.0009618322 0.015861714 0.00014594078 9.999717e-06 0.08325268 1.4771423e-05 2.9523568e-05 3.1545187e-06 0.70367765 6.6405033e-07 0.5393424 1.28279335e-05 0.000109505956 0.070544615 8.177054e-07 0.005372992 0.6923466 2.528422e-05 0.006682621 0.9065075 1.2645126e-17 1.2587799e-05 1.6949683e-06 0.4043662 6.011557e-06 2.294193e-08 3.8916107e-05 4.8050965e-06 7.328612e-07 2.6056296e-05 0.10160063 0.51669747 3.9902474e-07 0.1448577 3.9686928e-08 0.7591051 0.16792771 0.78172636 0.6662004 0.1456683 0.10886089 3.347116e-06 0.00029319822 1.2334555e-06 0.104687 6.029684e-06 0.45518422 7.4859173e-07 3.3340783e-07 1.1031715e-06 1.8371538e-05 7.957539e-07 0.048312813 0.14715788 4.3545623e-07 1.2575111e-06 4.7811536e-06 3.8499602e-05 0.054666165 0.0001516566 9.737145e-07 4.0763624e-07 0.00027094947 0.06223486 0.025018811 1.3272569e-06 0.07616406 0.019862952 2.1937753e-05 1.2396093e-07 2.6476922e-05 6.5261243e-06 5.9829254e-08 2.611715e-05 0.0021750783 0.033891313 0.005550352 7.604743e-08 0.013459549 0.00014059087 0.00089594757 0.006097346 0.00023574173 0.0028931512 0.00016661556 0.00020086099 1.2011706e-05 7.578152e-06 0.0019466146 0.012930401 7.076738e-05
