7.219374e-23 0.9286319 0.9240908 0.96211827 0.96875304 0.96637887 0.88008475 0.92278814 0.8249651 0.91881585 0.92012274 0.9650212 0.8475358 0.8635965 0.9604405 0.9644007 0.91342705 0.8937638 0.96951795 0.865221 0.9516745 0.94969475 0.6856179 0.97527987 0.4732689 0.6169614 0.2945739 0.98626983 0.44071162 0.5817116 0.98658806 0.7550821 0.9723118 0.96041286 0.9732772 0.9669492 0.80564284 0.7344464 0.8512535 0.19913909 0.9470152 0.4351866 0.036414396 0.99741924 0.23158015 0.9689761 0.89327055 0.013532972 0.6085743 0.80297613 0.9626039 0.60105926 0.010534887 0.010769406 0.65221107 0.856498 0.047956288 0.8605813 0.19794987 0.056848384 0.9746606 0.8776304 0.11312262 0.9835873 0.7755364 0.013154382 0.86456263 0.7901679 0.99658996 0.0317637 0.69029826 0.0023002662 0.090812854 0.014453774 0.0041359286 0.41400325 0.019684207 0.036021747 0.99265414 0.5205086 0.037775613 0.0033212134 0.99469227 0.00072248466 0.074099615 0.5006565 2.3900797e-05 0.78739065 0.9841229 0.008146998 0.028557008 0.99998903 0.9918996 4.21336e-05 0.9983415 0.996756 0.0017315268 0.07915686 1.12142e-05 0.026913818 0.0059538553
0.9286319 3.1535477e-17 0.9593843 0.8264463 0.7903178 0.48165038 0.23764056 0.21081199 0.051449217 0.04911705 0.58305633 0.26184297 0.012615115 0.05683363 0.78540707 0.11130439 0.018130971 0.008770178 0.08335825 0.003709009 0.23318169 0.039037086 0.39814928 0.01037285 0.23883852 0.14834543 0.10034554 0.052488975 0.26947075 0.057474013 0.063540876 0.035087083 0.010347498 0.014568103 9.550905e-05 7.385324e-05 0.00019034681 0.019091493 8.009648e-05 0.0072608655 1.2465541e-05 0.002722461 0.04434332 0.010727896 0.0040049506 0.002157947 0.00010803207 0.0066569485 0.0006433589 0.00020818345 0.007834779 1.3460468e-05 0.005485958 0.008810745 1.7883227e-05 1.1556193e-05 0.00057010265 3.894343e-05 0.0019662953 0.0003755828 0.0005220676 3.3136373e-06 0.001042665 9.641718e-05 1.3102977e-05 0.008149302 8.9196394e-05 5.0140666e-06 0.0012316954 3.1108473e-06 5.9079157e-05 0.0027941281 9.849292e-05 0.000121590056 0.0003381161 1.5936266e-05 3.776023e-06 4.5215168e-07 0.00027149785 4.915508e-07 1.5761534e-06 0.00059621985 0.00071458553 0.00018812687 1.6744618e-05 1.1116085e-06 1.0643933e-05 2.6464693e-06 0.0014524825 9.6645934e-05 6.870634e-06 0.0033313008 0.00016695021 1.1527092e-05 0.0011892054 4.530547e-05 3.07174e-07 2.2551025e-05 4.3288305e-06 1.10197576e-08 7.0359243e-07
0.9240908 0.9593843 2.6163157e-19 0.649035 0.80851656 0.6194294 0.1153486 0.49458376 0.13606563 0.043448668 0.5765956 0.52774787 0.03951364 0.018748721 0.5370502 0.27656034 0.07749404 0.027577901 0.2526626 0.0038394523 0.118447214 0.07079693 0.22398531 0.0075950027 0.19931003 0.16235773 0.09982627 0.13514362 0.166415 0.033866625 0.1432536 0.017278828 0.023587067 0.024996284 8.018827e-05 4.379847e-05 0.00031017972 0.029000798 6.4328466e-05 0.0073087816 3.257798e-05 0.002497718 0.014455352 0.013875616 0.00038651575 0.0065915016 3.5189e-05 0.004464825 0.0012406273 0.00023376179 0.025254577 2.134164e-07 0.003763015 0.0040325853 4.0061437e-07 7.988498e-08 0.0001497006 1.05829195e-05 0.007854114 0.0008210057 0.0014404022 3.3880391e-07 0.00030740333 0.0003498 1.455465e-05 0.0017725338 7.839203e-06 8.41937e-06 0.00041394922 8.696153e-06 1.2722486e-05 0.0014837767 3.459112e-05 6.2681065e-05 9.0110305e-05 4.1231553e-05 2.6073994e-05 1.0740885e-07 0.00041696735 1.7053434e-06 4.0688687e-06 0.0004467148 0.0034551395 5.6688576e-05 7.9604695e-07 8.933597e-06 8.655058e-06 3.434308e-07 0.0028088863 8.849517e-05 2.9773928e-06 0.001898843 0.00011132253 2.2484853e-06 0.006050265 0.00025782845 2.3296348e-06 1.0763968e-05 2.4310136e-06 2.9702711e-08 1.5845724e-06
0.96211827 0.8264463 0.649035 2.8426622e-18 0.30462506 0.8728019 0.81506795 0.05425552 0.00876866 0.6303323 0.15644115 0.2581951 0.0010781507 0.50343555 0.5781252 0.0778948 0.0014062197 0.0023071968 0.032398768 8.060406e-05 0.7835234 0.21108577 0.323206 0.20022137 0.09289534 0.012062226 0.007413043 0.017059831 0.21423419 0.3455331 0.08425219 0.3569182 0.009815111 0.031161806 0.0008307488 0.0005602632 8.280271e-05 0.0019106523 1.1110728e-05 0.0011913191 2.9559078e-06 9.353249e-05 0.03038252 0.018713927 0.085851125 0.003832567 0.00051915983 0.005149955 5.781327e-05 2.243607e-05 0.015678557 0.00027844027 0.0029781498 0.011018406 0.0002059811 4.1534408e-05 0.006248155 0.0002887721 0.0003369865 5.5075285e-05 0.00090911845 9.3095405e-06 0.025819197 3.3501998e-05 2.737308e-06 0.048104078 0.00022183532 2.5690645e-07 0.003442559 6.529941e-06 0.00021686709 0.0020383962 0.00058504153 0.0054331655 0.0016493432 1.7290398e-06 2.0949985e-05 2.7360447e-06 0.0003008605 2.2313819e-07 2.5694774e-06 4.844523e-05 0.0015768835 0.00023234158 2.9333845e-05 1.3694693e-06 4.763783e-05 1.0005537e-05 0.0014973343 8.508222e-06 4.0358438e-05 0.0057353443 0.000867341 1.7649127e-05 0.002464172 3.115415e-05 1.8655821e-06 0.00040143324 8.565251e-06 1.3581397e-08 1.2566845e-05
0.96875304 0.7903178 0.80851656 0.30462506 8.5823125e-16 0.3221048 0.015908487 0.7750583 0.5181483 0.010764298 0.94531447 0.40046778 0.21363686 0.0010271516 0.5014086 0.27450174 0.29316336 0.077904314 0.36126056 0.02683567 0.035485476 0.016439294 0.11929724 0.0005646945 0.26446953 0.69667214 0.4047205 0.26923472 0.089345716 0.01176295 0.16932407 0.003820634 0.02765707 0.023749648 3.4720513e-05 2.8370316e-05 0.0014868507 0.27290106 0.0006715619 0.095094666 0.00020646548 0.041314766 0.012873346 0.010503913 0.00012693432 0.008748859 1.5239548e-05 0.007607591 0.004613659 0.0010053759 0.010602099 1.34843186e-08 0.0071839225 0.0037621732 2.1063984e-08 1.531466e-08 5.2175717e-05 5.1203087e-06 0.03930131 0.015927494 0.002882507 7.615252e-08 0.00021439184 0.00086430606 8.199521e-05 0.001232569 2.182803e-06 2.6890131e-05 0.00014304092 0.00016286226 3.971436e-07 0.0040263426 0.0001187305 4.61414e-05 0.00010372018 6.657783e-05 4.0794817e-05 2.4034716e-09 0.00068609446 1.6667324e-06 1.8181763e-05 0.010006706 0.0024220261 0.00021075078 1.6562373e-07 8.114987e-06 7.0073576e-05 3.3979018e-07 0.0013327604 0.0016204186 2.0189516e-06 0.001005128 9.192504e-06 1.7862041e-05 0.0039869575 0.00044692215 3.0544336e-06 3.6469553e-06 7.611408e-05 1.8612742e-08 2.567311e-05
0.96637887 0.48165038 0.6194294 0.8728019 0.3221048 8.7443097e-16 0.45970717 0.17298372 0.02426815 0.15496972 0.04594713 0.85293835 0.0070304656 0.42459714 0.07187148 0.46176782 0.008990096 0.022410601 0.13423027 0.0014711184 0.13728756 0.84026575 0.03915955 0.49693027 0.010786202 0.0201496 0.008516552 0.060456123 0.02141469 0.025947697 0.45485666 0.04502586 0.026313858 0.28103623 0.0049933405 0.0038629358 0.00016166268 0.002334441 1.4142387e-05 0.00086228026 3.6332207e-05 0.00014510074 0.0014091153 0.11048762 0.010315014 0.007941181 0.0029078545 0.00036089282 4.3595523e-05 9.1849986e-05 0.049905945 0.0025738627 0.00046146705 0.00036752838 0.0030166395 0.0014073635 0.001657556 0.0022176798 9.454012e-05 1.041984e-05 0.0023533888 0.00040711707 0.0016280784 0.00020173562 1.4791145e-05 0.0012112659 0.0031081503 5.275369e-06 0.013960365 7.883542e-06 0.00079415774 0.0002769707 0.0003760048 0.000106227024 0.0001125244 3.7902104e-05 1.5883018e-06 2.6077962e-06 0.00077554845 2.9230062e-06 1.3709721e-06 1.8633657e-05 0.011625426 4.0687697e-05 0.00010045027 3.94442e-06 5.0057865e-06 9.3472474e-05 0.017777309 2.8708937e-06 1.3267007e-05 0.027499586 0.0034421205 4.357177e-06 0.017529946 0.00039950185 2.9439246e-07 0.0007770617 9.2463875e-07 2.6072922e-09 3.7217872e-06
0.88008475 0.23764056 0.1153486 0.81506795 0.015908487 0.45970717 2.8107945e-21 0.0031104768 0.0010528951 0.9742236 0.01174851 0.061006732 2.7664399e-05 0.8028736 0.08656942 0.014418654 0.00015483561 0.000250714 0.005621594 1.0969539e-05 0.5625384 0.100890696 0.039942734 0.31455866 0.00627348 0.0013251314 0.0040365425 0.0015523161 0.014106692 0.0671137 0.06442695 0.2673565 0.0015648226 0.05172149 0.0015377124 0.0015577812 9.537862e-07 1.8649462e-05 2.7098173e-08 1.3097355e-05 2.2245592e-07 4.953933e-07 0.0031345526 0.03658289 0.17362283 0.00043755327 0.0003693858 0.00039751193 2.9158772e-07 4.713535e-07 0.009991812 0.009610295 0.00014086129 0.00040059205 0.0020334926 0.0003812077 0.027000848 0.00013803881 4.834911e-06 8.533836e-06 0.000108575354 3.1444106e-05 0.02315927 2.5662814e-06 3.4805845e-07 0.008128915 0.00018278853 8.955212e-08 0.0038503425 7.483759e-08 0.001851366 0.00029081723 0.012312327 0.0038448568 0.0016035024 6.2934015e-07 4.74665e-07 1.7424389e-05 2.7987882e-05 5.8780703e-08 2.2373399e-07 3.5593206e-05 0.0010316818 0.0004679467 1.9865469e-05 4.545618e-08 2.3905173e-05 1.7942018e-06 0.0020963026 9.765535e-07 0.00045927928 0.007674025 0.00054669264 1.6868837e-05 0.0027237427 1.9030941e-06 9.612911e-08 0.00033892578 3.6770662e-06 1.4199801e-08 1.9637248e-07
0.92278814 0.21081199 0.49458376 0.05425552 0.7750583 0.17298372 0.0031104768 2.7303761e-17 0.86869174 0.0016915482 0.2863619 0.38957053 0.7712577 0.00016983759 0.023361882 0.47782472 0.9108647 0.7381237 0.70533687 0.34935805 0.008091557 0.015871536 0.0070137633 0.00021465514 0.026680682 0.3145995 0.10013252 0.43865964 0.004168326 0.0006912051 0.1570367 0.00013400978 0.069239594 0.016758438 2.0466612e-05 2.4085039e-05 0.031819493 0.37629429 0.033788197 0.09759371 0.0036145223 0.12367058 0.00034218558 0.011011414 4.902533e-06 0.03809517 2.3846133e-05 0.0005909474 0.032610502 0.009141677 0.0277159 1.5280055e-08 0.00073286763 6.0435552e-05 1.004918e-07 5.941577e-08 8.791439e-06 5.437498e-06 0.067093424 0.008355176 0.011717706 2.7986226e-07 2.169915e-05 0.0013972857 8.827787e-05 8.1253444e-07 2.1557623e-06 5.146272e-05 0.00032270356 0.00043831108 3.9666916e-06 0.0001063924 2.9274961e-05 7.0175397e-06 5.1503844e-06 0.00035975353 0.00012574966 3.588063e-08 0.0020664425 3.5951427e-06 2.5996924e-05 0.000256465 0.007758303 5.8125815e-06 4.985313e-07 5.4435146e-05 1.1747601e-06 8.9460144e-07 0.0055848965 4.2790005e-05 7.537518e-07 0.0011615722 1.4689621e-05 1.0372326e-06 0.009974706 0.0010918103 1.7029106e-06 4.912694e-06 1.4762882e-06 2.5847642e-08 2.2352328e-05
0.8249651 0.051449217 0.13606563 0.00876866 0.5181483 0.02426815 0.0010528951 0.86869174 4.5051115e-19 0.00021327045 0.33181804 0.057616547 0.978026 0.00037360546 0.012867222 0.092999235 0.8084364 0.14633328 0.22346395 0.12827629 0.0015213744 0.0030611379 0.0058410945 5.7280657e-05 0.023277944 0.7481443 0.4766677 0.1343983 0.004598528 0.0010063034 0.03825232 0.00010550254 0.018283414 0.0038200582 5.0069516e-06 7.208209e-06 0.042719603 0.6492013 0.02892248 0.24886052 0.004571076 0.27331173 0.0007582381 0.0013758197 5.156508e-06 0.01067074 1.4487804e-05 0.0005444286 0.04736541 0.011891516 0.010826926 4.010591e-08 0.0006556424 9.811474e-05 4.160678e-08 2.1168901e-08 2.6979608e-06 3.2703726e-06 0.2273501 0.041366167 0.005810645 4.3035648e-08 3.7829395e-06 0.0011833621 0.000327261 2.967804e-05 2.3438145e-06 0.00036930534 0.00016391826 0.0008053104 1.0002903e-05 0.0001270124 5.980575e-06 8.74342e-06 8.950355e-06 0.0024993466 0.00018073617 7.363982e-08 0.0013283852 8.070155e-06 0.00032168743 0.002853874 0.00327263 3.9145994e-05 7.5652224e-07 0.0002052248 1.21291305e-05 1.1408969e-06 0.0011154034 0.0036539843 5.378608e-07 0.00074890343 4.6963837e-06 2.8361753e-06 0.001432823 0.0006651824 1.2891067e-05 2.5619606e-06 6.9656717e-06 7.685325e-07 2.5631227e-05
0.91881585 0.04911705 0.043448668 0.6303323 0.010764298 0.15496972 0.9742236 0.0016915482 0.00021327045 9.983861e-19 0.0037069118 0.031546712 2.3556364e-05 0.71307826 0.08989193 0.009736375 0.0002650665 0.00011454585 0.0067786938 3.581979e-05 0.88361317 0.0204314 0.05660899 0.10601951 0.009673554 0.0006599511 0.0010892529 0.003554021 0.0385165 0.35952395 0.03393724 0.6783939 0.0009563967 0.020588268 0.0008351484 0.00090564677 9.069397e-07 2.3428793e-05 2.954428e-08 6.57555e-05 1.07997394e-07 1.3903895e-06 0.004178395 0.017229225 0.3754991 8.1378224e-05 0.00048741262 0.0009781275 4.911914e-07 8.566015e-07 0.0015761844 0.00876331 0.00058132334 0.0010875528 0.0022160455 0.00066355505 0.073257126 0.00031364275 2.8929912e-06 3.7549253e-06 9.879664e-06 3.5708465e-05 0.11096875 4.137227e-06 3.063192e-07 0.019584917 0.00037499476 1.8588334e-08 0.0051017655 4.264371e-07 0.0021945757 0.0007230471 0.023324715 0.017241826 0.004323977 1.6423903e-06 2.3628124e-06 8.733236e-06 1.2262839e-05 1.4686525e-07 1.2043363e-07 0.00013194775 2.0478796e-05 0.00023694398 0.00010521067 1.6478785e-08 3.0431653e-05 1.10485025e-05 0.00034949172 2.1522046e-06 0.00030072624 0.007989524 0.00091063697 2.1740952e-05 0.00038433183 1.0354341e-07 2.6475988e-07 0.0007545811 5.03372e-06 5.000721e-09 3.5585364e-07
0.92012274 0.58305633 0.5765956 0.15644115 0.94531447 0.04594713 0.01174851 0.2863619 0.33181804 0.0037069118 3.7454877e-17 0.06611882 0.18502186 0.00064804783 0.3994575 0.039915383 0.057696246 0.020479733 0.06653184 0.004590901 0.0059742285 0.0047219223 0.10258387 0.0003235652 0.98103154 0.7097639 0.7753588 0.040234074 0.06188313 0.0042981417 0.03768727 0.0005834085 0.0020447064 0.0043217284 7.3312244e-06 5.1154475e-06 0.00064311875 0.0772541 0.000117523414 0.028166471 9.788156e-05 0.0146366805 0.0139344605 0.0011995787 6.0280134e-05 0.0007388206 1.065292e-05 0.008887392 0.00011577424 0.00019515163 0.0008513044 2.3099176e-07 0.0072256806 0.0031553523 5.8818415e-07 5.694549e-08 1.6203938e-05 8.893577e-06 0.02434003 0.0204346 0.00039687482 5.992702e-08 6.066428e-05 0.00038738313 3.2602446e-05 0.0006743334 1.9667948e-05 6.17874e-06 0.00018390357 1.6062282e-05 2.9715534e-07 0.0014922102 2.9783003e-05 2.5380203e-05 6.38429e-05 2.287701e-05 3.9684437e-06 1.1349543e-08 0.000110666246 5.552858e-07 1.7116e-06 0.054700203 0.00040067077 0.00018952011 8.478035e-06 2.4337544e-07 9.5493655e-05 9.021946e-06 0.00027847904 0.008633287 2.0223779e-06 0.00068577647 1.7277664e-05 4.852962e-05 0.00011280075 9.250948e-05 1.5215238e-07 0.00021107764 0.00023200769 6.0938774e-09 2.6411115e-06
0.9650212 0.26184297 0.52774787 0.2581951 0.40046778 0.85293835 0.061006732 0.38957053 0.057616547 0.031546712 0.06611882 1.6027565e-16 0.048431717 0.02969376 0.0471467 0.9553119 0.0779507 0.10904652 0.34583536 0.025493614 0.045766354 0.66329217 0.01478076 0.13813394 0.008210265 0.03566556 0.011985559 0.24159528 0.0066953925 0.0018908909 0.68984973 0.00444501 0.15636331 0.19500646 0.0013489556 0.001264058 0.0023499965 0.010460868 0.0007159447 0.0023559097 0.00028931844 0.0017683194 0.00021568443 0.10780466 0.00034467963 0.048629742 0.0005974043 1.8406454e-05 0.0003549079 0.0009498942 0.17223403 8.095922e-05 3.37216e-05 1.1684244e-05 0.00010123136 8.2205835e-05 6.446284e-05 0.00036309432 0.0005899896 9.4948755e-06 0.009956055 0.000110085726 6.4437634e-05 0.00079009513 6.2201936e-05 7.980275e-06 0.000594023 1.9913381e-05 0.00844076 2.3102108e-05 0.00022010374 3.1776246e-05 2.6896927e-05 1.7029586e-05 1.5074247e-05 0.00014570699 1.6078973e-05 2.0548978e-06 0.0029757253 1.9589468e-06 7.0322653e-06 5.8627284e-05 0.032952078 1.7912893e-05 0.00011934796 5.6495788e-05 1.2105383e-05 3.3691067e-05 0.039461005 3.2540287e-05 2.1994145e-05 0.024124477 0.0012867595 4.0176315e-06 0.04536677 0.0010135128 1.3581132e-05 0.00018081705 4.8662e-06 6.6349614e-08 3.4134922e-05
0.8475358 0.012615115 0.03951364 0.0010781507 0.21363686 0.0070304656 2.7664399e-05 0.7712577 0.978026 2.3556364e-05 0.18502186 0.048431717 9.216043e-18 2.7084222e-06 0.002677798 0.05015563 0.83311534 0.13007405 0.2677858 0.2272323 0.00020180315 0.00038660644 0.0014117962 2.124967e-06 0.011541882 0.7145028 0.49454546 0.17058213 0.0019149753 0.0001541083 0.029944817 1.5263053e-05 0.013628113 0.00055902015 1.6378239e-07 9.199685e-08 0.19681786 0.7050175 0.08489966 0.40200472 0.032322787 0.5647752 0.0004833459 0.00014179912 8.490806e-07 0.0120653035 3.5265495e-07 0.00027483024 0.23013142 0.051038556 0.007457626 3.4440883e-09 0.00023845963 9.1738366e-05 2.6090883e-09 1.696536e-09 4.419607e-07 7.9370714e-08 0.3508977 0.07334765 0.007439722 2.4008142e-09 9.2185286e-07 0.0019307846 0.0020132663 1.1265126e-05 2.7942635e-08 0.0014507348 2.858924e-06 0.003133834 9.1757784e-07 6.846861e-05 1.4949521e-05 2.379519e-06 8.773012e-06 0.0020801795 0.0014694 5.4654368e-08 0.0029753423 4.013218e-05 0.00085044216 0.0015760657 0.0023295616 1.5490627e-05 9.775021e-09 0.0003787512 1.8261115e-06 2.606145e-08 0.00059047504 0.0033382033 3.2363076e-07 0.00010002344 1.5984638e-07 2.2188738e-06 0.0018148251 0.0010121495 5.6692574e-05 3.003983e-08 3.5495564e-06 1.4620223e-06 9.946308e-05
0.8635965 0.05683363 0.018748721 0.50343555 0.0010271516 0.42459714 0.8028736 0.00016983759 0.00037360546 0.71307826 0.00064804783 0.02969376 2.7084222e-06 9.870374e-18 0.0051524946 0.0051431297 5.816757e-06 4.6036967e-05 0.00195409 5.0957937e-07 0.1835403 0.30450344 0.004896242 0.9386783 0.00074709515 0.0001138685 0.00049080537 0.0004390227 0.0021836737 0.017153572 0.050161093 0.23851486 0.00086852204 0.14149459 0.18436816 0.12805101 2.2034577e-07 2.6222956e-06 3.909987e-09 2.319788e-05 1.4172657e-07 2.3638661e-07 0.0012738629 0.075178295 0.33065894 0.00017394578 0.07810541 9.7817814e-05 9.878071e-08 1.1058258e-06 0.0113859335 0.42434588 4.2786087e-05 0.0004905933 0.2606874 0.09277674 0.062591664 0.060669158 4.079382e-06 1.21617595e-05 8.7461005e-05 0.0052407566 0.0391993 2.2353e-06 4.7978733e-07 0.00083262706 0.029255616 2.9421017e-08 0.032365404 2.3531022e-06 0.26396853 4.245515e-05 0.08139325 0.001502375 0.0007015058 3.4053326e-06 1.8542337e-06 0.0016710807 1.2632355e-05 9.712567e-07 1.0868615e-07 2.6896273e-06 0.0011070152 8.5292675e-05 0.0037965728 8.322518e-08 1.010758e-05 0.0010273001 0.0027114204 1.4082797e-06 0.004789172 0.014854157 0.015451515 1.3824663e-05 0.00307214 1.7204433e-05 3.2809157e-06 0.018975845 3.3748547e-06 4.632627e-09 4.4927974e-06
0.9604405 0.78540707 0.5370502 0.5781252 0.5014086 0.07187148 0.08656942 0.023361882 0.012867222 0.08989193 0.3994575 0.0471467 0.002677798 0.0051524946 4.149688e-18 0.012083952 0.0037962792 0.0016952523 0.018100373 2.9270495e-05 0.14055295 0.0057129213 0.95634437 0.0029511042 0.90474164 0.00864389 0.023453431 0.007968461 0.810069 0.26514852 0.015637007 0.013998448 0.000355478 0.0043902104 5.714351e-06 2.4953656e-06 1.7772044e-06 0.0007493944 2.6374538e-08 0.0007330591 4.9236996e-07 0.00020422538 0.19301547 0.0007363702 0.00029709717 6.1564395e-05 3.0589576e-06 0.03248773 3.4450278e-07 1.1034945e-06 0.00039199024 4.5651326e-08 0.03417555 0.05508853 1.1295903e-07 5.9523746e-08 0.00022184549 6.698569e-07 0.0026736818 0.0008907731 2.5070023e-05 8.12598e-07 0.000726456 1.0203676e-05 1.0157756e-06 0.027250431 2.090457e-06 1.3001151e-08 7.345981e-05 4.741649e-06 4.7475937e-06 0.025597792 8.7895474e-05 0.0009468929 0.0009458116 1.7194515e-06 7.53437e-07 2.0875444e-08 5.677278e-06 8.0982454e-07 1.2521897e-07 0.0013826857 4.211821e-05 0.0006092894 4.4295552e-06 2.6765275e-07 9.969251e-05 1.3995875e-06 0.00014537097 0.000428935 4.475602e-06 0.00056842074 4.899803e-06 0.00013054229 9.293463e-05 4.928983e-06 9.113815e-07 1.6467968e-05 0.000114599396 1.2732092e-08 2.9144494e-06
0.9644007 0.11130439 0.27656034 0.0778948 0.27450174 0.46176782 0.014418654 0.47782472 0.092999235 0.009736375 0.039915383 0.9553119 0.05015563 0.0051431297 0.012083952 1.818655e-18 0.07415723 0.3461446 0.8532806 0.09188745 0.015507818 0.31623724 0.0043088016 0.021135388 0.0040371623 0.033368498 0.012649704 0.42822942 0.0017372174 0.0008146757 0.672271 0.0010745359 0.5851898 0.052151985 0.0005001378 0.00044495266 0.0052658515 0.012496179 0.0035444235 0.0022339034 0.0012492706 0.0015019631 6.2760075e-05 0.05045106 3.9556813e-05 0.19349739 0.00016379106 5.6867666e-06 0.0023364467 0.0015265739 0.4043195 7.78856e-06 1.3487812e-05 3.9887655e-06 2.0772128e-05 1.8577764e-05 2.3748431e-05 0.00010320827 0.0025266593 1.8323088e-05 0.029305581 5.2153533e-05 2.3878518e-05 0.0032336484 0.0002765339 7.4789286e-06 9.322028e-05 0.00031030548 0.0013596659 7.8717356e-05 3.4997203e-05 3.7869086e-05 2.3771136e-05 3.403487e-05 3.0703635e-05 0.0009933233 0.00022884484 8.265895e-07 0.00686276 7.881482e-06 4.4025113e-05 0.00010286907 0.06621184 8.611355e-06 2.576688e-05 0.00051638385 1.2057178e-05 3.890414e-06 0.068350434 6.630903e-05 9.509338e-06 0.010980091 0.00025111888 1.1120724e-05 0.06136217 0.0013162626 1.2894116e-05 3.0825835e-05 1.3239744e-05 1.0993081e-07 5.970799e-05
0.91342705 0.018130971 0.07749404 0.0014062197 0.29316336 0.008990096 0.00015483561 0.9108647 0.8084364 0.0002650665 0.057696246 0.0779507 0.83311534 5.816757e-06 0.0037962792 0.07415723 1.1134803e-15 0.8814511 0.5316749 0.87589216 0.00043601997 0.0011470934 0.0008641297 1.26986315e-05 0.005369803 0.22543827 0.073163815 0.50046015 0.00066115876 0.00013931995 0.03996518 2.2683658e-05 0.041417263 0.0016089672 2.6579398e-06 1.2130674e-06 0.53341365 0.4894765 0.44627455 0.19759142 0.21316619 0.3686767 4.4348875e-05 0.0012124361 6.897808e-06 0.04460281 6.380111e-06 7.2556635e-05 0.19764662 0.15037666 0.018000187 5.704855e-08 0.00020758632 4.2165477e-05 1.0284312e-07 4.3149154e-08 9.116794e-06 8.195666e-07 0.1607453 0.019823281 0.02318434 6.437167e-07 9.14669e-06 0.009751814 0.015099152 3.9514e-06 4.0403182e-07 0.008666134 5.7844434e-05 0.006110134 1.2574805e-05 0.00018317226 8.973811e-05 1.3853488e-05 4.1920695e-05 0.006082205 0.007991024 3.716816e-07 0.012059604 9.4100724e-05 0.008577501 0.0003516676 0.007874533 0.0001877401 1.0486871e-07 0.0017868611 0.0001012864 2.0772265e-07 0.002383446 0.00025192893 2.2722857e-06 0.00028891477 4.4298318e-07 1.5120824e-05 0.007049745 0.002955973 7.4633e-05 3.8590616e-07 6.905337e-06 3.3415156e-06 0.00035651706
0.8937638 0.008770178 0.027577901 0.0023071968 0.077904314 0.022410601 0.000250714 0.7381237 0.14633328 0.00011454585 0.020479733 0.10904652 0.13007405 4.6036967e-05 0.0016952523 0.3461446 0.8814511 2.427363e-17 0.6591563 0.9747423 0.00042108737 0.011596569 0.0004137363 3.60787e-05 0.0018531192 0.06927192 0.02103237 0.55037713 0.00019427015 0.00011582315 0.15316175 3.881999e-05 0.20317611 0.0027824915 3.2053413e-06 3.3507347e-06 0.07097137 0.13238223 0.0690036 0.030024614 0.06878745 0.058513872 1.4488205e-05 0.0020063662 1.4130474e-06 0.22510229 6.6316843e-06 9.5194555e-06 0.055300463 0.023506545 0.10335655 1.9206396e-08 1.8744304e-05 3.2900055e-06 4.1128004e-08 5.619581e-08 3.3486042e-06 2.4756066e-06 0.020105697 0.00068501465 0.10275526 4.9113095e-07 2.8615427e-06 0.0153525295 0.0026974892 6.328058e-06 4.932246e-06 0.0022352885 8.9677036e-05 0.0011671359 9.940239e-07 9.12443e-06 3.23207e-05 3.1510357e-05 3.7234968e-05 0.004301617 0.0007046242 1.3128588e-08 0.013060662 1.16102e-05 0.0013788159 2.2762757e-05 0.02821199 2.7956632e-06 1.2557368e-07 0.001349987 2.9336068e-06 1.1085665e-07 0.016410574 2.270212e-05 8.850277e-07 0.0006188379 3.830117e-06 3.7170485e-06 0.017558211 0.0024840934 2.6797383e-05 1.1663396e-06 2.263358e-06 5.578283e-07 0.00011048161
0.96951795 0.08335825 0.2526626 0.032398768 0.36126056 0.13423027 0.005621594 0.70533687 0.22346395 0.0067786938 0.06653184 0.34583536 0.2677858 0.00195409 0.018100373 0.8532806 0.5316749 0.6591563 3.6036374e-16 0.45369324 0.014582593 0.055609804 0.0054146526 0.0031770917 0.004670321 0.0593084 0.019192474 0.9042235 0.0018377367 0.0008662878 0.31165305 0.00051338115 0.63679093 0.017544663 0.00014533673 0.00010598782 0.033107016 0.030854873 0.04058968 0.0068571595 0.02562322 0.017174859 0.00012274194 0.0136364475 4.290499e-05 0.28911844 0.000102296275 3.2612857e-05 0.022390803 0.013900071 0.19001727 1.3386262e-06 0.000114754585 2.7598493e-05 4.8550196e-06 3.4265659e-06 2.8577397e-05 6.579904e-05 0.0064688823 0.00022858594 0.06153481 2.3718667e-05 6.8123794e-05 0.008919186 0.0021181984 8.370801e-05 3.789065e-05 0.0023439098 0.00046819667 0.00090659433 2.754488e-05 5.2889878e-05 3.520542e-05 6.868947e-05 8.71743e-05 0.002056993 0.0011638443 9.920635e-07 0.0155048175 0.00012946787 0.000579497 0.00018714805 0.054589253 0.00010750996 7.673354e-06 0.0008121011 6.4902044e-05 1.8293431e-06 0.050785117 7.668062e-05 1.0254715e-05 0.004676092 2.5507574e-05 1.907918e-05 0.057745017 0.002725742 6.600009e-05 1.1116122e-05 1.1460447e-05 2.0965463e-06 0.00034129017
0.865221 0.003709009 0.0038394523 8.060406e-05 0.02683567 0.0014711184 1.0969539e-05 0.34935805 0.12827629 3.581979e-05 0.004590901 0.025493614 0.2272323 5.0957937e-07 2.9270495e-05 0.09188745 0.87589216 0.9747423 0.45369324 4.9099936e-18 2.8681261e-05 0.0008993805 2.1109385e-05 4.0478852e-07 0.00045201072 0.030363437 0.021612072 0.65182245 5.824965e-05 1.6147986e-05 0.01969011 1.694472e-06 0.19107804 9.3796174e-05 3.3151437e-07 2.0061526e-07 0.29907498 0.100231834 0.24578172 0.02492246 0.41104522 0.05711139 1.2432833e-05 6.617505e-05 8.2085023e-07 0.4497271 7.5318843e-07 4.99854e-06 0.062308125 0.0624136 0.046838716 3.367285e-09 9.759899e-06 1.2353956e-06 5.4372356e-09 3.156557e-09 7.506714e-07 2.2689369e-07 0.0092469 0.0003066704 0.23877478 2.5558887e-08 5.418206e-06 0.09958546 0.08245859 4.208404e-07 2.2061198e-07 0.038081214 6.433306e-07 0.002642661 5.4304786e-07 8.889641e-06 5.413944e-06 7.3184615e-06 1.2828923e-05 0.060439967 0.007082569 9.461363e-09 0.056204733 0.00012876403 0.008368781 6.114597e-05 0.037926733 6.38597e-05 9.278593e-09 0.015949586 4.1722487e-06 1.9426754e-08 0.013000578 2.0668464e-05 2.3171335e-06 0.00015712011 1.4000601e-08 1.1636461e-05 0.008227721 0.0052357935 0.0002864642 2.1332818e-08 2.4874228e-06 1.1787839e-05 0.00047272726
0.9516745 0.23318169 0.118447214 0.7835234 0.035485476 0.13728756 0.5625384 0.008091557 0.0015213744 0.88361317 0.0059742285 0.045766354 0.00020180315 0.1835403 0.14055295 0.015507818 0.00043601997 0.00042108737 0.014582593 2.8681261e-05 2.7233778e-15 0.017895503 0.16239114 0.05354701 0.02133003 0.00018730374 0.0003725374 0.0053215483 0.15093216 0.96986175 0.029967267 0.76250064 0.00023431733 0.032421913 0.00082042697 0.00072693627 8.67335e-08 7.393707e-06 5.681949e-09 1.43039215e-05 9.5936e-07 3.16022e-07 0.012687114 0.008886188 0.13745655 5.7643483e-05 0.00038593618 0.0025146974 3.086285e-08 2.987235e-07 0.00064303377 0.00015697647 0.0011475574 0.0049713952 0.00016794412 0.00011582006 0.03942983 0.00036876526 1.0225302e-05 8.753373e-06 0.00010157098 1.3395502e-05 0.08779958 4.744464e-05 1.369105e-06 0.047239266 0.0004969051 1.116047e-07 0.002929841 2.0969762e-06 6.338867e-05 0.003967036 0.0020763245 0.036039554 0.010382396 1.9696413e-06 5.430531e-07 5.8717984e-07 1.1522585e-05 4.3148108e-07 4.0537378e-07 0.000116384756 5.2465773e-05 0.0010465118 3.1679723e-05 2.5870822e-08 4.377905e-05 2.4047238e-05 0.00034398874 7.6620967e-07 6.233103e-05 0.0037025418 0.00018582595 0.00051925273 0.00023644221 1.0097696e-05 7.2994567e-07 0.00043293514 2.0482858e-05 6.6012795e-09 1.5346028e-05
0.94969475 0.039037086 0.07079693 0.21108577 0.016439294 0.84026575 0.100890696 0.015871536 0.0030611379 0.0204314 0.0047219223 0.66329217 0.00038660644 0.30450344 0.0057129213 0.31623724 0.0011470934 0.011596569 0.055609804 0.0008993805 0.017895503 2.4441516e-18 0.0028886038 0.8517659 0.00023570689 0.0015492002 0.00039118715 0.023338346 0.0006385528 0.0004001953 0.87032175 0.007169382 0.05419062 0.82417107 0.089629196 0.07690916 2.113253e-05 0.00014432389 1.9825543e-06 9.789519e-05 1.2913979e-05 3.2183394e-05 3.438503e-05 0.4803613 0.0070252917 0.018643884 0.033426873 8.414987e-06 2.4304204e-06 5.740049e-06 0.21163101 0.020849448 1.4511117e-05 7.2797798e-06 0.021349091 0.0055741696 0.001019465 0.018522363 2.7287604e-05 6.3849197e-06 0.008161357 0.0029904563 0.00033641653 8.942594e-05 1.1860482e-05 0.00012796183 0.012074329 2.6475245e-06 0.07528828 5.9055156e-07 0.005696046 0.0027861118 0.0016223986 5.5516513e-05 9.265503e-06 4.972109e-05 9.31165e-07 0.00016184441 0.0010511223 1.9439811e-07 7.4342914e-08 1.6892807e-05 0.03716177 0.00018577118 0.0013132516 1.2394593e-05 4.3154865e-05 0.0016201497 0.09589117 1.9557754e-06 0.00025593527 0.10481494 0.021917345 3.1879994e-05 0.069199584 0.00028880898 1.6057932e-07 0.0026417137 1.826264e-05 5.8882117e-09 1.2255111e-05
0.6856179 0.39814928 0.22398531 0.323206 0.11929724 0.03915955 0.039942734 0.0070137633 0.0058410945 0.05660899 0.10258387 0.01478076 0.0014117962 0.004896242 0.95634437 0.0043088016 0.0008641297 0.0004137363 0.0054146526 2.1109385e-05 0.16239114 0.0028886038 2.3653052e-18 0.0013850931 0.8182821 0.0025901415 0.0072778985 0.0014852379 0.9813912 0.44668877 0.0058134496 0.01871979 4.330848e-05 0.0020142382 1.3125078e-05 6.7247697e-06 1.0373077e-06 8.497555e-05 7.559733e-09 9.316936e-05 8.432246e-07 1.9692272e-05 0.32577536 0.0002623997 0.00045695718 1.2594115e-05 1.4230218e-05 0.06213647 1.8350717e-07 4.0614268e-07 4.196934e-05 1.4899534e-07 0.051290207 0.09470008 4.3850886e-07 3.2598555e-07 0.00028645463 5.562942e-06 0.00037459302 0.0001726071 1.3178457e-05 1.0564481e-06 0.0007934908 7.988003e-06 1.3442667e-06 0.055700686 6.314139e-06 5.4370418e-08 0.0001342116 5.1393545e-06 4.741567e-06 0.023127532 8.79676e-05 0.0006485415 0.003064168 2.0680286e-06 4.1923448e-07 2.2377804e-08 3.9902493e-06 3.3811867e-07 3.5546495e-07 0.0020374819 3.4596134e-05 0.0019686902 6.25937e-06 1.810202e-07 0.00045989334 2.653166e-06 0.00021572762 5.1390038e-05 5.635515e-06 0.0007090851 1.0152803e-05 0.00077125983 0.00012844894 4.166948e-06 5.7638914e-07 1.8955781e-05 0.00032781292 1.0303547e-08 2.4685573e-06
0.97527987 0.01037285 0.0075950027 0.20022137 0.0005646945 0.49693027 0.31455866 0.00021465514 5.7280657e-05 0.10601951 0.0003235652 0.13813394 2.124967e-06 0.9386783 0.0029511042 0.021135388 1.26986315e-05 3.60787e-05 0.0031770917 4.0478852e-07 0.05354701 0.8517659 0.0013850931 3.3804391e-16 3.4424076e-05 1.6364984e-05 1.0560739e-05 0.0019737897 0.00032326663 0.003114735 0.36550087 0.046100784 0.0038450146 0.76762116 0.58417416 0.45653343 6.753926e-07 7.213064e-06 8.564359e-08 6.2549125e-06 7.175112e-07 4.663648e-07 7.763232e-05 0.4592725 0.07824514 0.0007459213 0.15869235 5.161304e-06 4.496374e-07 2.5813945e-06 0.08573645 0.24562316 3.201498e-06 1.3836903e-05 0.20427118 0.14466837 0.009001811 0.12305493 5.363674e-06 1.350942e-06 8.9887064e-05 0.032577284 0.0015489468 4.4774124e-06 3.863495e-07 0.00020546293 0.04535752 5.463686e-08 0.13032998 3.623416e-06 0.22133566 4.8121794e-05 0.021069307 0.0002646482 3.608149e-05 5.004032e-07 6.5795524e-07 0.006358342 5.699067e-05 8.150536e-07 1.8142012e-07 8.015795e-06 0.0072125103 2.1370235e-05 0.00033342457 5.7993255e-08 4.6196374e-06 0.00042423094 0.017495366 2.5182273e-06 0.0029864747 0.06653985 0.028397774 2.7198294e-06 0.017905798 1.1473996e-05 3.6483033e-07 0.0028699413 1.1122512e-06 3.9336193e-08 3.7759648e-06
0.4732689 0.23883852 0.19931003 0.09289534 0.26446953 0.010786202 0.00627348 0.026680682 0.023277944 0.009673554 0.98103154 0.008210265 0.011541882 0.00074709515 0.90474164 0.0040371623 0.005369803 0.0018531192 0.004670321 0.00045201072 0.02133003 0.00023570689 0.8182821 3.4424076e-05 1.3575313e-15 0.20921722 0.27631512 0.0015382323 0.7344484 0.07927052 0.0010017891 0.004672782 0.0001426256 3.3868487e-06 3.401841e-07 1.353958e-07 0.00071474124 0.011662631 1.7729106e-05 0.007067108 5.9125883e-05 0.0017875946 0.77094746 1.0764123e-05 0.00037039735 2.5940431e-05 7.247153e-06 0.47472715 4.6311034e-05 6.629064e-05 1.7245022e-05 3.4934774e-07 0.54542446 0.23544769 2.5921835e-07 2.4529854e-07 0.00011538491 4.1797557e-06 0.0049305535 0.0077608232 4.3374635e-06 1.0084966e-06 0.00028159376 7.2897594e-05 2.3376744e-05 0.021565806 2.120669e-06 2.5529487e-06 1.4961807e-06 4.21095e-05 8.72195e-06 0.118024595 0.00015810794 0.0001014638 0.00012317627 1.0842775e-05 7.2261932e-06 2.1898314e-08 6.2682884e-06 8.585103e-07 8.8088063e-07 0.33463496 2.9919022e-07 0.0011610584 1.4832497e-06 2.7600322e-06 0.002336351 6.5273202e-06 2.899442e-05 0.04813497 7.8393185e-07 4.0632713e-05 4.1564718e-07 0.00012621366 4.564755e-06 4.6966143e-05 4.9317873e-07 1.2546785e-05 0.004472061 1.0949382e-08 1.6995634e-06
0.6169614 0.14834543 0.16235773 0.012062226 0.69667214 0.0201496 0.0013251314 0.3145995 0.7481443 0.0006599511 0.7097639 0.03566556 0.7145028 0.0001138685 0.00864389 0.033368498 0.22543827 0.06927192 0.0593084 0.030363437 0.00018730374 0.0015492002 0.0025901415 1.6364984e-05 0.20921722 4.499032e-19 0.99444515 0.029608704 0.0010864274 0.00014057076 0.012948219 1.1730651e-06 0.0044885087 0.00033941696 2.74031e-07 2.0678459e-07 0.007212242 0.2536267 0.0012388822 0.083848596 0.001517015 0.031505857 0.0008720445 0.00021272199 1.3990325e-06 0.002338743 3.9797163e-07 0.00089115545 0.002413953 0.0012011918 0.0012977096 1.5258648e-08 0.00056703226 8.369627e-05 2.3177058e-08 6.5954393e-09 9.2762934e-07 4.8677987e-07 0.041643903 0.02370547 0.0011246395 5.387766e-09 4.592672e-07 0.002427995 0.00017560371 9.795934e-07 5.4142777e-07 8.3192455e-05 3.474844e-05 0.0005085781 1.8979276e-07 2.1745804e-05 2.4456867e-06 1.200017e-06 3.910987e-07 0.0004169586 5.2042487e-05 2.6145133e-09 0.00030379562 1.1289807e-07 3.8593175e-06 0.011655081 0.000764087 1.3243317e-05 2.181519e-06 7.266691e-06 8.455651e-06 4.3854707e-06 0.00045733195 0.011235658 3.550587e-07 0.00044744756 7.5505945e-06 1.2069527e-06 0.00019588236 0.0007588646 7.4148664e-07 1.6373382e-05 2.7295517e-05 8.063119e-09 8.937909e-06
0.2945739 0.10034554 0.09982627 0.007413043 0.4047205 0.008516552 0.0040365425 0.10013252 0.4766677 0.0010892529 0.7753588 0.011985559 0.49454546 0.00049080537 0.023453431 0.012649704 0.073163815 0.02103237 0.019192474 0.021612072 0.0003725374 0.00039118715 0.0072778985 1.0560739e-05 0.27631512 0.99444515 8.6008875e-18 0.009829995 0.0023369158 0.00039501628 0.003027681 9.7078855e-06 0.0019374617 2.0796131e-05 1.8158916e-06 1.3741371e-06 0.017560173 0.61989015 0.005488326 0.5078826 0.0027941798 0.3044066 0.0019020863 0.0001511074 4.378799e-07 0.0009965944 1.3968913e-06 0.0011102007 0.013877276 0.002911165 0.00020611903 7.954557e-09 0.0016824334 0.00026406936 2.1918947e-09 6.6339917e-10 3.6400698e-07 1.2650142e-06 0.3906086 0.32108015 0.00042502445 1.1239546e-08 1.7532484e-07 0.00079967035 0.00073148747 1.0998116e-05 7.0818083e-07 0.0009057543 4.8964635e-06 0.0019470575 2.4977867e-08 0.0001674351 4.39412e-06 9.785131e-07 6.099756e-07 0.0003679529 8.7039894e-05 3.1055216e-09 9.406509e-05 2.1259044e-07 4.8460593e-06 0.16339158 4.391106e-05 5.1272746e-05 1.7038284e-06 1.1966223e-05 0.00010585962 5.6733707e-06 0.00029437637 0.14338575 7.012074e-08 8.7716864e-05 1.7832551e-06 2.995241e-06 1.9157178e-05 0.00028660736 9.586448e-07 1.1814626e-05 0.00015639057 5.945859e-09 6.6001126e-06
0.98626983 0.052488975 0.13514362 0.017059831 0.26923472 0.060456123 0.0015523161 0.43865964 0.1343983 0.003554021 0.040234074 0.24159528 0.17058213 0.0004390227 0.007968461 0.42822942 0.50046015 0.55037713 0.9042235 0.65182245 0.0053215483 0.023338346 0.0014852379 0.0019737897 0.0015382323 0.029608704 0.009829995 7.390381e-15 0.0006597385 0.00041140293 0.24001737 0.00014607068 0.90265167 0.008030843 0.00013157054 7.47114e-05 0.059212692 0.030659419 0.06417767 0.005229551 0.097440496 0.014459619 3.7168196e-05 0.00800942 3.800954e-05 0.67259467 0.00012362385 2.7534848e-05 0.029512426 0.023373272 0.3592951 7.8943026e-07 0.00011230602 2.7213016e-05 9.294921e-06 4.6822565e-06 5.0965762e-05 7.995598e-05 0.0065680086 0.00031293975 0.24482922 9.239842e-06 7.3429124e-05 0.032842375 0.008446022 0.0002307506 8.9230176e-05 0.01270381 0.0001331457 0.0014990488 5.904651e-06 4.3551725e-05 0.00012672771 3.4548e-05 9.336289e-05 0.0032783432 0.0021087152 4.0404066e-07 0.03376879 0.00038354337 0.0023013228 0.00042597688 0.12926705 0.00029095705 2.369808e-06 0.001614922 0.00011136459 8.708722e-07 0.120750204 5.0733375e-05 1.9663974e-05 0.0025726543 8.5659326e-07 3.0766623e-05 0.107900865 0.004756366 6.250992e-05 6.1307674e-06 6.942414e-06 3.55419e-06 0.00039038513
0.44071162 0.26947075 0.166415 0.21423419 0.089345716 0.02141469 0.014106692 0.004168326 0.004598528 0.0385165 0.06188313 0.0066953925 0.0019149753 0.0021836737 0.810069 0.0017372174 0.00066115876 0.00019427015 0.0018377367 5.824965e-05 0.15093216 0.0006385528 0.9813912 0.00032326663 0.7344484 0.0010864274 0.0023369158 0.0006597385 1.3424331e-14 0.5709284 0.0007593757 0.023300515 3.9041268e-05 7.135637e-05 2.3763148e-06 1.5771789e-06 5.946458e-06 0.00027190903 1.0227738e-07 0.0003103765 4.740911e-06 5.189287e-05 0.8511986 0.0003158137 0.00039397093 1.4769169e-05 1.592952e-05 0.3779638 1.8181806e-06 3.8046112e-06 1.7579532e-05 3.324997e-07 0.33802062 0.54652077 5.1710475e-07 4.2961125e-07 0.00032917506 6.863829e-06 0.00051296735 0.0002575611 2.5079562e-05 1.5154453e-06 0.0010569027 3.8323327e-05 1.0687549e-05 0.3100704 4.4290186e-06 3.4813414e-07 2.1376984e-05 2.7460317e-05 5.5900064e-06 0.23740679 0.000115521114 0.00144189 0.005717712 4.2588867e-06 4.1062265e-07 4.473711e-08 3.7476523e-06 2.398669e-06 4.4057705e-07 0.0049388176 8.969554e-06 0.007087738 6.377172e-06 4.240262e-07 0.0028448375 4.6939836e-06 6.771915e-05 0.00034009689 1.1245322e-05 0.00016572431 2.0410912e-06 0.00297632 6.693696e-05 6.3015964e-06 3.982676e-06 1.309155e-05 0.0023459685 1.6211642e-08 1.29980335e-05
0.5817116 0.057474013 0.033866625 0.3455331 0.01176295 0.025947697 0.0671137 0.0006912051 0.0010063034 0.35952395 0.0042981417 0.0018908909 0.0001541083 0.017153572 0.26514852 0.0008146757 0.00013931995 0.00011582315 0.0008662878 1.6147986e-05 0.96986175 0.0004001953 0.44668877 0.003114735 0.07927052 0.00014057076 0.00039501628 0.00041140293 0.5709284 8.176444e-15 0.00050355255 0.8961197 6.803161e-05 0.00014663134 2.5329136e-05 9.128373e-06 7.653658e-06 0.000100472695 5.6244275e-08 0.00039635965 5.4435172e-06 4.810828e-06 0.59330624 0.00037741777 0.507096 4.0511524e-05 0.000107580425 0.072984695 4.8235074e-06 2.105548e-05 2.0923668e-05 5.511601e-05 0.04918448 0.41328302 2.919308e-05 2.4179306e-05 0.34201694 4.9606562e-05 0.0002807585 0.0001125435 6.249927e-06 1.851494e-05 0.49690753 0.00020827263 1.348479e-05 0.87198955 2.910021e-05 4.584366e-07 5.3575775e-05 0.00014191748 4.8381928e-05 0.22854616 0.016839063 0.466761 0.59487104 2.3276227e-06 0.000110873305 5.0694007e-07 5.09497e-06 4.1282658e-07 7.0632436e-06 7.331668e-05 4.27694e-07 0.053338677 1.0026417e-05 1.8829962e-07 0.0019064832 2.2569186e-05 2.1532998e-05 1.8302245e-06 2.207749e-05 0.00016874864 1.0309367e-06 0.048075806 7.982276e-06 2.0058094e-06 6.862455e-06 4.0025694e-05 0.0006470884 1.8952127e-09 8.123175e-05
0.98658806 0.063540876 0.1432536 0.08425219 0.16932407 0.45485666 0.06442695 0.1570367 0.03825232 0.03393724 0.03768727 0.68984973 0.029944817 0.050161093 0.015637007 0.672271 0.03996518 0.15316175 0.31165305 0.01969011 0.029967267 0.87032175 0.0058134496 0.36550087 0.0010017891 0.012948219 0.003027681 0.24001737 0.0007593757 0.00050355255 5.920212e-18 0.004801851 0.4645586 0.5298425 0.0201211 0.017078565 0.0035977138 0.0014276229 0.0021670933 0.00022702779 0.0031262953 0.00013972513 6.870625e-05 0.4958334 0.0011619694 0.10729078 0.006408763 1.829585e-05 0.00058386166 0.000707039 0.88769436 0.0032579708 2.9491432e-05 2.3028068e-05 0.005556199 0.00280332 0.0003030242 0.006132358 0.00014268246 8.138296e-05 0.020005539 0.0017360605 0.0006239491 0.0020475984 0.0005256378 0.0008308503 0.006209887 0.00019339191 0.0071278973 5.0898536e-05 0.0033989248 0.005659739 0.0015360195 0.00010598135 0.0001308257 0.00029672676 2.6205571e-05 0.000136325 0.004894746 4.1344716e-05 3.4858265e-05 0.0046047485 0.1278583 0.0009044678 0.00027273726 0.00013776684 8.1414015e-05 0.0005023793 0.42418712 6.8328816e-05 0.0004199979 0.04967809 0.0029908896 3.4672103e-05 0.27358484 0.00084765715 1.2797056e-05 0.0005872126 1.0870792e-05 4.200529e-07 5.1237846e-05
