1.5575043e-30 0.91976833 0.7802022 0.89230496 0.64019144 0.670167 0.6270014 0.919454 0.61012214 0.86814606 0.47338313 0.25420308 0.85903025 0.96364075 0.88558817 0.45800394 0.855349 0.76861876 0.23216385 0.2797588 0.060454886 0.051859908 0.35758862 0.6562179 0.8915694 0.535986 0.32908309 0.026170244 0.18219054 0.55737585 0.07350537 0.019300237 0.12398218 0.010617494 0.72520196 0.56052 0.53163576 0.81172717 0.035907675 0.016734889 0.0017810323 0.00037782203 0.05084428 0.5579781 0.0030575653 0.03718798 0.64744294 0.0076572513 0.3096825 0.0012356295 0.01141229 0.00012984214 6.0088605e-05 0.982656 0.0056571304 0.5138193 0.33589035 0.00027485617 0.9857916 0.95861685 0.0066839214 0.5013459 0.8182716 0.0018874923 0.9897421 0.054091357 0.99953365 0.00511309 0.00012910856 0.99466366 0.9828504 0.6621704 0.9991993 1.7124354e-05 0.032293387 0.998535 0.040751483 0.016947558 8.7785345e-08 0.9947254 0.05202876 0.0004949629 0.0005333656 3.1363205e-09 9.455031e-07 0.01800193 0.94269544 1.2034075e-05 6.453578e-09 0.9823108 0.009536513 0.004045279 1.8617688e-07 1.187533e-09 0.01953183 2.5601176e-07 0.94740015 0.017080456 0.007857508 0.88605064 7.1398404e-08
0.91976833 6.4608295e-21 0.79897076 0.65243655 0.9338339 0.8032496 0.7198796 0.4579535 0.33566293 0.19800064 0.042790063 0.21810324 0.003392542 0.16904199 0.28642264 0.063571304 0.03874267 0.03604114 0.19612479 0.44187316 0.084560014 0.07108231 0.021884969 0.009253022 0.027812092 0.010314187 0.037239004 0.19227289 0.008344495 0.2359033 0.06127477 0.042832613 0.018944789 0.13591585 0.025410473 0.0017028045 0.007162985 0.008745943 0.023871655 0.033333 0.040241107 0.021889912 0.0020567027 0.0029327986 0.049206756 0.0013253066 0.0017883092 0.18111555 0.0022545438 0.05578253 0.001314383 0.014487654 0.012308118 0.0016611484 0.00953945 7.911796e-05 6.646637e-05 0.0011059662 0.13413243 0.07075591 0.00027790255 0.0013517546 0.0031349713 6.438941e-05 0.019718701 0.00023386122 0.017298408 0.0639027 0.019579923 0.09477312 0.0007403589 0.0029571657 0.0017037229 6.679234e-05 0.0013679841 0.013244904 0.003321926 0.015600901 0.00041224397 0.006667518 0.005836223 1.4530609e-06 0.0044994056 3.4837896e-05 0.000114155555 1.5631385e-05 4.3464384e-05 0.0012813751 1.7367436e-05 0.0034517671 0.0015756337 0.0002554305 0.0006610857 0.0013009768 1.7626982e-06 0.00039657875 0.011547728 0.0005563068 6.8608555e-05 3.166435e-05 0.00026507053
0.7802022 0.79897076 1.6564766e-21 0.963681 0.23522267 0.2817497 0.54606277 0.517588 0.30910668 0.40630022 0.32641876 0.46814966 0.07372757 0.65102756 0.070489444 0.040886898 0.13942266 0.10500405 0.18759392 0.25866058 0.09296329 0.09236901 0.010882219 0.03651626 0.058162037 0.010763738 0.046506703 0.05018711 0.011623124 0.11196603 0.05587513 0.053335372 0.0127803115 0.022840846 0.0358594 0.0051891957 0.09735232 0.16497897 0.010516156 0.022879243 0.014904674 0.0061252923 0.0014148222 0.019197857 0.007176421 0.0024465632 0.0011804659 0.015689222 0.0054778936 0.0018044446 0.0014059254 0.0006852822 0.0006241878 0.010495232 0.0044144164 0.00012971529 0.00042781455 0.00072694453 0.21954969 0.10749582 0.001965312 0.0001380005 0.003784163 6.934411e-05 0.0682254 0.0008721734 0.0917309 0.0039396253 0.005411158 0.23321128 0.0054651303 0.0005912834 0.031777773 6.271683e-05 0.00044914224 0.12211617 0.00048820555 0.0036751365 0.00012157209 0.0046429737 0.00069524813 2.3089024e-05 0.0002499624 4.1409432e-05 1.0580608e-05 6.844674e-05 0.0030591928 0.00038556522 1.278487e-05 0.0019514743 0.00038352745 0.00017699602 6.4918626e-05 9.359102e-05 1.8042061e-05 0.0002037334 0.0040228786 2.2939865e-05 2.4436924e-05 0.0011604744 0.00024111297
0.89230496 0.65243655 0.963681 5.819243e-21 0.13514958 0.47547323 0.29260385 0.77729833 0.119594656 0.14711821 0.49952075 0.20347098 0.10325498 0.41411126 0.20157373 0.104960084 0.046776988 0.29962468 0.08550103 0.27160382 0.03445005 0.037865024 0.034105703 0.09737271 0.008947339 0.041102313 0.11925331 0.058281608 0.022557491 0.10708498 0.0074617495 0.013133149 0.025868628 0.030950788 0.015094423 0.032779004 0.15475664 0.080003195 0.020877503 0.015603616 0.014686737 0.005013008 0.0024177358 0.0051878225 0.0053482 0.00018297951 0.013587461 0.014867806 0.0006233657 0.0024380337 0.0001664007 0.0006651577 0.00040138228 0.0040584207 0.0023582685 0.0011852529 9.242984e-05 5.823687e-05 0.2605264 0.22305924 0.00019987613 0.0024884657 0.025856558 1.4708602e-05 0.13666515 7.5103024e-05 0.19293974 0.009650739 0.004735507 0.2990221 0.0013331639 0.0059188087 0.014908739 3.77042e-06 0.0040535643 0.061084483 0.0020729008 0.002746531 0.0003189607 0.022673575 0.0016124719 5.67069e-07 0.00030651604 3.655809e-05 3.8191197e-06 4.7959704e-05 0.00031096136 0.00010588941 2.8936643e-06 0.0144269755 0.00016192083 0.00018240942 0.00010089326 0.00058400055 2.9314043e-07 0.0001841389 0.015701024 0.0017705857 4.5589702e-05 7.001981e-05 0.0001517518
0.64019144 0.9338339 0.23522267 0.13514958 3.5647338e-19 0.5662104 0.8068921 0.16255511 0.73375744 0.103428066 0.012584589 0.081806846 0.00078817824 0.03465116 0.28845692 0.050126553 0.025803758 0.010838817 0.32080123 0.8753878 0.48504332 0.13141927 0.032967128 0.0024144836 0.013743798 0.0052103847 0.011052397 0.688194 0.004222771 0.47156465 0.049215004 0.06526784 0.033571012 0.6034284 0.008216343 0.00073184265 0.0019843155 0.0006827762 0.057102572 0.16320868 0.21183303 0.31081757 0.003820581 0.0006187226 0.39313155 0.0015967378 0.0008116322 0.32002303 0.0006200555 0.18052354 0.0018182197 0.090382084 0.080505684 0.0002829864 0.040582992 0.00020321859 2.0641715e-05 0.0016351233 0.009639236 0.018796597 0.00010406478 0.002396889 0.002111434 0.00027023154 0.0035400183 0.00021515456 0.002509574 0.17632219 0.014358721 0.00841754 0.00012463443 0.0033377577 0.00041848936 0.00023943197 0.0033173007 0.0027251223 0.005408176 0.022529436 0.00052595726 0.004011388 0.013587144 6.5975005e-06 0.016027786 0.0003199026 0.00025682696 6.162072e-05 1.1942316e-05 0.0034100742 0.001437393 0.0027125664 0.006298364 0.00034537274 0.0026888822 0.0019321478 3.373323e-06 0.0020652397 0.004083723 0.00023446331 0.00013615077 1.782287e-05 0.001346721
0.670167 0.8032496 0.2817497 0.47547323 0.5662104 8.543029e-21 0.17343411 0.82330525 0.18386081 0.0479465 0.09037937 0.07303442 0.0025200846 0.033259623 0.9183315 0.49328658 0.0047216653 0.035911188 0.039938 0.7250264 0.0520125 0.010451933 0.22701451 0.010466112 0.00084641244 0.031077825 0.03192335 0.40418136 0.03154256 0.6636666 0.0062347357 0.0026331265 0.14412199 0.23117241 0.0038569812 0.0044760187 0.0073709427 0.004113866 0.15636036 0.008440244 0.021242775 0.018484522 0.03212131 0.00027179992 0.067617595 1.632858e-05 0.0043234574 0.38491786 0.00011231972 0.07414481 3.4282933e-05 0.02083154 0.008555456 0.00027893542 0.00028339855 0.001802379 2.2460229e-06 8.299982e-05 0.024504738 0.03487348 8.375568e-05 0.0012898525 0.0048512225 2.3713917e-05 0.034790494 1.8862622e-05 0.01175265 0.08257998 0.0032476145 0.031128746 2.345202e-05 0.002447689 0.0008925368 1.8753066e-05 0.0012886317 0.0121115325 0.009910651 0.058576696 0.00011901506 0.012710834 0.017832922 1.026703e-06 0.010925764 1.5654941e-05 1.9470555e-05 0.00029948814 8.182597e-06 0.002823393 1.0644095e-05 0.0034217904 0.006256694 0.00058834103 0.00024350767 0.00037438964 1.16821596e-07 0.0002608871 0.0069825593 0.00043852726 0.0010222816 2.0778853e-06 0.00045626416
0.6270014 0.7198796 0.54606277 0.29260385 0.8068921 0.17343411 1.1185985e-21 0.06469273 0.92279714 0.4928099 0.010881554 0.39141062 0.0011595823 0.21897519 0.048826635 0.0007234786 0.25679904 0.0044067167 0.73926145 0.084631294 0.63141733 0.55085814 0.00088653027 0.00049593486 0.23911324 6.2287686e-06 0.0016892252 0.03899158 7.465699e-05 0.026924776 0.16681433 0.28340217 0.0005082626 0.04614305 0.0831076 8.2590166e-05 0.0022051274 0.007832385 0.0010597109 0.26671895 0.14896713 0.079183616 6.5044333e-06 0.003763557 0.025591988 0.0070181326 1.9742856e-05 0.0060435534 0.010613763 0.0045148535 0.020570029 0.009805278 0.008338652 0.0038588154 0.09080177 3.0105952e-07 0.00028840496 0.008261925 0.037544712 0.002458276 0.0010823864 7.715482e-06 6.299821e-05 0.0007103163 0.00094843557 0.00029100338 0.0008289911 0.0020743236 0.014927904 0.028074967 0.0010759187 1.9043715e-05 0.002417163 0.0008541506 1.5822341e-05 0.0021955366 2.0577552e-06 0.00025418805 0.00013777957 0.00046383464 6.249401e-05 1.4300306e-05 1.0095692e-05 7.889106e-06 0.00079962495 5.3869235e-07 0.00011826581 3.4919056e-05 0.00023012997 3.5708057e-05 1.6400401e-05 9.288568e-06 0.00025178335 0.0008666013 1.6187241e-05 5.153271e-05 0.00016173163 1.0555106e-06 1.3796332e-05 0.00017534668 0.00012936258
0.919454 0.4579535 0.517588 0.77729833 0.16255511 0.82330525 0.06469273 1.0320837e-19 0.083686724 0.025413623 0.6293843 0.0255863 0.07881238 0.036878 0.6261458 0.84329087 0.00082161475 0.8457729 0.016958188 0.3291149 0.01805047 0.001266438 0.45399702 0.18310107 0.00015315128 0.47734663 0.34055588 0.09201113 0.24499932 0.38854665 0.0007910688 0.00052837445 0.24164282 0.040040486 0.000120292054 0.043767776 0.036417346 0.008240851 0.18198115 0.0034131992 0.006401778 0.0055658086 0.043854244 0.00016033594 0.0077392817 5.5240038e-05 0.03769417 0.10553504 2.8201557e-05 0.010803152 5.7508907e-05 0.0024518932 0.0015089456 0.00015431509 8.762557e-05 0.018654019 1.5289224e-06 0.00013493917 0.06680181 0.18612301 6.577834e-05 0.008069305 0.0225534 1.1801855e-05 0.17465146 7.439285e-06 0.06505798 0.019103466 0.006190209 0.081028745 4.5676396e-05 0.0071688695 0.0013357277 8.574772e-06 0.005770743 0.055575967 0.022896338 0.021503773 0.00022795115 0.05086944 0.008376023 6.1352097e-07 0.0016010416 2.5063164e-05 5.8753917e-06 0.00088443334 3.2571865e-05 0.0006969645 1.7189277e-05 0.015410737 0.005108133 0.0023373717 0.00019399652 0.0002972128 1.4216775e-07 0.00035679157 0.031736962 0.0045957156 0.0016631203 2.3128814e-06 0.00037999175
0.61012214 0.33566293 0.30910668 0.119594656 0.73375744 0.18386081 0.92279714 0.083686724 6.61695e-20 0.155688 0.0037418993 0.15646294 0.00046493762 0.07264339 0.077806674 0.004809631 0.056430683 0.00219566 0.7045758 0.17464477 0.9170739 0.5553803 0.0030384806 0.0008666667 0.03682583 0.00016114718 0.0018676516 0.13648336 0.00013415568 0.059031937 0.069563225 0.2169252 0.0026135189 0.19064163 0.011667709 4.4427776e-05 0.0006479196 0.0007348066 0.0027283637 0.6180866 0.40424752 0.3592495 5.9235714e-05 0.000112086025 0.13454536 0.0037007357 3.6572597e-05 0.058333278 0.00029675 0.04476127 0.017221577 0.05319927 0.043502264 0.0001687401 0.27568075 5.437545e-06 2.0160607e-05 0.006835249 0.013557354 0.003348831 8.385846e-05 2.9201294e-05 5.1416017e-05 0.0009822891 0.00037518993 5.2890682e-05 0.0007962122 0.028447445 0.061562385 0.007559637 0.00017398443 6.0859562e-05 0.00044936463 0.00089031784 0.00011548213 0.0019405991 7.256307e-05 0.0051329676 0.00064078806 0.0007012051 0.00056236243 1.3398882e-06 0.00052700663 0.00013232896 0.0014374711 1.0176411e-06 8.208444e-06 0.00023184247 0.0016253991 0.00020857216 0.00012002002 1.7631144e-05 0.0003109388 0.0010784853 6.257974e-06 0.00035781245 0.00058298087 5.943271e-06 1.2869128e-05 8.233179e-06 0.00014765783
0.86814606 0.19800064 0.40630022 0.14711821 0.103428066 0.0479465 0.4928099 0.025413623 0.155688 2.5143853e-21 0.022556895 0.9632952 0.015624225 0.74257565 0.017746776 0.00023577076 0.81351745 0.004455085 0.23804551 0.043713335 0.059504524 0.105369955 0.0001320321 0.0005318854 0.500628 4.2196407e-05 0.0014387068 0.011350817 1.8511197e-05 0.020097481 0.18640201 0.12234616 0.00022648867 0.008565726 0.27481395 2.8463923e-05 0.007312229 0.19904071 6.667778e-05 0.08822335 0.015821943 0.0058309934 2.1922704e-06 0.072929844 0.00383639 0.030242978 1.0133731e-06 0.004148066 0.057841897 0.002842548 0.035188947 0.0005211699 0.00039064846 0.056783997 0.056101426 1.6286559e-07 0.0057820086 0.0066098957 0.15975466 0.009003086 0.0023293039 2.4348802e-07 4.1520037e-05 0.0013772408 0.0030013875 0.0012265379 0.01159188 0.009290053 0.0040117544 0.15655507 0.007378282 4.8143045e-07 0.03048184 0.0008196492 2.776678e-06 0.049239364 5.6786892e-05 0.005851925 0.0002676973 0.00028946443 0.00046760164 4.50154e-05 9.573065e-05 1.4914548e-05 0.00028061902 4.3313273e-07 0.00039747235 0.00021720736 4.4754142e-06 5.1740415e-05 5.6562745e-05 3.6479138e-05 7.290065e-05 0.0003496736 3.709281e-05 0.0001021141 6.167046e-05 3.4316918e-07 1.4715562e-05 0.00061788404 9.616667e-05
0.47338313 0.042790063 0.32641876 0.49952075 0.012584589 0.09037937 0.010881554 0.6293843 0.0037418993 0.022556895 2.0010268e-23 0.109496646 0.987864 0.2924878 0.028335774 0.114796914 0.011205264 0.829728 0.0057316064 0.0068032844 0.0009972418 0.0016783811 0.01455786 0.1307659 0.0008310595 0.08566321 0.21138114 0.00085777056 0.022708202 0.0073692803 0.0021503891 0.00074300077 0.012329289 0.00022919146 0.0033270018 0.071596116 0.49677545 0.09257502 0.008604817 0.00028799294 0.00014930195 1.2743288e-05 0.003189715 0.004989244 0.00017466689 0.0001689027 0.030092683 0.00038357353 8.962257e-05 2.5730073e-05 4.205195e-05 1.0963933e-05 2.0774169e-05 0.0030132337 6.00956e-05 0.0009914942 2.3079887e-05 4.9813825e-05 0.22505826 0.31119728 0.00015995916 0.004374315 0.04719343 2.5332105e-05 0.1602704 5.239182e-05 0.27153987 0.0009928833 0.00043188315 0.18587117 0.0013726081 0.0065793116 0.016992567 1.4983491e-05 0.0059999935 0.12346185 0.0019351942 0.0011417412 0.00014548928 0.037321057 0.0014338351 2.8918546e-06 0.00011496796 3.1040165e-06 3.7432587e-06 0.00015244643 0.0008223226 7.468255e-05 3.168025e-06 0.016609544 0.00034547536 0.00038450217 4.8551745e-05 6.3882085e-06 7.2008805e-07 9.109393e-05 0.024453443 0.0018034915 9.941728e-05 0.00021919108 0.00011159498
0.25420308 0.21810324 0.46814966 0.20347098 0.081806846 0.07303442 0.39141062 0.0255863 0.15646294 0.9632952 0.109496646 1.5486946e-22 0.08853949 0.8378037 0.013895658 0.0015963275 0.9053104 0.0064032837 0.21160924 0.02940098 0.058488317 0.1293911 0.00023601235 0.002695 0.53747904 0.00037072317 0.0038955116 0.0061820317 0.00019227307 0.00677074 0.2565986 0.20744197 0.0011266017 0.002398564 0.36053276 0.00021362383 0.012772177 0.38291037 0.00030595384 0.0076840976 0.0026799478 0.0007432598 1.1112348e-05 0.18800074 0.00014325183 0.09608085 2.7713833e-05 0.00030382024 0.18188979 2.5333893e-05 0.017049672 2.0433341e-05 9.512413e-06 0.06724497 0.0023757925 9.759437e-07 0.022504076 0.0018198054 0.15322946 0.01261333 0.02496811 1.8167436e-06 5.844613e-05 0.0007973329 0.009060826 0.015924063 0.023686215 0.0012383069 0.0040600644 0.12691312 0.015458943 5.7568186e-06 0.06299767 0.00019475116 5.43964e-06 0.10010243 1.6518017e-05 0.0047426233 0.00028015455 0.0009373158 0.00041111975 0.00022121254 1.8801451e-05 2.4606024e-05 2.1530288e-05 5.8299916e-06 0.004769027 7.722493e-05 2.1421065e-05 3.010963e-05 7.801782e-05 1.3028416e-05 0.00016270112 0.00025917945 0.00020871084 0.00028965995 1.0178435e-05 1.5300755e-07 6.4482533e-06 0.0024107215 0.0003699693
0.85903025 0.003392542 0.07372757 0.10325498 0.00078817824 0.0025200846 0.0011595823 0.07881238 0.00046493762 0.015624225 0.987864 0.08853949 1.3033248e-24 0.50853866 0.00081454514 0.005316227 0.0188208 0.13539067 0.0004317788 5.081647e-05 7.823422e-06 3.1404576e-05 0.0015174528 0.04590827 0.0010696109 0.004182571 0.059190907 4.2199767e-06 0.0018211821 0.00022067103 0.00029874532 7.055256e-05 0.0008177492 8.6875355e-07 0.006586465 0.009466149 0.18050697 0.24985139 0.00064482266 2.4578687e-06 1.0026029e-06 1.02720975e-07 0.0002221834 0.009604115 2.4531432e-06 1.1351e-05 0.0029461957 1.4551938e-06 0.0021028772 2.3754953e-07 8.204374e-06 8.165568e-07 1.5161622e-06 0.0072608967 7.9609623e-07 2.3121678e-05 0.000298413 8.039107e-06 0.61958385 0.3603622 0.00010635658 0.00021485788 0.006782952 2.0718344e-06 0.13079923 0.00011918736 0.413998 3.2529642e-05 2.0359967e-05 0.53243494 0.0043784967 0.0008178423 0.069051266 6.655225e-07 0.0004555335 0.4463132 9.858398e-05 2.836834e-05 5.898893e-06 0.014318376 5.07297e-05 1.2507559e-06 9.961773e-07 1.358792e-07 5.10531e-08 2.9941384e-06 0.005234738 1.7080828e-06 9.173053e-08 0.0036743567 8.078556e-06 1.9133919e-05 9.924198e-06 2.6371762e-07 1.1054447e-05 6.160688e-06 0.008233062 2.4412746e-05 1.2315837e-05 0.0010154285 6.5149684e-06
0.96364075 0.16904199 0.65102756 0.41411126 0.03465116 0.033259623 0.21897519 0.036878 0.07264339 0.74257565 0.2924878 0.8378037 0.50853866 1.4960012e-19 0.010857122 0.0017895853 0.819419 0.025433771 0.07785262 0.0014204632 0.016282331 0.050040796 0.0005117236 0.0029922663 0.39860106 0.00030514234 0.0036295739 0.00018773114 6.764183e-05 0.0024953193 0.09090823 0.067905195 0.0010641401 3.1093747e-05 0.47201577 0.0005130956 0.029937893 0.84003544 0.0005108479 0.0032691536 0.000456911 7.960067e-05 7.5316225e-06 0.2131031 4.612398e-05 0.010124087 1.1364864e-05 5.6839777e-05 0.10627388 0.00016300507 0.010727825 0.00026343297 0.00021160592 0.15656804 0.004084718 1.137937e-06 0.04481277 0.0039714836 0.5787841 0.057443555 0.0021722114 2.8001057e-06 0.0001682073 0.0007672711 0.024860742 0.0014303396 0.09942897 0.001187574 0.00039368044 0.45690966 0.04197372 2.9100267e-05 0.17236486 0.00073757453 4.9367427e-05 0.24325624 0.00016520957 0.0011172318 9.714161e-05 0.0011849962 0.00044878904 3.226545e-05 5.568583e-05 5.1758457e-06 5.2711875e-05 1.6002462e-06 0.0056247497 7.570824e-05 3.9702186e-06 0.00013084717 2.0560692e-05 6.02683e-05 3.0780244e-05 0.00017227934 0.0003606351 0.00024249541 0.00028172703 8.2692736e-08 3.9025934e-05 0.0035416358 8.890791e-05
0.88558817 0.28642264 0.070489444 0.20157373 0.28845692 0.9183315 0.048826635 0.6261458 0.077806674 0.017746776 0.028335774 0.013895658 0.00081454514 0.010857122 5.136387e-20 0.773947 0.002469204 0.040140856 0.013572956 0.66763675 0.018148236 0.0010509925 0.77940667 0.00976971 0.00018030853 0.11832231 0.034644745 0.32266828 0.13612922 0.765905 0.0023327852 0.00041248722 0.49296388 0.20048748 0.0015981325 0.0055965222 0.0059429887 0.0021648142 0.5488049 0.0039487313 0.008392886 0.014780957 0.12445298 6.238164e-05 0.049360253 3.097418e-05 0.011973415 0.4295355 0.00015528219 0.10516313 0.000108238215 0.027145976 0.011669317 4.240299e-05 9.048214e-05 0.03407086 2.1996975e-05 8.439109e-05 0.009024896 0.034308925 0.00018047093 0.0024128929 0.009531743 1.1224866e-05 0.047692146 4.511851e-05 0.008491823 0.25397775 0.001754074 0.015504988 4.9883376e-05 0.0035798312 0.0005517902 7.0606507e-06 0.0036887787 0.00452516 0.03189198 0.14632826 0.0002126447 0.020087603 0.047199525 1.931896e-07 0.04025886 2.6387914e-05 7.1775326e-06 0.000305696 6.640374e-06 0.0068831057 3.6338097e-05 0.008251691 0.04080892 0.0009887875 0.0024714596 0.0001844725 1.4602004e-07 0.0014584768 0.0141953165 0.0026296221 0.002937213 2.0390348e-06 0.0012027079
0.45800394 0.063571304 0.040886898 0.104960084 0.050126553 0.49328658 0.0007234786 0.84329087 0.004809631 0.00023577076 0.114796914 0.0015963275 0.005316227 0.0017895853 0.773947 1.795934e-23 6.811049e-05 0.081739254 8.8391855e-05 0.053406764 0.00013531145 1.6821806e-06 0.9369053 0.04782668 9.793198e-07 0.5258235 0.15802446 0.015250709 0.7556455 0.13331966 8.445619e-06 9.740534e-07 0.42913997 0.005808565 1.0237479e-05 0.044882283 0.026981845 0.0009134665 0.3289803 7.744029e-05 0.00027408346 0.0004897657 0.25663307 8.924988e-06 0.00047548942 6.5812156e-07 0.122520804 0.040645514 1.1431221e-06 0.004526019 1.1032346e-06 0.0003670518 0.00023024128 2.2652766e-05 4.55643e-06 0.12760437 5.5553426e-07 9.686754e-06 0.011539339 0.04122781 2.448638e-05 0.009385887 0.013334623 1.1583335e-05 0.05014659 9.96401e-06 0.014786448 0.011052265 7.130263e-05 0.009383538 1.527728e-05 0.002237336 0.0007777909 6.2263807e-06 0.0039019198 0.004303429 0.024190787 0.01565518 1.794177e-05 0.018260421 0.010142812 3.544957e-07 0.0015527279 5.9987515e-06 3.8599595e-07 0.00054267806 1.3916915e-05 0.00054594397 2.0977175e-05 0.005036169 0.007946405 0.0012929569 9.529589e-05 9.521953e-06 3.2389474e-07 0.00017838216 0.012215603 0.004852546 0.0015289518 5.5346263e-06 0.00022791656
0.855349 0.03874267 0.13942266 0.046776988 0.025803758 0.0047216653 0.25679904 0.00082161475 0.056430683 0.81351745 0.011205264 0.9053104 0.0188208 0.819419 0.002469204 6.811049e-05 3.4535036e-19 0.000613056 0.11390571 0.0039813626 0.0143914325 0.052985597 0.00011732139 0.0002828593 0.82688403 4.9759128e-05 0.00020443056 0.0005897808 3.025323e-05 0.0019400809 0.33808365 0.1652596 0.0006104511 0.00033809256 0.7256048 1.0354135e-05 0.0015501054 0.59144133 0.00017512457 0.00613603 0.0008493561 0.000416607 2.7051954e-06 0.4672328 0.00014922877 0.17978969 1.0163986e-06 0.00022229152 0.32398155 0.00010993528 0.054708064 0.00023806495 0.00019771526 0.25094056 0.003688212 8.916879e-08 0.0718639 0.0066985027 0.14214379 0.0024809397 0.020285647 2.0211081e-07 2.5144811e-06 0.0043020924 0.0010950455 0.03067488 0.0046330984 0.0057025384 0.0015299917 0.13633132 0.07359438 5.633975e-07 0.20245272 0.001342239 8.1357655e-07 0.07374852 0.00021972835 0.006594828 6.58877e-05 1.646098e-05 0.0005845296 0.0014101014 7.711271e-05 9.721468e-06 3.9343046e-05 2.9183739e-06 0.012514993 0.0006244992 9.761565e-06 1.1185547e-06 0.00035821839 0.0001354465 0.00012783449 0.00021138061 0.0009294736 0.0006614672 2.5306303e-08 1.169721e-07 1.9476349e-05 0.011475497 0.0009863119
0.76861876 0.03604114 0.10500405 0.29962468 0.010838817 0.035911188 0.0044067167 0.8457729 0.00219566 0.004455085 0.829728 0.0064032837 0.13539067 0.025433771 0.040140856 0.081739254 0.000613056 1.8084974e-20 0.00061392953 0.006910239 0.00022939418 4.845978e-05 0.02849473 0.9477463 0.00010157262 0.1403669 0.62516433 0.00069527765 0.042220447 0.022021726 5.2163035e-05 7.003924e-05 0.014591148 9.954384e-05 0.00014266776 0.10803791 0.954684 0.0054815463 0.009610552 4.8283193e-05 9.062701e-06 8.02375e-06 0.0048300857 0.0004241023 1.118773e-05 9.448204e-06 0.029342532 0.00028268943 2.7990392e-05 2.9655605e-05 2.0460532e-06 2.8289396e-05 2.1346832e-05 0.00055736565 3.8671465e-06 0.0075816363 5.4810807e-06 5.0056624e-06 0.035079956 0.31873447 1.3584293e-05 0.0060347696 0.02340076 3.985933e-06 0.39349884 3.876655e-06 0.13443342 0.00035481522 0.00019317387 0.049749788 0.00024638488 0.004825832 0.0025237787 3.5719345e-06 0.0038140719 0.062036302 0.0017311593 0.0010167769 3.6654794e-05 0.023306739 0.0011133809 7.605943e-07 3.9607174e-05 4.037959e-06 8.073169e-07 0.00022150026 0.0001565901 3.916164e-05 1.0048333e-06 0.007915205 0.0010669641 0.00040573484 1.6886816e-05 4.9669784e-06 2.8686632e-06 3.514276e-05 0.016767878 0.002825471 0.00020915558 1.3942794e-05 3.4753608e-05
0.23216385 0.19612479 0.18759392 0.08550103 0.32080123 0.039938 0.73926145 0.016958188 0.7045758 0.23804551 0.0057316064 0.21160924 0.0004317788 0.07785262 0.013572956 8.8391855e-05 0.11390571 0.00061392953 7.052083e-23 0.019052215 0.72633296 0.963839 0.00015457078 0.00014806239 0.25987485 1.3610331e-05 0.0006726063 0.012551095 4.5516936e-05 0.0045546554 0.23558165 0.6169181 0.0001361596 0.019158546 0.022854464 2.2561891e-05 0.0004757954 0.0021299443 0.00030509345 0.6045401 0.20055892 0.06823776 4.072836e-06 0.00053289114 0.011516154 0.02027937 6.2136924e-06 0.0013613935 0.005136341 0.0029735167 0.13146415 0.005192609 0.0038396718 0.00032351952 0.44955286 9.582234e-07 8.820954e-05 0.02514439 0.008301577 0.0003476355 0.00081191404 1.3070198e-06 2.7306046e-06 0.002775615 0.0003514636 0.00032680316 0.00034025311 0.003875389 0.13105439 0.0039508976 0.00019750794 1.1105691e-06 0.0013055151 0.0026660217 2.752807e-05 0.0015039024 6.049151e-06 0.0023603512 0.0006543207 4.1915056e-05 7.8690704e-05 2.834776e-05 5.131506e-05 0.00011679716 0.0031769294 4.2716246e-07 2.5732994e-05 7.6283395e-05 0.0006799376 9.88935e-07 6.7078836e-05 4.6587743e-06 0.00024763387 0.0011661897 2.3930334e-05 0.00044238244 1.3156734e-05 7.424366e-06 4.7353624e-06 2.8650038e-05 0.0012201911
0.2797588 0.44187316 0.25866058 0.27160382 0.8753878 0.7250264 0.084631294 0.3291149 0.17464477 0.043713335 0.0068032844 0.02940098 5.081647e-05 0.0014204632 0.66763675 0.053406764 0.0039813626 0.006910239 0.019052215 1.821208e-20 0.048444714 0.009679206 0.05721227 0.0007643163 0.00021305069 0.0018450719 0.0058174594 0.9496284 0.0037960168 0.91807 0.00041847138 0.0020604238 0.023777435 0.5885417 0.00055195676 0.00024461464 0.00047844104 2.5049325e-05 0.06860128 0.020948589 0.036009014 0.03445598 0.0061548958 3.54689e-06 0.30922535 4.0584615e-05 0.0006717441 0.5161127 4.8322116e-05 0.43926936 2.3378061e-05 0.109505914 0.058118295 5.743806e-06 0.003140997 0.00076957326 1.1515021e-06 4.927646e-05 0.0016449699 0.003160409 1.08544245e-05 0.00045248776 0.0003649549 0.00013593903 0.0017229865 1.6482234e-05 0.0005007231 0.3542772 0.001063473 0.0015048643 8.666563e-06 0.00045487974 0.000111287816 2.5160583e-05 0.00032194183 0.0011815421 0.0016226076 0.044976294 3.6813104e-05 0.0021906907 0.006201731 1.6450018e-06 0.015940266 2.0574384e-05 4.8875037e-05 3.1343552e-06 1.2801669e-05 0.001349003 0.0013090408 0.0004568097 0.0031260804 2.562199e-05 0.015635882 0.00049072155 1.3007775e-06 0.00251819 0.0029293913 6.5459186e-05 0.00017340401 1.6965167e-05 0.0013139122
0.060454886 0.084560014 0.09296329 0.03445005 0.48504332 0.0520125 0.63141733 0.01805047 0.9170739 0.059504524 0.0009972418 0.058488317 7.823422e-06 0.016282331 0.018148236 0.00013531145 0.0143914325 0.00022939418 0.72633296 0.048444714 1.0939337e-20 0.8224689 0.00020599464 2.4035637e-05 0.021122074 3.9186125e-06 0.00010273887 0.055657472 3.5924354e-06 0.011708444 0.054095622 0.2898685 0.0001655054 0.09147884 0.0008726056 2.948658e-06 1.3156019e-05 7.943255e-05 0.00016344934 0.9075056 0.76560646 0.6300388 2.001407e-06 7.775602e-06 0.07957072 0.0008991197 4.7158437e-06 0.0073864525 9.534779e-05 0.013462412 0.012399471 0.023651935 0.028834302 9.269171e-06 0.47175083 8.1414896e-08 5.9515554e-07 0.009586143 0.0006199224 0.0004382225 1.5374286e-05 4.1653234e-06 1.0047581e-05 0.0003614891 5.2752202e-05 4.9894414e-05 0.00046083287 0.0075301365 0.17807952 0.00026304284 2.8809513e-06 9.909133e-06 4.3035347e-05 0.0012736928 1.1702041e-05 0.0007353246 1.3519775e-05 0.0002922014 0.0036438112 9.045867e-05 4.1890842e-05 5.0743e-07 6.7660214e-05 0.0008749551 0.005066794 3.3285278e-07 2.898423e-06 1.5963753e-05 0.006515519 1.0830022e-05 1.579311e-05 3.1382435e-06 0.00032153254 0.005037971 4.4572394e-06 0.0002705397 4.4284592e-05 9.724005e-07 2.6196485e-06 2.8547095e-06 9.565772e-05
0.051859908 0.07108231 0.09236901 0.037865024 0.13141927 0.010451933 0.55085814 0.001266438 0.5553803 0.105369955 0.0016783811 0.1293911 3.1404576e-05 0.050040796 0.0010509925 1.6821806e-06 0.052985597 4.845978e-05 0.963839 0.009679206 0.8224689 3.9464892e-21 8.88804e-06 7.275823e-06 0.16648677 1.0614226e-06 1.1104435e-05 0.0089187175 9.31722e-07 0.0017192474 0.35950497 0.69445163 8.067132e-06 0.015709711 0.0096333185 7.8962e-07 1.7106902e-05 0.001970134 1.2956525e-05 0.7520219 0.3159661 0.06747621 3.492435e-07 0.00010895386 0.012649077 0.041819155 4.65529e-07 0.0003807445 0.0013210621 0.0012149571 0.17850244 0.0022779466 0.0016778572 0.00010443741 0.572201 1.2333773e-07 1.26034265e-05 0.089523695 0.0032778918 0.0001064602 0.0004886276 4.7092533e-07 2.6972791e-06 0.004170127 0.00016176354 0.000343049 0.00021140865 0.00045381146 0.18903711 0.0014869025 4.005586e-05 8.8511297e-07 0.00045441755 0.004581216 8.16375e-06 0.0021435013 1.0546381e-06 0.00022724831 0.0036277021 3.1777246e-05 1.857834e-06 2.9078362e-06 5.842264e-06 0.00018622864 0.00659932 1.2459039e-07 5.050109e-05 6.1095047e-06 0.00069010624 2.6187618e-06 2.890953e-06 2.8096807e-07 2.668568e-05 0.0023063223 1.2507517e-05 5.2282663e-05 3.028153e-06 8.5745717e-07 2.1276021e-07 1.319755e-05 9.364362e-05
0.35758862 0.021884969 0.010882219 0.034105703 0.032967128 0.22701451 0.00088653027 0.45399702 0.0030384806 0.0001320321 0.01455786 0.00023601235 0.0015174528 0.0005117236 0.77940667 0.9369053 0.00011732139 0.02849473 0.00015457078 0.05721227 0.00020599464 8.88804e-06 4.8215437e-21 0.033233512 1.3227935e-06 0.3621713 0.08879353 0.020927303 0.59424984 0.17634104 9.258274e-05 2.2994238e-06 0.8061813 0.0071146176 3.9921353e-05 0.032619078 0.010961573 0.00014791689 0.6879567 0.00015484904 0.00027745686 0.00012544052 0.476579 9.926659e-06 0.0014105034 1.4144806e-06 0.06879284 0.061363634 1.4684327e-05 0.009932603 4.5384368e-06 0.0003459993 0.00024894564 1.2623274e-05 1.5002609e-05 0.1763267 1.7544987e-06 2.4731558e-05 0.0015978268 0.012531337 2.1887636e-05 0.006647867 0.010250591 1.2393636e-05 0.018247975 1.5846743e-05 0.0057653408 0.025716702 0.00020838209 0.0025515663 1.9304953e-06 0.0026627365 0.00010990195 1.8659682e-06 0.0057921004 0.0024607189 0.044885486 0.04194365 8.2621365e-05 0.010200554 0.013382116 2.1104451e-07 0.0021990757 6.6672983e-06 1.0520022e-06 0.0011845155 3.301531e-06 0.0006710689 8.438227e-06 0.0052642473 0.011152508 0.0023814319 8.172416e-05 2.0297173e-05 6.72655e-07 0.0002506994 0.009096606 0.006371122 0.0027587588 6.203724e-07 0.0001454023
0.6562179 0.009253022 0.03651626 0.09737271 0.0024144836 0.010466112 0.00049593486 0.18310107 0.0008666667 0.0005318854 0.1307659 0.002695 0.04590827 0.0029922663 0.00976971 0.04782668 0.0002828593 0.9477463 0.00014806239 0.0007643163 2.4035637e-05 7.275823e-06 0.033233512 1.1061269e-22 1.3077473e-05 0.20321244 0.92944026 0.00023480924 0.04939815 0.0076771034 2.7085889e-05 6.467469e-06 0.013375309 2.1624799e-05 4.189e-05 0.9030402 0.6423174 0.0028184042 0.010748429 4.389153e-06 2.2852425e-06 3.7543418e-06 0.009681311 6.9207155e-05 1.36023245e-05 4.179728e-06 0.105553776 0.00023137685 2.9702376e-06 9.759023e-06 6.92857e-06 3.2624306e-05 2.707618e-05 0.00014562266 1.8291564e-06 0.016706523 2.1583398e-06 1.2484375e-05 0.029618664 0.47273996 6.4967e-05 0.014325915 0.07696379 8.303746e-06 0.7054213 6.846753e-06 0.27737612 0.00029524314 0.00012617226 0.032620605 2.7536265e-05 0.0053828186 0.0007550202 1.04022065e-05 0.0053172084 0.06745201 0.0044190604 0.00048346716 8.207211e-05 0.047282748 0.0017979891 2.051063e-07 2.056032e-05 3.5087714e-06 2.3574082e-06 0.00037493967 3.42882e-05 9.627145e-05 4.87367e-07 0.0049526277 0.0011011591 0.0006334105 3.6590147e-05 6.887527e-06 1.8078341e-06 4.679899e-06 0.011297376 0.0029939206 0.00082269945 5.516762e-06 1.1422235e-05
0.8915694 0.027812092 0.058162037 0.008947339 0.013743798 0.00084641244 0.23911324 0.00015315128 0.03682583 0.500628 0.0008310595 0.53747904 0.0010696109 0.39860106 0.00018030853 9.793198e-07 0.82688403 0.00010157262 0.25987485 0.00021305069 0.021122074 0.16648677 1.3227935e-06 1.3077473e-05 1.9461664e-18 7.8987085e-07 1.4959134e-05 0.00013755482 5.416457e-07 0.00035186403 0.9001899 0.62560946 5.8063324e-06 7.349744e-05 0.645787 1.6212136e-06 0.00028781916 0.11907367 2.740351e-06 0.045753915 0.004545229 0.0014546084 2.433759e-07 0.12463976 9.041356e-05 0.8450473 1.02357006e-07 0.00038120023 0.6927664 0.00083092274 0.49606663 0.0003877807 0.00040382077 0.17149471 0.09333262 9.771446e-08 0.16217352 0.12630259 0.07393526 0.0010999091 0.13579835 6.9717586e-08 9.149914e-07 0.07669794 0.00012707857 0.12462289 0.00046800871 0.0027920713 0.0032051827 0.042572103 0.095266834 1.5519653e-07 0.077904716 0.018427638 7.358054e-07 0.004488573 1.99181e-06 0.0021116857 0.00011063354 1.5781516e-05 1.9912319e-05 0.0014008369 4.14838e-06 4.9620184e-07 0.002202833 2.209989e-08 0.011808499 8.670886e-06 2.784453e-06 1.9556912e-06 9.218121e-06 2.731602e-06 2.992947e-05 8.358077e-05 0.0014453318 0.00011259847 3.1750756e-06 6.373539e-09 1.3258841e-06 0.014604304 3.9449675e-05
0.535986 0.010314187 0.010763738 0.041102313 0.0052103847 0.031077825 6.2287686e-06 0.47734663 0.00016114718 4.2196407e-05 0.08566321 0.00037072317 0.004182571 0.00030514234 0.11832231 0.5258235 4.9759128e-05 0.1403669 1.3610331e-05 0.0018450719 3.9186125e-06 1.0614226e-06 0.3621713 0.20321244 7.8987085e-07 2.8822716e-22 0.639749 0.0007343627 0.9844285 0.015795853 9.179127e-06 5.897423e-07 0.19606684 6.720357e-05 1.5305133e-05 0.44743982 0.057887718 0.0010042499 0.08256716 4.3989126e-06 1.9463463e-05 1.0388833e-05 0.22711344 2.0197152e-05 3.3992925e-05 1.2064313e-06 0.71071434 0.0023605896 6.4373107e-06 0.0002358895 1.0959088e-06 0.0003253047 0.00013882128 1.03514e-05 4.5749916e-06 0.34763542 5.056547e-07 2.4623887e-05 0.01766131 0.16234453 7.693494e-05 0.16709693 0.124341205 1.4483328e-05 0.1398711 5.500476e-06 0.04466974 0.00045052342 7.7830766e-05 0.015450601 8.070941e-06 0.04252936 0.00041576123 1.6560653e-05 0.027975492 0.008476463 0.00973034 0.0019226309 0.0001662505 0.081402704 0.0037591518 1.6584842e-06 0.00015867093 2.5396694e-05 2.084264e-06 0.0006843842 9.89177e-06 0.00016305342 6.911629e-06 0.028314153 0.0015554802 0.0009065113 0.00012436835 1.2652164e-05 7.552765e-07 7.560362e-05 0.05512128 0.008029775 0.0017428785 8.814378e-07 0.00018456578
0.32908309 0.037239004 0.046506703 0.11925331 0.011052397 0.03192335 0.0016892252 0.34055588 0.0018676516 0.0014387068 0.21138114 0.0038955116 0.059190907 0.0036295739 0.034644745 0.15802446 0.00020443056 0.62516433 0.0006726063 0.0058174594 0.00010273887 1.1104435e-05 0.08879353 0.92944026 1.4959134e-05 0.639749 2.5414816e-22 0.0008784897 0.22353795 0.031338744 0.00010656797 7.89037e-06 0.060534026 6.365613e-05 3.1171327e-05 0.96874064 0.04759878 0.0017170403 0.0385562 1.26924915e-05 5.169832e-06 4.763799e-06 0.031646524 9.301496e-05 3.5736877e-05 7.076431e-06 0.2741618 0.0009185507 3.4882391e-06 2.2954504e-05 5.6341396e-06 2.8354816e-05 1.52061875e-05 9.554768e-05 8.740735e-06 0.059030432 4.0293517e-07 1.5220507e-05 0.013584113 0.17287569 6.903214e-05 0.04342439 0.08065421 4.012535e-06 0.23711495 9.775352e-06 0.118725784 0.00032725226 0.0002525604 0.024571162 1.7277698e-05 0.016150761 0.0006935435 1.0232628e-05 0.023758728 0.04633788 0.007085474 0.0011524279 6.428885e-05 0.08361058 0.0029038214 2.472828e-07 3.418933e-05 7.662371e-06 1.0615219e-06 0.0016744091 3.709518e-05 0.00013901482 8.1701324e-07 0.017871976 0.002057554 0.0017984307 2.2982214e-05 5.525186e-06 2.045303e-07 8.602245e-06 0.035074186 0.008793427 0.0011405251 5.6590447e-06 7.2636736e-05
0.026170244 0.19227289 0.05018711 0.058281608 0.688194 0.40418136 0.03899158 0.09201113 0.13648336 0.011350817 0.00085777056 0.0061820317 4.2199767e-06 0.00018773114 0.32266828 0.015250709 0.0005897808 0.00069527765 0.012551095 0.9496284 0.055657472 0.0089187175 0.020927303 0.00023480924 0.00013755482 0.0007343627 0.0008784897 1.0993428e-20 0.0010703482 0.6209003 0.0009555594 0.0013326796 0.009116424 0.9578753 9.532515e-05 3.4130688e-05 1.5890313e-05 9.519737e-06 0.028100368 0.018953849 0.054109916 0.064704664 0.0018127053 2.5025865e-06 0.5026237 9.608952e-06 0.00016006369 0.5693766 6.566878e-05 0.713678 8.656122e-06 0.24208447 0.21194567 1.5806633e-06 0.0018492284 0.000100308396 3.9527174e-07 1.24581e-05 0.00013163693 0.0007094064 3.93948e-06 0.00017621268 6.0758888e-05 3.2290012e-05 0.00013392048 3.4763932e-06 0.00014519293 0.45944512 0.0022129929 0.00033751753 2.0350913e-06 0.000272595 1.8549687e-05 3.1293628e-05 0.00016259705 0.00052681897 0.0004217018 0.017781658 8.6107764e-05 0.00074035855 0.002474293 7.8629034e-07 0.009221726 0.0005192349 2.4039924e-05 4.527683e-07 3.303367e-06 0.0011298809 0.0046758982 0.00017624024 0.001236637 2.9699957e-05 0.035672676 0.0004995367 1.0809998e-06 0.0075518303 0.0006463243 1.2926003e-05 5.3700795e-05 8.992852e-06 0.0029114634
0.18219054 0.008344495 0.011623124 0.022557491 0.004222771 0.03154256 7.465699e-05 0.24499932 0.00013415568 1.8511197e-05 0.022708202 0.00019227307 0.0018211821 6.764183e-05 0.13612922 0.7556455 3.025323e-05 0.042220447 4.5516936e-05 0.0037960168 3.5924354e-06 9.31722e-07 0.59424984 0.04939815 5.416457e-07 0.9844285 0.22353795 0.0010703482 7.7945775e-23 0.035302356 2.6392241e-05 8.100423e-07 0.45528883 4.534407e-05 5.737991e-06 0.12771764 0.011960822 3.0461097e-05 0.23485854 1.3716639e-06 9.300029e-06 7.4007147e-07 0.53495216 2.0121836e-06 6.46319e-06 4.3687507e-07 0.45039895 0.002164496 2.4766842e-07 9.2728355e-05 5.606581e-07 4.9469913e-06 8.875639e-06 1.6772386e-06 1.9256566e-07 0.54656 8.883298e-09 3.4986772e-06 0.0012434836 0.036407486 1.27289e-06 0.17736083 0.05388014 2.7417286e-06 0.041791953 1.932087e-06 0.011406067 0.00023995661 3.951229e-05 0.0023595453 3.9844178e-07 0.024942469 5.0141167e-05 9.591716e-07 0.048913915 0.0020513383 0.05243104 0.002597503 1.6325264e-05 0.034890167 0.008801385 3.7472624e-08 8.486015e-05 2.9495482e-07 1.9602072e-07 0.003789255 6.151497e-07 9.930669e-05 2.2839035e-07 0.019076312 0.0012991412 0.0020891537 7.846541e-06 1.2377773e-05 2.8037341e-08 3.3497043e-05 0.036550924 0.012622704 0.0017886922 3.8628375e-08 6.3700514e-05
0.55737585 0.2359033 0.11196603 0.10708498 0.47156465 0.6636666 0.026924776 0.38854665 0.059031937 0.020097481 0.0073692803 0.00677074 0.00022067103 0.0024953193 0.765905 0.13331966 0.0019400809 0.022021726 0.0045546554 0.91807 0.011708444 0.0017192474 0.17634104 0.0076771034 0.00035186403 0.015795853 0.031338744 0.6209003 0.035302356 3.7022712e-19 0.0004319083 0.0005188151 0.12915574 0.2660754 0.005194637 0.0028523707 0.002672833 0.00010013549 0.20110068 0.0086401645 0.016918417 0.012569824 0.056869667 4.0131687e-05 0.11282246 4.274151e-05 0.008414758 0.92399174 0.00023697903 0.5165399 4.1129362e-05 0.054870013 0.028017817 1.565872e-05 0.003242802 0.028176472 2.8128802e-06 0.00018148562 0.0018550518 0.009498009 2.3241724e-05 0.012277766 0.0067282612 0.00024223446 0.0027875032 5.059015e-06 0.0006948233 0.57253766 0.0004991774 0.00042656384 5.074165e-05 0.0056562107 4.5681227e-05 3.57806e-05 0.0062773465 0.00048113565 0.055951074 0.2781312 5.5396456e-05 0.0056224465 0.09773909 2.5337217e-06 0.14663455 3.4540717e-05 2.7352244e-05 0.00032312764 6.3119055e-06 0.024210192 0.0002512391 0.0069165984 0.06266699 0.0011499681 0.022410164 0.0011250251 1.7720273e-06 0.013219602 0.016734522 0.0028143176 0.002418589 1.5310332e-05 0.006658476
0.07350537 0.06127477 0.05587513 0.0074617495 0.049215004 0.0062347357 0.16681433 0.0007910688 0.069563225 0.18640201 0.0021503891 0.2565986 0.00029874532 0.09090823 0.0023327852 8.445619e-06 0.33808365 5.2163035e-05 0.23558165 0.00041847138 0.054095622 0.35950497 9.258274e-05 2.7085889e-05 0.9001899 9.179127e-06 0.00010656797 0.0009555594 2.6392241e-05 0.0004319083 5.2563887e-20 0.941332 0.00020643891 0.0005674967 0.13429411 1.1681192e-05 4.9637983e-05 0.015353384 0.00028451235 0.06106938 0.008035635 0.0016822441 9.940396e-06 0.011519609 0.00010391563 0.8970056 3.7754537e-06 0.00033242378 0.25497955 0.00083438295 0.73587704 8.9169946e-05 4.9891893e-05 0.010285524 0.09030498 2.4931367e-06 0.01765908 0.25359783 0.004872302 0.0001761653 0.3133241 9.901136e-07 4.617415e-07 0.20896685 0.0001077707 0.06270404 0.00045255444 0.0026789396 0.007375123 0.0026411482 0.005006644 1.4317507e-06 0.0050905067 0.030862877 2.996534e-05 0.0016365085 9.344294e-06 0.007160192 0.00020096792 4.6125274e-06 0.00014390238 0.005160734 3.1488846e-05 2.6694332e-05 0.0016772315 1.2616757e-06 0.0005800585 0.00016675082 2.7720625e-05 4.1957187e-06 8.178716e-05 1.4686428e-05 0.00015446822 0.0011352333 0.0007264501 0.00040252518 1.1871527e-05 8.838435e-07 1.8524566e-05 0.00064514804 0.001370833
