6.917784e-26 0.9778043 0.7673593 0.8480724 0.9149522 0.9326166 0.93050593 0.8640547 0.38497925 0.7419795 0.46632046 0.91570556 0.97220606 0.9617363 0.8561113 0.9335943 0.94831634 0.59585154 0.87702173 0.36921886 0.92890465 0.92948884 0.8668474 0.9512089 0.8474101 0.98539245 0.93536687 0.77472484 0.9695547 0.5391655 0.91081524 0.64791936 0.36654475 0.83266914 0.2635526 0.6815573 0.7299483 0.89837784 0.9703461 0.86646736 0.9810988 0.9852608 0.11764395 0.9252514 0.21847987 0.4791148 0.97666913 0.58997273 0.22078268 0.27567777 0.979802 0.83296293 0.95680124 0.95516336 0.9894005 0.89805424 0.9430656 0.98154414 0.9930864 0.014851474 0.05362112 0.0026237904 0.018046597 0.006372957 0.03558515 0.003224407 0.008757059 0.94879633 0.9922849 0.036124498 0.99768496 0.0029679528 0.65286094 0.5311472 0.9999709 0.4672756 0.24829282 0.8238294 0.0073466334 0.00066745793 0.15565842 0.00046175654 0.007180628 0.1421592 0.0044208094 0.99994254 0.08005027 0.00013624884 0.00020184183 0.0007903313 6.593626e-06 0.8132473 1.6137717e-05 1.349656e-05 0.91202396 0.9885165 0.16169728 0.08296853 0.0002012105 0.98355204 0.10103748
0.9778043 1.0581961e-20 0.8286189 0.1910805 0.67914873 0.904974 0.6300556 0.23254903 0.13798885 0.2918384 0.13169673 0.56498545 0.49890384 0.2142254 0.31663936 0.11919763 0.06427069 0.2538936 0.04455442 0.15051042 0.015089536 0.049674135 0.0045973617 0.016550511 0.050888386 0.10579558 0.0009595454 0.082541645 0.086049676 0.08438023 0.0003451981 0.00011671587 0.017827105 0.044024073 0.03867398 0.0063564926 0.0022704587 0.0013165708 0.0063006952 1.7216726e-05 0.13530125 0.032227814 0.0003122892 0.00044149594 0.00049466256 0.002233426 0.012643306 3.5636207e-05 3.7226626e-05 0.00019679198 0.12865968 1.4665237e-05 0.00017657857 0.0007420438 0.004533112 6.335147e-06 0.09221785 0.061536238 0.014779655 6.302976e-05 0.0014257896 0.0010519743 0.0009303834 4.0388622e-05 2.9319178e-06 0.0003825935 0.0016615912 1.0548982e-05 0.009827273 0.00074493914 0.06043641 2.1480953e-06 1.0258452e-05 2.846362e-07 0.11645669 8.6173804e-07 3.6424576e-06 2.8900542e-06 4.4704123e-07 6.1286805e-06 2.5345695e-10 2.47944e-05 1.09186485e-05 8.78485e-08 1.2865435e-05 0.012106487 2.2150384e-06 2.2762724e-06 1.3241687e-05 1.3833808e-06 5.099092e-06 0.00033953495 5.0608554e-07 1.3467369e-06 2.9241088e-05 0.00020268284 1.421992e-05 3.791427e-08 3.6677554e-07 0.003676299 6.360597e-08
0.7673593 0.8286189 8.612863e-20 0.9235692 0.79844886 0.4504285 0.05185058 0.8081979 0.8810423 0.011914849 0.011151023 0.01326554 0.07443953 0.72343683 0.74069077 0.105900906 0.018690411 0.023591256 0.051157165 0.0633113 0.08679718 0.0014819603 0.0004402304 0.007958485 0.19207947 0.010639545 1.499417e-05 0.27899602 0.030450845 0.0689422 0.00156686 5.0098723e-05 0.00051516196 0.00073699234 0.0012157632 0.035674404 0.016398622 0.00019012405 6.490117e-05 0.0030282529 0.008773207 0.002685338 0.0019578629 0.0004355607 3.7096613e-06 0.021834197 0.00040598103 2.4894255e-06 7.269057e-07 0.0005504195 0.0023072627 0.00023673144 0.00012390983 0.0006924521 0.0009580345 5.312778e-05 0.004190267 0.0019979496 0.00036029052 0.0016252372 0.0015238351 0.0011101143 0.00084464 0.0016285576 1.3597947e-06 0.0027270266 0.018885285 7.755125e-06 0.00034818545 0.016128935 0.002336117 3.0415522e-05 2.5783474e-05 2.5265395e-05 0.0051509812 2.652417e-06 6.7494166e-06 3.1680006e-06 4.3807344e-08 8.827433e-05 9.836347e-09 0.0001521619 3.7075057e-05 8.87112e-06 3.3615484e-05 0.00062225526 0.000113230795 5.9905622e-05 4.7731646e-05 4.0179802e-06 3.0373374e-05 1.8880079e-05 3.900184e-06 1.83632e-05 3.9929864e-06 4.193853e-05 0.00010967683 7.775453e-08 6.1504325e-06 0.000110604844 2.6263149e-06
0.8480724 0.1910805 0.9235692 3.9004428e-18 0.6048293 0.06018364 0.008815892 0.8568908 0.9443468 0.001606966 0.00138851 0.0022835433 0.037626345 0.7027556 0.41755107 0.11727739 0.017667534 0.004164875 0.06930945 0.013417571 0.23812352 0.0010828567 0.00012234425 0.017468315 0.5497272 0.0065625273 1.0016793e-05 0.32530415 0.040282834 0.053799514 0.008685342 1.3987797e-05 0.0001618549 0.00013130893 0.00033345664 0.27485898 0.15286191 1.868947e-05 4.0826394e-06 0.027912991 0.011121044 0.0028777826 0.003927733 0.0016271262 2.8751845e-06 0.29914144 0.00013093917 2.4640542e-07 1.6664677e-07 0.0016039957 0.0011475114 0.003343811 0.0006732853 0.0029213899 0.0026728942 0.0009692798 0.0032987366 0.0007890179 5.447555e-05 0.045571387 0.0017768233 0.0014257928 0.0008743683 0.02977761 2.8389788e-06 0.028030002 0.06194096 8.3767577e-07 3.5018267e-05 0.20778723 0.0016713891 0.0015801765 0.0002733257 0.00027698546 0.006794525 1.9950943e-05 9.923995e-07 4.3691878e-05 6.430285e-08 0.00061748736 5.1428666e-09 0.0004723201 6.1097526e-05 2.3201883e-05 0.00021283582 0.00012160455 0.001700242 0.0005147882 0.0005601248 2.3335717e-05 9.3352035e-05 0.00011114538 2.8723685e-05 0.00010490728 2.338203e-05 0.0001647275 0.00025845008 4.9702944e-08 6.0141927e-05 0.00014271717 1.0198519e-05
0.9149522 0.67914873 0.79844886 0.6048293 1.9402944e-19 0.07587355 0.009540711 0.9237202 0.5823496 0.00449217 0.0013404469 0.027841303 0.6937676 0.41575122 0.15496737 0.78272414 0.4646671 0.00871374 0.5731389 0.017767088 0.64820296 0.00011136342 1.5590607e-05 0.24408798 0.108734235 0.031964496 1.349111e-06 0.057486195 0.20404387 0.012308617 0.061688002 2.8017232e-07 0.00012626147 0.00055530923 0.00075300003 0.12787169 0.09393588 3.9892066e-06 9.172469e-06 0.021729643 0.08329581 0.025218273 0.0104373405 0.004732907 2.0044887e-07 0.01618695 9.4425515e-05 4.0180332e-08 8.8058e-09 0.0022371246 0.0040126103 0.0006488252 0.0018612836 0.0042302986 0.010134868 0.0003157279 0.031847917 0.0055622933 0.0004046982 0.0008320674 2.754622e-05 0.00010114489 9.884999e-06 0.0013739232 4.2775657e-08 6.9643334e-05 3.4988025e-05 4.4868352e-07 0.00019531696 0.00044312014 0.011677968 1.7892678e-05 7.352261e-05 3.388453e-05 0.07140803 2.0689497e-06 1.0103165e-07 8.231954e-06 6.4964083e-09 0.00013497366 5.0663744e-11 1.8247293e-06 6.675858e-07 1.0788978e-06 6.585309e-07 0.0011085549 5.3866777e-05 1.9424422e-06 1.1499806e-05 1.4487182e-07 1.8133389e-06 0.00045407962 7.103003e-08 4.977507e-07 0.0004872767 0.00035951636 7.49031e-05 2.2773328e-09 2.0456278e-06 0.0025596775 1.6114409e-06
0.9326166 0.904974 0.4504285 0.06018364 0.07587355 2.321793e-20 0.86415094 0.05512927 0.0351373 0.10901757 0.08441395 0.065858826 0.03180782 0.14056316 0.7768591 0.008193444 0.0024764226 0.8930986 0.0075376877 0.843759 0.0012979932 0.54824233 0.0074025877 0.0010195549 0.028934529 0.027932161 0.0069601447 0.3688186 0.0093621295 0.67893744 0.00013467639 0.0020843926 0.15063739 0.011580399 0.34612507 0.00032968493 6.180004e-05 0.0031980046 0.004012269 9.679062e-06 0.0053283353 0.0012222525 5.877861e-05 0.00013553101 0.004959162 0.00049611245 0.0044083307 9.786364e-05 0.00034704473 2.4446155e-05 0.03463453 1.176494e-05 8.414947e-06 0.00023062232 0.000115017756 7.005069e-06 0.009915444 0.010555585 0.0034889798 1.4208479e-05 0.017680572 0.008041922 0.023188552 1.4542648e-05 3.1560141e-06 0.004356523 0.023882205 3.5364348e-05 0.0029470318 0.00067458424 0.0056193485 2.7962378e-07 1.4310053e-06 1.6060245e-07 0.00578025 6.8609886e-08 9.056941e-07 4.5154515e-08 1.7942504e-07 7.9787407e-07 6.428194e-10 0.00025521967 3.2214808e-05 1.2952027e-07 5.9696213e-05 0.0025919797 5.191655e-06 3.3602553e-06 2.061027e-06 1.2057384e-05 2.024076e-06 8.970285e-05 1.230273e-06 5.061932e-07 1.3222854e-06 7.95235e-05 1.247163e-05 7.8564014e-08 1.1774525e-07 0.0010332312 2.0499563e-07
0.93050593 0.6300556 0.05185058 0.008815892 0.009540711 0.86415094 1.4491903e-17 0.003659547 0.0022908363 0.53894204 0.43058792 0.40590233 0.024067296 0.021033468 0.065663174 0.0016739733 0.0022548933 0.61119956 0.0010579721 0.11914924 0.00013178514 0.91059095 0.33983478 0.0002834056 0.003066814 0.0692531 0.29890245 0.034820534 0.007415687 0.09350481 8.160527e-06 0.0784313 0.33762747 0.15463339 0.20131406 4.00065e-05 5.947606e-05 0.10692115 0.052318044 1.8342687e-05 0.009921232 0.0046486603 2.1459033e-05 1.0255204e-05 0.12097987 2.9764122e-05 0.032892425 0.014032525 0.03760817 1.7249906e-05 0.12910976 8.091888e-06 5.360253e-06 8.6308864e-05 0.00055627705 3.367014e-06 0.03338438 0.0245158 0.022899408 7.0241485e-06 0.07420335 0.0035950232 0.004427727 5.292477e-06 0.0012999114 0.00019836833 0.0053047263 0.0026406066 0.01674435 0.004915014 0.014691137 8.893283e-07 4.4708113e-06 7.1866936e-07 0.016106032 2.716773e-08 5.9144215e-05 9.993744e-07 3.917823e-05 3.399336e-06 2.906084e-08 0.00039758152 0.0011241275 3.0423698e-07 0.00015253297 0.017841842 0.0008127221 1.9383739e-05 1.2818884e-05 0.00011454126 1.4870094e-05 2.5186582e-05 1.198e-06 1.057513e-05 4.2493545e-07 0.00019158705 1.7864035e-05 6.8517664e-05 1.3560224e-06 0.0006986812 1.4589574e-07
0.8640547 0.23254903 0.8081979 0.8568908 0.9237202 0.05512927 0.003659547 1.2948312e-16 0.89931613 0.00035866603 0.0004807588 0.0028078875 0.09720952 0.6369009 0.23293482 0.3965412 0.071192585 0.007940169 0.18893626 0.021789828 0.5463306 0.00048611773 3.200785e-05 0.06822014 0.49622813 0.010880907 1.1478818e-06 0.22816658 0.076376505 0.050642118 0.03198058 1.0877123e-06 0.00026738807 0.00015256455 0.00078555034 0.39802915 0.28911227 7.300936e-06 2.6678617e-06 0.1768047 0.038321905 0.0074378597 0.024335552 0.007901531 2.616837e-06 0.2751772 0.00011002874 9.6263776e-08 1.0142301e-07 0.0077440143 0.0014575729 0.0056411023 0.0017442527 0.0028860623 0.0039446456 0.0010897724 0.008190691 0.0014890003 5.7967023e-05 0.02990241 0.0043009217 0.0007786552 0.00045293354 0.028846756 2.2830814e-06 0.0074946512 0.015194534 8.486826e-08 2.4867784e-05 0.10106296 0.002092278 0.00096514705 0.00048745537 0.00039254822 0.016745666 3.5933175e-05 1.964474e-07 9.214644e-05 7.416984e-08 0.0007834323 1.9191115e-09 0.00029478793 6.698972e-05 0.00010837384 0.000105731786 6.2692605e-05 0.0013424892 0.0006496889 0.0005340879 9.405178e-06 9.050311e-05 0.0005217931 9.981757e-06 8.4654916e-05 0.0005484483 0.00031361732 0.00026419252 1.9701465e-08 5.0760675e-05 0.00058507785 2.3668777e-05
0.38497925 0.13798885 0.8810423 0.9443468 0.5823496 0.0351373 0.0022908363 0.89931613 2.7320936e-18 0.00019192115 0.0001697542 0.0005349802 0.0136119425 0.85263264 0.48411825 0.06593203 0.010871312 0.0019659325 0.04492315 0.008245016 0.15489975 0.00012294967 1.548861e-06 0.009782675 0.41103575 0.0014752982 2.5757913e-07 0.19348025 0.012562531 0.005177211 0.009176173 2.585202e-07 9.419656e-06 4.2593174e-06 5.9298905e-05 0.29860464 0.21627295 1.6898235e-07 1.02639504e-07 0.05316833 0.004576454 0.0019931793 0.016416913 0.0018326531 1.7310914e-07 0.14822926 3.130627e-06 3.465486e-08 7.829475e-08 0.0013630232 4.664974e-05 0.0014789057 0.00043084152 0.00090695964 0.0014384941 0.0003279624 0.0008392995 0.00037566843 6.2212433e-07 0.02348767 0.00022789245 0.0006355777 9.744696e-05 0.02280984 6.311824e-07 0.007712117 0.018276807 1.0464413e-07 8.206706e-06 0.09542494 0.00067155104 0.0014051137 0.00038065406 7.264498e-05 0.0040072505 2.2211698e-05 3.1868197e-07 5.2602943e-05 6.601003e-09 0.0012767635 8.63548e-09 9.161107e-05 2.42057e-05 2.754911e-05 5.4178904e-06 1.5558362e-05 0.00049733324 0.00029978107 0.0005636499 4.96875e-06 6.263428e-05 0.0001152158 4.2767665e-06 7.5023134e-05 6.519624e-06 0.00039385527 3.256975e-05 1.0777489e-08 4.0416828e-05 8.5925654e-05 4.7396325e-06
0.7419795 0.2918384 0.011914849 0.001606966 0.00449217 0.10901757 0.53894204 0.00035866603 0.00019192115 1.1894765e-19 0.995627 0.7932994 0.04706568 0.0014528967 0.010003419 0.00041280262 0.007684468 0.059191234 0.00037500088 0.013807554 2.6544694e-06 0.12166653 0.30310297 7.7644756e-05 0.001252338 0.18705219 0.123882756 0.011647531 0.00788717 0.0071696723 1.1648958e-06 0.016605148 0.032483023 0.29049647 0.015291399 1.1886979e-05 1.0012132e-05 0.18493815 0.07216228 2.8845569e-05 0.017262317 0.02212301 0.0001794698 2.9996592e-05 0.008118564 5.938716e-06 0.09586068 0.0074294764 0.005034445 5.61605e-06 0.08692078 5.9224953e-06 2.433945e-05 0.00017725395 0.0009585393 4.0586198e-07 0.061676845 0.053359564 0.024951005 5.1296024e-07 0.0012896121 1.8935363e-05 1.609909e-05 1.4735439e-06 5.97592e-05 2.2112868e-05 0.00017122843 0.0024542173 0.015746858 3.5690828e-05 0.02751437 4.275635e-07 5.1706656e-06 6.5648106e-07 0.003407566 5.4928492e-08 0.00012842567 1.7491042e-06 6.0643684e-05 5.8588995e-07 5.397111e-07 5.514963e-06 4.3081014e-05 2.2355889e-07 2.3967357e-05 0.015505985 4.357165e-06 1.1096681e-06 9.1709005e-08 2.0980935e-05 2.5789817e-07 3.020543e-05 7.310523e-08 1.494987e-06 1.6850754e-06 0.0005833126 2.9955797e-07 2.5398678e-05 4.2259873e-07 0.0010738336 4.943121e-09
0.46632046 0.13169673 0.011151023 0.00138851 0.0013404469 0.08441395 0.43058792 0.0004807588 0.0001697542 0.995627 3.155697e-20 0.5871144 0.027002143 0.00111925 0.009171183 0.0002196764 0.0040999055 0.07439595 0.00021026396 0.018731704 6.1580627e-06 0.15252274 0.6364969 4.454186e-05 0.00025000414 0.08846318 0.19625649 0.0031353494 0.0028956784 0.004337344 9.1915877e-07 0.025478404 0.041936874 0.25133416 0.015312093 7.4904133e-06 9.428896e-06 0.27447635 0.07045731 7.9284555e-06 0.0092724385 0.0095603205 0.00015428521 2.0650888e-05 0.008753753 1.3526474e-06 0.06874631 0.012102273 0.0069020754 5.8472474e-06 0.045601882 1.1507035e-05 6.9314715e-06 3.1440897e-05 0.00017419163 2.1802492e-07 0.04682988 0.047936775 0.024067797 1.0039615e-06 0.0011098603 4.3878994e-05 4.4797866e-06 8.7816807e-07 0.00023934935 4.4874364e-06 2.1356464e-05 0.0031941393 0.0155550605 7.354557e-06 0.017092995 6.227542e-07 1.0290061e-05 1.5322329e-06 0.0015919224 5.1642978e-08 0.00019048974 7.0348847e-07 0.000169025 8.794838e-07 4.1291537e-06 8.271293e-06 0.00018095333 1.1163982e-07 3.5637226e-05 0.010572681 4.5408005e-06 1.6030123e-06 1.5128136e-07 5.8560396e-05 3.8754143e-07 1.0269777e-05 1.00350256e-07 1.0227812e-06 1.0960593e-06 9.928577e-05 6.911599e-07 7.015743e-05 1.170534e-06 0.00012463408 5.85131e-09
0.91570556 0.56498545 0.01326554 0.0022835433 0.027841303 0.065858826 0.40590233 0.0028078875 0.0005349802 0.7932994 0.5871144 1.4043388e-20 0.53981966 0.002985542 0.0024217074 0.016160002 0.1171313 0.025552813 0.009323643 0.0029871087 0.0006573081 0.047045987 0.08436692 0.006699234 0.00029397098 0.9451987 0.04882636 0.0020587377 0.18427558 0.001367094 7.8364414e-05 0.0042885668 0.0053542885 0.62521464 0.00470737 7.835821e-05 5.177902e-05 0.06778554 0.044934463 9.657321e-06 0.2716149 0.23872742 9.883014e-05 0.00040174383 0.0010511804 1.2810646e-05 0.14260082 0.0008897203 0.0005717464 2.5653457e-05 0.3130136 4.942377e-05 0.001558105 0.0021132259 0.015921632 1.3492353e-05 0.40638953 0.29233497 0.058804587 1.3664192e-06 0.00034755512 2.7446627e-05 6.4234696e-06 2.8441195e-06 7.071972e-06 2.3856676e-06 1.3727785e-05 0.0010349733 0.032344542 2.7756945e-05 0.14565165 2.9196237e-06 3.9151146e-05 2.7268612e-07 0.064705335 2.0085906e-06 0.0001267635 8.2948216e-05 2.2323888e-05 1.4348276e-06 2.7578864e-07 7.936126e-06 2.7927904e-06 2.9231248e-07 2.497444e-06 0.03813178 2.781531e-06 1.2817642e-06 1.0136109e-06 2.2777338e-06 6.117087e-07 0.0026958368 2.0899435e-07 7.208693e-07 0.0002708934 0.0044546835 1.0011993e-06 6.472625e-07 1.5886759e-06 0.012020903 2.8568596e-07
0.97220606 0.49890384 0.07443953 0.037626345 0.6937676 0.03180782 0.024067296 0.09720952 0.0136119425 0.04706568 0.027002143 0.53981966 1.3512564e-19 0.046385445 0.0090513695 0.5301278 0.94536775 0.0035764463 0.4181386 0.003455993 0.27887836 0.00044490895 0.0011188583 0.27016205 0.017133828 0.45957467 2.9157214e-05 0.007830032 0.8196919 0.000749086 0.028670248 1.9288327e-05 8.2973216e-05 0.02462619 0.00014585297 0.010471632 0.0062987907 0.0004810675 0.0007637017 0.0035116593 0.4252558 0.30006748 0.0016850187 0.0056047803 7.0209735e-06 0.0028600972 0.0047991937 2.3346681e-06 4.5274996e-06 0.0013487202 0.038728483 0.00063960755 0.0031076125 0.0026030208 0.040956233 0.00016699065 0.16217142 0.07358222 0.0048416597 4.5467696e-05 0.00011099106 0.000118626376 2.3016673e-05 0.00020734136 7.186868e-06 5.1063575e-06 9.682931e-06 1.4422268e-05 0.0029956198 4.384152e-05 0.06678089 2.7658569e-05 5.5235505e-05 2.139785e-05 0.18830693 2.7590795e-06 1.9017907e-05 2.148789e-05 9.797925e-07 3.470327e-05 9.341139e-08 3.8540344e-05 1.0072564e-05 5.4323045e-06 1.5680955e-05 0.011639552 1.9785302e-05 1.6818572e-05 1.4498682e-05 4.3005252e-06 1.7651182e-05 0.00021273598 2.8769975e-06 7.535157e-06 0.000109864006 0.0007418014 4.2250085e-05 5.8001554e-08 6.011586e-06 0.0028741618 5.9783342e-06
0.9617363 0.2142254 0.72343683 0.7027556 0.41575122 0.14056316 0.021033468 0.6369009 0.85263264 0.0014528967 0.00111925 0.002985542 0.046385445 4.2932585e-16 0.801644 0.12606156 0.03231662 0.009954072 0.06180005 0.026883272 0.1416158 0.0010756261 8.606671e-05 0.024754725 0.8895754 0.02559025 2.3675311e-06 0.736654 0.069574304 0.06688871 0.0062901736 1.714454e-06 4.3999175e-05 9.751129e-05 0.0005360749 0.36892197 0.21217816 5.1451016e-06 1.4920608e-05 0.016178848 0.013286234 0.002143207 0.009144275 0.0017811742 3.0177873e-07 0.48235095 8.252883e-05 4.2335724e-08 1.835615e-08 0.0031796878 0.0011390359 0.003912342 0.0008502959 0.0018593833 0.0023338625 0.0006456845 0.0028533526 0.0008589301 1.9712867e-05 0.09036304 0.002135776 0.006395072 0.004249268 0.04327815 1.2649817e-06 0.11753607 0.16414914 3.86323e-07 0.00012114086 0.4730568 0.00077891175 0.0049738945 0.0001358259 6.6214634e-05 0.012482774 1.68471e-05 7.585414e-07 1.30757035e-05 3.651824e-08 0.002344036 2.4554239e-09 0.0043927296 5.381574e-05 5.0196404e-06 0.00013880499 0.00026205432 0.0027489366 0.002653781 0.0023952404 1.6096616e-05 0.00047518726 0.0003549485 0.00018611555 0.0004927796 1.2830002e-05 0.00058443705 0.00032943886 6.6065446e-09 0.00021039452 0.00015432599 6.4774626e-06
0.8561113 0.31663936 0.74069077 0.41755107 0.15496737 0.7768591 0.065663174 0.23293482 0.48411825 0.010003419 0.009171183 0.0024217074 0.0090513695 0.801644 5.5324416e-21 0.0296264 0.0033929136 0.3317721 0.017055405 0.64085114 0.03698523 0.010565152 0.00015399708 0.002266033 0.30579883 0.003527638 1.48155395e-05 0.94081426 0.007081286 0.64423805 0.0008546208 7.219861e-05 0.00033611027 0.00015295729 0.009769477 0.012880469 0.0047225123 2.3347848e-05 2.9436134e-05 0.0009450209 0.002554584 0.00021532003 0.0015933684 0.00030199398 9.5881e-06 0.038734674 9.221905e-05 9.558021e-07 1.0102299e-07 0.000117202646 0.001676304 0.00012125459 3.1431842e-05 0.00014081562 7.1481765e-05 1.6708265e-05 0.0011181934 0.00091242953 2.0908848e-05 0.0054063117 0.0056416756 0.060896408 0.03488392 0.0036214644 6.827286e-07 0.10242909 0.2375786 4.794443e-07 6.559798e-05 0.1668437 0.0008464519 0.00019047629 2.9591418e-05 6.481349e-06 0.0020389096 1.5170344e-06 3.1781974e-07 9.758581e-07 4.255348e-09 0.0002946887 8.7226476e-10 0.0058161193 2.3746754e-05 3.7313225e-06 7.910786e-05 0.00014099084 0.00045752712 0.0010525221 0.00064518565 2.6191065e-06 0.00027815337 0.000105960025 0.00022778122 0.0005435557 1.6295907e-06 0.00027634724 4.4150707e-05 3.3501224e-09 2.9917553e-06 0.00019001418 1.769645e-07
0.9335943 0.11919763 0.105900906 0.11727739 0.78272414 0.008193444 0.0016739733 0.3965412 0.06593203 0.00041280262 0.0002196764 0.016160002 0.5301278 0.12606156 0.0296264 1.04178774e-17 0.8019943 0.003106282 0.9527178 0.0036728787 0.64309686 0.00021656844 6.634529e-05 0.67235976 0.08514853 0.06826633 2.9017585e-06 0.03368597 0.5320182 0.0013375137 0.31327757 7.3129986e-06 0.00025496518 0.00096729666 0.00010495372 0.17076282 0.13341859 6.473582e-05 6.0199272e-06 0.19285724 0.25000066 0.12810059 0.02566575 0.06786267 2.3869966e-06 0.031028744 0.00078448904 1.1029684e-06 2.6175558e-06 0.008482916 0.0022372666 0.013939824 0.016879916 0.028489731 0.05583061 0.0061805933 0.059136152 0.008385979 0.00037979413 0.0005103565 0.00026089503 5.400401e-05 4.9391772e-05 0.0012548527 2.576252e-06 6.211578e-06 3.687635e-05 1.31028155e-05 0.0002458734 0.00026876427 0.020183286 0.00010012615 0.0004748962 0.0005584812 0.20356292 7.4999174e-05 3.3746617e-06 0.00020924737 6.7760817e-07 0.0001996081 2.9722266e-08 6.258466e-05 2.7882597e-05 4.781753e-05 3.8334296e-05 0.0017956534 0.001046378 9.537489e-05 0.00014392803 7.636561e-06 8.924456e-05 0.0014929249 6.5930476e-06 1.0019697e-05 0.0024491567 0.0021530413 0.00069215934 1.4658247e-07 2.8120423e-05 0.0033467019 0.00018882031
0.94831634 0.06427069 0.018690411 0.017667534 0.4646671 0.0024764226 0.0022548933 0.071192585 0.010871312 0.007684468 0.0040999055 0.1171313 0.94536775 0.03231662 0.0033929136 0.8019943 2.233557e-17 0.00046628283 0.79720277 0.00066996133 0.42358997 9.739392e-05 0.00019457961 0.5753229 0.0173041 0.18028715 3.286396e-06 0.006083702 0.8043202 0.00025590378 0.124589704 1.0389071e-05 4.0545074e-05 0.010211206 2.5278605e-05 0.018402077 0.010616405 0.00065361627 0.00022723142 0.022778919 0.46367878 0.471605 0.0038255542 0.059589334 3.0880283e-06 0.0025633269 0.0030355987 1.3484229e-06 2.5532042e-06 0.0015812357 0.012066518 0.0056237606 0.022884563 0.01662784 0.07340642 0.0018564074 0.14451322 0.028875986 0.00148418 5.061165e-05 0.00018371479 1.4167858e-05 1.4069151e-05 0.00018063176 3.821499e-06 3.0769015e-06 7.052521e-06 6.262114e-05 0.0011487103 3.2339536e-05 0.04546463 2.079149e-05 0.0003319837 8.136962e-05 0.1079748 9.611834e-05 1.7353064e-05 0.00012524317 3.7992723e-07 4.003764e-05 1.5590427e-07 3.1252173e-05 9.261386e-06 2.516536e-05 2.4481593e-05 0.004325963 0.00018500951 3.4984987e-05 2.7142181e-05 8.541571e-06 2.506082e-05 0.0022304333 1.535889e-06 5.6295685e-06 0.0031520259 0.0033774357 0.0001338971 3.110359e-07 9.73271e-06 0.00703409 6.64229e-05
0.59585154 0.2538936 0.023591256 0.004164875 0.00871374 0.8930986 0.61119956 0.007940169 0.0019659325 0.059191234 0.07439595 0.025552813 0.0035764463 0.009954072 0.3317721 0.003106282 0.00046628283 2.3535594e-18 0.0011424306 0.9408243 0.00030337722 0.878526 0.017016096 0.00017500605 0.0019431565 0.008889304 0.03848639 0.146977 0.000922068 0.79061234 6.658174e-06 0.017140701 0.4620129 0.008879221 0.79241127 4.039856e-05 1.730012e-05 0.007008575 0.0055789556 1.5148825e-05 0.0006532392 0.0002572876 1.837732e-05 4.563814e-06 0.07008193 6.4961925e-05 0.00467932 0.0025876442 0.0046108505 6.9335347e-06 0.0067912247 3.6833364e-05 7.5442963e-06 9.3621115e-05 0.00014293469 1.4237289e-05 0.0027349442 0.005743524 0.002129938 6.854671e-06 0.15682063 0.010303167 0.06291212 9.567283e-06 0.0010650625 0.001017289 0.015871756 0.00030553545 0.002125176 7.435721e-05 0.0031945263 2.542135e-06 2.0834593e-06 2.1423932e-06 0.0013756872 4.5673275e-08 3.252121e-05 2.2840888e-07 3.4134353e-06 5.4906236e-06 1.8502776e-07 0.0007753195 0.0038214976 7.9363645e-07 0.002258719 0.0011467986 1.9002986e-05 1.2278191e-05 6.6824105e-06 0.0017640732 8.6694645e-06 1.3517828e-05 6.963334e-06 9.093835e-06 1.1747815e-06 0.00016044686 1.0759483e-05 5.195905e-06 9.0991557e-07 0.00016395579 1.0318751e-06
0.87702173 0.04455442 0.051157165 0.06930945 0.5731389 0.0075376877 0.0010579721 0.18893626 0.04492315 0.00037500088 0.00021026396 0.009323643 0.4181386 0.06180005 0.017055405 0.9527178 0.79720277 0.0011424306 1.2826093e-17 0.0026195487 0.7323079 0.00022214337 2.3348852e-05 0.91306806 0.046987396 0.030928968 3.280481e-06 0.01822089 0.42148003 0.0014909094 0.6104718 4.916406e-06 0.00010816238 0.00055455003 7.365089e-05 0.09528572 0.06768891 2.6569855e-05 2.070357e-06 0.17650011 0.2504866 0.14607273 0.027644595 0.26613507 3.1894822e-06 0.016408032 0.0005907085 5.569915e-07 9.403182e-07 0.00816953 0.0017303752 0.037569694 0.047976602 0.052245162 0.06666225 0.017644063 0.061573077 0.0074758837 0.0002145927 0.00024325027 0.000345408 1.1027249e-05 4.3716036e-06 0.0007018406 1.6134338e-06 1.0284272e-05 2.0818812e-05 1.7090703e-06 6.668249e-05 0.0001969448 0.018046184 1.6707101e-05 0.0015800303 0.0009985295 0.0992684 0.00046327294 2.747647e-06 0.0008944019 1.4917988e-07 6.6866785e-05 1.2034263e-08 1.545679e-05 7.735278e-06 0.0002859115 9.6562335e-06 0.0009768177 0.000745197 2.1104715e-05 2.0334955e-05 1.2490018e-05 1.0999322e-05 0.0044379933 2.486392e-07 1.625107e-06 0.01212642 0.0046673995 0.00037865166 1.4801938e-07 5.6863055e-06 0.0052006 0.0002508058
0.36921886 0.15051042 0.0633113 0.013417571 0.017767088 0.843759 0.11914924 0.021789828 0.008245016 0.013807554 0.018731704 0.0029871087 0.003455993 0.026883272 0.64085114 0.0036728787 0.00066996133 0.9408243 0.0026195487 8.248261e-19 0.0031797406 0.29294294 0.0012754613 0.0006878348 0.0061993543 0.0020734218 0.0011117873 0.29094455 0.0018704206 0.97609 0.00010229774 0.0024733176 0.04145769 0.0005776442 0.34565538 0.0002738063 0.0004677178 0.00052552583 0.00027669242 0.00034793618 0.00072158675 0.00014743663 0.00042797168 0.00016691088 0.0025555955 0.0005866484 0.0007007588 0.00012522347 0.00022251654 2.0726931e-05 0.00185297 0.00023239854 2.8405726e-05 0.00020685967 0.00011885115 6.024956e-05 0.0012204167 0.001823144 0.0003365648 2.2775068e-05 0.098617345 0.030213414 0.0866689 1.8923107e-05 2.9698254e-05 0.0032718203 0.05490903 1.0370514e-06 0.00059514283 0.003863085 0.002345419 5.2096343e-06 2.8395922e-05 1.9660645e-06 0.0019177141 6.822313e-07 1.7610683e-06 3.3884576e-06 1.7004348e-07 3.49228e-06 3.5092247e-09 0.0021950582 0.000991865 6.2615495e-06 0.002365685 0.00037249582 2.9078243e-05 2.142519e-05 8.462662e-06 0.0003522014 1.0843808e-05 1.8161003e-05 2.9056064e-05 2.592191e-05 3.2566752e-06 0.00026875376 8.95499e-06 7.02781e-07 1.1880866e-06 7.517797e-05 3.223492e-06
0.92890465 0.015089536 0.08679718 0.23812352 0.64820296 0.0012979932 0.00013178514 0.5463306 0.15489975 2.6544694e-06 6.1580627e-06 0.0006573081 0.27887836 0.1416158 0.03698523 0.64309686 0.42358997 0.00030337722 0.7323079 0.0031797406 2.2167106e-15 2.2684393e-05 5.3314045e-07 0.7486932 0.1559396 0.020978902 6.163197e-08 0.038744174 0.37679064 0.00025024984 0.9344404 2.8103413e-08 5.44483e-06 3.680489e-05 9.154702e-06 0.5222225 0.46729425 3.0259577e-07 1.9809922e-07 0.8426035 0.22519813 0.064466685 0.32529414 0.21897343 2.3327773e-07 0.14151117 1.8881772e-05 3.053465e-09 1.0106881e-08 0.12537536 0.00061271037 0.29955164 0.09274417 0.105380125 0.16557695 0.053783886 0.033597868 0.0013416444 2.331463e-05 0.013106797 0.0010147664 9.175102e-06 4.058726e-06 0.014623545 3.8506175e-07 1.9270235e-05 7.1590066e-06 1.1719781e-08 1.634792e-05 0.017926088 0.0061224448 0.0010189688 0.0025317352 0.022850001 0.28537303 0.0003284388 2.880763e-07 0.0013195474 2.5813844e-08 0.0015749777 1.2367099e-10 0.00017304932 1.29455575e-05 0.00028498948 9.5023264e-05 0.000254981 0.0292408 0.0001013292 0.00089316803 2.4040485e-06 2.7753293e-05 0.010782145 1.2837912e-06 5.17381e-05 0.014177545 0.007846433 0.01444428 1.7430535e-09 0.00032516447 0.0041991817 0.00041959432
0.92948884 0.049674135 0.0014819603 0.0010828567 0.00011136342 0.54824233 0.91059095 0.00048611773 0.00012294967 0.12166653 0.15252274 0.047045987 0.00044490895 0.0010756261 0.010565152 0.00021656844 9.739392e-05 0.878526 0.00022214337 0.29294294 2.2684393e-05 5.5273062e-17 0.40270126 4.3433887e-05 0.00010049809 0.015060194 0.75999546 0.03865344 0.00017667035 0.50108093 4.159567e-06 0.50556594 0.8809152 0.06810297 0.856779 3.5773753e-06 3.9043443e-06 0.07942172 0.119939014 1.3216443e-05 0.00028662325 0.00023991265 3.598963e-05 6.481003e-06 0.7844257 6.724078e-06 0.022687247 0.23933169 0.6283647 1.0257327e-05 0.038622987 1.4913367e-05 6.330035e-07 1.4356236e-05 1.6015752e-05 1.4730492e-06 0.0026232463 0.010441382 0.027157806 7.2319917e-06 0.48022357 0.0035541363 0.006589208 1.18867865e-05 0.038237415 0.0001348697 0.00096224184 0.0045750425 0.015628062 6.847781e-05 0.0035589936 1.496071e-06 4.4111625e-06 3.7052944e-06 0.002722082 2.1267095e-07 7.304457e-05 1.568278e-07 1.6478558e-05 4.049922e-06 3.1424526e-07 6.724665e-05 0.0023528591 5.114835e-07 0.0008582636 0.008446883 0.00013418384 1.8643132e-05 5.6394074e-06 0.00040913594 1.3855799e-05 5.0073572e-06 2.5764643e-07 5.238932e-07 6.4190516e-07 4.9478e-05 7.178885e-05 3.768103e-05 2.553753e-07 0.0003453179 4.8809267e-07
0.8668474 0.0045973617 0.0004402304 0.00012234425 1.5590607e-05 0.0074025877 0.33983478 3.200785e-05 1.548861e-06 0.30310297 0.6364969 0.08436692 0.0011188583 8.606671e-05 0.00015399708 6.634529e-05 0.00019457961 0.017016096 2.3348852e-05 0.0012754613 5.3314045e-07 0.40270126 2.1025583e-18 1.8496621e-05 9.816209e-07 0.021264007 0.92851627 5.0198774e-05 0.00018378557 0.00037107052 6.3343043e-07 0.7952656 0.07701159 0.50960565 0.021576189 2.814916e-07 3.0535844e-07 0.9426907 0.8314946 5.4239837e-07 0.00041529938 0.00039579874 4.360266e-06 3.983858e-06 0.08947692 1.1882779e-06 0.081987984 0.43523252 0.13340141 4.6119357e-07 0.0658023 3.4792768e-07 1.0268029e-06 2.2013419e-06 2.1441216e-05 6.43127e-07 0.0033649919 0.011239962 0.08077837 5.35701e-07 0.0021327676 3.3433473e-05 4.4431727e-05 1.764762e-06 0.014654076 7.0447572e-06 4.6009663e-05 0.006101665 0.051801905 5.912084e-06 0.0062492876 4.225834e-07 1.0220401e-06 8.188486e-09 0.001121404 2.3550802e-08 0.0005098815 3.812302e-07 0.0087830685 1.2277887e-07 0.00050940906 3.6982427e-05 0.0006785442 1.511582e-07 2.0510555e-05 0.025065452 2.2398688e-06 6.9114185e-06 2.5299465e-07 0.00010332124 1.5531609e-06 4.548875e-06 1.6214867e-07 5.013258e-06 2.1125143e-08 4.5799967e-05 3.6470124e-07 0.0017579843 9.831592e-07 8.178833e-05 4.312873e-09
0.9512089 0.016550511 0.007958485 0.017468315 0.24408798 0.0010195549 0.0002834056 0.06822014 0.009782675 7.7644756e-05 4.454186e-05 0.006699234 0.27016205 0.024754725 0.002266033 0.67235976 0.5753229 0.00017500605 0.91306806 0.0006878348 0.7486932 4.3433887e-05 1.8496621e-05 1.617449e-15 0.01717263 0.02516734 5.643779e-07 0.0036035017 0.57357 0.0001487715 0.9380168 8.099527e-07 1.6871152e-05 0.00070065795 2.4512292e-05 0.050006796 0.030141737 9.086257e-06 1.9399206e-06 0.21822616 0.43857998 0.31891572 0.033142738 0.748359 1.7028051e-06 0.003365634 0.0004565961 1.8471535e-07 2.503676e-07 0.007882192 0.005173754 0.10426235 0.24238053 0.2254379 0.38248983 0.08395333 0.11417764 0.016032586 0.00028598975 4.3214328e-05 0.0009409749 1.1614476e-05 5.3312447e-06 0.00023525079 1.4918296e-06 1.7158953e-06 2.5880943e-06 4.954051e-07 0.00019870064 1.9382554e-05 0.040424917 1.2349121e-05 0.0029682117 0.0022024005 0.36045095 0.00096457975 4.7384347e-06 0.0013296583 4.6634838e-07 6.932903e-05 1.6891008e-08 2.8505377e-05 7.2249322e-06 0.00032322903 2.6487654e-05 0.0010781558 0.0020807676 7.689317e-06 9.991633e-06 3.22014e-06 5.3838917e-06 0.02222497 4.5646388e-07 4.5165066e-06 0.05661866 0.018272832 0.001994656 3.3520146e-07 6.9081566e-06 0.02526002 0.0009308543
0.8474101 0.050888386 0.19207947 0.5497272 0.108734235 0.028934529 0.003066814 0.49622813 0.41103575 0.001252338 0.00025000414 0.00029397098 0.017133828 0.8895754 0.30579883 0.08514853 0.0173041 0.0019431565 0.046987396 0.0061993543 0.1559396 0.00010049809 9.816209e-07 0.01717263 2.9693318e-15 0.013948289 1.8161398e-07 0.57554436 0.037524585 0.010293723 0.008367895 1.1036591e-07 3.3151894e-06 9.879146e-06 6.550659e-05 0.46164703 0.23822327 5.3506074e-07 2.9439739e-06 0.027874198 0.00236411 0.00041919295 0.010366363 0.0012946867 1.0221381e-07 0.96379334 4.028854e-06 8.779569e-09 7.929774e-09 0.01754569 5.406043e-05 0.0023710926 0.00020878014 0.00048246674 0.00036723004 0.0001423059 0.0001269222 0.00019263668 8.6394505e-07 0.3005434 9.534834e-05 0.002156443 0.00086145924 0.1949185 1.5974504e-07 0.081271976 0.059143387 3.048642e-08 0.0001431071 0.5827421 0.000105653875 0.024613407 6.950254e-05 0.00014543586 0.0020773169 8.457603e-06 7.3406195e-06 7.087123e-06 1.3283825e-08 0.005359464 4.2856163e-09 0.003409835 7.3062647e-06 6.0660486e-06 1.9290794e-05 0.00020414204 0.0062611615 0.005136934 0.0050615463 1.1176048e-06 0.0012143014 3.7327158e-05 0.00028138468 0.0008897734 1.816865e-06 0.00035419664 0.00035529464 3.5239072e-09 0.0012747378 0.00019838386 6.5386967e-06
0.98539245 0.10579558 0.010639545 0.0065625273 0.031964496 0.027932161 0.0692531 0.010880907 0.0014752982 0.18705219 0.08846318 0.9451987 0.45957467 0.02559025 0.003527638 0.06826633 0.18028715 0.008889304 0.030928968 0.0020734218 0.020978902 0.015060194 0.021264007 0.02516734 0.013948289 1.09125794e-20 0.021241859 0.0044331774 0.5341964 0.00044562024 0.0017521706 0.0013273684 0.0026050322 0.43800005 0.0010343003 0.003208689 0.0014919093 0.009565408 0.049630236 0.000803118 0.75911194 0.69151783 0.00064669293 0.001409975 0.00036131573 0.00019104972 0.21965 0.00037782884 0.00017301201 0.00037917402 0.6011033 0.0010890113 0.0056659444 0.0034827 0.0738042 0.0002506927 0.79710644 0.62895757 0.060959127 9.4933046e-07 0.00013097814 2.7016424e-06 9.700431e-07 3.2751323e-06 1.738694e-05 1.1998471e-05 6.0573025e-06 0.00062900234 0.019557754 0.00012513655 0.49023685 3.9722428e-07 0.00015047565 3.5513613e-06 0.36737576 2.6059155e-05 0.0004177851 0.00017641412 2.6001931e-05 2.8944413e-07 3.9586965e-07 2.8002526e-06 3.7674945e-06 1.445757e-06 2.3314753e-06 0.07882772 1.3610727e-06 7.9862315e-07 4.4352512e-07 8.362773e-07 4.3056403e-07 0.0013697314 1.0828658e-07 1.4261661e-06 0.00047867678 0.0071344236 7.826597e-07 3.6124784e-06 2.9475854e-07 0.025387159 1.3392469e-06
0.93536687 0.0009595454 1.499417e-05 1.0016793e-05 1.349111e-06 0.0069601447 0.29890245 1.1478818e-06 2.5757913e-07 0.123882756 0.19625649 0.04882636 2.9157214e-05 2.3675311e-06 1.48155395e-05 2.9017585e-06 3.286396e-06 0.03848639 3.280481e-06 0.0011117873 6.163197e-08 0.75999546 0.92851627 5.643779e-07 1.8161398e-07 0.021241859 8.1037964e-19 0.0002518427 0.00012729898 0.0015572865 1.1297229e-07 0.9790612 0.35009626 0.18497309 0.10200522 1.0784425e-07 3.6734527e-08 0.3375243 0.43634188 2.2399809e-07 7.686139e-05 0.00014813061 7.740831e-07 4.2652175e-07 0.51164734 7.712233e-07 0.081406 0.5623699 0.4960348 1.3702108e-07 0.14096053 2.0707824e-07 1.0394748e-07 2.7513244e-07 3.0549404e-06 5.3315546e-08 0.0051894877 0.023756957 0.15750521 9.64502e-07 0.016924784 0.00020817868 0.00042241244 4.3673617e-06 0.062810816 1.9930624e-06 1.49059015e-05 0.024847621 0.13020924 2.0574216e-06 0.006716865 1.3763892e-06 3.1554285e-07 6.750228e-08 0.00060005713 5.1249103e-08 0.00021076907 9.1893924e-08 0.0018530522 1.5427152e-06 4.946922e-05 6.1037854e-06 0.003044463 1.2794773e-07 2.6924414e-05 0.03793878 1.5472939e-05 1.0004186e-06 5.257441e-07 0.00019589487 2.009583e-06 7.7067926e-07 1.6707101e-07 4.4851748e-07 1.09045374e-07 1.582702e-05 6.430982e-07 0.00065424305 5.243136e-07 0.00014154457 1.1980557e-08
0.77472484 0.082541645 0.27899602 0.32530415 0.057486195 0.3688186 0.034820534 0.22816658 0.19348025 0.011647531 0.0031353494 0.0020587377 0.007830032 0.736654 0.94081426 0.03368597 0.006083702 0.146977 0.01822089 0.29094455 0.038744174 0.03865344 5.0198774e-05 0.0036035017 0.57554436 0.0044331774 0.0002518427 2.1831084e-16 0.008058086 0.617792 0.0009625907 0.000118240765 0.005504182 0.00022462608 0.02239391 0.05781058 0.020871934 3.0221308e-05 6.122398e-05 0.0023592426 0.0007468174 0.00018742721 0.008597591 0.0008016182 9.663793e-05 0.12793122 0.00021012724 3.4560965e-06 8.3027235e-06 0.0031695834 0.0015024336 0.0005199705 0.0003016759 0.00030467415 0.00015224 0.00013059148 0.00062120846 0.0013078721 3.3413326e-05 0.10372752 0.009673697 0.36982146 0.11825252 0.02867469 1.4884621e-05 0.7510094 0.76744556 1.6332808e-06 0.0005456147 0.72937405 0.0009781275 0.0069998344 0.0003326261 8.395904e-05 0.0026951593 4.7038448e-05 1.92607e-05 1.6947704e-05 1.1874685e-07 0.0045431615 3.6872407e-07 0.119388446 0.0002650991 8.3469335e-05 0.0006377526 0.0004180765 0.004925539 0.01297294 0.007962487 5.4546406e-05 0.0042817825 0.0001243846 0.0057418756 0.014689511 6.8608388e-06 0.0007867664 0.00073216064 9.6974574e-08 0.00046032513 0.00018920173 8.687233e-06
0.9695547 0.086049676 0.030450845 0.040282834 0.20404387 0.0093621295 0.007415687 0.076376505 0.012562531 0.00788717 0.0028956784 0.18427558 0.8196919 0.069574304 0.007081286 0.5320182 0.8043202 0.000922068 0.42148003 0.0018704206 0.37679064 0.00017667035 0.00018378557 0.57357 0.037524585 0.5341964 0.00012729898 0.008058086 2.1413407e-16 0.0003408322 0.13783777 2.3529486e-05 9.503903e-05 0.0039515984 9.1502276e-05 0.034168676 0.021621494 0.00011415065 0.00011734982 0.05124475 0.8727985 0.8283894 0.009640426 0.061119474 7.759586e-06 0.0066211224 0.00084902765 6.054727e-06 4.0277287e-06 0.010625435 0.017289469 0.037503228 0.05623828 0.031003963 0.29099628 0.014715668 0.34914893 0.052826744 0.0024239463 2.453706e-05 0.00042383466 4.29958e-05 9.173902e-06 6.379603e-05 1.6171472e-05 1.4908944e-05 8.841028e-06 9.2596465e-06 0.0015436396 0.00012908087 0.103269555 2.3568587e-05 0.0036402426 0.0014193496 0.4670877 0.000591368 1.4161929e-05 0.0015656069 2.1940523e-06 2.0186428e-05 6.256365e-07 2.2414211e-05 4.2220136e-06 0.00036799622 3.100119e-05 0.019052308 5.7020457e-05 1.0290778e-05 3.4542663e-05 2.0072252e-06 5.849411e-06 0.0035932716 3.3610402e-06 2.3508606e-05 0.0053302944 0.007980089 0.00087428495 2.6595612e-07 8.60405e-06 0.015059921 0.00058144366
0.5391655 0.08438023 0.0689422 0.053799514 0.012308617 0.67893744 0.09350481 0.050642118 0.005177211 0.0071696723 0.004337344 0.001367094 0.000749086 0.06688871 0.64423805 0.0013375137 0.00025590378 0.79061234 0.0014909094 0.97609 0.00025024984 0.50108093 0.00037107052 0.0001487715 0.010293723 0.00044562024 0.0015572865 0.617792 0.0003408322 1.04926595e-17 1.8192968e-05 0.0020518794 0.2458956 0.00023772895 0.5480677 0.00035152124 0.00011911736 3.2001535e-05 1.3119007e-05 0.00022275392 2.5127372e-05 2.3322367e-05 0.00024111388 5.6546352e-05 0.013445989 0.00015906469 5.615935e-05 7.933232e-05 0.0010219316 4.021804e-05 0.00019887809 0.00026145345 2.1347769e-05 0.00013241745 7.508526e-05 5.5857516e-05 5.9146132e-05 0.00027871845 1.1625999e-05 0.0004621821 0.4767476 0.58391905 0.67860055 9.105172e-05 2.8189914e-05 0.109783925 0.45307642 4.943006e-06 0.00023739228 0.014814482 0.0005876263 3.4773002e-05 1.231404e-05 3.1054657e-07 0.001725333 1.2936665e-06 7.3635542e-06 1.1300747e-06 1.0542303e-07 2.1539468e-05 2.072089e-08 0.012649227 0.002258273 5.837594e-07 0.017070571 0.00023744321 0.0006089852 0.00013969287 1.5298101e-05 0.00051779393 1.4975506e-05 5.8076225e-06 0.00010249235 0.00011411386 9.8515784e-08 0.00017620025 9.5414425e-06 1.4746819e-07 1.8306451e-06 3.1475607e-05 1.5970627e-06
0.91081524 0.0003451981 0.00156686 0.008685342 0.061688002 0.00013467639 8.160527e-06 0.03198058 0.009176173 1.1648958e-06 9.1915877e-07 7.8364414e-05 0.028670248 0.0062901736 0.0008546208 0.31327757 0.124589704 6.658174e-06 0.6104718 0.00010229774 0.9344404 4.159567e-06 6.3343043e-07 0.9380168 0.008367895 0.0017521706 1.1297229e-07 0.0009625907 0.13783777 1.8192968e-05 2.4126226e-15 2.912782e-08 6.8658196e-08 4.6354784e-05 7.54982e-07 0.06826264 0.06443368 1.9967882e-07 1.4155744e-07 0.8179403 0.13242826 0.064978965 0.354515 0.84315056 5.631985e-08 0.0036475903 3.5085526e-05 5.6755587e-09 6.9553794e-09 0.05550102 0.00045608776 0.63135463 0.41352543 0.38278526 0.26726192 0.47138122 0.026283799 0.003178269 5.068944e-06 0.00010710491 0.00015742097 3.927581e-06 3.407096e-06 0.00049932476 9.993043e-08 4.1563138e-07 5.856827e-07 7.3374102e-09 6.190713e-06 1.1817173e-05 0.010493795 1.8282768e-05 0.0389338 0.027317582 0.2099855 0.014429728 1.0389005e-06 0.013656854 5.5566933e-09 0.0002286618 5.6610285e-09 2.298456e-05 3.6622241e-06 0.002520153 3.703456e-05 0.0001991681 0.0066140606 4.9255523e-06 6.8528802e-06 1.818817e-06 1.3491406e-06 0.0392028 2.2837771e-07 2.748373e-06 0.0701153 0.022623546 0.007110025 1.4868412e-08 1.005338e-05 0.02216432 0.0021896022
