2.6833967e-30 0.9800043 0.954465 0.8734725 0.8677467 0.9623886 0.97519255 0.96220964 0.8328182 0.95492274 0.89648145 0.9085584 0.8097494 0.8357597 0.90727633 0.91934687 0.958769 0.80746824 0.87425447 0.8805851 0.9423378 0.7767959 0.9655244 0.9040297 0.95346344 0.8927604 0.86105216 0.45477325 0.60182947 0.82566994 0.90666133 0.34883448 0.96050036 0.5262213 0.49241254 0.91192913 0.95575744 0.78742415 0.10216434 0.8537459 0.6262133 0.07392747 0.06686334 0.9758016 0.1328259 0.010889341 0.24976683 0.03659266 0.4614602 0.33535507 0.697502 0.0019256908 0.008494172 0.82611144 0.9902147 0.00073973957 0.003918723 0.0007981549 0.9929524 0.8892907 0.9416355 0.0003242995 0.37102813 0.3217091 0.010096882 0.0028962968 0.0033231997 0.0005454628 0.9815388 0.9993352 0.003611802 0.00064252224 0.25376657 0.91207576 0.80647564 0.97360694 0.0009013278 0.04882922 6.981856e-05 0.00069691206 0.066095665 4.6651254e-05 0.35801402 4.9589744e-06 0.9714243 0.15747596 1.25980905e-05 2.5705385e-06 0.983778 0.0064600324 0.39625475 2.075194e-06 0.9981181 0.9932897 0.014111878 5.2238005e-07 0.9579986 0.9999855 6.8499765e-05 1.9374202e-05 0.29595137
0.9800043 6.254489e-19 0.88261217 0.7380729 0.6411708 0.4472686 0.71767 0.13282792 0.056865085 0.043755665 0.0036748005 0.80937093 0.015659288 0.006102509 0.04145336 0.0070152683 0.048209623 0.00017004488 0.17599715 0.0041670557 0.081927724 0.029694617 0.01362072 0.9106806 0.015819104 0.0018552386 0.013196394 0.28895134 0.00012964319 0.00024867966 0.015504062 0.043684974 7.834027e-05 0.32839072 0.120721355 0.0140206395 0.0034017784 3.334756e-05 0.3007894 9.1127026e-07 4.323659e-05 0.12186635 0.73853195 0.0016531239 0.3407813 0.015928745 0.00095408375 0.005686851 0.0016065707 0.0019035091 0.00040278633 0.066060625 0.062512785 4.0031478e-06 0.0025678596 0.034545515 0.08866355 0.007836476 0.0019373371 0.0005582905 1.3664969e-05 0.0067009814 0.00053215504 0.018983062 0.04051725 0.0046264185 0.009910854 0.007860138 0.007965995 0.0004276506 0.000317263 0.0009171275 3.055797e-06 1.3979876e-05 0.0020607826 1.221627e-06 0.0029921194 1.6119599e-05 0.0008923001 0.00088808977 7.2951e-07 0.00040302842 0.00071179116 0.00048856676 0.008050765 0.00013896101 0.00021647468 0.00013939971 0.0023175208 0.0008421285 3.0042408e-08 0.0001201485 0.0021484653 0.0027184347 3.1535757e-05 7.029547e-05 0.0074100913 0.00093228155 0.00018239378 0.0001014047 0.00017970496
0.954465 0.88261217 7.495101e-19 0.71463925 0.6245497 0.8849296 0.5567225 0.77290034 0.74274576 0.36573526 0.06602378 0.2718455 0.10410204 0.018619312 0.10084043 0.07568012 0.13744678 0.004987006 0.06526295 0.020740854 0.069423005 0.0757296 0.038550913 0.3605411 0.06091196 0.02353637 0.03281146 0.08314614 0.0008545642 0.007790689 0.16599324 0.02252196 0.0008611955 0.06462235 0.011391804 0.06953197 0.061077308 0.00014783494 0.040666007 1.9214998e-05 0.0023739422 0.022379434 0.20109479 0.009275269 0.029258735 0.007908882 0.001193108 0.003690316 0.004585115 0.0054768566 0.0026854612 0.0027287786 0.009445826 0.00012345101 0.039911136 0.001875803 0.004701484 0.0004543354 0.021526204 0.020680767 0.0002474351 0.00076654187 0.00068859215 0.0012786718 0.004407173 0.00061172154 0.0006389592 0.0006261559 0.03191896 0.0039925696 0.00011181111 0.00017921992 2.3661845e-05 0.00023220248 0.010851538 3.953562e-05 0.0011975123 2.4105902e-05 5.3322747e-05 7.9859354e-05 3.8481906e-07 8.1726575e-05 0.0047350717 7.9314805e-06 0.042226575 2.075292e-05 5.980906e-06 1.0142028e-06 0.012200903 1.2154953e-05 4.7901715e-08 1.7676625e-06 0.012117772 0.016030394 7.761188e-07 8.463582e-06 0.020388998 0.0059864502 7.007662e-06 4.6073665e-06 0.0018819418
0.8734725 0.7380729 0.71463925 1.02691626e-25 0.9748832 0.056901157 0.024594285 0.17831418 0.085162275 0.004814016 0.032700885 0.048984375 0.15536788 0.019877486 0.0035961976 0.0036740117 0.005429765 0.0019745128 0.75325304 0.0028849656 0.44795406 0.0031286557 0.026078492 0.36389688 0.17756054 0.00072947424 0.0020707492 0.007375766 0.0013096258 0.00046057478 0.014364208 0.0005949121 0.00033291013 0.54051983 0.27750567 0.0054738335 0.0037116841 0.00015450946 0.23462075 7.44113e-06 0.0018034906 0.161494 0.07515709 0.0015495304 0.12048095 0.00051256176 0.00014605968 0.0001750067 0.00019868604 0.014969046 0.00021553678 0.0012281893 0.00149733 1.9247167e-05 0.0036213906 0.0012406129 0.0097423885 0.00031594926 0.0021400135 0.001960773 6.2759485e-05 0.00033295585 5.2469273e-05 0.17299347 0.058659893 0.00018329547 0.0074356925 0.001294151 0.0007144217 0.0014672002 1.4437325e-05 1.828404e-05 1.0143318e-05 5.010326e-05 0.00049522426 9.271522e-06 0.00520776 2.9420977e-05 4.4719734e-05 0.0016815168 6.7599643e-07 4.2876276e-05 0.00022663281 2.6950152e-05 0.0012494149 3.9401733e-05 6.3104155e-05 1.2559134e-06 0.0009951043 0.0007746333 5.2407364e-07 2.355122e-05 0.0012871935 0.0019943574 8.508478e-05 2.0719865e-06 0.0015812438 0.0009042719 0.00017685562 0.0001231097 4.955821e-06
0.8677467 0.6411708 0.6245497 0.9748832 7.368784e-24 0.030071335 0.02124309 0.13900328 0.051612265 0.0011637909 0.025590124 0.05417022 0.15089726 0.025973534 0.0016745952 0.0043431246 0.0034866363 0.0020760563 0.818295 0.0034333768 0.492834 0.0021202145 0.02176984 0.32496542 0.28600767 0.00017749923 0.0011885365 0.008602229 0.001905159 0.00031883112 0.008707967 0.00067324645 0.0002640449 0.6545275 0.34274068 0.0014568323 0.001149462 0.00040167407 0.4054325 3.445183e-05 0.0048991702 0.27621937 0.08710181 0.0010520855 0.1764315 0.0004483328 8.3586434e-05 0.00020616327 8.3712395e-05 0.0396091 4.5615838e-05 0.0011923846 0.0017174212 0.00026327826 0.00044969106 0.001257438 0.013971439 0.00025583204 0.0010714859 0.0006601529 6.334419e-05 0.0003237958 4.4418503e-05 0.28024787 0.11533696 0.00035524383 0.012740706 0.0018535999 0.00022592842 0.0018206473 9.795995e-06 1.6582035e-05 6.781519e-05 0.00010967077 0.000100767764 3.3445398e-05 0.017943304 0.00015872813 3.4738066e-05 0.0036816914 2.784639e-06 4.3843607e-05 1.5511738e-05 2.5414502e-05 0.00021281088 0.00017523149 0.00010308089 2.3466998e-06 0.00026174437 0.007961909 2.4436213e-06 3.694207e-05 0.00022103518 0.001028942 0.00023286976 3.985423e-06 0.000313273 0.0008480077 0.00037234207 0.00024249172 7.6953427e-07
0.9623886 0.4472686 0.8849296 0.056901157 0.030071335 4.4863495e-19 0.7578155 0.43252274 0.68924475 0.9123585 0.00079448236 0.26341155 0.002174871 0.0010246935 0.45691812 0.14343955 0.7375667 4.348014e-05 0.030417474 0.012454182 0.006402059 0.5085094 0.0067076758 0.31123096 0.0018109609 0.21754813 0.26749644 0.11279511 1.4616327e-05 0.0017481438 0.3178331 0.0613283 0.00011780395 0.0075534973 0.001981156 0.19842526 0.14766842 3.4903026e-06 0.009779149 3.5195004e-07 6.7449128e-06 0.0017549983 0.09337473 0.009470482 0.004193909 0.007966649 0.0027326525 0.008020438 0.015741901 2.4878223e-05 0.011779751 0.00095177675 0.0071097505 4.34277e-06 0.0656882 0.00049828296 0.00090396934 0.00035861437 0.022054292 0.0104626985 5.5931447e-05 0.0006454912 0.0012232297 2.225022e-05 0.0003302328 0.00047369796 8.003242e-05 0.00025541638 0.10579731 0.0032658086 0.00044729287 0.00030266578 7.172394e-06 3.5451736e-05 0.040459946 4.841061e-06 0.00020746916 3.7368957e-06 0.0001749508 2.7008895e-05 5.825667e-08 6.0533155e-05 0.0029844006 7.252394e-06 0.10845861 2.1246146e-06 6.4900823e-06 2.8983236e-06 0.036167912 3.0489039e-06 4.372337e-08 1.3845985e-05 0.013184311 0.017972032 4.7380976e-07 1.8989705e-05 0.04259257 0.008242827 3.5348163e-05 1.8597175e-05 0.0016669407
0.97519255 0.71767 0.5567225 0.024594285 0.02124309 0.7578155 1.6643006e-19 0.028173624 0.027624743 0.043088328 2.9105318e-05 0.90733486 0.00035985338 6.5068816e-05 0.5883884 0.0027732828 0.35627452 4.3338474e-07 0.003132631 0.00023173592 0.00055632 0.25458032 0.00030011914 0.37758923 0.0001224527 0.029201798 0.70449644 0.7992764 2.9039555e-07 3.069495e-06 0.013637377 0.6299676 2.5214968e-07 0.009334315 0.0023651414 0.01940685 0.0042934916 7.397018e-09 0.01086541 5.7442107e-10 2.3458349e-09 0.0025325974 0.39382604 9.43715e-05 0.01044699 0.13370606 0.065341525 0.13431245 0.0056121373 4.328406e-06 0.0017494205 0.0070151654 0.114304855 1.5925585e-07 0.0020805586 0.0025985043 0.0010004286 0.0023387934 0.0006175633 0.00046084475 5.793212e-08 0.00040926685 0.012832082 2.5843123e-05 0.00020129263 0.020604515 0.00013337038 0.00042179573 0.028624795 9.222509e-06 0.009736574 0.005810532 1.4024688e-07 1.3066727e-07 0.008753015 9.599475e-09 7.685482e-06 3.418238e-07 0.0020081783 7.768656e-06 5.2237454e-09 0.0008375708 0.0019710942 6.299394e-05 0.019102242 1.1826406e-05 1.1466825e-06 5.7501387e-05 0.010975349 2.7059554e-05 1.7136031e-09 3.0926965e-06 0.004717806 0.011398373 4.7468174e-07 0.00016738941 0.030142296 0.0003568945 3.247156e-05 9.101886e-06 0.0043354207
0.96220964 0.13282792 0.77290034 0.17831418 0.13900328 0.43252274 0.028173624 1.3435881e-18 0.94328094 0.17922606 0.65003806 0.045767006 0.37234193 0.29834142 0.0034963859 0.5089427 0.025135571 0.3591213 0.08064992 0.5462751 0.09453112 0.0051986068 0.76611596 0.11012808 0.18732378 0.0030822558 0.00030485756 0.00090644043 0.03790295 0.23439659 0.485493 0.00013454916 0.13638835 0.018847488 0.007425475 0.18369964 0.14459942 0.005480347 0.020320939 0.0029463011 0.048194677 0.004922564 0.0028633582 0.18946406 0.0049852543 2.567404e-05 3.773685e-05 3.077012e-05 9.435756e-05 0.015135758 0.00020027529 5.059787e-06 2.2597938e-05 0.0011959578 0.094483495 1.6775737e-05 0.00032042808 7.996692e-06 0.16697751 0.06956877 0.020713072 9.263519e-05 1.2337973e-05 0.0003632318 0.00070114125 2.4382068e-06 7.625219e-05 0.000119966 0.0076965364 0.16005921 4.6515004e-05 2.0635613e-05 0.0007309579 0.0029837517 0.0021619184 0.00076082366 0.000100622856 0.00039374182 6.065442e-06 5.897392e-06 9.528311e-06 9.053082e-05 0.00024380023 4.5951806e-06 0.014594822 0.0005238453 9.529838e-06 1.810025e-06 0.0053789625 0.0005335945 1.5829133e-05 4.7846934e-06 0.007512093 0.0075487695 4.742241e-06 9.374838e-06 0.0054222406 0.043280173 2.4805136e-05 2.0217889e-05 1.5590682e-05
0.8328182 0.056865085 0.74274576 0.085162275 0.051612265 0.68924475 0.027624743 0.94328094 2.4843835e-19 0.6567902 0.14846002 0.031856053 0.09237436 0.027226357 0.04340312 0.8680235 0.17359091 0.03701282 0.01413489 0.23351257 0.0114742 0.085784815 0.22986864 0.038509127 0.025989205 0.08382592 0.0037514968 0.0034665528 0.0020975533 0.056662135 0.86796653 0.0008662651 0.0118365 0.002277431 0.00033756628 0.14563581 0.12444669 0.00026710262 0.00078347005 0.00058762386 0.0016812104 3.2426007e-05 0.0013083594 0.042089377 0.0006233695 3.687097e-05 0.0001833264 5.4912598e-05 0.005063738 0.0008234565 0.009306222 1.0027e-05 0.00010014295 0.00044580558 0.076867536 8.383171e-06 4.1475432e-05 3.6075035e-06 0.044259883 0.044926953 0.00322817 1.53289e-05 0.00018518728 3.7864766e-06 9.420331e-06 2.1449325e-06 4.941653e-06 8.366782e-06 0.0391405 0.012667298 6.2528193e-06 2.2061524e-06 0.00014066436 0.0007981165 0.018330177 0.00035967084 1.480405e-06 2.918985e-05 9.069834e-06 4.137836e-07 1.7233144e-06 1.8943492e-05 0.007924593 5.533014e-07 0.04890824 4.6000123e-06 9.478044e-07 3.5616122e-07 0.017416865 2.1175295e-07 1.4363965e-06 5.984857e-07 0.038295843 0.035816044 4.9730254e-08 2.2747404e-06 0.019547861 0.02560021 5.052641e-06 1.5059509e-06 0.00125155
0.95492274 0.043755665 0.36573526 0.004814016 0.0011637909 0.9123585 0.043088328 0.17922606 0.6567902 2.5367101e-19 0.0012372108 0.013981896 0.0006771783 0.0004975412 0.14565367 0.24276525 0.75250214 0.00066925545 0.00012128489 0.03966793 0.00010163009 0.52101845 0.016478071 0.013404679 0.00018235533 0.6331862 0.03133651 0.009116086 4.3209424e-05 0.010184757 0.85584617 0.006879689 0.0008249319 3.2894422e-05 1.6964246e-05 0.56850225 0.49074036 1.5677322e-05 6.339653e-05 1.1011706e-05 1.23105e-06 3.8208702e-05 0.00043529103 0.032328177 3.1399875e-05 0.0011393878 0.00066245865 0.0017427956 0.032904528 9.4551e-06 0.0345351 9.194187e-06 0.00019117692 2.7558648e-05 0.33528376 1.7007658e-05 1.4600737e-05 2.1186266e-05 0.074219525 0.12866339 0.0005232948 4.235906e-05 0.00051779835 1.8481411e-06 9.298876e-06 4.1251296e-05 2.9616474e-06 2.680091e-05 0.22876696 0.0065593696 7.0108545e-05 9.365933e-05 6.498162e-05 0.00015257647 0.109672666 7.546063e-05 4.3365203e-06 1.5680596e-05 4.4163717e-05 2.0415994e-06 1.019097e-06 4.436702e-05 0.018372422 2.0030586e-06 0.19794294 5.4142133e-06 6.7421593e-06 7.992285e-06 0.0698997 1.6338746e-06 2.3032658e-07 2.104792e-06 0.042490534 0.07228814 4.647551e-08 1.1116631e-05 0.098123774 0.036131974 1.2442286e-05 2.1225953e-06 0.01102743
0.89648145 0.0036748005 0.06602378 0.032700885 0.025590124 0.00079448236 2.9105318e-05 0.65003806 0.14846002 0.0012372108 4.286594e-18 0.00012473992 0.854618 0.86260504 4.316795e-05 0.19065727 0.0003436251 0.936992 0.03918755 0.26758334 0.1063855 3.855093e-05 0.6878474 0.0035460226 0.3996801 2.0805952e-05 1.4116378e-07 2.7168298e-06 0.72103304 0.17231317 0.03853874 1.9395302e-06 0.36716253 0.010215346 0.0065755066 0.022995507 0.023891343 0.26620528 0.0026427933 0.10274265 0.17287138 0.003822505 9.9630315e-06 0.15843365 0.0004015611 1.251445e-05 1.130175e-06 1.4478593e-05 2.776085e-06 0.049618796 4.9159185e-06 6.483275e-07 6.0446646e-06 0.086798415 0.029041307 3.405206e-06 1.5916277e-05 1.357755e-06 0.072536625 0.053195786 0.059844248 2.5832267e-06 1.9127056e-07 0.0007922877 0.00032742642 1.15133025e-05 1.3521786e-05 5.249918e-06 0.0002543403 0.2473096 3.8208773e-07 1.0534841e-06 0.007634905 0.017377162 0.0003048747 0.0055685192 6.472674e-05 0.0018522827 7.2044777e-06 5.5189776e-06 0.00038501679 4.083246e-05 4.1454197e-05 2.3305981e-07 0.0009656298 0.0023141592 3.352982e-06 2.7260134e-07 0.00070482114 0.0011165981 0.00041220267 4.0462717e-07 0.0014623223 0.0030998148 2.3579694e-05 1.1336276e-05 0.00087830756 0.046167538 8.092158e-06 8.61264e-07 4.6617092e-07
0.9085584 0.80937093 0.2718455 0.048984375 0.05417022 0.26341155 0.90733486 0.045767006 0.031856053 0.013981896 0.00012473992 9.9511185e-20 0.00024950656 0.00034977667 0.28419808 0.001733721 0.18778892 5.198319e-06 0.017542537 0.00018168389 0.003744807 0.0897089 8.956156e-05 0.74938285 0.00020090122 0.0054814266 0.37571988 0.9629066 1.5266132e-06 1.0691484e-05 0.0059795207 0.5303384 5.83829e-07 0.016283812 0.0042938786 0.0123914145 0.0010415489 9.597429e-08 0.03741629 3.753672e-08 2.3318464e-08 0.012289574 0.81855327 5.9897226e-05 0.037111938 0.23533867 0.004274853 0.07052167 0.0025132995 3.9451817e-05 0.001205785 0.09032511 0.46254733 2.1099795e-06 0.0005911611 0.011966669 0.012733553 0.021832557 0.00042109238 0.0003056004 5.1944113e-07 0.0031321456 0.00062384945 6.550977e-05 0.0005861451 0.10900523 0.0006197882 0.0016719582 0.0058592632 9.510536e-06 0.0005477484 0.0013234997 3.0349731e-06 7.8780806e-07 0.0011920254 3.0502778e-07 1.1628495e-05 5.6677817e-07 0.0138989715 1.5168616e-05 6.6827005e-07 0.006966576 0.0016479227 0.00043341456 0.00408302 9.49704e-06 8.398743e-06 0.0001573066 0.0047384487 3.3233737e-05 3.2718341e-07 1.2186813e-05 0.0020213216 0.0063076993 3.3456655e-07 0.00058373524 0.008888659 0.00028880377 1.8672723e-05 1.6414601e-06 0.00049878954
0.8097494 0.015659288 0.10410204 0.15536788 0.15089726 0.002174871 0.00035985338 0.37234193 0.09237436 0.0006771783 0.854618 0.00024950656 1.9809055e-18 0.9539528 7.608106e-05 0.06664915 0.0003064351 0.5306626 0.0971301 0.086755715 0.49193865 7.630305e-05 0.400365 0.016659722 0.9030122 2.0352823e-05 1.9266477e-06 7.175911e-06 0.9118353 0.0792332 0.0142983375 1.2852718e-05 0.16245303 0.021099994 0.01167907 0.0028038537 0.003958308 0.16722484 0.0068307845 0.03738531 0.5948509 0.008114516 2.624063e-05 0.052047655 0.0006640551 4.4756038e-05 1.7442742e-05 4.1584706e-05 1.2109078e-05 0.21206713 2.5028217e-05 4.5010594e-07 1.0965052e-05 0.15039945 0.009340811 3.9088077e-06 1.5284071e-05 2.7773294e-06 0.03518004 0.020171389 0.02943518 9.993759e-06 7.144489e-07 0.03172599 0.0013659771 4.417606e-05 0.0001576388 5.6523546e-05 0.000116589494 0.15248924 8.236266e-06 5.741248e-06 0.0057309126 0.0047291303 0.00013097287 0.0020371573 0.0014697715 0.005254311 1.6478281e-06 4.2445958e-05 0.0013082969 5.6031393e-05 1.2898433e-05 2.8814375e-06 0.00029103667 0.00618478 1.706055e-05 1.2187134e-06 0.0009625017 0.009035104 0.0008483705 2.226575e-06 0.0005064093 0.002243908 0.0017619337 8.201981e-06 0.0006314904 0.014868997 6.783627e-05 3.073053e-05 7.8866385e-08
0.8357597 0.006102509 0.018619312 0.019877486 0.025973534 0.0010246935 6.5068816e-05 0.29834142 0.027226357 0.0004975412 0.86260504 0.00034977667 0.9539528 1.5150294e-17 5.7650188e-05 0.05968709 0.0004436605 0.6774769 0.12716123 0.10200539 0.30903244 0.00010272946 0.45168528 0.011170017 0.65914875 2.9363488e-05 3.9360043e-07 6.1364412e-06 0.95718944 0.090859786 0.0031734337 1.5109278e-05 0.20002678 0.0332404 0.03425195 0.0011538471 0.0013528855 0.3476101 0.010372307 0.077200055 0.46864092 0.014135895 2.1214166e-05 0.05440866 0.0007702833 2.1299958e-05 5.021024e-06 1.0129331e-05 4.6910977e-06 0.26615 3.729894e-05 1.1055022e-06 2.1967457e-05 0.12392498 0.0051243124 4.9114524e-06 1.2087929e-05 1.3821307e-06 0.020990025 0.013996878 0.045867797 4.3731216e-06 3.1736178e-07 0.11883385 0.0038305027 1.6738744e-05 4.7055273e-05 1.3653883e-05 8.97026e-05 0.14537223 3.017225e-06 1.4769521e-05 0.013791342 0.0078503275 0.0001469634 0.0034079754 0.0012576197 0.009963883 9.761271e-07 0.00011919554 0.001189075 1.5146876e-05 1.927496e-05 6.1242724e-07 0.00018580962 0.008358037 8.437656e-06 4.0010767e-07 0.0003195605 0.0120822545 0.00074779586 1.8438244e-06 0.00043052222 0.0008324857 0.0067101168 1.1821319e-05 0.0002854617 0.019716328 0.00030011515 9.284188e-05 1.3419943e-08
0.90727633 0.04145336 0.10084043 0.0035961976 0.0016745952 0.45691812 0.5883884 0.0034963859 0.04340312 0.14565367 4.316795e-05 0.28419808 7.608106e-05 5.7650188e-05 8.0428755e-20 0.0023363666 0.64604974 3.5864582e-06 0.00035326794 8.720033e-05 8.997549e-05 0.72129 3.9435192e-05 0.06826103 2.2867936e-05 0.49504688 0.9768075 0.17197844 2.7266647e-06 3.152791e-05 0.024077464 0.21374157 7.639944e-07 4.9645703e-05 3.759987e-05 0.025136268 0.012922049 1.815881e-08 0.0001662237 8.90131e-09 2.5598126e-07 6.286551e-05 0.021991527 0.0002276051 0.00023843258 0.035782877 0.10420022 0.042300362 0.06467326 1.551227e-05 0.032426175 3.5809102e-05 0.011429619 1.7357178e-06 0.011108631 1.1029143e-05 6.0947586e-06 0.00012930154 0.001945247 0.002072449 1.7657923e-06 2.4505653e-05 0.030397002 0.0014825348 1.230892e-05 0.0066749207 5.5513415e-06 3.6036785e-05 0.13858129 7.201115e-05 0.00659191 0.0029844774 5.6502227e-08 3.0040003e-06 0.06925308 7.2788694e-08 3.318335e-05 4.3442487e-06 0.00010773484 5.4315433e-06 2.0879334e-07 0.00021331152 0.0028507444 5.279919e-06 0.072744414 1.4363589e-05 1.9922643e-06 3.3568824e-06 0.026802909 0.0010489684 2.0034129e-07 4.8657316e-06 0.0099802725 0.011213879 1.9042251e-06 4.4689503e-05 0.037475083 0.0018185596 1.7833174e-05 1.369866e-05 0.0075620995
0.91934687 0.0070152683 0.07568012 0.0036740117 0.0043431246 0.14343955 0.0027732828 0.5089427 0.8680235 0.24276525 0.19065727 0.001733721 0.06664915 0.05968709 0.0023363666 1.4426432e-17 0.015647143 0.0678372 0.0024313675 0.9616462 0.0030811494 0.006789622 0.5102778 0.0013256844 0.022127163 0.017402112 7.536382e-05 4.4361015e-05 0.012318199 0.672591 0.32028306 6.5536144e-05 0.07469668 0.0005222421 5.7326783e-05 0.063530274 0.06994378 0.0025182203 5.226816e-05 0.0033968606 0.0059117037 8.6429776e-05 2.7641141e-05 0.6009694 0.0002660415 2.3008706e-05 7.0035974e-05 4.218486e-05 0.00039517603 0.0006458844 0.0011785206 1.0176387e-05 6.37647e-05 0.0026230924 0.23584807 1.1853471e-05 2.270909e-05 3.401647e-05 0.3417393 0.5169357 0.001570028 4.908823e-05 5.263672e-05 5.8823493e-06 7.1278523e-06 7.2834387e-06 3.8822677e-06 4.7064426e-05 0.0061717615 0.01569202 4.926013e-06 2.3124592e-05 0.00013703317 0.00062145345 0.0022694415 0.000114794755 3.9601036e-06 0.00026300448 0.00016609345 5.590827e-06 3.471452e-05 0.000398201 0.0017575712 1.552787e-05 0.009811698 0.00011356225 8.066392e-06 5.9547176e-05 0.0028739676 1.17142345e-05 6.5265514e-05 7.0831156e-06 0.011702439 0.008693218 8.221014e-07 8.8022476e-05 0.0043018977 0.06160063 4.9602186e-06 3.53029e-06 0.00019654383
0.958769 0.048209623 0.13744678 0.005429765 0.0034866363 0.7375667 0.35627452 0.025135571 0.17359091 0.75250214 0.0003436251 0.18778892 0.0003064351 0.0004436605 0.64604974 0.015647143 6.8503752e-18 5.3154843e-05 0.00027193758 0.00075883523 0.00031130319 0.9450314 0.00025180881 0.03255582 0.0002782932 0.919298 0.5366891 0.0819254 2.8894578e-05 0.00024276476 0.3300857 0.06386514 3.8734637e-05 1.732292e-05 9.247067e-05 0.22820252 0.14149252 4.6008327e-06 9.6850126e-05 1.0423006e-06 9.297696e-06 6.474563e-05 0.0030669016 0.002190956 0.0003083826 0.008620151 0.019647915 0.010964281 0.036041442 5.95176e-05 0.05416686 1.0420148e-05 0.0025535524 4.9213333e-05 0.06466341 1.266449e-05 1.2657594e-05 0.00014961995 0.010803924 0.022763876 0.00011272397 4.1817275e-05 0.00460204 0.00034640223 1.0870315e-05 0.001506007 4.915909e-06 2.0114345e-05 0.4375881 0.00093755586 0.0013562501 0.0012158868 5.773902e-06 0.0002697408 0.28187606 5.0052444e-05 0.00010441361 4.164205e-05 4.1698007e-05 2.871255e-06 4.5451025e-06 0.00087287946 0.0045160376 5.935817e-06 0.2589575 0.0006884605 3.0085319e-05 7.4212508e-06 0.06707064 4.5011708e-05 8.184634e-06 2.3994047e-05 0.026114734 0.03877125 2.1801734e-06 0.00022797963 0.07309055 0.012602719 3.5622274e-05 1.8444356e-05 0.006399755
0.80746824 0.00017004488 0.004987006 0.0019745128 0.0020760563 4.348014e-05 4.3338474e-07 0.3591213 0.03701282 0.00066925545 0.936992 5.198319e-06 0.5306626 0.6774769 3.5864582e-06 0.0678372 5.3154843e-05 7.5925444e-18 0.0023245362 0.35730526 0.0049056388 2.0434198e-05 0.7700097 1.3239363e-05 0.10666396 7.3694595e-05 7.467675e-08 4.90003e-07 0.7707391 0.5072693 0.015690861 9.722826e-07 0.86713254 0.00016525401 0.0003506467 0.0041664797 0.0114967795 0.30840486 1.3195359e-05 0.50298715 0.09521275 1.4997917e-05 6.0987844e-07 0.20355102 1.0656253e-05 1.554843e-06 6.1805457e-07 1.1215072e-06 6.678508e-07 0.011207556 2.2551156e-05 1.1977068e-07 2.1316e-06 0.08313986 0.014500793 3.6781725e-07 2.738218e-07 1.710055e-06 0.019889161 0.019938348 0.109874606 6.084853e-07 2.4335257e-06 2.1434653e-05 4.3128466e-06 5.8684423e-06 1.9425744e-07 5.0998115e-06 0.00014171637 0.15431432 7.1976785e-08 8.029222e-08 0.0047487495 0.007999278 0.0003702859 0.0034344823 6.6540946e-07 0.004737818 7.5113876e-06 3.8002074e-07 0.0017810435 4.9696314e-06 4.936211e-05 1.4367836e-07 0.00089736836 0.00068471255 7.4590736e-07 1.1105939e-07 0.00059059926 0.0004474642 0.0007221698 2.6748484e-07 0.0017587733 0.0023587442 3.1823326e-06 5.902706e-07 0.00023256836 0.03242026 2.719164e-07 1.3082561e-07 5.907656e-07
0.87425447 0.17599715 0.06526295 0.75325304 0.818295 0.030417474 0.003132631 0.08064992 0.01413489 0.00012128489 0.03918755 0.017542537 0.0971301 0.12716123 0.00035326794 0.0024313675 0.00027193758 0.0023245362 1.00756815e-19 0.00312093 0.9115603 0.00019338085 0.022972984 0.12391731 0.2920677 1.4532285e-06 4.24345e-05 0.0013586445 0.005353298 0.00023246856 0.0015519529 0.00040767554 0.0002586 0.87206453 0.9244475 0.0007155993 0.0005862888 0.0013894624 0.2527581 5.3530017e-05 0.012316965 0.32734498 0.018074542 0.0016454288 0.053193327 0.00021183651 8.915077e-06 0.00023529051 8.389608e-06 0.1778401 4.4991e-06 0.00016498771 0.00015150494 0.0014138711 0.0004154628 0.00084527984 0.0039968444 0.00022610411 0.0013285415 0.0010277973 0.00015603958 0.00016059793 5.6634264e-07 0.4435484 0.08206072 0.00020435415 0.006040519 0.000767882 6.153575e-05 0.0021637718 1.606835e-05 7.31686e-05 0.00015784294 0.0005401336 0.00015109329 9.895445e-05 0.016714647 0.00017211791 9.946933e-05 0.004612073 8.507955e-06 0.00039544635 2.4245204e-05 0.00028317052 0.00027579593 0.00046939505 0.00031043662 2.008582e-05 0.0006339741 0.026750343 5.1737584e-06 0.0001612508 0.00048281797 0.0015280589 0.0012805376 3.04401e-05 0.0020112856 0.0024572245 0.001803833 0.0006084349 1.7250803e-06
0.8805851 0.0041670557 0.020740854 0.0028849656 0.0034333768 0.012454182 0.00023173592 0.5462751 0.23351257 0.03966793 0.26758334 0.00018168389 0.086755715 0.10200539 8.720033e-05 0.9616462 0.00075883523 0.35730526 0.00312093 4.1381936e-19 0.004027568 0.00027136374 0.90396404 0.00035729655 0.014361188 0.0010047848 6.7728092e-06 5.245819e-06 0.03554484 0.8897709 0.2659409 6.7557985e-06 0.3189795 0.0002835721 0.00022776818 0.04629643 0.09363483 0.0062623555 8.7711174e-05 0.012455733 0.008012422 7.34748e-05 2.7675136e-05 0.51402277 0.00014793876 5.281757e-06 4.11521e-06 9.766798e-06 3.784966e-05 0.0015788848 0.00020052411 1.4409201e-06 1.9127458e-05 0.0024915622 0.058228355 1.5825366e-06 8.560328e-06 7.68291e-06 0.12305402 0.16110045 0.007141547 9.231757e-06 3.8200524e-06 1.5385858e-05 9.178278e-06 6.422827e-06 1.8184788e-06 1.0774907e-05 0.0008616144 0.06388593 1.2237516e-06 2.5937798e-06 0.00054960174 0.00075703074 0.0010088533 0.00038384707 7.9200745e-06 0.00057083083 3.8237686e-05 4.074464e-06 0.00017402708 0.00021857799 0.000661051 2.0005204e-05 0.002315201 7.428491e-05 3.5792111e-06 5.320703e-05 0.0018894074 6.4660385e-06 0.00020730519 7.441917e-06 0.0042404793 0.004936696 2.81203e-06 5.1276365e-05 0.0018618124 0.058796387 2.3471888e-05 8.0864575e-06 7.0929655e-06
0.9423378 0.081927724 0.069423005 0.44795406 0.492834 0.006402059 0.00055632 0.09453112 0.0114742 0.00010163009 0.1063855 0.003744807 0.49193865 0.30903244 8.997549e-05 0.0030811494 0.00031130319 0.0049056388 0.9115603 0.004027568 7.450659e-19 0.00010614916 0.04545232 0.06917989 0.92993265 6.7660653e-07 3.649102e-06 0.0001650628 0.06862563 0.00095203554 0.000920907 0.00012019481 0.0011838883 0.4381745 0.6365456 0.00029058434 8.477384e-05 0.0072554112 0.061226193 0.00027037953 0.30308244 0.1404652 0.010583576 0.0031012192 0.03672025 0.00015360415 3.2231846e-06 0.00020620869 2.3359041e-06 0.6924773 8.1514844e-07 0.00013365419 0.0003553731 0.0028105006 8.836766e-05 0.0005073657 0.0024402053 0.00013270797 0.0011020795 0.0002904112 0.00032435363 0.0003824195 3.9204798e-07 0.8774353 0.07192531 0.00051605445 0.0041454798 0.0012108485 2.8644903e-05 0.011749614 1.8436356e-05 4.9604245e-05 0.00026753295 0.0007301048 2.2761214e-05 0.00013984417 0.02411183 0.00051812583 9.490625e-05 0.0043244166 1.3723843e-05 0.0003594617 1.8511629e-06 3.093096e-05 7.4408716e-05 0.0012250631 0.00030181487 9.436929e-06 7.167822e-05 0.16601072 9.9942645e-06 0.00015066176 3.8292605e-05 0.0006283276 0.036362793 2.5979278e-05 0.00025326636 0.0020366495 0.0024120726 0.0010857242 7.7956045e-08
0.7767959 0.029694617 0.0757296 0.0031286557 0.0021202145 0.5085094 0.25458032 0.0051986068 0.085784815 0.52101845 3.855093e-05 0.0897089 7.630305e-05 0.00010272946 0.72129 0.006789622 0.9450314 2.0434198e-05 0.00019338085 0.00027136374 0.00010614916 1.2260127e-20 0.00017273455 0.01740095 7.161298e-05 0.97585624 0.5651638 0.027421113 1.2057142e-05 0.00019967284 0.16169916 0.026439466 5.1780255e-05 4.384267e-06 1.8353188e-05 0.08591861 0.060979187 1.6218098e-07 3.261e-05 3.6929734e-07 2.2953716e-07 2.051484e-05 0.0011142212 0.0005578259 0.00013364885 0.0045561064 0.028690461 0.005890285 0.14178409 1.5620119e-05 0.07772718 3.764919e-06 0.0007896122 9.61028e-06 0.027776062 4.6848513e-06 2.3655089e-06 4.5505523e-05 0.0039119576 0.0090265395 2.1994563e-05 2.6487858e-05 0.010760178 0.00033846984 2.2546415e-06 0.0012039643 1.8640961e-07 5.4737834e-06 0.24835089 0.00019011858 0.0009810848 0.00074655743 6.788963e-08 3.324756e-05 0.1622657 9.2857823e-07 1.2947472e-05 1.5689444e-06 8.744104e-06 1.3214357e-06 8.745045e-08 0.00015957671 0.0037924384 1.6506702e-06 0.105409674 8.644102e-06 4.402925e-06 6.313579e-06 0.022915777 8.1878075e-05 2.0031237e-06 2.454812e-06 0.018137094 0.024239218 1.388784e-07 0.00012836346 0.042435348 0.006682816 2.1249114e-05 1.2487839e-05 0.019369524
0.9655244 0.01362072 0.038550913 0.026078492 0.02176984 0.0067076758 0.00030011914 0.76611596 0.22986864 0.016478071 0.6878474 8.956156e-05 0.400365 0.45168528 3.9435192e-05 0.5102778 0.00025180881 0.7700097 0.022972984 0.90396404 0.04545232 0.00017273455 9.001861e-19 0.0041243057 0.1266799 0.00034721257 5.3665724e-07 6.647781e-06 0.16492072 0.7912578 0.10718074 1.9615389e-05 0.49588114 0.0017733715 0.0010407625 0.021897402 0.030609382 0.06326187 0.0014171117 0.06113975 0.064112 0.0007839401 1.4406047e-05 0.24208461 0.0009685877 2.1093729e-05 3.3719e-05 0.00012991176 6.437526e-06 0.010716393 9.999637e-05 8.916744e-06 7.472281e-05 0.009079069 0.03584411 1.5025118e-05 3.2197884e-05 5.2335046e-05 0.09573634 0.082494065 0.027925285 3.9475937e-05 3.8693306e-06 0.0001307733 6.8505185e-05 2.727054e-05 1.1062156e-05 0.00011085744 0.00048206176 0.106995046 0.00037210743 4.813653e-05 0.0011256782 0.0018717761 0.0007303645 0.0019323449 5.325038e-05 0.0022065155 1.6606342e-05 4.9236154e-05 0.00071149325 0.0009882171 9.996633e-05 8.0165755e-06 0.0010533481 0.0024948078 2.3815703e-05 8.188077e-06 0.0006905325 0.0029540719 0.0007976395 2.0651973e-05 0.0028984742 0.004668441 7.022357e-05 0.00034075562 0.0003015643 0.13565439 0.0002916374 0.000100902005 6.2699473e-07
0.9040297 0.9106806 0.3605411 0.36389688 0.32496542 0.31123096 0.37758923 0.11012808 0.038509127 0.013404679 0.0035460226 0.74938285 0.016659722 0.011170017 0.06826103 0.0013256844 0.03255582 1.3239363e-05 0.12391731 0.00035729655 0.06917989 0.01740095 0.0041243057 5.7787125e-15 0.02098511 0.0004552065 0.080062486 0.29552525 2.6840782e-05 6.766618e-06 0.0049834 0.23267372 3.6394158e-06 0.15513688 0.100660466 0.0018487391 0.0007908734 4.9332434e-06 0.318805 1.2579585e-06 2.7136603e-06 0.1216201 0.958977 8.6567125e-05 0.48412633 0.038939953 0.0010566991 0.014999441 0.00029553074 0.00062032277 2.2282922e-05 0.30084175 0.3188143 9.993058e-05 0.00025492723 0.1384276 0.265478 0.10510695 0.00010711227 9.66019e-05 5.528676e-06 0.023261212 9.765387e-05 0.014551682 0.04499493 0.03580655 0.089272894 0.029848285 0.00028992028 4.5688197e-05 0.0002696477 0.0012028638 1.3945454e-05 3.3517354e-06 0.0004024987 1.8708469e-06 0.009776939 4.0933146e-06 0.012652032 0.0038192875 5.540549e-07 0.0037026263 5.4233373e-05 0.005081577 0.0013959617 0.00016912434 0.0014007414 0.002249663 0.0030581472 0.00011837708 2.7611565e-08 0.00096036843 0.0024511768 0.0048889164 4.7124995e-06 0.00029301317 0.015106001 0.0011469551 0.000114595896 1.2158327e-05 1.3632935e-05
0.95346344 0.015819104 0.06091196 0.17756054 0.28600767 0.0018109609 0.0001224527 0.18732378 0.025989205 0.00018235533 0.3996801 0.00020090122 0.9030122 0.65914875 2.2867936e-05 0.022127163 0.0002782932 0.10666396 0.2920677 0.014361188 0.92993265 7.161298e-05 0.1266799 0.02098511 4.7333084e-19 1.9903991e-06 4.5601135e-07 2.4818519e-06 0.6940805 0.016469155 0.0022416802 4.4785947e-06 0.020429814 0.07242567 0.07763302 0.00068241335 0.0007148452 0.14291735 0.022463588 0.01527584 0.86191726 0.038440198 7.3407704e-05 0.024264071 0.0023167627 2.7407497e-05 6.143202e-07 9.6749e-06 8.550993e-06 0.71440256 1.2604514e-06 2.2528863e-07 3.0265843e-05 0.21875535 0.00032782857 1.1214344e-06 3.0305815e-05 2.4508422e-06 0.008128969 0.0024130319 0.007911756 4.8189745e-06 3.1994315e-08 0.39980164 0.008380051 0.00012203406 0.0002458474 3.5216864e-05 8.0489765e-05 0.08057306 2.0081407e-06 9.135069e-06 0.007469926 0.007932828 0.00017329704 0.0029592759 0.0056852703 0.00856132 2.0288182e-06 0.000497108 0.0007204281 5.7598478e-05 1.3452779e-05 7.63411e-07 0.0003067924 0.016272651 3.8790793e-05 2.0936102e-07 0.00024552265 0.042131554 0.00044962077 6.968442e-06 0.00020095294 0.00067066425 0.011892627 7.920475e-06 0.0001465378 0.005223829 0.0002674794 0.00013149239 1.4524816e-08
0.8927604 0.0018552386 0.02353637 0.00072947424 0.00017749923 0.21754813 0.029201798 0.0030822558 0.08382592 0.6331862 2.0805952e-05 0.0054814266 2.0352823e-05 2.9363488e-05 0.49504688 0.017402112 0.919298 7.3694595e-05 1.4532285e-06 0.0010047848 6.7660653e-07 0.97585624 0.00034721257 0.0004552065 1.9903991e-06 9.814524e-22 0.09160676 0.0034017412 1.5204308e-06 0.00041396444 0.4383771 0.0052922424 5.0247243e-05 1.4097611e-07 4.0949791e-07 0.28500724 0.25326866 2.1961593e-07 6.750648e-07 4.1494616e-07 2.21712e-08 3.2220123e-07 1.169111e-05 0.0023384362 1.2470173e-06 0.0014407594 0.004146189 0.0012088396 0.47734734 1.3195051e-06 0.3040606 1.4437323e-07 2.9399074e-05 5.2675264e-06 0.1346151 2.065327e-07 8.3856975e-08 3.564193e-06 0.01608646 0.10587463 8.006204e-05 3.3780682e-06 0.0032572716 9.143192e-06 6.9466955e-07 0.00010758002 3.9057856e-08 2.700352e-06 0.4808103 0.00061988726 0.00015681007 0.00016268359 8.8090917e-07 0.00015238146 0.49799374 1.1434202e-05 1.5585382e-06 2.503157e-06 1.7655548e-06 2.2306543e-07 4.47203e-08 4.2197455e-05 0.02191342 1.01502366e-07 0.35651618 1.8257766e-05 4.0409884e-07 1.5487709e-06 0.11892083 4.7916546e-07 8.204088e-07 6.0269673e-07 0.067691006 0.098077886 3.1343416e-07 2.9962828e-05 0.15023416 0.011218608 9.728442e-06 1.6632734e-05 0.06698424
0.86105216 0.013196394 0.03281146 0.0020707492 0.0011885365 0.26749644 0.70449644 0.00030485756 0.0037514968 0.03133651 1.4116378e-07 0.37571988 1.9266477e-06 3.9360043e-07 0.9768075 7.536382e-05 0.5366891 7.467675e-08 4.24345e-05 6.7728092e-06 3.649102e-06 0.5651638 5.3665724e-07 0.080062486 4.5601135e-07 0.09160676 8.698413e-20 0.39344993 2.1554621e-08 2.0181228e-07 0.003280112 0.5751058 6.5265002e-09 1.7218481e-05 1.5603266e-05 0.007837757 0.002408759 4.4873974e-10 1.4713723e-05 1.8660819e-10 6.8315087e-10 6.150685e-06 0.024824617 4.6441933e-06 2.5715306e-05 0.20676717 0.64073014 0.44828153 0.22134228 4.6565376e-07 0.043269236 1.7957707e-05 0.028576821 1.3671928e-07 0.0019638075 1.2637313e-06 5.3332406e-07 6.88126e-05 0.00010979552 6.259224e-05 6.2322405e-09 3.60121e-06 0.3558192 0.00017065198 3.6637998e-06 0.040643692 1.3146209e-07 5.0052568e-06 0.08640743 4.5049327e-07 0.14752333 0.09078203 1.035325e-08 5.686354e-08 0.04081663 7.581389e-10 5.5469724e-07 1.04034356e-07 2.685548e-05 1.9593307e-07 1.6053688e-09 0.00031433327 0.0063183615 1.9015503e-06 0.037207566 1.9176754e-07 1.7076399e-06 2.3362895e-06 0.021741556 0.03732663 5.3853104e-09 2.3852672e-06 0.008644359 0.010333715 0.000624744 0.00010879344 0.050371192 0.0003973389 1.8678333e-05 7.3103765e-06 0.05605713
0.45477325 0.28895134 0.08314614 0.007375766 0.008602229 0.11279511 0.7992764 0.00090644043 0.0034665528 0.009116086 2.7168298e-06 0.9629066 7.175911e-06 6.1364412e-06 0.17197844 4.4361015e-05 0.0819254 4.90003e-07 0.0013586445 5.245819e-06 0.0001650628 0.027421113 6.647781e-06 0.29552525 2.4818519e-06 0.0034017412 0.39344993 1.4891637e-18 2.799573e-07 5.006414e-07 0.0020554427 0.9619753 1.2274914e-07 0.0009897195 0.000118886295 0.001683658 0.00039344962 6.376482e-09 0.003284624 4.0125707e-09 9.97645e-09 0.00022276348 0.52675915 9.923455e-07 0.0021168846 0.6390827 0.02935878 0.44962916 0.0015031545 2.1089585e-05 0.0005654741 0.019006785 0.50664157 4.8219505e-07 6.1596045e-05 0.0019732 0.00082135544 0.007526464 8.033371e-05 7.270735e-05 1.731344e-07 0.0005752495 0.0015611699 2.9281271e-05 9.5024356e-05 0.22481027 3.53714e-05 9.942012e-05 0.0024975406 1.468946e-06 0.018495843 0.04263581 3.6665278e-07 9.017447e-08 0.0004481417 3.482462e-08 2.3949476e-06 1.7077578e-07 0.012856409 2.9749774e-06 5.7437997e-08 0.013519937 0.0015610708 4.9132537e-05 0.0016598974 3.4751968e-06 1.2845691e-06 0.00010322865 0.001201068 1.4989881e-05 4.5629655e-08 1.2428369e-06 0.0017082002 0.0022828532 2.1106906e-07 0.0029271946 0.004141986 8.4179854e-05 3.156076e-05 3.6703746e-06 0.00043076288
0.60182947 0.00012964319 0.0008545642 0.0013096258 0.001905159 1.4616327e-05 2.9039555e-07 0.03790295 0.0020975533 4.3209424e-05 0.72103304 1.5266132e-06 0.9118353 0.95718944 2.7266647e-06 0.012318199 2.8894578e-05 0.7707391 0.005353298 0.03554484 0.06862563 1.2057142e-05 0.16492072 2.6840782e-05 0.6940805 1.5204308e-06 2.1554621e-08 2.799573e-07 1.8501931e-18 0.040402323 0.00021526973 9.8660685e-06 0.15069462 0.00060426333 0.0003555709 5.098691e-05 0.00011277063 0.8413253 2.8632257e-05 0.600897 0.6856933 0.00022410098 2.0070493e-06 0.0252763 1.9391357e-05 9.032838e-06 3.4194265e-06 5.2894415e-05 4.980442e-07 0.19636984 2.1324806e-06 4.3374862e-07 9.581408e-06 0.71048474 0.00047221902 1.2593581e-06 1.0373926e-06 1.0660405e-06 0.005083087 0.0044797547 0.088861085 3.656278e-06 5.900567e-07 0.0008026356 3.749016e-05 8.841053e-06 1.260443e-06 9.695192e-06 1.127296e-05 0.12029475 1.2771453e-05 6.5518984e-06 0.031971198 0.014432355 1.6759317e-05 0.0051271333 2.5097412e-05 0.018426577 5.530861e-07 1.4127989e-05 0.009020029 2.4980598e-05 2.524385e-06 3.5585668e-07 2.5703806e-05 0.011182072 3.6243493e-06 2.2803253e-07 1.9157893e-05 0.0032192543 0.000978307 8.53975e-07 6.325256e-05 4.4971937e-05 0.00029121272 9.164331e-07 5.7407938e-06 0.008328777 5.4203174e-05 2.4328565e-05 6.4022685e-09
0.82566994 0.00024867966 0.007790689 0.00046057478 0.00031883112 0.0017481438 3.069495e-06 0.23439659 0.056662135 0.010184757 0.17231317 1.0691484e-05 0.0792332 0.090859786 3.152791e-05 0.672591 0.00024276476 0.5072693 0.00023246856 0.8897709 0.00095203554 0.00019967284 0.7912578 6.766618e-06 0.016469155 0.00041396444 2.0181228e-07 5.006414e-07 0.040402323 1.4436381e-19 0.060677506 1.4023532e-06 0.9513096 1.8657664e-05 4.552922e-05 0.010132718 0.021721195 0.038199432 1.5209558e-06 0.046060618 0.015596624 4.5992624e-06 3.5451721e-06 0.9267997 5.1710695e-06 1.1305059e-06 2.3417635e-06 2.0326725e-06 6.585607e-06 0.0012028689 8.3897656e-05 6.5830363e-07 5.192616e-06 0.0050294544 0.02497656 7.4542805e-07 1.1578991e-06 1.3956943e-06 0.27873263 0.31169277 0.0142200235 1.9124568e-06 2.8207005e-06 1.063832e-05 1.4250759e-06 3.4246386e-06 4.5701884e-07 6.1416463e-06 0.00029784665 0.058252126 1.2459438e-06 6.864409e-07 0.00032496263 0.001108185 0.0008807299 0.0005768196 3.932292e-06 0.002070617 1.5271571e-05 8.784361e-07 0.0004202036 0.00014710377 0.00010650488 3.1681552e-06 0.00097300665 0.00010187034 3.0654627e-07 1.32354e-05 0.0007569838 4.0568204e-05 0.00060488255 9.500731e-07 0.0031870147 0.004240162 6.544957e-07 1.5290952e-05 0.00021458144 0.11805139 1.3498446e-06 4.017415e-07 1.5497563e-06
0.90666133 0.015504062 0.16599324 0.014364208 0.008707967 0.3178331 0.013637377 0.485493 0.86796653 0.85584617 0.03853874 0.0059795207 0.0142983375 0.0031734337 0.024077464 0.32028306 0.3300857 0.015690861 0.0015519529 0.2659409 0.000920907 0.16169916 0.10718074 0.0049834 0.0022416802 0.4383771 0.003280112 0.0020554427 0.00021526973 0.060677506 2.4831844e-23 0.00083306193 0.012568583 0.00023221997 2.4444382e-05 0.9357052 0.86444527 9.9230296e-05 7.648696e-06 0.00074875786 0.00022731096 2.0741059e-06 7.30071e-05 0.046530545 1.2158281e-05 1.3449406e-05 0.00021112374 0.00013082531 0.012640098 2.8868424e-06 0.038436834 1.4669524e-06 9.859126e-06 0.0003386954 0.5070528 1.3971977e-06 1.6918384e-06 4.054854e-06 0.115728214 0.11603829 0.0020139373 2.0747853e-05 0.0008563892 7.78615e-07 8.613112e-06 1.8817299e-06 1.5422688e-07 9.553542e-06 0.12545666 0.005102291 5.5358723e-06 3.6388399e-06 0.00013039846 0.001014764 0.057140972 0.0003420138 8.008552e-06 3.633505e-05 3.8506212e-05 2.0924915e-06 4.6417485e-06 0.00012277577 0.013341116 1.8809234e-05 0.13859428 2.4321453e-06 6.3499635e-07 7.173587e-05 0.035239484 1.0823481e-06 6.1775204e-06 3.1805032e-06 0.12670718 0.08797822 1.440091e-07 9.80249e-06 0.039923497 0.11837569 2.6948406e-05 3.44883e-06 0.005320191
