2.1527603e-29 0.09905393 0.9261198 0.026298316 0.00990102 0.055765666 0.044545442 0.69113296 0.9509258 0.74687296 0.0115892105 0.8829193 0.73351544 0.80468917 0.83061326 0.8261549 0.45230564 0.8824304 0.6446813 0.0037227604 0.8972506 0.91202354 0.9250158 0.6799773 0.9751837 0.9135676 0.95104563 0.9267672 0.08593361 0.9691005 0.9030429 0.8685131 0.0016695603 0.98647463 0.9606496 0.9029697 0.9917815 0.16476375 0.8985618 0.99041414 0.08115704 0.7408102 0.87796026 0.96634835 0.95585203 0.000368163 0.98493993 0.9192523 0.07635531 0.002156696 0.2758053 0.8300083 0.728772 0.22188322 0.9719543 0.8922413 0.0026186933 0.7637438 0.18770039 0.21263291 0.98512775 0.2191541 0.032225866 0.9771197 0.28919774 0.99847853 0.93069 0.00023152982 0.9865329 0.23343089 0.9897088 0.00050397654 0.7988871 0.05493129 0.8437482 0.12832043 0.36411077 0.6515692 0.09559627 0.09197949 0.9981423 0.9741751 0.99918145 0.64188987 0.999747 0.0033375619 0.91690236 0.000401862 0.9454131 0.00017356846 0.9999823 0.9995049 0.98518 0.034281205 0.9821625 0.0013387796 0.04369317 0.9980234 0.7592904 1.3611214e-05 0.6335842
0.09905393 2.122625e-18 0.4517925 0.9517911 0.87766373 0.19895442 0.5782086 0.71259373 0.68156064 0.0049101673 0.007895713 0.09497489 0.23358425 0.0663483 0.06433928 0.023763092 0.0006917696 0.068394214 0.034928918 8.2956365e-05 0.040792793 0.02809618 0.015730249 0.028654912 0.023837224 6.3608e-05 0.028432325 0.006341346 0.281028 0.004015565 0.00346813 0.0014393366 4.464916e-05 0.03920111 0.032315012 0.00023975369 0.0011839746 0.0019043826 0.00028397425 0.0040404806 2.539897e-05 0.00015041728 7.9540645e-05 0.013355049 3.173539e-05 0.00028939542 0.006564204 2.2594813e-05 7.140668e-05 3.9828014e-06 6.229568e-05 1.0595917e-05 2.8965705e-05 8.9726345e-06 9.075137e-06 1.8038052e-05 8.7053006e-05 0.00019285064 3.1016875e-06 9.414977e-06 5.045796e-05 1.0593028e-05 4.2413267e-05 0.0002640678 5.621784e-06 0.0038972842 4.1252202e-05 8.716815e-05 7.9265774e-05 9.870755e-06 0.0001947974 1.6386239e-05 4.0797695e-05 8.872727e-06 1.1573939e-05 6.8628864e-08 3.6741603e-06 3.6987735e-06 4.044507e-06 8.419402e-06 0.00097000477 2.3334582e-05 0.0007351066 1.7146978e-06 0.00047105626 2.6670932e-08 2.5262177e-06 1.0135456e-07 1.0834934e-06 2.2032287e-07 0.00024309676 0.000371364 0.0002712005 2.5198115e-09 0.00031656 2.2289074e-08 2.5880747e-06 0.000788182 0.00022648888 0.00019591617 1.0795981e-05
0.9261198 0.4517925 3.6948293e-15 0.03960172 0.022211472 0.90596944 0.011309508 0.021251826 0.8095168 0.9093181 0.76910365 0.6650685 0.004235902 0.19934571 0.1383904 0.18631145 0.2816198 0.00707056 0.0022280884 0.4782781 0.01730684 0.015660526 0.0065872637 0.0019445868 0.013596503 0.093486995 0.1521437 0.538349 0.028969893 0.0013405023 0.0009227436 0.0007672886 0.064896636 0.16202664 0.024103068 5.9488884e-05 0.00078964914 0.0020144659 0.0022156206 0.006708549 0.022093205 0.00013599063 0.00012711251 0.2879042 0.00023665764 0.027073193 0.19525048 5.520986e-05 0.00030924284 0.0057332297 0.0130793145 2.1789336e-05 3.779685e-05 0.0009551834 9.303333e-05 3.3440454e-05 0.00012274277 0.008744346 3.6299077e-06 0.0020253812 0.00042872108 0.0015636632 0.000558535 0.029973108 0.0006297845 0.116629764 7.878314e-05 0.00045602684 0.0001854669 1.3117944e-05 0.0072507835 5.525058e-05 2.139589e-05 0.000107222746 0.00064159586 3.2156917e-05 1.3517248e-05 5.8555025e-07 6.198792e-05 2.2854572e-05 0.0029000186 0.00043894732 0.0038770083 3.1051209e-06 0.00054043013 6.266278e-05 1.0729669e-06 0.00070718705 6.154701e-07 0.00040386082 0.0058927005 0.0047281273 0.0011867781 4.3944283e-07 0.0008601162 8.7265376e-05 0.00038765717 0.004734187 0.00060618686 0.0072160573 0.00049907435
0.026298316 0.9517911 0.03960172 8.876796e-16 0.93310314 0.01049298 0.886234 0.55008924 0.23996115 0.0012788381 0.00047978802 0.007905416 0.10215412 0.0108604785 0.011288916 0.0049262485 0.0006286524 0.03329299 0.017930781 3.336992e-05 0.020746872 0.014817935 0.009100524 0.021709183 0.011826733 8.456503e-05 0.0030389966 0.00072879903 0.1862626 0.0048298673 0.0043441043 0.0026264654 3.0027186e-05 0.008958019 0.015679978 0.001043213 0.002237829 0.003706175 0.0006660445 0.0039937445 5.9837475e-06 0.000569732 0.0002190515 0.0028193544 0.00016943671 0.00015543998 0.0017924011 0.00015988061 0.00014747208 8.422679e-06 3.3491553e-05 7.032591e-05 0.00017304585 7.003486e-06 4.913919e-05 0.00018707168 8.1729e-05 0.0002864702 4.1539322e-05 1.2800851e-05 0.00016802615 5.7716447e-06 0.0002252211 0.00024994934 4.514995e-06 0.0012132555 0.0002129211 0.00041839556 0.00016693701 7.374219e-05 0.0003101345 1.8291314e-05 0.00022392516 2.695509e-05 2.6814276e-05 9.751939e-07 5.2066767e-05 2.9710094e-05 2.7735352e-05 9.329637e-06 0.00057750597 4.0237148e-05 0.00050796004 1.7217923e-05 0.00043652716 1.3758524e-06 3.4771077e-05 2.2623878e-07 2.0658928e-05 3.6527194e-06 0.0002786068 0.000595325 0.00038247695 3.2393241e-09 0.000587843 1.5343569e-07 8.489669e-06 0.0005260975 6.963431e-05 0.00021379135 6.3643774e-06
0.00990102 0.87766373 0.022211472 0.93310314 4.851426e-16 0.010372801 0.96234506 0.33106312 0.066760845 0.0006261138 0.0005979036 0.0033008559 0.047752343 0.0051209684 0.0053854655 0.0018283516 0.0003060925 0.016479729 0.009398038 4.7731326e-05 0.009243105 0.006415218 0.0042344094 0.010990228 0.0062124613 3.6880396e-05 0.0007022669 7.861509e-05 0.44587114 0.0023008226 0.0018685771 0.0010571016 2.1482336e-05 0.0033510546 0.008150568 0.0002668088 0.0009244343 0.004900837 0.00024298087 0.0018279613 2.811282e-06 0.0001906024 0.000117656535 0.00059940404 7.1098715e-05 0.0005153394 0.00033771683 4.521103e-05 9.8174634e-05 7.853316e-06 1.06520465e-05 2.6503247e-05 9.03049e-05 1.4073519e-06 1.3985957e-05 7.243018e-05 7.3228424e-05 0.00018293277 1.827935e-05 1.1431945e-05 5.367151e-05 2.8985614e-06 6.38703e-05 0.00019306647 2.612324e-06 0.00024196801 6.6635956e-05 0.0020657836 4.41119e-05 6.286629e-05 0.00019482491 1.3634041e-05 5.789167e-05 2.8908426e-06 1.4269329e-05 5.2102774e-07 5.6916033e-05 2.7492313e-05 1.3209172e-05 2.5858812e-06 0.0002156287 2.812638e-05 0.00024929442 1.8634635e-05 0.00020065441 7.9340714e-07 2.4044508e-05 1.5042795e-07 1.3996056e-05 4.342087e-06 0.00038101184 0.00030449897 0.00012339109 9.717573e-10 0.00019486576 9.3108454e-08 4.8979955e-06 0.00014655053 1.0787327e-05 0.00030788305 9.187959e-07
0.055765666 0.19895442 0.90596944 0.01049298 0.010372801 6.635784e-19 0.008296345 0.039504226 0.47786167 0.09443227 0.9860546 0.15921734 0.009309644 0.06856179 0.04521192 0.049183033 0.018499529 0.008280524 0.0021933725 0.06981405 0.0072082574 0.0062213866 0.0029362116 0.0010912393 0.0037225985 0.0010045292 0.019639274 0.079641216 0.03303078 0.0005252202 0.00017749041 0.00014183766 0.001554153 0.023188338 0.008171228 6.421148e-06 9.395249e-05 7.9571e-05 4.2732056e-05 0.0015082939 0.00013389686 2.7293929e-05 1.4676795e-05 0.019580215 1.5675587e-05 0.09807151 0.015285728 7.3231463e-06 3.3249194e-06 6.7783636e-05 1.900112e-05 1.8827386e-06 1.8508972e-05 6.712314e-06 3.4563666e-06 4.0361497e-06 4.631089e-06 8.6305816e-05 1.2256075e-06 0.00010684955 5.449098e-05 1.8630466e-06 1.8979684e-06 0.00045965306 1.2033083e-06 0.0062655187 9.896847e-06 0.00040073553 8.204895e-05 3.4478333e-06 0.0002443223 7.4507545e-07 6.0611915e-06 1.3610751e-06 9.581755e-06 2.8804674e-08 1.9796146e-06 2.8121576e-07 3.1562038e-06 8.4437784e-07 0.001212539 2.7004773e-05 0.0014133919 1.1573062e-06 0.0015055864 7.978249e-08 7.3223106e-07 4.3202153e-06 3.3069273e-07 1.3975856e-06 0.0022126015 0.00086451834 0.00027811254 3.9297802e-08 0.00043120226 5.7842023e-08 3.716116e-06 0.0013681485 4.5393866e-05 0.011411321 9.2340115e-06
0.044545442 0.5782086 0.011309508 0.886234 0.96234506 0.008296345 7.75282e-17 0.8105948 0.12202071 0.0010529754 0.00032866967 0.003759331 0.21805623 0.0070026857 0.009399812 0.0027481515 0.00064781826 0.07171605 0.079630636 5.772397e-05 0.05008004 0.031478077 0.017003264 0.15182227 0.022190025 1.2946001e-05 0.0016486481 0.00031023237 0.8492012 0.01256518 0.013082683 0.008372345 2.3580727e-05 0.0052634217 0.023030309 0.00246945 0.009129048 0.10356045 0.006970331 0.0077805314 2.3768632e-06 0.0015595158 0.0007708359 0.0012180576 0.00028981967 0.00010327907 0.00088453124 0.0007142179 0.001425892 2.0388054e-06 2.1971313e-05 0.00012291297 0.00034357645 1.1316179e-06 0.00023490688 0.00013234916 0.0003317261 2.8774379e-05 6.0120186e-05 2.0345722e-05 0.0020666544 1.1912564e-06 0.00013361035 0.0001373866 3.868126e-07 0.00042126066 0.00021593037 0.0026785005 0.00075469626 0.000100298166 0.000113642636 2.5030988e-05 0.00024879092 1.999398e-06 1.1047287e-06 3.1286092e-08 6.960164e-05 5.8033293e-05 3.092409e-05 1.198824e-06 0.00038474647 3.878005e-06 0.00030643246 6.201891e-05 0.0010476985 1.6304377e-06 2.3116301e-05 3.8097088e-08 2.2095624e-05 1.2538951e-05 0.00079322595 0.00019301401 0.00018903347 1.6378845e-09 0.00022969254 1.634452e-07 5.9157605e-06 9.961925e-05 0.00013124445 0.00016946046 2.0118055e-06
0.69113296 0.71259373 0.021251826 0.55008924 0.33106312 0.039504226 0.8105948 3.723449e-17 0.5417294 0.0014849191 0.0006823492 0.0054756324 0.97597694 0.021257827 0.03392416 0.0046885414 6.31531e-05 0.4585027 0.40268946 4.4967346e-05 0.3979187 0.33659977 0.20318508 0.43308368 0.2922849 1.2315244e-06 0.005442282 0.00045741152 0.50759584 0.057065386 0.055473465 0.038350105 2.1902883e-05 0.038703587 0.047853313 0.0068666716 0.017706888 0.024966469 0.011369993 0.016065301 1.4269315e-05 0.0008927193 0.00025801393 0.00848835 0.00024506226 0.00011977052 0.0043020416 0.001089068 0.00041470927 1.0116086e-05 6.0768702e-06 2.2912118e-05 7.242155e-05 4.3856278e-07 0.0013994608 1.8452733e-05 0.00054677366 1.0027449e-05 2.0363627e-06 1.0927335e-05 0.008247879 1.858939e-07 3.3298013e-05 9.967445e-05 6.247871e-08 0.0035108454 0.0003403628 0.00015076136 0.0014053624 2.1876735e-06 3.598592e-05 4.687564e-06 3.6473084e-05 1.7772417e-06 6.920438e-07 2.0123743e-09 6.1411805e-07 3.884069e-07 5.407626e-07 6.648056e-09 0.0019944275 8.42142e-07 0.0046483898 6.0417796e-07 0.0021981471 4.835586e-07 1.1033361e-05 3.603058e-06 1.714881e-06 5.3782005e-06 0.00011321988 0.00018326558 2.2648575e-05 4.446436e-09 1.7068462e-05 5.022616e-07 7.1154786e-06 0.00014881976 1.2034047e-06 0.000965146 1.2518721e-07
0.9509258 0.68156064 0.8095168 0.23996115 0.066760845 0.47786167 0.12202071 0.5417294 9.287794e-18 0.058228984 0.03479973 0.8151423 0.56253964 0.9311446 0.95113987 0.6919339 0.0061089196 0.22311307 0.013517037 0.0018948308 0.063410655 0.06128568 0.038240552 0.0072810436 0.19541645 0.0015321389 0.59878296 0.28760588 0.39611447 0.04061882 0.0045164945 0.00088342314 0.00014236101 0.68962306 0.5211448 9.65622e-05 0.0065603987 0.0028913848 0.0003279108 0.092579596 3.0515495e-05 4.005483e-05 3.1529624e-05 0.21590604 2.1704926e-05 0.0003006695 0.13725834 0.00041014442 2.4381148e-05 2.2368888e-06 7.8818084e-05 1.1123254e-06 7.8599305e-06 4.0712553e-06 0.00031036732 7.1730534e-07 4.5387373e-05 0.0002654482 4.818287e-07 8.876087e-06 0.004322184 5.7753227e-06 1.9332626e-06 0.0028102126 7.111683e-07 0.13320255 0.00011915758 0.0003160038 0.0010297291 6.1236005e-07 0.0005332328 6.760374e-06 2.1086396e-06 8.9304586e-07 1.7767563e-05 3.9133695e-08 8.173822e-08 5.1823555e-08 1.4790889e-07 4.7290307e-08 0.02316879 5.342465e-05 0.04021355 1.3360187e-07 0.0044016913 1.0206595e-07 1.7524319e-06 9.725557e-08 1.368102e-07 6.538444e-07 0.007963834 0.003273078 0.0010132437 2.7775862e-10 0.00036888203 1.0296579e-07 5.3987117e-07 0.0027231257 6.1407154e-06 0.013435159 1.8457624e-07
0.74687296 0.0049101673 0.9093181 0.0012788381 0.0006261138 0.09443227 0.0010529754 0.0014849191 0.058228984 3.182451e-19 0.22259548 0.4983143 0.0003763241 0.020194698 0.008803441 0.054871745 0.94853216 0.00041551844 8.6363034e-05 0.38564742 0.00015563103 9.521839e-05 5.8019286e-05 1.788176e-05 0.00033199735 0.7233837 0.06465741 0.66292983 0.00027000692 4.0314775e-05 8.248873e-06 6.017752e-06 0.20576817 0.0455019 0.0122589525 8.3606994e-07 5.776816e-06 3.4537785e-05 4.172074e-06 0.0030850775 0.17820407 1.2490328e-05 6.4804035e-06 0.14087003 2.0319649e-06 0.0016080684 0.16036572 4.7124454e-06 1.5730218e-05 0.018463321 0.09024593 7.395234e-07 7.924676e-06 0.024113586 5.66216e-06 5.182961e-07 2.5352721e-05 0.04550836 1.2444297e-06 0.008629265 6.376203e-05 0.0043371455 2.5736796e-05 0.056165878 0.0019370544 0.11315275 2.5937009e-06 5.183633e-05 0.0002637409 1.9665988e-06 0.018823273 2.5964517e-05 6.4708747e-06 0.0028734303 0.0027494018 0.00050703005 2.6787811e-06 1.7964874e-06 4.465335e-06 1.81444e-05 0.0074646287 0.0040860055 0.0074143894 1.5049265e-07 0.00037063353 8.412227e-06 2.3080878e-07 0.0011056862 4.8333522e-08 0.0001728275 0.006817732 0.013057677 0.0039656097 6.1486375e-08 0.0043539526 5.865231e-06 4.9468636e-06 0.0050873696 0.001276651 0.0007522417 0.00032413195
0.0115892105 0.007895713 0.76910365 0.00047978802 0.0005979036 0.9860546 0.00032866967 0.0006823492 0.03479973 0.22259548 1.6670036e-16 0.02986731 0.00012840093 0.004192369 0.0027308848 0.0050554895 0.07009459 0.00019770204 7.224378e-05 0.8335974 0.00020367997 0.000109495086 6.131069e-05 7.5713e-05 5.9518563e-05 0.006589437 0.0019606336 0.029932762 0.0010834883 1.1199322e-05 1.06251e-05 8.877248e-06 0.041313376 0.0019322712 0.0011275208 1.1621262e-06 6.10339e-06 2.8938728e-05 9.764469e-06 0.000106285814 0.005030042 2.3653003e-05 6.1477615e-05 0.0018982447 1.08105705e-05 0.35748062 0.0017141044 6.525477e-06 6.8042345e-06 0.0043302206 0.00050820137 4.685669e-06 4.0091785e-05 2.5375171e-05 3.1445406e-06 9.320707e-06 1.3810181e-05 0.00031521881 9.010399e-06 0.0005639841 2.1112586e-05 1.3539994e-05 6.1045307e-06 0.00070564466 7.9047795e-06 0.00067717023 6.783175e-05 0.0002499188 0.00011218987 1.2957082e-05 0.0007160103 8.859765e-06 1.728429e-05 4.0686726e-05 9.252421e-05 3.466559e-07 1.2095574e-05 1.6726e-06 6.1750965e-05 1.0282325e-06 0.0009622786 8.380082e-05 0.0009641897 3.0100828e-06 0.0018897859 1.7918574e-06 3.630922e-06 0.0004152653 3.4757534e-06 1.4983063e-05 0.0002708828 0.0004776947 0.0006206746 1.321067e-07 0.0004954779 6.0430534e-07 2.7282347e-05 0.0012352791 0.00015351335 0.027758008 2.553478e-05
0.8829193 0.09497489 0.6650685 0.007905416 0.0033008559 0.15921734 0.003759331 0.0054756324 0.8151423 0.4983143 0.02986731 1.965939e-19 0.0027739746 0.68113047 0.5582846 0.9638257 0.0759504 0.0009298996 7.088911e-05 0.004843643 0.00023826596 0.00025320865 0.00013243021 3.6291618e-05 0.00073976815 0.08771219 0.6736235 0.88484174 0.00016484191 0.00014734232 6.200537e-05 2.1244274e-05 0.0009797346 0.3721248 0.0671544 2.4818637e-06 0.00010012662 8.886099e-06 1.5719352e-06 0.0050195693 0.00021815214 2.5093404e-06 9.395732e-07 0.32170957 4.4216776e-07 0.00032868757 0.21874371 4.10461e-05 8.5669706e-07 1.532355e-05 0.0060033733 7.600422e-08 3.5653846e-07 0.00090154103 2.1470294e-05 1.538866e-07 3.888563e-06 0.0067271763 2.7048563e-07 5.4361586e-05 0.0002911483 0.00035644448 3.4238332e-07 0.030973502 0.00010749488 0.20336059 1.8235995e-05 3.3526558e-06 0.0002351447 6.550259e-07 0.006029385 6.1127507e-06 6.8000145e-07 0.0001850148 0.0005103802 3.6235906e-05 6.706351e-08 3.151253e-08 1.438212e-07 5.505709e-06 0.013566208 0.0003924522 0.017963447 5.0640924e-08 0.0012747118 2.8321412e-07 3.4610274e-08 8.623073e-08 3.448979e-09 1.1639124e-07 0.017417671 0.015180649 0.0036952642 4.0254875e-09 0.0012154577 4.8976634e-08 4.7987125e-08 0.00586682 0.00021690867 0.0025056973 1.815567e-05
0.73351544 0.23358425 0.004235902 0.10215412 0.047752343 0.009309644 0.21805623 0.97597694 0.56253964 0.0003763241 0.00012840093 0.0027739746 1.0045176e-18 0.020363873 0.032016147 0.0039659482 2.55138e-05 0.7544519 0.66254735 1.9934396e-05 0.5043981 0.38125652 0.2842511 0.50459164 0.3030489 4.2281463e-06 0.003971732 0.00025613233 0.12892036 0.08963426 0.097147435 0.02336855 6.2914355e-06 0.039484903 0.091664 0.0036080938 0.026011417 0.0044088983 0.0017920627 0.042427864 3.2833477e-06 0.00021759092 7.733615e-05 0.011037888 6.243414e-05 3.0842977e-05 0.0050464435 0.0007124492 0.00015584416 8.311209e-06 4.502693e-06 4.4136286e-06 2.687467e-05 7.55314e-07 0.00074999884 5.7011025e-06 0.00019923667 1.8115112e-05 1.5935194e-06 1.9092904e-05 0.0049864636 4.0433093e-07 1.0677006e-05 7.13463e-05 1.891854e-07 0.005651403 0.00014385393 1.9112982e-05 0.002346408 1.8876126e-06 1.8466586e-05 2.1286687e-06 1.995062e-05 2.7339008e-06 1.5085037e-06 1.3326255e-08 6.767873e-07 4.5012357e-07 4.032177e-07 9.055814e-08 0.007439161 1.1335719e-06 0.012310389 3.1775852e-07 0.0026005073 3.5398693e-07 7.799896e-06 5.3123364e-07 8.8934536e-07 3.0393815e-06 0.00024899884 0.00030038028 5.6130757e-05 5.4548948e-09 3.0156069e-05 3.934916e-07 1.0085746e-06 0.00034178846 2.3624789e-06 0.00013480501 2.6169104e-07
0.80468917 0.0663483 0.19934571 0.0108604785 0.0051209684 0.06856179 0.0070026857 0.021257827 0.9311446 0.020194698 0.004192369 0.68113047 0.020363873 9.803501e-19 0.97162116 0.8882163 0.0044909045 0.015924448 0.0012687139 0.00051648676 0.0028398184 0.003242431 0.0034064222 0.0008315149 0.020807162 0.0039056372 0.6394096 0.3598895 0.006176546 0.004922419 0.001211207 0.00053885893 0.00011267527 0.53068846 0.5011117 0.00025146612 0.001797066 0.0005361378 0.00012907138 0.04797288 4.0232313e-05 8.130314e-05 4.9868962e-05 0.19810753 2.7150338e-05 0.00020882573 0.1260552 0.00038495567 3.7724647e-05 5.9123486e-06 0.0008458931 3.697275e-06 2.027742e-05 0.0002897699 0.00010709531 6.368172e-06 9.161143e-05 0.0017080561 2.1722683e-06 1.8391698e-05 0.001493162 0.00012836188 9.124307e-06 0.007396038 3.8363443e-05 0.102103956 0.00028895363 0.0001333728 0.0013806047 1.0795416e-05 0.002309659 1.4466266e-05 1.7687764e-05 0.00012410911 0.0002868152 1.665732e-05 1.3325849e-06 1.2486879e-06 2.0386556e-06 1.1644275e-05 0.02950799 0.00033920695 0.035719886 5.967139e-07 0.0053042783 4.647053e-07 4.201765e-06 3.191155e-08 6.937645e-07 3.185085e-07 0.011302606 0.005446545 0.0022103288 9.390774e-10 0.0010882266 1.6781082e-07 3.864999e-07 0.0034333342 0.0001842443 0.003888517 6.4134624e-06
0.83061326 0.06433928 0.1383904 0.011288916 0.0053854655 0.04521192 0.009399812 0.03392416 0.95113987 0.008803441 0.0027308848 0.5582846 0.032016147 0.97162116 4.641581e-19 0.7206933 0.002905587 0.02501814 0.0019097104 0.00033592733 0.004752249 0.0056563583 0.004846829 0.0009509058 0.03697241 0.0011276456 0.66649693 0.2911034 0.012754115 0.008816976 0.0011796652 0.0004847853 8.159955e-05 0.62616307 0.69970953 0.00017689595 0.0031457243 0.0009242752 0.00021049909 0.15345925 1.20847135e-05 9.765732e-05 4.1257903e-05 0.17922308 1.180279e-05 0.00010053116 0.11082241 0.00031220732 4.1966774e-05 2.77401e-06 0.00024103433 2.6243222e-06 1.9001336e-05 7.2757364e-05 0.000123586 4.634866e-06 9.6420394e-05 0.0008744087 1.7119397e-06 1.9854673e-05 0.003067358 2.6316513e-05 1.125281e-05 0.0031488128 3.819247e-06 0.08007357 0.00015773084 0.00027058797 0.00090710714 4.6189325e-06 0.000714096 8.604492e-06 8.615973e-06 6.0340073e-05 5.4792912e-05 1.7537459e-06 8.449037e-07 1.1265463e-06 1.1909884e-06 2.7845963e-06 0.04342025 7.4342104e-05 0.047886137 5.3626735e-07 0.0045312624 7.319574e-07 3.123806e-06 5.1940223e-08 7.7669415e-07 9.1844373e-07 0.0077458797 0.0021820199 0.00084582734 1.1550695e-09 0.00039428877 4.5620624e-07 3.629726e-07 0.0020768356 5.341803e-05 0.0035128302 1.8933079e-06
0.8261549 0.023763092 0.18631145 0.0049262485 0.0018283516 0.049183033 0.0027481515 0.0046885414 0.6919339 0.054871745 0.0050554895 0.9638257 0.0039659482 0.8882163 0.7206933 3.2387624e-20 0.01000987 0.0026410199 0.00023325115 0.00086422445 0.00061282696 0.0006489889 0.00059584586 0.000168402 0.0031464023 0.0057138638 0.7738578 0.8200768 0.00026459846 0.0006569581 0.00024777654 0.00020883729 0.00021860031 0.5412776 0.27197987 5.5402063e-05 0.00034828793 0.00010163861 1.1832814e-05 0.014206766 0.0001673449 2.2018656e-05 1.0961885e-05 0.36320856 9.565768e-06 9.2681585e-05 0.2832746 0.00012216411 9.717204e-06 1.02995255e-05 0.0028508801 1.2614519e-06 5.477078e-06 0.00069654995 3.0137324e-05 1.9161773e-06 2.9844645e-05 0.005198743 1.6788566e-06 4.041189e-05 0.0006009276 0.00034155045 1.02969625e-05 0.021827945 0.00015245489 0.19061273 5.020921e-05 1.4121886e-05 0.00061044004 6.061301e-06 0.0046558124 1.3035188e-05 4.501495e-06 0.00069206324 0.00086456246 0.00011288501 1.0985248e-06 3.1819155e-07 1.9490146e-06 4.9197006e-05 0.016401414 0.0008127128 0.021930808 2.493121e-07 0.0020853707 1.6378231e-06 1.2247745e-06 1.17319985e-07 1.4310169e-07 5.492752e-07 0.024441404 0.013205168 0.0038166281 2.5720355e-09 0.0020843756 2.836953e-07 2.5593073e-07 0.0041812533 0.00045369827 0.0016152145 2.0530417e-05
0.45230564 0.0006917696 0.2816198 0.0006286524 0.0003060925 0.018499529 0.00064781826 6.31531e-05 0.0061089196 0.94853216 0.07009459 0.0759504 2.55138e-05 0.0044909045 0.002905587 0.01000987 2.4493025e-19 2.8720016e-05 1.4638074e-05 0.21820612 2.3413091e-05 1.4830157e-05 8.518224e-06 8.41522e-06 3.0390558e-05 0.95924294 0.008758384 0.27537653 2.078128e-05 6.9252937e-06 2.8346933e-06 1.6178946e-06 0.21334073 0.009090344 0.0018041735 5.3187495e-07 1.6237034e-06 1.2766509e-05 1.430753e-06 0.000106053434 0.3263073 1.967655e-06 1.4153577e-06 0.026105292 2.4655372e-07 0.0016085845 0.028555667 6.8542363e-07 4.221136e-06 0.0560717 0.09549911 1.2097372e-07 1.4273212e-06 0.056315403 1.1609708e-06 1.2791199e-07 4.460473e-05 0.051212396 6.5882546e-07 0.03076747 3.5710966e-06 0.013016613 1.0456203e-05 0.029696673 0.0062979585 0.019932797 4.995414e-06 3.065165e-05 4.2283824e-05 1.1775666e-06 0.015844623 3.4466484e-05 6.728671e-06 0.01392463 0.003283173 0.0013758335 3.838648e-06 9.990465e-07 3.1502918e-06 1.9003675e-05 0.0028847686 0.0027539209 0.003079152 1.7347669e-07 0.000341534 3.3538395e-06 1.2841912e-07 0.0036293596 4.7773245e-08 5.8426624e-05 0.0028587047 0.005884816 0.0035014998 9.726832e-07 0.0035916306 8.197773e-06 8.139844e-06 0.0036894171 0.0013526992 0.0013989978 0.0005548241
0.8824304 0.068394214 0.00707056 0.03329299 0.016479729 0.008280524 0.07171605 0.4585027 0.22311307 0.00041551844 0.00019770204 0.0009298996 0.7544519 0.015924448 0.02501814 0.0026410199 2.8720016e-05 4.0324315e-18 0.65110683 3.7486407e-05 0.83577085 0.8451737 0.90483683 0.34255505 0.8599409 4.1737053e-06 0.004573716 0.00017945167 0.13079181 0.6100451 0.5903761 0.1408782 1.3824967e-05 0.0363656 0.33527452 0.02073334 0.2077386 0.009131913 0.007499152 0.21274203 4.881022e-06 0.00063500396 0.0003029681 0.011441124 0.000287185 8.102652e-06 0.005499174 0.0018496665 0.00071998825 2.3659479e-05 5.419911e-06 3.376408e-05 6.936521e-05 2.3797845e-06 0.0015635076 1.8884977e-05 0.00033020822 7.5272424e-06 3.380002e-06 7.0638736e-05 0.005648326 7.9808405e-07 1.6339782e-05 0.00010850663 3.100506e-07 0.0060004774 0.0001801669 1.7321121e-05 0.0046469313 4.088126e-06 3.226108e-05 8.141995e-06 9.740845e-06 2.1956598e-06 5.6790134e-07 6.6076784e-09 1.4477907e-06 1.721706e-06 8.455534e-07 3.0562923e-08 0.032144517 1.823183e-06 0.040817577 9.046316e-07 0.007490653 1.1777249e-06 1.1286901e-05 6.7657436e-07 1.7710591e-06 5.148199e-06 0.0007178046 0.00021304478 5.8437163e-05 1.2318286e-08 7.5951907e-06 1.6443022e-06 2.5793004e-06 0.0005989 1.4631939e-06 0.00015495275 8.385649e-08
0.6446813 0.034928918 0.0022280884 0.017930781 0.009398038 0.0021933725 0.079630636 0.40268946 0.013517037 8.6363034e-05 7.224378e-05 7.088911e-05 0.66254735 0.0012687139 0.0019097104 0.00023325115 1.4638074e-05 0.65110683 6.0839114e-17 6.788799e-05 0.83032256 0.6308562 0.5085775 0.9685491 0.25147742 1.0422131e-06 0.000417319 3.3953078e-05 0.2506625 0.19859289 0.68017644 0.72204363 3.8709197e-05 0.008524779 0.030064011 0.3367862 0.1091704 0.06442259 0.120870925 0.032813713 6.859609e-06 0.010666696 0.0063571413 0.0018080481 0.0037632785 8.670469e-05 0.00062247517 0.011767135 0.0070684697 7.208776e-05 7.629198e-07 0.0004922336 0.00043735217 6.5227084e-08 0.0041843965 0.00020980745 0.0012759304 8.983723e-06 6.5978e-05 6.9099726e-05 0.016209766 1.2334279e-07 0.0003790473 2.95361e-05 7.733197e-08 0.0011597563 0.00088055985 8.552767e-05 0.002269857 4.045076e-05 5.4187535e-06 1.2159162e-05 0.00018042448 2.6814968e-07 5.9525087e-07 6.048196e-09 1.7219812e-05 1.1685013e-05 5.3031927e-06 2.5538322e-08 0.006412285 5.266177e-07 0.008397002 9.077778e-06 0.002521177 5.1555585e-06 4.4982742e-05 2.0659762e-08 1.08565455e-05 2.0264883e-06 0.00013579948 0.000102922255 3.9124625e-06 8.277171e-10 1.6366489e-06 1.7124524e-06 5.5446485e-06 3.282213e-05 4.7367058e-07 5.7345642e-05 3.2481235e-08
0.0037227604 8.2956365e-05 0.4782781 3.336992e-05 4.7731326e-05 0.06981405 5.772397e-05 4.4967346e-05 0.0018948308 0.38564742 0.8335974 0.004843643 1.9934396e-05 0.00051648676 0.00033592733 0.00086422445 0.21820612 3.7486407e-05 6.788799e-05 4.9291382e-17 1.7775477e-05 1.39202075e-05 1.5425865e-05 0.000111032656 3.0006506e-06 0.028758246 0.00033528832 0.026503269 2.4681276e-05 5.5998776e-06 4.7459466e-06 1.4066697e-05 0.98599726 0.0003240695 0.00030756928 4.5916977e-06 3.0693284e-06 1.1620536e-05 1.3657608e-05 3.9218077e-05 0.03500237 0.0002115809 0.00019620506 0.0009905004 2.6360547e-05 0.06790687 0.0010303309 1.2793822e-05 5.306466e-06 0.08970794 0.0010011669 1.1657664e-05 0.0001753485 0.00024272354 4.0593573e-06 3.3519384e-05 1.4204862e-05 0.0011804597 1.2522233e-05 0.0014524902 2.0702593e-05 0.00014854963 3.2164004e-05 0.00038811238 0.00017766537 0.00089352374 4.0554703e-05 3.138176e-05 0.00014925853 6.261696e-05 0.0004270075 1.2897178e-05 1.2364311e-05 5.0239196e-05 0.00044226664 1.5554956e-06 1.0817975e-05 8.0991407e-07 3.5578818e-05 4.6970376e-06 0.00067298394 0.00011779867 0.0004285288 2.7873489e-06 0.0036144154 1.7212332e-06 5.954766e-06 0.0012910956 2.9647786e-06 1.287383e-05 0.00038287346 0.0006401882 0.00032103248 1.3387621e-07 0.00043544732 3.0232317e-07 1.2664561e-05 0.0016116025 0.00010969253 0.017531015 2.820605e-05
0.8972506 0.040792793 0.01730684 0.020746872 0.009243105 0.0072082574 0.05008004 0.3979187 0.063410655 0.00015563103 0.00020367997 0.00023826596 0.5043981 0.0028398184 0.004752249 0.00061282696 2.3413091e-05 0.83577085 0.83032256 1.7775477e-05 4.0990813e-15 0.9104398 0.82639074 0.654237 0.62196773 1.2066304e-06 0.0013051422 0.00013521523 0.3096094 0.5014356 0.8554093 0.5702622 6.689156e-06 0.023572214 0.10501373 0.21703447 0.31904936 0.064710535 0.13652566 0.09621212 4.2403107e-07 0.006849199 0.007278958 0.004123026 0.0051032784 1.5312668e-05 0.0019099863 0.019608548 0.010251475 4.5389556e-06 8.963547e-07 0.0016117032 0.00082769233 1.50982e-07 0.009748922 0.0003852779 0.0010553637 6.072908e-06 0.00025455505 8.676065e-06 0.059986066 1.5316405e-07 0.0005469265 5.7100668e-05 9.136488e-08 0.0036749372 0.0010281508 0.00010735791 0.008448176 0.00012788657 9.510917e-06 2.001364e-05 0.00012962204 3.190737e-07 4.2939007e-07 3.8840464e-09 3.3161145e-05 1.2435773e-05 4.822533e-06 1.7337804e-08 0.031075103 4.684563e-07 0.03939828 2.1255317e-05 0.010691694 8.8968e-06 0.00010475672 3.321278e-08 3.18211e-05 1.2670656e-06 0.0003103765 0.00014371873 1.1894577e-05 4.4255204e-09 1.7300113e-06 1.1532803e-06 3.360002e-06 0.000112312766 4.2656038e-07 0.00017240459 4.8821153e-08
0.91202354 0.02809618 0.015660526 0.014817935 0.006415218 0.0062213866 0.031478077 0.33659977 0.06128568 9.521839e-05 0.000109495086 0.00025320865 0.38125652 0.003242431 0.0056563583 0.0006489889 1.4830157e-05 0.8451737 0.6308562 1.39202075e-05 0.9104398 6.6958293e-16 0.90454245 0.43359822 0.71433884 7.2153097e-07 0.0018822144 0.00014572992 0.2141934 0.58228207 0.7607312 0.29818472 3.854091e-06 0.032796875 0.15436032 0.09126019 0.3540849 0.03543832 0.06179792 0.1244743 2.7500442e-07 0.0030094471 0.0029937648 0.0050153844 0.0024232436 8.478561e-06 0.0022659402 0.013418473 0.0053249495 2.4625872e-06 4.9759035e-07 0.00093825354 0.00042254804 1.1713665e-07 0.0073821107 0.00016743015 0.0007422249 4.5802e-06 9.6570766e-05 1.3319859e-05 0.06064317 9.693112e-08 0.00032993784 5.808373e-05 6.160118e-08 0.0054560252 0.0007826598 4.0799405e-05 0.009034423 4.0811006e-05 1.0088204e-05 7.379829e-06 5.5179116e-05 5.0239004e-07 3.4241302e-07 5.5382823e-09 1.1035939e-05 6.0135635e-06 2.5312293e-06 2.0946278e-08 0.04812082 3.176143e-07 0.05617389 1.2467134e-05 0.011822527 4.83802e-06 6.182392e-05 1.6325856e-07 1.6377677e-05 8.747586e-07 0.0004867955 0.0002019385 2.0148747e-05 1.0682162e-08 2.0933637e-06 6.4015677e-07 1.1366507e-06 0.00020328509 3.06484e-07 0.00014222058 6.934864e-08
0.9250158 0.015730249 0.0065872637 0.009100524 0.0042344094 0.0029362116 0.017003264 0.20318508 0.038240552 5.8019286e-05 6.131069e-05 0.00013243021 0.2842511 0.0034064222 0.004846829 0.00059584586 8.518224e-06 0.90483683 0.5085775 1.5425865e-05 0.82639074 0.90454245 1.8354178e-17 0.28100783 0.82240915 5.334848e-07 0.0014363261 8.398972e-05 0.102636054 0.76996076 0.75026673 0.17270954 4.4085045e-06 0.032702044 0.2428726 0.050803393 0.45822212 0.012908697 0.0182059 0.24513948 3.239179e-07 0.001248019 0.00081064826 0.0044728843 0.000562279 2.2585516e-06 0.002083055 0.0076088686 0.0014978348 4.965207e-06 6.664364e-07 0.00023734792 0.00014862148 1.479594e-07 0.0044166395 6.0433653e-05 0.00026781223 4.7852272e-06 1.2991912e-05 2.2305396e-05 0.04059094 1.3950708e-07 7.92697e-05 4.5783985e-05 7.39014e-08 0.0053299563 0.00048468175 1.0206771e-05 0.007685824 1.06602165e-05 2.619555e-05 4.50433e-06 2.6588688e-05 9.11319e-07 1.5725027e-07 1.117885e-08 5.058137e-06 4.2209713e-06 1.0904865e-06 3.9129514e-08 0.06944471 3.4313223e-07 0.07291549 8.210636e-06 0.010718094 1.5704175e-06 2.1012913e-05 1.8033562e-07 4.8593643e-06 7.560484e-07 0.0007690982 0.00032354452 4.0580624e-05 7.3756885e-09 4.514022e-06 3.3132218e-07 5.088155e-07 0.0003727844 4.0162658e-07 3.0316914e-05 8.946522e-08
0.6799773 0.028654912 0.0019445868 0.021709183 0.010990228 0.0010912393 0.15182227 0.43308368 0.0072810436 1.788176e-05 7.5713e-05 3.6291618e-05 0.50459164 0.0008315149 0.0009509058 0.000168402 8.41522e-06 0.34255505 0.9685491 0.000111032656 0.654237 0.43359822 0.28100783 6.132263e-16 0.21493538 2.2316672e-07 0.00021462154 2.7813812e-05 0.3460323 0.17227313 0.55528545 0.77913344 7.836038e-05 0.0059238994 0.01954646 0.55230963 0.15368135 0.39234042 0.692918 0.022844484 1.5428961e-06 0.17051199 0.08794901 0.001321633 0.048808873 0.00016540504 0.000521246 0.06171619 0.03443315 4.802662e-05 2.667532e-07 0.009322442 0.005638378 1.78325e-08 0.017077548 0.0012423287 0.004288679 6.4615624e-06 0.00045159578 6.26381e-05 0.05073635 2.639628e-08 0.0038495145 2.779024e-05 1.0761139e-08 0.00074809365 0.002670303 0.00039376377 0.0060860547 0.00010559011 5.5573537e-06 0.0001374469 0.0004645724 1.4364835e-07 3.7803878e-07 1.2855192e-09 1.5564727e-05 1.4751151e-05 1.0544717e-05 3.983221e-09 0.005958652 2.1734813e-07 0.0072389343 2.115578e-05 0.0035108873 3.2847587e-05 9.4578536e-05 3.459384e-08 2.9002134e-05 6.637e-06 7.4136784e-05 7.974998e-05 3.7008658e-06 2.2905484e-10 2.204529e-06 1.5819661e-06 1.4208643e-05 2.100362e-05 1.773105e-07 4.7764843e-05 1.8254132e-08
0.9751837 0.023837224 0.013596503 0.011826733 0.0062124613 0.0037225985 0.022190025 0.2922849 0.19541645 0.00033199735 5.9518563e-05 0.00073976815 0.3030489 0.020807162 0.03697241 0.0031464023 3.0390558e-05 0.8599409 0.25147742 3.0006506e-06 0.62196773 0.71433884 0.82240915 0.21493538 1.3801033e-16 3.5723401e-06 0.008625698 0.00025889388 0.10735124 0.8451248 0.5442285 0.14190279 1.2898131e-06 0.0753893 0.5670904 0.039911654 0.5178017 0.012274014 0.028343005 0.55978626 7.372073e-07 0.0017415028 0.0011760695 0.021726504 0.0008645843 1.5192192e-06 0.011079276 0.00794615 0.0014660101 1.8509086e-06 1.264568e-06 0.00045997693 0.00018336084 6.2244186e-07 0.005508816 6.289993e-05 0.00019933302 1.11444e-05 2.0137702e-05 2.234276e-05 0.042392816 6.429847e-07 0.00013606691 0.00026940324 1.7158321e-07 0.022651732 0.00040830334 1.0995074e-05 0.007301097 1.6922815e-05 0.00011594296 1.00882135e-05 9.759573e-06 6.233478e-07 7.702186e-07 2.0771223e-08 2.6826517e-06 2.078034e-06 8.449231e-07 2.1262338e-08 0.1732365 3.2119601e-06 0.21033543 2.0897535e-06 0.01347114 1.6092388e-06 3.2014388e-05 1.4870327e-06 1.6259806e-05 2.4494777e-06 0.0033288682 0.0009467886 0.00041605651 1.8622117e-08 6.230495e-05 4.374412e-07 1.6131523e-06 0.00089801167 1.6187649e-06 0.0002475526 1.1233745e-07
0.9135676 6.3608e-05 0.093486995 8.456503e-05 3.6880396e-05 0.0010045292 1.2946001e-05 1.2315244e-06 0.0015321389 0.7233837 0.006589437 0.08771219 4.2281463e-06 0.0039056372 0.0011276456 0.0057138638 0.95924294 4.1737053e-06 1.0422131e-06 0.028758246 1.2066304e-06 7.2153097e-07 5.334848e-07 2.2316672e-07 3.5723401e-06 5.6898394e-22 0.010797831 0.5982196 3.3189126e-06 7.7425517e-07 1.2712552e-07 1.53015e-07 0.03972734 0.005598223 0.0009397522 2.7905564e-08 4.2837075e-07 8.861747e-07 3.6684884e-08 2.5935908e-05 0.54296327 5.453803e-07 1.0466688e-07 0.03879482 3.436675e-08 0.00020050463 0.056336295 3.265011e-07 1.1231346e-07 0.030273024 0.5058071 9.464088e-09 8.957997e-08 0.45013782 8.340487e-07 7.2378867e-09 6.4834508e-06 0.53047967 5.6448474e-08 0.067671016 4.0807986e-06 0.10930906 1.9426866e-06 0.3493439 0.06703286 0.03799166 1.6150286e-06 1.1583503e-05 4.8300928e-05 9.382135e-08 0.2997557 3.572817e-06 1.5050292e-06 0.029645426 0.041985013 0.0024102528 4.30461e-07 2.2853784e-07 7.8487966e-07 6.576554e-05 0.0004702811 0.025755879 0.000422173 1.6105558e-08 7.0588096e-05 7.718458e-07 2.2776719e-07 0.0010677107 6.990694e-08 9.803813e-05 0.031271286 0.09498252 0.01961979 2.5688428e-06 0.019992685 8.0030395e-06 7.991783e-06 0.016583428 0.002812399 0.00028438974 0.003364668
0.95104563 0.028432325 0.1521437 0.0030389966 0.0007022669 0.019639274 0.0016486481 0.005442282 0.59878296 0.06465741 0.0019606336 0.6736235 0.003971732 0.6394096 0.66649693 0.7738578 0.008758384 0.004573716 0.000417319 0.00033528832 0.0013051422 0.0018822144 0.0014363261 0.00021462154 0.008625698 0.010797831 4.465755e-20 0.7868746 0.0012008911 0.0013540577 0.00022059862 0.00011108932 9.4304734e-05 0.8774676 0.33365217 1.5922245e-05 0.00027232504 3.0500802e-05 1.4127895e-05 0.028012063 3.6336536e-05 8.155268e-06 2.5155293e-06 0.6680741 9.010033e-07 2.3202569e-05 0.5913982 1.1776962e-05 1.0723533e-06 8.569459e-06 0.0015648778 4.9812775e-07 9.444307e-07 0.0003459155 1.6186363e-05 7.32043e-08 1.4866932e-05 0.0018152873 3.6600264e-07 1.7025412e-05 0.0006175974 0.00011561999 7.358314e-07 0.016115787 3.2916298e-05 0.34210697 1.066548e-06 7.6595904e-07 0.000270597 1.9428764e-07 0.004073316 1.369252e-05 8.6656776e-08 0.000121966215 4.0340776e-05 2.1521369e-06 6.455945e-08 3.0337173e-08 4.9190177e-08 3.2647415e-06 0.053691275 0.00024017684 0.06620761 3.0739482e-08 0.0034081836 1.6194514e-07 3.457476e-07 4.706122e-06 8.390417e-08 2.453286e-06 0.11514996 0.023448884 0.006477531 5.543591e-08 0.0023508642 3.1031684e-07 2.7666826e-07 0.011438196 6.2148516e-05 0.0018065479 8.9977075e-06
0.9267672 0.006341346 0.538349 0.00072879903 7.861509e-05 0.079641216 0.00031023237 0.00045741152 0.28760588 0.66292983 0.029932762 0.88484174 0.00025613233 0.3598895 0.2911034 0.8200768 0.27537653 0.00017945167 3.3953078e-05 0.026503269 0.00013521523 0.00014572992 8.398972e-05 2.7813812e-05 0.00025889388 0.5982196 0.7868746 6.131248e-19 5.596202e-05 3.4847697e-05 2.5221125e-05 7.518561e-06 0.0077349064 0.28592312 0.047986116 9.78347e-07 7.238723e-05 3.2629487e-06 2.0698615e-06 0.004375775 0.015887989 2.0517957e-06 1.504969e-06 0.7626046 1.8016948e-06 0.0001527267 0.7496393 6.259107e-06 2.0230925e-07 8.112477e-05 0.42852646 1.3784423e-06 6.1684506e-07 0.16020525 3.9808915e-06 4.226314e-07 5.621173e-06 0.22053117 2.1816627e-06 0.00022491952 0.00017626613 0.013043328 9.2026306e-07 0.39974204 0.0018351105 0.60844326 7.593021e-07 4.748787e-07 4.5988738e-05 1.2019228e-06 0.09997013 7.978364e-06 5.4104554e-08 0.0012320407 0.007321084 0.0009576974 1.4022308e-07 1.7510587e-08 7.9376207e-07 5.6050576e-05 0.009232963 0.009293712 0.011547343 2.4812575e-08 0.0008114806 1.4540888e-07 1.13348484e-07 1.7531665e-05 1.6406744e-08 2.1475134e-06 0.0944092 0.084386125 0.026048813 2.0497785e-07 0.019026276 8.369909e-08 5.3398892e-08 0.027677577 0.0013828764 0.0017351154 0.00015324465
0.08593361 0.281028 0.028969893 0.1862626 0.44587114 0.03303078 0.8492012 0.50759584 0.39611447 0.00027000692 0.0010834883 0.00016484191 0.12892036 0.006176546 0.012754115 0.00026459846 2.078128e-05 0.13079181 0.2506625 2.4681276e-05 0.3096094 0.2141934 0.102636054 0.3460323 0.10735124 3.3189126e-06 0.0012008911 5.596202e-05 3.9083523e-14 0.025371984 0.056718074 0.105658226 3.5794126e-06 0.01154389 0.009365961 0.0148616675 0.0074892105 0.8321469 0.3785345 0.004024836 1.0227836e-05 0.042402115 0.01327455 0.0015035173 0.0067780726 0.003727336 0.0004861606 0.0016239536 0.52687913 1.1799221e-05 1.4641223e-06 0.011476317 0.0034445769 1.766529e-07 0.0010631952 0.0054036006 0.3709734 1.0363826e-05 0.0014021768 0.0038656443 0.0058223773 4.101389e-07 0.03874632 7.42285e-06 6.2173676e-08 0.001561551 0.00054692704 0.8017997 7.3793824e-05 0.0006070572 1.3452587e-05 0.0028806136 0.0009649974 2.3513505e-06 1.8230239e-07 1.1913512e-07 0.0004537606 2.6845775e-05 4.3533168e-05 3.4439012e-07 0.00083512964 5.180507e-08 0.0012077934 0.000346248 0.0010302945 3.2435362e-06 1.748458e-05 7.8419325e-06 1.2329575e-05 0.0034097682 0.019746115 0.0011997173 8.273739e-06 4.9740146e-07 6.088168e-05 9.833402e-07 1.601974e-05 0.00019744654 2.794814e-05 0.01392244 2.5897572e-07
0.9691005 0.004015565 0.0013405023 0.0048298673 0.0023008226 0.0005252202 0.01256518 0.057065386 0.04061882 4.0314775e-05 1.1199322e-05 0.00014734232 0.08963426 0.004922419 0.008816976 0.0006569581 6.9252937e-06 0.6100451 0.19859289 5.5998776e-06 0.5014356 0.58228207 0.76996076 0.17227313 0.8451248 7.7425517e-07 0.0013540577 3.4847697e-05 0.025371984 2.42018e-16 0.71031094 0.19324245 1.5023016e-06 0.046488233 0.2507164 0.1098089 0.87309223 0.0074221715 0.02128431 0.4307247 5.4611206e-07 0.004521994 0.0040160804 0.01141929 0.0027259022 2.968042e-07 0.006062354 0.019190868 0.0012057563 4.41386e-06 7.6022593e-07 0.0008545862 0.00047065262 2.6455618e-07 0.017709581 7.5691925e-05 0.00022800048 1.2829983e-06 4.3435422e-05 1.5686146e-05 0.18947162 2.575784e-07 9.8806304e-05 0.0001879058 1.3296379e-07 0.014687101 0.0018361547 3.6141118e-06 0.040740818 2.3940172e-05 9.695437e-05 1.0445788e-05 2.8669145e-05 7.1611197e-07 1.4233827e-07 1.4066205e-08 3.2234707e-06 4.8341963e-06 1.2565555e-06 6.4665684e-08 0.3319064 1.2559075e-06 0.30667147 5.3893573e-06 0.032187764 2.9429464e-06 6.4318345e-05 5.1368406e-06 3.5071407e-05 4.369174e-06 0.003530484 0.0012399199 0.00042484576 2.9179258e-08 4.2153293e-05 7.0715504e-07 3.0240722e-06 0.0009970597 5.6475455e-06 9.8496675e-05 9.530452e-07
0.9030429 0.00346813 0.0009227436 0.0043441043 0.0018685771 0.00017749041 0.013082683 0.055473465 0.0045164945 8.248873e-06 1.06251e-05 6.200537e-05 0.097147435 0.001211207 0.0011796652 0.00024777654 2.8346933e-06 0.5903761 0.68017644 4.7459466e-06 0.8554093 0.7607312 0.75026673 0.55528545 0.5442285 1.2712552e-07 0.00022059862 2.5221125e-05 0.056718074 0.71031094 1.7046885e-15 0.84609604 3.766334e-06 0.010198987 0.056155745 0.7537951 0.80541885 0.02511596 0.13553438 0.14071454 1.007213e-07 0.03561488 0.036865007 0.0013658814 0.026784813 5.1748584e-06 0.0006073178 0.10436108 0.004876584 5.4884667e-06 1.4343289e-07 0.0046372493 0.0037194793 6.290463e-08 0.07496297 0.00079925224 0.00085345487 6.587639e-07 0.00037834593 3.3552594e-06 0.28558135 2.6556517e-08 0.0014270049 1.9354295e-05 2.0668946e-08 0.0017258836 0.010703029 1.0522937e-05 0.054954864 0.00011233484 8.931425e-06 3.475311e-05 0.00016651723 1.9464929e-07 3.6379202e-08 1.0834247e-09 4.01291e-06 1.4862326e-05 1.9030724e-06 9.206843e-09 0.11631499 2.9217367e-07 0.1037926 2.9217006e-05 0.039134577 9.092845e-06 0.00018500809 2.4964544e-07 0.00011433903 2.5204497e-06 0.00052836974 0.00020413853 3.6907666e-05 4.143127e-09 3.3681217e-06 6.101717e-07 1.0527359e-06 0.00016287812 1.4384597e-06 1.710723e-05 7.9733965e-08
