1.5030228e-30 0.9235366 0.8218418 0.8804342 0.5969368 0.89970475 0.89465827 0.95293325 0.9442594 0.6023708 0.9476587 0.6813929 0.9167378 0.621652 0.9846047 0.6488935 0.98191005 0.9877576 0.95916146 0.8761142 0.94131875 0.9687916 0.9546421 0.40476078 0.92948776 0.12003435 0.8999277 0.20247072 0.99040073 0.72333944 0.8460636 0.9706413 0.045928467 0.9487999 0.016249599 0.52733225 0.9991991 0.973456 0.9943436 0.11878808 0.93309706 0.8431351 0.016168289 0.9473798 0.6875674 0.17508501 0.9610732 0.035806768 0.99088365 0.92675793 0.26766345 0.9985737 0.06621936 0.41238043 0.027511533 0.88447344 0.22301756 0.24642393 0.87246454 0.9890446 0.23427962 0.48353556 0.059403498 0.7272845 0.26016876 0.002557929 0.0041183275 0.53956306 0.09161719 0.7966673 0.0041108583 0.9997404 0.025082411 0.010491955 0.96016437 0.0023943428 0.27681604 0.052039456 0.0017314994 0.46577406 0.00059491245 0.0005845034 0.00148507 0.0009340864 0.0003952665 0.0018837965 0.00010513775 0.006061562 0.202092 0.00010628895 0.00016304285 0.9998983 0.95899653 0.6246471 0.00045204628 0.00095944706 1.6760836e-05 0.9876835 0.9350337 0.00014718137 8.850902e-05
0.9235366 1.4561379e-19 0.34548336 0.32067618 0.3241618 0.07909619 0.9197634 0.8727644 0.8236668 0.05111872 0.44439426 0.7810563 0.030724851 0.72802824 0.51680946 0.006448875 0.2044891 0.45082676 0.041406065 0.0021524285 0.0024141842 0.0025334016 0.121070325 0.098251775 0.124324255 0.07625416 0.00041925194 0.042086136 0.1413059 8.112763e-05 0.00011006872 0.07729131 0.10178414 0.00044037882 0.04240344 0.0012902642 0.066327706 0.0008014665 0.02557398 0.059484053 0.00021137355 7.996139e-05 0.006638288 0.00015847191 4.355472e-05 0.02964955 0.00022733936 0.011262972 0.00019493382 3.6687667e-05 0.0006867405 0.18701425 0.004567601 4.425145e-05 0.0051885177 4.845313e-05 3.0172407e-05 2.9814631e-05 3.906138e-05 0.00036740451 0.0011189502 0.0025040074 4.9867154e-05 5.188787e-05 6.7167653e-06 7.943493e-06 0.00015886154 3.930888e-05 0.00016507426 0.00014353957 0.0016052497 0.026075335 7.187845e-05 7.332563e-05 0.00060324423 6.383321e-05 4.5650566e-07 5.498812e-05 3.8006714e-05 3.091595e-07 5.957163e-06 2.7512197e-05 1.0391459e-05 1.7836617e-06 0.00048153152 2.3672985e-06 4.0651876e-06 9.720916e-05 2.530959e-06 7.663361e-05 4.2297515e-06 0.002805033 0.0017564008 1.8194537e-06 3.0119767e-05 0.0004777617 1.203737e-05 0.0025022181 0.005716889 1.3280633e-06 1.880007e-05
0.8218418 0.34548336 1.635752e-17 0.6252548 0.36756912 0.9568276 0.07697405 0.010760875 0.24674009 0.71539587 0.6251864 0.0074716504 0.8019014 0.003116127 0.01833724 0.2005519 0.21369839 0.06538622 0.3167585 0.18218182 0.2500088 0.06556053 0.16470398 0.103983745 0.0014916932 0.0018993086 0.019500146 0.00029954556 0.005548103 0.004885568 0.0052032466 0.00095048506 0.03170385 0.016484814 0.025455965 0.011222256 0.0376602 0.013426545 0.032842588 0.004380466 0.0042789658 0.0008297912 0.007428485 0.00427906 0.0020491788 0.00017714799 0.0032352062 0.022335678 0.0031448079 0.0016241162 0.010591276 0.025467915 4.1998683e-05 0.00048633284 0.0011864827 0.0008728549 0.00023170852 0.0003454752 0.00073115027 0.0018567299 3.6260797e-05 0.00019564731 0.0005905128 0.00046299404 7.736396e-05 3.4271263e-05 0.000115007766 0.00057192583 0.00027370706 0.0009908311 0.00011039419 0.0029745835 6.904623e-05 0.00023629951 0.0012836978 6.445989e-05 4.215705e-06 1.771486e-05 7.462574e-05 9.379801e-06 7.947783e-06 2.76876e-05 2.3252567e-05 3.862882e-06 2.4510819e-05 8.585722e-06 1.42216695e-05 1.8117096e-07 2.346438e-06 0.00010837621 2.1037006e-06 0.0010769098 0.0010913382 4.8420094e-07 9.937931e-06 0.00028160022 3.0472049e-05 0.00090522016 3.6217734e-05 6.3177467e-06 3.8342064e-06
0.8804342 0.32067618 0.6252548 1.2755469e-20 0.9685294 0.11296832 0.4120901 0.017865485 0.08595398 0.15028551 0.23590201 0.013545847 0.19724327 0.005256446 0.02149208 0.047634065 0.081285045 0.04120017 0.040525835 0.042608496 0.03572882 0.103362046 0.056749266 0.68856746 0.0035341945 0.0024467031 0.0069854637 0.00054437434 0.0043926733 0.00095790793 0.010736104 0.0017585008 0.15117162 0.0044916435 0.16542765 0.028919175 0.026495313 0.0038437296 0.018265063 0.016911836 0.001908517 0.0023039042 0.042011026 0.0019824014 0.0006465055 0.0004060639 0.00176115 0.2558456 0.0017842932 0.0006420497 0.02330799 0.02994631 0.00012136924 9.943075e-05 0.004240146 0.00052286405 0.000615119 8.489414e-05 0.00081866374 0.0018675813 3.2971056e-05 0.00057152787 0.00081561046 0.00014475908 0.00034902658 0.00071079266 0.008039188 0.00062784774 0.00014079789 0.0009397777 0.00015907698 0.003506014 0.00031330553 0.0005495611 0.002729238 0.0013591097 3.9495862e-05 4.4234807e-06 0.00097369775 8.1465274e-05 0.00017623098 0.0010669534 1.4741982e-05 8.489685e-06 2.0407693e-05 7.5980815e-06 4.353603e-05 8.138311e-07 0.00029182684 0.001277007 1.6190128e-05 0.0027227285 0.0061181285 0.00011797169 0.00041243233 4.307132e-05 0.0001910049 0.005611385 3.0291887e-05 7.406887e-05 8.779872e-07
0.5969368 0.3241618 0.36756912 0.9685294 7.228392e-21 0.038844485 0.5292914 0.01822494 0.10128529 0.04489758 0.109207176 0.041573104 0.04608363 0.0072266767 0.010727098 0.01871579 0.037645567 0.034651123 0.018069148 0.014651784 0.011468702 0.043567326 0.022295222 0.8643437 0.0032789798 0.0021302844 0.0028354344 0.000666822 0.004894148 0.000651527 0.0031017473 0.0015844622 0.48045853 0.00085365993 0.43481562 0.026072431 0.007054789 0.00093868753 0.0056381496 0.039964728 0.0004381504 0.0014202152 0.17438933 0.000447455 0.00022893281 0.0004878565 0.00037352284 0.29977712 0.00040807153 0.00018503264 0.020704543 0.015163352 0.00062876876 1.7481712e-05 0.018764835 0.00017560254 0.0002644988 1.2878705e-05 0.00018672766 0.00052285707 2.7417509e-05 0.0009777567 0.00014833205 9.637838e-05 0.000109951325 0.0004349976 0.0065336507 6.600059e-05 0.00012357044 0.00013505053 0.0012293835 0.0035322735 0.00020854054 0.00020075795 0.0003408065 0.0009070038 4.607485e-06 4.8938587e-06 0.00051300647 9.6991125e-06 0.00042104398 0.0032356738 9.5662335e-06 1.4604594e-05 5.4021682e-05 1.0532556e-05 8.63464e-05 3.8486296e-06 1.9068522e-05 0.0036096207 1.9261784e-05 0.0010083087 0.0012670548 1.7435499e-06 0.0010281876 0.00016660715 0.00037906424 0.00090091536 0.0001409133 0.00020817692 1.4609241e-06
0.89970475 0.07909619 0.9568276 0.11296832 0.038844485 4.2565343e-16 0.012629345 0.005568205 0.09295812 0.3283996 0.522867 0.00063528743 0.7241634 0.0009381453 0.013391576 0.08231023 0.2660892 0.06021876 0.88870126 0.24911901 0.6491811 0.018066976 0.39804572 0.027070055 0.00047295273 0.00021964536 0.02503701 1.2885732e-05 0.0034030746 0.0045861383 0.03826618 0.00046533195 0.005403657 0.14765316 0.003971037 0.006166311 0.15141961 0.11136413 0.20779781 0.00039336685 0.041711386 0.006978499 0.0014519473 0.033447396 0.00117752 9.542188e-06 0.02808069 0.0076597882 0.037118036 0.009594503 0.003919346 0.014718153 1.2098803e-05 0.0004136282 0.00041363668 0.0027526987 0.00025493503 0.00021776903 0.002314678 0.01365768 3.5592748e-06 6.592039e-05 0.00036585485 0.0004262975 0.00010689205 1.4584344e-05 5.9059726e-05 0.003512731 0.00015714782 0.0054609496 2.5978485e-05 0.001422106 0.00014069643 0.000424091 0.015221822 9.961762e-05 2.6447904e-05 4.3924465e-05 0.00014971914 3.4079072e-05 2.0116013e-05 5.303802e-05 1.9186891e-05 7.5470016e-06 3.4651115e-05 8.814307e-06 1.2856996e-05 1.6584579e-07 3.8498467e-05 3.0526033e-05 6.5587124e-06 0.003931867 0.0052567944 2.5478104e-05 3.241256e-05 0.00015845575 4.4071407e-05 0.005410709 5.3672097e-06 1.0044333e-05 1.9476581e-06
0.89465827 0.9197634 0.07697405 0.4120901 0.5292914 0.012629345 2.4282693e-18 0.70848364 0.29260817 0.013812164 0.15689223 0.90005314 0.0127054695 0.7161231 0.29507568 0.0008948575 0.078968026 0.17229004 0.004443484 0.0003836317 0.0002384178 0.00052522094 0.014626194 0.5065682 0.2663656 0.186367 5.563778e-05 0.32413876 0.16206618 7.293814e-07 8.2642237e-07 0.27364 0.4371183 4.7518093e-05 0.26972425 0.0002916602 0.003179133 0.00011226339 0.0027000706 0.66268146 1.5605066e-05 3.3710653e-06 0.06868897 5.4642518e-05 9.1656426e-07 0.15026326 3.169816e-05 0.047559906 1.9536437e-05 7.909085e-06 0.00012455351 0.06848847 0.19933951 3.468834e-07 0.14060645 1.9027213e-05 1.6775866e-05 4.2415e-07 3.2389475e-05 8.8085544e-05 0.0021014859 0.0016790289 1.417542e-06 5.0541153e-06 1.2690755e-06 3.4788275e-06 7.2714916e-05 1.513655e-05 2.7571832e-06 2.218386e-05 0.061060008 0.020664008 5.1685106e-06 4.6158697e-05 1.4133298e-05 2.3062614e-05 7.8875416e-08 4.1039755e-07 2.7190577e-05 1.2229262e-07 3.1228756e-05 0.00014427517 9.6768e-06 1.5370357e-05 0.008987164 2.9218396e-05 1.7288792e-05 3.3190823e-05 1.0447277e-08 0.0001517179 1.6114071e-06 0.0009797327 0.0005457815 8.593056e-09 0.0003570012 0.0024391583 9.6354715e-06 0.0005237112 0.011555451 1.30866565e-05 7.028584e-06
0.95293325 0.8727644 0.010760875 0.017865485 0.01822494 0.005568205 0.70848364 8.585251e-18 0.6183015 0.0032846227 0.05664482 0.6791223 0.0011936339 0.8734902 0.6800812 0.0006374667 0.036087565 0.28547323 0.0030340273 0.00010197269 0.00022446417 0.0005121105 0.01715766 0.0059874267 0.830609 0.22705099 3.7173745e-06 0.15378854 0.802054 1.0295051e-06 1.701165e-05 0.27196768 0.019469207 0.00011684295 0.0038528824 5.8600286e-05 0.017968887 0.00016865096 0.0039661243 0.101204775 1.2908942e-05 5.7405696e-06 0.0011818982 8.064958e-05 1.5920779e-06 0.13099931 2.6686952e-05 0.00037458373 2.9620387e-05 2.3427698e-05 3.823524e-05 0.6655495 0.035339657 2.1289966e-07 0.005224947 3.9299075e-06 1.6811989e-06 3.0571492e-08 3.7906677e-06 7.920735e-05 0.008215865 0.0013443142 1.2992674e-06 8.2465266e-07 1.2932446e-06 1.1094321e-06 2.5332083e-05 9.0733243e-07 1.9828275e-07 1.8932187e-05 0.0030609 0.04517582 1.3557379e-06 3.958506e-06 3.3321616e-05 1.5189148e-06 7.860193e-08 5.5892093e-07 3.2869254e-06 1.663159e-07 2.9395694e-06 2.3287062e-06 3.0400745e-06 4.25588e-07 0.00037596823 8.385214e-07 7.946138e-06 0.00027210722 4.6076554e-08 1.7089455e-05 2.2766305e-06 0.0017585327 0.0004760436 1.561323e-08 2.8444938e-06 0.0003990592 8.000082e-07 0.00028109926 0.014271125 7.6330474e-07 1.6839744e-05
0.9442594 0.8236668 0.24674009 0.08595398 0.10128529 0.09295812 0.29260817 0.6183015 1.2613688e-21 0.03063944 0.70566016 0.120429575 0.029239755 0.15953647 0.91582185 0.007409806 0.4300484 0.812777 0.06286669 0.0048451745 0.009506846 0.007627787 0.16631094 0.016081411 0.027753435 0.031999957 0.0012146379 0.010314861 0.1039707 1.5648522e-05 0.00020248888 0.011417428 0.00669167 0.008196301 0.0029271946 0.0005443798 0.0648619 0.008419499 0.028483879 0.01158626 0.00083016866 2.9193694e-05 0.00031914844 0.0024321736 6.2579975e-06 0.0062905187 0.0017259707 0.0009035344 0.002754642 0.00059984776 2.5699639e-05 0.2972508 0.0009755027 4.1871685e-06 0.0015608713 0.00010770925 3.752534e-06 1.5035187e-06 8.3690764e-05 0.002010841 0.0006928125 0.0017911639 7.697182e-06 3.1500033e-06 1.0416417e-06 2.9031884e-07 1.0936448e-05 2.3783765e-05 5.028864e-06 0.00067212863 0.00040014856 0.036524344 3.4370294e-06 5.00858e-06 0.0023263204 3.4645973e-06 1.8581166e-07 8.907884e-07 1.89824e-06 1.2130252e-07 4.909104e-07 1.17408745e-05 1.334851e-07 9.2269765e-08 0.00019906461 4.724381e-07 6.6881637e-07 1.2049682e-05 8.073192e-07 6.425121e-05 2.4188046e-07 0.0044376547 0.0031743825 1.3328803e-07 3.955755e-06 0.00016210732 9.2461227e-07 0.0021991055 0.00082685647 6.3759717e-07 4.4805774e-06
0.6023708 0.05111872 0.71539587 0.15028551 0.04489758 0.3283996 0.013812164 0.0032846227 0.03063944 2.0427085e-20 0.14362232 0.00056437956 0.8007167 0.00051593117 0.0032429488 0.9476905 0.0558464 0.016362255 0.13510214 0.6057494 0.29368693 0.5077429 0.0659697 0.05212127 6.878328e-05 5.0506776e-05 0.21525668 5.4489806e-06 0.0006115661 0.15709835 0.056794774 0.0004669926 0.010803358 0.028643046 0.014673109 0.08505337 0.030946441 0.02067137 0.03432685 0.0002845381 0.015865201 0.047543522 0.0067305514 0.011547172 0.019167867 5.237529e-07 0.0109386975 0.07221174 0.009231445 0.004557588 0.042671777 0.0051721083 2.7671665e-06 0.0025175095 0.00019948954 0.0027649973 0.0021941864 0.0028949634 0.002412289 0.0048602526 2.837126e-07 1.0521452e-05 0.009125445 0.0026221583 0.0014670345 0.0015267683 0.0026815955 0.0011174524 0.0017704929 0.0011211586 3.0348458e-06 0.00042273768 0.0030099656 0.0014730396 0.0014929767 0.0025992873 0.00011268376 9.0735324e-05 0.0029738983 8.7827364e-05 0.0007834753 0.00018569572 0.00014775051 0.000109447275 6.789326e-06 8.9283545e-05 0.00011516416 1.3516602e-07 0.00013121229 0.00016049827 7.935086e-05 0.001502913 0.0026634857 3.177334e-05 4.857191e-06 9.897384e-06 9.9693425e-06 0.0021757288 3.3299043e-06 3.4011184e-05 4.7181535e-07
0.9476587 0.44439426 0.6251864 0.23590201 0.109207176 0.522867 0.15689223 0.05664482 0.70566016 0.14362232 6.1569116e-19 0.014453161 0.23092484 0.0066778366 0.29134002 0.05875382 0.92941844 0.6004571 0.6532814 0.06866842 0.1607836 0.08069666 0.69805163 0.04798352 0.0028084647 0.0022296624 0.026054043 0.00047028763 0.023950303 0.0032395148 0.01545548 0.0029282658 0.009960409 0.07825396 0.002812548 0.008506531 0.26322708 0.05858438 0.15612766 0.0028826485 0.010364065 0.0020032984 0.00026959885 0.015722524 0.00046128753 0.00029697677 0.007304381 0.0021528953 0.011166785 0.0025804199 0.00096279447 0.095161505 2.1797212e-05 0.00025256714 0.0005873443 0.0003978787 0.0003333546 0.00018146969 0.00028349532 0.006247738 1.4559205e-05 0.00030334454 6.1183826e-05 0.00019275318 0.00017879758 1.2378322e-06 3.3589315e-06 0.00018413663 7.86643e-05 0.0014846474 4.948144e-05 0.019182414 7.2052026e-05 9.266329e-05 0.008351764 1.6318727e-05 4.1964973e-05 8.976156e-05 2.832487e-05 1.6059386e-05 9.0516105e-06 8.8561195e-05 8.347565e-06 6.561891e-06 4.2942575e-05 1.3970559e-05 1.5820893e-05 2.5860626e-07 4.8772272e-05 6.6720335e-05 8.05444e-06 0.0100493785 0.0079662 5.3874686e-05 3.4157616e-05 3.5963316e-05 1.8457871e-05 0.0066073933 1.3001493e-05 9.7375105e-06 4.505762e-07
0.6813929 0.7810563 0.0074716504 0.013545847 0.041573104 0.00063528743 0.90005314 0.6791223 0.120429575 0.00056437956 0.014453161 1.1275234e-19 0.0006883302 0.9649599 0.112216204 0.00010627425 0.0107953455 0.07054071 0.0010565671 0.0001298331 0.000114287686 5.9107282e-05 0.0033854395 0.011407318 0.1570539 0.10724963 4.4376566e-06 0.11634101 0.116411574 3.736473e-07 2.352012e-06 0.13092737 0.021708997 3.0071233e-05 0.0062028468 6.407664e-05 0.0013614674 4.8178736e-05 0.0006621094 0.1602391 9.496787e-06 2.955863e-06 0.00084083644 1.3919279e-05 6.03197e-07 0.03251525 1.8500625e-05 0.0016878613 8.349525e-06 8.716553e-06 2.5841617e-05 0.079146296 0.03231523 2.2470265e-07 0.007613321 3.5817586e-06 2.2488734e-06 3.867534e-08 1.8715679e-06 4.449934e-06 0.0020636676 0.0016621593 2.2095699e-06 9.427973e-07 3.9634446e-07 1.4240392e-06 6.953026e-05 1.3699134e-06 2.346344e-06 2.6820478e-06 0.0043435073 0.014202324 2.1547285e-06 2.7021417e-05 1.1137234e-06 7.802462e-06 3.332808e-08 8.3399465e-07 2.6188768e-06 2.4430502e-08 9.973974e-06 5.754215e-05 1.0336189e-05 1.3484969e-05 0.0007066171 1.5586786e-05 1.0656527e-05 0.00020115638 1.3254693e-08 0.00013845028 4.470457e-06 0.0004614589 9.927063e-05 1.6962026e-09 1.7061415e-05 0.0019270587 1.295351e-05 0.00014124427 0.0036898516 1.0187204e-05 2.5160944e-05
0.9167378 0.030724851 0.8019014 0.19724327 0.04608363 0.7241634 0.0127054695 0.0011936339 0.029239755 0.8007167 0.23092484 0.0006883302 6.633517e-16 0.0006180449 0.0034930531 0.70099276 0.09994707 0.02415855 0.29891673 0.88792866 0.73369974 0.5604312 0.123408176 0.098459944 3.263302e-05 7.66171e-05 0.4792659 2.4791598e-06 0.0004989899 0.2376294 0.19410829 0.00026561055 0.014737527 0.052734025 0.014275229 0.12411812 0.07443872 0.041437276 0.07207624 0.0011111576 0.05614715 0.08391701 0.0074907714 0.035176322 0.101540744 9.0771925e-07 0.016820628 0.090057686 0.01314383 0.008348673 0.09290471 0.0033260423 2.8400834e-06 0.036711242 0.0008944561 0.005738287 0.009684214 0.026828244 0.004190195 0.0080927955 3.3834507e-07 3.88166e-06 0.021866752 0.006254498 0.0055813906 0.0014283317 0.0034175853 0.0015989579 0.012307061 0.0021190138 1.3682535e-05 0.00054518034 0.007921073 0.0048428993 0.0038556813 0.003985762 0.0004004996 0.00031387646 0.0028481954 0.00040871848 0.0009769318 0.0019357295 0.00041427265 0.00038683237 1.6963922e-05 0.0004563314 0.00025840497 4.9200878e-08 0.00020965065 0.0010803109 0.00018596741 0.0034480211 0.0069733765 0.00032187495 0.000111430345 2.0485513e-05 6.559204e-05 0.007273493 1.2874721e-06 0.00021984425 5.2825044e-07
0.621652 0.72802824 0.003116127 0.005256446 0.0072266767 0.0009381453 0.7161231 0.8734902 0.15953647 0.00051593117 0.0066778366 0.9649599 0.0006180449 8.4788194e-19 0.10320203 5.1727835e-05 0.0034811012 0.09111604 0.0007869221 7.6629374e-05 3.403156e-05 4.4488836e-05 0.003449192 0.0030779303 0.37043175 0.43402267 2.9817602e-06 0.28495416 0.19082093 2.9014168e-07 8.0292796e-07 0.15548745 0.018548723 3.601167e-05 0.003115552 9.240768e-06 0.0014963663 6.219773e-05 0.00062468805 0.15673685 2.0917173e-06 1.3252875e-06 0.0004786619 1.3436176e-05 3.6525466e-07 0.12030595 1.9146459e-05 0.001792295 7.723624e-06 6.654822e-06 1.7367939e-06 0.30455905 0.05918014 1.2271589e-07 0.0050193775 1.6817298e-06 8.665178e-07 3.2761722e-08 2.2243696e-06 6.5382415e-06 0.0033987109 0.0034129468 7.509041e-07 1.0062189e-06 7.011288e-07 8.0330324e-07 4.8104637e-05 2.3583461e-06 3.8034815e-07 7.639044e-06 0.0072578057 0.014725811 1.1595777e-06 1.801926e-05 1.3001512e-06 3.1610539e-06 2.2308884e-09 2.6435822e-07 4.2081656e-06 2.9833416e-08 4.822933e-06 1.14047e-05 1.7711503e-06 3.0379008e-06 0.00070271903 1.7157708e-06 5.651505e-06 0.00031815955 1.3312055e-08 5.0374587e-05 1.3564e-06 0.00084865047 8.079947e-05 4.725079e-09 3.539527e-06 0.0012580641 6.3638913e-06 8.127073e-05 0.0068708016 7.3670276e-07 3.0667874e-05
0.9846047 0.51680946 0.01833724 0.02149208 0.010727098 0.013391576 0.29507568 0.6800812 0.91582185 0.0032429488 0.29134002 0.112216204 0.0034930531 0.10320203 1.2389653e-20 0.0021283207 0.19331914 0.8257623 0.0116122 0.0009858807 0.001367868 0.0003921641 0.052048292 0.0026510705 0.040640738 0.040487446 0.00019337054 0.0098646525 0.23006834 1.6106229e-05 3.114013e-05 0.01015893 0.0023423342 0.0009540491 0.0013887661 5.0397313e-05 0.04006583 0.0016836973 0.00857047 0.007916281 0.00020787418 1.6623646e-05 0.00017625133 0.0005455765 1.4931617e-06 0.009558346 0.00042144128 0.00011592139 0.0004945475 0.00013950768 3.6404851e-06 0.55667746 0.001183383 6.084366e-07 0.00073112134 1.799968e-05 1.1255402e-06 3.7468928e-07 1.6755272e-05 0.00036185727 0.0002927531 0.0019693645 5.771169e-07 6.696461e-07 2.1080635e-07 2.406754e-07 1.7695903e-06 5.798861e-06 1.6443823e-06 0.00011328252 0.00012839175 0.06793189 9.592007e-07 1.7332167e-06 0.0002117327 4.675262e-07 1.36475355e-08 1.9761428e-07 8.975317e-07 2.2299492e-08 5.034308e-07 7.0098145e-06 3.1246628e-07 1.5543738e-07 4.4055436e-05 3.6083995e-07 1.7630816e-06 4.6162154e-06 2.082179e-07 2.7875365e-05 3.6008439e-07 0.0031791797 0.00071806 1.4688352e-08 1.6703013e-06 7.9920756e-05 8.6475285e-07 0.0007242822 0.0009006185 5.8571567e-07 1.1980261e-06
0.6488935 0.006448875 0.2005519 0.047634065 0.01871579 0.08231023 0.0008948575 0.0006374667 0.007409806 0.9476905 0.05875382 0.00010627425 0.70099276 5.1727835e-05 0.0021283207 3.0632065e-20 0.031205775 0.008480315 0.03664224 0.80128145 0.2448526 0.7092566 0.039977193 0.03227937 5.722324e-06 5.564555e-06 0.59852904 5.216383e-07 0.00012888554 0.61626035 0.14499332 3.948272e-05 0.0047642426 0.022105137 0.005498993 0.2723706 0.046355005 0.019985052 0.042958394 4.057548e-05 0.03354078 0.16984197 0.0022988452 0.015981372 0.20673114 6.463559e-08 0.012579652 0.04256148 0.013302532 0.0074766544 0.11015384 0.0041364795 2.1933495e-06 0.07071592 0.000118563716 0.005113329 0.015954144 0.05710062 0.0065630274 0.0077161407 1.010436e-07 2.315775e-06 0.057746574 0.0034534903 0.0034408192 0.0049360865 0.0041156537 0.0012274892 0.02434049 0.0015586311 5.495802e-07 0.00013706899 0.036076494 0.011364568 0.0024796305 0.010331351 0.00011530891 0.00033912042 0.013161679 0.00013247353 0.0039492343 5.741038e-05 0.0009054028 0.00066506065 1.6216715e-06 0.0006636509 0.00066197896 6.284072e-08 0.00034545496 0.00022402342 0.0009709493 0.0030542458 0.0050896015 7.658204e-05 4.8672695e-07 2.8997308e-06 8.966005e-06 0.0036391302 5.295281e-07 8.9800786e-05 1.4972835e-07
0.98191005 0.2044891 0.21369839 0.081285045 0.037645567 0.2660892 0.078968026 0.036087565 0.4300484 0.0558464 0.92941844 0.0107953455 0.09994707 0.0034811012 0.19331914 0.031205775 2.4849058e-18 0.570596 0.45104554 0.045052465 0.12236334 0.0465383 0.7861019 0.008387542 0.0016051563 0.00081751525 0.019631062 0.00020445338 0.0110398885 0.0030887823 0.012133928 0.0011293868 0.0025822367 0.08673114 0.0011214992 0.0044684904 0.6309923 0.06978574 0.38187313 0.0016038175 0.014905107 0.002213573 0.00013679867 0.019625664 0.0008459052 0.00011131977 0.009360188 0.00033171062 0.01156887 0.0037814414 0.00040185568 0.16807964 2.7312964e-05 0.0001536777 0.00028415848 0.00052859646 0.00011406098 8.950649e-05 0.00034225426 0.0048524486 5.2815753e-06 0.00024708585 2.0633881e-05 0.00013539342 4.3886488e-05 6.523166e-07 1.6658742e-06 0.00025751273 8.577174e-05 0.0020310546 3.4066738e-06 0.020402936 1.2893698e-05 2.1347809e-05 0.0063073984 2.4177793e-06 2.549794e-05 5.3159733e-06 3.1479224e-06 8.802924e-06 4.523462e-07 3.2978523e-06 3.9793937e-07 2.0967452e-07 9.743196e-06 7.3809446e-07 9.4148197e-07 9.281992e-09 3.1065112e-05 3.472129e-06 2.8875763e-07 0.0354642 0.010707868 7.8170946e-05 1.845135e-06 9.699764e-07 9.979658e-07 0.013872527 1.0874048e-05 5.179734e-07 5.694212e-08
0.9877576 0.45082676 0.06538622 0.04120017 0.034651123 0.06021876 0.17229004 0.28547323 0.812777 0.016362255 0.6004571 0.07054071 0.02415855 0.09111604 0.8257623 0.008480315 0.570596 1.917607e-21 0.04489101 0.0037604014 0.006233838 0.0025050796 0.24344853 0.006371316 0.016766608 0.028273435 0.000869617 0.0056624953 0.07457625 6.967542e-05 0.00036156646 0.0055000465 0.0057646423 0.004744374 0.0027107159 0.0003579775 0.17513463 0.010729185 0.037221666 0.0061493423 0.0007600582 4.80972e-05 0.00041837842 0.0018728266 7.2825774e-06 0.004611862 0.0010117925 0.00026787352 0.0026323472 0.0003508504 1.6097676e-05 0.50563014 0.00071192766 5.0032904e-06 0.0010646658 0.00012730042 5.898764e-06 1.0461982e-06 7.2755916e-05 0.0010788547 0.0002209018 0.0010588084 4.9625464e-06 1.1909571e-05 1.7416041e-06 3.5199636e-07 9.669891e-06 2.8851235e-05 6.042371e-06 0.0004908812 0.00016936385 0.04351511 4.0264763e-06 6.288052e-06 0.0019581092 4.03598e-06 1.3765598e-06 2.83927e-07 1.0653103e-05 9.50967e-07 5.3284493e-06 1.4403054e-05 3.086153e-06 8.8090076e-07 0.00022515452 2.2833296e-06 6.152809e-06 5.2618575e-06 4.6538144e-06 0.0001136215 2.0391844e-06 0.012111915 0.002700806 6.2636154e-06 2.9879488e-06 4.488059e-05 1.4500099e-06 0.0048172353 0.00019219205 1.6924823e-06 3.0304352e-06
0.95916146 0.041406065 0.3167585 0.040525835 0.018069148 0.88870126 0.004443484 0.0030340273 0.06286669 0.13510214 0.6532814 0.0010565671 0.29891673 0.0007869221 0.0116122 0.03664224 0.45104554 0.04489101 3.6957096e-19 0.20295508 0.73293835 0.010369859 0.86731535 0.004024043 0.0003235936 0.00015380526 0.023335543 1.9953264e-05 0.0027022755 0.0031677308 0.18033327 0.0002846763 0.0025355893 0.5576302 0.0025409996 0.0027999924 0.57753986 0.50731415 0.7319972 0.00013807463 0.197454 0.010764703 0.00038643085 0.15852706 0.0011704755 6.858706e-06 0.11780143 0.0006946656 0.14938174 0.047328234 0.0006800452 0.01547891 3.4301038e-06 0.00059600273 0.00012452726 0.012389277 0.00045519587 0.00025856448 0.010738019 0.04167631 1.1223589e-06 3.5323934e-05 0.0002759172 0.0027991338 0.0012302514 6.7070355e-06 1.1890675e-05 0.008101433 0.00021488125 0.012908624 3.3831525e-06 0.0021425907 3.6472633e-05 8.376798e-05 0.04644766 2.627193e-05 0.0005398514 3.5636545e-05 4.062159e-05 0.00029771746 4.595084e-06 3.6761653e-06 3.862897e-06 2.452327e-06 1.6157228e-05 3.896429e-06 2.390277e-06 8.150004e-08 0.0020345703 1.8143899e-05 1.7332663e-06 0.036519624 0.033842016 0.0010226297 9.135889e-06 1.078671e-05 3.7061182e-06 0.03415961 6.3795113e-07 2.9195863e-07 4.211355e-07
0.8761142 0.0021524285 0.18218182 0.042608496 0.014651784 0.24911901 0.0003836317 0.00010197269 0.0048451745 0.6057494 0.06866842 0.0001298331 0.88792866 7.6629374e-05 0.0009858807 0.80128145 0.045052465 0.0037604014 0.20295508 4.254387e-18 0.86113954 0.30547726 0.08140579 0.016477263 1.388947e-05 1.1421332e-05 0.84446204 8.608099e-07 0.000106421525 0.61320215 0.6625146 3.272836e-05 0.004215024 0.13987099 0.0046225595 0.066752106 0.07230362 0.08094789 0.10405184 3.716306e-05 0.24406339 0.48204482 0.0015235482 0.062237397 0.28438914 1.7706783e-07 0.05062628 0.016209636 0.054006655 0.036274873 0.024245307 0.0017551248 3.3584433e-07 0.11362915 0.00028504845 0.01597824 0.058737945 0.048808645 0.013824289 0.029971916 6.642685e-08 4.8739076e-07 0.023841593 0.009787923 0.021563768 0.000673225 0.00066922314 0.006746618 0.014212818 0.010494822 2.730373e-06 0.00015448678 0.0059685423 0.0064124865 0.029578045 0.0013204381 0.00087636017 0.0011911242 0.0027702695 0.0008295629 0.00087753515 6.70963e-05 0.0006298424 0.00079619384 4.8085394e-06 0.0009571043 8.497304e-05 6.949932e-08 0.0037222367 8.872749e-05 0.00013360259 0.0075540124 0.016697984 0.001909144 1.9519413e-05 2.472162e-06 2.2153806e-06 0.014386841 1.3768599e-07 9.496515e-06 1.4962329e-07
0.94131875 0.0024141842 0.2500088 0.03572882 0.011468702 0.6491811 0.0002384178 0.00022446417 0.009506846 0.29368693 0.1607836 0.000114287686 0.73369974 3.403156e-05 0.001367868 0.2448526 0.12236334 0.006233838 0.73293835 0.86113954 1.1399325e-17 0.08351662 0.377711 0.010079604 2.5629563e-05 2.9851974e-06 0.49260974 1.6698499e-07 0.00040128754 0.12483623 0.8312914 1.7889983e-05 0.0014531005 0.6135927 0.002840968 0.02526446 0.14688878 0.39717326 0.312 1.1137823e-05 0.6651186 0.3892104 0.00024946683 0.32022443 0.07403784 7.463517e-08 0.16004182 0.0020547989 0.14321019 0.110556215 0.008997498 0.0027427408 9.59055e-08 0.039598368 5.8044086e-05 0.04592016 0.024277408 0.019326726 0.03646912 0.100354984 1.2312107e-08 4.287975e-07 0.00424911 0.065106414 0.018316263 1.2536905e-05 2.11367e-05 0.016704705 0.007709742 0.028069273 3.3284897e-07 0.00036778187 0.0005797994 0.00077288516 0.09064409 0.00010738239 0.0014216598 0.00040758905 0.0003435342 0.00086309644 0.000100035955 9.244704e-05 0.00010101428 9.554395e-05 4.439227e-06 0.00015293206 1.3329172e-05 1.2193062e-08 0.0047219624 2.6030766e-05 5.5337605e-06 0.02728734 0.053090848 0.003324105 8.281131e-05 1.4324548e-05 2.9320236e-06 0.054185282 6.6775804e-08 6.100943e-07 1.508572e-07
0.9687916 0.0025334016 0.06556053 0.103362046 0.043567326 0.018066976 0.00052522094 0.0005121105 0.007627787 0.5077429 0.08069666 5.9107282e-05 0.5604312 4.4488836e-05 0.0003921641 0.7092566 0.0465383 0.0025050796 0.010369859 0.30547726 0.08351662 2.7778914e-19 0.018667022 0.029959792 2.2273573e-05 4.840858e-06 0.30226803 6.267891e-07 0.00017408335 0.45297858 0.025292568 1.3418172e-05 0.0023169592 0.0039017731 0.0061726654 0.9510759 0.0036112987 0.0029701132 0.0052061854 4.237722e-06 0.03136905 0.09553477 0.0056030327 0.010465557 0.14560254 9.03842e-08 0.0031729871 0.049345937 0.002105669 0.003354428 0.40435216 0.0029156436 2.1608432e-07 0.041462634 0.00013858556 0.005245817 0.004392625 0.075124554 0.0038554368 0.0035139255 4.6226845e-07 5.1647345e-05 0.17245181 0.00078522786 0.00031911707 0.018183004 0.022723915 0.0006846332 0.045427382 0.00036556416 3.5124042e-06 0.00047651966 0.09263392 0.019980224 0.00036982802 0.023119947 1.6964423e-05 0.00032011807 0.022287551 1.1437768e-05 0.0066011106 0.0005550545 0.001207571 0.0012321313 1.6054173e-06 0.00099828 0.0025062186 2.8656606e-08 8.716869e-06 0.0022506781 0.002258135 0.0007881587 0.0004461016 1.8028275e-06 7.903128e-06 8.7069575e-06 0.0003032141 0.00033594255 2.5465267e-06 0.002860004 1.4410733e-07
0.9546421 0.121070325 0.16470398 0.056749266 0.022295222 0.39804572 0.014626194 0.01715766 0.16631094 0.0659697 0.69805163 0.0033854395 0.123408176 0.003449192 0.052048292 0.039977193 0.7861019 0.24344853 0.86731535 0.08140579 0.377711 0.018667022 6.113494e-20 0.00615932 0.0009637173 0.0004266503 0.021237185 8.054444e-05 0.0065642633 0.005133758 0.03359584 0.0018223836 0.0017182361 0.3913908 0.0014519424 0.0025545552 0.8498332 0.50227994 0.7787472 0.0002441611 0.08296363 0.005295769 0.00018682813 0.12966087 0.0019416374 1.5579431e-05 0.087523416 0.0008149717 0.09407341 0.036960255 0.00026220633 0.0662004 2.7652302e-06 0.0012440014 0.00052364846 0.008908042 0.0010971429 0.000702005 0.006320866 0.03228232 1.6255115e-06 0.00011137488 0.00012952727 0.0022912056 0.0016718729 6.981616e-07 4.4278195e-06 0.0025056438 0.00040776012 0.0070855045 3.3925982e-05 0.015123364 0.00016583166 8.6938766e-05 0.018712455 1.9341009e-05 0.00039706333 6.4198844e-05 5.7271263e-05 0.00024026343 7.579933e-05 0.00018103824 5.1683604e-05 5.396607e-05 6.3322695e-05 0.00014461997 8.0088386e-05 3.6513455e-07 0.0007753103 0.00072394405 5.506421e-05 0.059634008 0.03396737 0.0018653423 4.2802374e-05 8.332629e-06 3.4165896e-05 0.03644795 1.4129437e-06 7.394846e-05 1.1180547e-06
0.40476078 0.098251775 0.103983745 0.68856746 0.8643437 0.027070055 0.5065682 0.0059874267 0.016081411 0.05212127 0.04798352 0.011407318 0.098459944 0.0030779303 0.0026510705 0.03227937 0.008387542 0.006371316 0.004024043 0.016477263 0.010079604 0.029959792 0.00615932 1.2831028e-18 0.0015825768 0.0022785976 0.006602877 0.0011727057 0.0009304633 0.0017188606 0.0023861001 0.0009731663 0.88884664 0.0004215816 0.89619184 0.02137907 0.0025487232 0.0004525598 0.00199263 0.08023004 0.00043611584 0.0020410933 0.7856082 0.00049473875 0.0006812179 0.00067887176 0.00039057207 0.7539895 0.00029993174 0.00023457737 0.040628105 0.007232327 0.00093701103 0.00015931381 0.055499222 0.00035793087 0.0012704985 0.00011006515 0.00072746957 0.00022728428 9.3740826e-05 0.00022054648 0.00036875138 0.0020172177 0.0021817668 0.003982156 0.05200573 0.0004107116 0.00021678497 0.00026538543 0.0012176958 0.0010083786 0.0007162264 0.00047226765 6.3127874e-05 0.001278756 6.6757566e-05 0.00022891318 0.00066253444 9.053229e-05 0.0002496875 0.01844582 8.666889e-05 2.882354e-05 0.00036630715 2.9190183e-05 0.00023790538 6.3580983e-06 8.267938e-05 0.005712848 5.0157527e-05 0.00037854712 0.0028435744 2.2289129e-05 0.009857976 0.00014751287 0.0030292494 0.0009860327 0.00027260464 0.00053950475 1.1275315e-05
0.92948776 0.124324255 0.0014916932 0.0035341945 0.0032789798 0.00047295273 0.2663656 0.830609 0.027753435 6.878328e-05 0.0028084647 0.1570539 3.263302e-05 0.37043175 0.040640738 5.722324e-06 0.0016051563 0.016766608 0.0003235936 1.388947e-05 2.5629563e-05 2.2273573e-05 0.0009637173 0.0015825768 1.2118842e-16 0.5460484 1.529718e-07 0.42055228 0.92787576 1.1690222e-08 1.9959555e-06 0.92915696 0.003054824 7.88132e-05 0.0005523366 1.7260546e-06 0.00046904015 3.6400146e-05 0.00011466291 0.06788843 4.17475e-07 8.2214484e-08 0.00010116524 1.2035028e-05 5.235915e-09 0.24616191 4.001228e-06 0.0002059915 1.6775282e-06 4.1111184e-06 2.9198367e-07 0.5226469 0.08874743 1.6011306e-09 0.0037240353 1.1934732e-07 3.5651006e-08 5.581387e-10 1.1019974e-07 5.112667e-06 0.055731587 0.003095438 5.19758e-08 1.819267e-09 8.076988e-09 5.8985137e-07 2.3072735e-05 1.822098e-08 4.676778e-09 3.0866784e-07 0.00440285 0.05890698 1.2922638e-07 1.684456e-07 4.806474e-07 1.7564709e-06 5.0407737e-11 2.2348244e-08 1.0914031e-06 1.8746224e-10 5.327867e-07 1.0015847e-05 3.315659e-07 2.3534804e-07 0.0005725139 2.738189e-07 1.0673975e-06 0.0031530918 8.7637547e-10 1.19076285e-05 7.6261347e-07 0.00027921886 1.2149541e-05 3.0847738e-11 1.530293e-05 0.0012607905 3.650997e-07 5.0009817e-06 0.00292523 7.093535e-07 0.0004579916
0.12003435 0.07625416 0.0018993086 0.0024467031 0.0021302844 0.00021964536 0.186367 0.22705099 0.031999957 5.0506776e-05 0.0022296624 0.10724963 7.66171e-05 0.43402267 0.040487446 5.564555e-06 0.00081751525 0.028273435 0.00015380526 1.1421332e-05 2.9851974e-06 4.840858e-06 0.0004266503 0.0022785976 0.5460484 6.881592e-19 3.752833e-07 0.9904451 0.12591873 2.6901194e-08 8.3769163e-07 0.70625675 0.0031142554 9.920456e-07 0.0018436813 6.9985585e-06 0.0003498829 4.808585e-06 9.102123e-05 0.07089127 4.6355842e-07 2.698801e-07 0.0004264524 8.774447e-07 8.101138e-08 0.35050783 9.790751e-07 0.0018028534 4.3333807e-07 4.26575e-07 7.3732963e-07 0.22536615 0.16606276 1.5207709e-07 0.005368838 3.9556093e-07 1.1585782e-06 7.888459e-08 3.0951e-07 4.6402994e-07 0.091628775 0.03860772 3.128551e-07 7.259144e-07 3.1712005e-07 1.4686455e-07 2.106711e-05 6.8097776e-08 5.9524973e-07 4.3974043e-07 0.011922454 0.020053757 4.1650114e-07 1.6598719e-06 1.9989547e-07 1.824397e-06 1.2147448e-08 9.1807334e-07 1.4860021e-06 8.560098e-08 1.907968e-06 1.17427235e-05 1.9452134e-06 2.08138e-06 0.0026198577 1.7052085e-06 3.7859388e-06 0.010170029 1.877347e-08 2.9787436e-05 4.844629e-07 8.402433e-05 9.725632e-06 6.3389507e-09 2.5808406e-06 0.021397872 3.5926032e-06 8.262881e-06 0.020167347 5.6778003e-07 0.0015067821
0.8999277 0.00041925194 0.019500146 0.0069854637 0.0028354344 0.02503701 5.563778e-05 3.7173745e-06 0.0012146379 0.21525668 0.026054043 4.4376566e-06 0.4792659 2.9817602e-06 0.00019337054 0.59852904 0.019631062 0.000869617 0.023335543 0.84446204 0.49260974 0.30226803 0.021237185 0.006602877 1.529718e-07 3.752833e-07 1.5645396e-19 2.8093442e-08 1.4842813e-06 0.9315416 0.48344573 1.7449297e-07 0.0005086382 0.028758137 0.0013026751 0.15181923 0.017208733 0.017755851 0.025791463 3.1729205e-06 0.10661849 0.72211796 0.0002473209 0.041597653 0.6000516 1.0736721e-08 0.020549221 0.016607113 0.015154549 0.019273821 0.04913368 0.0004978419 6.417579e-08 0.33301392 0.00013074263 0.017153867 0.1917106 0.22089139 0.01573106 0.011563189 1.3082169e-08 4.2765947e-08 0.07220808 0.0073241317 0.017659223 0.0015338875 0.00075612596 0.0023543597 0.058247097 0.0027319815 2.6128894e-06 4.781126e-06 0.049634285 0.023290398 0.005231127 0.0068938853 0.00014011422 0.00491571 0.011028198 0.00014972844 0.0040780897 7.93834e-05 0.0038929787 0.004141307 1.5900977e-06 0.0052117743 0.00046589546 2.7503338e-08 0.00067269936 8.6166416e-05 0.0020334818 0.0020015645 0.0065960474 0.00022283806 2.259449e-05 2.148259e-06 2.6004773e-06 0.0059648575 1.6818836e-08 0.00011629953 5.861903e-08
0.20247072 0.042086136 0.00029954556 0.00054437434 0.000666822 1.2885732e-05 0.32413876 0.15378854 0.010314861 5.4489806e-06 0.00047028763 0.11634101 2.4791598e-06 0.28495416 0.0098646525 5.216383e-07 0.00020445338 0.0056624953 1.9953264e-05 8.608099e-07 1.6698499e-07 6.267891e-07 8.054444e-05 0.0011727057 0.42055228 0.9904451 2.8093442e-08 4.0983847e-19 0.0834995 3.174017e-09 3.8021955e-08 0.5933118 0.0035435397 4.2861066e-07 0.0016264265 3.9879038e-07 2.8473263e-05 1.1913519e-06 2.106017e-06 0.21600404 1.9184316e-08 3.4023928e-09 0.00017358204 8.9397155e-08 6.466948e-09 0.6528834 1.8842879e-07 0.00040399234 7.281674e-08 4.3638636e-08 9.5316096e-08 0.10454699 0.50762326 1.437283e-08 0.009866121 2.2679794e-08 2.7434654e-08 8.3851965e-09 3.7256047e-08 5.970238e-08 0.13887057 0.030581174 2.0563286e-08 1.3925205e-08 7.297118e-09 2.3228129e-08 7.380705e-07 5.9793175e-09 1.4412719e-08 1.08494355e-07 0.02776695 0.0156150265 2.2191296e-08 1.9364927e-07 1.1368674e-08 8.033695e-08 3.5641928e-10 3.5301316e-08 1.2682183e-07 2.39359e-09 8.3652776e-07 8.425538e-06 6.069888e-07 8.817631e-07 0.0069994605 5.0050636e-07 8.847146e-07 0.016044555 2.7542368e-10 4.603633e-06 1.9739579e-07 7.566724e-05 9.652781e-06 3.501452e-11 3.9651673e-06 0.025355114 4.221375e-07 1.1075007e-06 0.022291746 5.751836e-08 0.001992325
0.99040073 0.1413059 0.005548103 0.0043926733 0.004894148 0.0034030746 0.16206618 0.802054 0.1039707 0.0006115661 0.023950303 0.116411574 0.0004989899 0.19082093 0.23006834 0.00012888554 0.0110398885 0.07457625 0.0027022755 0.000106421525 0.00040128754 0.00017408335 0.0065642633 0.0009304633 0.92787576 0.12591873 1.4842813e-06 0.0834995 3.312183e-18 1.6318991e-07 8.53054e-06 0.47658092 0.00119834 0.0009348269 0.0003701004 1.9327548e-05 0.0012140895 0.0008337506 0.00046278545 0.01784374 1.1893761e-05 4.5666158e-07 8.362733e-05 8.8017696e-05 4.1677865e-08 0.078697376 0.0001431445 0.00018894028 7.071813e-05 4.408116e-05 7.970869e-07 0.8550247 0.019156743 5.1731014e-08 0.001110754 2.980774e-06 1.0878196e-07 4.1781096e-08 4.170411e-06 5.9305858e-05 0.014350419 0.0033320682 3.1195654e-07 9.307201e-09 1.35391085e-08 3.181151e-07 1.1971381e-05 8.1225625e-07 1.7278914e-07 2.0038371e-05 0.00058719807 0.096045785 1.07921416e-07 4.851245e-07 1.0556037e-05 1.5483455e-06 1.243959e-09 1.7347818e-07 9.602653e-07 3.7564063e-09 1.8050554e-06 8.935847e-06 4.6771797e-07 3.1761581e-07 0.00024327949 4.595301e-07 3.0615697e-06 0.00033531646 1.9930052e-08 1.6920425e-05 1.7735372e-06 0.00033548806 9.700611e-06 6.2782344e-09 6.676027e-06 0.0004245351 2.8025315e-06 1.3933131e-05 0.0021883363 2.8719096e-06 0.0001259411
0.72333944 8.112763e-05 0.004885568 0.00095790793 0.000651527 0.0045861383 7.293814e-07 1.0295051e-06 1.5648522e-05 0.15709835 0.0032395148 3.736473e-07 0.2376294 2.9014168e-07 1.6106229e-05 0.61626035 0.0030887823 6.967542e-05 0.0031677308 0.61320215 0.12483623 0.45297858 0.005133758 0.0017188606 1.1690222e-08 2.6901194e-08 0.9315416 3.174017e-09 1.6318991e-07 1.4493981e-20 0.18679915 9.405823e-08 5.4290966e-05 0.002283821 0.00019750455 0.37376335 0.004890875 0.0026708415 0.0046975045 3.610245e-07 0.031179579 0.6116982 4.267789e-05 0.006373613 0.90376765 8.535638e-09 0.0029664002 0.003443547 0.0026466688 0.002239239 0.068124056 0.0004008844 3.2705845e-08 0.63288283 3.128536e-05 0.0029259988 0.3813682 0.5093347 0.0027706816 0.0036098338 6.4171966e-09 2.0556739e-08 0.26631498 0.0019089 0.006479415 0.0017360696 0.0004032237 0.00037979757 0.24762456 0.00029894852 5.202973e-07 2.8855181e-06 0.09808264 0.10788972 0.0008482099 0.0108828265 7.60135e-06 0.0049386127 0.022380566 5.1103766e-06 0.009046442 8.8638135e-06 0.013382493 0.013716622 5.2267853e-07 0.018088087 0.0020243502 2.0567484e-08 3.5873873e-05 8.569635e-05 0.0069190394 0.0008999162 0.0017617245 3.9918136e-06 5.1192956e-07 1.4043553e-06 2.2714041e-06 0.0010886049 2.0309612e-08 0.0003759722 5.2473748e-08
0.8460636 0.00011006872 0.0052032466 0.010736104 0.0031017473 0.03826618 8.2642237e-07 1.701165e-05 0.00020248888 0.056794774 0.01545548 2.352012e-06 0.19410829 8.0292796e-07 3.114013e-05 0.14499332 0.012133928 0.00036156646 0.18033327 0.6625146 0.8312914 0.025292568 0.03359584 0.0023861001 1.9959555e-06 8.3769163e-07 0.48344573 3.8021955e-08 8.53054e-06 0.18679915 4.2765817e-18 1.9178363e-07 0.0009392835 0.564767 0.0016091099 0.016552571 0.02792593 0.19659711 0.0662706 1.9961706e-06 0.7962648 0.94111496 0.00053030945 0.4618084 0.13952711 1.9094432e-07 0.15687384 0.003866948 0.09828826 0.27996022 0.006429602 0.00060080783 8.3421774e-08 0.068649895 0.00019888773 0.12147173 0.29801464 0.028869644 0.07111475 0.07719569 3.1811098e-08 1.0425923e-07 0.01176456 0.44576022 0.32269493 5.315013e-05 0.00018274653 0.07094361 0.017547859 0.06718034 3.2125113e-06 1.5798487e-05 0.002647623 0.005168319 0.17398338 0.00026724787 0.024909807 0.019359201 0.0011349143 0.010206246 0.00014960396 0.00026153727 0.0004415717 0.0006568403 4.4781636e-06 0.0010922127 1.9234176e-05 3.862042e-08 0.022095358 7.343761e-05 2.7275793e-05 0.015253792 0.06353414 0.008158932 0.00036685233 9.91236e-07 1.9695804e-05 0.038779914 1.0839004e-08 3.5414902e-07 3.451982e-08
