2.3174998e-14 0.031066762 0.00021876235 0.035117168 0.00037457838 0.3722007 0.085750684 0.02582634 0.8354937 0.48474964 0.92163444 0.0034194808 0.010034903 0.32171747 0.073276214 0.52162987 0.6897766 0.89774615 0.60575455 0.10163169 0.6739088 0.8550663 0.7851449 0.8738088 0.92019373 0.9150754 0.61414444 0.9160734 0.045161724 0.9916979 0.95614165 0.9897976 0.12654996 0.9909633 0.84782004 0.9792596 0.1795094 0.39485666 0.9490308 0.9957927 0.67607045 0.9755127 0.121666186 0.7143422 0.9578731 0.46416396 0.9427898 0.83742803 0.95722526 0.96986187 0.9890515 0.7890221 0.92789024 0.7762645 0.84733063 0.06450635 0.9722467 0.7860525 0.9451752 0.9617921 0.8414418 0.9742417 0.893716 0.9635281 0.0123237455 0.16604498 0.0004065651 0.57994735 0.99354917 0.8561332 0.72097296 0.9353464 0.62829715 0.00043863247 0.8395833 0.98939425 0.7659798 0.8343177 0.6744211 0.9094684 0.9278097 0.97530484 0.98800826 0.91866595 0.70931953 0.9709287 0.832851 0.80090356 0.0003108069 0.5750687 0.9261964 6.928174e-06 0.99987876 0.0062643867 0.9150415 0.97750837 0.9293014 0.87674075 0.9007244 0.93713284 0.9999582
0.031066762 2.7763078e-15 0.9127862 0.69093096 0.9750091 0.9995903 0.0015296075 8.853524e-06 0.18793088 0.013508222 0.15717556 6.9332404e-05 1.1361997e-06 2.586847e-05 1.0551512e-06 1.297313e-05 0.00056916603 0.0015707912 6.645027e-05 7.722832e-07 4.40914e-06 0.0013677153 3.149026e-05 0.0043935487 6.6209286e-06 0.0014955838 1.2403497e-05 1.7183434e-06 4.246075e-08 0.003456799 2.3990475e-05 0.00053538824 3.046224e-08 7.5118173e-06 2.4870013e-07 0.00025644957 5.204814e-07 9.509039e-06 1.2061288e-06 0.00016982756 5.238807e-07 5.188119e-05 6.7333055e-08 4.163826e-06 9.912465e-07 9.9170734e-08 6.2184205e-07 2.843577e-08 1.8961131e-05 2.1766396e-06 2.1550736e-06 6.4541973e-06 5.289116e-06 1.0500396e-06 2.2226658e-07 3.9590155e-08 7.372812e-07 6.7542196e-08 3.9085652e-08 4.3680714e-07 6.3095973e-07 4.1980904e-05 3.9673723e-06 4.210283e-05 2.0989788e-08 2.0232952e-07 8.800192e-09 6.4618343e-06 8.002169e-06 2.863859e-07 4.594282e-08 2.4061228e-07 2.1617274e-07 4.054182e-09 6.321788e-07 7.072845e-07 3.201173e-07 5.132585e-06 4.882372e-06 2.7977726e-06 6.401e-07 5.801522e-06 2.4848669e-06 3.7189895e-07 1.3021013e-07 2.2266714e-07 1.4792505e-06 1.4781921e-07 2.0905238e-05 4.3736797e-08 3.770499e-06 8.845808e-10 1.2547893e-06 3.2542116e-09 1.1530465e-09 1.5540286e-07 3.7337804e-07 1.0452051e-06 3.3283504e-07 5.3489007e-08 2.552777e-05
0.00021876235 0.9127862 2.371158e-19 0.99868655 0.99998146 0.00080899935 0.0028055909 0.0003547898 0.01441591 0.009188083 0.0059634782 8.670407e-06 3.8761073e-08 8.583514e-07 1.0126137e-08 1.3631608e-05 6.0958046e-06 1.1324218e-05 1.1122861e-06 6.035759e-06 5.5094433e-06 1.1167956e-05 1.7746817e-05 4.371935e-05 5.8002774e-06 1.1370881e-05 8.248233e-07 4.103748e-07 1.2233521e-07 8.5343694e-05 1.9886888e-07 2.2039412e-05 5.0800065e-08 2.4894825e-06 3.3711103e-08 6.25335e-06 5.4026663e-09 5.524823e-06 1.2296854e-06 1.3019795e-05 6.3564704e-07 3.898919e-06 3.3579354e-08 5.878875e-07 4.3722935e-07 1.735475e-07 9.665493e-08 4.173148e-08 1.8776694e-06 5.7054945e-07 2.1975536e-06 3.8735004e-07 9.558787e-07 4.120409e-08 4.1415806e-08 1.6034571e-08 2.3617613e-07 7.4463536e-08 7.065516e-09 2.0659908e-07 5.260552e-08 1.9526815e-06 1.0997087e-07 6.953141e-06 9.033521e-09 4.9194306e-08 3.483623e-09 5.730442e-07 1.3201043e-06 4.766321e-08 1.5693932e-06 4.5439475e-07 1.5069833e-07 2.7591016e-09 3.8784226e-08 2.8855485e-08 9.8330496e-08 1.5002709e-07 6.350983e-08 7.076309e-08 1.3161757e-08 2.613383e-06 1.2999913e-06 3.4554933e-08 6.4077696e-08 9.462933e-09 3.932198e-10 2.8162797e-09 4.870088e-07 3.2699838e-09 2.167211e-08 6.228937e-09 2.3276904e-07 9.441595e-11 4.5259838e-10 2.2527692e-08 4.247241e-08 6.4520758e-09 1.142016e-08 2.9932878e-08 3.9395118e-07
0.035117168 0.69093096 0.99868655 1.1775819e-16 0.9568303 0.053844515 0.97330225 0.37319577 0.89172256 0.70923287 0.91717947 8.385766e-05 3.3204688e-07 1.5512594e-05 1.389188e-07 0.0067839096 0.0006544402 0.0029755395 2.9902278e-05 0.0001621019 0.005479929 0.0030167087 0.046180375 0.018826889 0.007941995 0.0034712008 8.40537e-06 3.6085414e-05 2.4189267e-05 0.090850934 2.5543904e-06 0.011485679 1.4980206e-05 0.0005218326 2.128279e-06 0.00026350783 1.348857e-07 1.576473e-05 7.755424e-05 0.0010936032 5.3288375e-07 4.862327e-06 1.4965333e-06 1.5664207e-06 8.0758946e-05 7.3133954e-08 1.1198521e-05 1.973377e-08 7.2656195e-07 8.624287e-07 0.0007852294 1.1824234e-06 1.6622132e-06 4.8419704e-08 4.3328864e-08 7.775676e-08 8.052531e-07 1.6853098e-08 3.793423e-08 2.244449e-06 1.3372615e-07 5.9328664e-05 1.6736348e-07 0.00026855007 2.0319736e-07 1.4080796e-06 2.3886157e-08 1.8110117e-07 6.0250248e-05 5.3478198e-06 1.6834509e-05 6.7325022e-06 2.7603823e-08 3.2729872e-08 1.2477504e-07 5.198366e-07 1.0901786e-08 2.4650694e-07 2.4465956e-07 1.6413983e-07 2.0702167e-08 7.941937e-05 0.00025966883 2.574427e-08 5.667651e-09 5.5430644e-07 1.4237308e-08 5.372658e-10 3.2817982e-06 4.2602126e-09 5.1566204e-08 2.5824914e-07 4.8821066e-06 2.9172801e-08 2.873112e-10 1.7304443e-07 1.1456281e-09 4.675469e-08 3.7342326e-07 4.8403155e-07 1.0040865e-05
0.00037457838 0.9750091 0.99998146 0.9568303 4.6513296e-19 0.14599621 0.038206406 0.122447416 0.0009961986 0.0013384114 0.000699625 1.9446246e-05 8.4928345e-08 2.5055622e-06 1.6246279e-08 1.3294668e-05 8.1082294e-07 1.3888151e-06 3.7283135e-06 3.305146e-05 6.63636e-06 8.318095e-07 8.564622e-06 4.9869413e-06 1.610685e-06 9.658291e-07 9.1120725e-08 5.8881865e-06 7.389058e-07 2.6956346e-05 7.4969915e-07 7.079999e-07 8.444344e-08 1.8516749e-06 1.0721522e-07 4.0636735e-07 9.126039e-08 3.5994892e-06 4.024526e-06 1.2436111e-06 1.6577226e-07 2.1008075e-06 9.056194e-08 1.991002e-07 5.6418526e-07 4.3733857e-09 5.6407123e-07 1.5144353e-08 1.4102613e-07 2.237468e-07 3.7388277e-06 5.237586e-08 2.920615e-08 2.106944e-09 8.66362e-10 4.4958529e-10 1.5035465e-05 8.100848e-11 3.0698013e-07 5.0128804e-08 9.275687e-10 8.433384e-06 2.9938075e-08 4.9669684e-06 2.1710078e-09 6.232838e-08 2.4470165e-10 2.3322633e-09 3.6065353e-07 3.719747e-08 2.4772086e-07 1.3816451e-07 1.1534804e-08 4.416902e-09 6.4955934e-08 9.933085e-09 2.3457944e-09 3.585933e-09 1.4952813e-09 1.4144137e-09 1.7991526e-09 1.1920793e-06 4.2570207e-07 1.8310788e-09 1.5496705e-10 6.6348815e-09 2.96016e-11 1.4474137e-10 1.3426607e-07 8.101191e-10 4.163881e-10 4.8321054e-09 3.647962e-07 2.277879e-10 3.8182527e-10 6.8618455e-10 1.5579035e-10 1.5628826e-10 3.2334826e-10 3.8917904e-08 2.8186042e-07
0.3722007 0.9995903 0.00080899935 0.053844515 0.14599621 2.7324865e-09 0.0019805476 0.0004676005 0.98473626 0.027004704 0.59443647 0.7438012 0.0102402875 0.050785966 0.021490254 0.0001539849 0.051579632 0.046769965 0.033243828 1.930176e-05 3.492475e-05 0.01466082 6.9605485e-05 0.055367365 1.0418479e-05 0.019623315 0.0011958586 3.2895753e-06 1.8163651e-05 0.013991248 0.0042635608 0.008803223 6.1794117e-06 7.943925e-06 8.103382e-07 0.003290175 8.522186e-07 0.00047132076 9.348999e-06 0.0010654425 7.436688e-08 0.00021932198 8.682327e-05 2.2413209e-05 5.932158e-07 1.057807e-06 1.3098797e-06 1.02703545e-07 6.0244445e-05 7.698775e-06 1.2366904e-05 2.4944804e-06 4.172428e-06 3.4224868e-06 1.3893084e-07 1.316992e-06 3.7259351e-06 6.895831e-07 1.0361687e-06 3.1085517e-06 9.994645e-06 8.189205e-05 0.00016617964 0.00038240876 6.419198e-07 8.819499e-05 5.5663068e-06 1.0929097e-05 6.573601e-05 1.8356328e-06 1.1639595e-06 2.154418e-06 1.7070731e-06 3.6446434e-06 8.953564e-06 8.092289e-06 2.9907898e-07 9.075111e-06 4.7730164e-06 3.0179385e-06 1.3360972e-06 4.2939908e-05 7.4497184e-05 1.3466308e-07 5.7442463e-07 7.1103163e-06 1.7699787e-06 1.3003341e-05 7.94884e-05 5.498232e-06 2.0257482e-06 1.0053308e-06 1.8110464e-05 1.2471385e-06 1.5805531e-08 9.687026e-07 2.7194314e-05 6.224766e-06 2.3214789e-05 6.896311e-07 0.0004645259
0.085750684 0.0015296075 0.0028055909 0.97330225 0.038206406 0.0019805476 3.157912e-13 0.9997253 0.1131888 0.93717873 0.58793527 8.493738e-05 1.0912419e-06 2.1083672e-05 3.0710865e-07 0.088338524 1.5380107e-05 0.00018955483 1.8928016e-05 0.01291156 0.068206266 0.0005590164 0.10236942 0.005508257 0.023990666 0.00050112436 4.3835786e-05 0.0009922216 0.00021706181 0.14711805 5.028538e-06 0.008993522 7.521161e-05 0.011278139 6.1503442e-06 0.00010508221 1.8753342e-06 2.3216426e-05 3.0951178e-05 0.0003069668 9.929475e-07 1.5931768e-05 2.0156533e-05 5.4436005e-06 6.0054863e-05 2.9323846e-06 1.0787209e-06 6.286113e-07 1.47207975e-05 9.943534e-06 0.00027789088 1.5508209e-06 3.0452163e-06 1.0164646e-06 5.3461804e-07 6.8909526e-07 1.2797873e-05 9.656173e-07 1.3426638e-06 1.6359187e-06 2.6848818e-07 6.5917775e-06 4.8932634e-05 4.687441e-05 1.0747981e-06 1.3244055e-06 6.9423044e-07 3.082617e-06 8.69032e-05 3.7055418e-06 2.0753623e-06 2.9840674e-06 3.1566553e-06 1.9984019e-07 5.931211e-06 2.4139802e-06 1.5037323e-06 9.112294e-07 6.988298e-07 4.229419e-07 6.581567e-07 1.9251684e-05 6.266678e-05 1.5637744e-06 5.566684e-06 3.756308e-06 2.0731497e-07 1.6954693e-06 7.1078143e-06 6.831376e-07 2.581844e-05 4.7343076e-09 5.496905e-06 2.1366995e-07 5.6029887e-09 3.824904e-06 5.843223e-06 7.036146e-07 1.9242184e-06 4.21114e-06 7.931099e-05
0.02582634 8.853524e-06 0.0003547898 0.37319577 0.122447416 0.0004676005 0.9997253 3.4679302e-13 0.0021855363 0.9787821 0.084839284 7.5191924e-06 7.6245975e-08 4.765614e-07 4.981209e-08 0.86925244 1.155432e-05 2.0620504e-05 3.1823358e-06 0.77714413 0.25152916 1.2370032e-05 0.20640282 8.394927e-05 0.033870634 1.1600262e-05 5.892144e-07 0.06515651 0.0058859214 0.0466362 6.849126e-07 0.0001375413 0.0021338833 0.038330816 0.001200231 6.20494e-06 0.0011872207 5.9265744e-06 0.006249648 2.699007e-05 0.0002795831 1.8199206e-06 9.5408825e-05 1.7648345e-06 0.0011736158 0.000111614354 0.0007243951 2.444564e-05 1.2270782e-05 7.2695906e-07 0.00095973036 6.251397e-07 6.6672953e-07 4.6727527e-07 8.601768e-08 8.729065e-06 0.00025732172 5.1464536e-07 1.1392786e-05 5.215246e-08 4.0808897e-07 2.8660272e-06 1.5163857e-05 9.726939e-06 7.1455283e-06 1.8700467e-07 1.4166737e-07 9.754632e-06 3.2722585e-07 1.3674342e-05 9.113972e-05 2.5787136e-05 5.1938046e-06 1.680476e-06 2.8956669e-07 7.327623e-08 8.987068e-07 1.09898956e-07 4.045178e-08 3.0740182e-08 2.4954629e-08 2.1017304e-05 1.948748e-05 1.0199375e-07 2.3787325e-07 7.11785e-07 8.712709e-09 1.2028843e-07 2.1161226e-05 2.4922759e-08 1.0837078e-09 1.4275678e-06 1.417561e-06 2.6675103e-08 1.9574005e-08 9.32949e-07 1.9255464e-09 2.0267741e-08 4.3623242e-08 4.243667e-06 1.9787565e-07
0.8354937 0.18793088 0.01441591 0.89172256 0.0009961986 0.98473626 0.1131888 0.0021855363 2.1686394e-10 0.1713031 0.9060272 0.6912579 0.108246386 0.9158977 0.2027094 0.0023308173 0.67754483 0.9328719 0.09066311 2.4032266e-05 0.0018466641 0.7822795 0.026196044 0.9068184 0.006109593 0.5956177 0.0017130594 4.324756e-05 2.1306258e-05 0.5009884 0.03360055 0.68882984 1.8529707e-05 0.005002024 8.447882e-06 0.11201712 6.367938e-07 0.00033943527 0.0004085006 0.26142895 7.803544e-07 0.0024555966 9.1670765e-05 2.9133813e-05 0.0003121103 2.2117981e-06 8.823786e-06 8.867994e-09 0.00032288703 0.00023730175 0.0020533307 0.00040857075 0.0002015833 5.43887e-05 2.1914957e-05 1.4039356e-05 1.0965753e-05 2.3807083e-06 4.829782e-06 5.105337e-05 2.1721005e-06 0.002183197 0.000103226 0.007567965 1.2267243e-06 0.00030348575 2.3207074e-06 2.9421566e-05 0.00078430836 7.032068e-05 5.747135e-05 0.00022747685 5.592846e-07 3.639655e-06 8.4795255e-07 2.5600348e-05 8.1608886e-07 5.972818e-06 6.748216e-07 4.4499807e-06 3.2594295e-07 0.0005631129 0.00024448146 8.147311e-07 8.9164166e-07 4.9587384e-06 1.7449788e-06 2.0452824e-06 1.642424e-05 8.787112e-08 2.3201653e-06 1.6572857e-06 2.148508e-05 1.6184538e-05 1.3266898e-06 1.1591325e-05 8.1357655e-07 1.6927567e-06 9.398722e-06 3.0908937e-05 9.666907e-05
0.48474964 0.013508222 0.009188083 0.70923287 0.0013384114 0.027004704 0.93717873 0.9787821 0.1713031 2.6506109e-12 0.9807897 0.00027477674 1.5675454e-05 0.0002671732 6.4675182e-06 0.8152987 0.00072426355 0.004357743 0.00014206237 0.108599134 0.7337552 0.014689309 0.85844547 0.07781192 0.47001478 0.010387373 1.4963342e-05 0.03597517 0.0024666209 0.69176215 9.971144e-05 0.14271729 0.00013649398 0.11093433 0.00023930368 0.0012791286 2.880612e-05 2.7181813e-05 0.0014805073 0.009701431 2.16988e-05 0.00011688519 1.2692057e-05 8.567457e-06 0.004699856 1.8566074e-05 0.00015386983 1.8123983e-06 3.0764231e-06 1.5358708e-05 0.007450258 1.2672862e-05 3.9571383e-05 2.1466822e-06 1.4656017e-06 7.109672e-06 4.693104e-05 1.2597088e-06 4.3923646e-06 7.704754e-06 6.882913e-07 0.00036452134 4.5385076e-07 0.0011440148 8.010481e-07 2.7013504e-05 3.932669e-05 6.387761e-05 0.0003076896 0.00013423503 0.000191261 0.00020327035 1.9968998e-06 4.0867087e-07 2.6638652e-06 8.026658e-06 8.530613e-08 1.6407561e-06 2.4397023e-06 5.8649204e-07 6.184853e-08 0.0012918579 0.00051554607 9.459225e-07 1.1684427e-06 2.1155212e-05 9.294659e-07 2.1048402e-06 0.00045820806 6.345726e-07 1.2255923e-06 1.2411455e-06 0.00021094867 1.8261691e-06 2.3275463e-07 8.85256e-06 1.1036334e-06 1.7477303e-06 7.5866624e-06 4.8655274e-06 7.412265e-05
0.92163444 0.15717556 0.0059634782 0.91717947 0.000699625 0.59443647 0.58793527 0.084839284 0.9060272 0.9807897 2.460508e-11 0.006679372 0.00012473515 0.02439563 4.597427e-05 0.1874435 0.011717213 0.07924646 0.0012562699 0.0008793849 0.034569483 0.14350317 0.5355391 0.667284 0.22451755 0.20701802 7.65086e-05 0.00079163484 8.0468424e-05 0.9715485 0.0015466848 0.79740787 1.0407267e-05 0.13014044 3.2646185e-05 0.019914594 1.2555363e-06 7.1321876e-05 0.0002444274 0.13881198 3.3787867e-06 0.00030591476 7.762995e-07 1.3125866e-05 0.0046382206 3.8977932e-06 0.0002508888 1.5946011e-07 1.1175349e-05 0.00035542427 0.016348317 0.000108136395 0.00037885338 1.4602798e-05 6.930943e-06 1.6536042e-06 9.407882e-05 7.365151e-07 1.8738681e-06 0.00041322544 9.219043e-08 0.0037389135 1.0488522e-05 0.014197787 6.400343e-08 5.891481e-07 6.7644135e-07 7.798892e-06 0.0018225877 0.00043533335 0.00044582703 0.0020300534 2.4942602e-07 1.2734891e-07 4.2854795e-06 2.8591929e-05 2.4791018e-07 7.715054e-06 1.6998058e-07 2.829219e-06 4.4923584e-07 0.0115215145 0.0025357318 3.6989834e-07 5.3300374e-07 8.8737215e-05 1.568263e-05 1.877179e-06 2.119512e-05 1.2681791e-06 3.2091032e-06 5.656895e-07 0.00092854595 3.885125e-07 3.4344288e-07 2.996117e-05 1.8546936e-06 1.1635405e-05 0.00010147454 1.8956069e-05 0.0005355238
0.0034194808 6.9332404e-05 8.670407e-06 8.385766e-05 1.9446246e-05 0.7438012 8.493738e-05 7.5191924e-06 0.6912579 0.00027477674 0.006679372 5.5058044e-15 0.9997861 0.3274512 0.9974885 3.2411074e-07 0.04203783 0.0059275106 0.07460303 1.6699795e-08 4.3662244e-06 0.0016334299 1.0251996e-05 0.0015750896 1.2116863e-05 0.0007429525 0.01517578 3.4421628e-06 4.1922443e-09 9.515131e-05 0.0028482932 0.00015060359 3.1083264e-08 1.4067018e-05 8.135835e-09 0.0006508343 4.371826e-09 0.007411922 1.6646347e-05 0.0002142318 1.5954409e-07 5.1783856e-05 7.533755e-08 1.2294304e-05 3.4554473e-06 1.0361844e-08 8.219477e-07 1.448904e-08 1.7186687e-05 6.0360585e-06 2.428876e-05 5.240129e-06 3.7227458e-06 1.2783388e-06 6.578724e-07 1.4957529e-08 3.4564542e-07 2.2757536e-06 3.8131112e-08 3.862554e-06 3.156342e-08 2.1518093e-05 4.517721e-06 3.0643903e-05 1.0241364e-07 4.712796e-06 7.024426e-07 5.65806e-07 2.1915605e-05 3.686381e-08 7.0960255e-07 1.084371e-06 1.617104e-07 7.5000735e-09 5.376969e-08 3.1356123e-07 4.6881968e-07 5.7044605e-07 1.8743461e-07 3.6679128e-07 8.1741184e-08 2.779961e-06 4.25389e-06 5.460454e-07 2.5741164e-07 2.5956727e-08 1.30171065e-08 3.3137855e-08 1.0750407e-05 1.0686196e-08 7.0986964e-08 3.4522717e-08 1.8103324e-06 1.143882e-08 2.4932717e-10 4.4133146e-09 5.0888506e-08 4.089186e-08 1.1134084e-07 7.66209e-09 4.240507e-06
0.010034903 1.1361997e-06 3.8761073e-08 3.3204688e-07 8.4928345e-08 0.0102402875 1.0912419e-06 7.6245975e-08 0.108246386 1.5675454e-05 0.00012473515 0.9997861 1.1351344e-15 0.9967798 0.6703821 5.973344e-09 0.059232675 0.009068439 0.20252766 3.4332401e-09 1.7949077e-07 0.005910362 7.313379e-07 0.0035439217 4.5179692e-07 0.0015976358 0.000829879 3.1361907e-08 1.0180478e-08 7.701907e-05 0.0127815185 0.0003623461 2.062126e-08 8.750831e-07 9.451875e-09 0.0032371783 1.3842662e-08 0.00014193452 1.0147744e-06 0.00059492997 1.8696151e-07 0.00024431088 1.1080416e-08 6.4313986e-07 1.5393417e-07 1.4606614e-07 2.790929e-08 2.9217055e-09 2.8502522e-05 1.6514608e-06 3.7636623e-06 2.0888685e-06 2.5305678e-06 7.8041626e-07 3.4826064e-07 1.941512e-08 4.205108e-08 5.956558e-07 6.4769806e-10 1.4825942e-05 4.827115e-08 6.030325e-05 9.135759e-06 5.0366758e-05 1.5396441e-07 3.494887e-07 2.9754144e-08 1.5940423e-06 2.4285935e-05 8.4006814e-08 1.05835035e-07 7.901444e-07 2.6775945e-07 6.565383e-08 6.543343e-08 2.706735e-07 1.0400732e-08 3.7513692e-07 8.8319894e-07 2.355944e-07 1.5337958e-08 3.2284331e-06 1.910705e-06 3.2045435e-08 2.5811088e-08 6.9983514e-08 7.351446e-09 6.8961468e-09 4.4244257e-06 2.324855e-09 6.187245e-09 5.9266927e-08 2.3671302e-07 5.9508995e-08 9.647682e-08 6.194806e-08 5.1583125e-08 1.1585115e-07 1.4961579e-08 2.8243001e-09 3.5826674e-06
0.32171747 2.586847e-05 8.583514e-07 1.5512594e-05 2.5055622e-06 0.050785966 2.1083672e-05 4.765614e-07 0.9158977 0.0002671732 0.02439563 0.3274512 0.9967798 3.2907857e-14 0.64665926 1.1280896e-07 0.9207556 0.58992493 0.9523399 5.56966e-09 8.015345e-06 0.4415298 0.00027376867 0.28838703 5.4475862e-05 0.12756202 0.04923862 6.5371967e-07 2.5282423e-08 0.004225555 0.34574026 0.03503543 6.0471955e-08 4.014604e-05 7.975308e-09 0.14517252 1.3407297e-09 0.0053098025 2.5510564e-05 0.02113844 2.363653e-08 0.0037477633 2.1819175e-09 8.622717e-05 2.4430585e-05 8.272725e-09 9.3461784e-07 2.591353e-09 0.0006115107 0.00017837316 0.00060864096 9.0820075e-05 5.7801197e-05 1.5463986e-05 8.049302e-06 6.9619254e-08 2.725882e-08 2.0271957e-06 2.2477389e-08 0.00038898352 1.0341118e-07 0.0009916602 1.9401277e-06 0.0028281037 1.9099625e-07 4.5987377e-05 2.3538296e-06 1.1025278e-06 0.00040959503 2.2486333e-06 5.1566753e-06 5.464369e-06 1.7997567e-07 4.663081e-08 1.9787547e-07 8.116643e-06 1.7647444e-07 4.5803354e-06 1.4293612e-07 2.680961e-06 3.40322e-07 0.00013642292 0.00015278601 2.3355443e-07 4.3856699e-07 2.5891197e-07 1.1978628e-06 6.726896e-09 1.0645607e-05 2.2367125e-07 1.4729461e-07 8.390353e-08 8.860272e-06 2.8798247e-08 1.6706638e-09 2.7654426e-07 2.8057027e-08 8.835789e-07 8.158559e-06 1.6578658e-08 6.277552e-05
0.073276214 1.0551512e-06 1.0126137e-08 1.389188e-07 1.6246279e-08 0.021490254 3.0710865e-07 4.981209e-08 0.2027094 6.4675182e-06 4.597427e-05 0.9974885 0.6703821 0.64665926 1.3440355e-16 4.897969e-09 0.15021332 0.008527263 0.81563175 9.070672e-10 5.049307e-08 0.009520596 1.2640163e-07 0.004072425 1.7316891e-07 0.0048023737 0.9927562 3.235499e-07 8.395187e-08 1.0138318e-05 0.38810462 0.00056732196 3.0869387e-08 7.86943e-07 1.8991036e-08 0.036661517 1.1196432e-08 0.27180803 1.2435287e-05 0.001276352 1.17824555e-07 0.004800551 5.257032e-08 0.0010279798 3.0926213e-07 4.0208164e-08 3.391846e-08 8.96647e-09 0.0020654583 0.0003847868 8.554961e-07 0.00014427477 0.00025206542 5.1925785e-05 2.4642612e-05 1.1077104e-07 5.1461953e-08 2.7483926e-05 2.5705202e-07 0.00011750671 6.46376e-07 0.00021570311 0.00011257442 0.0004760141 8.552362e-08 0.00034244658 6.176775e-05 3.8663206e-06 0.00011575922 6.5087113e-09 7.14236e-08 2.515672e-07 6.3868407e-07 3.5732068e-09 4.878725e-07 2.9157422e-06 4.7079016e-07 1.4423946e-05 2.545525e-07 1.0624482e-05 1.4690391e-07 5.603379e-07 1.0722724e-06 5.758644e-07 1.6385347e-07 1.3806761e-10 1.9194017e-08 7.1136455e-08 0.00011097412 5.057249e-08 3.968125e-08 8.59463e-09 5.857768e-08 1.11531506e-07 8.1429097e-10 1.6382907e-09 1.7285486e-06 1.4463417e-06 3.2836888e-06 1.6463381e-09 3.705572e-05
0.52162987 1.297313e-05 1.3631608e-05 0.0067839096 1.3294668e-05 0.0001539849 0.088338524 0.86925244 0.0023308173 0.8152987 0.1874435 3.2411074e-07 5.973344e-09 1.1280896e-07 4.897969e-09 6.6332925e-15 3.418235e-05 0.00018297097 3.3084666e-07 0.9962239 0.9734441 0.00043939194 0.60020274 0.0016732718 0.29781705 0.00020405638 3.3409356e-06 0.8258635 0.03566151 0.38395813 1.947374e-06 0.00670599 0.0038810626 0.43635184 0.002875375 9.985294e-05 0.00045816327 8.25941e-07 0.014483117 0.0005268157 0.00051300746 4.286773e-05 0.0005875678 2.6929818e-06 0.008913319 0.00014809021 0.0025926102 9.276188e-05 7.182212e-07 3.4772952e-06 0.0084481565 3.234933e-06 7.65782e-06 1.4611984e-06 4.7561386e-07 8.119059e-06 0.0028794229 1.7010413e-07 4.6472345e-05 3.492277e-06 2.432529e-07 0.00019814789 4.0100272e-07 0.00062890997 1.0709367e-06 1.0246327e-07 3.060167e-07 3.7608568e-06 0.00024821123 0.0007338492 0.0004378338 0.000809381 1.286579e-07 1.940942e-06 2.2493657e-07 1.2206116e-06 6.191684e-09 4.087383e-07 9.87735e-09 3.229463e-07 4.762268e-08 0.0014176692 0.00057007436 1.5946306e-08 5.8922023e-08 5.692146e-05 1.2943408e-07 7.1888246e-09 4.2492044e-07 1.0192062e-07 6.7247825e-08 2.6226596e-07 0.00021685012 3.6513924e-08 6.736282e-07 2.2103422e-05 3.1564564e-08 4.782337e-07 1.1733974e-06 8.868245e-06 3.587504e-05
0.6897766 0.00056916603 6.0958046e-06 0.0006544402 8.1082294e-07 0.051579632 1.5380107e-05 1.155432e-05 0.67754483 0.00072426355 0.011717213 0.04203783 0.059232675 0.9207556 0.15021332 3.418235e-05 1.759933e-10 0.98303205 0.9870972 8.6437853e-07 2.2933476e-05 0.8269775 0.0002558106 0.59751916 0.00013182235 0.50827694 0.070090696 4.68304e-07 2.2254007e-06 0.025198534 0.6713411 0.30033284 2.1166069e-07 0.00016462717 1.1330622e-07 0.62891126 1.6387753e-07 0.0011116092 2.2517264e-05 0.28973734 1.4474932e-07 0.010318349 6.689861e-07 5.802488e-05 0.00011005581 6.577927e-07 1.8894011e-06 5.163261e-09 0.00041620675 0.0007373034 0.0012447117 0.00017426092 0.00040305912 4.0117142e-05 3.2163975e-05 1.9862123e-08 6.6928214e-07 4.6097966e-06 6.0373765e-08 0.0016923414 3.673384e-07 0.011779711 2.0510966e-05 0.026518097 4.725397e-08 1.2384727e-05 7.8012084e-07 1.27286885e-05 0.00392713 1.37894e-05 4.954824e-06 5.9320457e-05 1.2746186e-06 1.5585894e-07 1.4078149e-06 0.00010105812 2.451381e-07 6.2723876e-07 5.880877e-07 7.2266727e-07 6.0693674e-07 0.0013260575 0.00044185415 1.3011175e-06 2.3508885e-06 1.3361303e-06 1.6928157e-05 6.020034e-07 1.3768979e-05 1.02382586e-07 7.039452e-06 7.545418e-08 0.0001148977 8.434602e-07 3.206e-07 1.1522205e-06 1.2627844e-06 5.0178264e-06 0.00012070345 1.6001867e-06 0.0005844549
0.89774615 0.0015707912 1.1324218e-05 0.0029755395 1.3888151e-06 0.046769965 0.00018955483 2.0620504e-05 0.9328719 0.004357743 0.07924646 0.0059275106 0.009068439 0.58992493 0.008527263 0.00018297097 0.98303205 7.701189e-10 0.47029757 4.8485554e-06 0.00014545042 0.97552043 0.002272918 0.8679711 0.00096953264 0.7662725 0.0028023324 2.036024e-05 8.954427e-06 0.09964636 0.2146871 0.6541355 1.3302499e-06 0.0022057402 5.9801846e-07 0.44870508 4.7546374e-07 0.00017841466 0.00061488437 0.48733652 7.935839e-06 0.004554308 8.565189e-07 3.5716635e-05 0.0010910562 3.3180424e-06 0.00013109183 1.6141796e-07 0.00028666726 0.0010487827 0.0074366964 0.0002904566 0.0003257073 5.9437567e-05 3.4123368e-05 4.941853e-07 1.7227498e-05 8.209376e-06 7.4656878e-06 0.005952489 8.14175e-07 0.039831527 4.1804677e-05 0.074456826 1.904088e-07 2.7755754e-05 1.613911e-06 1.8207149e-05 0.011340099 0.00015617788 0.00010362478 0.0012491323 3.6306487e-06 2.190943e-06 2.4564301e-06 0.000201586 2.1505282e-06 3.5768123e-06 2.087168e-06 3.5953317e-06 9.289737e-06 0.009047857 0.0015699225 8.215517e-06 9.83699e-06 1.732074e-05 6.048612e-05 6.570629e-07 1.466433e-05 8.970084e-08 7.604802e-06 2.1063583e-08 0.000892727 1.3781597e-06 1.7268036e-06 3.740709e-05 1.2689956e-06 7.1455897e-06 0.00039752197 3.168374e-05 0.0020491483
0.60575455 6.645027e-05 1.1122861e-06 2.9902278e-05 3.7283135e-06 0.033243828 1.8928016e-05 3.1823358e-06 0.09066311 0.00014206237 0.0012562699 0.07460303 0.20252766 0.9523399 0.81563175 3.3084666e-07 0.9870972 0.47029757 5.235445e-13 1.7741266e-07 4.962087e-06 0.2990391 3.8694026e-05 0.11001295 1.8335237e-05 0.19972102 0.6766529 3.0135954e-08 2.1107119e-06 0.0021915827 0.9700308 0.060558867 6.44557e-07 2.4643576e-05 1.1450112e-07 0.67154133 5.9486297e-08 0.047260895 7.793419e-06 0.12196152 5.9225457e-08 0.046727996 1.145228e-06 0.0019584193 3.7516788e-06 1.7313671e-07 8.0968896e-08 9.568121e-10 0.0018303939 0.004264413 0.00039876896 0.0010767384 0.001539523 0.00031006112 0.00020445572 6.86913e-07 1.193118e-07 5.3398213e-05 2.6895346e-08 0.002213573 2.3250138e-06 0.008324663 8.071337e-05 0.019789655 3.8384007e-07 0.0022159778 0.00017975792 6.8078502e-06 0.0034899286 7.578426e-06 5.369111e-07 4.8031175e-06 7.588974e-07 4.44288e-07 1.6497102e-06 0.00020540514 3.8867555e-07 1.5067002e-05 8.235004e-07 5.1153356e-06 1.9947338e-06 0.0006304551 0.00019208832 1.2765856e-06 3.723367e-06 1.2595615e-07 1.0909208e-05 8.992029e-06 0.00015654127 7.3086585e-07 6.6546822e-06 4.563078e-08 4.9412974e-05 1.675505e-05 7.7260324e-08 3.575997e-08 2.3720433e-05 2.81348e-05 0.00025815965 2.4167545e-07 0.00057303364
0.10163169 7.722832e-07 6.035759e-06 0.0001621019 3.305146e-05 1.930176e-05 0.01291156 0.77714413 2.4032266e-05 0.108599134 0.0008793849 1.6699795e-08 3.4332401e-09 5.56966e-09 9.070672e-10 0.9962239 8.6437853e-07 4.8485554e-06 1.7741266e-07 5.6738238e-14 0.48777202 2.6072066e-06 0.06220423 2.4612244e-05 0.022959076 8.0691925e-06 5.221348e-06 0.5254022 0.9966718 0.006122089 6.773245e-07 0.00012544531 0.0580841 0.056214876 0.012675782 1.2016854e-06 0.006360819 1.3031298e-05 0.0055482853 4.4493252e-05 0.00046541958 4.5602683e-06 0.017703174 1.8061359e-05 0.0036530597 0.00054991787 0.001713954 5.3212818e-05 2.2118677e-06 1.1875258e-06 0.0017054413 4.1201673e-07 1.6578894e-06 6.577789e-07 1.4688135e-07 0.00015349842 0.00046546734 2.773952e-06 7.1386254e-05 9.719993e-08 2.0971083e-06 1.2038104e-05 2.8123723e-05 2.4331372e-05 1.689838e-05 1.2537215e-07 6.2676726e-08 1.9034273e-05 1.0571431e-05 8.205709e-05 3.1514894e-05 5.4929835e-05 8.3256737e-07 1.7497231e-06 2.873577e-07 2.6339765e-07 4.5231317e-08 5.0725635e-07 3.816118e-07 5.850005e-07 3.355029e-08 3.984809e-05 5.483844e-05 9.195738e-08 6.296334e-08 1.8552693e-05 6.8620847e-09 1.3754136e-07 5.2570647e-07 9.8007696e-08 1.5459545e-07 3.4094528e-06 1.0416551e-05 1.5133445e-07 4.489566e-07 6.4844094e-06 2.1109685e-07 2.4264148e-07 4.802927e-07 1.6727732e-05 1.4396875e-05
0.6739088 4.40914e-06 5.5094433e-06 0.005479929 6.63636e-06 3.492475e-05 0.068206266 0.25152916 0.0018466641 0.7337552 0.034569483 4.3662244e-06 1.7949077e-07 8.015345e-06 5.049307e-08 0.9734441 2.2933476e-05 0.00014545042 4.962087e-06 0.48777202 1.7979878e-11 0.00014248081 0.97078687 0.0008039701 0.75777143 0.00017815502 2.7222104e-05 0.97682357 0.12708709 0.364581 2.2015402e-05 0.009158243 0.01969157 0.7615294 0.1858952 0.00023554264 0.005438318 0.00012507393 0.03848064 0.0010420218 0.0007754242 0.00017116443 0.0018274104 1.1691567e-05 0.033049423 0.0005017638 0.0035136342 2.2120186e-05 9.100636e-06 8.611404e-06 0.03699335 1.2480409e-05 1.1942224e-05 6.13861e-07 4.9349484e-07 9.334117e-05 0.003811752 1.344434e-07 0.00020384284 1.5698866e-05 4.3253312e-08 0.000120834404 2.0839482e-06 0.00074106106 1.1965972e-05 7.7697786e-07 1.0414519e-06 2.779998e-06 0.00028470668 0.0010957413 0.001147037 0.0020964528 4.8027715e-07 1.8761452e-07 3.9914423e-07 9.662797e-07 4.822955e-08 1.17929886e-07 1.4147093e-07 1.6933386e-07 1.5427189e-07 0.003792429 0.0008624876 1.8784888e-07 1.259448e-06 0.00023872382 2.4260424e-07 2.2175463e-07 5.5137407e-05 5.7183193e-08 2.076666e-07 8.8146756e-08 0.00030016582 8.108586e-07 4.4740978e-07 7.4605676e-05 1.6120235e-06 2.349398e-06 8.587966e-06 0.00024431018 4.684845e-05
0.8550663 0.0013677153 1.1167956e-05 0.0030167087 8.318095e-07 0.01466082 0.0005590164 1.2370032e-05 0.7822795 0.014689309 0.14350317 0.0016334299 0.005910362 0.4415298 0.009520596 0.00043939194 0.8269775 0.97552043 0.2990391 2.6072066e-06 0.00014248081 9.223254e-14 0.0030731584 0.98207986 0.00081066805 0.9692021 0.007005006 4.8391366e-06 1.0628454e-05 0.066926345 0.20121908 0.73436457 8.0872934e-07 0.0005613015 1.656377e-06 0.7040927 8.095114e-08 0.0007901169 0.00017756679 0.6967237 2.0232305e-06 0.026155796 1.9470349e-07 0.00028253393 0.0005576682 3.9816146e-07 1.3253803e-05 1.1665099e-08 0.0007412674 0.00081588706 0.009708369 0.00045071074 0.0006326945 0.00035490675 8.788533e-05 8.199383e-08 3.382176e-07 0.00011010074 9.468606e-08 0.0069439076 8.214318e-06 0.035316426 0.00014174286 0.059236746 3.9310095e-08 4.2777563e-05 3.0710355e-06 1.8107425e-05 0.020434257 5.34744e-05 0.00016453848 0.0005054162 1.355244e-06 1.5127839e-08 2.5951074e-05 0.00048114776 3.1220252e-06 2.119815e-05 7.519353e-07 9.281484e-06 3.499775e-06 0.00792513 0.0032976435 1.8302873e-06 3.6722197e-06 3.807657e-06 9.025639e-06 1.6017348e-06 3.1284123e-06 1.9001443e-07 1.476743e-06 7.5284906e-10 0.0008786749 8.3439716e-07 2.9508365e-07 7.129127e-07 2.2572576e-06 9.220345e-06 0.00041249406 1.5534039e-06 0.0026125421
0.7851449 3.149026e-05 1.7746817e-05 0.046180375 8.564622e-06 6.9605485e-05 0.10236942 0.20640282 0.026196044 0.85844547 0.5355391 1.0251996e-05 7.313379e-07 0.00027376867 1.2640163e-07 0.60020274 0.0002558106 0.002272918 3.8694026e-05 0.06220423 0.97078687 0.0030731584 1.2483287e-15 0.017261725 0.99694175 0.0031725606 4.1839994e-06 0.6749738 0.015070906 0.8474103 2.2739627e-05 0.118927814 0.0013299747 0.6460416 0.08016502 0.0017282997 0.0006823867 1.2737971e-06 0.07737295 0.022857094 0.00058163534 8.861527e-05 0.00017880353 1.6401505e-06 0.0718555 0.00019454212 0.011024486 1.4286116e-05 1.0292755e-06 8.986062e-06 0.13382767 1.9455808e-06 1.4851379e-06 3.042373e-07 7.3497674e-08 7.707999e-05 0.0005777372 2.0262553e-07 0.00011197278 0.00036195634 7.834012e-09 0.0018841587 2.1976268e-06 0.009649064 3.7473235e-06 1.8848853e-08 5.0797162e-08 5.6023805e-07 0.004248865 0.0043502543 0.0073512373 0.0069519784 2.6696583e-08 1.828437e-07 9.317224e-08 1.4507498e-06 3.9578904e-08 3.7154148e-08 4.3490296e-09 1.2291459e-08 1.0497453e-08 0.017806172 0.005626953 1.3910419e-08 8.228854e-08 0.0003396464 2.2741608e-08 4.5817217e-09 1.1446111e-06 1.1000878e-08 1.0850154e-08 8.595548e-09 0.0034903374 3.1657418e-08 2.631419e-08 2.7917053e-05 8.401846e-09 2.5654225e-08 8.287425e-06 7.887238e-05 5.6300123e-05
0.8738088 0.0043935487 4.371935e-05 0.018826889 4.9869413e-06 0.055367365 0.005508257 8.394927e-05 0.9068184 0.07781192 0.667284 0.0015750896 0.0035439217 0.28838703 0.004072425 0.0016732718 0.59751916 0.8679711 0.11001295 2.4612244e-05 0.0008039701 0.98207986 0.017261725 4.561396e-13 0.0077029034 0.974732 0.0028856974 9.375236e-05 0.00012634048 0.32713658 0.027794298 0.94832 7.070104e-06 0.0016766974 2.5205856e-05 0.28929985 1.2178884e-06 0.00032047273 0.00048071897 0.7215854 3.0141837e-05 0.00071996177 8.605193e-07 0.00013402397 0.002322984 5.051985e-06 0.0003176693 1.8589408e-07 5.5496243e-05 0.00014681157 0.018284816 0.000117129784 7.9847014e-05 1.2725362e-05 1.1052939e-05 2.3656692e-06 5.683275e-06 4.475465e-06 6.4601795e-07 0.004627248 4.4137653e-07 0.021561934 7.4219656e-06 0.037759367 3.5869218e-07 1.8026881e-06 4.0815203e-07 2.8517813e-06 0.011876379 0.00035391355 0.0010383177 0.0015950056 6.0924714e-07 3.7361133e-07 2.3664588e-06 0.0001158953 9.5240824e-07 3.661536e-06 7.846173e-08 1.5883669e-06 3.57471e-07 0.017524596 0.008432883 1.4148092e-07 5.4988374e-07 8.7950815e-05 1.358299e-06 5.3930947e-08 3.9262172e-06 3.3756724e-08 1.11479174e-07 3.2366824e-08 0.0021730217 1.5247747e-07 5.6862217e-07 2.0401796e-05 4.2982574e-08 3.2562542e-07 8.428419e-05 2.3654446e-05 0.00038840415
0.92019373 6.6209286e-06 5.8002774e-06 0.007941995 1.610685e-06 1.0418479e-05 0.023990666 0.033870634 0.006109593 0.47001478 0.22451755 1.2116863e-05 4.5179692e-07 5.4475862e-05 1.7316891e-07 0.29781705 0.00013182235 0.00096953264 1.8335237e-05 0.022959076 0.75777143 0.00081066805 0.99694175 0.0077029034 4.0646693e-15 0.00060228683 6.9239068e-06 0.4719637 0.010459012 0.9100689 1.02643135e-05 0.13330533 0.002145485 0.94104624 0.039560243 0.00058172044 0.0007331434 5.9709387e-06 0.24235764 0.03309883 0.0019042164 0.00018434254 0.0006498788 1.0936745e-06 0.35524556 0.00037416868 0.07001303 1.7983277e-05 4.878786e-07 1.8382545e-05 0.39098477 8.570726e-06 5.2414484e-06 4.2840676e-07 2.5657297e-07 0.00016637897 0.002400983 9.0654703e-07 0.000876919 0.0008245115 1.2614085e-08 0.0056456607 8.41491e-07 0.029912025 1.6168728e-05 1.734666e-07 1.8074824e-06 1.8951142e-06 0.0069360877 0.020375054 0.04729031 0.021295443 6.062105e-08 3.1715256e-06 9.52957e-07 7.894188e-06 7.0257826e-08 4.1323503e-07 4.3817124e-08 1.6162636e-07 4.2630838e-08 0.090563 0.023554515 3.9147427e-08 2.9288003e-07 0.0014696732 5.2662983e-07 1.4769682e-08 9.960305e-06 2.71096e-08 5.518472e-08 2.282501e-07 0.008742937 9.7661356e-08 4.1488326e-07 0.00016933511 2.279882e-07 5.761416e-06 0.000110283276 0.0006871958 0.0002175038
0.9150754 0.0014955838 1.1370881e-05 0.0034712008 9.658291e-07 0.019623315 0.00050112436 1.1600262e-05 0.5956177 0.010387373 0.20701802 0.0007429525 0.0015976358 0.12756202 0.0048023737 0.00020405638 0.50827694 0.7662725 0.19972102 8.0691925e-06 0.00017815502 0.9692021 0.0031725606 0.974732 0.00060228683 9.765943e-13 0.005580398 5.3364997e-06 1.5183146e-05 0.071738325 0.08548047 0.9154363 1.7485004e-06 0.0004517597 1.790711e-06 0.7383752 3.8883087e-07 0.00038558483 0.00019539689 0.93903106 5.5662804e-06 0.015929256 3.099631e-07 8.9670786e-05 0.0013961697 1.0533626e-06 0.00011607406 3.9958923e-08 0.00027508824 0.00021320922 0.024909167 0.00040593438 0.00036976257 0.00013148486 4.5901765e-05 8.481726e-07 1.6120235e-06 2.9601099e-05 1.4815737e-07 0.016759127 4.6605205e-06 0.054467984 5.193673e-05 0.108053334 1.4890286e-07 1.6563588e-05 3.2330977e-06 1.50567175e-05 0.033712193 0.00040764792 0.00086396944 0.0007516196 2.3168043e-06 2.2049926e-07 1.282312e-06 0.0005481732 7.88676e-06 4.466228e-05 5.2962207e-07 1.9214101e-05 2.2665506e-06 0.019755203 0.007824908 1.4859002e-06 3.2524663e-06 5.021553e-05 3.3086497e-05 4.0638596e-07 9.728832e-06 1.6357025e-07 8.8053383e-07 1.322588e-08 0.0024951466 3.0928072e-07 8.375068e-08 5.0696594e-06 4.2456603e-07 2.106693e-05 0.00085687364 1.7690227e-05 0.0036081711
0.61414444 1.2403497e-05 8.248233e-07 8.40537e-06 9.1120725e-08 0.0011958586 4.3835786e-05 5.892144e-07 0.0017130594 1.4963342e-05 7.65086e-05 0.01517578 0.000829879 0.04923862 0.9927562 3.3409356e-06 0.070090696 0.0028023324 0.6766529 5.221348e-06 2.7222104e-05 0.007005006 4.1839994e-06 0.0028856974 6.9239068e-06 0.005580398 1.1331254e-10 2.6213004e-06 2.9021807e-05 0.00035749504 0.84584165 0.0015265936 1.3728345e-05 2.7575737e-05 3.5617397e-06 0.25013277 4.7831352e-05 0.99415636 0.0019235747 0.012174553 2.4163652e-05 0.24978374 5.572604e-05 0.050142117 4.9794115e-05 0.00018022586 4.3929114e-05 4.949551e-07 0.03117286 0.02677998 0.00021601893 0.009399593 0.0070470017 0.005254913 0.0014723493 4.4807326e-05 3.091175e-06 0.0032266218 9.363678e-06 0.0019505385 4.3609332e-05 0.0047004283 0.0077660424 0.0038140556 3.7206623e-06 0.0018891688 0.0021246492 0.00014131042 0.00054540817 2.6548907e-05 5.5617966e-06 6.069579e-06 6.961286e-05 5.1610486e-06 4.0062696e-05 0.000111748224 1.909833e-05 6.912668e-05 1.253858e-05 2.0768839e-05 9.6488366e-05 2.66456e-05 0.00014514849 0.000119164964 6.216713e-05 3.6326333e-06 1.8363377e-05 8.460318e-05 0.0006634035 1.05657755e-05 0.00015929848 2.8502572e-07 1.0052641e-05 2.382305e-06 2.2896413e-07 8.476223e-06 0.00011231801 1.4393236e-05 0.000112991525 2.5640381e-06 0.00042054374
0.9160734 1.7183434e-06 4.103748e-07 3.6085414e-05 5.8881865e-06 3.2895753e-06 0.0009922216 0.06515651 4.324756e-05 0.03597517 0.00079163484 3.4421628e-06 3.1361907e-08 6.5371967e-07 3.235499e-07 0.8258635 4.68304e-07 2.036024e-05 3.0135954e-08 0.5254022 0.97682357 4.8391366e-06 0.6749738 9.375236e-05 0.4719637 5.3364997e-06 2.6213004e-06 4.599022e-13 0.7229872 0.052018628 6.9683057e-07 0.0020225344 0.5051739 0.93685126 0.8821804 4.647388e-06 0.2288626 1.0471123e-05 0.9080438 0.0006070182 0.17794052 1.7616841e-05 0.03895629 7.1664863e-06 0.51343143 0.029736675 0.44877627 0.0054472648 4.7386806e-07 2.450569e-06 0.14326857 2.0645573e-05 1.9751453e-06 7.68218e-07 1.5693134e-07 0.0053340015 0.058705706 2.5911334e-07 0.010734426 6.470767e-05 2.7493687e-08 0.00026079902 4.4655422e-07 0.0030085277 0.00024586098 8.019531e-05 5.5541373e-06 1.6489088e-07 0.00068401324 0.024167314 0.033776417 0.026431268 3.7979916e-08 5.1536663e-06 1.5189873e-06 2.6122825e-07 8.232778e-08 1.1763414e-07 2.5458514e-08 4.5170708e-08 5.7545137e-08 0.021249197 0.0068707196 1.2877654e-08 5.481075e-08 0.0035695902 1.8509412e-07 8.597437e-08 8.475662e-05 2.9177323e-07 8.602801e-08 3.9695202e-05 0.0038961396 7.3937315e-07 3.0195076e-06 0.0005196208 8.31013e-08 1.4448445e-06 7.7204975e-05 0.0018211795 6.33361e-05
0.045161724 4.246075e-08 1.2233521e-07 2.4189267e-05 7.389058e-07 1.8163651e-05 0.00021706181 0.0058859214 2.1306258e-05 0.0024666209 8.0468424e-05 4.1922443e-09 1.0180478e-08 2.5282423e-08 8.395187e-08 0.03566151 2.2254007e-06 8.954427e-06 2.1107119e-06 0.9966718 0.12708709 1.0628454e-05 0.015070906 0.00012634048 0.010459012 1.5183146e-05 2.9021807e-05 0.7229872 3.7761013e-14 0.0030097128 9.861096e-07 0.00025970174 0.99853855 0.03819176 0.11813399 4.5445827e-06 0.054751076 1.5956766e-05 0.034462232 0.00022494976 0.00095008995 0.00013940422 0.0035868094 0.00019093353 0.0060285227 0.0010887949 0.001844413 0.0002881108 4.3059652e-05 1.7312137e-05 0.0020508335 1.8732848e-05 3.6424975e-05 8.08611e-06 5.6642557e-06 0.00017939588 0.0013019566 4.64854e-06 0.00016675543 2.0040654e-06 1.0972113e-05 1.316896e-05 2.3003251e-06 6.6020926e-05 2.1342048e-05 4.054413e-06 9.796415e-08 3.83002e-05 5.4408367e-05 0.00018314851 0.0002750135 0.000119790166 1.947218e-06 1.0008103e-05 7.5654674e-07 3.356791e-07 2.8737082e-07 4.0416035e-06 3.2829266e-07 2.2775905e-06 9.2882296e-08 3.387361e-05 7.9211815e-05 6.875658e-07 5.423161e-07 2.3863902e-05 9.470192e-09 1.4252796e-06 1.3970565e-06 2.571621e-07 1.4450795e-07 1.167575e-06 1.1603792e-05 1.9578671e-08 4.2814372e-07 8.734444e-06 7.614159e-07 3.911744e-07 6.7791836e-07 1.3219745e-05 1.174195e-05
0.9916979 0.003456799 8.5343694e-05 0.090850934 2.6956346e-05 0.013991248 0.14711805 0.0466362 0.5009884 0.69176215 0.9715485 9.515131e-05 7.701907e-05 0.004225555 1.0138318e-05 0.38395813 0.025198534 0.09964636 0.0021915827 0.006122089 0.364581 0.066926345 0.8474103 0.32713658 0.9100689 0.071738325 0.00035749504 0.052018628 0.0030097128 3.5739085e-13 0.0015162491 0.8581566 0.00041655696 0.3148265 0.008582067 0.019841816 8.35842e-05 2.401923e-05 0.0064356513 0.4487924 0.00022875909 0.00037461767 9.399568e-05 2.0041909e-05 0.12530483 0.00017026834 0.0034294662 2.1654849e-05 1.9701478e-05 0.00012540333 0.5252383 0.00013539834 9.0051275e-05 1.3965618e-05 1.7516792e-05 5.3306776e-05 0.0001703752 8.81529e-06 6.870008e-05 0.0048118997 4.424094e-07 0.02632929 4.9847304e-06 0.1193002 2.708608e-06 3.1644197e-06 9.419288e-08 3.9685037e-06 0.02749844 0.0065726796 0.021109674 0.02305126 9.4299435e-07 1.4485995e-07 3.7959293e-07 6.619304e-05 7.3394335e-07 4.9849873e-06 9.562949e-08 2.0665912e-06 1.705816e-07 0.18079841 0.062016934 2.9790613e-07 8.8866443e-07 0.0007974782 3.328314e-06 1.8752285e-08 5.247275e-06 2.0506963e-08 2.017709e-07 6.5897314e-07 0.016055614 9.554034e-08 1.4673658e-07 4.6165038e-05 5.321446e-08 1.109264e-06 7.424065e-05 0.00017091585 0.00020693384
