2.4492435e-29 0.9917435 0.9960771 0.9902606 0.9893165 0.9529938 0.9809386 0.96637946 0.98129135 0.9992408 0.94899404 0.8814687 0.9985014 0.99996305 0.74878657 0.97145087 0.90584743 0.98337495 0.97299206 0.98607075 0.91166943 0.9781305 0.7527737 0.8115926 0.694446 0.9998682 0.9778336 0.96926373 0.8793823 0.86254317 0.9525292 0.5495006 0.94645554 0.9347266 0.893303 0.33617455 0.18412589 0.78143877 0.87313086 0.99801964 0.1389435 0.6056707 0.45444977 0.50288105 0.9854514 0.6836121 0.31541452 0.2639247 0.43239906 0.53364104 0.9535391 0.99993294 0.87525743 0.23350441 0.04780005 0.74618644 0.82536584 0.13260376 0.26379728 0.10760817 0.8267742 0.83135885 0.0664551 0.016518917 0.09887607 0.29551265 0.45111638 0.046616644 0.005025892 0.03881621 0.08742733 0.0069453744 0.608669 0.04967772 0.7884675 0.65664035 0.038556978 0.014665792 0.008720574 0.9951395 0.0016985945 0.9581519 0.015769353 0.10687675 0.0025963935 0.017763125 0.8986527 0.0026577448 0.08817889 0.014707966 0.04960505 0.013703377 0.12330044 0.01050153 0.051391438 0.005266346 0.00022013753 0.10861586 0.0025107842 0.00020800308 0.0043145237
0.9917435 2.7872854e-19 0.4112256 0.6702358 0.014054797 0.3118912 0.67647684 0.01811983 0.01303131 0.13136919 0.09206503 0.5178552 0.04765616 0.7912592 0.26068968 0.5500428 0.08067811 0.829218 0.051647678 0.62883466 0.4435395 0.008509732 0.1780618 0.11700713 0.038835753 0.004367633 0.36064792 0.0038150195 0.000930159 0.021249998 0.0715814 0.005210979 0.19141826 0.1401843 0.001338756 0.09739978 0.014028744 0.0014168731 0.018435119 0.002222525 0.041951813 0.002287737 0.045005094 0.00029190254 0.0039600846 0.048644286 0.024585865 0.030460393 0.0029407316 0.0018409045 0.00021182396 4.6195997e-05 0.00010013139 0.017366385 0.0014941284 0.00138953 0.00034537652 0.023627793 0.018415438 0.012403156 1.590549e-05 0.001205167 0.00020828433 0.008865801 4.9989383e-05 0.0026459822 6.13559e-05 0.0069260243 0.0036885324 0.00017732191 0.0017193458 0.0023360222 0.00022063126 1.697916e-06 2.0312152e-06 4.6824596e-05 0.0003937696 0.0008985352 0.00034005215 1.3292291e-06 0.0013517739 4.5135876e-06 7.36629e-07 3.748201e-05 0.0003333454 3.2240362e-06 1.5920999e-07 8.961829e-05 2.8607963e-07 7.379034e-06 1.333801e-07 1.3289913e-07 2.2071994e-07 0.00010539796 6.170855e-08 2.3051709e-05 2.8459183e-06 6.659593e-07 1.7669421e-05 1.1211666e-05 0.00014680343
0.9960771 0.4112256 1.1539141e-19 0.15513137 0.0068833316 0.92389715 0.75144 0.00958779 0.0041882754 0.08531736 0.008530997 0.21329223 0.28190607 0.62464947 0.08956518 0.065071255 0.012799206 0.18844946 0.15361059 0.3586462 0.09375658 0.03624365 0.07675081 0.06274632 0.06778857 0.025770767 0.037421063 0.060507115 4.6330963e-05 0.0030231483 0.0067800195 0.09113086 0.013596145 0.009562928 0.029219273 0.020889865 0.031405177 0.043051433 0.0020046372 0.004065872 0.012132319 0.008585125 0.0015639057 0.009835758 0.030270396 0.0018456551 0.00094801007 0.0004426306 0.0002955601 0.00021509941 0.035165098 0.00078209984 0.00043421693 0.00047738978 0.006567964 0.0005131628 0.00016117007 0.007235959 0.00056189275 0.00039864518 7.3865253e-06 0.0002533248 0.0041742153 9.733653e-05 0.0056496686 0.00015098798 0.018429646 0.0036971937 0.0001840564 0.0037045407 0.00021520299 1.3001704e-05 0.00063749385 0.0006927599 0.00013101498 2.0198077e-05 1.380452e-05 9.128438e-05 2.5632498e-05 0.00015640458 2.182644e-05 0.00010288202 0.0001239714 4.899462e-06 8.7307135e-06 4.263981e-05 6.989008e-06 0.00013653096 8.555541e-05 7.60557e-06 2.217009e-05 3.102059e-05 2.3211223e-05 0.00092121365 2.7878023e-05 3.2675314e-05 4.059775e-06 2.2098868e-07 1.4200147e-05 3.9419774e-05 1.7493854e-05
0.9902606 0.6702358 0.15513137 1.353476e-17 0.88964295 0.055050403 0.062679894 0.81335413 0.77325195 0.9243176 0.72069913 0.033055205 0.029134927 0.66800106 0.018113358 0.33549568 0.2779191 0.13436088 0.014967162 0.03154853 0.04066579 0.0019489926 0.0062159426 0.0038721384 0.0013748643 0.012790516 0.16893257 0.0007206903 0.1023277 0.18884878 0.18044014 0.0001864458 0.020816952 0.007215576 0.00051173 0.0030666033 0.00032508292 0.00022328777 0.038858905 0.036886588 0.0014906307 0.00011105034 0.0026211082 0.0001239733 0.005214934 0.013869034 0.0021823798 0.0006520821 0.061309174 0.05723295 0.00024419487 0.007379052 0.0031973838 0.0015262595 0.00018177887 0.056081224 0.009931877 0.001193527 0.01882732 0.0056621307 0.0024822736 0.10689999 0.00017560789 0.0007424858 9.196279e-05 0.017340915 6.767209e-05 0.0020061212 0.00043565128 0.0006438585 0.0043888437 0.00040008788 0.0049240077 1.146084e-05 0.0002882482 0.0011350557 0.0054350523 0.0020465706 0.0020442978 0.00058585894 0.000100333185 0.002307352 2.2888402e-05 0.0075524496 0.0002786589 5.121557e-05 1.3818679e-05 0.0004462022 7.701462e-06 0.0011417712 4.683972e-06 3.2634e-06 8.808013e-06 0.00017189056 7.620973e-07 0.00010949039 0.00036956338 0.0001220812 0.0010867263 0.00028772064 0.00015096337
0.9893165 0.014054797 0.0068833316 0.88964295 1.0331291e-16 0.00392837 0.0012216885 0.92392546 0.9242947 0.822781 0.60944486 0.0012373241 0.0022316207 0.432628 0.0015169093 0.12604618 0.104783855 0.004548132 0.0011226078 0.001992082 0.004267325 0.0004949483 0.00014909507 0.0004089116 4.692254e-05 0.0020024313 0.015852844 0.00017831585 0.34095842 0.122873336 0.045162596 2.2676e-05 0.00180192 0.00085318636 0.00018355522 0.00028916122 5.3878128e-05 1.8160448e-05 0.012441515 0.104361534 0.0002525852 1.0679836e-05 0.00020860996 1.1358038e-05 0.0011792935 0.00064144534 0.00021916203 5.419666e-05 0.0687402 0.074230045 6.615707e-05 0.019082576 0.028765317 0.00017818953 3.9540977e-05 0.28078306 0.077336326 0.00010255758 0.0024948767 0.000521701 0.013622136 0.10997367 2.5181012e-05 6.320715e-05 1.2078928e-05 0.0031832969 5.2284186e-06 0.00026669004 1.02798795e-05 0.00023317708 0.000972611 2.359211e-05 0.018834446 4.9168443e-07 5.219702e-05 0.0071061375 0.0016909481 0.00054212636 0.00034330002 0.00034381702 6.5408103e-06 0.012725752 1.3444115e-06 0.01580295 2.5248872e-05 1.5193054e-05 2.3819348e-06 8.80648e-05 8.403514e-07 0.00091521005 9.099121e-07 9.725358e-07 3.4010222e-06 8.2578945e-06 1.2651361e-06 1.4552112e-05 5.8833903e-05 0.001055656 0.00024469048 4.459843e-05 3.035723e-06
0.9529938 0.3118912 0.92389715 0.055050403 0.00392837 3.313208e-17 0.81398326 0.003996103 0.0024632285 0.03598933 0.00037744947 0.19897977 0.6600492 0.25823635 0.054315295 0.009118854 0.0010208187 0.009845053 0.7208368 0.10100655 0.04497139 0.1410167 0.45774233 0.042170264 0.29957792 0.06498288 0.0025005424 0.1431291 9.172017e-05 0.00017087541 0.00082887214 0.18579896 0.001356862 0.0014800966 0.038736336 0.0049671866 0.024305115 0.06730428 0.00026105333 0.0024618653 0.0063449577 0.059761822 0.00045069077 0.0265951 0.06975861 0.0001603014 0.00027740264 0.00011710778 0.0006251648 0.00026675107 0.042792123 0.0025343369 0.00041272587 0.00010862839 0.006563672 0.00042028175 0.00019598156 0.001743906 8.814446e-05 9.959721e-05 2.5656685e-05 0.00018170988 0.04589331 8.313742e-05 0.0401427 7.256992e-05 0.018671224 0.052124046 0.00017672632 0.093533926 9.542247e-05 1.2970929e-05 0.0010753729 0.0012929401 0.000879744 6.818223e-05 5.0591257e-06 6.2089806e-05 2.0743166e-05 0.0015510999 6.468595e-05 0.00019586424 0.0015479722 1.19946835e-05 5.2219953e-06 0.00055021275 1.834155e-05 4.5394776e-05 0.00058212 1.0961843e-05 7.474789e-05 0.00054581976 5.2428564e-05 0.015510474 0.00019859568 0.00011838068 1.3300134e-05 9.167837e-07 3.4348814e-05 3.4197023e-05 1.702676e-05
0.9809386 0.67647684 0.75144 0.062679894 0.0012216885 0.81398326 5.1890178e-17 0.0019404445 0.00110899 0.04540962 0.00042358393 0.87715733 0.16483206 0.32780248 0.6995649 0.0050781956 0.00070024777 0.021378234 0.03346752 0.31196418 0.07457778 0.00082715385 0.33106235 0.17030919 0.05900658 0.011563107 0.0018451492 0.00051612133 1.33568e-05 4.5196757e-05 0.00011693101 0.42528212 0.0017807131 0.0035003428 0.00080572674 0.029488025 0.08665298 0.0017466699 0.00019879844 0.00041990716 0.029092014 0.008348395 0.0010613687 0.00255385 0.005114443 0.0004071943 0.0009960239 0.00078223663 1.0319523e-05 2.3931873e-06 0.00036358705 0.00085857674 1.2576586e-06 0.00064348313 0.028036863 1.1847859e-06 2.2167828e-07 0.01884351 0.00013346238 0.00032064086 1.0358346e-08 1.7474811e-05 0.0013352025 0.00039942036 0.0005272844 1.022224e-05 9.760332e-05 0.013302044 0.0006370678 0.0014226675 4.790942e-05 8.268663e-05 4.7038942e-05 1.7749491e-05 3.355613e-05 3.3727345e-06 6.7996314e-07 1.9426912e-05 2.4359847e-06 0.00014308663 0.00031942828 3.947724e-06 2.6019645e-05 8.6424325e-07 6.833367e-06 3.6698446e-05 9.788063e-07 1.0839714e-05 1.059672e-06 8.9043493e-07 1.9029372e-07 3.8143276e-07 1.929897e-08 0.012914934 2.2462402e-07 0.00054421445 1.0841756e-06 4.963928e-08 7.741315e-06 1.208156e-06 0.001948069
0.96637946 0.01811983 0.00958779 0.81335413 0.92392546 0.003996103 0.0019404445 2.6248139e-18 0.9541895 0.53673 0.9167455 0.0014968989 0.0023230347 0.24062945 0.0017301749 0.27103564 0.33007967 0.0056664366 0.0007186546 0.001947453 0.0050282557 0.00019681563 0.00022916611 0.00036967883 3.8675767e-05 0.0010416671 0.028432509 5.1362946e-05 0.91487455 0.29380268 0.11882969 3.449651e-05 0.003956563 0.0022070226 4.9424052e-05 0.00030596464 7.9350706e-05 1.1646086e-05 0.028146552 0.071458325 0.00023204907 3.2675264e-06 0.00050186954 2.6713037e-06 7.441722e-05 0.0018876173 0.00031730265 0.00011299002 0.28381938 0.27506307 1.7998924e-05 0.00961769 0.027609864 0.00023414822 3.9366612e-05 0.6357851 0.1640491 0.000100835925 0.006920228 0.0012242619 0.023795996 0.31799713 1.6438673e-05 5.2487394e-05 8.359866e-06 0.009831983 2.4140816e-06 0.0002254734 1.2171424e-05 0.00012658242 0.0018206132 2.1897535e-05 0.013688526 6.272361e-08 3.16908e-06 0.0039155036 0.0053948835 0.0006244596 0.00084522384 6.6048946e-05 4.9121786e-06 0.010471383 7.6200865e-07 0.071331546 2.1381693e-05 1.2288957e-05 2.4674404e-07 9.516655e-05 2.3108826e-07 0.0037782819 4.6443876e-08 3.1000747e-07 1.6161521e-06 3.8807222e-05 2.1018554e-06 4.6370146e-06 8.7440574e-05 0.0033086042 0.000530466 5.5549983e-05 7.443425e-07
0.98129135 0.01303131 0.0041882754 0.77325195 0.9242947 0.0024632285 0.00110899 0.9541895 1.9999352e-16 0.66678745 0.7636508 0.00097078073 0.001522294 0.3130087 0.0013405061 0.18728182 0.16955778 0.0054567927 0.0006929449 0.0020902846 0.005267476 0.00021541247 6.643101e-05 0.0003144289 2.5444548e-05 0.0010807774 0.023599532 6.992958e-05 0.7323507 0.21156248 0.08650803 2.5786374e-05 0.0031696693 0.0020480747 7.9085155e-05 0.00015767533 5.347965e-05 8.0673235e-06 0.0208127 0.07381432 0.0002133746 4.1059193e-06 0.00029174308 3.5533565e-06 0.00031171224 0.00095291156 0.00027246375 5.9631402e-05 0.15291917 0.1843308 2.1131742e-05 0.01337138 0.039750583 0.00019019586 6.441398e-05 0.42374033 0.13773698 0.00013872876 0.0035574986 0.0006779269 0.027997943 0.27206472 9.839083e-06 7.023368e-05 5.0491485e-06 0.006573394 1.3601903e-06 0.00011094343 1.7136312e-05 0.00018980916 0.0012131629 2.0195534e-05 0.01666134 2.078802e-07 7.189624e-06 0.0063152597 0.0033571657 0.00041095258 0.00035949852 0.00015492378 6.4200467e-06 0.011865484 6.221267e-07 0.045983166 2.3964498e-05 1.1061492e-05 9.585964e-07 8.296357e-05 4.430246e-07 0.0023248596 3.8144623e-07 3.9645187e-07 1.4523681e-06 1.33047515e-05 1.2903668e-06 7.018638e-06 4.7559573e-05 0.0031456267 0.00026740466 4.6084537e-05 1.9143636e-06
0.9992408 0.13136919 0.08531736 0.9243176 0.822781 0.03598933 0.04540962 0.53673 0.66678745 1.8425048e-15 0.35882354 0.017663786 0.014265724 0.6328382 0.012710069 0.16564481 0.11361951 0.07741308 0.009727915 0.032447 0.020575223 0.0020859146 0.0056106816 0.0037394878 0.0016053087 0.00745093 0.057841226 0.0011133692 0.10464685 0.094434746 0.064838395 0.00019120082 0.011501396 0.004483112 0.00084219675 0.0025261303 0.00030197293 0.0004060858 0.021843122 0.13608138 0.001181474 0.00023973586 0.0017371735 0.00024519343 0.005924484 0.00444667 0.0013162269 0.00040108248 0.033426166 0.034207806 0.00062565506 0.015563602 0.047639742 0.0009592678 0.0001541568 0.14897433 0.06337443 0.00077842874 0.0049329074 0.0015936564 0.012465144 0.07996371 0.0003372233 0.0002870374 0.0001708777 0.004573496 0.00040089703 0.0013607165 0.00020978166 0.0010191632 0.0012774712 0.00012436799 0.019411711 4.9763927e-05 0.00046803322 0.006669353 0.0014440105 0.00061944226 0.00039688314 0.0012481988 0.00010599459 0.014232655 9.938367e-06 0.0044928747 9.829577e-05 4.224509e-05 3.757037e-05 0.00024840896 5.3375657e-05 0.00064978865 2.8283841e-05 3.0972053e-05 1.2338679e-05 0.00014633448 6.618145e-06 0.00068128086 0.0002989109 0.00028228184 0.001052218 0.00022920656 6.718101e-05
0.94899404 0.09206503 0.008530997 0.72069913 0.60944486 0.00037744947 0.00042358393 0.9167455 0.7636508 0.35882354 1.3603929e-15 0.00042943307 0.0005219043 0.15315747 0.00040483565 0.5972068 0.903604 0.022778573 6.44114e-05 0.00041318245 0.003019571 2.0232071e-06 9.860702e-05 6.281002e-05 2.9859518e-06 3.108002e-05 0.07459627 1.6051002e-06 0.68964016 0.54974735 0.2779728 3.2859039e-06 0.010739669 0.0011025458 3.4230939e-06 0.00022512188 1.15055545e-05 1.2343087e-06 0.04798988 0.0029145875 7.774805e-05 2.5418874e-06 0.0007311472 1.8105878e-06 6.7053656e-06 0.008027271 0.0008319556 6.688706e-05 0.26177394 0.21465972 1.3807929e-07 0.00080103055 0.00046035016 0.0007287129 2.2974423e-06 0.051278632 0.0044035846 2.2981469e-05 0.013032194 0.003780206 0.0012422445 0.21723104 2.0682798e-07 0.00018515391 3.457616e-08 0.024472073 8.164126e-09 2.07338e-06 1.6431432e-05 1.3957947e-07 0.0068525085 0.00012451457 0.00018606408 3.103688e-08 3.1492764e-08 9.5258714e-05 0.01370313 0.002532107 0.005545053 2.5189513e-07 2.8347151e-06 0.0001962479 1.87422e-08 0.014581557 0.0002401409 2.9965327e-06 1.8684844e-08 0.0010014175 1.8963118e-09 0.0035428419 1.2398753e-09 1.1202046e-09 3.866816e-09 4.2855327e-06 6.0839794e-10 3.723083e-06 0.00063815416 7.261796e-05 0.0023378052 0.00043896868 1.0679236e-05
0.8814687 0.5178552 0.21329223 0.033055205 0.0012373241 0.19897977 0.87715733 0.0014968989 0.00097078073 0.017663786 0.00042943307 2.5261277e-18 0.13777949 0.09548552 0.9855882 0.003062103 0.001290314 0.008952425 0.06879957 0.20827554 0.1296696 0.003964674 0.36238348 0.2616396 0.039442874 0.01391226 0.0004322431 0.0010826389 1.6528922e-05 3.0071578e-05 3.6024205e-05 0.6123196 0.0005818153 0.0015338663 0.0018237152 0.041902803 0.12221546 0.0016943858 8.368007e-05 1.4549363e-05 0.039998423 0.028302915 0.0005642954 0.0014749878 0.008913888 0.00019489757 0.00049663294 0.00058794586 6.6972175e-06 1.9630893e-06 0.00025449172 0.00017069383 4.857893e-07 0.00039481532 0.070947275 7.424949e-07 3.3127986e-07 0.032075226 2.2613935e-05 9.773679e-05 1.5346034e-08 1.6443776e-06 0.0011769244 0.00033957735 0.00061759003 9.2398204e-07 0.0001002017 0.025182072 0.0005663408 0.0019282848 2.2547554e-06 4.6217854e-05 8.51846e-06 6.690653e-05 0.00026330035 5.818081e-07 1.0110394e-07 1.8725855e-06 2.2134283e-07 0.00013857947 0.00017346007 9.002071e-07 6.732744e-05 1.7026483e-07 3.7094314e-06 3.2258064e-05 9.657048e-07 4.060433e-06 2.8251127e-06 8.7571254e-07 3.400015e-07 2.283421e-06 6.900268e-08 0.0017789089 4.162533e-07 3.9831266e-05 1.7861657e-06 1.2533044e-07 5.293168e-06 4.500538e-06 0.0011008973
0.9985014 0.04765616 0.28190607 0.029134927 0.0022316207 0.6600492 0.16483206 0.0023230347 0.001522294 0.014265724 0.0005219043 0.13777949 2.0878384e-16 0.19960488 0.041394126 0.00783861 0.0011906216 0.009644 0.8642468 0.029815676 0.021893905 0.79534686 0.07675769 0.011864448 0.10373071 0.4545793 0.0006185574 0.32305393 3.9347848e-05 6.798893e-05 0.000301282 0.040732153 0.0007281737 0.0012965964 0.1074765 0.002765091 0.0033283124 0.10374629 0.000278016 0.007341765 0.001759504 0.025963627 0.00043092272 0.052352995 0.18113841 0.00014464853 0.00045775276 0.00019899588 0.00017431162 3.6916288e-05 0.29007855 0.006948084 0.00054570107 0.00026489134 0.0006429354 0.000235657 0.000115372706 0.0018023849 1.6762737e-05 0.00011927149 1.4629045e-05 5.588053e-05 0.017593723 0.00037627277 0.02901741 4.8019105e-05 0.11411092 0.0050623454 0.00018226058 0.013143705 8.4131854e-05 0.00016588939 0.0011919844 0.010535128 0.0019060823 4.68472e-05 5.188955e-05 9.6725795e-05 4.607074e-05 0.009682945 0.00011677332 0.00043382807 0.0025024747 7.479952e-05 0.00011163744 0.0022147936 0.00027333328 0.0007875453 0.0032593694 8.6159685e-05 0.0007567695 0.0017126484 0.0012537894 0.0011195025 0.0073101055 0.0020586199 9.639924e-05 0.00038043412 0.00094863283 0.00023008695 0.00031775294
0.99996305 0.7912592 0.62464947 0.66800106 0.432628 0.25823635 0.32780248 0.24062945 0.3130087 0.6328382 0.15315747 0.09548552 0.19960488 7.0635276e-15 0.038586125 0.25105414 0.06785561 0.45653322 0.14916092 0.4030502 0.119132906 0.08043559 0.022046689 0.03327011 0.016429655 0.09812696 0.30008945 0.04883427 0.02276103 0.046315625 0.060039952 0.0049188 0.120331064 0.10178978 0.012257614 0.027387185 0.008465096 0.0090807015 0.01645858 0.13963297 0.012712754 0.0026125172 0.020656204 0.0022365488 0.053226463 0.01961858 0.012283796 0.008706585 0.016276857 0.018585047 0.016608465 0.014765193 0.044896156 0.008179703 0.0008427945 0.031566504 0.027506497 0.0053899665 0.008781333 0.004708576 0.016471677 0.027965907 0.00128278 0.0016568726 0.0020590588 0.0063081053 0.0058268816 0.0016054742 0.0011002853 0.0016457379 0.0022751135 0.0004936733 0.008636942 0.00031823906 0.0011905972 0.0056520286 0.0022676685 0.0010951787 0.00046681386 0.003746261 0.00053661637 0.0066356487 0.00024837436 0.0032825419 0.00034593677 0.0004958559 0.00093630445 0.0009185538 0.0008108389 0.0009217049 0.0004925269 0.00033024792 0.0009988623 0.0052771 0.0016240233 0.027265145 0.00026752963 0.014510025 0.0021660398 0.0003126414 0.0021405849
0.74878657 0.26068968 0.08956518 0.018113358 0.0015169093 0.054315295 0.6995649 0.0017301749 0.0013405061 0.012710069 0.00040483565 0.9855882 0.041394126 0.038586125 3.9165583e-19 0.003648826 0.0011958238 0.01909654 0.015600618 0.49249053 0.13210332 0.0017530589 0.18839085 0.49549022 0.015537212 0.0036203854 0.0012213012 0.00074468664 1.9132694e-05 3.7804424e-05 7.951229e-05 0.8150242 0.0014485242 0.004544108 0.0010177338 0.25688255 0.44109195 0.0011517466 0.00017523633 2.394812e-05 0.2135666 0.01231285 0.001493315 0.0006124121 0.0021273652 0.0004469579 0.0013567113 0.0014690232 1.872049e-05 6.1671894e-06 0.00020023671 0.00015769851 4.533114e-07 0.00093234377 0.27857062 4.382768e-07 2.0637894e-07 0.1511272 9.147418e-05 0.0005179206 2.342371e-08 2.9881853e-06 0.001047952 0.0005416455 0.00055789 1.6509206e-06 0.00013102285 0.01437554 0.0011518367 0.0021811 3.3731012e-06 0.0001409067 4.17815e-06 2.8372697e-05 5.794718e-05 9.760191e-07 2.617737e-07 4.088453e-06 3.7632728e-07 6.7774454e-05 0.000521658 2.3326693e-06 7.833296e-05 2.7090488e-07 7.1965665e-06 9.027011e-05 9.313524e-07 4.865453e-06 1.844514e-06 1.493854e-06 1.8362604e-07 1.8809493e-06 2.6088308e-08 0.0030253762 6.9708256e-07 6.206831e-05 2.1392655e-06 3.9677073e-07 9.034086e-06 8.331778e-06 0.0047720866
0.97145087 0.5500428 0.065071255 0.33549568 0.12604618 0.009118854 0.0050781956 0.27103564 0.18728182 0.16564481 0.5972068 0.003062103 0.00783861 0.25105414 0.003648826 9.803366e-16 0.94838655 0.106885366 0.000535896 0.0044052713 0.021894561 1.956254e-05 6.119579e-05 0.00066977035 9.616854e-06 0.00016767893 0.4240645 1.0510481e-05 0.01956817 0.5023192 0.6990755 5.1102816e-05 0.09363813 0.050330423 5.795246e-06 0.0013859057 7.2740644e-05 4.1718195e-06 0.46672678 0.00094610616 0.0007064099 2.16103e-06 0.02191234 3.4643724e-06 1.0773006e-05 0.10196629 0.02086383 0.007696092 0.05985907 0.049105387 4.4758045e-07 0.00027684023 7.185494e-05 0.022168746 2.0902866e-05 0.0003765416 0.00010272936 0.0015011898 0.24859095 0.09630337 4.332715e-05 0.20196487 6.6162113e-07 0.00745271 1.4991925e-07 0.31785545 8.013368e-09 9.882924e-06 0.0006147014 2.0210014e-06 0.16249485 0.009606052 0.00040349626 2.1118444e-07 7.2180654e-08 0.0002359597 0.10100181 0.07057057 0.046303075 4.0100272e-07 0.00027031146 0.00018760515 8.4179675e-07 0.013392323 0.015931223 4.622733e-05 9.2352344e-08 0.014900744 2.1898357e-08 0.0028890967 1.8379763e-08 3.6849052e-08 1.3130941e-08 5.3677653e-05 5.0283745e-08 0.00012331863 0.0016088467 4.9194994e-05 0.001999752 0.0025534406 8.1856226e-05
0.90584743 0.08067811 0.012799206 0.2779191 0.104783855 0.0010208187 0.00070024777 0.33007967 0.16955778 0.11361951 0.903604 0.001290314 0.0011906216 0.06785561 0.0011958238 0.94838655 2.554572e-16 0.014098938 0.00012264986 0.0012017383 0.008145044 9.583958e-06 5.9880545e-05 0.0004095693 7.806519e-06 2.3570565e-05 0.17916948 4.2828524e-06 0.13737345 0.8220725 0.6734855 3.1649164e-05 0.022410175 0.009045337 3.1170598e-06 0.0005696646 0.00015063936 2.8565883e-06 0.2753262 0.001758837 0.00042308372 6.7917154e-06 0.004776369 3.8484463e-06 7.7033394e-07 0.036058232 0.004874875 0.001044821 0.2897775 0.19868802 4.4157863e-07 0.00027797863 0.0005206548 0.0058196844 7.367288e-05 0.0056899292 0.0024000297 0.00040778716 0.11168983 0.022608578 0.0012963064 0.27672914 3.080907e-06 0.0027169832 1.5201539e-06 0.19369222 6.407672e-08 5.6638422e-05 0.00022277453 1.2155626e-05 0.06767463 0.0018943881 0.0007931296 7.394923e-07 2.5703068e-07 0.00039994065 0.0698391 0.023835167 0.033401377 1.0111355e-06 7.658547e-05 0.0003354121 2.7328842e-06 0.02305519 0.0038666308 0.00029216296 5.4939784e-07 0.0123157855 4.89573e-08 0.010537018 1.775059e-07 2.6518848e-07 4.4958043e-07 4.8956437e-05 1.5284435e-07 2.1736827e-05 0.0013449368 0.00011901187 0.007179823 0.00252791 1.5494763e-05
0.98337495 0.829218 0.18844946 0.13436088 0.004548132 0.009845053 0.021378234 0.0056664366 0.0054567927 0.07741308 0.022778573 0.008952425 0.009644 0.45653322 0.01909654 0.106885366 0.014098938 3.1347067e-16 0.000924735 0.17686914 0.9544349 3.3299253e-05 0.00044931853 0.027595155 4.149842e-05 0.00011800859 0.46263322 1.556749e-05 0.00015977134 0.0021561265 0.008721726 0.0006734298 0.29133517 0.3717343 1.2747347e-05 0.088282734 0.0060727727 5.7190505e-06 0.00501225 0.00025533844 0.029229736 1.1275121e-05 0.09358791 8.058596e-06 1.0814489e-05 0.08822114 0.063915774 0.099681124 0.00044504923 0.0001606206 7.0617915e-07 0.00024015052 1.0888368e-05 0.05573705 0.0010758339 1.4648226e-05 2.6298515e-06 0.034344554 0.012083141 0.019438567 6.6267563e-07 0.00018738092 2.1443168e-06 0.025184209 2.835944e-07 0.0018354114 1.9458795e-08 0.00014705847 0.019694518 1.2546702e-05 0.0019243818 0.004652186 0.00023501916 1.8875467e-07 2.2011328e-07 8.6430184e-05 0.00017713448 0.0010643513 0.00026605875 2.3146379e-06 0.0043841605 0.00020849121 1.440137e-06 3.3238495e-05 0.00082801416 4.231993e-05 2.0363208e-07 0.0004511017 1.4914603e-07 2.8484124e-05 2.7365926e-08 9.772658e-08 1.6761833e-08 0.0006071484 6.425308e-08 7.7213226e-05 5.8696318e-05 1.9500025e-07 0.00017928233 0.00019522254 0.0010569884
0.97299206 0.051647678 0.15361059 0.014967162 0.0011226078 0.7208368 0.03346752 0.0007186546 0.0006929449 0.009727915 6.44114e-05 0.06879957 0.8642468 0.14916092 0.015600618 0.000535896 0.00012264986 0.000924735 1.0026705e-14 0.0030905548 0.0041131075 0.85641986 0.44209123 0.005568511 0.69635516 0.09861603 1.3313523e-05 0.60683596 4.4468457e-06 2.6898708e-06 5.205383e-06 0.15560906 6.8401155e-06 3.3814995e-05 0.22729759 0.00035645923 0.0019443671 0.6120245 7.72733e-06 0.001725393 0.0009575407 0.13530418 1.4218823e-05 0.4080587 0.054979242 2.9905943e-06 2.1815826e-05 1.2697033e-05 8.330365e-06 2.1937929e-06 0.28913578 0.006827177 0.00013657133 2.3442717e-05 0.0018799774 1.1531567e-05 5.987418e-06 0.0010100363 1.8626257e-06 2.4561243e-05 1.7194154e-06 3.1870375e-06 0.08071989 2.595652e-05 0.12214538 1.7776298e-06 0.10376599 0.031513274 1.906123e-05 0.057932895 1.3051185e-05 2.718218e-05 0.00085886946 0.011337667 0.00024801272 2.2395921e-05 3.3704998e-06 4.1750372e-05 1.5246091e-05 0.0024176124 1.7631277e-05 0.00014201443 0.010931517 2.8260772e-06 1.459858e-05 0.012986153 7.214883e-05 4.9518312e-05 0.00021839527 3.1260606e-05 9.898465e-05 0.00017982908 0.000121779085 0.006427034 0.0008593271 0.0042365766 2.5859885e-05 3.575948e-05 0.00037336219 2.80054e-05 0.00026098164
0.98607075 0.62883466 0.3586462 0.03154853 0.001992082 0.10100655 0.31196418 0.001947453 0.0020902846 0.032447 0.00041318245 0.20827554 0.029815676 0.4030502 0.49249053 0.0044052713 0.0012017383 0.17686914 0.0030905548 2.9726738e-16 0.83130854 0.0002617254 0.0015106158 0.94519275 0.0001811543 0.00097372563 0.018724479 9.471809e-05 8.496238e-06 3.7098613e-05 0.00010561317 0.20036303 0.02646805 0.06614952 0.00014976543 0.58196694 0.44987017 3.0125657e-05 0.00046377932 4.5387937e-05 0.44585997 7.335717e-05 0.013780693 2.0434314e-05 8.726646e-05 0.0065722754 0.013564021 0.019848328 1.6144966e-05 4.4023454e-06 2.2147426e-06 0.00032940932 8.2274454e-07 0.013414342 0.17819665 1.598784e-07 3.0934086e-07 0.5167839 0.001174851 0.0027047456 4.0817362e-08 5.770786e-06 1.4812488e-05 0.0054019517 7.8623525e-06 2.0282603e-05 1.0186135e-07 0.0005276718 0.010226034 0.00011468139 5.9863876e-05 0.0021035583 1.8806615e-05 4.4783366e-07 5.377751e-07 3.6783117e-06 3.1836714e-06 3.1504554e-05 1.3264103e-06 6.278298e-06 0.005259299 2.7351645e-05 1.7818019e-06 8.5784905e-07 0.00019271697 2.312651e-05 1.13700885e-07 3.0576189e-06 2.4912493e-08 4.2079344e-07 5.260189e-09 3.142448e-08 2.0442243e-09 0.0008231476 1.30917295e-08 2.6363514e-05 6.9247875e-07 5.7778514e-08 4.9377456e-07 1.5077444e-06 0.014838627
0.91166943 0.4435395 0.09375658 0.04066579 0.004267325 0.04497139 0.07457778 0.0050282557 0.005267476 0.020575223 0.003019571 0.1296696 0.021893905 0.119132906 0.13210332 0.021894561 0.008145044 0.9544349 0.0041131075 0.83130854 2.1229025e-16 0.00045049933 0.003999288 0.47220153 0.000578529 0.0003173798 0.1982958 0.00014668616 0.0001569106 0.0011389746 0.002343293 0.043294065 0.3204776 0.6157367 0.00018651552 0.7352702 0.32389474 9.456646e-05 0.0026450474 1.3039789e-05 0.52990025 0.00022376742 0.19049883 0.00011257227 3.119369e-05 0.08202599 0.124734774 0.41573215 0.0006687989 0.00029608764 7.974933e-06 8.028843e-05 7.389823e-06 0.12556382 0.0717516 9.016863e-06 3.940401e-06 0.50855756 0.014057854 0.020606136 5.9036606e-06 0.00016336986 7.431644e-05 0.06475481 2.4757848e-05 0.0008701629 7.439061e-07 0.0018910561 0.11760895 0.0003335651 0.0013403131 0.010782042 9.534407e-05 8.420313e-07 2.8276115e-06 0.0003176369 7.6126424e-05 0.0010492654 0.00020661716 2.933393e-05 0.027936487 0.00038052304 3.0798078e-06 5.4175957e-06 0.00077573414 0.00015653844 1.8500103e-06 0.000104576946 1.1028638e-07 9.768223e-06 8.9982905e-08 7.390461e-07 6.394913e-08 0.0026991195 8.777129e-08 0.00043352574 4.2540078e-06 6.0494483e-07 7.3944015e-05 3.962463e-05 0.0073227836
0.9781305 0.008509732 0.03624365 0.0019489926 0.0004949483 0.1410167 0.00082715385 0.00019681563 0.00021541247 0.0020859146 2.0232071e-06 0.003964674 0.79534686 0.08043559 0.0017530589 1.956254e-05 9.583958e-06 3.3299253e-05 0.85641986 0.0002617254 0.00045049933 2.3012625e-15 0.055998676 0.00067426136 0.20260014 0.44271323 4.1131793e-07 0.89747876 6.525201e-07 1.5879148e-07 1.7352666e-07 0.024893606 1.9885275e-07 9.488327e-07 0.6040331 4.671345e-05 0.00014791237 0.7169818 4.783057e-07 0.0011565296 0.00011156847 0.020307757 5.985205e-07 0.22752555 0.2251211 2.4630063e-07 1.4949271e-06 1.3840221e-06 1.4718418e-06 2.6637593e-07 0.5802387 0.005110184 2.728807e-05 2.605201e-06 0.0007765039 4.566977e-07 5.142166e-07 0.00018293415 2.0993883e-07 2.925583e-06 3.28169e-07 1.707876e-06 0.037283912 2.4666017e-06 0.054348692 7.943361e-07 0.19068024 0.008632414 4.009838e-06 0.011833165 5.4776683e-06 9.007237e-06 0.0007053204 0.034525365 0.0011424617 2.5377443e-05 4.05241e-06 2.1928632e-05 1.6026326e-05 0.0075175944 1.4251213e-05 8.779093e-05 0.013644448 6.152351e-06 1.65425e-05 0.010747558 4.1779847e-05 5.2147618e-05 0.0014097289 8.5941065e-05 0.00027172657 0.0016678137 0.00027180224 0.0031043068 0.0046394216 0.0041197003 9.126835e-05 2.2924546e-06 0.0015694122 7.797073e-05 5.481491e-05
0.7527737 0.1780618 0.07675081 0.0062159426 0.00014909507 0.45774233 0.33106235 0.00022916611 6.643101e-05 0.0056106816 9.860702e-05 0.36238348 0.07675769 0.022046689 0.18839085 6.119579e-05 5.9880545e-05 0.00044931853 0.44209123 0.0015106158 0.003999288 0.055998676 1.4001805e-15 0.008333739 0.9887489 0.018906886 3.1567847e-06 0.044569198 1.858885e-06 6.1786163e-06 5.661931e-07 0.61550385 1.3709041e-06 8.8958495e-06 0.053743757 0.00013841965 0.0021989825 0.2729108 2.762542e-06 7.4155196e-06 0.0005391324 0.7395455 1.8396125e-06 0.40372166 0.015648501 1.0670567e-06 4.559777e-06 1.4421588e-06 5.2524874e-06 1.7138802e-06 0.015049505 0.00020964706 9.7610894e-08 6.007631e-06 0.0025946226 2.9138604e-08 4.9050577e-08 0.00032436725 3.6641822e-07 2.5577838e-06 4.679243e-08 1.7021408e-06 0.4126856 2.2263816e-06 0.37232348 1.165747e-06 0.0025421677 0.32110718 2.2197585e-06 0.37746748 1.6444544e-06 5.598601e-06 1.0563045e-05 0.0013925234 0.0001296145 3.3807562e-06 8.145221e-07 3.3302028e-06 3.2512353e-06 0.00033053177 7.6008932e-06 1.31171e-06 0.008423574 3.6082278e-07 2.4148114e-06 0.0015130813 2.7087606e-06 3.8373964e-06 1.751143e-05 3.0146218e-06 2.222368e-06 2.3722943e-05 1.3544301e-06 0.033761792 3.9306988e-06 0.00070386566 7.0680944e-06 3.8802332e-07 2.382922e-05 3.549267e-05 8.693727e-05
0.8115926 0.11700713 0.06274632 0.0038721384 0.0004089116 0.042170264 0.17030919 0.00036967883 0.0003144289 0.0037394878 6.281002e-05 0.2616396 0.011864448 0.03327011 0.49549022 0.00066977035 0.0004095693 0.027595155 0.005568511 0.94519275 0.47220153 0.00067426136 0.008333739 3.3335303e-17 0.0009866676 0.000702309 0.0015293695 0.0002642084 2.3454336e-06 2.418604e-05 1.6472193e-05 0.7785356 0.0030615304 0.010746076 0.00022724463 0.7956797 0.87855065 9.923711e-05 9.360824e-05 1.9503589e-06 0.7755069 0.00041209243 0.0028061369 5.810955e-05 8.6898646e-05 0.00078840484 0.0029458038 0.009141088 7.5196517e-06 1.5454968e-06 2.064764e-05 1.6305272e-05 5.75163e-07 0.003686141 0.66560787 2.2099796e-07 7.150071e-07 0.6008421 0.00013332436 0.00049885357 2.0162693e-06 1.0555297e-06 0.00017330695 0.002005162 0.0001186189 4.934938e-06 3.1419988e-06 0.0023498219 0.008839671 0.00041345743 4.4025724e-06 0.000637306 5.316227e-06 3.9420465e-06 2.0942043e-06 0.00015280582 6.2988596e-07 1.140594e-05 1.8262648e-06 5.913739e-05 0.00391159 5.943422e-05 2.586904e-05 3.983867e-07 3.4202993e-05 0.00010607953 4.1701665e-07 3.6291842e-06 5.4448645e-07 8.188275e-07 2.3408981e-07 1.015178e-06 2.019692e-07 0.0025839377 1.8004641e-07 2.0128391e-05 2.43393e-06 3.4772765e-07 6.4805213e-06 5.9956114e-06 0.038120884
0.694446 0.038835753 0.06778857 0.0013748643 4.692254e-05 0.29957792 0.05900658 3.8675767e-05 2.5444548e-05 0.0016053087 2.9859518e-06 0.039442874 0.10373071 0.016429655 0.015537212 9.616854e-06 7.806519e-06 4.149842e-05 0.69635516 0.0001811543 0.000578529 0.20260014 0.9887489 0.0009866676 2.0652556e-15 0.03343193 5.739587e-07 0.11883051 4.2502097e-07 6.7483194e-07 2.2315587e-07 0.17586255 3.5967525e-07 1.9079826e-06 0.102375284 6.6282795e-05 0.0005367264 0.4378313 6.394276e-07 6.919491e-06 0.0002264593 0.52571315 1.1243258e-06 0.5432073 0.04743609 4.2540907e-07 2.2532615e-06 3.9837644e-07 3.6540138e-07 1.010569e-07 0.06402794 0.00015482586 2.465253e-07 3.2115404e-06 0.0011648487 1.0319558e-08 2.4238672e-08 0.0001594468 1.5415335e-07 9.813793e-07 1.0194021e-08 4.6264643e-07 0.4502753 8.164244e-07 0.41749465 2.0992003e-07 0.020099726 0.19546437 2.9408156e-07 0.26531613 5.498685e-07 1.1526382e-06 1.1448943e-05 0.0067477208 0.0006396454 3.6648692e-06 8.584427e-08 1.3551329e-06 7.1146263e-07 0.001008217 7.222683e-07 6.1327028e-06 0.024089232 3.193906e-07 7.6417075e-07 0.009707735 1.6847588e-06 2.3461268e-06 1.6952697e-05 2.0983925e-06 3.624795e-06 1.7804778e-05 3.1646825e-06 0.015397156 4.5525207e-06 0.002396552 3.1237375e-06 1.1084723e-05 2.3737946e-05 5.361833e-06 8.827842e-06
0.9998682 0.004367633 0.025770767 0.012790516 0.0020024313 0.06498288 0.011563107 0.0010416671 0.0010807774 0.00745093 3.108002e-05 0.01391226 0.4545793 0.09812696 0.0036203854 0.00016767893 2.3570565e-05 0.00011800859 0.09861603 0.00097372563 0.0003173798 0.44271323 0.018906886 0.000702309 0.03343193 4.605186e-16 1.2121498e-05 0.2718789 2.7606693e-06 1.8946788e-06 2.375628e-06 0.007425457 4.0974624e-06 1.5441807e-05 0.2758142 0.00011542553 0.00046267032 0.094938785 3.3021133e-06 0.013132147 0.00021260699 0.0083451355 4.3061314e-06 0.02236439 0.908171 5.716529e-07 5.3960734e-06 3.5770784e-06 5.172407e-06 1.4882628e-06 0.8837598 0.06438937 0.0009104499 9.288488e-06 0.00038120625 5.6371628e-05 0.00014240366 0.0001224325 4.814006e-07 7.703174e-06 7.428413e-05 1.0576775e-05 0.008839587 4.7076483e-06 0.016536089 3.5853197e-06 0.41778296 0.008674006 1.750652e-05 0.0068030898 1.04503915e-05 2.3125947e-06 0.0014996559 0.071684934 0.006352986 0.0005220412 3.4511165e-06 1.264085e-05 2.9281116e-06 0.013346022 2.9489138e-06 0.00483242 0.012545075 5.4749296e-05 3.1177408e-06 0.033677064 0.020803817 5.6117888e-06 0.102803074 8.803235e-06 0.02679183 0.02178124 0.024188837 0.0026603302 0.12989464 0.0017608308 5.878401e-06 0.00013347676 3.2023243e-05 5.7217017e-06 4.146254e-05
0.9778336 0.36064792 0.037421063 0.16893257 0.015852844 0.0025005424 0.0018451492 0.028432509 0.023599532 0.057841226 0.07459627 0.0004322431 0.0006185574 0.30008945 0.0012213012 0.4240645 0.17916948 0.46263322 1.3313523e-05 0.018724479 0.1982958 4.1131793e-07 3.1567847e-06 0.0015293695 5.739587e-07 1.2121498e-05 6.086581e-17 1.9913513e-07 0.00025770557 0.032197412 0.14011347 3.745478e-05 0.91282886 0.72126603 1.8782272e-07 0.004823218 0.00031118415 7.551883e-08 0.19672549 4.9954884e-05 0.0016367716 5.2580248e-08 0.6359448 2.5583907e-08 5.870272e-08 0.89966065 0.48478937 0.4494048 0.00031372023 0.00014876242 1.527717e-08 0.0002338367 2.0451303e-06 0.4723431 9.0541966e-05 3.0772949e-06 2.2572513e-06 0.0075539113 0.57812226 0.44160116 3.4715578e-07 0.0012046965 9.439444e-09 0.16427544 7.46955e-09 0.040178224 1.5926327e-09 5.5000595e-07 0.017014619 3.4155104e-07 0.028159965 0.05383494 0.00024134094 1.1903911e-08 1.767016e-07 0.00025836282 0.0025778117 0.012574421 0.002530357 1.3955398e-06 0.0048504192 0.00045188807 3.2461745e-07 7.536404e-05 0.008980828 1.8507631e-05 5.6788426e-08 0.0022768686 5.135263e-08 2.7019198e-05 1.8360913e-08 1.0328876e-07 2.4716925e-08 2.29816e-05 1.447358e-07 3.9193305e-06 2.4292212e-05 5.776835e-07 5.944771e-05 0.0002517908 0.00014277312
0.96926373 0.0038150195 0.060507115 0.0007206903 0.00017831585 0.1431291 0.00051612133 5.1362946e-05 6.992958e-05 0.0011133692 1.6051002e-06 0.0010826389 0.32305393 0.04883427 0.00074468664 1.0510481e-05 4.2828524e-06 1.556749e-05 0.60683596 9.471809e-05 0.00014668616 0.89747876 0.044569198 0.0002642084 0.11883051 0.2718789 1.9913513e-07 1.6904816e-14 4.1353232e-07 8.96232e-08 2.7005505e-08 0.013019486 4.603097e-08 1.4031312e-07 0.93461865 9.91039e-06 3.9286053e-05 0.77416915 1.4025532e-07 0.00028860802 2.175379e-05 0.021407643 6.126383e-08 0.29187226 0.16431521 5.3281894e-08 2.1263487e-07 1.9803726e-07 7.886699e-08 1.1667657e-08 0.5964327 0.0030912268 2.4252176e-06 5.731693e-07 0.0002438223 6.4313035e-08 8.382483e-08 2.6473464e-05 3.0819557e-08 3.087688e-07 3.0093165e-08 2.984271e-07 0.047853354 3.743899e-07 0.09130002 8.3850416e-08 0.25978664 0.0066618705 3.9335953e-07 0.011681482 3.394177e-07 1.523755e-06 0.0004020393 0.06567868 0.0016212424 1.9109446e-05 2.5828385e-07 1.9578652e-06 1.4493187e-06 0.0028697976 1.5705522e-06 8.941605e-05 0.02935432 5.6408624e-07 1.0566969e-06 0.030153843 0.00022292479 2.3163825e-06 0.0006580783 6.9933017e-06 0.0001483421 0.0005215016 0.00016791337 0.0041839518 0.0028759085 0.006611093 7.992971e-06 1.6004141e-06 1.5982778e-05 5.452599e-06 1.1171736e-05
0.8793823 0.000930159 4.6330963e-05 0.1023277 0.34095842 9.172017e-05 1.33568e-05 0.91487455 0.7323507 0.10464685 0.68964016 1.6528922e-05 3.9347848e-05 0.02276103 1.9132694e-05 0.01956817 0.13737345 0.00015977134 4.4468457e-06 8.496238e-06 0.0001569106 6.525201e-07 1.858885e-06 2.3454336e-06 4.2502097e-07 2.7606693e-06 0.00025770557 4.1353232e-07 5.927297e-14 0.57913256 0.043570086 4.758616e-05 5.205475e-05 2.239338e-05 8.825321e-07 8.697517e-05 8.260372e-05 1.2329334e-06 0.012981306 0.0123288585 0.00010511468 4.322317e-06 3.5526875e-05 2.6401444e-06 7.19283e-07 0.00034533095 7.208783e-05 8.792813e-06 0.8590072 0.8598551 4.932973e-07 0.0020940267 0.019865708 0.00018694719 0.00014913958 0.8382795 0.21892406 0.0005564381 0.001698074 0.00064265035 0.025028352 0.8509395 4.3205924e-07 9.610368e-05 2.495238e-07 0.0047277506 4.1545107e-07 4.1837862e-05 3.0089377e-06 9.70846e-06 0.0015564186 7.456748e-05 0.0025334258 2.7709734e-07 7.1219245e-07 0.002713415 0.015203135 0.00079565303 0.0032930488 4.3965056e-06 3.3438714e-06 0.002747346 5.008265e-06 0.6381091 6.3415275e-05 0.0011303503 3.7321586e-06 0.00042388172 6.659177e-08 0.4339597 4.7481283e-08 5.4241593e-07 1.787344e-07 0.00053541147 1.3054559e-07 0.001292007 0.0016965888 0.9233401 0.105104364 0.00032998095 1.9080146e-05
0.86254317 0.021249998 0.0030231483 0.18884878 0.122873336 0.00017087541 4.5196757e-05 0.29380268 0.21156248 0.094434746 0.54974735 3.0071578e-05 6.798893e-05 0.046315625 3.7804424e-05 0.5023192 0.8220725 0.0021561265 2.6898708e-06 3.7098613e-05 0.0011389746 1.5879148e-07 6.1786163e-06 2.418604e-05 6.7483194e-07 1.8946788e-06 0.032197412 8.96232e-08 0.57913256 1.4366037e-15 0.8218076 2.9030564e-06 0.0022294584 0.000344922 3.7819848e-07 5.7010508e-05 1.0328503e-05 2.7161576e-07 0.6005863 0.00029988226 4.807354e-05 2.951574e-07 0.0005658919 1.3808099e-07 5.8328833e-08 0.01478203 0.00080782914 8.496372e-05 0.6159824 0.51740885 6.416318e-08 0.00010057968 0.00013356398 0.0017502166 1.3384228e-05 0.0006470684 0.00024585886 7.7246e-05 0.09255498 0.01836003 8.8738736e-05 0.9483579 1.0984341e-07 0.0018817561 2.4424583e-08 0.41604885 4.2148707e-09 1.2004227e-05 6.315554e-06 3.4690177e-06 0.118345164 0.0020738607 0.00028466896 3.8830038e-08 9.2628255e-08 0.00043999346 0.2931503 0.051751416 0.13992831 2.5231e-06 6.2233175e-06 0.0011449305 7.4378903e-07 0.28993323 0.0042601116 9.047972e-05 5.429267e-07 0.024329307 4.4331934e-08 0.06791843 3.6694118e-08 1.8983114e-07 5.0000654e-08 0.00013096389 5.63738e-08 6.00705e-05 0.0040614684 0.00025449196 0.026296148 0.0049067196 8.353818e-06
0.9525292 0.0715814 0.0067800195 0.18044014 0.045162596 0.00082887214 0.00011693101 0.11882969 0.08650803 0.064838395 0.2779728 3.6024205e-05 0.000301282 0.060039952 7.951229e-05 0.6990755 0.6734855 0.008721726 5.205383e-06 0.00010561317 0.002343293 1.7352666e-07 5.661931e-07 1.6472193e-05 2.2315587e-07 2.375628e-06 0.14011347 2.7005505e-08 0.043570086 0.8218076 1.3975758e-16 1.6315201e-06 0.014454793 0.004290636 9.9289586e-08 1.32590885e-05 4.108026e-06 3.486716e-08 0.9772018 7.191287e-05 9.046044e-06 2.2438837e-08 0.0034139839 1.2975041e-08 5.8177726e-08 0.069921836 0.0042013987 0.00082172913 0.01629715 0.013174031 1.0257918e-08 0.00019863338 6.4460583e-06 0.0069974344 2.1752992e-06 4.8802893e-05 7.61234e-06 2.380176e-05 0.31999704 0.068127476 2.697907e-06 0.19714008 1.7309981e-08 0.003988935 4.295895e-09 0.38666674 1.8808766e-09 5.1977014e-07 0.00016331472 2.3838197e-07 0.14388163 0.0041736397 9.050182e-05 2.5661956e-08 1.7400025e-07 5.431899e-05 0.08363765 0.051235393 0.04457506 3.5241692e-07 6.0051196e-05 0.00013745895 9.967397e-07 0.006450955 0.00820987 4.9294176e-05 6.725655e-08 0.015195728 8.5043595e-08 0.0035295666 3.559957e-08 1.4010946e-07 9.965045e-08 8.798082e-06 1.34452e-07 1.0183533e-05 0.001201889 3.4290657e-05 0.003409354 0.002048389 2.3256891e-05
