2.2596932e-27 0.6505182 0.32383645 0.8832215 0.85236186 0.32394746 0.58043957 0.27400157 0.72358704 0.921667 0.18742229 0.02686445 0.018052585 0.7070542 0.019272143 0.9035174 0.19608812 0.06690528 0.73509675 0.02475269 0.0043221647 0.9443554 0.88884676 0.2915704 0.004292978 0.9499283 0.9092162 0.96408904 0.88103724 0.6877172 0.80615306 0.0030007209 0.14596143 0.010842647 0.7789579 0.0031106 0.94692844 0.0018346678 0.001899631 0.97307044 0.04988101 0.5878545 0.9905816 1.742537e-05 0.68900794 0.85693294 0.9766374 0.67328286 0.003949417 0.9731433 0.9831117 0.24426672 0.9347148 0.004051263 0.10777264 0.0068336185 0.94791335 0.1214662 0.93659306 0.5899962 4.092454e-05 0.0011833577 0.99250424 0.99738616 0.99941117 0.8612752 0.9994064 1.4649498e-05 0.86979574 0.05150577 0.8513791 0.9817727 0.12792929 0.999592 0.0038386085 0.97892326 0.99855024 0.67159283 0.61438054 0.9954512 0.9982015 0.00093733415 0.008146287 8.755039e-05 0.99971604 0.99379677 1.8246128e-06 2.4294621e-07 0.0026220507 1.4023353e-05 0.0065101497 2.980437e-07 0.0008100231 0.9998558 0.081692204 0.7283357 0.68560886 0.004311075 0.9988405 0.99981844 0.0135375485
0.6505182 6.8018115e-18 0.73018754 0.46597955 0.84697884 0.903013 0.025322508 0.06239808 0.01083708 0.47783482 0.004013458 0.004163507 0.0039436114 0.16847153 0.03391598 0.1852412 0.0013773747 0.24695227 0.036122464 0.00056058704 0.05112947 0.087174274 0.06409812 0.00066636753 0.10587428 0.08993137 0.07251729 0.0023425822 0.07168175 0.0033149004 0.0010267432 0.006564871 9.0169444e-05 0.09354637 0.0004541836 1.18038015e-05 0.021559991 0.00033867956 0.0002573745 0.031521298 1.9400344e-05 2.7732682e-05 0.046758804 0.00056906516 0.0011859754 0.004751889 0.0026472406 0.0031627426 9.997924e-06 0.012663246 0.042615626 3.559837e-05 0.00013847194 2.015959e-05 0.00031505295 1.1111506e-06 4.4351477e-06 8.307377e-05 0.004066933 1.0504843e-06 0.002489718 1.2086546e-05 0.006978472 0.03221729 0.030104253 0.00018490385 0.01555685 0.00045614078 4.72121e-07 2.5675472e-06 0.0009444267 0.00031203317 2.085293e-07 0.018409822 0.0018227677 3.160621e-05 0.0014303253 0.00068613264 0.0013429375 3.133291e-08 0.0024636304 0.0007364 3.0989086e-06 1.0733908e-06 0.0014998869 0.00026818563 0.0008877103 3.99607e-05 9.80833e-05 0.0006869403 2.8670088e-06 3.4995714e-06 0.00028830787 0.003348073 2.4043738e-06 1.8055046e-06 8.395692e-06 2.4169886e-08 0.0001985404 0.00067500415 8.3590976e-07
0.32383645 0.73018754 4.820261e-19 0.7209029 0.32306242 0.91968375 0.15508519 0.49881116 0.05835251 0.19750516 0.03032102 0.031993963 0.04484654 0.027279794 0.36766246 0.08794158 0.007930184 0.49247202 0.0057439655 0.006283995 0.4395326 0.086611316 0.006111487 0.0038746318 0.47777602 0.055948246 0.013197369 0.015737781 0.008039218 0.00093893375 0.0031346406 0.11620911 0.00065037265 0.22319725 0.0010722588 7.469095e-07 0.004472615 0.0015215994 0.0013300832 0.03249459 0.00015351218 0.00019344984 0.01772537 7.286989e-06 0.00026258692 0.000999324 0.0050004576 0.00015177176 4.660354e-05 0.010560493 0.0048764115 9.838647e-05 0.00042357802 3.5450827e-05 2.7336808e-05 1.9144895e-06 4.520913e-05 1.7909416e-06 0.00027221884 4.3008695e-06 0.024879666 1.5559206e-05 0.00096650375 0.009815476 0.0022860763 7.999025e-06 0.0025624253 0.027904032 2.0640482e-06 8.4605645e-06 8.637992e-05 0.00012470517 1.644017e-06 0.003993983 0.0002666252 2.7678203e-05 0.0018887752 1.3035611e-05 0.000104758015 2.6709228e-07 0.00029754743 0.00035304297 2.1159058e-06 2.579448e-06 0.002554834 8.861404e-06 0.003733829 0.00061378174 3.521932e-05 0.0013594383 3.5641049e-06 3.3077726e-05 3.7157177e-05 0.0005092439 1.6099034e-06 3.4348582e-07 1.386254e-07 1.6544542e-08 6.1024707e-06 0.00012777367 7.3690717e-07
0.8832215 0.46597955 0.7209029 2.646058e-17 0.59533995 0.14033407 0.6544681 0.21644478 0.23110782 0.7318671 0.055518124 0.027143076 0.023733651 0.050756555 0.068685696 0.6275303 0.028730653 0.061700232 0.010677113 0.0055795223 0.10438634 0.5058674 0.03603605 0.019908475 0.10135538 0.17446241 0.058627665 0.04990591 0.032930184 0.000540174 0.02663492 0.021735352 0.0027158924 0.04724573 0.0057347394 0.0043456145 0.011556002 0.0013527554 0.0009908614 0.25555637 0.00027761247 0.00054196996 0.26175258 0.00020741178 0.00012744522 0.003740342 0.026040083 0.0020367894 2.1508433e-05 0.17656289 0.08236705 0.00024809455 0.0021138478 6.575105e-05 5.6709447e-05 5.859148e-06 0.00017167791 6.232482e-06 0.004480035 3.5520537e-05 0.0031551644 2.625475e-05 0.003768134 0.24069117 0.06343765 0.012812125 0.020865599 0.0022303134 1.1200679e-05 4.2288826e-05 0.0009224779 0.0024803188 1.309532e-05 0.17513473 0.0011549684 0.00038620902 0.025366109 8.119528e-05 0.000615014 1.4157762e-06 0.0025108906 0.00018727178 5.2769133e-06 7.495355e-07 0.026323617 6.111506e-05 0.00050253456 7.8072035e-06 3.1664196e-05 0.0005422548 1.0586159e-05 1.5972973e-06 9.1280905e-05 0.008002292 3.5198484e-06 6.321266e-06 5.3613905e-05 1.5032347e-06 0.00014559837 0.0014160572 2.2337274e-06
0.85236186 0.84697884 0.32306242 0.59533995 4.113472e-17 0.43071923 0.046762135 0.0746458 0.028061992 0.77876896 0.008134281 0.0075380793 0.0072167967 0.37372792 0.030992199 0.3618585 0.0032782918 0.16967824 0.093937755 0.0007689526 0.029950257 0.14026406 0.2043779 0.0012542815 0.0730952 0.17340444 0.12267684 0.0029683036 0.10796594 0.011222536 0.0013873801 0.0061813276 8.642871e-05 0.06482464 0.00037479954 9.196691e-05 0.05372463 0.000626932 0.00047107943 0.072087325 4.287673e-05 1.5515614e-05 0.11030234 0.0009109914 0.0017210611 0.018594578 0.0071292403 0.013976471 2.118356e-05 0.027138056 0.14062957 2.415529e-05 0.00012976973 4.631784e-05 0.00052839285 2.56947e-06 4.346242e-06 8.167515e-05 0.01623743 7.9719405e-07 0.0017427523 4.731388e-05 0.02058324 0.13078146 0.12116143 0.00039469413 0.07309151 0.00026619248 3.9658912e-07 7.1183017e-06 0.0040531103 0.00031860347 5.902723e-07 0.11451689 0.002800831 3.8221933e-05 0.003025114 0.0014376465 0.004111199 3.0397235e-08 0.016177867 0.0012547815 4.135538e-06 1.2292022e-06 0.0031477935 0.001456224 0.00071564363 2.276293e-05 0.00018542018 0.00072494795 5.6609506e-06 4.2527217e-06 0.0005747433 0.02566031 3.5068647e-06 1.3433838e-06 9.5907286e-05 2.7536514e-08 0.0017899242 0.0055166893 1.8029683e-06
0.32394746 0.903013 0.91968375 0.14033407 0.43071923 4.1903127e-19 0.02106607 0.08844359 0.011075648 0.19676146 0.00552991 0.008898358 0.011219501 0.106774494 0.07646161 0.061284125 0.0017899703 0.7352708 0.027756063 0.00079530064 0.16969815 0.018369243 0.029530963 0.0005096229 0.3154988 0.062434155 0.025895443 0.00053795805 0.023023348 0.004805191 0.00038060377 0.021593088 7.163852e-05 0.3536536 0.00010230135 4.2157592e-07 0.008701965 0.0004362797 0.0003433434 0.008226172 1.7335085e-05 1.3964499e-05 0.008530713 0.0026325253 0.0013910434 0.0020952495 0.0004431943 0.00073389505 1.3566116e-05 0.0016394954 0.011946976 1.5097869e-05 5.657364e-05 2.875071e-05 0.00032297915 2.2964302e-06 2.5279242e-06 8.071106e-05 0.0015890823 2.7979448e-07 0.011096956 1.5220071e-05 0.0036573156 0.007868129 0.005746496 7.883414e-06 0.0038799713 0.0019878375 7.156282e-08 1.9203007e-06 0.00059057923 2.3967152e-05 9.820961e-08 0.0026240333 0.009547773 1.2111907e-05 0.00019737067 0.0004502833 0.00077142566 9.96561e-09 0.0007621733 0.004189386 2.562992e-06 1.5583331e-06 0.00019203081 0.00014849073 0.0035206508 0.00019172448 0.00017163256 0.0025492788 1.3881106e-06 2.2978948e-05 0.00023541035 0.00083667546 5.1791363e-07 6.509546e-08 1.9974673e-06 1.5062073e-09 1.3910161e-05 0.00020617979 3.9770075e-07
0.58043957 0.025322508 0.15508519 0.6544681 0.046762135 0.02106607 2.624281e-20 0.91600657 0.91698855 0.2149462 0.11753228 0.06418657 0.057426687 0.0059677996 0.1032994 0.21307153 0.065737166 0.0179438 0.0008674778 0.04200765 0.023043463 0.3374783 0.00260802 0.028982563 0.010777292 0.03561017 0.013379908 0.10385639 0.0053383755 3.6860667e-05 0.015224798 0.025164904 0.0034596035 0.011767371 0.0026962352 0.00038782562 0.001153252 0.0029290575 0.0023994346 0.11135068 0.0019895777 0.0004966112 0.08391863 6.387313e-06 4.783482e-05 0.00041087004 0.01811608 0.00026890964 0.0010583929 0.11569492 0.013787382 0.00042788926 0.0015746332 0.0002633325 2.7318432e-05 8.179177e-05 0.000152749 5.002141e-06 0.0011058017 2.3656634e-05 0.0016963665 0.0004956989 0.0009069039 0.09255802 0.0149549125 0.0031398588 0.0040058116 0.0022859771 4.106305e-05 8.298042e-05 0.00020283967 0.005797792 2.671035e-05 0.036408085 0.00048011096 0.0021470448 0.041038234 6.6767185e-05 0.00031406447 0.00016257657 0.00081420224 0.000117503245 0.00012443337 6.54535e-05 0.05250016 7.1527385e-05 0.0002092759 0.00021611372 7.3547926e-05 0.00028869914 7.328201e-05 5.9012767e-05 6.769778e-05 0.0018163358 4.775168e-05 3.6699428e-05 2.9804326e-06 2.5375848e-05 0.0001967507 0.0005235137 2.6594622e-05
0.27400157 0.06239808 0.49881116 0.21644478 0.0746458 0.08844359 0.91600657 3.61651e-18 0.69131315 0.067838944 0.69122255 0.6553838 0.6561328 0.006012418 0.5845118 0.04971635 0.4667129 0.07821523 0.0013520652 0.5329541 0.050482485 0.0847811 0.0013449856 0.3072276 0.031208899 0.015911188 0.0034391049 0.09513459 0.0023170046 0.00028772585 0.040882703 0.12266154 0.043598756 0.065987505 0.013521916 4.1081577e-05 0.0010711682 0.041951463 0.035033178 0.026798105 0.017597908 0.0023626008 0.01311712 7.0326273e-06 0.00038289925 0.0005470634 0.010459421 0.00024021787 0.0058482373 0.029573873 0.0038116195 0.0020474978 0.0036537827 0.000731052 0.00018456507 0.00019341036 0.00076584186 6.153575e-05 0.0006565021 0.00031819232 0.004604406 0.0012868681 0.0007946498 0.01162042 0.001899198 0.00015907637 0.0011876102 0.0092286235 0.00021541903 0.00046631106 0.00042614609 0.0045303483 0.00019946994 0.005008029 0.0011334203 0.002795566 0.009193842 0.00020524538 0.00052571535 0.00014171272 0.00059142074 0.00025194237 0.00020284933 0.00013999948 0.012475764 5.364531e-05 0.0008462768 0.0016862829 0.00048617888 0.00025621173 0.0001185627 0.00031664607 0.0003302583 0.00077674794 9.714272e-05 0.00012164549 2.9874346e-07 1.107741e-05 2.4474122e-05 0.00018537052 7.409162e-05
0.72358704 0.01083708 0.05835251 0.23110782 0.028061992 0.011075648 0.91698855 0.69131315 6.347145e-19 0.16594936 0.34607196 0.18481235 0.13261977 0.0010620921 0.10988522 0.24543728 0.24480657 0.015359603 0.00024508682 0.17584758 0.010375838 0.2870942 0.0011319786 0.15984161 0.005882392 0.019992685 0.0053309323 0.3227641 0.0025405062 9.344837e-06 0.113814496 0.020789435 0.028434955 0.013450953 0.03504712 0.0013512545 0.00055712386 0.009926363 0.009124174 0.13457118 0.012938241 0.009396065 0.09465672 1.5963318e-06 1.332634e-05 0.0001374739 0.17079495 5.990385e-05 0.005317454 0.26648727 0.008737144 0.005093797 0.031547774 0.002400888 2.4737243e-05 0.001009472 0.0041805278 1.8665486e-06 0.0004329019 0.0009457404 0.0012468757 0.0018903842 0.00029339793 0.11058972 0.01050946 0.016336534 0.0026620342 0.0009103974 0.001198049 0.0010249178 8.166277e-05 0.03188094 0.0007222346 0.03811662 0.0002433967 0.013441079 0.10659468 3.622789e-05 0.00010629786 0.0063751996 0.0007683717 0.00010035873 0.00058707857 0.00019198541 0.1159608 1.543331e-05 0.00015897128 0.00022261206 3.416469e-05 8.6189924e-05 0.00042526372 0.00026756688 2.776976e-05 0.0011140757 0.0005695092 0.0007493119 7.07066e-07 0.0003621471 5.203882e-05 0.0002674016 0.00022003888
0.921667 0.47783482 0.19750516 0.7318671 0.77876896 0.19676146 0.2149462 0.067838944 0.16594936 1.1131698e-16 0.019500654 0.009288931 0.0063545257 0.3044143 0.01790696 0.8360707 0.006779764 0.13095972 0.23449671 0.00046111445 0.011645526 0.3977883 0.57773376 0.0036330218 0.019236192 0.61453336 0.3996025 0.009082637 0.34763452 0.013271449 0.0039244946 0.0021257964 0.00014896502 0.04048076 0.0003279946 0.0013962282 0.12951626 0.00014618706 8.4448e-05 0.19458982 3.6648606e-05 3.8241476e-05 0.30230767 0.0011947255 0.0017598295 0.04618129 0.008725873 0.027724542 7.832455e-06 0.096761 0.2695634 3.106781e-05 0.000283706 2.6426847e-05 0.00021664568 1.6360013e-06 4.5555546e-05 0.00014225204 0.044104118 1.1562113e-05 0.0011380278 3.761032e-06 0.11276781 0.31002036 0.23262191 0.008473392 0.18047808 0.00014382115 3.8432963e-06 1.9931584e-05 0.0075838896 0.0029362717 2.1134815e-06 0.29802883 0.0014275807 0.00011832707 0.012993048 0.0013033934 0.0039036153 2.7219767e-07 0.0430533 0.00023594551 3.4367606e-06 7.846143e-08 0.026508866 0.004520765 0.00037961485 2.0475729e-05 5.4167573e-05 0.001131692 4.0849964e-06 8.403736e-06 0.00012715094 0.14139047 1.7913294e-06 5.7027853e-07 0.00031852236 1.0742806e-08 0.0047933985 0.031485755 6.0869485e-07
0.18742229 0.004013458 0.03032102 0.055518124 0.008134281 0.00552991 0.11753228 0.69122255 0.34607196 0.019500654 5.9340686e-19 0.723033 0.599397 0.00038883518 0.2821259 0.028485283 0.89336306 0.02209314 0.0001083478 0.7814297 0.011842524 0.08081688 0.00019138835 0.66266507 0.006347954 0.003173193 0.00047212577 0.3064943 0.00046032024 2.1033404e-05 0.19321975 0.04880827 0.30755153 0.017396221 0.040997855 6.288302e-05 0.0002028037 0.07476258 0.073868185 0.02103269 0.25892276 0.03716122 0.0071506146 4.498748e-08 3.1083044e-05 6.8494344e-05 0.06676904 0.00016440172 0.09469963 0.050183762 0.000382889 0.013545387 0.022276826 0.012902236 2.8966257e-05 0.00461775 0.0067115054 2.1175972e-06 0.00012080259 0.0030174162 0.00041432775 0.012150191 3.4611385e-05 0.007922262 0.00045518044 0.0008738119 0.0002704308 0.00029728987 0.001933308 0.0015474785 3.4169476e-05 0.015286078 0.00085955445 0.0013762456 0.00033661185 0.008024049 0.021167565 1.2780773e-05 5.0017756e-05 0.007085444 0.00020571997 0.00010483367 0.0010048985 0.0008172163 0.015860775 2.0933576e-06 3.6855607e-05 0.0006221039 1.0708158e-05 2.3092965e-05 0.00033262864 0.0011546221 7.374145e-06 0.00032384088 0.00043815226 0.0010805366 6.2523027e-09 6.683593e-05 4.5046e-06 7.5956355e-05 0.00026810585
0.02686445 0.004163507 0.031993963 0.027143076 0.0075380793 0.008898358 0.06418657 0.6553838 0.18481235 0.009288931 0.723033 1.2837737e-18 0.91916543 0.00033139758 0.5101751 0.00940485 0.5659745 0.018940106 0.00015888427 0.82275534 0.011268972 0.02580948 0.00022319645 0.37248 0.0069682966 0.0015650159 0.00039228273 0.10371737 0.00044757302 5.031774e-05 0.068608545 0.12759899 0.108689874 0.015976137 0.015580003 7.792698e-06 0.00022286632 0.19886075 0.1893882 0.0060286177 0.104237296 0.013743754 0.0025382286 8.1243485e-08 6.942934e-05 7.2090785e-05 0.016249744 0.00010324076 0.14913955 0.009214461 0.00015663955 0.004838341 0.0064003626 0.0061067124 5.024849e-05 0.0015936131 0.0019536065 5.9766303e-06 9.682787e-05 0.0010285666 0.00043614325 0.012162085 3.375143e-05 0.00280349 0.0001884492 3.1157717e-05 9.39283e-05 0.0011457175 0.0006615401 0.00056224415 9.672764e-05 0.0023188659 0.0001775441 0.0007941627 0.0004409443 0.0018525484 0.0035020942 2.6362684e-05 0.00015670813 0.001652043 0.00013910355 8.376215e-05 0.00041446552 0.0021732205 0.0030637227 1.816612e-06 3.188501e-05 0.0013448907 9.948059e-06 4.840957e-05 0.00018726302 0.0031103506 1.3840771e-05 0.0001237949 0.00026247904 0.00044705812 1.9665501e-08 3.6063168e-06 1.4409765e-06 1.7908862e-05 0.0001225901
0.018052585 0.0039436114 0.04484654 0.023733651 0.0072167967 0.011219501 0.057426687 0.6561328 0.13261977 0.0063545257 0.599397 0.91916543 4.6921423e-18 0.00033340833 0.61196154 0.006288614 0.44394776 0.024910368 0.000110592926 0.7736796 0.014904539 0.020903556 0.00012863072 0.21611677 0.0073855785 0.0019686443 0.0002733012 0.10246523 0.00032365436 6.125885e-05 0.046568993 0.19707975 0.051397026 0.020233145 0.009131991 5.678372e-06 0.00017265878 0.23968083 0.21674381 0.007193071 0.049680647 0.0054917447 0.0033224265 1.824697e-07 8.368884e-05 4.5175555e-05 0.011539417 6.659993e-05 0.14092177 0.008715873 0.00022436722 0.0019523138 0.002736203 0.0036335485 7.604841e-05 0.0005486941 0.0010941706 7.0074343e-06 0.0001754348 0.00048020823 0.0006277499 0.007089243 5.4546927e-05 0.0047163437 0.0003640638 1.1185105e-05 0.00024061979 0.004817805 0.00040850803 0.00026448924 0.00013713488 0.0012812003 8.5231855e-05 0.0012600693 0.00042606157 0.00079792057 0.0028765246 2.9140148e-05 0.00021792341 0.00057830865 0.00024451903 7.5469914e-05 0.00021646313 0.0032130864 0.0024208033 3.884682e-06 2.9197477e-05 0.0032164757 1.310674e-05 7.184487e-05 0.00011630475 0.0048358957 1.9258607e-05 0.00023296662 0.00012115322 0.00033872123 6.2692386e-08 3.5173716e-06 3.281041e-06 4.76332e-05 7.291136e-05
0.7070542 0.16847153 0.027279794 0.050756555 0.37372792 0.106774494 0.0059677996 0.006012418 0.0010620921 0.3044143 0.00038883518 0.00033139758 0.00033340833 9.526931e-17 0.0033713519 0.060252164 0.00017768571 0.16376062 0.8648922 0.00013114863 0.0014287003 0.020038364 0.6193199 0.00042487614 0.0054981825 0.067084245 0.10055132 0.00021208108 0.13775066 0.7913119 0.00040987032 0.0005914605 4.3356747e-05 0.06978487 9.859442e-05 4.5348756e-06 0.06776652 0.0002726148 0.00015561901 0.008031579 6.343977e-05 2.8118975e-05 0.024817977 0.07642707 0.18074201 0.13296834 0.0006769197 0.16664892 7.7892844e-05 0.003930778 0.12173138 0.00010397064 0.000104292 1.5030132e-05 0.05768201 8.7098016e-07 5.2521764e-06 0.023110967 0.10669805 3.370956e-06 0.00019141847 1.014715e-05 0.18169196 0.031085642 0.061958216 2.1941223e-05 0.099393666 2.3689256e-05 6.069972e-08 9.681521e-07 0.08861283 2.7642433e-05 1.8517339e-07 0.040672783 0.025422785 3.0691558e-06 0.00020713246 0.019912211 0.02755184 3.5861385e-09 0.17065628 0.005318283 3.3500226e-06 8.41635e-08 0.00031745064 0.06930012 8.698205e-05 5.6558212e-05 0.006316561 0.0020505902 2.1196865e-06 1.0295411e-05 0.0061036646 0.11121461 1.0444568e-06 1.17241925e-07 0.0027182437 2.831408e-10 0.05982553 0.091505274 2.7380037e-07
0.019272143 0.03391598 0.36766246 0.068685696 0.030992199 0.07646161 0.1032994 0.5845118 0.10988522 0.01790696 0.2821259 0.5101751 0.61196154 0.0033713519 1.5072004e-18 0.013811993 0.10115344 0.07761058 0.0004376384 0.24696179 0.2530711 0.02308033 0.00018722036 0.046497654 0.09130789 0.0049498677 0.00074483256 0.057699766 0.00069322425 0.0006495591 0.030878158 0.8659143 0.011243209 0.050707616 0.0069317534 1.5073621e-06 0.0003820705 0.19046828 0.14991084 0.0073519875 0.0068691997 0.0043016844 0.0036366216 4.5069353e-07 7.7616845e-05 5.5880217e-05 0.0040235883 3.7653263e-05 0.008502184 0.004513502 0.0006285118 0.0018168807 0.000507178 0.0014051219 0.000108686116 7.613085e-05 0.00024461208 2.0467764e-05 0.00019854435 0.00030638074 0.036417536 0.0012458281 0.00012183602 0.0045303567 0.00019507736 9.902917e-06 0.00012226844 0.074125834 5.9529066e-05 0.0002098887 4.2146617e-05 0.0002539898 6.828941e-05 0.0014375155 0.0004941389 0.00012226832 0.0011091831 0.00011324569 0.0002985975 2.1278194e-05 6.4904576e-05 0.00059627247 0.00022264922 0.0013588978 0.00040393093 1.0128423e-05 0.0051995167 0.008001701 1.3967323e-05 0.001071537 1.7028482e-05 0.00554237 4.0378956e-05 0.00012017933 3.275993e-05 7.98755e-05 1.1731171e-07 3.1570272e-07 4.826648e-07 1.2674142e-05 3.3893677e-05
0.9035174 0.1852412 0.08794158 0.6275303 0.3618585 0.061284125 0.21307153 0.04971635 0.24543728 0.8360707 0.028485283 0.00940485 0.006288614 0.060252164 0.013811993 3.8514462e-17 0.016102606 0.053921387 0.03005716 0.001156217 0.0060725724 0.74603367 0.1669484 0.009375312 0.0056442856 0.793531 0.45087016 0.046027336 0.33056417 0.0017445082 0.013084355 0.0030494141 0.0008956806 0.016039705 0.0029532202 0.00475694 0.13427316 0.0003240457 0.00024382534 0.52162534 0.000112360765 0.0003191542 0.6422476 9.388899e-05 0.000301852 0.023153964 0.03608799 0.0089425435 1.5764896e-05 0.29146233 0.37865263 0.0001252347 0.004471801 4.9734223e-05 9.8940385e-05 4.238502e-06 0.00038248097 2.837746e-05 0.04294946 7.165533e-05 0.0020376693 5.656536e-06 0.05810768 0.5337214 0.26647148 0.07661867 0.16161497 0.0037420918 3.8424078e-05 3.729247e-05 0.0017125808 0.015635276 5.8295245e-06 0.47755525 0.00052259286 0.001755473 0.05016118 0.00029517838 0.0010162602 1.1763134e-05 0.01194414 0.0003308396 5.931183e-06 9.0876696e-08 0.07904812 0.000647461 0.0016594232 0.00012579214 4.0999108e-05 0.0028220715 6.089797e-06 2.6636453e-05 0.0001000309 0.0782235 3.6606914e-06 8.436771e-06 7.6442084e-05 1.2298946e-07 0.0010965656 0.008137349 2.570259e-06
0.19608812 0.0013773747 0.007930184 0.028730653 0.0032782918 0.0017899703 0.065737166 0.4667129 0.24480657 0.006779764 0.89336306 0.5659745 0.44394776 0.00017768571 0.10115344 0.016102606 7.047526e-19 0.023699423 7.694888e-05 0.73565704 0.0037878873 0.06600613 0.00011608158 0.7958335 0.0030743913 0.0010200631 0.0003755588 0.39113432 0.0003136299 1.4749731e-05 0.33323607 0.015282214 0.5649305 0.015893064 0.116155274 8.793614e-05 7.4319345e-05 0.05221408 0.055525877 0.016734712 0.48174024 0.132458 0.0055449875 1.0862681e-08 1.8044158e-05 6.0970167e-05 0.13094433 0.000117048825 0.12289302 0.055206366 0.0002045821 0.063108996 0.053285018 0.03831302 2.327018e-05 0.02426791 0.026306655 1.4425204e-06 7.245664e-05 0.013316075 0.00015562095 0.021001922 2.3625927e-05 0.005538843 0.00021641629 0.0016219764 0.00016415621 0.000121831596 0.006573623 0.0067502544 3.1602292e-05 0.027675565 0.0043000253 0.0010971533 0.00024943496 0.015041476 0.026091054 1.580931e-05 6.889745e-05 0.016170865 0.00019553724 0.0003623511 0.0020921805 0.00048096335 0.025846856 2.6164055e-06 2.098626e-05 0.0005217373 9.118315e-06 2.7936443e-05 0.0008686207 0.0007315921 5.6103227e-06 0.00019934386 0.0012009484 0.0021014751 4.973754e-09 0.00023008061 4.2389706e-06 6.0365397e-05 0.0006042222
0.06690528 0.24695227 0.49247202 0.061700232 0.16967824 0.7352708 0.0179438 0.07821523 0.015359603 0.13095972 0.02209314 0.018940106 0.024910368 0.16376062 0.07761058 0.053921387 0.023699423 5.6625033e-18 0.04050842 0.013114537 0.17058341 0.01428607 0.028156089 0.029626913 0.40390304 0.0621984 0.03150558 0.007331417 0.025932645 0.051537775 0.019107074 0.036277864 0.0086526815 0.9532708 0.0040755835 1.4770908e-06 0.012039185 0.004670136 0.003793404 0.008667813 0.006161358 0.0026478164 0.0053692786 0.0070777987 0.008051694 0.004657984 0.005600284 0.0028000271 0.0005081342 0.0040861517 0.008307805 0.0029937648 0.00058117067 0.0030060941 0.004659992 6.2734114e-05 0.0002332445 0.0010842336 0.002268498 3.6687667e-05 0.037966486 0.00050124625 0.0040651066 0.0053730155 0.0018465258 9.602457e-06 0.002200147 0.007101612 3.1085312e-06 3.1088206e-05 0.0010182902 0.00035930792 1.4243611e-06 0.0016118677 0.084286615 0.00049571967 0.00050001714 0.0010284116 0.001955686 2.9338587e-06 0.0053098733 0.06426097 9.269785e-05 4.396524e-05 9.352348e-05 0.0010148665 0.022287631 0.0016859806 0.0015956446 0.029205978 2.7837837e-06 0.0003483105 0.0018109092 0.0008704645 3.5503992e-06 3.943961e-06 4.376526e-06 3.786108e-08 0.000110664354 0.00041512237 1.5287285e-06
0.73509675 0.036122464 0.0057439655 0.010677113 0.093937755 0.027756063 0.0008674778 0.0013520652 0.00024508682 0.23449671 0.0001083478 0.00015888427 0.000110592926 0.8648922 0.0004376384 0.03005716 7.694888e-05 0.04050842 5.991577e-17 6.155576e-05 0.00012661683 0.008007498 0.8395764 0.00012039396 0.00056249567 0.057526596 0.16418014 9.2189686e-05 0.2538721 0.6710405 0.00016319047 4.8998474e-05 3.6868685e-05 0.015516857 4.3466625e-05 4.689545e-06 0.13471353 0.00010030859 6.430651e-05 0.0040792525 3.468388e-05 1.8091252e-05 0.01797241 0.017357279 0.3946635 0.28861988 0.00027758657 0.41850922 2.486838e-05 0.0022519608 0.18133093 3.230871e-05 3.3823704e-05 2.4026767e-05 0.06617368 7.8133144e-07 2.2930667e-06 0.04356767 0.2379108 1.9351792e-06 2.975643e-05 5.9558674e-06 0.2929783 0.02001674 0.075346015 1.7115195e-05 0.17765255 1.6456572e-05 3.7778197e-08 1.7313598e-06 0.2274894 7.572578e-05 1.6002026e-07 0.043012917 0.011714157 3.962109e-06 0.00014333123 0.048491564 0.081321366 3.5538223e-09 0.41458115 0.0017388451 4.766753e-06 9.825195e-08 0.00021407046 0.13409413 1.2542383e-05 5.399644e-05 0.0057798745 0.00019278626 2.5101733e-06 1.9348185e-05 0.005865763 0.1953226 1.2500976e-06 1.9949779e-07 0.017607251 1.0078457e-10 0.17428674 0.19856545 8.0767114e-07
0.02475269 0.00056058704 0.006283995 0.0055795223 0.0007689526 0.00079530064 0.04200765 0.5329541 0.17584758 0.00046111445 0.7814297 0.82275534 0.7736796 0.00013114863 0.24696179 0.001156217 0.73565704 0.013114537 6.155576e-05 7.64652e-18 0.001938972 0.012807954 2.7030204e-05 0.60643953 0.0021013245 0.00020218128 0.00016833088 0.23817433 0.00015509881 9.893515e-06 0.19596137 0.04078709 0.4424077 0.011119962 0.054790612 6.9924017e-06 7.6422475e-05 0.36820415 0.37162933 0.0051886067 0.565395 0.05251224 0.0020789301 9.203682e-09 6.0650714e-06 2.74127e-05 0.046763048 2.2531334e-05 0.6434426 0.011751103 7.653808e-05 0.020966262 0.020273343 0.030094804 6.9057464e-06 0.008301482 0.013583718 6.7549314e-07 4.5697176e-05 0.008758464 5.8353795e-05 0.08086761 1.42981935e-05 0.001499382 5.2146468e-05 1.811264e-05 8.116191e-05 0.00020152025 0.0016054825 0.0015037847 2.1546968e-05 0.003605052 0.0009466058 0.00027738226 0.00032818827 0.0022229576 0.005114999 9.433447e-06 3.9747785e-05 0.0032890707 7.8347446e-05 8.025208e-05 0.001039998 0.011633638 0.004759111 1.4302823e-06 7.1900417e-06 0.0011753334 4.0484356e-06 9.527184e-06 0.00025471873 0.005640277 3.9437014e-06 5.4372995e-05 0.00030764498 0.00083764544 2.6231144e-09 1.0971214e-05 5.7823524e-07 1.0826305e-05 0.00019128674
0.0043221647 0.05112947 0.4395326 0.10438634 0.029950257 0.16969815 0.023043463 0.050482485 0.010375838 0.011645526 0.011842524 0.011268972 0.014904539 0.0014287003 0.2530711 0.0060725724 0.0037878873 0.17058341 0.00012661683 0.001938972 2.6387502e-17 0.007479957 0.000110001136 0.0021881275 0.6615391 0.003249537 0.00053118356 0.0054394593 0.0003973734 0.00026278986 0.001842127 0.33255294 0.00061246 0.29453442 0.0011517351 4.583341e-08 0.00025603635 0.00055833365 0.00043203207 0.0015013759 0.00017140979 0.0009935439 0.0010288379 6.080862e-07 3.4023476e-05 3.850566e-05 0.0007235034 2.80422e-05 6.0643517e-05 0.00049996085 0.00042999143 0.00050536264 0.0003768531 0.00023197827 4.5677785e-05 2.0942274e-05 0.00014689432 6.955018e-06 0.00014767713 4.106129e-05 0.19815557 7.040852e-05 2.7373044e-05 0.0017055126 0.00011786811 9.559585e-06 0.0001015731 0.103374295 3.4313437e-06 1.542282e-05 8.477336e-05 3.4288594e-05 2.4558376e-06 0.00039289653 0.000362821 2.6335269e-05 0.00030231586 1.6227554e-05 0.00018085774 2.4537517e-06 6.0498583e-05 0.0021872586 1.856264e-05 2.108143e-06 0.000690849 2.8199609e-06 0.020763287 0.0018831932 2.3747685e-05 0.009468825 9.308742e-06 0.0002865276 7.058857e-05 1.1868085e-05 8.089473e-06 4.089775e-06 4.1083315e-08 2.321617e-08 4.8639333e-07 2.6216956e-06 5.6247823e-06
0.9443554 0.087174274 0.086611316 0.5058674 0.14026406 0.018369243 0.3374783 0.0847811 0.2870942 0.3977883 0.08081688 0.02580948 0.020903556 0.020038364 0.02308033 0.74603367 0.06600613 0.01428607 0.008007498 0.012807954 0.007479957 7.5509874e-16 0.023411836 0.053885162 0.0026433656 0.2073376 0.06845854 0.16880502 0.040085997 0.0005116339 0.07424986 0.0096068 0.006876416 0.006556381 0.023932965 0.116948634 0.021177687 0.0015922185 0.0014846183 0.7997176 0.001826933 0.003384497 0.6092107 3.0262465e-05 0.00020694293 0.004264272 0.09832616 0.002357032 0.0001569898 0.660197 0.096915826 0.0025929702 0.011819663 0.0007960731 8.9743065e-05 6.856884e-05 0.0038815239 1.9060866e-05 0.011221758 0.0010597326 0.0054244446 1.529489e-05 0.011413998 0.5447453 0.12691426 0.07949203 0.046267502 0.009456065 0.001222689 0.0009656032 0.0016326775 0.030349564 0.00052077195 0.37601802 0.0004953114 0.008561744 0.11069922 0.00024318394 0.0017707478 0.00070515793 0.0078965705 0.00016613638 3.9151895e-05 2.077061e-06 0.13633199 0.00039596917 0.0031699704 0.00010356026 5.084226e-05 0.0029035332 0.00011707528 1.5065895e-05 0.00012201357 0.022734744 8.7795284e-05 0.00059321936 0.00016687684 7.010265e-05 0.0010444275 0.0033417118 1.664538e-05
0.88884676 0.06409812 0.006111487 0.03603605 0.2043779 0.029530963 0.00260802 0.0013449856 0.0011319786 0.57773376 0.00019138835 0.00022319645 0.00012863072 0.6193199 0.00018722036 0.1669484 0.00011608158 0.028156089 0.8395764 2.7030204e-05 0.000110001136 0.023411836 2.2428038e-17 0.00017781029 0.00026405804 0.3407424 0.5378171 0.00015709987 0.6576 0.40064642 0.0002711878 2.551633e-05 3.1112493e-05 0.004943782 8.650407e-05 7.147482e-05 0.41052204 2.1127129e-05 1.1974362e-05 0.011450643 1.2408004e-05 1.6779515e-05 0.05319724 0.00906801 0.17936048 0.5040485 0.00040733605 0.6524015 3.0556396e-06 0.0069989935 0.36933604 4.7144837e-05 3.6219666e-05 7.755562e-06 0.016951269 1.4127167e-07 5.1665447e-06 0.017580776 0.3507964 1.9073896e-06 1.1052518e-05 6.777284e-07 0.37259737 0.06023747 0.20335597 0.0001070068 0.31558642 9.757441e-06 1.0152056e-07 4.4351117e-07 0.19315359 0.0002778861 7.859189e-08 0.11810396 0.002910572 3.4553157e-06 0.00060739275 0.037294827 0.0912264 2.5935138e-09 0.48606128 0.00041520788 3.1094163e-07 9.103382e-09 0.00085415103 0.113845326 1.0554004e-05 8.6283135e-06 0.001519107 8.311039e-05 3.3486566e-07 3.453464e-06 0.002149903 0.34400114 2.125643e-07 4.4158092e-08 0.07432884 5.6158543e-11 0.20867509 0.31207392 7.415611e-08
0.2915704 0.00066636753 0.0038746318 0.019908475 0.0012542815 0.0005096229 0.028982563 0.3072276 0.15984161 0.0036330218 0.66266507 0.37248 0.21611677 0.00042487614 0.046497654 0.009375312 0.7958335 0.029626913 0.00012039396 0.60643953 0.0021881275 0.053885162 0.00017781029 2.9053381e-18 0.0024213146 0.0004279762 0.00037269198 0.54626584 0.00035312076 1.7816752e-05 0.5436975 0.009217414 0.93027526 0.03000364 0.3188002 0.00018448677 7.237826e-05 0.032928422 0.036124602 0.01413725 0.6975084 0.4197126 0.0042485143 2.392432e-08 3.3281347e-05 0.000108432454 0.22206655 0.00024772243 0.18379766 0.073263764 0.00018183368 0.29858747 0.10015416 0.138918 4.4590695e-05 0.11614341 0.067802235 4.3796113e-06 8.0778904e-05 0.062395528 0.00015260892 0.06385471 4.7760197e-05 0.0051496723 0.00024921144 0.004154095 0.00018841021 0.00014446628 0.022719957 0.03380058 3.2914915e-05 0.06511246 0.02245841 0.0011004999 0.0014748754 0.027009992 0.04198125 4.0188635e-05 9.763152e-05 0.0386566 0.00012022393 0.0011911724 0.021961393 0.000468221 0.039334606 4.4236026e-06 3.769976e-05 0.0013453224 4.38936e-05 0.00011059272 0.004244827 0.00092744676 4.703688e-05 0.00036863904 0.0032730903 0.005308243 6.4783174e-09 0.0010091097 7.132103e-06 8.33048e-05 0.001851254
0.004292978 0.10587428 0.47777602 0.10135538 0.0730952 0.3154988 0.010777292 0.031208899 0.005882392 0.019236192 0.006347954 0.0069682966 0.0073855785 0.0054981825 0.09130789 0.0056442856 0.0030743913 0.40390304 0.00056249567 0.0021013245 0.6615391 0.0026433656 0.00026405804 0.0024213146 3.867374e-18 0.0042827446 0.001335287 0.0029914586 0.00088763295 0.00071529805 0.0025998217 0.120912194 0.0016964868 0.6016784 0.0013226467 4.1394936e-09 0.000375084 0.0001933639 0.0001571162 0.00082031975 0.00044488523 0.0010121248 0.0007406545 1.2229134e-05 0.00013377368 8.776808e-05 0.0008296005 3.6448815e-05 0.00011704649 0.00036408324 0.00058909005 0.00062108407 0.00032684804 0.0005517528 0.00049335684 4.383445e-05 6.945881e-05 0.00013918264 0.00044080868 3.5512883e-05 0.32716754 0.00023564936 5.756899e-05 0.0015313172 0.00033396174 2.074464e-06 0.00012633349 0.072868705 1.6652563e-06 7.0500805e-06 0.00018252184 0.0001124463 1.2288132e-06 0.00091196585 0.0020352416 0.00019041362 0.00023903752 7.375457e-05 0.00029705153 9.603176e-07 0.00017340251 0.013142294 2.6823049e-05 4.043747e-06 0.0006173701 6.1664136e-06 0.07565476 0.0012272615 4.3050128e-05 0.04074659 1.884659e-06 0.00023898827 0.0001236703 2.8835391e-05 2.2227307e-06 1.0867925e-06 5.6986558e-08 7.503149e-09 1.6729335e-06 7.0197157e-06 1.4350616e-06
0.9499283 0.08993137 0.055948246 0.17446241 0.17340444 0.062434155 0.03561017 0.015911188 0.019992685 0.61453336 0.003173193 0.0015650159 0.0019686443 0.067084245 0.0049498677 0.793531 0.0010200631 0.0621984 0.057526596 0.00020218128 0.003249537 0.2073376 0.3407424 0.0004279762 0.0042827446 4.6494714e-17 0.7940809 0.0012233644 0.6312732 0.004800149 0.00025051323 0.0008556994 6.128146e-05 0.013061801 4.7133333e-05 0.00036979254 0.47972852 0.0002449597 0.00018033486 0.08466952 4.3244218e-05 1.6829805e-05 0.21326044 0.00012285929 0.0014429429 0.06663925 0.0017022035 0.041227054 1.9547675e-05 0.03244367 0.637041 2.039586e-05 0.00016528284 2.6380667e-05 0.00028098887 2.6225632e-06 9.038912e-06 0.00020508647 0.06657011 6.824874e-06 0.0014198795 2.827846e-06 0.1441571 0.21737207 0.3823693 0.007110744 0.3176862 0.00096118206 1.0679249e-06 1.9590487e-05 0.0025568984 0.0007706988 1.9048063e-06 0.29604632 0.0013443066 5.3760952e-05 0.0069732964 0.0008461694 0.001608267 8.907173e-08 0.050265133 0.0009831003 1.2975667e-05 5.8203665e-07 0.018651536 0.0025320044 0.0007971866 8.3353436e-05 0.00023184599 0.001252768 8.654447e-06 2.0887222e-05 0.0003023539 0.25311625 2.2320664e-06 1.8301214e-06 0.00028638905 1.0787711e-08 0.015046104 0.03882017 3.4843856e-06
0.9092162 0.07251729 0.013197369 0.058627665 0.12267684 0.025895443 0.013379908 0.0034391049 0.0053309323 0.3996025 0.00047212577 0.00039228273 0.0002733012 0.10055132 0.00074483256 0.45087016 0.0003755588 0.03150558 0.16418014 0.00016833088 0.00053118356 0.06845854 0.5378171 0.00037269198 0.001335287 0.7940809 2.252106e-17 9.756795e-05 0.85089546 0.007920838 0.0002460754 0.00039611463 0.00013300331 0.0067572873 5.509331e-05 0.00017504775 0.5692312 6.6077555e-05 4.721958e-05 0.021750413 6.568725e-05 1.4113014e-05 0.05718837 0.00040124415 0.0025276074 0.13276978 0.0009283933 0.13123596 9.568989e-06 0.004742603 0.49657005 5.3450894e-05 5.078934e-05 1.7204036e-05 0.0003153427 1.0941753e-06 5.613989e-06 0.0004968009 0.1597895 5.2332525e-06 0.00030523428 1.7856361e-06 0.17830387 0.06557761 0.22814481 0.0072174887 0.26013565 0.00010837559 7.0522213e-07 3.8150283e-06 0.006204902 0.0004029254 1.0119554e-06 0.104930535 0.0015042911 1.4734492e-05 0.001669487 0.0033368347 0.003853836 6.9444566e-09 0.072387084 0.0006435359 3.3005895e-06 9.6477365e-08 0.0043127732 0.0032266881 0.00053298776 2.4390474e-05 0.00023811172 0.0007985863 2.1107178e-06 2.3287275e-05 0.00064960157 0.14652714 9.858697e-07 1.9225602e-06 0.002079657 1.5979698e-09 0.015408004 0.02981366 7.57499e-07
0.96408904 0.0023425822 0.015737781 0.04990591 0.0029683036 0.00053795805 0.10385639 0.09513459 0.3227641 0.009082637 0.3064943 0.10371737 0.10246523 0.00021208108 0.057699766 0.046027336 0.39113432 0.007331417 9.2189686e-05 0.23817433 0.0054394593 0.16880502 0.00015709987 0.54626584 0.0029914586 0.0012233644 9.756795e-05 2.278159e-16 0.00010958797 1.3789288e-06 0.77477175 0.014942225 0.3775418 0.003015827 0.83230406 0.032281626 6.27984e-05 0.02553493 0.026065486 0.074815296 0.28749788 0.45306176 0.04226742 2.4604805e-07 3.7628008e-06 3.1722986e-05 0.5757069 5.7629193e-05 0.04373566 0.4668754 0.0011477434 0.3082941 0.3587561 0.07507535 5.791798e-06 0.058094684 0.17883316 8.489082e-07 5.4628454e-05 0.15286933 9.326901e-05 0.023076473 0.00011584459 0.1124234 0.0031811935 0.043830078 0.0007182357 3.8203056e-05 0.1061541 0.08036561 7.583972e-06 0.34877363 0.06909255 0.03232359 6.899911e-05 0.17093235 0.34388897 1.0590996e-05 4.5346274e-05 0.16238953 0.00012684609 2.9669663e-05 0.034443725 0.0015924243 0.41059396 7.495709e-06 2.4964236e-05 5.6532008e-05 2.0840147e-05 1.0161356e-05 0.015455834 9.724839e-05 2.7298822e-05 0.00027814278 0.018232422 0.023984663 1.1637808e-06 0.00406104 1.8412941e-06 3.2872034e-05 0.008040626
0.88103724 0.07168175 0.008039218 0.032930184 0.10796594 0.023023348 0.0053383755 0.0023170046 0.0025405062 0.34763452 0.00046032024 0.00044757302 0.00032365436 0.13775066 0.00069322425 0.33056417 0.0003136299 0.025932645 0.2538721 0.00015509881 0.0003973734 0.040085997 0.6576 0.00035312076 0.00088763295 0.6312732 0.85089546 0.00010958797 3.718297e-17 0.016704991 0.0003934659 0.00026791723 0.00016453958 0.007643447 6.5283566e-05 9.0441674e-05 0.7501029 9.375451e-05 7.279617e-05 0.010222377 0.00010982169 1.9908503e-05 0.036309604 0.00072788424 0.0052024187 0.24799353 0.0005261908 0.22564833 1.0995032e-05 0.0026756164 0.5655819 8.646077e-05 2.349769e-05 1.8213053e-05 0.0007794884 1.2528521e-06 4.301448e-06 0.0008104226 0.2302512 6.6997286e-06 0.00026236716 2.9820844e-06 0.19311161 0.04729409 0.22367224 0.0044135656 0.28440318 0.000108111126 6.042385e-07 3.0696829e-06 0.0109722875 0.00025867127 7.764201e-07 0.08419655 0.003122429 1.2327142e-05 0.0009167033 0.0054249926 0.006944808 1.1495994e-08 0.11244615 0.0008626344 2.8170525e-06 7.267882e-08 0.002209035 0.004548741 0.0003080522 3.6107514e-05 0.00068039267 0.0005324541 2.1989706e-06 3.4756293e-05 0.001653121 0.16648425 1.2564645e-06 2.2807747e-06 0.0079860985 2.5468456e-09 0.020841947 0.041052923 9.284409e-07
0.6877172 0.0033149004 0.00093893375 0.000540174 0.011222536 0.004805191 3.6860667e-05 0.00028772585 9.344837e-06 0.013271449 2.1033404e-05 5.031774e-05 6.125885e-05 0.7913119 0.0006495591 0.0017445082 1.4749731e-05 0.051537775 0.6710405 9.893515e-06 0.00026278986 0.0005116339 0.40064642 1.7816752e-05 0.00071529805 0.004800149 0.007920838 1.3789288e-06 0.016704991 2.6010987e-20 4.796718e-06 4.164928e-05 5.3436083e-06 0.040450245 1.0621579e-06 1.0195286e-06 0.014246744 8.393575e-05 6.9317466e-05 0.00027361183 5.3792005e-06 5.0675544e-07 0.00058447727 0.46390605 0.8676104 0.13769057 1.4542975e-06 0.27580082 1.2394628e-05 1.6545355e-05 0.021616392 1.5245777e-06 3.145247e-07 1.6738679e-05 0.4149016 8.5811166e-07 1.3970005e-08 0.22779578 0.12023621 2.3786452e-08 5.082842e-06 1.2239367e-05 0.24176498 0.0006429645 0.011644416 2.0271764e-06 0.034720004 6.5047066e-06 2.4652633e-10 7.4870705e-08 0.26921123 4.0395977e-07 3.049565e-09 0.0018403787 0.13325432 3.4678926e-08 2.2522485e-05 0.14182726 0.10555283 1.0975095e-09 0.21854101 0.006916262 4.9788554e-07 1.4038473e-07 4.9505095e-05 0.16190088 4.9208106e-06 0.00016235176 0.105380125 0.00028649071 1.8557081e-07 1.3859328e-05 0.059547953 0.06403339 1.09792255e-08 4.2904966e-10 0.007308147 2.3987945e-10 0.1235301 0.11153274 6.975124e-08
0.80615306 0.0010267432 0.0031346406 0.02663492 0.0013873801 0.00038060377 0.015224798 0.040882703 0.113814496 0.0039244946 0.19321975 0.068608545 0.046568993 0.00040987032 0.030878158 0.013084355 0.33323607 0.019107074 0.00016319047 0.19596137 0.001842127 0.07424986 0.0002711878 0.5436975 0.0025998217 0.00025051323 0.0002460754 0.77477175 0.0003934659 4.796718e-06 5.9197856e-17 0.0074846977 0.4354793 0.014738097 0.86506015 0.0056636618 5.5763678e-05 0.010956002 0.011467238 0.023208128 0.30634958 0.57616246 0.0097773345 2.0986076e-07 2.1869902e-05 6.0396716e-05 0.2909965 0.00017608651 0.027906714 0.16648887 0.0003933033 0.2242519 0.1822116 0.067965485 4.6808433e-05 0.06256809 0.106811635 2.573887e-06 3.0385485e-05 0.1252988 0.00053945614 0.015738014 3.0505924e-05 0.014189164 0.000609518 0.030807447 0.000251829 0.00039703553 0.05233298 0.053707216 7.4707164e-06 0.1399911 0.045919098 0.0028467313 0.00075444224 0.06345559 0.12373358 8.180326e-06 1.4698156e-05 0.065431625 2.66016e-05 0.0015150855 0.021205343 0.00023481797 0.12094994 3.0734175e-06 0.00028838924 0.0010545814 2.8170241e-05 9.4206225e-05 0.00844423 0.0008529638 2.101612e-05 0.00027133062 0.0074517755 0.009957532 1.196508e-07 0.005817174 1.7313383e-06 3.5735004e-05 0.0033837305
