2.139518e-18 0.8559157 0.7679132 0.33434135 0.8479233 0.9707001 0.21150953 0.071721934 0.9655389 0.04048573 0.3805341 0.01553879 0.14089812 0.95298105 0.95658064 0.961709 0.37158114 0.9331705 0.00021303564 0.97515076 0.18964073 0.9578022 0.2099498 0.16528337 0.006718338 0.64876467 2.8173334e-05 0.83457935 0.48441234 0.620441 0.67447525 0.021662196 0.4287003 0.98108405 1.8247868e-06 0.5012758 0.9695783 0.9209932 0.18706281 0.9594095 0.8487646 0.7526253 0.7448953 0.045331024 1.8082497e-06 0.0014751609 0.9312249 0.007905635 0.8896775 0.97132385 0.25872386 0.99161977 0.98844415 0.97249955 0.07689233 0.94474113 0.31539586 0.9732145 0.9581475 0.9813055 0.0006949747 0.91917175 0.93399876 2.2543114e-05 0.99634975 0.996483 0.5404858 0.006273923 0.9744797 0.9740412 0.02826534 0.75892496 0.9887491 0.9453476 0.86360765 0.9839286 0.98718435 0.8679685 0.99974996 0.923808 0.9985106 0.8811524 0.99787945 0.0058830483 0.9999887 0.7899643 5.2306277e-06 0.89700973 1.1176048e-06 0.99794215 0.9981603 0.4762568 0.9999665 0.31019226 0.046143923 0.7249821 0.00011920054 0.9647318 0.01592047 0.9999856 0.2151402
0.8559157 8.9666054e-17 0.61972845 0.23818845 0.9727336 0.7300479 0.8637515 0.103632666 0.09661666 0.32693905 0.2545291 0.5990774 0.6744749 0.014100062 0.46832258 0.07630077 2.7168533e-06 0.2520395 0.1497457 0.031605937 0.00043883602 0.003943409 0.00025078666 2.9831044e-05 0.007959613 5.1989978e-06 0.008029545 3.82116e-06 3.5227697e-06 6.3507114e-06 0.00026475397 1.6660013e-06 4.2257938e-07 0.34705997 0.00038713642 0.00019152109 0.2442075 9.044797e-07 7.5799545e-07 0.005744554 0.0005887381 1.5973575e-07 1.0086766e-06 0.02287405 2.623376e-06 5.0668876e-07 0.00019399484 7.6481376e-07 3.3269778e-06 3.2174063e-07 1.1268053e-08 0.18732925 0.16519658 0.107026376 1.8302837e-08 7.566521e-05 5.473947e-09 0.0012623395 3.47765e-06 0.0055623143 5.925506e-08 1.4137808e-06 3.3711874e-08 5.739146e-08 0.0017511448 0.11337505 4.078816e-09 1.7155335e-08 2.1396929e-07 0.00021017515 1.8112888e-10 2.1240278e-09 4.324888e-05 2.0433494e-07 4.974333e-07 0.015375679 2.143683e-06 2.032522e-09 0.00019906956 4.7399304e-08 0.00029070603 2.295772e-09 0.010184307 1.07476215e-08 0.008801741 7.4494224e-08 1.2844153e-07 1.8357807e-05 2.8935247e-11 2.966682e-06 0.0075550643 2.3249095e-08 0.017889207 1.9194053e-08 0.0017473572 0.0023961905 6.2981678e-09 5.065841e-08 0.0031655773 0.00023134529 7.3244934e-08
0.7679132 0.61972845 1.2440328e-20 0.9790044 0.11228089 0.8089237 0.46628922 0.104695834 0.6325658 0.019744994 0.39628205 0.08439335 0.5090859 0.302337 0.1263204 0.36929342 0.008966916 0.046484217 0.005137095 0.119301 0.0069427886 0.036997117 0.0013177107 0.00024646267 0.041774195 0.0002464307 0.011167801 0.00018200472 9.417074e-05 0.00056245975 0.0107399095 9.7228905e-05 3.7671944e-05 0.059322443 0.0005095191 0.0054141725 0.09667624 0.00061596546 5.9009675e-05 0.030287158 0.007823815 6.240071e-06 0.000119822165 0.0003474214 1.3502668e-06 1.7571152e-05 0.0048424723 8.768872e-06 0.0002545148 0.00010404394 3.145673e-07 0.3347502 0.07971325 0.012193349 2.5496274e-06 0.0004946522 1.242326e-06 0.009044765 1.7357452e-05 0.038166545 5.7609436e-06 6.6839843e-06 7.7431275e-07 7.006101e-07 0.015785808 0.080747716 7.741787e-08 2.3235673e-07 6.7932638e-06 0.00058531645 1.2683368e-09 1.4800443e-07 9.6206284e-05 2.5653787e-06 4.3264536e-06 0.020059032 2.4432615e-05 2.7685605e-08 0.0019992627 4.477918e-07 0.002224458 7.6985835e-08 0.0026049018 2.132026e-07 0.014811479 2.6629874e-07 3.5990482e-07 5.7551373e-05 3.5170191e-12 4.7200692e-06 0.0012471422 3.110141e-08 0.007832194 2.2434216e-08 0.00020662286 0.0010962507 4.838072e-09 8.4731397e-07 0.00015152272 0.0006281089 3.0823188e-07
0.33434135 0.23818845 0.9790044 1.1048045e-19 0.04685734 0.8834034 0.06877643 0.19004866 0.8616236 0.00880386 0.0746439 0.005429827 0.013057759 0.3001886 0.34959093 0.41784948 0.01917856 0.1036614 0.0019117076 0.21508512 0.0036118487 0.12032229 0.007030304 0.002063283 0.0026208444 0.0016529388 0.0021821696 0.0021760648 0.0017966873 0.004002839 0.015391187 9.785257e-06 0.0005078128 0.041133907 0.00055852055 0.009280095 0.14214534 0.0031477467 2.4452684e-05 0.02852261 0.0070254556 7.033832e-05 0.0011597641 0.0026917215 1.249781e-05 3.0282222e-06 0.004352964 2.4793833e-05 0.0005649671 0.00041520153 1.562084e-06 0.18422219 0.07176332 0.0075118816 3.693525e-06 0.00031629147 1.5619992e-06 0.004561595 5.457357e-05 0.030345706 3.9616594e-08 4.3492913e-05 4.2025345e-06 2.6960228e-07 0.010137875 0.05660242 1.3901177e-06 1.4592399e-07 2.2766164e-05 0.0010042859 7.063913e-09 1.1561557e-06 1.1639502e-05 1.5718986e-05 3.125317e-06 0.009185411 9.080817e-06 3.6572803e-07 0.0012261958 3.0363165e-06 0.0014887165 1.3347026e-06 0.0012500667 5.2161713e-08 0.010855502 2.5760073e-07 4.954744e-06 3.2707518e-05 2.1940843e-11 1.1439126e-06 0.0026417437 2.4258329e-08 0.004411062 2.093628e-09 0.00021976586 0.002319077 1.6200174e-08 3.307946e-07 0.0001821895 0.0016091858 2.0541854e-07
0.8479233 0.9727336 0.11228089 0.04685734 1.6871284e-14 0.298137 0.39670536 0.47150618 0.010970682 0.8662671 0.018122353 0.35593924 0.06732882 0.0015426328 0.39282772 0.023846557 4.0134012e-07 0.49715772 0.51559246 0.023880437 1.3114267e-05 0.002636349 2.1734919e-05 4.163425e-06 2.1055681e-05 5.1641825e-07 0.0013219797 4.2122429e-07 5.174293e-07 1.7010376e-06 2.8033803e-05 4.1940882e-07 6.7582015e-08 0.5168416 0.000114603434 9.774382e-06 0.14008208 2.1869442e-07 1.538505e-07 0.0019088027 5.1589454e-05 3.1316046e-07 1.2034248e-07 0.35516047 7.627626e-07 3.0147382e-07 8.056536e-06 0.0037973386 4.9761877e-07 3.170304e-08 8.237141e-09 0.08664323 0.15492985 0.40249756 3.2825522e-08 1.0039429e-05 1.928484e-08 0.00012060633 8.3393263e-07 0.0035281226 8.041483e-08 2.994851e-07 1.4475753e-08 1.3741443e-07 0.0007603112 0.1479087 4.801612e-09 1.1962861e-08 1.9957362e-08 1.6110207e-05 1.4560417e-10 1.2953447e-09 2.1074695e-06 1.0347175e-07 1.08053854e-07 0.04135952 1.2751998e-06 6.8235e-10 0.00020036547 4.5877574e-08 0.0004946878 2.9170895e-09 0.09076776 1.8075418e-09 0.019011997 3.68416e-08 3.02395e-07 7.979951e-05 1.2866832e-11 3.3418246e-06 0.08810659 5.6237166e-09 0.041263055 4.0974206e-09 0.010352157 0.022598114 2.561666e-09 4.9263978e-08 0.058621753 0.00061269366 1.8178795e-07
0.9707001 0.7300479 0.8089237 0.8834034 0.298137 1.815975e-15 0.48634934 0.85787565 0.10242301 0.020661702 0.40190333 0.09663217 0.39085305 0.012339386 0.6617268 0.34102356 0.04771652 0.19362503 0.002557746 0.09481466 0.0033044245 0.012345189 0.0005453424 0.0001878198 0.0103318095 3.1852218e-05 0.0066126036 1.3188742e-05 1.8692606e-05 1.3688003e-05 0.0005792981 2.791234e-05 2.8085597e-06 0.20997307 0.00014566141 0.00035736724 0.40380204 2.9243693e-06 7.0283636e-06 0.023348592 0.0013358889 1.0057593e-06 5.4989027e-06 0.0030414073 2.214635e-06 1.951086e-06 0.0005455741 0.00017244389 4.4170984e-06 3.7905323e-07 1.8738376e-08 0.53135854 0.28681755 0.020873701 2.3512787e-06 0.00012648539 6.6744394e-07 0.005650692 4.835861e-06 0.07598924 4.0585496e-07 1.1293033e-06 1.6746332e-08 3.2245944e-07 0.02425048 0.4187041 9.584624e-08 3.6122543e-08 9.4228625e-08 0.00029759228 3.5427417e-10 3.6781693e-09 2.7075948e-05 1.9318867e-07 1.6466726e-07 0.081368014 2.689009e-06 3.8874557e-09 0.0015114445 1.5348084e-08 0.0008482879 6.9388286e-09 0.009695045 3.5006812e-07 0.067192614 1.1437032e-08 1.2902764e-07 0.00025844318 1.2157721e-11 5.763188e-07 0.0016099234 7.1400135e-09 0.013247879 4.618309e-09 0.000834882 0.0013918773 3.5741607e-09 9.0196615e-09 0.0012105032 5.3326454e-05 1.7237736e-07
0.21150953 0.8637515 0.46628922 0.06877643 0.39670536 0.48634934 1.08913035e-17 0.009964086 0.28774133 0.32178047 0.870486 0.82584274 0.9666787 0.15715055 0.26214156 0.1545656 6.762487e-05 0.049635086 0.3830235 0.049656652 0.067624226 0.012465726 0.006221039 0.002790167 0.27810115 0.00069540064 0.16211878 0.0001578711 8.2237355e-05 0.00012941577 0.001848383 3.5744342e-05 2.2490545e-05 0.093977034 0.013606931 0.0004349783 0.19165345 6.488025e-05 1.0206547e-05 0.0063489066 0.0012278042 1.0973923e-05 1.6372383e-05 0.01584825 7.5376476e-05 9.71738e-06 0.0009085569 9.0934445e-06 3.173255e-05 5.490951e-05 5.3266447e-08 0.08249924 0.034300942 0.007280589 4.6414365e-07 0.00019104753 6.969712e-08 0.002308328 1.7882203e-05 0.0051414086 4.068903e-08 8.456361e-06 6.75564e-07 2.8144713e-08 0.0012165293 0.037656475 3.7351604e-08 2.2174152e-07 2.6259042e-06 0.0002005054 5.887411e-10 8.140045e-08 3.4777182e-05 5.850365e-06 1.3682879e-06 0.027912483 1.457892e-05 5.567772e-08 0.00060199335 9.658734e-07 0.00017186074 3.847112e-07 0.0006890267 1.4377601e-08 0.005433759 9.047285e-08 6.8619534e-07 3.958993e-06 2.2272665e-12 1.5759288e-05 0.001907768 3.3958784e-08 0.02341881 2.996967e-08 0.00031007326 0.0017739644 1.2348278e-08 2.3411337e-06 0.004202132 0.0012362502 1.0488807e-06
0.071721934 0.103632666 0.104695834 0.19004866 0.47150618 0.85787565 0.009964086 1.0101884e-20 0.063907474 0.0069203395 0.0017394829 0.00045996747 0.0007004128 0.0067674415 0.93256146 0.058859613 1.5234056e-05 0.9317163 0.0015822916 0.03567321 1.1369987e-06 0.0058638523 6.1641935e-05 2.5618701e-06 6.8338695e-06 2.7587574e-05 1.0853202e-05 0.00016046567 4.347471e-05 0.0002695346 0.0039502494 5.259469e-08 1.8198355e-06 0.6595687 1.3857285e-06 0.0015233991 0.28511807 6.645946e-05 2.495814e-07 0.009535503 0.0016930113 4.08665e-07 3.240032e-05 0.08981426 2.2185213e-07 4.5414584e-08 0.0011371468 5.3260588e-05 1.7629143e-05 1.8991082e-05 6.0241803e-09 0.053984232 0.09208435 0.13652736 2.4832636e-09 4.6238223e-05 9.550781e-10 0.0007902827 6.4485803e-06 0.0063771605 1.820343e-09 2.1794917e-06 2.800374e-07 1.1949537e-09 0.002469444 0.10508733 1.6523151e-09 5.712168e-09 2.309846e-06 0.0001155609 1.085583e-11 5.137533e-09 5.990176e-06 2.6441293e-07 3.1118322e-08 0.078731455 7.756601e-07 1.4963348e-08 0.0014435877 7.0953384e-08 0.0022394697 4.697071e-09 0.012067588 4.7769916e-10 0.015623838 8.8468255e-09 6.829732e-08 0.0007003647 6.580834e-14 7.742898e-07 0.0071104188 5.2928545e-10 0.009963341 2.0557225e-10 0.0004922789 0.0018477413 1.0952755e-10 1.0066253e-07 0.002203208 0.00078194914 1.4256404e-09
0.9655389 0.09661666 0.6325658 0.8616236 0.010970682 0.10242301 0.28774133 0.063907474 9.217875e-17 0.0020930355 0.87153816 0.029050892 0.53229535 0.88676775 0.03652247 0.79497737 0.514739 0.0060991547 0.00037918525 0.54087836 0.42991716 0.364539 0.10507786 0.049276907 0.5326885 0.009555562 0.034752417 0.0021855417 0.0022856896 0.004757219 0.052686557 0.020036362 0.0011087342 0.0050522555 0.00368702 0.021380335 0.044816416 0.004731271 0.0010969269 0.12609693 0.028622847 0.0002603162 0.0033117451 0.00022203365 0.00036238824 0.001470403 0.015018299 1.023741e-05 0.0016568307 0.00028924175 6.8320085e-05 0.3450941 0.030660173 0.0032297652 0.00040477197 0.004454673 0.00012531987 0.039036557 0.00047138458 0.16635947 2.7986789e-05 6.171776e-05 1.5816238e-06 3.692076e-05 0.10182216 0.03337337 3.5127257e-06 8.147105e-06 2.1998234e-05 0.0075588515 4.3831417e-08 4.055126e-07 0.00066765596 2.0087526e-05 1.401672e-05 0.0076913126 5.0703293e-05 1.826945e-07 0.013496524 1.4795496e-06 0.0059483163 1.3596488e-07 0.0010829698 0.00013012516 0.031169793 1.5860888e-06 5.7717766e-06 1.8351366e-05 1.9181445e-10 2.4782532e-05 0.00034506508 6.779856e-07 0.0031972176 3.2244068e-07 3.7571586e-05 0.0003518895 2.0358665e-07 7.9794177e-07 8.072341e-06 0.00059989607 3.7857544e-06
0.04048573 0.32693905 0.019744994 0.00880386 0.8662671 0.020661702 0.32178047 0.0069203395 0.0020930355 9.165321e-16 0.017725972 0.48976013 0.06673168 0.0012055355 0.04489455 0.0042587854 1.7197605e-07 0.042336293 0.98601705 0.0019925844 7.595839e-05 0.00014277353 5.788207e-05 5.7183333e-05 6.956926e-05 2.0733572e-05 0.0017715477 2.1778407e-05 5.4228203e-05 3.0394931e-05 3.058711e-05 5.4724105e-06 9.522724e-06 0.051619045 0.0010812407 1.5505317e-05 0.010041148 1.5055202e-06 1.1783652e-06 0.0003911189 6.447144e-05 1.8871878e-06 1.8998554e-06 0.16784616 4.7768326e-06 2.068486e-06 1.2456389e-05 0.00018955357 2.9679384e-06 1.4764247e-06 5.3010707e-09 0.006053798 0.011132821 0.10683418 5.428993e-07 1.2458197e-05 9.3079825e-07 3.6896967e-05 8.735502e-06 0.00050180376 1.01638754e-07 3.5844787e-06 2.0803965e-07 6.2206976e-07 0.000116301424 0.018528994 5.7388174e-08 9.949528e-08 8.496323e-07 3.7649246e-05 2.587203e-10 1.4068675e-08 5.248446e-06 4.882917e-06 8.407602e-07 0.046333075 2.8143481e-06 4.2674447e-08 1.737242e-05 2.546105e-07 1.9863157e-05 2.0939916e-07 0.012991535 6.1392097e-10 0.012347497 6.7741134e-08 1.0243982e-07 1.6324066e-05 2.6954928e-11 4.8529364e-06 0.050919015 1.3960636e-07 0.046413653 7.300041e-07 0.011220266 0.02629214 8.884912e-08 4.5092915e-07 0.070370585 0.00017596633 4.698312e-07
0.3805341 0.2545291 0.39628205 0.0746439 0.018122353 0.40190333 0.870486 0.0017394829 0.87153816 0.017725972 2.97636e-17 0.23285292 0.92164135 0.80641556 0.05411167 0.3737317 0.00026638652 0.007027308 0.025460115 0.29132226 0.8471827 0.15110104 0.364533 0.22281873 0.8659234 0.07998555 0.32044765 0.015783558 0.013306777 0.005675075 0.053090002 0.009780403 0.002085192 0.011906994 0.04203795 0.01404671 0.09241157 0.008895664 0.0013421167 0.05556003 0.024951592 0.0014776919 0.002071621 0.0010421685 0.008026234 0.0011357919 0.016460417 1.5069078e-06 0.002798847 0.013528811 2.041986e-05 0.35966566 0.027818397 0.0010753436 7.87267e-06 0.001865366 1.27099465e-05 0.011315031 0.00035533888 0.040422034 5.617502e-06 0.00010909381 0.00025828177 3.779858e-07 0.0076980777 0.040599 6.0792067e-06 2.6680755e-06 0.0010191354 0.0027950713 1.476683e-07 1.0134559e-05 0.00021404494 0.00035475698 3.6520527e-05 0.01653825 0.00010648487 5.642635e-06 0.0016876865 4.7099453e-05 0.0011416153 2.0558535e-05 0.0005560662 2.8155202e-07 0.015097979 2.6058917e-06 2.2359395e-06 3.0566218e-06 1.4189668e-09 3.0262347e-05 0.0020592709 1.2269805e-06 0.0036669865 2.8797825e-07 0.000108726446 0.0018472391 2.7437125e-07 3.6111578e-05 0.00022599414 0.0009173055 3.6667223e-06
0.01553879 0.5990774 0.08439335 0.005429827 0.35593924 0.09663217 0.82584274 0.00045996747 0.029050892 0.48976013 0.23285292 6.2524825e-20 0.39208245 0.0012721285 0.063873164 0.012762005 2.4641153e-07 0.01873736 0.8776045 0.0014697448 0.00039827527 9.05303e-05 1.3286773e-05 1.6941232e-06 0.017013881 1.5232785e-06 0.045590077 1.6043169e-06 7.768245e-07 3.0911824e-07 1.0329556e-05 6.909646e-08 1.37468374e-08 0.054573964 0.0030802488 5.8828624e-07 0.054386973 1.3368101e-07 2.1363723e-08 0.00014803204 9.748671e-06 6.9992595e-08 4.0331596e-08 0.022939127 2.4235867e-05 1.02037134e-07 1.4117599e-06 2.1667883e-07 5.195201e-08 2.8769e-07 1.3447403e-09 0.008591459 0.011831551 0.0045598387 1.9729771e-09 4.7214127e-07 1.6645461e-10 1.5426482e-05 1.9928768e-07 0.00027092983 1.1616446e-09 6.43755e-08 7.1482438e-09 4.787082e-09 8.828882e-05 0.021078562 6.353315e-10 2.2644124e-09 2.53929e-08 7.183719e-07 7.457866e-12 3.1804817e-10 1.8700692e-06 3.3200994e-08 3.5025447e-09 0.009823871 7.9137614e-08 6.906067e-10 2.476505e-05 4.3334873e-09 1.50320975e-05 6.5972855e-10 0.00061473454 8.168838e-11 0.0018045907 1.0187952e-09 3.391116e-07 2.6175394e-07 1.047493e-12 9.4220006e-08 0.0008141584 9.94111e-11 0.0021644456 5.077906e-11 6.432736e-05 0.0004138067 2.647818e-11 4.7888995e-09 0.0006207261 3.681331e-05 2.4292937e-10
0.14089812 0.6744749 0.5090859 0.013057759 0.06732882 0.39085305 0.9666787 0.0007004128 0.53229535 0.06673168 0.92164135 0.39208245 9.6169375e-17 0.16430776 0.10588972 0.14238797 5.1550353e-05 0.011105516 0.16332622 0.041535918 0.14956485 0.013002109 0.014604868 0.0063826586 0.40007338 0.0014828531 0.3402414 0.00041412847 0.00035586298 0.0002480993 0.0022209296 4.535501e-05 4.935067e-05 0.027621675 0.03377828 0.0006862894 0.11067822 8.676706e-05 5.16704e-05 0.005623924 0.0017439867 1.7069977e-05 2.6616164e-05 0.000598245 0.00020884366 2.5669828e-05 0.0014645174 1.1904103e-06 9.1376405e-06 9.477121e-05 8.5356385e-07 0.1529445 0.020548785 0.0016139679 8.4882726e-07 8.5199026e-05 1.8954314e-07 0.0025240364 1.0940265e-05 0.005465454 6.2677444e-08 4.1377793e-06 2.2265046e-06 1.3013538e-07 0.0018665673 0.027010635 1.8515308e-07 5.403466e-07 2.0294288e-05 0.00028625363 9.094011e-09 2.944099e-07 7.327502e-05 3.7076294e-05 4.1814105e-06 0.009594082 1.6479782e-05 8.3863495e-07 0.0007631294 7.024959e-06 0.00037576142 3.8290727e-06 0.00056790595 5.1177604e-08 0.004458751 8.168247e-07 6.503112e-06 3.2308537e-06 4.5476057e-11 6.2349372e-06 0.0010972382 1.04003405e-07 0.0042996234 4.300275e-08 1.5145936e-05 0.00032940082 4.7821928e-08 5.879859e-06 0.00019590365 0.0015580397 2.123382e-07
0.95298105 0.014100062 0.302337 0.3001886 0.0015426328 0.012339386 0.15715055 0.0067674415 0.88676775 0.0012055355 0.80641556 0.0012721285 0.16430776 2.8166956e-15 0.0047429358 0.5355329 0.33523828 0.0010220573 0.0001797245 0.58464575 0.8232772 0.751211 0.82471263 0.6278471 0.5796464 0.4653334 0.013950097 0.068236455 0.0746102 0.104984105 0.17012984 0.18594997 0.04257927 0.00022711746 0.0028050984 0.0791775 0.003799706 0.08213151 0.029447148 0.22695664 0.11270168 0.022351764 0.031212881 0.00012018987 0.006103065 0.0125042265 0.06357458 8.9857485e-07 0.018817713 0.012652045 0.0042940956 0.16101071 0.0036619836 0.0017147093 0.018757615 0.012525693 0.012487418 0.08108618 0.0035371142 0.19563252 0.002680905 0.0017077465 0.0002937437 0.00030340473 0.096405186 0.004677004 0.00056319725 0.0003805156 0.00082609506 0.029564 1.2910475e-06 4.9175756e-05 0.005649989 0.0007942911 0.00047832078 0.00089191896 0.00081989507 8.062978e-06 0.021577751 0.0001168425 0.010932982 7.90836e-06 0.00023387284 0.002134886 0.017208675 5.7018937e-05 9.716458e-05 1.7603631e-06 4.9876828e-08 0.0004991293 0.0003166705 9.19253e-06 0.003150253 1.4883225e-06 6.2626063e-06 9.00378e-05 3.3970013e-05 5.3633316e-06 2.1041167e-07 0.004046961 2.8137914e-05
0.95658064 0.46832258 0.1263204 0.34959093 0.39282772 0.6617268 0.26214156 0.93256146 0.03652247 0.04489455 0.05411167 0.063873164 0.10588972 0.0047429358 1.3603611e-16 0.12690213 0.026237594 0.8449138 0.002894451 0.04869702 0.0008880258 0.004389317 0.00060671486 0.00015871298 0.00056626246 7.389468e-05 0.0014886006 1.8642935e-05 2.1067492e-05 3.0577838e-05 0.001003464 3.0101133e-05 1.436259e-05 0.6231383 6.8710826e-05 0.0006136805 0.84735614 3.853308e-06 4.6924597e-05 0.057648137 0.0032936581 4.15651e-06 1.937933e-06 0.01665328 2.242579e-06 1.7965901e-06 0.0008659557 0.008846806 3.1124796e-06 1.11454725e-07 1.1489227e-07 0.65561795 0.5837735 0.12460973 4.4367384e-06 0.00037125405 1.109412e-06 0.008193249 2.8011207e-06 0.08442394 1.2652688e-06 1.1220357e-06 4.5813835e-08 9.077297e-07 0.035301894 0.6055242 1.304102e-07 8.665562e-08 1.4192254e-07 0.00061890285 1.1064276e-09 1.424505e-08 0.00012555352 6.631403e-07 3.3101617e-07 0.41357797 4.0633154e-06 1.0824955e-08 0.010374424 8.381139e-08 0.0047615534 2.970107e-08 0.04774629 1.2925462e-07 0.44659087 1.3401015e-08 4.1491253e-07 0.003439922 4.8631745e-12 1.2519134e-06 0.013605588 5.499422e-08 0.11166663 1.7489791e-08 0.001951506 0.0048545157 4.848132e-09 1.5262259e-08 0.00352338 0.00012636144 6.6599296e-07
0.961709 0.07630077 0.36929342 0.41784948 0.023846557 0.34102356 0.1545656 0.058859613 0.79497737 0.0042587854 0.3737317 0.012762005 0.14238797 0.5355329 0.12690213 1.345513e-16 0.938566 0.03690913 8.10595e-05 0.9006187 0.16859059 0.7422938 0.039850067 0.013396927 0.13314073 0.002561084 0.0057516065 0.00046073576 0.00027233933 0.002674095 0.037426498 0.0028964505 0.00020940008 0.03833065 0.0003221676 0.011130359 0.17365031 0.0013016945 9.51573e-05 0.2752809 0.038199764 5.3691274e-05 0.0005270833 0.0002981098 2.760576e-05 6.918953e-05 0.02395763 8.559935e-06 0.0006990334 4.406687e-05 5.6196504e-06 0.55243933 0.07691725 0.0016550336 4.078606e-05 0.016552238 5.9281832e-05 0.097903766 0.00086544885 0.39984447 1.2438483e-06 3.6323167e-05 4.9718807e-07 1.8366642e-06 0.28270805 0.0927298 1.2681148e-06 1.0516592e-06 1.1669171e-06 0.027780762 1.7879977e-08 2.1534895e-08 0.005676721 2.4056997e-06 1.2786131e-06 0.019519538 0.00028314893 1.34843186e-08 0.04665445 8.252005e-08 0.062328458 2.3968438e-08 0.0011723568 2.896968e-05 0.13982573 7.4902275e-08 1.3200275e-06 5.3042677e-05 1.4804408e-11 9.3462135e-05 0.0004345757 2.3684906e-08 0.010732629 7.486425e-09 2.643189e-05 0.00031824544 2.2875119e-08 2.6938576e-08 8.9146615e-06 0.003103718 9.1966115e-07
0.37158114 2.7168533e-06 0.008966916 0.01917856 4.0134012e-07 0.04771652 6.762487e-05 1.5234056e-05 0.514739 1.7197605e-07 0.00026638652 2.4641153e-07 5.1550353e-05 0.33523828 0.026237594 0.938566 6.144253e-23 0.0014341874 2.714425e-07 0.7993707 3.2619562e-06 0.93105924 0.000855916 1.5926755e-05 1.1634419e-05 0.00018845782 2.6636379e-05 0.007553389 0.00078904163 0.022332234 0.40586644 3.9729343e-08 0.00019978543 0.0010993968 5.6191043e-06 0.20588024 0.034957703 0.028878279 2.2991958e-06 0.39356002 0.08529074 5.067622e-05 0.017539712 4.556078e-06 2.8725287e-06 1.4271512e-08 0.0609805 4.814008e-10 0.020726854 0.0035216466 1.1746251e-07 0.20153703 0.02385649 0.00035715106 9.60345e-09 0.016920637 2.2675856e-08 0.077294275 0.0071452186 0.17543106 2.5175883e-08 0.0010568013 4.839365e-05 4.754735e-08 0.06831242 0.017446412 1.728437e-07 8.31512e-09 0.0002337083 0.014119559 5.952891e-10 1.4012644e-05 0.0058498858 0.00021309743 8.085181e-05 0.008036589 0.00049160054 1.4440303e-06 0.008968332 2.4298026e-05 0.017252803 3.3882134e-07 0.00012431688 5.694339e-09 0.013989026 1.0916868e-05 1.73639e-06 1.2539059e-07 1.9234154e-11 3.708931e-05 0.0002753292 5.2476673e-07 0.0021359695 4.0826495e-07 5.7232953e-08 1.7229461e-06 5.6451865e-10 2.0711223e-05 1.7683528e-09 0.0032640742 1.3575906e-08
0.9331705 0.2520395 0.046484217 0.1036614 0.49715772 0.19362503 0.049635086 0.9317163 0.0060991547 0.042336293 0.007027308 0.01873736 0.011105516 0.0010220573 0.8449138 0.03690913 0.0014341874 5.303787e-18 0.0033103654 0.016498065 4.6616966e-05 0.002646679 7.278124e-05 1.3194743e-05 3.2467392e-06 8.758734e-06 3.9301194e-05 3.6714496e-06 4.1222406e-06 4.639819e-06 0.00032057238 1.957339e-06 2.4043327e-06 0.9089537 1.5985126e-05 0.00012089975 0.7164905 8.564131e-08 6.0492207e-06 0.019361638 0.0005196039 2.2094646e-06 2.0711103e-07 0.06556311 2.5204386e-07 1.5076617e-07 0.00010451882 0.070976466 4.8385107e-07 1.3530537e-08 9.967415e-09 0.36034137 0.49617088 0.4518203 1.7689095e-07 5.1433235e-05 1.3287429e-07 0.002501488 7.1979764e-07 0.028840024 3.2989578e-07 4.2416087e-07 1.6848503e-08 1.9762012e-07 0.012353815 0.5832408 4.5370663e-09 2.0819654e-08 2.8504626e-08 0.0002060803 6.146764e-11 1.1302853e-09 1.3708251e-05 6.542769e-08 9.7449e-09 0.58637834 2.7097127e-07 3.8177791e-10 0.0034802465 4.5093818e-09 0.0031957054 2.5730953e-09 0.15270808 2.0749841e-08 0.4672777 9.731131e-10 3.0653236e-08 0.043562036 5.936529e-14 6.737506e-08 0.050898068 8.656996e-10 0.21168123 7.5623113e-10 0.005423203 0.016793404 1.573837e-10 2.2559974e-09 0.016311495 7.0970076e-05 6.8571296e-08
0.00021303564 0.1497457 0.005137095 0.0019117076 0.51559246 0.002557746 0.3830235 0.0015822916 0.00037918525 0.98601705 0.025460115 0.8776045 0.16332622 0.0001797245 0.002894451 8.10595e-05 2.714425e-07 0.0033103654 2.136697e-13 0.00012262787 1.6846585e-05 2.590838e-06 2.0603913e-05 1.0396955e-06 0.0019901309 2.4735698e-06 0.020967117 2.165676e-06 9.312632e-06 6.933383e-06 6.3561642e-06 3.7598974e-07 3.26652e-06 0.0033972333 0.0016748572 1.5509519e-05 0.0003576915 1.9469414e-06 5.95153e-06 8.613548e-06 6.5515605e-06 1.9682875e-06 4.810344e-07 0.17253067 3.5152457e-06 3.883697e-06 2.519664e-06 0.00015988795 6.8978798e-06 1.8925128e-05 9.505303e-08 0.00029534707 0.00037832066 0.00590684 4.7568847e-06 1.20381965e-05 3.037488e-07 5.8353795e-05 1.0138144e-05 7.3034535e-05 4.6729024e-06 8.374973e-06 1.0073778e-06 4.064819e-06 1.7452843e-05 0.0009425951 2.4414339e-08 4.225798e-07 6.4778023e-06 1.00308835e-05 8.9705204e-10 3.441411e-08 6.8477e-06 8.206855e-06 5.5312494e-06 0.0033341232 5.3174435e-06 7.6128416e-08 2.2722263e-05 3.726433e-06 9.799018e-05 9.327008e-07 0.0016658076 1.1928251e-08 0.00094266713 1.0346263e-06 1.091895e-05 1.9984257e-06 9.6006925e-11 7.896242e-06 0.004773247 1.06326105e-07 0.0053008217 3.312713e-07 0.004557593 0.007055394 4.8834472e-08 3.5742007e-06 0.054124188 0.0002886234 3.7804384e-07
0.97515076 0.031605937 0.119301 0.21508512 0.023880437 0.09481466 0.049656652 0.03567321 0.54087836 0.0019925844 0.29132226 0.0014697448 0.041535918 0.58464575 0.04869702 0.9006187 0.7993707 0.016498065 0.00012262787 1.6731451e-16 0.29697818 0.91346616 0.09876962 0.059725776 0.06936693 0.030643942 0.0010174509 0.00425442 0.002308207 0.01079741 0.10185547 0.01648674 0.0018501781 0.015812688 0.00070073747 0.038505416 0.10479198 0.0053351466 0.0010403591 0.38076365 0.10500427 0.00031591373 0.0019379791 0.00033145476 0.00027256124 0.0006098631 0.040990554 2.1447391e-05 0.0017773698 7.787866e-05 2.5082312e-05 0.56755614 0.052940167 0.0013488713 0.0011662408 0.019030087 0.00026091048 0.23501143 0.00045838792 0.61436945 1.681668e-05 3.8429906e-05 3.445212e-07 2.4172527e-05 0.44064817 0.0834501 2.5000425e-05 4.527245e-06 1.6242113e-06 0.033801433 2.8145681e-08 1.1058802e-07 0.004001865 3.2081089e-06 2.2668164e-06 0.027963268 7.1228416e-05 2.3394106e-08 0.0732882 8.4460034e-08 0.03607763 6.795389e-08 0.001198936 7.926229e-05 0.18904996 4.8940024e-08 8.688447e-05 6.732956e-05 1.8890513e-10 8.364772e-06 0.00070295564 4.2585576e-08 0.012576526 4.109302e-09 4.4058714e-05 0.0004553268 1.3276853e-07 1.3725013e-08 2.0031894e-05 0.0010445431 1.60597e-06
0.18964073 0.00043883602 0.0069427886 0.0036118487 1.3114267e-05 0.0033044245 0.067624226 1.1369987e-06 0.42991716 7.595839e-05 0.8471827 0.00039827527 0.14956485 0.8232772 0.0008880258 0.16859059 3.2619562e-06 4.6616966e-05 1.6846585e-05 0.29697818 2.4765725e-15 0.29869157 0.6841286 0.7705835 0.94744474 0.47668877 0.070170194 0.04673014 0.05208132 0.017897919 0.18382901 0.22962366 0.021798417 7.164659e-05 0.01212565 0.047601905 0.0005348916 0.023157919 0.030504247 0.13166782 0.12981392 0.008206887 0.0022600677 2.6472708e-05 0.10631256 0.024773473 0.047130696 1.441491e-09 0.001518044 0.01080478 1.9706325e-05 0.03656789 0.00023772578 1.6970767e-05 0.00094064476 0.00038610442 0.0008013197 0.014725045 0.00017366713 0.023420323 0.0011524505 0.00014711317 4.4291686e-05 0.00022695679 0.0044845915 0.0010100136 1.06702355e-05 5.3982487e-05 0.00031479585 0.0012838367 1.5339998e-09 3.8015343e-05 2.7295204e-05 0.00012809884 7.222408e-05 0.00016821566 2.491809e-05 1.7626822e-05 0.0006919818 3.5719535e-05 0.0007707363 1.3096707e-05 3.688168e-06 2.8462186e-05 0.0029002496 2.1562611e-05 0.0001107711 1.445074e-07 1.8011439e-09 1.5040586e-05 7.4403026e-05 8.953163e-06 0.00024316563 2.9053098e-07 4.7278313e-06 0.0001365807 8.1451054e-07 3.2979483e-07 3.8924045e-07 0.0012940251 1.7928549e-05
0.9578022 0.003943409 0.036997117 0.12032229 0.002636349 0.012345189 0.012465726 0.0058638523 0.364539 0.00014277353 0.15110104 9.05303e-05 0.013002109 0.751211 0.004389317 0.7422938 0.93105924 0.002646679 2.590838e-06 0.91346616 0.29869157 2.7962235e-17 0.14401847 0.096382886 0.11956542 0.11354184 0.0003922283 0.038092643 0.025081558 0.05079123 0.51112425 0.061422475 0.008757127 0.0022732602 0.0002445223 0.24861999 0.023484368 0.06014536 0.011250316 0.78337336 0.32963553 0.003627607 0.028313303 1.9398569e-05 0.0011717213 0.004961101 0.20709847 1.3520812e-06 0.039061897 0.0027733105 0.0009381511 0.40818918 0.018926844 0.00047683742 0.0037091838 0.11323911 0.0008079767 0.44276363 0.010616492 0.63199687 0.0001037468 0.0011733371 1.6938282e-05 0.00012880849 0.58672166 0.022752037 2.7238593e-05 2.4581983e-05 5.3462976e-05 0.094935924 8.179452e-08 1.3800352e-06 0.05048624 7.6986835e-05 1.987409e-05 0.010934817 0.00041446905 1.965248e-07 0.24020374 2.7172393e-06 0.101890475 7.3682e-07 0.00045648328 0.00020595772 0.13292864 9.4693706e-07 1.2042238e-05 6.9185344e-06 1.5310818e-10 2.7144773e-05 0.000110061796 3.1833966e-07 0.003880889 1.457869e-08 4.924806e-06 0.00010956873 1.9397133e-08 7.744962e-08 8.9645255e-08 0.0025022335 2.7877209e-06
0.2099498 0.00025078666 0.0013177107 0.007030304 2.1734919e-05 0.0005453424 0.006221039 6.1641935e-05 0.10507786 5.788207e-05 0.364533 1.3286773e-05 0.014604868 0.82471263 0.00060671486 0.039850067 0.000855916 7.278124e-05 2.0603913e-05 0.09876962 0.6841286 0.14401847 2.4164427e-17 0.9900883 0.25101936 0.7211603 0.001482578 0.08171564 0.093087435 0.06394689 0.12176258 0.21351792 0.04683619 7.7820005e-05 0.0010824035 0.038415186 0.00052542664 0.031325273 0.055854406 0.029042099 0.040288597 0.014463689 0.013591771 6.3045654e-06 0.006111827 0.016245857 0.022642983 9.675757e-10 0.007605756 0.010623693 0.0019729005 0.004983683 0.0001373168 2.7345906e-05 0.0055391286 0.0014605515 0.001662413 0.010567666 0.0005242201 0.0111698415 0.002367388 0.0003501481 0.00040153565 0.0004951546 0.0035139776 0.00032894095 8.7400054e-05 0.00052076776 0.0004660232 0.004986488 1.2632258e-07 3.2502667e-05 0.00021213247 0.00017827009 4.4411343e-05 0.00029768734 0.000100397505 1.998442e-05 0.00083692087 5.4197644e-05 0.0009396778 0.00016901839 7.9277515e-06 0.00035861542 0.0015019287 2.4317615e-05 0.00011872257 9.536569e-09 4.30115e-09 3.3238557e-05 0.0003232722 5.205224e-06 9.68688e-05 4.6050621e-07 2.1186064e-05 0.0006531626 1.0998403e-06 7.583151e-07 4.6703155e-07 0.00056498114 1.4350692e-05
0.16528337 2.9831044e-05 0.00024646267 0.002063283 4.163425e-06 0.0001878198 0.002790167 2.5618701e-06 0.049276907 5.7183333e-05 0.22281873 1.6941232e-06 0.0063826586 0.6278471 0.00015871298 0.013396927 1.5926755e-05 1.3194743e-05 1.0396955e-06 0.059725776 0.7705835 0.096382886 0.9900883 5.3919384e-17 0.32959265 0.6048931 0.0011743072 0.040786814 0.045477144 0.016966164 0.09698744 0.34028074 0.023364278 9.118976e-06 0.0009704096 0.025063165 6.334371e-05 0.019210743 0.026332129 0.04512234 0.060557365 0.007936838 0.0054235677 1.2659689e-06 0.01381947 0.02326719 0.031108819 5.635235e-10 0.006169587 0.019141002 0.0007084325 0.0033227813 5.2275984e-05 9.942614e-06 0.0013143434 0.0035410314 0.0009733208 0.013998214 0.0010140649 0.014413037 0.0010075398 0.0006416708 0.00041002044 0.00012614412 0.0030448593 9.163817e-05 2.6721867e-05 0.0002600626 0.00028536862 0.0039453683 9.93297e-09 1.796252e-05 0.00048453014 0.000120400626 9.6643176e-05 8.888908e-05 0.00059071864 2.624043e-05 0.0008198223 3.9112525e-05 0.0014076225 0.00032859575 2.2088134e-06 0.0002574275 0.00062048103 3.7485228e-05 3.7547125e-05 2.1833879e-08 6.386849e-10 0.0001753159 1.0216665e-05 3.2223027e-06 0.00013310825 8.189986e-07 3.2405435e-06 2.9539311e-05 4.0419405e-07 3.0970648e-06 4.2215984e-08 0.0025536928 6.8839286e-06
0.006718338 0.007959613 0.041774195 0.0026208444 2.1055681e-05 0.0103318095 0.27810115 6.8338695e-06 0.5326885 6.956926e-05 0.8659234 0.017013881 0.40007338 0.5796464 0.00056626246 0.13314073 1.1634419e-05 3.2467392e-06 0.0019901309 0.06936693 0.94744474 0.11956542 0.25101936 0.32959265 8.1137e-18 0.14020364 0.77627283 0.014737549 0.01794771 0.007742549 0.039734244 0.1568493 0.0035325298 1.2206897e-06 0.26103887 0.003232042 0.00015933038 0.0037504202 0.0028629526 0.0123011945 0.008513897 0.0019490658 6.690142e-05 2.1559763e-06 0.8648332 0.08267304 0.0024248317 4.1972154e-08 0.00011447399 0.004122638 1.0428967e-05 0.022804134 3.5303456e-05 2.3738424e-07 9.7958415e-05 8.660936e-06 2.9445793e-05 0.0016935166 5.930674e-06 0.004643649 0.0021985578 1.6335161e-06 3.7161622e-06 0.00021055531 0.0014857168 0.0005000527 5.3392988e-08 1.3048894e-05 9.729547e-06 3.113378e-05 4.1334914e-08 5.020392e-08 7.655092e-07 6.641678e-06 3.5051877e-07 0.00028128806 6.0100695e-07 1.252493e-07 0.00047495056 4.277209e-07 0.0001729076 2.810794e-06 4.4858524e-08 1.0645257e-06 0.013165062 6.064441e-08 3.1984844e-05 1.967215e-07 5.3865534e-09 6.550058e-07 2.4622645e-05 2.2255046e-08 3.8598755e-05 2.3670047e-08 6.4721094e-06 0.00014600146 1.5862733e-08 2.2919045e-07 3.6291742e-06 0.00011268011 2.1947083e-07
0.64876467 5.1989978e-06 0.0002464307 0.0016529388 5.1641825e-07 3.1852218e-05 0.00069540064 2.7587574e-05 0.009555562 2.0733572e-05 0.07998555 1.5232785e-06 0.0014828531 0.4653334 7.389468e-05 0.002561084 0.00018845782 8.758734e-06 2.4735698e-06 0.030643942 0.47668877 0.11354184 0.7211603 0.6048931 0.14020364 1.10513494e-16 0.0002704796 0.5838422 0.9408346 0.2622383 0.30634695 0.74171305 0.70855117 2.9529987e-05 0.00032680156 0.14471325 0.00017951344 0.15207963 0.790163 0.07088561 0.17090252 0.19581261 0.021113921 5.955024e-07 0.0090761 0.13238876 0.19238201 2.5142938e-10 0.017266687 0.12762761 0.18072203 0.012045777 0.00017821332 8.479231e-06 0.032187313 0.009661365 0.009448957 0.02418098 0.006006025 0.010177005 0.019712064 0.003030927 0.0005710002 0.0022491857 0.005117529 0.0007439853 4.8721042e-05 0.004164416 0.0010481423 0.03285875 4.1668508e-07 7.819316e-05 0.0028427665 0.00039795385 0.00024909718 0.00021831635 0.001977345 3.9220246e-05 0.0022703551 6.719934e-05 0.007433307 3.0657964e-05 4.390124e-06 0.0011474792 0.0012111348 7.035677e-05 0.00028639808 2.2833416e-07 5.301546e-09 0.00030869214 1.3839344e-05 3.899987e-06 6.0183636e-05 4.0836892e-07 4.4517933e-06 3.7834394e-05 7.081032e-07 6.0408235e-07 1.051796e-07 0.0019474224 4.2643733e-06
2.8173334e-05 0.008029545 0.011167801 0.0021821696 0.0013219797 0.0066126036 0.16211878 1.0853202e-05 0.034752417 0.0017715477 0.32044765 0.045590077 0.3402414 0.013950097 0.0014886006 0.0057516065 2.6636379e-05 3.9301194e-05 0.020967117 0.0010174509 0.070170194 0.0003922283 0.001482578 0.0011743072 0.77627283 0.0002704796 2.9483491e-15 3.2973006e-05 6.0070848e-05 1.7784194e-05 4.2356027e-05 0.00072750216 9.22828e-06 0.00021253625 0.9445272 1.7788841e-05 0.0011268957 1.8914212e-05 4.17916e-05 5.3208452e-05 4.596248e-05 1.9940633e-05 2.5311424e-06 0.00029265234 0.43025556 0.0021661988 2.439343e-05 2.0916495e-06 7.784498e-06 0.00020686163 9.413586e-06 0.0014550975 0.0005686629 2.6682193e-05 1.5498457e-05 7.759972e-06 2.6460782e-06 0.00013454955 1.0116558e-05 0.0017095016 6.631065e-06 2.5126821e-05 5.490697e-06 1.1889745e-05 0.0013967076 0.002336156 3.1148892e-07 3.990034e-07 1.9879606e-05 6.079442e-05 2.1389523e-07 2.8531755e-07 3.0241403e-05 3.320089e-05 1.8892399e-05 0.0039057694 2.2731063e-05 1.6086977e-07 0.0013435459 7.967871e-06 0.0014182967 3.840047e-06 2.4438311e-06 2.7291793e-07 0.004351271 1.129019e-06 0.00040256878 7.0810015e-06 5.3863303e-08 1.1583668e-05 0.00042748873 8.192923e-09 0.00196663 3.9737074e-08 3.3566183e-05 0.00021564224 4.3379966e-08 6.956878e-07 0.00011462509 0.002561977 1.3300711e-06
0.83457935 3.82116e-06 0.00018200472 0.0021760648 4.2122429e-07 1.3188742e-05 0.0001578711 0.00016046567 0.0021855417 2.1778407e-05 0.015783558 1.6043169e-06 0.00041412847 0.068236455 1.8642935e-05 0.00046073576 0.007553389 3.6714496e-06 2.165676e-06 0.00425442 0.04673014 0.038092643 0.08171564 0.040786814 0.014737549 0.5838422 3.2973006e-05 4.4050382e-17 0.6171564 0.98312265 0.26740137 0.20054829 0.51933223 1.9336019e-06 3.490344e-05 0.14622997 0.00014556047 0.45777673 0.15741175 0.07016373 0.23385859 0.18074551 0.05861699 7.012458e-07 0.0012269057 0.026736507 0.34195927 1.9270565e-09 0.059645467 0.16176713 0.13568757 0.0038160987 3.620996e-05 4.83427e-06 0.016779661 0.034444243 0.016099004 0.04654268 0.01365632 0.025177239 0.008432682 0.005768831 0.00083037774 0.0012541505 0.023781914 0.0002958057 0.0003486912 0.0037755854 0.00052534015 0.09894729 0.00025227174 0.00012586161 0.015886996 0.00014962736 0.00020752932 0.00020381114 0.004603067 2.2277187e-05 0.013167516 2.8305782e-05 0.03170854 5.8842543e-05 7.652446e-06 0.0015634584 0.0010229393 3.1516905e-05 0.00014700505 2.3645065e-07 2.2042974e-08 0.00085108564 1.4449445e-05 6.184181e-06 0.000101703285 8.488321e-07 9.3447784e-07 5.884779e-06 5.787908e-07 7.465303e-06 2.7796029e-08 0.00501704 4.273998e-06
0.48441234 3.5227697e-06 9.417074e-05 0.0017966873 5.174293e-07 1.8692606e-05 8.2237355e-05 4.347471e-05 0.0022856896 5.4228203e-05 0.013306777 7.768245e-07 0.00035586298 0.0746102 2.1067492e-05 0.00027233933 0.00078904163 4.1222406e-06 9.312632e-06 0.002308207 0.05208132 0.025081558 0.093087435 0.045477144 0.01794771 0.9408346 6.0070848e-05 0.6171564 1.8351526e-16 0.5427782 0.19099478 0.33120832 0.9646762 6.8860754e-06 0.00010054017 0.112178534 0.00011985073 0.3469509 0.69057846 0.031607676 0.10873265 0.33898047 0.061628044 3.6846606e-07 0.0014103382 0.053997286 0.16289717 2.6161381e-10 0.05318422 0.19225489 0.2819296 0.0019093442 8.995077e-05 8.6523505e-06 0.061249044 0.018954279 0.0336407 0.018956438 0.01351995 0.0068628252 0.017293649 0.006854244 0.0022219412 0.0025077497 0.0052063465 0.00037433874 0.0003500264 0.0098153865 0.0011825459 0.05627782 0.00022642864 0.00016643213 0.009053791 0.00031665392 0.00054418953 0.0002479491 0.0039182636 7.401838e-05 0.0035973073 6.5485474e-05 0.009338869 0.00032228377 6.684335e-06 0.0026777545 0.0005427958 0.00010960907 0.00047358236 6.791593e-08 1.602718e-07 0.0012793744 2.1210972e-05 3.832673e-05 6.227121e-05 4.666329e-06 8.171695e-06 2.65876e-05 2.4692968e-06 5.5167653e-05 9.3220045e-08 0.0037378422 2.3238867e-05
0.620441 6.3507114e-06 0.00056245975 0.004002839 1.7010376e-06 1.3688003e-05 0.00012941577 0.0002695346 0.004757219 3.0394931e-05 0.005675075 3.0911824e-07 0.0002480993 0.104984105 3.0577838e-05 0.002674095 0.022332234 4.639819e-06 6.933383e-06 0.01079741 0.017897919 0.05079123 0.06394689 0.016966164 0.007742549 0.2622383 1.7784194e-05 0.98312265 0.5427782 2.448531e-16 0.2342984 0.081858076 0.70704234 3.9700712e-06 0.00012180871 0.28298214 0.0003846309 0.7084001 0.20676516 0.03836758 0.094959326 0.32373413 0.32581833 2.9475812e-06 0.00021936068 0.0126359705 0.19125554 6.95331e-09 0.2834247 0.50815785 0.37209976 0.002746907 9.25319e-05 3.432741e-06 0.059979025 0.048538536 0.09455146 0.036211822 0.049823925 0.027645065 0.009442755 0.04304211 0.022420723 0.0013358354 0.02130632 0.00023480297 0.018451374 0.0075830244 0.014945411 0.09230857 0.004795943 0.0038857183 0.033732478 0.0039021769 0.0021764438 0.0009777613 0.00946598 0.0004491191 0.00973016 0.0006680716 0.014470876 0.0031341596 1.1264158e-05 0.0071772416 0.0007748288 0.00043033133 0.0002731115 9.721736e-08 1.0004768e-06 0.0021813852 4.2172716e-05 0.0004432222 2.4808189e-05 3.6789625e-05 3.1959096e-06 2.3642766e-05 2.5817355e-05 0.0001344163 2.4081535e-08 0.01184536 0.00022809031
0.67447525 0.00026475397 0.0107399095 0.015391187 2.8033803e-05 0.0005792981 0.001848383 0.0039502494 0.052686557 3.058711e-05 0.053090002 1.0329556e-05 0.0022209296 0.17012984 0.001003464 0.037426498 0.40586644 0.00032057238 6.3561642e-06 0.10185547 0.18382901 0.51112425 0.12176258 0.09698744 0.039734244 0.30634695 4.2356027e-05 0.26740137 0.19099478 0.2342984 1.5527576e-16 0.107941024 0.1104587 5.9220918e-05 0.00027936243 0.98116744 0.0031932488 0.36608753 0.044734266 0.4748586 0.6496311 0.085216954 0.10479485 2.1006323e-05 0.0004019513 0.018372232 0.59616506 1.9191683e-07 0.14734507 0.03905385 0.05553571 0.020600574 0.00097407436 5.3816093e-05 0.036782596 0.07232534 0.021288618 0.18060654 0.01859121 0.077752 0.006723061 0.00620624 0.00080638163 0.0008065489 0.090336 0.002470067 0.00089744455 0.0015351797 0.000489564 0.0629487 0.00014045712 0.000114366616 0.025967212 0.00024343455 0.00039062087 0.0016260062 0.004182049 3.022644e-05 0.06945717 2.9266532e-05 0.085085295 6.554339e-05 0.00013937033 0.0020169523 0.010828087 4.3676922e-05 0.000108702276 1.9378414e-05 8.3544185e-09 0.0006120746 0.00011009739 6.102843e-06 0.0008731192 4.396036e-06 3.7325628e-07 1.29155305e-05 7.6519393e-07 1.1063675e-05 2.4848822e-07 0.006608969 1.5817483e-05
