2.6966678e-28 0.923888 0.8721293 0.7727522 0.38284042 0.936255 0.41982195 0.5429728 0.91458505 0.96049154 0.89697987 0.9583197 0.87432104 0.6180051 0.2632284 0.844636 0.16239516 0.037540864 0.93527275 0.9786994 0.7092468 0.018939266 0.22574334 0.02092384 0.026615141 0.22226684 0.12615092 0.8232446 0.9648369 0.36366767 0.97232205 0.6776865 0.979806 0.1581272 0.5089999 0.9930394 0.22345482 0.006775853 0.012768786 0.9730423 0.0041997307 0.7606021 0.33455357 0.96532136 0.8759628 0.14972903 0.9650622 0.29613033 0.047288116 0.6198991 0.022478003 0.0056468863 0.89971966 0.9801704 0.9986027 0.9837696 0.02948908 0.59018725 0.000884951 0.6944108 0.9997078 0.029544836 0.9950724 0.00014123254 0.99837583 0.04995154 0.0047689565 0.002414252 0.05142618 0.066715635 0.0003592689 0.99970454 0.6107177 0.30646896 0.050195966 0.025635617 0.9983041 2.8336734e-05 4.703082e-05 0.0017712731 9.535415e-05 0.98738647 0.00032900024 0.82753307 0.011187928 0.99602824 0.9986118 1.0087396e-05 5.086108e-05 0.00038056495 0.16770574 0.16628237 7.125308e-05 9.427367e-06 0.00024880466 7.5534895e-06 0.9828583 0.9456006 3.7884597e-06 0.71369165 0.98219407
0.923888 2.251674e-19 0.5981763 0.24370845 0.79169375 0.8137935 0.3845254 0.45382035 0.49401337 0.5256833 0.026008105 0.39243606 0.29595572 0.023149693 0.043447692 0.13703094 0.099559344 0.1318098 0.032198895 0.507644 0.4875005 0.067250006 0.31545842 0.054925032 0.24326217 0.04516346 0.26797128 0.0016702131 0.0012674276 0.001660054 0.41476607 0.00028752864 0.2778962 0.009857153 0.026257655 0.04407772 2.5052908e-05 0.065410234 0.018911125 0.083242685 0.11679845 0.0003349128 0.0027550373 0.0005730407 0.00045294952 0.026313996 0.005055497 9.433064e-07 5.4250154e-06 8.229808e-05 0.0002856496 0.13851339 0.0071679354 0.04075642 0.3375186 0.035269175 0.0017199412 0.00026899608 0.0011046671 0.00013414673 0.05938854 0.00028493078 0.13367294 0.013985798 0.007944953 0.00022946463 0.0097053405 0.00029059433 5.25002e-07 1.42471645e-05 4.403849e-06 0.03111062 0.00022498946 7.074235e-05 5.1506245e-06 0.00015697333 0.01816155 0.00060631003 0.007091639 1.7620858e-05 0.005481113 0.002365719 8.6201595e-05 0.0011225463 0.00012493825 0.031988174 0.058464676 0.058130838 0.000121511 1.7892336e-05 1.0210879e-05 0.00011186648 0.00019940245 0.0027624522 7.4013406e-06 5.254138e-05 0.0010197397 5.3625357e-05 2.1080938e-05 0.00037804243 0.00031063028
0.8721293 0.5981763 6.368096e-20 0.8359135 0.17580085 0.43761784 0.8691062 0.11030041 0.6189729 0.14578596 0.21457745 0.07814501 0.07678388 0.07805511 0.17869638 0.1708899 0.15738472 0.12907968 0.107861124 0.4218257 0.14012937 0.09960783 0.1251304 0.07543132 0.14123592 0.1060993 0.025142975 0.0068651424 0.0044469605 0.0055919318 0.22257425 0.0016245251 0.27598897 0.040857077 0.0018910633 0.10143201 0.00025744445 0.084734984 0.058291554 0.008989518 0.011384369 0.00046205652 6.802564e-05 0.0012086207 5.730346e-06 0.0017656301 0.00060341915 7.649003e-06 3.154081e-05 0.00032108545 0.0010549596 0.07012772 0.00081023603 0.01929417 0.2669498 0.0040592668 0.00011439432 2.6381422e-05 0.00980502 1.8434668e-05 0.090390466 3.5600577e-05 0.012098292 0.016289063 0.005260925 3.6309415e-05 0.00022988867 0.00095405366 2.1903395e-06 8.011645e-06 3.227899e-05 0.05470303 1.8762958e-05 2.3249297e-06 3.6402873e-06 2.3498047e-05 0.0023159087 0.0027639242 0.0022163298 0.00012156675 0.00041657026 0.00064593734 2.101093e-05 0.0001674806 1.519472e-05 0.0074262465 0.02550576 0.01008617 1.551153e-05 7.85645e-05 3.6505793e-07 1.25313245e-05 4.1893076e-05 0.002772726 1.8779559e-06 0.0004906598 7.2347066e-05 1.6242167e-05 3.912597e-06 5.5591718e-06 0.00020269211
0.7727522 0.24370845 0.8359135 4.1312198e-20 0.04802153 0.17877513 0.7206107 0.03674126 0.442634 0.05616349 0.5669757 0.023442976 0.028063342 0.24982217 0.4353583 0.16763066 0.23268636 0.08796994 0.14824735 0.23432203 0.071162336 0.08958034 0.06230317 0.11103346 0.079901636 0.21248934 0.007032165 0.03645526 0.019618843 0.04484586 0.07714158 0.008936295 0.23637886 0.13537967 0.00048222754 0.16210502 0.00328826 0.0513933 0.09357295 0.0009394438 0.002706552 0.0023097936 2.1933356e-05 0.0049814354 1.7026102e-06 0.0006943864 0.000101329584 0.00026674624 0.0009728207 0.0020088304 0.00553251 0.036522202 0.00041446532 0.013971794 0.1653814 0.0008764207 0.00015115814 1.3312901e-05 0.019207915 7.4369154e-06 0.10359818 1.6393788e-05 0.0026846917 0.013159452 0.018698964 3.4018998e-05 6.593938e-05 0.002984567 4.52951e-05 0.00027835823 0.00043198638 0.07366916 8.453266e-06 1.9015212e-06 0.00027142506 3.6215282e-05 0.0006214689 0.0032973115 0.0010651291 0.0006800122 0.00020784265 0.00016229309 2.2120186e-05 4.935839e-05 2.7371687e-05 0.0034614454 0.010877913 0.0027656024 1.0349741e-05 0.00029848077 2.6006444e-07 0.0005177682 1.3667901e-05 0.0030190498 2.892958e-06 0.0011851375 3.0686715e-05 0.0004690091 1.7831244e-06 1.6728601e-06 7.210901e-05
0.38284042 0.79169375 0.17580085 0.04802153 2.4592886e-22 0.17441007 0.18353797 0.84492093 0.10935263 0.0841386 0.0083020115 0.084109016 0.07180234 0.005974989 0.012919085 0.021070644 0.06174112 0.21073122 0.005935696 0.07470144 0.20038605 0.07584343 0.49557662 0.04594546 0.41926116 0.015150098 0.061796654 0.00069171685 0.00048436775 0.0004090606 0.04841287 8.471137e-05 0.051779605 0.0041218307 0.0046407073 0.005548632 1.5916748e-05 0.12775303 0.019017223 0.009384151 0.053079706 8.835385e-05 0.0008182473 9.447145e-05 5.4630378e-05 0.010285986 0.0011767084 7.983551e-07 2.3269106e-06 2.0461343e-05 9.6421216e-05 0.24243452 0.0008707734 0.0008529171 0.03616826 0.0015727736 0.00060397614 9.715727e-05 0.0031120938 7.612954e-05 0.005825793 2.9614652e-05 0.0077441023 0.019286882 0.0032591221 2.0900454e-05 0.0061419047 0.00018488076 4.973171e-07 5.607028e-06 2.7894284e-06 0.0032701716 0.00011799679 1.7717746e-05 4.467832e-06 1.737002e-05 0.0016123549 0.00072477135 0.012064459 1.3868333e-05 0.005461205 0.00063333503 4.6304063e-05 0.0005371237 1.5434136e-05 0.002302909 0.0039192056 0.06303618 0.00010006228 3.3064072e-05 2.5349132e-06 3.350414e-05 0.00017697371 0.0054468075 2.3789178e-06 0.00011420052 0.00035412825 5.7148394e-05 8.995691e-06 0.0001085937 3.4212127e-07
0.936255 0.8137935 0.43761784 0.17877513 0.17441007 1.0403513e-15 0.1213148 0.16565779 0.51307297 0.58441806 0.021955859 0.3984049 0.24879768 0.018467346 0.019990275 0.14601137 0.036052153 0.046695102 0.047614794 0.8376445 0.36614984 0.025513785 0.120308444 0.020913571 0.067881465 0.018046105 0.13239947 0.002706867 0.0029864449 0.0018520858 0.5132679 0.00032332705 0.29433528 0.0032316197 0.026557641 0.06618046 6.5555265e-05 0.018487642 0.006702052 0.12243631 0.09490756 0.0008190233 0.005724814 0.0013595511 0.0017018758 0.017397981 0.011266275 4.4645243e-05 1.20105715e-05 0.00026885324 0.0004688293 0.033498596 0.016898207 0.15227479 0.36837468 0.064875916 0.0020634916 0.0011228048 0.0006450865 0.00067505083 0.083126806 0.00046730047 0.24096921 0.0047981623 0.00811925 0.00046554502 0.003989196 0.0004121616 4.896552e-06 0.00012716731 4.0600776e-06 0.13025872 0.0015153419 0.00037160792 6.70661e-05 0.00024429036 0.08399645 0.00019167806 0.0030657498 0.00015018578 0.0027693752 0.0057592825 0.00022312044 0.0047388254 0.00020079242 0.12541051 0.15278976 0.0047309618 0.0003038643 7.790087e-05 7.9170495e-05 0.00013830709 0.00043426853 0.0019252851 1.6430036e-05 7.856301e-05 0.004401301 0.00019600848 1.8015891e-05 0.0012840921 0.010906993
0.41982195 0.3845254 0.8691062 0.7206107 0.18353797 0.1213148 8.90221e-20 0.09951053 0.16770153 0.060662072 0.22994527 0.046260677 0.040409528 0.46380937 0.64555204 0.03151382 0.7097568 0.5589102 0.038601663 0.0659652 0.13359126 0.52685416 0.22494097 0.54260546 0.4586638 0.5863027 0.00500578 0.008348534 0.004033397 0.031327013 0.023464588 0.008415914 0.078039296 0.40028027 0.0012551424 0.029213253 0.002729652 0.24672058 0.28418812 0.0004981687 0.0019102676 0.0008838853 9.010455e-05 0.0010778535 4.4390745e-06 0.001677878 0.00021479806 7.325308e-05 0.00023678632 0.00084880827 0.003144289 0.19097601 0.00016489191 0.00046289692 0.03673935 0.00028325155 0.00021875379 3.1757918e-05 0.041960284 1.2493282e-05 0.02148969 1.2099832e-05 0.0009748108 0.05182834 0.004952472 7.3517695e-05 0.00011294369 0.0017568078 3.3666959e-06 5.72361e-05 0.000118806725 0.006153443 1.01810765e-05 2.8011605e-06 2.5873725e-05 3.4463294e-05 0.00023434393 0.008483406 0.0045398804 0.001002527 0.00081130106 0.00017594417 3.388146e-05 5.147224e-05 3.9435607e-05 0.000562921 0.0018290399 0.033145513 2.3012832e-05 6.115384e-05 2.6920048e-07 2.3968569e-05 3.3669803e-05 0.011203179 1.6177327e-06 0.00079976144 2.8021479e-05 0.000167212 2.0421446e-06 1.156931e-06 1.0040611e-06
0.5429728 0.45382035 0.11030041 0.03674126 0.84492093 0.16565779 0.09951053 4.8249872e-20 0.06393915 0.16491692 0.0033381465 0.18877362 0.1744877 0.0056543797 0.009392934 0.009993906 0.04489255 0.17443958 0.0025635445 0.075599805 0.5125535 0.06050955 0.7720236 0.043022018 0.44499367 0.016442243 0.13313092 0.00025704113 0.00018335333 0.00033528224 0.06439736 6.6980836e-05 0.038921967 0.002705059 0.018567072 0.004484703 1.5089276e-05 0.16828753 0.016552435 0.019683613 0.18672477 1.982633e-05 0.0036103933 2.9762361e-05 0.00033364943 0.04983438 0.003076302 7.515553e-07 1.7435217e-06 1.1337142e-05 6.533414e-05 0.451192 0.0019850594 0.001751726 0.03383259 0.00490482 0.0066113486 0.00029325834 0.0019903975 0.0003135889 0.0050476203 0.00035996732 0.019887103 0.02036626 0.002625003 0.00015108463 0.046479035 0.0001938772 4.2568908e-07 9.070517e-06 5.0995977e-06 0.0036605627 0.00025215893 4.7201567e-05 5.402953e-06 8.3038365e-05 0.0046437373 0.00057861593 0.024991417 1.1990862e-05 0.015869075 0.0013251257 0.00035115902 0.0007863107 7.27086e-05 0.0037433272 0.0055380645 0.059390794 0.0011287398 1.9508472e-05 5.7539373e-06 9.731449e-06 0.0017869403 0.0055228113 8.385409e-06 0.00013257211 0.0005133929 4.132406e-05 0.00014621827 0.00014478047 2.593347e-06
0.91458505 0.49401337 0.6189729 0.442634 0.10935263 0.51307297 0.16770153 0.06393915 1.3021275e-16 0.14134523 0.34151283 0.12503906 0.08187816 0.12434701 0.13708737 0.6148632 0.12180115 0.0631538 0.41167745 0.5280045 0.13763255 0.05049139 0.059418328 0.05446766 0.051144905 0.11896442 0.010958985 0.030467214 0.0271935 0.016804803 0.17702122 0.008297829 0.51624894 0.07336579 0.0017691588 0.2573524 0.0015242783 0.031966683 0.03538157 0.005827735 0.0029798571 0.0035708959 0.00012888406 0.0053910282 1.9733294e-05 0.0006850747 0.00019000766 0.00050057226 0.00031707305 0.002337045 0.0024547896 0.016169207 0.00027938615 0.111554764 0.38982728 0.0043016067 0.00012484369 2.1758728e-05 0.0043250085 6.1082874e-06 0.21762311 3.1701606e-05 0.040373012 0.0069619603 0.022890901 1.8524248e-05 5.0139257e-05 0.0016126458 4.598374e-05 0.00046177788 3.508362e-05 0.20274158 1.9739713e-05 7.054051e-07 0.0005344333 1.5890466e-05 0.011494955 0.0010687895 0.0003860446 0.0015035366 0.00012117749 0.00052994565 2.6960128e-05 0.00015609704 7.115974e-06 0.042748168 0.079661325 0.00049941737 1.0256388e-05 7.0870454e-05 9.795934e-07 0.00027645688 3.237697e-05 0.0017475379 2.7015524e-06 0.00027585297 0.000222219 0.00057999074 1.3615452e-06 4.1873923e-06 0.011687539
0.96049154 0.5256833 0.14578596 0.05616349 0.0841386 0.58441806 0.060662072 0.16491692 0.14134523 5.7533045e-16 0.0011872913 0.7782158 0.5261998 0.002377895 0.0033959972 0.07921384 0.0140703935 0.027703641 0.012511675 0.45933613 0.51637053 0.009412501 0.14074226 0.0072129583 0.043864433 0.0032869212 0.45518762 0.0001425167 0.0002347555 0.00017555564 0.5302895 2.8616316e-05 0.1608598 0.00031634513 0.13341476 0.027597873 1.0680204e-05 0.0066587552 0.00089845667 0.42493948 0.13548875 0.0001342842 0.045997836 0.00023329543 0.037544496 0.06888487 0.1114842 2.1388698e-06 4.389057e-06 8.775685e-05 0.00012727286 0.02801362 0.114845075 0.06577862 0.3303971 0.24299517 0.018817583 0.0055200364 9.106039e-05 0.0025604623 0.031118853 0.0055991113 0.4236716 0.0007479096 0.0019740823 0.002091506 0.026251402 0.00031351382 5.8531223e-06 1.1291756e-05 3.1870906e-07 0.040574644 0.0038921027 0.0012395327 4.9438777e-06 0.0013172704 0.22324888 6.320504e-05 0.0025630372 1.585955e-05 0.005067306 0.028567763 0.002024307 0.018168712 0.0010217552 0.20494916 0.19323283 0.0007344646 0.0020309584 3.0191779e-05 0.0006952667 3.57909e-05 0.0017860816 0.00041190677 0.0005531672 1.874611e-05 0.01423909 2.22981e-05 0.00024173346 0.007664816 0.0008157785
0.89697987 0.026008105 0.21457745 0.5669757 0.0083020115 0.021955859 0.22994527 0.0033381465 0.34151283 0.0011872913 1.9023603e-18 0.0004070066 0.0005780478 0.65918726 0.62897277 0.20595284 0.19039778 0.021886086 0.28401443 0.058206137 0.003199612 0.038039036 0.006095997 0.07112994 0.009366604 0.36039975 0.00011966776 0.5630537 0.32538238 0.44421604 0.005004708 0.34441948 0.17491567 0.3115596 3.0392134e-06 0.30439857 0.1031904 0.0098190475 0.10098584 2.7318876e-05 6.704769e-05 0.05589281 7.799609e-07 0.085406154 2.7866034e-07 5.6992376e-06 9.120542e-06 0.007592584 0.016833689 0.018679658 0.034643084 0.0012022101 2.6776881e-06 0.0058961185 0.1123255 2.5125886e-05 1.5895276e-06 2.6668604e-07 0.013490367 1.2333138e-07 0.38152415 5.547793e-07 0.00037853033 0.001817203 0.08000423 9.224937e-06 2.7825922e-06 0.011930292 0.0007199834 0.0016253077 0.0017883475 0.12199107 3.494257e-07 2.4783581e-08 0.0019778279 1.800945e-05 8.2194936e-05 0.003600994 8.18958e-05 0.007889002 1.5525635e-05 2.0861642e-05 2.4664464e-06 2.6668647e-06 3.834444e-06 0.000956935 0.003250121 2.3961013e-06 7.443837e-07 0.0015859542 1.6658544e-07 0.0017068536 2.4130297e-06 0.00012530529 3.6798534e-07 0.0010291648 2.1188073e-06 0.0038807944 2.2808084e-07 1.4964005e-08 0.00012525595
0.9583197 0.39243606 0.07814501 0.023442976 0.084109016 0.3984049 0.046260677 0.18877362 0.12503906 0.7782158 0.0004070066 2.6915135e-17 0.83338714 0.000720594 0.0014172414 0.047355603 0.0070560975 0.017260035 0.0068544694 0.33467203 0.61420614 0.007168746 0.22273816 0.0052075535 0.04738357 0.0016754324 0.69001377 5.967378e-05 6.854576e-05 9.8718236e-05 0.47846395 2.0357133e-05 0.1184843 0.00016395375 0.31350586 0.012996207 7.5101843e-06 0.008812589 0.0011614864 0.534717 0.16977434 6.1069564e-05 0.16079299 0.00010020849 0.15319222 0.17248893 0.337937 7.991923e-07 2.8356642e-06 1.773609e-05 6.377632e-05 0.05392629 0.17809074 0.018606126 0.17523278 0.28043273 0.05229789 0.016735416 8.407435e-05 0.008416906 0.008988986 0.015944606 0.3456711 0.0011367028 0.0018434142 0.004861829 0.08351272 0.00023997307 2.3673435e-06 8.499691e-06 1.3266229e-06 0.010545095 0.008739211 0.0033949483 3.1195282e-06 0.001910062 0.24119602 8.036045e-05 0.0036885114 1.1589812e-05 0.006873649 0.04104266 0.007067297 0.032851774 0.0018845728 0.11754871 0.09943192 0.00049977493 0.0050051906 4.099778e-05 0.002054644 1.1011528e-05 0.003249639 0.0006495594 0.0018533525 4.3837754e-05 0.020363655 1.6022519e-05 0.0011036881 0.013900297 0.00011709706
0.87432104 0.29595572 0.07678388 0.028063342 0.07180234 0.24879768 0.040409528 0.1744877 0.08187816 0.5261998 0.0005780478 0.83338714 1.0636323e-18 0.0016539929 0.001943251 0.02998301 0.009874865 0.0153617645 0.0072810682 0.19497624 0.68284404 0.0067403023 0.26717493 0.0055818856 0.047237158 0.0020226762 0.7280427 7.1732866e-05 0.00012199623 0.00010004463 0.24838267 2.8500046e-05 0.06910184 0.00017158265 0.35555425 0.010820855 9.711247e-06 0.009065728 0.0012898847 0.2995019 0.16823836 6.6204404e-05 0.17114231 0.00011033882 0.14779238 0.22841963 0.20330852 9.112903e-07 2.632461e-06 2.0720687e-05 5.250191e-05 0.06494497 0.09675966 0.0077721104 0.06900957 0.13246047 0.07941974 0.0116363345 0.00011156592 0.006124387 0.0051609115 0.018333608 0.1975513 0.0013084997 0.0023918827 0.00379265 0.105898105 0.00025495814 1.1505219e-06 1.0573577e-05 2.6979416e-07 0.0062963795 0.0077499696 0.0032861503 4.267575e-06 0.0015937672 0.11570672 5.400107e-05 0.005484004 6.885642e-06 0.008892916 0.021801483 0.008624675 0.02013622 0.0018029609 0.05391593 0.04955427 0.00013709998 0.0058343466 3.386857e-05 0.0014005604 1.3083798e-05 0.0044537443 0.00072182494 0.0015431951 5.288559e-05 0.013481247 3.1841253e-05 0.0010015824 0.008226359 1.7707984e-05
0.6180051 0.023149693 0.07805511 0.24982217 0.005974989 0.018467346 0.46380937 0.0056543797 0.12434701 0.002377895 0.65918726 0.000720594 0.0016539929 8.837184e-19 0.88221925 0.07394501 0.19775027 0.020662595 0.10304452 0.018942337 0.0059520523 0.038071647 0.024058083 0.0702066 0.014792176 0.42720908 0.0009944985 0.16334783 0.07280146 0.39598942 0.0031114914 0.10034032 0.084980726 0.37561363 7.256313e-05 0.08440754 0.080771945 0.03088874 0.18177001 0.0001402213 0.00029486162 0.018447243 1.5049497e-05 0.024126213 6.5798474e-07 0.00010590396 5.727257e-05 0.005026784 0.019996466 0.0066962764 0.032541398 0.022929013 0.0001901904 0.004210868 0.04462468 9.49126e-05 0.0001326242 4.1662668e-05 0.039677285 7.1148197e-06 0.07711734 1.766595e-05 0.00016327172 0.0091846315 0.036742378 4.5330493e-05 8.987411e-05 0.00930144 0.00117763 0.0013868809 0.002969613 0.029815836 6.8212703e-06 2.0933758e-06 0.0016530578 3.218901e-05 8.776824e-05 0.0050898734 0.00022723856 0.014139017 0.00015672321 7.4485746e-05 8.056049e-05 2.58016e-05 1.734944e-05 0.0004663696 0.0012288151 7.501183e-05 2.8335056e-05 0.0019689456 2.5774253e-07 0.0022121645 4.602441e-05 0.0017618153 1.7771299e-06 0.0035512059 9.093365e-06 0.001191189 1.1637476e-06 4.2854526e-07 3.4568366e-05
0.2632284 0.043447692 0.17869638 0.4353583 0.012919085 0.019990275 0.64555204 0.009392934 0.13708737 0.0033959972 0.62897277 0.0014172414 0.001943251 0.88221925 4.645655e-19 0.07136744 0.37797463 0.065605536 0.073986135 0.027575562 0.006676837 0.12554537 0.022476267 0.22823831 0.035199832 0.6893087 0.00047976058 0.1704829 0.06103318 0.5516991 0.002652373 0.20775941 0.05849864 0.6341421 2.988532e-05 0.049211767 0.09963697 0.03501814 0.24005686 5.6800483e-05 5.980202e-05 0.009498377 4.067452e-06 0.012589253 3.882532e-07 0.00016034451 1.9094688e-05 0.0035197327 0.015625432 0.005257986 0.036686797 0.017462462 3.9791208e-05 0.0006341718 0.023164151 2.9343582e-05 6.939557e-05 1.9060086e-05 0.049303792 7.4180734e-06 0.031637542 6.393109e-06 8.494006e-05 0.010192916 0.026453316 5.0444723e-05 1.8437604e-05 0.008836009 0.00019212242 0.0015905104 0.0018030262 0.014861285 5.550229e-06 7.925563e-07 0.00200757 2.8824807e-05 5.3346805e-05 0.00541503 0.00015147359 0.010294616 0.00012593892 0.00010640761 4.310082e-05 2.0261994e-05 1.1583016e-05 0.00035620644 0.0012961143 9.396167e-06 6.653781e-06 0.0011724948 2.5301804e-07 0.0013262876 1.3534042e-05 0.002013683 4.6847552e-07 0.0036495423 5.7967995e-06 0.0012361759 4.806098e-07 9.0755606e-08 3.5382745e-06
0.844636 0.13703094 0.1708899 0.16763066 0.021070644 0.14601137 0.03151382 0.009993906 0.6148632 0.07921384 0.20595284 0.047355603 0.02998301 0.07394501 0.07136744 1.38581e-18 0.029165164 0.0054302933 0.8874373 0.22557689 0.026637936 0.006836337 0.0070829275 0.011668255 0.0048510237 0.05601211 0.004409367 0.03530988 0.045305654 0.022948125 0.08381485 0.012603631 0.39204457 0.040280633 0.0006466788 0.3390055 0.0045075784 0.001531174 0.010933608 0.0026456758 0.0006096677 0.0026846442 0.00012149721 0.004283112 3.8174594e-06 0.00035876405 9.402609e-05 0.0013509226 0.001628191 0.0015101305 0.0026753563 0.0033676324 0.00012448263 0.20394924 0.24600357 0.0012471415 0.00010660161 1.413059e-05 0.0020567223 4.2676365e-06 0.3176321 1.5896316e-05 0.01218814 0.000754873 0.037889805 6.526987e-05 4.9363287e-05 0.004102708 0.00019705639 0.0007390599 0.00022780466 0.27355027 1.61009e-05 2.0941743e-06 0.00091139856 4.287448e-05 0.0047709127 0.00038306395 0.00041235719 0.0008979222 0.00033305938 0.00023595858 3.3389755e-05 8.8503286e-05 1.1101978e-05 0.038208444 0.05394379 1.4495205e-06 2.3805664e-05 0.0007792974 7.2226896e-07 0.0003208813 0.00010834109 0.00070436695 9.360878e-07 0.00032219006 4.1710853e-05 0.00042990045 2.330057e-06 5.540121e-07 0.07924586
0.16239516 0.099559344 0.15738472 0.23268636 0.06174112 0.036052153 0.7097568 0.04489255 0.12180115 0.0140703935 0.19039778 0.0070560975 0.009874865 0.19775027 0.37797463 0.029165164 1.6307278e-20 0.67417914 0.045365028 0.0128737325 0.021288883 0.73777616 0.112407014 0.8086376 0.4064222 0.6655457 0.00015184977 0.0071328585 0.0033013108 0.014224933 0.0035183283 0.0029822497 0.045481782 0.48210347 5.5473432e-05 0.012273393 0.000996564 0.39563683 0.54920304 0.00024059432 0.00013212705 0.0010023688 9.578951e-06 0.0010212564 6.367841e-07 0.00013139361 0.0006136442 0.00011787733 0.0001064669 0.000685341 0.0011705994 0.1747422 0.00013924144 4.2294796e-05 0.008225689 3.7032827e-05 6.354671e-05 4.210865e-05 0.08345366 1.3331043e-05 0.005562975 6.881296e-06 0.00024998936 0.04320765 0.004684783 2.4032404e-05 0.00020884146 0.0006694967 6.5316167e-06 0.00031138037 0.00010529307 0.0011591389 3.167664e-05 6.7826086e-06 0.00026156945 2.1095218e-05 8.612058e-05 0.008644689 0.0029077672 0.0023263502 0.00082223234 0.00014044078 4.769365e-05 4.7405698e-05 1.5784135e-05 0.000287879 0.00064454816 0.003307707 1.5534031e-05 0.00011022976 2.9932693e-07 0.00025117182 1.8193452e-05 0.00925665 2.1470587e-06 0.0020702328 3.5178164e-05 0.00022075669 1.4540508e-06 1.2295283e-06 1.1098268e-06
0.037540864 0.1318098 0.12907968 0.08796994 0.21073122 0.046695102 0.5589102 0.17443958 0.0631538 0.027703641 0.021886086 0.017260035 0.0153617645 0.020662595 0.065605536 0.0054302933 0.67417914 2.2722016e-19 0.0052942107 0.0172321 0.044093885 0.8230142 0.21709786 0.6702858 0.76009285 0.18837275 0.0005655992 0.0012637452 0.0007067691 0.0015707515 0.0054533794 0.00084727653 0.0166438 0.06460178 0.00047307453 0.0029182767 0.00020348698 0.6462411 0.27084082 0.0011297364 0.0004421638 4.9043265e-05 9.036253e-05 4.208529e-05 1.3940827e-05 0.0012625015 0.0023247101 1.684551e-05 1.059616e-05 5.0096576e-05 0.00016385027 0.31575736 0.0005873316 6.114783e-05 0.0046369513 0.00020630565 0.000101880934 0.00026430291 0.024771666 8.218952e-05 0.0008508709 9.663741e-06 0.0009122712 0.07541069 0.000961277 0.00017539768 0.0004510169 0.0002748824 2.7257079e-06 0.00012158077 1.8711913e-06 0.00085614785 0.000107297725 2.3760665e-05 8.855385e-05 3.9489685e-05 0.00032346183 0.002980396 0.0011086882 0.00039216355 0.00023995957 0.0003626645 2.4497613e-05 0.00014396867 2.6774134e-05 0.0005121403 0.0010696253 0.03467518 1.232419e-05 6.81847e-05 1.842385e-06 4.7635585e-06 2.106247e-05 0.009039185 1.0006333e-06 0.00030302737 4.711432e-05 1.1274862e-05 5.012405e-07 3.5034384e-06 1.7685596e-06
0.93527275 0.032198895 0.107861124 0.14824735 0.005935696 0.047614794 0.038601663 0.0025635445 0.41167745 0.012511675 0.28401443 0.0068544694 0.0072810682 0.10304452 0.073986135 0.8874373 0.045365028 0.0052942107 3.5492384e-19 0.08098497 0.009481683 0.0075806747 0.003184949 0.013313073 0.0024378013 0.076914355 0.0018212282 0.05637924 0.08544487 0.040309023 0.027986797 0.030247245 0.3731704 0.08327021 0.0001435501 0.50464773 0.009161147 0.0029709814 0.02338314 0.00015730977 0.00026814343 0.0071105473 1.4062243e-05 0.01248344 1.2074672e-06 7.114193e-05 1.6575457e-05 0.0020188217 0.0039602094 0.0032289322 0.007452021 0.0010667448 1.718618e-05 0.10114208 0.2275634 0.00018105879 6.563274e-06 9.574196e-07 0.0028708281 2.8568596e-07 0.48442474 7.6100577e-07 0.0073490078 0.00025561426 0.06176923 2.3557836e-06 1.395545e-06 0.0051918114 0.0002877058 0.00047402718 0.00066435186 0.32406873 7.213514e-07 1.2777701e-07 0.00075336744 1.5799293e-06 0.0027463753 0.00018828786 3.0600095e-05 0.0013793953 3.245478e-05 1.1077981e-05 5.3341437e-06 6.9539633e-06 6.253639e-07 0.026006723 0.051283803 2.9028254e-07 2.4391231e-06 0.0005470684 6.432898e-08 0.00042685034 6.829517e-06 0.00014873038 2.1612306e-07 0.00028465892 3.6132192e-06 0.00043929953 2.3377592e-07 1.8574113e-07 0.020755965
0.9786994 0.507644 0.4218257 0.23432203 0.07470144 0.8376445 0.0659652 0.075599805 0.5280045 0.45933613 0.058206137 0.33467203 0.19497624 0.018942337 0.027575562 0.22557689 0.0128737325 0.0172321 0.08098497 3.5211226e-18 0.2245778 0.0069384533 0.040873878 0.005939419 0.026445681 0.009806227 0.11665565 0.007337023 0.00783383 0.0023274734 0.7942155 0.0007921858 0.51763254 0.0014638884 0.025470227 0.14577118 0.00013726509 0.004710613 0.0014897432 0.19067435 0.09386136 0.0019914238 0.0047418955 0.003243136 0.0017623707 0.0058392654 0.016658911 5.872185e-05 1.393701e-05 0.000643086 0.00036974865 0.010113082 0.02198634 0.58590275 0.6188139 0.093334734 0.0008639764 0.0011485432 9.214864e-05 0.0008306118 0.22421777 0.00012717058 0.35345587 0.0019117631 0.018885374 0.00020970823 0.00083853904 0.0004019289 5.2997243e-06 0.000223377 4.080032e-06 0.35634866 0.0021812157 0.00021197431 0.00020431908 0.00010200178 0.15429366 0.00016416983 0.00081442785 4.957894e-05 0.0008690876 0.006167884 0.00012356926 0.0058835396 3.41847e-05 0.33802924 0.4373096 0.0007868268 0.00017522146 6.613802e-05 1.8036004e-05 0.0001709478 0.00022152837 0.0027820389 4.411592e-06 9.005283e-05 0.0042707594 0.00031249982 1.4468971e-05 0.00069179735 0.16358398
0.7092468 0.4875005 0.14012937 0.071162336 0.20038605 0.36614984 0.13359126 0.5125535 0.13763255 0.51637053 0.003199612 0.61420614 0.68284404 0.0059520523 0.006676837 0.026637936 0.021288883 0.044093885 0.009481683 0.2245778 6.0468417e-18 0.018648783 0.70897466 0.012940701 0.12646554 0.010235078 0.48091808 0.00091387174 0.0017936784 0.00048948644 0.21642548 0.00029331594 0.0685787 0.0015281982 0.588252 0.012887681 5.6751967e-05 0.023891719 0.006212363 0.22935708 0.41361982 0.000603833 0.32313925 0.00090211426 0.1530163 0.619618 0.18808475 1.4262892e-05 1.9717228e-05 0.0001728809 0.00023980264 0.19219314 0.05062565 0.0012567006 0.037900757 0.07449227 0.21998441 0.024682125 0.0017320313 0.012632615 0.004283737 0.034133475 0.11959787 0.0053758905 0.013165992 0.0066051977 0.22586454 0.0006968974 1.4356181e-05 7.068948e-05 1.2822801e-06 0.0038004303 0.010237138 0.0038468207 4.875707e-05 0.0024421946 0.072904535 0.0006213785 0.0130552435 0.00016548944 0.02277073 0.012386576 0.015796017 0.01413223 0.0034607917 0.02468447 0.013996985 0.0021903259 0.010450084 0.000112597176 0.0012875735 0.00017473703 0.01108953 0.0022825536 0.0032029871 0.0002628034 0.011870266 0.00018365346 0.0023824144 0.0037826982 1.3876972e-05
0.018939266 0.067250006 0.09960783 0.08958034 0.07584343 0.025513785 0.52685416 0.06050955 0.05049139 0.009412501 0.038039036 0.007168746 0.0067403023 0.038071647 0.12554537 0.006836337 0.73777616 0.8230142 0.0075806747 0.0069384533 0.018648783 1.9230883e-19 0.07302507 0.8311194 0.5239717 0.37566546 4.5870736e-05 0.0027486272 0.0015053098 0.003263744 0.0021534623 0.001471785 0.012999721 0.17427635 0.00019959878 0.0026606903 0.0004826768 0.5606726 0.45388407 0.00066887995 5.7189332e-05 9.947608e-05 6.0469283e-05 7.848108e-05 3.163643e-05 0.0005310962 0.0019169644 0.0001249093 6.167004e-05 0.00013362858 0.0004131031 0.17389609 0.00034915312 1.9081946e-05 0.0027221988 0.00010041331 0.00011445708 0.00034847678 0.04291 8.79905e-05 0.0009704397 2.3677198e-05 0.000345506 0.04610506 0.0013823879 0.00011566862 0.00019588572 0.0006215035 1.1992463e-05 0.00018835343 3.311701e-06 0.0010179922 0.00011156602 2.4167155e-05 0.00016113104 3.9837116e-05 0.00020928547 0.005132287 0.00035560178 0.00070381264 0.00017184483 0.0003832969 4.9810358e-05 0.00021163073 2.6967276e-05 0.0004935218 0.00088572403 0.0056837774 9.848753e-06 9.531597e-05 1.9100455e-06 1.6761234e-05 8.115513e-06 0.0073686023 1.8106587e-06 0.0009880527 3.403951e-05 8.335642e-06 4.828982e-07 3.3251824e-06 9.420352e-07
0.22574334 0.31545842 0.1251304 0.06230317 0.49557662 0.120308444 0.22494097 0.7720236 0.059418328 0.14074226 0.006095997 0.22273816 0.26717493 0.024058083 0.022476267 0.0070829275 0.112407014 0.21709786 0.003184949 0.040873878 0.70897466 0.07302507 1.4608232e-18 0.05707342 0.6484198 0.07253957 0.0633181 0.00081609713 0.0004583053 0.0021313413 0.035065807 0.00062929606 0.027878206 0.01442897 0.04409711 0.0025637916 0.00028739593 0.285005 0.059476566 0.0130924 0.48382607 0.00048173498 0.010507099 0.00030858823 0.0014507922 0.20707588 0.0071759317 4.5930097e-05 4.0841685e-05 0.00015769053 0.00050492736 0.6184018 0.0020146684 0.0001225458 0.012405131 0.002687425 0.020384489 0.0015903336 0.021064537 0.001489197 0.0037343826 0.0013955245 0.012396841 0.0636713 0.010450308 0.00068385736 0.12632862 0.0010365241 0.0003178378 0.0004017754 0.00010841529 0.0045507327 0.0006334616 0.00026038897 0.0003445482 0.00030678685 0.0036908356 0.0047767283 0.11345109 0.0022689134 0.08574814 0.0021799584 0.002420533 0.0020614814 0.00040634186 0.0046764845 0.005220591 0.09671386 0.005944525 0.00055814115 0.00012005699 0.00086715573 0.00995661 0.023219848 5.7889356e-05 0.00093716074 0.0014862905 0.0005444901 0.00075728813 0.00040647402 1.0470078e-06
0.02092384 0.054925032 0.07543132 0.11103346 0.04594546 0.020913571 0.54260546 0.043022018 0.05446766 0.0072129583 0.07112994 0.0052075535 0.0055818856 0.0702066 0.22823831 0.011668255 0.8086376 0.6702858 0.013313073 0.005939419 0.012940701 0.8311194 0.05707342 4.2387016e-20 0.43273044 0.56134105 1.830105e-05 0.0042095026 0.0030777163 0.006973449 0.002101397 0.002156216 0.01647969 0.38504273 0.00013163593 0.0042161173 0.0008036562 0.40630993 0.5606808 0.00038041384 2.2044753e-05 0.00045475614 3.610517e-05 0.0004467095 1.2974516e-05 0.00030798963 0.001075752 0.0002666717 0.000112716 0.00048310534 0.00070007186 0.120418034 0.00032262848 2.2613482e-05 0.0028334963 9.635972e-05 9.25243e-05 0.00016201242 0.06548209 5.8443013e-05 0.0016279846 1.97061e-05 0.00032015133 0.03555745 0.00214052 8.8148234e-05 0.00012684875 0.0008213366 3.0798914e-05 0.00050888275 1.0715452e-05 0.0011643193 6.073473e-05 1.0860481e-05 0.00046272477 3.7197988e-05 0.00020846837 0.006777097 0.00048568577 0.0013720292 0.00027728043 0.00031479375 6.616867e-05 0.00018888497 2.5381003e-05 0.00040663162 0.0008644977 0.0015361088 1.1992327e-05 0.00017076074 1.2946737e-06 0.00011952942 6.290344e-06 0.0073616873 2.7818096e-06 0.0018605646 4.5088444e-05 5.358022e-05 6.8021933e-07 2.0306552e-06 9.1724627e-07
0.026615141 0.24326217 0.14123592 0.079901636 0.41926116 0.067881465 0.4586638 0.44499367 0.051144905 0.043864433 0.009366604 0.04738357 0.047237158 0.014792176 0.035199832 0.0048510237 0.4064222 0.76009285 0.0024378013 0.026445681 0.12646554 0.5239717 0.6484198 0.43273044 1.6525462e-19 0.11837624 0.0029445807 0.0008256151 0.00023397255 0.0009732642 0.0075955787 0.00043101417 0.01254498 0.015095309 0.0016812033 0.0012761676 5.6410725e-05 0.7504928 0.21004772 0.00072324433 0.005153792 9.61789e-06 0.0002251354 1.4939031e-05 2.84395e-05 0.004184872 0.0011770349 5.4879793e-06 3.1968516e-06 7.3593696e-06 7.922776e-05 0.50457275 0.00033579423 2.0832238e-05 0.002260806 0.00013834654 0.00021649223 0.00023069754 0.014907922 8.062806e-05 0.0005778728 5.3516924e-06 0.0006595504 0.117841266 0.0007155307 8.0934515e-05 0.0027436644 0.00026632962 3.123148e-06 0.0001230462 1.3657495e-06 0.001169324 8.6271255e-05 1.0576048e-05 5.643214e-05 3.273529e-05 0.00019944448 0.004078949 0.021321703 0.00023675401 0.004755935 0.00015878158 3.4881876e-05 7.2755916e-05 1.7496423e-05 0.0003697735 0.00086855155 0.13540025 9.9390825e-05 5.463434e-05 1.5819526e-06 7.877446e-06 0.00019627617 0.02983478 1.0499105e-06 0.000497448 5.5573833e-05 1.807885e-05 3.624429e-06 1.0614454e-05 7.700643e-07
0.22226684 0.04516346 0.1060993 0.21248934 0.015150098 0.018046105 0.5863027 0.016442243 0.11896442 0.0032869212 0.36039975 0.0016754324 0.0020226762 0.42720908 0.6893087 0.05601211 0.6655457 0.18837275 0.076914355 0.009806227 0.010235078 0.37566546 0.07253957 0.56134105 0.11837624 2.1837382e-19 0.00010181964 0.058808863 0.029719017 0.26060382 0.000930552 0.05853617 0.047517117 0.89609724 4.2961125e-05 0.026704902 0.029341716 0.0851812 0.5724761 0.00015535565 3.6020156e-05 0.006630389 1.135167e-05 0.008194675 6.5530446e-07 0.0001059579 0.00029895364 0.0035631824 0.005609646 0.0045652925 0.02711005 0.037617985 0.0002350243 0.00028797402 0.019241644 4.3697175e-05 9.646491e-05 4.356884e-05 0.16275364 9.95606e-06 0.02369374 6.189403e-06 0.00015060834 0.024483293 0.023980951 0.00010058026 4.837902e-05 0.005975237 0.00043943868 0.004008953 0.0013931609 0.009599363 1.9232544e-05 7.4601226e-06 0.0033284265 3.3656124e-05 8.7534776e-05 0.012603211 0.00042962786 0.02754166 0.00021087886 5.6599598e-05 5.122275e-05 2.5232697e-05 2.0084097e-05 0.00038661328 0.0011409271 9.1792885e-05 7.519867e-06 0.001786626 3.706088e-07 0.0042932257 1.2356295e-05 0.0045955246 1.5540662e-06 0.008331143 9.354493e-06 0.0020226191 4.067245e-07 2.2268125e-06 7.4699926e-07
0.12615092 0.26797128 0.025142975 0.007032165 0.061796654 0.13239947 0.00500578 0.13313092 0.010958985 0.45518762 0.00011966776 0.69001377 0.7280427 0.0009944985 0.00047976058 0.004409367 0.00015184977 0.0005655992 0.0018212282 0.11665565 0.48091808 4.5870736e-05 0.0633181 1.830105e-05 0.0029445807 0.00010181964 1.2284678e-24 4.3104068e-05 0.00011600876 9.6912954e-05 0.15709823 0.00012529024 0.008833384 3.299559e-05 0.5291231 0.003068243 2.0204858e-05 1.3426287e-05 7.4783793e-06 0.36867204 2.3860648e-05 1.6082822e-05 0.323175 3.5227346e-05 0.29771364 0.04277365 0.37554035 6.802764e-07 3.6836596e-07 2.1213953e-06 1.6085529e-06 0.00012441188 0.080728255 0.00063470245 0.007018943 0.09483198 0.0051686913 0.033892583 1.0966114e-06 0.019335713 0.0009322242 0.0048119896 0.04461994 6.3114146e-07 0.0011723997 0.012344482 0.00043103428 1.698167e-06 1.9781113e-07 7.0018905e-06 7.409327e-10 0.0002672295 0.011112445 0.006421036 1.8629154e-06 0.0036651683 0.041749362 2.074187e-06 9.854173e-06 2.114675e-06 1.9058867e-05 0.013074313 5.928047e-05 0.0065446454 0.001714877 0.004835188 0.0029235345 7.633469e-09 4.0578732e-05 6.641935e-07 0.0011433206 1.0418548e-05 1.7873133e-05 2.2546747e-07 1.090927e-05 7.603143e-07 0.0081904875 5.858472e-06 9.1052025e-06 0.003754412 1.5961423e-07
0.8232446 0.0016702131 0.0068651424 0.03645526 0.00069171685 0.002706867 0.008348534 0.00025704113 0.030467214 0.0001425167 0.5630537 5.967378e-05 7.1732866e-05 0.16334783 0.1704829 0.03530988 0.0071328585 0.0012637452 0.05637924 0.007337023 0.00091387174 0.0027486272 0.00081609713 0.0042095026 0.0008256151 0.058808863 4.3104068e-05 1.6346477e-17 0.8261272 0.48458752 0.00026472216 0.7852408 0.026608763 0.11612944 5.5856203e-06 0.06275124 0.47431168 0.00039651638 0.016525496 4.6771734e-06 1.2769077e-05 0.27269995 1.3994967e-06 0.25235027 2.926056e-07 7.5006997e-06 2.3455298e-06 0.10195975 0.12007104 0.07717795 0.070587315 0.00035939945 2.2338572e-06 0.0023646194 0.03005397 6.590175e-06 6.9309694e-06 7.5644425e-07 0.0039651296 1.1034613e-07 0.21040764 1.2013463e-06 9.40564e-05 0.00010986757 0.18055311 1.4064095e-05 3.0120858e-05 0.031112202 0.015824094 0.0068324916 0.006783541 0.070455156 2.803487e-07 2.3413024e-07 0.00721196 2.2875634e-05 1.28074325e-05 0.00073961256 6.1300685e-05 0.009705781 4.044675e-05 2.9776597e-06 2.3138642e-05 1.110909e-06 1.685159e-06 0.00049366674 0.0017101254 4.604107e-08 2.3200002e-05 0.008763313 2.1335873e-06 0.0036310458 3.884473e-05 6.8186004e-05 7.3893824e-07 0.0012234134 4.0696114e-07 0.004557295 3.9405622e-06 9.656016e-09 0.0007190591
0.9648369 0.0012674276 0.0044469605 0.019618843 0.00048436775 0.0029864449 0.004033397 0.00018335333 0.0271935 0.0002347555 0.32538238 6.854576e-05 0.00012199623 0.07280146 0.06103318 0.045305654 0.0033013108 0.0007067691 0.08544487 0.00783383 0.0017936784 0.0015053098 0.0004583053 0.0030777163 0.00023397255 0.029719017 0.00011600876 0.8261272 9.235258e-18 0.2241213 0.000537778 0.49350896 0.027368197 0.064022705 4.1789585e-06 0.10730217 0.29744014 0.00018395286 0.008404718 1.6887386e-06 2.6928135e-05 0.56281334 5.7865617e-07 0.6644311 1.3641063e-07 5.3791546e-06 9.969033e-07 0.08097754 0.05912655 0.11215459 0.045623165 0.00031623774 9.944886e-07 0.010235644 0.035894666 2.8160073e-06 6.3147286e-06 1.9861793e-07 0.0035142156 4.8184685e-08 0.39104024 1.1454715e-06 7.005427e-05 0.00014795031 0.2984386 5.7308107e-06 9.705372e-05 0.02360547 0.015929082 0.0045522368 0.006259386 0.15304908 9.861374e-08 1.4703734e-07 0.005604796 1.062132e-05 6.4974834e-06 0.0010253503 0.000108354725 0.0072179465 9.9288794e-05 1.4525539e-06 2.6680995e-05 7.987024e-07 9.5298776e-07 0.00079342007 0.002992553 3.4040237e-08 3.5586043e-05 0.006240657 2.1999713e-06 0.0018441377 5.983026e-05 5.977619e-05 3.1172098e-07 0.0014597918 6.226588e-08 0.0022240656 4.727326e-06 2.3794426e-09 0.013069814
0.36366767 0.001660054 0.0055919318 0.04484586 0.0004090606 0.0018520858 0.031327013 0.00033528224 0.016804803 0.00017555564 0.44421604 9.8718236e-05 0.00010004463 0.39598942 0.5516991 0.022948125 0.014224933 0.0015707515 0.040309023 0.0023274734 0.00048948644 0.003263744 0.0021313413 0.006973449 0.0009732642 0.26060382 9.6912954e-05 0.48458752 0.2241213 2.1955824e-19 0.00014859073 0.7973573 0.016459718 0.42952308 1.2931233e-05 0.03366016 0.8209672 0.0010506252 0.029916909 7.2018943e-06 1.394848e-06 0.10982985 3.166433e-06 0.07122528 1.4219715e-07 3.5253055e-05 1.9310698e-06 0.13487454 0.3734079 0.036058765 0.29655945 0.0013347053 8.046939e-06 0.00059839507 0.00791145 1.206203e-05 3.0123158e-05 1.9512984e-06 0.009419797 6.525997e-07 0.061617963 2.3252533e-06 3.592122e-05 0.00032576415 0.07020077 1.679394e-05 1.7491668e-05 0.034856677 0.010738193 0.0072221947 0.010771343 0.015414984 6.3825485e-07 1.5779167e-07 0.010627107 1.3619303e-05 1.8699078e-05 0.00044867993 8.663187e-05 0.015079904 0.00017948383 1.2611122e-05 2.4533621e-05 4.210731e-06 5.1859247e-06 0.00015670274 0.0005554475 2.511229e-08 2.0078525e-05 0.0071575465 1.679136e-07 0.0064771175 4.617415e-05 0.00013687396 4.081497e-07 0.0010980882 1.5270019e-06 0.0040248455 1.9710076e-06 1.994184e-08 4.8029897e-06
0.97232205 0.41476607 0.22257425 0.07714158 0.04841287 0.5132679 0.023464588 0.06439736 0.17702122 0.5302895 0.005004708 0.47846395 0.24838267 0.0031114914 0.002652373 0.08381485 0.0035183283 0.0054533794 0.027986797 0.7942155 0.21642548 0.0021534623 0.035065807 0.002101397 0.0075955787 0.000930552 0.15709823 0.00026472216 0.000537778 0.00014859073 3.1983752e-16 5.935311e-05 0.2254532 0.00010789381 0.051723797 0.0703788 9.381537e-06 0.00041256292 5.6254714e-05 0.47409153 0.06989494 0.000130868 0.015365449 0.00043463145 0.014110969 0.012370227 0.10584071 3.0378892e-06 1.8970546e-06 4.5054574e-05 5.4929307e-05 0.002751406 0.11385588 0.35480985 0.4248261 0.33045366 0.0018094402 0.005248131 1.9477317e-05 0.0026892656 0.07075017 0.00058933726 0.62704754 0.00011218196 0.0023383482 0.00081661524 0.00094037974 5.7184316e-05 1.8045819e-06 8.600062e-06 6.582147e-08 0.124269076 0.004630725 0.0005906328 6.6361763e-06 0.0005090621 0.3886509 8.021683e-06 0.00055747887 7.2234097e-06 0.00065735914 0.02578802 0.00016237468 0.013435721 6.866092e-05 0.47368863 0.42379865 0.00013806303 0.00011419094 1.683231e-05 0.00012532706 2.559161e-05 0.00016194831 0.00078038767 3.852687e-06 9.033897e-06 0.012902463 3.1305986e-05 1.6388956e-05 0.0033797668 0.086582616
