1.2802505e-21 0.96087766 0.045731295 0.8903228 0.98298985 0.8729047 0.85217226 0.33337235 0.08394235 0.029559223 0.9692325 0.92630255 0.9331633 0.95535874 0.7050113 0.8801928 0.16579527 0.962552 0.9740388 0.9512011 0.030950373 0.005796012 0.046407465 0.98927426 0.72497857 0.78315276 0.9896978 0.006033849 0.03010912 0.0036741502 0.8253268 0.9656814 0.99152696 0.97052884 0.0026757813 0.7453469 0.007363299 0.2675777 0.7854314 0.10457912 0.34144193 0.65064526 0.002640171 0.9966237 0.96189505 0.9440049 0.9404952 6.9839145e-05 0.040661287 0.059718635 0.98362863 0.61156285 0.9003661 4.0969288e-05 0.9985169 5.892243e-06 0.023265937 0.97000206 1.1804985e-07 0.9429366 0.96025026 0.022517156 0.99946755 2.6915771e-08 0.99635535 4.8608097e-08 0.93541795 0.09460604 0.31142005 0.00041680573 0.6645352 1.6222863e-05 0.048108093 2.0827386e-09 0.110528916 4.370559e-05 4.9335187e-05 0.95089674 0.9993405 0.64628494 0.98889184 0.24266182 0.00018613845 3.4853596e-08 0.9383208 0.1597943 0.8940952 0.7892058 0.06660164 5.5703073e-09 6.484626e-08 0.99870855 0.99973583 2.1253675e-07 0.9997961 3.4745601e-06 0.99914527 0.00025091897 0.8198096 0.9999667 0.9995289
0.96087766 1.2243619e-14 0.45848012 0.22010604 0.8775337 0.31548482 0.8449038 0.78255457 0.64248216 0.90192086 0.7152355 0.060331896 0.22018743 0.054431625 0.15021728 0.43423843 0.45262578 0.29090306 0.1335928 0.00081332534 0.6894258 0.0015236695 0.29791906 0.21766981 0.11915418 6.375655e-05 0.0244173 0.24906608 0.22278458 0.09220836 9.106579e-05 0.005353397 0.21639752 0.0007255504 0.31100178 0.0033379234 0.021423472 0.043559536 3.8801613e-06 0.0076532317 0.00018505329 0.0336888 0.20523097 0.18082051 1.6186515e-05 0.000105991756 6.704148e-05 0.12924138 1.0286863e-05 6.324019e-05 0.0009275599 6.533781e-07 1.2660848e-06 0.0029024882 0.0112217 0.022681653 0.00021351219 0.043956894 0.008552479 0.017528014 4.068556e-05 7.4202103e-06 0.2320012 0.008074922 0.092083775 0.0043430827 0.018665887 4.001739e-06 0.003969089 7.633157e-05 5.124999e-06 0.00040159136 3.417384e-07 0.0019795874 6.8456006e-07 4.198495e-05 9.5461604e-05 0.012960407 5.8287103e-05 1.6304975e-07 8.762193e-06 0.002403714 0.002698225 0.0014474808 2.8645734e-06 4.1959666e-08 0.0036034484 0.0063038715 1.175632e-06 0.0009500746 0.00031556503 0.008660074 0.05081533 1.1868635e-06 0.15022911 2.5382022e-05 0.0040043625 6.1847586e-06 9.818264e-08 0.030556401 2.3012435e-05
0.045731295 0.45848012 4.7543655e-22 0.18596582 0.5566426 0.9408316 0.068913646 0.019104127 0.070703365 0.021590851 0.10156936 0.80898803 0.64162886 0.73236436 0.08434192 0.09592601 0.014598747 0.023940975 0.48030582 0.26695108 0.00093596824 0.00013423785 0.008879729 0.14447151 0.008917731 0.0068208254 0.41891888 0.00024290117 0.003691346 4.9884376e-05 0.06690873 0.18799189 0.02216723 0.09526873 4.075084e-05 6.9916946e-06 0.00063897774 0.0012862523 0.020114753 0.00033109495 0.0006398855 0.008613878 8.773545e-05 0.028767569 0.02161143 0.04418403 0.030338855 5.6791872e-05 2.1644588e-05 0.0002496982 0.00013846548 0.00013932234 0.0032940542 1.600346e-05 0.03378835 2.6065567e-05 8.660598e-06 0.009868332 2.5055584e-07 0.008799009 0.008536772 4.072465e-05 0.028802812 7.3559663e-06 0.008345438 3.9854267e-06 0.009118811 0.00024379231 0.0012157452 1.9531212e-06 0.0018311291 6.0395274e-07 2.2340351e-05 1.6575797e-06 0.000297611 7.4582877e-06 2.736367e-07 0.0068945335 0.003386229 0.00018038215 0.002255186 3.477171e-05 2.138311e-06 1.7229445e-06 0.00081845094 1.2391402e-05 0.01074186 0.0017230236 2.455238e-06 6.5861883e-07 3.7876197e-07 0.0018819086 0.033524446 1.520003e-08 0.03386538 6.102988e-06 0.07191277 1.6468916e-06 4.7441e-06 0.0010265812 0.00081836194
0.8903228 0.22010604 0.18596582 5.7876855e-17 0.39669228 0.5159654 0.0065361653 0.0077538765 0.8015046 0.28247353 0.06188841 0.6713956 0.9202845 0.57204527 0.0011950867 0.01112466 0.92919284 0.00410043 0.4157653 0.5019321 0.39093107 0.022626739 0.7771799 0.19070326 0.00090219517 0.02648495 0.27048576 0.003454385 0.61216676 0.00011003272 0.051544897 0.18783729 0.004923449 0.099730566 0.016130617 4.741875e-06 0.17722824 8.594508e-05 0.003340135 0.27972332 0.0211974 0.00033605134 0.37393746 0.024973834 0.004900119 0.0133377835 0.008343074 0.024730528 0.0030607583 0.023012953 7.0350284e-06 0.00036041095 0.0008530776 7.9268335e-05 0.06674455 0.021483727 0.04680475 0.0009922883 4.994026e-05 0.0010240956 0.0024163148 0.00018696769 0.031903602 0.003316807 0.0024057769 0.009135884 0.003612918 0.00021049488 5.4566808e-05 0.002855435 0.0008625336 2.4879624e-05 2.4304676e-05 0.0005162718 5.2540578e-05 0.0032581058 1.853203e-06 0.00068923994 0.0030386979 0.00011992996 0.0014280363 4.8583057e-05 0.021580571 0.005064059 0.00087645836 9.539768e-06 0.00010093464 6.388504e-05 6.755866e-05 1.6352253e-05 2.0951944e-05 0.0006496068 0.016006028 0.00028180223 0.009958211 0.00017172066 0.0010933706 0.00012783743 7.066528e-05 0.00034358384 0.0013164434
0.98298985 0.8775337 0.5566426 0.39669228 2.2585869e-15 0.59731686 0.12519285 0.12325994 0.5866522 0.53879505 0.872895 0.11121917 0.18395633 0.16528037 0.88505435 0.4466775 0.35500875 0.13031894 0.4911291 0.0045756097 0.49724138 0.00093175576 0.17808758 0.82402825 0.01164612 0.00026518508 0.110494524 0.027665734 0.11489711 0.005630834 0.00028870904 0.018551713 0.28806928 0.0028509768 0.07091495 0.10242919 0.010543361 0.0023113259 4.831615e-06 0.002241384 0.00056524354 0.0038053773 0.104052134 0.3604442 5.6504273e-06 0.000545971 8.723684e-05 0.044317085 1.536521e-05 4.5269313e-05 0.023347007 9.662502e-07 1.9059313e-06 0.00012501214 0.058382045 0.007962076 1.2127684e-05 0.013698941 0.0013934991 0.0055527235 8.886942e-05 1.451381e-06 0.31270346 0.0016082408 0.06702917 0.0021063837 0.003412044 3.1818806e-06 0.0005077242 1.369875e-05 6.164538e-06 3.6405563e-05 8.066753e-08 0.00019908264 3.5906933e-07 4.1013204e-06 2.707864e-06 0.0028053208 0.00037701178 1.5978634e-07 7.4717777e-06 4.0540515e-05 0.00045975082 0.0006139287 2.2302663e-06 1.1414279e-08 0.0006127308 0.00059178914 2.720085e-07 2.6714759e-05 7.19936e-06 0.0031247986 0.13773401 2.7177745e-07 0.37789804 6.0742636e-06 0.016171727 7.636539e-06 9.074691e-09 0.027001768 3.702845e-05
0.8729047 0.31548482 0.9408316 0.5159654 0.59731686 1.1638309e-17 0.007585911 0.010975914 0.4830266 0.1229439 0.078454845 0.72731286 0.3303871 0.7510294 0.10174205 0.02456271 0.35873702 0.004020694 0.9432448 0.111347124 0.20102403 0.0086595 0.20892063 0.42565954 0.00091645337 0.0031046635 0.58302355 0.0035053538 0.115645155 0.00012226249 0.0040987795 0.17336667 0.052705027 0.015769174 0.013066043 0.010325934 0.033801116 7.480131e-05 0.00036785117 0.019705445 0.0055094757 0.00044475985 0.114169225 0.109916136 0.00040801568 0.0019409321 0.00080586196 0.009160064 0.0003358868 0.00517706 0.015504137 0.00012003376 1.9182684e-05 1.49566085e-05 0.09075357 0.004248413 0.00080073986 0.0068057957 4.2003892e-05 0.0027238035 0.0008548323 2.4098503e-05 0.09633596 0.0013103567 0.019204393 0.0023443992 0.0015423365 2.3603294e-05 7.110971e-05 0.0002732173 6.049922e-05 5.693061e-06 1.0100791e-06 0.00023725696 4.8040797e-06 3.189596e-05 4.107229e-07 0.001130878 0.0015837007 3.765998e-07 0.00015961523 1.5635595e-06 0.0013876203 0.0011555434 5.0287417e-05 1.2335197e-07 0.00038156452 0.00015641905 1.1094692e-06 7.2943108e-06 2.409201e-06 0.0008579878 0.101274185 7.748834e-06 0.17119035 3.7391521e-06 0.021556789 1.20740915e-05 8.1832596e-08 0.0039733746 0.000169847
0.85217226 0.8449038 0.068913646 0.0065361653 0.12519285 0.007585911 1.00702175e-13 0.96845955 0.11348712 0.5263213 0.48903424 0.0004192783 0.007964005 0.0009960845 0.07734067 0.503163 0.010423184 0.69061714 0.0060473927 2.504672e-05 0.08167769 7.669726e-06 0.004303541 0.01227553 0.7669955 1.7120311e-06 0.0013437106 0.2623555 0.00575856 0.28988582 3.9558154e-06 0.00013082982 0.2847569 1.0833834e-05 0.103681974 0.0009742635 0.00082631374 0.6214111 3.5669726e-07 0.00011782687 1.0305758e-06 0.2826278 0.0031350998 0.043203622 4.7456498e-07 8.622935e-06 6.544155e-06 0.01415258 1.2986213e-07 9.3012744e-07 0.00034555115 2.2886729e-08 6.392291e-08 0.035910077 0.0005512524 0.0011244158 4.63943e-06 0.07054121 0.006908671 0.090726525 2.3835526e-06 5.154465e-07 0.170994 0.0016056334 0.09164234 0.00039656935 0.067341395 1.1335767e-07 0.016451277 2.8978702e-06 1.3856499e-07 0.0037171266 3.4101777e-08 0.00055603887 4.8416286e-08 4.898621e-06 0.0011879529 0.04584487 1.4156966e-06 2.4540157e-08 1.9922497e-07 0.014701354 0.0032079837 9.452993e-05 5.8437625e-08 6.3491994e-09 0.01964052 0.021413563 2.3736023e-07 0.001338747 0.000994076 0.032399256 0.0047902702 6.4852195e-08 0.022006756 1.0844738e-05 0.0026862307 2.8493323e-06 4.3629047e-09 0.029178958 1.8173033e-06
0.33337235 0.78255457 0.019104127 0.0077538765 0.12325994 0.010975914 0.96845955 2.1166295e-14 0.22506006 0.8239933 0.27090693 0.0020261977 0.004387009 0.0020761217 0.0056489278 0.19573404 0.012700575 0.28267342 0.009673235 1.613527e-05 0.17108062 9.424103e-08 0.004599166 0.015692454 0.2622328 1.5896246e-06 0.0011119988 0.70301664 0.008439814 0.64909375 5.0025033e-06 7.908289e-05 0.087638825 1.7687073e-05 0.29494843 1.150105e-06 0.0002897691 0.5883953 7.824589e-07 8.46613e-05 3.9516243e-07 0.068993285 0.0046766074 0.016601752 1.6270919e-06 1.6691414e-05 9.2367945e-06 0.033772893 8.624418e-09 4.8419173e-07 5.067153e-07 1.54031e-08 1.550721e-07 0.108871706 0.00013960365 0.0022754986 2.6898374e-06 0.025844153 0.014977021 0.032896403 5.316541e-06 3.8470585e-08 0.044424344 0.0040971967 0.020625664 0.0008016846 0.040608454 8.34716e-08 0.012908648 6.9098525e-07 2.3185548e-06 0.006274198 3.4246614e-08 0.0022315953 1.5274321e-07 2.2454317e-06 0.0018300343 0.016795894 3.371607e-07 9.640067e-08 4.4887565e-07 0.0078106415 0.0018595126 5.1786774e-05 5.962821e-07 1.9069837e-08 0.0122820465 0.012921667 1.6118751e-07 0.0040096818 0.0031387 0.0067888545 0.002937906 2.6535552e-08 0.0075657717 6.121866e-07 0.000118183285 1.2545989e-06 2.6935698e-08 0.0051453155 1.7885469e-06
0.08394235 0.64248216 0.070703365 0.8015046 0.5866522 0.4830266 0.11348712 0.22506006 5.875187e-20 0.92914164 0.3029439 0.40252712 0.56001824 0.41466358 0.0012458292 0.09683382 0.90818506 0.04347461 0.41688243 0.15837057 0.85542125 4.425875e-05 0.5949937 0.22493231 0.007954069 0.0010541917 0.23023123 0.095984176 0.39055467 0.013324014 0.013399241 0.08036692 0.017704634 0.035332702 0.13399099 2.0906525e-06 0.042178407 0.0024976372 0.0023759103 0.014680498 0.0004195379 0.0017282314 0.2638711 0.019132018 0.0034009481 0.0034049917 0.0034026757 0.11548715 3.7224458e-05 7.086315e-05 2.2621205e-05 1.8265391e-05 0.00067153084 0.000806274 0.009079177 0.0423464 0.00029175365 0.0010285263 0.00035768092 0.0013531946 0.0007103244 4.542806e-06 0.024322169 0.0018699685 0.0025661767 0.0066850306 0.002699046 3.50923e-06 0.00040994846 3.1118798e-06 9.133062e-05 4.874498e-05 1.8856692e-06 0.00047719953 4.407353e-06 3.0926612e-06 4.6644914e-06 0.00084679946 0.0001141058 2.541175e-06 0.00014005182 4.8357295e-05 8.852725e-05 0.0010734107 5.6949426e-05 2.1861888e-06 0.00014045484 0.0004166857 2.197407e-06 9.559435e-05 1.25363085e-05 0.0006512342 0.020975236 1.292471e-05 0.0427386 3.2165124e-06 0.006448104 4.703174e-06 2.3333791e-06 0.0005238678 0.00036854763
0.029559223 0.90192086 0.021590851 0.28247353 0.53879505 0.1229439 0.5263213 0.8239933 0.92914164 1.3228335e-18 0.3962485 0.07384026 0.2167506 0.06738263 0.003600609 0.20103736 0.41408655 0.10212766 0.100021124 0.0048267846 0.8760713 7.4523573e-06 0.11008799 0.10004399 0.053116687 1.1831482e-05 0.03659399 0.5616611 0.04367439 0.1675407 0.00070854265 0.008050961 0.037104003 0.004461367 0.5255651 1.6026515e-06 0.0011143072 0.048073497 0.00010024069 8.3877414e-05 1.5536691e-06 0.010466096 0.033426564 0.021269007 5.833688e-05 5.9756927e-05 7.14911e-05 0.16477421 5.3051604e-06 6.03102e-07 1.260315e-05 3.7374426e-07 1.5221702e-06 0.011694467 0.00086519506 0.026363794 1.6174317e-06 0.003037901 0.00398443 0.0028609305 3.0493939e-05 8.963158e-08 0.05398747 0.0027423524 0.009117017 0.00234275 0.003868429 1.556587e-07 0.000850645 2.0296861e-07 1.1802152e-06 0.0007490274 3.3023277e-08 0.0008891185 2.3748613e-07 1.9984189e-07 8.878547e-05 0.0021205125 3.8444878e-06 1.5683436e-07 5.784501e-06 4.2938107e-05 5.8315595e-06 0.00011488126 2.6034077e-06 3.4070766e-08 0.0011835252 0.001369164 5.760037e-08 0.0009278692 0.00031240802 0.0010128733 0.013019212 4.1349284e-07 0.048698552 7.393421e-07 0.008470184 1.34925e-06 5.1780273e-08 0.00068122084 5.7359757e-05
0.9692325 0.7152355 0.10156936 0.06188841 0.872895 0.078454845 0.48903424 0.27090693 0.3029439 0.3962485 3.588235e-15 0.0060623363 0.037389796 0.011511532 0.9174503 0.91576964 0.077805415 0.6755458 0.057152756 0.00040352915 0.31300825 8.6171516e-05 0.03212308 0.19497742 0.12200453 3.8517745e-05 0.010949145 0.074501984 0.014663763 0.029847374 1.8543797e-05 0.0013590092 0.53553635 0.00016556193 0.07585262 0.077770695 0.0021006623 0.011764924 1.5739348e-06 0.0009825093 0.00015044912 0.021010282 0.020249194 0.22922866 5.2566185e-07 4.4753775e-05 9.300765e-06 0.023871938 6.2640815e-06 2.6992517e-05 0.00833646 9.65388e-07 4.589852e-07 0.00045703302 0.0053134672 0.0014100712 2.8267514e-06 0.051346995 0.0013613525 0.026138293 6.2292797e-06 8.838578e-07 0.271407 0.00026953794 0.15859723 0.0001449862 0.009267904 6.5584527e-07 0.0022337714 3.4231628e-06 5.5241145e-07 0.00027883728 2.6732508e-08 7.9006524e-05 3.9938048e-08 1.2918912e-06 4.5404864e-05 0.00796164 1.6752285e-05 1.4409089e-08 2.8701916e-07 0.000714787 0.0003959099 2.0583213e-05 1.0304693e-07 2.1683964e-09 0.003344969 0.003574298 1.8245456e-07 0.0001188405 6.928587e-05 0.007846635 0.046151042 9.38883e-08 0.18337668 8.315798e-06 0.011276741 1.3554438e-05 1.809805e-09 0.045162115 9.927534e-07
0.92630255 0.060331896 0.80898803 0.6713956 0.11121917 0.72731286 0.0004192783 0.0020261977 0.40252712 0.07384026 0.0060623363 1.3951363e-16 0.5599677 0.9672297 0.031970497 0.002246129 0.40339515 0.0005449829 0.38898498 0.541895 0.1554446 0.062154002 0.32089362 0.12062484 4.410168e-05 0.07909855 0.64210904 0.0005584564 0.29787865 4.917081e-06 0.0617027 0.34878168 0.0051407246 0.1254045 0.0020560937 0.009851294 0.11728503 9.532251e-07 0.0057708723 0.21665978 0.054054547 3.9792005e-05 0.14536525 0.027773922 0.0044980473 0.012626249 0.008370653 0.0023667447 0.004622099 0.02469301 0.029383793 0.0015131218 0.00036679444 1.8395355e-06 0.26016727 0.0014393867 0.01206497 0.0006730336 1.8772004e-06 0.0006920207 0.0048913695 0.00048814644 0.023454001 0.00010115029 0.0051433896 0.0013744578 0.00012740876 0.00042940277 6.6638972e-06 0.00047806068 0.00068560184 7.050957e-07 2.4135416e-05 3.604084e-05 0.00017937142 0.00011894175 7.004014e-08 0.0002618205 0.027467705 1.9358817e-05 0.0013255359 4.233801e-07 0.004583272 0.001282591 0.00060206774 1.7074282e-06 4.523816e-05 1.1972798e-05 9.71941e-06 5.854389e-06 5.816372e-07 0.00044283495 0.05304916 6.397161e-05 0.06369914 2.5002499e-05 0.044360425 1.4621206e-05 8.330459e-06 0.0024824485 0.0020174948
0.9331633 0.22018743 0.64162886 0.9202845 0.18395633 0.3303871 0.007964005 0.004387009 0.56001824 0.2167506 0.037389796 0.5599677 9.0042584e-13 0.33236876 0.030484218 0.016825601 0.61530906 0.0027915975 0.23654412 0.8396719 0.26494634 0.6402369 0.6393426 0.109220706 0.0029665136 0.4457285 0.29843393 0.004239729 0.68425155 0.00028161824 0.26637036 0.28589213 0.0046128295 0.2588587 0.009153711 0.0011302716 0.26362732 0.0006392566 0.044435658 0.7178801 0.59038717 0.0026928908 0.26377246 0.037523955 0.031666756 0.035030037 0.03618451 0.007175665 0.33321196 0.46780917 0.0038997696 0.04262526 0.014269343 0.00019958032 0.36476898 0.010102594 0.44800004 0.005997325 6.390819e-05 0.0030895632 0.03001977 0.014451321 0.059845075 0.00069768383 0.008659029 0.0035913738 0.0032377292 0.0068308236 4.533183e-05 0.055285826 0.0063191056 2.3597466e-05 0.0010196916 0.00013507706 0.001304627 0.026882414 5.829041e-06 0.0006585815 0.061068274 0.0013926005 0.026745 0.0002811867 0.14202258 0.0028607023 0.0066607497 0.00014773474 0.00053506077 0.00085325626 0.00039685023 3.8236372e-05 4.9136986e-05 0.00075521215 0.057540055 0.0026474046 0.08811484 0.0011359031 0.0432423 0.0006620507 0.000779465 0.0010464743 0.011100248
0.95535874 0.054431625 0.73236436 0.57204527 0.16528037 0.7510294 0.0009960845 0.0020761217 0.41466358 0.06738263 0.011511532 0.9672297 0.33236876 1.1627804e-15 0.07425271 0.003690406 0.3113784 0.0006835128 0.5685032 0.42081472 0.103753194 0.047961228 0.24446617 0.19009003 0.00016125065 0.06503633 0.8174262 0.0008118127 0.15746477 5.4744673e-06 0.039889097 0.34393948 0.009161126 0.076690406 0.0015486566 0.022823311 0.05275022 9.587725e-06 0.0057857647 0.11734189 0.027405422 0.000114597206 0.09895564 0.028293483 0.0036040293 0.009634471 0.0042804596 0.0019924922 0.0027225805 0.028532699 0.053152706 0.0006949133 0.00051716197 3.6667116e-06 0.25076517 0.0008981132 0.0044608074 0.0012412486 1.6161151e-06 0.0011413231 0.0038404684 0.0002785667 0.039124157 9.3435585e-05 0.00614314 0.0008526275 0.0006817232 0.0002904475 5.7119836e-05 0.00022414971 0.0005092124 3.5202947e-06 2.287413e-05 5.600238e-05 0.00011460628 0.000119702345 8.574085e-08 0.00030009283 0.009378286 3.620903e-05 0.0008431651 4.478898e-06 0.00072251254 0.0006815935 0.0003512421 3.3460663e-06 0.00012128767 3.970747e-05 2.3208677e-05 1.4393399e-05 1.995984e-06 0.00014207755 0.07735557 5.5141054e-06 0.06374711 4.1215866e-05 0.053991914 7.769953e-06 6.737844e-05 0.0012225293 0.0007834835
0.7050113 0.15021728 0.08434192 0.0011950867 0.88505435 0.10174205 0.07734067 0.0056489278 0.0012458292 0.003600609 0.9174503 0.031970497 0.030484218 0.07425271 5.9861995e-20 0.89273125 0.00017907402 0.68540984 0.19061251 0.004090037 2.5609312e-05 2.8237379e-05 5.3676886e-05 0.6972868 0.07156143 5.088708e-05 0.16299723 5.551339e-05 5.8995406e-06 2.100412e-05 0.0007622493 0.026105054 0.85484064 0.0065080547 2.7485576e-05 0.3404487 4.045271e-06 0.0019406694 9.952741e-05 2.1853944e-06 9.250618e-06 0.017376117 5.201825e-06 0.51734614 0.00030558353 0.0018253013 0.00083083165 4.271712e-06 1.3774817e-06 5.0176135e-07 0.26919723 5.2558294e-06 2.998601e-05 1.4051975e-05 0.017544303 4.0956847e-06 2.1697e-07 0.109478995 2.7680656e-07 0.034530465 0.00018103911 4.5530916e-07 0.49777722 7.647062e-06 0.28106597 2.4987662e-06 0.005514864 7.677442e-07 0.0006066324 6.6167374e-08 2.8479399e-05 1.4411124e-06 5.74377e-07 5.8818164e-06 1.5222763e-06 3.0752688e-07 1.2318039e-06 0.005169808 0.00026349828 3.5612268e-06 6.414389e-05 9.404728e-06 2.9416783e-06 6.809025e-06 3.9507504e-05 3.5601283e-07 0.0014406969 0.00042307604 9.36696e-07 4.243732e-06 6.247869e-07 0.002491232 0.11301654 2.2629779e-10 0.2249225 1.2753687e-06 0.13970482 1.9405072e-06 3.4142505e-07 0.017661497 0.00010998038
0.8801928 0.43423843 0.09592601 0.01112466 0.4466775 0.02456271 0.503163 0.19573404 0.09683382 0.20103736 0.91576964 0.002246129 0.016825601 0.003690406 0.89273125 5.884716e-14 0.012905158 0.95733696 0.015712319 0.0001363852 0.05376508 0.00010437578 0.005792622 0.07144529 0.43287307 4.2658117e-05 0.004566335 0.036375824 0.0072560823 0.021005046 1.6245158e-05 0.0006877446 0.78016716 9.509715e-05 0.023768758 0.13585477 0.0004675115 0.05475712 1.9225674e-06 0.00027779443 3.0167286e-05 0.08909193 0.0005866912 0.24353671 6.4709826e-07 3.660508e-05 1.3633013e-05 0.0023816407 8.7771167e-07 5.4459346e-05 0.021383025 1.1365184e-06 1.2132746e-06 0.0007975021 0.0010791547 9.9070116e-05 1.7138967e-06 0.22639799 0.00058858347 0.12342306 4.0141344e-06 9.1552465e-07 0.40153027 8.610391e-05 0.32879183 2.6010044e-05 0.025612215 5.744926e-07 0.0057339547 3.7634256e-06 9.1284636e-07 0.00036959123 9.938546e-08 5.3771564e-05 1.0276468e-07 1.0929144e-06 3.409097e-05 0.0146008 2.0960604e-06 4.2712962e-08 3.3638636e-07 0.001071722 0.00027644474 1.3512918e-05 1.6140703e-07 1.9587784e-08 0.0061549335 0.00628238 5.810157e-07 0.00015326453 8.636468e-05 0.011107169 0.03370391 3.9118578e-10 0.1510428 1.9800204e-06 0.014440808 5.6495114e-06 1.8320744e-09 0.05120926 1.5054283e-06
0.16579527 0.45262578 0.014598747 0.92919284 0.35500875 0.35873702 0.010423184 0.012700575 0.90818506 0.41408655 0.077805415 0.40339515 0.61530906 0.3113784 0.00017907402 0.012905158 1.6244762e-19 0.0029946973 0.24677533 0.28422067 0.7420676 0.00010536247 0.9505362 0.08506602 0.0005352548 0.006782283 0.11213448 0.0041772574 0.7598758 0.00013463928 0.02148141 0.05367291 0.0014534538 0.038314648 0.021430502 3.4588297e-08 0.41636994 0.0004530657 0.0010845289 0.14882123 0.00096884085 0.00021715765 0.8227319 0.0039515705 0.00067377475 0.0026773715 0.001713173 0.046616014 2.6530179e-05 0.002430402 6.409163e-08 8.597611e-06 0.00017219213 2.843687e-05 0.01427851 0.03108301 0.0033740248 0.00040209052 6.994799e-05 0.0007551451 0.00037810102 1.0104072e-05 0.0038905554 0.0018476743 0.0010920243 0.00992428 0.0015509978 2.0923178e-06 1.8336163e-05 0.00047885804 0.00029285953 2.765063e-05 8.6172736e-07 0.00019885438 2.2966997e-06 0.0005764596 1.2080351e-06 0.00022504719 0.00011146362 1.5166229e-05 0.0001245452 1.0132731e-05 0.004861953 0.0072462307 0.00020383058 5.693639e-07 0.000114282004 0.00012715519 2.3018242e-06 4.0339502e-05 4.608957e-06 5.7111123e-05 0.019662546 0.0025394892 0.03105524 1.3609007e-05 0.00026622933 6.126659e-06 7.928814e-07 6.288482e-05 0.00025908553
0.962552 0.29090306 0.023940975 0.00410043 0.13031894 0.004020694 0.69061714 0.28267342 0.04347461 0.10212766 0.6755458 0.0005449829 0.0027915975 0.0006835128 0.68540984 0.95733696 0.0029946973 2.785002e-14 0.0036314195 1.5439846e-05 0.01685095 2.7278315e-05 0.0012407129 0.023984984 0.7237339 1.6397322e-05 0.000792513 0.074539386 0.0007530161 0.05741458 9.028569e-07 2.8229837e-05 0.7183839 6.756372e-06 0.022690605 0.06912007 0.0001488138 0.16821735 1.201567e-07 4.1837222e-05 1.5776843e-06 0.26232225 0.00065510237 0.14933325 6.939414e-08 1.8968972e-06 1.0177391e-06 0.00084861886 6.362553e-07 1.1515938e-05 0.006746955 1.04176934e-07 1.6487029e-07 0.002262444 0.0004324851 8.821694e-05 8.105113e-07 0.46266726 0.00070949603 0.37847212 8.081534e-07 4.7596868e-07 0.35706612 3.2148488e-05 0.46466246 2.8511577e-05 0.08255419 2.5594707e-07 0.013782236 3.3375345e-06 1.1769676e-07 0.0006372398 5.6208457e-08 4.9152226e-05 3.6113516e-08 2.010348e-06 8.584211e-05 0.053152934 5.455634e-07 7.400926e-09 5.2946067e-08 0.001116646 0.00026261195 1.5706188e-05 2.1540522e-08 1.3138481e-08 0.017000752 0.01295274 5.462542e-07 0.0003066628 0.00041415394 0.028059857 0.017476197 4.1332133e-09 0.0908397 1.3837958e-05 0.006379704 5.903728e-06 1.2334501e-09 0.09465137 5.5065516e-07
0.9740388 0.1335928 0.48030582 0.4157653 0.4911291 0.9432448 0.0060473927 0.009673235 0.41688243 0.100021124 0.057152756 0.38898498 0.23654412 0.5685032 0.19061251 0.015712319 0.24677533 0.0036314195 5.8491196e-14 0.08651029 0.11657083 0.010174603 0.11152093 0.9133237 0.00083530415 0.015852693 0.8787588 0.001793876 0.05257522 4.5744397e-05 0.008545091 0.09386202 0.028861795 0.027966568 0.007225757 0.14320992 0.016062124 0.00019239193 0.00079615024 0.007350004 0.009580468 0.0003781791 0.057094626 0.095331974 0.0009072101 0.0040386603 0.0019110458 0.0072586113 0.00043039126 0.004088584 0.41535717 0.00013012938 0.00013570329 7.290215e-06 0.1510475 0.002028842 0.000109553075 0.002873332 4.0150288e-05 0.0015069509 0.00095623534 4.8489368e-05 0.06621932 0.00020942205 0.014342813 0.0011187085 0.0012013097 0.00013404556 0.0002790618 2.9577506e-05 0.00014279613 1.3203485e-06 3.2639289e-06 0.0001806173 3.284461e-05 3.8321392e-05 3.3608192e-08 0.00079252844 0.0028786527 5.5328214e-06 0.00019114156 4.584574e-06 0.00018402233 0.0010804223 7.966841e-05 6.6599614e-07 0.00026479663 0.00012334486 3.2323485e-06 1.664603e-05 8.917582e-07 0.00063896837 0.16210029 6.2146074e-07 0.23081261 1.1428436e-05 0.13562186 1.8505575e-06 1.4349262e-06 0.006450189 0.00036172962
0.9512011 0.00081332534 0.26695108 0.5019321 0.0045756097 0.111347124 2.504672e-05 1.613527e-05 0.15837057 0.0048267846 0.00040352915 0.541895 0.8396719 0.42081472 0.004090037 0.0001363852 0.28422067 1.5439846e-05 0.08651029 1.3917615e-15 0.01296254 0.6697584 0.33671662 0.034214366 1.7667171e-06 0.8752574 0.4815369 0.00013956931 0.40579593 1.3238347e-06 0.8701163 0.69137335 6.634909e-05 0.7271858 0.00015180679 0.00041935148 0.15592302 5.1423126e-07 0.31623086 0.5485103 0.57523656 5.8009855e-06 0.07635726 0.0011822089 0.19919837 0.20138942 0.20674273 3.997526e-05 0.14875932 0.2960969 0.0038198796 0.06660029 0.034750223 3.5807304e-06 0.49478936 7.862387e-05 0.20228152 5.7406767e-05 1.1114262e-06 3.097551e-05 0.05652971 0.009048737 0.0038556338 3.7641992e-05 0.0003433578 0.0011091123 1.4254407e-05 0.0048934296 7.2156574e-08 0.015146298 0.006386345 6.932321e-07 0.0006382256 2.2593542e-05 0.0015334048 0.005248887 1.4937208e-07 8.678084e-06 0.06214307 0.00062172615 0.014601929 1.2446593e-07 0.066540584 0.00090584025 0.0045147506 0.00010154009 1.0242414e-06 3.9237267e-07 0.00035741087 1.7935276e-06 4.133947e-07 1.40281545e-05 0.012444998 3.989924e-05 0.0041138134 0.00039130467 0.03648437 0.00032184517 0.00064757175 2.0188332e-05 0.00913068
0.030950373 0.6894258 0.00093596824 0.39093107 0.49724138 0.20102403 0.08167769 0.17108062 0.85542125 0.8760713 0.31300825 0.1554446 0.26494634 0.103753194 2.5609312e-05 0.05376508 0.7420676 0.01685095 0.11657083 0.01296254 1.6916734e-16 4.5559932e-07 0.29383528 0.06855259 0.0016016753 1.5344418e-05 0.030953432 0.20040344 0.13549958 0.0043634423 0.00077630987 0.0058322055 0.002974362 0.0012883154 0.90459543 1.5241393e-07 0.01593673 0.0011144523 4.4200417e-05 5.60933e-05 1.7808742e-06 0.00029352217 0.82342577 0.003467837 2.3238488e-05 0.00013423055 0.00011140761 0.7464759 2.7514713e-07 1.0038295e-06 1.420096e-07 4.2199318e-08 5.3709114e-06 0.00011894594 0.001040316 0.3568761 1.0069504e-06 0.00037716987 0.006147642 0.0002527635 0.000104760606 1.0283939e-07 0.0045904634 0.04869277 0.00046143183 0.058781933 0.0013441053 1.16574746e-07 2.4599784e-05 1.094265e-06 1.9267654e-06 3.8112372e-05 1.7385554e-08 0.023399884 1.1006949e-07 3.2621708e-06 2.654239e-06 0.00026145397 4.955098e-06 3.735116e-07 9.732539e-07 1.0090379e-05 0.00020857953 0.013582047 4.015576e-07 1.1161102e-08 0.000113375914 0.00017729437 1.11974636e-07 0.0004001039 2.4957688e-05 0.00015468197 0.15658006 0.00053273444 0.17319953 2.0971291e-07 0.0005333366 5.40021e-07 6.518828e-08 0.00015802895 9.425444e-06
0.005796012 0.0015236695 0.00013423785 0.022626739 0.00093175576 0.0086595 7.669726e-06 9.424103e-08 4.425875e-05 7.4523573e-06 8.6171516e-05 0.062154002 0.6402369 0.047961228 2.8237379e-05 0.00010437578 0.00010536247 2.7278315e-05 0.010174603 0.6697584 4.5559932e-07 1.9142702e-25 6.0486695e-05 0.0015189252 2.0359616e-07 0.8328373 0.04510138 8.7989704e-08 7.733165e-05 6.7381323e-09 0.7106786 0.13869397 1.4666413e-05 0.28437313 1.5970018e-08 1.9073237e-10 2.0712812e-06 1.3532339e-07 0.6669661 0.0005850642 0.033584032 2.0495166e-07 6.4457544e-07 4.8511156e-05 0.37126517 0.07409341 0.1301275 6.677339e-08 8.048711e-06 0.0032380074 3.4971393e-08 0.021450873 0.28536025 2.7090733e-08 0.031623207 4.9290554e-07 0.00043103492 2.7776234e-06 3.9405714e-09 7.9809815e-06 0.041304827 0.0012159059 0.0001523883 7.4272045e-08 2.2633136e-05 9.891528e-09 3.5500166e-06 0.0038590713 4.9878352e-08 4.1358635e-05 0.006053448 2.9808376e-09 0.0002582195 2.7881091e-08 0.0013402608 1.4442695e-05 2.2439939e-09 1.0492585e-05 0.007478376 0.0011100926 0.0038895626 1.09110845e-08 9.278099e-07 3.1159242e-08 0.0015165904 8.963248e-05 1.2124106e-06 4.3715303e-07 3.3037813e-05 1.791507e-08 5.5268217e-09 1.9337578e-05 0.0032365518 3.9892156e-11 0.0030420294 1.6893113e-05 0.0041304543 1.9439988e-06 0.00018418 5.2743526e-06 0.00090872933
0.046407465 0.29791906 0.008879729 0.7771799 0.17808758 0.20892063 0.004303541 0.004599166 0.5949937 0.11008799 0.03212308 0.32089362 0.6393426 0.24446617 5.3676886e-05 0.005792622 0.9505362 0.0012407129 0.11152093 0.33671662 0.29383528 6.0486695e-05 4.072594e-18 0.041410126 0.00034113263 0.018544767 0.08135102 0.0040446618 0.952572 0.00016449361 0.03715603 0.0477143 0.00058121857 0.041813184 0.0062597827 7.729006e-09 0.6687305 0.00029642018 0.0022639746 0.24292108 0.0038345635 0.00023646318 0.8683492 0.0008232579 0.0012695313 0.0028230206 0.0032464904 0.01984116 3.8066114e-06 0.0045011006 2.56741e-08 0.00015187818 0.00045802328 9.985894e-05 0.0099423025 0.0236345 0.016531037 6.933591e-05 8.443907e-05 0.0003632486 0.0008940425 5.891717e-05 0.0015607998 0.0013496061 0.00029389837 0.010720614 0.0013727463 2.0069507e-05 4.1032636e-05 0.0023808551 0.00065686344 4.7137153e-05 1.1482185e-05 0.00030490203 2.0198233e-05 0.001618738 3.0889237e-06 0.00015314238 0.00010887948 4.8238413e-05 0.00018158084 2.235444e-05 0.019244526 0.0091840355 0.00066084863 5.284679e-06 0.00011552564 0.000117635995 1.3880069e-05 7.4207805e-05 1.0315686e-05 2.141169e-05 0.012370517 0.0064712055 0.015183539 3.4913828e-05 0.00012915784 9.349828e-06 1.1783754e-06 7.066242e-06 9.878652e-05
0.98927426 0.21766981 0.14447151 0.19070326 0.82402825 0.42565954 0.01227553 0.015692454 0.22493231 0.10004399 0.19497742 0.12062484 0.109220706 0.19009003 0.6972868 0.07144529 0.08506602 0.023984984 0.9133237 0.034214366 0.06855259 0.0015189252 0.041410126 2.7926965e-16 0.0023596229 0.0038008657 0.47201812 0.00090522016 0.011006737 8.2979e-05 0.0024206024 0.05005627 0.2053759 0.010442736 0.004241025 0.8647866 0.002099521 0.0006152894 0.00014112658 0.0004792011 0.0012989782 0.0010117553 0.013449529 0.42332637 0.00018013564 0.0039178994 0.0012712578 0.0025870483 0.000113643066 9.933104e-05 0.7654531 9.292094e-06 2.3709645e-05 5.8812077e-07 0.20081896 0.00046162924 7.266303e-06 0.010578123 4.6280375e-06 0.004367866 0.0005967216 1.0301269e-06 0.23102951 2.1939319e-05 0.05354656 7.094782e-05 0.0018927556 1.5580901e-05 0.00011937424 1.4398938e-06 2.840134e-05 3.7840815e-07 3.1975088e-07 2.2174785e-05 4.510907e-06 5.078595e-07 6.157636e-09 0.002138355 0.00606712 9.566411e-07 0.0001335445 3.2466292e-07 1.8269608e-05 0.000115762974 1.8761044e-05 1.3336522e-07 0.00040018733 0.00013220748 2.9138616e-07 9.749688e-07 1.3726486e-07 0.0023630944 0.30278623 1.0756611e-07 0.47426695 1.2897694e-07 0.2210675 2.0172855e-07 1.4657086e-07 0.03064129 0.0004297131
0.72497857 0.11915418 0.008917731 0.00090219517 0.01164612 0.00091645337 0.7669955 0.2622328 0.007954069 0.053116687 0.12200453 4.410168e-05 0.0029665136 0.00016125065 0.07156143 0.43287307 0.0005352548 0.7237339 0.00083530415 1.7667171e-06 0.0016016753 2.0359616e-07 0.00034113263 0.0023596229 1.5370807e-13 3.7125153e-07 0.0002592037 0.036679372 0.00047264952 0.08778998 5.1029275e-07 9.920347e-06 0.19768359 2.347978e-06 0.014062244 0.0024635398 1.4879457e-05 0.83227205 7.429103e-08 1.2176441e-05 7.758938e-07 0.9704585 6.5867156e-05 0.018196404 4.3489155e-08 1.9530708e-06 7.6052106e-07 9.1776164e-05 9.247886e-09 1.984161e-07 0.00048324562 1.0167167e-08 3.282352e-08 0.007961909 0.0003239697 9.743112e-06 2.8931897e-06 0.23123395 0.0010542269 0.49085164 7.7973255e-07 9.320405e-08 0.124290906 1.7340972e-05 0.16281043 7.574813e-06 0.37342438 5.8990963e-08 0.09091153 1.7773333e-06 6.5860654e-08 0.003912685 9.441587e-09 2.1360152e-05 1.0072586e-08 1.5810523e-06 0.0022426478 0.23090069 4.6289531e-07 3.973455e-09 6.0218625e-08 0.040991716 0.0018711977 1.5459605e-05 9.518906e-09 1.2745474e-09 0.099821 0.049394313 4.2271093e-08 0.0004489459 0.0006023299 0.11461823 0.0033545 2.1321092e-09 0.0260748 4.956426e-06 0.0015193111 6.840366e-07 1.7333586e-10 0.062226787 1.792046e-07
0.78315276 6.375655e-05 0.0068208254 0.02648495 0.00026518508 0.0031046635 1.7120311e-06 1.5896246e-06 0.0010541917 1.1831482e-05 3.8517745e-05 0.07909855 0.4457285 0.06503633 5.088708e-05 4.2658117e-05 0.006782283 1.6397322e-05 0.015852693 0.8752574 1.5344418e-05 0.8328373 0.018544767 0.0038008657 3.7125153e-07 2.448059e-20 0.12515023 2.74728e-06 0.07171334 1.07247956e-07 0.8736758 0.43832177 7.051758e-05 0.52566975 7.6656704e-07 2.8892921e-07 0.025562007 4.4756208e-09 0.84946483 0.41369516 0.6965412 4.3448472e-07 0.00026353297 3.9697665e-05 0.5476003 0.3260307 0.41080177 1.7030567e-08 0.4851645 0.44148627 2.3347905e-06 0.3972887 0.7096667 2.0564455e-07 0.46833178 3.633151e-07 0.2060462 3.1380594e-05 1.5525506e-08 4.2415082e-05 0.49269605 0.18427454 0.00026030256 1.6038488e-06 0.00026336766 7.68642e-06 7.890935e-06 0.059267648 1.0427051e-08 0.044532336 0.16643308 4.4989882e-08 0.01236213 1.0464048e-06 0.022425089 0.0036571622 1.8365746e-08 5.4250263e-06 0.2574371 0.10141726 0.20571801 2.977373e-08 0.0064475257 8.734869e-06 0.09855103 0.0042230813 1.4248081e-06 9.4615075e-07 0.0066479943 3.123888e-07 3.919986e-09 2.5532481e-06 0.0021682344 3.501723e-09 0.0014995591 0.00056371844 0.0073523275 0.00069469603 0.04645478 3.8699613e-06 0.06838418
0.9896978 0.0244173 0.41891888 0.27048576 0.110494524 0.58302355 0.0013437106 0.0011119988 0.23023123 0.03659399 0.010949145 0.64210904 0.29843393 0.8174262 0.16299723 0.004566335 0.11213448 0.000792513 0.8787588 0.4815369 0.030953432 0.04510138 0.08135102 0.47201812 0.0002592037 0.12515023 4.3736245e-14 0.00010698292 0.066439755 4.3533523e-06 0.06416063 0.77975136 0.007085292 0.3354838 0.0006403015 0.1760768 0.035792444 1.9219122e-05 0.009011762 0.026137594 0.043358874 0.00028718828 0.028570766 0.041468564 0.01675632 0.06789576 0.030556714 0.0006326275 0.0030823338 0.018822137 0.720006 0.0017959994 0.0012603559 7.5976395e-06 0.72210634 0.0009313746 0.0013826509 0.0019378823 2.1934193e-05 0.0013567132 0.007800633 0.00027324623 0.040234763 6.731048e-05 0.0049019023 0.0010810113 0.00095767266 0.0004629042 0.00012980017 0.00013606665 0.0013163537 6.8460054e-07 2.4915526e-05 6.420693e-05 0.00023675518 0.00027499357 1.12510214e-08 0.0004824235 0.03412009 0.00017117406 0.0017959721 3.1456204e-06 0.0012000079 0.0024164957 0.0010417113 1.3312772e-05 8.5085754e-05 7.08935e-05 2.9880472e-05 1.4033212e-05 9.3819165e-07 0.00015752218 0.20973969 1.1868256e-05 0.24294525 5.3735683e-05 0.46797225 5.338286e-06 0.00010277551 0.0034462397 0.0018955085
0.006033849 0.24906608 0.00024290117 0.003454385 0.027665734 0.0035053538 0.2623555 0.70301664 0.095984176 0.5616611 0.074501984 0.0005584564 0.004239729 0.0008118127 5.551339e-05 0.036375824 0.0041772574 0.074539386 0.001793876 0.00013956931 0.20040344 8.7989704e-08 0.0040446618 0.00090522016 0.036679372 2.74728e-06 0.00010698292 2.0721773e-14 0.0043049883 0.85725546 6.9174e-06 5.4238203e-06 0.006827977 1.6792153e-06 0.70673364 1.2124816e-07 0.0007750275 0.32801738 1.7512306e-06 1.7427114e-05 1.7671147e-06 0.008692526 0.0026455976 0.00044976012 2.514787e-07 1.094455e-06 1.2325571e-06 0.12303818 2.2922148e-07 2.2220025e-05 6.686285e-08 7.5130494e-08 7.574303e-07 0.26072016 3.5815214e-05 0.0052216644 1.5692781e-06 0.0012961241 0.20229046 0.0012487542 7.6402985e-06 1.5823646e-06 0.0017287128 0.005689859 0.0010290882 0.00037420294 0.0030454965 2.2429629e-07 0.0012329605 8.15313e-06 1.0524327e-06 0.01091487 6.551898e-08 0.011943485 2.6551401e-08 3.8510193e-06 0.0010381133 0.0012626924 5.2059215e-07 3.2042806e-08 1.277535e-07 0.0033434064 0.0003032303 0.000108259796 1.2340692e-07 1.4315322e-08 0.0013728648 0.0016406388 3.893166e-07 0.093003884 0.032984756 0.0012536297 0.0012960982 4.22549e-06 0.005633439 2.2532131e-05 4.1528354e-05 3.245656e-06 1.2338602e-08 0.0020490438 1.1764659e-07
0.03010912 0.22278458 0.003691346 0.61216676 0.11489711 0.115645155 0.00575856 0.008439814 0.39055467 0.04367439 0.014663763 0.29787865 0.68425155 0.15746477 5.8995406e-06 0.0072560823 0.7598758 0.0007530161 0.05257522 0.40579593 0.13549958 7.733165e-05 0.952572 0.011006737 0.00047264952 0.07171334 0.066439755 0.0043049883 6.5740303e-19 0.00032479595 0.06608106 0.05686957 0.00021575435 0.063235946 0.0035222496 7.3016566e-09 0.88068384 8.972767e-05 0.008357416 0.5097202 0.012983863 0.000100813515 0.8959919 0.00024287336 0.0031448049 0.0044043846 0.004972284 0.008826613 1.2862098e-05 0.012331046 2.3568415e-08 0.0003402572 0.00087656156 0.00013361673 0.014891517 0.018377481 0.12573549 4.688823e-05 7.35294e-05 0.000261446 0.0017668216 0.00014509368 0.0007680658 0.00072672905 0.00019366913 0.008192151 0.0013040138 3.5212503e-05 2.6960692e-05 0.0062942067 0.001164602 3.6200192e-05 1.1163419e-05 0.00018155175 4.539248e-05 0.0037083686 1.2287135e-06 0.00016596487 0.00020723244 2.7856071e-05 0.00022879227 1.5920574e-05 0.09259168 0.010298166 0.000880761 1.44105825e-05 3.600978e-05 0.00013967315 1.4734856e-05 4.9248036e-05 3.4123348e-06 2.2874261e-05 0.005251045 0.025029676 0.0074201366 0.00011734411 0.00023334105 1.6670543e-05 3.9851834e-06 2.8020638e-06 9.626585e-05
0.0036741502 0.09220836 4.9884376e-05 0.00011003272 0.005630834 0.00012226249 0.28988582 0.64909375 0.013324014 0.1675407 0.029847374 4.917081e-06 0.00028161824 5.4744673e-06 2.100412e-05 0.021005046 0.00013463928 0.05741458 4.5744397e-05 1.3238347e-06 0.0043634423 6.7381323e-09 0.00016449361 8.2979e-05 0.08778998 1.07247956e-07 4.3533523e-06 0.85725546 0.00032479595 5.2712756e-17 2.8310018e-07 2.5584455e-07 0.004481725 6.3425574e-08 0.16761324 3.55788e-08 0.00020253792 0.7789169 1.5238355e-07 4.251866e-06 1.7538788e-07 0.013980511 0.000104235616 1.9862457e-05 1.2873234e-08 1.2372048e-07 7.137607e-08 0.0009987438 1.5491823e-07 2.6544922e-06 1.7233125e-08 1.2057676e-08 1.0654936e-08 0.64189094 3.5463907e-07 2.0871732e-05 1.2238019e-06 0.0010751946 0.021440616 0.0023723363 3.5646437e-07 4.2738957e-08 0.002083527 7.210344e-05 0.0009849584 4.2675224e-06 0.009862099 1.4398486e-08 0.0016648126 7.419598e-07 6.344869e-08 0.050940122 4.042685e-09 0.00020986989 2.7352764e-09 1.5588607e-06 0.0023427163 0.003521242 3.201078e-09 2.8053254e-10 8.247941e-09 0.0024404414 3.3559812e-05 2.1336766e-06 5.6654783e-09 4.8927845e-10 0.0009033923 0.0012153696 6.683171e-09 0.031172317 0.055106778 0.00106938 0.00033768624 1.623088e-07 0.001680872 2.527066e-06 4.0311947e-06 1.3049006e-07 2.1834275e-10 0.0041799815 2.4664355e-09
0.8253268 9.106579e-05 0.06690873 0.051544897 0.00028870904 0.0040987795 3.9558154e-06 5.0025033e-06 0.013399241 0.00070854265 1.8543797e-05 0.0617027 0.26637036 0.039889097 0.0007622493 1.6245158e-05 0.02148141 9.028569e-07 0.008545091 0.8701163 0.00077630987 0.7106786 0.03715603 0.0024206024 5.1029275e-07 0.8736758 0.06416063 6.9174e-06 0.06608106 2.8310018e-07 4.343814e-17 0.3900106 5.9477625e-06 0.75221187 2.0463106e-06 0.00056463317 0.08074256 1.6044798e-07 0.92901355 0.30756184 0.56199425 9.053074e-07 0.0011134596 3.939535e-05 0.7860099 0.4022222 0.5207722 8.758128e-07 0.25698614 0.28250918 0.0029125896 0.17808142 0.21311936 1.4696662e-06 0.3110394 5.2455243e-06 0.08529925 1.9515617e-05 3.2957442e-07 9.004137e-06 0.18658051 0.03335206 0.00034622374 5.4881316e-06 8.596598e-05 9.1546235e-06 1.4329856e-06 0.017461369 2.6866328e-08 0.014498988 0.019361861 1.2203537e-07 0.00341186 3.5939363e-06 0.0056518535 0.0021941927 2.2533492e-08 9.920918e-07 0.13829495 0.0029787903 0.043446355 9.0872355e-08 0.011042152 2.4675748e-05 0.0129388 0.0005105333 7.485311e-07 1.3790833e-07 0.00091008225 5.2839863e-07 1.6117207e-08 1.3932844e-06 0.00281718 2.9888167e-07 0.0006452764 0.00030142858 0.031533092 0.00031465926 0.002072799 8.590775e-06 0.014890991
