1.9823502e-17 0.031098051 0.17695193 0.3184556 0.038821958 0.7903625 0.363067 0.059920054 0.44607306 0.9660669 0.04503911 0.0033345446 0.24951641 0.0018495299 0.7218417 0.9409074 0.9279705 0.9328484 0.7929615 0.32664433 0.9730199 0.9322733 0.7776859 0.0015874971 0.40539527 0.8408719 0.045506347 0.06217234 0.09408082 0.98861146 0.37190795 0.0002328713 0.50487715 0.5717634 0.028663721 0.01969377 0.9744328 0.93512297 0.96296513 0.9361099 0.9868569 0.9745658 0.9845448 0.90021384 0.9682648 0.0026477303 2.4018153e-05 0.0013690784 0.0141213825 1.1064903e-06 0.63315856 0.91591847 0.9526184 0.28675005 0.96422416 0.9080212 0.3818066 0.22084934 0.42505375 0.87863 0.97505 0.97142476 0.98686594 0.8859135 0.9685621 0.9771355 0.96608114 0.5871495 0.97145 0.9371335 0.98868287 0.9445551 0.5963587 0.99283504 0.9864759 0.014140784 0.99295914 0.004485054 1.5839234e-05 0.9993026 0.24274015 0.9989278 0.99107677 0.11364492 0.063379824 0.003051173 0.9960955 0.0002898349 0.99905694 0.9986108 0.0133786835 0.99953777 0.98680896 0.90113014 0.99984825 0.997929 0.9993291 1.6377335e-05 0.99988836 0.99634767 0.999891
0.031098051 6.2452014e-12 0.6720468 0.9069688 0.9844861 0.4403642 0.84809345 0.1609657 0.6200293 0.33101478 0.1356653 0.0063733426 0.014636414 0.007335365 0.036557518 0.085529335 0.05980435 0.082719 0.0013258419 0.0007184782 0.002932136 0.002235584 0.001129633 0.00062561623 0.000114918854 0.00059710926 3.0774576e-05 6.42932e-05 7.66525e-06 0.0008233407 0.00030049405 6.1105275e-05 0.0007845927 1.4328818e-06 2.403997e-05 1.7667398e-05 0.016503405 0.03424275 0.0295226 0.0037327127 0.0009732029 0.00021402001 0.00057463185 0.00010636418 0.023507385 1.3174689e-05 2.2157717e-06 0.00013546422 0.00011071439 2.4005867e-06 6.0324473e-05 0.00061964465 1.9918378e-05 1.0206294e-05 0.001381414 3.6472356e-05 2.668331e-07 5.6230685e-05 1.6408099e-07 1.7876648e-05 0.005352823 0.02640807 1.5661848e-06 6.8090117e-06 0.020685691 0.000110328096 7.129267e-08 3.2934474e-07 0.0003885279 1.828404e-05 0.013262492 1.6246605e-06 1.8924658e-07 0.0034897665 0.0013853078 7.6196325e-06 0.00026485094 2.3705009e-07 0.00019253952 2.8312827e-05 2.5360955e-06 0.0011797535 9.8718796e-05 1.0722765e-06 1.7838036e-07 2.0835913e-07 0.00011794526 3.6354837e-07 0.0011107217 0.0008372485 3.9609625e-07 0.00012467342 2.9302461e-08 1.2544524e-05 0.00027932008 1.15542e-05 0.00014685623 3.000543e-07 2.4943696e-05 9.097555e-06 0.003104187
0.17695193 0.6720468 2.4808562e-15 0.9700603 0.49993542 0.8012807 0.61251295 0.23208365 0.46434292 0.88805735 0.08441752 0.002647089 0.4549998 0.0015167958 0.0713242 0.23756109 0.3125006 0.47786978 0.0062678615 0.0013321233 0.019326761 0.005115219 0.0014264022 2.3791616e-05 6.4116306e-05 0.00035597858 1.166407e-05 1.1771235e-05 0.00011049668 0.00017498099 3.3206303e-05 1.3340975e-05 6.3292864e-05 1.3904923e-05 9.890336e-06 1.4561773e-05 0.0380013 0.16088982 0.2156561 0.0033308354 0.0048780884 3.2840133e-05 0.0012175459 6.592742e-05 0.1269024 1.476931e-05 1.4924734e-07 2.4280757e-06 4.139879e-06 6.6283116e-07 9.4942836e-05 2.9146595e-05 5.151728e-05 9.317615e-06 0.022338437 1.10153715e-05 2.0747507e-06 5.229605e-06 1.2441259e-06 8.1083385e-07 0.08792896 0.34042767 1.820924e-06 2.5243116e-07 0.30137402 0.0038368092 5.3835215e-06 7.5306843e-07 9.203895e-05 1.0683259e-05 0.123257905 1.5690027e-06 2.6230271e-05 0.014209593 0.010158208 9.868459e-06 0.0056272885 1.2437439e-06 2.6941983e-05 2.931508e-05 8.882832e-07 0.023643825 0.00022416853 9.922367e-07 8.0967e-09 4.748309e-08 0.003186644 9.67263e-08 0.001957917 0.003677049 7.596867e-09 0.0004947463 4.044786e-07 2.952524e-06 0.00027046952 1.1906204e-06 0.00030689893 1.1747169e-07 2.3022598e-05 0.0006895329 0.0018327364
0.3184556 0.9069688 0.9700603 4.9479234e-16 0.8283471 0.5931602 0.8571255 0.19411933 0.7120841 0.64761245 0.23658805 0.008910591 0.0823531 0.0055115665 0.022744693 0.3584022 0.3298966 0.31592646 0.0067745834 0.0033177307 0.013410293 0.0076416614 0.0039993566 0.000891345 0.0003541313 0.00071511255 0.00019583268 0.00019033067 1.974968e-06 0.0010704012 0.00014924986 0.0002072281 0.00023553747 5.0617336e-07 5.9126334e-05 6.038396e-06 0.018100495 0.13033624 0.085229345 0.00045722158 0.019511163 0.0018654497 0.0049542645 0.0008926525 0.04824334 6.9328134e-06 3.8113046e-06 3.6479694e-05 2.2651664e-05 9.36215e-06 2.1172935e-05 0.0012119419 0.00068418094 4.774706e-06 0.0024477101 2.0135378e-05 5.984969e-08 2.3794315e-05 3.129409e-08 2.9807865e-05 0.020104652 0.070035875 1.4048611e-05 2.9041064e-06 0.053609423 0.0006935819 5.992142e-06 1.16161914e-07 0.00021910685 4.193461e-05 0.027904134 3.5818405e-06 6.032185e-08 0.013085826 0.005990949 1.3419381e-06 0.0015018793 3.236524e-07 0.00017036175 0.0003371905 1.8062693e-06 0.0074495724 0.0011312539 2.181228e-06 7.648335e-07 1.4382861e-07 0.0015087081 1.4111144e-07 0.004994367 0.0035697673 9.282067e-08 0.00063869084 1.3464863e-08 2.018583e-05 0.0006434135 0.0001503305 0.000713396 5.5157966e-07 0.00026043988 2.0786256e-05 0.00592179
0.038821958 0.9844861 0.49993542 0.8283471 1.1403138e-12 0.088065855 0.9483996 0.06306685 0.68289846 0.15610486 0.4394306 0.020919546 0.0066801296 0.021920815 0.011228219 0.15528013 0.08172857 0.06582409 0.011758363 0.00334234 0.0104444 0.0064798477 0.0058351783 0.0026074306 0.0010716193 0.001576457 0.00027584535 0.00063635065 3.1671825e-06 0.0023741731 0.0012322605 0.00053936045 0.003520552 5.689888e-07 0.00016162707 3.031972e-05 0.0044116788 0.037552305 0.014216999 0.000863399 0.0048273876 0.0028397331 0.0011002423 0.0008597004 0.011140431 2.4294725e-06 1.6317561e-05 0.0005980194 7.359199e-05 1.3246222e-05 2.3376433e-05 0.0016265567 3.4240853e-05 9.660885e-06 0.000989838 3.3469263e-05 9.352156e-08 0.00019232003 1.02757625e-07 0.00016959936 0.0040149335 0.014896 1.3310665e-05 2.7653532e-05 0.016898457 5.190316e-05 4.4575893e-07 1.1518124e-07 0.0001448643 1.27739495e-05 0.011705123 1.4683627e-05 1.9537078e-08 0.0019226108 0.0007740577 2.0677107e-06 0.00025873983 1.0349524e-07 0.0001071563 1.891082e-05 3.6862602e-05 0.0008218517 0.00012236934 8.017347e-06 1.0357428e-06 1.1148561e-06 0.00018159885 1.9724423e-06 0.0007363147 0.00047961625 2.9445441e-06 6.146296e-05 8.247186e-09 2.6957481e-05 0.00027265455 3.6474685e-05 0.00014823263 5.3743577e-07 3.8640374e-05 2.612366e-06 0.0018320923
0.7903625 0.4403642 0.8012807 0.5931602 0.088065855 2.6906129e-15 0.19412549 0.95035505 0.07812076 0.8603337 0.013014563 0.0016959474 0.6155857 0.0014524035 0.66999453 0.055413358 0.22151428 0.38252893 0.0011460836 0.0003650059 0.017550588 0.00942468 0.0011965008 0.00015245735 2.5432562e-05 0.00013598998 1.0170411e-05 1.1253206e-05 1.5940903e-07 0.0003853316 8.417956e-06 4.691337e-05 9.7549986e-05 1.723126e-07 2.3890838e-05 3.8297153e-06 0.60524154 0.07924881 0.52591395 0.2731419 0.012040338 0.00025693772 0.003792534 8.180432e-05 0.5773398 0.0015875992 5.8631167e-06 0.00020182335 0.0025518048 2.870497e-06 0.0124687115 0.00015521409 8.466008e-05 0.00172124 0.2059608 0.008273132 8.193271e-06 3.4991174e-06 4.4561994e-09 2.948111e-07 0.30934763 0.19353808 2.2340862e-07 1.108002e-07 0.24831146 0.05693702 5.8753017e-06 6.2782014e-08 0.012257163 0.0058762864 0.098261505 3.1152528e-08 1.0739673e-06 0.06804713 0.07576515 5.4004886e-05 0.03299148 1.307513e-05 7.31783e-05 0.010096155 1.3926515e-07 0.07048715 0.00048229375 2.6283857e-07 8.297887e-08 3.7756372e-08 0.03652976 2.8766078e-08 0.022663768 0.024306808 5.713705e-09 0.0014898448 1.29094715e-05 1.8733892e-06 0.0013371196 7.361539e-06 0.0009953445 3.9129738e-08 2.3302491e-05 0.00017727626 0.0463532
0.363067 0.84809345 0.61251295 0.8571255 0.9483996 0.19412549 6.2948975e-14 0.06648018 0.941454 0.19095552 0.76090753 0.28154922 0.009461202 0.19421819 0.0020907046 0.5363741 0.34379205 0.15089074 0.10006944 0.01017339 0.02552126 0.01579001 0.0073452354 0.012763765 0.0007900958 0.0010789874 0.00094224286 0.0006910486 1.9194092e-06 0.0018396629 0.0003936729 0.0011529077 0.00057317317 2.0945288e-07 0.00022300537 7.003991e-05 0.0016505618 0.111233 0.024676519 0.000107194326 0.011499939 0.0003474559 0.0023405736 9.997033e-05 0.010861193 2.9817417e-07 3.5558292e-05 0.002172457 2.7790784e-06 3.850911e-05 3.9352594e-06 0.0009058865 0.00026892734 3.0559997e-07 0.00056719454 5.930566e-06 4.2965995e-09 8.8648914e-05 1.6478028e-08 1.6882144e-05 0.006088305 0.045548882 1.7711176e-05 2.962718e-06 0.031337526 6.6796994e-05 1.33909425e-05 1.4114576e-07 0.00014741188 1.5685351e-05 0.026895942 4.0171485e-06 1.7085064e-08 0.007499596 0.0012297342 2.2475012e-06 0.0002796666 1.8382718e-07 8.070652e-05 1.354525e-05 4.9645914e-06 0.001872417 0.00032111243 1.2215164e-06 1.3691964e-06 4.0118556e-07 0.00036929935 8.593523e-07 0.0020866697 0.0008550871 3.4278554e-07 0.00022080638 1.630846e-07 7.618692e-05 0.00037091802 6.571294e-05 0.0002752948 1.0547085e-06 6.314739e-05 2.0591763e-06 0.0041256472
0.059920054 0.1609657 0.23208365 0.19411933 0.06306685 0.95035505 0.06648018 1.0281994e-15 0.013454494 0.37916994 0.0168398 0.0011616853 0.37515876 0.0006561766 0.9557659 0.0015521157 0.009374191 0.038215015 0.00021422484 5.892656e-05 0.0010995285 0.00029071321 9.319415e-05 2.8208122e-05 9.089984e-06 4.6209614e-05 9.1291435e-07 8.950281e-07 2.6863423e-05 8.307948e-05 1.5342004e-05 1.43603975e-05 1.7373382e-05 1.2448498e-06 2.1398666e-05 6.4218284e-06 0.4526325 0.0037126804 0.094012395 0.2848227 0.0005294605 4.6705383e-05 0.00016019442 8.51857e-05 0.18473582 0.001299741 6.441392e-07 1.5651283e-05 0.018213661 9.215972e-07 0.04086003 8.148501e-05 1.5291258e-05 0.01807836 0.048503004 0.0037344042 2.2396125e-06 0.00016086511 2.8121497e-07 2.7823135e-06 0.047562603 0.025343964 8.813777e-06 2.0049677e-06 0.03791346 0.006671831 2.4700103e-06 1.334324e-07 0.0021697632 0.00046845968 0.0063646785 2.233014e-06 1.4952231e-05 0.0030031414 0.00504691 0.000589791 0.0039210264 0.00094791566 0.00011468587 0.00052597583 1.8612797e-06 0.0020598425 9.334366e-05 4.8041227e-07 6.249453e-09 3.408988e-08 0.0020271204 5.201197e-07 0.0014083402 0.00067092205 3.126038e-08 0.00022753522 7.9690224e-05 1.1897935e-05 0.0009766454 2.4603783e-06 0.00045521607 5.590931e-07 0.00011928116 0.0010494557 0.003576644
0.44607306 0.6200293 0.46434292 0.7120841 0.68289846 0.07812076 0.941454 0.013454494 1.6387515e-15 0.18173632 0.8900722 0.6146351 0.036429152 0.47738895 0.0007924944 0.81231076 0.4761931 0.31922776 0.63623554 0.33790073 0.116968244 0.12087426 0.25753263 0.17808524 0.07509204 0.036168586 0.06990612 0.033822306 0.0020469122 0.0397104 0.0075942897 0.02142146 0.002437371 3.4774744e-06 0.0047479975 0.0001553724 0.00062719185 0.26091915 0.035572927 9.150263e-05 0.044066284 0.00015540722 0.009334617 6.3712185e-05 0.004172355 2.801147e-08 0.00024316166 0.0016841309 6.4493946e-07 0.0003200317 1.8976716e-06 0.00052961975 0.0004713895 1.2664905e-08 0.00021101083 1.234391e-06 9.2645824e-10 3.3787725e-05 5.0800915e-09 6.2953854e-06 0.0041934787 0.046108622 3.0961464e-06 7.5159045e-07 0.020997033 1.796175e-05 4.0513555e-06 2.8633714e-08 6.520647e-05 2.3772145e-06 0.020116039 1.3963585e-06 1.3028506e-08 0.012100617 0.0006827186 1.1699312e-06 0.00046085307 2.8835181e-08 1.0361079e-05 2.7832532e-06 3.10847e-07 0.0030475643 0.00032525536 3.7589362e-07 2.7125786e-08 2.5744761e-08 0.0006603037 6.9711206e-08 0.0025842187 0.0037674676 1.1076125e-08 0.00062402256 1.2856407e-07 5.8385125e-05 0.00035750936 1.2722657e-05 0.00021621471 1.169373e-07 9.916838e-06 2.1297349e-06 0.0044860635
0.9660669 0.33101478 0.88805735 0.64761245 0.15610486 0.8603337 0.19095552 0.37916994 0.18173632 3.3038213e-15 0.022552455 0.004470119 0.91704565 0.0023372835 0.13381743 0.22087544 0.53324324 0.84310895 0.0048590517 0.0016754442 0.01792731 0.011242652 0.001493782 0.0010783162 0.00017144199 0.00034030277 0.00011767494 0.00013470952 6.640364e-05 0.0009801607 9.338302e-05 0.0001823856 0.00010862104 0.0008043839 0.0002462895 2.4065994e-06 0.077821694 0.49793184 0.5317161 0.016194994 0.024789209 0.00038884653 0.0059491103 0.00021673414 0.26703867 0.00014053335 1.7255088e-05 0.00013029292 0.00010285062 5.5543806e-06 0.0009043384 4.4228924e-05 0.0004177451 3.6761918e-05 0.019209115 0.0006112792 7.66935e-05 3.4874377e-06 1.3378727e-07 5.254516e-06 0.23550485 0.44370803 1.7977763e-06 1.1887257e-06 0.49058726 0.008430635 4.958594e-05 8.4643443e-07 0.0011529473 0.0005765762 0.29544148 7.4812783e-07 1.1731799e-05 0.07850413 0.07913066 1.3653778e-05 0.01252814 1.0884049e-05 8.652808e-05 0.00088608055 4.7068377e-07 0.08321183 0.0023343554 5.974556e-06 9.0668544e-07 2.5777692e-07 0.024385657 2.496588e-07 0.045905434 0.07262885 3.6070976e-08 0.010105519 2.4726344e-07 3.97334e-06 0.0029056633 6.470064e-05 0.0032682356 1.0383865e-06 0.00033985634 7.657261e-05 0.027944772
0.04503911 0.1356653 0.08441752 0.23658805 0.4394306 0.013014563 0.76090753 0.0168398 0.8900722 0.022552455 1.2611816e-13 0.9237696 0.0035632593 0.918778 0.0015201482 0.33566278 0.11458907 0.04614326 0.18585035 0.06134412 0.015785936 0.02492196 0.05024446 0.43613723 0.030556124 0.007916409 0.022031236 0.015649904 0.0002556669 0.0086230915 0.016557416 0.023780446 0.0072141136 8.782191e-07 0.011537623 0.0010367633 0.0004957502 0.034992844 0.004253416 0.00013718473 0.0014728085 0.00016320992 0.00079200824 0.000105583575 0.0020425858 1.4553736e-07 0.00033563655 0.008276659 4.9011633e-06 0.00020105492 2.3664918e-05 0.0015902077 2.258486e-05 1.2918703e-06 5.730896e-05 1.3299208e-05 7.3840067e-09 0.00016503886 9.479992e-08 3.056953e-05 0.0014859575 0.0049135964 2.6127773e-06 8.070763e-06 0.0054639657 1.2709316e-05 1.5059784e-06 2.1108337e-07 0.000103615384 5.815581e-06 0.004273198 8.416298e-07 3.1885268e-08 0.0025363218 0.0003467152 4.6040013e-06 0.00012305877 1.3051171e-07 0.00011807896 1.0738214e-05 1.7988069e-06 0.00031569536 4.1718333e-05 4.7949777e-07 1.0488206e-06 7.147276e-07 5.937507e-05 3.405987e-07 0.000528872 0.00028408805 1.8500252e-07 6.676547e-05 2.572352e-07 2.3110239e-05 0.00021795832 8.9656805e-06 0.000113258546 1.18247584e-07 6.847543e-06 1.6565999e-06 0.0017905125
0.0033345446 0.0063733426 0.002647089 0.008910591 0.020919546 0.0016959474 0.28154922 0.0011616853 0.6146351 0.004470119 0.9237696 1.2301249e-14 0.00038276106 0.98644614 0.00077616185 0.11743948 0.030498685 0.014956704 0.05136203 0.018906076 0.00629895 0.01297362 0.020566747 0.45175517 0.017248016 0.0061862753 0.014246303 0.009491767 7.5805554e-05 0.004161298 0.013066299 0.024476634 0.0040744683 1.8206e-07 0.0059528956 0.0007014803 0.00030728139 0.011468997 0.0013963933 0.00014135706 0.002286809 0.0007421403 0.0014104841 0.00020338417 0.0017792583 1.8632643e-07 9.1724105e-05 0.0009426186 1.0798483e-05 0.00010882446 2.0723592e-05 0.0008596283 3.396726e-05 1.9853337e-06 0.0002453209 2.7876322e-05 3.898066e-09 0.00013828969 5.3710135e-08 3.915369e-05 0.0009172184 0.0019665738 2.9064945e-06 2.1203467e-05 0.0021859156 3.808153e-05 2.6986234e-07 9.828326e-08 5.3501026e-05 3.1592906e-06 0.0015383234 1.0037969e-06 2.956529e-09 0.00073533965 0.00023116884 7.1719114e-07 0.00036599307 1.789714e-08 2.2085429e-05 1.5180165e-05 5.6219287e-06 0.00015527761 7.4208794e-05 2.8246063e-06 7.339314e-07 1.5856162e-07 7.135664e-05 2.4970734e-07 0.00021276013 0.00018319445 8.949764e-08 3.3169305e-05 1.18448655e-08 1.0716136e-05 0.00014597458 8.303342e-06 9.801429e-05 3.0375674e-08 5.0999092e-06 4.144894e-07 0.0009592151
0.24951641 0.014636414 0.4549998 0.0823531 0.0066801296 0.6155857 0.009461202 0.37515876 0.036429152 0.91704565 0.0035632593 0.00038276106 3.2969674e-18 5.9315367e-05 0.24549955 0.23148529 0.58443356 0.8362627 0.009143242 0.0019009548 0.10594918 0.056731112 0.004147318 1.32846935e-05 0.00015322624 0.0015882163 1.4652489e-05 1.21610165e-05 7.805168e-05 0.003942399 7.799729e-05 9.036559e-06 2.3588329e-05 0.0019891867 1.7406625e-06 4.6206023e-06 0.6393217 0.6545828 0.9236867 0.28494793 0.04937793 0.00067421404 0.014440189 0.00045384583 0.7841582 0.0025046987 1.9724337e-07 1.8186835e-06 0.0005580683 1.0826779e-07 0.0072129616 0.00031952545 0.0027447008 0.0013573681 0.25806546 0.0029781 0.007876932 2.0838277e-05 5.282182e-07 6.1089804e-06 0.56973916 0.40831363 8.868679e-05 2.7038645e-06 0.5767285 0.07802461 0.00018223365 7.785044e-05 0.010608243 0.0026597162 0.19876927 2.336763e-05 0.0035523963 0.038400475 0.14594407 0.0009499179 0.0336832 0.00027496682 3.3894498e-06 0.0022539818 6.7213336e-06 0.1046619 0.0012909959 6.6997316e-05 2.6819671e-07 2.462836e-08 0.039560582 3.369569e-07 0.029625835 0.015736297 1.2226394e-07 0.0033697188 3.4231416e-05 3.4382538e-05 0.0018885356 2.1144774e-06 0.00072967185 1.2633583e-07 0.00019906195 0.020961002 0.014940722
0.0018495299 0.007335365 0.0015167958 0.0055115665 0.021920815 0.0014524035 0.19421819 0.0006561766 0.47738895 0.0023372835 0.918778 0.98644614 5.9315367e-05 3.973053e-13 0.0007950482 0.0786878 0.01691879 0.010093436 0.031560477 0.014423893 0.005179028 0.009576909 0.014010675 0.7732326 0.014570151 0.006694189 0.021736348 0.0067598238 5.8877515e-05 0.0023667142 0.012061162 0.1057674 0.003321004 2.798991e-07 0.008789482 0.0012638773 8.454108e-05 0.010656757 0.0004278501 7.547589e-05 0.001248578 0.0005721967 0.0005004145 0.00014306356 0.00048019658 2.1093385e-07 0.00013243589 0.0012565216 4.9682526e-06 0.0002196263 2.8443474e-06 0.0005026918 4.3041196e-06 3.334056e-07 1.6652413e-05 2.8387813e-06 8.2398115e-09 4.739937e-05 1.690017e-07 4.5258264e-05 0.00012750478 0.0008772891 9.078136e-07 1.2004604e-05 0.0009447924 8.8791654e-07 5.381032e-08 7.085858e-08 3.1589698e-05 2.5546387e-06 0.0007037881 6.5978185e-07 4.1785855e-09 0.0002627395 6.198402e-05 1.9530195e-07 4.355256e-05 5.4060476e-09 0.0001242876 6.8695535e-06 2.0336165e-06 9.16844e-05 3.3040556e-05 7.7825564e-07 5.166702e-08 4.0864805e-08 1.6591748e-05 2.238693e-07 0.00011485607 4.1999487e-05 4.4662084e-08 1.0404974e-05 9.2733693e-10 3.58208e-06 0.00026202385 1.5703778e-05 5.6538967e-05 1.7602673e-08 1.1814502e-05 1.7904779e-07 0.00034841633
0.7218417 0.036557518 0.0713242 0.022744693 0.011228219 0.66999453 0.0020907046 0.9557659 0.0007924944 0.13381743 0.0015201482 0.00077616185 0.24549955 0.0007950482 9.771267e-14 0.0008747106 0.0022433738 0.0110277925 7.29357e-05 1.2043627e-05 0.00046306886 0.00018069483 0.00010088671 0.0001611982 2.0492234e-05 2.193863e-05 6.7935616e-06 1.5699e-05 6.981633e-08 0.00020200052 3.9458853e-05 4.2810207e-05 0.00027537436 9.91626e-08 5.783188e-06 1.2953647e-05 0.8938023 0.004499178 0.14139463 0.91638315 0.0003747722 3.8154012e-05 0.00016203854 7.773155e-06 0.48489445 0.10781988 7.847341e-06 0.00048211258 0.10347912 4.294918e-06 0.33798683 3.448986e-05 1.2990723e-05 0.12722243 0.40759388 0.17726389 0.0021156233 8.501372e-07 1.3978694e-08 9.433694e-07 0.11100394 0.018442174 7.422797e-07 2.166714e-07 0.026312536 0.1656672 1.3810885e-06 3.685896e-08 0.1384423 0.057425663 0.0133111365 1.2591076e-07 3.110202e-05 0.008995086 0.051627252 0.017372986 0.0395701 0.008250138 6.859674e-06 0.056506183 3.0470292e-06 0.025052032 4.6733407e-05 1.1131181e-06 2.2292848e-07 2.7248866e-06 0.062988244 1.8700497e-06 0.001944136 0.0014319754 1.2314827e-07 9.778546e-05 0.0020683825 1.425771e-05 3.292587e-05 4.4002235e-07 4.385749e-05 3.9468446e-07 4.3525236e-07 0.0005956692 0.061655674
0.9409074 0.085529335 0.23756109 0.3584022 0.15528013 0.055413358 0.5363741 0.0015521157 0.81231076 0.22087544 0.33566278 0.11743948 0.23148529 0.0786878 0.0008747106 1.890327e-14 0.96712625 0.59163225 0.74584556 0.2358252 0.7460535 0.59752995 0.5464248 0.08225449 0.21016309 0.18154983 0.11018242 0.06527233 0.06903101 0.23913853 0.06300107 0.025792897 0.008736069 0.023145715 0.07162149 0.00013954043 0.0011380988 0.53444695 0.08463894 0.00024913118 0.09831442 0.00058432616 0.026137568 0.00032207885 0.010435699 2.676858e-08 0.0009677996 0.00448797 2.2741697e-06 0.00028562182 8.882481e-06 0.00027105495 0.0022666424 9.8267876e-08 0.00038999872 5.8874e-06 3.587654e-07 4.7402787e-06 2.7519397e-06 2.1581782e-05 0.018491436 0.22436741 2.4559044e-05 3.9327088e-06 0.12936886 0.00015382096 0.00023071538 7.489906e-06 0.00012859407 5.9817216e-06 0.13575137 6.754461e-05 5.8307114e-07 0.07120073 0.008576855 8.019351e-06 0.0027770808 9.228737e-08 8.454918e-06 1.2924303e-05 1.2657408e-06 0.03764241 0.002875504 9.653563e-06 2.6203556e-06 2.080085e-07 0.00559098 6.4503325e-08 0.051319275 0.055614434 8.462242e-08 0.013540177 7.4470215e-08 1.8396153e-05 0.0035571812 0.00013797669 0.0026128846 1.9328303e-07 0.00029554006 1.2445905e-05 0.016723402
0.9279705 0.05980435 0.3125006 0.3298966 0.08172857 0.22151428 0.34379205 0.009374191 0.4761931 0.53324324 0.11458907 0.030498685 0.58443356 0.01691879 0.0022433738 0.96712625 1.0263815e-14 0.94201773 0.24821202 0.037325278 0.5636508 0.2360207 0.13744813 0.015586514 0.029039605 0.03157717 0.014596554 0.01774956 0.02575511 0.033134267 0.012976584 0.004723158 0.001959428 0.0697156 0.0040454236 4.8508053e-05 0.004073631 0.7714258 0.28639492 0.0011971565 0.07366356 0.00044196777 0.029054154 0.00015325984 0.038869254 9.070111e-08 7.03877e-05 0.00034757817 1.4578768e-05 7.256798e-05 3.464834e-05 8.540549e-05 0.0031657317 4.989108e-07 0.0011975877 1.9903471e-05 1.4835608e-06 9.820292e-07 1.185611e-06 1.2809497e-05 0.05796336 0.27213055 1.4936752e-05 9.5212397e-07 0.23811585 0.000663165 0.00016367598 3.409006e-05 0.0001795811 4.893203e-05 0.22110441 4.2734988e-05 2.6484965e-06 0.12342688 0.038997773 2.8809225e-05 0.0042574005 2.4444057e-07 1.9052043e-06 4.5574354e-05 3.830316e-07 0.06583216 0.0026416495 8.984426e-06 6.087674e-07 7.151193e-08 0.010705953 2.31585e-08 0.07172135 0.10534006 6.41359e-08 0.018896215 2.536259e-07 4.3895798e-06 0.003747819 7.582608e-05 0.0032888916 1.7241828e-07 0.00023345099 0.00018323673 0.023202356
0.9328484 0.082719 0.47786978 0.31592646 0.06582409 0.38252893 0.15089074 0.038215015 0.31922776 0.84310895 0.04614326 0.014956704 0.8362627 0.010093436 0.0110277925 0.59163225 0.94201773 1.03729645e-14 0.04482397 0.009498785 0.1368875 0.03558467 0.019851498 0.0028475625 0.0030796437 0.0043762154 0.0024716493 0.0028012064 0.0003909434 0.0018934453 0.0012078118 0.00042243217 0.00012752462 0.041116677 0.00012476418 5.0617683e-07 0.018540753 0.8922886 0.564499 0.0055778357 0.048741624 0.00016023521 0.018124305 4.350656e-05 0.13515285 1.4349494e-06 4.529957e-06 4.6746067e-05 4.2930944e-05 3.6858403e-06 0.00037671745 1.6283951e-05 0.0012187826 1.17596455e-05 0.007836476 0.00020348874 9.420762e-06 8.012742e-07 1.5967895e-07 1.2577264e-05 0.17500456 0.45060736 9.676921e-06 6.749168e-07 0.38401017 0.0048892386 7.742219e-05 1.4247748e-05 0.00057195005 0.00020403616 0.26448834 9.261864e-06 1.4631627e-05 0.16493781 0.10887831 1.4651383e-05 0.01194341 1.2328087e-06 2.7057863e-06 0.0001517693 2.2033949e-07 0.11109601 0.00206786 3.2243436e-06 4.0337e-07 5.867642e-08 0.025708178 6.6932394e-08 0.119659156 0.15917791 1.6448897e-07 0.017020114 5.178479e-07 2.8609722e-06 0.0034300596 1.9328507e-05 0.0017101913 2.9956738e-07 8.213241e-05 0.0006704679 0.03457974
0.7929615 0.0013258419 0.0062678615 0.0067745834 0.011758363 0.0011460836 0.10006944 0.00021422484 0.63623554 0.0048590517 0.18585035 0.05136203 0.009143242 0.031560477 7.29357e-05 0.74584556 0.24821202 0.04482397 2.6967253e-16 0.97031015 0.30851442 0.47468477 0.87635106 0.099398166 0.37018535 0.53622484 0.18342759 0.115552805 0.27446675 0.58967054 0.14269823 0.027449686 0.014271302 0.00055545906 0.08341416 0.003490236 0.00018284886 0.16807744 0.016031036 5.6033154e-05 0.094864435 0.000628561 0.034644857 0.00041947208 0.0033617746 2.7267177e-09 0.0010450367 0.006088891 1.0369278e-06 0.0001903027 2.4621106e-06 0.00017095008 0.0019761345 1.5009741e-08 2.3310871e-05 2.410374e-07 1.417252e-09 8.618791e-06 1.1869121e-06 9.413334e-06 0.002756308 0.035758045 5.527816e-06 9.032936e-07 0.020786682 2.7345059e-06 9.697707e-06 9.620784e-07 4.5626322e-05 1.1507622e-06 0.02215045 1.1685091e-05 4.0528697e-08 0.01720572 0.0015968718 8.102869e-06 0.0003241483 1.1870303e-07 9.80839e-06 3.8697476e-06 8.1507307e-07 0.004626791 0.00087126973 3.4498232e-06 5.6077573e-07 2.0051829e-07 0.00031415885 9.5690254e-08 0.0060878843 0.014871322 8.157029e-09 0.0028766862 1.4699136e-09 4.548372e-06 0.00035743986 1.4817772e-05 0.0005863783 1.2267522e-08 1.3080692e-05 1.4429863e-05 0.004770917
0.32664433 0.0007184782 0.0013321233 0.0033177307 0.00334234 0.0003650059 0.01017339 5.892656e-05 0.33790073 0.0016754442 0.06134412 0.018906076 0.0019009548 0.014423893 1.2043627e-05 0.2358252 0.037325278 0.009498785 0.97031015 5.125576e-15 0.111678205 0.22559251 0.90751123 0.10067385 0.7937547 0.67237604 0.47159916 0.37494263 0.5495424 0.27840576 0.14535663 0.04865233 0.030092932 0.00012408958 0.12682675 0.020959197 9.8838624e-05 0.031794086 0.002631101 3.040514e-05 0.041071348 0.0030204612 0.014803021 0.005080283 0.00072549813 2.261792e-09 0.0015127646 0.008516296 3.6040632e-07 0.00036528136 1.2198889e-06 0.0015830076 0.001790228 1.5429741e-08 4.684088e-06 3.6108574e-07 3.0940797e-10 3.3662705e-05 2.1260194e-06 0.00017609072 0.0005456134 0.0047621983 9.067053e-05 3.4544504e-05 0.0030387745 4.618604e-07 0.00010117605 2.6448845e-06 1.7243212e-05 1.8236803e-06 0.003895456 3.296439e-05 1.4830818e-09 0.0042062015 0.00030164912 1.8898262e-06 9.6007396e-05 1.2147171e-08 3.7337806e-05 4.125635e-06 6.634544e-06 0.001222126 0.0013514614 4.9755996e-05 1.111369e-06 5.730617e-07 0.00010569993 5.741815e-07 0.0018034984 0.0016552015 1.9023038e-07 0.0009268566 5.3218896e-09 2.2665818e-05 0.0009802902 7.8673154e-05 0.0004516091 2.367199e-08 0.0001921389 1.7199287e-06 0.0010196342
0.9730199 0.002932136 0.019326761 0.013410293 0.0104444 0.017550588 0.02552126 0.0010995285 0.116968244 0.01792731 0.015785936 0.00629895 0.10594918 0.005179028 0.00046306886 0.7460535 0.5636508 0.1368875 0.30851442 0.111678205 1.1476653e-15 0.9822944 0.28913176 0.018609675 0.07527638 0.104794525 0.04499015 0.022062918 0.14642417 0.15123175 0.020851713 0.00920588 0.0077332654 0.13587815 0.033590954 0.0010299894 0.0007651378 0.6144815 0.069770895 8.9180234e-05 0.1434774 0.0036565189 0.05860346 0.0029060927 0.0046565155 5.4510082e-08 0.00049920403 0.0026167498 1.3339366e-06 0.00012158066 8.45701e-07 0.00061373966 0.011996091 8.848686e-08 4.5508124e-05 8.020799e-07 9.608983e-07 9.965577e-06 0.00033623967 5.3502605e-05 0.018081414 0.12818463 7.094591e-05 8.753164e-06 0.09860261 0.00012076769 0.0009341603 0.0018881665 9.129582e-06 1.2767415e-06 0.10320987 6.1449944e-05 3.2839837e-06 0.120513014 0.015996886 2.4695416e-06 0.0011494516 1.5738905e-07 2.60934e-05 3.971908e-06 2.5227077e-06 0.028470082 0.008156031 4.217131e-05 2.960433e-06 2.6578903e-07 0.003959435 3.252192e-07 0.088348925 0.19665122 4.7776346e-08 0.03888403 5.2210063e-09 7.687558e-06 0.0058664847 0.00014074822 0.008262503 1.3461673e-07 0.0008339276 0.00077266933 0.021440426
0.9322733 0.002235584 0.005115219 0.0076416614 0.0064798477 0.00942468 0.01579001 0.00029071321 0.12087426 0.011242652 0.02492196 0.01297362 0.056731112 0.009576909 0.00018069483 0.59752995 0.2360207 0.03558467 0.47468477 0.22559251 0.9822944 2.2653268e-14 0.7997665 0.028870845 0.1537547 0.4469291 0.08551933 0.060808487 0.5119418 0.523934 0.054094102 0.02030892 0.023967728 0.16105565 0.06645566 0.0040194863 0.00042537868 0.19115147 0.01712522 0.000109567794 0.15947473 0.011968073 0.06352569 0.016047217 0.0020074006 1.948572e-08 0.0020518843 0.009662688 8.569161e-07 0.00034457084 4.9931066e-07 0.0046257917 0.021921352 6.6373275e-08 5.1220843e-05 1.2783462e-06 1.2872614e-07 0.00014967432 0.00074354734 0.00060877996 0.003705772 0.024211144 0.0006071256 0.00023091701 0.020478312 3.8896815e-05 0.001942985 0.0036007876 2.5438894e-05 4.9393966e-06 0.024957627 0.00039219405 3.2959485e-07 0.030868405 0.003103737 3.3258548e-06 0.0006630354 1.260285e-07 3.1719537e-05 8.374549e-06 2.5550933e-05 0.004829531 0.011520795 0.00034880964 2.833657e-05 9.8626e-07 0.0015877945 2.6844841e-06 0.031295408 0.04968176 3.9749295e-07 0.015464946 1.29210544e-08 0.00017409332 0.005714123 0.00043655984 0.0068180356 9.0382605e-07 0.0023559453 7.346821e-05 0.005323264
0.7776859 0.001129633 0.0014264022 0.0039993566 0.0058351783 0.0011965008 0.0073452354 9.319415e-05 0.25753263 0.001493782 0.05024446 0.020566747 0.004147318 0.014010675 0.00010088671 0.5464248 0.13744813 0.019851498 0.87635106 0.90751123 0.28913176 0.7997665 5.684498e-16 0.06992887 0.4753882 0.92347336 0.23548843 0.17929493 0.74485755 0.7758342 0.21587749 0.042488113 0.06267441 0.0028030633 0.131634 0.011522691 0.00014492082 0.17354089 0.012125807 3.4481607e-05 0.12591624 0.004861826 0.059898783 0.0058087893 0.0027493758 8.5902324e-10 0.0025004826 0.023526954 1.5256686e-06 0.00053136516 6.1409696e-07 0.0044035637 0.011656727 2.9490007e-08 1.8877521e-05 5.8009493e-07 4.7887966e-10 0.00013038813 5.243166e-05 0.00020134603 0.0029586945 0.02680177 0.00012297851 2.2412867e-05 0.016373282 1.8567456e-05 0.00040484685 5.2039017e-05 2.0859534e-05 1.7617e-06 0.0140295 0.00014413586 3.6437373e-09 0.019688312 0.002546613 3.9362953e-06 0.00064206077 2.1465796e-08 0.00017917993 4.0647496e-06 1.5640526e-05 0.003693994 0.003572156 6.586195e-05 1.8039076e-06 2.9186328e-06 0.0006444246 1.9592624e-06 0.007797085 0.01913011 1.6402889e-07 0.0048774024 5.0050337e-09 3.027427e-05 0.0012273575 0.00010030295 0.0012621885 4.2297006e-07 0.00021814131 1.2437707e-05 0.003735054
0.0015874971 0.00062561623 2.3791616e-05 0.000891345 0.0026074306 0.00015245735 0.012763765 2.8208122e-05 0.17808524 0.0010783162 0.43613723 0.45175517 1.32846935e-05 0.7732326 0.0001611982 0.08225449 0.015586514 0.0028475625 0.099398166 0.10067385 0.018609675 0.028870845 0.06992887 2.6028335e-14 0.15227842 0.049211655 0.6530242 0.19332978 6.118703e-05 0.03981075 0.142162 0.987864 0.028224653 3.507326e-08 0.5486549 0.09681834 7.094633e-05 0.0074229296 0.00016665498 6.319612e-05 0.0035478256 0.00062306103 0.00048654646 0.00052905444 0.00040520277 3.8006586e-08 0.0024593181 0.012043778 7.1826713e-07 0.0043288586 1.3438336e-06 0.0012635706 7.027076e-06 1.1235995e-07 2.5698659e-05 1.3004302e-06 2.0514035e-09 0.00062206417 1.2434622e-07 7.410985e-05 5.5164757e-05 0.00034969943 2.6140208e-06 2.3554927e-05 0.00045301797 9.952732e-07 6.5486994e-08 5.2096095e-08 3.3587447e-05 1.4346427e-06 0.0003583158 2.6681134e-06 1.2621708e-09 0.00028094783 2.1190974e-05 1.6162653e-07 1.1715084e-05 3.1365062e-09 0.00033117356 2.5107959e-06 1.9766378e-06 4.351623e-05 4.363883e-05 1.3220256e-06 2.9021197e-07 1.5362485e-07 5.7183306e-06 2.8333733e-07 0.00024990595 6.375954e-05 1.1425352e-07 2.8605811e-05 2.4170472e-09 2.2270453e-05 0.00028729675 7.5676003e-06 8.9840614e-05 3.3580588e-07 1.11144045e-05 5.9272583e-08 0.0003630197
0.40539527 0.000114918854 6.4116306e-05 0.0003541313 0.0010716193 2.5432562e-05 0.0007900958 9.089984e-06 0.07509204 0.00017144199 0.030556124 0.017248016 0.00015322624 0.014570151 2.0492234e-05 0.21016309 0.029039605 0.0030796437 0.37018535 0.7937547 0.07527638 0.1537547 0.4753882 0.15227842 3.0861547e-16 0.51597464 0.8581184 0.928804 0.23922014 0.49688363 0.9417157 0.09245992 0.2508535 4.77928e-06 0.25180906 0.13675523 4.4379507e-05 0.025290433 0.0013870739 2.9566775e-06 0.06290349 0.0062250607 0.027922457 0.01706681 0.00085379276 6.749936e-10 0.004899523 0.045158807 2.983679e-07 0.0010416368 2.1049077e-07 0.0050457576 0.0040526623 1.4398486e-08 1.0298543e-05 2.5655683e-07 2.1391103e-10 0.00021888547 2.7091999e-06 0.0003557361 0.000413887 0.0043137544 0.000100942336 4.9590904e-05 0.0031681356 1.422816e-06 0.0001319294 1.3233589e-06 1.0206985e-05 4.2802898e-07 0.0028662626 5.93706e-05 1.1827724e-09 0.0024216182 0.00020331766 1.4398307e-06 5.3668544e-05 2.6855158e-08 0.00021661262 2.307935e-06 9.015968e-06 0.0003111625 0.001049239 5.1603325e-05 3.063465e-06 7.8148946e-07 9.455077e-05 7.521964e-07 0.0010837091 0.002155665 2.0553416e-07 0.0006605708 7.589741e-09 5.2288346e-05 0.00039794872 7.335025e-05 0.00030730397 3.532548e-07 8.897177e-05 1.594656e-05 0.0016571545
0.8408719 0.00059710926 0.00035597858 0.00071511255 0.001576457 0.00013598998 0.0010789874 4.6209614e-05 0.036168586 0.00034030277 0.007916409 0.0061862753 0.0015882163 0.006694189 2.193863e-05 0.18154983 0.03157717 0.0043762154 0.53622484 0.67237604 0.104794525 0.4469291 0.92347336 0.049211655 0.51597464 4.2061516e-19 0.21033798 0.1860504 0.9678915 0.9444421 0.32969463 0.028937269 0.19545986 0.0027024033 0.16284065 0.028696207 1.9856869e-05 0.04605338 0.004315513 1.1174277e-06 0.15762469 0.042315032 0.107159846 0.048266776 0.0005056719 7.617306e-10 0.0017946495 0.017267905 1.808561e-07 0.00045178682 4.7112948e-08 0.038038183 0.046944343 8.12932e-09 9.116814e-07 3.8795026e-08 1.361253e-10 0.00070854806 0.0003694878 0.0005801769 0.001169796 0.0105389785 0.00067862746 0.00013830909 0.00718494 1.4593895e-06 0.0023960571 0.0003009294 9.808067e-07 2.999759e-07 0.006278918 0.00047837966 5.875621e-10 0.013950377 0.0012091873 5.934541e-07 0.00018044942 7.308968e-10 0.00031189097 6.34549e-07 2.5914349e-05 0.0023012054 0.01302618 0.00029749947 9.435301e-06 1.9642578e-06 0.0005490087 1.167702e-06 0.0066711884 0.016922994 5.5480837e-07 0.0062466566 1.8325454e-10 0.0001435297 0.0025738506 0.00079116615 0.0035364632 4.3816544e-06 0.002100947 4.318889e-06 0.0024799025
0.045506347 3.0774576e-05 1.166407e-05 0.00019583268 0.00027584535 1.0170411e-05 0.00094224286 9.1291435e-07 0.06990612 0.00011767494 0.022031236 0.014246303 1.4652489e-05 0.021736348 6.7935616e-06 0.11018242 0.014596554 0.0024716493 0.18342759 0.47159916 0.04499015 0.08551933 0.23548843 0.6530242 0.8581184 0.21033798 1.7382708e-15 0.9620665 0.017524632 0.1712963 0.83052164 0.6138248 0.22021013 2.5062288e-08 0.56154317 0.6373571 5.9965358e-05 0.014093298 0.00055135775 9.845869e-06 0.031267602 0.0034377375 0.009744803 0.008303814 0.00060748955 8.1893725e-10 0.004565382 0.03545868 4.340107e-08 0.002674211 2.1066145e-07 0.00306507 0.000594757 9.171247e-09 3.1667323e-06 1.637199e-07 4.0920742e-11 0.00035762138 1.5216312e-07 0.00029645892 0.00016716513 0.0014449907 2.110381e-05 4.228778e-05 0.00078100595 2.3653408e-07 1.6316939e-05 8.056651e-08 5.482576e-06 2.9395315e-07 0.0007883444 5.971337e-06 4.4671215e-11 0.0006555496 3.7027992e-05 5.435518e-08 3.5671805e-05 8.203145e-10 0.0003061249 9.377731e-07 5.1940374e-06 0.00018875011 0.00040832613 4.017616e-06 1.9530809e-07 1.6355231e-07 1.3312532e-05 2.0118256e-07 0.00037495382 0.00015899644 1.626925e-07 0.00016451493 2.4760594e-10 8.420461e-06 0.00067742437 6.6855435e-05 0.0001278523 2.0545214e-08 4.973194e-05 2.4107973e-07 0.0005038972
0.06217234 6.42932e-05 1.1771235e-05 0.00019033067 0.00063635065 1.1253206e-05 0.0006910486 8.950281e-07 0.033822306 0.00013470952 0.015649904 0.009491767 1.21610165e-05 0.0067598238 1.5699e-05 0.06527233 0.01774956 0.0028012064 0.115552805 0.37494263 0.022062918 0.060808487 0.17929493 0.19332978 0.928804 0.1860504 0.9620665 2.847647e-16 0.07441107 0.16660053 0.9109674 0.17375562 0.27702093 6.720206e-08 0.36649534 0.5711108 9.612513e-05 0.009053005 0.0011868811 4.8250904e-06 0.023795607 0.009564237 0.014290282 0.026656143 0.0005946365 2.2698857e-10 0.004244679 0.03391207 7.580327e-08 0.0012621705 9.3559024e-08 0.012066237 0.002684835 3.2185326e-09 1.41675e-06 3.511483e-08 3.5389306e-11 0.0005983123 2.2904885e-07 0.0008029881 0.00022009852 0.0010943282 9.640586e-05 0.00012546325 0.00088803045 3.4621647e-07 0.00012075987 5.7006315e-07 1.9579793e-06 4.8570563e-08 0.00078544504 5.9565242e-05 2.8603979e-11 0.00096167397 6.7604036e-05 1.7042257e-07 2.966494e-05 5.390397e-09 0.00050416717 8.3183494e-07 1.2637825e-05 0.00016343765 0.000588069 2.9330266e-05 6.1375334e-07 3.146642e-07 3.1267766e-05 8.3605397e-07 0.00032046845 0.00029251562 2.3544526e-07 0.0002795066 3.3303135e-10 4.5471512e-05 0.00047111965 9.654581e-05 0.00019649266 1.0165659e-07 0.000107130654 2.8611578e-06 0.000607237
0.09408082 7.66525e-06 0.00011049668 1.974968e-06 3.1671825e-06 1.5940903e-07 1.9194092e-06 2.6863423e-05 0.0020469122 6.640364e-05 0.0002556669 7.5805554e-05 7.805168e-05 5.8877515e-05 6.981633e-08 0.06903101 0.02575511 0.0003909434 0.27446675 0.5495424 0.14642417 0.5119418 0.74485755 6.118703e-05 0.23922014 0.9678915 0.017524632 0.07441107 1.0815686e-20 0.93120027 0.4265513 7.296639e-05 0.2812584 2.374868e-05 0.00035220594 0.12136728 4.654708e-09 0.00018619775 3.1995082e-06 3.9448256e-10 0.104458496 0.52566326 0.10781391 0.6184208 1.4659106e-06 2.2393507e-09 3.2525702e-07 7.0510077e-06 2.2004976e-10 5.361022e-07 2.557349e-10 0.30177853 0.12227685 3.5038705e-11 2.7578194e-08 3.604444e-11 8.344885e-11 0.0004977622 0.0012187692 0.03351451 3.501267e-06 0.00016224264 0.039191797 0.013601419 9.418485e-05 5.412248e-09 0.009122821 0.00084193586 1.603356e-08 2.7236655e-10 7.573857e-05 0.0044452455 1.4074034e-09 0.00067007 7.869047e-07 3.8942014e-09 1.8837272e-07 3.8181724e-10 3.5677026e-06 3.1405287e-09 0.00018666856 1.0508471e-06 0.011943393 0.0020770424 0.00011103562 1.0589243e-06 1.2939779e-07 1.7933874e-06 0.0003269456 0.0022032817 1.1934443e-06 0.001068947 1.4739267e-11 0.00017082653 0.0010980562 0.00041190677 0.0014949472 3.5300894e-07 0.0018581132 2.2651586e-06 1.1065115e-06
0.98861146 0.0008233407 0.00017498099 0.0010704012 0.0023741731 0.0003853316 0.0018396629 8.307948e-05 0.0397104 0.0009801607 0.0086230915 0.004161298 0.003942399 0.0023667142 0.00020200052 0.23913853 0.033134267 0.0018934453 0.58967054 0.27840576 0.15123175 0.523934 0.7758342 0.03981075 0.49688363 0.9444421 0.1712963 0.16660053 0.93120027 2.874812e-17 0.418549 0.021262815 0.44601974 0.032143746 0.21924648 0.08113741 5.9572935e-06 0.15163624 0.0023157874 5.8817436e-06 0.4146727 0.1608873 0.27215448 0.20661865 0.00011004584 4.2134257e-08 0.0039646383 0.039900597 3.8486587e-06 0.0005483839 3.396667e-07 0.12684205 0.17482226 5.930323e-08 6.052726e-07 1.6788621e-07 4.8302535e-09 0.0020232182 0.0020870538 0.0006789602 0.0007934185 0.029484957 0.0008805464 0.00012295612 0.007889453 1.6674064e-06 0.0038787795 0.00048277352 5.7313434e-07 4.1432163e-08 0.007836767 0.00026860362 1.8112493e-08 0.031847592 0.00027316547 3.4273896e-06 6.343693e-05 1.0536514e-07 0.00030365423 6.661708e-07 0.00013578148 0.0015144701 0.055535026 0.0003519647 2.3514975e-05 1.2665346e-05 0.00045730834 2.629983e-05 0.020237522 0.099294685 8.433368e-06 0.039943058 2.544758e-09 5.669355e-05 0.009425098 0.0017626488 0.027140249 9.719234e-06 0.0058686445 2.9938292e-05 0.004021757
0.37190795 0.00030049405 3.3206303e-05 0.00014924986 0.0012322605 8.417956e-06 0.0003936729 1.5342004e-05 0.0075942897 9.338302e-05 0.016557416 0.013066299 7.799729e-05 0.012061162 3.9458853e-05 0.06300107 0.012976584 0.0012078118 0.14269823 0.14535663 0.020851713 0.054094102 0.21587749 0.142162 0.9417157 0.32969463 0.83052164 0.9109674 0.4265513 0.418549 5.5755917e-16 0.11377318 0.93874115 5.2181963e-06 0.52335083 0.8447291 2.0774583e-05 0.0044965055 0.0007244521 1.4872228e-06 0.065303564 0.06169295 0.040844165 0.17100209 0.0002738768 1.0200532e-09 0.011405543 0.14418922 1.6865343e-07 0.0023989768 6.676473e-08 0.29969767 0.017682444 8.30973e-09 3.001921e-06 4.7830135e-08 1.280243e-10 0.035527557 7.828762e-05 0.0036572705 0.00016586567 0.0013153114 0.0013429079 0.00086426147 0.00087737077 8.636608e-07 0.0005877303 2.2433673e-05 1.3818631e-06 1.1384194e-07 0.00092840823 0.00031899082 2.7161587e-10 0.0018392839 7.086018e-05 1.9175235e-07 1.2401663e-05 6.479309e-08 0.0019626515 3.8664808e-07 7.3406656e-05 0.00015825323 0.0025288467 0.00068969594 7.3959105e-05 9.464509e-06 4.2049378e-05 6.200356e-06 0.00048268944 0.0006729643 4.185935e-06 0.00043230696 7.6501394e-10 0.00016175445 0.0011684763 0.0004306795 0.0005034167 8.093663e-06 0.0005393435 2.699515e-06 0.0005324429
