1.736035e-18 0.94876146 0.9875019 0.98796636 0.98340994 0.47132954 0.9300733 0.9761676 0.94163525 0.958085 0.9275996 0.9862168 0.99363685 0.72055435 0.99378794 0.94510484 0.9689249 0.99443936 0.99643946 0.93468535 0.917847 0.21229926 0.9203299 0.96418476 0.99754494 0.33771974 0.9942103 0.042992793 0.96052283 0.94131804 0.9660323 0.65425146 0.8114056 0.80109304 0.58748144 0.81605536 0.62236637 0.004449448 0.8980875 0.103748806 0.92796427 0.389333 0.12020049 0.9911956 0.62278026 0.63674796 0.02528931 0.82233244 0.5131962 0.9997282 0.5505017 0.9967925 0.95438087 0.9983672 0.020202769 0.31511757 0.919397 0.28083786 0.9580616 0.0084767705 0.008167746 0.99797857 0.12837215 6.333797e-05 0.96231055 0.78637826 0.0012425318 0.0014761334 0.8191534 0.027547402 0.031495202 0.98730624 0.0026192167 0.98992383 0.9978449 0.99944735 0.13473547 0.26281598 0.016506318 0.067572944 0.9307798 1.664603e-05 0.2035284 0.9996509 0.03756525 0.9994954 0.0051839156 0.99996793 0.0014748853 7.3686547e-06 0.014375411 0.9999791 0.038075965 0.99762535 9.434999e-05 0.005281795 0.9901523 2.723215e-05 0.99812406 0.14708512 0.0006174125
0.94876146 2.6560875e-19 0.92685217 0.8272603 0.72905475 0.85660124 0.84531635 0.39313778 0.18681532 0.8900443 0.30551198 0.19071348 0.16778713 0.04258806 0.7793953 0.35979605 0.05814214 0.5644577 0.8185236 0.03545044 0.035935022 0.0094252955 0.008358377 0.2630259 0.14740816 0.14997469 0.053849075 0.00028511914 0.009662025 0.0009507149 0.10844082 0.0076692477 0.00057018717 0.0005414578 0.0069219666 0.0009640243 0.0011257812 0.026223015 4.8537113e-05 4.6738536e-05 0.00080388045 0.0005546322 5.67277e-06 0.15641792 0.0006516324 2.762589e-06 6.486788e-07 0.00051301334 0.001054242 0.013587229 1.5407069e-06 0.005748538 0.0031493097 0.07385147 1.4700552e-07 1.1099538e-06 0.0015318496 4.5820126e-08 0.0020602047 3.5522621e-06 1.6089709e-05 0.19062686 1.9409336e-07 1.9915527e-05 0.0007739208 5.9640984e-06 0.00011040282 3.763964e-06 0.004500217 1.1924834e-09 3.5277285e-08 0.00026574254 1.9370736e-08 0.038987845 0.014295658 0.14494917 1.921977e-08 6.475579e-06 8.5136155e-05 1.6883489e-06 0.019110827 4.3805863e-07 9.51475e-07 0.22578397 0.0010222304 0.02810779 7.980821e-08 0.00094898156 0.00020931641 3.4035904e-07 1.4817249e-07 0.09837686 5.675362e-10 0.006181065 2.2397777e-09 8.3275437e-10 2.6196287e-06 3.3394432e-09 6.5332424e-06 4.86625e-10 3.3637542e-09
0.9875019 0.92685217 2.7200014e-13 0.09099618 0.8355553 0.8662694 0.060082898 0.041204236 0.8682616 0.049799234 0.65398556 0.0058146142 0.00041966274 0.6334855 0.8041014 0.03013428 0.12710792 0.029897483 0.6114854 0.023982203 0.03876259 0.6153947 0.0022227562 0.005859917 0.49805495 0.20319158 0.06114333 0.25590384 0.0031197113 0.00028374334 0.0055856104 0.011073714 0.00021386394 0.002962458 0.0017273917 1.854997e-05 0.02004266 0.02495411 0.00032003078 0.1720796 4.310684e-06 0.00010672307 0.02993629 0.008103809 9.015947e-05 5.4964808e-06 0.020705575 0.00017719109 0.00016426458 0.0001850688 1.1441588e-05 0.00013178389 0.0015056209 0.005198887 0.0064372015 0.0014155057 0.0005099625 0.0003484743 0.0018336839 0.043304704 0.003452103 0.019800745 6.228433e-05 0.025613965 0.0005594719 9.0354e-07 0.036354028 0.047276653 0.00063712976 0.00010520404 0.0016161983 5.885037e-06 0.0016855972 0.004420818 0.0007159618 0.29995394 3.0704425e-05 5.2588604e-07 6.6794826e-05 3.892184e-06 0.016346112 0.015144024 6.2664176e-06 0.09561409 0.030551529 0.056158036 0.00018994336 0.00019332886 0.0011362367 0.0013434908 1.011215e-05 0.0254339 3.1598498e-07 0.009972633 5.311795e-05 6.133317e-08 1.9000222e-06 1.3460826e-05 2.0608002e-05 3.4990006e-08 2.980633e-05
0.98796636 0.8272603 0.09099618 3.1330347e-15 0.3465266 0.020401355 0.89534354 0.9685367 0.062438577 0.17504595 0.016397614 0.5434779 0.17033269 0.10333962 0.20504771 0.0035291659 0.0059989644 0.46920675 0.40546867 0.6208201 0.0024627154 0.030183196 0.00040853568 0.023402482 0.17261156 0.70140535 0.018675983 0.00600626 0.0026290102 0.00024513682 0.0016681495 0.36347613 0.00013111284 5.325378e-05 0.34394643 0.0033205578 0.00038774297 0.14350313 2.0982317e-05 0.00083981355 0.00068376213 0.0694912 0.0003889889 0.21802716 0.0016916087 4.065108e-07 0.00023954299 0.0003995352 0.0048038233 0.04287814 1.0022407e-06 0.01701952 0.0028646912 0.16998199 0.00016191497 0.0001682256 0.0014031479 2.7741846e-06 0.002642932 0.00030115675 1.17636055e-05 0.12839302 9.254133e-07 0.0012651832 0.0009484473 6.8098853e-07 0.022885462 0.00046903145 0.0028233475 7.7783156e-08 4.2627533e-05 0.00010771264 1.5921181e-05 0.00042058947 0.002351425 0.073641285 8.9466454e-07 0.00010373126 0.0460484 0.00035732446 0.015754309 0.00023892811 0.0002866109 0.13223599 0.24925753 0.034550104 2.2539674e-05 0.00028399538 0.01325359 9.0147305e-06 0.00040404787 0.119185954 5.4620713e-08 0.0041375486 7.356658e-07 2.2698738e-07 6.0907874e-05 2.5896252e-06 9.243113e-06 1.7645297e-08 1.5119965e-06
0.98340994 0.72905475 0.8355553 0.3465266 5.1180738e-15 0.04958759 0.17044666 0.2134813 0.9610028 0.02849869 0.19299512 0.007531767 0.0012092398 0.909935 0.6799469 0.00092376315 0.05303168 0.07170687 0.5918908 0.070936285 0.016676309 0.70869744 0.0011828613 0.0024893319 0.23048885 0.6415076 0.038137946 0.25721535 0.00245396 0.0002935023 0.00041377198 0.043780133 0.000152371 0.0012091527 0.0039361306 2.889995e-05 0.007761038 0.24178995 0.000117712756 0.0565876 5.6638614e-06 0.00057006 0.019319378 0.013962928 0.0001052191 8.0490753e-07 0.009473928 0.000199072 0.000180944 0.00056173577 1.7945936e-06 0.00017517016 0.0016644007 0.008932785 0.0025946412 0.000488605 0.0006444418 5.206989e-05 0.0031965754 0.023090117 0.0011299347 0.023064585 4.4878943e-06 0.07779178 0.00066324975 2.0081368e-06 0.12178398 0.03669439 0.00014202145 1.12898515e-05 0.0005675798 7.931261e-06 0.0010972 0.00034040242 0.00020723068 0.12174079 2.059294e-06 3.3287806e-06 0.00053915294 9.229512e-06 0.010919889 0.013403624 1.6826434e-05 0.07225994 0.10714954 0.037135534 2.5959367e-05 0.000105204235 0.007944096 0.0013480843 3.1103657e-05 0.023794578 2.5573138e-07 0.005355077 1.2610195e-05 9.1247514e-08 3.529004e-06 2.8389327e-06 1.9676672e-05 4.78015e-08 3.0636231e-06
0.47132954 0.85660124 0.8662694 0.020401355 0.04958759 6.6138234e-19 0.0015111484 0.0012595408 0.026818225 0.055652432 0.8206058 0.0013494 0.004595917 0.00064301083 0.8927934 0.13195573 0.6181982 0.038162697 0.5842287 2.3814748e-05 0.19626331 1.2634029e-05 0.13870458 0.0022024424 0.92822737 2.7484919e-05 0.32092914 8.933295e-07 0.09221599 0.026113166 0.12677217 5.9444733e-06 0.03385146 0.0008839515 7.556811e-08 2.0067173e-05 0.00014964862 4.5200683e-05 0.0010666127 3.3054755e-06 6.0694224e-06 7.319452e-08 1.955281e-06 0.016042657 2.7062456e-06 0.00038180148 8.9983376e-07 0.009692193 1.6253812e-06 0.00031719613 2.2261895e-05 0.00012651157 0.0072720223 0.0075151497 3.0671268e-07 4.941842e-06 0.0038693363 7.5669723e-06 0.0077004908 8.970855e-06 0.00026497425 0.026988368 6.098497e-06 1.1582536e-06 0.0014644149 0.00024217741 6.7749954e-07 4.8038505e-06 1.5357922e-06 1.0336672e-05 3.9909477e-07 1.8572415e-05 3.649302e-07 0.03983213 1.5223817e-05 0.31254852 2.8836848e-07 2.8037303e-07 8.696608e-08 1.9110189e-07 0.008205615 4.3694254e-07 4.4865357e-07 0.09951998 4.3556856e-06 0.12289663 4.135327e-07 7.051933e-05 8.558008e-08 1.166293e-06 1.3911728e-07 0.008706301 1.4842799e-06 0.002579319 1.6755736e-07 1.9369784e-07 1.3343634e-07 2.3749269e-07 0.00021577823 1.2431089e-07 1.5622717e-06
0.9300733 0.84531635 0.060082898 0.89534354 0.17044666 0.0015111484 1.9098598e-15 0.7217024 0.012124771 0.5975876 0.0036103467 0.92898566 0.9027897 0.009412334 0.037387345 0.00070887554 0.0021592171 0.42679805 0.04123056 0.2346167 0.00080260506 0.00015079601 0.0004096042 0.013334101 0.019871693 0.00482716 0.0043427204 1.360034e-05 0.0005746677 0.000108467626 0.009677203 0.016303444 2.7868213e-05 5.846511e-06 0.08970614 0.10811577 2.3232963e-06 0.0012823982 7.350897e-06 2.5090364e-06 0.03997195 0.019835152 2.7952404e-07 0.41311005 0.08530471 3.7865001e-07 2.3068311e-07 0.00018718661 0.05981279 0.13919644 1.1820886e-06 0.066124886 0.0009764643 0.35796034 3.6805847e-08 5.466253e-07 0.00014990845 9.455955e-08 0.0015338245 2.2091042e-06 2.9002035e-06 0.07646878 1.9770289e-07 2.6471344e-07 0.00029621023 2.2788125e-05 9.434063e-07 7.3140864e-06 0.00040312606 2.507815e-07 2.2674994e-08 0.015073694 1.6919876e-07 0.00083690166 0.00033487033 0.017673036 5.035688e-08 0.007551618 5.4025077e-05 0.002516224 0.005276378 3.1853162e-07 0.0015344222 0.068453915 0.00013401131 0.006038794 8.65994e-07 0.0122609055 0.0001828093 2.5699197e-07 0.0020485944 0.10571696 4.7809888e-08 0.0034395854 8.429122e-08 3.2618313e-08 0.0018307911 3.6879214e-08 0.00013343197 1.2924104e-09 1.2986939e-06
0.9761676 0.39313778 0.041204236 0.9685367 0.2134813 0.0012595408 0.7217024 1.4608031e-15 0.027227908 0.052739188 0.0026979805 0.27305382 0.1629131 0.083051085 0.072262496 0.00049994537 0.002833064 0.4076435 0.14358418 0.9697671 0.00034829226 0.023710636 6.696136e-05 0.006096677 0.0332953 0.76664037 0.0054895906 0.003711022 0.0002940063 2.6461068e-05 0.00035994672 0.50068015 7.316382e-06 3.57187e-06 0.62106407 0.001532472 2.5701258e-05 0.1848968 9.776792e-07 0.00037690057 0.0011480674 0.16102138 0.00012299036 0.10197725 0.0018922132 2.6822704e-08 5.702198e-05 8.177932e-06 0.0068810773 0.03769919 1.1321787e-07 0.022144305 0.0003380049 0.060787175 5.6642016e-06 1.5678293e-05 2.0906036e-05 1.23646e-06 0.00018881132 4.7972142e-05 1.4246503e-06 0.0484898 1.064875e-06 0.0010510999 8.994932e-05 2.6642411e-08 0.0152786225 8.0864615e-05 0.00036581614 2.0455671e-08 1.1515643e-05 0.0002495035 2.3352268e-06 9.392571e-05 0.0008451384 0.021270994 1.9390927e-07 8.059938e-05 0.0868536 0.0001438549 0.0036988587 0.00018193237 0.0005102585 0.06573257 0.15086898 0.01513492 4.0219866e-06 0.00013807909 0.027985802 2.7650642e-06 0.00021595405 0.0690736 5.1695704e-08 0.0020964886 5.3065594e-07 3.0155217e-08 5.40775e-05 8.113304e-07 8.7404135e-07 2.9593574e-08 1.3073314e-06
0.94163525 0.18681532 0.8682616 0.062438577 0.9610028 0.026818225 0.012124771 0.027227908 8.0086105e-14 0.0038180808 0.58711934 0.0007888276 7.061045e-05 0.9757178 0.38358235 0.00029219192 0.09029677 0.009986104 0.28347158 0.0044267285 0.0671275 0.87975806 0.007009471 0.00036405234 0.1762262 0.44729137 0.04126888 0.5353553 0.0081738895 0.0015233642 6.651425e-05 0.0040703067 0.00089534966 0.006212413 0.00021297144 1.1931563e-06 0.037292153 0.08695698 0.0006232409 0.3393292 3.76093e-07 2.1575714e-05 0.11590123 0.0016984167 1.3730847e-05 2.4637675e-05 0.04902052 0.0005895076 2.3009365e-05 4.5393175e-05 3.765991e-05 2.4782745e-05 0.0035926139 0.0006270364 0.016310537 0.0020592804 0.0014434136 0.000613675 0.0067536407 0.090696044 0.0072584664 0.006154361 7.924816e-05 0.07819889 0.00090400636 6.5183804e-06 0.06541765 0.104929574 6.8402915e-06 2.5193383e-05 0.0018512256 5.2425753e-07 0.004609777 9.732475e-05 2.8470005e-05 0.06530225 3.264276e-05 6.44953e-07 2.3950047e-06 1.0675564e-06 0.013362616 0.02596151 3.0551791e-06 0.028338816 0.0211569 0.024377326 0.00014094448 1.9039357e-05 0.002793214 0.003428858 2.2139782e-06 0.0034864903 1.6059041e-06 0.004796444 6.171635e-05 8.148632e-07 1.6662102e-07 1.1510745e-05 2.7535558e-05 2.69645e-07 1.3804479e-05
0.958085 0.8900443 0.049799234 0.17504595 0.02849869 0.055652432 0.5975876 0.052739188 0.0038180808 1.1759401e-14 0.006545563 0.7083651 0.751646 0.0007465564 0.077900685 0.55945414 0.004466109 0.8217318 0.1148694 0.0038532168 0.0015317978 2.34258e-05 0.00071920006 0.907188 0.042646587 0.00031030725 0.008824472 5.817811e-06 0.0016737306 0.00047805384 0.4934362 0.0007767383 0.0001789605 1.3618771e-05 0.00430413 0.044054665 7.198749e-06 0.00010399613 4.523266e-06 5.4580437e-07 0.0152123235 0.0020301396 2.034894e-07 0.8696174 0.007785211 2.393352e-06 3.8597756e-07 0.0011813664 0.002832733 0.24367164 2.8592267e-06 0.1497926 0.002748018 0.6520159 1.8196663e-07 1.7162029e-06 0.0013694598 3.805379e-07 0.0044097896 1.5935651e-06 1.3599737e-06 0.21435791 5.62457e-07 1.3439258e-06 0.00075908174 4.8051905e-05 1.1206405e-05 4.420938e-06 0.06697829 1.5663996e-08 1.6311958e-07 0.033907533 2.303046e-07 0.104863636 0.05561376 0.039338302 5.0221087e-07 0.0011946993 4.076763e-05 0.0011355679 0.010403512 2.0008369e-07 0.00029947015 0.17109111 3.6536272e-05 0.02374679 1.4645818e-06 0.44503757 5.647521e-05 1.954181e-08 0.00078366883 0.21271299 1.2391833e-06 0.0038159636 1.7266027e-08 3.7647985e-07 0.0027756814 1.226891e-07 0.00029329472 9.338164e-08 6.4999904e-07
0.9275996 0.30551198 0.65398556 0.016397614 0.19299512 0.8206058 0.0036103467 0.0026979805 0.58711934 0.006545563 4.8786127e-13 0.00011131829 8.418407e-06 0.1289721 0.13204321 0.0035327452 0.9436632 0.0020080975 0.071114086 0.0006121187 0.9421398 0.2575848 0.4647583 0.00065672625 0.30828467 0.09760755 0.38348296 0.13593452 0.15014488 0.0418425 0.0015859067 0.0011517362 0.03232474 0.18563834 7.7599125e-06 4.0988553e-07 0.4188037 0.0061697755 0.06132792 0.41427153 4.0470226e-08 4.4113872e-07 0.41564515 0.0008218683 2.38906e-06 0.002317187 0.20491077 0.0034404122 2.119055e-05 1.870962e-05 0.00074821286 6.7204364e-06 0.011300947 0.00039244903 0.10886727 0.031979505 0.0041415496 0.012002787 0.017706854 0.19740488 0.10933663 0.0045282906 0.0015319248 0.014760096 0.006375194 4.0567273e-05 0.010536178 0.120227806 1.4688914e-06 0.0022338852 0.017485991 1.0733758e-07 0.030756786 0.0014029038 4.0815225e-06 0.13354829 0.00016405134 3.1430595e-08 4.870267e-08 8.61239e-08 0.023426032 0.012023328 2.724896e-07 0.036974434 0.0014696936 0.12497756 0.0006105151 6.5362588e-06 0.00012127286 0.004249912 2.818295e-07 0.0051544383 2.2337551e-06 0.022444647 0.0008285737 1.7210156e-07 1.0205558e-08 3.0819865e-05 0.0015646018 4.802368e-07 0.00010896831
0.9862168 0.19071348 0.0058146142 0.5434779 0.007531767 0.0013494 0.92898566 0.27305382 0.0007888276 0.7083651 0.00011131829 2.19969e-19 0.9486561 0.0008722923 0.003287603 0.008503214 5.1550254e-05 0.22367816 0.009240927 0.11257811 7.529346e-06 2.2901544e-05 2.8698646e-06 0.78720456 0.00077652757 0.019572971 0.000112325404 3.4470245e-06 5.7858306e-06 7.8425785e-07 0.0049027135 0.046062432 2.4897636e-07 3.0540883e-07 0.40939 0.63715553 1.5241416e-06 0.00041262666 9.1200526e-08 8.930189e-08 0.19316036 0.17516811 1.8595426e-08 0.38974884 0.3483922 5.7526446e-09 2.4250417e-08 5.3544363e-07 0.37643346 0.46337196 2.2896073e-08 0.23800312 1.1356945e-05 0.25893995 8.0377225e-09 2.8130545e-08 3.6123595e-07 1.9738882e-09 2.4808756e-05 3.6680564e-07 1.322999e-08 0.090088144 1.169408e-08 7.529098e-07 6.1439778e-06 2.2821865e-08 6.6914586e-06 4.3215485e-07 0.27644777 6.545043e-11 5.0353304e-09 0.059850205 6.8804327e-09 0.00085601606 0.19341147 0.0043921974 1.9287074e-09 0.023633782 0.004828419 0.035341054 0.0029843282 1.2207612e-07 0.0072717904 0.055766903 0.001364487 0.0017415883 5.8934617e-08 0.03907341 0.009729264 1.8547642e-08 0.022691756 0.10907925 4.1802277e-09 0.001799105 6.8646205e-10 1.09260165e-08 0.023895547 3.4855636e-09 5.9948087e-07 4.557153e-09 1.6841081e-08
0.99363685 0.16778713 0.00041966274 0.17033269 0.0012092398 0.004595917 0.9027897 0.1629131 7.061045e-05 0.751646 8.418407e-06 0.9486561 1.10571264e-16 0.00087238185 0.002457063 0.035240706 1.0880687e-05 0.28965187 0.008760602 0.27219665 2.2496232e-07 2.1416774e-05 1.3661658e-07 0.705806 0.0017703037 0.027628388 9.537244e-05 1.2464905e-06 3.1054644e-06 9.1970186e-08 0.024883056 0.17279449 4.9716885e-08 9.0318714e-08 0.49923754 0.31989387 3.7073605e-07 0.0014037227 8.434397e-08 9.106621e-07 0.1017991 0.3273368 2.991032e-07 0.40939894 0.11697341 1.1224781e-09 1.7081568e-07 2.2212225e-07 0.20755863 0.49236083 2.077371e-09 0.3003827 1.7745081e-06 0.3198742 4.3769013e-08 1.3937449e-07 2.0461965e-07 4.9727293e-09 3.1114512e-05 1.0543384e-06 7.9262213e-07 0.102708384 1.5084764e-08 1.2905317e-06 7.403292e-07 3.103578e-10 0.00021168706 1.1051774e-06 0.20494603 5.236871e-10 4.7901253e-08 0.03379664 2.1547878e-08 0.0047883135 0.08946119 0.006305552 7.7643785e-09 0.0030362823 0.13920842 0.009401632 0.0018074577 7.760277e-07 0.049520668 0.06848599 0.013576628 0.0035928197 4.798191e-08 0.05719692 0.010087172 7.51884e-08 0.007113786 0.16096735 2.2233313e-09 0.00023100906 4.541993e-09 7.4169054e-10 0.00968398 1.7183726e-08 1.9761455e-08 2.055124e-09 8.2688636e-08
0.72055435 0.04258806 0.6334855 0.10333962 0.909935 0.00064301083 0.009412334 0.083051085 0.9757178 0.0007465564 0.1289721 0.0008722923 0.00087238185 8.9461923e-13 0.39260644 2.4437786e-05 0.026357973 0.013791768 0.22292459 0.032022916 0.017958889 0.9639104 0.0016048657 8.3363055e-05 0.075072795 0.8091231 0.014335605 0.7424649 0.0012191029 0.00049233524 1.2414267e-05 0.028345268 0.00044275576 0.00045727348 0.0027348555 5.0169103e-05 0.0017780886 0.59522355 9.25078e-05 0.3243479 1.0184359e-05 0.0006098067 0.0428944 0.0015479649 3.0053001e-05 1.1526118e-06 0.0305615 6.368376e-05 0.000114796494 0.00039709324 8.271586e-06 0.00024227997 0.0006350539 0.0004474356 0.0037822598 0.0009115337 0.000120664656 2.9452813e-05 0.0006800884 0.05950234 0.00082035933 0.0029299764 1.4286321e-05 0.30003378 9.016394e-05 2.9878606e-06 0.24853441 0.097396426 2.492861e-06 5.529332e-07 0.0003213618 6.775258e-06 0.0014101579 9.84648e-06 3.3951212e-06 0.014938421 1.6685957e-05 6.0974676e-06 1.6940608e-05 4.3971427e-06 0.001376331 0.02566833 2.2636397e-05 0.02180835 0.05962506 0.0054786615 0.00012263207 1.9404304e-05 0.0028322092 0.0045205792 4.3891214e-05 0.005835919 3.9333813e-07 0.00086799136 6.986319e-05 6.453729e-08 1.3158014e-05 9.72194e-06 1.5437301e-05 8.1185085e-08 7.967518e-05
0.99378794 0.7793953 0.8041014 0.20504771 0.6799469 0.8927934 0.037387345 0.072262496 0.38358235 0.077900685 0.13204321 0.003287603 0.002457063 0.39260644 5.799577e-13 0.44506 0.121824145 0.05959111 0.8964723 0.02463187 0.024358202 0.22938433 0.0029758175 0.0126088075 0.79286265 0.06849719 0.0971821 0.042023625 0.011282866 0.0008043087 0.23624803 0.004072947 0.0005864009 0.011753732 0.00026684548 4.5598397e-05 0.020504113 0.0011317282 0.0016661604 0.015047949 1.0908895e-05 1.49328935e-05 0.008087815 0.016174126 5.6625788e-05 1.3486191e-05 0.0014136002 0.00037900283 8.141494e-05 0.00043598088 5.885974e-06 0.00043244305 0.0059566917 0.005886539 0.00077004824 0.0005875748 0.0014832321 0.00010693131 0.009671552 0.001888187 0.0005232968 0.03302858 1.0724663e-05 0.0013213431 0.0014346894 3.4271802e-06 0.003189096 0.0017989994 0.0009188617 1.7620083e-05 0.00025591522 1.7785347e-05 0.00014137175 0.29692805 0.00192905 0.38466024 7.903286e-06 2.3485724e-07 2.4497918e-05 5.3292315e-06 0.0651396 0.0010233476 2.5263503e-06 0.24865317 0.016577372 0.35690826 2.3012808e-05 0.0017807409 0.00048095256 0.00021120712 7.788656e-06 0.069030024 2.3788053e-07 0.050964367 1.5272606e-05 7.354778e-07 5.496035e-06 1.381159e-05 3.784338e-05 9.3206005e-08 1.4507443e-06
0.94510484 0.35979605 0.03013428 0.0035291659 0.00092376315 0.13195573 0.00070887554 0.00049994537 0.00029219192 0.55945414 0.0035327452 0.008503214 0.035240706 2.4437786e-05 0.44506 3.0736038e-18 0.013035227 0.93991536 0.7924429 7.372823e-06 0.0012605315 1.7261985e-07 0.0011703483 0.01398601 0.11797884 2.8728508e-07 0.026788738 2.9767707e-08 0.006259463 0.0008204164 0.913545 1.5364105e-06 0.00024027718 8.717098e-07 1.0003976e-06 0.00014666561 6.9494284e-08 1.683234e-07 1.1860725e-06 2.40131e-08 0.00014433062 1.8667218e-07 1.1615299e-08 0.58032095 1.0770017e-05 1.6127932e-07 9.8339275e-09 0.0022165528 1.8873102e-06 0.02957932 2.0084651e-07 0.024068166 0.008111123 0.36911732 3.740919e-09 3.501277e-08 0.0044116387 9.229912e-09 0.0066715092 4.9719826e-08 5.8278008e-08 0.56856227 1.4378096e-08 1.0196432e-08 0.0015590155 2.3469393e-06 2.7409389e-08 1.0266707e-08 5.9750088e-05 1.638197e-09 2.8051395e-09 0.0019463779 9.152003e-10 0.32287383 0.0006544171 0.17163327 1.0337544e-08 4.208723e-06 1.8541886e-07 4.914439e-07 0.013214831 1.4448601e-09 6.6986416e-08 0.3803305 8.768215e-07 0.048009086 6.9056627e-09 0.043634925 3.8738364e-09 1.1969405e-09 4.7740084e-08 0.36412245 2.154224e-09 0.0040047346 3.507001e-10 3.659255e-09 2.6805561e-05 8.421416e-10 4.828393e-05 2.396861e-09 1.43616505e-08
0.9689249 0.05814214 0.12710792 0.0059989644 0.05303168 0.6181982 0.0021592171 0.002833064 0.09029677 0.004466109 0.9436632 5.1550254e-05 1.0880687e-05 0.026357973 0.121824145 0.013035227 2.07876e-11 0.0013989632 0.047310654 0.00038999552 0.83750916 0.028273406 0.68462723 0.00049722986 0.46708456 0.0113874255 0.86809295 0.012641485 0.55511016 0.22639775 0.009485243 0.0006306632 0.13507281 0.29280177 5.8360765e-06 1.3183542e-06 0.32839638 0.0003769223 0.31701407 0.15545 3.0156096e-07 3.8516492e-07 0.26295283 0.0014412452 2.2649797e-06 0.038267065 0.10432369 0.027366456 3.9767137e-06 1.1618054e-05 0.012544812 7.16624e-06 0.11044698 0.00035829388 0.09117602 0.094905615 0.024567436 0.058132272 0.102457374 0.073149875 0.07881815 0.0036518646 0.009871962 0.0009654876 0.030933347 0.0011605741 0.0004784105 0.02134603 3.6311646e-06 0.00814553 0.023805946 7.495033e-07 0.017535312 0.013231136 5.2600963e-06 0.23918673 0.0037660252 2.44566e-07 1.8677431e-08 2.1037395e-07 0.1145152 0.0009567132 4.3025085e-07 0.032926206 0.00062389974 0.34826592 0.0046418007 8.150058e-06 2.9981291e-05 0.0012072296 7.204549e-07 0.003201225 6.6367495e-05 0.048768777 0.0028044833 1.5837362e-05 5.0284825e-07 0.00024092036 0.008147056 7.2249745e-06 0.00036930462
0.99443936 0.5644577 0.029897483 0.46920675 0.07170687 0.038162697 0.42679805 0.4076435 0.009986104 0.8217318 0.0020080975 0.22367816 0.28965187 0.013791768 0.05959111 0.93991536 0.0013989632 4.1483153e-16 0.1496019 0.2306469 9.586705e-05 0.0028772037 1.5087061e-05 0.35689703 0.07829818 0.030811025 0.0031485802 0.00013301054 5.8637288e-05 1.5911413e-06 0.6082962 0.039871067 1.3810358e-06 1.5110004e-06 0.03929649 0.014548512 1.41229375e-05 0.00085735344 1.5018735e-06 2.4901557e-05 0.013628322 0.0062367963 1.0731241e-05 0.58226204 0.0030672175 6.7020376e-09 3.8564476e-06 2.9191324e-07 0.0030478067 0.045580283 6.8550596e-09 0.03879115 7.1319366e-05 0.47577938 5.137514e-07 6.1785664e-07 3.8067856e-06 1.9929749e-08 0.00033538108 2.4098596e-05 3.752987e-07 0.33688498 2.0459144e-08 2.9774312e-05 5.781851e-05 3.6426306e-10 0.0003614136 3.1322245e-06 0.036110155 2.933208e-09 4.79485e-07 0.013074458 1.0225144e-07 0.19214317 0.08088357 0.07302328 5.754327e-08 4.450564e-05 0.0023834552 0.00019159765 0.011588968 4.158849e-06 4.6477133e-05 0.3606621 0.03161971 0.057763927 2.1581947e-07 0.060724065 0.0031409939 1.2412465e-07 7.89788e-05 0.45912403 7.377988e-11 0.0053356243 1.1728099e-08 1.8816138e-11 0.0023742397 1.35278535e-08 1.8191874e-07 1.12164916e-10 5.9554072e-08
0.99643946 0.8185236 0.6114854 0.40546867 0.5918908 0.5842287 0.04123056 0.14358418 0.28347158 0.1148694 0.071114086 0.009240927 0.008760602 0.22292459 0.8964723 0.7924429 0.047310654 0.1496019 1.0520365e-15 0.043648504 0.012610076 0.08131472 0.00071706605 0.029414576 0.4839636 0.043606095 0.05804251 0.0085620135 0.0023046797 0.00019649962 0.41006735 0.0031241314 0.00018914834 0.0012699922 0.00085759425 0.00030333298 0.005085111 0.00079355214 0.00059961237 0.0035231833 0.00022581751 5.8294998e-05 0.0025305836 0.04258853 9.894351e-05 2.3714495e-06 0.00052356283 8.081011e-05 0.00013813956 0.0013612285 1.2156581e-06 0.0013516333 0.0023663857 0.029088758 0.00022346416 0.00036305276 0.00063133024 1.0561423e-05 0.0028567724 0.0012200642 8.5163934e-05 0.07636523 1.5366259e-06 0.0012588976 0.00055357645 5.1538007e-07 0.0076437676 0.00080749823 0.0033197836 3.8757176e-07 5.317426e-05 0.00028106364 3.6734793e-05 0.35992342 0.008400755 0.3309723 2.6690198e-06 8.0268757e-07 3.6078425e-05 1.22904585e-05 0.04160287 0.00186438 1.996256e-06 0.35392275 0.032361675 0.28081274 8.630889e-06 0.003940944 0.00065705046 0.0001345923 1.36645385e-05 0.18936007 1.4947117e-08 0.031017225 8.678771e-06 5.5943318e-08 3.8632195e-05 1.7360024e-06 1.0015074e-05 2.484895e-08 3.6496954e-07
0.93468535 0.03545044 0.023982203 0.6208201 0.070936285 2.3814748e-05 0.2346167 0.9697671 0.0044267285 0.0038532168 0.0006121187 0.11257811 0.27219665 0.032022916 0.02463187 7.372823e-06 0.00038999552 0.2306469 0.043648504 8.436599e-16 2.4243309e-05 0.0026103093 3.7084765e-06 0.00062658597 0.00070735975 0.712338 0.00035924834 0.00027032153 1.8418466e-05 5.7950415e-06 1.3595347e-05 0.96761286 4.030714e-06 1.065854e-07 0.77862126 0.0044697244 2.878216e-06 0.54308385 2.463749e-07 7.045913e-06 0.0009177937 0.42446473 9.878914e-07 0.026343292 0.0019433381 4.3588537e-09 4.066407e-07 4.907517e-07 0.029246075 0.05454849 2.1329969e-08 0.024324073 1.1528652e-05 0.024253996 1.04364084e-07 1.3990004e-06 6.6990674e-07 3.6986712e-08 1.4754529e-05 4.4264237e-07 8.9287545e-07 0.023128193 1.8021233e-07 0.00018961953 9.053876e-07 2.2403173e-08 0.017154152 1.2100841e-06 1.2343504e-05 6.518414e-09 8.625804e-08 0.00020837813 6.31871e-08 4.8459387e-06 2.8560615e-05 0.002724587 2.7306749e-08 4.224775e-05 0.30591884 0.000117211355 0.00027763422 7.0987235e-06 0.011397585 0.030003991 0.33308622 0.0013981155 4.783185e-07 2.1898326e-05 0.14651404 4.5257661e-07 0.00027954314 0.09078613 3.6829867e-08 0.00018171976 1.6990374e-07 4.0544763e-09 0.00016852973 2.2578097e-07 1.734628e-07 1.5418464e-09 1.0162087e-06
0.917847 0.035935022 0.03876259 0.0024627154 0.016676309 0.19626331 0.00080260506 0.00034829226 0.0671275 0.0015317978 0.9421398 7.529346e-06 2.2496232e-07 0.017958889 0.024358202 0.0012605315 0.83750916 9.586705e-05 0.012610076 2.4243309e-05 1.5796601e-13 0.026074605 0.94200724 3.889017e-05 0.11753553 0.010998494 0.5069206 0.012627429 0.38788128 0.27865255 0.0003346095 0.0004036729 0.35802883 0.61109424 1.3003105e-07 3.8646007e-07 0.63270086 0.0005263617 0.63721985 0.15589353 3.940496e-09 2.4989351e-08 0.45328003 7.340966e-05 4.960916e-07 0.123950385 0.17175798 0.022548825 1.8293641e-06 2.0238713e-06 0.04406493 9.116806e-07 0.03410714 4.2248717e-05 0.17896433 0.33670208 0.015392706 0.21859443 0.03535792 0.11591716 0.2515275 0.00067727163 0.046613134 0.0010233629 0.019854173 0.0027551332 0.0011177141 0.029807705 5.730778e-08 0.04740827 0.10478643 1.8292019e-08 0.038917277 0.0004495785 3.5929202e-07 0.05177379 0.017411118 2.9146662e-08 1.6237605e-08 1.7068231e-07 0.02328479 0.0018976699 1.009186e-07 0.012276648 0.00043046515 0.0934392 0.018487355 2.2357285e-06 8.915966e-05 0.0014479372 4.3859117e-07 0.0016880198 0.00011162339 0.020212643 0.008410434 1.4522803e-05 3.7400792e-08 0.0006414123 0.01057854 2.7974513e-05 0.0024900504
0.21229926 0.0094252955 0.6153947 0.030183196 0.70869744 1.2634029e-05 0.00015079601 0.023710636 0.87975806 2.34258e-05 0.2575848 2.2901544e-05 2.1416774e-05 0.9639104 0.22938433 1.7261985e-07 0.028273406 0.0028772037 0.08131472 0.0026103093 0.026074605 2.3307517e-16 0.0016675887 1.2248504e-06 0.043051124 0.4733813 0.0076684607 0.99178785 0.00038890916 0.00013973912 2.2688721e-07 0.0030734441 0.00011021945 0.0003229813 2.0450123e-05 5.637791e-07 0.003706364 0.55156595 1.3988584e-05 0.51013553 1.617454e-07 2.576333e-06 0.037654348 0.00028667354 2.7877159e-06 3.7278204e-07 0.057618596 1.07045225e-05 2.5263626e-06 8.201539e-05 9.443082e-07 8.0247455e-06 8.115935e-05 6.766227e-05 0.004780333 0.00026806953 1.0946851e-05 5.838031e-06 0.00011130555 0.08477736 0.0017409772 0.0019070242 5.7853667e-06 0.23635392 7.4954864e-06 1.0862663e-06 0.15280418 0.14235197 2.0209231e-07 8.407041e-07 0.000118107 1.9621316e-07 0.0014290496 1.4656239e-06 2.452604e-07 0.029708128 1.515558e-06 1.4582542e-06 1.2443977e-06 2.2063102e-06 0.00080612756 0.031649552 1.9730667e-06 0.029166166 0.01751413 0.0021407085 9.164528e-06 2.3933003e-07 0.00028135945 0.004333271 3.849507e-06 0.003577688 1.2872627e-07 0.00015387216 1.2988778e-05 1.3984348e-08 5.9617406e-07 5.1757174e-06 8.712597e-06 1.6163877e-08 1.1009857e-05
0.9203299 0.008358377 0.0022227562 0.00040853568 0.0011828613 0.13870458 0.0004096042 6.696136e-05 0.007009471 0.00071920006 0.4647583 2.8698646e-06 1.3661658e-07 0.0016048657 0.0029758175 0.0011703483 0.68462723 1.5087061e-05 0.00071706605 3.7084765e-06 0.94200724 0.0016675887 1.4998399e-13 1.5626869e-05 0.072941445 0.0017853519 0.76710916 0.0012631868 0.75923395 0.802502 0.00034054075 7.6882716e-05 0.8800584 0.59931475 2.2540242e-08 1.4560274e-07 0.41245872 9.4956944e-05 0.85084134 0.021580325 8.097411e-09 7.70835e-09 0.23197441 3.0570634e-05 4.1099955e-07 0.46491918 0.04147358 0.20119785 5.358957e-07 2.065197e-07 0.19505043 8.6276465e-08 0.12209993 1.088461e-05 0.09426186 0.50391424 0.09555441 0.47569594 0.11719569 0.031541694 0.14216207 0.0001602731 0.20884348 8.373084e-05 0.08540434 0.04425344 0.00029956127 0.006266508 1.10873984e-07 0.1648735 0.19233526 1.332219e-08 0.014764101 0.00061444443 1.538216e-07 0.024206046 0.1839288 5.4106927e-08 8.078452e-09 1.2253193e-07 0.045494515 0.0005549389 8.426261e-08 0.0031968595 0.0001075639 0.0786394 0.063912 7.66706e-07 4.0963117e-05 0.00052749814 5.6559725e-07 0.0005860062 0.0012452924 0.035492387 0.016538022 0.00020073193 3.0781663e-08 0.0022629309 0.04076929 0.00014162505 0.018743178
0.96418476 0.2630259 0.005859917 0.023402482 0.0024893319 0.0022024424 0.013334101 0.006096677 0.00036405234 0.907188 0.00065672625 0.78720456 0.705806 8.3363055e-05 0.0126088075 0.01398601 0.00049722986 0.35689703 0.029414576 0.00062658597 3.889017e-05 1.2248504e-06 1.5626869e-05 9.688271e-15 0.005908533 5.580142e-06 0.0018708543 2.6237126e-07 0.00012836959 9.1299835e-06 0.39413264 0.00015435733 6.139664e-07 8.2745714e-07 0.0018907259 0.21197118 1.9531666e-07 6.981906e-06 7.26058e-08 2.6519109e-08 0.1174867 0.0013689446 1.8983938e-08 0.6954924 0.01820353 8.127418e-08 1.6147206e-08 3.1419553e-05 0.0040531373 0.8922779 9.368546e-08 0.7423808 0.0005354314 0.5637417 3.6551184e-09 8.428045e-08 4.924348e-05 1.2675755e-08 0.0007490256 5.961965e-08 3.7400955e-07 0.139056 2.157601e-08 3.0858082e-08 0.00017705053 6.347191e-07 1.7979983e-07 5.697069e-08 0.09291198 1.147991e-08 3.440287e-09 0.2571322 3.1186993e-09 0.02119401 0.029161029 0.020072658 1.6546656e-08 0.0027708942 4.180625e-06 0.001849364 0.0045210514 2.7618237e-09 0.00019330342 0.09357242 1.2933766e-06 0.008440063 4.0098797e-08 0.77256376 2.7705123e-06 9.543916e-10 0.001092841 0.26154962 5.666573e-08 0.0012981448 1.1738366e-09 2.4481626e-08 0.018828299 7.431325e-09 2.127091e-05 1.0624596e-08 6.0532884e-08
0.99754494 0.14740816 0.49805495 0.17261156 0.23048885 0.92822737 0.019871693 0.0332953 0.1762262 0.042646587 0.30828467 0.00077652757 0.0017703037 0.075072795 0.79286265 0.11797884 0.46708456 0.07829818 0.4839636 0.00070735975 0.11753553 0.043051124 0.072941445 0.005908533 2.202516e-15 0.01983685 0.6377328 0.0044425433 0.18943565 0.03477286 0.052779343 0.00047504678 0.01110146 0.066708624 1.7696182e-05 4.2298023e-05 0.0498359 6.3629544e-05 0.04433747 0.01305067 3.1608758e-06 7.220314e-07 0.019890735 0.008202713 1.4271207e-05 0.0014692466 0.006266586 0.0033008684 3.5454254e-06 0.00017454199 0.00031802972 0.00025595236 0.029997813 0.002802183 0.0049741813 0.0133155165 0.008330704 0.0059189047 0.045778718 0.0065834126 0.0012420597 0.035953864 0.0005593519 0.0008620447 0.006906662 4.7669917e-05 0.0011678607 0.0026810572 0.00011213746 7.5337164e-05 0.0037070923 4.6872606e-06 0.0011830734 0.3122315 0.0005795106 0.81669414 0.00027631322 3.9917052e-07 4.7188828e-07 2.0087996e-06 0.16602774 0.0006289151 1.0184247e-06 0.16868097 0.0010924523 0.8152375 0.0005939566 0.00051224703 0.001137846 0.0003326166 8.956212e-06 0.070726864 1.0289947e-06 0.1715565 6.285052e-05 2.7467481e-06 8.5111475e-07 2.779207e-05 0.00040396058 1.2348472e-07 1.1897618e-05
0.33771974 0.14997469 0.20319158 0.70140535 0.6415076 2.7484919e-05 0.00482716 0.76664037 0.44729137 0.00031030725 0.09760755 0.019572971 0.027628388 0.8091231 0.06849719 2.8728508e-07 0.0113874255 0.030811025 0.043606095 0.712338 0.010998494 0.4733813 0.0017853519 5.580142e-06 0.01983685 4.1169844e-19 0.00639249 0.48794717 0.0006588708 0.00020790331 1.7247282e-06 0.6791624 0.00010926447 0.00026299796 0.083460905 0.0010503037 0.0016632138 0.98244745 6.706482e-05 0.003235262 0.00013989204 0.034564562 0.00014889726 0.0077249766 0.0005792091 4.940522e-06 0.00014615792 4.232944e-06 0.0035788738 0.0043785865 1.1479141e-05 0.0021827233 0.00017831533 0.0037702837 1.6479632e-06 0.0004655679 2.8875968e-06 3.0812037e-06 0.00023375399 0.00015167655 3.0952124e-05 0.018890101 1.5664967e-06 0.14804773 1.2092898e-05 8.352033e-08 0.4120444 0.0010024854 1.142928e-06 2.4131408e-09 3.0537722e-06 3.0833333e-05 2.1066858e-06 2.2335431e-05 2.9836176e-06 0.009804912 7.204274e-07 5.1733958e-05 0.020670222 4.3741788e-05 0.0024546564 0.0034453275 0.00047520472 0.09344473 0.5614712 0.0018067614 4.23123e-07 1.3092055e-06 0.018919796 8.8030036e-05 9.660485e-05 0.022397408 3.4650547e-09 0.00020843594 7.381138e-08 1.5387947e-08 4.4391845e-06 1.0716596e-07 3.4953537e-05 4.001237e-09 1.1893675e-06
0.9942103 0.053849075 0.06114333 0.018675983 0.038137946 0.32092914 0.0043427204 0.0054895906 0.04126888 0.008824472 0.38348296 0.000112325404 9.537244e-05 0.014335605 0.0971821 0.026788738 0.86809295 0.0031485802 0.05804251 0.00035924834 0.5069206 0.0076684607 0.76710916 0.0018708543 0.6377328 0.00639249 1.8904262e-12 0.0021453 0.9029957 0.52617824 0.032312796 0.0011203297 0.20317234 0.2095423 2.2028906e-05 4.8248926e-06 0.16152969 6.5171094e-05 0.45438695 0.014173625 1.6824115e-06 6.355983e-06 0.061970327 0.003880791 3.854933e-06 0.12996301 0.015158488 0.062852524 4.544578e-06 8.332379e-05 0.054995265 6.2162624e-05 0.29560846 0.001829626 0.021191683 0.08420443 0.061797827 0.059508655 0.38019505 0.0127815725 0.03545836 0.010129143 0.017115442 0.00011865986 0.13369988 0.014587754 0.0001954006 0.0018643106 3.1323874e-05 0.012659968 0.019402437 5.1023994e-06 0.0046890983 0.1178077 7.612119e-05 0.33989155 0.016404143 1.900824e-07 3.3008996e-07 7.1333307e-07 0.43762422 7.1280876e-05 1.4162542e-06 0.0789305 0.0021866881 0.81646186 0.005182776 5.017274e-05 0.00012093066 0.00014010874 3.2341002e-06 0.015860278 0.0005153797 0.23203164 0.0014599707 0.00012414118 1.8985875e-06 0.00030170294 0.011963086 0.0004942146 0.0011946309
0.042992793 0.00028511914 0.25590384 0.00600626 0.25721535 8.933295e-07 1.360034e-05 0.003711022 0.5353553 5.817811e-06 0.13593452 3.4470245e-06 1.2464905e-06 0.7424649 0.042023625 2.9767707e-08 0.012641485 0.00013301054 0.0085620135 0.00027032153 0.012627429 0.99178785 0.0012631868 2.6237126e-07 0.0044425433 0.48794717 0.0021453 2.680367e-16 0.00032782325 7.235534e-05 5.2762488e-08 0.0004814716 3.9521747e-05 0.000104296574 1.4508371e-06 2.1159288e-07 0.0024582804 0.67545956 1.2992049e-05 0.76100475 1.0214847e-08 1.4581728e-07 0.08615424 6.8029826e-06 7.942171e-07 1.2229775e-07 0.21153569 1.4931147e-06 6.9951324e-07 2.0528726e-06 5.9936593e-07 1.6778345e-07 5.174269e-05 2.5155605e-06 0.007315643 7.516142e-05 9.461363e-07 2.268793e-06 4.2798412e-05 0.47272217 0.00041176713 0.00028831145 9.318645e-08 0.71100426 3.9180336e-06 3.6945043e-08 0.52491677 0.6641574 5.515294e-08 6.554273e-08 6.0803495e-06 2.891944e-09 0.004759885 4.335377e-07 4.5878014e-08 0.016351 8.0596135e-07 7.714826e-08 1.5372628e-07 6.0455925e-08 0.00013796485 0.30786076 2.5491642e-07 0.0069852234 0.00865014 0.0015099966 2.9533014e-06 2.4648518e-08 0.00019331668 0.08736442 3.3287694e-07 0.0006593472 3.4164277e-08 6.461135e-05 5.557078e-06 1.4436931e-08 3.5871665e-08 1.1052155e-06 1.9215154e-06 7.2305184e-09 3.727222e-06
0.96052283 0.009662025 0.0031197113 0.0026290102 0.00245396 0.09221599 0.0005746677 0.0002940063 0.0081738895 0.0016737306 0.15014488 5.7858306e-06 3.1054644e-06 0.0012191029 0.011282866 0.006259463 0.55511016 5.8637288e-05 0.0023046797 1.8418466e-05 0.38788128 0.00038890916 0.75923395 0.00012836959 0.18943565 0.0006588708 0.9029957 0.00032782325 2.5429794e-11 0.9330086 0.0034722404 0.00077068154 0.5771601 0.12109085 7.988985e-06 2.2365475e-06 0.040755995 3.4302248e-06 0.3652249 0.0004420143 3.0407804e-07 7.94815e-07 0.020527117 0.00022539859 3.4648366e-07 0.20006327 0.004046811 0.6912137 1.0907518e-06 7.8944305e-07 0.07699493 7.968436e-07 0.6860986 6.036971e-05 0.015006659 0.09470778 0.5436369 0.13548875 0.5298282 0.0024665385 0.013819016 0.0006519071 0.045326736 5.3969484e-06 0.41164377 0.060156845 4.8185057e-06 0.00017675546 5.2497654e-07 0.055241838 0.029830357 6.436691e-08 0.0020513588 0.016173325 1.1743737e-06 0.060651038 0.056985144 1.2618561e-08 1.42083625e-08 5.591078e-08 0.29237625 1.3157411e-05 3.5404096e-07 0.008012048 0.0007678563 0.44929025 0.013484057 1.3958127e-06 5.2013416e-05 2.2591452e-05 6.9552465e-07 0.0011639491 0.0019788889 0.12899779 0.0024308912 0.0002324045 4.4577483e-08 0.00070566725 0.06606719 0.0007030163 0.0041331593
0.94131804 0.0009507149 0.00028374334 0.00024513682 0.0002935023 0.026113166 0.000108467626 2.6461068e-05 0.0015233642 0.00047805384 0.0418425 7.8425785e-07 9.1970186e-08 0.00049233524 0.0008043087 0.0008204164 0.22639775 1.5911413e-06 0.00019649962 5.7950415e-06 0.27865255 0.00013973912 0.802502 9.1299835e-06 0.03477286 0.00020790331 0.52617824 7.235534e-05 0.9330086 1.3231536e-11 0.0002462275 0.00012957718 0.97272867 0.1552171 6.6367875e-07 4.774417e-07 0.054260418 1.8222495e-06 0.50399435 0.00014570588 4.4173255e-08 7.870079e-08 0.01971253 2.8621092e-05 6.411098e-07 0.43536982 0.002463117 0.6935445 5.4506154e-07 5.5283643e-08 0.16936405 5.809766e-08 0.4859284 5.296354e-06 0.0140230935 0.17331915 0.3774427 0.2646826 0.322813 0.0012330393 0.012183498 5.44768e-05 0.12269526 5.680376e-06 0.28159308 0.29504177 8.3310715e-06 0.00011437797 1.752725e-07 0.13020436 0.041132476 1.7007908e-08 0.001857649 0.0012916011 2.5787628e-07 0.015499192 0.15150133 3.825984e-08 5.238502e-09 1.0894268e-07 0.11827758 1.2857891e-05 7.708501e-08 0.0012730005 0.000149775 0.091085374 0.027441408 2.9745988e-07 1.74892e-05 3.0599775e-05 2.8477876e-07 0.00044102437 0.00806191 0.07284756 0.004852666 0.0010273255 1.008918e-08 0.0013965376 0.21370925 0.0016745505 0.013367931
0.9660323 0.10844082 0.0055856104 0.0016681495 0.00041377198 0.12677217 0.009677203 0.00035994672 6.651425e-05 0.4934362 0.0015859067 0.0049027135 0.024883056 1.2414267e-05 0.23624803 0.913545 0.009485243 0.6082962 0.41006735 1.3595347e-05 0.0003346095 2.2688721e-07 0.00034054075 0.39413264 0.052779343 1.7247282e-06 0.032312796 5.2762488e-08 0.0034722404 0.0002462275 2.3130255e-11 3.887506e-06 2.447326e-05 3.9447073e-07 1.1188487e-05 0.00023532775 2.4284682e-07 6.375601e-07 1.5449176e-06 2.6226356e-08 0.0003047186 4.630183e-06 1.70937e-08 0.7702556 4.1540472e-05 5.085241e-08 1.4775261e-08 0.0003275954 3.821703e-06 0.037035313 3.866656e-08 0.023651551 0.0046084276 0.5823208 6.919546e-09 4.4732587e-08 0.0018775997 2.0009086e-08 0.007650656 9.6232014e-08 3.1775397e-07 0.9340179 6.73928e-08 6.95586e-08 0.0013273499 2.8890994e-07 3.7690518e-07 8.86925e-08 0.010958457 4.0813606e-09 9.9142135e-09 0.0023150884 4.1332293e-09 0.80707216 0.07803719 0.19327173 2.9210203e-09 1.66861e-05 6.7448315e-07 9.4389725e-06 0.016897077 2.5444923e-08 1.105083e-07 0.7414581 4.017919e-06 0.07346602 4.1700527e-08 0.16012305 8.239435e-07 5.6528275e-09 7.851941e-07 0.7730401 8.7359044e-09 0.007020194 4.5031756e-09 2.9719091e-08 3.3275282e-05 1.0670086e-08 5.7544203e-06 5.1193805e-08 4.5955524e-08
