2.2770564e-15 0.9957637 0.9953721 0.97349215 0.982521 0.98542273 0.89763504 0.96120226 0.9804013 0.9588283 0.9845004 0.9788907 0.91794705 0.8771083 0.9738041 0.9766293 0.9481486 0.9676829 0.9601794 0.91705436 0.95216525 0.8829167 0.87621784 0.930276 0.17603834 0.9250758 0.9919345 0.9900936 0.9920682 0.99466765 0.9773711 0.6248387 0.95337903 0.9965618 0.33052015 0.9744501 0.9627838 0.95267886 0.96308076 0.99923396 0.989241 0.60068023 0.47686207 0.88501734 0.04330507 0.17866601 0.027809901 0.9982014 0.97223234 0.5523075 0.124364235 0.33042517 0.94641256 0.113461934 0.56306815 0.09662856 0.005570673 0.046205133 0.86678994 0.9961513 0.98718196 0.9977595 0.97057 0.9936591 0.9980741 0.0011918157 0.9797125 0.01423748 0.0040383814 0.9992686 0.124259494 0.0016733605 0.00017329704 0.9634707 0.014740762 0.08676411 7.054603e-05 0.008451167 0.31341082 0.99958944 0.0006036272 0.00054203795 0.36726263 2.5233685e-05 0.99992347 0.00011572025 9.739392e-05 0.94991285 0.93504536 0.84318984 0.9688305 0.9873258 0.00081043725 0.9983769 0.24905431 0.0037401065 8.338468e-05 0.95794255 0.9781253 0.9645564 0.0012479465
0.9957637 6.4435683e-12 0.814154 0.4121228 0.5063577 0.18894246 0.5648684 0.9569424 0.7593885 0.089706354 0.0046596345 0.01883456 0.123166084 0.7000371 0.00565153 0.042234074 0.023974188 0.14282402 0.04078631 0.8625222 0.009423472 0.0014001289 0.43493786 0.005890726 0.21464041 0.0103538 0.03612402 0.010113414 0.035092745 0.6252978 0.011659056 0.00053813227 0.020714562 0.008512573 0.017841877 0.00021001026 0.006915632 0.00021824097 2.098856e-05 0.3886515 0.0035471509 4.0812716e-05 0.24218838 0.037360728 0.4725257 0.36050665 0.001471992 0.0014235972 2.571365e-06 8.4808045e-05 0.0052060564 0.00013103473 0.00024154587 0.00026540313 0.567986 0.02213654 0.00021502166 8.34056e-05 4.4611047e-06 0.06384419 3.591661e-06 0.1316715 1.06155385e-05 0.014655446 0.0032617124 2.7523714e-05 7.77532e-06 0.05629638 3.9923137e-07 0.18031362 1.6655374e-06 3.4865363e-06 6.133139e-07 6.406658e-06 0.00012670984 0.5205298 4.8921436e-07 3.5441357e-07 3.4051615e-07 0.0068367054 0.0007228217 1.835296e-05 4.0311425e-09 1.3749559e-05 0.02894288 0.0013152632 3.5512e-07 2.0612413e-08 2.9272574e-08 2.6483609e-09 0.00078918686 0.00014849425 0.037792746 0.0005668574 2.5836565e-07 4.6047193e-09 1.41353e-06 1.109193e-06 1.7585398e-07 6.209857e-05 1.0809668e-08
0.9953721 0.814154 2.1606314e-16 0.60730034 0.0176372 0.54285425 0.9342284 0.38899192 0.118372366 0.090526775 0.30927688 0.11918509 0.0012663215 0.92694026 0.19399893 0.0007174158 5.2991458e-05 0.0182782 0.38186756 0.7240613 0.09968968 0.0041578603 0.02160906 0.06034697 0.79218817 0.00015205411 0.075821534 3.8899074e-05 0.015796252 0.33199525 0.0003825906 0.0039734235 0.111843094 0.066814 9.46057e-05 5.7735247e-07 0.0003504635 6.4418157e-07 2.1126027e-08 0.15835027 3.4913628e-05 9.2619416e-08 0.7205507 0.32241613 0.28438285 0.037116636 1.1839746e-05 1.9157636e-05 6.0076455e-09 0.0056522097 0.092468426 7.098571e-07 2.9453795e-05 1.471211e-07 0.6660592 0.2554566 6.051167e-07 0.0009118537 9.666041e-09 0.011161158 6.066975e-08 0.20504448 9.039627e-08 0.007592856 0.00067860767 6.4777004e-07 1.3139842e-07 0.13667001 2.8892202e-09 0.19335827 3.4174573e-08 1.5774955e-07 5.2464845e-08 1.1988147e-08 0.0058005494 0.035830617 1.4282847e-07 4.4133504e-08 1.6378449e-08 0.0036510967 1.0632012e-05 6.042045e-07 1.7072374e-10 0.0015616813 0.0070166 0.0057641487 5.4418663e-08 3.620949e-10 4.0034331e-10 1.7007046e-10 6.0511622e-05 4.905213e-06 0.010067763 1.0920627e-05 5.1542286e-09 6.652543e-10 1.4942337e-07 6.3116485e-09 1.3597434e-09 1.1708087e-06 8.487195e-09
0.97349215 0.4121228 0.60730034 5.573976e-12 0.020929 0.8691013 0.87645596 0.019201344 0.57974607 0.98127747 0.8600424 0.51642776 0.001894511 0.41181538 0.66855 0.0057147387 0.00080229086 0.5057227 0.18504274 0.0270512 0.316635 0.17412287 0.002056729 0.10603719 0.09844776 0.0054532317 0.8192681 0.0015453069 0.14561866 0.2835044 0.012240723 0.019255826 0.30472404 0.30915537 0.0008837534 0.00026872428 0.07785 8.624518e-05 1.2000483e-05 0.17983627 0.00012764384 6.124556e-06 0.009339871 0.009965109 0.028384961 0.001671719 9.123116e-06 4.5863828e-05 4.597376e-06 0.0013445393 0.0008182488 2.1995445e-05 0.003496096 2.0151756e-06 0.004096257 0.0011898543 3.5599282e-07 4.115773e-05 2.1103458e-06 0.028268004 6.565653e-06 0.31563237 3.541068e-05 0.20893441 0.051180393 9.491132e-07 0.00012075595 0.0018411811 4.9206598e-08 0.276837 2.6981758e-07 1.4872325e-08 5.942336e-08 3.2902374e-06 0.00027735182 0.0002026067 6.8904136e-09 4.872197e-09 2.9955507e-07 0.1902948 2.1882222e-06 3.604058e-08 1.4874475e-09 1.668799e-05 0.1433223 5.437216e-05 3.5128276e-09 6.71299e-07 3.168261e-06 5.2432828e-08 0.0007786849 8.030865e-05 9.626108e-07 0.00017956979 8.350981e-08 2.643708e-09 3.1138867e-08 1.3461019e-05 4.104819e-06 0.00017318025 1.3646637e-10
0.982521 0.5063577 0.0176372 0.020929 3.1304102e-09 0.0012627128 0.03301448 0.60852796 0.8448081 0.01188061 2.8015336e-05 0.00015576379 0.94611967 0.08255761 6.1303435e-05 0.94755214 0.94663936 0.051690336 0.0005149343 0.13983405 0.00023896752 8.990017e-05 0.8938233 0.00025248574 0.007791046 0.3070839 0.0058652037 0.3835841 0.012025598 0.24351192 0.11118032 7.630748e-05 0.0038559262 0.0005512742 0.6399905 0.020865047 0.027796702 0.11304338 0.009992802 0.21577807 0.09007268 0.0312673 0.004050575 0.00015183154 0.1182712 0.37995625 0.123224154 0.070137255 0.0026698408 1.7387842e-06 1.0392914e-05 0.026323259 0.005279285 0.10331238 0.030759264 7.610385e-05 0.027837405 1.944876e-06 0.0010054837 0.17285484 9.064235e-05 0.02189223 0.0011827151 0.008956115 0.007308816 0.009785669 0.00026730343 0.0020845088 0.00036408738 0.04003491 9.603213e-05 0.005935569 0.000109869354 0.00022958852 1.5489909e-06 0.6335777 0.00032063443 0.00010011354 4.428214e-05 0.0036838814 0.030640826 0.021250136 4.003745e-07 1.1767178e-06 0.042984746 0.00029861942 4.8887297e-05 6.4740107e-06 4.156209e-06 7.3050836e-07 0.0098855505 0.00030218498 0.010141612 0.012896694 3.3091405e-06 2.9968412e-06 1.1151693e-05 6.53802e-05 2.114045e-05 0.0006300379 2.582484e-07
0.98542273 0.18894246 0.54285425 0.8691013 0.0012627128 5.269957e-14 0.9384161 0.031284813 0.013608548 0.3510761 0.86605316 0.80893075 4.99798e-05 0.6636027 0.6628749 0.000102456586 3.907779e-06 0.007638495 0.89982647 0.20334029 0.7097765 0.27110583 0.0005343171 0.54939437 0.78804725 4.7136455e-06 0.093301944 1.8908179e-06 0.012053578 0.07824456 7.122971e-05 0.120292954 0.32479158 0.24325778 2.9529228e-05 5.2052588e-08 0.000110767825 8.0629235e-08 8.01349e-09 0.030656854 1.8181292e-07 1.34139295e-08 0.5311856 0.6069404 0.032621782 0.002618902 3.2279897e-06 1.7106846e-08 6.1361227e-09 0.05590217 0.23125336 1.2057866e-07 9.669319e-06 2.5170496e-07 0.16182068 0.13756101 4.6431236e-07 0.018068442 9.739734e-09 0.00024125256 5.6825886e-09 0.101723164 3.357814e-08 0.0039011291 0.00039768012 4.7289873e-07 1.5968853e-07 0.023055257 8.062919e-09 0.09186576 2.1803043e-08 7.399815e-08 2.5691586e-08 6.5101515e-09 0.029081697 0.001362083 2.7807216e-08 6.1347643e-09 9.301274e-09 0.0063644233 3.561526e-06 1.0337844e-07 3.4066247e-10 0.0009995808 0.0035922937 0.0014590638 1.3763675e-07 1.3019509e-09 1.7581223e-09 2.2137594e-09 1.3515629e-06 9.605433e-08 0.00015873842 2.3283943e-07 1.5494201e-07 6.14579e-11 4.5515284e-07 6.8782153e-09 5.5463794e-09 1.1787497e-06 1.0541951e-09
0.89763504 0.5648684 0.9342284 0.87645596 0.03301448 0.9384161 9.366827e-16 0.26594174 0.24137571 0.49454036 0.6259691 0.51459265 0.014106274 0.95803404 0.32739824 0.006195371 0.0046480703 0.031545956 0.8142728 0.2887282 0.31302097 0.25441557 0.016522676 0.23982888 0.847241 0.00033777367 0.048789192 0.0007461705 0.0067927395 0.11666758 0.00078451075 0.09266957 0.11777265 0.122525424 0.0065033548 0.000105993975 0.0053133024 3.2065906e-05 3.8093116e-05 0.05014525 5.0068058e-05 8.31185e-06 0.26800433 0.051039953 0.27750042 0.036397345 0.00018419756 1.4760804e-05 9.122746e-07 0.007036674 0.012924328 1.602229e-05 0.0003400849 5.049745e-06 0.08968883 0.008609136 3.5483886e-06 0.00018935409 5.3140394e-07 0.00743095 9.0873357e-07 0.06074144 3.6332202e-07 0.021717865 0.0056884107 1.6374404e-06 1.0754303e-05 0.026238767 5.7879873e-08 0.052354217 1.3681529e-07 2.7191106e-08 1.085423e-08 1.5159787e-06 0.0011945831 0.0014117686 2.2259716e-08 1.2232522e-08 3.0022832e-07 0.022119861 7.595545e-06 7.871569e-07 5.323554e-09 0.00068687444 0.02081266 0.0013232745 6.451034e-08 3.3454998e-07 4.08416e-07 2.7208242e-07 0.00067150267 0.00012933409 0.00024717094 0.00023598512 1.9891914e-07 8.246505e-10 1.2280387e-06 2.7285923e-06 3.391026e-07 2.3506409e-05 5.232728e-10
0.96120226 0.9569424 0.38899192 0.019201344 0.60852796 0.031284813 0.26594174 2.4272535e-12 0.13851179 0.009394627 0.0023174896 0.0010800061 0.5342417 0.6625323 0.0019280292 0.13388205 0.16293776 0.003758876 0.007355554 0.95301765 0.0013871625 5.6349214e-05 0.86198926 0.0010537877 0.38050252 0.0011850968 0.0064125783 0.029332625 0.0017585376 0.47276527 0.0014666176 0.0001914844 0.010502687 0.003793985 0.10078111 0.0017751871 0.0008327034 0.0008128674 0.00023902634 0.1407613 0.007364609 0.00041156478 0.13710725 0.0066184583 0.81972444 0.72770905 0.006335308 0.003372677 1.1639168e-05 0.00012531175 0.0016114264 0.0005189896 6.991405e-05 0.0004986005 0.5265053 0.017112656 0.000491232 1.2807984e-05 1.1735827e-05 0.04021443 7.880963e-06 0.023511006 2.675184e-06 0.0014177051 0.0005630391 0.00017621151 5.0947074e-06 0.038939442 1.1516181e-05 0.027424106 1.16278525e-05 5.5357905e-05 3.3128536e-06 2.0694932e-07 0.0001473655 0.6940191 6.825968e-06 3.040176e-06 3.4726622e-06 0.0007076485 0.0023613991 0.00013530694 3.6763964e-08 3.692636e-05 0.0058099832 0.0049343803 1.0522872e-06 1.907665e-07 5.4067186e-07 4.3815948e-08 0.0009875741 0.00047180662 0.038538046 0.0006843052 2.4875058e-06 3.1033252e-09 2.940677e-06 5.3133503e-05 2.8799582e-07 1.0431612e-05 5.0154053e-08
0.9804013 0.7593885 0.118372366 0.57974607 0.8448081 0.013608548 0.24137571 0.13851179 1.7487285e-12 0.43564796 0.004042209 0.004033593 0.29538837 0.14083967 0.008525589 0.6459578 0.28691033 0.9589516 0.004050301 0.055566948 0.009741185 0.001557698 0.037582677 0.0015815282 0.0028883088 0.8258379 0.38339618 0.39028478 0.3947318 0.89205533 0.730478 9.7323726e-05 0.06479476 0.044491757 0.006130779 0.05584672 0.7811443 0.0019929863 0.012337732 0.78111315 0.21285927 0.00056965125 0.00014621521 8.4440275e-05 0.0026556496 0.0076037394 3.5028253e-05 0.116706975 0.00018688409 4.961094e-06 9.889925e-07 0.00013268241 0.13083327 6.671136e-05 0.0003093673 7.9216525e-06 1.1039665e-05 1.9015184e-07 4.4686818e-05 0.3333947 0.002116694 0.14518572 0.0018229692 0.28223735 0.1390716 1.2193527e-06 0.002794862 0.00014274316 1.4019768e-07 0.1633007 2.6706823e-06 2.7837214e-07 2.2842215e-07 0.00028017192 1.3695568e-06 0.0054391664 3.8205293e-08 8.697686e-08 2.1536314e-06 0.117784046 5.612661e-06 2.6495914e-07 3.5079147e-08 6.0741496e-09 0.29741338 4.3918744e-06 1.9280058e-08 0.00019018803 3.065948e-05 2.2259812e-07 0.024912966 0.0017227031 1.714746e-07 0.033909176 1.5388368e-07 1.1853143e-07 5.990062e-08 0.00039168308 0.00012181162 0.003936489 5.9224408e-09
0.9588283 0.089706354 0.090526775 0.98127747 0.01188061 0.3510761 0.49454036 0.009394627 0.43564796 1.5495809e-15 0.8185049 0.34110594 0.0012923343 0.10189319 0.87271607 0.0020800822 0.0003915281 0.6221379 0.08872684 0.012061255 0.16928782 0.2995212 0.0005219462 0.070040956 0.042567432 0.00066861964 0.92772824 0.0005690863 0.4171477 0.1492568 0.0053096605 0.03978413 0.83806986 0.56111205 0.00021570417 0.00010240315 0.049063586 1.2296262e-05 1.4348735e-05 0.08240411 5.837182e-05 7.7809835e-07 0.0015038415 0.0056126593 0.0008438916 0.00032027994 2.120463e-06 1.8395294e-05 1.1696836e-06 0.0027989645 0.0004201585 5.9562e-07 0.0004502234 5.035081e-07 0.0011624472 0.00036224295 4.3339522e-08 1.5111885e-05 7.6027953e-07 0.011486226 8.43441e-07 0.29849637 1.6626047e-06 0.2180358 0.027306212 1.3079294e-07 2.7576314e-05 0.00025364224 1.0252089e-08 0.28573427 7.469342e-08 6.7494726e-10 2.8611862e-09 1.478728e-07 6.5973276e-05 3.0768458e-06 1.3930962e-09 5.37992e-09 2.341022e-08 0.50040793 2.805113e-07 3.168031e-08 1.2906803e-10 1.8345127e-06 0.11579305 4.11006e-06 2.440981e-09 2.5696536e-08 3.076828e-08 1.1761743e-09 0.00021809868 1.4072359e-05 3.73417e-08 6.762776e-05 2.7921419e-09 2.4501828e-10 6.387303e-09 1.2704026e-08 8.93366e-09 2.9189948e-06 9.032766e-12
0.9845004 0.0046596345 0.30927688 0.8600424 2.8015336e-05 0.86605316 0.6259691 0.0023174896 0.004042209 0.8185049 3.1886544e-12 0.90035146 8.95309e-07 0.3591918 0.87786347 1.2802091e-06 9.148871e-08 0.011488018 0.79853904 0.057390798 0.8239038 0.77459174 0.00025652224 0.78053725 0.3231021 3.1863412e-06 0.21262647 9.6356e-08 0.044388432 0.0044011036 0.00012642497 0.69266593 0.78568465 0.43232018 7.315608e-06 2.7656823e-09 0.00034833324 4.4007166e-08 1.5364653e-09 0.0018726721 5.3489693e-09 5.279115e-09 0.31520188 0.7589348 0.003592715 0.00053205993 1.0039175e-06 1.982366e-09 1.9337243e-09 0.29571465 0.35981873 1.3271283e-07 7.629631e-06 1.7185359e-07 0.02932585 0.12403387 1.3565366e-07 0.12886941 4.90586e-09 8.93799e-05 5.545859e-10 0.08812474 3.9323513e-08 0.008482431 0.00043023098 1.4964698e-07 1.3361347e-07 0.0056342557 7.129521e-09 0.0867726 1.4552242e-08 1.8723087e-08 1.1122256e-08 2.837287e-08 0.039300963 0.00021063244 4.1209827e-08 9.24108e-09 3.127617e-09 0.048543707 3.415457e-06 3.0832155e-07 1.485856e-10 0.0001757778 0.007037691 0.00029752133 1.3325665e-07 1.7895449e-10 1.4678563e-10 1.0336474e-09 9.969817e-08 1.502094e-08 3.2169569e-06 4.9103e-08 2.0085137e-08 1.1200914e-09 2.430324e-07 4.5284446e-10 1.4189182e-09 5.1726083e-08 2.2398974e-09
0.9788907 0.01883456 0.11918509 0.51642776 0.00015576379 0.80893075 0.51459265 0.0010800061 0.004033593 0.34110594 0.90035146 1.2128525e-13 3.5233913e-06 0.3472419 0.8175568 8.207473e-06 4.4855727e-07 0.0032606178 0.89718956 0.048027758 0.83594394 0.92764986 0.00012532335 0.7482962 0.5050962 8.8227125e-07 0.07805923 4.5272083e-07 0.010537324 0.02411933 5.5461584e-05 0.7187571 0.5034249 0.38098046 5.562661e-06 2.0754552e-08 7.679376e-05 3.7216985e-08 2.5050375e-09 0.0069526345 6.525098e-08 3.8467487e-09 0.32366204 0.7190369 0.0039352244 0.00064986275 5.991756e-07 1.6465115e-08 2.222212e-09 0.20502153 0.36521634 1.08337765e-08 1.7962955e-06 2.6029161e-08 0.04959604 0.1136825 3.661826e-08 0.08971517 4.406014e-09 9.395554e-05 2.3048234e-09 0.054993376 1.2365907e-08 0.0025940572 0.00012385193 8.7721254e-08 1.0566904e-07 0.0046348087 1.4958176e-09 0.05587265 6.853177e-09 6.5679973e-09 2.5151536e-09 3.116428e-09 0.032470006 3.551803e-05 5.333159e-09 7.986162e-09 1.5345206e-09 0.009737991 8.968515e-07 2.1058039e-08 1.1362072e-10 0.0003694427 0.0018805836 0.00036061264 1.3107545e-08 8.329259e-10 1.7514918e-09 3.839316e-09 4.003157e-07 9.873475e-08 8.006337e-06 2.1438004e-07 1.0049717e-07 2.2093787e-11 2.4268186e-08 4.7190807e-09 3.4602006e-09 2.0939696e-07 3.6363068e-10
0.91794705 0.123166084 0.0012663215 0.001894511 0.94611967 4.99798e-05 0.014106274 0.5342417 0.29538837 0.0012923343 8.95309e-07 3.5233913e-06 2.4535896e-12 0.0649624 8.099303e-07 0.8440955 0.9569012 0.0030523806 1.6825681e-05 0.14205496 9.173606e-06 1.0480264e-05 0.9439183 2.5955246e-06 0.0017518606 0.07767078 0.00032834703 0.520007 0.0012688191 0.09614434 0.01495067 6.8831537e-06 0.00030542328 1.6379394e-05 0.953085 0.032549396 0.0032721933 0.15462506 0.012733965 0.070684955 0.060956296 0.05800227 0.0006390369 5.0129956e-06 0.20871235 0.51963234 0.19785611 0.04756046 0.0037438753 1.6159015e-07 2.5775014e-07 0.055647936 0.0010492335 0.3044514 0.033764023 1.4748649e-05 0.039641593 2.5263239e-08 0.0008027684 0.07291366 7.1790426e-05 0.0031214464 0.00036522164 0.00087787624 0.0010428629 0.016331956 0.00012056908 0.0011789128 0.002268711 0.005155603 0.0008090122 0.021128878 0.00055705744 6.7115754e-05 1.2020323e-07 0.82820725 0.0009282989 0.00027380575 3.011928e-05 0.00036345533 0.055763483 0.041629292 4.8413955e-07 8.303919e-08 0.010573251 7.0884846e-05 0.0006510829 1.9205472e-05 3.7300774e-06 4.757073e-07 0.00208939 0.000108866196 0.011921174 0.004343986 9.743289e-06 9.231004e-07 2.5505042e-05 0.00010607983 1.5363381e-05 0.00020440211 6.510713e-08
0.8771083 0.7000371 0.92694026 0.41181538 0.08255761 0.6636027 0.95803404 0.6625323 0.14083967 0.10189319 0.3591918 0.3472419 0.0649624 1.0393402e-14 0.24736361 0.018967617 0.015712677 0.0043930477 0.7241716 0.76247716 0.30140495 0.07671845 0.037338022 0.17972086 0.979262 8.552376e-05 0.015160858 0.001344331 0.0013825928 0.11439785 0.000116540585 0.06776853 0.05950183 0.03998233 0.0027529034 0.0003325002 0.00015146623 5.1809646e-05 1.0471822e-05 0.06120904 0.00022381841 3.9394577e-06 0.5624961 0.10896592 0.45237058 0.0331468 0.00037871595 0.00028303257 2.3227467e-06 0.0041898736 0.05146252 4.543833e-06 4.5128494e-05 8.012509e-06 0.19315425 0.07427463 9.268243e-06 0.00077555364 3.221622e-07 0.007437342 2.2860554e-06 0.04515958 7.857124e-07 0.0056053177 0.00038750638 1.0816149e-05 2.8587988e-06 0.049698107 1.5248649e-07 0.05584475 2.0185865e-07 5.8356846e-07 8.13812e-08 2.6036856e-08 0.00044390134 0.011725608 1.00186355e-07 1.3082419e-08 5.2278644e-08 0.0015784851 7.397967e-06 3.53632e-07 7.3994796e-11 0.0011839407 0.007871094 0.004387812 6.2159565e-08 3.2457717e-07 7.2590535e-07 3.4351547e-08 0.0004986005 3.9762643e-05 0.0011251512 0.00030456609 1.11256774e-07 1.0824863e-10 3.0944964e-08 1.2649527e-06 1.7533385e-07 1.2551112e-06 5.0598272e-11
0.9738041 0.00565153 0.19399893 0.66855 6.1303435e-05 0.6628749 0.32739824 0.0019280292 0.008525589 0.87271607 0.87786347 0.8175568 8.099303e-07 0.24736361 4.5204118e-13 8.033729e-07 9.7662664e-08 0.019394366 0.4552443 0.021079252 0.755691 0.90284073 0.00010242191 0.6781813 0.096781306 2.6517746e-06 0.20166211 6.317614e-08 0.058858782 0.002764807 0.00021244262 0.73692685 0.9514213 0.7509466 1.5989204e-06 1.3425158e-09 0.00030877633 2.4997837e-08 2.0426694e-09 0.000893039 1.9098156e-08 3.4927643e-09 0.06073423 0.45213562 0.00078529376 0.00024299523 1.9354938e-07 6.7818027e-09 1.2831848e-09 0.24106777 0.090258695 6.724359e-08 3.9417423e-06 1.4116762e-08 0.0060159853 0.01194292 1.0895093e-08 0.05445761 8.05322e-09 0.00013331596 3.5045808e-10 0.062277447 5.5643614e-09 0.012395256 0.000320181 2.1744153e-08 1.1991274e-07 0.000880706 1.3219265e-09 0.060314715 1.7379918e-08 2.8828735e-09 1.3760917e-09 6.9326376e-09 0.008522577 8.7479575e-06 5.307019e-09 9.9314175e-09 2.298813e-09 0.14078122 2.7382846e-06 1.06869365e-07 4.485444e-11 3.8477815e-06 0.012621596 5.2893964e-05 2.6139062e-08 1.6751811e-10 2.4699462e-10 8.5699564e-10 4.1504688e-08 5.807669e-09 6.393496e-07 2.0357666e-08 7.20483e-09 1.07966545e-10 3.4652945e-08 2.7807773e-10 2.5038754e-10 1.852445e-08 1.7489003e-10
0.9766293 0.042234074 0.0007174158 0.0057147387 0.94755214 0.000102456586 0.006195371 0.13388205 0.6459578 0.0020800822 1.2802091e-06 8.207473e-06 0.8440955 0.018967617 8.033729e-07 4.1482666e-09 0.9664354 0.03499904 4.977142e-05 0.036424447 1.7569275e-05 4.0847704e-06 0.31655145 8.123458e-06 0.0013655187 0.87565947 0.0013113405 0.81288195 0.0084666945 0.099623546 0.40051803 1.2492407e-06 0.00028320806 6.896506e-06 0.31967026 0.3492933 0.11665874 0.5578359 0.10869461 0.09723038 0.20867284 0.18317005 0.00016545536 1.5621645e-06 0.0056158816 0.06538998 0.039703794 0.10298613 0.041266996 8.51208e-09 3.2433678e-07 0.08170237 0.062915444 0.09686407 0.0027995799 6.8034365e-06 0.012457984 1.4077298e-07 0.011125482 0.24960792 0.0006750183 0.005399307 0.0062588183 0.008316629 0.021841154 0.0053603454 0.0023931433 0.00012904887 0.0024348423 0.009534666 0.0029629697 0.008868274 0.00064372533 0.0030531215 5.453306e-08 0.11518392 0.0009345015 0.00089363835 0.0004423335 0.0036523368 0.0076838816 0.007982832 2.9838557e-05 1.11643025e-07 0.047621105 3.1195566e-05 0.00073467405 6.146009e-05 0.00011267345 1.1448528e-05 0.009952542 0.00038833133 0.00025604418 0.012740475 9.821176e-06 0.00017175963 0.00013576062 0.00021030365 0.00022365368 0.004349269 8.1870803e-07
0.9481486 0.023974188 5.2991458e-05 0.00080229086 0.94663936 3.907779e-06 0.0046480703 0.16293776 0.28691033 0.0003915281 9.148871e-08 4.4855727e-07 0.9569012 0.015712677 9.7662664e-08 0.9664354 3.3940362e-10 0.003580712 2.1168685e-06 0.027851399 1.3012452e-06 2.6283922e-06 0.7588244 1.8312798e-07 0.0007848576 0.35961825 0.00016040585 0.7616826 0.0011555947 0.06381077 0.060924172 2.4102684e-07 5.44663e-05 1.01381e-06 0.8998199 0.16206136 0.012574697 0.5572457 0.045257144 0.06790834 0.10173039 0.23898558 7.284672e-05 8.8380733e-07 0.027329458 0.20437634 0.1442707 0.05177414 0.0102098575 9.051614e-09 6.291951e-08 0.13958809 0.006932309 0.3586467 0.004857134 5.199241e-06 0.038204234 8.714488e-09 0.004321656 0.14955938 0.00030512892 0.00174622 0.0019735598 0.0012684749 0.0029296062 0.014073085 0.0006041484 0.00024760174 0.0065630837 0.0024087464 0.004188369 0.021433296 0.0017344008 0.0008201011 2.1037927e-08 0.60088104 0.0026905008 0.0013784135 0.0001417833 0.00085731543 0.022117846 0.023845328 5.822535e-06 5.3806623e-08 0.015657788 3.562333e-05 0.0021007566 7.746245e-05 7.317739e-05 3.0629599e-06 0.0042053196 0.00025074265 0.002585562 0.0054091304 1.2197476e-05 7.838242e-05 0.00033719756 0.00024083511 0.00014517119 0.001261715 6.602256e-07
0.9676829 0.14282402 0.0182782 0.5057227 0.051690336 0.007638495 0.031545956 0.003758876 0.9589516 0.6221379 0.011488018 0.0032606178 0.0030523806 0.0043930477 0.019394366 0.03499904 0.003580712 5.6904217e-12 0.0009632881 0.00019031705 0.0038869544 0.0008448426 0.0002021572 0.0014628243 0.0008024814 0.06782226 0.68870723 0.052691758 0.88405454 0.93517137 0.43744597 8.451697e-05 0.076970436 0.054101735 1.2273228e-05 0.003573294 0.7849364 7.7863355e-05 0.0007568459 0.7851982 0.020607242 2.3513785e-05 2.0363414e-06 4.6021496e-06 2.7456863e-05 1.3909803e-05 9.52559e-07 0.015643459 3.599021e-05 3.1612649e-06 1.8849879e-06 4.987836e-06 0.013090514 1.1041124e-06 2.136126e-06 1.2492496e-05 4.3624138e-07 3.953471e-07 2.0556417e-05 0.24546628 0.0014299849 0.41151378 0.00026141832 0.7094764 0.38614258 5.71929e-08 0.0012560015 4.5645147e-06 1.0953727e-08 0.3073272 1.7210616e-07 2.548786e-08 5.0360796e-09 0.00012473087 4.679658e-06 1.2449657e-05 2.624641e-09 7.2020274e-09 1.2945873e-06 0.6099765 4.98637e-08 6.463263e-08 1.1908587e-08 3.7150034e-08 0.4681156 5.175549e-06 2.8867029e-09 0.00018925517 6.018665e-06 3.2558756e-07 0.007921005 0.0027186691 2.3530451e-07 0.0111353705 3.5039427e-08 2.2280743e-08 2.7371028e-09 0.0001424061 2.3540102e-05 0.0020775567 1.1310719e-10
0.9601794 0.04078631 0.38186756 0.18504274 0.0005149343 0.89982647 0.8142728 0.007355554 0.004050301 0.08872684 0.79853904 0.89718956 1.6825681e-05 0.7241716 0.4552443 4.977142e-05 2.1168685e-06 0.0009632881 4.26871e-14 0.079950795 0.9198542 0.21057129 0.00047646897 0.93579173 0.9125561 6.080398e-07 0.01034622 7.955745e-06 0.0012992416 0.025223749 2.4658058e-05 0.60523075 0.23511334 0.18921989 1.6526872e-05 2.455197e-07 0.00017120721 6.541958e-08 1.920493e-08 0.011032263 9.456294e-07 3.7562504e-08 0.7793658 0.8694234 0.06981718 0.003043399 2.0657774e-06 2.4293297e-07 3.4466512e-09 0.39258346 0.56981313 3.2329638e-07 3.1994653e-06 1.7147802e-07 0.14884952 0.2765139 3.0815957e-07 0.11730575 7.473926e-09 0.0006634057 3.447475e-08 0.031882234 8.813095e-08 0.0012283089 0.00026117908 1.0171851e-06 8.7429896e-07 0.033675596 5.2055933e-09 0.03364923 9.875184e-09 1.3384767e-08 3.690004e-08 1.8636758e-08 0.07079549 0.0018218423 4.9971863e-08 5.7532046e-09 1.5882865e-08 0.0012371967 3.175742e-06 1.220877e-08 2.25171e-10 0.0021476098 0.0031808855 0.0042160754 1.6693055e-07 1.2198499e-09 1.006594e-08 5.077447e-09 4.5012207e-06 1.7142203e-06 0.0006865624 3.7505214e-07 1.2370467e-07 2.2212532e-10 6.811054e-07 1.9397428e-08 3.1246433e-08 1.021401e-06 1.9707957e-09
0.91705436 0.8625222 0.7240613 0.0270512 0.13983405 0.20334029 0.2887282 0.95301765 0.055566948 0.012061255 0.057390798 0.048027758 0.14205496 0.76247716 0.021079252 0.036424447 0.027851399 0.00019031705 0.079950795 6.631669e-16 0.0146523155 2.4972234e-05 0.33229965 0.008097871 0.8631395 2.6939604e-06 0.0037036892 0.0041545248 8.816689e-05 0.15853329 1.6334936e-05 7.843694e-05 0.020834392 0.012577503 0.0055387956 0.0016044686 7.948969e-05 6.240889e-05 0.000106691725 0.06430332 0.001848093 2.7532931e-05 0.6269749 0.022024773 0.9395959 0.46570155 0.0020399413 0.0016353261 8.154883e-07 0.00021460376 0.015336717 6.3356274e-05 2.4675878e-06 2.2424088e-05 0.88787997 0.15623404 0.00016204223 5.719593e-05 4.510169e-07 0.020209048 4.0477134e-06 0.061713986 3.0457592e-08 0.0014044693 7.299249e-05 3.7163485e-05 4.9312302e-08 0.3845527 5.3595517e-08 0.071251914 5.7913536e-07 3.433466e-07 5.17783e-08 1.2306842e-09 0.0016131925 0.49114475 6.4971424e-08 9.8859125e-08 5.630887e-07 0.00015317276 0.00037152908 3.5406272e-06 2.3003526e-09 0.003173503 0.005476003 0.05314179 8.007551e-08 8.383394e-08 7.747311e-08 6.284308e-09 0.0007682251 0.00022277453 0.08349856 0.0010376788 3.3413008e-07 1.1066797e-11 4.210865e-07 3.0456127e-05 5.9015495e-08 1.6813544e-06 1.32113565e-08
0.95216525 0.009423472 0.09968968 0.316635 0.00023896752 0.7097765 0.31302097 0.0013871625 0.009741185 0.16928782 0.8239038 0.83594394 9.173606e-06 0.30140495 0.755691 1.7569275e-05 1.3012452e-06 0.0038869544 0.9198542 0.0146523155 6.120502e-14 0.9480686 8.405294e-05 0.8872411 0.37640798 7.890916e-07 0.026762897 1.644707e-06 0.0037300438 0.019724693 8.797205e-05 0.95873445 0.4851745 0.30611864 4.8449688e-06 2.1017983e-07 0.00017192565 6.245357e-08 2.3312147e-08 0.0038592387 1.0672311e-07 1.0812801e-08 0.16885091 0.725476 0.010204592 0.0008268742 3.9184613e-07 2.7494053e-08 8.3004315e-09 0.49657673 0.31184056 6.5814905e-09 8.976863e-06 3.4611134e-08 0.05115391 0.048643664 1.2013348e-08 0.15356936 2.4137945e-09 0.00033326366 1.1565317e-08 0.015612854 6.978304e-08 0.0018117063 7.067229e-05 8.875054e-08 2.2166403e-06 0.010109239 7.3259567e-09 0.015589144 4.5926587e-09 4.5810203e-10 2.6817315e-09 9.7061914e-08 0.042991992 0.00021282955 2.0245206e-09 8.358291e-09 1.5845043e-08 0.004858732 1.4518432e-06 1.2998497e-08 2.3166868e-10 0.00067158014 0.0028719828 0.00054275745 6.0815695e-09 3.0914286e-08 1.0119578e-07 1.2392329e-08 5.6387915e-07 1.571951e-07 2.9166811e-05 1.4063477e-07 1.1514181e-07 1.4531426e-10 3.872915e-08 3.720187e-08 1.2503759e-07 1.0199175e-06 8.167514e-11
0.8829167 0.0014001289 0.0041578603 0.17412287 8.990017e-05 0.27110583 0.25441557 5.6349214e-05 0.001557698 0.2995212 0.77459174 0.92764986 1.0480264e-05 0.07671845 0.90284073 4.0847704e-06 2.6283922e-06 0.0008448426 0.21057129 2.4972234e-05 0.9480686 8.154586e-13 1.4949285e-06 0.608245 0.04618562 2.544296e-06 0.010261784 1.3821822e-06 0.00092597125 0.0006648184 2.4529782e-05 0.9392423 0.77901363 0.8558466 6.699371e-08 3.3252963e-08 1.6084785e-05 2.3159117e-08 1.1054809e-08 0.0003148457 2.1034968e-07 2.7470504e-09 1.7615816e-05 0.0007837241 0.000147885 1.4594751e-05 2.9766746e-08 1.3708264e-07 4.062612e-09 0.0012710057 0.00013679345 2.3526782e-08 2.7268027e-06 2.2612703e-09 2.8582153e-06 3.817021e-05 1.1744486e-08 0.00022043797 7.3629676e-09 1.2108732e-05 6.192405e-09 0.02979171 3.905053e-09 0.00052912004 5.3005683e-06 6.882025e-08 7.551663e-07 3.3245167e-06 2.4912197e-09 0.02946004 1.299522e-09 1.2224476e-08 3.1417091e-09 9.431529e-08 6.4462096e-05 4.5539602e-07 2.3871845e-09 2.6716676e-10 3.491752e-09 0.023963314 8.0197786e-08 2.0836536e-08 1.5138757e-11 1.4276569e-05 8.2878636e-05 3.47201e-06 6.8903354e-09 2.28598e-09 2.7761402e-10 3.7513848e-10 2.4566339e-06 5.395235e-08 8.4090294e-07 9.051813e-07 4.8019855e-10 1.6681961e-09 3.2457827e-08 1.1041001e-09 3.0509903e-09 5.0499043e-08 3.3031095e-11
0.87621784 0.43493786 0.02160906 0.002056729 0.8938233 0.0005343171 0.016522676 0.86198926 0.037582677 0.0005219462 0.00025652224 0.00012532335 0.9439183 0.037338022 0.00010242191 0.31655145 0.7588244 0.0002021572 0.00047646897 0.33229965 8.405294e-05 1.4949285e-06 4.5404595e-13 6.8292866e-05 0.0086897705 0.00038878698 0.0001974424 0.049817797 3.5618843e-05 0.11091924 0.00014562155 3.260308e-06 0.00033513232 0.00015868273 0.83105636 0.010599192 0.00021468133 0.013038079 0.0023504652 0.05186985 0.0064786463 0.009281206 0.0037022165 3.349334e-05 0.6887308 0.97969055 0.29407272 0.0036256078 0.00036982942 2.2054267e-06 5.88945e-06 0.011938115 1.2878988e-05 0.06561073 0.20156185 0.0013868947 0.03348771 3.4573472e-07 0.0002784581 0.01972024 4.5046967e-05 0.00427025 2.2932667e-05 0.0001385652 4.3242322e-05 0.028338932 1.7038885e-06 0.015050812 0.00021693722 0.006113358 0.00019440694 0.0046116877 0.0003345441 5.8015164e-08 4.439269e-06 0.90076095 0.00025697472 1.2214414e-05 4.5960634e-05 1.4151385e-05 0.05988448 0.016208947 5.87006e-08 2.114532e-06 0.001593835 0.0035021927 0.00016433524 7.0483998e-06 1.443793e-05 3.8265296e-07 0.0009663775 0.00024341966 0.05855137 0.0008156696 6.0372963e-06 7.741675e-10 3.0644693e-05 0.00015340153 9.241759e-07 1.1613101e-05 3.016304e-08
0.930276 0.005890726 0.06034697 0.10603719 0.00025248574 0.54939437 0.23982888 0.0010537877 0.0015815282 0.070040956 0.78053725 0.7482962 2.5955246e-06 0.17972086 0.6781813 8.123458e-06 1.8312798e-07 0.0014628243 0.93579173 0.008097871 0.8872411 0.608245 6.8292866e-05 2.1847519e-14 0.31483406 5.6889142e-08 0.009670787 3.2072307e-06 0.0011857847 0.01245739 3.0375722e-05 0.9811521 0.40085682 0.26957148 8.376142e-07 1.769323e-07 1.7297432e-05 2.2482965e-08 6.700325e-09 0.004025995 6.658059e-08 1.6986048e-09 0.2101472 0.7822281 0.0043152045 0.00078839745 5.807539e-08 2.6600164e-08 1.209254e-09 0.62116265 0.40220946 2.5665956e-09 3.287057e-06 7.434756e-09 0.045842804 0.074594535 3.0449328e-09 0.22239661 4.285924e-10 0.0004681346 8.074754e-09 0.018019568 1.5031027e-08 0.0010172642 4.4277538e-05 1.7771857e-08 1.1681932e-06 0.014482274 6.406126e-10 0.021892313 2.2274613e-09 9.608809e-11 5.625677e-10 2.901493e-08 0.089057334 0.00036724424 6.8522976e-10 1.0317072e-09 3.6191279e-09 0.0028753148 2.3295891e-07 2.6170126e-09 5.274822e-11 0.001431013 0.0032766634 0.0013108985 1.9625621e-09 3.3240347e-08 6.027022e-08 8.260189e-09 6.142627e-07 3.2279019e-07 2.7169272e-05 1.14119345e-07 1.5866727e-08 1.6308946e-10 1.1715422e-08 2.3663096e-08 3.9134363e-08 1.471963e-07 9.840628e-12
0.17603834 0.21464041 0.79218817 0.09844776 0.007791046 0.78804725 0.847241 0.38050252 0.0028883088 0.042567432 0.3231021 0.5050962 0.0017518606 0.979262 0.096781306 0.0013655187 0.0007848576 0.0008024814 0.9125561 0.8631395 0.37640798 0.04618562 0.0086897705 0.31483406 7.080828e-13 0.00016875022 0.0016417039 0.00016516182 0.0002944634 0.0075179134 0.00023015104 0.13668275 0.01067776 0.012374026 0.00023336506 2.8069355e-05 5.262352e-05 4.154639e-06 4.731052e-06 0.004996913 4.09969e-06 3.8684132e-07 0.83138686 0.36369994 0.3147726 0.049051125 8.122939e-06 6.097933e-06 5.861509e-07 0.2854354 0.42448956 8.375614e-07 8.199881e-05 7.2004727e-06 0.17945834 0.4639143 3.619672e-06 0.062036753 1.8908962e-07 0.00039802442 3.42873e-06 0.01226415 5.2186493e-08 0.00065489626 7.098531e-05 5.7928673e-07 1.885496e-05 0.04363962 3.2462903e-08 0.02096119 2.674648e-08 3.9686928e-08 6.3751076e-09 4.80048e-06 0.023272524 0.002621218 8.990104e-09 8.7483105e-09 8.8721566e-07 0.0009757823 9.748684e-07 7.533727e-08 9.879498e-09 0.0057287593 0.0010941958 0.0063953926 1.1735261e-08 3.6469814e-07 2.4103673e-07 8.626392e-09 4.273752e-05 1.7719625e-05 0.00064997084 4.996889e-05 4.02899e-09 4.1897366e-08 4.1595747e-08 4.229453e-06 8.475693e-09 6.6111966e-07 2.7448142e-09
0.9250758 0.0103538 0.00015205411 0.0054532317 0.3070839 4.7136455e-06 0.00033777367 0.0011850968 0.8258379 0.00066861964 3.1863412e-06 8.8227125e-07 0.07767078 8.552376e-05 2.6517746e-06 0.87565947 0.35961825 0.06782226 6.080398e-07 2.6939604e-06 7.890916e-07 2.544296e-06 0.00038878698 5.6889142e-08 0.00016875022 1.1454177e-14 0.006251198 0.9710842 0.0015857078 0.09286915 0.8906632 5.811304e-09 0.0004896006 4.3613658e-05 0.00056503684 0.8490709 0.7694199 0.025320522 0.473569 0.106820755 0.76465625 0.0037447214 2.3718845e-09 5.8987326e-09 7.945956e-06 2.5867619e-06 7.4711755e-07 0.5606749 0.006408489 3.7118424e-09 1.0238019e-08 0.0005317596 0.8583503 1.4847661e-05 8.34534e-09 2.8002808e-07 4.7210347e-07 1.6387784e-09 0.0007515633 0.480007 0.055319257 0.011312193 0.09184905 0.044673815 0.14513129 1.3791018e-07 0.15381636 4.0318135e-08 9.661217e-08 0.018194253 1.5331684e-06 1.4880896e-08 1.23527535e-08 0.016533528 1.3719623e-08 7.522301e-07 7.965412e-09 6.576208e-09 3.4614583e-05 0.003969257 2.685772e-08 1.454353e-08 7.405332e-07 5.5506205e-10 0.09636662 1.5648169e-08 7.442204e-09 0.0034215134 0.00049857836 4.0807017e-06 0.016859325 0.00535303 8.0318415e-08 0.020434262 4.3449572e-06 9.374284e-06 5.7145687e-08 0.00090566446 0.0005693635 0.01690401 3.2330574e-10
0.9919345 0.03612402 0.075821534 0.8192681 0.0058652037 0.093301944 0.048789192 0.0064125783 0.38339618 0.92772824 0.21262647 0.07805923 0.00032834703 0.015160858 0.20166211 0.0013113405 0.00016040585 0.68870723 0.01034622 0.0037036892 0.026762897 0.010261784 0.0001974424 0.009670787 0.0016417039 0.006251198 1.892323e-09 0.0010375966 0.9357273 0.3807196 0.014449095 0.0033460266 0.62933385 0.4182518 1.3044491e-05 0.00010524879 0.11037487 2.8940865e-06 1.6037302e-05 0.18987927 0.0011003678 1.7194991e-06 0.00015335971 0.0006420714 2.4921705e-05 0.00014965277 2.6516696e-07 0.00057352945 5.5696632e-06 0.00048748936 3.8513077e-05 6.7641366e-07 0.0033082932 1.3063955e-06 0.0001042559 3.7975882e-05 1.1204108e-07 9.404272e-06 1.6363728e-06 0.03744657 3.3555938e-05 0.7143951 0.0004710601 0.6949809 0.07207789 4.1006106e-07 0.00036650914 0.0005138281 3.877446e-08 0.55292594 1.8508865e-07 5.6321e-09 9.027359e-08 3.076434e-05 9.05212e-06 0.00020813581 1.9860305e-08 1.774706e-08 5.4341626e-07 0.771756 1.9768431e-06 6.3406226e-08 2.3447164e-09 4.947711e-07 0.31483784 9.004231e-06 4.2047774e-09 4.6865514e-07 5.493852e-07 3.919532e-08 0.0015192505 5.785574e-05 3.2962566e-07 0.0007984465 3.2943127e-08 1.9130451e-07 5.022777e-08 5.5492133e-06 6.4138103e-06 0.00034617932 3.565915e-09
0.9900936 0.010113414 3.8899074e-05 0.0015453069 0.3835841 1.8908179e-06 0.0007461705 0.029332625 0.39028478 0.0005690863 9.6356e-08 4.5272083e-07 0.520007 0.001344331 6.317614e-08 0.81288195 0.7616826 0.052691758 7.955745e-06 0.0041545248 1.644707e-06 1.3821822e-06 0.049817797 3.2072307e-06 0.00016516182 0.9710842 0.0010375966 3.4942418e-10 0.011824062 0.05522464 0.8141015 4.8377427e-08 1.5468557e-05 9.046005e-07 0.076589964 0.7320435 0.44147715 0.7095219 0.43061644 0.06405589 0.736175 0.32837296 2.1489323e-05 2.240515e-07 0.0013174501 0.0053763087 0.0056825466 0.4887499 0.20061333 2.4038294e-09 1.2630287e-08 0.18966077 0.33674595 0.04774038 0.00042783027 1.0312642e-06 0.0023980516 5.466174e-09 0.045590065 0.5078229 0.013437958 0.0029100366 0.11090461 0.045953345 0.13541925 0.00081736053 0.031452347 8.9358555e-06 0.0060685836 0.005007141 0.01339224 0.0027066849 0.00058577885 0.023451239 3.5623189e-09 0.0049091983 0.00061878335 0.0035049678 0.00882188 0.011961482 6.851616e-05 0.00066964776 0.0018669544 3.1953988e-09 0.14563088 4.011029e-07 0.00040052636 0.0011905411 0.0014550467 0.00012250058 0.034126583 0.0025537754 7.9536926e-07 0.045362346 7.576082e-05 0.0017281794 9.648994e-05 0.000920724 0.0005582213 0.023244122 8.29413e-06
0.9920682 0.035092745 0.015796252 0.14561866 0.012025598 0.012053578 0.0067927395 0.0017585376 0.3947318 0.4171477 0.044388432 0.010537324 0.0012688191 0.0013825928 0.058858782 0.0084666945 0.0011555947 0.88405454 0.0012992416 8.816689e-05 0.0037300438 0.00092597125 3.5618843e-05 0.0011857847 0.0002944634 0.0015857078 0.9357273 0.011824062 1.7211978e-11 0.73326963 0.0145920105 0.00022683693 0.22823459 0.11535294 4.7508547e-06 0.0012855121 0.16469495 1.5790143e-05 0.0003836703 0.6647909 0.005669901 6.991147e-06 8.426277e-06 2.8927221e-05 6.8237387e-07 8.4967805e-06 8.987977e-07 0.0036956465 8.175405e-06 3.741708e-05 5.041181e-06 2.7417416e-06 0.0014169622 1.0641725e-06 5.491629e-06 4.5565735e-06 4.234714e-07 1.8325823e-06 4.9927567e-06 0.14069304 0.00029725613 0.87386626 0.00016161181 0.8194779 0.22426847 1.3379427e-07 0.00010103527 6.4851574e-06 1.5042758e-08 0.69148767 1.3360518e-07 2.0896477e-08 7.760529e-09 2.5798845e-05 2.5982473e-07 2.6064733e-06 1.2838047e-08 8.631478e-09 2.1212203e-07 0.7773516 3.3421273e-08 1.9967988e-08 7.527317e-09 1.5437012e-08 0.40862426 2.5974373e-07 1.2613339e-08 1.4993326e-05 3.229249e-06 1.04264785e-07 0.008402445 0.0008944105 2.6862625e-07 0.006607979 3.3948364e-08 4.5038394e-08 2.6949196e-09 4.4308923e-05 3.327898e-06 0.00053997367 2.9420162e-09
0.99466765 0.6252978 0.33199525 0.2835044 0.24351192 0.07824456 0.11666758 0.47276527 0.89205533 0.1492568 0.0044011036 0.02411933 0.09614434 0.11439785 0.002764807 0.099623546 0.06381077 0.93517137 0.025223749 0.15853329 0.019724693 0.0006648184 0.11091924 0.01245739 0.0075179134 0.09286915 0.3807196 0.05522464 0.73326963 5.031322e-11 0.31117195 0.0006271494 0.017057283 0.0029551836 0.0058101076 0.02213485 0.37801385 0.011116939 0.004647317 0.9454283 0.025748689 0.0011162169 0.018105432 0.00953513 0.004035376 0.014031381 5.9852857e-05 0.010797446 0.00037070407 0.00017992461 0.00059852406 0.0003606064 0.022438101 0.00015463772 0.040656943 0.0008036815 3.8849914e-05 2.2229455e-05 8.4268606e-05 0.2727255 0.0015732761 0.1298943 0.0034792807 0.58890903 0.295846 5.81371e-05 0.0031783218 0.005174765 3.19441e-06 0.20529607 2.5056923e-05 2.6431308e-05 5.078481e-06 0.0009228342 6.4435175e-05 0.21782614 5.414368e-06 1.8091242e-06 5.023747e-05 0.2074379 0.0030368161 0.00017852803 2.913756e-07 5.831966e-06 0.6235251 0.00010865792 4.793702e-07 1.6544458e-05 3.775258e-05 7.5665423e-07 0.007017865 0.0022666783 0.0015020905 0.0051768604 1.5317882e-07 2.4060702e-07 8.4906935e-07 0.00022936093 9.850156e-05 0.007234869 1.2042904e-07
0.9773711 0.011659056 0.0003825906 0.012240723 0.11118032 7.122971e-05 0.00078451075 0.0014666176 0.730478 0.0053096605 0.00012642497 5.5461584e-05 0.01495067 0.000116540585 0.00021244262 0.40051803 0.060924172 0.43744597 2.4658058e-05 1.6334936e-05 8.797205e-05 2.4529782e-05 0.00014562155 3.0375722e-05 0.00023015104 0.8906632 0.014449095 0.8141015 0.0145920105 0.31117195 8.2222985e-11 1.767156e-07 0.0035580483 0.0008666261 9.577265e-05 0.27324346 0.91507035 0.0039252187 0.06721203 0.35670918 0.89883107 0.0015080968 5.3926424e-08 2.186815e-07 1.2925783e-05 5.7813627e-06 4.913514e-06 0.70986223 0.0030103503 3.612718e-07 3.8257414e-07 0.0003186618 0.81512755 2.288408e-05 4.0227246e-07 2.5111192e-06 1.0027641e-05 5.7531086e-08 0.0008234 0.92511183 0.028097901 0.047688894 0.017166164 0.14689362 0.5492816 5.0192148e-06 0.10923206 3.391702e-07 1.2387037e-06 0.06868453 5.0672766e-06 7.940171e-07 5.4427045e-07 0.00926118 1.8253489e-06 3.4145808e-06 4.7338796e-07 4.2861396e-07 0.00012597952 0.10341406 3.5422028e-07 1.8060943e-07 2.0378771e-05 1.4152889e-08 0.3108411 4.5489816e-07 4.0175183e-07 0.0031111264 0.0007050255 3.9773455e-05 0.044980593 0.014080227 4.7630334e-07 0.05309514 1.0797341e-05 1.48101435e-05 1.3367969e-06 0.0025120785 0.0017809576 0.0457761 1.976741e-08
