6.156089e-19 0.6282821 0.048943628 0.94001365 0.7614233 0.30579814 0.9067533 0.8965294 0.77864325 0.5044687 0.026060468 0.66538304 0.9473483 0.9441706 0.98170114 0.6257894 0.87926227 0.9159359 0.9131061 0.8701011 0.96800697 0.39886254 0.02779514 0.033773035 0.8597913 0.92824095 0.67345154 0.5176773 0.95732737 0.93359846 0.950149 0.013849348 0.92036194 0.98246104 0.7648832 0.9467583 0.95909464 0.849167 0.90645385 0.41507205 0.07681801 0.5952215 0.9658707 0.99787784 0.0008783277 0.97207695 0.913273 0.14260624 0.94674903 0.98942244 0.0005254271 0.70680803 0.8601661 0.14979397 0.0064692553 0.8876935 0.74485356 0.99134564 0.0030447387 0.00017714124 0.9954145 0.9421017 0.0021360803 0.89625794 0.7031969 0.89203864 0.095321655 0.72699374 0.988475 0.37355047 0.9829207 0.9995645 0.9460292 0.87189054 0.98262215 0.5264484 0.37499905 0.9536559 0.092569195 0.9322653 0.17898867 0.999322 0.9929188 0.012102141 0.057427313 0.9997682 0.10815496 0.6956395 0.012452347 0.89772016 0.9995409 0.36016667 4.2207175e-06 0.5921114 0.19707726 0.99981916 0.9985004 0.0171578 0.9999775 0.9999936 0.40176803
0.6282821 9.350313e-13 0.35171485 0.96386236 0.97247016 0.9839163 0.68691844 0.096219115 0.43385032 0.009312992 0.30201244 0.0014467868 0.009235245 0.0025083597 0.32813248 8.439882e-05 6.823401e-05 0.16592443 0.079913765 0.012714694 0.036422215 0.0016049788 0.00048055875 0.0003774721 3.047577e-05 0.03224994 0.0010305106 0.00012316594 4.3116157e-05 0.00019250884 0.00865059 0.000102551116 7.245782e-05 0.003955374 1.3066678e-05 0.06991398 0.0034106662 7.653195e-05 0.000711211 3.6705864e-05 3.1827047e-05 2.6918791e-05 1.0928451e-05 0.04131631 0.00063714985 0.00021954525 3.874362e-05 0.000663259 0.0015943829 0.0012045284 4.2556934e-05 6.5642786e-07 3.5878625e-07 1.1401656e-05 7.590502e-07 4.4725573e-05 6.609044e-06 6.763344e-05 1.0163211e-06 8.724108e-05 0.007847521 1.8033064e-05 2.3034107e-05 2.1432752e-05 2.8907436e-06 6.7690835e-06 3.861455e-05 1.4416265e-06 4.7504906e-05 5.519528e-05 3.552491e-05 9.527647e-06 0.0001243636 1.1387701e-05 0.006420656 8.339529e-06 7.7131455e-07 0.0001990948 3.2343069e-06 4.4343647e-06 1.2806096e-06 0.00019464438 1.36095e-05 2.151637e-05 1.5722112e-06 0.0009647393 2.376259e-07 2.4935065e-05 6.487252e-07 2.043709e-06 0.0003831266 1.10331335e-08 3.8961963e-07 1.9996535e-06 7.053092e-08 7.4650933e-07 2.9219748e-06 1.9168444e-06 1.5899135e-05 0.07634794 2.8877096e-06
0.048943628 0.35171485 7.1020276e-23 0.84978545 0.007395315 0.00045374586 0.0030568931 0.3592404 0.0002787461 0.46376446 0.99602383 0.09351695 0.21200292 0.07181284 0.00014869633 1.5516353e-05 0.009757154 0.00040026076 2.763174e-06 6.0056723e-06 0.0879687 6.4355127e-06 4.477888e-07 4.344503e-07 0.00028448846 5.8189355e-05 2.67605e-07 9.55776e-10 0.00034979449 0.00092667365 1.0609875e-06 1.4562063e-07 8.479327e-10 7.418732e-06 5.567331e-10 0.00085358426 1.5793524e-06 7.876919e-10 2.7474934e-07 1.5982359e-08 3.4131077e-07 1.6208571e-09 7.959926e-06 0.003432208 1.2921283e-05 2.3810705e-07 6.6309718e-09 6.30686e-07 0.00242971 1.2381621e-05 1.2002533e-07 2.629525e-10 1.4383993e-06 4.0509995e-08 8.327473e-08 3.1437548e-08 1.6385125e-09 9.8463e-08 8.733106e-09 2.7165656e-06 5.0960316e-05 2.7611984e-08 2.802951e-06 2.2939043e-06 6.216078e-07 3.8073025e-09 3.240866e-07 5.660038e-08 3.083098e-05 3.850278e-06 4.060974e-05 1.15461845e-08 8.887843e-08 8.9370354e-07 0.00087672845 4.360203e-08 2.164563e-08 7.188668e-05 2.730973e-07 3.1469767e-06 2.5390575e-08 8.554623e-06 4.110048e-08 7.553111e-07 1.3301471e-08 0.0003461686 4.9194377e-09 1.6366082e-08 7.063725e-07 1.886457e-12 0.00012026315 1.1058578e-09 3.4620307e-08 1.7992572e-07 1.24806405e-08 7.4107726e-07 3.957373e-10 4.3077122e-08 1.6168497e-07 0.005440777 1.4372235e-07
0.94001365 0.96386236 0.84978545 3.9089934e-14 0.4113154 0.31070116 0.7419539 0.9508358 0.22132696 0.6776048 0.78643733 0.34084842 0.5384005 0.12255341 0.2713659 0.056816448 0.0063490076 0.22939721 0.01383007 0.03772516 0.7668048 0.00063225726 5.3013344e-05 0.0001208034 0.00011214933 0.53432137 0.0005340364 7.083247e-05 0.00029545583 0.0015360041 0.0024457362 2.0033767e-05 1.8179993e-05 0.0070702466 5.9255657e-05 0.33281946 0.0038698108 9.631301e-06 0.00019198358 4.5047782e-05 1.9301926e-05 3.98129e-06 4.892265e-05 0.5151315 0.015287279 0.00016293436 4.1624126e-06 0.015297415 0.016970776 0.0013504898 0.00040266628 4.1380412e-07 6.3335465e-06 0.00038321814 5.934382e-07 2.944683e-05 2.1737978e-06 4.7680238e-05 3.1451333e-07 0.0010604495 0.009127764 2.2104384e-06 0.0002087875 0.00015219572 1.25037595e-05 9.1958486e-07 9.825355e-06 5.236462e-06 0.00030853527 0.00032748733 3.1449745e-05 6.353023e-05 3.357816e-05 4.8305787e-06 0.08444331 4.3877237e-05 1.1741317e-06 0.004379376 5.5767905e-06 3.1912832e-06 2.8365835e-06 0.00018709006 4.5832717e-06 9.358085e-05 8.647895e-08 0.026083069 4.865775e-07 8.614986e-06 2.3576063e-06 5.350325e-06 0.0058467765 4.373244e-09 7.714731e-06 3.8207663e-06 2.5899425e-07 3.1059617e-06 7.345237e-07 1.1968357e-05 6.937318e-06 0.14972496 1.930283e-05
0.7614233 0.97247016 0.007395315 0.4113154 1.6725072e-12 0.96907073 0.9577927 0.01122746 0.9464341 0.0019405101 0.01617941 8.264233e-05 0.0007721267 0.0003640659 0.7774369 7.1716655e-05 2.6715294e-05 0.2689106 0.310037 0.045073755 0.014021817 0.08868175 0.008398897 0.006408819 6.7079627e-06 0.008015824 0.009886791 0.0056622955 1.203846e-05 0.00015880806 0.032874934 0.0003529731 0.0006058323 0.018410625 0.00052061555 0.07461191 0.015809055 0.00017532811 0.0048426986 0.00011401238 0.00018164216 5.2595173e-05 2.6597754e-06 0.035966136 0.00017314407 0.0015443647 0.00010015956 7.919346e-05 0.0003968152 0.0070330207 1.01160285e-05 1.3146938e-05 3.261342e-07 3.8651224e-06 3.0859496e-06 0.00018787067 8.60606e-06 0.00017477169 3.549959e-06 9.151127e-05 0.02163892 3.3435383e-05 3.0096395e-05 7.6746684e-05 4.632294e-06 7.891417e-06 9.08764e-05 7.656874e-07 7.6491604e-05 1.6791952e-05 2.2568884e-05 0.00014384749 0.00021567722 5.2184034e-05 0.0042739515 6.209836e-06 4.0226823e-07 0.00023334929 3.4196942e-06 2.3843756e-06 8.7337145e-07 0.0006614145 7.122815e-05 1.1039024e-05 4.634769e-06 0.0014406824 8.1319605e-08 7.990094e-05 4.724971e-07 1.777075e-05 0.00065046665 1.5307505e-08 2.331823e-07 5.1833886e-06 9.423222e-08 3.9130223e-06 2.9610641e-05 7.974987e-06 0.00016297492 0.113392696 1.7057151e-05
0.30579814 0.9839163 0.00045374586 0.31070116 0.96907073 1.1183445e-10 0.1349245 0.0033044196 0.27122205 0.00075532956 0.048592873 0.00014355298 0.00022313853 0.0005202195 0.48106024 1.1444676e-05 1.5940734e-05 0.103400946 0.68043476 0.00015806076 0.00016455057 0.7259888 0.6438282 0.9215814 3.3432545e-05 0.0007588013 0.109382585 0.030740995 2.8279337e-05 3.260263e-05 0.14974868 0.013832636 0.001150312 0.0143943 3.487888e-05 0.0052357386 0.03254066 0.0018722366 0.028678333 0.0024207155 0.0016405965 0.00057233777 3.3383323e-05 0.0005124259 0.00011761603 0.0021439602 0.00041696476 2.7942901e-06 0.00019721093 0.0037384415 0.00010422766 2.9857287e-05 6.2211225e-06 0.00038158346 1.1461627e-05 3.816828e-05 0.0001622233 5.0238188e-05 3.433139e-05 0.00017602759 0.0049326606 6.421464e-05 0.0011195133 0.00011140866 2.5467743e-06 7.6902594e-05 0.00012194993 2.9472467e-06 5.0975286e-05 0.001911939 0.00024205666 4.5604836e-05 3.478972e-05 1.2219703e-05 0.0006547133 3.5606856e-05 5.6868834e-07 2.2913691e-05 1.1920651e-05 2.607335e-05 3.1039e-05 0.000118644035 7.19912e-06 0.0014721373 3.615863e-06 0.0002082176 8.484189e-08 4.387954e-05 1.0344265e-05 9.9868985e-06 5.7141195e-05 3.1123133e-08 1.8949445e-06 8.449674e-05 5.35221e-07 2.6424175e-05 5.14205e-06 1.14297e-05 6.2755744e-06 0.05835705 9.801967e-06
0.9067533 0.68691844 0.0030568931 0.7419539 0.9577927 0.1349245 1.5546308e-12 0.036421742 0.98787475 0.004169946 0.013387349 0.00035789536 0.007841769 0.0012126048 0.9045136 0.00040307417 5.253497e-05 0.55477965 0.053694922 0.24926521 0.25106886 0.001117397 0.00021479068 0.00014661232 4.2699223e-05 0.006418165 0.00062722474 0.00024352789 3.7573238e-05 0.00048621508 0.0095437635 2.9826435e-05 6.7526935e-06 0.017346183 0.001339337 0.44411469 0.009676557 6.739203e-06 0.0017427655 1.6616228e-05 1.2044673e-05 4.975493e-06 1.0487192e-05 0.31874186 0.00015296707 0.00085577153 7.251177e-06 4.6112847e-05 0.0057236287 0.0072721783 2.0582625e-05 3.7160526e-06 9.808742e-07 2.1719804e-06 5.5589858e-08 2.2495846e-05 3.1887885e-06 4.6001614e-06 1.6546231e-06 2.9611434e-05 0.026231537 8.07744e-06 3.8384464e-06 2.0789943e-05 4.226586e-06 1.9598285e-06 3.098069e-06 1.0813659e-06 0.00048867584 6.2058575e-06 6.856362e-05 0.0005711129 2.740496e-05 5.4826337e-06 0.03946091 2.2553684e-06 2.0199906e-07 0.0015508964 1.3479223e-05 1.1575076e-05 3.0411127e-06 0.0006350627 1.8126395e-05 6.653921e-06 8.9116736e-07 0.013037938 3.3876609e-07 3.5474568e-05 1.8770286e-06 4.2202206e-05 0.0042926115 1.0242037e-09 1.9592887e-06 1.4654452e-06 1.0919641e-08 5.410737e-05 4.0067303e-06 1.0283092e-06 5.1651677e-05 0.29331616 1.9357412e-05
0.8965294 0.096219115 0.3592404 0.9508358 0.01122746 0.0033044196 0.036421742 1.0096649e-12 0.0056136283 0.7388285 0.24091028 0.37829253 0.983376 0.41362965 0.006955639 0.5369848 0.05568017 0.0101171285 0.0016681693 0.014705188 0.8919217 8.261577e-05 9.703155e-06 7.724824e-06 0.00081971165 0.39906484 4.3502994e-05 9.628215e-06 0.0010512737 0.006680299 0.0005197184 2.3485425e-06 7.160324e-06 0.0017666068 8.7314744e-05 0.12947859 0.00065289607 3.2406451e-06 9.2016475e-05 1.8909956e-05 4.948989e-07 1.7814381e-06 0.00023274652 0.30485886 0.00665547 3.0020286e-05 8.6540285e-07 0.01830189 0.042253565 0.0009364246 0.0005394986 5.2809384e-07 9.671833e-05 0.0013543379 1.1242612e-08 1.0704726e-05 2.4163464e-07 2.4469678e-06 2.3589239e-08 0.0007380237 0.0027084548 2.4482267e-07 3.4462966e-05 8.9999594e-05 0.00025496105 1.372955e-07 3.0451508e-07 7.130651e-05 0.001353363 0.00013949451 0.0001396657 0.0001656913 1.0291199e-05 1.0762813e-06 0.2952352 1.1175604e-05 8.252423e-06 0.012313842 1.0184164e-05 8.32926e-06 3.1532675e-06 0.00013640628 1.6478077e-06 2.7403836e-05 2.9083635e-08 0.100974835 3.7350267e-07 7.468796e-07 1.2276459e-05 1.1931502e-05 0.017903477 3.6060274e-10 0.00014118609 5.628165e-07 2.6838412e-08 5.015932e-06 8.258256e-08 2.6322627e-06 1.5257995e-06 0.032449033 6.2607073e-06
0.77864325 0.43385032 0.0002787461 0.22132696 0.9464341 0.27122205 0.98787475 0.0056136283 2.5886208e-13 0.0007017219 0.0017749865 1.0599009e-05 0.00058290607 0.000106714324 0.96296144 3.439159e-05 7.674225e-06 0.383108 0.2628761 0.17159125 0.042948592 0.006600346 0.0011930148 0.000964051 1.0532817e-05 0.0005586759 0.0032063152 0.0025096037 5.2103196e-06 8.948967e-05 0.031525236 0.00018312791 9.74177e-05 0.04080353 0.0013252781 0.18176423 0.018625962 6.418611e-05 0.0080339955 3.035374e-05 4.8965874e-05 3.670149e-05 8.074878e-07 0.11474362 1.3443738e-05 0.0034290934 9.8875635e-06 2.028913e-06 0.00082382024 0.015868152 3.023452e-06 6.3515467e-06 3.300659e-08 2.600941e-06 2.8101658e-07 8.682765e-05 1.11888385e-05 4.3812008e-05 3.5647952e-06 2.7011147e-06 0.061482504 1.56717e-05 5.0109884e-06 2.8165312e-06 1.6098788e-06 3.191615e-06 1.0797887e-05 2.52977e-07 6.7124776e-05 4.5925276e-07 2.9061869e-06 0.001019341 0.00018116433 1.7743214e-05 0.010409309 1.424594e-07 5.0329227e-08 0.0009600841 1.3976643e-06 4.6334762e-07 1.1893245e-06 0.003038527 4.3803026e-05 1.934041e-06 2.0112761e-06 0.0058940914 1.4265136e-07 0.00012637385 1.3360138e-07 5.915984e-05 0.0019822058 1.0343204e-08 4.1115553e-07 5.899892e-07 4.00084e-09 8.507752e-06 6.328601e-06 8.7609845e-07 0.00086477393 0.17431416 2.2865286e-06
0.5044687 0.009312992 0.46376446 0.6776048 0.0019405101 0.00075532956 0.004169946 0.7388285 0.0007017219 4.9183815e-15 0.90578926 0.99550766 0.5313706 0.8445553 0.0014269907 0.04562608 0.38112035 0.004569605 0.0004575243 8.961189e-05 0.31983775 0.0001262032 0.00012705856 4.6846886e-05 0.012365503 0.79761016 4.8163485e-05 4.086214e-07 0.014029306 0.023837278 0.0002661953 2.9385828e-06 2.8752204e-06 0.0001570082 1.243429e-07 0.014024959 0.00010946336 7.342051e-07 3.3109507e-05 1.1150358e-06 2.245102e-06 5.046638e-07 0.0007395431 0.029359752 0.07696035 6.4232004e-06 1.5438594e-07 0.09750168 0.019647807 0.00011631863 0.0034795313 1.7507146e-08 0.0003557724 0.020264365 4.664324e-09 3.5560988e-06 7.1768405e-08 1.0067738e-06 1.4491666e-06 0.006508008 8.166464e-05 1.1511995e-07 0.0015195982 0.0005443186 0.0005084095 8.000742e-08 2.7536303e-06 0.000115126175 0.0005366972 0.0007525688 0.0006333758 1.9332203e-06 2.304928e-06 1.3028086e-06 0.08769477 1.91797e-05 0.000102606675 0.00300113 0.00025441239 7.815856e-05 5.2323765e-05 9.586279e-06 1.6292493e-07 0.0005805945 7.853933e-07 0.019288 6.660527e-05 8.992933e-07 0.0005841228 6.9692563e-09 0.0031722367 6.843821e-10 0.00023938245 3.1967966e-06 1.8958988e-06 1.1084502e-05 1.1194025e-07 1.4262198e-05 2.2883818e-07 0.007008425 3.7485228e-05
0.026060468 0.30201244 0.99602383 0.78643733 0.01617941 0.048592873 0.013387349 0.24091028 0.0017749865 0.90578926 3.049746e-16 0.3255983 0.12650356 0.09267696 0.002251351 0.00027638255 0.008369201 0.0031098211 0.00068305887 3.1912496e-06 0.014400417 6.020453e-05 4.1616688e-05 2.8829783e-05 0.00026229935 0.863404 0.0003662848 5.4806657e-07 4.8308113e-05 5.23317e-05 0.00012259923 2.8751778e-05 2.418033e-06 1.8038481e-05 2.3201382e-08 0.0017506037 7.065191e-06 3.8908256e-06 3.9700217e-06 2.0507348e-05 1.2207519e-05 1.1801518e-05 3.4051427e-05 0.0019561597 0.81867987 1.1796646e-05 3.2715016e-06 0.10584449 0.00040772493 1.4105143e-05 0.0113738645 1.927583e-08 4.124323e-05 0.023143942 2.1899401e-08 2.226302e-05 1.7412012e-05 1.9100999e-06 3.8871036e-07 0.13363598 2.5843183e-06 1.1953117e-05 0.0098163225 0.0006243988 2.4000592e-05 1.2833035e-05 4.346762e-07 3.5955563e-05 2.1568329e-05 0.0014941006 8.445227e-05 4.0198884e-08 1.02631675e-05 6.4713004e-06 0.00035418975 0.000108126485 2.6706324e-05 1.46683715e-05 2.6721053e-05 8.0939635e-06 5.34577e-06 8.328712e-06 8.980026e-07 0.0009239077 3.0912088e-07 5.8401503e-05 1.955629e-05 2.406207e-06 0.0009463282 2.0850521e-09 4.4129953e-05 3.057797e-08 0.004804786 5.864971e-05 4.443132e-06 3.1966806e-06 1.4258873e-06 0.000101838 9.916898e-07 0.0030370434 2.392237e-05
0.66538304 0.0014467868 0.09351695 0.34084842 8.264233e-05 0.00014355298 0.00035789536 0.37829253 1.0599009e-05 0.99550766 0.3255983 4.408148e-17 0.4052136 0.9278944 3.9244267e-05 0.08335118 0.7089633 0.0005156171 2.6341451e-05 1.0251113e-06 0.21529517 5.2240244e-07 3.773067e-06 8.023409e-07 0.052807473 0.8097038 4.663295e-06 5.6748766e-09 0.03702808 0.06784055 7.2043604e-06 5.0706745e-08 3.315499e-08 2.7991337e-06 2.8982017e-08 0.0045711105 6.4993424e-06 2.5879558e-08 3.3947146e-07 1.1050262e-07 3.753028e-08 3.8066364e-08 0.0025589196 0.015179341 0.039943896 8.6667356e-08 1.18644e-08 0.090000354 0.07722723 4.9536898e-06 0.0022341067 7.951447e-09 0.0014530747 0.024219083 2.459069e-10 2.3611669e-07 2.4874128e-08 6.623101e-08 2.870305e-08 0.0036578127 3.5593223e-06 1.780976e-08 0.0032753544 0.0021919236 0.0011734692 1.2460018e-08 2.3561955e-07 0.00027157163 0.0025179752 0.0029890633 0.0009949302 2.8483092e-07 2.9793723e-08 1.2426833e-07 0.14114729 3.768696e-05 9.690557e-05 0.005251343 0.000765509 0.00036084466 3.5399542e-05 1.2451792e-07 4.986092e-09 0.0006185078 4.5887383e-08 0.047228556 7.4451935e-05 1.9019383e-08 0.00095283345 7.0757395e-09 0.009880348 5.537031e-11 9.862225e-05 1.8078988e-05 1.9784422e-06 7.691579e-05 1.009873e-08 9.520355e-06 4.7366924e-09 0.005465394 5.1740913e-05
0.9473483 0.009235245 0.21200292 0.5384005 0.0007721267 0.00022313853 0.007841769 0.983376 0.00058290607 0.5313706 0.12650356 0.4052136 1.8954726e-13 0.45193735 0.0013890682 0.77083313 0.1120824 0.0058344775 0.00047444602 0.0153452465 0.95416886 6.138672e-06 4.1007024e-06 6.130358e-06 0.0017619245 0.51919234 7.314547e-06 6.0798093e-06 0.0018756938 0.020328967 0.00020585599 9.10116e-07 4.8636224e-07 0.00025006878 0.00011120645 0.10830429 0.00014095307 1.02833695e-07 1.9417614e-05 2.5769325e-06 2.265741e-07 9.3211156e-08 6.148207e-05 0.23158972 0.0032837177 1.8817351e-06 1.36428495e-08 0.022074446 0.21153069 0.000228252 0.00038858104 9.706584e-07 3.1960455e-05 0.0032906944 7.454141e-08 1.2502024e-06 4.9624703e-08 4.144528e-08 4.924941e-08 0.0004958812 0.00087478035 2.3717547e-08 6.631953e-05 0.00013078452 0.00012616577 1.4534405e-08 1.873794e-07 6.899989e-05 0.0012698243 0.00027504156 6.64504e-05 0.0005799244 1.5043217e-06 1.075443e-06 0.6448042 2.1194208e-05 1.5885737e-05 0.03776818 2.6913758e-05 7.2262214e-06 3.7152442e-06 2.3040368e-05 2.1163706e-07 0.00021455585 3.1329982e-08 0.31350166 1.3814099e-06 4.369892e-07 4.4826906e-05 6.435393e-05 0.039024793 5.9393274e-10 0.00012050802 4.9224786e-07 1.7230594e-08 8.320662e-06 6.489819e-09 3.509742e-06 3.5914502e-07 0.022825887 9.139243e-06
0.9441706 0.0025083597 0.07181284 0.12255341 0.0003640659 0.0005202195 0.0012126048 0.41362965 0.000106714324 0.8445553 0.09267696 0.9278944 0.45193735 5.632051e-15 0.00061770674 0.8618879 0.96378124 0.0020804682 0.00021291948 0.00047439078 0.456795 7.9320824e-05 1.116935e-05 1.5987993e-05 0.0933125 0.894399 3.0059478e-05 3.1950762e-07 0.11416683 0.2605446 0.00017514179 3.9218145e-07 3.6593806e-07 0.0002401292 2.0571802e-06 0.018109689 0.00015931351 1.7682197e-07 1.2365633e-05 7.6483497e-07 4.0554158e-07 1.9380204e-07 0.01012458 0.039484117 0.01590949 2.4788783e-06 6.589069e-08 0.2313221 0.30066714 0.00010376867 0.0032562404 1.3660903e-07 0.000967832 0.03820345 2.7480475e-08 1.0934951e-06 3.906687e-08 1.1929782e-07 2.658298e-07 0.003533561 0.00031522152 4.685262e-08 0.0019264311 0.002155709 0.00089395716 1.9507029e-08 2.0329571e-06 0.0007551444 0.007645754 0.006966706 0.0010713924 1.8911596e-05 4.207044e-07 1.3275593e-06 0.49791494 0.00016555734 0.0013228006 0.04506102 0.00045493006 0.00062980305 6.750083e-05 7.544274e-06 5.092861e-08 0.0013024173 1.3890993e-07 0.27209672 0.0003298079 2.6233423e-07 0.0013493389 6.917713e-07 0.07453128 5.445858e-10 0.0003395798 8.67034e-06 2.1764145e-05 0.00041853148 4.1210694e-08 7.3481744e-05 4.9355304e-08 0.012905029 0.00011725026
0.98170114 0.32813248 0.00014869633 0.2713659 0.7774369 0.48106024 0.9045136 0.006955639 0.96296144 0.0014269907 0.002251351 3.9244267e-05 0.0013890682 0.00061770674 3.5977818e-11 9.5246185e-05 1.8555384e-05 0.91093 0.80249923 0.59224516 0.04143871 0.02303092 0.0023184193 0.0019382436 6.4485985e-06 0.00030661427 0.0073221587 0.036626816 6.2612867e-06 0.00012003924 0.2846207 0.0003092726 0.0015936716 0.40730336 0.023739558 0.47050497 0.21180144 0.0005653964 0.091999084 0.0003445331 0.00016186864 0.0002312072 4.128829e-07 0.29423985 2.8930215e-06 0.014159203 0.00011197267 3.841135e-06 0.0018138035 0.14147262 2.8059894e-06 8.097265e-05 2.5327598e-08 9.4023113e-07 4.6567996e-07 0.0005313819 0.00017821265 0.00038207468 1.8916853e-06 5.4462953e-06 0.42699945 3.955063e-05 1.2668909e-05 3.990299e-06 2.723501e-07 1.5683288e-05 4.026886e-05 4.642437e-07 0.00013514291 5.367703e-07 2.9171633e-06 0.007883308 0.0012347627 6.718139e-05 0.052803244 6.7386725e-07 3.870146e-08 0.0023918299 1.7026881e-06 4.4676378e-07 3.1228456e-07 0.015127423 0.00036012975 2.446368e-06 7.1878826e-06 0.019918494 2.8309517e-08 0.0011600163 4.298094e-06 0.0005658344 0.004301295 7.9238205e-08 3.3580173e-07 1.2140986e-06 6.358325e-09 3.9088823e-06 3.40349e-05 2.2208923e-07 0.00745228 0.51551944 1.5390796e-06
0.6257894 8.439882e-05 1.5516353e-05 0.056816448 7.1716655e-05 1.1444676e-05 0.00040307417 0.5369848 3.439159e-05 0.04562608 0.00027638255 0.08335118 0.77083313 0.8618879 9.5246185e-05 2.0074411e-16 0.9208752 0.0028479684 7.476126e-06 0.012985714 0.59905297 3.4140714e-07 3.7897297e-07 1.7020631e-06 0.7508573 6.268346e-05 1.2992773e-06 1.972604e-06 0.7443704 0.92590964 4.529799e-05 1.7423771e-07 1.0566776e-08 0.00020388832 4.298951e-06 0.014422854 8.8616114e-05 3.3219685e-08 9.933648e-06 3.2735352e-07 2.2301205e-07 4.241874e-08 0.18089378 0.010732404 2.4989507e-07 5.8341734e-06 1.0925398e-07 6.9259704e-07 0.92663413 0.00033644622 1.00654276e-07 1.0052281e-06 0.020007787 3.1588118e-06 3.5749927e-09 9.2581314e-07 6.552973e-08 7.9216267e-07 1.8522426e-09 4.553385e-06 0.0016029384 7.2118974e-07 1.3029925e-06 0.00094718096 0.002574846 6.011119e-07 4.218303e-06 4.409154e-05 0.15776463 0.001302979 0.02447705 0.0001234144 2.2313727e-06 4.8041984e-06 0.5540366 1.9685063e-05 3.8259824e-07 0.49651483 0.008334148 0.0066411025 3.41643e-05 7.04153e-05 2.520702e-06 6.937172e-06 5.8687498e-08 0.6460636 4.0253227e-07 7.639543e-07 6.9789e-07 1.2753286e-08 0.38599792 2.3528837e-09 2.0982943e-08 3.311118e-05 1.698367e-07 0.001575946 8.748165e-08 1.8282061e-06 2.4507722e-06 0.0060826642 0.0030512821
0.87926227 6.823401e-05 0.009757154 0.0063490076 2.6715294e-05 1.5940734e-05 5.253497e-05 0.05568017 7.674225e-06 0.38112035 0.008369201 0.7089633 0.1120824 0.96378124 1.8555384e-05 0.9208752 5.639748e-15 0.00049789296 1.3144155e-05 0.00019071477 0.17569342 3.4210639e-06 7.65206e-06 3.685756e-06 0.92044485 0.7495193 4.5351053e-06 1.644296e-08 0.65358746 0.6418517 9.840237e-06 5.582913e-07 2.154644e-08 1.0522024e-05 4.3657187e-07 0.0072201975 1.2150317e-05 2.7244166e-08 6.769202e-07 8.9010643e-07 8.681957e-08 3.2539152e-08 0.13906889 0.016708992 0.003409845 9.9829656e-08 3.029727e-08 0.18503422 0.5432718 1.3834937e-05 0.0025863512 1.575698e-08 0.066759326 0.07495214 4.0271075e-09 1.9789772e-07 1.824529e-08 4.455207e-08 1.8474246e-07 0.0017295148 6.683261e-05 2.1258648e-08 0.0021883256 0.029749554 0.016267523 2.2403341e-08 3.140694e-07 0.005675831 0.080556504 0.020491017 0.024219017 6.996671e-06 2.725738e-07 6.0444137e-07 0.27079204 0.00056645396 0.004191358 0.10215804 0.010550477 0.007658197 0.00029598206 1.0751621e-06 4.1559822e-08 0.002830775 1.0684063e-07 0.20976372 0.0017838133 1.3514232e-07 0.0035384186 2.7089143e-07 0.14457592 2.0357956e-10 0.0001651809 3.2206666e-05 1.882657e-05 0.006619746 3.1529666e-08 7.77821e-05 1.4838467e-08 0.0034700488 0.0013035916
0.9159359 0.16592443 0.00040026076 0.22939721 0.2689106 0.103400946 0.55477965 0.0101171285 0.383108 0.004569605 0.0031098211 0.0005156171 0.0058344775 0.0020804682 0.91093 0.0028479684 0.00049789296 1.5218907e-09 0.33133173 0.98864084 0.043029893 0.006450293 0.000605871 0.0005913689 0.00047895944 0.0010828066 0.0030851495 0.031465653 0.00057574507 0.0010146216 0.11029118 0.00021707898 0.0019157318 0.2733353 0.14172548 0.72315204 0.087144844 0.0010410564 0.03529469 0.00030535014 7.2539886e-05 0.0005178838 9.597225e-05 0.37990808 2.495431e-05 0.012226739 0.00039351618 0.0002730639 0.0106106205 0.1198991 2.4977666e-05 0.00075186085 1.0506562e-05 6.559448e-05 2.7652197e-06 0.0007446724 0.00021054527 0.0002567868 1.8187937e-05 0.0001193368 0.29535106 0.00014243544 0.00019164041 0.00017748671 9.8380415e-06 0.00010430185 0.00013648553 5.056451e-05 0.00047193447 8.621146e-05 0.00016051588 0.14063783 0.0021776075 0.00017230926 0.12876168 1.314042e-05 5.9690683e-07 0.010575242 1.3085421e-05 7.0191527e-06 1.1081273e-06 0.0134849325 0.0007022665 2.4147042e-05 2.6138664e-06 0.042122927 6.638255e-07 0.00060343556 1.0106241e-05 0.0071260524 0.011669378 9.09131e-08 6.945268e-06 8.527865e-06 3.0301315e-08 3.054135e-05 0.00011934819 1.2547779e-05 0.0048029185 0.69446415 6.0246806e-05
0.9131061 0.079913765 2.763174e-06 0.01383007 0.310037 0.68043476 0.053694922 0.0016681693 0.2628761 0.0004575243 0.00068305887 2.6341451e-05 0.00047444602 0.00021291948 0.80249923 7.476126e-06 1.3144155e-05 0.33133173 8.148946e-12 0.09431001 0.00042566008 0.8989694 0.2971371 0.2737139 3.9599843e-05 0.000361492 0.65000147 0.8510834 7.491247e-05 0.00014263472 0.97842586 0.12131731 0.11108729 0.34400532 0.034203827 0.07001611 0.3854201 0.04753322 0.27613968 0.021092342 0.017029457 0.019896096 1.707372e-05 0.016552633 2.3323983e-06 0.06067254 0.005668914 7.708047e-06 0.0007453314 0.24735597 4.2293863e-07 0.001521455 1.7020419e-06 7.532391e-06 6.2017614e-05 0.0032753465 0.00092411344 0.0016606962 7.5289868e-06 1.5770715e-05 0.15675855 0.00089400494 6.7081482e-06 4.237227e-05 2.0712614e-06 0.00037056973 2.4827264e-05 2.6532723e-06 0.00010702986 1.0139459e-05 9.7069926e-05 0.0028289224 0.0013855608 9.149721e-05 0.015080158 8.718824e-06 4.1039304e-08 0.0004451114 2.0071259e-06 2.617567e-05 2.4561703e-06 0.0077287494 0.0015690081 1.1963518e-05 4.31253e-06 0.0072171036 6.141054e-08 0.00024943068 2.5556235e-06 7.955332e-05 0.0022544288 1.07612685e-07 2.171302e-07 3.9290888e-05 1.7797764e-07 0.000105174455 0.00016790393 1.0084376e-05 0.004998567 0.09663962 5.0333478e-05
0.8701011 0.012714694 6.0056723e-06 0.03772516 0.045073755 0.00015806076 0.24926521 0.014705188 0.17159125 8.961189e-05 3.1912496e-06 1.0251113e-06 0.0153452465 0.00047439078 0.59224516 0.012985714 0.00019071477 0.98864084 0.09431001 6.908484e-16 0.15544091 0.00024852034 5.9138265e-06 1.235622e-06 0.0001555834 2.8148986e-06 0.00089595106 0.02520099 0.0006883745 0.0028051266 0.05129746 1.5418997e-05 0.0005227895 0.13703385 0.15831505 0.96243775 0.08662602 0.0006052721 0.061386198 0.00042905932 1.673922e-05 0.00019032012 0.00031574114 0.5390578 5.953999e-08 0.037063554 3.770152e-05 4.0844157e-08 0.038580872 0.10575261 1.4055506e-08 0.013374174 1.00216375e-05 6.81147e-07 2.1433998e-07 0.00052681897 0.00018263867 0.00012066558 2.3791955e-07 5.2556913e-07 0.17783667 0.00011104887 3.6724384e-07 1.727343e-05 2.3333647e-05 9.486875e-06 2.074831e-05 4.8199144e-07 0.0009961264 8.3522245e-06 0.00072774367 0.396741 0.0015819235 5.5640117e-05 0.1848585 8.2754235e-07 9.047954e-09 0.013984538 0.00014998054 0.00040780677 2.1868873e-06 0.0058745737 0.001223544 3.2684393e-06 1.5105308e-06 0.053557694 1.924967e-08 0.00035207413 3.979684e-08 0.00056392414 0.013109855 1.2758711e-08 1.5895987e-08 5.541762e-06 5.2875992e-09 0.0002731798 1.8931843e-05 3.6331755e-07 0.000978998 0.8303148 0.00040647227
0.96800697 0.036422215 0.0879687 0.7668048 0.014021817 0.00016455057 0.25106886 0.8919217 0.042948592 0.31983775 0.014400417 0.21529517 0.95416886 0.456795 0.04143871 0.59905297 0.17569342 0.043029893 0.00042566008 0.15544091 7.385178e-12 3.8130531e-06 5.2863e-07 1.1236493e-06 0.005693675 0.16710857 7.450574e-06 2.7660626e-05 0.0091293175 0.021766722 0.0002595193 2.5240058e-07 1.2053872e-06 0.0014207397 0.0017860824 0.36681172 0.00069776824 2.660893e-07 7.207574e-05 9.815633e-06 9.089715e-08 4.912064e-07 0.00080128224 0.5558519 0.0013920965 1.5019006e-06 1.2457899e-07 0.00432447 0.48642868 0.00033377163 0.00015865141 4.4894996e-06 0.00013176429 0.00081239664 6.172323e-09 3.7730797e-07 1.6761233e-07 7.609865e-08 3.6297119e-09 0.00027606747 0.0034314715 2.0470504e-08 4.002928e-05 0.00027758576 0.00014485422 9.0221945e-08 3.703316e-08 3.0995663e-05 0.0025117097 0.00083428033 0.00034516567 0.004413993 1.4468562e-06 5.013218e-07 0.949041 4.481058e-05 1.7140806e-05 0.22514631 4.849543e-05 5.1804658e-05 1.4155022e-06 5.3449006e-05 2.2221678e-07 0.0003501925 1.4992118e-08 0.65493315 3.23801e-06 1.9303666e-06 1.0557899e-05 0.00029142966 0.12749924 1.5950465e-09 3.167595e-05 8.358586e-07 2.54603e-07 2.0940477e-05 1.6149363e-08 9.242346e-06 2.7280785e-07 0.031973336 3.6438527e-05
0.39886254 0.0016049788 6.4355127e-06 0.00063225726 0.08868175 0.7259888 0.001117397 8.261577e-05 0.006600346 0.0001262032 6.020453e-05 5.2240244e-07 6.138672e-06 7.9320824e-05 0.02303092 3.4140714e-07 3.4210639e-06 0.006450293 0.8989694 0.00024852034 3.8130531e-06 1.0253249e-14 0.98362154 0.88116 5.8907955e-07 0.0013912126 0.87040657 0.5035807 7.613103e-06 2.1944927e-05 0.46789634 0.2773488 0.108314514 0.035507586 0.0004614006 0.002729138 0.073520705 0.08173313 0.2182889 0.1726045 0.06220748 0.0645586 2.2021313e-06 0.00012856585 2.6056184e-06 0.07214456 0.040550455 9.928841e-07 9.09926e-05 0.063542366 6.0718485e-06 0.0013646561 2.9052526e-08 5.9748777e-07 0.0013501564 0.009054746 0.0178156 0.0049289665 0.0024068737 0.00016485307 0.018085983 0.0037265525 0.0012772707 1.7520986e-05 4.659889e-08 0.0015101795 0.0019508688 6.576786e-07 3.6111815e-05 3.5904985e-05 1.6453173e-06 0.00037646893 0.0026906831 0.000566995 0.00056444335 2.249224e-07 9.718287e-08 9.4549905e-06 2.4781633e-07 3.613917e-07 8.552673e-06 0.024460271 0.0011046513 7.1620896e-05 4.7940677e-05 0.00041494996 1.5270942e-07 0.0005503463 7.275196e-05 0.00018142263 7.94693e-05 3.3241506e-07 4.638919e-07 1.7475011e-05 6.511571e-08 4.9704704e-06 0.0002981385 1.1669033e-05 0.0022931586 0.0223644 5.5642317e-06
0.02779514 0.00048055875 4.477888e-07 5.3013344e-05 0.008398897 0.6438282 0.00021479068 9.703155e-06 0.0011930148 0.00012705856 4.1616688e-05 3.773067e-06 4.1007024e-06 1.116935e-05 0.0023184193 3.7897297e-07 7.65206e-06 0.000605871 0.2971371 5.9138265e-06 5.2863e-07 0.98362154 3.691404e-16 0.99828774 4.171652e-06 0.00013534451 0.5828325 0.13206084 1.0584787e-05 1.5336269e-05 0.0754174 0.10357767 0.0065164855 0.0029231233 4.2626438e-05 0.00020468338 0.00559414 0.006911558 0.021174815 0.017973848 0.010206334 0.009728838 1.3955047e-05 2.1598524e-05 3.2210443e-07 0.0038821027 0.0036425989 1.7613732e-07 1.562414e-05 0.003097177 9.048041e-07 0.00015496457 2.6715725e-07 1.7696084e-05 0.00049572444 0.00069361634 0.0019190195 0.0005126947 0.0001388361 2.360406e-05 0.000491283 0.00063862867 5.9837163e-05 0.00026084553 1.8034001e-06 0.00027062357 0.00029168717 3.64264e-05 4.450944e-06 0.00018643176 1.4542263e-05 5.3421132e-05 0.0002509532 0.00025533844 5.44024e-05 2.1415171e-06 1.0259356e-06 4.846558e-06 5.8706956e-07 2.545986e-07 2.0331696e-05 0.0012279563 0.0002503993 6.2889914e-05 4.001842e-06 0.00017652418 3.599141e-07 8.511278e-05 2.5550482e-06 2.2930633e-05 8.894819e-05 1.0940766e-07 4.7055676e-07 2.058975e-05 1.2471813e-06 2.1636447e-06 4.2061496e-05 1.16597885e-05 0.0003213952 0.00070213986 8.975408e-06
0.033773035 0.0003774721 4.344503e-07 0.0001208034 0.006408819 0.9215814 0.00014661232 7.724824e-06 0.000964051 4.6846886e-05 2.8829783e-05 8.023409e-07 6.130358e-06 1.5987993e-05 0.0019382436 1.7020631e-06 3.685756e-06 0.0005913689 0.2737139 1.235622e-06 1.1236493e-06 0.88116 0.99828774 1.7813962e-13 1.5007417e-05 4.645631e-05 0.5100401 0.05723572 6.3788e-05 0.00010528323 0.098676994 0.33724275 0.005678416 0.0029839324 7.340151e-06 5.4827047e-05 0.0054974197 0.008012766 0.024334222 0.011895582 0.01928632 0.0068032355 8.815849e-05 1.25093065e-05 5.0536306e-07 0.0057901004 0.0032348223 7.124277e-08 2.4358256e-05 0.0032142433 3.4340117e-06 4.4638986e-05 9.860476e-07 2.1256372e-05 0.0010637109 0.00055592833 0.0007220742 0.00060842326 7.936274e-05 6.904379e-05 0.00068112306 0.00046622593 0.0002924141 8.901922e-05 1.1873605e-06 0.00021401269 9.014726e-05 1.07598225e-05 5.3964236e-06 9.288944e-05 4.516526e-05 4.970904e-05 0.0002367495 5.2837244e-05 3.874787e-05 1.1090143e-06 2.8382357e-07 6.9471724e-07 3.4880577e-07 5.435303e-07 1.1125869e-05 0.0007184573 0.00033228906 3.0500718e-05 1.8847363e-06 0.0001721619 1.2590439e-07 7.10107e-05 9.658278e-06 2.2523815e-05 3.246704e-05 1.8792433e-07 7.5625604e-07 2.8896948e-05 1.0374565e-07 3.7911234e-06 5.5705852e-05 3.8094004e-06 0.00011402814 0.001656366 3.5079752e-06
0.8597913 3.047577e-05 0.00028448846 0.00011214933 6.7079627e-06 3.3432545e-05 4.2699223e-05 0.00081971165 1.0532817e-05 0.012365503 0.00026229935 0.052807473 0.0017619245 0.0933125 6.4485985e-06 0.7508573 0.92044485 0.00047895944 3.9599843e-05 0.0001555834 0.005693675 5.8907955e-07 4.171652e-06 1.5007417e-05 1.8807758e-13 0.45523098 2.5905786e-06 4.5183998e-07 0.9683824 0.55369246 1.7123357e-05 1.6562492e-06 2.4590258e-07 2.552716e-05 1.988701e-06 0.0014278463 1.06958905e-05 5.636434e-08 9.201358e-07 2.948084e-06 1.7552493e-07 1.835042e-07 0.87807834 0.0015752624 0.0005843978 6.390523e-08 2.8436583e-08 0.52179784 0.29351544 1.2886702e-05 0.0016382856 2.551578e-08 0.8639916 0.47562122 1.6561495e-08 1.647114e-07 1.3039197e-08 3.5433327e-08 2.95616e-07 0.0011107466 1.8325185e-05 4.997822e-09 0.014074851 0.3443743 0.2794262 7.015083e-08 1.5978222e-07 0.25278166 0.23963468 0.6005753 0.25107858 1.6025408e-05 3.4233173e-07 1.3503133e-06 0.0219718 0.022560801 0.3267808 0.11224261 0.060216036 0.022620484 0.0032621014 1.2868092e-06 5.0828266e-08 0.04654751 1.7376146e-07 0.020060746 0.09500337 1.8657323e-07 0.053433277 6.010723e-07 0.08520909 2.5327682e-09 0.00056477205 0.0002889261 0.0076955715 0.012174955 1.7929805e-08 0.012490318 3.339252e-09 0.0006890316 0.004414831
0.92824095 0.03224994 5.8189355e-05 0.53432137 0.008015824 0.0007588013 0.006418165 0.39906484 0.0005586759 0.79761016 0.863404 0.8097038 0.51919234 0.894399 0.00030661427 6.268346e-05 0.7495193 0.0010828066 0.000361492 2.8148986e-06 0.16710857 0.0013912126 0.00013534451 4.645631e-05 0.45523098 1.6011639e-13 0.00041104484 1.181959e-06 0.4515578 0.25974822 0.00015895125 5.642536e-05 5.404123e-06 0.00020097883 2.1617791e-07 0.0067188507 2.1702566e-05 5.0200474e-06 1.27354015e-05 2.2637887e-05 4.5233453e-05 9.563652e-06 0.04593138 0.021684472 0.789327 2.5114485e-07 2.8748773e-06 0.97494674 0.26783872 0.00011129133 0.05632398 3.450703e-07 0.022882335 0.36584958 9.340845e-06 9.166962e-07 1.034872e-06 1.5279707e-06 3.5174053e-06 0.04143708 0.0005065835 3.2167435e-07 0.022871515 0.02827909 0.008436482 7.950989e-06 1.8525174e-06 0.0024387373 0.0047612265 0.027325498 0.0025753665 1.6365958e-06 5.955152e-06 6.724617e-06 0.11194603 0.000117949974 0.0008320992 0.02765674 6.076121e-05 0.0010240584 3.1420393e-05 3.8101505e-05 2.1230144e-06 0.005351509 2.3173989e-06 0.025464777 0.0004386224 2.3223558e-05 0.002739954 1.1753916e-07 0.016742807 2.2108608e-09 0.0008396493 0.00011164426 4.875753e-05 6.916796e-05 3.77695e-07 5.3120737e-05 6.3223815e-06 0.038821504 7.409148e-05
0.67345154 0.0010305106 2.67605e-07 0.0005340364 0.009886791 0.109382585 0.00062722474 4.3502994e-05 0.0032063152 4.8163485e-05 0.0003662848 4.663295e-06 7.314547e-06 3.0059478e-05 0.0073221587 1.2992773e-06 4.5351053e-06 0.0030851495 0.65000147 0.00089595106 7.450574e-06 0.87040657 0.5828325 0.5100401 2.5905786e-06 0.00041104484 8.907826e-14 0.96196526 7.3105166e-06 1.718508e-05 0.5171964 0.9776765 0.36934602 0.027846819 0.0002858837 0.0014059898 0.0879583 0.4146892 0.35362852 0.76429915 0.68711764 0.3296335 3.286982e-06 0.00025369885 4.2938757e-07 0.22542022 0.20890787 2.4424912e-06 6.256467e-05 0.053852133 1.3985456e-06 0.0064309663 1.6855671e-06 1.0281399e-05 0.027316956 0.06930557 0.15293637 0.05629551 0.004524075 4.8547947e-05 0.008810416 0.08313477 0.00019293874 2.512723e-05 9.565572e-07 0.05447071 0.0071137412 3.7570067e-06 1.2978315e-05 3.6724567e-05 8.554214e-06 0.00047739228 0.024619289 0.001617816 0.00060486124 7.3906017e-07 1.108467e-07 1.4144948e-05 2.3527781e-07 5.190024e-07 2.9212715e-05 0.07962033 0.01118652 0.00011860499 0.00013748294 0.0006561525 1.7290867e-07 0.005462905 5.4856537e-07 0.00017720173 0.000276053 2.7568121e-06 8.020624e-07 3.18466e-05 8.8461843e-07 7.756508e-06 0.0022437235 8.965527e-06 0.012469702 0.03429739 5.379462e-06
0.5176773 0.00012316594 9.55776e-10 7.083247e-05 0.0056622955 0.030740995 0.00024352789 9.628215e-06 0.0025096037 4.086214e-07 5.4806657e-07 5.6748766e-09 6.0798093e-06 3.1950762e-07 0.036626816 1.972604e-06 1.644296e-08 0.031465653 0.8510834 0.02520099 2.7660626e-05 0.5035807 0.13206084 0.05723572 4.5183998e-07 1.181959e-06 0.96196526 7.034097e-19 2.1598844e-06 2.2113141e-05 0.8763844 0.7280756 0.9185139 0.07903033 0.005691596 0.007576996 0.12208587 0.5305852 0.70934844 0.85824615 0.38508746 0.47394848 9.162379e-06 0.0004371529 5.174542e-08 0.53211796 0.09191648 1.2772584e-09 0.00011002128 0.1590127 3.084961e-08 0.10609222 2.4748438e-08 4.08074e-08 0.024452716 0.021197332 0.082240716 0.020850183 0.0015049498 9.951659e-07 0.02885999 0.017490484 3.2055536e-07 1.9747789e-07 4.3467662e-07 0.007828454 0.00037679938 1.9706578e-08 1.7662362e-05 2.6305438e-06 2.9693113e-06 0.010974899 0.0036231866 0.00031915025 0.000879546 2.0019279e-08 3.817803e-09 6.328695e-05 2.0885768e-07 9.811842e-08 3.443126e-07 0.100857936 0.0021221573 5.8037165e-07 2.90512e-06 0.000654521 1.3132262e-09 0.00060212857 3.77898e-08 4.6798727e-06 0.00021039073 1.1383021e-07 1.1883261e-09 6.0063275e-07 1.9868338e-08 1.8823706e-06 9.652914e-05 5.793116e-07 0.004373474 0.019319022 3.5499827e-06
0.95732737 4.3116157e-05 0.00034979449 0.00029545583 1.203846e-05 2.8279337e-05 3.7573238e-05 0.0010512737 5.2103196e-06 0.014029306 4.8308113e-05 0.03702808 0.0018756938 0.11416683 6.2612867e-06 0.7443704 0.65358746 0.00057574507 7.491247e-05 0.0006883745 0.0091293175 7.613103e-06 1.0584787e-05 6.3788e-05 0.9683824 0.4515578 7.3105166e-06 2.1598844e-06 1.4571362e-14 0.96816677 4.010437e-05 1.6105238e-06 6.6033614e-08 3.1442785e-05 4.5697918e-05 0.0045665335 1.5822054e-05 2.3566438e-08 1.9733884e-06 1.6423935e-06 2.3513199e-07 6.3991344e-08 0.8200947 0.0042728228 0.00028595788 8.429684e-08 5.605404e-09 0.42545483 0.69693035 4.3424858e-05 0.0009211982 2.704807e-07 0.39519325 0.37470725 1.3951173e-07 4.7824482e-08 6.7800174e-09 1.0887843e-08 5.722861e-07 0.00025752696 0.00016197874 2.3317164e-09 0.0029413837 0.35848475 0.065044 1.1133972e-08 9.9134425e-08 0.18506026 0.6330276 0.55125207 0.096871406 0.00018945686 4.0361243e-07 2.6641965e-07 0.08134917 0.023226017 0.27560827 0.49786785 0.0045973286 0.010088523 0.0011172724 9.8897035e-06 4.783096e-08 0.025886247 5.5866217e-08 0.09779034 0.07687596 6.005242e-08 0.022731751 1.1534007e-05 0.38602698 6.5247546e-10 0.00013791959 8.929232e-05 0.00940091 0.013100181 3.2680074e-09 0.0049864235 3.1940537e-08 0.0020365757 0.0009157103
0.93359846 0.00019250884 0.00092667365 0.0015360041 0.00015880806 3.260263e-05 0.00048621508 0.006680299 8.948967e-05 0.023837278 5.23317e-05 0.06784055 0.020328967 0.2605446 0.00012003924 0.92590964 0.6418517 0.0010146216 0.00014263472 0.0028051266 0.021766722 2.1944927e-05 1.5336269e-05 0.00010528323 0.55369246 0.25974822 1.718508e-05 2.2113141e-05 0.96816677 1.8896475e-12 6.497945e-05 1.5178333e-06 3.324829e-07 9.000449e-05 0.0004569435 0.0061577023 5.7925194e-05 1.7085218e-07 9.45915e-06 1.3285327e-05 1.5417392e-07 1.8870817e-06 0.31936282 0.0059160516 0.00031703737 5.3701814e-07 1.13416505e-07 0.086685024 0.96811277 7.883124e-05 0.00057240383 8.469759e-06 0.1144787 0.056505553 1.3399564e-07 4.9767056e-07 1.963427e-07 1.0026774e-08 1.0511703e-07 0.0004193075 0.00041758234 3.9896555e-08 0.0006340161 0.048400853 0.011043015 9.342474e-08 3.8984786e-07 0.023763886 0.5013714 0.084660515 0.023709698 0.0023732574 3.0985213e-06 1.703185e-06 0.21557534 0.0016885947 0.026678862 0.7650787 0.0007175472 0.002976364 0.0001674865 1.2429975e-05 6.2421655e-08 0.0041294163 4.7351884e-07 0.2218181 0.0097696865 5.474209e-07 0.004400768 0.00019564862 0.49114415 8.1513365e-09 0.00012859075 2.5821764e-05 0.0009524909 0.0018804257 2.4251804e-08 0.0012500399 1.1692636e-07 0.004272456 0.00041050697
