4.2025993e-15 0.9820646 0.97452605 0.9530062 0.97655624 0.9845953 0.9298637 0.96689403 0.98531425 0.9730154 0.97940487 0.9867605 0.96818376 0.9917842 0.97119045 0.9415801 0.95003253 0.99134356 0.96748024 0.7047222 0.9450091 0.866393 0.9769716 0.9935222 0.912952 0.18951708 0.99823874 0.98070663 0.9896408 0.37687442 0.81727475 0.9733999 0.9873927 0.99404466 0.9867601 0.89224017 0.66190666 0.99833643 0.965489 0.9749594 0.075133584 0.98162407 0.006589672 0.94793725 0.99468726 0.9711625 0.13217731 0.9615594 0.0027759038 0.9654565 0.9812754 0.1385745 0.84401375 0.99806815 0.9133155 0.9989388 0.027738743 0.3499553 0.0065329378 0.8060353 0.0036295776 0.01704378 0.0006013625 0.93745726 0.6343262 0.00026093633 0.9525976 0.00013259007 0.00026181553 0.9207766 0.99642843 0.9949021 0.9911121 0.1924715 0.07113096 0.8697346 0.8821088 0.97986114 0.0045921146 0.0002517166 0.0028827323 0.9980188 0.99968565 0.91133654 1.6874965e-05 0.044775542 2.3163768e-05 0.9999304 0.004844267 0.008360521 0.98282856 0.000108540575 0.2030722 0.88454145 0.86727446 0.007544934 0.97896314 8.868252e-06 0.9999348 0.000102825616 0.87040275
0.9820646 5.831445e-09 0.972548 0.9271568 0.70295817 0.077729575 0.83812416 0.10918226 0.87624407 0.29446587 0.45416775 0.21313931 0.19405091 0.0022442823 0.024856906 0.5752106 0.09166163 0.3414739 0.0071580345 0.23175417 0.044390302 0.43484622 0.06686778 0.057683583 0.010345223 0.42204025 0.16213928 0.0027395685 0.00026961067 0.11257975 0.026086912 0.0051172343 5.490613e-06 0.0016129371 0.0024399038 0.013377682 0.019128064 0.07839826 0.011387887 3.0548558e-06 0.09911422 6.039297e-05 0.015096878 0.002035762 0.24857391 0.0026402038 0.0021690081 0.0004648292 0.00767606 0.00014378522 0.00062733423 0.0045503187 8.36539e-05 0.012201677 0.00032620187 0.00018860257 0.008464939 0.0022761477 0.016627397 0.00053920026 0.007267623 0.0014593172 0.0018421111 6.871148e-05 2.1889371e-05 0.0032612176 0.00020625844 0.002652961 0.0046298546 6.5951167e-06 0.007817982 0.020368889 0.0011058819 1.6163855e-05 0.0010122937 7.7346034e-05 0.000103469734 0.015660653 0.00046739873 0.0022718452 6.532922e-05 0.00858048 0.020245004 0.0011359968 0.0007534565 3.075687e-06 0.0007011152 0.034442533 6.9389057e-06 1.2379631e-06 0.00026618363 1.26685e-05 6.2179254e-08 0.0017887928 2.1215927e-05 6.210594e-06 0.0005888378 8.137295e-05 0.0035673035 0.00017050118 1.0341586e-06
0.97452605 0.972548 8.391088e-12 0.96574533 0.32648504 0.026526518 0.41920215 0.035633463 0.7942796 0.06332558 0.2039568 0.1733917 0.085367836 0.00023421923 0.003517562 0.6758585 0.016894614 0.21999405 0.0012323087 0.3372077 0.0092122955 0.6742153 0.028458707 0.07568732 0.0066627096 0.86330056 0.111354515 0.000787703 2.0325347e-06 0.21357515 0.022670973 0.00086610974 3.1337888e-07 0.00020948316 0.000948906 0.011931258 0.03339466 0.104922965 0.0022941956 1.705624e-07 0.32207277 7.93619e-07 0.06352486 0.00044959242 0.23460919 0.0005200191 0.0009381577 2.438429e-05 0.02831682 6.3123803e-06 0.00014482603 0.0068761143 1.991194e-05 0.0020701292 2.4806013e-05 2.5772311e-05 0.028242882 0.00031412678 0.08854024 1.4504034e-05 0.020289242 0.0016103173 0.0053014867 1.51140475e-05 2.4618619e-06 0.010459854 2.3894372e-05 0.00553445 0.012076885 2.212636e-06 0.001246582 0.011560406 0.0008184564 9.910749e-06 0.00048791352 5.0682018e-05 2.1735437e-05 0.0069930223 0.0002432744 0.0066783587 0.00034443944 0.0050136824 0.006365674 0.0003812388 0.002577406 7.797482e-07 0.003000157 0.011060722 4.874909e-06 1.7941263e-08 0.00013674283 0.00014237894 2.694176e-08 0.0005261594 2.3932444e-06 1.7444407e-07 0.00034341725 0.00025888474 0.0010108886 0.0009112639 1.42155e-07
0.9530062 0.9271568 0.96574533 9.288331e-13 0.37088767 0.13859263 0.090989664 0.103900656 0.5513465 0.010294931 0.063233 0.69345134 0.029816518 0.0019927726 0.0023985298 0.19000448 0.002823759 0.11638235 0.0030007048 0.07199102 0.0011386737 0.91770333 0.011782552 0.1584687 0.012366168 0.93410087 0.112793684 0.0013178258 5.3524047e-05 0.054117538 0.06311253 0.00081418705 3.85984e-06 0.00027219625 0.0003739919 0.004571529 0.12726602 0.1866834 0.0003088049 1.6475359e-06 0.19896153 9.067585e-06 0.08311578 9.922917e-05 0.103217885 4.5642126e-05 0.0013921754 0.00010326853 0.026614044 6.3122214e-05 0.0006125856 0.0024442717 4.098601e-05 0.0005495978 8.097984e-05 0.00013223964 0.008300018 3.9631806e-05 0.24138631 3.9760653e-06 0.109608755 0.0005805812 0.0016583293 2.7698914e-06 1.5411939e-05 0.011330322 1.1296534e-06 0.0019184934 0.0069042384 4.3987762e-07 0.0005889192 0.012692579 0.0005421145 6.8829704e-06 0.0014654523 1.3651072e-05 2.7138e-06 0.0022807478 1.3654808e-05 0.0014686617 0.003244598 0.0022104762 0.00980387 5.025937e-05 0.0033410443 3.04691e-06 0.005344172 0.0050189802 2.2208828e-06 1.5202895e-07 0.00033086102 6.7724766e-05 3.2819625e-07 0.00013291024 3.879042e-07 4.524237e-06 0.00018490352 4.824895e-05 0.00093799445 0.0044228844 1.5506293e-07
0.97655624 0.70295817 0.32648504 0.37088767 1.3568126e-10 0.84033275 0.72235334 0.9067748 0.32389086 0.61080694 0.06650862 0.09467167 0.014222973 0.09080379 0.9358155 0.0028897787 0.7303294 0.23152524 0.5230355 0.0009517487 0.057477836 0.034533203 0.0002303436 0.8505721 0.16697416 0.009962253 0.12550983 0.48805365 0.014440795 0.00023763986 0.08044951 0.23386696 0.0049114414 0.5556315 0.0014267573 8.052731e-05 0.010465058 0.83254504 0.0037423274 0.009392048 0.00025498052 0.004743399 7.905665e-05 0.002087234 0.32299742 0.00016717597 0.0018722402 0.005464724 6.929988e-05 0.007375021 0.028272087 4.446307e-06 0.0020500808 0.11068099 0.002886318 0.03098122 2.5488202e-06 8.879339e-06 0.0019609854 3.5786022e-07 0.00061016623 8.518452e-08 1.368921e-06 4.789941e-05 0.0003290633 9.337363e-06 1.37120305e-05 1.850982e-07 1.142674e-06 1.1727341e-06 0.42622826 0.24188778 0.0012502234 1.0491572e-07 0.0017817781 0.00014768135 6.915253e-05 0.03240227 6.3404207e-07 1.01861744e-07 0.0002698365 0.020351175 0.202076 0.004330888 4.935984e-07 5.4791864e-05 2.6578434e-06 0.29747668 2.7360604e-08 1.5921942e-05 0.00023886477 8.7574804e-08 3.135391e-05 0.007613818 7.87823e-07 1.5642374e-05 0.00018849468 9.927331e-08 0.006124229 3.6105277e-05 1.7194991e-06
0.9845953 0.077729575 0.026526518 0.13859263 0.84033275 1.9227036e-15 0.022967644 0.9800373 0.00540357 0.013342123 0.0003186521 0.9029273 3.8569833e-05 0.6013949 0.2617099 9.51446e-05 0.022264836 0.001665285 0.40667516 5.291929e-05 0.000677345 0.5658147 6.9625e-07 0.5951653 0.49304083 0.016319921 0.00049552706 0.13225478 0.06561981 0.00020286269 0.67447156 0.016646102 0.002355987 0.08281551 3.675601e-06 1.1891362e-06 0.63736963 0.46453652 2.4335828e-05 0.0023172465 0.00019949317 0.006403348 0.0009204768 9.767971e-06 0.0616015 5.242156e-07 0.21962602 0.023982843 0.00028458046 0.0064386167 0.016346367 3.760541e-06 0.0038573164 0.0067207892 0.008629907 0.0129902605 9.409232e-06 6.197964e-07 0.06368241 1.0739055e-08 0.24118738 5.606998e-07 1.3067755e-06 2.7279835e-08 0.0014540924 6.811724e-05 4.376759e-08 4.020008e-06 4.001029e-06 2.2784754e-09 0.02821053 0.184048 3.1576204e-05 6.475517e-08 0.053282708 4.176423e-07 9.726595e-08 0.002177571 8.1474045e-09 1.924369e-06 0.033105668 0.00027465518 0.1307328 6.6054046e-05 6.9919947e-06 0.0006374704 5.9745136e-05 0.027370663 2.4234998e-06 0.0006827212 1.6672689e-07 4.678761e-08 0.0002181536 2.135284e-05 7.6340555e-08 0.0038494081 3.209186e-06 2.6295112e-07 3.345921e-05 0.0009260905 7.467001e-09
0.9298637 0.83812416 0.41920215 0.090989664 0.72235334 0.022967644 6.6355447e-15 0.011851094 0.951128 0.92622584 0.8082988 9.053177e-05 0.47476438 0.00020056391 0.1174426 0.041537285 0.71507806 0.899398 0.0022711302 0.0056234337 0.90548384 0.00018480972 0.009810488 0.07688658 0.00020309402 0.00069298455 0.7139971 0.0023019572 2.072716e-06 0.0009428703 5.0020335e-05 0.001891809 4.1047642e-06 0.0035077098 0.09139886 0.00076824013 1.2631151e-05 0.115550384 0.13661827 6.355934e-06 7.2138515e-05 1.5514303e-06 1.9761399e-06 0.14496632 0.6074155 0.022897746 3.659011e-05 1.8933802e-06 8.76827e-06 5.5914273e-07 0.00018570316 8.576383e-06 5.2513255e-06 0.08745209 2.704129e-07 3.6205958e-05 7.479353e-07 0.00015640982 5.369116e-07 5.8123373e-06 1.5875869e-06 3.2518633e-07 4.7189639e-07 0.0018255475 1.2377204e-07 6.132905e-07 0.00045378483 1.1662434e-07 1.5760594e-07 2.583244e-06 0.040848214 0.011500004 0.013917972 4.0728087e-06 5.384971e-09 0.00034418333 0.0006311195 0.041535057 3.314265e-05 2.4231082e-07 3.0642263e-07 0.027226876 0.006327099 0.026619779 9.754328e-09 6.176618e-10 1.0430949e-08 0.08006516 5.121158e-08 1.2696073e-09 0.0020004709 2.5604108e-09 7.233153e-09 0.011209683 1.8746789e-05 1.3571859e-09 0.0010119439 6.675451e-09 0.0028713306 5.5902884e-08 5.8785413e-06
0.96689403 0.10918226 0.035633463 0.103900656 0.9067748 0.9800373 0.011851094 2.0713297e-16 0.019722367 0.007408258 0.0025049758 0.39506182 0.0003842494 0.8083224 0.4300142 0.00035843524 0.020481667 0.0037469417 0.8084593 8.652007e-05 0.00063865 0.07469885 1.4418583e-05 0.7479455 0.7687167 0.0050045485 0.001490748 0.55819696 0.26430944 6.0817205e-05 0.5493149 0.02427444 0.11644636 0.29996455 3.664522e-05 1.1569972e-06 0.06462693 0.5721308 1.1513249e-05 0.0884503 1.0934508e-05 0.09546909 2.731067e-05 2.3989378e-05 0.07600035 1.2306574e-05 0.1829222 0.09388364 2.0761106e-06 0.058236744 0.07109339 5.951944e-08 0.015444503 0.011461546 0.03567123 0.12578696 2.7178247e-08 4.1218573e-07 0.009745785 1.0634855e-08 0.0057302834 7.044108e-09 8.636995e-09 6.0547436e-08 0.0051394724 1.9458821e-07 1.5773016e-07 1.5920627e-08 7.236051e-09 2.6978373e-08 0.13327551 0.3140272 0.00015928282 9.393286e-09 0.0076327207 3.9336663e-07 5.592653e-09 0.008241208 1.509406e-08 4.4612767e-09 0.0037726287 0.0034320103 0.22532858 0.000108346874 2.4908502e-08 0.00066045206 9.635471e-08 0.07313177 5.930645e-10 0.00024301192 1.2995902e-05 8.275304e-11 0.00045029234 3.436392e-05 4.770693e-09 0.00023444073 5.5426633e-05 2.4197315e-09 0.00025488812 0.00010712769 1.6181831e-08
0.98531425 0.87624407 0.7942796 0.5513465 0.32389086 0.00540357 0.951128 0.019722367 1.7075875e-08 0.8284443 0.78731143 0.047715265 0.480294 0.000146581 0.037024938 0.69993705 0.40864497 0.8089918 0.0014440754 0.37650022 0.2963641 0.08113334 0.24417216 0.017636316 0.0010101077 0.090715565 0.502983 0.0006662052 1.3871281e-05 0.21395703 0.0013850403 0.007805823 9.1287944e-07 0.00092263403 0.01460328 0.05391815 0.003269632 0.03888577 0.098051794 3.6888767e-07 0.048169408 3.963802e-06 0.0029568102 0.01862471 0.5046414 0.019933477 0.0001353432 8.337307e-05 0.0018248355 5.2208397e-06 1.4778172e-05 0.01253964 4.540073e-06 0.107680075 5.8518417e-05 4.675715e-06 0.025374271 0.009246009 0.0014240304 0.003947508 0.00010817806 0.0031220284 0.002272751 0.00046177764 4.942768e-07 0.00080626743 0.0011082013 0.0015172624 0.0018440612 0.00011294035 0.03705093 0.010185958 0.003056122 4.902241e-05 0.00019075605 0.0005695356 0.0005957152 0.03249533 0.0011448584 0.0026747147 1.6783004e-05 0.013348492 0.0067955027 0.010888609 0.00024271662 4.3176968e-07 3.087915e-05 0.11107557 9.576516e-05 4.7803777e-08 0.00021143565 5.457518e-05 6.77132e-09 0.01294562 0.00012641182 7.8590733e-07 0.00045673607 0.00016526188 0.0056333337 9.451132e-06 6.8105514e-06
0.9730154 0.29446587 0.06332558 0.010294931 0.61080694 0.013342123 0.92622584 0.007408258 0.8284443 3.986316e-12 0.24197403 9.335826e-05 0.08273196 0.00021888631 0.5124609 0.004084525 0.9328042 0.9199304 0.0044286074 0.0014046764 0.8567001 4.1758376e-05 0.0027805406 0.21124034 0.00018665948 4.3588087e-05 0.7347988 0.007504052 1.38263895e-05 0.00024925044 3.960094e-05 0.01619627 0.00013934786 0.022789149 0.043022294 0.00044404317 8.367723e-06 0.300312 0.017656688 0.00018885039 2.0797857e-05 3.7448495e-05 1.660589e-06 0.13118862 0.92844796 0.004427816 5.0671675e-05 1.4836905e-05 8.933989e-06 1.3022812e-05 0.0022106068 3.9933216e-06 2.4221332e-05 0.4701492 1.5533928e-05 0.0007730636 1.4926151e-06 0.00010421236 1.0589355e-06 1.3998366e-05 2.4143437e-06 1.9125991e-06 1.4681448e-06 0.0036920637 8.021381e-07 2.3144105e-06 0.0007516045 7.702229e-07 4.499716e-07 1.5041016e-05 0.22918208 0.043414466 0.02206541 4.2387405e-06 8.5248224e-08 0.001016612 0.0015494667 0.08883005 6.04824e-06 5.2474627e-07 2.9385744e-06 0.07350032 0.029552994 0.0952162 1.1602545e-08 2.076948e-08 2.4342498e-08 0.24439096 1.7536046e-07 5.3795233e-08 0.00628925 5.799998e-09 1.6289914e-07 0.03876669 0.0001997597 2.4083967e-08 0.0034768311 6.178239e-08 0.010236439 2.8922832e-07 0.00015879383
0.97940487 0.45416775 0.2039568 0.063233 0.06650862 0.0003186521 0.8082988 0.0025049758 0.78731143 0.24197403 5.744076e-11 0.0015907227 0.97360843 1.0312453e-06 0.0023809492 0.9016425 0.07183628 0.7439028 0.00019996232 0.62662375 0.563577 0.040526293 0.8222157 0.00941176 9.37183e-05 0.024467451 0.56293756 0.0001453075 2.795527e-08 0.24996595 0.0005214461 0.0008849464 5.2827e-09 4.5884648e-05 0.2314471 0.44153655 0.0026412487 0.023841558 0.5618487 1.7071959e-09 0.02973398 2.143421e-08 0.0009050251 0.048641857 0.29318497 0.17073016 4.3301234e-06 1.2605692e-06 0.0013201315 1.3650171e-07 4.0625678e-06 0.09093028 1.5675273e-07 0.028827222 1.0111143e-06 3.841779e-08 0.046435613 0.085747615 0.0038203024 0.06382099 6.5154845e-06 0.009551266 0.0042907475 0.0017886325 2.0890668e-07 0.00063322997 0.0062116166 0.002624908 0.0019769904 0.00032770948 0.00396302 0.0036698063 0.0065112333 0.0002595943 1.2487505e-05 0.0009811703 0.0010330572 0.04496243 0.011311417 0.006190761 8.903025e-07 0.029446026 0.0021803607 0.007350326 0.000111250796 1.943209e-08 2.6804462e-05 0.02907742 0.000616919 1.8982417e-08 0.0013699535 0.0014159195 2.3911717e-09 0.007979936 0.00027289413 1.2978401e-07 0.0027919488 0.0011744415 0.012405289 1.7778138e-05 1.5447182e-05
0.9867605 0.21313931 0.1733917 0.69345134 0.09467167 0.9029273 9.053177e-05 0.39506182 0.047715265 9.335826e-05 0.0015907227 2.7201491e-15 0.00039573855 0.5684861 0.0011636445 0.00021571341 6.1470695e-05 0.009241081 0.012538539 0.00017054948 2.3246125e-06 0.90461713 1.9785161e-06 0.76375324 0.3945379 0.061038468 0.0053806016 0.009355614 0.07860251 0.00026370143 0.5615515 0.00020792948 0.01608254 0.0019600962 2.7482063e-05 2.621058e-06 0.98584735 0.57852376 1.4489456e-06 0.010755144 0.00018380625 0.005564304 0.0061872844 2.8289261e-07 0.068775974 1.092512e-08 0.48899797 0.015970074 0.001311206 0.011084001 0.027126128 1.9648498e-06 4.2958338e-05 2.3774403e-05 0.0076636686 0.033779327 2.3748964e-06 6.203133e-07 0.21702854 5.058011e-08 0.36929482 3.3533547e-07 8.0351015e-07 2.4474577e-08 0.00015494478 0.00014577634 1.6152503e-08 1.1849532e-06 1.1367482e-06 5.661301e-08 0.0010489448 0.17713144 0.0013404008 7.1024033e-07 0.10124633 3.740097e-06 1.3124952e-07 0.01161344 1.1259474e-09 2.9289484e-07 0.14969867 0.0066549713 0.110962875 1.2207356e-07 2.3498227e-05 0.0005605924 0.0007355406 0.0033321364 5.910401e-07 0.00083140435 7.693736e-05 1.5552382e-07 0.0001362903 1.6141065e-06 3.069415e-07 0.0060334285 0.00021797247 2.2310171e-08 0.00013236114 0.009362772 5.2967965e-07
0.96818376 0.19405091 0.085367836 0.029816518 0.014222973 3.8569833e-05 0.47476438 0.0003842494 0.480294 0.08273196 0.97360843 0.00039573855 3.4763661e-10 5.834708e-08 0.00057055627 0.8659582 0.021480873 0.5340992 1.7515573e-05 0.63166237 0.4318636 0.019598609 0.94363195 0.0028277033 1.9224273e-05 0.010441979 0.44323194 3.5214416e-05 3.0851182e-09 0.2632202 2.6134712e-05 0.00026543782 1.0665219e-09 8.838398e-06 0.43386176 0.7231636 0.0007989557 0.009582158 0.7723068 1.6612106e-09 0.014965756 2.9644627e-09 0.00040181566 0.08666856 0.16709772 0.360456 6.9113025e-07 1.6881854e-07 0.00067482516 2.2417234e-08 4.901773e-07 0.20619714 4.0371308e-08 0.0071627838 1.3279765e-07 2.2764521e-08 0.0621689 0.28554738 0.0016802951 0.26855022 1.1512452e-06 0.018778807 0.00415158 0.010083993 5.101796e-08 0.00043569555 0.040777657 0.0019430156 0.001365576 0.004739427 0.0010051755 0.0014008956 0.012080772 0.001796568 1.0564098e-06 0.0027271074 0.0022277017 0.054286376 0.027864425 0.0068082204 2.4741785e-06 0.04870912 0.00091554003 0.0041300305 7.841667e-05 7.506957e-09 1.7320379e-05 0.0123668 0.0042261085 3.4484793e-09 0.0063999225 0.002740572 7.247706e-10 0.004179718 0.00097101834 1.623458e-07 0.008335562 0.0017315557 0.021224024 1.338253e-05 0.00033612218
0.9917842 0.0022442823 0.00023421923 0.0019927726 0.09080379 0.6013949 0.00020056391 0.8083224 0.000146581 0.00021888631 1.0312453e-06 0.5684861 5.834708e-08 3.6936122e-14 0.01549563 2.671198e-07 0.00014662169 7.6624405e-05 0.6470815 3.457888e-07 2.0720508e-05 0.15865582 1.2600017e-08 0.57704204 0.94572943 0.00017211399 2.7170594e-05 0.17830238 0.7334425 5.889986e-07 0.91314006 0.004581948 0.37774184 0.077741794 4.5216888e-07 2.6338997e-08 0.70950806 0.33989567 3.751398e-07 0.30855727 5.2185446e-06 0.23926996 3.180787e-05 4.0997273e-07 0.0080551235 2.2151418e-08 0.70640355 0.53232896 7.933796e-06 0.19017483 0.19109431 2.634921e-07 0.023216086 0.00020654169 0.12584059 0.14001568 5.686872e-07 5.1453615e-08 0.008833401 3.0849123e-09 0.08587999 7.900339e-08 1.9244037e-06 8.107564e-09 0.017329162 3.632005e-05 1.8097126e-08 3.4610437e-06 4.3353916e-06 2.0608637e-08 0.0053067016 0.27690372 4.447405e-06 8.092443e-08 0.3996991 3.4470358e-07 1.2159624e-07 0.00013193354 1.1566016e-09 7.926894e-07 0.0831761 3.1054835e-05 0.13946955 1.6151565e-06 1.7795278e-06 0.033769898 1.4911035e-05 0.0066005564 2.697175e-07 0.029793737 6.696969e-08 5.8441866e-08 0.019190168 5.706561e-07 2.7069708e-08 0.06405926 3.4357066e-07 5.4173018e-08 1.8235132e-06 0.00092254346 6.017163e-09
0.97119045 0.024856906 0.003517562 0.0023985298 0.9358155 0.2617099 0.1174426 0.4300142 0.037024938 0.5124609 0.0023809492 0.0011636445 0.00057055627 0.01549563 5.472564e-11 6.788993e-05 0.78385645 0.018410921 0.3938287 2.1139564e-05 0.029630948 3.7051585e-05 1.3009854e-05 0.9220532 0.03361306 4.3311557e-06 0.010727082 0.65680915 0.005525448 7.5346975e-06 0.0030550936 0.81057256 0.016981825 0.7504824 0.0016148326 2.3402454e-06 7.220349e-05 0.8505538 0.00048693875 0.03369649 8.3737376e-07 0.003294412 2.704588e-07 0.002697942 0.23844889 0.0001963722 0.0015549411 0.0007981405 1.0980755e-06 0.0024230334 0.030240333 6.51746e-08 0.0018730295 0.44961882 0.0016534992 0.026878953 9.545086e-09 8.528462e-07 1.4855232e-06 7.289261e-08 5.4582547e-06 1.4727908e-08 9.615289e-09 7.400038e-05 0.00013540169 1.0635692e-07 9.012943e-06 3.9497667e-09 1.3233373e-08 6.774101e-08 0.8543915 0.5682381 0.0044364617 1.4534433e-08 1.0343565e-05 1.910611e-05 6.4828328e-06 0.02645631 2.3883787e-08 1.0992341e-08 7.69607e-05 0.0161786 0.3735781 0.014090988 6.017726e-09 8.768613e-06 1.7635976e-08 0.53557295 2.9955536e-09 5.861685e-06 0.000465174 7.9232954e-11 2.36595e-05 0.0071951877 7.4543505e-07 1.6851575e-06 6.320154e-05 9.711815e-09 0.0019287013 2.0873592e-06 7.803664e-07
0.9415801 0.5752106 0.6758585 0.19000448 0.0028897787 9.51446e-05 0.041537285 0.00035843524 0.69993705 0.004084525 0.9016425 0.00021571341 0.8659582 2.671198e-07 6.788993e-05 4.670101e-13 0.0009456606 0.43380046 8.3297724e-05 0.98515356 0.0024211854 0.01435289 0.79129076 0.0034314436 2.9086674e-05 0.13136935 0.35041666 2.0256004e-05 3.0216533e-08 0.90254736 0.00013979909 2.2387507e-05 2.1829132e-08 5.369565e-06 0.0148898335 0.33352923 0.00040552055 0.007209691 0.016197605 1.2356995e-08 0.22881807 2.7487868e-08 0.0038289707 0.0003035894 0.12070565 0.00058000814 7.006365e-06 1.0016419e-07 0.006329438 1.4864924e-08 2.1995056e-06 0.23960835 4.7748284e-08 0.00017437596 4.624331e-08 3.6439342e-08 0.2054931 0.023505423 0.0022964864 0.0007432658 5.6116555e-06 0.037233774 0.015626974 7.9471574e-05 2.3155751e-07 0.003049877 0.0001719222 0.009375649 0.0070729875 3.8919003e-05 6.543971e-05 0.0006268307 0.00066790596 2.1182954e-05 2.6808536e-06 3.70967e-05 9.295453e-06 0.0034723908 0.0054435073 0.019823456 1.513966e-06 0.0023363733 0.00045051478 6.598914e-05 0.0007746662 5.2618043e-09 0.0002598524 0.000678978 0.00014951525 2.122744e-09 8.963316e-05 0.0042179152 2.0764441e-09 0.00010866724 1.6236267e-05 7.930156e-08 0.00022439696 0.002804125 0.00013531237 4.4647455e-05 6.9239564e-07
0.95003253 0.09166163 0.016894614 0.002823759 0.7303294 0.022264836 0.71507806 0.020481667 0.40864497 0.9328042 0.07183628 6.1470695e-05 0.021480873 0.00014662169 0.78385645 0.0009456606 1.4390247e-12 0.62045425 0.029503332 0.00016623114 0.8230316 1.6435304e-05 0.00053503754 0.2886688 0.0005327423 1.0018369e-05 0.49393705 0.042150963 3.584241e-05 3.669008e-05 1.25275365e-05 0.09648286 0.00020648458 0.17080297 0.045234386 8.559066e-05 3.483143e-06 0.427701 0.027259892 0.00038274552 9.712687e-07 5.2703075e-05 4.5418222e-08 0.07847892 0.9482585 0.00046606656 1.0326478e-06 6.145464e-05 6.296357e-08 3.2888904e-05 0.003459561 3.0001655e-07 1.3126304e-05 0.8507236 1.2921603e-05 0.0013947323 4.2655646e-08 8.6054115e-06 5.998843e-08 1.0431964e-06 8.865287e-09 1.6387947e-08 5.334715e-09 0.002301357 4.6195203e-07 2.0312015e-08 0.00039975834 1.0176924e-08 1.7146984e-09 7.1174964e-07 0.7630908 0.1005938 0.036844112 3.8372605e-08 2.7507589e-08 0.0030289446 0.004409588 0.11752172 1.8702342e-07 9.359539e-09 8.683282e-08 0.0919641 0.07799576 0.118006274 1.7497389e-09 2.8457038e-08 3.3330605e-09 0.7268333 1.9483148e-09 4.888617e-09 0.008691253 8.6790675e-10 2.2672962e-08 0.1522325 1.7022587e-05 5.734438e-09 0.0017774741 1.7080014e-08 0.014210439 2.5852376e-08 5.3154334e-05
0.99134356 0.3414739 0.21999405 0.11638235 0.23152524 0.001665285 0.899398 0.0037469417 0.8089918 0.9199304 0.7439028 0.009241081 0.5340992 7.6624405e-05 0.018410921 0.43380046 0.62045425 2.3460496e-09 0.000111466594 0.17209342 0.8113014 0.02163472 0.30250564 0.014562976 8.308241e-05 0.0056574675 0.9018454 0.00013072032 1.4716957e-06 0.05825188 0.000107774504 0.0033728683 7.294366e-08 0.0005177381 0.32116672 0.08988861 0.0010208499 0.036375236 0.45302197 6.686592e-08 0.004187718 5.713847e-07 0.00020083474 0.14749408 0.6806395 0.10501667 2.1330725e-06 1.2800779e-05 0.00023102602 3.4466086e-07 1.1063043e-05 0.010488388 1.6013026e-06 0.33015466 4.161242e-06 3.7199118e-07 0.0054030754 0.029386524 0.00021013187 0.041994873 4.183656e-06 0.0005638174 0.00010961305 0.007206182 3.6452568e-07 3.7924816e-05 0.009752967 9.924761e-05 6.5634835e-05 0.00054679194 0.046201665 0.006472184 0.0212475 0.00010895542 3.43199e-05 0.004469543 0.0067402446 0.11757784 0.0024073408 0.0001497183 8.524811e-05 0.064631596 0.004868004 0.04060504 3.9688407e-06 2.083206e-07 8.051545e-06 0.25475842 0.00040778614 1.3351035e-08 0.002382628 5.7112375e-05 3.7421486e-08 0.06350283 0.00055828603 5.6449096e-07 0.0046134256 6.178e-05 0.031360455 1.3500435e-05 0.00011153071
0.96748024 0.0071580345 0.0012323087 0.0030007048 0.5230355 0.40667516 0.0022711302 0.8084593 0.0014440754 0.0044286074 0.00019996232 0.012538539 1.7515573e-05 0.6470815 0.3938287 8.3297724e-05 0.029503332 0.000111466594 2.4345634e-10 1.3080205e-05 0.00069177686 0.0022704015 3.3833849e-06 0.32147828 0.87830687 0.00060600566 0.000140839 0.98246825 0.84916484 4.1226518e-05 0.34577185 0.07783909 0.8356645 0.8620409 3.3647605e-06 1.1776069e-06 0.005546032 0.2692507 7.527346e-05 0.61458474 1.3576884e-05 0.5405518 8.688137e-06 5.5347136e-05 0.026862772 6.531573e-06 0.10506043 0.22941667 6.757242e-06 0.26085278 0.38415098 4.2889036e-07 0.35498282 0.028094767 0.12601769 0.33176473 4.1500158e-07 2.5034328e-07 4.844911e-05 2.6952642e-09 0.00090514246 4.07528e-08 2.8963794e-07 4.7338796e-07 0.033554584 2.048605e-06 6.827208e-07 7.033385e-08 4.6514888e-08 2.1375574e-07 0.32132706 0.44532242 3.0879593e-05 7.1960855e-08 0.0046365513 4.7708004e-06 3.8035846e-06 0.0017100731 8.097184e-08 7.8507085e-08 0.0007147018 0.00040268514 0.27716893 6.408555e-05 3.2975127e-08 0.0020528384 2.2805257e-07 0.10285341 4.844157e-09 0.0009210604 7.2662493e-07 4.384996e-09 0.0018849719 0.000117211355 5.683608e-07 0.00023755513 1.3640924e-06 1.1453164e-08 9.029254e-06 5.4407326e-05 9.817047e-08
0.7047222 0.23175417 0.3372077 0.07199102 0.0009517487 5.291929e-05 0.0056234337 8.652007e-05 0.37650022 0.0014046764 0.62662375 0.00017054948 0.63166237 3.457888e-07 2.1139564e-05 0.98515356 0.00016623114 0.17209342 1.3080205e-05 2.9537078e-11 0.0014282595 0.010355923 0.76534253 0.0010723774 1.3713103e-05 0.10639198 0.14516121 7.5239263e-06 3.0200287e-08 0.98839134 2.9152405e-05 1.0272863e-05 1.5391675e-08 2.80759e-06 0.01901827 0.5187409 0.00044845746 0.0023709002 0.014527217 9.161124e-09 0.27444282 9.409837e-09 0.004521002 0.00038594118 0.020219043 0.0002976411 1.3650648e-06 2.1330266e-07 0.0098080225 9.508798e-09 2.0822823e-07 0.4674819 1.2467294e-08 4.7373025e-05 2.4626338e-08 1.886198e-08 0.39075494 0.041570358 0.0016296754 0.004748011 3.0759743e-06 0.09259116 0.04752297 0.0002707116 7.6902175e-08 0.0065264893 0.00055897055 0.023766145 0.018005613 0.00018016416 1.1604168e-05 0.00015459643 0.0005632026 6.8049456e-05 3.760652e-06 0.00013343603 1.9960858e-05 0.0015458855 0.021662412 0.060995184 6.2977506e-06 0.0012689026 0.00011368361 2.9108678e-05 0.0012935734 9.62406e-09 0.0005117426 0.00024383533 0.0012987113 4.2607735e-09 0.0002404294 0.015073866 2.204801e-09 5.028205e-05 3.297568e-05 9.3599716e-08 0.00018585607 0.013970381 0.00020390446 6.7891284e-05 3.6962276e-06
0.9450091 0.044390302 0.0092122955 0.0011386737 0.057477836 0.000677345 0.90548384 0.00063865 0.2963641 0.8567001 0.563577 2.3246125e-06 0.4318636 2.0720508e-05 0.029630948 0.0024211854 0.8230316 0.8113014 0.00069177686 0.0014282595 1.4536157e-11 4.9416913e-06 0.008702745 0.024222627 5.6692843e-05 5.260458e-06 0.9167962 0.0004456604 1.2713929e-06 0.00023590411 1.2356579e-05 0.0011582464 6.1899927e-06 0.0017921514 0.7318028 0.0020212347 3.4612287e-06 0.043682452 0.6996232 9.906667e-06 3.6015808e-06 5.7620343e-07 1.5954696e-07 0.93051046 0.4781322 0.3058444 2.9903564e-05 4.221526e-06 4.4504918e-07 4.443577e-06 0.00034601908 5.8004935e-06 4.893023e-06 0.5976225 6.0334805e-06 3.219239e-05 4.5523015e-07 0.00076486054 2.649799e-07 0.00071603106 4.0025387e-07 6.2716765e-07 1.6240759e-07 0.029052077 1.6706129e-07 1.895905e-07 0.021701343 7.0143074e-08 7.1985845e-08 0.00014413806 0.12807234 0.011386491 0.26232216 5.5070825e-05 2.0663665e-08 0.05360485 0.122269936 0.25874647 7.817415e-05 4.3630172e-07 1.5517529e-06 0.30228972 0.0060632476 0.53044116 5.6635234e-09 8.374089e-09 5.3891327e-09 0.2526923 1.1241659e-06 8.397733e-08 0.034635365 1.2450539e-08 2.0982185e-08 0.2559363 0.001739419 7.296843e-08 0.019168878 1.2452863e-07 0.020267451 1.0236575e-06 0.0011693764
0.866393 0.43484622 0.6742153 0.91770333 0.034533203 0.5658147 0.00018480972 0.07469885 0.08113334 4.1758376e-05 0.040526293 0.90461713 0.019598609 0.15865582 3.7051585e-05 0.01435289 1.6435304e-05 0.02163472 0.0022704015 0.010355923 4.9416913e-06 1.2797065e-13 0.0012844839 0.28635597 0.034308106 0.8823897 0.014958778 0.00084367226 0.0025978019 0.011033363 0.22634795 1.4013686e-05 0.0018950024 0.00021574326 0.0006699863 0.00034365623 0.79224086 0.16147263 1.5641392e-05 0.00064661616 0.08666954 0.00038806166 0.41026556 1.6831865e-06 0.029598124 1.14342456e-07 0.14804792 0.0019173302 0.06829751 0.0005608351 0.00441482 0.0005259189 3.3675758e-06 3.6713095e-06 0.001453998 0.0038068823 0.00047742168 3.4748537e-05 0.95479023 1.1602562e-07 0.84721047 2.3295636e-06 9.189563e-05 9.2785587e-07 7.211575e-05 0.05383694 7.124591e-06 5.439073e-05 0.0031384726 4.6365923e-07 7.380262e-05 0.02221079 0.0020021363 3.5631058e-06 0.0729808 0.00013894895 2.864737e-08 0.010015337 3.447677e-09 1.0679388e-05 0.5967242 0.008645658 0.01553116 7.1103125e-07 0.0032438582 4.9629558e-05 0.040714145 0.00025703083 2.9589384e-07 0.0001326662 0.0003264555 4.4510904e-07 2.2898685e-05 3.1871773e-06 1.4525544e-05 0.00529411 0.0004552311 1.203259e-06 0.0005486643 0.29061908 1.0061657e-05
0.9769716 0.06686778 0.028458707 0.011782552 0.0002303436 6.9625e-07 0.009810488 1.4418583e-05 0.24417216 0.0027805406 0.8222157 1.9785161e-06 0.94363195 1.2600017e-08 1.3009854e-05 0.79129076 0.00053503754 0.30250564 3.3833849e-06 0.76534253 0.008702745 0.0012844839 4.4822198e-11 0.00046445322 3.3731504e-07 0.005667179 0.32799068 2.865423e-06 1.3546515e-09 0.54001653 2.136075e-06 1.0189381e-05 2.065912e-09 4.83885e-06 0.23778911 0.9837374 4.844777e-05 0.002343836 0.2633675 2.1464435e-09 0.023641193 2.1208095e-09 0.00024337141 0.0024457246 0.073559605 0.02772113 9.147977e-07 1.1549908e-08 0.00057340536 2.7303662e-09 3.8293808e-07 0.5078424 1.2060436e-08 0.00036424768 8.9614955e-09 3.359774e-08 0.18632412 0.41510922 0.00023557678 0.26773238 3.39577e-07 0.06805827 0.009728494 0.0021434287 6.721705e-08 0.00042744752 0.009361995 0.0033373598 0.0014254496 0.00390851 4.7275902e-05 0.00016501053 0.009388488 0.0018644155 3.054509e-06 0.00094055186 0.00041123442 0.032266773 0.0898255 0.013344712 6.205017e-06 0.025485247 0.00010934566 0.00043924383 0.00014297437 9.688689e-09 0.00011596119 0.00087753433 0.011436554 7.4332057e-10 0.0019896422 0.016631093 3.1106198e-09 0.00039963276 0.00088780303 8.4650345e-08 0.0047396193 0.005630227 0.00485521 3.4491604e-05 0.00018355733
0.9935222 0.057683583 0.07568732 0.1584687 0.8505721 0.5951653 0.07688658 0.7479455 0.017636316 0.21124034 0.00941176 0.76375324 0.0028277033 0.57704204 0.9220532 0.0034314436 0.2886688 0.014562976 0.32147828 0.0010723774 0.024222627 0.28635597 0.00046445322 2.9717417e-10 0.18585935 0.0078006443 0.009656169 0.16074704 0.16979875 0.000418648 0.18611349 0.63004357 0.009447164 0.4601356 0.0019526974 0.00013123307 0.12701821 0.90698254 0.0027544252 0.0061489283 0.0001466691 0.03151498 9.9180914e-05 0.004395684 0.13879994 0.0004232536 0.020052396 0.054438904 4.7393405e-05 0.02953802 0.010913778 2.1751403e-05 0.0028237351 0.24590242 0.020855334 0.0030374445 5.860744e-05 4.302394e-05 0.002060206 6.2705067e-06 0.002909132 9.303501e-07 6.4791557e-06 2.3546794e-05 0.00093505875 3.9786544e-05 5.2508194e-06 4.992652e-06 6.7386695e-06 1.1152973e-06 0.68518716 0.37173456 0.0024924355 3.7391894e-07 0.016720405 0.00014091477 0.00021106536 0.017068245 1.2573935e-06 2.3601526e-06 0.0036878288 0.004382022 0.2813403 0.006793089 1.3997352e-05 0.0009877869 5.3361207e-05 0.4917272 6.4519877e-06 0.00053717574 8.35834e-05 1.4017951e-07 0.0011251454 0.010957297 1.7450855e-06 0.0013017263 7.1569004e-05 1.1172391e-06 0.0021402698 0.0004105326 6.259259e-07
0.912952 0.010345223 0.0066627096 0.012366168 0.16697416 0.49304083 0.00020309402 0.7687167 0.0010101077 0.00018665948 9.37183e-05 0.3945379 1.9224273e-05 0.94572943 0.03361306 2.9086674e-05 0.0005327423 8.308241e-05 0.87830687 1.3713103e-05 5.6692843e-05 0.034308106 3.3731504e-07 0.18585935 4.0668343e-18 0.0016297336 5.3141153e-05 0.54856074 0.94376725 1.6009537e-05 0.94530094 0.002989863 0.6678148 0.046736956 8.74171e-08 1.2840943e-07 0.40320662 0.096086934 1.8942416e-08 0.422771 7.31544e-06 0.5585532 1.2543077e-05 7.64727e-07 0.007527136 5.1076506e-07 0.84329826 0.846466 1.8029855e-06 0.40943697 0.11538644 1.9883814e-07 0.43362486 0.0016330272 0.42749694 0.1410138 5.3983206e-07 1.3927948e-07 0.007645277 2.6117817e-09 0.031957455 2.6510916e-08 2.5831183e-08 5.127861e-09 0.18754381 8.985243e-07 2.8304388e-08 1.3218061e-08 6.1110574e-09 6.401393e-08 0.021159958 0.06550028 8.3909135e-06 3.671533e-08 0.12274354 1.3780947e-07 2.4791136e-09 0.001130651 9.3227115e-09 3.81258e-08 0.020716626 0.0004404496 0.03907509 3.1055708e-06 5.6547076e-08 0.0125083765 2.833968e-07 0.012076638 3.2121237e-09 0.011475261 3.960855e-06 2.2865065e-10 0.0061051394 4.584181e-06 6.7678634e-08 0.006939234 1.1188209e-05 1.5241799e-09 3.2805325e-05 0.00035858256 4.709536e-07
0.18951708 0.42204025 0.86330056 0.93410087 0.009962253 0.016319921 0.00069298455 0.0050045485 0.090715565 4.3588087e-05 0.024467451 0.061038468 0.010441979 0.00017211399 4.3311557e-06 0.13136935 1.0018369e-05 0.0056574675 0.00060600566 0.10639198 5.260458e-06 0.8823897 0.005667179 0.0078006443 0.0016297336 7.960816e-15 0.0018185424 0.00026367023 2.5370187e-05 0.30080575 0.0038473967 3.0935166e-06 1.9791078e-05 1.3445328e-05 0.00059588253 0.002265965 0.026799422 0.007080793 6.473162e-05 5.328683e-06 0.9361176 7.338226e-06 0.9930866 1.2399967e-06 0.005699072 2.2412245e-07 0.00034025928 6.6010034e-05 0.55484736 3.3647989e-06 8.3203806e-05 0.0018261684 1.2228294e-07 8.600615e-07 1.6761282e-05 6.9393427e-06 0.008838828 7.028213e-05 0.39845222 3.282009e-07 0.035923656 0.00056534895 0.007639854 4.878309e-06 2.0993314e-06 0.08273113 8.275105e-06 0.0060290834 0.025373386 6.0877676e-07 4.751471e-06 0.00027307638 9.35531e-05 5.3161352e-06 0.0006620914 2.3832858e-05 5.75582e-08 0.0005946354 4.2767336e-08 0.0009546162 0.0027565472 0.00010033423 0.0001533388 9.5351425e-07 0.006530624 8.3236813e-07 0.010955051 1.824993e-05 3.08542e-06 4.3397162e-07 4.9820214e-06 7.5577525e-05 1.3314512e-07 1.7795347e-06 6.817108e-06 6.057285e-06 3.4792476e-05 7.2332645e-05 5.262615e-06 0.0068602273 4.6507898e-07
0.99823874 0.16213928 0.111354515 0.112793684 0.12550983 0.00049552706 0.7139971 0.001490748 0.502983 0.7347988 0.56293756 0.0053806016 0.44323194 2.7170594e-05 0.010727082 0.35041666 0.49393705 0.9018454 0.000140839 0.14516121 0.9167962 0.014958778 0.32799068 0.009656169 5.3141153e-05 0.0018185424 1.527808e-11 3.0899915e-05 2.1002334e-07 0.052699372 0.00015343519 0.002630371 1.1667546e-08 0.0003960451 0.37641832 0.10947044 0.00042198203 0.025618514 0.5140124 1.2781484e-08 0.001716569 8.519702e-08 7.268268e-05 0.22634904 0.6098375 0.18059772 1.0705752e-06 5.5713576e-06 0.000108925706 1.801869e-07 2.4715466e-06 0.009337141 2.5256796e-07 0.37557033 4.264666e-06 3.3240852e-08 0.0029027318 0.041233238 5.623991e-05 0.057995442 4.995307e-07 0.00055006106 0.0001076694 0.010930653 1.4587e-07 3.0581632e-05 0.026829302 4.0605555e-05 1.5882828e-05 0.00083954365 0.049150974 0.0040616365 0.04842231 0.00013115961 5.2978444e-06 0.018937 0.014264071 0.19388232 0.0035720542 8.745901e-05 1.1376586e-05 0.114161074 0.002439954 0.079445586 1.7683742e-06 2.7269586e-08 4.1102444e-06 0.33647844 0.0002627608 9.49535e-09 0.005289089 1.9957335e-05 5.2382823e-09 0.09339445 0.00087359734 7.6988147e-07 0.005743524 5.6410026e-05 0.04153053 3.2821454e-06 8.181431e-05
0.98070663 0.0027395685 0.000787703 0.0013178258 0.48805365 0.13225478 0.0023019572 0.55819696 0.0006662052 0.007504052 0.0001453075 0.009355614 3.5214416e-05 0.17830238 0.65680915 2.0256004e-05 0.042150963 0.00013072032 0.98246825 7.5239263e-06 0.0004456604 0.00084367226 2.865423e-06 0.16074704 0.54856074 0.00026367023 3.0899915e-05 9.855797e-14 0.42682028 5.062857e-06 0.09239536 0.34141842 0.7413045 0.89318377 2.2442393e-06 1.5497563e-06 0.002190324 0.14950573 8.728823e-06 0.8688806 6.0328534e-06 0.32675233 3.919304e-06 2.1024902e-05 0.011531584 1.4638723e-06 0.09999374 0.1386338 4.325288e-07 0.14539517 0.7762845 1.3313122e-06 0.38050824 0.028232204 0.08816312 0.45341265 5.6829197e-07 2.3888538e-07 1.6924025e-05 3.4921248e-09 0.00014344938 1.8827942e-08 2.8112042e-08 2.5137687e-08 0.027405245 2.6138278e-07 2.3065826e-07 1.7544082e-08 1.1463451e-09 3.6632162e-08 0.31348893 0.47511175 3.392108e-06 4.139298e-08 0.0020700847 1.716806e-07 8.8621945e-09 0.0006365619 2.9781795e-08 3.3258228e-08 0.00040819627 8.196206e-05 0.44771954 3.4180102e-05 4.168669e-08 0.00091148546 1.3623628e-07 0.1125966 3.839733e-09 0.00058292 4.6029037e-08 5.4101706e-10 0.0033869685 2.701992e-05 1.2113155e-07 0.00014561892 2.1059284e-08 1.8342886e-08 8.924265e-08 3.2281375e-06 4.0912123e-09
0.9896408 0.00026961067 2.0325347e-06 5.3524047e-05 0.014440795 0.06561981 2.072716e-06 0.26430944 1.3871281e-05 1.38263895e-05 2.795527e-08 0.07860251 3.0851182e-09 0.7334425 0.005525448 3.0216533e-08 3.584241e-05 1.4716957e-06 0.84916484 3.0200287e-08 1.2713929e-06 0.0025978019 1.3546515e-09 0.16979875 0.94376725 2.5370187e-05 2.1002334e-07 0.42682028 6.7313844e-14 7.4806756e-08 0.6943511 0.006022914 0.84513235 0.115559526 5.307434e-09 4.486159e-09 0.14113908 0.09696335 1.0888881e-08 0.6722256 1.4192302e-06 0.81729716 4.2055617e-06 3.0459454e-08 0.0015314174 1.0295336e-08 0.55010664 0.90296394 2.0963323e-06 0.6152141 0.41117802 8.957877e-08 0.3010731 5.9220238e-05 0.5324802 0.33758578 1.3355269e-07 9.670134e-09 0.0008640044 9.877797e-10 0.006449512 2.6134225e-08 1.0290728e-07 1.0384711e-09 0.17384095 3.2764035e-06 1.873397e-09 7.928387e-08 5.739879e-08 3.5645482e-09 0.007101693 0.16897216 1.3972384e-07 6.5390516e-08 0.13999374 1.913327e-08 7.0094366e-09 8.4341e-06 2.4368594e-09 1.9517906e-07 0.011602614 1.1682935e-06 0.10056054 1.3668141e-06 7.023424e-08 0.10553423 8.844371e-07 0.005457469 2.1799133e-08 0.056248203 3.5012486e-09 2.3209694e-09 0.14844309 5.468271e-07 2.021485e-08 0.04114957 5.6680296e-09 2.4845286e-09 3.8511683e-09 4.47385e-05 1.5997568e-09
0.37687442 0.11257975 0.21357515 0.054117538 0.00023763986 0.00020286269 0.0009428703 6.0817205e-05 0.21395703 0.00024925044 0.24996595 0.00026370143 0.2632202 5.889986e-07 7.5346975e-06 0.90254736 3.669008e-05 0.05825188 4.1226518e-05 0.98839134 0.00023590411 0.011033363 0.54001653 0.000418648 1.6009537e-05 0.30080575 0.052699372 5.062857e-06 7.4806756e-08 1.0528591e-12 2.7964512e-05 1.4393969e-06 1.4036961e-07 4.0788433e-07 0.009817011 0.51460564 0.0010532346 0.0007174717 0.002920759 4.641775e-08 0.87645787 2.8612423e-08 0.014469724 0.00011052365 0.0071310047 4.2669628e-05 1.0498684e-06 9.607545e-07 0.033645578 2.3677216e-09 1.0568602e-06 0.77539474 1.6434743e-08 5.3097565e-06 1.35733425e-08 2.6378302e-07 0.8959093 0.07656396 0.0022284423 0.0039428086 1.0246263e-06 0.29479444 0.24095124 0.0001962906 1.17280166e-07 0.021917729 0.00028069664 0.08922033 0.055408347 5.6910823e-05 1.112875e-06 7.7811696e-05 0.0001969403 6.0890623e-05 1.8964649e-06 0.00020234623 2.4496903e-06 0.00045174462 0.045581643 0.16710944 4.4770852e-07 0.0006525916 4.979041e-05 1.8383517e-06 0.00367086 2.427118e-09 0.0010484697 3.2875072e-05 0.0011364373 4.0651213e-10 6.41341e-05 0.04532936 6.5996775e-10 2.6217353e-06 2.1615544e-05 1.0514184e-08 4.1615098e-05 0.034247886 0.00013822956 1.818282e-05 4.36468e-06
0.81727475 0.026086912 0.022670973 0.06311253 0.08044951 0.67447156 5.0020335e-05 0.5493149 0.0013850403 3.960094e-05 0.0005214461 0.5615515 2.6134712e-05 0.91314006 0.0030550936 0.00013979909 1.25275365e-05 0.000107774504 0.34577185 2.9152405e-05 1.2356579e-05 0.22634795 2.136075e-06 0.18611349 0.94530094 0.0038473967 0.00015343519 0.09239536 0.6943511 2.7964512e-05 2.0685761e-14 0.00020738329 0.3984107 0.010153786 1.3348414e-06 6.1912357e-07 0.81683713 0.10519537 9.713691e-08 0.22361946 0.00014815264 0.2876588 0.0003326445 2.3472604e-07 0.0063087074 6.9160926e-08 0.98084193 0.6894503 7.8104764e-05 0.2130639 0.052357666 1.2337249e-06 0.06273829 7.4737705e-05 0.18791385 0.05475367 4.521627e-06 7.0342836e-08 0.016090011 1.4390708e-09 0.09269619 4.2213163e-08 1.1043588e-06 3.06173e-08 0.08195509 7.0765122e-06 7.2965925e-08 2.3291248e-07 2.967818e-07 7.107638e-08 0.005452436 0.05030999 3.7757978e-05 2.9986634e-07 0.3403045 2.1400206e-06 1.0049999e-08 0.0007073928 9.432402e-10 2.647783e-07 0.092771575 0.00080934167 0.045032516 3.2929228e-07 1.1679091e-06 0.024680253 1.9555514e-06 0.0041081402 3.5840801e-09 0.050457712 2.9703876e-06 3.8882397e-10 0.010122055 2.2538944e-07 2.2570799e-07 0.11044342 5.3452117e-05 5.911705e-10 9.288303e-06 0.0033229208 3.0355927e-06
