1.4907977e-22 0.49981138 0.7139238 0.6937944 0.9032359 0.12208853 0.1361598 0.93939316 0.21057849 0.7116344 0.3033474 0.6381696 0.046095576 0.5776591 0.9330413 0.5386387 0.15243271 0.94549537 0.6467229 0.9392516 0.88316315 0.0063633644 0.6059414 0.964842 0.38446844 0.94239753 0.52285564 0.98789567 0.003679285 0.8567559 0.8928126 0.9200373 0.11336962 0.376163 0.92576486 0.9338115 0.9484596 0.9313112 0.13547353 0.9807413 0.12857157 0.9673817 0.9437868 0.004129062 0.07150698 0.5713252 0.011912066 0.98564684 0.9877229 0.100642905 0.8291982 0.9291681 0.9963317 0.9820902 0.93478125 0.97384834 0.99813753 0.9417133 0.9634842 0.8819142 0.9891315 5.661596e-05 0.008407491 0.9332359 0.0003762051 9.939206e-09 0.5921409 0.95795095 0.9495419 0.13821986 0.9686552 1.3600604e-06 0.0602733 0.49025387 0.99747807 3.4959191e-06 0.9605432 0.9954344 0.9944005 9.098263e-05 5.3750665e-10 0.99984837 0.007791388 0.9987168 2.1112683e-09 0.99903274 0.486343 0.9754642 0.8883822 0.9998213 0.9999075 0.0003727618 0.009893346 0.93019485 1.8625447e-09 0.9966569 0.0071806004 0.93470246 0.999101 0.99986434 0.72827524
0.49981138 2.2507929e-16 0.80311203 0.54268056 0.93343014 0.97781783 0.5834751 0.24498896 0.499888 0.042904433 0.4082425 0.5196952 0.0027622706 0.006108393 0.22585627 0.035275962 0.04234667 0.07644803 0.005139516 0.30615553 0.13369061 0.25848627 0.092453174 0.0030789871 0.0036922593 0.0014194109 0.00046946804 0.0001265252 0.15220451 0.02211707 0.0032350505 0.000977793 0.0001533293 3.6470825e-05 0.006596004 0.006073827 0.020587998 0.028795158 2.4258478e-07 0.00014828212 0.0001177762 0.0038125662 0.036377594 0.0013578084 4.474351e-08 1.0893186e-05 0.0034409424 0.008109108 0.012852506 1.888314e-05 0.0008773712 0.00695741 0.00078262354 0.015710872 1.6378098e-07 6.8021815e-05 0.0023025302 0.0025174997 0.00564368 1.1826631e-07 0.017670298 7.262309e-05 4.283338e-08 0.0001951719 4.5412875e-05 0.0009652786 1.5199402e-07 0.0003327857 3.052893e-06 1.4294825e-05 0.0002658959 0.00063194404 4.926781e-05 4.3550935e-07 0.0038100672 3.0610165e-05 0.0005964997 0.00034982004 0.003323114 4.3308315e-05 0.00020422108 0.003412649 2.327918e-06 0.0030467473 0.00010638236 0.00037285197 4.74811e-08 1.9215959e-06 1.8360889e-07 0.0057845893 0.0013754688 2.3284862e-08 1.6308319e-05 0.00047936267 1.9724583e-05 0.000347197 1.0248941e-06 0.000729525 1.3783214e-06 0.0003501947 3.594793e-06
0.7139238 0.80311203 5.608398e-17 0.9748822 0.66005987 0.79468143 0.035301123 0.6185166 0.87561095 0.53986704 0.008480073 0.041672207 0.00030474854 0.04430181 0.014938697 0.00043689655 0.37610427 0.002906374 6.401488e-05 0.09564734 0.35297084 0.043568943 0.022404822 0.00837348 0.061641052 0.005045623 2.7562785e-06 0.0017869377 0.3237888 0.0008042708 0.009719917 1.5376088e-05 0.0026318438 5.3935497e-07 0.0005634626 0.035127085 0.003922625 0.067342065 2.4007208e-05 0.0012654379 0.00066782534 0.022069488 0.021569328 0.025309175 2.624064e-06 2.0861235e-06 7.865019e-05 0.042988807 0.022794263 0.00049085496 0.00021327166 0.0018974645 0.005442659 0.0068235896 3.8763224e-06 0.0012956014 0.016135711 0.00021747062 0.00040386122 7.673321e-07 0.0076627224 4.902965e-07 1.466825e-08 3.457641e-05 0.00010103018 0.00023006613 3.6649795e-05 6.663774e-05 0.00022849155 4.2582184e-07 0.0013419344 1.7096858e-05 9.829934e-07 1.8925948e-06 0.0029557461 0.00023253597 0.00014476929 0.0019075124 0.0011031168 9.315825e-05 7.26404e-05 0.008804017 3.402398e-06 0.0034154444 0.00022076069 6.468188e-05 1.1235566e-07 3.4926766e-06 7.5167545e-06 0.0054927925 0.0042783394 8.003535e-08 2.1974018e-05 0.00011830676 1.5068654e-05 4.033035e-05 9.930044e-07 3.410557e-05 4.7659573e-06 0.0009990586 6.025962e-07
0.6937944 0.54268056 0.9748822 6.9595536e-18 0.6812142 0.2920685 0.040888425 0.96052456 0.46447685 0.62438434 0.013559546 0.062491357 0.0026879362 0.11206945 0.029590348 0.0009858563 0.1230509 0.0055162525 0.0001513855 0.07399815 0.42494506 0.0060721356 0.07801429 0.008736885 0.019733654 0.0033510644 4.7067724e-06 0.0014869804 0.0873425 0.0049236794 0.021939496 1.1570839e-05 0.0012956298 7.190649e-07 0.0016714043 0.024780355 0.009021406 0.069475874 7.622776e-05 0.0025033616 0.00067770324 0.01970387 0.024947636 0.0077815517 3.2882912e-05 2.104746e-06 0.00023790335 0.025943404 0.020064969 0.00029037351 0.00063925266 0.0023036613 0.0032998866 0.0073287887 2.5688869e-06 0.0009664941 0.013579333 0.00031549615 0.00019243947 8.987005e-06 0.008763402 6.264861e-07 9.8642886e-08 4.4890523e-05 7.8756995e-05 7.8818084e-05 0.0002280727 7.502378e-05 0.00021506843 3.208672e-06 0.002323182 2.1292566e-05 1.8347062e-05 1.6063484e-06 0.0034084583 5.640825e-05 0.00013255392 0.0016805547 0.0016880464 0.000114094706 6.2743834e-06 0.0097637065 8.5017e-06 0.0041547725 1.7911081e-05 1.456301e-05 2.6015996e-07 1.1277659e-05 0.00014990002 0.002240183 0.0027199036 6.921939e-08 4.1952007e-05 0.0001467161 1.0782894e-05 3.6179932e-05 8.030046e-07 4.5938854e-05 3.6604051e-06 0.0006450124 1.0937737e-06
0.9032359 0.93343014 0.66005987 0.6812142 8.815375e-17 0.6096543 0.68008405 0.9019144 0.24580693 0.050262097 0.5385839 0.8844362 0.5260607 0.008580258 0.80543983 0.12622888 0.053153202 0.48356614 0.024190096 0.65286857 0.31869134 0.069094025 0.37404191 0.002465527 0.0061169914 0.0003691249 0.0006735843 9.334304e-05 0.06445195 0.04429889 0.008830416 0.0013264976 0.00040358148 7.543552e-05 0.01801506 0.016404683 0.069839045 0.15757062 2.3209973e-06 9.907616e-05 0.00018813601 0.026396398 0.24774274 0.0021083825 9.885663e-07 0.000102862294 0.0017656477 0.03109909 0.060875226 5.6555516e-05 0.0019493968 0.030631846 0.002073139 0.06339374 7.2988234e-07 0.00018787908 0.021616582 0.0150820045 0.030548677 3.3511185e-06 0.06377528 8.619802e-06 5.3717184e-07 0.000817013 0.00010103739 0.00019195136 7.944637e-06 0.00068450824 1.9786812e-05 4.9535156e-06 0.0011642533 4.078871e-05 1.0693278e-05 8.908045e-07 0.021674134 5.9274822e-05 0.002055289 0.0014063263 0.008118557 0.00010504554 9.707312e-06 0.017672885 1.8734689e-05 0.022867817 1.0493215e-05 0.0024557442 3.4822583e-07 1.1422758e-05 8.099794e-06 0.017886119 0.01024519 1.9884032e-08 5.3285683e-05 9.30596e-05 3.111733e-05 0.00043802446 4.4422804e-06 0.00054479763 2.3103012e-05 0.0004405435 4.7658664e-06
0.12208853 0.97781783 0.79468143 0.2920685 0.6096543 1.0437102e-15 0.31996986 0.19192533 0.7891868 0.044333506 0.26938015 0.22628509 0.00034115932 0.0055392897 0.08043786 0.022231674 0.17373957 0.017053014 0.0012422681 0.19467953 0.07871991 0.9018526 0.018964807 0.0020146386 0.010980762 0.0021113907 0.00021897776 7.902831e-05 0.79363775 0.002658589 0.00086117414 9.146668e-05 0.0004238096 4.2505908e-05 0.0009541921 0.0042998944 0.002438072 0.012874409 3.103056e-07 0.00019109598 0.00025873567 0.0021919224 0.011009675 0.011970156 3.431278e-08 2.8278946e-06 0.0031699731 0.004948251 0.0059443717 8.7824e-05 0.00019860856 0.0015127199 0.00033227386 0.0053715114 2.6610505e-07 3.5877874e-05 0.0010709205 0.00020663567 0.00040729062 3.1204564e-08 0.003294084 7.102973e-05 1.2820894e-08 1.7653874e-05 4.978153e-05 0.027818568 2.5459146e-08 1.4188763e-05 5.5939477e-06 1.6376496e-06 4.3763233e-05 0.010463895 1.5932392e-05 6.119248e-08 0.000583657 0.00020915079 4.2098534e-05 9.069597e-05 0.00038721476 5.2735002e-05 0.003983096 0.0004771165 2.321606e-06 0.00032710997 0.001712544 1.5284275e-05 5.3516325e-09 1.0934967e-07 3.423623e-08 0.00087690185 0.0011814408 1.5029515e-07 5.3145436e-06 2.1174044e-05 0.00013407881 1.1932912e-05 1.7012875e-06 3.7883245e-05 2.6066508e-07 8.420233e-05 2.0635168e-06
0.1361598 0.5834751 0.035301123 0.040888425 0.68008405 0.31996986 1.2108485e-17 0.075284384 0.019717429 0.0086071035 0.9959274 0.7342308 0.27437615 0.0032487125 0.4666247 0.4538025 0.004027433 0.33978218 0.1856934 0.06052718 0.049327724 0.23381327 0.09101604 0.0027075473 0.0016408899 0.00037128184 0.056173794 0.00013727856 0.005815269 0.20508586 0.0015468667 0.16738926 6.489944e-05 0.02397703 0.077856794 0.001657828 0.10411256 0.015340937 1.4064068e-07 0.00037947227 6.821234e-05 0.0023488058 0.102370605 0.00064315373 3.7892292e-08 0.004812632 0.04386697 0.0051296228 0.007609285 5.5812307e-05 0.022359777 0.023520244 0.0017281662 0.029988099 5.180653e-07 6.173377e-05 0.0022039048 0.01997923 0.028145412 3.6403947e-06 0.013476441 0.0020974784 3.951581e-06 0.014081053 0.00014137808 0.0003948876 4.12874e-08 0.012668005 3.2335204e-06 0.0006087814 0.00024295883 0.0036056158 0.0028915927 5.0161757e-06 0.005285261 0.0002181927 0.009702657 0.0002825202 0.015980052 0.00019386907 9.291531e-05 0.0010483612 9.798046e-07 0.0061316076 4.009932e-05 0.007618939 3.441511e-07 1.0903039e-05 2.5488967e-07 0.014017191 0.0016985945 8.107228e-08 2.8926257e-05 0.0032454147 0.00010369031 0.005303072 2.514685e-06 0.007465048 1.3651403e-06 0.00026191492 0.00025350993
0.93939316 0.24498896 0.6185166 0.96052456 0.9019144 0.19192533 0.075284384 2.341803e-16 0.19818342 0.53772247 0.0133323595 0.14974111 0.014504326 0.15275912 0.1445615 0.0019876158 0.06764775 0.010171804 0.00016275064 0.28806737 0.8536923 0.0037480386 0.29588437 0.029219743 0.023274738 0.006420806 4.0552786e-06 0.0032594067 0.040549416 0.005883037 0.10628277 1.3749048e-05 0.0023023547 1.0645612e-06 0.0021518383 0.12505728 0.037972227 0.49081826 0.00026827081 0.003918395 0.001095407 0.15231971 0.2155349 0.007168288 0.00030613132 2.8493619e-06 0.00014749261 0.1876483 0.14615104 0.0002725186 0.0003147172 0.008909349 0.024054706 0.036508437 3.7550506e-06 0.0018483935 0.16694078 0.0008007506 0.0008614227 0.000648488 0.07511392 1.4262811e-07 1.972425e-06 1.8195104e-05 0.0001614042 5.0485734e-05 0.0015897523 3.5403795e-05 0.00036799026 1.7263509e-06 0.00735609 1.0052296e-05 1.3242994e-06 2.5557817e-06 0.024884705 0.00024912733 0.00017557573 0.0058386805 0.0057843663 0.0002407545 8.702176e-06 0.0512101 1.2430472e-05 0.027276622 1.926329e-05 4.828398e-05 4.5435488e-07 0.00018120579 0.0028058635 0.0065998044 0.020650813 7.0512726e-07 5.5644578e-05 2.2539072e-05 2.9221546e-05 2.6854175e-05 1.4165232e-06 5.404909e-05 6.986439e-05 0.003403125 6.576447e-07
0.21057849 0.499888 0.87561095 0.46447685 0.24580693 0.7891868 0.019717429 0.19818342 1.005292e-18 0.44918287 0.0044875713 0.019595673 4.3878094e-06 0.098082095 0.00650677 0.00063646416 0.9741908 0.0005653859 1.8222765e-05 0.038412202 0.29498222 0.21776645 0.006829456 0.029855037 0.44487628 0.036149424 6.775878e-06 0.0032266371 0.8319768 0.0002938367 0.0065906434 2.2451256e-06 0.012948435 8.4714105e-07 5.737896e-05 0.0472731 0.000335833 0.016606081 7.0272945e-05 0.0010732786 0.004756146 0.013489344 0.0024204557 0.310142 3.3019999e-06 3.7040098e-07 1.0796158e-05 0.021321401 0.009048823 0.00030590658 7.558386e-05 0.0002803863 0.0018842648 0.0007000438 1.0965173e-06 0.00036242127 0.0029478383 3.5166726e-05 1.3189599e-05 6.495718e-08 0.0008470664 9.059162e-07 8.487644e-10 1.9622114e-06 0.0004505814 0.0006737488 1.7282978e-06 1.3995476e-06 2.390709e-05 2.5843318e-07 0.00039825452 3.532838e-05 9.1190407e-07 2.1523489e-07 0.000297607 0.0019826773 5.0774397e-06 0.00044900822 0.0001272691 3.5734287e-05 0.0003306595 0.00094697776 2.0039163e-06 0.00034489122 0.0008944398 9.5020357e-07 1.2937676e-08 8.425666e-08 1.9786302e-07 0.00069916714 0.0011551374 6.3505263e-07 2.9873418e-06 1.1211196e-05 0.00013232125 2.164594e-06 8.7012745e-07 6.319317e-05 1.1278245e-06 0.00025668423 2.2029672e-06
0.7116344 0.042904433 0.53986704 0.62438434 0.050262097 0.044333506 0.0086071035 0.53772247 0.44918287 1.2435887e-17 0.001575756 0.0066596954 1.6483176e-05 0.9876368 0.005759606 0.000100735575 0.30609754 0.00049007335 2.8108921e-05 0.008554714 0.45522708 0.0006254806 0.010621064 0.37319523 0.3874952 0.10173262 2.108555e-06 0.06074964 0.01991706 0.00048780348 0.1050127 5.077217e-06 0.05344371 6.188078e-07 0.00028541216 0.09791392 0.0010183257 0.024675097 0.004704606 0.044248365 0.014153937 0.046379663 0.005227205 0.03305746 0.009884919 3.6875417e-06 0.00022312983 0.062277667 0.011288986 0.003302753 0.00036588853 0.0011135901 0.027053753 0.0026012773 0.00076267536 0.005844831 0.03442907 0.00016233721 8.7440065e-05 4.5508776e-05 0.0023555546 2.3236095e-07 6.837666e-09 1.8615043e-05 0.0010387555 3.8018366e-06 0.0044799494 4.6022786e-05 0.0017706981 2.4184422e-07 0.016623639 6.0344696e-06 8.628154e-07 7.76016e-05 0.0023588443 0.000354491 7.859343e-05 0.013159532 0.00054492964 0.0002545461 5.720845e-06 0.0075783296 1.8335411e-05 0.0033376256 1.4243428e-05 8.591192e-06 9.215738e-06 5.425698e-06 0.00070160243 0.001183106 0.0033382482 3.1325173e-06 3.5349713e-05 6.153839e-05 1.835177e-05 2.9295377e-05 4.9132514e-06 0.00016036745 0.00062183285 0.00561249 1.0889069e-06
0.3033474 0.4082425 0.008480073 0.013559546 0.5385839 0.26938015 0.9959274 0.0133323595 0.0044875713 0.001575756 2.070154e-15 0.62385607 0.10210758 0.0013586729 0.5125196 0.5162226 0.0016297195 0.4114756 0.30731362 0.09110667 0.007111249 0.43991715 0.12041024 0.0004768124 0.0038758197 0.00046096407 0.106089935 1.3407389e-05 0.014732791 0.23332319 0.00019995144 0.16249597 0.00022117078 0.040127967 0.17849523 0.00035033096 0.14665966 0.0061248513 5.8901463e-08 0.00020972203 0.00014137567 0.00026002072 0.12847178 0.0002654748 7.470036e-09 0.013013545 0.25931033 0.0014747558 0.0036514988 0.00014388782 0.074419625 0.086863525 0.00033854652 0.07179721 1.3944377e-07 5.004288e-06 0.0012588423 0.069480665 0.10934994 1.4550965e-06 0.020076409 0.025518129 1.4066958e-06 0.023432098 0.0002971898 0.0027915349 2.7895403e-08 0.037743777 1.9273526e-07 0.0007320203 2.4470342e-05 0.053096805 0.00949378 5.043621e-07 0.0077804094 0.0002016333 0.023077028 9.086964e-05 0.039716605 0.00045693474 0.00078715215 0.0009063065 9.465032e-08 0.0084175635 0.00016611071 0.024469031 1.2271782e-08 9.860989e-06 1.0321038e-07 0.027897473 0.0019718462 1.07660306e-07 8.345918e-06 0.004013595 0.00014299537 0.007070944 7.137345e-07 0.013385314 8.6805295e-07 0.0001476046 0.00025827883
0.6381696 0.5196952 0.041672207 0.062491357 0.8844362 0.22628509 0.7342308 0.14974111 0.019595673 0.0066596954 0.62385607 1.4165158e-18 0.91674864 0.001432575 0.90875185 0.7564482 0.008634253 0.66909176 0.60573244 0.18037759 0.06872107 0.031923294 0.2767194 0.00071028987 0.0008857037 0.000101729 0.14438243 2.337933e-05 0.005874905 0.36129856 0.00093854795 0.39624515 1.16870415e-05 0.06492555 0.14170739 0.002138086 0.20576921 0.054945648 4.1569418e-08 3.6985708e-05 5.3427706e-05 0.0056868237 0.24564134 0.00026488633 7.8479205e-09 0.015329558 0.018937686 0.0067004194 0.02513466 0.00017626866 0.055210404 0.101920135 0.00028477132 0.10277251 2.1125997e-07 4.077074e-05 0.005168987 0.09108455 0.13161503 1.8475941e-05 0.0574172 0.0019579076 1.0911486e-05 0.033341866 0.00014849595 9.188257e-05 7.386123e-08 0.026197331 1.389757e-06 0.0006269177 0.0001340742 0.000600723 0.00078835344 4.2069956e-07 0.019437542 0.00021758386 0.016716545 0.0002485118 0.050890263 0.00022527417 0.00054204784 0.0025735646 1.7697397e-07 0.02391444 0.000115469564 0.031589027 6.9816465e-08 2.8778746e-05 7.3872894e-07 0.033547513 0.0032288677 5.7768926e-08 5.9480626e-06 0.0064756377 0.00041083264 0.013623039 1.6765255e-06 0.006933006 1.3068927e-06 5.9994298e-05 0.00027059286
0.046095576 0.0027622706 0.00030474854 0.0026879362 0.5260607 0.00034115932 0.27437615 0.014504326 4.3878094e-06 1.6483176e-05 0.10210758 0.91674864 1.4110214e-24 1.4334114e-05 0.83529466 0.87863725 9.006614e-07 0.7157206 0.7387655 0.18518454 0.00033579185 2.614733e-05 0.4094868 7.647285e-05 8.774049e-08 4.1107187e-06 0.3392534 3.421252e-05 1.533314e-05 0.41790837 7.631141e-05 0.50200534 5.749047e-09 0.06738437 0.3181575 0.0002038749 0.25285625 0.007104281 9.840001e-10 2.4812732e-07 1.857359e-08 0.00051712897 0.20031877 7.9751885e-07 7.4299773e-13 0.015456245 0.0004284928 0.0010267354 0.004646001 2.140001e-09 0.0333769 0.060356822 0.0010355582 0.08805977 1.1396028e-08 8.451137e-06 0.0025747747 0.060480833 0.096497744 3.87457e-08 0.023757845 2.7840111e-05 6.734733e-11 0.013973092 6.2729114e-08 1.5962443e-05 5.922763e-11 0.014397932 1.153338e-07 0.0005068976 0.00019182307 0.00025149417 0.0014618223 3.640035e-09 0.009696071 1.1917565e-06 0.010871001 0.00013124394 0.032872446 2.5553964e-08 1.7616125e-06 0.004079507 3.0266123e-09 0.008010374 1.3887038e-06 0.009832564 3.3406982e-09 1.15278e-06 6.6528344e-10 0.021288833 0.005338055 2.276882e-12 2.2437426e-08 0.0020549598 5.0264356e-07 0.0030866726 3.5635692e-09 0.0014562065 1.6471037e-06 9.537553e-05 4.2775606e-05
0.5776591 0.006108393 0.04430181 0.11206945 0.008580258 0.0055392897 0.0032487125 0.15275912 0.098082095 0.9876368 0.0013586729 0.001432575 1.4334114e-05 3.2653276e-17 0.001360629 4.9125887e-05 0.20407757 9.2272196e-05 2.4568928e-05 0.0033507 0.41765702 0.00011862003 0.0075078933 0.85820425 0.4215555 0.39715803 7.5443104e-06 0.260065 0.0019785578 0.00021975936 0.3514 1.2778872e-05 0.1396564 2.0246687e-06 6.8519366e-05 0.08453258 0.00024433626 0.017481638 0.077734455 0.1851862 0.04800763 0.030176815 0.0013910673 0.024038952 0.12568709 9.296358e-06 0.00023216105 0.023587562 0.006111096 0.015104719 9.9220364e-05 0.00023047566 0.03441013 0.0005416863 0.0049543995 0.023465568 0.013466336 2.0034415e-05 9.354468e-06 0.0001229961 0.00044024992 6.463445e-07 1.1027769e-08 4.5059705e-06 0.0018925951 2.2096185e-06 0.072116956 7.718507e-06 0.007175312 2.9483147e-06 0.03351814 9.399662e-06 3.4349619e-06 0.00046595078 0.0006862612 0.0002506387 1.7535327e-05 0.020501189 8.143599e-05 0.0006614912 1.8547704e-05 0.0036526101 0.00011500393 0.001340294 7.3274005e-06 3.0837198e-06 0.00018912363 1.5588392e-05 0.0101159075 0.0002098729 0.0011954862 0.000105381376 0.00019818361 2.098672e-05 1.0530025e-05 1.084386e-05 1.4943151e-05 5.7860598e-05 0.0019767405 0.010012729 2.7746978e-06
0.9330413 0.22585627 0.014938697 0.029590348 0.80543983 0.08043786 0.4666247 0.1445615 0.00650677 0.005759606 0.5125196 0.90875185 0.83529466 0.001360629 1.1192887e-16 0.62767506 0.0014075561 0.9225477 0.57200366 0.31178528 0.051980756 0.008575562 0.5093649 0.00016162229 0.0004739501 7.251555e-05 0.066549286 5.175821e-06 0.0007564306 0.6111008 0.0009929402 0.28237593 2.9744373e-05 0.024152884 0.23040769 0.0020278767 0.48961368 0.11785 7.250132e-08 3.18306e-05 6.39815e-05 0.007209241 0.47177923 1.7334603e-05 2.6883397e-08 0.007973387 0.0056846845 0.010563499 0.061240874 5.6812405e-05 0.04013167 0.2074863 0.00051196717 0.24259521 1.622274e-07 1.4161186e-05 0.018299175 0.15955925 0.24650231 0.0005158277 0.1562759 7.746754e-05 7.746274e-05 0.036005028 6.759056e-05 5.970207e-05 2.7377243e-07 0.026378073 1.2037307e-06 0.00042100906 0.0002312264 6.8900335e-05 0.00011619123 4.7361053e-07 0.07054044 5.642407e-05 0.036179822 0.00060786016 0.12128418 7.054643e-05 0.00036036008 0.017641254 5.566681e-07 0.09019677 0.00017056949 0.08430961 1.324593e-07 0.00024073386 2.0619807e-06 0.17047437 0.016546194 5.0460145e-08 1.0215321e-05 0.0013730193 0.00014601831 0.009628683 1.382699e-06 0.004511292 3.1129307e-06 0.00011211468 4.081587e-05
0.5386387 0.035275962 0.00043689655 0.0009858563 0.12622888 0.022231674 0.4538025 0.0019876158 0.00063646416 0.000100735575 0.5162226 0.7564482 0.87863725 4.9125887e-05 0.62767506 4.0709785e-18 0.00028446 0.64493436 0.94836456 0.0111252805 0.000899706 0.009123304 0.075297676 3.7995496e-06 2.986241e-05 2.5320332e-06 0.51409036 3.568497e-07 0.00024137822 0.43377662 4.6413617e-05 0.6381118 1.3410092e-06 0.26777375 0.2899875 0.0001369578 0.16751802 0.0022677875 1.5683899e-09 6.625644e-07 1.5143805e-06 0.00042971948 0.09109084 2.1781629e-05 9.2071556e-10 0.17102572 0.042728383 0.00065299665 0.002059533 2.399648e-06 0.24912867 0.13981092 0.0001270221 0.068320915 2.3334068e-09 3.755371e-07 0.0006709809 0.1776404 0.2225209 1.0373902e-05 0.016386693 0.0035410873 0.00092405884 0.11550786 1.378217e-05 8.27587e-06 7.4114084e-09 0.15043107 2.9503566e-08 0.005781664 3.4128523e-06 0.00029278971 0.006504543 1.2094113e-08 0.005733539 3.784551e-05 0.073753186 2.31431e-05 0.055821266 1.1166678e-05 3.1218093e-05 0.0011196152 7.3219053e-09 0.01899862 4.0477908e-06 0.08181525 1.1384009e-09 5.020672e-05 2.1775032e-08 0.03662336 0.001518923 3.0709812e-09 1.1884729e-06 0.032315522 5.5863165e-05 0.044146102 7.041036e-08 0.019456334 7.489798e-08 1.4291431e-05 0.0016818824
0.15243271 0.04234667 0.37610427 0.1230509 0.053153202 0.17373957 0.004027433 0.06764775 0.9741908 0.30609754 0.0016297195 0.008634253 9.006614e-07 0.20407757 0.0014075561 0.00028446 1.9662484e-17 0.00014236536 1.8320137e-05 0.011819332 0.29825014 0.02712243 0.0025747574 0.13358988 0.8152692 0.22951402 2.7011522e-05 0.036137845 0.82728404 0.0002576844 0.029474262 5.8481332e-06 0.24783161 7.027887e-06 3.4271496e-05 0.08440086 0.00021571341 0.0057021873 0.03860229 0.01773758 0.15675415 0.014856176 0.00082915596 0.8551748 5.1612435e-05 3.6386297e-07 8.044591e-06 0.014159487 0.004360495 0.017625228 0.0001033651 0.00017012551 0.0032794178 0.000223546 0.00014005664 0.0029752287 0.0019941223 3.7510476e-05 1.4235103e-05 1.1093405e-07 0.00022037134 2.0577627e-06 8.7551333e-10 2.2177398e-06 0.029532658 0.00021846296 1.2149239e-05 1.4721842e-06 0.00067905895 4.4330181e-07 0.00275833 7.844285e-05 6.008774e-07 1.0397724e-05 0.00033200273 0.04555334 1.7620201e-05 0.002126717 3.1234624e-05 0.0014602806 0.00030804513 0.0013023186 1.8400857e-05 0.00046877458 0.0016195774 1.01387e-06 7.2709156e-07 2.234148e-07 1.037366e-06 0.000617067 0.0015594526 3.3230095e-05 7.5549806e-06 1.1384879e-05 0.00087697257 1.7444947e-06 7.4365325e-06 0.00013913936 7.567012e-05 0.0015150602 1.1203253e-05
0.94549537 0.07644803 0.002906374 0.0055162525 0.48356614 0.017053014 0.33978218 0.010171804 0.0005653859 0.00049007335 0.4114756 0.66909176 0.7157206 9.2272196e-05 0.9225477 0.64493436 0.00014236536 2.8750768e-16 0.8053286 0.09815047 0.0014812086 0.0020323603 0.2958785 2.0244543e-06 3.867259e-05 5.0199515e-06 0.21463138 1.6456272e-07 8.29108e-05 0.7823435 7.8562785e-05 0.5989707 6.188812e-06 0.11147444 0.5477676 0.00013798103 0.51348644 0.023672413 1.2773613e-08 3.6508804e-06 6.3606944e-06 0.000613658 0.35845974 8.823738e-07 8.559391e-09 0.06680176 0.024454655 0.0020627712 0.020402683 2.2817928e-06 0.3082979 0.2810098 0.00014523377 0.23734269 2.6180524e-08 8.4638043e-07 0.002742346 0.29687744 0.3763831 0.0005248204 0.08954993 0.0004079437 0.00097825 0.13630408 1.2112329e-06 7.3869624e-06 6.054351e-08 0.12962492 5.8231237e-08 0.003848705 2.7228645e-05 0.000109937486 0.0031122675 4.561129e-08 0.050482724 2.2093349e-05 0.07822056 0.00025514106 0.14557815 4.633306e-06 0.0002582929 0.011336969 8.911439e-08 0.11601757 8.4866624e-05 0.10163814 1.6274813e-08 0.00032288703 2.19124e-06 0.13568375 0.008738857 7.2798927e-09 3.623402e-06 0.027417764 4.9834158e-05 0.026963523 3.1579876e-07 0.014840465 1.0700516e-06 5.283271e-05 0.0014160099
0.6467229 0.005139516 6.401488e-05 0.0001513855 0.024190096 0.0012422681 0.1856934 0.00016275064 1.8222765e-05 2.8108921e-05 0.30731362 0.60573244 0.7387655 2.4568928e-05 0.57200366 0.94836456 1.8320137e-05 0.8053286 1.9849911e-17 0.0040111504 8.555867e-05 0.0012569554 0.06285325 5.481533e-07 9.039774e-06 5.892517e-06 0.6362953 2.1882993e-08 9.914342e-06 0.56921375 8.0030395e-06 0.9091184 1.8138214e-06 0.3601581 0.2977768 8.716986e-06 0.1311562 0.0012617342 1.823569e-08 1.3962361e-06 1.1364946e-06 3.390234e-05 0.040011786 2.959641e-07 3.9609773e-09 0.3623317 0.016368449 3.6919493e-05 0.00057118206 1.5258985e-06 0.30540073 0.07006818 1.4882706e-05 0.037766434 4.7342628e-09 1.1825018e-07 6.697917e-05 0.10410916 0.15522003 2.785291e-05 0.007116185 0.0006913416 0.00766996 0.102285065 3.726122e-07 6.18986e-07 6.308005e-08 0.17973658 2.9572133e-08 0.010354896 3.126657e-07 0.00011701311 0.008227434 2.1215994e-08 0.0028911957 4.082072e-06 0.0503373 1.6652277e-06 0.026549557 3.9268372e-07 1.8522498e-05 0.0006954232 3.224531e-08 0.009411877 9.847479e-07 0.059913088 9.3118535e-09 5.6148114e-05 7.191091e-08 0.026048107 0.0005995318 4.722331e-09 5.344577e-06 0.08042938 1.504608e-05 0.04811964 3.2965679e-07 0.019148992 1.37747636e-08 4.4370386e-06 0.002075771
0.9392516 0.30615553 0.09564734 0.07399815 0.65286857 0.19467953 0.06052718 0.28806737 0.038412202 0.008554714 0.09110667 0.18037759 0.18518454 0.0033507 0.31178528 0.0111252805 0.011819332 0.09815047 0.0040111504 2.616495e-19 0.15087788 0.005011777 0.9932349 0.0015947616 0.0028243775 0.00035361122 0.00011405575 7.287688e-05 0.0049045 0.07873132 0.0088062575 0.00053827185 0.000516898 2.9443208e-05 0.02081397 0.024557963 0.21204834 0.4923572 1.671071e-06 0.00036504873 0.00016755666 0.05916461 0.44975713 0.00052477885 8.0388645e-07 5.684465e-05 7.8288664e-05 0.0535225 0.21632199 4.5908026e-05 0.001381348 0.042324398 0.00952214 0.13674562 1.7420823e-06 0.00021411473 0.10609513 0.013170173 0.019457364 0.015866594 0.17321666 1.8278383e-06 1.8198424e-06 0.00018082566 2.2104961e-05 3.0047984e-05 4.8449845e-05 6.216956e-05 2.119055e-05 3.2551443e-06 0.0053768135 8.372944e-06 4.3600764e-07 6.677072e-06 0.15021728 8.883941e-05 0.005991805 0.0037093803 0.030910265 0.000103021244 3.0968746e-05 0.12695518 5.6157427e-07 0.14484288 8.6181295e-05 0.0045717647 1.3588452e-07 0.0019883597 0.0010415463 0.07489204 0.08497256 6.0793544e-09 2.639131e-05 3.4601086e-05 0.00013194939 9.936467e-05 1.5800906e-06 2.3737699e-05 7.788289e-05 0.0016889401 4.8025606e-07
0.88316315 0.13369061 0.35297084 0.42494506 0.31869134 0.07871991 0.049327724 0.8536923 0.29498222 0.45522708 0.007111249 0.06872107 0.00033579185 0.41765702 0.051980756 0.000899706 0.29825014 0.0014812086 8.555867e-05 0.15087788 1.2582533e-16 0.00020660336 0.16804774 0.39294633 0.29151034 0.080046736 0.00015779524 0.038100418 0.022065021 0.0012644173 0.77094555 6.494866e-05 0.060428366 8.005491e-06 0.00021141127 0.8526062 0.007881693 0.45668077 0.004931659 0.05862589 0.015988162 0.6710326 0.059590414 0.03912455 0.014304516 6.011012e-06 0.0006375528 0.40534633 0.15440482 0.0045569274 0.00020629482 0.0028852064 0.25136113 0.0064455555 0.0015389189 0.019238168 0.18632399 0.00014464537 0.00011067585 0.008031418 0.010939344 1.5709311e-06 8.7449614e-08 2.2239612e-05 0.0017467381 2.8731987e-05 0.014957524 8.195342e-06 0.003312693 5.46575e-08 0.03793661 6.364553e-06 7.345854e-07 0.0006021057 0.008982289 0.0011542278 0.00022805705 0.024020556 0.0009782693 0.00044418275 0.00026577953 0.038343813 0.0003674255 0.016325578 0.0005662117 3.3807934e-05 6.685799e-05 0.00028073412 0.011357427 0.0033438988 0.027380073 2.7861892e-05 0.00014178855 7.500027e-06 0.0013119414 3.6484303e-06 8.119059e-06 5.4677157e-06 0.0006462648 0.013899011 1.3780282e-06
0.0063633644 0.25848627 0.043568943 0.0060721356 0.069094025 0.9018526 0.23381327 0.0037480386 0.21776645 0.0006254806 0.43991715 0.031923294 2.614733e-05 0.00011862003 0.008575562 0.009123304 0.02712243 0.0020323603 0.0012569554 0.005011777 0.00020660336 1.7538423e-16 0.0011766203 1.4543301e-05 0.00021895416 0.00011241639 0.001615608 2.6650656e-07 0.9782669 0.00030616164 4.15991e-07 4.054844e-05 2.4116766e-06 0.00014511996 5.0283244e-05 5.947365e-06 6.7347864e-05 4.7119265e-05 3.205864e-08 2.3553869e-07 1.0656278e-06 3.3997578e-06 0.00037763972 0.0009068368 3.201452e-08 1.12575535e-05 0.040900692 2.0360287e-06 1.2796628e-05 3.765161e-07 1.1076218e-05 4.628671e-05 1.4806761e-06 9.20221e-05 5.42486e-08 3.016177e-08 5.853186e-07 3.817776e-06 5.3892904e-06 2.6533835e-08 8.546807e-05 0.008356854 4.8932186e-08 1.5415078e-06 3.2901057e-06 0.71986014 5.6260876e-09 1.4664139e-06 5.9716583e-09 1.3675658e-07 5.180672e-07 0.7963423 1.1408801e-05 2.1970725e-09 0.00018144754 0.0005326155 1.9869474e-06 6.181507e-07 0.00025076492 5.761328e-06 0.037849616 0.00021654241 1.3512976e-08 0.00083797984 0.014173104 3.4353413e-06 9.614459e-10 7.8646316e-08 4.1509557e-10 0.006030208 0.001722313 2.4894707e-06 5.4683152e-08 2.6115417e-06 0.0013795393 2.5281124e-06 8.848618e-08 1.4612591e-05 3.281363e-08 9.322263e-06 2.811407e-07
0.6059414 0.092453174 0.022404822 0.07801429 0.37404191 0.018964807 0.09101604 0.29588437 0.006829456 0.010621064 0.12041024 0.2767194 0.4094868 0.0075078933 0.5093649 0.075297676 0.0025747574 0.2958785 0.06285325 0.9932349 0.16804774 0.0011766203 1.0959248e-15 0.004810535 0.0019672762 0.0005147345 0.011209491 0.00044307596 0.00080914993 0.37464032 0.020186502 0.014235999 0.00020627202 0.002802815 0.3685578 0.035378907 0.55513006 0.32612294 2.767519e-07 0.0020621154 0.0001956768 0.07526339 0.5209213 0.00013060654 7.426118e-07 0.002443492 0.0024011445 0.04552188 0.10761691 5.8043308e-05 0.06784722 0.17250237 0.0124266995 0.12597996 1.2275336e-05 0.0014073822 0.11569582 0.068027325 0.05807701 0.09828898 0.09479672 6.5000804e-06 2.971979e-05 0.027453475 4.7977865e-05 0.0004331032 2.2165861e-05 0.01774605 0.0001477687 0.00016026884 0.0039877407 5.8531252e-05 6.172023e-05 1.8573495e-05 0.10460019 0.00017740749 0.047157366 0.0030197208 0.08445323 6.472513e-05 0.00015394686 0.07997587 4.2329535e-07 0.10217331 8.305801e-05 0.013158139 1.9601127e-06 0.02390472 0.00089936843 0.07663501 0.058801085 8.5917246e-10 2.4049303e-05 0.004674393 0.0001860733 0.0035035105 4.5962543e-06 0.001821334 8.640744e-05 0.00080635323 4.616649e-05
0.964842 0.0030789871 0.00837348 0.008736885 0.002465527 0.0020146386 0.0027075473 0.029219743 0.029855037 0.37319523 0.0004768124 0.00071028987 7.647285e-05 0.85820425 0.00016162229 3.7995496e-06 0.13358988 2.0244543e-06 5.481533e-07 0.0015947616 0.39294633 1.4543301e-05 0.004810535 3.6990988e-17 0.53584725 0.6792218 7.1766186e-07 0.9278089 0.0006524788 1.4326884e-05 0.83280385 5.9252267e-07 0.33494192 1.9416169e-07 9.358456e-06 0.16684434 6.258209e-05 0.022824802 0.4190573 0.56450963 0.20224455 0.07554015 0.0006751844 0.03523035 0.54879236 4.005536e-07 6.70725e-05 0.030511266 0.00799086 0.08852147 3.385911e-05 6.75548e-05 0.15299375 0.0001041441 0.047778137 0.18485652 0.03294954 2.885945e-06 6.4995874e-07 0.0016869415 0.00023363164 1.764698e-06 6.540549e-08 1.0330774e-06 0.008036509 2.037639e-06 0.36097774 1.2066126e-07 0.057583988 1.522314e-06 0.31319556 1.533444e-05 1.0957542e-06 0.0054045925 0.0005716723 0.001003352 2.429227e-06 0.14791134 8.815193e-05 0.0023176554 1.9609646e-05 0.0076162876 0.0016258262 0.001600943 3.17674e-05 1.9095727e-07 0.0009868073 0.000111059344 0.045783706 0.00012661767 0.0038034797 0.0030183434 0.0005956096 2.4632743e-07 5.2245134e-05 1.7864255e-07 0.00013674506 2.9220807e-06 0.011590145 0.059046425 1.527098e-06
0.38446844 0.0036922593 0.061641052 0.019733654 0.0061169914 0.010980762 0.0016408899 0.023274738 0.44487628 0.3874952 0.0038758197 0.0008857037 8.774049e-08 0.4215555 0.0004739501 2.986241e-05 0.8152692 3.867259e-05 9.039774e-06 0.0028243775 0.29151034 0.00021895416 0.0019672762 0.53584725 7.2973625e-18 0.8769658 1.6968048e-05 0.4353179 0.050292995 0.00033512557 0.23507936 1.3232333e-05 0.95427126 4.848925e-06 5.914314e-05 0.12689605 0.00011108244 0.017079268 0.8095304 0.5183518 0.8735069 0.0344705 0.0032079685 0.5877322 0.06027809 1.6590474e-06 1.5493168e-05 0.020069983 0.0038823364 0.54968065 0.00043656878 0.00016799649 0.03719547 0.00029897646 0.07937781 0.04305393 0.006983889 4.6734705e-05 1.805535e-05 4.819082e-07 0.00015573867 6.3319186e-07 1.2332855e-09 1.729072e-05 0.07737417 1.2409229e-06 0.006745836 2.9609241e-06 0.020271162 1.1994632e-06 0.040059466 7.824862e-06 1.9476312e-07 0.0013326004 0.00029978447 0.013903725 5.2886036e-05 0.014376603 5.6148965e-05 0.008282716 3.1182e-05 0.0011644411 0.0009569911 0.0005261201 0.00013610144 1.7155205e-06 4.1446765e-05 3.7156344e-06 0.0001708342 0.00016724197 0.0013344049 0.006916427 0.00014305128 1.01593405e-05 0.00065459526 6.8957816e-06 0.000108834334 0.000138658 0.0010230901 0.007812884 4.0388044e-05
0.94239753 0.0014194109 0.005045623 0.0033510644 0.0003691249 0.0021113907 0.00037128184 0.006420806 0.036149424 0.10173262 0.00046096407 0.000101729 4.1107187e-06 0.39715803 7.251555e-05 2.5320332e-06 0.22951402 5.0199515e-06 5.892517e-06 0.00035361122 0.080046736 0.00011241639 0.0005147345 0.6792218 0.8769658 1.6981065e-16 2.576021e-06 0.7256678 0.0012258227 1.6763328e-05 0.14953095 1.7014252e-06 0.8392163 3.126988e-07 2.9262372e-05 0.04069455 2.8023003e-05 0.0030099081 0.892826 0.86181116 0.73391116 0.017647471 0.00028849932 0.08242942 0.73542994 1.2433574e-06 7.9495825e-05 0.007654761 0.0015210226 0.5384922 2.1956777e-05 8.945734e-05 0.02268458 8.085011e-05 0.4800826 0.13805237 0.0055036964 1.047313e-05 4.4028075e-06 1.4580812e-05 8.8550056e-05 3.6234346e-07 1.0709212e-08 3.099612e-06 0.032192033 4.9643563e-07 0.30476072 8.6480475e-07 0.085057184 1.0176916e-06 0.10806675 2.1921562e-05 4.7153605e-07 0.034844786 0.00016108034 0.0023882138 5.042801e-06 0.07026935 8.800787e-05 0.013015513 2.008328e-06 0.00096323434 0.0058298223 0.00039267872 2.5999686e-06 1.6518009e-06 0.005383214 1.4684496e-05 0.0022584347 9.096058e-05 0.00079950487 0.005429858 0.0009999303 1.0744599e-06 5.8080743e-05 8.2897446e-07 0.0002025924 6.637e-06 0.014006941 0.019238811 1.464051e-06
0.52285564 0.00046946804 2.7562785e-06 4.7067724e-06 0.0006735843 0.00021897776 0.056173794 4.0552786e-06 6.775878e-06 2.108555e-06 0.106089935 0.14438243 0.3392534 7.5443104e-06 0.066549286 0.51409036 2.7011522e-05 0.21463138 0.6362953 0.00011405575 0.00015779524 0.001615608 0.011209491 7.1766186e-07 1.6968048e-05 2.576021e-06 2.8123322e-18 2.8753188e-08 0.00010168138 0.302342 1.8438852e-05 0.7743153 1.0336706e-06 0.9809936 0.2460977 3.818428e-06 0.07093346 0.00014296878 7.9381235e-10 4.966033e-07 2.535844e-06 3.9665965e-06 0.013081085 3.5831952e-05 1.0092851e-09 0.7423942 0.04729984 4.409459e-06 2.1609896e-05 1.3118326e-06 0.42830643 0.03690186 4.9630526e-06 0.015256011 1.4897188e-09 6.0725895e-08 9.386745e-06 0.07663797 0.10949145 2.0810069e-06 0.0009171239 0.0019906745 0.084754206 0.21500678 8.827817e-06 5.117922e-06 1.5564497e-08 0.4672049 1.2611752e-08 0.04701556 1.8248676e-07 4.963259e-05 0.04728963 2.2866047e-08 0.00041227226 2.475303e-05 0.095784426 2.5765482e-07 0.018939722 2.1135036e-06 3.2208986e-06 7.0582435e-05 3.484369e-08 0.003812348 2.858909e-07 0.12985268 1.3524552e-08 3.5711222e-05 6.143186e-08 0.01320906 0.00036191804 6.434625e-09 6.8701825e-06 0.1434475 4.3403934e-06 0.11652959 3.413492e-07 0.04180915 6.340559e-09 7.9313776e-07 0.013039909
0.98789567 0.0001265252 0.0017869377 0.0014869804 9.334304e-05 7.902831e-05 0.00013727856 0.0032594067 0.0032266371 0.06074964 1.3407389e-05 2.337933e-05 3.421252e-05 0.260065 5.175821e-06 3.568497e-07 0.036137845 1.6456272e-07 2.1882993e-08 7.287688e-05 0.038100418 2.6650656e-07 0.00044307596 0.9278089 0.4353179 0.7256678 2.8753188e-08 1.5680417e-18 2.7825245e-05 7.061704e-07 0.55181664 2.2955716e-08 0.3972472 2.9209533e-09 1.7800575e-06 0.12738064 7.0199967e-06 0.0026646985 0.6618719 0.7896614 0.32483488 0.05041764 5.322987e-05 0.018057054 0.76073945 8.941605e-09 1.2347502e-06 0.020191547 0.0019723033 0.22980228 1.2311804e-06 7.720877e-06 0.1510948 2.9317429e-05 0.37583005 0.5363868 0.0151897445 5.978776e-07 4.0056202e-07 0.0012518091 4.3954216e-05 3.0950332e-08 2.1246853e-08 6.377762e-08 0.01144209 2.1603611e-07 0.46861133 1.6844037e-08 0.35829744 7.306508e-08 0.5675082 1.2357351e-06 9.6523934e-08 0.08332822 0.00015277346 0.00024759656 1.6277655e-06 0.30362317 4.6336485e-05 0.0064537697 3.4203467e-06 0.0065297955 0.014024725 0.00049654697 7.4138798e-06 7.258901e-07 0.013927432 3.336935e-05 0.09356284 3.4311393e-05 0.0012001109 0.004914803 0.0015320504 3.8939437e-08 2.081359e-05 1.4789889e-07 0.00045405907 5.679634e-08 0.09935591 0.1640458 9.578538e-08
0.003679285 0.15220451 0.3237888 0.0873425 0.06445195 0.79363775 0.005815269 0.040549416 0.8319768 0.01991706 0.014732791 0.005874905 1.533314e-05 0.0019785578 0.0007564306 0.00024137822 0.82728404 8.29108e-05 9.914342e-06 0.0049045 0.022065021 0.9782669 0.00080914993 0.0006524788 0.050292995 0.0012258227 0.00010168138 2.7825245e-05 3.1902596e-16 0.00012326924 5.148344e-05 3.0925728e-06 0.0005586964 9.5584e-06 8.175538e-06 0.00053691247 9.944833e-06 0.0013392655 4.5904866e-07 6.973022e-06 0.00066337246 0.00012758287 0.0003817303 0.81208044 2.797571e-07 3.2458337e-07 1.8988565e-05 6.8085676e-05 0.000780923 4.072415e-05 1.4924514e-06 1.124471e-05 1.89539e-05 2.9932666e-05 1.4199118e-07 7.398457e-07 1.2858689e-05 7.21809e-07 6.418935e-07 5.239524e-08 0.00024228389 9.386254e-06 1.5089483e-08 5.159127e-07 0.0031842 0.65981764 2.0473236e-08 1.2115962e-07 2.0311406e-07 2.0582043e-08 7.1606655e-06 0.042820893 4.8524385e-07 2.8256704e-08 0.0012380229 0.44424587 5.936641e-07 4.254401e-06 0.000103669154 0.00036961221 0.09852788 0.005753993 8.918648e-08 0.0047246567 0.1691791 9.53561e-08 1.2310605e-08 3.6189228e-08 9.941493e-10 0.004625371 0.018666692 3.7674494e-05 2.1522116e-07 1.3329371e-06 0.07088124 4.004173e-07 3.843657e-07 2.9402969e-05 2.586319e-07 2.4823688e-05 7.194929e-07
0.8567559 0.02211707 0.0008042708 0.0049236794 0.04429889 0.002658589 0.20508586 0.005883037 0.0002938367 0.00048780348 0.23332319 0.36129856 0.41790837 0.00021975936 0.6111008 0.43377662 0.0002576844 0.7823435 0.56921375 0.07873132 0.0012644173 0.00030616164 0.37464032 1.4326884e-05 0.00033512557 1.6763328e-05 0.302342 7.061704e-07 0.00012326924 3.4209537e-15 0.00022778795 0.62491196 3.4502496e-05 0.10207287 0.95903003 0.00012132456 0.8645462 0.020099798 3.9322146e-09 1.8258686e-05 2.0162857e-05 0.00053134694 0.41671616 1.03144375e-05 6.6305046e-09 0.1558665 0.012066577 0.0013128195 0.010604865 1.7433196e-05 0.3990127 0.3563658 0.00015773339 0.18976486 1.09597934e-07 1.6904845e-05 0.0036413588 0.34531534 0.34775737 0.01006685 0.0661994 0.00024304645 0.0066061458 0.16530088 2.2710497e-05 4.6339e-05 1.00063374e-07 0.17888416 1.4864676e-07 0.00223668 5.19844e-05 3.5534737e-05 0.0004312374 3.219159e-07 0.076057434 7.969692e-05 0.20211542 0.00019431091 0.26156372 2.4165887e-05 6.538307e-05 0.02459537 8.3052464e-07 0.17625406 1.1071538e-05 0.12613486 2.1738938e-07 0.01523015 5.594126e-07 0.22979197 0.0357574 1.3690259e-09 1.2052211e-05 0.023300484 5.6761604e-05 0.031720985 1.3709407e-06 0.0078852 2.6130963e-06 6.500015e-05 0.00048245568
0.8928126 0.0032350505 0.009719917 0.021939496 0.008830416 0.00086117414 0.0015468667 0.10628277 0.0065906434 0.1050127 0.00019995144 0.00093854795 7.631141e-05 0.3514 0.0009929402 4.6413617e-05 0.029474262 7.8562785e-05 8.0030395e-06 0.0088062575 0.77094555 4.15991e-07 0.020186502 0.83280385 0.23507936 0.14953095 1.8438852e-05 0.55181664 5.148344e-05 0.00022778795 4.914759e-16 2.8585944e-06 0.088836975 1.946323e-06 0.00015034141 0.97503257 0.00050593 0.0830476 0.021296514 0.33128303 0.04113838 0.35910064 0.0055832886 0.0059521035 0.15467136 3.497893e-06 3.4362016e-05 0.12569118 0.02837372 0.010414517 0.00014176057 0.000814556 0.68288577 0.001155398 0.019318298 0.2976592 0.0997591 0.00018099509 7.8609024e-05 0.012023024 0.0022828432 9.755026e-07 3.74232e-08 4.520357e-05 0.0018691013 4.7118206e-06 0.16809374 1.2133203e-05 0.03704448 1.1679308e-07 0.3869591 2.8011418e-06 2.8854453e-07 0.0035817656 0.003460955 0.00014761405 0.00023433586 0.16125828 0.0010854502 0.0014252417 1.0128519e-05 0.027461737 0.00037620746 0.0054202476 1.636052e-05 2.0297988e-05 0.0010433826 0.0006254248 0.1163811 0.001757179 0.02003701 0.0001629185 0.00039839413 1.2443982e-05 8.512609e-05 7.396324e-06 7.483406e-05 1.03084285e-05 0.019498821 0.1196492 1.889992e-06
