7.0133906e-25 0.9253081 0.9376381 0.90288013 0.95495975 0.87810004 0.86685145 0.81217736 0.9665675 0.65155554 0.9894054 0.8577717 0.89792466 0.969119 0.9458376 0.66253895 0.9581681 0.4656697 0.9616111 0.8504285 0.9834952 0.41971722 0.98837894 0.19354907 0.9783254 0.73301804 0.8737391 0.709365 0.99578583 0.97097564 0.9922666 0.95791626 0.17559834 0.9603866 0.083508834 0.8124927 0.99614024 0.2318233 0.7858697 0.8622503 0.9337348 0.9447654 0.7635111 0.09114021 0.9965542 0.8465869 0.7271365 0.65564674 0.025541902 0.118614934 0.9188854 0.028800428 0.9996563 0.13161428 0.08474851 0.25447285 0.029511448 0.0073590726 0.93257445 0.99705565 0.61762077 0.033202462 0.024764992 0.04191586 0.9955835 0.99339074 0.98925 0.021969644 0.0038643915 0.0013894226 0.028983014 0.00090845505 0.05494709 0.0017939744 0.096152276 0.0015294316 0.0002584799 0.00021205338 0.004307974 0.14238858 0.00010846907 0.9946231 0.00079320587 0.033129178 0.99794275 0.53709245 0.00088717387 0.00041290143 0.9622015 0.9939016 0.08337759 0.00013752897 0.0025215629 0.99824256 0.0005324548 0.00011114092 0.9996936 0.00012669388 0.0057530436 0.0115522565 0.9987581
0.9253081 4.2888325e-19 0.29524478 0.16152608 0.6287402 0.8263643 0.31970567 0.09914733 0.4733736 0.22051 0.3772972 0.43784547 0.04304211 0.23117886 0.12764747 0.0337048 0.058613803 0.11271739 0.0127708865 0.06958426 0.0594902 0.11098053 0.058912694 0.034507662 0.0037669197 0.07066552 0.0008518237 0.09593507 0.05630473 0.0034020431 0.13909388 0.00015491684 0.1060331 0.00050213194 0.10083112 0.0013644089 0.18495235 0.11216089 0.0020789132 8.239609e-05 0.0016669431 0.0012939504 0.00026135475 0.0076561775 0.05589186 8.899061e-05 0.00032923784 0.00015899295 0.33174375 0.031476606 0.004850917 0.01268781 0.020954162 0.008172759 0.0828529 1.08306e-05 0.036623787 0.0024186145 0.0017486156 0.0552347 2.3937639e-05 0.03110046 0.0020092796 0.00091900286 0.0016764832 0.0047058756 0.004630437 2.5216556e-05 0.0017366632 0.0052629947 3.6614856e-05 0.00022683779 1.364852e-05 2.031187e-05 1.87747e-05 0.0005220887 1.6143504e-05 5.5783148e-05 0.00033861597 4.6705322e-06 2.2971606e-05 0.0029142066 0.00506236 1.4715478e-05 0.016278636 0.00010397143 0.07438864 0.0009512146 0.0013759326 0.000518827 3.711027e-06 0.00053987873 2.1075239e-06 0.0011506017 1.8659042e-06 8.801744e-05 0.0071415403 0.00027262987 3.4190109e-07 5.381843e-06 0.0008493679
0.9376381 0.29524478 6.865414e-19 0.9247112 0.22877917 0.21092717 0.05934745 0.034035 0.38881513 0.021728737 0.47316384 0.090693094 0.02665993 0.53961843 0.22307414 0.011864942 0.03800374 0.026334694 0.0060753617 0.1617109 0.042929698 0.027171625 0.19437066 0.0059428634 0.052605312 0.08685547 0.0007256749 0.1607768 0.123944506 0.06572562 0.07456195 0.007959036 0.13804393 0.012892894 0.121425 0.020828962 0.38524228 0.027373873 0.017664824 0.002436314 0.009630814 0.008012953 0.00012562022 0.00052907714 0.03139156 0.0001742699 7.0556336e-05 0.0002561885 0.24805441 0.04941758 0.002227778 0.0014961231 0.12235286 0.033614784 0.029090635 2.5484412e-06 0.008999588 0.0003755778 0.0012036412 0.08039878 3.051644e-06 0.042793337 0.00026766208 0.0036676442 0.012430913 0.0039607324 0.0033224644 0.001413214 0.003028484 0.0037324387 2.5446816e-06 2.8623055e-05 0.00015742396 2.3450086e-06 0.00012722275 0.00022992156 1.5034296e-06 6.1339906e-06 0.00037156962 2.2690127e-05 1.077783e-06 0.01042085 0.001719372 5.1617702e-05 0.066535994 0.0016017273 0.02019396 0.00085342437 0.0030837802 0.004591801 1.6916796e-05 0.00018329476 1.3455218e-05 0.009758126 1.689358e-05 8.057851e-06 0.04814223 7.966146e-06 1.9862324e-05 9.2884e-06 0.0068128873
0.90288013 0.16152608 0.9247112 2.9129366e-20 0.21002755 0.064775385 0.03631895 0.027744446 0.17667216 0.021527346 0.68821007 0.0410832 0.037249938 0.41561106 0.1528099 0.019136496 0.08939734 0.02219703 0.015109169 0.131239 0.08373444 0.024803927 0.124922365 0.014256863 0.018861167 0.047388665 0.0018060826 0.051238645 0.089909635 0.024840204 0.19074926 0.0017890214 0.035160877 0.008879827 0.028197875 0.006328982 0.38755688 0.023777023 0.004926476 0.0004544962 0.0045674457 0.0029795405 0.00017701795 0.0012885273 0.039583102 0.0003450123 0.0002368647 0.00017575198 0.09711718 0.013885663 0.0061946525 0.0014061339 0.14352928 0.009164761 0.01439459 3.2470057e-06 0.0057080444 0.00045995455 0.0041299323 0.120729275 1.1918843e-05 0.008087083 0.0007642841 0.0012205535 0.004282475 0.006463354 0.006299118 0.00045762095 0.00084343174 0.0010679398 9.160124e-06 3.6381924e-05 5.630189e-05 1.0511915e-05 5.729858e-05 0.00013188648 3.5324351e-06 9.914388e-06 0.00015287052 9.2840955e-06 2.7847955e-06 0.0049718153 0.0012946225 5.2972813e-05 0.06978279 0.00038032548 0.005609657 0.0004161103 0.0014922664 0.011107571 5.306896e-06 0.00033593277 1.2877943e-05 0.0014110733 2.9738158e-05 3.2757056e-05 0.060770676 2.9513267e-05 2.0274178e-06 1.026405e-05 0.0033108832
0.95495975 0.6287402 0.22877917 0.21002755 2.0141438e-17 0.14367071 0.75989604 0.7423213 0.10071241 0.5130647 0.7369141 0.31962708 0.42645857 0.15018322 0.023951525 0.3353052 0.30752474 0.25845164 0.18693115 0.022093993 0.30100876 0.18537924 0.021915125 0.16526012 0.00133561 0.012045203 0.018330544 0.028484711 0.017648371 0.00057869736 0.29214844 2.2630482e-05 0.038087204 0.00015629992 0.03718102 5.278466e-05 0.100791566 0.108901255 0.00019392105 9.54928e-06 0.00054204237 0.0002386009 0.002135291 0.060435805 0.1922457 0.00030696625 0.0015066278 0.0007943157 0.07598201 0.003877402 0.013172113 0.027644964 0.017814511 0.0013409582 0.045092586 0.00011958962 0.022048967 0.006670043 0.0040326733 0.15736768 0.00031652953 0.0082952455 0.00788876 0.00022729363 0.00047634746 0.012030818 0.010886812 6.576498e-05 0.0003863306 0.0015477167 0.00018352251 0.0011602443 1.4017711e-05 0.00012982877 1.6097998e-05 0.0011794171 0.00010193371 0.00011735094 0.00021438711 4.295803e-06 0.00010579292 0.00084750325 0.0015139142 4.985261e-05 0.02503531 5.5531502e-05 0.0023471455 0.0003250736 0.0002699343 0.0017922873 1.7890502e-06 0.0003497276 2.0074522e-05 0.00052905467 8.478253e-06 0.00026215782 0.011789702 0.00095673697 1.1819268e-07 3.001336e-05 0.0002478791
0.87810004 0.8263643 0.21092717 0.064775385 0.14367071 5.361659e-19 0.061648306 0.016462693 0.5520642 0.07038285 0.14070909 0.71786153 0.010508172 0.10957287 0.22010389 0.0065357788 0.015510644 0.06530097 0.005677606 0.041246776 0.023247262 0.08888367 0.05262093 0.023551935 0.007587882 0.13707994 0.00033690248 0.30131388 0.060961425 0.0063760327 0.051907625 0.00026712555 0.26903954 9.583112e-05 0.30592114 0.003361002 0.115964234 0.21306463 0.004697555 0.0001775551 0.0021363015 0.002003202 0.00012062105 0.0037153831 0.018135043 5.2305408e-05 6.310211e-05 0.000112694506 0.5437803 0.08773051 0.0016747415 0.013403311 0.014396937 0.024310503 0.1551115 2.551566e-06 0.056421027 0.0026191503 0.0002167757 0.012912539 5.207573e-06 0.26961777 0.0007113117 0.0036691448 0.0022870447 0.0019680383 0.0015539894 0.00030665024 0.012312861 0.018369542 7.2926628e-06 0.00021584163 3.622457e-05 3.3508081e-06 2.80326e-05 0.0006528967 1.0799534e-05 2.0726853e-05 0.00096213905 4.62367e-06 1.6217557e-05 0.0060104225 0.009167414 2.3202614e-05 0.0055138543 0.00011187287 0.18159461 0.002825214 0.0020921077 6.5467175e-05 7.799024e-06 0.00072051026 1.9235945e-06 0.0017593647 2.1270941e-06 2.3829856e-05 0.0032459006 6.106834e-05 2.3211864e-07 7.397022e-06 0.00089844473
0.86685145 0.31970567 0.05934745 0.03631895 0.75989604 0.061648306 1.7263082e-17 0.77292687 0.024026133 0.7784613 0.29953754 0.26315024 0.38023227 0.037573375 0.005170148 0.61301786 0.162181 0.39675862 0.17831352 0.0018918965 0.17978337 0.26359525 0.0041274023 0.2943084 0.00033884452 0.003345883 0.045516387 0.009838197 0.00445527 0.00013944478 0.21807678 1.8186913e-05 0.015254178 1.6086832e-06 0.0187625 2.6629874e-05 0.032073133 0.10510205 3.0373374e-05 5.2766763e-06 0.00020157888 0.00016155357 0.011334937 0.10095471 0.20100285 0.00079674687 0.002087456 0.0013246886 0.012633723 0.0013966217 0.012790182 0.042075712 0.00451599 0.0008978078 0.04018868 0.0003078534 0.023366077 0.011516236 0.0052119307 0.09905012 0.00024663928 0.0019403844 0.02404204 0.00014050267 0.00019056677 0.010266866 0.009316253 4.660514e-05 0.00023238923 0.0006181637 0.00030723453 0.0019250279 4.7184803e-06 0.00060633745 4.6494006e-06 0.0015729527 0.00021873815 0.00020972424 3.7735263e-05 4.877153e-07 0.00015322097 0.00033672838 0.0013600904 8.723747e-06 0.009358577 1.0021733e-05 4.3754302e-05 8.552131e-05 0.0001360298 0.00019024753 5.2280865e-07 0.00019010644 2.47674e-06 0.0001526996 8.832529e-07 0.00026804832 0.0067174127 0.0010255284 1.9913235e-10 4.4434328e-06 9.781791e-05
0.81217736 0.09914733 0.034035 0.027744446 0.7423213 0.016462693 0.77292687 2.7318659e-17 0.010342998 0.40783525 0.30351132 0.07639255 0.7012462 0.031533055 0.0020475592 0.52406126 0.36533555 0.1665565 0.3815902 0.001794374 0.3114508 0.105458125 0.00080502545 0.12975816 0.00024826854 0.0009615172 0.1449824 0.0022597814 0.0014538948 5.4701963e-05 0.28622717 4.85986e-06 0.005015351 4.901252e-06 0.0073875864 1.7609551e-05 0.026863199 0.040901016 1.8660903e-05 1.7024055e-06 9.2145216e-05 7.020054e-05 0.0195165 0.049287096 0.27578962 0.0027873954 0.0038772654 0.0030903853 0.0008974932 0.00031991635 0.03744235 0.015490119 0.0036852255 0.00036256434 0.015753796 0.00057463103 0.004808588 0.004825717 0.010100759 0.09345505 0.00038862738 0.0005296102 0.012871793 0.000127991 5.2703228e-05 0.015994018 0.011717542 5.3877822e-05 0.00028185223 0.00066982367 0.0004433621 0.00054762483 2.436145e-06 0.00062705734 2.7747587e-06 0.00023460732 0.00027853934 0.00031754875 7.386924e-05 4.4618636e-07 0.00021850776 0.00022527072 0.00034900126 5.762086e-06 0.011722517 8.904703e-06 2.6300597e-06 8.6140295e-05 4.25214e-05 0.0008405182 2.2369792e-07 6.403265e-05 7.6135675e-06 8.645368e-05 2.4312897e-06 7.938605e-05 0.007304256 0.000787109 1.4753647e-10 5.6721697e-06 2.169555e-05
0.9665675 0.4733736 0.38881513 0.17667216 0.10071241 0.5520642 0.024026133 0.010342998 3.9804815e-19 0.019670015 0.24579541 0.24811955 0.006348847 0.36315203 0.8316647 0.001172557 0.01700594 0.028582824 0.0017288239 0.16330202 0.025601756 0.034736082 0.21730182 0.005628458 0.035979997 0.54796386 8.300709e-05 0.5127258 0.17118913 0.0795553 0.061969604 0.0015578072 0.2514731 0.00040649495 0.21522829 0.029272342 0.26512834 0.11088468 0.06352279 0.0022928677 0.009343346 0.0086663645 2.7415601e-05 0.00074696733 0.0052284836 1.0875314e-05 9.741309e-06 1.0058146e-05 0.427412 0.23821196 0.0012377343 0.0024314811 0.051530797 0.18555771 0.17034344 2.8996382e-07 0.05094619 0.0007517059 5.0816274e-05 0.011029755 7.3553383e-07 0.1618596 0.0003698624 0.04140683 0.0063336943 0.00093855156 0.00016624732 0.0061811213 0.028516417 0.024022726 2.8784575e-06 5.9822727e-05 0.0012503034 7.334329e-06 0.00025412237 0.00028030635 5.4230236e-06 2.1819196e-05 0.0073761996 8.323867e-06 6.4209034e-06 0.021136047 0.0072009712 9.372804e-05 0.008909281 0.00023246856 0.15685955 0.008573285 0.004324664 3.8133097e-05 1.4284673e-05 0.00069685356 5.816982e-05 0.0023107133 6.784617e-05 2.8951148e-05 0.005596 3.333064e-05 4.3264e-06 2.9504119e-05 0.0018797937
0.65155554 0.22051 0.021728737 0.021527346 0.5130647 0.07038285 0.7784613 0.40783525 0.019670015 3.0596364e-18 0.15561724 0.5838366 0.272145 0.017510038 0.005740099 0.70819783 0.09422915 0.7978708 0.13280796 0.0006315058 0.09612037 0.6374058 0.0007521043 0.70231307 7.757577e-05 0.0033598468 0.097177334 0.004119757 0.0006273432 0.00012065799 0.13676117 4.146758e-06 0.011324554 2.1846576e-07 0.01374009 1.9011504e-05 0.00528947 0.20995809 1.8369472e-05 1.1202992e-06 3.4217577e-05 2.982749e-05 0.02576802 0.22717343 0.10499036 0.0008398556 0.0013805599 0.0018016727 0.011058112 0.0012578552 0.009406874 0.0693341 0.0010478084 0.0004547581 0.055798937 0.00035076274 0.04159411 0.019322349 0.0025336202 0.027868778 0.00016626286 0.004460965 0.050843127 0.00023411473 1.1149486e-06 0.0038427562 0.0026776714 3.2840133e-05 0.00039897204 0.00053913705 0.000454636 0.0033522518 3.601079e-06 0.00062252383 3.613064e-06 0.0029663383 0.00020425516 0.0003068234 0.00014828425 1.9064555e-07 0.0002030791 9.544313e-05 0.0024636528 7.248004e-06 0.0030766493 7.0045153e-06 8.213577e-05 0.00037280808 1.4438122e-05 5.8389753e-05 5.2358905e-07 0.00023421476 2.5845748e-06 5.4701333e-05 8.389773e-07 0.0004978025 0.002918704 0.0012443858 1.1322634e-10 5.032957e-06 4.9057722e-05
0.9894054 0.3772972 0.47316384 0.68821007 0.7369141 0.14070909 0.29953754 0.30351132 0.24579541 0.15561724 1.3346914e-15 0.20094852 0.25054723 0.43306246 0.10807449 0.09204536 0.45908424 0.08799414 0.14705095 0.06324309 0.5725029 0.078940935 0.06782718 0.04486895 0.009142566 0.028593833 0.014152702 0.025967564 0.044044103 0.012448945 0.5960066 0.0005456813 0.020054786 0.008908339 0.018987706 0.0009808579 0.34987447 0.02954324 0.0015294236 0.0001574552 0.0029508509 0.0014066603 0.0041030054 0.010939897 0.22662768 0.0020689757 0.0029557447 0.0017801935 0.010698456 0.004707213 0.013055375 0.006078573 0.14806303 0.0026585497 0.017811257 0.0004444056 0.0065950416 0.0024184035 0.007144687 0.3318369 0.0005950174 0.0019797233 0.002975341 0.0006890901 0.0032991613 0.015096799 0.0098176 0.00027128146 0.00053781184 0.0014432058 0.0003072272 0.0002773907 6.842436e-05 0.00016144806 0.00016743923 0.0006472267 0.000100299214 0.000120628756 0.00037408716 4.8843347e-05 9.091298e-05 0.0039030341 0.000931352 0.00013747704 0.30989105 0.0009125822 0.0008846531 0.00037909826 0.0019156119 0.037782222 7.876394e-06 0.00042115722 4.2614283e-05 0.0020087305 1.6648903e-05 0.00016458525 0.2629453 0.00021447935 2.9230687e-05 9.821462e-05 0.0026959383
0.8577717 0.43784547 0.090693094 0.0410832 0.31962708 0.71786153 0.26315024 0.07639255 0.24811955 0.5838366 0.20094852 4.870762e-18 0.038779523 0.052720923 0.055567067 0.06465493 0.029826052 0.6442576 0.019149331 0.004171185 0.049609452 0.7510731 0.017014408 0.43772617 0.0009252342 0.040704437 0.0007298705 0.32798573 0.013727372 0.0012852319 0.06522416 4.542171e-05 0.37500042 7.5526503e-07 0.30868384 0.0005999836 0.031353794 0.6977583 0.00078385527 2.962369e-05 0.00035847182 0.00026414945 0.00032486845 0.18326376 0.030834379 5.8244204e-05 7.330773e-05 0.00012170549 0.41488892 0.048443098 0.0018222783 0.24420136 0.0030486353 0.011653913 0.3851872 6.188039e-06 0.27521685 0.02971848 0.00018930912 0.007191291 5.995217e-06 0.23341042 0.007629522 0.001234413 9.096441e-05 0.0017354464 0.0007819584 8.016541e-05 0.0073035904 0.013954509 1.1637448e-05 0.0072301854 1.042303e-05 9.637457e-06 1.0756283e-05 0.012720886 1.3721251e-05 2.0958838e-05 0.00064557244 8.62636e-07 2.0880094e-05 0.0013848012 0.029590733 1.51022905e-05 0.0035089476 4.3875898e-05 0.10996049 0.0029610572 0.00061019533 5.79098e-06 2.8818115e-06 0.008301442 3.8058672e-06 0.0012221353 1.2817899e-06 0.0003281686 0.0026903586 0.0002306718 1.137691e-09 1.4607339e-05 0.00064698106
0.89792466 0.04304211 0.02665993 0.037249938 0.42645857 0.010508172 0.38023227 0.7012462 0.006348847 0.272145 0.25054723 0.038779523 1.766015e-15 0.018762682 0.0017668654 0.48007384 0.54238284 0.111365736 0.8089184 0.0016764663 0.40587273 0.0721085 0.00043669037 0.114229746 0.00013807909 0.00065123476 0.52414066 0.00078768714 0.0005307195 7.199584e-05 0.3973692 4.2297393e-06 0.0031651217 3.9923147e-05 0.0048988597 3.32956e-05 0.020658128 0.023012755 2.7745753e-05 2.8904706e-06 7.9407706e-05 3.4532848e-05 0.07600689 0.07418059 0.41873464 0.02373561 0.019571465 0.023076816 0.00014424724 0.00039314278 0.12244896 0.014537264 0.003450661 0.0006349013 0.008936393 0.005108998 0.00327315 0.0030092362 0.02866037 0.15724944 0.0027394157 0.00077718584 0.017155215 0.0005419036 1.2987639e-05 0.038160466 0.02520869 8.099419e-05 0.0005200176 0.00092582614 0.0020865833 0.0005540496 6.845114e-06 0.0023443368 4.293604e-06 0.0003925061 0.0010576562 0.0009021082 0.0006502257 1.0816577e-06 0.0006570523 0.00012192633 0.00065162306 1.1743742e-05 0.017704237 1.7163658e-05 2.5847596e-06 0.00027878385 5.6494715e-05 0.005605654 4.2999287e-07 0.00022759273 2.056032e-05 3.833945e-05 1.1571765e-05 0.00023574647 0.008614448 0.0020897277 8.3579516e-10 2.4391777e-05 6.02839e-06
0.969119 0.23117886 0.53961843 0.41561106 0.15018322 0.10957287 0.037573375 0.031533055 0.36315203 0.017510038 0.43306246 0.052720923 0.018762682 1.16195e-17 0.32896766 0.0033580018 0.046539664 0.015084249 0.0032170706 0.37915927 0.0672785 0.017111726 0.7459948 0.002187125 0.20604888 0.09576921 5.8008227e-05 0.08373944 0.63983345 0.1549374 0.13302095 0.018340401 0.03622111 0.11205803 0.022322662 0.03285414 0.6919945 0.0031880015 0.03598294 0.011680886 0.035989236 0.030047994 3.1784308e-05 3.5973568e-05 0.0072824047 1.3030055e-05 2.2877335e-05 1.5959034e-05 0.004779242 0.015332527 0.00059546216 1.9394738e-05 0.36856177 0.017769808 0.009249348 5.280747e-07 0.0006486534 2.736208e-05 0.00034815058 0.067628965 9.740999e-07 0.0022766632 0.00025437598 0.0043529603 0.042108126 0.0032451903 0.00043507165 0.002919474 0.0044895983 0.0030820046 7.079422e-06 2.2101862e-05 0.0004066869 1.778476e-06 0.0005533096 2.1824233e-05 1.2786911e-06 3.077462e-06 0.0009527803 0.0004779205 1.4453296e-06 0.028045038 0.00038408217 0.0002858987 0.12709922 0.00408323 9.272588e-05 0.0005937585 0.0075447545 0.010626363 0.00016815406 8.813747e-05 9.3736264e-05 0.014963451 0.00015561872 1.3321994e-05 0.14628819 6.147565e-06 8.376822e-05 0.000104821884 0.009942126
0.9458376 0.12764747 0.22307414 0.1528099 0.023951525 0.22010389 0.005170148 0.0020475592 0.8316647 0.005740099 0.10807449 0.055567067 0.0017668654 0.32896766 7.729752e-18 0.0002584385 0.0052099875 0.008938976 0.0004353836 0.24439813 0.0065291286 0.013142582 0.29876077 0.0012479726 0.2013424 0.74774915 2.3761502e-05 0.37030995 0.25341275 0.4583844 0.013050464 0.04000856 0.17279758 0.0023961966 0.14358063 0.21739596 0.27613595 0.030255353 0.43954173 0.043786462 0.051027834 0.055321615 8.899651e-06 0.00030613248 0.0020449376 3.1430657e-06 3.3902224e-06 4.3861655e-06 0.16376702 0.24125254 0.00039868246 0.00039079657 0.08461646 0.29450494 0.09031199 1.4838814e-07 0.016494801 0.0002812178 1.2157377e-05 0.004647018 3.736131e-07 0.051947746 0.00035142168 0.14530723 0.05962927 0.00044196777 5.4104792e-05 0.07358009 0.05609667 0.032794934 3.778227e-06 3.791816e-05 0.0057113823 5.3220856e-06 0.0013137163 5.7005996e-05 7.0337605e-06 1.6319615e-05 0.023754653 0.00046495668 6.222433e-06 0.08035647 0.00359891 0.00049878645 0.007610138 0.0051142187 0.073358245 0.015789565 0.02970126 1.6184016e-05 0.00028186647 0.00017287167 0.000448755 0.033967216 0.00094274495 1.0928587e-05 0.0051556625 1.7726401e-05 3.958074e-05 0.000104583734 0.020162955
0.66253895 0.0337048 0.011864942 0.019136496 0.3353052 0.0065357788 0.61301786 0.52406126 0.001172557 0.70819783 0.09204536 0.06465493 0.48007384 0.0033580018 0.0002584385 2.7707414e-16 0.18444917 0.36822385 0.46063343 5.1367402e-05 0.13440973 0.20943457 0.00011318144 0.38611355 1.3414551e-05 0.00013827361 0.6666643 0.0002738645 0.00015909137 6.968263e-06 0.15852453 1.1418396e-06 0.00094586395 4.3132946e-08 0.002066947 9.1692145e-06 0.0039018956 0.06842746 2.5688623e-06 7.82068e-07 1.3770161e-05 1.5148869e-05 0.33067128 0.23250331 0.2555952 0.06365504 0.024954356 0.05892738 2.4886956e-05 0.0002050286 0.08148574 0.05259191 0.0012097127 0.00024570723 0.013496408 0.015614469 0.0058290777 0.013178258 0.02249222 0.06551403 0.004085544 0.00017979136 0.058850616 9.888209e-05 4.28847e-07 0.018136565 0.017407093 1.0566319e-05 0.00012443526 0.0001426373 0.004314791 0.0018753817 1.2569259e-06 0.01033415 4.9441303e-07 0.0005341757 0.0027983107 0.0031981005 2.7302936e-05 1.7978029e-07 0.0022662901 6.003101e-06 0.0002729384 8.334436e-07 0.003907129 5.109823e-07 2.7905048e-07 2.2897942e-05 3.1910185e-06 0.00018233308 1.9628523e-07 3.0773346e-05 3.5491485e-07 5.610028e-06 3.2088968e-07 0.00038043995 0.0018377831 0.0041350336 3.6301216e-12 6.259725e-07 4.4539797e-06
0.9581681 0.058613803 0.03800374 0.08939734 0.30752474 0.015510644 0.162181 0.36533555 0.01700594 0.09422915 0.45908424 0.029826052 0.54238284 0.046539664 0.0052099875 0.18444917 3.3845912e-14 0.052115083 0.69781214 0.0034522226 0.7397635 0.03709353 0.0013265793 0.04656699 0.00018322049 0.00086900266 0.19399361 0.00068872585 0.00083339645 0.00023959074 0.5922699 4.9735004e-06 0.0033692578 0.0005594292 0.0048294617 3.0520154e-05 0.046328876 0.01507207 7.99678e-05 2.5023837e-06 6.0815928e-05 2.727363e-05 0.027991615 0.024549203 0.5454679 0.015203042 0.011808077 0.0139749115 8.560119e-05 0.0006383706 0.09081199 0.0039766515 0.010174123 0.0007216284 0.008108208 0.002329074 0.0030430174 0.0017751126 0.013731936 0.31300262 0.0020690002 0.00096708187 0.009642634 0.00044701016 2.7005752e-05 0.045217007 0.01788097 8.657579e-05 0.00021130824 0.0005286638 0.0016380139 0.00037134753 8.4341245e-06 0.0013000695 9.030735e-06 0.00042862253 0.0007618107 0.00080881856 0.0011639986 2.1006913e-06 0.00054038403 0.00024293823 0.00087919383 1.9935556e-05 0.09345569 1.4253523e-05 8.990947e-06 0.0003463192 0.00011015609 0.0417823 5.203489e-07 0.00023389579 3.2689084e-05 7.793431e-05 1.862854e-05 0.00012326479 0.052943476 0.00077751244 1.4891686e-08 2.3203631e-05 9.664396e-06
0.4656697 0.11271739 0.026334694 0.02219703 0.25845164 0.06530097 0.39675862 0.1665565 0.028582824 0.7978708 0.08799414 0.6442576 0.111365736 0.015084249 0.008938976 0.36822385 0.052115083 8.2545884e-19 0.05491322 0.00063592935 0.04781494 0.80518836 0.0009766202 0.806674 0.00017293004 0.0051235165 0.030173462 0.004988081 0.00055802386 0.00012811057 0.0477324 5.4443376e-06 0.014335654 1.4477017e-07 0.019725684 2.1523329e-05 0.0028424792 0.40103495 2.4097628e-05 2.0584382e-06 2.0184578e-05 3.0474488e-05 0.01104073 0.43953386 0.04595014 0.00031458636 0.0006266087 0.0006390326 0.030745994 0.0037789913 0.0030789226 0.22713383 0.0006942056 0.0007571506 0.10730728 0.00011286111 0.09626708 0.06597447 0.0017831186 0.008207771 8.69546e-05 0.019136393 0.08059725 0.00033699183 1.9375152e-06 0.0016563188 0.0019727622 7.242721e-05 0.0012107496 0.0018765527 0.00043393008 0.014178175 2.1061887e-05 0.0008676632 1.2905963e-05 0.014285425 0.00026060015 0.0002963758 0.00047879227 5.273726e-07 0.00024597236 0.00014257297 0.008901374 1.6044814e-05 0.0016838603 9.618982e-06 0.002300502 0.0010612629 2.2795057e-05 1.309065e-05 7.847083e-07 0.002296885 1.5845399e-05 0.00019149204 7.546203e-06 0.0022608805 0.0019890303 0.0039493474 3.022254e-11 2.4912983e-05 6.0055037e-05
0.9616111 0.0127708865 0.0060753617 0.015109169 0.18693115 0.005677606 0.17831352 0.3815902 0.0017288239 0.13280796 0.14705095 0.019149331 0.8089184 0.0032170706 0.0004353836 0.46063343 0.69781214 0.05491322 3.864255e-14 0.0002211657 0.51577574 0.0338062 4.654189e-05 0.074374504 9.679127e-06 0.000111476795 0.6718061 0.00016876053 6.502892e-05 1.5506337e-05 0.47584692 5.3630623e-07 0.00081146474 1.9651676e-05 0.0012975327 6.1808345e-07 0.0044825925 0.01123702 3.6921022e-06 6.664615e-08 7.527439e-07 6.5329897e-07 0.23083423 0.115714714 0.5967549 0.070285566 0.028788773 0.06964912 3.8221824e-05 0.00020930066 0.31910083 0.012864503 0.0009946271 0.00024067854 0.0054667387 0.008820177 0.0030372653 0.0025836974 0.040318627 0.2411912 0.007659748 0.0003044258 0.037323907 0.00020051324 2.249945e-07 0.08034141 0.038539805 6.26094e-06 9.034134e-05 0.00023058889 0.007331805 0.0003388917 1.2271643e-06 0.0062321024 7.3156036e-07 0.00030093337 0.0014469724 0.0012941941 0.00041097976 8.015543e-08 0.00092828483 3.1755264e-06 0.00027355674 9.125409e-07 0.017381728 6.3543973e-07 3.988843e-07 7.823515e-05 1.670002e-06 0.01734902 2.0181565e-08 9.712835e-05 2.0006053e-06 3.3946874e-06 8.029486e-07 0.00030542296 0.00789476 0.0024589791 2.8593585e-09 1.6348066e-06 3.8693028e-07
0.8504285 0.06958426 0.1617109 0.131239 0.022093993 0.041246776 0.0018918965 0.001794374 0.16330202 0.0006315058 0.06324309 0.004171185 0.0016764663 0.37915927 0.24439813 5.1367402e-05 0.0034522226 0.00063592935 0.0002211657 1.2825082e-22 0.0041601565 0.0006004524 0.7516707 9.201445e-05 0.8681411 0.057655737 1.6401733e-05 0.006708072 0.59839344 0.2544647 0.0070581734 0.12666033 0.0009124813 0.3788333 0.00036921588 0.11517478 0.26260468 8.8780725e-05 0.033586647 0.061415076 0.12909064 0.12787746 4.465689e-06 1.2389204e-05 0.0020562802 9.27636e-06 3.281235e-06 8.61303e-06 2.7797185e-05 0.0012682251 0.000456984 1.110496e-06 0.1900759 0.008587311 0.00027439103 3.563379e-07 4.2193875e-05 4.5007843e-07 1.0253092e-05 0.009176327 2.1204212e-07 3.3393112e-06 0.0003228036 0.001208158 0.086764075 0.00038351797 1.199099e-05 0.00084535964 0.00034004048 0.00025390048 1.0107565e-06 8.0422313e-07 0.0007054038 8.4450824e-07 0.0011379225 5.6852427e-06 4.630927e-07 4.8128356e-07 3.9288152e-05 0.000585506 1.4529894e-07 0.05735009 8.533242e-06 0.0004570045 0.09477349 0.010639164 2.2290221e-08 2.263846e-06 0.022857413 0.00012928944 0.0004738326 1.8570139e-06 0.00011932372 0.051235966 4.924968e-05 3.5201822e-07 0.112437636 1.4601538e-06 1.7820755e-06 4.8470138e-05 0.031404577
0.9834952 0.0594902 0.042929698 0.08373444 0.30100876 0.023247262 0.17978337 0.3114508 0.025601756 0.09612037 0.5725029 0.049609452 0.40587273 0.0672785 0.0065291286 0.13440973 0.7397635 0.04781494 0.51577574 0.0041601565 2.8889744e-15 0.039721563 0.0021155225 0.033385705 0.000205844 0.00094538956 0.12276424 0.001499176 0.0009732832 0.000345713 0.746783 9.6351505e-06 0.002964838 0.0008802958 0.003951267 1.5504223e-05 0.059367854 0.014951568 9.428172e-05 1.7558278e-06 4.5348046e-05 2.2253189e-05 0.026078554 0.015349044 0.6212223 0.014343564 0.0096477205 0.013848772 0.00011066942 0.0005495409 0.06799179 0.0034958192 0.014047663 0.00030984564 0.0056642154 0.0015080408 0.002640209 0.0014784664 0.009375598 0.40768045 0.0018589179 0.00040693232 0.0050436673 0.00026747506 3.3057735e-05 0.03951252 0.010883329 2.3948463e-05 5.2368443e-05 0.0001381883 0.0009286553 0.00014918525 9.160666e-06 0.00062512845 5.898809e-06 0.00024604134 0.0002542981 0.00028919405 0.0006070025 7.242845e-07 0.00018675794 0.0003271624 0.00041916498 8.197016e-06 0.17909175 1.08643035e-05 1.132385e-05 8.203635e-05 0.00013130155 0.055173695 1.6131824e-07 0.00012549784 1.2465684e-05 7.42032e-05 9.519419e-06 0.00012005424 0.108143665 0.00038599822 1.6399619e-07 8.433738e-06 2.146319e-05
0.41971722 0.11098053 0.027171625 0.024803927 0.18537924 0.08888367 0.26359525 0.105458125 0.034736082 0.6374058 0.078940935 0.7510731 0.0721085 0.017111726 0.013142582 0.20943457 0.03709353 0.80518836 0.0338062 0.0006004524 0.039721563 2.2327042e-18 0.0014602178 0.80621296 0.00022928021 0.009031448 0.0056797964 0.0074090143 0.0009856978 0.00037453586 0.039862562 2.9262543e-05 0.014419127 1.7092421e-07 0.019363472 7.882515e-05 0.0043194187 0.46960902 6.909148e-05 6.489637e-06 0.00012387132 0.00015456488 0.0028677909 0.47080922 0.026012208 0.000226547 0.0005070184 0.00027930966 0.038102847 0.003772546 0.0031794512 0.32600915 0.0010130369 0.00095733936 0.13306406 4.668472e-05 0.11061011 0.089088924 0.00095159124 0.0047292453 3.3793687e-05 0.016418526 0.07782775 0.00038612433 2.0597136e-05 0.0018324505 0.0019918482 7.405439e-05 0.0011212879 0.0015652709 9.693505e-05 0.01272571 3.7081067e-05 0.0003251744 3.0153653e-05 0.01674469 0.00014090938 0.00015120025 0.00022364197 1.63507e-06 0.00016101108 0.00042668128 0.009822357 2.8881108e-05 0.002593994 3.0137497e-05 0.0012890515 0.0007804279 0.00020962165 3.895567e-06 3.7862999e-06 0.0038693694 1.7988215e-05 0.00055677624 8.956921e-06 0.0019172797 0.0030050895 0.0021487777 2.915051e-11 2.8738783e-05 0.0002985676
0.98837894 0.058912694 0.19437066 0.124922365 0.021915125 0.05262093 0.0041274023 0.00080502545 0.21730182 0.0007521043 0.06782718 0.017014408 0.00043669037 0.7459948 0.29876077 0.00011318144 0.0013265793 0.0009766202 4.654189e-05 0.7516707 0.0021155225 0.0014602178 3.6855466e-18 2.360962e-05 0.45065516 0.100927204 3.8876675e-07 0.028698089 0.71790105 0.30897674 0.0030578568 0.07598664 0.009800519 0.17708567 0.005318299 0.06947987 0.46996623 0.0006510789 0.10304643 0.028387103 0.049739994 0.057324667 4.1860764e-07 1.2378422e-05 0.000598435 9.334085e-08 1.295865e-07 5.9325178e-08 0.0021502834 0.02274336 7.955829e-06 3.8988824e-06 0.36929923 0.027430404 0.0016953063 1.8385585e-08 5.08507e-05 2.3540092e-06 7.977462e-07 0.0046326662 4.8122228e-08 0.0005654317 8.439608e-05 0.00944131 0.0342802 3.3335094e-05 2.553494e-06 0.0056305737 0.002537349 0.00051834923 1.7715288e-06 4.6411114e-06 0.0028916493 4.1042664e-08 0.0017843891 1.541066e-05 2.7967818e-07 4.0888216e-07 0.0014631628 0.00017919703 2.822604e-07 0.024746712 0.00022455046 0.0007328981 0.06255643 0.0028357576 1.47237315e-05 0.00017944346 0.0067292647 0.0030764763 9.3941824e-05 1.8849405e-05 0.00039465216 0.021079065 0.000224709 3.9572265e-06 0.07461769 1.8608058e-06 0.00032598042 0.0001466765 0.014828899
0.19354907 0.034507662 0.0059428634 0.014256863 0.16526012 0.023551935 0.2943084 0.12975816 0.005628458 0.70231307 0.04486895 0.43772617 0.114229746 0.002187125 0.0012479726 0.38611355 0.04656699 0.806674 0.074374504 9.201445e-05 0.033385705 0.80621296 2.360962e-05 3.0353297e-17 1.701999e-05 0.0009790225 0.08640067 0.0014490181 1.2950225e-05 1.4965341e-05 0.035234917 1.179313e-06 0.005348935 1.2195974e-07 0.007758913 8.468273e-06 0.000977107 0.39545354 3.162519e-06 9.815507e-07 6.009442e-06 5.2937285e-06 0.059728846 0.64487785 0.035821144 0.0030786719 0.001982031 0.004303673 0.0016729464 0.00038462944 0.0072423867 0.4058234 0.00026820993 0.00025721302 0.06786997 0.00072989945 0.065849 0.13263969 0.0036057534 0.0046848203 0.00026530825 0.0038166842 0.28433192 0.00011616264 4.8184774e-08 0.0017372638 0.0014313405 2.0521375e-05 0.0003120192 0.0003547064 0.0014175234 0.014790102 4.953303e-06 0.0052539203 1.6902821e-06 0.00810573 0.0008265462 0.0008739156 0.00013103272 3.0665478e-07 0.0007046702 9.506492e-06 0.003541386 1.4971357e-06 0.0016103681 2.0238751e-06 7.555853e-06 0.00020384652 2.619229e-06 1.7324954e-05 5.351909e-07 0.0005681685 1.8058904e-06 7.404912e-06 1.54118e-06 0.003360454 0.001512492 0.0039843633 2.1480905e-12 3.119671e-06 2.4845326e-06
0.9783254 0.0037669197 0.052605312 0.018861167 0.00133561 0.007587882 0.00033884452 0.00024826854 0.035979997 7.757577e-05 0.009142566 0.0009252342 0.00013807909 0.20604888 0.2013424 1.3414551e-05 0.00018322049 0.00017293004 9.679127e-06 0.8681411 0.000205844 0.00022928021 0.45065516 1.701999e-05 4.8401474e-17 0.04318642 2.716594e-06 0.019124793 0.35206616 0.5489815 0.00026264627 0.3201062 0.010983783 0.202102 0.006646666 0.27519953 0.23788323 0.0004442342 0.23117629 0.19644178 0.30490854 0.3731729 1.3995049e-06 1.8046345e-05 8.759547e-05 4.4450158e-07 5.5775505e-08 9.365344e-07 0.0074862936 0.03744288 4.751177e-06 2.5780253e-05 0.18300593 0.06963259 0.0012602267 1.5147762e-08 7.125736e-05 9.908103e-06 1.6683972e-08 0.00072324474 5.0656648e-09 0.00089034636 7.907746e-05 0.041882087 0.16230741 5.9408376e-07 8.43118e-08 0.042874414 0.008144038 0.0007986213 5.4056204e-07 2.1965288e-06 0.028678082 3.0245093e-07 0.01016759 2.4018623e-06 3.1192204e-07 2.5149956e-07 0.009250627 0.002020696 2.3733962e-07 0.1531029 3.2849188e-05 0.005655037 0.0072122733 0.02278333 0.00021778503 3.487456e-05 0.065153316 0.00023085558 0.0012707524 8.385386e-06 0.0031789294 0.17383008 0.0019381825 2.0713405e-06 0.012688698 3.2246007e-07 0.0017307383 0.0016917812 0.09920894
0.73301804 0.07066552 0.08685547 0.047388665 0.012045203 0.13707994 0.003345883 0.0009615172 0.54796386 0.0033598468 0.028593833 0.040704437 0.00065123476 0.09576921 0.74774915 0.00013827361 0.00086900266 0.0051235165 0.000111476795 0.057655737 0.00094538956 0.009031448 0.100927204 0.0009790225 0.04318642 1.0041459e-18 7.915642e-06 0.80101997 0.07656782 0.25488925 0.0015959247 0.00681406 0.44196758 1.5164971e-05 0.34652278 0.16944695 0.054124005 0.032795027 0.5779231 0.024338441 0.011197514 0.013762639 1.2537051e-05 0.00025980928 0.0005531654 4.250897e-06 5.3685612e-06 1.04240535e-05 0.19869612 0.6433294 0.00021225348 0.0004536559 0.00933992 0.6974062 0.15757358 4.269596e-07 0.021889474 0.0002299663 1.9939816e-05 0.0003577077 1.5117081e-06 0.13908246 0.0015060063 0.36891672 0.006315624 0.00011408372 1.4368042e-05 0.14389938 0.13970867 0.06835874 1.3989097e-06 3.5037745e-05 0.0037117405 2.2923714e-06 0.00028428886 7.331053e-05 6.6395696e-06 1.037136e-05 0.056338422 8.399893e-05 1.0913276e-05 0.027834784 0.0063221287 0.00015381361 0.0016281958 0.0017997107 0.06529384 0.02956098 0.008303865 9.387273e-08 9.254742e-05 0.00011238326 0.0002727159 0.0049670897 0.00038292844 1.1930624e-05 0.0016988474 2.9135615e-05 7.524504e-07 5.3316286e-05 0.0052121715
0.8737391 0.0008518237 0.0007256749 0.0018060826 0.018330544 0.00033690248 0.045516387 0.1449824 8.300709e-05 0.097177334 0.014152702 0.0007298705 0.52414066 5.8008227e-05 2.3761502e-05 0.6666643 0.19399361 0.030173462 0.6718061 1.6401733e-05 0.12276424 0.0056797964 3.8876675e-07 0.08640067 2.716594e-06 7.915642e-06 2.0310885e-16 6.0276257e-06 5.944538e-07 1.1546582e-06 0.17686167 5.4884506e-08 0.00021348227 9.2637487e-07 0.00076232344 6.4457913e-07 0.0006367258 0.0014300708 2.4581584e-07 7.018068e-08 5.422814e-07 4.1772873e-07 0.77199066 0.08583406 0.39169478 0.61485004 0.222335 0.47407103 1.3582095e-06 0.00011770131 0.56808615 0.005857517 0.00013198426 0.00017810882 0.003730273 0.1567602 0.00061194826 0.0009826807 0.11507616 0.06232554 0.034553144 0.0002131466 0.03950627 0.00013433478 8.022162e-09 0.0670293 0.031272464 2.7387849e-05 0.0001995649 0.0002400328 0.030529756 6.464519e-05 3.8326763e-07 0.041889705 3.3814925e-07 5.207421e-05 0.011939106 0.011632877 0.00032740552 1.5274846e-07 0.009261895 1.3515147e-07 4.1659012e-05 1.4043259e-06 0.0033308354 5.85738e-07 2.8605276e-08 5.8232767e-05 2.0425038e-07 0.0022021483 1.2467062e-07 1.3008488e-05 2.7532208e-06 4.1744318e-07 2.0090176e-06 0.00017816233 0.0019030654 0.0075556124 7.562422e-11 2.67849e-06 3.1357004e-08
0.709365 0.09593507 0.1607768 0.051238645 0.028484711 0.30131388 0.009838197 0.0022597814 0.5127258 0.004119757 0.025967564 0.32798573 0.00078768714 0.08373944 0.37030995 0.0002738645 0.00068872585 0.004988081 0.00016876053 0.006708072 0.001499176 0.0074090143 0.028698089 0.0014490181 0.019124793 0.80101997 6.0276257e-06 2.903717e-20 0.023602769 0.042548288 0.0015317874 0.0005180273 0.77872926 1.9876023e-07 0.6668068 0.00828152 0.0140086515 0.054643746 0.06584347 0.0011690314 0.0010626412 0.0013908696 3.2781227e-06 0.00048729757 0.00034681096 6.170587e-07 2.2715599e-06 7.884943e-07 0.52653223 0.44971249 9.5118914e-05 0.0007742766 0.0012109454 0.21479955 0.14085686 4.1071328e-08 0.036281995 0.00033028066 1.3890941e-05 0.00014676005 2.191709e-07 0.31452662 0.00024244847 0.022306995 4.4220233e-05 3.5644396e-05 1.2382578e-05 0.0021385304 0.057485644 0.052191775 3.8490498e-07 4.1998683e-05 0.00016651659 8.3066396e-07 4.399095e-05 0.00034618066 5.1939733e-06 5.0391377e-06 0.0043028905 2.6921034e-06 4.763899e-06 0.0028296106 0.009762677 3.2159278e-05 0.0017372158 0.00042705025 0.099625334 0.023556966 0.00078505295 1.4600396e-06 2.4919054e-06 0.00069727696 1.1049229e-05 0.00046679805 1.677641e-05 1.8489407e-05 0.0020330255 2.3678867e-05 1.36418095e-08 9.786518e-06 0.0014846345
0.99578583 0.05630473 0.123944506 0.089909635 0.017648371 0.060961425 0.00445527 0.0014538948 0.17118913 0.0006273432 0.044044103 0.013727372 0.0005307195 0.63983345 0.25341275 0.00015909137 0.00083339645 0.00055802386 6.502892e-05 0.59839344 0.0009732832 0.0009856978 0.71790105 1.2950225e-05 0.35206616 0.07656782 5.944538e-07 0.023602769 1.1420777e-18 0.31049538 0.0013686138 0.08365875 0.0062523037 0.43898275 0.0030346478 0.08729134 0.5587973 0.00019901943 0.096118785 0.044443563 0.044583905 0.055543818 6.902634e-07 4.7371195e-06 0.00017737655 5.488639e-08 3.8516546e-08 4.7127145e-08 0.00020302217 0.011858548 8.765855e-06 2.0368832e-06 0.5168795 0.01600543 0.0008429236 6.935587e-09 4.4968932e-05 2.3414084e-06 1.9234558e-07 0.0016204093 2.81057e-09 0.00015235183 2.3595101e-05 0.0063451123 0.014808478 1.0570876e-05 4.6792096e-07 0.004418388 0.0008657765 0.00014884744 1.2041411e-07 4.5472316e-06 0.0032391376 5.8017378e-08 0.0018037383 1.7474495e-05 7.570011e-08 2.387146e-07 0.0013935941 0.0001114989 1.0552724e-07 0.011312339 0.00018327362 0.00084527413 0.053107835 0.0025517524 9.1710115e-07 9.9546494e-05 0.004352298 0.0052504498 6.329999e-05 1.153294e-05 0.00037165897 0.011014375 0.00018713769 3.7134769e-06 0.09550834 8.017802e-07 0.0003145501 0.00019504967 0.0054438417
0.97097564 0.0034020431 0.06572562 0.024840204 0.00057869736 0.0063760327 0.00013944478 5.4701963e-05 0.0795553 0.00012065799 0.012448945 0.0012852319 7.199584e-05 0.1549374 0.4583844 6.968263e-06 0.00023959074 0.00012811057 1.5506337e-05 0.2544647 0.000345713 0.00037453586 0.30897674 1.4965341e-05 0.5489815 0.25488925 1.1546582e-06 0.042548288 0.31049538 4.1269753e-16 0.0005654021 0.74016297 0.019928101 0.0090866005 0.020787206 0.6269141 0.18628305 0.00025354308 0.6335579 0.5156904 0.37017027 0.4805309 8.8025917e-07 1.598127e-05 0.00029910225 1.5477484e-07 4.384528e-07 1.6650142e-07 0.0065349597 0.097102895 9.532948e-06 5.0733863e-05 0.14159915 0.20986915 0.0038113357 5.2283333e-08 0.00017317313 8.409311e-05 4.8880116e-07 0.00041600532 4.8594476e-08 0.0029992631 8.215246e-05 0.14391081 0.20364046 1.3764516e-05 7.8946425e-07 0.14967775 0.045105495 0.0109328935 4.8039533e-07 1.2628176e-05 0.106282495 8.570689e-07 0.031231992 2.385341e-05 9.1342895e-07 1.7059454e-06 0.033737376 0.012326102 2.187273e-06 0.3054105 0.00024604323 0.016912676 0.0028957583 0.0276891 0.0004838562 0.0020773506 0.12634669 1.38331825e-05 0.007212796 3.3496308e-05 0.010169874 0.2838187 0.009021934 6.3849625e-06 0.00348363 1.0609648e-05 0.0005126766 0.004527869 0.12942044
0.9922666 0.13909388 0.07456195 0.19074926 0.29214844 0.051907625 0.21807678 0.28622717 0.061969604 0.13676117 0.5960066 0.06522416 0.3973692 0.13302095 0.013050464 0.15852453 0.5922699 0.0477324 0.47584692 0.0070581734 0.746783 0.039862562 0.0030578568 0.035234917 0.00026264627 0.0015959247 0.17686167 0.0015317874 0.0013686138 0.0005654021 4.1410716e-17 1.6188707e-05 0.002312327 0.003031875 0.002492886 2.2713877e-05 0.0658062 0.009210912 0.00014296878 1.7130551e-06 5.8331483e-05 2.4741916e-05 0.037645288 0.014593987 0.6940489 0.030544411 0.011498177 0.024300752 2.801555e-05 0.0002113135 0.1072809 0.0019865518 0.02165681 0.00015287419 0.0035288194 0.002558818 0.0013165615 0.00071414444 0.00839422 0.5339361 0.0022981735 0.00027727435 0.0041573527 0.00014902143 4.8600108e-05 0.03384655 0.0072461106 1.9961086e-05 2.2274764e-05 8.0435515e-05 0.00097348326 8.668038e-05 3.1862048e-06 0.00029665098 3.2880355e-06 0.0001988908 0.00013882802 0.00015053122 0.00027106912 1.14380406e-07 0.000107739455 0.00041993477 0.0006400085 4.2734846e-06 0.28113875 1.4168914e-05 1.1883029e-06 7.515117e-05 0.0001298575 0.20872897 6.02493e-08 0.00014180654 5.11514e-06 8.954124e-05 3.7078432e-06 6.343258e-05 0.25614458 0.00017780114 3.941996e-07 2.7119036e-06 1.03447e-05
