4.0123507e-23 0.12414993 0.1894499 0.21877083 0.02072014 0.21650918 0.3845296 0.43654194 0.0236747 0.63838404 0.8717429 0.25066042 0.83898747 0.024155641 0.71548295 0.076045424 0.54382676 0.8921807 0.85121137 0.8347898 0.8469724 0.112774245 0.09392384 0.033087283 0.005184884 0.74612933 0.045219023 0.7984247 0.9285119 0.88812584 0.9278609 0.94106984 0.8779446 0.93630445 0.2627891 0.81190133 0.95569456 0.97588265 0.8094459 0.015986286 2.0037225e-05 0.0076980195 0.23001786 0.9864709 0.968088 0.9368899 0.85287833 0.32641578 0.7972233 0.9048709 0.71475595 0.96092933 0.9651018 0.82441425 0.97438484 0.93909186 0.87729263 0.98834074 0.9884658 0.0003571298 0.88549167 0.9927511 0.98194623 0.872083 3.2547237e-07 0.97550285 0.9714338 0.9973023 0.028854081 0.9483881 0.9993916 0.99553925 8.9558307e-07 0.5614965 0.9989426 0.006959464 0.9701775 0.99976623 0.9953033 0.9991023 0.95885885 0.0004980625 0.00029205877 0.618356 0.9176476 0.9999234 0.8381673 0.0028963536 0.00017149776 0.006053168 0.0007174026 0.9893765 1.0401447e-08 0.8179381 2.2455108e-06 7.805838e-05 0.9999639 0.0076895775 0.995615 0.09416979 0.9999882
0.12414993 4.2844846e-18 0.9242025 0.9638252 0.48402786 0.6142022 0.41790128 0.6410079 0.41471505 0.29194787 0.6993939 0.12723067 0.42860064 0.05613286 0.0630822 0.012269226 0.054897744 0.22804949 0.026257943 0.0019356592 0.11329223 0.0016806525 0.0012251256 0.000119171105 0.019326117 0.10547657 0.09651604 0.0006745688 0.06356765 0.0052549653 0.0138468845 0.01906936 0.05938452 0.03389725 2.9044983e-05 0.00021704088 0.034795444 0.018876484 0.001528725 0.0056296447 0.015328894 0.0005794246 3.849624e-06 0.0091146855 0.0006241342 0.008270146 9.639657e-05 5.0427214e-09 5.39689e-05 0.00069945556 0.00017290511 5.22702e-05 0.00036373516 1.0162209e-05 0.008680622 0.00027166386 0.0007284697 9.779655e-05 0.016502155 8.337737e-05 0.0004940977 0.0019195466 5.1633848e-05 2.2416573e-06 6.291988e-06 0.0007212142 2.6155647e-06 0.0029251827 0.00067411794 0.000675973 0.008060284 6.8419395e-05 0.0017597849 4.8415322e-06 0.00015069496 2.762966e-06 0.00010322728 0.0020519635 0.0075582173 0.0004143853 0.0002499324 1.623832e-06 6.005114e-07 1.2343356e-06 0.00011094236 0.005031757 1.3707963e-05 2.8426078e-07 3.435728e-06 1.6002993e-10 0.00021565685 2.9418736e-05 1.80662e-05 1.2725022e-05 5.9645678e-05 0.00054578617 0.0025303448 1.2642527e-05 0.0001384347 3.6536253e-06 0.0006571404
0.1894499 0.9242025 2.2564658e-17 0.65514356 0.76201 0.9260531 0.114069894 0.69247156 0.6195487 0.9146058 0.46274975 0.023357255 0.27105072 0.28891528 0.006973243 0.14366235 0.10405968 0.14789352 0.106351525 0.034871146 0.12336242 0.015525488 0.012702345 7.953461e-06 0.106188335 0.028260333 0.020163003 8.0525235e-05 0.11439334 0.0013629453 0.0025547121 0.004044486 0.06945224 0.031237075 0.000117079304 0.0023367608 0.032118067 0.04043236 0.00549738 0.0015500034 0.042003397 0.0025328305 1.2346e-05 0.02293267 0.0019452942 0.0024318034 0.00055962 5.7564424e-09 0.00040262673 0.00038688918 0.0014064932 0.00046453474 3.8558246e-05 7.4966774e-05 0.0026440616 6.8875765e-05 0.00021675006 0.00046348528 0.011349351 0.00016901371 0.00015282811 0.0035509127 0.00031575013 1.0835404e-05 5.4603348e-05 0.00014103699 1.7399238e-06 0.004078257 8.749229e-05 8.08822e-05 0.010792741 1.6723735e-06 0.0026042422 1.7518696e-05 0.0003017159 9.706201e-06 2.4636007e-05 0.00015148357 0.0042653847 0.00023766479 7.2879106e-05 1.739345e-06 1.0937073e-07 2.419553e-06 0.00022502615 0.004893665 1.7793709e-05 1.1672265e-06 3.430964e-06 8.078926e-10 0.00017393583 5.731341e-06 2.2659508e-05 6.1190035e-06 2.1261601e-05 0.0003764086 0.0009598918 6.6246145e-07 0.00025347102 3.8311342e-07 0.00096152176
0.21877083 0.9638252 0.65514356 9.2991735e-18 0.18111256 0.53210807 0.5999647 0.7491158 0.14368205 0.2605689 0.8716122 0.34805155 0.5408402 0.030781904 0.26973376 0.020838838 0.116149604 0.3626652 0.04287201 0.0017986991 0.13070092 0.0016727748 0.0012154501 0.0010378618 0.014877542 0.35729057 0.11780623 0.002515086 0.09932589 0.024018336 0.09325664 0.07896954 0.07356068 0.090316705 4.6003526e-05 0.00021919777 0.086143896 0.029642036 0.0012949553 0.012284952 0.0065053767 0.0006983721 3.636415e-06 0.012239601 0.0002989052 0.0321888 4.82019e-05 1.9905128e-08 2.6541009e-05 0.0031221698 0.00017109198 2.299006e-05 0.0015085543 2.8734491e-06 0.02003212 0.0011118923 0.0014637258 5.843805e-05 0.02569202 0.00019943666 0.0011391576 0.0029366722 1.7580018e-05 3.8259896e-07 1.6826514e-05 0.0033085078 4.9340765e-06 0.003774491 0.0009334937 0.0023231355 0.0076472643 0.00012070874 0.00032532576 3.2291782e-06 5.3728916e-05 9.405119e-07 0.00020264497 0.0022555667 0.013896819 7.646308e-05 0.00067432405 3.552782e-07 2.173837e-06 4.8699906e-07 3.194683e-05 0.0019775834 4.5460824e-06 1.1935711e-07 8.8656265e-07 2.3526445e-10 0.000153951 0.0001856033 2.1331629e-05 0.00018570617 0.00016239312 0.0005393399 0.0011279988 3.089809e-05 1.9366444e-05 2.2756785e-05 0.00012927318
0.02072014 0.48402786 0.76201 0.18111256 2.6278109e-17 0.21978901 0.05973186 0.16720784 0.9937353 0.61944187 0.13864109 0.018142508 0.05655607 0.577824 0.0130510805 0.30910596 0.043579135 0.040867843 0.041826237 0.021187067 0.029760398 0.011140144 0.016108051 1.7518321e-06 0.27810752 0.014210256 0.051809035 0.0006563966 0.017859232 0.0053709173 0.0034937945 0.0032756855 0.011664489 0.0064179963 0.00043974008 0.0021269948 0.0077447128 0.010979337 0.0025945778 0.0037026615 0.07946091 0.0012517989 8.033041e-05 0.0029459135 0.0007766705 0.0010751812 0.00045272344 4.4425338e-10 0.0003196431 0.0007082826 0.0004989163 0.0005029864 0.0003967384 0.00015922237 0.0009842593 0.0002525339 0.00052038074 0.00048133754 0.0031906792 0.000116870695 0.00022068848 0.0006727455 0.0002567863 8.6503984e-05 5.5531553e-05 0.00020721585 1.0052339e-06 0.0010597912 0.00053791574 0.00023976856 0.0011124226 1.0357562e-05 0.0024442181 4.289415e-05 0.000116958116 1.2937671e-05 0.000109760964 2.2039518e-05 0.001195097 8.213546e-05 0.00028639426 1.92469e-06 4.8607728e-08 1.5138499e-05 0.00044708134 0.0014263539 0.00022262437 1.6354888e-07 1.9824938e-06 1.5137147e-10 5.41498e-05 0.00022161163 0.00021827304 0.00053460227 2.8646517e-05 0.00061082206 0.0003520778 1.0403079e-05 0.00047302016 2.6856404e-05 0.00038557014
0.21650918 0.6142022 0.9260531 0.53210807 0.21978901 3.6518332e-18 0.03445952 0.9667507 0.13712126 0.60200554 0.421105 0.013773761 0.49256015 0.072538264 0.0062084417 0.034471795 0.20402312 0.2101212 0.122431695 0.023737686 0.20342842 0.0054034614 0.0040520607 8.74925e-06 0.025425 0.054164924 0.0038104416 0.00013372535 0.22326311 0.00058105175 0.0026917586 0.01101341 0.12128155 0.056048527 0.00020281067 0.0055477875 0.05105988 0.06382662 0.016820924 0.00047754758 0.008076608 0.0019948566 2.5419688e-05 0.053214688 0.007877184 0.008998162 0.0014476852 7.277436e-07 0.00089879136 0.00014061834 0.0020527414 0.0010326843 1.2733604e-05 0.000106153515 0.007421496 3.5983965e-05 0.00018663508 0.0013425885 0.023937037 0.00010562798 0.0001184803 0.014927015 0.0007400963 1.2805406e-05 9.417096e-06 0.00028630387 1.7037528e-05 0.013823228 2.2881351e-05 0.00021105753 0.020104498 3.4118466e-06 6.2473504e-05 8.155657e-06 0.0018106408 6.0129278e-06 2.192265e-05 0.0005259896 0.009244669 0.001117915 3.9607323e-05 6.709201e-07 7.718844e-08 5.4044885e-06 0.00089388987 0.009368668 3.4048404e-05 6.0318206e-07 5.177776e-06 7.961368e-10 5.195833e-05 4.8243955e-06 1.3066229e-05 1.2064606e-05 3.406143e-05 0.000176873 0.0016635098 1.8346587e-07 0.00045612798 6.590505e-07 0.0012077347
0.3845296 0.41790128 0.114069894 0.5999647 0.05973186 0.03445952 5.0086684e-18 0.094388805 0.09639367 0.030515905 0.8249914 0.9759915 0.12168364 0.008198838 0.79487765 0.0081105 0.01683882 0.139886 0.0042628595 0.0006829951 0.038944446 0.0029579527 0.001169372 0.037134856 0.0066135237 0.3568004 0.42716137 0.063327394 0.032246385 0.2204726 0.20483045 0.07614801 0.041371197 0.05909746 0.00010227784 0.00027500352 0.05262983 0.016222129 0.0009424958 0.09645225 0.0045384844 0.00075560116 2.3266432e-05 0.008824847 0.00023687756 0.05418774 5.306656e-05 1.500104e-08 5.0682796e-05 0.008580991 0.0011153342 3.957315e-05 0.007071939 2.0834184e-05 0.058955085 0.004479787 0.005523875 0.0001654243 0.012734596 0.0010937622 0.00399649 0.002098456 0.0001094548 3.2620744e-06 4.9596627e-05 0.02215562 1.3413757e-05 0.003975956 0.0116319675 0.012230127 0.008643263 0.0062260935 0.0011625746 5.6470603e-06 9.8946424e-05 1.3481401e-06 0.0016513419 0.028497966 0.035357732 0.00024607423 0.0016156528 1.2355558e-06 5.4496384e-05 2.4481371e-06 0.00025209857 0.0083561335 2.7961203e-05 8.1347224e-08 7.765553e-06 1.269898e-09 0.0014732982 0.00057818095 0.00010579121 0.00030987576 0.00052996643 0.004971583 0.009944028 0.0009717246 0.0003285124 0.00023800386 0.0009484424
0.43654194 0.6410079 0.69247156 0.7491158 0.16720784 0.9667507 0.094388805 5.4046e-18 0.13174784 0.41640726 0.6548046 0.037702784 0.8622736 0.035119195 0.026682073 0.021249248 0.22156335 0.4574936 0.12305161 0.01032419 0.36226 0.0040911017 0.002308809 7.9228805e-05 0.019617692 0.20247926 0.01564034 0.0007717344 0.2966365 0.001706493 0.02744695 0.054306097 0.19350919 0.13764162 5.8962476e-05 0.0004643589 0.11680942 0.09018921 0.005482851 0.0016421085 0.009744999 0.0015728973 6.040239e-06 0.055981882 0.0035319151 0.028490506 0.00018111648 4.913594e-06 0.00010006515 0.0006396335 9.882053e-05 9.6443204e-05 0.00016889078 8.512021e-06 0.013713751 0.00035728153 0.00056402606 0.0001420147 0.054223172 0.00018913139 0.0004956107 0.017251635 5.8642046e-05 5.1521204e-07 1.2643395e-05 0.0009887903 7.5740376e-05 0.016794246 0.00020500514 0.001081396 0.026331248 6.1624273e-06 0.00010327455 4.0894433e-06 0.0006222161 3.225614e-06 6.1766106e-05 0.0006265271 0.013805344 0.00076667895 0.0002122294 3.5531275e-07 3.4878414e-07 1.5981385e-06 6.028738e-05 0.007751078 1.0681083e-06 1.8355618e-07 2.724588e-06 3.2540298e-10 5.1849434e-05 2.4664289e-05 5.375818e-05 3.4969813e-05 0.00017669059 0.00020383912 0.0011767808 3.1891657e-06 1.9096638e-05 4.022704e-06 0.000583848
0.0236747 0.41471505 0.6195487 0.14368205 0.9937353 0.13712126 0.09639367 0.13174784 2.0461989e-16 0.34129325 0.20819116 0.018497543 0.08183104 0.44521922 0.017904775 0.061403204 0.013656105 0.046691433 0.023670834 0.0038620022 0.0562206 0.0043707015 0.004421018 7.002194e-07 0.25960302 0.0066110715 0.1684269 0.001107248 0.015691496 0.004151665 0.001944394 0.002421945 0.024245793 0.006466942 0.00028057568 8.468156e-05 0.009443925 0.018310914 0.00013587733 0.014994579 0.23557268 0.0005073926 5.5090466e-05 0.0009895515 8.7379725e-05 0.0019063613 2.2293849e-05 2.8915068e-10 2.0103393e-05 0.00021988346 9.2130016e-05 4.617644e-05 0.00028514472 7.393675e-05 0.0010504038 0.00022981239 0.00043189226 0.00013028682 0.0032532671 4.7928246e-05 0.00022670889 0.0003925312 4.8241676e-05 8.032087e-06 6.632845e-05 9.7595774e-05 3.4574958e-07 0.0010085208 0.001193482 9.926503e-05 0.0011999295 5.9319577e-06 0.025276303 4.413088e-05 1.3101779e-05 2.0930054e-05 0.00013824354 0.000109232584 0.0017871932 6.979786e-05 0.00038622817 1.1488516e-05 7.795292e-08 4.2238626e-06 0.00011939213 0.0037433433 2.169462e-05 4.495197e-08 2.6824546e-06 1.09905286e-10 0.00041661813 7.906058e-05 0.0012437168 2.9304096e-05 2.1426416e-05 0.001541649 0.0008763985 8.968237e-06 0.00017833538 9.998249e-06 0.0016719956
0.63838404 0.29194787 0.9146058 0.2605689 0.61944187 0.60200554 0.030515905 0.41640726 0.34129325 2.745435e-18 0.22137 0.009137528 0.1312976 0.74707663 0.00079531054 0.9050507 0.29290625 0.0736766 0.34866184 0.80576974 0.06021258 0.697769 0.6357815 2.0931711e-05 0.39451218 0.006448445 0.030976769 6.637025e-06 0.13257617 0.00033241208 0.0004149927 0.00071278465 0.040799715 0.012226343 0.014982215 0.07022535 0.014182334 0.040197603 0.050790977 0.0052006794 0.13203688 0.09904373 0.0010516958 0.079078786 0.025679305 0.00040069714 0.0048861294 2.4436923e-07 0.003231147 6.450146e-05 0.0034318005 0.0046117273 6.5880636e-06 0.0007002247 0.00023880626 6.034015e-06 8.963013e-06 0.001248316 0.0056143613 0.0036279925 6.6397597e-06 0.014407429 0.00069224247 0.00018353091 0.0007229409 3.397847e-05 1.1084417e-05 0.0075575793 1.4771453e-05 8.125783e-06 0.002890669 6.2947396e-07 0.00069195277 5.442228e-05 0.0058969115 0.00012438507 2.3305372e-06 6.1384085e-06 0.0009523515 0.0010463032 2.3088409e-05 7.025766e-07 5.8653814e-08 3.167451e-06 0.0005429459 0.0040081465 6.146109e-05 7.879446e-06 2.7129463e-06 3.3867178e-07 0.00017480519 2.7667393e-06 0.00026775934 9.133754e-06 3.2865042e-05 0.00012836493 0.00016900968 4.0031227e-07 0.0005022114 4.530529e-07 0.0013543308
0.8717429 0.6993939 0.46274975 0.8716122 0.13864109 0.421105 0.8249914 0.6548046 0.20819116 0.22137 1.9379213e-14 0.699217 0.6729305 0.022929624 0.7779825 0.02095318 0.043596186 0.4975512 0.0060321805 0.0010912732 0.22802655 0.00031217575 0.00013582046 0.05814645 0.005880645 0.6559466 0.36685902 0.11380205 0.0551346 0.28320086 0.5608736 0.27445808 0.2659976 0.3251759 2.1203932e-05 4.8605114e-05 0.37973365 0.11327765 9.294819e-05 0.065550394 0.014927854 0.0010817847 2.4964033e-06 0.027006391 7.136045e-05 0.25758895 5.4575357e-06 1.1192985e-06 1.3776946e-06 0.025379987 5.963228e-06 9.132735e-06 0.03051888 3.4116613e-06 0.28749004 0.006976027 0.007636514 3.6448782e-05 0.084524706 0.00015573006 0.005776513 0.007121406 5.1933885e-06 1.9673745e-07 7.315712e-06 0.088546686 0.00043019778 0.02025801 0.011171103 0.030877255 0.046699263 0.003982175 0.00043282204 1.0994419e-06 0.00018437121 3.6503985e-07 0.0014453621 0.09149487 0.25529012 0.00029961384 0.004398879 1.1796026e-07 2.6284662e-05 4.0467387e-07 6.2859515e-05 0.04213605 1.829858e-06 2.9007305e-07 4.959052e-07 9.42957e-08 0.0016196453 0.0010576034 8.87919e-05 0.0008818886 6.4739455e-05 0.0013617928 0.027070709 0.0002970422 2.0146463e-05 0.00014832414 0.002088371
0.25066042 0.12723067 0.023357255 0.34805155 0.018142508 0.013773761 0.9759915 0.037702784 0.018497543 0.009137528 0.699217 4.0522194e-16 0.045936186 0.0043362956 0.9224909 0.003907958 0.008795212 0.057200845 0.0024073157 0.0003134672 0.011111439 0.0009841622 0.0002874524 0.15635692 0.004565595 0.23253322 0.37707052 0.1918915 0.008033421 0.41703415 0.22029395 0.069984995 0.015728375 0.030986954 0.00013672432 0.00013921516 0.030070858 0.0069935787 0.00052473834 0.107493356 0.0005877771 0.0009488237 1.880597e-05 0.0011978492 0.00012967546 0.026770141 2.8940744e-05 1.7871045e-08 3.6490343e-05 0.0399218 0.00033217217 2.1415224e-05 0.031148592 1.1338254e-05 0.044068437 0.022113577 0.016742496 0.00011427548 0.0059436522 0.0015028844 0.008807346 0.00040561354 4.7753227e-05 2.8264144e-06 3.899654e-05 0.03211982 1.7064198e-05 0.0024163008 0.015709898 0.026367176 0.0031052872 0.0099407 0.00042659132 2.789527e-06 3.5417706e-05 2.7851354e-06 0.002176038 0.040489513 0.026586493 0.00019154722 0.0032701122 7.5377335e-07 0.0005834998 4.538887e-06 0.00011553213 0.0043692994 5.0042952e-05 1.5126072e-07 3.168158e-06 5.778914e-10 0.0024104884 0.0018026282 3.3863016e-05 0.0020843726 0.00052356435 0.005245189 0.007840759 0.0027947794 0.00031306775 0.0011677688 0.00032998095
0.83898747 0.42860064 0.27105072 0.5408402 0.05655607 0.49256015 0.12168364 0.8622736 0.08183104 0.1312976 0.6729305 0.045936186 5.750756e-17 0.013546744 0.077384606 0.006260195 0.17720793 0.9553228 0.031835813 0.0028765616 0.82304233 0.0018250471 0.00035514764 0.0006675232 0.00310618 0.32184348 0.01460282 0.0011565391 0.2913835 0.005448571 0.044516817 0.13843317 0.36374035 0.28929418 0.000110431254 9.301931e-05 0.2888683 0.14618817 0.0027082742 0.0016192076 0.0007298583 5.877889e-05 9.422432e-06 0.05386989 0.0020916956 0.08164058 0.00010145393 4.299806e-05 1.8428445e-05 0.0011347467 6.8583235e-05 9.7902004e-05 0.0008339008 1.0957996e-05 0.04711453 0.0002956269 0.000998791 0.0003491634 0.110572554 3.866363e-05 0.0011261958 0.042154443 6.227085e-05 1.0129373e-06 9.888799e-06 0.009990368 0.0009541247 0.08092318 0.00038652535 0.00450555 0.14928228 0.00017755358 0.00027840733 3.4840668e-06 0.00515187 1.3233513e-06 0.0003293242 0.007181176 0.09132948 0.0032674237 0.0007627478 1.3425608e-07 7.5078526e-07 2.6050468e-06 0.00025322312 0.057594925 1.9258385e-05 1.4958904e-07 1.4149488e-06 8.280665e-09 0.00047092064 1.8799336e-05 2.7671524e-05 2.1575775e-05 3.902787e-05 0.000634661 0.018945444 2.0714847e-06 3.1167972e-05 4.810617e-06 0.00830718
0.024155641 0.05613286 0.28891528 0.030781904 0.577824 0.072538264 0.008198838 0.035119195 0.44521922 0.74707663 0.022929624 0.0043362956 0.013546744 2.3148885e-18 0.0016973219 0.9445622 0.024840133 0.010256306 0.09878759 0.06655946 0.012463931 0.13537455 0.5240078 1.8457587e-07 0.950601 0.00080261606 0.0034096886 2.7560356e-05 0.020678284 0.0002790895 7.2493276e-05 0.00022590451 0.0088084135 0.0020771069 0.002851303 0.0025308335 0.0022934014 0.01152413 0.0021514772 0.0011122337 0.2352202 0.08633355 0.00024204327 0.0069643306 0.0015102385 3.401864e-05 9.914337e-05 5.9719174e-10 0.00020963406 0.0002646858 0.00038133844 0.00017444266 3.5155997e-05 0.0002430724 4.9903643e-05 1.3140319e-05 1.5498237e-05 0.00013513814 0.0011824789 0.0012879093 8.2697e-06 0.0011486167 9.5984695e-05 6.549902e-05 0.0029630132 1.9995896e-05 1.3377156e-07 0.0012869516 3.237507e-06 1.216053e-05 0.00094295037 8.6497636e-07 0.003703956 2.79854e-05 9.265162e-05 8.338026e-06 2.47265e-06 1.8370706e-06 0.0002707116 0.00011994415 6.1965907e-06 2.878161e-06 6.1143446e-09 5.6544163e-06 0.00022588944 0.0032759528 8.392287e-05 1.7532042e-06 3.549949e-06 4.811743e-09 0.00017138036 8.330253e-06 0.0018706839 6.6441303e-06 0.00010808958 0.00033740987 0.0001468348 9.353708e-08 0.00031268972 3.515733e-07 0.003775328
0.71548295 0.0630822 0.006973243 0.26973376 0.0130510805 0.0062084417 0.79487765 0.026682073 0.017904775 0.00079531054 0.7779825 0.9224909 0.077384606 0.0016973219 2.1456887e-18 0.00038131856 0.003191218 0.07916164 0.0003873959 4.472105e-05 0.012837607 4.97226e-05 3.963657e-05 0.7423625 0.0032684987 0.5524579 0.45674077 0.6486409 0.0020296294 0.65529966 0.6827708 0.27358827 0.014885483 0.060185265 2.7431004e-05 6.7328883e-06 0.05823362 0.0066644475 7.274522e-05 0.18167232 0.00018795668 4.8503105e-05 5.2190276e-06 0.002845403 6.018719e-05 0.1292091 9.49771e-06 1.2445003e-07 2.4468043e-06 0.3708256 4.599806e-06 1.209163e-05 0.24819018 3.060246e-07 0.14857447 0.18818228 0.2230345 1.5601674e-05 0.013962936 7.170106e-05 0.1756906 0.00085236697 4.1878316e-06 7.993664e-08 3.2826327e-05 0.13581486 0.00011566752 0.0023607425 0.05061624 0.1690888 0.0047275703 0.14254427 6.4697175e-05 6.494863e-08 3.9670642e-05 3.240857e-07 0.015480675 0.2856717 0.105524994 7.079979e-05 0.027308304 1.752933e-08 0.0010481572 1.2023669e-07 3.568084e-06 0.0052929716 6.767128e-06 2.9884273e-08 9.3759816e-08 1.291146e-10 0.0076908357 0.013517456 2.3818675e-05 0.011276488 7.342682e-05 0.01306987 0.030695682 0.009351894 6.524979e-06 0.002298457 0.0003152474
0.076045424 0.012269226 0.14366235 0.020838838 0.30910596 0.034471795 0.0081105 0.021249248 0.061403204 0.9050507 0.02095318 0.003907958 0.006260195 0.9445622 0.00038131856 8.014921e-18 0.029242221 0.0058156485 0.09146361 0.3459454 0.0045761177 0.7011076 0.90743047 5.6841446e-07 0.7340025 0.0015397161 0.003217635 6.3773978e-06 0.01687941 5.9155944e-05 0.00017850196 0.00020690385 0.0060776332 0.0012282268 0.06054042 0.04270221 0.0011693754 0.005307453 0.02270859 0.00229646 0.07265234 0.2300259 0.0019946264 0.011811737 0.0067834565 4.6096535e-05 0.004476388 3.7267114e-09 0.0035046001 0.00038779844 0.00274774 0.0041579967 8.433803e-06 0.0005189235 4.6373134e-05 3.9943116e-06 1.213429e-05 0.0008962748 0.0010606531 0.005549939 6.0321336e-06 0.0014970588 0.0006614801 0.00012705808 0.0022976813 2.8748103e-05 2.6531671e-07 0.0014553958 1.3684478e-05 1.441083e-05 0.00061712466 4.140303e-07 0.00023991035 5.568338e-05 0.0009420245 0.00021764528 3.311606e-06 5.0052927e-07 4.4599667e-05 0.00021092752 5.485238e-06 1.5808164e-05 3.1865492e-09 6.752449e-06 0.0005683793 0.00073739095 0.00020462913 3.156449e-05 3.7825954e-05 2.3825399e-07 8.304386e-06 3.7585835e-06 0.00047880187 7.111998e-06 0.0005358418 0.00018230038 4.019385e-05 4.5100222e-07 0.0005459679 6.8224176e-07 0.0005582011
0.54382676 0.054897744 0.10405968 0.116149604 0.043579135 0.20402312 0.01683882 0.22156335 0.013656105 0.29290625 0.043596186 0.008795212 0.17720793 0.024840133 0.003191218 0.029242221 1.3000559e-19 0.2293979 0.99232304 0.2462065 0.38960114 0.047754496 0.01543388 8.065855e-06 0.009767301 0.048859254 0.0024133946 9.381156e-05 0.6074859 8.893597e-05 0.001678475 0.018198192 0.16668683 0.087824605 0.010325456 0.13033627 0.059229013 0.13599601 0.44222054 0.0009686556 0.00042135653 0.006211667 0.0020290653 0.23188074 0.15442894 0.019646864 0.04901181 0.012843927 0.014405939 3.7226517e-05 0.016877865 0.023140514 6.8366653e-06 0.002274503 0.0010450048 2.578683e-06 4.036067e-05 0.0142260315 0.07260862 0.0008361106 1.4151642e-05 0.16583124 0.0051197475 0.00057604635 2.0738893e-05 0.0005403309 0.004772503 0.12957337 0.00013219487 0.00060301035 0.084408544 3.968816e-07 6.5156244e-05 6.495603e-05 0.1365828 0.00038143265 2.4238466e-06 5.1256415e-05 0.0056719454 0.06819954 2.4277182e-05 4.309007e-06 9.23641e-09 0.00011154315 0.005444169 0.041709278 0.00059706456 1.8775997e-06 6.183792e-06 7.814018e-08 8.746522e-06 3.1846796e-06 2.1972402e-05 5.2493924e-06 3.5487457e-05 0.0004297127 0.0013719873 9.505453e-07 0.0025533324 1.235292e-06 0.020719053
0.8921807 0.22804949 0.14789352 0.3626652 0.040867843 0.2101212 0.139886 0.4574936 0.046691433 0.0736766 0.4975512 0.057200845 0.9553228 0.010256306 0.07916164 0.0058156485 0.2293979 4.100142e-16 0.019776322 0.0014376704 0.9673526 0.0019343897 0.00030771276 0.0010724014 0.0016654622 0.5210801 0.016905775 0.0013583873 0.346764 0.0065233624 0.10919264 0.27022037 0.39530033 0.3817129 0.0001159685 3.1011834e-05 0.32108077 0.1805429 0.002762829 0.0024050956 0.0006903316 6.935647e-05 1.0109113e-05 0.065536425 0.001272287 0.21366479 3.415879e-05 0.00040092514 4.308925e-06 0.0031097352 4.134503e-05 4.1412986e-05 0.0019177307 7.920543e-06 0.05221113 0.0009660287 0.0009979369 0.00020914662 0.16853924 4.5390403e-05 0.00079981453 0.09027049 1.8240133e-05 6.1315893e-07 2.69381e-05 0.023540307 0.0048360643 0.16163142 0.000571859 0.009401067 0.23071307 0.00023223525 0.0004363147 2.6651126e-06 0.0053861644 2.8060401e-06 0.00017988344 0.005954003 0.11085693 0.00486854 0.0008754563 3.0130252e-07 6.6518743e-07 2.1263356e-06 0.00011359994 0.09008517 1.7745489e-06 8.221276e-08 1.2258051e-06 3.648487e-09 0.0008284248 5.0168193e-05 7.049304e-05 3.3082742e-05 1.933765e-05 0.0013939556 0.01892292 5.3547506e-06 5.6709578e-06 1.2368356e-05 0.011619411
0.85121137 0.026257943 0.106351525 0.04287201 0.041826237 0.122431695 0.0042628595 0.12305161 0.023670834 0.34866184 0.0060321805 0.0024073157 0.031835813 0.09878759 0.0003873959 0.09146361 0.99232304 0.019776322 3.1369046e-18 0.24218433 0.08347167 0.05093066 0.064256564 2.0046007e-06 0.042315397 0.0025517817 0.00096785865 1.4663854e-05 0.30487308 5.473369e-05 3.7313457e-05 0.00033147406 0.047626495 0.024064492 0.01925146 0.09925896 0.020690998 0.06801596 0.23678331 0.00033575646 0.0017143955 0.017661866 0.0024716754 0.15424101 0.12641998 0.0026277846 0.034603037 0.006030158 0.016116086 4.715574e-06 0.00798926 0.03173672 1.2758542e-06 0.0015498904 0.0020354106 5.284671e-07 1.5578144e-06 0.030052278 0.032129835 0.0020503183 8.703682e-07 0.14096816 0.0067938147 0.00073997065 3.1151685e-05 0.00014141935 0.0015780042 0.08091183 9.9892995e-06 0.00010753386 0.03614487 1.7676295e-07 1.8469582e-05 0.0002736481 0.13570541 0.0021251973 1.3860239e-07 0.00016402523 0.0088506 0.047078326 1.1791657e-06 2.6543164e-05 1.7742449e-09 0.0002534275 0.007355761 0.022923583 0.0008290334 7.462696e-05 5.276141e-05 1.2808271e-06 1.0002341e-05 3.21006e-07 3.85039e-05 2.8160733e-07 0.00011029349 0.00014469957 0.003296257 1.2447187e-07 0.009788986 3.754805e-07 0.0203133
0.8347898 0.0019356592 0.034871146 0.0017986991 0.021187067 0.023737686 0.0006829951 0.01032419 0.0038620022 0.80576974 0.0010912732 0.0003134672 0.0028765616 0.06655946 4.472105e-05 0.3459454 0.2462065 0.0014376704 0.24218433 1.4591261e-16 0.008368275 0.9059422 0.55763227 4.648365e-05 0.05101634 0.0002382587 0.0042294655 3.1627076e-07 0.06360177 1.0894809e-05 2.9141898e-05 8.5974585e-05 0.006114874 0.0005392018 0.62384695 0.8942159 0.00045880844 0.011742534 0.26092154 0.0006518191 0.0012622733 0.13370797 0.22070248 0.057768513 0.13167837 5.6742825e-05 0.14087401 0.00010111663 0.16504884 4.3733803e-06 0.13954106 0.14016488 4.679406e-07 0.059200514 2.4416911e-05 1.3714227e-07 4.1874782e-07 0.044090204 0.0030634084 0.016523803 6.4757177e-07 0.02581023 0.051387884 0.014015258 0.00015263424 6.5434688e-06 7.010847e-05 0.009042426 1.6348495e-05 1.968479e-06 0.0013016952 3.11885e-08 5.5325154e-06 0.01050452 0.09956156 0.015389492 8.9379813e-07 1.8176257e-06 0.00010833592 0.009388317 4.3380714e-06 0.0013213557 3.2652675e-08 0.00055568 0.01759927 0.0032797162 0.009877729 0.002487125 0.00035314247 0.00074385933 0.00028920287 1.0514526e-06 3.724573e-05 3.1464183e-06 0.0007377655 2.3554476e-05 7.3473406e-05 5.709947e-07 0.021724992 1.3156915e-06 0.0020255262
0.8469724 0.11329223 0.12336242 0.13070092 0.029760398 0.20342842 0.038944446 0.36226 0.0562206 0.06021258 0.22802655 0.011111439 0.82304233 0.012463931 0.012837607 0.0045761177 0.38960114 0.9673526 0.08347167 0.008368275 9.404057e-17 0.003953538 0.0007893224 0.0001587416 0.0027679615 0.21007995 0.003649151 0.00039487783 0.9308092 0.0005059401 0.008170656 0.069754355 0.7687743 0.49341574 0.000377864 0.0007290823 0.35794082 0.4880957 0.030201523 0.0010927118 0.00081773783 0.00013554524 2.2274233e-05 0.16125262 0.015927859 0.087454684 0.00089304673 0.0038152707 0.00014685623 0.00032871205 0.0006176985 0.00071255764 0.0001615343 6.410078e-05 0.014064048 5.371796e-05 0.00024252594 0.0020907223 0.18837799 6.8153175e-05 0.00014260411 0.14174847 0.0005102743 5.7102598e-06 2.554384e-05 0.0060776593 0.0067066937 0.15792929 0.00034904157 0.0032918744 0.21943216 5.582734e-06 0.0006928861 1.2551166e-05 0.038275313 1.5776264e-05 1.8175124e-05 0.0011054816 0.04989926 0.026856432 0.00017719936 1.2061955e-06 1.6467102e-07 2.5873527e-05 0.0008682414 0.14393608 3.327354e-05 3.9226526e-07 5.1118877e-06 5.6349583e-09 0.00063981465 3.5203486e-06 8.551046e-05 6.0469133e-06 2.1340991e-05 0.000913849 0.008879149 3.0945112e-06 0.00014319229 8.61658e-06 0.023532657
0.112774245 0.0016806525 0.015525488 0.0016727748 0.011140144 0.0054034614 0.0029579527 0.0040911017 0.0043707015 0.697769 0.00031217575 0.0009841622 0.0018250471 0.13537455 4.97226e-05 0.7011076 0.047754496 0.0019343897 0.05093066 0.9059422 0.003953538 2.0714679e-20 0.97395545 4.2195456e-08 0.08139267 0.00018049883 0.0015112254 5.5873625e-06 0.020605074 7.319285e-06 1.4742727e-05 3.367237e-05 0.0013703174 0.00015312017 0.7171701 0.4999942 0.0001903804 0.0045551835 0.10457496 0.0011734765 0.0004965804 0.23272598 0.1337545 0.0122548435 0.038436025 6.1109617e-06 0.054534007 1.164823e-07 0.059907205 1.7887372e-05 0.078083925 0.02974224 2.6147052e-07 0.036440685 1.3827471e-05 2.3789346e-07 8.8841114e-07 0.009353205 0.0007249562 0.0107458765 6.259606e-07 0.002288874 0.008353142 0.0032265433 0.00020442744 2.6067146e-06 8.719791e-07 0.0013522877 4.2490974e-06 3.4844757e-06 0.00033591897 1.3482929e-08 4.8362667e-06 0.0050375746 0.01106605 0.010406062 3.6645181e-07 2.0027404e-07 1.3820035e-05 0.00085175666 1.2110203e-06 0.00049369124 9.12946e-10 0.00027002883 0.0040626186 0.00031696088 0.0017842599 0.0015711104 0.00024849974 2.0350473e-05 3.947871e-06 4.168502e-06 9.653527e-06 7.458757e-06 0.000912464 2.4912793e-05 2.8269873e-05 1.668263e-07 0.0034817136 4.946403e-07 0.0001910255
0.09392384 0.0012251256 0.012702345 0.0012154501 0.016108051 0.0040520607 0.001169372 0.002308809 0.004421018 0.6357815 0.00013582046 0.0002874524 0.00035514764 0.5240078 3.963657e-05 0.90743047 0.01543388 0.00030771276 0.064256564 0.55763227 0.0007893224 0.97395545 1.7425579e-17 4.1048303e-08 0.51698434 3.3714496e-05 0.00066169153 1.2093497e-05 0.006756859 1.4363712e-05 7.6559645e-06 1.6929867e-05 0.00073795544 0.00015705358 0.73456913 0.2444714 0.00012413668 0.0026006002 0.036553483 0.0011356333 0.010041207 0.6765441 0.14266461 0.004139048 0.019204585 2.0174339e-05 0.026971381 2.151006e-08 0.03177463 0.00011048793 0.02695649 0.02374968 1.1719011e-06 0.019066742 1.1262494e-05 1.9493377e-06 2.8396125e-06 0.004771279 0.00010494291 0.096597075 2.4734093e-06 0.000979233 0.0035965596 0.002420441 0.004217054 5.650126e-06 9.113694e-07 0.0008157711 1.195188e-06 1.7862101e-06 0.00011809686 4.0778065e-08 1.44790065e-05 0.0065301964 0.003827218 0.020222837 1.4158235e-06 2.6935223e-07 1.7053297e-05 0.0002456442 5.7523735e-06 0.001197128 4.2951087e-09 0.0002804443 0.0033029485 0.00027835055 0.0017580136 0.0014034664 0.0007123218 9.051644e-06 4.0225525e-05 1.7560554e-06 0.00010902536 2.3107032e-06 0.002130891 4.3375232e-05 7.5056414e-05 2.560345e-07 0.003064896 3.1103028e-07 0.00036350125
0.033087283 0.000119171105 7.953461e-06 0.0010378618 1.7518321e-06 8.74925e-06 0.037134856 7.9228805e-05 7.002194e-07 2.0931711e-05 0.05814645 0.15635692 0.0006675232 1.8457587e-07 0.7423625 5.6841446e-07 8.065855e-06 0.0010724014 2.0046007e-06 4.648365e-05 0.0001587416 4.2195456e-08 4.1048303e-08 6.943399e-27 1.9520643e-07 0.1383544 2.8098335e-05 0.75394726 5.5971897e-05 0.49883053 0.61436075 0.06770337 0.0003628799 0.0010433354 3.094797e-08 4.2076355e-08 0.0015085277 0.00016076068 8.92386e-07 6.1727886e-05 1.7347604e-07 5.858972e-09 8.289357e-09 5.5606648e-05 1.5643202e-06 0.00652973 3.65416e-07 9.737769e-12 2.5993202e-07 0.58032525 6.772603e-08 8.403314e-07 0.41762248 2.5955739e-08 0.028007586 0.63573927 0.41645744 6.659552e-06 0.002823684 1.4858809e-07 0.37866583 2.1450767e-05 1.1785519e-06 4.0539213e-08 2.4936453e-08 0.023300633 1.9061545e-08 0.00030422644 0.0017971792 0.05970253 0.0011899049 0.16274397 2.186268e-06 1.1155122e-08 7.275171e-06 6.0099143e-09 0.026821487 0.17707479 0.014195849 4.453411e-06 0.06557169 3.4249144e-09 3.2835838e-09 1.3389222e-10 1.09048915e-05 0.0028147001 4.3720345e-07 1.7679698e-11 7.147443e-08 2.7042043e-16 1.8835701e-08 0.0052890102 9.7513386e-08 0.0010321173 4.8615238e-08 7.935664e-06 0.0033266738 0.0001383249 9.20267e-06 0.0007678241 0.00015069898
0.005184884 0.019326117 0.106188335 0.014877542 0.27810752 0.025425 0.0066135237 0.019617692 0.25960302 0.39451218 0.005880645 0.004565595 0.00310618 0.950601 0.0032684987 0.7340025 0.009767301 0.0016654622 0.042315397 0.05101634 0.0027679615 0.08139267 0.51698434 1.9520643e-07 2.3618438e-17 9.780495e-05 0.005526054 0.00017807163 0.004399645 0.0016472343 1.3984103e-05 4.4192075e-05 0.002230446 0.00013487626 0.0072726463 0.001827977 5.4492648e-05 0.0037150518 0.00045281995 0.003843656 0.94381195 0.7305935 0.0010293678 0.0005798514 0.0003160285 1.3485573e-05 3.313304e-05 4.0323017e-10 9.898455e-05 0.0003419582 0.00017154714 9.998158e-05 1.5057105e-05 0.0003212622 1.11637055e-05 4.296178e-05 7.941298e-06 9.38283e-05 0.00011901516 0.08894008 1.6882565e-05 0.00016737984 7.6768425e-05 8.8369015e-05 0.15363121 1.7845101e-05 1.8279349e-07 0.000760824 5.9132335e-06 1.0646918e-05 0.0005599749 1.2769937e-06 0.013275107 0.0001785367 2.2764167e-05 0.0002507716 5.9742483e-06 1.2849807e-06 7.42352e-05 7.644959e-05 1.2901483e-05 9.1282294e-05 3.687506e-08 9.578932e-06 0.00039497597 0.01691521 0.00023357083 2.8347624e-05 7.5780255e-05 1.5975905e-07 0.0003195605 6.394124e-05 0.061986763 1.6756025e-05 0.004532496 0.0015490592 0.00013582382 1.6856115e-05 0.0011964558 5.7001535e-07 0.017207287
0.74612933 0.10547657 0.028260333 0.35729057 0.014210256 0.054164924 0.3568004 0.20247926 0.0066110715 0.006448445 0.6559466 0.23253322 0.32184348 0.00080261606 0.5524579 0.0015397161 0.048859254 0.5210801 0.0025517817 0.0002382587 0.21007995 0.00018049883 3.3714496e-05 0.1383544 9.780495e-05 1.5515091e-15 0.040787905 0.17700973 0.06015524 0.0699199 0.89896095 0.9370453 0.12056978 0.32802123 0.00010830772 1.423171e-05 0.30504456 0.03714314 0.0009296438 0.007695667 9.2130715e-05 1.4058972e-05 7.2814114e-06 0.017199421 0.00039217537 0.33818543 5.7997662e-05 8.839548e-05 9.904806e-06 0.10943523 4.3216598e-05 5.492239e-05 0.10287639 1.3886343e-05 0.27616805 0.008255639 0.04303828 0.00014731492 0.10398348 2.3411973e-05 0.020164575 0.014873322 6.2182306e-05 2.9444964e-06 8.060741e-06 0.16424368 0.022199098 0.040534865 0.008143494 0.0885582 0.084352195 0.03079434 0.00014825328 5.7157274e-07 0.002653299 1.5084119e-06 0.0055293357 0.14030401 0.2655437 0.0019117476 0.014556561 1.9598203e-07 4.7461162e-05 1.7383235e-06 0.00024919483 0.055910192 1.7918257e-05 3.4617933e-08 4.9942923e-07 5.5180315e-11 0.0025262302 0.0010969656 1.5551722e-06 0.00046141972 8.9357826e-07 0.00456869 0.094483286 0.00028107996 0.00013234436 0.0004454613 0.009850255
0.045219023 0.09651604 0.020163003 0.11780623 0.051809035 0.0038104416 0.42716137 0.01564034 0.1684269 0.030976769 0.36685902 0.37707052 0.01460282 0.0034096886 0.45674077 0.003217635 0.0024133946 0.016905775 0.00096785865 0.0042294655 0.003649151 0.0015112254 0.00066169153 2.8098335e-05 0.005526054 0.040787905 4.2921244e-18 0.046027314 0.001726929 0.47488588 0.04835603 0.016811471 0.006174234 0.010202543 0.00027401763 0.00018065037 0.01036748 0.006028112 0.00027313054 0.9893522 0.026394624 7.060418e-05 2.3064993e-05 0.00055218366 8.471734e-05 0.002894722 5.025084e-05 6.542264e-10 2.1077702e-05 0.015685098 2.0032085e-05 5.5581673e-05 0.0055818027 3.0857675e-06 0.0045082234 0.008107171 0.005217647 3.1210653e-05 0.00172411 1.2358157e-05 0.0035347862 8.411605e-05 3.0836625e-05 3.8876564e-07 2.508496e-06 0.0042429306 7.6451734e-08 0.0005229753 0.13685988 0.0040235384 0.0025112967 0.0035138906 0.08359369 5.3278033e-08 2.461189e-05 1.2503997e-07 0.0009446677 0.0061107697 0.012417589 1.344888e-05 0.0014387553 4.215435e-08 0.00081539305 3.5690042e-09 3.0706564e-05 0.018634994 3.821512e-05 2.242084e-07 3.0398755e-07 7.485992e-10 0.13362977 0.0007942543 0.0013148851 0.0021233985 2.3906749e-05 0.26251963 0.017024668 0.06812145 0.00088115834 0.0022532518 0.001041767
0.7984247 0.0006745688 8.0525235e-05 0.002515086 0.0006563966 0.00013372535 0.063327394 0.0007717344 0.001107248 6.637025e-06 0.11380205 0.1918915 0.0011565391 2.7560356e-05 0.6486409 6.3773978e-06 9.381156e-05 0.0013583873 1.4663854e-05 3.1627076e-07 0.00039487783 5.5873625e-06 1.2093497e-05 0.75394726 0.00017807163 0.17700973 0.046027314 1.9358995e-15 1.9598652e-05 0.91341925 0.57517123 0.09552822 0.0002706858 0.0013211775 6.8720956e-06 2.790784e-07 0.0016528592 0.00018701176 7.281915e-07 0.037004456 2.8300165e-05 2.7500442e-07 2.0305207e-07 0.00015484977 1.322453e-06 0.0060027465 8.618682e-08 8.094925e-09 8.193067e-08 0.70534354 2.4043155e-07 1.9877707e-07 0.41209358 7.521193e-08 0.025221998 0.8908114 0.4764175 3.2014705e-06 0.0015991386 3.5813453e-06 0.45728415 7.910318e-05 1.8929548e-07 1.8847812e-08 2.3915572e-05 0.060263216 2.5415484e-06 0.0006134991 0.21601066 0.14517477 0.00096695736 0.40549722 1.0528188e-05 5.3551886e-08 1.110378e-05 1.786233e-07 0.12699768 0.3754166 0.026398249 9.192854e-06 0.36482945 1.5095903e-08 0.024614912 7.7289506e-08 1.7505378e-06 0.000380842 1.775551e-06 3.2557463e-08 1.07286624e-07 1.6100722e-10 0.0059747016 0.090294056 0.0006492544 0.060875166 1.45372405e-05 0.0059180213 0.0108066965 0.03779058 7.080978e-07 0.037687503 9.960603e-05
0.9285119 0.06356765 0.11439334 0.09932589 0.017859232 0.22326311 0.032246385 0.2966365 0.015691496 0.13257617 0.0551346 0.008033421 0.2913835 0.020678284 0.0020296294 0.01687941 0.6074859 0.346764 0.30487308 0.06360177 0.9308092 0.020605074 0.006756859 5.5971897e-05 0.004399645 0.06015524 0.001726929 1.9598652e-05 1.4297317e-15 0.00011391651 0.00093997264 0.016009577 0.83832425 0.28851125 0.0032490597 0.011952981 0.2126171 0.91764057 0.3393857 0.000694979 0.001427416 0.0012125535 0.00025401986 0.7005645 0.18892547 0.04927378 0.010921431 0.12918082 0.0030625453 0.00013049126 0.0030365482 0.00868402 3.2899785e-05 0.0005217023 0.007683673 4.3906225e-06 1.4607632e-05 0.017681854 0.27595463 0.0004411512 7.0285237e-06 0.41153237 0.0033493342 0.00016305373 3.8234073e-05 0.002184513 0.039307274 0.37414446 0.00013342407 0.0010141568 0.33422044 4.8878576e-07 0.001770741 0.00015925002 0.16493769 0.00014825667 8.178255e-07 0.0003747994 0.03137501 0.14243726 1.5175345e-05 7.956982e-06 2.8845085e-08 9.2143375e-05 0.00299276 0.24018131 0.0002259782 4.2981187e-06 1.1649162e-05 7.2227074e-08 0.00042006036 7.6229065e-07 0.0001291582 2.7792453e-06 3.968165e-05 0.0005468683 0.007433027 3.3872493e-06 0.0013275854 2.1222472e-06 0.1242995
0.88812584 0.0052549653 0.0013629453 0.024018336 0.0053709173 0.00058105175 0.2204726 0.001706493 0.004151665 0.00033241208 0.28320086 0.41703415 0.005448571 0.0002790895 0.65529966 5.9155944e-05 8.893597e-05 0.0065233624 5.473369e-05 1.0894809e-05 0.0005059401 7.319285e-06 1.4363712e-05 0.49883053 0.0016472343 0.0699199 0.47488588 0.91341925 0.00011391651 1.4474728e-16 0.24524292 0.055160932 0.0008093513 0.0046745073 2.5089216e-06 1.6441315e-06 0.008666542 0.0005111162 2.7939757e-06 0.5631035 6.3215375e-06 1.7851227e-05 5.0118192e-08 5.7896974e-05 1.5804688e-06 0.007504547 3.6380814e-07 1.7417683e-08 3.4112105e-07 0.3326246 2.3654357e-07 3.0742984e-07 0.30801937 5.48827e-09 0.039596148 0.7238116 0.3738864 1.5150247e-06 0.00048571613 9.910537e-05 0.38613182 4.716096e-06 1.5410338e-07 3.5072973e-09 1.743668e-06 0.084684975 1.4175731e-06 6.5304484e-05 0.7434389 0.146823 0.00014310355 0.44531044 5.853728e-05 9.698506e-09 1.5020282e-06 4.771114e-08 0.1462209 0.3573076 0.035083864 9.526776e-06 0.23395468 6.865187e-09 0.11965994 5.854057e-09 2.2131148e-06 0.0010929963 8.226449e-07 1.0821592e-06 3.6416413e-08 5.5508803e-08 0.052953597 0.08127219 1.9426265e-05 0.063724436 3.7102025e-06 0.07366029 0.020992106 0.3981769 6.294325e-07 0.053639855 0.00021287602
0.9278609 0.0138468845 0.0025547121 0.09325664 0.0034937945 0.0026917586 0.20483045 0.02744695 0.001944394 0.0004149927 0.5608736 0.22029395 0.044516817 7.2493276e-05 0.6827708 0.00017850196 0.001678475 0.10919264 3.7313457e-05 2.9141898e-05 0.008170656 1.4742727e-05 7.6559645e-06 0.61436075 1.3984103e-05 0.89896095 0.04835603 0.57517123 0.00093997264 0.24524292 4.181746e-15 0.91554344 0.014326374 0.111365795 3.5066925e-05 9.3910745e-07 0.11901053 0.0045423056 2.4818459e-05 0.015273458 2.2870192e-06 1.3768433e-06 9.042615e-07 0.0024388442 3.653723e-06 0.39610356 7.505805e-07 2.3624958e-05 8.684773e-08 0.5242694 1.1331321e-06 9.769662e-07 0.5324065 9.653356e-07 0.45792857 0.07918517 0.2953332 1.0138937e-05 0.029894896 3.560032e-06 0.12981278 0.002434537 9.659121e-07 1.0165504e-07 4.900841e-06 0.4111514 0.018452326 0.011404842 0.020407781 0.34247535 0.03303618 0.1401507 2.2547822e-05 1.1430997e-07 0.0002570338 2.0193568e-07 0.011137435 0.40876094 0.36025625 0.00058459066 0.015492439 1.2208508e-07 0.00097525853 1.5556379e-06 5.0255558e-06 0.044673912 1.0361905e-06 4.2206082e-08 3.8918998e-07 9.5326684e-11 0.0063823503 0.0015000055 7.373149e-07 0.001005269 6.933465e-07 0.0059145824 0.16952851 0.001255149 2.1376177e-06 0.0006578587 0.0030455405
