2.0920437e-20 0.333853 0.10103753 0.3333196 0.43547994 0.025748828 0.7640095 0.18975754 0.5134579 0.27173665 0.050008714 0.7207031 0.016896127 0.75938064 0.0104662115 0.24582295 0.009065874 0.117930785 0.004187249 0.19067372 0.9228119 0.8282566 0.0034199976 0.0002349658 0.00042927562 0.00040233502 0.00091291085 0.005515048 0.003317345 0.0020998933 0.84972787 0.00065817585 0.0148714995 0.007874131 0.95097125 0.04545954 0.000119539785 3.1416348e-05 2.3278326e-05 0.00018456913 3.5236753e-05 0.017422197 0.00026133432 0.010242943 0.80138826 0.43619 8.453354e-06 3.8161453e-08 0.99133074 6.5809326e-07 0.009872879 0.95082134 1.3000581e-08 0.9522268 0.014438317 0.96098536 0.96589935 0.9529903 0.9741668 0.82083845 0.97030497 0.011614071 0.7598531 0.64771265 0.5787711 0.98551816 0.97567075 0.07077711 0.9276904 0.9960692 0.023966406 0.8182077 0.04617309 0.98884803 0.9716699 0.9380103 0.5750408 0.9037366 0.98322016 0.9808073 0.9623562 4.9869464e-06 0.9992834 0.062493253 0.33890784 0.9993339 0.99244523 0.9937745 0.9992735 0.90273833 0.9953592 0.36403513 0.98115414 0.9129962 0.99978775 0.99996567 0.9999768 0.033460565 0.99989915 0.9999493 0.99935526
0.333853 3.979497e-18 0.96364635 0.9351509 0.8667687 0.34950125 0.045573883 0.41714594 0.70194346 0.008273448 0.0756267 0.35382774 0.06954669 0.39283052 0.0035115087 0.0003403331 0.2174119 0.0002417413 0.19566128 0.011983788 0.25891176 0.40237877 0.00064582645 0.07646199 0.032623027 0.0043655606 0.19273673 0.040537566 0.039469812 0.015316596 0.011738638 0.00032756574 0.00057747896 0.18588811 0.39001566 9.902062e-05 7.792026e-05 0.096249774 1.1458961e-05 0.03810947 0.14259468 6.572598e-05 4.492958e-05 0.0001290074 4.6073837e-06 5.180875e-05 0.014251554 0.0004430122 0.11182962 0.008667654 1.2271015e-05 0.052335214 0.00057948375 0.02025935 1.6819383e-06 0.12581605 0.0011155247 8.399444e-05 0.0029640887 1.1488756e-05 0.0074846908 9.692186e-08 0.0011751513 0.00034524698 3.5662793e-05 0.12545283 0.00028091168 7.856956e-06 5.3507152e-05 0.014741366 2.9891644e-05 7.915435e-05 1.8364058e-07 0.00566202 6.630783e-07 0.00027970207 2.007387e-07 1.3249463e-06 1.519704e-05 9.424014e-06 0.00014732574 1.0180046e-09 0.0105408775 3.5971215e-08 3.2304118e-07 0.00018854177 2.3535558e-06 4.5519326e-05 3.3170636e-05 4.918493e-06 2.3804803e-05 1.4054387e-05 3.5855748e-05 0.00011413911 0.0003662972 0.0031867824 0.006034338 0.00014818882 0.010343447 0.00014392268 4.950406e-05
0.10103753 0.96364635 4.844874e-18 0.6642492 0.92239076 0.09026369 0.13457182 0.8330655 0.3729136 0.02474233 0.41144627 0.15071481 0.17992549 0.16927572 0.026933732 0.0032668489 0.5304763 0.0010965116 0.38357228 0.018775675 0.18678793 0.21475378 0.007764484 0.1856382 0.07107641 0.02034456 0.22653443 0.185487 0.14962067 0.01796803 0.02121403 0.0004958864 0.0017412995 0.3544904 0.15280567 0.00045637728 0.00015627562 0.20575131 3.4669723e-05 0.0869666 0.19939591 0.00037712383 0.00018969245 0.00014985271 1.3724982e-05 2.3896057e-05 0.031931728 0.0019234654 0.030571748 0.022274124 1.5392226e-05 0.052490678 0.00091614045 0.02008678 4.421861e-06 0.05306016 0.001010188 0.0001681993 0.0021501645 4.8760136e-05 0.005970358 9.890891e-08 0.0006504201 0.00048346163 3.5393703e-05 0.031274408 0.00011764115 8.503347e-06 0.00016285744 0.003772449 4.527709e-05 6.260693e-05 2.6885718e-07 0.0029535873 4.2076897e-07 6.394588e-05 3.4178814e-08 7.264774e-07 1.5882268e-05 2.8256263e-05 0.00018031902 7.740494e-10 0.0034365836 5.2865033e-08 1.839711e-06 6.985979e-05 7.0479764e-06 5.561752e-05 2.9900568e-05 1.3024948e-05 7.697039e-05 1.6757398e-05 3.6606583e-05 0.00014039752 0.00029491392 0.0018166961 0.004973287 0.00023970111 0.0055514686 6.562057e-05 0.00010590072
0.3333196 0.9351509 0.6642492 3.958361e-18 0.90917647 0.927206 0.03990805 0.26991242 0.7985898 0.00877544 0.044208344 0.561552 0.20862609 0.4947246 0.0033578784 0.00025842394 0.1483595 0.00012652822 0.118153736 0.15390499 0.2001852 0.31532687 0.00039381618 0.14439158 0.096215 0.0032813759 0.18421191 0.08164115 0.05240922 0.057875372 0.0067628836 0.003951766 0.0026839569 0.12606353 0.43664116 4.5489945e-05 0.00029916642 0.037441712 8.286441e-05 0.011845296 0.055670973 2.0766522e-05 0.00017704481 6.596963e-05 5.20316e-06 0.0005162356 0.028075466 0.00074416056 0.2316729 0.00505346 2.2362958e-06 0.07088744 0.0006418348 0.011241339 7.353144e-07 0.0895643 0.00041856378 5.6547695e-05 0.0011352949 8.076415e-06 0.00418106 9.965064e-08 0.003964508 0.0016130339 0.00025297404 0.06111389 4.7534224e-05 0.0001252458 2.2860064e-05 0.016998246 0.00012020524 0.00038364652 2.4651823e-07 0.016106153 1.0411977e-06 0.0011003331 6.167769e-07 2.3840596e-06 3.6948286e-06 5.9100316e-06 6.153111e-05 9.494988e-09 0.0062509836 4.4572537e-09 3.4366505e-07 0.00047222557 3.5338505e-06 1.9372854e-05 8.080726e-05 7.5871365e-05 5.6096965e-06 1.4237281e-06 4.5833396e-05 1.5031436e-05 0.0005751839 0.004530997 0.0022440588 7.582045e-05 0.004508731 7.044244e-05 3.5646368e-05
0.43547994 0.8667687 0.92239076 0.90917647 2.630109e-16 0.4535702 0.02750736 0.55967015 0.37004688 0.003239266 0.18935382 0.47694322 0.8503604 0.4384221 0.0041343477 0.00015295176 0.47550532 1.22719175e-05 0.39796954 0.71656674 0.18487142 0.19349854 0.0007619037 0.5701131 0.5365598 0.0028089317 0.6030665 0.27540553 0.1475038 0.44560885 0.00021123835 0.058490857 0.012312062 0.35412198 0.34432307 1.5535292e-05 0.00080900866 0.099529184 0.0003328933 0.02954171 0.25584352 6.25205e-06 0.0011946372 3.8039077e-06 4.9899745e-07 0.00050207204 0.1959947 0.00382589 0.17272484 0.021929462 6.713995e-07 0.014016414 0.001623575 0.0018946185 2.1743024e-07 0.043597456 4.1343017e-05 2.5942252e-06 8.066181e-05 8.341354e-07 0.0009606826 5.7686567e-08 0.0045339507 0.0014153423 0.00026672793 0.034575995 1.0300528e-05 0.00013004662 6.6015477e-06 0.005455312 6.9325986e-05 0.00028435394 4.3813277e-08 0.015788624 1.6173753e-07 0.00035147095 9.1146454e-08 2.89971e-07 2.8526912e-07 4.8237996e-07 2.4869055e-06 4.2441295e-09 0.0013971605 7.3147035e-09 2.8335338e-08 9.2220995e-05 1.724436e-07 1.948801e-06 0.00030318607 5.715646e-05 1.6709643e-06 6.746095e-08 2.4726298e-05 1.8183157e-06 0.00011606774 0.0044665374 0.0015483414 0.00019259479 0.009783365 1.9354735e-05 9.9677545e-06
0.025748828 0.34950125 0.09026369 0.927206 0.4535702 5.5809223e-20 0.049773443 0.022629313 0.7409086 0.02434926 0.008431922 0.89441687 0.021767557 0.7194034 0.0019914762 0.00021634901 0.0053447154 0.001132281 0.0045516547 0.30481902 0.051984493 0.14224462 0.0006390375 0.015406864 0.013117327 3.3156623e-05 0.00096911617 0.0015576995 0.00051687233 0.0019718942 0.0041761524 0.00959524 0.106160715 0.0009965337 0.5784708 6.67304e-05 0.0006528902 8.979453e-05 8.586479e-05 0.0001039649 7.383092e-05 3.2406888e-06 0.0006241539 2.7011369e-05 8.668233e-06 0.0051177824 9.839828e-05 4.465979e-06 0.41970375 3.3314673e-06 1.9818115e-06 0.024932303 3.6481624e-06 0.0040160934 1.8090215e-07 0.052049804 0.0009836005 6.461289e-05 0.00039377803 1.1605573e-05 0.0019832589 1.5115978e-05 0.007861529 0.012442453 0.0031279936 0.022418948 4.0818908e-05 0.00034800358 7.351167e-05 0.01398465 0.00026677447 0.0021200161 8.560522e-08 0.019953253 3.1409905e-07 0.0016949474 3.8628987e-05 6.301223e-08 3.0312128e-06 7.3746437e-06 1.6748068e-05 8.3228194e-08 0.0028864432 1.1954922e-08 4.1033458e-05 0.00058000453 9.1508736e-07 1.9411807e-06 0.00045025948 0.00012836077 2.5908317e-05 1.22667925e-05 4.3401426e-05 2.5884337e-05 0.00010033404 0.0028818345 0.00024002799 0.0008140206 0.00049374654 2.8966601e-06 0.00014180681
0.7640095 0.045573883 0.13457182 0.03990805 0.02750736 0.049773443 4.8385392e-18 0.66665775 0.2311202 0.968625 0.58410054 0.07044001 0.0023731522 0.08556554 0.34067637 0.57991457 0.27306822 0.658519 0.09456042 8.9767214e-05 0.689238 0.45315668 0.06859041 0.011248315 0.0012398537 0.09314263 0.007479981 0.26280308 0.25419477 0.00043021026 0.62261397 3.140679e-05 4.5935963e-07 0.36705598 0.12861048 0.0469613 1.549656e-06 0.02794012 7.341175e-07 0.10631575 0.033451304 0.003859885 6.155285e-06 0.014907075 0.0016658751 1.3871921e-06 0.00021363766 6.0368562e-05 0.028769903 0.009904971 6.131227e-05 0.5133981 0.00022665267 0.577136 9.397995e-06 0.1684965 0.23426543 0.005786857 0.093287036 0.0014672561 0.052577537 2.8705887e-05 0.0009714601 0.00032261157 1.7821026e-06 0.126464 0.0072739953 2.8557264e-07 0.0006628871 0.0064565 2.8953452e-06 2.6584506e-05 5.360974e-06 0.008279522 2.1821245e-06 0.00042247103 2.569546e-08 4.237334e-06 0.0026649437 0.0023531835 0.0013768554 7.574071e-11 0.017746769 5.776014e-07 2.2335078e-06 0.00017102508 0.0001778995 0.0045634406 2.019935e-05 5.9652325e-07 0.00038240623 8.581628e-06 0.00013302056 0.00024521234 0.0036322821 0.005295441 0.019620689 0.00026053577 0.0054972754 0.0023006438 9.219559e-05
0.18975754 0.41714594 0.8330655 0.26991242 0.55967015 0.022629313 0.66665775 2.2156431e-17 0.34808818 0.11132035 0.97654325 0.10362102 0.03679156 0.1956798 0.2695017 0.105020784 0.6307264 0.02781562 0.5314067 0.0023071452 0.6017385 0.46242964 0.076628886 0.105968595 0.028956475 0.3963666 0.03946454 0.5614064 0.44806537 0.002480553 0.21917991 0.0010489498 1.8874065e-05 0.46277615 0.10356642 0.0036028314 3.6475696e-05 0.16191612 0.00013694903 0.0700553 0.045908194 0.0017227434 2.7796097e-05 0.00036892973 0.00016008994 9.6310476e-05 0.0023587297 0.0006615962 0.0071344813 0.038961787 6.737619e-05 0.11267268 0.0014250636 0.08511944 3.014494e-05 0.019978428 0.006985697 0.00024955109 0.0036150499 0.00027288424 0.0025808334 1.916298e-06 0.0005539517 0.00051868457 4.842361e-05 0.009340703 0.00013505839 1.8247025e-05 0.00033735647 0.0006142385 2.26874e-05 3.0128298e-05 8.532302e-07 0.0013221632 3.0626225e-07 0.00016373047 5.398093e-09 1.2031487e-06 1.5345502e-05 9.889331e-05 0.00045505154 8.374292e-10 0.0007975972 4.151728e-08 8.0450045e-06 9.157334e-05 4.1944164e-05 3.1176354e-05 0.00040803166 9.972685e-05 0.000642351 0.0003645323 0.0018355612 0.0009433951 0.0007570755 0.001590323 0.022039525 0.0021711015 0.013638794 0.00014333123 1.5720814e-05
0.5134579 0.70194346 0.3729136 0.7985898 0.37004688 0.7409086 0.2311202 0.34808818 7.9144244e-16 0.0875053 0.11401385 0.6720038 0.060772456 0.8424376 0.00963811 0.0010925471 0.34007528 0.0056696064 0.26260072 0.017098408 0.48134327 0.93839496 0.0010700502 0.0989929 0.048343178 0.0010128529 0.15714653 0.080397606 0.047092732 0.009424901 0.064306624 0.0002951415 0.0024724521 0.12770686 0.523242 0.0005371347 7.03924e-05 0.11347273 1.1513007e-05 0.021833573 0.08745554 0.000102735146 3.4524845e-05 0.0014880614 0.00012190203 0.00016970922 0.013213766 0.0008127077 0.15199357 0.009289835 8.126015e-06 0.060401227 0.0007107862 0.01503306 5.719833e-07 0.2032591 0.002121849 0.00023483948 0.0054096095 1.4120877e-05 0.019556435 1.2267132e-05 0.0024899386 0.0011057504 5.496216e-05 0.11808178 0.0006837331 8.7838416e-05 4.258698e-05 0.031719957 1.5970316e-05 0.0005315796 3.6792098e-06 0.011159689 8.6008135e-05 0.0006721693 2.1231168e-05 1.8122662e-05 3.9278188e-05 6.4505024e-05 0.00020758591 9.9055555e-09 0.017871993 7.9892857e-07 8.003714e-07 0.0006837146 1.6721766e-05 6.875351e-05 0.0001782196 8.427688e-05 6.7649315e-05 1.3779429e-06 1.907376e-05 6.6867065e-06 0.0009961664 0.0051665497 0.0027470929 5.95063e-05 0.0044262577 0.00015504632 0.00018477043
0.27173665 0.008273448 0.02474233 0.00877544 0.003239266 0.02434926 0.968625 0.11132035 0.0875053 7.913053e-19 0.11922261 0.0139544355 0.00023111992 0.021401107 0.10822734 0.3514993 0.033441007 0.96402794 0.00928515 5.8692535e-06 0.5911811 0.2374636 0.026844842 0.0013284758 0.00011475918 0.058765315 0.00030803104 0.085691884 0.0947069 2.5424657e-05 0.9041536 5.67251e-06 2.7276752e-07 0.09254127 0.034072414 0.19670291 2.221957e-06 0.0011056246 5.9558823e-07 0.030797476 0.0026172227 0.020667776 3.6543922e-06 0.043214276 0.051649503 2.6370125e-07 8.891354e-06 9.363695e-06 0.0065626362 0.0029175575 0.0015582469 0.46450296 5.1043782e-05 0.4596204 0.00017696968 0.06852921 0.20243877 0.044625744 0.10552996 0.024864366 0.035337802 0.00024315447 0.0002771953 0.00013220457 8.0502423e-07 0.031493332 0.021412805 7.592815e-08 0.0064972267 0.0021196562 5.9236304e-06 2.9532e-06 5.8444126e-05 0.00066447834 1.9555532e-06 6.124313e-05 2.2854795e-08 4.495549e-06 0.003401592 0.0038832196 0.0043496424 1.7157763e-11 0.003157011 7.3884513e-07 0.0004528843 6.605078e-05 0.00145384 0.001690791 1.885423e-06 2.101716e-07 0.0017503243 0.00080849614 8.649591e-05 0.0009535844 0.0043796035 0.0012067094 0.006565071 0.0004926443 0.0010315386 0.0025036132 5.26982e-05
0.050008714 0.0756267 0.41144627 0.044208344 0.18935382 0.008431922 0.58410054 0.97654325 0.11401385 0.11922261 3.889908e-18 0.02817602 0.0090955915 0.034383982 0.7306895 0.46585977 0.6817357 0.038894165 0.5149478 0.00021978031 0.3484278 0.10428251 0.47670597 0.040312666 0.0051990603 0.790216 0.020926185 0.72214305 0.6433317 0.00066278316 0.21412717 8.077404e-05 1.20461555e-05 0.6572354 0.018082164 0.005655698 7.6291653e-06 0.12012849 4.5825873e-05 0.21640263 0.100969955 0.004140594 2.0709662e-05 0.0002789014 0.000857562 4.1696814e-05 0.0016434503 0.0027660509 0.0020178836 0.07346251 0.0003466782 0.11852088 0.0060354862 0.076901995 0.00013195895 0.009465421 0.015359082 0.0013429776 0.0063559283 0.0006789074 0.0027874582 1.3055305e-07 4.5911875e-05 0.00017305376 2.353438e-05 0.0031591842 0.0009147907 5.7555917e-07 0.0007628085 0.00023113049 3.1247077e-05 1.1073111e-05 1.965171e-07 0.00034178488 1.1034129e-07 2.505831e-05 1.0798885e-09 3.3349082e-07 0.0009919099 0.0008159115 0.0014521522 1.3803285e-10 0.0009436174 7.435961e-09 1.4291518e-06 2.6461348e-05 8.212606e-05 0.00024189329 2.8173547e-05 4.192899e-06 0.00028378583 0.00021436585 0.00046564976 0.0012041095 0.001221612 0.0012733364 0.02082179 0.000690276 0.0050064796 0.001029577 1.4967011e-05
0.7207031 0.35382774 0.15071481 0.561552 0.47694322 0.89441687 0.07044001 0.10362102 0.6720038 0.0139544355 0.02817602 8.237174e-16 0.21525265 0.9704237 0.002421392 7.8746416e-05 0.08733016 0.00018376016 0.0644037 0.2849205 0.0533203 0.1844986 0.00016385621 0.083625115 0.09345415 0.00037381897 0.11673899 0.024862217 0.011565352 0.09037092 0.0017248889 0.0064595114 0.040772874 0.033475395 0.6731192 2.7494963e-05 0.00091408397 0.012979139 0.00017873757 0.0019958187 0.02462528 4.850572e-06 0.00044131596 0.0001877204 1.866625e-06 0.0052186595 0.027860187 0.00030033273 0.6289356 0.0010668191 9.805889e-07 0.020990059 0.00012225269 0.0017061309 1.1419424e-07 0.10167376 0.00010239143 2.4302071e-06 0.000423387 4.7726405e-07 0.006670043 3.4077816e-06 0.020713856 0.0042946464 0.001135407 0.064754024 3.776763e-05 0.00055207807 2.047107e-06 0.054096244 0.00040616246 0.0007594669 2.1816584e-06 0.056791566 5.3019663e-05 0.004196015 0.00019169542 1.2054682e-05 3.5379762e-07 6.360661e-07 4.3706036e-06 8.6879663e-07 0.01663068 8.0777585e-07 9.796956e-08 0.0017430515 3.9587417e-07 7.687209e-07 0.00042119354 0.0002953406 5.1033317e-07 1.6038265e-07 1.7982436e-05 2.9352145e-07 0.00046280178 0.014326906 0.0019283923 3.4809796e-05 0.00632509 1.4737386e-05 0.00019750626
0.016896127 0.06954669 0.17992549 0.20862609 0.8503604 0.021767557 0.0023731522 0.03679156 0.060772456 0.00023111992 0.0090955915 0.21525265 1.8050685e-16 0.13462739 0.00062845135 0.00034691519 0.023834808 2.1722788e-06 0.034493573 0.617197 0.011852789 0.011340791 0.00031055772 0.6630166 0.8062204 0.00037012435 0.36693382 0.016963908 0.007093036 0.92241186 5.418333e-05 0.5869256 0.07023663 0.03437502 0.07786258 6.868439e-06 0.056193005 0.0011509693 0.10329878 0.0024659985 0.017532812 8.282462e-06 0.013064754 5.697354e-07 8.426554e-07 0.012288045 0.13116498 0.0031986693 0.035645045 0.0026387288 2.0243847e-06 0.001370277 0.0016511057 0.00015740491 1.8495517e-06 0.00673459 6.05557e-06 3.856518e-06 3.8673992e-05 1.9207935e-06 0.00073015003 9.667737e-09 0.012923145 0.0071833194 0.012187262 0.0019990006 2.0109844e-06 0.0011637704 7.054054e-06 0.0005352938 0.0018478647 0.0037101305 1.647055e-08 0.009435418 1.2461196e-06 0.00084868283 1.6829065e-07 1.188881e-06 8.7895764e-08 3.0529378e-07 1.7056558e-06 7.2125843e-09 0.0006125096 1.4432057e-08 6.8244934e-09 0.00031154792 5.326719e-07 1.8448341e-06 0.0005162937 0.0010448584 5.4392463e-06 1.0564349e-06 0.0014639798 1.6798424e-05 0.00016108957 0.009643176 0.0012146704 0.0026121372 0.020417131 6.0456964e-06 7.254753e-06
0.75938064 0.39283052 0.16927572 0.4947246 0.4384221 0.7194034 0.08556554 0.1956798 0.8424376 0.021401107 0.034383982 0.9704237 0.13462739 2.8786887e-15 0.002226009 0.0003316679 0.09486373 0.0011532595 0.07973468 0.12695883 0.12211477 0.41577712 0.00015170794 0.07248896 0.059940204 0.00044149088 0.13911974 0.032959342 0.018192137 0.062431272 0.01301835 0.0015016594 0.004729327 0.046064503 0.8981999 0.00020561661 0.0002046467 0.025105434 0.00010842935 0.0032662568 0.023813853 7.651123e-05 0.0002048654 0.00048734824 1.2063112e-05 0.0009955666 0.017797183 0.00017936456 0.54983747 0.0012666573 5.6536564e-06 0.05575976 0.00014336308 0.0063249543 1.522744e-06 0.27558222 0.00063342624 7.026517e-05 0.0029235582 1.0091302e-05 0.019397581 2.7663451e-05 0.008621632 0.0013326555 0.00023733886 0.11431734 0.00025188664 0.00031920173 1.1125879e-05 0.081127115 0.00021522725 0.00033739585 8.87057e-06 0.039343305 9.192561e-05 0.0024209693 7.735201e-05 1.6156935e-05 4.3173072e-06 6.038327e-06 5.9752365e-05 5.340172e-07 0.02428003 1.3818078e-06 2.5211782e-06 0.0011136464 9.972903e-07 7.084757e-06 8.497434e-05 0.00014974913 3.6178121e-06 3.714249e-06 8.371914e-06 1.0745326e-06 0.0012709305 0.012067037 0.0027231234 2.8433455e-05 0.006484559 9.365406e-05 0.00026984347
0.0104662115 0.0035115087 0.026933732 0.0033578784 0.0041343477 0.0019914762 0.34067637 0.2695017 0.00963811 0.10822734 0.7306895 0.002421392 0.00062845135 0.002226009 1.3878189e-20 0.82448095 0.036694914 0.12062851 0.01445265 1.1360692e-05 0.10896715 0.01271778 0.97336364 0.0010738064 0.0004571246 0.7381309 0.00016756433 0.12908374 0.20778127 0.00024601087 0.1819061 1.7119617e-05 6.0874854e-06 0.14513281 0.0013787028 0.022733578 3.1188752e-05 0.0055936174 9.685701e-06 0.09934237 0.0016307605 0.008203002 8.948447e-05 0.0014685839 0.0126992185 5.5195494e-05 7.741813e-05 3.7933314e-05 0.00014514932 0.01152436 0.0030751636 0.05014929 0.00023774913 0.05590299 0.0009328032 0.0014782522 0.035367142 0.011208662 0.0070290207 0.005881744 0.0014046448 1.1023275e-07 6.1228886e-05 0.0001217734 7.6023507e-06 0.0008848266 0.00078274444 6.7561906e-08 0.00272145 6.375832e-05 2.2827767e-06 2.071127e-06 3.9419356e-07 4.604992e-05 3.7588754e-07 3.1794465e-05 1.867069e-09 4.530298e-06 0.0013139324 0.0011823361 0.002678586 1.04346407e-10 0.00038167243 8.71637e-08 7.857961e-06 5.1377224e-06 0.00049670803 0.002772614 1.7500011e-05 4.980886e-06 0.0010855331 0.0016525645 0.00014744859 0.0055799987 0.0025271531 0.00053841923 0.006882078 3.37189e-05 0.00031571553 0.015071998 1.715896e-05
0.24582295 0.0003403331 0.0032668489 0.00025842394 0.00015295176 0.00021634901 0.57991457 0.105020784 0.0010925471 0.3514993 0.46585977 7.8746416e-05 0.00034691519 0.0003316679 0.82448095 6.962554e-18 0.002669688 0.70135146 0.00013061339 1.5107137e-06 0.07143637 0.004694268 0.89488006 9.6067386e-05 8.827568e-05 0.28728744 5.1611273e-06 0.05237674 0.09206548 1.253901e-05 0.5094369 5.433201e-06 2.9069977e-07 0.02752759 4.8243426e-05 0.5170413 1.6083266e-05 7.482857e-05 2.516819e-07 0.015329406 9.901131e-06 0.6401342 1.2002281e-05 0.021285594 0.18559654 7.085061e-06 8.619045e-08 1.723339e-08 1.0564506e-05 0.0005624128 0.101848744 0.109388806 9.0108324e-07 0.27532506 0.017278844 0.00042454546 0.2199476 0.09513174 0.015878096 0.15860723 0.00039701015 0.00047733542 2.940712e-05 3.0747968e-05 1.0548504e-06 9.216789e-05 0.0018238917 2.0501215e-08 0.02195073 6.3219054e-06 7.602216e-07 6.933457e-07 8.247298e-05 4.287209e-06 7.5332746e-06 3.3661374e-06 5.2250332e-08 2.2219772e-05 0.009564985 0.01639579 0.016553666 8.847146e-09 0.00044228332 1.3262123e-05 0.0037796746 1.1542145e-06 0.01405727 0.0068663284 0.00010136564 3.800755e-05 0.043856658 0.01973508 0.00074269326 0.019951126 0.0027122868 0.0003136269 0.009923353 0.0011138828 0.008337634 0.16599415 0.00033761957
0.009065874 0.2174119 0.5304763 0.1483595 0.47550532 0.0053447154 0.27306822 0.6307264 0.34007528 0.033441007 0.6817357 0.08733016 0.023834808 0.09486373 0.036694914 0.002669688 6.336473e-20 0.0061310516 0.9403318 0.0006982935 0.3313862 0.2171095 0.010486463 0.10888947 0.024531547 0.2803748 0.17702886 0.3991322 0.30266604 0.003606295 0.09311307 9.176576e-05 2.6650938e-05 0.72886246 0.04114801 0.0005453437 2.3563127e-05 0.62080675 7.643009e-06 0.27652538 0.4853941 0.00021115132 5.1943174e-05 7.27465e-06 2.3176894e-05 1.2029955e-05 0.0072737252 0.005896493 0.003930219 0.13037506 2.1692405e-05 0.06811331 0.0039806794 0.02754299 2.847811e-06 0.024615398 0.0029641397 0.00039817876 0.0011476756 6.570987e-05 0.0013525914 2.7683358e-10 0.0004152748 0.00055414 4.7621047e-06 0.007490925 7.4601194e-05 6.644184e-07 0.0002227195 0.0003636795 8.88937e-06 2.5886486e-05 1.9465846e-08 0.00092112354 1.13104495e-08 0.00012225236 1.0281394e-10 2.4418404e-07 3.904823e-05 6.454576e-05 0.00027727935 9.694108e-12 0.0030918992 1.4547676e-10 9.160133e-08 5.6456473e-05 4.6612763e-06 2.0120504e-05 4.4532917e-06 5.5673577e-06 7.186629e-06 1.4910372e-06 6.9536914e-06 4.4304743e-05 0.00055331993 0.00052207184 0.05896421 0.00017329902 0.013129486 1.3755593e-05 9.866463e-06
0.117930785 0.0002417413 0.0010965116 0.00012652822 1.22719175e-05 0.001132281 0.658519 0.02781562 0.0056696064 0.96402794 0.038894165 0.00018376016 2.1722788e-06 0.0011532595 0.12062851 0.70135146 0.0061310516 2.0360104e-20 0.00082291994 2.7905832e-08 0.26910046 0.028414097 0.053071268 1.930537e-05 1.0559435e-06 0.072109595 1.3663866e-06 0.049220487 0.047568798 9.714837e-07 0.89064217 1.6331556e-07 2.2682821e-08 0.029761655 0.0030947751 0.9313468 3.5558872e-07 1.9560812e-06 6.024045e-08 0.007019542 4.0313505e-05 0.5611533 2.7853682e-07 0.41944373 0.22870474 3.38073e-08 2.3076981e-07 3.16485e-07 0.0012545829 0.00037079013 0.032834906 0.4044809 1.2617407e-06 0.53955215 0.0030477063 0.017658835 0.44664985 0.1324059 0.122454196 0.09461902 0.01654001 0.0013476742 4.8279882e-05 2.7567508e-05 1.2300131e-07 0.007650437 0.032320123 2.751413e-09 0.037696134 0.00021497266 5.056475e-07 2.9215332e-07 3.8303526e-05 8.9889625e-05 5.863589e-07 1.8418168e-05 1.7755043e-09 2.0925452e-06 0.02967502 0.026677867 0.012773183 5.9005804e-12 0.0011380181 1.7274253e-07 0.0006208276 1.4920067e-05 0.003365544 0.0050111148 1.2776007e-07 1.28933095e-08 0.003053314 0.0009579408 1.4819651e-05 0.0014776553 0.0024091185 0.0007590234 0.0045780847 1.6416254e-05 0.0007724132 0.0040185396 3.7267047e-05
0.004187249 0.19566128 0.38357228 0.118153736 0.39796954 0.0045516547 0.09456042 0.5314067 0.26260072 0.00928515 0.5149478 0.0644037 0.034493573 0.07973468 0.01445265 0.00013061339 0.9403318 0.00082291994 3.7221814e-19 0.00095686427 0.1803857 0.13486205 0.0032240935 0.14299783 0.03753895 0.100473225 0.27571976 0.23442252 0.17099875 0.006006157 0.009533797 0.00020286714 2.4495163e-05 0.6206311 0.030242745 0.00011481106 1.6321903e-05 0.54113734 7.628241e-06 0.2047037 0.52067643 3.4433862e-05 6.420919e-05 2.3378004e-06 3.9624115e-06 1.8708193e-05 0.09358094 0.012212655 0.0077813626 0.09689672 3.6892513e-06 0.026660167 0.004433254 0.0043996912 3.591707e-07 0.0143189775 0.00038713682 5.863539e-05 0.0002068058 7.080968e-06 0.0009493758 1.071803e-10 0.00079401315 0.0017661236 2.3463585e-05 0.006035018 1.3540782e-05 1.7806585e-06 7.658182e-05 0.0004471769 1.6875352e-05 9.753064e-05 8.577025e-09 0.001277732 7.916852e-09 8.082036e-05 1.705044e-10 6.3872704e-08 1.5401778e-06 3.5042e-06 7.506969e-06 6.8525138e-12 0.0025091227 1.8805922e-10 2.077491e-08 5.585086e-05 7.832705e-07 1.214961e-05 9.264982e-06 2.048776e-05 1.1983507e-06 5.0319846e-07 1.1331315e-05 1.3598149e-05 0.00014119956 0.000986272 0.016089197 0.00010565327 0.019776221 8.76521e-06 3.840182e-06
0.19067372 0.011983788 0.018775675 0.15390499 0.71656674 0.30481902 8.9767214e-05 0.0023071452 0.017098408 5.8692535e-06 0.00021978031 0.2849205 0.617197 0.12695883 1.1360692e-05 1.5107137e-06 0.0006982935 2.7905832e-08 0.00095686427 1.8604574e-16 0.0011359669 0.0022565217 1.0928582e-06 0.031639896 0.04916287 3.5597463e-06 0.0073383525 0.0019435104 0.00023708933 0.24682622 6.9879707e-07 0.93193537 0.95264924 0.0058815954 0.12116178 6.6683566e-07 0.7042895 2.5862575e-05 0.251952 0.000113180045 0.0013932106 9.0011184e-07 0.15790515 4.580151e-08 2.3744107e-07 0.3856628 0.03301137 0.00044604836 0.32342443 2.8894194e-05 4.7085543e-08 0.00042416342 0.000109771434 6.149755e-05 3.6518035e-08 0.005472672 4.068737e-06 5.822516e-07 7.086772e-06 1.6921504e-07 0.00015493413 1.9932104e-08 0.2812475 0.06306611 0.032502014 0.0068003456 3.2493663e-06 0.024189778 3.5338876e-06 0.0056427163 0.0042609507 0.03378876 1.4475284e-08 0.22166824 9.055642e-08 0.05747116 4.5450242e-06 4.5351307e-08 1.5250087e-07 9.899838e-08 9.880158e-07 1.8265477e-07 9.8422686e-05 7.1524444e-09 9.858184e-10 0.010199459 1.5708126e-08 5.1829954e-07 0.002142117 0.0012799217 2.2711221e-08 1.4170797e-08 0.00013399727 1.2596853e-07 2.6365124e-05 0.035942923 0.00055054127 0.00013359124 0.0042501497 4.4091103e-06 4.2054075e-05
0.9228119 0.25891176 0.18678793 0.2001852 0.18487142 0.051984493 0.689238 0.6017385 0.48134327 0.5911811 0.3484278 0.0533203 0.011852789 0.12211477 0.10896715 0.07143637 0.3313862 0.26910046 0.1803857 0.0011359669 1.841744e-17 0.98013204 0.008689903 0.020544993 0.0060119275 0.05832074 0.026798928 0.18355833 0.17915483 0.0017825743 0.82227564 8.213515e-05 1.3587882e-05 0.31304085 0.16490291 0.012777484 2.3937728e-05 0.19203204 1.8641585e-05 0.124386325 0.072106384 0.002572589 1.7333681e-05 0.017788103 0.00951397 2.9899184e-06 0.0007682438 0.00012655887 0.105574615 0.012862632 0.00028110383 0.5561081 0.00036474215 0.3198086 1.4692311e-05 0.4636526 0.09404394 0.0041755214 0.078085504 0.00035797062 0.15390332 0.00013127313 0.00046692294 0.00011498221 1.1612287e-06 0.24163298 0.0149734225 9.1604255e-07 0.00014469323 0.036950853 2.5576128e-06 1.707784e-05 0.00025315024 0.0052733193 0.00060109555 0.0003231831 4.5064435e-06 0.0001876073 0.0007959563 0.00037878563 0.0009199634 2.8039306e-09 0.051762488 1.6914038e-05 2.0064399e-05 0.00053056993 0.00033981146 0.0008202001 1.8086455e-05 6.763644e-06 0.00046342745 0.00017593325 9.946427e-06 0.00010182256 0.0058198404 0.0043429527 0.014842843 5.537153e-05 0.0068832263 0.0009972338 0.0006301173
0.8282566 0.40237877 0.21475378 0.31532687 0.19349854 0.14224462 0.45315668 0.46242964 0.93839496 0.2374636 0.10428251 0.1844986 0.011340791 0.41577712 0.01271778 0.004694268 0.2171095 0.028414097 0.13486205 0.0022565217 0.98013204 3.089266e-15 0.00050046673 0.019933138 0.009549695 0.0024330108 0.043690525 0.049132798 0.031210974 0.0016974489 0.30746076 6.4341046e-05 0.000104709674 0.14552456 0.5368944 0.0017934492 3.080285e-05 0.08659593 7.694444e-06 0.023976995 0.04294267 0.00032527986 3.7893795e-05 0.0041250978 0.0005922668 8.082996e-06 0.0013777184 0.000106772546 0.19949502 0.004379883 2.2384413e-05 0.39950898 0.00015282097 0.078557625 4.8523157e-06 0.6921943 0.014355524 0.0006547692 0.0253573 0.00012271269 0.10175646 9.114824e-05 0.00096621574 0.00036062827 1.124722e-05 0.26621428 0.0037927965 2.12102e-05 5.1912022e-05 0.058179718 9.819641e-06 7.942998e-05 7.030666e-05 0.012147665 0.00045695374 0.0004473656 2.0576796e-05 8.747193e-05 5.2313237e-05 4.7373476e-05 0.00022174229 2.6832373e-08 0.04761354 1.5887677e-05 5.2489668e-06 0.0003391825 2.4802912e-05 0.00012008184 3.3835317e-05 3.9607094e-05 3.795593e-05 1.5323756e-05 3.3845272e-06 5.9905537e-06 0.0027309123 0.0038193057 0.008216375 1.5729529e-05 0.009948757 0.00043442758 0.00069660734
0.0034199976 0.00064582645 0.007764484 0.00039381618 0.0007619037 0.0006390375 0.06859041 0.076628886 0.0010700502 0.026844842 0.47670597 0.00016385621 0.00031055772 0.00015170794 0.97336364 0.89488006 0.010486463 0.053071268 0.0032240935 1.0928582e-06 0.008689903 0.00050046673 3.5278012e-20 0.00027550332 9.867692e-05 0.6994775 4.411455e-05 0.052411377 0.14043005 4.148137e-05 0.043984853 2.2524739e-05 2.5362697e-06 0.045787144 4.833461e-05 0.019503107 2.2376877e-05 0.0010406721 3.1430475e-06 0.042019203 0.00037909285 0.024262296 2.1033486e-05 0.0024753753 0.0101684285 1.4802856e-05 5.3963413e-06 3.1048544e-06 2.3701956e-05 0.005683037 0.0038420819 0.0077594016 5.6217767e-05 0.0155149195 0.00072655926 0.00024733457 0.009777703 0.01209595 0.002373426 0.007842246 0.00030122884 4.5697047e-07 2.094525e-05 7.981458e-05 4.0907503e-06 0.00020654582 0.00027699527 8.7806285e-08 0.0025988026 3.1982072e-05 1.2548335e-06 5.051438e-07 2.0871929e-07 8.330189e-06 1.13105635e-07 3.297104e-06 4.2304044e-10 5.4132863e-07 0.00214804 0.0013322172 0.0020006245 5.5180215e-11 0.00023357796 9.9701964e-08 0.00023888936 2.7008284e-06 0.0011565428 0.005486819 1.1091872e-05 2.9354062e-06 0.0064431494 0.0027580052 2.9111035e-05 0.0055768574 0.00080365274 0.00037183674 0.0018523312 1.1664165e-06 0.00027930675 0.04521628 9.021835e-06
0.0002349658 0.07646199 0.1856382 0.14439158 0.5701131 0.015406864 0.011248315 0.105968595 0.0989929 0.0013284758 0.040312666 0.083625115 0.6630166 0.07248896 0.0010738064 9.6067386e-05 0.10888947 1.930537e-05 0.14299783 0.031639896 0.020544993 0.019933138 0.00027550332 2.5110712e-19 0.80730355 0.00081161835 0.85085374 0.011154789 0.0049802144 0.41713405 0.0004115632 0.011517214 0.00030210632 0.046143774 0.02505677 4.7986236e-05 0.00014203569 0.07938106 0.0003359515 0.014563254 0.08832538 9.406235e-06 0.0003039431 1.008638e-06 4.6637842e-06 0.0008150374 0.22928816 0.008009515 0.009099261 0.013027031 1.601585e-06 0.0011472248 0.0013513389 0.00036818438 5.6986806e-07 0.0026493936 1.5215239e-05 1.0848639e-05 2.341843e-05 1.0539715e-06 8.610621e-05 2.349716e-10 0.00028855324 0.0007743205 0.00011327086 0.0023498307 5.1598255e-07 9.901736e-06 1.0137932e-05 0.00029437718 3.563954e-05 0.0006689861 5.482816e-10 0.00064315525 3.5037623e-08 0.00012961043 1.8976904e-09 1.2916625e-07 2.3038807e-07 8.9414175e-07 3.469567e-06 1.2305193e-10 0.0036731397 1.3845448e-10 3.1656493e-09 0.00020215276 1.9930744e-07 5.0053353e-07 1.8828723e-05 3.120205e-05 8.2417137e-07 5.7459147e-08 1.1512074e-05 1.3456032e-06 0.00010747553 0.0037738774 0.005629438 9.872134e-05 0.018711295 6.7767405e-07 8.515341e-06
0.00042927562 0.032623027 0.07107641 0.096215 0.5365598 0.013117327 0.0012398537 0.028956475 0.048343178 0.00011475918 0.0051990603 0.09345415 0.8062204 0.059940204 0.0004571246 8.827568e-05 0.024531547 1.0559435e-06 0.03753895 0.04916287 0.0060119275 0.009549695 9.867692e-05 0.80730355 3.089933e-18 0.0001335478 0.6082472 0.0027647533 0.000665224 0.69683135 9.6109914e-05 0.04736952 0.00086854614 0.010893293 0.022358263 1.6219521e-05 0.0007963872 0.01328016 0.0036745023 0.003152994 0.02879748 3.2244975e-06 0.00087438035 8.97239e-07 9.935984e-07 0.0023253819 0.20269813 0.004465832 0.013567682 0.0032116403 3.2239086e-07 0.0005208179 0.0007601727 0.0001585053 2.3741524e-07 0.0025498574 6.5172803e-06 2.970923e-06 8.437109e-06 6.9620285e-07 0.00017168513 7.5572065e-10 0.0012845373 0.0021546115 0.00029504724 0.0015760446 5.694351e-07 1.9910874e-05 1.0062549e-05 0.00049351493 0.00016804313 0.00030001756 1.995332e-09 0.0019587125 4.9132037e-08 0.00023372922 9.540226e-09 1.0746889e-07 5.590246e-08 1.8704785e-07 4.359827e-07 8.12544e-10 0.0016318223 3.3373593e-10 1.0301814e-09 0.00026852885 1.08358485e-07 4.6507193e-07 0.00020662583 0.00014120062 2.0468415e-06 3.7616704e-08 7.7294935e-05 3.6895785e-06 4.8382528e-05 0.0063485196 0.0019678513 0.00028984452 0.0068980744 2.3130337e-06 8.626151e-06
0.00040233502 0.0043655606 0.02034456 0.0032813759 0.0028089317 3.3156623e-05 0.09314263 0.3963666 0.0010128529 0.058765315 0.790216 0.00037381897 0.00037012435 0.00044149088 0.7381309 0.28728744 0.2803748 0.072109595 0.100473225 3.5597463e-06 0.05832074 0.0024330108 0.6994775 0.00081161835 0.0001335478 1.3808731e-22 0.0001072787 0.50052404 0.6537649 1.0866895e-05 0.054906517 7.116293e-06 2.0860498e-06 0.20473704 4.1356743e-05 0.02135253 7.2472534e-07 0.0036386265 2.3124436e-07 0.10203964 0.001092055 0.0127817495 3.679492e-07 0.00021693722 0.0035677135 1.2777647e-06 9.0177355e-07 7.79788e-06 1.3133115e-05 0.003103854 0.0014003613 0.025866898 7.371111e-05 0.050296646 0.00040168883 0.00015925609 0.021261906 0.0020426952 0.0009851778 0.00028528128 5.0016755e-05 2.5594748e-06 6.910831e-08 2.8951507e-07 3.2857532e-08 4.7255213e-05 0.00019777993 1.3879219e-09 0.00035133056 5.7922844e-06 2.2417589e-07 6.880593e-08 2.363662e-08 1.8102081e-06 1.3459658e-07 3.4421512e-07 1.0900674e-10 2.8253916e-07 0.00044615963 0.00021555589 0.0003653082 1.2087632e-12 9.8660785e-06 1.34562095e-08 6.631128e-06 1.4132509e-06 8.4100975e-05 0.00035645298 4.1558956e-06 5.5513144e-08 0.0015152842 8.426676e-05 2.776273e-06 0.0006036165 0.00067865715 8.459278e-05 0.0015323713 1.0113187e-06 0.00023102318 0.0038416386 7.518673e-05
0.00091291085 0.19273673 0.22653443 0.18421191 0.6030665 0.00096911617 0.007479981 0.03946454 0.15714653 0.00030803104 0.020926185 0.11673899 0.36693382 0.13911974 0.00016756433 5.1611273e-06 0.17702886 1.3663866e-06 0.27571976 0.0073383525 0.026798928 0.043690525 4.411455e-05 0.85085374 0.6082472 0.0001072787 1.822288e-17 0.011858775 0.004702616 0.3570642 0.00019727564 0.0036742643 7.6955264e-05 0.09222279 0.054821 1.9720126e-05 0.000119561904 0.17109449 0.00011727151 0.028422471 0.3700676 1.7270819e-06 0.00024270618 4.954431e-08 1.1044325e-06 0.00033380475 0.575364 0.046356477 0.008854849 0.016499024 4.17126e-07 0.0013097494 0.0031727722 0.00033371433 4.011463e-08 0.006592102 2.45299e-05 9.8455785e-06 1.1469446e-05 1.6377746e-06 0.0001012668 7.6564016e-10 0.00035094528 0.00039201885 6.800631e-05 0.0025810192 2.8857397e-07 2.3994148e-06 8.783192e-06 0.0006595378 3.7385693e-05 0.0001569844 6.0466965e-09 0.000753001 7.375875e-08 2.8601498e-05 3.0870606e-09 8.5915694e-08 6.001438e-07 1.1276804e-06 1.5066721e-06 9.1948527e-10 0.009476481 9.342643e-10 3.5650016e-10 3.5924848e-05 6.393106e-07 4.2410165e-06 2.9288478e-05 5.9561908e-06 1.1538832e-06 1.8874324e-08 2.3352011e-05 1.7726715e-06 0.00010041674 0.005489061 0.014439928 2.2070142e-05 0.09158269 2.0518487e-06 8.467494e-05
0.005515048 0.040537566 0.185487 0.08164115 0.27540553 0.0015576995 0.26280308 0.5614064 0.080397606 0.085691884 0.72214305 0.024862217 0.016963908 0.032959342 0.12908374 0.05237674 0.3991322 0.049220487 0.23442252 0.0019435104 0.18355833 0.049132798 0.052411377 0.011154789 0.0027647533 0.50052404 0.011858775 8.268576e-20 0.9656711 0.00057319325 0.20336361 0.00013192046 2.3090719e-05 0.7254233 0.009778687 0.0050330483 0.00011391195 0.2523546 1.8916302e-05 0.5180642 0.09254441 0.0010567931 0.00010785347 7.136822e-05 0.0022632233 0.00019222686 0.00071476103 0.00054504606 0.0010061053 0.06894995 0.000200084 0.09143049 0.0014978705 0.032034274 0.00010224867 0.0066833063 0.010963704 0.0021732526 0.003646761 0.00094523944 0.002827737 3.5685208e-09 8.8109824e-05 0.00012265102 1.2789321e-05 0.004076392 0.00051198475 2.922397e-07 0.0013015072 0.0003497763 4.0148275e-06 2.5401052e-05 1.0839176e-07 0.00028667465 8.173386e-08 0.00016152306 5.4589906e-11 7.234223e-07 0.000908245 0.0006818337 0.0017391063 7.132788e-12 0.006014342 2.0356479e-10 8.3834703e-07 0.00014980356 9.282445e-05 0.00056382304 4.1441685e-06 6.275553e-07 3.9266502e-05 2.204306e-06 8.225378e-06 3.8641516e-05 0.0027179304 0.00066173344 0.09602063 5.335853e-06 0.0059645795 0.00016047593 0.00024204256
0.003317345 0.039469812 0.14962067 0.05240922 0.1475038 0.00051687233 0.25419477 0.44806537 0.047092732 0.0947069 0.6433317 0.011565352 0.007093036 0.018192137 0.20778127 0.09206548 0.30266604 0.047568798 0.17099875 0.00023708933 0.17915483 0.031210974 0.14043005 0.0049802144 0.000665224 0.6537649 0.004702616 0.9656711 2.3795034e-19 0.00015660728 0.112421036 0.00011156379 5.540594e-06 0.62825334 0.005012542 0.0045491555 5.7014477e-05 0.18368822 4.938487e-06 0.48184878 0.05295071 0.0013804487 1.4929959e-05 2.399041e-05 0.0017278383 3.6182177e-05 0.00018325403 0.00045887235 0.00018760069 0.05089207 0.00016527953 0.08532603 0.0013973005 0.050049543 7.736212e-05 0.0024564501 0.011358987 0.00088801055 0.0033269494 0.0010175509 0.0020175995 3.5964545e-09 3.4810895e-05 0.00017642151 6.016449e-06 0.0015418695 0.00037456676 1.1930419e-07 0.0009836071 0.00033685463 4.5665483e-06 2.3902655e-06 4.3762917e-08 0.00018509122 1.3736609e-07 2.6795156e-05 1.0804875e-10 4.1661514e-07 0.0012968257 0.00037046077 0.00043061256 2.4693846e-11 0.004147439 7.25314e-10 5.073444e-07 2.6872056e-05 7.3775525e-05 0.0011852189 1.0245413e-06 3.3778053e-07 7.8282625e-05 3.941107e-06 3.5175597e-06 4.7832764e-05 0.002250797 0.0010036031 0.06683968 1.0589001e-06 0.0044496306 0.00056098733 0.00030389326
0.0020998933 0.015316596 0.01796803 0.057875372 0.44560885 0.0019718942 0.00043021026 0.002480553 0.009424901 2.5424657e-05 0.00066278316 0.09037092 0.92241186 0.062431272 0.00024601087 1.253901e-05 0.003606295 9.714837e-07 0.006006157 0.24682622 0.0017825743 0.0016974489 4.148137e-05 0.41713405 0.69683135 1.0866895e-05 0.3570642 0.00057319325 0.00015660728 1.5360836e-14 2.7287344e-05 0.47292086 0.05720167 0.0014949694 0.03381016 1.763898e-05 0.037153512 0.0007900815 0.24726345 0.00038565235 0.0030253332 1.6337716e-06 0.044132907 1.8061546e-07 1.1239515e-06 0.02899713 0.66210306 0.0062151984 0.013688173 0.00044341985 3.8548353e-07 0.00021527363 0.00097625563 0.000103297585 1.5304373e-07 0.00080185256 9.466359e-06 1.5482009e-06 3.6518693e-06 3.40682e-06 3.0239442e-05 2.0900462e-08 0.0072246925 0.0054540276 0.010199927 0.0011372737 1.3843396e-07 0.0011754803 3.6153976e-06 0.000383032 0.0049340534 0.005517036 8.140371e-08 0.0046863556 7.33259e-07 0.00079598353 1.9868196e-07 3.2134722e-07 4.473361e-08 2.568415e-07 9.8694834e-08 3.045161e-08 0.0006015721 2.469393e-08 4.6599113e-10 0.0008354634 1.4663824e-07 1.1131075e-06 0.0026723167 0.0007598595 7.8338473e-07 9.8104715e-09 0.0012702119 4.358268e-07 3.6812053e-05 0.022956382 0.00058720255 0.0007377331 0.0057926686 7.460681e-07 6.271945e-05
0.84972787 0.011738638 0.02121403 0.0067628836 0.00021123835 0.0041761524 0.62261397 0.21917991 0.064306624 0.9041536 0.21412717 0.0017248889 5.418333e-05 0.01301835 0.1819061 0.5094369 0.09311307 0.89064217 0.009533797 6.9879707e-07 0.82227564 0.30746076 0.043984853 0.0004115632 9.6109914e-05 0.054906517 0.00019727564 0.20336361 0.112421036 2.7287344e-05 5.603906e-17 1.0150702e-05 9.088207e-08 0.111911505 0.016768 0.759795 7.6845834e-07 3.6308982e-06 2.2188697e-06 0.012237471 0.00018677328 0.2404695 2.1886146e-06 0.46390176 0.8022616 8.946842e-07 4.0071828e-07 4.786662e-07 0.005170762 0.00060660497 0.05218401 0.8499802 1.595465e-05 0.75533426 0.0039391085 0.16240907 0.63750744 0.33278075 0.33118254 0.17853363 0.18295603 0.049586393 2.6210142e-05 2.7382417e-05 3.963014e-07 0.100474596 0.14171289 2.6975144e-07 0.044460844 0.0036345604 1.7284414e-06 4.8051747e-06 0.0012569062 0.0014470504 4.8579026e-05 4.9693448e-05 4.4125255e-08 7.5378775e-05 0.044137027 0.04766067 0.024226665 1.2593446e-10 0.018079024 1.3623317e-05 0.0015479833 9.499472e-05 0.0055805123 0.02522835 1.3821161e-06 2.1882043e-07 0.0036522478 0.0019802991 3.869949e-05 0.0018307299 0.019853776 0.001069795 0.016652882 0.000118944474 0.0022658743 0.0097865565 0.00052411365
