2.0223942e-20 0.935265 0.8857072 0.95795 0.9602828 0.9748288 0.97444767 0.9642525 0.7280066 0.4125317 0.443093 0.45099083 0.27966118 0.9476934 0.42743197 0.9736036 0.96423197 0.91399896 0.0070601064 0.975103 0.2778343 0.97966087 0.14079231 0.036640372 0.9675042 0.02057611 0.08066331 0.9731885 0.9385733 0.03312674 0.087289385 0.044027533 0.02372023 0.11856932 0.975705 0.001881798 0.0061877742 0.992562 0.9611885 0.6812548 0.9596042 0.01180587 0.013120961 0.030765885 0.0336506 0.025400015 0.347431 0.028595924 0.98564124 0.86418986 0.00081468344 0.16446488 0.99376506 0.6061383 0.006569944 0.2165093 0.98803043 0.990179 0.38814938 0.0034353875 0.00014980385 0.000104974635 0.00056625437 0.071523726 0.9344263 0.988872 0.001286492 0.99825484 0.99914676 0.0001331871 0.39696014 0.43070164 0.030382538 0.5428385 9.035171e-06 0.99868006 0.9970855 6.3076745e-06 0.17289326 0.0023213052 0.055893023 1.1071892e-06 0.9995459 3.9373518e-07 4.216583e-07 8.487305e-06 0.041654836 0.99792767 0.9998074 2.9681237e-07 0.999629 3.3148763e-06 3.347118e-05 0.9996974 0.99733263 0.9996523 0.91245747 1.4570497e-07 0.9999781 0.046115436 1.1751674e-07
0.935265 2.8568627e-16 0.7495921 0.9662725 0.5834628 0.11449666 0.39050218 0.5424421 0.082362615 0.82396734 0.77108365 0.3668211 0.15512635 0.045640748 0.004068384 0.004869861 0.17045085 0.06262934 0.26324114 0.08698497 0.012787663 0.06532964 0.06789826 0.55694646 0.011184168 0.30562145 0.00036279007 0.01228832 0.0054733115 0.33112663 0.0035893999 0.3674477 0.06746409 0.02355299 0.097521745 0.016809162 0.008591206 0.058015767 0.0002822907 4.320996e-05 0.0011361538 0.0024920588 0.002489972 0.14076176 0.01968087 0.058946207 0.00024452974 0.43156192 0.050008416 0.00010979802 0.0022794658 0.000116958676 0.118221246 0.00028391252 0.0028007773 5.3760952e-05 0.0052940873 0.028001593 0.00085971307 0.030845996 0.07870207 0.017572066 0.021977074 0.0005022495 0.00047223092 0.00049664243 6.7901874e-06 0.00012280435 0.00289771 2.643524e-07 1.2054106e-05 0.00036598224 1.7327819e-06 2.3877948e-05 0.13441971 0.01159161 0.0018697644 0.007360217 1.7609013e-05 1.7452263e-05 1.278607e-06 0.001814672 0.02707539 0.009414112 0.010259074 4.0377395e-06 1.8744277e-06 0.008460952 0.01830716 8.193158e-05 0.0058076703 3.8277743e-05 7.5171915e-06 0.005295039 0.0009210595 0.011459299 0.00045291948 0.00019886119 0.010987267 1.6570779e-07 0.002177027
0.8857072 0.7495921 2.1797946e-14 0.93051875 0.08285668 0.6068971 0.79405034 0.27207696 0.0022843264 0.85539985 0.19292974 0.9014686 0.6315088 0.0012736355 0.03341658 0.010202091 0.30927673 0.014448178 0.06017165 0.011666152 0.042144615 0.006355525 0.1551151 0.3260585 0.00047373865 0.30869308 0.005987296 0.01899418 0.0002160288 0.08956217 7.5453936e-05 0.3639532 0.0040920367 0.0006083351 0.09238723 0.0057273987 0.0035007899 0.003653981 4.9093007e-05 7.340865e-06 0.0028730577 0.0006109546 0.009096008 0.22866434 0.047601774 0.0787734 0.0011755672 0.13335924 0.021107076 3.668102e-05 0.011347013 3.226314e-05 0.122176215 0.0010071435 0.0133546665 7.777582e-06 0.000661576 0.03575245 7.726472e-05 0.08971619 0.0794357 0.0071738376 0.06251488 0.00086754985 0.0001360171 0.00014957829 0.00017370805 0.00035769268 0.0014567435 5.9848287e-07 4.2276562e-07 1.985013e-05 2.726804e-05 1.0430916e-05 0.099825785 0.0015703845 0.00049134437 0.020427477 0.00024779758 0.00083401386 2.8026304e-06 0.0076528634 0.01653024 0.012849092 0.01895542 1.3591809e-05 1.9151534e-05 0.002150589 0.015823452 0.00055712386 0.0007129365 0.00020627929 1.7968603e-05 0.0012179937 0.00020209569 0.005243049 4.1861884e-05 0.0017627791 0.007467711 1.2491764e-06 0.0062808134
0.95795 0.9662725 0.93051875 1.6191474e-14 0.19353482 0.29343593 0.93998176 0.8799577 0.036585342 0.52879685 0.15253142 0.28379315 0.11896036 0.03076751 0.0090520475 0.007641778 0.2582499 0.3108234 0.033175446 0.18565212 0.010368157 0.034433175 0.02815924 0.20506793 0.006003405 0.13766475 0.0007040875 0.031324532 0.005284914 0.05495428 0.0072663315 0.13486983 0.0133186225 0.012273212 0.12973139 0.002615878 0.0013199388 0.02344092 0.00023706198 2.3930654e-05 0.0026440336 0.00025136373 0.0016570607 0.061998498 0.012107734 0.015738728 0.0006492971 0.036958158 0.06900704 0.00013224316 0.0010323304 0.00013445412 0.26338878 0.0005260102 0.00093313056 3.471982e-05 0.005262377 0.058316454 0.0038980984 0.017221604 0.025663456 0.0029460634 0.014816502 0.0009551461 0.0004013082 0.00037512582 5.2637347e-06 0.00017052559 0.0035736433 8.2554095e-07 0.00010436184 0.0011900818 1.6490385e-06 2.186565e-05 0.0314431 0.009813968 0.0010375249 0.0051789815 3.8288807e-05 1.4955124e-05 1.4384262e-05 0.0011063317 0.0440048 0.006060718 0.0044681923 3.5554342e-06 8.059487e-06 0.0071503106 0.037366167 8.076119e-05 0.003567157 1.935601e-05 4.888895e-06 0.0039359806 0.00036174394 0.016408727 0.00035325598 0.00020782957 0.017826542 6.451049e-07 0.0012162514
0.9602828 0.5834628 0.08285668 0.19353482 3.557284e-15 0.011601689 0.034739107 0.56650394 0.8639732 0.41493276 0.9528174 0.008786636 0.004799574 0.8147189 0.00018832648 0.00039010157 0.02581662 0.015839962 0.5161921 0.14803605 0.00052745186 0.6181044 0.00036189612 0.15653451 0.38762963 0.033575255 8.685784e-06 0.0033418043 0.30239433 0.29380682 0.059700843 0.006864079 0.5691444 0.41599506 0.010112156 0.055074148 0.05954304 0.44776765 0.028312288 0.0072316714 0.00067252 0.021068128 0.00014897 0.0006908812 0.00014658213 0.000107754364 0.000101103426 0.17344652 0.13414325 0.007058483 0.0001061277 0.009883656 0.06747325 6.459946e-05 2.201664e-05 0.0037079712 0.25158453 0.0037901965 0.0033970936 3.5807734e-05 0.009594969 0.008668858 0.0017484907 0.00017158872 0.019915331 0.033557866 1.8728587e-06 5.3345942e-05 0.0020237837 7.1022135e-09 0.00017928111 0.00047367087 9.1250695e-07 0.0013719492 0.0011350838 0.063441485 0.031083714 3.414329e-05 6.6489542e-06 6.0979824e-07 7.74031e-08 1.922002e-05 0.033072036 7.8294346e-05 0.00017335605 2.019306e-06 6.479375e-07 0.06584889 0.01855852 1.7116785e-06 0.053454682 7.0931225e-07 2.7986027e-06 0.03396083 0.010271972 0.0045835497 0.0054944875 3.831315e-06 0.005799006 3.2250804e-07 1.5599886e-05
0.9748288 0.11449666 0.6068971 0.29343593 0.011601689 8.9657e-13 0.91054004 0.15249881 0.00016867106 0.4252973 0.012528451 0.66521573 0.8479479 0.00012560656 0.5298291 0.5688856 0.89557505 0.099545054 0.0026915723 0.012973385 0.5581169 0.0004095556 0.50831246 0.113764 4.78282e-05 0.072541535 0.10199525 0.45059237 3.3366454e-05 0.02792314 0.00015502545 0.10965638 0.0001431404 0.00030407417 0.35507298 0.00064398017 0.0008314333 0.00025499266 3.1994532e-06 2.1868955e-06 0.034019962 5.2062445e-05 0.094054855 0.32268983 0.2638079 0.2994715 0.011213003 0.013598701 0.018726733 2.2327092e-06 0.020067146 9.354253e-06 0.15358965 0.005726241 0.077366404 1.8013477e-06 0.00020918272 0.15465967 0.0014257602 0.027075948 0.0046086633 0.000505193 0.00701354 0.0059775934 1.6322807e-05 1.8130908e-05 0.0075817886 0.0033382005 0.017325087 7.637315e-05 1.3288697e-05 0.0006337311 0.0010101727 1.3070466e-05 0.00025035677 0.00057739415 2.8911973e-05 0.008306047 0.0017690473 0.0057480503 0.00026339653 0.005014669 0.019308174 0.004312368 0.001621159 0.0002453951 0.0016047049 0.0016326014 0.032236025 0.0018010327 0.0001794371 0.0014259011 0.00046560538 0.00032205242 6.8699825e-05 0.037304815 1.2976582e-05 0.0037951323 0.019532189 0.00046501766 0.0019645644
0.97444767 0.39050218 0.79405034 0.93998176 0.034739107 0.91054004 1.4524648e-12 0.71525174 0.0021354156 0.184531 0.015794113 0.34776956 0.2282344 0.0030266722 0.024672236 0.03914587 0.8500611 0.81691176 0.0023931372 0.13928686 0.020301308 0.005626223 0.08531282 0.047811996 0.00036788412 0.052975178 0.0030547455 0.3554846 0.0001626628 0.008330436 0.001493847 0.076633774 0.00054280617 0.0024779213 0.53181607 0.00027605565 0.00031232313 0.0026748718 1.891919e-05 5.171119e-06 0.007323887 3.4056913e-05 0.004552684 0.12115418 0.021617541 0.031407032 0.003992151 0.0011621268 0.090750895 1.0738694e-05 0.0034167753 3.298892e-05 0.47899407 0.002057085 0.0031423136 2.8344423e-06 0.0011301491 0.26585189 0.00902721 0.014249869 0.004924095 0.00029139273 0.0056843944 0.0028284853 1.3562378e-05 2.9815288e-05 0.00012518944 0.000603464 0.009326862 5.4972934e-06 6.154801e-05 0.0019987843 2.5223699e-05 1.0529658e-06 0.00073317275 0.0047086137 0.00016469278 0.0038187976 0.00037904078 0.00010123126 0.00043085695 0.0016785053 0.06339535 0.0025118608 0.001683548 5.286093e-05 0.00041360612 0.0038397051 0.05925739 0.00021012686 0.00089320005 5.3540123e-05 5.223497e-05 0.001593474 2.310691e-05 0.039851595 3.9318456e-06 0.00066234526 0.04218533 4.616763e-05 0.00102515
0.9642525 0.5424421 0.27207696 0.8799577 0.56650394 0.15249881 0.71525174 3.0038046e-16 0.10734858 0.28048122 0.18183137 0.051638063 0.038702924 0.15659413 0.0014105641 0.0032783886 0.21866228 0.92737246 0.018004507 0.8836544 0.0034614454 0.20747493 0.0076931682 0.16256973 0.056140337 0.058440663 6.241015e-05 0.041682623 0.026165772 0.08139215 0.023488702 0.027760364 0.004746564 0.009215146 0.15393837 0.0032273282 0.0012772203 0.12132377 0.00091011357 8.138381e-05 0.0023274587 0.0005428548 0.00054036983 0.0074525145 0.0012684198 0.0018313961 0.00064797525 0.023807105 0.30101883 0.00048371108 1.3595568e-05 0.00010812628 0.43989253 0.000550107 2.787058e-05 8.882866e-05 0.029851466 0.1485455 0.030128619 0.0005042575 0.0024346402 0.00043506356 0.00074046024 0.000978113 0.0008694889 0.0013246886 3.9358147e-06 0.00026519442 0.009226199 8.4194966e-08 0.0004801897 0.00272073 4.4603283e-07 1.5378451e-05 0.00079406233 0.048498727 0.004366512 0.0002447283 4.8784764e-06 1.3168952e-06 4.971087e-06 2.0495832e-05 0.08374256 0.00035506548 0.00019340447 1.04656905e-07 2.1753408e-06 0.020079412 0.061023187 9.29572e-06 0.019259058 1.4659217e-06 7.745539e-06 0.020899447 0.0013473207 0.03064086 0.0002919691 4.1002e-07 0.06484183 1.6511905e-07 9.73843e-06
0.7280066 0.082362615 0.0022843264 0.036585342 0.8639732 0.00016867106 0.0021354156 0.10734858 3.8524766e-16 0.020621276 0.61056036 6.576014e-05 4.6943263e-05 0.9158681 2.0511523e-06 3.3614376e-06 0.00083809084 0.0001633658 0.6078584 0.021120705 7.390534e-06 0.68882644 9.982723e-07 0.022171918 0.6345399 0.0013681687 2.5400374e-07 0.00011791399 0.5155602 0.17368056 0.060760155 0.00019294408 0.9471157 0.65838236 0.0015058197 0.083608165 0.1944788 0.5117024 0.22127219 0.12510659 3.823506e-05 0.22638364 3.0631059e-06 2.9143093e-05 3.9385165e-07 1.300553e-06 8.8647477e-07 0.13982633 0.013985158 0.07926887 5.0391664e-06 0.082563795 0.0070966193 4.7433375e-07 3.5591032e-07 0.047845107 0.2914472 0.0005166089 0.00019094134 1.9820232e-06 0.0067563914 0.0076097716 0.00037382217 9.287744e-06 0.13838059 0.13789319 1.211052e-07 2.7287876e-06 0.00030183705 1.8484178e-08 6.9861526e-05 0.00015856714 2.678034e-07 0.018059751 2.0025094e-05 0.030485922 0.0831599 5.229283e-07 8.4649014e-07 4.2077977e-07 2.5992696e-08 4.102187e-07 0.0053008697 2.584067e-06 1.9580812e-05 3.0246537e-07 9.367652e-08 0.044255283 0.0024000101 6.7972127e-07 0.07926219 2.420459e-07 1.009382e-06 0.024412792 0.048520148 0.00076830684 0.018940644 8.949778e-07 0.0026127826 3.4791375e-07 3.7467985e-06
0.4125317 0.82396734 0.85539985 0.52879685 0.41493276 0.4252973 0.184531 0.28048122 0.020621276 1.5213767e-17 0.87173456 0.8611778 0.6233236 0.010375364 0.009477647 0.0032161842 0.16208842 3.3467047e-06 0.68381524 2.7897944e-05 0.014870847 0.036875553 0.19237961 0.8942206 0.004309677 0.7316718 0.000809033 0.0035616145 0.0008188948 0.7328551 1.7265581e-06 0.6981069 0.009085643 0.000221401 0.016211528 0.15256296 0.04090936 0.0026837382 0.00010254261 3.7596446e-06 0.0005534128 0.010635827 0.0011398921 0.2989193 0.008815387 0.06303919 0.000119190205 0.58624333 0.0058249845 3.2065567e-05 0.0064487187 9.290086e-05 0.009916054 6.136972e-05 0.0028915817 1.273199e-05 0.00068166177 0.002438121 3.9331073e-07 0.015377945 0.2089594 0.020389535 0.05483837 2.1130836e-05 6.069339e-05 8.487334e-05 4.9002515e-06 6.6140506e-06 0.0003474701 7.623808e-09 3.2460843e-09 1.273952e-07 1.3770306e-05 8.978275e-06 0.021073272 0.0013679697 0.00020249098 0.015295293 1.8503377e-05 2.603342e-05 1.2581792e-08 0.0044444357 0.0016892405 0.013639165 0.011690821 9.802504e-07 3.0794249e-07 0.00071160553 0.0020316017 3.5851197e-05 0.00028923043 2.8668488e-05 7.4312725e-06 0.00047664804 7.637293e-05 0.0016894572 9.174532e-06 0.000100324665 0.0013928069 1.8818697e-06 0.001375953
0.443093 0.77108365 0.19292974 0.15253142 0.9528174 0.012528451 0.015794113 0.18183137 0.61056036 0.87173456 1.0352861e-18 0.008453617 0.0024692887 0.6184081 8.528406e-05 7.696341e-05 0.0027813532 1.5330157e-05 0.856552 0.0020585954 3.8786427e-05 0.41441864 5.7326888e-05 0.27785945 0.15276715 0.031232942 1.5124032e-06 0.00020068407 0.11722842 0.37046793 0.0015490686 0.0034696267 0.36241183 0.074839205 0.0005187533 0.08755259 0.06010065 0.1237758 0.009687618 0.002025763 0.00015201395 0.03818035 1.7010287e-05 0.00038634404 1.6717557e-05 3.593328e-05 6.3300376e-06 0.27866876 0.010747927 0.0024330935 1.4427002e-05 0.00867011 0.0069055688 2.3863547e-06 4.6547952e-06 0.0027675338 0.04900095 0.00051296054 2.7408084e-06 1.1277143e-05 0.0064511793 0.0081575485 0.00046356223 2.2350569e-06 0.00997985 0.009137405 7.096327e-08 1.1000775e-06 0.00017999568 9.7865485e-09 3.2069893e-06 6.471498e-06 3.261936e-07 0.0063839853 0.00028671155 0.015666598 0.008382516 1.716212e-05 2.0985667e-06 5.2083897e-07 7.725837e-09 3.1262473e-06 0.0073441425 6.125388e-05 4.2028856e-05 1.5603971e-06 4.9306845e-08 0.012981386 0.0014423996 3.4877684e-07 0.010115229 6.4019764e-07 1.1023212e-05 0.01245208 0.009249846 0.0003379396 0.004668526 5.713972e-07 0.00035760348 3.2351102e-07 7.351465e-06
0.45099083 0.3668211 0.9014686 0.28379315 0.008786636 0.66521573 0.34776956 0.051638063 6.576014e-05 0.8611778 0.008453617 1.463742e-16 0.9802318 0.00021003767 0.029720657 0.0096120685 0.27416378 5.8909587e-05 0.010618632 8.220427e-05 0.05916461 0.00054865907 0.69179577 0.16600733 5.838084e-05 0.384221 0.0075863996 0.0069599818 2.4175155e-05 0.010784258 6.552492e-06 0.65720683 6.919804e-05 0.00010465047 0.04735453 0.0013501963 0.0010783465 0.00016675369 6.6812695e-06 9.737738e-07 0.0004769868 0.00015950475 0.018549122 0.6018731 0.06394026 0.17538655 0.0003871058 0.13643692 0.0026177643 5.275907e-06 0.039247457 2.5760148e-05 0.021650985 8.3256506e-05 0.028665913 2.8483864e-06 0.00012723815 0.01008582 3.973643e-06 0.26798454 0.095874466 0.007460703 0.14280206 0.0002048605 2.3106844e-05 1.3857029e-05 0.00013414786 1.2028831e-05 0.00044005722 4.554277e-07 5.634564e-08 2.679896e-07 1.9383497e-05 7.958386e-06 0.15661944 0.00032507486 4.8490896e-05 0.05209004 3.1976595e-06 0.003894024 4.5755002e-07 0.016353697 0.0019330673 0.013992815 0.019883975 6.9356765e-06 3.388892e-07 0.00032355008 0.0025752562 0.002980052 6.148055e-05 0.0015709635 2.723953e-05 0.00021608321 3.7716014e-05 0.0027961656 6.03949e-06 0.003315098 0.0025657322 1.3927047e-07 0.009643397
0.27966118 0.15512635 0.6315088 0.11896036 0.004799574 0.8479479 0.2282344 0.038702924 4.6943263e-05 0.6233236 0.0024692887 0.9802318 3.269843e-15 7.100657e-05 0.40756628 0.08444141 0.2895487 0.00013060617 0.0042267963 9.253286e-05 0.56411463 0.00011715458 0.93895453 0.02588824 2.5792353e-05 0.11300242 0.17446618 0.021250136 2.456401e-05 0.0052557625 2.202694e-06 0.21586356 3.141209e-05 4.5741606e-05 0.04971859 0.0010048798 0.00064559147 9.8332064e-05 7.1476816e-06 1.7611187e-06 0.0038444775 7.3819094e-05 0.068542495 0.40822625 0.13039878 0.21394517 0.0023697778 0.037500735 0.0032983513 7.0561277e-06 0.021671603 2.4214147e-05 0.013834707 0.0008827094 0.04393711 1.9927525e-06 0.0001291348 0.010550618 9.694147e-06 0.050722376 0.02091572 0.001283729 0.020159626 0.0009544036 1.4679747e-05 9.174463e-06 0.00077786733 9.449416e-05 0.0009828148 2.2672173e-05 4.5875655e-08 2.6515787e-07 0.00031916212 4.4886133e-06 0.0052431715 0.00030951784 2.0743342e-05 0.011386434 7.6057986e-05 0.0054289782 1.3896843e-06 0.0044640843 0.0022651406 0.0038178365 0.0034287695 2.9608807e-05 1.2635464e-05 0.0003308951 0.0028688482 0.0015056093 5.0504852e-05 0.0013115644 0.0001633102 0.00020428537 1.6344504e-05 0.0028572371 2.219894e-06 0.0021408445 0.0026672448 3.46284e-06 0.0020497758
0.9476934 0.045640748 0.0012736355 0.03076751 0.8147189 0.00012560656 0.0030266722 0.15659413 0.9158681 0.010375364 0.6184081 0.00021003767 7.100657e-05 5.2602275e-17 5.342004e-06 5.7167495e-06 0.0009089538 0.007644559 0.31154934 0.288665 7.4286645e-06 0.83714163 5.68134e-06 0.026270656 0.9083351 0.0016533196 6.0652593e-07 0.0004594451 0.8153283 0.13636562 0.6635056 0.00016324791 0.8284283 0.6614672 0.0020318353 0.024978584 0.0679069 0.6258013 0.32826605 0.06618501 1.5055784e-05 0.03428504 2.5960692e-06 1.9992884e-05 4.1770263e-06 3.2689943e-06 1.1651663e-05 0.063946135 0.028078448 0.049137075 7.5556727e-06 0.024446733 0.01331937 2.359876e-06 2.9028517e-06 0.014181121 0.278113 0.0010619366 0.0022448346 2.421514e-07 0.00096930575 0.0008147207 1.5133995e-05 3.874576e-05 0.061257217 0.09377701 1.2004432e-07 2.8377578e-06 0.00041484495 2.4063984e-09 0.0034992613 0.0019193774 1.4308532e-07 0.0017963026 1.964446e-05 0.039667167 0.06964707 3.4027971e-06 4.6201902e-07 8.0106524e-08 8.1323016e-08 5.658535e-07 0.012954895 7.791026e-06 2.1742775e-05 1.2991936e-07 1.0809487e-07 0.04963204 0.0044598947 2.98754e-07 0.08290702 2.1876473e-07 2.3624182e-06 0.024720406 0.013601224 0.002154255 0.0035953044 2.8072566e-07 0.004306668 2.3412719e-08 3.043422e-06
0.42743197 0.004068384 0.03341658 0.0090520475 0.00018832648 0.5298291 0.024672236 0.0014105641 2.0511523e-06 0.009477647 8.528406e-05 0.029720657 0.40756628 5.342004e-06 5.096276e-14 0.98372597 0.2073392 0.00016800499 4.012755e-05 4.3541597e-05 0.90606457 1.3561951e-05 0.4229064 0.005072789 2.8939544e-06 0.00632382 0.69174004 0.14880112 2.195706e-06 0.0015968413 8.707683e-07 0.010290155 1.8992949e-05 1.0554376e-05 0.059252854 0.00017703974 0.00036577968 5.461446e-06 1.2521235e-06 1.4420639e-06 0.09436514 1.675409e-05 0.3505869 0.08218013 0.19692512 0.13994989 0.07127643 0.0068698777 0.0014342339 2.6479436e-06 0.012103474 6.3559037e-06 0.008058593 0.02818335 0.09503809 6.860845e-06 1.1573113e-05 0.029663859 1.530058e-05 0.010644249 0.004212434 0.00013995462 0.0036683173 0.010855575 4.125529e-06 2.3660912e-06 0.05451201 0.0069933357 0.018563354 0.004018601 3.87919e-07 6.5880636e-06 0.010832683 1.5235378e-05 1.8013847e-05 1.3506772e-05 3.033642e-06 0.004192531 0.0014373956 0.068737105 8.818245e-05 0.002653548 0.0013396187 0.00040930198 0.00016062612 0.0013553585 0.0008760251 1.0376752e-05 0.002118033 0.0029811964 1.5415592e-06 0.006160844 0.0032078018 5.9401154e-06 3.909418e-05 0.009241562 5.4077473e-06 0.0035070474 0.0018779499 0.00058247766 0.00031408935
0.9736036 0.004869861 0.010202091 0.007641778 0.00039010157 0.5688856 0.03914587 0.0032783886 3.3614376e-06 0.0032161842 7.696341e-05 0.0096120685 0.08444141 5.7167495e-06 0.98372597 9.254634e-15 0.51109123 0.0005874179 2.1167161e-05 8.675125e-05 0.64632964 2.6410318e-05 0.07714256 0.00073201436 2.6840926e-06 0.000741987 0.41853875 0.8254327 2.5694994e-06 0.00032731902 5.6069877e-07 0.0008351253 4.2337306e-06 2.7514307e-06 0.20970996 7.2665905e-05 7.646461e-05 7.216215e-06 4.1991794e-07 5.08619e-07 0.86351484 1.7142687e-05 0.2549914 0.008787412 0.12953559 0.060227923 0.46811396 0.00035838978 0.0028716526 5.2461166e-07 0.0022427717 6.5801078e-06 0.03848246 0.36946708 0.044915374 1.7174538e-06 2.3887673e-05 0.25528973 4.4029646e-05 0.0013201082 0.00019373176 2.551049e-05 0.00025478046 0.09204681 5.8625296e-06 3.566087e-06 0.087153845 0.104302354 0.2554231 0.005444865 5.1202574e-07 2.0569518e-05 0.026630068 4.325703e-06 9.043667e-07 9.458841e-06 9.2514415e-07 0.00030986278 0.0054862434 0.052380707 0.000217854 0.0006176705 0.0021908535 2.4438694e-05 6.3871e-06 0.002070822 0.0028992165 3.4866476e-05 0.007631655 0.0009113995 1.7194957e-06 0.0022586447 0.0033199545 3.4129077e-06 7.118723e-06 0.12603572 2.3601053e-06 0.00077374215 0.010132206 0.0013788757 3.7297235e-05
0.96423197 0.17045085 0.30927673 0.2582499 0.02581662 0.89557505 0.8500611 0.21866228 0.00083809084 0.16208842 0.0027813532 0.27416378 0.2895487 0.0009089538 0.2073392 0.51109123 6.530936e-12 0.59397495 0.000261547 0.055417247 0.21357128 0.00063487585 0.2301356 0.029776523 3.7057525e-05 0.027895067 0.045830756 0.9679089 5.012138e-05 0.0047847643 0.00035673322 0.037585534 7.102051e-05 0.00027409103 0.77328247 0.00052266143 0.00063963747 0.0005009973 2.1466024e-06 6.2336176e-06 0.054942735 7.174901e-05 0.032666735 0.12629218 0.12495647 0.1423553 0.028321598 0.0025157155 0.04697848 3.0376718e-06 0.0068187728 1.6517515e-05 0.28153613 0.0056595234 0.025560945 1.4252116e-06 0.0004883127 0.3402968 0.009837085 0.012723082 0.002260569 0.00023427242 0.001050519 0.012476996 5.8800106e-06 1.1590464e-05 0.0062257578 0.0026661768 0.034242403 9.925567e-05 4.8471713e-05 0.0030196805 0.0004598357 1.9239285e-06 2.0950223e-05 0.0017041252 2.2477487e-05 0.0024895265 0.0012320367 0.0016964594 0.00086202094 0.0013570155 0.025584321 0.000915619 0.0005562113 0.00033551588 0.001795376 0.0016507766 0.04250151 0.0008187496 0.00023795576 0.00037047543 0.00050323014 0.0005759211 2.8808265e-05 0.07082634 1.6818917e-06 0.0017972998 0.052220892 0.000316474 0.00083922024
0.91399896 0.06262934 0.014448178 0.3108234 0.015839962 0.099545054 0.81691176 0.92737246 0.0001633658 3.3467047e-06 1.5330157e-05 5.8909587e-05 0.00013060617 0.007644559 0.00016800499 0.0005874179 0.59397495 1.0774136e-20 3.9836336e-06 0.8911987 1.298806e-05 0.059109345 1.0421644e-06 8.586391e-08 0.013508241 8.453047e-08 1.7089023e-06 0.26923984 0.007425988 2.1973534e-07 0.0040022642 7.4108044e-08 4.753164e-05 0.00014779365 0.7394957 1.4370919e-07 1.3131531e-06 0.046211094 0.00014340765 4.1500616e-06 0.004582339 9.764427e-07 7.289175e-07 4.8443166e-08 1.3753891e-08 2.2779377e-08 0.00091423 1.0713877e-07 0.7648728 0.00010835927 7.33916e-09 8.998209e-05 0.8621512 0.0011142174 5.1131643e-08 8.0551275e-05 0.035248347 0.5110481 0.31803134 2.4243838e-09 1.4968657e-08 2.5602007e-09 1.0362516e-08 0.00015858862 0.00037784976 0.0007917673 1.7967391e-08 0.000654921 0.008392763 3.3739755e-10 0.00047690314 0.0002719635 2.9744456e-07 1.9977771e-05 1.0712395e-09 0.085114434 0.0006707663 1.9770985e-09 6.375117e-06 1.9541698e-08 2.967613e-06 8.886241e-10 0.33117804 1.2730482e-09 9.431989e-10 7.0655537e-10 5.050456e-07 0.016594542 0.30394533 1.8934448e-10 0.004479954 9.369143e-10 1.5800701e-09 0.014544392 0.00015813825 0.038078353 3.2145603e-05 5.882124e-10 0.16696812 1.7549462e-07 6.197955e-10
0.0070601064 0.26324114 0.06017165 0.033175446 0.5161921 0.0026915723 0.0023931372 0.018004507 0.6078584 0.68381524 0.856552 0.010618632 0.0042267963 0.31154934 4.012755e-05 2.1167161e-05 0.000261547 3.9836336e-06 7.5190666e-20 9.8560195e-05 7.186632e-05 0.06590157 6.6090026e-05 0.6328383 0.027546566 0.10758701 1.8882338e-06 4.4484063e-06 0.035326228 0.9094402 0.0028436398 0.019504745 0.18906942 0.073636904 2.4500803e-06 0.6000586 0.62916833 0.017038967 0.00659048 0.0022777948 1.5905708e-06 0.5207159 8.090792e-06 4.48522e-06 7.4833665e-06 2.4472945e-06 1.9921082e-08 0.09986086 0.0005731653 0.001801834 5.780188e-06 0.00615673 5.327898e-05 1.1089105e-08 3.007972e-07 0.0011164974 0.006168878 3.0740741e-06 1.821995e-05 6.292807e-07 0.0023197571 0.00074050896 4.444338e-05 2.7755235e-08 0.0012303207 0.0015870914 8.720634e-10 1.4634905e-07 6.7651636e-05 1.6100045e-10 4.771358e-05 3.2141784e-06 7.334797e-08 0.0016601656 4.8851293e-06 0.0012497687 0.00079272955 6.167136e-08 2.9316196e-09 6.781751e-09 1.4187721e-09 2.2137648e-08 0.00016089472 1.3836362e-07 3.393232e-07 1.9737989e-08 4.1719897e-10 0.007131835 0.0001855173 1.1521211e-09 0.011104192 1.7601892e-09 4.984573e-08 0.0022948028 0.0007707973 0.00020169155 0.00038739352 1.0618357e-08 0.00018530105 4.460902e-09 3.101976e-07
0.975103 0.08698497 0.011666152 0.18565212 0.14803605 0.012973385 0.13928686 0.8836544 0.021120705 2.7897944e-05 0.0020585954 8.220427e-05 9.253286e-05 0.288665 4.3541597e-05 8.675125e-05 0.055417247 0.8911987 9.8560195e-05 7.33263e-19 2.328222e-06 0.8872607 2.5775546e-06 1.1402051e-06 0.38162407 8.883417e-07 1.1375703e-06 0.018176286 0.17912933 1.1059328e-05 0.24269235 5.942478e-06 0.0015425866 0.00085132016 0.10050464 1.4917165e-05 9.352188e-05 0.86490625 0.016985146 0.000183123 0.002885088 9.794888e-05 2.8897634e-07 1.6048356e-06 1.2574995e-07 1.3983649e-07 0.00018081049 1.4399607e-05 0.6777887 0.0027582026 1.12735194e-07 0.0011836173 0.43200782 0.00030642017 9.128159e-07 0.0010909989 0.3329518 0.058254182 0.563492 3.712694e-08 7.860294e-07 6.5816955e-08 6.615627e-08 2.9947058e-05 0.008138258 0.014807418 1.4752902e-08 0.0002106865 0.01046416 9.321018e-10 0.028166069 0.03621958 1.4983098e-06 0.00018435187 6.510347e-10 0.3771429 0.0168706 9.627879e-09 5.0892754e-07 1.3138983e-08 2.0583911e-06 7.9235e-09 0.3134077 1.3499501e-08 8.5479055e-09 5.456258e-09 7.791769e-08 0.21819977 0.12946288 1.541876e-09 0.112675816 7.565575e-09 7.912882e-09 0.14959067 0.0037095288 0.035257768 0.0015705366 7.684272e-10 0.0732983 2.9161382e-09 1.0019466e-09
0.2778343 0.012787663 0.042144615 0.010368157 0.00052745186 0.5581169 0.020301308 0.0034614454 7.390534e-06 0.014870847 3.8786427e-05 0.05916461 0.56411463 7.4286645e-06 0.90606457 0.64632964 0.21357128 1.298806e-05 7.186632e-05 2.328222e-06 7.6919623e-16 2.0697637e-05 0.8690122 0.0011984325 1.7543615e-06 0.003414285 0.97140145 0.14482275 1.6433727e-06 0.0002254244 7.745937e-08 0.0061394596 1.9601166e-06 1.3632302e-06 0.04235587 8.236309e-05 0.00025714264 1.8861883e-05 6.1075207e-07 3.3619233e-07 0.07642672 2.4940558e-05 0.5487863 0.08966105 0.27191788 0.21912313 0.053379584 0.002421362 0.001754611 8.6400354e-07 0.013571928 3.656923e-06 0.0078750355 0.02249972 0.14471373 1.1772196e-06 8.80986e-06 0.018402174 9.914336e-07 0.008657605 0.0016048541 3.5823683e-05 0.00353127 0.0044118217 2.928423e-07 2.2507948e-07 0.042950787 0.004370412 0.009900306 0.0007372155 8.447321e-09 3.5975143e-07 0.0022782336 6.7415067e-07 5.6050198e-05 5.6288845e-05 3.3134367e-07 0.0032947892 0.0002420188 0.10124502 7.7108025e-06 0.000859173 0.0024451215 0.0006353659 0.00043987136 0.00041194764 0.0002408751 0.00010546713 0.0027352208 0.001982099 4.437483e-06 0.0048932293 0.00045557047 5.5555553e-05 1.2170234e-06 0.007841986 3.6172685e-07 0.0018071698 0.002928837 0.00018181026 0.0004989615
0.97966087 0.06532964 0.006355525 0.034433175 0.6181044 0.0004095556 0.005626223 0.20747493 0.68882644 0.036875553 0.41441864 0.00054865907 0.00011715458 0.83714163 1.3561951e-05 2.6410318e-05 0.00063487585 0.059109345 0.06590157 0.8872607 2.0697637e-05 6.745724e-15 3.270661e-05 0.019898359 0.9512389 0.001053226 2.0248626e-07 0.00092555454 0.63629866 0.03525017 0.5126945 0.00028802754 0.06733037 0.0616217 0.0027197402 0.0020939978 0.002359966 0.8218899 0.13498291 0.019817984 8.058877e-05 0.002571554 6.6809156e-07 9.702448e-05 9.623359e-06 1.7732404e-05 3.0281517e-05 0.06376903 0.08116546 0.018791018 4.0914683e-06 0.014347821 0.028141499 1.0066629e-05 1.3366184e-06 0.006256712 0.34176266 0.0022250297 0.06509519 1.1107735e-06 0.00023541127 0.0003243787 0.00011482541 0.00019147928 0.04355943 0.043513853 7.601987e-08 1.2733192e-05 0.00053279055 1.248904e-09 0.025072148 0.032684546 2.0440413e-07 0.0008931387 6.773972e-06 0.058155626 0.05361345 2.1621017e-06 7.963347e-07 8.69767e-08 7.375453e-08 1.8918936e-07 0.029692734 2.6834807e-06 7.903806e-06 1.1883907e-07 2.453699e-07 0.07584115 0.009170697 3.3606284e-07 0.083931416 1.7032491e-07 4.6528885e-07 0.0398199 0.01088621 0.0017320575 0.011186802 1.6258005e-07 0.006228018 3.634653e-08 2.3419643e-06
0.14079231 0.06789826 0.1551151 0.02815924 0.00036189612 0.50831246 0.08531282 0.0076931682 9.982723e-07 0.19237961 5.7326888e-05 0.69179577 0.93895453 5.68134e-06 0.4229064 0.07714256 0.2301356 1.0421644e-06 6.6090026e-05 2.5775546e-06 0.8690122 3.270661e-05 6.044219e-16 0.011398416 6.6852595e-06 0.06813349 0.85326356 0.022300526 1.4458204e-06 0.0018154675 2.3433138e-08 0.29548547 2.9605133e-07 4.1362657e-07 0.021292694 0.0001600501 7.090155e-05 7.1107092e-06 5.083993e-07 1.3186553e-07 0.007832979 1.27084195e-05 0.6952556 0.87426215 0.7374197 0.759608 0.0036392412 0.01294188 0.0004204671 3.8670564e-07 0.07836335 1.2356525e-06 0.0042879838 0.0006409393 0.21275453 3.3853226e-07 1.3986863e-05 0.0048033698 6.953194e-08 0.08581614 0.014462088 0.00028783974 0.03020701 0.00097256596 3.7544226e-07 6.6966084e-07 0.013970913 5.7829428e-05 0.0009327381 1.2546535e-05 1.91028e-10 2.7375362e-09 0.00026942894 3.7157477e-06 0.00053053733 2.3680697e-05 4.5246958e-07 0.023050016 4.775924e-05 0.018680636 1.550412e-07 0.01325105 0.001374195 0.0067516123 0.0058067096 7.093976e-05 2.3336808e-05 1.3886291e-05 0.0033735805 0.007967735 3.4100904e-06 0.0072006653 6.3470216e-05 9.639368e-06 1.91651e-06 0.0027996372 4.8659306e-08 0.007450997 0.0042833737 5.2746796e-06 0.002870898
0.036640372 0.55694646 0.3260585 0.20506793 0.15653451 0.113764 0.047811996 0.16256973 0.022171918 0.8942206 0.27785945 0.16600733 0.02588824 0.026270656 0.005072789 0.00073201436 0.029776523 8.586391e-08 0.6328383 1.1402051e-06 0.0011984325 0.019898359 0.011398416 4.1219386e-17 0.0027312117 0.9557229 0.00022092687 0.00094204023 0.0004293958 0.90110314 1.2629444e-08 0.78417975 0.00024207118 3.5254989e-06 0.0023754209 0.34775466 0.022762697 0.0038562827 5.3752905e-05 7.4116775e-07 0.00038826547 0.004254884 0.0002712483 0.007558758 0.00041403744 0.001153181 8.716441e-05 0.7991082 0.003955369 1.8288296e-05 0.0006616423 1.7466597e-05 0.0055609588 1.9915005e-06 0.00038329547 4.0243267e-06 0.000971474 0.002012272 2.4772774e-07 0.004043065 0.037303124 0.020339694 0.02155517 3.4283392e-05 9.7349575e-06 5.3642343e-05 8.3239274e-07 5.373453e-06 0.00081986695 4.4382187e-08 1.7492775e-10 3.5049855e-08 3.5570044e-06 7.71351e-06 0.030162498 0.0044925218 0.00019865195 0.00089840876 2.567251e-06 3.0556967e-05 3.0803673e-09 6.6507455e-05 0.004922261 0.001827807 0.003569144 4.6365457e-08 6.7125546e-07 0.0030353526 0.0032876956 2.4091656e-05 0.00026239795 2.8037146e-05 1.8292857e-06 0.0043539503 0.00016525039 0.0021770073 1.2602682e-05 5.9939084e-06 0.005851727 3.058058e-07 0.00022726067
0.9675042 0.011184168 0.00047373865 0.006003405 0.38762963 4.78282e-05 0.00036788412 0.056140337 0.6345399 0.004309677 0.15276715 5.838084e-05 2.5792353e-05 0.9083351 2.8939544e-06 2.6840926e-06 3.7057525e-05 0.013508241 0.027546566 0.38162407 1.7543615e-06 0.9512389 6.6852595e-06 0.0027312117 1.9296177e-15 9.0507514e-05 8.01727e-08 7.398147e-05 0.9491684 0.012508669 0.817468 0.00016027021 0.11329364 0.20980656 0.0002531647 0.001828792 0.0033909732 0.7573429 0.40607896 0.05996992 1.5438528e-06 0.0042274916 1.2865171e-06 2.4484605e-05 2.430666e-06 2.0168654e-06 4.900196e-06 0.023439439 0.02173217 0.05360404 2.8503403e-06 0.028237628 0.0030374678 6.2227326e-07 8.228113e-07 0.012852382 0.4180357 0.0002975795 0.021011526 3.1668458e-07 5.2788186e-05 4.5425913e-05 1.8354585e-05 1.3816136e-05 0.09090228 0.11688218 1.4160969e-07 4.6936904e-07 0.00010265229 2.0414268e-09 0.047683075 0.020028356 9.216235e-07 0.0009514559 1.8529166e-06 0.018805876 0.15456603 8.253623e-07 2.502879e-07 2.9295474e-08 1.6428977e-08 7.033747e-08 0.0072794845 1.0194207e-06 3.7953125e-06 8.144503e-08 1.3386332e-07 0.037497092 0.002063463 4.056048e-08 0.091150664 1.9715712e-08 2.8590316e-07 0.014998254 0.014158089 0.00032084092 0.007906246 1.1025755e-07 0.0013809273 7.267213e-09 1.3077505e-06
0.02057611 0.30562145 0.30869308 0.13766475 0.033575255 0.072541535 0.052975178 0.058440663 0.0013681687 0.7316718 0.031232942 0.384221 0.11300242 0.0016533196 0.00632382 0.000741987 0.027895067 8.453047e-08 0.10758701 8.883417e-07 0.003414285 0.001053226 0.06813349 0.9557229 9.0507514e-05 6.124351e-19 0.00067917455 0.0006629215 2.5611558e-05 0.13622575 1.1314248e-08 0.9829847 7.671357e-06 5.8375383e-07 0.0035511905 0.0075254412 0.001282369 0.00025915992 3.6341473e-06 3.6038946e-07 0.00021069933 0.0002558623 0.0014084014 0.102014616 0.0013566809 0.0035521386 0.00010257625 0.36375105 0.0012113773 4.386734e-06 0.003073355 3.4984805e-06 0.0028805723 1.2553787e-05 0.00084800244 1.1594516e-06 8.661899e-05 0.0012995681 1.0342617e-07 0.029799014 0.039643 0.009099248 0.024535201 8.723825e-05 1.4868355e-06 1.0680737e-06 3.1271506e-06 3.936761e-06 0.00023121295 2.0288348e-07 3.839248e-10 1.3691493e-08 4.353672e-06 8.850687e-06 0.028418161 0.00056553824 2.9527962e-05 0.002031877 3.2623636e-06 2.8246426e-05 1.1202196e-09 0.0005727121 0.00510545 0.001823657 0.0036284237 3.4722746e-08 6.090081e-06 0.00030484737 0.003249094 0.000110237015 3.846408e-05 3.3603526e-05 5.059447e-07 0.00040028905 1.6325483e-05 0.00093357783 4.1462636e-06 3.4392637e-05 0.002487151 8.752317e-07 0.00044078848
0.08066331 0.00036279007 0.005987296 0.0007040875 8.685784e-06 0.10199525 0.0030547455 6.241015e-05 2.5400374e-07 0.000809033 1.5124032e-06 0.0075863996 0.17446618 6.0652593e-07 0.69174004 0.41853875 0.045830756 1.7089023e-06 1.8882338e-06 1.1375703e-06 0.97140145 2.0248626e-07 0.85326356 0.00022092687 8.01727e-08 0.00067917455 1.3224254e-17 0.033419646 7.759363e-08 4.7507758e-05 3.2086838e-08 0.0030464262 2.3404809e-07 5.4876057e-07 0.010699972 1.2410904e-05 4.873475e-05 4.122054e-07 4.2501746e-08 6.797891e-08 0.038730975 3.7188458e-06 0.80476326 0.08089896 0.39668006 0.24940115 0.03522514 0.0009818746 3.5544293e-05 5.8574773e-08 0.009135973 4.008173e-07 0.00047129422 0.011172958 0.1628418 1.6940365e-07 1.4006444e-07 0.0037354494 1.7476327e-07 0.0055134417 0.000462515 7.803824e-06 0.0013224772 0.004882829 5.5981286e-09 5.5529106e-09 0.18819645 0.0020930206 0.0042264713 0.01051135 3.028697e-09 2.939841e-08 0.010881259 2.7129553e-07 6.200527e-06 1.3813158e-07 1.1564611e-08 0.0036150827 0.00024524977 0.08722033 1.5892692e-05 0.0009345626 0.00041329107 0.00017425077 0.000106153515 0.0011718342 0.00083261123 4.282107e-07 0.00082153874 0.0030687214 4.5665345e-08 0.00648493 0.0010333001 1.10990776e-07 2.5837724e-07 0.004612985 2.6106179e-08 0.0027478163 0.0012314998 0.00042842375 0.00023466305
0.9731885 0.01228832 0.01899418 0.031324532 0.0033418043 0.45059237 0.3554846 0.041682623 0.00011791399 0.0035616145 0.00020068407 0.0069599818 0.021250136 0.0004594451 0.14880112 0.8254327 0.9679089 0.26923984 4.4484063e-06 0.018176286 0.14482275 0.00092555454 0.022300526 0.00094204023 7.398147e-05 0.0006629215 0.033419646 7.3116235e-12 6.2832005e-05 0.0005083879 0.00012594902 0.0016117854 2.9296385e-05 0.00015808789 0.8983072 0.00024447378 0.00067941874 0.00030287684 3.0298459e-06 4.5221745e-06 0.69308746 7.1644536e-05 0.016960794 0.0025587159 0.019796384 0.009006151 0.22339971 7.986529e-05 0.0288214 3.7921682e-06 0.00035827153 1.7386477e-05 0.1452295 0.07636587 0.0029473465 1.9199676e-06 0.0010726991 0.5985963 0.011937261 0.000106547035 9.5518255e-05 3.6336918e-05 6.658628e-05 0.11592201 3.097285e-05 2.2324783e-05 0.0061637796 0.014973764 0.29167193 0.0006643693 1.4629422e-05 0.0019333808 0.0032565214 6.16382e-06 1.3214823e-06 0.0007056797 1.2071018e-05 0.00013791709 0.0067999503 0.0006197144 0.0017179445 0.00016836876 0.02158929 3.158033e-05 4.4603366e-05 0.00017094078 0.004279678 0.0018193957 0.036601532 0.00011238638 7.686278e-05 0.00012926209 0.00045317027 0.00024206126 2.9896006e-05 0.29557055 1.854621e-06 0.00025875244 0.054083966 0.0015549574 6.317876e-05
0.9385733 0.0054733115 0.0002160288 0.005284914 0.30239433 3.3366454e-05 0.0001626628 0.026165772 0.5155602 0.0008188948 0.11722842 2.4175155e-05 2.456401e-05 0.8153283 2.195706e-06 2.5694994e-06 5.012138e-05 0.007425988 0.035326228 0.17912933 1.6433727e-06 0.63629866 1.4458204e-06 0.0004293958 0.9491684 2.5611558e-05 7.759363e-08 6.2832005e-05 1.00423505e-16 0.0073483707 0.9593436 4.705976e-05 0.17166601 0.44034293 0.00032301823 0.0011708054 0.004901657 0.640077 0.4118941 0.06910821 3.0060523e-06 0.006267118 5.954462e-07 2.825789e-06 6.0794355e-07 5.038866e-07 5.9158515e-06 0.002307254 0.014598192 0.10731598 3.1335975e-07 0.061291505 0.0014307728 1.3852257e-07 1.8143991e-08 0.03023917 0.5024673 0.00023546268 0.021909555 2.6187266e-08 1.6186592e-05 2.019479e-06 1.2804936e-06 1.7450755e-06 0.15567687 0.16476636 1.865621e-08 1.1674036e-06 0.0002736173 2.8193594e-09 0.08691544 0.027540699 1.9048417e-07 0.0015332536 2.524639e-07 0.019638492 0.22218685 2.940807e-07 1.3748541e-08 4.1080868e-09 4.0720534e-09 9.272649e-09 0.0053401855 4.269645e-07 7.5258316e-07 9.050491e-09 4.8324488e-08 0.050843213 0.0016557322 3.0520457e-08 0.12786306 1.1578338e-08 1.3926567e-07 0.021195196 0.022241127 0.00050752884 0.009041452 1.0490247e-08 0.0012218743 6.73194e-09 1.6524224e-07
0.03312674 0.33112663 0.08956217 0.05495428 0.29380682 0.02792314 0.008330436 0.08139215 0.17368056 0.7328551 0.37046793 0.010784258 0.0052557625 0.13636562 0.0015968413 0.00032731902 0.0047847643 2.1973534e-07 0.9094402 1.1059328e-05 0.0002254244 0.03525017 0.0018154675 0.90110314 0.012508669 0.13622575 4.7507758e-05 0.0005083879 0.0073483707 9.782548e-18 1.8800641e-07 0.041331265 0.011606304 8.6572734e-05 0.001199194 0.95140016 0.43628693 0.010761209 0.0003264969 5.489286e-05 0.00029966014 0.0787415 6.524429e-05 0.000306714 4.521849e-05 0.00012785572 0.00013953642 0.61264515 0.0049673906 0.00031372922 0.00025935008 0.00020234563 0.0031990644 4.8858797e-06 0.00012216388 7.30583e-05 0.0074298666 0.002517697 1.1352136e-05 0.00021774307 0.00858068 0.016706178 0.0027495278 0.0002359651 0.00011589674 0.00048668572 8.5305277e-07 3.6111487e-06 0.0011081782 1.8722024e-07 6.304033e-09 5.94464e-07 6.226903e-06 0.000103237224 0.008848848 0.014498061 0.001703818 2.866217e-05 6.6666876e-06 1.4182433e-05 5.4616613e-09 1.0558281e-05 0.0037240228 0.00022982292 0.001248572 2.7619663e-07 2.0053436e-07 0.058696743 0.0013051803 5.1838188e-06 0.014247484 4.2335287e-06 7.253729e-06 0.09068235 0.00024871595 0.0016216561 0.00013537084 1.1642438e-06 0.0057814596 3.143235e-07 9.822333e-05
0.087289385 0.0035893999 7.5453936e-05 0.0072663315 0.059700843 0.00015502545 0.001493847 0.023488702 0.060760155 1.7265581e-06 0.0015490686 6.552492e-06 2.202694e-06 0.6635056 8.707683e-07 5.6069877e-07 0.00035673322 0.0040022642 0.0028436398 0.24269235 7.745937e-08 0.5126945 2.3433138e-08 1.2629444e-08 0.817468 1.1314248e-08 3.2086838e-08 0.00012594902 0.9593436 1.8800641e-07 2.4711458e-23 4.8965052e-08 0.0029114771 0.2184039 0.00010462902 1.4938597e-06 2.485278e-05 0.56810045 0.9407734 0.10595658 8.685867e-06 4.7306257e-05 2.727276e-08 1.059206e-08 2.8276895e-10 3.655486e-10 1.7241977e-07 1.0381666e-06 0.012648497 0.3540412 1.1194591e-09 0.26680696 0.0022597143 4.394839e-07 5.473926e-09 0.09619625 0.6906959 0.00015376817 0.033639655 8.191575e-10 3.0058616e-09 5.7763825e-09 1.70116e-09 3.131091e-09 0.37193576 0.18433267 6.296303e-10 4.2810984e-07 0.00012778793 1.7250727e-11 0.04806959 0.000654161 1.0657089e-08 0.004619058 1.8881435e-10 0.01884569 0.20350276 5.5541734e-12 1.2558234e-10 1.6375691e-09 2.012281e-10 5.04104e-12 0.004006551 4.6771483e-11 6.0782e-11 9.432493e-10 1.898077e-10 0.055320416 0.0018196857 3.5277415e-12 0.124030665 1.2664964e-10 4.77629e-10 0.025514822 0.0135016795 0.00033142793 0.0073780245 1.3769672e-11 0.0015641667 3.9049826e-11 3.902109e-11
