4.8584776e-14 0.9777405 0.9986366 0.99892527 0.9964115 0.9884862 0.9903376 0.99174136 0.98700154 0.99421835 0.9241583 0.9962965 0.9782971 0.99065727 0.9869837 0.9939783 0.985993 0.9618357 0.9443103 0.91895276 0.94951236 0.9562363 0.95050186 0.9962559 0.9736684 0.9654007 0.9944579 0.983985 0.93663895 0.9982511 0.99994725 0.980217 0.9918785 0.9998128 0.97754055 0.9765915 0.7288395 0.99999493 0.9590097 0.948776 0.94857514 0.89828473 0.99835265 0.86757076 0.43418932 0.96559095 0.95916957 0.8106736 0.98660254 0.9185075 0.9124927 0.9346384 0.8615092 0.93178684 0.6586968 0.9484018 0.27567104 0.98019695 0.49019325 0.85141224 0.9999971 0.9312181 0.13121559 0.98136586 0.8629732 0.17173825 0.1111888 0.4118708 0.39906815 0.9504896 0.33351338 0.08559635 0.008070124 0.8834076 0.056658924 0.9050556 0.007823613 0.01782181 0.1842307 0.84051734 0.6359074 0.8875327 0.8826404 0.8967603 0.992648 0.029738022 0.27156326 0.038770307 0.71266663 0.0429333 0.54274803 0.01044967 0.015367602 0.39411235 0.67908573 0.0012291942 0.85183764 0.10852918 0.08953526 0.36026177 0.421844
0.9777405 2.3087878e-09 0.80460906 0.79547334 0.9450576 0.50977886 0.6407591 0.97137684 0.56115365 0.18602663 0.60446626 0.5736919 0.47457516 0.07209138 0.07535009 0.032589212 0.009119424 0.12149061 0.13710423 0.47570512 0.41889074 0.05536055 0.13940662 0.026584223 0.0008265742 0.07091352 0.5983378 0.38503686 0.024931714 0.0022829107 0.7298348 0.0017825556 0.009882299 0.104519404 0.012130913 0.00029404697 0.0008989637 0.46915558 0.00025620734 0.00029437942 0.00018738718 4.7860238e-05 0.009390687 0.0043915506 7.4026398e-06 0.00026065903 0.002133799 0.0036432832 0.0018771648 0.00029849357 8.581121e-06 1.7412345e-05 5.870256e-06 0.0002919215 0.0050925342 0.00532435 3.4105651e-06 0.0006342958 3.1409022e-06 1.020717e-05 0.014474411 2.8919361e-05 0.0025938593 0.0005864328 0.00034176582 1.5901403e-06 6.552445e-07 3.5341556e-05 7.193029e-07 0.0005956999 5.714354e-07 0.00017597487 4.144894e-07 8.342727e-06 6.031046e-08 0.0008200769 2.7815454e-07 9.75145e-08 8.5207915e-08 5.880732e-05 8.939358e-08 2.405919e-05 3.1938287e-06 4.8236875e-06 4.9139566e-05 2.8819112e-09 9.529333e-09 1.5926943e-08 0.0022237157 3.3519843e-08 0.00053745805 5.7172617e-08 1.030854e-08 0.00010810339 2.6706364e-06 2.2437211e-08 9.752808e-06 2.1466464e-07 0.00065010204 6.519037e-05 5.032944e-07
0.9986366 0.80460906 1.07989555e-11 0.5489746 0.12668425 0.056364242 0.25244033 0.2387671 0.16625977 0.045519143 0.023945015 0.067228295 0.9306656 0.0036329522 0.0059741577 0.0011418381 0.00011539316 0.413378 0.018273583 0.1204396 0.91146666 0.48485312 0.0046216887 0.0034885355 9.797916e-05 0.39504158 0.22428073 0.008656627 0.0027932674 8.443086e-05 0.36392856 0.00032289937 0.34902072 0.030235449 0.85708266 4.846741e-05 0.0006163318 0.4261255 3.4243985e-05 0.0009778121 0.0001217805 0.00060695736 0.0012268601 0.4595731 4.2862786e-05 1.1176303e-06 2.561561e-05 0.2657116 2.6289901e-05 7.762928e-07 2.7397172e-07 2.040192e-06 2.8986801e-06 5.734433e-07 0.052621394 0.50167173 0.000108399785 0.1378158 1.0219047e-06 1.59299e-07 0.0028960553 8.910772e-07 0.12440546 5.60514e-06 0.09107579 7.0150705e-08 2.1773246e-08 0.00035537276 9.341816e-08 0.0035233665 9.304184e-09 0.00092733355 2.747948e-08 7.137386e-09 9.828386e-07 0.34083092 2.5314222e-08 4.594742e-06 1.0913416e-08 4.197662e-07 5.5891345e-09 6.770316e-08 3.796396e-09 6.568678e-08 3.7098184e-07 3.974115e-09 1.0908089e-08 5.1218154e-07 0.29571876 2.982454e-08 0.1776488 1.203901e-07 1.3447795e-08 0.029382277 2.0498947e-08 9.436389e-08 1.7899906e-08 7.199412e-05 0.024383493 0.045704767 3.7158518e-09
0.99892527 0.79547334 0.5489746 8.731678e-12 0.028731607 0.015808895 0.035112977 0.6613052 0.02684188 0.7388258 0.6709846 0.5400872 0.9192058 0.11698093 0.35077152 0.07069045 0.009807798 0.02430341 0.09211289 0.008575865 0.32342184 0.035855714 0.090864636 0.018772798 0.027810995 0.6618934 0.39696592 0.05850204 0.040303793 0.003144493 0.28305882 0.021889202 0.7993909 0.038916882 0.3936558 0.0092437 0.012583012 0.48255756 0.004132471 0.019334804 0.0061872816 0.0150071755 0.0012978018 0.03602958 0.00092574797 0.00041706162 0.0014431473 0.029620692 0.00045877456 0.00030277867 0.00067646767 0.0005459262 0.000776221 0.0005078007 0.0045049246 0.3740907 0.00051324995 0.30475676 0.00014620295 2.2058779e-05 0.0026814253 0.0002873995 0.0053697904 5.5410568e-05 0.11196964 1.0114478e-06 6.1281105e-07 0.0009921894 1.0664651e-05 0.00016058139 8.345476e-07 0.00017968628 7.0426705e-07 1.2145776e-05 6.477244e-05 0.3202191 1.1021483e-06 4.6559027e-05 1.3813394e-07 0.0002316093 1.2200397e-07 7.2322814e-06 6.835707e-06 3.4125758e-06 4.4280912e-07 2.8768271e-08 1.4116547e-06 2.3556317e-05 0.17790882 1.9136361e-07 0.29387388 5.674997e-07 1.9256355e-08 0.04537162 2.3192591e-07 1.5748005e-07 1.2333126e-07 0.00041537682 0.0017037716 0.070561044 3.3697198e-09
0.9964115 0.9450576 0.12668425 0.028731607 3.166664e-09 0.9520155 0.6329486 0.47424823 0.79555774 0.006742877 0.03433741 0.021631414 0.02796977 0.002681185 0.003244788 0.0009833253 0.00036787218 0.18794136 0.007256684 0.83153665 0.14914362 0.05634804 0.008551291 0.0001609713 0.00014510905 0.020997344 0.045504507 0.0034842032 0.00026143005 6.6682646e-06 0.92900395 0.00014241914 0.0021376598 0.0016171497 0.0028428535 0.0001713369 4.224811e-05 0.19602433 2.7102978e-06 2.5648933e-05 4.0470613e-06 7.88315e-06 3.842606e-05 0.002558494 8.8746994e-08 2.2294603e-06 4.6781213e-05 0.009531384 8.335514e-06 4.0079876e-06 3.9328317e-08 4.9291703e-08 1.4437563e-08 7.3479634e-07 0.015735494 0.0017227934 7.259552e-07 0.0001119525 1.430413e-08 2.1965583e-08 0.0047781887 1.2044885e-06 0.002651014 5.7733573e-06 4.5165176e-05 9.233574e-09 4.5912047e-09 2.0930863e-06 7.2399575e-09 0.024068864 1.1092341e-08 0.005742232 9.9817035e-09 6.737882e-07 2.072282e-07 0.00028492563 2.683016e-09 3.4130018e-08 1.2875118e-09 9.807175e-06 1.7584183e-08 5.4972725e-06 4.2377073e-07 1.991833e-06 1.3909704e-06 7.680243e-10 4.551932e-09 2.1323785e-08 0.00018757617 7.722891e-09 0.0002671997 6.286502e-09 6.2501504e-11 3.5269066e-05 1.8602876e-08 6.4702417e-09 3.8034705e-05 2.3808875e-08 0.0010048386 8.759636e-06 1.3714724e-07
0.9884862 0.50977886 0.056364242 0.015808895 0.9520155 4.7181394e-11 0.7680364 0.16747716 0.93567115 0.00047607633 0.005577743 0.010789828 0.014095596 0.00044653402 0.00019697992 0.0001633071 5.1251504e-06 0.69074714 0.0019383775 0.93257284 0.40531975 0.6112401 0.0013721588 0.00013811544 2.0795416e-05 0.036972858 0.047912687 0.0006588535 0.00034054447 6.601494e-07 0.6216355 6.842931e-05 0.0062608332 0.0014006172 0.15131201 3.993588e-06 0.00011186328 0.28577232 9.0187154e-07 0.00013468781 8.365377e-06 4.3570297e-05 4.5600664e-05 0.06855393 1.3808291e-06 8.2176705e-08 1.412778e-06 0.4044457 5.610344e-06 1.2588639e-07 3.6769277e-09 1.8808631e-08 1.3088133e-08 8.0253635e-08 0.46742338 0.018957999 3.859204e-06 0.0038769897 3.9972573e-08 1.2041244e-08 0.0023990113 1.9466803e-07 0.0082786335 1.1942157e-05 0.004566553 3.7432106e-09 2.5976328e-09 2.5597225e-05 3.4385745e-09 0.57882255 6.781635e-09 0.101303965 2.4842826e-09 1.16111565e-08 9.711465e-07 0.013247973 2.4343738e-09 1.6207939e-07 1.6372911e-09 3.700213e-06 3.2892817e-09 1.3019881e-07 6.520021e-08 4.750468e-07 1.4748261e-06 5.2945104e-10 1.1268719e-08 1.3798068e-07 0.023833666 1.4484508e-08 0.0040760306 1.8102027e-08 4.09043e-10 0.0012307327 4.618637e-08 1.35247324e-08 4.3863115e-06 2.3557642e-07 0.01955831 0.0019865308 5.8155947e-09
0.9903376 0.6407591 0.25244033 0.035112977 0.6329486 0.7680364 5.2523232e-11 0.1912508 0.9199277 0.0010187414 0.0042138468 0.014891241 0.059684828 0.00042194157 0.00029107666 0.00012017497 9.103561e-06 0.9210157 0.0013162143 0.84904927 0.77646303 0.92140967 0.0006874318 0.00018343344 8.853616e-06 0.055746935 0.062739216 0.000961436 0.00013393337 3.6897944e-07 0.4223238 8.4368636e-05 0.0047695297 0.0034310068 0.47904432 2.5200086e-07 5.7390887e-05 0.28706852 1.6192698e-06 8.273885e-05 5.5082714e-06 6.862099e-05 0.00019737011 0.24575992 2.604826e-06 5.1491803e-08 3.4375222e-07 0.7364556 3.8659155e-06 2.8274924e-08 2.181368e-09 1.1781191e-08 1.479345e-08 2.546983e-08 0.7590998 0.08539757 2.2317597e-06 0.0035287116 3.9203023e-08 1.36030955e-08 0.0015735567 1.8671528e-07 0.08169123 4.3593764e-06 0.004453456 9.151589e-09 9.263987e-09 1.27426065e-05 1.7955847e-08 0.52290905 5.1054636e-09 0.07702653 8.5226395e-09 8.4222995e-10 2.04448e-07 0.04621352 9.158119e-09 3.1592155e-08 3.6924523e-09 6.741912e-07 1.8799322e-10 2.3928381e-08 5.8769913e-09 1.5794487e-06 1.6627379e-06 5.3338883e-10 1.5006641e-09 3.840673e-08 0.079852104 6.758959e-09 0.01115056 3.0643008e-08 1.3110815e-09 0.0017446271 5.2999285e-09 1.0718532e-08 6.836705e-06 1.5171488e-06 0.07215552 0.0053453394 3.7715132e-08
0.99174136 0.97137684 0.2387671 0.6613052 0.47424823 0.16747716 0.1912508 5.5041446e-06 0.22793621 0.040568672 0.8851429 0.66156244 0.04319511 0.08761499 0.04210461 0.0645979 0.010573755 0.010547766 0.10881464 0.08389562 0.016339736 0.00343403 0.48419032 0.035187956 0.00034848027 0.004530011 0.5417971 0.45930406 0.085531354 0.0015129903 0.9255149 0.00013799037 0.00028113974 0.057765067 0.00017081824 0.00052998814 0.0008447302 0.55282754 2.2539225e-05 5.1304364e-06 1.4913309e-05 1.6877259e-06 0.003503163 0.00019280906 1.2134111e-06 0.00023351535 0.0120052695 0.00019100017 0.0029694731 0.00082395575 4.3131595e-06 1.8362438e-06 1.5462125e-07 0.0014050547 0.00014860333 0.00021146229 1.306646e-06 1.7375718e-05 6.8628346e-08 6.0775807e-07 0.0125887785 0.0003529844 0.00020533385 0.0015871057 1.352073e-05 2.3458125e-07 2.056826e-07 9.1715793e-07 1.8553976e-08 9.719461e-05 2.9055758e-07 4.182936e-05 6.706786e-08 1.4495655e-05 1.7122638e-07 0.00023226049 1.8616756e-08 2.9045424e-07 1.906151e-08 0.00013742632 1.1779119e-07 0.0001073575 2.2067132e-05 5.5894976e-05 2.307927e-05 1.2883078e-09 5.1085514e-09 3.622139e-09 2.7468886e-05 9.8380175e-09 0.00019877116 8.038566e-09 1.6300301e-10 3.4376277e-05 2.3448148e-09 3.9313002e-07 4.346364e-05 6.401173e-08 2.6100342e-05 4.465968e-05 3.625182e-08
0.98700154 0.56115365 0.16625977 0.02684188 0.79555774 0.93567115 0.9199277 0.22793621 4.890592e-10 0.00028046308 0.0041599306 0.016959071 0.047605205 0.00025843727 0.00011905001 8.643719e-05 4.748595e-06 0.8469463 0.0009207126 0.94917476 0.67297924 0.84807163 0.0007472634 0.00015333646 6.599313e-06 0.05887878 0.04598702 0.00069896807 0.00014845023 1.4123664e-07 0.4895933 4.3654523e-05 0.007916447 0.0020853805 0.35384715 4.892055e-07 7.658759e-05 0.22574238 7.469808e-07 0.00013133523 4.5235547e-06 3.6822195e-05 0.00013228468 0.15572238 9.274259e-07 2.4492927e-08 1.3715998e-06 0.6628041 1.2255759e-06 4.0944464e-08 7.148649e-10 8.057707e-09 8.717463e-09 6.844246e-08 0.6874049 0.06656684 3.9726765e-06 0.0064681293 2.2311575e-08 6.587733e-09 0.0013349624 2.465756e-07 0.028557431 3.713204e-06 0.007253909 3.4330438e-09 3.8291943e-09 6.2801364e-06 7.656479e-09 0.63339883 5.6423572e-09 0.102604836 2.1269264e-09 3.213233e-09 2.5127585e-07 0.03260047 2.7254439e-09 1.5788629e-08 3.427587e-09 2.3971024e-06 4.4339335e-10 6.6839014e-08 1.3481566e-08 1.5418797e-06 9.532287e-07 2.3709382e-10 9.956999e-10 6.021621e-08 0.049694557 4.1727555e-09 0.008078392 4.273519e-09 3.3815004e-10 0.0015554564 9.302906e-09 1.8631983e-09 2.8883073e-06 3.3889083e-07 0.050415643 0.0026781235 8.022222e-09
0.99421835 0.18602663 0.045519143 0.7388258 0.006742877 0.00047607633 0.0010187414 0.040568672 0.00028046308 3.4440764e-12 0.06443354 0.08824845 0.73262924 0.22709046 0.952199 0.07104886 0.04718705 0.00012781414 0.43723476 0.0023884233 0.055424564 0.00018621283 0.008341045 0.029978491 0.2068028 0.83200604 0.22160698 0.0026608412 0.009908038 0.000111606896 0.08582348 0.33665675 0.78194064 0.03209269 0.044486143 0.002246534 0.045454357 0.4271494 0.080514416 0.36504576 0.1509356 0.27700332 0.0025089087 0.011200514 0.010863995 3.3867807e-06 1.361394e-05 0.006507387 9.967669e-06 1.3062037e-06 2.1965341e-05 0.0002276941 0.0012334286 1.6408309e-06 0.0005941181 0.48234886 0.023686072 0.9089834 5.700811e-05 1.0937173e-06 0.001937861 3.1697175e-06 0.0033010682 7.656085e-07 0.6656596 1.203319e-07 4.918999e-08 0.08776426 2.7540466e-07 8.2782964e-07 7.577562e-09 2.1826136e-06 1.8528477e-08 1.2779408e-09 0.0004297664 0.5902519 1.6210219e-08 0.0034260338 2.0628135e-09 5.374526e-07 8.5264074e-10 3.99538e-09 4.904791e-10 6.366359e-09 1.3643599e-07 1.5953882e-08 3.83663e-05 9.361102e-05 0.026107619 4.3375232e-09 0.37059918 1.0869355e-08 5.3607177e-08 0.6809571 1.2379259e-09 3.2216235e-08 1.2010317e-09 0.115303315 4.663991e-05 0.22571221 3.455501e-11
0.9241583 0.60446626 0.023945015 0.6709846 0.03433741 0.005577743 0.0042138468 0.8851429 0.0041599306 0.06443354 5.143737e-10 0.98297906 0.048131738 0.57220805 0.10524808 0.7277166 0.07521003 0.00041257986 0.3288062 0.0017826094 0.0050364714 0.00010903867 0.871602 0.19499815 0.0039644563 0.009235417 0.79781395 0.83195704 0.6321181 0.0217612 0.26317152 0.00065738015 0.00073582056 0.1504844 5.4574404e-05 0.012009662 0.006296055 0.4825348 0.00021675935 1.3897499e-05 3.6384634e-05 3.3487029e-06 0.015373861 2.9385756e-05 5.344493e-05 0.00095238147 0.03945107 0.00012451147 0.004703585 0.0017735126 6.1738014e-05 5.6171084e-05 3.3027152e-06 0.00632509 4.6710484e-06 8.3555344e-05 1.0369521e-05 4.458121e-05 6.4863485e-07 9.528748e-06 0.020972006 0.014684664 1.900826e-05 0.0016100564 1.0668221e-05 2.1911822e-07 7.239009e-08 3.1826332e-06 3.5524753e-08 6.9365036e-08 4.2867217e-08 1.9220697e-07 4.2881524e-08 0.00055476266 5.998755e-07 6.738699e-05 1.2655487e-08 2.1842033e-07 7.027776e-09 0.0031359072 3.4290732e-08 0.0008522475 0.0001278195 0.0001486107 2.0493133e-05 2.2822506e-09 1.101482e-08 5.6360143e-08 9.40377e-06 1.703073e-08 6.2271436e-05 6.1693566e-09 4.050596e-09 1.588748e-05 2.9702983e-07 8.710635e-08 2.0443611e-05 1.6975508e-07 1.0245839e-07 1.2843093e-06 5.063801e-07
0.9962965 0.5736919 0.067228295 0.5400872 0.021631414 0.010789828 0.014891241 0.66156244 0.016959071 0.08824845 0.98297906 7.968227e-12 0.14662084 0.25108522 0.10510871 0.25333858 0.053874232 0.006382883 0.067979 0.0032456266 0.014806487 0.0019829432 0.57383233 0.060844395 0.007771184 0.018729657 0.8513611 0.40573826 0.17692144 0.010955872 0.4713932 0.0013950003 0.008190902 0.14427745 0.0014214463 0.016444908 0.002838148 0.729166 0.00034490423 0.00014144416 0.00012840473 7.932816e-05 0.0063830754 0.0015253762 3.4820092e-05 0.0019123566 0.032170355 0.0010779157 0.0035159637 0.0022134834 0.00031871803 0.0001104598 1.4278163e-05 0.0035309687 0.00039615633 0.00091605925 5.364758e-06 0.0022122373 3.4935956e-06 2.3456514e-05 0.019046174 0.0016205338 9.7509896e-05 0.0007912284 0.0013585369 1.055274e-06 4.5473416e-07 2.0907652e-05 1.528961e-07 3.6544757e-06 3.4212286e-07 1.8097204e-05 2.2703351e-07 0.00059267733 9.303332e-07 0.0003544785 4.221236e-08 1.4394017e-07 1.4574138e-07 0.0014784228 1.2480349e-07 0.00081340875 0.00065786304 8.6405795e-05 2.924994e-06 1.3638161e-09 2.9965268e-08 1.7109977e-08 0.000184626 5.9550858e-09 0.0018185683 1.6345368e-08 4.3648668e-10 6.6766675e-05 1.1330357e-08 6.816142e-09 9.12974e-06 5.80768e-07 3.2761413e-06 9.310474e-06 7.1530614e-08
0.9782971 0.47457516 0.9306656 0.9192058 0.02796977 0.014095596 0.059684828 0.04319511 0.047605205 0.73262924 0.048131738 0.14662084 2.4123997e-13 0.07487522 0.46636382 0.025923997 0.0032986342 0.0953069 0.21204808 0.078965105 0.85843635 0.095908575 0.0035498734 0.0094223255 0.0022161838 0.9661287 0.263691 0.0024933105 0.0020647633 5.6335088e-05 0.15876856 0.0072674947 0.45811075 0.044575967 0.52497333 0.0001291502 0.0043058544 0.1930755 0.00033024856 0.012315468 0.00147115 0.006039508 0.0006182076 0.21550737 0.00019025299 2.476649e-05 0.00016199388 0.11435328 4.26897e-05 3.4367724e-05 2.0290031e-07 8.782149e-07 1.3013781e-06 9.027092e-06 0.018675592 0.5651747 0.0037906936 0.18002851 2.167055e-07 2.0210946e-07 0.006657517 2.2327806e-07 0.04943857 2.1486997e-06 0.09188271 1.5219663e-07 6.6781666e-08 0.0015178269 6.789662e-08 3.529588e-05 2.7035139e-08 0.0002001487 1.3966536e-07 5.09634e-08 8.166483e-06 0.09059375 8.329855e-08 4.520232e-05 1.5885493e-09 5.0917826e-08 1.3302732e-09 1.6265525e-07 2.4122437e-09 1.1305706e-08 1.1662997e-06 3.72101e-08 8.789472e-09 1.5797417e-07 0.05849352 2.4438565e-08 0.18820816 9.2537306e-08 1.6368135e-09 0.048044555 2.849863e-09 2.22949e-08 8.7398426e-08 0.00055066624 0.0020392626 0.012121626 2.0258495e-09
0.99065727 0.07209138 0.0036329522 0.11698093 0.002681185 0.00044653402 0.00042194157 0.08761499 0.00025843727 0.22709046 0.57220805 0.25108522 0.07487522 1.964827e-10 0.578657 0.9645685 0.8314033 0.00010855382 0.8999644 0.0006231986 0.006492213 0.000270733 0.36697963 0.1843473 0.764213 0.08047743 0.2803881 0.052387644 0.43518528 0.025408104 0.05432027 0.3435659 0.03563618 0.05636408 0.010931611 0.49629918 0.28998393 0.27237332 0.26889575 0.11265846 0.17078304 0.08494049 0.006811065 0.0037762371 0.06225376 0.0025888437 0.009504299 0.0013664155 0.0002655482 0.0020395708 0.025133671 0.03264009 0.036997937 0.0029473084 2.4446668e-05 0.007560712 0.020172002 0.08015992 0.0032338428 0.0013556372 0.014520248 0.0013710834 0.0001719714 9.6842e-05 0.0139934085 3.112677e-05 6.5130675e-06 0.028219432 3.5756617e-05 6.4932993e-07 1.0718267e-06 8.5755454e-07 9.2091096e-07 0.00017610213 0.0024386628 0.006643535 4.374917e-07 0.0010467264 4.0741043e-07 0.0001471223 4.2707688e-07 2.4717458e-05 4.8556e-05 2.8975099e-05 3.7708983e-06 5.6884016e-07 0.0036726336 0.0023375442 0.0006392969 2.4155977e-07 0.016100373 8.173187e-07 2.9139073e-06 0.010654943 7.505647e-07 2.8808947e-07 4.050911e-06 0.0038812424 1.242739e-05 0.0019489905 6.8051165e-08
0.9869837 0.07535009 0.0059741577 0.35077152 0.003244788 0.00019697992 0.00029107666 0.04210461 0.00011905001 0.952199 0.10524808 0.10510871 0.46636382 0.578657 6.3548445e-13 0.22585085 0.3568667 1.0355448e-05 0.9071051 0.0007183192 0.018600436 2.5320223e-05 0.025097068 0.05153863 0.79890066 0.4631653 0.19664809 0.008165982 0.057765946 0.00042518257 0.05345337 0.85879815 0.3953068 0.04167158 0.010619798 0.044457007 0.48699692 0.328543 0.530393 0.61056715 0.50883174 0.47332907 0.002716689 0.004283592 0.14226542 2.0705731e-05 7.95861e-05 0.0021577051 3.6006895e-05 1.8926372e-05 0.0004033179 0.0025293268 0.014345309 1.6420763e-05 2.6897567e-05 0.0890348 0.09320438 0.6960975 0.00065579684 7.030401e-06 0.003337207 9.695304e-06 0.000677384 2.2093927e-06 0.32066584 1.006214e-06 1.5230191e-07 0.25596222 7.038884e-07 2.4291017e-08 3.6222307e-08 2.584963e-07 3.693257e-08 6.3390475e-09 0.004624006 0.12518129 9.697249e-09 0.010947579 3.91601e-09 1.2028263e-06 1.2365713e-09 2.4965722e-08 1.5245869e-09 3.0761356e-08 5.0785417e-07 5.1160324e-08 0.00044172036 0.0034759014 0.0036753085 2.6814402e-09 0.10703713 1.0697963e-08 2.1976446e-07 0.48150918 9.71941e-10 2.535607e-08 1.0827119e-09 0.17085809 9.759945e-06 0.035629872 2.9965277e-11
0.9939783 0.032589212 0.0011418381 0.07069045 0.0009833253 0.0001633071 0.00012017497 0.0645979 8.643719e-05 0.07104886 0.7277166 0.25333858 0.025923997 0.9645685 0.22585085 3.6548216e-11 0.7549679 7.222584e-06 0.63298094 0.00019867638 0.0012507422 1.04390165e-05 0.74686944 0.45567125 0.6540634 0.02788603 0.5486181 0.26178858 0.7985401 0.08650472 0.055439975 0.15632293 0.020343404 0.19541214 0.0012510816 0.8476205 0.31914183 0.3887193 0.24277177 0.034904063 0.08356019 0.023972657 0.011758402 0.00043569447 0.047455348 0.010276024 0.038201366 0.00014092753 0.0011914815 0.004341499 0.051809378 0.058486983 0.07133474 0.005591236 9.5056436e-07 0.0014636393 0.009838947 0.045831017 0.0054914304 0.0029545117 0.0427976 0.004345304 2.5489016e-05 0.00052540406 0.00796216 0.00010341252 2.3834493e-05 0.005546687 0.00012995476 5.509572e-09 4.5886463e-06 4.4973582e-08 1.9132428e-06 0.0009876335 0.0018626214 0.0020972616 7.216294e-07 0.00062744133 1.8972173e-06 0.00057059433 5.293443e-07 8.7764216e-05 0.0003208443 0.00013299646 3.0953273e-05 3.7064713e-06 0.004640422 0.0022567702 0.00017938203 4.187372e-08 0.0028744198 8.2888704e-08 1.8592846e-05 0.0050922674 5.788212e-07 4.2021514e-07 1.7423392e-05 0.0034363675 6.880817e-06 0.00070911046 1.2833378e-07
0.985993 0.009119424 0.00011539316 0.009807798 0.00036787218 5.1251504e-06 9.103561e-06 0.010573755 4.748595e-06 0.04718705 0.07521003 0.053874232 0.0032986342 0.8314033 0.3568667 0.7549679 1.1321959e-11 3.008853e-07 0.9517884 8.328137e-05 0.0012785486 1.3314403e-06 0.1394215 0.17714567 0.9260734 0.031322975 0.18943754 0.017872779 0.4047047 0.0021071935 0.01922148 0.6327422 0.016153585 0.040058415 0.00038727105 0.7959976 0.7736604 0.24988887 0.6012159 0.18645725 0.36132368 0.1652212 0.0013867895 0.00030770633 0.2878627 0.000703922 0.002854828 0.00010834439 0.00017910425 0.00041719066 0.049001798 0.099162266 0.19613433 0.0006860754 1.1341547e-06 0.0047692205 0.06200533 0.08043122 0.012782439 0.00043462502 0.011379637 0.0003437033 1.4696431e-05 4.3710763e-05 0.0210169 3.6342397e-05 2.7579483e-06 0.11411773 0.00011027686 4.135043e-09 6.0416585e-07 3.287515e-08 6.153621e-07 2.9642259e-05 0.010639281 0.0034121922 2.3635391e-07 0.01089866 1.0859394e-07 5.9776423e-05 9.319178e-08 4.627914e-06 1.9724423e-06 2.573838e-06 9.297332e-06 1.5229821e-06 0.031815473 0.024579706 0.00014293933 3.0081225e-08 0.0014100355 1.5401521e-07 6.2742016e-05 0.027932072 1.258757e-07 2.3267405e-07 2.0469616e-07 0.027643302 6.7578634e-07 0.00031578328 3.3603298e-09
0.9618357 0.12149061 0.413378 0.02430341 0.18794136 0.69074714 0.9210157 0.010547766 0.8469463 0.00012781414 0.00041257986 0.006382883 0.0953069 0.00010855382 1.0355448e-05 7.222584e-06 3.008853e-07 3.2658043e-15 0.0014346382 0.92974585 0.93248504 0.8287538 7.874817e-06 2.3757357e-05 2.5592936e-08 0.09605835 0.008928896 1.32280065e-05 1.6387419e-06 7.4441773e-09 0.0797171 6.470161e-07 0.0016975623 0.0004503477 0.6912148 8.070735e-09 3.1944712e-06 0.070036925 1.2535297e-08 3.859682e-06 6.322327e-08 2.1159926e-06 2.7831015e-06 0.5013706 1.5978975e-08 9.502049e-10 3.022443e-08 0.85274255 4.0209777e-08 6.1535266e-09 2.0756866e-10 7.321762e-10 4.141268e-10 2.0865649e-08 0.75356996 0.097945206 3.289461e-07 0.0036238395 4.9326196e-09 3.0531329e-09 0.00069405936 1.1084982e-08 0.1671883 9.89057e-08 0.006327591 1.3988636e-09 1.5566329e-09 1.0087685e-05 2.4453846e-09 0.24392773 2.947571e-09 0.038383666 1.221291e-09 4.5809048e-11 1.1718887e-08 0.037786458 2.9744933e-09 1.8677111e-08 9.99736e-10 7.4489213e-07 4.7463666e-10 7.588236e-09 4.958019e-10 7.1599584e-07 3.666472e-07 5.454772e-12 2.6408025e-11 6.9051627e-09 0.11888891 5.4701275e-09 0.0050131683 2.3175455e-09 6.718285e-11 0.00073776307 6.436663e-09 3.8962673e-09 7.711394e-09 1.5893518e-06 0.04163203 0.0037832754 1.3363257e-09
0.9443103 0.13710423 0.018273583 0.09211289 0.007256684 0.0019383775 0.0013162143 0.10881464 0.0009207126 0.43723476 0.3288062 0.067979 0.21204808 0.8999644 0.9071051 0.63298094 0.9517884 0.0014346382 5.195733e-13 0.0008911418 0.013565775 0.00018229657 0.16832675 0.060087312 0.78656894 0.50956905 0.17849201 0.07457844 0.7801318 0.006256363 0.04234886 0.49926054 0.065238014 0.037788674 0.00072930794 0.5589093 0.94045913 0.22992538 0.24221157 0.018168218 0.0355865 0.0058415965 0.007459618 0.0014572887 0.1582039 0.0050309175 0.021064969 0.00027285249 0.00022419462 0.005945551 0.014877947 0.011531833 0.006258953 0.008062778 6.7030993e-07 0.015105065 0.009949701 0.042876907 0.0009784353 0.00074195175 0.008575519 0.0031902303 2.5529573e-05 3.3465563e-05 0.0071589523 1.9286985e-05 3.7010814e-06 0.0008221195 9.732687e-07 9.41609e-08 3.2718995e-07 8.306849e-08 2.1463309e-07 3.4334407e-05 0.0003234017 0.0009441935 6.6004486e-09 0.00077788695 5.658926e-08 5.2678453e-05 2.9153543e-07 3.4688805e-05 1.1119922e-06 1.0371434e-06 6.409173e-07 5.7217098e-09 5.0256353e-05 1.6881422e-05 2.6817577e-05 7.2363138e-09 0.0049964986 2.7107256e-09 1.0835864e-08 0.0043478217 1.22048105e-08 1.7066573e-07 5.2357456e-07 0.0010755089 1.8416182e-07 1.6104063e-05 5.600403e-09
0.91895276 0.47570512 0.1204396 0.008575865 0.83153665 0.93257284 0.84904927 0.08389562 0.94917476 0.0023884233 0.0017826094 0.0032456266 0.078965105 0.0006231986 0.0007183192 0.00019867638 8.328137e-05 0.92974585 0.0008911418 5.5468925e-11 0.8572322 0.69201046 3.5823276e-05 5.886668e-05 5.5253604e-06 0.07229755 0.0053730486 0.0003399484 1.6866601e-05 2.0464863e-06 0.27877623 3.4272998e-05 0.0027871153 0.00013933935 0.004316402 2.9091816e-06 2.1113128e-05 0.034080155 8.996527e-07 2.4859393e-05 5.151342e-06 9.103101e-06 0.00015166742 0.0065313675 3.804038e-08 7.2607634e-07 5.22624e-06 0.05194344 2.2381786e-05 2.0657794e-06 1.3788221e-08 1.9813322e-07 3.6889976e-08 2.9616035e-07 0.08611968 0.0062587173 2.1294768e-06 4.6455152e-05 4.126276e-08 3.6025664e-08 0.0027049005 1.5592473e-06 0.013080681 1.5316597e-05 5.8794136e-05 2.0159096e-08 1.3517408e-08 1.7728186e-06 4.3315563e-08 0.013119666 1.30526585e-08 0.0052343407 2.1780181e-08 7.489513e-08 8.2982034e-08 0.00033303144 1.0903409e-08 1.4018552e-07 5.172428e-09 2.9618363e-06 9.914118e-09 1.1215376e-05 1.2728474e-08 2.0611184e-07 7.5472467e-06 1.8484406e-10 7.520127e-09 9.569513e-09 0.00034376737 1.0531646e-08 0.00011855546 7.922548e-09 9.838926e-11 4.362389e-05 4.955525e-09 9.831527e-09 2.6380076e-06 1.2032594e-07 0.0032235277 2.5919142e-05 1.1249413e-08
0.94951236 0.41889074 0.91146666 0.32342184 0.14914362 0.40531975 0.77646303 0.016339736 0.67297924 0.055424564 0.0050364714 0.014806487 0.85843635 0.006492213 0.018600436 0.0012507422 0.0012785486 0.93248504 0.013565775 0.8572322 8.8057254e-14 0.9044538 0.00032241901 0.00087663345 0.000105411025 0.7238156 0.07010743 0.0008114713 7.7114026e-05 1.0092817e-06 0.16087216 0.0003837995 0.21882263 0.004170606 0.7028018 1.5411476e-06 6.71187e-05 0.09124163 1.6739988e-05 0.00032004146 5.2995296e-05 9.651009e-05 0.00031573934 0.45342672 1.448473e-06 8.762773e-07 5.042056e-06 0.34540913 1.5219506e-05 3.1739432e-06 4.7072146e-09 7.626517e-08 3.134265e-08 1.1158389e-06 0.24402659 0.35327217 4.6931487e-05 0.0052041076 7.209312e-09 6.0045067e-09 0.0033522518 6.9883373e-07 0.29084504 1.0073178e-05 0.0032981592 9.445496e-09 9.117057e-09 1.0439783e-05 7.020448e-09 0.00044951527 5.3857114e-09 0.0012918629 8.548574e-09 3.3424396e-08 7.100551e-08 0.020926695 1.9356505e-09 1.269891e-07 1.9372943e-09 3.484876e-07 2.5497038e-09 2.0527813e-07 5.607479e-09 2.4291756e-08 8.251471e-06 1.7622542e-10 9.076673e-11 2.0755968e-09 0.035022512 1.0161926e-09 0.01342755 5.4143423e-10 6.709872e-11 0.001403508 4.284864e-09 4.4668536e-09 7.0488596e-07 8.071179e-06 0.020774567 0.00092244265 9.0561675e-10
0.9562363 0.05536055 0.48485312 0.035855714 0.05634804 0.6112401 0.92140967 0.00343403 0.84807163 0.00018621283 0.00010903867 0.0019829432 0.095908575 0.000270733 2.5320223e-05 1.04390165e-05 1.3314403e-06 0.8287538 0.00018229657 0.69201046 0.9044538 1.8562519e-14 2.1446258e-06 6.348456e-05 5.648768e-08 0.11097283 0.0111158425 4.8012307e-06 8.412543e-07 6.2694546e-08 0.07904908 8.9681816e-07 0.0043551154 0.0010258849 0.8767925 7.691124e-09 2.3963414e-06 0.04422701 1.8519291e-08 7.2478374e-06 1.7035383e-07 4.535927e-06 1.2479921e-05 0.7802747 1.7014788e-08 1.3450334e-08 2.1424086e-07 0.94201976 8.1689865e-07 2.4446956e-08 6.1673533e-10 1.2860931e-09 1.6227566e-09 9.174365e-08 0.88034874 0.18042229 1.2671791e-06 0.0056646015 6.462015e-09 7.484968e-09 0.0007314966 2.1099527e-08 0.37989816 9.294775e-07 0.0099160345 9.109931e-09 5.229049e-09 3.6476806e-05 1.3494815e-08 0.45594156 9.900776e-09 0.08118985 8.389932e-09 7.505589e-11 6.425565e-08 0.07716172 1.8944439e-08 6.6807026e-08 2.2128688e-09 4.8090413e-07 7.216626e-10 5.4916967e-08 2.097265e-09 2.6102546e-06 2.3988155e-06 1.5844203e-11 1.5750684e-10 5.7009604e-08 0.29375556 1.3170849e-08 0.013564073 1.8285496e-08 9.572205e-11 0.0020596273 1.2863587e-08 4.291006e-09 1.2708535e-08 1.8354307e-05 0.09672984 0.010228139 6.071115e-09
0.95050186 0.13940662 0.0046216887 0.090864636 0.008551291 0.0013721588 0.0006874318 0.48419032 0.0007472634 0.008341045 0.871602 0.57383233 0.0035498734 0.36697963 0.025097068 0.74686944 0.1394215 7.874817e-06 0.16832675 3.5823276e-05 0.00032241901 2.1446258e-06 9.905551e-10 0.9624717 0.0039004667 0.002068793 0.7468891 0.93161947 0.9647488 0.39334595 0.0841094 0.00030979095 0.00015823271 0.5335234 2.1833132e-06 0.2182012 0.017423544 0.32743165 0.00024114862 1.1654902e-06 1.6227072e-05 3.002839e-07 0.30711114 8.93571e-06 6.421403e-05 0.030011354 0.42315522 5.844309e-06 0.08343538 0.032396615 0.0032343594 0.0008593315 1.8647008e-05 0.105219774 1.7237703e-07 4.372813e-06 2.4320154e-06 5.9400332e-05 8.419345e-06 0.00083372474 0.10949087 0.26009214 1.7910801e-06 0.027998379 1.1057336e-05 8.325456e-06 3.6342656e-06 9.43301e-07 1.3076209e-06 1.5346913e-08 1.0053053e-05 8.519264e-08 6.67316e-07 0.017065713 4.2125038e-07 8.501911e-06 4.1643875e-07 1.3320689e-08 1.0608712e-06 0.05038688 8.905238e-06 0.0135144275 0.009403569 0.027905969 0.0017827045 1.2686253e-08 6.367989e-08 3.3290277e-08 7.731236e-06 2.670495e-07 5.433694e-06 7.405717e-08 1.16170495e-08 8.294953e-06 6.586895e-06 1.0081951e-07 0.0009323895 1.3668436e-07 2.1727892e-07 1.2139162e-07 1.0025375e-05
0.9962559 0.026584223 0.0034885355 0.018772798 0.0001609713 0.00013811544 0.00018343344 0.035187956 0.00015333646 0.029978491 0.19499815 0.060844395 0.0094223255 0.1843473 0.05153863 0.45567125 0.17714567 2.3757357e-05 0.060087312 5.886668e-05 0.00087663345 6.348456e-05 0.9624717 1.707502e-09 0.14126039 0.013954468 0.6116126 0.7939221 0.84882337 0.66177374 0.048446365 0.035280935 0.0123003265 0.50224596 0.002310191 0.8744157 0.09134031 0.39719346 0.05801282 0.011048072 0.019476129 0.008413767 0.080077335 0.0013011071 0.014077213 0.11039568 0.23018195 0.00013067744 0.0154408645 0.07873946 0.27871484 0.27482355 0.103884645 0.075915456 1.1070165e-05 0.00049094186 0.0015090334 0.030781172 0.03405768 0.054837693 0.13081127 0.06881255 1.5520971e-05 0.008320881 0.0074538616 0.0044997446 0.0025410247 0.00119108 0.008291821 5.155607e-08 0.0021907636 3.173315e-07 0.0003369158 0.03865022 0.0011664644 0.0018845506 0.00016800837 4.826119e-05 0.0011731251 0.019516552 0.003540643 0.004630636 0.028062433 0.0031974115 0.00038638897 0.000628398 0.029812148 0.003820397 0.00048334635 6.205749e-05 0.0026080103 2.8800268e-05 0.0007222061 0.0024163711 0.00018709201 5.6817335e-05 0.0019537555 0.000957432 6.414854e-05 0.00013397846 6.0757615e-05
0.9736684 0.0008265742 9.797916e-05 0.027810995 0.00014510905 2.0795416e-05 8.853616e-06 0.00034848027 6.599313e-06 0.2068028 0.0039644563 0.007771184 0.0022161838 0.764213 0.79890066 0.6540634 0.9260734 2.5592936e-08 0.78656894 5.5253604e-06 0.000105411025 5.648768e-08 0.0039004667 0.14126039 5.092006e-12 0.031774938 0.09857607 0.00017878921 0.008080244 0.012145511 0.014243776 0.90642244 0.0036771912 0.030394018 7.587545e-06 0.26709005 0.94846666 0.20472272 0.85350776 0.23009758 0.56843317 0.13962635 0.0019487937 6.674758e-05 0.5406644 0.00013529893 0.00013390259 2.9236808e-06 0.00016843686 6.691118e-05 0.0121218525 0.077229016 0.32889003 3.134784e-05 1.1856569e-07 0.0009064837 0.075886644 0.052746687 0.028928852 0.00012913124 0.0064253816 5.107838e-06 2.0004773e-06 2.1598686e-05 0.01657263 2.3567081e-05 1.3582485e-06 0.12004438 1.440418e-05 1.2438481e-08 1.519398e-07 3.2082678e-08 2.4959496e-07 1.9452904e-07 0.017421907 0.0019881323 8.689578e-08 0.010156653 1.21776065e-08 1.0576123e-06 4.3262447e-09 5.2463616e-07 3.1891044e-08 4.2439943e-08 6.3628477e-06 1.9017143e-07 0.06417268 0.03474378 0.00013845504 1.2481616e-08 0.0008962048 3.6138392e-08 8.513198e-06 0.018587725 2.6806404e-07 5.057835e-09 1.8191082e-08 0.019921841 1.2285179e-06 0.00010361103 1.7826812e-09
0.9654007 0.07091352 0.39504158 0.6618934 0.020997344 0.036972858 0.055746935 0.004530011 0.05887878 0.83200604 0.009235417 0.018729657 0.9661287 0.08047743 0.4631653 0.02788603 0.031322975 0.09605835 0.50956905 0.07229755 0.7238156 0.11097283 0.002068793 0.013954468 0.031774938 1.8467073e-13 0.08207122 0.0007379822 0.00070659624 0.0006391667 0.064672 0.07092849 0.93257993 0.0067472155 0.37613714 0.00034178636 0.0064888485 0.10057993 0.006282614 0.32872364 0.013102492 0.15768065 0.00076582615 0.11412007 0.0014563474 0.0001249821 0.00018291181 0.017397864 0.000146955 0.00012949812 5.091235e-06 6.277086e-05 2.5564314e-05 4.968492e-05 0.0059133247 0.7468121 0.101699054 0.26872143 1.7008412e-06 5.2480584e-07 0.0056180465 1.2229963e-05 0.15515734 1.27323665e-05 0.08866325 5.0962257e-07 2.2193805e-07 0.0029277825 6.498022e-08 1.5398335e-05 5.997013e-08 4.6342277e-05 6.831425e-08 1.286311e-06 6.1934035e-05 0.17908789 1.12408545e-08 0.0021162974 2.51658e-08 9.131094e-07 3.9730022e-08 7.915797e-07 3.3696704e-08 1.4912027e-09 3.466977e-06 1.7728039e-09 8.171433e-09 1.1447671e-06 0.044460192 6.7687855e-10 0.07472955 1.1507945e-09 4.099795e-10 0.07605903 8.0546914e-10 8.2444103e-07 1.4936204e-06 0.0067158174 0.0028311396 0.017326228 1.0470312e-09
0.9944579 0.5983378 0.22428073 0.39696592 0.045504507 0.047912687 0.062739216 0.5417971 0.04598702 0.22160698 0.79781395 0.8513611 0.263691 0.2803881 0.19664809 0.5486181 0.18943754 0.008928896 0.17849201 0.0053730486 0.07010743 0.0111158425 0.7468891 0.6116126 0.09857607 0.08207122 3.402232e-08 0.7783865 0.36538684 0.29750904 0.3429788 0.036423754 0.07652582 0.5190745 0.0327653 0.27021512 0.020421118 0.9454269 0.039647944 0.01798639 0.019298667 0.0109096095 0.0444495 0.0022637185 0.005991637 0.030217072 0.14611462 0.009022192 0.040839363 0.023594897 0.027089944 0.013941466 0.008452444 0.04011776 0.0016787623 0.025954552 0.0011249759 0.06317744 0.0006713067 0.0029176883 0.07325519 0.045430887 0.00062345515 0.038199008 0.011444551 0.00022973964 0.0001468264 0.005639954 0.00032128827 0.00038049804 0.00011302839 0.00011904514 2.3170729e-05 0.005823977 0.0005573325 0.026542442 2.9042405e-05 0.00018804167 0.00012949947 0.030598544 0.0002902603 0.011985154 0.013665844 0.005738922 0.0029583347 1.8821228e-06 0.00069646386 0.00076861534 0.0036176657 1.41721175e-05 0.020525226 2.6589043e-05 4.7490066e-06 0.027423697 0.00029631422 4.7156373e-06 0.0022389612 0.0038473418 0.0015583094 0.0034470728 0.00018760821
0.983985 0.38503686 0.008656627 0.05850204 0.0034842032 0.0006588535 0.000961436 0.45930406 0.00069896807 0.0026608412 0.83195704 0.40573826 0.0024933105 0.052387644 0.008165982 0.26178858 0.017872779 1.32280065e-05 0.07457844 0.0003399484 0.0008114713 4.8012307e-06 0.93161947 0.7939221 0.00017878921 0.0007379822 0.7783865 6.1775672e-06 0.8538032 0.57050204 0.050880887 2.381184e-05 7.2871175e-05 0.9690893 3.3138174e-06 0.02438335 0.0028729576 0.3889856 1.2040585e-05 8.1877675e-07 4.7033395e-06 4.8209523e-07 0.24008572 2.6719268e-05 1.1879217e-05 0.0035405874 0.33500198 4.2165357e-05 0.11059191 0.0059438506 0.000108967884 1.2840356e-05 8.1084073e-07 0.06514533 4.389873e-06 2.0999752e-05 1.2442292e-06 1.1715697e-05 1.0335375e-06 5.3173855e-05 0.15141207 0.30355814 1.8102364e-05 0.05523852 1.391287e-05 3.7304899e-06 3.4379702e-06 2.273013e-07 1.0439807e-06 1.3424047e-07 2.9327455e-06 7.808696e-07 9.665424e-07 0.008170769 1.8208728e-07 3.693689e-05 3.308877e-07 1.9824343e-07 2.019502e-06 0.23852745 2.3206463e-05 0.014708401 0.011831901 0.01081577 0.000119336015 4.0946e-09 3.6869224e-08 4.090278e-08 1.6083819e-05 7.722183e-07 6.4176194e-05 6.403249e-08 2.0640727e-09 5.00525e-05 1.7176568e-06 4.4842298e-07 0.0008758538 4.972981e-07 2.2898073e-05 1.5874015e-05 2.7062211e-05
0.93663895 0.024931714 0.0027932674 0.040303793 0.00026143005 0.00034054447 0.00013393337 0.085531354 0.00014845023 0.009908038 0.6321181 0.17692144 0.0020647633 0.43518528 0.057765946 0.7985401 0.4047047 1.6387419e-06 0.7801318 1.6866601e-05 7.7114026e-05 8.412543e-07 0.9647488 0.84882337 0.008080244 0.00070659624 0.36538684 0.8538032 1.397616e-12 0.92758197 0.01879226 0.00017504727 4.3236098e-05 0.38989887 2.1871307e-08 0.67034006 0.074950434 0.08381785 0.000105587395 1.9874383e-06 9.1428965e-06 3.831547e-07 0.07368573 5.493837e-07 0.00018406779 0.11549474 0.409909 3.726749e-08 0.052107017 0.16124383 0.004786341 0.00039194166 2.9727978e-05 0.27153116 1.4520772e-08 9.273185e-06 0.00014036927 7.4609574e-07 2.4033252e-05 0.0021000474 0.034357928 0.7186963 2.6591872e-06 0.011789263 3.095882e-07 5.0927327e-05 3.420805e-05 1.1275266e-06 3.729462e-06 3.0387943e-09 3.0123705e-05 1.1591331e-08 9.800836e-06 0.006929014 6.0909844e-07 2.3198643e-06 4.0693226e-06 2.8719014e-06 5.709187e-06 0.031149296 6.5341555e-05 0.016444169 0.00084612303 0.0033342408 0.0001452335 3.3384385e-08 3.9012792e-07 1.5593e-07 2.583494e-07 1.6032171e-06 5.928171e-07 9.210164e-07 2.7384463e-08 3.821368e-06 6.008657e-06 1.5059475e-05 0.00015554675 1.8836698e-07 3.8279623e-08 7.8244545e-07 5.3767744e-06
0.9982511 0.0022829107 8.443086e-05 0.003144493 6.6682646e-06 6.601494e-07 3.6897944e-07 0.0015129903 1.4123664e-07 0.000111606896 0.0217612 0.010955872 5.6335088e-05 0.025408104 0.00042518257 0.08650472 0.0021071935 7.4441773e-09 0.006256363 2.0464863e-06 1.0092817e-06 6.2694546e-08 0.39334595 0.66177374 0.012145511 0.0006391667 0.29750904 0.57050204 0.92758197 2.3112903e-09 0.013669585 0.0018707453 0.0015829398 0.69526887 5.400607e-05 0.59392995 0.02671206 0.14733338 0.0037766262 0.00041253382 0.000632338 0.00063448184 0.65642905 6.696595e-05 0.0017378138 0.85643405 0.8506647 1.2608626e-06 0.38082427 0.63891274 0.29339767 0.13874015 0.02612954 0.4265547 4.7245925e-07 4.2454056e-05 0.00011328836 0.002307813 0.02898749 0.27839074 0.29112017 0.58508426 8.297352e-07 0.04887363 0.0014698359 0.027656553 0.024863996 6.3699124e-05 0.06724558 5.257789e-10 0.03480989 4.5077386e-09 0.0057881763 0.14600305 4.4745753e-05 0.00027251808 0.005018406 2.4139042e-06 0.02822136 0.07064239 0.05418756 0.0073155486 0.06779323 0.003967528 0.0004973131 0.00786262 0.0028166766 0.00010946116 0.00036245203 0.0036300104 3.9682523e-05 0.0024270331 0.003680626 0.000264057 0.0058043036 0.0027400665 0.0020096705 4.3596276e-05 2.8432207e-05 1.1241869e-05 0.0001266347
0.99994725 0.7298348 0.36392856 0.28305882 0.92900395 0.6216355 0.4223238 0.9255149 0.4895933 0.08582348 0.26317152 0.4713932 0.15876856 0.05432027 0.05345337 0.055439975 0.01922148 0.0797171 0.04234886 0.27877623 0.16087216 0.07904908 0.0841094 0.048446365 0.014243776 0.064672 0.3429788 0.050880887 0.01879226 0.013669585 2.0140485e-09 0.008902836 0.06815251 0.013386474 0.07061838 0.015149861 0.0020167665 0.62869895 0.0049839653 0.004830542 0.0025145977 0.0026860386 0.0012619507 0.010546046 0.0007582251 0.002285915 0.008034751 0.043595053 0.004910722 0.0010092632 0.0025105986 0.0012628647 0.00042879322 0.0028611827 0.054616477 0.032777634 0.00043056082 0.024745008 6.501814e-05 0.0005653425 0.0031437043 0.00943369 0.0026294414 0.0023857693 0.005747028 0.0001126092 3.9848135e-05 0.0004502889 5.94518e-05 0.4265671 1.8708479e-05 0.017826587 6.3262955e-06 0.00026465047 1.7938948e-05 0.043415766 1.5350191e-06 2.0360065e-05 2.1926602e-05 0.005886943 5.1231833e-05 0.0016314216 0.00090839656 0.0005592335 0.00027037386 2.4043809e-08 3.9447996e-06 6.777953e-06 0.022456804 1.0822139e-06 0.0164545 2.1336308e-07 1.2485379e-08 0.0068029086 9.407908e-07 7.970979e-08 0.0001896465 0.0001045545 0.009528776 0.0017715747 4.1538115e-06
