2.3182395e-24 0.61343926 0.44152215 0.66191125 0.12738799 0.8912873 0.88501734 0.92252076 0.6266085 0.9873482 0.19622822 0.25781557 0.95930254 0.9418057 0.027057165 0.97183514 0.94342095 0.85394275 0.984532 0.94274974 0.009905355 0.42143023 0.9408712 0.5052895 0.00807548 0.54237777 0.01607632 0.7868574 0.94604266 0.5474194 0.9635546 0.28752702 0.9563314 0.95938843 0.9936513 0.9567606 0.0005319176 0.93236864 0.9249411 0.9580208 0.94152313 0.96813744 0.05648279 0.979959 0.003152647 0.9697962 0.22743589 0.09867082 0.9567043 0.9153524 0.7731534 0.9155345 0.8973169 0.9382171 0.98680735 0.008413374 0.99735284 0.9950513 0.9981236 0.0001461646 0.8882989 0.8506852 0.95515764 1.6358413e-07 0.9997396 0.0061785104 0.82806253 0.17492136 0.96700525 0.9113623 0.112177335 0.99526745 0.0025238656 0.008426455 0.0016299894 0.00043655257 0.53412783 0.9506987 0.58146185 0.75174016 0.58921576 1.4240771e-06 0.4170336 5.271963e-08 0.99977773 0.31866986 0.23204279 0.21893886 4.44512e-06 0.0076495726 0.9997697 0.00021383274 0.98252356 0.9988387 0.06073894 0.9998471 0.9999953 0.9959212 3.039763e-05 0.997276 0.60387486
0.61343926 7.27039e-16 0.9007799 0.8487192 0.73163176 0.9738487 0.3943285 0.2759892 0.23610649 0.39842895 0.011390164 0.08907202 0.0027197725 0.010973569 0.0002905896 0.035141166 0.020496566 0.0005597171 0.023009758 0.04336031 0.004387599 0.003415586 0.031851552 0.0012278615 2.1894955e-06 7.063679e-05 0.0018386395 2.1120259e-05 0.004833941 5.0612252e-06 0.00025748374 0.00061869214 0.013910184 0.0012430592 0.08362701 0.00042095224 2.7819367e-06 4.9898983e-05 1.1512628e-06 6.2926934e-05 3.5108767e-06 0.005348057 3.4138273e-05 0.00033309718 0.0051703034 0.015661528 2.535613e-07 1.6997222e-06 5.0421804e-06 1.7548444e-05 3.7341736e-06 1.2215811e-05 1.1522195e-06 1.9529823e-05 0.0053920494 9.254301e-05 0.0052079237 9.250188e-05 0.0017692193 0.00038789294 7.962253e-07 4.4476255e-06 5.3871267e-06 5.3026335e-05 0.004306052 1.0653179e-06 1.1573007e-06 3.891839e-06 1.5754102e-05 1.1643904e-06 2.2822585e-06 0.011708579 5.7724433e-06 1.737542e-07 1.1645569e-06 7.279984e-07 2.939007e-07 1.0169097e-06 1.3861186e-06 6.438714e-07 8.2768324e-08 9.5897136e-05 5.5045666e-07 0.00028059975 8.5161824e-05 5.104346e-08 1.5199699e-06 1.7324729e-06 2.4415494e-05 5.393211e-07 7.536458e-06 1.059298e-06 1.17366994e-07 2.1279927e-06 3.237147e-07 0.0021068477 3.344798e-05 0.009835476 2.4166175e-06 0.04104613 1.1544347e-06
0.44152215 0.9007799 2.4051287e-19 0.8926365 0.959591 0.36199728 0.69228154 0.5307843 0.27440494 0.10971694 0.00076306605 0.46415594 0.025038514 0.022920782 0.000835383 0.025203995 0.024341084 0.0010325238 0.014489734 0.019560806 0.05962242 0.00010186044 0.021307422 0.019288104 0.0001788936 9.331233e-05 0.026468268 0.00072186446 0.004423922 1.3971465e-05 0.002483038 0.019558538 0.0053875125 0.0023535504 0.013857334 0.0010627557 0.0012438253 0.00020776219 6.3270563e-06 0.0004660921 8.140757e-05 0.005191228 0.002731897 0.00088193774 0.0038918834 0.0035141988 1.3324337e-06 2.9748924e-06 1.7452212e-05 5.0349345e-06 0.00013919418 0.00013062984 5.96968e-06 0.00012921858 0.0025924062 0.0036939061 0.0032661497 0.0007601984 0.0017494146 0.0017438453 4.2547663e-06 1.5793697e-05 3.6612223e-06 0.000403789 0.0021656172 6.3926145e-06 9.886643e-07 6.236273e-07 2.8091756e-06 1.4962008e-06 2.6441518e-07 0.0024591307 2.4436865e-06 6.167722e-07 1.2116142e-06 1.6740586e-06 6.863672e-08 5.054542e-07 3.1580648e-06 3.8079708e-07 9.5803834e-08 5.412435e-05 1.9805198e-07 8.173173e-05 4.330187e-05 1.2180301e-08 6.8247054e-08 1.12398105e-07 1.0786185e-05 3.6169027e-07 1.3038938e-06 5.8991156e-07 1.7790034e-08 2.0298951e-07 6.016615e-08 0.0024464896 1.5831594e-05 0.006705789 6.214199e-07 0.024319809 2.6497622e-08
0.66191125 0.8487192 0.8926365 2.0010167e-18 0.44793525 0.74366117 0.5312013 0.21909836 0.91882986 0.30158353 0.0007429374 0.7194824 0.005576791 0.009793904 0.002838616 0.004385273 0.012187891 0.0015268347 0.0020450691 0.0041484833 0.42302787 0.0003066236 0.005514388 0.0335723 0.005424618 0.00024751225 0.16431591 0.00031960834 0.0011209036 2.7567323e-05 0.0009794488 0.0456906 0.0022944724 0.00029523642 0.012833692 0.00019782182 0.023204263 0.0001472263 1.1558415e-06 3.993293e-05 0.00014391459 0.001538586 0.016270656 0.00013836224 0.13056535 0.00173226 1.2171639e-06 2.2050219e-05 2.1363552e-05 2.1864458e-05 9.045582e-05 8.1608e-06 2.4306972e-05 7.5815424e-06 0.00067825604 0.03614543 0.0012609132 0.00012895488 0.00014501857 0.05802183 1.2769102e-05 1.0217932e-05 4.530307e-06 0.008790781 0.00092027633 4.192525e-05 6.6339584e-07 4.500834e-06 1.1439929e-05 4.6410623e-06 1.5020969e-06 0.01637329 3.3360375e-05 3.9767343e-07 8.9253155e-07 4.013245e-05 9.14144e-08 4.3403684e-06 3.098858e-06 5.82557e-07 9.747768e-08 0.00030175273 2.2032309e-07 0.0008131679 0.00010162253 5.1492297e-08 4.2919478e-07 1.0575872e-06 6.624621e-05 1.0496362e-06 3.173615e-05 2.1954004e-06 1.2694132e-06 1.4526584e-05 4.462257e-08 0.009156371 4.6178953e-05 0.064024635 1.791854e-06 0.12710215 2.8361333e-07
0.12738799 0.73163176 0.959591 0.44793525 5.3899506e-22 0.29763395 0.83564276 0.6063197 0.01603358 0.04926193 0.000110238805 0.024642866 0.050362207 0.026961938 0.00017064271 0.013072318 0.027036501 0.0051466553 0.007791454 0.013456752 0.00023922816 1.1408354e-05 0.009392312 0.0042027356 1.4070929e-06 0.00028192482 7.1215916e-05 0.0020998702 0.005392836 0.0001421769 0.009393637 0.001608395 0.006180367 0.00034315567 0.010255964 0.00048277323 5.888796e-07 0.00030972037 0.00015550983 0.00014331852 0.0002926077 0.0011931007 2.0339241e-05 0.000104310406 1.0371281e-05 0.0045368425 5.7074503e-06 3.8114863e-06 9.024554e-06 5.7831656e-08 6.3467785e-05 2.2659626e-06 2.3400342e-05 4.5320785e-06 0.00020788328 0.00016084501 0.0007421657 3.314968e-06 5.3500058e-05 5.6207788e-05 1.3055941e-05 9.3477655e-07 3.5373134e-06 5.7139096e-06 0.00020532367 1.4623758e-07 2.0799878e-07 9.466255e-07 2.1198239e-06 5.515297e-07 4.6242013e-07 0.0010312361 5.9113162e-08 7.9145615e-08 5.0156732e-08 1.6353102e-08 1.0677401e-07 7.706194e-06 1.427026e-06 1.5841061e-07 6.060668e-07 1.6545978e-06 3.3358975e-07 2.8585641e-06 0.00047966634 9.584789e-08 1.4691219e-07 2.9063656e-07 1.6789605e-06 2.9964482e-07 6.362342e-05 8.623366e-09 8.906053e-06 1.0531582e-05 1.5798034e-07 0.0043818783 6.852413e-05 0.004866006 4.943074e-09 0.022156809 3.2650138e-07
0.8912873 0.9738487 0.36199728 0.74366117 0.29763395 1.1478748e-16 0.1246364 0.052963663 0.41534016 0.94553155 0.011061435 0.033527922 0.0012714549 0.0027866487 3.887223e-05 0.0174261 0.005802444 9.799672e-05 0.009441742 0.039627768 0.0005472403 0.01135271 0.029605873 0.00049089943 5.40056e-07 6.7503433e-06 0.00057649787 1.2201973e-06 0.0014638373 1.5669667e-07 2.2492562e-05 0.00018757617 0.011239603 0.00039634545 0.3548134 5.489501e-05 1.1441134e-06 2.900281e-06 3.4464556e-08 7.9609135e-06 1.0882908e-07 0.003215646 5.473423e-06 5.8998812e-05 0.0036685222 0.018521786 4.318917e-08 3.0996813e-07 9.052188e-08 1.2989545e-05 3.1913882e-07 6.8109244e-07 4.0858414e-08 1.3488473e-06 0.005543179 4.0072136e-05 0.003679545 1.1611905e-05 0.00033949933 0.00023345322 4.7368122e-08 7.302092e-08 2.1706e-07 3.8868684e-06 0.0058023804 2.2489066e-07 1.4403183e-08 5.1405838e-08 4.6055845e-07 5.0647976e-08 2.0915616e-08 0.041940942 3.0438818e-07 5.389249e-08 1.6814965e-07 6.575296e-08 2.2277544e-09 3.3061465e-08 1.3398657e-07 7.1897706e-09 2.5987825e-09 2.5921602e-06 4.853322e-09 5.027517e-06 1.8081351e-05 5.792709e-10 1.0583074e-08 2.3508255e-08 1.7451088e-06 2.649434e-08 1.7426922e-06 3.6451922e-08 2.7686644e-09 1.4053362e-06 7.2546975e-08 0.0031193024 2.541021e-05 0.021087486 4.6424034e-08 0.09987883 9.521448e-09
0.88501734 0.3943285 0.69228154 0.5312013 0.83564276 0.1246364 3.472926e-18 0.9904766 0.05716554 0.035566665 0.04331748 0.53126895 0.28150955 0.14207374 0.04873813 0.091869175 0.15110512 0.049875293 0.032090615 0.017196553 0.025268117 0.0006812753 0.021936541 0.217258 0.012764732 0.0043437313 0.053655 0.025291381 0.019204667 0.0004296203 0.012766685 0.09814107 0.013503315 0.002798173 0.0047043003 0.0016408757 0.0037758213 0.0010132187 7.356468e-05 0.0007305122 0.00022810794 0.004063304 0.014389414 0.0010504484 0.00026341362 0.004651139 9.6995434e-05 0.00034719202 3.7243706e-05 7.628775e-05 6.5438835e-05 2.4954214e-05 1.9465635e-05 1.009963e-05 0.0027663754 0.0015947252 0.0066508064 0.0003289516 0.002211672 0.00106857 2.9078863e-06 4.015291e-06 1.8128167e-06 0.00011403814 0.005613617 1.9091649e-05 1.3385795e-07 1.7042136e-06 6.5942736e-06 1.2500118e-06 7.895629e-07 0.0009875163 4.8458303e-05 9.070894e-07 2.4214924e-06 1.0032165e-05 2.413782e-08 1.6299418e-06 4.9982276e-07 1.8139778e-07 5.7121493e-08 7.892715e-05 1.4183046e-08 2.6736727e-05 0.00038871673 2.4738007e-08 7.4108186e-08 2.200352e-07 3.27263e-05 9.2428294e-08 4.8008525e-05 1.901746e-06 9.12449e-08 5.51809e-07 7.2802585e-08 0.0013256181 0.000117146534 0.0024764035 1.98916e-06 0.009692683 1.0718778e-06
0.92252076 0.2759892 0.5307843 0.21909836 0.6063197 0.052963663 0.9904766 4.4011204e-19 0.02038149 0.020705137 0.11535698 0.28605154 0.60050946 0.30961958 0.18343304 0.22975089 0.25407284 0.23145035 0.09658083 0.03200183 0.0091158245 0.002226162 0.058566615 0.28223598 0.025750939 0.037197765 0.024526218 0.09647913 0.072424315 0.0073688836 0.13584682 0.0997628 0.035545822 0.017014856 0.012087826 0.009682104 0.0007534144 0.011356393 0.0006106307 0.0061244857 0.005426848 0.018543033 0.014280499 0.004775394 1.719372e-05 0.008650891 0.0003052337 0.0025841373 0.0014851649 0.0016777059 0.0013534419 0.0003821751 0.00019110857 0.0002913616 0.006508802 0.00042784374 0.014059562 0.0013540705 0.0061892825 0.0004824497 3.428853e-05 6.414964e-05 2.1657615e-05 7.833568e-06 0.010335294 6.7838606e-05 1.9339025e-06 1.5295227e-05 9.632986e-05 2.2509987e-05 7.137267e-06 0.003287962 6.985113e-05 2.3875316e-06 9.763994e-06 8.239809e-06 1.16917896e-07 2.1767692e-05 4.5439456e-06 2.5388326e-06 1.5736075e-06 2.4502757e-05 1.4488853e-07 7.2695257e-06 0.0014734977 6.795726e-08 3.9662464e-07 1.8383201e-06 2.6477654e-05 1.4602004e-07 0.0001912931 9.3685856e-07 1.057089e-06 1.3184579e-05 5.0940105e-07 0.0048278593 0.00018254449 0.0035963692 1.8738737e-06 0.01246336 4.6976606e-06
0.6266085 0.23610649 0.27440494 0.91882986 0.01603358 0.41534016 0.05716554 0.02038149 6.876808e-14 0.06776089 1.4014982e-05 0.5040567 0.00026601637 0.00045198572 4.783254e-05 0.0002716128 0.00037730386 8.623234e-05 6.366123e-05 0.0008950824 0.36127877 6.263207e-05 0.0006311346 0.0028659236 0.0004665188 2.5888015e-05 0.07139499 1.9377242e-06 0.00024085143 1.5557314e-06 4.3282387e-05 0.0012372085 0.000287277 2.9465538e-05 0.048779022 4.188968e-05 0.006960101 5.231775e-06 6.672511e-07 4.012849e-06 7.050383e-06 2.4343999e-05 0.00012507894 6.244494e-06 0.9051411 0.0020629722 4.7817025e-07 5.124024e-07 2.227419e-07 3.3804015e-06 7.603496e-06 1.954552e-06 3.665481e-06 1.5478805e-06 0.00029759028 0.006150184 0.00013609833 1.896266e-06 4.239126e-07 0.026367998 9.89484e-07 8.357654e-07 5.3499235e-07 0.010699083 3.9201175e-05 3.2380133e-06 9.4065044e-08 1.2169016e-06 1.5040256e-07 1.2300343e-07 3.02088e-07 0.32023722 3.2721568e-06 2.2526146e-06 5.170572e-06 4.399429e-06 5.1314444e-08 1.1065912e-07 8.53349e-07 4.469276e-08 3.5645023e-08 4.549129e-05 1.5708676e-07 0.00039265025 1.7249609e-07 1.0055234e-08 1.51387e-07 1.9741896e-07 1.9737021e-05 1.6250061e-06 5.0172355e-07 6.704925e-06 1.13445815e-07 9.8496066e-08 6.05449e-08 1.9897852e-05 7.046678e-08 0.04159688 4.3400705e-06 0.16383114 4.847857e-08
0.9873482 0.39842895 0.10971694 0.30158353 0.04926193 0.94553155 0.035566665 0.020705137 0.06776089 8.973424e-15 0.46897224 0.014008235 0.0021914928 0.0075664823 0.000520216 0.10282999 0.0089934915 0.00072898535 0.07589202 0.3354549 0.00042734318 0.7886049 0.12554622 0.0006772039 4.1072995e-05 4.3476117e-05 0.00029096284 1.3867855e-05 0.008994817 2.196818e-06 0.00036341877 0.0003490404 0.058008607 0.010387843 0.59600884 0.0020305694 4.845789e-05 6.3320214e-05 2.521872e-07 0.00039719648 1.7893472e-06 0.053674098 8.6139386e-05 0.0014600871 0.030677646 0.12774612 3.1808506e-07 1.161293e-06 2.7446063e-06 0.003679615 2.5942227e-06 3.530309e-05 1.8024741e-07 0.000104678125 0.06997839 0.00023487688 0.036994807 0.0010312411 0.008957126 0.00033368793 3.1706682e-07 1.2554829e-05 1.7558907e-05 0.0001019308 0.06021441 2.4925245e-07 2.4948787e-07 1.5868187e-07 4.1196334e-05 2.0174637e-06 3.76279e-08 0.21416211 2.324576e-07 4.4304716e-08 1.9693587e-07 7.305073e-08 4.7118245e-08 4.0302493e-06 2.7444662e-07 1.3057492e-06 2.569557e-07 7.739772e-06 5.649597e-08 3.8466245e-05 0.0004012273 1.2030471e-09 9.95351e-09 1.2588681e-08 3.844884e-06 2.5188708e-08 4.3613658e-05 1.5528084e-08 4.127134e-08 2.5793974e-05 9.871291e-08 0.049970537 0.000311841 0.1529343 7.814968e-09 0.41925532 8.1316887e-10
0.19622822 0.011390164 0.00076306605 0.0007429374 0.000110238805 0.011061435 0.04331748 0.11535698 1.4014982e-05 0.46897224 2.3590978e-24 1.5674085e-06 0.14305376 0.5433001 6.4030087e-07 0.9169631 0.729576 0.0014975648 0.76494867 0.7607384 9.45871e-09 0.0029512648 0.6663447 2.4563226e-06 2.3488543e-11 2.05765e-05 9.6195265e-09 1.7864247e-06 0.1623669 2.5603265e-06 0.045138583 5.9311997e-06 0.25195915 0.04529832 0.02706554 0.010123947 1.0530298e-12 0.0054690978 1.5263889e-06 0.0066984636 0.0006185326 0.13315895 1.0868324e-07 0.011654798 5.3769436e-06 0.21663538 6.5282464e-08 3.587296e-08 0.00014063217 0.0001001717 0.00016012951 0.00020389339 5.4929205e-05 0.00049217354 0.04224898 9.7880675e-06 0.036791056 0.005784959 0.008596012 2.558812e-07 2.617144e-06 1.2835753e-05 0.00015123024 2.931948e-10 0.0140319215 2.3807965e-08 4.077416e-07 3.9561773e-08 0.00032494593 3.0529e-05 1.5366448e-08 0.03692117 1.36579255e-08 6.8101254e-09 5.8244534e-09 1.6155184e-08 8.178345e-08 0.00021984425 5.3642463e-08 3.5316266e-06 2.078361e-06 2.0038885e-07 1.2146244e-08 7.986928e-08 0.0015171004 4.232723e-09 6.9298878e-09 2.9934306e-08 8.565239e-07 6.966226e-09 0.00028861652 1.6112802e-09 1.0551044e-05 0.000109361106 5.979568e-09 0.039089646 0.0008180733 0.009904207 2.431664e-09 0.0075719464 6.9222916e-09
0.25781557 0.08907202 0.46415594 0.7194824 0.024642866 0.033527922 0.53126895 0.28605154 0.5040567 0.014008235 1.5674085e-06 2.203658e-16 0.30668977 0.13896517 0.0009802084 0.0117750205 0.07895097 0.04477404 0.0025306249 0.0003243394 0.9233667 3.4611e-06 0.004908384 0.27969632 0.12556793 0.009952676 0.8406047 0.13736145 0.018845048 0.0010132176 0.011300549 0.37093326 0.0043552853 0.0031092074 0.003815212 0.0058816513 0.4998687 0.004149243 0.00011778104 0.0051742964 0.0010592573 0.0005888897 0.2346203 0.004469989 0.0054014907 0.0024036313 0.00012556584 0.00081200583 0.0016242525 2.4587396e-07 0.0008174482 0.0015713 0.00017164747 0.00089625944 0.0004981568 0.5966014 0.0016945958 0.0014609819 0.00057677826 0.0733285 0.00068125717 0.00031863266 0.00025509577 0.010321612 0.0003479657 9.758777e-05 2.6918701e-06 5.2967735e-06 0.0006214336 1.2434385e-05 1.2775052e-06 0.06478288 9.036753e-05 1.4720397e-06 1.1337503e-06 0.008064174 6.232835e-09 9.9060475e-05 2.1106757e-06 1.346003e-07 8.4195255e-09 0.0036181882 6.7478676e-09 0.004984203 0.016186317 3.868577e-10 5.581336e-09 2.032903e-08 0.0088084135 4.0235243e-08 0.04029953 8.048235e-08 1.3209833e-06 0.00051306887 1.093077e-08 0.019630516 0.0005614182 0.007635203 2.913549e-06 0.0092900265 4.361301e-08
0.95930254 0.0027197725 0.025038514 0.005576791 0.050362207 0.0012714549 0.28150955 0.60050946 0.00026601637 0.0021914928 0.14305376 0.30668977 1.9459902e-16 0.92368895 0.4237062 0.42564103 0.64937794 0.84291756 0.10038856 0.015536085 0.005458968 0.001807512 0.03078191 0.4126587 0.036549702 0.36964127 0.017290227 0.4034885 0.42119032 0.078708164 0.6519899 0.19085562 0.067197174 0.12853017 0.0055650123 0.07840415 0.0012587038 0.090922326 0.013764463 0.05228777 0.052671425 0.042999405 0.028078912 0.06921853 8.4926405e-06 0.020962302 0.017607888 0.013451318 0.011533454 0.007715313 0.009622175 0.005826924 0.0038095352 0.002177811 0.036224227 0.0011979423 0.1311727 0.028241709 0.08902259 0.00055004953 0.00019040873 0.000494895 0.0006185754 2.584651e-06 0.08420127 0.0008339379 9.401644e-06 8.470983e-05 0.0011557759 0.00021662009 7.262586e-05 0.010097374 0.000456121 3.4131015e-05 0.00012325418 4.452024e-05 9.4647027e-07 0.00036633736 9.83692e-05 1.5756612e-05 1.3079358e-05 0.00020942882 1.0989974e-06 4.8938888e-05 0.043320287 5.0936313e-07 3.330012e-06 9.371647e-06 0.00016527182 1.5023949e-06 0.0029073998 3.8011898e-05 1.1434213e-05 0.00016461493 4.782412e-06 0.0720445 0.0076338123 0.007393306 1.4769958e-05 0.013841115 2.6968872e-05
0.9418057 0.010973569 0.022920782 0.009793904 0.026961938 0.0027866487 0.14207374 0.30961958 0.00045198572 0.0075664823 0.5433001 0.13896517 0.92368895 5.999382e-15 0.07133085 0.79619277 0.88699734 0.3937727 0.41052356 0.08688544 0.0021603005 0.0048657823 0.14520775 0.17849831 0.0038083873 0.1022285 0.0077248663 0.12530564 0.7473152 0.022397563 0.68831664 0.0738169 0.21744938 0.3514472 0.019628003 0.22032188 0.00017580428 0.17897758 0.005396491 0.1264274 0.02762834 0.12693128 0.012712397 0.15652385 9.675491e-06 0.06738741 0.0018316581 0.0035944146 0.016524306 0.034038328 0.01363332 0.018874217 0.0027176219 0.009226815 0.08751782 0.0020802976 0.20784605 0.064010024 0.2227257 0.00054869 0.0007974032 0.0023564454 0.0019276558 1.9035061e-06 0.21615034 0.00049907534 5.025501e-05 0.00013771455 0.006540022 0.0005844769 7.7241064e-05 0.046647776 0.00039215945 3.616679e-05 9.042339e-05 9.838102e-05 1.025993e-05 0.0014715014 0.00015652456 0.00022385406 0.00012144658 0.00027402624 4.6136406e-06 0.00024891194 0.061573688 1.4671624e-06 7.1850245e-06 8.1957405e-06 0.00062372367 7.0015362e-06 0.005607616 3.1821764e-05 0.00014963107 0.0012840369 9.6080175e-06 0.26533866 0.011014375 0.022428598 1.468224e-05 0.03160287 2.6542655e-05
0.027057165 0.0002905896 0.000835383 0.002838616 0.00017064271 3.887223e-05 0.04873813 0.18343304 4.783254e-05 0.000520216 6.4030087e-07 0.0009802084 0.4237062 0.07133085 4.0040598e-25 0.004494666 0.013821711 0.912929 0.00037918848 4.5150577e-05 1.2921012e-05 9.718287e-08 4.406481e-05 0.15385328 8.5570656e-07 0.85439515 8.6059035e-06 0.49719217 0.011594312 0.6572061 0.37086105 0.054044846 0.0005867483 0.008085228 1.400603e-05 0.013105604 2.6719795e-09 0.028011952 0.37443677 0.011302899 0.13413599 0.00019135915 0.0008748325 0.00550011 1.2263669e-05 0.00020643359 0.083160736 0.053100113 0.0072494037 8.8490197e-07 0.018177465 0.000184952 0.025879616 0.00021791508 1.0873416e-05 7.354996e-05 0.00059771264 0.00029759735 0.0004754973 4.8955667e-06 0.0012002677 8.241511e-05 7.4317504e-05 1.0815256e-08 3.7156504e-05 0.00019051043 2.9216251e-05 0.0005707353 0.00014673639 5.8419555e-05 0.00034066825 7.8405293e-07 1.5288533e-05 6.0299568e-05 4.2925538e-05 3.952757e-06 1.557741e-05 0.00016681303 0.000120823344 1.1403743e-05 5.8966805e-05 7.5362423e-06 1.4101915e-05 5.668536e-06 0.0010302449 1.4982363e-05 1.2804978e-05 3.4165896e-05 6.196437e-06 1.35177515e-05 0.00055169914 1.0614354e-05 5.4761935e-05 0.00011437044 1.8353422e-06 0.0004821282 0.00011298603 1.7234812e-05 3.0769484e-06 0.00024688986 6.727301e-05
0.97183514 0.035141166 0.025203995 0.004385273 0.013072318 0.0174261 0.091869175 0.22975089 0.0002716128 0.10282999 0.9169631 0.0117750205 0.42564103 0.79619277 0.004494666 3.5159e-19 0.8816558 0.024474468 0.8364513 0.5482021 0.00013366937 0.021892067 0.6225944 0.026205173 2.7027087e-05 0.0010011584 0.0002258511 0.00172075 0.6415141 0.000111435125 0.10001503 0.005275641 0.66040665 0.19576436 0.038140472 0.035359535 4.606549e-06 0.003013053 1.3603961e-05 0.0044210562 0.00027532497 0.44807407 0.0006394975 0.013688807 4.5398192e-05 0.30222008 5.159907e-06 9.905825e-06 1.6417962e-05 0.0056996783 3.3888537e-05 0.00012482915 7.087968e-06 0.00015910156 0.3023725 4.998033e-05 0.2976582 0.0054617776 0.12710215 6.64677e-05 5.4421855e-07 2.0864934e-06 7.403476e-05 5.384505e-07 0.28568226 4.2178203e-06 6.7848205e-08 4.7657502e-07 8.855816e-05 8.0299236e-07 1.6489167e-07 0.098253004 2.1966765e-05 4.9625436e-07 1.4344567e-06 1.3522875e-06 1.3735376e-09 2.7636528e-05 3.1949554e-08 1.219094e-07 2.0101274e-08 4.6840007e-05 1.7315983e-09 1.982926e-05 0.0024561656 1.127348e-10 3.1528027e-09 8.7434735e-09 4.71738e-05 8.770084e-08 0.00032411926 5.992316e-07 5.7178617e-08 1.5571053e-05 3.143196e-07 0.14760393 0.0021890197 0.045185525 2.7105577e-07 0.04442015 2.1753364e-08
0.94342095 0.020496566 0.024341084 0.012187891 0.027036501 0.005802444 0.15110512 0.25407284 0.00037730386 0.0089934915 0.729576 0.07895097 0.64937794 0.88699734 0.013821711 0.8816558 5.4636844e-16 0.13314255 0.6463633 0.25161907 0.0013638346 0.0032659157 0.37576318 0.095098585 0.00027233802 0.029059473 0.0042667147 0.03722732 0.75365555 0.0031067873 0.48212972 0.036310032 0.5091369 0.3682989 0.031438112 0.19954537 3.1750285e-05 0.07399425 0.00022741547 0.095622696 0.006695791 0.3597578 0.010408935 0.13585046 1.3199615e-05 0.18595585 0.00026645485 0.0014641811 0.0014324042 0.015644563 0.001202986 0.0072144675 0.00015125635 0.0025577913 0.19286117 0.0014087841 0.3095491 0.03221336 0.34165916 0.00030242137 0.00011919748 0.00024248318 0.0006013628 4.0289365e-07 0.33160064 0.0006037187 4.0395266e-06 4.256394e-06 0.0019944978 8.471581e-05 2.6936805e-06 0.07899663 0.0007627583 1.5731508e-05 0.00012094772 0.00025702518 5.5735705e-07 0.0003145969 8.669977e-06 1.6762706e-05 4.7284584e-06 0.0001092951 3.310802e-07 3.6706704e-05 0.04430707 6.1928326e-08 2.4888024e-07 5.5656994e-07 0.00090521504 1.4130003e-06 0.0030671356 3.282301e-05 7.75554e-06 0.00030549988 1.8356328e-06 0.3080995 0.0086553255 0.042828918 8.3289546e-05 0.047662735 1.2764116e-06
0.85394275 0.0005597171 0.0010325238 0.0015268347 0.0051466553 9.799672e-05 0.049875293 0.23145035 8.623234e-05 0.00072898535 0.0014975648 0.04477404 0.84291756 0.3937727 0.912929 0.024474468 0.13314255 1.2047557e-20 0.008033428 0.0010890109 0.0010947385 2.3094068e-05 0.006978066 0.36896795 0.051287897 0.8402751 0.0037894046 0.5615046 0.13191631 0.5635829 0.77511734 0.16649082 0.017664326 0.07949334 0.00025102333 0.076961204 0.0011660529 0.17198093 0.2396401 0.074566975 0.42041963 0.011683756 0.039858766 0.06923201 6.30624e-07 0.002375601 0.057941154 0.041278362 0.03189584 0.00071042735 0.05395399 0.012053033 0.053956266 0.004855689 0.0028995017 5.250922e-05 0.028944548 0.0078417985 0.015273152 0.00012938616 0.0029229436 0.0011816487 0.0011417107 4.5902547e-07 0.0057705804 0.0036260244 7.19257e-05 0.00040444225 0.0007143198 0.00020058437 0.00029779636 0.00054675655 0.0007444629 0.00043428116 0.00033380635 5.636631e-05 8.059357e-06 0.00010049924 0.00015053939 1.9042862e-05 1.6132717e-05 4.2473494e-05 9.425875e-06 4.4942437e-05 0.00420303 1.6659266e-06 1.856875e-05 2.8865494e-05 7.204337e-05 8.3426115e-05 0.002336839 0.00011044231 3.2248714e-05 0.0002199084 2.5634381e-05 0.0039849463 0.0011044653 0.001786931 3.9245424e-05 0.005044023 4.2059888e-05
0.984532 0.023009758 0.014489734 0.0020450691 0.007791454 0.009441742 0.032090615 0.09658083 6.366123e-05 0.07589202 0.76494867 0.0025306249 0.10038856 0.41052356 0.00037918848 0.8364513 0.6463633 0.008033428 7.734914e-18 0.6706406 9.207507e-06 0.022349231 0.7406478 0.007879059 1.126779e-05 0.00073340314 1.7624756e-05 0.0001915034 0.5633609 2.5783967e-05 0.034085453 0.00068686035 0.8040145 0.21591517 0.021287696 0.049531285 2.989907e-06 0.0039080945 2.585911e-06 0.0065247095 0.00029351856 0.5861401 7.872216e-05 0.026401227 6.140056e-05 0.4327436 1.0038074e-06 4.8743887e-06 1.20524855e-05 0.0060211364 2.7463042e-05 0.00011247054 6.5995077e-06 0.00011179032 0.32347077 8.756324e-05 0.36891523 0.006031168 0.1994606 2.6831136e-05 1.2277133e-06 6.923672e-07 2.8189645e-05 1.9213219e-07 0.32866785 1.2491728e-06 5.7420912e-08 1.4209128e-07 5.6975776e-05 7.6346566e-07 4.305322e-08 0.10744174 3.9897127e-06 4.5382654e-07 1.5122516e-06 1.3500485e-07 6.7625567e-09 1.1145888e-05 1.5480525e-07 1.3475531e-07 4.367994e-08 2.1550151e-05 6.6809536e-09 3.7450764e-06 0.0032350011 1.1653085e-09 8.558461e-09 1.7338001e-08 9.465258e-06 8.266892e-08 0.00026886142 1.0231499e-06 6.693533e-08 4.9566956e-06 6.8597586e-08 0.20924264 0.0020246562 0.061730806 4.1012325e-07 0.072236456 1.4762445e-08
0.94274974 0.04336031 0.019560806 0.0041484833 0.013456752 0.039627768 0.017196553 0.03200183 0.0008950824 0.3354549 0.7607384 0.0003243394 0.015536085 0.08688544 4.5150577e-05 0.5482021 0.25161907 0.0010890109 0.6706406 3.261456e-17 8.981273e-06 0.43437383 0.95084405 0.0002047236 6.4870227e-07 7.1358685e-05 1.5020161e-05 1.5503174e-05 0.08265656 3.8686408e-06 0.004321281 2.6009573e-05 0.52478087 0.019444536 0.07136245 0.00299053 5.4930688e-08 0.0004706019 2.7347937e-07 0.0010156337 2.780999e-05 0.27751333 5.119994e-05 0.0020038239 0.0015988711 0.7686489 2.4083496e-07 5.458377e-07 1.5796431e-06 0.02011817 1.7255452e-05 1.903538e-05 1.3265368e-06 4.3935186e-05 0.28929016 7.327296e-06 0.18611278 0.00069061934 0.042797375 0.0001020664 1.270167e-07 6.0952493e-07 9.136359e-06 2.9347166e-07 0.22176515 9.4994306e-08 1.46697055e-08 6.321158e-08 1.5701875e-05 1.6488382e-07 4.8228816e-08 0.1479968 2.211584e-07 2.8888195e-08 7.733109e-08 5.8826766e-09 3.2097902e-09 1.7825683e-06 1.2278625e-07 5.8082705e-08 1.16863665e-08 7.489867e-07 2.9538743e-09 7.0865036e-07 0.0007429079 2.2656813e-10 3.406724e-09 1.7510786e-08 3.8399276e-07 1.5074438e-08 4.4617922e-05 4.0542076e-08 1.1907226e-08 1.4442521e-06 1.5055418e-08 0.08306667 0.00094121683 0.08388406 3.629645e-08 0.095953315 6.9726203e-09
0.009905355 0.004387599 0.05962242 0.42302787 0.00023922816 0.0005472403 0.025268117 0.0091158245 0.36127877 0.00042734318 9.45871e-09 0.9233667 0.005458968 0.0021603005 1.2921012e-05 0.00013366937 0.0013638346 0.0010947385 9.207507e-06 8.981273e-06 7.365642e-15 7.172161e-08 0.000116300216 0.0701179 0.014973351 0.00018891253 0.9694163 0.0062387567 5.4291177e-05 8.3823914e-05 0.00029001237 0.18899624 0.00021874983 2.6945977e-06 0.00010019979 6.202704e-06 0.41022524 1.7718678e-05 3.5265097e-05 3.4021252e-06 1.5206782e-05 1.5081019e-05 0.19689825 2.4840185e-06 0.049394816 0.00041431634 6.661976e-05 0.00048134947 3.4730995e-06 4.611795e-09 1.562824e-05 4.9380633e-06 2.8468169e-06 2.9095424e-06 0.00013067682 0.8171917 5.434443e-05 5.171701e-06 1.1445362e-05 0.21968137 1.540048e-05 4.806224e-06 2.2248947e-05 0.028831923 9.4767565e-06 7.552845e-05 2.3333055e-08 2.9851532e-07 0.0012639333 8.351659e-06 1.00710935e-07 0.00022209699 0.00038463014 3.3866078e-07 9.824479e-07 0.031173028 1.6883238e-09 0.0054727946 3.304495e-08 3.2669775e-06 4.2085563e-07 0.03768465 5.2389115e-09 0.063517556 0.0013562865 5.428542e-09 8.528868e-09 1.94149e-08 0.04291926 8.149273e-08 0.014097782 6.2537225e-07 0.00018391934 0.0016432152 1.0952056e-08 1.50254045e-05 6.598592e-07 0.00021683007 6.596636e-05 5.1279883e-05 1.613253e-07
0.42143023 0.003415586 0.00010186044 0.0003066236 1.1408354e-05 0.01135271 0.0006812753 0.002226162 6.263207e-05 0.7886049 0.0029512648 3.4611e-06 0.001807512 0.0048657823 9.718287e-08 0.021892067 0.0032659157 2.3094068e-05 0.022349231 0.43437383 7.172161e-08 1.0094598e-21 0.20573957 1.0959914e-06 7.287513e-11 1.030713e-07 8.136212e-08 5.8914726e-08 0.0106206685 1.5903113e-08 0.0015244492 3.0392425e-06 0.08705923 0.013476492 0.9771921 0.0034611993 2.1113144e-11 0.0003466779 1.8823023e-08 0.0018142004 1.191407e-05 0.1071106 2.4614943e-07 0.005843819 1.0941048e-05 0.48018488 6.651202e-09 1.8554213e-09 3.9782876e-06 0.00062654325 2.4630476e-06 0.00024251392 2.1633608e-07 0.00077148125 0.098196305 4.812122e-06 0.03606452 0.007877803 0.019511009 9.47226e-07 1.3499805e-07 3.843142e-06 0.00010409079 5.680505e-10 0.049726103 1.8151979e-09 2.8918405e-08 2.356601e-10 0.0004620761 1.2351741e-06 6.7816794e-11 0.7100795 3.2858891e-09 4.4650625e-10 6.2381483e-10 3.3903286e-10 3.2948138e-09 6.177453e-05 2.4031508e-09 1.2238847e-06 3.876795e-08 3.3328526e-08 1.2801608e-09 2.409233e-08 0.001184615 5.931335e-10 7.9890533e-10 1.1942269e-09 6.631836e-08 1.438736e-09 0.00016640754 1.0008574e-10 4.2133556e-07 1.4458958e-05 1.2359912e-09 0.2013299 0.0006106823 0.2871862 1.5277614e-11 0.7238998 1.9279303e-10
0.9408712 0.031851552 0.021307422 0.005514388 0.009392312 0.029605873 0.021936541 0.058566615 0.0006311346 0.12554622 0.6663447 0.004908384 0.03078191 0.14520775 4.406481e-05 0.6225944 0.37576318 0.006978066 0.7406478 0.95084405 0.000116300216 0.20573957 3.6819111e-16 0.0045227595 1.5598541e-06 0.0022094795 0.00036438546 0.00017364082 0.17107178 9.2021735e-05 0.0110420305 0.0010777081 0.66670364 0.05405715 0.05235896 0.010102753 8.4106983e-07 0.0027725648 5.475945e-06 0.0041251793 0.0006386957 0.38289562 0.00037739167 0.008097898 0.00048538527 0.60135573 1.958603e-06 2.063703e-05 3.8055245e-05 0.04385848 0.00026035693 0.00021513224 9.438149e-05 0.00040809409 0.2484906 9.872115e-05 0.19653457 0.0061660083 0.09062714 5.0066817e-05 4.2944475e-06 6.473399e-06 9.128899e-05 2.0315038e-06 0.25191262 1.8329118e-05 1.4199932e-07 2.071054e-06 0.00011604927 3.5607143e-06 1.4092765e-06 0.1286984 1.3740777e-05 5.8657866e-07 9.331381e-06 3.2550932e-07 3.7074642e-08 1.897403e-05 7.255822e-07 1.3978015e-06 4.4688608e-07 9.786182e-06 6.944618e-08 6.3702614e-06 0.0020448158 1.1352617e-08 1.0249982e-07 3.7620958e-07 6.3131425e-05 1.7303074e-07 0.00033924513 4.1757494e-07 1.2291511e-07 4.210207e-05 2.9808544e-07 0.04995169 0.001430813 0.07819962 7.9818756e-07 0.0763077 1.7193145e-07
0.5052895 0.0012278615 0.019288104 0.0335723 0.0042027356 0.00049089943 0.217258 0.28223598 0.0028659236 0.0006772039 2.4563226e-06 0.27969632 0.4126587 0.17849831 0.15385328 0.026205173 0.095098585 0.36896795 0.007879059 0.0002047236 0.0701179 1.0959914e-06 0.0045227595 3.03321e-18 0.8530486 0.24288653 0.123202264 0.91295236 0.038645834 0.21270712 0.2610934 0.8280175 0.007837993 0.016072635 4.8875827e-05 0.020960504 0.21225141 0.04747435 0.27911115 0.01403213 0.1883182 0.0021987036 0.49857163 0.010662648 1.7956749e-05 0.0068494244 0.23995435 0.43206427 0.014167807 3.6971371e-06 0.026981054 0.0016490796 0.08160427 0.00057582196 0.001906645 0.03505171 0.0034713196 0.001412089 0.0012561502 0.0016584685 0.011587443 0.0005905742 2.0700994e-05 1.7679586e-05 0.0011705179 0.16606537 5.675159e-05 0.002308905 4.840002e-05 2.796779e-05 0.0015012543 0.0013042912 0.050998185 0.024621096 0.020310313 0.0404889 2.3868008e-06 1.6598156e-05 0.00062368234 5.829658e-06 6.485294e-06 0.00041098116 6.4248484e-06 0.00018059748 0.0011684607 7.8921346e-07 2.3594203e-05 7.216067e-05 0.0039796126 0.0020901363 0.0008568128 0.0053141415 5.2358632e-06 1.3902126e-05 0.00024935696 0.34485993 0.00024623243 0.0065464308 0.010638114 0.0005356983 0.000435665
0.00807548 2.1894955e-06 0.0001788936 0.005424618 1.4070929e-06 5.40056e-07 0.012764732 0.025750939 0.0004665188 4.1072995e-05 2.3488543e-11 0.12556793 0.036549702 0.0038083873 8.5570656e-07 2.7027087e-05 0.00027233802 0.051287897 1.126779e-05 6.4870227e-07 0.014973351 7.287513e-11 1.5598541e-06 0.8530486 2.8475426e-28 0.038696595 0.0263714 0.6879552 0.00027699923 0.031936325 0.05200573 0.6980813 7.5881467e-06 1.7515555e-05 1.1430643e-06 0.00013523562 5.573887e-10 0.00042099564 0.029420419 0.00011977841 0.0057002464 2.1256724e-06 0.26786405 2.4911698e-05 1.5607358e-05 5.154241e-06 0.16024232 0.3166923 5.0871942e-05 3.0857464e-10 0.00012987509 3.271246e-06 0.0005769326 1.8499134e-06 6.092884e-07 0.00464962 1.4406749e-05 6.139076e-08 8.633467e-06 1.6924476e-05 4.931983e-06 1.1147126e-06 2.0034683e-07 1.2988176e-10 6.4723067e-06 0.11958723 4.3616072e-07 5.1806946e-06 3.379868e-07 1.0804918e-06 2.3441253e-06 1.1712989e-06 0.03326661 0.0016296816 0.0031778933 0.0034614175 3.0709828e-08 5.207769e-07 6.183883e-07 4.508145e-08 5.3460347e-08 2.0175773e-06 1.1348006e-08 1.0009473e-06 4.537729e-05 6.5992274e-09 9.26913e-09 3.0987312e-08 1.660221e-05 4.4072793e-05 2.5066497e-06 0.00023658067 7.542166e-08 2.4886054e-07 6.031889e-07 0.00024610918 1.0952897e-05 6.8589645e-05 0.0004966119 5.40104e-07 3.5642867e-07
0.54237777 7.063679e-05 9.331233e-05 0.00024751225 0.00028192482 6.7503433e-06 0.0043437313 0.037197765 2.5888015e-05 4.3476117e-05 2.05765e-05 0.009952676 0.36964127 0.1022285 0.85439515 0.0010011584 0.029059473 0.8402751 0.00073340314 7.1358685e-05 0.00018891253 1.030713e-07 0.0022094795 0.24288653 0.038696595 1.3463105e-21 0.0005315028 0.6550214 0.03435293 0.9663543 0.517576 0.091164656 0.003875112 0.030372133 8.177067e-06 0.03475255 2.673224e-05 0.09769785 0.7460404 0.042245913 0.4360786 0.0017512859 0.02282746 0.029584225 3.2624225e-08 0.0011591294 0.11800508 0.12121247 0.03493209 7.762558e-05 0.08832214 0.011235305 0.20281117 0.006430553 0.00033799585 5.9406193e-06 0.008847764 0.0031633351 0.004178716 7.322141e-06 0.013561816 0.0037032054 0.0018719037 8.33764e-09 0.0010461072 0.009766733 0.0007389037 0.0007629908 0.0007236625 0.0013841337 0.00065963593 3.3740325e-05 0.0014929548 0.0018960855 0.0012599318 4.0873598e-05 0.00018718553 0.00018516697 0.0017983166 0.00029691446 0.00017998897 2.6795693e-05 0.00017198814 1.5203837e-05 0.0021805603 5.7862584e-05 0.00012197891 0.00014559782 2.862617e-05 0.0001600904 0.0014355668 0.00025186336 0.00019112954 0.00013529946 0.00010400278 0.00086701347 0.0001985205 0.00013072655 0.00016937354 0.0006325165 0.00015284195
0.01607632 0.0018386395 0.026468268 0.16431591 7.1215916e-05 0.00057649787 0.053655 0.024526218 0.07139499 0.00029096284 9.6195265e-09 0.8406047 0.017290227 0.0077248663 8.6059035e-06 0.0002258511 0.0042667147 0.0037894046 1.7624756e-05 1.5020161e-05 0.9694163 8.136212e-08 0.00036438546 0.123202264 0.0263714 0.0005315028 8.6997907e-16 0.024550252 0.000678181 0.00029663453 0.0023354152 0.37662575 0.00050520967 5.281558e-05 5.0581442e-05 0.00021356311 0.6378526 0.00060658966 0.00021859113 0.000120990655 0.0005649558 3.6880218e-05 0.36779904 0.00015360501 0.005339959 0.0002356224 0.0002514371 0.0011690939 0.00020562368 6.084798e-08 0.00065807265 0.00049107504 8.0577316e-05 0.00033079728 0.00015755119 0.8521213 9.769952e-05 0.000111815905 0.00018477024 0.16144247 0.00074837916 0.0005487287 0.00038301697 0.013162043 4.612459e-05 0.00021906904 1.8657065e-06 5.3974222e-06 0.0090156775 0.0005220464 1.5858164e-06 9.58728e-05 0.00041248463 7.2699277e-06 6.771072e-06 0.060360134 6.263932e-08 0.013398428 8.874881e-07 3.199189e-05 1.7466555e-06 0.085444584 3.1097633e-07 0.045504756 0.060345516 4.2307718e-08 7.4784644e-08 2.0463487e-07 0.08453985 6.04691e-07 0.09807652 7.714267e-06 0.0034854596 0.015204702 4.5013056e-08 0.0008940288 0.00012962625 0.00032161197 0.000112504225 3.0259522e-05 6.5004616e-07
0.7868574 2.1120259e-05 0.00072186446 0.00031960834 0.0020998702 1.2201973e-06 0.025291381 0.09647913 1.9377242e-06 1.3867855e-05 1.7864247e-06 0.13736145 0.4034885 0.12530564 0.49719217 0.00172075 0.03722732 0.5615046 0.0001915034 1.5503174e-05 0.0062387567 5.8914726e-08 0.00017364082 0.91295236 0.6879552 0.6550214 0.024550252 9.588941e-19 0.015062435 0.58626884 0.4145282 0.5869137 0.0010408062 0.0049147727 6.783329e-07 0.012083613 0.021053053 0.03412177 0.5571783 0.009681274 0.23082171 0.00013141279 0.26662433 0.0048721167 2.4926598e-07 0.00012404427 0.7555914 0.83260983 0.019621698 4.497768e-07 0.022842322 0.00051263993 0.072726056 7.576659e-05 2.6054158e-05 0.0006370955 0.0006512019 9.049068e-05 9.723466e-05 0.00024532605 0.003714258 5.9346206e-05 2.8564235e-05 2.0226567e-07 6.033063e-05 0.12810941 2.4665065e-05 0.0027614238 3.1281527e-06 3.5818626e-05 0.0023670187 7.2911007e-07 0.02994837 0.026983349 0.01700792 0.004117226 1.3308297e-06 3.5173218e-06 0.00022523399 2.615016e-06 1.2593401e-06 2.0602578e-05 1.2573444e-06 5.0661747e-06 0.00038947092 1.1464037e-06 1.6246257e-05 6.991678e-05 0.00025905808 0.0032741737 0.00033713886 0.0027946741 4.6856517e-06 1.1876623e-05 0.00044598946 0.0033477454 0.00015501985 0.0001067586 0.0011842349 2.3927574e-05 0.0002481769
0.94604266 0.004833941 0.004423922 0.0011209036 0.005392836 0.0014638373 0.019204667 0.072424315 0.00024085143 0.008994817 0.1623669 0.018845048 0.42119032 0.7473152 0.011594312 0.6415141 0.75365555 0.13191631 0.5633609 0.08265656 5.4291177e-05 0.0106206685 0.17107178 0.038645834 0.00027699923 0.03435293 0.000678181 0.015062435 3.686101e-15 0.005239775 0.740042 0.013659459 0.42058778 0.786513 0.011556387 0.69379246 1.1798748e-05 0.46124205 0.0026541457 0.4803667 0.024767136 0.33564842 0.0037338696 0.44177103 3.9081726e-05 0.070972264 0.000446045 0.0006077384 0.004786382 0.13684979 0.0055132075 0.013566893 0.0010630528 0.008144938 0.09778269 0.0005374283 0.26876074 0.105273575 0.36686823 0.0004964511 0.00015431318 0.00036862356 0.0013671794 4.360453e-06 0.21732815 0.00024387673 3.693835e-06 2.1874805e-05 0.0027660546 0.00012604684 1.4392315e-05 0.029629583 0.00030418352 6.951951e-05 0.00012972146 9.358362e-05 8.985809e-07 0.001126451 2.0820658e-05 3.460392e-05 1.883765e-05 0.00017819973 4.394981e-07 8.9639914e-05 0.044068534 2.003623e-07 1.2427657e-06 3.2469252e-06 0.0006126981 5.270315e-06 0.004812127 4.233838e-05 9.084849e-05 0.0011955496 1.5424159e-05 0.24770905 0.017048128 0.027269274 3.257034e-05 0.026762428 2.348708e-06
0.5474194 5.0612252e-06 1.3971465e-05 2.7567323e-05 0.0001421769 1.5669667e-07 0.0004296203 0.0073688836 1.5557314e-06 2.196818e-06 2.5603265e-06 0.0010132176 0.078708164 0.022397563 0.6572061 0.000111435125 0.0031067873 0.5635829 2.5783967e-05 3.8686408e-06 8.3823914e-05 1.5903113e-08 9.2021735e-05 0.21270712 0.031936325 0.9663543 0.00029663453 0.58626884 0.005239775 4.9542004e-21 0.19779252 0.059721056 0.0006349116 0.006788152 9.94553e-07 0.009354776 3.6135086e-06 0.04074759 0.9666033 0.017741345 0.36098313 0.00023759749 0.012350529 0.009435103 3.3406106e-08 0.00061999424 0.21365479 0.13130519 0.027462563 4.1865358e-05 0.0649793 0.0061034835 0.26357558 0.0031471015 4.2301854e-05 7.047589e-07 0.004223851 0.0026256326 0.001600947 1.9691004e-06 0.011833074 0.0027095529 0.0008703081 5.6157097e-09 0.0003016359 0.0064833807 0.0009642113 0.0035589188 0.00047643014 0.00096182944 0.003349791 7.320109e-06 0.0006801156 0.0058215833 0.001786482 1.3514478e-05 0.00022918053 0.00019781577 0.001096383 0.00017894359 0.00013188574 9.218648e-06 0.000103869956 4.2347765e-06 0.0016258695 5.0140785e-05 8.01142e-05 0.00010935171 1.02794975e-05 0.0004230474 0.0018429747 0.0004751121 0.0001769231 0.00017521043 0.00060790306 0.000101332196 0.00018402812 7.679225e-06 0.00010614137 5.0982922e-05 0.00011133899
0.9635546 0.00025748374 0.002483038 0.0009794488 0.009393637 2.2492562e-05 0.012766685 0.13584682 4.3282387e-05 0.00036341877 0.045138583 0.011300549 0.6519899 0.68831664 0.37086105 0.10001503 0.48212972 0.77511734 0.034085453 0.004321281 0.00029001237 0.0015244492 0.0110420305 0.2610934 0.05200573 0.517576 0.0023354152 0.4145282 0.740042 0.19779252 2.0654122e-16 0.11091234 0.049476877 0.5907262 0.0015752813 0.6666109 0.00041013368 0.88920707 0.16350414 0.63097095 0.6593086 0.042094756 0.014335932 0.404197 4.8581505e-06 0.011072226 0.0291078 0.017606655 0.3356672 0.07055953 0.30969235 0.05305353 0.061259113 0.026277702 0.033748776 0.0001832743 0.22771089 0.07683065 0.20579663 0.0001736077 0.006555746 0.010269166 0.0054685166 1.9635986e-06 0.13551548 0.0018578661 0.0002604476 0.0006994255 0.008662547 0.0023054327 0.00066842843 0.005534136 0.0017412195 0.0005536108 0.00052062824 0.0005592665 4.2571144e-05 0.0041256296 0.0009971058 0.0004710125 0.0002970912 0.0009776844 3.778939e-05 0.00017262455 0.08806011 9.447087e-06 6.423351e-05 9.339246e-05 0.0016844394 2.6104199e-05 0.016203152 0.0002969275 0.0005290007 0.0032119437 0.00029992228 0.16895697 0.041379377 0.007065147 0.00018433532 0.013314158 0.00032578682
