3.7633653e-15 0.99016607 0.9872347 0.97558457 0.96476156 0.9565761 0.9870118 0.9393838 0.937578 0.97894996 0.9716026 0.95814073 0.85425216 0.9949768 0.98982245 0.5903119 0.92331374 0.9435872 0.8982358 0.34548682 0.9849058 0.9469249 0.93110883 0.8104172 0.93278116 0.16221505 0.99255484 0.9926757 0.99851805 0.97341204 0.9246783 0.93600595 0.019099772 0.99743557 0.94999206 0.98836637 0.82255757 0.9902262 0.91305697 0.0145094115 0.1804253 0.90698236 0.89614075 0.17523292 0.9327804 0.9791307 0.9580805 0.98426265 0.9063161 0.9951843 0.9705773 0.0005940691 0.87813026 0.0029833305 0.9888469 0.8991909 0.45352963 0.98605424 0.009388818 0.000471039 0.898327 0.97727823 0.9683811 0.89418614 0.56276447 0.03942635 0.9920065 8.275053e-05 0.20719792 0.94503665 0.99655765 2.4387451e-05 0.9931192 0.1467594 0.94115865 0.9998304 0.0037181089 0.67841166 0.81773806 4.7549092e-05 0.2997503 5.8782756e-05 0.9981676 0.9999709 0.97111726 0.9987073 4.9845574e-05 0.99907386 0.999836 0.011565726 0.00010057508 0.9740175 0.043684836 0.08590088 0.0018024185 0.064804845 1.4813102e-06 0.0007995262 0.9544187 0.59553444 0.1129972
0.99016607 4.3131013e-10 0.9225955 0.85903376 0.94889295 0.6686877 0.2768159 0.47175652 0.7132906 0.77869254 0.38072354 0.524925 0.2862817 0.5537998 0.06419019 0.63769656 0.33404258 0.17124099 0.025396887 0.3245141 0.0067367936 0.016747871 0.035480347 0.14467302 0.023931636 0.19388144 0.014898534 0.5064663 0.02589608 0.0008614062 0.032208405 0.0009572138 0.025502348 0.05554078 0.004166962 0.0005315082 0.061619975 0.0012703597 0.015232481 0.027525358 0.02689682 0.000100264595 0.00035098763 0.053227525 0.0011578323 0.0008808257 0.00070633815 0.02048678 0.0019577572 0.008915159 0.00068154477 0.0013914653 0.0012935859 0.009217444 3.248646e-05 0.0010837426 0.0005673652 5.132984e-05 0.008728882 0.0036870958 3.143487e-05 4.8374724e-05 5.2754644e-06 1.0541922e-05 0.007273184 0.023341857 0.002517746 0.0010868958 0.0024930132 2.5914803e-06 0.010823287 0.00076996343 0.016880183 2.20217e-05 4.8617467e-06 0.049686376 0.0017934245 2.6673592e-07 2.199429e-05 0.00096584635 1.0086708e-06 0.00093838776 1.616404e-05 0.021300506 0.00048659733 6.652636e-05 0.0010650279 0.0024107595 0.017624471 0.00015081515 0.0006751123 0.0016758573 0.0003156526 0.00015337724 0.0013950908 4.2232823e-06 0.00031304182 3.873124e-05 3.407834e-06 1.8359067e-07 3.7945034e-07
0.9872347 0.9225955 1.7351372e-11 0.2399568 0.42562544 0.07482402 0.85872674 0.06352867 0.97854376 0.39210707 0.63471013 0.13877706 0.72876596 0.2036311 0.014203521 0.48716724 0.026110794 0.01841549 0.0021732298 0.1213865 0.047928195 0.016024217 0.0048355684 0.011374934 0.17071286 0.066579014 0.11083885 0.22663395 0.11644089 4.8230548e-05 0.34967273 0.0002402978 0.24612606 0.009264135 0.0028561978 0.015136818 0.010461127 0.0017571253 0.0031041265 0.055535253 0.37823647 2.951484e-05 1.4328525e-05 0.010566598 9.347944e-05 0.001264916 0.0019386344 0.01722663 0.00031498235 0.009214781 0.0012146049 0.0093629025 0.0003525716 0.0045161047 4.7427857e-05 0.00017723214 0.00587882 8.4209394e-05 0.0015887427 0.010817152 1.0370252e-05 0.00010204031 5.6419278e-05 4.376459e-06 0.06729531 0.003596208 0.0030961232 0.00058615854 0.03221567 1.6965685e-05 0.0052603125 0.0006675474 0.036347292 4.2403735e-06 3.2534856e-05 0.018666679 0.0016238259 8.282327e-08 3.3114197e-06 0.005608774 6.731241e-07 0.0018107893 5.6571815e-05 0.023769835 0.003768833 0.00061510317 0.00066383166 0.0033312277 0.042459495 4.8358843e-06 0.00023936828 0.00034575915 0.00012323364 0.0011764285 0.13403165 1.3870792e-05 0.00024912282 0.0012460941 1.3800101e-06 7.3594124e-06 3.733773e-07
0.97558457 0.85903376 0.2399568 1.0845772e-11 0.1409767 0.97716635 0.004701746 0.51838905 0.109032705 0.8868875 0.0151282735 0.04936321 0.010030769 0.7576785 0.22469236 0.8946829 0.84752995 0.57406116 0.039003063 0.5767218 9.518362e-05 0.0011082256 0.16174121 0.55131614 0.0010206036 0.25964862 0.00095342065 0.34743324 0.0040030833 0.00047349522 0.0020867505 0.0011715553 0.008845174 0.009912532 0.0007156945 3.3098474e-06 0.23978473 0.0014958449 0.04412278 0.021410547 0.0061687874 5.2885334e-05 0.00013386991 0.20575054 0.0018226833 9.299208e-05 2.8373697e-05 0.01591575 0.00094603444 0.008438784 3.3043456e-05 0.00020835169 0.005388602 0.018572165 4.9401904e-05 0.0004301157 2.5120473e-05 6.279415e-05 0.020490622 0.0014970051 1.45017675e-05 4.221279e-07 7.02857e-08 4.190388e-06 0.0011228117 0.10920918 0.0012741891 0.0014693076 0.0004929439 3.4589945e-08 0.0014839424 0.0007085325 0.0022851303 2.4601988e-05 7.7882774e-08 0.008665063 0.007514107 1.6342665e-07 1.6048602e-06 0.00065417343 1.566718e-06 0.0006344721 3.17088e-05 0.009883402 9.471719e-05 1.3369485e-06 0.0017269627 0.00059455907 0.0015679229 0.00010237611 0.004003106 0.0007521265 0.0032126606 1.3762013e-06 0.0028855598 3.2437572e-07 0.0010283636 5.6115186e-07 2.226042e-06 3.9576943e-08 2.6564496e-06
0.96476156 0.94889295 0.42562544 0.1409767 2.2574648e-13 0.04170677 0.041417696 0.8220919 0.031246262 0.88672817 0.48305553 0.9355995 0.0019335025 0.74155885 0.048769977 0.0011411838 0.0008771453 0.012122488 0.06925504 0.0003304527 0.008023567 0.45950523 0.00369392 0.00015819211 0.0062727616 7.558148e-05 0.15901966 0.90335906 0.24787508 0.00013651286 2.4306695e-05 7.268205e-05 2.823214e-06 0.29902056 0.02295586 0.00011613695 3.1585557e-06 0.009091563 1.871907e-06 1.8032521e-06 3.7651632e-06 8.4077954e-05 3.535305e-05 1.4972528e-06 2.8132772e-06 0.012984859 0.0005381117 0.07482843 0.018977135 0.06967497 0.0007427039 5.2496475e-08 3.7802852e-06 1.3782339e-07 0.00187898 0.0042771646 5.0595e-05 0.0005515794 2.3202128e-07 1.117316e-06 1.6599724e-05 4.305612e-05 0.00020333065 0.00032120704 2.1648118e-05 2.19024e-05 0.023721565 7.259002e-08 3.987704e-06 0.00023388509 0.07537907 3.8585224e-08 0.027423382 2.9172762e-07 2.4413444e-05 0.1424337 3.7314646e-08 4.821983e-07 4.9751823e-05 1.7264931e-07 1.7035009e-07 1.7804936e-08 0.00042513048 0.03691406 0.0025066284 0.0009215871 9.72969e-07 0.00898333 0.036488023 1.7809481e-07 2.7074236e-09 0.002614263 9.78562e-08 1.478934e-05 1.3984848e-07 8.5019565e-07 2.090369e-08 4.0235454e-07 3.4399377e-06 7.4167184e-07 3.1462673e-07
0.9565761 0.6686877 0.07482402 0.97716635 0.04170677 1.1713111e-10 0.0010666278 0.35769343 0.026251478 0.82801104 0.0020435085 0.013226973 0.002946089 0.71015763 0.35814175 0.82067525 0.9294508 0.6468527 0.061659746 0.48798347 8.190318e-06 0.0002561069 0.23543148 0.6914042 9.8963974e-05 0.22879232 0.00035451213 0.18090722 0.00154156 0.0025260965 0.0006525176 0.004211556 0.004120775 0.0026610992 0.0002296332 7.2852174e-08 0.4034395 0.0053265085 0.16040044 0.0091809975 0.0011906433 0.00021995729 0.0008486379 0.32405147 0.0064687957 2.2780889e-05 2.6097316e-06 0.022507455 0.0013076478 0.018033504 4.955708e-06 0.00013323525 0.010880907 0.02122283 0.000468811 0.0006278038 4.3150726e-06 0.00026654053 0.026911622 0.000854849 0.00015115195 4.429694e-08 1.2242045e-08 6.5689506e-05 0.0002983547 0.20176381 0.0026317572 0.0013322579 0.00015601993 1.1048549e-08 0.0003910734 0.0006363121 0.00068933563 0.00023948449 1.942579e-08 0.0042117676 0.022771062 4.936199e-06 3.0281199e-05 0.00044880225 5.706425e-05 0.00049750996 0.00015277755 0.017081304 6.811974e-06 2.3155727e-07 0.0020467862 0.0016878396 0.00046579193 0.00023579683 0.007127347 0.00072884216 0.017004173 2.0185118e-07 0.0009062312 5.567772e-08 0.0021124722 1.6375833e-07 2.9424626e-05 1.5937184e-08 1.394596e-05
0.9870118 0.2768159 0.85872674 0.004701746 0.041417696 0.0010666278 2.3988103e-12 0.001557153 0.79807186 0.05041637 0.86784697 0.011262182 0.96286356 0.0358856 6.114159e-05 0.012298896 0.00016946693 0.00033297553 0.00019388924 0.0073238453 0.70403934 0.04917045 0.00040593636 0.00018937197 0.685603 0.00627051 0.5099717 0.09533127 0.48874995 7.728302e-08 0.91032267 6.562901e-07 0.31373146 0.0014838044 0.0038396588 0.27888843 1.4574152e-05 0.0002211033 7.9861326e-07 0.009329206 0.7893993 2.6121978e-07 1.1687994e-06 0.00016989997 5.303007e-07 0.0029505203 0.01003599 0.0035703003 8.19387e-05 0.0015262523 0.0031474316 0.021610575 1.5427299e-06 0.00022338233 1.1088578e-06 1.4855934e-05 0.06372201 2.4065807e-06 2.523029e-05 0.010201492 3.3453926e-08 0.0008944293 0.00039440644 1.9095398e-07 0.24221416 2.5211459e-05 0.0006048315 3.0385341e-05 0.31371635 0.00013249753 0.0035609168 5.4027296e-05 0.10629286 2.9011403e-07 0.00018987071 0.009276132 2.7163911e-05 4.1623744e-09 2.9535676e-07 0.0048300377 3.845415e-08 0.00020503446 2.6124185e-06 0.003639076 0.018053086 0.0034712884 3.753313e-05 0.00035312175 0.14166827 1.03709645e-07 3.37612e-06 4.816137e-05 1.8404788e-05 0.046427477 0.23151934 0.00020558269 1.5125431e-06 0.07385413 1.666811e-07 0.00011432366 6.733806e-08
0.9393838 0.47175652 0.06352867 0.51838905 0.8220919 0.35769343 0.001557153 4.540561e-14 0.0042418144 0.9147556 0.053967588 0.81298286 0.00014769514 0.93212914 0.8053822 0.0016924228 0.004344328 0.6705315 0.96722674 0.00068543485 0.00067346124 0.014654985 0.42222685 0.0010052338 0.00025120916 0.000104212566 0.013833256 0.54902583 0.017433306 0.013994663 1.6888641e-06 0.003715826 4.850486e-07 0.3980773 0.0007449476 2.652426e-05 0.00012288215 0.10232126 0.00074007263 3.7403308e-07 5.397548e-07 0.01706127 0.030311022 5.17866e-06 0.00019807024 0.000847622 2.4767907e-05 0.24504483 0.37092072 0.27084264 2.4528543e-05 6.481729e-09 5.9143033e-05 6.6492134e-08 0.018885657 0.12124795 3.64028e-06 0.007618198 1.5184636e-07 1.6117998e-07 0.00043800022 1.4871357e-05 4.6910395e-06 0.0067624575 2.3366347e-06 0.0002174084 0.04356112 2.1258769e-08 6.1036462e-06 9.534228e-06 0.035247155 4.745971e-09 0.004769607 2.5712412e-05 1.2378404e-06 0.10037283 3.5968096e-06 3.3112097e-05 0.0028043778 2.6910842e-08 4.283118e-06 3.777479e-09 0.0042482144 0.052028064 0.00044509952 4.476317e-05 5.9098625e-08 0.012016904 0.0038690928 1.3716451e-05 1.095368e-09 0.023962714 2.9604528e-06 7.818711e-07 6.2314207e-09 3.605978e-07 2.0565091e-08 5.0223625e-09 0.0006527631 9.63872e-07 1.5541618e-05
0.937578 0.7132906 0.97854376 0.109032705 0.031246262 0.026251478 0.79807186 0.0042418144 6.861164e-14 0.24631989 0.19905837 0.0056015686 0.9653254 0.13961408 0.0010565963 0.39290196 0.007933532 0.003214226 0.0004177724 0.07210253 0.029060673 0.0020714642 0.0007743556 0.004477419 0.06313104 0.074250124 0.13670449 0.09493358 0.120999224 1.9789463e-06 0.44985166 1.32725245e-05 0.68114156 0.00046187895 0.00065574434 0.0037624785 0.0006291979 0.00031686507 1.6221657e-05 0.085664086 0.6249404 3.3327096e-06 8.215896e-07 0.011589824 1.4817848e-06 0.00034647723 0.00033605195 0.0029220197 3.2864416e-05 0.0016907684 0.00021368779 0.024968412 2.196949e-05 0.005737149 1.1185351e-05 4.2449683e-05 0.0018051296 3.380613e-05 0.0015290946 0.012575441 7.840163e-07 8.795254e-06 1.2386924e-05 1.2634928e-06 0.07713897 0.0016907515 0.00023489681 0.0006141606 0.060306046 9.25607e-06 0.0004777496 0.0005602728 0.01275158 4.5033693e-07 9.798126e-06 0.0029622181 0.001257296 2.0883645e-08 1.0255693e-07 0.007332924 4.858764e-07 0.002527868 9.225975e-06 0.0046730586 0.0018710052 0.00035030794 0.000764912 0.00030392484 0.012644729 4.1380412e-07 0.00038843916 2.8135608e-05 0.00015465173 0.00061995647 0.53088415 2.6128846e-06 0.00026944798 0.006986596 6.3638464e-07 1.0964515e-06 3.5046395e-07
0.97894996 0.77869254 0.39210707 0.8868875 0.88672817 0.82801104 0.05041637 0.9147556 0.24631989 1.1443987e-09 0.09447047 0.62336195 0.040252294 0.9522704 0.5055964 0.39710146 0.45371255 0.5920892 0.14976755 0.17976779 0.00065842044 0.020772628 0.14076036 0.22792087 0.0038923568 0.058804713 0.0033811303 0.83027357 0.006928545 0.0056957663 0.0029208579 0.0066202194 0.0005299113 0.30261 0.0056424825 4.4361437e-05 0.18578279 0.010214396 0.07676135 0.0013774635 0.0008995271 0.001809963 0.006335395 0.04735597 0.0058879256 0.0005254293 0.00014515306 0.11579713 0.026979182 0.0765699 0.0001414938 7.858065e-06 0.0045378488 0.0013391281 0.00029596596 0.011189223 6.0478218e-05 0.0005014072 0.00155193 2.0039883e-05 0.00037978345 8.6592845e-06 5.884725e-07 0.00018454711 0.0008235751 0.038919445 0.0070383847 1.3333241e-05 0.00053385156 3.3018506e-07 0.03505877 2.9294539e-05 0.0055991355 8.5626256e-05 9.633794e-07 0.1656831 0.0028867752 6.1910678e-06 0.0012210129 1.3925797e-05 5.0869665e-05 2.335355e-05 0.00019743093 0.053778704 5.7780202e-05 3.2918974e-06 7.464582e-05 0.007123681 0.0044668396 0.00099844 0.00046162 0.032480344 0.0017720133 8.652128e-06 3.4878616e-05 3.6732825e-07 0.00014179369 1.8987006e-07 0.00012910797 4.0892797e-08 6.434469e-06
0.9716026 0.38072354 0.63471013 0.0151282735 0.48305553 0.0020435085 0.86784697 0.053967588 0.19905837 0.09447047 1.30011574e-11 0.55659807 0.14724486 0.057902303 0.00044294435 0.0008939282 9.6274845e-05 0.0021649608 0.00233944 0.00030105107 0.85928154 0.92157674 0.0003621718 5.4528722e-05 0.92580473 0.00011927799 0.9218932 0.19961493 0.8928733 3.4296197e-06 0.12744834 1.2965141e-05 0.005177569 0.08067005 0.198784 0.2929231 5.009607e-06 0.0002691416 1.7031201e-06 2.2899056e-05 0.035677414 1.6251945e-05 1.7506203e-05 6.9206526e-06 2.6965154e-06 0.478815 0.40587655 0.0101151895 0.003602893 0.006513574 0.23563226 2.1306603e-05 1.3378784e-06 2.7300695e-07 3.099061e-05 0.003932178 0.11553363 3.10411e-05 5.738445e-08 2.2522914e-05 2.6507128e-06 0.008859428 0.012566269 7.9543155e-05 0.14052649 8.151535e-06 0.0015623487 4.388582e-07 0.023358036 0.01049826 0.3080362 1.2046488e-07 0.24506155 1.071657e-06 0.0012019682 0.23740709 9.534378e-07 4.5428465e-07 3.74974e-06 2.2566185e-06 1.8870707e-06 5.3312016e-07 1.8836143e-05 0.014091047 0.040300384 0.018239647 1.4569287e-07 0.0010228842 0.18988547 3.2752414e-08 2.0576783e-08 0.003183713 9.4272366e-07 0.0062853973 0.010118083 0.0007701771 5.31827e-08 0.004437816 4.295234e-06 0.0003500089 6.758675e-07
0.95814073 0.524925 0.13877706 0.04936321 0.9355995 0.013226973 0.011262182 0.81298286 0.0056015686 0.62336195 0.55659807 3.684017e-13 0.00041482574 0.5215477 0.07359189 0.00069839304 0.00025252474 0.018743018 0.048698347 0.00019445235 0.024251757 0.76264244 0.0009168489 7.821762e-05 0.012466927 2.9368022e-05 0.23863693 0.9489149 0.31164286 0.00010075777 3.7691887e-05 3.293721e-05 1.1595909e-06 0.8440968 0.12010029 0.00072179904 2.1293185e-06 0.0151247475 9.263484e-07 1.7674037e-07 3.5198382e-06 0.00045896095 0.00038446076 8.7981186e-07 1.2655017e-06 0.13507389 0.003617312 0.13468039 0.0698796 0.13136631 0.008798838 1.9644983e-09 6.770558e-07 9.990065e-09 0.0034292124 0.06749049 4.565871e-05 0.0015689885 1.1229882e-08 4.5706916e-08 2.0435464e-05 4.7428493e-05 0.0007737732 0.0006400918 0.00013670685 3.5267162e-06 0.028104642 4.1673474e-09 1.662027e-05 0.00044440094 0.7404946 2.729533e-09 0.0794022 6.457069e-07 3.1971427e-05 0.6780049 8.1304094e-08 5.409179e-07 3.358421e-05 2.0446429e-08 1.2667255e-07 1.1186053e-09 0.00022170208 0.074430466 0.0044536088 0.001238007 9.827233e-09 0.013221984 0.0891957 8.781546e-09 1.5301534e-10 0.0390575 5.903373e-08 3.1388e-06 5.9420387e-07 5.0983647e-07 9.231955e-09 6.645457e-09 9.697097e-06 1.917733e-06 6.941308e-08
0.85425216 0.2862817 0.72876596 0.010030769 0.0019335025 0.002946089 0.96286356 0.00014769514 0.9653254 0.040252294 0.14724486 0.00041482574 2.4965089e-13 0.03459694 0.00012231193 0.01576962 0.00023432648 8.210774e-05 5.7753703e-05 0.0032602255 0.16341937 0.0012729696 4.6480018e-05 8.3727886e-05 0.120115496 0.009013924 0.14345741 0.025382796 0.1415049 5.889992e-07 0.8229361 9.550714e-07 0.8900687 4.0322775e-05 0.00017000613 0.04031032 4.068923e-06 5.415796e-05 4.86449e-07 0.062162586 0.94440985 1.1515735e-06 1.211914e-07 0.00064689224 2.1692634e-07 0.00013381528 0.0002579111 0.00042368835 1.7973787e-06 0.0001656777 0.00041350198 0.097184315 8.6914633e-07 0.0005557937 1.0791535e-05 1.8766563e-06 0.0044922363 1.0004867e-05 1.3538962e-05 0.035133887 1.492815e-07 8.947525e-05 6.1134015e-05 9.557118e-07 0.22548069 1.2602538e-05 0.000107480635 0.00012359508 0.28557184 2.9420751e-05 7.173499e-05 9.9810764e-05 0.012192262 2.5653452e-07 2.6035854e-05 0.0009835935 1.7047232e-05 6.092332e-09 1.8344743e-08 0.014853025 1.06161146e-07 0.0016983486 7.482796e-06 0.001413731 0.0016986296 0.0007064059 9.4733725e-05 0.00020653204 0.010508012 9.540813e-08 5.7045445e-06 1.0300414e-06 3.4378686e-06 0.007132947 0.56901586 3.580386e-06 3.5034886e-06 0.08045846 3.639803e-07 8.242245e-06 6.3389535e-08
0.9949768 0.5537998 0.2036311 0.7576785 0.74155885 0.71015763 0.0358856 0.93212914 0.13961408 0.9522704 0.057902303 0.5215477 0.03459694 5.258245e-12 0.43385175 0.20405461 0.3822855 0.596416 0.18279849 0.10084 0.00033290568 0.009919837 0.15369454 0.23311774 0.0011586007 0.03436138 0.002757269 0.7191871 0.005316336 0.010456005 0.0026513007 0.013936587 0.00011448447 0.37613207 0.0059771664 3.3111435e-05 0.13293295 0.026770514 0.05055543 0.00021312264 0.0003247294 0.003357321 0.014223081 0.025616951 0.009293832 0.00035997506 4.076285e-05 0.15114814 0.055406384 0.12097845 9.32659e-05 2.296612e-06 0.005845299 0.00040100736 0.00055330805 0.025942847 1.3192542e-05 0.00061272696 0.0006315768 5.1001425e-06 0.00043843844 3.5314215e-06 3.154084e-07 0.00042505466 0.00050143275 0.029101117 0.012193507 4.9758255e-06 0.00027201124 2.1155394e-07 0.03965839 1.4119382e-05 0.0047848304 0.00013237566 8.1726097e-07 0.22956808 0.0018625247 1.0548861e-05 0.0015544584 5.4699317e-06 2.2365271e-05 1.7252818e-05 0.00014116293 0.08534083 3.4428704e-05 6.8190093e-07 3.0259867e-05 0.010817286 0.00367924 0.0015038255 0.00011998247 0.054493662 0.0025364587 8.948041e-06 2.1963875e-05 1.5672903e-06 6.862242e-05 8.0839465e-07 0.00027124083 5.987321e-08 7.709127e-06
0.98982245 0.06419019 0.014203521 0.22469236 0.048769977 0.35814175 6.114159e-05 0.8053822 0.0010565963 0.5055964 0.00044294435 0.07359189 0.00012231193 0.43385175 3.9100464e-13 0.033268448 0.17522502 0.9703457 0.8761643 0.035380207 1.0521568e-06 0.0014873618 0.85214496 0.3036054 3.0999443e-05 0.026104843 0.000375602 0.28240234 0.0025586644 0.4126145 0.00015092637 0.325129 0.00078940444 0.055639025 0.00021654592 6.7955185e-08 0.64814705 0.32564142 0.6137998 0.00059816707 0.00019205791 0.10586183 0.17228505 0.103323705 0.36355153 1.7865943e-05 8.394211e-08 0.5345996 0.203407 0.4090131 9.036253e-07 1.1478302e-06 0.33264107 0.0027476486 0.042347822 0.046766263 1.2882538e-07 0.031445388 0.0055590793 1.584889e-05 0.014404497 8.785567e-09 6.1601853e-09 0.007239894 3.2546661e-06 0.24732739 0.15003061 4.325742e-05 0.00021214197 1.2697146e-08 0.0039085266 2.826095e-05 0.0018235674 0.019083109 9.351192e-08 0.054707948 0.03701613 0.0018655875 0.006163953 2.7633166e-06 0.003770762 4.2623633e-05 0.044528265 0.21822007 6.858111e-06 1.5953007e-07 2.8074843e-05 0.071879916 0.00082683563 0.034860928 0.0013706449 0.038142275 0.15900652 6.937704e-07 4.1004703e-05 2.7777109e-08 0.00045393134 6.633632e-08 0.0035707871 5.6864625e-08 0.00070841255
0.5903119 0.63769656 0.48716724 0.8946829 0.0011411838 0.82067525 0.012298896 0.0016924228 0.39290196 0.39710146 0.0008939282 0.00069839304 0.01576962 0.20405461 0.033268448 3.3178863e-14 0.774196 0.01959581 0.00027737644 0.98957235 2.6779573e-05 3.300415e-05 0.0013259235 0.53879917 7.924732e-05 0.9458426 0.0006910496 0.057195 0.0014192492 5.6564473e-05 0.00090176245 0.00011559727 0.05081433 2.6697948e-05 1.2970607e-05 1.2671998e-06 0.048010584 0.00030003072 0.0038908985 0.08582017 0.004348531 1.00037705e-05 1.0480798e-06 0.21215771 7.142091e-05 2.0145733e-05 3.5703404e-06 0.0011822206 9.074834e-06 0.00045412057 1.879463e-06 0.0009464469 0.00052125024 0.056269974 1.6718466e-05 3.968579e-06 1.9296956e-05 1.1215386e-05 0.030634342 0.0044764215 8.1378374e-07 1.4213656e-07 5.66462e-07 8.966591e-07 0.0003583906 0.023562314 1.8030725e-05 0.0026445228 0.0004516178 1.4049628e-07 1.315278e-05 0.0012819404 0.00028248676 3.155489e-07 1.012369e-07 0.00024670843 0.008080564 3.180673e-08 4.9320484e-08 0.001891699 5.0095732e-08 0.0021631578 4.189943e-07 0.00033744512 5.422525e-05 3.437544e-06 0.0037531983 1.2411946e-05 0.000287567 1.2107473e-05 0.0034136567 9.761523e-07 0.001797871 2.2409135e-06 0.0013865111 1.2457547e-08 0.0021032263 6.601623e-06 5.4871134e-07 8.2340506e-08 3.5037225e-08
0.92331374 0.33404258 0.026110794 0.84752995 0.0008771453 0.9294508 0.00016946693 0.004344328 0.007933532 0.45371255 9.6274845e-05 0.00025252474 0.00023432648 0.3822855 0.17522502 0.774196 1.2518522e-12 0.118176185 0.001673876 0.7350542 5.822027e-07 7.8640105e-06 0.018164936 0.9909063 2.1275505e-06 0.60239476 5.568481e-05 0.04325859 0.0002704445 0.0007127867 2.267278e-05 0.001547812 0.00051914575 5.1438088e-05 5.8131136e-06 1.0881427e-08 0.49895126 0.0034161513 0.19350424 0.010173705 3.8854585e-05 0.000114622235 4.7533682e-05 0.5192309 0.0051673804 4.4427507e-06 1.4476491e-07 0.0064403694 0.0001162971 0.005271416 1.9863155e-07 2.6581058e-05 0.011107422 0.049139727 0.00025825988 5.4740474e-05 5.946642e-07 0.00016180599 0.06440959 0.00037481438 4.9374303e-05 3.473081e-09 1.1571207e-08 4.974262e-05 1.0726994e-05 0.23809193 0.00090932794 0.002196304 2.2093624e-05 1.2292397e-08 3.688129e-06 0.00063297816 8.8108056e-05 4.0919895e-05 1.67697e-08 0.00017307309 0.070314944 1.3644282e-06 1.0150493e-06 0.00033318202 1.1908902e-05 0.0006677712 2.2178172e-05 0.0035294013 2.6677449e-06 1.7456354e-07 0.003808594 0.00017065914 9.7392716e-05 0.0003488023 0.012792945 6.4505635e-05 0.022865608 1.7621358e-07 2.4803529e-05 1.6527124e-09 0.006409014 3.2229877e-08 1.7924907e-05 1.3510217e-08 4.9602186e-06
0.9435872 0.17124099 0.01841549 0.57406116 0.012122488 0.6468527 0.00033297553 0.6705315 0.003214226 0.5920892 0.0021649608 0.018743018 8.210774e-05 0.596416 0.9703457 0.01959581 0.118176185 8.109186e-17 0.6911661 0.008951286 1.2689164e-05 0.0001967642 0.9802575 0.06765693 1.694876e-06 0.0035308744 0.00044324185 0.18573084 0.0038538452 0.24885601 6.278388e-06 0.20297027 2.1676358e-05 0.007870791 2.6253996e-05 1.1017284e-07 0.10242277 0.2818224 0.25190318 1.6380849e-05 3.335218e-06 0.05713528 0.087077245 0.0048426525 0.10819642 3.3693188e-05 3.386049e-07 0.48184395 0.041564174 0.37621632 4.1544985e-07 4.658236e-08 0.04100184 8.101474e-05 0.10463013 0.011973369 3.9675934e-09 0.051020026 0.00013506084 9.4263373e-07 0.008233758 3.747563e-08 1.0132673e-07 0.01278061 3.3888404e-07 0.014068475 0.10741891 2.4898861e-06 6.3222906e-06 3.175389e-07 0.0010793686 6.8216303e-07 0.0021784413 0.01761497 3.4650944e-07 0.016760373 0.011361111 0.00341944 0.0020067843 3.7168036e-08 0.001328149 7.984384e-08 0.03905482 0.099141836 0.00013410873 6.976479e-05 1.3842861e-06 0.028232513 0.0014352335 0.009941976 1.965979e-05 0.0060403 0.005907164 2.292815e-08 3.3265354e-07 7.351853e-09 0.00014923348 1.7981576e-09 0.003060732 9.5822664e-08 0.00073332735
0.8982358 0.025396887 0.0021732298 0.039003063 0.06925504 0.061659746 0.00019388924 0.96722674 0.0004177724 0.14976755 0.00233944 0.048698347 5.7753703e-05 0.18279849 0.8761643 0.00027737644 0.001673876 0.6911661 9.415982e-12 0.00025873887 2.135789e-05 0.0023430951 0.8388148 0.0007553854 1.6299224e-05 3.625623e-05 0.0018997181 0.16680817 0.0047953096 0.15983203 1.158742e-06 0.041325886 1.1169451e-06 0.10768059 7.8053534e-05 1.1307949e-06 0.0003386904 0.8974949 0.0057497914 2.3675729e-07 8.668261e-07 0.3291011 0.4659284 7.059614e-06 0.00603118 0.00026300095 4.1500616e-06 0.83302957 0.87200147 0.6995931 3.5114192e-06 2.1969267e-08 0.0011331656 5.6692972e-08 0.36169368 0.38560513 4.18537e-07 0.18989001 9.680898e-08 1.0450844e-06 0.0077120685 2.1436726e-06 4.0556e-06 0.09356599 8.9831866e-07 0.000863474 0.25731635 4.6517727e-08 4.0630985e-06 8.381692e-06 0.007379531 1.263301e-08 0.0009523311 0.0009894388 5.867301e-06 0.04069198 3.132546e-05 0.0013477339 0.23452882 1.377477e-07 0.00036493508 1.183143e-08 0.07218171 0.21346638 0.00017228213 2.5810756e-05 2.4789765e-07 0.069782056 0.0005139435 0.00023968032 5.0721907e-09 0.12259117 6.630702e-05 2.132263e-06 9.521194e-09 7.893829e-07 4.2205198e-08 4.1790558e-09 0.014889601 3.1421364e-06 0.0001925632
0.34548682 0.3245141 0.1213865 0.5767218 0.0003304527 0.48798347 0.0073238453 0.00068543485 0.07210253 0.17976779 0.00030105107 0.00019445235 0.0032602255 0.10084 0.035380207 0.98957235 0.7350542 0.008951286 0.00025873887 1.5578313e-11 4.2112548e-05 4.015883e-05 0.000630508 0.5947005 1.7878114e-05 0.9892133 0.00026502225 0.013109879 0.0004086035 0.00024996075 0.0009743224 0.00016313633 0.03630196 1.7128159e-05 2.0899279e-05 1.2887102e-06 0.060487024 0.0005559644 0.01183154 0.13090892 0.0023084008 3.7715476e-05 2.4804867e-06 0.37348643 0.00023553366 9.449275e-06 2.355442e-06 0.0005843864 1.4782416e-05 0.00028037187 1.222106e-06 0.0009065243 0.0009206405 0.16177964 6.702608e-05 3.725303e-06 1.7382381e-05 3.0792075e-05 0.0804179 0.0075397836 6.2685813e-06 1.3076951e-07 1.651745e-07 3.5941212e-06 0.0004291817 0.053833783 4.1505467e-05 0.010957429 0.00034885286 1.0038855e-07 2.8743923e-06 0.0043070703 0.00012610322 5.16619e-06 8.074604e-08 0.00011722991 0.029827094 3.2911555e-07 1.5834311e-07 0.0037141023 5.7812326e-07 0.0044080135 1.023677e-06 0.0005585192 1.8204475e-05 2.0226364e-06 0.01282287 1.8254648e-05 0.00017210217 2.589399e-05 0.012053665 9.468259e-07 0.003449319 1.3210174e-06 0.0007016643 2.3890883e-09 0.008695075 1.2926633e-05 2.0674686e-06 1.194735e-07 3.520508e-07
0.9849058 0.0067367936 0.047928195 9.518362e-05 0.008023567 8.190318e-06 0.70403934 0.00067346124 0.029060673 0.00065842044 0.85928154 0.024251757 0.16341937 0.00033290568 1.0521568e-06 2.6779573e-05 5.822027e-07 1.2689164e-05 2.135789e-05 4.2112548e-05 5.7461106e-16 0.3303492 1.5009021e-05 3.30522e-06 0.9813833 0.00024184922 0.8260507 0.05217801 0.60592514 5.3669684e-08 0.8921678 1.5398525e-07 0.014472036 0.0053422563 0.017791573 0.8091273 7.6032165e-07 5.25114e-06 9.26461e-08 9.720342e-05 0.37618664 4.853799e-07 1.4939886e-07 1.0939703e-05 1.9911593e-07 0.054372154 0.36266866 0.00024583028 8.285267e-06 5.2214e-05 0.038288336 0.0003888756 2.4305444e-07 1.5273426e-06 4.0413063e-08 4.330838e-06 0.2608543 9.646591e-09 1.1453503e-06 6.537808e-05 8.751566e-09 0.040561672 0.0074140537 4.9956736e-07 0.5910285 1.2291771e-07 3.5336365e-05 7.03088e-07 0.53499603 0.002521473 0.029060079 2.625874e-06 0.2421223 3.3111843e-07 0.0023441736 0.029434746 7.042191e-06 4.962638e-09 1.3747256e-08 6.036056e-05 1.04425396e-07 1.0385236e-05 7.978813e-08 0.0005575767 0.030542228 0.025789512 5.6006998e-06 2.1732763e-05 0.18677333 5.173529e-07 4.4364987e-07 1.7509394e-05 4.980927e-07 0.28709698 0.015081488 0.0012280019 3.3343088e-06 0.049918298 1.4326665e-07 0.00042694825 4.3093092e-07
0.9469249 0.016747871 0.016024217 0.0011082256 0.45950523 0.0002561069 0.04917045 0.014654985 0.0020714642 0.020772628 0.92157674 0.76264244 0.0012729696 0.009919837 0.0014873618 3.300415e-05 7.8640105e-06 0.0001967642 0.0023430951 4.015883e-05 0.3303492 2.0104158e-11 0.0004953126 7.840071e-06 0.5593746 4.762496e-06 0.94561356 0.21845129 0.91081756 6.535623e-06 0.0009176909 2.720187e-06 4.644552e-06 0.40188494 0.8879018 0.041531198 1.5183218e-07 0.0024183225 5.2569824e-08 1.749552e-07 5.638319e-05 1.0800677e-05 3.856823e-06 1.2860234e-07 1.07534916e-07 0.8790586 0.20771444 0.018144678 0.005974918 0.013620311 0.38667503 1.924332e-08 4.6363004e-07 8.64212e-09 0.00025811928 0.0066917283 0.021215996 0.000119312805 1.1217168e-08 1.4771732e-07 2.600011e-06 0.005032021 0.022066232 3.8590326e-05 0.0058505833 4.826648e-07 0.0064693694 4.0100385e-09 0.00028455388 0.026074966 0.84171796 3.56701e-09 0.5963135 1.5318136e-08 0.0014019086 0.47718328 8.837432e-09 5.3967682e-08 9.419145e-06 8.44523e-08 6.392219e-08 2.2399316e-09 2.2375638e-05 0.013753561 0.04619427 0.019643614 2.1621199e-08 0.0026795145 0.39466017 3.270327e-09 4.473721e-11 0.004157906 4.496919e-09 0.0008928342 1.1071612e-07 0.00015436896 2.276803e-09 1.0189735e-06 1.0076968e-06 0.0002238278 3.4439193e-08
0.93110883 0.035480347 0.0048355684 0.16174121 0.00369392 0.23543148 0.00040593636 0.42222685 0.0007743556 0.14076036 0.0003621718 0.0009168489 4.6480018e-05 0.15369454 0.85214496 0.0013259235 0.018164936 0.9802575 0.8388148 0.000630508 1.5009021e-05 0.0004953126 1.306855e-12 0.008546025 8.2268256e-05 0.000120147815 0.0004595185 0.08466996 0.0031184459 0.93270624 3.7738067e-07 0.8062718 2.9905272e-07 0.0030462143 0.00010645917 1.1194853e-06 0.022621049 0.7189834 0.12616476 8.536148e-06 1.240371e-07 0.4718201 0.3873771 9.809837e-05 0.24555291 4.910544e-06 1.9520578e-06 0.66763854 0.10340698 0.6070989 3.7974305e-06 3.1596493e-08 0.051093854 2.7636195e-06 0.47057348 0.010586731 1.9855058e-06 0.24498856 7.71883e-06 4.312713e-07 0.10203176 5.073945e-06 8.8693054e-07 0.16253442 2.3179222e-08 0.0013456708 0.26389182 1.882245e-06 1.2210273e-06 7.972283e-07 0.0004198036 4.5437915e-07 0.00095628767 0.027592134 1.7693795e-06 0.006010466 0.00011167492 0.016301611 0.10095674 2.6461184e-06 0.0060221963 3.5066207e-06 0.06889154 0.17744271 8.806102e-05 3.109953e-05 2.9247447e-05 0.055912226 0.00091940345 0.0034945775 1.8710949e-06 0.0046832706 0.0012067945 1.2511268e-06 1.4569885e-07 5.899633e-09 1.348873e-06 5.094833e-08 0.018757919 7.461296e-08 0.0009456777
0.8104172 0.14467302 0.011374934 0.55131614 0.00015819211 0.6914042 0.00018937197 0.0010052338 0.004477419 0.22792087 5.4528722e-05 7.821762e-05 8.3727886e-05 0.23311774 0.3036054 0.53879917 0.9909063 0.06765693 0.0007553854 0.5947005 3.30522e-06 7.840071e-06 0.008546025 7.791248e-12 7.506141e-07 0.5875168 1.6819247e-05 0.011485816 0.000103175895 0.0046217726 3.413671e-05 0.0059671192 0.00033407865 2.0365735e-05 4.2692154e-06 2.5135195e-08 0.9110738 0.0036860604 0.70923644 0.01897998 4.0167597e-05 0.00044606795 6.7314846e-05 0.963368 0.02555228 9.581211e-07 3.8218705e-08 0.005044509 4.599418e-05 0.00435862 2.7199576e-07 1.1731753e-05 0.08196647 0.18847075 0.0011907159 2.956741e-05 2.2743963e-07 0.00047706754 0.2520614 0.00044179687 0.00013171001 4.1859645e-09 2.3690781e-08 0.0003030817 3.9560055e-07 0.632307 0.0008672115 0.011371722 1.3972997e-05 3.531155e-08 1.8740682e-06 0.0023001905 3.0925035e-05 0.00059763994 5.3731313e-09 8.984996e-05 0.48115888 1.2114078e-05 3.942558e-06 0.0004787987 6.375607e-05 0.001493448 0.000115029165 0.002704725 5.644589e-06 2.1664962e-06 0.019414512 0.0002905195 9.4018455e-05 0.0011726301 0.08450534 1.9728948e-05 0.15381862 4.3761833e-08 6.300368e-05 3.2769876e-10 0.038218576 3.6186538e-08 8.618656e-05 2.3297213e-08 2.0382931e-05
0.93278116 0.023931636 0.17071286 0.0010206036 0.0062727616 9.8963974e-05 0.685603 0.00025120916 0.06313104 0.0038923568 0.92580473 0.012466927 0.120115496 0.0011586007 3.0999443e-05 7.924732e-05 2.1275505e-06 1.694876e-06 1.6299224e-05 1.7878114e-05 0.9813833 0.5593746 8.2268256e-05 7.506141e-07 4.15216e-17 1.2280558e-05 0.7666597 0.042918406 0.6356267 1.1939063e-08 0.45206073 6.565809e-08 0.0028642158 0.00485302 0.04830632 0.8652312 7.569289e-08 1.9374163e-05 9.089155e-09 7.6824485e-08 0.050066207 2.4192715e-08 4.2383133e-09 1.0577005e-07 7.580428e-08 0.29391828 0.8397025 0.0014902255 1.2167408e-05 0.0008758685 0.5239694 2.540018e-07 6.207118e-08 2.8708564e-09 1.8794564e-07 3.255913e-05 0.8049178 6.394776e-07 4.7228714e-09 1.6479436e-07 2.0449274e-08 0.31491673 0.10749533 2.2388959e-07 0.56812656 1.2346564e-07 5.8176982e-05 2.390533e-09 0.050544087 0.054453105 0.06334175 2.9931775e-09 0.24677362 2.1430766e-09 0.018407062 0.039111815 1.8890729e-10 1.0616044e-09 2.4884128e-09 6.711985e-07 7.1425053e-09 5.2403337e-08 4.7933153e-08 0.0017796181 0.054512244 0.036409494 8.840943e-08 2.939896e-05 0.19011447 9.06304e-11 1.299105e-10 7.972827e-06 4.905474e-10 0.40988216 0.006071551 0.047844723 1.1149847e-08 0.0068779048 1.188517e-08 0.0032077865 1.1698922e-08
0.16221505 0.19388144 0.066579014 0.25964862 7.558148e-05 0.22879232 0.00627051 0.000104212566 0.074250124 0.058804713 0.00011927799 2.9368022e-05 0.009013924 0.03436138 0.026104843 0.9458426 0.60239476 0.0035308744 3.625623e-05 0.9892133 0.00024184922 4.762496e-06 0.000120147815 0.5875168 1.2280558e-05 1.4816756e-14 4.0512416e-05 0.002307155 8.355942e-05 0.00011391173 0.0010711693 0.0001010428 0.22955705 8.7683827e-07 1.0847756e-06 1.2166857e-06 0.081765704 0.00021606468 0.018768527 0.89818007 0.0058708973 5.5299966e-05 3.7937727e-07 0.7733295 0.00040321506 4.4685495e-07 2.0070043e-07 0.00015824068 3.2098671e-07 7.7301345e-05 1.0189282e-07 0.015331416 0.0009961212 0.79760265 2.4350522e-05 1.4439458e-07 2.051522e-06 9.076263e-06 0.29959133 0.06639471 1.1084803e-06 1.9872203e-08 5.9105923e-07 1.6636769e-06 3.5878835e-05 0.08160893 5.9862646e-06 0.1270405 0.000283103 4.2895678e-08 7.9620285e-08 0.03477026 2.9078907e-05 2.0971102e-06 1.4800054e-08 9.984023e-06 0.08893882 3.080604e-08 1.2530875e-08 0.026510613 1.192339e-07 0.059138577 3.088654e-07 0.00029059543 1.17815125e-05 6.0429525e-06 0.09742201 8.737018e-06 0.00010129838 5.389974e-06 0.043539517 3.8726046e-08 0.005051304 7.9548835e-07 0.0041463277 2.276437e-10 0.024247235 1.5836275e-05 3.1803893e-07 2.350987e-08 6.3801586e-08
0.99255484 0.014898534 0.11083885 0.00095342065 0.15901966 0.00035451213 0.5099717 0.013833256 0.13670449 0.0033811303 0.9218932 0.23863693 0.14345741 0.002757269 0.000375602 0.0006910496 5.568481e-05 0.00044324185 0.0018997181 0.00026502225 0.8260507 0.94561356 0.0004595185 1.6819247e-05 0.7666597 4.0512416e-05 9.407042e-12 0.09870426 0.92104155 1.7726611e-06 0.65868855 5.56133e-06 0.0037224763 0.16827784 0.648593 0.64999884 9.317287e-06 0.00023263115 5.5777184e-07 8.952702e-06 0.099979945 2.1412823e-06 4.652492e-06 3.5365003e-06 2.4152537e-06 0.4250873 0.3649704 0.004087543 0.0007604548 0.0016148579 0.15888564 1.6773578e-05 5.5199746e-07 1.4440745e-06 4.556903e-06 0.0012067744 0.09746289 2.7020858e-06 7.750341e-08 1.5716078e-05 1.2292134e-07 0.08308307 0.034067646 1.9082556e-06 0.21369384 6.756626e-07 0.00052453595 3.3665756e-07 0.09003498 0.012767702 0.61615586 2.6310204e-06 0.45616895 3.5419646e-06 0.009226204 0.4345332 1.5579191e-05 6.266175e-09 1.4986472e-06 3.6323512e-05 4.6195774e-07 2.3549783e-05 8.508664e-07 0.0031627624 0.01960765 0.005240977 3.0991862e-06 0.0005137717 0.3185763 1.02794864e-07 1.0195135e-07 0.007085129 6.1067085e-06 0.03355072 0.00054581685 0.002209627 3.5317933e-07 0.00075123046 4.864894e-07 0.0018606206 2.8453118e-07
0.9926757 0.5064663 0.22663395 0.34743324 0.90335906 0.18090722 0.09533127 0.54902583 0.09493358 0.83027357 0.19961493 0.9489149 0.025382796 0.7191871 0.28240234 0.057195 0.04325859 0.18573084 0.16680817 0.013109879 0.05217801 0.21845129 0.08466996 0.011485816 0.042918406 0.002307155 0.09870426 2.7095512e-10 0.0971756 0.020948753 0.024953812 0.006990932 0.0012217182 0.931822 0.1167124 0.010684737 0.015009557 0.05836004 0.01880646 0.00033594703 0.0040982305 0.012836415 0.05004063 0.0028257743 0.00540308 0.049304985 0.024892654 0.26642627 0.12095602 0.27584434 0.011210837 3.4893071e-06 0.0011014832 0.00015571076 0.010223777 0.12184404 0.00240388 0.009223666 0.0001609466 1.2979492e-05 0.0025716187 0.001178566 0.00067392224 0.0032532362 0.007052142 0.0032333587 0.045054007 6.2142853e-06 0.0019379839 0.00045254471 0.4846454 1.1949367e-05 0.07123158 0.0013835419 0.00024017363 0.6778203 0.0021026116 0.00010918092 0.012216791 1.2526199e-05 8.3464234e-05 2.4079134e-05 0.003876352 0.15580808 0.0019127589 0.0002831608 4.628936e-05 0.028286178 0.084021114 0.00032931383 0.0003952107 0.1987705 0.000308482 0.00022176025 0.00069012004 4.7795096e-05 0.000110554225 4.8213897e-05 0.0008955243 2.2334334e-06 8.2774795e-06
0.99851805 0.02589608 0.11644089 0.0040030833 0.24787508 0.00154156 0.48874995 0.017433306 0.120999224 0.006928545 0.8928733 0.31164286 0.1415049 0.005316336 0.0025586644 0.0014192492 0.0002704445 0.0038538452 0.0047953096 0.0004086035 0.60592514 0.91081756 0.0031184459 0.000103175895 0.6356267 8.355942e-05 0.92104155 0.0971756 1.41285655e-11 1.9015677e-05 0.5514487 6.367222e-05 0.0031559635 0.24823242 0.57533735 0.41241908 6.6864166e-05 0.0011275434 1.562602e-05 4.7338883e-05 0.067491665 6.287654e-05 0.00020950794 3.016142e-05 4.179224e-05 0.30305547 0.3171785 0.008412894 0.0034474423 0.0028253472 0.10496829 8.6645916e-05 1.796283e-05 1.0822485e-05 3.3404533e-05 0.002795651 0.049012575 1.9215217e-05 3.6729552e-06 0.000149248 1.3026545e-06 0.037251543 0.012980168 1.3733533e-05 0.10741054 1.8083247e-05 0.0008266187 3.5236435e-06 0.05326537 0.0036947583 0.70275986 1.1220767e-05 0.25767604 4.283283e-05 0.0029783389 0.5265712 9.009526e-05 1.2422999e-08 1.0951195e-05 0.00019181777 3.845439e-07 0.00012278058 1.3466276e-06 0.0040912344 0.00764255 0.0020397955 6.7571646e-06 0.00052092446 0.2965288 8.7640274e-07 1.1611335e-06 0.008787164 3.583052e-05 0.035781033 0.0031936157 0.0009466572 8.757068e-07 0.0015191484 7.4567464e-07 0.0007101761 4.4921998e-07
0.97341204 0.0008614062 4.8230548e-05 0.00047349522 0.00013651286 0.0025260965 7.728302e-08 0.013994663 1.9789463e-06 0.0056957663 3.4296197e-06 0.00010075777 5.889992e-07 0.010456005 0.4126145 5.6564473e-05 0.0007127867 0.24885601 0.15983203 0.00024996075 5.3669684e-08 6.535623e-06 0.93270624 0.0046217726 1.1939063e-08 0.00011391173 1.7726611e-06 0.020948753 1.9015677e-05 3.709968e-12 1.0055896e-06 0.98770744 7.74981e-06 0.0006671958 1.040107e-06 3.6824932e-09 0.12832086 0.7035066 0.29322195 1.0450974e-06 5.7409386e-07 0.8113362 0.57351667 0.0019461979 0.5786136 5.1900113e-08 5.433825e-09 0.30355418 0.046811074 0.23597667 3.7528846e-08 6.714683e-08 0.44234297 1.6204696e-05 0.5696943 0.009201157 1.1489785e-09 0.4881549 1.5358824e-05 5.613536e-07 0.6863823 2.9495222e-09 1.8545828e-09 0.41714537 1.103537e-07 0.018252578 0.21180752 2.7424645e-07 1.0027076e-05 6.676584e-09 2.1914602e-05 6.830797e-07 1.5430616e-05 0.6892156 6.248336e-08 0.0042533753 0.010937289 0.08453903 0.030981144 1.4612208e-06 0.119288236 3.3368888e-06 0.22560036 0.18047091 2.7293472e-06 3.070303e-08 2.966215e-06 0.09603801 2.678849e-05 0.086864814 0.0001517143 0.003791469 0.2464179 5.4730734e-08 1.0163569e-06 2.9113327e-08 8.846885e-05 1.6812733e-09 0.0882769 3.3853198e-07 0.013963222
0.9246783 0.032208405 0.34967273 0.0020867505 2.4306695e-05 0.0006525176 0.91032267 1.6888641e-06 0.44985166 0.0029208579 0.12744834 3.7691887e-05 0.8229361 0.0026513007 0.00015092637 0.00090176245 2.267278e-05 6.278388e-06 1.158742e-06 0.0009743224 0.8921678 0.0009176909 3.7738067e-07 3.413671e-05 0.45206073 0.0010711693 0.65868855 0.024953812 0.5514487 1.0055896e-06 8.989385e-16 8.3032506e-07 0.115332015 1.5046483e-05 0.00012694315 0.75298166 5.9882e-06 0.0006514867 1.0061776e-06 0.0015367008 0.92399776 7.711561e-06 6.486457e-08 1.7770037e-05 1.020294e-06 0.001404488 0.008817877 0.0044983285 6.6698584e-07 0.0021289675 0.0059967674 0.009258522 1.3111685e-06 2.111462e-05 6.0177e-06 3.2749635e-06 0.3532226 1.1243563e-05 1.4243868e-06 0.0013099674 1.186481e-06 0.092277944 0.0636565 5.5316505e-06 0.74585575 5.981491e-07 0.0013361629 4.7371063e-06 0.9869579 0.025580253 0.0007489356 1.94218e-05 0.09097201 5.8175533e-07 0.011120836 0.002653967 5.4566334e-07 6.790158e-07 1.8169134e-08 0.0007656155 1.4309726e-06 7.5046395e-05 1.964429e-05 0.0063572135 0.039852936 0.029452816 4.714814e-06 0.00011575337 0.08008878 1.3113296e-08 2.0859014e-07 5.043662e-06 5.508038e-07 0.5647317 0.1545062 0.013570117 1.1457617e-07 0.32650313 3.1724242e-06 0.001503328 4.17527e-06
