2.6000315e-13 0.98817945 0.95759606 0.9967857 0.98627526 0.99177617 0.93347454 0.96164256 0.95988935 0.7850963 0.9928713 0.9881759 0.9528066 0.8955336 0.99471855 0.98443323 0.9996654 0.9987912 0.89235795 0.7237944 0.96437526 0.939601 0.93635875 0.974685 0.94993484 0.98958105 0.9431484 0.9834898 0.9653129 0.79825014 0.97665626 0.68041617 0.9525388 0.97015715 0.61716425 0.9881897 0.9105248 0.5564956 0.8716954 0.23587605 0.7088057 0.30832162 0.8912112 0.55956334 0.997742 0.9411273 0.07654705 0.72876465 0.6727099 0.055121507 0.69051784 0.21078926 0.13957694 0.958392 0.9536104 0.9164241 0.02489552 0.85972893 0.9807013 0.29483774 0.99131083 0.0056269183 0.8781343 0.70769143 0.8398217 0.048909884 0.0012344013 0.57685125 0.21217635 0.9253475 0.9121609 0.7665737 0.93468213 0.9065478 0.037581727 0.3592148 0.47166237 0.6103873 0.10208891 0.20747873 0.084393434 0.20668595 0.065688215 0.9557358 0.0029282626 0.0033016196 0.80708194 0.022397537 0.12048331 0.010538652 1.3645982e-05 2.4640989e-05 0.13546202 0.36229265 0.22289015 0.65417624 0.0006355777 9.7689175e-05 0.00022109064 0.004788571 0.015045271
0.98817945 1.7097074e-10 0.98808175 0.46474192 0.59410685 0.9342301 0.1885443 0.02396393 0.024821477 0.30134115 0.08182185 0.0121519985 0.0032924977 0.15088567 0.008777056 0.030198952 0.3017664 0.19981708 0.01848614 0.10729897 0.0003606948 0.003395816 0.8260665 5.375316e-05 0.003577135 0.00094228506 0.0013399215 0.00045807703 0.00038628012 0.9127382 0.00023758865 0.07663515 0.00038135954 0.0052370173 0.011098258 0.000428864 0.0008806338 0.5866736 8.9171226e-05 0.0050656316 1.2506514e-05 0.42575726 0.00045407467 0.012853375 9.1631344e-05 9.706099e-06 0.0027488999 8.49043e-06 2.7112197e-05 0.022111125 0.00032601866 9.758423e-05 0.00032632725 6.828797e-07 1.0299909e-05 2.1460424e-05 0.0002910886 5.648911e-05 3.9186466e-06 0.17574683 9.8587125e-06 0.00042141334 1.0340093e-07 3.589026e-05 2.4473832e-06 2.7291298e-05 4.5668465e-05 2.920185e-05 6.278834e-05 1.5025548e-05 1.1599476e-05 6.4986116e-06 2.141283e-07 2.462216e-08 8.241031e-05 4.474578e-06 2.4671947e-06 1.0930485e-05 2.121284e-06 1.3542273e-06 3.738758e-07 5.381561e-06 4.8915954e-06 4.4475766e-07 0.000107404405 2.9832494e-05 1.039628e-06 2.461101e-06 2.8729449e-08 1.764243e-05 1.0868232e-05 1.2432868e-07 4.1726025e-06 6.798085e-08 4.4800686e-06 2.3111174e-06 5.0670346e-06 2.8490792e-06 1.4459825e-05 9.614603e-07 3.2495368e-06
0.95759606 0.98808175 2.6715986e-12 0.055701535 0.10377322 0.7334753 0.93907386 0.61900306 0.15393648 0.035166398 0.12323138 0.0019062397 0.14692926 0.9016997 0.0021528387 0.0018614966 0.13581271 0.14350091 0.0021543158 0.0200337 0.002212576 0.0003211014 0.9337249 0.00042371723 0.00019593468 0.0030383575 8.788459e-05 0.0011467926 0.012159459 0.8719687 1.5636186e-05 0.024568355 0.0015055749 0.079384945 0.0027733913 9.858069e-05 0.00030872598 0.55482495 0.0017491604 0.00371477 0.000137241 0.2533479 5.821888e-05 0.26738736 1.4260255e-05 0.00010696069 0.0008944966 1.2466451e-06 0.00015099505 0.00677722 7.429986e-05 0.006857513 0.00024822756 3.7515663e-05 1.2644896e-06 5.6198223e-06 0.0018804563 0.0011429401 5.712254e-06 0.31356847 1.2108661e-05 0.00013931026 2.3713794e-06 3.9622378e-06 1.604968e-05 0.00016480153 1.2616925e-06 5.204894e-05 6.0673738e-06 9.574406e-07 2.6604962e-06 1.2471088e-06 1.4967275e-06 3.4710293e-08 3.448422e-06 1.2461332e-07 1.0271544e-06 6.3513344e-06 1.3641609e-05 2.0425993e-07 2.6420622e-07 1.0008262e-06 2.9279232e-07 2.1791433e-07 3.4640803e-07 1.4729229e-06 6.200217e-07 2.2258115e-07 3.3810267e-08 3.3716455e-07 1.9493027e-06 9.9126865e-08 6.3682805e-08 2.2204507e-08 4.2589228e-08 6.740118e-07 1.1217616e-08 4.2928852e-07 2.5361356e-05 1.1092897e-07 1.7141818e-07
0.9967857 0.46474192 0.055701535 1.7816174e-07 0.26673308 0.8075405 0.0022661153 0.0011921778 0.0044524474 0.032654706 0.03046739 0.00570636 0.00032470495 0.0031257346 0.14723104 0.0060160425 0.19781153 0.3395701 0.003049849 0.9972816 0.00030855706 0.0005386521 0.014495905 3.702933e-05 0.0009739499 0.0012027674 0.0001914234 0.0005162959 2.148125e-05 0.46717927 8.585767e-05 0.5348888 0.000120852725 0.00010523595 0.45292598 8.2217506e-05 0.015308698 0.0075309663 1.52403045e-05 0.058820277 1.3581875e-06 0.5062495 5.6112352e-05 7.213459e-05 3.1281248e-05 8.844269e-07 0.027890192 1.4763298e-05 1.43918e-06 0.076524094 5.0648392e-05 4.032594e-06 0.0073146936 7.300264e-07 3.1247255e-05 6.503159e-05 3.7042824e-05 5.256133e-07 5.448669e-06 0.0009411467 1.0001319e-05 0.003705694 1.697282e-07 1.5676515e-05 4.1009607e-06 6.0722624e-07 0.00011162083 1.9389765e-05 3.550535e-06 4.2612187e-06 2.0715736e-06 7.3375924e-07 9.470594e-06 1.1768542e-07 8.325035e-06 3.5457501e-06 8.626236e-07 1.588782e-06 2.3074341e-07 5.8494305e-07 4.030693e-07 8.6560766e-07 2.8684938e-06 3.5178582e-06 1.2683054e-05 7.35502e-06 3.3914741e-06 1.8692722e-06 2.247786e-08 1.80961e-05 1.4944447e-05 5.5786895e-08 3.269379e-07 1.6547642e-07 8.540039e-08 1.7889402e-05 1.1583784e-06 1.0106653e-07 1.3324898e-06 1.4362925e-06 2.280417e-05
0.98627526 0.59410685 0.10377322 0.26673308 3.7151413e-10 0.958419 0.008477728 0.010597807 0.04892093 0.9761217 0.031654414 0.84343535 0.008969919 0.0036172464 0.8855903 0.68738973 0.6850784 0.19791228 0.13934518 0.057499465 0.003649906 0.5498634 0.006036666 0.00093575637 0.017019058 0.0038767068 0.030441713 0.0010230583 0.0004699319 0.013204721 0.006483452 0.081133075 0.00127099 0.00083107845 0.25747368 0.002575569 0.8206375 0.0007162144 0.00039202053 0.014612279 6.894444e-05 0.0017955524 0.18419407 0.00036555127 0.0017304975 6.868279e-05 0.0013273126 0.021154063 1.5719885e-05 0.00047230299 0.16171205 9.267567e-05 0.015956601 0.00022255347 0.004204056 0.0015030033 9.7243155e-06 4.3965865e-05 0.00024847247 0.00011814553 0.0014059871 0.00021193005 6.746961e-05 0.00025160957 0.00013624025 7.920769e-06 0.00031188206 5.0298837e-05 0.0014870449 0.013404289 0.00036673865 5.643489e-05 4.273285e-06 1.535862e-05 0.0042830347 0.0006161966 5.5754957e-05 4.7267924e-05 8.43332e-06 2.3247132e-05 0.00027065532 9.751092e-05 0.004485616 0.00013331953 4.9287173e-05 0.00017751617 0.00020129803 5.67727e-07 1.0617775e-07 0.00016363994 2.4738894e-05 7.410663e-08 2.5825704e-05 2.3034906e-06 5.007515e-06 4.3386794e-06 2.2752351e-06 2.6971843e-06 9.023955e-07 5.9725704e-07 1.0374403e-06
0.99177617 0.9342301 0.7334753 0.8075405 0.958419 3.005169e-08 0.21959834 0.22410922 0.5095853 0.32710907 0.70929253 0.6344529 0.1450147 0.058865618 0.40288314 0.041502334 0.9132775 0.7591993 0.05068347 0.17383522 0.059099093 0.026653036 0.1525057 0.046564408 0.026856374 0.107118994 0.011232621 0.027544364 0.022917513 0.206756 0.020192623 0.118039 0.030302407 0.04111326 0.04880643 0.03688368 0.0844871 0.020953948 0.008005807 0.024644582 0.0027222054 0.06385626 0.012427884 0.008471033 0.028935717 0.0035607754 0.0039900118 0.00295401 0.0009236927 0.0050856937 0.004555689 0.001154605 0.0053093242 0.012407662 0.0077760066 0.004221183 0.0001670198 0.0027107948 0.010999654 0.0028267596 0.015904598 0.00046859335 0.0019351074 0.0031978823 0.0036227854 0.00020118173 9.891001e-05 0.0014093916 0.00037959422 0.008295427 0.0048027695 0.00059115543 4.425567e-05 0.00034446473 7.0450296e-05 0.001761233 0.001540402 0.0002923232 0.00011214035 0.0005390254 0.00018927031 0.00065253687 0.000114129 0.0030434136 3.52468e-05 3.4514833e-05 0.0016185405 2.2616672e-05 5.6647065e-07 0.00021503272 9.955272e-06 2.0126794e-07 3.2723834e-05 3.2578246e-06 2.6679774e-05 7.484112e-05 2.317791e-07 2.1721419e-06 7.169764e-07 4.830802e-07 6.7504984e-06
0.93347454 0.1885443 0.93907386 0.0022661153 0.008477728 0.21959834 7.852416e-12 0.9902895 0.18283248 0.0019236022 0.09098523 0.00021102109 0.55989915 0.99238396 0.00020785692 0.0002844128 0.04432725 0.11403016 0.00023014774 0.00093678857 0.0030122283 1.6781274e-05 0.6503879 0.0005233392 4.5528614e-05 0.00064057054 1.1838469e-05 0.00033301333 0.082318954 0.16488224 2.3309883e-06 0.00043266354 0.00035464382 0.4923234 8.104991e-05 1.3771356e-05 5.325274e-06 0.19926187 0.0067288447 4.7424102e-05 0.0001782849 0.015575005 1.1690903e-06 0.3194113 2.836335e-06 0.00020477477 2.9463265e-05 7.497432e-08 0.00038702827 9.727835e-05 1.1163473e-05 0.013059939 7.362951e-06 0.000176758 1.3392922e-07 1.8591766e-07 0.0032680358 0.008781589 2.4944018e-06 0.22115368 2.3124844e-06 5.7668362e-06 3.2420023e-06 2.3858507e-07 4.0220707e-06 0.00040108725 8.600948e-08 6.580111e-05 1.1356072e-06 2.131967e-07 3.097196e-07 1.5025661e-07 3.3832428e-06 1.6063437e-08 1.553189e-06 1.935815e-07 8.7537735e-08 8.41383e-08 7.11948e-05 7.519697e-09 2.9943484e-07 1.3966409e-06 5.488772e-09 5.0900738e-08 4.248852e-07 3.3313752e-06 4.320714e-06 1.3237009e-06 4.6889724e-08 1.8431125e-06 1.2448546e-06 1.6981855e-07 2.4364177e-09 4.325255e-09 2.7452188e-08 3.9065435e-07 2.8986662e-08 2.618627e-06 1.6441729e-05 1.1710397e-08 2.6402236e-07
0.96164256 0.02396393 0.61900306 0.0011921778 0.010597807 0.22410922 0.9902895 2.1845801e-11 0.7152284 0.0023179946 0.27510282 0.0002410387 0.98013026 0.82679296 6.313082e-05 0.000179296 0.07396517 0.20368333 0.00029520487 0.00034464974 0.16478945 4.956771e-06 0.39123365 0.0077614114 6.249246e-05 0.003214329 1.1497865e-05 0.00091452553 0.38031742 0.056872368 5.7504762e-06 0.00023668427 0.0043412545 0.875015 6.481013e-05 2.464066e-05 5.725725e-06 0.08866976 0.044497125 2.2020968e-05 0.0032778934 0.007176352 1.2612738e-06 0.54729396 3.0016823e-05 0.0025021608 4.6387686e-05 8.322645e-08 0.0027804289 0.0001022755 4.502457e-06 0.04581915 3.6024362e-06 0.0020352893 6.1406915e-08 1.946829e-07 0.007846909 0.0518903 7.699484e-05 0.17709602 2.137729e-05 9.787768e-06 0.00042479474 3.0852436e-06 8.876312e-05 0.0025569303 6.414162e-07 0.00019484998 1.3731612e-06 9.201371e-08 1.0000165e-05 3.7744278e-06 6.645775e-05 1.0456946e-06 1.8828096e-05 1.5298492e-07 3.6826111e-06 7.614893e-07 0.00023453843 4.2303586e-07 4.000743e-08 3.5797526e-05 1.216746e-08 3.2731807e-06 4.2575875e-06 6.285619e-06 0.00039371478 2.4259577e-06 3.7157727e-06 7.421803e-06 2.3092691e-06 9.360602e-07 1.30084e-07 7.1515196e-08 4.1589624e-07 3.6656663e-06 3.311971e-07 4.9674804e-06 6.720542e-05 5.395644e-07 1.7037845e-06
0.95988935 0.024821477 0.15393648 0.0044524474 0.04892093 0.5095853 0.18283248 0.7152284 2.2170968e-10 0.00601777 0.9840452 0.0012826227 0.980678 0.046674352 0.00054019416 0.0003027541 0.28325588 0.4351118 0.00078696973 0.0008838929 0.9457451 8.8883484e-05 0.031010272 0.7791276 0.0002935776 0.02054202 7.418516e-05 0.0064377286 0.7093234 0.007667181 0.00010985437 0.00051016995 0.05757361 0.4634839 0.00052835577 0.00025925017 0.00011501107 0.0036921573 0.370593 0.0001318465 0.0970077 0.005346382 5.652392e-05 0.021340597 0.00021647985 0.07718551 7.69527e-05 1.8194945e-05 0.034003206 0.00017012762 5.5272445e-05 0.017768707 4.5560413e-05 0.122967035 6.0103134e-06 9.274539e-06 0.00046061588 0.10157177 0.0009045182 0.0030693843 0.00016369096 5.442098e-05 0.008624227 0.000113121125 0.0010922581 0.002379493 7.8833943e-07 0.002268752 1.4420137e-05 3.1870088e-05 0.00017960268 4.6553167e-05 0.00061835273 2.9095885e-05 6.130987e-05 3.0231092e-06 0.00044878156 2.3200137e-05 0.0031812966 5.7855577e-05 1.4891721e-07 0.00019060857 4.024183e-07 0.00044775466 1.0155674e-06 4.510616e-05 0.004052119 1.0739738e-05 0.00013466546 4.1306503e-06 4.252464e-05 4.7397407e-06 2.4152166e-06 3.0811034e-06 2.8936422e-06 7.391208e-05 7.2044867e-07 3.2281147e-05 1.5018699e-05 1.9168117e-06 6.606624e-06
0.7850963 0.30134115 0.035166398 0.032654706 0.9761217 0.32710907 0.0019236022 0.0023179946 0.00601777 7.0723316e-11 0.0024990367 0.97851133 0.0023243323 0.0008749563 0.32911158 0.91680664 0.09476769 0.013557775 0.98453164 0.0055895266 0.0008530277 0.44194263 0.0013831264 0.00062690966 0.38807645 0.0009814282 0.1608976 0.00037847442 0.00019677602 0.004251538 0.053523015 0.0113641545 0.00024788032 0.00049307157 0.093019605 0.038788386 0.45858788 0.00028089722 8.783623e-05 0.0015741977 9.5854475e-06 8.790712e-05 0.25206858 0.00017852393 0.013370252 1.4095475e-05 0.00015934116 0.03753144 2.7866673e-07 7.1495466e-05 0.08635061 3.449325e-05 0.0011012937 4.9269413e-05 0.019221604 0.0029045756 2.3679895e-06 2.1933838e-05 0.00080692203 8.967912e-06 0.008177648 2.7490556e-05 2.3324414e-05 0.0012773385 0.00016589841 1.3099336e-06 6.827645e-05 4.719639e-05 0.0027823218 0.021684011 0.00039959044 0.00015721124 4.719454e-07 7.897527e-05 0.0011587498 0.0047253342 5.729858e-05 0.0001067809 6.7751057e-07 3.1069652e-05 0.0010213193 4.5870303e-05 0.0007752404 0.0001222505 0.00028192214 0.00016807293 2.8820614e-06 7.687432e-08 5.0220463e-09 0.0008166826 1.0760468e-05 9.368112e-09 8.5326565e-06 2.721076e-07 3.870218e-07 6.8986986e-07 2.496678e-07 3.0829494e-08 3.9022485e-08 5.811088e-07 1.2788388e-06
0.9928713 0.08182185 0.12323138 0.03046739 0.031654414 0.70929253 0.09098523 0.27510282 0.9840452 0.0024990367 2.2596168e-11 0.00071523734 0.513696 0.038194485 0.0031584217 0.00049729977 0.7935596 0.8947704 0.0005342453 0.0024944067 0.8435343 0.00010175713 0.036909375 0.9223112 0.000304265 0.12437736 0.00022954954 0.04946892 0.27860016 0.008086342 0.00016509536 0.0014267763 0.27696535 0.1735645 0.001023869 0.00028955142 0.00078420487 0.0012639018 0.22143191 0.00022797767 0.0828332 0.0033694506 0.00016797743 0.004374275 0.0006799133 0.17619534 4.5612058e-05 4.7561567e-05 0.057157457 0.00018538872 3.5663677e-05 0.0035090412 5.234293e-05 0.32259306 2.2125798e-05 3.6961028e-05 8.7541615e-05 0.06090367 0.009669966 0.0005325955 0.0008702437 2.526188e-05 0.059086688 0.00034988677 0.014797009 0.0005481369 2.1213266e-06 0.006512488 2.3376201e-06 0.00011347867 0.00078695477 8.7642446e-05 0.009771336 0.0003154519 7.2580547e-06 3.4470575e-06 0.00095067726 4.8655573e-05 0.0005460749 6.792444e-05 2.401269e-06 0.00027349935 2.496096e-08 0.0022170728 1.5494519e-06 1.1006844e-05 0.019764857 3.241528e-05 0.0005084648 9.913831e-06 2.1107965e-06 1.7906872e-06 1.5598599e-06 4.0779546e-06 1.6078497e-05 0.0009389652 5.6422397e-07 7.229826e-06 8.8137637e-07 5.49093e-07 3.6609777e-06
0.9881759 0.0121519985 0.0019062397 0.00570636 0.84343535 0.6344529 0.00021102109 0.0002410387 0.0012826227 0.97851133 0.00071523734 1.6124937e-10 0.00040223778 0.00023079372 0.17747025 0.8659334 0.9372146 0.20277222 0.95353425 0.001762106 0.00019697617 0.54106635 0.0002702885 0.000106940795 0.34523436 0.005801581 0.5339786 0.0051422617 8.474571e-05 0.0007984934 0.14789763 0.0050269733 0.0006698058 0.00015717644 0.0296781 0.04257595 0.34034115 0.00012370874 9.6327385e-05 0.00075852993 6.686082e-06 3.7457925e-05 0.40175965 2.22397e-05 0.019162461 4.118339e-06 8.231346e-05 0.11777667 8.7590973e-07 3.5113375e-05 0.13833871 3.8614344e-06 0.0008549346 0.0001417795 0.047196712 0.00737088 4.7616913e-06 4.5372553e-06 0.0034816759 5.729838e-06 0.07937961 1.35362125e-05 3.313519e-05 0.0045536547 0.00039764165 7.6021906e-06 1.4573763e-05 8.130903e-05 0.006921224 0.115099706 0.0011618913 0.00066000596 9.531969e-07 0.00047779336 0.0009917269 0.0044551506 0.00012468758 0.0011115584 2.7729548e-06 8.5079344e-05 0.0016316223 0.0002197824 0.00046269232 0.0007979262 0.00048182003 0.00046896975 4.362576e-05 1.3898472e-06 9.801157e-09 0.00012349847 8.836266e-06 9.8587165e-09 0.0006573986 2.1615253e-05 1.0864625e-05 9.4448484e-07 3.2915054e-06 5.8571196e-08 1.347248e-06 7.583042e-07 2.5509141e-06
0.9528066 0.0032924977 0.14692926 0.00032470495 0.008969919 0.1450147 0.55989915 0.98013026 0.980678 0.0023243323 0.513696 0.00040223778 1.6409504e-11 0.27319825 6.099489e-05 0.00010450964 0.08098897 0.20608155 0.00037305825 0.00020953151 0.89334244 7.92844e-06 0.040729154 0.14446476 7.202743e-05 0.008294431 1.2192929e-05 0.0027941014 0.95966184 0.005666344 5.720414e-06 0.00016921968 0.02404572 0.9024169 9.273755e-05 1.9305755e-05 6.2841323e-06 0.0047497097 0.4600036 3.7020254e-05 0.09796162 0.0024034414 3.8013147e-06 0.22967526 4.0433406e-05 0.015078675 2.9120227e-05 1.0711144e-06 0.03472999 3.060033e-05 1.9968322e-05 0.09867328 2.6141481e-06 0.016007554 2.1033061e-07 4.7071742e-07 0.003585151 0.25672558 0.00014884688 0.017009249 3.6200192e-05 1.5553791e-05 0.0015936039 1.8913435e-05 0.0001465318 0.010072224 2.0427716e-08 0.0004481804 3.2254356e-06 6.223261e-07 4.1849355e-05 7.975976e-06 0.00016869183 3.3101503e-06 2.6603377e-05 5.939036e-07 1.905743e-05 8.6779355e-06 0.0054432917 8.030632e-06 4.6720614e-09 4.8618465e-05 2.104499e-08 1.959312e-05 4.5576448e-07 6.668029e-06 0.00096172723 2.1313094e-06 5.2196876e-05 1.5853885e-06 1.8168683e-06 5.268275e-06 6.2233505e-07 2.2836791e-07 2.3785579e-07 1.2263318e-05 2.6364594e-07 2.8764858e-05 0.00012516364 3.3817602e-07 9.634409e-07
0.8955336 0.15088567 0.9016997 0.0031257346 0.0036172464 0.058865618 0.99238396 0.82679296 0.046674352 0.0008749563 0.038194485 0.00023079372 0.27319825 7.765223e-09 7.890646e-05 0.00061904744 0.011071244 0.05150177 0.00035632076 0.0009670233 0.0070468844 5.0508414e-05 0.96475863 0.0019742623 6.272622e-05 0.0006646793 6.218883e-05 0.001057799 0.36869368 0.45462662 1.1557979e-05 0.00056312955 0.0005674469 0.74580115 0.000120407625 2.3217335e-05 7.1863883e-06 0.5897406 0.039509617 0.00011850177 0.0008236973 0.027673192 6.8745207e-06 0.9323938 2.1373702e-05 0.00055306987 5.117358e-05 4.36918e-07 0.00489005 0.00015661042 1.6829643e-05 0.16036035 6.450358e-06 0.0003431244 8.0334775e-07 9.750478e-07 0.018524293 0.017786978 1.3048546e-05 0.8680841 3.0111194e-06 1.0918138e-05 3.8747385e-05 6.3132023e-07 1.3412748e-05 0.0020494622 5.5764633e-07 0.0002269477 5.035626e-06 3.3187308e-07 1.2644848e-06 1.7172916e-06 2.1455575e-05 1.3381597e-07 2.4737243e-05 1.1711514e-06 3.2295202e-06 2.1128467e-06 0.00039345375 3.7772168e-07 1.3479799e-07 1.003895e-05 4.2260215e-08 7.950932e-07 2.1241647e-06 1.985261e-05 1.7465565e-05 1.1354205e-05 2.2161615e-07 8.0948246e-07 1.5303507e-06 2.7943048e-07 6.651684e-07 1.3479877e-07 2.6192873e-07 8.918547e-06 1.2982028e-07 1.0002344e-06 8.447644e-05 2.5024374e-07 3.1966945e-05
0.99471855 0.008777056 0.0021528387 0.14723104 0.8855903 0.40288314 0.00020785692 6.313082e-05 0.00054019416 0.32911158 0.0031584217 0.17747025 6.099489e-05 7.890646e-05 9.34104e-10 0.45258904 0.16408734 0.22329034 0.07421641 0.18880221 4.092177e-05 0.16462737 0.00017298084 6.7130313e-06 0.014054555 0.00030333473 0.004768085 0.00038223245 1.537265e-06 0.008723652 0.00089833717 0.7271593 2.0229903e-05 5.5284963e-06 0.98916364 0.00055200123 0.9337793 0.00015411609 9.474221e-07 0.2431357 1.2609159e-07 0.0031460735 0.005287825 1.7668738e-06 0.00019696135 1.2321557e-07 0.060719986 0.00025951114 4.660609e-08 0.010078622 0.07015667 3.4190305e-07 0.29593632 4.9766406e-08 8.542675e-05 0.00033367425 3.3234926e-06 4.974591e-08 7.303896e-06 1.0957046e-05 3.0545456e-05 0.013494619 3.305396e-08 0.00015418373 3.0762664e-07 1.951638e-07 0.009400041 3.2606717e-06 0.0005963384 9.402446e-05 1.3741799e-05 1.3558977e-05 5.085753e-07 5.3754615e-08 0.0029083372 1.08629565e-05 2.7934695e-06 2.581994e-05 2.6878897e-07 2.8439893e-06 8.447117e-06 2.651174e-07 0.02233962 5.046888e-07 0.00018641718 0.00016662842 4.292001e-07 7.2669843e-07 1.4648567e-08 7.3947863e-06 0.0005914517 5.245524e-08 1.1751557e-06 8.6738964e-08 1.2902197e-07 9.2231284e-07 1.0996998e-06 5.6336294e-08 1.5784812e-07 1.1134764e-07 1.5103074e-06
0.98443323 0.030198952 0.0018614966 0.0060160425 0.68738973 0.041502334 0.0002844128 0.000179296 0.0003027541 0.91680664 0.00049729977 0.8659334 0.00010450964 0.00061904744 0.45258904 3.287256e-09 0.04278531 0.041269932 0.8138381 0.002554069 4.2248917e-05 0.9854352 0.000500615 1.48555655e-05 0.38744113 0.00021235128 0.787964 0.0002540969 1.9968971e-05 0.0006960187 0.012051067 0.008365573 1.4579532e-05 2.3419121e-05 0.120455384 0.0012257724 0.69655466 0.000363607 1.889901e-05 0.001106778 1.030917e-06 5.218433e-05 0.8066264 1.5837708e-05 0.00057948264 7.966405e-06 0.000106514824 0.21249093 4.2757515e-06 1.9679695e-05 0.38286415 5.7519565e-06 0.001094821 2.555555e-06 0.012594884 0.0013953741 1.6779634e-06 6.656202e-07 1.30552435e-05 2.3252765e-05 0.00029196127 4.143906e-05 9.33401e-07 7.202584e-05 2.3925668e-06 9.939092e-07 5.4987646e-05 7.000288e-06 0.012633421 0.142218 5.9341506e-05 1.0617066e-05 1.8808085e-07 3.5865318e-07 0.007996335 0.002479407 4.191176e-06 8.306387e-05 1.2577472e-06 8.616424e-06 0.0022507114 1.0130886e-05 0.0029659974 9.261739e-06 0.00062174984 0.0010769042 1.4503412e-05 2.2423885e-06 2.9587688e-09 0.00053426845 9.304882e-06 9.982427e-09 2.7882795e-06 2.9040575e-07 1.061399e-05 4.548363e-06 2.0368445e-06 1.8556082e-06 1.6960773e-06 4.476334e-07 8.823449e-06
0.9996654 0.3017664 0.13581271 0.19781153 0.6850784 0.9132775 0.04432725 0.07396517 0.28325588 0.09476769 0.7935596 0.9372146 0.08098897 0.011071244 0.16408734 0.04278531 1.2715043e-10 0.91650003 0.13355581 0.024427611 0.106568 0.028359702 0.02162743 0.3354372 0.1037195 0.5341842 0.028939622 0.5324655 0.01384697 0.023247251 0.41167873 0.016572615 0.14131339 0.022154892 0.017849732 0.44332525 0.06328504 0.0029169803 0.011690174 0.0031803807 0.0043072943 0.012413149 0.020351516 0.0018960473 0.53877443 0.016565423 0.00039533622 0.0065511423 0.0034143617 0.0005694316 0.0073544136 0.0005423433 0.0013449824 0.049649656 0.047988072 0.030114567 2.535526e-05 0.005562622 0.2340826 0.00050113257 0.36992964 8.125756e-05 0.012268764 0.050390996 0.034141727 0.00020010234 9.1165195e-05 0.0051968177 0.0014694554 0.022720091 0.17060453 0.04454124 0.0042568543 0.0777374 0.00014384364 0.002887849 0.047507174 0.0040788245 0.00022543792 0.008791138 0.0006640001 0.0053720674 0.0002306188 0.1644415 5.6364643e-05 0.00011647803 0.0030697284 0.0003177478 4.3999426e-05 0.00021018798 1.2619074e-05 2.1901387e-06 0.0025257303 0.004024387 0.022718422 0.001161452 1.817852e-05 2.1547594e-06 5.91948e-06 0.00016304501 0.0001843088
0.9987912 0.19981708 0.14350091 0.3395701 0.19791228 0.7591993 0.11403016 0.20368333 0.4351118 0.013557775 0.8947704 0.20277222 0.20608155 0.05150177 0.22329034 0.041269932 0.91650003 1.2902294e-11 0.017829025 0.037987657 0.35896808 0.024987418 0.08762025 0.6945287 0.03652256 0.90929615 0.02525607 0.8748292 0.12599328 0.041545507 0.060571298 0.05230481 0.63586795 0.12009061 0.03189737 0.12668048 0.064607434 0.009045924 0.0744252 0.009432656 0.029575866 0.00978601 0.020747373 0.0057987873 0.31461206 0.13625328 0.0012732433 0.008646206 0.029996509 0.0009900334 0.0088934675 0.0025972468 0.0043742857 0.36800992 0.044241466 0.050213214 0.00015887458 0.04279962 0.5806394 0.0020693436 0.25665548 0.00019995641 0.21527089 0.054166928 0.23897909 0.00063121284 0.00010812432 0.05782265 0.0011629927 0.034954146 0.31076458 0.057797816 0.10096264 0.3774111 0.00021094966 0.0029966626 0.11401411 0.0039774952 0.0017669835 0.022151629 0.00049513666 0.024065055 0.0003071355 0.50591874 5.0379196e-05 0.00013697609 0.106794864 0.001425366 0.00090370467 0.00038117552 1.8861489e-05 4.024918e-06 0.003067879 0.023610229 0.03364137 0.041939743 2.9629682e-05 9.316344e-06 1.9980132e-05 7.880951e-05 0.000573728
0.89235795 0.01848614 0.0021543158 0.003049849 0.13934518 0.05068347 0.00023014774 0.00029520487 0.00078696973 0.98453164 0.0005342453 0.95353425 0.00037305825 0.00035632076 0.07421641 0.8138381 0.13355581 0.017829025 2.5092358e-13 0.0010821072 0.0003374538 0.26485896 0.00036039567 7.681508e-05 0.9832582 0.0008846342 0.8503986 0.00075298845 1.6492408e-05 0.00043289593 0.4751928 0.0025226625 0.00020963105 7.044008e-05 0.03165092 0.105913684 0.21745224 0.00011480482 7.83788e-06 0.00041821602 2.8463677e-07 2.7770475e-05 0.48196957 1.6771532e-05 0.021605834 2.2671145e-06 4.2200758e-05 0.2466759 1.0276664e-07 3.9743327e-06 0.10438627 5.7958923e-06 0.00037044924 2.7464496e-06 0.0909491 0.0060065747 4.2503882e-07 4.917861e-07 0.0007984991 6.9620154e-07 0.023500806 7.2538874e-06 4.655066e-06 0.002470325 0.00011311368 7.107743e-07 1.4040253e-05 3.449644e-05 0.014637518 0.2422309 0.0005254489 0.00039782957 7.606788e-08 0.00025013532 0.0016365249 0.01629928 2.9457755e-05 0.0019380355 8.799204e-08 0.00010003337 0.003654185 4.0191815e-05 0.00054524484 0.00011164308 0.0017934055 0.001082118 6.805068e-07 7.2292536e-08 6.2407546e-10 0.00036870374 4.9648374e-06 1.4685235e-09 7.7562836e-05 3.2332212e-06 6.3079966e-07 9.344792e-08 1.3415919e-05 2.738455e-09 3.5666176e-08 3.1454524e-06 6.178577e-07
0.7237944 0.10729897 0.0200337 0.9972816 0.057499465 0.17383522 0.00093678857 0.00034464974 0.0008838929 0.0055895266 0.0024944067 0.001762106 0.00020953151 0.0009670233 0.18880221 0.002554069 0.024427611 0.037987657 0.0010821072 2.7180205e-09 9.274171e-05 0.0005789534 0.00116583 8.326314e-06 0.0004725107 0.000109431734 0.00018734306 6.12516e-05 1.2797715e-05 0.21591958 5.6058387e-05 0.9964259 1.9550136e-05 5.4121407e-05 0.53976125 6.121248e-05 0.005994035 0.0035078435 1.0268299e-05 0.35420877 1.1537445e-06 0.8082213 4.029644e-05 6.108698e-05 1.9819088e-05 4.3207265e-06 0.10166703 6.028718e-06 6.3854765e-07 0.37585557 0.00013617908 2.73488e-05 0.038116764 3.088218e-07 6.8938484e-06 1.3294527e-05 5.09802e-05 1.8316231e-06 4.2817455e-06 0.0001103362 5.609608e-07 0.011002283 1.948076e-06 4.9451937e-06 2.7207684e-06 1.9941954e-06 0.00017421572 0.000121189965 9.357848e-06 2.5847348e-06 2.0649757e-06 2.0569407e-06 1.968829e-05 1.0917946e-06 1.147821e-05 2.1598082e-06 8.7872763e-07 6.733042e-06 3.2696648e-06 2.0173127e-07 1.3770804e-07 6.2672125e-06 3.4516563e-06 2.967166e-06 1.2900449e-05 4.2434625e-05 9.874935e-06 3.4976997e-06 6.7980075e-08 2.4253818e-06 3.2401804e-05 1.7860158e-06 6.1006347e-07 9.517875e-08 3.06754e-08 1.7217668e-06 1.9717331e-06 7.711354e-08 1.1379951e-05 3.139842e-06 2.2553671e-05
0.96437526 0.0003606948 0.002212576 0.00030855706 0.003649906 0.059099093 0.0030122283 0.16478945 0.9457451 0.0008530277 0.8435343 0.00019697617 0.89334244 0.0070468844 4.092177e-05 4.2248917e-05 0.106568 0.35896808 0.0003374538 9.274171e-05 5.9360544e-10 5.858064e-06 0.0037000831 0.9676911 6.296193e-05 0.017365765 2.7224737e-06 0.01176355 0.88887364 0.00045150105 7.2297507e-06 0.000101608464 0.016301068 0.20690241 1.86386e-05 3.1469302e-05 4.149428e-06 0.00048522654 0.9422077 2.5037743e-05 0.88562703 0.0007567413 4.738728e-06 0.0033739414 4.550426e-05 0.8632362 6.7267206e-06 9.919443e-07 0.53889835 7.8269895e-06 1.7474462e-05 0.013663966 1.094789e-06 0.45415956 3.352891e-07 5.8222986e-07 0.00014501593 0.38381648 0.00026475018 0.0004198531 7.4891526e-05 2.392382e-06 0.025624545 2.3251016e-05 0.00037389138 0.004226077 1.0722831e-07 0.00064912345 1.904594e-06 5.23063e-07 1.558579e-05 5.9103977e-06 0.081350535 7.746205e-06 2.4206784e-05 1.7862364e-07 7.076354e-05 4.2713356e-05 0.03015308 4.9029445e-06 4.8296474e-08 0.00013043925 3.018445e-08 6.718344e-05 5.761883e-08 2.0791074e-05 0.0043308116 1.261037e-06 0.005001578 1.4188527e-06 3.2066105e-06 6.1040946e-06 8.1614104e-07 9.544732e-07 2.6223566e-07 7.467593e-05 3.3914108e-07 3.2482647e-05 4.185644e-06 1.0177606e-06 9.62529e-07
0.939601 0.003395816 0.0003211014 0.0005386521 0.5498634 0.026653036 1.6781274e-05 4.956771e-06 8.8883484e-05 0.44194263 0.00010175713 0.54106635 7.92844e-06 5.0508414e-05 0.16462737 0.9854352 0.028359702 0.024987418 0.26485896 0.0005789534 5.858064e-06 8.6880066e-11 5.128556e-05 1.9822687e-06 0.10104582 5.2053307e-05 0.27087852 2.1048112e-05 1.432704e-06 0.00013897308 0.012272862 0.0038377733 2.0730874e-06 2.8163026e-06 0.27651626 0.0018884409 0.924837 6.104581e-05 9.2648185e-07 0.0010076354 7.1745134e-08 7.935404e-05 0.918824 2.4050596e-06 0.00028203777 4.5313936e-07 6.156739e-05 0.19579655 7.514095e-08 4.942193e-05 0.9833042 2.6689281e-06 0.0035976332 5.286514e-08 0.0025136329 0.0006243819 1.8191848e-06 1.07130184e-07 2.992857e-06 1.952781e-07 6.9977614e-05 6.636655e-05 1.745231e-07 5.708471e-05 3.7942937e-07 1.14971634e-07 0.0003560271 4.192655e-06 0.071247496 0.03140503 5.6842153e-05 1.4264796e-05 3.3215105e-07 5.8754022e-08 0.12464245 0.00034172673 8.898895e-06 9.470061e-06 1.6422806e-06 6.5813815e-06 0.0006342867 2.5160716e-06 0.048572432 5.0331487e-06 0.013811381 0.008887621 1.5412138e-06 3.7554534e-07 8.914358e-09 0.00019140553 7.495963e-05 2.5371163e-08 4.6893038e-06 1.6188692e-07 5.0097547e-08 8.888064e-08 1.2177932e-06 3.5991891e-07 6.312724e-06 1.0147875e-07 1.1932713e-06
0.93635875 0.8260665 0.9337249 0.014495905 0.006036666 0.1525057 0.6503879 0.39123365 0.031010272 0.0013831264 0.036909375 0.0002702885 0.040729154 0.96475863 0.00017298084 0.000500615 0.02162743 0.08762025 0.00036039567 0.00116583 0.0037000831 5.128556e-05 1.364479e-10 0.000495576 9.7250886e-05 0.0008750815 3.583349e-05 0.00049225474 0.0016106161 0.92437005 8.915528e-06 0.00023091632 0.00028364593 0.008919459 2.8404264e-05 3.618024e-05 1.0556892e-05 0.98285085 0.00013994276 0.00013818238 2.4102157e-05 0.077071175 1.0592097e-05 0.07403565 1.1080031e-05 7.107791e-05 9.401146e-05 3.5878352e-07 5.2009942e-05 0.0017767183 3.03773e-06 0.0008395292 1.1917036e-05 1.672006e-05 5.750602e-06 3.5461155e-06 0.013449766 0.00014534242 2.5233514e-05 0.9687619 9.1828963e-07 5.088815e-05 7.362607e-06 1.462069e-05 1.5504742e-05 6.116054e-05 1.3543016e-07 8.0817656e-05 8.075113e-06 2.104768e-06 2.1574633e-06 5.972442e-06 0.00013356106 5.762999e-06 2.433606e-05 2.0169493e-05 6.714207e-05 3.125007e-06 0.00023819394 5.665336e-06 1.591064e-06 1.862456e-05 4.299774e-08 7.497178e-05 1.4658247e-07 0.00013382178 1.6502352e-05 2.5108964e-06 1.5491845e-06 2.2868371e-05 1.0569152e-05 4.061148e-07 1.732906e-06 4.868821e-07 2.476147e-06 1.2158401e-06 1.0805134e-06 1.0009658e-07 0.00067389075 2.4405622e-07 6.632798e-06
0.974685 5.375316e-05 0.00042371723 3.702933e-05 0.00093575637 0.046564408 0.0005233392 0.0077614114 0.7791276 0.00062690966 0.9223112 0.000106940795 0.14446476 0.0019742623 6.7130313e-06 1.48555655e-05 0.3354372 0.6945287 7.681508e-05 8.326314e-06 0.9676911 1.9822687e-06 0.000495576 4.685199e-12 4.4526358e-05 0.18198462 2.7198319e-06 0.058391746 0.21917008 5.2157913e-05 2.3076157e-06 2.3931521e-05 0.8040729 0.01732103 2.3684909e-06 4.9983188e-05 4.389896e-07 8.870675e-05 0.7492117 3.914956e-06 0.5424383 0.00030544394 1.8054359e-06 0.00048308668 0.00015745775 0.9531184 3.8034252e-06 4.4583211e-07 0.5149883 4.0134873e-06 2.4134945e-06 0.0016752846 3.551376e-07 0.9346617 4.3882926e-07 1.8592128e-06 6.995907e-05 0.08360832 0.0013220918 0.00016044379 0.00017425112 9.151786e-06 0.50657165 0.00021643257 0.005388782 0.0007441556 1.5654022e-08 0.0217759 1.0056212e-06 6.673313e-07 0.00022539665 4.9280126e-05 0.6177117 0.00016999802 1.022535e-05 1.9086421e-07 0.00015864367 4.4445198e-05 0.011000745 4.5999266e-05 8.980282e-09 0.0005798685 3.288004e-08 0.00054651464 2.3973712e-07 6.4790006e-06 0.07013522 0.00013504023 0.021262648 6.7141934e-07 3.5399285e-06 2.8671742e-05 1.1455006e-05 5.967102e-06 3.2025914e-06 0.0013469142 3.0210933e-07 4.1826446e-05 1.0334602e-05 2.0738597e-07 5.45942e-06
0.94993484 0.003577135 0.00019593468 0.0009739499 0.017019058 0.026856374 4.5528614e-05 6.249246e-05 0.0002935776 0.38807645 0.000304265 0.34523436 7.202743e-05 6.272622e-05 0.014054555 0.38744113 0.1037195 0.03652256 0.9832582 0.0004725107 6.296193e-05 0.10104582 9.7250886e-05 4.4526358e-05 1.05332765e-11 0.00035725685 0.9828784 0.00040467354 6.3431994e-06 6.472661e-05 0.9706283 0.00036437446 0.00010440416 4.22147e-06 0.0040777335 0.1668763 0.05386783 3.9967905e-05 3.5657029e-06 0.00017185336 5.43594e-07 4.1144763e-06 0.52317154 1.114433e-06 0.026955366 1.3882509e-06 1.5295213e-05 0.50367343 2.2460087e-07 1.8158065e-06 0.054410446 4.1228736e-06 0.00015294578 5.734931e-07 0.42989796 0.018370757 1.1744274e-06 4.6131981e-07 0.00018394092 7.9894085e-07 0.008296697 2.3566688e-06 5.6100686e-07 0.00079313177 2.8061968e-05 1.0190892e-06 5.2693304e-06 1.1940169e-06 0.04533842 0.6943193 0.00012427873 9.183799e-05 4.651977e-08 5.7049612e-05 0.0008615997 0.062289875 3.9032166e-06 0.001955131 2.434193e-07 8.292121e-06 0.018013453 2.235964e-05 0.0002199084 2.9070809e-05 0.0036120275 0.0011049462 5.7479673e-07 6.39067e-08 1.5214207e-09 0.0009285575 2.9117768e-06 7.52215e-09 3.14935e-05 5.158679e-07 5.664085e-07 1.00883575e-07 6.0199938e-05 9.961947e-08 1.3982815e-06 3.5584942e-06 5.1907716e-07
0.98958105 0.00094228506 0.0030383575 0.0012027674 0.0038767068 0.107118994 0.00064057054 0.003214329 0.02054202 0.0009814282 0.12437736 0.005801581 0.008294431 0.0006646793 0.00030333473 0.00021235128 0.5341842 0.90929615 0.0008846342 0.000109431734 0.017365765 5.2053307e-05 0.0008750815 0.18198462 0.00035725685 5.5582836e-09 5.9913276e-05 0.97289443 0.001237025 0.0005799766 0.00032330398 9.903006e-05 0.9796922 0.002805658 0.00010827178 0.001441886 0.00028214403 0.0004841537 0.0026710099 0.00012523792 0.0019356601 0.00022639344 5.529765e-05 6.893583e-05 0.01284865 0.02629043 4.6629902e-05 2.5875233e-05 0.0022460048 5.653001e-05 3.4925917e-05 5.0934374e-05 4.6519523e-05 0.14464875 7.670812e-05 0.00023630042 1.039939e-05 0.0017586256 0.66870964 4.0117677e-05 0.013407491 1.5420512e-05 0.14905624 0.0036365176 0.83783185 1.8152534e-05 2.7990616e-06 0.47524643 2.0788457e-05 0.00015988489 0.009642799 0.0005855861 0.048779596 0.6442659 2.8932604e-05 3.5018067e-05 0.0121659655 0.00017704684 3.5496763e-05 0.0008367161 1.3956629e-05 0.12478547 3.9542593e-07 0.20006871 2.380504e-06 3.820546e-05 0.12220561 0.004155763 8.0153026e-05 9.218696e-05 4.529495e-06 3.4582314e-07 5.0249164e-05 0.06918639 0.0009922567 0.25811258 9.959126e-06 3.3851377e-06 7.643884e-06 4.3544835e-05 0.00093333353
0.9431484 0.0013399215 8.788459e-05 0.0001914234 0.030441713 0.011232621 1.1838469e-05 1.1497865e-05 7.418516e-05 0.1608976 0.00022954954 0.5339786 1.2192929e-05 6.218883e-05 0.004768085 0.787964 0.028939622 0.02525607 0.8503986 0.00018734306 2.7224737e-06 0.27087852 3.583349e-05 2.7198319e-06 0.9828784 5.9913276e-05 2.725301e-11 0.00015279882 6.4730193e-07 1.8424087e-05 0.9156643 0.00040186755 9.865466e-06 1.4171717e-06 0.006200182 0.031369165 0.07737616 4.2364874e-05 5.770745e-07 0.00016841294 6.072485e-08 1.8555897e-05 0.94224674 5.510192e-07 0.0064985594 1.823128e-07 2.7735885e-05 0.9528203 3.9992326e-08 2.0815346e-06 0.26610464 1.7696007e-06 0.00018686964 5.040214e-08 0.54757863 0.040833805 4.4181536e-07 1.6511754e-08 8.056505e-06 2.732656e-07 0.0010012252 1.8094564e-05 6.795528e-07 0.00022503732 6.0633914e-07 6.8951636e-08 1.41757255e-05 2.3524224e-06 0.11673295 0.83886933 3.2637003e-05 3.102367e-05 5.7705716e-08 6.641187e-07 0.0061018136 0.23338203 2.8003728e-06 0.0017305692 1.184948e-07 2.0089059e-05 0.04251685 2.2321876e-06 0.00035410599 8.235657e-07 0.0042566275 0.0035726416 1.019725e-06 2.291815e-07 4.299469e-09 0.002728615 4.83115e-06 1.25739215e-08 9.3816e-06 1.8378968e-07 3.800269e-07 3.4735808e-07 1.6754444e-05 4.9443305e-08 4.047256e-07 6.190017e-06 2.2034294e-06
0.9834898 0.00045807703 0.0011467926 0.0005162959 0.0010230583 0.027544364 0.00033301333 0.00091452553 0.0064377286 0.00037847442 0.04946892 0.0051422617 0.0027941014 0.001057799 0.00038223245 0.0002540969 0.5324655 0.8748292 0.00075298845 6.12516e-05 0.01176355 2.1048112e-05 0.00049225474 0.058391746 0.00040467354 0.97289443 0.00015279882 9.259456e-11 0.0010255679 0.00024317513 0.0008273708 0.00010124844 0.8988054 0.00065979036 9.80186e-05 0.004001949 0.0002010904 0.00042696128 0.0029899427 5.9139813e-05 0.0009587889 8.5782536e-05 3.6706424e-05 4.9320275e-05 0.029067252 0.00989521 1.9517442e-05 6.6051085e-05 0.0013921682 1.6445165e-05 3.5279627e-05 6.3156716e-05 1.603296e-05 0.13176304 0.00015422562 0.0006123505 4.2291103e-06 0.00058615964 0.9195657 1.9314833e-05 0.04574764 5.9196946e-06 0.07798523 0.012435258 0.9482165 3.658355e-05 2.4960366e-06 0.6173838 1.0740476e-05 0.00027536936 0.039772663 0.002153447 0.011532392 0.93342334 1.1914502e-05 2.3822175e-05 0.046116527 0.0005844282 4.417665e-05 0.0040423903 8.872694e-06 0.28874806 3.3666717e-07 0.46411496 2.3813077e-06 4.026782e-05 0.12687106 0.009695697 2.968121e-05 1.6008162e-05 1.3521882e-06 3.188489e-07 0.00016146577 0.21681216 0.0015430875 0.3699708 3.1506672e-06 3.8404055e-06 2.5672168e-06 2.2601344e-05 0.002823971
0.9653129 0.00038628012 0.012159459 2.148125e-05 0.0004699319 0.022917513 0.082318954 0.38031742 0.7093234 0.00019677602 0.27860016 8.474571e-05 0.95966184 0.36869368 1.537265e-06 1.9968971e-05 0.01384697 0.12599328 1.6492408e-05 1.2797715e-05 0.88887364 1.432704e-06 0.0016106161 0.21917008 6.3431994e-06 0.001237025 6.4730193e-07 0.0010255679 1.3407418e-10 0.00021589534 2.644767e-07 1.2696246e-05 0.000919727 0.9289946 1.3797087e-06 9.361843e-07 1.1808615e-06 0.00030811064 0.95360017 1.26374025e-05 0.39728168 0.0002958517 1.4676039e-07 0.09628744 2.6956952e-06 0.028769232 4.33935e-06 2.1128899e-07 0.1346946 6.0411608e-06 2.6956695e-06 0.36857805 6.502706e-07 0.0017545699 7.2745394e-08 1.4404729e-07 0.0064233844 0.95842487 7.863628e-06 0.003965941 3.6755674e-07 6.6633634e-06 6.71452e-05 2.2227941e-06 5.5158675e-06 0.11406126 3.14298e-07 9.8527584e-05 1.1175861e-05 1.3030365e-07 8.6469174e-07 1.8503914e-06 0.00070974365 1.8140713e-07 0.00010855724 5.788107e-07 8.393935e-07 2.9168739e-06 0.13897102 5.4163485e-07 8.982446e-08 1.570938e-05 1.2093312e-07 4.122836e-07 1.4918865e-06 5.4898985e-05 0.00010054238 3.2063165e-06 0.00030342268 9.642154e-06 6.4032924e-06 4.950408e-06 7.9529804e-07 6.44266e-08 4.509519e-07 1.7484471e-06 2.2672077e-06 6.366888e-05 0.00026068513 3.4682915e-07 2.5924471e-06
0.79825014 0.9127382 0.8719687 0.46717927 0.013204721 0.206756 0.16488224 0.056872368 0.007667181 0.004251538 0.008086342 0.0007984934 0.005666344 0.45462662 0.008723652 0.0006960187 0.023247251 0.041545507 0.00043289593 0.21591958 0.00045150105 0.00013897308 0.92437005 5.2157913e-05 6.472661e-05 0.0005799766 1.8424087e-05 0.00024317513 0.00021589534 2.9909336e-10 1.1599686e-05 0.002922417 5.5889326e-05 0.0020575884 0.0008801573 2.4102432e-05 0.00030552727 0.98171604 3.7511014e-05 0.000787112 1.711787e-05 0.9962098 3.4223256e-05 0.00031687776 2.210905e-05 1.46744715e-05 0.0005787558 2.5827094e-06 2.90255e-06 0.0048091267 9.939813e-05 0.0001469679 7.357311e-05 3.2487187e-06 4.3308173e-06 8.834555e-06 0.00048725135 0.00014070488 5.780194e-06 0.024603121 5.211637e-06 0.00017054347 3.0932483e-06 1.3141911e-05 1.0740221e-05 1.3380512e-05 6.1631795e-06 0.00010641949 2.0960924e-06 9.4389407e-07 2.4306184e-05 2.5805859e-05 1.7564935e-05 1.1566657e-05 2.9775081e-05 9.761247e-06 7.0296574e-06 7.0350693e-06 0.00014109416 7.796585e-08 1.7640232e-06 1.2385695e-05 5.4469314e-07 0.0001380375 4.347216e-06 1.249594e-05 5.415357e-05 3.22088e-06 2.3321877e-07 8.0731385e-05 1.4651504e-06 1.9475866e-07 1.8893127e-06 1.2293875e-06 2.9403193e-07 1.81561e-05 4.7369617e-06 6.97257e-08 9.224628e-06 9.194494e-08 1.0620996e-05
0.97665626 0.00023758865 1.5636186e-05 8.585767e-05 0.006483452 0.020192623 2.3309883e-06 5.7504762e-06 0.00010985437 0.053523015 0.00016509536 0.14789763 5.720414e-06 1.1557979e-05 0.00089833717 0.012051067 0.41167873 0.060571298 0.4751928 5.6058387e-05 7.2297507e-06 0.012272862 8.915528e-06 2.3076157e-06 0.9706283 0.00032330398 0.9156643 0.0008273708 2.644767e-07 1.1599686e-05 1.0206627e-12 8.5568056e-05 2.5912792e-05 1.0476681e-06 0.00090350176 0.95802945 0.010766475 7.0288793e-06 8.1479476e-07 7.189107e-05 4.5942116e-08 1.3000891e-06 0.28279674 5.314551e-07 0.5098558 3.193014e-07 5.730106e-06 0.5384636 1.8188933e-08 8.8874924e-07 0.0126920035 2.5247343e-06 8.1129176e-05 3.6018378e-08 0.9380542 0.58904356 3.1301926e-07 2.9264479e-08 0.00015777702 2.8256235e-07 0.03382705 2.698728e-06 5.6416263e-07 0.008288535 1.2945137e-05 2.4541083e-07 3.8694707e-06 2.4179362e-06 0.023945136 0.89078987 0.00077011395 0.00060875353 7.5353505e-08 2.0835458e-05 0.00023089521 0.5048448 1.850158e-05 0.039149646 2.1851764e-07 9.335346e-05 0.086013675 3.3344506e-05 9.398233e-05 5.913158e-05 0.0021651972 0.00051965 5.3579504e-07 9.87777e-08 1.1958275e-08 0.0025105877 1.5217887e-06 2.396771e-08 0.000587267 3.0135554e-06 1.6015141e-05 9.2359005e-07 0.00018943935 1.4291226e-07 6.7335364e-08 2.9613973e-05 4.5151177e-07
