2.5156478e-24 1.9220312e-07 2.889243e-05 6.4501146e-05 0.0067600203 0.00078484864 0.00072580087 0.11473043 1.4617986e-05 0.50226605 4.1939883e-09 0.67890596 0.5649895 0.55290705 0.87414914 0.0019684734 0.10438781 0.3078412 0.0038911118 0.7542267 0.00064975367 0.095076576 6.7896303e-06 0.9546559 0.7329306 0.9450446 0.054461192 0.50724196 0.9325645 0.0072653573 0.9177163 0.82905006 0.72767985 0.94728994 0.9513843 0.87946546 0.93474656 0.9254683 0.98206556 0.97123367 0.8633735 0.072491415 0.8886077 0.85840786 0.9831948 0.9326651 0.6604313 0.9258929 0.9648764 0.9865763 0.9310392 0.95565784 0.9812996 0.010665719 0.9471319 0.96602815 0.9712401 0.9794949 0.95185566 0.77511704 0.9225978 0.966489 0.7025213 0.4415069 0.9482144 0.9994873 0.9837627 0.99931204 0.9944085 0.6254056 0.99543566 0.9977129 0.8540552 0.9344408 4.196619e-06 0.9935662 0.95270395 1.1275159e-06 2.8229002e-05 0.9553658 0.9495002 0.9195724 0.9507631 0.7676345 0.20493531 0.98066413 0.89434844 0.9830235 0.9990816 0.99541 0.9969672 0.9763236 0.98275757 0.8628286 0.13172938 0.9773675 0.99636114 0.995391 0.77764213 0.9765549 0.41549453
1.9220312e-07 1.1444364e-19 0.7532759 0.4645818 0.24491973 0.21393344 0.04717191 0.040362492 0.00900698 0.022393163 0.040793635 0.0015723987 0.0009657662 0.001213358 0.00069735287 0.007923882 0.0026240281 0.017550144 0.0017947067 0.0017974155 6.7230234e-05 0.00032930472 0.0005420307 1.2564532e-05 0.0007351076 1.8232995e-06 5.4294276e-07 1.9639563e-06 3.2367939e-06 4.284686e-08 3.8211653e-07 3.497558e-07 3.035494e-08 2.7536052e-07 1.5706817e-07 2.7127392e-06 9.912265e-09 1.1882761e-09 1.0092241e-08 2.6919994e-07 9.197804e-09 9.358052e-10 1.2314321e-07 5.3726397e-09 5.0617654e-08 3.9955173e-09 2.6278482e-08 5.51749e-09 4.455392e-09 8.8585217e-10 7.941928e-09 3.0829814e-10 1.9323085e-09 2.9721399e-09 8.596729e-09 6.765821e-09 1.7884699e-10 6.889481e-09 1.2024191e-08 3.878788e-10 1.7459442e-10 3.7350711e-10 7.4682505e-10 5.4145657e-11 8.524835e-09 4.863256e-09 1.5026242e-08 3.4331091e-09 1.1850486e-09 7.022128e-11 4.657184e-06 1.9325123e-06 6.5471695e-10 8.5265056e-10 1.3511517e-10 6.647672e-10 1.275191e-10 0.03839713 1.1134895e-10 4.755578e-08 1.963277e-09 3.839885e-10 8.117158e-09 5.0450232e-08 5.7062716e-11 7.328501e-07 5.0838715e-09 6.215808e-10 5.394885e-08 1.459006e-07 3.8149373e-08 3.6260467e-08 1.0090084e-08 1.2148143e-08 5.8058107e-12 3.92686e-07 1.4600116e-08 6.017717e-08 1.2476224e-10 2.0760291e-08 9.702511e-11
2.889243e-05 0.7532759 9.752213e-19 0.57906145 0.6904867 0.8986667 0.03626519 0.3114952 0.008336326 0.1438639 0.0081814425 0.029443078 0.022885669 0.0369909 0.012309333 0.011982989 0.0033698748 0.13866165 0.018141588 0.033269983 0.008476532 0.014137675 0.0009041538 0.0055907797 0.0021473817 0.0020873088 0.0008253934 0.0018395085 0.006112955 0.00020340066 0.001427118 0.0007246959 0.00046257058 0.00069766346 0.00019399502 0.001040501 3.758374e-05 6.77614e-05 0.00012341322 5.7544235e-05 3.310711e-05 7.80058e-06 3.128417e-05 9.8952705e-06 1.8006289e-05 3.5061828e-06 6.8178e-05 1.2523684e-06 4.897089e-06 7.435876e-07 1.1557064e-05 5.8562676e-07 2.834157e-07 1.6614127e-06 2.461169e-06 2.9315877e-06 1.1519047e-07 9.1241645e-07 5.4359225e-06 3.5322869e-06 1.5289422e-07 2.3089507e-07 3.650905e-08 6.779733e-09 5.486394e-06 4.003694e-06 4.2425095e-06 3.0468284e-06 1.090991e-06 3.9346325e-08 0.00017052997 0.00022337721 8.7747657e-07 3.364377e-07 1.11658785e-07 1.0200712e-06 2.2474916e-07 0.010358724 2.0123291e-08 7.158166e-06 4.6031695e-07 1.792211e-08 2.4335364e-05 1.2406141e-06 2.5701487e-08 0.00029411228 3.0799474e-05 3.120522e-06 3.4256136e-05 5.0689465e-05 2.5778876e-05 3.422905e-06 6.44937e-07 1.6281876e-06 6.3195477e-10 6.4955507e-06 1.2519075e-06 1.5900264e-06 1.3957752e-08 1.364997e-06 8.865701e-11
6.4501146e-05 0.4645818 0.57906145 5.1168638e-15 0.79344815 0.28091273 0.945104 0.5179831 0.8446633 0.27627912 0.07617955 0.014940365 0.0078195175 0.010302818 0.0068464824 0.12912521 0.05351907 0.012570723 0.0014449432 0.13103265 0.00016752389 0.00022458557 0.027459886 0.0004432932 0.0087729 0.00052685686 2.8947932e-06 1.0602582e-06 0.00015436087 8.921491e-06 4.958622e-05 1.3864074e-05 2.9626854e-05 4.0561397e-05 0.00013594603 0.00020834355 1.4404172e-06 4.0390987e-06 8.593184e-06 6.818334e-05 4.1474442e-07 1.2183439e-06 2.5597054e-05 2.0598705e-07 3.084768e-05 1.9058749e-06 1.03116e-06 1.5348772e-06 7.7643676e-08 3.240987e-05 5.923246e-08 4.522724e-07 5.275434e-06 9.0743805e-07 5.428876e-06 6.8389475e-08 1.23452e-07 6.992918e-09 3.4218537e-08 3.3884913e-07 5.0136265e-08 1.3253734e-06 2.2543498e-09 1.0260397e-09 1.0612106e-05 3.8585837e-05 1.4038821e-05 3.0081342e-06 4.7102324e-07 1.2625254e-08 0.0009160998 0.00011550955 2.354769e-07 5.087888e-07 7.636964e-07 9.12947e-06 1.2765199e-06 0.096349515 1.5137624e-08 4.018227e-07 2.5568738e-08 2.7895986e-08 8.9762926e-07 3.4490517e-07 6.1084116e-09 0.0005779018 8.650679e-07 1.8128834e-05 1.13097985e-05 0.00031619432 0.0001215569 1.0525377e-05 3.118047e-06 1.0320934e-08 2.2083267e-10 4.361389e-06 1.1908975e-06 1.2564064e-07 2.4985762e-09 3.560794e-07 1.8782629e-09
0.0067600203 0.24491973 0.6904867 0.79344815 6.5418373e-18 0.6151615 0.19709645 0.9499573 0.030476484 0.64380777 0.0065696933 0.34206808 0.23928374 0.19996825 0.26075104 0.012095305 0.009639962 0.22716665 0.043758523 0.19623958 0.00429566 0.011179113 0.0028877428 0.016475549 0.021911481 0.012100427 0.00042602784 0.0009388903 0.0098031545 2.5379259e-05 0.0028230485 0.0017379465 0.0006295361 0.0009158156 0.0009502423 0.0014159835 7.4885604e-05 1.9345509e-05 7.938613e-05 0.00025502063 1.218119e-05 6.0341623e-05 0.00010614643 6.8810336e-06 7.1699484e-05 6.8549593e-06 9.89043e-06 1.5929672e-05 2.1909577e-06 3.0548704e-06 5.367993e-06 2.6675461e-06 2.8315999e-06 1.2808025e-06 2.4554745e-06 1.172724e-06 2.7709524e-07 6.7068913e-07 6.2458014e-07 7.6130044e-07 3.3440807e-07 4.737063e-07 4.3488103e-07 6.287704e-08 4.138118e-06 2.4031762e-05 8.31765e-07 1.8859859e-06 1.9573714e-07 5.5071265e-08 4.411451e-05 7.54515e-05 9.271509e-07 8.704341e-08 3.3720798e-07 1.0615371e-06 2.4267433e-07 0.098034985 1.2929066e-08 7.7314684e-07 2.378101e-08 6.6050234e-08 8.3038515e-07 9.062549e-07 5.239164e-08 8.889747e-05 4.513766e-07 8.590492e-07 1.9363606e-06 5.237489e-05 1.387504e-05 1.7701576e-06 3.1044914e-07 1.0796362e-07 8.920821e-09 1.4723836e-06 9.9118346e-08 7.280716e-08 1.0273287e-08 3.63981e-07 8.378083e-09
0.00078484864 0.21393344 0.8986667 0.28091273 0.6151615 7.649396e-21 0.008156012 0.47169635 0.00034204772 0.14045593 0.00051700644 0.104811765 0.10168038 0.14609371 0.1018105 0.00070337846 0.001144621 0.35435465 0.14131168 0.033674203 0.03088057 0.05112445 0.0001267601 0.017681222 0.007228055 0.0043838783 0.00147366 0.0040591643 0.017324312 3.7608977e-05 0.002555242 0.0012990786 9.3486655e-05 0.00029061927 4.7454734e-05 1.5620924e-05 6.753969e-06 1.2872736e-05 0.0001690134 7.305724e-05 2.9706284e-06 1.7659522e-06 0.00011618048 1.6969187e-06 5.0826555e-05 1.3416252e-05 3.8219832e-06 9.221593e-06 1.3205803e-06 1.2725902e-06 2.2906668e-06 2.0022508e-06 7.933609e-07 6.665925e-08 6.671102e-06 8.310903e-07 3.8815105e-07 1.6271143e-07 4.816771e-07 3.0475738e-07 3.473508e-07 3.85209e-07 6.9503923e-09 1.4328154e-09 5.6999334e-06 1.8100405e-06 2.027281e-06 4.85255e-07 6.405665e-07 3.9136734e-09 0.000279172 0.00032241808 2.523486e-07 5.539249e-07 2.3844493e-09 9.0562764e-07 2.0169464e-06 0.004776043 6.2947897e-10 3.4711688e-06 2.8948912e-07 1.7420973e-08 2.4327706e-05 9.642397e-07 5.5167515e-10 0.00013685244 9.790671e-06 3.2609796e-06 1.0340043e-05 4.3494154e-05 6.5333606e-06 1.26163295e-05 1.372915e-06 6.084499e-07 3.9014538e-11 3.0807554e-05 5.4778013e-07 1.8413968e-07 1.0285871e-09 9.413415e-08 1.0048667e-10
0.00072580087 0.04717191 0.03626519 0.945104 0.19709645 0.008156012 3.5388454e-17 0.07567395 0.93523794 0.33427957 0.0165062 0.01645053 0.003296705 0.0024335342 0.008621216 0.42362928 0.5016562 0.00069451827 6.218373e-05 0.6832464 7.102191e-06 2.6992182e-05 0.06197713 0.0014236278 0.09293633 0.0033316328 1.7188612e-06 9.807143e-07 6.658876e-05 3.5984017e-06 6.6250727e-06 1.26236355e-05 8.584439e-07 0.00033988472 0.00045779799 0.026304988 6.729714e-07 6.1854666e-06 3.2594469e-06 0.00077015767 1.8821362e-07 1.01858e-08 8.704557e-06 8.192396e-08 0.00013264989 1.0200188e-06 9.910342e-08 3.3901415e-06 2.4411742e-07 7.278318e-05 3.0983603e-07 1.7710533e-07 2.2155318e-05 2.4815416e-08 5.8944065e-06 1.8251565e-07 9.366437e-08 1.2509597e-08 3.132986e-08 3.7552905e-08 5.789666e-08 5.193022e-06 6.3169925e-10 2.07634e-10 1.0516427e-05 9.075314e-05 0.000105715866 2.3639515e-05 3.6464232e-06 2.173021e-09 0.00061014696 0.00029359414 8.96892e-08 2.5804778e-07 8.768595e-08 5.698667e-06 3.5463165e-07 0.11372526 2.2004947e-09 2.0429206e-07 7.668449e-09 5.3288978e-09 8.239953e-07 8.030003e-08 9.2516034e-10 0.00043384547 1.14118e-06 2.2828452e-05 1.0543255e-06 7.691418e-05 3.6571968e-05 6.621355e-07 5.8061465e-07 4.2700172e-08 2.2574415e-11 4.408059e-06 2.429863e-07 8.625047e-08 6.706893e-10 1.3062753e-07 7.276235e-11
0.11473043 0.040362492 0.3114952 0.5179831 0.9499573 0.47169635 0.07567395 3.0541673e-18 0.0030234815 0.8650061 0.00023516062 0.63624895 0.6175044 0.672294 0.5716705 0.0012910181 0.0024836822 0.45501018 0.06726203 0.47343415 0.005189136 0.021372747 0.00045091542 0.054422718 0.036819227 0.035704978 0.0004972881 0.0036428955 0.03393826 6.724088e-05 0.005634454 0.004721717 0.0016003562 0.0051145456 0.004303506 0.0030491205 0.00043580463 0.00018253959 0.0004725479 0.0011752382 5.6289224e-05 1.3072504e-06 0.00055766845 3.728212e-05 0.000987886 0.000107542364 7.4956015e-06 0.00025511964 4.2492255e-05 0.00013253772 8.859917e-06 9.108607e-06 0.00011336369 3.6339304e-07 8.237864e-05 5.2629466e-06 3.5207581e-06 4.5333713e-06 7.2994357e-07 5.6363774e-07 1.4687878e-06 6.2132895e-06 5.878472e-07 3.0936878e-08 6.426077e-05 0.00021499807 2.1053695e-05 6.422726e-05 8.442381e-06 1.3842821e-08 0.000666142 0.00036500173 2.5636726e-07 1.7536072e-06 3.329144e-07 8.3802215e-06 2.6645969e-06 0.059982777 3.3936704e-08 3.4640127e-06 6.8786385e-08 1.4323946e-07 3.3136027e-06 1.1214707e-06 1.1119179e-08 0.00020736411 1.7560506e-06 1.0785836e-05 3.119802e-06 0.0002021466 0.00011695287 7.1512204e-06 9.308675e-07 1.557573e-07 2.1297801e-09 3.3543638e-06 2.3987866e-07 8.880557e-08 1.1019669e-09 4.5249547e-07 1.4887275e-09
1.4617986e-05 0.00900698 0.008336326 0.8446633 0.030476484 0.00034204772 0.93523794 0.0030234815 3.2448374e-18 0.022842903 0.12137247 0.00040141348 7.518687e-05 2.6869879e-05 0.00021327003 0.72363514 0.56344324 1.75048e-05 6.716108e-07 0.16472542 1.1902508e-07 3.1029614e-07 0.13320082 6.3025095e-06 0.024469528 0.00014018198 8.838426e-09 4.2408786e-08 4.6057954e-07 1.1295677e-09 1.2296941e-07 1.058641e-07 8.391212e-09 5.159041e-06 3.7595478e-06 0.0023312452 1.03797255e-08 1.6534825e-08 8.4313045e-09 6.0314236e-05 1.9570296e-09 1.4493338e-10 8.771974e-08 1.4145971e-09 3.8928243e-07 8.744857e-09 3.7556966e-09 2.0028597e-08 6.064993e-09 2.4402773e-06 2.540747e-09 2.653817e-09 1.9025027e-06 6.6332084e-10 1.8798868e-07 7.104273e-09 2.7287002e-09 3.7589003e-09 2.1949698e-09 1.7078375e-09 3.0467917e-09 1.1336211e-07 1.5686136e-10 6.205108e-11 1.4689333e-06 6.8186423e-06 7.832052e-06 2.185536e-06 6.666471e-08 1.9440301e-10 0.000100693025 2.1738608e-05 8.396672e-09 7.795455e-08 4.2045847e-09 1.2171221e-06 6.57324e-08 0.35321957 1.4436538e-09 5.3949467e-08 1.2307593e-09 2.399139e-09 1.9186852e-07 8.300526e-09 1.1537273e-11 9.247702e-05 5.687406e-08 5.3397773e-08 1.3690352e-07 8.395788e-06 4.4368545e-07 1.1268659e-07 1.2873915e-07 3.5630392e-09 3.3606453e-12 6.479226e-07 5.4248672e-09 1.6318298e-08 1.1915438e-10 7.469042e-08 1.663165e-11
0.50226605 0.022393163 0.1438639 0.27627912 0.64380777 0.14045593 0.33427957 0.8650061 0.022842903 2.0459379e-19 0.00034323093 0.88512707 0.5912763 0.5365309 0.8649234 0.030779857 0.043444533 0.17248602 0.012954592 0.9092058 0.0005352619 0.011526334 0.0024314395 0.22183879 0.14182273 0.2579265 0.00013067857 0.001895241 0.019232059 3.1393676e-05 0.0029495833 0.003509329 0.0022585616 0.023285931 0.017564066 0.07899918 0.00039603774 3.1279993e-05 0.0007078845 0.008797768 5.5434823e-05 7.9394795e-06 0.00038150465 2.4357629e-05 0.0013381324 0.00014859115 5.5477874e-05 8.1574966e-05 9.121245e-06 0.00012754505 7.439827e-07 1.6382673e-05 7.87463e-06 4.609023e-06 5.7468165e-05 9.1564425e-07 1.6739948e-06 3.2049454e-07 1.200433e-07 9.847902e-07 1.2384379e-06 7.30568e-06 9.44143e-08 1.3155359e-08 0.0002606769 0.0005604572 1.3927844e-05 0.00013266038 2.3612503e-05 3.3155605e-09 0.0015285092 0.002265493 6.686334e-07 1.9956433e-06 6.4044584e-06 3.7560625e-05 2.1835692e-06 0.05698638 1.4668608e-07 5.4272743e-07 1.962694e-08 5.887964e-09 6.552851e-07 1.2550866e-07 7.363848e-10 0.0002490043 9.540154e-07 1.2628121e-06 2.6803655e-06 0.0001831962 4.7384412e-05 1.2459402e-06 1.2750448e-07 1.4509753e-08 5.3239985e-10 1.3074101e-06 2.195755e-07 1.4090292e-08 5.1051e-10 1.9336414e-07 4.88983e-09
4.1939883e-09 0.040793635 0.0081814425 0.07617955 0.0065696933 0.00051700644 0.0165062 0.00023516062 0.12137247 0.00034323093 2.2002968e-17 1.0443706e-05 6.608968e-06 1.2670403e-06 9.560451e-06 0.05564133 0.015636165 9.666599e-06 1.6639752e-06 0.00013043477 4.6806356e-08 1.7505117e-07 0.00845076 3.1224286e-07 0.00033652099 6.9424493e-07 2.0183863e-09 1.242496e-09 2.5521377e-08 5.1384962e-08 9.123459e-09 3.1796542e-08 2.9064762e-09 4.5992966e-08 8.615856e-08 1.1370247e-06 2.726723e-09 1.0678821e-08 5.442517e-09 1.7776264e-08 1.7098648e-09 1.10384795e-08 5.944645e-09 1.2515367e-09 4.993837e-10 3.4440029e-09 1.3551509e-08 6.6545383e-09 6.9871975e-09 4.649473e-09 1.9312363e-09 2.1225537e-09 1.680165e-08 5.360649e-07 8.929776e-09 7.3154527e-10 1.3900758e-09 1.7164433e-08 2.5474092e-09 2.875785e-08 5.9637784e-10 3.7991055e-09 2.6399501e-08 1.1654818e-09 1.2175997e-09 2.8089144e-07 1.4970528e-06 1.797033e-07 1.2819762e-09 2.9573934e-08 4.3440086e-06 1.5210312e-06 1.7857246e-08 3.6014651e-09 1.3981715e-07 5.0079972e-08 4.5095616e-09 0.71904427 3.4223756e-08 2.743265e-07 8.142821e-09 2.7429735e-08 1.7220179e-08 4.3383938e-08 5.2953737e-08 7.6226235e-05 6.475887e-08 2.139445e-06 1.8028239e-06 2.762415e-06 5.2874293e-07 5.3883653e-08 7.3241445e-08 2.24201e-08 1.0079024e-08 6.765079e-07 1.8948342e-08 3.245566e-08 1.6796523e-08 1.1992566e-07 3.185931e-08
0.67890596 0.0015723987 0.029443078 0.014940365 0.34206808 0.104811765 0.01645053 0.63624895 0.00040141348 0.88512707 1.0443706e-05 2.7628636e-19 0.7549397 0.7033092 0.95861715 0.0042307563 0.0049263565 0.2783761 0.026026247 0.51612896 0.0023823474 0.039759755 0.0003432362 0.36917406 0.07465604 0.35002708 0.00080529886 0.0076654633 0.045376442 0.00023915926 0.0035249647 0.010133283 0.0025395812 0.040961765 0.047736604 0.074716024 0.0011105093 0.0006428401 0.0027619256 0.009132523 0.00011643349 4.1191503e-05 0.002227571 0.00011366421 0.0031126267 0.0018760678 0.0001324849 0.0009097504 8.8566696e-05 0.0011973483 7.87517e-06 0.00042958997 6.8671e-05 1.2308687e-05 0.000548651 6.8645104e-06 4.7900143e-05 7.5420405e-07 6.4237333e-06 4.7725116e-06 3.725504e-05 3.0531828e-05 4.4436464e-07 3.4854654e-08 0.00072151516 0.0017750509 0.00022723291 0.0002236347 7.254646e-05 1.1447878e-08 0.0014392919 0.0015104315 3.435668e-05 3.5538276e-06 8.58853e-06 9.295112e-05 9.637651e-06 0.0048780027 3.70377e-07 3.3513036e-06 2.3534916e-07 3.260146e-08 1.478989e-05 2.6780722e-07 9.033848e-09 0.0003308276 1.0315372e-05 7.769657e-06 1.6020631e-06 0.0005267124 0.00026143176 1.0242601e-06 6.8868566e-08 1.12566624e-07 8.790059e-09 4.60917e-07 9.190483e-07 3.4542477e-08 3.1399e-09 3.1853767e-07 2.5984171e-08
0.5649895 0.0009657662 0.022885669 0.0078195175 0.23928374 0.10168038 0.003296705 0.6175044 7.518687e-05 0.5912763 6.608968e-06 0.7549397 1.304207e-21 0.9620041 0.7705908 0.0007209095 0.00092995807 0.55764854 0.05807197 0.33517736 0.005811291 0.094482765 7.140069e-05 0.50936997 0.037477154 0.32857272 0.0011416769 0.014003889 0.1468252 0.0001289555 0.025659008 0.027269604 0.004434926 0.042799875 0.051587686 0.039642215 0.001954639 0.00039052925 0.00523192 0.0077906298 0.00031480903 1.8291103e-05 0.0032483516 0.00039457894 0.0062006195 0.0037664957 0.0001860552 0.0027080378 0.00028527554 0.002684757 3.2068165e-05 0.0014426099 0.00035086778 1.935504e-06 0.0011100963 1.4289182e-05 0.00011363927 7.8001295e-07 2.5795093e-06 1.076613e-06 4.4627617e-05 9.981438e-05 8.163274e-08 3.4446682e-08 0.0011388507 0.0015849852 0.0004933787 0.00034067503 0.00017625082 3.791295e-09 0.002197232 0.0032649254 6.411273e-06 6.8702386e-05 1.5775098e-06 0.0004112987 5.983511e-05 0.0024815514 5.9761966e-08 9.027433e-07 2.6179524e-08 7.504495e-09 7.124146e-05 2.6221718e-07 7.9889007e-10 0.000760926 2.7431473e-05 5.438551e-06 1.7860651e-06 0.00097060815 0.00014939139 7.08964e-07 8.3095436e-08 2.0005078e-08 2.9768474e-10 5.8154893e-07 1.2132739e-07 1.0953873e-08 3.1858244e-10 9.839504e-08 2.3476072e-09
0.55290705 0.001213358 0.0369909 0.010302818 0.19996825 0.14609371 0.0024335342 0.672294 2.6869879e-05 0.5365309 1.2670403e-06 0.7033092 0.9620041 4.7024946e-20 0.6799969 0.00053634413 0.0020305694 0.8561815 0.29038432 0.3590546 0.04397088 0.2847115 3.2958986e-05 0.7137426 0.02591637 0.48288974 0.0068899356 0.042108458 0.47572854 0.0008589149 0.14828214 0.11724946 0.024201263 0.09427933 0.082982644 0.03547892 0.0038627535 0.00078857935 0.010060387 0.008577583 0.0009426032 0.00022335316 0.0034219748 0.000844307 0.005069085 0.0051645255 0.0006959882 0.002085134 0.0005477954 0.0034970779 4.0977808e-05 0.00097342895 0.00023641445 2.0309199e-05 0.0007412939 3.2174066e-05 0.0001323537 3.9020965e-06 4.6333594e-06 3.282e-05 7.904866e-05 0.000264222 3.3456914e-07 5.7864787e-07 0.0018930589 0.0018689844 0.0012977492 0.0013998327 0.00048591214 2.6485282e-07 0.0022933194 0.0038434712 2.1660508e-05 5.6907786e-05 1.5511441e-05 0.001931665 0.00012181359 0.0014770903 9.165651e-07 6.567732e-06 4.0719758e-07 9.620069e-07 0.00012416227 8.003406e-06 5.230338e-08 0.0029661926 6.670895e-05 1.6346608e-05 3.203523e-06 0.0015215798 0.00035348954 5.3312347e-06 9.673493e-07 2.4974463e-06 4.9873856e-09 1.4174225e-05 4.340565e-07 4.4142173e-08 8.739772e-09 9.044746e-07 5.2141026e-08
0.87414914 0.00069735287 0.012309333 0.0068464824 0.26075104 0.1018105 0.008621216 0.5716705 0.00021327003 0.8649234 9.560451e-06 0.95861715 0.7705908 0.6799969 6.545725e-20 0.002256386 0.0041365344 0.2762785 0.01894474 0.59472346 0.0021333736 0.03523349 0.0002004572 0.55060023 0.10261043 0.5348964 0.0011699058 0.008152092 0.06381361 0.0004717738 0.0063633583 0.01382452 0.002809109 0.08840492 0.09819132 0.14484161 0.0010093777 0.00070179516 0.0041797524 0.01785128 0.00011784598 5.4091477e-05 0.0036444436 0.00015768962 0.0066172336 0.0028303484 0.00017498033 0.0017022524 5.2685435e-05 0.0028206722 9.322183e-06 0.00027917227 0.00032773506 1.672022e-05 0.0006110551 4.5095644e-06 1.9759545e-05 8.062774e-07 3.154654e-06 6.603424e-06 1.820213e-05 7.107452e-05 8.889765e-07 1.351061e-07 0.00039682654 0.0030139335 0.0006292633 0.00053072505 0.00014710784 4.330416e-08 0.0042400793 0.0033522248 2.3169026e-05 3.017104e-06 8.234083e-06 0.00015331656 8.5613065e-06 0.0027569272 6.4907357e-07 2.188051e-06 2.6840962e-07 3.701946e-08 6.005386e-06 1.089763e-06 2.0630269e-08 0.00036515074 2.8139618e-06 5.495988e-06 2.8292524e-07 0.00036574758 7.751329e-05 1.2548575e-06 3.3455777e-08 1.5812301e-06 3.6922568e-08 6.268053e-07 1.3958612e-07 2.0241046e-08 3.2692167e-09 1.4515075e-07 2.3354248e-08
0.0019684734 0.007923882 0.011982989 0.12912521 0.012095305 0.00070337846 0.42362928 0.0012910181 0.72363514 0.030779857 0.05564133 0.0042307563 0.0007209095 0.00053634413 0.002256386 1.4313002e-19 0.5266812 0.00028053447 6.551402e-05 0.26184162 6.167613e-06 8.820682e-06 0.70901966 0.00025019425 0.72163624 0.0040932638 1.6740298e-06 9.716967e-07 0.00018716358 4.297317e-07 1.782571e-05 3.7883496e-05 4.053473e-06 0.00052351766 0.00027287204 0.05767727 6.197604e-07 1.9223346e-06 8.361701e-06 0.0032657993 4.5906575e-07 6.689267e-07 2.1637157e-05 1.4168548e-07 5.2380878e-05 3.258572e-05 4.2546463e-07 9.244024e-07 4.796937e-08 3.006058e-06 5.9195642e-08 5.344809e-07 2.2202264e-06 3.225277e-07 4.5325064e-06 1.34077895e-08 5.6330515e-07 2.6639526e-07 4.426417e-08 3.9275374e-09 3.0047352e-07 2.6459e-07 2.0004506e-08 8.104147e-09 8.223617e-07 6.106924e-06 7.0112187e-06 1.0808343e-05 1.390522e-06 1.5415326e-08 0.00025333036 0.00053828675 1.3615478e-08 2.0718531e-07 1.9660595e-07 6.3080174e-06 6.056023e-07 0.8604733 1.527076e-08 3.0591806e-07 4.0056527e-08 3.2739328e-10 9.309834e-08 1.0097251e-07 1.4375948e-09 5.1903757e-05 2.4954474e-07 1.4283229e-07 1.5608995e-07 1.3988732e-05 7.432112e-07 8.769594e-09 4.3173585e-09 6.094659e-08 1.5643575e-08 2.8791876e-08 1.8308343e-09 1.8914532e-09 6.887257e-10 4.1012442e-09 7.212003e-10
0.10438781 0.0026240281 0.0033698748 0.05351907 0.009639962 0.001144621 0.5016562 0.0024836822 0.56344324 0.043444533 0.015636165 0.0049263565 0.00092995807 0.0020305694 0.0041365344 0.5266812 1.8053066e-19 0.0002438809 1.3511667e-05 0.6782391 3.9881875e-06 7.484894e-06 0.55502796 0.0006624779 0.95377153 0.010096507 2.2162535e-06 2.870353e-07 0.00013536683 1.2264324e-07 2.0326657e-05 3.8370214e-05 8.6865875e-06 0.0021828501 0.0007318102 0.14796622 2.4845374e-06 4.1058152e-07 4.569805e-05 0.011379403 6.210609e-07 2.3146367e-07 0.00018372003 3.2087743e-07 0.0008222144 0.00018001611 2.8758632e-07 1.2836022e-05 3.2640364e-07 3.754591e-05 1.0656479e-08 4.1887624e-06 1.916321e-05 2.1143856e-07 6.783699e-05 3.2730057e-08 5.354873e-06 1.562929e-08 8.269427e-09 1.7474142e-09 8.6009277e-07 4.934938e-06 1.544346e-08 9.842353e-09 1.2087859e-05 4.6947944e-06 6.3502965e-05 9.87503e-06 4.6061623e-06 2.3130233e-09 0.00042202204 0.00079081766 7.763431e-09 2.1500093e-06 3.0260484e-08 1.2604017e-05 4.1094527e-06 0.5678131 1.94694e-09 4.7987214e-08 1.6474823e-08 1.2124728e-10 2.7363123e-07 3.0677977e-08 7.317239e-10 0.00018173277 9.461201e-07 1.0919877e-07 3.4965706e-09 1.457147e-05 1.2234203e-06 7.2909856e-08 8.420135e-09 3.2137862e-08 2.7487973e-08 3.672668e-08 1.3424031e-09 3.963441e-09 1.1450203e-10 1.0230538e-09 2.1288056e-09
0.3078412 0.017550144 0.13866165 0.012570723 0.22716665 0.35435465 0.00069451827 0.45501018 1.75048e-05 0.17248602 9.666599e-06 0.2783761 0.55764854 0.8561815 0.2762785 0.00028053447 0.0002438809 4.602424e-18 0.9053776 0.072659135 0.5991018 0.9388997 9.6865464e-05 0.2616833 0.0041685184 0.07386347 0.17889255 0.40554014 0.45484096 0.009155762 0.15131101 0.087728575 0.021116072 0.013254689 0.015953992 0.002112716 0.0048538162 0.0034387426 0.0062474404 0.0010593284 0.0020369592 0.000741013 0.00041446352 0.0018557517 0.0004094023 0.0013122599 0.0010121214 0.0002713601 0.0010496783 0.0009798789 8.2232335e-05 0.00041616606 7.180788e-05 2.827087e-05 0.0001729754 2.434502e-05 4.1126303e-05 5.2028026e-06 5.0731564e-06 3.9587725e-05 4.0208262e-05 7.1662125e-06 7.897956e-07 6.756813e-07 0.00019023792 0.00048073175 2.3339679e-05 1.5096517e-05 7.0802794e-06 6.370042e-08 0.00054923026 0.000992792 1.8846204e-05 1.28750335e-05 5.989739e-07 7.0568305e-05 1.5361271e-05 0.0064785415 5.4298366e-09 1.9433148e-06 2.2097646e-07 7.3602614e-08 2.6404581e-05 2.3223633e-06 5.1467133e-09 0.00043900657 9.3959525e-06 3.672211e-05 5.518514e-06 0.00051709317 0.00028175928 1.3264103e-06 1.7194719e-07 2.561874e-07 2.5490667e-09 3.055641e-07 6.631321e-07 1.20916e-08 2.5905373e-09 7.215313e-08 1.1852798e-08
0.0038911118 0.0017947067 0.018141588 0.0014449432 0.043758523 0.14131168 6.218373e-05 0.06726203 6.716108e-07 0.012954592 1.6639752e-06 0.026026247 0.05807197 0.29038432 0.01894474 6.551402e-05 1.3511667e-05 0.9053776 6.4827653e-17 0.0033055544 0.93623006 0.9124748 3.488843e-05 0.030446628 0.0007921495 0.0041266526 0.28042346 0.29467875 0.1794703 0.102339186 0.0450378 0.015441086 0.011738755 0.0008471311 0.0007569925 0.00020583342 0.0013784503 0.0037759435 0.001143897 0.0002201405 0.0012278134 0.00079617376 0.000120805256 0.0006982552 0.0001285855 3.2817214e-05 0.00072566903 4.1337305e-05 0.00066685415 0.00016313336 0.00017564459 2.3494238e-05 1.7342392e-05 0.00012661863 2.929658e-05 7.22473e-05 2.3256102e-06 7.3873703e-06 4.0828407e-05 0.00017308132 1.5417614e-05 3.3206e-06 4.4552885e-06 2.9855048e-06 0.00012376315 7.838198e-05 1.6850538e-05 1.4114306e-05 2.4828153e-06 6.479269e-07 0.0002103769 0.00016642705 5.2940184e-05 2.0582497e-06 5.209497e-07 4.198837e-06 3.314565e-07 0.0009976913 8.175377e-09 4.7842757e-05 1.3165928e-06 1.4862983e-06 9.000925e-06 3.509327e-06 1.1027775e-07 0.00022418478 5.6801214e-06 2.3876399e-05 2.891332e-05 8.692881e-05 0.00021066018 4.9065184e-06 9.919709e-07 6.9168254e-06 3.189719e-08 6.3855955e-06 1.4249316e-06 1.4114435e-06 1.3006417e-07 1.0261025e-05 1.04904316e-07
0.7542267 0.0017974155 0.033269983 0.13103265 0.19623958 0.033674203 0.6832464 0.47343415 0.16472542 0.9092058 0.00013043477 0.51612896 0.33517736 0.3590546 0.59472346 0.26184162 0.6782391 0.072659135 0.0033055544 4.5767073e-17 0.0022635849 0.0042826217 0.03594834 0.29386356 0.8343291 0.481053 0.00041846657 0.0008739448 0.03835133 0.00036782978 0.011945113 0.007863865 0.008898511 0.14446917 0.13136747 0.7566402 0.0019073541 0.0019434001 0.0050717928 0.1519076 0.00038865503 7.783054e-05 0.0048679346 0.00019158193 0.03866637 0.002625361 0.0003537681 0.0016915409 8.535794e-05 0.0020227425 4.1483818e-05 0.00039989638 0.0009919605 2.9463574e-05 0.00091321615 8.43176e-06 9.132234e-05 5.0422454e-07 7.705364e-06 8.126852e-06 7.5290554e-05 0.00025969185 2.2598194e-07 2.8492357e-07 0.0004109592 0.0018860301 0.004151378 0.0014550606 0.00062564167 3.0254208e-07 0.065413386 0.042499125 8.3571285e-05 1.6742335e-05 9.08923e-06 0.0002619786 1.0514422e-05 0.041162204 2.8411537e-06 6.515667e-07 2.1862581e-07 4.256308e-08 5.8505685e-07 8.730342e-07 1.3366552e-08 0.0006148861 2.7575288e-07 3.3562083e-05 4.7741565e-07 0.001057558 0.0002069741 1.5777559e-07 5.488712e-08 1.4407091e-07 2.9715407e-08 3.9804488e-07 1.17437416e-07 1.2753433e-08 1.1487375e-09 6.2868175e-08 4.670725e-09
0.00064975367 6.7230234e-05 0.008476532 0.00016752389 0.00429566 0.03088057 7.102191e-06 0.005189136 1.1902508e-07 0.0005352619 4.6806356e-08 0.0023823474 0.005811291 0.04397088 0.0021333736 6.167613e-06 3.9881875e-06 0.5991018 0.93623006 0.0022635849 6.400787e-18 0.84384304 4.567957e-07 0.009439378 0.0010438962 0.0009144157 0.7068449 0.4688552 0.15664044 0.80008876 0.062276494 0.024389448 0.019907009 0.00055121817 0.0003188886 1.3514464e-05 0.004168461 0.027116867 0.0008250771 0.00014270545 0.004101159 0.020305943 0.0001108734 0.00462547 0.0003323943 5.81119e-06 0.0028775916 3.2944623e-05 0.0041111247 2.5898931e-05 0.0010611465 5.769202e-06 2.3309049e-05 0.006874341 0.00011696615 0.0002798117 1.1186337e-06 0.00013304429 0.00010146245 0.0015026593 6.1854967e-06 7.2182997e-06 1.727333e-05 1.7687562e-05 7.2008195e-05 2.5371199e-05 6.7442335e-05 1.1032898e-05 1.0826004e-05 4.638092e-07 0.00029439828 0.00021196583 2.0075173e-05 1.6673922e-06 2.9651814e-05 1.927368e-06 7.335941e-07 4.2126365e-05 5.4320976e-06 5.2886902e-05 3.2378e-06 2.5153663e-06 9.417474e-06 3.2351982e-06 9.5552544e-08 0.00022239117 1.4392178e-05 1.6836371e-05 2.2746523e-05 6.537521e-05 9.727325e-05 1.6107411e-05 9.09661e-06 1.9065703e-05 4.2636916e-09 1.3170932e-05 3.5981063e-06 3.3141177e-06 3.3372864e-08 1.2006041e-06 2.4892213e-08
0.095076576 0.00032930472 0.014137675 0.00022458557 0.011179113 0.05112445 2.6992182e-05 0.021372747 3.1029614e-07 0.011526334 1.7505117e-07 0.039759755 0.094482765 0.2847115 0.03523349 8.820682e-06 7.484894e-06 0.9388997 0.9124748 0.0042826217 0.84384304 3.6336994e-18 5.303739e-06 0.14209625 0.0005325008 0.034160383 0.56687266 0.74094796 0.6040785 0.23921393 0.33099774 0.1808324 0.094018385 0.010204976 0.009112304 0.0005961517 0.017227337 0.043687586 0.014829876 0.0015352872 0.013042893 0.0105627235 0.0008456059 0.0093914475 0.0008898425 0.004189292 0.0073303473 0.00027808282 0.006604873 0.0021456028 0.004117279 0.0016819417 0.00035985338 0.00046821564 0.0004139678 0.00085697294 0.00038583003 0.00020973104 0.0002855107 0.0012132891 0.0006611755 7.048195e-05 3.1839314e-05 4.3845906e-05 0.00061875174 0.00094243657 8.3294784e-05 8.676102e-05 2.1012254e-05 8.15726e-06 0.00044555604 0.0009315244 0.0003584834 6.790249e-05 7.485608e-06 0.0003772055 0.00014422029 0.0005749045 2.3398002e-07 3.788523e-05 4.8397274e-06 2.7823612e-06 9.611716e-05 3.3085456e-05 3.9373631e-07 0.0008696946 9.3854076e-05 0.00018791153 2.8305078e-05 0.00065952993 0.0009146228 2.7246337e-05 4.9172922e-06 1.02070335e-05 8.495168e-08 1.763538e-05 7.1991476e-06 7.7947686e-07 5.018965e-08 8.137927e-06 2.2189953e-07
6.7896303e-06 0.0005420307 0.0009041538 0.027459886 0.0028877428 0.0001267601 0.06197713 0.00045091542 0.13320082 0.0024314395 0.00845076 0.0003432362 7.140069e-05 3.2958986e-05 0.0002004572 0.70901966 0.55502796 9.6865464e-05 3.488843e-05 0.03594834 4.567957e-07 5.303739e-06 2.7148372e-18 4.8153102e-05 0.22235152 0.0005687079 4.457811e-07 5.454589e-07 1.39546855e-05 7.2589046e-08 6.495597e-07 1.441628e-06 8.680997e-08 3.9805516e-05 3.2948017e-05 0.017796664 3.840468e-08 4.805741e-07 8.391376e-08 0.00070419523 3.0350137e-08 5.428483e-08 1.0090239e-06 5.37057e-09 6.179447e-06 1.3182768e-07 4.3441073e-08 6.501493e-08 2.6130573e-09 1.8783741e-07 3.4353562e-09 6.6226686e-09 8.640096e-08 6.1138e-08 1.1260646e-07 2.6446207e-09 1.3025799e-08 1.6100269e-07 3.6213308e-09 5.8312444e-09 9.432479e-09 8.43496e-08 8.0976275e-09 9.828616e-10 1.3594777e-07 2.4544e-06 3.3474676e-06 2.4103938e-06 1.9770664e-07 2.149184e-09 0.00014159574 0.00040695674 3.980882e-09 4.69188e-08 1.1480247e-07 7.496592e-07 6.550436e-08 0.82759744 2.0254516e-09 3.103124e-07 3.0287794e-08 3.156166e-09 1.6386103e-08 6.2181265e-08 1.5065944e-10 5.0355804e-05 3.458223e-08 4.5090136e-08 1.8543645e-08 1.3733983e-06 6.005197e-08 1.490399e-08 1.8213815e-09 2.1719531e-08 2.3026792e-09 6.7405614e-09 1.8785523e-10 1.4684715e-11 1.3893508e-11 1.2489368e-10 7.341756e-11
0.9546559 1.2564532e-05 0.0055907797 0.0004432932 0.016475549 0.017681222 0.0014236278 0.054422718 6.3025095e-06 0.22183879 3.1224286e-07 0.36917406 0.50936997 0.7137426 0.55060023 0.00025019425 0.0006624779 0.2616833 0.030446628 0.29386356 0.009439378 0.14209625 4.8153102e-05 4.259338e-19 0.028049583 0.9757883 0.020710489 0.13477382 0.49235547 0.003848048 0.22064058 0.39823556 0.0945465 0.5502815 0.35200423 0.3461128 0.03317885 0.011344135 0.17098838 0.05433807 0.009886413 0.0009974007 0.05276558 0.007285791 0.05367735 0.13357176 0.005205848 0.045880783 0.0037932687 0.06599418 0.0007591896 0.04564427 0.011862225 2.73614e-05 0.014278954 0.000661446 0.0068040206 4.5757446e-05 0.0002384783 4.4920194e-05 0.0034900662 0.0082737 7.6817305e-06 5.4501033e-06 0.028685985 0.039409366 0.011769195 0.021845121 0.00472189 2.3768403e-06 0.051763937 0.07185785 0.0023416153 0.0029260996 1.0305243e-05 0.02520077 0.011438538 0.00017620763 6.705638e-07 3.1455995e-06 8.514699e-06 3.616344e-07 0.002735509 4.807123e-06 8.2303295e-08 0.014370353 0.0011562854 0.0005945616 7.483106e-05 0.0026479224 0.0020437317 4.735202e-05 1.0263658e-05 8.907599e-06 1.0017657e-06 1.6825681e-05 6.028873e-06 2.0377265e-06 1.372305e-08 1.8297375e-06 8.561387e-08
0.7329306 0.0007351076 0.0021473817 0.0087729 0.021911481 0.007228055 0.09293633 0.036819227 0.024469528 0.14182273 0.00033652099 0.07465604 0.037477154 0.02591637 0.10261043 0.72163624 0.95377153 0.0041685184 0.0007921495 0.8343291 0.0010438962 0.0005325008 0.22235152 0.028049583 1.213464e-12 0.06415699 8.840374e-05 3.449677e-05 0.0031445003 0.00026295282 0.0013876104 0.0024306744 0.0006997935 0.035804026 0.029054897 0.8181798 0.00013764497 4.9525115e-05 0.0002576154 0.16442698 1.4492862e-05 1.8573609e-06 0.0025305513 1.07838605e-05 0.07346935 0.00011835834 1.52099e-05 0.00027802077 2.6889475e-06 0.00025089073 2.9876767e-07 1.5354371e-05 4.415003e-05 1.4879421e-06 0.0004912104 8.304502e-07 4.7428516e-06 2.2671495e-06 1.320448e-06 1.1278444e-05 2.0309496e-06 0.000101738304 1.4926293e-06 8.4548003e-07 0.00034250863 0.0008850025 0.0028562727 0.0011894709 0.001098427 1.4380475e-07 0.11639914 0.15259273 1.568649e-05 2.963854e-06 1.0884636e-06 0.00026975316 9.230868e-06 0.13215624 2.614154e-07 9.0322897e-07 2.3357914e-07 4.2137554e-08 9.089858e-07 2.2884112e-06 1.22404575e-08 0.0023561923 4.2900674e-06 1.6264789e-06 3.3291755e-07 0.0009005747 8.21458e-05 1.4175644e-07 3.0674116e-08 1.5621102e-07 1.3841554e-08 5.4454485e-08 5.759144e-09 7.3432727e-10 7.813917e-11 5.81608e-10 5.0897024e-09
0.9450446 1.8232995e-06 0.0020873088 0.00052685686 0.012100427 0.0043838783 0.0033316328 0.035704978 0.00014018198 0.2579265 6.9424493e-07 0.35002708 0.32857272 0.48288974 0.5348964 0.0040932638 0.010096507 0.07386347 0.0041266526 0.481053 0.0009144157 0.034160383 0.0005687079 0.9757883 0.06415699 3.217925e-20 0.0018545345 0.03498551 0.10581391 0.00021577987 0.07106187 0.07435402 0.054231763 0.5747548 0.3328428 0.6409637 0.013904176 0.0009535625 0.061526563 0.11075108 0.0039584027 0.00014337047 0.09399642 0.0034085608 0.07506599 0.055937644 0.0023261153 0.042621907 0.0017044625 0.028386043 0.00010652001 0.015665941 0.013348702 5.170192e-06 0.014197874 0.00016428823 0.0016234588 3.7147663e-06 3.028605e-05 1.079488e-05 0.0012736253 0.008752702 2.7707235e-06 1.7112673e-06 0.016868668 0.04314334 0.019473556 0.022842947 0.0054886085 4.335402e-07 0.104584664 0.10126651 0.0005029562 0.0012877668 8.692011e-07 0.011330965 0.0025288672 0.0006681834 2.562157e-07 1.5546087e-06 6.9787404e-07 1.2133562e-07 0.0004778412 6.006431e-07 9.449262e-09 0.00830819 0.00016068724 0.00022861143 3.900712e-06 0.002609452 0.0013315122 9.795533e-07 2.6500948e-07 1.5052682e-07 7.432434e-08 5.956603e-07 1.1198851e-07 1.7491267e-07 4.560118e-09 1.5730166e-06 4.9691476e-08
0.054461192 5.4294276e-07 0.0008253934 2.8947932e-06 0.00042602784 0.00147366 1.7188612e-06 0.0004972881 8.838426e-09 0.00013067857 2.0183863e-09 0.00080529886 0.0011416769 0.0068899356 0.0011699058 1.6740298e-06 2.2162535e-06 0.17889255 0.28042346 0.00041846657 0.7068449 0.56687266 4.457811e-07 0.020710489 8.840374e-05 0.0018545345 1.2098142e-17 0.95954204 0.4125735 0.9609578 0.3616841 0.15128174 0.17494261 0.0015090074 0.0020554939 0.00016420975 0.027211268 0.35535756 0.013251087 0.0003538111 0.043584228 0.3898907 0.0004745655 0.024804063 0.00019387962 0.001299026 0.025605742 0.00039202388 0.019889949 0.0004517713 0.018294707 0.0003867418 7.3792915e-05 0.027484104 0.00025897712 0.0036376987 0.00016297708 0.004422709 0.0013677506 0.012380801 0.0002817923 1.9737246e-05 0.00074971817 0.0007379315 0.00010027742 0.00015131175 0.000105561325 3.5139743e-05 5.435419e-06 3.56092e-05 0.00066533376 0.0003130833 0.00028849958 2.4158053e-05 7.781199e-05 3.6229307e-05 1.7565104e-05 3.0929692e-05 1.26697205e-05 0.00022648048 8.770097e-05 2.2905193e-05 0.00016029314 7.618939e-05 1.1570054e-05 0.00091648824 6.167063e-05 0.00025551725 0.00015056423 0.0004884836 0.0015255989 0.00013321036 4.6040437e-05 3.8650287e-05 1.9443323e-06 7.353193e-05 3.410498e-05 5.7743096e-06 4.1972254e-07 9.184075e-06 1.2709237e-06
0.50724196 1.9639563e-06 0.0018395085 1.0602582e-06 0.0009388903 0.0040591643 9.807143e-07 0.0036428955 4.2408786e-08 0.001895241 1.242496e-09 0.0076654633 0.014003889 0.042108458 0.008152092 9.716967e-07 2.870353e-07 0.40554014 0.29467875 0.0008739448 0.4688552 0.74094796 5.454589e-07 0.13477382 3.449677e-05 0.03498551 0.95954204 1.5919131e-20 0.85818493 0.5611451 0.6834789 0.46288842 0.5385345 0.02679615 0.02344335 0.0005816023 0.11494194 0.46595109 0.08966455 0.0028582262 0.14291263 0.117869504 0.0012192768 0.07020589 0.0018787624 0.019377608 0.057392277 0.0023156481 0.042123895 0.004431457 0.047001977 0.010129723 0.00072926906 0.0065208715 0.00091268023 0.013960086 0.0041825096 0.005941164 0.0033919453 0.0049189623 0.0036763742 0.0002471521 0.00082510896 0.00049934856 0.002359579 0.002495537 0.00018124243 0.00054204004 0.00019217667 4.9562303e-05 0.0020818664 0.002745164 0.0030700022 0.0016621783 8.4290095e-06 0.0016976134 0.0009200209 6.5659755e-05 6.403332e-07 0.0003658212 2.8375673e-05 6.1602527e-06 0.0011036225 0.00016080221 9.67903e-07 0.0040042363 0.0015745198 0.0035844021 0.00019049518 0.0024182834 0.0065098084 5.3647862e-05 8.119783e-05 2.4971e-05 1.2550255e-07 9.5610114e-05 4.921033e-05 4.599411e-06 5.5227787e-08 1.2092726e-05 1.2751104e-07
0.9325645 3.2367939e-06 0.006112955 0.00015436087 0.0098031545 0.017324312 6.658876e-05 0.03393826 4.6057954e-07 0.019232059 2.5521377e-08 0.045376442 0.1468252 0.47572854 0.06381361 0.00018716358 0.00013536683 0.45484096 0.1794703 0.03835133 0.15664044 0.6040785 1.39546855e-05 0.49235547 0.0031445003 0.10581391 0.4125735 0.85818493 3.248045e-18 0.15301739 0.9147895 0.9466017 0.52935004 0.045045093 0.06685076 0.011001431 0.14936124 0.1622848 0.10633332 0.008602713 0.034468953 0.021981869 0.0029994403 0.026712982 0.009732949 0.019744087 0.009441274 0.007893239 0.021910338 0.022596603 0.0012683236 0.009939516 0.009177715 0.0006536567 0.0022814842 0.0031166694 0.0050324746 0.0007201846 0.00035392045 0.00058852567 0.0021732496 0.0012859714 0.00031025134 0.00014046527 0.010118962 0.028869852 0.0019062876 0.0037840367 0.00056862924 4.7099384e-06 0.010716331 0.0057445318 0.0027852608 0.0018312101 4.1794432e-05 0.0062754187 0.002151706 6.843682e-05 1.109511e-05 3.2355518e-05 4.2936103e-05 6.4013934e-06 0.00052959024 3.6921185e-05 1.8150726e-06 0.00870707 0.00045474895 0.0032207775 0.00028995847 0.0059175165 0.012557248 8.231708e-05 2.4464813e-05 1.0007415e-05 1.461933e-06 1.8379424e-05 6.118569e-05 6.5358375e-07 2.6184858e-07 2.2423287e-06 2.889379e-06
0.0072653573 4.284686e-08 0.00020340066 8.921491e-06 2.5379259e-05 3.7608977e-05 3.5984017e-06 6.724088e-05 1.1295677e-09 3.1393676e-05 5.1384962e-08 0.00023915926 0.0001289555 0.0008589149 0.0004717738 4.297317e-07 1.2264324e-07 0.009155762 0.102339186 0.00036782978 0.80008876 0.23921393 7.2589046e-08 0.003848048 0.00026295282 0.00021577987 0.9609578 0.5611451 0.15301739 1.5935301e-19 0.19434743 0.04860825 0.11769403 0.00018051224 0.000701172 1.7514352e-05 0.022493102 0.56890917 0.0070532477 0.00075604446 0.06666692 0.8973489 0.0011203923 0.03323821 0.0040046084 6.5698776e-05 0.03971791 0.00049678126 0.021208247 3.7569047e-05 0.036855645 6.935733e-05 0.00029353562 0.3720562 0.00217546 0.0032994603 3.7604248e-05 0.021537222 0.0020192608 0.121044494 0.00032995734 4.5106673e-05 0.006806221 0.005825168 0.0003740554 5.3004955e-05 0.0006132812 3.5917965e-05 0.00010095736 0.00039332014 0.0011956339 0.0008422197 0.00087673427 9.049815e-06 0.0016751064 5.1303878e-06 4.37532e-06 6.31653e-06 0.00067642634 0.00085380656 0.00021325397 0.00018914581 8.458817e-05 0.000156538 0.00029314146 0.00036425862 0.00025833453 0.00012799588 8.291223e-05 0.0001756419 0.00067195937 0.00018121443 0.00010784607 0.0003766402 2.6548756e-05 0.00018297601 8.648177e-06 2.3107526e-05 1.7440323e-06 1.2950349e-05 6.5100744e-06
