6.0722006e-25 0.904599 0.6263441 0.66799116 0.9665815 0.69163686 0.08133942 0.7731656 0.5729253 0.6162947 0.3074193 0.8430104 0.18970318 0.7824714 0.44761673 0.5319099 0.9170937 0.07590065 0.7242246 0.92215496 0.49079612 0.9735875 0.5361061 0.7280979 0.5766375 0.38180992 0.972939 0.5044064 0.20014074 0.18206833 0.20740749 0.042695805 0.8733718 0.7182998 0.032243934 0.8444169 0.041216232 0.9370679 0.01047845 0.87724125 0.08837984 0.0389109 0.14198984 0.0114090415 0.73944324 0.8061206 0.10585653 0.0067076497 0.011471132 0.98588747 0.92277193 0.035013154 0.0014140506 0.0022857517 0.9094082 0.03377043 0.011037246 0.055409815 0.40544012 0.99931824 0.91403186 0.82060933 0.00017153456 0.0038006646 0.46644762 0.10804434 0.9685113 0.7192921 0.017508015 0.9977105 0.0012526342 0.008316506 0.89143467 0.47095105 0.0038502247 0.9594161 0.0025816334 7.758769e-05 3.1775928e-06 0.837846 0.08046186 0.00095537025 0.99719346 6.13225e-07 3.389872e-05 0.0006186824 0.99778074 0.9154557 5.539255e-07 0.99341637 6.338694e-06 1.7707174e-05 4.171262e-06 0.9997009 0.067187905 7.1384068e-09 0.049233176 1.0093246e-07 0.037963748 0.0019581884 0.76479906
0.904599 5.9943173e-18 0.97797287 0.828546 0.95616204 0.26597401 0.41390106 0.069951884 0.04713556 0.43045613 0.40084028 0.060305122 0.39063314 0.014407025 0.085379764 0.0056894603 0.1275168 0.024646856 0.036728453 0.09897853 0.25245485 0.24490246 0.028107584 0.0040218662 0.012200095 0.0005141762 0.06452086 0.008008931 0.00888837 0.0026613248 0.014349537 0.010313106 1.509306e-05 0.000188044 0.0005776921 0.0057304017 0.0299788 0.0017850249 0.0077186287 7.822904e-05 0.00037192187 0.04033529 0.00032888478 0.04712381 0.00064946123 0.0022693377 2.0809643e-05 0.0041909306 0.0034353386 0.008272446 0.00019094735 0.00048093812 0.001958407 0.003706426 0.0039436226 9.3939314e-05 0.000100699945 3.3948006e-06 7.2837065e-05 0.07974866 0.00044849038 8.386838e-05 7.9425045e-05 7.961065e-06 6.965435e-07 3.3763645e-06 0.0017854447 0.00010522933 6.9828247e-06 0.002027048 0.00048511042 2.17684e-05 0.06292906 6.0005397e-07 2.3889655e-05 0.030949002 1.6328006e-05 2.181724e-05 3.9714403e-05 9.77952e-06 1.2839015e-06 6.776298e-06 0.019230047 4.126198e-06 1.7351227e-05 8.5834733e-07 0.03910308 0.00012856293 6.8737995e-06 0.025019884 4.459142e-07 2.9198911e-06 6.9271036e-06 0.0009147206 9.979882e-06 1.639443e-05 3.6918787e-05 7.584735e-07 5.524765e-06 1.3877294e-06 2.5192036e-05
0.6263441 0.97797287 3.606233e-18 0.9036311 0.73170453 0.32759494 0.42949322 0.08027844 0.062953286 0.2735174 0.53712976 0.067697555 0.4767247 0.012870399 0.095053434 0.013475817 0.1370311 0.036598243 0.045725908 0.05925753 0.3068742 0.07376386 0.03719714 0.0032692144 0.018194705 0.0011138477 0.03025507 0.0099626845 0.0149827 0.003478672 0.015129364 0.017748106 1.9435232e-05 0.00034976198 0.001809882 0.005998014 0.05037035 0.0021710508 0.0125352945 0.00011201016 0.0013057914 0.05371982 0.000351451 0.063521266 0.00087885 0.0027523127 4.650795e-05 0.009537312 0.0043904907 0.002864097 0.00040761064 0.0011506608 0.0032795772 0.005918044 0.0024813989 0.0002679471 5.6550558e-05 1.0504167e-05 8.019393e-05 0.042426456 0.0005763005 0.00019516093 0.00010320473 3.0529e-05 1.9788408e-06 1.7158976e-05 0.0017258622 0.00018016726 1.677094e-05 0.0014875312 0.00043507438 1.148994e-05 0.020960223 7.166961e-07 2.1459095e-05 0.010242636 2.1140975e-05 3.8041417e-05 0.00012030914 1.4994628e-05 1.2721024e-06 1.159388e-05 0.0074653863 1.7703662e-05 1.764985e-05 8.858308e-07 0.010191417 9.822708e-05 5.552591e-06 0.012282879 7.934979e-07 3.225854e-06 2.3765331e-05 0.00035287216 6.4700725e-06 2.3208611e-05 6.5067514e-05 1.1764564e-06 7.175213e-06 3.6458391e-06 0.00016475565
0.66799116 0.828546 0.9036311 3.7787376e-18 0.35095865 0.9371909 0.18509014 0.1913729 0.16095737 0.26738527 0.88665426 0.3129709 0.4972092 0.08686946 0.26693028 0.050523717 0.039908845 0.11017591 0.020017238 0.058328867 0.45209014 0.18834734 0.029051058 0.0006887777 0.013831119 0.0037577215 0.023517493 0.0012070362 0.0077342866 0.0005314265 0.057416923 0.016770612 0.00012652026 6.5290165e-05 0.00023915061 0.0021639937 0.083952166 0.0060248906 0.020080574 0.0010137149 0.0043834224 0.12644874 5.0578165e-05 0.14203072 0.00010155781 0.0014245886 4.023287e-06 0.039151497 0.014237311 0.0024381604 0.0011721209 0.0047849854 0.009857548 0.022642747 0.0014743509 0.00094395265 2.0014975e-05 2.9639446e-06 2.2612145e-05 0.038374685 0.00024540865 0.00037382627 5.780627e-05 0.00013415952 3.1777577e-07 2.0433017e-06 0.0037460912 3.439756e-05 8.833358e-06 0.00550128 0.0017558764 0.00014988429 0.013800499 1.2894349e-05 1.735361e-05 0.011827072 3.476574e-05 8.591689e-05 0.00041453604 1.0633056e-05 7.101358e-06 1.1840547e-05 0.008979185 3.4980814e-05 3.350369e-05 7.4083e-07 0.01740827 3.7354544e-05 8.168664e-06 0.006751776 7.03522e-07 1.8971579e-06 5.7232657e-05 0.0012874892 1.136008e-06 3.9556322e-05 1.0006213e-05 2.3973014e-06 3.9961556e-06 1.5643321e-06 1.6693897e-05
0.9665815 0.95616204 0.73170453 0.35095865 7.821017e-18 0.10890032 0.61117035 0.12513332 0.09871611 0.18679595 0.090411656 0.014483033 0.14875662 0.0128393965 0.019645652 0.009865942 0.8584779 0.010201979 0.2451261 0.5352406 0.030190136 0.22013597 0.3768324 0.11498873 0.22499405 0.00095069583 0.31413203 0.23064546 0.0047671217 0.007881129 0.0051946347 0.0066838167 3.912364e-05 0.007823423 0.0018569449 0.111305565 0.0021440736 0.0034365952 0.0019468283 0.000445907 0.00056124205 0.0051748636 0.0040446194 0.009217458 0.026725879 0.04370732 0.00068066875 0.0008195335 0.00047897082 0.0884379 0.00021599358 0.0002244781 0.00015209877 0.0002496582 0.060546078 6.376726e-05 5.491747e-05 0.00014302702 0.0040878244 0.20282854 0.019862339 3.682332e-05 2.73809e-05 1.4589768e-05 6.7380046e-05 0.00020564428 0.0041165585 0.0071865334 0.00010061845 0.0021344807 0.0003793348 3.81475e-05 0.34418026 5.812226e-08 7.641052e-05 0.31419596 2.4216459e-05 2.1924395e-06 2.332566e-05 0.00024874345 4.8022152e-06 5.2299292e-06 0.09126634 6.8023724e-06 0.00036615957 5.4789325e-06 0.19988024 0.005124002 2.5357609e-05 0.20870513 3.4763202e-06 7.768924e-06 3.0161533e-05 0.0004918915 0.00044550866 4.970153e-06 0.00036825603 1.4125072e-06 5.7290945e-06 5.9453914e-06 0.0015645822
0.69163686 0.26597401 0.32759494 0.9371909 0.10890032 8.436458e-19 0.06798601 0.35412338 0.47592837 0.03756646 0.9453121 0.9439377 0.12601256 0.24181339 0.5694345 0.2902236 0.012223107 0.20030479 0.005204507 0.02679426 0.13816008 0.23307991 0.023921996 0.00015138896 0.0096373055 0.028147515 0.014919628 0.00031220642 0.0014642564 0.000101148944 0.07323383 0.007015586 0.0024837665 2.0745145e-05 2.139236e-05 0.0004646588 0.020636423 0.0384157 0.008318734 0.004983778 0.013979604 0.074768774 2.4719864e-05 0.056023408 1.3045461e-05 0.0005954738 1.4550188e-06 0.011879218 0.013743767 0.0011830005 0.004442573 0.0054991688 0.0022043344 0.005564678 0.0011862129 0.0033965982 1.9721806e-06 2.7510525e-06 1.2829976e-05 0.07409525 0.0001723372 0.001790234 6.6509324e-06 0.0005241021 3.743182e-07 1.2282286e-06 0.014023587 2.9939605e-05 5.7504317e-06 0.017420676 0.0014924664 0.00032927832 0.01716424 3.665703e-05 1.9287685e-05 0.014473194 7.796144e-05 6.420212e-06 0.00014244385 3.8796046e-05 3.276121e-05 1.0365389e-05 0.011815776 2.9516079e-05 0.00013268455 9.849489e-07 0.017692532 3.0947722e-05 2.1126643e-05 0.00511466 1.2057965e-06 1.0392226e-06 2.7965896e-05 0.0034098693 7.1442366e-07 3.85549e-05 2.7552642e-06 6.110833e-06 1.2841415e-06 6.5447824e-07 1.4455854e-05
0.08133942 0.41390106 0.42949322 0.18509014 0.61117035 0.06798601 4.0079165e-22 0.045178223 0.06838308 0.9868206 0.36805066 0.025479991 0.86866146 0.004880785 0.032451484 0.0195894 0.5390032 0.05151722 0.39797258 0.06877013 0.24028622 0.011711974 0.07367902 0.04735275 0.08328374 0.0019103296 0.03310482 0.086757556 0.036054432 0.016966812 0.008881986 0.04901589 9.299616e-05 0.0057850224 0.010435667 0.04213716 0.053776626 0.0018563863 0.020607192 0.00024269555 0.0020590273 0.022322336 0.003292262 0.061665174 0.017558973 0.018382564 0.00095938344 0.017159754 0.0012685723 0.008153593 0.00048578932 0.0002696068 0.0051159067 0.0014277856 0.011627671 0.00016197348 0.0014140821 0.00049835094 0.0035153583 0.02093971 0.008522653 0.00018655359 0.0007216483 2.0843505e-05 7.5480784e-05 0.00030884528 0.0012267543 0.00479574 0.00070670305 0.0015508262 3.73125e-05 2.6002592e-06 0.0153558 1.4905815e-07 0.00017116034 0.023718115 0.00010611961 0.000103478524 0.00031611894 0.0006173154 1.6048594e-05 1.9249774e-05 0.006396076 2.7125467e-05 4.0333753e-06 1.6777882e-05 0.009850119 0.0017230277 3.969465e-06 0.02469314 9.788767e-06 2.2233611e-05 3.350572e-06 0.00015215376 0.00033593707 4.9663577e-06 0.00020556485 6.9694556e-07 2.8641734e-05 1.347103e-06 0.0039052258
0.7731656 0.069951884 0.08027844 0.1913729 0.12513332 0.35412338 0.045178223 1.963856e-18 0.96245885 0.024072612 0.10862915 0.3875532 0.055188023 0.95845455 0.13305499 0.45747066 0.037181653 0.04334113 0.013168083 0.025217356 0.035044964 0.9381752 0.0130763715 0.0018274358 0.0026261262 0.04674408 0.011364448 0.0031714533 0.0016395939 0.00079742004 0.050255604 0.0017636114 0.022321275 5.5632798e-05 0.00042478478 0.0008001456 0.0051958533 0.13913605 0.0011190504 0.024688266 0.013731686 0.013547241 0.00019746406 0.0065802406 0.0001248025 0.0002540586 3.8191512e-05 0.0009242271 0.0029473365 0.0015937833 0.02148955 0.0049366043 1.8528717e-05 0.00023592077 0.00094831525 0.0045939432 2.6212956e-06 3.375487e-05 5.609234e-05 0.39438424 0.00015220267 0.0070321383 3.7808077e-06 0.00024387601 2.4596204e-06 6.1719197e-06 0.010903505 3.8928658e-05 2.2987431e-05 0.027094372 0.00041709084 0.0007619513 0.091718934 0.0004988331 3.7257573e-06 0.02572992 1.7639031e-05 5.8925934e-07 2.523342e-05 6.2616446e-06 9.850833e-05 3.872572e-06 0.06818976 6.011012e-06 8.408638e-05 1.9787558e-06 0.040754013 5.363206e-05 3.3452845e-06 0.01838543 9.585351e-07 1.8414504e-06 6.9084795e-06 0.017030748 6.695235e-07 2.6927944e-06 1.4837003e-05 6.251731e-07 5.0523922e-05 6.265363e-07 2.1733198e-05
0.5729253 0.04713556 0.062953286 0.16095737 0.09871611 0.47592837 0.06838308 0.96245885 5.761736e-17 0.02364315 0.27184635 0.6490947 0.0989125 0.9531278 0.20827985 0.7628465 0.0073413663 0.087130174 0.006670367 0.010347813 0.09347187 0.39738864 0.0060620066 0.0006899834 0.0017561704 0.11561621 0.005528534 0.0005146628 0.0021220918 0.0004904911 0.11814735 0.0037759205 0.04802165 0.00013904611 2.5118532e-05 0.00043009358 0.008915537 0.16279878 0.0020011629 0.038462542 0.03429787 0.038690176 0.00019459763 0.0148747545 0.000110751454 0.0002811569 3.0358458e-05 0.0018333419 0.019133154 0.00076016004 0.060443107 0.024939002 5.1062576e-05 0.0015707861 0.00072212337 0.029971147 6.4469255e-06 6.113057e-05 7.378066e-05 0.15387474 0.00019932051 0.011884821 4.478819e-05 0.0016887308 2.6686823e-05 3.2816337e-05 0.027007632 5.988546e-05 7.345123e-06 0.041469526 0.00195049 0.002092285 0.03185533 0.0012219966 5.437918e-06 0.011485164 1.1593251e-05 5.4548923e-06 0.00028536914 7.272528e-06 0.00011241242 1.3109584e-06 0.020261522 3.149984e-05 0.00041008825 5.7410784e-06 0.014068214 1.2511203e-05 4.540612e-05 0.004886488 1.9011215e-05 1.685671e-05 3.577009e-05 0.015717862 1.1949954e-06 3.0643638e-05 4.798175e-05 6.334298e-05 0.0002440261 5.2190776e-06 2.4322138e-05
0.6162947 0.43045613 0.2735174 0.26738527 0.18679595 0.03756646 0.9868206 0.024072612 0.02364315 7.494204e-22 0.119883575 0.0093521075 0.70118356 0.002710924 0.017599253 0.0034132448 0.30218056 0.019281233 0.5481794 0.30126044 0.55881083 0.017630707 0.049304325 0.12693812 0.057015065 8.923681e-05 0.08875851 0.07596044 0.294135 0.07315134 0.004572286 0.25900462 4.5235333e-06 0.029360194 0.03247393 0.06267183 0.31692052 0.00039997956 0.11120195 1.542838e-05 0.000116368996 0.025524493 0.011835049 0.1473783 0.04323466 0.034452364 0.0012684054 0.12923102 0.00034616148 0.011428599 4.5343935e-05 3.8603503e-05 0.023884743 0.006561767 0.010595164 9.135244e-06 0.0153761925 0.00032640382 0.0025465293 0.016504453 0.014360852 1.5180033e-05 0.005654072 1.558709e-06 9.49106e-05 0.00023462098 0.00017801186 0.0043670996 0.00036261854 0.00020287352 0.000102736805 2.1985376e-07 0.016514491 3.0008334e-08 6.781473e-05 0.038372226 0.00014949458 0.00025332146 0.0005133851 0.0016432137 1.9344761e-06 1.5952233e-05 0.0064816433 2.8394516e-05 2.7310004e-06 2.0228574e-05 0.020384055 0.005079288 1.2111383e-06 0.00942914 2.230243e-06 1.48201325e-05 3.0494404e-05 0.00011530285 0.00021919653 3.2539865e-06 0.0004928788 1.9759148e-07 3.0565185e-05 9.3199615e-06 0.0072923503
0.3074193 0.40084028 0.53712976 0.88665426 0.090411656 0.9453121 0.36805066 0.10862915 0.27184635 0.119883575 6.905384e-21 0.49981087 0.9518137 0.06678158 0.61369324 0.11370378 0.042142406 0.6219739 0.019340314 0.027401978 0.67088205 0.028002763 0.022439538 0.0014336623 0.014138456 0.018256895 0.014727897 0.0017135005 0.008700272 0.0010537339 0.09560471 0.029436057 0.00093707355 0.00021025974 0.00013989619 0.0018216841 0.07894895 0.013493203 0.02014335 0.0026272407 0.016458502 0.36977178 7.275827e-05 0.40779477 0.00015745235 0.0025837517 5.317109e-06 0.13444439 0.02900541 0.0015160814 0.003468818 0.008400992 0.010226088 0.036791023 0.0028042868 0.0036140895 9.420932e-06 5.0712165e-06 1.3871413e-05 0.022858774 0.0004463897 0.0014711942 6.769158e-05 0.00084339717 8.2415806e-07 2.49602e-06 0.0050547523 8.132074e-05 6.2221898e-06 0.0074171014 0.0028237673 0.00026318364 0.008106028 7.186546e-06 1.4549558e-05 0.00712922 7.77911e-06 1.797167e-05 0.0013084472 0.00012631326 4.9382776e-05 1.1283963e-05 0.0050172023 5.2263167e-05 0.0002983766 1.9913884e-06 0.013120303 0.00013780521 8.91901e-05 0.0048383363 3.9288398e-06 3.2119449e-06 0.00018893633 0.0010839002 2.130523e-06 6.7958725e-05 2.7275232e-06 1.76375e-05 2.485804e-07 3.1955545e-07 3.0090683e-05
0.8430104 0.060305122 0.067697555 0.3129709 0.014483033 0.9439377 0.025479991 0.3875532 0.6490947 0.0093521075 0.49981087 6.68077e-18 0.057683803 0.52487886 0.96573675 0.85281605 0.00043280903 0.4099513 0.0005117602 0.0035781194 0.102892235 0.28836945 0.0025879552 2.1002237e-05 0.0014246205 0.22092122 0.0020522354 1.4125968e-05 0.00018974944 1.5395604e-05 0.39219323 0.001342454 0.056285873 7.2633925e-06 1.0915363e-06 5.7554553e-05 0.012680086 0.1454012 0.0021858949 0.056909513 0.08513239 0.1360609 1.614115e-05 0.061213918 9.683627e-07 6.923482e-05 4.5086892e-07 0.009301644 0.047047634 0.00010562718 0.051870123 0.037275087 0.00081266125 0.011223245 0.00020541847 0.034619458 2.9575265e-06 3.4854063e-06 7.775973e-06 0.08109565 1.2974862e-05 0.007132318 2.4334888e-06 0.004539478 4.413976e-07 8.330145e-07 0.029208997 1.1899104e-05 2.4202109e-06 0.03971555 0.0043288497 0.0032730375 0.011875474 0.00048198705 1.4408274e-05 0.009012276 0.000102168844 7.581875e-06 0.00039266504 2.0475982e-05 0.0002029546 2.0533964e-05 0.0094971405 2.6599948e-05 0.00066067255 3.362674e-05 0.026851092 1.7327853e-06 0.00014328805 0.0010010017 7.4030345e-06 1.0129544e-05 0.00016866367 0.009947912 2.0004478e-07 4.9466347e-05 1.316992e-06 0.000113621616 2.600817e-06 1.9962868e-06 2.1097258e-06
0.18970318 0.39063314 0.4767247 0.4972092 0.14875662 0.12601256 0.86866146 0.055188023 0.0989125 0.70118356 0.9518137 0.057683803 8.84999e-22 0.013517772 0.07807549 0.04491196 0.16987844 0.09619967 0.16188732 0.050590478 0.9218657 0.012412888 0.037459414 0.014722364 0.033585254 0.0036988638 0.018046733 0.022792114 0.052712366 0.0040755155 0.024630412 0.086550854 0.00030220975 0.0015365405 0.0028580574 0.010910204 0.22116837 0.004635881 0.05624603 0.0004915267 0.0047809123 0.1294367 0.00079143327 0.3739815 0.003989198 0.010085541 0.00010301279 0.18288347 0.0050771064 0.0035192983 0.0017221611 0.0012170752 0.02420239 0.020704988 0.005985603 0.00047300276 0.0005716559 0.00010876284 0.00051305006 0.01727681 0.0035773723 0.000838021 0.0016420875 0.00012442126 1.2445835e-05 3.5712383e-05 0.00152046 0.000821016 7.338454e-05 0.00346048 0.0009567105 4.1765303e-05 0.009154453 1.1269976e-06 4.000257e-05 0.011637704 4.9141585e-05 0.00023266998 0.0016587793 0.0004747927 2.9673143e-05 1.5842725e-05 0.0047006435 9.196331e-05 3.719951e-05 7.948002e-06 0.011587177 0.0009232255 7.140392e-06 0.010042327 1.3838632e-05 2.485778e-05 0.000103768856 0.00037196462 3.537332e-05 1.9817388e-05 6.299833e-05 1.8938931e-06 1.1424496e-06 4.587594e-07 0.0004231751
0.7824714 0.014407025 0.012870399 0.08686946 0.0128393965 0.24181339 0.004880785 0.95845455 0.9531278 0.002710924 0.06678158 0.52487886 0.013517772 5.2457768e-18 0.25488046 0.9550406 0.0003104825 0.07454226 0.00014051338 4.195441e-05 0.030723542 0.505133 0.00010443243 4.842733e-06 1.843713e-05 0.27284953 0.00026297488 2.9811433e-06 0.0001398579 5.927852e-06 0.2724408 0.00032711276 0.14313488 5.510103e-07 2.2341408e-06 3.0287479e-06 0.003648702 0.2598343 0.0006693665 0.15447265 0.11636149 0.048797052 1.5892836e-06 0.02305208 1.8708923e-07 3.3060712e-06 4.419565e-07 0.0018269471 0.048304755 7.004268e-06 0.11438855 0.06521299 4.4893262e-05 0.0034105037 7.964437e-06 0.07697111 1.000179e-06 7.638895e-07 1.4317862e-06 0.1515814 1.942933e-06 0.02267509 9.57489e-07 0.0029031856 3.6151352e-08 9.048459e-08 0.0339319 2.3946106e-07 4.7502544e-07 0.048384815 0.0045165378 0.008583253 0.013147246 0.0032202723 1.5488307e-07 0.0012792578 3.382325e-07 1.2628904e-06 3.6168701e-06 7.584985e-08 0.0005300882 2.2999248e-07 0.014888436 2.2542717e-06 0.00018772256 3.2356454e-08 0.012374959 1.7928913e-08 4.6607292e-06 0.0006093091 4.4326464e-07 9.1086196e-07 2.4320143e-05 0.035861537 1.09539995e-08 7.275309e-06 1.5182567e-07 6.907342e-07 5.9444307e-07 1.4683039e-07 6.935865e-09
0.44761673 0.085379764 0.095053434 0.26693028 0.019645652 0.5694345 0.032451484 0.13305499 0.20827985 0.017599253 0.61369324 0.96573675 0.07807549 0.25488046 3.881146e-19 0.24423549 0.002230207 0.9873716 0.0009207139 0.005595135 0.22025101 0.044150397 0.004693646 2.654739e-05 0.0020713445 0.11029149 0.0038351489 1.0647404e-05 0.0003313271 1.0307464e-05 0.33000812 0.0031074688 0.033697672 6.691287e-06 8.797284e-06 0.00014347318 0.012752211 0.044006955 0.0020591754 0.02040621 0.046762116 0.24235597 8.113618e-06 0.17710792 1.2044586e-06 0.00024070195 3.907438e-07 0.02269842 0.07350741 0.00015075188 0.01696864 0.03581252 0.00051923166 0.04432425 0.00034091636 0.0161725 2.0085522e-06 1.6545254e-06 1.3424839e-05 0.02988098 5.499556e-05 0.0050663464 4.6177606e-06 0.0042887935 2.1126863e-07 1.8713395e-06 0.014564977 2.1292342e-05 1.5057456e-06 0.014821739 0.006089443 0.005014361 0.009827117 0.00015179058 1.2831101e-05 0.0087201 4.2854037e-05 4.6159375e-06 0.0006674067 7.172089e-05 0.0002959612 1.1740181e-05 0.00516535 1.4213399e-05 0.0009239913 9.127563e-06 0.017804574 9.17329e-06 0.00022430262 0.002284005 4.0151417e-06 3.791116e-06 0.00024248664 0.006045654 5.113811e-07 5.5033914e-05 4.6745885e-07 5.4725908e-05 8.618358e-07 8.751202e-08 8.757699e-06
0.5319099 0.0056894603 0.013475817 0.050523717 0.009865942 0.2902236 0.0195894 0.45747066 0.7628465 0.0034132448 0.11370378 0.85281605 0.04491196 0.9550406 0.24423549 9.357064e-19 0.00014248176 0.14358379 0.00018996616 0.00014156899 0.03230593 0.19562958 0.00044385326 6.525029e-06 8.1585e-05 0.7929126 0.00012214466 2.8959159e-05 5.1677936e-05 1.1973677e-05 0.47887865 0.00016113165 0.2556606 1.3522205e-06 3.338345e-07 7.888031e-06 0.0012119956 0.63058436 7.559771e-05 0.25632623 0.27751505 0.15751626 6.8515537e-06 0.04169517 6.730898e-06 1.2853379e-05 1.3276696e-06 0.001856419 0.081142746 6.0469824e-06 0.2998458 0.10492401 1.0655197e-05 0.0037993614 1.8826822e-05 0.16567829 4.18434e-07 2.2190304e-06 1.3876712e-06 0.29300728 6.389701e-06 0.07772231 8.0938514e-07 0.019519696 3.2218156e-07 2.0125259e-07 0.1384171 9.399067e-07 3.5338755e-07 0.10396034 0.00430149 0.0065583256 0.014291489 0.0174453 4.1180812e-07 0.0018951262 2.6483426e-06 2.0315076e-06 6.484085e-05 2.6806467e-06 0.00085906405 7.847479e-07 0.009747751 1.426507e-05 0.00045347054 5.4463754e-07 0.0045375777 9.703729e-08 3.891971e-05 0.00034837562 1.2749091e-06 1.5043333e-06 1.33001595e-05 0.031637218 2.5407664e-07 1.6695776e-05 5.397878e-07 4.718271e-05 1.995178e-05 3.936132e-07 1.6381636e-06
0.9170937 0.1275168 0.1370311 0.039908845 0.8584779 0.012223107 0.5390032 0.037181653 0.0073413663 0.30218056 0.042142406 0.00043280903 0.16987844 0.0003104825 0.002230207 0.00014248176 1.3388357e-17 0.0034135217 0.7818697 0.5147025 0.04049275 0.08771314 0.47803578 0.63435745 0.7963928 6.8285535e-06 0.2552343 0.89064485 0.034819994 0.038383365 8.90081e-05 0.036109626 1.8462633e-06 0.23928641 0.016066842 0.84256405 0.0025238823 0.00037421414 0.0052031972 3.0449972e-05 3.0915304e-05 0.0029333832 0.0502824 0.0066990936 0.5542027 0.4753339 0.011022583 0.0025611853 5.4190823e-05 0.10281918 1.0019114e-05 5.444285e-06 0.00037948455 0.00016283215 0.26322094 4.336634e-05 0.0005192121 0.0077418955 0.10322642 0.11969538 0.19059132 5.2411683e-06 0.00012689776 4.8948855e-06 0.0017428328 0.005239405 0.001554013 0.058742482 0.0014265504 0.002799425 0.00013975018 2.7227568e-06 0.08693908 4.8267562e-08 0.00033314104 0.3007559 0.000768836 1.3544321e-05 4.9480597e-05 0.0015437925 8.066524e-06 4.0953662e-05 0.03501623 6.145235e-05 9.728623e-05 0.0002171734 0.11950914 0.015846685 3.906902e-05 0.35681432 1.2622624e-05 2.9445087e-05 0.000113860355 6.0073676e-06 0.0015232153 1.5180599e-05 0.0002962837 4.3843312e-07 4.9822756e-05 6.950847e-06 0.0037131584
0.07590065 0.024646856 0.036598243 0.11017591 0.010201979 0.20030479 0.05151722 0.04334113 0.087130174 0.019281233 0.6219739 0.4099513 0.09619967 0.07454226 0.9873716 0.14358379 0.0034135217 1.7732743e-20 0.0016277842 0.0010128312 0.36176226 0.0053326944 0.0033103197 3.588794e-05 0.0015402962 0.08222113 0.0015937918 3.166039e-05 0.00039843895 3.5390425e-05 0.8987829 0.0049434258 0.020679902 2.1207452e-05 5.7420034e-06 0.00013410093 0.015232153 0.017672211 0.0024295724 0.0047696345 0.13996758 0.81929606 1.25258875e-05 0.44665712 3.9971087e-06 0.00023221267 1.0966187e-06 0.10298768 0.2593011 0.0001194468 0.0064555584 0.158169 0.00038754666 0.1583597 0.00023732528 0.035775974 9.979481e-08 1.5657725e-06 1.1174316e-05 0.016858295 2.6047452e-05 0.0030268482 1.044407e-06 0.008273183 1.7596329e-06 2.351362e-06 0.0030759764 1.2640706e-05 4.0494876e-07 0.0031733336 0.017550746 0.010007145 0.0017790843 7.8893296e-05 2.231875e-06 0.0011489261 3.9343367e-06 9.365495e-07 0.0010673493 0.00020233347 0.00024697656 3.628295e-06 0.0010636958 3.3660428e-05 0.0031348604 4.1185805e-07 0.002799074 1.2712559e-06 0.0009656414 0.0008437869 1.5900054e-06 1.2042209e-06 0.00047881212 0.001173851 9.3445027e-07 0.000302841 4.5023302e-07 5.1734445e-05 5.2528253e-07 2.1482139e-08 6.926258e-06
0.7242246 0.036728453 0.045725908 0.020017238 0.2451261 0.005204507 0.39797258 0.013168083 0.006670367 0.5481794 0.019340314 0.0005117602 0.16188732 0.00014051338 0.0009207139 0.00018996616 0.7818697 0.0016277842 3.740574e-18 0.018130736 0.19827244 0.009671585 0.019437209 0.9407904 0.06905562 1.3152255e-05 0.015458699 0.45248207 0.72663116 0.8820036 3.425731e-05 0.37508997 5.401717e-06 0.63486415 0.6428206 0.11923148 0.14636867 0.00013408904 0.1413469 4.147658e-05 7.839809e-06 0.0008969598 0.35440588 0.01596243 0.2458683 0.037126876 0.21345979 0.03115157 3.214324e-05 0.0024642823 3.9114646e-05 2.100393e-06 0.038993493 0.0002842498 0.017778743 5.9250855e-05 0.10172396 0.02678348 0.028657159 0.008464858 0.01260365 2.33833e-05 0.010672328 1.2248785e-06 0.0030262636 0.010022603 0.00012690478 0.018989924 0.01385773 0.000325931 4.7041853e-05 3.819943e-06 0.0038557327 6.2311597e-07 0.0026261688 0.019032443 0.0027562133 0.0015110279 0.00047665034 0.0040557203 7.7922605e-06 0.00079029024 0.005163267 0.00022240792 1.0471381e-05 0.0050322013 0.01825894 0.0031612543 1.32826535e-05 0.039563496 0.00021446789 0.00071262324 0.00020053658 2.3059933e-05 0.00082029076 5.0446022e-05 0.0012917484 6.627604e-07 4.1965613e-05 0.00012892205 0.0015424256
0.92215496 0.09897853 0.05925753 0.058328867 0.5352406 0.02679426 0.06877013 0.025217356 0.010347813 0.30126044 0.027401978 0.0035781194 0.050590478 4.195441e-05 0.005595135 0.00014156899 0.5147025 0.0010128312 0.018130736 1.994595e-15 0.029525654 0.15153794 0.94018865 0.008477489 0.8364493 1.551554e-05 0.96547806 0.037181143 0.0046694125 0.0021706605 0.00056676444 0.0024920339 3.446576e-07 0.006402313 0.00065898546 0.25198984 0.0020487576 0.0008468706 0.0007609974 1.593347e-05 2.685507e-05 0.00140447 0.00097610854 0.0018623907 0.043417174 0.21844369 0.000284252 9.705909e-05 0.00013527159 0.38668257 1.21748835e-05 2.9799254e-05 2.9233785e-05 0.00022472184 0.20181765 1.3375194e-05 0.00066982245 0.00038899004 0.0070061223 0.23094466 0.06615103 1.0967154e-05 4.684898e-05 8.276801e-06 0.00033722763 0.00044267875 0.006187096 0.014502743 0.00011002884 0.007351231 0.00021837902 4.701683e-05 0.24617885 1.2616461e-07 3.2036314e-05 0.2212442 0.00025423992 8.9704445e-06 1.2374479e-05 0.00085180457 1.3903032e-06 1.9937153e-05 0.06436142 2.247271e-05 0.00014648416 1.9502537e-05 0.19897537 0.004684072 9.147623e-06 0.13331044 4.9345044e-06 1.448522e-05 5.499677e-05 0.00072516815 6.489734e-05 1.1514686e-05 2.354765e-05 1.8937331e-07 1.3757862e-05 1.6793041e-05 7.509157e-05
0.49079612 0.25245485 0.3068742 0.45209014 0.030190136 0.13816008 0.24028622 0.035044964 0.09347187 0.55881083 0.67088205 0.102892235 0.9218657 0.030723542 0.22025101 0.03230593 0.04049275 0.36176226 0.19827244 0.029525654 8.59282e-18 0.011026094 0.0054240827 0.019911109 0.011959116 0.008255029 0.008482604 0.018464541 0.20477271 0.006467093 0.13696833 0.37278393 0.0008187804 0.008725158 0.0039582346 0.014508899 0.9128286 0.0029351842 0.3696997 0.0030272768 0.016695086 0.41421238 0.002935547 0.8475846 0.007266366 0.004191946 0.00031550878 0.83159876 0.026112704 0.00026526375 0.0010755222 0.0030960094 0.279531 0.2589709 0.0017015131 0.0020336448 0.0025298116 6.381173e-05 0.0004178365 0.0066344906 0.0015932347 0.000468638 0.0075479387 2.1673402e-05 3.0536863e-05 6.2715386e-05 0.0022206353 0.00076252344 4.0273502e-05 0.003028712 0.020559119 9.965687e-05 0.0056674816 4.061758e-06 7.902244e-05 0.0067732553 0.00025997334 0.020247674 0.033471793 0.0020850694 3.759815e-05 5.5062053e-05 0.0063289274 0.0027052138 0.0017636536 0.00014447083 0.041662335 0.0008599534 0.002052914 0.0015566146 1.02171125e-05 7.694323e-05 0.010909001 0.0014176057 6.151521e-05 0.00013010058 0.000261131 7.668241e-06 0.00010458004 8.601231e-05 0.0022628068
0.9735875 0.24490246 0.07376386 0.18834734 0.22013597 0.23307991 0.011711974 0.9381752 0.39738864 0.017630707 0.028002763 0.28836945 0.012412888 0.505133 0.044150397 0.19562958 0.08771314 0.0053326944 0.009671585 0.15153794 0.011026094 1.0931973e-09 0.067505 0.013600154 0.011909856 0.0340375 0.12649003 0.011560726 0.0026316969 0.004372957 0.012515076 0.0061615994 0.0109610865 0.004285905 0.0009937828 0.0146760885 0.0037266714 0.08199698 0.0037392953 0.01642782 0.0033247168 0.008500992 0.0018366609 0.003023569 0.010591315 0.0058543785 0.0010439181 0.0008173141 0.0012016913 0.023103852 0.008066774 0.0023416309 0.00017975656 0.00040166068 0.007895212 0.0028225798 0.00027029574 0.0010672618 0.0028849586 0.96373814 0.0054854713 0.007994855 4.5239023e-05 0.00010687411 0.0005150726 0.00057923014 0.00689816 0.0021048868 0.0005248116 0.014797834 0.00021078052 0.0005080281 0.19156665 0.0015124545 0.0003925604 0.010271168 0.0007873894 3.3823802e-05 3.5295947e-05 0.0006261159 0.0005123658 0.00032275895 0.19542646 5.5559093e-07 0.0001025471 7.955863e-05 0.049516935 0.0012568391 3.094309e-05 0.0074304687 3.7519632e-05 3.8925646e-05 0.000103482664 0.03107275 0.00033542552 5.0631465e-06 0.00041637113 3.1126428e-06 0.00039149058 0.00048508123 0.0047130324
0.5361061 0.028107584 0.03719714 0.029051058 0.3768324 0.023921996 0.07367902 0.0130763715 0.0060620066 0.049304325 0.022439538 0.0025879552 0.037459414 0.00010443243 0.004693646 0.00044385326 0.47803578 0.0033103197 0.019437209 0.94018865 0.0054240827 0.067505 1.8430713e-18 0.01901325 0.8299205 1.4973922e-05 0.9507079 0.13345061 0.002755974 0.00088951713 0.0014083455 0.0019699892 1.6441486e-06 0.0059734024 0.0006313781 0.22068247 0.0005684495 0.0007794304 0.00059777306 4.369399e-06 0.00018037648 0.005486426 0.0019565674 0.0028470561 0.04606698 0.19152585 0.0005416573 0.00013735176 0.00016618756 0.43154177 1.48114705e-05 9.752692e-05 4.1002902e-05 0.00016580887 0.23661986 0.00018776051 2.4502919e-05 0.0005507503 0.009013661 0.109788604 0.040560387 5.938954e-06 1.6506916e-05 9.000866e-06 0.00039682962 0.0012664067 0.0018573994 0.01188685 9.509054e-05 0.0031410523 0.00044182548 1.49505895e-05 0.23737282 5.5623874e-09 4.651926e-05 0.23829189 0.00019752338 1.0321334e-05 8.310063e-05 0.00021312853 1.3686364e-06 3.3810302e-06 0.057975147 1.6029353e-05 4.7820722e-05 1.954667e-05 0.107609876 0.0029687255 5.162316e-05 0.18548825 8.271948e-06 2.7414699e-06 2.6645854e-05 6.6452674e-05 0.00021416295 5.779097e-06 3.370527e-05 1.4075385e-06 2.359509e-06 8.8870263e-07 0.00073245785
0.7280979 0.0040218662 0.0032692144 0.0006887777 0.11498873 0.00015138896 0.04735275 0.0018274358 0.0006899834 0.12693812 0.0014336623 2.1002237e-05 0.014722364 4.842733e-06 2.654739e-05 6.525029e-06 0.63435745 3.588794e-05 0.9407904 0.008477489 0.019911109 0.013600154 0.01901325 1.0379034e-19 0.045332007 4.956854e-07 0.009538791 0.7129632 0.12998265 0.46987432 4.826517e-06 0.051055398 6.7245004e-08 0.9402085 0.43743473 0.11741229 0.009472582 2.6399091e-05 0.020726468 3.8370794e-07 7.9389457e-07 0.00021722062 0.47307232 0.002505474 0.36043742 0.031231333 0.25297904 0.0023675493 2.2024883e-06 0.0021067944 1.6224589e-06 4.3711847e-07 0.009722698 8.218216e-05 0.014966491 9.838876e-06 0.09500057 0.08379671 0.032958616 0.0049281796 0.017638268 1.839467e-06 0.00849929 4.457683e-07 0.028991235 0.017079592 1.5363337e-05 0.02535223 0.05666339 1.7197737e-05 1.3501943e-05 7.917593e-07 0.0071328105 4.325045e-07 0.0047708964 0.036504563 0.002992286 0.0005661642 2.3662365e-05 0.0051028505 2.0495254e-06 0.001385494 0.005910833 4.1398096e-05 1.2025935e-06 0.004714509 0.021014113 0.0093763145 2.5227198e-06 0.048310615 0.00013141618 0.000726313 1.7587263e-05 3.3826782e-06 0.0008581153 1.2146146e-05 0.00079625804 6.4615045e-07 0.00022141938 0.00020008744 0.0017705975
0.5766375 0.012200095 0.018194705 0.013831119 0.22499405 0.0096373055 0.08328374 0.0026261262 0.0017561704 0.057015065 0.014138456 0.0014246205 0.033585254 1.843713e-05 0.0020713445 8.1585e-05 0.7963928 0.0015402962 0.06905562 0.8364493 0.011959116 0.011909856 0.8299205 0.045332007 6.803836e-18 8.509414e-06 0.7658521 0.33980164 0.005371414 0.0054286467 0.0022544998 0.0026710886 1.4583529e-06 0.011132077 0.0029696315 0.64193916 0.0025923322 8.331505e-05 0.00061553856 2.530662e-06 0.00016347974 0.0142675815 0.004786204 0.007838224 0.10004697 0.5312768 0.0009782786 0.0004037478 0.000115195806 0.504555 6.6669295e-06 0.00015011146 8.927069e-05 0.0004236114 0.3927883 0.00026527082 6.5481596e-05 0.0011873407 0.02295247 0.01784636 0.085151084 1.982713e-06 8.8555964e-05 2.9020313e-05 0.0012796464 0.0021887172 0.00048473233 0.025207078 0.000258672 0.00093259505 0.0012596234 3.1092266e-05 0.05825417 1.01935935e-08 4.785129e-05 0.1115149 8.302237e-05 3.127349e-05 0.00032899113 0.00025381765 1.6401505e-06 1.2656134e-05 0.014850771 3.4715642e-05 6.643266e-05 0.00020984348 0.05080337 0.002140881 3.1207586e-05 0.13266593 5.6944e-05 3.318316e-05 0.000156757 7.1283557e-06 0.00042887958 1.4430261e-05 0.00014472166 5.139869e-06 2.5921145e-05 8.0195805e-06 0.00095315883
0.38180992 0.0005141762 0.0011138477 0.0037577215 0.00095069583 0.028147515 0.0019103296 0.04674408 0.11561621 8.923681e-05 0.018256895 0.22092122 0.0036988638 0.27284953 0.11029149 0.7929126 6.8285535e-06 0.08222113 1.3152255e-05 1.551554e-05 0.008255029 0.0340375 1.4973922e-05 4.956854e-07 8.509414e-06 1.3277678e-18 5.4697757e-06 1.8433094e-06 6.5364793e-07 1.9451206e-06 0.43430966 6.624251e-06 0.9729993 1.7137683e-07 1.0211618e-07 1.7138983e-06 8.220536e-05 0.2952671 7.239624e-06 0.47160926 0.850887 0.108966 7.058984e-07 0.024607327 7.946391e-07 2.0605848e-06 2.611052e-07 0.0016343648 0.11975291 8.256606e-07 0.52986264 0.2887242 2.8968316e-06 0.014014645 2.2517793e-06 0.58327866 1.6272804e-07 8.8253415e-08 2.5887596e-07 0.037059452 1.0608702e-06 0.1449488 8.265974e-07 0.16599788 2.8276222e-08 3.3328842e-08 0.05942303 1.6216042e-07 1.1807742e-07 0.046474434 0.0077464483 0.07247206 0.0018993574 0.041477725 1.9492977e-07 0.0005102161 7.233167e-07 1.8384657e-06 1.9107258e-05 1.9374643e-07 0.015113826 3.6573954e-07 0.003276921 1.5185659e-06 0.0011884395 9.797616e-07 0.001846281 2.7228163e-08 9.6441734e-05 1.1604223e-05 8.5899353e-07 2.3422617e-06 6.8795016e-05 0.022384223 2.2260778e-08 5.067583e-05 3.1734437e-08 0.00035397056 1.5860963e-06 1.2897817e-07 2.8015623e-09
0.972939 0.06452086 0.03025507 0.023517493 0.31413203 0.014919628 0.03310482 0.011364448 0.005528534 0.08875851 0.014727897 0.0020522354 0.018046733 0.00026297488 0.0038351489 0.00012214466 0.2552343 0.0015937918 0.015458699 0.96547806 0.008482604 0.12649003 0.9507079 0.009538791 0.7658521 5.4697757e-06 9.810175e-16 0.041044146 0.0026210546 0.002861626 0.00033672262 0.0011022708 1.5183602e-06 0.005934496 0.0009955117 0.27540255 0.0007400335 0.0005748059 0.0005150161 3.0141235e-05 1.2952659e-05 0.00075999653 0.0010552896 0.0011992282 0.033054058 0.124600545 0.0009044362 0.00039826345 4.9830982e-05 0.78531814 2.3504053e-05 3.6430345e-06 7.416981e-05 5.2410167e-05 0.2196483 6.5618597e-06 0.0004088699 0.00023952653 0.0050879223 0.24840975 0.027890353 1.6725404e-05 0.00018820727 2.486673e-06 0.00076281396 0.0011942567 0.0015585286 0.011562191 0.00048063227 0.0016071001 9.883438e-05 5.0594635e-06 0.25955236 2.1546349e-07 0.00018413276 0.19365329 0.0002365561 1.3033871e-05 3.7553174e-05 0.0013147547 1.1632482e-06 0.00029252344 0.10307901 1.3947515e-05 6.2410916e-05 4.9623453e-05 0.25892654 0.0029759267 1.0881517e-05 0.16189362 6.9338976e-06 2.1129143e-05 3.804e-05 0.00022778708 0.00021189447 1.0832635e-05 0.00015654694 1.9890186e-07 8.122536e-06 4.3099917e-05 0.00019343471
0.5044064 0.008008931 0.0099626845 0.0012070362 0.23064546 0.00031220642 0.086757556 0.0031714533 0.0005146628 0.07596044 0.0017135005 1.4125968e-05 0.022792114 2.9811433e-06 1.0647404e-05 2.8959159e-05 0.89064485 3.166039e-05 0.45248207 0.037181143 0.018464541 0.011560726 0.13345061 0.7129632 0.33980164 1.8433094e-06 0.041044146 5.8044835e-19 0.061798178 0.07449832 3.9361807e-05 0.04339756 2.799274e-07 0.44608617 0.08625223 0.4123958 0.0028414654 0.0001510479 0.009962243 8.703988e-07 1.5935157e-05 0.00026207257 0.24825646 0.0012121008 0.9778752 0.24748944 0.050415177 0.001382914 5.53565e-06 0.025814654 1.8322695e-06 2.7279368e-06 0.00063282665 2.9534862e-05 0.093880735 5.722619e-06 0.005840967 0.07849148 0.35175937 0.017012317 0.13153721 2.7927238e-06 0.0003074268 3.162676e-06 0.015115548 0.09244793 0.00013108384 0.17175339 0.014501947 7.735356e-05 9.622349e-06 7.397364e-07 0.029421976 4.3381704e-08 0.0037948042 0.13707158 0.00555777 2.7701968e-05 0.00014238682 0.030831363 5.619683e-06 0.00046319191 0.009210379 5.1562987e-05 1.6227234e-06 0.00073166157 0.027507108 0.052372646 1.2535974e-05 0.12426208 3.3843287e-05 4.9659244e-05 6.0759063e-05 3.2025102e-07 0.011454444 6.9815005e-06 0.0012796848 7.1747434e-07 0.00023057307 3.277843e-05 0.046390247
0.20014074 0.00888837 0.0149827 0.0077342866 0.0047671217 0.0014642564 0.036054432 0.0016395939 0.0021220918 0.294135 0.008700272 0.00018974944 0.052712366 0.0001398579 0.0003313271 5.1677936e-05 0.034819994 0.00039843895 0.72663116 0.0046694125 0.20477271 0.0026316969 0.002755974 0.12998265 0.005371414 6.5364793e-07 0.0026210546 0.061798178 1.00155505e-20 0.5185474 3.9696847e-06 0.97439593 3.1854344e-07 0.17644927 0.39334962 0.007015195 0.58086544 1.1454841e-05 0.7895032 4.390124e-06 1.17555295e-07 9.320001e-05 0.12184753 0.009251959 0.042956647 0.0023645326 0.09968255 0.040521424 1.0336962e-06 4.706263e-05 6.924151e-06 1.1026092e-07 0.49859783 7.678361e-06 0.00022129588 9.92142e-07 0.5580985 0.016285893 0.0049127154 0.00069152925 0.0007380125 4.8853228e-05 0.35312942 7.174322e-08 0.0025625546 0.0020994567 2.6396749e-05 0.00070325064 0.011776442 6.976172e-05 1.5239527e-06 3.9870386e-08 0.0020037321 1.6952453e-07 0.0020942695 0.0011662854 0.0027673529 0.07880569 0.0002551598 0.0016917038 4.7785367e-08 0.00085748883 0.009426002 0.00021939917 1.00068895e-07 0.008642806 0.011994525 0.00056783913 6.2598595e-08 0.001098524 0.0023435957 0.008362765 1.8853763e-06 1.2100686e-05 0.0014433153 3.4930778e-07 0.0021509428 2.9932974e-09 0.0005579083 0.00079140987 0.0011781917
0.18206833 0.0026613248 0.003478672 0.0005314265 0.007881129 0.000101148944 0.016966812 0.00079742004 0.0004904911 0.07315134 0.0010537339 1.5395604e-05 0.0040755155 5.927852e-06 1.0307464e-05 1.1973677e-05 0.038383365 3.5390425e-05 0.8820036 0.0021706605 0.006467093 0.004372957 0.00088951713 0.46987432 0.0054286467 1.9451206e-06 0.002861626 0.07449832 0.5185474 3.0574949e-22 2.2171857e-06 0.13989659 2.5934176e-07 0.7265346 0.97323185 0.0043692426 0.002534702 2.6906418e-05 0.047886387 1.8093382e-06 3.262893e-06 2.2036598e-05 0.5526679 0.0005366634 0.07654661 0.002885501 0.46980324 0.005448423 4.005265e-07 0.00018517034 3.7264651e-06 1.2044879e-07 0.020528825 1.5882306e-06 0.00076596683 3.4106758e-06 0.5203483 0.17090353 0.01667029 0.0016588592 0.0015096135 4.235391e-06 0.036426596 8.9225404e-07 0.0132487 0.005407851 3.9265193e-05 0.0032530031 0.080776684 6.558378e-05 4.049262e-06 1.6981141e-07 0.001984242 9.315869e-07 0.0043048714 0.0021823735 0.007186725 0.0030117314 2.827699e-05 0.0064092493 2.727813e-07 0.0011944765 0.0032179654 5.740386e-05 7.408349e-07 0.025439715 0.008045888 0.002808644 2.091078e-07 0.003950724 0.00087060034 0.002241027 1.3939768e-06 6.768193e-06 0.00039477978 7.708571e-07 0.0003168261 3.6671362e-09 2.9962768e-05 0.00025531754 8.1762984e-05
0.20740749 0.014349537 0.015129364 0.057416923 0.0051946347 0.07323383 0.008881986 0.050255604 0.11814735 0.004572286 0.09560471 0.39219323 0.024630412 0.2724408 0.33000812 0.47887865 8.90081e-05 0.8987829 3.425731e-05 0.00056676444 0.13696833 0.012515076 0.0014083455 4.826517e-06 0.0022544998 0.43430966 0.00033672262 3.9361807e-05 3.9696847e-06 2.2171857e-06 1.4753552e-19 0.000114997245 0.28050402 2.3680257e-06 7.29254e-07 7.496027e-05 0.0016985793 0.022770504 0.00027460098 0.06928569 0.9119603 0.8958763 5.1534594e-06 0.44433492 1.8697172e-05 0.00022213998 1.1308897e-06 0.05416034 0.8201378 2.9528044e-05 0.06462494 0.79839766 5.5518947e-05 0.33376324 0.00019969816 0.14429371 8.7241415e-07 1.2071621e-06 6.030379e-06 0.004792779 6.682044e-05 0.01277364 1.4569795e-06 0.083575696 1.0073662e-06 3.764797e-06 0.0035363068 1.337629e-05 1.1385894e-06 0.0051970105 0.09555202 0.27310225 0.0024733068 0.00031630683 5.3732833e-06 0.004469595 5.518093e-06 2.8731286e-06 0.0003645163 8.906176e-05 0.0074121556 1.5424483e-05 0.0029852672 7.1638688e-06 0.009993245 9.1474175e-07 0.027614525 1.845765e-06 0.0012759832 0.0066070687 2.5070224e-06 2.3213647e-06 0.0013252888 0.0011706742 9.089655e-06 0.0003844624 1.8268494e-05 0.0005476055 1.342785e-05 1.5535238e-06 2.3259674e-06
