3.120038e-13 0.93089277 0.7241591 0.98358405 0.97425205 0.7411544 0.8664865 0.8662278 0.24615328 0.9672589 0.8058758 0.9025904 0.9470249 0.0088060275 0.76969075 0.033456247 0.9741431 0.9889899 0.4950348 0.8300449 0.8399136 0.96460605 0.9815675 0.39302617 0.96867174 0.93250585 0.98483175 0.93885964 0.948939 0.8875642 0.9972623 0.9748288 0.8199773 0.84002995 0.9487092 0.96186274 0.92422116 0.9442508 0.5339492 0.6566227 0.778435 0.7591261 0.9786588 0.89198387 0.5268862 0.762805 0.99183893 0.99416876 0.9060553 0.9852368 0.97346395 0.999251 0.96825135 0.98111844 0.9995447 0.9956077 0.99986184 0.9997692 0.99933636 0.9975417 0.91076136 0.7179198 0.9413372 0.8244962 0.8840839 0.84816396 0.9814555 0.8736258 0.9705236 0.8792797 0.8839983 0.953568 0.8628917 0.8165364 0.9891225 0.9093245 0.87134665 0.7347593 0.8216508 0.5994413 0.4650097 0.93523085 0.752586 0.9627366 0.8712629 0.9790991 0.8992827 0.9845741 0.00017529316 0.3150683 0.0038933037 0.8973127 0.00022147704 0.9996753 0.67599386 0.47113955 0.6743135 0.9376572 0.6001768 0.15663457 0.315881
0.93089277 5.6819847e-08 0.992887 0.976562 0.96734196 0.72555083 0.7400581 0.5341367 0.25115916 0.12522604 0.30131456 0.36915177 0.713017 0.14671864 0.0020581146 0.00029040372 0.46744746 0.006035947 0.00016077448 0.11879086 0.08569844 0.00017617067 0.09295831 1.4624527e-05 0.01773485 2.370112e-05 0.0006839552 0.107380785 0.113339014 7.2491064e-05 0.019085579 0.006616792 0.0037399621 0.026459048 0.01562731 0.0027760586 0.00057144824 1.0475706e-05 2.5630934e-05 2.846053e-05 0.00024374746 0.0001704503 0.0029721546 0.00041172633 4.9836537e-05 1.9492284e-06 0.017718222 0.61387134 7.381452e-05 0.00010816113 0.003377291 0.5097242 0.00015499753 0.016792187 0.16640548 0.0005506316 0.028145574 0.017483624 9.1999544e-05 5.646118e-06 4.536368e-06 1.8531775e-05 5.4916e-07 1.8757025e-06 1.242508e-05 3.0783383e-07 5.7023197e-08 7.398605e-07 2.8377688e-06 4.121146e-07 4.5518647e-08 7.897925e-07 2.5931542e-06 3.7368743e-06 1.1223165e-07 5.0641603e-08 3.9334753e-07 2.3435912e-06 2.7628e-08 1.4517457e-07 0.00010184489 1.2511948e-06 6.1863043e-06 1.2898751e-07 1.1065658e-07 1.8744847e-08 7.1911904e-07 4.6552252e-08 1.5156258e-08 7.396623e-07 4.1943844e-07 1.0791833e-07 7.361447e-10 2.1801443e-06 9.723558e-07 2.1805633e-07 4.4762885e-08 2.4221062e-08 1.6516002e-07 2.0225531e-08 1.396483e-07
0.7241591 0.992887 5.4959627e-15 0.96740466 0.4677703 0.97368354 0.77752364 0.79767615 0.40762714 0.34444213 0.7631532 0.24184655 0.11957602 0.22908077 0.01147889 4.3809083e-05 0.21079588 0.00065938965 0.00041058587 0.00775864 0.015499281 0.0019241305 0.0056702117 1.8503044e-05 0.0016303936 7.644734e-05 0.0016540869 0.04074584 0.01971157 7.316804e-05 0.0025890118 0.0014462431 0.0007573943 0.0009693339 0.0011205563 0.0003967248 0.00033065066 2.1966944e-06 1.2899847e-05 4.895742e-07 5.668328e-05 5.482827e-06 0.0006706956 6.477442e-05 4.8454585e-06 6.6563445e-08 0.0063724043 0.14504905 5.0624412e-06 8.742106e-05 0.0016729607 0.12287787 8.350106e-06 0.0044538 0.04908173 8.542895e-05 0.008435058 0.0033154676 6.5572117e-06 1.6031765e-07 1.3378828e-07 5.47091e-07 3.482892e-09 5.477564e-08 8.794708e-08 8.799083e-09 6.993334e-08 4.712802e-09 4.0768192e-08 1.3367343e-08 1.9410262e-09 1.1792881e-08 1.6001125e-07 1.0463829e-08 6.29308e-08 5.1083443e-10 2.0606425e-09 5.7248233e-08 6.016936e-12 1.2535499e-10 3.3372085e-05 9.027613e-09 1.8469978e-08 6.1493375e-09 1.4755604e-08 5.1323007e-10 6.39469e-09 7.73288e-10 1.2659143e-10 3.0006333e-08 1.6465911e-07 2.162519e-09 9.2908736e-11 2.1570413e-08 8.376964e-09 2.748172e-09 1.1391676e-09 1.2435653e-09 1.4499793e-08 2.7383965e-10 2.2937499e-09
0.98358405 0.976562 0.96740466 3.164985e-13 0.38117322 0.63197404 0.26412615 0.90738744 0.092669375 0.4164852 0.40392342 0.6012299 0.49792993 0.032924037 0.031724192 9.9480685e-06 0.723386 0.000980409 0.001980505 0.07687644 0.119775675 0.004701302 0.054937705 2.0756821e-05 0.009952381 0.00023713864 0.012191809 0.25691026 0.2960374 0.00020901042 0.017008683 0.006854672 0.018449558 0.026133016 0.016370768 0.009896691 0.0025532627 4.6855865e-05 3.0893905e-05 3.6257163e-05 0.0010937102 0.00044182697 0.012660784 0.00077211345 2.0275871e-05 1.7791207e-06 0.10239935 0.8514736 0.00022486826 0.0003413722 0.030465202 0.8254166 0.00012450744 0.057043713 0.47129545 0.0010404325 0.11581808 0.081522614 2.5081308e-05 5.938062e-07 2.211851e-06 1.2464952e-06 3.1741457e-08 4.3587292e-07 1.2300055e-06 1.0488096e-06 6.6261303e-09 3.3110503e-08 5.582652e-07 2.709471e-08 1.0017733e-08 6.3173005e-08 2.6935814e-07 7.1157933e-07 5.18799e-09 1.7491773e-10 6.7316996e-08 6.536071e-08 9.049025e-09 2.1302201e-08 0.0007982292 4.05782e-08 1.139115e-06 3.041137e-09 1.5377562e-08 2.1960127e-09 3.8529702e-08 2.2619864e-09 2.4384319e-08 7.7932405e-08 2.3374115e-07 4.127927e-09 5.522375e-09 4.301678e-06 2.885864e-07 1.5475183e-07 3.319568e-08 3.2035624e-10 5.9034604e-09 4.8332853e-09 1.9445475e-08
0.97425205 0.96734196 0.4677703 0.38117322 1.6354443e-08 0.79537207 0.98461825 0.18776469 0.36677688 0.0099540055 0.06477993 0.34581852 0.9193688 0.4919658 0.00053340854 0.010445362 0.48198637 0.039762393 1.9333447e-05 0.4401841 0.24197721 8.358212e-05 0.59425896 1.2107836e-06 0.10753414 2.5150375e-06 0.00019478923 0.09152404 0.31103283 1.1228517e-05 0.07481019 0.021554276 0.005903225 0.0779392 0.050598945 0.003200584 0.0004801659 5.9998333e-06 1.20097e-05 1.0872467e-06 0.00033107758 0.0002954124 0.006490975 0.00031849352 7.803966e-06 4.0854496e-07 0.01577061 0.87058157 3.3632834e-05 0.00012749153 0.004516906 0.7608231 1.8750454e-05 0.014434566 0.2728617 0.00062105205 0.038491767 0.0081771985 3.8938866e-05 6.1738683e-06 4.1305935e-05 9.959113e-05 2.916365e-06 2.7090153e-05 1.153182e-05 6.9726e-07 4.6896253e-06 1.0890818e-07 3.0024241e-05 6.6613557e-06 6.517613e-07 6.7347373e-06 1.2237045e-05 5.169918e-07 1.1175567e-06 3.0312645e-08 1.908031e-05 1.9928532e-06 3.4310915e-06 3.324564e-06 7.973432e-05 2.888116e-07 4.0556867e-07 9.843573e-07 1.502195e-07 1.7229551e-07 8.0337685e-07 4.0040885e-07 5.87936e-08 2.9993873e-07 3.8362055e-07 1.5236336e-07 7.252728e-09 1.8561543e-05 7.9745183e-07 7.298621e-07 1.4244785e-07 8.994635e-08 4.767919e-07 1.4243664e-08 8.7823497e-07
0.7411544 0.72555083 0.97368354 0.63197404 0.79537207 1.9025559e-11 0.9794596 0.35788232 0.8826057 0.2759488 0.97443867 0.07095988 0.050816484 0.45062628 0.015087392 0.0006432886 0.14169721 0.008204727 0.001480324 0.008707407 0.008167773 0.013515722 0.0076006795 0.0003322086 0.0017033493 0.00026335486 0.00090530486 0.026794093 0.019779433 0.00017525222 0.00090067607 0.00066025776 0.00058265787 0.0022342976 0.0014250642 0.0005321847 0.00025644907 5.6352787e-06 2.8345408e-05 2.0641605e-06 7.401323e-05 1.4841009e-05 0.0012587217 6.789666e-05 2.6377673e-05 4.2227102e-06 0.0100428825 0.18157709 2.5434552e-05 0.00040878105 0.002393238 0.14054762 9.32763e-05 0.0020801378 0.03742064 0.00032811443 0.0038213755 0.0027953966 7.2402313e-06 6.2267105e-07 1.3868834e-05 2.2847107e-06 6.0449327e-07 1.0930562e-06 3.22542e-06 1.3858514e-06 9.933884e-08 8.153747e-07 8.265154e-07 1.3298002e-07 2.2150246e-07 2.8401024e-08 7.2665756e-07 1.1371775e-06 4.8121038e-08 3.1461167e-09 9.088132e-09 7.6267895e-07 5.43169e-09 2.9958278e-09 5.688001e-05 4.821422e-07 3.4582015e-07 1.6720865e-08 3.0687517e-08 5.0287174e-09 2.8357235e-08 1.301427e-09 1.3161608e-08 2.1966598e-07 7.03089e-06 2.214111e-08 3.0925193e-08 3.4343435e-07 4.754832e-07 2.9432915e-08 2.5634157e-09 2.7615392e-09 1.1580608e-07 2.3238664e-09 3.1086287e-08
0.8664865 0.7400581 0.77752364 0.26412615 0.98461825 0.9794596 1.1709419e-11 0.0689794 0.9624305 0.026533833 0.6373734 0.0772171 0.36790246 0.9302188 0.000526556 0.021303734 0.08320175 0.043517254 4.6881254e-05 0.04433322 0.019516708 0.00013871038 0.11102816 4.196759e-06 0.008370238 4.459578e-06 0.00013249804 0.024768818 0.051389195 4.5623234e-05 0.010930339 0.0049019074 0.0008522864 0.00671106 0.0073559885 0.0006460158 3.4785706e-05 2.1771418e-06 1.8136952e-06 1.2887206e-07 5.9883398e-05 7.968848e-05 0.0014934418 0.00012918223 8.5168995e-06 2.3260061e-07 0.009995327 0.44520482 4.853846e-05 0.000120582175 0.001388953 0.27645463 3.948385e-05 0.00634746 0.082467355 0.0004891197 0.0137055 0.011471388 1.1387452e-05 1.2018276e-06 1.4579233e-06 1.1892927e-06 1.3017083e-06 5.277721e-07 9.120602e-06 2.674045e-07 1.5022517e-08 5.1878766e-07 5.25137e-08 5.454461e-08 4.690815e-08 5.3009114e-08 2.678938e-07 1.3478045e-06 4.7499487e-08 3.0890042e-09 3.013653e-08 5.9645586e-08 8.571334e-09 3.6973784e-09 5.8418213e-05 3.5189737e-07 3.067336e-06 4.69459e-09 4.735012e-09 2.4429048e-09 4.822983e-08 1.7333461e-09 4.3678505e-09 8.2843854e-07 5.5400387e-06 1.8894243e-08 2.7539544e-09 7.9713396e-07 1.6657359e-06 2.3155186e-08 1.661575e-09 4.1777253e-09 8.0788607e-07 8.7429847e-10 9.152186e-08
0.8662278 0.5341367 0.79767615 0.90738744 0.18776469 0.35788232 0.0689794 6.029855e-14 0.036731448 0.9592725 0.6043041 0.9932102 0.9432253 0.007200487 0.6492069 8.289392e-06 0.89133865 0.001337742 0.099954516 0.15181787 0.232321 0.2340706 0.037838817 0.0009842434 0.02678828 0.0019153645 0.21946687 0.2532505 0.14077212 0.0022011732 0.017120322 0.005924753 0.014291876 0.014333288 0.006734934 0.0047013965 0.003048225 0.00016369237 0.0001629564 4.1580104e-05 0.0007962971 0.0006744881 0.0045550875 0.0005987421 0.000163155 1.5661959e-05 0.031850576 0.4152552 0.00044066133 0.00053424085 0.009576956 0.45758596 0.00015454866 0.012750545 0.12030009 0.00027785008 0.025257874 0.015617357 2.8279348e-06 6.9681434e-08 1.13494075e-07 1.2553608e-07 7.535523e-08 2.2124154e-07 9.7514125e-08 7.538848e-07 5.2389442e-08 1.1482999e-08 2.8598419e-07 9.744339e-10 9.302002e-09 1.00542366e-08 2.6812472e-08 1.4864556e-08 1.2789801e-08 1.5708651e-10 1.0285229e-08 9.255121e-09 4.4046025e-09 6.879235e-10 0.00034074296 3.5169926e-08 7.6742026e-08 2.7816167e-09 1.3006112e-08 7.4896483e-10 8.541774e-10 8.362692e-09 1.5822263e-09 2.6399203e-08 4.3065933e-07 2.958711e-10 1.4255016e-09 4.875974e-06 9.639331e-08 2.1666155e-08 3.9218784e-09 1.213864e-09 5.9596084e-09 4.1409105e-11 4.766355e-09
0.24615328 0.25115916 0.40762714 0.092669375 0.36677688 0.8826057 0.9624305 0.036731448 8.884026e-09 0.019793207 0.99417526 0.016662637 0.013524089 0.9890841 0.002373399 0.00037479473 0.019924283 0.0004098711 0.0003802758 0.00076302135 0.00066471315 0.0051616593 0.0010396554 0.00014916674 2.9499786e-05 0.00013561841 0.00017430713 0.007130556 0.0034547553 1.6542515e-05 2.1934916e-06 1.1086796e-05 4.183922e-05 6.903708e-05 4.7822727e-05 5.5475516e-06 2.7490923e-05 3.7273535e-06 2.259044e-05 1.0492248e-06 1.33028225e-05 3.633787e-06 3.368856e-05 9.232008e-07 1.9522645e-06 8.6994834e-07 0.0019002841 0.058193408 6.0783314e-06 1.834846e-05 0.00020993235 0.036581445 2.319706e-05 0.00048148353 0.006939905 4.1248775e-05 0.0009145526 0.0011779132 1.3100972e-06 3.6244717e-07 3.5235696e-06 6.7298192e-06 7.378207e-07 5.2931123e-06 1.1008546e-05 1.1867866e-06 1.747596e-07 1.0906706e-06 4.271443e-08 1.5868733e-07 2.2076003e-06 3.031525e-08 4.7473837e-05 3.0408714e-08 1.5839808e-07 7.8116194e-08 1.1481838e-08 0.000115507675 1.7813657e-09 7.5675916e-10 5.8013207e-05 6.269715e-07 1.083028e-05 2.0678657e-07 1.5366327e-07 1.2247692e-09 3.542051e-07 3.2188655e-08 7.745298e-09 7.3706894e-07 1.4078123e-06 2.910046e-07 6.0142145e-09 2.505778e-07 4.4617194e-05 7.1416515e-08 1.6043963e-08 9.811332e-09 4.8520756e-06 3.4801314e-08 9.20813e-08
0.9672589 0.12522604 0.34444213 0.4164852 0.0099540055 0.2759488 0.026533833 0.9592725 0.019793207 2.1114683e-14 0.9744784 0.3895806 0.06302238 0.0046008504 0.9848775 6.342386e-07 0.6445436 5.6929228e-05 0.64756227 0.020847147 0.026790975 0.69690585 0.012014646 0.01276276 0.0026279273 0.07708756 0.3147612 0.47380072 0.29986927 0.009778426 0.003658814 0.0029444376 0.046175033 0.008218585 0.0070095137 0.030152809 0.070355535 0.0022521531 0.003954652 0.00017848342 0.002305423 0.0024630218 0.015564833 0.001354617 0.00085739105 0.00010006094 0.34754837 0.22245176 0.0033564374 0.002563344 0.11464881 0.22120374 0.0058129258 0.16520593 0.4985806 0.0010522662 0.28252196 0.15366381 2.0107045e-06 2.9771417e-07 2.0537339e-08 2.0857385e-07 6.489336e-09 1.4332541e-07 2.9339722e-07 2.7058832e-07 5.5004445e-10 3.813504e-08 7.649666e-08 2.1215082e-10 1.6416848e-09 1.0163133e-08 1.5829004e-08 2.1637415e-08 7.1352035e-10 1.1828756e-10 6.332872e-09 5.772825e-09 3.8508136e-10 1.5574668e-10 0.00032874275 6.710292e-08 8.7448456e-08 2.2937444e-10 2.5681027e-10 1.243866e-10 3.6704462e-09 2.7114225e-10 3.968797e-09 4.4766706e-09 1.459294e-07 8.418778e-11 6.6243316e-10 2.9210719e-06 1.1321869e-06 2.0758104e-09 3.7692222e-10 2.8700707e-11 2.278219e-09 8.0178736e-10 6.523349e-10
0.8058758 0.30131456 0.7631532 0.40392342 0.06477993 0.97443867 0.6373734 0.6043041 0.99417526 0.9744784 6.217589e-13 0.05058699 0.005666752 0.27266192 0.64451456 7.936837e-06 0.23177716 4.12941e-06 0.5058454 0.0006960307 0.001196328 0.74691117 0.0003362834 0.24112055 4.3112577e-05 0.096827395 0.036316186 0.08340349 0.027487269 0.0015720419 6.2468293e-06 4.951298e-05 0.0029927713 0.00013027962 0.00011793142 0.00085894315 0.0040867752 0.0013342993 0.0006971687 0.00026154474 0.0001286343 0.0001325371 0.0014912406 0.00011249876 3.456174e-05 2.5841717e-05 0.1020729 0.032298263 0.00019852543 0.0013420329 0.031050777 0.03455936 0.0016662922 0.026714258 0.11718488 0.00027421577 0.05412077 0.022145934 7.3242704e-06 9.070894e-07 2.1834176e-06 2.0243594e-06 2.1169653e-06 3.077019e-06 2.3799275e-06 8.601702e-08 4.7281922e-08 4.953092e-07 1.0788205e-08 3.565332e-08 2.2553262e-07 5.0334767e-09 2.2548294e-07 8.4211514e-08 2.2763741e-08 2.5623208e-09 6.748907e-10 2.8195126e-07 4.9624912e-11 2.9835478e-11 0.0006981597 3.6297916e-07 1.8101123e-07 2.472144e-09 1.2139226e-08 3.489739e-10 2.3080755e-08 2.7854181e-09 3.0551832e-09 3.7023995e-07 2.0392847e-07 2.431446e-09 1.8904902e-09 3.3115807e-08 1.4271369e-07 1.6164023e-09 9.882792e-10 1.4549222e-11 1.7752131e-09 2.8625113e-10 8.0455254e-10
0.9025904 0.36915177 0.24184655 0.6012299 0.34581852 0.07095988 0.0772171 0.9932102 0.016662637 0.3895806 0.05058699 7.0506936e-13 0.9340575 0.0103701055 0.11252422 1.3240097e-05 0.98287475 0.00041086183 0.0026296673 0.29792204 0.6630781 0.023069207 0.056698333 1.2857781e-05 0.09894004 5.937224e-05 0.08875667 0.44066805 0.2840514 0.0009767292 0.085065946 0.0566053 0.020275401 0.0844462 0.037761968 0.006784543 0.001177442 1.3348294e-05 1.7395467e-05 8.175265e-06 0.001435302 0.0005903115 0.013202504 0.0010158378 6.060426e-05 4.4689527e-06 0.028949229 0.67584795 0.00037885303 6.9066715e-05 0.008834531 0.7374797 0.00019850877 0.032228526 0.21936339 0.00038850584 0.055376023 0.035252817 2.849438e-06 4.9282943e-07 1.857685e-08 3.2781492e-07 1.6025665e-09 9.1295175e-07 3.1915067e-07 1.4763452e-07 2.6579963e-09 5.970519e-09 3.4146964e-07 3.5252514e-09 7.1802053e-09 1.2191195e-07 4.5977467e-07 1.1399361e-07 2.6560366e-08 1.9723188e-09 1.34367e-07 1.7398665e-07 4.016859e-09 1.3311072e-07 7.569004e-05 4.114166e-08 3.0151523e-07 3.0568095e-09 8.209039e-08 1.7462182e-09 5.6811253e-09 2.6301997e-08 1.269869e-09 3.2067795e-09 3.3119426e-07 1.0587935e-09 2.0127879e-10 2.7311175e-06 3.114314e-08 6.025412e-08 4.1839052e-09 2.380305e-09 4.6389848e-09 1.6245642e-10 8.037921e-09
0.9470249 0.713017 0.11957602 0.49792993 0.9193688 0.050816484 0.36790246 0.9432253 0.013524089 0.06302238 0.005666752 0.9340575 3.1160715e-07 0.112332836 0.0028437006 0.00075812644 0.6956969 0.032558996 0.00051895145 0.97677547 0.9194048 0.00069829077 0.89375603 1.0800687e-05 0.5283366 2.040277e-05 0.005682091 0.07388461 0.08171554 0.0008103651 0.14533147 0.14862049 0.0028284637 0.06429719 0.06579448 0.00083429343 0.00013656964 2.5047927e-06 8.778561e-06 5.744554e-07 0.00040547262 9.255907e-05 0.0042321123 0.0004901524 1.446984e-05 8.6906846e-07 0.008000011 0.77945983 7.3687916e-05 8.4111794e-05 0.001853007 0.67325217 3.4759476e-05 0.013667869 0.19202621 0.0001099787 0.042543545 0.008325107 9.744971e-06 4.122579e-06 6.79583e-06 8.775138e-06 6.403683e-06 0.0001645672 1.4360733e-06 3.282532e-07 2.840062e-06 1.4130245e-06 5.271569e-05 2.966447e-06 2.2693384e-06 9.521853e-06 7.4190853e-06 3.025943e-09 2.206386e-06 3.069337e-08 1.6821477e-05 8.321665e-07 5.627309e-06 1.7811442e-06 3.631951e-06 4.3269317e-08 4.686049e-08 6.3822163e-06 6.826267e-08 1.064539e-06 9.949224e-08 2.5283389e-06 2.840945e-10 4.0898156e-09 2.5728943e-07 3.3601715e-08 1.2453336e-09 0.000113362614 8.27063e-08 3.00487e-07 3.928798e-08 8.3735664e-08 4.1696392e-08 8.690564e-10 8.454542e-07
0.0088060275 0.14671864 0.22908077 0.032924037 0.4919658 0.45062628 0.9302188 0.007200487 0.9890841 0.0046008504 0.27266192 0.0103701055 0.112332836 2.2298976e-16 0.00023637162 0.99999475 0.004355132 0.00428137 1.2246313e-05 0.0029386797 0.001140562 3.0277242e-05 0.0029488155 4.937444e-07 0.0005235903 4.768592e-07 3.901462e-05 0.0008425209 0.00087364233 4.4509015e-06 7.3785806e-05 0.00011731737 3.6432863e-05 0.00027130498 0.00013532088 3.7648166e-05 1.9873191e-06 1.2594493e-06 1.3384239e-07 1.2702384e-07 2.679858e-07 4.2098915e-08 5.7818732e-05 1.4597667e-06 5.2019338e-08 1.2934771e-07 3.9356106e-05 0.0003094048 1.3424527e-06 2.041174e-05 3.2439926e-05 0.00019446552 5.0277035e-06 3.0347084e-05 0.0001623804 1.2468922e-06 5.8275433e-05 2.0490124e-05 1.7437495e-06 5.5312437e-08 6.630379e-07 1.7265326e-07 6.112891e-08 8.942935e-09 3.095681e-09 3.2446608e-09 1.9790793e-09 1.29137865e-08 2.4941686e-08 3.7961626e-10 8.360551e-10 2.7896596e-10 1.4826442e-08 6.221273e-11 7.4257844e-09 2.614327e-10 2.2609263e-12 6.049981e-10 1.0409826e-11 7.3612076e-14 6.255554e-07 2.9620226e-08 2.92064e-10 3.5045072e-10 2.4488372e-10 2.7507545e-11 1.9326051e-11 9.5749075e-11 1.9418193e-12 9.997245e-10 9.377201e-11 7.690074e-11 8.353768e-12 4.404386e-08 6.2572894e-09 4.7176603e-12 3.2681538e-11 1.7753805e-11 1.7384441e-10 3.8256534e-13 1.8364739e-11
0.76969075 0.0020581146 0.01147889 0.031724192 0.00053340854 0.015087392 0.000526556 0.6492069 0.002373399 0.9848775 0.64451456 0.11252422 0.0028437006 0.00023637162 1.1721159e-13 1.3300405e-08 0.23690242 1.0704629e-06 0.99651164 0.002950481 0.0030745305 0.97898173 0.0010435196 0.103367396 0.0013605095 0.14671347 0.30642715 0.18457335 0.04379591 0.009560384 0.00075010577 0.0009301803 0.012218305 0.0024157974 0.0016439983 0.005611329 0.04257411 0.003365253 0.008342693 0.0006169146 0.0007903717 0.0010244296 0.0039185425 0.0013417877 0.0012437548 0.0002337968 0.09113049 0.016612442 0.0020662977 0.0031239598 0.030690262 0.020647569 0.0058872164 0.049590647 0.09213033 0.0018545097 0.065062076 0.03690581 5.1117e-05 2.1291519e-06 3.1616582e-07 1.12647804e-07 1.6116876e-07 2.4870904e-08 2.2511995e-06 1.9277661e-07 5.4766733e-09 1.6030505e-08 1.3032415e-07 5.5665157e-09 5.0316626e-09 2.5218692e-09 1.298954e-06 2.8596423e-09 1.1637341e-08 1.9073758e-09 4.0279277e-10 4.27229e-08 9.14839e-10 8.232683e-12 0.00058118365 1.3763209e-08 1.06069265e-07 1.6093923e-08 8.16975e-09 7.08527e-10 5.255455e-09 6.598217e-10 4.982037e-11 2.9771214e-09 4.2898093e-10 2.865636e-10 6.858986e-12 8.0914435e-07 2.6178367e-07 3.4121472e-09 4.4273523e-09 7.610989e-10 3.4727032e-09 2.3737786e-11 1.8747806e-09
0.033456247 0.00029040372 4.3809083e-05 9.9480685e-06 0.010445362 0.0006432886 0.021303734 8.289392e-06 0.00037479473 6.342386e-07 7.936837e-06 1.3240097e-05 0.00075812644 0.99999475 1.3300405e-08 8.936253e-16 2.9106293e-05 0.9999461 3.2384145e-10 7.658328e-05 4.4869972e-05 3.6085563e-08 0.002596224 6.2770154e-12 3.2323533e-05 1.4509821e-10 7.9140335e-08 2.2764081e-05 6.4079686e-05 1.0083447e-08 4.529281e-05 2.0383146e-05 1.2829015e-06 2.3571643e-05 1.9567276e-05 6.032522e-07 1.963165e-07 1.0518938e-08 4.3213295e-09 1.127226e-09 2.5780583e-08 1.15206005e-08 3.428573e-06 2.0120108e-08 3.7779624e-09 2.2198555e-10 4.7656617e-06 0.00040340025 5.722514e-10 7.106862e-07 9.98777e-07 0.00018104566 1.456482e-08 7.6725855e-06 9.231876e-05 2.1692301e-07 2.0530028e-05 8.389441e-06 2.4777911e-08 3.3174206e-09 4.7026223e-08 8.755431e-07 7.762676e-09 3.2335618e-07 1.6840079e-07 2.8642386e-09 1.3243903e-08 4.2614985e-08 2.1637579e-08 2.0470893e-08 4.569983e-09 1.3433772e-08 2.706914e-08 1.8316788e-10 1.1612286e-08 1.6366192e-10 8.390109e-09 4.1812108e-08 6.3197975e-11 4.6314477e-11 9.649334e-09 1.2803952e-09 2.3600075e-09 8.847584e-09 6.358152e-10 4.2798795e-10 9.211177e-10 2.0404847e-09 1.1926816e-12 6.275681e-10 1.5240752e-13 3.9445847e-10 9.38685e-14 3.5557413e-09 2.5477775e-10 4.658771e-11 5.6419726e-12 2.397516e-12 8.5432515e-11 1.4281004e-13 6.4483753e-12
0.9741431 0.46744746 0.21079588 0.723386 0.48198637 0.14169721 0.08320175 0.89133865 0.019924283 0.6445436 0.23177716 0.98287475 0.6956969 0.004355132 0.23690242 2.9106293e-05 2.0474833e-12 0.00014874584 0.0076397196 0.3461105 0.8902333 0.14616932 0.023951503 0.00014570032 0.15600035 0.0020244042 0.39765477 0.8292802 0.6196441 0.011294025 0.16020292 0.23530751 0.16856793 0.2213635 0.2153033 0.10380128 0.021677116 0.0005415153 0.00023062562 2.98284e-05 0.0066404347 0.002795894 0.10308965 0.0069425106 0.0005388661 1.8793222e-05 0.10461392 0.85931146 0.00087321585 0.0005376608 0.03404647 0.92413116 0.00066167576 0.11082 0.5598765 0.0011721757 0.13812445 0.08682069 1.4069728e-05 9.607407e-07 1.446615e-06 1.7044445e-06 2.7993151e-08 1.6597514e-06 3.012906e-08 3.8221476e-08 4.260456e-09 4.9346827e-08 1.6756222e-06 1.5432743e-08 3.3754016e-08 3.1004973e-07 1.747047e-06 3.5564534e-09 4.459501e-08 6.120339e-10 1.4187971e-06 3.1171787e-08 2.729968e-07 8.619033e-07 0.00029721193 6.136825e-07 1.06615886e-07 4.008142e-09 1.311805e-08 1.5435e-09 7.751905e-09 4.4673816e-09 1.6828187e-10 2.0193376e-09 1.1609469e-07 3.5957892e-09 1.6749893e-10 3.3849392e-05 2.0818275e-07 6.462746e-08 1.753164e-08 1.8368085e-09 2.2718187e-09 3.771099e-10 2.987366e-09
0.9889899 0.006035947 0.00065938965 0.000980409 0.039762393 0.008204727 0.043517254 0.001337742 0.0004098711 5.6929228e-05 4.12941e-06 0.00041086183 0.032558996 0.00428137 1.0704629e-06 0.9999461 0.00014874584 1.21832056e-08 2.4174911e-08 0.06996411 0.0029652382 4.7751837e-06 0.95005995 7.8474216e-10 0.1001617 3.5188712e-08 4.2818515e-06 0.00021611124 0.00084471086 2.2388244e-06 0.23390426 0.011412088 3.5262437e-05 0.0025775263 0.0053372607 1.5541367e-05 2.061768e-06 1.9405388e-06 1.7802569e-07 3.903505e-07 1.0043826e-05 9.793748e-07 6.320999e-05 9.4746906e-07 2.4005283e-07 7.4264075e-09 0.00018719767 0.2959664 1.6243159e-07 1.269023e-05 8.430654e-05 0.077032596 1.5798345e-06 0.00022203852 0.06637927 4.6538407e-06 0.005852863 4.8469952e-05 1.1257806e-06 7.047441e-07 1.406449e-06 5.0567553e-05 2.430113e-07 4.9352366e-05 2.440056e-06 6.0088433e-07 1.9361298e-06 2.1995842e-07 2.3032853e-05 5.5604045e-07 7.3430743e-07 3.1606574e-05 3.760254e-06 4.924904e-08 2.687295e-07 4.512631e-10 8.971283e-06 2.463568e-07 3.0740142e-07 2.515792e-07 3.7012192e-06 1.3018516e-07 2.4005317e-08 3.7374426e-07 5.9500453e-09 1.6426033e-06 3.4037072e-07 9.821182e-07 6.6501826e-10 7.0365436e-10 6.191728e-10 2.75425e-08 3.2235794e-11 4.4919666e-06 5.6845806e-10 5.128885e-10 5.341657e-10 5.516901e-09 3.103485e-09 6.2697947e-10 4.8036277e-09
0.4950348 0.00016077448 0.00041058587 0.001980505 1.9333447e-05 0.001480324 4.6881254e-05 0.099954516 0.0003802758 0.64756227 0.5058454 0.0026296673 0.00051895145 1.2246313e-05 0.99651164 3.2384145e-10 0.0076397196 2.4174911e-08 1.7837557e-13 0.0001501779 0.0003381285 0.90872926 5.8625435e-05 0.9979558 1.8821758e-05 0.24475788 0.19174829 0.018008104 0.0012415883 0.008480308 5.612142e-06 1.8940584e-05 0.00085057074 7.695718e-05 4.4383953e-05 0.0004167304 0.011679677 0.0027966672 0.0053111063 0.0011075685 0.00031137446 0.00036661627 0.00029914788 0.0002099762 0.00019071222 0.00019539316 0.052518256 0.0018992135 0.000616038 0.01625579 0.0217441 0.0032274728 0.0025450399 0.0061054807 0.01885203 0.00030533766 0.01015629 0.006876177 4.554992e-06 5.119896e-07 7.3707093e-07 1.0354149e-06 5.2720438e-08 6.236064e-07 1.0922935e-06 3.7782718e-07 5.0828753e-08 1.07452905e-07 8.278427e-08 3.5891716e-08 4.2278998e-08 5.9595857e-09 8.85172e-07 2.4441618e-10 3.925195e-08 1.3666048e-09 2.8312308e-09 1.5428491e-06 1.8480599e-10 5.238514e-12 0.0016981008 4.8218517e-08 1.720032e-08 1.4618759e-08 5.360899e-09 4.1964205e-09 1.5197819e-09 5.996861e-09 7.0646974e-12 1.1844836e-09 1.4186676e-11 4.271773e-10 7.0435964e-13 2.596298e-07 5.819096e-07 2.6312172e-09 3.4661965e-10 6.4788336e-10 1.7385622e-08 1.6642852e-11 1.2276599e-09
0.8300449 0.11879086 0.00775864 0.07687644 0.4401841 0.008707407 0.04433322 0.15181787 0.00076302135 0.020847147 0.0006960307 0.29792204 0.97677547 0.0029386797 0.002950481 7.658328e-05 0.3461105 0.06996411 0.0001501779 2.8861347e-10 0.99284554 0.0013829891 0.96512926 6.9461425e-06 0.9486911 2.3862855e-05 0.014490784 0.08332602 0.020847926 0.0017630758 0.18483606 0.12307858 0.0023877835 0.031486064 0.03547353 0.0019364976 0.00012432247 4.668401e-05 8.616629e-06 1.3929442e-06 0.00017152948 5.425318e-05 0.002882889 0.0001279056 0.00021882578 1.5030341e-06 0.0013354316 0.2531684 5.9148104e-05 0.0002016406 0.000596603 0.13053088 0.0005716038 0.0021940817 0.059519295 6.193456e-05 0.008512816 0.0033334761 9.547422e-06 3.3595788e-06 1.464109e-05 1.8429237e-05 6.5427134e-06 4.5350684e-05 1.6942959e-06 1.19000106e-07 4.8738216e-06 2.3331788e-06 6.173168e-06 2.0386312e-07 2.5027368e-06 2.9719445e-07 1.7745116e-06 5.700566e-09 3.138923e-06 1.0492348e-08 2.7775138e-07 1.4144687e-06 2.202944e-08 3.1514453e-08 2.2307513e-06 1.7584243e-07 9.610124e-08 5.5126833e-07 2.188672e-07 8.013311e-08 3.891321e-07 7.196975e-07 8.1858276e-10 9.424688e-10 4.8638955e-09 2.407335e-07 9.91572e-10 9.016523e-07 2.1987536e-09 5.7977662e-08 4.0659554e-08 6.9371914e-08 1.9931998e-07 2.9793693e-10 5.6377026e-08
0.8399136 0.08569844 0.015499281 0.119775675 0.24197721 0.008167773 0.019516708 0.232321 0.00066471315 0.026790975 0.001196328 0.6630781 0.9194048 0.001140562 0.0030745305 4.4869972e-05 0.8902333 0.0029652382 0.0003381285 0.99284554 3.771045e-12 0.0024624453 0.49160784 1.7303868e-05 0.9609659 4.6121382e-05 0.12897484 0.8382547 0.43490976 0.007034369 0.4528841 0.86900526 0.26194993 0.69943494 0.5113208 0.059216574 0.0027568152 7.066643e-05 8.261506e-05 1.9084495e-05 0.007865544 0.0015523622 0.0958683 0.012303565 0.00034195787 4.0983745e-05 0.026127396 0.7112451 0.0014023426 0.0012715069 0.013775214 0.5276853 0.002135776 0.054272156 0.20227672 0.0009907337 0.060342938 0.02426933 2.6911885e-05 1.0866407e-05 2.7287458e-06 4.7825215e-06 1.3198512e-06 3.1407255e-06 1.4422358e-06 2.8022052e-08 7.4948036e-07 1.7871717e-07 3.4911533e-05 8.324106e-08 6.804831e-08 6.693732e-06 5.533009e-07 9.23641e-09 1.2216643e-06 2.2017048e-08 1.9716485e-06 3.3092334e-07 5.315061e-06 1.1214799e-07 4.6885702e-06 8.405682e-08 5.876882e-08 3.0532755e-07 6.969087e-08 6.490442e-08 5.3805188e-08 9.032716e-08 1.5532008e-10 1.307945e-08 1.7053873e-08 5.1481887e-08 1.551519e-10 6.9989765e-05 4.356263e-08 8.8607955e-08 2.5237567e-08 5.491896e-08 1.2024014e-07 5.4886e-11 1.5269217e-08
0.96460605 0.00017617067 0.0019241305 0.004701302 8.358212e-05 0.013515722 0.00013871038 0.2340706 0.0051616593 0.69690585 0.74691117 0.023069207 0.00069829077 3.0277242e-05 0.97898173 3.6085563e-08 0.14616932 4.7751837e-06 0.90872926 0.0013829891 0.0024624453 1.088177e-10 0.00022097511 0.9051481 0.00091207854 0.9396711 0.9706909 0.5665259 0.12445233 0.2824693 0.0022811207 0.0031131743 0.08274464 0.012120211 0.0029681732 0.03522486 0.24936292 0.054356404 0.10129459 0.024747986 0.008024056 0.013579839 0.020736195 0.0069050156 0.010908195 0.003860796 0.56826985 0.06742761 0.01858292 0.034379195 0.25027785 0.13152711 0.031918336 0.1492357 0.36623114 0.006499951 0.2623537 0.12951437 4.0569405e-05 3.6337974e-06 3.2885062e-06 6.2764775e-06 2.4105823e-06 4.6522873e-06 3.5683697e-06 2.261013e-06 8.352224e-08 2.1624346e-07 9.936926e-06 1.9560018e-07 1.146776e-07 8.0782826e-07 1.5951691e-06 2.0193337e-07 8.165529e-07 1.547752e-08 6.775784e-07 2.6146853e-07 3.6585396e-07 3.133291e-08 0.017662691 2.4875825e-07 1.9210079e-06 6.915931e-07 5.6317703e-08 8.9773756e-08 1.2937338e-07 5.4098365e-08 4.19417e-10 1.2793468e-07 1.8711983e-08 6.682461e-08 3.852672e-10 1.0528178e-05 7.83412e-08 2.9388724e-07 5.4431123e-08 2.3194604e-09 2.1804738e-07 5.3701654e-11 1.4199368e-08
0.9815675 0.09295831 0.0056702117 0.054937705 0.59425896 0.0076006795 0.11102816 0.037838817 0.0010396554 0.012014646 0.0003362834 0.056698333 0.89375603 0.0029488155 0.0010435196 0.002596224 0.023951503 0.95005995 5.8625435e-05 0.96512926 0.49160784 0.00022097511 2.0837055e-08 4.9886057e-06 0.9488963 7.4279604e-05 0.0017211916 0.034003865 0.014573437 0.00018647355 0.9349781 0.3032437 0.0014295425 0.029921772 0.04939723 0.0014272315 0.00013437746 9.49893e-05 1.9248122e-05 4.4147336e-07 0.000113866554 2.1666438e-05 0.0010713475 4.7567286e-05 5.118541e-06 2.1873404e-07 0.00083390286 0.117520005 9.072317e-06 0.00015722652 0.00047442448 0.040974617 0.00012022312 0.0016052651 0.07213035 7.6140066e-05 0.008700205 0.0012398821 2.2689426e-06 4.428058e-07 5.5004264e-05 0.00014279054 3.0529904e-05 0.00017178044 2.5649788e-05 4.988564e-06 5.7944093e-05 7.449658e-06 2.589503e-05 7.798669e-06 3.4638524e-05 3.2123828e-06 2.5398678e-05 1.4414148e-08 1.4877739e-05 2.1701966e-07 2.6470877e-06 2.2400984e-05 1.2710219e-06 1.672604e-07 1.5903986e-05 5.0458146e-07 1.1814073e-07 2.3604733e-05 3.702633e-07 2.9616049e-06 2.5644258e-05 2.7004628e-06 6.3438734e-09 3.1501173e-08 6.635113e-08 6.0881307e-06 8.423027e-09 7.846963e-07 5.9029145e-07 7.345693e-07 5.611342e-07 4.7505037e-07 1.8221957e-06 1.1312457e-08 8.098878e-07
0.39302617 1.4624527e-05 1.8503044e-05 2.0756821e-05 1.2107836e-06 0.0003322086 4.196759e-06 0.0009842434 0.00014916674 0.01276276 0.24112055 1.2857781e-05 1.0800687e-05 4.937444e-07 0.103367396 6.2770154e-12 0.00014570032 7.8474216e-10 0.9979558 6.9461425e-06 1.7303868e-05 0.9051481 4.9886057e-06 9.2742525e-14 7.842597e-08 0.996825 0.26269925 0.0032625443 0.00019572624 0.1415265 7.1998194e-08 2.7166496e-07 0.00014140505 2.3589894e-06 1.1729107e-06 2.023303e-05 0.008683461 0.010471144 0.015410287 0.0022074576 5.2467025e-05 4.115565e-05 6.570714e-06 5.611323e-06 0.00036937383 6.117513e-05 0.032196045 0.0005571852 0.00016570646 0.47188652 0.020403808 0.0005799722 0.0037538158 0.0014885658 0.0034858666 0.0001785144 0.00227869 0.0020684754 4.7837625e-06 1.5241292e-07 6.296802e-06 2.449333e-06 5.226459e-08 5.577686e-07 5.640854e-06 6.9874814e-06 4.976413e-08 1.6574484e-08 3.0357157e-07 4.255293e-08 2.7959267e-08 1.682259e-08 4.6018686e-06 1.937672e-08 1.400276e-07 2.2604856e-09 2.397684e-09 7.69593e-07 3.832824e-10 1.9111573e-11 0.16376361 5.292958e-09 1.3592832e-07 2.093147e-07 5.896258e-09 5.601567e-09 5.0650173e-09 1.8453672e-08 4.3630105e-10 1.3449839e-09 1.5540711e-11 1.0749318e-09 2.0908115e-12 5.5916964e-08 1.2609588e-06 1.320249e-08 4.717665e-10 8.900655e-11 1.2336765e-08 6.6767525e-12 4.898976e-10
0.96867174 0.01773485 0.0016303936 0.009952381 0.10753414 0.0017033493 0.008370238 0.02678828 2.9499786e-05 0.0026279273 4.3112577e-05 0.09894004 0.5283366 0.0005235903 0.0013605095 3.2323533e-05 0.15600035 0.1001617 1.8821758e-05 0.9486911 0.9609659 0.00091207854 0.9488963 7.842597e-08 1.44172885e-11 1.00991965e-05 0.07429988 0.67931664 0.10923111 0.004947666 0.96888137 0.81552744 0.037348956 0.4516764 0.35075396 0.009640013 0.00048050281 4.1605494e-05 3.1737372e-06 1.2905207e-06 0.0011535741 0.00077612966 0.01525332 0.0015030657 0.00012001291 6.590725e-07 0.005653881 0.49089512 0.00017395106 0.00039578872 0.0055083856 0.2100708 0.00035032397 0.030211981 0.24806908 0.0002600135 0.09608168 0.012568488 2.226443e-06 1.9328036e-06 2.4362114e-05 3.5592053e-05 2.64604e-06 5.615405e-05 1.4066743e-06 7.810454e-09 1.037836e-06 3.8926646e-07 3.7858037e-05 1.481371e-06 1.9781273e-06 5.652098e-06 5.244141e-07 1.8290717e-09 6.989091e-07 1.0694292e-08 1.11706495e-05 1.3932047e-06 2.0548762e-06 4.3937243e-07 8.976495e-06 2.482635e-08 1.7607485e-07 5.6709115e-07 5.13981e-08 3.163193e-07 7.379392e-08 6.644932e-07 3.064717e-11 4.5171092e-10 4.5740184e-10 1.689274e-07 7.664869e-12 1.948457e-06 1.4377868e-09 6.59879e-08 7.952554e-09 1.4037528e-08 2.3931483e-08 5.4279076e-10 1.29743984e-08
0.93250585 2.370112e-05 7.644734e-05 0.00023713864 2.5150375e-06 0.00026335486 4.459578e-06 0.0019153645 0.00013561841 0.07708756 0.096827395 5.937224e-05 2.040277e-05 4.768592e-07 0.14671347 1.4509821e-10 0.0020244042 3.5188712e-08 0.24475788 2.3862855e-05 4.6121382e-05 0.9396711 7.4279604e-05 0.996825 1.00991965e-05 1.6412988e-10 0.915512 0.027465103 0.0023924357 0.9607264 1.5518648e-05 5.30922e-06 0.0067415396 1.2715548e-05 7.61107e-06 0.002571962 0.41557777 0.3796641 0.34102017 0.07456326 0.0052358513 0.0062701097 0.0005322703 0.0009028738 0.022728778 0.011334358 0.5426152 0.0015856277 0.021914106 0.9278757 0.396104 0.0036730906 0.12733555 0.11765253 0.09005728 0.0014734534 0.1708019 0.1042062 8.414866e-06 6.567419e-06 6.9406e-06 9.524241e-06 1.084008e-08 6.2796124e-07 3.6927609e-06 1.1686394e-05 7.0724337e-09 3.0073025e-08 3.0386975e-06 1.1489485e-08 5.327306e-08 1.4947553e-07 1.0317541e-06 7.220869e-06 7.9456754e-08 1.9382735e-09 2.4634667e-07 2.8334e-07 5.1937747e-08 1.948442e-08 0.07580148 6.822233e-08 2.956445e-07 3.0129346e-08 2.7285557e-08 1.4675211e-09 9.918057e-08 2.8450726e-09 4.7781082e-08 1.4625508e-08 1.346363e-08 1.431051e-09 1.5491473e-10 9.428851e-06 1.3856301e-07 3.784621e-08 4.853702e-09 1.1669253e-09 2.2229674e-08 7.4541334e-10 6.019252e-09
0.98483175 0.0006839552 0.0016540869 0.012191809 0.00019478923 0.00090530486 0.00013249804 0.21946687 0.00017430713 0.3147612 0.036316186 0.08875667 0.005682091 3.901462e-05 0.30642715 7.9140335e-08 0.39765477 4.2818515e-06 0.19174829 0.014490784 0.12897484 0.9706909 0.0017211916 0.26269925 0.07429988 0.915512 1.9860286e-10 0.9299266 0.19626464 0.93196857 0.008773025 0.010751837 0.31515115 0.020987883 0.010119329 0.08600246 0.6601462 0.24153146 0.54719675 0.04498367 0.017828872 0.016279442 0.029305527 0.011340953 0.034292407 0.0058219577 0.5785554 0.1472547 0.012447771 0.013370361 0.2065178 0.15952143 0.02190734 0.09776957 0.46771097 0.0062178043 0.18393065 0.20380835 1.5792371e-05 7.148609e-06 2.7741291e-06 2.8966451e-05 3.6279852e-07 1.954732e-05 6.1301885e-06 5.117092e-06 1.191766e-07 1.8625305e-07 5.674003e-06 3.986162e-07 9.882665e-07 1.4043031e-06 7.5842245e-06 2.0450358e-07 1.9695804e-07 4.943121e-09 7.4549303e-06 1.672388e-06 2.796974e-07 6.716445e-06 0.0048530065 1.685188e-06 1.0778559e-06 2.1625502e-07 1.2573202e-08 9.043025e-08 9.677588e-09 1.10395604e-07 1.7695428e-10 3.3445235e-09 4.6367377e-09 4.767112e-08 5.0715373e-11 1.1433809e-05 4.7804895e-07 2.1657891e-08 1.8722075e-09 5.5826352e-09 2.7920581e-08 8.0123697e-10 1.1478686e-08
0.93885964 0.107380785 0.04074584 0.25691026 0.09152404 0.026794093 0.024768818 0.2532505 0.007130556 0.47380072 0.08340349 0.44066805 0.07388461 0.0008425209 0.18457335 2.2764081e-05 0.8292802 0.00021611124 0.018008104 0.08332602 0.8382547 0.5665259 0.034003865 0.0032625443 0.67931664 0.027465103 0.9299266 1.8023684e-08 0.9859831 0.53052646 0.23128654 0.2910329 0.95606077 0.83526325 0.12815869 0.5546633 0.57958245 0.19099025 0.010605648 0.013104622 0.16723625 0.04751378 0.36649263 0.060024552 0.03105459 0.0028565314 0.18329136 0.6176431 0.010118976 0.0017256917 0.07934772 0.4665146 0.021883184 0.073311254 0.3926363 0.003769633 0.097392276 0.06120625 2.07278e-05 3.3043394e-05 0.0006765044 0.00011992527 2.6829086e-05 0.00016867349 7.730923e-05 1.888042e-05 8.4090857e-07 4.0913143e-05 2.5512049e-05 3.467875e-07 3.5634998e-06 3.5469575e-06 1.10430565e-05 1.332447e-07 2.5700936e-07 4.6847795e-08 4.234328e-06 1.0866879e-06 3.8044625e-06 3.3803499e-06 0.0002488652 2.0102436e-05 2.2272046e-07 2.7667868e-06 2.6037352e-08 2.6561834e-08 1.5207593e-07 5.6502873e-08 1.193625e-10 1.2913164e-07 8.139528e-09 2.1176993e-07 1.6392955e-11 5.1883562e-05 9.0885834e-07 1.9615574e-07 1.04183684e-07 4.267703e-09 9.743543e-09 2.1826125e-09 5.2791986e-08
0.948939 0.113339014 0.01971157 0.2960374 0.31103283 0.019779433 0.051389195 0.14077212 0.0034547553 0.29986927 0.027487269 0.2840514 0.08171554 0.00087364233 0.04379591 6.4079686e-05 0.6196441 0.00084471086 0.0012415883 0.020847926 0.43490976 0.12445233 0.014573437 0.00019572624 0.10923111 0.0023924357 0.19626464 0.9859831 1.4101175e-09 0.019044243 0.019442951 0.30477497 0.9598046 0.945044 0.31058767 0.51107603 0.14251903 0.0086637465 0.0005356666 0.00040881065 0.05775543 0.0131526375 0.3300391 0.02691093 0.0020997643 4.5753473e-05 0.114899665 0.90460086 0.0009225232 0.00054538087 0.028378384 0.8055661 0.0069855102 0.08146944 0.6133809 0.0017636527 0.15572703 0.07154491 8.894289e-06 4.806366e-06 0.0008195476 0.0002229284 6.454908e-05 8.931183e-05 3.421105e-05 3.0232968e-06 7.920275e-07 1.8503079e-05 3.5840534e-05 4.0324693e-07 2.0698674e-06 2.3685553e-07 3.7659747e-06 6.314638e-08 5.211714e-07 7.139091e-08 1.0248131e-06 2.0232942e-06 1.782066e-07 6.192856e-08 7.915525e-05 2.2459424e-05 6.780263e-07 7.1883034e-07 7.393749e-08 3.812573e-08 1.0148398e-07 5.464207e-08 3.9017407e-09 5.3409863e-09 2.3349616e-08 2.5602324e-07 1.9443674e-10 6.906069e-06 1.9195673e-07 8.49024e-07 4.6297126e-07 7.4152684e-09 1.1984054e-08 2.9336389e-09 1.0732427e-07
0.8875642 7.2491064e-05 7.316804e-05 0.00020901042 1.1228517e-05 0.00017525222 4.5623234e-05 0.0022011732 1.6542515e-05 0.009778426 0.0015720419 0.0009767292 0.0008103651 4.4509015e-06 0.009560384 1.0083447e-08 0.011294025 2.2388244e-06 0.008480308 0.0017630758 0.007034369 0.2824693 0.00018647355 0.1415265 0.004947666 0.9607264 0.93196857 0.53052646 0.019044243 5.4083504e-08 0.00036836753 0.0023399177 0.12320573 0.013099062 0.002185756 0.007130998 0.7359299 0.878476 0.9859695 0.731506 0.029850135 0.03310308 0.004393138 0.0074834493 0.039720133 0.031205209 0.28904167 0.005274071 0.034966446 0.88435423 0.1895928 0.0059879436 0.8794813 0.041466646 0.08336135 0.0083025 0.055664007 0.041820463 6.839819e-05 0.0004941797 0.00042258206 0.00010577314 8.9234854e-05 9.5776035e-05 1.2319468e-05 4.529635e-05 3.7162772e-07 1.2420502e-06 9.608581e-05 3.9751324e-08 1.0994534e-06 2.7134843e-06 5.064238e-06 3.852564e-07 3.678094e-08 1.1926141e-07 4.898682e-06 3.7909078e-07 1.1880581e-06 1.4196127e-07 0.02871691 1.2056918e-06 3.233639e-07 7.040602e-07 4.4604727e-07 1.699517e-07 5.3989845e-07 3.5994256e-07 4.1254375e-10 2.3745066e-08 5.6372084e-08 1.3624232e-08 3.3957632e-11 4.6859754e-05 5.6951512e-06 9.559575e-08 1.5520956e-07 1.6440262e-08 2.0513819e-07 2.9739544e-09 7.231129e-08
0.9972623 0.019085579 0.0025890118 0.017008683 0.07481019 0.00090067607 0.010930339 0.017120322 2.1934916e-06 0.003658814 6.2468293e-06 0.085065946 0.14533147 7.3785806e-05 0.00075010577 4.529281e-05 0.16020292 0.23390426 5.612142e-06 0.18483606 0.4528841 0.0022811207 0.9349781 7.1998194e-08 0.96888137 1.5518648e-05 0.008773025 0.23128654 0.019442951 0.00036836753 1.7023442e-13 0.9631178 0.006301212 0.031204695 0.12335595 0.008855429 0.00025711468 0.00015618236 3.1479674e-06 2.3227133e-06 0.0008967562 4.105158e-05 0.0056606326 9.753641e-05 9.2658694e-05 2.38764e-07 0.00026263602 0.01872434 1.017666e-05 4.786786e-05 0.00049129425 0.012198698 5.8568716e-05 0.013214603 0.52541286 1.163696e-05 0.23205495 0.0013246369 3.3856065e-07 7.5990266e-07 0.0003617117 0.00043444827 0.0002465873 0.00028834143 4.2917654e-06 3.5784655e-07 9.667619e-05 7.4120985e-06 0.00036372838 1.19111955e-05 3.156031e-05 1.1627076e-05 1.3585459e-05 3.2141294e-08 1.6788861e-05 3.607975e-06 1.834601e-05 2.2527436e-06 4.2529302e-07 2.1073498e-07 2.2714461e-05 5.6096724e-07 3.1799633e-08 2.1358275e-05 1.0378717e-06 5.1598577e-06 6.146486e-06 9.543953e-06 2.2745622e-10 1.178177e-09 5.1993525e-09 4.6154273e-06 2.8130439e-12 1.5328973e-07 7.638829e-09 1.9808486e-07 5.08864e-07 2.6534707e-07 1.2894803e-07 2.339116e-08 4.9669303e-08
