1.4130676e-25 0.0025824793 0.035172425 9.5203404e-07 0.0005185794 1.2486664e-08 0.8557254 1.8799245e-05 0.8220728 1.3698899e-06 0.50717163 0.007935026 1.800871e-07 0.043991417 0.6011235 0.81989825 3.19211e-05 0.0021223344 0.57160467 0.79485255 0.45058528 0.95054686 1.782927e-06 0.9431314 0.97434616 0.24039192 0.9201961 0.95907336 0.97847295 0.0025637522 0.07948382 0.9108422 0.00017356002 0.90782666 0.725189 0.94947886 0.8575677 0.99619055 0.93145514 0.98483723 0.36007217 0.98179424 0.03826066 0.9860368 0.99330074 0.64058745 0.955836 0.98796684 0.97730464 0.9140581 0.94520736 0.99822783 0.013131357 0.96379155 0.99818057 0.7914091 0.78148425 0.9326495 0.7364362 0.9772445 0.9538307 0.5111458 0.8850859 0.91492814 0.9554812 0.9740643 0.0887598 0.9388912 0.9484587 0.9445259 0.8516683 0.96073437 0.9474733 0.95003706 0.0014007019 0.5839371 0.9697472 0.7529556 0.8219981 0.26537493 0.9878219 0.99664646 0.4109071 0.9055332 0.99163395 0.89883053 0.9507684 0.99876434 0.46564364 0.8916524 1.0045171e-06 0.9980664 0.95481044 0.97339016 3.7057736e-05 0.9970439 0.6085481 0.9416154 0.4507395 0.9976466 0.97518086
0.0025824793 2.1483658e-19 0.6738786 0.2749734 0.52638984 0.10006964 0.69391763 0.096773095 0.15380909 0.026297446 0.022530315 0.00768012 0.0062149144 0.0013574264 0.0045096143 0.00296439 0.005747141 0.0013007944 0.0006633222 0.0759945 0.00041055318 0.0020284085 0.84228545 5.2388426e-05 0.0045705787 0.00039925834 0.0002172028 0.00023822076 5.9275724e-05 4.6225614e-05 2.1806934e-06 9.255761e-06 8.687204e-07 6.8792266e-05 5.6310887e-06 5.7111504e-07 4.98903e-06 0.00057747756 3.072969e-06 0.00055267336 3.5415914e-07 1.9108159e-06 4.4678126e-07 9.703406e-06 9.776709e-07 1.0831121e-06 3.2941102e-07 1.965112e-06 3.0009624e-06 2.048051e-07 1.9805615e-05 1.0374892e-05 3.2887675e-07 2.0440508e-07 8.1698755e-07 1.04589056e-07 4.708339e-08 6.0051707e-07 4.5013894e-07 1.1194619e-06 4.3581906e-08 8.248276e-08 1.2294056e-07 1.2999292e-08 1.8232837e-08 8.224472e-07 3.073337e-07 5.64562e-07 1.864793e-07 3.8166457e-09 3.4891887e-09 5.7513862e-08 4.35269e-07 1.1745892e-07 3.1983075e-07 1.7593777e-08 1.0303843e-06 2.9827767e-09 6.346488e-09 1.666647e-09 3.5818545e-08 6.7685374e-07 1.5115112e-09 1.36998e-08 0.0026426434 1.9921993e-08 6.229656e-05 4.2960444e-08 4.5343844e-09 1.5477157e-09 4.992849e-07 0.00010588962 7.390376e-09 3.9218406e-09 1.3491297e-07 9.354555e-10 8.945954e-09 7.862479e-10 3.0107888e-10 8.097438e-06 2.4106588e-11
0.035172425 0.6738786 8.480497e-20 0.2775315 0.73434925 0.08198247 0.9501401 0.078019574 0.7691849 0.0053618257 0.065860696 0.005342794 0.0014391096 0.0043201027 0.01003117 0.01071439 0.0015026357 0.0029233615 0.0011089424 0.20379236 0.0014297335 0.013452216 0.6971511 0.00045228025 0.019858718 0.00024062871 0.0017326243 0.0013169462 0.0010112628 1.3369709e-05 1.0227237e-06 8.619609e-05 6.4609867e-07 0.00012797184 3.7195678e-05 4.520105e-06 1.738346e-05 0.0011928311 8.519077e-06 0.0012440507 2.054452e-07 6.135406e-06 2.3001267e-07 2.7282347e-05 2.2032573e-06 3.9906568e-06 2.161712e-06 2.0466865e-05 2.9522726e-05 1.3980867e-06 0.00011713201 5.9611693e-06 2.9189945e-08 2.5264155e-06 8.4762837e-07 2.2218032e-07 6.267553e-08 4.188163e-06 1.6608338e-07 3.4200955e-06 1.30448e-07 1.6619224e-07 2.565913e-07 5.742176e-09 2.2030953e-08 3.4143368e-06 1.0099582e-07 9.920532e-07 3.518135e-07 8.7964275e-10 8.4771273e-10 1.9861327e-08 9.398171e-07 9.780247e-08 1.4543036e-07 9.799511e-09 2.1993485e-06 5.123068e-10 1.7341243e-08 1.3961526e-09 5.7094347e-09 1.1989296e-07 4.2049678e-10 3.4209906e-09 0.0033822914 1.782281e-08 0.0008089249 2.5696965e-09 4.187482e-09 5.2558236e-10 4.968949e-08 0.00037461426 1.423902e-08 9.285499e-09 4.341589e-08 5.7750144e-10 1.6979432e-10 4.7924786e-10 3.3057584e-10 0.00012830387 2.472151e-11
9.5203404e-07 0.2749734 0.2775315 2.7946106e-19 0.6151974 0.032247934 0.00797482 0.3734975 0.031850964 0.017128715 0.00746377 0.01662341 0.0013668711 0.0023781944 0.00017134703 8.099451e-05 0.0014414528 9.7527016e-05 1.9716064e-05 0.0021688365 5.55862e-06 4.142772e-05 0.17205161 1.27383e-06 3.7273483e-05 3.3844822e-06 7.14126e-07 1.0763367e-06 4.43075e-08 6.8561484e-08 5.586704e-09 1.0414032e-08 3.8302952e-10 6.118887e-08 1.8946137e-08 1.0408988e-08 4.8883466e-09 1.707056e-05 1.1862342e-08 4.272574e-05 1.2413472e-09 7.594448e-07 7.219724e-10 2.3557698e-06 3.1523275e-09 3.7732142e-10 1.2663674e-08 1.4963383e-07 5.7308074e-09 7.5695694e-10 9.67179e-10 5.224229e-07 1.7327032e-11 1.2081099e-10 5.081535e-07 3.6968967e-10 1.2484794e-10 7.943398e-09 3.083146e-10 2.9778696e-10 8.5113616e-10 2.8467922e-10 7.004043e-11 2.9230868e-10 7.954689e-10 1.515597e-08 3.7013383e-12 2.9676082e-09 3.055265e-09 4.926428e-11 1.9724156e-10 6.914503e-10 1.9573119e-07 3.738544e-09 6.210902e-10 1.6323635e-10 5.1691366e-08 6.805599e-11 1.1600858e-09 3.835504e-12 1.7358343e-07 9.244012e-08 6.6056652e-12 4.3918007e-09 8.267977e-05 1.2469754e-10 1.1282919e-05 2.3501251e-07 1.07070165e-10 1.3045229e-10 2.7327212e-09 9.541664e-07 5.3758584e-09 2.6665948e-08 8.426529e-09 2.5169244e-09 6.157034e-10 9.897416e-09 1.8899477e-11 4.8243885e-07 4.928075e-10
0.0005185794 0.52638984 0.73434925 0.6151974 1.0675439e-16 0.0121736955 0.054498576 0.83747077 0.54988533 0.06579099 0.28737026 0.18996958 0.008986675 0.06327763 0.009741663 0.0060811155 0.0070580994 0.012738446 0.0019631681 0.04333783 0.00196177 0.0023576277 0.09781578 0.0018471854 0.0012671679 0.0010724126 0.00027031585 0.0003414433 0.0001208071 6.470705e-05 1.2101563e-05 6.682117e-06 6.264078e-07 4.4387336e-05 6.895565e-06 1.3614542e-06 2.2333718e-06 0.00014766924 1.5834182e-06 0.00021370288 5.7042536e-07 4.3545433e-06 7.9884404e-07 2.5542598e-05 8.1062814e-07 1.018143e-06 6.115722e-07 1.578248e-05 2.229641e-06 6.0307445e-07 1.03647e-06 1.7858644e-06 3.3503818e-07 6.1036516e-08 7.101208e-06 2.78532e-07 1.1726977e-07 3.1919328e-07 6.684969e-07 8.571093e-08 3.8246506e-07 1.791612e-07 3.8448214e-08 2.5466323e-07 1.9392778e-07 1.5127688e-07 8.344545e-09 7.0069795e-08 6.37685e-08 2.2358947e-08 1.8773543e-08 6.831517e-08 8.865373e-07 6.8990566e-08 1.8559708e-08 4.8378967e-09 4.327797e-07 1.6512384e-08 1.2835507e-07 2.138437e-10 1.4386243e-06 1.6915729e-07 9.09975e-10 4.1942705e-08 0.00018890352 3.0316794e-09 1.2458303e-05 7.5903864e-07 2.226957e-08 1.3143169e-08 3.330692e-08 4.1618728e-06 5.8663552e-08 2.8700575e-07 2.6556618e-08 1.4620328e-07 8.5693513e-10 3.3166486e-07 5.28672e-10 2.2874587e-05 1.2580855e-08
1.2486664e-08 0.10006964 0.08198247 0.032247934 0.0121736955 7.070064e-19 0.0023383873 0.03420711 0.00058166665 0.025844604 0.0009656432 0.0084173195 0.016618717 0.00042276265 4.934088e-05 6.384131e-05 0.0060023232 0.0010728393 1.562678e-05 3.2788248e-05 3.1010252e-06 3.4205812e-06 0.83814895 1.2608182e-06 1.3275967e-07 5.1538067e-05 7.689602e-08 5.076566e-07 3.4348122e-09 8.330365e-06 2.191481e-07 1.1898462e-08 4.2341926e-09 5.8594996e-08 5.6277543e-08 2.7573392e-09 5.999904e-09 1.2386864e-05 2.0122295e-08 5.9987688e-06 5.9840066e-09 2.2023894e-08 1.9962998e-08 2.1478268e-06 1.838085e-08 2.916522e-09 7.697449e-09 1.0569234e-08 4.4460393e-08 7.1702013e-09 5.265128e-09 2.6968817e-07 5.40612e-09 3.978223e-10 7.236303e-08 4.078427e-09 1.8530271e-09 5.2597543e-10 3.187007e-08 6.408157e-09 7.794857e-09 4.040158e-08 2.9108425e-09 8.405501e-09 3.757574e-09 6.8177934e-09 8.520917e-09 8.491632e-09 4.0501247e-09 2.505979e-09 7.68366e-09 3.5830432e-08 1.4606154e-07 2.9713652e-08 4.1639908e-07 4.4933195e-08 3.4279563e-07 8.460708e-08 1.5097163e-07 5.760067e-09 3.0664232e-06 7.835686e-07 1.9950132e-08 9.9278424e-08 3.6597612e-05 7.2245636e-09 7.120674e-07 5.7987127e-06 1.6638625e-08 2.0769906e-07 4.102576e-08 2.1103796e-08 2.4305892e-08 1.6745034e-07 6.5366166e-09 3.3354855e-08 7.241978e-08 2.8854208e-07 1.0289957e-08 2.5814768e-09 1.2930275e-08
0.8557254 0.69391763 0.9501401 0.00797482 0.054498576 0.0023383873 6.8486156e-13 0.0040332815 0.70968336 0.0011043731 0.08858293 0.005410152 0.00018416383 0.013011331 0.045668922 0.07193488 0.0010611146 0.0071902247 0.017021185 0.7552063 0.009716366 0.04806946 0.40201533 0.011631952 0.22004426 0.003020595 0.021313429 0.0335735 0.108630165 0.00058601657 0.00034492166 0.0030961232 9.9727324e-05 0.0033805596 0.0028422205 7.0813294e-05 0.0017424033 0.10773998 0.00029213398 0.1799585 7.888825e-05 3.0257328e-05 9.601949e-05 0.0030899402 0.0005715521 0.00034857632 1.6071614e-05 0.00039749662 0.0004352192 8.9690024e-05 0.00014341778 0.0005492543 0.0005992705 1.7189359e-05 0.00022242255 2.0733356e-05 1.0940308e-05 0.00011681074 6.5270244e-05 8.164458e-06 9.15046e-06 4.690223e-05 2.3043851e-06 2.774854e-06 4.1468215e-06 5.6252786e-05 6.866793e-05 7.771635e-06 1.2997949e-05 1.6796349e-06 6.078598e-06 2.1219304e-05 3.9575232e-05 9.793272e-07 1.4600703e-06 4.338361e-06 8.160267e-05 1.7822011e-06 3.482035e-07 1.4823094e-06 1.6585111e-06 8.634571e-06 1.6830847e-07 1.2607328e-06 0.009180795 8.118941e-08 0.00025197671 1.2599688e-07 2.864225e-07 3.851787e-08 1.4976555e-06 0.0008105079 6.64617e-08 5.253684e-08 7.009226e-06 2.069485e-09 4.9853983e-09 4.0554426e-09 1.4580906e-09 0.00011513748 1.587452e-10
1.8799245e-05 0.096773095 0.078019574 0.3734975 0.83747077 0.03420711 0.0040332815 9.653477e-16 0.058403954 0.5846589 0.11978259 0.58602065 0.2115766 0.2753171 0.007056 0.004334346 0.16960442 0.11484641 0.002544325 0.00054015446 0.0036153947 0.00047326222 0.05579564 0.00026116142 0.00013489246 0.008985548 2.3852206e-05 5.0560753e-05 1.12773905e-05 0.00045665706 6.04034e-05 8.2125e-06 2.4420349e-06 1.3420898e-05 3.4126017e-06 3.490417e-07 2.3684345e-06 1.0370381e-05 6.3386733e-07 4.323395e-05 3.1359144e-07 6.931052e-07 5.7841555e-07 8.7598073e-07 1.3513883e-07 1.3162061e-06 2.4793053e-07 1.5852798e-06 2.9900668e-06 1.2837992e-07 2.0974211e-07 3.1356572e-07 4.1477526e-07 1.841064e-08 2.1114568e-06 3.4707384e-08 1.0111161e-08 1.5911664e-07 4.797676e-07 6.163737e-08 1.0320738e-08 1.4556191e-07 1.5389592e-08 6.973072e-09 8.90457e-09 3.5490973e-07 1.5146403e-08 3.342123e-07 7.686684e-08 1.4328454e-09 3.6359757e-09 4.457347e-09 2.6175545e-07 1.885841e-07 3.674861e-08 3.2068772e-09 1.9579146e-07 3.9836408e-08 7.5755e-08 1.3767527e-10 2.2111972e-06 3.0626956e-07 4.197291e-10 1.6063101e-08 0.00029482448 2.8683442e-09 0.0001526737 2.0713364e-06 8.885224e-10 7.795299e-10 3.1220818e-08 5.436501e-05 1.3015473e-07 6.534267e-07 9.907086e-09 1.6003857e-07 8.4532803e-10 3.155319e-08 6.7744005e-11 0.00024742776 1.2102899e-09
0.8220728 0.15380909 0.7691849 0.031850964 0.54988533 0.00058166665 0.70968336 0.058403954 1.9792911e-16 0.004279501 0.8918208 0.17130415 0.001584052 0.43569615 0.53841126 0.6195674 0.010853045 0.06930304 0.3352468 0.74972445 0.2959417 0.47290084 0.07629013 0.2705677 0.1931451 0.056669995 0.1356496 0.14076512 0.0600132 0.0017980972 0.0019927158 0.0044946796 0.0004069241 0.023809329 0.0056279483 0.00051754166 0.006612461 0.02921382 0.0006824303 0.06099226 0.00048136094 0.00034225604 0.00025312268 0.0022593015 0.00017708837 0.0025459137 8.618721e-05 0.0018066891 0.0035390127 0.00058011437 0.0018580431 0.0007776192 5.956757e-05 0.000117314135 0.00033361508 7.382586e-05 4.087917e-05 8.187831e-05 0.0006206142 4.833475e-05 1.3756012e-05 0.00012336615 1.7523074e-05 8.220963e-06 1.7078075e-06 5.548481e-05 2.3848226e-05 6.258003e-06 6.3077828e-06 6.8199455e-07 4.494237e-06 2.9644573e-07 6.769574e-06 4.0901548e-07 1.3398965e-05 1.7015559e-07 7.689118e-06 3.6051628e-07 3.392014e-08 2.7627156e-08 4.1167996e-06 5.583011e-06 8.843135e-08 2.6532973e-08 0.013651197 2.4958913e-08 0.0010134969 1.8472451e-07 1.10443615e-07 7.116238e-08 1.3619803e-06 0.0013885748 2.205008e-08 2.0314532e-08 6.7018016e-07 1.1076696e-08 3.5988027e-08 2.4122768e-08 3.2625018e-09 0.0013250259 8.269817e-10
1.3698899e-06 0.026297446 0.0053618257 0.017128715 0.06579099 0.025844604 0.0011043731 0.5846589 0.004279501 1.1774214e-14 0.019963989 0.3102825 0.5783973 0.031315178 0.004949603 0.0030463028 0.20433451 0.090899244 0.0014244196 4.3515443e-05 0.0008325056 9.482383e-05 0.058512047 0.0001288166 2.280893e-05 0.004424532 1.3590642e-05 9.039524e-06 8.207466e-06 0.0001942655 3.973277e-05 1.6174403e-05 2.7345136e-06 4.1353353e-05 2.0220434e-05 1.5130018e-06 1.8418026e-05 7.213102e-05 3.244978e-06 1.7055623e-05 2.3124038e-07 1.4276145e-07 1.3631172e-06 5.8038273e-07 2.5825062e-07 1.29126e-05 2.1938524e-07 1.6601331e-06 2.0448291e-05 2.4146848e-06 1.4086422e-06 6.0288585e-07 4.6129608e-07 1.1009826e-07 1.049569e-06 3.5984085e-06 1.1569111e-06 1.4315254e-06 9.106456e-07 1.7826031e-07 5.2820616e-07 7.751577e-06 5.02632e-07 1.650886e-06 1.2020776e-06 9.772546e-08 6.356713e-07 3.6127798e-07 5.752277e-07 2.743787e-06 6.567861e-07 5.9359616e-07 3.0454224e-08 1.1532286e-06 4.5878784e-07 9.07798e-09 2.7346257e-08 1.7462792e-06 4.0253073e-07 7.200461e-09 1.6889986e-07 8.058526e-08 3.7456907e-08 8.293452e-07 0.00011330975 5.959543e-08 4.7481986e-05 2.3132709e-05 3.4706602e-07 3.2606854e-07 3.5199186e-08 3.3488025e-06 2.608648e-07 6.906908e-07 1.1536472e-07 2.2453055e-06 9.2617654e-08 1.5564066e-06 8.588914e-08 5.8155903e-05 4.607911e-08
0.50717163 0.022530315 0.065860696 0.00746377 0.28737026 0.0009656432 0.08858293 0.11978259 0.8918208 0.019963989 1.4003114e-19 0.5853109 0.006128684 0.8394018 0.88826275 0.86765075 0.03841943 0.1774025 0.57374555 0.123831056 0.48769224 0.24925157 0.06656633 0.25815836 0.0131376395 0.19965497 0.025502369 0.03229091 0.0027763618 0.006092295 0.007329515 0.00036988722 6.8967915e-05 0.01198249 0.0023934022 3.9535164e-05 0.0018486897 0.0009217915 4.1314208e-05 0.0011153662 0.0009756502 6.246406e-06 5.3934215e-05 1.38169125e-05 5.899518e-06 0.0008876278 2.5325232e-06 0.0002063517 0.00048317076 0.00019956376 9.458648e-05 7.884185e-05 1.2838256e-06 7.561591e-06 8.401791e-05 1.8485316e-05 7.886436e-06 7.3781586e-05 5.2677924e-06 8.3799694e-07 3.2993876e-06 2.5020723e-05 5.694231e-07 2.03931e-07 8.246117e-07 1.5700572e-05 3.1298612e-07 1.8834481e-06 1.502812e-06 7.273276e-08 7.79715e-08 3.1785066e-07 3.1249117e-06 6.591856e-07 2.455121e-06 2.5264105e-08 2.0754533e-06 4.5685297e-08 6.952892e-07 5.528646e-09 1.1933498e-06 4.6582363e-06 3.067808e-09 1.2150988e-07 0.0046607233 2.649119e-09 0.00042633733 6.890289e-07 3.9209658e-09 3.3635235e-09 1.6545109e-06 0.0016659173 2.4441e-07 3.9277813e-07 1.1760419e-07 4.4515716e-08 2.020898e-09 6.244544e-09 1.3033066e-10 0.00066112727 4.394212e-10
0.007935026 0.00768012 0.005342794 0.01662341 0.18996958 0.0084173195 0.005410152 0.58602065 0.17130415 0.3102825 0.5853109 8.878814e-19 0.20301779 0.95203185 0.28562763 0.21564339 0.42914277 0.77723694 0.20283878 0.00082505663 0.16435786 0.006598939 0.0817262 0.011571423 0.00018930118 0.2250438 0.00046384477 0.00036005283 3.747186e-05 0.03760522 0.010590165 5.367212e-05 0.0020120582 0.0044010887 0.0006396784 5.706781e-06 0.0008148411 5.0198655e-06 1.0886977e-05 4.6593964e-06 0.00047566244 7.9774463e-07 0.00020640877 1.5721294e-07 6.43356e-08 0.0002543767 6.061293e-07 2.0195446e-06 5.757975e-05 4.158879e-05 3.1884538e-06 1.0577838e-06 1.8936158e-05 5.967799e-07 2.4015874e-06 1.0937429e-05 3.346449e-06 1.5189576e-07 1.3681009e-05 2.0091683e-07 1.6751397e-06 3.4938455e-06 5.485596e-07 7.780905e-06 1.6549355e-06 8.688948e-08 5.516872e-06 2.7597676e-07 4.7931234e-08 5.0816567e-07 5.9037895e-08 3.3272013e-07 4.2647347e-08 2.3299935e-07 2.3341036e-07 1.1606359e-07 5.4497395e-08 6.0268354e-07 1.0812869e-07 2.7677103e-08 2.6995735e-07 2.1358132e-07 1.8572246e-08 3.2174435e-07 9.1233815e-05 4.9845803e-09 8.151564e-05 1.6058937e-06 4.5638963e-08 1.2934771e-07 2.5150484e-07 6.6490335e-05 6.4044127e-07 2.4772064e-07 8.292033e-08 4.49795e-08 8.82998e-10 1.5087922e-07 7.782957e-09 0.00040428143 9.421978e-09
1.800871e-07 0.0062149144 0.0014391096 0.0013668711 0.008986675 0.016618717 0.00018416383 0.2115766 0.001584052 0.5783973 0.006128684 0.20301779 1.4265648e-17 0.018894395 0.0010920493 0.00059703755 0.48509574 0.33799943 0.00054235413 3.4315758e-06 0.0007043242 1.8532268e-05 0.013908367 5.9792445e-05 6.170537e-06 0.009959826 3.3743282e-07 5.209264e-07 1.5144013e-07 0.0010578319 0.00045977777 1.0732064e-06 4.4666027e-05 4.5157963e-06 2.8566567e-06 8.5946176e-08 1.8606852e-06 1.6844433e-05 1.462242e-07 3.2619655e-06 3.7848015e-06 3.0342665e-08 2.6161208e-06 1.2754278e-07 1.5613617e-08 1.1286842e-06 2.0538906e-08 1.680883e-08 3.8983896e-07 2.8830166e-07 6.6627976e-08 6.120206e-08 2.756054e-07 2.375022e-09 5.3640726e-08 2.4608323e-07 1.5451468e-07 4.4641048e-08 2.7206152e-08 2.1341158e-08 8.00442e-08 1.235319e-06 3.0772274e-08 3.044207e-07 1.4371481e-07 8.0045535e-09 7.5681626e-08 1.3762368e-08 1.5361936e-08 3.6207888e-07 1.7686615e-07 1.6763535e-07 8.580969e-09 2.2150627e-07 4.809665e-07 6.700006e-09 2.2876385e-08 1.4633314e-07 1.3909379e-07 1.1207345e-09 7.0034524e-08 5.897532e-08 3.5335652e-09 3.0484546e-07 1.1566459e-05 8.887721e-09 1.1153182e-05 2.543243e-06 3.452094e-08 1.4803612e-08 7.699343e-09 1.0957509e-06 3.5371407e-08 1.3345034e-07 3.4892906e-08 1.5145169e-07 3.6191696e-09 4.2412776e-07 4.6116013e-09 2.4327195e-05 5.5026295e-09
0.043991417 0.0013574264 0.0043201027 0.0023781944 0.06327763 0.00042276265 0.013011331 0.2753171 0.43569615 0.031315178 0.8394018 0.95203185 0.018894395 1.1197395e-19 0.6176047 0.5386897 0.13007098 0.68876475 0.6025329 0.0041442183 0.6085602 0.040677313 0.05777019 0.068972036 0.0012854178 0.46054044 0.005290832 0.0036601992 0.0008053753 0.05597598 0.018015774 0.000288466 0.001203628 0.018055798 0.0021452222 8.047787e-05 0.0023723093 6.555389e-05 8.627998e-05 0.00012867429 0.0014374374 2.5488263e-05 0.00020176602 1.10588435e-05 3.4489024e-06 0.001272355 1.091592e-05 6.626359e-05 0.00058691396 0.00043842918 0.00010872373 1.851088e-05 1.0904236e-05 5.377128e-06 1.3472681e-05 3.8009362e-05 1.8129558e-05 2.9856985e-06 3.708266e-05 2.6567234e-06 1.9834555e-05 9.4763855e-06 9.102871e-07 1.0956606e-05 6.7483165e-06 1.1403008e-06 6.4527296e-07 2.039233e-06 7.4779337e-07 9.844962e-07 6.6210674e-08 4.404554e-06 1.1607283e-06 2.485592e-06 3.255304e-07 1.2611277e-07 1.4499462e-06 1.0063446e-06 7.343809e-07 1.8226022e-08 3.2897165e-06 4.272336e-06 7.1104e-09 2.176588e-06 0.00093880435 6.291048e-09 0.0003844303 2.2091106e-06 8.799507e-08 6.2120684e-08 2.7923844e-07 0.00084269926 1.0252559e-06 1.6270561e-06 2.1499682e-08 3.0025151e-07 6.1262956e-10 2.1632104e-07 2.8515268e-09 0.0013776369 1.0863138e-08
0.6011235 0.0045096143 0.01003117 0.00017134703 0.009741663 4.934088e-05 0.045668922 0.007056 0.53841126 0.004949603 0.88826275 0.28562763 0.0010920493 0.6176047 7.839353e-19 0.9586714 0.015249437 0.13135767 0.7869214 0.11690175 0.6989758 0.3617248 0.0075619374 0.42369297 0.015608633 0.30955753 0.04192124 0.05954812 0.0042481823 0.017478604 0.037659615 0.0018248383 0.00071054994 0.037334524 0.008256092 0.0005955249 0.0026694245 0.0018854637 0.00060808886 0.0017650971 0.0055853124 4.7753183e-05 0.00055488566 0.00020542415 4.16093e-05 0.0015824583 2.368684e-05 0.0023269192 0.0032673443 0.0010347256 0.0021715995 0.00020426587 7.0313166e-05 0.00034255272 0.0004982777 6.32487e-05 5.7057558e-05 0.00041594545 0.0005123802 6.506782e-05 6.871568e-05 0.00013206496 6.272023e-05 2.9249134e-06 1.5415042e-05 0.00015355494 1.6227614e-05 2.06115e-05 1.13165415e-05 4.768449e-06 4.823455e-05 9.864228e-07 2.1850637e-05 3.6096288e-05 4.1312833e-05 2.1056503e-07 2.9178465e-05 1.9876695e-06 1.3088916e-05 7.126792e-08 1.4850508e-05 2.1748043e-05 3.393496e-08 1.6138632e-06 0.0076060635 5.5310647e-08 0.0016037686 4.375491e-06 2.1795383e-07 1.6984503e-08 2.5063964e-06 0.004773322 6.248053e-07 5.293958e-07 2.6142817e-07 6.48317e-07 8.95502e-09 3.1790474e-08 2.0415514e-09 0.0019140051 3.7742818e-09
0.81989825 0.00296439 0.01071439 8.099451e-05 0.0060811155 6.384131e-05 0.07193488 0.004334346 0.6195674 0.0030463028 0.86765075 0.21564339 0.00059703755 0.5386897 0.9586714 1.1697005e-19 0.011969911 0.13914493 0.78566825 0.17336297 0.6519705 0.53409404 0.007315633 0.5807129 0.0257709 0.30736327 0.08334239 0.11332527 0.012355565 0.0130858645 0.034958094 0.0029512648 0.00091463805 0.05223969 0.010497521 0.0007881192 0.0045652078 0.0033313166 0.0007448762 0.006963358 0.0061900048 0.00024099916 0.0010140751 0.00052295404 0.00013105733 0.0019969477 3.4223514e-05 0.0046389857 0.0041862484 0.0010115464 0.003206878 0.00031934027 0.00040061554 0.00026992377 0.00087738835 6.601834e-05 9.511656e-05 0.00032211078 0.0004162488 2.4895528e-05 5.213583e-05 0.0001668396 3.0623483e-05 4.3185883e-06 8.162575e-06 0.00013266368 5.270549e-05 1.2721236e-05 7.1829563e-06 3.5470757e-06 4.3353273e-05 2.1151632e-06 1.601815e-05 2.0109263e-05 3.877733e-05 8.936848e-07 2.0328673e-05 8.73966e-06 1.5150501e-05 2.1075448e-07 1.0243788e-05 2.0639627e-05 2.115965e-07 1.0204011e-06 0.008087056 9.760419e-08 0.0012812968 9.761336e-07 1.5069811e-06 4.3709946e-08 2.8813195e-06 0.006924112 1.1186017e-06 5.251999e-07 6.2080807e-07 1.9144848e-07 1.4516757e-08 3.939942e-08 8.27031e-09 0.0011352311 2.8840834e-09
3.19211e-05 0.005747141 0.0015026357 0.0014414528 0.0070580994 0.0060023232 0.0010611146 0.16960442 0.010853045 0.20433451 0.03841943 0.42914277 0.48509574 0.13007098 0.015249437 0.011969911 2.9896283e-17 0.742599 0.009757028 0.00015850333 0.0089285895 0.0008829443 0.009619868 0.0021103155 2.5343728e-05 0.07818757 5.9121656e-05 2.737777e-05 7.0769174e-06 0.009096403 0.00412535 2.9597344e-05 0.0011602105 0.0010559027 0.00022751634 7.6599406e-07 0.0003930607 0.00013094091 3.342169e-06 2.0836154e-05 0.00038175817 2.774104e-07 0.000116433606 6.438941e-07 4.5448576e-07 0.00011084708 1.6750991e-07 1.2337215e-06 0.00010788639 1.4709711e-05 3.0844906e-06 1.5711589e-06 8.462113e-06 3.5414425e-07 1.4137726e-06 1.5395883e-05 4.3466025e-06 8.4899233e-07 4.424911e-06 4.2059565e-07 2.8490956e-06 2.0959938e-05 4.911122e-07 4.672274e-06 4.6835294e-06 1.18939305e-07 1.2925843e-05 1.9665265e-07 7.5106854e-08 4.1436665e-06 1.4444724e-06 1.8365469e-06 5.645749e-07 5.889158e-06 1.1008352e-06 2.5287921e-08 5.6118716e-07 2.755761e-06 2.2042598e-06 4.2103547e-09 1.5730975e-06 2.6544492e-06 1.203943e-08 1.5148153e-06 0.00011301912 6.950356e-08 2.7865502e-05 4.967819e-05 4.6940997e-08 8.837149e-08 7.756804e-08 1.6432059e-05 3.9823516e-07 5.6372113e-07 1.3310056e-07 2.0399705e-06 1.9709244e-08 2.9913946e-07 4.900221e-09 0.00015323589 5.248213e-09
0.0021223344 0.0013007944 0.0029233615 9.7527016e-05 0.012738446 0.0010728393 0.0071902247 0.11484641 0.06930304 0.090899244 0.1774025 0.77723694 0.33799943 0.68876475 0.13135767 0.13914493 0.742599 2.4155528e-21 0.11131478 1.7889741e-07 0.14916012 0.0038306157 0.01526673 0.012678902 5.704134e-05 0.5313828 2.4234549e-05 9.868835e-06 6.3419716e-06 0.22505334 0.07488701 9.721116e-06 0.0225245 0.020899424 0.00069406297 6.8899345e-07 0.0036411504 1.2207181e-05 3.995049e-07 2.7076901e-05 0.0028541663 5.7191846e-07 0.00031476343 4.31913e-07 5.3114476e-08 1.216915e-05 6.741851e-08 5.4640907e-07 1.0243113e-05 2.0811715e-06 4.0859916e-07 1.09213765e-07 1.4312437e-05 1.7667693e-08 1.4290354e-07 4.2472112e-07 8.8182404e-08 6.459579e-08 2.2468626e-06 2.6278279e-08 5.860531e-07 1.5273085e-07 2.9933048e-08 1.2536141e-07 1.8348425e-07 3.169778e-08 2.1110287e-07 1.6074142e-07 1.0918607e-07 2.0509622e-08 9.433324e-09 6.878298e-08 4.2636124e-08 2.0934604e-07 9.837228e-09 1.6868495e-09 1.2229425e-07 1.2518387e-07 3.2398867e-07 2.0833138e-10 9.78473e-07 4.2955756e-07 7.498411e-10 1.10948875e-07 6.386335e-05 7.226903e-10 0.0001213093 8.170261e-06 1.1353087e-09 2.9635299e-09 5.184458e-09 6.412872e-05 1.2114437e-07 3.764748e-07 1.6130667e-09 1.5533824e-07 1.8750261e-10 6.4757884e-08 2.2598064e-11 0.0010136478 7.317445e-11
0.57160467 0.0006633222 0.0011089424 1.9716064e-05 0.0019631681 1.562678e-05 0.017021185 0.002544325 0.3352468 0.0014244196 0.57374555 0.20283878 0.00054235413 0.6025329 0.7869214 0.78566825 0.009757028 0.11131478 2.396243e-21 0.050210666 0.9629699 0.32129863 0.0033267702 0.53632563 0.01080223 0.5743598 0.039733157 0.07318517 0.00764004 0.04422016 0.08087521 0.002848107 0.0015457548 0.12702654 0.017525533 0.00148763 0.018332092 0.002290017 0.0013323189 0.0031463287 0.012070714 0.00013966717 0.00060701324 0.00044354843 0.000103530634 0.0028573638 7.6089396e-05 0.0030029838 0.0039245337 0.0014122265 0.0025085176 0.0001950398 2.9097937e-05 0.000910779 0.00030635326 0.00014236115 0.0001475185 0.00038589296 0.00013787816 8.0660044e-05 0.00010408622 7.9139696e-05 3.980286e-05 3.9229953e-06 8.0685395e-06 0.00015612309 2.6791874e-06 5.563778e-05 5.6848014e-05 5.115216e-07 1.7745674e-06 7.1877554e-07 6.0990937e-05 4.8261558e-05 5.9916106e-06 3.666886e-08 3.8598457e-05 1.84844e-07 8.745956e-06 1.3696796e-08 6.443527e-06 9.0747135e-06 1.793034e-09 2.3007605e-07 0.011838096 3.0343925e-09 0.0025945457 3.071135e-06 2.0509663e-08 1.3676297e-09 5.795011e-07 0.0103473 9.7451284e-08 5.105965e-07 3.6831484e-08 1.9799307e-07 4.372902e-09 1.2387556e-08 1.3904729e-10 0.001971516 2.1170388e-09
0.79485255 0.0759945 0.20379236 0.0021688365 0.04333783 3.2788248e-05 0.7552063 0.00054015446 0.74972445 4.3515443e-05 0.123831056 0.00082505663 3.4315758e-06 0.0041442183 0.11690175 0.17336297 0.00015850333 1.7889741e-07 0.050210666 5.322936e-20 0.036052946 0.66027117 0.1111398 0.36850253 0.96920955 0.0022786811 0.38746613 0.3277802 0.62566644 8.81526e-05 0.00031232258 0.3108757 1.0751139e-06 0.015658116 0.020781057 0.010076369 0.015541168 0.43432185 0.018293338 0.41548666 0.00022555751 0.002477716 3.2860215e-05 0.02753668 0.0969657 0.0060867835 0.004651239 0.003372749 0.0049689137 0.0019907667 0.013920462 0.013000787 1.4985527e-06 0.001960086 0.0031257432 0.000101974154 4.3803237e-05 0.0022003052 8.645018e-06 2.1969761e-05 1.6890455e-05 2.4479446e-05 6.8046884e-06 3.7518632e-07 1.5677344e-06 0.00083286245 1.576254e-08 0.00013021454 4.6367517e-05 1.716418e-07 4.2933763e-07 1.4922172e-07 0.00027192797 4.8856164e-05 6.2675383e-07 1.265127e-07 3.7455928e-05 8.162912e-07 1.7486037e-06 3.591212e-08 2.2219005e-07 1.0417747e-06 1.9433044e-09 1.938908e-07 0.016985487 5.600662e-08 0.0007236866 5.2535216e-07 1.560263e-08 1.186125e-09 9.3109875e-08 0.0023923751 4.6533987e-07 4.1557843e-08 3.9610395e-08 2.3822095e-08 5.059253e-09 4.2295053e-08 2.3952923e-10 3.510467e-05 4.3248048e-11
0.45058528 0.00041055318 0.0014297335 5.55862e-06 0.00196177 3.1010252e-06 0.009716366 0.0036153947 0.2959417 0.0008325056 0.48769224 0.16435786 0.0007043242 0.6085602 0.6989758 0.6519705 0.0089285895 0.14916012 0.9629699 0.036052946 4.500727e-21 0.42057335 0.0015673765 0.70124143 0.010277675 0.80773675 0.072396785 0.09899813 0.008932453 0.24751738 0.2747192 0.0025193626 0.02482045 0.38812122 0.077062204 0.0009063 0.10534963 0.0017209657 0.0005985152 0.003995562 0.037707396 0.00025870212 0.0035827225 0.0009072222 0.00016342221 0.016382232 0.00020703669 0.0030954499 0.008072031 0.0036612698 0.003934485 0.00023562014 0.00044015335 0.000651019 0.00053930184 0.00070426246 0.0005726206 0.000685661 0.00026218657 0.00011713381 0.0003505288 0.00048881635 4.2228334e-05 2.021147e-05 2.6325526e-05 0.00036018022 5.0743492e-05 5.0874856e-05 2.6380189e-05 1.5986064e-06 1.31237375e-05 2.3124137e-06 0.0003048773 5.7300214e-05 1.3221057e-05 2.8066623e-07 5.606341e-05 5.5568976e-06 5.4445947e-05 1.088446e-06 1.2653104e-05 3.2217973e-05 2.1420674e-07 2.4662722e-06 0.013067369 1.17701916e-07 0.0036446834 8.098079e-06 2.5251027e-06 4.6744282e-07 3.388823e-06 0.013442694 1.7135175e-06 1.989217e-06 4.0560386e-07 7.485596e-07 2.4611126e-08 2.4528251e-06 3.324897e-08 0.0028067979 1.5943598e-08
0.95054686 0.0020284085 0.013452216 4.142772e-05 0.0023576277 3.4205812e-06 0.04806946 0.00047326222 0.47290084 9.482383e-05 0.24925157 0.006598939 1.8532268e-05 0.040677313 0.3617248 0.53409404 0.0008829443 0.0038306157 0.32129863 0.66027117 0.42057335 3.192664e-20 0.0010977421 0.9757493 0.18275732 0.07524473 0.6850711 0.5489653 0.08196176 0.0031426223 0.031768076 0.09043139 0.00045887497 0.108058356 0.062331676 0.024763912 0.06068324 0.085022695 0.009945929 0.14176098 0.029079476 0.0060490626 0.0013205414 0.020009685 0.010625719 0.03208949 0.0058447947 0.022198686 0.049334735 0.013333326 0.05535869 0.01487921 0.0001623078 0.014992935 0.016551482 0.0027732288 0.0026792474 0.0062896875 0.00051972433 0.0011615906 0.0010462892 0.002038763 0.00070897053 4.5918136e-05 0.00012600404 0.004864444 2.8036986e-05 0.0019547555 0.00085266656 8.087167e-06 0.00016773044 5.30342e-06 0.0035374197 0.000571236 3.8903954e-06 1.3158734e-06 0.00083900173 7.7223825e-07 0.00010423284 7.476354e-06 0.00010367152 0.00040090486 1.4515705e-06 5.697599e-07 0.019791234 4.1950162e-07 0.0019572636 4.617096e-06 1.1133527e-06 2.100514e-07 8.25861e-06 0.012601355 1.6168796e-06 7.805711e-07 1.6534117e-06 2.1116371e-07 8.403578e-09 1.033643e-06 1.5341879e-08 0.0017947409 1.5188344e-07
1.782927e-06 0.84228545 0.6971511 0.17205161 0.09781578 0.83814895 0.40201533 0.05579564 0.07629013 0.058512047 0.06656633 0.0817262 0.013908367 0.05777019 0.0075619374 0.007315633 0.009619868 0.01526673 0.0033267702 0.1111398 0.0015673765 0.0010977421 1.4053738e-19 0.00025376442 0.005285569 0.007909919 2.1985084e-05 7.144394e-05 0.00023818872 0.0007210213 0.0002536369 5.888897e-05 1.6968097e-05 1.9098714e-05 2.2401946e-05 2.0019547e-06 5.096671e-06 0.005837706 1.863915e-05 0.0017886127 3.1485455e-05 1.5005521e-06 2.652975e-05 6.520044e-05 0.000109085275 2.8817356e-05 2.7825352e-05 1.3202006e-05 1.5886388e-05 3.541725e-06 2.612927e-06 6.2243985e-06 3.848934e-06 1.1383396e-06 5.59921e-06 1.5859858e-06 1.5807536e-06 4.3392633e-06 2.3687098e-06 2.1051917e-06 7.2259417e-07 5.4892547e-07 3.5818562e-07 3.5215436e-08 7.1764575e-08 6.895624e-08 3.5038843e-07 3.5458886e-08 8.3438486e-08 1.1230433e-09 1.0574381e-11 1.1095796e-07 1.3940125e-10 4.0931983e-11 5.8538e-07 1.31891005e-08 5.4780827e-13 2.9917295e-08 2.7536375e-14 6.456501e-11 3.817779e-14 7.9027225e-15 2.2024648e-12 2.7446437e-11 4.666484e-10 1.0531774e-14 1.0121271e-12 2.3547124e-15 3.657581e-16 4.6254e-15 5.1192336e-12 8.011234e-15 1.2149716e-16 7.5721024e-16 8.073829e-13 8.728265e-19 4.4272438e-16 8.687341e-19 1.668069e-20 7.1838403e-19 1.5333e-21
0.9431314 5.2388426e-05 0.00045228025 1.27383e-06 0.0018471854 1.2608182e-06 0.011631952 0.00026116142 0.2705677 0.0001288166 0.25815836 0.011571423 5.9792445e-05 0.068972036 0.42369297 0.5807129 0.0021103155 0.012678902 0.53632563 0.36850253 0.70124143 0.9757493 0.00025376442 3.3128633e-19 0.08420356 0.3147086 0.6088038 0.49055326 0.03982949 0.02969403 0.18647893 0.04383123 0.0077074734 0.53425246 0.43801165 0.023698896 0.24658385 0.033449516 0.009027689 0.04155043 0.16693223 0.006895043 0.019584963 0.010502016 0.005888246 0.0791363 0.0049306736 0.05918154 0.17701319 0.03057176 0.13306491 0.011507832 0.0027520175 0.03917176 0.013743556 0.004268846 0.0039770743 0.008518611 0.008175873 0.004906762 0.0023921495 0.0033141195 0.0021553247 0.0003054856 0.0002729053 0.012088252 0.0005132446 0.005867483 0.0010595776 4.911769e-05 0.0006306105 2.687672e-05 0.009308126 0.0014626926 1.698769e-05 3.8056164e-06 0.0007849396 1.3329604e-05 0.000587781 6.9752373e-06 0.00015233846 0.00059588737 5.4327656e-06 6.6183253e-07 0.01891695 2.6601967e-06 0.003555867 4.5324738e-05 1.0810127e-05 2.024686e-06 2.524449e-05 0.010160727 1.4323401e-05 9.451097e-06 1.9848017e-06 7.725384e-06 3.24525e-08 9.05781e-06 1.4241898e-06 0.0028868122 8.5670115e-07
0.97434616 0.0045705787 0.019858718 3.7273483e-05 0.0012671679 1.3275967e-07 0.22004426 0.00013489246 0.1931451 2.280893e-05 0.0131376395 0.00018930118 6.170537e-06 0.0012854178 0.015608633 0.0257709 2.5343728e-05 5.704134e-05 0.01080223 0.96920955 0.010277675 0.18275732 0.005285569 0.08420356 3.2842263e-18 0.0023907549 0.17104071 0.20422934 0.8786718 0.00032990103 0.0023841404 0.33649978 0.0001779594 0.017360035 0.01871025 0.03156427 0.019292321 0.68906367 0.08409787 0.723011 0.003638677 0.019583797 0.000504082 0.25868848 0.29491183 0.007427996 0.034711115 0.030049827 0.0079449145 0.0038654325 0.012402085 0.070673294 0.0019282084 0.004648381 0.032846514 0.0012735585 0.001767757 0.012810507 0.001941543 0.00067911134 0.0005672248 0.0013833281 0.00023798572 3.2674223e-05 4.400648e-05 0.0049177124 0.00039101002 0.0012785085 0.0006440517 8.673418e-06 7.278426e-06 8.4838946e-05 0.0016896006 0.00082583237 0.0072984756 0.00019927678 0.0009652063 0.0008375424 0.000110398185 4.576399e-05 3.8728656e-05 6.678501e-05 1.981182e-06 3.190002e-06 0.049425762 8.315798e-06 0.003330335 3.1829309e-06 3.523072e-06 5.0110835e-08 7.008207e-05 0.017516518 6.4379315e-06 3.6566942e-07 1.9549074e-05 3.194866e-07 1.12331456e-07 9.563423e-08 2.8693472e-08 0.001859934 8.8243224e-10
0.24039192 0.00039925834 0.00024062871 3.3844822e-06 0.0010724126 5.1538067e-05 0.003020595 0.008985548 0.056669995 0.004424532 0.19965497 0.2250438 0.009959826 0.46054044 0.30955753 0.30736327 0.07818757 0.5313828 0.5743598 0.0022786811 0.80773675 0.07524473 0.007909919 0.3147086 0.0023907549 1.7038204e-19 0.015794588 0.020764632 0.00074655213 0.8778211 0.9526087 0.00047641178 0.53552693 0.43089366 0.07870636 0.00014583796 0.15210406 0.00021239258 0.00024889177 0.00032953123 0.4071851 3.5463607e-05 0.15518813 3.7619006e-06 2.3301548e-06 0.017594704 1.1234078e-05 0.0007119412 0.0051873997 0.0047652624 0.0018086431 4.727029e-06 0.010116892 0.00034657854 2.8988256e-05 0.0011972736 0.0012325566 1.7977583e-05 0.0026932952 5.5116536e-05 0.0009976967 0.00052313734 2.8834293e-05 4.1916814e-05 3.139622e-05 7.897244e-06 0.00026521995 7.049112e-06 4.18305e-06 1.1865296e-06 3.7029947e-06 7.358605e-06 5.7456623e-06 7.737698e-06 2.4130697e-05 2.450752e-07 2.5839265e-06 6.0756306e-06 1.037055e-05 5.6436093e-08 1.3334692e-05 8.13712e-06 3.0716976e-08 5.300925e-07 0.00412166 2.4894064e-08 0.002215516 2.3341313e-06 2.1706745e-07 5.5487423e-08 2.1789293e-07 0.005370874 6.7514725e-07 2.9371466e-07 1.5991354e-08 2.4090482e-07 8.1818236e-08 1.1929394e-07 3.1278272e-08 0.0040954878 6.469316e-09
0.9201961 0.0002172028 0.0017326243 7.14126e-07 0.00027031585 7.689602e-08 0.021313429 2.3852206e-05 0.1356496 1.3590642e-05 0.025502369 0.00046384477 3.3743282e-07 0.005290832 0.04192124 0.08334239 5.9121656e-05 2.4234549e-05 0.039733157 0.38746613 0.072396785 0.6850711 2.1985084e-05 0.6088038 0.17104071 0.015794588 4.4758685e-20 0.987861 0.25069088 0.0011088336 0.011189031 0.5824584 0.00014798687 0.046248537 0.10752526 0.36140308 0.06222323 0.093906954 0.17398039 0.10199724 0.025838979 0.20429781 0.00185522 0.14372303 0.12197771 0.028066562 0.1361056 0.25803825 0.054915875 0.020641373 0.064145766 0.10294307 0.00022173508 0.02740344 0.09951015 0.001668248 0.003463301 0.03217522 0.0025858926 0.0047759335 0.001133384 0.0011271547 0.0013802651 0.0002093288 0.00016773395 0.03967531 2.0676982e-05 0.0066880276 0.0037235967 6.573751e-05 0.00059597037 1.938457e-05 0.019108212 0.0023088467 0.00010988152 3.661713e-05 0.004328063 5.9283415e-05 0.00146966 5.1526953e-05 0.00017934696 0.001164822 8.59279e-06 6.262057e-06 0.06524982 6.7794423e-07 0.020322757 3.5540223e-05 2.0028265e-05 2.131895e-06 1.2510869e-05 0.037965033 1.0817325e-05 2.177568e-06 9.012255e-06 2.5405157e-06 8.946441e-07 8.631006e-06 5.797642e-07 0.0062355385 2.0414552e-06
0.95907336 0.00023822076 0.0013169462 1.0763367e-06 0.0003414433 5.076566e-07 0.0335735 5.0560753e-05 0.14076512 9.039524e-06 0.03229091 0.00036005283 5.209264e-07 0.0036601992 0.05954812 0.11332527 2.737777e-05 9.868835e-06 0.07318517 0.3277802 0.09899813 0.5489653 7.144394e-05 0.49055326 0.20422934 0.020764632 0.987861 2.1550555e-19 0.3031293 0.0007994752 0.008482062 0.6007036 0.00025529708 0.11836766 0.12816828 0.40359712 0.13601698 0.1427153 0.20940988 0.23046836 0.02953811 0.2728509 0.0025422417 0.24695219 0.1174739 0.031997543 0.19406958 0.33537284 0.057692274 0.023232853 0.046336576 0.18633935 0.0008865522 0.015868174 0.25301537 0.0023130537 0.0022911618 0.035216015 0.014581452 0.0026984254 0.0011078552 0.0011555336 0.0006432697 0.00025553894 0.00018513872 0.027163938 8.046083e-05 0.0026611192 0.0020340523 3.16335e-05 0.00013101236 0.00014122594 0.009347886 0.00065478473 0.0014095798 0.000119234544 0.0014650371 0.00026184274 0.00030525174 1.0416353e-05 0.00036065577 0.0005967319 6.2833084e-07 5.0372105e-06 0.055484485 1.6134263e-06 0.009850899 1.5530299e-05 3.3157646e-06 1.1565245e-07 1.1741423e-05 0.032008156 1.676479e-06 6.097714e-07 1.6563661e-06 4.2493423e-07 2.1106585e-07 2.061598e-07 5.9410894e-08 0.009141515 1.01638165e-07
0.97847295 5.9275724e-05 0.0010112628 4.43075e-08 0.0001208071 3.4348122e-09 0.108630165 1.12773905e-05 0.0600132 8.207466e-06 0.0027763618 3.747186e-05 1.5144013e-07 0.0008053753 0.0042481823 0.012355565 7.0769174e-06 6.3419716e-06 0.00764004 0.62566644 0.008932453 0.08196176 0.00023818872 0.03982949 0.8786718 0.00074655213 0.25069088 0.3031293 1.93779e-16 0.00011885024 0.00063482777 0.8574287 0.00011639385 0.010405382 0.02314867 0.21553113 0.029130204 0.6058499 0.5952024 0.6798756 0.002627559 0.14559032 0.0004311977 0.60874665 0.6614825 0.0082542375 0.27436876 0.034930434 0.008238945 0.004355294 0.01367844 0.36530966 0.01197988 0.006141029 0.09717909 0.001514164 0.0020711944 0.008062663 0.0015429853 0.0006116813 0.00065670843 0.0018415331 0.00027549124 0.00017077115 0.00011929334 0.00526716 8.466089e-05 0.00056909356 0.0003148796 3.9870523e-05 7.490324e-05 0.00018839922 0.0021883885 0.00023788112 0.13424003 0.0014277952 0.00042304437 0.008290603 0.000199822 0.00024025132 9.520795e-05 0.0002743039 4.5527813e-06 2.5265132e-05 0.06429189 1.5611928e-05 0.004884932 3.405394e-06 1.3237521e-05 3.1890272e-07 4.085084e-05 0.02235913 2.7691572e-06 3.3666333e-07 0.00038716636 4.0412584e-07 1.0806319e-06 8.047371e-07 1.0463635e-07 0.010403264 4.8106997e-08
0.0025637522 4.6225614e-05 1.3369709e-05 6.8561484e-08 6.470705e-05 8.330365e-06 0.00058601657 0.00045665706 0.0017980972 0.0001942655 0.006092295 0.03760522 0.0010578319 0.05597598 0.017478604 0.0130858645 0.009096403 0.22505334 0.04422016 8.81526e-05 0.24751738 0.0031426223 0.0007210213 0.02969403 0.00032990103 0.8778211 0.0011088336 0.0007994752 0.00011885024 1.7546494e-19 0.87290627 0.00016590317 0.9150531 0.14987616 0.012155104 4.7942234e-05 0.034437057 0.00010136071 4.095616e-05 5.1790772e-05 0.24222991 8.27977e-06 0.1959161 5.4729685e-06 1.019407e-06 0.011092079 4.4539674e-06 8.953995e-05 0.0011902646 0.0014860539 5.8231763e-05 4.7533704e-06 0.065436766 1.3102491e-05 1.306162e-05 0.0012996629 0.00067254156 9.207928e-06 0.0023832424 9.736842e-06 0.00044380227 0.0007698055 1.913609e-05 0.00015116102 0.0001210368 6.6110834e-07 0.00060176605 1.3244309e-06 6.1210117e-06 2.0014098e-05 1.8191666e-05 1.2238177e-05 2.6040111e-06 1.1600793e-05 0.00021994323 2.1383762e-06 8.981573e-06 5.771736e-05 1.214141e-05 1.4471641e-06 1.139948e-05 2.2913213e-05 1.1111315e-06 1.3074605e-05 0.00074214383 1.8069403e-07 0.0003923487 3.1634318e-05 1.2348892e-06 7.58289e-07 5.4851537e-08 0.0010838559 2.4440874e-06 1.8102684e-06 2.750659e-08 5.5684706e-07 1.0656726e-06 5.2790374e-06 1.8153192e-07 0.0033302908 1.1239381e-07
