7.007974e-14 0.006484806 0.11148182 0.6019607 0.76208603 0.96858007 0.80446386 0.9209489 0.65351766 0.8910169 0.9855898 0.97801733 0.90785336 0.9639237 0.9489198 0.88910234 0.74462193 0.4871736 0.9706765 0.8532008 0.8342175 0.9802842 0.95193446 0.43465272 0.96617126 0.9285513 0.9848625 0.92876154 0.94505066 0.9973026 0.9694804 0.8840011 0.8320921 0.8264168 0.94090986 0.9604501 0.9189731 0.94944453 0.5597361 0.6135419 0.78522384 0.98016894 0.7460286 0.89486665 0.5344142 0.744917 0.9944219 0.99025625 0.8856657 0.99934804 0.9808743 0.97243893 0.98066276 0.9688164 0.9995164 0.9946087 0.9998344 0.99971545 0.9992244 0.99729466 0.9016017 0.69590956 0.9486074 0.82218176 0.92920923 0.9163337 0.8516427 0.979729 0.8813732 0.9604829 0.88945794 0.9404118 0.86250615 0.84914684 0.9243559 0.9901105 0.8663542 0.7633287 0.7137209 0.8228853 0.58166385 0.9128957 0.72827053 0.88618946 0.97071254 0.97378135 0.00017017126 0.8966013 0.986794 0.01751746 0.6211565 7.138346e-05 0.6018562 0.8648389 0.99964285 0.44397536 0.6600997 0.88788486 0.24103446 0.12836896 0.001800192
0.006484806 7.5365054e-18 0.98427814 0.9567465 0.32814723 0.45045814 0.16116773 0.14426026 0.03862494 0.008768694 0.9999639 0.0042468393 0.0037689463 0.0002132143 0.12516792 0.0060450025 4.1275138e-07 4.9171764e-09 0.00085005985 0.001638663 0.0006321722 0.0033272286 8.204593e-08 4.0652277e-11 9.056934e-05 2.3274627e-10 2.3626005e-06 0.00025961138 0.00019928439 5.5486074e-05 6.917363e-05 1.0607122e-08 5.5726992e-05 2.9481853e-06 7.7990444e-05 8.037991e-07 1.7620275e-08 1.8884371e-08 7.915856e-09 1.1501472e-09 4.0511594e-09 1.9919507e-06 1.850191e-09 5.8907723e-09 3.493464e-09 2.6462958e-09 0.00025380772 1.1308602e-05 3.9031995e-09 0.00022498066 3.7453585e-06 1.1955581e-05 4.2009902e-05 2.6110573e-07 0.00012253971 2.1121073e-06 6.3711275e-05 2.393111e-05 2.887634e-07 1.9293044e-08 8.774405e-07 4.916966e-07 5.4640303e-08 1.6308341e-08 1.8174845e-07 6.510921e-09 1.5328943e-09 1.6755598e-08 4.6868776e-09 3.212589e-09 1.8836048e-09 3.5809165e-09 3.2376282e-11 2.294206e-08 2.0105011e-10 1.0025588e-08 8.540628e-11 2.0087043e-09 4.043186e-07 1.6108514e-11 5.761616e-13 2.5252746e-11 5.7901767e-11 5.3066267e-12 3.2350762e-09 9.3529975e-11 7.4168655e-13 2.9804267e-10 1.2516393e-09 3.9736083e-12 2.7655755e-10 2.4195342e-12 2.3031017e-12 3.8608614e-09 1.734914e-09 4.31086e-12 6.215205e-13 2.4277906e-12 6.955828e-13 1.4961561e-14 1.3761342e-12
0.11148182 0.98427814 4.1564063e-10 0.95662796 0.75960845 0.13989536 0.10655635 0.05713015 0.99605924 0.04682361 8.784453e-05 0.019152012 0.015433673 0.008276648 0.007152067 0.0051540746 0.0011744752 0.00021416806 0.0046945103 0.00028734194 0.00045600536 0.00019203247 0.0018568962 8.443089e-06 4.3359664e-06 1.2815215e-05 4.489647e-05 0.0027620494 0.00061509263 1.509152e-07 2.12888e-06 2.4822377e-06 1.5134933e-05 2.2579217e-05 2.2793949e-05 1.9577162e-06 1.1792484e-05 2.6460555e-06 2.0442958e-06 4.570559e-07 4.1728736e-06 8.0528725e-06 1.9723066e-06 3.5930606e-07 3.1179056e-07 8.851673e-08 0.01331151 0.0007866674 5.55325e-07 0.010273163 4.2931e-06 4.7117912e-05 8.875541e-05 2.1095168e-06 0.0019369316 7.435972e-06 0.00018099889 0.00022660644 2.9880698e-07 7.913052e-08 2.2662455e-06 2.293141e-06 2.719334e-06 6.7208084e-06 3.821351e-05 2.0995476e-06 1.5709071e-06 2.8354194e-07 3.0255825e-07 1.4718444e-08 2.7573433e-06 2.1179039e-08 2.1033544e-07 2.271325e-05 1.2153224e-07 1.4247014e-07 3.8423542e-10 2.2878581e-05 0.00017709157 5.4678585e-11 8.314028e-12 1.2708147e-06 3.7713874e-06 4.8702833e-07 1.1292231e-07 1.1337054e-09 1.4920363e-09 1.9236136e-07 6.116865e-09 3.7939355e-07 2.8895968e-06 1.6175002e-09 2.5481265e-07 2.2382172e-05 1.6197207e-08 2.2307788e-08 1.4973827e-08 3.1889569e-09 5.76924e-08 9.238895e-09 9.394165e-09
0.6019607 0.9567465 0.95662796 5.4557476e-13 0.95604986 0.9756623 0.7236618 0.57559884 0.25807884 0.30647418 0.010165074 0.13636895 0.038904376 0.008459173 0.28080016 0.047612254 9.634926e-05 3.2696553e-06 0.027796337 0.009680998 0.007964525 0.018254684 1.3268778e-05 1.7337166e-07 0.0033164276 1.1235412e-06 5.5785563e-06 0.0056167147 0.006912965 0.0022602242 0.0013137119 2.7411743e-06 0.0016601221 8.1353624e-05 0.0017121651 3.826807e-05 2.9758544e-06 1.5423628e-07 1.9618605e-07 9.842958e-08 2.02368e-06 0.0001054946 3.5341483e-07 4.390949e-06 6.76295e-07 1.5402776e-08 0.06606951 0.0005425171 1.8594061e-06 0.040458415 6.988215e-06 5.6414814e-05 0.00096447987 1.1539679e-06 0.010454535 3.075417e-06 0.0018626889 0.00093482155 1.2656652e-07 9.7034146e-08 6.8414785e-08 8.20187e-08 8.9394256e-08 1.0868324e-07 3.0151768e-06 1.9578334e-08 1.6925904e-08 7.713642e-10 6.3888623e-09 4.2644563e-09 1.0875057e-08 3.2084313e-09 7.1220185e-09 2.4627186e-08 1.820909e-09 6.0501573e-09 6.481355e-10 4.988042e-09 7.234537e-06 3.3498013e-10 7.471438e-11 7.447714e-09 2.0651854e-07 4.786516e-09 5.1337695e-10 1.2366555e-10 4.8511795e-11 6.5347683e-10 2.2780049e-10 6.5581713e-07 1.1033813e-07 3.4985498e-10 8.081545e-10 3.0490042e-07 6.526878e-08 7.1842874e-09 7.1890816e-10 2.2395514e-09 3.265297e-09 5.3931304e-10 4.1331503e-09
0.76208603 0.32814723 0.75960845 0.95604986 2.8728036e-11 0.8909165 0.9760739 0.7486764 0.9770992 0.6690515 0.0013650472 0.62666106 0.30407992 0.18073073 0.069157004 0.074140206 0.007845452 0.0018079653 0.11568099 0.006456057 0.004837388 0.004597254 0.013981784 0.00015820538 0.0006451342 0.0003708349 0.0017231132 0.012459576 0.019345444 0.00053302414 0.0006603156 0.0003337166 0.0025016586 0.00049338385 0.001459356 0.000380735 0.00017629219 1.6432137e-05 1.9656944e-05 1.0199379e-06 9.226648e-05 0.00077069696 3.0864223e-05 5.63526e-05 3.0765776e-05 1.9089127e-06 0.25350067 0.012672894 8.0939455e-05 0.21490431 7.502922e-05 0.0018204518 0.003633252 0.00013827294 0.043628987 0.00012675491 0.0066330195 0.0042640893 1.2874891e-06 5.492674e-07 1.5852571e-06 6.0809316e-07 1.6339525e-06 1.3047146e-06 2.4257681e-06 1.1068634e-05 2.8327923e-07 1.0619754e-08 6.901137e-08 4.214589e-09 8.9137376e-07 6.6286585e-09 5.8136766e-07 7.2666796e-07 3.655725e-09 1.3459238e-08 2.4779363e-09 2.5317615e-07 0.00022653383 2.901368e-10 1.2018659e-09 8.2295327e-07 3.1095035e-06 8.001852e-09 1.1140238e-08 3.069681e-09 1.1572902e-09 5.9379937e-09 3.0448513e-09 1.4673576e-05 1.7108184e-06 1.8919017e-08 1.92669e-08 2.1981561e-05 1.7020864e-07 3.529707e-08 3.8231662e-09 3.9498908e-11 5.3374254e-08 2.4634736e-09 1.5692676e-08
0.96858007 0.45045814 0.13989536 0.9756623 0.8909165 7.610942e-11 0.6318909 0.9557269 0.066361174 0.37517944 0.01662597 0.2928985 0.08229823 0.009542771 0.9158874 0.36528668 0.00018303221 7.97082e-06 0.5746864 0.4966825 0.22394684 0.5633831 7.262641e-05 2.3014346e-07 0.09726697 6.6915135e-07 8.5524814e-05 0.09101348 0.26334903 0.06135629 0.013122538 1.972335e-06 0.06459267 0.0036387623 0.033981156 0.0032444166 0.00021538902 5.870247e-07 7.53271e-07 2.8888485e-07 0.0001397507 0.00485321 0.00015984784 0.00023434659 1.1075651e-06 1.5111121e-07 0.85373884 0.010518945 2.2892766e-05 0.678026 8.204026e-05 0.0033095558 0.008600305 5.7549905e-06 0.1852159 0.00038468608 0.021792183 0.0060505597 1.3479454e-05 3.5486762e-06 6.2581585e-06 1.6563954e-05 8.475193e-07 2.7561393e-06 1.5674608e-06 3.8767305e-07 6.411095e-08 3.1026534e-07 3.0442914e-07 4.0805653e-06 2.597941e-08 5.8631025e-07 8.5684455e-08 4.315515e-07 4.3337773e-09 1.5352484e-07 9.715494e-07 8.70728e-08 1.6732933e-05 5.670193e-07 7.56813e-07 1.4554207e-07 2.0854519e-07 2.829235e-08 3.9412647e-08 1.4256303e-08 2.0779009e-10 8.254918e-08 3.9699874e-08 5.63862e-07 5.1240114e-08 8.25387e-10 9.542519e-09 4.186943e-07 8.869462e-06 1.1626365e-07 5.339632e-09 5.972425e-08 2.4571259e-08 1.3839039e-09 2.802598e-10
0.80446386 0.16116773 0.10655635 0.7236618 0.9760739 0.6318909 2.5861691e-12 0.9863071 0.5764059 0.97155446 0.00022869562 0.77072537 0.8621967 0.3277465 0.234364 0.31236348 0.009683135 0.0018346572 0.19547191 0.009833854 0.015455117 0.010565147 0.0065863114 0.00013482945 0.0039690854 0.0007258358 0.0025387672 0.03589851 0.031275067 0.0034894124 0.002862857 0.0004697976 0.0023933952 0.001035775 0.001804214 0.0006588435 0.0005974414 3.815052e-05 5.7412017e-05 6.435997e-06 0.00016705263 0.0024580918 2.1156746e-05 0.00026239068 2.4085106e-05 6.953572e-06 0.36678034 0.020157192 4.694362e-05 0.27835432 0.00018977621 0.0051267617 0.006674554 5.319272e-05 0.061938234 0.0005148948 0.011453384 0.0066894274 1.1173559e-05 3.2666878e-06 5.16689e-06 1.7941898e-06 3.83772e-07 2.7264764e-07 2.6379898e-06 9.3125955e-06 3.7376477e-08 1.8260314e-06 2.2897395e-07 2.3932773e-07 8.9909996e-08 3.55598e-08 1.0590264e-06 4.949513e-07 6.085259e-09 1.8453206e-07 1.627295e-08 1.1073681e-07 0.00044890653 1.9396855e-10 5.874254e-10 1.344553e-07 7.2188506e-08 1.6970127e-08 4.9895096e-08 1.5772285e-08 1.2960139e-10 1.9675968e-08 9.862385e-09 1.9149809e-06 1.9755191e-07 1.1162352e-09 4.521749e-09 1.6162059e-06 2.4675476e-06 1.653697e-08 2.5624576e-09 6.3643797e-09 3.33127e-08 5.234624e-10 4.1960985e-10
0.9209489 0.14426026 0.05713015 0.57559884 0.7486764 0.9557269 0.9863071 1.6945516e-11 0.19529049 0.9785786 0.0010820247 0.80418545 0.38609582 0.10890042 0.6639606 0.42862844 0.0016242316 0.00012792817 0.34074232 0.10591427 0.05988541 0.061639108 0.00011303281 2.4592382e-06 0.019041577 2.4753339e-05 0.00030775327 0.05394299 0.07890567 0.017610047 0.0058385185 6.665731e-05 0.017818164 0.0014967832 0.008987833 0.0012721026 0.0002065348 2.511469e-06 3.3458462e-06 6.105026e-06 9.084122e-05 0.0017478704 9.307278e-06 0.00013286779 7.022621e-06 9.364861e-07 0.59319276 0.0067190593 2.7757527e-05 0.42213517 5.2776657e-05 0.0024417113 0.007834088 3.0741958e-05 0.14484844 0.00035113742 0.02176527 0.00425695 1.9553547e-05 6.448113e-06 5.7724706e-06 4.892445e-06 7.1539766e-08 2.0393469e-07 9.0595295e-06 2.6141006e-06 2.2687063e-08 5.8497736e-08 3.095848e-08 3.665014e-07 7.92923e-09 3.7168462e-08 1.9033338e-06 1.1383923e-07 9.649168e-09 5.2786042e-08 6.210765e-08 9.9061836e-08 0.00012774882 2.1966839e-08 9.899644e-09 1.4795123e-07 1.3651804e-06 4.3326466e-08 9.80845e-09 4.1987747e-09 1.1264507e-08 9.565521e-08 3.4362163e-08 2.1871394e-06 6.769129e-08 5.156097e-09 2.3210855e-08 1.6588622e-06 1.5229022e-06 1.2297252e-08 1.7875843e-09 2.1906587e-08 1.2047009e-08 6.507023e-09 3.3987801e-09
0.65351766 0.03862494 0.99605924 0.25807884 0.9770992 0.066361174 0.5764059 0.19529049 7.509018e-13 0.2672916 1.4129598e-06 0.31546107 0.5758846 0.97242886 0.008665221 0.0632934 0.52427566 0.52524567 0.1956387 0.0003965795 0.0011581461 0.0003121028 0.6585509 0.15989606 3.125295e-05 0.06650619 0.029464811 0.051858414 0.017073607 3.8639837e-06 6.940041e-05 0.0015750085 0.00015730601 0.001855419 0.000113453134 0.00040534674 0.0026667514 0.0010698951 0.00041057274 0.00015095371 0.0001280628 0.0015456415 0.00013674558 0.00013012862 1.914726e-05 1.56996e-05 0.021567672 0.06254088 0.00023642574 0.021318158 0.00049608195 0.019766318 0.02160108 0.0007667974 0.055490572 0.00014113358 0.027196923 0.010828314 2.3598263e-06 8.011855e-07 7.214023e-07 4.1649835e-07 1.460718e-06 1.6651356e-06 2.6768375e-06 3.0037182e-07 1.9296088e-07 1.7169182e-08 2.0140034e-08 1.6271894e-08 1.1134042e-07 3.5571448e-09 5.364863e-07 3.0705624e-07 3.1135345e-09 2.2959133e-08 6.943592e-10 1.4920494e-07 0.0023146037 2.3686001e-11 2.0382031e-11 3.1418296e-07 2.9618718e-07 5.6105063e-09 1.4221505e-09 9.275881e-10 9.2251196e-10 3.0026812e-09 1.2943328e-08 3.917548e-06 9.220309e-08 1.6608874e-09 3.3590035e-09 4.63983e-07 7.990677e-08 1.2534932e-09 1.1086709e-09 1.9271315e-11 1.3480377e-09 4.969332e-10 1.844564e-09
0.8910169 0.008768694 0.04682361 0.30647418 0.6690515 0.37517944 0.97155446 0.9785786 0.2672916 1.2865358e-11 7.816028e-05 0.99215776 0.66888267 0.19718261 0.2368991 0.40275952 0.0039761565 0.00033593853 0.34262657 0.023492651 0.026857993 0.011556889 0.0005600724 5.141134e-06 0.004813043 8.629787e-06 0.001619511 0.046658497 0.050861727 0.004728657 0.002515538 4.911984e-05 0.008404353 0.0012013584 0.0054096975 0.0014179255 0.00047204315 2.1478309e-06 2.0076484e-06 5.5631704e-06 9.318348e-05 0.0015487896 1.8582727e-05 0.00016679059 1.3986009e-05 7.291671e-07 0.42013967 0.013870482 1.5502023e-05 0.35055012 0.000106906526 0.0037808754 0.010112624 2.4983003e-05 0.11363042 0.00033681543 0.018385785 0.0052923206 1.7305289e-05 1.6401628e-06 5.584515e-07 3.6892548e-06 1.3969473e-08 3.1425543e-07 1.7408037e-06 1.2225642e-06 1.8523e-08 1.40863685e-08 2.4590245e-08 1.3443352e-07 2.5629072e-09 8.514032e-08 5.2200255e-07 8.1375e-08 1.4165087e-09 1.874896e-08 4.6736055e-08 3.6729062e-08 0.00013575415 1.1787231e-09 5.5238716e-09 7.501837e-08 1.9515673e-07 8.672833e-09 1.511587e-08 3.778005e-09 3.064935e-10 8.004736e-09 9.544539e-09 3.0570138e-07 1.2604183e-07 4.830067e-10 1.976926e-08 7.1748116e-07 3.043342e-07 3.549243e-09 3.4879177e-09 4.8652877e-09 5.48444e-09 2.7009868e-09 1.7817261e-09
0.9855898 0.9999639 8.784453e-05 0.010165074 0.0013650472 0.01662597 0.00022869562 0.0010820247 1.4129598e-06 7.816028e-05 6.099159e-12 6.713534e-05 0.00013351343 8.939972e-06 0.02981577 0.000103661056 4.358989e-08 3.1475271e-09 6.491708e-05 0.06723042 0.0019080801 0.9594813 1.1871011e-06 5.892115e-11 0.097544745 2.6338833e-09 2.0996438e-06 5.8940666e-05 0.000807009 0.28391555 0.012027359 1.8690821e-07 0.0023507264 1.36392155e-05 0.003959296 4.1524486e-06 4.4953921e-07 4.284206e-07 9.824872e-09 2.2071076e-08 7.442627e-06 2.5904736e-05 3.9178707e-07 3.207829e-07 5.1143058e-08 4.855459e-10 0.260136 9.5596624e-05 3.038309e-08 0.08340511 3.2211906e-06 2.7714148e-05 0.00016029787 5.597787e-07 0.05091342 2.3389334e-06 0.0027514624 4.1290736e-05 3.087011e-07 1.8969233e-07 1.2664572e-07 1.2933809e-05 6.389732e-08 2.7827076e-05 7.2339986e-08 3.4824603e-09 7.5352755e-09 4.6530394e-07 5.5867054e-07 1.3273283e-05 1.2986065e-07 2.6050036e-05 1.8988066e-08 6.03892e-08 1.3924766e-10 5.11737e-08 6.568584e-06 2.0470972e-08 3.9542255e-07 3.4215926e-08 1.5850614e-07 2.0255093e-09 2.0446483e-10 4.239767e-10 1.1580211e-07 1.530628e-06 1.2126596e-11 5.466208e-08 1.0644121e-06 8.158021e-10 8.7904184e-11 3.196633e-11 9.6093675e-09 1.0788312e-11 1.2813988e-06 1.7827849e-11 2.271487e-11 6.234021e-10 1.7693574e-10 4.3851815e-12 4.943217e-12
0.97801733 0.0042468393 0.019152012 0.13636895 0.62666106 0.2928985 0.77072537 0.80418545 0.31546107 0.99215776 6.713534e-05 3.1963204e-12 0.90452904 0.35503256 0.46718 0.64366156 0.016838774 0.0011734513 0.76720524 0.11087926 0.10802667 0.054096296 0.0029365951 5.1637517e-06 0.011887474 3.399983e-05 0.0059227697 0.2630808 0.2836564 0.017602786 0.006825491 0.00010612243 0.03224474 0.014957851 0.016668446 0.008829249 0.002464447 4.41366e-05 1.1070599e-05 1.25038905e-05 0.001043926 0.009830037 0.00033247418 0.00043988603 2.3190536e-05 2.9900625e-07 0.81508553 0.08192808 3.7408165e-05 0.79354125 0.0003169488 0.017280731 0.051523868 0.00012630758 0.43748805 0.0007447569 0.10730112 0.055747107 1.4283161e-05 2.2670076e-07 1.05125e-06 4.3668345e-07 3.2676663e-08 7.9166e-08 1.7759751e-07 6.271054e-07 4.733396e-09 2.5606157e-09 2.296407e-09 3.1278051e-07 1.8770498e-08 2.0460549e-08 2.2647625e-07 1.4089024e-07 9.17136e-11 1.4717426e-09 1.751827e-08 1.8369848e-08 0.0005510332 7.745043e-10 1.2095129e-08 1.8649168e-08 3.52979e-07 5.484398e-09 1.5036611e-09 7.598109e-10 1.0697163e-09 1.595096e-08 2.5823383e-09 9.227416e-08 3.9436408e-08 9.522659e-10 2.6171687e-08 9.695308e-07 2.1633682e-06 2.0876e-08 2.6616693e-09 8.752223e-11 3.2045722e-09 1.2433511e-10 3.4635748e-09
0.90785336 0.0037689463 0.015433673 0.038904376 0.30407992 0.08229823 0.8621967 0.38609582 0.5758846 0.66888267 0.00013351343 0.90452904 4.9549763e-13 0.9506141 0.93910325 0.9899585 0.5763097 0.12667076 0.8924271 0.22073045 0.23518342 0.036108576 0.27263603 0.0007557918 0.03398796 0.0021555189 0.27178225 0.2687687 0.14800817 0.020970311 0.0045411433 0.0033001776 0.013667126 0.0123785045 0.0076253433 0.005098351 0.0045021228 0.00037729394 0.00014030008 4.1139563e-05 0.0010258502 0.0040836646 0.0007735997 0.00057223847 0.00028844265 2.7321612e-05 0.456296 0.03359176 0.00058733474 0.56181043 0.00071482104 0.010954895 0.012860418 0.00029424363 0.14536625 0.000449571 0.02811282 0.015083616 2.1194542e-06 3.4558803e-07 1.9230029e-07 1.7407494e-07 3.3868923e-07 7.3309127e-07 1.4432601e-07 9.4353545e-06 7.524518e-09 7.988863e-08 9.459738e-09 4.974437e-07 4.9619967e-08 4.8264983e-08 2.7426242e-07 1.6984609e-07 5.025944e-10 8.3038245e-08 1.3074367e-07 2.4159883e-08 0.000514032 2.3252154e-08 1.6711267e-08 3.2901244e-08 5.717513e-08 2.0167018e-08 3.1776956e-08 5.894189e-09 1.6722569e-10 5.849391e-09 1.9021705e-08 1.2834645e-06 5.2246346e-08 2.1746343e-09 3.3808834e-09 2.5697175e-06 1.0318195e-05 4.848162e-08 4.1645185e-09 4.2183372e-09 2.369077e-09 9.580973e-11 1.5905139e-09
0.9639237 0.0002132143 0.008276648 0.008459173 0.18073073 0.009542771 0.3277465 0.10890042 0.97242886 0.19718261 8.939972e-06 0.35503256 0.9506141 1.4314549e-13 0.0706147 0.45761505 0.9885085 0.6245524 0.6281329 0.020366903 0.021495534 0.014293675 0.6961461 0.013611747 0.0025076182 0.06794872 0.28438827 0.3688176 0.26103276 0.0045452113 0.002753888 0.009894406 0.006717544 0.03462569 0.0057680937 0.031154385 0.05724785 0.0030391992 0.004527092 0.00026796217 0.0021622444 0.014888216 0.0021245214 0.0012435804 0.0013402737 0.00011346244 0.20022137 0.30671617 0.004787215 0.20864163 0.0026190667 0.09357423 0.15621713 0.004219993 0.4736339 0.0010381916 0.26673707 0.1379761 2.292789e-06 2.6647123e-07 1.2680569e-08 1.2937633e-07 1.5169302e-08 2.044632e-07 1.1032803e-07 2.5699135e-06 1.0967963e-08 8.63261e-10 3.265906e-10 6.666013e-08 1.7765136e-09 3.1279583e-08 7.6099234e-08 1.04262945e-08 1.5903494e-10 6.474905e-10 8.238869e-09 1.8733042e-09 0.001568071 3.2650524e-10 4.095559e-10 1.8779156e-07 2.6371419e-08 4.5792997e-10 3.491084e-10 2.7940168e-09 6.6510203e-10 1.3043145e-09 1.378769e-09 5.496001e-07 2.8046168e-08 8.480221e-09 3.0673208e-10 2.5151588e-05 4.5587203e-06 2.9729395e-09 2.0438258e-10 1.4069948e-10 2.2392779e-09 1.7793952e-10 7.03991e-11
0.9489198 0.12516792 0.007152067 0.28080016 0.069157004 0.9158874 0.234364 0.6639606 0.008665221 0.2368991 0.02981577 0.46718 0.93910325 0.0706147 8.0584954e-08 0.93127775 0.0042196354 0.00081891863 0.6529162 0.9755618 0.93508106 0.8611092 0.0009020686 1.3594725e-05 0.5439554 1.9338022e-05 0.006041902 0.07850896 0.06508213 0.16158164 0.14385621 0.00080753595 0.057890765 0.0024334888 0.060381748 0.0008392786 0.00016393076 2.790014e-06 8.489872e-06 9.668954e-07 0.00049742905 0.004113682 8.665418e-05 0.00047042422 2.8197226e-05 2.9013545e-06 0.7542961 0.0083222175 9.173409e-05 0.6697179 4.807634e-05 0.0019873749 0.014157299 5.913175e-05 0.17173716 7.9703e-05 0.040574286 0.008351655 8.529784e-06 4.5264374e-06 3.794614e-06 8.381061e-06 7.560992e-06 7.430291e-05 1.5824972e-06 1.4277161e-06 3.7931142e-07 1.7990901e-06 3.6285162e-06 2.2503593e-05 1.6173809e-06 8.260525e-06 5.649317e-08 2.6378793e-06 4.593966e-08 2.8010325e-06 1.2650789e-05 6.948723e-07 2.928415e-05 2.9536282e-06 3.925349e-06 6.5487995e-08 7.682829e-08 4.9401258e-08 7.4391244e-07 1.3945865e-07 2.983697e-10 4.5539057e-08 8.565002e-07 4.4172012e-07 5.797719e-09 7.076964e-10 2.4489066e-07 9.681212e-08 7.4714895e-05 2.3302648e-07 1.7996166e-08 2.513497e-07 3.239165e-08 1.9246036e-08 1.9664852e-09
0.88910234 0.0060450025 0.0051540746 0.047612254 0.074140206 0.36528668 0.31236348 0.42862844 0.0632934 0.40275952 0.000103661056 0.64366156 0.9899585 0.45761505 0.93127775 3.8282664e-13 0.13584599 0.0052688424 0.98391074 0.36829877 0.773815 0.038224235 0.03178892 1.1420613e-05 0.08816492 5.79887e-05 0.081848904 0.36559397 0.21294111 0.06997519 0.04477643 0.0010339221 0.07669396 0.013510851 0.02785223 0.0060232356 0.0007866932 1.4991539e-05 1.5370151e-05 9.56202e-06 0.001193544 0.009858714 0.00044154603 0.00083912665 6.28895e-05 3.1244258e-06 0.62361276 0.022996506 0.00025728368 0.7083494 4.982423e-05 0.007615638 0.02374866 0.0001178153 0.17707944 0.00023941211 0.04439786 0.027615484 2.2206605e-06 4.7204267e-07 8.253576e-09 3.908694e-07 2.55796e-09 1.1933611e-06 4.8015943e-07 9.592923e-07 2.2325652e-09 5.0110804e-09 5.459391e-09 2.3328062e-07 5.5258838e-09 1.8860892e-07 5.4627355e-07 1.4374784e-07 1.167551e-09 6.085401e-08 3.0735566e-07 1.6562706e-07 0.00016926408 3.799859e-09 1.8172227e-07 1.7635708e-08 2.2760085e-07 9.213612e-08 5.1125277e-09 2.6451554e-09 2.6499982e-09 1.4586803e-09 4.6044317e-08 1.0930734e-05 3.2479914e-09 5.37552e-09 4.6819277e-09 7.003252e-08 2.8649667e-06 2.9627122e-08 8.552778e-10 1.2920094e-08 4.1770476e-09 9.235049e-10 5.3127818e-09
0.74462193 4.1275138e-07 0.0011744752 9.634926e-05 0.007845452 0.00018303221 0.009683135 0.0016242316 0.52427566 0.0039761565 4.358989e-08 0.016838774 0.5763097 0.9885085 0.0042196354 0.13584599 1.7564796e-13 0.9968867 0.2228823 0.0033111027 0.0024796566 0.00078717846 0.9729967 0.07447983 0.0011475114 0.12243956 0.29872894 0.15256043 0.03758809 0.000683888 0.0007872513 0.008974262 0.0026698918 0.008818726 0.0016021351 0.005200575 0.03724362 0.0034054092 0.006939677 0.0004425671 0.0008494241 0.004544871 0.00088068296 0.0010271624 0.0015767346 0.00022767327 0.01266062 0.074738935 0.001889248 0.01769983 0.0029714645 0.025994683 0.04793363 0.004999478 0.081935875 0.0015813073 0.06016347 0.030834071 5.9679074e-05 2.0629186e-06 2.6686925e-07 9.860188e-08 1.5135655e-07 3.3449588e-08 1.1804742e-06 1.4474554e-06 4.752765e-09 2.3868107e-09 4.430748e-09 9.327518e-08 3.100213e-09 2.7959146e-09 1.4144793e-08 9.059101e-07 1.8361953e-09 9.675688e-09 1.2266931e-09 1.9320849e-08 0.0012947035 1.9652628e-09 1.5886355e-11 1.6144156e-08 6.394267e-08 2.0920922e-08 4.87268e-09 7.425271e-10 3.885226e-12 1.5717588e-09 4.2970238e-10 3.2907628e-09 3.1710655e-08 4.8617763e-11 9.864091e-10 3.5742636e-07 1.0220695e-06 3.1436873e-09 2.5514844e-09 1.3841205e-09 8.6886576e-10 9.587645e-11 1.4449545e-12
0.4871736 4.9171764e-09 0.00021416806 3.2696553e-06 0.0018079653 7.97082e-06 0.0018346572 0.00012792817 0.52524567 0.00033593853 3.1475271e-09 0.0011734513 0.12667076 0.6245524 0.00081891863 0.0052688424 0.9968867 5.0485403e-14 0.007880873 0.000118605334 0.00022508754 4.550023e-05 0.8857026 0.9985212 1.7162314e-05 0.24481405 0.19251162 0.016772348 0.0011968197 4.8595316e-06 1.7415252e-05 0.0083525 8.207932e-05 0.00076401926 3.5790872e-05 0.00036280495 0.01021312 0.0028911943 0.005479046 0.001046429 0.00030260344 0.00027966232 0.00024948825 0.000121908764 0.00019841545 0.0001334041 0.0017263074 0.04803624 0.0005008122 0.0028414857 0.011525455 0.019167397 0.0068771183 0.0025140762 0.018618947 0.0003145105 0.01144913 0.0064446493 5.1021566e-06 4.9826656e-07 1.3100148e-06 7.154914e-07 9.337825e-08 4.0263365e-07 1.1885137e-06 3.5719106e-06 1.7228393e-08 5.05344e-08 2.9710419e-08 3.3817297e-08 2.2833623e-08 3.8239834e-09 2.0293541e-08 1.3649554e-06 1.4453426e-09 1.15460914e-07 3.3425402e-09 1.1429148e-06 0.004160129 1.250064e-10 4.265719e-12 2.6925118e-08 6.878189e-09 6.82823e-09 9.856723e-09 2.8553584e-09 1.5067565e-12 1.517511e-09 3.8131747e-09 7.706284e-11 4.6183266e-09 5.181959e-12 6.9782974e-10 6.188254e-07 2.8775204e-07 1.2138687e-09 9.021717e-11 1.1793888e-09 1.8781987e-09 6.5304415e-11 9.415874e-12
0.9706765 0.00085005985 0.0046945103 0.027796337 0.11568099 0.5746864 0.19547191 0.34074232 0.1956387 0.34262657 6.491708e-05 0.76720524 0.8924271 0.6281329 0.6529162 0.98391074 0.2228823 0.007880873 3.094673e-12 0.31582528 0.85718846 0.019321136 0.1603392 0.00011052956 0.15702207 0.0014243938 0.3923371 0.8307653 0.6398466 0.17810303 0.24588932 0.0101226 0.23418148 0.17721252 0.21658508 0.11609945 0.024675136 0.0007543789 0.00020406241 3.421924e-05 0.0074377744 0.11266997 0.0028366786 0.007132583 0.00055491773 1.6467025e-05 0.85069937 0.115372635 0.0011081818 0.92420614 0.0005432878 0.036144856 0.12356641 0.0006213314 0.5501628 0.0010524583 0.14361449 0.08314154 1.2118366e-05 1.42527e-06 1.503143e-06 1.3899174e-06 4.9252137e-08 1.3943052e-06 7.606991e-08 1.4130467e-07 4.6365017e-08 5.011329e-09 1.263501e-08 1.225556e-06 3.3456224e-08 3.3804773e-07 6.075033e-08 6.782883e-07 1.4566007e-09 9.425343e-08 1.4629693e-06 1.46456065e-08 0.0013485253 1.96471e-07 1.3222123e-06 3.5598907e-07 3.267635e-08 2.2161476e-08 4.269364e-09 7.644587e-09 4.2229126e-11 1.3479458e-08 5.7843792e-08 7.5972764e-08 2.1746681e-08 2.4296462e-10 4.6240203e-09 1.1461447e-06 3.4594388e-05 2.790152e-08 2.8940572e-09 7.000644e-09 8.091941e-10 1.8662562e-10 1.8600169e-09
0.8532008 0.001638663 0.00028734194 0.009680998 0.006456057 0.4966825 0.009833854 0.10591427 0.0003965795 0.023492651 0.06723042 0.11087926 0.22073045 0.020366903 0.9755618 0.36829877 0.0033111027 0.000118605334 0.31582528 1.13676006e-10 0.99352825 0.9561957 0.0015175163 1.9684283e-06 0.9539049 2.236122e-05 0.015814347 0.106495336 0.018967595 0.20172565 0.11844105 0.0020700502 0.02965352 0.0024438722 0.032930814 0.0018093848 0.00010679882 4.6009227e-05 4.1082494e-06 1.8523531e-06 0.00014244344 0.002335501 2.978877e-05 9.612522e-05 0.00019835189 1.3880392e-06 0.2598557 0.0014555921 4.9245737e-05 0.14128274 0.00027450098 0.0005889933 0.0023580177 0.0006053474 0.06143547 7.196968e-05 0.008877418 0.0031713624 6.7866717e-06 3.2451235e-06 1.2719211e-05 9.180344e-06 6.634765e-06 2.5805415e-05 2.6217306e-06 2.751441e-06 3.839569e-07 3.3151227e-06 1.1842567e-07 3.3736994e-06 1.4978084e-06 2.197913e-07 8.4679374e-07 9.4780523e-07 1.106447e-08 3.825273e-06 2.1362267e-07 5.464069e-07 1.7395234e-05 1.5033264e-08 2.2598053e-08 9.869446e-08 3.6700488e-08 7.832029e-08 1.7689965e-06 1.969584e-07 1.0174625e-10 1.3607325e-06 2.313497e-06 8.846792e-09 7.0325092e-09 8.9172275e-10 2.4346505e-07 7.2290156e-09 6.6699977e-07 6.852305e-08 1.2616709e-08 6.947616e-07 3.9852743e-08 2.9644514e-09 2.360173e-10
0.8342175 0.0006321722 0.00045600536 0.007964525 0.004837388 0.22394684 0.015455117 0.05988541 0.0011581461 0.026857993 0.0019080801 0.10802667 0.23518342 0.021495534 0.93508106 0.773815 0.0024796566 0.00022508754 0.85718846 0.99352825 1.7485585e-12 0.42085505 0.002668017 7.4261993e-06 0.95575833 3.6436686e-05 0.11432691 0.8396503 0.41761866 0.42100325 0.8723542 0.006976379 0.7066335 0.26332414 0.48242652 0.056477938 0.0028377066 8.315557e-05 4.262054e-05 2.1873822e-05 0.0067534633 0.081909575 0.0011818688 0.010623556 0.0003858234 3.9597693e-05 0.63649935 0.023603927 0.0012005883 0.4936501 0.0009349696 0.012065586 0.04877489 0.00219949 0.1805981 0.0009775866 0.058910705 0.018033393 2.248244e-05 9.5585e-06 3.2677067e-06 2.794133e-06 1.7587689e-06 3.0546867e-06 1.0875266e-06 6.312143e-07 1.0042799e-07 6.898475e-07 6.509013e-08 1.7680648e-05 1.0495756e-07 5.2370715e-06 1.3673233e-07 2.8927855e-07 2.8764157e-08 1.2972531e-06 2.9663086e-06 1.5132365e-07 1.8436058e-05 6.74885e-06 2.1998169e-07 4.3462784e-08 2.3660842e-08 9.3213465e-08 5.8222435e-07 1.1822425e-07 6.430275e-11 3.1352876e-08 3.049484e-07 2.8195694e-07 3.944062e-08 2.599247e-10 4.890457e-08 1.3946199e-07 6.812042e-05 5.1081734e-08 2.0807347e-08 1.4792865e-07 2.095267e-08 1.3458071e-10 8.080651e-10
0.9802842 0.0033272286 0.00019203247 0.018254684 0.004597254 0.5633831 0.010565147 0.061639108 0.0003121028 0.011556889 0.9594813 0.054096296 0.036108576 0.014293675 0.8611092 0.038224235 0.00078717846 4.550023e-05 0.019321136 0.9561957 0.42085505 1.0065533e-09 0.00020448926 2.095653e-06 0.9426673 4.628569e-05 0.0012212457 0.025865605 0.010370298 0.9245908 0.2694387 0.00015425432 0.019454405 0.0009866388 0.036206402 0.0013566854 0.00010500597 5.3933447e-05 8.243873e-06 5.068299e-07 7.779441e-05 0.00063668546 8.016086e-06 2.014064e-05 4.105696e-06 1.4063839e-07 0.08465737 0.00060616486 5.1325214e-06 0.035843268 0.000112873815 0.0003635382 0.0013218555 0.000106072155 0.061248045 4.2160325e-05 0.007282423 0.00086159725 8.1877675e-07 2.1625274e-07 2.3862945e-05 6.4408756e-05 2.2729719e-05 9.577941e-05 1.1827838e-05 6.245966e-06 3.1203167e-06 2.2470822e-05 5.1636234e-06 1.06195375e-05 2.331614e-05 1.0741343e-06 6.9096814e-07 9.7181955e-06 1.13271554e-07 7.77532e-06 1.5179664e-06 4.910961e-06 6.0891147e-05 4.6898646e-07 7.859773e-08 3.212991e-07 5.6643255e-08 2.7634442e-07 2.8241471e-05 5.7476745e-06 3.868607e-10 4.9062302e-05 3.1355478e-06 8.003698e-09 1.9990804e-07 4.3389775e-10 2.3581706e-06 2.8137805e-07 2.5725583e-07 2.1107593e-07 1.7880635e-07 5.0263105e-07 2.4557917e-07 3.6879424e-08 9.678783e-10
0.95193446 8.204593e-08 0.0018568962 1.3268778e-05 0.013981784 7.262641e-05 0.0065863114 0.00011303281 0.6585509 0.0005600724 1.1871011e-06 0.0029365951 0.27263603 0.6961461 0.0009020686 0.03178892 0.9729967 0.8857026 0.1603392 0.0015175163 0.002668017 0.00020448926 4.371505e-11 0.89246774 0.0008753599 0.94897354 0.97093964 0.54475737 0.09656988 0.0017094478 0.00278978 0.27989152 0.011653814 0.06629702 0.0026164292 0.027309274 0.22704642 0.050174415 0.102989964 0.02174107 0.0069299885 0.013859646 0.011676887 0.0054277256 0.009495696 0.0033972836 0.055766553 0.5197095 0.017639764 0.11401151 0.02913981 0.21836515 0.14474714 0.030325511 0.31632754 0.006547914 0.21682188 0.10043328 4.4116947e-05 4.2071943e-06 3.457692e-06 2.9062894e-06 2.4441645e-06 3.6202728e-06 3.5715768e-06 2.2120566e-05 1.1347352e-07 4.420149e-08 1.7564933e-07 4.580121e-06 1.0240954e-07 6.7826824e-07 2.8230982e-06 4.565662e-07 2.0978824e-08 6.338196e-07 8.7159833e-07 1.8028489e-07 0.032861605 2.2951876e-07 8.206659e-08 1.3108314e-07 9.696158e-07 3.54134e-08 4.671233e-07 3.6507654e-08 2.5689256e-10 2.9671983e-07 2.2819036e-08 9.1300606e-08 1.3073065e-06 1.5262134e-09 7.846244e-09 3.669001e-07 8.662638e-06 1.3493806e-07 1.8796689e-08 3.130191e-08 6.083301e-08 9.982898e-10 7.260701e-09
0.43465272 4.0652277e-11 8.443089e-06 1.7337166e-07 0.00015820538 2.3014346e-07 0.00013482945 2.4592382e-06 0.15989606 5.141134e-06 5.892115e-11 5.1637517e-06 0.0007557918 0.013611747 1.3594725e-05 1.1420613e-05 0.07447983 0.9985212 0.00011052956 1.9684283e-06 7.4261993e-06 2.095653e-06 0.89246774 9.518136e-14 3.8014996e-08 0.99712086 0.23861714 0.00212433 0.000137072 3.3928423e-08 1.5028698e-07 0.12969375 1.2548695e-06 6.532753e-05 5.088358e-07 1.1510065e-05 0.009386039 0.011408846 0.014854511 0.0016072274 4.072411e-05 4.8313295e-06 2.4005125e-05 2.5017443e-06 0.00032472349 4.3795837e-05 0.00057454116 0.036575854 0.00013961257 0.0005965759 0.45668375 0.023724249 0.0019438765 0.0029119838 0.0040352247 0.0001932319 0.0026792616 0.0022895674 5.1997126e-06 1.9746601e-07 3.776887e-06 1.6522782e-06 3.1304594e-08 4.0105928e-07 3.579433e-06 1.9829355e-05 7.211966e-09 4.486255e-08 5.1481784e-08 2.2580575e-07 3.0077842e-08 1.687391e-08 5.7597157e-07 2.3871924e-06 9.531455e-10 2.2644427e-07 1.6013748e-09 3.6399416e-07 0.25503355 1.4714752e-10 2.0445383e-11 4.497339e-09 5.510289e-08 3.570468e-09 1.0709035e-07 7.543933e-09 1.2158793e-10 1.24010775e-08 3.1091506e-08 9.734269e-10 2.0803526e-09 5.1211604e-11 1.0348999e-09 2.8985903e-07 6.0692884e-08 5.684009e-09 1.5167811e-10 6.5304415e-11 1.3426233e-09 1.8116819e-11 7.1747317e-12
0.96617126 9.056934e-05 4.3359664e-06 0.0033164276 0.0006451342 0.09726697 0.0039690854 0.019041577 3.125295e-05 0.004813043 0.097544745 0.011887474 0.03398796 0.0025076182 0.5439554 0.08816492 0.0011475114 1.7162314e-05 0.15702207 0.9539049 0.95575833 0.9426673 0.0008753599 3.8014996e-08 9.588024e-12 1.0484113e-05 0.07137191 0.69291216 0.10612291 0.9720343 0.8141929 0.005131247 0.44566217 0.035066538 0.32617742 0.010336471 0.0006290591 5.6739736e-05 2.554383e-06 2.3693585e-06 0.0012763265 0.013173659 0.00070019707 0.0013524921 0.00018123032 8.7374303e-07 0.41569972 0.005155766 0.00018625103 0.19606984 0.0003426692 0.0053778184 0.027788104 0.00035130707 0.23007046 0.00028425228 0.090711236 0.011704917 2.0212055e-06 2.2557663e-06 1.7824535e-05 2.5160392e-05 3.4047803e-06 4.3975306e-05 1.8549375e-06 1.4301355e-07 2.380487e-07 1.0310586e-06 1.428412e-06 3.769746e-05 1.4670769e-06 5.32912e-06 3.722543e-08 3.481866e-07 9.048886e-09 1.297081e-06 1.097362e-05 7.585429e-07 7.1017676e-05 1.3187114e-06 6.8662285e-07 1.1849837e-08 7.117433e-08 3.527204e-08 6.292993e-07 8.2468324e-07 1.7383239e-11 1.5605377e-07 9.720239e-07 2.5777325e-09 3.9824006e-09 1.1433327e-11 1.1303026e-07 4.2664414e-09 1.3724988e-06 4.421211e-08 6.836584e-09 9.632769e-08 1.9967606e-08 1.2865004e-09 1.0510444e-10
0.9285513 2.3274627e-10 1.2815215e-05 1.1235412e-06 0.0003708349 6.6915135e-07 0.0007258358 2.4753339e-05 0.06650619 8.629787e-06 2.6338833e-09 3.399983e-05 0.0021555189 0.06794872 1.9338022e-05 5.79887e-05 0.12243956 0.24481405 0.0014243938 2.236122e-05 3.6436686e-05 4.628569e-05 0.94897354 0.99712086 1.0484113e-05 7.6054565e-11 0.9024567 0.021921186 0.0021372612 1.0295067e-05 5.602564e-06 0.9571712 1.4595475e-05 0.005190198 7.955366e-06 0.0021117711 0.3756795 0.37326676 0.3478407 0.0644033 0.0044958857 0.000408427 0.004721796 0.00061887776 0.02005502 0.008625834 0.0014843945 0.5161055 0.019024925 0.0034770386 0.9042198 0.35137674 0.11881862 0.10479898 0.087793164 0.0012158664 0.17623903 0.09643236 6.730128e-06 1.7558137e-05 7.4463687e-06 1.2608944e-05 2.4246624e-08 1.0555829e-06 2.5032907e-06 1.1685882e-05 9.1697245e-09 8.75711e-09 3.7124536e-08 2.4270662e-06 7.529575e-08 1.9631219e-07 2.5406674e-05 7.071476e-07 1.7620233e-09 1.256163e-07 4.456144e-07 1.7554216e-07 0.13013923 7.1708754e-08 4.968437e-08 4.7962605e-08 3.6468006e-07 2.0932218e-08 3.09973e-08 3.0427674e-09 2.4976293e-08 1.2584725e-07 3.3842202e-08 2.44836e-07 1.0680456e-07 8.9863095e-10 1.1758541e-08 5.654349e-07 8.542598e-06 2.7274842e-08 2.181476e-09 7.011816e-09 9.02825e-09 3.380475e-10 3.3782452e-10
0.9848625 2.3626005e-06 4.489647e-05 5.5785563e-06 0.0017231132 8.5524814e-05 0.0025387672 0.00030775327 0.029464811 0.001619511 2.0996438e-06 0.0059227697 0.27178225 0.28438827 0.006041902 0.081848904 0.29872894 0.19251162 0.3923371 0.015814347 0.11432691 0.0012212457 0.97093964 0.23861714 0.07137191 0.9024567 1.02543855e-10 0.9294363 0.19687812 0.0066300696 0.011239832 0.92962337 0.02282724 0.31925365 0.010736755 0.098084874 0.6785178 0.23285036 0.5386319 0.03827034 0.017306013 0.028733004 0.014813379 0.010415122 0.036123317 0.0056474707 0.15656993 0.56389433 0.014341103 0.18718599 0.012061127 0.1914944 0.097384445 0.021648947 0.47452804 0.006204272 0.16929235 0.1853313 1.6736349e-05 6.3263255e-06 1.6241462e-06 1.4656584e-05 4.3135682e-07 1.1249784e-05 3.4507807e-06 5.9861563e-06 7.391902e-08 1.12092586e-07 4.4144048e-07 5.0930557e-06 7.631577e-07 1.4246802e-06 9.431908e-06 3.4179695e-06 5.8277205e-09 2.9914227e-07 9.652992e-06 1.0321506e-06 0.011568047 2.389022e-07 1.2423492e-05 2.958611e-07 4.3831818e-07 7.785585e-09 8.1627455e-08 5.999335e-08 1.6920626e-10 9.797195e-09 2.5775654e-07 4.904141e-08 2.2619227e-08 7.616112e-11 2.8779304e-08 1.7964978e-06 9.836212e-06 1.6276985e-08 5.377548e-10 3.1211943e-08 1.3054724e-08 3.4139767e-09 8.098781e-10
0.92876154 0.00025961138 0.0027620494 0.0056167147 0.012459576 0.09101348 0.03589851 0.05394299 0.051858414 0.046658497 5.8940666e-05 0.2630808 0.2687687 0.3688176 0.07850896 0.36559397 0.15256043 0.016772348 0.8307653 0.106495336 0.8396503 0.025865605 0.54475737 0.00212433 0.69291216 0.021921186 0.9294363 7.690772e-09 0.9861299 0.22195774 0.35170224 0.53285587 0.8369894 0.95794064 0.12413721 0.5645954 0.5957552 0.21548532 0.009305037 0.011819027 0.14771825 0.37888578 0.046039075 0.06235936 0.030536108 0.0025688626 0.5654078 0.18015634 0.011242395 0.46131527 0.0015630632 0.07505956 0.07107717 0.019288225 0.36987782 0.003447418 0.09134585 0.053459246 1.6132102e-05 3.221877e-05 0.0006037815 8.111208e-05 2.2350881e-05 8.494728e-05 0.00010663486 4.401038e-05 1.0803562e-05 3.2150325e-07 2.0259868e-07 1.1065269e-05 1.7810338e-06 2.7606457e-06 1.020281e-05 4.5918728e-06 1.5091384e-08 2.151087e-07 2.477536e-06 2.9330656e-07 0.001430772 2.9444232e-06 4.1285316e-06 1.009678e-05 1.1714067e-07 1.4123871e-08 1.7301804e-07 7.847595e-08 7.444639e-11 1.2501161e-07 6.5570646e-07 6.4083537e-07 1.9169056e-07 9.0718606e-11 2.669634e-07 2.9511673e-06 5.2697345e-05 1.3729093e-07 5.290084e-08 2.0057652e-08 8.354912e-09 6.819276e-09 2.914958e-10
0.94505066 0.00019928439 0.00061509263 0.006912965 0.019345444 0.26334903 0.031275067 0.07890567 0.017073607 0.050861727 0.000807009 0.2836564 0.14800817 0.26103276 0.06508213 0.21294111 0.03758809 0.0011968197 0.6398466 0.018967595 0.41761866 0.010370298 0.09656988 0.000137072 0.10612291 0.0021372612 0.19687812 0.9861299 9.902698e-10 0.01794344 0.35262653 0.01736627 0.9373191 0.9567961 0.2841338 0.52528244 0.14311157 0.008624946 0.00041588894 0.00040135015 0.06120562 0.31297952 0.012010618 0.027220821 0.002307703 5.1351875e-05 0.9026677 0.13070965 0.0010126357 0.81567377 0.000525579 0.027843066 0.082050264 0.006430798 0.60530204 0.0016099319 0.15329562 0.068976775 7.6117017e-06 5.976214e-06 0.0010849154 0.00013518518 8.447958e-05 5.1406852e-05 3.2088115e-05 1.4709683e-05 6.083011e-06 6.1384634e-07 2.8880444e-07 1.4421596e-05 1.9519796e-06 2.0222996e-07 1.3215239e-06 1.0681257e-06 4.8110575e-08 6.8305883e-07 7.8647486e-07 5.9657276e-07 0.0005340909 1.2939262e-07 8.456852e-08 9.452322e-06 3.9229934e-07 3.0754023e-08 4.4765304e-07 1.3203265e-07 2.5446414e-09 1.5602953e-07 4.256282e-07 1.5141154e-07 3.532307e-08 7.0355644e-10 1.8427741e-07 6.729855e-07 5.1262696e-06 5.7141193e-07 1.139611e-07 1.6170631e-08 1.05706865e-08 2.0319288e-09 1.2969128e-08
0.9973026 5.5486074e-05 1.509152e-07 0.0022602242 0.00053302414 0.06135629 0.0034894124 0.017610047 3.8639837e-06 0.004728657 0.28391555 0.017602786 0.020970311 0.0045452113 0.16158164 0.06997519 0.000683888 4.8595316e-06 0.17810303 0.20172565 0.42100325 0.9245908 0.0017094478 3.3928423e-08 0.9720343 1.0295067e-05 0.0066300696 0.22195774 0.01794344 3.4028905e-14 0.96275884 0.00024329343 0.026796129 0.006254427 0.10207806 0.008742425 0.00022751656 0.00011836003 1.2486393e-06 1.2502013e-06 0.0008063931 0.0041639036 2.652236e-05 6.3506595e-05 7.4016265e-05 1.897296e-07 0.0159713 0.0001775683 7.7820705e-06 0.01159831 3.308303e-05 0.00030926644 0.011655158 5.2938016e-05 0.53079516 1.0652565e-05 0.21207629 0.0011383279 1.5640018e-07 4.1712877e-07 0.0002909706 0.00023822393 0.0001952827 0.00017699382 9.097183e-06 8.6596924e-07 5.5665087e-06 5.8682665e-05 7.667598e-06 0.00025248402 2.3366225e-05 5.8151986e-06 9.73175e-07 5.155834e-06 2.7114124e-06 1.5655718e-05 1.4736697e-05 1.217562e-06 4.3249707e-05 1.4516736e-07 1.5732093e-07 3.4431622e-07 5.5381446e-09 6.908713e-07 1.4300484e-05 1.3817797e-05 1.1362781e-11 6.77051e-06 8.30651e-06 1.1865624e-08 1.0039901e-08 1.2798567e-11 1.4785551e-06 7.8705895e-08 7.289512e-08 9.144055e-08 1.58866e-07 9.2528177e-07 1.4037689e-08 3.833813e-09 1.0323202e-11
0.9694804 6.917363e-05 2.12888e-06 0.0013137119 0.0006603156 0.013122538 0.002862857 0.0058385185 6.940041e-05 0.002515538 0.012027359 0.006825491 0.0045411433 0.002753888 0.14385621 0.04477643 0.0007872513 1.7415252e-05 0.24588932 0.11844105 0.8723542 0.2694387 0.00278978 1.5028698e-07 0.8141929 5.602564e-06 0.011239832 0.35170224 0.35262653 0.96275884 5.2198727e-12 0.002491201 0.84645164 0.09164383 0.99200517 0.07424696 0.0050828326 0.0020382088 2.023437e-06 4.342192e-05 0.0066456203 0.06482928 0.0010316129 0.0032315552 0.002278653 2.0689014e-05 0.38535556 0.002893289 0.00044348647 0.11733255 0.00057451427 0.0037521017 0.032096 0.0031827171 0.56605893 0.0014886645 0.2948804 0.015459385 1.644987e-05 3.4755696e-05 0.0010410787 0.00024644128 0.0010078492 0.0003134762 2.6786905e-05 7.5027883e-06 2.7629516e-05 0.00012350187 4.0823266e-05 0.0008017719 4.99952e-05 2.7137188e-05 7.812663e-06 1.6596148e-05 3.988396e-06 3.9441886e-05 6.337761e-05 3.402109e-06 5.6118344e-05 3.2001853e-06 1.0117643e-06 8.6778855e-06 2.7823083e-08 3.0019041e-06 4.3777178e-05 4.914894e-05 2.2461883e-11 2.1358908e-05 1.9569572e-05 1.100497e-08 1.6203397e-07 1.0661181e-11 6.516566e-06 1.3762934e-06 1.1123323e-05 9.388289e-07 8.549944e-07 4.361206e-06 1.3932053e-07 4.4866377e-09 9.5593235e-11
