5.248203e-24 0.90943104 0.99512607 0.837546 0.9987563 0.922204 0.8266575 0.9195558 0.82241267 0.52739257 0.7600371 0.8215696 0.9110865 0.9894101 0.9818536 0.9925506 0.87616014 0.6437051 0.95277905 0.99999356 0.7541649 0.8640731 0.8337878 0.9033019 0.96567404 0.7673736 0.93187803 0.5477695 0.31777713 0.99998784 0.64969605 0.47245142 0.31418696 0.9896912 0.15556332 0.35573542 0.7270768 0.41092098 0.91411513 0.1591916 0.76164263 0.89348775 0.8233001 0.8799587 0.07052655 0.9988805 0.04214305 0.5527783 0.11411112 0.98333806 0.5937047 0.17149061 0.13679293 0.096825466 0.61673295 0.53650874 0.67771757 0.20877184 0.84932196 0.029658852 0.09905629 0.36714667 0.746643 0.3671894 0.035978515 0.015836652 0.02202121 0.03129952 0.24307492 0.019848526 0.25989145 0.01580152 0.016783206 0.9989266 0.76828897 0.01665243 0.07728712 0.05741531 0.04489611 0.0076000313 0.29904777 0.011797361 0.055697583 0.006253121 0.011971194 0.009275985 0.0011261812 0.00028077402 0.00090546237 3.2019943e-05 0.00022639452 1.29624705e-05 0.00013206319 2.2521475e-05 0.00026063094 0.003198486 4.8317095e-05 0.00015828945 0.0015777438 0.13752735 1.3862752e-05
0.90943104 1.7217073e-14 0.9867032 0.3713038 0.19329204 0.68097204 0.08964354 0.25281358 0.054031175 0.16222966 0.044364322 0.09272729 0.15624975 0.002850202 0.030782828 0.013752473 0.02930152 0.009634719 0.00899603 0.03175017 0.0024358016 0.0015433797 0.0033306924 0.0025170103 0.008683354 0.024733558 0.1258306 0.028494906 0.0011364026 0.021731446 0.023128288 0.0023181627 0.00973048 0.10869298 0.0005753677 6.297076e-05 0.0026387803 0.00016299963 0.01833002 0.000104112034 0.015626492 0.004865908 0.009859574 0.0124970665 0.00044696566 0.0018653423 0.00070170383 0.0025401004 0.0033730385 0.0067087663 0.012024417 0.0010263853 0.0012939657 0.0026387589 0.0014548899 0.0016285521 0.00067963195 0.010746568 0.0012248504 0.0021916393 0.0047144433 0.008002201 0.0008087742 0.0018212933 0.00047869066 0.0007404687 0.0008314669 6.890796e-05 0.000108489876 0.0009507099 0.00029651658 0.0010103162 0.0003679278 2.523638e-05 0.0010359 0.00031713385 0.00040580338 0.0015041734 0.00026208657 0.0001449479 0.000258352 0.00022384553 6.398272e-05 8.05072e-05 1.5135266e-05 0.00040174788 0.0006536636 5.299879e-05 0.00017325126 3.625464e-05 0.00017161915 2.7529659e-06 0.00015998723 3.6081212e-05 5.9902937e-05 6.59645e-06 5.093136e-05 3.9923147e-05 0.00054767524 4.886078e-07 2.7951032e-06
0.99512607 0.9867032 3.2499264e-12 0.024477756 0.07653909 0.51908743 0.5335985 0.091989964 0.14292666 0.094937265 0.06377211 0.080085374 0.09709933 0.002452224 0.3951295 0.012714264 0.039564 0.04941496 0.12490345 0.51004297 0.029913569 0.034342594 0.047208384 0.021931155 0.050591625 0.038492106 0.17773324 0.059288252 0.0053543323 0.023202142 0.03864289 0.008014046 0.020064855 0.08897725 0.0019468226 0.0065822923 0.006889387 0.008673481 0.018097024 0.0020451872 0.031108312 0.006656003 0.010302557 0.009198687 0.0017009891 0.0038126316 0.0028066854 0.003106623 0.003433328 0.006544449 0.03209742 0.0015911735 0.0009177285 0.0011374386 0.0019195997 0.001623013 0.0013639133 0.009687457 0.0016031881 0.0021737565 0.007713272 0.0055196863 0.0008470285 0.0009942905 0.00061237556 0.00059984287 0.00052133447 0.00091595 0.00012938949 0.0008574941 0.0001520096 0.00042873292 0.0002827288 6.8986105e-06 0.0006193982 0.0005533447 0.0006985526 0.0011919258 4.489446e-05 0.00016776114 0.0002735419 0.00044104183 1.7840606e-05 0.00018711913 3.42087e-05 8.0411046e-05 0.0010624517 0.0001272418 0.00018805763 2.7046706e-05 0.00027555088 2.0457148e-05 0.00014549038 4.494578e-05 1.5313426e-05 1.0326297e-05 9.437204e-05 2.1431586e-05 0.00032640446 6.436697e-06 4.0433733e-06
0.837546 0.3713038 0.024477756 6.3287205e-12 0.98883265 0.091279425 0.021702679 0.16871887 0.015600557 0.09372329 0.01711922 0.04755925 0.11060206 0.0588768 0.008515525 0.12854294 0.017798329 0.0046710577 0.0029612521 0.007279002 0.00075716904 0.00045688357 0.0014538289 0.001449052 0.0037041977 0.013346205 0.061715044 0.012330898 0.00064815814 0.053655714 0.015214064 0.00083243335 0.0050627436 0.15789925 0.00034844672 4.2677766e-05 0.001507562 0.0002149204 0.059315216 0.00033017265 0.0067169797 0.033752553 0.0040934356 0.022131419 0.0004260914 0.011908681 0.00040548656 0.004872967 0.0014166584 0.021389287 0.0054658633 0.00076774944 0.00053536834 0.0017267249 0.00658906 0.003991744 0.0029465172 0.010185889 0.0055916114 0.0031596946 0.0022156471 0.008010844 0.0024998973 0.004681355 0.00082131586 0.00042293544 0.000331118 7.8390716e-05 0.0005675133 0.0017787026 0.001601321 0.0011683905 0.0005018803 0.0016527568 0.003224982 0.00046313932 0.0010863424 0.0013025776 0.0005471847 0.0005770589 0.0011303265 0.00075597374 0.0003497893 0.00023215952 0.00022126929 0.0003704839 0.00044990663 6.19962e-05 0.00041604266 3.8868224e-05 0.00056694524 1.6351833e-05 0.00021972311 0.0001229642 0.0003394301 4.5935965e-05 0.00014556435 3.5233494e-05 0.00055041345 1.8128867e-05 4.7883426e-05
0.9987563 0.19329204 0.07653909 0.98883265 1.6116734e-13 0.058367085 0.016812192 0.07748539 0.012354063 0.052382648 0.009966192 0.020304667 0.047640916 0.064726174 0.010701864 0.28272903 0.007133556 0.0038329363 0.002493492 0.014765214 0.0009450439 0.0005442648 0.001971019 0.00078722124 0.002392032 0.0048339455 0.059582207 0.005880081 0.00058011606 0.19091165 0.0073942617 0.0008014432 0.0013639327 0.09123958 0.00035085826 0.0002474221 0.0003097765 0.0007313202 0.032874305 4.61143e-05 0.0016072282 0.01811158 0.000994142 0.01005305 0.00013343361 0.021094924 7.172651e-05 0.002019175 0.0005036054 0.06539248 0.0025326903 0.00012492442 0.0001367238 0.0003174216 0.0046615014 0.0011900802 0.002877051 0.003261409 0.006275416 0.00048757278 0.0008335037 0.0019082149 0.0017556369 0.00097120577 7.853709e-05 0.00034295215 0.00018621141 2.0482944e-06 0.00019701222 0.0007254847 0.00016713007 0.0002644002 0.000118424054 0.002692603 0.002108262 6.260997e-05 0.00032337426 0.00023960261 0.00014591418 9.5739684e-05 0.00072208414 0.00029999524 5.8060254e-05 0.00013179709 9.2606395e-05 0.00012797075 0.00051569904 1.1923857e-05 6.3290325e-05 4.085939e-06 0.00017240574 4.9489113e-06 3.1794647e-05 1.3289014e-05 8.41611e-06 3.7481797e-05 1.0599201e-05 6.096584e-06 4.3654127e-06 6.444695e-06 3.6262972e-07
0.922204 0.68097204 0.51908743 0.091279425 0.058367085 9.076429e-15 0.9773979 0.81039566 0.08959696 0.42544833 0.14839014 0.46274152 0.3612183 0.0038652096 0.009552377 0.023963675 0.0947701 0.010488953 0.0007110055 0.004874561 0.00054737914 0.00015430464 0.0005924431 0.00059056433 0.0043191076 0.031309452 0.065930225 0.018856391 0.00050635234 0.0053940364 0.025128575 0.0006641733 0.0079337545 0.067678005 0.00012326748 1.0965795e-05 0.0034909486 1.8261437e-05 0.012006049 3.5973673e-05 0.010390434 0.0011145989 0.00872547 0.008232415 2.0750942e-05 0.00033892255 9.48905e-05 0.0022686657 0.0034912114 0.002098832 0.010442811 4.8289225e-05 0.00023670797 0.0023663044 0.00045869625 0.0016891801 1.1323364e-05 0.009276304 0.00020815805 0.0021866588 0.0020866091 0.008512017 2.6549515e-05 0.00023976994 0.0012585524 0.00023259164 0.00013030808 9.041663e-06 1.7348133e-05 0.0018692838 1.1538013e-05 0.00051148527 0.00019247837 6.1778087e-06 0.00015794653 5.425779e-05 3.7670146e-05 0.0013303605 1.6518554e-05 0.00014662182 2.4609779e-05 7.404048e-05 1.0495881e-06 1.42829695e-05 5.3182143e-06 0.00015529477 7.9785816e-05 2.173038e-05 6.0382034e-05 1.0920456e-06 3.7566053e-06 2.7812257e-06 6.3251167e-07 9.346838e-07 1.2511983e-06 5.202787e-06 1.7665932e-05 4.215554e-05 7.429277e-07 1.7403636e-08 1.37681e-07
0.8266575 0.08964354 0.5335985 0.021702679 0.016812192 0.9773979 3.545524e-15 0.11785132 0.8881944 0.09718523 0.6554622 0.30368912 0.12720723 0.0014392303 0.09485543 0.0072518275 0.31627813 0.07382776 0.0053319237 0.014543129 0.0025490392 0.0013412262 0.0026541997 0.0034227828 0.025480915 0.07761612 0.13849531 0.08803716 0.0017224781 0.0037360392 0.068236 0.0016963566 0.020092681 0.03352642 0.00038483672 0.00025766896 0.005056413 7.179707e-05 0.0061135734 0.00028472464 0.04489607 0.0009617469 0.016363276 0.004596974 0.00013357979 0.00016290048 0.00061067706 0.00166898 0.00563248 0.0010280773 0.023829773 0.0002483554 0.00020164847 0.0014699453 0.00042729775 0.0012247431 1.2105523e-05 0.012211519 0.0002645435 0.00326803 0.0059533725 0.0111587355 3.4391046e-06 0.00017198206 0.0018572432 0.00029826054 0.00022672748 2.0552712e-05 2.9200652e-05 0.0029912805 2.6622485e-05 0.00030446475 5.6669705e-05 4.6224906e-07 0.00013331202 6.1045226e-05 0.000102526385 0.00077247474 7.485229e-06 9.135432e-05 1.6188676e-05 0.00012674149 1.2903766e-06 6.377967e-05 8.032585e-06 0.00020895383 0.00026694423 0.00019368762 8.372325e-05 4.306969e-06 2.5629051e-05 8.269574e-06 2.9963753e-06 2.9538026e-06 4.244432e-06 4.3887783e-05 3.3198892e-05 9.349477e-05 1.0991992e-05 6.161904e-08 7.9185753e-07
0.9195558 0.25281358 0.091989964 0.16871887 0.07748539 0.81039566 0.11785132 6.299254e-15 0.025230948 0.9000621 0.07377207 0.51063204 0.94924355 0.040846538 0.0030813757 0.04027705 0.086316295 0.00483745 9.705058e-05 0.0013273625 5.4154036e-05 1.9583482e-05 5.9009562e-05 7.895569e-05 0.0017713078 0.028510593 0.20803674 0.010215775 8.376789e-05 0.0037492702 0.04114115 0.0002217412 0.005645012 0.24431984 4.644058e-05 4.2804063e-06 0.0058843927 4.5401034e-06 0.07119969 2.8047266e-06 0.019654075 0.0054433695 0.018528733 0.068382286 4.0864048e-05 0.00036010862 0.00011369196 0.0141169205 0.008631495 0.00093006546 0.03860867 4.052575e-05 0.0019594224 0.014209307 0.0027316026 0.010240482 0.00023574894 0.024256505 0.00025527246 0.01145569 0.010612604 0.031912174 4.4465207e-05 0.004135771 0.003544902 0.0007048289 0.00089736655 4.1329342e-05 6.9677284e-05 0.004336219 0.0006259081 0.0019608394 0.0014899528 6.913096e-05 0.00013346187 9.318109e-05 0.000114362265 0.00656767 0.00015721422 0.001399993 2.2413999e-05 0.0017257633 4.2239953e-06 0.00040561243 1.9228253e-05 0.00039978197 0.00040918117 4.9756705e-05 0.00013071185 5.00699e-06 1.3162022e-06 2.5286429e-06 7.171343e-07 8.1472564e-07 1.955035e-06 1.31178695e-05 2.6106614e-05 0.00020508218 1.3417781e-06 1.111257e-07 2.819112e-07
0.82241267 0.054031175 0.14292666 0.015600557 0.012354063 0.08959696 0.8881944 0.025230948 4.4031396e-17 0.042699605 0.92873806 0.10906598 0.04564498 0.0018983217 0.56487745 0.005665947 0.52178353 0.91981167 0.02158204 0.10527406 0.012075716 0.0041750413 0.0058875554 0.017812734 0.10506657 0.2717414 0.17197575 0.34905592 0.004176093 0.0014980291 0.15096715 0.0037730874 0.057793804 0.016086312 0.0008015429 0.0007480837 0.006752031 0.00020600682 0.0019364246 0.00080646423 0.0883474 0.00013861476 0.0423307 0.0013509291 0.0012179444 7.875324e-05 0.0013475964 0.0007424358 0.010706662 0.00033328688 0.034135707 0.00093614595 0.001142435 0.0027501835 9.953397e-05 0.00030747225 3.6545314e-06 0.015698338 0.00016906015 0.0033287096 0.011245687 0.016863313 1.1167034e-06 2.5775827e-05 0.0018804115 0.00084624847 0.0005381032 4.4281336e-05 7.098293e-05 0.0018845586 8.937313e-06 0.0003636604 6.329323e-05 1.1230846e-08 2.5810461e-05 0.0002575095 0.00025505468 0.0007709528 2.58016e-05 0.0001046917 1.4998737e-06 0.00021435502 3.6550733e-07 0.0002236748 2.3324046e-06 9.536207e-05 0.0004338359 0.00021748283 3.5070203e-05 1.0684686e-05 6.972511e-06 4.514724e-06 3.3596943e-06 2.309485e-06 5.6991885e-06 2.1300304e-05 8.82546e-06 0.00017750346 3.656311e-05 1.1670461e-08 8.9193674e-07
0.52739257 0.16222966 0.094937265 0.09372329 0.052382648 0.42544833 0.09718523 0.9000621 0.042699605 4.288743e-15 0.0911185 0.9121389 0.9304382 0.0251779 0.007898048 0.06956842 0.16323042 0.023935141 0.00073405745 0.0022158448 0.000347833 7.802385e-05 0.00065271364 0.00028099233 0.004952977 0.038928527 0.41329488 0.062118463 0.000237853 0.008260892 0.08203169 0.00027104042 0.02096609 0.2518826 7.206638e-05 2.5807509e-05 0.002764173 2.8429007e-05 0.037855014 5.7146266e-05 0.07490325 0.005935025 0.03380366 0.028262746 0.00010780823 0.0015047587 0.00046201795 0.012488584 0.023041656 0.002883622 0.07952842 6.2503546e-05 0.0039861705 0.011602852 0.0030257946 0.01038444 0.00018400233 0.058609243 0.0010033126 0.021880759 0.02266471 0.060957953 4.219355e-05 0.0039042109 0.0030283034 0.0015915848 0.0010411198 1.5443706e-05 0.000264757 0.013254196 0.00045862712 0.0020351233 0.00011801198 0.00028178105 0.00018526959 3.0576146e-05 6.849127e-05 0.0075461934 0.00022410184 0.00032367476 2.382597e-05 0.0014858498 7.5735566e-06 0.00079160044 1.6721671e-05 0.0003598489 0.0018066675 0.0002662448 0.0002813133 2.7924803e-05 1.2153296e-05 1.9000867e-05 1.990029e-06 1.854423e-06 3.8542235e-06 2.7107673e-05 3.1823558e-05 0.00010224516 8.51755e-06 5.4804374e-08 1.4874114e-06
0.7600371 0.044364322 0.06377211 0.01711922 0.009966192 0.14839014 0.6554622 0.07377207 0.92873806 0.0911185 1.4062454e-15 0.5175414 0.11069649 0.0012773434 0.072853275 0.005330813 0.9591273 0.30098945 0.0010803893 0.015725644 0.0012157888 0.0002778286 0.0008578568 0.0012807129 0.024295146 0.25220254 0.3640121 0.20821545 0.00043884394 0.0015422519 0.19265635 0.001274281 0.040701646 0.038004886 0.0002632928 0.00023005207 0.005730582 6.212825e-05 0.0019169973 0.00019955671 0.13191065 7.170804e-05 0.06919041 0.0014439548 0.00025872208 2.9642031e-05 0.0006000411 0.0010973166 0.019549476 0.00028199097 0.10422637 0.0003643003 0.0031962115 0.009750633 0.00010194868 0.0005769964 4.035022e-06 0.020900786 9.816312e-05 0.013165062 0.025244078 0.0350705 9.843461e-07 9.233566e-05 0.0035177665 0.0011671098 0.0013015829 3.398625e-05 3.613576e-05 0.0041789874 1.4800781e-05 0.0005223734 0.00012709784 4.873526e-07 1.7117625e-05 9.923531e-05 0.00016611214 0.0039485334 5.8555986e-05 0.00040361652 1.2709468e-06 0.000787916 5.8698157e-07 0.00016313259 1.9399706e-06 0.00021344359 0.0007666552 0.00023688207 7.771188e-05 1.6491842e-05 1.6938446e-05 8.794684e-06 3.2679502e-06 2.914377e-06 2.3013488e-05 4.0446866e-05 1.85401e-05 8.8105546e-05 1.8510103e-05 8.868772e-09 2.3886591e-06
0.8215696 0.09272729 0.080085374 0.04755925 0.020304667 0.46274152 0.30368912 0.51063204 0.10906598 0.9121389 0.5175414 1.4249672e-15 0.63117176 0.005477115 0.014557775 0.019216485 0.84544265 0.046770547 0.0008148042 0.0066229724 0.00053678214 0.00020063277 0.0007849639 0.00067579123 0.011768275 0.12435989 0.773981 0.11085944 0.0004959632 0.0055564954 0.22246507 0.00084812124 0.029496033 0.23191579 0.00030218874 2.5038316e-05 0.004138044 5.835118e-05 0.02215228 0.00020302682 0.15603425 0.0018640945 0.065173306 0.020380858 0.00014750555 0.0004285637 0.00045476397 0.0112527525 0.046531368 0.001000371 0.18920976 0.0002790086 0.005150603 0.019797271 0.001079609 0.00638976 0.00012066074 0.10108449 0.0006166014 0.035711344 0.037970155 0.090096995 3.198512e-05 0.0022827277 0.005286207 0.002332207 0.0014091886 2.9607592e-05 6.1253064e-05 0.010162263 0.00023884086 0.0019010293 0.00022388695 1.5105762e-05 0.00020054536 0.0001508035 0.00031366578 0.012402618 0.00023720242 0.00080015097 2.4413352e-05 0.0030008608 2.4966675e-06 0.0013574058 1.0705135e-05 0.00075402256 0.0019133553 0.0008079543 0.00044243396 4.4365056e-06 1.5875454e-05 2.433084e-05 1.7258208e-06 2.5383217e-06 3.5452867e-06 0.0001820346 3.813935e-05 6.3124324e-05 3.437434e-05 9.0548475e-08 2.0427854e-06
0.9110865 0.15624975 0.09709933 0.11060206 0.047640916 0.3612183 0.12720723 0.94924355 0.04564498 0.9304382 0.11069649 0.63117176 4.2308557e-14 0.11933433 0.0033099486 0.1704144 0.09937231 0.014182494 0.00012142168 0.0015368978 0.000105373125 1.18235075e-05 8.504138e-05 9.452389e-05 0.0013457797 0.053154353 0.39354545 0.013669883 0.00015495362 0.012213419 0.056730453 0.0003898429 0.0055124057 0.4928917 9.527126e-05 6.485022e-06 0.0055310098 1.7157217e-06 0.13553324 2.543967e-05 0.05707772 0.024574237 0.06820221 0.1386595 2.0411428e-05 0.001612531 3.4581128e-05 0.0733938 0.04178734 0.003951282 0.14551741 5.8115875e-05 0.0038094749 0.028152734 0.009205919 0.04809941 0.00043762923 0.103242084 0.0011120349 0.03768552 0.062223807 0.18701123 0.00014278047 0.024217084 0.0014100389 0.0009864233 0.0002920301 4.726725e-05 0.00087852747 0.023113757 0.0019941663 0.008074748 0.0012120153 0.0010531793 0.00025795025 6.968805e-05 2.7887596e-05 0.05084152 0.0007723422 0.004881495 2.4380566e-05 0.011210598 4.6199016e-06 0.0032493165 3.6949503e-05 0.0002948869 0.0016282833 0.0001831548 7.647081e-05 2.846536e-05 2.3634457e-06 4.2982374e-06 1.0081303e-06 9.660382e-07 1.1202073e-06 1.4348927e-05 5.176574e-05 0.00019888129 2.6508314e-06 6.60206e-07 2.4740486e-06
0.9894101 0.002850202 0.002452224 0.0588768 0.064726174 0.0038652096 0.0014392303 0.040846538 0.0018983217 0.0251779 0.0012773434 0.005477115 0.11933433 3.1617948e-12 0.00027547707 0.9405855 0.0014081313 0.00046219243 4.2883803e-05 0.00072193163 3.8587914e-06 1.989898e-06 2.9210635e-06 4.0290022e-05 0.00023031175 0.0020808384 0.032910585 0.0014715337 6.096037e-06 0.06419753 0.0027591076 3.4351007e-05 0.00039899166 0.20375454 7.0730107e-06 4.0578187e-05 0.00040958665 2.6395578e-06 0.48253033 2.3178285e-07 0.0047325823 0.92835784 0.0025539778 0.3081068 2.3610815e-05 0.010690272 1.9854011e-05 0.0945025 0.00095653994 0.01604311 0.010913903 0.0004101147 0.00038674532 0.0008088324 0.30008474 0.12918402 0.19154802 0.019873446 0.044619296 0.0012980903 0.0036023883 0.010842714 0.028960403 0.19020937 0.0005744683 0.0002289136 0.00018056837 2.3361457e-05 0.03305873 0.0073268595 0.076037176 0.009755456 0.00022575742 0.011141245 0.01567461 2.7894355e-05 3.823914e-05 0.008207979 0.02409717 0.0010636577 0.0022596421 0.0045416886 0.0013700495 0.005479626 0.00027191525 0.0032048938 0.000826151 0.00038903565 1.4968409e-05 2.01053e-06 9.851472e-05 3.584214e-05 0.00014464164 1.3699037e-05 2.7678307e-05 0.0002645483 9.894506e-06 0.0003211069 0.0005831235 0.0009084889 7.6874426e-07
0.9818536 0.030782828 0.3951295 0.008515525 0.010701864 0.009552377 0.09485543 0.0030813757 0.56487745 0.007898048 0.072853275 0.014557775 0.0033099486 0.00027547707 1.48642e-14 0.0014708609 0.039172802 0.915926 0.90582854 0.5686797 0.5495351 0.21185383 0.18304622 0.6335294 0.55208725 0.07709482 0.015037145 0.20093158 0.15548171 0.00094559835 0.02479617 0.17317069 0.080646746 0.002545756 0.038068023 0.0008307108 0.01764595 0.0024345045 6.991138e-05 0.015183198 0.017403573 5.18733e-06 0.024439212 8.956848e-05 0.013945016 3.1886804e-05 0.008528882 0.00013140964 0.013874015 0.00014700701 0.005637768 0.010499862 0.0035657524 0.004359408 1.9916743e-05 5.2552452e-05 5.768362e-07 0.0011591566 1.5917098e-05 0.004408568 0.0043589175 0.004599881 1.9063492e-06 1.149667e-05 0.0036916554 0.0032582614 0.0014287364 0.0022044438 4.5788765e-06 0.0009938449 3.3156796e-06 0.00073435256 0.002461132 1.5902257e-09 6.530215e-06 0.0071361857 0.008817843 0.0033656112 0.0011741946 0.0021062312 8.9904285e-07 0.0027466763 7.266056e-07 0.0033706736 3.6299323e-06 0.013163297 0.0023614294 0.00050022773 0.0003890266 2.6260182e-05 0.0004669062 8.4339433e-07 0.0003854297 0.00010164888 0.00010014743 1.4037134e-05 1.7166883e-05 0.00051425584 0.000981583 8.7526797e-10 1.8813664e-05
0.9925506 0.013752473 0.012714264 0.12854294 0.28272903 0.023963675 0.0072518275 0.04027705 0.005665947 0.06956842 0.005330813 0.019216485 0.1704144 0.9405855 0.0014708609 1.3289998e-17 0.004969007 0.0017492587 0.000458663 0.00035976674 4.5068322e-05 1.616777e-05 3.719515e-05 0.0001854149 0.0003543933 0.0018881584 0.1308463 0.0015622607 1.5620699e-05 0.7896175 0.0070216847 9.8948025e-05 0.00043816085 0.16604242 1.5532181e-05 1.0697052e-05 0.0005714736 1.6603943e-06 0.28947064 3.4257785e-06 0.0031975955 0.53603095 0.0011931063 0.13431579 1.6984819e-05 0.38286677 7.4179006e-05 0.04670306 0.0010571642 0.53599674 0.012706373 3.7456353e-05 0.0001873752 0.00053438364 0.18264656 0.054623324 0.19918357 0.059610706 0.43418115 0.0010189508 0.00396368 0.02600145 0.18225682 0.074196264 0.0001587378 0.00019074403 8.7788074e-05 1.5715095e-06 0.057664905 0.014182833 0.035469536 0.008978059 7.656786e-05 0.2710952 0.08212558 5.018171e-06 4.8198952e-05 0.00020535637 0.0046532177 0.00013502104 0.018206265 0.0012222023 0.0123996185 0.001844434 0.0012339544 0.0028979545 0.00042777744 0.00026276102 6.0366427e-05 3.816318e-05 0.00020934516 5.3684307e-05 4.619203e-05 5.26785e-05 0.00022051556 0.00058335403 0.00013906747 0.000121259676 3.0994581e-06 0.00031454195 4.539984e-05
0.87616014 0.02930152 0.039564 0.017798329 0.007133556 0.0947701 0.31627813 0.086316295 0.52178353 0.16323042 0.9591273 0.84544265 0.09937231 0.0014081313 0.039172802 0.004969007 4.7652896e-17 0.16069695 0.0005706866 0.008201477 0.0002698293 0.000118378084 0.0004337162 0.0004425061 0.014081624 0.5083824 0.8421914 0.31190357 0.00013373836 0.0014159371 0.59427786 0.00043675702 0.033334795 0.10456833 0.00014107114 1.929705e-05 0.00597921 2.7797503e-05 0.0055445875 6.3122636e-05 0.29836395 6.665782e-05 0.15375537 0.00493283 0.00016669359 0.0001231535 0.00019208138 0.0032659534 0.054056495 0.0005569732 0.2914719 0.00024068428 0.006471175 0.015979076 8.547451e-05 0.0008239479 1.4866272e-06 0.0682009 5.550873e-05 0.027628355 0.051488906 0.10695003 2.1461458e-06 0.00042772506 0.0034504933 0.0016729344 0.0012413977 1.2353774e-05 6.032364e-06 0.005630439 6.8057007e-06 0.0010238894 0.00015280246 1.4276801e-05 1.069127e-05 3.5583264e-05 0.00019721732 0.010732547 3.1785643e-05 0.001945093 1.0713269e-06 0.002215363 3.1973835e-07 0.00038415266 6.100722e-07 0.00021655233 0.00075572444 0.00016746703 0.00013658656 4.3299087e-06 3.9698775e-06 2.972323e-06 1.2798172e-06 1.6136062e-06 6.685801e-06 1.7641067e-05 1.2299557e-05 7.8341254e-05 8.752138e-06 1.8754646e-08 1.130838e-06
0.6437051 0.009634719 0.04941496 0.0046710577 0.0038329363 0.010488953 0.07382776 0.00483745 0.91981167 0.023935141 0.30098945 0.046770547 0.014182494 0.00046219243 0.915926 0.0017492587 0.16069695 6.091479e-18 0.060108844 0.047644537 0.031298414 0.008139394 0.0079921065 0.090595305 0.70016813 0.4539453 0.09700557 0.8751672 0.010295858 0.0012046592 0.19072908 0.032224346 0.30212045 0.010308061 0.0014621938 0.0014000549 0.025367351 0.0006556177 0.00031303376 0.0012503308 0.11972662 2.2451735e-05 0.09680985 0.0007389865 0.0072952546 1.507472e-05 0.0064743194 0.0005074313 0.047177654 0.00014814432 0.0362574 0.0033692545 0.015044238 0.012334845 0.00014260424 8.90328e-05 3.6065062e-06 0.006276257 3.7550097e-05 0.011551705 0.013299527 0.017785372 6.154091e-07 1.3655745e-05 0.0072104335 0.0054091304 0.0049281656 0.00063712307 1.6162776e-05 0.0018680623 3.9267156e-06 0.00031956873 0.0003499073 7.606705e-07 1.0902634e-05 0.0009281989 0.004187764 0.0022007888 4.1186668e-05 0.0006918375 7.355721e-06 0.0003485822 1.1376419e-06 0.00110496 1.5671469e-06 0.00018369655 0.00070121646 0.0003995737 0.000111352056 3.515767e-05 1.189974e-05 3.0480956e-06 8.277598e-06 5.7203542e-06 1.7584125e-05 0.00015331086 3.5268393e-05 0.00034954888 0.00014680804 1.4127032e-07 1.4743339e-06
0.95277905 0.00899603 0.12490345 0.0029612521 0.002493492 0.0007110055 0.0053319237 9.705058e-05 0.02158204 0.00073405745 0.0010803893 0.0008148042 0.00012142168 4.2883803e-05 0.90582854 0.000458663 0.0005706866 0.060108844 6.225224e-15 0.12543505 0.9521243 0.70967424 0.70919216 0.42941457 0.052568216 0.004341693 0.0008479556 0.012146229 0.38128427 0.002440665 0.001740925 0.15000793 0.011897931 0.000106263105 0.046806473 0.0037318869 0.001684221 0.0036677471 1.9628872e-06 0.0556671 0.00022592694 4.9596434e-07 0.0010270874 8.048335e-06 0.00631625 5.0573653e-06 0.0051926286 2.2047485e-05 0.00197509 8.521617e-05 0.0004795502 0.021751257 0.00026180904 0.00051250507 5.9357662e-06 2.2461332e-05 4.2769372e-08 0.0002781168 6.0597235e-06 0.0005352991 0.000401291 0.0005021434 9.416504e-08 6.6431294e-06 0.0005718282 0.00020929845 0.00019231782 0.0022913606 9.2230755e-07 0.0006166114 1.4827306e-06 0.00017405464 0.00048063297 2.7193843e-09 1.00713e-06 0.0016147863 0.0011688386 0.00057564955 8.152185e-05 0.0001406311 7.1004976e-08 0.00023627293 2.888799e-07 0.0054267524 6.237825e-07 0.0018095896 0.00024452485 0.00015461456 5.7634963e-05 1.0787975e-05 5.020246e-05 1.0310822e-06 3.132423e-05 1.5603056e-05 1.4988923e-05 1.4008984e-05 1.4123193e-05 0.00028795065 0.00041368834 6.5801076e-10 3.361896e-06
0.99999356 0.03175017 0.51004297 0.007279002 0.014765214 0.004874561 0.014543129 0.0013273625 0.10527406 0.0022158448 0.015725644 0.0066229724 0.0015368978 0.00072193163 0.5686797 0.00035976674 0.008201477 0.047644537 0.12543505 2.4608848e-10 0.016225133 0.10670621 0.2609672 0.012442595 0.31081048 0.020754615 0.04155696 0.012644119 0.0022013169 0.045046937 0.018935423 0.0024634036 0.0047151996 0.0474126 0.0007260615 0.76057583 0.0029428205 0.8461321 0.0011724479 0.009150456 0.04392449 0.00014048687 0.009612573 0.018977687 0.0028880115 0.00014320963 0.0018531475 0.0018599695 0.0017971166 2.9975215e-06 0.06256857 0.07789783 0.0015444686 0.0035182093 1.6268119e-05 0.00028038683 9.21167e-06 0.40102595 8.530798e-05 0.0007894308 0.0009959777 0.22734025 2.1986676e-05 1.6610793e-05 0.0004746897 0.00070939213 0.0008955836 0.011763337 7.0676737e-07 0.0036949767 3.6230222e-06 0.00016254092 0.001167062 2.1614282e-11 2.3448642e-07 0.00024474395 0.0016869729 0.007154042 3.9300856e-05 0.0014969696 1.2858974e-08 0.003465594 1.4496227e-08 0.00097403355 9.896203e-10 3.8335063e-05 0.0002092294 3.110315e-05 0.0005198919 1.2227845e-06 0.0013060494 1.7135999e-09 0.0007167632 0.00013070073 0.009559864 2.9152485e-09 1.3544321e-05 6.1280552e-06 0.015984502 1.8203603e-13 3.2535416e-05
0.7541649 0.0024358016 0.029913569 0.00075716904 0.0009450439 0.00054737914 0.0025490392 5.4154036e-05 0.012075716 0.000347833 0.0012157888 0.00053678214 0.000105373125 3.8587914e-06 0.5495351 4.5068322e-05 0.0002698293 0.031298414 0.9521243 0.016225133 4.104199e-14 0.5168946 0.4775357 0.7775347 0.14642082 0.0053593023 0.00039759593 0.0144748315 0.8977279 0.001082611 0.0010316597 0.50056267 0.024873596 6.953158e-05 0.27474517 0.0020359433 0.0055056782 0.000902122 1.8950203e-06 0.215 0.0004078235 8.172361e-07 0.0020818885 1.2979801e-05 0.046016455 3.2316611e-06 0.046680707 1.1003434e-05 0.002933873 4.736639e-05 0.00053709553 0.053143885 0.0014426224 0.0016994495 5.5627625e-06 2.4128398e-05 5.983553e-08 0.00022203916 1.315839e-05 0.0006833707 0.0011364805 0.00095501135 5.211366e-07 7.708994e-06 0.0010490607 0.0013599868 0.0010829667 0.0036345012 1.8808757e-06 0.0006939137 3.5483142e-06 0.0001839146 0.0015643608 1.3007941e-09 5.5110822e-06 0.006454512 0.0044361656 0.00075171277 5.61404e-05 6.3596664e-05 8.573157e-07 0.00033147723 8.796332e-07 0.005093452 7.207064e-07 0.0011816863 0.0004168717 0.00018559303 3.6095942e-05 3.8613776e-05 0.00010475752 2.5837377e-07 0.00011709963 3.4237586e-05 5.6295074e-05 3.563072e-06 1.2320454e-05 0.00036378615 0.0004445949 1.0391586e-09 8.606782e-06
0.8640731 0.0015433797 0.034342594 0.00045688357 0.0005442648 0.00015430464 0.0013412262 1.9583482e-05 0.0041750413 7.802385e-05 0.0002778286 0.00020063277 1.18235075e-05 1.989898e-06 0.21185383 1.616777e-05 0.000118378084 0.008139394 0.70967424 0.10670621 0.5168946 1.1351997e-14 0.97521836 0.41861767 0.0882447 0.0029593168 0.0004294708 0.007944445 0.48547837 0.0011106225 0.0010301362 0.20865953 0.019219737 5.862712e-05 0.20773132 0.04584035 0.0071894536 0.02675509 6.4506736e-07 0.477035 0.00044220677 6.1451414e-07 0.001949419 4.6949417e-06 0.036891438 1.3437361e-06 0.032006666 1.2994005e-05 0.001448802 1.7729046e-06 0.00036634837 0.26801264 0.001303005 0.00075219537 1.8517914e-06 1.23067375e-05 5.3753153e-09 0.00023869445 3.2211199e-06 0.00048196682 0.0007257891 0.0010550467 1.7210057e-07 1.7399796e-05 0.0007174316 0.0007611056 0.00063916517 0.047452647 1.8591109e-07 0.0008243208 4.013197e-06 0.0006651336 0.001290645 1.3528659e-11 1.0859539e-07 0.01753762 0.009785735 0.0020155043 0.0003621288 0.000182852 1.34146445e-08 0.0024024523 2.6511476e-08 0.031147944 7.672578e-08 0.005769582 0.0010078334 6.440513e-05 0.000114175586 3.6128797e-05 0.0007201276 9.030321e-08 0.00030882933 5.51505e-05 4.7426773e-05 1.8451736e-06 1.8000315e-05 0.00029871313 0.00326892 9.8532875e-12 2.3873186e-05
0.8337878 0.0033306924 0.047208384 0.0014538289 0.001971019 0.0005924431 0.0026541997 5.9009562e-05 0.0058875554 0.00065271364 0.0008578568 0.0007849639 8.504138e-05 2.9210635e-06 0.18304622 3.719515e-05 0.0004337162 0.0079921065 0.70919216 0.2609672 0.4775357 0.97521836 2.549003e-17 0.12724209 0.02382918 0.0011060653 0.00034896185 0.0028428207 0.38958713 0.002067303 0.00045697222 0.031809844 0.003818554 2.0144349e-05 0.0782485 0.07969618 0.0005942269 0.09768538 1.2676365e-07 0.5300237 0.00014747825 1.6276778e-07 0.00014076768 6.3089715e-07 0.003122344 7.5963163e-07 0.0030217113 6.816549e-06 0.0002924141 1.0046109e-06 5.540993e-05 0.036822718 9.528825e-05 6.2498475e-05 9.879791e-07 3.3217216e-06 3.2425693e-09 9.999145e-06 7.427215e-07 8.129849e-05 0.00016810629 3.3026317e-05 6.5423293e-09 5.1552263e-07 6.3918924e-05 0.00013949559 0.000121659534 0.0055487216 1.6120865e-08 3.3752814e-05 1.11899915e-07 1.7367152e-05 5.2392876e-05 6.1628675e-12 1.4544861e-08 0.0003676148 0.00033149714 0.00019876432 2.5338327e-06 5.2573858e-05 5.45354e-10 0.0004112754 4.8602975e-09 0.00087697175 3.5739156e-09 4.547277e-05 0.00063385675 0.00014733191 4.242916e-05 7.339678e-07 5.5690016e-05 1.8820016e-07 3.9193328e-05 1.5454947e-05 2.1898838e-06 2.498124e-07 9.4474735e-06 5.2305702e-05 0.0005508262 9.194927e-13 1.7854471e-06
0.9033019 0.0025170103 0.021931155 0.001449052 0.00078722124 0.00059056433 0.0034227828 7.895569e-05 0.017812734 0.00028099233 0.0012807129 0.00067579123 9.452389e-05 4.0290022e-05 0.6335294 0.0001854149 0.0004425061 0.090595305 0.42941457 0.012442595 0.7775347 0.41861767 0.12724209 1.3519018e-14 0.85744184 0.011910197 0.0002309375 0.04205546 0.9084806 0.0011697229 0.0025598262 0.89091986 0.07295404 1.9280898e-05 0.42052522 0.0012705124 0.054423925 0.00048817854 5.82226e-07 0.12483411 0.0017985412 2.8663538e-07 0.008191596 1.6781378e-06 0.22256601 4.709384e-05 0.24381527 7.4707023e-06 0.014314546 0.00017213679 0.00177816 0.066917025 0.022349618 0.008291654 2.1559167e-06 1.0208795e-05 8.807937e-08 0.00024685904 2.1167647e-05 0.0047851633 0.0035572746 0.00079136994 2.7744702e-06 1.3650439e-06 0.009428097 0.017317705 0.012495357 0.0064730477 1.3097687e-06 0.0007759047 1.7170705e-06 0.00012263044 0.023895381 6.2418775e-07 1.3042226e-05 0.117205665 0.14479388 0.0032496296 2.3661712e-05 0.0075840196 4.4662856e-06 0.00065520423 1.7704513e-06 0.003918555 3.9545816e-06 0.00046376316 0.00024816222 7.91551e-05 0.0008149741 1.3736428e-05 0.0016774659 3.0967266e-07 0.0009903933 0.00020792295 0.00062275806 2.3795586e-05 4.0401723e-05 0.00033627928 0.0016747103 8.979003e-08 9.491458e-05
0.96567404 0.008683354 0.050591625 0.0037041977 0.002392032 0.0043191076 0.025480915 0.0017713078 0.10506657 0.004952977 0.024295146 0.011768275 0.0013457797 0.00023031175 0.55208725 0.0003543933 0.014081624 0.70016813 0.052568216 0.31081048 0.14642082 0.0882447 0.02382918 0.85744184 7.2383887e-19 0.14116071 0.0016690047 0.74449575 0.13254203 0.0014649924 0.03737723 0.6969425 0.8849959 0.00010650184 0.16840592 0.0055080517 0.8361592 0.008287473 4.2854304e-06 0.035434004 0.015611289 5.7021924e-07 0.07715056 6.161423e-06 0.33166707 2.3248053e-06 0.38136038 2.7267211e-05 0.16551173 4.7879137e-05 0.0021063727 0.03425624 0.3360563 0.19891039 3.5767443e-06 2.4752853e-06 7.006192e-08 0.0001811669 6.5633117e-06 0.07315819 0.019220818 0.0011055702 1.0437463e-07 1.0347984e-07 0.14376886 0.22151287 0.171198 0.011008301 3.7242813e-07 0.00016718887 5.7868842e-08 6.609768e-06 0.15050387 1.3856161e-08 3.0202722e-07 0.21203046 0.35021198 0.011487229 2.0007408e-06 0.08499111 6.904247e-07 0.0014855728 9.9467016e-08 0.001422483 9.142643e-08 5.8357182e-05 0.00070930755 0.0003281229 0.010341174 5.14693e-05 0.006569283 7.914396e-08 0.002673492 0.001207521 0.009195052 2.3552443e-06 0.000369224 0.00023669805 0.0019365078 1.4048993e-08 0.0005250715
0.7673736 0.024733558 0.038492106 0.013346205 0.0048339455 0.031309452 0.07761612 0.028510593 0.2717414 0.038928527 0.25220254 0.12435989 0.053154353 0.0020808384 0.07709482 0.0018881584 0.5083824 0.4539453 0.004341693 0.020754615 0.0053593023 0.0029593168 0.0011060653 0.011910197 0.14116071 2.4024063e-18 0.19143873 0.9528789 0.0010182367 0.00049344415 0.9770634 0.002757667 0.18769363 0.01816348 0.0006199008 0.00037930114 0.11424364 0.00015607067 0.0002376342 0.00032198327 0.4111455 1.9957926e-05 0.64521056 0.00069215626 0.0012230038 1.4438026e-05 0.0013852385 0.000972088 0.3227129 5.273535e-05 0.13344873 0.0007071274 0.10058238 0.14410901 4.7319474e-05 0.0001697042 1.364332e-06 0.0155121 0.00015671559 0.09005243 0.08021716 0.03484166 1.6907401e-06 9.846198e-06 0.043963455 0.023104886 0.01776581 0.00016996478 3.794773e-06 0.0033870218 3.6207058e-07 0.00020596772 0.0035618353 1.6050293e-05 4.696245e-06 0.00092637545 0.0053467853 0.06811515 4.086184e-06 0.026569853 1.3818196e-06 0.011317217 1.685028e-07 0.0005538912 9.341562e-07 7.197709e-05 0.0028317932 0.00079344085 0.0009426963 3.0166308e-05 6.706911e-05 7.1679455e-07 1.72161e-05 2.1523596e-05 0.00010865337 2.0236695e-05 4.8297334e-05 0.00029903607 1.1248571e-05 5.5389084e-08 1.0471102e-05
0.93187803 0.1258306 0.17773324 0.061715044 0.059582207 0.065930225 0.13849531 0.20803674 0.17197575 0.41329488 0.3640121 0.773981 0.39354545 0.032910585 0.015037145 0.1308463 0.8421914 0.09700557 0.0008479556 0.04155696 0.00039759593 0.0004294708 0.00034896185 0.0002309375 0.0016690047 0.19143873 1.9325846e-17 0.12498795 8.5405736e-05 0.0037123691 0.8996581 5.9903796e-05 0.0094108805 0.808502 3.0269908e-05 7.4660657e-06 0.0022896752 1.0042705e-05 0.117182255 1.7748374e-05 0.7082098 0.019850276 0.32587945 0.12453978 2.7186197e-05 0.0027023465 3.058447e-06 0.13069864 0.07920863 0.002717845 0.73485386 9.679307e-05 0.005739234 0.019672059 0.005330358 0.017824214 0.00022045604 0.54025203 0.0024132554 0.041308247 0.092374496 0.43957895 0.00021342833 0.002074218 0.007545567 0.0016132325 0.00034015835 4.3219112e-05 0.00028437484 0.13682266 9.91706e-05 0.010554437 9.455226e-06 7.243826e-05 9.229614e-05 3.0564483e-05 6.949015e-05 0.11197696 0.00031386685 0.002430256 2.683272e-05 0.06538928 1.1065664e-06 0.003743509 4.686161e-06 0.0007678475 0.0041692937 0.0003010772 0.0002444654 1.5614623e-05 1.772794e-05 1.9040419e-06 7.2134353e-06 3.6126476e-06 2.775476e-06 3.8082762e-05 4.7231337e-05 5.7588266e-05 5.340157e-05 3.817781e-07 3.894687e-06
0.5477695 0.028494906 0.059288252 0.012330898 0.005880081 0.018856391 0.08803716 0.010215775 0.34905592 0.062118463 0.20821545 0.11085944 0.013669883 0.0014715337 0.20093158 0.0015622607 0.31190357 0.8751672 0.012146229 0.012644119 0.0144748315 0.007944445 0.0028428207 0.04205546 0.74449575 0.9528789 0.12498795 5.6490995e-20 0.005069353 0.00041329165 0.2916048 0.019594664 0.95808786 0.010440362 0.003999388 0.0010429514 0.6115672 0.0008220203 0.0001313192 0.001073681 0.05452194 1.8706854e-05 0.21180984 0.00035678118 0.009566859 3.7353777e-06 0.022557419 0.00027934273 0.20484374 1.8919083e-05 0.021964842 0.0011140539 0.15661053 0.097435854 2.1898932e-05 3.2979642e-05 1.5159164e-06 0.010078205 4.146278e-05 0.06412347 0.031785972 0.01338246 2.532818e-06 5.2460217e-07 0.04807727 0.059121788 0.048150066 0.0001350777 6.7375445e-06 0.00016045495 3.5786087e-07 8.272105e-06 0.010950821 4.985574e-07 2.2062598e-06 0.0056723403 0.021258596 0.035188645 3.975838e-06 0.013386781 8.1332445e-07 0.0030962324 4.524549e-07 0.00036388435 3.3448698e-06 4.6195557e-05 0.0021732382 0.0005105364 0.0010818647 1.5907022e-05 0.00019693129 7.6661456e-07 4.3070002e-05 5.9363694e-05 0.0001483646 7.080371e-05 3.5586043e-05 0.00026562953 1.9293258e-05 2.868986e-08 1.7274271e-05
0.31777713 0.0011364026 0.0053543323 0.00064815814 0.00058011606 0.00050635234 0.0017224781 8.376789e-05 0.004176093 0.000237853 0.00043884394 0.0004959632 0.00015495362 6.096037e-06 0.15548171 1.5620699e-05 0.00013373836 0.010295858 0.38128427 0.0022013169 0.8977279 0.48547837 0.38958713 0.9084806 0.13254203 0.0010182367 8.5405736e-05 0.005069353 1.2655804e-15 0.00079008605 0.00030511146 0.84925175 0.009470979 2.2963284e-05 0.80206245 0.003747263 0.00406532 0.0010670725 1.0538811e-06 0.63727933 8.680422e-05 4.8420094e-07 0.0005987729 2.3482623e-06 0.15702417 6.242154e-06 0.13906187 3.4146333e-06 0.0007014204 8.092289e-06 8.42895e-05 0.03535415 0.0013263598 0.00061832403 1.2708196e-06 1.1873605e-06 3.994879e-08 8.152084e-05 9.342502e-06 0.00047070018 0.00035001824 0.00044774954 2.3115768e-07 9.534682e-08 0.0011938695 0.0019575185 0.000982415 0.008871223 2.110252e-07 0.00019932108 7.727227e-08 4.5375755e-06 0.0013927983 6.739886e-11 5.00991e-07 0.013677441 0.011111925 0.00016862909 8.709137e-07 0.00017127041 2.9424567e-07 3.8329286e-05 5.9060085e-08 0.00013492719 2.0012797e-07 0.00013583495 0.00010867958 0.00017623621 8.307528e-05 6.949256e-06 0.00033024792 1.17446035e-07 0.00017154502 3.498315e-05 0.00020390037 1.5457746e-05 1.9571307e-05 0.00019787841 0.0012406473 4.9742155e-10 1.1517839e-05
0.99998784 0.021731446 0.023202142 0.053655714 0.19091165 0.0053940364 0.0037360392 0.0037492702 0.0014980291 0.008260892 0.0015422519 0.0055564954 0.012213419 0.06419753 0.00094559835 0.7896175 0.0014159371 0.0012046592 0.002440665 0.045046937 0.001082611 0.0011106225 0.002067303 0.0011697229 0.0014649924 0.00049344415 0.0037123691 0.00041329165 0.00079008605 3.0045749e-05 0.0006218243 0.0019215274 0.000985966 0.010209248 0.0020344928 0.00030861294 0.0022390594 0.000114161216 0.0067117903 0.00062063255 0.0003090692 0.040150695 0.000668099 0.005738036 0.0011782638 0.440725 0.00088798814 0.0030609714 0.00052044005 0.6188503 0.0011946493 0.0004766403 0.00045675918 0.002714635 0.015966138 0.0024118759 0.018423421 0.005849339 0.1649641 0.0019333329 0.00041867918 0.0057540038 0.08674358 0.003593635 0.0005258033 0.0007087819 0.00053953513 9.101156e-06 0.004106681 0.002259611 0.0017935431 0.0016551907 0.0023007763 0.6900043 0.12795031 1.826627e-06 0.00012875187 0.00195483 0.0026179317 0.0027106707 0.04828753 0.002438985 0.014459102 0.0048993086 0.0033219971 0.006503742 0.0060173166 0.0017736066 0.0010548132 0.00076520786 5.5532557e-05 0.0005710173 6.537166e-05 1.4268403e-05 0.00036007172 0.0033774565 0.00011319462 0.0030900228 2.3895182e-06 0.005421864 8.800288e-06
0.64969605 0.023128288 0.03864289 0.015214064 0.0073942617 0.025128575 0.068236 0.04114115 0.15096715 0.08203169 0.19265635 0.22246507 0.056730453 0.0027591076 0.02479617 0.0070216847 0.59427786 0.19072908 0.001740925 0.018935423 0.0010316597 0.0010301362 0.00045697222 0.0025598262 0.03737723 0.9770634 0.8996581 0.2916048 0.00030511146 0.0006218243 2.3903214e-18 0.00079081155 0.03916085 0.1053643 0.000289737 6.145329e-05 0.020238714 2.835898e-05 0.0027096253 0.00015770768 0.8067892 0.00011614492 0.6007574 0.0030841467 0.00028509225 7.5624026e-05 0.00035854735 0.004591786 0.24607241 0.00016133093 0.37535718 0.000103629514 0.038283598 0.06964139 0.00017025162 0.0008488556 3.794368e-06 0.056868613 0.00028660218 0.09611297 0.07606625 0.07879044 5.809179e-06 3.6202644e-05 0.038331088 0.009013321 0.0068687377 3.770354e-05 1.1595804e-05 0.014896631 1.6479113e-06 0.0007382195 0.0005688261 2.7970298e-05 1.6977856e-05 0.00019257567 0.0010027062 0.1069673 2.1913807e-05 0.008878155 1.398675e-06 0.018780602 2.4420825e-07 0.0011139252 1.1964802e-06 0.00012431889 0.0039647156 0.0006490012 0.0009115551 3.5772955e-05 6.44208e-05 1.9803792e-06 1.6139364e-05 7.5917796e-06 2.3890385e-05 1.6284075e-05 3.145949e-05 0.0002012437 7.1957975e-06 5.0912295e-08 5.3298263e-06
