1.5275936e-13 0.99995595 0.9997352 0.9796318 0.9995324 0.9940781 0.96553785 0.9866481 0.993752 0.98201865 0.99358565 0.8990325 0.9333076 0.99952936 0.7462664 0.78278524 0.9702108 0.8076661 0.98173434 0.9660551 0.9981264 0.75812477 0.35926643 0.8113389 0.9194038 0.9510951 0.94427544 0.91699314 0.41080472 0.9697649 0.2344074 0.95842814 0.98663634 0.6628175 0.98331106 0.73783904 0.82585555 0.964608 0.998196 0.9579854 0.82556134 0.93420655 0.92975837 0.8519959 0.6898514 0.9559469 0.9560418 0.91015077 0.9452254 0.96050406 0.75859606 0.15954494 0.37776196 0.98912627 0.76350623 0.8667564 0.9994472 0.12521139 0.7086958 0.001263817 0.0041423216 0.9759573 0.97294176 0.961339 0.81437993 0.8747512 0.9817961 0.8664881 0.7424218 0.87240124 0.78478205 0.9680382 0.9738607 0.96943194 0.81442904 0.9817958 0.9677586 0.9357202 0.87294775 0.9329292 0.88719946 0.8212735 0.9264275 0.9969264 0.49821463 0.80769295 0.9400956 0.66826934 0.14289053 0.4795045 0.44962904 0.040385775 0.7605555 0.83429193 0.8045732 0.66801125 0.47542107 0.18502317 0.41066065 0.5065427 0.47483855
0.99995595 4.650923e-05 0.7610886 0.9463036 0.18697035 0.09572264 0.5841264 0.58344835 0.4172141 0.2790476 0.8819099 0.4379396 0.5968124 0.11292049 0.07992983 0.076300934 0.33568573 0.2963801 0.37526506 0.5082728 0.33815604 0.055718686 0.028392142 0.11670807 0.13899072 0.15696725 0.1655206 0.10534328 0.011819196 0.6960516 0.002266771 0.07587708 0.2620491 0.02157823 0.011979383 0.050715838 0.007342941 0.15913801 0.32890475 0.051349454 0.07774791 0.0754016 0.18174356 0.038182955 0.050060283 0.056513242 0.3040345 0.040359113 0.04226778 0.03849581 0.014869854 0.0011791355 0.005540811 0.008811282 0.0069250767 0.02231965 0.008489715 0.00035723555 0.024988288 1.9359353e-05 7.2557423e-06 0.015694678 0.018388841 0.065201595 0.001796151 0.0045758868 0.039118543 0.1566981 0.05591815 0.058963493 0.019906476 0.05199848 0.0054932167 0.009982838 0.007902967 0.039770566 0.018194964 0.007074661 0.02457974 0.002028417 0.012620122 0.006570091 0.010333858 0.0013577824 0.0005933845 0.044894315 0.019221438 0.0048035323 0.00027621863 0.00017733611 0.0013592491 0.00032306445 0.016045779 0.004024408 0.008772561 0.021166021 0.0008664596 0.0003393632 0.0022852502 0.000541162 0.0068421746
0.9997352 0.7610886 4.77584e-06 0.6964593 0.009157401 0.007634421 0.53920215 0.44379392 0.8923097 0.48758405 0.25754246 0.13037752 0.5631565 0.317913 0.03089176 0.023444861 0.03024711 0.030554337 0.01088224 0.14183624 0.002402245 0.0459346 0.017989788 0.021462476 0.06424145 0.054629277 0.04342623 0.096942335 0.014856382 0.8897082 0.0022707025 0.008207982 0.16710138 0.010855719 0.0017061814 0.007534055 0.0024689697 0.05464216 0.48519143 0.008753541 0.026826624 0.031096227 0.07258737 0.01607872 0.018001458 0.020657448 0.12886788 0.01822646 0.012551335 0.008753166 0.0049025686 0.0007811584 0.002739297 0.00013941272 0.0019244269 0.008116954 0.033775657 0.00038141315 0.003911137 3.6595118e-06 1.0405753e-06 0.031678062 0.042904068 0.093499966 0.0028850175 0.006212126 0.10941431 0.59072673 0.20111965 0.13039103 0.036287185 0.11294166 0.017219609 0.020992624 0.020053752 0.13465707 0.04053688 0.02121649 0.0652212 0.011877977 0.039548438 0.020927588 0.021043885 0.014072025 0.0008263941 0.30548245 0.03352969 0.0047799116 0.0007217079 0.00069341494 0.0060355472 0.005185782 0.07579314 0.011774056 0.022321172 0.38957122 0.0028135567 0.003654455 0.007830502 0.0055556316 0.0094495965
0.9796318 0.9463036 0.6964593 2.0202651e-06 0.03385858 0.011493514 0.9751812 0.86763424 0.35839778 0.52201295 0.8078263 0.5817248 0.8875087 0.042173445 0.26424226 0.10072372 0.076903336 0.09467644 0.02502807 0.35518533 0.012243979 0.22076152 0.08837585 0.07497318 0.16810282 0.05197857 0.076015614 0.12198091 0.035328433 0.7679003 0.0048687006 0.02276939 0.1549249 0.029997507 0.0020563593 0.027629532 0.0014436429 0.08516987 0.076119274 0.014203102 0.06903383 0.031431343 0.07578554 0.017790793 0.032282524 0.013900688 0.1650024 0.013085741 0.01294517 0.013606322 0.0044591357 0.00091911596 0.0042546126 0.0005088296 0.0016341311 0.006323293 0.01187898 0.00020689261 0.008703709 4.68752e-06 7.8295903e-07 0.006751896 0.0031713187 0.018749336 0.0006024827 0.0008026054 0.030650744 0.10837318 0.016811159 0.023242202 0.00574193 0.01667782 0.001783775 0.0023979384 0.0018270785 0.013582409 0.0041829143 0.0035491977 0.005953151 0.00044867414 0.015797382 0.002931658 0.002411584 0.0018201723 0.00042554724 0.013233268 0.0025759586 0.001707499 0.00059486023 9.0445734e-05 0.00051683857 0.00017097502 0.006554321 0.0015444082 0.003827813 0.0051216474 0.00044776345 0.00014973343 0.00087932084 0.00017358238 0.007582775
0.9995324 0.18697035 0.009157401 0.03385858 1.3452919e-09 0.9581164 0.0042209052 0.021646913 0.0046745515 0.0008830142 0.32570434 0.03071484 0.0019876934 0.00014234784 0.006039465 0.011415501 0.17445712 0.3741831 0.017704349 0.2774921 0.0020764584 0.0007531744 0.00043729902 0.13484947 0.022092376 0.7282928 0.42702395 0.0070347274 0.00015851573 0.006079666 4.5061188e-05 0.052871294 0.059470214 0.0007984602 0.01288419 0.26565984 0.08921853 0.93749374 9.7770535e-05 0.65896934 0.00033617776 0.871977 0.03375223 0.61474365 0.0047357106 0.8261609 0.0676232 0.55749905 0.52618355 0.80994165 0.17638116 6.461683e-05 0.00080261496 0.025008608 0.13092208 0.25824398 4.0696486e-06 0.0052769366 0.006783544 3.3125332e-05 7.061034e-06 1.0815953e-05 2.87726e-05 0.00023172375 2.9425127e-07 3.496796e-06 9.591479e-05 0.0007461393 0.00025745208 0.00044392867 8.179449e-05 0.00018401603 2.1888527e-06 5.347236e-05 3.8888058e-05 0.00013469411 0.00011482409 4.2194133e-06 0.0001849342 5.570319e-07 9.5593256e-05 5.448418e-05 0.00016179238 1.0831897e-06 1.5499426e-06 4.2017233e-05 8.1387145e-05 1.0362793e-06 3.404944e-07 6.3320937e-07 5.987401e-06 3.5649514e-06 6.505799e-06 1.3234909e-05 1.1420395e-05 2.27439e-05 3.1213452e-07 4.6967892e-07 1.2553081e-05 2.1442933e-07 4.16919e-06
0.9940781 0.09572264 0.007634421 0.011493514 0.9581164 8.891943e-09 0.0017907624 0.006783738 0.0023784768 0.00037242216 0.11339943 0.008421538 0.00062415923 4.1499807e-05 0.0034497266 0.006209144 0.4928778 0.74850327 0.03956861 0.2411503 0.0018669331 0.00018927807 0.00018523903 0.13078195 0.015606816 0.83059764 0.58926976 0.0045081866 7.396588e-05 0.0037220218 2.9991956e-05 0.11578973 0.04765582 0.00043460182 0.050073534 0.46862808 0.20525706 0.9219839 5.3863845e-05 0.8101792 0.00014642061 0.8750378 0.021650035 0.6055839 0.0035573035 0.8437258 0.05530591 0.58767587 0.68340135 0.88890684 0.18271708 7.27127e-05 0.00042673294 0.0967694 0.1495067 0.34112847 3.1552079e-06 0.007608473 0.00738784 4.2323238e-05 1.7128747e-05 4.8582897e-06 1.0004105e-05 0.00014882331 7.5693464e-08 1.1030011e-06 4.6009096e-05 0.0002832013 5.2433108e-05 0.00017058267 2.8133783e-05 0.00014640162 3.4376947e-06 5.6965342e-05 1.3359269e-05 0.0002002457 0.00017580764 5.01411e-06 0.00011133485 1.5285345e-06 5.0477687e-05 4.0126673e-05 0.00018749264 1.4328845e-06 2.1168826e-06 2.2832284e-05 7.885809e-05 7.126483e-07 5.310893e-07 1.5567585e-06 4.4362223e-06 8.68291e-06 4.0950436e-06 1.5479138e-05 1.3293158e-05 2.9375951e-05 2.1490018e-07 8.3767577e-07 1.3228964e-05 3.3637482e-07 3.9467413e-06
0.96553785 0.5841264 0.53920215 0.9751812 0.0042209052 0.0017907624 7.2474256e-07 0.9453756 0.06734332 0.97021735 0.133952 0.20333289 0.95231944 0.0028370656 0.3116777 0.078850105 0.0034912082 0.007872513 0.00209973 0.081316195 0.00029725474 0.5026397 0.20464063 0.03606811 0.32726955 0.020686442 0.06625597 0.571019 0.30007523 0.57965183 0.05745013 0.0025841447 0.23905402 0.27387014 0.00025096873 0.0056124288 0.00018759674 0.023229167 0.010245914 0.0012080923 0.462798 0.0097763045 0.22896472 0.012044874 0.03908679 0.0043177092 0.13953441 0.0031279202 0.0013878222 0.001959542 0.0015242317 0.022921791 0.026127452 4.1996962e-05 0.0006698141 0.00046108544 0.001336491 6.514997e-05 0.020767773 2.8468683e-06 1.603295e-08 0.00018778739 0.00017130455 0.0013082284 4.5734625e-05 0.00013920853 0.001282602 0.10301079 0.009641466 0.0050748843 0.0014695142 0.00033896102 1.3122422e-05 0.00011888334 7.185494e-05 0.00033396334 0.00010289585 5.984618e-05 0.000967699 1.0640822e-06 0.00093846733 6.707256e-05 6.9340735e-05 0.00054631423 1.293508e-07 0.0028415222 7.261623e-05 1.4434763e-05 9.0193615e-05 4.091874e-06 5.001983e-06 0.00013310253 0.0005899805 2.439878e-05 9.2278795e-05 0.019368814 9.23752e-07 1.2456866e-05 1.24139815e-05 4.5348474e-07 0.00029222202
0.9866481 0.58344835 0.44379392 0.86763424 0.021646913 0.006783738 0.9453756 5.163811e-06 0.050306924 0.068198055 0.6241359 0.924886 0.6496676 0.0027020103 0.862958 0.7515109 0.0040963395 0.009442214 0.0018352444 0.3874774 0.00021697921 0.66833264 0.3732424 0.13986942 0.86315346 0.07285925 0.15484402 0.6817614 0.20152651 0.26167083 0.03749969 0.0024513814 0.60666186 0.3098193 0.00056528614 0.01096392 0.00044756636 0.07233493 0.0006934745 0.0057016327 0.6128586 0.03362452 0.58004725 0.033779327 0.10395088 0.027075369 0.34149837 0.019477481 0.009636668 0.00793344 0.008683201 0.03563304 0.07134949 0.0001448016 0.0041258065 0.0052112327 0.0004481742 0.00055704947 0.06357092 4.0788377e-06 6.916291e-08 5.065375e-05 0.00010412365 0.0003862271 1.4809563e-05 3.053762e-05 0.0007553371 0.045388646 0.0027029458 0.0017709354 0.0007483845 0.00024027261 3.238038e-06 3.320089e-05 8.503108e-05 0.00041730946 6.1282044e-05 6.495328e-06 0.0008155638 3.6085578e-07 0.00037904928 0.00014193819 4.1817675e-05 0.00013742382 1.009073e-06 0.00088969455 8.953603e-05 2.8135887e-06 2.0415557e-05 1.901973e-06 3.320795e-05 6.537153e-05 0.00029479188 1.2182585e-05 0.00020162444 0.0101221185 1.3021577e-06 1.7260454e-05 3.6632497e-05 6.5225373e-07 0.00010736221
0.993752 0.4172141 0.8923097 0.35839778 0.0046745515 0.0023784768 0.06734332 0.050306924 8.2120965e-07 0.026314165 0.02074394 0.016242346 0.049272876 0.022580374 0.01209621 0.004241697 0.0017116867 0.002973684 0.0009118629 0.0051221796 5.0273033e-05 0.008034612 0.004696561 0.0027373657 0.01084139 0.0015086146 0.003835128 0.00568185 0.0017763566 0.46876514 0.00061108865 0.00018535512 0.0053645107 0.0031908054 8.41951e-05 0.0005311722 3.201179e-05 0.0009842574 0.10098469 0.00010869782 0.00036525578 0.00036835068 0.0016989341 0.00032974218 0.0005870777 0.00022585626 0.0006125184 0.00024394885 0.00027125533 0.00031822055 0.00012832675 5.494581e-05 0.00020948498 1.25178385e-05 0.000107654836 9.76359e-05 0.004311661 5.434515e-05 4.337271e-05 4.038184e-07 4.4972637e-08 0.0016370878 0.0056826198 0.015868621 0.00071556173 0.0012158246 0.0042211083 0.9826663 0.7512054 0.6001708 0.33613318 0.07559588 0.00088548707 0.0030506637 0.08655242 0.03805675 0.008039127 0.00038121754 0.5554895 0.0001965892 0.002597637 0.10685211 0.0019146579 0.00023139184 7.4049516e-05 0.71229845 0.009369641 0.00043855174 5.336792e-05 0.0001235372 0.03411255 0.062390484 0.3662146 0.0008304985 0.028142452 0.9347981 0.0006314136 0.07460104 0.012162085 0.001044417 0.0017520553
0.98201865 0.2790476 0.48758405 0.52201295 0.0008830142 0.00037242216 0.97021735 0.068198055 0.026314165 7.780008e-06 0.0017335078 0.0038017014 0.96124995 0.0006559151 0.039799497 0.0034666036 0.0002971816 0.00079966197 0.0003109489 0.0008821245 3.3379056e-05 0.81067824 0.48212785 0.0013891265 0.011365185 0.00031434526 0.0013472674 0.5905218 0.80055255 0.7430501 0.7319359 0.00027254902 0.009257802 0.9021511 0.00012341322 0.0005083152 0.00011474319 0.0004240894 0.0037497317 5.709539e-05 0.9282019 5.907015e-05 0.056025174 0.0001896333 0.0041823504 0.00012214408 0.0026466711 0.00021618958 8.3195955e-05 5.8006568e-05 0.000119655204 0.52325225 0.051578682 6.3719626e-06 9.618033e-05 4.3831984e-05 0.0005272281 1.300638e-05 0.00073349895 4.1782178e-06 8.1302694e-08 0.00014259487 0.0002824585 0.0014635102 0.00012576983 0.0002026786 0.00061954744 0.008054056 0.0019218234 0.00046599965 0.00029071877 7.2588264e-05 7.997462e-06 4.4528904e-05 0.00010219671 9.1769165e-05 7.7280994e-05 7.185954e-05 0.00022595405 3.2336343e-06 0.0006156859 4.661954e-05 2.5238787e-05 4.7012032e-05 2.5371033e-05 0.00044371237 0.00011261587 3.5831203e-05 8.571e-05 1.07468495e-05 2.3477238e-05 0.00013849016 0.00017305705 1.3371073e-05 5.2200558e-05 0.008823256 1.368348e-06 0.0001392639 8.159772e-06 2.145714e-06 0.00013548668
0.99358565 0.8819099 0.25754246 0.8078263 0.32570434 0.11339943 0.133952 0.6241359 0.02074394 0.0017335078 4.1421133e-10 0.98372144 0.031684745 0.00022582094 0.42812872 0.7762277 0.13458517 0.6133316 0.057556108 0.92047614 0.007923471 0.005515621 0.040569406 0.519733 0.2658963 0.33544007 0.37505728 0.0354078 0.0024229258 0.038116194 0.0002113155 0.011202411 0.06670867 0.005187635 0.00021620875 0.078018904 0.0011698522 0.13549583 6.319172e-05 0.0042477525 0.0016350227 0.032338005 0.03281994 0.014060795 0.011325822 0.018798351 0.05556835 0.011057537 0.008606775 0.007446273 0.002966184 1.1191176e-05 0.0009992915 1.3191409e-05 0.001249441 0.0018106027 0.00054415216 3.4504734e-05 0.001987035 3.6632373e-06 3.3333865e-08 1.1370274e-05 8.221762e-06 0.00010679709 8.709108e-06 1.7002809e-05 0.0002887016 0.0018701969 0.0007100274 0.000395654 0.0006212558 1.978683e-05 1.5174518e-07 4.0920027e-06 6.8879344e-06 5.932874e-06 4.6860805e-06 3.0447661e-06 0.00013399623 1.9630122e-08 6.043014e-05 2.9108216e-06 6.6996067e-06 6.19829e-05 9.098804e-08 2.876327e-05 3.915494e-06 1.4999824e-06 3.8348448e-05 8.079072e-08 4.751517e-06 6.0414945e-06 1.0935081e-05 1.2903962e-06 2.0976755e-05 4.427051e-06 3.9454616e-08 3.1581473e-07 1.1823761e-06 3.638713e-07 8.906635e-05
0.8990325 0.4379396 0.13037752 0.5817248 0.03071484 0.008421538 0.20333289 0.924886 0.016242346 0.0038017014 0.98372144 1.1948762e-09 0.2562276 0.0002482773 0.9843721 0.9592123 0.0052144486 0.069975354 0.0015135605 0.43639615 7.6100216e-05 0.040981505 0.22806406 0.09416238 0.3556722 0.012857978 0.048630785 0.036248524 0.006295821 0.048770864 0.00042027654 0.00076851866 0.017829588 0.005140933 1.3269852e-05 0.010100066 6.9323345e-05 0.008141521 0.000108546265 0.00036330664 0.0016799275 0.0014233 0.0069381427 0.0013992 0.001741272 0.00047507285 0.0053642984 0.0008369216 0.000304868 0.00039525458 0.00023365414 3.99966e-06 0.00024283957 3.1095644e-07 6.900232e-05 0.00012710536 0.00017211381 4.865232e-07 0.00014400356 1.3384232e-08 4.9774523e-10 2.4840883e-05 1.1586398e-05 0.00016933511 5.0130384e-06 9.749042e-06 0.000118665645 0.0006381648 0.00018709521 0.00029819112 0.0002718564 2.005162e-05 2.6184634e-07 2.2541083e-06 1.6407428e-05 1.2770392e-05 2.6094879e-06 1.0991829e-06 2.7135404e-05 1.2094421e-07 4.610766e-05 1.9251233e-06 6.7364585e-06 1.3169915e-05 4.8903286e-07 2.3021194e-05 1.177022e-06 6.025427e-07 4.1588255e-06 2.5952063e-09 1.5863202e-06 1.2826355e-05 4.6433474e-06 1.457967e-07 5.1135116e-06 3.596997e-05 2.7897157e-08 1.2303632e-08 3.476683e-07 1.2186848e-07 3.998268e-06
0.9333076 0.5968124 0.5631565 0.8875087 0.0019876934 0.00062415923 0.95231944 0.6496676 0.049272876 0.96124995 0.031684745 0.2562276 1.5881373e-09 0.00053750956 0.8368792 0.1430059 0.00015516377 0.0021248213 0.0003100168 0.012555519 1.2348331e-05 0.99102986 0.57692724 0.006401037 0.2170618 0.0006637661 0.0068303975 0.5294295 0.348277 0.84786904 0.032203283 0.00010971073 0.013170726 0.04841004 8.996652e-06 0.00066441845 4.232865e-05 0.0011944453 0.002687362 2.5294255e-05 0.03703014 0.00035667757 0.011963793 0.00065216824 0.0014269357 4.861402e-05 0.00534693 0.00010722848 1.9542325e-05 8.416054e-06 2.8119297e-05 0.00016192114 0.000704548 4.216472e-08 1.4206203e-05 8.353229e-06 0.0024697313 1.8495975e-06 0.00025598603 6.911408e-09 8.2791204e-12 0.0004291404 0.0002613328 0.0020642513 2.860679e-05 8.8338675e-05 0.00031584775 0.011832103 0.0018131506 0.0036090384 0.0013972205 0.00013015432 1.2495349e-06 2.0397049e-05 2.2798364e-05 1.6577133e-05 7.904703e-06 1.2344665e-06 0.00015191613 9.20507e-09 7.5847274e-05 1.8630449e-06 2.4859405e-06 3.705466e-05 2.3776021e-08 0.00025194383 2.5451257e-06 2.9131266e-08 6.880142e-06 5.436199e-09 3.4658945e-07 4.788934e-06 9.758852e-05 3.2748528e-07 9.758027e-06 0.0016178994 1.6084284e-08 1.6948105e-07 5.9948314e-07 3.4866826e-08 1.0751057e-06
0.99952936 0.11292049 0.317913 0.042173445 0.00014234784 4.1499807e-05 0.0028370656 0.0027020103 0.022580374 0.0006559151 0.00022582094 0.0002482773 0.00053750956 1.39016e-06 0.00023262162 0.000109808294 1.3580096e-05 1.0952166e-05 1.3379455e-05 3.42274e-05 3.528114e-07 2.0806308e-05 2.3518965e-05 1.5617929e-05 2.4869896e-05 6.495916e-06 1.7942917e-05 4.0829847e-05 1.3311757e-05 0.008624041 1.0933585e-06 1.7840715e-06 2.1835556e-05 1.365279e-05 1.0734276e-06 5.9795716e-06 2.0616758e-06 7.5294674e-06 0.034717903 2.094368e-06 4.757983e-06 4.2103734e-06 1.5710175e-05 2.8529619e-06 1.4240277e-05 3.5872727e-06 5.6308036e-06 4.4311288e-05 2.8438822e-05 5.5423325e-06 1.6002805e-05 7.2603e-07 1.3724162e-06 3.902712e-07 2.0882512e-06 2.06419e-06 0.0032520653 1.5182559e-06 2.8905822e-07 1.8174377e-07 4.6582405e-10 0.001775673 0.005405879 0.011490138 0.00077218236 0.0022545813 0.004906535 0.040101778 0.06007714 0.9591053 0.8565193 0.870154 0.0016458902 0.00705529 0.7965894 0.3510149 0.03805079 0.001156956 0.91005546 0.00063770387 0.0010833845 0.81871414 0.019251704 5.1016676e-05 0.00022749422 0.022100994 0.21515146 0.0021924418 0.00011251978 0.00025619072 0.22035246 0.00013192234 0.07174069 0.00580152 0.332412 0.00044471447 0.0040666806 0.015476225 0.021880258 0.003858363 0.0021448755
0.7462664 0.07992983 0.03089176 0.26424226 0.006039465 0.0034497266 0.3116777 0.862958 0.01209621 0.039799497 0.42812872 0.9843721 0.8368792 0.00023262162 1.1339204e-11 0.99020135 0.0010146231 0.020333193 0.0005490907 0.27386534 4.7344707e-05 0.70730823 0.9489249 0.11216592 0.83038634 0.008826938 0.038330168 0.1825962 0.057283636 0.14246412 0.008678304 0.00024743838 0.024707044 0.044754762 4.1691146e-06 0.0011772759 2.137568e-05 0.0038739187 7.884116e-05 5.22894e-05 0.014115332 0.0005533292 0.011354394 0.0012367413 0.0019482983 0.0001974942 0.004588577 0.000114419636 8.1956125e-05 0.00024519901 3.156151e-05 5.1270155e-05 0.00062418304 2.2512693e-07 3.6181325e-06 3.6668116e-05 0.0002639656 8.9955665e-07 0.0001618509 4.8243487e-10 1.6654865e-10 1.94228e-05 1.3450317e-05 8.840753e-05 5.355983e-07 6.435092e-07 2.9959481e-05 0.0002622258 9.834415e-05 0.00014472954 0.00010857692 1.0101268e-05 3.528792e-08 1.0014132e-06 7.2395096e-07 3.8314174e-06 9.954136e-07 1.3483117e-07 3.7850614e-06 1.4062907e-08 1.0485422e-05 3.6399518e-07 9.243187e-07 3.3057637e-05 9.629532e-09 5.202807e-06 1.1851357e-07 8.06212e-09 3.947208e-08 3.6209578e-09 2.0412303e-07 3.382875e-06 7.4469256e-07 1.5057369e-08 1.6810018e-06 0.00013254632 1.4352749e-08 4.8679542e-08 1.0970606e-07 7.200122e-08 8.0773583e-07
0.78278524 0.076300934 0.023444861 0.10072372 0.011415501 0.006209144 0.078850105 0.7515109 0.004241697 0.0034666036 0.7762277 0.9592123 0.1430059 0.000109808294 0.99020135 1.1941403e-09 0.0057066157 0.14521626 0.0024840068 0.8989155 0.0005168881 0.08629668 0.82732576 0.57806724 0.9631296 0.052508503 0.114878416 0.098673776 0.023195522 0.037100144 0.0030541322 0.0007114613 0.034190807 0.03300163 3.5553923e-05 0.005621098 0.00014790235 0.010661134 2.3128252e-05 0.00030139033 0.012622638 0.0021857186 0.00983406 0.0019791457 0.0016504178 0.0005878433 0.006753023 0.00036423097 0.00019008957 0.00034361857 0.00026496666 4.448544e-05 0.00053638656 2.488094e-06 4.0014438e-05 5.9075497e-05 0.00013450965 3.4018462e-06 0.00019405996 4.0310733e-09 1.505609e-10 9.836559e-06 5.5142114e-06 0.00014893504 3.7069185e-07 4.5965658e-06 1.934953e-05 9.945568e-05 5.4373508e-05 0.00045749202 0.0004056397 2.06758e-05 9.755617e-08 2.907659e-06 3.9185493e-06 5.4574684e-06 3.2995322e-06 1.1619648e-07 3.816031e-05 1.644368e-08 4.854114e-07 4.595919e-07 1.4527062e-06 7.1533414e-06 1.8991206e-09 3.7506557e-06 4.1704442e-07 6.456028e-09 1.4673114e-07 8.4424195e-10 9.983438e-07 3.1391921e-06 1.1352704e-06 9.756975e-08 7.3815215e-07 4.580844e-07 1.1069114e-08 1.168387e-08 6.1059424e-09 1.0257761e-08 4.93731e-08
0.9702108 0.33568573 0.03024711 0.076903336 0.17445712 0.4928778 0.0034912082 0.0040963395 0.0017116867 0.0002971816 0.13458517 0.0052144486 0.00015516377 1.3580096e-05 0.0010146231 0.0057066157 1.3599872e-09 0.9949276 0.9910175 0.12880939 0.10290553 1.5173462e-05 0.0011686819 0.08332572 0.0033888784 0.41570327 0.1438327 0.0012584636 6.336969e-05 0.010119125 9.215159e-06 0.26561916 0.010182334 0.0011134914 0.03423124 0.5044244 0.023752546 0.2621121 0.00014053576 0.055572815 7.667371e-06 0.08661803 0.002411016 0.012748606 0.001103683 0.026010456 0.0061887656 0.02648366 0.043814566 0.0929406 0.0036247107 7.133711e-07 5.2270945e-05 0.0019394286 0.0009872192 0.010905429 0.0001985582 2.0718257e-05 6.2216e-05 1.4814296e-05 1.6080193e-06 0.00015124292 6.4217646e-05 0.0008496708 1.9157691e-05 4.0448096e-05 0.00011923977 0.00045032793 0.00027627975 0.001044572 0.0006562499 0.00012044897 3.4766751e-06 7.854566e-06 4.929016e-06 4.064046e-05 3.0169214e-05 1.1377509e-05 1.1805277e-05 2.1714748e-06 0.00010543757 3.6343274e-06 2.5578116e-05 2.1619211e-05 6.3361347e-07 4.9476325e-06 2.5872503e-06 3.2653238e-06 5.5573796e-06 3.406706e-08 9.227673e-06 5.4613083e-05 1.8059231e-06 2.1417397e-06 2.8025168e-05 3.0867696e-07 9.834228e-07 5.8732176e-08 3.1515629e-06 4.6603003e-07 3.7434052e-06
0.8076661 0.2963801 0.030554337 0.09467644 0.3741831 0.74850327 0.007872513 0.009442214 0.002973684 0.00079966197 0.6133316 0.069975354 0.0021248213 1.0952166e-05 0.020333193 0.14521626 0.9949276 4.04403e-11 0.8531713 0.81857157 0.037015308 0.00042266975 0.014480774 0.91002125 0.04865489 0.96892846 0.87467223 0.0076057483 0.0001847209 0.017643651 6.763815e-05 0.32309628 0.033838283 0.010568251 0.012969085 0.6970273 0.024228876 0.26943043 0.00014495454 0.053005867 1.7237426e-05 0.14635472 0.014725489 0.018838175 0.0034403694 0.040053118 0.014475134 0.03121937 0.061000362 0.10786617 0.005546944 8.6560846e-07 0.00014652313 0.0011314697 0.0021644405 0.012429418 0.00012402523 5.279025e-05 0.00010010962 5.265992e-05 8.9213927e-07 0.00021915096 0.00010595699 0.0007002709 3.6305708e-05 8.297606e-05 7.704832e-05 0.0006710347 0.00024483708 0.0016623623 0.0020951694 0.0003758736 6.5236604e-06 1.6396023e-05 4.136049e-05 8.435118e-05 4.719432e-05 1.1280014e-05 7.9262594e-05 4.5650611e-07 2.3162222e-05 5.773093e-06 2.682983e-05 5.1896728e-05 3.683366e-08 1.5511649e-05 1.7687513e-05 1.3316277e-07 1.4376533e-06 3.660665e-09 9.159697e-06 1.7936673e-05 5.388854e-06 7.083031e-07 6.651465e-06 5.38162e-07 2.0475295e-07 2.978134e-08 3.8887723e-07 1.2372992e-07 4.0684083e-07
0.98173434 0.37526506 0.01088224 0.02502807 0.017704349 0.03956861 0.00209973 0.0018352444 0.0009118629 0.0003109489 0.057556108 0.0015135605 0.0003100168 1.3379455e-05 0.0005490907 0.0024840068 0.9910175 0.8531713 1.0791832e-11 0.062713705 0.95291775 5.02408e-06 0.0021460312 0.0731912 0.0025268781 0.52123165 0.37579647 0.00093755487 2.0122901e-05 0.0053405324 1.7008541e-06 0.8665447 0.008363731 0.002819973 0.23626815 0.9087692 0.09139606 0.26663637 3.530184e-05 0.12087503 7.3343917e-06 0.119295284 0.002383013 0.007363839 0.00085515116 0.013627574 0.0039785253 0.017282074 0.0253273 0.043577462 0.0059636035 3.7789512e-08 1.9243678e-05 0.005187862 0.00040600987 0.0088894265 5.5758257e-05 3.586096e-06 1.38448495e-05 9.874917e-06 3.6629174e-07 0.0001140401 4.7815523e-05 0.0009195784 3.359313e-06 3.0870375e-05 0.00016840073 0.00020252925 9.0982714e-05 0.0009174379 0.00036120616 8.818893e-05 1.2888251e-05 2.4353192e-05 7.3051847e-06 6.200291e-06 1.2445301e-05 8.45749e-06 6.325291e-05 3.7182044e-06 7.840657e-05 9.351613e-06 2.731213e-05 5.9640183e-06 2.1254442e-07 2.6319967e-06 5.1853317e-06 5.4642594e-08 4.1812227e-06 4.3241517e-08 2.3753414e-07 9.0216923e-07 6.5075636e-07 8.914002e-07 8.609392e-06 7.52501e-08 5.1815544e-08 2.461285e-09 1.7538504e-07 2.1564563e-07 5.0537557e-07
0.9660551 0.5082728 0.14183624 0.35518533 0.2774921 0.2411503 0.081316195 0.3874774 0.0051221796 0.0008821245 0.92047614 0.43639615 0.012555519 3.42274e-05 0.27386534 0.8989155 0.12880939 0.81857157 0.062713705 1.2477604e-10 0.007696202 0.0033052408 0.030088361 0.99515355 0.86253697 0.48552158 0.5226993 0.030491745 0.0012753537 0.02367222 0.00044459236 0.006594095 0.124805115 0.012279404 0.00034707153 0.05310943 0.001041685 0.13589802 1.6904796e-05 0.0009640495 0.007571929 0.017321039 0.05536629 0.020682279 0.012180669 0.020627204 0.08703689 0.008561878 0.0037072937 0.0057561444 0.0017841381 4.999334e-05 0.0009211517 3.7593325e-06 0.0014122231 0.0011811883 5.3850803e-05 4.5384735e-05 0.0010935302 2.3671744e-06 1.1083691e-08 3.678038e-06 2.9751052e-06 2.3190138e-05 3.8686238e-07 1.0520826e-06 8.642784e-06 8.0406746e-05 6.68988e-05 6.911653e-05 4.4107524e-05 1.2756851e-06 9.447495e-09 1.1205219e-07 9.207199e-08 6.3853304e-07 3.7304488e-07 6.0909957e-09 2.1162386e-06 1.3378056e-08 1.8885507e-06 1.9265951e-07 3.080811e-07 1.9610684e-06 1.4167636e-08 1.4100657e-06 2.0073992e-08 1.3322824e-08 8.4704766e-08 1.4322743e-09 3.1736752e-07 1.3472622e-06 1.4978555e-06 1.1049834e-08 1.4416754e-07 1.6792104e-06 8.838796e-09 3.7217692e-08 1.8995067e-07 6.476196e-08 9.674272e-08
0.9981264 0.33815604 0.002402245 0.012243979 0.0020764584 0.0018669331 0.00029725474 0.00021697921 5.0273033e-05 3.3379056e-05 0.007923471 7.6100216e-05 1.2348331e-05 3.528114e-07 4.7344707e-05 0.0005168881 0.10290553 0.037015308 0.95291775 0.007696202 7.624287e-13 2.2897066e-07 0.00016309402 0.0071132467 0.0003981799 0.04710167 0.3146665 0.00018300203 1.913986e-06 0.0005541451 8.662369e-07 0.9809496 0.012718126 0.00094474567 0.92175555 0.3796533 0.1872636 0.17631781 1.0418131e-05 0.18440434 2.2983135e-05 0.097990684 0.0037342971 0.017873289 0.00058569276 0.030639784 0.0052050133 0.030612255 0.05065398 0.11554156 0.006723424 1.24489965e-08 4.32188e-06 0.28937256 0.0005675062 0.014060751 1.41037835e-05 1.4261959e-06 3.540783e-06 8.455982e-06 1.0899522e-06 6.480845e-05 3.8221824e-05 0.00044375955 1.1950068e-06 1.0511603e-05 6.178578e-05 3.232224e-05 0.00049091276 0.0008692518 0.00037598616 0.00030899813 7.1797504e-06 1.0221831e-05 1.2515243e-06 3.0803046e-06 7.735499e-06 2.9191924e-06 0.00012793792 2.3122288e-06 3.568239e-05 5.637063e-06 5.62276e-06 3.4731968e-07 4.0770854e-07 4.4520903e-06 3.2771555e-07 2.3666111e-07 2.724198e-06 4.9468866e-08 1.5994016e-07 1.0861854e-06 9.958751e-07 6.9753774e-08 6.4137583e-07 1.851184e-08 5.8116865e-07 5.9935185e-10 1.3050351e-07 4.2955612e-08 9.620889e-08
0.75812477 0.055718686 0.0459346 0.22076152 0.0007531744 0.00018927807 0.5026397 0.66833264 0.008034612 0.81067824 0.005515621 0.040981505 0.99102986 2.0806308e-05 0.70730823 0.08629668 1.5173462e-05 0.00042266975 5.02408e-06 0.0033052408 2.2897066e-07 7.0058656e-13 0.9990637 0.004057844 0.3086824 6.16704e-05 0.0037906864 0.24586849 0.30563745 0.50883156 0.036278065 3.0374707e-07 0.0044584875 0.02414547 4.5749218e-08 7.032332e-06 4.357578e-07 2.9110539e-05 0.00030082092 3.3624974e-07 0.012849845 1.6432911e-06 0.0019159995 4.1478717e-05 0.00023685451 6.4552154e-07 0.0002506934 1.0378538e-06 4.2509313e-07 2.4270628e-07 2.878293e-06 4.8035963e-05 9.9267025e-05 1.307054e-09 1.2899927e-06 1.1334666e-07 0.0004163272 6.128807e-07 1.2814422e-05 2.700791e-09 9.387058e-12 2.319674e-06 3.836657e-06 0.00016975906 6.618252e-06 8.616465e-06 1.0285679e-06 0.0019089611 0.00041707233 3.890145e-05 0.00016703573 8.329521e-08 5.3426604e-08 1.691055e-07 7.850754e-08 9.621623e-08 1.3576688e-07 1.1963045e-08 4.4810604e-06 5.556754e-10 1.815733e-07 3.132986e-08 4.4428518e-08 2.5309262e-07 6.7327877e-09 1.9784153e-05 1.06251285e-07 1.2907942e-09 6.5468136e-08 1.0918825e-09 1.7000652e-07 8.063315e-06 1.5075907e-06 8.3454566e-08 4.7840564e-07 7.669627e-05 4.6921215e-08 8.988599e-08 3.084802e-08 1.9183878e-08 2.0131354e-08
0.35926643 0.028392142 0.017989788 0.08837585 0.00043729902 0.00018523903 0.20464063 0.3732424 0.004696561 0.48212785 0.040569406 0.22806406 0.57692724 2.3518965e-05 0.9489249 0.82732576 0.0011686819 0.014480774 0.0021460312 0.030088361 0.00016309402 0.9990637 5.0230445e-12 0.079675354 0.9197546 0.002768946 0.02388633 0.9042932 0.8852936 0.86959666 0.27932504 8.649484e-05 0.017022524 0.08055165 1.6571133e-06 0.00014859144 0.00026878453 0.0007147757 0.00014185726 1.3461892e-05 0.02806619 6.794e-05 0.006382801 0.00014028 0.00077181135 2.3246223e-05 0.00071623974 8.78745e-06 2.8998884e-06 3.5990638e-06 1.4365987e-05 0.00017188794 0.000106509855 2.36208e-08 8.755903e-06 1.6342625e-06 0.0010411779 3.271413e-07 8.832642e-06 2.2135008e-10 5.864072e-12 9.026848e-05 0.00041829143 0.00075071515 1.5470276e-06 5.923086e-05 5.642027e-06 0.0033944058 0.00028582563 0.0014847585 0.0020570536 3.0323275e-05 8.657913e-08 3.8127223e-06 1.8219742e-05 4.7631062e-07 1.173209e-05 6.7179844e-09 3.5406225e-05 4.1613799e-10 1.2863175e-07 2.8064843e-08 1.4916311e-07 2.6704504e-06 3.0601158e-10 7.0433334e-06 9.52777e-07 3.571413e-10 5.993616e-08 1.8116976e-09 2.5498414e-08 8.4445674e-07 1.2557207e-06 1.13316965e-08 1.1060736e-08 0.000121908764 1.4699136e-09 2.2607107e-08 1.853629e-08 2.6364013e-09 5.444012e-09
0.8113389 0.11670807 0.021462476 0.07497318 0.13484947 0.13078195 0.03606811 0.13986942 0.0027373657 0.0013891265 0.519733 0.09416238 0.006401037 1.5617929e-05 0.11216592 0.57806724 0.08332572 0.91002125 0.0731912 0.99515355 0.0071132467 0.004057844 0.079675354 3.5342443e-10 0.8954152 0.9647267 0.9660409 0.07464347 0.0044670315 0.024945745 0.0043902043 0.019660309 0.31146103 0.1775371 0.00042234315 0.22571357 0.0015365733 0.21723647 3.3008495e-05 0.002062326 0.012209098 0.041699335 0.0743899 0.025129393 0.019920886 0.025384841 0.08294589 0.010407114 0.0075192857 0.008433036 0.0033963765 0.00018953241 0.0016671204 6.0708876e-06 0.00093946495 0.0012340792 4.2991538e-05 9.622419e-05 0.0032404063 3.0834374e-06 2.8524857e-08 7.1594504e-06 4.993619e-06 3.5227713e-05 3.71225e-07 2.4210099e-06 5.4816974e-06 3.4148237e-05 2.6707929e-05 0.00017244536 0.00019601129 3.0391209e-06 6.136102e-08 6.418721e-07 8.356005e-07 1.8373158e-06 1.0950135e-06 4.289885e-09 1.3035437e-05 2.8264035e-08 7.804937e-07 3.4552775e-07 1.4757941e-06 9.313324e-06 5.7362977e-09 2.472051e-06 2.8994668e-07 7.860684e-09 1.1359555e-07 5.312255e-09 4.4152134e-07 2.7233123e-06 9.257081e-07 3.6340364e-08 3.3037372e-07 7.3742467e-07 3.7564078e-08 1.1812924e-07 5.6611288e-08 2.5075389e-08 8.570521e-08
0.9194038 0.13899072 0.06424145 0.16810282 0.022092376 0.015606816 0.32726955 0.86315346 0.01084139 0.011365185 0.2658963 0.3556722 0.2170618 2.4869896e-05 0.83038634 0.9631296 0.0033888784 0.04865489 0.0025268781 0.86253697 0.0003981799 0.3086824 0.9197546 0.8954152 6.3273753e-10 0.13315092 0.47617182 0.95629185 0.62285006 0.11077745 0.26025388 0.00033657523 0.6820935 0.86169726 6.8048415e-05 0.0019317737 0.00010928781 0.043599818 7.22133e-06 9.406824e-05 0.6148351 0.0030349286 0.36338678 0.0060724365 0.08292859 0.0018687375 0.15275617 0.0014161754 0.00035124796 0.00041174513 0.0010512903 0.010629326 0.018336082 9.725153e-07 8.947798e-05 1.2863239e-05 5.7446414e-05 2.9541085e-05 0.0056227287 4.522985e-08 1.8957838e-09 1.3903921e-06 5.4369826e-07 1.1362513e-05 8.352463e-08 5.5823114e-07 1.0101465e-06 0.00024291876 0.00011338401 5.7254332e-05 8.269215e-05 1.3812452e-06 8.749246e-09 2.448965e-07 3.4554057e-07 4.0537998e-07 7.5221436e-07 3.3852132e-09 1.8456885e-05 4.675975e-09 1.5137213e-07 2.1401868e-07 5.4789353e-07 2.0185473e-06 2.1018143e-09 4.8731245e-06 3.0014445e-07 9.2607666e-10 3.5567265e-08 4.2550234e-09 1.1741162e-06 1.6473505e-06 5.499613e-07 3.1666477e-08 7.034217e-08 3.1503507e-05 1.704844e-08 1.8033751e-07 2.5836108e-08 3.959837e-09 6.5460775e-08
0.9510951 0.15696725 0.054629277 0.05197857 0.7282928 0.83059764 0.020686442 0.07285925 0.0015086146 0.00031434526 0.33544007 0.012857978 0.0006637661 6.495916e-06 0.008826938 0.052508503 0.41570327 0.96892846 0.52123165 0.48552158 0.04710167 6.16704e-05 0.002768946 0.9647267 0.13315092 7.8931424e-11 0.9840756 0.00887044 0.00024433722 0.016342722 0.0004752405 0.09006793 0.28180006 0.02579624 0.005702258 0.4002461 0.013091881 0.6143561 2.3886773e-06 0.046019234 0.004104246 0.3488421 0.17279735 0.214715 0.04851345 0.2097225 0.34100133 0.14502332 0.15976189 0.22390527 0.050028004 0.00017783421 0.0028126526 9.175753e-05 0.02782698 0.04997806 1.6530608e-05 0.0035990572 0.01847201 7.8690326e-05 1.0222994e-06 9.269025e-07 5.007995e-07 9.252726e-06 8.4575944e-08 5.822055e-07 1.494739e-06 2.2876202e-05 4.1839936e-05 9.326287e-05 7.005915e-05 1.0534299e-06 2.4072166e-08 1.5434605e-07 1.3810549e-07 7.9768006e-07 7.214408e-07 8.817088e-10 2.601628e-06 2.1853795e-08 1.6713253e-07 1.8614065e-07 7.5928756e-07 2.5113513e-06 3.3153537e-08 1.5224825e-06 1.0799966e-07 7.501061e-09 1.5708825e-07 1.786307e-08 7.3987115e-07 8.273139e-06 7.2096486e-07 2.5855481e-08 2.1014597e-07 9.101386e-07 9.6646076e-08 1.5474312e-07 1.0164791e-06 1.0720132e-07 4.9212698e-08
0.94427544 0.1655206 0.04342623 0.076015614 0.42702395 0.58926976 0.06625597 0.15484402 0.003835128 0.0013472674 0.37505728 0.048630785 0.0068303975 1.7942917e-05 0.038330168 0.114878416 0.1438327 0.87467223 0.37579647 0.5226993 0.3146665 0.0037906864 0.02388633 0.9660409 0.47617182 0.9840756 6.38645e-09 0.21327737 0.0029332503 0.029127162 0.011234581 0.564562 0.92066324 0.5703635 0.009843626 0.8044302 0.068242006 0.8665485 1.8958963e-05 0.04704593 0.03387182 0.5362813 0.66340774 0.33325934 0.23732832 0.3169448 0.58318657 0.20443697 0.18285257 0.08458034 0.09934064 0.004101769 0.028427185 4.410172e-05 0.039061345 0.040104974 9.088516e-05 0.00847876 0.07480133 0.00014104477 9.195051e-07 5.806238e-06 7.210299e-06 1.7300963e-05 5.9911446e-07 3.7500943e-06 1.008729e-05 8.141856e-06 5.415987e-05 0.00013098787 0.00022801245 2.1888359e-06 2.95745e-08 7.0806706e-08 5.7092495e-07 8.686848e-07 2.8865393e-06 7.815684e-09 1.8053988e-05 2.6403582e-08 9.659489e-07 2.3163854e-07 1.1000691e-06 4.128835e-06 1.081305e-08 8.389561e-06 4.4551456e-07 8.415094e-09 7.9820353e-07 6.8036236e-08 3.5459985e-07 1.7502406e-06 6.2146796e-07 1.3832554e-08 1.5097393e-07 2.5739437e-06 5.675724e-08 6.415963e-08 1.204438e-06 1.657642e-07 4.0367688e-08
0.91699314 0.10534328 0.096942335 0.12198091 0.0070347274 0.0045081866 0.571019 0.6817614 0.00568185 0.5905218 0.0354078 0.036248524 0.5294295 4.0829847e-05 0.1825962 0.098673776 0.0012584636 0.0076057483 0.00093755487 0.030491745 0.00018300203 0.24586849 0.9042932 0.07464347 0.95629185 0.00887044 0.21327737 4.3873125e-13 0.9984491 0.37369016 0.847803 4.8886315e-05 0.1849951 0.86491907 7.998679e-05 5.192074e-05 2.9525427e-05 0.00097078265 5.5691504e-07 6.3855254e-07 0.3135484 2.402571e-05 0.04023997 0.00032753727 0.0023864906 4.3170665e-05 0.0032513952 9.2445325e-06 2.2394759e-06 4.4770877e-06 1.611697e-05 0.004475709 0.0010392063 9.726739e-07 2.1973358e-06 2.0377615e-06 3.8307142e-05 2.7914778e-06 0.00095348206 2.611853e-08 2.648274e-10 6.959877e-09 3.435004e-08 2.3616488e-07 5.9832876e-09 1.2916712e-07 2.2858547e-08 8.287196e-06 3.692414e-05 1.643672e-06 1.0751155e-05 3.8173315e-08 1.9211697e-09 1.0171298e-08 4.2951676e-08 1.4828394e-08 1.6088336e-08 1.5292315e-10 3.1893737e-07 1.2086239e-10 1.5289289e-09 9.121476e-09 5.1848343e-09 1.3321146e-08 6.255043e-10 3.7367709e-06 7.7730915e-09 9.193655e-11 2.9272682e-08 3.4670494e-10 8.787812e-09 3.9920646e-06 3.4808005e-07 2.8658067e-09 1.3595802e-07 3.2357782e-06 9.592923e-09 1.1444363e-08 5.750506e-09 1.02206945e-08 1.0713743e-09
0.41080472 0.011819196 0.014856382 0.035328433 0.00015851573 7.396588e-05 0.30007523 0.20152651 0.0017763566 0.80055255 0.0024229258 0.006295821 0.348277 1.3311757e-05 0.057283636 0.023195522 6.336969e-05 0.0001847209 2.0122901e-05 0.0012753537 1.913986e-06 0.30563745 0.8852936 0.0044670315 0.62285006 0.00024433722 0.0029332503 0.9984491 9.126416e-13 0.5455881 0.99629486 1.3436246e-06 0.014873294 0.6990144 3.6761352e-07 4.0916552e-06 5.166922e-07 2.1118163e-05 0.00019307311 2.6400878e-07 0.031072669 7.280016e-06 0.013462951 3.198869e-05 0.0005023079 4.179891e-06 0.00028967817 8.308942e-06 2.7692602e-06 1.0171026e-06 3.5159364e-06 0.000736148 0.00064877875 2.9618775e-07 2.648677e-07 3.057581e-08 0.00010833768 6.6867096e-07 4.688841e-05 2.5987181e-09 1.0826262e-11 1.6799472e-06 4.0990741e-07 5.8940523e-06 2.2394019e-07 1.980659e-06 4.4195925e-08 0.00019136006 0.00013525391 1.4028454e-06 3.9526985e-05 2.7920328e-07 4.4250662e-08 3.111472e-07 1.133673e-07 2.3700441e-07 4.5233455e-07 4.7125233e-09 2.5767665e-07 4.61117e-09 7.1957835e-08 1.9383626e-07 4.9722388e-08 1.9518538e-07 9.444901e-09 9.055358e-06 7.714955e-09 6.582291e-10 2.3081151e-08 1.0165028e-09 1.4612522e-07 1.3058493e-05 1.8575247e-07 6.816211e-08 1.3654331e-06 1.794225e-05 2.5792287e-08 1.3442308e-08 1.036386e-08 9.519491e-08 4.4479624e-09
0.9697649 0.6960516 0.8897082 0.7679003 0.006079666 0.0037220218 0.57965183 0.26167083 0.46876514 0.7430501 0.038116194 0.048770864 0.84786904 0.008624041 0.14246412 0.037100144 0.010119125 0.017643651 0.0053405324 0.02367222 0.0005541451 0.50883156 0.86959666 0.024945745 0.11077745 0.016342722 0.029127162 0.37369016 0.5455881 2.2349832e-11 0.9338554 0.0006747296 0.02341935 0.8531951 0.00020894864 0.0016650555 0.00042595938 0.001583848 0.7436149 9.69853e-06 0.060293812 0.0001148323 0.018491754 0.00025559403 0.0011511658 2.8283574e-05 0.0021213854 7.812187e-06 3.1927673e-05 2.1615193e-05 3.223623e-05 0.00083658047 0.00044649633 1.5997654e-06 6.5947555e-05 1.2764561e-05 0.023549868 2.1134515e-06 0.00030428186 3.1095244e-08 3.6743755e-09 0.0040584207 0.021519493 0.10195285 0.0029424613 0.003924771 0.002716048 0.9554783 0.37113237 0.31564274 0.062355194 0.005392669 7.550836e-05 0.00036654426 0.0030788684 0.0006732882 0.0003676153 2.858653e-05 0.012550748 3.469441e-06 0.00041236114 0.0002951815 5.678727e-05 7.057382e-05 4.0912887e-06 0.05604386 0.00014379523 9.952244e-06 2.0881727e-05 9.780653e-07 7.13591e-05 0.0051160823 0.014742504 6.784161e-06 0.00028291438 0.8879442 2.1435491e-05 0.0001418014 6.6707675e-05 3.1222844e-06 6.611776e-05
0.2344074 0.002266771 0.0022707025 0.0048687006 4.5061188e-05 2.9991956e-05 0.05745013 0.03749969 0.00061108865 0.7319359 0.0002113155 0.00042027654 0.032203283 1.0933585e-06 0.008678304 0.0030541322 9.215159e-06 6.763815e-05 1.7008541e-06 0.00044459236 8.662369e-07 0.036278065 0.27932504 0.0043902043 0.26025388 0.0004752405 0.011234581 0.847803 0.99629486 0.9338554 9.205718e-13 2.6069668e-07 0.27115357 0.9934761 3.406011e-06 9.341826e-06 1.7665081e-06 0.00019644768 8.154028e-05 1.8141345e-06 0.2712916 1.331817e-05 0.062623754 0.00013167974 0.0055822153 1.3035337e-05 0.003867073 1.341981e-05 2.9227551e-06 2.0724706e-06 1.2760131e-05 0.0062763137 0.0016911571 2.6021963e-08 8.620965e-07 7.158272e-07 0.00044496305 2.9277264e-06 0.00016667006 1.0549775e-09 4.545533e-11 3.548842e-06 2.5631628e-06 1.9520736e-05 3.0225298e-08 1.3314886e-06 2.900397e-08 0.0008820744 0.000131281 1.5688194e-05 0.00014723375 1.9427671e-07 6.383543e-08 1.8760952e-07 2.0754117e-08 8.169708e-08 5.106975e-08 9.812267e-09 5.83939e-06 1.7667986e-09 2.7114408e-08 1.29435005e-08 1.565668e-08 1.0905994e-07 6.9994255e-10 1.2164502e-06 3.0205584e-08 9.85162e-11 8.620504e-09 6.9248635e-10 1.1632543e-07 5.357938e-06 2.8906484e-07 7.02337e-08 1.7027537e-07 0.000107919215 7.0021264e-09 6.7811335e-08 1.0877319e-08 8.914631e-09 7.580565e-10
