7.605069e-25 0.97459817 0.92476946 0.9953246 0.85299283 0.9895293 0.88076884 0.88461685 0.96191347 0.9719483 0.7424125 0.9797791 0.9372117 0.8189816 0.9226486 0.8984716 0.8746715 0.9331672 0.9302677 0.7584212 0.97908574 0.9474366 0.96409154 0.91895765 0.7719692 0.95439655 0.9868701 0.85132354 0.8866685 0.95928526 0.9799898 0.99006754 0.9598591 0.9671632 0.9916028 0.48003858 0.79499686 0.7814301 0.9182504 0.87698543 0.5461433 0.9490222 0.5022081 0.6745303 0.6297769 0.96630085 0.4426055 0.7234683 0.193895 0.9961611 0.5657378 0.8819559 0.9963697 0.99859893 0.3900848 0.15575483 0.09272443 0.069475226 0.13759519 0.27796265 0.032001782 0.89894164 0.04006873 0.91108817 0.71661615 0.7327864 0.7646147 0.011677244 0.5267284 0.0062741893 0.002907622 0.70547765 0.14793569 0.9999157 0.0021730394 0.99998343 0.46718556 0.29180178 0.00016279377 0.013313396 0.968385 0.77255714 0.00042926482 0.30034906 0.00626537 3.920671e-05 1.4025973e-05 0.62795556 0.0023120877 0.2267714 0.9572903 0.00056771893 0.57318634 1.0370757e-05 0.00044379698 0.020651743 3.9180222e-06 0.19932404 2.1570281e-07 1.4748296e-07 0.0054488387
0.97459817 8.932168e-15 0.7651788 0.61501324 0.11680886 0.7727774 0.8371661 0.9163713 0.036454804 0.31620884 0.53562313 0.1590937 0.003228027 0.042872757 0.0033329816 0.11578932 0.17848682 0.080493666 0.00087068585 0.1490404 0.00056210125 0.016870156 0.09472795 0.0009188876 0.002950547 0.0044295173 0.05277498 0.0005935014 0.0040200157 0.004594285 9.3627e-05 0.010294921 4.020934e-05 0.00067511166 0.016547779 0.0048736897 0.017842915 0.0377711 0.0036510585 0.014015352 0.02582941 0.0010109524 0.013982237 0.05102242 0.057776388 0.002470392 0.049501285 0.0145391 0.005090706 0.004224334 0.0038529707 0.0018480744 1.3112392e-05 2.003967e-05 0.007815936 0.002875149 0.0029598023 0.0016320089 0.0057427706 0.016150506 0.002994223 8.371654e-07 0.0009256384 3.637681e-06 0.0013243356 0.00016258775 1.0158856e-05 9.833496e-05 0.005071807 1.8626924e-05 0.00020598424 7.885722e-06 9.81183e-05 0.0006146539 0.000101860336 0.040270194 0.00067616126 0.0067972764 3.6645913e-05 0.0019690236 2.6360672e-07 3.2780197e-06 0.00015855671 2.74354e-05 0.0013315085 7.37437e-06 2.5293602e-05 2.956751e-06 9.239701e-06 0.0033897462 1.726834e-07 0.00054243277 6.8416816e-06 1.2691348e-06 3.9436396e-05 3.029362e-05 4.6710397e-06 6.7776904e-07 7.146404e-07 9.459762e-08 7.452496e-07
0.92476946 0.7651788 7.80556e-15 0.9492212 0.04944871 0.29177108 0.84954816 0.58177704 0.013272652 0.5121927 0.3547683 0.40487176 0.0021402903 0.017753523 0.0021114277 0.03122735 0.041193932 0.17123984 0.0008426953 0.023766994 0.00040376862 0.0073633376 0.013306002 0.0012385832 0.0027723585 0.009202995 0.051638324 0.00056884834 0.0028828122 0.00320453 4.4459444e-05 0.013314056 4.777491e-05 0.0006739068 0.012438271 0.0032982114 0.0023710856 0.0036824394 0.0009020635 0.0016207965 0.002093954 0.00014319188 0.0018072603 0.0025179908 0.003937511 0.0030758162 0.0024480673 0.0008915142 0.0010606446 0.0072730314 0.000726748 0.00026009485 3.0600124e-05 1.1387973e-05 0.00044097583 0.00034789188 0.0004533979 0.00027301858 0.00029304 0.0002884671 0.0002171709 1.5300953e-06 1.699352e-05 1.2353196e-05 0.0014888386 0.00018488006 2.8604938e-05 3.3108831e-06 0.0019868652 1.0280148e-06 3.148233e-05 1.0983807e-05 4.5235506e-06 0.00013596068 5.5261557e-06 0.0429349 0.00028460054 0.0036176606 7.188342e-06 0.00021391167 4.9733933e-07 2.3517518e-06 5.9820104e-05 3.2050983e-05 0.00071973144 7.412582e-07 1.956221e-06 3.1563034e-06 3.6494673e-06 0.0017520234 3.1429337e-08 0.00023749236 3.7085752e-06 9.914761e-07 1.7218235e-05 1.3749875e-05 2.9810224e-07 2.6537364e-07 1.2326407e-06 3.919547e-08 1.1501747e-07
0.9953246 0.61501324 0.9492212 6.770337e-17 0.07017648 0.21589375 0.64230484 0.36839098 0.035687692 0.75196415 0.18841799 0.5821094 0.0044026207 0.018999381 0.003674704 0.034475908 0.020852558 0.15319505 0.0016845864 0.012761275 0.00042743672 0.013074725 0.01195602 0.0016499896 0.0070734364 0.014653195 0.15573215 0.0012216213 0.0051398813 0.0074834665 0.0001231232 0.019514393 5.8880378e-05 0.0013940973 0.028614359 0.0048527885 0.0037711055 0.004554595 0.0011247827 0.0012894816 0.002077403 0.0003757906 0.0030972157 0.0011829374 0.007274225 0.009106088 0.0027006217 0.0009010725 0.0020105445 0.029183798 0.00066025904 0.0004944963 8.0817896e-05 7.551823e-05 0.00084444945 0.0005456896 0.00029693398 9.432947e-05 0.0006212268 0.00065308163 0.00028839422 3.3292154e-06 1.5714339e-05 1.6315225e-05 0.0007157283 0.00046998964 3.8004648e-05 1.060851e-06 0.0010447861 1.1817008e-06 9.526876e-06 4.445196e-06 0.00010538489 0.00040122523 3.929312e-06 0.27589366 0.00027932035 0.0012560729 3.658503e-06 5.636238e-05 5.8798395e-07 3.1764719e-06 1.1327144e-05 4.7904095e-06 0.00013041112 9.0899886e-07 2.0383873e-06 7.0176598e-06 1.0075104e-06 0.00010378836 2.0477522e-07 1.7673701e-05 9.4275333e-07 7.5177445e-06 2.9910834e-05 2.61964e-05 4.8045187e-08 2.780116e-07 6.0781025e-07 1.0919111e-06 3.1427555e-07
0.85299283 0.11680886 0.04944871 0.07017648 1.612894e-17 0.8747841 0.026862625 0.04741736 0.9717481 0.02044106 0.01076051 0.009627968 0.44442582 0.8645737 0.095712565 0.28913492 0.015198606 0.004220849 0.18575162 0.017809346 0.027529703 0.43665695 0.072463356 0.04904005 0.0022603942 0.01255404 0.097874984 0.02274376 0.18464264 0.056932244 0.011027073 0.01203841 0.011776667 0.049651433 0.03113142 0.001756286 0.0036491859 0.022440398 0.032972537 0.00518351 0.008101989 0.023935772 0.028822817 0.008806317 0.018463822 0.017828455 0.011808921 0.0035626402 0.00896522 0.009254055 0.0072532906 0.009630223 0.012315492 0.003183713 0.0005088332 0.0005019124 0.00039977668 0.00058401946 9.0891386e-05 0.0005912194 0.00030170553 0.0009820105 0.00010688238 0.00047498383 0.0018611007 0.00149009 0.00052607065 3.565407e-06 0.0036396799 2.856444e-06 1.298271e-05 0.00012081388 5.2237207e-05 0.009687794 1.13836195e-05 0.0679991 0.0009864159 0.00096709153 6.2382146e-06 2.5203499e-05 3.9555493e-05 1.7616858e-05 3.9038828e-06 6.8412024e-05 0.00019335523 5.9102143e-07 8.561224e-08 5.469669e-05 1.780133e-05 7.416125e-05 1.5374886e-05 4.4363216e-05 2.2481196e-05 3.7519274e-07 1.5962962e-05 3.80523e-05 2.4065509e-08 3.1658083e-06 3.145883e-07 1.2277594e-07 1.4546761e-06
0.9895293 0.7727774 0.29177108 0.21589375 0.8747841 7.041141e-16 0.21814391 0.60802144 0.37482584 0.12130057 0.11231498 0.0515197 0.080034845 0.82149106 0.055529572 0.8679248 0.1413163 0.012565624 0.04796377 0.105977744 0.007109927 0.24868524 0.5854937 0.01119305 0.004451203 0.028956005 0.19459271 0.009817605 0.05423781 0.046921942 0.0055996617 0.037194952 0.0026078522 0.0059746816 0.05134256 0.0036286796 0.026967518 0.17695999 0.063037015 0.051244777 0.083663136 0.014248727 0.097347036 0.08113905 0.131897 0.010600921 0.074647225 0.021410517 0.034435622 0.006647864 0.017655822 0.0052350224 0.00021169492 0.0008080356 0.011554117 0.0043017585 0.0054066596 0.013197287 0.006672502 0.019141462 0.0018982736 5.7400524e-05 0.0041095293 0.00015137078 0.0016044194 0.00032170644 0.00019902019 0.00032536764 0.00891113 0.00026494995 0.0006529228 6.8511e-05 0.0012493016 0.002524519 9.1421156e-05 0.25973803 0.0011017654 0.0018785392 5.165064e-05 0.0008058892 4.0567834e-06 2.8898656e-05 0.00021073913 2.1683429e-05 0.0014616898 5.237301e-06 1.7928718e-05 7.86176e-06 3.4142344e-05 0.0004997697 1.0467269e-05 0.00043234986 1.674021e-05 2.9959168e-05 1.1100454e-05 2.7391583e-05 2.6503017e-07 4.3589725e-06 8.1095675e-07 2.7713116e-07 2.1310971e-07
0.88076884 0.8371661 0.84954816 0.64230484 0.026862625 0.21814391 2.2034803e-17 0.8125672 0.007673498 0.57320505 0.8641063 0.5633554 0.0021393292 0.0131169325 0.0015721116 0.02019697 0.110559955 0.52226096 0.0008691266 0.1194148 0.0006747483 0.0029389039 0.0102685 0.0014207517 0.023276925 0.032076918 0.01889063 0.00088963757 0.0027531292 0.0018833359 0.00022350997 0.037977234 0.00023692253 0.0010793506 0.006193613 0.019631 0.014456661 0.005474726 0.0010458812 0.00933403 0.0062390007 0.0003621105 0.003540005 0.004849291 0.0056778574 0.0028245053 0.007915884 0.0024948423 0.0025486054 0.0029654333 0.0011981445 0.00039345727 0.00012299446 2.9056786e-05 0.0016337195 0.0016243539 0.002208538 0.0013140552 0.0024723366 0.0008979064 0.000910489 5.399471e-06 0.00013896261 3.0117097e-05 0.0014187065 0.00023085534 5.402461e-05 3.0197569e-05 0.0016679147 5.8989276e-06 8.962265e-05 2.3412646e-05 0.00042033705 0.00017343675 3.6846403e-05 0.02860385 0.00024654542 0.0027057934 2.305294e-05 0.00034556008 6.192316e-07 4.206661e-06 0.00015143199 1.698887e-05 0.00080108055 4.4820304e-06 9.49245e-06 8.697422e-06 6.1276725e-05 0.0006525773 3.3735532e-07 0.00076560676 4.03563e-06 1.1121662e-06 0.00020191827 2.4529058e-05 5.1000575e-07 3.8238738e-07 7.577577e-07 5.0714387e-08 2.656362e-07
0.88461685 0.9163713 0.58177704 0.36839098 0.04741736 0.60802144 0.8125672 9.944639e-18 0.010464515 0.28532588 0.890688 0.103503995 0.0017677663 0.022386651 0.0011765137 0.045496345 0.41933915 0.29937285 0.0006767251 0.4305853 0.00048794958 0.004340973 0.03258597 0.0005067332 0.013461989 0.004333621 0.019362755 0.0002529475 0.0014250882 0.0024191223 8.344785e-05 0.008426363 4.107355e-05 0.00025779603 0.009259113 0.00979814 0.058868483 0.01514445 0.0012064631 0.045920562 0.029576592 8.606689e-05 0.003674045 0.02902689 0.010035946 0.0016408977 0.024339844 0.010864732 0.0016706409 0.0022230137 0.0003759747 0.000109790075 8.2571e-06 2.0353484e-05 0.006405195 0.0023967861 0.0022489927 0.0025046284 0.0031187432 0.0027764742 0.0018285523 4.1772591e-07 0.0014751533 1.6730642e-06 6.260018e-05 1.1598514e-05 2.2353513e-06 0.00025292722 0.00043472205 3.0177935e-05 6.4317e-05 2.6810915e-06 0.00015284035 0.0002875319 0.00015735794 0.0149096 1.7207647e-05 0.000561024 1.0167075e-05 0.00017748501 9.808773e-08 6.179061e-07 4.363733e-05 2.5910035e-06 0.00027298759 4.1023063e-06 4.3331843e-06 4.4393218e-07 1.035136e-05 0.0002706806 1.7429323e-07 0.0002161162 1.1744543e-06 6.24108e-07 2.0608846e-05 1.3365362e-05 5.162104e-07 1.3999086e-07 3.2859805e-07 2.6008564e-08 2.2273149e-07
0.96191347 0.036454804 0.013272652 0.035687692 0.9717481 0.37482584 0.007673498 0.010464515 4.3189614e-18 0.0077544604 0.003858904 0.0054352074 0.8431884 0.17720208 0.8492429 0.084482245 0.0067852684 0.0019031643 0.36656973 0.011902873 0.15545546 0.2043394 0.034135286 0.12718421 0.00041016043 0.007710947 0.35728392 0.07172816 0.20518298 0.17987858 0.02927066 0.007609884 0.03006938 0.0908802 0.08523237 0.0003110343 0.0014892503 0.011239131 0.02451174 0.0022941036 0.005757849 0.031653967 0.018176138 0.010727364 0.012697633 0.049234632 0.009788782 0.0024663857 0.0072779614 0.025199573 0.0073217433 0.013042899 0.013378747 0.003905203 0.00031408094 0.0003587991 0.00033922377 0.0003740324 9.61304e-06 4.7731603e-05 0.00017195336 0.00073830393 1.9615848e-06 0.0004839845 0.0035053974 0.0035507113 0.00068467465 1.1038145e-06 0.0006800511 1.041898e-06 7.693252e-07 0.0004603337 2.1477347e-06 0.014475232 9.961981e-07 0.09945287 0.00028289843 0.00014550869 1.6002172e-06 7.684965e-07 3.5091147e-05 0.00012704052 1.0677386e-06 2.5615978e-05 7.384539e-06 5.7293896e-08 1.4921804e-07 9.6296884e-05 2.2154978e-07 2.6570413e-05 9.2308187e-07 4.665199e-06 1.7520235e-05 7.298092e-07 5.517141e-06 1.0864371e-06 4.153302e-09 1.6428932e-06 7.918216e-08 2.0658688e-07 1.010623e-07
0.9719483 0.31620884 0.5121927 0.75196415 0.02044106 0.12130057 0.57320505 0.28532588 0.0077544604 7.398219e-16 0.29125315 0.96204555 0.00087196054 0.0069669215 0.0019164755 0.018323531 0.052361406 0.5593286 0.00020892452 0.01515939 0.0001397042 0.0022678685 0.00692568 0.00031670224 0.101543315 0.18759717 0.084106006 0.00012423842 0.0004856351 0.0015498888 1.9459827e-05 0.16849343 4.5412203e-06 0.00018931943 0.030718291 0.025361145 0.0075314725 0.0025173437 0.00028795205 0.0033184744 0.0007648883 6.471069e-05 0.0006903036 0.0015546593 0.0012511704 0.0010457251 0.0011292441 0.00023354676 0.0003592922 0.013071527 0.0001294096 0.0001188167 1.4589686e-05 7.713635e-06 0.0034581989 0.0016547036 0.0007796735 0.00017026493 0.006246704 0.00069521763 0.0006153683 3.813433e-07 3.907183e-06 2.3790833e-06 0.00037007497 8.114132e-05 4.4874064e-06 1.2563854e-06 0.0032606674 4.6264861e-07 7.232999e-06 5.1939605e-07 0.0010188294 2.7808295e-05 1.7964994e-06 0.2144177 0.00040530114 0.013666358 4.426705e-06 0.001299884 5.94956e-08 2.9048e-07 6.892328e-05 5.398246e-06 0.0016875811 6.903496e-07 2.7216352e-06 5.5587026e-07 3.1738422e-05 0.004918003 1.8875852e-10 0.00032183566 6.0250824e-07 6.498196e-06 4.6480018e-05 1.4128858e-06 2.6654266e-07 6.6934625e-10 1.5127437e-06 5.5530967e-07 3.7734196e-08
0.7424125 0.53562313 0.3547683 0.18841799 0.01076051 0.11231498 0.8641063 0.890688 0.003858904 0.29125315 9.109953e-19 0.2758496 0.0014718488 0.010329519 0.0013040915 0.019870179 0.6579464 0.86675817 0.00039038513 0.6352531 0.0009449493 0.0017757925 0.011194305 0.0005325937 0.2168994 0.024706407 0.008765277 0.00031121413 0.00083252264 0.0017451573 0.00027647772 0.039073445 0.00019134693 0.00013910793 0.009014358 0.20965949 0.19804607 0.00779429 0.0005852067 0.08087297 0.025640836 0.00013229174 0.0030713785 0.01538834 0.0056863413 0.0035108258 0.023044514 0.008968457 0.0017557074 0.0042505404 0.0004065335 7.1865295e-05 1.4710595e-05 2.9549425e-05 0.01827529 0.0067163236 0.007875444 0.0113763595 0.013532185 0.0023138667 0.0039559384 1.2300571e-06 0.0015633599 5.474728e-06 5.742779e-05 1.5986423e-05 1.6379021e-05 0.00048318066 0.00050238695 9.947381e-05 0.0002305735 7.931631e-06 0.011110373 0.00037140137 0.0005803393 0.010764247 1.057727e-05 0.00021580004 3.573214e-05 0.000361406 1.4749337e-07 1.2932866e-06 0.00014831903 7.620595e-07 0.00031152563 4.8233305e-05 2.0614547e-05 1.7640434e-06 7.371835e-05 0.00011054189 3.5468543e-07 0.0015752933 1.0814226e-06 8.995794e-06 0.0007697112 3.72863e-06 3.815938e-06 1.2873879e-07 7.7637276e-07 6.4567797e-07 5.4670632e-08
0.9797791 0.1590937 0.40487176 0.5821094 0.009627968 0.0515197 0.5633554 0.103503995 0.0054352074 0.96204555 0.2758496 2.1008609e-16 0.0016730197 0.0032412636 0.0018242789 0.0056627975 0.010363447 0.6750008 0.0009872676 0.0057231514 0.0005383617 0.0019339507 0.0016402382 0.0008577791 0.031255573 0.40613294 0.0611144 0.0006548466 0.0012609559 0.0035911065 6.223125e-05 0.46223867 0.00014412089 0.0012704767 0.018048981 0.015539286 0.002279232 0.0009960956 0.00039407975 0.001941308 0.00057324104 0.0003219253 0.00060937507 0.00037353317 0.0010261672 0.010845852 0.00075998384 0.00027002263 0.0004052484 0.033006895 0.00035165148 0.0001955035 3.3087574e-05 4.0173574e-05 0.00031277415 0.00038265574 0.0004982407 0.00025164458 0.00040555518 0.000265646 6.824832e-05 9.094029e-07 4.6108544e-05 1.5269474e-05 0.0001303936 5.9267528e-05 2.5775582e-05 3.336965e-06 0.0002192674 3.7498583e-06 9.755655e-06 2.1532453e-06 0.0009498576 6.666704e-05 5.1693737e-06 0.375615 4.7469493e-05 0.0027967487 3.2535368e-06 1.7447002e-05 4.1030557e-07 1.0244584e-06 4.8200105e-05 8.909022e-07 0.00056118885 5.6371516e-07 5.065035e-06 6.0177774e-07 1.3421743e-05 0.00013707265 9.314802e-09 4.2159285e-05 2.025301e-07 1.4758193e-06 0.00017730112 1.9830516e-06 1.3618542e-08 2.5630638e-09 2.9192242e-07 4.5771367e-07 2.3430454e-08
0.9372117 0.003228027 0.0021402903 0.0044026207 0.44442582 0.080034845 0.0021393292 0.0017677663 0.8431884 0.00087196054 0.0014718488 0.0016730197 4.63216e-16 0.112725265 0.826331 0.060749162 0.0020637338 0.000762679 0.9551843 0.0042417236 0.23726119 0.37015504 0.028977476 0.5873452 0.00024984017 0.0013531463 0.23121652 0.14123376 0.28906688 0.17524375 0.09141727 0.0028985585 0.115066126 0.24283344 0.09804273 0.00025875194 0.0013059645 0.015189448 0.032253895 0.002760321 0.005983443 0.044976614 0.021949306 0.010080156 0.02876552 0.10303225 0.021983568 0.005480653 0.016909458 0.031383492 0.019543804 0.03723029 0.022531064 0.008308911 6.1388855e-05 9.435197e-05 0.00021093577 0.0009441922 1.10050405e-05 0.0012769912 5.4201053e-05 0.0007377884 6.632915e-05 0.00066772575 0.008903369 0.0069683334 0.0006939071 3.1699926e-06 0.004717851 9.985304e-07 2.5899226e-05 0.00021677527 7.19009e-08 0.029280027 3.731835e-06 0.023677815 0.0020562112 0.00271636 8.688676e-06 1.8956252e-05 0.00013230498 0.0001207122 7.813273e-06 0.00010751191 0.00010344704 3.0646123e-07 4.7451203e-07 0.0002080346 1.5704258e-05 0.0009313951 1.7344362e-05 5.0755156e-05 5.042164e-05 9.22527e-08 2.857305e-06 7.9736674e-05 5.8018376e-08 4.5092847e-06 4.7771877e-08 3.1113572e-08 3.9551965e-06
0.8189816 0.042872757 0.017753523 0.018999381 0.8645737 0.82149106 0.0131169325 0.022386651 0.17720208 0.0069669215 0.010329519 0.0032412636 0.112725265 2.4097914e-21 0.07477678 0.96570826 0.004595472 0.0028492329 0.1402059 0.013972361 0.024068398 0.8680319 0.7471396 0.033635188 0.0006276972 0.0039564874 0.07572756 0.020446388 0.19492865 0.04272426 0.012906771 0.0049917763 0.010473001 0.1084006 0.038453326 0.00088813005 0.0093073975 0.13808408 0.053461276 0.015020491 0.029437456 0.026352394 0.099209584 0.016444718 0.14717735 0.032159396 0.05700036 0.0064992416 0.038005963 0.016567826 0.026299551 0.035612926 0.0036195049 0.0034635174 0.0001731538 0.00043777036 0.00092184386 0.0012212865 6.9702204e-05 0.015142001 0.00013360361 0.000120532626 0.0046855 0.00017236381 0.0017762235 0.00043382164 0.000166987 8.082075e-05 0.01152402 0.000103011225 0.00014039404 6.589952e-05 3.0416493e-06 0.006580887 1.545785e-05 0.062102955 0.00014811833 0.003325178 7.919198e-06 5.6040582e-05 6.6951934e-06 1.103854e-05 1.5161096e-05 4.3065047e-06 0.0006892554 1.0557612e-06 1.8155953e-06 1.79332e-05 2.1324064e-05 0.00021548517 1.2195749e-06 9.9360026e-05 5.739162e-06 1.4942302e-08 2.4253634e-06 5.971181e-05 2.1163606e-09 1.3121009e-07 2.8435212e-09 1.149851e-09 2.4736298e-07
0.9226486 0.0033329816 0.0021114277 0.003674704 0.095712565 0.055529572 0.0015721116 0.0011765137 0.8492429 0.0019164755 0.0013040915 0.0018242789 0.826331 0.07477678 1.3446451e-17 0.024393339 0.002225401 0.0009114298 0.43729904 0.0043998593 0.98233426 0.18660578 0.012045565 0.39353764 0.00016151305 0.0033086406 0.5389022 0.17293327 0.16487013 0.26301032 0.12040769 0.0035231584 0.08895515 0.18722253 0.10844144 0.00017545624 0.00078953995 0.0057620266 0.008988638 0.0014212986 0.0026356766 0.02275086 0.0070746946 0.0043556173 0.0067048743 0.14924759 0.005759329 0.0019806053 0.0046069054 0.04858908 0.0074318857 0.02409588 0.01816718 0.005872286 3.763399e-05 4.990869e-05 0.00010596467 0.00017609406 8.977722e-07 0.0004502833 2.5493757e-05 0.0013371286 2.626489e-05 0.0009101226 0.005464792 0.011609969 0.0011639519 1.7540209e-07 0.003289383 2.3683904e-07 1.2070034e-06 0.0004905704 8.2433803e-07 0.05158922 3.3591735e-07 0.06703174 0.0016739245 0.0012496221 2.6054022e-06 1.1623645e-06 0.00034681213 0.00024969652 2.9414903e-06 0.00013843681 2.2521324e-05 2.8407527e-08 7.3265895e-08 0.0003255542 2.6626942e-06 0.00038064388 1.8595843e-05 2.2399252e-05 3.968441e-05 5.3410486e-07 7.387571e-07 5.5243254e-05 9.229806e-09 1.308018e-05 4.5334268e-08 4.7502863e-07 4.44059e-06
0.8984716 0.11578932 0.03122735 0.034475908 0.28913492 0.8679248 0.02019697 0.045496345 0.084482245 0.018323531 0.019870179 0.0056627975 0.060749162 0.96570826 0.024393339 4.7068172e-21 0.018455874 0.0043549202 0.053631272 0.038469512 0.01151963 0.28217274 0.9402837 0.01755047 0.0010654831 0.011917486 0.037803993 0.009118977 0.04246635 0.02250656 0.006307474 0.012110014 0.0043167523 0.024552705 0.041231986 0.0032446873 0.030472128 0.24248734 0.0413556 0.09069342 0.14438826 0.013743254 0.091058135 0.07012864 0.12291319 0.0065006325 0.13575116 0.02375349 0.025206285 0.008977441 0.010508878 0.010859298 0.00060224545 0.0010253625 0.005042316 0.0023532652 0.0029651828 0.008775495 0.00061899936 0.027421478 0.0012047903 9.992844e-06 0.045532387 2.2758544e-05 0.000112002905 5.094778e-05 2.675356e-05 0.00094297645 0.0070799654 0.0012035414 0.0014328368 2.7929316e-06 0.0009687009 0.0063707056 0.0001637311 0.04902196 1.1425972e-05 0.001881538 1.456951e-05 0.00074548455 6.4821313e-07 2.977062e-07 0.0002181746 3.781347e-07 0.0007802407 1.6295478e-05 1.3871413e-05 1.4737702e-06 5.0145758e-05 1.7964609e-05 4.0260866e-07 0.00053615187 3.0864323e-06 1.8692373e-07 1.5617348e-05 5.718249e-06 3.2339875e-07 6.712375e-07 6.1020685e-08 3.1483815e-08 6.6569285e-08
0.8746715 0.17848682 0.041193932 0.020852558 0.015198606 0.1413163 0.110559955 0.41933915 0.0067852684 0.052361406 0.6579464 0.010363447 0.0020637338 0.004595472 0.002225401 0.018455874 8.514562e-21 0.36463144 0.00079222466 0.98734677 0.0006853887 0.0010577396 0.025708392 0.00079015165 0.092468515 0.04194898 0.013449041 0.00087789306 0.0005225106 0.0025904565 0.00018252688 0.03402214 0.000101039324 0.00030795584 0.014401797 0.1566299 0.6259812 0.009801584 0.00019558221 0.5554177 0.12262873 5.0630955e-05 0.0013192379 0.11611545 0.0038170177 0.001317795 0.030754972 0.08970188 0.00062351156 0.00233679 7.500146e-05 5.727563e-05 1.9091722e-05 7.2869094e-05 0.27906632 0.10743859 0.09145477 0.110912785 0.1619552 0.012641316 0.05861422 2.2275655e-07 0.02620619 8.0210293e-07 1.238911e-05 1.0653642e-05 1.0300836e-06 0.03093658 0.00043454798 0.0075697624 0.0005601341 6.02724e-08 0.04542412 0.0006083363 0.017763363 0.027189123 2.7841954e-06 0.00013417628 0.00032841842 3.388424e-05 1.484056e-08 2.661011e-08 8.7029264e-05 7.049393e-08 4.932752e-05 0.00068448926 3.3655546e-05 8.2872575e-08 4.492609e-06 4.7332202e-07 6.7202657e-09 0.00014760264 2.84491e-07 0.00041111247 0.00020832784 5.1689195e-08 2.3917672e-05 1.8365844e-07 7.476746e-06 6.671789e-06 8.07859e-09
0.9331672 0.080493666 0.17123984 0.15319505 0.004220849 0.012565624 0.52226096 0.29937285 0.0019031643 0.5593286 0.86675817 0.6750008 0.000762679 0.0028492329 0.0009114298 0.0043549202 0.36463144 1.1065133e-18 0.00016362853 0.36499622 0.00055244786 0.00058265484 0.0030943314 0.000643655 0.93416893 0.341092 0.0119846575 0.00026977167 0.0007649485 0.0016614208 4.5234276e-05 0.5238137 5.2931806e-05 0.00066673243 0.0112489695 0.5044122 0.17375678 0.0032242716 0.00021894895 0.06054629 0.00987141 5.0720126e-05 0.0014501614 0.010607686 0.003501256 0.0042805946 0.0107895555 0.006471943 0.0014333226 0.0030679973 0.0002630569 9.422734e-05 3.4440804e-06 2.5839904e-06 0.03909413 0.015457528 0.011465219 0.013341644 0.21564238 0.006557869 0.014843671 1.8697115e-07 0.0005464166 2.1194176e-06 5.0235172e-05 1.690209e-05 9.672077e-06 0.00029721702 0.0001592283 2.2703374e-05 0.00010347871 3.3936547e-06 0.18082029 1.9764559e-05 0.0005846927 0.09214983 3.8842077e-06 0.0011057025 7.931269e-06 0.0013930926 2.5782844e-08 3.4713773e-06 0.000738078 1.3109371e-06 0.0017751566 2.0143829e-05 1.733054e-05 1.3252798e-06 3.697203e-05 1.0555171e-05 1.37237315e-08 0.0013867724 8.399468e-07 4.5222023e-05 0.00065691234 1.6016637e-07 7.0197046e-07 1.4587172e-08 2.189506e-06 3.3614956e-06 4.1142973e-09
0.9302677 0.00087068585 0.0008426953 0.0016845864 0.18575162 0.04796377 0.0008691266 0.0006767251 0.36656973 0.00020892452 0.00039038513 0.0009872676 0.9551843 0.1402059 0.43729904 0.053631272 0.00079222466 0.00016362853 3.40582e-17 0.0008941802 0.19928274 0.64392114 0.02930857 0.89823747 8.065028e-05 0.00014428288 0.14373662 0.21764126 0.61744654 0.13375996 0.19337077 0.00088978914 0.18662228 0.6951144 0.11271322 4.0601684e-05 0.00068095484 0.031309385 0.071136504 0.0010114239 0.006986193 0.13944946 0.045747034 0.007145604 0.051970206 0.08308412 0.020827776 0.0020520298 0.029777689 0.024319584 0.034021653 0.12257641 0.056562155 0.015077769 2.608683e-05 1.6933016e-05 0.00012726717 0.00018232648 4.8344086e-06 0.0033315357 3.2002634e-05 0.0025973965 0.00017296549 0.0014063142 0.013429926 0.016397793 0.0009813355 5.370678e-07 0.010948951 2.785259e-07 6.34591e-06 0.00011925842 6.940024e-08 0.016950313 1.3299962e-06 0.0073704715 0.0019323718 0.0033953544 7.0051857e-07 4.976563e-05 0.00025732172 5.9797403e-05 3.1185853e-06 5.555486e-05 6.0772676e-05 1.3371837e-07 6.009184e-08 9.078656e-05 5.8004935e-06 0.00014106362 3.874439e-05 1.6922186e-05 9.396563e-06 4.7949612e-08 1.7447527e-06 8.270138e-05 1.9468407e-08 6.9265957e-06 2.3108681e-08 1.8001456e-08 4.979739e-07
0.7584212 0.1490404 0.023766994 0.012761275 0.017809346 0.105977744 0.1194148 0.4305853 0.011902873 0.01515939 0.6352531 0.0057231514 0.0042417236 0.013972361 0.0043998593 0.038469512 0.98734677 0.36499622 0.0008941802 1.1460118e-22 0.0013770984 0.0015008547 0.032074884 0.0009870111 0.09999763 0.00695537 0.02488455 0.0010311881 0.000527829 0.0026528586 0.00036516346 0.015119038 8.3425715e-05 5.9061807e-05 0.0137239555 0.2108677 0.69602233 0.008527618 0.00011036335 0.6163586 0.12975103 1.2033674e-05 0.00083206035 0.050791223 0.0013891093 0.0009879415 0.02533949 0.056664042 0.0001562798 0.0025877417 4.9500677e-06 5.83733e-06 2.655358e-06 0.00020967145 0.18796779 0.0632421 0.061159838 0.061133407 0.07109953 0.0021182944 0.036899276 4.2728523e-08 0.04284577 5.124532e-07 1.2671961e-06 3.4524479e-07 6.948511e-07 0.01716628 2.7918384e-05 0.0040600332 8.1639795e-05 9.166372e-08 0.023957567 0.0007391162 0.007803426 0.021897795 7.4376203e-07 6.071889e-06 0.00018758261 9.901726e-06 1.03820215e-08 1.5009483e-08 5.3602275e-06 2.217179e-08 1.242828e-05 0.00028080802 9.992124e-07 4.1954944e-08 3.473293e-07 1.0624192e-06 7.117175e-08 3.9869324e-06 3.7141197e-07 0.00012731427 0.00011414041 7.9155546e-07 1.0520384e-06 9.4939786e-08 6.9119545e-07 1.8986038e-06 1.5932252e-09
0.97908574 0.00056210125 0.00040376862 0.00042743672 0.027529703 0.007109927 0.0006747483 0.00048794958 0.15545546 0.0001397042 0.0009449493 0.0005383617 0.23726119 0.024068398 0.98233426 0.01151963 0.0006853887 0.00055244786 0.19928274 0.0013770984 1.2348345e-16 0.082297534 0.0118497815 0.46558553 3.7835907e-05 0.00013809964 0.46349657 0.41627562 0.084488474 0.55445254 0.7188645 0.0012969687 0.15072143 0.13236797 0.24401009 6.665369e-05 0.00033777396 0.0039182547 0.006824865 0.00024230262 0.001861602 0.012904168 0.0066836025 0.0015791357 0.0069225873 0.3572151 0.0029910111 0.0013068984 0.004834937 0.14128725 0.0053458903 0.014780719 0.04289549 0.011790505 3.2400148e-06 1.8100001e-05 2.1126785e-05 9.324842e-06 4.2921375e-08 0.000368173 5.730002e-06 0.0024536394 8.412434e-06 0.0012546924 0.0098250285 0.018525 0.0012184446 3.3005453e-08 0.0027949421 1.13239246e-07 4.687754e-07 0.0004447272 2.8470016e-08 0.10469646 5.972094e-08 0.0146743255 0.0014847409 0.0008969136 5.5541085e-07 4.0854496e-07 0.0006348701 0.0004081819 4.9172286e-07 0.0005192802 4.11215e-06 4.0056656e-09 6.551985e-08 0.0004926751 1.4898212e-07 0.00028357535 1.518432e-05 5.5171145e-06 4.6416273e-05 1.2976346e-07 3.5877736e-07 2.5083009e-05 3.00753e-09 1.17164245e-05 3.2298246e-08 1.2566304e-07 5.2120515e-07
0.9474366 0.016870156 0.0073633376 0.013074725 0.43665695 0.24868524 0.0029389039 0.004340973 0.2043394 0.0022678685 0.0017757925 0.0019339507 0.37015504 0.8680319 0.18660578 0.28217274 0.0010577396 0.00058265484 0.64392114 0.0015008547 0.082297534 3.846846e-19 0.24436809 0.13008739 4.5253346e-05 0.0007177957 0.10335598 0.042350177 0.9620953 0.07530575 0.08945272 0.00132606 0.070848204 0.28582692 0.09908531 3.7042366e-05 0.0009896175 0.15121979 0.33023706 0.0026094045 0.018571772 0.2687101 0.29444328 0.033209585 0.2898775 0.038351696 0.06409886 0.005742853 0.10426514 0.011871828 0.08679621 0.09897175 0.012187302 0.012884744 0.00010791633 0.00028458645 0.00025325624 0.00066727214 1.8757859e-05 0.015988711 5.6447647e-05 0.00032175955 0.0021749395 0.00033766803 0.0066872463 0.00405684 0.00029213176 6.7196606e-06 0.021143684 3.1555555e-05 6.579402e-05 4.4987508e-05 2.3634671e-07 0.0068634665 2.276548e-06 0.046475563 0.0004783541 0.005998669 6.039977e-07 4.560423e-05 8.306414e-06 1.074814e-05 1.5537069e-05 2.3080636e-05 0.00040392016 6.18411e-08 3.9395906e-07 0.00011396943 7.902496e-06 0.00010272584 8.483284e-06 7.0008056e-05 3.089398e-06 1.6863517e-08 3.2203718e-07 2.8051732e-06 9.022105e-09 9.893321e-07 2.664824e-09 4.5423115e-10 5.2988998e-08
0.96409154 0.09472795 0.013306002 0.01195602 0.072463356 0.5854937 0.0102685 0.03258597 0.034135286 0.00692568 0.011194305 0.0016402382 0.028977476 0.7471396 0.012045565 0.9402837 0.025708392 0.0030943314 0.02930857 0.032074884 0.0118497815 0.24436809 5.559694e-20 0.010836569 0.0013516218 0.009393283 0.025520612 0.005804475 0.05163208 0.016923066 0.010725881 0.0027511737 0.008528687 0.02340681 0.05030649 0.0017352123 0.0366764 0.9353768 0.115344554 0.11478163 0.5074576 0.030018907 0.25995055 0.3634853 0.44521967 0.0044922344 0.5649258 0.14299783 0.041955143 0.0043335976 0.0190255 0.008070124 0.0005503478 0.0016734371 0.00759055 0.0040961495 0.005556429 0.020551497 0.00092134543 0.14188762 0.0026678555 3.534351e-05 0.099815436 0.00010117904 0.00033563608 0.000152479 7.911005e-05 0.0039425925 0.013124772 0.006962395 0.0048995307 1.5108226e-05 0.00081793487 0.0040439153 0.00089110277 0.039122514 5.3783002e-05 0.002868085 0.00013938082 0.0030373912 1.9400427e-06 8.103638e-07 0.0013054237 2.3870125e-06 0.0017261896 4.1569758e-05 0.00011092206 2.2031805e-05 3.4653855e-05 5.674829e-05 4.5416105e-06 0.00042718288 3.7254097e-06 1.4349604e-06 4.084065e-06 4.912544e-06 1.1859357e-06 2.3233072e-06 3.578578e-07 1.4932528e-08 3.416859e-07
0.91895765 0.0009188876 0.0012385832 0.0016499896 0.04904005 0.01119305 0.0014207517 0.0005067332 0.12718421 0.00031670224 0.0005325937 0.0008577791 0.5873452 0.033635188 0.39353764 0.01755047 0.00079015165 0.000643655 0.89823747 0.0009870111 0.46558553 0.13008739 0.010836569 7.545941e-18 0.00010640355 0.00038922287 0.15534443 0.9022508 0.35537928 0.19175637 0.61721194 0.0008245925 0.4527399 0.76270676 0.10225597 4.007791e-05 0.00047332296 0.014212235 0.021722624 0.0009998707 0.006431883 0.061741848 0.02525669 0.008797764 0.030976634 0.23664346 0.018551124 0.0034397563 0.025835214 0.052863557 0.026851438 0.10866495 0.10195703 0.034306135 0.00043164167 0.00023366036 0.00052957586 0.00030306814 3.3389948e-05 0.0029290798 0.00016125986 0.0058678025 0.00013305013 0.0030026776 0.020824632 0.028402554 0.0026574202 4.643205e-06 0.010603155 1.2049366e-06 9.020436e-05 0.0012890988 4.8312785e-08 0.040452994 6.468937e-06 0.0038970627 0.0049559423 0.003769561 2.7323278e-05 3.605672e-05 0.001256557 0.0016411011 1.9887078e-05 0.00041823002 0.00031369238 2.213499e-06 1.8538021e-06 0.00058809645 0.00011820369 0.0028526958 0.00014853293 7.315235e-05 0.00010542821 6.356258e-07 3.900556e-06 0.0004456013 1.7410916e-07 5.6139757e-05 1.4946812e-07 7.466293e-08 1.6547201e-05
0.7719692 0.002950547 0.0027723585 0.0070734364 0.0022603942 0.004451203 0.023276925 0.013461989 0.00041016043 0.101543315 0.2168994 0.031255573 0.00024984017 0.0006276972 0.00016151305 0.0010654831 0.092468515 0.93416893 8.065028e-05 0.09999763 3.7835907e-05 4.5253346e-05 0.0013516218 0.00010640355 1.4868867e-19 0.31028074 0.0072234487 1.8876855e-05 1.1466722e-05 0.00024033977 5.9281484e-07 0.45103186 6.005984e-07 2.4154782e-05 0.007859802 0.9806735 0.15130576 0.00072937965 1.9352781e-05 0.08047925 0.007043008 2.912013e-06 0.00014426651 0.006999644 0.0003907783 9.904111e-05 0.0021268842 0.0067567816 0.00014212214 0.00026380428 2.6131386e-06 6.1251803e-06 7.8423244e-07 3.505845e-06 0.10622684 0.034361098 0.012115957 0.012698032 0.3971028 0.0017214485 0.03420957 1.4101289e-08 0.0007780409 3.879007e-08 1.4601287e-06 1.9090837e-06 7.6838404e-08 0.0004978234 6.674503e-05 0.00017061277 7.878765e-05 6.209069e-09 0.24692841 6.0700563e-07 0.0043311995 0.043301187 8.470926e-07 0.00015783226 3.2561926e-05 0.00014764459 1.399651e-09 3.4550893e-09 0.000118168624 1.4304895e-08 6.0513474e-05 0.0002498788 9.693879e-06 9.379728e-10 1.3451374e-06 7.013839e-08 3.3906617e-12 4.1662035e-05 1.2678191e-09 0.00073682115 0.0037998457 1.0003316e-08 1.7060429e-06 8.032637e-12 1.6688948e-05 0.0001250979 6.2022476e-10
0.95439655 0.0044295173 0.009202995 0.014653195 0.01255404 0.028956005 0.032076918 0.004333621 0.007710947 0.18759717 0.024706407 0.40613294 0.0013531463 0.0039564874 0.0033086406 0.011917486 0.04194898 0.341092 0.00014428288 0.00695537 0.00013809964 0.0007177957 0.009393283 0.00038922287 0.31028074 1.9559109e-16 0.103165925 4.265771e-05 0.00011791668 0.0009118002 1.5246105e-05 0.9823793 5.398007e-07 5.4604803e-05 0.03301189 0.2602454 0.0464553 0.004751952 0.00037873653 0.011332439 0.008930753 8.515159e-05 0.0006230391 0.0031178482 0.0015596133 0.003091156 0.0011178693 0.004439718 0.00011923238 0.008558381 1.11846675e-05 3.076714e-06 7.6736405e-06 6.4630917e-06 0.0067363693 0.0018119881 0.0011644498 0.00013433275 0.04315319 0.0005769472 0.0014381236 1.0305062e-06 3.3332104e-05 1.1650145e-06 4.8929674e-06 2.6237717e-06 2.1642866e-06 3.4382485e-06 0.06535966 6.5825748e-06 6.7389005e-06 4.343459e-07 0.1302061 3.4609548e-06 1.881773e-06 0.80103827 9.472194e-06 0.05512578 2.5136625e-05 0.012483089 9.754048e-09 5.7043756e-08 3.4758912e-05 2.416758e-08 0.01101436 1.4118971e-06 2.6271566e-06 2.3431428e-09 1.8395917e-06 9.172979e-05 4.0887665e-11 0.0006028316 9.6257855e-09 8.4261614e-05 0.00085763104 2.0799055e-08 4.2468116e-08 1.0420062e-10 6.587272e-06 2.6480533e-05 8.587399e-10
0.9868701 0.05277498 0.051638324 0.15573215 0.097874984 0.19459271 0.01889063 0.019362755 0.35728392 0.084106006 0.008765277 0.0611144 0.23121652 0.07572756 0.5389022 0.037803993 0.013449041 0.0119846575 0.14373662 0.02488455 0.46349657 0.10335598 0.025520612 0.15534443 0.0072234487 0.103165925 3.81613e-12 0.1527703 0.07926436 0.8668428 0.09416282 0.11990242 0.08604724 0.1198134 0.94417655 0.0033477615 0.016869634 0.012424323 0.016235154 0.017687773 0.008991716 0.027607191 0.010336367 0.02072336 0.010475183 0.21093243 0.009472939 0.012315203 0.005790462 0.18310443 0.016197072 0.027025081 0.044470362 0.004202916 0.007813174 0.0031981785 0.0030421584 0.0057659624 0.012323886 0.002462316 0.0055335793 0.01180569 0.000731136 0.0033916102 0.012569501 0.019414408 0.004498903 0.00026244423 0.008996343 0.0001536585 2.0018488e-05 0.003370616 0.005291924 0.0804734 0.00031101296 0.5940333 0.0040230514 0.008784755 1.50054275e-05 9.114998e-05 0.009546836 0.0040295674 2.8778015e-06 0.0013437388 0.0002493429 7.846249e-06 3.4144962e-06 0.0042766077 3.3990687e-05 0.002090852 0.0010622871 9.19616e-06 0.00040813244 0.0004194823 0.0010987024 0.00028822676 7.420649e-08 0.00016572083 9.991128e-06 1.9914292e-05 5.5684384e-05
0.85132354 0.0005935014 0.00056884834 0.0012216213 0.02274376 0.009817605 0.00088963757 0.0002529475 0.07172816 0.00012423842 0.00031121413 0.0006548466 0.14123376 0.020446388 0.17293327 0.009118977 0.00087789306 0.00026977167 0.21764126 0.0010311881 0.41627562 0.042350177 0.005804475 0.9022508 1.8876855e-05 4.265771e-05 0.1527703 4.0237035e-18 0.16878696 0.27073714 0.92664903 0.00019825828 0.8960175 0.5684336 0.11929677 1.4208927e-05 0.00037023064 0.006242765 0.011405517 0.0003733695 0.0017524672 0.028930971 0.010946718 0.0038499516 0.01662012 0.46360716 0.006837038 0.0024394176 0.01700449 0.09702526 0.021199558 0.073600516 0.15683226 0.095923215 3.530864e-05 9.151637e-06 7.048867e-05 0.000103777165 1.992135e-06 0.0017585871 2.1182103e-05 0.014185613 2.8390992e-05 0.006704171 0.025688449 0.04526225 0.0050038616 2.3228308e-06 0.0073269433 7.169388e-07 2.9505218e-05 0.001608425 4.464639e-09 0.1318329 6.6872103e-06 0.003205314 0.0052245683 0.004205089 6.7908186e-05 4.478452e-05 0.0039380733 0.0013179056 4.5181914e-06 0.0010055379 0.00037960944 7.894506e-07 3.806482e-07 0.0014894932 2.3376324e-05 0.0014756077 0.0002989679 0.00010291607 0.00017812956 2.0286315e-07 2.0675442e-07 0.0005006515 3.110451e-07 6.789213e-05 1.2071224e-07 5.4127053e-08 1.50889455e-05
0.8866685 0.0040200157 0.0028828122 0.0051398813 0.18464264 0.05423781 0.0027531292 0.0014250882 0.20518298 0.0004856351 0.00083252264 0.0012609559 0.28906688 0.19492865 0.16487013 0.04246635 0.0005225106 0.0007649485 0.61744654 0.000527829 0.084488474 0.9620953 0.05163208 0.35537928 1.1466722e-05 0.00011791668 0.07926436 0.16878696 1.1983302e-19 0.08449261 0.12615588 0.0003208452 0.17779215 0.8910773 0.06497979 4.133527e-06 0.0008537023 0.06491808 0.4164182 0.001413768 0.013908088 0.6363891 0.28152147 0.024056261 0.22446105 0.053526536 0.07339658 0.0037896454 0.15237817 0.015040975 0.148321 0.373309 0.116445966 0.03326381 3.8750935e-05 5.0491988e-05 7.664779e-05 8.6811255e-05 5.835059e-06 0.021715747 2.0246638e-05 0.0029052019 0.0021339322 0.002119434 0.029160324 0.03285667 0.0018401358 4.196063e-06 0.08359485 1.7930462e-05 0.000100211444 0.0004176353 9.331612e-08 0.01908998 9.720573e-07 0.010822682 0.0022843338 0.01695042 1.7780503e-06 0.00016064788 9.8814875e-05 0.00012351494 1.0295764e-05 8.815362e-05 0.0010358852 1.1156426e-07 7.7192084e-07 0.00044530016 5.2527954e-05 0.00028535526 0.0001423165 0.000120484015 2.624829e-05 5.3128154e-08 4.5799925e-07 8.820179e-05 8.698229e-09 3.5277992e-06 6.0268923e-09 1.7997395e-09 1.1228212e-06
0.95928526 0.004594285 0.00320453 0.0074834665 0.056932244 0.046921942 0.0018833359 0.0024191223 0.17987858 0.0015498888 0.0017451573 0.0035911065 0.17524375 0.04272426 0.26301032 0.02250656 0.0025904565 0.0016614208 0.13375996 0.0026528586 0.55445254 0.07530575 0.016923066 0.19175637 0.00024033977 0.0009118002 0.8668428 0.27073714 0.08449261 6.182622e-16 0.10633079 0.002731803 0.09604255 0.2721369 0.9651267 4.6413174e-05 0.0013700436 0.0051770085 0.009845363 0.0018246155 0.0011438724 0.017981717 0.005274891 0.0016030034 0.004549867 0.5350141 0.001265024 0.0009172188 0.002610394 0.30735552 0.0059447004 0.022674965 0.098624386 0.004347625 0.013556133 0.008953198 0.005996716 0.0068462896 0.010239848 0.0023603218 0.011829735 0.010130549 0.000121177596 0.0031916196 0.021358145 0.016927745 0.0021766087 0.0015012921 0.005883043 0.00012281747 5.2947785e-06 0.0010533314 1.8505814e-05 0.11007298 0.001378566 0.062199112 0.003191413 0.0026839338 6.16944e-05 0.00010704405 0.0071101403 0.0015853063 1.7531623e-06 0.0009064452 9.935121e-05 2.7265649e-05 6.186953e-06 0.0016808673 6.1990077e-06 0.001193049 0.00045305272 8.687002e-06 0.00017583011 0.00012068261 1.9907817e-05 0.0001556493 1.281081e-06 1.2356755e-05 3.2117794e-06 3.445899e-07 1.0822526e-05
0.9799898 9.3627e-05 4.4459444e-05 0.0001231232 0.011027073 0.0055996617 0.00022350997 8.344785e-05 0.02927066 1.9459827e-05 0.00027647772 6.223125e-05 0.09141727 0.012906771 0.12040769 0.006307474 0.00018252688 4.5234276e-05 0.19337077 0.00036516346 0.7188645 0.08945272 0.010725881 0.61721194 5.9281484e-07 1.5246105e-05 0.09416282 0.92664903 0.12615588 0.10633079 3.861818e-17 9.928141e-05 0.94455236 0.34009072 0.13889012 3.4526738e-06 0.00031490275 0.0032264064 0.010419568 0.0003893749 0.0011336552 0.03437901 0.005813469 0.0011383859 0.010715417 0.2834595 0.0029902454 0.001542396 0.011654253 0.08798244 0.017800814 0.08144262 0.28428835 0.090006925 3.2132466e-06 2.0431098e-05 1.4800345e-05 2.3737472e-05 1.7215508e-07 0.0025249599 4.637134e-06 0.031158864 2.0850643e-05 0.03716109 0.06665154 0.06707298 0.012992644 6.118326e-08 0.014028216 2.6963778e-07 7.384124e-06 0.0032098335 5.3610247e-08 0.11472842 4.4892278e-07 0.0030618736 0.008923308 0.005347318 2.4013034e-06 3.354564e-05 0.0050355303 0.0016916466 2.2822762e-06 0.0023401552 0.00028340748 1.32425395e-08 2.4843558e-07 0.0010356663 1.2577131e-05 0.007343845 7.0214395e-05 4.9112907e-05 0.00027118626 5.176605e-08 1.1483388e-07 0.00014724286 1.4427213e-08 1.4244298e-05 6.2207356e-08 2.581237e-08 8.256083e-06
