4.2328377e-27 0.15674368 0.26226312 0.17643039 0.47124535 0.3134911 0.026007826 0.3069135 0.17305191 0.43895927 0.0045160186 0.07762244 0.2362091 0.09646805 0.040858045 0.6069509 0.010494262 0.8665948 0.60651994 0.0049115606 0.8414032 0.22852936 0.8194198 0.039262485 0.87114704 0.034877684 0.78164196 0.21356791 0.894418 0.009008823 0.9708596 0.1875241 0.9435538 0.0011310613 0.95651394 0.14830305 0.0015921502 0.57474893 0.85773194 0.012576899 0.009979135 3.895591e-05 0.85749686 0.0017550865 0.014326879 0.0022652897 0.9321406 0.0013379282 0.0004443645 0.42153478 0.008797885 3.4519282e-05 0.8288361 0.9518946 0.0027389312 0.9057817 0.009437425 0.03447514 0.99193347 0.9141156 0.81223667 0.11968495 0.17205085 2.86493e-07 0.92610574 0.96877736 0.9490679 0.0006070297 0.0020717694 0.7798499 0.98188406 7.192495e-05 0.9664258 0.08336332 9.885966e-05 0.010534656 0.9785748 0.00095844246 0.9717179 0.9122105 0.9891268 0.9866372 0.36702767 0.99912065 0.8859899 0.99467784 0.06224099 0.97755754 0.95278704 0.9990135 0.99810237 0.997583 0.59785455 0.989462 0.999228 0.9899829 0.99927706 0.9994945 0.99544764 0.33227926 0.52801245
0.15674368 3.9467582e-22 0.5176761 0.7724043 0.57951194 0.6656364 0.47280234 0.5084461 0.07468374 0.22830866 0.29205287 0.93387043 0.01138993 0.011867181 0.047392357 0.016250744 0.039864272 0.23819232 0.0018963702 0.22307672 0.05467737 0.053365305 0.005672962 0.011241419 0.03002828 0.008503339 0.00042875216 0.0005274257 0.006031706 0.060219306 0.019540865 2.491757e-05 0.020028936 0.09185409 0.0077640433 4.5037195e-06 0.0070111584 0.00011274375 0.00014234595 0.00059596525 0.00014738405 0.0032328838 0.00013023055 0.00012377212 1.47553865e-05 1.7416016e-05 0.000920734 9.677908e-06 2.5867728e-05 6.7797114e-06 7.5924822e-06 0.00095684925 3.0953153e-05 0.00024312804 1.6626127e-06 2.0217203e-06 2.9892371e-06 4.7604266e-07 0.002888448 0.00461836 2.284473e-06 3.2492065e-07 1.1989022e-07 4.966043e-05 6.7311803e-06 1.03313405e-05 0.000997396 1.993567e-07 3.513895e-06 2.5629956e-07 0.0007089844 6.80883e-08 1.3967828e-07 7.854813e-08 6.1167084e-05 3.509894e-07 5.7165016e-05 4.7212165e-08 0.00017022352 1.42960525e-05 5.0918466e-06 4.5223536e-05 8.800694e-09 0.00055036513 4.743837e-08 0.00010827013 3.420622e-07 2.2400418e-06 2.4252049e-07 0.00038935003 2.8695731e-05 0.00026447687 4.836366e-07 3.5130055e-05 7.607714e-05 3.2792016e-06 0.0003410622 0.00049316493 6.8173354e-06 7.347343e-08 2.7177975e-09
0.26226312 0.5176761 5.1234665e-22 0.34596512 0.7178323 0.2384061 0.5354513 0.32283905 0.9348262 0.7076567 0.36708745 0.1532448 0.6361806 0.5209332 0.5827045 0.4769634 0.3074043 0.08896222 0.1713053 0.32442322 0.39220673 0.0008579076 0.00026780379 0.00012739017 0.12648459 0.0915978 0.010317802 0.004841336 0.05345296 0.0012657124 0.02298802 0.00024211853 0.005183762 0.049060274 0.07431682 2.2974042e-05 0.047918174 4.9149007e-06 0.001998542 0.0024166605 0.00050088624 0.010099565 2.1602662e-05 3.0425078e-06 4.2437823e-05 7.3945426e-05 0.005145512 1.3184837e-06 0.00031925467 1.2309513e-06 1.2438115e-06 0.0007149226 0.00067542656 0.002651723 2.819876e-07 5.0057338e-08 5.874635e-06 3.5536348e-06 0.00038111937 0.0051122536 6.0603394e-05 1.6387823e-08 2.4615105e-07 2.11205e-05 0.00018607368 0.0003215028 0.0020894886 1.325034e-07 5.153332e-06 2.4323797e-06 0.0043608607 3.3311938e-08 1.1626095e-06 7.208284e-08 7.407663e-07 2.3773788e-07 0.00044565872 7.04771e-09 2.2731603e-05 3.1532977e-06 6.275529e-07 0.00018517916 1.3538152e-08 0.0011299957 1.078003e-06 0.00039930592 1.7763799e-07 6.213242e-06 1.5252205e-06 0.00022384316 6.116002e-05 0.00024120725 1.4270599e-06 0.00010460278 1.8737494e-05 1.653679e-05 0.00061269576 0.0002504669 1.0944147e-05 5.9310242e-08 1.092495e-09
0.17643039 0.7724043 0.34596512 1.1967124e-20 0.7790475 0.9248491 0.14949653 0.86293155 0.075991794 0.43001318 0.0669609 0.5267475 0.017287869 0.013091226 0.028982239 0.0390007 0.01355747 0.6603365 0.005667077 0.040317066 0.1206756 0.20104346 0.026941523 0.014908263 0.09753802 0.0032179481 0.0008392042 0.00046098873 0.012290605 0.035603464 0.12152706 2.2430419e-05 0.10486451 0.019670999 0.0097367 4.8929483e-06 0.0014962415 0.00031901122 0.00036103243 0.00084720494 7.59515e-05 0.0004978735 0.0013067132 0.00016354444 9.086448e-06 2.2975246e-05 0.0011888568 1.4426396e-05 1.9920295e-05 3.3968037e-05 4.9506816e-06 0.00023423666 0.00013057729 0.00039686498 6.0605844e-06 1.01324895e-05 1.7123625e-06 7.703743e-07 0.010441078 0.020268783 9.607246e-06 2.0125826e-06 5.7449097e-07 9.112968e-06 3.422688e-05 9.073983e-05 0.007230623 6.4957084e-07 1.3507371e-06 1.8170624e-06 0.006527364 6.7250625e-07 4.1610053e-07 1.4014368e-07 5.871269e-06 5.5963376e-08 0.0003063518 3.8348535e-08 0.00028426448 6.484079e-05 2.2480916e-05 0.00027804356 2.4424631e-08 0.00093252957 2.9234533e-07 0.0006674936 2.0632936e-07 1.271345e-05 1.7197926e-06 0.0009351131 0.00014478117 0.0007937035 8.5961386e-07 0.00017710897 0.00011427613 2.902878e-05 0.0005540412 0.0005321997 3.992244e-06 3.1212048e-07 1.3526633e-09
0.47124535 0.57951194 0.7178323 0.7790475 1.1834789e-20 0.7307821 0.2412594 0.8791365 0.36323416 0.9045615 0.10073415 0.24537508 0.16770728 0.09580532 0.13553502 0.3017763 0.039662078 0.6004747 0.061816152 0.079000734 0.46812287 0.031758998 0.0040025315 0.00143177 0.23750497 0.017564336 0.004192709 0.0026612247 0.049692586 0.0056678844 0.18078634 0.00015393396 0.04801915 0.026129998 0.03596234 4.9833732e-05 0.0057202894 5.1069346e-05 0.0017794399 0.0023589162 0.0004481135 0.0023737757 0.00024181322 4.1441905e-05 6.296061e-05 9.223393e-05 0.0035688314 6.5161303e-06 0.00014884744 5.6467265e-06 5.1896604e-06 0.00022461644 0.00047014435 0.0020875374 2.7396113e-06 1.1247934e-06 7.189378e-06 7.02841e-06 0.0035945347 0.026831752 8.602109e-05 4.5515935e-07 1.4257229e-06 7.87997e-06 0.00021161942 0.00046942322 0.010565872 3.9462125e-07 3.838055e-06 5.4698226e-06 0.011848997 3.3659526e-07 6.7183023e-06 7.936591e-07 9.946706e-07 3.3968453e-07 0.001029338 1.38396805e-08 9.7266195e-05 1.9487572e-05 5.9684335e-06 0.0005946285 5.6860067e-08 0.002389647 2.2499546e-06 0.0005706852 4.9159814e-07 2.588935e-05 4.2741085e-06 0.0009999226 0.00013360042 0.0007412265 1.9866027e-06 7.802533e-05 0.00011467722 2.1537866e-05 0.0003807906 0.0006176537 1.0604034e-05 4.077101e-07 1.6227883e-08
0.3134911 0.6656364 0.2384061 0.9248491 0.7307821 1.5829088e-20 0.13771772 0.8668804 0.04402784 0.42287827 0.052917104 0.57915395 0.009575773 0.008304839 0.025934326 0.030006515 0.013077718 0.75411063 0.002133808 0.03627243 0.10542292 0.30724356 0.039054498 0.026335755 0.08383038 0.0035564026 0.0010718252 0.000483853 0.009717256 0.05708495 0.12633441 4.5346183e-05 0.14071572 0.023055933 0.007312741 1.28171105e-05 0.0011722618 0.00055962795 0.0005666166 0.0011581682 0.0001613648 0.00048127904 0.0013490185 0.00031327805 2.843557e-05 6.427806e-05 0.0013039516 3.2550408e-05 5.72504e-05 5.9515332e-05 1.9450308e-05 0.00025308842 0.00021991828 0.0003321747 1.7451013e-05 1.6127964e-05 5.0353137e-06 3.0225353e-06 0.011983216 0.025485368 9.490784e-06 3.6052543e-06 5.594547e-07 1.5508795e-05 5.9222555e-05 5.8190628e-05 0.0070551313 9.369417e-07 8.827405e-06 1.7151704e-06 0.0045249574 1.4779292e-06 5.316128e-07 3.7799694e-07 1.7327713e-05 1.4514453e-07 0.00025973716 1.06497396e-07 0.00064485526 0.00013508814 3.0017309e-05 0.00025495497 4.5055835e-08 0.0007947988 5.373265e-07 0.00050821295 2.3238688e-07 9.369359e-06 1.726145e-06 0.0012025741 0.00010539273 0.000508228 2.0971422e-06 7.190629e-05 0.00014087607 1.6541806e-05 0.000363369 0.00050071906 8.604476e-06 6.2723876e-07 1.5043067e-09
0.026007826 0.47280234 0.5354513 0.14949653 0.2412594 0.13771772 1.5865289e-21 0.14061083 0.15111268 0.15293159 0.88139087 0.550667 0.11237657 0.28872445 0.51244646 0.05941521 0.4159085 0.06548635 0.019744791 0.63660157 0.04313525 0.005964804 0.0007573066 0.0015407254 0.02296839 0.092442684 0.0022861278 0.006228442 0.009290034 0.014140236 0.0078900065 0.0006896253 0.0049385442 0.1511317 0.012062067 0.00016846578 0.042718 0.00019862295 0.0005879731 0.0041131526 0.0007186251 0.012248504 0.0001373473 3.024345e-05 0.0001712874 0.00021328835 0.0017655146 8.71923e-06 0.00039771464 2.2785494e-05 7.982359e-06 0.0023026476 0.00021924838 0.0006134997 1.0441057e-05 1.2151521e-05 2.6496426e-05 3.2814307e-05 0.0002120366 0.0007530862 0.00010107537 2.9423795e-06 4.9858522e-06 8.6211796e-05 2.577804e-05 6.569771e-05 0.00019380142 1.7458113e-06 3.3303888e-05 1.8284634e-05 0.0003579295 2.2570262e-07 1.0686106e-06 2.3940777e-06 1.3392655e-05 4.0260366e-07 0.00012275718 1.9635544e-07 0.00025939432 1.31708175e-05 1.312706e-06 6.4438806e-05 3.9259668e-08 0.00016268437 1.0249089e-06 0.00018564775 2.8958618e-06 7.764613e-06 5.4817965e-06 3.197609e-05 3.050575e-05 0.00015085802 7.1962163e-06 0.000119153825 4.500499e-06 5.7419464e-05 7.74507e-05 0.000115183284 4.4934426e-05 1.9738534e-06 1.5568958e-07
0.3069135 0.5084461 0.32283905 0.86293155 0.8791365 0.8668804 0.14061083 4.5835992e-21 0.1155538 0.72902703 0.045212083 0.36972055 0.03327036 0.023791442 0.041786388 0.079296075 0.012211275 0.8130798 0.015958732 0.021520011 0.20499992 0.22835635 0.032870192 0.013735635 0.17600842 0.0055487533 0.0017000218 0.000980191 0.026032522 0.017331252 0.26781905 9.6193355e-05 0.20361145 0.013466341 0.010553773 3.4439476e-05 0.0008312216 0.0006398208 0.00085961475 0.0017424565 0.00016080253 0.00023676215 0.0016670274 0.00020526904 3.6704536e-05 8.4703126e-05 0.001594139 1.8880277e-05 6.590857e-05 8.293311e-05 1.10167275e-05 0.0002772011 0.00022763418 0.00070277066 1.6696446e-05 1.5952217e-05 7.319299e-06 8.470995e-06 0.012310906 0.04711536 4.0273888e-05 3.8822895e-06 1.1936639e-06 9.227286e-06 9.726406e-05 0.00018670077 0.014560191 1.2895745e-06 4.155158e-06 2.658954e-06 0.010506088 1.7149364e-06 1.6053851e-06 1.7233323e-06 1.1707048e-06 9.775435e-08 0.00048443014 4.8496787e-08 0.0005080484 0.00015645233 7.094321e-05 0.0007024953 1.3303863e-07 0.0011662854 4.948474e-07 0.0004093367 5.698463e-07 1.1673429e-05 4.431837e-06 0.0015133873 5.8241592e-05 0.0008374901 2.195415e-06 2.1192349e-05 0.00017035312 2.9925159e-05 0.00023813828 0.0006599087 1.1651697e-05 1.3796075e-06 1.9616275e-08
0.17305191 0.07468374 0.9348262 0.075991794 0.36323416 0.04402784 0.15111268 0.1155538 4.3326513e-21 0.7071828 0.071374856 0.013958975 0.9108776 0.53315854 0.48140794 0.77602184 0.10912548 0.053738583 0.4992777 0.04590466 0.42712966 0.0006712555 0.00036492012 0.00013047956 0.15812442 0.0675391 0.06089728 0.01834212 0.15798438 0.00023822596 0.029375961 0.0016081388 0.0047771274 0.009530907 0.09809975 0.00016791753 0.01739122 1.2428019e-05 0.008020927 0.0065709185 0.0011663086 0.003067816 0.00010114238 1.3299005e-05 0.00015115179 0.00042969978 0.015384803 2.7891654e-06 0.00081474835 6.9267535e-06 1.0776793e-06 0.00043439856 0.0015568106 0.0058830734 4.3179892e-07 3.028576e-07 1.3528196e-05 6.311842e-05 0.00027093577 0.007189001 0.00060846825 5.2014578e-08 2.7131908e-05 1.20710865e-05 0.0004287362 0.001587896 0.0046229693 2.4615855e-07 6.839033e-06 4.296166e-05 0.0107198935 1.5552263e-07 3.0280391e-05 3.4144475e-06 2.3489074e-08 2.3232926e-07 0.0015920689 1.0715502e-09 8.9285764e-05 1.2229484e-05 3.0242743e-06 0.0006337631 2.7765628e-07 0.0015576088 8.541229e-06 0.0005998881 2.7914537e-06 5.173504e-05 2.8269955e-05 0.00027041923 7.089087e-05 0.00064628705 1.1784423e-05 0.00016318346 1.8591023e-05 0.00011920963 0.0006795299 0.0002301449 7.171987e-05 9.1644455e-07 1.16764014e-07
0.43895927 0.22830866 0.7076567 0.43001318 0.9045615 0.42287827 0.15293159 0.72902703 0.7071828 2.5250367e-20 0.05800534 0.0625195 0.39160168 0.19942254 0.21665907 0.7839155 0.03214166 0.5518984 0.2998915 0.02551126 0.77552783 0.010434812 0.0030528961 0.0006874787 0.44460082 0.021950636 0.020750681 0.005161317 0.20366901 0.0012878866 0.26611635 0.000512859 0.035115622 0.00874172 0.067802735 0.00010052157 0.003649264 0.00013595939 0.0042410293 0.005598463 0.0011912674 0.0016384497 0.0002478694 7.029949e-05 0.0002249723 0.00031380373 0.008324726 2.01177e-05 0.00036029756 2.774734e-05 1.1528697e-05 0.00030819443 0.0014544036 0.0044513284 3.787824e-06 2.6497953e-06 4.05501e-05 3.3002954e-05 0.002538679 0.037084892 0.0005182647 6.000602e-07 8.277417e-06 6.7999076e-06 0.00048089915 0.0016164003 0.017771319 4.999201e-07 7.1373415e-06 2.5163152e-05 0.030208863 9.561476e-07 3.191443e-05 3.8171424e-06 1.51719e-07 5.1430777e-07 0.0031893149 8.507163e-09 0.00033401523 6.0308543e-05 1.5160344e-05 0.002135175 7.5572405e-07 0.004342396 1.9943361e-06 0.0010189387 2.0756156e-06 6.497301e-05 1.9067085e-05 0.0011155673 7.575438e-05 0.00087124895 5.092507e-06 1.6408725e-05 0.00010078334 7.526959e-05 0.000594635 0.0005835245 9.3073795e-05 4.4959224e-06 4.184093e-07
0.0045160186 0.29205287 0.36708745 0.0669609 0.10073415 0.052917104 0.88139087 0.045212083 0.071374856 0.05800534 6.1614843e-22 0.26765105 0.046107247 0.10957351 0.37912303 0.021179333 0.34897184 0.021532739 0.007333042 0.6317364 0.030567775 0.002666051 0.00033013328 0.0004988621 0.0132863745 0.051783543 0.00072444347 0.0020893519 0.004805936 0.008165503 0.0032720917 0.00022839638 0.0027700092 0.06647007 0.005249198 4.476163e-05 0.03334823 9.757567e-05 0.00029263506 0.0021076053 0.0001828173 0.0074061113 6.582245e-05 1.3749743e-05 6.699764e-05 0.000102937374 0.00077348546 3.7173709e-06 0.0003269821 5.87496e-06 3.353961e-06 0.00089666125 2.6756166e-05 0.00020188901 2.682327e-06 7.726387e-06 1.1544748e-05 2.7687653e-05 0.000110726214 0.00031453028 1.6731192e-05 1.1087878e-06 6.255306e-06 4.989175e-05 7.0108977e-06 1.9906263e-05 8.346225e-05 1.1226467e-06 5.7124603e-06 5.26615e-06 0.00024756728 2.797878e-07 3.0536165e-07 4.3499756e-07 1.219322e-05 1.0946298e-07 0.00013036066 8.384993e-08 5.1245566e-05 6.9147413e-06 5.4208135e-07 9.57785e-05 1.4800251e-08 0.00010464459 1.7641301e-07 0.00020081444 6.437461e-07 2.2326456e-06 1.257589e-06 2.8085371e-05 4.9995433e-05 0.0003234754 5.999704e-07 6.5703534e-05 1.4813526e-06 1.7620889e-05 5.0506536e-05 8.384063e-05 9.847418e-06 1.2319954e-06 4.843042e-08
0.07762244 0.93387043 0.1532448 0.5267475 0.24537508 0.57915395 0.550667 0.36972055 0.013958975 0.0625195 0.26765105 3.0369135e-19 0.0024104952 0.0033666722 0.030013125 0.0065419334 0.02872065 0.28067476 0.00054089265 0.27237394 0.020971416 0.46468002 0.05073411 0.6172691 0.0111915665 0.0032309853 0.00017215568 0.000843894 0.0028705804 0.7015848 0.012805401 0.00017859357 0.044841267 0.28086033 0.0016481512 2.131148e-05 0.0031878082 0.013764694 0.000139648 0.0010378574 0.00039558022 0.0052366224 0.0056608054 0.03215863 3.0261683e-05 4.875251e-05 0.00040478047 0.0050620846 0.00019650822 0.0008405956 0.00052748836 0.002984927 6.314142e-05 0.00022130008 0.00023970044 0.0007796374 1.317141e-05 9.923072e-06 0.017672928 0.0034785576 1.6513119e-05 4.1256448e-05 7.9058526e-07 0.00041996365 2.0538095e-05 2.119453e-05 0.0016620761 9.727334e-05 4.014784e-05 5.4084794e-06 0.0004358547 3.6319077e-05 5.6220705e-07 5.397898e-07 0.0053055957 2.510632e-07 4.7327958e-05 3.8240967e-05 0.0021681064 0.00083844154 0.00013054765 7.935101e-05 2.5213607e-08 0.00011495261 2.5436466e-07 6.953483e-05 8.050411e-07 1.8699034e-06 2.025472e-06 0.00024378093 1.5305923e-05 0.00031550092 1.4652586e-05 6.823759e-05 9.970849e-05 4.7218114e-06 3.093999e-05 0.00015574075 1.9336765e-05 5.5748496e-06 8.509634e-08
0.2362091 0.01138993 0.6361806 0.017287869 0.16770728 0.009575773 0.11237657 0.03327036 0.9108776 0.39160168 0.046107247 0.0024104952 1.0954633e-18 0.8137532 0.5998787 0.7432688 0.17418 0.005542708 0.85848373 0.044461865 0.29945457 0.00026403563 0.00011164277 6.445939e-05 0.10614113 0.20977865 0.2931977 0.17411765 0.13962874 6.2099636e-05 0.021877145 0.046781853 0.0019933789 0.0064383 0.1574466 0.0075250794 0.035762187 1.7542887e-05 0.059677057 0.036683436 0.0077075134 0.00235789 2.8821865e-05 8.595979e-06 0.0016828722 0.0028514254 0.052786212 4.184857e-06 0.0050992942 2.7161461e-06 2.9147384e-06 0.00028950252 0.009453968 0.022756424 6.5201806e-07 1.3502328e-07 0.00023493894 0.0011526097 3.5282388e-05 0.0049301093 0.0020455245 9.449825e-08 0.0001875885 7.2715084e-06 0.0020821863 0.0045335116 0.0026418534 7.728284e-07 3.7890688e-05 0.0005230149 0.014893371 8.397622e-08 0.00022083313 2.687249e-05 2.4659807e-08 3.6075448e-06 0.0048552933 7.273051e-09 1.6808006e-05 8.527751e-06 2.4694002e-06 0.0012583125 5.679466e-06 0.0014727165 3.83173e-05 0.000664865 1.0772944e-05 0.00010917904 0.00010167274 0.00010926341 0.00010199409 0.00042734196 4.2630985e-05 0.00021367823 4.1673734e-06 0.00024651698 0.001078382 0.00027648167 0.00019108815 4.306715e-06 1.0334478e-06
0.09646805 0.011867181 0.5209332 0.013091226 0.09580532 0.008304839 0.28872445 0.023791442 0.53315854 0.19942254 0.10957351 0.0033666722 0.8137532 4.790784e-19 0.9538218 0.3215454 0.5646499 0.0018412671 0.51764977 0.14070284 0.1056207 0.00017920796 0.00010082284 4.7580845e-05 0.042043712 0.53517413 0.22853084 0.35300925 0.05994899 8.225154e-05 0.0072559295 0.08725928 0.00083257497 0.009070561 0.11457872 0.018965717 0.06316509 1.6967497e-05 0.048718806 0.06936932 0.014089362 0.0044621686 3.5521841e-06 5.3580857e-06 0.0036727665 0.004219943 0.037779577 1.4521992e-06 0.0053519914 7.9123065e-06 6.5261025e-07 0.0003402056 0.0060690553 0.012541732 5.667884e-07 5.0064335e-07 0.00023545572 0.00061730715 8.580245e-06 0.0011710153 0.0012572935 1.4403012e-07 3.5605633e-05 9.201951e-06 0.0009468084 0.001921455 0.00055491057 3.200463e-06 6.591448e-05 0.00015030843 0.0019383904 1.7892454e-07 3.6663187e-05 6.4602755e-06 5.423567e-08 4.3803716e-06 0.0013613434 3.0476187e-08 0.00010297988 6.1696364e-06 7.976876e-07 0.00038512016 1.4196498e-06 0.00059599365 1.6537138e-05 0.00020382456 8.1901935e-06 2.5729509e-05 3.960547e-05 5.1372295e-05 5.3965196e-05 0.0002223148 3.5844565e-05 0.0001659807 3.9236274e-06 0.00018490246 0.0004683275 0.00011879913 0.00013816946 2.405632e-05 6.604917e-06
0.040858045 0.047392357 0.5827045 0.028982239 0.13553502 0.025934326 0.51244646 0.041786388 0.48140794 0.21665907 0.37912303 0.030013125 0.5998787 0.9538218 2.7397618e-20 0.23093343 0.90798974 0.0061265803 0.3198839 0.48745355 0.10125001 0.0005357335 0.00037000122 9.0939335e-05 0.040036254 0.6282856 0.077365264 0.19955166 0.06820783 0.0003888697 0.008298724 0.032877393 0.0017030609 0.025953496 0.04806952 0.006765293 0.17220466 0.000114200084 0.015419387 0.060233768 0.0075903763 0.019000473 4.309441e-05 2.0606134e-05 0.0026623846 0.004965977 0.014031059 5.134627e-06 0.008586889 2.2781933e-05 2.290918e-06 0.0014442673 0.0023785483 0.00493176 1.4882032e-06 7.722417e-06 0.00014448626 0.0005216704 4.2321382e-05 0.001176695 0.00053699594 1.7703752e-06 0.00012093159 8.841546e-05 0.0004958535 0.0009451904 0.0003042543 6.718469e-06 2.634974e-05 9.503414e-05 0.0011144402 1.2976404e-06 1.9373923e-05 5.1553175e-06 1.489182e-07 1.6423841e-06 0.0005471258 5.322329e-08 0.00021349164 1.535941e-05 1.3606626e-06 0.00041532333 8.964145e-07 0.0004546941 5.1116976e-06 0.00049396954 8.600251e-06 1.4984721e-05 2.6433601e-05 4.4682343e-05 0.00013077894 0.00043540666 8.434115e-06 0.000158852 2.2012075e-06 0.00017950078 0.00026817105 0.00013860696 0.00014734372 3.1506508e-05 2.074923e-06
0.6069509 0.016250744 0.4769634 0.0390007 0.3017763 0.030006515 0.05941521 0.079296075 0.77602184 0.7839155 0.021179333 0.0065419334 0.7432688 0.3215454 0.23093343 5.8988766e-21 0.045037348 0.052628946 0.9348511 0.026631033 0.85101783 0.0010837689 0.00063101266 0.000338542 0.3118748 0.073899046 0.15251333 0.04869967 0.44260162 0.00032978118 0.07394764 0.0062872316 0.00578127 0.0058355243 0.2217675 0.0013639659 0.014073367 4.987215e-05 0.022686878 0.016997056 0.0047387215 0.0025702177 5.1233208e-05 9.6842e-05 0.0010834294 0.001824245 0.0316542 1.4497105e-05 0.001972431 1.112988e-05 6.6894236e-06 0.0002127222 0.004909446 0.0116985785 1.7262191e-06 2.3239753e-07 0.00012304996 0.0004621019 0.0003953174 0.017434655 0.0012104928 8.0165975e-08 0.00010707478 1.2093164e-05 0.0009279082 0.0047584805 0.015025234 3.338504e-07 1.9052854e-05 0.00017215108 0.03619859 3.3301285e-07 0.00018988086 9.666608e-06 2.3911375e-07 3.6784586e-06 0.0071593933 4.2702437e-09 0.00016020327 7.963257e-05 6.7910096e-06 0.0020975496 2.0892812e-06 0.007161581 2.0741445e-05 0.0013759149 1.4632576e-05 0.00010867605 5.162991e-05 0.0012101777 0.00021275366 0.00083995884 8.482378e-06 0.00012587746 9.337056e-05 8.805732e-05 0.000979951 0.0004469051 0.00015298939 1.7677098e-06 1.377734e-06
0.010494262 0.039864272 0.3074043 0.01355747 0.039662078 0.013077718 0.4159085 0.012211275 0.10912548 0.03214166 0.34897184 0.02872065 0.17418 0.5646499 0.90798974 0.045037348 3.9804363e-19 0.0030895441 0.038045265 0.9339643 0.049339276 0.00018143076 0.0003071522 0.00013787489 0.017262498 0.81469345 0.033327237 0.1286482 0.012108525 0.0012753543 0.002406912 0.012241195 0.00073741947 0.1231443 0.025298214 0.002466374 0.61175925 9.457926e-05 0.005567555 0.08437977 0.006971328 0.11466045 1.6627166e-05 2.400027e-05 0.0016603881 0.007453819 0.0051877187 9.921833e-06 0.01993803 1.7097918e-05 4.289769e-06 0.0029963185 0.000548757 0.0016892236 5.314184e-06 8.58713e-06 0.00020476578 0.00038260958 6.231528e-05 0.00014392227 0.00028847123 2.466209e-06 3.9802708e-05 0.0002482233 0.0001421948 0.00027153175 9.3301125e-05 3.2361255e-05 0.00012602987 7.317202e-05 0.00029793216 2.7165759e-06 1.894895e-05 2.7104093e-06 7.6978824e-07 8.380637e-06 0.0004348008 1.9262167e-07 0.00017529835 1.2037805e-05 1.1705173e-06 0.0001891312 2.7975497e-07 0.00018341157 2.1265666e-06 0.0002524956 5.7800507e-06 5.90061e-06 2.2369431e-05 7.0003016e-06 5.0305305e-05 0.000109061446 1.6018608e-05 0.000110732966 4.4062705e-07 5.9027287e-05 4.4904435e-05 4.097124e-05 3.8070524e-05 1.6744363e-05 5.240539e-06
0.8665948 0.23819232 0.08896222 0.6603365 0.6004747 0.75411063 0.06548635 0.8130798 0.053738583 0.5518984 0.021532739 0.28067476 0.005542708 0.0018412671 0.0061265803 0.052628946 0.0030895441 1.3743955e-19 0.0017842174 0.0068039238 0.13875037 0.75148743 0.78242683 0.091273636 0.20765273 0.0012375042 0.00028554013 0.0006033208 0.016467774 0.054577593 0.4986355 4.9190767e-05 0.8519427 0.0077375993 0.0012650114 1.1517487e-05 1.7877446e-05 0.08136056 0.00017694823 0.00040042092 8.3024504e-05 1.9864541e-05 0.12114098 0.008592984 3.120714e-05 3.5239646e-05 0.00029623424 0.0011786217 3.695363e-05 0.0028738838 0.00026986044 2.7746544e-05 5.3334392e-05 0.000120247314 0.00019607038 0.00035452258 7.904327e-06 1.9089182e-06 0.1362957 0.08534421 2.4854403e-06 0.00012913713 1.10433504e-07 2.9309895e-06 4.9835162e-05 1.7307499e-05 0.020585135 2.0661791e-06 2.542341e-06 2.294553e-07 0.014929641 9.322948e-06 1.431012e-06 4.0749862e-07 3.834991e-05 8.299117e-07 0.00017764099 4.0509747e-07 0.005660603 0.0031252694 0.0033968447 0.0024598446 1.1716312e-07 0.00402131 4.9606274e-07 0.00057589693 9.875326e-07 3.1461213e-06 4.3227997e-06 0.011703108 6.925786e-05 0.002576917 3.4475243e-06 4.6065225e-06 0.0023743748 2.5288693e-06 0.000273514 0.0012720467 5.6541983e-05 2.6544112e-06 3.625329e-07
0.60651994 0.0018963702 0.1713053 0.005667077 0.061816152 0.002133808 0.019744791 0.015958732 0.4992777 0.2998915 0.007333042 0.00054089265 0.85848373 0.51764977 0.3198839 0.9348511 0.038045265 0.0017842174 4.412717e-20 0.011978166 0.3729716 6.798685e-05 4.530158e-05 2.8134375e-05 0.12004823 0.16002534 0.7603651 0.30465654 0.4532934 1.6074848e-05 0.017489733 0.18424961 0.00086370285 0.0015003604 0.43843374 0.04394456 0.016991353 8.766029e-06 0.2979761 0.07208617 0.031730417 0.0011516259 4.5910324e-06 6.9372513e-06 0.006412352 0.008728016 0.27363193 1.8644687e-06 0.00926542 9.727445e-07 1.2832479e-06 3.3851393e-05 0.035413895 0.092483066 2.4728112e-07 1.9473683e-08 0.0003671866 0.0027615463 3.0163346e-05 0.0044025285 0.006553961 1.5937793e-08 0.0006820496 3.4326397e-06 0.0066842143 0.04242162 0.009376654 1.7202494e-07 2.9635052e-05 0.0011298038 0.04451473 4.6341935e-08 0.0014019021 4.965536e-05 3.848967e-08 5.312867e-06 0.02226491 2.6858216e-09 2.4230088e-05 3.978854e-06 2.8461398e-07 0.0034035114 2.311436e-05 0.007896066 3.7589474e-05 0.0024125502 5.712126e-05 0.00038047097 0.00013756426 0.00035571083 0.00018262056 0.00015629888 5.157976e-05 0.0002680849 7.6415945e-06 0.000124244 0.0015232045 0.00020624527 0.00040916403 5.314752e-06 5.7648617e-06
0.0049115606 0.22307672 0.32442322 0.040317066 0.079000734 0.03627243 0.63660157 0.021520011 0.04590466 0.02551126 0.6317364 0.27237394 0.044461865 0.14070284 0.48745355 0.026631033 0.9339643 0.0068039238 0.011978166 1.7423916e-17 0.046038494 0.0004698454 0.00046827615 0.00026440603 0.022887863 0.43766055 0.00075998384 0.0072674877 0.0082629295 0.03337731 0.001755874 0.0005133163 0.0012754041 0.87290317 0.014146434 0.0001262958 0.48264617 0.0004098838 0.0002893855 0.007253716 0.00056150014 0.5528068 3.7800168e-05 0.00014839615 0.00016111184 0.0003931741 0.0008167243 1.8902689e-05 0.0042203357 2.0848416e-05 1.6316424e-05 0.009424586 7.607417e-05 0.00037941328 1.1311772e-05 1.5747795e-05 5.9119004e-05 0.00013999401 3.855192e-05 5.8632704e-05 3.071406e-05 4.3614305e-06 6.8636264e-06 0.0004826347 4.055544e-05 7.5451346e-05 2.536595e-05 2.9939516e-05 3.2111533e-05 3.3998404e-05 0.0002956001 2.133221e-06 2.8153763e-06 1.6478815e-06 0.00030886824 2.7566807e-06 0.0002872855 2.495068e-06 0.00016249862 4.1724856e-05 3.0921276e-06 0.00041530235 8.667777e-08 0.0007187739 4.5944114e-07 0.00057067187 1.6125371e-06 2.3270056e-06 2.5948216e-06 3.7285216e-05 0.00015011762 0.0013091706 6.7110986e-06 0.00018369201 2.597805e-06 1.2545063e-05 2.8722263e-05 0.00024562408 3.2850328e-06 3.3145778e-05 1.3444846e-06
0.8414032 0.05467737 0.39220673 0.1206756 0.46812287 0.10542292 0.04313525 0.20499992 0.42712966 0.77552783 0.030567775 0.020971416 0.29945457 0.1056207 0.10125001 0.85101783 0.049339276 0.13875037 0.3729716 0.046038494 1.9392743e-18 0.0023927668 0.0022420662 0.0013595478 0.9211604 0.07213532 0.03737405 0.03703548 0.72513705 0.004191268 0.2776969 0.00567612 0.02173035 0.016925585 0.23088792 0.0024757967 0.025271893 0.00025177543 0.010975777 0.016419787 0.004625997 0.006272774 0.00022641267 0.00081493676 0.0024209856 0.0019519706 0.022943411 0.00011031631 0.0017619261 6.666189e-05 3.020203e-05 0.00061341136 0.0031102204 0.010073693 5.9059555e-05 2.8179306e-06 0.00026535708 0.0006004613 0.0022875876 0.04449996 0.0007147011 1.073795e-06 9.1218506e-05 2.4628443e-05 0.0012129756 0.0036629126 0.024337377 1.0587477e-06 3.9234536e-05 0.00018673354 0.12780559 7.477805e-07 0.00038994086 5.8359155e-06 3.5925605e-05 3.4586024e-06 0.011592218 2.5613727e-09 0.00033502813 0.00051756506 0.00038535456 0.0072284075 4.0684376e-06 0.029825699 4.1040657e-05 0.007056899 8.143377e-06 0.00014083496 4.377751e-05 0.0077916663 0.003174593 0.0023794102 1.1850182e-05 0.00039847774 0.00050506514 4.153877e-05 0.0026101337 0.0034185108 6.951633e-05 8.910364e-07 8.8049427e-07
0.22852936 0.053365305 0.0008579076 0.20104346 0.031758998 0.30724356 0.005964804 0.22835635 0.0006712555 0.010434812 0.002666051 0.46468002 0.00026403563 0.00017920796 0.0005357335 0.0010837689 0.00018143076 0.75148743 6.798685e-05 0.0004698454 0.0023927668 8.4529464e-20 0.96269065 0.7074009 0.010259617 0.0001887618 3.1009304e-06 3.0957082e-05 0.0036935573 0.29377973 0.026595185 3.711505e-06 0.44941187 0.0019927735 7.078548e-05 2.7485336e-07 3.201596e-06 0.772511 3.084767e-06 0.0001371052 9.859099e-06 5.939226e-06 0.5346138 0.21746205 1.7351002e-06 5.9997183e-06 4.9301136e-05 0.11795314 1.731067e-05 0.14393164 0.1394676 1.6271268e-05 1.2165865e-05 2.5579704e-05 0.045997556 0.052623577 3.9615575e-06 4.625637e-06 0.11443973 0.018056858 6.6026405e-07 0.042228308 1.1941137e-06 5.024794e-06 4.808672e-06 8.454724e-06 0.007490186 0.00010151849 1.4166e-06 7.830853e-07 0.0013909865 0.00024106882 1.069725e-06 1.4889584e-06 0.00091831025 1.1062984e-06 5.1570118e-05 1.19879705e-05 0.016601799 0.006598939 0.0064346143 0.0005899437 3.998958e-08 0.0003038979 1.6322525e-07 0.00018526147 6.900883e-07 1.7519254e-06 2.2581728e-06 0.0058919336 1.3586457e-05 0.00247844 1.2668494e-06 5.8506976e-05 0.002530697 6.0891284e-06 4.452173e-05 0.00026936267 7.153506e-06 9.1088505e-06 5.7511006e-08
0.8194198 0.005672962 0.00026780379 0.026941523 0.0040025315 0.039054498 0.0007573066 0.032870192 0.00036492012 0.0030528961 0.00033013328 0.05073411 0.00011164277 0.00010082284 0.00037000122 0.00063101266 0.0003071522 0.78242683 4.530158e-05 0.00046827615 0.0022420662 0.96269065 2.876005e-19 0.12008294 0.004769359 0.00066451635 1.87078e-05 0.00012547294 0.002405872 0.03629383 0.10825201 1.0983901e-05 0.8420346 0.0021464878 0.00018644794 6.772198e-07 1.9046149e-05 0.529082 9.627462e-06 0.00022808443 2.9986322e-05 6.4808546e-06 0.581328 0.024513148 6.843678e-06 1.0852892e-05 4.2963748e-05 0.015506074 7.083899e-06 0.08281012 0.018042484 2.0073163e-05 5.725053e-06 8.4444386e-05 0.0025198911 0.026528144 3.1127763e-06 3.5766316e-06 0.41731983 0.19541247 8.233041e-07 0.006767738 3.297552e-07 1.1482853e-05 1.2235982e-05 1.7409855e-05 0.07848674 0.00011317066 2.4773378e-06 2.4973448e-07 0.01764695 0.00022918095 3.1551522e-07 1.1059514e-06 0.00024349257 7.0704647e-07 0.00018690672 4.7993057e-05 0.037134357 0.015525051 0.05608419 0.00613782 1.16106435e-07 0.006794311 2.6480228e-07 0.0016269865 5.129284e-07 1.6223119e-06 2.0715665e-07 0.06146578 0.00024386882 0.012907342 5.941172e-07 1.9703007e-06 0.011819642 1.5749626e-07 0.0003312835 0.0034631987 5.6419144e-06 9.152724e-05 4.120643e-07
0.039262485 0.011241419 0.00012739017 0.014908263 0.00143177 0.026335755 0.0015407254 0.013735635 0.00013047956 0.0006874787 0.0004988621 0.6172691 6.445939e-05 4.7580845e-05 9.0939335e-05 0.000338542 0.00013787489 0.091273636 2.8134375e-05 0.00026440603 0.0013595478 0.7074009 0.12008294 1.3379768e-19 0.0023986509 0.0008685366 1.4197981e-05 0.0005023781 0.0010506087 0.9586947 0.011333488 1.9961068e-05 0.063815124 0.013109928 7.017881e-06 4.837872e-06 2.0026717e-05 0.47941723 2.7358515e-06 0.00013019454 4.557925e-06 8.875453e-06 0.14217569 0.4158888 1.2017198e-06 5.5793146e-07 3.2840977e-05 0.28881466 3.995085e-06 0.031694766 0.49904886 8.4387626e-05 1.1230334e-06 1.9834451e-06 0.13862446 0.020843051 9.283538e-06 3.1662566e-05 0.034163095 0.0019386363 6.5996306e-07 0.048933733 1.1138922e-06 3.0816253e-05 1.3327261e-06 2.1757162e-06 0.00036353295 0.003617607 1.1473345e-06 4.4923198e-07 0.0003804969 0.0012975619 6.621166e-07 1.2159978e-06 0.06694958 5.0774423e-07 1.1617738e-06 0.0007899056 0.009249876 0.0025392964 0.0015171076 0.00014463831 4.5192166e-08 0.00013470849 1.4344026e-07 5.0203635e-06 1.3402024e-06 7.3322065e-07 7.4268684e-07 0.009081757 2.56623e-06 0.0030317986 3.1308746e-06 8.474073e-06 0.0016468927 1.470405e-06 9.3002285e-07 0.00018311515 8.6838406e-07 0.00083328795 1.3592979e-08
0.87114704 0.03002828 0.12648459 0.09753802 0.23750497 0.08383038 0.02296839 0.17600842 0.15812442 0.44460082 0.0132863745 0.0111915665 0.10614113 0.042043712 0.040036254 0.3118748 0.017262498 0.20765273 0.12004823 0.022887863 0.9211604 0.010259617 0.004769359 0.0023986509 5.13613e-21 0.03997465 0.020643175 0.02646096 0.8007324 0.005056871 0.92009395 0.005197246 0.09559388 0.005906052 0.14668068 0.001595768 0.0031855288 0.0006205663 0.00939504 0.007424794 0.0020597717 0.0021734228 0.0009575111 0.0006610223 0.002014067 0.001098954 0.041518018 8.965343e-05 0.00018713626 0.00016092403 2.1851223e-05 0.00016461994 0.007078616 0.022145784 9.344824e-05 7.2190646e-06 8.0505575e-05 0.00075421965 0.010393784 0.16977617 0.000896852 1.3438893e-05 0.00018143214 8.116009e-06 0.0018031105 0.009168 0.09292075 8.334413e-07 5.7389434e-06 0.0001262534 0.35692257 1.019132e-06 0.00040793282 1.8037415e-05 3.134399e-05 1.933272e-06 0.034074005 2.3932945e-08 0.0024787723 0.004493115 0.0024574343 0.03304107 3.2269063e-06 0.08165384 2.4305837e-05 0.03229451 1.7273793e-05 0.0001183344 4.7661186e-05 0.029523788 0.0095139295 0.010542913 2.4528123e-05 0.0006244295 0.0018693829 6.531171e-05 0.004737572 0.009087965 4.087738e-05 1.926115e-06 1.1193946e-06
0.034877684 0.008503339 0.0915978 0.0032179481 0.017564336 0.0035564026 0.092442684 0.0055487533 0.0675391 0.021950636 0.051783543 0.0032309853 0.20977865 0.53517413 0.6282856 0.073899046 0.81469345 0.0012375042 0.16002534 0.43766055 0.07213532 0.0001887618 0.00066451635 0.0008685366 0.03997465 1.8878604e-16 0.350967 0.79727316 0.04047322 0.00094800146 0.004679389 0.2799254 0.00097394385 0.017061254 0.13658635 0.17924735 0.8648264 0.0002494997 0.14920211 0.8909194 0.6096822 0.04938887 5.232643e-06 5.603756e-06 0.26618624 0.4637045 0.14297122 7.2120806e-06 0.5273173 4.7187394e-05 2.5427119e-06 0.00069167133 0.036278035 0.037303135 6.3325197e-06 1.860908e-05 0.031372674 0.029787142 1.4587974e-05 0.0005521363 0.012081396 6.428737e-07 0.0030563148 0.00013608704 0.005788781 0.0039017934 0.00038446658 5.301036e-07 0.0014357741 0.00034122393 0.001439491 1.3597098e-07 0.00035680397 3.556888e-05 1.8666909e-06 5.586551e-05 0.0021603014 5.7721678e-08 0.001372349 0.00018274339 1.4990987e-06 0.00028692462 1.0977383e-06 0.0011374445 3.642032e-05 0.0017121701 7.798014e-06 0.0006154669 0.00017282453 0.00011653869 0.00043522546 0.00062655343 0.0001598009 0.0052743177 3.3291203e-06 0.0012629285 0.0011218357 0.00018514296 0.00035204593 0.0016363212 0.00025860022
0.78164196 0.00042875216 0.010317802 0.0008392042 0.004192709 0.0010718252 0.0022861278 0.0017000218 0.06089728 0.020750681 0.00072444347 0.00017215568 0.2931977 0.22853084 0.077365264 0.15251333 0.033327237 0.00028554013 0.7603651 0.00075998384 0.03737405 3.1009304e-06 1.87078e-05 1.4197981e-05 0.020643175 0.350967 1.09838514e-16 0.68384403 0.11968035 2.090749e-05 0.0037835713 0.726898 0.00014695388 2.5513336e-05 0.45451677 0.60442597 0.017935768 1.6550365e-06 0.9250801 0.31504667 0.2836672 0.00058771804 8.334698e-07 4.8931165e-06 0.19917336 0.06959816 0.55422306 1.5357791e-06 0.038532067 1.6426832e-06 2.6040644e-07 1.823995e-06 0.2335699 0.2822607 1.9176107e-06 9.354065e-08 0.02316037 0.10468289 3.324284e-05 0.00072919147 0.13721062 1.9049734e-08 0.063794896 2.5977852e-06 0.08038665 0.13460636 0.004561735 9.893171e-07 0.0016578595 0.00984626 0.03974315 1.8513958e-08 0.013740811 0.00042165958 1.4345895e-06 0.00021126916 0.05475998 2.1093053e-08 1.3796649e-05 1.2051905e-06 2.568768e-07 0.0046117804 0.00020518195 0.014730368 0.0011048198 0.007838684 0.00049661443 0.009591672 0.0010483993 0.00020411304 0.0013239518 0.00025383072 0.00022224191 0.0031874967 4.6406244e-06 0.0002893982 0.0029093497 0.00010161719 0.00095445785 1.5135619e-06 5.209403e-05
0.21356791 0.0005274257 0.004841336 0.00046098873 0.0026612247 0.000483853 0.006228442 0.000980191 0.01834212 0.005161317 0.0020893519 0.000843894 0.17411765 0.35300925 0.19955166 0.04869967 0.1286482 0.0006033208 0.30465654 0.0072674877 0.03703548 3.0957082e-05 0.00012547294 0.0005023781 0.02646096 0.79727316 0.68384403 6.8960526e-17 0.054910526 0.00032702292 0.005382282 0.9299325 0.0005030479 0.0020439597 0.20215404 0.7823123 0.10348993 7.356132e-05 0.49543026 0.658534 0.6140913 0.0016721671 1.8131808e-05 1.1493283e-05 0.5553432 0.29411978 0.43193334 9.327796e-06 0.1205008 5.4457028e-06 1.0743447e-05 0.00013233931 0.24665707 0.13901494 5.447672e-06 1.1060399e-06 0.2094583 0.22381857 6.8623176e-06 0.0012960122 0.2434809 3.043786e-07 0.039132133 2.1264785e-05 0.04437827 0.019626757 0.0006606215 5.304498e-06 0.004236789 0.0061325314 0.0023048194 6.546898e-07 0.0021363015 0.00068621675 2.7100423e-06 0.00014838921 0.0023861958 1.6954992e-07 0.0008929279 0.00016240457 2.2194747e-06 0.00017850878 1.7529994e-05 0.0005539654 0.00026664426 0.0005891819 7.756993e-05 0.0005767007 0.0008112031 0.00023594867 0.00016872512 0.00040675557 0.00012853104 0.0008145086 8.135738e-06 0.00096666784 0.0034065885 0.00014131742 0.00097502326 0.0013333523 0.00010993549
0.894418 0.006031706 0.05345296 0.012290605 0.049692586 0.009717256 0.009290034 0.026032522 0.15798438 0.20366901 0.004805936 0.0028705804 0.13962874 0.05994899 0.06820783 0.44260162 0.012108525 0.016467774 0.4532934 0.0082629295 0.72513705 0.0036935573 0.002405872 0.0010506087 0.8007324 0.04047322 0.11968035 0.054910526 1.1166252e-20 0.0011735223 0.23426424 0.020043314 0.01864581 0.0011286639 0.92366683 0.012585567 0.0041799475 0.0006404123 0.07786182 0.022685606 0.007833072 0.00096278306 0.0010211059 0.00043104312 0.008014382 0.0028034672 0.17883506 5.5461216e-05 0.0011860793 0.00016653058 1.423714e-05 0.00013875827 0.037239857 0.13003631 2.4217588e-05 5.5003607e-06 0.00031534059 0.003699044 0.0021089746 0.091656655 0.0061346404 2.3950347e-06 0.0019695824 4.6998066e-06 0.006369421 0.05612072 0.07560283 7.6503113e-07 3.72711e-05 0.0019959623 0.47992107 9.3764965e-07 0.0034133522 0.00020611372 1.638799e-05 2.9817447e-05 0.15367547 2.0345398e-08 0.002604302 0.006352063 0.0040605846 0.08071992 0.00017804158 0.13929014 0.00038303653 0.08925272 0.0005099294 0.0032008924 0.0010528705 0.02745621 0.023513356 0.018719483 0.0003055867 0.0076115243 0.0014950335 0.00082047813 0.014538456 0.009575887 0.00044606326 1.0651498e-05 1.4870817e-05
0.009008823 0.060219306 0.0012657124 0.035603464 0.0056678844 0.05708495 0.014140236 0.017331252 0.00023822596 0.0012878866 0.008165503 0.7015848 6.2099636e-05 8.225154e-05 0.0003888697 0.00032978118 0.0012753543 0.054577593 1.6074848e-05 0.03337731 0.004191268 0.29377973 0.03629383 0.9586947 0.005056871 0.00094800146 2.090749e-05 0.00032702292 0.0011735223 1.2648165e-17 0.008229247 3.8202692e-05 0.039178398 0.39767274 3.938081e-05 4.985891e-06 0.0011316548 0.0649618 2.6777147e-05 0.00023872904 1.3475174e-05 0.0035160237 0.014489533 0.6983684 9.672892e-07 1.8714875e-06 3.215097e-05 0.4662619 1.876083e-05 0.001100279 0.4057965 0.0038523972 1.5132552e-05 1.2821439e-05 0.012799608 0.00035097907 5.3136064e-06 4.7048852e-05 0.015785117 0.0012396633 1.5262638e-06 0.0001643829 1.2176992e-06 0.0028015417 3.2732432e-06 7.5622183e-06 0.00037751047 2.5641471e-05 4.9346578e-05 4.074961e-06 0.00016605781 3.576555e-05 1.0250897e-06 1.0249314e-06 0.59131634 6.741861e-07 9.994779e-06 5.470598e-05 0.0009649601 0.00020974744 6.827951e-05 0.0002358724 9.3102726e-09 0.0004262036 3.1732034e-07 2.5374855e-05 3.0827684e-07 1.1261038e-06 1.472385e-06 0.0017221809 1.4405829e-05 0.00294679 8.48648e-06 4.7551817e-05 0.0002578924 3.8813423e-06 2.4673122e-06 0.00061799603 3.3216247e-07 3.071611e-05 7.949218e-09
0.9708596 0.019540865 0.02298802 0.12152706 0.18078634 0.12633441 0.0078900065 0.26781905 0.029375961 0.26611635 0.0032720917 0.012805401 0.021877145 0.0072559295 0.008298724 0.07394764 0.002406912 0.4986355 0.017489733 0.001755874 0.2776969 0.026595185 0.10825201 0.011333488 0.92009395 0.004679389 0.0037835713 0.005382282 0.23426424 0.008229247 4.408444e-20 0.0015234333 0.7930811 0.0018973914 0.038258333 0.0005465641 9.025841e-05 0.0115897525 0.0026663141 0.0023159895 0.00075792073 0.00010393595 0.020153906 0.0016688773 0.00046668234 0.0005049276 0.008349513 0.00045520978 0.00011303366 0.0025142082 0.00021596474 0.00017066565 0.0038706523 0.015729086 0.0004125704 0.0004030388 5.6653284e-05 0.0003224089 0.06851262 0.8587023 0.0005931636 0.0004527621 0.00013094915 4.708555e-06 0.0014763974 0.009366675 0.15747988 1.2715014e-05 6.4445467e-06 5.820995e-05 0.4554864 2.1224023e-05 0.00024324376 5.7428995e-05 0.00016178067 4.3741143e-06 0.040834796 1.0605535e-06 0.028769052 0.03264646 0.05174615 0.11135809 1.2906701e-05 0.14814149 2.037205e-05 0.06064881 8.7760796e-05 0.00022433363 4.955554e-05 0.14622101 0.01841736 0.08804239 3.7289017e-05 0.000594957 0.024099443 0.0002044951 0.006386186 0.029297601 0.00013563444 0.00018106379 2.719255e-05
