1.0801458e-28 0.9349552 0.927028 0.98171806 0.98932844 0.9497431 0.89397293 0.97869295 0.93522567 0.9905923 0.8008602 0.9846554 0.97670424 0.99550205 0.9858582 0.9718227 0.89874494 0.98285496 0.5896192 0.8917058 0.9901136 0.92040414 0.99360013 0.98394984 0.9707865 0.9579468 0.98649055 0.9504714 0.9461637 0.97629714 0.9478937 0.98678344 0.9848493 0.93422055 0.82093215 0.78656447 0.9511242 0.73639554 0.94113797 0.999751 0.29926667 0.95405406 0.17723854 0.83159935 0.67704093 0.9601117 0.57210916 0.96874696 0.8881155 0.44990516 0.020742422 0.953677 0.4596846 0.33145827 0.94150436 0.39285445 0.9180427 0.99669516 0.9993721 0.19251409 0.046762858 0.1236052 0.9229579 0.899293 0.9460263 0.48554584 0.9660632 0.69324005 0.0043778205 0.40794727 0.880465 0.8625033 0.05576624 0.8617008 0.053131137 0.029571807 0.10400117 0.0044120443 0.65273607 0.5988571 0.86773336 0.9999749 0.010059916 0.03512155 0.014391624 0.42786488 0.018336376 0.44441557 0.587839 0.005633302 0.16922373 0.0043468205 0.3737388 0.0021100126 0.0031727483 0.97105 0.0257159 0.0012040287 0.033191733 0.0006148023 0.10688501
0.9349552 4.6810604e-17 0.94821864 0.79917705 0.73169804 0.22120245 0.23577003 0.05508351 0.02814601 0.1482529 0.029711451 0.14968686 0.005308797 0.3293469 0.0069004768 0.006128445 0.27301887 0.017510395 0.02111219 0.28780633 0.5668852 0.01826178 0.018255189 0.00026444235 0.000107056614 0.0064767776 0.00077427033 0.0028057324 0.00016058922 0.00090585067 0.00025028564 0.01266838 7.7243276e-05 0.0006444111 0.0011926183 0.1001853 8.404657e-06 0.048178427 0.00094235834 0.10890727 0.12840535 4.1273743e-06 0.299981 0.0005886915 0.0010920145 2.568943e-06 0.00018925985 5.6922005e-07 7.968627e-05 0.00061722146 0.1479791 2.4794258e-07 0.010337466 0.0027864627 6.7083214e-08 0.00040403707 1.18725e-05 1.3791504e-05 0.014054555 7.471272e-06 0.029838065 8.78207e-06 1.5819535e-07 4.680312e-07 1.0004404e-08 0.0037927965 1.1148982e-07 1.0740692e-05 0.015011469 0.055177536 5.1976166e-09 3.943684e-09 1.4951081e-06 1.3825486e-08 4.083105e-05 3.103519e-06 0.00010426842 0.007493947 1.2550585e-08 1.18716734e-07 1.1432887e-08 1.360047e-05 0.00018645186 0.00080762384 3.8647354e-06 9.701466e-09 0.002413772 2.2483734e-08 4.361164e-06 0.00054730946 1.8215228e-10 0.054434255 1.477266e-09 0.00062806666 2.8026398e-05 1.07740206e-11 1.3513192e-10 0.00034626422 6.936401e-11 3.432625e-05 1.7281765e-09
0.927028 0.94821864 5.136835e-21 0.70655817 0.52129793 0.15663072 0.3715748 0.08572529 0.038733065 0.2634256 0.014861561 0.05124012 0.007844457 0.39820817 0.005060972 0.013237618 0.0836618 0.022213861 0.011085104 0.050924264 0.1011457 0.024599973 0.02484919 0.0005421139 6.894306e-05 0.0045543215 0.000676496 0.0017519013 0.00023568084 0.000442874 0.00017784556 0.018034115 4.4047243e-05 0.00018053188 0.00022508754 0.011145347 3.508981e-05 0.0050160517 0.0003662186 0.09401199 0.055011056 6.0458287e-06 0.08636404 0.00040675575 0.0001166014 2.4900382e-06 3.2718497e-05 2.8909542e-07 2.9921162e-05 0.00054802914 0.040941134 5.6539824e-07 0.0010703267 0.0005501655 9.06067e-08 5.0640956e-05 1.3834778e-05 1.5597685e-05 0.025128884 7.655976e-07 0.0041244985 2.1999608e-06 3.9610548e-08 2.1957028e-07 2.2557101e-08 0.00025848136 5.3653107e-08 1.8464589e-06 0.00406487 0.0027478854 4.185294e-09 5.400317e-09 2.1872518e-08 2.884243e-09 1.4194489e-05 1.3071575e-07 8.656762e-05 0.00089815725 3.672575e-09 1.393204e-07 2.409595e-09 1.0989623e-05 4.3015818e-05 6.5121334e-05 1.3420455e-08 2.3527746e-10 0.00022080827 1.975294e-08 9.714911e-07 6.641239e-05 8.8997386e-11 0.016267708 1.6385752e-09 0.00010168379 1.7122271e-06 5.187358e-12 4.6585045e-11 5.4380405e-05 3.405694e-11 1.457972e-06 8.3405616e-10
0.98171806 0.79917705 0.70655817 1.6741666e-16 0.075733766 0.6260648 0.70028114 0.5491649 0.3030595 0.73695594 0.004000494 0.15323128 0.023457361 0.36199605 0.007591799 0.02362491 0.108511634 0.062197357 0.000579869 0.06640653 0.056484956 0.030636473 0.049743667 0.002272286 0.0004945361 0.0042920895 0.0016557314 0.0015376421 0.0009694809 0.0006197607 0.000989027 0.025246538 0.00016492968 0.00037687772 0.00073346327 0.018469768 0.00021896773 0.0072492757 0.0008949522 0.113163136 0.019017305 3.3016553e-05 0.02911597 0.00068815297 0.00027030657 3.8398695e-05 0.00012643063 3.2085586e-06 0.0001548743 0.00083659164 0.015045724 1.7063725e-05 0.0024822354 0.0016091614 2.8010484e-06 0.00010787805 1.0731743e-05 8.698769e-05 0.03976157 2.1260628e-05 0.0034569472 5.6536104e-05 7.0176934e-06 2.5475336e-05 1.4252055e-07 0.0010436876 1.0344822e-06 4.9153256e-05 0.0027368567 0.008229012 3.745889e-07 3.674309e-07 1.6210931e-06 1.4836831e-07 7.129032e-05 2.7738567e-06 0.0003188804 0.0015989557 5.319546e-07 6.8223308e-06 1.2806835e-07 4.6729976e-05 4.3530636e-05 0.00024191194 1.9847629e-07 1.1675606e-06 0.0010007183 7.4315875e-07 1.413249e-05 0.000118042255 1.10020535e-08 0.0059387535 3.839157e-08 0.00035200766 1.8155115e-05 6.9597376e-11 2.2765478e-08 0.00022070238 1.1638385e-08 7.784952e-06 5.87865e-09
0.98932844 0.73169804 0.52129793 0.075733766 8.452891e-18 0.0035982542 0.00405684 0.0011085807 0.0009595299 0.11624073 0.7276022 0.0019158378 0.00048557442 0.5688452 0.00043763465 0.005967925 0.006510727 0.03212865 0.52027905 0.012048403 0.35138363 0.0002541776 0.034431566 7.797564e-05 3.3313527e-06 3.0335537e-05 0.00021622668 4.6890354e-06 1.055364e-05 2.034246e-07 1.0768697e-06 0.017059276 3.6659421e-06 7.7107956e-08 9.042818e-06 0.02255562 1.6740722e-07 0.002123687 1.3939683e-05 0.32087022 0.07059697 2.3784514e-07 0.28636438 8.089781e-06 2.4461651e-06 6.6941936e-09 9.726684e-07 3.975155e-08 4.565954e-07 5.9864105e-05 0.08914596 8.357164e-08 0.00096183544 0.000223662 2.248425e-08 5.6595686e-06 1.6757708e-08 4.7436268e-07 0.01226515 1.1977097e-06 0.008975922 9.3229886e-07 6.204407e-08 4.6759485e-09 8.594647e-09 0.0005199923 9.6489885e-08 5.3867086e-07 0.006994836 0.013967403 1.496766e-08 6.117156e-09 9.4429384e-07 8.196111e-09 6.2361983e-06 1.3342025e-06 1.4842679e-05 0.0014687227 2.5238855e-09 2.1131628e-08 4.8969067e-08 6.8942563e-06 6.888858e-05 0.00026785463 7.469569e-08 7.985491e-09 0.0007365995 3.2816803e-09 4.1411663e-06 0.000281615 2.0549935e-10 0.027898552 1.148852e-08 0.0006056636 4.7790927e-06 6.91972e-12 5.7679767e-11 0.0002628668 1.1039485e-09 3.2911476e-06 6.300166e-08
0.9497431 0.22120245 0.15663072 0.6260648 0.0035982542 5.2825656e-18 0.933496 0.6583534 0.74477935 0.37794665 0.0006520582 0.7376785 0.07225919 0.10839139 0.38461217 0.032974478 0.49607858 0.13926707 0.00021727677 0.33748624 0.14284085 0.020362664 0.046068594 0.0016740275 0.00016973754 0.016354213 0.0015512981 0.0027326564 0.00020051819 0.00048032048 0.00033547188 0.013211346 0.00023222771 0.00052607316 0.07920793 0.0868574 3.0713298e-05 0.22742252 0.037191328 0.017213836 0.0069118678 1.21280655e-05 0.0013312773 0.000807804 0.018603416 7.2986036e-06 0.029075949 5.966965e-06 0.0003081086 0.0019575537 0.0031245037 2.3723408e-06 0.12924616 0.10722759 8.556201e-07 0.028680645 6.8391046e-06 9.003033e-05 0.014233035 0.0033921632 0.002365118 0.00074013794 7.293736e-07 1.0260286e-06 5.321608e-08 0.14547803 1.5872629e-06 4.1318977e-05 0.00051869143 0.06856034 6.9836574e-08 7.623695e-08 0.00030276075 3.3096736e-08 0.0002200645 0.00011958528 0.00071081804 0.0002681923 2.4203192e-08 4.6176967e-07 1.3049493e-07 0.00019126172 0.010574733 0.03422648 8.577583e-05 9.433558e-09 0.01727587 1.600997e-08 1.1153309e-05 0.012632778 6.905409e-10 4.863827e-05 3.9883274e-10 0.004763795 0.0009754218 5.549615e-10 1.876233e-09 0.006573726 4.1601972e-10 0.00139343 6.741192e-09
0.89397293 0.23577003 0.3715748 0.70028114 0.00405684 0.933496 1.962581e-20 0.64084095 0.8845604 0.46221736 0.0032546076 0.6881373 0.045582436 0.1172649 0.3446865 0.04553902 0.32321155 0.120809406 0.0007789957 0.12643601 0.025226174 0.04897603 0.05740421 0.0023691813 0.0005204611 0.0069192476 0.0045800908 0.004485182 0.00090953 0.00074280985 0.0025539557 0.021413615 0.000875501 0.0005141232 0.01434394 0.010044655 6.8066394e-05 0.030010372 0.0037622615 0.014732651 0.0020833618 5.9417896e-05 0.0006341921 0.0012483483 0.0018563216 7.2351654e-06 0.0031897558 6.006325e-06 0.00038261196 0.00063334435 0.0006812939 4.95481e-06 0.015204774 0.01819611 2.1487815e-06 0.0040177624 1.6988208e-05 0.00014801213 0.018270776 0.00029441342 0.00027329053 0.00010109406 5.098763e-07 1.3456097e-06 1.4445669e-07 0.01546333 1.6282281e-06 2.398867e-05 7.8060904e-05 0.0042404328 4.366528e-08 4.4014463e-08 2.9895991e-06 2.041054e-08 2.545712e-05 1.3751846e-06 0.00012903458 2.8889399e-05 4.2088133e-09 1.9164569e-08 5.586843e-09 3.4734323e-05 0.0010874599 0.0019374581 5.929138e-07 7.7170403e-10 0.0011580399 1.5563509e-09 3.103402e-07 0.0005634946 6.1246597e-10 2.1074224e-05 8.3385265e-10 0.00041569836 0.00022147727 6.816798e-11 1.1854052e-10 0.00037625284 1.5280098e-10 8.348359e-05 1.0943532e-09
0.97869295 0.05508351 0.08572529 0.5491649 0.0011085807 0.6583534 0.64084095 2.1859553e-19 0.90821 0.822022 0.0008664216 0.18249893 0.30273002 0.2784537 0.3703435 0.40208954 0.04293623 0.46716684 3.5317094e-05 0.018980904 0.003408751 0.11867268 0.25295353 0.01763906 0.0023784381 0.021013256 0.02178523 0.011343107 0.002467102 0.0034457908 0.004934667 0.0875422 0.0017218696 0.0010860871 0.013298232 0.0006896963 0.00036471468 0.003618606 0.009542822 0.05738367 0.00028648277 0.00012194703 0.00018862038 0.002976655 0.0015994513 6.8254645e-05 0.0009126623 5.403353e-05 0.00052846165 0.0037618703 0.00010971669 1.9764484e-05 0.0033344394 0.004456394 1.2095608e-05 0.00065365987 5.3677755e-05 0.000797272 0.0786931 9.1603564e-05 2.3888037e-05 8.518822e-05 7.116951e-06 1.0319396e-05 1.013233e-06 0.0043808757 4.271136e-05 0.00016307316 3.4209436e-06 0.00072146184 4.0724998e-07 3.1665587e-07 9.381868e-06 3.5007648e-07 8.631774e-05 1.6287166e-05 0.00036614 7.996589e-07 1.9612114e-07 2.6779944e-06 6.7857136e-06 0.00067214144 0.00021337297 0.00047868112 6.2980394e-06 1.5565053e-07 0.00042820722 1.1586253e-07 1.8240866e-05 0.00039062908 8.621737e-09 3.9168887e-07 5.011351e-08 0.00030277175 8.1879174e-05 1.1181643e-08 9.081929e-09 0.00032064389 3.1948257e-09 6.6639324e-05 1.1797449e-08
0.93522567 0.02814601 0.038733065 0.3030595 0.0009595299 0.74477935 0.8845604 0.90821 1.0641355e-18 0.37764496 0.00051549834 0.5334011 0.6508641 0.062049203 0.8661367 0.25518134 0.12238944 0.2586474 0.00014374765 0.043605786 0.008080653 0.4100972 0.111710384 0.016508097 0.0031864403 0.08895613 0.017796656 0.026724238 0.0030045107 0.0069233696 0.010522131 0.04286974 0.0027262608 0.0032268048 0.1343391 0.003860842 0.000601318 0.017249357 0.06428433 0.0132784825 0.0008976842 0.00060830265 0.00021858695 0.0070569324 0.023872143 0.00019761985 0.029360242 0.00023492235 0.0019416857 0.010792463 0.00016807375 0.00011711951 0.025156323 0.041420307 7.904315e-05 0.022017742 0.00039169725 0.00081883586 0.0329362 0.0045943987 0.00013279748 0.0015728488 3.282185e-05 2.8746732e-05 3.0342583e-06 0.043187164 0.000101403835 0.0009594081 3.552301e-05 0.0038687515 1.5876127e-06 9.878e-07 0.0006059091 6.6195116e-07 0.0009000068 0.0001664853 0.004380719 1.9242523e-05 1.7149749e-07 4.2020815e-06 2.5872555e-06 0.00058217556 0.003995716 0.0045406516 0.00037954177 7.545663e-08 0.0032063932 8.889912e-08 7.756646e-05 0.003374221 1.0024518e-08 1.7097288e-06 9.063327e-09 0.0015163671 0.0010010462 1.25699655e-08 1.6247232e-09 0.0018231857 2.3369744e-09 0.0011260164 4.107538e-09
0.9905923 0.1482529 0.2634256 0.73695594 0.11624073 0.37794665 0.46221736 0.822022 0.37764496 1.423727e-17 0.024412548 0.12718858 0.3090469 0.48621544 0.031005967 0.64499134 0.070782766 0.6836923 0.002318481 0.025420956 0.020266432 0.22222662 0.4377515 0.23693277 0.048789036 0.017962273 0.046182774 0.038067542 0.030723985 0.016977195 0.09850818 0.1019406 0.011510642 0.0038119715 0.0018716278 0.0031319528 0.003946343 0.0024950658 0.0020585353 0.23525621 0.0023459056 0.0030751287 0.0035253915 0.0025487244 0.00057638215 0.0013645539 0.00014749274 0.000489171 0.0011298426 0.0013842736 0.002734467 0.00054428866 0.0011375644 0.0012833423 0.00017900896 0.0002704422 0.0014292768 0.00041173786 0.08024164 1.0103349e-05 0.0010158349 2.3742701e-05 0.00010744928 4.8893173e-05 1.1668832e-05 0.000593356 1.4134728e-05 0.00065568055 0.00049616216 0.0033207336 2.3860907e-06 1.5086117e-06 2.7100627e-06 8.3287006e-07 1.6472146e-05 1.9494923e-06 9.486987e-05 0.00047478298 6.338431e-07 2.7078322e-05 9.0029556e-07 6.5685126e-05 9.585699e-05 0.0004393509 2.8582005e-07 1.2199134e-06 0.0007120678 1.5838049e-06 1.4429354e-05 0.00018352564 3.339948e-08 0.00080080633 9.757719e-08 0.00011811162 1.3501917e-05 8.678733e-11 5.6722932e-08 0.00019742642 1.0828528e-08 2.4320745e-05 6.8021277e-09
0.8008602 0.029711451 0.014861561 0.004000494 0.7276022 0.0006520582 0.0032546076 0.0008664216 0.00051549834 0.024412548 2.2887138e-18 0.00079725386 0.00038639523 0.14091718 0.00047335948 0.0022799484 0.0016471181 0.0041931095 0.99192315 0.0033542952 0.04390285 0.00024121508 0.006273262 3.673192e-05 1.2885044e-05 4.3945915e-05 0.0002331671 7.671517e-06 1.2918498e-05 8.428914e-06 6.653978e-06 0.007084079 4.228342e-05 1.0534961e-06 2.069895e-06 0.0026969593 5.3033996e-06 0.00069692935 3.2230557e-06 0.2155786 0.010668274 3.9893175e-06 0.05136455 2.8336094e-06 6.722183e-07 7.444966e-07 5.1965765e-07 7.145467e-06 3.582751e-07 7.5125627e-06 0.012661308 2.6414841e-06 0.00026640456 8.685846e-05 5.0825656e-06 2.8101175e-07 3.1668938e-07 3.0745314e-06 0.0018227998 2.5978213e-07 0.0017344751 2.8185076e-07 7.9909165e-07 4.2698082e-07 2.4882743e-06 3.149957e-05 2.3215e-06 7.6994314e-07 0.0018192396 0.0020757376 3.5573996e-07 2.7160593e-07 1.0821515e-07 3.8347966e-07 1.377885e-06 1.8123008e-07 1.4860929e-06 0.0003203401 9.821878e-08 6.1079135e-08 1.491464e-06 3.0026558e-05 6.6461394e-06 3.1777246e-05 1.786382e-08 2.7021545e-07 0.00010774583 1.1370624e-08 2.6254847e-07 3.1783838e-06 2.2156657e-08 0.011274971 1.999844e-08 2.3320232e-05 5.6458305e-07 3.1185018e-10 5.789685e-09 4.317736e-06 2.3053643e-09 8.1023586e-08 5.107297e-08
0.9846554 0.14968686 0.05124012 0.15323128 0.0019158378 0.7376785 0.6881373 0.18249893 0.5334011 0.12718858 0.00079725386 3.2714954e-19 0.05726815 0.09244001 0.7318113 0.041691277 0.89308035 0.12735562 0.00019725927 0.6351753 0.13724326 0.040773448 0.039390795 0.0022979476 7.0780006e-05 0.016201297 0.0018383423 0.0015335701 0.00015930546 7.8344914e-05 0.00011072389 0.0152163 3.132289e-05 5.75123e-05 0.19536094 0.06567662 4.4478384e-06 0.27304688 0.045868874 0.021222167 0.0049271225 5.290579e-06 0.0005254441 0.00043190352 0.047942042 3.0547375e-07 0.07890639 1.6520908e-06 9.7541015e-06 0.00080590113 0.000638295 2.4498072e-06 0.17884229 0.26397812 6.297322e-07 0.088257916 5.808029e-07 1.9366757e-05 0.00910601 0.009601198 0.0033313534 0.0023141846 6.008344e-07 2.3849555e-08 5.795599e-08 0.2071346 4.225099e-06 5.100522e-06 0.0001802635 0.054677244 2.8098853e-08 2.455725e-08 0.0011440339 9.936021e-09 0.00016606334 5.9629805e-05 6.447895e-05 0.00018285096 4.760949e-09 3.2802305e-08 1.6076541e-06 0.0006028051 0.027806243 0.047599327 0.00048673045 1.1697427e-08 0.02709551 2.329991e-09 3.9180786e-06 0.023773331 3.88521e-09 2.5952138e-05 6.361925e-10 0.0073448746 0.006354732 3.11436e-09 4.995249e-09 0.0076564513 2.0840858e-09 0.0035096586 2.8802054e-07
0.97670424 0.005308797 0.007844457 0.023457361 0.00048557442 0.07225919 0.045582436 0.30273002 0.6508641 0.3090469 0.00038639523 0.05726815 5.2991336e-19 0.118604414 0.6547794 0.8293592 0.033222985 0.47482693 6.613385e-05 0.008035969 0.00018142004 0.9324909 0.28947848 0.33632663 0.11133858 0.27142435 0.2559321 0.35492128 0.118086345 0.24610962 0.32486084 0.15849547 0.03506403 0.06798808 0.033582766 3.6963917e-05 0.025115715 0.00063193863 0.105189405 0.06601979 2.7284455e-05 0.007533441 5.500151e-06 0.02825693 0.017061962 0.013378218 0.003980776 0.0006476719 0.012760089 0.009079103 2.1778626e-06 0.0020131445 0.0016538833 0.0033205245 0.0004578966 0.0026554128 0.0074296147 0.014768269 0.0992605 0.0010254227 2.951083e-06 0.0015434902 0.00028457912 0.0003782844 4.4572924e-05 0.003751329 0.0013964925 0.0034330986 1.1299012e-06 0.00023622312 4.8513307e-06 4.489397e-06 0.00061323325 1.444529e-06 0.000814085 0.00047802215 0.0011117427 1.8085032e-06 1.0103778e-06 2.0757472e-05 0.00025430878 0.0082776975 0.0013670601 0.0018824927 0.0002562931 8.5926393e-07 0.00031932897 8.128871e-07 8.9443856e-05 0.0010729829 6.9612355e-08 1.552137e-07 5.161737e-08 6.76228e-05 0.0016574218 6.1730527e-09 4.6368463e-08 0.00031197962 1.3166228e-08 0.001124142 4.2983254e-07
0.99550205 0.3293469 0.39820817 0.36199605 0.5688452 0.10839139 0.1172649 0.2784537 0.062049203 0.48621544 0.14091718 0.09244001 0.118604414 6.072973e-15 0.021425623 0.11146651 0.07277787 0.080562405 0.04404361 0.061154194 0.26527002 0.033640344 0.17771377 0.046321023 0.011934746 0.012541684 0.015296547 0.016453244 0.011259766 0.010952038 0.019145967 0.04598353 0.012197733 0.003605009 0.00071719766 0.03005033 0.004649079 0.010195632 0.0035347843 0.5665492 0.135667 0.0022570188 0.5914886 0.0014738195 0.0003363532 0.0037151119 0.00013164207 0.0006311331 0.00025360886 0.00091762043 0.1158446 0.00039182318 0.0033497592 0.0006623355 0.00016504138 0.00016024483 0.0005658689 5.58994e-05 0.07138824 2.1956419e-05 0.0103800045 1.9019957e-05 0.00016334586 0.00071193004 0.00010394337 0.002084289 6.172768e-06 4.2440737e-05 0.0072631193 0.014643068 3.06677e-05 2.3860397e-05 5.8164746e-06 1.9849125e-05 2.1353571e-05 2.3317609e-05 0.00031295285 0.0023702367 6.965741e-07 2.686602e-06 2.0391039e-07 1.3600696e-06 5.3320047e-05 0.00051000045 3.9625056e-06 3.0418246e-07 0.0023905416 1.2301199e-07 0.00012268157 0.00024521074 1.6390416e-08 0.122873604 1.06265674e-07 0.0007503526 5.3805243e-06 5.4625835e-11 1.0885081e-08 0.00050796126 8.599533e-09 1.0957286e-05 1.0899775e-07
0.9858582 0.0069004768 0.005060972 0.007591799 0.00043763465 0.38461217 0.3446865 0.3703435 0.8661367 0.031005967 0.00047335948 0.7318113 0.6547794 0.021425623 9.980125e-20 0.09847431 0.0868754 0.23024762 3.9521256e-05 0.026169052 0.0019058696 0.6468935 0.048984595 0.036396876 0.0056875506 0.7464108 0.014833396 0.13524422 0.00894294 0.023616346 0.018484628 0.021364518 0.0016822985 0.010049733 0.85149556 0.0017967592 0.0012073263 0.013853421 0.70822513 0.015216495 0.00019212131 0.0004968136 7.3059615e-05 0.021612806 0.46740484 0.0004464401 0.47630265 0.000101545214 0.0060844617 0.035921987 5.6407393e-05 0.0001984342 0.03528092 0.102813125 5.544144e-05 0.20022458 0.00024748984 0.00067832397 0.0146233 0.16046228 5.7680714e-05 0.06736523 5.1283896e-05 3.775189e-05 1.8675028e-06 0.05514711 8.981114e-05 0.00052427483 7.247478e-06 0.0015313918 7.6859624e-07 3.613669e-07 0.025520623 1.06317174e-07 0.00668056 0.0026210758 0.009180598 3.3768636e-06 8.422565e-08 1.024014e-06 5.735726e-06 0.0017067713 0.026025547 0.0076880157 0.018060628 1.2840465e-07 0.0005852067 2.0918318e-07 4.259779e-05 0.0038168265 2.7449255e-08 6.1894764e-07 4.7720604e-08 0.00027319643 0.019256858 5.459618e-10 6.7105475e-08 0.0005983922 6.5456613e-09 0.0031318574 1.17941696e-07
0.9718227 0.006128445 0.013237618 0.02362491 0.005967925 0.032974478 0.04553902 0.40208954 0.25518134 0.64499134 0.0022799484 0.041691277 0.8293592 0.11146651 0.09847431 1.3567263e-19 0.021878064 0.83825797 0.000177098 0.0043384135 0.0009476114 0.19626682 0.562491 0.8056215 0.4666079 0.049682375 0.46720192 0.1216878 0.30753207 0.07579145 0.45141745 0.40939313 0.11931315 0.019437987 0.006373954 7.7613295e-05 0.03173741 0.00040535006 0.013176763 0.1479773 0.0003327289 0.03232944 0.00019777767 0.008134781 0.0017009646 0.013922785 0.00023532147 0.0027466398 0.0058215777 0.0031399752 3.615258e-05 0.0022881986 0.00035109106 0.00051796035 0.0006812656 0.00011049835 0.009386012 0.010157143 0.18706664 2.0635378e-05 6.269921e-06 6.95733e-05 0.0004075492 0.0003627425 0.00019748458 0.0011326644 0.0007173098 0.00244068 8.9944815e-06 0.0003849729 2.0340949e-05 2.0509206e-05 1.2286638e-05 3.5636017e-06 5.4118827e-05 7.3103765e-06 0.000985948 1.2436609e-06 4.700627e-06 8.016435e-05 3.5169076e-05 0.006570755 0.00090574485 0.0015077302 1.710891e-05 2.383023e-06 0.000570104 9.428258e-06 0.00014907928 0.00075663923 4.643305e-07 2.6383498e-06 4.7181135e-07 5.9081915e-05 0.0011620731 4.0844157e-08 2.4910534e-07 0.00042298588 6.5595e-08 0.0011154427 1.1000963e-06
0.89874494 0.27301887 0.0836618 0.108511634 0.006510727 0.49607858 0.32321155 0.04293623 0.12238944 0.070782766 0.0016471181 0.89308035 0.033222985 0.07277787 0.0868754 0.021878064 1.9598053e-20 0.045143325 0.00091541477 0.9729079 0.39775902 0.017339427 0.032771744 0.002156656 2.8787254e-05 0.0058079693 0.0008910263 0.0017345751 0.000124445 0.00017750752 3.29753e-05 0.009000952 6.679095e-05 8.9481306e-05 0.012520734 0.21385248 1.29242535e-05 0.30992156 0.0041491264 0.009378953 0.020546678 1.6166714e-06 0.0014528186 0.00026726825 0.002256626 4.870622e-07 0.005595628 5.5175456e-06 4.9245946e-06 0.00033284092 0.003163664 1.6161597e-06 0.09862316 0.07011047 1.1882361e-06 0.010309659 5.3570384e-06 5.238623e-05 0.0051084473 0.0006252399 0.010141313 0.00027533865 8.1179167e-07 2.863449e-07 5.14325e-07 0.0776533 2.4501986e-05 5.412473e-06 0.0012265817 0.06431432 4.8487425e-07 4.6296557e-07 0.00010546351 4.6794017e-07 7.403018e-05 3.1231433e-05 7.4924676e-05 0.00037782182 1.8225491e-07 3.635165e-07 3.58085e-06 0.00026381484 0.0066471347 0.013426621 2.6364998e-05 1.7191668e-07 0.016796727 2.4931984e-08 7.5258354e-06 0.0056255604 1.2565381e-07 0.00031422955 3.3071178e-08 0.004653251 0.00060923706 1.1991159e-09 2.1541961e-08 0.0026437324 1.4285455e-08 0.00046635268 4.5564843e-07
0.98285496 0.017510395 0.022213861 0.062197357 0.03212865 0.13926707 0.120809406 0.46716684 0.2586474 0.6836923 0.0041931095 0.12735562 0.47482693 0.080562405 0.23024762 0.83825797 0.045143325 3.569895e-17 0.0005119235 0.024636129 0.029188372 0.18638474 0.8538119 0.41533345 0.16922404 0.07978136 0.34834102 0.17877911 0.09767732 0.17054565 0.17512569 0.4469624 0.08050979 0.06283387 0.010465338 0.0048511433 0.040362213 0.009214808 0.026715701 0.14263473 0.0024045017 0.015320965 0.002147143 0.011745574 0.003245497 0.054696877 0.0010620232 0.0026224973 0.009798762 0.007875486 0.0014074246 0.0029337287 0.0059966617 0.004527573 0.0009307633 0.001274697 0.029642189 0.003016395 0.33011764 0.00026537204 0.0004854612 0.0002095805 0.0010209088 0.004607224 0.0005953721 0.009453076 0.00048041533 0.0039864862 0.00022256217 0.009310515 0.000113912494 7.15119e-05 0.0003194368 0.0001361196 8.542634e-05 5.1867042e-05 0.0007486532 0.00038543393 4.0811592e-05 8.734173e-05 3.8354265e-05 0.0027954003 0.006295629 0.01411616 0.0003119341 3.1889667e-05 0.010802174 7.904643e-06 0.00030812036 0.007351227 2.2964784e-06 0.0002831076 1.7399257e-06 0.00296306 0.003542288 1.8822377e-08 6.967389e-07 0.0049614958 8.7173675e-08 0.002633457 1.3910208e-06
0.5896192 0.02111219 0.011085104 0.000579869 0.52027905 0.00021727677 0.0007789957 3.5317094e-05 0.00014374765 0.002318481 0.99192315 0.00019725927 6.613385e-05 0.04404361 3.9521256e-05 0.000177098 0.00091541477 0.0005119235 1.1567997e-21 0.0019141302 0.06686615 6.3938032e-06 0.00054116116 2.638458e-06 9.378276e-07 9.4823747e-07 1.8312353e-06 1.2036989e-07 4.4662684e-06 7.2999296e-07 1.8784541e-06 0.0005285335 2.3106372e-06 4.3909402e-08 1.4510024e-07 0.004955009 4.0091058e-07 0.00022990709 4.277556e-07 0.12664361 0.040899504 5.156623e-07 0.22205408 9.158927e-08 3.1336075e-08 7.115614e-08 4.2130804e-08 4.9858596e-07 4.436831e-08 1.9395693e-06 0.048814192 2.92944e-07 5.8604193e-05 4.9544037e-06 3.286344e-07 3.308399e-08 2.648947e-09 3.0531403e-08 3.467624e-05 1.3122403e-08 0.0051276293 3.1310627e-08 1.03307684e-07 2.945937e-08 1.3022056e-07 2.1084517e-05 3.8991832e-08 2.5346157e-08 0.0054875673 0.004180151 3.3753953e-08 3.2992993e-08 6.459477e-09 1.2049032e-08 1.5270865e-06 1.9096508e-07 9.691447e-08 0.0011612787 1.6254525e-08 7.629073e-09 6.012566e-08 1.3450015e-06 7.409165e-08 6.761847e-07 1.0855328e-08 6.583525e-09 7.450578e-05 3.2684313e-09 2.8048413e-08 3.3119488e-07 1.3683575e-09 0.11564292 6.481874e-10 9.800639e-06 1.015302e-08 8.254243e-11 4.848758e-10 6.5274594e-07 8.6323787e-10 5.567018e-08 7.1917867e-09
0.8917058 0.28780633 0.050924264 0.06640653 0.012048403 0.33748624 0.12643601 0.018980904 0.043605786 0.025420956 0.0033542952 0.6351753 0.008035969 0.061154194 0.026169052 0.0043384135 0.9729079 0.024636129 0.0019141302 4.40646e-20 0.7572253 0.0038729785 0.015568061 0.00015931031 1.7700573e-05 0.0015381033 0.00028534082 0.00034742107 4.2360953e-05 7.746355e-05 1.77543e-05 0.0060830954 2.68351e-05 5.2452815e-05 0.006289205 0.5821717 5.7566212e-06 0.58525825 0.0013961388 0.009451976 0.07956959 1.0870776e-06 0.0044977474 6.005452e-05 0.0007832825 7.858121e-07 0.0028727946 4.348402e-06 2.5641482e-06 5.253717e-05 0.008067309 1.240135e-06 0.16608432 0.09874654 9.166359e-07 0.010323866 1.6443399e-06 5.7880028e-05 0.0034597788 0.0003097564 0.034150124 0.00010984873 3.720625e-07 4.4791867e-07 8.5113334e-07 0.09526618 2.8754823e-05 2.5044537e-06 0.0031383259 0.13910691 3.494207e-07 2.7364064e-07 4.8529946e-05 3.3872152e-07 2.2760367e-05 7.890867e-06 2.8627808e-05 0.0014145442 1.3597007e-07 2.6801953e-07 2.2500942e-06 0.0001507759 0.0050444966 0.013404232 2.0173975e-05 3.6847364e-08 0.02227091 2.4953772e-08 9.114576e-06 0.0057009095 6.38319e-08 0.0010437971 4.617025e-08 0.0049989102 0.0003448705 9.673746e-10 1.449736e-08 0.002299357 9.591898e-09 0.0002714424 3.3218907e-07
0.9901136 0.5668852 0.1011457 0.056484956 0.35138363 0.14284085 0.025226174 0.003408751 0.008080653 0.020266432 0.04390285 0.13724326 0.00018142004 0.26527002 0.0019058696 0.0009476114 0.39775902 0.029188372 0.06686615 0.7572253 9.691541e-19 0.00017769655 0.0127071 5.1876883e-05 4.521812e-06 3.349219e-05 0.00021850338 1.4656234e-05 1.629122e-05 8.701457e-07 3.1248699e-06 0.002627316 1.19810675e-05 4.913966e-07 0.00038935154 0.8899136 4.284484e-07 0.38892585 8.8372886e-05 0.07629506 0.79839027 1.0496152e-06 0.6032598 2.2670085e-06 8.1684266e-05 6.252294e-08 7.7774675e-05 7.83015e-07 1.9440847e-07 9.825139e-06 0.43615863 2.7650998e-07 0.099598 0.015571731 1.0874317e-07 0.0007165232 1.3773319e-08 8.641836e-06 0.0020016504 1.5745856e-05 0.45558116 1.0988208e-05 5.3125113e-08 3.759639e-09 1.4808921e-08 0.051110517 8.225037e-07 9.073692e-08 0.14425366 0.5125983 4.8616515e-09 3.4778274e-09 1.0106134e-05 2.065002e-09 9.4827865e-06 5.9506388e-06 1.4802039e-05 0.06198521 2.4375615e-09 2.1054586e-08 6.637104e-07 0.00010247643 0.0029010074 0.009788129 1.0920678e-05 9.2963255e-09 0.030626368 1.4476775e-08 3.114564e-06 0.0062999288 1.6757508e-09 0.044532847 3.9425636e-09 0.010604318 0.00014599464 1.1963083e-09 7.6315185e-09 0.0045697116 1.9282034e-09 0.0008469881 1.05701076e-07
0.92040414 0.01826178 0.024599973 0.030636473 0.0002541776 0.020362664 0.04897603 0.11867268 0.4100972 0.22222662 0.00024121508 0.040773448 0.9324909 0.033640344 0.6468935 0.19626682 0.017339427 0.18638474 6.3938032e-06 0.0038729785 0.00017769655 2.710005e-18 0.07835738 0.11725274 0.05728299 0.84716725 0.08510936 0.8854536 0.07990997 0.3570344 0.36264676 0.05044424 0.022329751 0.4336674 0.038014222 0.00010015145 0.05221807 0.0003967554 0.22234705 0.004949339 2.1019909e-05 0.008110717 7.055111e-06 0.1821924 0.01991684 0.03949157 0.004964459 0.0029536032 0.122775644 0.09825536 7.912052e-07 0.004741823 0.0011326006 0.002303836 0.0016648119 0.003666712 0.03382599 0.012669515 0.017023375 0.0013946611 1.5102859e-06 0.0025265494 0.0017306401 0.004052268 0.0005700937 0.0025708869 0.0020323896 0.03432947 4.6888584e-07 0.0003238946 7.406103e-05 9.069665e-05 0.0009255277 3.3468787e-05 0.011468221 0.003052982 0.040292766 1.336828e-07 6.0889983e-05 0.0010573225 0.00049667316 0.005248304 0.0003355372 0.00010716519 0.00034691684 2.6340345e-05 3.059811e-05 0.0002133093 0.0011051886 6.541151e-05 5.675167e-06 1.0100646e-06 2.0383806e-05 2.7264125e-06 0.0010582904 1.8283987e-07 8.54655e-06 1.8403016e-05 1.180678e-06 0.00036093913 4.6577525e-06
0.99360013 0.018255189 0.02484919 0.049743667 0.034431566 0.046068594 0.05740421 0.25295353 0.111710384 0.4377515 0.006273262 0.039390795 0.28947848 0.17771377 0.048984595 0.562491 0.032771744 0.8538119 0.00054116116 0.015568061 0.0127071 0.07835738 6.5457283e-19 0.34137735 0.17408605 0.027929846 0.36349732 0.06789648 0.10333039 0.13090746 0.13582437 0.67605525 0.110217445 0.034366716 0.0015951305 0.0016333614 0.04385111 0.0029538032 0.007594786 0.35319284 0.0018894309 0.024045078 0.0021594428 0.007069673 0.0013456405 0.03862678 0.00036121925 0.0034365037 0.0049113263 0.0057160934 0.001174343 0.00421054 0.0023310473 0.0019344173 0.0017474246 0.0004930984 0.02966912 0.006116574 0.59045804 0.00012763106 0.0005054849 0.00014540771 0.0024471863 0.0043321312 0.00085115817 0.003191113 0.00057502737 0.007259443 0.00017983542 0.003522666 0.0003026958 0.00021927828 6.7545e-05 0.00017338862 0.00011606853 1.9746247e-05 0.00072059 0.00025372644 4.3630796e-05 0.00014159722 4.8688435e-05 0.0024961429 0.0017484631 0.0036607317 3.0976335e-05 0.00010972978 0.005074756 4.2656895e-05 0.00020120225 0.002140287 4.8781976e-06 6.6355664e-05 2.744483e-06 0.0012357086 0.0010761039 3.063237e-08 1.3935716e-06 0.0020986241 1.9358584e-08 0.0007243892 1.4584927e-07
0.98394984 0.00026444235 0.0005421139 0.002272286 7.797564e-05 0.0016740275 0.0023691813 0.01763906 0.016508097 0.23693277 3.673192e-05 0.0022979476 0.33632663 0.046321023 0.036396876 0.8056215 0.002156656 0.41533345 2.638458e-06 0.00015931031 5.1876883e-05 0.11725274 0.34137735 1.363577e-16 0.85189223 0.12157539 0.7561807 0.22287329 0.79645467 0.39510918 0.6224908 0.48032334 0.50279564 0.18487465 0.001113365 2.0250984e-05 0.21404679 4.9572984e-05 0.03567704 0.077269614 3.2109572e-05 0.12780026 8.923039e-06 0.048581276 0.0013703735 0.25345305 5.6899433e-05 0.014178937 0.07588716 0.010057533 2.1548128e-06 0.051111825 7.60841e-05 0.000110675326 0.010596393 2.6953161e-05 0.15150307 0.16282097 0.30948788 9.785893e-06 6.3350114e-07 2.4577645e-05 0.016451841 0.060772132 0.002350862 0.000245793 0.014255639 0.028754104 2.147366e-06 0.00015149382 0.0013163468 0.00086494756 1.3753389e-05 0.0011931906 0.00031602944 2.2786171e-05 0.0079479795 1.9235433e-06 0.00040506525 0.0017133927 0.000587539 0.0406102 5.3961747e-05 0.00013297604 2.7225244e-05 0.0003047625 2.0933408e-05 0.0005492004 0.01182568 1.7038668e-05 4.178751e-06 3.828353e-06 6.5848886e-05 6.015803e-07 0.00026884762 3.1118873e-07 2.307695e-06 7.309603e-06 2.0909874e-06 9.3888e-05 9.1473785e-06
0.9707865 0.000107056614 6.894306e-05 0.0004945361 3.3313527e-06 0.00016973754 0.0005204611 0.0023784381 0.0031864403 0.048789036 1.2885044e-05 7.0780006e-05 0.11133858 0.011934746 0.0056875506 0.4666079 2.8787254e-05 0.16922404 9.378276e-07 1.7700573e-05 4.521812e-06 0.05728299 0.17408605 0.85189223 2.5248654e-18 0.00789828 0.76851773 0.04881573 0.84044886 0.24460702 0.56485677 0.39600495 0.8048224 0.062352967 5.2048745e-05 6.565308e-06 0.40427953 7.5282114e-06 0.0025581582 0.021326162 6.5168074e-06 0.41512305 9.194688e-06 0.020980978 0.00019611245 0.1793058 1.1428588e-05 0.06428341 0.027359303 0.004596522 3.9496348e-07 0.12944405 3.0001196e-05 2.2848382e-05 0.033543766 8.695631e-06 0.13042156 0.3352758 0.3249276 2.5687423e-06 3.2129054e-07 1.2526759e-05 0.06740738 0.043028604 0.0061519817 0.00011493825 0.028738772 0.04227541 1.5049811e-07 9.011443e-05 0.003776929 0.0018184729 1.8180073e-06 0.0022540062 0.0001896058 1.6689823e-05 0.0040190457 1.2664827e-07 0.00091692276 0.0044681537 0.0015892292 0.06189191 3.8191674e-06 9.551839e-06 2.1152862e-06 0.0011165634 1.3908862e-05 0.0013661823 0.008683826 1.7130617e-06 5.3326e-05 2.3083145e-07 0.0001551475 9.2747365e-07 7.976801e-05 1.7890655e-06 4.4994198e-05 2.2298686e-06 1.4784777e-06 1.2288443e-05 1.1392754e-05
0.9579468 0.0064767776 0.0045543215 0.0042920895 3.0335537e-05 0.016354213 0.0069192476 0.021013256 0.08895613 0.017962273 4.3945915e-05 0.016201297 0.27142435 0.012541684 0.7464108 0.049682375 0.0058079693 0.07978136 9.4823747e-07 0.0015381033 3.349219e-05 0.84716725 0.027929846 0.12157539 0.00789828 1.4447351e-18 0.019799042 0.75870043 0.016624147 0.2187959 0.041471563 0.008842939 0.0037698522 0.3764866 0.11536529 1.633344e-05 0.010807428 0.00020775982 0.82438105 0.00332667 8.938522e-06 0.001533233 9.638196e-07 0.74848074 0.1305041 0.0101459995 0.034883928 0.0005241846 0.552234 0.8419483 7.351349e-07 0.0010966988 0.001131706 0.0035900143 0.00030409909 0.009272863 0.033985894 0.018233024 0.0055134334 0.012747574 3.0002755e-06 0.018541384 0.0002532328 0.0015601377 0.00014961109 0.0029095816 0.0024176575 0.01860682 1.0358505e-06 8.938434e-05 2.5726662e-05 2.0795635e-05 0.005893041 1.5464027e-05 0.10898265 0.019703865 0.44316125 6.746169e-07 1.0303131e-05 0.0001435141 0.00013043576 0.00702824 0.0003807332 0.000121359524 0.0024454375 1.2542204e-05 1.1514039e-05 1.1544121e-05 0.0034392378 1.5640211e-05 1.1294962e-06 7.6310744e-07 4.4377794e-06 4.2703355e-06 0.0024748477 3.821096e-09 1.7016135e-06 9.253105e-06 1.209961e-07 0.00013459202 1.7342187e-06
0.98649055 0.00077427033 0.000676496 0.0016557314 0.00021622668 0.0015512981 0.0045800908 0.02178523 0.017796656 0.046182774 0.0002331671 0.0018383423 0.2559321 0.015296547 0.014833396 0.46720192 0.0008910263 0.34834102 1.8312353e-06 0.00028534082 0.00021850338 0.08510936 0.36349732 0.7561807 0.76851773 0.019799042 6.9249935e-18 0.11141322 0.5155837 0.30856484 0.43333563 0.718668 0.81570876 0.11736136 0.00025083977 8.293959e-05 0.2378546 0.00018217978 0.0042108377 0.055991016 9.616776e-05 0.36943147 0.00011618757 0.015392282 0.00039858872 0.17075865 6.900108e-05 0.06493177 0.01820479 0.0074875434 2.6088994e-05 0.08199009 0.00017791377 0.00020665086 0.02767228 4.1062227e-05 0.21770817 0.26185855 0.6394823 1.6559372e-05 4.042733e-06 0.00012691422 0.033072054 0.06288904 0.00594366 0.0004838387 0.0054337694 0.04318387 3.985933e-06 0.00046412312 0.004081463 0.0023248997 3.52254e-05 0.0049143555 0.00033407286 4.957743e-05 0.002082076 2.473223e-06 0.0019259489 0.0060240375 0.0006685652 0.05842634 6.8200374e-05 7.422103e-05 8.018448e-06 0.0021336903 0.00012026395 0.0025847487 0.0075318245 2.111758e-05 0.00033261688 1.2246296e-06 0.00040707627 7.1729814e-06 0.0002530334 8.5386155e-06 0.00034574038 1.5740407e-05 4.924207e-05 2.5577237e-05 4.0452265e-05
0.9504714 0.0028057324 0.0017519013 0.0015376421 4.6890354e-06 0.0027326564 0.004485182 0.011343107 0.026724238 0.038067542 7.671517e-06 0.0015335701 0.35492128 0.016453244 0.13524422 0.1216878 0.0017345751 0.17877911 1.2036989e-07 0.00034742107 1.4656234e-05 0.8854536 0.06789648 0.22287329 0.04881573 0.75870043 0.11141322 8.452666e-18 0.094462804 0.7448387 0.27154684 0.047001153 0.03036144 0.869157 0.008073478 1.2660685e-05 0.09006517 6.830296e-05 0.15215106 0.0045905644 1.1113456e-06 0.012345861 7.837681e-07 0.5822118 0.008318615 0.08955634 0.0011726413 0.003117988 0.50233424 0.2235054 3.3954446e-08 0.0071079875 0.00024515015 0.000532452 0.0025944444 0.00073079055 0.227711 0.07022014 0.034647003 0.0002751651 6.8887584e-07 0.0005375918 0.0010664886 0.03288977 0.0012587871 0.0008108883 0.008347193 0.08351073 3.9450626e-08 0.00014072635 0.00015770136 0.00012584805 0.0002671709 9.846061e-05 0.02391423 0.0017932106 0.16409186 1.0595036e-07 4.222213e-05 0.00084721507 0.0017568999 0.01775122 2.9980461e-05 2.0648311e-05 0.00015563889 5.6714693e-05 5.2853748e-06 0.00010103432 0.03438236 3.1402672e-06 4.580248e-06 1.1193641e-07 6.6627854e-06 5.055665e-07 0.00010883578 1.485929e-07 8.578879e-06 3.9901847e-06 2.7034895e-07 4.140544e-05 2.9041475e-06
0.9461637 0.00016058922 0.00023568084 0.0009694809 1.055364e-05 0.00020051819 0.00090953 0.002467102 0.0030045107 0.030723985 1.2918498e-05 0.00015930546 0.118086345 0.011259766 0.00894294 0.30753207 0.000124445 0.09767732 4.4662684e-06 4.2360953e-05 1.629122e-05 0.07990997 0.10333039 0.79645467 0.84044886 0.016624147 0.5155837 0.094462804 5.190604e-16 0.41074553 0.83481044 0.19205628 0.69690603 0.12789468 0.00013449093 4.1869076e-05 0.7327479 3.3192657e-05 0.0035060407 0.014302613 1.5427895e-05 0.46922666 1.3610384e-05 0.032289445 0.0003231606 0.37138674 2.9719648e-05 0.084751114 0.03822411 0.006261651 2.2858003e-06 0.2564458 0.00010307225 0.00014858619 0.05453475 1.8406736e-05 0.21652967 0.22297348 0.124279976 1.0633919e-05 6.181711e-06 3.3501423e-05 0.11357642 0.09261663 0.015531086 0.00025670652 0.042469185 0.05411825 3.1782658e-06 0.0001602129 0.009667674 0.0056219534 3.9676406e-06 0.0066484157 0.00016088843 3.1234802e-05 0.005309066 4.768831e-06 0.00091340765 0.004344798 0.0019883658 0.039137226 3.5230034e-05 0.00016279487 2.3042347e-05 0.00092588254 0.00010496172 0.0008172646 0.0073183123 1.7195869e-05 0.00015003704 6.5758076e-07 8.6076565e-05 5.752083e-06 0.0001398451 4.540915e-07 4.2976495e-05 2.0164607e-05 2.9984878e-06 9.249403e-05 1.0339738e-05
0.97629714 0.00090585067 0.000442874 0.0006197607 2.034246e-07 0.00048032048 0.00074280985 0.0034457908 0.0069233696 0.016977195 8.428914e-06 7.8344914e-05 0.24610962 0.010952038 0.023616346 0.07579145 0.00017750752 0.17054565 7.2999296e-07 7.746355e-05 8.701457e-07 0.3570344 0.13090746 0.39510918 0.24460702 0.2187959 0.30856484 0.7448387 0.41074553 1.2458074e-15 0.6511322 0.11392436 0.17412892 0.8688654 0.00091406127 1.0421425e-06 0.5685316 2.9752669e-06 0.06504975 0.010805403 9.44528e-07 0.09580952 9.0117084e-07 0.23597853 0.0053333403 0.55044127 0.00011896217 0.015762236 0.2918868 0.060070787 1.4790382e-07 0.09339641 2.2488532e-05 6.6097404e-05 0.012003107 5.8563415e-05 0.65883344 0.31096813 0.077208616 8.7205226e-05 7.809746e-07 0.0003860264 0.021983678 0.3888103 0.012887037 6.225244e-05 0.08152862 0.2922841 2.3244739e-07 3.8888134e-05 0.0016683228 0.0007053517 7.722611e-05 0.00196007 0.01741845 0.0018050289 0.091100864 8.1000917e-07 0.00026520455 0.009720157 0.01024098 0.076610304 8.314737e-06 6.917406e-06 7.2605224e-05 0.0001920649 2.7998199e-06 0.00067439576 0.097963534 1.6285418e-06 2.3428725e-05 5.726514e-07 4.0386465e-05 7.811608e-07 0.0001604066 1.8526589e-06 1.2177915e-05 4.7864637e-06 7.2245607e-06 4.5033048e-05 8.709286e-05
0.9478937 0.00025028564 0.00017784556 0.000989027 1.0768697e-06 0.00033547188 0.0025539557 0.004934667 0.010522131 0.09850818 6.653978e-06 0.00011072389 0.32486084 0.019145967 0.018484628 0.45141745 3.29753e-05 0.17512569 1.8784541e-06 1.77543e-05 3.1248699e-06 0.36264676 0.13582437 0.6224908 0.56485677 0.041471563 0.43333563 0.27154684 0.83481044 0.6511322 7.0731155e-18 0.1590701 0.40005204 0.30261847 4.3791457e-05 5.329506e-06 0.87180907 3.704775e-06 0.0046129744 0.015074011 4.015199e-06 0.3375283 4.3869227e-06 0.08005689 0.00023763986 0.66593003 1.0375179e-05 0.08851443 0.088605076 0.016558986 3.889981e-07 0.27699447 1.579885e-05 1.3930713e-05 0.067726575 6.3192288e-06 0.54423267 0.30050245 0.09155483 8.443106e-06 2.3381374e-06 1.6955139e-05 0.18939777 0.2562759 0.028363781 6.3052124e-05 0.06685949 0.18739669 4.9757796e-07 3.1400472e-05 0.015974995 0.010640443 2.1211442e-06 0.01631999 0.00049809105 1.5356305e-05 0.01959518 2.502693e-07 0.0043620486 0.020248111 0.007295313 0.04416983 1.0582278e-06 3.843718e-06 9.037835e-06 0.0041964776 9.175705e-06 0.00558986 0.028924776 3.6004337e-06 0.0003855468 1.8272063e-07 0.0009933346 2.798629e-06 1.099301e-05 9.609781e-07 0.00036541166 9.056868e-06 3.8502832e-05 9.310785e-06 4.0800576e-05
