1.61485605e-27 0.38889128 0.21760169 0.025319725 0.012489401 0.007821763 0.011841558 0.072560206 0.0036732343 0.033420123 0.10750281 0.0008379619 0.84028035 0.03713678 0.254327 0.5780331 0.23880894 0.010192137 0.25140345 0.89382935 0.0007947298 0.7171068 0.39121926 0.002554801 0.0107507 0.028691037 0.008828845 0.58111745 0.2713598 0.90029997 0.94360846 0.614592 0.94517773 0.8969784 0.9140236 0.2528548 0.93948996 0.4829174 0.33285627 0.43426463 0.85495543 0.95687133 8.341514e-05 0.14079347 0.7978913 0.96502167 0.002292306 0.9333963 0.48417062 0.09596859 0.810865 0.9841877 0.0911752 0.8399766 0.6907211 5.851038e-05 0.03244949 0.013856085 0.96993196 2.0820826e-06 0.8367872 0.470424 0.6301786 0.9711903 0.0031462042 0.98301715 0.0012254219 0.6261084 0.9733221 0.9081418 0.47972828 0.004593104 0.8583857 0.0015343403 0.9061893 0.9850727 0.17428769 0.97676194 0.963384 0.019390043 0.9224388 0.9932556 0.0022963297 0.99802357 0.99945295 0.0003144037 0.9922241 0.9940271 0.00055507093 0.01173955 0.99333334 0.10370417 0.89581746 0.13780633 0.9997358 0.988445 0.99989015 0.9664886 0.9996236 0.9946938 0.99543434
0.38889128 8.756822e-17 0.9737018 0.67173886 0.5008241 0.4105646 0.34901482 0.49314362 0.21341883 0.22030936 0.11323188 0.101445355 0.6383681 0.05047062 0.05576604 0.121558465 0.11139896 0.04869068 0.008500903 0.34842968 0.027252233 0.021569714 0.005666296 0.033047125 0.0029976617 0.0061475686 0.0031458233 0.005942841 0.0017228026 0.24270442 0.2860586 0.0017003451 0.10067458 0.022704305 0.16804156 0.00038472482 0.02266797 0.0012218219 0.00035453917 0.00052887504 0.010617883 0.12696408 0.0029449738 0.00093865895 0.00045532873 0.11290233 0.009488504 0.0039657536 0.07401559 0.0026849452 0.042572387 0.081411146 1.858494e-05 0.00018293031 2.8712127e-05 0.00069433975 0.00017928249 0.0009667586 0.02277022 0.00030696418 0.0008028097 3.2839646e-06 1.2475007e-05 0.00085406104 5.485382e-05 3.4490238e-06 2.9831981e-05 0.001992993 0.0028253945 0.0026451838 1.7861581e-05 3.4252284e-05 1.265013e-06 4.3403934e-06 0.0025242793 0.008135876 8.3289854e-07 0.008399157 0.004823839 0.00036061776 0.00316177 0.001246799 1.2150955e-05 0.0021180417 5.807376e-05 0.00037821225 0.0017650011 0.0026602896 5.0487583e-06 0.0010107277 0.0017774436 7.396814e-05 0.0018104732 0.0022203082 0.0005489687 0.0015256368 0.001176411 0.0013728825 0.0011919055 9.191246e-05 4.7135843e-05
0.21760169 0.9737018 4.3127196e-19 0.7496018 0.73750395 0.30453002 0.6888426 0.2612236 0.45973474 0.76803213 0.41865632 0.2272773 0.67451626 0.2529684 0.16045813 0.23988181 0.027998451 0.20946744 0.029375484 0.31135625 0.11039596 0.04966169 0.016603675 0.0057380167 0.0065770247 0.007821371 0.012346437 0.006302062 0.0028029499 0.070476875 0.24680476 0.001547669 0.14394467 0.031275015 0.13806586 0.0004117628 0.064448 0.0006286677 0.0001199755 0.0001700016 0.016965346 0.10056029 0.0050326427 0.00048941484 0.0002751696 0.080735356 0.005360031 0.0052036513 0.002232073 4.405964e-05 0.0040802597 0.048712533 6.4929495e-06 0.0002450625 3.6201436e-05 0.0010480499 8.087529e-06 0.00018646145 0.0033350643 0.00044864244 0.0010585686 6.022477e-06 6.862524e-05 0.0021849861 6.211293e-06 2.3557845e-05 2.4910807e-06 3.9736675e-05 0.0052549075 8.831147e-05 4.7689673e-06 5.6963495e-07 1.3194724e-06 2.862374e-07 0.0004461871 0.0024587365 1.1257274e-07 0.00063623564 0.0009995947 3.6815998e-06 0.00051545876 0.0007326824 2.4440267e-06 0.002159974 0.00010267392 2.4662808e-05 0.00035637818 0.0011127997 3.8937023e-06 3.8249207e-05 0.0009518135 1.1674659e-06 0.00048299963 4.1531675e-05 0.00041515683 0.00038000298 0.00029434043 0.00027436146 0.00021290565 4.8530474e-06 2.387565e-05
0.025319725 0.67173886 0.7496018 5.4378367e-17 0.9233426 0.88344437 0.79718775 0.63014615 0.75531083 0.19322468 0.002804363 0.4673902 0.16225612 0.0015128937 0.0027187495 0.00916193 0.090925604 0.0025257145 0.00029609018 0.10662869 0.027171174 0.0014112483 0.00026148165 0.12550294 0.00042852468 0.00045958074 0.00038974607 0.00016723067 5.9626625e-05 0.1542573 0.08396438 0.00013228101 0.021177214 0.0033426986 0.079162575 4.3073e-05 0.007480584 5.832275e-05 1.884545e-05 2.8243545e-05 0.0016854372 0.041311197 0.0004005571 6.807308e-05 1.4358495e-05 0.04468142 0.00050715404 0.0004705689 0.011966282 0.00065133447 0.015985822 0.009797911 1.0635607e-06 3.820016e-06 1.3336987e-06 0.00012661984 1.2664525e-07 9.266638e-07 0.0046042833 4.1252202e-05 8.487585e-05 9.6884165e-08 5.6722473e-07 4.8942948e-05 7.888274e-09 2.3849407e-07 3.6443165e-08 0.000242479 6.644115e-05 0.00017115283 2.2544273e-07 9.418995e-09 1.5936494e-07 1.3103645e-08 0.0026897416 0.0005595733 2.9035911e-08 0.0007491982 0.0015634584 6.722292e-07 0.004818207 0.0006814687 1.1441314e-07 0.0012093845 5.3359116e-05 3.1142326e-07 0.0016664743 0.00318686 2.3491808e-08 1.4095313e-05 0.0017797173 7.8565023e-07 0.00021585273 1.17337895e-05 0.00025440726 0.00037729435 0.00047348256 0.00033025796 0.00034378507 1.7433498e-05 1.7926915e-06
0.012489401 0.5008241 0.73750395 0.9233426 2.0863565e-17 0.5096056 0.92723763 0.35448414 0.8095275 0.5557491 0.025536703 0.59435165 0.18606417 0.013295513 0.021449123 0.043870255 0.027170368 0.022285284 0.0030415116 0.120238096 0.11263838 0.0089392485 0.002997926 0.03594154 0.002197761 0.0030259795 0.0026434602 0.002304415 0.0009970622 0.06385113 0.111534014 0.00089354126 0.024839807 0.007363284 0.065009095 0.00057463185 0.008442977 0.00053353776 0.00019100582 0.0002620961 0.0033275667 0.04130478 0.0020082765 0.0010446341 0.0001890441 0.023550149 0.001220932 0.0011314319 0.0029818402 0.0006880883 0.006476466 0.007234765 3.4341214e-05 0.00012832272 2.2320864e-05 0.00032800026 1.5936257e-06 7.780799e-05 0.0028791113 5.584255e-05 0.00024399001 5.846918e-06 6.2219056e-06 5.974206e-05 1.6070524e-07 2.3416274e-06 3.950829e-07 0.00095720333 0.00023382778 0.0003250479 3.2358464e-06 1.4128243e-07 2.748724e-06 1.686433e-07 0.0025474243 0.00036883686 6.040533e-08 0.0008202407 0.0014060662 1.0390779e-06 0.0057668863 0.00041318132 9.480638e-07 0.002769473 5.7057663e-05 3.4825352e-06 0.0011893847 0.0028670388 3.0347258e-07 2.0544128e-05 0.0033126362 2.1454111e-06 0.0003623884 1.334263e-05 0.00087750296 0.00081264763 0.00040957297 0.00055214023 0.00031631105 1.2209149e-05 1.9541103e-06
0.007821763 0.4105646 0.30453002 0.88344437 0.5096056 1.162149e-18 0.20728642 0.91055614 0.30669302 0.004051182 0.00013650856 0.20816766 0.013350515 8.3988365e-05 0.0003565725 0.00081066065 0.3589596 0.00010013731 1.5556894e-05 0.012210507 0.0010249065 0.0001207213 1.5473765e-05 0.9592714 4.288237e-05 5.1034287e-05 8.0640355e-05 1.374311e-05 4.5538713e-06 0.10566097 0.008979604 3.9651254e-06 0.0006933561 0.00023376023 0.018724233 3.7971372e-06 0.00083016034 3.6555073e-06 6.761421e-07 1.5653351e-06 7.781726e-05 0.006573288 0.000121608835 1.7475244e-05 4.279978e-06 0.011175233 0.00016513962 2.6600408e-05 0.16423447 0.041131407 0.040133968 0.0018720106 1.1774115e-06 2.9042337e-06 1.2583436e-06 8.284071e-05 8.98152e-08 8.415906e-07 0.0023147198 5.4749766e-05 1.595937e-05 2.505341e-07 3.842437e-07 5.1315724e-06 4.0818664e-09 4.7054304e-08 5.4104006e-09 0.00017891901 1.3692952e-05 0.00028817236 7.767686e-08 3.2777205e-09 4.613108e-08 1.0998444e-08 0.0014853207 0.00015231289 1.1501719e-08 0.00051609974 0.0003391442 1.7448492e-06 0.0014706556 0.00053045485 5.872039e-09 0.0010548534 4.3549615e-05 2.3057657e-06 0.0005631392 0.00099439 7.755036e-10 1.24494545e-05 0.00085436326 3.5996422e-07 0.0002031502 1.2663837e-05 0.000583477 0.00040592084 0.0002269172 0.000191968 0.00027837045 1.6343009e-05 4.4013566e-07
0.011841558 0.34901482 0.6888426 0.79718775 0.92723763 0.20728642 1.171394e-17 0.14838533 0.89257276 0.7775647 0.057552498 0.80940264 0.25360486 0.037230052 0.050327927 0.074155636 0.006840283 0.062069844 0.0095565645 0.1501662 0.37530172 0.020862272 0.008657811 0.0043042824 0.0039379178 0.003596851 0.01078073 0.0032510245 0.0015438221 0.03158345 0.1688041 0.0010244095 0.057450503 0.012765523 0.060449854 0.00044374622 0.013792 0.0002864877 0.00015028063 0.00021920301 0.0023235125 0.043719836 0.005098217 0.00070684793 0.0001591565 0.016186217 0.0013596754 0.000545532 0.00048092642 7.2020695e-05 0.0017980371 0.0053620785 2.6752643e-05 0.000117236625 3.456649e-05 0.00034446045 1.7557525e-06 1.8291401e-05 0.0016169114 0.00012527662 0.00020173272 1.3150662e-05 8.727133e-06 0.00019528157 7.543864e-08 4.331924e-06 1.3292791e-07 0.0005679293 0.00043245335 4.049051e-05 2.9137632e-06 1.3608515e-07 2.6696919e-06 1.7862874e-07 0.003108813 0.00081059884 5.7459147e-08 0.0007377103 0.000884183 6.986322e-08 0.004268424 0.0005401037 5.708237e-07 0.0038986038 0.00014580638 1.7612658e-05 0.0012579495 0.0028595298 6.491779e-08 2.1844005e-06 0.003984177 1.5921978e-06 0.000100224825 2.8858376e-06 0.0019918825 0.00032650126 0.0006692813 0.00033367457 0.00033762696 1.6086979e-05 4.4196054e-06
0.072560206 0.49314362 0.2612236 0.63014615 0.35448414 0.91055614 0.14838533 5.261446e-19 0.18519887 0.015607664 0.0024492315 0.043137204 0.08875127 0.0026548859 0.0038270408 0.009230803 0.9645501 0.0018408098 0.0004105749 0.115530305 0.0020765166 0.0013238457 0.00021229072 0.7632286 0.00042019918 0.00047322316 0.00031782413 0.00013559476 3.2230295e-05 0.40736678 0.05613335 2.9248926e-05 0.005536902 0.0023983696 0.06984384 8.694793e-06 0.011871993 3.302635e-05 5.6751396e-06 1.1229996e-05 0.003454586 0.03665479 0.0004340901 4.0224604e-05 1.2064952e-05 0.04136381 0.0033454683 0.0014130947 0.33534896 0.09225234 0.21275912 0.026517862 2.889955e-06 3.907252e-05 3.1295226e-06 0.0013883789 1.1090592e-05 6.0353366e-05 0.019326568 0.00034654798 0.00017326498 2.827614e-06 1.8925352e-06 5.212952e-05 2.075673e-06 4.8784948e-08 4.5246893e-06 0.010397987 0.0010799165 0.0037933118 2.7688364e-07 3.903462e-06 7.163752e-08 1.696464e-06 0.0033859124 0.0032058537 2.0365054e-07 0.0039041827 0.0024583074 0.0013964885 0.003345336 0.0030305642 6.879059e-06 0.0016088652 0.00012438674 0.00013218026 0.0023501266 0.0022800018 5.0291015e-07 0.00013661731 0.0018371006 5.6049186e-07 0.00062287005 8.291959e-05 0.00046665737 0.00092563103 0.0007238585 0.00015186457 0.0008706015 1.7968703e-05 1.5689368e-06
0.0036732343 0.21341883 0.45973474 0.75531083 0.8095275 0.30669302 0.89257276 0.18519887 1.6859517e-17 0.2938513 0.003973634 0.91771233 0.06253017 0.0031006704 0.0056017344 0.014641321 0.0057291416 0.007082235 0.0006946212 0.0529585 0.16847926 0.0024446892 0.00035500253 0.021841483 0.00068932935 0.00035585792 0.0011389436 0.00041947988 0.00011704916 0.019854182 0.04384977 0.00011495689 0.0054394156 0.001446557 0.024766423 6.105105e-05 0.0021736466 8.007066e-05 2.3641389e-05 3.66614e-05 0.00044559664 0.015427632 0.0021975653 0.00017496748 2.5441588e-05 0.0066493354 0.00027649195 0.00011267269 0.00061607116 0.00018350972 0.0031447418 0.0025257822 5.2454493e-06 1.1386497e-05 2.8342201e-06 0.00013189718 2.1041129e-07 7.4209566e-07 0.0012629199 5.872997e-05 5.5320703e-05 1.5873009e-06 2.6599278e-06 5.886006e-05 8.246321e-09 3.3457042e-07 5.8005977e-08 0.0001750324 6.1186336e-05 1.5708734e-05 8.69386e-07 3.0623024e-08 3.281427e-07 5.698471e-08 0.0028075913 0.000904372 1.0084274e-08 0.00032837206 0.00032656637 4.5379686e-08 0.0036706077 0.0008256631 8.576163e-08 0.0059474 5.2618096e-05 4.0546968e-07 0.0012495911 0.0013936287 9.060216e-09 4.8901866e-06 0.0019740118 4.4011597e-07 4.6338075e-05 4.045695e-06 0.004622555 0.00019625109 0.0005018777 0.00018478169 0.00034806278 2.5775951e-05 1.4903188e-07
0.033420123 0.22030936 0.76803213 0.19322468 0.5557491 0.004051182 0.7775647 0.015607664 0.2938513 1.2807013e-19 0.47223526 0.41943318 0.36334944 0.53134704 0.21059747 0.121732146 0.00020590176 0.7719667 0.050699305 0.093583226 0.86696184 0.05550395 0.11550441 8.719238e-06 0.04368457 0.036130775 0.32367092 0.010221797 0.013247619 0.0018850224 0.13458048 0.0029661048 0.20909695 0.041474834 0.01570568 0.0009145081 0.022228805 0.0008628672 0.00022433428 0.00025273892 0.008041703 0.030857522 0.048769314 0.00046560538 0.00021516197 0.0048713083 0.016394807 0.0008669229 8.437668e-05 1.5760722e-06 0.00010392752 0.0027943025 1.7240162e-06 6.166634e-05 9.191908e-06 0.0010352491 1.8408833e-06 1.7685723e-05 0.0001340645 0.00044180296 0.00010643694 1.4127482e-06 2.495037e-06 0.00016255889 1.4489959e-07 2.2996694e-06 8.169006e-08 1.3724669e-05 0.00035829507 4.827866e-06 1.2230388e-06 6.514975e-08 1.0332103e-06 1.12884734e-07 0.0005511399 0.0007631916 1.3173732e-07 0.00023093309 0.0005155109 4.088866e-08 0.0009172088 0.00031743493 8.540641e-08 0.003012988 0.00019306336 2.2978563e-06 0.00022503045 0.0017517853 4.7668024e-08 6.616823e-07 0.0011981401 1.571198e-06 8.149659e-05 1.034768e-05 0.00023977566 0.00011030526 0.00043093995 1.4728099e-05 0.0002364122 8.1429306e-07 2.0202922e-06
0.10750281 0.11323188 0.41865632 0.002804363 0.025536703 0.00013650856 0.057552498 0.0024492315 0.003973634 0.47223526 9.024347e-19 0.01060764 0.26738003 0.942605 0.8391866 0.46147147 2.8197066e-05 0.55086416 0.519445 0.049692277 0.06647231 0.31239492 0.48031154 6.1542405e-06 0.099730104 0.12575345 0.12578848 0.11902209 0.09910637 0.00119923 0.060813926 0.030327782 0.22893007 0.12043745 0.006561322 0.004027604 0.054614786 0.0065487376 0.0033117246 0.0018364253 0.02373189 0.023573179 0.0040988578 0.0023280538 0.0007853821 0.0031456854 0.013778997 0.0047291573 3.3420463e-05 8.8371706e-07 0.0002558701 0.0038520133 6.083623e-05 0.0006696605 2.09385e-05 0.00035739946 1.0732255e-05 4.350706e-05 0.000121801284 3.1046366e-05 0.0004478518 4.4108933e-06 2.4546984e-05 0.00030148262 8.005219e-07 8.248835e-06 7.7247836e-07 1.4240304e-05 0.002316778 2.8410236e-06 7.645195e-06 7.8234774e-07 8.5074225e-07 3.1918826e-06 0.00012863381 0.0011317341 1.08443054e-07 0.00017203734 6.424766e-05 1.355434e-06 0.00043058424 0.00045256928 4.383462e-07 0.00063573685 8.549089e-05 7.060223e-07 0.00020160059 0.00039439197 4.748307e-07 4.5747784e-06 0.000272647 1.0613478e-06 7.376853e-06 5.785819e-06 0.00024149152 3.9770075e-05 0.00010359167 1.2606179e-05 0.00013780888 3.1830036e-06 1.3115387e-06
0.0008379619 0.101445355 0.2272773 0.4673902 0.59435165 0.20816766 0.80940264 0.043137204 0.91771233 0.41943318 0.01060764 3.0886957e-18 0.07067018 0.014095287 0.017639866 0.02167537 0.0011496056 0.035489086 0.0023906613 0.038653847 0.62620914 0.00401251 0.0012927392 0.023701113 0.0023489615 0.00088106847 0.009583159 0.00036647645 0.00032295447 0.004298328 0.036195446 0.00014266791 0.010700472 0.0023300194 0.009740358 6.5194785e-05 0.000908582 4.4507335e-05 1.4264021e-05 3.1477586e-05 9.9710196e-05 0.009822821 0.017844683 0.0001900622 3.404678e-05 0.00309839 0.001721588 1.8406965e-05 0.00014144593 6.217329e-05 0.00046680984 0.00080246985 3.9044708e-06 1.1742388e-05 1.307783e-06 0.0005471394 1.3135676e-06 5.533096e-06 5.0166906e-05 0.00040752938 3.1463917e-06 2.174461e-06 1.5594064e-06 5.297941e-06 5.349207e-08 1.2993956e-07 1.8027491e-07 6.411288e-05 4.6087745e-05 3.287051e-06 5.513909e-07 1.8388698e-07 3.3811574e-07 4.8288905e-07 0.0005540415 0.00061848335 4.747501e-09 0.00016992654 7.83982e-05 2.8928556e-08 0.00049023255 0.00024063356 2.2869177e-07 0.00443378 6.153492e-05 3.9822033e-05 0.0006154241 0.00065761624 7.3682536e-08 1.816559e-07 0.00036612243 2.1709356e-07 3.2052435e-06 2.749074e-07 0.0014704472 1.10895135e-05 0.00027803268 1.8911469e-05 2.0578307e-05 1.028497e-05 1.0501798e-08
0.84028035 0.6383681 0.67451626 0.16225612 0.18606417 0.013350515 0.25360486 0.08875127 0.06253017 0.36334944 0.26738003 0.07067018 4.1891345e-17 0.10392595 0.32723486 0.77481943 0.037398614 0.05815204 0.07558652 0.94646937 0.03858614 0.16196688 0.032582063 8.5887725e-05 0.002260268 0.0021684156 0.0105973175 0.0119067505 0.0009017113 0.110406615 0.6885744 0.0019032822 0.53137946 0.04021452 0.3670753 0.00019375078 0.0912239 0.000894413 0.0002101994 0.00024774086 0.008159671 0.32581788 0.0013331558 0.00017451886 0.00012472492 0.16969159 0.00022824632 0.0009352572 0.0016788151 8.548286e-06 0.0106412135 0.17913428 2.400575e-06 0.000105901934 1.622349e-06 8.69821e-06 1.0989016e-05 2.2019496e-05 0.03895472 3.8018477e-06 0.000577444 2.9490812e-07 9.163868e-07 0.001076725 1.6859547e-06 9.539422e-06 7.804148e-07 5.862186e-05 0.01771009 0.0003277623 1.3619218e-06 5.8058583e-07 6.567186e-08 9.1665436e-07 0.0016111515 0.07201363 1.9837135e-08 0.012008991 0.0023032825 6.533339e-05 0.00030863003 0.0045152456 1.2581984e-06 0.016480671 0.002019461 1.6036942e-06 0.0054652947 0.0016069369 4.838755e-07 2.710916e-06 0.000471508 6.561665e-08 0.0005916173 1.6099028e-05 0.00090837275 0.00018905637 0.0028501216 0.00013222438 0.0004644264 7.93021e-06 1.473896e-07
0.03713678 0.05047062 0.2529684 0.0015128937 0.013295513 8.3988365e-05 0.037230052 0.0026548859 0.0031006704 0.53134704 0.942605 0.014095287 0.10392595 4.406494e-20 0.56109077 0.22116224 5.213941e-05 0.9034041 0.3664292 0.018340735 0.1274339 0.15946828 0.49131078 2.1665e-06 0.3927844 0.37897295 0.32150236 0.09593247 0.1729846 0.00038942523 0.024526639 0.040007688 0.11436181 0.090859875 0.0024579817 0.0132066095 0.042826496 0.0105423555 0.0077821864 0.0053422335 0.015930204 0.010803775 0.013064156 0.014739298 0.002098491 0.0011592875 0.025751665 0.00491027 2.9387355e-05 7.7017665e-07 0.00026903275 0.0014291826 8.806614e-05 0.0009276078 9.230406e-05 0.00068807363 1.03475995e-05 0.00011063987 4.427513e-05 0.00017978484 0.00026193788 3.083224e-05 0.000118219694 0.00017983766 1.6870773e-06 4.1598745e-05 1.1965702e-06 7.2648745e-06 0.0014905427 1.526127e-06 1.8315472e-05 8.2063656e-07 5.3672456e-06 1.3241895e-06 7.86925e-05 0.00039214524 1.5444088e-07 0.00012476012 3.815816e-05 8.3832384e-07 0.0002616061 0.0001775297 5.0466474e-07 0.0012166029 0.00010416149 1.3437374e-06 0.00014227795 0.00052859774 7.3408404e-07 1.7996667e-06 0.00021399511 6.486806e-07 1.6031645e-05 2.2967981e-06 0.0003020248 1.9338187e-05 7.528559e-05 5.9326594e-06 8.247313e-05 2.910189e-06 2.9980845e-06
0.254327 0.05576604 0.16045813 0.0027187495 0.021449123 0.0003565725 0.050327927 0.0038270408 0.0056017344 0.21059747 0.8391866 0.017639866 0.32723486 0.56109077 1.6832455e-18 0.9103269 0.0003323632 0.19608521 0.9188651 0.07280787 0.04135575 0.75832796 0.5864069 1.0660471e-05 0.043471336 0.06167363 0.059207074 0.27489275 0.12524348 0.0033880041 0.088075265 0.06016242 0.33948472 0.2816643 0.012894129 0.004676741 0.10752567 0.013586685 0.005454412 0.0026499191 0.050344996 0.043944426 0.0023664804 0.002689947 0.0023639565 0.006168702 0.012966274 0.010452381 0.00016526788 2.3077084e-06 0.0015569784 0.0087562 0.00019611993 0.001269756 3.891622e-05 0.00020230185 2.3753188e-05 9.053557e-05 0.0010857882 1.6604821e-05 0.0018646182 3.4211555e-06 2.99674e-05 0.0012182934 5.509963e-06 2.2394599e-05 2.9431233e-06 1.6669685e-05 0.014630965 2.2868568e-05 3.7592035e-06 3.6789922e-06 5.1212584e-07 2.819052e-06 0.00023438952 0.0040483586 1.6174032e-07 0.0002697907 0.00019336518 2.759877e-06 0.00043246633 0.001627248 2.6278758e-06 0.0015588304 0.0006460732 4.717178e-07 0.00014528392 0.0003020507 6.722728e-07 4.2151382e-06 0.00027073044 1.7563486e-06 3.5833422e-05 4.260808e-06 0.0007369227 3.4295397e-05 0.00015936395 7.290986e-06 7.9740705e-05 1.564906e-05 4.6206304e-07
0.5780331 0.121558465 0.23988181 0.00916193 0.043870255 0.00081066065 0.074155636 0.009230803 0.014641321 0.121732146 0.46147147 0.02167537 0.77481943 0.22116224 0.9103269 4.60832e-21 0.003465128 0.040825274 0.43407685 0.31126302 0.025336727 0.8926867 0.13794926 8.301331e-06 0.009898117 0.012385928 0.014823618 0.17565507 0.02071204 0.008429759 0.37095046 0.013450337 0.6961082 0.31898576 0.07062605 0.00047104302 0.4277059 0.003354396 0.00085840846 0.00048094086 0.051768113 0.13693519 0.0016042927 0.00062838895 0.0011637482 0.02428904 0.005434051 0.010484728 0.00021084567 3.5262522e-06 0.0042793253 0.09196826 0.00013434813 0.0006086154 8.755527e-06 8.712053e-05 1.6990749e-05 5.0634673e-05 0.0060013873 1.7800328e-05 0.0034510328 2.9663622e-06 5.456027e-06 0.005911695 7.210141e-06 1.4812277e-05 3.3135552e-06 2.0536021e-05 0.047062412 4.716359e-05 2.095457e-06 3.3962256e-06 6.542382e-08 3.6952952e-07 0.00015961615 0.031863086 5.1244417e-08 0.0011596988 0.0004964059 2.4916071e-05 0.00021439325 0.01118492 1.6400456e-06 0.0062261377 0.003742599 2.0652229e-07 0.00042685057 0.00053253357 2.5707016e-07 6.5467702e-06 0.00022302069 5.2397545e-06 0.00010744283 4.230863e-05 0.00069526373 9.916975e-05 0.0005181244 0.0001064744 0.00019881871 1.5165435e-05 2.384296e-06
0.23880894 0.11139896 0.027998451 0.090925604 0.027170368 0.3589596 0.006840283 0.9645501 0.0057291416 0.00020590176 2.8197066e-05 0.0011496056 0.037398614 5.213941e-05 0.0003323632 0.003465128 7.641209e-19 2.7056227e-05 9.8300225e-06 0.1154695 3.4784443e-05 5.3302054e-05 7.192542e-07 0.24624787 6.3528555e-06 8.364276e-06 5.9181193e-06 1.2911262e-06 3.1722897e-07 0.9141352 0.08384266 3.0785935e-07 0.00281682 0.0001242537 0.21782684 5.016561e-07 0.0038790132 5.08375e-07 1.3335301e-07 2.6276615e-07 0.00030122022 0.065116905 1.8085939e-05 1.2537606e-06 1.549964e-07 0.15868458 0.00013706442 0.000114441245 0.5266005 0.049068965 0.70623213 0.062766105 5.375439e-07 3.4230682e-06 4.316414e-08 7.987695e-05 4.880433e-07 4.9508094e-06 0.123607524 8.526115e-06 0.0004896419 1.9208448e-08 1.4156505e-08 8.727088e-05 2.864042e-07 7.534682e-10 1.7196638e-07 0.0483759 0.00085201993 0.031195896 5.2494773e-08 6.8612013e-07 1.0688092e-08 6.8364564e-08 0.023604669 0.01124566 9.1745406e-08 0.03949937 0.010632094 0.008141728 0.004918312 0.0010102324 2.0099378e-06 0.00084715855 6.713937e-05 7.7395176e-05 0.005729188 0.006184471 2.4914073e-07 0.00013361724 0.0039035312 2.74902e-06 0.0018136798 8.2925755e-05 0.00031801 0.0015407187 0.0030399298 0.0008270174 0.0037496798 5.896475e-06 1.5784174e-06
0.010192137 0.04869068 0.20946744 0.0025257145 0.022285284 0.00010013731 0.062069844 0.0018408098 0.007082235 0.7719667 0.55086416 0.035489086 0.05815204 0.9034041 0.19608521 0.040825274 2.7056227e-05 1.7801622e-18 0.087277815 0.007880956 0.5952762 0.038439885 0.26897642 1.4793614e-05 0.46127176 0.28636473 0.9234706 0.020490292 0.08903269 0.00040050287 0.011811287 0.015979374 0.05608439 0.052508876 0.00082929904 0.007846092 0.010822343 0.0062295115 0.0041349665 0.0029772609 0.009199363 0.0050142347 0.1312475 0.011139045 0.0007752678 0.0007500922 0.13495216 0.0012177544 0.00021167917 1.4233182e-06 0.00028106847 0.0004204896 7.586124e-05 0.0003248824 6.358126e-05 0.0014052177 5.452446e-05 0.00048655784 3.8045444e-05 0.0005045144 3.148089e-05 1.8509607e-05 7.240601e-05 3.19821e-05 2.8471236e-06 4.3144657e-05 2.2630838e-06 4.804978e-06 0.00018826884 7.882845e-07 1.3332657e-05 5.759938e-06 3.902111e-06 1.7044096e-05 0.00032893437 0.00037833472 6.2039373e-07 5.7326342e-05 4.8352173e-05 7.181661e-08 0.00060433743 5.0785176e-05 2.461695e-06 0.0012734163 3.8584032e-05 2.068626e-06 3.8141865e-05 0.00031336618 1.4006638e-06 6.8198807e-07 0.00016512151 7.7636236e-07 4.6729288e-06 9.510377e-07 0.00016989202 3.1582845e-06 2.0397574e-05 1.3559201e-06 1.696596e-05 2.5139177e-06 3.3566118e-07
0.25140345 0.008500903 0.029375484 0.00029609018 0.0030415116 1.5556894e-05 0.0095565645 0.0004105749 0.0006946212 0.050699305 0.519445 0.0023906613 0.07558652 0.3664292 0.9188651 0.43407685 9.8300225e-06 0.087277815 8.436417e-21 0.012687101 0.014427023 0.77926624 0.9268657 6.4592064e-07 0.07988373 0.13512745 0.05698131 0.6749345 0.4810532 0.0005174084 0.033101857 0.32605144 0.12080604 0.41791677 0.0030880712 0.032275535 0.14079042 0.065192826 0.032396663 0.01857115 0.10081017 0.01942842 0.002286942 0.014311584 0.014627846 0.0015707809 0.017848717 0.022536276 1.9648583e-05 3.0176753e-07 0.00014564698 0.0031687703 0.00043199808 0.0019427497 6.135298e-05 0.00015947617 1.5534994e-05 0.000131281 9.452318e-05 1.7558756e-05 0.004023215 7.928757e-06 0.00012134516 0.0031673908 2.369815e-06 0.0003148748 1.0762146e-06 5.3724307e-07 0.016473427 7.260411e-07 1.0459745e-05 7.6269856e-07 8.4571553e-07 6.3722024e-07 1.4152964e-05 0.0016906274 4.0913783e-08 0.00018364085 8.0322745e-05 1.6329368e-06 0.00016656535 0.0011683977 2.7370197e-07 0.0009831125 0.00054784183 1.4591022e-07 8.282711e-05 0.00038598423 2.0013789e-07 3.784565e-07 0.00017062304 5.616771e-07 1.0184057e-05 4.5599876e-07 0.00025031238 2.2726595e-05 7.346604e-05 7.321149e-06 5.8628902e-05 5.566827e-06 6.223324e-06
0.89382935 0.34842968 0.31135625 0.10662869 0.120238096 0.012210507 0.1501662 0.115530305 0.0529585 0.093583226 0.049692277 0.038653847 0.94646937 0.018340735 0.07280787 0.31126302 0.1154695 0.007880956 0.012687101 7.0778166e-17 0.0103488 0.027547719 0.0076275724 0.00016062673 0.0004543179 0.0004957989 0.0009175762 0.0032903696 0.00050357444 0.33325243 0.86542493 0.0012237828 0.42095512 0.014072173 0.7096097 0.00013000681 0.060815055 0.00053377793 9.574261e-05 0.000152413 0.00489185 0.4682586 0.00031881867 9.660945e-05 9.764195e-05 0.30185494 1.8888688e-05 0.00092280516 0.0006211865 9.69867e-06 0.015081537 0.16026567 1.2535381e-06 8.7798966e-05 7.145559e-07 8.8543675e-06 1.3044036e-06 1.1127026e-05 0.04929329 6.715715e-06 0.0011778678 3.42562e-07 9.718209e-07 0.0029653457 1.1967826e-06 2.3371174e-05 4.3054433e-07 0.00014903025 0.033694085 0.00046900124 5.809802e-07 1.4252382e-07 4.3552077e-08 2.1240585e-07 0.002633909 0.0908187 3.309274e-09 0.027615255 0.003421952 0.00016435217 0.0014163138 0.006300509 1.0541554e-06 0.03234382 0.0067000007 3.4355676e-06 0.012907953 0.0061730063 7.466118e-07 5.621342e-07 0.0013250259 5.6817973e-09 0.0002219822 2.2030943e-07 0.004081733 0.00031163258 0.014331026 0.0001450786 0.0013328316 9.96785e-06 3.70208e-08
0.0007947298 0.027252233 0.11039596 0.027171174 0.11263838 0.0010249065 0.37530172 0.0020765166 0.16847926 0.86696184 0.06647231 0.62620914 0.03858614 0.1274339 0.04135575 0.025336727 3.4784443e-05 0.5952762 0.014427023 0.0103488 1.3532643e-17 0.014463461 0.028034167 0.00021916162 0.032666624 0.019749148 0.3481343 0.0027438216 0.009712735 0.00011832876 0.016426763 0.0014312285 0.0207439 0.0131430775 0.001242917 0.0011849911 0.003992138 0.00028806383 0.00010688094 0.000109832166 0.0011674789 0.0064630583 0.84169644 0.0013295328 4.094316e-05 0.00025280425 0.023825603 4.305493e-05 1.5426174e-05 1.9201652e-06 8.7655484e-05 0.00019655058 2.5304955e-06 2.029611e-05 5.1546685e-06 0.001711065 1.4360719e-06 0.00011158795 1.1717061e-05 0.0032461202 2.0916275e-06 5.0177305e-06 3.9853094e-06 9.123038e-06 2.0207312e-06 4.411406e-08 4.763222e-06 7.1735325e-05 1.6437794e-05 1.6683624e-06 1.3813269e-06 2.2344539e-06 8.11448e-07 7.295169e-07 0.00034307322 0.00013706795 9.37237e-08 5.079835e-05 4.300905e-05 7.5331954e-08 0.00032178438 6.8014226e-05 1.0152604e-06 0.0015930319 0.0005661761 8.829989e-06 0.00032786484 0.00037960926 7.795637e-07 2.1041868e-07 0.000111292386 2.195011e-06 3.263067e-06 1.5963273e-06 0.00046808858 1.9129e-06 0.0002565127 2.7546272e-05 2.504499e-06 8.70059e-06 1.7573095e-07
0.7171068 0.021569714 0.04966169 0.0014112483 0.0089392485 0.0001207213 0.020862272 0.0013238457 0.0024446892 0.05550395 0.31239492 0.00401251 0.16196688 0.15946828 0.75832796 0.8926867 5.3302054e-05 0.038439885 0.77926624 0.027547719 0.014463461 6.2768307e-21 0.44476065 1.2349516e-06 0.02097292 0.040657233 0.03758352 0.76424205 0.16653442 0.0012896312 0.054239973 0.20333156 0.3006244 0.86528206 0.006487227 0.0078768 0.45748603 0.046205163 0.015168247 0.009773446 0.2464775 0.027879043 0.0017098773 0.0064692306 0.012795141 0.0023134244 0.011085073 0.045065954 4.1511954e-05 7.82482e-07 0.000530574 0.007814251 0.00072500046 0.0017400335 7.615801e-05 5.7333342e-05 7.560773e-05 0.00044561856 0.00059427734 1.4491895e-05 0.009063679 4.807955e-05 9.046946e-05 0.008535138 3.5519453e-05 0.0003168817 8.706176e-06 1.6650674e-06 0.053356566 3.864035e-06 2.6131773e-05 1.1324703e-05 1.3239988e-06 2.315638e-06 3.7333997e-05 0.007613234 1.6122765e-07 0.0002450742 0.0001612531 4.3967025e-06 0.00019923858 0.0045645437 1.2009293e-06 0.0026809282 0.0051085153 8.781203e-07 0.00013008545 0.00031884114 1.5723476e-06 2.0866505e-06 0.00014090267 4.167558e-07 2.3097105e-05 5.1076186e-06 0.00048204613 8.140159e-05 0.0002900323 1.383276e-05 0.00010206775 3.499323e-05 0.00015494107
0.39121926 0.005666296 0.016603675 0.00026148165 0.002997926 1.5473765e-05 0.008657811 0.00021229072 0.00035500253 0.11550441 0.48031154 0.0012927392 0.032582063 0.49131078 0.5864069 0.13794926 7.192542e-07 0.26897642 0.9268657 0.0076275724 0.028034167 0.44476065 2.7444483e-20 7.7995423e-07 0.4300448 0.5233948 0.340263 0.702277 0.894924 0.0001634272 0.021725623 0.62301743 0.073575236 0.4032312 0.0022608784 0.32084116 0.04933434 0.30648354 0.27105927 0.17234227 0.08860784 0.0100942 0.00608124 0.18356441 0.038580585 0.0015691406 0.06363788 0.02150138 2.0106902e-05 1.5488041e-07 5.151644e-05 0.0009544141 0.0005686342 0.0018230615 4.819781e-05 0.00018737842 5.446106e-05 0.0004188962 1.8332124e-05 2.6410798e-05 0.0022510686 9.436831e-06 4.694644e-05 0.0017731789 2.6426862e-06 0.00051617203 1.6157852e-06 2.3396439e-07 0.008964438 1.8285871e-07 4.8021925e-06 2.8069262e-06 5.4895895e-07 4.5824763e-06 3.3491775e-05 0.0007055548 5.6795358e-08 5.248719e-05 4.1408486e-05 1.3468331e-06 0.00017953555 0.00050526555 2.855887e-07 0.0005750233 0.00033685044 1.1013896e-06 9.460091e-05 0.00019378294 2.6511537e-07 1.1496176e-07 0.00011310053 1.04406084e-07 1.6737474e-06 1.01930155e-07 0.0002525457 3.3712292e-06 0.000120118835 2.049068e-06 9.842737e-05 5.030682e-06 1.4263592e-06
0.002554801 0.033047125 0.0057380167 0.12550294 0.03594154 0.9592714 0.0043042824 0.7632286 0.021841483 8.719238e-06 6.1542405e-06 0.023701113 8.5887725e-05 2.1665e-06 1.0660471e-05 8.301331e-06 0.24624787 1.4793614e-05 6.4592064e-07 0.00016062673 0.00021916162 1.2349516e-06 7.7995423e-07 8.5916686e-19 6.610487e-06 5.1456213e-06 4.02568e-05 4.4554267e-07 3.603142e-07 0.011656571 0.00033682218 7.05508e-07 2.3428569e-05 3.9198017e-06 0.0015073995 2.7663305e-06 5.2507344e-06 7.6752605e-07 4.1821343e-07 1.5021542e-06 9.2060094e-07 0.0009109446 0.00014289135 5.256511e-06 8.445252e-07 0.0016252202 7.144204e-05 6.678941e-07 0.43096623 0.91788733 0.0132272495 0.00042203817 1.7399545e-07 1.5978276e-06 2.8325383e-07 0.00015199365 1.3129841e-06 1.5519638e-05 0.0012222413 0.00017692868 7.7339024e-07 1.4767148e-08 8.2850494e-07 2.869476e-06 6.6590213e-09 2.580774e-08 2.364514e-08 0.0045952117 4.1704507e-06 0.0022295679 2.6413338e-09 1.7380406e-09 1.5425465e-09 4.403208e-09 0.00067004666 5.762826e-05 3.5253256e-09 0.00051041454 0.0004699285 0.00024728812 0.00024962082 0.0002248717 4.9223092e-09 0.0016071699 5.5667184e-05 0.007392538 0.00096981385 0.00095594034 1.077658e-09 0.00029926488 0.0008583822 7.530603e-06 0.0006284082 0.00014117977 0.00099092 0.0009462104 0.00018762395 0.00079544104 0.0005458801 4.5691577e-06 1.3502327e-09
0.0107507 0.0029976617 0.0065770247 0.00042852468 0.002197761 4.288237e-05 0.0039379178 0.00042019918 0.00068932935 0.04368457 0.099730104 0.0023489615 0.002260268 0.3927844 0.043471336 0.009898117 6.3528555e-06 0.46127176 0.07988373 0.0004543179 0.032666624 0.02097292 0.4300448 6.610487e-06 4.135114e-20 0.9725131 0.79098517 0.07771518 0.54673696 4.2727534e-05 0.0029101379 0.098065056 0.0070058117 0.03776178 0.00012206653 0.22596838 0.0054975874 0.04718699 0.06727596 0.03830196 0.011112361 0.0017209774 0.01116597 0.46997368 0.01040014 0.000109278735 0.13295184 0.0052818707 2.9369678e-05 1.1995398e-06 7.3552976e-05 0.00011588966 0.0013042091 0.0018928305 0.0002381006 0.0014820077 0.00023820893 0.009751386 4.819259e-06 0.0003503276 0.00013454378 0.0001514811 0.00020094606 8.7299755e-05 2.8971064e-05 0.0001455795 1.1022528e-05 8.4223035e-07 0.0005102789 4.6582805e-08 3.439123e-05 1.0519496e-05 2.2963153e-05 2.9158327e-05 5.276896e-05 0.00015264866 6.7471984e-07 4.695356e-05 1.164201e-05 1.5226546e-07 4.7363585e-05 3.3518358e-05 1.1494744e-06 0.0007674807 3.0888103e-05 1.6782924e-05 4.0652554e-05 0.00012439066 2.1332391e-06 4.1998484e-07 1.5218417e-05 2.7229817e-07 7.272157e-07 1.9283638e-07 8.718711e-05 9.154208e-07 9.630584e-06 7.295044e-07 4.874984e-06 1.7932712e-06 2.6786813e-06
0.028691037 0.0061475686 0.007821371 0.00045958074 0.0030259795 5.1034287e-05 0.003596851 0.00047322316 0.00035585792 0.036130775 0.12575345 0.00088106847 0.0021684156 0.37897295 0.06167363 0.012385928 8.364276e-06 0.28636473 0.13512745 0.0004957989 0.019749148 0.040657233 0.5233948 5.1456213e-06 0.9725131 2.0493193e-20 0.6321362 0.17338179 0.6615665 9.6631295e-05 0.003970058 0.16901238 0.00976632 0.051067974 0.00024103366 0.3186042 0.009148771 0.11325866 0.10202735 0.06524959 0.017190687 0.002033768 0.007952954 0.6440003 0.021260118 0.0002040636 0.16486445 0.009583785 6.864507e-05 1.2677002e-06 0.0002862905 0.00012926775 0.002616685 0.0024311435 0.00021726121 0.0013858918 0.00039761755 0.010247526 6.6042744e-06 0.00018476795 0.0002617441 0.00018440776 0.00019236497 0.00010235432 1.9619616e-05 0.00017184287 7.763147e-06 6.1728826e-07 0.00054088543 1.5170221e-07 4.642322e-05 7.1110894e-06 2.085661e-05 3.51681e-05 9.3613075e-05 8.2183804e-05 1.1203751e-06 2.9361945e-05 4.5905177e-05 4.832954e-07 0.00012919652 2.6658156e-05 1.3384616e-06 0.00031203317 1.2377489e-05 1.1764816e-05 1.5960359e-05 0.00015886866 2.397121e-06 1.124878e-06 6.0842965e-05 1.2595815e-06 4.3411924e-06 4.9667057e-07 2.7208633e-05 2.8310733e-06 6.6813523e-06 3.0944047e-06 1.3378062e-05 1.1593664e-06 5.8429496e-06
0.008828845 0.0031458233 0.012346437 0.00038974607 0.0026434602 8.0640355e-05 0.01078073 0.00031782413 0.0011389436 0.32367092 0.12578848 0.009583159 0.0105973175 0.32150236 0.059207074 0.014823618 5.9181193e-06 0.9234706 0.05698131 0.0009175762 0.3481343 0.03758352 0.340263 4.02568e-05 0.79098517 0.6321362 8.114075e-17 0.026677413 0.2963985 4.3061173e-05 0.002699481 0.06154612 0.02169906 0.06638816 6.804413e-05 0.11245076 0.0065984074 0.014807086 0.023756685 0.01783427 0.014747418 0.0019377103 0.5675123 0.40328202 0.0026039255 0.0001775275 0.75063074 0.0013543786 0.00026443525 6.8666122e-06 8.999067e-05 0.00010102574 0.00029121243 0.00034684385 0.0001268092 0.0071240244 0.00023082257 0.02711509 7.1828326e-06 0.0010199858 3.867333e-05 0.00014860107 8.1097074e-05 1.1341672e-05 3.8128263e-05 3.74026e-05 5.1781412e-06 1.0916066e-05 0.00020072695 4.0608035e-07 2.505764e-05 1.5838072e-05 2.8334383e-05 7.841584e-05 7.708638e-05 0.0011914708 4.1320654e-06 1.9906736e-05 2.7682161e-05 2.598055e-08 1.9773495e-05 3.4858935e-05 2.8649695e-06 0.001486706 0.0003322853 0.00040725956 2.1710537e-05 6.404304e-05 3.4046407e-06 2.2681321e-07 1.4872575e-05 1.2916126e-06 2.823374e-07 1.2867405e-06 0.00031990142 5.7886314e-07 3.546259e-05 1.2908714e-06 1.3636919e-06 1.9906412e-05 2.6305036e-06
0.58111745 0.005942841 0.006302062 0.00016723067 0.002304415 1.374311e-05 0.0032510245 0.00013559476 0.00041947988 0.010221797 0.11902209 0.00036647645 0.0119067505 0.09593247 0.27489275 0.17565507 1.2911262e-06 0.020490292 0.6749345 0.0032903696 0.0027438216 0.76424205 0.702277 4.4554267e-07 0.07771518 0.17338179 0.026677413 6.478108e-20 0.658466 0.00035085075 0.014676781 0.9218487 0.069890685 0.7742364 0.0018071182 0.1845898 0.19633567 0.7987108 0.4819243 0.38902244 0.46161544 0.0109681655 0.0007457963 0.079049006 0.56367177 0.0016108627 0.013259672 0.22963573 3.158497e-05 2.7000755e-07 3.3073276e-05 0.0015099252 0.008787261 0.028610703 0.0010607807 0.00011957627 0.00020470993 0.0012838374 6.2966436e-05 8.195007e-06 0.038889464 0.00025082016 0.00046844766 0.02196093 3.6764548e-05 0.0025058838 7.4675963e-06 2.0330668e-07 0.07186357 1.8355646e-06 0.000117330244 1.4086298e-05 2.89355e-05 1.2274106e-05 2.9940843e-06 0.0022155766 3.8552912e-07 9.597178e-05 2.2064249e-05 1.956611e-06 3.137521e-05 0.0050037517 4.692267e-07 0.00179125 0.004605952 7.7830464e-07 2.7941105e-05 0.00011356528 1.659636e-06 3.623124e-07 8.917496e-05 3.7679595e-07 1.5257682e-05 1.9518625e-06 0.00031937342 4.071312e-05 0.00014072635 5.5029263e-06 7.533149e-05 0.000100230944 0.00028607517
0.2713598 0.0017228026 0.0028029499 5.9626625e-05 0.0009970622 4.5538713e-06 0.0015438221 3.2230295e-05 0.00011704916 0.013247619 0.09910637 0.00032295447 0.0009017113 0.1729846 0.12524348 0.02071204 3.1722897e-07 0.08903269 0.4810532 0.00050357444 0.009712735 0.16653442 0.894924 3.603142e-07 0.54673696 0.6615665 0.2963985 0.658466 1.7598294e-21 8.482507e-06 0.0049070218 0.7825368 0.020854639 0.24054746 0.00024251691 0.81520224 0.027446523 0.64843684 0.65309703 0.5234459 0.089400604 0.0033181915 0.0018230509 0.6046771 0.18130033 0.00017503857 0.077194184 0.042338688 4.5402244e-06 4.9441322e-08 1.1715754e-05 0.00012481987 0.008521398 0.0075501557 0.0002792913 0.00016969966 0.00044895682 0.0052366 1.1614247e-06 2.1725637e-05 0.0043606577 7.9641606e-05 0.00012287956 0.0016512694 6.532651e-06 0.00086645596 2.8875252e-06 4.645548e-08 0.0058624153 9.560664e-09 1.7924394e-05 2.5146826e-06 6.1697724e-06 6.143181e-06 1.4546894e-05 7.077306e-05 7.581889e-08 2.082072e-05 1.38366e-05 2.8980844e-07 2.0653175e-05 0.00016080376 1.0969832e-07 0.00045899447 9.914497e-05 3.1379022e-06 2.6594142e-05 9.661378e-05 1.2676995e-07 5.2112192e-08 7.809608e-06 4.1646476e-08 1.6630956e-07 2.4988063e-08 7.7317345e-05 3.7567534e-07 4.5345925e-05 2.3700623e-07 6.6751936e-06 6.221086e-06 3.367258e-06
0.90029997 0.24270442 0.070476875 0.1542573 0.06385113 0.10566097 0.03158345 0.40736678 0.019854182 0.0018850224 0.00119923 0.004298328 0.110406615 0.00038942523 0.0033880041 0.008429759 0.9141352 0.00040050287 0.0005174084 0.33325243 0.00011832876 0.0012896312 0.0001634272 0.011656571 4.2727534e-05 9.6631295e-05 4.3061173e-05 0.00035085075 8.482507e-06 2.6024338e-16 0.33179176 7.062217e-05 0.018459838 0.0007149209 0.85287684 4.7759127e-06 0.0051814816 1.3897645e-05 3.7444227e-06 4.010396e-06 0.0008182262 0.28290927 5.2567766e-06 2.7830049e-05 7.331085e-06 0.84820175 3.6849194e-06 0.0003757363 0.29672801 0.0013343917 0.91009605 0.21505575 1.5984409e-07 8.174267e-06 1.5305133e-07 1.9664198e-05 1.5879883e-06 1.7777163e-06 0.5388942 7.47413e-06 0.0010923524 1.6616646e-08 4.805518e-08 0.0012277297 2.5466008e-07 1.7754822e-07 6.332766e-08 0.011086395 0.016282516 0.024567079 3.010229e-08 3.2531393e-08 1.1375196e-09 3.1553085e-07 0.03127796 0.12299248 8.771401e-09 0.16553731 0.028645622 0.0061206063 0.005207615 0.007207096 4.25628e-06 0.027044976 0.005708845 5.778177e-06 0.055223048 0.059816856 1.6157396e-07 4.4323846e-05 0.027019018 2.7820684e-05 0.0031183478 2.8339571e-05 0.0048166867 0.0078936685 0.058606844 0.002122778 0.029076662 1.8515124e-06 3.894107e-08
0.94360846 0.2860586 0.24680476 0.08396438 0.111534014 0.008979604 0.1688041 0.05613335 0.04384977 0.13458048 0.060813926 0.036195446 0.6885744 0.024526639 0.088075265 0.37095046 0.08384266 0.011811287 0.033101857 0.86542493 0.016426763 0.054239973 0.021725623 0.00033682218 0.0029101379 0.003970058 0.002699481 0.014676781 0.0049070218 0.33179176 4.925401e-16 0.005578969 0.6071325 0.035525687 0.87605554 0.0011899093 0.20075713 0.0017336822 0.0008930846 0.0008135387 0.027941253 0.8918297 0.00067257456 0.0004916069 0.00017799521 0.48049948 9.831809e-05 0.007098288 0.0014163064 0.0002445006 0.023717048 0.30969414 3.2866545e-05 0.0005064311 1.4824388e-05 3.602311e-05 1.1881732e-05 3.7343074e-05 0.051089436 2.4342164e-05 0.008793616 4.691572e-06 4.313674e-06 0.019230848 7.625157e-06 0.00023911457 1.3846069e-06 0.00016439465 0.13742109 0.0005000927 4.472453e-06 4.7124115e-07 8.901871e-07 4.202368e-07 0.0015407113 0.14249843 3.0679146e-08 0.036145896 0.0034173764 0.0002157091 0.0011928396 0.019017143 1.416688e-06 0.069152236 0.044067685 4.1443644e-05 0.01724698 0.009805936 1.2242909e-06 9.3745655e-07 0.0037121193 3.1687156e-07 0.00017944517 5.688928e-07 0.011618841 0.0012887061 0.045671538 0.0004812531 0.002928493 0.00014729652 3.1360847e-05
