2.2508592e-33 0.80838126 0.75921744 0.6981798 0.8535596 0.47091275 0.43466353 0.8759556 0.7553681 0.8149271 0.5784928 0.79465955 0.65358627 0.912485 0.8638296 0.8530604 0.48480022 0.83950305 0.8890189 0.9352277 0.73498183 0.52593607 0.6617971 0.91926754 0.65553546 0.14301504 0.9291108 0.60704076 0.7322184 0.85845935 0.04340785 0.008875703 0.0066249594 0.04071946 0.99651766 0.023015302 0.36456642 0.0071580037 0.023159634 0.9873229 0.7239739 0.009969195 0.016213724 0.97274435 0.027521715 0.6084391 0.006499436 0.333349 0.29027373 0.0054964134 0.9972829 0.11642243 0.99332625 0.0058006267 0.82581955 0.39156672 0.96924394 0.004265252 0.026897956 0.9893737 0.7811465 0.0044150143 0.50051934 0.9254926 0.003593575 0.061337158 0.00030782548 0.0016209966 0.0019758518 0.9996497 0.14621726 0.058050793 0.89849705 0.0042915945 0.9738875 0.00031532196 0.9779128 0.0021295634 9.2533126e-05 0.017174704 0.037846062 0.00033336732 0.00034791362 9.271018e-06 0.00015361118 0.99974006 4.4668905e-06 0.0033386794 0.00531551 0.00877665 0.9953207 7.2940355e-07 3.8246385e-06 9.764209e-06 0.0002695626 0.9728986 1.7134946e-06 0.0002772376 1.0527258e-06 8.965009e-05 3.572413e-07
0.80838126 1.4636887e-20 0.88160044 0.5710366 0.75694114 0.093859 0.14951815 0.47822428 0.05619791 0.2037686 0.053223416 0.04544088 0.020593105 0.39393115 0.019281529 0.11055948 0.10768356 0.009329192 0.022807565 0.37823302 0.025118317 0.07378041 0.0109722875 0.21792921 0.009741259 0.09814661 0.020146104 0.0038408237 0.00189937 0.0016381124 0.015423211 0.034998816 0.033228908 0.009459731 0.27468812 0.017120974 0.0013179352 0.0031439876 0.006130929 0.13041192 0.00040084714 0.003772744 0.0387296 0.021945799 0.0065180203 0.0007165133 0.0032661404 0.00047993698 0.0013572671 0.012546518 0.33346424 0.0002171355 0.012092704 0.0041263457 0.0002568963 0.00017282172 0.06860001 0.0021946132 0.010696069 0.017106172 0.00010722214 3.479798e-05 0.0030889045 0.012955161 0.0017072557 8.9008776e-05 0.00025859705 0.00046133282 0.0004795655 0.008504941 0.0007360893 5.4812772e-05 7.5019807e-06 0.00023149714 0.0005548005 3.814117e-05 0.0036632884 5.90871e-05 0.00023382778 0.0006808074 0.00024968773 5.1059556e-05 3.2812022e-05 0.00010828407 3.768477e-05 0.0054854923 7.4466494e-05 2.259199e-05 9.0761634e-05 1.1230793e-06 0.012624955 2.683638e-05 2.391051e-05 6.2353533e-06 2.2505985e-06 5.2037994e-06 0.00011664476 3.070773e-05 8.456891e-05 3.0704454e-05 4.127668e-05
0.75921744 0.88160044 1.9218691e-21 0.8813026 0.35997045 0.43247372 0.21932754 0.13934831 0.15550165 0.46888527 0.27598086 0.14813048 0.04001465 0.38248843 0.032996114 0.02372754 0.040845662 0.016865145 0.02686105 0.25453344 0.10029615 0.02955458 0.02127034 0.14006244 0.016996156 0.18724194 0.017693207 0.0012306499 0.0052474905 0.003006709 0.056860067 0.07017932 0.07279004 0.04015845 0.15697823 0.01773589 0.0025299394 0.021288458 0.020738212 0.06828771 0.00082001823 0.012737261 0.052249912 0.0072183902 0.003862549 0.0014694539 0.01981052 0.0007766746 0.00048203327 0.013973072 0.19348694 7.3847754e-05 0.017857393 0.019963888 0.00040579465 0.0001998159 0.028026763 0.009563758 0.020964896 0.02046974 0.00019456031 0.0002190843 0.0014119598 0.004942698 0.0025915697 0.00020347573 0.001771954 0.00055172184 0.0030384485 0.0100498665 0.00024774723 0.00013490391 1.1218372e-05 0.00062965235 0.00070053036 0.0006593749 0.004166493 0.00011173309 0.00088154327 0.00022181905 0.00011818047 0.00017313268 0.00030041952 0.00030708424 7.2658004e-05 0.002734841 0.00025570203 2.5121e-05 9.308134e-05 6.861126e-06 0.0061993953 5.8077032e-05 7.5591e-05 6.198119e-05 1.6723872e-05 9.0868125e-06 0.00040334137 0.000138146 0.00021411844 0.00011017144 9.426715e-05
0.6981798 0.5710366 0.8813026 2.2484286e-20 0.3005844 0.123793416 0.06886545 0.19618104 0.06862868 0.094085984 0.3232942 0.12100484 0.02669746 0.14930515 0.019978477 0.10518692 0.18421201 0.008727704 0.012511329 0.21771678 0.29627505 0.18111598 0.03507112 0.103385486 0.027051186 0.52575845 0.0071435254 0.010310539 0.0048679807 0.0028988891 0.1045812 0.2310051 0.21922553 0.09381044 0.19290031 0.083314955 0.0034544244 0.04097628 0.034057286 0.085466936 0.0010193216 0.023907702 0.21012941 0.056244794 0.029097399 0.0021254134 0.04911316 0.0011885302 0.0033811515 0.07081187 0.20613506 0.00085000676 0.0153629575 0.051707916 0.0005922617 0.00024631323 0.06879985 0.01952308 0.03798408 0.013167549 0.00011504276 0.00014220986 0.0068907826 0.010091352 0.009950237 0.00020894666 0.00498972 0.0032116894 0.0024243612 0.0039555836 0.0019676704 0.00012892488 8.024906e-06 0.0002228389 0.00026618212 0.0013034126 0.002398428 9.364397e-05 0.0016447062 0.0012299218 0.00046703697 0.00039515304 0.0005314344 0.00013941072 9.4811716e-05 0.004132036 0.00050364283 8.850319e-05 0.00030944523 9.777757e-06 0.015901648 7.8769765e-05 8.6118445e-05 3.2729607e-05 4.2849524e-06 5.650163e-06 9.5289244e-05 3.8876566e-05 0.00016316572 6.540814e-05 3.59389e-05
0.8535596 0.75694114 0.35997045 0.3005844 2.9237226e-21 0.06029204 0.1407748 0.879117 0.030622397 0.098424405 0.029194279 0.02095389 0.018173581 0.44453257 0.015419733 0.34581536 0.24668066 0.014951726 0.032711066 0.4724868 0.009074632 0.15199597 0.012835014 0.36081636 0.010683642 0.07007539 0.0457608 0.016413838 0.0020249884 0.0016301252 0.009036858 0.03161572 0.02794591 0.0054863975 0.38305104 0.012912921 0.001818754 0.0014240182 0.0042474424 0.2300061 0.00047882905 0.0017131475 0.019050902 0.03728591 0.0077313115 0.0016762656 0.0010078641 0.0010531432 0.004804149 0.008866558 0.31917256 0.0025079302 0.009387095 0.002754022 0.00043511833 0.00036420338 0.07087928 0.001275001 0.008829321 0.009381955 8.1530095e-05 9.3835995e-05 0.011501672 0.019656425 0.0013276329 0.00026174783 4.7680056e-05 0.0026441533 0.00079349306 0.006029888 0.002131692 9.281294e-05 7.1256236e-06 0.00080591725 0.00017462758 3.3266126e-06 0.00197593 0.0002828205 0.00075849524 0.0034348734 0.002192143 6.7235684e-05 2.3409406e-05 0.0002210084 0.000409749 0.012368304 0.00044987144 0.0003817651 0.0013219847 1.3945273e-06 0.016617237 0.00014534476 0.0001478967 3.3294204e-05 9.716277e-06 6.957426e-06 0.00049434823 8.2464394e-05 0.0003185476 0.00017701914 0.00012368092
0.47091275 0.093859 0.43247372 0.123793416 0.06029204 1.7454265e-23 0.61681694 0.011031533 0.81371814 0.50138634 0.6978569 0.58131915 0.6478172 0.19186504 0.43028867 0.005172197 0.006474813 0.12755929 0.111393675 0.057203975 0.11264136 0.0033955309 0.04895542 0.035132777 0.038547516 0.041100588 0.019771248 0.00029948645 0.0070861136 0.004201896 0.06093595 0.019766513 0.01937533 0.044177465 0.005936684 0.0039209686 0.003363091 0.030433476 0.037164446 0.005444216 0.0016600374 0.024912072 0.0069455733 0.00025221595 0.00073521206 0.0012049826 0.012418317 0.00075700297 3.371064e-05 0.0029145 0.008032195 3.087345e-06 0.02273328 0.0053382637 0.00046264118 0.00015500447 0.0012330177 0.003785733 0.018147845 0.009780579 0.00028320483 0.00020469277 0.000107638814 0.0004321609 0.0001743871 0.00048495477 0.00026382896 4.149723e-05 0.0025583948 0.005973508 9.454658e-06 0.00022522904 4.6328132e-05 0.00093982375 0.0018499824 9.9830475e-05 0.0034433599 0.00050605787 0.00012891441 7.663606e-06 4.267913e-06 2.539897e-05 5.7936908e-05 0.00018604864 1.0540333e-05 0.0022119302 5.2986252e-05 8.313424e-07 5.1230104e-06 6.192136e-06 0.0005307797 1.9265992e-05 5.454846e-06 4.6894893e-05 1.5763046e-05 1.8516803e-06 0.00037740066 5.996284e-05 0.00044766266 1.0485011e-05 0.00020665459
0.43466353 0.14951815 0.21932754 0.06886545 0.1407748 0.61681694 3.7396957e-22 0.023553533 0.68596363 0.8416542 0.077713184 0.10024737 0.23191532 0.5516288 0.3935069 0.005144197 0.008326969 0.12196295 0.3308119 0.10513264 0.050672732 0.004245776 0.032226674 0.06981736 0.023269521 0.030070333 0.050156623 0.00017757983 0.004246892 0.0022522777 0.027300654 0.012833232 0.011751983 0.018423842 0.005965589 0.0017224371 0.0025724063 0.008603041 0.018542038 0.0068049263 0.0013239668 0.009415019 0.004031768 0.00014909962 0.00056237285 0.0008658847 0.0036620027 0.0006438499 4.043838e-05 0.0017481212 0.017901555 6.174511e-06 0.011162489 0.0031991345 0.00032686265 9.796924e-05 0.0009275582 0.001259148 0.00563117 0.008465787 0.00022618432 0.00017775147 7.033389e-05 0.00012687065 0.00023694377 0.00024822046 6.756782e-05 4.780846e-05 0.001543086 0.003850647 1.4149428e-05 0.00017835802 2.7301061e-05 0.00051755225 0.001212032 1.0509499e-05 0.0032695574 0.00023392437 7.751905e-05 2.7192757e-05 5.6846843e-06 5.41044e-06 6.5572426e-06 5.9261598e-05 2.5355599e-05 0.0022577539 2.1079712e-05 1.575136e-06 6.81625e-06 1.5971739e-06 0.0002619936 4.532485e-06 1.7126255e-06 1.0194396e-05 2.3157947e-06 5.1686393e-06 7.484405e-05 4.167467e-05 6.0892075e-05 3.0198848e-06 3.5967358e-05
0.8759556 0.47822428 0.13934831 0.19618104 0.879117 0.011031533 0.023553533 9.470463e-20 0.0055004377 0.0249222 0.0051602493 0.007510503 0.007264834 0.13363595 0.004615412 0.8080871 0.46254662 0.0030808335 0.0122948205 0.23113205 0.0026900598 0.26876414 0.0029660696 0.1383714 0.002989196 0.04304115 0.01770503 0.084026426 0.00059154764 0.0005927335 0.0023578256 0.014260045 0.009093834 0.0017868439 0.50641537 0.020405719 0.00071293046 0.00033621176 0.0010372722 0.32026014 0.00017319262 0.0003679547 0.017068341 0.16182281 0.016308578 0.00065368105 0.00028950942 0.0004423664 0.028079934 0.009871358 0.3425538 0.016376764 0.0029843892 0.0009946902 0.00020849261 0.00019556745 0.19120666 0.00040325505 0.002567158 0.0031114973 5.443286e-05 8.336949e-05 0.027490558 0.058400936 0.00148516 0.000121542165 2.2358148e-05 0.006012309 0.00032721105 0.0019626084 0.008058724 0.00014222586 4.0740983e-06 0.00023183448 0.00018711771 2.7027534e-06 0.0018101237 9.468774e-05 0.0001115937 0.00809732 0.005954003 7.8655185e-06 9.91645e-06 3.8223723e-05 0.00029421804 0.007364324 0.00013191957 0.0015710826 0.0034907588 1.7750465e-06 0.035361037 5.3596934e-05 5.8716472e-05 1.0285352e-05 3.3276697e-06 3.4165128e-06 0.00011890376 7.806463e-05 9.889812e-05 0.00032517847 4.4260018e-05
0.7553681 0.05619791 0.15550165 0.06862868 0.030622397 0.81371814 0.68596363 0.0055004377 4.045863e-20 0.6933473 0.41945183 0.5377386 0.6180218 0.19006965 0.70997673 0.00050555525 0.0012446784 0.14486264 0.23238404 0.06253668 0.22054988 0.00041133817 0.059293583 0.021684917 0.04545891 0.049080804 0.02719672 4.732469e-06 0.006386814 0.0033670012 0.08572658 0.010887394 0.011154358 0.064629324 0.0018754533 0.0022549867 0.0026192202 0.02700399 0.045920778 0.001525273 0.0009689942 0.024833236 0.0072336653 2.585731e-06 0.00018484057 0.0005809005 0.01706472 0.0004195751 4.1248954e-06 0.0020467676 0.004965063 4.905084e-07 0.022566406 0.010841122 0.00023961882 5.052648e-05 0.00052621536 0.006070743 0.027851574 0.004659746 0.0001473835 0.00011220089 2.1522117e-05 0.0001921532 0.0002701813 8.190971e-05 0.0007001046 1.5728418e-05 0.0017673593 0.0041456376 1.2848631e-06 0.00010564925 4.9643382e-05 0.00042843536 0.0012720042 0.00017734524 0.0024953193 0.00020069287 0.00051307085 1.0631743e-06 6.325943e-07 8.931089e-05 0.00014321087 0.00032536362 1.2926842e-05 0.0014472277 1.67585e-05 3.1410804e-07 8.0601063e-07 5.326188e-06 0.00031765233 5.3616127e-06 6.561644e-07 0.00014503709 1.3088966e-05 3.5192577e-06 0.0003257051 3.7553822e-05 0.00037531907 2.5385057e-06 0.00019805341
0.8149271 0.2037686 0.46888527 0.094085984 0.098424405 0.50138634 0.8416542 0.0249222 0.6933473 3.075102e-20 0.14607576 0.23022677 0.18285096 0.9032301 0.36303967 0.0019244562 0.0034174335 0.053361792 0.39607716 0.19838534 0.14316557 0.00092487864 0.029165661 0.061190132 0.01742267 0.04936023 0.0385123 1.4092155e-05 0.0015434459 0.0008185887 0.04108868 0.010225557 0.010134874 0.035438854 0.005815194 0.0017415768 0.00090986874 0.015502909 0.014424024 0.0051431786 0.00014450609 0.007484859 0.0056740367 1.3697131e-05 0.00022110518 0.00031112955 0.012334486 0.00020323119 1.5606181e-05 0.0017643096 0.0204895 1.6664843e-06 0.005552864 0.00941624 7.580924e-05 9.177289e-06 0.0009423481 0.0026413156 0.009796607 0.0024373434 7.6318465e-05 3.919224e-05 6.467818e-05 0.00014503613 0.0005670026 1.4542941e-05 0.0005461423 1.824464e-05 0.00032171136 0.002451691 2.522352e-06 2.94758e-05 1.0816314e-05 5.3930722e-05 0.000790591 0.0001533951 0.0016579932 3.400064e-05 0.00039035146 1.9825845e-06 1.997757e-06 4.3469485e-05 9.539053e-05 0.00011277761 1.259355e-05 0.00081337226 7.545951e-06 1.5459827e-07 5.2258633e-07 1.1440676e-06 0.000494738 1.3749105e-06 9.0251604e-07 2.455752e-05 2.8280508e-06 7.1548634e-06 5.788168e-05 7.4538148e-06 2.8792225e-05 2.5143827e-06 4.7963613e-06
0.5784928 0.053223416 0.27598086 0.3232942 0.029194279 0.6978569 0.077713184 0.0051602493 0.41945183 0.14607576 3.4231234e-21 0.86994386 0.29739687 0.07274623 0.1258432 0.0012342728 0.0042414134 0.084080584 0.028598031 0.06725144 0.6260887 0.0012393767 0.13942473 0.028053014 0.09615014 0.11703973 0.014973479 1.2062065e-05 0.019687394 0.008399208 0.21733485 0.045906782 0.046389338 0.1698239 0.0098018935 0.004486292 0.004748367 0.10442769 0.106584825 0.0047304025 0.003155518 0.07133377 0.019043272 5.7505065e-05 0.000378816 0.0013884676 0.08144256 0.0007709524 7.965957e-06 0.004433765 0.008166021 3.9216653e-07 0.030693859 0.06494597 0.00057335745 0.00028268943 0.0015647367 0.04167567 0.07898652 0.013135604 0.00026612246 0.0002604339 4.450585e-05 0.00043651607 0.00023926194 0.00013263547 0.008038256 3.481149e-05 0.00445749 0.008021788 3.900456e-06 7.848864e-05 2.8054157e-05 0.00073600264 0.00084448094 0.005055128 0.0031128167 0.0011189006 0.0014595246 1.0113553e-06 1.4585742e-06 0.00094378745 0.0023902066 0.00044737392 7.284919e-06 0.0003870224 0.00014282078 9.297718e-07 2.186962e-06 1.1140993e-06 0.0013115393 2.4540359e-05 4.822689e-06 0.00021225326 5.643763e-05 2.9457658e-06 0.00047874133 4.5204946e-05 0.00042134203 3.7461086e-06 0.00018344341
0.79465955 0.04544088 0.14813048 0.12100484 0.02095389 0.58131915 0.10024737 0.007510503 0.5377386 0.23022677 0.86994386 5.5060455e-19 0.59004253 0.11592707 0.44736668 0.0011161717 0.003327511 0.28866702 0.057967156 0.09593774 0.55317956 0.0010588821 0.22563007 0.03418449 0.19245805 0.065377854 0.04543497 8.157796e-06 0.06009976 0.037266303 0.15086278 0.02394226 0.025056692 0.11646357 0.008944544 0.0036460184 0.015070079 0.07126387 0.10928258 0.0047728214 0.013299862 0.07199581 0.01205597 1.524449e-05 0.00043575972 0.004003358 0.057560224 0.0027152929 5.1006873e-06 0.0034486195 0.009133659 3.9865424e-07 0.08529362 0.042404685 0.0026341928 0.001844631 0.0013407868 0.029212577 0.0991472 0.03843326 0.0012679952 0.0009830839 4.5905308e-05 0.00022941231 0.0005166269 0.0015986188 0.0044373097 4.1785665e-05 0.011103308 0.024005173 2.0027242e-06 0.00063869846 0.00018931148 0.0037381079 0.0027263635 0.004352686 0.0084945895 0.003242168 0.0014956624 9.412647e-07 1.3110171e-06 0.00074316096 0.0027625193 0.0010428728 1.3003875e-05 0.00047841278 0.000110870875 8.323689e-07 5.1702514e-06 9.397681e-06 0.00050422293 3.0255334e-05 3.9312495e-06 0.00066195754 0.0001571183 3.501349e-05 0.00083493104 0.00017442701 0.00084820954 1.3025372e-05 0.000544741
0.65358627 0.020593105 0.04001465 0.02669746 0.018173581 0.6478172 0.23191532 0.007264834 0.6180218 0.18285096 0.29739687 0.59004253 1.786303e-20 0.050879724 0.80079967 0.001216723 0.0017309628 0.6616826 0.1673147 0.0436013 0.14704092 0.0006246198 0.13387983 0.0220475 0.09790503 0.019684501 0.042076744 3.2484757e-05 0.034492943 0.022837114 0.052055024 0.008981453 0.009000309 0.033180688 0.0035567656 0.001292971 0.017109802 0.02044554 0.056559782 0.0030197194 0.009342601 0.034840997 0.0038244838 7.383215e-06 0.00034683413 0.0049939235 0.008081832 0.002977886 7.8994735e-06 0.0016768373 0.0058831885 4.450521e-07 0.07730578 0.004823384 0.0016895651 0.00056795997 0.00038311857 0.0034001146 0.034260202 0.028962342 0.0011561635 0.00053618784 3.3936565e-05 2.1455431e-05 3.2514166e-05 0.00094362145 0.00012344676 1.5977186e-05 0.006341286 0.01765631 1.5419268e-06 0.0004890784 0.00028932063 0.0016794966 0.005159226 0.00010197542 0.009303618 0.0010367167 0.00017707469 2.317025e-06 3.0896867e-06 2.8170563e-05 6.846136e-05 0.00026330914 1.0129843e-05 0.0012856949 4.688121e-05 1.0500407e-06 5.7654947e-06 8.338464e-06 8.8098896e-05 7.383441e-06 2.242549e-06 4.789174e-05 2.149752e-05 3.899781e-05 0.0005438935 6.1701634e-05 0.0006819712 8.2890365e-06 0.00030582928
0.912485 0.39393115 0.38248843 0.14930515 0.44453257 0.19186504 0.5516288 0.13363595 0.19006965 0.9032301 0.07274623 0.11592707 0.050879724 7.305289e-21 0.094935864 0.014434558 0.018114429 0.052527707 0.19271384 0.6953453 0.07086918 0.011612765 0.037033767 0.50327855 0.020471323 0.06536409 0.07702523 0.0004943579 0.0030235995 0.0023880121 0.02058648 0.012215848 0.010740262 0.014717163 0.061004303 0.003307101 0.0021252176 0.004843135 0.009898479 0.024747025 0.00037126505 0.004841777 0.013046501 0.00039391458 0.001032165 0.0011705152 0.0054835626 0.0007064803 0.0002472188 0.002766746 0.20162037 8.2880135e-05 0.010851802 0.0071867765 0.00020810208 1.4253253e-05 0.006454681 0.00213328 0.009288126 0.009143887 7.956948e-05 9.370453e-05 0.00038397888 0.00064031314 0.00076712697 4.0519793e-05 0.00019687982 6.400518e-05 0.0003458078 0.0082997205 6.1928244e-05 9.185778e-05 4.6703717e-06 6.6109824e-05 0.0019896924 2.6254449e-05 0.00531099 3.0627016e-05 9.649941e-05 4.9406986e-05 4.2432052e-06 6.916219e-06 3.2685798e-06 5.419645e-05 1.802134e-05 0.008232818 1.8559896e-05 1.611607e-06 2.2373943e-06 5.41561e-07 0.004857898 1.9015812e-06 2.1820415e-06 6.75071e-06 8.529699e-07 2.836151e-06 2.195081e-05 1.08595605e-05 1.7443259e-05 3.4470113e-06 6.549599e-06
0.8638296 0.019281529 0.032996114 0.019978477 0.015419733 0.43028867 0.3935069 0.004615412 0.70997673 0.36303967 0.1258432 0.44736668 0.80079967 0.094935864 1.180234e-18 0.00017944876 0.0006075785 0.83942384 0.6199274 0.051666163 0.14808594 0.00018673907 0.095287465 0.021110605 0.07961243 0.013389736 0.11747721 2.665784e-06 0.027963873 0.024290578 0.040910143 0.002619203 0.0025730627 0.02805981 0.001552448 0.00058413396 0.013698928 0.009668956 0.038473014 0.0018586626 0.0054412107 0.016688026 0.0022654713 9.435124e-07 7.1464856e-05 0.003936906 0.00630591 0.0021980454 1.8555534e-06 0.00077459787 0.005491221 1.3453625e-07 0.061736222 0.0050532212 0.0015231913 0.00038399792 0.0002693868 0.0022454597 0.026663547 0.022987531 0.0008329888 0.00028321808 1.6632812e-05 2.4039258e-05 0.00010162582 0.00040619035 0.00023205503 6.1661076e-06 0.0033730213 0.018906804 6.2968707e-07 0.0005427104 0.00027307376 0.0006463135 0.003924148 0.00018369374 0.008758651 0.00032247376 0.00022433298 8.132143e-07 5.3514646e-07 5.894707e-05 6.9042675e-05 0.00027519584 1.7541917e-05 0.002307509 9.339171e-06 3.2865947e-07 1.3726218e-06 8.431044e-06 0.00011237684 2.8681407e-06 7.8152897e-07 5.1152743e-05 1.7359816e-05 0.00013065188 0.00028430298 2.5819669e-05 0.00019569376 2.7987066e-06 9.8759854e-05
0.8530604 0.11055948 0.02372754 0.10518692 0.34581536 0.005172197 0.005144197 0.8080871 0.00050555525 0.0019244562 0.0012342728 0.0011161717 0.001216723 0.014434558 0.00017944876 1.6094935e-19 0.86439615 0.000114208575 0.0014275427 0.064906314 0.0004329975 0.51019144 0.00048233054 0.026951242 0.00035101085 0.015022575 0.0018090977 0.5382986 3.95986e-05 2.2628605e-05 0.0007832564 0.006812218 0.005401432 0.0005074884 0.37728935 0.046334986 0.00018581796 0.00018080842 0.000324491 0.20928423 9.3780745e-06 0.00020591941 0.024343384 0.28529966 0.07369374 7.3509706e-05 0.00013204783 6.708785e-05 0.15139715 0.024269532 0.1228164 0.14167668 0.00038290487 0.000379709 8.186547e-06 2.5083726e-05 0.13764916 0.0001307425 0.0014747855 0.00031041083 4.6757996e-06 3.470922e-05 0.04919396 0.059431996 0.00528695 9.929149e-06 1.8611227e-05 0.026209444 0.00018876362 0.00038368348 0.014594522 1.8903464e-05 5.6113527e-07 4.3466378e-05 7.4584013e-06 2.420001e-06 0.00024973607 1.5901971e-05 7.494569e-05 0.03579119 0.022658207 8.55982e-06 2.552211e-06 7.472259e-05 0.0009348965 0.004399383 8.634673e-05 0.0025831813 0.006389135 8.6375644e-07 0.036880102 5.5890767e-05 7.7752426e-05 5.5154524e-06 2.0919886e-06 6.5472915e-07 4.7779147e-05 2.4237183e-05 4.595441e-05 0.0005211993 2.5839252e-05
0.48480022 0.10768356 0.040845662 0.18421201 0.24668066 0.006474813 0.008326969 0.46254662 0.0012446784 0.0034174335 0.0042414134 0.003327511 0.0017309628 0.018114429 0.0006075785 0.86439615 1.9394277e-20 0.0006233386 0.0041151806 0.055918004 0.0013946657 0.75744253 0.0006717486 0.030774148 0.000606371 0.03128505 0.0046280357 0.7872672 0.00010207262 4.471905e-05 0.002877162 0.026704812 0.021787152 0.0015660878 0.30158067 0.05813148 0.00014277162 0.00079851237 0.00078885054 0.14493552 1.9538897e-05 0.0003777871 0.030549467 0.25760132 0.15565346 0.0003087139 0.0004155753 0.0001407356 0.15644102 0.034469463 0.054605883 0.15344092 0.00058855256 0.001460053 5.5236775e-05 8.163302e-05 0.104185246 0.00089808885 0.0048329933 0.0002552652 1.9014606e-05 2.3451637e-05 0.03428675 0.04236128 0.013851791 7.650583e-05 7.533365e-05 0.0364469 0.00020305527 0.0003848734 0.018370615 7.855282e-05 1.0232525e-06 9.7885015e-05 7.208828e-06 1.0201029e-05 0.000119258766 4.8862265e-05 0.00029034115 0.040880598 0.020708194 6.1615254e-05 6.369013e-05 9.640449e-05 0.0012061042 0.0012137052 0.00014264097 0.006839226 0.007708697 1.1375627e-06 0.017941266 6.815473e-05 0.00019031922 9.957436e-06 1.5175851e-05 4.3269774e-06 7.810083e-05 4.853327e-05 3.670996e-05 0.00082176825 1.1549066e-05
0.83950305 0.009329192 0.016865145 0.008727704 0.014951726 0.12755929 0.12196295 0.0030808335 0.14486264 0.053361792 0.084080584 0.28866702 0.6616826 0.052527707 0.83942384 0.000114208575 0.0006233386 1.7835199e-18 0.53955936 0.044966295 0.12302335 0.00016252541 0.4084065 0.026831817 0.36351052 0.005166092 0.48076913 3.8174485e-06 0.2280931 0.18364608 0.03560031 0.0019110295 0.0018527579 0.018157853 0.0014949223 0.0004184594 0.18377298 0.007624521 0.07078739 0.0011576104 0.09456126 0.032773826 0.0016092572 1.5652053e-06 0.00019887013 0.05401317 0.0038473418 0.029614555 5.9724534e-06 0.0007000068 0.0037341546 5.3862766e-07 0.28321952 0.0024974418 0.02837824 0.009280998 2.2096572e-05 0.0018590827 0.033179548 0.15755673 0.008189944 0.004887956 1.70553e-05 2.1261437e-07 3.6560392e-05 0.0023011824 5.6351902e-05 8.337565e-06 0.01867824 0.1402127 3.7868774e-06 0.0036965434 0.003397998 0.0037468274 0.025502836 9.820151e-05 0.05679915 0.0016073623 0.00013088809 1.0998923e-05 3.1347317e-06 2.5710915e-05 4.27147e-05 9.159596e-05 5.695106e-05 0.005238493 1.5238546e-05 1.4355653e-06 5.097609e-06 3.063087e-05 1.6907185e-05 2.2867991e-06 2.5759425e-06 1.8227649e-05 1.82224e-05 0.0006774502 0.00013309465 2.3514322e-05 9.089295e-05 5.910043e-06 5.5035016e-05
0.8890189 0.022807565 0.02686105 0.012511329 0.032711066 0.111393675 0.3308119 0.0122948205 0.23238404 0.39607716 0.028598031 0.057967156 0.1673147 0.19271384 0.6199274 0.0014275427 0.0041151806 0.53955936 2.6431915e-18 0.10793963 0.031373765 0.0013914235 0.044224136 0.07134818 0.038207624 0.008188937 0.8945169 7.623184e-05 0.020632545 0.020196857 0.015305428 0.0027104716 0.0029513377 0.006906909 0.0075721783 0.0011598659 0.012273756 0.0024318602 0.015132279 0.008140773 0.007761726 0.004976758 0.0033360855 3.9627877e-05 0.0008490617 0.008861886 0.0017932567 0.0036034293 8.460261e-05 0.0025302097 0.083482735 7.89071e-06 0.122484595 0.002026152 0.005003651 0.00093235006 0.0018614619 0.00078346295 0.009912716 0.10720394 0.0026562156 0.0012907712 0.00010506908 2.4657256e-05 0.00070272974 0.0017446995 0.000116295 0.000106271524 0.005406745 0.06533217 1.807361e-05 0.0015769083 0.00073656545 0.0015430176 0.0202534 4.602358e-05 0.04562334 0.00061675196 0.0004279113 0.00027393166 0.00010054861 5.661618e-05 7.307843e-05 0.00022259145 0.0002175127 0.06994523 9.85103e-05 1.2007226e-05 0.00010952725 7.951645e-05 0.00080844376 2.0121328e-05 4.8585975e-05 0.00010667565 6.159176e-05 0.0014504602 0.0007797895 0.00019355927 0.00032813163 0.00015941777 0.0001514099
0.9352277 0.37823302 0.25453344 0.21771678 0.4724868 0.057203975 0.10513264 0.23113205 0.06253668 0.19838534 0.06725144 0.09593774 0.0436013 0.6953453 0.051666163 0.064906314 0.055918004 0.044966295 0.10793963 4.7943627e-21 0.054709695 0.04106468 0.038007937 0.9121964 0.02628462 0.08269894 0.06643317 0.004817762 0.0066241445 0.0043362295 0.021553958 0.019135576 0.016643174 0.011937568 0.16520058 0.0068777376 0.0031226417 0.005606854 0.008412997 0.070582025 0.0016744883 0.004007617 0.013353515 0.0014964686 0.002726487 0.0022355283 0.0023770446 0.001361174 0.0027820764 0.0023215376 0.19670364 0.0010824128 0.012824288 0.0021473295 0.00079916144 0.00021279992 0.028884716 0.00077295746 0.009639553 0.009723073 0.00036952304 0.00014980171 0.0020023026 0.004539474 0.0013005184 0.00011552948 0.00011500909 0.00022007983 0.0006748432 0.020466715 0.00051986263 0.00019138488 6.588242e-05 0.00019658638 0.0030606315 3.2045664e-05 0.008759595 8.353662e-05 8.0273436e-05 0.00042773035 0.0001180811 4.814973e-06 3.9895076e-06 0.00031699476 0.00022658611 0.08071505 8.8867804e-05 3.7549846e-05 4.991897e-05 1.0205616e-06 0.028726853 1.9705123e-05 2.4498013e-05 5.767609e-05 1.87929e-05 3.9501094e-05 0.00013141429 3.3957574e-05 0.00011925341 2.5263205e-05 3.4289835e-05
0.73498183 0.025118317 0.10029615 0.29627505 0.009074632 0.11264136 0.050672732 0.0026900598 0.22054988 0.14316557 0.6260887 0.55317956 0.14704092 0.07086918 0.14808594 0.0004329975 0.0013946657 0.12302335 0.031373765 0.054709695 1.7886776e-18 0.0006236841 0.4058348 0.015875136 0.41097286 0.33635914 0.022924306 3.636361e-05 0.22638117 0.15871781 0.67430866 0.07826119 0.09151595 0.6036644 0.0077681574 0.0038544096 0.032443687 0.49476835 0.6364673 0.001812237 0.08767406 0.49717394 0.0506702 2.065597e-05 0.00035769134 0.0044402243 0.4165389 0.0030341903 1.52406255e-05 0.0032826497 0.0026110387 5.1006015e-07 0.09553953 0.37403318 0.0049141403 0.007427868 0.0022965642 0.2701502 0.43606827 0.01658894 0.0016486746 0.00068493624 0.00012610419 0.0012991034 0.00048082368 0.00089058926 0.043221477 1.7011844e-05 0.09377188 0.016390279 7.199216e-06 0.0012728707 0.00035091463 0.007871338 0.0023613833 0.0493996 0.0031516908 0.020430978 0.010430395 3.5622868e-06 5.4218654e-06 0.012723773 0.033420444 0.0008997364 5.456006e-06 0.0002530532 9.685216e-05 3.368568e-06 7.921773e-06 4.053601e-06 0.002360217 5.2499886e-06 5.990591e-07 0.005486052 0.0013075704 0.0003931362 0.0019394065 0.0004845685 0.0019836428 3.1976624e-06 0.0010507605
0.52593607 0.07378041 0.02955458 0.18111598 0.15199597 0.0033955309 0.004245776 0.26876414 0.00041133817 0.00092487864 0.0012393767 0.0010588821 0.0006246198 0.011612765 0.00018673907 0.51019144 0.75744253 0.00016252541 0.0013914235 0.04106468 0.0006236841 1.9481188e-19 0.00042691792 0.02362265 0.00025775202 0.05391571 0.0010204415 0.87815195 1.5318728e-05 4.621347e-06 0.0017955542 0.039279543 0.03188075 0.0008667051 0.120744474 0.1844289 0.00010562597 0.0005691091 0.00045507785 0.05666785 1.7557289e-06 0.00024227673 0.08814072 0.23065352 0.4822489 0.00017387181 0.0007022652 5.8353795e-05 0.12760545 0.09761235 0.02686906 0.11982934 7.331745e-05 0.0029759665 1.8348436e-06 7.1614168e-06 0.068848304 0.0013219273 0.0010773988 6.8942005e-05 1.3649944e-06 2.1280019e-05 0.029640006 0.026755642 0.051774517 7.48433e-06 0.00042004112 0.08040635 0.00019581548 1.6356667e-05 0.014625413 3.5469404e-06 1.2257027e-07 1.3869734e-05 6.0386897e-06 0.000115451185 0.00024348446 6.437563e-06 0.00045301387 0.018388491 0.006202027 9.8905475e-05 6.809989e-05 4.0370443e-05 0.0016364399 0.00015633286 8.3877894e-05 0.0029603315 0.0038114716 3.2775554e-07 0.022115117 5.2788742e-05 6.2291336e-05 1.2156263e-05 1.55092e-06 1.373739e-06 2.6080363e-05 5.901082e-06 1.7537017e-05 0.0007037935 8.467628e-06
0.6617971 0.0109722875 0.02127034 0.03507112 0.012835014 0.04895542 0.032226674 0.0029660696 0.059293583 0.029165661 0.13942473 0.22563007 0.13387983 0.037033767 0.095287465 0.00048233054 0.0006717486 0.4084065 0.044224136 0.038007937 0.4058348 0.00042691792 2.3011526e-19 0.020610332 0.9344149 0.014197294 0.04356753 2.5044192e-05 0.5565788 0.44061196 0.06391984 0.00641334 0.007832221 0.049863774 0.005839931 0.0008788656 0.2574545 0.039359376 0.121529356 0.0038563837 0.21389525 0.07672333 0.0025964815 3.3535052e-05 0.00026332497 0.028089829 0.025634456 0.021412967 8.022426e-06 0.0010047744 0.00333254 1.5631876e-07 0.30673385 0.011483149 0.03034282 0.038479507 0.00046114303 0.018262912 0.118589334 0.0705413 0.0044464874 0.0057077506 2.679894e-05 0.00025525835 0.00017764978 0.0042202547 0.0013535967 1.08672675e-05 0.045226093 0.054404493 2.5294482e-06 0.0041930773 0.0012512219 0.014270996 0.02104523 0.0035548348 0.027777372 0.012029154 0.00048957515 2.5644565e-06 5.4503785e-06 0.00030725062 0.0021322956 0.0003254114 1.3826285e-05 0.0011128427 6.685141e-05 3.6018143e-06 5.9829486e-06 8.780172e-05 0.00073021546 1.4659728e-05 4.2276024e-06 0.0003816801 0.0002654725 0.0011277004 0.00040658316 0.0005862963 0.00067948323 7.3476863e-06 0.00036090743
0.91926754 0.21792921 0.14006244 0.103385486 0.36081636 0.035132777 0.06981736 0.1383714 0.021684917 0.061190132 0.028053014 0.03418449 0.0220475 0.50327855 0.021110605 0.026951242 0.030774148 0.026831817 0.07134818 0.9121964 0.015875136 0.02362265 0.020610332 1.6246126e-19 0.014528429 0.023679018 0.05719076 0.0031880378 0.0047221584 0.0030746518 0.008061552 0.00935246 0.007033265 0.0050454326 0.079975754 0.003398027 0.0028053848 0.0018657129 0.0043027927 0.047218747 0.0015461132 0.002257049 0.0060136537 0.001027669 0.0019827937 0.0017196108 0.0008893373 0.0010423651 0.0016473538 0.0016433024 0.15318467 0.00097367086 0.0075840806 0.00095385214 0.00046957997 0.00016567216 0.014722989 0.0004193353 0.0055305483 0.00989062 0.00039168814 0.00013120266 0.0024322837 0.00405555 0.0012661375 0.00015981338 9.768741e-05 0.00029996806 0.0008508563 0.013675289 0.0006177668 0.00033166475 8.979744e-05 0.0002970031 0.0043144086 3.286131e-05 0.013165898 0.00024367448 6.985133e-05 0.0014761869 0.0004950158 3.1125596e-06 4.3590435e-06 0.0001102163 0.00033692206 0.17331316 0.0001546554 0.00011583045 0.00015206775 4.7443395e-06 0.018435834 3.5287838e-05 3.4992263e-05 6.517384e-05 4.826004e-05 9.787549e-05 0.00021884602 0.00019163163 0.00024332521 4.9458235e-05 6.607736e-05
0.65553546 0.009741259 0.016996156 0.027051186 0.010683642 0.038547516 0.023269521 0.002989196 0.04545891 0.01742267 0.09615014 0.19245805 0.09790503 0.020471323 0.07961243 0.00035101085 0.000606371 0.36351052 0.038207624 0.02628462 0.41097286 0.00025775202 0.9344149 0.014528429 9.631503e-19 0.012332534 0.04242076 9.91643e-06 0.64624226 0.49947426 0.06561845 0.0054963976 0.006574952 0.050163794 0.0041073216 0.00090771716 0.3158965 0.043054566 0.13470758 0.0027134006 0.2889528 0.0916345 0.0026249154 1.0731119e-05 0.00018772649 0.034621596 0.024735758 0.028857416 4.7918074e-06 0.0010326785 0.0020706179 1.1153745e-07 0.2923751 0.012073626 0.037987176 0.062402625 0.00017862134 0.01935243 0.13850662 0.061221212 0.0061444147 0.008949143 1.5872927e-05 5.2078733e-05 0.00016704338 0.006282171 0.001651542 1.1644398e-05 0.06438836 0.048289705 1.3993835e-06 0.007430362 0.0019914198 0.019522829 0.023977088 0.004294386 0.028876983 0.016601562 0.0007324672 1.9155107e-06 3.4886682e-06 0.0005307663 0.0028712691 0.0005166219 1.7061187e-05 0.00076110155 7.2925824e-05 3.3326687e-06 7.5239695e-06 0.00027033777 0.0002873721 1.665076e-05 4.610531e-06 0.0007339563 0.00067253417 0.0015737968 0.00074864965 0.0010723722 0.0009572937 6.2996796e-06 0.0006315804
0.14301504 0.09814661 0.18724194 0.52575845 0.07007539 0.041100588 0.030070333 0.04304115 0.049080804 0.04936023 0.11703973 0.065377854 0.019684501 0.06536409 0.013389736 0.015022575 0.03128505 0.005166092 0.008188937 0.08269894 0.33635914 0.05391571 0.014197294 0.023679018 0.012332534 5.1049884e-23 0.003115769 0.0020131704 0.0028179162 0.0011442428 0.089236416 0.7300729 0.6902964 0.10400786 0.017270666 0.38959125 0.0010949891 0.057573494 0.016808514 0.003569342 0.0005746965 0.025572773 0.6290784 0.003908182 0.035868634 0.0004557651 0.18059199 0.00022271505 0.0003608154 0.2697292 0.0016420797 0.00014537373 0.0011412273 0.3775642 0.00021594497 9.997206e-05 0.003532737 0.13976903 0.057961963 0.00062841503 3.7803955e-05 0.00010360146 0.0004344143 0.0032098277 0.08711036 2.57406e-05 0.061426036 0.0054178555 0.00046337573 0.00038418127 0.00022137673 2.244253e-05 2.2725935e-06 5.807354e-05 4.833558e-05 0.009876081 0.00019753053 8.501559e-05 0.02325813 0.00023899534 0.0004970457 0.011761661 0.00934926 0.003660374 0.00013567507 5.828265e-05 0.011270235 8.394639e-05 0.00035173114 1.068847e-06 0.0038371312 0.0017001682 0.00048094502 0.0007153816 2.9943174e-05 1.4950925e-06 0.0010467244 1.5767886e-05 0.0002822307 0.00012813916 0.00010622714
0.9291108 0.020146104 0.017693207 0.0071435254 0.0457608 0.019771248 0.050156623 0.01770503 0.02719672 0.0385123 0.014973479 0.04543497 0.042076744 0.07702523 0.11747721 0.0018090977 0.0046280357 0.48076913 0.8945169 0.06643317 0.022924306 0.0010204415 0.04356753 0.05719076 0.04242076 0.003115769 1.3590001e-19 4.6370787e-05 0.042537827 0.04223912 0.0056999284 0.00029032285 0.0002160828 0.0021345164 0.006549703 0.0004167906 0.03205097 0.00063253613 0.01192342 0.008582979 0.026101725 0.0022286102 0.001689786 1.0481453e-05 0.0003326937 0.030496981 0.00057111104 0.011675066 0.00010217839 0.00030757076 0.16170472 2.7217897e-05 0.38224855 0.001356492 0.026781447 0.002165445 0.001093732 0.00050025823 0.00966032 0.28036016 0.008249025 0.0011567635 6.7580826e-05 1.8855993e-06 0.00013257377 0.0022272302 4.5029054e-05 4.9335893e-05 0.0028245242 0.2040378 3.84036e-05 0.0023645798 0.0034328906 0.0009871227 0.055449888 1.0831664e-05 0.1024126 0.00014596389 6.9847265e-05 0.00036139842 0.0001724745 2.2426997e-05 1.7084634e-05 3.3107488e-05 8.488856e-05 0.15097404 1.397589e-05 8.8084365e-05 0.00024262683 3.210259e-05 0.00041557234 5.65577e-06 1.8246397e-05 1.7621278e-05 2.2210575e-05 0.0042338623 9.94702e-05 6.171641e-05 5.3091306e-05 0.00012635833 1.0959303e-05
0.60704076 0.0038408237 0.0012306499 0.010310539 0.016413838 0.00029948645 0.00017757983 0.084026426 4.732469e-06 1.4092155e-05 1.2062065e-05 8.157796e-06 3.2484757e-05 0.0004943579 2.665784e-06 0.5382986 0.7872672 3.8174485e-06 7.623184e-05 0.004817762 3.636361e-05 0.87815195 2.5044192e-05 0.0031880378 9.91643e-06 0.0020131704 4.6370787e-05 2.5752372e-23 3.1130034e-07 5.3394718e-08 1.682868e-05 0.0022702487 0.0016247715 8.912205e-06 0.0726974 0.039574884 4.6992777e-06 1.00115685e-05 6.2975405e-06 0.051445846 8.32841e-08 7.674576e-06 0.004495438 0.37910312 0.4327551 4.4922017e-06 6.9031908e-06 3.4089974e-06 0.47493765 0.020174073 0.0136359455 0.5477435 4.9282967e-06 7.055545e-05 1.2503491e-08 5.0136073e-08 0.07430554 4.2683387e-05 0.0001927576 6.7315914e-06 6.555482e-09 1.9790577e-06 0.1185676 0.031400774 0.012733709 1.3260896e-07 1.2103386e-05 0.075397156 5.5134988e-05 2.6890168e-06 0.086665064 1.0778647e-07 7.1565337e-10 8.3042005e-07 8.9700285e-07 2.8316672e-06 5.719814e-06 4.503464e-07 5.562717e-05 0.1346122 0.1011618 1.7749915e-05 5.2326686e-06 5.8534042e-05 0.002003951 0.00026742788 6.811016e-05 0.035741225 0.04360567 7.416365e-07 0.013900257 3.948272e-05 4.13846e-05 2.5223806e-06 7.3433813e-07 3.8340326e-09 1.2792553e-05 6.4012406e-06 4.3579585e-06 0.0022390233 2.2490362e-06
0.7322184 0.00189937 0.0052474905 0.0048679807 0.0020249884 0.0070861136 0.004246892 0.00059154764 0.006386814 0.0015434459 0.019687394 0.06009976 0.034492943 0.0030235995 0.027963873 3.95986e-05 0.00010207262 0.2280931 0.020632545 0.0066241445 0.22638117 1.5318728e-05 0.5565788 0.0047221584 0.64624226 0.0028179162 0.042537827 3.1130034e-07 1.0944686e-19 0.86098135 0.025313875 0.0011586956 0.0013753902 0.021060951 0.0008149461 0.0002635365 0.70700276 0.018918503 0.12104569 0.0005201195 0.6816514 0.08806362 0.00048227722 2.92758e-07 3.5945275e-05 0.121388495 0.010667988 0.13695471 2.4808142e-07 0.00042065408 0.0002550717 8.021059e-09 0.36954737 0.005683205 0.08815955 0.21784218 2.6940825e-05 0.01192515 0.1461009 0.05483906 0.013694871 0.033134695 1.767113e-06 3.1075797e-06 5.8802718e-05 0.027252186 0.00046610564 2.8188072e-06 0.12645182 0.027432034 1.9346079e-07 0.017854184 0.0041525327 0.04606827 0.024214411 0.0025189288 0.02779502 0.035468742 0.00060804427 3.0483062e-07 2.6281202e-07 0.0001803837 0.001383821 0.00015896399 1.1668498e-05 0.000102226055 1.0656913e-05 7.269812e-07 1.7633151e-06 0.00082439126 3.772375e-05 3.6625943e-06 2.182108e-06 0.00025674028 0.00042467116 0.0013716719 0.00024982207 0.0018489576 0.00026223582 3.187013e-06 0.00019917055
0.85845935 0.0016381124 0.003006709 0.0028988891 0.0016301252 0.004201896 0.0022522777 0.0005927335 0.0033670012 0.0008185887 0.008399208 0.037266303 0.022837114 0.0023880121 0.024290578 2.2628605e-05 4.471905e-05 0.18364608 0.020196857 0.0043362295 0.15871781 4.621347e-06 0.44061196 0.0030746518 0.49947426 0.0011442428 0.04223912 5.3394718e-08 0.86098135 1.500671e-19 0.01259587 0.0004247232 0.0003697407 0.010198136 0.00067594205 0.0001598416 0.80973846 0.0072206217 0.08207238 0.00026716045 0.7203521 0.04952317 0.00065961294 4.1244267e-08 1.1801967e-05 0.23359825 0.004513166 0.24100089 8.582675e-08 0.00022542523 0.00014727279 7.941081e-09 0.38696834 0.0029324575 0.15985006 0.27762794 1.7591641e-05 0.0045498973 0.10072401 0.05097116 0.019676004 0.025272911 1.056016e-06 1.8336189e-06 5.9590922e-05 0.02864162 0.00030019102 9.634199e-07 0.071794845 0.024453798 9.4268e-08 0.02243658 0.005326684 0.030492777 0.022809783 0.0010049283 0.026205033 0.017100886 0.0002756597 2.2188262e-07 1.4465631e-07 0.00010894264 0.0005204798 9.205589e-05 9.713137e-06 0.00014834649 4.050552e-06 2.1796026e-07 8.8926635e-07 0.0015328287 3.1359923e-05 1.2100113e-06 3.463261e-07 0.00015982223 0.0002359291 0.002191024 8.388685e-05 0.00092580705 6.3954234e-05 8.5760274e-07 3.6744987e-05
0.04340785 0.015423211 0.056860067 0.1045812 0.009036858 0.06093595 0.027300654 0.0023578256 0.08572658 0.04108868 0.21733485 0.15086278 0.052055024 0.02058648 0.040910143 0.0007832564 0.002877162 0.03560031 0.015305428 0.021553958 0.67430866 0.0017955542 0.06391984 0.008061552 0.06561845 0.089236416 0.0056999284 1.682868e-05 0.025313875 0.01259587 9.414792e-24 0.030855086 0.03493044 0.79852873 0.0012969241 0.003938096 0.004696742 0.5590827 0.32543117 0.001061885 0.006047736 0.3123126 0.029028663 3.1136744e-05 0.00026989725 0.0015910724 0.47092327 0.00070770795 1.4563106e-05 0.00444334 0.00019523838 9.781352e-07 0.006869963 0.31814462 0.0006213385 0.00023846557 0.00027944052 0.22061099 0.20927961 0.0010710451 0.00019198064 0.0001885583 3.393789e-05 0.00019579253 0.0011550344 0.00026584166 0.061741304 6.261546e-05 0.007980758 0.0005146046 1.0086002e-05 0.00021087944 7.86158e-06 0.0013577753 0.00017744694 0.037693888 0.0005556381 0.0026911641 0.0074312976 1.4019969e-05 1.3692324e-05 0.009573709 0.019847302 0.001620928 3.6051272e-06 1.633397e-05 0.00035516912 1.8317122e-06 5.1052034e-06 4.8688416e-06 0.00040374222 1.3014098e-05 6.922431e-07 0.0026611865 0.00018169482 4.4210974e-06 0.0023838438 7.600462e-05 0.0008444572 6.0278844e-06 0.00024566296
