7.2762827e-28 0.19421683 0.09625719 0.44471425 0.1903674 0.44241706 0.42532456 0.030561043 0.18205108 0.4751402 0.025415782 0.36265588 0.7861915 0.0048812926 0.17495924 0.26673618 0.370329 0.009384518 0.8473849 0.22962141 0.24881797 0.035391875 0.1999885 0.08638907 0.87486655 0.8593759 0.87259203 0.004901262 0.88289475 0.95227456 0.010116699 0.009248558 0.9651314 0.01312337 0.9384415 0.1739625 0.0014449763 0.0006475171 0.7604167 0.9477115 0.8452732 0.00027080814 0.030587567 0.9444599 0.009331012 0.035106666 0.0010277343 0.81131417 1.6074986e-05 0.19570681 0.0100576095 0.9282263 0.5213886 0.80704653 0.9661717 0.9107118 0.0013008986 0.9901617 1.0962501e-05 0.41009533 0.0032454594 0.0007663957 0.9505864 0.8299036 0.0041523776 0.8251949 0.0019872624 8.2459985e-07 0.9641681 0.25577825 0.12005264 0.9798548 0.019379344 0.97874904 0.0029052838 0.00010845986 0.50469494 0.089900464 0.8586411 0.9763627 0.9877469 2.7124095e-05 0.9990181 0.9938178 0.9833222 0.950018 0.96016115 0.9683067 0.63627815 0.9886452 0.0012728416 0.9970521 0.98789084 0.999315 0.9985637 0.5578345 0.89865905 0.99945056 0.9991494 0.9995762 0.9920642
0.19421683 3.411536e-20 0.6251983 0.6424957 0.9303021 0.76603836 0.718208 0.48360568 0.4566368 0.32284254 0.17774285 0.09049587 0.07321522 0.07003586 0.036504045 0.060457885 0.032941915 0.09814686 0.41605237 0.04487974 0.00522344 0.098499194 0.00043167046 0.007314338 0.15272135 0.033503342 0.16100124 0.04932169 0.017918056 0.14148094 0.0028381506 0.013796432 0.028756842 0.0003284911 0.02503651 0.00034938043 0.0004828025 0.016406404 0.00014428094 0.0026996818 0.0031534857 0.0014155523 0.0003346807 0.012626971 2.9252386e-05 5.3564796e-05 0.009636649 0.0011570536 0.0017928369 4.06607e-05 6.459145e-05 0.00081090425 5.053836e-06 3.726584e-05 0.002559974 0.00411336 9.935516e-06 8.572912e-05 9.4903444e-05 3.5961543e-06 4.1899925e-06 1.8620823e-06 0.0028629296 0.00013460281 2.3135565e-06 1.2159474e-07 3.0914154e-07 1.888285e-05 9.5826006e-05 1.7993414e-05 8.1125336e-08 0.0110822935 1.5030298e-06 0.0021235454 4.8028514e-08 2.3117147e-08 2.3328762e-06 2.3323603e-06 5.7196317e-05 5.885775e-05 0.0004700939 1.6388627e-09 0.0009029328 0.00032603112 1.067078e-06 2.4229857e-05 2.3837981e-06 2.6931411e-06 1.0488043e-05 4.1042025e-05 2.2680824e-09 7.316819e-05 0.00012806243 9.4997806e-05 0.00018439088 1.2396159e-06 7.370647e-05 0.0005541277 5.1577963e-06 0.00025919673 0.00012236607
0.09625719 0.6251983 6.958515e-19 0.62143314 0.52969503 0.3370587 0.25425133 0.9580039 0.22875836 0.08105373 0.32566598 0.014893767 0.22154804 0.12209631 0.007943056 0.007586331 0.0037672664 0.537933 0.115273654 0.5219005 0.15914457 0.5782148 0.026719175 0.0014697764 0.052185442 0.0012172998 0.065275885 0.14923362 0.05796951 0.16671427 0.030437121 0.080359735 0.0064448793 0.0032004667 0.057078965 7.4327145e-05 0.0033124324 0.0534251 8.8220724e-05 0.0008034332 0.007651816 0.0063482476 0.0014553264 0.018373732 9.256957e-05 3.5314937e-05 0.0078031737 0.0015419864 0.0042025233 3.647858e-05 6.31227e-05 0.0012737669 6.6626963e-06 3.5643156e-06 0.00202091 0.00085595157 2.7957456e-06 5.3795234e-06 8.564831e-05 7.71568e-06 1.6944472e-05 7.814999e-07 0.0003958495 0.00015167843 1.5367931e-06 3.5533952e-07 5.370325e-07 2.063219e-05 5.3697317e-05 8.188663e-06 1.6546474e-07 0.0014169575 9.470187e-06 0.0010851371 6.4906556e-07 1.247948e-07 5.991445e-06 2.2859542e-05 6.081987e-05 3.3019736e-05 0.00025547508 1.31591475e-08 0.00026184024 0.000118521886 4.0436527e-07 2.7308068e-05 8.675522e-07 2.0640435e-05 4.5217283e-05 0.000111492736 8.779323e-08 2.2837508e-05 0.0001450414 2.1682148e-05 5.6487494e-05 5.3836273e-05 0.00014166489 0.00018199589 2.3022237e-06 3.104989e-05 0.00036880167
0.44471425 0.6424957 0.62143314 2.1171239e-20 0.15846843 0.94128615 0.32992008 0.3760163 0.046690308 0.052861262 0.018972158 0.014272704 0.726109 0.008206942 0.0015055877 0.004673542 0.0018804815 0.042233933 0.38990495 0.3932921 0.24156195 0.21401757 0.07129107 0.00035578464 0.11013709 0.0025864872 0.46280834 0.013096421 0.33362624 0.5208293 0.058233064 0.090429 0.013874313 0.012884406 0.3024743 0.00013633865 0.015142746 0.016915958 8.480893e-05 0.00080261915 0.06843658 0.012584169 0.011153203 0.13198797 0.00078227924 4.341107e-05 0.0023171757 0.014409629 0.0012171061 0.0019483458 4.7074303e-05 0.014034712 1.0634e-05 1.3766118e-05 0.06120421 0.0042399336 1.7321252e-05 4.9906786e-05 2.931768e-05 3.5719888e-06 2.1097732e-05 1.7421572e-06 0.010103977 0.005045892 1.6919337e-06 9.9271595e-08 3.3224612e-07 1.2954932e-05 0.0046373247 0.00013068317 1.2630113e-07 0.053806826 7.4376676e-06 0.024765559 1.3527628e-07 2.5763674e-08 0.0001221011 0.000112455426 0.00035596383 0.0008118862 0.003211662 4.790626e-09 0.0069234916 0.002389082 4.976074e-07 0.00027626473 1.5558174e-06 6.524756e-06 8.596902e-05 0.0001939264 5.4372564e-09 0.00026808307 0.000104559294 0.00011510379 8.0156926e-05 1.7151973e-05 0.0001304864 0.0009249616 2.0319185e-06 0.00012360368 0.0015173891
0.1903674 0.9303021 0.52969503 0.15846843 2.2574525e-20 0.4216056 0.6462966 0.5585872 0.84297705 0.56939363 0.5076866 0.2502331 0.019587725 0.29397696 0.30339873 0.27040744 0.16158536 0.27306646 0.34322807 0.012957206 0.00088462443 0.14308017 0.00012278608 0.10060073 0.12529092 0.060110603 0.05396781 0.27104405 0.0042110085 0.08865915 0.001117184 0.004523661 0.016946808 9.233329e-05 0.0081557315 0.00060645974 0.0001039413 0.03362906 7.659415e-05 0.0030682033 0.001246981 0.0005417801 4.9287784e-05 0.0036320968 1.1875286e-05 6.117221e-05 0.033079244 0.00015013336 0.0060102628 7.994514e-07 0.00051042665 0.00031526815 1.395287e-06 8.227614e-06 0.00037398408 0.001975773 2.0318719e-06 0.00021033957 0.00015835844 9.406769e-07 3.2552314e-06 1.1560476e-06 0.0007716943 1.4592607e-05 1.8402532e-06 3.2943944e-08 5.181854e-07 2.933312e-05 1.4681625e-05 9.42899e-07 4.8468397e-08 0.003727336 6.6797503e-07 0.0005447581 1.320312e-08 2.4254396e-08 1.8624274e-07 3.603149e-07 2.0448077e-05 2.4657846e-05 9.739429e-05 2.6404237e-08 0.0004614316 0.00020764096 6.127281e-07 4.2394313e-06 1.6926275e-06 1.7753715e-06 3.0979097e-06 4.7494756e-05 1.8370222e-09 7.704449e-05 0.00011198698 8.8906214e-05 0.00011434656 5.8021584e-08 7.431775e-06 0.00032005244 2.8868135e-05 0.00022904092 2.38078e-05
0.44241706 0.76603836 0.3370587 0.94128615 0.4216056 2.2081964e-21 0.7541398 0.21173538 0.1553725 0.22027127 0.0528592 0.06593709 0.10689555 0.020760952 0.012617686 0.032884568 0.020623706 0.038382396 0.8167976 0.06295745 0.013785503 0.08559846 0.002529305 0.0055206153 0.25577822 0.04786493 0.3792203 0.03140923 0.021791197 0.2332642 0.009577929 0.02371344 0.052753214 0.0015611228 0.034644283 0.0009689656 0.0026781631 0.01253313 0.00059357606 0.0046427455 0.0066001946 0.002788483 0.0014006546 0.015829127 0.00017558747 0.00035127878 0.0065300907 0.0028920132 0.0024824238 0.00020895482 0.00033432725 0.0013467786 5.7899346e-05 7.397167e-05 0.0066011394 0.012956501 0.00013124508 0.0004483719 8.115571e-05 2.1779508e-05 7.773429e-06 1.744108e-05 0.011141319 0.0009063743 1.1762741e-05 7.6104635e-07 1.8272701e-06 4.3002896e-05 0.0006019687 5.3406362e-05 2.9042792e-07 0.038669094 3.7513532e-06 0.008065347 1.0631028e-07 8.6233854e-08 1.7168944e-05 9.360071e-06 0.00013224746 0.00023280381 0.0016011262 1.8002691e-08 0.004764817 0.0012600495 3.6286344e-06 0.00010473384 5.4375534e-05 5.255917e-05 1.0190742e-05 6.4219355e-05 4.3508552e-09 0.00015722877 0.000103354454 0.000716853 0.00049892394 3.2703572e-06 0.00011906114 0.0006570564 4.2862048e-05 0.00027860736 0.0006938238
0.42532456 0.718208 0.25425133 0.32992008 0.6462966 0.7541398 1.2413308e-20 0.1811967 0.6202213 0.8991915 0.17678446 0.76298785 0.015764272 0.06230875 0.1999371 0.50198776 0.43441597 0.027708767 0.74466914 0.009202706 0.0013960424 0.03326498 0.00026133456 0.0627439 0.44369477 0.53391343 0.17538282 0.025797348 0.0044849357 0.06934808 0.0020399324 0.0069590597 0.27635407 0.0002277962 0.00895957 0.0074164085 0.00033854588 0.0027699908 0.0018374281 0.030742666 0.0020616553 0.00043907485 0.00011692343 0.006154693 2.7091057e-05 0.00043400662 0.008409797 0.00067775074 0.001029769 1.3008514e-05 0.0013454296 0.00055353873 9.098618e-05 0.00018108469 0.0015363424 0.026495017 5.404909e-05 0.0017977809 6.2595165e-05 3.9689567e-05 2.9018415e-06 1.1380276e-05 0.012455644 5.1750885e-05 1.2158396e-05 4.550598e-06 7.5092094e-06 1.0995273e-05 8.912362e-05 8.593332e-06 5.31983e-07 0.026303615 1.2886279e-06 0.0021862418 9.734521e-08 1.6943677e-07 3.2072553e-06 9.584794e-07 1.5713305e-05 6.967217e-05 0.0010431564 1.279971e-08 0.002331115 0.0004186973 3.8040343e-06 2.0653215e-05 1.1817973e-05 2.5266623e-05 4.988673e-06 6.212513e-06 3.864914e-09 5.0753217e-05 4.3794043e-05 0.0005515658 0.0003605576 1.2654632e-06 8.520634e-05 0.00035650365 7.816676e-05 0.0003558718 0.00031610084
0.030561043 0.48360568 0.9580039 0.3760163 0.5585872 0.21173538 0.1811967 5.4331808e-21 0.26486325 0.08647551 0.5021212 0.026735792 0.07123352 0.39530975 0.023810135 0.020532932 0.0144109605 0.90347904 0.09772398 0.24333227 0.043643944 0.6211117 0.0063976254 0.028247466 0.03543077 0.005425352 0.06631259 0.44796538 0.014344029 0.069654904 0.010780304 0.047115423 0.007873616 0.0021309145 0.015353987 0.00023019845 0.0032642577 0.14304058 0.00042080935 0.0019109637 0.002260348 0.0070847822 0.00090372673 0.00632272 9.354534e-05 5.7225072e-05 0.019959558 0.00048534502 0.018078422 7.705037e-05 0.00035984136 0.00050225353 5.5711957e-05 8.798262e-05 0.0008992716 0.0007662572 1.5562946e-05 4.0223298e-05 0.00031236606 2.1100368e-05 8.213425e-06 2.1324033e-06 0.00023487596 8.005716e-05 2.8413624e-06 4.7141084e-06 8.46793e-07 0.00014948573 1.5914624e-05 9.838575e-06 1.9417735e-06 0.0010261197 2.28424e-06 0.0003958948 4.4477292e-07 2.5464573e-07 1.6859611e-06 1.3097144e-05 1.2459657e-05 2.1115828e-05 0.0003261639 2.4831563e-08 0.00020862688 0.00050427485 8.033454e-07 1.8525696e-05 2.0097152e-06 1.0881445e-05 5.435533e-06 0.000100954945 4.1866933e-08 8.557017e-05 0.00017013995 1.4032744e-05 0.00015146896 9.00448e-06 0.00013385637 0.00017782318 1.7397116e-06 8.989624e-05 0.00018956042
0.18205108 0.4566368 0.22875836 0.046690308 0.84297705 0.1553725 0.6202213 0.26486325 7.699777e-22 0.7716454 0.68708175 0.64404935 0.0019150487 0.45522302 0.9069938 0.7445765 0.60487425 0.12466603 0.21470574 0.0040065222 0.0003440404 0.05285085 2.6972268e-05 0.58987486 0.11113278 0.3060208 0.025221398 0.27460653 0.00062019203 0.035782527 0.0007482196 0.0033612663 0.04566474 5.408617e-05 0.0032797789 0.017778141 7.3460156e-05 0.012786529 0.0006198893 0.014753475 0.0003071513 0.0002022214 8.132372e-06 0.0020834543 4.6488726e-06 0.001070945 0.046425935 2.7530014e-05 0.003348159 3.5383437e-07 0.010514462 5.687762e-05 2.1302802e-05 4.6236324e-05 0.000110409885 0.0031920127 6.574676e-06 0.0008123695 0.00017024593 5.2976125e-06 6.9426153e-07 1.4683969e-06 0.0009899301 2.7935573e-06 1.9200297e-06 6.4433823e-07 1.4798854e-06 4.5010765e-05 1.9442323e-06 2.2372184e-07 4.1012325e-07 0.0019255393 1.9436047e-07 0.00013426921 1.3746732e-08 3.5561495e-08 1.782179e-08 1.6825071e-07 9.749659e-07 2.9496523e-05 3.0380126e-05 6.285307e-08 0.00036653917 0.00013072095 4.0862918e-07 7.0279503e-07 1.4029338e-06 3.767688e-06 2.7267208e-07 4.4522538e-05 1.8065249e-09 2.041351e-05 3.0581687e-05 0.00014110937 6.237099e-05 1.9872962e-08 2.061145e-06 0.00031391208 4.0182582e-05 0.00024087369 3.3561623e-06
0.4751402 0.32284254 0.08105373 0.052861262 0.56939363 0.22027127 0.8991915 0.08647551 0.7716454 8.199845e-21 0.20614842 0.8692207 0.003155071 0.08944489 0.49595842 0.75096726 0.6576433 0.025860183 0.43732098 0.0029900826 0.00026234964 0.020597074 4.9825943e-05 0.21484786 0.2405437 0.587534 0.03637495 0.06502042 0.0017158882 0.03220645 0.0005023963 0.002058885 0.17440408 4.7095455e-05 0.00366423 0.0186501 7.536635e-05 0.0030063177 0.0017367409 0.035955034 0.0005480287 0.0001645438 1.4279156e-05 0.0025911373 5.4783736e-06 0.00086847413 0.021138271 0.00011967107 0.0011038029 4.715617e-07 0.0044442597 0.0002131704 2.7959923e-05 8.5759304e-05 0.00032019836 0.017177144 1.1896823e-05 0.0020227572 3.1757372e-05 5.202083e-06 2.3697764e-06 2.3141147e-06 0.0063146963 5.30883e-06 4.6282407e-06 8.7123186e-07 3.0780345e-06 1.311847e-05 1.3867895e-05 7.06126e-07 4.349947e-07 0.0086703375 8.236403e-07 0.00057335064 2.559494e-08 8.2515484e-08 1.9810828e-07 3.0441927e-07 7.759661e-06 2.3892504e-05 0.00027751506 1.1098718e-07 0.0012248481 0.00024007907 1.6270343e-06 2.382514e-06 6.3325197e-06 6.5462705e-06 1.5024078e-06 2.4232815e-05 3.4219303e-09 0.000102654056 3.087785e-05 0.00053225935 0.0003249825 1.3261933e-07 5.7563966e-06 0.0003470899 0.00013305875 0.000502951 1.3743686e-05
0.025415782 0.17774285 0.32566598 0.018972158 0.5076866 0.0528592 0.17678446 0.5021212 0.68708175 0.20614842 1.1648014e-21 0.1458965 0.0018633169 0.94859725 0.47826308 0.16424325 0.11638942 0.41777045 0.05222258 0.009786686 0.0010696186 0.101718284 0.00019092731 0.5657472 0.02397325 0.06707698 0.007314415 0.6955077 0.00040671168 0.012701768 0.0010667148 0.0034726097 0.0070252507 0.00017939451 0.0014328483 0.002977068 0.00013460088 0.03418934 0.00037296844 0.004074911 0.00012443645 0.0003805929 3.7855185e-05 0.00076069956 2.765675e-05 0.0007163944 0.12797976 4.8429847e-05 0.013485485 3.0005128e-06 0.014381292 2.221206e-05 4.6926256e-05 6.2655905e-05 3.9971033e-05 0.00036231257 1.1869648e-05 0.00014947563 0.0006542246 1.6613596e-05 1.786705e-05 2.0446876e-06 8.385294e-05 1.1177086e-05 5.535529e-06 4.8686834e-06 7.966541e-06 0.00017510554 1.5622912e-06 2.707601e-06 1.8264791e-06 0.000182099 1.9252575e-06 9.851772e-05 3.0606952e-07 3.8237135e-07 9.625111e-08 6.592705e-07 6.744346e-06 1.3449176e-05 2.8571294e-05 5.5465813e-07 6.355435e-05 0.00013434427 6.7567805e-07 2.326757e-06 4.2921056e-06 9.657321e-06 1.9511217e-06 3.4765108e-05 4.0819934e-08 8.35385e-06 8.767254e-05 1.0161424e-05 1.9092686e-05 8.021874e-08 1.0134635e-05 5.1398325e-05 2.7609244e-06 5.693808e-05 3.1180367e-05
0.36265588 0.09049587 0.014893767 0.014272704 0.2502331 0.06593709 0.76298785 0.026735792 0.64404935 0.8692207 0.1458965 8.643469e-21 0.0017155256 0.03795438 0.500808 0.8739209 0.8787172 0.008562578 0.21087058 0.0014250276 0.00023784663 0.0067466563 3.0397889e-05 0.4187763 0.18185794 0.83560956 0.020089416 0.020411888 0.000788188 0.009263989 0.0002721163 0.0013224531 0.2868985 5.0515926e-05 0.0015478047 0.19882622 7.6427285e-05 0.00039789182 0.026656887 0.21197085 0.0002806067 0.00011012038 1.49446605e-05 0.0011708875 5.63487e-06 0.010884139 0.01136919 3.6902387e-05 0.00016061969 1.3047097e-06 0.019152714 7.718827e-05 0.00047186698 0.0012145729 0.00014303887 0.038745996 0.00012140003 0.008495692 3.458937e-05 0.0001210801 2.4391347e-06 7.410777e-06 0.010652937 4.61105e-06 1.4481187e-05 1.818081e-05 2.0522491e-05 1.1129848e-05 3.365348e-06 1.930002e-06 4.6426608e-06 0.008828041 4.395237e-07 0.00019200482 2.2134812e-07 1.2251483e-06 5.659237e-07 2.6631398e-07 1.5267019e-06 1.5795325e-05 0.00037287365 1.819333e-07 0.0007372158 0.0001623126 1.2572861e-05 3.113958e-06 7.418318e-05 8.062921e-05 1.4873674e-06 4.6164973e-06 2.1025814e-08 4.156948e-05 2.3517798e-05 0.00088223175 0.00036719046 7.435213e-08 1.3376545e-05 0.00014064692 0.00014670868 0.00042521945 5.223118e-05
0.7861915 0.07321522 0.22154804 0.726109 0.019587725 0.10689555 0.015764272 0.07123352 0.0019150487 0.003155071 0.0018633169 0.0017155256 1.374188e-16 0.0006737574 0.0006541039 0.0006807506 0.0008686609 0.028002905 0.037954643 0.6522162 0.65600616 0.31006294 0.58579415 0.00021536725 0.016676404 0.0003006666 0.07633507 0.0016335475 0.8933436 0.38480896 0.29723507 0.2831517 0.0032045988 0.168941 0.5203271 3.9219703e-06 0.05627311 0.014910887 1.868398e-05 0.00017154847 0.21763772 0.03856031 0.09111554 0.26726368 0.016956085 8.978746e-06 7.235631e-05 0.15257901 0.00072111894 0.023124428 3.013643e-05 0.08728593 1.1575028e-06 6.510282e-07 0.13714933 0.0007043968 3.731397e-06 5.3725842e-05 3.0745198e-06 5.0833655e-06 0.00063535105 1.288596e-06 0.0030456232 0.01509158 9.025393e-07 2.0118603e-07 2.1610895e-06 1.08903305e-05 0.020988079 0.0003628925 2.6943394e-07 0.034560226 8.1610444e-05 0.049637582 1.5019916e-07 9.9256276e-08 0.00032788608 0.00037004144 0.0010793795 0.009605365 0.0041224556 3.2715408e-07 0.013290987 0.008799764 4.0988786e-07 0.0006841692 2.5548607e-06 2.7797265e-05 0.00017622241 0.0022676545 1.5265169e-08 0.0012103115 0.0003248945 0.00017049111 0.0002380107 0.000104143706 0.0004843301 0.0026836756 3.3249953e-06 8.071021e-05 0.0016602085
0.0048812926 0.07003586 0.12209631 0.008206942 0.29397696 0.020760952 0.06230875 0.39530975 0.45522302 0.08944489 0.94859725 0.03795438 0.0006737574 3.5170885e-22 0.2563921 0.07503704 0.042619936 0.3791869 0.038990185 0.0030187145 0.00034235007 0.06461441 4.959715e-05 0.27176443 0.01517751 0.020235267 0.0039634644 0.7134104 0.00017086955 0.0072900415 0.00031013653 0.0018062255 0.003156353 6.39427e-05 0.0005653765 0.0010380915 7.5330485e-05 0.028757477 0.00012296502 0.002232273 1.7620301e-05 0.0004559162 2.5254894e-05 0.00022423847 7.916473e-06 0.00014306535 0.06765264 6.359481e-06 0.009291709 2.378895e-06 0.009063791 5.533887e-06 2.0915708e-05 4.0815907e-05 1.6029246e-05 0.00011883676 5.929593e-06 5.0279075e-05 0.00035082627 4.402207e-06 3.2299113e-06 8.168457e-07 1.9957926e-05 5.64789e-06 2.3293085e-06 2.0177852e-06 3.2472005e-06 0.000121072255 3.4044763e-07 1.1636654e-06 9.2226975e-07 0.00014109914 2.159148e-07 0.00012722687 2.0892898e-07 2.0860327e-07 4.0970086e-08 4.808872e-07 7.9623373e-07 4.751399e-06 9.617217e-05 2.7632257e-07 6.842462e-05 0.00022218004 4.0458514e-07 4.309144e-07 2.0032076e-06 6.7903366e-06 1.6429864e-07 2.385341e-05 2.505115e-08 2.3318142e-05 2.3394454e-05 1.2086718e-05 5.6814086e-05 4.395264e-08 2.7539245e-06 3.2870088e-05 1.710086e-06 6.880001e-05 6.7973465e-06
0.17495924 0.036504045 0.007943056 0.0015055877 0.30339873 0.012617686 0.1999371 0.023810135 0.9069938 0.49595842 0.47826308 0.500808 0.0006541039 0.2563921 7.184569e-22 0.7698007 0.64122236 0.023553971 0.04982419 0.0011608164 9.971971e-05 0.009965085 1.2543269e-05 0.95531166 0.030443747 0.26515636 0.0038717338 0.16420482 0.00022391384 0.007220036 0.00045574168 0.0009863825 0.023598436 3.627629e-05 0.0011113976 0.051098265 3.6015244e-05 0.0024782286 0.0038132227 0.02107695 6.0759292e-05 5.727257e-05 3.3196093e-06 0.00044941454 7.6194433e-06 0.00921686 0.06053437 8.314459e-06 0.0013599595 2.1070747e-07 0.067989394 1.08137765e-05 0.00010257556 9.824263e-05 1.3955751e-05 0.0023384297 4.939017e-05 0.0020694262 0.00016262186 1.6298165e-05 3.7787713e-06 4.2140086e-06 0.00044400082 7.1545526e-07 7.880993e-06 3.8092624e-06 6.9663897e-06 6.707666e-05 3.9820512e-07 2.0065161e-07 9.980952e-07 0.00037872192 3.056384e-07 5.874627e-05 1.3950415e-07 1.8529548e-07 4.583656e-08 2.3763812e-07 1.0214702e-06 1.25666165e-05 2.4734954e-05 4.5310285e-06 0.00025995006 0.0001475973 2.5755837e-06 2.8994944e-07 3.0145344e-05 3.791071e-05 3.7137443e-07 1.5558851e-05 2.106957e-08 3.7377067e-05 1.9811436e-05 0.00023386971 0.00012258683 4.850777e-09 1.489589e-06 0.00028447385 9.099399e-05 0.00034669277 1.1357734e-05
0.26673618 0.060457885 0.007586331 0.004673542 0.27040744 0.032884568 0.50198776 0.020532932 0.7445765 0.75096726 0.16424325 0.8739209 0.0006807506 0.07503704 0.7698007 8.956126e-21 0.9297013 0.009842462 0.1299819 0.00066652644 5.4161166e-05 0.0040937266 4.9174328e-06 0.623275 0.104606405 0.69583154 0.008469348 0.038418923 0.00029482815 0.007355925 0.0001874837 0.00087149907 0.13659728 1.5881193e-05 0.0011116723 0.17271584 3.7850234e-05 0.0005221682 0.018031405 0.09715401 0.0001476353 4.1578995e-05 3.1640125e-06 0.0006611755 2.2310535e-06 0.016244672 0.022342155 1.1601722e-05 0.0003084352 2.4311538e-07 0.048520874 3.1994517e-05 0.00018005834 0.000575074 6.6456545e-05 0.016168581 8.128973e-05 0.0070452145 4.1570747e-05 3.5830963e-05 1.2348444e-06 3.3346396e-06 0.0042531155 1.9983552e-06 6.181239e-06 8.11854e-06 8.997869e-06 1.498928e-05 8.2037286e-07 2.8471956e-07 2.5947572e-06 0.004569914 2.7632913e-07 0.00011464169 9.268321e-08 6.0866e-07 6.6948616e-08 1.8382018e-07 8.677434e-07 2.65621e-05 8.911562e-05 4.7720584e-07 0.00057045015 0.00030669293 4.244703e-06 6.1681453e-07 3.0798976e-05 2.304573e-05 5.5426943e-07 2.2367021e-05 1.1488541e-08 8.316073e-05 2.8960596e-05 0.00063333655 0.00028042935 6.524123e-09 1.8947675e-06 0.0003341484 0.00014634745 0.00040026114 6.0975603e-06
0.370329 0.032941915 0.0037672664 0.0018804815 0.16158536 0.020623706 0.43441597 0.0144109605 0.60487425 0.6576433 0.11638942 0.8787172 0.0008686609 0.042619936 0.64122236 0.9297013 2.0089614e-20 0.007899165 0.09292591 0.00076448213 0.00010255972 0.0037123743 1.29460395e-05 0.6178051 0.08441837 0.7592297 0.0058852844 0.02949075 0.00039451406 0.005330739 0.00037304402 0.0011197237 0.1301362 4.469965e-05 0.0010238972 0.23333505 5.8723756e-05 0.00034587327 0.025104703 0.13039641 0.00021151835 9.653522e-05 9.217699e-06 0.00063155394 5.675773e-06 0.025944741 0.020243807 9.557352e-06 0.00025856867 3.7367263e-07 0.063369945 4.7772315e-05 0.00035003744 0.0007493261 5.086777e-05 0.017529977 0.0001713498 0.0077375625 3.7968675e-05 8.105193e-05 4.3090395e-06 1.1774784e-05 0.0043507605 2.0726109e-06 2.3111737e-05 1.848077e-05 2.5536634e-05 2.2804583e-05 1.0408571e-06 3.198341e-07 5.6245617e-06 0.0031104335 5.160352e-07 0.00011344393 2.3041356e-07 1.6379886e-06 1.7645878e-07 2.378143e-07 1.7853278e-06 1.873017e-05 0.00013090683 1.4669426e-06 0.0005061763 0.00026880403 9.87472e-06 7.900908e-07 0.00014314681 7.8717276e-05 1.1446155e-06 1.756351e-05 3.6988617e-08 0.000111169764 3.75366e-05 0.00076250016 0.00023359887 1.13614345e-08 2.8574493e-06 0.00023073472 0.00019105556 0.00047091144 1.7533472e-05
0.009384518 0.09814686 0.537933 0.042233933 0.27306646 0.038382396 0.027708767 0.90347904 0.12466603 0.025860183 0.41777045 0.008562578 0.028002905 0.3791869 0.023553971 0.009842462 0.007899165 4.597228e-19 0.049942397 0.13649035 0.0153394975 0.7936351 0.0024258886 0.019189522 0.016084395 0.0024957813 0.010822343 0.9350787 0.0043370235 0.034137577 0.0102908965 0.05898093 0.0018504059 0.0014669204 0.0049479944 0.00012289784 0.003772794 0.52706164 0.00024628857 0.0008210355 0.00034616332 0.020438803 0.00044396482 0.0019964525 0.00012669522 0.00012631928 0.07051947 0.00021995814 0.10188639 2.6845264e-05 0.0014048317 0.00014501318 5.0115494e-05 3.333341e-05 0.00022095468 3.797092e-05 2.0607766e-05 8.3132814e-05 0.0010545909 2.253372e-05 6.383212e-05 7.3683586e-06 3.9155926e-05 6.407547e-05 8.068301e-06 5.7705556e-06 8.446729e-06 0.0004986048 1.986471e-05 1.0996583e-05 2.2724266e-06 0.0002925695 9.019176e-06 0.00039694447 2.2635888e-06 3.0215946e-07 8.729243e-07 8.591225e-06 8.46263e-06 1.4890358e-05 0.00025947622 7.427445e-08 0.00013785712 0.00043373686 3.1392312e-06 8.093039e-06 8.747582e-06 4.330431e-05 5.3905446e-06 5.498465e-05 1.9861241e-07 5.663567e-05 0.00015179231 3.3063736e-06 3.995289e-05 1.4420426e-05 3.222375e-05 3.7683763e-05 9.325202e-07 3.624385e-05 4.8199003e-05
0.8473849 0.41605237 0.115273654 0.38990495 0.34322807 0.8167976 0.74466914 0.09772398 0.21470574 0.43732098 0.05222258 0.21087058 0.037954643 0.038990185 0.04982419 0.1299819 0.09292591 0.049942397 5.077556e-19 0.048694458 0.009315191 0.08411798 0.0035622567 0.022229584 0.9028923 0.14692037 0.7335664 0.05706886 0.01315654 0.296472 0.00690766 0.018437179 0.2957509 0.002698037 0.02764701 0.0017810969 0.0018903717 0.019770669 0.0015643577 0.019948715 0.0032603468 0.0021413232 0.0011237818 0.013884034 0.00021354663 0.0012596314 0.015950212 0.0012801132 0.0042299493 0.00011965772 0.0043315794 0.0014121357 0.00018739272 0.00015401485 0.0053237844 0.03282316 0.00078263774 0.0023450076 0.00023885795 6.7225745e-05 5.542935e-06 6.761119e-05 0.020021683 0.00029408006 3.4961806e-05 3.6038036e-06 5.0613333e-05 6.3381834e-05 0.00060890743 1.1060626e-05 1.7162439e-06 0.1166894 2.015427e-06 0.010401023 1.3523656e-07 2.0740652e-07 5.8571763e-06 6.7638894e-06 2.9815314e-05 0.00024349305 0.0065136743 8.073988e-06 0.025939317 0.00651656 0.0002925145 2.4783785e-05 0.0003190818 7.5028205e-05 1.0242762e-05 0.00026443705 3.8007726e-09 0.0031279966 7.305446e-05 0.006703107 0.0022456471 9.736643e-07 5.944635e-05 0.0020583451 0.00036222447 0.002694729 0.00035624008
0.22962141 0.04487974 0.5219005 0.3932921 0.012957206 0.06295745 0.009202706 0.24333227 0.0040065222 0.0029900826 0.009786686 0.0014250276 0.6522162 0.0030187145 0.0011608164 0.00066652644 0.00076448213 0.13649035 0.048694458 1.27273955e-17 0.9533923 0.8276083 0.8175276 0.0009578248 0.040923223 0.001111834 0.061288703 0.012067917 0.49242094 0.22907643 0.73528206 0.7092358 0.010564115 0.6771324 0.46554303 2.689921e-05 0.31617466 0.10077378 0.00022946135 0.00084468594 0.24431953 0.16338879 0.22340856 0.15504776 0.24742347 0.0006708248 0.0033092196 0.20781715 0.001793007 0.026779123 0.00059444597 0.06867514 2.3634559e-05 2.8905408e-05 0.026468273 0.0011162467 2.8481543e-05 1.4413029e-05 0.00010834822 1.7428842e-05 0.0048762606 1.0209749e-05 0.0006344141 0.008258186 2.3834606e-05 3.4678665e-06 3.029271e-06 6.4211396e-05 0.0031211593 0.0010043494 5.101176e-07 0.0021406955 0.00016328091 0.001664034 3.1581128e-06 4.1285887e-07 0.0001063719 0.00024761993 0.00042776443 0.0005299194 0.00013341899 7.658817e-07 0.00022498066 0.00047872405 2.3562015e-06 0.00071109604 6.1956656e-05 0.0006196024 0.00015173803 0.0004930657 2.5440812e-07 0.0001597989 0.002412197 7.350172e-05 0.00018473114 0.00081585394 0.0011286348 0.0023230712 5.2597456e-06 0.00010629574 0.0018025414
0.24881797 0.00522344 0.15914457 0.24156195 0.00088462443 0.013785503 0.0013960424 0.043643944 0.0003440404 0.00026234964 0.0010696186 0.00023784663 0.65600616 0.00034235007 9.971971e-05 5.4161166e-05 0.00010255972 0.0153394975 0.009315191 0.9533923 1.6710767e-18 0.3255122 0.96320736 0.0002353134 0.009789496 0.00018822594 0.023181506 0.00096656504 0.46994093 0.120524935 0.50685805 0.36331093 0.004025408 0.56931335 0.3532506 5.242873e-06 0.122102916 0.011118933 3.534698e-05 0.0001397647 0.30959812 0.047064364 0.29889742 0.15952955 0.24964567 0.00010053059 0.00054111244 0.3491151 0.00028995043 0.10208042 5.7612542e-05 0.10210676 4.955708e-06 5.633103e-06 0.03759714 0.00077252043 1.164934e-05 1.9704419e-06 3.5364243e-05 7.2793628e-06 0.004609619 1.7042395e-06 0.00036724986 0.046555523 5.169694e-06 5.2877016e-07 1.2209749e-06 4.5430763e-05 0.009515527 0.0044897906 2.0186445e-07 0.0011442575 0.00042200836 0.0035709895 1.9747431e-07 6.624668e-08 0.00019747028 0.00062794983 0.0018084466 0.0013144336 0.00031018566 3.2307258e-07 0.00038241167 0.0009059473 1.2531987e-06 0.0019161821 3.73996e-05 0.00013727516 0.00042120522 0.0010161375 7.1621535e-08 0.00034973028 0.0018749632 0.00013888099 0.0005018949 0.0008475735 0.0011813657 0.0031696514 1.6453447e-05 0.00023274831 0.0025193314
0.035391875 0.098499194 0.5782148 0.21401757 0.14308017 0.08559846 0.03326498 0.6211117 0.05285085 0.020597074 0.101718284 0.0067466563 0.31006294 0.06461441 0.009965085 0.0040937266 0.0037123743 0.7936351 0.08411798 0.8276083 0.3255122 1.3420681e-16 0.2350454 0.0040027285 0.04549148 0.00381219 0.03964179 0.46432889 0.14103496 0.16095611 0.6957962 0.8793595 0.007139841 0.35727292 0.15215015 0.00017785573 0.4246806 0.75794154 0.00091893756 0.0015615122 0.03511449 0.46329778 0.03556178 0.042092606 0.03725739 0.0015383218 0.023864865 0.011499807 0.042590998 0.003392668 0.0022829575 0.009062265 0.00015436439 2.5529618e-05 0.004187972 0.0004460131 9.971539e-06 2.3888972e-05 0.00022105542 0.00012382999 0.001142739 1.3331919e-05 0.00037783734 0.00085146923 1.0309815e-05 3.0027302e-05 1.0467657e-05 0.0002129599 0.00039810324 0.00021350874 1.5129716e-06 0.0010101008 8.131159e-05 0.0023242235 3.9627912e-07 3.6511416e-08 2.0983687e-06 9.996203e-05 9.4880554e-05 0.00069791236 0.0003905343 1.2028562e-06 0.0010041641 0.002273437 1.0869952e-05 0.00018164043 7.6280274e-05 0.0007847005 0.00010030056 0.0024717497 3.7538225e-08 0.0005609919 0.0043302868 7.7706536e-05 0.00024269323 0.0019113866 0.0010262445 0.0011687481 1.3915603e-05 0.0003268586 0.0012400507
0.1999885 0.00043167046 0.026719175 0.07129107 0.00012278608 0.002529305 0.00026133456 0.0063976254 2.6972268e-05 4.9825943e-05 0.00019092731 3.0397889e-05 0.58579415 4.959715e-05 1.2543269e-05 4.9174328e-06 1.29460395e-05 0.0024258886 0.0035622567 0.8175276 0.96320736 0.2350454 5.964187e-18 1.531001e-05 0.0023406572 2.0163261e-05 0.013785556 0.00016579386 0.46658182 0.06914775 0.6288541 0.42721716 0.00096982444 0.74326104 0.31690553 1.6477219e-07 0.2072486 0.006934639 1.8035687e-06 8.736277e-06 0.31181374 0.057197902 0.5830791 0.13195576 0.57312244 7.860891e-06 0.00020631157 0.4790028 7.8214645e-05 0.19291659 2.2040642e-06 0.114447474 1.07965896e-07 8.007826e-08 0.039194264 0.000110661495 1.0497413e-06 5.359767e-08 1.3595024e-05 2.505415e-07 0.009148317 2.2544491e-07 3.0175286e-05 0.06668976 5.6951376e-07 1.5426917e-08 1.0851609e-07 1.5532847e-05 0.010563263 0.009817446 2.099275e-08 0.00017283043 0.0007776611 0.002545807 2.0707863e-07 1.0448193e-08 0.00016519145 0.00049493863 0.00084334414 0.0013948852 0.00012126372 8.617315e-09 0.00010980451 0.00018222982 1.7846104e-07 0.00069998775 5.0944404e-06 3.0902538e-05 0.0002371056 0.00069104787 9.430447e-09 0.00011327777 0.0004788514 1.6339563e-05 6.9171e-05 0.0017792514 0.00092575495 0.004627731 3.341565e-07 8.532921e-05 0.0024239507
0.08638907 0.007314338 0.0014697764 0.00035578464 0.10060073 0.0055206153 0.0627439 0.028247466 0.58987486 0.21484786 0.5657472 0.4187763 0.00021536725 0.27176443 0.95531166 0.623275 0.6178051 0.019189522 0.022229584 0.0009578248 0.0002353134 0.0040027285 1.531001e-05 1.2997043e-18 0.016308118 0.34572774 0.0019081628 0.28046742 9.120346e-05 0.0010473509 0.000497352 0.0009091662 0.016784318 4.3278174e-05 0.00035273773 0.515832 7.6592405e-05 0.0027511986 0.047016352 0.061129004 4.088432e-05 0.0002550262 5.7047732e-06 0.0003392972 2.3687135e-05 0.6401732 0.25035033 7.962242e-06 0.0039311396 2.8964763e-07 0.7582659 2.7160828e-05 0.009467877 0.0042780195 1.7171222e-05 0.003352757 0.030206973 0.014504264 0.001560692 0.0010139943 6.1554645e-05 0.0034671577 0.0015136978 4.342389e-06 0.0006191401 0.00033049617 0.00029616136 0.0014513679 8.247509e-07 1.248288e-06 3.4196306e-05 0.00026211233 2.299845e-06 4.336113e-05 3.1732307e-05 0.00015768256 8.1929585e-08 4.0574352e-07 4.9620894e-07 4.9283058e-06 5.7450467e-05 0.0041407696 5.1246592e-05 4.749417e-05 4.428839e-05 7.2923666e-07 0.00060248905 0.0009926878 2.2540803e-06 6.082425e-06 7.440044e-06 9.134381e-06 1.1517102e-05 0.00014359214 0.00014206643 4.931606e-08 2.1291175e-06 4.482552e-06 0.00013803499 0.00013013408 1.0117185e-05
0.87486655 0.15272135 0.052185442 0.11013709 0.12529092 0.25577822 0.44369477 0.03543077 0.11113278 0.2405437 0.02397325 0.18185794 0.016676404 0.01517751 0.030443747 0.104606405 0.08441837 0.016084395 0.9028923 0.040923223 0.009789496 0.04549148 0.0023406572 0.016308118 8.767596e-22 0.2752156 0.76541674 0.024897445 0.009000944 0.1620815 0.0039422936 0.009735599 0.9066286 0.0028016844 0.047610667 0.006927583 0.0014057939 0.0032073457 0.004184353 0.089312635 0.008337105 0.00033792076 0.0012017005 0.041506153 7.011636e-05 0.0026180565 0.0064277905 0.0019318381 0.0016532233 0.0002505658 0.004845408 0.0024803306 0.00036132862 0.00070428423 0.014003308 0.13468498 0.0006838668 0.010985297 7.3196024e-05 0.00014522672 2.1018254e-06 4.3907792e-05 0.0698592 0.00017793174 2.4067933e-05 7.9312385e-06 5.5888897e-05 2.0858537e-05 0.0008615648 8.805325e-06 1.3717392e-05 0.34590155 2.4749124e-06 0.03273688 2.9532328e-07 2.50585e-07 4.4178987e-06 6.3245407e-06 3.217968e-05 0.0001496482 0.027297841 9.21088e-06 0.067772105 0.028491776 0.00085736485 3.3478045e-05 0.0016414619 0.00027718657 1.2289638e-05 0.00036682366 3.6655507e-08 0.0090648625 5.9309652e-05 0.025541944 0.008193124 9.765293e-07 5.5268756e-05 0.0044377074 0.0012778891 0.0070106974 0.00031160854
0.8593759 0.033503342 0.0012172998 0.0025864872 0.060110603 0.04786493 0.53391343 0.005425352 0.3060208 0.587534 0.06707698 0.83560956 0.0003006666 0.020235267 0.26515636 0.69583154 0.7592297 0.0024957813 0.14692037 0.001111834 0.00018822594 0.00381219 2.0163261e-05 0.34572774 0.2752156 1.2621891e-18 0.013377655 0.005255619 0.00026038897 0.0010703921 0.00025299672 0.0010081858 0.52675915 8.516093e-05 0.0005361462 0.718469 0.0001045582 2.3886258e-05 0.72993034 0.8312655 0.00011826231 8.706787e-05 1.0250169e-05 0.00023381996 1.8898058e-05 0.10145939 0.006786598 1.0873882e-05 1.6992046e-05 6.017215e-07 0.056056384 0.00011248707 0.060740195 0.12805575 4.933025e-05 0.050959654 0.007700318 0.12536173 7.900438e-06 0.00485728 1.8014595e-06 0.0010479324 0.013872686 8.302997e-07 0.00034798527 0.0003531905 0.0003692791 4.1684666e-06 2.0185164e-06 1.5492495e-06 0.00013282496 0.009631508 2.435253e-06 0.00017407887 2.1320068e-06 5.8751616e-06 5.268789e-07 1.8919866e-06 1.0612729e-06 6.6550374e-06 0.0018855588 2.4195382e-05 0.0026777533 0.000503181 0.0011844991 5.7174693e-06 0.0018229727 0.001615156 5.3117574e-06 4.2798924e-06 1.7344972e-07 4.659732e-05 1.0341237e-05 0.008244078 0.0021810224 2.854305e-07 2.2128312e-05 0.00014665608 0.001669445 0.0009567028 0.0005360995
0.87259203 0.16100124 0.065275885 0.46280834 0.05396781 0.3792203 0.17538282 0.06631259 0.025221398 0.03637495 0.007314415 0.020089416 0.07633507 0.0039634644 0.0038717338 0.008469348 0.0058852844 0.010822343 0.7335664 0.061288703 0.023181506 0.03964179 0.013785556 0.0019081628 0.76541674 0.013377655 1.8288024e-21 0.0073115523 0.048040777 0.9514387 0.009011117 0.022421107 0.2118743 0.008565927 0.14701697 0.0012277197 0.0023910124 0.004438829 0.0015293186 0.012313495 0.026003374 0.0007601281 0.0047700526 0.13928352 0.00021311876 0.00048556193 0.0014949864 0.007275904 0.00071963604 0.0011900365 0.00081649225 0.005343645 0.00015996267 0.00037873382 0.058434933 0.06897765 0.0001956973 0.0014033387 4.4571472e-05 9.779003e-05 7.761577e-06 7.119483e-06 0.0614277 0.0029852488 3.3090112e-06 5.7547054e-06 8.277472e-06 8.759553e-06 0.0064909314 9.150367e-05 1.9736576e-06 0.4583011 1.6749154e-05 0.12739111 3.6686092e-07 2.4864156e-07 8.189643e-05 0.00025357306 0.00048184436 0.003051854 0.066953175 2.782669e-06 0.11826859 0.070290506 0.00085767976 0.0009897687 0.0010010642 0.0002765626 9.8043274e-05 0.0042258734 1.2136655e-08 0.01896203 0.00044260803 0.023576194 0.010317945 6.2588565e-06 0.0004921895 0.01680187 0.00067353545 0.0096940985 0.0005984915
0.004901262 0.04932169 0.14923362 0.013096421 0.27104405 0.03140923 0.025797348 0.44796538 0.27460653 0.06502042 0.6955077 0.020411888 0.0016335475 0.7134104 0.16420482 0.038418923 0.02949075 0.9350787 0.05706886 0.012067917 0.00096656504 0.46432889 0.00016579386 0.28046742 0.024897445 0.005255619 0.0073115523 3.8214884e-17 0.00033370958 0.0221385 0.0012834389 0.010347019 0.0016245964 0.00016075684 0.0010984951 0.00040748448 0.00047097565 0.40310895 0.0003951813 0.0013576822 5.3160165e-05 0.005456288 0.00013494933 0.00071264355 0.00013651508 0.00030195856 0.74297273 4.4069224e-05 0.57552433 1.3975569e-05 0.055161793 4.7550366e-05 0.00018614395 3.4847963e-05 6.1501305e-05 1.2575728e-05 0.00011868114 4.6452362e-05 0.0026281856 3.2228792e-05 0.00011042672 1.2776764e-05 5.333218e-06 4.6393478e-05 4.4283664e-05 1.7224738e-05 2.699957e-05 0.001224565 2.3852172e-06 1.3422599e-05 2.527753e-06 0.0002703326 2.7192604e-05 0.00040506196 8.798249e-06 2.1975536e-06 2.4070067e-07 4.8976635e-06 2.1269157e-06 7.4668706e-06 0.00034664714 0.00015998463 0.0005303714 0.0005169384 1.1394958e-05 2.1676638e-06 4.361869e-05 0.00018595676 2.1911205e-06 3.1741598e-05 7.532387e-07 0.00017121749 2.105546e-05 2.7701732e-05 0.00052256417 2.33799e-06 3.913989e-06 3.5886773e-05 9.820577e-06 0.00035057313 3.539591e-06
0.88289475 0.017918056 0.05796951 0.33362624 0.0042110085 0.021791197 0.0044849357 0.014344029 0.00062019203 0.0017158882 0.00040671168 0.000788188 0.8933436 0.00017086955 0.00022391384 0.00029482815 0.00039451406 0.0043370235 0.01315654 0.49242094 0.46994093 0.14103496 0.46658182 9.120346e-05 0.009000944 0.00026038897 0.048040777 0.00033370958 1.1533833e-16 0.36699834 0.25498155 0.20963109 0.002718148 0.11529066 0.8096445 2.1315554e-06 0.05320985 0.004791319 8.630323e-06 0.00011452991 0.6221195 0.025942316 0.078249656 0.46059826 0.022727963 1.2648949e-06 1.5007718e-05 0.4977524 5.528183e-05 0.09039206 3.0781477e-05 0.22947508 7.81722e-07 6.068077e-07 0.15050682 0.00133761 1.4470283e-05 0.00011241788 1.09445855e-05 1.7214893e-06 0.000582676 1.3669824e-06 0.004123804 0.031926442 5.721612e-07 9.8792015e-08 8.7898826e-07 2.9588793e-05 0.042131454 0.0003590834 1.1688378e-07 0.035725396 4.4745964e-05 0.07050253 1.14958915e-07 2.5993478e-07 0.0002757207 0.00053796446 0.0021560679 0.021261737 0.0054067424 1.2983652e-05 0.029484203 0.016953265 5.977596e-07 0.0018109429 2.9836322e-06 1.5476055e-05 0.00039668675 0.006158621 3.075942e-08 0.004140789 0.0008556773 0.0006794748 0.00039188337 0.00010217946 0.0011709277 0.01574558 4.8743605e-06 0.0003122341 0.0027772516
0.95227456 0.14148094 0.16671427 0.5208293 0.08865915 0.2332642 0.06934808 0.069654904 0.035782527 0.03220645 0.012701768 0.009263989 0.38480896 0.0072900415 0.007220036 0.007355925 0.005330739 0.034137577 0.296472 0.22907643 0.120524935 0.16095611 0.06914775 0.0010473509 0.1620815 0.0010703921 0.9514387 0.0221385 0.36699834 1.1954948e-19 0.040548723 0.07490038 0.033013307 0.016513955 0.52450967 2.3264522e-05 0.0065941266 0.025496665 6.5636654e-05 0.0009951148 0.12936704 0.006151064 0.0035717222 0.39231643 0.0007161762 3.5527023e-06 0.0022127721 0.03860128 0.0024406242 0.0022734262 1.6044401e-05 0.07372391 7.431771e-07 2.9141813e-07 0.106500976 0.007619299 7.775112e-06 0.00049780204 2.2523815e-05 2.9392834e-06 4.6004923e-05 1.1626056e-07 0.018872762 0.00350162 4.089896e-08 4.5003443e-08 2.9329956e-07 3.5209594e-06 0.011484113 8.0539205e-05 1.503857e-08 0.33748633 1.5444874e-06 0.13746284 3.73751e-09 5.203092e-09 2.1695862e-05 6.763686e-05 0.00019369648 0.0046688444 0.034263518 1.6740539e-06 0.14706591 0.05437507 3.473265e-06 0.00034420862 1.2582181e-05 3.3064812e-06 0.00025054617 0.0024541449 2.8272903e-10 0.020399632 0.00062531716 0.0089771375 0.0017280369 3.7976695e-06 0.00091117265 0.033541944 0.00016272161 0.0055730264 0.0015210154
0.010116699 0.0028381506 0.030437121 0.058233064 0.001117184 0.009577929 0.0020399324 0.010780304 0.0007482196 0.0005023963 0.0010667148 0.0002721163 0.29723507 0.00031013653 0.00045574168 0.0001874837 0.00037304402 0.0102908965 0.00690766 0.73528206 0.50685805 0.6957962 0.6288541 0.000497352 0.0039422936 0.00025299672 0.009011117 0.0012834389 0.25498155 0.040548723 1.1014686e-17 0.924812 0.0014493935 0.9281159 0.15723984 2.5715279e-05 0.76626414 0.072082095 4.726184e-05 0.00016073092 0.13262948 0.51495564 0.21046348 0.04424997 0.5595748 2.6938076e-05 0.00034535563 0.17483003 0.0005422282 0.05881937 3.1778854e-05 0.027472103 2.7229451e-05 2.3083155e-06 0.007160441 0.00019935281 7.225053e-07 3.1721552e-06 2.2570457e-05 1.7234261e-06 0.016340695 3.2708326e-07 2.5432588e-05 0.012165513 5.837232e-07 1.2557841e-06 7.3120464e-07 1.8828456e-05 0.0035430107 0.0016990979 1.6438422e-07 0.000108747074 0.00016157683 0.0006192624 1.304495e-07 3.7912752e-08 4.1396794e-05 0.00015912918 0.0009373851 0.0008542109 9.785785e-05 1.22294415e-08 0.00014217134 0.00078178884 2.1441163e-06 0.001548763 3.4973946e-05 0.00042231637 0.00026064288 0.0027030155 9.9045545e-09 0.00023437699 0.0049189953 1.5118344e-05 0.00015167048 0.0019338373 0.0022683367 0.0039626486 1.2765273e-06 6.6467765e-05 0.0011772433
