1.7387514e-34 0.850332 0.7475874 0.4047355 0.70495576 0.029859068 0.9527751 0.9301281 0.8507487 0.112377755 0.7137467 0.4849432 0.2690509 0.913538 0.08707934 0.015805926 0.037438948 0.6970623 0.017941969 0.005134943 0.025449222 0.07399575 0.03640896 0.012832584 0.014791202 0.0269407 0.94949174 0.10248447 0.9022683 0.005435386 0.12794317 0.657627 0.67580116 0.0072752167 0.60191905 0.932627 0.063389145 0.0026562726 0.91385317 0.95531917 0.5420469 0.9654009 0.020668318 0.92174035 0.034999657 0.03036734 0.0012898851 0.120482415 0.030645715 0.00033099926 0.019210229 0.28268248 0.0006407285 0.6163369 0.0020448314 0.9122339 0.5078785 0.00025273388 0.0002413253 0.99536943 0.007288137 0.0064584888 0.005889344 0.00014474182 8.755707e-05 0.002430057 0.00022384468 0.0029381358 7.887749e-05 0.025553353 0.000264519 0.00011337494 0.7886836 0.015124754 0.00017688682 0.117700316 4.597714e-06 7.147004e-07 9.489838e-05 0.16986543 1.0101634e-05 0.0029116464 0.9916628 0.0034894506 0.019288564 6.9151038e-06 1.3931403e-05 0.9807529 1.0660836e-07 0.0045295856 1.543694e-06 7.3303185e-05 2.3947683e-07 0.99725044 0.9989855 1.9339799e-08 0.9984789 1.8047695e-08 0.6868424 4.773708e-08 0.9951843
0.850332 3.60046e-18 0.74072075 0.5183778 0.27148476 0.63815695 0.60262835 0.14172858 0.04446961 0.48564 0.035937566 0.027320057 0.07222938 0.22138521 0.018262139 0.07250003 0.027447676 0.0108357575 0.28008813 0.114352345 0.25984353 0.0070305225 0.02780459 0.022439683 0.019495845 0.007307506 0.026449071 0.0030621642 0.2042171 0.06650523 0.121370606 0.14474764 0.03693603 0.11092786 0.071615286 0.2101751 0.00298932 0.035677314 0.059870448 0.22673662 0.0007751067 0.05198405 0.008390162 0.24510421 0.0020571784 0.0023313288 0.08108616 0.0070752036 0.0016031286 0.014671981 0.0033677819 0.00018040813 0.016880851 0.008779291 0.0057440144 0.0054026702 0.0009832929 0.004026523 0.013873532 0.37427008 0.00017245194 0.003026617 0.00069669704 0.009875944 0.0031792815 0.0026332773 0.007201954 0.0015636424 0.003230557 8.3698666e-05 0.0005800779 0.00073484576 0.0005825001 0.00019772825 0.0011633071 0.0031446563 0.0007442705 3.1159798e-05 0.0015680738 0.00023129962 4.873429e-05 0.0002206786 0.12378252 0.00030701602 0.004654627 0.000116058996 2.8421553e-05 0.059010763 0.0007642754 0.0011142684 2.2700104e-05 0.00066335953 7.557716e-05 0.011723528 0.007153346 0.00028493023 0.049235236 0.0006578746 0.063363925 0.000120635785 0.06674297
0.7475874 0.74072075 1.8477932e-20 0.50537133 0.60837764 0.42947537 0.8053646 0.53757775 0.1544237 0.23738655 0.19647828 0.08476726 0.1775782 0.54028165 0.08911249 0.1889659 0.120913915 0.032283615 0.13508703 0.04539671 0.16359566 0.033060454 0.10163618 0.065121725 0.05436036 0.01703455 0.040651146 0.015169022 0.5518036 0.056636043 0.17257069 0.157005 0.012480453 0.048182603 0.075676695 0.3860827 0.011081332 0.0301131 0.25385213 0.3844862 0.0035128414 0.19043556 0.0038306287 0.16259225 0.0053319465 0.0044062505 0.03240342 0.002325003 0.004646723 0.011538399 0.000978058 0.001012105 0.0068954667 0.0046581547 0.004502831 0.015763799 0.0042043813 0.0016884401 0.0017232429 0.4618236 0.00037652135 0.004746911 0.0017747859 0.0043912865 0.00072161393 0.00015569545 0.0011096455 0.0029482082 0.00030069673 0.00031814256 3.5803227e-05 1.5772022e-05 0.001009719 0.00055163575 0.00040002816 0.00070322823 0.00010690256 1.2413082e-05 0.0014095057 0.00013683012 9.089603e-06 1.0480364e-05 0.04139689 0.0005205185 0.0008436284 1.839591e-05 2.402688e-05 0.02613542 0.00015038386 8.5404026e-05 2.0619344e-05 0.0008382572 9.6739175e-05 0.006368953 0.0037947665 0.0004682129 0.023994958 9.2702445e-05 0.021883134 0.00030842758 0.025719255
0.4047355 0.5183778 0.50537133 1.0595284e-21 0.67248744 0.57319903 0.3680108 0.29332963 0.29765415 0.053531352 0.15358323 0.13330771 0.4717067 0.2361014 0.05790906 0.6290542 0.14189333 0.06293692 0.35025316 0.014852564 0.6220255 0.023100076 0.27351266 0.19220665 0.20293568 0.042574294 0.08220006 0.0127815725 0.18822451 0.4790521 0.56073844 0.018143242 0.0048968843 0.03384047 0.008699405 0.1575675 0.010834435 0.3812526 0.09211434 0.14230196 0.003204137 0.073749125 0.00066943705 0.02705693 0.012524891 0.012090208 0.24716172 0.00061324466 0.008732851 0.211096 0.00024866543 0.0030660566 0.2549619 0.0010213709 0.1915273 0.006255441 0.0025579715 0.09924822 0.08573216 0.08264945 0.00069304445 0.011684379 0.0013463015 0.018390577 0.0719977 0.0007842893 0.004785974 0.0042880247 0.002779244 0.0005738006 0.023256727 0.012681653 0.0015027382 0.00029905775 0.021740064 0.00029526144 0.00062669115 0.0004465483 0.0111770285 0.00038135351 0.0014406929 7.4239265e-06 0.010211737 0.00062727055 0.00020466387 6.4081732e-06 0.0003289124 0.0075473124 0.000489676 1.977872e-05 0.0003843007 0.0010358674 0.00032915434 0.0050506177 0.0035680041 0.0008719958 0.01109189 0.00046393214 0.010753279 0.0010464813 0.013466952
0.70495576 0.27148476 0.60837764 0.67248744 1.5888502e-19 0.10156547 0.29708797 0.762833 0.5159642 0.014185592 0.5052971 0.3353141 0.5778091 0.32520103 0.1797532 0.5801302 0.21126914 0.09379634 0.052353807 0.0072014793 0.4036906 0.051788937 0.29037434 0.17439243 0.17531538 0.062192187 0.1619646 0.02357761 0.31156316 0.277909 0.55596095 0.011014581 0.00042588465 0.0050366833 0.0047140187 0.21798716 0.018827613 0.19459166 0.24559651 0.18674703 0.0052065356 0.18954417 6.758721e-05 0.007856586 0.0132940095 0.013117189 0.046457753 9.1597976e-05 0.00948474 0.092403986 3.8996095e-05 0.001528779 0.06755078 0.00029167853 0.1019951 0.014287304 0.003928158 0.024409674 0.019449888 0.13741554 0.001675231 0.015143569 0.0033996266 0.001243294 0.014390225 6.331055e-05 0.00034115868 0.0068416107 0.00033429696 0.0009157072 0.0030251066 0.0012127379 0.0027205977 0.0012383771 0.005960482 0.00014436079 0.00021512769 0.00014347224 0.0055106184 0.0011446706 0.00012311897 3.929707e-07 0.005966972 0.00065293995 1.41470255e-05 3.7576228e-06 0.00015030084 0.0067390744 0.00024886636 1.3231356e-06 0.00044117367 0.0016643094 0.00053067115 0.0058755074 0.0047179298 0.00081507355 0.0075950897 5.9549337e-05 0.004354793 0.00082439714 0.009375478
0.029859068 0.63815695 0.42947537 0.57319903 0.10156547 2.6615593e-23 0.18183391 0.042184394 0.014545717 0.2561449 0.010767753 0.010126101 0.031226963 0.07210174 0.0051201507 0.10344414 0.014661115 0.006052115 0.623104 0.056071263 0.40476826 0.0036373378 0.020400746 0.01591571 0.015444796 0.0031983429 0.0023813592 0.0013216084 0.06275952 0.06326366 0.09596178 0.0438324 0.010769176 0.16408609 0.023715984 0.04477885 0.00076353666 0.040603198 0.018956508 0.056578103 0.0002203018 0.01397046 0.004249363 0.05214449 0.00084939046 0.00084639987 0.16035917 0.0023230258 0.0005300175 0.02274979 0.002095669 0.00012010646 0.040393617 0.0024324679 0.022146625 0.0024164878 0.0004393978 0.011736982 0.028993662 0.009926102 8.213154e-05 0.00095254445 0.00024002299 0.046324108 0.01000071 0.0009848771 0.019488664 0.00045497235 0.012608086 4.4995188e-05 0.002056739 0.001862378 9.219778e-05 3.978366e-05 0.0023355132 0.0006279894 0.0009647365 9.058898e-06 0.0008416757 6.950519e-05 1.1968288e-05 0.00023863936 0.012241749 0.00028990177 0.0015061349 1.6143844e-05 3.075722e-06 0.0035657168 0.00021015029 0.00055104395 2.0806774e-06 0.00022413625 1.6625185e-05 0.00047084162 0.0002934209 0.000117063224 0.004206254 7.4221105e-05 0.01307679 6.386372e-05 0.0075116497
0.9527751 0.60262835 0.8053646 0.3680108 0.29708797 0.18183391 1.8471237e-20 0.45276746 0.06303387 0.10376709 0.059786916 0.03887676 0.093044825 0.5980241 0.02167639 0.033598136 0.022551721 0.014007468 0.060320556 0.015055009 0.10322093 0.005818375 0.023694096 0.020351246 0.018124487 0.004998758 0.021568593 0.0016435147 0.45720175 0.028721588 0.110721156 0.180429 0.0054534576 0.021454263 0.076820776 0.40334073 0.0012174589 0.013438598 0.10479703 0.39447707 0.00047844037 0.09507229 0.0014583829 0.261437 0.0010253659 0.0011696029 0.017548438 0.00070574833 0.00078870193 0.00508451 0.0003932401 6.24286e-05 0.0065161963 0.002041401 0.0040991586 0.0033154348 0.0004954194 0.0006023629 0.0020753792 0.40420085 6.842233e-05 0.004992476 0.00038907645 0.0010293404 0.0005948222 0.00020411538 0.0006743057 0.002006948 0.00019556766 3.305001e-05 5.3070864e-05 0.00011482398 0.00020807232 5.630694e-05 0.00010062766 0.00059175305 4.947588e-05 3.031739e-06 0.00105451 2.6814201e-05 6.156107e-06 1.4803507e-05 0.07960748 7.5697404e-05 0.00049938733 1.0411536e-05 3.818934e-06 0.05827354 7.955309e-05 9.13781e-05 8.261148e-06 0.0003140585 7.4173945e-06 0.017510856 0.01225059 5.4338052e-05 0.045545146 3.600312e-05 0.030058928 4.443986e-05 0.049598724
0.9301281 0.14172858 0.53757775 0.29332963 0.762833 0.042184394 0.45276746 3.5524758e-19 0.20988493 0.0077108443 0.31409216 0.08063027 0.13855441 0.8389363 0.07301412 0.12789218 0.058169413 0.023558196 0.011164416 0.0021050172 0.07254665 0.020285232 0.07287134 0.05895225 0.05491037 0.018373784 0.09849861 0.008641854 0.4841082 0.037309308 0.17616676 0.008720228 0.00017223696 0.0013936121 0.0032851426 0.3639144 0.008004472 0.018515471 0.2477288 0.26283798 0.0039335843 0.17371622 2.0698684e-05 0.0071941544 0.0043173926 0.0046941116 0.011683978 1.8806975e-05 0.0025140294 0.012477745 1.6056461e-05 0.00073118275 0.009702755 0.00010578565 0.017038856 0.007982776 0.0010377762 0.0026381575 0.003789042 0.2031065 0.00065885606 0.0073944866 0.0016578161 0.00021224195 0.0018042587 1.0049688e-05 4.772773e-05 0.0032443532 4.5758097e-05 0.0002431401 0.0002663949 0.00018066914 0.0007093219 0.00031188622 0.0013350612 1.4638004e-05 1.6722468e-05 8.766347e-06 0.0019989358 0.00024154889 1.2188092e-05 1.45776e-07 0.0015908714 0.00022400632 2.4789638e-06 8.384414e-07 1.922607e-05 0.007963994 1.5597121e-05 3.5816166e-07 4.2438955e-05 0.0006228469 2.4063182e-05 0.0046787397 0.003096898 8.2432394e-05 0.007591799 4.934528e-06 0.0009947784 3.96447e-05 0.0037679186
0.8507487 0.04446961 0.1544237 0.29765415 0.5159642 0.014545717 0.06303387 0.20988493 5.401836e-19 0.0019364485 0.7466118 0.52714914 0.5036435 0.16653258 0.35319197 0.21842413 0.21442571 0.5011677 0.0063173883 0.0004687786 0.09632168 0.15736578 0.29554254 0.25820574 0.24978425 0.14844891 0.64376825 0.11931286 0.21754111 0.07458386 0.47075355 0.001512593 1.2801718e-05 0.00021445991 0.0006510718 0.13450132 0.07125375 0.040711913 0.34708855 0.12576479 0.14978905 0.27431583 2.1120832e-06 0.0022400217 0.03850513 0.040456995 0.0085736215 5.6625163e-06 0.027958073 0.02938794 2.1082897e-06 0.022460738 0.018299552 3.1630276e-05 0.07876418 0.07352393 0.027244963 0.010043669 0.0022353025 0.22287798 0.01916461 0.04326086 0.01116036 4.3963355e-05 0.0039885263 1.22279325e-05 8.717883e-06 0.0207017 1.3530661e-05 0.0061896183 0.0018795776 0.00028943986 0.012049299 0.0051333564 0.009559617 8.699405e-06 1.2233602e-05 9.374025e-06 0.010221408 0.0042311097 4.1682062e-05 6.420872e-08 0.00069994834 0.006496741 4.4507806e-07 3.1237448e-07 0.00021984278 0.0042724237 4.1482576e-06 9.018273e-08 0.0001570792 0.0023860296 3.6351164e-05 0.009303049 0.0062390217 9.41491e-05 0.005241279 1.3517589e-06 0.0012949639 8.889874e-05 0.0030662613
0.112377755 0.48564 0.23738655 0.053531352 0.014185592 0.2561449 0.10376709 0.0077108443 0.0019364485 2.0716654e-20 0.0034248626 0.0011927156 0.0033843115 0.028956337 0.0012561142 0.0057295323 0.0012147613 0.0005832523 0.12498957 0.7382966 0.023662532 0.0004698384 0.00069650577 0.00070615293 0.00061549596 0.00019138654 0.00043286534 0.0003378067 0.037909485 0.002869149 0.003096482 0.179465 0.31760365 0.3285269 0.14461754 0.024216507 0.00018509934 0.0011702881 0.012715834 0.031596668 0.000101398895 0.0087455595 0.10297486 0.24966204 0.00064046733 0.00023542834 0.01403494 0.10491517 0.00038757955 0.0001753017 0.04103528 3.5606616e-05 0.0004967405 0.060941838 0.0005877623 0.0037227906 0.00066102354 0.00014750639 0.000967022 0.0041607497 0.00050789054 0.0050124153 0.00032366088 0.0032121975 0.00015947342 0.0021360242 0.0012263607 0.0018022611 0.00049125816 4.066442e-05 2.4692788e-05 1.3929343e-05 7.3655596e-05 0.00012338426 0.0002916549 0.02456444 2.5644527e-05 1.07207e-06 0.00045338404 7.523794e-05 2.871789e-06 0.000848884 0.056966778 0.0014902442 0.013869206 1.51546055e-05 6.826984e-06 0.02004057 3.115742e-05 0.0023092958 8.284611e-06 9.445523e-05 6.7509677e-06 0.00025150186 0.00013447937 1.4848738e-05 0.009144035 1.094516e-05 0.043111984 7.4137165e-06 0.034615766
0.7137467 0.035937566 0.19647828 0.15358323 0.5052971 0.010767753 0.059786916 0.31409216 0.7466118 0.0034248626 2.44666e-19 0.27401218 0.21544701 0.26712117 0.34969226 0.18468948 0.19153279 0.16774248 0.006259749 0.0039146035 0.024856988 0.1491738 0.19670813 0.2164696 0.19015752 0.1106978 0.7393231 0.11245894 0.4485255 0.019067751 0.17952143 0.009965973 0.00014079305 0.0014962429 0.004977337 0.29012442 0.059192427 0.009803702 0.6118837 0.273611 0.12562995 0.54220253 2.135066e-05 0.005687868 0.027064668 0.024517255 0.0054510785 3.1642194e-05 0.017521948 0.013460217 1.1751752e-05 0.014935871 0.0027699233 7.998923e-05 0.008193292 0.07398421 0.02593082 0.0013538911 0.0009300126 0.26476175 0.00701463 0.013350764 0.009299231 0.0003706908 0.0005412626 1.6145397e-05 4.3045035e-05 0.009197714 4.892391e-05 0.0020226876 0.00023038029 2.0114134e-05 0.0090998905 0.0036593655 0.0021951282 1.7388515e-05 1.2938929e-05 1.984623e-05 0.004385009 0.0025223747 3.541521e-05 1.0120298e-06 1.008883e-05 0.0031010816 5.1431152e-06 3.0190583e-06 0.00018540675 0.0011815398 3.5866142e-05 5.3217326e-07 0.00016833762 0.0026784441 0.00027981144 0.0065439437 0.0060411408 0.0005495127 0.0048710783 9.978711e-06 0.00081338815 0.00030233254 0.0004541985
0.4849432 0.027320057 0.08476726 0.13330771 0.3353141 0.010126101 0.03887676 0.08063027 0.52714914 0.0011927156 0.27401218 3.1069128e-21 0.5787784 0.06969757 0.50937164 0.2409804 0.43195772 0.63082206 0.006538899 0.0010724756 0.06427154 0.25895393 0.41655633 0.41477993 0.39337984 0.28890523 0.35710764 0.15171087 0.06360079 0.048413325 0.38952172 0.0014445587 2.0617948e-05 0.0003959448 0.0007133994 0.06381394 0.08303749 0.029737752 0.124652155 0.053579602 0.13524464 0.11932868 2.7093756e-06 0.0010465636 0.049201377 0.052283026 0.0069767125 4.0284353e-06 0.03215667 0.02821199 2.8705049e-06 0.03228405 0.014187864 2.389934e-05 0.06841992 0.021659443 0.014511867 0.015596348 0.0029026486 0.06548702 0.013893915 0.037218213 0.0055171126 8.695891e-05 0.006930474 3.802598e-06 1.8693088e-05 0.022320442 1.5318525e-05 0.0044690087 0.0027982024 0.00036321642 0.008120675 0.0026994708 0.01487845 5.6690596e-06 7.604482e-06 1.5498325e-05 0.011224943 0.0029411595 5.7187535e-05 7.39396e-08 0.00024331432 0.004726522 1.5581963e-06 3.680032e-07 0.00044375972 0.0010043634 1.1134084e-05 4.3653603e-07 0.0004839107 0.0028325724 4.800052e-05 0.0033197836 0.0022881115 0.00020467694 0.0033240223 7.5350454e-07 0.0017764665 0.00026649196 0.002154936
0.2690509 0.07222938 0.1775782 0.4717067 0.5778091 0.031226963 0.093044825 0.13855441 0.5036435 0.0033843115 0.21544701 0.5787784 2.335435e-22 0.083075605 0.16626611 0.6070132 0.5661096 0.53853786 0.03484687 0.002768204 0.21230626 0.11916336 0.6044032 0.5728494 0.560667 0.37029386 0.22601067 0.09036209 0.05523683 0.23065975 0.57583696 0.0048690788 0.0005998864 0.0022522176 0.0028725357 0.06208799 0.0551498 0.16337867 0.081694156 0.048931997 0.08466403 0.075154044 4.409053e-05 0.0037914002 0.053887673 0.055591766 0.04853107 8.723193e-05 0.035862144 0.1448197 5.7319998e-05 0.026513672 0.112137474 0.00024941307 0.2535539 0.012654573 0.0109442705 0.1018554 0.024612997 0.02218942 0.012043836 0.056462537 0.005132588 0.00090272224 0.061693035 0.00010550224 0.00037773987 0.033901803 0.00021747018 0.0073494813 0.042591494 0.012216669 0.0067598494 0.001778455 0.0712173 5.7913923e-05 0.00015958844 0.0003340248 0.036301862 0.0038232324 0.0017174587 5.13794e-07 0.00084544875 0.011036373 2.5568044e-05 3.2349021e-06 0.013116312 0.0020114959 0.00012851242 2.8147188e-06 0.008260005 0.011753335 0.0015213642 0.00651354 0.0037123777 0.002345474 0.0047698794 8.330437e-06 0.0019531846 0.0042027575 0.0036809666
0.913538 0.22138521 0.54028165 0.2361014 0.32520103 0.07210174 0.5980241 0.8389363 0.16653258 0.028956337 0.26712117 0.06969757 0.083075605 2.4369657e-17 0.08038896 0.077198 0.05146763 0.01902015 0.013403254 0.010012467 0.026877005 0.017763294 0.034585755 0.027708873 0.021119835 0.010760614 0.082249515 0.009850627 0.68133444 0.0097820815 0.06140381 0.01938943 0.001575801 0.0088532455 0.008990032 0.6121637 0.008486683 0.0043224455 0.2712719 0.46051836 0.004283455 0.20272288 0.00034917475 0.027222047 0.004104941 0.004025907 0.0077027003 0.00022352234 0.0034534498 0.0019550854 0.00017166336 0.0011110591 0.0021670489 0.0007046259 0.0023124802 0.0074596824 0.0023672502 0.00068336475 0.0008631211 0.3836488 0.00071790285 0.0038478116 0.0031882976 0.000856272 0.0005901772 7.4117066e-05 0.00017394626 0.0033134844 9.643042e-05 0.0002115819 0.0001808529 0.00013722306 0.0013661934 0.00043164828 0.0009497154 0.00011167025 0.00012534234 4.062585e-05 0.00083178026 0.0003616082 5.641562e-05 3.6758813e-06 0.009691943 0.00088750804 0.000101429556 1.51735485e-05 7.346471e-05 0.013179226 0.00017242663 9.7027305e-06 0.00014328408 0.001218204 0.00035794708 0.011851675 0.009088393 0.0007864667 0.014427023 6.478961e-05 0.007851804 0.0006336559 0.013026814
0.08707934 0.018262139 0.08911249 0.05790906 0.1797532 0.0051201507 0.02167639 0.07301412 0.35319197 0.0012561142 0.34969226 0.50937164 0.16626611 0.08038896 2.0456855e-22 0.096357875 0.18464401 0.469059 0.0036847687 0.0009183256 0.02365185 0.24735767 0.1463207 0.183976 0.16597739 0.12692204 0.24716996 0.14912167 0.099124946 0.017366856 0.1354085 0.0018022862 4.2293017e-05 0.00043783695 0.0010935536 0.070266955 0.069980256 0.008052705 0.17884721 0.06419729 0.12656598 0.15992787 3.7765626e-06 0.00095439586 0.041644152 0.046115283 0.001245027 6.6145235e-06 0.031065691 0.008791099 4.6831183e-06 0.029571468 0.0011420586 2.8644465e-05 0.014385833 0.037670776 0.01967029 0.0009895124 0.00019655752 0.051126655 0.010321109 0.026925936 0.0064061424 3.8286325e-05 0.00034044593 6.9011894e-06 1.0037677e-05 0.018606925 6.4214732e-06 0.0034204447 0.00018160959 5.5001196e-06 0.008929037 0.0033167868 0.0030011872 1.1719084e-05 8.170093e-07 3.6355377e-06 0.0034416874 0.004511935 4.9864757e-06 3.2963885e-07 2.7859125e-05 0.0040716347 3.896533e-06 2.1186324e-07 4.14678e-05 0.00030254602 1.8368848e-06 1.4356085e-07 3.0442743e-05 0.00086415355 2.4142528e-05 0.00312135 0.0021740643 0.00011677399 0.0019100073 6.6078996e-07 0.0014832384 7.670527e-05 0.0017724482
0.015805926 0.07250003 0.1889659 0.6290542 0.5801302 0.10344414 0.033598136 0.12789218 0.21842413 0.0057295323 0.18468948 0.2409804 0.6070132 0.077198 0.096357875 6.248842e-25 0.3400174 0.13158536 0.115254276 0.0026541052 0.4866699 0.052681137 0.5039097 0.37156478 0.38482827 0.12529342 0.025948172 0.020807723 0.05144111 0.53914404 0.62104505 0.007097425 0.0001336718 0.004869652 0.005952461 0.056261696 0.0069047622 0.45273507 0.055247102 0.055076227 0.0035011307 0.04632815 3.2782995e-05 0.0058063 0.008104713 0.008494152 0.12306859 1.9773532e-05 0.0056392094 0.3582099 2.585355e-05 0.002013052 0.2587774 6.947994e-05 0.23351201 0.0037046322 0.0016170987 0.11734179 0.03273658 0.0035267011 0.0010255689 0.021961704 0.0007780672 0.00633361 0.06968532 1.8693265e-05 0.00042344883 0.012033835 0.00042231675 0.0002449924 0.046662323 0.012273469 0.0003449182 0.00038312603 0.0466011 3.9182655e-06 2.4599642e-05 8.374554e-05 0.0142636085 0.00030643627 0.00033483712 1.1480876e-06 0.0004385519 0.0006738278 1.4606809e-05 7.375758e-07 0.0008255363 0.000485633 2.2193171e-05 9.178361e-07 0.0007259293 0.0014295139 0.0004537402 0.00036261315 0.00025348 0.0008147856 0.0015710535 2.613141e-06 0.0018278724 0.00089614326 0.001295998
0.037438948 0.027447676 0.120913915 0.14189333 0.21126914 0.014661115 0.022551721 0.058169413 0.21442571 0.0012147613 0.19153279 0.43195772 0.5661096 0.05146763 0.18464401 0.3400174 2.5095614e-24 0.38931808 0.014994093 0.0013031559 0.06892126 0.15376966 0.42304477 0.4500235 0.41993052 0.3688725 0.18398449 0.08660277 0.05286542 0.06754387 0.30871356 0.0018285551 0.00010802054 0.0005668598 0.0014481831 0.044469558 0.05375834 0.049783435 0.10587705 0.03788333 0.08472826 0.08375602 2.1542642e-06 0.0013668457 0.0448595 0.04809355 0.0099882 7.992582e-06 0.029194947 0.04234947 7.0819874e-06 0.030808352 0.02860457 4.1868036e-05 0.09070012 0.0195936 0.010278881 0.030701948 0.0076099425 0.013817896 0.018036341 0.052767843 0.0044110077 0.00039238614 0.020355301 2.7081085e-05 7.6721e-05 0.03626665 5.246607e-05 0.004485738 0.008088783 0.00085367466 0.0041743265 0.0019904678 0.025659747 1.9720508e-06 9.483573e-06 2.3277904e-05 0.01613655 0.003021409 3.41442e-05 1.451599e-07 0.00027314748 0.005207484 1.9983283e-06 5.1336053e-07 0.0010634102 0.0006076868 9.326336e-06 1.8036381e-07 0.0004076938 0.0029421903 7.6064665e-05 0.0031454754 0.001706026 0.00028054652 0.001874712 7.273807e-07 0.00076819694 0.00047905784 0.0020023196
0.6970623 0.0108357575 0.032283615 0.06293692 0.09379634 0.006052115 0.014007468 0.023558196 0.5011677 0.0005832523 0.16774248 0.63082206 0.53853786 0.01902015 0.469059 0.13158536 0.38931808 4.4059537e-21 0.0043909284 0.00017329537 0.034293585 0.55037785 0.48042962 0.49309066 0.5055107 0.46334794 0.36020344 0.46805114 0.019941071 0.023606082 0.48390904 0.00017524218 2.5606098e-06 3.9342558e-05 0.00012270543 0.021035364 0.31887546 0.016038314 0.087500505 0.019868298 0.36129707 0.084047556 2.860207e-07 0.00024779356 0.1945771 0.20264849 0.0061180475 5.360787e-07 0.11865606 0.022019168 3.6251078e-07 0.14879987 0.010041599 5.6631534e-06 0.08505139 0.043831494 0.041456822 0.012937586 0.0015569798 0.021166062 0.03642136 0.10094535 0.018953577 8.689164e-06 0.005885484 1.1745888e-06 1.2189283e-06 0.05062804 1.8062968e-06 0.013764299 0.0027919717 0.00022417837 0.02027141 0.009174603 0.018277792 1.1901345e-06 1.4278072e-06 1.21963485e-05 0.020429904 0.007761478 5.6063087e-05 1.1116041e-08 1.9012576e-05 0.011792625 1.2079377e-07 5.4029584e-08 0.00073655037 0.00024233267 1.4351314e-06 3.133488e-08 0.00048104496 0.006798991 1.8044057e-05 0.0018832282 0.0014137141 0.00012410733 0.0014905682 1.2637162e-07 0.0005826924 8.65952e-05 0.0005887656
0.017941969 0.28008813 0.13508703 0.35025316 0.052353807 0.623104 0.060320556 0.011164416 0.0063173883 0.12498957 0.006259749 0.006538899 0.03484687 0.013403254 0.0036847687 0.115254276 0.014994093 0.0043909284 4.4736623e-22 0.020931475 0.6581504 0.002080358 0.02985301 0.022478282 0.021650588 0.0033378978 0.0009232163 0.0014952538 0.012738987 0.26771763 0.20816687 0.010305465 0.0024760836 0.110995896 0.0062605264 0.010036146 0.0014552604 0.17423707 0.0076831165 0.013874617 0.00038231758 0.0063819247 0.0024358016 0.009182131 0.001620434 0.0013510579 0.36386147 0.0017001457 0.0012115779 0.06708498 0.00070134253 0.00028914938 0.14790452 0.0010139213 0.08418409 0.0033487128 0.00060392695 0.043255128 0.1460247 0.0029020922 0.00047683992 0.006347514 0.00087597163 0.07982492 0.04440957 0.0017106555 0.04767397 0.003419127 0.03557552 4.5574445e-05 0.014670779 0.014664883 0.00015915756 0.00010230563 0.009599606 0.0011762092 0.01613745 0.0010486501 0.0074317367 0.000106254585 0.0012056775 0.00017002235 0.007836819 0.0030370508 0.0017856285 0.00016712816 0.00014118219 0.003714182 0.002893594 0.0005193331 0.00021060472 0.0035406193 0.0006890001 0.0007019143 0.00025511574 0.0022148136 0.0021935464 0.0013249451 0.013374607 0.0014070407 0.0052699484
0.005134943 0.114352345 0.04539671 0.014852564 0.0072014793 0.056071263 0.015055009 0.0021050172 0.0004687786 0.7382966 0.0039146035 0.0010724756 0.002768204 0.010012467 0.0009183256 0.0026541052 0.0013031559 0.00017329537 0.020931475 6.9916835e-22 0.0060292413 0.0004936361 0.0015237879 0.0011965556 0.0012251642 0.00029846255 0.00033922668 0.0005510944 0.009464139 0.0012550006 0.002150438 0.062669255 0.12340591 0.26209965 0.049612243 0.004214144 0.0005337849 0.0005971896 0.0042675105 0.0062825633 0.00015621839 0.0044429144 0.13327713 0.039432175 0.0011130895 0.00044214167 0.005517989 0.103154086 0.0006843375 0.00013621974 0.119684696 0.00016255441 0.00017586062 0.06598612 0.00038673167 0.0057426644 0.0020913056 6.0160277e-05 0.00040878667 0.0007412187 0.00038226074 0.004962968 0.00019219094 0.0031206592 4.069899e-05 0.010375897 0.002084171 0.0016918515 0.0008114422 4.8781483e-05 6.3721785e-07 1.5693828e-06 0.00010538992 0.0001725635 1.8296128e-05 0.035575207 9.9616016e-05 7.9120076e-07 0.00027109706 0.00021457879 4.000058e-07 0.0060699675 0.008227203 0.0012054356 0.04059798 6.119158e-05 1.9786785e-06 0.0026100394 0.00012584396 0.020750448 9.854281e-07 0.00026378114 1.0217932e-05 0.00044530098 0.00012568336 2.5835236e-05 0.0020658958 3.9007326e-05 0.044268563 2.090504e-05 0.016370846
0.025449222 0.25984353 0.16359566 0.6220255 0.4036906 0.40476826 0.10322093 0.07254665 0.09632168 0.023662532 0.024856988 0.06427154 0.21230626 0.026877005 0.02365185 0.4866699 0.06892126 0.034293585 0.6581504 0.0060292413 7.0762824e-23 0.009279302 0.14367542 0.104841985 0.11739197 0.021912321 0.0070630256 0.0066931513 0.018117782 0.68085605 0.48228398 0.007237992 0.0010510636 0.021389782 0.0043615643 0.013695968 0.0053966665 0.5899802 0.008837821 0.013965971 0.0022187948 0.007255335 0.00027770147 0.0049044695 0.0071644676 0.006022555 0.47280043 0.0003604259 0.0056723026 0.34503147 0.00022931783 0.003553255 0.43491864 0.0006701589 0.30518386 0.0029731002 0.0005383904 0.27231345 0.30611408 0.0030037356 0.0004389865 0.014057559 0.0007796932 0.06670819 0.26420864 0.0007437064 0.032548144 0.005512947 0.03303345 0.0001815052 0.08205694 0.060966834 0.00023635269 0.0001342175 0.049230885 0.00017998315 0.010864274 0.0055811754 0.016597359 0.00015094236 0.012525083 6.8550107e-06 0.0009898306 0.0009594017 0.000220969 2.6436452e-05 0.0027217977 0.0018192257 0.0036962088 2.4246823e-05 0.0025616104 0.0023461787 0.004381145 0.0008746247 0.0005421879 0.005373179 0.0050566085 0.0014163374 0.003960978 0.003205259 0.0020450098
0.07399575 0.0070305225 0.033060454 0.023100076 0.051788937 0.0036373378 0.005818375 0.020285232 0.15736578 0.0004698384 0.1491738 0.25895393 0.11916336 0.017763294 0.24735767 0.052681137 0.15376966 0.55037785 0.002080358 0.0004936361 0.009279302 7.1384e-22 0.18098028 0.23855525 0.22745168 0.24188638 0.19975889 0.37543228 0.028865265 0.006940528 0.12350239 0.00031699231 8.645793e-06 0.00017852325 0.00027876283 0.02121826 0.24142602 0.0038734735 0.111469656 0.02169021 0.27245703 0.09366526 2.9548747e-07 0.00029607408 0.11556944 0.13596083 0.0013684616 1.1791061e-06 0.08166568 0.008095393 8.562666e-07 0.12392 0.001349398 4.6360333e-06 0.020953264 0.05416791 0.031704925 0.0025483635 0.0007890112 0.014768784 0.020929573 0.043741304 0.014217305 2.7296583e-05 0.0009783279 3.909147e-06 3.6394367e-06 0.029985953 5.117107e-06 0.00762898 0.0003829465 1.3638982e-05 0.013290075 0.0071849464 0.007035452 1.0284748e-06 6.490946e-07 1.1224182e-05 0.0076886024 0.0071897786 8.244195e-06 4.596552e-08 9.769714e-06 0.0074457973 4.9680557e-07 7.4273885e-08 8.792104e-05 6.7387504e-05 2.3572286e-06 6.3850656e-08 6.827052e-05 0.002636109 3.2648928e-05 0.0015314487 0.0010907721 0.00018049177 0.0010048812 2.493951e-07 0.00012929906 0.000112113936 0.0007248819
0.03640896 0.02780459 0.10163618 0.27351266 0.29037434 0.020400746 0.023694096 0.07287134 0.29554254 0.00069650577 0.19670813 0.41655633 0.6044032 0.034585755 0.1463207 0.5039097 0.42304477 0.48042962 0.02985301 0.0015237879 0.14367542 0.18098028 5.3072145e-23 0.6193532 0.65573674 0.44730648 0.13725883 0.13928837 0.029857075 0.14515473 0.5731218 0.0028976465 8.470111e-05 0.00032531802 0.0025967527 0.035706263 0.08974846 0.111205086 0.062081106 0.032597147 0.11672273 0.058261722 3.962846e-06 0.0019144386 0.08131873 0.07447407 0.019704796 6.5144595e-06 0.056686755 0.0987081 6.408693e-06 0.057171173 0.06649467 4.0358053e-05 0.255876 0.013460486 0.01014362 0.08241044 0.012591456 0.005365964 0.011249328 0.13867646 0.005343166 0.0012068975 0.053836264 0.00016481175 0.00019785747 0.0684544 0.00018773992 0.0028664798 0.025743723 0.0037378012 0.0032705725 0.0022157251 0.08392781 2.129554e-06 2.6161772e-05 8.6002474e-05 0.0373969 0.0023825904 0.000121428515 6.967044e-07 0.00035264727 0.0033076468 1.2399465e-05 1.4545832e-06 0.0030520705 0.0006211267 2.953734e-05 1.0367974e-06 0.0022700496 0.0077077197 0.000926705 0.0028358495 0.0016457065 0.0010355286 0.0013576361 9.442426e-07 0.00084526045 0.0012521123 0.0019015948
0.012832584 0.022439683 0.065121725 0.19220665 0.17439243 0.01591571 0.020351246 0.05895225 0.25820574 0.00070615293 0.2164696 0.41477993 0.5728494 0.027708873 0.183976 0.37156478 0.4500235 0.49309066 0.022478282 0.0011965556 0.104841985 0.23855525 0.6193532 1.0628351e-22 0.64731115 0.500286 0.15187994 0.1978443 0.029573837 0.08986001 0.49638155 0.0017400592 0.0002308767 0.00043740164 0.0037488183 0.03373435 0.12093624 0.07661225 0.07884897 0.027455831 0.15175678 0.058667067 2.0058897e-06 0.0032804168 0.11166966 0.105785795 0.010947971 1.7302762e-05 0.08618993 0.07591965 1.0036854e-05 0.089072615 0.03323669 0.00011694105 0.19332796 0.020022195 0.010598424 0.035638437 0.0057761054 0.0050035887 0.023825524 0.14535049 0.007289429 0.0007499166 0.019747194 0.00018916727 0.0001851223 0.07713254 0.00017120263 0.005951045 0.00922239 0.00073143793 0.0035592224 0.0049102968 0.05709447 3.372442e-06 1.2267869e-05 1.6676444e-05 0.035880346 0.0030646168 2.678394e-05 4.176789e-07 0.00040216415 0.0041515743 4.549387e-06 1.5941777e-06 0.0012184903 0.0006268794 8.169693e-06 3.039383e-07 0.00048641683 0.0073857405 0.00025148506 0.002744125 0.0019217225 0.00043104007 0.0016726488 2.5718123e-07 0.00033473593 0.00048231837 0.0018350326
0.014791202 0.019495845 0.05436036 0.20293568 0.17531538 0.015444796 0.018124487 0.05491037 0.24978425 0.00061549596 0.19015752 0.39337984 0.560667 0.021119835 0.16597739 0.38482827 0.41993052 0.5055107 0.021650588 0.0012251642 0.11739197 0.22745168 0.65573674 0.64731115 2.4957878e-22 0.4943322 0.12288169 0.1913884 0.023397006 0.0994515 0.52615863 0.0014579714 0.0001370831 0.000346233 0.002920224 0.027606862 0.126378 0.081370726 0.06166057 0.02352729 0.14168982 0.048842154 1.577403e-06 0.002510449 0.121059194 0.10958466 0.012182724 1.2438489e-05 0.089271106 0.08959137 8.145878e-06 0.09464704 0.038112678 9.321121e-05 0.2159683 0.016304582 0.009618887 0.045177955 0.0071314676 0.005212127 0.019853273 0.16632564 0.0068270722 0.00085676415 0.023720428 0.00018576268 0.00018454817 0.080515236 0.00018012946 0.005198364 0.013908166 0.0012481405 0.003550713 0.0043782317 0.07562381 2.502009e-06 1.3163786e-05 3.553992e-05 0.041765627 0.0027117927 4.8391805e-05 4.8878394e-07 0.00044163698 0.0035743169 5.867513e-06 2.0585655e-06 0.0020605251 0.00067180267 1.02860095e-05 4.40564e-07 0.00089373597 0.008616783 0.00039407052 0.0027679892 0.0019060777 0.00054348394 0.0016202633 3.0187314e-07 0.00033187674 0.0006210387 0.0017915149
0.0269407 0.007307506 0.01703455 0.042574294 0.062192187 0.0031983429 0.004998758 0.018373784 0.14844891 0.00019138654 0.1106978 0.28890523 0.37029386 0.010760614 0.12692204 0.12529342 0.3688725 0.46334794 0.0033378978 0.00029846255 0.021912321 0.24188638 0.44730648 0.500286 0.4943322 7.1166755e-22 0.19130918 0.21835668 0.020052494 0.017928679 0.34796298 0.0004461543 1.3453332e-05 9.4222305e-05 0.0006027057 0.015748585 0.23490432 0.013412511 0.061654955 0.016042406 0.1851514 0.053908356 2.2344592e-07 0.00029629414 0.2719507 0.27898645 0.00237285 9.460948e-07 0.17265049 0.020504357 6.987618e-07 0.17028874 0.005312051 4.296307e-06 0.098265596 0.043930482 0.03640173 0.015660888 0.0026084057 0.00500726 0.044957623 0.1120881 0.0139572965 0.000117442294 0.0053907274 1.9891175e-05 1.3750766e-05 0.06559009 2.9054292e-05 0.010638459 0.0018303758 0.00012845299 0.010815599 0.008037383 0.030792335 2.5910268e-07 2.738167e-06 1.0641507e-05 0.024161352 0.008648232 7.423778e-06 1.0622879e-07 1.690912e-05 0.009850889 4.818664e-07 1.8270843e-07 0.00039497914 0.00013226335 1.2662563e-06 6.9786374e-08 0.00010236506 0.0087003885 5.4982924e-05 0.0012429117 0.00061899994 0.00016293746 0.0007368391 6.57166e-08 2.8570668e-05 0.00013157054 0.0005632426
0.94949174 0.026449071 0.040651146 0.08220006 0.1619646 0.0023813592 0.021568593 0.09849861 0.64376825 0.00043286534 0.7393231 0.35710764 0.22601067 0.082249515 0.24716996 0.025948172 0.18398449 0.36020344 0.0009232163 0.00033922668 0.0070630256 0.19975889 0.13725883 0.15187994 0.12288169 0.19130918 1.2322143e-15 0.22344199 0.1879352 0.004912238 0.14437027 0.0013514394 3.87518e-06 8.092108e-05 0.00041346587 0.16130565 0.18433611 0.002089374 0.71681505 0.16764534 0.49363434 0.67657393 1.5219657e-06 0.0016899157 0.09165046 0.08608241 0.0041007833 1.6646117e-06 0.07964039 0.0030049563 2.0163673e-06 0.09548549 0.0012452068 1.9075287e-05 0.0113089895 0.245132 0.10149919 0.00040372295 0.0002699907 0.38404635 0.021837158 0.033290695 0.035461336 3.4041328e-05 0.00020103499 1.9391873e-05 3.750366e-06 0.013679821 9.432701e-06 0.009237064 0.00018431706 0.0001065636 0.038790755 0.013964833 0.0021033757 1.7231828e-06 1.8652823e-05 5.032165e-06 0.0036366615 0.006639374 1.0838649e-05 2.8760198e-07 0.00025987072 0.006813563 8.818927e-07 1.1411887e-06 4.8440517e-05 0.009939004 5.38797e-06 1.1703453e-06 6.34825e-05 0.0030112846 2.9583036e-05 0.06406035 0.06615429 6.518291e-05 0.013568238 1.8831174e-06 4.8657617e-05 2.6558302e-05 0.00209963
0.10248447 0.0030621642 0.015169022 0.0127815725 0.02357761 0.0013216084 0.0016435147 0.008641854 0.11931286 0.0003378067 0.11245894 0.15171087 0.09036209 0.009850627 0.14912167 0.020807723 0.08660277 0.46805114 0.0014952538 0.0005510944 0.0066931513 0.37543228 0.13928837 0.1978443 0.1913884 0.21835668 0.22344199 4.922571e-21 0.016743654 0.0036742745 0.11101001 0.00014423268 1.3879306e-06 0.00023578336 0.00017601096 0.010932372 0.4869115 0.0020469646 0.08930036 0.0139049785 0.47282037 0.07646658 1.2839034e-07 7.77924e-05 0.21262625 0.22999373 0.001994225 1.504585e-07 0.16661216 0.0054596267 1.886663e-07 0.33824822 0.0012245912 7.4444904e-07 0.018503198 0.09119396 0.059192043 0.0017794822 0.0008145323 0.007156809 0.03944505 0.058344893 0.03185567 1.5370913e-05 0.0007466293 4.7592853e-06 1.964567e-06 0.036876116 2.7208876e-06 0.01639945 0.00025603586 1.3674016e-05 0.0201408 0.013303458 0.0053579155 1.9641912e-07 1.2048297e-06 1.2856076e-05 0.0066760127 0.013984071 1.1065047e-05 4.829887e-08 6.214955e-06 0.013067919 2.8783273e-07 6.7371204e-08 5.247628e-05 4.317833e-05 1.1907578e-06 4.5938872e-08 4.6074605e-05 0.004047772 2.8577126e-05 0.0012400997 0.0008037264 0.00012019802 0.00059772545 1.317176e-07 1.5045436e-05 4.3144086e-05 0.00038419003
0.9022683 0.2042171 0.5518036 0.18822451 0.31156316 0.06275952 0.45720175 0.4841082 0.21754111 0.037909485 0.4485255 0.06360079 0.05523683 0.68133444 0.099124946 0.05144111 0.05286542 0.019941071 0.012738987 0.009464139 0.018117782 0.028865265 0.029857075 0.029573837 0.023397006 0.020052494 0.1879352 0.016743654 9.898153e-20 0.0064764037 0.042952795 0.01403723 0.0019285082 0.008854162 0.007227321 0.7877339 0.012832988 0.0037109123 0.40566388 0.68317926 0.012013705 0.3201183 0.0004125271 0.0131863095 0.008280386 0.0061860722 0.0054285456 0.00047804898 0.0060895854 0.0015855663 0.0007512021 0.0027928622 0.0018619057 0.001229091 0.0043050866 0.011466586 0.0045430856 0.0005875944 0.0009932208 0.23547179 0.001222231 0.0073394403 0.0039818166 0.00064127496 0.0003351058 6.322668e-05 0.00011399758 0.0035516594 0.00016698794 0.0005411065 8.98904e-05 2.1917298e-05 0.002987888 0.0016082155 0.0017075267 0.00023988796 0.0001377943 0.00021383213 0.00048480052 0.0014252199 0.00013125698 7.2456464e-06 0.0045405715 0.0010162063 0.00010491588 1.11422e-05 0.0006871421 0.0063582626 0.0002977217 9.963002e-06 0.0005484433 0.001067973 0.00054488104 0.015902305 0.014299436 0.0008898052 0.011871522 0.00017125979 0.0039471844 0.0010157564 0.0090577165
0.005435386 0.06650523 0.056636043 0.4790521 0.277909 0.06326366 0.028721588 0.037309308 0.07458386 0.002869149 0.019067751 0.048413325 0.23065975 0.0097820815 0.017366856 0.53914404 0.06754387 0.023606082 0.26771763 0.0012550006 0.68085605 0.006940528 0.14515473 0.08986001 0.0994515 0.017928679 0.004912238 0.0036742745 0.0064764037 1.4844064e-24 0.43494096 0.002495875 8.688405e-05 0.0044275178 0.0018505073 0.0066449866 0.002750181 0.71762794 0.0048603867 0.0065782326 0.0019877437 0.004224318 3.3578926e-05 0.0015250476 0.0031186123 0.0034498402 0.3716283 1.859361e-05 0.00200613 0.49298114 3.7269037e-05 0.0011848527 0.49223527 0.00014364309 0.31480908 0.0016880061 0.00040779996 0.264902 0.23946877 0.0006748992 0.00014618161 0.005995089 0.00044616286 0.017723385 0.24640512 6.919784e-05 0.0054024435 0.0025263785 0.0065713227 7.078237e-05 0.10536146 0.05317415 0.00015409083 6.2385334e-05 0.051806934 1.647381e-05 0.0020667764 0.0059775934 0.01331292 0.000121244295 0.009606391 4.1226556e-07 0.00015313069 0.00040324676 2.1065665e-05 4.320125e-06 0.0015236104 0.00023461092 0.0022543923 5.616864e-06 0.003191632 0.0005050969 0.0048412783 0.00022865657 9.2219416e-05 0.006845526 0.00063496275 0.00022099008 0.00075147767 0.0042453753 0.00017689055
0.12794317 0.121370606 0.17257069 0.56073844 0.55596095 0.09596178 0.110721156 0.17616676 0.47075355 0.003096482 0.17952143 0.38952172 0.57583696 0.06140381 0.1354085 0.62104505 0.30871356 0.48390904 0.20816687 0.002150438 0.48228398 0.12350239 0.5731218 0.49638155 0.52615863 0.34796298 0.14437027 0.11101001 0.042952795 0.43494096 4.167276e-20 0.0081827305 0.00017356928 0.0033472348 0.0071551646 0.056812573 0.07660116 0.37728766 0.06255862 0.053670198 0.1302158 0.068567954 1.5291289e-05 0.003162619 0.11406581 0.08897522 0.28536013 1.9112198e-05 0.06296949 0.3278536 1.135533e-05 0.070802584 0.38568836 0.00020745055 0.5497576 0.01513604 0.010379044 0.42098096 0.3103341 0.0073419157 0.007558037 0.36675435 0.005096338 0.011874824 0.36009917 0.0002661072 0.0028342016 0.2098516 0.0027338099 0.0050154226 0.24095279 0.06985875 0.0028326993 0.0016421743 0.42556715 5.3682493e-06 0.00065546547 0.0024118563 0.14050916 0.0005280065 0.004958488 8.975027e-07 0.0014626647 0.005796098 3.607313e-05 1.0348103e-05 0.054027695 0.003010317 0.00017949377 5.9743734e-06 0.024591435 0.023201583 0.0071685067 0.0049656313 0.004831982 0.006132069 0.005801318 1.9525372e-05 0.0015963251 0.006511168 0.0021210597
0.657627 0.14474764 0.157005 0.018143242 0.011014581 0.0438324 0.180429 0.008720228 0.001512593 0.179465 0.009965973 0.0014445587 0.0048690788 0.01938943 0.0018022862 0.007097425 0.0018285551 0.00017524218 0.010305465 0.062669255 0.007237992 0.00031699231 0.0028976465 0.0017400592 0.0014579714 0.0004461543 0.0013514394 0.00014423268 0.01403723 0.002495875 0.0081827305 7.7312983e-22 0.5478493 0.02448733 0.7951427 0.00844611 0.00010293846 0.0014703281 0.0042862506 0.011797631 3.7685524e-05 0.0033362287 0.031512678 0.82890135 0.00024548726 0.0001511201 0.005572849 0.033738043 0.00014078474 0.0008795745 0.008638606 0.000101123864 0.0009146455 0.021570444 0.0024536783 0.0017084584 0.00044813767 0.00044176227 0.0008283253 0.0042592976 0.00017804974 0.002485451 0.00022868885 0.0014246327 0.00030862293 0.0002709562 0.0009357911 0.0010593305 0.0007763069 3.8113536e-05 6.3982684e-06 2.0071984e-06 0.00032151016 0.00013565477 0.0008586619 0.0026917867 0.00022669137 1.584209e-05 0.00029424444 0.00010277786 1.9783e-05 0.0001991987 0.015865216 0.0003823785 0.0025120918 0.0001771914 8.255308e-05 0.001369915 0.00020438145 0.00069322885 3.5882324e-05 0.00019514139 0.00011319224 0.00020788766 0.00011690904 0.00029775832 0.0018113117 7.827367e-05 0.017885813 0.00017699954 0.010206057
