2.2035951e-27 0.9420013 0.8317985 0.95578676 0.97425354 0.9556116 0.93979496 0.8290941 0.95357543 0.9798458 0.7375583 0.93673927 0.96352077 0.9255423 0.97418267 0.17430776 0.92959625 0.838098 0.41311067 0.9731025 0.9475538 0.9577674 0.9743654 0.92145616 0.92830545 0.99043715 0.9870564 0.068968035 0.02269154 0.4799962 0.9169285 0.96129376 0.9721662 0.9555307 0.51426697 0.3016714 0.9775669 0.6527951 0.9301518 0.8524121 0.9657056 0.9452441 0.9896269 0.88984734 0.98589456 0.9793711 0.9837344 0.012213832 0.9883836 0.877151 0.9272582 0.9676892 0.78730315 0.97685874 0.8607949 3.5429126e-05 0.9552364 0.9065196 0.9909349 0.4303457 0.0076316795 0.98498684 0.00011079191 0.9945451 0.01192088 0.9819255 0.896605 0.121231265 0.5780481 0.0810544 0.7867209 0.99392194 0.084756404 0.4152193 0.014176415 0.9984533 0.9980344 0.9255937 0.9926438 0.98913556 0.910755 0.004989675 0.0016901107 0.94603384 0.58728516 0.07301226 0.99810237 0.00037397374 0.0011512026 0.01625304 0.00019622527 0.99967396 0.0005362912 0.0015410339 0.9998786 0.99999446 0.04258016 0.00424406 0.00016688129 0.99261844 0.0016952861
0.9420013 2.0060742e-20 0.9466373 0.78254247 0.8235942 0.41724697 0.60668033 0.14463958 0.15857044 0.28839016 0.50312656 0.16097069 0.123564586 0.012961773 0.07271942 0.19354029 0.0012232634 0.0022824449 0.031812236 0.026098484 0.123667836 0.007828232 0.03915702 0.0003229329 0.0004294618 0.0060677477 0.006394591 0.010173952 0.023601294 0.00018909604 0.00010548333 0.00346168 0.0050991243 0.00044465595 4.4495962e-05 0.16397236 0.037065905 3.9520105e-06 2.4790355e-05 1.8619483e-05 0.0062300195 0.0015451338 0.031742875 1.6340724e-06 0.007825318 0.0010907727 0.0005309255 0.00040267396 0.00074528944 0.0044824644 7.03628e-05 4.528685e-05 0.013901039 0.0041247676 9.971524e-07 9.324384e-05 0.00012544089 5.8273436e-05 0.001574245 1.0301411e-07 4.411003e-06 0.0062719183 1.9365814e-07 0.005001409 0.1288031 3.0023093e-05 3.913791e-06 0.034825034 0.0012362403 0.0012421402 1.1550145e-07 0.00037244312 0.00029307717 3.497955e-05 8.631679e-08 0.015299897 0.004409939 5.7225294e-05 0.00646475 0.0024213376 0.00027798497 0.00014652622 0.0110586025 0.00052760786 1.0612243e-06 5.971713e-06 0.015952285 3.7192592e-07 8.9464535e-08 9.539572e-07 0.0014197163 5.4453242e-08 8.924256e-06 1.2626724e-08 0.0038466924 0.0051718275 7.3809304e-07 1.0329541e-08 0.0002666936 2.296162e-05 5.0541122e-09
0.8317985 0.9466373 2.653686e-20 0.28150547 0.86008775 0.113123536 0.34090587 0.05696739 0.059570283 0.11484696 0.86838037 0.14311762 0.04154528 0.0077058785 0.027890066 0.45337594 0.001937544 0.0022442758 0.034151822 0.014559684 0.45729804 0.0048887674 0.012522114 0.0004482308 0.0002821766 0.010467938 0.032609545 0.017932337 0.042660166 0.0002807419 4.5837285e-05 0.0014168549 0.003645396 0.00036527507 7.4492564e-05 0.29776847 0.007169813 3.7841664e-06 3.862954e-05 2.778844e-05 0.0028100575 0.008226164 0.01313854 1.5962718e-05 0.0029567482 0.0010820983 0.0006262649 0.0008933193 0.0053347545 0.017392432 8.292931e-05 0.00010930636 0.042546697 0.0016992381 5.82544e-06 0.00046900485 0.0034114632 0.0019889905 0.001245205 4.7498472e-07 6.881405e-05 0.0053195716 8.156955e-08 0.0023704593 0.11936476 0.0012800639 4.5365607e-05 0.036966044 0.0070710117 0.0060926313 1.1174384e-06 0.0020737292 0.0020019186 0.00042456787 1.7622266e-07 0.004050628 0.0024663457 5.209627e-05 0.007710113 0.0024678267 0.0017936528 0.0014507603 0.014860766 0.0070091835 2.6313704e-05 0.00014269499 0.011910317 8.936222e-08 8.519312e-08 1.8579289e-05 0.004521578 1.6745719e-07 5.5863e-05 8.6389264e-08 0.0046161786 0.0034679035 1.0236395e-05 7.995948e-07 0.0010620618 0.00046516358 3.289442e-07
0.95578676 0.78254247 0.28150547 1.1530127e-18 0.44294533 0.60175776 0.9287429 0.1833727 0.14446148 0.95282584 0.16790006 0.343244 0.21743692 0.020625867 0.2774851 0.044400096 0.0032449956 0.003985178 0.021670485 0.2004123 0.10536269 0.0101416465 0.09110536 0.00028046226 0.0007918844 0.025447607 0.008801435 0.002781197 0.010266718 0.00048546426 0.00049870444 0.016077893 0.006472134 0.0013844955 0.000101553545 0.084339306 0.08260208 1.5044272e-05 9.0653586e-05 5.1549516e-05 0.018287703 0.0028645173 0.11759681 6.1095684e-06 0.034885317 0.006353223 0.0026540596 0.00012582043 0.0018858665 0.0042160996 0.0002748027 0.00012830827 0.0144507075 0.018593913 6.8813815e-06 2.3450903e-05 0.0002506762 0.0003829542 0.009840576 5.5574566e-07 4.6269956e-06 0.020791108 2.2256957e-08 0.024754714 0.060769994 0.00015258505 7.6730736e-05 0.021672517 0.001682938 0.0012849055 1.0575811e-06 0.00093414827 0.0002693945 7.8910445e-05 4.38025e-08 0.043241322 0.012626117 0.00039414776 0.008241035 0.0031633643 0.0006846629 0.00021274615 0.0078512905 0.00085692265 7.9682895e-06 9.392386e-06 0.039578017 3.7597985e-08 9.968956e-09 4.4760048e-07 0.00037965452 9.0284664e-07 3.9468487e-05 5.373644e-09 0.013176819 0.015347309 8.085644e-07 3.3053065e-09 0.0039006008 7.949249e-05 3.5903749e-09
0.97425354 0.8235942 0.86008775 0.44294533 4.9207356e-19 0.13633525 0.8529708 0.07163626 0.017402295 0.22853035 0.2758396 0.8882233 0.02862804 0.004470281 0.039081663 0.06758545 0.00029705436 0.0009861445 0.0048593762 0.030167231 0.7901435 0.00097178214 0.016002791 1.8716473e-05 9.321779e-05 0.16515584 0.5413443 0.0016971972 0.0031183478 3.5182224e-05 3.738067e-05 0.00074096216 0.0010911081 7.843761e-05 2.4747e-06 0.30578065 0.02757848 6.881148e-07 1.8510746e-06 2.3623168e-06 0.0020260178 0.03276183 0.07552581 7.358019e-07 0.011516769 0.00057194656 0.00024974273 5.8199956e-05 0.00624484 0.116127826 1.6092947e-05 7.730868e-06 0.24068162 0.003973126 6.127632e-07 2.095484e-05 0.0052307253 0.0035586096 0.001649321 2.0437653e-08 1.4835807e-06 0.039396156 5.5927495e-07 0.005946044 0.05801766 0.005793089 4.0222776e-06 0.14494447 0.037046563 0.028224021 2.5781615e-08 0.008684232 0.009757367 0.0033509475 8.354402e-09 0.018557372 0.002110021 3.0747062e-05 0.022606958 0.0014106919 0.005035701 0.004385099 0.015284729 0.011072996 0.00046165328 0.0012965499 0.070542224 2.1040788e-07 3.7166263e-08 0.00055783335 0.00027757572 3.046509e-08 0.00061918766 5.9162995e-09 0.019112358 0.005989083 9.2604896e-05 6.980049e-06 0.001065257 0.0042764326 9.434625e-06
0.9556116 0.41724697 0.113123536 0.60175776 0.13633525 2.4179776e-21 0.23735437 0.97456104 0.47868094 0.47469625 0.09437717 0.0780238 0.7167597 0.2054636 0.67884594 0.047899153 0.01896765 0.037905633 0.05563832 0.2986872 0.036298353 0.07284128 0.28866968 0.00476168 0.013439407 0.00799458 0.0025971278 0.010420894 0.013545807 0.00084986974 0.0034792626 0.094492674 0.06630497 0.016857082 0.0006401913 0.033338103 0.20172125 2.3225992e-05 0.00043619025 0.00014154105 0.07132772 0.0007025314 0.107360795 1.3569389e-05 0.076464616 0.031215522 0.024243452 0.00062963134 0.0006881277 0.00044610514 0.0014782338 0.00049294624 0.0020547127 0.052213904 3.835472e-06 0.00020540065 4.2376596e-05 3.780089e-05 0.027385578 2.2016135e-07 9.902548e-06 0.01687052 3.7309826e-07 0.049384944 0.047259465 4.568243e-06 0.00014746278 0.0052179657 0.00028761968 8.902337e-05 8.06179e-07 0.0003419039 1.5492593e-05 1.9515571e-06 7.496755e-09 0.057533085 0.07790082 0.0008498252 0.014518351 0.01807101 0.00015434614 1.3228926e-05 0.003271156 0.00037550472 8.608427e-07 6.131969e-07 0.039705195 2.9810705e-09 2.0688578e-09 5.5280164e-08 0.000212456 2.3506811e-07 2.3952389e-05 1.241272e-08 0.010428669 0.030740343 1.6842085e-07 2.853295e-09 0.00052503793 0.00016376357 1.6403576e-09
0.93979496 0.60668033 0.34090587 0.9287429 0.8529708 0.23735437 6.162004e-21 0.07607471 0.02742082 0.84709996 0.07892695 0.890966 0.08110795 0.01226088 0.13939218 0.018825717 0.001391373 0.0049051032 0.0069265296 0.15950334 0.1818288 0.0033071216 0.04791134 0.00015358863 0.00049184746 0.26479053 0.048426397 0.0024187781 0.0040540337 0.00021548332 0.00032618942 0.006482215 0.0022956838 0.00062091317 3.7587397e-05 0.08623908 0.07190945 2.6630091e-06 3.925407e-05 2.7854347e-05 0.008987717 0.013853263 0.08818575 4.3510486e-06 0.034788836 0.0031291093 0.0012884376 4.6814235e-05 0.00684176 0.019807776 0.00016936757 3.9525105e-05 0.02841179 0.011480866 1.8369095e-06 1.3825771e-05 0.0021754103 0.002997593 0.0065726736 1.1557461e-07 7.2196804e-07 0.03881036 4.912998e-08 0.018663507 0.022710998 0.001906466 1.0975933e-05 0.018544072 0.0051333397 0.0031521195 7.446638e-08 0.004551249 0.0009659315 0.0008438933 7.787546e-09 0.04295426 0.0040257894 3.956602e-05 0.018219143 0.0018720607 0.0029879191 0.00075640186 0.0031694775 0.0055368757 8.9264395e-05 0.000114577095 0.044405483 3.900537e-08 1.3507871e-08 5.170138e-06 5.046075e-05 1.7885137e-07 2.2583006e-05 8.31648e-10 0.020756952 0.014231718 4.0982904e-06 2.678957e-08 0.0007530736 0.0022416224 7.6951885e-09
0.8290941 0.14463958 0.05696739 0.1833727 0.07163626 0.97456104 0.07607471 1.331688e-19 0.7299076 0.1477492 0.024253355 0.108223446 0.7669818 0.52649707 0.33653998 0.018170461 0.15576223 0.1891389 0.15576366 0.09183311 0.019867266 0.20190178 0.106939934 0.08991225 0.09613767 0.0141574675 0.003090123 0.036017314 0.04005453 0.021929272 0.050719578 0.18754405 0.102252394 0.0624493 0.016677033 0.0052508046 0.075680576 0.0038079026 0.015546379 0.010852734 0.06580969 0.0028832299 0.04068488 0.0025105625 0.038301103 0.04578542 0.046726894 0.0029163833 0.0014087881 0.0007493911 0.025484348 0.011882691 0.0014408309 0.032417387 0.00055064313 0.0020103308 0.0003153385 0.00031977115 0.02844704 8.549904e-05 0.00026112056 0.013071285 8.337565e-06 0.025177017 0.0063365675 6.862426e-05 0.0024867966 0.00125919 0.0006320682 0.00012450802 2.7475147e-05 0.00073809735 6.154678e-05 7.59309e-06 4.118496e-06 0.025289558 0.06441698 0.0040544188 0.0176259 0.029275076 0.00057182874 2.4111261e-05 0.00027591904 0.001171419 2.3315308e-06 4.2133015e-06 0.013328165 3.5366097e-07 2.277878e-07 1.9175118e-06 0.00014772064 2.611208e-06 4.6856137e-05 1.8699318e-06 0.00794668 0.024490621 1.8500633e-06 6.4058116e-07 6.212374e-05 5.284304e-05 1.01658536e-07
0.95357543 0.15857044 0.059570283 0.14446148 0.017402295 0.47868094 0.02742082 0.7299076 5.72823e-16 0.04501003 0.18900599 0.001845209 0.502905 0.61289 0.18972887 0.29762357 0.93674415 0.25243145 0.89583266 0.010971644 0.01108308 0.31854868 0.16914555 0.24373399 0.12058021 0.00027343 0.0004368141 0.5320787 0.41566357 0.09269748 0.017323831 0.024861924 0.26115143 0.061449032 0.2603963 0.013651145 0.06999471 0.0012374775 0.0134619055 0.0037876093 0.07087848 0.0002039453 0.05976092 0.0032642342 0.0124189155 0.021265157 0.024279816 0.05979369 0.00016371906 0.00050966494 0.0016385247 0.0042295 0.0055078417 0.014409079 0.0008237602 0.026848787 0.00010809669 1.1515236e-05 0.009668254 0.00039540484 0.0013820148 0.0015215601 0.00023810196 0.008685436 0.019278958 1.3239231e-06 0.003035817 0.0024549935 0.0027745962 0.00012017005 2.856786e-05 0.0004178736 6.093663e-05 1.6901502e-06 2.8792909e-05 0.016490152 0.16244212 0.008029243 0.004234399 0.06830096 0.00044962566 4.2946153e-06 9.120293e-05 0.0017729497 2.1281501e-07 9.9538565e-06 0.01031615 1.7528772e-07 3.8527622e-07 5.0013557e-07 0.0008913353 2.269451e-06 2.1187234e-05 0.00013896618 0.004805468 0.05102353 3.138863e-06 1.1772021e-07 2.2999862e-05 0.00016713899 1.4825362e-07
0.9798458 0.28839016 0.11484696 0.95282584 0.22853035 0.47469625 0.84709996 0.1477492 0.04501003 8.4381916e-20 0.06781777 0.4041092 0.32827544 0.02588956 0.5864871 0.01167848 0.002026192 0.004243568 0.0120386975 0.66165483 0.108448654 0.017888023 0.29448164 0.00023045325 0.0008746511 0.27584755 0.025351295 0.0019020708 0.0028967762 0.00025731436 0.00026967394 0.03335528 0.009823027 0.0016884898 1.739112e-05 0.021796012 0.29223788 8.06687e-06 2.2335986e-05 1.5771555e-05 0.036695346 0.0062058317 0.29961407 2.1195367e-06 0.13204977 0.008081053 0.0041068303 9.385326e-05 0.0045067403 0.002729519 4.9698567e-05 2.6726966e-05 0.009614517 0.040998198 1.619185e-06 6.8297322e-06 0.00033899624 0.00060778944 0.012154589 6.3613854e-08 3.1254988e-06 0.06737467 8.02642e-08 0.070190966 0.016433775 0.00015340929 3.503935e-05 0.0085650105 0.00053624855 0.0005891268 1.8515787e-07 0.002783337 9.5112846e-05 0.00022599567 2.662878e-09 0.1175336 0.020829955 0.00032370994 0.03664776 0.0043481947 0.0016358547 0.00025230902 0.006177438 0.0024926804 1.0736431e-05 4.881455e-06 0.12166326 7.391052e-09 4.6671182e-09 8.958385e-07 0.00011556508 2.056573e-07 0.000110706686 6.0077943e-09 0.03503414 0.028690157 1.7288535e-06 1.9686853e-08 0.0041246912 0.0004923681 1.7104627e-08
0.7375583 0.50312656 0.86838037 0.16790006 0.2758396 0.09437717 0.07892695 0.024253355 0.18900599 0.06781777 7.847551e-19 0.015384062 0.05519137 0.0102702975 0.034512747 0.96147645 0.009076835 0.0021459803 0.040422317 0.0027356432 0.28478417 0.0091735665 0.013359667 0.0015787228 0.00085247995 0.0011237974 0.005168346 0.013777145 0.1471156 0.00023910042 0.00039707133 0.0008159291 0.007688852 0.0009592499 0.0003929921 0.4421532 0.004026414 3.0426429e-05 0.000712958 0.00042136313 0.0021354787 0.0018009476 0.0042835223 7.578914e-05 0.0016120845 0.00072372355 0.00039580627 0.00083713554 0.0012292939 0.0047069998 0.00035215975 0.0004935912 0.018729066 0.0013041823 1.7985833e-05 0.0021090833 0.000326714 0.00013119153 0.0008060298 1.3099349e-06 4.653186e-05 0.0010869332 3.7072616e-07 0.001222716 0.38964579 0.0001289336 4.228358e-05 0.054715022 0.005200915 0.001878472 3.3730273e-06 0.0005317916 0.00079261645 2.013225e-05 1.8461577e-06 0.003200952 0.0028902846 0.0012206497 0.0042009884 0.007425329 0.0014656396 0.00023919145 0.025970604 0.0039610895 1.900468e-06 4.3659227e-05 0.005264604 7.565821e-07 5.059847e-07 3.2380626e-06 0.034268133 1.153919e-07 3.207615e-05 3.777699e-07 0.001914477 0.0036038863 1.2407265e-06 4.1929585e-08 0.0013374925 0.00045327077 3.2057415e-08
0.93673927 0.16097069 0.14311762 0.343244 0.8882233 0.0780238 0.890966 0.108223446 0.001845209 0.4041092 0.015384062 1.6819848e-21 0.012392467 0.0016935837 0.07930929 0.008065801 0.00016162476 0.0006965513 0.0013080119 0.10316115 0.2408656 5.8208447e-05 0.035501335 4.526325e-06 3.4474717e-06 0.88243693 0.6860677 0.00054928445 0.0001603231 4.519008e-05 3.7829502e-06 0.00037734956 0.00014607626 1.4960832e-05 2.0303494e-06 0.020264914 0.058064036 6.1276904e-07 1.5911535e-06 1.804637e-06 0.0014645183 0.2422803 0.088681854 1.3024719e-06 0.033576094 0.00015815695 6.022578e-05 6.1334754e-06 0.0838051 0.08467322 3.2322498e-06 1.9968218e-06 0.104677565 0.0035881898 2.605033e-07 8.654281e-06 0.011079831 0.016436394 0.00053219823 3.5602014e-08 1.4489116e-07 0.27587083 1.2991788e-07 0.009684317 0.00030061614 0.018481206 5.9074483e-07 0.007250005 0.020066198 0.0055490257 4.0505668e-08 0.03867056 0.0030443324 0.0059058573 3.0594811e-09 0.06856286 0.000956213 4.1059466e-06 0.1611606 0.00045097087 0.017493356 0.0011971993 0.00029523726 0.025730027 0.00045445783 0.0011543958 0.14028963 3.6577006e-08 5.9046343e-08 0.00039921125 7.0851697e-06 2.314843e-08 0.00016103426 1.0752728e-08 0.04431693 0.004516443 0.00010936985 4.5136903e-06 0.00011175611 0.012614497 1.5500609e-06
0.96352077 0.123564586 0.04154528 0.21743692 0.02862804 0.7167597 0.08110795 0.7669818 0.502905 0.32827544 0.05519137 0.012392467 3.424265e-18 0.6808367 0.8484113 0.03213372 0.20183879 0.3359829 0.15271704 0.3072796 0.0049421224 0.56791157 0.49918315 0.14518447 0.2035176 0.0006463856 0.00063590024 0.022757765 0.013116289 0.016978845 0.04073095 0.2682437 0.30160287 0.12891921 0.013477718 0.0050034104 0.19587263 0.00060790655 0.0054886425 0.0015226757 0.16091797 0.00011813842 0.16014132 0.0013761052 0.07690949 0.10819667 0.1446502 0.0028466259 0.00024761615 0.00018761643 0.0043810806 0.006169481 0.0011685041 0.09398783 0.00021787 0.00019590273 1.545141e-05 1.2945285e-05 0.06900852 7.500099e-06 4.5028886e-05 0.012342994 3.1891261e-06 0.096171714 0.0038235958 1.8246285e-06 0.0046908003 0.0014258575 0.0002984042 3.395968e-05 7.819103e-06 0.00047032326 7.640495e-06 1.1676697e-06 1.6836674e-07 0.0774373 0.27252242 0.005193654 0.009788964 0.068567045 6.51117e-05 1.6383567e-05 0.0011726213 0.00019424105 1.0588072e-06 6.9819225e-07 0.028473591 8.358499e-09 1.3925658e-08 3.2997664e-07 0.00023798231 9.015015e-06 9.5348514e-05 7.5117407e-07 0.006356726 0.09329553 4.728427e-06 8.204249e-08 0.00040818207 5.3465275e-05 1.806091e-07
0.9255423 0.012961773 0.0077058785 0.020625867 0.004470281 0.2054636 0.01226088 0.52649707 0.61289 0.02588956 0.0102702975 0.0016935837 0.6808367 2.476492e-19 0.37716842 0.0113932 0.7821295 0.9459491 0.17506559 0.035874996 0.00077436265 0.6883488 0.120096624 0.75428015 0.60241723 0.00017789917 5.9628044e-05 0.06959505 0.026403889 0.36920783 0.29698694 0.20284596 0.38537192 0.25015175 0.18990098 0.0011614814 0.03631798 0.04366874 0.17346135 0.18291713 0.09894516 1.8515486e-05 0.020608764 0.062131573 0.011765945 0.08002735 0.11264316 0.008291081 2.3006423e-05 5.901879e-05 0.04676867 0.04817879 0.00016204812 0.035375606 0.014957431 0.0022444567 2.1877465e-06 2.3715581e-06 0.045565978 0.007783871 0.00052685215 0.0022939723 9.494228e-05 0.018805401 0.00040166738 1.0425465e-07 0.029417904 0.0010837839 0.00052389 3.3205102e-05 5.2381332e-05 3.1194297e-06 3.191367e-05 5.847911e-08 2.7667945e-06 0.0060058245 0.21644714 0.0064653237 0.0014333596 0.08453947 5.25605e-06 1.5034406e-05 0.00017224469 1.0313483e-05 5.984729e-08 8.734973e-07 0.0031092742 1.1410868e-07 5.3473094e-08 4.9490126e-07 8.729185e-05 7.7360155e-06 3.327132e-05 1.975896e-05 0.0023278426 0.03300985 4.5630506e-07 1.312042e-07 9.417038e-05 1.7088535e-06 2.9272963e-08
0.97418267 0.07271942 0.027890066 0.2774851 0.039081663 0.67884594 0.13939218 0.33653998 0.18972887 0.5864871 0.034512747 0.07930929 0.8484113 0.37716842 3.6460864e-17 0.011884844 0.026583837 0.15470277 0.03487981 0.8330368 0.009596201 0.39455906 0.8752946 0.02132218 0.10550155 0.016588498 0.0015653756 0.0054651094 0.0033131477 0.00538599 0.04342524 0.61445606 0.16259506 0.09895818 0.0011504611 0.0033498118 0.50797266 0.0002195212 0.003668235 0.0013375417 0.30434602 0.0010410275 0.25992218 0.0009823617 0.2597097 0.13643257 0.10825288 0.00037086956 0.0023715391 0.00013911216 0.01419803 0.0066121365 0.0007137978 0.2831217 0.0004184163 9.730182e-05 0.00029243532 0.0004246197 0.13193107 4.0436466e-06 4.170051e-05 0.054570787 2.6902438e-07 0.20270085 0.002793848 3.3845547e-05 0.0038559132 0.0011936623 5.441413e-05 9.800691e-05 2.351475e-05 0.0037291814 2.413963e-05 2.8046454e-05 2.793932e-07 0.17432897 0.22335456 0.0046030227 0.048792094 0.05846682 0.0024399282 7.343095e-05 0.0048752096 0.0017395526 8.789519e-06 9.419675e-06 0.08809629 4.006929e-08 8.654363e-08 2.0863522e-06 0.0004833113 9.660277e-06 0.00014171812 6.519403e-07 0.026253575 0.10024432 1.4974926e-06 1.2371198e-07 0.0010785686 0.00019088636 1.397577e-07
0.17430776 0.19354029 0.45337594 0.044400096 0.06758545 0.047899153 0.018825717 0.018170461 0.29762357 0.01167848 0.96147645 0.008065801 0.03213372 0.0113932 0.011884844 1.2061048e-17 0.01727653 0.0016540261 0.19941568 0.001241962 0.2083961 0.007909613 0.0030613057 0.0025107698 0.0008171508 0.0004204162 0.004257372 0.11406975 0.8893407 0.00023491004 0.00019825563 0.0003175833 0.0030828628 0.00093022775 0.0027978313 0.536963 0.00050545565 2.8195047e-05 0.0005251428 0.0003311041 0.00085736 0.00040859217 0.00053343445 0.00013016524 8.986271e-05 0.0005884126 0.00068811065 0.0044417465 0.0001542102 0.0054675546 0.00015609106 0.00063606555 0.019373847 0.0002452839 6.208176e-05 0.08729447 0.00013033219 3.8540857e-05 0.00023193026 3.6568076e-06 0.00034126767 0.00023666462 3.7355987e-06 0.00039639082 0.7545678 0.00015418783 9.917523e-05 0.021079518 0.0047850036 0.0014015251 3.5537276e-05 5.6763227e-05 0.00053242076 1.0312696e-05 9.921596e-06 0.00068073435 0.0008333456 0.0010764282 0.00088517595 0.003248815 0.00030251025 7.2511466e-05 0.009017878 0.0014599179 4.89581e-06 1.9076087e-05 0.00094852375 5.3375805e-07 6.732936e-07 3.0432145e-07 0.3192786 1.3212302e-06 1.0371954e-05 2.019979e-05 0.0012318956 0.0012655333 4.540681e-07 5.4792668e-08 0.00045414222 6.5204855e-05 3.8410462e-08
0.92959625 0.0012232634 0.001937544 0.0032449956 0.00029705436 0.01896765 0.001391373 0.15576223 0.93674415 0.002026192 0.009076835 0.00016162476 0.20183879 0.7821295 0.026583837 0.01727653 1.566244e-16 0.63839287 0.7263294 0.0018223174 0.00034069 0.37850904 0.016239839 0.5975849 0.22535972 1.495832e-05 3.9964438e-05 0.4995536 0.13622192 0.7438954 0.0774631 0.027644431 0.22622284 0.10929542 0.8778548 0.0012190756 0.0039510145 0.17560565 0.1617541 0.19828168 0.03489114 1.1270262e-05 0.0054209046 0.19733328 0.0010358387 0.026694175 0.041396525 0.20490739 8.271057e-06 2.2026908e-05 0.021397658 0.058006186 0.00020219885 0.00634881 0.09324038 0.01782929 6.00978e-08 3.16278e-07 0.009478303 0.1868899 0.008908666 0.00019737652 0.0037686497 0.0026181675 0.001877401 6.3079696e-08 0.058224957 0.00041649104 0.00042208526 4.4889708e-05 0.00076666183 8.1738887e-07 1.9423096e-05 1.2747213e-07 0.00063465396 0.0011535488 0.12274723 0.021406857 0.00031071206 0.12969539 2.1096504e-05 1.2169579e-05 5.0668008e-05 4.9648283e-06 5.4999994e-08 1.6134632e-06 0.0011311223 1.457532e-05 7.948874e-06 1.9066901e-07 8.513511e-05 8.33133e-05 2.0141446e-05 0.000691016 0.00075481756 0.012986437 8.9325795e-07 3.9872514e-08 4.5373177e-05 6.6466237e-07 1.677117e-08
0.838098 0.0022824449 0.0022442758 0.003985178 0.0009861445 0.037905633 0.0049051032 0.1891389 0.25243145 0.004243568 0.0021459803 0.0006965513 0.3359829 0.9459491 0.15470277 0.0016540261 0.63839287 3.021223e-18 0.089122765 0.013930673 0.0003628809 0.6355067 0.027828574 0.9411366 0.7388741 2.4170127e-05 6.814979e-05 0.040402044 0.008987657 0.63521016 0.6390237 0.30371532 0.30003783 0.27444425 0.21634705 8.477343e-05 0.005278844 0.37211707 0.34003016 0.41749713 0.0673633 7.156515e-06 0.0039883433 0.15306906 0.0024219844 0.07104936 0.09737312 0.0036258947 5.802485e-06 0.00011494462 0.15979064 0.1169105 0.00030227663 0.014768206 0.04875237 0.0009380424 2.5936896e-07 9.51508e-08 0.032076553 0.04554623 0.00040379225 0.00038254407 1.5415939e-05 0.0071222405 0.00012471588 1.680315e-07 0.030638145 0.0006818445 0.0012224931 3.2727767e-05 0.00015422415 9.137556e-07 2.7234855e-05 2.2495101e-08 1.3151741e-05 0.0023596555 0.13269843 0.0037082802 0.0002843759 0.083390474 5.359458e-07 1.8310006e-05 2.1071934e-05 6.0428687e-07 4.5334527e-08 2.8016163e-07 0.0012827585 1.2675557e-07 1.0096905e-07 2.2115872e-08 4.7427453e-05 2.01713e-05 5.9563255e-05 3.416529e-06 0.0012090155 0.01240066 2.5138648e-08 5.6672835e-09 1.631518e-05 5.2842456e-08 2.92053e-09
0.41311067 0.031812236 0.034151822 0.021670485 0.0048593762 0.05563832 0.0069265296 0.15576366 0.89583266 0.0120386975 0.040422317 0.0013080119 0.15271704 0.17506559 0.03487981 0.19941568 0.7263294 0.089122765 2.4094804e-20 0.003096678 0.0019643898 0.06941856 0.01377941 0.10891576 0.03450603 0.000103856975 0.00018388689 0.96702427 0.6698054 0.045009106 0.0071045896 0.006739592 0.052272238 0.01907273 0.7144496 0.0012411064 0.0029015262 0.0072661405 0.020649267 0.022324156 0.0063923197 2.3453516e-05 0.0013778616 0.01827754 0.0014774643 0.00520313 0.011451341 0.48118824 7.765982e-06 1.5381853e-05 0.002284016 0.0029517587 0.00010774111 0.0019727885 0.009695572 0.295897 1.08775524e-07 6.418476e-07 0.003276196 0.011253176 0.012204849 0.00069290365 0.011578971 0.0015273108 0.003350403 7.474258e-08 0.005190421 0.00016438431 3.002713e-05 4.2599836e-06 0.00029059683 2.2308939e-06 1.2562273e-06 1.0928378e-07 0.00038496888 0.00070999085 0.01763213 0.0033618005 0.00063049386 0.0252472 0.00037206037 1.6099578e-07 1.0062501e-05 0.00010429638 1.9067585e-08 2.1789823e-08 0.0010763913 1.1667414e-06 2.5973939e-06 5.8283344e-08 0.0006950586 1.5175003e-06 7.9088085e-07 0.005073781 0.0019278573 0.0038576915 4.5904187e-08 1.310672e-08 1.3369485e-06 0.00045510972 9.930375e-09
0.9731025 0.026098484 0.014559684 0.2004123 0.030167231 0.2986872 0.15950334 0.09183311 0.010971644 0.66165483 0.0027356432 0.10316115 0.3072796 0.035874996 0.8330368 0.001241962 0.0018223174 0.013930673 0.003096678 9.707997e-21 0.008289757 0.02800329 0.9112347 0.0014158693 0.00328532 0.27683982 0.009457495 0.0004713684 0.00029043917 0.00022534894 0.00069808675 0.2288899 0.02146745 0.010682154 1.803499e-05 0.0006945622 0.8696056 2.352638e-06 0.000121607445 3.4478056e-05 0.18631361 0.0072127413 0.67091507 5.68818e-05 0.6520385 0.06267405 0.01948185 8.140124e-06 0.01617446 0.00052292115 0.00021884812 0.00029133965 0.0013897406 0.42556992 1.5339223e-05 2.0361356e-06 0.0017674258 0.0022202425 0.11965632 3.8981366e-07 6.1100786e-07 0.5175458 7.955395e-08 0.4593341 0.0003705708 0.0003593943 0.00013463633 0.00063436903 0.000103100065 0.000126979 6.578109e-07 0.01236377 7.252315e-05 6.651285e-05 1.1848593e-08 0.46393692 0.070462175 0.00035275792 0.31469616 0.011702098 0.0049201376 6.331436e-05 0.0013230258 0.009531584 1.7342807e-05 8.4665575e-05 0.21930623 7.126299e-09 2.163271e-08 5.942682e-06 3.4029967e-05 2.6354613e-07 6.2450454e-05 8.56563e-09 0.17311281 0.089257464 2.901645e-06 2.791652e-07 0.00061070063 0.001297203 8.2757744e-08
0.9475538 0.123667836 0.45729804 0.10536269 0.7901435 0.036298353 0.1818288 0.019867266 0.01108308 0.108448654 0.28478417 0.2408656 0.0049421224 0.00077436265 0.009596201 0.2083961 0.00034069 0.0003628809 0.0019643898 0.008289757 3.5175098e-19 0.0003995941 0.0043623396 4.096241e-05 5.6509154e-05 0.13429815 0.60536385 0.0016079748 0.0048275483 9.260296e-05 4.3148608e-05 0.00012939035 0.0014475919 0.00011779878 5.3603503e-06 0.8891378 0.0062369746 3.5672806e-06 1.0772904e-05 1.0491273e-05 0.0012573607 0.049163397 0.027241861 1.238882e-06 0.0026291006 0.00024598106 8.443754e-05 7.359325e-05 0.019756889 0.7145605 2.7892065e-05 5.8437996e-05 0.8454712 0.0006167284 1.9285358e-06 1.6500022e-05 0.019192135 0.0063979398 0.00019875748 9.390066e-08 1.3493576e-05 0.018755147 8.129367e-07 0.00054087973 0.12746744 0.018784305 1.3219771e-05 0.565152 0.4023001 0.38270178 7.139609e-08 0.017415527 0.13648209 0.0052810092 2.2478462e-08 0.0019498494 0.00025609933 4.1444397e-05 0.010820278 0.0008392878 0.0053306553 0.04343577 0.08993801 0.013100599 0.000965471 0.013055594 0.026913172 1.3488757e-06 2.8242198e-07 0.0024079334 0.0058069145 2.5032906e-08 0.006009182 4.1540784e-07 0.0036356507 0.0013469309 0.0003750293 0.00011265798 0.012551999 0.0071013477 0.00018745904
0.9577674 0.007828232 0.0048887674 0.0101416465 0.00097178214 0.07284128 0.0033071216 0.20190178 0.31854868 0.017888023 0.0091735665 5.8208447e-05 0.56791157 0.6883488 0.39455906 0.007909613 0.37850904 0.6355067 0.06941856 0.02800329 0.0003995941 2.8144722e-15 0.15618035 0.7320885 0.94458574 8.6530476e-05 1.3077523e-05 0.02165667 0.009469981 0.12537605 0.63682294 0.48264667 0.58446294 0.48856053 0.06104842 0.00039863185 0.040306102 0.06573344 0.1761411 0.16459076 0.16617256 1.2705099e-05 0.017951656 0.124157116 0.012583864 0.15454058 0.3141654 0.008316736 4.4435005e-06 4.2363583e-05 0.087080255 0.10361607 1.5568348e-05 0.06142841 0.04187157 0.0004243149 1.5964217e-06 8.5841856e-07 0.08415241 0.005913294 0.00039060204 0.00088324025 3.6909634e-05 0.038040332 0.0012143772 4.9070515e-08 0.05948944 0.00011588956 0.00021956411 1.0978922e-06 8.895829e-05 2.2801973e-05 5.416132e-07 4.3214163e-07 9.1857555e-06 0.015595352 0.25328773 0.0078636585 0.00081715005 0.1647707 4.15153e-06 6.232732e-06 0.0011271483 1.467841e-06 5.5524663e-07 5.1256144e-08 0.0036224956 9.431908e-08 1.0309608e-07 1.2490483e-07 0.00025620856 0.00013184523 3.943489e-05 5.380801e-06 0.0013116751 0.06718416 8.094783e-06 1.3888132e-07 0.00028120037 6.394364e-08 9.163435e-08
0.9743654 0.03915702 0.012522114 0.09110536 0.016002791 0.28866968 0.04791134 0.106939934 0.16914555 0.29448164 0.013359667 0.035501335 0.49918315 0.120096624 0.8752946 0.0030613057 0.016239839 0.027828574 0.01377941 0.9112347 0.0043623396 0.15618035 2.3016892e-18 0.007263622 0.02514189 0.0072996276 0.0009872159 0.0014883331 0.00246089 0.0013857516 0.011527702 0.6013229 0.10433198 0.0658138 0.00036199033 0.0007566738 0.7012372 0.00010482327 0.00084613793 0.00022990053 0.3539766 0.0007170554 0.28525773 0.00029403798 0.29058015 0.14453658 0.113715574 7.6154516e-05 0.0012408344 0.00014524083 0.004046502 0.0016139587 0.00046635597 0.4102291 0.00013614648 5.5207434e-05 6.239461e-05 4.9272134e-05 0.19578208 1.0477335e-05 1.4037757e-06 0.047578212 1.0999122e-07 0.34462422 0.0045512775 7.066545e-06 0.00081738 0.0006859697 2.138571e-05 1.9067029e-05 5.721123e-06 0.001478391 7.0479355e-06 2.753386e-06 3.9705025e-08 0.31866163 0.17041008 0.0024271314 0.033115186 0.03388738 0.0013846441 1.0633361e-05 0.006950496 0.0005575932 1.7225354e-06 6.14123e-06 0.08371066 3.862211e-08 5.26513e-08 2.4039293e-06 0.0007585585 6.750626e-06 9.309235e-05 3.100859e-08 0.051383868 0.1552619 3.1448437e-06 3.959969e-07 0.004498159 1.5083996e-05 1.08833646e-07
0.92145616 0.0003229329 0.0004482308 0.00028046226 1.8716473e-05 0.00476168 0.00015358863 0.08991225 0.24373399 0.00023045325 0.0015787228 4.526325e-06 0.14518447 0.75428015 0.02132218 0.0025107698 0.5975849 0.9411366 0.10891576 0.0014158693 4.096241e-05 0.7320885 0.007263622 4.549741e-18 0.8724907 2.0016437e-06 2.6896333e-07 0.05666924 0.0136905685 0.6520548 0.7226144 0.15111771 0.34818554 0.26675257 0.32050973 0.00012490692 0.0016579324 0.4843504 0.49108255 0.62303865 0.04044768 1.1444435e-07 0.0011793874 0.34102803 0.0009227929 0.0497428 0.13892126 0.011318058 1.833291e-07 3.265207e-05 0.1552003 0.1463343 1.6185313e-05 0.011203191 0.15528198 0.00081539777 5.836297e-09 1.1292364e-08 0.02350937 0.11519524 0.0003652568 2.0526873e-05 5.6702527e-05 0.0043449574 0.00040210524 1.3942711e-09 0.1083459 0.00018301145 0.00011617494 2.7984906e-06 0.00012789888 2.8486202e-08 3.841803e-07 7.173744e-09 4.5571447e-05 0.0014842431 0.17527631 0.009511013 2.0735215e-05 0.21528822 5.7143616e-08 5.1263845e-07 9.751674e-06 6.971889e-09 4.3919934e-09 9.4490265e-09 0.00028180602 3.4161522e-07 6.963364e-07 5.681906e-09 8.2927094e-05 3.6424943e-05 2.5486477e-06 1.2559165e-05 0.00023331637 0.014515943 9.059507e-09 4.6913207e-10 9.178864e-06 6.0079974e-10 3.680904e-10
0.92830545 0.0004294618 0.0002821766 0.0007918844 9.321779e-05 0.013439407 0.00049184746 0.09613767 0.12058021 0.0008746511 0.00085247995 3.4474717e-06 0.2035176 0.60241723 0.10550155 0.0008171508 0.22535972 0.7388741 0.03450603 0.00328532 5.6509154e-05 0.94458574 0.02514189 0.8724907 1.0738419e-16 5.6558406e-06 1.1718487e-06 0.011479351 0.0024934055 0.23098092 0.875633 0.31652948 0.4777761 0.4474048 0.05422882 3.59438e-05 0.00433686 0.17938025 0.39501828 0.4044659 0.07562565 3.5528666e-07 0.0014725515 0.2468751 0.0013101161 0.091535494 0.25102276 0.0015838745 2.2414937e-07 1.6072534e-05 0.1850818 0.15787078 1.4280205e-05 0.018974941 0.104119614 6.478411e-05 1.02515855e-07 2.7644708e-08 0.04166605 0.028706023 6.672867e-05 1.9305277e-05 3.5676994e-06 0.005888549 3.979394e-05 1.3004251e-08 0.09613144 0.00016273744 5.786247e-05 1.1451875e-06 8.2264414e-05 2.2594101e-07 6.162924e-07 3.601371e-08 1.1128639e-05 0.0019406544 0.27476698 0.008892746 3.6766265e-05 0.24418762 5.3590287e-07 1.6557643e-06 1.3219922e-05 1.5964713e-07 8.881744e-08 3.1661083e-09 0.0008321833 1.9848526e-08 6.090302e-08 6.8444637e-09 3.469731e-05 8.563337e-05 2.9108678e-05 4.920334e-07 0.0005132333 0.02217895 2.3090266e-08 3.4946503e-09 9.440899e-06 5.6648517e-09 2.5365583e-09
0.99043715 0.0060677477 0.010467938 0.025447607 0.16515584 0.00799458 0.26479053 0.0141574675 0.00027343 0.27584755 0.0011237974 0.88243693 0.0006463856 0.00017789917 0.016588498 0.0004204162 1.495832e-05 2.4170127e-05 0.000103856975 0.27683982 0.13429815 8.6530476e-05 0.0072996276 2.0016437e-06 5.6558406e-06 3.4795412e-19 0.568583 1.7015867e-05 1.6714017e-05 3.7866355e-06 3.8908815e-06 0.00023033483 0.00011562174 2.1018988e-05 9.665331e-07 0.0022940335 0.074589334 4.974572e-08 2.3948073e-07 1.6525989e-07 0.0016954591 0.69310284 0.33283624 5.4196863e-07 0.06833358 0.0003749086 0.00019400225 3.1984737e-06 0.39335454 0.11897717 9.65481e-07 1.3639093e-06 0.052792795 0.0050008697 1.9228636e-07 8.4439625e-07 0.16077863 0.06967697 0.0009516538 8.683096e-09 8.6777355e-08 0.8540716 6.3637394e-08 0.021668125 1.7273034e-05 0.11031851 8.604061e-07 0.0024468605 0.021905925 0.0032126482 8.057862e-09 0.26371858 0.003811341 0.015554862 1.758176e-09 0.21773133 0.00082587334 1.2055704e-05 0.41696456 0.0003876243 0.030840872 0.0014570436 0.00027788745 0.062521346 0.002899254 0.005573776 0.5286097 2.0894534e-07 1.0936552e-07 0.0020673207 1.0677772e-06 1.0344816e-09 0.0002376367 1.5654798e-08 0.23568001 0.0065936795 0.00030575783 0.00012102596 0.00016030949 0.046077993 0.00011188408
0.9870564 0.006394591 0.032609545 0.008801435 0.5413443 0.0025971278 0.048426397 0.003090123 0.0004368141 0.025351295 0.005168346 0.6860677 0.00063590024 5.9628044e-05 0.0015653756 0.004257372 3.9964438e-05 6.814979e-05 0.00018388689 0.009457495 0.60536385 1.3077523e-05 0.0009872159 2.6896333e-07 1.1718487e-06 0.568583 1.5301399e-20 8.992684e-05 0.00018045907 1.6957338e-05 9.806243e-07 7.389954e-05 1.8927003e-05 1.1962143e-06 8.796298e-07 0.027594492 0.0046755364 4.7890204e-08 7.979528e-08 6.39612e-08 0.00037447194 0.81065565 0.026856868 8.133213e-09 0.0046064374 5.491957e-05 8.272382e-06 1.1168243e-05 0.31996176 0.8419007 1.378048e-06 5.3264193e-07 0.5171116 0.0013661992 8.755672e-09 9.2846885e-06 0.5183476 0.49490863 0.00025412187 2.5260478e-09 1.4014594e-07 0.17465827 3.1388285e-07 0.0029861971 0.00020355821 0.7869833 2.602623e-08 0.03475545 0.5258068 0.11324924 7.958639e-09 0.0987203 0.12051562 0.11225353 4.289265e-08 0.025530074 0.0006657317 1.938785e-06 0.08173108 0.00026346336 0.015714176 0.017234426 0.0007415153 0.04690655 0.025973726 0.10240782 0.1924092 1.5407603e-07 2.1486644e-08 0.02673003 2.94237e-05 1.4700845e-09 0.0015345326 7.0514745e-09 0.03919795 0.002663492 0.0018562269 0.0010304163 0.00036422908 0.036798164 0.0017556981
0.068968035 0.010173952 0.017932337 0.002781197 0.0016971972 0.010420894 0.0024187781 0.036017314 0.5320787 0.0019020708 0.013777145 0.00054928445 0.022757765 0.06959505 0.0054651094 0.11406975 0.4995536 0.040402044 0.96702427 0.0004713684 0.0016079748 0.02165667 0.0014883331 0.05666924 0.011479351 1.7015867e-05 8.992684e-05 9.270423e-16 0.55829656 0.04638538 0.0047778697 0.001523461 0.012799644 0.0061835363 0.8496795 0.000555666 0.00022427653 0.015726851 0.01328814 0.016415207 0.0011698004 1.2256461e-06 0.0001258693 0.03147567 0.0002523986 0.0016623639 0.002378241 0.88638115 2.0051008e-05 0.00022943596 0.0024363743 0.0033206146 0.00023527142 0.00052040606 0.01563996 0.5888925 3.1937798e-08 9.624891e-08 0.0012683538 0.050726403 0.1207614 7.329777e-06 0.29080862 0.00030087715 0.00019076605 1.152929e-07 0.0046837106 0.00018121443 0.00021636716 1.398681e-05 0.0005262229 2.3440784e-06 1.774555e-05 4.32959e-08 0.0015357046 0.00025749576 0.002153107 0.0011759199 9.60739e-05 0.003962051 0.00011003125 1.6439276e-06 1.1677298e-06 4.170592e-05 1.1153016e-08 1.2167193e-06 0.00020087785 1.9845907e-05 2.7569859e-06 6.8129864e-08 0.00019698312 2.274608e-06 8.618963e-06 0.019890541 0.00024322915 0.00096974114 5.1797663e-08 2.7760267e-08 5.4027805e-07 1.881153e-05 6.447503e-08
0.02269154 0.023601294 0.042660166 0.010266718 0.0031183478 0.013545807 0.0040540337 0.04005453 0.41566357 0.0028967762 0.1471156 0.0001603231 0.013116289 0.026403889 0.0033131477 0.8893407 0.13622192 0.008987657 0.6698054 0.00029043917 0.0048275483 0.009469981 0.00246089 0.0136905685 0.0024934055 1.6714017e-05 0.00018045907 0.55829656 4.6716394e-18 0.003618066 0.00034396249 0.00063178764 0.0047964626 0.0014640602 0.038593236 0.0034946292 0.00036598364 0.0012882109 0.0014234581 0.001473072 0.0006047491 1.4561677e-05 0.00016578344 0.0009244039 0.00035063399 0.0007117352 0.0006677171 0.22662258 1.4682485e-06 7.0773465e-05 6.455136e-05 0.00032735494 0.00027981866 0.00069139927 0.00016600383 0.96314836 8.537935e-07 7.9009453e-07 0.00052011036 8.360855e-06 0.0019906017 0.00011145904 0.0011201631 0.0016486464 0.005796178 4.61392e-07 0.00044668312 0.00023608259 9.73066e-06 9.3746274e-07 3.379051e-06 3.1154193e-06 2.023816e-07 3.5780116e-07 2.1580395e-06 0.0042527462 0.0028026744 0.00033800356 0.00014627448 0.010252917 0.00044771325 3.149565e-08 3.400541e-05 0.00015626235 6.808038e-08 2.1599633e-09 0.0003330835 3.024467e-08 3.896728e-07 1.112189e-09 0.07692114 2.2109756e-08 6.251769e-08 0.0004917818 0.0009271435 0.0028809928 9.657711e-09 2.5411043e-10 8.4255976e-07 0.00034800288 1.6808108e-10
0.4799962 0.00018909604 0.0002807419 0.00048546426 3.5182224e-05 0.00084986974 0.00021548332 0.021929272 0.09269748 0.00025731436 0.00023910042 4.519008e-05 0.016978845 0.36920783 0.00538599 0.00023491004 0.7438954 0.63521016 0.045009106 0.00022534894 9.260296e-05 0.12537605 0.0013857516 0.6520548 0.23098092 3.7866355e-06 1.6957338e-05 0.04638538 0.003618066 6.11495e-17 0.314276 0.0151385 0.058376577 0.045994006 0.92100865 0.00016357299 0.00010504314 0.9446964 0.33704364 0.6057604 0.0046949624 3.6896014e-07 0.000116913165 0.3484154 0.0001229831 0.007434452 0.012454912 0.010902589 4.074495e-06 7.373361e-05 0.036471263 0.043281958 0.0002703762 0.0011912492 0.22453031 0.0009647982 1.08588285e-08 6.353161e-09 0.002892409 0.60088384 0.0061631748 3.995693e-05 0.0012714755 0.0010264266 0.000111937756 2.334531e-07 0.043607313 0.001279957 0.00039143025 0.00016586282 0.0044047753 4.1917212e-07 3.2881628e-05 4.4726507e-09 0.0033999751 0.00021646747 0.019143505 0.014342922 2.1368933e-05 0.042941418 5.5572445e-07 1.568673e-05 2.5039128e-05 5.587269e-07 8.157013e-09 8.80716e-07 4.644727e-05 0.0001009873 3.0341673e-05 3.0547653e-08 5.287671e-05 0.00012325832 2.585959e-05 0.0003608001 0.00018707149 0.0014148381 9.1512796e-08 2.4101983e-08 1.6135671e-05 1.0576979e-08 1.4239482e-08
0.9169285 0.00010548333 4.5837285e-05 0.00049870444 3.738067e-05 0.0034792626 0.00032618942 0.050719578 0.017323831 0.00026967394 0.00039707133 3.7829502e-06 0.04073095 0.29698694 0.04342524 0.00019825563 0.0774631 0.6390237 0.0071045896 0.00069808675 4.3148608e-05 0.63682294 0.011527702 0.7226144 0.875633 3.8908815e-06 9.806243e-07 0.0047778697 0.00034396249 0.314276 5.489271e-18 0.44213402 0.55088294 0.6450138 0.022791022 7.3829756e-06 0.0008938421 0.39623585 0.8025849 0.7472602 0.06687921 2.4487898e-07 0.0003113786 0.55719894 0.00044225884 0.11031866 0.35879967 0.00074094656 6.13703e-07 1.8521016e-05 0.6362993 0.5548419 2.1592241e-05 0.013821929 0.28344128 2.8070323e-05 2.2486953e-08 2.213578e-09 0.03600118 0.029396728 3.025216e-05 9.938879e-06 4.7768435e-07 0.0026010566 5.8548976e-06 1.7193628e-08 0.2384295 0.00011131489 7.579855e-05 5.064344e-06 0.00016227699 5.0744313e-07 3.720602e-06 2.9323761e-08 4.0742678e-05 0.0009223191 0.35768223 0.023605244 1.032743e-05 0.46180815 5.099483e-07 3.917832e-06 1.6304796e-06 5.756838e-07 3.5025998e-08 4.6992774e-08 0.00015418313 1.3928467e-07 3.9026895e-07 9.8869055e-09 3.729798e-05 0.00048808756 3.1777035e-05 3.8560228e-07 0.00029935536 0.017462902 6.23618e-08 4.0016945e-09 1.291428e-06 2.0543793e-09 2.4691234e-09
