3.7312657e-19 0.12197152 0.014441863 0.64929706 0.049201258 0.8689053 0.84141016 0.88175803 0.8645619 0.93123245 0.6973089 0.30084342 0.43560869 0.9499083 0.07584755 0.7564271 0.93206614 0.9262868 0.97638947 0.43249395 0.33032233 0.9441788 0.27681434 0.99156123 0.9905417 0.99695104 0.99253166 0.87764424 0.93126976 0.9336766 0.98296154 0.64947534 0.60489154 0.5533467 0.89926803 0.9734233 0.9336357 0.9766921 0.9966311 0.98708606 0.9182346 0.738375 0.99930656 0.9669245 0.9535057 0.71492577 0.73634183 0.9026248 0.9120597 0.49669805 0.9460753 0.9251694 0.92208403 0.9595289 0.650738 0.81579095 0.84674543 0.9333686 0.6771087 0.9960546 0.6732471 0.9992622 0.95131254 0.9035678 0.92945194 0.9378979 0.92340934 0.90191627 0.9332836 0.9636058 0.17654462 0.88363856 0.16227095 2.032614e-06 0.13224317 0.24219772 0.9918157 0.90802896 0.012853251 0.94570506 0.81985676 0.95642954 0.4853968 0.77698416 0.893319 0.87999326 0.13595626 0.8115521 0.015965857 0.5125746 0.082190834 0.0038005395 0.25326476 0.8680995 0.28266636 0.8882803 0.7827985 0.7820281 0.05412593 0.9811886 0.8222445
0.12197152 1.6431531e-10 0.3641528 0.23980461 0.4619815 0.72170633 0.010019283 0.0059781694 0.020711798 0.109486386 0.012883362 0.14986281 0.13095126 0.026330113 0.20459057 0.022355039 0.0045680213 0.007546207 0.011465329 0.028333839 0.025382971 0.0023722777 0.060912468 0.050381247 0.0044146394 0.00031501596 0.0138081405 0.0010071239 0.0007401954 0.00019140734 0.00054474827 0.006724489 0.018798681 0.15355895 0.00039459098 0.00010208118 0.0004985401 2.5544366e-06 0.0024694535 1.2293042e-06 0.00012838478 1.0017194e-05 1.2190964e-07 1.38003725e-05 5.6773597e-06 2.1926937e-05 0.07937228 8.252624e-05 5.038674e-05 0.00023880578 4.943777e-05 5.5161777e-06 7.204769e-05 1.2392076e-05 0.0082605295 5.839833e-05 0.0001304252 4.943642e-06 0.0001918505 6.6118207e-07 0.0003750654 0.0055059036 1.3343501e-06 9.724394e-07 4.3573246e-07 7.573809e-08 5.0405674e-07 3.1849893e-08 3.3242898e-07 6.181901e-09 0.00019766112 3.222064e-09 8.748541e-06 0.5931744 0.03147139 0.00011261104 3.5446882e-10 6.57135e-07 0.00054184627 5.2837006e-12 8.7772765e-05 1.2410256e-12 0.0025558928 5.5152293e-05 2.1962858e-08 4.8972684e-09 1.1822093e-06 1.5366311e-05 8.529739e-07 1.1093172e-05 1.5387839e-05 1.0693436e-06 1.35743985e-05 5.899852e-11 3.836902e-08 1.047536e-10 1.19051194e-07 8.379681e-09 3.0530412e-08 5.352349e-12 1.8111911e-11
0.014441863 0.3641528 2.5420478e-19 0.8341267 0.87301433 0.0492543 0.039106444 0.02530144 0.020700052 0.0020680365 0.036891744 0.07796856 0.08810169 0.010434906 0.017668622 0.024484212 0.0030782092 0.0067339195 0.0042292057 0.0013214326 0.00038950006 0.0003006804 0.0011035609 0.00025783855 6.2744824e-05 2.2795787e-06 0.00013351558 0.00013246419 3.413401e-05 7.3207925e-06 2.237992e-06 0.00012495684 0.00018798179 6.309591e-05 1.6877887e-06 9.947854e-07 2.228662e-05 3.8502833e-07 6.773924e-05 1.2561105e-07 1.7073907e-06 2.910443e-07 1.5076855e-08 1.084535e-05 4.6307264e-06 6.8285493e-07 8.532843e-06 1.1046695e-06 1.9251259e-07 6.5403356e-08 1.5228834e-06 1.0492934e-07 9.865042e-08 4.5513377e-07 1.6073007e-07 1.329728e-07 5.093412e-09 6.049618e-08 3.543691e-08 3.303507e-07 1.6728807e-08 3.9304323e-06 1.17160326e-07 2.5619556e-08 8.263893e-07 6.646716e-08 1.969185e-08 1.9167896e-08 4.831186e-08 2.3167092e-06 7.655222e-09 1.015484e-08 2.3089284e-09 0.09837381 1.2272531e-08 1.5251164e-09 1.9072795e-07 6.5933774e-09 1.2089242e-09 7.206139e-08 1.6372224e-09 1.3664473e-07 2.9253147e-08 3.6027088e-09 1.8926055e-08 1.3096674e-08 1.0406446e-08 2.9140699e-09 1.7004402e-12 2.9581988e-09 5.4451263e-08 5.284822e-11 9.590105e-09 1.0112608e-08 1.5268599e-09 9.984141e-09 1.6973223e-09 1.8030929e-09 9.512009e-09 7.702402e-08 4.674682e-09
0.64929706 0.23980461 0.8341267 8.405632e-16 0.093496114 0.8636549 0.31605 0.30169496 0.102491364 0.114633895 0.25281158 0.13256949 0.22267216 0.050232455 0.0077057313 0.18900573 0.009436025 0.015497647 0.03133081 0.007913771 0.004856754 0.0018074886 0.0047039464 0.019191587 0.0056504603 0.0013039324 0.01118662 0.0008295609 0.00019227582 0.00025945395 0.0008314876 0.0010398383 0.0007030136 0.00040041673 2.6885591e-05 4.3277516e-05 4.723291e-05 1.038701e-05 0.003702937 3.561161e-05 3.8279736e-06 9.143702e-07 1.4034578e-05 5.511551e-06 9.651874e-07 1.718863e-06 2.1770538e-05 1.5670736e-06 3.3549827e-07 1.049512e-06 4.802643e-07 1.0452045e-07 4.9134127e-07 2.5251543e-07 3.6495456e-07 1.3672457e-06 3.350925e-07 5.2756853e-08 1.8197974e-06 7.428683e-05 3.7913658e-06 0.00072662195 2.6837492e-08 3.7013603e-08 5.4584362e-08 4.5793547e-09 1.6149146e-08 3.10941e-09 9.604933e-09 3.2762784e-08 2.6217801e-08 7.074629e-10 3.2550986e-09 0.2312551 2.8418705e-07 3.1948e-10 2.4426743e-07 1.6553023e-09 1.2621233e-08 2.2872154e-08 2.2388818e-08 5.2883258e-09 2.0143684e-08 2.4538378e-08 2.6237434e-10 1.272584e-10 3.6596787e-10 3.2577404e-08 1.0329623e-11 8.026033e-09 8.433428e-09 1.0849646e-10 1.0496331e-08 6.2247624e-11 6.5956757e-10 5.6679262e-11 7.2341884e-09 6.7781816e-09 7.47424e-09 1.2352566e-08 3.419788e-10
0.049201258 0.4619815 0.87301433 0.093496114 1.210756e-17 0.012827126 0.0014463328 0.0012638103 0.0010671332 0.0017223886 0.003403112 0.121321045 0.05294663 0.00088574924 0.6337745 0.001466356 0.00010617315 0.00023244397 0.00023666848 5.2524094e-05 7.438125e-05 1.9161216e-05 0.0029225058 0.0020137194 2.2526781e-05 1.674358e-05 0.00016277703 3.3311019e-06 2.4849496e-06 3.7775445e-07 8.6642774e-07 3.2200987e-05 4.691663e-05 0.010626509 1.024472e-06 2.2506723e-07 1.0012051e-06 4.4484423e-07 5.16668e-05 2.5736844e-07 2.014427e-07 2.1830142e-07 1.4152774e-07 6.847912e-07 3.742229e-07 3.7690768e-07 0.00022261968 2.9718453e-07 4.7171305e-08 3.8879196e-07 5.6369043e-07 9.974362e-08 1.2996571e-07 2.1654786e-07 9.1565124e-07 1.63014e-07 1.7423332e-08 6.546876e-08 6.223276e-08 6.6130633e-07 3.9541703e-08 1.6993195e-05 8.669579e-08 8.49883e-08 4.0730202e-07 5.2523916e-08 1.5044931e-07 5.0107964e-08 1.9201204e-07 3.6204332e-07 4.2665413e-08 2.9171131e-08 1.3995715e-08 0.14625138 2.5521915e-06 5.6773263e-08 5.96136e-07 7.676369e-08 1.9708025e-06 5.6881007e-08 4.951954e-09 3.4433217e-08 2.586087e-07 7.193845e-09 1.1631173e-08 1.2830801e-08 4.775493e-08 1.1258127e-08 1.7390545e-10 7.475052e-09 2.3100013e-07 1.2739234e-08 4.6393676e-08 9.2353005e-09 1.8733338e-08 4.180363e-09 4.0805275e-09 9.490371e-09 1.1129138e-07 6.902479e-08 1.7317081e-08
0.8689053 0.72170633 0.0492543 0.8636549 0.012827126 1.1451492e-10 0.04438661 0.021150408 0.0809588 0.80093265 0.008466211 0.0084826695 0.011898686 0.12584595 0.0013371329 0.0076850466 0.022979075 0.024001772 0.049198423 0.0014197509 0.0011824545 0.014390148 0.00081317866 0.15716653 0.018217633 0.005151011 0.081749 0.014945282 0.013124121 0.0050156023 0.007005331 0.0036829065 0.0026328529 0.001151863 0.0026413875 0.003575621 0.010540218 0.0007450904 0.06343962 0.0018458884 0.0041486314 0.0006969283 8.135914e-05 0.0015352733 0.00058416853 0.0010303338 0.0017492804 0.0013180419 0.0005618159 0.00031386505 0.00035315732 0.00033587526 0.0013014446 6.276134e-05 9.557721e-05 0.00045333887 0.0007471654 0.00013294409 0.0006398952 0.002599126 0.00079790194 0.079842664 3.6000303e-05 5.450678e-05 0.00017701997 1.182406e-05 5.1374114e-05 1.9461755e-05 1.6407488e-05 1.084476e-05 4.6324112e-05 6.971587e-06 1.5330232e-05 0.08993273 0.0021616926 6.4851054e-07 1.9868907e-08 7.769726e-07 5.188213e-05 2.9774962e-09 9.833253e-05 4.2282533e-09 5.377444e-05 7.930274e-05 1.5407509e-06 1.1529768e-06 1.7710914e-06 4.3158478e-05 2.5386184e-05 1.511843e-05 2.843915e-05 1.7420225e-06 5.3680316e-05 1.4873426e-07 3.3235308e-06 5.2878953e-08 8.712663e-06 1.2553584e-05 1.0390517e-05 6.637713e-10 1.3536655e-08
0.84141016 0.010019283 0.039106444 0.31605 0.0014463328 0.04438661 1.07978106e-17 0.8545772 0.6699539 0.043464527 0.5086852 0.025517678 0.08932752 0.29326776 0.00019979857 0.3051133 0.29347393 0.35855305 0.16833557 0.033464506 0.014009666 0.017746437 0.007201129 0.032943796 0.02089343 0.011838802 0.01858329 0.008635876 0.004713675 0.0024868099 0.0061151655 0.0038584657 0.008064071 3.0199928e-05 0.00034515973 0.002203907 0.001460665 0.00016545964 0.014691648 0.00062338344 0.0001174879 3.55547e-05 0.00020470934 0.00013162161 3.1584306e-05 6.463668e-05 0.00014679869 6.273854e-05 1.0596462e-05 7.2418654e-05 7.4148556e-06 2.044325e-06 3.0360721e-05 1.0417123e-06 3.7067774e-05 1.9313655e-05 3.7854982e-06 1.076924e-06 2.5862993e-05 0.00059514056 2.8562004e-05 0.0024325876 2.5857543e-07 5.443208e-07 1.6127831e-06 7.936315e-08 6.942403e-07 1.1916115e-07 3.0824248e-07 4.627071e-06 2.0869322e-05 5.6088727e-08 4.996715e-06 0.0034182519 1.1462375e-06 6.567538e-08 6.8600857e-06 1.1261387e-07 1.2900105e-07 6.6051086e-07 2.4851868e-06 3.6131332e-06 9.572011e-06 3.3945125e-06 2.0538788e-08 1.27564e-08 6.8331616e-07 1.9288887e-06 1.3845515e-08 1.954731e-06 7.074846e-06 3.8758262e-08 1.9775143e-06 3.4749295e-09 7.6955047e-07 1.4906313e-09 6.0893404e-07 6.131712e-07 3.6735998e-06 8.169256e-06 1.15595595e-08
0.88175803 0.0059781694 0.02530144 0.30169496 0.0012638103 0.021150408 0.8545772 5.879815e-17 0.27003235 0.01896863 0.74547637 0.083488554 0.22934033 0.13413122 0.0012052619 0.573119 0.21300727 0.37325817 0.110325105 0.0727177 0.030227434 0.009995385 0.020233443 0.01524346 0.008990272 0.0058260513 0.0076639787 0.002829431 0.0010791335 0.0009789327 0.0010550788 0.0052963016 0.012635892 0.00072608405 0.00030810776 0.0001552921 0.00018179968 8.297472e-05 0.0046964446 7.7473596e-05 2.3878949e-05 1.0560397e-05 0.00031926838 2.3737246e-05 3.94366e-06 2.2371565e-05 0.00059024844 1.6319676e-05 2.5534573e-06 7.7440505e-05 1.4562502e-06 8.601871e-07 5.585706e-06 5.136201e-07 8.727812e-05 5.2297896e-06 8.47415e-07 7.7290645e-07 7.880038e-06 0.00021046358 1.860679e-05 0.0017057835 1.9106656e-07 5.3136745e-07 7.3693747e-07 7.0176135e-08 2.3727151e-07 1.17873334e-07 1.2335467e-07 1.6360731e-06 9.89585e-05 2.4848998e-08 2.5400494e-05 0.011393933 9.173307e-06 1.6302822e-06 6.8768514e-07 5.4343985e-08 3.1222544e-06 9.7494045e-08 1.3234156e-06 2.1395358e-07 7.575182e-06 1.0088006e-06 1.1253769e-08 7.271747e-09 4.8643255e-06 2.016127e-06 9.90184e-08 1.0145877e-06 9.524078e-06 5.5458304e-07 6.7476785e-06 3.4054053e-09 8.385838e-07 1.1022149e-09 9.0688644e-08 4.2898853e-07 1.2285958e-05 1.8945902e-06 8.002798e-09
0.8645619 0.020711798 0.020700052 0.102491364 0.0010671332 0.0809588 0.6699539 0.27003235 3.3941506e-15 0.16010985 0.094136365 0.00432489 0.022874711 0.81839937 9.801589e-05 0.07527581 0.36414066 0.19913283 0.2925031 0.010422738 0.0037241862 0.033496078 0.0020879458 0.09040681 0.07987021 0.052672755 0.09134988 0.048038132 0.027306102 0.007929496 0.03274967 0.006856712 0.006016289 0.0001021474 0.0018270777 0.011355992 0.013017126 0.0034759825 0.07152441 0.00822187 0.0056164074 0.0006934983 0.0038480277 0.0029629527 0.0017534711 0.0006122594 0.0002058974 0.0024392118 0.0008250523 0.00012927131 0.00046709197 0.0002454229 0.0008197551 7.903909e-05 6.961073e-05 0.00024077977 0.00015525271 0.00015025712 0.00028792897 0.022939617 0.00025142537 0.008461747 4.7366473e-05 4.583781e-05 0.00032314152 1.5272473e-05 1.2083353e-05 1.9255172e-05 6.4818255e-06 0.00046537898 5.6758763e-06 8.349437e-06 1.9950076e-06 0.0010782725 1.0495656e-05 6.706655e-07 7.4439224e-05 2.339538e-06 4.0561395e-07 1.8358858e-05 1.4360316e-05 9.476796e-05 2.8399094e-05 2.8809089e-05 2.0684051e-06 1.7083729e-06 7.7500124e-07 5.0377107e-06 4.7178747e-07 6.513111e-06 8.623863e-06 2.7801292e-07 1.7271182e-06 4.1789923e-07 1.2490227e-06 2.3418359e-07 1.6785012e-06 1.9274216e-06 2.3767748e-06 0.00037534023 2.6645168e-07
0.93123245 0.109486386 0.0020680365 0.114633895 0.0017223886 0.80093265 0.043464527 0.01896863 0.16010985 8.629818e-12 0.0061799274 0.0023938678 0.002161092 0.4174309 0.0013985442 0.008333782 0.055239953 0.05202988 0.19764295 0.0024157665 0.001993513 0.028650891 0.0014117962 0.3856589 0.08423653 0.057589613 0.26431456 0.034547005 0.04075781 0.013217137 0.050556414 0.0045010317 0.0026611204 0.00026214906 0.0064713066 0.031216606 0.030067867 0.010975637 0.25631806 0.0087046 0.01772838 0.0026803056 0.0054721627 0.0090122605 0.0064455247 0.002244657 0.0016161676 0.005319384 0.0041418415 0.0009978245 0.0046121893 0.004306249 0.008378041 0.0011104054 0.00037300703 0.0035318916 0.003401868 0.0012772123 0.0026512982 0.011360119 0.003092511 0.19268258 0.0005917835 0.00062495645 0.0034670187 0.00030142887 0.0018888941 0.0003049794 0.00047127984 0.0011459448 0.00015215972 0.00019676758 0.00014822558 0.00043446696 0.0014430174 2.7446757e-05 2.6883424e-06 8.60892e-05 6.7249915e-05 6.686888e-07 0.00095201505 1.9372824e-06 0.001382722 0.00095745217 0.000117555595 0.00010439211 3.1436368e-05 0.00045756725 3.4986122e-05 0.0003886763 0.00082972547 3.446331e-06 0.00069985894 3.1336815e-05 0.00022786028 1.1348076e-05 0.00042202708 0.00032681998 0.00021241102 3.7118252e-07 9.4745965e-06
0.6973089 0.012883362 0.036891744 0.25281158 0.003403112 0.008466211 0.5086852 0.74547637 0.094136365 0.0061799274 2.9218445e-17 0.11630283 0.34033203 0.03459732 0.002544648 0.85834086 0.10878048 0.29091856 0.041578982 0.1481951 0.05084561 0.011576236 0.029907715 0.008080657 0.0029545736 0.001257769 0.0039079883 0.0027401566 0.0018508392 0.0020457567 0.000345098 0.0057210717 0.012662419 0.00035996287 0.00021735241 0.00019210573 0.0003561054 3.0690928e-05 0.0023898634 8.601231e-05 6.989751e-05 1.1435642e-05 1.8505425e-05 8.2963015e-05 2.0567848e-05 3.264385e-05 0.00035692463 3.5745605e-05 8.3608475e-06 0.00012142274 7.2200974e-06 3.3561748e-06 2.1292282e-05 9.3855675e-07 0.00010006944 7.66982e-06 1.4778814e-06 2.3371274e-06 9.594877e-06 0.000120211895 1.5867341e-05 0.0005664947 5.5512965e-07 1.5701448e-06 5.0088956e-06 3.1920456e-07 2.4914489e-06 5.953252e-07 1.1457009e-06 9.516978e-06 1.7394585e-05 3.9840305e-07 4.2548595e-06 0.00043477592 9.864023e-07 2.4886575e-07 8.854249e-06 8.6761685e-07 1.517782e-07 7.018721e-07 1.7188546e-06 2.8547095e-06 6.198866e-06 1.9553145e-06 9.769768e-08 6.951894e-08 1.3048477e-06 1.1083281e-06 2.8465779e-08 1.1067574e-06 2.5715121e-06 4.71956e-08 8.855976e-07 4.2733575e-08 3.214315e-07 1.5826375e-08 2.4535396e-07 4.0826885e-07 7.9142035e-07 1.0312657e-05 7.019889e-08
0.30084342 0.14986281 0.07796856 0.13256949 0.121321045 0.0084826695 0.025517678 0.083488554 0.00432489 0.0023938678 0.11630283 1.4720013e-16 0.71966976 0.0006449008 0.5886979 0.20005886 0.0011276251 0.0077491933 0.0005532348 0.10073316 0.05700283 0.00014017745 0.150569 0.0047657057 2.5609921e-05 8.107303e-05 0.00014740105 1.7001172e-05 1.7409214e-06 6.4920387e-06 2.073922e-06 0.00075798616 0.0023712926 0.258003 1.3804651e-05 8.272898e-07 7.0917844e-07 1.1335329e-06 0.00011138488 6.496266e-07 5.937666e-07 1.2410472e-06 2.955898e-07 2.896859e-06 1.1248812e-06 2.3015825e-06 0.0017908675 1.5525848e-06 4.0607992e-07 8.378767e-06 1.4547164e-06 5.910271e-07 8.25171e-07 7.475466e-07 1.788611e-05 8.70917e-07 1.2229647e-07 3.420152e-07 1.0695333e-06 6.8227464e-06 6.965402e-07 5.7545163e-05 3.4369486e-07 4.4180442e-07 6.750411e-07 1.2150676e-07 4.1665487e-07 2.0451235e-07 3.6729816e-07 3.325222e-07 1.2498209e-06 8.5657e-08 2.2119384e-07 0.00026465123 3.3048166e-06 6.985545e-07 2.0105588e-06 5.812226e-08 3.1856637e-06 1.8718006e-07 1.7029926e-07 1.7110378e-07 1.5260833e-06 1.1803003e-07 1.9427567e-08 2.146514e-08 5.150637e-07 6.672348e-08 2.6744084e-08 1.18105135e-07 3.900046e-06 2.0806642e-07 5.900298e-07 5.6000182e-09 2.0893656e-07 1.9778112e-09 2.0956866e-08 5.3865662e-08 9.0969775e-07 5.307111e-07 1.5485258e-08
0.43560869 0.13095126 0.08810169 0.22267216 0.05294663 0.011898686 0.08932752 0.22934033 0.022874711 0.002161092 0.34033203 0.71966976 9.0265216e-18 0.0035852788 0.148175 0.4663716 0.00581036 0.037699036 0.0031556503 0.2176389 0.12364026 0.00076098077 0.16080745 0.0031228801 0.00011589078 9.8659504e-05 0.00016772594 0.00014560531 2.0702613e-05 9.66866e-05 6.909092e-06 0.0019715924 0.0072295447 0.037340015 2.8558e-05 3.4052641e-06 4.1448047e-06 1.8621123e-06 0.00013146191 3.4162388e-06 2.2527672e-06 2.8433951e-06 4.2800653e-07 9.819547e-06 2.634048e-06 4.4606836e-06 0.00038424684 2.4601297e-06 1.1819681e-06 1.5411264e-05 2.5827464e-06 7.0051186e-07 1.6655581e-06 9.052486e-07 7.0370215e-06 7.8644035e-07 1.5109838e-07 1.7115723e-06 1.6666481e-06 1.4193501e-05 1.5549068e-06 5.5668086e-05 8.068165e-07 1.1933122e-06 1.7585206e-06 3.1686673e-07 1.2819501e-06 7.6725826e-07 1.1166895e-06 1.4938128e-06 6.034432e-07 5.7129154e-07 9.966984e-08 0.0009257801 3.211294e-07 8.7992724e-08 2.5380457e-06 8.2019326e-08 1.05727096e-07 1.4820499e-07 2.1290147e-07 3.0897087e-07 7.4055447e-07 1.5658166e-07 6.850293e-08 5.086386e-08 6.8605964e-08 1.11288614e-07 2.286028e-09 1.0169169e-07 6.292951e-07 3.0510908e-08 2.865758e-07 1.5221733e-08 8.2388574e-08 9.024377e-09 5.05831e-08 7.2773005e-08 1.5803067e-07 2.1618996e-06 7.814034e-08
0.9499083 0.026330113 0.010434906 0.050232455 0.00088574924 0.12584595 0.29326776 0.13413122 0.81839937 0.4174309 0.03459732 0.0006449008 0.0035852788 1.2471761e-16 2.586541e-05 0.030847894 0.32155028 0.18512295 0.65165126 0.0058048847 0.0023560128 0.05654211 0.0009755451 0.29238087 0.1952011 0.13537987 0.3022777 0.07455872 0.055105332 0.012375619 0.07347365 0.00893935 0.0043898444 5.044511e-05 0.0031505697 0.033190478 0.028207282 0.019440796 0.21197496 0.02541775 0.010963993 0.0012299839 0.027325517 0.004308315 0.0031321738 0.0013125391 0.00022651181 0.0037707456 0.0021235908 0.00033533436 0.0022013052 0.0006744038 0.001949407 0.00032670653 8.4665575e-05 0.00046158547 0.00042189346 0.00031187997 0.00081690383 0.04478303 0.0007577241 0.027800748 0.000107866435 9.457466e-05 0.00042116744 3.533687e-05 2.6091555e-05 2.2328317e-05 1.6843018e-05 0.0001639339 2.0882524e-05 9.2239425e-06 1.8956034e-05 3.0463736e-05 6.0788563e-05 3.0548238e-06 0.0002535733 1.1491682e-05 6.959194e-07 2.6908907e-05 8.736239e-05 0.00016539873 0.00011770704 9.0602254e-05 4.730145e-06 3.7945272e-06 4.7128497e-06 1.7163085e-05 2.2385257e-06 2.5102774e-05 1.6405971e-05 2.304307e-07 1.1971005e-05 2.283369e-06 5.4121842e-06 1.2862338e-06 1.5623695e-05 1.40630755e-05 9.989794e-06 0.00036450897 1.2624689e-06
0.07584755 0.20459057 0.017668622 0.0077057313 0.6337745 0.0013371329 0.00019979857 0.0012052619 9.801589e-05 0.0013985442 0.002544648 0.5886979 0.148175 2.586541e-05 2.8593442e-19 0.011278187 2.9329343e-05 0.00017552385 1.5564134e-05 0.0055191335 0.017516484 2.129933e-05 0.33801723 0.0009108146 1.1879103e-05 0.00011170487 3.2145726e-05 2.1253786e-06 8.11715e-07 2.0090215e-06 9.0230003e-07 0.00010208079 0.00088641903 0.73696315 2.2074744e-06 1.9688703e-07 6.711031e-07 3.2885748e-06 1.1756427e-05 6.940384e-07 8.613309e-08 9.49641e-07 3.6235508e-06 4.3467534e-07 4.1026254e-07 4.989415e-06 0.032438785 3.800707e-07 8.194209e-08 2.534541e-06 4.2107166e-07 2.112652e-07 1.8108115e-07 3.485853e-07 0.000117925454 2.3883242e-06 2.756331e-08 3.2889005e-08 1.3257811e-07 4.3039202e-07 1.10898505e-07 2.282656e-05 1.0119559e-07 1.14012735e-07 1.2080264e-07 6.112763e-08 3.743007e-07 1.0544053e-07 5.5024725e-07 7.6921246e-08 3.5473092e-06 2.6090696e-08 5.34356e-07 9.749195e-07 0.0024736407 1.192927e-05 4.8752904e-06 3.3357796e-07 0.0035956283 9.4511455e-07 4.4440213e-08 4.638149e-07 4.788288e-07 1.2310927e-07 1.4293244e-07 1.5946452e-07 2.4688118e-06 5.910223e-08 3.5941986e-05 5.861098e-08 5.3658737e-06 1.04515775e-05 2.583511e-07 1.405739e-07 6.664208e-08 3.380208e-08 1.4647004e-08 2.696191e-08 2.637726e-06 2.736388e-07 2.2508448e-08
0.7564271 0.022355039 0.024484212 0.18900573 0.001466356 0.0076850466 0.3051133 0.573119 0.07527581 0.008333782 0.85834086 0.20005886 0.4663716 0.030847894 0.011278187 4.856092e-16 0.119661845 0.30393076 0.04695774 0.35566148 0.17396383 0.02396321 0.120586306 0.009739369 0.0034868375 0.0024828664 0.00431052 0.005196433 0.003602543 0.004575961 0.00043959563 0.024796251 0.054501694 0.0038029465 0.00095388805 0.00024357619 0.0008187828 0.000106296146 0.0024125946 0.000106650434 0.0001742885 4.401802e-05 0.00010448952 0.00018897938 5.7808422e-05 0.00013606976 0.0031033508 5.1456245e-05 2.214545e-05 0.00033732672 2.3929762e-05 1.4173927e-05 3.5332454e-05 5.562475e-06 0.000855313 3.5024812e-05 3.4165778e-06 1.036102e-05 3.177664e-05 0.00026818435 3.8567403e-05 0.00053961464 4.4965095e-06 6.492416e-06 2.7197892e-05 2.1159399e-06 1.0535911e-05 4.78472e-06 6.8552267e-06 5.5315264e-05 0.00011429803 4.157842e-06 3.4293695e-05 3.1192263e-05 7.703593e-06 8.818804e-06 2.2792254e-05 2.4264993e-06 2.1829594e-06 1.6124171e-06 4.3320642e-06 1.3297698e-05 1.9349809e-05 4.5667443e-06 8.5956793e-07 6.301641e-07 1.2136848e-05 1.8440953e-06 2.9881554e-07 2.6318937e-06 1.460195e-05 6.297592e-07 5.4069064e-06 2.6151193e-07 1.6436845e-06 9.484314e-08 4.558157e-07 1.2258471e-06 1.1332547e-05 1.4760299e-05 4.9639306e-07
0.93206614 0.0045680213 0.0030782092 0.009436025 0.00010617315 0.022979075 0.29347393 0.21300727 0.36414066 0.055239953 0.10878048 0.0011276251 0.00581036 0.32155028 2.9329343e-05 0.119661845 2.171174e-16 0.8421227 0.49029735 0.04941186 0.019566197 0.29336828 0.008844895 0.034786936 0.116258696 0.051301338 0.035641164 0.1096425 0.07558472 0.0401585 0.04759256 0.048995364 0.038335633 0.00023586159 0.024915462 0.012946485 0.01734031 0.0077230465 0.022598164 0.0048574856 0.0053085894 0.0031086751 0.004541762 0.0024436982 0.0012789138 0.0040757274 0.0024581526 0.002646116 0.0013252674 0.004236734 0.0006327709 0.00055744435 0.0027340106 0.00013047396 0.0034414327 0.0017629145 0.0010944541 0.00015492526 0.0028853577 0.008339065 0.003610548 0.010859344 4.3382803e-05 7.3339e-05 0.00028034594 2.135677e-05 5.1102816e-05 2.0680118e-05 1.9864408e-05 0.00018012206 0.00088142144 1.0973119e-05 0.00033536728 1.452202e-06 2.6368696e-05 1.1666049e-05 0.00016510309 1.6673008e-05 1.2080351e-06 5.961775e-05 0.00012969438 0.00010508972 0.0002100942 0.00020944682 7.902578e-06 5.462806e-06 3.336569e-05 7.6094046e-05 1.569127e-06 4.4774908e-05 0.000106919986 7.4503856e-07 3.5148252e-05 2.1174278e-06 1.1001116e-05 1.0761663e-06 2.7162872e-05 2.6848591e-05 1.6375896e-05 0.00019424125 2.7443575e-06
0.9262868 0.007546207 0.0067339195 0.015497647 0.00023244397 0.024001772 0.35855305 0.37325817 0.19913283 0.05202988 0.29091856 0.0077491933 0.037699036 0.18512295 0.00017552385 0.30393076 0.8421227 1.5062256e-15 0.2722988 0.16448231 0.07858915 0.45404598 0.040295485 0.033171512 0.0918057 0.044624016 0.030725678 0.1289813 0.067391455 0.11120376 0.03967194 0.16417736 0.14194259 0.0012664683 0.070786536 0.014981943 0.021177497 0.0079530645 0.017928455 0.0053347214 0.007176329 0.007163433 0.0032117413 0.004331297 0.0022558686 0.008453754 0.009834087 0.005260947 0.0022320997 0.011273477 0.0011419154 0.001499229 0.006484614 0.0004868484 0.01542366 0.005103045 0.0029925676 0.0003725362 0.006787948 0.007113033 0.0067923833 0.0044755745 0.00018065848 0.00016990142 0.00055440114 8.995549e-05 0.00019742057 9.372679e-05 0.00010627598 0.0007818011 0.0036979204 3.875215e-05 0.0014884083 3.032964e-07 0.0001589919 4.1998966e-05 0.00034510676 4.2979897e-05 3.9583324e-06 0.000109861285 0.00044539568 0.00023149294 0.0009940558 0.00044875775 3.1494852e-05 2.5578165e-05 8.183818e-05 0.00020320929 5.3512945e-06 0.000105444 0.0007004118 1.1419801e-06 8.8464294e-05 9.677281e-06 3.2338703e-05 3.0924282e-06 4.856221e-05 4.3813096e-05 5.2081716e-05 0.0003417386 7.245902e-06
0.97638947 0.011465329 0.0042292057 0.03133081 0.00023666848 0.049198423 0.16833557 0.110325105 0.2925031 0.19764295 0.041578982 0.0005532348 0.0031556503 0.65165126 1.5564134e-05 0.04695774 0.49029735 0.2722988 4.627041e-15 0.015132755 0.0043466734 0.19891816 0.0016520767 0.21608043 0.42202315 0.28512022 0.29160827 0.139271 0.2393146 0.068964355 0.2221279 0.030153485 0.010958071 0.00011568814 0.025404254 0.11839813 0.08003808 0.0834542 0.20235233 0.058441773 0.021993812 0.0076813796 0.07955122 0.011117824 0.014652399 0.003997056 0.00025668496 0.009013811 0.004631292 0.0011775352 0.0068283877 0.001384244 0.0047685453 0.0010312883 0.00019948975 0.0012696888 0.0019100582 0.00022500298 0.0030168786 0.05357311 0.0032175875 0.06179153 0.00018980425 0.00017005218 0.00034335977 6.695727e-05 0.00016494728 5.4550568e-05 0.00013283409 0.00032102698 0.00012067639 3.688838e-05 3.3807064e-05 2.1698095e-07 0.00061262475 2.0364436e-05 0.0005054436 4.7318437e-05 7.654465e-05 0.0001088556 0.00022951234 7.288036e-05 9.121955e-05 0.00017449855 1.8960156e-05 1.9721929e-05 1.5516176e-05 0.00031887493 8.858114e-05 5.624935e-05 2.2309225e-05 3.2652537e-05 3.6506004e-05 8.975014e-06 8.888717e-06 4.222239e-06 0.00013981083 0.000120442084 1.0082203e-05 0.00027417316 1.82393e-05
0.43249395 0.028333839 0.0013214326 0.007913771 5.2524094e-05 0.0014197509 0.033464506 0.0727177 0.010422738 0.0024157665 0.1481951 0.10073316 0.2176389 0.0058048847 0.0055191335 0.35566148 0.04941186 0.16448231 0.015132755 2.764502e-16 0.8078903 0.052103367 0.6273197 0.002563997 0.001598573 0.0007461599 0.0016796086 0.010956713 0.005757528 0.018955579 0.0003740841 0.40740645 0.6598595 0.13809322 0.038150433 0.00024741833 0.0003457735 0.00014520719 0.000715252 0.00010409079 0.00017788101 0.00066020736 5.0588533e-05 0.00018738092 3.529615e-05 0.003416197 0.2471342 0.00013573228 6.951858e-05 0.009400592 4.0001236e-05 7.478768e-05 0.00014156927 3.3447952e-05 0.031979945 0.0008119191 6.572636e-05 9.973094e-05 0.000721901 0.00025096492 0.000859411 8.399997e-05 6.249842e-05 3.2764838e-05 5.625187e-05 1.54976e-05 1.8573177e-05 2.176124e-05 1.8779858e-05 3.6312358e-05 0.0027322473 2.172841e-05 0.0006285691 2.4159274e-07 0.00141738 0.0005595098 1.4436553e-05 2.8361887e-06 9.670191e-05 4.6315276e-07 2.3217975e-05 7.725017e-06 0.000118928714 2.9876026e-05 3.5620933e-06 3.0774386e-06 0.00025391014 1.842386e-05 1.603412e-05 9.534519e-06 4.8485395e-05 1.2330363e-05 2.0454047e-05 1.4356516e-06 9.312632e-06 2.7138688e-07 3.974302e-06 6.2623376e-06 2.4090596e-05 9.767412e-06 4.0382247e-06
0.33032233 0.025382971 0.00038950006 0.004856754 7.438125e-05 0.0011824545 0.014009666 0.030227434 0.0037241862 0.001993513 0.05084561 0.05700283 0.12364026 0.0023560128 0.017516484 0.17396383 0.019566197 0.07858915 0.0043466734 0.8078903 4.4704665e-17 0.019433798 0.7390644 0.0021640947 0.0006720824 0.0006460695 0.0015745551 0.0061274134 0.0007851354 0.008300417 0.00013583899 0.20850788 0.55462605 0.33537823 0.012053649 9.050665e-05 9.785822e-05 6.3215535e-05 0.00029644903 2.3280636e-05 4.1914776e-05 0.0004071646 3.134124e-05 5.1697163e-05 1.3113692e-05 0.0022178353 0.3744712 5.8005902e-05 2.6321635e-05 0.006574516 1.7753842e-05 3.6619014e-05 5.8716367e-05 1.928805e-05 0.038361445 0.0010723069 8.791451e-05 3.1710977e-05 0.00048565454 9.174685e-05 0.00058570754 6.784468e-05 2.42272e-05 1.4200433e-05 2.1484138e-05 4.5826987e-06 1.1346237e-05 6.5017357e-06 1.068225e-05 6.6535968e-06 0.0024695254 3.2695928e-06 0.0008914661 3.5376267e-08 0.0051767766 0.0026670783 1.0590127e-05 3.418191e-06 0.0010105176 7.7075566e-07 2.55798e-05 4.1993735e-06 0.00018993157 3.5476125e-05 2.6400562e-06 3.0305362e-06 0.00049112045 3.8385915e-05 0.00018042309 1.8695995e-05 0.00023059374 4.9211132e-05 0.00011059557 1.4568587e-06 1.5762971e-05 2.71758e-07 2.1331598e-06 5.8788946e-06 6.0667116e-05 1.7436672e-05 1.6941198e-06
0.9441788 0.0023722777 0.0003006804 0.0018074886 1.9161216e-05 0.014390148 0.017746437 0.009995385 0.033496078 0.028650891 0.011576236 0.00014017745 0.00076098077 0.05654211 2.129933e-05 0.02396321 0.29336828 0.45404598 0.19891816 0.052103367 0.019433798 3.4946044e-16 0.012844564 0.020020643 0.11212507 0.0712584 0.032647055 0.6905326 0.265296 0.8044018 0.092557274 0.24501179 0.18104367 0.001214989 0.4087663 0.05889117 0.080452204 0.107869215 0.011089028 0.022181323 0.016448302 0.0769165 0.014018673 0.0075852885 0.008185833 0.061043195 0.03812352 0.014932175 0.008648408 0.074088566 0.006551543 0.0051494264 0.021148931 0.0030004862 0.07833902 0.041899472 0.048436027 0.0012203533 0.042794622 0.012922881 0.03982533 0.005630984 0.0005621463 0.0008342195 0.0011171408 0.00023174961 0.00072399585 0.00024619087 0.000447713 0.0009143137 0.023120971 9.58112e-05 0.01388845 4.7646913e-09 0.00022436636 0.00036880554 0.0030047684 0.00022962816 3.805187e-05 0.00031990506 0.0024118265 0.00094215304 0.004522095 0.0017200946 6.639218e-05 4.5877212e-05 0.00035666363 0.0013455302 6.3156476e-05 0.00072338025 0.0027910068 7.142115e-06 0.0007975512 6.9607913e-06 0.00012931942 2.3449613e-06 0.00023281269 0.0002649252 0.00015671305 0.000820351 1.8503502e-05
0.27681434 0.060912468 0.0011035609 0.0047039464 0.0029225058 0.00081317866 0.007201129 0.020233443 0.0020879458 0.0014117962 0.029907715 0.150569 0.16080745 0.0009755451 0.33801723 0.120586306 0.008844895 0.040295485 0.0016520767 0.6273197 0.7390644 0.012844564 2.095729e-17 0.002430475 0.000660629 0.0011072849 0.0011804024 0.003455059 0.00029064616 0.007444303 0.00015037668 0.12985359 0.5287524 0.79115415 0.0059783207 7.7180026e-05 0.00014428495 0.0001360555 0.00016731441 1.8962668e-05 3.303608e-05 0.000517273 3.473598e-05 2.3298982e-05 1.5959522e-05 0.002950658 0.6029756 5.6025245e-05 3.3752975e-05 0.0067974995 2.4192797e-05 4.280302e-05 6.62032e-05 1.943171e-05 0.049935903 0.0012764002 5.1147086e-05 5.7280026e-06 0.00024015235 3.721172e-05 0.0003016831 6.615808e-05 4.0887284e-05 4.753352e-06 1.102869e-05 5.601528e-06 1.7532602e-05 3.969757e-06 1.9364466e-05 6.4912897e-06 0.0026119852 6.319835e-07 0.0008319972 2.4430988e-10 0.0053692246 0.0030670098 4.833825e-05 7.8511885e-06 0.0020273728 4.8516217e-06 3.6595207e-05 5.429503e-06 0.00020944861 7.235376e-05 2.682204e-06 4.2510146e-06 0.00046859847 2.4411534e-05 0.00040397848 2.7633232e-05 0.0002849911 7.380382e-05 9.5684736e-05 1.9581435e-06 3.3969463e-05 6.8770083e-07 3.5855212e-06 9.844394e-06 7.0505885e-05 3.8080296e-05 7.6535e-07
0.99156123 0.050381247 0.00025783855 0.019191587 0.0020137194 0.15716653 0.032943796 0.01524346 0.09040681 0.3856589 0.008080657 0.0047657057 0.0031228801 0.29238087 0.0009108146 0.009739369 0.034786936 0.033171512 0.21608043 0.002563997 0.0021640947 0.020020643 0.002430475 1.0555293e-16 0.19130382 0.19776377 0.36239457 0.022817973 0.031131737 0.011450079 0.14766842 0.0027038432 0.002010563 0.0021392843 0.003454464 0.11675089 0.02634917 0.068124 0.40529478 0.045436583 0.01565415 0.0015328974 0.06252712 0.0143181505 0.015465403 0.0012883166 0.0009637655 0.006757838 0.0051984508 0.0005124056 0.0068342085 0.0051168846 0.007077357 0.003075231 0.00055041607 0.0010218127 0.0016897795 0.00083741546 0.0016288656 0.09059269 0.0018474206 0.5149401 0.0013115811 0.0006137218 0.0021546085 0.0004378793 0.0017528433 0.0003397583 0.0012125581 0.0011327512 0.00031506343 0.00011551408 0.00028671592 1.0294972e-10 0.0022181165 0.00021062681 0.00017188615 0.00028496448 0.0009324296 0.00035578766 0.0004513465 0.0001713663 0.00023088817 0.00044233943 0.00059430307 0.0004748303 0.000101786056 0.00022340918 0.00053730304 0.00011089181 0.0005585517 5.6043733e-05 0.00012744922 0.00018217126 4.864481e-05 9.6622716e-05 0.0002445652 0.00016168288 0.00040807948 3.671357e-05 3.9112598e-05
0.9905417 0.0044146394 6.2744824e-05 0.0056504603 2.2526781e-05 0.018217633 0.02089343 0.008990272 0.07987021 0.08423653 0.0029545736 2.5609921e-05 0.00011589078 0.1952011 1.1879103e-05 0.0034868375 0.116258696 0.0918057 0.42202315 0.001598573 0.0006720824 0.11212507 0.000660629 0.19130382 6.5714226e-19 0.3170406 0.24574935 0.118369184 0.21855266 0.06699477 0.52526754 0.0066529727 0.0021970666 9.342026e-05 0.013488714 0.33771208 0.20106235 0.28566635 0.3085509 0.12726508 0.09429356 0.006771082 0.093048126 0.054351714 0.05843886 0.003107211 0.0006865902 0.03919823 0.034124658 0.000869904 0.037539754 0.021888973 0.030712578 0.018355371 0.00043695013 0.0024250248 0.0075887768 0.008612297 0.0050761187 0.11482926 0.004911837 0.24031706 0.008218659 0.0062057395 0.011249318 0.0026940801 0.004711201 0.0019289423 0.004277491 0.0066516437 0.00029177146 0.00046701558 0.0001401002 2.5487966e-11 0.0066109546 0.00051778526 0.00047834433 0.0007359784 0.004864008 0.0006701345 0.0014993248 0.00048318735 0.00014523405 0.001052352 0.0013921502 0.0012291087 4.9036622e-05 0.0005903461 0.0024891088 6.229496e-05 0.00013033641 0.0004922496 3.6444468e-05 0.0003093175 2.6002428e-05 0.0002444407 0.00036983434 0.00029660907 7.268663e-05 0.00021104222 0.00021371225
0.99695104 0.00031501596 2.2795787e-06 0.0013039324 1.674358e-05 0.005151011 0.011838802 0.0058260513 0.052672755 0.057589613 0.001257769 8.107303e-05 9.8659504e-05 0.13537987 0.00011170487 0.0024828664 0.051301338 0.044624016 0.28512022 0.0007461599 0.0006460695 0.0712584 0.0011072849 0.19776377 0.3170406 3.096681e-19 0.28068915 0.051136483 0.10016851 0.043010753 0.19249512 0.002349031 0.0014720075 0.0033694955 0.0039519263 0.14080931 0.083176285 0.115005665 0.30715623 0.035917483 0.035895344 0.0012390505 0.090584286 0.020875914 0.024115304 0.001216002 0.004919577 0.017460994 0.010682328 0.0006727584 0.016308896 0.008414117 0.014616879 0.008553208 0.0010261461 0.0013364387 0.0021032924 0.0026915416 0.0011837126 0.05374509 0.0012948904 0.3509537 0.004888098 0.003026656 0.001458954 0.0012609396 0.004132349 0.0010285911 0.0027760626 0.0005310466 0.00029244393 0.00019253124 0.00019506359 1.4452653e-13 0.024488004 0.0063726567 5.2336738e-05 0.00034763617 0.01637717 7.101063e-05 0.00031011997 1.4816203e-05 0.00016663795 0.000413488 0.00037664146 0.00041156082 0.0004613632 0.0002464937 0.004120386 7.4387564e-05 0.00018711129 0.0021573575 9.510713e-05 7.6505086e-05 7.091805e-05 3.494197e-05 0.00021533544 0.00024581832 0.00031981902 3.3744104e-06 1.3142098e-05
0.99253166 0.0138081405 0.00013351558 0.01118662 0.00016277703 0.081749 0.01858329 0.0076639787 0.09134988 0.26431456 0.0039079883 0.00014740105 0.00016772594 0.3022777 3.2145726e-05 0.00431052 0.035641164 0.030725678 0.29160827 0.0016796086 0.0015745551 0.032647055 0.0011804024 0.36239457 0.24574935 0.28068915 6.536464e-21 0.046833735 0.07105616 0.019521361 0.17146969 0.004029097 0.0016798248 0.00028648332 0.003790034 0.14945112 0.065384395 0.08588547 0.53679407 0.04666817 0.027199373 0.0017262356 0.07619472 0.04396543 0.044093516 0.0014597292 0.0007728219 0.009961474 0.0074243452 0.0003603477 0.017651873 0.0063349935 0.010908554 0.0073010586 0.00049668417 0.00084606046 0.002156299 0.0011179359 0.0010930569 0.17358756 0.0010742998 0.53739744 0.0016774259 0.00074596604 0.004870165 0.00041697608 0.0013327731 0.0002766051 0.0004922589 0.0025521065 0.00055938255 6.1601386e-05 0.00029718387 1.6709853e-13 0.008263698 0.0012620116 0.00021700012 0.00021866099 0.0048061144 0.0002469125 0.00022883392 0.00051844394 0.00034691038 0.0002939721 0.00012590364 9.9223864e-05 0.00035931787 8.463862e-05 0.0029981148 6.740601e-05 0.0004458453 0.0007388385 7.5432785e-05 3.0769676e-05 3.956689e-05 8.638103e-06 0.00021573748 0.00015862024 0.00031790268 8.041503e-05 2.1713971e-05
0.87764424 0.0010071239 0.00013246419 0.0008295609 3.3311019e-06 0.014945282 0.008635876 0.002829431 0.048038132 0.034547005 0.0027401566 1.7001172e-05 0.00014560531 0.07455872 2.1253786e-06 0.005196433 0.1096425 0.1289813 0.139271 0.010956713 0.0061274134 0.6905326 0.003455059 0.022817973 0.118369184 0.051136483 0.046833735 4.151194e-17 0.77168316 0.7868316 0.1395233 0.09626749 0.060082294 0.00024677336 0.124758296 0.16503376 0.3742212 0.12874532 0.01839387 0.07672199 0.09546433 0.07335767 0.016922897 0.050697718 0.03790124 0.033362933 0.004620424 0.09365034 0.048312586 0.03931085 0.028428249 0.036792748 0.06229442 0.011984554 0.024573332 0.038387883 0.066375494 0.014026337 0.06646161 0.034156874 0.06510653 0.0024851384 0.0028923403 0.010138943 0.013754202 0.0018212673 0.004414444 0.0018205465 0.0014354421 0.009881822 0.017710418 0.0017673762 0.017235626 3.7238759e-13 9.961421e-05 1.9318775e-05 0.0049595614 0.0012736368 9.3928924e-07 0.0010689736 0.009843603 0.0027254422 0.0073951003 0.009505382 0.00058260956 0.00037549346 0.000116157884 0.005136483 1.810694e-05 0.0044290973 0.002916624 2.460789e-06 0.0015768729 0.000113620416 0.00029587 5.395078e-05 0.0032429595 0.0023567756 0.00017966074 0.002639358 0.00012856293
0.93126976 0.0007401954 3.413401e-05 0.00019227582 2.4849496e-06 0.013124121 0.004713675 0.0010791335 0.027306102 0.04075781 0.0018508392 1.7409214e-06 2.0702613e-05 0.055105332 8.11715e-07 0.003602543 0.07558472 0.067391455 0.2393146 0.005757528 0.0007851354 0.265296 0.00029064616 0.031131737 0.21855266 0.10016851 0.07105616 0.77168316 4.2736644e-17 0.26403978 0.24947488 0.05070339 0.01930298 5.2579526e-05 0.07355656 0.26796073 0.76345205 0.2945122 0.024426272 0.131845 0.1306086 0.04657048 0.0550681 0.034647696 0.04449198 0.028339762 0.0017758636 0.07579077 0.057177506 0.015292282 0.045568474 0.024044758 0.04430281 0.0106148 0.0077089067 0.019831406 0.064989306 0.0032019822 0.04421702 0.040159274 0.04016144 0.008822074 0.00068348536 0.0015733392 0.0020488992 0.0002858616 0.0004761283 0.00024387348 0.00019883901 0.0016032181 0.0027907216 0.0001276256 0.0020949407 1.4428291e-11 8.217111e-05 4.0614714e-06 0.0029055912 0.00012853963 5.913476e-06 0.0003224058 0.0031446563 0.00062528223 0.0005060441 0.0024235798 3.62591e-05 2.3764358e-05 2.8670402e-05 0.0015637813 5.9537353e-05 0.00026213482 0.0002583653 3.6040062e-06 0.00024368912 4.7312683e-06 2.395737e-05 2.040521e-06 0.00064770493 0.00042422995 2.2215425e-05 0.000558344 8.7023245e-06
0.9336766 0.00019140734 7.3207925e-06 0.00025945395 3.7775445e-07 0.0050156023 0.0024868099 0.0009789327 0.007929496 0.013217137 0.0020457567 6.4920387e-06 9.66866e-05 0.012375619 2.0090215e-06 0.004575961 0.0401585 0.11120376 0.068964355 0.018955579 0.008300417 0.8044018 0.007444303 0.011450079 0.06699477 0.043010753 0.019521361 0.7868316 0.26403978 3.964334e-16 0.077776425 0.20723978 0.14606944 0.00050811697 0.53049904 0.05742209 0.097441055 0.121722244 0.0065836357 0.025081424 0.026727388 0.27470237 0.009940156 0.010062996 0.01137124 0.15258683 0.04238843 0.0460536 0.02462658 0.16054842 0.0151764015 0.016883539 0.08827644 0.008084557 0.1352236 0.15458654 0.17851132 0.0018215667 0.15398774 0.009941804 0.1528184 0.0029384762 0.0010592048 0.001246367 0.0011433533 0.00036566862 0.0022872386 0.0003328371 0.00093293085 0.00063730264 0.099891834 0.00017126843 0.08327482 2.3584288e-12 0.000106542655 0.0015030792 0.0035273153 0.0009291284 7.4234244e-06 0.0003651678 0.007844128 0.0005974735 0.022475187 0.0065582916 0.00016549499 9.6087264e-05 0.003916394 0.007120876 0.00020215083 0.005394263 0.010976406 4.171318e-06 0.0048826593 2.3768005e-05 0.0007197507 3.2959344e-06 0.0020479527 0.0019445346 0.0009717432 0.00033918236 3.158599e-05
0.98296154 0.00054474827 2.237992e-06 0.0008314876 8.6642774e-07 0.007005331 0.0061151655 0.0010550788 0.03274967 0.050556414 0.000345098 2.073922e-06 6.909092e-06 0.07347365 9.0230003e-07 0.00043959563 0.04759256 0.03967194 0.2221279 0.0003740841 0.00013583899 0.092557274 0.00015037668 0.14766842 0.52526754 0.19249512 0.17146969 0.1395233 0.24947488 0.077776425 5.6056753e-19 0.004837942 0.0013149001 3.8098906e-06 0.009362187 0.5624754 0.30009404 0.46702063 0.266794 0.3133897 0.18479595 0.0066534136 0.1623332 0.11475249 0.11645688 0.0027693133 0.000101838 0.06897193 0.06541076 0.0008461169 0.07536053 0.037281554 0.058008056 0.030920401 0.0001657654 0.0026673276 0.011476005 0.01422627 0.0064563644 0.18925309 0.006312799 0.15255092 0.009882125 0.007621581 0.016247436 0.0027686793 0.0071112155 0.0019168309 0.0054256865 0.009276675 0.0002664447 0.00068792363 0.00013335895 2.0161132e-12 0.002462659 0.00052981963 0.0022956696 0.0010289885 0.0015462105 0.001245275 0.0018028956 0.0012806457 0.00013369766 0.0012821306 0.0010503824 0.0009142784 2.6794134e-05 0.0009958381 0.0013871315 0.0001195724 6.070751e-05 0.00016275699 5.50061e-05 0.0003905097 2.1741178e-05 0.00029703087 0.00051652174 0.00047510726 5.0724477e-05 0.0005685783 0.00024336953
