1.0109869e-19 0.99956113 0.98435503 0.9995816 0.9883929 0.9997517 0.9726908 0.995397 0.97950643 0.9591399 0.9995069 0.9965683 0.9522914 0.9847026 0.9981878 0.99956596 0.99185383 0.9725425 0.97830683 0.99886394 0.965123 0.9764908 0.9771536 0.97079825 0.9752444 0.9191243 0.822999 0.9404324 0.9685067 0.9624827 0.9070161 0.9673313 0.9687363 0.9435962 0.96783185 0.97503924 0.96487164 0.9737661 0.9579873 0.95076627 0.94180316 0.9571518 0.825106 0.945277 0.9481658 0.9550466 0.66168207 0.9644938 0.90651053 0.9470928 0.96107554 0.91922 0.93786895 0.9526781 0.9221671 0.9054554 0.9301566 0.9275195 0.92329854 0.8852955 0.9180076 0.9450344 0.8588906 0.88473135 0.9024638 0.95086056 0.833069 0.7839844 0.9501321 0.75149536 0.9209521 0.6998393 0.839022 0.62112826 0.79952615 0.8511192 0.45314667 0.94730616 0.8628102 0.9548349 0.6647012 0.29904595 0.54929215 0.4686905 0.14261952 0.7538429 0.031472143 0.23020099 0.34526765 0.12933494 0.0030148278 0.59503365 0.013062462 0.064867884 0.00048522843 0.01856567 0.08341073 0.0004383686 0.38326097 0.0007844764 0.0027675906
0.99956113 1.7064755e-10 0.8728824 0.16209505 0.5793128 0.3943499 0.34118664 0.35915247 0.46800587 0.18512954 0.036916744 0.03353319 0.15234604 0.21153246 0.040508874 5.5036802e-05 0.10275684 0.13640574 0.13863288 0.0006555996 0.083001144 0.09017169 0.020803383 0.04076567 0.072793536 0.0031460961 0.025457256 0.0023316243 0.030797848 0.029338002 0.032944344 0.023977382 0.023206776 0.026183674 0.021754188 0.073444 0.045272913 0.045363568 0.023107998 0.015817748 0.044233758 0.0063363467 0.00020809352 0.016424257 0.004752718 0.0099561885 0.00050878886 0.0028335692 0.00075058773 0.0034785394 0.009073927 0.016347243 0.023496605 0.0030008096 0.006079682 0.0020319833 0.0034987023 0.0021355366 0.0006089219 0.0023561455 0.0011181928 0.00081952056 0.0008889841 0.0014843281 0.001051777 0.008775511 0.0011221973 0.0012722086 0.0337844 0.0016562794 0.0033907548 0.00047157184 4.390417e-06 1.1842636e-05 0.0014880159 0.0014082413 0.0006166572 0.022228934 0.0002628202 0.00067284337 5.250175e-07 0.023501324 0.0014411642 0.05144274 0.00011089191 0.020428441 0.00019502659 0.0028043976 0.005250014 0.00033298254 5.401534e-07 1.5552057e-05 5.1693828e-08 0.00012976403 7.931896e-06 0.00010601906 7.483698e-05 2.4602232e-06 0.0038322236 1.9316483e-06 2.5324378e-05
0.98435503 0.8728824 2.009342e-15 0.065306336 0.75970054 0.18201455 0.644926 0.24252838 0.8299114 0.25887585 0.0036215903 0.0031674213 0.5504701 0.3254585 0.0059834714 4.4740034e-07 0.030210217 0.28092217 0.2456768 7.5491976e-06 0.09366459 0.033507917 0.0029399816 0.048512734 0.098969884 0.00010307264 0.005125102 9.211508e-05 0.015355012 0.021369705 0.029093523 0.011266195 0.009217642 0.020691467 0.002837938 0.12913035 0.0783894 0.10435777 0.026266923 0.013226638 0.04460519 0.0033329898 2.8911736e-06 0.02197213 0.002759443 0.009467317 2.547908e-05 0.0006848023 2.349955e-05 0.0008212004 0.0140159065 0.018433247 0.032164857 0.0017132212 0.008104141 0.00091132993 0.0031947822 0.0025268109 8.454329e-06 0.0010716264 0.00012632832 1.9606767e-05 6.897903e-05 0.0014972171 0.00011902515 0.007405707 0.0008223794 0.0005390987 0.023088481 0.0012168465 0.0027183527 3.8697497e-05 1.069168e-08 1.4411426e-08 0.001628667 0.0016874146 0.00011316386 0.013481159 2.2508011e-05 0.000114288334 2.1321906e-09 0.01003732 0.00059191417 0.0070543983 5.497333e-07 0.015362789 4.097343e-05 0.0034777434 0.0014648457 0.0002469153 1.113069e-10 3.146873e-09 3.8034083e-11 2.1604972e-05 1.7649741e-08 2.4835126e-05 6.09871e-05 3.5001602e-09 0.00303604 2.488076e-09 9.0163684e-07
0.9995816 0.16209505 0.065306336 4.1686104e-13 0.109974146 0.002483058 0.18495974 0.0053690607 0.10193053 0.8382534 6.234423e-07 2.4585745e-06 0.22490634 0.04085756 1.6091205e-06 3.1319478e-11 0.00032072372 0.03598119 0.08603972 3.208393e-10 0.006461755 0.0020783532 3.6731955e-05 0.6093699 0.011960897 9.819077e-10 1.2400552e-05 1.1521782e-09 0.00064391654 0.0011906495 0.46466768 0.81754065 0.00049920834 0.35285494 2.2056782e-05 0.25460845 0.028840601 0.15955389 0.0033807403 0.0013473503 0.11967576 4.676016e-05 4.749414e-08 0.15669449 1.599057e-05 0.00328032 3.5929267e-11 1.3398358e-06 5.280606e-07 9.137109e-06 0.0061017815 0.0990658 0.038046192 1.8828796e-05 0.006912171 1.5685937e-05 0.0018929875 0.00076710974 2.1390585e-07 1.619368e-05 1.5342472e-07 5.9154335e-08 4.0600983e-07 0.00040062587 6.0623387e-07 0.07610824 0.00010342534 2.3615901e-05 0.49723676 0.00040773954 0.01545856 5.649078e-07 2.7705952e-11 2.2255344e-08 0.0008024661 0.00039178692 1.3975402e-06 0.18292387 4.9883115e-06 0.000962857 1.7628938e-09 0.25217745 0.0014057892 0.00561479 3.5346542e-07 0.18215589 7.080019e-09 0.02982474 0.17478667 0.004671314 7.7812096e-08 1.7209212e-08 3.1807848e-10 2.4430143e-05 3.6305082e-07 4.5765995e-05 0.0024551118 1.6304881e-09 0.18227945 1.1361715e-06 2.140247e-06
0.9883929 0.5793128 0.75970054 0.109974146 4.193755e-17 0.031021312 0.9188224 0.044932876 0.538092 0.39505738 0.00021168664 0.00017891629 0.5551661 0.07407504 0.00023084765 2.9531757e-09 0.003987009 0.09105249 0.14864516 2.0828432e-08 0.014079025 0.008119997 0.00022081501 0.07744962 0.035710003 9.198498e-07 0.0009439634 3.3988837e-07 0.0026499596 0.0036918297 0.04335596 0.010627527 0.002349564 0.02908217 0.0005331301 0.23300742 0.040628765 0.11822387 0.009399018 0.0026157342 0.07303738 0.00055652804 4.1533358e-08 0.042545125 0.00043481428 0.0042768246 3.275985e-08 2.6633254e-05 5.5455604e-07 9.614199e-05 0.009639429 0.023198927 0.022462215 0.0002005226 0.0049359426 0.00033013013 0.001617074 0.000688494 6.6245894e-07 0.00021884833 3.4128946e-06 4.652711e-07 3.514894e-06 0.00043231604 6.950522e-06 0.010460069 0.00015996404 8.382895e-05 0.024615753 0.0004951244 0.0037676527 2.5782847e-06 1.6705735e-10 1.340802e-08 0.00072124996 0.0008595582 1.7292385e-05 0.021213885 2.6911846e-06 2.2910524e-05 2.348045e-10 0.008444351 0.0003893194 0.0019451923 9.01872e-08 0.016353792 5.4542584e-06 0.0027629938 0.0010887549 0.000301478 2.9164636e-11 2.5455527e-10 2.6440922e-12 1.0133901e-05 2.486866e-09 4.030895e-06 3.6273526e-05 1.9850627e-10 0.0048034107 2.1154283e-09 2.6823022e-07
0.9997517 0.3943499 0.18201455 0.002483058 0.031021312 8.219707e-12 0.043493193 0.8339797 0.4825135 0.013002773 0.39869037 0.5874263 0.064249486 0.62513494 0.16752642 0.0040071947 0.7432676 0.3393344 0.2946206 0.12751208 0.4708411 0.58163875 0.35203063 0.010644142 0.3720993 0.021936713 0.014510012 0.011443819 0.46138924 0.3913284 0.0044858023 0.000517553 0.47098857 0.0026250994 0.02886679 0.030035302 0.23078687 0.08031277 0.2552186 0.21190466 0.02077587 0.16826445 0.009778281 0.0038315002 0.14124012 0.20303075 0.0020349321 0.17158054 0.042457208 0.12570663 0.09117698 0.009692249 0.0508695 0.096916065 0.03629269 0.06495426 0.042195972 0.078337125 0.016203437 0.04127061 0.03377397 0.026704123 0.017520394 0.043821722 0.025371578 0.022943996 0.018201169 0.0114434 0.0053011347 0.011496216 0.020010712 0.0077331616 3.8503164e-05 0.0019039785 0.00938791 0.013534864 0.0029935208 0.01518755 0.017003931 0.11798576 0.0015351766 0.0016292806 0.013368805 0.0032920754 0.0007379348 0.010588184 0.0008196284 0.00090843777 0.00021285554 0.0017242433 5.2171792e-05 8.66579e-05 1.9650672e-06 0.0005180624 7.276528e-05 0.00066617597 0.0005448888 7.133348e-06 0.0039821602 3.3200573e-05 0.00016626714
0.9726908 0.34118664 0.644926 0.18495974 0.9188224 0.043493193 1.12037304e-17 0.042513147 0.57205456 0.73951846 0.00032565946 0.0002209216 0.82362866 0.07074953 0.0001786779 2.142725e-09 0.0016541444 0.10941192 0.25497353 1.1560728e-08 0.0086546615 0.0034731047 7.612889e-05 0.15502651 0.03749782 3.770472e-07 0.0004866135 6.697326e-08 0.0013812927 0.0028745774 0.05171482 0.017682968 0.0013466862 0.047308754 8.8133944e-05 0.45131955 0.05256319 0.27665326 0.012765584 0.0031473176 0.19639815 0.0005166072 3.0972537e-08 0.17177278 0.00015651337 0.008270307 2.0505584e-09 5.1899865e-06 7.762602e-07 1.4286213e-05 0.03239655 0.10342452 0.063542016 0.00018254551 0.017905679 8.162501e-05 0.0055135307 0.0012464436 1.6854716e-07 3.620164e-05 6.7574376e-07 3.008905e-07 3.8372332e-07 0.0012348774 8.35928e-07 0.07290811 2.9346102e-05 1.3469199e-05 0.030040996 0.00020420902 0.021097956 4.3396585e-07 4.5870863e-11 9.19124e-10 0.001630413 0.0012879977 1.8129705e-06 0.13408819 2.1763252e-07 9.3194234e-05 7.80001e-11 0.0073969774 0.0011298464 0.0026741615 5.12013e-09 0.09978056 8.482952e-06 0.017893925 0.0021620812 0.00063069264 6.667682e-11 1.7946174e-10 4.4386142e-13 5.396884e-07 1.5354048e-09 3.644711e-07 0.00014776192 1.9646387e-11 0.024066338 2.070559e-09 1.5507897e-08
0.995397 0.35915247 0.24252838 0.0053690607 0.044932876 0.8339797 0.042513147 4.995522e-14 0.60933864 0.007416112 0.11960272 0.25880298 0.16152632 0.7871369 0.07107495 0.00020744737 0.7410257 0.4522244 0.34481937 0.021640701 0.6368512 0.64369625 0.22480595 0.0021496487 0.4154518 0.006153073 0.006960463 0.0028160305 0.42254972 0.37246776 0.0008861211 8.3704734e-05 0.29653183 0.00037869156 0.0053560836 0.0076583643 0.23695259 0.06903719 0.28722054 0.17045978 0.007785705 0.10187856 0.0044734967 0.0006905717 0.096898824 0.1065473 0.0024553037 0.05341569 0.01539231 0.06983379 0.058950234 0.0011679393 0.027027076 0.039123364 0.018882975 0.03734453 0.017234106 0.0365474 0.0029230232 0.023538087 0.011480877 0.0039031184 0.0038028723 0.023887185 0.0059609027 0.002921415 0.009166968 0.0049772565 0.0013601289 0.0075221257 0.0041733296 0.0028849023 2.4659619e-06 0.00024890932 0.0051387763 0.0067042164 0.0013904902 0.0015005327 0.0024873966 0.022753302 6.206423e-05 0.00036939286 0.0018248521 0.0017029928 0.00027935416 0.00146624 0.00025402493 0.00031742585 2.4191297e-05 0.00023663326 1.4928399e-06 1.6386433e-06 9.8009885e-09 9.088038e-05 3.8045316e-06 0.0005205488 9.28781e-05 4.1560934e-08 8.468165e-05 6.130946e-07 4.726567e-05
0.97950643 0.46800587 0.8299114 0.10193053 0.538092 0.4825135 0.57205456 0.60933864 9.637913e-16 0.120975725 0.009178187 0.013449055 0.7830017 0.7896192 0.0063319737 3.9313224e-07 0.043392308 0.6552652 0.60969555 2.0842015e-05 0.29461092 0.057182923 0.003469726 0.0091077825 0.3736812 0.00014202647 0.0022929565 4.728614e-05 0.027968802 0.051167652 0.0059459624 0.003049938 0.014009318 0.0034565798 0.0006472495 0.042395525 0.1502955 0.15802212 0.06517659 0.020787096 0.023090856 0.0034070413 4.2831405e-05 0.0065190243 0.0029581091 0.01845031 8.812642e-06 0.00037678916 3.3379787e-05 0.00032790733 0.029439652 0.0032812227 0.039507274 0.00071432017 0.013356711 0.00034062323 0.004286332 0.0037718914 1.2470475e-05 0.0004123997 3.9796065e-05 1.3900774e-05 1.8690307e-05 0.0016108425 2.6966403e-05 0.006698199 0.00027889767 0.00010954805 0.009275666 0.000779044 0.0038434966 1.0840335e-05 5.7746455e-08 2.900176e-08 0.000598338 0.0010089258 1.08070035e-05 0.0043624295 9.4271245e-06 0.0001841094 1.380087e-09 0.0018317882 0.00014371378 0.0023970546 1.7385987e-06 0.0027561344 0.0015016359 0.000394023 0.00018548068 4.0468316e-05 1.9341385e-08 1.1355585e-06 2.0313737e-10 4.9306755e-06 3.954584e-07 4.4167614e-06 1.7444441e-05 4.676894e-09 0.00025397044 1.6411228e-07 9.2762764e-07
0.9591399 0.18512954 0.25887585 0.8382534 0.39505738 0.013002773 0.73951846 0.007416112 0.120975725 3.3834466e-15 1.09969515e-05 4.110769e-06 0.7809594 0.0065304674 1.5579051e-06 2.2270864e-10 0.00012856438 0.012858844 0.02296123 3.3444067e-10 0.001237235 0.00023338446 3.8423145e-06 0.897199 0.0032660107 7.131684e-09 2.2239316e-05 2.7144147e-09 9.5877745e-05 0.00023834368 0.27365962 0.046645675 2.316991e-05 0.20442528 2.0086472e-05 0.53570056 0.0107286535 0.07851089 0.00062251935 0.00037206095 0.12132613 7.065999e-06 9.107081e-09 0.108101055 3.2335233e-06 0.0010250184 1.8989756e-09 3.2338824e-07 2.7043802e-08 5.7440604e-07 0.0013423074 0.12249475 0.015909845 2.2416295e-06 0.0017138191 4.104807e-06 0.00034036784 0.0001316491 1.8424691e-08 5.0166973e-06 4.4718e-08 4.5688324e-09 7.748582e-08 9.058254e-05 2.6152838e-07 0.014816849 1.3336243e-05 4.8913994e-06 0.089874975 0.0001676404 0.0016170216 4.3235328e-08 7.342016e-09 5.244538e-10 0.00014611623 0.00016649088 4.1135598e-07 0.060097024 3.0342744e-07 9.098683e-06 1.3385724e-10 0.03123 0.00021165132 0.0027440703 1.4566801e-07 0.054005384 3.4853294e-06 0.0076118694 0.0049869493 0.00032227853 1.6067894e-10 1.1036675e-07 8.188322e-11 5.614952e-06 1.5628693e-08 9.584634e-06 0.000101914855 1.2573886e-10 0.009154771 4.5859885e-09 2.7838755e-07
0.9995069 0.036916744 0.0036215903 6.234423e-07 0.00021168664 0.39869037 0.00032565946 0.11960272 0.009178187 1.09969515e-05 5.9350736e-16 0.7413199 0.00023944362 0.011590642 0.66726035 0.08835438 0.14693908 0.0027656576 0.0019591048 0.061580382 0.009799799 0.03580528 0.16021438 6.238863e-06 0.0016513035 0.5513716 0.068645865 0.4163631 0.018138397 0.008993663 1.6896946e-07 1.352548e-08 0.04068191 1.0833555e-07 0.089011505 1.4841292e-05 0.0012422497 4.6822275e-05 0.0070935735 0.008785447 4.763783e-05 0.01514806 0.08002644 3.0908168e-07 0.015257911 0.0029626675 0.035205774 0.030695543 0.038505115 0.03240616 0.00058638945 2.1762596e-06 1.15568e-05 0.0057450416 9.242121e-05 0.00987901 0.00054633454 0.001659391 0.010282313 0.00433533 0.00892027 0.010738035 0.006369135 0.00059222756 0.0044017145 0.00011074364 0.0010687116 0.002140774 8.162497e-06 0.00053636 7.8648314e-05 0.0034356005 0.003204672 0.001823377 8.6399035e-05 0.00022954604 0.0013869032 0.0002665723 0.0031977606 0.021987326 0.0072088456 3.7540556e-06 9.7328084e-05 0.0036098734 0.0005989366 4.4035314e-05 0.0027528992 5.4827638e-06 1.9231588e-07 8.259379e-05 0.000115725335 0.00032722726 0.00020403888 0.00010593366 5.600473e-05 0.00012149825 2.9226925e-05 2.5233201e-05 1.8976654e-05 7.485797e-05 0.00010180362
0.9965683 0.03353319 0.0031674213 2.4585745e-06 0.00017891629 0.5874263 0.0002209216 0.25880298 0.013449055 4.110769e-06 0.7413199 3.1968381e-16 0.00017987729 0.02851603 0.15545377 0.015261214 0.66947055 0.005517744 0.0034529506 0.5079266 0.034324042 0.11664319 0.7961435 1.5629424e-06 0.0026972757 0.24751566 0.018430434 0.07666993 0.11545012 0.055304565 3.0638976e-08 4.2927926e-08 0.24584413 2.3564192e-08 0.01875278 1.5994498e-06 0.0021584535 5.1174364e-05 0.016384318 0.04528235 1.0397152e-06 0.11858553 0.45943633 4.7894407e-08 0.13929187 0.008599517 0.015141743 0.39025643 0.30256063 0.34744385 0.00068044104 2.2317373e-07 2.0032105e-05 0.057009265 8.679313e-05 0.1302761 0.00027104406 0.009322536 0.11799227 0.040607158 0.0937468 0.12129531 0.038717188 0.0021558644 0.029064016 6.047997e-06 0.006164173 0.009197675 5.806e-06 0.0015658084 2.487699e-05 0.030786471 0.0001046922 0.017205827 2.2245787e-05 0.00014062076 0.009653012 8.430859e-06 0.005631833 0.022178002 0.05168742 2.017301e-07 3.7729e-05 0.00040740776 0.0006085878 1.6284145e-06 0.0005682598 2.146417e-07 3.2562758e-07 5.0144968e-06 0.00022567928 2.768401e-05 0.00010096823 6.651707e-06 6.0423397e-05 0.0003276179 1.3756031e-06 2.0495254e-06 1.2834645e-06 3.2835967e-05 4.0808205e-05
0.9522914 0.15234604 0.5504701 0.22490634 0.5551661 0.064249486 0.82362866 0.16152632 0.7830017 0.7809594 0.00023944362 0.00017987729 4.1304066e-17 0.26402885 0.0001648031 7.168919e-08 0.002432702 0.55358785 0.73917645 2.53848e-07 0.017971996 0.002967364 9.279869e-05 0.21618009 0.17405398 1.7036839e-06 0.0006024792 8.5501324e-07 0.0008065558 0.0017690853 0.044023253 0.005441527 0.00037553106 0.016239071 3.825085e-05 0.6575531 0.10323435 0.8352275 0.01764276 0.0019098523 0.22406606 0.00029515702 2.0962912e-07 0.065621 7.261062e-05 0.008544602 1.25645006e-08 3.932791e-06 5.314323e-07 9.382467e-06 0.029507076 0.044671025 0.15584129 0.000114332266 0.030919898 0.00010656288 0.011616902 0.0013416784 2.734009e-07 0.00012593881 3.2345347e-06 5.4349863e-07 7.504764e-06 0.0011258795 5.4051384e-06 0.11979943 0.00022856674 0.00015743358 0.052039776 0.0023299938 0.030937612 5.176354e-06 1.3588522e-08 1.18536345e-08 0.005912459 0.00404893 1.4047192e-05 0.07424331 1.8437842e-06 0.00015708369 1.7542911e-08 0.0049817725 0.0035629785 0.0023899602 2.7236698e-07 0.039414052 0.00031316513 0.0043859505 0.0009017783 0.005176162 7.038749e-09 9.689192e-08 3.5648928e-10 1.2703839e-05 3.7459905e-08 1.3545418e-05 0.00047663442 1.3262115e-10 0.0024008423 3.660227e-08 8.4951563e-07
0.9847026 0.21153246 0.3254585 0.04085756 0.07407504 0.62513494 0.07074953 0.7871369 0.7896192 0.0065304674 0.011590642 0.02851603 0.26402885 3.4184363e-15 0.009649915 4.040721e-06 0.16247262 0.7727947 0.49509406 0.0008078376 0.7430635 0.3341863 0.009606813 0.0008232151 0.71661496 0.00060595106 0.005126886 0.00041473674 0.1470041 0.24096195 0.0005649447 7.392301e-05 0.0443658 0.00022433834 0.0013643529 0.002436754 0.21239078 0.017250706 0.16135196 0.06922652 0.0031248373 0.011362221 0.00011771131 0.00049654744 0.00895196 0.042506382 4.6005935e-05 0.00059268094 8.901972e-05 0.0009379493 0.021188086 0.0006105475 0.010311497 0.0040023257 0.009564821 0.002135686 0.008725866 0.011592145 0.00015180896 0.0026024026 0.0003889626 0.00016655868 0.00031785658 0.007485554 0.00091416505 0.0011881721 0.004636593 0.0018857657 0.0013595544 0.0067794924 0.0016849736 0.00068270986 4.257788e-07 5.117951e-06 0.0017231797 0.0028557647 0.00062454416 0.0007931515 0.0003427831 0.0012487785 2.1342535e-07 3.588246e-05 0.0005539176 0.0010670124 8.8770146e-05 0.00012092305 0.0009920793 0.00011001374 0.00015265826 0.0001529121 1.7329843e-07 4.5750897e-07 2.6092921e-09 0.00025677506 3.1967247e-07 5.7142504e-05 3.0187546e-05 7.0181985e-09 0.00037284358 6.887616e-07 5.357769e-06
0.9981878 0.040508874 0.0059834714 1.6091205e-06 0.00023084765 0.16752642 0.0001786779 0.07107495 0.0063319737 1.5579051e-06 0.66726035 0.15545377 0.0001648031 0.009649915 1.7838264e-10 0.06324255 0.023572816 0.0030862635 0.0013660364 0.037734788 0.0046022525 0.006017994 0.017481223 9.830997e-06 0.0011198319 0.1526976 0.4414539 0.5917405 0.0023100975 0.0022788234 4.944041e-07 1.4123791e-08 0.0025852367 3.447172e-08 0.45978525 2.8156224e-05 9.2030525e-05 2.6769514e-05 0.0007933107 0.0020119927 2.3518583e-05 0.00078136806 0.015497588 9.533324e-07 0.0005904182 0.00047937984 0.7743118 0.0006822698 0.0024589568 0.0011972662 0.00012820015 6.6036196e-06 6.682573e-05 0.00031181303 0.000111576344 0.00032123676 0.00010577284 0.00016400378 0.0002632248 0.00022446182 0.00012103011 0.00017816607 0.0001066963 3.7961e-05 8.2445295e-05 3.5707206e-05 7.371624e-05 0.00012240879 7.872448e-07 7.227052e-05 7.769201e-05 0.00019048282 0.21729977 4.948371e-05 0.00012111267 0.00016659348 9.85915e-05 0.00019351608 8.1369384e-05 0.0021018698 0.000600283 6.781195e-07 0.00018166399 0.13771775 3.5931957e-06 5.8360132e-05 0.17037168 2.6575533e-05 9.394975e-08 6.4574575e-05 3.2623884e-06 0.0031547598 0.0003917068 1.0272961e-05 4.2719894e-06 1.7599016e-06 2.7521862e-06 3.8687917e-06 2.947012e-05 1.8427978e-06 1.3443308e-06
0.99956596 5.5036802e-05 4.4740034e-07 3.1319478e-11 2.9531757e-09 0.0040071947 2.142725e-09 0.00020744737 3.9313224e-07 2.2270864e-10 0.08835438 0.015261214 7.168919e-08 4.040721e-06 0.06324255 1.8301391e-17 0.00018908955 7.605007e-07 6.27493e-07 0.025580913 1.8809816e-06 1.4318525e-05 0.0011768453 1.3220398e-09 5.535822e-07 0.9079381 0.008170028 0.017644847 1.6336478e-05 5.3023787e-06 1.2190143e-10 1.4346598e-11 5.2028146e-05 1.2967919e-11 0.0079776235 2.8958684e-09 2.7133602e-08 1.321854e-08 6.341575e-07 1.9559507e-06 4.5271922e-10 1.0177319e-05 0.8328544 4.2541186e-11 9.5831265e-06 5.776769e-07 0.0010425039 3.8876715e-05 0.004876579 3.4233275e-05 5.20648e-08 1.3773147e-10 2.4964375e-09 4.8635416e-06 4.2225086e-08 2.1106245e-05 1.6770204e-07 1.5820402e-06 0.002705076 3.947724e-06 2.83306e-05 0.00013552648 2.8689275e-05 4.883091e-07 9.326844e-06 1.9106938e-08 2.3002704e-06 3.226257e-06 6.604693e-09 4.0181335e-06 5.265635e-07 8.9435234e-05 0.0014627184 0.001863102 1.8919766e-07 2.5945653e-07 1.25563265e-05 5.362006e-08 2.2614926e-05 1.4142292e-05 0.23969951 3.3950523e-10 6.137705e-08 3.509456e-05 1.5104321e-05 1.5087029e-09 9.38999e-05 3.3414967e-08 1.9669512e-08 3.8622407e-08 0.00016721999 0.20379785 0.0016179672 1.4472337e-07 2.8490917e-05 9.64978e-08 1.7654589e-08 8.573555e-06 1.1431204e-07 6.0618477e-05 1.0484211e-07
0.99185383 0.10275684 0.030210217 0.00032072372 0.003987009 0.7432676 0.0016541444 0.7410257 0.043392308 0.00012856438 0.14693908 0.66947055 0.002432702 0.16247262 0.023572816 0.00018908955 3.878168e-13 0.05930226 0.036491554 0.08514467 0.38212875 0.633348 0.8289891 2.7040338e-05 0.088841654 0.00787682 0.004233053 0.0044807913 0.58167017 0.41175404 2.244035e-05 5.0066006e-07 0.7041634 4.7441586e-06 0.0028158734 5.9949118e-05 0.029001359 0.00089585275 0.13734573 0.20632645 0.00014274752 0.2633493 0.034609735 6.053988e-06 0.27626464 0.05827259 0.0012282572 0.41605446 0.15792209 0.33443403 0.011660462 2.2227505e-05 0.0005603492 0.15064938 0.0035871225 0.18716636 0.008906198 0.05112962 0.04644271 0.099787384 0.10606232 0.07073032 0.049523808 0.018205483 0.09742577 0.0002979296 0.04092988 0.038242485 0.000115326395 0.013968483 0.0007115319 0.038473986 1.4644289e-05 0.007905534 0.0011790313 0.0034830638 0.020342685 4.02019e-05 0.01446433 0.032841876 0.0022488222 1.8203615e-06 0.00030981048 0.0012144306 0.0028883172 1.7652013e-06 0.0012634705 6.861395e-06 6.506152e-06 1.3475983e-05 0.00014978142 8.4277997e-07 3.1288076e-07 0.000103947146 2.3847908e-05 0.0010399668 9.957094e-06 2.4535774e-07 7.8859175e-06 1.0985202e-05 0.00028166766
0.9725425 0.13640574 0.28092217 0.03598119 0.09105249 0.3393344 0.10941192 0.4522244 0.6552652 0.012858844 0.0027656576 0.005517744 0.55358785 0.7727947 0.0030862635 7.605007e-07 0.05930226 2.0265766e-16 0.9058672 0.00023874041 0.36506638 0.10977843 0.005303962 0.0011211169 0.86850697 0.0001995373 0.002300061 7.3643445e-05 0.038586494 0.08868562 0.00038865182 6.857441e-05 0.015723523 0.0001606629 0.00050220854 0.0032242008 0.40374404 0.048077103 0.14815183 0.049401294 0.0048747263 0.004514242 2.2170536e-05 0.0004730242 0.003191565 0.06639906 4.112432e-06 7.5027216e-05 1.5401685e-05 0.00024041059 0.0630025 0.00074418576 0.02755253 0.0025611804 0.021296889 0.0014012431 0.016503558 0.017446056 1.47226365e-05 0.0018669297 5.8497986e-05 2.7189439e-05 4.7573998e-05 0.014981035 0.00070939463 0.0045807767 0.0036677157 0.0020378162 0.0009668154 0.013273701 0.006869884 0.00012308704 7.0332234e-08 3.232723e-07 0.0072761015 0.010364703 0.00019193835 0.0010168079 0.0003048898 0.002985004 3.8547785e-08 6.132496e-05 0.008397575 0.00023871538 1.6800092e-05 0.00036496608 0.00016615604 0.00013515231 1.944595e-05 0.003512659 3.7108163e-09 2.3474787e-08 4.8943805e-10 0.0006099649 8.677156e-08 0.00023651887 0.00017974747 6.294334e-10 0.00012513585 5.5070107e-08 1.7098617e-05
0.97830683 0.13863288 0.2456768 0.08603972 0.14864516 0.2946206 0.25497353 0.34481937 0.60969555 0.02296123 0.0019591048 0.0034529506 0.73917645 0.49509406 0.0013660364 6.27493e-07 0.036491554 0.9058672 4.9245553e-16 5.6703822e-05 0.112346336 0.041532684 0.0031979603 0.0029678848 0.8439123 2.279645e-05 0.0010536646 8.954957e-06 0.02747055 0.062008858 0.0010590316 0.0005471962 0.02406836 0.0005538471 0.00016928698 0.016912475 0.47364092 0.32108724 0.24225868 0.02080002 0.034345448 0.0063711917 7.6054607e-06 0.002623086 0.0019884983 0.07774895 1.5541337e-07 1.1972694e-05 2.5306248e-05 9.353936e-05 0.23467661 0.003597652 0.1300134 0.004981839 0.11068015 0.00085792225 0.094085075 0.021141445 9.304563e-06 0.0012037675 1.772008e-05 1.2911836e-05 1.9788511e-05 0.034280233 0.00052260654 0.08292418 0.0031698553 0.0017028538 0.0028005252 0.01334202 0.0848586 2.7647284e-05 3.4255285e-09 5.699273e-07 0.031264123 0.030350871 0.00013737142 0.013459633 0.0002560007 0.013083431 1.3476149e-07 0.00012961871 0.034928527 0.00021266135 9.828261e-06 0.011428987 4.9371003e-05 0.0017047323 0.00011518723 0.025689397 3.854646e-08 1.9604107e-09 1.804124e-10 0.0031883998 9.2780674e-08 5.2882362e-05 0.0017059334 7.1992773e-10 0.0006209739 3.5946746e-07 8.192646e-06
0.99886394 0.0006555996 7.5491976e-06 3.208393e-10 2.0828432e-08 0.12751208 1.1560728e-08 0.021640701 2.0842015e-05 3.3444067e-10 0.061580382 0.5079266 2.53848e-07 0.0008078376 0.037734788 0.025580913 0.08514467 0.00023874041 5.6703822e-05 3.5862055e-17 0.003316641 0.009385655 0.87425375 1.2024415e-09 0.00024654352 0.011396873 0.005731937 0.005363416 0.012180773 0.0070440425 2.4121824e-10 3.9036625e-12 0.047660854 1.9411724e-11 0.004451681 3.1005577e-08 0.00019094825 5.132472e-08 0.00072481285 0.011744203 1.2450184e-08 0.03272057 0.8018862 1.6290169e-10 0.036298208 0.0014956495 0.0023624543 0.18100725 0.5550918 0.15535991 0.00017672277 1.4445323e-09 1.0869356e-06 0.031343076 5.424651e-05 0.07996626 0.00011415543 0.0016897423 0.5257508 0.023857253 0.122211434 0.16662441 0.10989319 0.0007624118 0.033775073 3.3139773e-07 0.007122801 0.010185681 1.3785462e-08 0.0012218183 2.7522348e-05 0.13002041 2.1657845e-05 0.19569105 0.00011758462 0.0004403824 0.040903773 2.0422478e-06 0.026958138 0.009637991 0.14138141 7.8719925e-10 6.499231e-06 5.5211756e-05 0.015761057 2.8362412e-09 0.0003326055 3.911856e-07 1.2646246e-08 4.1671074e-06 0.00052106107 1.4529293e-06 3.3906865e-05 5.051371e-05 5.3871143e-05 0.00012812902 3.9885543e-07 3.4379307e-06 4.893758e-07 0.00019862295 4.7518133e-05
0.965123 0.083001144 0.09366459 0.006461755 0.014079025 0.4708411 0.0086546615 0.6368512 0.29461092 0.001237235 0.009799799 0.034324042 0.017971996 0.7430635 0.0046022525 1.8809816e-06 0.38212875 0.36506638 0.112346336 0.003316641 2.3349333e-17 0.88085127 0.030836083 7.448518e-05 0.5310887 0.0007198691 0.0030531583 0.00039254804 0.58921283 0.74098957 1.0180523e-05 1.9843437e-06 0.30568066 1.7632059e-06 0.0008693611 0.00016657567 0.198934 0.0015362268 0.27904007 0.4257852 0.00027647772 0.049793 0.0001909419 9.003037e-06 0.049609378 0.10482359 9.03634e-05 0.0028263177 0.0004323849 0.006698167 0.01887853 8.475182e-06 0.0042752237 0.019590756 0.0064849015 0.014368886 0.008108958 0.029056724 0.00049342576 0.01117665 0.0012156565 0.00041520668 0.00081741076 0.012783102 0.0037483568 7.5375254e-05 0.007270247 0.0052593597 0.0002509908 0.015475125 0.00079087 0.0010111702 9.347568e-07 2.5144369e-05 0.0019483281 0.004878442 0.00081805146 1.5617528e-05 0.0007575395 0.0018213192 1.9759157e-06 8.0402606e-07 0.0011538955 0.0005505332 0.00013216476 1.0590052e-06 0.0005046602 5.126612e-06 6.8265153e-06 6.946556e-05 2.3528038e-08 1.2547743e-07 7.144573e-10 0.00038294084 8.710419e-08 0.00010934211 5.1010425e-06 1.7643236e-09 2.2332533e-05 1.5411749e-07 1.6133408e-05
0.9764908 0.09017169 0.033507917 0.0020783532 0.008119997 0.58163875 0.0034731047 0.64369625 0.057182923 0.00023338446 0.03580528 0.11664319 0.002967364 0.3341863 0.006017994 1.4318525e-05 0.633348 0.10977843 0.041532684 0.009385655 0.88085127 4.0703303e-16 0.14355154 9.6494405e-06 0.16342516 0.0016164018 0.002861289 0.00089123024 0.60392344 0.5395526 1.5721736e-06 7.1232726e-08 0.4012938 2.7508153e-07 0.0011424759 2.239669e-05 0.06958925 0.00039385035 0.12034324 0.30730784 6.907113e-05 0.082194865 0.0012679844 1.2846584e-06 0.08335197 0.054515418 0.00018457967 0.016318932 0.0026566577 0.021296006 0.010750039 1.5231651e-06 0.0012884461 0.031554256 0.0036110424 0.030015636 0.00465877 0.02068824 0.0015057004 0.017800832 0.0049842577 0.0023174102 0.002627633 0.009412483 0.007912443 9.498643e-06 0.0088564 0.008532247 8.5133564e-05 0.012353297 0.00037627527 0.0028728617 1.6753187e-06 0.00017456296 0.0013002815 0.0026387237 0.0018304663 4.3711702e-06 0.0015433532 0.0024287708 9.900943e-06 8.131541e-08 0.00033525922 0.00022273076 0.00018349466 6.2607185e-08 0.00045490297 1.2782705e-06 2.6783391e-06 1.2321781e-05 2.4369083e-07 1.36027065e-08 3.4143413e-09 0.00019225825 2.5738242e-07 9.761188e-05 2.6736282e-06 1.0541934e-08 1.0251312e-05 7.096693e-08 1.1761495e-05
0.9771536 0.020803383 0.0029399816 3.6731955e-05 0.00022081501 0.35203063 7.612889e-05 0.22480595 0.003469726 3.8423145e-06 0.16021438 0.7961435 9.279869e-05 0.009606813 0.017481223 0.0011768453 0.8289891 0.005303962 0.0031979603 0.87425375 0.030836083 0.14355154 4.7803137e-12 3.9579e-07 0.004075296 0.013259898 0.0022506416 0.008815069 0.23707935 0.0804705 2.1643326e-07 4.8753486e-09 0.4981155 1.3270732e-08 0.0014910373 9.3261536e-07 0.003102074 5.479542e-05 0.018586898 0.0841177 1.8149703e-06 0.28156382 0.3201678 5.288218e-08 0.289 0.017934911 0.00186035 0.73319906 0.574327 0.5268041 0.0016751119 3.6138997e-07 5.349118e-05 0.18303137 0.00044158855 0.313513 0.0013287774 0.029865054 0.23077522 0.11763997 0.25540346 0.22399136 0.1347895 0.01045268 0.1703358 2.3716744e-05 0.048667446 0.04506243 2.93873e-05 0.007317245 0.00013490082 0.11351623 0.00020052757 0.03709133 0.00033932857 0.0014821993 0.0653891 4.8212173e-06 0.04871482 0.14258225 0.06532304 5.027409e-07 0.0001331885 0.0029221799 0.0072026467 2.0396931e-07 0.0037620512 8.55829e-07 8.532326e-07 1.5455671e-05 0.0003174555 1.1399797e-05 1.1998356e-05 2.6369675e-05 6.1009374e-05 0.0023603814 8.09998e-06 1.0110617e-05 2.1212334e-06 3.082716e-05 0.0006906134
0.97079825 0.04076567 0.048512734 0.6093699 0.07744962 0.010644142 0.15502651 0.0021496487 0.0091077825 0.897199 6.238863e-06 1.5629424e-06 0.21618009 0.0008232151 9.830997e-06 1.3220398e-09 2.7040338e-05 0.0011211169 0.0029678848 1.2024415e-09 7.448518e-05 9.6494405e-06 3.9579e-07 1.0387294e-15 0.00020979004 1.7469054e-08 0.00023003494 4.2829296e-08 2.9803814e-06 1.13061105e-05 0.83025104 0.22621362 8.311719e-07 0.7368639 0.00027951086 0.6084361 0.0014505748 0.06715818 2.2401795e-05 1.7175924e-05 0.31929496 6.134888e-07 2.7906308e-08 0.6604936 1.7870866e-07 0.00011518087 6.725498e-07 7.147003e-09 6.4396346e-09 4.322197e-08 0.00032915335 0.5891637 0.013972993 1.6254269e-07 0.0021691187 9.978544e-07 0.00023163404 4.167467e-05 4.7244213e-09 1.1202671e-06 1.1329255e-08 1.6177254e-09 7.0176e-08 2.510182e-05 5.56046e-08 0.021029623 4.051305e-06 3.7943898e-06 0.16148126 8.8567365e-05 0.0058480115 7.229747e-07 2.4725307e-05 1.6068331e-09 0.0003880824 0.00034461622 1.6993479e-06 0.31107274 1.3804814e-06 4.8119316e-05 3.8059085e-09 0.09600191 0.00032779606 0.00047299286 8.904571e-07 0.38044038 0.0011477073 0.11289113 0.028767891 0.0018194574 2.643273e-10 9.858991e-07 1.170123e-10 3.0090312e-05 2.093613e-08 6.761799e-06 0.000987238 5.1945814e-10 0.09295532 2.9113811e-09 3.4935974e-07
0.9752444 0.072793536 0.098969884 0.011960897 0.035710003 0.3720993 0.03749782 0.4154518 0.3736812 0.0032660107 0.0016513035 0.0026972757 0.17405398 0.71661496 0.0011198319 5.535822e-07 0.088841654 0.86850697 0.8439123 0.00024654352 0.5310887 0.16342516 0.004075296 0.00020979004 1.6650906e-16 3.077575e-05 0.0013825176 1.0399925e-05 0.11280427 0.19422098 0.00011739976 1.32128125e-05 0.051191278 1.6092119e-05 0.00027561764 0.0011332218 0.9053728 0.04665713 0.63133353 0.14187849 0.0031849972 0.017194469 1.362975e-05 0.00013324858 0.010321532 0.29731745 1.4396022e-07 7.562265e-05 2.209396e-05 0.00031981568 0.31816775 0.00039101133 0.06007311 0.019067118 0.088554606 0.0029660186 0.10359826 0.07647701 7.184682e-06 0.005338075 6.133151e-05 2.9743975e-05 5.121469e-05 0.09116981 0.0012247489 0.0068865656 0.010001039 0.0043147025 0.00040917026 0.04692185 0.026186753 0.00013400671 4.7051407e-09 8.6865583e-07 0.058132462 0.054564584 0.00026578995 0.00073371734 0.000630275 0.009206331 7.2064694e-08 4.9106284e-06 0.03730395 5.3328695e-05 2.442043e-05 0.00034425175 1.3939218e-05 0.000106127096 6.871375e-06 0.013405428 1.288143e-09 3.9243324e-09 1.180973e-10 0.004402839 9.956433e-09 0.00017860312 0.0002716035 3.423036e-11 2.4551386e-05 1.803946e-09 7.1571703e-06
0.9191243 0.0031460961 0.00010307264 9.819077e-10 9.198498e-07 0.021936713 3.770472e-07 0.006153073 0.00014202647 7.131684e-09 0.5513716 0.24751566 1.7036839e-06 0.00060595106 0.1526976 0.9079381 0.00787682 0.0001995373 2.279645e-05 0.011396873 0.0007198691 0.0016164018 0.013259898 1.7469054e-08 3.077575e-05 5.224183e-13 0.023794558 0.92622936 0.0012617558 0.00086460455 1.250017e-09 6.2415725e-11 0.0012145354 1.8223882e-10 0.024742313 1.7080207e-08 1.7333929e-05 1.4461658e-07 0.00011470633 0.0010597347 4.0117694e-08 0.00095666444 0.17438564 1.8106153e-10 0.00030912698 9.243399e-05 0.050280735 0.0022367013 0.028120099 0.0022596314 6.6057733e-06 1.893425e-08 1.0620647e-06 0.0007395354 5.04058e-06 0.0007519308 3.7241273e-06 3.886878e-05 0.0033532414 0.00043323063 0.00041352367 0.0007147249 0.0003844675 9.43378e-06 0.000118960466 3.2798114e-06 9.3052855e-05 0.00013363623 2.9213645e-06 2.721938e-05 4.81444e-06 0.00029143886 0.075115494 0.0006326616 6.789144e-06 1.5666143e-05 0.00016068833 1.2159439e-05 0.00019017915 0.00484569 0.038148038 1.438645e-06 6.2105764e-06 0.0011680557 2.4858919e-05 9.157599e-08 0.005724625 9.3401275e-07 4.520348e-07 1.2642996e-05 3.9499817e-05 0.031875253 0.002382662 5.656685e-05 1.7471511e-05 1.2768067e-05 8.009087e-06 1.8608316e-05 3.0853967e-06 1.03215225e-05 6.678364e-06
0.822999 0.025457256 0.005125102 1.2400552e-05 0.0009439634 0.014510012 0.0004866135 0.006960463 0.0022929565 2.2239316e-05 0.068645865 0.018430434 0.0006024792 0.005126886 0.4414539 0.008170028 0.004233053 0.002300061 0.0010536646 0.005731937 0.0030531583 0.002861289 0.0022506416 0.00023003494 0.0013825176 0.023794558 2.897117e-09 0.10209575 0.0016486228 0.0015376778 8.851838e-05 3.6846698e-06 0.0009811637 8.608563e-06 0.9369145 0.0007888077 0.00093403825 0.00027440413 0.0013054478 0.002322222 0.0001827664 0.00065367453 0.0012928112 4.0649495e-05 0.00041325123 0.0009334086 0.27329955 0.00049933925 0.00094615895 0.0009144091 0.0006949353 0.00026102818 0.00037735788 0.00079522637 0.0005199519 0.0006488471 0.0005535928 0.0004512873 0.00017036726 0.0005056746 0.00017876245 0.00016502186 0.0001343776 0.00038544956 0.0002642114 0.00023225805 0.00037369886 0.00034703064 4.84322e-05 0.0005564837 0.00025560718 0.0001468376 0.045056496 4.911628e-05 0.00022999327 0.00031419718 0.00016413289 0.00055314635 0.0004497526 0.0037474777 0.0005442474 0.00011048033 0.0005437439 0.1118001 3.8629725e-05 0.00026446627 0.07142845 3.868421e-05 3.9856855e-06 7.85442e-05 2.0152581e-06 0.00095713773 5.5649885e-05 3.064013e-05 3.1847921e-06 0.00010425003 2.868324e-06 1.6763784e-06 0.00010894784 2.890771e-06 1.541457e-05
0.9404324 0.0023316243 9.211508e-05 1.1521782e-09 3.3988837e-07 0.011443819 6.697326e-08 0.0028160305 4.728614e-05 2.7144147e-09 0.4163631 0.07666993 8.5501324e-07 0.00041473674 0.5917405 0.017644847 0.0044807913 7.3643445e-05 8.954957e-06 0.005363416 0.00039254804 0.00089123024 0.008815069 4.2829296e-08 1.0399925e-05 0.92622936 0.10209575 1.1432237e-11 0.00047442768 0.00018488445 1.3050467e-08 3.9735895e-10 0.0004955595 4.0466244e-10 0.10155467 1.9922442e-07 3.276082e-06 1.5391024e-07 3.599172e-05 0.0003677733 4.1924332e-07 0.0006673409 0.054076694 1.9146145e-09 0.0001570413 3.295722e-05 0.35302183 0.0005621846 0.008332593 0.00076697743 3.4404627e-06 2.5146142e-07 3.191898e-06 0.0002766552 9.7597585e-06 0.00038437074 1.01317655e-05 1.7914397e-05 0.00058219855 0.0004220446 0.00013215643 0.00029140164 0.00021079824 2.0353504e-05 0.00019190743 1.4705881e-05 0.00011749765 0.0002640414 1.7097142e-06 6.766163e-05 3.5295983e-05 0.00022012707 0.8781532 0.0001115422 2.6214893e-05 0.00010024567 0.00029724 2.335041e-05 0.00047899823 0.006290033 0.014944898 1.1726155e-06 7.349708e-05 0.015330751 6.76295e-05 8.0660266e-07 0.05170515 9.4023835e-07 9.0376105e-08 1.9365649e-05 2.0546911e-05 0.13202529 0.0009193999 0.00013285436 1.665127e-05 4.150713e-05 2.9581356e-06 2.7859976e-05 1.0561781e-06 8.9484765e-06 1.4620746e-05
0.9685067 0.030797848 0.015355012 0.00064391654 0.0026499596 0.46138924 0.0013812927 0.42254972 0.027968802 9.5877745e-05 0.018138397 0.11545012 0.0008065558 0.1470041 0.0023100975 1.6336478e-05 0.58167017 0.038586494 0.02747055 0.012180773 0.58921283 0.60392344 0.23707935 2.9803814e-06 0.11280427 0.0012617558 0.0016486228 0.00047442768 6.766209e-16 0.9121637 5.188861e-07 4.700739e-08 0.87294257 7.724441e-08 0.00072618277 7.1179215e-06 0.05678212 0.00012693673 0.13832133 0.7703797 7.120814e-06 0.31687108 0.0021226655 1.0861672e-07 0.3468231 0.11848283 7.8871024e-05 0.08333051 0.01652845 0.08264848 0.016480993 2.0465498e-07 0.0008128565 0.20757185 0.003384326 0.19443615 0.008006831 0.06232361 0.009534771 0.11425715 0.028523143 0.01865916 0.010114124 0.026955754 0.05933264 1.36550425e-05 0.044399504 0.044756845 3.2506385e-05 0.04324138 0.00037155248 0.0073345043 7.461086e-07 0.00089651765 0.0028998873 0.0070907 0.0085347975 2.2689662e-06 0.009584868 0.027298331 5.5312154e-05 1.0838494e-07 0.0016836091 0.00014796472 0.0010347926 4.6080075e-08 0.00064673 9.137217e-07 1.026886e-06 8.609545e-05 1.6782973e-07 1.3698912e-08 4.5946122e-09 0.0010473169 1.1808284e-07 0.0031815819 1.1605219e-05 3.3506211e-09 5.1415846e-06 1.2831492e-07 0.0003649241
0.9624827 0.029338002 0.021369705 0.0011906495 0.0036918297 0.3913284 0.0028745774 0.37246776 0.051167652 0.00023834368 0.008993663 0.055304565 0.0017690853 0.24096195 0.0022788234 5.3023787e-06 0.41175404 0.08868562 0.062008858 0.0070440425 0.74098957 0.5395526 0.0804705 1.13061105e-05 0.19422098 0.00086460455 0.0015376778 0.00018488445 0.9121637 1.2209472e-15 1.2677292e-06 6.2247096e-07 0.76994926 2.5123992e-07 0.00034533686 4.1980224e-05 0.12535655 0.00045889468 0.38287124 0.9137168 3.674432e-05 0.2508693 0.0007692849 2.4428954e-07 0.2928396 0.29073802 7.0329293e-06 0.035610247 0.0055646035 0.044925656 0.04289929 7.4645385e-07 0.0031193828 0.20216666 0.010140032 0.13728878 0.019847557 0.13602784 0.0036229654 0.09637752 0.012684501 0.005867318 0.0060680197 0.07375448 0.044552803 8.314218e-05 0.07334447 0.05063695 3.153949e-05 0.075904325 0.0015010794 0.0049308473 4.3311758e-08 0.00046564158 0.009895941 0.01706314 0.006736065 1.903077e-05 0.012710209 0.041759305 2.943213e-06 5.0760383e-07 0.0067771906 0.00010315465 0.0006313588 3.1975452e-07 0.00028644424 1.8331924e-06 3.1345223e-06 0.00029709857 5.550764e-08 1.2958569e-08 9.067455e-10 0.002747389 4.9268206e-08 0.0035372276 8.307897e-06 8.920885e-10 9.179074e-06 5.6573295e-08 0.00033992765
0.9070161 0.032944344 0.029093523 0.46466768 0.04335596 0.0044858023 0.05171482 0.0008861211 0.0059459624 0.27365962 1.6896946e-07 3.0638976e-08 0.044023253 0.0005649447 4.944041e-07 1.2190143e-10 2.244035e-05 0.00038865182 0.0010590316 2.4121824e-10 1.0180523e-05 1.5721736e-06 2.1643326e-07 0.83025104 0.00011739976 1.250017e-09 8.851838e-05 1.3050467e-08 5.188861e-07 1.2677292e-06 9.835832e-18 0.619034 1.9506201e-07 0.96456283 7.836015e-05 0.12044354 0.0005394551 0.03308408 7.517816e-06 1.2224406e-06 0.08607752 5.5799237e-08 9.524135e-09 0.2303237 9.907596e-09 1.7899949e-05 3.4568823e-09 1.6474501e-09 1.2998393e-09 2.6546472e-09 0.00013133723 0.27736184 0.009881969 6.140868e-08 0.0009623203 1.4905865e-08 4.5723158e-05 1.9850659e-05 4.508048e-09 1.9410457e-08 5.7808547e-10 1.2858332e-09 2.3466178e-09 1.4267409e-05 1.0819837e-08 0.026328033 1.9365234e-06 2.5069926e-07 0.3287508 2.7377402e-05 0.002630554 1.4085859e-08 1.9769799e-07 4.2499786e-09 7.4153686e-05 3.2852255e-05 1.6192058e-07 0.12518148 1.1372068e-06 1.8267187e-05 2.3087612e-09 0.11376132 0.00027713794 0.00057640765 4.0043176e-07 0.23760188 3.572788e-05 0.06990327 0.03479729 0.0013237458 1.79291e-10 1.6566116e-07 3.7381642e-10 1.0347886e-05 7.530892e-09 1.2340074e-06 0.0019746548 1.7359071e-09 0.09506474 2.6202306e-08 1.9514545e-08
