1.4555595e-35 0.9813233 0.98542523 0.9957015 0.9838443 0.99950707 0.9954504 0.9421025 0.9723415 0.9971719 0.91961694 0.98073906 0.93048865 0.9647381 0.98718536 0.7610997 0.98230314 0.9203802 0.91528064 0.93855673 0.9119003 0.96874 0.95560956 0.964904 0.94916636 0.9394204 0.97474474 0.9483247 0.93541867 0.844157 0.91823345 0.9159224 0.9402113 0.8930007 0.77183634 0.7867793 0.9097357 0.87849003 0.83193344 0.7433469 0.93789804 0.59170085 0.5870835 0.7795061 0.6949645 0.8932733 0.5286066 0.34407648 0.9101163 0.93149513 0.6638415 0.6904917 0.57777566 0.25590777 0.7913063 0.4159979 0.5897784 0.5912686 0.55261874 0.8260501 0.7932101 0.52043676 0.51025426 0.6300934 0.6745262 0.49654782 0.61909664 0.4597296 0.5211828 0.2790048 0.09134837 0.37974826 0.9898298 0.11968664 0.07409868 0.034357943 0.17264517 0.16037886 0.05885028 0.047033418 0.036232755 0.033600967 0.030237 0.02482464 0.19673756 0.015091746 0.0156168435 0.00046857656 0.012184572 0.7291399 0.009414076 0.0048838886 0.4553807 0.053987194 0.0035424584 0.8488586 0.0043525225 0.0014089809 0.0017768157 0.0033951765 0.0040659923
0.9813233 3.9080197e-20 0.5413385 0.069163874 0.37158635 0.51006925 0.102683485 0.14914447 0.4100108 0.122334234 0.066418804 0.04779147 0.060670566 0.037421502 0.00069195277 0.22210214 0.14554492 0.009214333 0.0052402494 0.0013273411 0.15578856 0.0016829758 0.0015176177 0.00083928544 0.0007836703 0.00030260114 0.0018253352 6.5362497e-07 0.012972098 0.04386274 0.0050993524 0.0009928917 0.00030730074 0.014784772 0.00019319633 0.00079636095 6.3073894e-05 7.194511e-05 3.379765e-05 0.009256822 4.63394e-05 0.0019620103 0.00012881451 9.497914e-05 0.0005881102 5.3417693e-06 0.0082930345 0.005027649 3.6235528e-05 2.5285788e-05 0.009314941 0.0001239486 0.008557214 0.027242616 3.766476e-05 0.0013991946 0.0002719547 0.018970395 0.010107336 5.554723e-05 9.3557865e-06 0.00021156172 0.00023453217 2.2468786e-05 6.217519e-05 3.710753e-05 1.6014332e-05 0.06306408 1.5796079e-05 0.00023333995 0.011440829 3.573947e-05 1.8444172e-08 3.667458e-05 1.3169513e-05 0.007670999 0.00089073787 2.0917423e-05 0.0020474098 0.0010995882 5.166237e-05 4.0185456e-05 0.00039570493 0.0004374348 1.6304883e-05 2.1114196e-05 1.3607606e-05 0.00142735 3.1883353e-06 9.751198e-10 2.3080307e-05 0.0023167462 2.6933542e-06 5.888111e-07 1.4077044e-05 3.3132485e-06 2.2650336e-06 0.0031911416 0.0017809176 0.0018010361 3.2081457e-06
0.98542523 0.5413385 5.505554e-22 0.28408554 0.7261751 0.4464564 0.18298909 0.4445427 0.20464446 0.120142505 0.2995282 0.09681057 0.18249667 0.13364889 0.0014662 0.08441941 0.30578318 0.024336284 0.017384538 0.0017579894 0.21680424 0.0007937663 0.0016265358 0.0013108322 0.0022778034 0.0005436021 0.00149864 9.854267e-08 0.0558925 0.08524472 0.0169025 0.0012412214 0.00062466064 0.06783568 0.0009779274 0.003748852 0.0003707555 0.0005874667 6.201323e-05 0.042708553 9.7728866e-05 0.006014554 0.00071684475 0.000388296 0.0021821081 2.450695e-06 0.031206468 0.02073883 1.5823127e-05 1.4213359e-05 0.039890133 0.00032222414 0.030025475 0.01710719 2.2179249e-05 0.0023996725 0.00051397807 0.04224326 0.0273446 3.3650445e-05 2.258374e-07 0.00018635993 0.00017988312 4.960663e-06 3.2152042e-05 7.937269e-06 4.678074e-06 0.0035113092 3.5499356e-06 1.618539e-05 0.019241521 3.1596853e-06 2.1334648e-08 6.360627e-06 2.3637737e-07 0.009296616 0.00022573804 1.9567678e-06 0.0020534287 0.0006014439 1.6133594e-05 1.9589797e-05 0.00021798263 0.00024761638 2.7955455e-06 2.1309131e-06 7.4216473e-06 0.00059781293 1.9834997e-06 7.864369e-10 1.733391e-05 0.0022644657 1.491437e-06 1.4031425e-06 1.264717e-05 2.073041e-05 1.1186806e-06 0.0019462854 0.00014262166 0.00032886816 3.4284042e-07
0.9957015 0.069163874 0.28408554 2.7252458e-17 0.38478547 0.32935667 0.4165492 0.3194507 0.040739816 0.21466796 0.3391017 0.4086761 0.41104904 0.39331415 0.055228677 0.008653028 0.21814772 0.19252531 0.15232734 0.048004836 0.11141044 0.01575475 0.051766768 0.025459792 0.035893593 0.013949073 0.058811273 0.00082526315 0.20709631 0.029481487 0.13537149 0.025529386 0.009579673 0.12565933 0.00912249 0.029868757 0.005695978 0.006870628 0.0041619125 0.021604327 0.001375356 0.03270475 0.0083474945 0.006199452 0.016535452 0.0001561624 0.042345766 0.005051027 0.0007536127 0.0012215463 0.055809576 0.009146612 0.019838236 0.0016478668 0.00088753947 0.012691961 0.009463526 0.012754839 0.06569454 0.0020148316 9.323944e-06 0.004469961 0.0035328534 0.00050998875 0.00185595 0.00078011974 0.0007575966 1.605461e-05 0.00015134075 0.0027993983 0.003902253 0.000119296295 2.0053398e-05 0.00014178085 2.336287e-06 0.0044564023 0.002840436 7.170989e-05 0.0020760426 0.00096544944 0.0002580939 0.00017320913 0.0002470201 0.00020724826 2.8862574e-05 9.591158e-05 3.3659402e-05 8.53669e-05 3.6258793e-05 7.083514e-06 7.6608914e-05 0.0012068808 2.770852e-05 9.785084e-07 0.000111680565 0.0011666007 2.3381672e-05 0.0006026666 0.0015971306 0.0025333979 3.5692294e-05
0.9838443 0.37158635 0.7261751 0.38478547 6.3300405e-22 0.31509754 0.114699446 0.67262876 0.08152468 0.027304746 0.41650334 0.11750085 0.2276508 0.2240913 0.00029330532 0.037208755 0.4103481 0.026834926 0.026993921 0.00014500487 0.24676733 4.5995013e-05 0.0002514052 0.00014808399 0.0036725546 5.2242987e-05 0.00072862423 8.881235e-08 0.15772729 0.16746213 0.0555903 0.0008385406 0.0015444435 0.20066814 0.0011852534 0.010998898 0.00047019907 0.0011462334 7.915049e-05 0.1662717 1.8621577e-05 0.015435292 0.0015951572 0.00061051926 0.0046214047 3.423171e-07 0.08065694 0.07374274 4.2960323e-06 5.4357924e-06 0.14714809 0.0011119941 0.15011369 0.009986648 6.2042363e-06 0.006964709 0.0016408263 0.15700753 0.10815325 5.387248e-05 3.6256935e-08 0.0002711772 0.00021359102 2.9007624e-06 4.7285594e-05 4.116945e-06 6.5151116e-06 0.002536732 7.322493e-07 5.6208755e-05 0.050474748 7.453334e-07 3.582148e-08 1.7342204e-06 8.656526e-08 0.049347404 0.00078371924 9.835287e-07 0.0060248473 0.0013819931 9.106826e-06 1.4655004e-05 0.00044198227 0.0004347185 1.5140347e-07 3.3940591e-06 2.6095362e-05 0.00041115304 6.5219683e-06 1.673767e-09 5.3621578e-05 0.003216092 4.380603e-07 9.742973e-08 6.13018e-05 3.285611e-05 3.3907982e-06 0.0075478307 3.1729505e-06 7.3187057e-06 8.946884e-07
0.99950707 0.51006925 0.4464564 0.32935667 0.31509754 8.316507e-11 0.21632534 0.09056822 0.51821434 0.39800483 0.057394728 0.083730385 0.062738456 0.042754672 0.017595911 0.26829973 0.076551914 0.020301599 0.009308987 0.019305205 0.07377568 0.06980063 0.012659848 0.01696584 0.003074013 0.011476536 0.01111014 0.0027791923 0.028905764 0.031800397 0.021444669 0.015084737 0.0020852573 0.032702956 0.003999683 0.005629341 0.0049652876 0.0027867246 0.008731235 0.016285056 0.010458663 0.005227434 0.0028537542 0.005684319 0.0038409904 0.0023194088 0.014518193 0.008206704 0.0064669913 0.007874803 0.012007939 0.004049094 0.016903244 0.020000061 0.0070480676 0.0034035097 0.0019066896 0.018672194 0.016137488 0.005026874 0.0026486698 0.004302759 0.0049496833 0.005427966 0.0032997415 0.004656187 0.0028412137 0.15338479 0.0056978795 0.001864298 0.011119162 0.013680056 1.3413955e-06 0.003417789 0.0033913658 0.0068654926 0.0020284983 0.003123619 0.0012497758 0.0013263181 0.00028409617 0.00015504143 0.000262447 0.0002773611 0.001527675 0.0004701932 0.00011495107 0.001432588 0.00012868276 6.598023e-06 8.5133965e-05 0.0012378145 0.0018770547 0.0008619613 6.678629e-05 1.6568329e-05 8.890527e-05 0.0034104579 0.002802072 0.0058751544 0.00037405523
0.9954504 0.102683485 0.18298909 0.4165492 0.114699446 0.21632534 4.8313115e-17 0.16127649 0.056927532 0.38818413 0.19158198 0.46639824 0.35287985 0.33576608 0.54697263 0.016874557 0.085089944 0.309289 0.24807656 0.45743734 0.054366514 0.3211495 0.4383857 0.44248497 0.1513943 0.42065188 0.31694418 0.13633375 0.097648405 0.009391245 0.12444576 0.20308237 0.047713775 0.051462173 0.04235778 0.03648605 0.037783373 0.023594469 0.047194358 0.0066303504 0.15155013 0.026245294 0.027019866 0.028471436 0.02057062 0.112336844 0.032180045 0.0034020883 0.035011802 0.031866554 0.008320532 0.016182065 0.001773462 0.0008395144 0.028838158 0.0069841547 0.010893651 0.004026878 0.006612304 0.01025974 0.016474998 0.011241275 0.009351707 0.007903475 0.008123185 0.008329745 0.0035233246 3.1996635e-06 0.002934868 0.0023746814 0.0010477101 0.002277935 0.00029478088 0.00087663345 0.00023339846 0.00034491363 0.00094308023 0.00027372246 0.00059271633 0.00020005938 0.00014952895 6.842331e-05 0.00033347987 0.00045526362 0.024977965 9.188267e-05 4.1037016e-05 1.023535e-05 2.0923231e-05 0.0011007382 1.3742586e-05 0.000478426 0.0042282855 0.0005963012 1.0800162e-05 0.0336698 7.031809e-06 0.0004043277 0.00054439274 0.001963656 2.9872506e-06
0.9421025 0.14914447 0.4445427 0.3194507 0.67262876 0.09056822 0.16127649 5.0338686e-21 0.04234027 0.021991074 0.779909 0.16663331 0.19013144 0.121845126 0.00018207643 0.014127411 0.42522174 0.0037685386 0.0034567546 9.482455e-05 0.1194453 0.000583836 0.00020113298 9.9047065e-05 0.0007107435 9.505245e-05 0.00033989456 4.2710317e-06 0.08675923 0.058193754 0.020661019 0.00035081594 0.00014536265 0.15512893 0.00024215385 0.0027075305 6.3071486e-05 0.00019331631 7.210089e-05 0.073542915 2.5635676e-05 0.004511324 0.00047469535 0.00023390696 0.0014785766 3.1464874e-06 0.049707875 0.010254805 3.828967e-06 4.3221858e-06 0.06444358 0.00013799497 0.048701838 0.0044666757 1.9061066e-05 0.0007148224 0.000104293984 0.026705317 0.034293108 1.49368525e-05 1.6130847e-06 6.548447e-05 4.7491816e-05 1.1751977e-05 1.2319468e-05 2.2848924e-05 1.0772857e-06 0.0021288812 9.2064045e-07 8.784373e-06 0.009130577 1.6835544e-06 2.487674e-08 1.5921956e-05 2.2894774e-07 0.0039966577 0.00077703944 7.7499607e-07 0.0008905123 0.0003485534 5.725452e-06 3.519526e-06 0.00013607742 0.00019419011 4.989001e-06 2.5890845e-06 1.7428909e-05 7.095709e-05 4.169182e-06 1.7731488e-09 5.879355e-06 0.0005161349 1.2069273e-06 5.8659157e-07 3.4817315e-06 0.00012602303 2.0103e-06 0.00067703816 7.894255e-06 8.109494e-06 4.2410107e-07
0.9723415 0.4100108 0.20464446 0.040739816 0.08152468 0.51821434 0.056927532 0.04234027 1.8186928e-22 0.011203945 0.0135791525 0.013671227 0.012242992 0.0058530946 9.570359e-06 0.87704057 0.08423641 0.0011199885 0.0006544443 1.1074526e-05 0.30061814 4.804276e-06 5.237836e-06 1.00298685e-05 0.00029736216 1.3279506e-06 1.5540316e-05 6.009029e-10 0.005631478 0.12988693 0.0017146424 7.0247814e-05 2.9198873e-05 0.011309353 2.0143447e-05 0.00023788928 5.549065e-06 1.2450499e-05 4.472777e-06 0.02047748 3.8626186e-07 0.00078107906 2.161004e-05 1.0022823e-05 7.281164e-05 8.784159e-09 0.008182738 0.04488167 2.3062658e-07 5.2729416e-07 0.012829739 2.4711696e-06 0.01464121 0.2091229 7.293357e-06 0.0004973873 3.603991e-05 0.04234419 0.010406127 8.86862e-07 1.00414205e-07 1.2783493e-05 6.852599e-06 2.2246159e-06 1.1542354e-06 1.4838623e-06 1.6771467e-07 0.09148693 6.5132633e-07 1.955424e-05 0.032118417 1.0273799e-06 1.4655617e-11 9.277643e-06 2.90045e-06 0.0089187985 0.00031330282 5.2208698e-06 0.0023207562 0.00064966636 1.2385435e-05 9.7492375e-06 0.00010737798 8.775502e-05 2.3855162e-07 2.5776626e-06 1.439276e-06 0.0063979942 4.3705006e-07 4.1694138e-13 4.9271357e-06 0.0028750778 2.357561e-08 4.5923017e-08 2.981271e-06 4.07392e-08 6.6793865e-07 0.0033708084 3.2342683e-05 6.803505e-05 1.1647835e-06
0.9971719 0.122334234 0.120142505 0.21466796 0.027304746 0.39800483 0.38818413 0.021991074 0.011203945 6.9711997e-12 0.02281681 0.08409262 0.04449166 0.020551793 0.13809335 0.0056586033 0.0079259835 0.018271342 0.01014598 0.09772536 0.005666282 0.5216165 0.0895661 0.25830853 0.003109299 0.2666198 0.028254343 0.28232187 0.008970954 0.0027313863 0.008241314 0.009859489 0.0010891828 0.012947819 0.0024778314 0.002317673 0.0026236705 0.0016302925 0.0053068763 0.0014771472 0.09777917 0.0047775097 0.0023143687 0.0028847815 0.0022719512 0.17224558 0.006872528 0.0014911505 0.019459711 0.010995506 0.0063463193 0.0020582909 0.0022226467 0.00048489304 0.008962651 0.002817841 0.0016164934 0.0053335335 0.008792542 0.0038323 0.065591276 0.0045199096 0.004684964 0.0055924305 0.0030954485 0.004933498 0.0018455664 8.998338e-05 0.0033053732 0.002038312 0.0024125925 0.008824195 0.038498327 0.0034343835 0.0033072208 0.001488111 0.00073026004 0.004363788 0.00231744 0.0009119458 0.00019444198 0.00013199974 0.00026278783 0.00021721049 0.040323142 0.00019565683 2.2680175e-05 3.285119e-05 2.0496847e-05 0.047632523 2.4136474e-05 0.00037121898 0.016800763 0.0064967875 3.2593834e-05 0.07122228 3.1049697e-06 0.00036046578 0.0018557172 0.006110895 2.9047089e-05
0.91961694 0.066418804 0.2995282 0.3391017 0.41650334 0.057394728 0.19158198 0.779909 0.0135791525 0.02281681 1.0414321e-21 0.3469022 0.60151803 0.31667742 0.00026299845 0.0059846123 0.17347439 0.008954901 0.006660931 0.00013867307 0.044046905 0.00079426944 0.0001834513 0.00012377212 0.0011306418 9.0016765e-05 0.0005119557 3.5723876e-06 0.11297173 0.019296236 0.031192558 0.00035399018 0.00013370086 0.14863205 0.0003363248 0.0041112443 6.3914296e-05 0.0002478349 6.0076458e-05 0.035224654 2.7766e-05 0.007608309 0.0005246475 0.00019484478 0.0022183133 1.979505e-06 0.055904847 0.0035323915 2.2692734e-06 1.3769642e-06 0.04625651 0.00026913002 0.022679783 0.0010482417 1.5603757e-05 0.0011055223 0.00011771388 0.006312174 0.038506564 6.735496e-06 1.8113849e-07 5.6351797e-05 3.724513e-05 8.378599e-06 5.2325536e-06 9.454513e-06 6.6523506e-07 0.0005259929 5.6361523e-07 8.534357e-06 0.0034294564 1.3226258e-06 1.114215e-08 8.795304e-06 3.023765e-07 0.001593126 0.0014493028 6.096296e-07 0.0011621501 0.0004329911 5.531639e-06 4.2753804e-06 0.00017516232 0.00019250867 4.93905e-07 2.0005461e-06 1.2844165e-05 1.2232622e-05 4.2273887e-06 6.9273204e-10 2.3297328e-06 0.00012701435 1.4435149e-07 1.2437384e-07 1.3107008e-06 0.00014909521 5.7229545e-07 0.00017351931 1.7286409e-06 2.7699944e-06 1.5211727e-07
0.98073906 0.04779147 0.09681057 0.4086761 0.11750085 0.083730385 0.46639824 0.16663331 0.013671227 0.08409262 0.3469022 3.2974687e-19 0.5677123 0.61728483 0.06725333 0.0019266673 0.043569632 0.40642387 0.35649383 0.0606024 0.018931627 0.015415367 0.074494965 0.021374254 0.16239277 0.00919346 0.09916205 0.0006960774 0.24449198 0.0048074396 0.25261799 0.102538824 0.034000702 0.13575041 0.038439926 0.072051294 0.007535873 0.014524764 0.0054743034 0.0054672807 0.00034445882 0.06656817 0.024726614 0.01049818 0.035764974 0.00010834542 0.05512692 0.0006198128 7.670066e-05 8.196558e-05 0.017605482 0.009267515 0.0014392262 7.416946e-05 0.0003203963 0.018931512 0.007409469 0.00042598334 0.020122778 0.00030757955 3.0572342e-06 0.0024130114 0.001471411 5.8655245e-05 0.00028698455 0.00016343547 9.783708e-06 1.3345009e-07 3.3949038e-06 0.0001804952 0.00013967196 2.1177023e-06 8.877442e-06 3.2711525e-06 8.014905e-07 5.3667154e-05 0.0018441818 1.931558e-06 0.00022462051 0.00016934965 6.655098e-05 2.8504559e-05 0.0001977522 0.00020741991 4.7813223e-06 3.23381e-06 9.795818e-06 6.994158e-07 4.518674e-06 8.319471e-08 5.8202863e-06 1.3632377e-05 2.8223027e-07 1.770881e-07 5.2979503e-06 0.01075451 1.971451e-06 3.0290097e-05 4.3191076e-06 3.3448637e-06 1.1849109e-07
0.93048865 0.060670566 0.18249667 0.41104904 0.2276508 0.062738456 0.35287985 0.19013144 0.012242992 0.04449166 0.60151803 0.5677123 2.5071158e-21 0.85699797 0.002312927 0.0060168114 0.07854188 0.10339204 0.07257514 0.0011717068 0.011804744 0.0029158564 0.0019250665 0.00094955694 0.014621822 0.0006157611 0.0034895071 3.2518354e-05 0.23208389 0.004970909 0.14041813 0.004933928 0.0017473655 0.19178286 0.0021748554 0.018679239 0.00066117896 0.0012863154 0.00052081543 0.01481848 0.00013144563 0.037969448 0.0021735202 0.0010695058 0.009228422 1.6388693e-05 0.1167259 0.0026682564 2.0055271e-05 3.3085358e-05 0.042444687 0.0013086332 0.0069895517 0.0013676514 0.00015881368 0.0063129356 0.0010561027 0.0023077163 0.05431816 9.491594e-05 1.11548525e-05 0.0008643704 0.0006627155 7.312954e-05 6.668567e-05 7.913532e-05 7.380477e-06 0.0005420804 1.06811085e-05 0.00024369702 0.0011212762 1.3472808e-05 3.3658164e-08 4.7824513e-05 9.8084565e-06 0.00061751937 0.008112265 6.8896948e-06 0.0021283857 0.0013166983 0.00016773044 9.905264e-05 0.0019343388 0.0026318138 1.41605515e-05 4.6587007e-05 0.00016513412 9.8630626e-05 9.3201525e-05 1.434859e-08 0.000105102445 0.00081219285 2.5352588e-06 2.1331762e-06 3.8972747e-05 0.00044065504 3.3109067e-05 0.00072948704 7.175141e-05 0.00018077376 1.2209113e-05
0.9647381 0.037421502 0.13364889 0.39331415 0.2240913 0.042754672 0.33576608 0.121845126 0.0058530946 0.020551793 0.31667742 0.61728483 0.85699797 5.1982424e-20 0.004053004 0.0016610358 0.07125302 0.13372363 0.12891175 0.002195321 0.010285078 0.0014318259 0.0052721426 0.00036877266 0.026552394 0.00024048626 0.006680779 1.5957148e-05 0.25893515 0.00657954 0.17875768 0.007173403 0.0038420162 0.20729256 0.0043633133 0.048116803 0.002009295 0.0048237774 0.0012604875 0.027057905 5.188901e-05 0.084045716 0.006793822 0.003418281 0.03672666 1.6342105e-05 0.10884404 0.0020656977 6.0676284e-06 8.369271e-06 0.08927055 0.006444194 0.01674224 0.00021794044 4.708926e-05 0.043631822 0.00766939 0.0028675734 0.1493393 0.0001607613 3.3716492e-07 0.001388714 0.0008966946 1.9056668e-05 0.0001330887 3.2057957e-05 6.580064e-06 1.670495e-05 7.293556e-07 0.0018096816 0.000746393 1.8062677e-06 4.6850906e-07 1.08389495e-05 3.4213755e-07 0.0011927924 0.023723036 8.020065e-07 0.005435236 0.0036548735 0.00015692513 0.00013130254 0.0026157442 0.0026335097 4.622795e-07 8.251092e-06 0.00015862628 4.0265377e-06 2.7779826e-05 2.1409083e-08 0.00012199123 0.00044773272 5.999278e-08 7.70584e-08 4.542041e-05 0.0011795898 3.6853726e-06 0.00022939066 3.5475257e-06 4.233565e-06 1.00447e-06
0.98718536 0.00069195277 0.0014662 0.055228677 0.00029330532 0.017595911 0.54697263 0.00018207643 9.570359e-06 0.13809335 0.00026299845 0.06725333 0.002312927 0.004053004 2.4646443e-20 7.967392e-06 9.890722e-06 0.021857984 0.022188513 0.7887446 2.970837e-05 0.086218335 0.5204007 0.38830975 0.014165867 0.21835937 0.30415544 0.019671882 0.0014316184 6.3451957e-06 0.011912474 0.12005649 0.010936388 0.00029188808 0.019598981 0.00915341 0.039111443 0.026746739 0.07244773 2.6038311e-05 0.11727325 0.003989993 0.026210926 0.0411979 0.010107441 0.015460624 0.0003801161 2.515575e-06 0.04411038 0.062899224 5.2968262e-05 0.04395628 7.435206e-06 9.468187e-07 0.062945694 0.0015713245 0.018488351 2.6028342e-06 5.5432396e-05 0.04941642 0.0011688854 0.045590512 0.0439904 0.029308908 0.0368958 0.038379367 0.021859735 4.6612647e-09 0.010666223 0.012764069 1.9116783e-06 0.007455841 8.376942e-05 0.006873688 0.00020016244 1.6639308e-06 0.0014556026 0.003450245 2.2331478e-06 9.2505115e-06 0.00048103402 0.00019382287 0.000110840316 0.00015841766 0.009082078 0.00050376705 0.00084770407 3.162189e-07 0.00039045553 0.0021558674 1.8034757e-06 1.9311396e-06 0.0052875504 0.00072279584 2.4621818e-07 0.061262213 5.2057753e-06 3.4343261e-06 0.0005395295 0.0018750383 1.5389176e-05
0.7610997 0.22210214 0.08441941 0.008653028 0.037208755 0.26829973 0.016874557 0.014127411 0.87704057 0.0056586033 0.0059846123 0.0019266673 0.0060168114 0.0016610358 7.967392e-06 1.9132969e-20 0.045985848 0.0001590298 6.054083e-05 4.0242157e-06 0.17719932 1.732378e-05 1.3362016e-06 1.2846792e-06 2.5179692e-05 5.3179787e-07 1.1772792e-06 9.504936e-09 0.008132303 0.12380546 0.0018480127 5.200977e-06 4.5188264e-07 0.01789331 8.4979916e-07 6.009915e-05 2.8824832e-07 1.7683378e-07 6.685696e-07 0.03896367 2.0237226e-06 0.00043662812 1.4774812e-06 1.041738e-06 1.0071487e-05 3.9912402e-07 0.013794103 0.06722875 7.18437e-07 5.074194e-07 0.032105286 3.441219e-07 0.04119951 0.87927103 8.863526e-06 0.00024486415 2.1853484e-06 0.084340915 0.017693562 5.2323014e-07 1.189865e-07 2.1619944e-06 1.7861112e-06 8.8850065e-06 9.934922e-07 3.7264576e-06 1.7948828e-06 0.89005345 1.0994623e-05 4.9060877e-06 0.12900768 1.2469881e-05 7.6381723e-13 0.00015882822 7.7992513e-07 0.05220157 0.00017256761 6.2628515e-06 0.008712366 0.0020468468 1.3508593e-06 2.0779626e-06 0.00010259787 0.00013499748 7.34118e-08 1.5916787e-06 1.4925537e-06 0.06444789 4.6335862e-07 2.0118991e-12 3.8459984e-06 0.011991767 1.8127388e-08 2.0291364e-09 7.67034e-06 8.6649754e-10 7.505912e-07 0.008098389 2.0298053e-06 2.2315853e-06 6.3586434e-08
0.98230314 0.14554492 0.30578318 0.21814772 0.4103481 0.076551914 0.085089944 0.42522174 0.08423641 0.0079259835 0.17347439 0.043569632 0.07854188 0.07125302 9.890722e-06 0.045985848 4.0591733e-20 0.00068067986 0.0004886889 4.49491e-06 0.85929537 8.358212e-05 1.5222075e-05 1.602842e-05 4.46286e-05 1.2959281e-05 1.0277254e-05 4.3875434e-07 0.041361976 0.36960948 0.0034851173 1.485534e-05 2.6975956e-06 0.20882112 1.2476887e-05 0.00041818252 8.51757e-07 3.2001121e-06 1.838683e-06 0.6531765 1.0254554e-06 0.0031606997 4.313532e-05 7.672901e-06 0.0002169604 1.7453075e-07 0.12046903 0.16869272 1.6130653e-07 7.964308e-08 0.27674782 3.5925932e-06 0.2867255 0.048406083 1.8220948e-06 0.00065758894 1.1170586e-05 0.17233907 0.1380523 1.9363983e-07 7.8487597e-07 3.3584356e-06 1.8141657e-06 1.2252605e-06 1.7983413e-07 8.154525e-07 5.6971015e-08 0.006904074 6.419073e-08 1.724465e-06 0.086883865 8.1690686e-08 1.6376262e-08 1.0253498e-06 2.357966e-06 0.043833934 0.0012446726 2.8205295e-07 0.016681207 0.00440815 5.8860696e-06 4.5610427e-06 0.0008866177 0.0013457068 3.4404806e-07 7.896769e-06 1.7628185e-05 0.00041023613 6.0378948e-06 6.09196e-09 5.299166e-05 0.005033485 1.03703115e-07 4.0412314e-07 5.9780978e-05 0.00012909737 1.4241573e-06 0.0035964772 1.2318058e-05 1.1232845e-05 6.592849e-07
0.9203802 0.009214333 0.024336284 0.19252531 0.026834926 0.020301599 0.309289 0.0037685386 0.0011199885 0.018271342 0.008954901 0.40642387 0.10339204 0.13372363 0.021857984 0.0001590298 0.00068067986 1.4444203e-19 0.75309765 0.013943813 0.00043800563 0.008829206 0.021044448 0.0037803035 0.5111657 0.0015101526 0.037823774 0.0005450408 0.063789286 0.00014691352 0.31274801 0.054831207 0.08254586 0.013417782 0.081446536 0.08699843 0.010209975 0.017126918 0.008256057 0.000380883 0.00036453715 0.0870008 0.043921582 0.012014656 0.051112566 5.286718e-05 0.018169763 2.7856417e-05 7.3277886e-05 9.123329e-05 0.0019311586 0.009934738 0.00022908657 2.5997346e-05 0.00043509158 0.028508838 0.010751192 3.4595676e-05 0.0067074075 0.0005608325 1.86097e-05 0.0042044977 0.003011931 0.00019732513 0.00050001545 0.0007024403 4.7993057e-05 6.8061775e-07 2.9340003e-05 0.003903768 7.541833e-05 1.8676996e-05 7.324372e-07 5.5636563e-05 8.334227e-06 5.0469745e-05 0.03123683 6.594186e-06 0.00073521165 0.0011452554 0.0021159765 0.00125698 0.005015473 0.0061536743 1.9419855e-05 0.00033729806 0.0008699176 2.9821583e-06 0.0002263535 1.0609783e-06 7.123317e-05 6.654051e-05 4.9460067e-07 1.1589608e-06 2.098808e-05 0.0035616113 2.0129906e-05 4.7470985e-05 4.7503454e-05 3.2696476e-05 8.854992e-06
0.91528064 0.0052402494 0.017384538 0.15232734 0.026993921 0.009308987 0.24807656 0.0034567546 0.0006544443 0.01014598 0.006660931 0.35649383 0.07257514 0.12891175 0.022188513 6.054083e-05 0.0004886889 0.75309765 3.934153e-19 0.011495766 0.00020794316 0.0043489686 0.025653038 0.0020154465 0.5450961 0.0006598061 0.030940188 0.00031522993 0.06809838 4.712915e-05 0.28689605 0.05689326 0.13835713 0.015243323 0.09852901 0.121983655 0.018955592 0.037445366 0.009537318 0.00023360467 0.00014609031 0.10980447 0.0584775 0.0208768 0.116320245 3.515717e-05 0.013925991 1.0645699e-05 2.4938965e-05 2.5410283e-05 0.0011996543 0.02835507 9.974102e-05 2.8874508e-06 0.0001770394 0.06675712 0.030553624 2.455827e-05 0.007809848 0.00039158468 4.121624e-06 0.0074012703 0.004806626 0.00010884699 0.00033234866 0.0003833852 2.4946314e-05 2.1460772e-07 1.0399429e-05 0.011292335 1.6071077e-05 1.25806455e-05 1.183213e-06 2.338007e-05 5.0419935e-06 1.18634e-05 0.052982986 3.0546403e-06 0.00040620606 0.0010798882 0.002611908 0.0013573053 0.0057281554 0.00715235 3.3885447e-06 0.00019065713 0.0011048868 1.670609e-06 0.0001418727 1.4134262e-06 5.504168e-05 3.393705e-05 1.3144944e-07 4.1663102e-07 7.692632e-06 0.003102364 1.2729173e-05 4.3618486e-05 2.010955e-05 1.6690045e-05 5.240784e-06
0.93855673 0.0013273411 0.0017579894 0.048004836 0.00014500487 0.019305205 0.45743734 9.482455e-05 1.1074526e-05 0.09772536 0.00013867307 0.0606024 0.0011717068 0.002195321 0.7887446 4.0242157e-06 4.49491e-06 0.013943813 0.011495766 4.8513577e-21 2.5652795e-05 0.11805377 0.78188473 0.4937722 0.008196559 0.31019485 0.26044372 0.03054047 0.00026965435 6.552554e-06 0.0028149523 0.10829231 0.0042077303 0.000113871654 0.00918935 0.0032098105 0.017915567 0.0076394575 0.050470896 2.8260682e-05 0.15794054 0.002292201 0.011594174 0.017965632 0.004538084 0.01306767 0.00034541 1.25680535e-05 0.046079654 0.053704385 3.4934612e-05 0.016483793 8.930923e-06 4.286293e-06 0.05634292 0.0016383091 0.006595142 3.3631309e-06 1.9695033e-05 0.02157444 0.0016268073 0.030491369 0.032540318 0.023392431 0.018767135 0.026435131 0.007734965 8.293536e-08 0.0073801256 0.0091754785 5.540811e-06 0.0049342625 9.993454e-06 0.0063620326 0.0002338385 7.866328e-06 0.0007043329 0.0020352292 5.479542e-05 1.9744626e-05 0.0012645494 0.0002720826 0.0001128961 0.00016885149 0.002903248 0.0015854137 0.0003699211 6.1144247e-06 0.00038492001 0.00072997314 6.1704723e-06 1.3328169e-05 0.00053662737 0.00021194703 1.8279254e-06 0.054784898 8.195718e-06 2.3703087e-05 0.0007202972 0.0017346911 8.38278e-06
0.9119003 0.15578856 0.21680424 0.11141044 0.24676733 0.07377568 0.054366514 0.1194453 0.30061814 0.005666282 0.044046905 0.018931627 0.011804744 0.010285078 2.970837e-05 0.17719932 0.85929537 0.00043800563 0.00020794316 2.5652795e-05 4.712747e-21 0.00013051576 5.142612e-05 5.6008044e-05 2.4827385e-05 4.068343e-05 1.175126e-05 2.0755344e-06 0.0034004764 0.8856328 0.0005074093 1.7186541e-05 1.2448736e-06 0.027337285 3.8020291e-06 0.000110562025 7.093705e-07 1.2365861e-06 2.267331e-06 0.6062262 6.576012e-06 0.00078489096 6.931154e-06 1.6830438e-06 3.6060334e-05 1.7887636e-06 0.033970203 0.49391356 1.5523287e-06 1.341768e-06 0.07017117 8.156624e-07 0.21179615 0.1978304 1.2202269e-05 0.0005309324 4.1050457e-06 0.1694644 0.0184736 7.2495e-07 2.7022945e-06 1.2221824e-05 1.0055249e-05 3.875439e-06 7.150194e-07 2.359239e-06 2.7536421e-07 0.0141655095 6.7082794e-07 5.218968e-06 0.09522133 7.1343095e-07 1.8480246e-10 3.7146035e-06 3.854275e-06 0.015578555 0.0020001936 1.8096471e-06 0.011149143 0.0021742424 2.0794922e-05 2.0838319e-05 0.00071548607 0.00091888587 5.5430883e-06 6.207421e-06 1.5067153e-06 0.002170176 1.2119931e-06 3.9850527e-09 6.805964e-05 0.006497701 1.0297852e-06 1.474476e-06 0.00010076661 1.9669264e-05 3.0828905e-06 0.0056486744 2.4371443e-06 2.2589288e-06 4.0006915e-07
0.96874 0.0016829758 0.0007937663 0.01575475 4.5995013e-05 0.06980063 0.3211495 0.000583836 4.804276e-06 0.5216165 0.00079426944 0.015415367 0.0029158564 0.0014318259 0.086218335 1.732378e-05 8.358212e-05 0.008829206 0.0043489686 0.11805377 0.00013051576 2.9138177e-18 0.15319037 0.4164079 0.0012586227 0.5312008 0.09707595 0.6873316 0.00051600125 2.4583343e-05 0.00115072 0.028166827 0.0009532702 0.0002634405 0.001497762 0.00034649755 0.0028324816 0.0012063647 0.008788836 8.626183e-06 0.3764006 0.00019750305 0.0010423061 0.0025098613 0.00036695838 0.48668423 7.168028e-05 1.6351927e-05 0.11636131 0.05497099 1.141384e-05 0.0014085209 2.9594873e-06 2.2488532e-05 0.03264148 5.6748995e-05 0.000708216 5.633358e-05 2.5932643e-05 0.0058200345 0.15078588 0.002593038 0.0028588616 0.01946885 0.003398949 0.008827216 0.006102098 1.0742908e-08 0.009384889 0.00082475884 1.791385e-05 0.016786039 0.016999837 0.008548372 0.010073875 6.060342e-06 5.5387216e-05 0.0060999575 4.851837e-05 7.1331365e-06 4.1626605e-05 2.1282396e-05 2.133464e-05 2.9996676e-05 0.11847265 0.00010007173 1.1301173e-05 8.1724545e-07 1.9150366e-05 0.1202795 1.8253803e-06 4.173319e-06 0.04568166 0.0069244327 1.5094537e-06 0.22119151 1.6242949e-06 1.6369095e-06 0.0006472841 0.008737561 4.9765367e-06
0.95560956 0.0015176177 0.0016265358 0.051766768 0.0002514052 0.012659848 0.4383857 0.00020113298 5.237836e-06 0.0895661 0.0001834513 0.074494965 0.0019250665 0.0052721426 0.5204007 1.3362016e-06 1.5222075e-05 0.021044448 0.025653038 0.78188473 5.142612e-05 0.15319037 7.453364e-18 0.32994282 0.014726998 0.36104825 0.26426393 0.044708647 0.00078595907 1.498092e-05 0.00557376 0.13809331 0.012007497 0.0001502057 0.018835722 0.007002552 0.05146151 0.028402045 0.108419746 2.3313694e-05 0.24877666 0.0036700321 0.025923822 0.046550654 0.013639172 0.032323014 0.00031018298 5.0816057e-06 0.108876325 0.13793726 2.8205888e-05 0.074575394 5.219322e-06 4.2264992e-07 0.10686684 0.0033456981 0.035188854 4.1110834e-06 3.467498e-05 0.09086802 0.0034657014 0.10298741 0.107226774 0.059700366 0.08637215 0.07414261 0.059245948 6.993551e-07 0.035483822 0.040025353 2.0091845e-06 0.019460987 2.0333191e-05 0.025206404 0.0017693088 4.5075267e-06 0.0015098755 0.013557025 2.324689e-05 2.3377526e-05 0.003725646 0.0022517655 0.0004359133 0.00071027904 0.0030808202 0.0072983433 0.0032883573 1.4301022e-06 0.005258848 0.00173706 1.2288466e-05 7.4009595e-06 0.000548335 3.649859e-05 2.41992e-06 0.051155347 2.774636e-05 2.0316364e-05 0.0024135339 0.0076807393 3.8360038e-05
0.964904 0.00083928544 0.0013108322 0.025459792 0.00014808399 0.01696584 0.44248497 9.9047065e-05 1.00298685e-05 0.25830853 0.00012377212 0.021374254 0.00094955694 0.00036877266 0.38830975 1.2846792e-06 1.602842e-05 0.0037803035 0.0020154465 0.4937722 5.6008044e-05 0.4164079 0.32994282 7.683232e-21 0.00073968037 0.85520124 0.05377906 0.25372493 0.00023700841 2.519951e-05 0.00096862146 0.028865047 0.00022249045 9.0443835e-05 0.0006357274 0.00044467545 0.002753813 0.00070828694 0.017148755 2.6720769e-05 0.456523 0.00086827204 0.0015689206 0.004763888 0.00056269264 0.19664341 0.000101404505 3.737844e-06 0.15243831 0.107514866 3.1869204e-05 0.002464199 4.8179495e-06 4.7967915e-06 0.08476803 0.00039838557 0.0009190384 1.1024325e-05 4.1894313e-05 0.0146234045 0.021343552 0.010805908 0.013303154 0.04465237 0.011963656 0.031794436 0.008060246 3.6356866e-08 0.013421462 0.00049216364 7.167156e-06 0.021769835 6.559122e-05 0.011105797 0.0016955826 1.9976493e-05 6.453966e-05 0.0030685868 9.344502e-05 2.7446707e-05 0.00012062428 6.416151e-05 2.0022306e-05 2.4964902e-05 0.010447762 0.00015969563 4.4110595e-05 6.4433057e-06 4.0249124e-05 0.019228892 5.2158334e-06 2.9024864e-06 0.008585088 0.0018728821 1.3332765e-06 0.32310826 3.2912417e-06 9.962432e-06 0.0002026415 0.00085815473 5.9925414e-06
0.94916636 0.0007836703 0.0022778034 0.035893593 0.0036725546 0.003074013 0.1513943 0.0007107435 0.00029736216 0.003109299 0.0011306418 0.16239277 0.014621822 0.026552394 0.014165867 2.5179692e-05 4.46286e-05 0.5111657 0.5450961 0.008196559 2.4827385e-05 0.0012586227 0.014726998 0.00073968037 3.1988236e-18 0.00033888893 0.06721131 9.3908784e-05 0.03768277 3.0238818e-06 0.5259384 0.24600539 0.7697512 0.0027177762 0.59065735 0.44349536 0.08535735 0.17219199 0.025472088 5.5209755e-05 7.309802e-05 0.2996455 0.36995482 0.089156054 0.41294375 3.1464802e-05 0.0039316174 9.854459e-07 2.186473e-05 1.9318924e-05 0.0004308656 0.086411335 9.829488e-06 4.0318616e-07 7.97255e-05 0.15790911 0.102370046 2.4689552e-06 0.00249597 0.0005899133 4.030768e-06 0.014006981 0.006970686 7.528754e-05 0.00043260888 0.0002873143 2.1167423e-05 1.4315056e-07 9.127729e-06 0.04270722 7.1094755e-06 7.3479246e-06 1.5085411e-06 1.4819933e-05 6.604111e-06 4.437462e-06 0.09597592 2.893979e-06 0.0003055832 0.00093460537 0.013514375 0.008853182 0.015606072 0.018543763 6.0698794e-06 0.001840292 0.0074320026 6.127713e-07 0.00093717716 5.782438e-06 0.00026729322 2.254251e-05 7.3708684e-08 2.6064347e-07 3.9046783e-05 0.0023456183 0.00019567995 1.3904499e-05 1.9271944e-05 1.1149225e-05 2.4936824e-05
0.9394204 0.00030260114 0.0005436021 0.013949073 5.2242987e-05 0.011476536 0.42065188 9.505245e-05 1.3279506e-06 0.2666198 9.0016765e-05 0.00919346 0.0006157611 0.00024048626 0.21835937 5.3179787e-07 1.2959281e-05 0.0015101526 0.0006598061 0.31019485 4.068343e-05 0.5312008 0.36104825 0.85520124 0.00033888893 4.376755e-21 0.01590236 0.37454945 0.0001707184 9.592682e-06 0.000472812 0.013758698 0.00020474782 7.012867e-05 0.0003700381 0.00027304539 0.0022266028 0.00077606266 0.012778476 2.2919003e-05 0.59206516 0.0006809896 0.0015363212 0.0046076896 0.0004968435 0.39213118 6.8366106e-05 2.7946369e-06 0.25422245 0.16244067 2.1220683e-05 0.0031758056 4.223089e-06 3.1766233e-06 0.11289301 0.00028041838 0.0014363993 8.505367e-06 2.1366059e-05 0.02156343 0.025573991 0.0140304435 0.0173668 0.07000875 0.01972047 0.040365417 0.019431958 2.2840341e-07 0.037305456 0.00042445614 8.007277e-06 0.045588553 5.531142e-05 0.024345888 0.007165605 1.820373e-05 2.3011318e-05 0.009606589 4.6149544e-05 5.1162237e-06 5.0506485e-05 2.3814293e-05 1.03268685e-05 1.5203403e-05 0.014505668 0.00010716223 1.888901e-05 6.6761863e-06 2.5942487e-05 0.022788405 1.9833335e-06 1.9648294e-06 0.013013471 0.0028476235 1.353041e-06 0.31890732 1.0786622e-06 7.664739e-06 0.00016511646 0.00088621955 1.631735e-06
0.97474474 0.0018253352 0.00149864 0.058811273 0.00072862423 0.01111014 0.31694418 0.00033989456 1.5540316e-05 0.028254343 0.0005119557 0.09916205 0.0034895071 0.006680779 0.30415544 1.1772792e-06 1.0277254e-05 0.037823774 0.030940188 0.26044372 1.175126e-05 0.09707595 0.26426393 0.05377906 0.06721131 0.01590236 3.0085573e-20 0.020420035 0.00063462893 1.2196923e-06 0.010471972 0.80956495 0.059869763 0.00019891754 0.08603191 0.008305252 0.14263062 0.03885305 0.25118902 1.9275317e-06 0.010577744 0.005726058 0.047524337 0.07726773 0.009101392 0.002375925 0.00062391994 1.3941995e-07 0.003483499 0.00790823 3.1840435e-05 0.01993416 3.7857166e-07 1.1561468e-06 0.019637391 0.002945669 0.01223977 3.5664726e-07 9.197296e-05 0.014531497 0.0006250804 0.022760745 0.019262884 0.0070738746 0.010485764 0.015268259 0.00092549674 2.9845124e-09 0.00067900453 0.0104470495 1.0280031e-06 0.00030823675 1.1378811e-05 0.0009465796 6.762003e-05 2.4821097e-06 0.004978747 8.8949455e-05 2.724896e-05 3.7830207e-05 0.0045863963 0.002265117 0.0004039737 0.00061439606 0.0013694179 0.0032146263 0.0016501187 1.6314571e-07 0.0012484458 4.8340695e-05 1.6717564e-06 2.9473605e-07 3.4800187e-06 6.801205e-06 6.179179e-07 0.19044015 2.9037571e-06 7.1039204e-07 7.258224e-05 7.085342e-05 1.6504924e-06
0.9483247 6.5362497e-07 9.854267e-08 0.00082526315 8.881235e-08 0.0027791923 0.13633375 4.2710317e-06 6.009029e-10 0.28232187 3.5723876e-06 0.0006960774 3.2518354e-05 1.5957148e-05 0.019671882 9.504936e-09 4.3875434e-07 0.0005450408 0.00031522993 0.03054047 2.0755344e-06 0.6873316 0.044708647 0.25372493 9.3908784e-05 0.37454945 0.020420035 2.937007e-18 1.730895e-05 2.842273e-06 3.293237e-05 0.0063866703 7.6393764e-05 1.1587004e-05 2.5645482e-05 6.3843772e-06 0.00016660681 3.1541775e-05 0.0018166113 2.150307e-06 0.34616414 7.1416516e-06 2.833414e-05 0.00017127677 9.070829e-06 0.57565117 2.2141694e-05 1.0693354e-06 0.1340905 0.037533328 3.4849919e-07 4.6119447e-05 3.7920034e-07 4.7275e-07 0.02226101 3.226017e-06 3.4101897e-05 1.2798435e-05 1.3732241e-06 0.0014550689 0.27879772 0.00043486425 0.000729985 0.011220823 0.00064024254 0.003783261 0.0014319345 1.4545899e-10 0.007153233 0.000107138825 1.5003902e-06 0.026095087 0.03518404 0.006282838 0.024854476 1.1523508e-07 1.7459545e-06 0.0029165128 2.3897207e-06 5.973032e-07 2.1620174e-06 9.88951e-07 9.802279e-07 1.1395725e-06 0.19271877 2.4227107e-05 3.1030203e-07 2.228968e-07 1.1558084e-06 0.2590849 5.2477656e-08 6.97704e-08 0.07919536 0.009533261 2.4119872e-08 0.49416727 1.521454e-07 2.1413913e-07 4.8596172e-05 0.0016635407 1.4513727e-06
0.93541867 0.012972098 0.0558925 0.20709631 0.15772729 0.028905764 0.097648405 0.08675923 0.005631478 0.008970954 0.11297173 0.24449198 0.23208389 0.25893515 0.0014316184 0.008132303 0.041361976 0.063789286 0.06809838 0.00026965435 0.0034004764 0.00051600125 0.00078595907 0.00023700841 0.03768277 0.0001707184 0.00063462893 1.730895e-05 3.8235515e-21 0.0005539628 0.8100693 0.0014040937 0.0054495167 0.828095 0.0027948862 0.19141197 9.227185e-05 0.00037556526 0.00015984998 0.0031640835 1.2578031e-05 0.38336825 0.0015004025 0.00016172761 0.058473904 2.293644e-06 0.43985456 0.00017167022 3.921521e-06 6.022684e-06 0.080222934 0.00014615875 0.0017555349 0.0005105544 2.1207432e-05 0.075876206 0.0004014583 0.00020088436 0.16411927 2.366968e-05 2.4651295e-06 0.00010096632 8.290496e-05 6.945195e-06 7.803177e-06 9.392028e-06 9.959682e-07 0.001148637 1.7438794e-06 0.0001672726 0.0006997531 1.983566e-06 1.6945326e-07 3.4617044e-06 4.0183672e-06 0.00021065414 0.0822849 1.5092204e-06 0.008045197 0.011841926 0.00067997497 0.0003695026 0.017660933 0.01858848 4.1779685e-07 0.00018288025 0.00025143064 3.7953525e-06 8.155124e-05 4.042914e-06 0.0009364719 0.0008210625 1.1183633e-07 6.596588e-08 0.00029744246 0.001097088 2.410218e-05 0.00018664026 5.4494774e-07 7.465221e-07 1.8185377e-06
0.844157 0.04386274 0.08524472 0.029481487 0.16746213 0.031800397 0.009391245 0.058193754 0.12988693 0.0027313863 0.019296236 0.0048074396 0.004970909 0.00657954 6.3451957e-06 0.12380546 0.36960948 0.00014691352 4.712915e-05 6.552554e-06 0.8856328 2.4583343e-05 1.498092e-05 2.519951e-05 3.0238818e-06 9.592682e-06 1.2196923e-06 2.842273e-06 0.0005539628 5.5000487e-24 8.4231084e-05 1.1280687e-06 9.5908604e-08 0.00841037 5.0274824e-08 8.885082e-06 2.651491e-08 3.9861334e-08 6.278369e-08 0.72196966 1.1520206e-06 8.4240404e-05 5.0369273e-08 2.5272637e-08 1.1164607e-06 7.805428e-07 0.014571242 0.80824417 9.6156974e-08 2.5618041e-08 0.038556743 7.988447e-09 0.26389417 0.28533047 4.2275556e-07 3.3250606e-05 7.0749195e-08 0.40569004 0.008109948 2.160772e-08 1.0946005e-07 3.0439602e-07 1.8134381e-07 1.4220896e-07 2.289437e-08 1.18521925e-07 7.582174e-09 0.03871051 2.1376318e-08 3.3822892e-07 0.17083912 4.5746336e-08 1.8714319e-10 4.3085157e-07 1.7142193e-07 0.033180233 0.00021922372 2.8906564e-07 0.0057417527 0.0004882829 5.7326797e-06 5.919282e-06 0.0002687625 0.00041600477 2.3056106e-07 4.992243e-06 2.0974583e-06 0.006489081 1.6376559e-06 2.9290932e-09 3.5207227e-05 0.004582129 3.889868e-08 5.9404435e-08 3.0555773e-05 5.018793e-06 1.0980986e-06 0.007619168 7.387135e-07 2.1111718e-07 1.1826778e-07
0.91823345 0.0050993524 0.0169025 0.13537149 0.0555903 0.021444669 0.12444576 0.020661019 0.0017146424 0.008241314 0.031192558 0.25261799 0.14041813 0.17875768 0.011912474 0.0018480127 0.0034851173 0.31274801 0.28689605 0.0028149523 0.0005074093 0.00115072 0.00557376 0.00096862146 0.5259384 0.000472812 0.010471972 3.293237e-05 0.8100693 8.4231084e-05 3.6358965e-22 0.031292602 0.18082951 0.18824665 0.12156465 0.7237044 0.005241824 0.023194553 0.0029901469 0.0002322049 6.391599e-05 0.6156856 0.04911985 0.006926209 0.36282682 6.0097627e-06 0.09787987 1.0312254e-05 1.9199631e-05 2.2259645e-05 0.003933626 0.004496428 0.00011248921 1.7923523e-05 7.908697e-05 0.1873791 0.008249889 8.933145e-06 0.024076171 0.00010291037 2.844423e-06 0.0006728036 0.00044139466 2.5468971e-05 4.666318e-05 4.986687e-05 4.5002716e-06 5.927765e-05 8.09757e-06 0.0014918781 4.978737e-05 7.3494875e-06 2.121894e-07 5.2916894e-06 2.6782063e-06 1.9496345e-05 0.09402881 3.1860498e-06 0.0012306047 0.002598876 0.0041070827 0.0016313678 0.025757357 0.030009292 2.3238367e-06 0.0006717505 0.00079551345 2.8878185e-07 0.00022437128 1.1737115e-05 0.0004505337 0.00011570073 7.567628e-08 2.1425537e-07 7.517618e-05 0.0016528679 2.7085736e-05 3.6747897e-05 1.0639411e-06 6.044939e-07 1.8412135e-06
