9.2584237e-35 0.0025292146 0.0005813572 0.0004508251 0.0024845754 0.34603003 0.0009708183 0.6110679 0.0017194696 0.004856134 0.03339716 0.0017730942 0.22052056 0.15947104 0.38845795 0.0005493146 0.15412815 0.012346184 0.63405675 0.04032029 0.8820929 0.00055203703 0.03952259 0.001392214 0.0012487108 0.5950388 0.92191756 0.0040619 0.83928543 0.1936526 0.6973159 0.071204245 0.00013887847 0.9751027 0.09920431 0.001328417 0.74619615 0.28897575 0.001813218 0.3862258 0.001368074 0.8590674 0.57910824 0.29481262 0.6385299 0.53552985 0.012573888 0.0003203676 0.0012839702 0.0067186076 0.9911624 0.49598062 0.23413004 0.312743 0.62057304 1.7466705e-06 0.86749834 0.032648783 0.9501129 0.001641984 0.035211697 0.9259954 0.9986534 0.97549975 0.5497826 0.019007305 0.63114494 9.898587e-09 0.0072417096 0.99923366 0.006240854 0.9986514 1.5671283e-05 0.97811234 0.033006065 9.102306e-09 0.99938166 0.7190814 0.0011570796 0.20647953 0.0059577795 8.571703e-05 2.1931976e-07 0.27793625 0.49943328 0.9748592 0.45742056 0.02406861 0.9982112 0.23838365 0.00039561608 0.2369829 0.9987377 0.999297 0.0031625798 0.22946611 0.9988644 3.154758e-05 0.81173277 0.8655583 3.274931e-07
0.0025292146 4.9860715e-21 0.6817617 0.26845193 0.17015369 0.4695479 0.027515072 0.58456707 0.0026863334 0.003323254 0.035833333 0.0033389598 0.01188727 0.0082263015 0.001065722 0.00070512976 0.016000763 0.0017445523 0.089098625 0.09615261 0.074808076 3.082019e-05 0.000686788 0.00014252431 7.825187e-05 0.00024715866 0.035181917 0.00032096973 0.012118748 0.0076690316 0.005266876 0.00019042905 1.4341922e-05 0.0050775735 0.07355896 3.4666085e-05 0.00025964977 3.2611308e-05 4.9560596e-05 0.00018744833 9.255012e-06 0.0014168636 0.0002454639 2.7403996e-05 5.675224e-05 0.042864557 2.656028e-05 7.0010624e-06 6.70929e-07 5.581632e-06 0.0035769427 0.033177532 2.4292789e-05 2.1802556e-05 0.03372796 1.6358586e-05 2.4845029e-05 6.955038e-06 0.00930659 1.1248964e-06 2.4970104e-06 1.7109693e-05 0.007066687 0.00019961192 0.0002259767 2.6552996e-06 0.00026485597 1.7110385e-06 0.019877005 0.0011947426 6.6118145e-07 0.021454874 7.155177e-08 7.592232e-05 6.5193104e-05 2.7583468e-07 0.0053904755 8.9235755e-06 9.441804e-07 0.072027706 7.974644e-06 1.9786425e-08 2.607791e-08 0.113914594 5.0479157e-06 5.3480644e-06 0.00014536653 4.062134e-06 2.2150098e-05 0.00016186864 1.03417094e-07 0.00027947433 0.0011471037 0.0012005281 1.5719532e-06 5.5096454e-05 1.5183269e-06 1.5372261e-07 7.957619e-06 0.1307438 1.3821035e-11
0.0005813572 0.6817617 1.2664831e-23 0.4298552 0.019627277 0.08317105 0.004050867 0.21287929 0.00078861136 0.0008349871 0.0027771392 0.0011191295 0.0018684212 0.0012151217 0.00026976524 0.00016416247 0.0026018405 0.0003440212 0.059397466 0.075745545 0.010070217 9.284963e-06 0.0001418992 4.835586e-05 4.7392772e-05 0.00010753313 0.009803295 0.00011087204 0.0069388472 0.0010505726 0.0015014912 0.00017642336 1.2731407e-05 0.001971975 0.06482101 3.7485835e-05 4.624065e-05 3.9976214e-05 7.220087e-05 4.7343714e-05 3.616979e-05 0.0006114483 0.00015036706 2.0656622e-05 2.6856864e-05 0.02552341 1.6618209e-05 2.371271e-06 8.0031646e-07 1.2927447e-05 0.0009206942 0.017184772 6.96016e-06 2.2400405e-05 0.0179811 6.093494e-05 1.1148046e-05 9.996141e-06 0.004864718 1.540814e-06 1.1237335e-05 1.6551874e-05 0.0031910902 0.00014323654 2.995151e-05 1.2465327e-05 0.00016296683 6.8261634e-06 0.015819281 0.0003422102 1.5431139e-06 0.008480449 4.995014e-08 7.72807e-05 1.1717162e-05 1.2011068e-06 0.0022287495 6.17765e-06 1.7156857e-06 0.058770146 3.2714736e-06 2.644834e-08 3.7226266e-07 0.06568768 6.7667147e-06 1.06567095e-05 8.655746e-05 1.731477e-06 7.1576585e-05 8.621139e-05 1.5193054e-07 0.000118627286 0.0050824108 0.0018637906 2.2917745e-06 2.8347382e-05 2.1812632e-06 1.07073596e-07 7.556026e-06 0.16157688 2.1231357e-10
0.0004508251 0.26845193 0.4298552 1.2490523e-23 0.023714282 0.019366024 0.0025433 0.01956266 0.00048273645 0.0007585997 0.0013607595 0.0006408412 0.00040089112 0.00016191573 6.608256e-06 0.000306336 0.00018214138 7.1709233e-06 0.0076383282 0.1007696 0.0015371471 9.609818e-05 5.1998435e-05 2.6294489e-05 2.6465033e-05 4.8374295e-06 0.0007368503 2.636198e-05 0.0018993737 4.4765045e-05 0.00026635375 3.2060707e-05 0.00013402333 0.00022639948 0.033470076 9.687475e-06 1.2852681e-05 5.5296773e-06 3.430328e-05 4.642183e-06 1.1517059e-05 6.787607e-05 1.2223806e-05 2.3477362e-06 3.0526191e-06 0.0066479817 1.5125806e-06 1.0052536e-05 1.8978781e-06 2.9262083e-06 8.549823e-05 0.010589007 2.3362604e-06 2.9394432e-06 0.011830422 0.0001510214 5.1573734e-06 4.6303157e-06 0.0013289751 9.971837e-07 4.5103084e-06 7.923904e-06 0.000971569 8.132438e-05 1.4957251e-05 9.015101e-06 1.996836e-05 6.505063e-05 0.039297566 0.00024176735 1.418091e-06 0.0048008948 2.5923134e-08 1.8889876e-05 3.6418462e-06 1.2132752e-05 0.0010164375 3.4776733e-06 1.3028285e-06 0.10285248 2.7148926e-06 3.2537724e-08 1.0717224e-06 0.07936279 7.3099586e-06 5.0204017e-06 2.7710583e-05 2.4577914e-06 2.5903772e-05 2.129935e-05 1.4299829e-07 2.8926008e-05 0.001836356 0.00068873464 1.882911e-06 1.2669091e-05 7.856113e-07 2.2987584e-07 2.2220036e-06 0.25298944 2.6900564e-09
0.0024845754 0.17015369 0.019627277 0.023714282 8.436752e-18 0.34941638 0.5378923 0.070723034 0.36485863 0.32747078 0.36173025 0.30265895 0.018609056 0.014293776 0.010785071 0.11745797 0.019901821 0.017079659 0.008161147 0.005715556 0.010902824 0.019594094 0.03826201 0.020365179 0.01004844 0.005398491 0.009517705 0.009218183 0.0038216307 0.008169066 0.006373875 0.032831572 0.0006465888 0.0033592188 0.011963474 0.00257695 0.001775905 0.0031393392 0.0062306225 0.0014730985 0.0015830108 0.0012620363 0.0025718864 0.001512557 0.0013106884 0.008225375 0.00085543667 0.00020932201 8.8088986e-05 0.00062992924 0.0035404912 0.007745839 0.0007659215 0.0011511866 0.008429454 0.00050426956 0.00046652858 0.00089364906 0.0032936786 0.0002774817 0.00022330567 0.00046784157 0.0030269076 0.0009422789 0.0014286186 0.0004762305 0.0042371806 0.00030963178 0.040795717 0.0028447763 0.000246651 0.0048674466 2.1187518e-05 0.001212757 0.0015057565 0.00036654633 0.003386534 0.0006288671 0.0011212372 0.098364964 0.00060130825 2.118659e-05 2.9377366e-06 0.04795839 0.00010332971 0.000540756 0.0024191507 0.0003240803 0.00090109877 0.0018096411 3.1814758e-05 0.002220774 0.013155336 0.011182829 0.00081494794 0.00015215566 0.00016748603 0.00021440655 0.0001685593 0.009347699 2.232706e-07
0.34603003 0.4695479 0.08317105 0.019366024 0.34941638 2.96936e-19 0.30243638 0.824924 0.13151208 0.2143722 0.69856644 0.09376039 0.14673069 0.085717514 0.08860087 0.02888679 0.10390651 0.060780756 0.1380177 0.008241 0.484332 0.004000612 0.035633236 0.018547282 0.009891214 0.036581077 0.33324876 0.008798699 0.17783113 0.03917244 0.05315059 0.052575856 0.0002312308 0.23147857 0.04426591 0.009687932 0.016256195 0.008351038 0.0024376675 0.011715526 0.0027364783 0.02814601 0.009069705 0.005449221 0.00777647 0.073331706 0.0064244876 0.00022009599 3.301895e-05 0.0018452567 0.07116981 0.049143497 0.0024420654 0.012715149 0.0422024 2.1210162e-05 0.0032533167 0.0034290003 0.0426695 0.0009962728 7.143897e-05 0.0019184037 0.081754684 0.0064293663 0.00027428483 0.00010181615 0.009519084 5.934617e-06 0.009200903 0.07168437 5.3530886e-05 0.0865183 7.320015e-05 0.0037769992 0.00091904885 4.7323697e-06 0.05229535 0.0003232799 0.00019105407 0.041801874 0.0002592697 1.03395605e-05 6.901953e-08 0.05028114 0.00017502371 0.00027979116 0.0011885075 0.0001817026 0.0043782503 0.0014100557 1.6000806e-05 0.0016045932 0.04373111 0.038299926 0.00025272038 0.0006479097 0.0001785975 7.097387e-05 0.00022400996 0.025460685 2.4416947e-08
0.0009708183 0.027515072 0.004050867 0.0025433 0.5378923 0.30243638 1.7182884e-22 0.057481643 0.42189926 0.47615787 0.5489224 0.35423294 0.0220769 0.020559654 0.017289072 0.13819255 0.024080746 0.049425032 0.0016964012 0.00012663203 0.0111650005 0.006529736 0.086857766 0.06178504 0.015395921 0.006485054 0.0023798447 0.011738272 0.0012691374 0.009759262 0.0029129228 0.014524424 0.000120908284 0.0016692673 0.006655298 0.0017221874 0.0013349861 0.0025260795 0.0050143995 0.0014731513 0.0014281628 0.0005522885 0.0022158353 0.0012690483 0.0010132506 0.009969704 0.0004145912 5.172596e-05 1.34476995e-05 0.00021801631 0.0009879519 0.003425952 0.0002487532 0.00068582816 0.004037172 0.00014292733 0.00023026564 0.0001443261 0.0015111411 7.7618104e-05 3.6898306e-05 0.00014435596 0.0013367052 0.0003156228 0.0003470563 5.9046433e-05 0.0014141996 3.5921115e-05 0.005784021 0.00096981565 1.500115e-05 0.0024090004 9.971277e-07 0.00058231544 5.6005272e-05 1.2134175e-05 0.0013018096 0.00059912197 1.2454168e-05 0.040675443 2.0146768e-05 6.654628e-07 1.8310581e-07 0.026303459 5.526196e-05 0.00040996022 0.0009758029 4.13429e-05 0.0003524897 0.00037302484 1.1060179e-06 0.00047678992 0.0017238446 0.0020039242 3.546682e-05 7.95169e-05 6.6860855e-05 2.0119303e-06 3.0990635e-05 0.0041707074 5.176551e-10
0.6110679 0.58456707 0.21287929 0.01956266 0.070723034 0.824924 0.057481643 8.306111e-18 0.015485554 0.020953014 0.1339669 0.004645908 0.07251344 0.040996633 0.0186008 0.0019713931 0.058241703 0.0058797253 0.575422 0.0638836 0.7447326 0.00011625386 0.0029436753 0.0010244662 0.0008395324 0.007360795 0.7081163 0.00067031005 0.5425691 0.034797896 0.037226245 0.001075559 1.868325e-05 0.40132302 0.22288647 0.00028153873 0.008139414 0.0008429714 0.0010142361 0.007928025 0.00014832315 0.03679836 0.0070456276 0.0020191164 0.0057895067 0.33848476 0.00097486615 1.5613656e-05 7.311844e-07 0.0002662222 0.338107 0.17920126 0.0015618408 0.0055929055 0.15243722 4.2824845e-06 0.0023182777 0.001455522 0.21971916 5.365232e-05 0.00014302756 0.0032254388 0.28741485 0.0124146 0.00034482594 7.757126e-05 0.0027053584 9.3038113e-07 0.00964474 0.3086756 8.893241e-05 0.3152776 2.4696958e-05 0.008077113 0.00045087203 6.711227e-06 0.3319663 0.00012826532 0.00013508544 0.09492111 0.00048375217 1.4973214e-06 1.577421e-08 0.19334005 0.0001777291 0.0010344384 0.0009936065 0.00018322538 0.0041618966 0.00094449427 1.4297312e-06 0.0010574582 0.0688124 0.11900837 0.00014053765 0.0003644391 0.0005900338 2.8919003e-05 0.00014086424 0.09534554 3.3892977e-08
0.0017194696 0.0026863334 0.00078861136 0.00048273645 0.36485863 0.13151208 0.42189926 0.015485554 1.0589304e-21 0.6402967 0.47858062 0.57807946 0.018699303 0.022623762 0.036628116 0.3312885 0.029333025 0.076039545 0.00018043618 3.3468896e-06 0.005730565 0.13277166 0.3259495 0.22467507 0.18034981 0.00894457 0.0006795111 0.05882008 0.00063512963 0.011890659 0.0034579185 0.068586364 0.0037175664 0.00089642964 0.0015462511 0.058320638 0.0009030775 0.0026905048 0.04245393 0.002209709 0.017759772 0.0006250802 0.0031105257 0.0022326373 0.0013708468 0.0049765045 0.0005418124 0.003239995 0.0019400523 0.00028731563 0.0007773312 0.0021767176 0.00065596326 0.0009356149 0.0027883116 0.0004478226 0.0002589961 0.0004374657 0.0005807454 0.004489305 5.3634667e-05 0.00022225971 0.0010665319 0.00027390893 0.00019525288 0.00011448863 0.0013596368 0.0001708896 0.0013204141 0.0008498393 4.185989e-05 0.0011564066 3.1521206e-05 0.00062302686 9.608755e-05 0.00012556129 0.00080845103 0.00017525171 0.00012136206 0.025468476 5.420276e-05 1.1012893e-05 3.586472e-06 0.017805392 5.509809e-05 0.00032035843 0.0007477207 3.726069e-05 0.0004735313 0.00030579983 7.3111432e-06 0.00041882988 0.00079930015 0.00091566355 5.8738708e-05 3.352677e-05 6.3178886e-05 1.4924009e-05 1.26489795e-05 0.0019606038 5.147332e-09
0.004856134 0.003323254 0.0008349871 0.0007585997 0.32747078 0.2143722 0.47615787 0.020953014 0.6402967 1.248382e-21 0.6477272 0.6409086 0.03474772 0.03589827 0.06902591 0.36746114 0.044513445 0.13748679 0.00025201446 1.3322953e-06 0.012964003 0.15244839 0.41949746 0.34758756 0.22679304 0.042867403 0.0008182621 0.15469997 0.00142825 0.054290883 0.010906078 0.21814835 0.007743291 0.001637155 0.0015977111 0.1792077 0.0043087667 0.021358239 0.1526921 0.008712968 0.11066297 0.0018909939 0.009223002 0.008643943 0.0053386125 0.0068747276 0.0043120394 0.0123565085 0.00730046 0.0030164078 0.0010743884 0.0024336108 0.002276761 0.0026701745 0.003061208 0.0011821699 0.0007361876 0.0015434084 0.0010401434 0.03441944 0.0002801423 0.00042782235 0.0024372805 0.0005928862 0.0007249379 0.0005607287 0.0024193837 0.0007056891 0.0005768058 0.002362494 0.00012423132 0.0023734872 0.0007334403 0.0011423822 0.00022999877 0.00071337627 0.0023273956 0.00044319514 0.0004199262 0.010318472 0.0001460513 0.00042890836 1.6821461e-05 0.014542041 0.00016084548 0.0007187348 0.0010516723 0.0001931523 0.00075749296 0.00062720926 0.00011456671 0.00086240703 0.0014515942 0.0016212239 0.00016658934 5.708515e-05 0.00019474316 5.937496e-05 1.0817727e-05 0.0011771355 4.3272866e-08
0.03339716 0.035833333 0.0027771392 0.0013607595 0.36173025 0.69856644 0.5489224 0.1339669 0.47858062 0.6477272 5.1068586e-23 0.46223187 0.38220805 0.3047618 0.58543164 0.08378984 0.4180605 0.72394055 0.0017513752 6.7491005e-06 0.10899351 0.0054037063 0.5769795 0.15696648 0.050656755 0.14205205 0.0068851705 0.1582916 0.010215673 0.07470632 0.027138505 0.34391597 0.00027157526 0.015888095 0.0013751179 0.030755553 0.009682992 0.04612311 0.07451042 0.017708449 0.023580117 0.0080410745 0.017613634 0.013678243 0.009272995 0.0047586504 0.0067510814 0.00030950631 0.00029274754 0.003971054 0.0013780897 0.0028729974 0.004514673 0.008701641 0.0026751969 0.00067883235 0.0025608614 0.0029815116 0.0013674963 0.0029446974 7.7145516e-05 0.00070836936 0.0022321825 0.0014380222 0.0004721017 7.17107e-05 0.0027700053 0.000109814355 0.00030986662 0.0038737855 9.5254045e-06 0.0026957418 1.3620213e-05 0.0014424553 0.00011129748 0.00010803928 0.002988284 0.0003662282 5.0229468e-05 0.007063726 4.2304073e-05 5.6230447e-06 1.4784424e-06 0.0104711875 2.4174162e-05 0.0009078657 0.00027637885 2.87543e-05 0.001212849 0.00030140186 1.6054158e-06 0.00030866562 0.0032677618 0.003197408 2.3520739e-05 4.433678e-05 0.0012942206 4.967096e-06 2.4330118e-05 0.0004160462 7.944171e-09
0.0017730942 0.0033389598 0.0011191295 0.0006408412 0.30265895 0.09376039 0.35423294 0.004645908 0.57807946 0.6409086 0.46223187 4.1515952e-22 0.021622546 0.02621829 0.058121838 0.5039228 0.022598622 0.09371438 0.00024263351 9.622239e-06 0.0025913832 0.29423603 0.4616468 0.45173234 0.31477478 0.029624585 0.000414441 0.19145519 0.0003761129 0.016421713 0.0041060797 0.1952231 0.015053581 0.0004932573 0.0014644002 0.19280761 0.002583333 0.011378947 0.15986863 0.00298275 0.1156876 0.0008160547 0.003952228 0.003330475 0.0025843899 0.0039797756 0.00092387287 0.026801413 0.0062286616 0.0014793649 0.00047945871 0.0018620557 0.0011807181 0.0016111515 0.0026916366 0.0015990045 0.00040762464 0.0004617719 0.0010652834 0.021683877 0.00029923575 0.00035861676 0.0016236393 0.0006490625 0.0005301583 0.00040897657 0.0007071615 0.0011215372 0.00077256316 0.0007793111 9.505653e-05 0.0016355248 0.00037009647 0.0008983051 0.00013025379 0.0010472761 0.0014944013 0.00027465992 0.00034700998 0.005306709 9.485449e-05 0.0001359332 2.4598326e-05 0.004708609 0.00020966904 0.0008010981 0.00056597934 7.546769e-05 0.001296202 0.00037184346 4.4262e-05 0.00047562498 0.00023085294 0.00030331302 8.991913e-05 0.00010906062 0.0002707875 2.1190792e-05 3.8250415e-05 0.00021488103 1.4506489e-08
0.22052056 0.01188727 0.0018684212 0.00040089112 0.018609056 0.14673069 0.0220769 0.07251344 0.018699303 0.03474772 0.38220805 0.021622546 3.39902e-24 0.8365021 0.65754265 0.004638517 0.904813 0.3747224 0.0023292308 9.8737196e-08 0.12697004 0.00029028687 0.115938574 0.010502156 0.004496287 0.16896345 0.017643467 0.017963892 0.038565647 0.06806966 0.08147841 0.07882436 1.0659953e-05 0.04648817 0.00045841397 0.006997605 0.024410127 0.01808004 0.0091182375 0.013488706 0.0043125385 0.039341576 0.016336566 0.008036245 0.015521883 0.002048652 0.0038241444 3.2375935e-06 2.7130538e-05 0.0028977667 0.0056037884 0.00021426387 0.005277304 0.00876777 0.00017529751 1.9396755e-05 0.010199265 0.002567813 0.00021483925 0.00022011109 0.00010126225 0.0058829025 0.0070357206 0.0082643395 0.0014553998 1.2482445e-05 0.012536434 5.4542998e-06 2.7667988e-05 0.017099483 9.314542e-06 0.00412691 1.0967714e-06 0.009552017 0.00010904606 9.763305e-06 0.003950739 0.00041860988 1.4971835e-05 0.00063081353 3.232566e-05 8.8696186e-07 4.0866735e-07 0.0012897738 9.7104785e-06 0.0013203134 0.00011846674 1.2073677e-05 0.01015704 0.000263388 3.5994535e-07 0.00037951587 0.003888843 0.002985337 1.2063917e-05 5.377695e-05 0.0037686713 1.7801831e-06 2.0432151e-05 0.0003032783 1.5190191e-10
0.15947104 0.0082263015 0.0012151217 0.00016191573 0.014293776 0.085717514 0.020559654 0.040996633 0.022623762 0.03589827 0.3047618 0.02621829 0.8365021 1.4601001e-24 0.6985549 0.004941199 0.88369924 0.41353557 0.00089283596 1.9423975e-08 0.08133436 0.00055610546 0.12395304 0.013286671 0.005686263 0.18468615 0.012684042 0.023036327 0.025104849 0.073247835 0.07052419 0.07968345 1.5567459e-05 0.03355033 0.00021899176 0.010308341 0.026024418 0.025014147 0.010384346 0.014722517 0.006737035 0.03202426 0.016369356 0.007272435 0.014481638 0.0019737934 0.0053874464 1.1285836e-05 0.00015148327 0.004632661 0.0051265126 0.00012651205 0.0049975803 0.008358528 0.00016519822 4.93962e-05 0.007891873 0.0031508899 0.00023448834 0.00059497484 0.00017252384 0.0052688075 0.0055117514 0.008808552 0.0015465062 2.3441264e-05 0.010089172 8.402324e-06 9.747211e-06 0.011841643 1.7498644e-05 0.003117298 2.7228787e-06 0.0085164225 0.00013991192 1.5404843e-05 0.0027518428 0.0005076029 3.9452458e-05 0.00021658184 3.8682585e-05 2.2752088e-06 8.918304e-07 0.000979742 1.0232802e-05 0.0012117142 0.00019212607 1.0593128e-05 0.00968591 0.0003935787 6.353907e-07 0.00054761674 0.0044437572 0.003380007 1.5727757e-05 6.672053e-05 0.0034002005 2.5794577e-06 1.678851e-05 0.00019797865 1.4391635e-10
0.38845795 0.001065722 0.00026976524 6.608256e-06 0.010785071 0.08860087 0.017289072 0.0186008 0.036628116 0.06902591 0.58543164 0.058121838 0.65754265 0.6985549 5.2750987e-24 0.020118237 0.72946537 0.79961115 0.00010042987 2.1484667e-09 0.064865105 0.0054646875 0.5185472 0.06598818 0.039460238 0.57977945 0.0039699012 0.08112257 0.013389736 0.10315402 0.104961835 0.33892885 0.0006887584 0.026711067 7.569683e-05 0.0701785 0.06485841 0.13288034 0.032938555 0.023340026 0.046247896 0.04551021 0.018787602 0.020470917 0.022686657 0.0012432223 0.01145883 0.004595823 0.012492731 0.008044437 0.0034580964 0.00011042789 0.007568727 0.011496841 0.00021464573 0.00034695072 0.017574035 0.004964542 0.00037365447 0.008693595 0.0005536187 0.008280738 0.008999347 0.015531419 0.0016653956 0.00019152676 0.006880903 0.0001711721 7.3332867e-06 0.022543352 3.807252e-05 0.0052178684 1.0660817e-05 0.0057692463 0.00010363594 0.00018407745 0.0061258734 0.0008839708 9.971686e-05 0.00022507636 3.1816486e-05 5.2977484e-06 3.883401e-06 0.0009146809 2.2559158e-05 0.0035077282 0.00013661431 1.1849539e-05 0.020851277 0.0001757929 8.9887317e-07 0.00025361707 0.0022562698 0.0018258767 1.2747663e-05 8.589199e-05 0.010070715 2.865907e-06 5.9858794e-05 0.0002865798 1.4727479e-09
0.0005493146 0.00070512976 0.00016416247 0.000306336 0.11745797 0.02888679 0.13819255 0.0019713931 0.3312885 0.36746114 0.08378984 0.5039228 0.004638517 0.004941199 0.020118237 7.161946e-20 0.002228487 0.008782955 0.0005317941 0.00044789453 0.0009887445 0.43524638 0.15738758 0.31834885 0.21070004 0.0025747442 0.00036504632 0.030302119 0.00031458098 0.0008238736 0.0026376394 0.020027937 0.043791287 0.00035027153 0.005679537 0.02309766 0.0010043524 0.00090711104 0.03251658 0.00035030924 0.012676646 0.0004403387 0.001335773 0.0005642297 0.0007667433 0.007012168 7.8920006e-05 0.0053780265 0.00091617985 0.000116419826 0.00024877858 0.006722569 0.00044889428 0.00014994765 0.006487939 0.0013703365 0.00031408307 0.00014728612 0.0003160846 0.00074366207 0.00018728286 7.988585e-05 0.0009038094 0.0003492588 0.00034806825 0.00025181888 0.0003226642 0.00045674655 0.006802438 0.0005229683 0.00016782372 0.0010954507 7.1689333e-06 0.00036404055 9.4181516e-05 0.00043968746 0.0009894214 4.3549615e-05 0.000120224504 0.03295673 6.6096894e-05 8.744879e-06 6.0972293e-06 0.0045020776 6.710762e-05 0.0006367046 0.00047967918 6.394886e-05 0.0007951017 0.00024969582 4.0449736e-06 0.0003518172 0.0006194803 0.0004462954 0.00015707935 7.086302e-05 0.00021704088 1.18971975e-05 2.0269144e-05 0.00019822028 7.547184e-09
0.15412815 0.016000763 0.0026018405 0.00018214138 0.019901821 0.10390651 0.024080746 0.058241703 0.029333025 0.044513445 0.4180605 0.022598622 0.904813 0.88369924 0.72946537 0.002228487 3.3156364e-24 0.49723685 0.0023793126 4.024384e-08 0.170576 0.00017039846 0.13154225 0.0063506966 0.0026081908 0.21177737 0.022649247 0.03205379 0.057222676 0.24252838 0.18352732 0.100135565 8.635468e-06 0.050264683 0.00021214988 0.0056732576 0.052694526 0.026618224 0.011061814 0.03304657 0.00473142 0.11077613 0.045300916 0.008760188 0.04015461 0.002244291 0.008162828 4.880184e-06 4.206049e-05 0.0074654324 0.008888774 0.00026367628 0.011586044 0.024175664 0.000324242 5.824998e-05 0.017579056 0.0049982117 0.0007401679 0.0005394049 0.00037490288 0.012517852 0.0069686994 0.02151879 0.0049160738 4.6135287e-05 0.033090595 1.216879e-05 2.6295316e-05 0.012348728 3.816453e-05 0.0035245179 2.2350655e-06 0.013337701 0.00039934381 2.1289765e-05 0.0033491445 0.0018885176 5.613842e-05 0.00045447386 0.00010553203 4.5191223e-06 1.2050895e-06 0.001539899 0.00012854833 0.002119906 0.0013139105 4.7602316e-05 0.015596238 0.0023277672 8.202078e-07 0.0026969258 0.0060011465 0.005004434 5.602829e-05 0.00039230683 0.004207859 1.2590662e-06 9.773493e-05 0.00027654838 1.1594835e-10
0.012346184 0.0017445523 0.0003440212 7.1709233e-06 0.017079659 0.060780756 0.049425032 0.0058797253 0.076039545 0.13748679 0.72394055 0.09371438 0.3747224 0.41353557 0.79961115 0.008782955 0.49723685 1.0800115e-25 0.0001256944 1.4005088e-08 0.013976463 0.00071520533 0.4620273 0.037682813 0.019449897 0.24644004 0.0007945968 0.14297363 0.0024389455 0.1411721 0.052543074 0.20063543 3.816464e-05 0.005931992 3.8312382e-06 0.033420473 0.01883117 0.056231968 0.05517319 0.031126937 0.018796481 0.014380759 0.030295711 0.015017233 0.018604215 0.00033978117 0.011860987 0.00016551866 6.903879e-05 0.00789479 4.8780043e-05 0.000106715124 0.006961492 0.0102562765 0.00016419769 5.9620477e-05 0.0024167213 0.003194735 0.00013501254 0.0031398872 0.00048138006 0.0012879006 0.00084224215 0.0020464505 0.001013578 5.1362895e-05 0.0022591539 2.0479069e-05 2.47529e-06 0.0010377921 1.570204e-05 0.00049125205 4.526735e-06 0.0008880152 0.00021054709 5.5971203e-05 0.00073815114 0.00018667977 4.8749815e-05 0.00014368036 5.619825e-05 6.803897e-06 2.684525e-06 0.001491826 1.8065683e-05 0.000495824 0.00027949034 2.9022114e-05 0.0021719164 0.00028274255 5.2645703e-07 0.00038555817 0.00013093105 0.00034087867 1.4827357e-05 3.9973394e-05 0.0009259664 3.4238985e-07 1.623314e-05 1.698393e-05 2.391175e-10
0.63405675 0.089098625 0.059397466 0.0076383282 0.008161147 0.1380177 0.0016964012 0.575422 0.00018043618 0.00025201446 0.0017513752 0.00024263351 0.0023292308 0.00089283596 0.00010042987 0.0005317941 0.0023793126 0.0001256944 1.7232601e-19 0.3423167 0.11405145 2.1963226e-05 5.0283295e-05 1.934075e-05 1.35529e-05 2.925816e-05 0.70028746 2.8524057e-05 0.07091343 0.0010016826 0.0012368646 1.7315837e-05 4.8072834e-06 0.017167598 0.5027975 4.5831316e-06 6.974018e-05 3.2495427e-06 4.0296247e-05 2.419176e-05 2.728811e-06 0.00056490785 1.6758244e-05 5.0974145e-06 6.7593433e-06 0.6998151 3.641077e-05 5.3384388e-06 4.3845242e-07 5.6618037e-06 0.2712637 0.5068229 2.6157443e-06 9.612151e-06 0.51213175 5.2816387e-07 7.164327e-06 6.248902e-06 0.43613634 3.3503115e-05 3.475725e-07 1.1354659e-05 0.33340457 0.00029210473 6.953131e-07 2.773694e-07 2.6142518e-05 8.347824e-09 0.023670582 0.047420163 3.6555545e-07 0.5141209 3.1730442e-06 0.00011490658 1.4810595e-05 3.5709803e-08 0.2403448 1.5944444e-07 1.6561938e-06 0.36091465 1.00336865e-05 1.0962867e-07 9.539366e-10 0.5504288 1.0067424e-07 1.139466e-06 5.295013e-07 1.6582247e-06 0.00014982342 1.4924328e-06 1.02685526e-07 2.318305e-06 0.011792962 0.012788584 1.0813277e-06 7.942966e-07 1.9833503e-06 8.797556e-07 1.4913921e-07 0.42564896 6.9082806e-10
0.04032029 0.09615261 0.075745545 0.1007696 0.005715556 0.008241 0.00012663203 0.0638836 3.3468896e-06 1.3322953e-06 6.7491005e-06 9.622239e-06 9.8737196e-08 1.9423975e-08 2.1484667e-09 0.00044789453 4.024384e-08 1.4005088e-08 0.3423167 1.2875891e-26 0.0010373414 5.7442057e-06 2.9775036e-08 1.0611858e-06 1.9697176e-05 4.6722755e-09 0.0358129 3.3421788e-08 0.0014006172 5.4638036e-07 2.3799932e-06 2.692368e-08 9.22202e-07 5.7475427e-06 0.44124043 7.780602e-06 1.4385365e-08 5.197438e-09 7.403218e-08 4.4583417e-09 3.324846e-08 2.0998812e-07 6.110102e-09 2.2822768e-09 1.3243769e-09 0.21711037 2.1459819e-08 1.3192899e-06 2.3727546e-08 2.1036323e-08 0.006543847 0.45835385 2.5154174e-09 2.5919162e-09 0.54521513 1.5985782e-07 6.1199454e-09 2.883205e-08 0.18045577 1.0500837e-06 7.3702977e-10 1.3923665e-08 0.050434995 4.5549288e-07 1.2355181e-08 2.5542353e-09 5.1474032e-08 2.9988623e-10 0.14461656 0.00037780526 5.4563287e-10 0.6925594 1.5702973e-08 1.6767524e-08 5.8953276e-08 1.14286684e-10 0.0775982 3.259858e-09 1.8081806e-08 0.81752634 9.89751e-09 2.6227192e-09 2.5188104e-10 0.82392013 5.2562543e-10 6.1725547e-10 4.566968e-09 1.2699222e-09 2.4935979e-08 7.696921e-09 2.9322402e-09 7.973408e-09 6.40492e-05 7.089898e-05 1.1569348e-09 1.1801043e-09 1.8378973e-10 3.1008993e-09 1.243363e-10 0.87578666 1.1312778e-12
0.8820929 0.074808076 0.010070217 0.0015371471 0.010902824 0.484332 0.0111650005 0.7447326 0.005730565 0.012964003 0.10899351 0.0025913832 0.12697004 0.08133436 0.064865105 0.0009887445 0.170576 0.013976463 0.11405145 0.0010373414 1.8782616e-18 6.505454e-05 0.008637754 0.00059074146 0.00029273945 0.06495164 0.62676644 0.0021731511 0.6376879 0.122165434 0.19642416 0.007984294 4.414014e-05 0.69838256 0.02777465 0.00021480973 0.07345488 0.008848826 0.0013826292 0.039079975 0.00022097745 0.22025435 0.058835395 0.012893742 0.05873448 0.111797474 0.0047622956 2.4159113e-05 4.762559e-06 0.0016207254 0.37292117 0.02916509 0.009452143 0.03501273 0.0358991 2.3953717e-05 0.026372248 0.0041785305 0.117228776 5.632246e-05 0.00034807107 0.032082353 0.3716673 0.11663699 0.00383601 0.0002982628 0.021896597 7.874081e-06 0.004520726 0.5693191 0.00023963118 0.23443922 1.233135e-05 0.05385729 0.001819499 4.2045853e-05 0.42455196 0.00127945 9.601866e-05 0.021098664 0.0005385068 1.6373983e-06 3.4200838e-07 0.098116495 0.0017880423 0.005909657 0.004572456 0.00049495726 0.07618779 0.003569442 2.4756089e-06 0.004166408 0.2433843 0.33232147 0.00031142283 0.0016858157 0.013839926 9.317091e-06 0.0010680499 0.03126417 9.862087e-08
0.00055203703 3.082019e-05 9.284963e-06 9.609818e-05 0.019594094 0.004000612 0.006529736 0.00011625386 0.13277166 0.15244839 0.0054037063 0.29423603 0.00029028687 0.00055610546 0.0054646875 0.43524638 0.00017039846 0.00071520533 2.1963226e-05 5.7442057e-06 6.505454e-05 5.9836618e-21 0.054302413 0.27115142 0.23249169 0.00038798986 6.938684e-05 0.013390797 5.780919e-05 4.604355e-05 0.00016735223 0.008462122 0.57797176 0.00012355912 0.00043670472 0.04287939 4.8570873e-05 0.00016630901 0.019702146 2.47069e-05 0.018128144 9.604596e-05 0.00014828707 4.0468898e-05 4.4169527e-05 0.0010179285 7.511029e-06 0.076834545 0.037114028 1.1494785e-05 0.00048377615 0.00025794774 1.2507195e-05 9.1485135e-06 0.000395694 0.02747235 1.2540684e-05 6.8740223e-06 8.914589e-05 0.004009427 1.4029385e-05 2.8315095e-05 0.0007599009 0.00017607491 1.4472891e-05 3.8878825e-05 0.000106966705 0.011762422 0.0004188201 0.0010436866 1.556084e-05 0.00047506767 7.5528196e-06 0.0009896946 6.3797634e-06 0.008988961 0.0012014651 2.8018405e-07 2.1644753e-05 0.0016311782 5.8330834e-06 3.3047458e-05 0.0015519077 0.00054152054 1.058788e-06 2.833603e-05 9.128547e-06 3.1287643e-06 0.0011490992 8.861675e-06 1.2090948e-05 1.036522e-05 0.0015155957 0.0011686044 9.448753e-06 7.98035e-06 3.9049533e-05 2.3134505e-06 6.480271e-07 7.4075935e-05 1.5660466e-07
0.03952259 0.000686788 0.0001418992 5.1998435e-05 0.03826201 0.035633236 0.086857766 0.0029436753 0.3259495 0.41949746 0.5769795 0.4616468 0.115938574 0.12395304 0.5185472 0.15738758 0.13154225 0.4620273 5.0283295e-05 2.9775036e-08 0.008637754 0.054302413 1.0986499e-22 0.55188626 0.41799277 0.55359536 0.00040935195 0.6765305 0.0009025251 0.113289475 0.035659853 0.7737361 0.024489488 0.0023219727 9.557976e-05 0.5243032 0.027124126 0.31864524 0.4679529 0.035851277 0.42060572 0.0057987208 0.021292213 0.059648268 0.0155793335 0.00097454037 0.04585503 0.08082505 0.14934419 0.037015572 2.667545e-05 0.00041304616 0.024109533 0.011876929 0.0007522524 0.0054030726 0.0056364667 0.014039198 0.00015978672 0.23283254 0.005929591 0.0026114336 0.0012679403 0.0024498084 0.0020202922 0.0059727216 0.0008827161 0.0030955416 1.6803126e-06 0.0014005136 0.00043068852 0.0016605695 0.0032334775 0.0012179065 0.00013864001 0.004559747 0.0020138617 0.0007004425 0.0003327102 0.00021853548 8.655671e-05 0.0022383528 0.00065832405 0.000965937 0.000102573904 0.0020096176 0.00018103789 8.733822e-05 0.0024969382 0.00012694376 0.00015403087 0.00015718499 0.00038741398 0.0005011268 5.0878836e-05 8.947798e-05 0.002712539 3.015325e-05 4.428729e-05 2.7811877e-05 3.226643e-07
0.001392214 0.00014252431 4.835586e-05 2.6294489e-05 0.020365179 0.018547282 0.06178504 0.0010244662 0.22467507 0.34758756 0.15696648 0.45173234 0.010502156 0.013286671 0.06598818 0.31834885 0.0063506966 0.037682813 1.934075e-05 1.0611858e-06 0.00059074146 0.27115142 0.55188626 7.956867e-23 0.56599927 0.041635137 3.4730252e-05 0.22246316 9.226718e-05 0.001994553 0.0021376107 0.29178613 0.058738563 0.00014214341 0.0002507403 0.34182456 0.0014459888 0.02751217 0.22560583 0.00062705966 0.20000921 0.00044618497 0.00092052907 0.0048099295 0.0009219757 0.0006638012 0.0005085943 0.0969932 0.067595534 0.001031456 0.00013551848 0.00018991635 0.0007654527 0.00020389375 0.00028882912 0.0072371564 0.00013176793 0.00019520559 2.7173886e-05 0.0312368 0.0006715955 8.713682e-05 0.0011733606 0.00014277884 0.00013833388 0.0006842096 0.00019883428 0.002726595 5.5759105e-05 0.00048961764 0.00029916302 0.00027973513 0.00012864533 0.00046230573 6.8483176e-05 0.0030202435 0.0007586757 5.7992685e-05 0.0004266312 0.00045205167 7.645528e-05 7.3255804e-05 0.00031169798 0.00041901748 4.7796286e-05 0.0002464159 7.073264e-05 2.0852154e-05 0.0013202423 9.1864706e-05 2.3977072e-05 0.00011775004 6.345532e-05 5.9508347e-05 6.0095655e-05 2.1798794e-05 0.00031041235 3.0560317e-05 2.2568272e-06 1.7776824e-06 7.9470844e-08
0.0012487108 7.825187e-05 4.7392772e-05 2.6465033e-05 0.01004844 0.009891214 0.015395921 0.0008395324 0.18034981 0.22679304 0.050656755 0.31477478 0.004496287 0.005686263 0.039460238 0.21070004 0.0026081908 0.019449897 1.35529e-05 1.9697176e-05 0.00029273945 0.23249169 0.41799277 0.56599927 4.697355e-25 0.019601524 3.353914e-05 0.18892112 8.175132e-06 0.00064311974 0.0006563046 0.1759182 0.2335079 4.1404695e-05 4.2262174e-05 0.37332332 0.0007558354 0.019051172 0.23381029 0.0002217795 0.23237823 7.215998e-05 0.00022341473 0.0028566772 0.00051386113 0.00015886094 7.311754e-05 0.26895097 0.21992174 0.00023949683 0.0001224527 0.00010607752 0.00037081225 7.825239e-05 0.0005430863 0.060136866 7.5363474e-05 2.9537143e-05 2.5821e-05 0.07084451 0.00037986925 5.4915792e-05 0.0014915387 0.00028685512 0.00010443344 0.0008392803 2.6164915e-05 0.011137829 6.719844e-05 0.0007015833 0.00023666982 0.0002468303 0.00066518335 0.00029973243 9.879184e-06 0.011279526 0.0008417792 3.5790596e-05 0.00041632485 0.00034865245 6.0285456e-06 0.00047538037 0.005045202 0.00039870298 2.0620524e-05 7.2376606e-05 8.7898125e-06 4.121246e-06 0.00181777 3.7421132e-06 8.124415e-05 4.296967e-06 5.3895965e-05 6.736148e-05 2.427218e-05 1.8943365e-05 4.522142e-05 5.2311966e-06 4.5703086e-06 2.3874983e-07 2.1069499e-07
0.5950388 0.00024715866 0.00010753313 4.8374295e-06 0.005398491 0.036581077 0.006485054 0.007360795 0.00894457 0.042867403 0.14205205 0.029624585 0.16896345 0.18468615 0.57977945 0.0025747442 0.21177737 0.24644004 2.925816e-05 4.6722755e-09 0.06495164 0.00038798986 0.55359536 0.041635137 0.019601524 1.598614e-19 0.0017546728 0.1608001 0.013646913 0.71049994 0.2729943 0.6239609 0.00011779282 0.054453105 5.9112634e-05 0.06593622 0.2752676 0.6651034 0.074340105 0.36344022 0.09151053 0.15497088 0.16351728 0.47332188 0.1831172 0.0011684562 0.1856782 0.0012425554 0.0100192195 0.11388179 0.0016322411 0.00014648473 0.2032093 0.11770421 0.0003276079 0.00019521157 0.19150329 0.05668625 0.00013074312 0.033015206 0.031290177 0.053184316 0.0055360864 0.076585695 0.059157435 0.015395928 0.06249003 0.00020838348 5.2771197e-06 0.018371033 0.0050141653 0.0050352686 0.0038616005 0.03739766 0.0049537257 0.0008142624 0.004687131 0.027347554 0.006462454 0.00030522468 0.0022715603 0.0023490768 0.0001950876 0.0011746571 0.0034544293 0.04098829 0.004049436 0.0012280518 0.10431144 0.0031220762 0.00054513593 0.0034427918 0.0033691758 0.0032018297 0.0013248213 0.0022412087 0.04858275 0.0005535038 0.0034406746 0.00025648723 1.8611013e-07
0.92191756 0.035181917 0.009803295 0.0007368503 0.009517705 0.33324876 0.0023798447 0.7081163 0.0006795111 0.0008182621 0.0068851705 0.000414441 0.017643467 0.012684042 0.0039699012 0.00036504632 0.022649247 0.0007945968 0.70028746 0.0358129 0.62676644 6.938684e-05 0.00040935195 3.4730252e-05 3.353914e-05 0.0017546728 3.2078752e-20 0.000101643556 0.6033229 0.009158421 0.0095686205 0.00030451673 4.7533456e-05 0.3189564 0.060366437 5.107899e-05 0.0011263799 0.00013293978 7.506285e-05 0.0012215015 3.937615e-05 0.012009844 0.0007295674 0.00029645782 0.00027930917 0.37488103 0.00035931755 5.4280612e-05 8.905972e-05 5.0653613e-05 0.7701685 0.0662108 0.0001393165 0.0011513595 0.07352123 2.3437597e-05 9.954023e-05 0.00012595707 0.21727921 9.607792e-05 1.888583e-06 0.00018751035 0.60331917 0.0070712785 0.0001416087 1.225632e-06 0.00015167554 2.5024174e-06 0.0032715474 0.38823053 2.8824516e-06 0.4090211 1.102008e-05 0.0023470793 0.000121133686 2.8373222e-06 0.4789557 1.9003664e-06 9.68185e-06 0.043966368 5.484655e-05 1.0677081e-06 9.707783e-08 0.17642581 8.2479765e-08 1.0568617e-05 2.3818393e-06 8.310971e-06 0.0014744669 9.486233e-06 4.2477623e-07 1.408412e-05 0.092826486 0.11353702 7.4252016e-06 1.9371087e-06 6.519677e-05 3.3438942e-06 3.6599092e-06 0.13549294 1.4614716e-08
0.0040619 0.00032096973 0.00011087204 2.636198e-05 0.009218183 0.008798699 0.011738272 0.00067031005 0.05882008 0.15469997 0.1582916 0.19145519 0.017963892 0.023036327 0.08112257 0.030302119 0.03205379 0.14297363 2.8524057e-05 3.3421788e-08 0.0021731511 0.013390797 0.6765305 0.22246316 0.18892112 0.1608001 0.000101643556 2.261484e-22 0.00019462322 0.07084456 0.016003577 0.73082954 0.0023231732 0.0005347409 2.436174e-05 0.31295538 0.01308682 0.13509111 0.48133406 0.032191303 0.2743901 0.0027391454 0.02403449 0.04427277 0.01448831 0.0007385035 0.040013455 0.022605129 0.053537004 0.04968794 5.581146e-05 0.00010574883 0.01759863 0.015349807 0.00026381135 0.0016092878 0.0033273762 0.012430658 9.797625e-05 0.19550914 0.00972862 0.000712237 0.00060931867 0.0006447538 0.00436596 0.009699059 0.0014230448 0.0019051317 8.651653e-07 0.00046918401 0.0017451172 0.00028507758 0.004929679 0.0008387726 0.00038520098 0.004021703 0.0004719768 0.0006619471 0.0040126503 3.3985598e-05 0.00016136664 0.0053199274 0.00064963097 0.00018653224 4.259669e-05 0.0008727072 0.00025607343 5.0323066e-05 0.0013492682 0.00023386569 0.0012699527 0.00028289386 0.00018770268 0.00023888666 8.4361236e-05 3.6246587e-05 0.0008001888 2.7788994e-05 2.6611291e-05 4.4779968e-06 1.6064954e-06
0.83928543 0.012118748 0.0069388472 0.0018993737 0.0038216307 0.17783113 0.0012691374 0.5425691 0.00063512963 0.00142825 0.010215673 0.0003761129 0.038565647 0.025104849 0.013389736 0.00031458098 0.057222676 0.0024389455 0.07091343 0.0014006172 0.6376879 5.780919e-05 0.0009025251 9.226718e-05 8.175132e-06 0.013646913 0.6033229 0.00019462322 1.4047499e-22 0.07382843 0.059344172 0.0012343241 0.00027972955 0.8148325 0.009965901 1.7147135e-05 0.035630737 0.0013626157 4.9622693e-05 0.018979967 0.00014140694 0.11687379 0.040661912 0.0035974088 0.018355442 0.060874905 0.00078489655 0.00011674626 1.470159e-05 8.095535e-05 0.46240276 0.008661523 0.0035902096 0.020974461 0.012902654 1.6789023e-05 0.014429128 0.0011582846 0.052557472 0.00010528313 0.00018870545 0.02036384 0.34619665 0.06939552 0.0029885843 0.00020198396 0.01214613 2.7635419e-05 0.0012192354 0.41564956 5.323545e-05 0.11566515 1.1216675e-06 0.031412363 0.0011276047 4.0130264e-05 0.3051067 0.000608466 1.0166086e-05 0.01217157 0.00018228214 1.1143369e-05 7.3178267e-06 0.070263766 0.00037664128 0.0029829508 0.0015576126 0.000802708 0.04801402 0.0008314697 2.5793384e-05 0.0012107987 0.2702768 0.28095624 0.00030325315 0.0012323416 0.005844739 3.8078422e-06 0.00044758327 0.025267255 2.3361466e-08
0.1936526 0.0076690316 0.0010505726 4.4765045e-05 0.008169066 0.03917244 0.009759262 0.034797896 0.011890659 0.054290883 0.07470632 0.016421713 0.06806966 0.073247835 0.10315402 0.0008238736 0.24252838 0.1411721 0.0010016826 5.4638036e-07 0.122165434 4.604355e-05 0.113289475 0.001994553 0.00064311974 0.71049994 0.009158421 0.07084456 0.07382843 6.7154836e-21 0.8224076 0.2156305 3.748262e-05 0.17575698 6.3291176e-05 0.0022317325 0.39568472 0.23474714 0.020279545 0.66138303 0.0081312675 0.3567174 0.5244841 0.26193053 0.4371085 0.0032044153 0.16147318 4.5431657e-06 1.9670968e-05 0.06436615 0.004279205 0.00029155114 0.21984845 0.32684368 0.00036751034 4.7228317e-05 0.16798356 0.11210472 0.00069210917 0.0014409015 0.017251184 0.086883575 0.0065931547 0.09940826 0.09336645 0.007679391 0.193238 1.8126517e-05 8.462949e-05 0.01488916 0.0057977284 0.004176182 6.005028e-05 0.062088266 0.018354196 3.333538e-05 0.0042532515 0.016182372 0.003455474 0.0012288332 0.007508588 3.523568e-05 1.0697052e-05 0.0027487413 0.0031943056 0.022710025 0.008695793 0.006975232 0.07745966 0.0071699666 6.255351e-05 0.008180522 0.013392336 0.011626717 0.0029062203 0.0029215252 0.02985385 0.00019265596 0.0020953594 0.000563208 8.6433104e-08
0.6973159 0.005266876 0.0015014912 0.00026635375 0.006373875 0.05315059 0.0029129228 0.037226245 0.0034579185 0.010906078 0.027138505 0.0041060797 0.08147841 0.07052419 0.104961835 0.0026376394 0.18352732 0.052543074 0.0012368646 2.3799932e-06 0.19642416 0.00016735223 0.035659853 0.0021376107 0.0006563046 0.2729943 0.0095686205 0.016003577 0.059344172 0.8224076 4.3835935e-19 0.072344415 9.445145e-05 0.19876505 0.00052852265 0.00077599427 0.798402 0.09236099 0.0052614114 0.27696845 0.004804298 0.85840535 0.27318737 0.071844585 0.21557257 0.001527075 0.03571412 1.3054795e-05 9.767305e-05 0.012327013 0.005833721 0.00017394875 0.05712603 0.17481862 0.0003506721 0.00015815967 0.2130872 0.02759985 0.00043863643 0.0012604534 0.0053643114 0.13872448 0.013645449 0.2389298 0.05464637 0.0016030737 0.11045817 8.069451e-05 0.00029819057 0.055041425 0.0010761983 0.005242299 1.4543633e-05 0.0869661 0.010652099 0.000120928125 0.01556839 0.010787194 0.00046162552 0.00042072847 0.00402167 2.8177765e-05 1.6537295e-05 0.0007058416 0.0023020492 0.027992235 0.003776261 0.0033118005 0.14357938 0.004695404 5.279443e-05 0.005171063 0.023191478 0.027733605 0.0010954717 0.0015726695 0.03275086 0.00014153296 0.0012424145 9.773548e-05 9.317797e-07
