2.8562496e-33 0.607466 0.55603397 0.38663572 0.4456351 0.8796798 0.64854974 0.28895676 0.08268556 0.9578982 0.3181788 0.5570706 0.9554929 0.09956865 0.104595535 0.0336338 0.96399575 0.20531029 0.014909686 0.024705948 0.0050741946 0.9133002 0.77816665 0.0054033324 0.009636515 0.13444804 0.0049460907 0.8759363 0.9389106 0.9111679 0.94447434 0.035900034 0.39037427 0.02350843 0.040693756 0.015898949 0.07306192 0.5591698 0.0046990365 0.008608548 0.52271193 0.8284223 0.6969666 0.56658167 0.0013287152 0.0041438662 0.90849894 0.0023904492 0.012613709 0.015570178 0.10408092 0.9966463 0.6621724 0.09381798 0.0007708811 0.0060787927 0.003986085 0.010014969 0.029417697 0.0016343937 0.3552537 0.0020232038 0.0009484596 0.17363255 0.0009340365 0.0120992325 0.0053650145 6.418109e-05 0.00026464037 1.3426646e-05 2.6112142e-05 0.9951277 0.9884733 3.757987e-05 1.961404e-05 0.0005669804 0.9842963 0.9949919 4.468633e-06 2.0368211e-06 0.14240699 0.99652106 1.2762814e-06 0.99693483 1.299923e-06 1.8814471e-07 0.9992545 9.796598e-05 9.672168e-08 8.577913e-08 0.011951887 1.6280116e-07 0.99508077 0.99890727 0.0010528374 8.966266e-05 0.004798489 6.429524e-08 0.9967803 0.99621505 0.96593875
0.607466 1.5947621e-22 0.035311457 0.11575426 0.65907115 0.6002522 0.699921 0.03301562 0.060310017 0.7830824 0.37736854 0.03030477 0.5355866 0.024992514 0.04882558 0.046604455 0.034807842 0.022206401 0.3106823 0.02526203 0.035602707 0.43274415 0.009874126 0.04681022 0.03163393 0.021161698 0.031561695 0.10143266 0.2606048 0.0795275 0.26198953 0.0068441033 0.005101349 0.0066384845 0.083187155 0.04303336 0.010180155 0.059795957 0.056039717 0.09762 0.041106164 0.0251664 0.0051784506 0.0101571325 0.010805975 0.057750557 0.050149314 0.035972312 0.003707255 0.0054425495 0.0014591133 0.36976817 0.0041116485 0.000879289 0.0064786803 0.008868833 0.00626912 0.0033219766 0.001167642 0.016575579 0.0013091938 0.0025777905 0.0024466435 0.0017262456 0.010870778 0.00081050175 0.0012740208 0.00024801248 0.00014485822 4.3575576e-05 0.00010652397 0.025070563 0.08111207 1.2548366e-05 1.1186215e-05 0.000720512 0.0059052464 0.0068989596 9.664516e-06 0.00019335281 0.0003430696 0.02402913 2.786444e-05 0.0033050312 0.00010494871 1.6185806e-05 0.0024019096 3.2363725e-05 3.7200185e-05 5.639144e-06 0.00019311896 1.1191881e-05 0.00061949133 0.0038659982 0.00019207569 0.0003810249 8.584604e-05 9.5910385e-05 0.013661823 0.0012862687 0.00038336526
0.55603397 0.035311457 2.291226e-21 0.8550536 0.015348929 0.17816032 0.0044673104 0.5196096 0.55717176 0.0111873085 0.120216735 0.34956932 0.07393979 0.09512714 0.48708868 0.21087843 0.381128 0.06679232 0.0037551746 0.08661852 0.10030289 0.068396896 0.08627776 0.08576684 0.119042754 0.045668796 0.08027544 0.076772295 0.044030096 0.08112849 0.039539564 0.016393658 0.019554509 0.01731123 0.19688879 0.00018892228 0.013101204 0.0011515929 0.0013493601 0.026989363 0.0006313483 0.023218304 0.0055584353 0.00012533984 4.2680575e-05 0.045263223 0.0005496584 0.02524394 0.0038226238 0.010194908 0.0018692402 0.03635453 0.0046160156 0.0026437575 0.030095961 4.6569196e-05 0.01360195 1.0848597e-05 1.5372591e-06 0.0026748998 0.0036491859 0.008156295 0.037817072 1.243821e-06 0.012849276 1.1886725e-06 0.0019853085 0.0038029249 0.00276815 0.00057378795 0.0042337086 0.0020266478 0.00084580516 3.9026752e-05 0.00024426685 0.0012401517 0.0038015218 0.0033515822 3.4723926e-05 3.1583838e-06 1.531975e-07 0.0032113832 2.777516e-07 0.002827582 1.0370119e-06 2.009929e-05 0.007331627 1.9798467e-06 1.8543407e-05 1.0157539e-05 0.0003145669 4.1487576e-05 0.0029051148 0.0033350484 0.00016935673 0.00032767505 0.00029232516 2.2588015e-06 0.00032256142 0.004960051 0.004174661
0.38663572 0.11575426 0.8550536 1.0927565e-22 0.03063267 0.365165 0.011984731 0.2018025 0.5876642 0.027922016 0.10322065 0.13800877 0.23863618 0.11491861 0.13501406 0.15618157 0.59140277 0.08090778 0.007108598 0.07001406 0.07188964 0.2617334 0.10663723 0.049112305 0.055065036 0.057732422 0.047752883 0.36749738 0.13152517 0.4606453 0.12147877 0.01704365 0.025223862 0.011479891 0.110067844 0.0014399242 0.019383993 0.0054656384 0.0030895087 0.024249284 0.0041485582 0.076002166 0.012991982 0.00031810038 0.0005154242 0.033627033 0.002710717 0.021056622 0.008441987 0.011603372 0.0032752934 0.112604946 0.006474888 0.0043968013 0.018334495 0.00014408391 0.0077573336 2.9931265e-05 6.1058936e-06 0.0036796348 0.003314785 0.0066181174 0.013796084 3.5261983e-06 0.006871526 2.5298004e-06 0.0029295867 0.0007351661 0.0016346376 6.764776e-05 0.00063001004 0.002832128 0.0007870752 7.649827e-06 7.93479e-05 0.0015114933 0.007090581 0.010658012 2.5938949e-05 1.4646341e-05 2.2691654e-06 0.0058647026 2.5005709e-06 0.011948002 7.5597954e-06 4.2848606e-05 0.019028 1.484144e-06 1.0518433e-05 7.807464e-06 0.0011134378 9.053673e-06 0.003610593 0.011451691 0.00030572928 0.00053441233 0.00072007376 1.1409231e-06 0.001667929 0.012619093 0.006818445
0.4456351 0.65907115 0.015348929 0.03063267 2.1425434e-22 0.24651079 0.8553764 0.014398804 0.021678217 0.38908762 0.6855871 0.011700424 0.22368635 0.006176808 0.034837857 0.021771185 0.009400484 0.0046010814 0.46375197 0.011153522 0.023488695 0.1340863 0.0020947647 0.0576428 0.019903412 0.0052242023 0.017898312 0.033364292 0.08850044 0.023315389 0.08825169 0.0016506199 0.0011775172 0.0022905718 0.087448046 0.028410934 0.0017998513 0.022016585 0.092267804 0.18182813 0.015085472 0.0068662725 0.0010666376 0.0032018467 0.0054574637 0.10626725 0.019405713 0.06686988 0.0009318997 0.00057868514 0.0001765683 0.10545807 0.0007633768 7.107255e-05 0.019346539 0.0039438806 0.0031677156 0.0011176581 0.00046562403 0.05299812 0.0002483377 0.00083740545 0.00606677 0.00078079227 0.036169767 0.00032438396 0.00016812295 0.0036881524 0.00021292719 0.0008773272 0.00047028245 0.0065485598 0.013587442 0.00037359766 2.5890755e-05 0.00010696069 0.0041629267 0.003385328 4.224767e-05 0.0002068433 0.00011993592 0.013070512 2.0187486e-05 0.0012372846 0.00012519039 4.221096e-06 0.0012149304 3.768948e-05 2.2177195e-05 8.873489e-06 6.2693953e-06 2.05276e-05 0.00015183748 0.0027836196 1.4421814e-05 2.9912519e-05 3.7949903e-06 0.0001438579 0.0041357474 0.0010783495 9.005781e-05
0.8796798 0.6002522 0.17816032 0.365165 0.24651079 1.5110147e-21 0.15755965 0.09117698 0.09886758 0.637639 0.46501184 0.098563455 0.7726015 0.048765324 0.14505476 0.09264591 0.3122972 0.03196483 0.052427404 0.057824757 0.06537609 0.4559112 0.024910105 0.09566008 0.0809082 0.02280166 0.059957445 0.2599606 0.30649644 0.24884526 0.25304 0.0077585476 0.0056527806 0.010985019 0.20802647 0.009695961 0.006185878 0.012208638 0.012520866 0.106346704 0.008291718 0.05574094 0.00862569 0.003016976 0.0018280223 0.08072343 0.014640316 0.03949501 0.0014755155 0.0049261847 0.0003399544 0.39238784 0.0068455487 0.0006013823 0.008863755 0.00040432462 0.007974258 0.00021215898 0.00015583851 0.00910157 0.003138522 0.0014466522 0.0073919417 0.0003158402 0.009316092 2.1451953e-05 0.00026777748 0.00022956925 0.00013932049 4.717358e-05 4.0352777e-05 0.026787385 0.0141487215 5.1250818e-06 6.472837e-06 0.0003546969 0.02448984 0.020872815 6.1006717e-06 1.05086865e-05 2.5730245e-05 0.031911176 1.1019359e-06 0.007968374 6.0717725e-06 3.0735491e-06 0.008111777 1.2817942e-05 3.613698e-06 2.858646e-06 9.7421595e-05 1.40998445e-05 0.0011193856 0.005526423 1.181316e-05 7.93072e-05 3.7506645e-05 1.2229438e-05 0.005007026 0.008405739 0.0012235447
0.64854974 0.699921 0.0044673104 0.011984731 0.8553764 0.15755965 2.127582e-22 0.0041340915 0.0065428233 0.6870583 0.4735947 0.00411807 0.19603778 0.0025947597 0.009308912 0.004766545 0.002225296 0.0012019309 0.5003218 0.0021060894 0.0060956045 0.11460806 0.00028081713 0.0088139335 0.003915903 0.0015523696 0.004695397 0.024145257 0.078867 0.01653825 0.07700411 0.00071999023 0.00015744423 0.0007785697 0.014626996 0.122047335 0.00056711637 0.03867649 0.09484795 0.09882507 0.03047296 0.0033324303 0.000363598 0.009725321 0.019468307 0.0448564 0.067603625 0.017946443 0.00037694225 0.0005251631 7.650904e-05 0.13347527 0.00027226273 1.8943148e-05 0.0016125349 0.010346456 0.00080360676 0.0041729654 0.0018839925 0.022309348 7.2220915e-05 0.0005034208 0.00053726207 0.0022734902 0.006801196 0.0006371541 8.6763255e-05 9.2291826e-05 6.756156e-05 5.176179e-05 8.422635e-05 0.009559417 0.019874675 4.9386683e-05 4.640594e-06 0.000115614355 0.0018836539 0.0016347343 9.467398e-06 0.00027260592 0.00081642094 0.011955353 2.3132288e-05 0.00038506932 0.00018426786 2.5077616e-06 0.0002947598 7.792947e-05 1.04288065e-05 2.8511233e-06 8.282874e-06 2.65159e-06 7.507731e-05 0.00080826296 7.981972e-06 3.2297186e-05 3.1708423e-06 0.00014288875 0.0080760615 0.00095388805 5.8705107e-05
0.28895676 0.03301562 0.5196096 0.2018025 0.014398804 0.09117698 0.0041340915 3.7735978e-24 0.712327 0.008248509 0.13356157 0.4838673 0.048653726 0.20083085 0.5366261 0.41581452 0.19637172 0.074453935 0.0030869446 0.120490886 0.14470203 0.03678607 0.071808025 0.098599724 0.12698287 0.051748663 0.10415137 0.049599763 0.023307495 0.042267356 0.018685644 0.013389654 0.021036863 0.013584858 0.16484188 0.00012869074 0.011782227 0.00060985703 0.0017695011 0.034305204 0.00031198168 0.011893829 0.003783631 3.319763e-05 4.974883e-05 0.04353226 0.00010033365 0.027359003 0.0022759936 0.0069835084 0.0012729338 0.016761739 0.0026463433 0.00088985614 0.033220284 2.7213016e-05 0.013440554 1.10174515e-05 6.440575e-07 0.0036075385 0.00063229667 0.010068852 0.044416506 5.5216697e-07 0.017243445 2.0472926e-06 0.0008358488 0.006057687 0.0059245294 0.00047152035 0.010482888 0.000372295 0.0012475937 2.1027468e-05 0.00016162555 0.0018375535 0.00033949272 0.00040989553 6.562992e-06 1.8977187e-06 3.2639525e-07 0.0019106523 1.4563453e-07 0.0007465179 4.0065333e-07 9.609621e-06 0.005846492 4.07665e-07 6.965851e-06 2.380243e-06 0.00016003485 3.055481e-05 0.0020337875 0.002986814 0.00013015444 0.00044667584 0.00010189241 7.172691e-07 0.00028029273 0.002218382 0.0008304732
0.08268556 0.060310017 0.55717176 0.5876642 0.021678217 0.09886758 0.0065428233 0.712327 5.0394328e-24 0.0068348376 0.06595149 0.47913152 0.08551797 0.37178776 0.24281147 0.3056312 0.19391209 0.16473027 0.0041988096 0.12940629 0.1183165 0.07356903 0.08587721 0.05222435 0.07129465 0.101587996 0.0767139 0.10040857 0.043518715 0.08774838 0.037884977 0.027188782 0.027757162 0.02388861 0.080385946 0.00031628 0.023992125 0.0021537342 0.001590191 0.022832673 0.0012268923 0.04167371 0.009999633 7.3802556e-05 4.8132493e-05 0.029124621 0.0007009349 0.020785421 0.0062926784 0.013746269 0.0032893983 0.029545462 0.0045227464 0.001968744 0.019271689 3.7408914e-05 0.013916903 1.1245857e-05 1.8696448e-06 0.0014276223 0.0017257938 0.0102633545 0.01745332 3.1065872e-06 0.006476771 2.941179e-06 0.0023908368 0.0007904828 0.0015492172 3.1338277e-05 0.0016493133 0.00052624726 0.0016442492 2.5776972e-06 1.31371235e-05 0.0009856048 0.0012179158 0.0009580741 1.5395464e-06 2.0285997e-06 2.3793714e-06 0.0024501788 3.7032294e-07 0.001681608 8.4906844e-07 4.06473e-06 0.0040738485 6.584882e-07 3.996049e-06 1.8762394e-06 0.0009994265 3.586602e-06 0.0028461765 0.0034917258 0.00013134626 0.00013591388 0.0003005416 4.5896687e-07 0.0015505349 0.005844326 0.0031308583
0.9578982 0.7830824 0.0111873085 0.027922016 0.38908762 0.637639 0.6870583 0.008248509 0.0068348376 2.5288127e-22 0.39013678 0.008094185 0.7105783 0.0029152266 0.023367539 0.008831612 0.012604005 0.0020635761 0.15893376 0.0067842198 0.008586561 0.39214486 0.0011729914 0.008080106 0.0074591734 0.0020273477 0.0072060856 0.05840836 0.3159545 0.04731286 0.29762998 0.0013726377 0.00024343893 0.002103127 0.018610256 0.02968689 0.0007187725 0.077283114 0.039027527 0.076345444 0.053645514 0.004536386 0.00064533914 0.008001297 0.004788745 0.029675262 0.124818705 0.009171109 0.00021582226 0.00044638498 2.8549664e-05 0.44966954 0.0007917277 1.721134e-05 0.0013436484 0.0056599583 0.0021157162 0.002080882 0.0011136257 0.008725174 0.00017194319 0.00057883776 0.00047128927 0.002394377 0.0030893113 0.00026123962 3.0366626e-05 1.8283412e-05 7.6639386e-05 5.8876867e-06 4.55959e-06 0.05610581 0.09777666 1.09913835e-05 1.004747e-06 0.00015918456 0.011817923 0.008581167 2.2433683e-06 8.045392e-05 0.00044478194 0.056273516 7.924139e-06 0.0034245881 5.1619867e-05 5.9640496e-07 0.005505153 4.805021e-05 3.0490346e-06 1.0159404e-06 6.3623143e-06 1.7239947e-06 0.00044053383 0.004738462 2.8550196e-06 9.648516e-05 8.3654495e-06 4.8312304e-05 0.026271608 0.005072651 0.00033247418
0.3181788 0.37736854 0.120216735 0.10322065 0.6855871 0.46501184 0.4735947 0.13356157 0.06595149 0.39013678 1.4438177e-22 0.14059885 0.21670797 0.040512815 0.3947121 0.20215319 0.08314491 0.030401299 0.68462825 0.10983561 0.1950905 0.11815442 0.012369573 0.5000858 0.19493005 0.028553031 0.16737336 0.046318807 0.084317684 0.03792996 0.07133641 0.013934766 0.01162792 0.01638334 0.59289 0.020433566 0.023578232 0.008574752 0.3571095 0.56560194 0.0052808304 0.018044533 0.0045200814 0.0048960415 0.0030335295 0.49461237 0.006198231 0.3806216 0.0041901646 0.006632286 0.0017160878 0.082344346 0.0019139256 0.0006612449 0.17834346 0.0062527386 0.02367409 0.00051277515 0.00033348624 0.20733385 0.0020283435 0.008723851 0.1499165 0.00034871747 0.2313675 0.0001113116 0.0005283961 0.052905582 0.0052073547 0.021211214 0.013342293 0.0048728576 0.017852524 0.0034350976 0.0036948184 0.0018054593 0.004047743 0.003222681 0.0014562143 0.00046306936 0.0001842146 0.014389428 4.075216e-05 0.0032746512 0.00032741303 3.6180725e-05 0.006598961 4.923315e-05 0.00010897734 5.462741e-05 2.3475357e-05 0.00012283855 0.003441799 0.009163297 9.058548e-05 0.0001320365 8.165626e-06 0.00023734181 0.0059477002 0.003947986 0.00070556055
0.5570706 0.03030477 0.34956932 0.13800877 0.011700424 0.098563455 0.00411807 0.4838673 0.47913152 0.008094185 0.14059885 6.386551e-23 0.04335813 0.61789495 0.49787483 0.38504237 0.2895192 0.51636714 0.004503724 0.45169392 0.2743 0.032936852 0.3620176 0.099329054 0.1985598 0.42309585 0.23986016 0.05997401 0.02958775 0.066340916 0.025896253 0.19568202 0.22548082 0.19751783 0.29210272 0.00017556871 0.16070524 0.00048729643 0.0024463309 0.042191986 0.00039553552 0.050370317 0.03650156 6.123169e-05 3.9862996e-05 0.06827236 0.00027718418 0.044866484 0.016872104 0.052203503 0.014839446 0.02800306 0.02702552 0.008993684 0.041308362 6.3971765e-06 0.058165595 4.994271e-06 4.861448e-07 0.0031049524 0.012015534 0.038523186 0.07173258 4.38062e-07 0.020249821 1.4432416e-06 0.009612683 0.005706874 0.016136449 0.00014075212 0.015881982 0.00028650928 0.00022135963 6.5362588e-06 8.264327e-05 0.011601905 0.00047898496 0.00053269224 6.6653843e-06 6.019632e-07 1.11202e-06 0.0022710003 3.3030393e-08 0.0016549033 9.970349e-08 3.1001247e-05 0.013154068 1.8925613e-07 3.661016e-06 2.114387e-06 0.001964285 6.729335e-05 0.009518 0.0047017215 0.0008161376 0.0025502795 0.000659219 2.4641056e-07 0.0003317002 0.0053643114 0.005195098
0.9554929 0.5355866 0.07393979 0.23863618 0.22368635 0.7726015 0.19603778 0.048653726 0.08551797 0.7105783 0.21670797 0.04335813 1.306882e-20 0.029410418 0.051480718 0.042726602 0.19218244 0.023477213 0.044562723 0.017267702 0.020492325 0.6902195 0.015114618 0.021205679 0.018068 0.01504269 0.015123573 0.26709905 0.53156596 0.22319742 0.4960909 0.0045775822 0.0046499707 0.0033852344 0.030701706 0.011382008 0.00664153 0.02854522 0.008652281 0.029493354 0.01706031 0.049929615 0.0074784476 0.0058763595 0.004092608 0.019739242 0.028532699 0.008195984 0.0020031151 0.004447741 0.0006602952 0.65536886 0.0062448788 0.00068874157 0.0010055451 0.0015752512 0.002856052 0.0010306266 0.00042847625 0.0026540973 0.0014775699 0.0021980894 0.00090913847 0.00091203896 0.0016398455 0.00017860226 0.00066438806 2.5065361e-05 0.00023599975 5.6822396e-06 3.7771664e-05 0.032282703 0.05570919 4.3101904e-06 3.5625653e-06 0.00080213783 0.023492618 0.024468647 3.8321223e-06 3.7271137e-05 0.00014162976 0.03731049 8.741794e-06 0.012448215 3.526977e-05 1.0062866e-05 0.006618758 8.655594e-06 2.5531348e-05 5.5157725e-06 0.00028053368 6.552355e-06 0.0009917382 0.007825781 9.2929666e-05 0.00029662577 0.0001114987 2.6961929e-05 0.019701494 0.0062631387 0.0012842813
0.09956865 0.024992514 0.09512714 0.11491861 0.006176808 0.048765324 0.0025947597 0.20083085 0.37178776 0.0029152266 0.040512815 0.61789495 0.029410418 1.6695616e-24 0.13272528 0.17404862 0.17428811 0.5048419 0.0017962658 0.28629884 0.1414773 0.03239002 0.2384785 0.03209116 0.07809765 0.41708326 0.11050512 0.065425985 0.020410506 0.061430763 0.018248836 0.11095267 0.13716565 0.11939345 0.09222157 0.00012259805 0.07263135 0.0005692149 0.0008196816 0.014169922 0.000522084 0.061016273 0.021655023 6.782288e-05 1.9297768e-05 0.015944941 0.000213059 0.011426676 0.018265316 0.028330555 0.009252272 0.020274892 0.012515356 0.0060501555 0.011840281 8.599743e-06 0.034220073 3.841233e-06 2.8448534e-07 0.0003801915 0.006100042 0.019429592 0.015586505 4.7852427e-07 0.0035879898 2.5279987e-06 0.0075651905 0.00056785834 0.0058198767 2.014408e-05 0.0040513384 0.00021971557 0.00020833481 3.4174514e-06 1.3088504e-05 0.005823179 0.0005009486 0.00050827645 9.3540876e-07 7.71188e-07 2.3104872e-06 0.0021634633 1.0486391e-07 0.0014537816 2.775697e-07 4.4113226e-06 0.005391931 6.268973e-07 2.8070197e-06 8.250538e-07 0.0018677611 5.2929613e-06 0.0070021884 0.0031447269 0.0007782286 0.00078946835 0.00055214524 2.4942176e-07 0.00039463615 0.006833883 0.0034864338
0.104595535 0.04882558 0.48708868 0.13501406 0.034837857 0.14505476 0.009308912 0.5366261 0.24281147 0.023367539 0.3947121 0.49787483 0.051480718 0.13272528 1.0695123e-24 0.68574935 0.14372365 0.07639583 0.012647592 0.26123902 0.4976601 0.033577066 0.06346019 0.5439093 0.5290916 0.051687084 0.44352764 0.03240236 0.016998734 0.02526684 0.012277825 0.019667033 0.025216833 0.02712878 0.5389505 0.00037167702 0.024089433 0.002069299 0.010648148 0.10996963 0.0013704821 0.012136155 0.004086405 0.00034962306 0.00013804935 0.17508337 0.00059425214 0.13520488 0.0029317054 0.01104772 0.0027570585 0.008104914 0.0018936258 0.0012875244 0.18539457 0.00026129594 0.037216254 8.58901e-05 1.0563085e-05 0.020693008 0.0014954484 0.028730722 0.18539688 1.7210028e-05 0.09454611 1.869307e-05 0.0012260706 0.05287818 0.015627205 0.008761154 0.042126913 0.00066936814 0.0011024848 0.00043838925 0.01067806 0.005449153 0.0004926838 0.0004255345 0.0002746856 3.247184e-05 5.345566e-06 0.0020094078 2.9845198e-06 0.0015139792 1.30089975e-05 0.00034415326 0.0077855457 6.3356306e-06 8.626442e-05 5.0061135e-05 0.0006130131 0.0009414924 0.004277864 0.0048428555 0.00041714413 0.001881128 0.00032381495 1.7244693e-05 0.00021397736 0.005283027 0.0008474192
0.0336338 0.046604455 0.21087843 0.15618157 0.021771185 0.09264591 0.004766545 0.41581452 0.3056312 0.008831612 0.20215319 0.38504237 0.042726602 0.17404862 0.68574935 5.094809e-25 0.12480891 0.109805174 0.00755429 0.43655288 0.47842807 0.03160086 0.07764701 0.3251583 0.4203216 0.08568523 0.40565908 0.05660973 0.01888383 0.048874505 0.014523865 0.030823119 0.03140002 0.03734834 0.37522462 0.0001971673 0.023140885 0.0006622783 0.003345451 0.062455863 0.00060307916 0.02034827 0.004968075 0.00020600013 3.6964837e-05 0.0851098 0.0002549095 0.073261455 0.0040746043 0.0142566245 0.0025051956 0.010903073 0.0026876235 0.0013909878 0.092603914 3.6215108e-05 0.035534594 2.065865e-05 1.3925683e-06 0.0035784983 0.0015013838 0.024590002 0.09163579 1.4699857e-06 0.035582926 6.218441e-06 0.0011668588 0.01628097 0.008877612 0.0011891301 0.021039417 0.00024374513 0.00023059151 4.1219362e-05 0.00024571776 0.0038549001 0.00037648098 0.00034224463 1.2862098e-05 3.5153328e-06 2.0834234e-06 0.0012682546 2.9446184e-07 0.000883242 8.6789646e-07 1.5086614e-05 0.0030929742 1.5348187e-06 1.08868735e-05 2.2059946e-06 0.0004171752 1.3194241e-05 0.001560558 0.002614072 0.00029328768 0.00047101948 0.00018570424 5.158768e-07 9.095122e-05 0.0026801636 0.00048700444
0.96399575 0.034807842 0.381128 0.59140277 0.009400484 0.3122972 0.002225296 0.19637172 0.19391209 0.012604005 0.08314491 0.2895192 0.19218244 0.17428811 0.14372365 0.12480891 4.4417726e-17 0.23598576 0.0004407752 0.1608876 0.08143942 0.21680517 0.4629081 0.02546612 0.061899424 0.20569824 0.062484622 0.50288796 0.1203719 0.5049591 0.11711041 0.071946524 0.18090005 0.0634997 0.08552935 0.00020979784 0.06872943 0.00092140737 0.00018894515 0.0036339574 0.00038470887 0.3573159 0.09938992 5.2605257e-05 7.595788e-05 0.0076854834 0.00042215065 0.0022363698 0.03277716 0.044296023 0.017429808 0.15560804 0.05539652 0.020351803 0.0043135015 7.6108086e-06 0.02209606 9.129287e-06 4.867555e-06 0.0006717765 0.03470548 0.009927091 0.0093894815 1.6450977e-06 0.0013625664 2.0372872e-06 0.006552924 0.00019434333 0.0028739676 2.151389e-05 0.000349806 0.009238033 0.00062392565 5.5602536e-06 2.4171399e-05 0.0025544334 0.04997412 0.078925215 4.8594197e-06 3.6578333e-06 7.315098e-08 0.014438592 8.2760863e-07 0.12747912 2.5366135e-06 1.6354656e-05 0.22561802 4.372314e-05 2.5989684e-05 4.2870943e-06 0.004037305 2.125635e-05 0.023210267 0.08553675 0.0005822649 0.0018935617 0.0020144454 5.6445465e-06 0.0023949274 0.22836928 0.0991037
0.20531029 0.022206401 0.06679232 0.08090778 0.0046010814 0.03196483 0.0012019309 0.074453935 0.16473027 0.0020635761 0.030401299 0.51636714 0.023477213 0.5048419 0.07639583 0.109805174 0.23598576 9.187762e-23 0.00088582793 0.29973337 0.11439516 0.027222825 0.45155296 0.012571922 0.059575964 0.6435554 0.09230134 0.070342615 0.015944818 0.06803359 0.01664434 0.22655691 0.3966079 0.21378173 0.07530873 9.54688e-05 0.16589202 0.00035344015 0.00060380565 0.011329814 0.00037210298 0.10498083 0.04563173 3.6673326e-05 1.3932666e-05 0.011187965 5.5145978e-05 0.00521923 0.03420096 0.04399814 0.028800664 0.016102223 0.02737178 0.015685482 0.007323401 6.9034804e-06 0.04515924 1.4583752e-06 2.2735419e-07 0.00032310543 0.018174276 0.025075356 0.014000123 2.0542795e-07 0.0031707443 1.8279934e-06 0.0136324745 0.0004435497 0.0056717102 9.533311e-06 0.0024161465 6.0841397e-05 2.9913546e-05 2.5742356e-06 9.425542e-06 0.005864476 0.00018591386 0.00030677105 1.119982e-06 3.3803286e-07 7.3315e-07 0.0011916304 2.5137114e-08 0.0017440008 5.972482e-08 3.1590919e-06 0.0072417823 4.2055075e-07 1.2673665e-06 7.1170894e-07 0.0026143165 5.0130384e-06 0.012742395 0.0032837302 0.0013752419 0.00131223 0.0009976799 7.94466e-08 9.168606e-05 0.0055595883 0.007595698
0.014909686 0.3106823 0.0037551746 0.007108598 0.46375197 0.052427404 0.5003218 0.0030869446 0.0041988096 0.15893376 0.68462825 0.004503724 0.044562723 0.0017962658 0.012647592 0.00755429 0.0004407752 0.00088582793 1.089301e-24 0.0038589663 0.0095609 0.04415682 0.00021894102 0.034405097 0.005074502 0.0011094989 0.006225752 0.012129542 0.0147919925 0.006622171 0.015282185 0.00053658715 0.00015073463 0.000571132 0.020963797 0.16980174 0.0006488137 0.017328318 0.571316 0.43811363 0.012751464 0.0030130558 0.00053535326 0.006973306 0.01935321 0.12297049 0.0128002055 0.08839222 0.00051743136 0.00047328725 0.00013415107 0.013928078 0.00019264953 2.8062503e-05 0.026525896 0.07502332 0.0008798879 0.00919226 0.0012592634 0.22975378 0.00014608113 0.0011387285 0.009255061 0.0014958042 0.049665805 0.000749507 0.0001326084 0.0032845754 0.00013665576 0.00090559106 0.0011200253 0.002470048 0.0204551 0.0017648716 4.7704387e-05 0.00020780916 0.00031515813 0.00022937535 3.2650856e-05 0.0004133222 0.00051702146 0.0107083535 3.427627e-05 4.495911e-05 0.00013875483 4.934462e-06 1.4532876e-05 4.2912274e-05 1.2312855e-05 1.6601884e-06 8.762152e-06 2.07219e-06 4.1010528e-05 0.00013488512 4.9322487e-05 6.141093e-05 7.0569413e-06 5.71509e-05 0.0026256791 2.9282724e-05 4.7494054e-06
0.024705948 0.02526203 0.08661852 0.07001406 0.011153522 0.057824757 0.0021060894 0.120490886 0.12940629 0.0067842198 0.10983561 0.45169392 0.017267702 0.28629884 0.26123902 0.43655288 0.1608876 0.29973337 0.0038589663 3.3096087e-24 0.5084584 0.016029315 0.1776047 0.09808637 0.37130317 0.38514775 0.45656794 0.048418462 0.00862815 0.03698623 0.00813749 0.34859708 0.1852687 0.36634305 0.3078578 0.00011483931 0.22042716 0.00055142876 0.0016508522 0.045474585 0.0004918343 0.047282003 0.0241896 6.717588e-05 1.576267e-05 0.06456971 0.0001074085 0.04799988 0.027221022 0.057107467 0.019115122 0.0064229285 0.0104199005 0.0074940687 0.055307347 3.7473449e-06 0.10558159 2.5222241e-06 2.5201936e-07 0.0021118356 0.009640835 0.07187161 0.0928497 3.3171548e-07 0.016904484 1.4246367e-06 0.008700426 0.01211467 0.02914126 0.00078786036 0.030696636 6.577413e-05 2.0141391e-05 3.6990263e-05 0.0001741428 0.018988056 0.00037666192 0.0004545573 1.0841522e-05 2.6322502e-06 6.047591e-07 0.0006673844 2.7473993e-07 0.001055037 4.5209518e-07 4.8767062e-05 0.0029854923 7.7601885e-07 1.1147621e-05 1.989473e-06 0.0012451967 3.5097102e-05 0.0032544448 0.0027292666 0.0014891679 0.003994097 0.00029064837 8.631976e-08 4.2904623e-05 0.003254226 0.002573843
0.0050741946 0.035602707 0.10030289 0.07188964 0.023488695 0.06537609 0.0060956045 0.14470203 0.1183165 0.008586561 0.1950905 0.2743 0.020492325 0.1414773 0.4976601 0.47842807 0.08143942 0.11439516 0.0095609 0.5084584 1.1541892e-23 0.012696586 0.08578312 0.38066924 0.6352957 0.13903996 0.64576167 0.029292092 0.010210248 0.02429723 0.008905718 0.093114465 0.055719506 0.113431774 0.53698987 0.00034879067 0.07280289 0.0023137343 0.004939496 0.07859826 0.0026690452 0.020005053 0.0057658576 0.00077639165 3.5270914e-05 0.12290642 0.0012419495 0.10636754 0.0077689025 0.026026858 0.007031686 0.0057092393 0.0028732577 0.002855965 0.12195946 1.5967818e-05 0.08548434 3.842767e-05 2.3753719e-06 0.008012101 0.003994985 0.055904325 0.1401603 1.0391687e-05 0.045163956 8.554516e-06 0.0033439514 0.029255692 0.024116714 0.004295177 0.047957696 0.00028537732 6.2954e-05 0.00024499075 0.00078336126 0.01168186 0.0004164674 0.00045168004 5.428703e-05 2.2206319e-05 1.6025928e-05 0.0010967114 3.1077013e-06 0.00078807445 4.880468e-06 0.00012700175 0.0021487398 7.3701653e-06 3.1943604e-05 1.0191927e-05 0.00069734413 0.00012387852 0.0021926113 0.0022098438 0.000843513 0.002586963 0.00023703891 3.7618696e-07 4.8594597e-05 0.0024211162 0.0008197188
0.9133002 0.43274415 0.068396896 0.2617334 0.1340863 0.4559112 0.11460806 0.03678607 0.07356903 0.39214486 0.11815442 0.032936852 0.6902195 0.03239002 0.033577066 0.03160086 0.21680517 0.027222825 0.04415682 0.016029315 0.012696586 6.3542375e-21 0.026280817 0.017193329 0.014803077 0.022795588 0.010296192 0.37945867 0.7360151 0.30033427 0.6699238 0.008867458 0.009214193 0.007838393 0.022218157 0.010230116 0.013215656 0.008719759 0.0057352097 0.020244472 0.006054453 0.073277965 0.019216718 0.004079118 0.0020967736 0.016992962 0.009409104 0.009081961 0.0054293224 0.00997857 0.0025158678 0.4753993 0.0062325657 0.0025099064 0.00062736025 0.0017073053 0.005728197 0.0007702711 0.0002615622 0.003359209 0.004030159 0.005240017 0.0010321551 0.00063173793 0.0015715547 0.00022065314 0.0013820359 5.7615398e-05 0.00060299714 3.344897e-05 5.269684e-05 0.0073015457 0.012814533 8.003662e-05 3.5478e-06 0.0004533698 0.004744872 0.008584883 3.7051886e-06 6.13301e-05 0.00017504842 0.009532766 4.328412e-05 0.0078617465 0.00012598434 0.00014373107 0.0047102734 2.3952276e-05 0.00014773826 1.096387e-05 0.0016110416 4.0025734e-05 0.0013036432 0.005256303 0.00011024858 0.0007013335 0.0005196882 0.00014029807 0.01855744 0.0074804025 0.0025617667
0.77816665 0.009874126 0.08627776 0.10663723 0.0020947647 0.024910105 0.00028081713 0.071808025 0.08587721 0.0011729914 0.012369573 0.3620176 0.015114618 0.2384785 0.06346019 0.07764701 0.4629081 0.45155296 0.00021894102 0.1776047 0.08578312 0.026280817 2.4396803e-18 0.006627244 0.047357764 0.4854893 0.0676045 0.121406995 0.01686743 0.14109023 0.018083723 0.22000551 0.6577265 0.21652472 0.055375718 0.0001013495 0.21691822 0.00018918117 0.0001913057 0.005254487 9.232985e-05 0.3707895 0.23339051 8.470099e-06 2.1283207e-05 0.004503215 1.091413e-05 0.0015780749 0.14301364 0.12772462 0.11208665 0.032186612 0.16437037 0.09191973 0.002358678 4.4982467e-06 0.06935946 1.413383e-06 2.7624117e-07 0.00053290493 0.09308593 0.04335903 0.009502142 1.2990722e-07 0.0018768954 3.5515012e-07 0.049424395 0.00034102285 0.006240351 1.1816226e-05 0.0031580348 0.00025431972 1.5057563e-05 9.704614e-07 3.3136832e-05 0.016245361 0.0020426258 0.0029518867 8.616711e-06 1.5562546e-07 1.8828345e-07 0.0015240059 3.513868e-08 0.007965938 7.8599385e-08 1.1839179e-05 0.07578899 1.6919643e-06 6.3047185e-07 8.478305e-07 0.013496891 7.4407253e-06 0.08341041 0.010513133 0.004779661 0.0061411955 0.007179717 1.5687326e-07 0.00018050417 0.024244763 0.12053938
0.0054033324 0.04681022 0.08576684 0.049112305 0.0576428 0.09566008 0.0088139335 0.098599724 0.05222435 0.008080106 0.5000858 0.099329054 0.021205679 0.03209116 0.5439093 0.3251583 0.02546612 0.012571922 0.034405097 0.09808637 0.38066924 0.017193329 0.006627244 8.2005794e-25 0.44267455 0.008619067 0.33898827 0.015459164 0.007803534 0.010635503 0.008644549 0.0045860484 0.0033242505 0.0071111717 0.58033603 0.00068567187 0.004776079 0.002094745 0.023740318 0.20569937 0.0014049542 0.006388931 0.0012092893 0.0003365035 0.0001461515 0.29510304 0.0011507827 0.2616613 0.0007634158 0.0027466791 0.0002616518 0.005286645 0.00064327155 0.00010085457 0.31157023 0.00016710264 0.019605145 3.7301932e-05 2.6627274e-06 0.03838185 0.0006380321 0.011468571 0.19922738 6.9929088e-06 0.13092321 8.902037e-06 0.000117099844 0.071445614 0.0074755633 0.012227654 0.0275055 0.0002079283 0.00037810442 0.002235248 0.006512109 0.00046795516 7.169512e-05 2.2392376e-05 0.0006655222 9.707382e-05 8.51889e-06 0.0010070633 2.8754641e-06 4.963216e-05 2.1837599e-05 0.0001069714 0.00053134846 2.7862566e-06 0.000112863694 7.359802e-05 7.2442825e-05 0.00016313726 0.00040906278 0.00065760117 3.848683e-05 9.0667425e-05 2.3196619e-05 1.0366872e-05 0.00015860828 4.4958255e-05 1.1091374e-05
0.009636515 0.03163393 0.119042754 0.055065036 0.019903412 0.0809082 0.003915903 0.12698287 0.07129465 0.0074591734 0.19493005 0.1985598 0.018068 0.07809765 0.5290916 0.4203216 0.061899424 0.059575964 0.005074502 0.37130317 0.6352957 0.014803077 0.047357764 0.44267455 1.7002182e-25 0.069227375 0.6336958 0.02250053 0.0091163805 0.018579166 0.00943581 0.04095067 0.028039822 0.060875487 0.5382142 9.6667514e-05 0.03536888 0.0012215021 0.0041566133 0.09325823 0.0013270562 0.014049771 0.0039729727 0.00017119464 1.630804e-05 0.13606423 0.00025001247 0.12550628 0.0031045424 0.012852823 0.0025369157 0.0048392406 0.0018568821 0.0007982638 0.14512622 8.652482e-06 0.07410832 1.930546e-05 7.4588166e-07 0.00985744 0.0016700459 0.043276828 0.17383769 2.147454e-06 0.06313646 3.4648983e-06 0.00069832243 0.052317034 0.02056033 0.0060820286 0.049055364 0.00018059129 0.00021166584 0.00044994912 0.0037932121 0.0061007463 0.00027261555 0.0002425868 0.00019656784 1.7736851e-05 1.3713264e-06 0.00092584547 1.2417362e-06 0.00079630065 2.6884065e-06 0.0003472228 0.0023856484 3.498467e-06 5.3328746e-05 1.3565172e-05 0.0001524069 0.00022927388 0.0010682878 0.0024575084 0.0004503097 0.0020685582 0.00012747559 8.518723e-07 3.5137895e-05 0.002245813 0.00017266834
0.13444804 0.021161698 0.045668796 0.057732422 0.0052242023 0.02280166 0.0015523696 0.051748663 0.101587996 0.0020273477 0.028553031 0.42309585 0.01504269 0.41708326 0.051687084 0.08568523 0.20569824 0.6435554 0.0011094989 0.38514775 0.13903996 0.022795588 0.4854893 0.008619067 0.069227375 7.489974e-22 0.10611726 0.059150834 0.014190092 0.05371632 0.013619349 0.45762563 0.5984456 0.4417068 0.06448684 0.00025536597 0.4125742 0.000794989 0.0011004233 0.0138446195 0.0007053517 0.11526067 0.066094734 6.040853e-05 3.363171e-05 0.01024311 0.00015240531 0.0053195944 0.07140994 0.09810167 0.065772 0.008335566 0.039828494 0.036630027 0.0064011007 1.3541737e-05 0.078716 1.5687633e-06 8.432785e-07 0.00033539862 0.029051775 0.039359625 0.016294733 7.249327e-07 0.0023178046 4.434103e-06 0.031153575 0.0004709759 0.007743486 2.7897573e-05 0.0031502305 7.900992e-05 2.0923011e-05 6.2868658e-06 1.1827962e-05 0.011549478 0.0002463917 0.00045889948 1.4490436e-06 2.0130626e-06 2.1531632e-06 0.000793178 1.8849529e-07 0.0025910665 6.2279634e-07 7.4175573e-06 0.0068370835 2.7372087e-06 6.440369e-06 1.7346437e-06 0.0041987733 1.6869979e-05 0.014177072 0.0044804 0.0028844278 0.0029397854 0.0019791673 3.283459e-07 3.5516983e-05 0.006671064 0.009791382
0.0049460907 0.031561695 0.08027544 0.047752883 0.017898312 0.059957445 0.004695397 0.10415137 0.0767139 0.0072060856 0.16737336 0.23986016 0.015123573 0.11050512 0.44352764 0.40565908 0.062484622 0.09230134 0.006225752 0.45656794 0.64576167 0.010296192 0.0676045 0.33898827 0.6336958 0.10611726 1.0935649e-23 0.020081509 0.0075022783 0.016865203 0.0069668284 0.08105487 0.050061665 0.09954164 0.5248399 0.00021510533 0.06343975 0.001530471 0.0039494806 0.07547537 0.0019512567 0.016733771 0.004536282 0.00047432273 2.1536345e-05 0.10947216 0.0008789972 0.10038782 0.006046245 0.021123681 0.005292346 0.004380585 0.0019905572 0.0019516671 0.11958523 8.955238e-06 0.08614402 2.7893739e-05 1.0375223e-06 0.008220211 0.0029828683 0.055003043 0.14586404 5.3829517e-06 0.045729924 5.7089146e-06 0.002214498 0.03548561 0.025560666 0.0040320214 0.052974865 0.00024621998 5.6029305e-05 0.00033363322 0.0015694975 0.012014823 0.00037697243 0.00036413604 7.959104e-05 1.8129871e-05 7.504678e-06 0.001031517 1.91063e-06 0.0007446454 3.0683743e-06 0.00022365988 0.0022060117 5.750037e-06 2.561747e-05 1.0118054e-05 0.00039899853 0.0001633303 0.0018247076 0.002160172 0.0007296082 0.002891677 0.00014308936 2.2743139e-07 4.2842436e-05 0.0024845258 0.0005429765
0.8759363 0.10143266 0.076772295 0.36749738 0.033364292 0.2599606 0.024145257 0.049599763 0.10040857 0.05840836 0.046318807 0.05997401 0.26709905 0.065425985 0.03240236 0.05660973 0.50288796 0.070342615 0.012129542 0.048418462 0.029292092 0.37945867 0.121406995 0.015459164 0.02250053 0.059150834 0.020081509 1.7516774e-22 0.15243533 0.88228065 0.14598624 0.023608204 0.03040662 0.019099694 0.018200919 0.0043706596 0.020268172 0.0038000208 0.002151735 0.008704255 0.0031569838 0.20749035 0.03550372 0.0009466428 0.00047032794 0.008874158 0.0035467348 0.004456668 0.016767232 0.010216349 0.0054544536 0.24573004 0.017253717 0.013809102 0.00083557185 0.00062040833 0.0071197315 0.00028110787 4.7925318e-05 0.0009049776 0.014771538 0.0030488663 0.0013995771 4.9428058e-05 0.0010235897 8.033524e-05 0.0029099588 8.152939e-05 0.00036122388 5.3612373e-05 4.1456216e-05 0.00701173 0.0020981787 0.0002090475 5.769945e-06 0.00059496035 0.01842311 0.027300667 7.6099745e-06 1.5060092e-05 8.056998e-06 0.012208888 2.1411444e-05 0.036817625 2.1256554e-05 5.580603e-05 0.017855784 2.9555344e-05 0.00014250106 1.0573528e-05 0.0034826486 3.4225766e-05 0.01082914 0.018043835 0.00035307615 0.001037703 0.002112985 7.3691925e-05 0.004938132 0.047795583 0.042716496
0.9389106 0.2606048 0.044030096 0.13152517 0.08850044 0.30649644 0.078867 0.023307495 0.043518715 0.3159545 0.084317684 0.02958775 0.53156596 0.020410506 0.016998734 0.01888383 0.1203719 0.015944818 0.0147919925 0.00862815 0.010210248 0.7360151 0.01686743 0.007803534 0.0091163805 0.014190092 0.0075022783 0.15243533 7.503218e-21 0.14163044 0.7994559 0.004708776 0.0051057907 0.003136701 0.0073426575 0.0051535238 0.0053573507 0.005258976 0.0013625826 0.005538851 0.0033909683 0.037710197 0.008394548 0.0027190412 0.0008328983 0.004219738 0.0071370634 0.0014412245 0.0022088273 0.0025663343 0.0006644235 0.38644335 0.003764711 0.00067271537 0.00018441904 0.0005988992 0.0014801411 0.00047559032 0.00018474858 0.00059820845 0.0020593484 0.0016308165 0.00032924948 0.0006394938 0.00029981392 0.00014911183 0.00039007145 1.1888612e-05 0.0003816135 7.030448e-06 2.8629634e-05 0.0093177315 0.017133405 2.9574716e-05 2.6050295e-06 0.0003457013 0.004093799 0.006509765 3.7502696e-06 7.1711083e-06 9.587637e-05 0.009095561 5.3558074e-06 0.0067323106 7.409921e-06 1.0686826e-05 0.003812148 5.111439e-06 1.7813898e-05 3.5522517e-06 0.0005569958 8.169817e-06 0.0020023033 0.0038432125 1.3904154e-05 0.00013316298 0.00022427716 2.4576964e-05 0.016907452 0.011577026 0.003656852
0.9111679 0.0795275 0.08112849 0.4606453 0.023315389 0.24884526 0.01653825 0.042267356 0.08774838 0.04731286 0.03792996 0.066340916 0.22319742 0.061430763 0.02526684 0.048874505 0.5049591 0.06803359 0.006622171 0.03698623 0.02429723 0.30033427 0.14109023 0.010635503 0.018579166 0.05371632 0.016865203 0.88228065 0.14163044 4.0660386e-20 0.13776322 0.018196594 0.030381104 0.013752924 0.017517362 0.0024530604 0.014793995 0.0029194125 0.0015095142 0.006340073 0.0022455505 0.17888172 0.033472657 0.00085057603 0.0007157839 0.007119952 0.0021589538 0.003239833 0.013037403 0.008625049 0.0040251235 0.23605217 0.015709028 0.011961106 0.0009064551 0.00061771553 0.006309023 0.00033114705 6.036419e-05 0.0013036507 0.014340753 0.003085854 0.0013377152 4.2149513e-05 0.0010250629 0.000101152895 0.0028857582 7.6734825e-05 0.0005593124 3.0021461e-05 5.6368404e-05 0.009338731 0.0034124686 0.000111178146 1.3189509e-05 0.001191627 0.02257956 0.031450264 1.9901478e-05 1.2454631e-05 1.0732971e-05 0.016016852 1.6033724e-05 0.03807041 1.7173317e-05 2.9576435e-05 0.023480186 2.6141071e-05 9.016832e-05 1.19146725e-05 0.003255649 2.9423447e-05 0.014684796 0.021056337 0.00048587227 0.0010034285 0.0027735312 4.958121e-05 0.0076271947 0.055280823 0.055088833
0.94447434 0.26198953 0.039539564 0.12147877 0.08825169 0.25304 0.07700411 0.018685644 0.037884977 0.29762998 0.07133641 0.025896253 0.4960909 0.018248836 0.012277825 0.014523865 0.11711041 0.01664434 0.015282185 0.00813749 0.008905718 0.6699238 0.018083723 0.008644549 0.00943581 0.013619349 0.0069668284 0.14598624 0.7994559 0.13776322 6.40525e-20 0.0048563024 0.006028865 0.0028844608 0.0087610865 0.0062053585 0.005655207 0.006901006 0.0014318961 0.0048089162 0.004676266 0.04305248 0.010418321 0.0031376258 0.0010230877 0.003003154 0.0085677365 0.0013702188 0.002373562 0.003103339 0.000670295 0.4441792 0.0048927367 0.0008139965 0.00025732443 0.0007217888 0.0018235439 0.00065932714 0.00033069606 0.0009195266 0.0029393171 0.0014781443 0.00036263146 0.0010032682 0.00047747223 0.0002386241 0.00047639242 2.1376067e-05 0.0003932607 8.0596255e-06 3.8322785e-05 0.01060264 0.019843558 3.0764044e-05 6.072694e-06 0.00049251906 0.0054936726 0.0076095574 6.3926514e-06 1.1853257e-05 0.00018162656 0.010344552 6.8670374e-06 0.0081933895 9.6341855e-06 1.9311059e-05 0.0051688734 7.0679334e-06 1.8067767e-05 5.161211e-06 0.0009189257 1.4374566e-05 0.0030545865 0.004847638 1.7423175e-05 0.00022852751 0.0005682983 3.5102126e-05 0.023993418 0.016216757 0.0073690168
0.035900034 0.0068441033 0.016393658 0.01704365 0.0016506199 0.0077585476 0.00071999023 0.013389654 0.027188782 0.0013726377 0.013934766 0.19568202 0.0045775822 0.11095267 0.019667033 0.030823119 0.071946524 0.22655691 0.00053658715 0.34859708 0.093114465 0.008867458 0.22000551 0.0045860484 0.04095067 0.45762563 0.08105487 0.023608204 0.004708776 0.018196594 0.0048563024 1.3631308e-22 0.51168644 0.6174976 0.049662527 0.00023443333 0.61292815 0.0010553395 0.00050457026 0.008549379 0.0006766799 0.04546589 0.045143485 2.3658642e-05 3.623017e-05 0.006477207 5.061295e-05 0.0035007354 0.050823286 0.17448325 0.0953021 0.0027248533 0.02833689 0.035964362 0.009277259 2.101143e-05 0.1115983 6.061174e-06 3.4269337e-07 0.0007767554 0.027418753 0.07186083 0.030308157 3.3030065e-07 0.0049127084 5.1390502e-06 0.03682878 0.0017692574 0.01660933 0.00017553038 0.009645632 1.957407e-05 1.0720684e-05 4.504684e-05 3.5452613e-05 0.026236266 0.00027904424 0.0003196678 5.223031e-06 4.9603036e-06 8.1196896e-07 0.0003590668 3.1134365e-07 0.0011452717 7.633798e-07 2.0160838e-05 0.005346459 4.256422e-06 1.7644836e-05 3.5426203e-06 0.0027178694 2.8546454e-05 0.00783633 0.0032510632 0.0049294415 0.010442606 0.0017836968 2.2710086e-07 6.213752e-06 0.0065070647 0.0055481447
