3.8860763e-13 0.9452986 0.9900844 0.98230696 0.9880151 0.9861877 0.9757287 0.9626281 0.9628406 0.99663204 0.99599063 0.9919138 0.9703864 0.9797987 0.9631066 0.959165 0.9974798 0.95673543 0.998926 0.9864798 0.99656534 0.9213964 0.9952669 0.99450773 0.9637696 0.968994 0.94331914 0.99822134 0.9149518 0.9432959 0.9901845 0.97001904 0.45491642 0.8527474 0.99999577 0.993294 0.8648738 0.9999301 0.90770686 0.9944226 0.86112463 0.82847 0.7784131 0.973434 0.9791358 0.75792575 0.9876453 0.9976798 0.99999034 0.86824 0.9325171 0.43807828 0.98804045 0.99917287 0.9470461 0.9844403 0.6404356 0.97290653 0.9815071 0.90329903 0.83161134 0.8858239 0.7145916 0.3225376 0.0329015 0.6068956 0.988723 0.8662913 0.9314532 0.11720919 0.9937812 0.92949265 0.18822816 0.061389435 0.7650785 0.8998927 0.60738313 0.42766 0.4918152 0.31776318 0.9434898 0.52955663 0.56818014 0.8637411 0.1952725 0.030967196 0.6276774 0.20907769 0.43399626 0.9094631 0.08024383 0.24685888 0.42065698 0.009724069 0.5543234 0.12739898 0.1977443 0.9960133 0.01364446 0.48350406 0.36778408
0.9452986 5.915771e-12 0.66861063 0.9654745 0.40729353 0.66574466 0.76297766 0.5674374 0.31361446 0.04087187 0.51925045 0.03225598 0.1544953 0.5632107 0.10021013 0.029863972 0.9622419 0.23621204 0.90751714 0.0024807185 0.17180496 0.013638684 0.005973086 0.076230496 0.0013526927 0.0010975228 0.009662918 0.015299109 0.047610287 0.012974195 9.537025e-05 0.17288549 0.014931058 0.008996374 0.31131363 0.63173556 0.00018441552 0.065686315 0.00015527788 0.00021429738 0.0014940207 4.5692257e-05 0.0035495346 1.1507002e-05 0.046146035 0.0028663827 0.00019689371 0.11481502 0.0013607107 0.00047505563 0.030185033 0.0001648361 0.003425361 0.060746554 2.9961882e-07 0.10041506 0.00011409352 5.8114154e-05 0.034492966 0.00017138102 6.3266402e-06 5.995923e-05 0.0013893404 1.7247325e-05 1.2264312e-05 4.401491e-07 3.2029604e-08 2.9784735e-07 0.015135504 0.0023349712 0.001849911 4.4170458e-05 7.3196825e-06 4.018735e-06 3.5955009e-07 4.2401572e-07 0.0015193169 1.2482504e-05 0.00011556806 4.217788e-06 0.000117205775 5.816039e-07 0.002010721 0.0023695962 1.8398416e-07 8.764596e-05 1.3980907e-06 1.6302665e-06 2.0656364e-07 1.3380181e-05 5.5190117e-07 7.619723e-09 0.0014118764 3.0952265e-07 5.0953943e-09 0.0001710608 5.3325515e-08 0.0009247403 2.797203e-07 4.283224e-06 4.0501595e-07
0.9900844 0.66861063 2.4272083e-11 0.6909774 0.5085265 0.91156507 0.256835 0.5370388 0.07662213 0.052347176 0.22302838 0.41987613 0.512505 0.116264366 0.949021 0.9447761 0.17854527 0.01016951 0.35300198 0.030851306 0.0011481956 0.29410788 0.007910771 0.048588466 0.014390484 0.34415203 0.0043763677 0.017258266 0.0018902906 0.00025118116 1.612761e-05 0.013321328 0.017621068 0.000107215994 0.21122698 0.0037842013 0.020423729 0.03955733 0.3256546 8.694341e-05 0.27572596 0.0044368426 0.082885005 1.147579e-05 0.00048813157 0.31129098 6.697273e-05 0.0010113327 0.0013039715 0.00022988582 0.0020520084 0.053340666 8.7682325e-05 0.00025535453 5.589023e-07 0.000185356 0.0020473914 6.744575e-05 0.00022536721 2.6975327e-05 4.1924345e-06 0.0033355765 0.01701845 0.030338416 0.0037162618 4.847961e-07 4.5446823e-06 7.87665e-06 7.8979474e-07 6.6938366e-05 5.4952015e-06 3.196722e-05 0.0007175479 0.0021839975 0.00011746671 3.7219528e-05 0.0071143257 0.13436802 2.0642934e-05 0.005268514 9.972456e-07 2.5345748e-06 0.0062952572 2.1353205e-07 1.0649252e-07 5.8332756e-05 3.0741987e-07 8.304348e-06 4.4876137e-07 5.725785e-06 1.2336767e-06 7.170629e-08 0.002421459 7.039988e-08 3.01186e-08 2.0792302e-05 1.2949187e-07 6.549503e-05 4.3143092e-07 1.8106967e-08 2.8389463e-06
0.98230696 0.9654745 0.6909774 5.3881254e-13 0.032210425 0.9450527 0.26647916 0.1905785 0.053033687 0.0017199346 0.06972812 0.010062171 0.83411664 0.86438286 0.3941267 0.25939426 0.619062 0.5120255 0.37296066 0.0003462059 0.10800402 0.40783432 0.00029016176 0.010273148 0.00095051725 0.003011355 0.11892509 0.0011778536 0.00088244845 0.030862253 9.02331e-07 0.0170228 0.16488391 0.00019880867 0.18957229 0.5261607 0.0004987032 0.01661108 0.012095922 4.370124e-06 0.08326257 0.00019940149 0.20060629 4.2556366e-07 0.03535345 0.076821536 5.695456e-06 0.0283897 0.00032792296 0.0063892324 0.0017055429 0.018349685 0.0117883915 0.010329504 6.8773005e-08 0.021896118 0.030503957 1.067817e-06 0.008401055 4.062626e-06 6.5749794e-07 0.00037506866 0.0030832614 0.001298559 0.00024657906 1.6090729e-08 4.4024184e-09 5.450366e-07 0.008455039 0.0013142888 0.00039364386 0.00069602666 0.009622814 3.7106856e-05 4.1054845e-06 1.7313423e-07 0.0014599124 0.019516276 2.1156584e-05 0.00024425145 0.0009350503 1.7798217e-06 0.00084941357 0.00038436046 4.3427814e-08 0.0022021492 3.57225e-05 0.000152816 3.2901136e-07 4.2423317e-06 1.927838e-05 2.445927e-08 0.00010270576 1.4985055e-08 5.0651842e-08 7.857421e-06 2.189625e-06 0.00034526392 0.00012452714 5.1873e-06 3.5476749e-06
0.9880151 0.40729353 0.5085265 0.032210425 3.8819794e-13 0.028134758 0.919236 0.942012 0.7862142 0.37447402 0.62059975 0.86763924 0.015492756 0.0035389434 0.074412495 0.15731664 0.20301908 0.00059842353 0.30973166 0.66650796 0.00065017364 0.012534827 0.45128697 0.20150444 0.45622724 0.5623559 0.00071760226 0.11157971 0.02622244 7.716029e-05 0.0015482593 0.14123617 0.0010468296 0.0021110724 0.25928614 0.004292681 0.24429435 0.07769582 0.11557485 0.0010795571 0.018210389 0.1466599 0.0077726077 0.0008141183 0.0010967532 0.026547411 0.001151817 0.0022070578 0.0067142225 0.000118213495 0.043505035 0.0029758315 0.00031462146 0.0013783183 0.001263073 0.0020061794 0.00023711851 0.006260075 0.00092748704 0.00016628204 0.00039075574 0.049120385 0.13095804 0.022232104 0.0032302581 2.4628455e-06 0.00826443 0.0019523746 7.182213e-05 7.387871e-06 0.00011470984 4.366368e-05 8.870675e-05 0.004596945 0.0060815206 0.0057156677 0.055840194 0.0043409294 0.00017526708 0.02473895 1.5520187e-05 0.00028607133 0.05091091 2.7184851e-05 5.627838e-07 8.1309145e-06 9.245924e-06 2.8531445e-06 3.1488456e-05 6.784514e-05 4.656795e-07 2.5372023e-05 0.022808919 5.9466595e-07 5.3819253e-06 0.0001146582 2.26585e-06 0.0005659437 2.018921e-06 5.529448e-07 0.00010616445
0.9861877 0.66574466 0.91156507 0.9450527 0.028134758 1.4580293e-13 0.09403864 0.07217974 0.01289585 0.0024183942 0.050085567 0.012661732 0.95069826 0.67350185 0.7582492 0.63983977 0.22657315 0.1723494 0.18586618 0.0004912968 0.016774733 0.7308396 0.00011812288 0.009575668 0.00065101247 0.018052174 0.09933567 0.0017685886 0.00036402367 0.009267116 1.0681817e-06 0.0057383147 0.19349076 2.7578999e-05 0.1334623 0.01984105 0.0019117567 0.011740473 0.06249338 9.785099e-06 0.32792142 0.00029349868 0.38422298 2.696856e-07 0.0022717563 0.22433144 2.6761204e-06 0.00086371816 0.00047105676 0.002731118 0.00092690386 0.08034735 0.00042974183 0.00026745666 2.9704921e-08 0.00083914027 0.027267607 5.7563113e-07 0.0003123836 1.3296209e-06 3.9863409e-07 0.00026367 0.0029611306 0.0067101996 0.00042003253 2.2346967e-08 1.1040396e-08 3.7663497e-07 0.00016092049 0.0007696939 8.1265725e-06 7.999762e-05 0.009347039 9.1822665e-05 2.8260044e-06 3.2136253e-07 0.0013170217 0.1181862 1.8441333e-05 0.00018295647 1.8804481e-05 2.7653687e-07 0.0009240694 1.614362e-06 2.708696e-08 0.0007839697 6.8944005e-06 5.0471383e-05 5.317073e-08 5.6569406e-06 5.1178286e-06 1.36482905e-08 0.00012884373 2.025974e-08 2.8935565e-08 1.169489e-05 1.1187415e-06 6.0334372e-05 1.4043763e-05 3.5460847e-08 6.496613e-07
0.9757287 0.76297766 0.256835 0.26647916 0.919236 0.09403864 5.8834843e-13 0.87946385 0.90463 0.7638474 0.94315416 0.23038045 0.0011959196 0.00354465 0.003937501 0.006125657 0.3290028 0.0013570962 0.6811849 0.020635124 0.0022514563 0.00017961038 0.095385656 0.41348353 0.009329331 0.0015830537 0.00010170823 0.16908528 0.17851678 0.00017839951 0.003916973 0.52019006 0.00025153978 0.061419226 0.5983435 0.010962984 0.0007515762 0.33038756 0.00017953964 0.0040171337 0.0009182446 0.00036235887 0.00021888567 0.0005787928 0.0023874522 0.00097059057 0.0013115756 0.009108499 0.025742672 7.6281904e-06 0.23534456 2.0771216e-05 5.105965e-05 0.008643312 4.5087498e-05 0.0150502585 1.4366212e-06 0.000713951 0.0065897694 0.00096029695 0.00012096111 0.00018243499 0.0049471306 3.8382106e-05 1.9203786e-05 1.2489757e-05 8.424606e-06 0.00015247305 4.4177195e-05 4.164779e-06 0.0011935678 5.380681e-07 1.2746204e-07 9.034406e-06 1.8118688e-05 3.3567976e-05 0.003980203 1.8520509e-06 0.00038584767 6.231032e-06 3.258092e-06 1.658621e-05 0.0031159532 5.7256846e-05 3.0474259e-05 8.6681206e-07 3.9106382e-08 2.7815547e-08 6.4895507e-06 0.0001207875 3.530744e-08 9.458516e-08 0.0014058135 3.9158745e-06 2.3384582e-06 0.0008071376 6.3909376e-08 0.0018464264 1.0271603e-08 1.2363196e-06 7.555828e-05
0.9626281 0.5674374 0.5370388 0.1905785 0.942012 0.07217974 0.87946385 6.360687e-14 0.9008287 0.75674665 0.84466684 0.8851068 0.003204961 0.004371229 0.029326087 0.024158143 0.15685107 0.0018531166 0.48636562 0.20894058 0.0015012493 0.00061738427 0.22060287 0.27760777 0.04494058 0.010651128 0.0001238327 0.116643585 0.076508716 0.00012303342 0.0033892593 0.5967095 0.0005009223 0.0385718 0.50739276 0.003891162 0.0019266139 0.124857955 0.00022084471 0.0031510836 0.0011643049 0.0021260052 0.0004744139 0.0008266456 0.00029665715 0.0004363419 0.0017497792 0.0013748556 0.013578013 3.6423844e-06 0.2902085 2.8752956e-05 3.0758306e-06 0.0015099347 7.948393e-05 0.0005404577 1.0957186e-06 0.0003646185 0.00022327458 0.00030294992 6.621697e-05 0.0004962068 0.011424404 1.4224504e-05 1.4932951e-05 4.2037995e-05 2.1695425e-05 0.00013738504 2.574626e-06 3.80954e-05 0.00011781248 2.6028155e-07 3.211715e-08 1.197129e-05 4.4957782e-05 7.236618e-05 0.01358502 4.675621e-06 8.328009e-05 9.673239e-06 9.51387e-07 1.9945957e-05 0.009698296 7.306787e-06 3.889099e-05 4.037108e-08 1.6186685e-07 3.8461927e-08 1.5841728e-05 1.560203e-05 1.4400407e-08 8.5071866e-07 0.00393896 6.1978785e-06 5.0209932e-05 0.0004048569 1.22427215e-08 0.00077999366 1.0250735e-09 6.999323e-07 4.938245e-05
0.9628406 0.31361446 0.07662213 0.053033687 0.7862142 0.01289585 0.90463 0.9008287 2.350601e-12 0.9375521 0.86268574 0.29828355 0.00054824696 0.000999334 0.00123222 0.0013776204 0.12240804 0.00050524966 0.56890476 0.026234526 0.00043497293 9.0114605e-05 0.10420105 0.5823471 0.01031581 0.0009251077 3.4289314e-05 0.23382026 0.10070144 4.2307383e-05 0.009075359 0.3746295 8.050288e-05 0.03757667 0.6769837 0.0023275053 0.00035319518 0.3600846 2.1726712e-05 0.008039196 0.00018218621 0.0003121019 3.295468e-05 0.0028615934 0.00015874326 0.00018543417 0.0042896504 0.0025573974 0.03340232 4.36122e-07 0.06867404 8.853752e-06 4.8804072e-06 0.0026871227 6.774137e-05 0.0020815728 8.6154995e-07 0.0004619869 0.001083257 0.0017189484 0.00017639982 5.6476612e-05 0.0016885567 7.238754e-06 4.0322716e-06 0.00012689595 6.9127764e-06 0.00015753075 1.6476608e-05 1.10897145e-05 0.00042734933 6.149341e-08 1.4544028e-08 6.0403772e-06 1.3251301e-05 1.5522392e-05 0.002142126 6.41344e-07 0.0009295175 9.8618075e-06 5.508668e-07 6.6452994e-05 0.001940241 7.95853e-06 6.153328e-05 3.7574544e-08 2.7860677e-08 3.1040486e-08 1.0817748e-05 0.0003065713 1.01319335e-08 3.1721956e-07 0.0012612655 1.8929333e-05 7.334648e-05 0.0015584269 3.8960906e-08 0.002308897 3.2876069e-09 6.463051e-07 4.1511124e-05
0.99663204 0.04087187 0.052347176 0.0017199346 0.37447402 0.0024183942 0.7638474 0.75674665 0.9375521 5.3559826e-13 0.68135226 0.67028826 0.00072976085 9.8797165e-05 0.0026665328 0.008306549 0.11293548 2.3114251e-05 0.3581339 0.37752032 2.992596e-05 0.00063446973 0.71736217 0.6752094 0.2050188 0.031528033 1.1026093e-05 0.33845165 0.5922439 5.3205376e-06 0.017619018 0.536312 3.35402e-05 0.056171387 0.44973502 0.0041880296 0.01939217 0.41556367 0.0065398915 0.008074941 0.0011766853 0.02328549 0.00026297086 0.0055644396 0.0008027604 0.0011387252 0.006811601 0.0030047914 0.02412997 2.6380808e-06 0.11826495 3.9865085e-05 2.5055202e-05 0.0018812285 0.00255951 0.0020557055 1.6203142e-06 0.05640921 0.00059966644 0.0006467223 0.0015680202 0.019452188 0.044126622 0.00021213692 8.173601e-05 4.3937576e-05 0.013322287 0.006962969 5.219595e-06 4.5090593e-07 7.038563e-05 4.3913656e-07 6.019563e-07 5.34191e-05 0.0039234576 0.0049674427 0.014470503 3.7101723e-05 0.00081526244 0.000900503 3.985615e-07 0.0015633979 0.012100847 8.68788e-06 5.6845106e-06 1.4507069e-08 6.9573156e-09 2.0649283e-08 0.0002513055 0.00037999955 9.995497e-09 2.7677883e-05 0.0068117143 8.84322e-06 0.0001273071 0.00040132832 1.8401654e-08 0.0007540948 7.599345e-09 8.088601e-08 0.00011265475
0.99599063 0.51925045 0.22302838 0.06972812 0.62059975 0.050085567 0.94315416 0.84466684 0.86268574 0.68135226 1.0889026e-12 0.39220294 0.020809531 0.008604038 0.023281967 0.037351158 0.28155226 0.0029835582 0.6235771 0.13275592 0.005342761 0.010785215 0.3218408 0.4292854 0.06994411 0.071626864 0.0010660625 0.07493872 0.44207293 0.0002662654 0.009554382 0.20915233 0.0010652865 0.013251378 0.7241329 0.07662524 0.019417895 0.35250038 0.012834714 0.007851163 0.006749546 0.011663815 0.0054134345 0.004772958 0.017532345 0.009779624 0.00992321 0.027389007 0.00836147 0.00032829973 0.054652415 0.00054966094 0.0035344977 0.010562114 0.0010418653 0.012118592 0.000226199 0.0322759 0.0047147498 0.0006609293 0.00053492433 0.0071086115 0.008138122 0.0007461144 0.00028791936 2.466389e-05 0.0064873607 0.0032426903 0.0029111565 1.730159e-05 0.00028014573 0.00020810128 8.533567e-06 0.00021460516 0.0020003442 0.0033193643 0.0046917866 0.00017002707 8.837306e-05 0.0011137945 6.7842746e-05 0.00035203417 0.0057494105 0.0003619893 8.696804e-07 5.7153375e-06 3.2872483e-06 1.4551918e-05 7.046521e-05 4.4979057e-05 3.2789046e-06 2.062299e-06 0.0030092865 1.6452474e-05 9.486152e-06 8.89353e-05 2.0008312e-07 0.00046422673 8.5171514e-08 6.880053e-07 4.438209e-05
0.9919138 0.03225598 0.41987613 0.010062171 0.86763924 0.012661732 0.23038045 0.8851068 0.29828355 0.67028826 0.39220294 6.033868e-11 0.0016644562 0.0002466778 0.017351339 0.051890858 0.092860304 6.6704946e-05 0.20823073 0.9268781 7.710704e-05 0.00273646 0.7183798 0.26971495 0.77034694 0.6269451 6.7487956e-05 0.13193914 0.067313604 5.6426406e-06 0.004188511 0.40526628 0.00066667615 0.006088723 0.40903717 0.00066494715 0.34213206 0.12978387 0.04463336 0.0019372124 0.008447202 0.23889206 0.0032977078 0.0012260139 5.1418567e-05 0.030002752 0.0010586267 0.0007742733 0.011093217 2.8311882e-05 0.20147386 0.0027958446 3.2833166e-06 0.00025920468 0.00043625513 5.38622e-05 3.6184727e-05 0.038662706 8.0551734e-05 8.176252e-05 0.00016393655 0.15936686 0.43937168 0.010431549 0.004950899 9.684919e-07 0.022575134 0.0021122484 2.0426577e-07 1.3661809e-06 7.375291e-06 1.4412334e-06 4.889012e-06 0.004746868 0.017928943 0.016982967 0.28425536 0.0009990281 7.240511e-05 0.028343547 2.5662607e-07 0.0006400246 0.22196281 7.4851286e-08 6.8614764e-07 7.796478e-07 5.8674516e-08 2.4103375e-07 0.00011452488 2.0483209e-05 2.5234596e-07 8.2777995e-05 0.10215767 1.2107639e-06 5.668984e-06 7.301462e-05 7.229736e-08 0.00018918188 1.1960427e-07 1.6551792e-09 4.9632636e-05
0.9703864 0.1544953 0.512505 0.83411664 0.015492756 0.95069826 0.0011959196 0.003204961 0.00054824696 0.00072976085 0.020809531 0.0016644562 1.4033075e-13 0.8961229 0.5863968 0.34232464 0.17621674 0.24482298 0.14093946 2.1668175e-05 0.036833555 0.96907115 4.761798e-05 0.0022816951 4.978253e-05 0.0011800394 0.117535196 0.00033946327 4.1553053e-06 0.0085914675 4.235966e-07 0.00043081815 0.77245295 3.0230473e-07 0.10273012 0.0049399785 0.000103625964 0.0060987994 0.012516061 3.4576328e-06 0.3998546 1.8879573e-05 0.7792826 1.5058296e-07 0.00051831594 0.17558649 1.7436771e-07 0.0016859325 0.00018459129 0.0030755305 1.1575076e-05 0.062308248 0.00026163028 0.000344526 9.612039e-10 1.9688123e-05 0.067984685 1.2547591e-08 0.00015174338 2.9093468e-07 4.7756572e-08 9.982137e-06 0.0003465501 0.0022860218 0.00014188 1.991184e-09 6.3974687e-10 1.0565184e-08 7.993665e-06 0.0006345862 3.841856e-06 3.6338548e-05 0.019608928 1.7333317e-05 3.354549e-08 1.7928358e-09 0.0001557672 0.08759934 5.0735052e-06 2.4862853e-05 1.8927556e-06 9.676888e-09 7.896111e-05 4.7702585e-08 1.3539986e-08 0.0033360696 9.2429497e-07 2.5632182e-05 1.1960392e-09 2.2391084e-06 1.182208e-06 1.0799049e-09 4.1936664e-06 1.585873e-09 3.8420533e-10 8.898756e-07 1.7550542e-08 1.9527943e-05 1.4368426e-05 5.2246123e-09 1.0709499e-08
0.9797987 0.5632107 0.116264366 0.86438286 0.0035389434 0.67350185 0.00354465 0.004371229 0.000999334 9.8797165e-05 0.008604038 0.0002466778 0.8961229 6.8234925e-16 0.0848652 0.030264739 0.29209146 0.98072135 0.13749237 9.4663765e-06 0.5179465 0.5571412 1.5184783e-05 0.0018606951 7.637238e-06 0.0003389421 0.7343865 0.00020607382 1.2781237e-05 0.33106267 3.1021962e-08 0.0007249269 0.8651006 1.3470792e-07 0.17165183 0.14727232 3.2153297e-05 0.003096972 0.0017635685 2.843752e-07 0.08284187 2.1899446e-06 0.46680722 2.07644e-09 0.014477634 0.045999534 4.744344e-08 0.0016870196 0.00028655244 0.20068021 5.998694e-06 0.02079886 0.011104309 0.00022449392 8.0970974e-10 0.0002257796 0.38378718 1.1889205e-08 0.00044757364 1.8306127e-07 1.3294521e-08 1.6816824e-05 0.0001248125 0.00030092764 2.6498523e-05 6.0873684e-10 1.8523229e-10 3.4408318e-09 0.0012168419 0.010135787 1.8090551e-06 0.003374094 0.06163558 4.074654e-06 1.8252008e-08 4.1504196e-09 0.000115225244 0.027557075 2.6613716e-06 1.5090125e-05 0.00019607526 2.0115541e-08 6.537452e-05 6.9117374e-07 2.6160842e-09 0.03441377 7.4563635e-05 0.0038915274 1.9320838e-09 1.2440678e-06 0.00016951544 1.128011e-09 1.01244e-06 2.0482327e-09 4.601199e-09 4.322752e-07 5.5471655e-06 1.3597254e-05 0.0011582924 2.625178e-08 1.3294502e-07
0.9631066 0.10021013 0.949021 0.3941267 0.074412495 0.7582492 0.003937501 0.029326087 0.00123222 0.0026665328 0.023281967 0.017351339 0.5863968 0.0848652 9.510994e-16 0.96150196 0.06529943 0.0034126965 0.08287518 0.00016050407 0.00023702827 0.67985225 5.1138064e-05 0.003087619 0.00026767765 0.05133877 0.0019665004 0.00061561546 1.3361042e-05 7.528204e-06 5.2346473e-07 0.0007561158 0.22643685 1.1612498e-06 0.048135124 0.0005262151 0.0022747414 0.0051150285 0.32936963 5.9263202e-06 0.89977145 0.00016375374 0.75306636 4.980465e-07 3.9401133e-05 0.7069283 6.4353134e-07 9.5844014e-05 6.96626e-05 2.0197922e-05 4.740312e-05 0.25662148 7.007923e-06 2.7243581e-05 4.5869943e-09 4.4494686e-07 0.0024641508 3.453813e-08 3.529312e-05 8.950026e-07 3.515958e-07 0.0001911536 0.0019405656 0.022304254 0.0022151254 1.2855468e-08 2.7987532e-09 6.004956e-08 5.6063834e-07 1.6528733e-05 7.025648e-08 6.462121e-07 0.002466368 0.00085930777 4.5309656e-07 2.881127e-08 0.00081941235 0.24920377 2.173064e-06 0.0007358455 1.317695e-07 4.577793e-08 0.0008751821 1.4933674e-07 2.6838862e-07 5.086282e-05 1.2775002e-08 3.2575122e-07 4.4893853e-09 6.798957e-07 3.6360472e-08 3.659548e-09 0.00055149244 1.0639051e-09 3.2272491e-09 6.6574785e-07 4.593745e-09 3.868342e-06 3.071636e-06 4.030681e-09 6.705135e-08
0.959165 0.029863972 0.9447761 0.25939426 0.15731664 0.63983977 0.006125657 0.024158143 0.0013776204 0.008306549 0.037351158 0.051890858 0.34232464 0.030264739 0.96150196 1.0743552e-14 0.03671872 0.0012168095 0.093316175 0.0032084107 0.00014947163 0.57532716 0.00040956674 0.0036285287 0.0018361739 0.30147782 0.00027336847 0.001423038 6.852694e-05 4.4074536e-06 3.0886054e-06 0.0006498401 0.07144996 1.2212678e-05 0.051588338 8.590574e-05 0.011784317 0.0051305303 0.60943246 2.6162468e-05 0.9553139 0.0012683509 0.58535504 8.813226e-07 6.291628e-06 0.84304565 3.3705417e-06 3.5052813e-05 5.878707e-05 5.7083485e-06 7.283714e-05 0.35760385 7.5492875e-07 2.4543415e-06 1.17390435e-08 1.34496165e-08 0.0005316361 5.484283e-07 3.7199598e-06 8.0594907e-07 1.0027034e-06 0.0011524525 0.0043416233 0.049499217 0.0066883788 3.7402074e-08 2.5050626e-08 1.4661727e-07 1.3170366e-07 2.826843e-06 4.4058563e-08 8.0309803e-07 0.00022480825 0.00248102 6.3798916e-06 3.864472e-07 0.0021827596 0.37597048 3.883393e-06 0.0029988368 2.3207713e-08 3.291554e-07 0.001631259 1.199395e-09 1.1459102e-07 1.6143582e-05 9.811819e-09 7.07682e-07 2.2822473e-08 1.0121697e-06 4.1607414e-08 2.034443e-08 0.0008355268 2.2847333e-09 6.9863986e-09 5.9028525e-07 4.452334e-09 1.5465997e-06 1.7042931e-06 6.83671e-10 3.5992542e-07
0.9974798 0.9622419 0.17854527 0.619062 0.20301908 0.22657315 0.3290028 0.15685107 0.12240804 0.11293548 0.28155226 0.092860304 0.17621674 0.29209146 0.06529943 0.03671872 2.559358e-11 0.29442018 0.91439104 0.033441007 0.52070755 0.060705967 0.06967697 0.03374144 0.010363511 0.034922514 0.10504019 0.0038944979 0.058881313 0.07504092 0.0032079564 0.029801218 0.023406882 0.0010974474 0.71129954 0.8334712 0.005278688 0.08824413 0.006275084 0.008572922 0.034146637 0.0014121819 0.046331663 0.003421102 0.5132776 0.022087358 0.018313237 0.28103018 0.0022939746 0.026496286 0.0034413033 0.0012954605 0.253791 0.11695514 0.0004528411 0.079540774 0.018793838 0.005224994 0.09307665 0.000465833 0.00030470148 0.0021862597 0.0019122016 0.00051222846 9.612411e-05 1.2503678e-05 0.00043526114 0.0009039439 0.16045053 0.0020686293 0.010992691 0.04319801 0.0019024002 3.372331e-05 0.00040376087 0.00036639013 0.0008172144 0.00068529 3.7182206e-05 5.3075517e-05 0.068285376 2.614314e-05 0.0007974017 0.019621616 5.8511995e-07 0.0020557104 0.0067390455 0.0030057717 8.77744e-06 8.709112e-05 0.000652972 4.892475e-07 0.0001504903 4.828087e-06 2.2493539e-06 5.285821e-05 0.0005890838 0.002450929 7.129828e-05 0.0009722646 2.3446553e-06
0.95673543 0.23621204 0.01016951 0.5120255 0.00059842353 0.1723494 0.0013570962 0.0018531166 0.00050524966 2.3114251e-05 0.0029835582 6.6704946e-05 0.24482298 0.98072135 0.0034126965 0.0012168095 0.29442018 9.160362e-15 0.102836855 5.259492e-07 0.8652816 0.08528419 7.224832e-07 0.00067244086 1.5368546e-06 9.541132e-06 0.969408 4.4038217e-05 2.7833087e-06 0.85861975 1.0012651e-08 0.00010757222 0.6301382 4.7271183e-08 0.1163444 0.47734115 1.6950588e-06 0.001715119 0.00013217269 1.2674117e-07 0.009405721 3.6510247e-07 0.1217127 2.9886595e-09 0.07114098 0.005900624 1.4083037e-08 0.009025588 5.3799828e-05 0.2884915 8.8928846e-07 0.0027540259 0.070865445 0.0013652472 4.8857246e-10 0.0011893864 0.2493345 1.4921502e-09 0.0021792238 5.3003863e-08 4.9401616e-09 4.6053694e-07 5.7480693e-06 6.4217124e-06 1.899111e-06 2.482434e-10 6.387187e-11 3.737439e-09 0.006299491 0.033998594 4.2718366e-05 0.016642166 0.020516485 2.6903697e-07 1.0063479e-09 9.0598135e-10 1.31967445e-05 0.0008494347 2.5082663e-06 3.2060123e-07 0.0026096397 1.7739548e-08 1.1169105e-05 0.00016979549 4.7906163e-09 0.028262481 0.0009185538 0.012193303 2.3257687e-09 1.3306383e-06 0.00061696285 8.937367e-11 1.5884494e-07 1.5901953e-09 7.867134e-09 2.802212e-07 8.804716e-05 4.6885634e-05 0.0018130026 4.2374345e-06 1.220888e-07
0.998926 0.90751714 0.35300198 0.37296066 0.30973166 0.18586618 0.6811849 0.48636562 0.56890476 0.3581339 0.6235771 0.20823073 0.14093946 0.13749237 0.08287518 0.093316175 0.91439104 0.102836855 8.2708895e-10 0.09423132 0.18366362 0.053984627 0.22807716 0.10862223 0.030295702 0.104498915 0.031228356 0.030725386 0.18196821 0.02609035 0.019643202 0.11603046 0.013141449 0.017717184 0.88001645 0.37563327 0.015106938 0.17505187 0.026806219 0.01904788 0.079915814 0.004080159 0.043415673 0.009875233 0.22493881 0.0236446 0.026759792 0.08257943 0.008670626 0.009217251 0.015404813 0.004276247 0.061650194 0.020906791 0.001730854 0.023703175 0.005132703 0.023475038 0.014808303 0.0020027398 0.0008778331 0.003142336 0.008075381 0.0021997418 0.00046091966 0.00028384864 0.006276152 0.0047877515 0.04154194 0.0009196179 0.0022770888 0.008494172 0.0007063681 0.00021271042 0.0014005009 0.0020736945 0.0058358745 0.0051085497 0.00012214176 0.00067204883 0.014200542 0.00011025763 0.0101724295 0.0011683488 8.237602e-06 0.00044938904 0.0009239671 0.0012096036 5.0005074e-05 0.0001398063 0.00027005892 6.6195207e-06 0.0038998253 2.847014e-05 5.9861504e-06 0.00022597304 0.00030769545 0.0014818521 4.4807715e-05 0.0005442962 4.0098246e-05
0.9864798 0.0024807185 0.030851306 0.0003462059 0.66650796 0.0004912968 0.020635124 0.20894058 0.026234526 0.37752032 0.13275592 0.9268781 2.1668175e-05 9.4663765e-06 0.00016050407 0.0032084107 0.033441007 5.259492e-07 0.09423132 5.549311e-13 3.0595381e-06 4.288765e-05 0.6410654 0.1727285 0.9841595 0.33553615 1.0201461e-06 0.08995419 0.018960899 1.700246e-08 0.0013323501 0.30336353 1.644355e-05 0.002132744 0.28634506 6.1200284e-05 0.40333304 0.056697015 0.015851447 0.00069551636 0.000852345 0.5385225 5.8476347e-05 0.00044151235 1.2303775e-06 0.0024038218 0.00020026001 5.2939125e-05 0.0047320495 4.2727083e-07 0.13102669 0.00015824854 1.02800755e-07 2.32825e-05 0.000104244966 4.762061e-07 4.948661e-06 0.019688506 9.155845e-06 6.3127845e-06 4.82547e-05 0.39101958 0.4622466 0.007528549 0.0045606885 1.0798381e-07 0.03293681 0.00058887457 6.7991452e-09 6.762505e-09 1.8282434e-07 1.5099818e-08 1.2856952e-06 0.0059998883 0.04908064 0.02298559 0.31973702 0.0003280187 2.9210763e-05 0.06437211 2.3320588e-09 0.0005229593 0.2408713 5.0689217e-09 1.4703805e-07 2.1651752e-07 3.0622131e-09 6.672039e-09 5.5403852e-05 3.1407885e-06 2.395298e-09 0.00045916653 0.091465645 4.606689e-08 3.3701394e-06 2.2381402e-05 2.321577e-08 1.9059613e-05 2.1537947e-07 6.0907135e-10 1.4625906e-05
0.99656534 0.17180496 0.0011481956 0.10800402 0.00065017364 0.016774733 0.0022514563 0.0015012493 0.00043497293 2.992596e-05 0.005342761 7.710704e-05 0.036833555 0.5179465 0.00023702827 0.00014947163 0.52070755 0.8652816 0.18366362 3.0595381e-06 5.7176724e-13 0.009737563 1.4617846e-05 0.00257099 3.5517978e-06 1.9267865e-05 0.6483551 0.00013028993 3.6669774e-06 0.9773006 1.1139861e-07 0.0004129359 0.039643027 1.6532269e-08 0.24477305 0.7987235 6.0474727e-06 0.005191428 5.5833334e-05 6.3427973e-07 0.0021897538 5.3117896e-07 0.014405404 6.5782655e-09 0.30321264 0.0001849527 1.9311001e-07 0.064924814 0.0003133417 0.571803 1.0132393e-05 0.00018050417 0.72522324 0.008248587 1.356557e-09 0.002675021 0.12197615 5.7780793e-09 0.012964549 3.5513318e-07 2.7530211e-08 3.6979693e-06 3.6989147e-06 6.399873e-06 1.024181e-06 3.9603503e-09 1.0952337e-10 6.9052017e-09 0.043887258 0.03498763 0.00046906946 0.3847795 0.010398067 4.3435253e-07 2.611504e-08 2.6132767e-09 7.668702e-06 5.0869516e-05 3.2314886e-06 2.83706e-06 0.026580973 1.4849055e-08 3.762313e-06 0.00048397438 1.9546322e-08 0.019332279 0.02601361 0.043666773 4.103388e-09 5.2740056e-06 0.010252618 3.5352187e-08 2.488216e-07 2.9339425e-08 9.511537e-09 3.7536865e-06 0.01463121 0.0004142772 0.0015367096 4.3731692e-05 6.120252e-08
0.9213964 0.013638684 0.29410788 0.40783432 0.012534827 0.7308396 0.00017961038 0.00061738427 9.0114605e-05 0.00063446973 0.010785215 0.00273646 0.96907115 0.5571412 0.67985225 0.57532716 0.060705967 0.08528419 0.053984627 4.288765e-05 0.009737563 6.6287392e-15 1.967127e-05 0.000643904 7.360862e-05 0.0013397024 0.07732061 0.00011988217 1.3661312e-06 0.0038645924 7.4479414e-07 2.1575508e-05 0.88956285 2.25578e-07 0.04294603 0.00054646924 2.832352e-05 0.0021310903 0.023793012 4.941022e-06 0.7887702 6.123913e-06 0.96628964 3.007714e-07 7.549425e-05 0.36462387 5.360411e-08 0.00051013636 3.590985e-05 0.00021246674 3.4046616e-07 0.16853485 0.00015463638 8.209481e-05 2.6612175e-09 1.6041463e-07 0.026088927 4.879867e-10 1.6196165e-05 4.3455575e-08 1.2191231e-07 2.121106e-06 1.7986657e-05 0.0011164006 0.00012941072 2.0932298e-08 4.4129841e-10 2.6663965e-08 3.073756e-07 5.1277388e-05 2.0984035e-07 4.3952605e-06 0.028395195 1.8976618e-05 4.161535e-08 2.0488344e-09 1.1683419e-05 0.06248652 5.877978e-07 5.7190778e-06 4.8751764e-07 2.2416378e-08 6.7707815e-06 3.0517953e-08 1.05393866e-07 0.00087043055 2.107605e-07 1.2495863e-06 2.8961958e-08 1.9535253e-06 1.3940415e-07 1.014878e-08 4.437904e-07 1.8447212e-10 5.1284743e-10 8.535154e-08 1.1719917e-08 3.4929662e-06 5.8883493e-06 1.2397577e-08 9.87315e-09
0.9952669 0.005973086 0.007910771 0.00029016176 0.45128697 0.00011812288 0.095385656 0.22060287 0.10420105 0.71736217 0.3218408 0.7183798 4.761798e-05 1.5184783e-05 5.1138064e-05 0.00040956674 0.06967697 7.224832e-07 0.22807716 0.6410654 1.4617846e-05 1.967127e-05 3.356099e-11 0.6268392 0.7566864 0.023443585 1.8482152e-06 0.4765027 0.4122247 3.4212317e-07 0.17185661 0.95929545 1.34465845e-05 0.06941999 0.6349001 0.00016511553 0.062004823 0.4431996 0.0029849783 0.037900303 0.00034731935 0.12522429 3.8311744e-05 0.0661831 3.4587904e-06 0.00061189925 0.027726108 0.0005507692 0.07347266 3.2393134e-06 0.69711006 4.3612657e-05 4.7264425e-06 0.0004416052 0.062833525 5.4591546e-06 3.5533735e-06 0.5457177 0.0001586977 0.00053400535 0.007431376 0.25270468 0.41584945 0.00014868088 0.00031003362 2.7420228e-05 0.42434147 0.09235051 1.9113052e-07 6.82573e-09 5.5283515e-05 1.950356e-07 3.7338694e-07 0.00028169504 0.18651871 0.18534379 0.3131966 1.8488068e-05 0.00022376186 0.010340203 3.552597e-08 0.036393773 0.26358873 6.503304e-08 4.821006e-06 1.03499964e-07 1.0807591e-07 2.0427445e-08 0.011237561 5.803307e-05 8.073584e-09 0.03659705 0.1335373 1.2311262e-06 0.0012692161 0.00020748044 7.2878294e-08 0.00046976967 1.1689688e-08 6.429595e-09 0.0003510415
0.99450773 0.076230496 0.048588466 0.010273148 0.20150444 0.009575668 0.41348353 0.27760777 0.5823471 0.6752094 0.4292854 0.26971495 0.0022816951 0.0018606951 0.003087619 0.0036285287 0.03374144 0.00067244086 0.10862223 0.1727285 0.00257099 0.000643904 0.6268392 1.7335891e-11 0.06227724 0.030508103 3.525817e-05 0.9347342 0.8773156 2.7035385e-05 0.7039198 0.88336563 0.00014164747 0.29414132 0.41007608 0.023214126 0.0073582623 0.5666072 0.00201284 0.61666113 0.0025111504 0.005237674 0.0005254231 0.26566717 0.00923418 0.0043725315 0.39010283 0.007581727 0.06930926 3.455462e-05 0.59100974 5.516076e-05 0.00014846593 0.004354627 0.08702251 0.0049728104 0.00012755318 0.34367263 0.0008108451 0.020751439 0.016780157 0.012006804 0.026858646 8.697583e-05 0.00015522045 0.0017420012 0.15190843 0.07660197 0.00053008064 3.066669e-06 0.0006514062 2.8960925e-05 2.029302e-06 1.5703148e-05 0.015327031 0.030541617 0.01527855 7.276333e-05 0.00022173044 2.7741335e-05 2.8034217e-06 0.018998561 0.016788863 4.8194317e-05 0.000113392016 3.193987e-06 1.8681192e-06 6.602007e-06 0.007480391 0.0003660728 4.75495e-07 0.001609318 0.005853312 0.00013505504 0.007587832 0.00041225695 9.527262e-07 0.0010682495 8.3486606e-07 3.145754e-05 0.0014400423
0.9637696 0.0013526927 0.014390484 0.00095051725 0.45622724 0.00065101247 0.009329331 0.04494058 0.01031581 0.2050188 0.06994411 0.77034694 4.978253e-05 7.637238e-06 0.00026767765 0.0018361739 0.010363511 1.5368546e-06 0.030295702 0.9841595 3.5517978e-06 7.360862e-05 0.7566864 0.06227724 8.4951985e-12 0.43107778 7.780256e-07 0.037673645 0.016140519 4.9037855e-08 0.0025176657 0.35713255 4.0290175e-05 0.0031680916 0.16982642 2.5177653e-05 0.62215537 0.026072256 0.032851595 0.0018333262 0.00078681065 0.85599506 0.00022775102 0.0007642109 1.5561619e-06 0.0027591076 0.00049688783 7.7393845e-05 0.0032323087 1.0439868e-06 0.32635006 0.0003855604 2.7163597e-07 3.894919e-05 0.0008079747 9.312994e-08 6.139222e-06 0.097293064 1.2857904e-05 4.3426062e-05 0.00021751707 0.84632796 0.85230505 0.018631358 0.015811928 1.6784323e-06 0.17903769 0.0019914873 7.286621e-08 3.072166e-08 1.8545758e-07 7.149338e-08 3.6553438e-06 0.02621714 0.26624873 0.14925796 0.6995683 0.0002845544 0.00010857939 0.27376258 2.1616788e-08 0.0034642508 0.5967785 2.347813e-09 2.2719544e-06 1.743509e-07 1.0734448e-08 4.3922388e-08 0.00032602585 1.9135723e-05 9.685696e-09 0.0035584145 0.42204142 4.229298e-07 6.0431e-05 1.6015845e-05 1.7438468e-07 3.1282852e-05 4.9680796e-07 1.0966939e-08 5.9427763e-05
0.968994 0.0010975228 0.34415203 0.003011355 0.5623559 0.018052174 0.0015830537 0.010651128 0.0009251077 0.031528033 0.071626864 0.6269451 0.0011800394 0.0003389421 0.05133877 0.30147782 0.034922514 9.541132e-06 0.104498915 0.33553615 1.9267865e-05 0.0013397024 0.023443585 0.030508103 0.43107778 1.4548479e-14 8.967622e-06 0.012487542 0.0001252765 1.6302488e-07 4.876888e-05 0.0052733044 0.0001556487 1.01862715e-05 0.12576917 2.245953e-05 0.9807902 0.01553707 0.9850937 8.7037064e-05 0.035287093 0.5294162 0.00084449543 1.7658016e-05 1.2910019e-06 0.39613596 7.128233e-06 0.00010170261 0.00044847775 9.699728e-07 0.00052750215 0.02199582 5.308989e-07 2.3849727e-05 1.3565908e-07 2.1197348e-08 3.022213e-06 2.6088383e-06 1.5419746e-05 2.014134e-06 1.3271986e-06 0.077617645 0.14202644 0.32575074 0.09008132 3.955934e-09 1.3917253e-06 3.4344947e-07 1.307625e-07 1.0027793e-07 1.2394355e-07 4.3200936e-09 1.0305382e-05 0.06558652 0.0005043619 6.570818e-05 0.03875526 0.08974535 1.166586e-05 0.20030466 2.6202443e-07 7.981008e-07 0.03426163 1.1980603e-08 1.42506e-07 4.470523e-07 1.4614743e-08 6.71951e-09 8.20356e-08 5.0278663e-06 4.2036867e-09 2.9984508e-06 0.0358511 1.2135377e-09 1.3909199e-08 4.775867e-06 1.1334399e-08 2.059747e-05 5.492147e-08 9.037347e-09 2.8567234e-07
0.94331914 0.009662918 0.0043763677 0.11892509 0.00071760226 0.09933567 0.00010170823 0.0001238327 3.4289314e-05 1.1026093e-05 0.0010660625 6.7487956e-05 0.117535196 0.7343865 0.0019665004 0.00027336847 0.10504019 0.969408 0.031228356 1.0201461e-06 0.6483551 0.07732061 1.8482152e-06 3.525817e-05 7.780256e-07 8.967622e-06 4.5680953e-15 7.4124096e-06 3.482776e-07 0.7759475 2.9129765e-08 8.6288535e-05 0.96788526 3.815432e-08 0.0880425 0.026782515 2.1226906e-06 0.00086741743 8.523267e-05 4.0924454e-07 0.005715469 8.201413e-07 0.23907866 3.608052e-09 0.0053623547 0.003386547 1.0488066e-08 0.002243576 1.4023166e-05 0.76047593 1.5259246e-06 0.0020851558 0.03790701 0.00048468914 3.9525023e-09 6.346903e-06 0.70847696 9.027716e-09 0.00040923973 6.249504e-08 3.8428343e-08 1.8577401e-06 2.0188054e-06 7.2273515e-06 2.0044306e-06 1.3345451e-09 3.9672735e-10 1.999332e-09 0.0006260616 0.51520586 2.0111897e-06 0.028761284 0.10846071 6.7836396e-07 4.2260375e-08 1.6933805e-09 5.4565785e-06 0.00067422533 1.8772639e-07 1.9080117e-06 0.00059948745 4.0540453e-08 3.2914456e-06 4.253531e-07 7.469583e-08 0.30339253 0.00069929654 0.028712584 2.545991e-09 1.5989053e-06 0.00065168296 3.7908463e-09 1.0639426e-07 2.6508424e-09 7.1538357e-09 3.42595e-07 4.741841e-05 6.928973e-06 0.011126268 5.264194e-07 1.706257e-07
0.99822134 0.015299109 0.017258266 0.0011778536 0.11157971 0.0017685886 0.16908528 0.116643585 0.23382026 0.33845165 0.07493872 0.13193914 0.00033946327 0.00020607382 0.00061561546 0.001423038 0.0038944979 4.4038217e-05 0.030725386 0.08995419 0.00013028993 0.00011988217 0.4765027 0.9347342 0.037673645 0.012487542 7.4124096e-06 6.591211e-10 0.8755012 4.582581e-06 0.7762854 0.7818141 0.00011092005 0.5597926 0.28751805 0.015253704 0.0043089087 0.7009123 0.0012255346 0.7540469 0.001966746 0.0028494357 0.00023242224 0.37514827 0.0040593203 0.001687845 0.49607757 0.003025939 0.11134968 3.9734496e-06 0.68086916 1.8422155e-05 1.1814828e-05 0.0018600529 0.18977742 0.004080548 3.250062e-05 0.44830996 0.00066037395 0.050049577 0.029985825 0.0074654003 0.0186992 3.2466236e-05 6.4534746e-05 0.004428166 0.1925583 0.1860178 0.00030479796 5.4402576e-06 0.00038392085 2.3919736e-06 1.9069548e-06 1.0157325e-05 0.012298902 0.032305256 0.011725956 0.00010787763 0.00047359974 3.7564998e-05 2.1608844e-07 0.04570354 0.014292386 2.7637396e-05 0.0002459813 3.539508e-07 1.5399583e-07 2.0277796e-06 0.03990838 0.00042857658 1.4003426e-07 0.0025376151 0.0042865155 0.0003765939 0.042954963 0.0005331835 3.954033e-07 0.002081921 3.6908472e-07 6.527142e-05 0.0045813755
0.9149518 0.047610287 0.0018902906 0.00088244845 0.02622244 0.00036402367 0.17851678 0.076508716 0.10070144 0.5922439 0.44207293 0.067313604 4.1553053e-06 1.2781237e-05 1.3361042e-05 6.852694e-05 0.058881313 2.7833087e-06 0.18196821 0.018960899 3.6669774e-06 1.3661312e-06 0.4122247 0.8773156 0.016140519 0.0001252765 3.482776e-07 0.8755012 4.84839e-13 1.0474313e-06 0.7301946 0.86109394 2.1865617e-06 0.96436036 0.23958962 0.00017459526 9.895793e-05 0.78670007 3.820876e-06 0.15692127 2.1517828e-05 0.0012639771 1.8789038e-06 0.17145656 2.5352334e-05 1.8066856e-05 0.041554354 0.00022219062 0.0448717 1.0349957e-07 0.6490828 2.4574306e-06 3.810296e-07 0.0003627238 0.049133375 6.2349165e-05 9.617573e-07 0.0236267 1.4407587e-05 0.0032262634 0.018093592 0.00015196916 0.003106765 2.0060504e-06 5.736952e-06 0.00057969935 0.0017975434 0.014646286 1.3445244e-06 1.783894e-07 4.7566104e-05 1.1562444e-07 5.9363403e-09 5.0356402e-06 0.00066172116 0.001025524 0.0031951435 3.0902317e-08 0.0004214829 4.109284e-06 1.00118164e-07 0.0013833723 0.0024106044 5.8810033e-06 0.00044070612 1.4805806e-07 3.4960536e-07 5.4191204e-08 0.0010391626 0.00016572526 1.2031492e-07 2.1579868e-05 0.0022952985 0.00075334794 0.0027567209 0.005346522 2.3102952e-08 0.00189367 1.4037681e-09 3.7044165e-07 0.006308141
0.9432959 0.012974195 0.00025118116 0.030862253 7.716029e-05 0.009267116 0.00017839951 0.00012303342 4.2307383e-05 5.3205376e-06 0.0002662654 5.6426406e-06 0.0085914675 0.33106267 7.528204e-06 4.4074536e-06 0.07504092 0.85861975 0.02609035 1.700246e-08 0.9773006 0.0038645924 3.4212317e-07 2.7035385e-05 4.9037855e-08 1.6302488e-07 0.7759475 4.582581e-06 1.0474313e-06 7.9049573e-14 6.8735724e-09 2.1518279e-05 0.19148983 7.902927e-09 0.03267011 0.4343288 3.357865e-08 0.0006870228 2.4304585e-05 9.307472e-08 0.00059897057 1.6534004e-08 0.014612398 1.0412378e-09 0.14283325 9.915698e-05 3.2946819e-09 0.022193627 5.460126e-05 0.9405201 2.7476324e-07 4.381974e-05 0.7297706 0.0025394973 8.7533136e-10 0.00047347308 0.26724222 2.8029135e-10 0.0056140157 5.8420433e-09 1.7027286e-08 5.926543e-07 5.2640934e-07 5.1780205e-07 1.3235824e-06 3.8432724e-09 5.7816345e-11 5.0512114e-09 0.059529815 0.40790778 0.00020169906 0.5525561 0.01708558 2.567504e-07 5.7082694e-09 2.3037455e-10 4.4415137e-06 6.774085e-05 5.0710304e-07 2.2117035e-06 0.049371377 4.485083e-08 3.216095e-06 0.0009030357 5.5183776e-08 0.14097896 0.02108374 0.17985871 8.5829495e-09 1.7523532e-06 0.020706717 2.7680743e-08 6.388842e-08 2.5983574e-08 3.0659024e-08 4.6954634e-07 0.009576215 7.057524e-05 0.009960296 2.2765773e-05 3.557851e-07
0.9901845 9.537025e-05 1.612761e-05 9.02331e-07 0.0015482593 1.0681817e-06 0.003916973 0.0033892593 0.009075359 0.017619018 0.009554382 0.004188511 4.235966e-07 3.1021962e-08 5.2346473e-07 3.0886054e-06 0.0032079564 1.0012651e-08 0.019643202 0.0013323501 1.1139861e-07 7.4479414e-07 0.17185661 0.7039198 0.0025176657 4.876888e-05 2.9129765e-08 0.7762854 0.7301946 6.8735724e-09 2.6507957e-10 0.31423616 3.7256885e-07 0.9601145 0.16185081 5.070905e-05 4.855545e-05 0.72702223 4.4813696e-05 0.8769484 1.9231533e-05 0.0002513079 6.386153e-07 0.8319166 2.0140592e-06 8.381876e-06 0.25709084 0.0001640041 0.3391819 2.8896008e-07 0.6058921 4.6240493e-06 1.7532469e-07 0.00037529386 0.6404544 0.00012133198 2.5658435e-06 0.24724549 7.725097e-06 0.0070754807 0.4008148 0.0033094645 0.0086838715 1.0889614e-07 9.087344e-07 0.0026110264 0.11860667 0.23827223 1.7465398e-07 3.1453084e-08 8.6528824e-05 1.4484094e-08 7.2601205e-07 2.1053512e-07 0.01204623 0.024947233 0.0032171044 1.0986416e-05 0.0010768856 2.4435399e-06 4.074557e-08 0.054433696 0.002068357 7.956037e-07 0.0009028975 1.5018045e-08 2.2515406e-08 5.5210936e-08 0.06080128 0.00057473406 1.8034996e-08 0.0023925132 0.0005673999 0.00010133731 0.09725911 0.0025564644 5.3711574e-08 0.00284816 2.261224e-08 6.181136e-07 0.020712107
