2.1955344e-17 0.9752243 0.9817147 0.5248722 0.009166098 0.9886705 0.16161987 0.0542783 0.9397799 0.9763652 0.0107230125 0.0028927126 0.02114907 0.77348524 0.7577193 0.3540919 0.9875546 0.00022127057 0.64136076 0.54998904 0.87634397 0.5134578 0.75378394 0.97411275 0.9022606 5.999753e-06 0.98735803 0.4991432 0.0004920276 0.0118807135 0.9538295 0.9917027 0.9888114 0.36677814 0.9693722 0.9853082 0.9612625 0.009218605 0.9776203 0.91806966 1.9890245e-05 0.9922082 0.98808646 0.8995389 0.44806144 0.98865724 0.67733014 0.0057614115 0.022250902 0.96531266 2.5720382e-07 0.9898609 0.53283703 0.99916893 0.9985948 0.11971564 0.725524 0.9956837 0.9940956 0.0014861404 0.69228077 5.438917e-07 0.6557262 0.7282624 0.9989218 0.704504 0.1275576 0.6158985 0.99339795 0.2848876 0.9832422 0.9980326 0.9775219 0.032817353 0.71718603 0.75426346 0.98502886 0.99716014 0.9397108 0.80808306 0.9996423 0.9987144 0.96881133 0.9940576 0.99969435 0.7874836 0.8575204 0.99662524 0.5434341 0.9421104 0.9989928 0.9784509 0.99901855 0.99997073 0.9995271 0.014453079 0.9662974 0.9999842 0.07703247 0.034806274 0.96313375
0.9752243 7.602641e-15 0.32625413 0.98896706 0.86470956 0.38558176 0.070537396 0.19885609 0.18089819 0.8017998 0.08160141 0.16716829 0.36828315 0.29865286 0.7450644 0.039134905 0.00032326046 0.023942031 0.001099552 0.015518885 0.0024369867 0.0012358393 0.000578438 0.016646199 0.00020216279 0.09238229 4.0175302e-05 0.00014530083 0.005466684 0.002117031 0.002422235 0.022198677 0.0045620045 0.0008070699 0.02676744 0.0013220232 0.00023553768 0.03780039 0.0068724365 0.00042472663 0.0004312574 3.0464305e-06 1.0343106e-06 0.00011660028 0.0011405869 0.00011355229 1.0108737e-05 0.0018189143 7.2422794e-05 3.581402e-05 0.0008273968 5.0292405e-05 7.9008936e-07 0.0017980139 0.00534192 2.656793e-07 1.6780874e-05 0.00069267995 2.6810875e-07 0.0019619244 5.085482e-07 1.1802891e-05 3.380132e-07 3.9216784e-06 0.0005255048 1.1678702e-08 1.9876088e-06 0.00012255901 0.00044274397 1.1981307e-07 3.6337607e-07 0.003547653 4.4714425e-06 5.212817e-07 3.2894214e-08 2.7068043e-07 0.00064777373 1.0478673e-07 1.0564501e-06 1.1112995e-07 0.0006700461 2.5759633e-05 2.831832e-06 1.9246248e-05 0.006386232 5.013279e-09 1.6795346e-07 0.00032746265 7.388106e-09 1.0141484e-08 7.3557912e-06 3.664551e-08 7.055945e-08 0.000573777 0.00019941405 2.1249853e-06 2.1972886e-07 0.00089962746 3.5723684e-07 9.147156e-09 2.8005045e-09
0.9817147 0.32625413 4.8388417e-15 0.09656376 0.013684912 0.92193866 0.97991407 0.26321754 0.8060319 0.6567039 0.067636155 0.031492557 0.012205996 0.2017216 0.050833344 0.28529713 0.26201382 0.0062087616 0.0191642 0.33306497 0.024505187 0.24772747 0.17873098 0.5919284 0.19324888 0.0049542906 0.21350335 0.05093317 0.0034854144 0.024482382 0.29790342 0.31575286 0.02963415 0.005666801 0.029919239 0.15789035 0.00554476 0.0010764338 0.14234199 0.0020029421 0.0004939825 0.012478637 0.0077160825 0.0013989665 0.008690632 0.075027816 0.04885836 0.00045317828 0.0066315243 0.00064411305 0.00016587247 0.002008746 0.00013528552 0.06712219 0.216601 0.0013090932 0.00015340724 0.0132281715 0.00055420666 0.0005001104 0.0024841786 3.1359024e-05 0.00039972708 5.2206535e-05 0.03577164 0.00021225268 0.0006123158 0.003773208 0.01341832 8.631067e-05 3.9264483e-05 0.11869904 0.000982566 1.1714541e-06 2.9816763e-05 0.00027432325 0.017863754 0.0002904076 0.00060564105 2.3610568e-05 0.015833944 0.00015132068 0.00013997933 0.00082059635 0.17018005 1.5844454e-06 1.3420641e-05 0.015379398 8.1558625e-07 2.070354e-05 0.007479981 4.4327335e-06 2.7315618e-05 0.036327757 0.007920468 0.0003242627 9.404626e-05 0.0029210025 3.7110376e-06 9.181521e-07 5.231478e-07
0.5248722 0.98896706 0.09656376 5.3663004e-13 0.95262015 0.12328774 0.013980036 0.028427966 0.01906926 0.51497436 0.007656115 0.046712317 0.6172447 0.11140735 0.8225977 0.0029559163 0.000115114985 0.006453281 0.00051412464 0.0034303034 0.0021470203 0.00037683695 0.00022705356 0.00280206 4.310563e-05 0.03697076 1.0935145e-05 6.727339e-05 0.0006368874 0.0002849623 0.00043770458 0.0029645127 0.0031546212 0.000828315 0.045198757 0.00019794164 0.00036400533 0.031094998 0.0009714809 0.00035759958 6.4842454e-05 6.9609405e-07 9.1625225e-07 0.00013137194 0.003891325 1.6169082e-05 1.0850554e-05 0.0047280598 6.1971376e-05 2.6990767e-05 0.00047243317 1.9476201e-05 1.2981224e-07 0.00095161115 0.0010092212 2.0467701e-07 1.8465655e-05 0.0002495749 2.8196618e-08 0.0026867983 1.0457964e-06 4.7812244e-07 1.483691e-06 3.0286728e-06 0.0004311079 4.4339547e-08 4.517366e-05 0.00042512297 0.0006168643 7.2672e-07 2.4895419e-06 0.00041843168 6.193778e-06 1.4866002e-06 1.2109908e-07 1.3267721e-06 7.479845e-05 5.8586025e-09 7.59969e-06 3.445023e-08 0.0007883665 7.2821817e-06 4.2176933e-07 1.6624994e-05 0.0006656577 3.9623394e-08 3.2182272e-06 1.3658963e-05 3.0823364e-07 2.759519e-08 2.9423181e-06 1.1469527e-06 2.4123702e-07 0.00014950213 0.00021885814 7.6380724e-07 4.485079e-06 0.0003301166 2.3528555e-06 3.4939438e-07 4.403082e-09
0.009166098 0.86470956 0.013684912 0.95262015 3.8790392e-14 0.0075930217 0.0017078411 0.0051410436 0.0013047665 0.08397643 0.0017393716 0.11291116 0.98064816 0.020953657 0.8522792 0.00056340545 2.7491029e-05 0.010706168 5.4966302e-05 0.0003596254 5.0081908e-05 2.1018975e-06 9.838614e-06 0.00042663628 2.0459487e-05 0.22256711 3.7155085e-05 7.4992554e-06 0.0006144989 3.4727833e-05 0.00019140754 0.00035840753 0.0007132133 2.3408313e-05 0.0036890109 7.8652745e-05 0.00017074625 0.25348252 0.00016048526 4.076876e-05 5.500529e-06 7.3632e-07 2.1184324e-07 1.153595e-06 0.003886115 5.0423754e-05 5.2219228e-05 0.013729795 3.4892205e-06 2.0834304e-05 0.0012521278 1.344897e-05 2.8741123e-08 0.00013417858 0.000159075 6.9198896e-09 1.5161899e-06 4.449248e-05 2.3255303e-08 0.0064869435 8.243557e-08 5.8773674e-07 2.9820844e-06 2.923077e-07 0.000105625775 1.2366568e-08 1.8048048e-07 4.5859935e-07 2.0232103e-05 1.3146604e-08 2.7586666e-06 3.1428349e-06 1.1894832e-06 3.1411057e-06 9.371704e-09 5.431097e-10 1.9646886e-06 2.798721e-09 1.974053e-06 6.6708394e-10 7.9965284e-05 1.3162888e-08 2.8539535e-09 4.948621e-09 1.0267545e-05 5.29795e-08 2.1630967e-07 5.636303e-07 1.4476932e-09 2.7176525e-09 4.1541696e-07 6.2996224e-07 3.3976715e-07 4.3432146e-07 2.9743664e-05 1.8806237e-07 7.2660528e-06 2.2551083e-06 4.2443773e-07 2.950859e-07 1.9125606e-08
0.9886705 0.38558176 0.92193866 0.12328774 0.0075930217 4.5237694e-12 0.9292455 0.04974019 0.3240048 0.68448246 0.007721073 0.0029042282 0.0037332769 0.47466105 0.050672784 0.028623926 0.47214764 0.00033529216 0.66003144 0.2131368 0.5465062 0.37334365 0.2226425 0.88294923 0.17809771 7.053937e-05 0.29273385 0.0911504 6.300475e-05 0.0028284758 0.5337751 0.58882445 0.17777528 0.035260558 0.02417971 0.35625538 0.013347302 7.368862e-05 0.27027634 0.0047160448 3.6443096e-06 0.06168058 0.0071401238 0.014830716 0.03663777 0.12700906 0.0707152 9.5751835e-05 0.0073164557 0.00091911014 5.327664e-07 0.0023063938 0.004342668 0.11188947 0.40867385 0.0016083758 0.0014711402 0.020345984 0.0006710491 8.548079e-05 0.009310786 7.241384e-08 0.0011266528 0.0010143721 0.093136296 0.0005886963 0.0019341103 0.0063196276 0.036527835 0.00046712425 0.00018656977 0.35451826 0.0013098113 2.0856678e-06 0.00024744406 0.0014066636 0.05441142 0.0025636998 0.0003826563 0.00023721078 0.019602662 0.0052335197 0.004111789 0.02729652 0.44816062 1.4789283e-05 6.649616e-05 0.068313144 9.519687e-05 2.877973e-05 0.029285422 1.3826034e-05 0.0002425433 0.18068641 0.012383487 0.00042240016 0.0002710425 0.026897173 1.9110648e-05 1.2004468e-05 3.8504836e-06
0.16161987 0.070537396 0.97991407 0.013980036 0.0017078411 0.9292455 3.5518574e-16 0.003980774 0.18930948 0.12449946 0.00023627428 0.00014483709 0.00019877814 0.22786598 0.00035807493 0.0062305867 0.7899851 2.2348342e-05 0.0067870836 0.4483729 0.017536316 0.23548707 0.7214664 0.7102667 0.04648474 1.8959523e-05 0.2536827 0.6349412 9.5682135e-06 0.009358974 0.6939559 0.14863744 0.019364292 0.005368646 0.00024766198 0.3716023 0.0037567185 6.3959383e-06 0.043282155 0.001729097 1.9188967e-06 0.2001345 0.07327487 0.0039167213 8.8609995e-06 0.20539832 0.011652853 8.976824e-07 0.0001330604 0.0013423945 7.386413e-06 0.0023650308 3.2977423e-06 0.025499554 0.11628292 0.0011271536 0.00013083132 0.0047523696 0.037612025 9.001913e-06 0.011065939 6.2518593e-06 0.0011662192 4.8971287e-05 0.0069515705 0.00080437236 1.119315e-07 0.0005109836 0.003518773 2.0261092e-08 2.2616696e-05 0.028276522 0.00011857061 3.742589e-09 3.1865813e-08 0.0038452197 0.03714908 0.018505407 2.3172452e-05 0.0030677791 0.0025438797 0.0005201456 0.0002679875 0.013684212 0.020986442 8.3022876e-08 1.30979315e-05 0.015967727 3.767909e-07 0.000693363 0.011906807 1.9182444e-05 0.0012238288 0.0063163973 0.00051327475 1.0471945e-06 3.75194e-06 0.0053791963 1.0424908e-07 6.501304e-09 0.00014850077
0.0542783 0.19885609 0.26321754 0.028427966 0.0051410436 0.04974019 0.003980774 4.447438e-12 0.77085376 0.014681703 0.9949099 0.7871596 0.0023761212 0.00013686653 0.0027699643 0.8324774 0.0022023036 0.3936563 6.000846e-06 0.056139063 9.411485e-06 0.0024350188 0.00045470774 0.003907511 0.014223984 0.09578897 0.00067627 1.0875551e-05 0.63114876 0.09502661 0.0011467548 0.00092506 1.7773613e-05 2.5252061e-06 0.00018042636 0.00064810406 1.6960921e-06 0.0001237929 4.7023783e-05 2.5087124e-07 0.01944948 3.1442065e-05 0.00010497413 9.1345856e-07 1.43078505e-05 0.0003201135 0.0007119469 1.2225058e-08 0.014588852 5.505244e-07 0.0031327312 1.1291681e-07 1.9430422e-08 1.0403239e-05 0.0002880644 5.375795e-06 3.270942e-07 5.2247316e-07 1.3356959e-06 3.6830803e-05 1.1470632e-06 0.0006268995 2.689971e-06 8.8738524e-08 5.1109805e-06 2.5631127e-07 5.838997e-07 5.78716e-08 1.9766367e-07 5.1817324e-08 1.4413745e-07 2.0220104e-05 7.5922895e-09 3.2235798e-07 7.604539e-08 6.475211e-07 0.000119939 7.729747e-08 4.113177e-08 6.4168695e-08 7.278974e-06 3.8784293e-08 7.679371e-08 2.0771465e-06 8.987008e-05 7.59991e-09 5.585255e-07 4.920712e-06 1.9899158e-09 2.8618115e-07 1.3141691e-06 1.8685768e-08 4.6002878e-08 1.4482596e-05 9.982713e-07 8.9486036e-08 1.6099785e-08 4.2731812e-05 1.7837017e-07 7.585804e-09 1.017025e-08
0.9397799 0.18089819 0.8060319 0.01906926 0.0013047665 0.3240048 0.18930948 0.77085376 1.2990684e-13 0.11254241 0.4928772 0.06228447 0.003081211 0.001082916 0.009758267 0.99055284 0.14124066 0.024919853 3.6711483e-06 0.9553199 6.2650256e-06 0.36074546 0.14833547 0.092779696 0.24242423 0.0022031325 0.09377812 0.0013282794 0.060241137 0.63074386 0.039322205 0.042636685 0.001516487 1.1005109e-06 0.00023638764 0.02663509 2.3791934e-05 9.173697e-05 0.004053182 6.033989e-07 0.0027263116 0.0041199303 0.020903237 3.9938067e-07 5.8183083e-05 0.014360611 0.04155304 4.149234e-08 0.034739237 1.5965183e-07 0.00024774348 4.522888e-07 2.0337756e-08 0.0007121836 0.021627367 0.0016420562 1.1619775e-08 4.5086636e-05 0.00015182691 0.00017909161 2.3447055e-05 0.00024413153 5.4812823e-05 3.1244646e-08 0.00016903435 6.9118796e-06 7.240497e-07 4.6771284e-08 1.8481333e-05 1.149542e-07 5.0760525e-07 0.011364465 3.9255248e-08 4.4408925e-09 1.0823785e-07 1.434805e-05 0.0057484997 9.469389e-05 2.1599686e-08 2.7120188e-07 0.00018013324 1.360802e-07 4.2233245e-07 3.9082597e-06 0.014772447 5.116528e-09 3.6433866e-07 0.0004899416 2.9822365e-09 1.8201705e-06 0.0010422498 3.269198e-09 1.5744903e-06 0.0040849303 1.16678075e-05 5.5197247e-06 8.0901124e-08 0.00020021954 1.2770965e-07 2.6852392e-08 3.829751e-08
0.9763652 0.8017998 0.6567039 0.51497436 0.08397643 0.68448246 0.12449946 0.014681703 0.11254241 7.5008164e-13 0.0061903954 0.0053381007 0.12815301 0.9753698 0.7803332 0.017365342 0.09404595 0.00091954943 0.14640534 0.032725047 0.23422824 0.016509483 0.0041296626 0.43411434 0.027218342 0.0026930037 0.05031045 0.0029821715 0.00019696416 0.00079831755 0.06921343 0.38142568 0.4561867 0.35323396 0.81428397 0.12117409 0.19668141 0.040955275 0.25761703 0.11150926 1.3156245e-05 0.00040091595 0.0004788708 0.039797947 0.20359801 0.009471508 0.014976936 0.014956609 0.000718803 0.01917839 6.6438864e-05 0.026012791 0.0018941244 0.23870404 0.19235685 6.6881794e-06 0.010391628 0.07980293 2.38802e-05 0.0054320595 8.3142404e-05 3.0815016e-07 0.00030617628 0.0020793702 0.11583898 3.7157493e-05 0.00513484 0.014631377 0.07577085 0.0020348905 0.0005178542 0.11835721 0.013065987 0.0002037406 0.0015105754 1.4492102e-05 0.007552939 9.7461096e-05 0.00092043076 1.6688262e-05 0.13876745 0.0029943215 0.00029495498 0.00127511 0.24096903 7.652028e-05 0.00025817542 0.014813259 0.00015209994 2.9111357e-06 0.005551212 1.6991884e-05 7.897025e-06 0.059947893 0.010939016 0.0007126205 0.00035942788 0.007031361 2.8870338e-05 4.4431445e-06 1.2420861e-07
0.0107230125 0.08160141 0.067636155 0.007656115 0.0017393716 0.007721073 0.00023627428 0.9949099 0.4928772 0.0061903954 3.2343095e-10 0.74970037 0.001675013 1.47846995e-05 0.0016236888 0.6687313 0.00066777057 0.59712416 8.396945e-07 0.017970087 1.9252814e-06 0.0006169937 6.48969e-05 0.0006128021 0.0057133543 0.22560123 0.00039891672 2.6105108e-06 0.8490103 0.049289532 0.00014583823 0.00054789154 2.5068646e-06 3.9815612e-07 2.3943825e-05 0.00020025428 1.359829e-07 0.00013170499 9.9079325e-06 7.171148e-08 0.10090154 1.560956e-05 1.7736818e-05 2.627045e-07 4.9810856e-06 8.741097e-05 0.00046081137 1.7489814e-09 0.014694141 7.0498785e-08 0.014171679 2.2545617e-08 1.06699645e-08 7.181435e-06 8.39512e-05 4.7893883e-07 5.104249e-08 1.735217e-07 4.1947264e-06 3.544572e-05 2.8415968e-07 0.006319669 6.944165e-07 2.5779304e-08 9.601042e-07 8.7379256e-08 1.9226965e-07 3.586222e-08 1.5217792e-07 3.6241172e-08 8.1763794e-08 1.3673234e-05 1.1800823e-08 1.6291128e-07 5.696664e-09 4.0297093e-07 1.1843765e-05 8.9815025e-08 3.0148374e-08 2.2016671e-08 3.8879047e-05 9.0041794e-08 7.443358e-08 9.748052e-07 0.00011398541 2.0159971e-09 5.9316665e-07 1.4772073e-05 2.8911662e-09 2.6333083e-07 4.4551866e-06 2.8363944e-08 2.854022e-07 5.8178815e-05 2.7415783e-07 6.201671e-09 2.4619658e-07 3.837091e-05 1.0287392e-07 1.19919195e-08 1.6693075e-08
0.0028927126 0.16716829 0.031492557 0.046712317 0.11291116 0.0029042282 0.00014483709 0.7871596 0.06228447 0.0053381007 0.74970037 2.6522468e-14 0.02224153 1.7595903e-05 0.01440572 0.100987405 4.599504e-06 0.9905756 3.408453e-07 0.0022052808 9.0796306e-08 2.3481562e-05 2.8168938e-06 7.5178694e-05 0.00029121383 0.9725805 6.9196954e-06 1.7460766e-07 0.72802025 0.0022370564 3.5875757e-05 7.5965236e-06 9.546834e-07 2.9011606e-08 4.5463446e-05 1.9176556e-05 1.0659698e-07 0.0012380229 3.2630777e-07 3.0667156e-08 0.009402545 6.186988e-08 2.116744e-07 5.461446e-08 3.21746e-06 8.790836e-06 2.0096365e-06 3.6725556e-08 0.0004580639 4.0555378e-08 0.122563176 8.818523e-09 1.9851054e-09 2.7573842e-07 7.359753e-07 6.6178735e-08 1.1443163e-08 1.5161117e-08 2.1466205e-08 0.00016330848 1.0592875e-07 0.0016882743 2.0595189e-07 3.0038496e-09 2.2141735e-07 7.1268156e-09 1.0855024e-07 1.8456339e-09 1.28558115e-08 7.426436e-09 5.83944e-08 6.862638e-08 2.7874258e-10 4.1402993e-07 2.8537248e-09 3.025458e-09 6.7636654e-07 2.8216282e-10 2.1017954e-08 1.9060737e-09 4.6763813e-07 4.3508885e-09 7.6231235e-09 7.325626e-08 6.047245e-07 1.3895693e-09 3.7925895e-07 6.4729605e-08 2.3259585e-10 1.5219612e-08 1.636499e-08 3.414226e-08 6.5172486e-08 1.5437843e-07 2.5603424e-07 5.523597e-09 2.9759835e-07 2.1795872e-06 1.4436132e-08 1.7756532e-09 1.8064319e-09
0.02114907 0.36828315 0.012205996 0.6172447 0.98064816 0.0037332769 0.00019877814 0.0023761212 0.003081211 0.12815301 0.001675013 0.02224153 3.9179766e-12 0.022179483 0.9798827 0.0008556259 1.983062e-05 0.006277993 7.685966e-06 0.0005060661 1.4818605e-05 4.0134837e-06 5.3260615e-06 0.00021991157 6.317455e-05 0.21038209 6.7592005e-06 6.796925e-06 0.0011848742 1.7268061e-05 0.00018806086 9.897832e-05 0.00047160737 9.407995e-06 0.021561299 5.5616878e-05 0.00020755782 0.88023704 0.00011769434 8.496177e-05 4.0128543e-05 3.4178847e-06 4.1937346e-06 3.2951298e-06 0.012743071 4.8743772e-05 2.5147008e-05 0.16341999 0.00014841059 7.942551e-05 0.0032759684 3.2390682e-05 3.2707216e-08 0.00024189697 5.288857e-05 1.1011626e-08 9.0869196e-07 0.00013268569 6.404401e-07 0.14495076 6.023813e-07 3.887777e-06 2.7659319e-06 1.6375013e-06 0.0005770661 4.3555648e-08 0.00011926876 2.2428442e-06 0.00010327455 6.296982e-06 3.214318e-05 1.0107608e-05 5.465385e-06 1.6013971e-06 6.0982376e-07 7.218355e-08 1.4122122e-06 4.890445e-09 4.071615e-05 1.213481e-07 0.00049993815 5.8755234e-07 1.9958657e-08 2.8254857e-07 0.000113553695 3.165905e-06 2.0058102e-05 1.0355443e-06 7.85763e-08 1.0934196e-07 1.0237009e-07 2.0875514e-05 2.5348174e-07 8.643139e-06 0.00017395456 1.2546318e-05 0.00021523258 1.0620328e-05 2.330928e-06 2.0966404e-06 4.402337e-08
0.77348524 0.29865286 0.2017216 0.11140735 0.020953657 0.47466105 0.22786598 0.00013686653 0.001082916 0.9753698 1.47846995e-05 1.7595903e-05 0.022179483 1.5190977e-17 0.55232793 2.2347342e-05 0.031859178 7.6632364e-07 0.40676877 0.001686057 0.82937086 0.00022564484 0.0009322459 0.08622008 7.837614e-05 1.3649352e-05 0.016835127 0.008669977 6.973644e-09 3.3327735e-06 0.017709132 0.13854448 0.6197192 0.94188994 0.7901398 0.026067298 0.5311763 0.0014920132 0.16426031 0.42461166 2.6290012e-08 9.967445e-05 2.2200114e-05 0.25323465 0.33176252 0.0029074429 0.0009573207 0.07411311 2.0903592e-06 0.17538019 8.2997434e-07 0.07374095 0.0020024704 0.059126932 0.03944067 5.0971856e-08 0.08205772 0.09052582 1.472201e-06 0.00042880923 9.124495e-05 1.5517372e-07 2.525482e-05 0.015609868 0.09897319 3.9172096e-07 0.001595078 0.19785285 0.082538605 0.00029916814 0.017439436 0.03485543 0.015110735 0.005299904 8.921664e-05 1.9837893e-08 0.0023348564 3.941111e-06 0.009143429 2.5058966e-06 0.06800771 0.037501708 0.00014279179 0.002350046 0.04651077 0.00017280737 0.002824061 0.0020999103 0.0034911514 6.128079e-08 0.0017366839 0.0032283422 4.3397226e-06 0.010254569 0.02847467 4.2276042e-05 0.0039770934 0.02132916 2.2001905e-05 0.00016598229 2.610497e-07
0.7577193 0.7450644 0.050833344 0.8225977 0.8522792 0.050672784 0.00035807493 0.0027699643 0.009758267 0.7803332 0.0016236888 0.01440572 0.9798827 0.55232793 2.387434e-17 0.0003842855 1.8215746e-05 0.0029904477 6.6646826e-05 0.0005849353 0.0006276152 1.8264267e-06 4.0588693e-06 0.0014538377 1.3727705e-05 0.058006752 7.6568485e-06 3.0586252e-06 9.493666e-05 9.2910886e-07 0.000538182 0.0038931682 0.0225767 0.0015589017 0.77543855 0.00014394245 0.008169927 0.88227165 0.0038826473 0.005797632 7.954205e-06 1.0820931e-06 1.286368e-07 3.838672e-05 0.472723 2.0127585e-05 1.0091288e-06 0.7890379 0.00014252443 0.0026352997 0.0018557527 0.0022332792 2.2917208e-09 0.004629433 0.0014760862 4.422761e-09 5.8031655e-06 0.010683209 2.198415e-08 0.31260046 1.8246848e-07 1.3502289e-07 1.8912802e-07 3.314459e-06 0.012603392 6.1942473e-09 0.013491794 0.00015505622 0.013752623 0.00052468025 7.764698e-05 0.0015385185 0.0031658313 2.3598768e-05 5.925947e-06 3.52877e-09 0.00010720945 1.2239686e-08 0.00095331884 1.049567e-08 0.026447343 0.000103329905 9.317757e-08 2.2379065e-06 0.0044407602 5.726743e-07 2.4734058e-05 0.00029146692 2.188124e-08 3.0688203e-09 4.504147e-05 2.0552125e-05 2.877155e-09 0.0009061803 0.0054079364 0.00096520677 0.00038185867 0.001021933 1.0430298e-05 2.1288018e-07 7.4547556e-11
0.3540919 0.039134905 0.28529713 0.0029559163 0.00056340545 0.028623926 0.0062305867 0.8324774 0.99055284 0.017365342 0.6687313 0.100987405 0.0008556259 2.2347342e-05 0.0003842855 1.0008511e-11 0.011794656 0.07766502 1.116484e-06 0.7760339 2.6299192e-06 0.06472297 0.0072008367 0.008189444 0.27701792 0.006708018 0.008220725 6.357374e-05 0.617235 0.9345243 0.0034229688 0.0014930338 4.844435e-05 1.3162914e-06 4.1668747e-05 0.0032282532 2.1921971e-06 9.346219e-06 0.00026473452 2.7024532e-07 0.09215116 0.0008244034 0.0035973657 7.4098614e-07 8.154087e-06 0.0010182125 0.03794642 2.3899587e-09 0.51993287 2.9932693e-07 0.002442403 9.7104504e-08 1.9634017e-08 9.06848e-05 0.0006893422 0.0006797373 7.8045304e-08 2.0875802e-06 0.0001935495 0.00014279546 2.1627522e-05 0.004857903 1.4696739e-05 8.99292e-08 4.1799853e-05 2.0746124e-06 5.5289524e-07 9.1745925e-08 1.7940076e-05 1.3315818e-07 7.230202e-07 0.0003485677 1.736061e-07 1.212669e-07 5.2868565e-08 3.0807983e-06 0.0002995727 1.925879e-05 2.9431445e-07 3.5258165e-07 0.0001296772 9.3101356e-08 3.6596808e-07 5.4559955e-06 0.0007801403 1.3371168e-08 5.0198223e-06 0.00013336289 4.135595e-09 5.7543025e-07 7.969577e-05 2.8147736e-07 3.425305e-06 0.0009176988 3.81509e-06 2.219171e-07 1.5124248e-06 4.842315e-05 4.3987217e-07 2.518985e-07 2.803431e-07
0.9875546 0.00032326046 0.26201382 0.000115114985 2.7491029e-05 0.47214764 0.7899851 0.0022023036 0.14124066 0.09404595 0.00066777057 4.599504e-06 1.983062e-05 0.031859178 1.8215746e-05 0.011794656 1.0495089e-12 3.1172262e-06 0.028385859 0.35468403 0.020938847 0.7180845 0.91371095 0.6028151 0.60773295 2.3587879e-07 0.8502521 0.82478994 6.2018904e-07 0.0062884493 0.7036342 0.19015004 0.0071527325 0.0022696017 0.0021014088 0.43582195 0.0017241816 2.5790482e-07 0.059159536 0.0015622847 1.3268556e-06 0.5341913 0.7282181 0.0015990731 4.951038e-05 0.5039577 0.32890818 1.2640674e-08 0.075976744 0.0002659966 1.0574464e-07 0.00018141276 0.0018709854 0.02214227 0.1392594 0.115294315 6.672371e-05 0.0018448465 0.12250764 2.214575e-05 0.09093513 4.625901e-08 0.03942539 0.00011825093 0.0037684937 0.05205772 0.0015428368 0.00023832732 0.001622251 0.00071790186 5.7727466e-06 0.1886902 9.896191e-05 3.621906e-08 1.9966626e-05 0.06369645 0.24397485 0.043621443 3.954727e-05 0.007844281 0.00025116032 0.00075480534 0.020973416 0.045402747 0.1816629 2.9725554e-06 7.1496866e-06 0.1473231 6.823674e-07 0.010856367 0.113570414 4.635454e-06 0.003407698 0.14459321 0.0021890353 0.0010067177 1.4651147e-05 0.016384037 1.5727863e-05 2.5053552e-07 0.00027853774
0.00022127057 0.023942031 0.0062087616 0.006453281 0.010706168 0.00033529216 2.2348342e-05 0.3936563 0.024919853 0.00091954943 0.59712416 0.9905756 0.006277993 7.6632364e-07 0.0029904477 0.07766502 3.1172262e-06 9.295975e-12 8.814709e-08 0.001764333 2.3426077e-08 7.646888e-06 9.024067e-07 1.1636982e-05 0.0005212149 0.91955316 4.4046933e-06 8.0776694e-08 0.8432277 0.0021355243 3.7524303e-06 8.149332e-07 3.245925e-08 5.3982268e-09 2.1640492e-06 5.288435e-06 2.5579356e-09 0.0002247495 6.559672e-09 2.4491236e-09 0.0641364 4.1497646e-08 1.8116766e-07 9.85962e-09 4.96834e-07 8.645186e-07 6.9973707e-06 2.0080646e-09 0.0014390587 4.310603e-09 0.24214065 7.8270623e-10 1.2650775e-09 3.6317083e-08 1.6942965e-07 3.3391323e-08 2.4102844e-09 1.1409703e-09 1.7991946e-08 2.7497823e-05 4.5584155e-08 0.009989086 3.6061016e-07 1.4343081e-09 1.6249812e-08 1.5399635e-08 1.794407e-08 3.8596001e-10 2.136306e-09 2.1001472e-09 6.5947607e-09 2.3995977e-08 5.4966764e-11 4.0827253e-08 9.136597e-11 8.641082e-09 3.8143913e-08 5.258481e-10 6.4216166e-09 1.5453177e-09 1.1019532e-07 2.3765672e-09 1.3099872e-08 4.3078025e-08 6.7896457e-07 2.4272143e-10 9.846057e-08 8.243777e-08 1.9525434e-10 3.359441e-08 1.9309612e-08 7.510509e-09 1.1303749e-07 4.122046e-07 4.9268394e-08 5.290674e-10 1.00277546e-07 2.9517528e-06 1.1142528e-09 1.8499724e-09 3.6607766e-09
0.64136076 0.001099552 0.0191642 0.00051412464 5.4966302e-05 0.66003144 0.0067870836 6.000846e-06 3.6711483e-06 0.14640534 8.396945e-07 3.408453e-07 7.685966e-06 0.40676877 6.6646826e-05 1.116484e-06 0.028385859 8.814709e-08 7.347008e-15 0.0001696686 0.88393754 5.0687195e-05 0.0006350036 0.84183615 1.8178122e-05 4.5247563e-07 0.0025001785 0.005415386 1.4731167e-08 7.998373e-07 0.2957011 0.9676242 0.2516687 0.19494855 0.00046370394 0.45826316 0.019723644 1.1038818e-06 0.9027049 0.012063147 1.591249e-08 0.025864076 0.00027786597 0.20826995 2.7778078e-05 0.09918821 2.529746e-05 8.3804326e-07 1.9742215e-07 0.0047189333 2.6622484e-07 0.015767714 0.0030097645 0.67473793 0.87184954 2.9408197e-06 0.0042721177 0.052756894 0.0037468646 3.8235003e-06 0.0003203242 1.3926103e-07 3.852616e-05 0.0031171923 0.09265133 2.3424022e-06 1.2332473e-06 0.0039245845 0.03888948 9.499291e-07 0.00078017963 0.2577699 0.0030590293 3.3766605e-06 2.7385875e-06 4.9283222e-05 0.03511046 0.01021013 0.0011801204 7.4366566e-05 0.014938355 0.009728225 0.0014616112 0.102587074 0.18191813 1.1466383e-05 0.0002902027 0.06893669 0.00011552266 2.3762615e-05 0.011734434 0.00024099457 0.00070222764 0.052217696 0.0022853361 2.5897486e-06 0.00043520675 0.1040264 1.0266888e-05 1.585809e-06 4.528512e-05
0.54998904 0.015518885 0.33306497 0.0034303034 0.0003596254 0.2131368 0.4483729 0.056139063 0.9553199 0.032725047 0.017970087 0.0022052808 0.0005060661 0.001686057 0.0005849353 0.7760339 0.35468403 0.001764333 0.0001696686 9.853643e-16 7.208103e-05 0.92438257 0.79448986 0.08991976 0.93744767 0.00024231555 0.38065925 0.16174233 0.008449736 0.95403016 0.08580412 0.01691045 0.00017054574 5.9650474e-06 3.993887e-05 0.05031009 8.443315e-06 2.7397436e-05 0.00128601 2.0464981e-06 0.0013591356 0.017597439 0.24394517 8.847674e-06 3.4230613e-06 0.025312101 0.1545402 1.05508526e-07 0.57301223 2.1297024e-06 0.0002924133 2.9877677e-07 2.455313e-06 0.00068685017 0.009070141 0.27033505 8.281858e-07 6.0111324e-06 0.0107512325 7.913842e-05 0.0061694672 0.0005149832 0.006460464 5.498764e-07 0.00010937633 0.0014711794 9.749255e-08 6.8193214e-07 9.615048e-06 3.4187416e-08 3.1518664e-06 0.0058633015 3.9170192e-07 2.7966482e-07 2.7706577e-08 0.0014957865 0.0068416297 0.0018372048 1.2351223e-06 7.710219e-05 6.3876454e-05 1.3128368e-07 6.418538e-05 8.685366e-05 0.006702768 1.1926825e-07 5.3371405e-06 0.0017112567 1.481416e-10 0.00015862024 0.0018346459 3.3310113e-07 8.293224e-05 0.0037543671 0.00013350107 2.157668e-05 3.8956377e-06 0.00044037754 1.5559444e-07 2.8356693e-08 2.6303103e-06
0.87634397 0.0024369867 0.024505187 0.0021470203 5.0081908e-05 0.5465062 0.017536316 9.411485e-06 6.2650256e-06 0.23422824 1.9252814e-06 9.0796306e-08 1.4818605e-05 0.82937086 0.0006276152 2.6299192e-06 0.020938847 2.3426077e-08 0.88393754 7.208103e-05 9.671096e-16 4.137927e-05 0.0005485267 0.5641575 3.5334815e-05 5.2933146e-08 0.0048998436 0.0058926637 2.3652662e-09 2.952931e-07 0.08585483 0.8721214 0.85437685 0.6907158 0.025250934 0.18745051 0.24646814 4.2791063e-07 0.9528224 0.14058058 1.2447549e-08 0.011639708 8.996159e-05 0.6976283 0.0017777978 0.022859842 6.563377e-05 6.685403e-07 3.08732e-07 0.090933554 3.5620424e-08 0.14727981 0.022878058 0.7205178 0.5121815 1.5544065e-07 0.031518035 0.24934322 0.0006438699 4.5945803e-06 0.00013265305 2.6412295e-08 1.7348431e-05 0.019505315 0.26997745 1.02915905e-07 9.217716e-06 0.05557675 0.15735745 5.038888e-06 0.005616035 0.27065322 0.02134746 6.6628265e-05 2.711414e-05 3.4536847e-06 0.016282873 0.0023309696 0.0076504806 2.6806862e-05 0.08292339 0.061808314 0.0022795398 0.06672009 0.18130039 0.00014098748 0.0023830584 0.03322029 0.0013757417 3.113854e-06 0.013146124 0.0020144226 0.00027663095 0.054084793 0.021874212 2.6259843e-06 0.004030761 0.110077046 2.1910611e-05 5.5129785e-05 1.2092622e-05
0.5134578 0.0012358393 0.24772747 0.00037683695 2.1018975e-06 0.37334365 0.23548707 0.0024350188 0.36074546 0.016509483 0.0006169937 2.3481562e-05 4.0134837e-06 0.00022564484 1.8264267e-06 0.06472297 0.7180845 7.646888e-06 5.0687195e-05 0.92438257 4.137927e-05 4.715343e-18 0.8912966 0.17084993 0.98620033 2.164941e-06 0.86332506 0.2886923 2.5201169e-05 0.3318785 0.2756147 0.033131942 9.703836e-05 3.8782062e-07 1.0442382e-05 0.12278607 3.1017055e-06 1.527766e-07 0.0007047297 9.743711e-07 9.598053e-06 0.2409128 0.64928424 4.297823e-06 1.1458194e-05 0.14067113 0.35947093 1.6736235e-09 0.10615385 2.573839e-07 3.0250876e-06 2.3692465e-07 6.0910047e-06 0.00031499466 0.024364304 0.18268646 1.0088377e-07 2.6713751e-06 0.13687119 2.3606172e-07 0.03041912 1.4097721e-05 0.050376117 1.4020357e-07 3.778254e-05 0.028493173 2.6095402e-06 2.7596937e-07 2.6850012e-06 1.4582174e-07 7.2916882e-06 0.015774423 6.884375e-08 1.919054e-08 2.4859567e-08 0.020937782 0.057929084 0.03945421 9.147143e-08 0.00064746686 1.5898817e-05 2.1227795e-06 0.0002659951 0.0028946372 0.017174087 5.3957596e-08 4.4205768e-07 0.023892865 3.4267292e-10 0.006060524 0.019222725 5.7250638e-08 0.0021044149 0.012511795 0.0005074925 1.2182863e-05 3.4201747e-07 0.004877821 2.998815e-07 6.4421153e-09 9.3006805e-05
0.75378394 0.000578438 0.17873098 0.00022705356 9.838614e-06 0.2226425 0.7214664 0.00045470774 0.14833547 0.0041296626 6.48969e-05 2.8168938e-06 5.3260615e-06 0.0009322459 4.0588693e-06 0.0072008367 0.91371095 9.024067e-07 0.0006350036 0.79448986 0.0005485267 0.8912966 1.4421915e-14 0.12259926 0.8020749 4.3557234e-06 0.9368087 0.89188784 1.3263065e-06 0.23039143 0.2519677 0.020109227 0.00087131665 5.95691e-05 2.0636695e-05 0.09838671 5.3390017e-05 3.1121588e-06 0.003932075 3.153735e-05 1.5043175e-06 0.32350573 0.7602187 0.00010552187 4.3554097e-05 0.17436127 0.41515133 1.1033897e-07 0.012169151 1.27032945e-05 6.1307796e-06 2.5513118e-05 0.00061874295 0.0026638575 0.026845355 0.42393038 9.151655e-06 0.0001455019 0.19273593 1.1731473e-05 0.41236782 4.902912e-06 0.07474263 1.472887e-05 0.00065065216 0.034711976 6.4829196e-06 1.404032e-05 0.00035260167 4.029784e-06 5.212211e-05 0.021681387 1.2980878e-05 8.8137307e-07 4.777079e-06 0.10838323 0.059760876 0.03866472 1.0622475e-05 0.009781154 7.156743e-05 6.167799e-05 0.015900334 0.015052842 0.02273676 3.944561e-05 8.287405e-05 0.020360153 4.695989e-08 0.011841478 0.023379887 6.315946e-06 0.006181988 0.016587926 0.0008934032 0.0011534422 2.7649998e-05 0.0045413896 5.434885e-06 1.0424113e-07 0.001986473
0.97411275 0.016646199 0.5919284 0.00280206 0.00042663628 0.88294923 0.7102667 0.003907511 0.092779696 0.43411434 0.0006128021 7.5178694e-05 0.00021991157 0.08622008 0.0014538377 0.008189444 0.6028151 1.1636982e-05 0.84183615 0.08991976 0.5641575 0.17084993 0.12259926 6.462403e-11 0.22066878 6.0740865e-07 0.44581074 0.19548312 1.60175e-06 0.0011499401 0.8126466 0.7957495 0.1630749 0.016118629 0.0016949296 0.923052 0.004133019 5.493535e-06 0.2914379 0.0022661625 4.136017e-07 0.239404 0.050730143 0.045001272 0.0010560473 0.3789319 0.11088518 2.6383195e-06 0.0032788906 0.001019642 1.0591595e-08 0.001117332 0.16649675 0.1149952 0.45209205 0.0014473553 0.004932555 0.012051786 0.010366229 1.3097194e-05 0.014829564 5.3003224e-09 0.0060403054 0.0050126924 0.022487137 0.001780382 0.0010204046 0.0048390953 0.0077162883 0.00016680188 0.00033158978 0.26862413 0.00076738413 2.1270616e-06 0.00011309222 0.009938264 0.0933082 0.0032603468 7.4015064e-05 0.004889131 0.0013568575 0.012957824 0.030961078 0.069389276 0.24849619 3.6125803e-05 9.185805e-05 0.106169485 9.300698e-05 0.00046816177 0.056662444 5.9457093e-06 0.00020371533 0.1357925 0.006894691 0.00021567024 5.9487746e-05 0.053238884 2.648763e-05 3.6684605e-06 2.9384522e-05
0.9022606 0.00020216279 0.19324888 4.310563e-05 2.0459487e-05 0.17809771 0.04648474 0.014223984 0.24242423 0.027218342 0.0057133543 0.00029121383 6.317455e-05 7.837614e-05 1.3727705e-05 0.27701792 0.60773295 0.0005212149 1.8178122e-05 0.93744767 3.5334815e-05 0.98620033 0.8020749 0.22066878 4.584887e-16 2.2252045e-05 0.71910715 0.050974555 0.0014014235 0.45438135 0.22692639 0.015275257 6.97286e-05 8.7592974e-07 9.493572e-06 0.06815148 2.2443912e-06 9.4579536e-07 0.00019189772 3.8228055e-07 0.0005258535 0.18546246 0.6536797 6.311962e-07 1.1232084e-05 0.07062536 0.6828733 2.0500705e-08 0.7244844 4.3931095e-08 1.52272005e-05 6.1557955e-08 2.1703146e-07 8.21918e-05 0.007263369 0.36924374 1.554708e-08 5.8731985e-07 0.1437973 7.042417e-05 0.012135252 0.0002523875 0.039005443 1.1815937e-08 2.1911741e-05 0.072192855 3.2116062e-05 2.0194541e-08 1.4038143e-06 2.3933326e-05 9.635944e-07 0.0069458876 3.9671264e-08 6.385808e-08 3.9643598e-07 0.0043954663 0.03494888 0.012661121 1.2726527e-07 0.00019702314 3.702181e-05 2.4347966e-07 9.80343e-05 0.00019255237 0.010360828 9.417576e-09 1.4522331e-07 0.008357619 2.4269597e-10 0.0011519982 0.007703531 2.7380374e-09 0.00013298949 0.005922372 2.7683623e-06 0.000106450854 1.694438e-08 0.0010833112 7.05503e-08 2.9822933e-09 8.086186e-06
5.999753e-06 0.09238229 0.0049542906 0.03697076 0.22256711 7.053937e-05 1.8959523e-05 0.09578897 0.0022031325 0.0026930037 0.22560123 0.9725805 0.21038209 1.3649352e-05 0.058006752 0.006708018 2.3587879e-07 0.91955316 4.5247563e-07 0.00024231555 5.2933146e-08 2.164941e-06 4.3557234e-06 6.0740865e-07 2.2252045e-05 1.5141346e-12 1.4747705e-07 7.7578653e-07 0.74644893 0.00035965643 7.776829e-07 1.3576042e-07 2.2462607e-06 1.514439e-07 1.2829487e-05 6.8565015e-08 4.8683997e-08 0.0072998577 2.15262e-07 2.4067159e-08 0.005359829 5.8813114e-08 7.391761e-08 8.283225e-09 1.6859782e-05 1.0843229e-07 1.7713421e-07 2.4223435e-05 9.750418e-06 1.2623839e-07 0.9677237 6.8578063e-09 7.8315127e-10 5.1457732e-08 7.827041e-08 1.107514e-05 3.8390233e-09 5.7110384e-08 2.955159e-09 0.0011367613 2.152115e-07 0.002819927 6.860845e-08 4.175598e-09 1.9224912e-07 4.164757e-09 1.7257829e-08 1.3595721e-09 1.6118682e-08 8.4488316e-10 8.969417e-08 5.08296e-09 1.4999516e-09 1.7879927e-06 2.2415811e-09 8.1009904e-10 2.2612884e-08 1.2508583e-10 2.3842777e-08 1.0678984e-08 5.5005e-07 4.556301e-09 1.054901e-09 2.1012452e-09 3.99133e-08 9.4891215e-09 4.5999926e-07 4.4634128e-09 5.002903e-10 5.607842e-09 6.6144623e-09 1.108422e-08 1.3000409e-08 1.1248425e-08 7.823713e-08 3.263708e-06 4.586527e-07 2.1007254e-06 1.7871589e-08 5.8164737e-08 5.6796416e-09
0.98735803 4.0175302e-05 0.21350335 1.0935145e-05 3.7155085e-05 0.29273385 0.2536827 0.00067627 0.09377812 0.05031045 0.00039891672 6.9196954e-06 6.7592005e-06 0.016835127 7.6568485e-06 0.008220725 0.8502521 4.4046933e-06 0.0025001785 0.38065925 0.0048998436 0.86332506 0.9368087 0.44581074 0.71910715 1.4747705e-07 7.193068e-15 0.8048069 1.4535127e-06 0.020453375 0.53391886 0.07119068 0.0021957397 0.00018729623 0.0006359266 0.3110757 0.00016808033 1.2880142e-07 0.018655911 5.3958396e-05 6.3142136e-07 0.5540458 0.7778867 0.00014005355 4.5690114e-05 0.38811538 0.57159996 1.4970627e-08 0.13383128 2.5766403e-06 1.0483111e-07 9.030098e-06 0.00022852405 0.0052586272 0.10448641 0.40739235 3.827433e-06 0.00019492823 0.17765066 4.4074704e-06 0.11609959 1.3531358e-07 0.06428053 1.6145876e-05 0.0008177422 0.09014634 0.0022659705 4.9960596e-05 0.00010258017 0.0008363092 3.1901238e-06 0.08853107 4.8366037e-06 1.4492282e-07 3.1014762e-05 0.05417863 0.21163741 0.06873571 6.5886916e-06 0.008095085 5.2174582e-05 0.00023203446 0.013517559 0.035713244 0.09247306 5.6855544e-07 3.2981734e-06 0.12307643 8.452031e-08 0.00557569 0.06380956 1.272493e-08 0.0014185403 0.078774296 0.00011361587 0.0054591005 6.7438314e-08 0.009266405 7.906543e-06 1.1234387e-07 0.00013058749
0.4991432 0.00014530083 0.05093317 6.727339e-05 7.4992554e-06 0.0911504 0.6349412 1.0875551e-05 0.0013282794 0.0029821715 2.6105108e-06 1.7460766e-07 6.796925e-06 0.008669977 3.0586252e-06 6.357374e-05 0.82478994 8.0776694e-08 0.005415386 0.16174233 0.0058926637 0.2886923 0.89188784 0.19548312 0.050974555 7.7578653e-07 0.8048069 9.43465e-14 3.624608e-08 0.003412052 0.47867095 0.0332399 0.0023008608 0.0008980442 6.8976105e-06 0.1985155 0.00054897234 2.2749614e-06 0.009657312 0.00028359267 3.1210624e-07 0.9637903 0.8518712 0.0027159443 3.2915634e-07 0.52198213 0.032496642 6.3449987e-09 6.0177088e-05 0.00017117486 1.3139072e-06 0.0002612436 0.001434725 0.0044969902 0.049612552 0.059904557 0.00012664436 0.0010192107 0.68671685 5.6216877e-06 0.84306705 1.333635e-06 0.034294847 0.00014140991 0.0012616512 0.008790693 9.877454e-07 0.00018527667 0.0011264476 6.525642e-07 4.004047e-05 0.03636971 6.163571e-05 2.3293647e-07 4.7241917e-07 0.295841 0.33144137 0.19401304 6.768894e-05 0.22347444 0.00050906086 0.0004281764 0.34577355 0.24923706 0.025082717 2.9179732e-06 0.00020059873 0.09743039 2.9285573e-07 0.027542068 0.11370416 3.0301017e-05 0.027412033 0.016421892 0.00087527395 2.7695785e-05 0.00020392567 0.008282072 9.658748e-06 5.0104905e-08 0.0057383147
0.0004920276 0.005466684 0.0034854144 0.0006368874 0.0006144989 6.300475e-05 9.5682135e-06 0.63114876 0.060241137 0.00019696416 0.8490103 0.72802025 0.0011848742 6.973644e-09 9.493666e-05 0.617235 6.2018904e-07 0.8432277 1.4731167e-08 0.008449736 2.3652662e-09 2.5201169e-05 1.3263065e-06 1.60175e-06 0.0014014235 0.74644893 1.4535127e-06 3.624608e-08 1.3013374e-13 0.21344402 1.2811947e-06 2.4808978e-08 4.290605e-09 5.4580246e-10 2.1995571e-07 3.1025115e-07 2.1392693e-10 1.5721354e-05 9.886733e-10 5.6022242e-11 0.99296784 3.723452e-08 4.0659554e-08 2.0343525e-09 2.2903684e-07 2.985028e-07 0.00025789216 2.3410643e-10 0.37410614 3.0035102e-10 0.40949628 7.239716e-11 5.1924615e-10 4.217178e-09 4.3804906e-09 1.1585762e-06 5.0641263e-10 4.3771892e-10 6.9925967e-09 3.080087e-06 5.344128e-08 0.37527603 5.6012396e-08 2.8871092e-10 5.3406097e-09 3.3776413e-09 5.1892566e-09 2.0037556e-10 3.544465e-10 3.0111275e-10 2.8934997e-09 1.3106238e-09 8.29912e-12 4.644884e-08 2.3607073e-11 1.5601492e-09 6.8489565e-09 6.060499e-11 6.826599e-10 1.5625674e-09 1.619588e-08 4.962494e-10 3.469519e-09 6.8512165e-09 6.6462846e-08 2.733792e-11 1.1645291e-08 1.242153e-08 1.7033984e-11 4.3306287e-09 1.9689361e-09 1.0110076e-09 2.0688036e-08 1.3094295e-07 9.87251e-09 6.998865e-10 7.844957e-09 4.1767373e-07 2.1772404e-09 3.7005394e-09 7.3124956e-10
0.0118807135 0.002117031 0.024482382 0.0002849623 3.4727833e-05 0.0028284758 0.009358974 0.09502661 0.63074386 0.00079831755 0.049289532 0.0022370564 1.7268061e-05 3.3327735e-06 9.2910886e-07 0.9345243 0.0062884493 0.0021355243 7.998373e-07 0.95403016 2.952931e-07 0.3318785 0.23039143 0.0011499401 0.45438135 0.00035965643 0.020453375 0.003412052 0.21344402 8.489929e-17 0.0015023921 3.3247594e-05 1.6856073e-06 2.7014108e-08 1.9549445e-07 0.0007959346 8.520141e-08 6.688948e-07 3.3977852e-07 2.9613787e-08 0.02578227 0.00043915943 0.004017212 1.0750881e-08 4.429891e-07 0.00038891842 0.32687366 1.8232072e-08 0.979405 4.5811824e-08 7.9241814e-05 8.687518e-09 2.2307615e-08 1.2478255e-07 3.9949082e-05 0.21930969 1.1075699e-09 1.9476653e-08 0.00018785687 1.2247914e-05 0.00047299243 0.002620502 0.0009041069 4.1179242e-09 1.8316221e-07 0.00019068677 4.2506674e-09 2.2363872e-10 1.0230528e-07 6.9953554e-10 8.282411e-07 8.883718e-06 1.868152e-09 1.824717e-08 1.6024535e-09 3.6903864e-05 0.00010444498 4.2667798e-05 7.836601e-08 9.451213e-06 3.261357e-07 9.416835e-10 2.2557706e-06 5.7710338e-08 1.244028e-05 1.3248351e-08 3.9381257e-07 1.20847935e-05 3.235071e-12 7.110119e-06 1.0968828e-05 1.8648278e-08 2.3238367e-06 2.2978215e-06 9.719307e-08 1.6608519e-06 9.305057e-08 1.1578339e-06 5.5670895e-09 1.8623199e-10 5.588071e-08
0.9538295 0.002422235 0.29790342 0.00043770458 0.00019140754 0.5337751 0.6939559 0.0011467548 0.039322205 0.06921343 0.00014583823 3.5875757e-05 0.00018806086 0.017709132 0.000538182 0.0034229688 0.7036342 3.7524303e-06 0.2957011 0.08580412 0.08585483 0.2756147 0.2519677 0.8126466 0.22692639 7.776829e-07 0.53391886 0.47867095 1.2811947e-06 0.0015023921 2.556637e-10 0.35118747 0.014550911 0.004167738 0.00025991336 0.9622563 0.00046485514 3.4457e-06 0.08257449 0.00024471965 5.3762386e-07 0.5354526 0.21766764 0.011169287 0.00029297377 0.94017255 0.10945794 1.505579e-06 0.007958258 0.00021923603 3.381562e-08 0.00013338425 0.16839409 0.022907723 0.176989 0.009758014 0.0024566986 0.0012046213 0.08560631 3.502174e-05 0.03728534 3.9196667e-08 0.025616867 0.003192017 0.00421875 0.015235328 0.00082986004 0.0021314346 0.0025207961 0.00012760039 0.00010912772 0.1513115 0.00015545792 3.8712683e-06 6.531695e-05 0.029111428 0.13504604 0.020435866 1.4579088e-05 0.012323834 0.00032077756 0.006822077 0.065994 0.084972024 0.14987981 1.903244e-05 2.94801e-05 0.11334188 3.5641646e-05 0.0026753563 0.06991616 1.1813514e-06 0.0013731777 0.108926915 0.0019859588 0.00032791644 7.4759123e-06 0.04307901 1.3739492e-05 9.759535e-06 0.00019289882
