5.0039813e-14 0.73548895 0.8845406 0.80015886 0.7272859 0.8916836 0.039998356 0.9746381 0.6169924 0.56489027 0.9437444 0.928261 0.46101218 0.34307727 0.48387524 0.8076083 0.07533863 0.77823186 0.28018865 0.93229425 0.9669772 0.2148551 0.99018794 0.72010916 0.9633136 0.9825779 0.9607764 0.9670753 0.43376595 0.88493806 0.96682626 0.96848637 0.9236874 0.9530259 0.9021629 0.9429399 0.9202823 0.02939016 0.99493456 0.97997034 0.9755022 0.7488386 0.88022155 0.9408235 0.9152699 0.98462003 0.7545442 0.95594317 0.973824 0.97739875 0.9001792 0.9232584 0.99294215 0.9600925 0.97566265 0.9888122 0.0649176 0.87966824 0.702889 0.9987545 0.9663142 0.897054 0.0032326218 0.9855525 0.9966722 0.9992999 0.9901034 0.98589367 0.32207114 0.99391794 0.9873066 0.050605632 0.99994963 0.96162564 0.98951733 0.02570939 0.15638568 0.9953561 0.020554572 0.9909727 0.969909 0.99423426 0.96346176 0.9856805 0.028246941 0.43024194 0.33565778 0.089641206 0.9485138 0.8523435 0.9980699 0.004545196 0.56343746 0.9994728 0.9999282 0.44279727 0.9999923 0.9999969 0.13175473 0.97671485 0.345443
0.73548895 4.6656625e-15 0.9908339 0.9879365 0.8325451 0.52606815 0.039694507 0.122624755 0.00436303 0.012083326 0.6832443 0.23235142 0.029173719 0.0008193682 0.00047952618 0.0006183238 0.0003691914 0.0039679366 0.0054327897 0.0037861469 0.0038107724 5.8825012e-06 0.27495968 0.0007408102 0.3391279 0.116372004 0.044127367 0.15972336 0.010501424 6.4303495e-05 0.0002598655 0.02306141 0.026154513 0.002720974 6.502886e-05 2.1651998e-05 0.0004474134 0.0005372787 0.31351575 0.017437315 0.015317138 1.783319e-05 1.1652179e-06 0.0041406434 2.5473828e-05 0.0032869838 5.6424688e-06 0.0043300083 4.313493e-06 0.0005945177 1.6647808e-05 0.000341373 0.01622302 0.00020502528 0.016610771 0.00068509567 3.6423484e-05 2.2964805e-06 2.9724138e-06 0.072063416 2.0678302e-05 1.3061246e-05 5.6446945e-05 4.7685513e-05 0.0012623973 0.024782812 0.00020476012 0.002362559 4.5351246e-07 1.9356527e-05 1.6746182e-05 0.00018633666 0.039659753 6.380841e-06 1.8009877e-07 5.325168e-06 7.611414e-07 0.0013551841 0.00013505232 0.0015470424 1.6045931e-07 0.0003608369 2.7673318e-07 5.054571e-07 4.76889e-06 1.4343057e-07 3.2454653e-07 5.824964e-09 2.5864297e-09 1.539385e-08 5.8479998e-08 0.00015433863 8.200525e-08 5.666735e-08 0.0041405107 6.8104015e-08 0.000116610514 0.03295496 1.4190055e-08 1.5025812e-08 7.707881e-09
0.8845406 0.9908339 8.7021895e-14 0.75267816 0.24284144 0.88440835 0.0015767595 0.01791486 0.00017307061 0.00011206497 0.67914623 0.49827075 0.07343504 1.9087379e-06 1.0113799e-05 1.7591725e-05 0.00010376827 0.01141333 0.008862537 0.003057772 6.150002e-05 1.5291229e-05 0.16921192 9.615777e-07 0.571879 0.031936128 0.006326963 0.30230463 1.0079025e-06 0.0001324475 3.61431e-07 0.0028140626 0.00069107267 0.000180489 6.7861576e-05 2.4935693e-08 0.00033328944 6.889524e-08 0.4442911 0.030496242 0.0025386706 5.3568547e-06 1.2365638e-06 0.0077976687 3.3863546e-06 0.00071870605 5.5655724e-05 0.0005441475 1.0351537e-07 3.3464746e-06 2.7758097e-06 8.481573e-05 0.049232 3.1856973e-06 0.003991873 0.0006272906 4.3177647e-06 2.3524043e-08 1.4556733e-07 0.15916437 1.3440539e-06 4.1174182e-05 1.6997758e-08 1.8796671e-06 0.0003633472 0.008794651 8.217991e-06 0.001625569 1.9264208e-07 1.6780186e-05 3.1871102e-06 6.558162e-08 0.03864993 3.982382e-07 3.002985e-07 5.374744e-08 1.1620412e-07 0.00039409948 4.841167e-08 0.00019691963 3.7718874e-06 0.00016314053 4.4435387e-06 1.6179423e-06 2.938887e-07 1.6005696e-08 3.365147e-09 1.0201763e-06 2.493228e-07 3.767415e-08 8.326547e-07 2.3705384e-06 1.5333221e-08 3.8534257e-08 0.0040232777 2.2849175e-08 1.1698326e-05 0.089392476 3.0381335e-09 1.0511372e-09 1.6040894e-09
0.80015886 0.9879365 0.75267816 2.368323e-16 0.43922743 0.6339287 0.046372 0.22018833 0.0025134278 0.0010149691 0.91615343 0.2782609 0.012154189 4.851009e-05 0.0009143704 0.0006960632 0.0002757691 0.009237302 0.0028190934 0.010131419 0.0059298994 2.9159928e-06 0.49524552 2.4397827e-05 0.2696168 0.27960375 0.11741101 0.050587814 2.673793e-05 7.663431e-06 8.662509e-05 0.013078198 0.055170145 0.0064135417 1.2798983e-05 6.270934e-07 1.0106606e-05 3.2376859e-06 0.31925273 0.0018404956 0.028381778 7.5347257e-06 2.6333333e-07 0.00020812034 3.1380907e-06 0.00684315 1.5385682e-05 0.0020407012 1.2092322e-07 0.00017201241 0.00012531306 1.6547645e-05 0.0057595 0.00012466546 0.012747973 9.199822e-05 2.0505177e-05 6.4748e-08 1.0817434e-06 0.025082065 2.4154115e-05 2.7222728e-05 1.5432832e-08 8.9621884e-05 0.0026389451 0.023921136 0.0006480759 0.00010389224 3.2322037e-06 1.8137256e-05 0.00012742165 1.27396715e-08 0.06177147 2.6801981e-05 5.72054e-06 8.583179e-09 8.169909e-08 9.5718875e-05 4.7233764e-09 0.00023303526 4.0897125e-06 4.0534444e-05 2.4021508e-06 5.5355156e-07 7.611872e-07 1.1507182e-08 7.2735924e-09 9.2699295e-08 1.7015175e-08 8.442058e-08 9.5035773e-07 1.8208754e-06 6.628684e-09 2.8607582e-07 0.0010778571 2.4781974e-08 3.4698965e-05 0.005024205 3.947191e-09 9.271535e-09 9.94838e-10
0.7272859 0.8325451 0.24284144 0.43922743 6.8769675e-13 0.06629826 0.9745392 0.88565135 0.76400375 0.9620959 0.42733565 0.032778457 0.005006601 0.54463303 0.10079161 0.0051820367 0.0022534947 2.6579131e-05 0.00082080177 1.3714881e-05 0.0047621075 5.0453027e-06 0.2595571 0.080711745 0.070861265 0.041721474 0.019607801 0.021607561 0.26315284 6.110277e-07 8.863699e-05 7.3306335e-05 5.4711145e-05 1.25638235e-05 4.6224536e-06 4.006318e-06 0.000113637645 0.0068563423 0.068573885 0.0017892201 0.0014281594 6.146513e-07 5.207642e-08 0.00038884816 1.18433245e-05 0.00038184552 8.959227e-08 1.4067119e-06 5.1403786e-06 1.9287913e-06 9.05239e-09 7.8468656e-05 0.0016581349 9.5101956e-07 0.00065678236 5.4517335e-05 3.0578918e-05 6.134537e-07 7.864782e-08 0.009770311 1.046871e-06 5.0634934e-08 0.000416952 2.9862636e-07 4.720341e-05 0.0035307903 7.754867e-06 0.00014848362 5.374047e-08 1.00948434e-07 3.5594562e-07 0.0001492066 0.022010017 1.798488e-08 1.8283812e-07 3.2668704e-05 2.695266e-06 0.00024138743 0.00056041946 2.8235898e-05 5.014322e-09 0.00013798985 1.4963291e-08 1.1797989e-08 1.5727863e-05 2.4162912e-07 3.9330644e-06 4.476647e-08 6.1082986e-08 4.5859647e-08 2.2160156e-09 4.213633e-05 1.8468427e-08 2.5105429e-09 0.001073159 9.3182365e-08 1.6703245e-07 0.0144077735 1.233055e-07 1.2599339e-09 3.3821554e-08
0.8916836 0.52606815 0.88440835 0.6339287 0.06629826 1.3587691e-12 1.1094146e-05 0.000562346 2.6248965e-05 0.0003755173 0.29362634 0.9656317 0.94386864 3.1102558e-05 1.2939695e-05 1.1703648e-05 4.9889773e-06 0.31538308 0.41940024 0.7296474 1.8375953e-05 1.8306258e-08 0.020266935 1.8861803e-06 0.43806958 0.0015613292 0.00035630443 0.376134 0.0009686888 0.019489111 3.9838216e-07 0.026915437 0.0002449452 0.00073694385 0.0024079229 1.2910247e-07 0.021172935 6.4992964e-05 0.14884165 0.16155568 0.0004656198 5.7349854e-07 3.966992e-05 0.043753926 0.0008415882 7.1749084e-05 0.0015006366 0.017181559 1.8123206e-06 5.2787124e-07 0.00014645915 0.003250992 0.11608248 2.8982447e-07 0.00045317243 0.0060781874 2.652246e-05 7.133225e-08 1.4912115e-07 0.2208664 1.3226189e-07 9.5294876e-05 3.0719656e-07 3.3483502e-07 0.0001170371 0.0046275877 6.4144715e-06 0.011074993 6.765244e-08 8.77955e-06 3.239859e-07 1.4550215e-08 0.008849151 2.3412419e-07 2.1638766e-09 4.8949268e-08 3.4477775e-08 0.0038755317 1.101814e-06 0.00288105 2.9465664e-08 0.0024538478 7.6749934e-08 2.2608003e-07 2.657102e-07 1.3412976e-07 1.15386506e-07 1.2866349e-06 6.703548e-05 3.5795317e-08 1.15261784e-07 2.4370306e-06 7.0307253e-09 1.44079e-09 0.024379529 8.087844e-08 2.1886302e-05 0.19584025 3.7448334e-08 4.026785e-09 2.6500184e-09
0.039998356 0.039694507 0.0015767595 0.046372 0.9745392 1.1094146e-05 3.0361766e-16 0.94671595 0.96989214 0.786766 0.04488955 0.00015495053 5.154418e-06 0.5009245 0.5570526 0.14742537 0.12650488 3.313893e-08 8.972035e-08 2.004463e-06 0.056733053 0.043268226 0.05089354 0.065344036 0.0010443368 0.049125724 0.04795348 0.00016502957 0.0014671743 2.7126497e-09 0.0010667413 3.2542598e-06 0.0015237958 8.63471e-06 1.5722636e-08 2.2846703e-05 1.839246e-08 7.848142e-06 0.0014557872 2.665207e-06 0.0063409684 3.2486612e-05 4.754011e-11 1.171009e-07 7.424096e-10 0.0009598923 7.943341e-08 7.654205e-08 2.916465e-06 3.141332e-05 4.464658e-08 3.382104e-08 5.803459e-06 1.5165767e-05 0.00049293635 1.7935173e-08 0.00018419126 1.8655393e-06 7.3478263e-06 0.00016867928 3.4836946e-06 5.651753e-08 6.63605e-08 3.164942e-06 4.791051e-05 0.0018849773 2.1645723e-05 6.440998e-07 1.5676657e-06 1.2404206e-07 1.2496768e-06 4.480421e-07 0.0035393632 3.6844906e-08 1.8004589e-07 5.5714374e-08 4.4990037e-07 1.344166e-07 9.4804435e-08 4.3321556e-06 1.0210318e-06 8.8388646e-07 8.889077e-07 1.7031306e-07 8.063866e-07 2.7604756e-09 1.293387e-09 9.279424e-09 5.7359884e-10 1.1383949e-08 4.2745892e-08 3.0742765e-08 1.8059367e-08 1.536866e-10 4.8567563e-06 5.727423e-08 8.080752e-08 5.4040695e-05 6.6713454e-11 2.7147045e-09 1.2911156e-11
0.9746381 0.122624755 0.01791486 0.22018833 0.88565135 0.000562346 0.94671595 1.1565827e-11 0.8907804 0.738158 0.5254549 0.000745684 0.00013875536 0.653344 0.7432913 0.6650007 0.37856054 1.1603625e-05 1.7283186e-05 6.238714e-06 0.6280072 0.16390796 0.8237127 0.7519667 0.01079219 0.822198 0.8283919 0.0038261123 0.76980937 1.2383363e-06 0.010327898 0.00026853086 0.03698747 0.0007578126 6.9014953e-07 0.001710056 4.646479e-06 0.060119037 0.049276404 0.00035229328 0.22273006 0.00060238794 4.3347047e-08 4.129987e-05 5.0183553e-07 0.040589936 1.093099e-06 4.1966174e-05 0.000113955844 0.0003671022 1.3943419e-07 3.4188233e-06 0.0004929399 0.00028014093 0.018663866 1.1194911e-05 0.0021738082 0.00010389868 0.0004551392 0.013807622 7.099079e-05 7.5629036e-06 0.0012231643 6.3255575e-05 0.0055199284 0.109339364 0.0004863785 0.0001661931 1.5760912e-05 3.4886503e-05 3.7850525e-05 0.0024116805 0.19340913 9.831569e-06 2.8635218e-06 0.00037179294 0.00028198885 0.00020819856 0.00087190064 0.00020202922 8.782523e-06 9.9565674e-05 1.6162792e-05 1.6510881e-05 3.45125e-05 2.6171801e-05 0.00010715088 1.0774079e-06 3.2458925e-07 4.2180557e-07 1.0758046e-05 2.6019994e-05 9.356189e-08 2.3292337e-07 0.0027931915 1.322889e-05 8.095767e-05 0.006436127 2.2556976e-06 6.924923e-08 1.11858085e-07
0.6169924 0.00436303 0.00017307061 0.0025134278 0.76400375 2.6248965e-05 0.96989214 0.8907804 1.9590147e-11 0.9526282 0.049419563 0.000339337 2.0457048e-05 0.8371693 0.9283435 0.20843142 0.47596973 4.670487e-06 3.509307e-06 2.412666e-06 0.0938337 0.046888903 0.17229815 0.6775325 0.0006214271 0.11462779 0.115343474 0.00023672129 0.5522478 2.0515103e-08 0.0025320586 1.0726452e-05 0.00036774768 1.4444857e-05 3.096142e-07 0.00036650823 4.1810476e-06 0.06136439 0.0020215816 3.3089465e-05 0.018695185 3.0185503e-05 3.9054338e-09 3.5164296e-06 2.2838358e-07 0.0036270982 5.3566424e-07 8.070451e-07 3.883217e-05 0.00010163726 1.8716382e-07 1.6927487e-06 6.776831e-05 6.9031485e-05 0.0008616629 1.7796823e-06 0.0024748512 8.4625935e-05 7.466532e-05 0.00031949562 1.8451501e-05 4.5242704e-08 0.0020280892 9.4993675e-06 0.0003011378 0.011230265 9.718163e-05 9.397127e-06 7.422808e-06 1.2779096e-06 5.2201376e-06 0.0015271571 0.021927014 7.871577e-07 1.1728682e-06 0.00014895265 5.4802214e-05 4.7765598e-06 0.0017060547 1.3973092e-05 1.5748348e-07 6.686018e-06 5.823548e-07 3.5805067e-07 2.7951526e-05 1.2274007e-06 6.134569e-06 9.014725e-09 8.7133356e-10 8.660423e-08 1.1275949e-07 0.00022318195 7.227875e-08 1.7552283e-08 0.00016380326 1.676105e-06 2.2964566e-06 0.00082901405 1.1868764e-07 1.3059607e-08 1.45676555e-08
0.56489027 0.012083326 0.00011206497 0.0010149691 0.9620959 0.0003755173 0.786766 0.738158 0.9526282 2.0745614e-11 0.09436861 0.0003548524 5.255667e-05 0.98492634 0.44673133 0.03322361 0.016567597 2.7558713e-06 1.4922671e-05 2.6251342e-07 0.039314255 0.00024181532 0.1640233 0.67120874 0.004908852 0.06558883 0.05158261 0.0015117293 0.3026572 6.2622e-08 0.0002257458 9.2296216e-07 5.677462e-06 7.177973e-07 4.2499707e-07 6.698952e-05 8.48364e-06 0.0020268913 0.007128013 1.3703231e-05 0.00545487 1.2672252e-06 7.075742e-08 6.6040916e-06 2.1715828e-06 0.00048782976 1.8869763e-07 7.097653e-08 1.1148885e-05 3.9911743e-06 2.2876385e-08 8.845185e-06 1.778582e-05 1.4768557e-06 0.00013078765 8.688037e-06 4.337908e-05 6.2883646e-06 1.9704944e-06 0.00057250157 1.534883e-06 4.634872e-09 0.0003096684 8.488686e-07 1.5343878e-05 0.003723522 1.4709837e-05 0.000103224316 1.7068281e-07 1.6389446e-08 1.997011e-07 0.00013277544 0.011606626 8.429391e-09 5.0068917e-07 1.4436746e-05 3.7272575e-06 4.3886237e-05 0.00031015783 2.0288765e-06 2.70944e-08 0.0002691426 7.921781e-08 4.3525255e-08 9.471471e-06 5.3499623e-08 2.6540934e-07 7.426978e-08 6.699388e-10 1.7906368e-07 6.656722e-09 1.0374269e-05 7.3567844e-07 2.008799e-10 0.0009357697 6.3315684e-07 6.8821294e-08 0.002118084 6.1218017e-09 2.3223876e-08 1.973203e-09
0.9437444 0.6832443 0.67914623 0.91615343 0.42733565 0.29362634 0.04488955 0.5254549 0.049419563 0.09436861 3.776822e-10 0.5774249 0.032077976 0.027239077 0.013763901 0.0068510873 0.0017942003 0.008550012 0.0023389547 0.047359467 0.0040900097 0.00013268557 0.97868586 0.008145347 0.6550759 0.27255768 0.06508014 0.19986615 0.029206183 4.5432844e-05 0.0014044687 0.06871775 0.09542774 0.12885971 9.339313e-06 0.00013878779 9.997024e-05 0.001921993 0.6264923 0.007784747 0.02053728 0.000566448 4.0792244e-07 0.00044563465 5.414915e-06 0.005174368 3.399688e-05 0.003808705 0.000100487356 0.00021443087 1.9873693e-05 4.2972435e-05 0.016017113 8.070629e-05 0.016581072 0.00015602514 6.529869e-05 5.3540738e-05 4.0117946e-05 0.1345538 3.736671e-06 0.0023885544 8.711338e-05 1.6483476e-05 0.004254444 0.08090299 0.00014948276 0.0005495336 1.2539757e-06 0.0028168939 1.2665323e-05 3.761307e-05 0.22455141 1.0043471e-05 5.0726555e-07 4.230538e-06 5.977345e-07 0.00022296412 9.714207e-05 0.0065155313 3.5688852e-05 1.6694185e-05 5.6963716e-05 7.1928924e-05 2.793865e-07 2.6803987e-06 2.9557316e-07 1.420358e-06 8.615707e-08 2.8245495e-08 7.7860685e-05 2.5018839e-05 2.663626e-08 5.3613036e-07 0.0073312772 3.575806e-08 0.0022906999 0.053001914 3.605297e-07 6.8192585e-10 6.5984004e-08
0.928261 0.23235142 0.49827075 0.2782609 0.032778457 0.9656317 0.00015495053 0.000745684 0.000339337 0.0003548524 0.5774249 1.8261696e-11 0.7806144 7.0056674e-05 8.149884e-05 7.7356366e-05 7.09959e-06 0.69319564 0.25863263 0.93079305 0.00018762717 4.0652282e-07 0.15924601 1.4745512e-05 0.85496986 0.020509433 0.0073289247 0.7174759 0.0016221635 0.009746905 5.3326403e-05 0.23520488 0.024654355 0.016168073 0.0040239687 8.8544775e-06 0.035915975 0.0001240484 0.37566334 0.36608616 0.003940076 1.4521791e-05 0.00010992114 0.14306052 0.0010502231 0.00056540663 0.002258174 0.082720324 1.8640321e-05 6.285682e-05 0.00060229684 0.006400585 0.21321659 3.58828e-05 0.0047474043 0.024567725 9.110744e-06 1.5525502e-05 3.0254023e-06 0.2654277 3.4418283e-06 0.0019207038 1.8421373e-06 2.4141333e-05 0.002120368 0.020259378 0.00014900892 0.012767088 8.0179825e-06 0.00034221687 2.1314245e-05 5.0487874e-06 0.041683823 1.2812038e-05 1.2606384e-07 2.0227828e-06 1.740445e-06 0.008798417 1.0355221e-05 0.006360719 2.7163298e-06 0.0012183057 5.2132573e-06 1.01500045e-05 1.835982e-07 4.1192034e-06 5.6307155e-05 1.4003066e-07 3.500054e-07 2.9269322e-07 4.4777044e-05 0.00016732526 6.444737e-08 2.5144007e-07 0.08628069 2.0496611e-07 0.0015730715 0.19604063 1.3222229e-05 6.3049588e-09 1.6857898e-07
0.46101218 0.029173719 0.07343504 0.012154189 0.005006601 0.94386864 5.154418e-06 0.00013875536 2.0457048e-05 5.255667e-05 0.032077976 0.7806144 1.0173808e-14 3.2178866e-06 9.401868e-06 1.2285816e-05 2.8356505e-06 0.8067429 0.983646 0.55450815 1.860232e-05 1.5792614e-07 0.0046660914 1.1500052e-06 0.1382661 0.00078886363 6.982669e-05 0.15855801 4.7274232e-05 0.07349738 2.1659816e-06 0.04196508 0.0007388646 0.0004619481 0.011875961 2.6746302e-06 0.09052571 2.990198e-06 0.032010168 0.21376386 0.00032384397 6.381401e-06 0.0010605041 0.07034232 0.0073669543 8.64437e-05 0.005189468 0.019862916 7.323722e-07 2.5607783e-06 0.0017208821 0.017897852 0.08515831 7.494947e-07 0.0011000414 0.017983355 5.229932e-05 1.7820107e-06 6.506307e-08 0.040671784 2.873218e-07 0.0002970949 6.3678556e-08 5.255426e-07 0.00011402215 0.0031418025 1.6088698e-05 0.0066534136 9.813111e-07 2.00872e-05 7.765023e-07 7.6258294e-07 0.0046204063 2.9165082e-07 8.461321e-08 4.264672e-07 1.2792955e-07 0.0064258017 4.6910977e-06 0.0034741564 4.895898e-08 0.0017944773 5.08749e-07 2.4798242e-06 2.206909e-07 8.8486576e-07 2.677094e-07 3.1306612e-07 1.6008186e-06 9.453989e-08 7.08597e-07 1.0249358e-05 1.1543764e-06 7.253656e-09 0.013797241 5.2673474e-09 0.00020425068 0.12508175 1.2475982e-07 7.967144e-09 6.6863075e-09
0.34307727 0.0008193682 1.9087379e-06 4.851009e-05 0.54463303 3.1102558e-05 0.5009245 0.653344 0.8371693 0.98492634 0.027239077 7.0056674e-05 3.2178866e-06 3.7900708e-10 0.63243276 0.18071294 0.096633606 3.7051618e-07 2.081019e-06 1.6478289e-07 0.08420968 0.0057769953 0.1010074 0.98535776 0.00012319227 0.06536989 0.05677191 2.2559867e-05 0.86355335 5.7469642e-09 0.001469754 1.3542316e-07 1.3153527e-06 3.0024697e-07 7.289206e-08 0.0002760617 6.863538e-07 0.0057853865 0.00097261654 2.6023106e-06 0.011641761 4.3643615e-07 5.731223e-09 8.8170094e-07 2.473413e-07 0.0014345219 1.9153197e-07 1.541556e-08 1.8453682e-05 7.1674913e-06 1.0586162e-08 6.730689e-07 4.9034986e-07 1.3346479e-06 0.000113390495 8.279876e-07 0.0030007095 1.4409731e-05 9.418323e-07 5.0101116e-05 9.168343e-07 1.7526146e-09 0.000278698 9.745532e-07 3.0578667e-06 0.004136949 6.0682646e-06 4.9161245e-06 1.7345235e-07 6.371935e-09 1.9938481e-07 0.0005574249 0.005299078 2.584472e-09 1.5782074e-07 2.9323779e-05 4.156613e-06 4.0065124e-06 0.0003109504 6.4478695e-07 1.4642058e-08 3.67697e-05 4.0351527e-08 4.2363194e-08 7.665959e-06 2.0321625e-08 6.879072e-08 3.508604e-08 1.484938e-10 4.086436e-07 7.2774364e-09 3.0256922e-05 1.5821571e-07 5.1840574e-11 0.00021642556 1.7014058e-06 2.6433868e-08 0.0005837108 2.4740212e-09 7.068468e-09 5.9076133e-10
0.48387524 0.00047952618 1.0113799e-05 0.0009143704 0.10079161 1.2939695e-05 0.5570526 0.7432913 0.9283435 0.44673133 0.013763901 8.149884e-05 9.401868e-06 0.63243276 7.8166526e-13 0.8344415 0.9915476 3.7748646e-07 1.3655425e-06 1.0944685e-06 0.3634695 0.68973345 0.047138873 0.8811884 0.00057811284 0.14611936 0.19375065 0.00020854274 0.42660385 1.1662585e-08 0.042273667 1.0514972e-05 0.002305202 4.058643e-05 4.5089902e-07 0.019705998 6.572444e-06 0.04191956 0.00072583626 2.088589e-05 0.088888854 0.00035240236 4.352712e-10 4.062963e-06 1.7527569e-07 0.022618044 2.5159514e-08 3.414465e-07 0.00028338638 0.0007718661 4.7802295e-09 8.654929e-07 0.00010587094 0.000391068 0.0047081243 7.615401e-07 0.019944666 0.00061471347 0.00025047167 0.00042161497 0.00012012135 5.1966285e-08 0.0020460181 5.5750013e-05 0.00078340276 0.029499361 0.00012225527 1.668948e-06 4.9909457e-05 2.14987e-06 1.7284587e-05 0.009921512 0.00553823 1.4034034e-06 1.8131019e-06 0.002166203 0.0027884378 3.8924477e-06 0.0032401094 1.5066972e-05 2.1199664e-07 6.4632513e-06 9.698406e-07 1.3148937e-06 0.00054261286 1.9680642e-06 2.1087311e-05 7.0988824e-09 1.6432534e-10 3.4329653e-07 2.0868147e-07 0.00032415573 5.5068983e-07 9.2005635e-08 6.953967e-05 1.7546092e-06 2.6015662e-06 0.00046907083 9.384583e-07 7.479991e-08 2.4237101e-08
0.8076083 0.0006183238 1.7591725e-05 0.0006960632 0.0051820367 1.1703648e-05 0.14742537 0.6650007 0.20843142 0.03322361 0.0068510873 7.7356366e-05 1.2285816e-05 0.18071294 0.8344415 2.201145e-13 0.8765758 1.8141387e-07 5.2368814e-06 1.5520956e-07 0.9357825 0.98674 0.05030625 0.6892204 0.00025711468 0.26881984 0.536619 6.714258e-05 0.5674062 7.769108e-08 0.21755402 1.8637924e-05 0.011858617 5.7468995e-05 5.5644995e-07 0.10959138 2.4139067e-06 0.0735969 0.0014710474 1.0930337e-05 0.28340048 0.0025243687 1.2681172e-08 3.5129867e-06 2.4196763e-07 0.15169115 4.0557776e-08 6.481754e-07 0.0018326287 0.0017233761 4.6515756e-09 2.2725958e-06 3.9240185e-05 0.0005396306 0.020274738 8.1868393e-07 0.02671513 0.005024387 0.0026389714 0.0010467168 0.00014926266 4.68354e-07 0.0016516065 0.0001647456 0.0022107314 0.10621588 0.00039039523 6.7270794e-06 0.0004922038 2.9528102e-05 8.443754e-05 0.016579112 0.008322568 3.3622826e-05 3.1006184e-05 0.002969541 0.012331087 8.479013e-06 0.0048305234 2.1762795e-05 4.3754285e-06 2.2549575e-06 1.0222161e-05 1.4123274e-05 0.0011570862 0.00018016965 0.00043243126 8.1848675e-08 2.5328035e-08 2.4575595e-06 3.0022763e-06 0.00016958042 2.2816862e-06 7.996436e-07 0.00023278427 0.000110697394 5.5993783e-05 0.0006299965 2.6344187e-05 6.53855e-07 1.2756352e-06
0.07533863 0.0003691914 0.00010376827 0.0002757691 0.0022534947 4.9889773e-06 0.12650488 0.37856054 0.47596973 0.016567597 0.0017942003 7.09959e-06 2.8356505e-06 0.096633606 0.9915476 0.8765758 3.8841628e-14 6.110862e-08 9.805954e-07 2.9646624e-06 0.38119122 0.9374762 0.0023893905 0.35379788 0.00014440209 0.019802619 0.06745547 0.00011539141 0.0029649653 1.9618595e-08 0.18321185 6.128876e-07 0.0022364273 1.6511527e-05 2.5611948e-07 0.044001825 5.2173153e-08 0.00019029944 0.0005456061 1.4687918e-06 0.04253347 0.0025860495 1.1372507e-09 1.8810597e-07 2.4812387e-08 0.018265907 1.0175081e-08 7.822011e-08 0.0030442148 0.0040584514 7.8989686e-08 6.470183e-08 1.7701313e-05 0.0015086563 0.004596382 3.2474222e-07 0.015539263 0.001978725 0.0009848988 0.00010466285 0.00037948677 4.8544797e-07 6.9096122e-06 0.00052358763 0.00072389236 0.0051095434 0.0010130282 1.0145742e-06 0.0003132395 4.6406867e-06 0.00025406783 0.00016864853 0.0005838586 0.00012431748 4.9307204e-05 3.9826402e-05 0.00010994094 6.77136e-07 0.00014457958 7.0976603e-06 3.001067e-05 2.2800375e-06 1.0769627e-05 3.8851194e-06 0.00017314572 3.314254e-06 2.8105503e-06 1.84636e-08 6.265371e-10 7.652045e-06 1.1158656e-06 4.6588604e-05 2.587427e-05 1.7402185e-07 1.818506e-05 3.2466014e-05 2.4278768e-06 7.9985795e-05 1.2635505e-06 1.9453396e-06 9.765819e-08
0.77823186 0.0039679366 0.01141333 0.009237302 2.6579131e-05 0.31538308 3.313893e-08 1.1603625e-05 4.670487e-06 2.7558713e-06 0.008550012 0.69319564 0.8067429 3.7051618e-07 3.7748646e-07 1.8141387e-07 6.110862e-08 4.827982e-15 0.9740863 0.95399684 6.511096e-07 3.0145657e-09 0.0035220932 4.734227e-07 0.12944336 0.00062570843 1.6646698e-05 0.23144986 1.1054721e-05 0.7664271 6.313783e-08 0.0908878 2.4719968e-06 0.00033455945 0.20910019 1.1228046e-07 0.44207272 1.3796628e-06 0.033553336 0.5208234 0.00014172935 9.533592e-08 0.03229867 0.28994024 0.057720475 4.5120145e-05 0.10268959 0.07173142 3.7702762e-08 1.1718558e-07 0.08395293 0.061466075 0.17869222 1.3323823e-07 0.00031724758 0.07505171 2.2271682e-07 2.402113e-07 1.7406647e-09 0.05276637 4.8355467e-08 0.00047851703 7.339107e-08 4.1666124e-07 6.493139e-05 0.0010179543 1.1413432e-06 0.052291244 1.9624508e-08 1.6674064e-06 3.9333963e-07 8.153995e-07 0.0069389264 4.1543736e-08 5.9691786e-08 1.195623e-07 4.2718906e-08 0.019897234 4.851187e-06 0.006566664 1.3096319e-07 0.0074880174 1.6759539e-07 4.5681727e-08 3.2234723e-07 3.0681184e-07 5.5276246e-07 0.00663963 0.0004973792 1.8373413e-07 4.773092e-07 0.00017823627 1.2997209e-08 4.086106e-08 0.034891065 6.7814403e-09 3.029957e-05 0.22906901 1.02582156e-07 9.45904e-08 1.6708208e-08
0.28018865 0.0054327897 0.008862537 0.0028190934 0.00082080177 0.41940024 8.972035e-08 1.7283186e-05 3.509307e-06 1.4922671e-05 0.0023389547 0.25863263 0.983646 2.081019e-06 1.3655425e-06 5.2368814e-06 9.805954e-07 0.9740863 9.825497e-15 0.27545264 5.5751416e-06 1.9387443e-08 0.0002252604 1.8120613e-06 0.020848045 9.424806e-06 2.2967108e-06 0.040624067 4.5662586e-05 0.94611853 3.8753112e-07 0.005254439 3.7621172e-07 1.3481973e-05 0.08418502 2.2401273e-06 0.16959839 5.480474e-06 0.008787185 0.21675853 7.968402e-06 1.0504883e-06 0.010916385 0.1322674 0.0563315 2.9809441e-06 0.08292128 0.004305157 1.7470009e-07 8.315092e-08 0.04409054 0.05159178 0.0461939 2.894821e-08 1.3129109e-05 0.042695634 2.10924e-05 2.4354307e-07 2.8677372e-09 0.015091336 1.6223364e-08 3.1280677e-05 1.9732691e-07 2.2320258e-08 3.0245972e-06 4.6002515e-05 9.4143445e-07 0.018283824 1.1591868e-07 4.381528e-08 1.3372068e-07 9.016208e-08 0.00092125364 3.408331e-08 4.403563e-08 8.1595545e-08 4.1637762e-07 0.018149056 2.1491444e-06 0.0016035935 2.2853828e-09 0.0050903857 3.0535304e-08 3.678283e-08 8.227849e-08 9.0611235e-07 6.562726e-07 4.775082e-05 0.0005971654 1.15855684e-07 3.2018736e-08 1.8600156e-05 7.5371766e-08 6.2026617e-10 0.014864126 2.4128324e-09 8.252709e-07 0.120471016 3.005467e-08 7.4879525e-09 8.3602164e-10
0.93229425 0.0037861469 0.003057772 0.010131419 1.3714881e-05 0.7296474 2.004463e-06 6.238714e-06 2.412666e-06 2.6251342e-07 0.047359467 0.93079305 0.55450815 1.6478289e-07 1.0944685e-06 1.5520956e-07 2.9646624e-06 0.95399684 0.27545264 9.648196e-12 4.1326226e-07 5.966803e-07 0.02342783 7.698081e-07 0.53070784 0.0025818786 0.00034432055 0.75117075 5.5619955e-07 0.4888874 9.646555e-09 0.72709346 0.0046895635 0.016761899 0.4029082 1.7824654e-07 0.4077388 1.2167918e-07 0.17797557 0.82590437 0.0009357341 3.549177e-06 0.01384961 0.40282723 0.026120769 0.000240879 0.061448783 0.49475604 4.9469623e-08 4.5620934e-07 0.008772519 0.045878705 0.4704172 1.1368609e-06 0.0019807382 0.06375811 1.0322044e-05 1.6192058e-07 1.5369367e-06 0.21702416 1.5236641e-07 0.018040935 4.801578e-08 1.7582121e-06 0.0001512924 0.005562431 1.3902258e-05 0.015865656 5.1427373e-06 0.00035088905 3.2125668e-06 1.9282975e-07 0.019300176 6.6414407e-07 5.7702664e-07 1.9872591e-07 3.5808378e-07 0.008678908 3.347964e-07 0.020174982 8.437177e-05 0.00054496335 7.8402234e-05 4.4677487e-05 6.645939e-07 4.56812e-08 2.9606065e-07 0.0009776793 5.718121e-05 2.179399e-07 9.980048e-05 2.6759151e-05 5.9526478e-08 2.1238498e-07 0.035262235 1.3295593e-07 0.0007385592 0.55891025 6.212542e-08 1.6588906e-08 4.0314212e-08
0.9669772 0.0038107724 6.150002e-05 0.0059298994 0.0047621075 1.8375953e-05 0.056733053 0.6280072 0.0938337 0.039314255 0.0040900097 0.00018762717 1.860232e-05 0.08420968 0.3634695 0.9357825 0.38119122 6.511096e-07 5.5751416e-06 4.1326226e-07 5.735676e-12 0.80310214 0.123258494 0.42907184 0.00072933995 0.63505685 0.9518097 0.00046685705 0.24272014 1.7893898e-08 0.849742 3.5596193e-05 0.05866606 0.0016575252 3.7767897e-08 0.39500117 8.168621e-07 0.029048579 0.007624118 2.2208647e-05 0.8446647 0.16112806 5.222776e-10 2.7545602e-06 3.4948187e-08 0.5512618 9.804934e-09 2.437005e-06 0.076788 0.024346538 3.2177525e-09 1.4400526e-07 6.705644e-05 0.009645051 0.18538277 3.7221938e-07 0.018641088 0.045649223 0.022566114 0.008441698 0.0020864569 7.880993e-06 0.0011101556 0.0025147835 0.029649235 0.5249161 0.0063121766 1.1194176e-05 0.0019655172 0.0007216459 0.0011480307 0.016795414 0.03929436 0.0008850552 0.0001284002 0.0032443965 0.017539904 8.82796e-06 0.0026892568 0.00036540258 0.0001713668 4.8325e-06 0.00015001543 0.00022336571 0.0025450482 0.0044973376 0.0055852807 3.6572125e-08 1.2917432e-08 1.1653462e-05 9.761271e-05 0.00024868108 6.85835e-05 4.5542296e-05 0.00027169543 0.0018274847 0.0011785182 0.0009950503 0.0019271816 3.6173565e-06 0.00042195464
0.2148551 5.8825012e-06 1.5291229e-05 2.9159928e-06 5.0453027e-06 1.8306258e-08 0.043268226 0.16390796 0.046888903 0.00024181532 0.00013268557 4.0652282e-07 1.5792614e-07 0.0057769953 0.68973345 0.98674 0.9374762 3.0145657e-09 1.9387443e-08 5.966803e-07 0.80310214 1.02247605e-17 0.00037390954 0.09357764 1.0003461e-06 0.011172099 0.09637362 9.117458e-07 0.00021647717 4.0615175e-10 0.840333 2.977133e-07 0.004139751 5.7056986e-06 2.3549768e-08 0.58492374 4.377007e-09 5.928813e-06 2.9517038e-05 1.1613201e-07 0.14265603 0.058006383 2.2586095e-10 2.1480336e-08 2.9261447e-09 0.112965 4.4441295e-09 1.809741e-07 0.068390794 0.033438098 3.8216154e-08 2.7496624e-08 9.463033e-07 0.016271673 0.013455135 1.4021126e-08 0.28005874 0.059970263 0.025690181 9.923634e-07 0.0054763816 2.1941035e-07 6.325415e-08 0.0044755 0.0012985553 0.012605538 0.0039933505 1.3340299e-07 0.008085937 1.1100031e-05 0.0012326455 2.9353325e-05 0.0003677924 0.0010690776 0.0013040045 6.382253e-06 3.9182e-05 2.1431728e-07 5.5184933e-06 3.758549e-07 0.00013858105 7.511297e-07 2.8796398e-05 2.3203234e-05 0.00012482177 8.914899e-06 2.0985026e-06 1.8569188e-09 8.0792023e-10 0.00012261675 1.4462418e-05 1.8098594e-06 8.758291e-06 2.149341e-06 3.6201778e-05 0.00018885778 2.2100094e-05 9.245792e-06 2.0473608e-06 7.657403e-06 2.0902168e-07
0.99018794 0.27495968 0.16921192 0.49524552 0.2595571 0.020266935 0.05089354 0.8237127 0.17229815 0.1640233 0.97868586 0.15924601 0.0046660914 0.1010074 0.047138873 0.05030625 0.0023893905 0.0035220932 0.0002252604 0.02342783 0.123258494 0.00037390954 8.905206e-11 0.06215255 0.39329997 0.87433255 0.3448162 0.053638473 0.105735056 3.234339e-05 0.013608002 0.099014685 0.58384496 0.6310131 2.1018626e-05 0.0037252447 0.00016125926 0.0053137154 0.36221546 0.0011358808 0.092746206 0.0018070786 1.7501512e-07 0.0001310086 5.2409687e-06 0.009643884 8.6116146e-05 0.009069186 0.0007510722 0.0002297688 5.822149e-05 1.3928786e-05 0.005036589 8.998947e-05 0.036810473 2.326945e-05 0.00022676967 0.00032941153 0.00046229674 0.10292678 1.1933834e-05 0.012384675 5.4896576e-05 4.7149333e-05 0.003405958 0.24944973 0.00019055424 0.00024622327 2.5986908e-05 0.007700916 2.5744357e-05 0.0003760084 0.6531513 1.3070592e-05 1.3674974e-06 4.267142e-05 4.1308517e-06 0.00010005025 0.00027512157 0.014888485 0.0002498728 8.594946e-06 0.00024784057 0.000292864 9.830158e-07 3.937914e-06 4.723187e-07 3.3760855e-07 4.1716498e-07 5.704833e-08 0.00016857941 1.9886149e-05 6.1554584e-07 1.3065058e-07 0.003483278 1.0989947e-05 0.0022766688 0.046913136 5.167882e-07 2.3352855e-09 9.174506e-08
0.72010916 0.0007408102 9.615777e-07 2.4397827e-05 0.080711745 1.8861803e-06 0.065344036 0.7519667 0.6775325 0.67120874 0.008145347 1.4745512e-05 1.1500052e-06 0.98535776 0.8811884 0.6892204 0.35379788 4.734227e-07 1.8120613e-06 7.698081e-07 0.42907184 0.09357764 0.06215255 1.3399154e-11 8.194068e-06 0.099481955 0.12421815 7.212878e-06 0.9859408 1.2220879e-09 0.061066817 1.97281e-07 1.3583956e-05 3.5888448e-07 1.9032047e-08 0.028958414 6.638544e-08 0.19317223 0.00028208081 7.287653e-07 0.08103087 1.1996526e-05 5.927297e-10 1.5980507e-07 2.8359615e-08 0.017623814 3.575102e-07 6.0418e-08 0.0002528327 0.00040658994 7.4439357e-09 6.637455e-08 7.530433e-07 7.4485244e-05 0.0010627203 5.8177168e-08 0.25571895 0.00090403575 7.3174006e-06 2.106018e-05 3.2823067e-05 1.6479812e-09 0.014333028 4.2754964e-05 9.9475605e-05 0.026293421 0.00017860568 4.1728237e-07 1.1301151e-05 4.6171216e-08 5.7811917e-06 0.0146544045 0.005111328 1.1323266e-07 4.4959693e-06 0.0009281972 0.00043262972 3.4128928e-07 0.007808664 5.9855654e-07 2.6632707e-08 4.4501354e-07 8.7579814e-08 1.8856325e-07 0.00019663008 3.821193e-06 2.2509987e-05 2.1643596e-09 6.106996e-11 2.930682e-06 3.159643e-08 0.0007399675 2.816315e-07 9.4815e-10 5.79158e-05 2.0225282e-06 2.5153554e-07 8.901302e-05 4.4149184e-07 4.3817543e-08 4.6768335e-08
0.9633136 0.3391279 0.571879 0.2696168 0.070861265 0.43806958 0.0010443368 0.01079219 0.0006214271 0.004908852 0.6550759 0.85496986 0.1382661 0.00012319227 0.00057811284 0.00025711468 0.00014440209 0.12944336 0.020848045 0.53070784 0.00072933995 1.0003461e-06 0.39329997 8.194068e-06 2.4759933e-10 0.021074297 0.0049279328 0.97274417 0.0023675878 0.001092056 0.0003160707 0.62548524 0.076323785 0.61840934 0.0003772889 5.908631e-05 0.007397245 0.0001608975 0.86510426 0.10634546 0.0040657697 0.00010301505 1.7284125e-05 0.013426494 0.00018664433 0.00035301116 0.002037858 0.0996883 3.0198576e-05 1.066582e-05 0.00023342496 0.000764824 0.0748777 4.4879926e-06 0.011216105 0.0015730982 6.383957e-06 9.170176e-06 4.5928323e-06 0.5505367 1.9340509e-07 0.034731396 3.5634864e-06 3.4737652e-06 0.0016439637 0.05447231 0.00012227858 0.0030509443 2.019065e-06 0.0030618387 8.752054e-06 3.476695e-06 0.19744882 2.9214536e-06 2.6209554e-08 7.087788e-07 5.4673006e-07 0.0017926208 9.6805215e-06 0.023776898 3.4298308e-05 5.126409e-05 8.4918596e-05 0.00012776746 4.935191e-08 8.708107e-07 2.736842e-07 1.7484739e-06 2.3351367e-07 1.4618452e-08 0.00016792666 2.8792647e-06 2.544604e-08 1.451695e-08 0.043773122 1.251674e-07 0.0028860169 0.09506358 1.1633814e-06 3.830909e-10 1.1029268e-07
0.9825779 0.116372004 0.031936128 0.27960375 0.041721474 0.0015613292 0.049125724 0.822198 0.11462779 0.06558883 0.27255768 0.020509433 0.00078886363 0.06536989 0.14611936 0.26881984 0.019802619 0.00062570843 9.424806e-06 0.0025818786 0.63505685 0.011172099 0.87433255 0.099481955 0.021074297 2.1801639e-11 0.9778782 0.0039610364 0.08450171 5.327867e-07 0.23490919 0.018751355 0.8634171 0.47418958 6.592749e-07 0.044801723 1.42089e-05 0.0066243336 0.036179606 9.167811e-05 0.513821 0.018133555 6.3191896e-09 1.5267231e-05 1.905672e-07 0.11855093 1.4342373e-05 0.0026235292 0.013864572 0.0038997289 2.0211044e-05 1.1299454e-06 0.0006992311 0.0012467764 0.17296532 3.5357077e-06 0.0014865854 0.0034334506 0.005430659 0.022923382 0.00021965773 0.009139066 0.00010831587 0.0007115224 0.013412902 0.5639718 0.0016397487 9.677765e-05 0.00054853037 0.016124273 0.00046154606 0.0019240937 0.36684853 0.00042505973 1.6943599e-05 0.0003722595 0.00071942195 3.347233e-05 0.00052821275 0.00890876 0.0023955132 1.0584448e-06 0.0019657374 0.002494301 0.00013385637 2.7569244e-05 2.2838435e-06 2.4463995e-07 7.725159e-09 2.3802e-06 0.0028393662 4.1152904e-05 6.5628075e-05 4.844396e-06 0.00077506935 0.0003331836 0.009642812 0.016237035 4.8774386e-06 7.0337336e-08 8.262609e-07
0.9607764 0.044127367 0.006326963 0.11741101 0.019607801 0.00035630443 0.04795348 0.8283919 0.115343474 0.05158261 0.06508014 0.0073289247 6.982669e-05 0.05677191 0.19375065 0.536619 0.06745547 1.6646698e-05 2.2967108e-06 0.00034432055 0.9518097 0.09637362 0.3448162 0.12421815 0.0049279328 0.9778782 6.5545347e-12 0.0007656392 0.08130739 4.4982333e-08 0.5080766 0.006567964 0.5519363 0.07950103 1.9777142e-08 0.08335296 2.683505e-07 0.006155691 0.007668713 7.3119036e-06 0.67023873 0.08873887 3.687193e-10 9.999807e-07 1.9383782e-08 0.33817306 1.0861627e-06 0.00031698777 0.055014256 0.027975397 2.0209436e-06 1.144055e-07 7.079155e-05 0.006518459 0.21018526 2.1294798e-07 0.0011789465 0.005747044 0.01886973 0.0064893938 0.0005492949 0.002317748 5.4460434e-05 0.0035289756 0.031408314 0.57385683 0.007633999 7.702593e-06 0.0012189163 0.0152826235 0.0019249748 0.002082321 0.08815087 0.001279649 7.2480005e-05 0.00024735578 0.0020931873 1.7768502e-06 0.0003782871 0.0011395379 0.006573833 1.61632e-08 0.0041762777 0.0050067394 3.178631e-05 0.00027516906 3.42104e-05 1.1189842e-07 5.276163e-10 1.8465635e-05 0.00614165 1.6235308e-05 0.00024116632 2.5785932e-05 0.00026626562 0.0032074454 0.009679376 0.0038635512 5.718633e-05 1.1153431e-06 2.2394917e-05
0.9670753 0.15972336 0.30230463 0.050587814 0.021607561 0.376134 0.00016502957 0.0038261123 0.00023672129 0.0015117293 0.19986615 0.7174759 0.15855801 2.2559867e-05 0.00020854274 6.714258e-05 0.00011539141 0.23144986 0.040624067 0.75117075 0.00046685705 9.117458e-07 0.053638473 7.212878e-06 0.97274417 0.0039610364 0.0007656392 3.043493e-09 0.00046635797 0.012031386 0.00022737015 0.931174 0.012856188 0.31610963 0.006301476 2.9868052e-05 0.044136122 2.0729085e-05 0.610713 0.34616178 0.0016817476 8.1668535e-05 0.00036356712 0.08009611 0.0017795535 0.00025035607 0.008142512 0.40283895 2.2194863e-05 7.3022657e-06 0.0030791576 0.0036433714 0.29861227 5.757769e-06 0.005187355 0.0054194108 1.1567915e-05 2.0627447e-05 5.0176495e-06 0.65568095 3.5820742e-07 0.11823831 1.0528799e-07 4.089767e-06 0.0018759764 0.033488393 7.080756e-05 0.014227511 3.0473602e-06 0.0029553624 7.6030024e-06 8.057969e-07 0.13455957 6.102936e-06 3.130358e-08 1.2737207e-06 1.923367e-06 0.0058219885 2.454985e-06 0.06645278 0.000114568684 0.00040187986 0.00017087329 0.00018907692 3.229246e-08 1.534599e-06 9.3653784e-07 6.22696e-05 6.543462e-06 4.273032e-08 0.00021473847 6.83932e-06 7.315586e-08 6.235847e-08 0.10101058 1.2553942e-07 0.0035976076 0.3735286 1.4528599e-06 1.7214785e-09 8.80493e-08
0.43376595 0.010501424 1.0079025e-06 2.673793e-05 0.26315284 0.0009686888 0.0014671743 0.76980937 0.5522478 0.3026572 0.029206183 0.0016221635 4.7274232e-05 0.86355335 0.42660385 0.5674062 0.0029649653 1.1054721e-05 4.5662586e-05 5.5619955e-07 0.24272014 0.00021647717 0.105735056 0.9859408 0.0023675878 0.08450171 0.08130739 0.00046635797 6.7673783e-10 5.088179e-07 0.014268179 3.1781324e-06 6.866599e-06 2.7437542e-07 3.7519724e-06 0.015200649 2.5611726e-07 0.99819255 0.0034400416 3.0837563e-07 0.030680872 4.3285442e-07 2.5709577e-08 1.7710279e-07 1.9479099e-07 0.0048588854 8.645025e-08 1.472432e-07 8.285137e-05 6.779472e-06 6.8307178e-09 5.3477913e-07 3.5893342e-07 6.21893e-07 7.902702e-05 2.3651693e-07 0.0062898323 0.0008054589 4.0921293e-07 0.0002956816 1.1974985e-06 2.5231537e-09 0.07129239 5.020394e-07 1.4339561e-06 0.0145027 1.7030535e-06 1.5846443e-05 2.7836352e-08 1.7451901e-08 6.708423e-08 0.0018175392 0.024698451 1.7492516e-09 6.5381255e-07 0.0003935676 0.00014404352 5.7457505e-06 0.0006794823 1.2228966e-06 7.137603e-09 0.00042817174 1.0269409e-08 1.7427952e-08 2.6567068e-05 2.0756709e-06 2.5453699e-05 2.3297835e-06 3.5507345e-08 3.5947141e-06 6.3996595e-08 0.00026292395 3.522881e-08 2.9865269e-10 0.0008370621 4.2073143e-08 1.7650135e-07 0.00063716806 1.0736051e-07 2.1343511e-07 1.6997596e-08
0.88493806 6.4303495e-05 0.0001324475 7.663431e-06 6.110277e-07 0.019489111 2.7126497e-09 1.2383363e-06 2.0515103e-08 6.2622e-08 4.5432844e-05 0.009746905 0.07349738 5.7469642e-09 1.1662585e-08 7.769108e-08 1.9618595e-08 0.7664271 0.94611853 0.4888874 1.7893898e-08 4.0615175e-10 3.234339e-05 1.2220879e-09 0.001092056 5.327867e-07 4.4982333e-08 0.012031386 5.088179e-07 6.607705e-16 2.804872e-09 0.0037966196 1.2303909e-07 3.063921e-06 0.9646726 9.2548336e-10 0.65044636 5.25142e-08 0.0076111397 0.43965814 1.0535604e-06 1.5203068e-07 0.7664136 0.51195186 0.56754225 3.550328e-08 0.90593493 0.0258912 2.4786502e-09 3.9331652e-10 0.77945703 0.42014983 0.14611687 5.8430544e-10 7.98035e-06 0.45055854 1.245576e-05 2.1489914e-09 6.233409e-08 0.017172052 9.794742e-10 4.7382873e-05 6.1614656e-09 2.2632034e-09 1.1865311e-07 0.00011949579 3.813578e-07 0.2985661 1.3946104e-07 3.2296848e-07 1.3492037e-08 1.18976e-08 0.0009983458 7.33713e-09 1.3167601e-09 7.708438e-09 2.2243278e-09 0.2507732 2.528487e-07 0.0018726107 4.030789e-09 0.24730317 1.7229675e-08 8.1209556e-08 4.464111e-09 2.3742214e-08 2.7410538e-08 0.0040903823 0.047880612 1.0151742e-08 7.118804e-08 1.1188129e-08 8.8911465e-09 9.106474e-09 0.33079892 1.8230045e-09 4.9028135e-06 0.37738487 4.9657154e-09 1.5415965e-09 9.2285163e-10
0.96682626 0.0002598655 3.61431e-07 8.662509e-05 8.863699e-05 3.9838216e-07 0.0010667413 0.010327898 0.0025320586 0.0002257458 0.0014044687 5.3326403e-05 2.1659816e-06 0.001469754 0.042273667 0.21755402 0.18321185 6.313783e-08 3.8753112e-07 9.646555e-09 0.849742 0.840333 0.013608002 0.061066817 0.0003160707 0.23490919 0.5080766 0.00022737015 0.014268179 2.804872e-09 1.8329095e-13 3.6129557e-05 0.03632463 0.00012812974 2.0861592e-08 0.973355 7.968619e-07 0.0022704059 0.0037178183 2.1708818e-05 0.60574526 0.61869633 1.06705436e-10 2.75482e-06 1.9275461e-08 0.8043517 2.5104328e-09 6.7477436e-06 0.750947 0.5989424 1.5529193e-10 2.336433e-07 0.00018513942 0.4525593 0.2724986 3.8217244e-08 0.32935205 0.62995076 0.14063747 0.005869985 0.26706338 1.967398e-06 0.00010916635 0.10699318 0.15233621 0.263955 0.06534246 3.5035353e-06 0.11775709 0.000103211234 0.019793268 0.047063533 0.02843968 0.029294914 0.01869059 0.014087056 0.074196264 2.101122e-06 0.008254312 6.6855624e-05 0.00036100007 4.775084e-06 0.00024860448 0.00024208553 0.0048266836 0.044422533 0.044343293 4.6367223e-08 4.465482e-09 0.00080300844 9.167286e-05 0.00023299683 0.0003496971 0.0007805767 0.00015736184 0.01952295 0.00017758609 0.0006638174 0.0044850684 7.17985e-05 0.0031206147
